frameIndex;frameTime;pcm_fftMag_mfcc[0];pcm_fftMag_mfcc[1];pcm_fftMag_mfcc[2];pcm_fftMag_mfcc[3];pcm_fftMag_mfcc[4];pcm_fftMag_mfcc[5];pcm_fftMag_mfcc[6];pcm_fftMag_mfcc[7];pcm_fftMag_mfcc[8];pcm_fftMag_mfcc[9];pcm_fftMag_mfcc[10];pcm_fftMag_mfcc[11];pcm_fftMag_mfcc[12];pcm_fftMag_mfcc[13]
0;0.000000;2.398617e+00;5.466453e+00;3.081049e+00;3.306053e+00;1.282004e+01;2.084810e+00;2.409429e+00;4.415976e+00;1.402071e+01;1.479124e+00;1.406563e+00;-3.141319e+00;-3.835297e-02;-9.789482e+00
1;0.010000;3.756256e+00;3.972812e+00;-3.449528e+00;2.940932e+00;8.812125e+00;-2.113889e+00;-1.465675e+00;4.632011e+00;9.986499e+00;-9.986954e-01;3.910402e+00;-7.868570e+00;3.450675e-01;-1.278038e+00
2;0.020000;4.503279e+00;2.339132e+00;-4.189762e+00;2.917232e+00;6.756549e+00;-9.677868e-01;-2.130118e+00;1.673965e+00;7.918319e+00;-1.160529e+00;3.178946e+00;-8.816649e+00;4.356704e-01;3.135361e+00
3;0.030000;5.240354e+00;4.011636e-01;-4.518873e+00;3.462204e+00;4.318624e+00;1.382945e+00;-3.395095e+00;-1.589987e+00;4.260192e+00;-2.253637e+00;1.749346e+00;-8.333883e+00;6.719975e-01;3.133209e+00
4;0.040000;5.833539e+00;-1.692640e+00;-4.113313e+00;3.815248e+00;2.587138e+00;6.249205e+00;-7.470246e+00;-3.737607e+00;-7.361240e+00;-3.861938e+00;-2.668262e+00;-5.030273e+00;1.391614e+00;7.418060e-01
5;0.050000;6.448126e+00;-2.069131e+00;-2.423045e+00;5.932302e+00;3.283697e+00;1.354254e+01;-8.847476e+00;-1.816339e+00;-1.455341e+01;-4.541953e+00;-5.324206e+00;-2.516315e+00;1.920737e+00;3.954849e-01
6;0.060000;5.307708e+00;-1.630588e+00;-2.960022e+00;7.542025e+00;3.187491e+00;1.455851e+01;-8.691907e+00;-4.736025e+00;-1.505066e+01;-6.550967e+00;-3.002770e+00;-1.362095e+00;1.686112e+00;6.812439e-01
7;0.070000;4.588431e+00;-7.432685e-01;-3.048135e+00;8.861574e+00;3.362111e+00;1.234486e+01;-9.070414e+00;-6.815561e+00;-1.519975e+01;-6.303156e+00;4.181032e-01;-7.901651e-01;2.171571e+00;4.356079e-01
8;0.080000;3.869176e+00;-2.369728e-01;-2.266984e+00;9.431853e+00;4.370111e+00;9.506300e+00;-8.731749e+00;-9.515480e+00;-1.575024e+01;-3.525313e+00;5.867954e+00;8.839102e-01;2.419182e+00;1.820755e-01
9;0.090000;3.793866e+00;-1.360967e+00;-6.314598e+00;5.336154e+00;2.223922e+00;8.481637e+00;-3.676167e+00;-5.592943e+00;-1.072276e+01;-8.569645e-01;4.294417e+00;-3.665878e+00;5.818191e-01;1.381447e+00
10;0.100000;4.651680e+00;-4.119842e+00;-1.267101e+01;-5.264902e-01;6.136494e-01;5.206719e+00;-9.880147e-01;2.450846e+00;-5.097174e+00;1.847004e+00;1.323722e+00;-9.688055e+00;1.797204e+00;3.018517e+00
11;0.110000;5.038795e+00;-6.235008e+00;-1.364594e+01;-4.346398e+00;4.439577e+00;4.753829e+00;-1.289844e+00;1.021753e+01;8.932877e-02;2.612113e+00;1.687820e+00;-1.023652e+01;2.954573e+00;4.001579e+00
12;0.120000;3.588171e+00;-1.003007e+01;-1.357259e+01;-6.625901e+00;7.486764e+00;3.161142e+00;-1.604488e+00;9.616817e+00;2.495028e+00;-2.962050e+00;-2.962257e+00;-8.345787e+00;4.128669e+00;3.948753e+00
13;0.130000;2.235199e+00;-1.193951e+01;-1.181859e+01;-2.213989e+00;1.125674e+01;5.640375e+00;7.448258e-01;7.427432e+00;4.622644e+00;-8.691945e+00;-7.683619e+00;-6.171632e+00;7.991929e+00;4.317932e+00
14;0.140000;1.823456e+00;-1.311261e+01;-1.116780e+01;-8.599920e-01;8.249559e+00;4.377478e+00;2.463992e+00;6.996899e+00;5.591989e+00;-6.351369e+00;-1.045441e+01;-6.512920e+00;8.328384e+00;6.095955e+00
15;0.150000;2.485293e+00;-1.278162e+01;-1.099877e+01;-1.606183e+00;5.201409e+00;9.958410e-01;9.337807e-01;7.044783e+00;4.233683e+00;-5.316161e-01;-1.265703e+01;-4.587569e+00;8.463583e+00;6.288338e+00
16;0.160000;4.792878e+00;-9.745089e+00;-8.093555e+00;2.949362e-01;4.973479e+00;-2.074283e+00;-1.493927e+00;7.774210e+00;1.219015e+00;3.745344e+00;-1.530664e+01;-4.501922e+00;6.645019e+00;4.842613e+00
17;0.170000;6.290594e+00;-7.844830e+00;-7.187119e+00;9.886608e-01;4.916493e+00;-6.481723e+00;-3.572756e+00;9.281216e+00;4.306583e-01;1.337928e+00;-1.826134e+01;-8.283588e+00;5.186759e+00;2.453438e+00
18;0.180000;7.989884e+00;-6.787472e+00;-7.120235e+00;1.340505e+00;9.835047e+00;-4.194150e+00;-2.816238e+00;1.143430e+01;2.914150e+00;5.542822e-01;-1.250246e+01;-9.758125e+00;5.355034e+00;-2.696152e-01
19;0.190000;8.439303e+00;-7.075675e+00;-7.752871e+00;1.084051e+00;1.318292e+01;4.659832e+00;-5.003223e-01;1.168376e+01;3.441039e+00;5.271335e-01;-6.584825e+00;-1.084289e+01;4.373488e+00;-2.923798e+00
20;0.200000;7.929622e+00;-7.174149e+00;-7.256639e+00;1.480122e+00;1.130150e+01;9.300730e+00;9.828138e-01;1.269571e+01;2.300734e+00;-8.995461e-01;-6.112185e+00;-1.146426e+01;3.315915e+00;-4.467087e+00
21;0.210000;7.350371e+00;-7.596592e+00;-7.604024e+00;1.346054e+00;1.154119e+01;8.531910e+00;1.286992e+00;1.551933e+01;5.600519e+00;-1.359587e-01;-5.147561e+00;-7.600824e+00;4.326760e+00;-5.598007e+00
22;0.220000;6.943083e+00;-7.801719e+00;-6.964993e+00;2.612529e+00;1.745388e+01;4.751114e+00;8.584566e-01;1.412111e+01;7.341942e+00;3.277648e+00;-8.243403e+00;-6.395288e+00;4.463496e+00;-5.592781e+00
23;0.230000;5.953469e+00;-7.460171e+00;-6.868943e+00;2.347164e+00;2.392770e+01;2.836901e+00;3.074433e+00;9.131469e+00;4.275648e+00;3.885201e+00;-1.037565e+01;-5.131067e+00;9.951196e-01;-4.946800e+00
24;0.240000;4.292625e+00;-7.604232e+00;-8.597802e+00;1.308721e+00;2.505814e+01;2.862309e+00;6.676849e+00;7.114760e+00;5.432641e+00;4.017455e+00;-7.798388e+00;-3.881402e+00;-4.136045e+00;-4.384193e+00
25;0.250000;2.603817e+00;-6.476315e+00;-7.755375e+00;2.164188e+00;2.368153e+01;1.056504e+00;9.083563e+00;5.933206e+00;9.649147e+00;7.215023e+00;-6.587600e+00;-3.085027e+00;-4.107072e+00;-3.689980e+00
26;0.260000;4.463746e+00;-4.215068e+00;-6.838580e+00;-1.155987e+00;1.949153e+01;-4.932899e-01;4.611443e+00;-3.575640e-01;5.719920e+00;6.674984e+00;-1.110475e+01;-2.509042e+00;1.753106e+00;-1.968094e+00
27;0.270000;7.146480e+00;-6.444994e+00;-8.503639e+00;-3.695684e+00;1.151978e+01;1.777675e+00;2.351947e-01;-5.796194e-01;1.101723e-01;6.140821e+00;-1.416453e+01;-3.529323e-01;1.425577e+00;1.924934e+00
28;0.280000;6.861298e+00;-9.079670e+00;-9.217999e+00;-1.441672e+00;8.313828e+00;5.060299e+00;-6.260767e-01;3.128615e+00;-2.169778e+00;4.456228e+00;-1.338655e+01;1.145842e-01;3.443972e+00;4.971260e+00
29;0.290000;3.438974e+00;-1.114301e+01;-1.172840e+01;2.548962e-01;8.416192e+00;4.821029e+00;1.853596e+00;1.764972e+00;-1.535704e+00;-1.676952e-01;-1.168532e+01;-1.475221e+00;6.500811e+00;6.681328e+00
30;0.300000;5.051374e-01;-1.149813e+01;-1.331535e+01;2.901820e+00;1.189160e+01;7.049814e+00;6.311236e+00;3.578659e+00;2.342157e-01;-2.161239e+00;-1.146173e+01;-5.139636e-01;9.642061e+00;7.602974e+00
31;0.310000;-9.650736e-01;-1.159837e+01;-1.355461e+01;4.167325e+00;1.334561e+01;8.435974e+00;8.279448e+00;5.124650e+00;2.121353e-02;-2.330317e+00;-1.441155e+01;2.084196e+00;1.049320e+01;7.461243e+00
32;0.320000;-1.232462e+00;-1.151997e+01;-1.307885e+01;3.686691e+00;1.176856e+01;7.254813e+00;8.203635e+00;4.684405e+00;-4.514074e-01;-1.378713e+00;-1.502205e+01;4.497980e+00;8.904331e+00;6.775032e+00
33;0.330000;-1.247428e+00;-9.890129e+00;-1.090328e+01;3.540411e+00;1.237713e+01;5.389151e+00;9.392891e+00;4.193848e+00;-7.569532e-01;-3.059542e+00;-8.881572e+00;6.047074e+00;9.324294e+00;6.953087e+00
34;0.340000;-2.458192e+00;-1.050422e+01;-1.004556e+01;3.264796e+00;8.381711e+00;2.413177e+00;1.122023e+01;5.052338e+00;-1.413644e+00;-5.767073e+00;-4.959615e+00;6.630424e+00;5.871963e+00;6.820274e+00
35;0.350000;-2.438473e+00;-1.129136e+01;-9.663014e+00;2.420158e+00;2.601705e+00;1.415133e+00;1.391137e+01;6.357937e+00;-1.971681e+00;-7.238815e+00;-4.735007e+00;4.620014e+00;-4.661117e-01;6.246086e+00
36;0.360000;-1.884329e+00;-1.090098e+01;-8.307313e+00;-1.379862e-01;-2.566566e+00;2.358690e+00;1.517041e+01;8.192106e+00;-1.983802e+00;-5.581563e+00;-4.889989e+00;3.769281e-01;-4.795476e+00;6.359978e+00
37;0.370000;-1.024796e+00;-1.063733e+01;-7.731676e+00;-3.534609e+00;-6.718475e+00;5.221252e-01;1.308086e+01;7.480606e+00;-8.901014e-01;-3.435877e+00;-4.608470e+00;-6.144682e-01;-4.662662e+00;6.450859e+00
38;0.380000;1.499698e+00;-1.087037e+01;-5.051918e+00;-1.871226e+00;-4.834618e+00;-1.424579e+00;1.116784e+01;9.790273e+00;1.968145e+00;-2.713745e+00;-5.888707e+00;1.317178e+00;-3.702430e+00;4.767632e+00
39;0.390000;4.106576e+00;-1.104682e+01;-1.341669e+00;5.337048e-01;-4.235001e-01;-5.221680e+00;9.227345e+00;9.765383e+00;3.420120e+00;9.154109e-01;-1.015290e+01;3.481224e+00;-2.427811e+00;1.372200e+00
40;0.400000;3.142303e+00;-1.095616e+01;1.729488e+00;-1.357546e+00;-6.030037e+00;-1.178162e+01;9.318329e+00;4.675949e+00;6.365891e-01;6.820947e+00;-1.082244e+01;6.167684e+00;-5.296865e+00;1.300743e+00
41;0.410000;2.675810e+00;-1.088997e+01;4.624705e+00;-2.796593e+00;-8.631220e+00;-8.991085e+00;1.349656e+01;3.619545e+00;-1.722478e+00;1.214577e+01;-8.229938e+00;1.122664e+01;-7.043992e+00;2.835732e+00
42;0.420000;1.268585e+00;-1.140916e+01;5.331910e+00;-5.781658e+00;-1.126779e+01;-8.029908e+00;1.504517e+01;1.196222e-01;-1.302514e+00;1.109896e+01;-8.392133e+00;1.171910e+01;-8.056547e+00;3.615898e+00
43;0.430000;-6.374035e-01;-1.016812e+01;5.239808e+00;-6.675580e+00;-1.207360e+01;-5.695277e+00;1.581939e+01;-3.791998e+00;-1.008606e-02;9.243724e+00;-6.947453e+00;7.262225e+00;-7.729547e+00;4.085609e+00
44;0.440000;-2.226409e+00;-6.985724e+00;4.274429e+00;-2.822834e+00;-9.892338e+00;-7.888131e-01;1.782272e+01;-4.159183e+00;3.999248e+00;1.074063e+01;-3.754724e+00;4.038478e+00;-5.491952e+00;5.044922e+00
45;0.450000;-3.891477e+00;-5.944515e+00;3.383200e-01;-3.292068e+00;-1.232567e+01;-2.043446e+00;1.515476e+01;-5.543552e+00;4.411047e+00;8.804461e+00;-4.529534e+00;-9.321129e-01;-5.925723e+00;5.227249e+00
46;0.460000;-4.038542e+00;-3.987609e+00;-1.268260e+00;-2.742829e+00;-1.085438e+01;8.160830e-02;1.370858e+01;-4.287591e+00;6.768966e+00;9.129410e+00;-3.424785e+00;-4.158358e+00;-4.802784e+00;5.353333e+00
47;0.470000;-3.167411e+00;-2.123456e+00;-2.295920e+00;-3.273722e+00;-9.266630e+00;2.615920e+00;1.494876e+01;-2.701870e+00;5.511496e+00;9.633376e+00;-7.936907e-01;-5.414831e+00;-5.941859e+00;6.027534e+00
48;0.480000;-2.242310e+00;-2.621971e+00;-3.689975e+00;-3.820784e+00;-9.144228e+00;1.854572e+00;1.630897e+01;-8.036804e-01;1.674247e+00;8.238590e+00;1.118512e+00;-6.500490e+00;-1.028447e+01;6.180664e+00
49;0.490000;-1.000049e+00;-3.440024e+00;-4.517232e+00;-2.391582e+00;-7.571592e+00;-7.625585e-01;1.666005e+01;4.029680e+00;2.698441e-01;6.897359e+00;2.674404e+00;-4.530416e+00;-1.245448e+01;6.075874e+00
50;0.500000;1.345784e+00;-4.848969e+00;-5.635099e+00;-3.077660e-01;-5.792562e+00;-4.365831e+00;1.359249e+01;5.778697e+00;9.181023e-03;6.560584e+00;8.633785e-01;-3.082543e+00;-1.168155e+01;5.484131e+00
51;0.510000;4.080843e+00;-5.677406e+00;-6.286466e+00;1.882796e+00;-5.975489e+00;-9.011255e+00;5.515927e+00;4.589233e+00;9.366074e-01;7.846919e+00;-3.513700e+00;-1.727780e+00;-8.194431e+00;4.484825e+00
52;0.520000;6.195460e+00;-5.283732e+00;-4.684093e+00;2.492797e+00;-5.429438e+00;-7.349390e+00;-3.427594e+00;7.366524e-01;2.246660e+00;9.612515e+00;-6.405692e+00;2.775531e+00;-3.856709e+00;3.511871e+00
53;0.530000;6.583767e+00;-3.637838e+00;-2.722229e+00;3.653950e+00;-5.675539e+00;-2.091223e+00;-8.874374e+00;-3.575089e+00;2.338467e+00;6.807568e+00;-3.589700e+00;2.133148e+00;-4.004745e-01;2.533066e+00
54;0.540000;6.670743e+00;-2.033579e+00;-2.971214e-01;4.902083e+00;-5.251974e+00;-2.706656e-01;-9.269483e+00;-4.005241e+00;1.669433e+00;2.694691e+00;-3.811334e+00;4.839921e-01;5.919838e-01;1.421371e+00
55;0.550000;6.325869e+00;-1.964839e+00;-7.686620e-01;4.643386e+00;-3.589813e+00;-3.014132e+00;-6.964126e+00;-3.849868e+00;1.891933e+00;-3.811877e-01;-2.839431e+00;-1.799796e+00;5.805387e-01;3.864746e-01
56;0.560000;5.201246e+00;-8.021812e-01;-3.230980e+00;5.139495e+00;-2.494377e+00;-3.040859e+00;-2.766550e+00;-3.429590e+00;-2.208748e-01;-8.089705e-02;-8.992453e-01;-5.944166e+00;-1.701591e+00;-5.750504e-01
57;0.570000;5.358258e+00;-5.573468e-01;-4.222075e+00;5.112219e+00;-2.555927e+00;-2.064996e+00;1.723774e+00;-4.083952e+00;-9.996643e-01;3.994683e+00;2.629028e+00;-3.525964e+00;-2.616447e+00;-1.920998e+00
58;0.580000;3.596817e+00;-3.193002e-01;-6.345927e-01;2.988905e+00;-9.006252e-01;-2.132889e+00;9.113646e-02;-1.242859e+00;-2.557729e+00;1.906266e+00;5.933878e+00;2.186477e+00;-4.743290e-02;-2.040421e+00
59;0.590000;6.981640e-01;7.945304e-01;1.036590e+00;3.107937e+00;1.182556e-03;-3.725255e+00;-2.195516e+00;2.043226e+00;-2.863778e+00;1.516467e+00;6.859575e+00;-5.907060e-01;-6.013532e-01;-6.838150e-01
60;0.600000;1.086590e+00;1.167034e+00;1.609203e+00;3.215328e+00;4.962921e-02;-4.501199e+00;-2.262807e+00;4.804063e+00;-5.297356e-01;3.415911e+00;6.433041e+00;-4.668459e+00;-2.968331e+00;-3.247910e-01
61;0.610000;3.758601e+00;-9.626493e-01;1.542426e+00;-2.552280e-01;-6.950830e+00;-3.867396e+00;3.233308e+00;8.471605e+00;8.666639e-01;3.882900e+00;4.841886e+00;5.436132e-01;-3.387624e+00;6.747437e-02
62;0.620000;3.896812e+00;-3.471318e+00;4.287170e+00;-2.865623e+00;-1.270536e+01;-3.330736e+00;6.298513e+00;6.693036e+00;-5.606962e+00;4.756912e+00;6.364737e-01;6.943152e+00;-6.294161e+00;2.393044e+00
63;0.630000;2.546798e+00;-3.667711e+00;5.501186e+00;-2.491479e+00;-1.413105e+01;-2.522608e+00;6.176925e+00;2.641484e+00;-8.663078e+00;5.087468e+00;-2.721097e+00;5.246911e+00;-8.642733e+00;3.499374e+00
64;0.640000;1.520266e+00;-2.462594e+00;7.124091e+00;-3.239126e-01;-1.287035e+01;-7.632113e-01;5.649345e+00;-3.321441e+00;-6.795820e+00;7.087923e+00;-6.181169e+00;5.261743e-01;-9.625328e+00;2.892471e+00
65;0.650000;1.280888e+00;-1.716354e+00;8.056696e+00;7.799435e-01;-1.281417e+01;1.568842e-01;5.311445e+00;-6.107769e+00;-4.825964e+00;8.621777e+00;-7.794850e+00;-1.970616e+00;-9.278133e+00;2.021538e+00
66;0.660000;1.590047e+00;-3.322315e-01;9.220738e+00;2.190652e+00;-1.233996e+01;1.183523e+00;6.431674e+00;-5.450157e+00;-2.086940e+00;1.006736e+01;-7.448121e+00;-4.029063e+00;-9.667763e+00;1.252815e+00
67;0.670000;2.579857e+00;3.375001e-01;7.798645e+00;-4.675303e-01;-1.265720e+01;2.907413e+00;7.761059e+00;-7.850384e+00;-3.262224e+00;6.638072e+00;-7.279998e+00;-4.041329e+00;-8.758301e+00;7.818985e-01
68;0.680000;3.653521e+00;5.274129e-01;5.686949e+00;-1.430758e+00;-1.514570e+01;2.947103e+00;6.201020e+00;-8.316063e+00;-4.379471e+00;1.026059e+00;-8.542872e+00;-3.938617e+00;-6.704867e+00;-5.218124e-01
69;0.690000;5.007131e+00;2.153507e+00;5.553531e+00;1.566837e+00;-1.429621e+01;2.526199e+00;6.514549e+00;-3.157051e+00;-2.486080e+00;-3.980040e-01;-7.019788e+00;-4.614007e+00;-3.890937e+00;-2.353363e+00
70;0.700000;6.010598e+00;3.454428e+00;5.510308e+00;4.607358e+00;-9.788347e+00;1.026227e+00;4.506025e+00;-6.836033e-01;-3.819494e+00;4.337478e-01;-5.228587e+00;-7.547935e+00;-2.422292e+00;-4.735405e+00
71;0.710000;5.627044e+00;1.378458e+00;5.801969e+00;4.787280e+00;-5.425716e+00;-1.939049e+00;1.365627e+00;-9.917746e-01;-5.788738e+00;2.542160e+00;-4.112493e+00;-7.942043e+00;-6.151803e+00;-7.472786e+00
72;0.720000;5.283608e+00;2.440596e-01;7.530961e+00;6.832067e+00;-2.720045e+00;-3.342275e+00;4.982972e-01;-1.089189e+00;-6.459398e+00;5.271469e+00;-2.170477e+00;-4.598599e+00;-4.029060e+00;-9.507561e+00
73;0.730000;5.216601e+00;-5.582476e-02;9.001704e+00;9.922716e+00;-1.588682e+00;-2.419605e+00;-2.134116e+00;-3.510644e+00;-6.373920e+00;5.867541e+00;-2.116782e+00;-5.061764e+00;-2.206478e+00;-1.029627e+01
74;0.740000;4.746052e+00;1.908736e-01;9.135547e+00;1.000032e+01;-2.652721e-01;1.274962e-01;9.361553e-02;-1.395557e+00;-4.504801e+00;8.281044e+00;-1.521034e+00;-4.661701e+00;-1.076220e+00;-1.077441e+01
75;0.750000;4.142193e+00;1.917787e+00;8.504836e+00;7.409607e+00;-1.929867e+00;-2.399426e-01;2.496277e+00;1.143765e+00;-2.979708e-01;6.456991e+00;1.170106e+00;-7.296232e+00;-2.217341e+00;-1.087464e+01
76;0.760000;-1.966686e-01;2.047327e+00;6.962030e+00;5.898433e+00;-1.740496e+00;1.392022e+00;1.025853e+00;-7.187662e-01;3.513712e+00;2.448884e+00;5.230586e+00;-7.232841e+00;-9.815098e+00;-8.355499e+00
77;0.770000;-2.461042e+00;-1.746917e-01;4.110538e+00;4.775953e+00;-2.267206e+00;1.076787e+00;1.069334e+00;2.240753e-01;2.979989e+00;3.763613e+00;8.719585e+00;-4.377460e+00;-1.304274e+01;-5.619873e+00
78;0.780000;-1.010625e+00;6.260629e-01;4.365454e+00;4.155870e+00;-3.527313e+00;-5.800943e-01;-2.046638e-01;-2.378540e-01;-8.570795e-01;2.329431e+00;7.124713e+00;-3.800078e+00;-1.151488e+01;-4.560020e+00
79;0.790000;3.590743e+00;1.177991e+00;3.436224e+00;-3.197231e-01;-1.447190e+01;-7.545177e+00;-8.231683e-01;-2.325830e+00;-3.368410e+00;2.034398e+00;3.840977e+00;-3.390538e+00;-6.846401e+00;-4.051567e+00
80;0.800000;7.746132e+00;5.696774e-02;5.670012e+00;3.407488e-01;-1.875078e+01;-8.649253e+00;3.230807e+00;-8.300657e-01;-4.300220e+00;4.655354e+00;2.102154e+00;-2.496272e+00;-5.837659e+00;-2.813599e+00
81;0.810000;7.736242e+00;6.791925e-01;8.976460e+00;-5.496407e-02;-1.367216e+01;-9.086102e+00;4.751026e+00;4.688549e-01;-3.605845e+00;5.735332e+00;3.813595e+00;-1.796334e+00;-6.706508e+00;-2.320595e+00
82;0.820000;5.110612e+00;2.125028e+00;1.101618e+01;-1.646012e+00;-5.150473e+00;-1.070217e+01;4.872715e+00;-1.412835e+00;1.760002e+00;2.824269e+00;6.737686e+00;-3.807530e+00;-7.228351e+00;-3.404610e+00
83;0.830000;3.807658e+00;-9.817109e-01;1.121220e+01;-3.832705e+00;-4.007801e+00;-9.907539e+00;8.822207e+00;-4.053280e+00;4.302656e+00;1.657399e+00;4.829669e+00;-6.107769e+00;-7.764137e+00;-2.508186e+00
84;0.840000;5.345756e+00;-4.583277e+00;1.144043e+01;-4.475669e+00;-7.015663e+00;-7.123857e+00;1.230731e+01;-3.302417e+00;2.013312e+00;5.252558e+00;3.088112e+00;-4.370262e+00;-7.256050e+00;-1.018120e+00
85;0.850000;6.057331e+00;-6.174503e+00;1.083514e+01;-5.736528e+00;-1.000445e+01;-2.731539e+00;1.139385e+01;-8.798628e-01;-3.040257e+00;7.487869e+00;-1.832267e+00;-3.276110e+00;-9.840143e+00;-1.340080e+00
86;0.860000;6.476943e+00;-5.246586e+00;1.104700e+01;-5.440472e+00;-9.963921e+00;2.434865e+00;1.063859e+01;-1.079415e+00;-4.029697e+00;8.090033e+00;-5.715074e+00;-3.126235e+00;-8.768410e+00;-1.594940e+00
87;0.870000;6.662066e+00;-4.982589e+00;1.144449e+01;-5.126446e+00;-8.265356e+00;5.074473e+00;9.897230e+00;-2.341922e+00;-2.175237e+00;7.644809e+00;-8.739078e+00;-3.796534e+00;-6.866834e+00;-1.826370e+00
88;0.880000;6.118457e+00;-5.750605e+00;1.240784e+01;-5.632414e+00;-8.396185e+00;5.470499e+00;9.656745e+00;-8.280315e-01;-1.879665e+00;8.858729e+00;-9.506898e+00;-3.096982e+00;-5.876407e+00;-1.720505e+00
89;0.890000;6.273674e+00;-5.267466e+00;1.458921e+01;-4.259512e+00;-9.225237e+00;6.963808e+00;1.086994e+01;2.207726e+00;4.308510e-01;1.133686e+01;-7.654241e+00;-1.731113e+00;-3.203316e+00;-1.464607e+00
90;0.900000;5.769084e+00;-5.122215e+00;1.558055e+01;-4.662940e+00;-1.272495e+01;5.030711e+00;7.980260e+00;3.113089e-01;5.945492e-01;1.019340e+01;-7.731599e+00;-9.544791e-01;-3.040600e+00;-1.958328e+00
91;0.910000;5.335371e+00;-4.851815e+00;1.615338e+01;-6.041985e+00;-1.546801e+01;2.747087e+00;6.282946e+00;-1.802653e+00;2.524239e+00;9.081775e+00;-7.039363e+00;7.060499e-01;-6.391606e+00;-2.135300e+00
92;0.920000;5.515320e+00;-4.206534e+00;1.586996e+01;-7.803777e+00;-1.760323e+01;1.780543e-01;4.613903e+00;-3.569983e+00;4.462895e+00;8.517272e+00;-5.845994e+00;-3.169572e-01;-7.900727e+00;-2.157150e+00
93;0.930000;6.203311e+00;-2.843941e+00;1.583876e+01;-7.514804e+00;-1.702988e+01;-1.169845e+00;1.838316e+00;-5.867346e+00;5.152986e+00;7.476360e+00;-1.776424e+00;4.327760e-01;-8.550669e+00;-2.479950e+00
94;0.940000;6.467037e+00;-3.447781e-01;1.622550e+01;-6.885348e+00;-1.420487e+01;-4.808207e-01;5.559793e-01;-5.088750e+00;5.525859e+00;7.929224e+00;2.291121e+00;1.791923e+00;-6.730752e+00;-2.689919e+00
95;0.950000;6.064478e+00;9.553270e-01;1.512453e+01;-8.328174e+00;-1.260903e+01;-1.555251e+00;-4.160082e+00;-5.344269e+00;3.767284e+00;4.817866e+00;1.478681e+00;1.297173e+00;-7.170394e+00;-3.788002e+00
96;0.960000;5.391830e+00;7.031217e-01;1.416549e+01;-7.879600e+00;-1.154407e+01;-1.535248e+00;-7.212296e+00;-7.279568e+00;3.245705e+00;2.478589e+00;-1.201163e+00;-1.691848e+00;-7.494140e+00;-4.183891e+00
97;0.970000;4.989822e+00;1.580031e+00;1.454831e+01;-5.359569e+00;-1.089478e+01;3.010337e+00;-6.507363e+00;-8.870272e+00;2.230371e+00;2.841777e+00;-2.510569e+00;-1.253367e+00;-7.189541e+00;-4.378502e+00
98;0.980000;4.511446e+00;2.113323e+00;1.542050e+01;-3.963388e+00;-1.148518e+01;5.148832e+00;-7.233986e+00;-7.853394e+00;1.529655e-01;2.214597e+00;-4.898305e+00;-4.022837e-03;-7.253137e+00;-4.787025e+00
99;0.990000;4.825314e+00;2.524154e+00;1.539906e+01;-2.649179e+00;-1.180659e+01;5.547292e+00;-6.939177e+00;-4.710407e+00;6.814022e-01;3.876246e+00;-9.736012e+00;-2.499181e+00;-6.690274e+00;-5.473328e+00
100;1.000000;5.175364e+00;3.004274e+00;1.295136e+01;-3.301563e-01;-1.118769e+01;6.735323e+00;-8.076506e+00;-3.066204e+00;8.967953e-01;3.303244e+00;-1.072067e+01;-5.157367e+00;-6.432460e+00;-5.988251e+00
101;1.010000;4.248035e+00;3.860296e+00;9.031809e+00;1.389492e+00;-1.124717e+01;4.526474e+00;-7.399657e+00;-5.012185e+00;3.048162e-01;-1.487204e+00;-6.120448e+00;-4.661308e+00;-4.661891e+00;-6.268532e+00
102;1.020000;3.183370e+00;6.102409e+00;7.261799e+00;4.889838e+00;-1.021415e+01;1.918420e+00;-5.380726e+00;-4.800592e+00;3.006942e+00;-4.391339e+00;-1.206824e+00;-3.237550e+00;-2.457255e+00;-6.035759e+00
103;1.030000;1.078125e+00;7.462885e+00;5.488762e+00;8.408114e+00;-1.082762e+01;7.640357e-01;-1.748687e+00;-3.490415e+00;1.927165e+00;-4.556889e+00;-1.204648e+00;-4.620859e+00;-1.613139e+00;-5.951996e+00
104;1.040000;1.412983e-01;8.903690e+00;2.278695e+00;1.055777e+01;-9.270094e+00;1.244192e-01;1.143047e+00;-5.087452e-01;5.639944e-01;-1.095408e+00;-3.778667e-01;-6.882529e+00;-3.112768e+00;-6.503586e+00
105;1.050000;-7.564754e-01;1.033410e+01;-8.368192e-01;1.096633e+01;-8.027134e+00;1.416387e+00;-4.044890e-01;-3.024177e+00;-5.612669e-01;1.579145e+00;3.932123e-01;-7.735113e+00;-7.017772e+00;-6.574753e+00
106;1.060000;-1.540812e+00;1.210551e+01;-7.614715e-01;1.221795e+01;-6.465849e+00;5.502300e-01;-2.721178e+00;-4.948558e+00;-6.962919e-01;2.490598e+00;3.413265e+00;-6.920356e+00;-7.147189e+00;-6.650909e+00
107;1.070000;-2.035275e+00;1.274837e+01;1.628700e+00;1.438071e+01;-3.649309e+00;-1.919795e+00;-3.666797e+00;-2.010095e+00;-5.261889e-01;-1.839266e-01;4.287984e+00;-6.230319e+00;-5.471076e+00;-7.690102e+00
108;1.080000;-1.494596e+00;1.162665e+01;3.214690e+00;1.529637e+01;-2.716160e-01;1.576334e+00;-2.632442e+00;-1.718843e+00;-1.490118e+00;-2.175555e+00;3.358789e+00;-6.788014e+00;-5.420515e+00;-8.514648e+00
109;1.090000;-1.989594e-01;1.047623e+01;3.397082e+00;1.373629e+01;1.524754e-01;2.930170e+00;-4.634574e+00;-4.394594e+00;1.101870e+00;-2.130543e+00;4.061790e+00;-5.737167e+00;-6.702297e+00;-8.358818e+00
110;1.100000;-1.771145e-01;1.018534e+01;1.460171e+00;1.357811e+01;-7.273521e-01;2.887268e+00;-7.051353e+00;-5.103090e+00;1.641848e+00;-2.782130e+00;2.720837e+00;-7.148049e+00;-6.560839e+00;-8.172340e+00
111;1.110000;-6.384754e-01;1.232980e+01;-2.127528e-02;1.364569e+01;-1.249844e+00;5.130463e+00;-5.905995e+00;-1.961177e+00;9.755068e-01;-3.529499e+00;8.877544e-01;-8.945881e+00;-5.848151e+00;-8.262199e+00
112;1.120000;-5.710096e-01;1.331933e+01;-8.602455e-01;1.321393e+01;-1.221876e+00;5.063085e+00;-3.769837e+00;5.469332e-01;9.382248e-01;-2.311384e+00;1.404222e+00;-8.110938e+00;-8.013960e+00;-8.695847e+00
113;1.130000;-5.820389e-01;1.191576e+01;-5.958207e-01;1.508192e+01;7.749367e-01;4.021880e+00;-2.032990e+00;3.425747e+00;4.263695e+00;-5.268037e+00;-1.163416e+00;-8.142900e+00;-1.046840e+01;-9.483673e+00
114;1.140000;-9.019375e-02;1.104510e+01;1.466502e-01;1.619682e+01;3.214148e+00;3.674003e+00;-3.031946e+00;3.662955e+00;5.667177e+00;-6.876020e+00;-3.636380e+00;-8.614015e+00;-9.174938e+00;-1.006889e+01
115;1.150000;-2.699699e-01;1.147667e+01;1.240019e-01;1.465146e+01;4.508999e+00;6.139771e+00;-3.711426e+00;3.322765e+00;1.599349e+00;-5.340097e+00;-2.800665e+00;-6.108961e+00;-7.546984e+00;-9.831337e+00
116;1.160000;-1.072547e+00;1.283757e+01;-1.991266e+00;1.499993e+01;2.614938e+00;7.350968e+00;2.093291e-01;4.822353e+00;-1.861195e+00;-6.958086e+00;-1.424241e+00;-3.892442e+00;-5.204360e+00;-8.051758e+00
117;1.170000;-2.515641e+00;1.277264e+01;-4.413498e+00;1.317540e+01;1.051998e+00;9.023083e+00;7.628262e+00;1.809568e-01;-5.045618e+00;-7.583285e+00;-3.334138e+00;-3.901727e+00;-1.292413e+00;-6.223297e+00
118;1.180000;-3.375045e+00;1.247210e+01;-5.176424e+00;1.099804e+01;2.555320e+00;7.997999e+00;1.059582e+01;-5.131621e+00;-3.972233e+00;-8.886590e+00;-4.007033e+00;-4.448706e+00;-2.858333e+00;-5.090134e+00
119;1.190000;-2.832709e+00;1.097055e+01;-3.585643e+00;9.649128e+00;5.331390e+00;5.012645e+00;9.818936e+00;-5.701675e+00;2.761544e+00;-1.031657e+01;-4.309487e+00;-5.331079e+00;-6.141677e+00;-4.233681e+00
120;1.200000;-1.658574e+00;7.597047e+00;-9.074881e-01;7.302670e+00;5.948582e+00;3.558888e+00;9.327003e+00;-6.720276e+00;3.463285e+00;-1.159293e+01;-4.046893e+00;-3.209166e+00;-7.525090e+00;-3.399094e+00
121;1.210000;-3.395042e-01;3.466413e+00;1.121680e+00;5.573911e+00;3.897135e+00;2.204266e+00;8.652432e+00;-3.990800e+00;-1.469959e+00;-1.374045e+01;-2.561909e+00;-3.054288e+00;-8.336229e+00;-2.759995e+00
122;1.220000;1.939075e+00;1.493775e+00;1.587969e+00;5.964092e+00;2.719047e+00;3.991313e+00;9.441745e+00;8.178253e-01;-2.402540e+00;-1.357656e+01;-5.298214e-01;-4.223032e+00;-7.112132e+00;-2.140434e+00
123;1.230000;3.345913e+00;4.413571e-01;1.817284e+00;4.008668e+00;3.561634e+00;4.775725e+00;7.276339e+00;1.070907e+00;-2.776448e+00;-1.127327e+01;-3.739724e+00;-6.816937e+00;-3.340608e+00;-2.569534e+00
124;1.240000;3.411510e+00;1.682916e+00;5.861437e+00;1.438407e+00;3.232517e-01;2.358035e+00;3.261514e+00;-3.014736e+00;-2.415199e+00;-5.294120e+00;-6.103328e+00;-7.815273e+00;1.037353e+00;-2.442398e+00
125;1.250000;2.359606e+00;1.400133e+00;1.164053e+01;-3.233685e+00;-6.932138e+00;2.125870e+00;2.676822e+00;-7.863129e+00;-7.815323e-01;-1.189089e+00;-7.720685e+00;-5.344233e+00;2.235742e+00;-6.808701e-01
126;1.260000;1.352771e+00;-5.946670e-01;1.227814e+01;-1.215743e+01;-9.970875e+00;6.801817e+00;4.754867e+00;-9.898865e+00;-5.067947e+00;-3.766661e-01;-1.010002e+01;-4.477376e+00;3.233906e+00;1.155106e+00
127;1.270000;-5.215826e-01;-6.029224e-01;1.144315e+01;-1.796135e+01;-7.650455e+00;1.261860e+01;4.901711e+00;-1.197111e+01;-7.744850e+00;3.222848e+00;-1.213590e+01;-5.113037e+00;2.129271e+00;2.268768e+00
128;1.280000;-2.127577e+00;4.483242e-01;9.961222e+00;-2.113859e+01;-4.618961e+00;1.241528e+01;-2.293478e+00;-1.601527e+01;-7.164434e+00;5.839339e+00;-1.340072e+01;-4.587248e+00;1.239029e+00;2.465126e+00
129;1.290000;-1.903231e+00;2.753662e+00;1.081242e+01;-1.702213e+01;1.288529e+00;1.202433e+01;-8.802214e+00;-1.389472e+01;-3.161530e+00;8.275105e+00;-1.221197e+01;-9.266043e-02;3.734093e+00;2.610535e+00
130;1.300000;-1.819208e+00;2.661507e+00;9.664317e+00;-1.228841e+01;2.042517e+00;8.783225e+00;-1.371035e+01;-1.181994e+01;-4.573242e+00;8.371840e+00;-1.061480e+01;2.243972e+00;6.022506e+00;2.667839e+00
131;1.310000;-1.288445e+00;2.208365e+00;8.655428e+00;-8.780770e+00;1.539168e+00;6.700013e+00;-1.519867e+01;-1.012246e+01;-3.839346e+00;8.278872e+00;-7.008456e+00;3.089720e+00;1.008454e+01;2.495178e+00
132;1.320000;-1.014134e+00;1.073606e+00;6.872304e+00;-5.619851e+00;-1.902113e+00;1.959316e+00;-1.671202e+01;-1.259077e+01;-3.716387e+00;3.292415e+00;-5.941007e+00;2.413217e+00;1.406873e+01;2.187744e+00
133;1.330000;-7.988949e-01;6.015716e-01;5.436039e+00;-1.602579e+00;-3.593361e+00;-1.563550e+00;-1.655262e+01;-1.506059e+01;-2.411749e+00;1.674481e-01;-1.493555e+00;4.393919e+00;1.633363e+01;1.767723e+00
134;1.340000;3.098440e-01;2.839584e-01;3.923421e+00;1.740173e+00;-1.105749e+00;-6.610284e-01;-1.328547e+01;-1.414193e+01;-1.324473e+00;-4.938612e-01;8.189039e+00;1.053072e+01;2.127035e+01;1.717796e+00
135;1.350000;2.263330e+00;-3.344455e-01;2.540939e+00;8.411694e-01;-1.409630e+00;-2.180917e+00;-1.303649e+01;-1.356415e+01;-3.827299e+00;-1.581511e+00;1.094388e+01;1.150441e+01;2.258253e+01;1.141663e+00
136;1.360000;4.937192e+00;-1.026297e-02;2.679347e+00;-1.278045e+00;-3.263182e+00;2.287235e-01;-1.238905e+01;-9.787720e+00;-5.718102e+00;4.963468e+00;9.689608e+00;9.651786e+00;2.168051e+01;-3.828506e-01
137;1.370000;6.863804e+00;-4.936075e-02;1.854510e+00;-4.095448e+00;-5.594584e+00;1.337899e+00;-1.492485e+01;-9.393517e+00;-8.542826e+00;1.332446e+01;7.833675e+00;7.495373e+00;2.016727e+01;-2.088203e+00
138;1.380000;7.363662e+00;3.203802e-01;2.091058e+00;-4.012292e+00;-4.614189e+00;2.168671e+00;-1.452494e+01;-9.942780e+00;-9.753857e+00;1.180165e+01;7.547223e+00;1.035979e+01;2.172616e+01;-2.826736e+00
139;1.390000;6.638345e+00;1.016531e-01;1.050251e+00;-4.939730e+00;-3.194460e+00;3.317714e+00;-1.449688e+01;-9.613302e+00;-8.489956e+00;1.025422e+01;1.129887e+01;1.305116e+01;2.257650e+01;-3.484283e+00
140;1.400000;4.894303e+00;9.125886e-01;-3.172344e+00;-7.672259e+00;-1.931822e+00;4.730549e-01;-1.345179e+01;-1.218783e+01;-7.064211e+00;1.032583e+01;1.395952e+01;1.140293e+01;1.736379e+01;-2.794502e+00
141;1.410000;3.547438e+00;3.151943e+00;-4.520295e+00;-6.614177e+00;1.093565e+00;1.677327e-01;-8.817943e+00;-1.354901e+01;-3.321362e+00;6.916905e+00;1.690033e+01;1.236224e+01;1.735949e+01;-1.589264e+00
142;1.420000;1.352183e+00;3.360642e+00;-5.478784e+00;-6.389654e+00;-2.908535e-01;-3.695495e+00;-6.665056e+00;-1.489895e+01;-3.626347e+00;1.189116e+00;1.176813e+01;9.078356e+00;1.539877e+01;-1.361580e+00
143;1.430000;-1.335392e+00;7.200205e+00;-5.094690e+00;-1.984255e+00;1.944968e+00;-6.847619e+00;-6.354985e-01;-8.952070e+00;2.500273e+00;3.227451e+00;7.139638e+00;6.381614e+00;1.208242e+01;-8.047409e-01
144;1.440000;-5.181173e+00;1.177241e+01;-6.234352e+00;4.070787e-01;3.450781e+00;-6.785683e+00;3.610382e-01;-6.210306e+00;4.999628e+00;2.699852e+00;4.247601e+00;4.768999e+00;9.388140e+00;-3.535233e-01
145;1.450000;-8.812958e+00;1.417326e+01;-5.553380e+00;1.490237e+00;5.980541e+00;-4.466446e+00;-1.035469e+00;-9.096045e+00;5.296165e+00;1.691293e+00;4.695681e+00;5.816724e+00;8.501177e+00;-5.807495e-01
146;1.460000;-1.214875e+01;1.549293e+01;-2.334960e+00;2.998291e+00;6.707586e+00;-3.742578e+00;-1.187081e+00;-1.017807e+01;4.639694e+00;4.303487e-01;5.849916e+00;9.191051e+00;1.221110e+01;-2.442398e-01
147;1.470000;-1.529884e+01;1.645323e+01;-1.910001e+00;2.517877e+00;6.641060e+00;-6.579397e+00;-2.030900e+00;-8.742273e+00;8.110718e+00;3.164929e-01;6.115896e+00;7.360813e+00;1.418695e+01;4.830475e-01
148;1.480000;-1.670272e+01;1.741158e+01;-9.457018e-01;3.725130e+00;7.065420e+00;-5.660120e+00;1.732063e+00;-8.676003e+00;9.252075e+00;-2.490252e-01;9.166504e+00;4.012741e+00;1.086378e+01;4.158630e-01
149;1.490000;-1.702311e+01;1.714885e+01;1.091430e+00;6.495596e+00;6.633480e+00;-3.325309e+00;4.464057e+00;-1.103861e+01;5.619054e+00;-1.395670e+00;1.411873e+01;5.391922e+00;5.671463e+00;-1.668320e-01
150;1.500000;-1.659268e+01;1.568853e+01;1.311935e+00;4.980462e+00;5.174163e+00;-4.302622e+00;4.422613e+00;-1.185654e+01;2.662634e+00;2.994011e-02;1.447589e+01;6.749261e+00;4.882156e+00;-7.223892e-01
151;1.510000;-1.536067e+01;1.503542e+01;8.634629e-01;2.445621e+00;4.357189e+00;-5.409593e+00;5.647631e+00;-1.123582e+01;4.046844e+00;2.439668e+00;1.436947e+01;6.171473e+00;6.285550e+00;-1.723633e+00
152;1.520000;-1.100176e+01;1.475170e+01;2.180140e+00;3.414736e+00;4.181545e+00;-9.145952e+00;5.460485e+00;-8.068457e+00;6.431080e+00;4.070218e+00;1.763820e+01;8.526699e+00;5.401475e+00;-1.669411e+00
153;1.530000;-6.189697e+00;9.850876e+00;3.683720e+00;-1.744575e+00;-6.571749e+00;-1.491453e+01;3.855636e+00;-4.302382e+00;9.132671e+00;2.611912e+00;1.713772e+01;1.338489e+01;5.563935e+00;5.094910e-01
154;1.540000;-4.930671e+00;4.862183e+00;4.678478e+00;-4.968269e+00;-1.019173e+01;-1.677122e+01;1.021044e+00;-3.917629e+00;6.749288e+00;-1.357705e+00;1.498740e+01;1.503266e+01;5.839176e+00;2.744240e+00
155;1.550000;-4.817095e+00;2.614550e+00;3.614177e+00;-3.939837e+00;-6.430346e+00;-1.512099e+01;-5.715299e-01;-4.304767e+00;6.211440e+00;-3.577152e+00;1.299664e+01;1.590970e+01;5.526631e+00;3.916000e+00
156;1.560000;-5.010418e+00;1.323010e+00;8.485693e-01;-2.260390e+00;-5.136019e+00;-1.356247e+01;-6.040534e+00;-7.262667e+00;5.531275e+00;-8.231343e+00;8.439884e+00;1.081861e+01;1.974901e+00;3.805115e+00
157;1.570000;-3.211890e+00;4.501435e+00;-2.286342e-01;1.334738e+00;-5.942539e+00;-8.765426e+00;-8.341460e+00;-5.377487e+00;7.557664e+00;-8.764716e+00;6.177199e+00;4.838440e+00;-1.989139e+00;3.720108e+00
158;1.580000;-2.182245e+00;8.766735e+00;-3.018842e+00;2.476239e+00;-7.376013e+00;-6.464787e+00;-7.916955e+00;-4.101663e+00;8.105036e+00;-9.474260e+00;4.254437e+00;1.220603e+00;-3.111879e+00;3.052788e+00
159;1.590000;-3.264965e+00;1.204228e+01;-5.074059e+00;4.026073e+00;-6.550884e+00;-8.996670e+00;-6.329757e+00;7.269859e-02;6.012114e+00;-1.031007e+01;1.791912e+00;-1.874185e-02;-3.653376e+00;1.669434e+00
160;1.600000;-4.736927e+00;1.453238e+01;-5.690230e+00;6.787256e+00;-3.468180e+00;-1.143957e+01;-8.402451e+00;2.249259e+00;2.670107e+00;-7.297358e+00;4.649896e+00;-6.412114e-01;-7.037468e-01;7.234955e-02
161;1.610000;-5.922297e+00;1.438398e+01;-6.739795e+00;9.168208e+00;-5.431156e-01;-8.544368e+00;-1.195146e+01;-8.414164e-01;-1.183358e+00;-8.384416e+00;6.955865e+00;8.862464e-01;1.269294e+00;-1.216370e+00
162;1.620000;-6.370825e+00;1.271678e+01;-6.105579e+00;9.500990e+00;2.545768e+00;-4.779623e+00;-1.164341e+01;-3.229689e+00;-3.793491e+00;-8.049723e+00;9.938835e+00;2.308955e+00;2.014534e+00;-2.368256e+00
163;1.630000;-6.252552e+00;1.136014e+01;-2.398486e+00;7.809092e+00;2.893765e+00;-1.592815e+00;-6.239244e+00;-2.953947e+00;-1.613180e+00;-7.028970e+00;1.062846e+01;3.348646e+00;4.004475e+00;-3.377335e+00
164;1.640000;-6.538818e+00;1.063205e+01;-1.155135e+00;8.045292e+00;2.329152e+00;4.181023e-01;-5.504730e+00;-1.606544e+00;4.073152e+00;-7.763673e+00;7.130751e+00;4.130751e+00;5.116118e+00;-4.061844e+00
165;1.650000;-6.958128e+00;1.033683e+01;-1.867078e+00;8.020002e+00;5.984173e-01;3.064942e-01;-6.092249e+00;3.736153e-01;3.150043e+00;-6.979188e+00;5.042001e+00;4.755075e+00;5.445374e+00;-4.734268e+00
166;1.660000;-7.319883e+00;1.048421e+01;-5.649005e-01;1.025427e+01;2.735349e+00;2.835433e+00;-5.820956e+00;-3.850468e+00;-1.587558e+00;-5.387314e+00;4.691795e+00;3.871325e+00;4.191818e+00;-5.192940e+00
167;1.670000;-7.027245e+00;9.562473e+00;-2.682757e-02;1.128494e+01;4.630162e+00;3.825276e+00;-4.392486e+00;-3.319796e+00;9.611301e-01;-3.950116e+00;6.248582e+00;2.145320e+00;1.179446e+00;-5.118713e+00
168;1.680000;-7.061447e+00;8.601212e+00;-1.919298e+00;1.070684e+01;5.164865e+00;3.171774e+00;-3.411837e+00;-8.584929e-01;7.237949e-01;-5.514889e+00;9.411859e+00;2.709973e+00;1.899087e+00;-5.086647e+00
169;1.690000;-7.361156e+00;8.316942e+00;-3.349092e+00;8.629029e+00;4.459403e+00;1.030754e+00;-1.701930e+00;1.655509e+00;-5.600538e-01;-7.888999e+00;9.326925e+00;2.090478e+00;1.043921e+00;-5.053490e+00
170;1.700000;-7.508463e+00;8.785821e+00;-3.102765e+00;7.166674e+00;3.218054e+00;-5.225129e-01;-1.360007e+00;4.330730e+00;4.658632e-01;-8.062115e+00;4.318505e+00;-9.039640e-02;-2.562396e+00;-5.012299e+00
171;1.710000;-4.005157e+00;9.540488e+00;-6.094440e+00;2.227136e+00;-1.037176e+00;-2.761927e+00;-2.405562e-01;1.095149e+01;9.422942e+00;-7.079135e-01;7.118197e+00;5.828387e+00;-8.223228e-01;-3.116402e+00
172;1.720000;-1.649828e-01;1.987183e+00;-8.932430e+00;-4.055935e+00;-9.422846e+00;-7.779140e+00;7.011518e-01;1.054033e+01;9.262087e+00;-7.418573e-01;1.853619e+00;1.093798e+01;-3.403516e+00;1.222145e+00
173;1.730000;9.074755e-01;-3.443874e+00;-6.606025e+00;-7.982741e+00;-9.091581e+00;-7.509514e+00;4.396514e+00;9.216578e+00;6.738958e+00;-1.056471e+00;-1.629810e+00;1.204556e+01;-9.830538e+00;5.021637e+00
174;1.740000;-5.946789e-01;-6.459752e+00;-6.196644e+00;-9.462214e+00;-5.545979e+00;-3.872079e+00;1.004826e+01;9.804155e+00;4.718736e+00;-2.775404e+00;-5.331876e+00;1.129008e+01;-1.351750e+01;7.059608e+00
175;1.750000;-2.274633e+00;-9.241816e+00;-6.321565e+00;-9.353316e+00;-2.016317e+00;1.441009e+00;1.507299e+01;9.935344e+00;3.132544e+00;-4.414011e+00;-8.308003e+00;1.054767e+01;-1.475586e+01;6.630936e+00
176;1.760000;-3.379654e+00;-9.512820e+00;-5.309061e+00;-6.440366e+00;-1.664352e-02;7.687218e+00;1.797781e+01;4.366112e+00;1.631164e+00;-9.196176e+00;-5.041787e+00;1.171792e+01;-8.559828e+00;5.744545e+00
177;1.770000;-4.570604e+00;-9.383492e+00;-4.982501e+00;-3.037506e+00;2.179021e+00;1.292202e+01;1.784267e+01;-1.878548e-02;-8.385191e-01;-1.105756e+01;-6.248989e-01;9.224499e+00;-1.007114e+00;6.157265e+00
178;1.780000;-5.669933e+00;-1.022486e+01;-6.101753e+00;1.684189e-03;5.356958e+00;1.494146e+01;1.720847e+01;-2.093384e+00;-3.003988e+00;-1.134528e+01;-2.694340e-01;7.839445e+00;2.153299e+00;6.594360e+00
179;1.790000;-6.710732e+00;-1.061918e+01;-5.671959e+00;2.205200e+00;6.154555e+00;1.521359e+01;1.688890e+01;-4.952150e+00;-2.933923e+00;-1.114792e+01;-1.734924e+00;7.681193e+00;2.076699e+00;6.994354e+00
180;1.800000;-8.005888e+00;-1.254196e+01;-6.330650e+00;-3.526974e-02;3.476385e+00;1.436857e+01;1.751963e+01;-5.465525e+00;-1.975593e+00;-1.327451e+01;-2.125187e+00;6.598468e+00;-1.066511e+00;7.729340e+00
181;1.810000;-7.762905e+00;-1.390940e+01;-5.387035e+00;-2.067689e+00;3.800323e+00;1.502432e+01;1.929451e+01;-3.274863e+00;-2.200334e+00;-1.603824e+01;-7.744465e-01;6.342557e+00;-1.629597e+00;7.551277e+00
182;1.820000;-6.187916e+00;-1.260079e+01;-3.922254e+00;-3.548238e+00;4.003053e+00;1.427658e+01;2.040483e+01;2.310516e+00;1.400638e+00;-1.418256e+01;1.536439e+00;6.375586e+00;-1.339622e+00;7.053841e+00
183;1.830000;-5.813244e+00;-1.256435e+01;-4.693478e+00;-5.217143e+00;3.295254e+00;1.288353e+01;1.737403e+01;5.837503e+00;4.296973e+00;-1.297125e+01;1.661514e+00;3.191542e+00;-3.193316e+00;6.671921e+00
184;1.840000;-5.588778e+00;-1.460086e+01;-4.302513e+00;-8.704444e+00;2.014307e+00;9.598383e+00;1.310917e+01;2.960709e+00;3.542581e+00;-1.312499e+01;-1.309261e-01;-7.158124e-01;-7.297158e+00;6.577614e+00
185;1.850000;-3.417885e+00;-1.382807e+01;-9.247727e-01;-9.668483e+00;8.595390e-01;5.103073e+00;9.723461e+00;2.727880e+00;5.478348e+00;-8.499099e+00;-1.696307e+00;-7.558312e-01;-1.132156e+01;6.068054e+00
186;1.860000;-1.435109e+00;-1.224077e+01;6.309969e-01;-1.410150e+01;-5.167210e+00;-2.584407e+00;3.749711e+00;1.518210e+00;7.016424e+00;-8.483835e-01;-1.420394e+00;2.174415e+00;-1.138822e+01;5.447708e+00
187;1.870000;3.825588e-01;-9.656837e+00;1.795457e+00;-1.522020e+01;-7.992695e+00;-3.737670e+00;3.106119e+00;-1.403673e+00;5.636493e+00;-1.199868e+00;-2.370509e+00;4.637638e+00;-8.722488e+00;5.031174e+00
188;1.880000;2.097034e+00;-8.133516e+00;2.868185e+00;-9.824304e+00;-4.994692e+00;-3.214628e+00;1.949105e+00;-3.313805e+00;2.100761e+00;-8.393057e+00;-3.899776e+00;6.726110e+00;-5.972968e+00;3.968048e+00
189;1.890000;2.397709e+00;-8.677530e+00;2.594934e+00;-3.042339e+00;-8.679390e-02;-3.213475e+00;-9.483795e-01;-1.699581e-01;-6.927032e-01;-1.204375e+01;-3.357862e+00;4.569939e+00;-5.852283e+00;1.929405e+00
190;1.900000;2.299095e+00;-9.718076e+00;3.603457e+00;-4.546347e-01;3.247112e+00;4.043818e-02;4.478936e+00;3.923361e+00;-3.776636e+00;-1.222574e+01;-3.616147e+00;3.926580e+00;-6.067617e+00;3.240356e-01
191;1.910000;1.951930e+00;-9.573778e+00;3.065801e+00;-2.555451e+00;3.037698e+00;1.399521e+00;6.743802e+00;3.064466e+00;-7.340691e+00;-1.359794e+01;-4.197936e+00;3.912488e+00;-3.013198e+00;-7.817993e-01
192;1.920000;1.645687e+00;-7.706386e+00;1.140826e+00;-1.321323e+00;3.177287e+00;3.522684e+00;9.753298e+00;1.780643e+00;-1.298976e+00;-1.320770e+01;-5.257826e-01;5.361070e+00;2.279751e+00;-6.572647e-01
193;1.930000;-1.111357e+00;-3.744717e+00;-1.017468e+00;1.535346e+00;5.623780e+00;2.458695e+00;1.134838e+01;9.305830e-01;2.675605e+00;-1.526983e+01;1.249628e+00;5.036000e+00;1.018249e+00;3.996277e-01
194;1.940000;-5.795475e+00;-4.206367e-01;-3.732492e+00;3.808523e+00;1.121043e+01;2.553916e-01;1.175945e+01;2.030531e+00;4.472332e+00;-1.434053e+01;8.831472e-01;4.421203e+00;-1.184649e+00;9.635391e-01
195;1.950000;-9.713987e+00;1.051273e+00;-7.178560e+00;3.125763e+00;1.301264e+01;-1.757145e-02;1.601888e+01;3.302076e+00;3.021810e+00;-1.251473e+01;2.498275e+00;4.063294e+00;-8.727131e-01;1.315979e+00
196;1.960000;-1.163862e+01;4.467377e+00;-7.002339e+00;1.324632e+00;1.175035e+01;-1.162395e-01;1.458139e+01;4.037482e+00;-3.525248e+00;-1.489047e+01;3.717318e+00;4.592318e+00;2.275169e+00;2.318550e+00
197;1.970000;-1.328809e+01;7.120547e+00;-4.423939e+00;4.623747e-01;1.175258e+01;1.501290e+00;1.259237e+01;3.707495e+00;-3.773058e+00;-1.506999e+01;3.684431e+00;3.667558e+00;3.359020e+00;2.612648e+00
198;1.980000;-1.450834e+01;7.142156e+00;-2.190933e+00;4.643593e-01;1.325169e+01;3.420528e+00;1.387611e+01;2.733961e+00;-2.392704e+00;-1.318676e+01;5.017907e+00;2.456324e+00;2.901237e+00;2.043869e+00
199;1.990000;-1.452772e+01;4.314066e+00;-2.753231e+00;-1.105323e+00;1.111674e+01;3.371970e+00;1.538045e+01;1.752897e+00;-6.504599e+00;-1.350010e+01;4.281649e+00;-3.229737e-02;-7.686601e-01;1.921967e+00
200;2.000000;-1.109914e+01;4.894352e+00;-1.928674e-01;-1.692096e+00;8.287966e+00;-4.939060e-01;1.428446e+01;5.441484e+00;-4.982981e+00;-9.064913e+00;1.012618e+01;7.933135e-01;-1.127487e+00;2.130249e+00
201;2.010000;-5.844677e+00;4.541343e+00;3.218900e+00;-3.721456e+00;-7.400589e-01;-9.204361e+00;3.082453e+00;3.307056e-01;-5.840940e-01;-6.142977e+00;1.002469e+01;1.716866e+00;2.440633e+00;1.807289e+00
202;2.020000;-2.297771e+00;4.975743e-01;4.952229e+00;-8.977342e+00;-5.309311e+00;-1.055121e+01;-4.543658e+00;-6.501379e+00;6.036590e+00;-6.150162e+00;3.557293e+00;1.165397e+00;2.254167e+00;2.925293e+00
203;2.030000;-1.725340e+00;-1.394593e+00;6.295901e+00;-1.118647e+01;-4.026690e+00;-1.013407e+01;-6.251956e+00;-5.427435e+00;4.907463e+00;-7.035608e+00;2.059450e+00;-6.332403e-01;-1.829430e+00;4.024620e+00
204;2.040000;-1.302197e+00;-1.044055e+00;6.753831e+00;-1.023019e+01;1.029587e-02;-5.346841e+00;-2.848655e+00;2.824080e+00;3.808482e+00;-1.012051e+01;7.058010e-01;-3.015401e-01;-3.936933e+00;3.823296e+00
205;2.050000;-9.557171e-01;8.372221e-01;3.258792e+00;-8.706878e+00;3.507561e+00;-1.378627e+00;-1.924253e+00;7.587312e+00;3.643015e+00;-1.318975e+01;1.865764e+00;4.985332e-02;-4.631409e+00;2.430252e+00
206;2.060000;-2.706184e-01;3.515163e+00;-1.106229e+00;-6.384953e+00;5.377168e+00;-4.747729e-01;-4.325390e+00;1.825048e+00;7.418079e-01;-1.380616e+01;3.283613e+00;7.313027e-01;-4.428773e+00;9.326782e-01
207;2.070000;2.006121e-01;4.404507e+00;-3.291894e+00;-4.389286e+00;4.768215e+00;1.349162e+00;-2.929962e+00;-6.495003e+00;-6.548630e+00;-1.490592e+01;1.816627e+00;5.863645e-01;-3.966890e+00;-1.703110e-01
208;2.080000;7.570543e-01;4.137919e+00;-4.520077e+00;-3.702842e+00;5.379941e+00;6.451636e+00;-2.172118e+00;-4.034155e+00;-4.626825e+00;-1.237487e+01;9.427109e-01;-2.040994e+00;-3.368865e+00;1.949692e-01
209;2.090000;1.031803e+00;2.180731e+00;-5.557838e+00;-3.681396e+00;8.301476e+00;8.835087e+00;-4.785698e+00;1.834897e+00;4.255874e+00;-4.046461e+00;3.308541e+00;-3.738010e+00;-4.529728e+00;1.275246e+00
210;2.100000;4.189587e-01;-2.007396e+00;-7.873825e+00;-9.703738e+00;7.727433e+00;4.451576e+00;-6.646644e+00;8.250881e+00;8.915411e+00;2.546079e-01;1.176952e+00;-7.167151e+00;-1.152304e+01;2.587189e+00
211;2.110000;-3.363609e-01;-4.004873e+00;-8.302262e+00;-1.294397e+01;8.970263e+00;4.973859e+00;-6.543579e+00;1.252358e+01;1.097627e+01;3.993715e+00;-2.236954e+00;-6.986788e+00;-1.483601e+01;3.653198e+00
212;2.120000;-2.373896e-01;-4.208062e+00;-8.751866e+00;-1.431618e+01;1.131082e+01;7.523022e+00;-1.016538e+01;1.014075e+01;8.995535e+00;3.596045e+00;-5.647258e+00;-6.741990e+00;-1.493224e+01;3.908691e+00
213;2.130000;2.538748e-01;-4.616281e+00;-9.009966e+00;-1.435498e+01;1.408793e+01;1.031326e+01;-1.287100e+01;5.956757e+00;7.662592e+00;1.778865e+00;-7.011428e+00;-6.437121e+00;-1.185783e+01;3.166313e+00
214;2.140000;1.778506e+00;-3.594145e+00;-7.377957e+00;-1.233306e+01;1.527543e+01;1.294611e+01;-1.025486e+01;5.064186e+00;8.979147e+00;2.912074e+00;-2.062542e+00;-3.685886e+00;-7.725427e+00;3.106628e+00
215;2.150000;1.779028e+00;-4.756030e+00;-8.800067e+00;-1.450791e+01;1.206165e+01;1.012017e+01;-1.029772e+01;2.173226e+00;6.636848e+00;3.047152e-02;-1.593366e+00;-5.998479e+00;-8.601219e+00;2.583824e+00
216;2.160000;3.037821e+00;-5.243448e+00;-6.638253e+00;-1.671251e+01;1.117103e+01;9.724705e+00;-8.148564e+00;4.960051e+00;6.548376e+00;-2.344152e+00;1.594790e+00;-5.415032e+00;-7.358798e+00;3.146507e+00
217;2.170000;3.481369e+00;-6.064173e+00;-6.109647e+00;-1.650159e+01;1.186567e+01;7.108900e+00;-8.931305e+00;5.496678e+00;8.752249e+00;-5.644853e+00;1.332189e+00;-8.891333e+00;-6.718482e+00;2.930260e+00
218;2.180000;3.312630e+00;-5.751364e+00;-4.694359e+00;-1.114319e+01;1.390071e+01;5.246325e+00;-1.235128e+01;6.172265e+00;1.243994e+01;-5.122014e+00;6.643991e-01;-1.298697e+01;-6.725848e+00;1.997650e+00
219;2.190000;2.602307e+00;-5.157018e+00;-2.572095e+00;-6.557387e+00;1.520964e+01;5.110537e+00;-1.562150e+01;4.721219e+00;1.248289e+01;-5.533582e+00;9.035883e-01;-1.369617e+01;-6.271708e+00;6.175766e-01
220;2.200000;2.558728e+00;-3.719791e+00;-4.253530e+00;-4.996675e+00;1.379485e+01;3.556097e+00;-1.593810e+01;3.508539e-01;9.251451e+00;-6.218893e+00;-2.755070e-02;-1.416066e+01;-6.246262e+00;-6.309509e-01
221;2.210000;3.125893e+00;3.081408e-01;-4.771390e+00;-1.726446e+00;1.460813e+01;2.986430e+00;-1.020679e+01;9.015303e-01;5.892847e+00;-6.254405e+00;1.528563e+00;-1.261526e+01;-6.057253e+00;-6.521835e-01
222;2.220000;1.388865e+00;1.750659e+00;-5.032906e+00;-3.452644e-01;1.409846e+01;2.968850e-01;-7.311057e+00;3.040689e+00;2.730139e+00;-7.852367e+00;-4.054651e-01;-1.265027e+01;-7.115304e+00;-2.519150e-01
223;2.230000;-1.109535e+00;1.329964e+00;-4.586284e+00;-1.196756e-01;1.345038e+01;-6.678052e-01;-7.171062e+00;2.908982e+00;3.020991e+00;-7.877623e+00;-3.072686e+00;-1.260254e+01;-7.825822e+00;-6.960602e-01
224;2.240000;-3.732977e-01;1.186251e+00;-2.638606e+00;3.326261e+00;1.438057e+01;-5.515070e-01;-5.997321e+00;1.446543e+00;3.803127e+00;-5.430549e+00;-2.599854e+00;-1.178105e+01;-5.631734e+00;-8.788223e-01
225;2.250000;1.148314e+00;-4.509630e-01;-5.750465e-02;3.875388e+00;1.282522e+01;-3.820739e-01;-5.904449e+00;3.763113e-01;5.836971e+00;-4.083109e+00;-3.403264e+00;-1.026460e+01;-2.927809e+00;-9.823608e-01
226;2.260000;2.655014e+00;-6.078881e+00;2.516324e+00;8.664150e-01;6.094595e+00;-1.986124e+00;-5.041686e+00;2.355420e+00;6.390580e+00;-2.001170e+00;-5.925622e+00;-8.157450e+00;-4.405953e+00;2.225113e-01
227;2.270000;2.914304e+00;-1.045689e+01;4.092244e+00;-2.236341e+00;3.827375e+00;-2.552583e+00;-3.610509e+00;7.253307e+00;6.973497e+00;2.435083e+00;-8.578521e+00;-4.090178e+00;-5.711831e+00;2.892174e+00
228;2.280000;1.679861e+00;-1.233470e+01;4.766454e+00;-6.066017e+00;1.608642e+00;-1.816738e+00;-2.537013e+00;1.012138e+01;4.876886e+00;3.335113e+00;-1.172047e+01;4.516549e-01;-6.683617e+00;4.763161e+00
229;2.290000;3.608418e-01;-1.192635e+01;3.781900e+00;-9.934827e+00;-2.152834e+00;-5.526795e-01;-1.437450e+00;1.010424e+01;5.576887e-01;1.888300e-01;-1.043536e+01;3.679101e+00;-6.823764e+00;5.837036e+00
230;2.300000;-1.119415e+00;-1.092171e+01;1.893838e+00;-1.188845e+01;-3.585281e+00;2.763325e+00;1.677383e+00;1.013841e+01;-4.201344e+00;-1.770135e+00;-4.914258e+00;7.768035e+00;-6.476107e+00;6.269676e+00
231;2.310000;-2.637638e+00;-9.648371e+00;2.262229e-01;-1.263671e+01;-4.167652e+00;1.908039e+00;2.902819e+00;1.168682e+01;-1.146614e+01;-4.565552e+00;-2.055851e+00;1.093589e+01;-6.069506e+00;6.374306e+00
232;2.320000;-2.112043e+00;-7.329298e+00;1.476313e-01;-9.449723e+00;-9.296894e-01;1.779109e+00;5.306905e+00;1.691677e+01;-1.352533e+01;-2.355786e+00;1.974485e+00;1.418916e+01;-2.921733e+00;6.552444e+00
233;2.330000;-1.548200e+00;-7.252110e+00;-3.043628e+00;-6.705632e+00;2.159775e+00;-1.694108e+00;3.373311e+00;1.928930e+01;-1.142611e+01;1.935475e+00;1.928056e+00;1.410909e+01;-1.214954e+00;6.382294e+00
234;2.340000;-1.838569e+00;-7.978522e+00;-6.877731e+00;-5.531531e+00;4.361176e+00;-7.849538e+00;-6.210914e-01;1.797615e+01;-8.619593e+00;5.417831e+00;-2.686522e+00;1.276581e+01;-2.004407e+00;6.180077e+00
235;2.350000;-7.686777e-01;-7.029482e+00;-7.544137e+00;-4.532654e+00;7.170600e+00;-8.740120e+00;-4.021174e+00;1.692964e+01;-8.705036e+00;7.643240e+00;-2.834231e+00;1.292560e+01;6.962390e-01;6.155190e+00
236;2.360000;1.109893e+00;-6.404499e+00;-6.789232e+00;-4.647904e+00;6.212931e+00;-8.544772e+00;-8.472709e+00;1.319785e+01;-9.053009e+00;8.892237e+00;-2.325860e+00;1.240818e+01;5.778493e+00;5.199005e+00
237;2.370000;3.188420e+00;-5.451896e+00;-3.283880e+00;-3.796170e+00;4.560955e+00;-6.834549e+00;-1.340155e+01;9.727186e+00;-6.338671e+00;8.830593e+00;1.765165e+00;1.182069e+01;9.317625e+00;3.188293e+00
238;2.380000;3.611457e+00;-4.739629e+00;-3.135092e+00;-1.732839e+00;2.350154e+00;-7.319687e+00;-1.184687e+01;5.955563e+00;-5.572611e+00;3.294544e+00;6.272768e+00;1.225917e+01;9.883462e+00;1.503448e+00
239;2.390000;2.347908e+00;-4.303464e+00;-6.141660e+00;-1.701351e+00;2.016579e+00;-8.126546e+00;-9.681010e+00;1.383991e+00;-7.055895e+00;-2.106863e+00;5.255089e+00;8.316483e+00;7.483172e+00;5.918579e-01
240;2.400000;2.167427e+00;-1.982001e+00;-3.213891e+00;-8.161736e-02;4.636776e+00;-7.358288e+00;-7.275892e+00;6.130721e+00;-3.498751e+00;-1.141037e+00;6.326638e+00;7.774928e+00;9.627737e+00;-9.910431e-01
241;2.410000;3.158718e+00;-1.321711e+00;-7.649219e-02;-1.335404e+00;6.390539e+00;-7.280258e+00;-5.056343e+00;7.778774e+00;-2.805373e+00;2.218349e+00;4.822044e+00;6.919290e+00;8.751422e+00;-2.705505e+00
242;2.420000;3.492405e+00;-3.434399e+00;-7.157284e-01;-1.003190e+00;8.435673e+00;-4.657699e+00;-2.009170e+00;7.894388e+00;-2.998417e+00;2.309650e+00;5.826149e+00;7.193253e+00;6.523210e+00;-3.227936e+00
243;2.430000;1.145976e+00;-2.368453e+00;-2.715072e+00;1.920537e+00;5.489378e+00;-3.111125e+00;2.623897e-01;7.568797e+00;2.303125e+00;3.136378e-01;8.871936e+00;5.644900e+00;3.907445e+00;-2.102318e+00
244;2.440000;7.054205e-01;-1.988148e+00;-3.906016e+00;-1.257361e+00;-3.496170e-01;-7.624703e+00;-4.322071e-01;9.052354e+00;9.413621e+00;5.324578e+00;1.085214e+01;8.377190e+00;-2.707739e-01;-4.944382e-01
245;2.450000;1.567317e+00;-4.517690e+00;-2.213071e+00;-5.474710e+00;-3.502289e+00;-1.157131e+01;3.097660e+00;1.068027e+01;7.431949e+00;9.680860e+00;7.759746e+00;1.409892e+01;-5.260472e+00;2.829346e+00
246;2.460000;-4.522743e-01;-7.453369e+00;-6.088625e-01;-7.202991e+00;-7.299109e+00;-1.360299e+01;3.779444e+00;9.779274e+00;5.723866e+00;1.000556e+01;4.236117e+00;1.480146e+01;-9.305590e+00;5.305367e+00
247;2.470000;-2.050643e+00;-8.269842e+00;1.331415e+00;-6.986129e+00;-9.969887e+00;-1.305111e+01;6.698256e+00;8.832677e+00;6.215669e+00;1.137563e+01;3.521969e+00;1.277758e+01;-9.118916e+00;5.959084e+00
248;2.480000;-2.552318e+00;-8.585087e+00;4.068264e+00;-7.785449e+00;-9.305334e+00;-1.123532e+01;8.029383e+00;4.264902e+00;2.147701e+00;1.275566e+01;1.041172e+00;1.071462e+01;-9.250591e+00;5.881264e+00
249;2.490000;-3.241732e+00;-8.923162e+00;4.590194e+00;-8.259112e+00;-9.063919e+00;-9.624826e+00;5.712520e+00;8.212194e-01;-2.454252e-01;1.241470e+01;-3.090380e+00;7.849568e+00;-6.936041e+00;5.906517e+00
250;2.500000;-2.989909e+00;-6.486121e+00;6.403146e+00;-6.175177e+00;-7.891735e+00;-7.784872e+00;5.195677e+00;1.451523e+00;2.586637e+00;1.509782e+01;-4.098580e+00;5.643688e+00;-3.517964e+00;5.304337e+00
251;2.510000;-2.706509e+00;-4.049696e+00;6.737712e+00;-5.254226e+00;-8.034679e+00;-8.745047e+00;3.619072e+00;1.277923e+00;4.278798e+00;1.574924e+01;-7.227365e+00;1.607928e+00;-2.913198e+00;4.223785e+00
252;2.520000;-2.132533e+00;-2.809951e+00;7.476067e+00;-4.622155e+00;-7.256071e+00;-8.754525e+00;2.258913e+00;7.251062e-01;3.389839e+00;1.453456e+01;-6.126233e+00;2.465892e+00;-3.708124e+00;3.397316e+00
253;2.530000;-1.350119e+00;-2.143512e+00;8.195051e+00;-3.666239e+00;-9.477015e+00;-7.495227e+00;2.545214e-01;-2.498741e-01;5.856190e-01;1.183022e+01;-5.149724e+00;2.045507e+00;-4.535745e+00;2.609795e+00
254;2.540000;-9.822960e-01;-9.599528e-01;7.614057e+00;-2.242283e+00;-1.230003e+01;-7.447691e+00;-2.123286e+00;-2.455233e+00;-3.532708e+00;9.764010e+00;-8.486922e+00;-1.368607e+00;-4.735117e+00;2.123329e+00
255;2.550000;-1.580534e-01;2.233565e+00;8.265702e+00;1.378656e+00;-1.271987e+01;-6.824175e+00;-1.586731e+00;-1.340401e+00;-1.675884e+00;9.654726e+00;-7.508265e+00;-2.726801e+00;-2.668484e+00;2.215828e+00
256;2.560000;-8.337021e-03;4.354419e+00;5.685177e+00;6.073275e+00;-1.183348e+01;-6.799672e+00;-1.739268e-01;5.975342e-01;-1.712750e+00;2.819688e+00;-4.914260e+00;-3.385274e+00;-1.233236e+00;1.580658e+00
257;2.570000;-1.148534e+00;6.310249e+00;1.989646e+00;9.075665e+00;-8.012949e+00;-5.228282e+00;1.949873e-01;3.199527e+00;-2.065153e+00;-2.451458e+00;-3.003372e+00;-2.246330e+00;-2.135048e-01;-7.445526e-02
258;2.580000;-2.535973e+00;7.881113e+00;2.049773e+00;1.126639e+01;-3.501896e+00;-5.469616e+00;-1.149930e+00;3.979053e+00;-3.232669e+00;-3.358377e+00;-2.994887e+00;-9.165293e-01;4.537556e+00;-1.528091e+00
259;2.590000;-3.159600e+00;6.229821e+00;2.598544e+00;1.173017e+01;-4.970615e+00;-6.995165e+00;-1.110810e+00;6.111790e+00;5.043039e-01;1.281178e+00;-1.348357e+00;-3.342545e+00;4.113397e+00;-2.112541e+00
260;2.600000;-2.679218e+00;7.061457e+00;2.215789e+00;1.056818e+01;-7.583658e+00;-5.756761e+00;3.354788e-01;5.064736e+00;7.902908e-01;-1.836814e-01;-1.830251e+00;-3.612388e+00;3.705393e+00;-2.399269e+00
261;2.610000;-3.942137e+00;7.599358e+00;1.810301e+00;9.581333e+00;-7.376957e+00;-4.026759e+00;2.411230e+00;4.292758e+00;9.018097e-01;-3.045713e+00;5.009556e-01;-1.464395e+00;1.790804e+00;-2.909683e+00
262;2.620000;-5.156935e+00;6.542069e+00;-3.705422e-01;1.012578e+01;-4.560978e+00;-2.962475e-01;4.634903e+00;7.934209e+00;5.971045e+00;-5.248053e-01;3.493984e+00;-2.930719e+00;-8.930855e-01;-3.479744e+00
263;2.630000;-6.404652e+00;6.613240e+00;-1.497751e+00;9.929471e+00;-3.071211e+00;1.175788e+00;3.886267e+00;6.217608e+00;4.798141e+00;5.134081e-01;5.022046e+00;-4.886652e+00;-5.271480e+00;-3.662292e+00
264;2.640000;-7.006369e+00;8.381357e+00;-1.655277e+00;1.086027e+01;-2.296326e+00;-5.100904e-01;2.441087e+00;4.294982e+00;3.533075e+00;1.733261e+00;5.550885e+00;-4.708371e+00;-7.334513e+00;-3.811897e+00
265;2.650000;-7.421970e+00;8.927040e+00;-3.235201e+00;1.154339e+01;-2.150644e+00;-5.517006e-02;2.852281e+00;5.105114e+00;1.322583e+00;1.670147e+00;6.849441e+00;-4.024843e+00;-4.418218e+00;-4.099220e+00
266;2.660000;-8.189817e+00;8.809054e+00;-4.724697e+00;1.149887e+01;-4.275417e-01;2.086916e+00;2.030127e+00;3.995687e+00;-3.887310e-01;7.258977e-01;8.236402e+00;-4.108717e+00;-2.940291e+00;-4.247902e+00
267;2.670000;-7.842604e+00;9.656107e+00;-5.826260e+00;1.165619e+01;-1.465149e-01;1.476065e+00;3.333573e+00;1.984050e+00;2.409725e-01;2.893584e+00;8.371161e+00;-5.451690e+00;-1.533385e+00;-3.790283e+00
268;2.680000;-7.312853e+00;8.742776e+00;-8.519944e+00;9.607473e+00;-2.809526e+00;4.590283e+00;6.297290e+00;1.011451e+00;-9.414482e-02;4.221759e+00;9.412975e+00;-3.416376e+00;3.348610e+00;-3.153641e+00
269;2.690000;-5.133892e+00;1.018559e+01;-7.895108e+00;9.890953e+00;-3.145250e+00;5.850365e+00;4.502626e+00;-6.839085e-01;1.869154e-01;2.315197e+00;8.854221e+00;-2.208254e+00;7.931624e+00;-2.865501e+00
270;2.700000;-2.151796e+00;1.227126e+01;-7.384666e-01;4.806564e+00;-9.912224e+00;-4.060178e-01;-2.528863e+00;-7.497356e+00;-1.048847e+00;5.747252e+00;6.370706e+00;-3.916478e-02;1.312240e+01;-1.876015e+00
271;2.710000;-1.289843e+00;9.571145e+00;3.694529e+00;-1.353009e+00;-1.347045e+01;-2.314451e+00;-3.017065e+00;-9.517864e+00;-6.486168e+00;5.905840e+00;2.781232e+00;-7.198844e-01;1.238034e+01;5.373230e-01
272;2.720000;-1.749893e+00;8.945051e+00;6.785423e+00;-3.576349e+00;-1.301115e+01;-1.165297e+00;-2.423664e+00;-8.003008e+00;-9.601011e+00;6.180095e+00;4.987574e-01;-1.988007e+00;9.707397e+00;1.180344e+00
273;2.730000;-3.213582e+00;1.012092e+01;1.023133e+01;-2.390184e+00;-9.424582e+00;1.497267e+00;-3.191600e+00;-4.362299e+00;-8.860212e+00;5.144853e+00;-3.375520e+00;-4.665534e+00;6.945202e+00;2.016296e-01
274;2.740000;-4.104742e+00;1.056538e+01;1.121284e+01;-1.825352e+00;-4.101149e+00;2.083687e+00;-9.315098e+00;-2.276437e+00;-6.732775e+00;4.701533e+00;-4.671193e+00;-7.971169e+00;7.219651e+00;-8.654022e-02
275;2.750000;-4.643523e+00;1.125927e+01;1.057990e+01;-2.772669e+00;4.656830e-01;1.674364e+00;-1.452264e+01;-5.288448e+00;-6.088148e+00;6.745242e+00;-2.532224e+00;-9.542501e+00;9.781423e+00;7.553558e-01
276;2.760000;-4.941545e+00;1.053250e+01;8.751524e+00;-3.228495e+00;2.619549e+00;1.300380e+00;-1.795268e+01;-8.108942e+00;-9.413141e+00;5.379888e+00;-2.645552e+00;-9.570564e+00;1.347025e+01;9.517136e-01
277;2.770000;-3.895475e+00;9.052694e+00;8.826973e+00;-3.278685e-01;4.476243e+00;1.839547e+00;-1.868839e+01;-7.781008e+00;-1.160496e+01;5.792610e+00;3.590298e-01;-7.640598e+00;1.439125e+01;3.873138e-01
278;2.780000;-1.745387e+00;7.246042e+00;8.897471e+00;7.821894e-01;1.442068e+00;3.170316e+00;-1.461819e+01;-6.694267e+00;-1.075142e+01;6.119310e+00;1.697272e+00;-7.654959e+00;1.224688e+01;-2.096329e-01
279;2.790000;3.999653e-01;4.730891e+00;4.736418e+00;1.639353e+00;-2.761288e+00;1.212630e+00;-1.277837e+01;-9.983694e+00;-1.042483e+01;4.209087e+00;3.991879e+00;-5.673536e+00;1.123081e+01;-7.824860e-01
280;2.800000;1.393641e+00;3.558722e+00;2.886053e-01;3.367141e+00;-4.233545e+00;2.994637e-01;-1.365614e+01;-1.172118e+01;-1.144765e+01;2.889071e-01;6.388052e+00;-5.319633e+00;1.287385e+01;-7.584610e-01
281;2.810000;2.059793e+00;4.608023e+00;-1.022987e+00;6.890930e+00;-3.358315e+00;3.576772e+00;-1.170578e+01;-1.077752e+01;-1.066662e+01;-6.640239e-01;1.110021e+01;-1.114793e+00;1.710778e+01;-8.380508e-01
282;2.820000;1.851930e+00;3.942884e+00;-3.394486e+00;6.014146e+00;-4.429880e+00;3.621780e+00;-1.050928e+01;-1.057094e+01;-1.061154e+01;-3.052593e+00;1.303269e+01;4.977822e+00;1.834743e+01;-1.633644e+00
283;2.830000;2.551165e+00;4.662914e+00;-1.582382e+00;6.150641e+00;-9.124565e-01;2.771718e+00;-1.011592e+01;-9.160074e+00;-1.421005e+01;-2.475953e+00;1.426084e+01;6.919049e+00;1.974404e+01;-1.872490e+00
284;2.840000;1.652996e+00;3.959423e+00;-2.041112e+00;2.194998e+00;-1.639803e+00;-1.160518e+00;-1.528826e+01;-9.647627e+00;-1.585836e+01;-5.123426e+00;1.234842e+01;4.043157e+00;1.823656e+01;-2.478966e+00
285;2.850000;3.117127e+00;5.660909e+00;-1.570894e+00;1.777763e-01;-7.942505e-01;2.174923e+00;-1.174977e+01;-2.661163e+00;-1.166504e+01;-6.184757e+00;9.565090e+00;1.581144e+00;1.844663e+01;-2.981033e+00
286;2.860000;4.771683e+00;4.614744e+00;-9.785371e-01;1.085943e+00;-3.732262e-01;5.186876e+00;-6.127434e+00;3.226254e+00;-6.729691e+00;-7.020961e+00;5.844121e+00;-4.124848e+00;1.633822e+01;-3.799561e+00
287;2.870000;4.103299e+00;2.028706e+00;-2.317033e+00;2.126512e+00;-2.929897e-01;4.347782e+00;-6.806687e+00;2.788899e+00;-3.930336e+00;-7.283771e+00;5.871722e+00;-5.458570e+00;1.414251e+01;-5.123444e+00
288;2.880000;4.259933e+00;3.939096e+00;6.293986e-01;4.358489e+00;1.977212e+00;5.528124e+00;-9.105582e+00;-7.640743e-02;-3.800562e+00;-6.795772e+00;6.026141e+00;-3.365883e+00;1.415912e+01;-6.578568e+00
289;2.890000;3.409220e+00;4.603095e+00;1.924690e+00;6.303750e+00;8.320407e+00;2.309368e+00;-1.268155e+01;-1.960522e+00;-2.130816e+00;-3.316135e+00;3.563268e+00;-8.697028e-01;1.482625e+01;-7.171707e+00
290;2.900000;1.421999e+00;-1.567532e+00;-2.734088e+00;9.020348e+00;1.758969e+01;-3.983337e+00;-1.076037e+01;-2.269506e+00;-1.829109e-01;-2.519707e+00;2.466583e+00;2.640699e+00;1.244303e+01;-4.818687e+00
291;2.910000;5.553904e-01;-4.817448e+00;-5.477193e+00;8.385426e+00;2.183037e+01;-4.885398e+00;-8.643059e+00;-2.551538e+00;1.981467e+00;1.618542e-01;3.040981e+00;6.494474e-01;9.221054e+00;-3.031242e+00
292;2.920000;1.566141e+00;-4.486855e+00;-5.633555e+00;8.401478e+00;2.507866e+01;-3.942950e+00;-6.496740e+00;-2.825102e+00;1.732540e+00;5.551025e+00;3.418966e+00;-6.980026e-01;7.148543e+00;-3.352592e+00
293;2.930000;5.542851e+00;-1.664530e+00;-6.175749e+00;8.660507e-01;1.604881e+01;-1.131991e+01;-8.027756e+00;7.969875e-01;6.381185e+00;1.719418e+01;1.071928e+01;3.781022e+00;8.569430e+00;-3.296120e+00
294;2.940000;6.147230e+00;-2.548815e+00;-5.111783e+00;-1.185517e+01;1.147350e+01;-1.128332e+01;-1.044635e+01;1.565257e+00;6.985352e+00;1.959665e+01;1.040752e+01;3.747726e+00;1.072543e+01;-9.084930e-01
295;2.950000;4.775798e+00;-4.600798e+00;-4.589075e+00;-1.534919e+01;1.176556e+01;-1.171336e+01;-1.167588e+01;-1.594912e+00;6.312315e+00;2.000402e+01;9.064602e+00;6.014754e+00;1.012902e+01;1.514328e+00
