1.467476e-01;1.213320e-01;1.646807e-01;4.175027e-02;4.569546e-02;5.950096e-02;2.310923e-01;3.137008e-02;2.716854e-02;3.858495e-02;4.840273e-02;4.367437e-02
1.046321e-01;9.941343e-02;1.218201e-01;2.647676e-02;4.326484e-02;8.322827e-02;3.720342e-01;3.002920e-02;2.259116e-02;3.462922e-02;3.653955e-02;2.534119e-02
4.956151e-02;6.426674e-02;6.011649e-02;1.148644e-02;5.134129e-02;1.142166e-01;5.803351e-01;2.115892e-02;8.196055e-03;1.843965e-02;1.457036e-02;6.310879e-03
1.752767e-02;4.160782e-02;1.644583e-02;6.253158e-03;4.568166e-02;9.972050e-02;7.149208e-01;3.164404e-02;6.760848e-03;6.837845e-03;8.722532e-03;3.877346e-03
1.347411e-02;4.031236e-02;1.766860e-02;5.236605e-03;3.781534e-02;6.146587e-02;7.361756e-01;5.612862e-02;7.859495e-03;5.956557e-03;1.350150e-02;4.405308e-03
1.219585e-02;3.496007e-02;1.695080e-02;4.729674e-03;3.667556e-02;3.559297e-02;7.295684e-01;9.613940e-02;1.015882e-02;6.817704e-03;1.238291e-02;3.827853e-03
8.634627e-03;2.452770e-02;2.511659e-02;3.134879e-03;2.690370e-02;2.059457e-02;6.988861e-01;1.621672e-01;1.326626e-02;5.400999e-03;8.006582e-03;3.360845e-03
6.915559e-03;1.552152e-02;3.611670e-02;2.761336e-03;1.630905e-02;1.364976e-02;6.541867e-01;2.252845e-01;1.575349e-02;5.767621e-03;4.287617e-03;3.446124e-03
6.185893e-03;1.366106e-02;4.049705e-02;2.866179e-03;1.499116e-02;1.328715e-02;6.153160e-01;2.599829e-01;1.755487e-02;8.071338e-03;4.191507e-03;3.394917e-03
6.234160e-03;2.101922e-02;3.696311e-02;3.164537e-03;1.441853e-02;1.071463e-02;6.042483e-01;2.616016e-01;2.334962e-02;8.763948e-03;5.420985e-03;4.101397e-03
5.483208e-03;1.791603e-02;3.247612e-02;2.795261e-03;1.459460e-02;1.290713e-02;6.279758e-01;2.536895e-01;1.715186e-02;4.806218e-03;5.762465e-03;4.441861e-03
3.679969e-03;1.647408e-02;3.496820e-02;2.869589e-03;2.151009e-02;1.774503e-02;6.393985e-01;2.318783e-01;1.742840e-02;3.743029e-03;6.896522e-03;3.408242e-03
2.276490e-03;2.380754e-02;3.653902e-02;3.806966e-03;2.844408e-02;1.826169e-02;6.641799e-01;1.937638e-01;1.035884e-02;2.974577e-03;1.220392e-02;3.383245e-03
2.777339e-03;3.709306e-02;2.661292e-02;2.079314e-03;3.483640e-02;2.223189e-02;6.987979e-01;1.376015e-01;1.053090e-02;4.175476e-03;2.024771e-02;3.015639e-03
3.721733e-03;5.094714e-02;1.576804e-02;2.098607e-03;3.685107e-02;3.755753e-02;7.216637e-01;8.396687e-02;1.210151e-02;3.449388e-03;2.831467e-02;3.559672e-03
1.058225e-02;5.287038e-02;1.779733e-02;8.242001e-03;4.551225e-02;8.787550e-02;6.903845e-01;3.922957e-02;1.538649e-02;1.053712e-02;1.912187e-02;2.460717e-03
2.749811e-02;4.022293e-02;3.708165e-02;1.984817e-02;8.446681e-02;1.863800e-01;5.043470e-01;4.320794e-02;1.145244e-02;3.176213e-02;1.068331e-02;3.049419e-03
3.643287e-02;1.445244e-02;5.519842e-02;2.265699e-02;1.627246e-01;2.585320e-01;3.155385e-01;5.297530e-02;1.925558e-02;3.723165e-02;1.312721e-02;1.187442e-02
1.816118e-02;1.233517e-02;4.837557e-02;2.368314e-02;2.552274e-01;1.957564e-01;3.037555e-01;5.176701e-02;3.996104e-02;1.521655e-02;6.869380e-03;2.889169e-02
7.180946e-03;1.083692e-02;1.405206e-01;6.438778e-02;3.329233e-01;1.020192e-01;1.805088e-01;5.729638e-02;4.718630e-02;6.150038e-03;1.512321e-02;3.586645e-02
8.044838e-03;9.517354e-03;2.565972e-01;1.430918e-01;2.369437e-01;7.782492e-02;1.254785e-01;5.800834e-02;2.217109e-02;3.705583e-03;4.292280e-02;1.569389e-02
9.168912e-03;1.158122e-02;3.629698e-01;1.718869e-01;1.311632e-01;5.210472e-02;1.255473e-01;5.202708e-02;1.410320e-02;4.768135e-03;5.919390e-02;5.485622e-03
2.065803e-02;1.303586e-02;4.574737e-01;1.408899e-01;8.192617e-02;3.698779e-02;1.187247e-01;4.536572e-02;2.219704e-02;1.272522e-02;4.601127e-02;4.004500e-03
3.047420e-02;3.129391e-02;4.168008e-01;1.051637e-01;5.361786e-02;2.185485e-02;1.150924e-01;3.052744e-02;4.281001e-02;3.897390e-02;7.912707e-02;3.426387e-02
3.912912e-02;6.648532e-02;1.833973e-01;1.069109e-01;7.532673e-02;3.944696e-02;1.056502e-01;4.847655e-02;4.244646e-02;6.114882e-02;1.548896e-01;7.669200e-02
3.683909e-02;1.431059e-01;1.312896e-01;1.367573e-01;7.381188e-02;3.379464e-02;7.696081e-02;5.374572e-02;2.767993e-02;4.551177e-02;1.611392e-01;7.936413e-02
2.510102e-02;2.533822e-01;1.471109e-01;1.876462e-01;6.472971e-02;1.788506e-02;3.872817e-02;6.890518e-02;1.213980e-02;1.862742e-02;1.224585e-01;4.328576e-02
1.560382e-02;2.619725e-01;1.669574e-01;2.278957e-01;6.846346e-02;2.773130e-02;2.637430e-02;8.234558e-02;8.311803e-03;8.831826e-03;9.378868e-02;1.172365e-02
1.394623e-02;1.624147e-01;1.910106e-01;2.747768e-01;7.557444e-02;3.046076e-02;1.815612e-02;9.770670e-02;7.819865e-03;9.596660e-03;1.147829e-01;3.754149e-03
2.776674e-02;1.011753e-01;1.926819e-01;2.868264e-01;7.436190e-02;3.176410e-02;1.827550e-02;1.051827e-01;6.618500e-03;6.684867e-03;1.430107e-01;5.651521e-03
5.647528e-02;8.034966e-02;1.744381e-01;2.601957e-01;7.377694e-02;2.806749e-02;7.430650e-03;1.033711e-01;6.387466e-03;6.639496e-03;1.906555e-01;1.221261e-02
5.213627e-02;5.526080e-02;2.014723e-01;2.262189e-01;6.468181e-02;2.176840e-02;1.412732e-02;8.939241e-02;4.385013e-03;2.633217e-02;2.343276e-01;9.896942e-03
3.166316e-02;5.213588e-02;2.876352e-01;1.756009e-01;4.517549e-02;2.131100e-02;3.465859e-02;6.021147e-02;1.249998e-02;5.547241e-02;2.115600e-01;1.207592e-02
2.718103e-02;6.050529e-02;3.913521e-01;1.209552e-01;4.753389e-02;2.403283e-02;6.780572e-02;2.820834e-02;1.829278e-02;5.591223e-02;1.376582e-01;2.056241e-02
2.304377e-02;4.775267e-02;4.653718e-01;9.713124e-02;7.477688e-02;3.720920e-02;7.810669e-02;2.516559e-02;1.889746e-02;3.140901e-02;8.333126e-02;1.780441e-02
1.939561e-02;5.636327e-02;4.717281e-01;1.192562e-01;7.465116e-02;3.982352e-02;4.906043e-02;3.995833e-02;1.701069e-02;3.764068e-02;6.173902e-02;1.337303e-02
2.306073e-02;6.793062e-02;4.294436e-01;1.444961e-01;7.546388e-02;3.288591e-02;5.560318e-02;5.201608e-02;1.445690e-02;2.013444e-02;6.343629e-02;2.107228e-02
3.764953e-02;6.929155e-02;4.436570e-01;1.226583e-01;6.057508e-02;3.124973e-02;4.656417e-02;5.136186e-02;1.656325e-02;2.306986e-02;7.178777e-02;2.557183e-02
5.268543e-02;6.372106e-02;3.273931e-01;1.073015e-01;6.252801e-02;3.339127e-02;6.457046e-02;7.110389e-02;3.213203e-02;4.888094e-02;1.012630e-01;3.502944e-02
6.424699e-02;7.994577e-02;1.322877e-01;1.109571e-01;1.041593e-01;4.733202e-02;9.033541e-02;1.002409e-01;4.979439e-02;7.525349e-02;1.003811e-01;4.506572e-02
3.877808e-02;5.568967e-02;9.482627e-02;7.598248e-02;1.139617e-01;6.662543e-02;1.371035e-01;1.133183e-01;9.024628e-02;8.506751e-02;9.189036e-02;3.651037e-02
2.924211e-02;6.014290e-02;1.471308e-01;4.906353e-02;8.816954e-02;4.997567e-02;1.545176e-01;1.263548e-01;1.018411e-01;8.369738e-02;9.296974e-02;1.689484e-02
4.796325e-02;8.394457e-02;2.590756e-01;5.131086e-02;5.413773e-02;2.992805e-02;1.131554e-01;1.028883e-01;7.371476e-02;1.080448e-01;5.570871e-02;2.012796e-02
7.232480e-02;1.453518e-01;3.386729e-01;3.658132e-02;2.537881e-02;3.804687e-02;7.242256e-02;5.834512e-02;5.527584e-02;1.161197e-01;2.317473e-02;1.830558e-02
1.300166e-01;1.937179e-01;3.045416e-01;1.780224e-02;1.067688e-02;4.622275e-02;3.244064e-02;2.573266e-02;1.310382e-01;7.070109e-02;7.500184e-03;2.960926e-02
1.782144e-01;1.885368e-01;2.183364e-01;1.343802e-02;1.720436e-02;3.775743e-02;2.053315e-02;5.844105e-02;1.703742e-01;3.476829e-02;2.341719e-02;3.897861e-02
1.435323e-01;2.049828e-01;1.427436e-01;3.035183e-02;3.338601e-02;1.579866e-02;3.345367e-02;1.060999e-01;1.447239e-01;3.982943e-02;5.782049e-02;4.727737e-02
9.053076e-02;1.940633e-01;2.095060e-01;3.759208e-02;2.347000e-02;3.418677e-02;3.425499e-02;7.168737e-02;1.145464e-01;7.821096e-02;8.496239e-02;2.698898e-02
1.482664e-01;1.632997e-01;1.496370e-01;3.290826e-02;2.495282e-02;3.526247e-02;4.960694e-02;3.843422e-02;1.090128e-01;8.074759e-02;1.048859e-01;6.298594e-02
1.839754e-01;1.469233e-01;9.179546e-02;4.297131e-02;2.785252e-02;3.255266e-02;3.915196e-02;4.752358e-02;5.904193e-02;7.933445e-02;1.000937e-01;1.487838e-01
3.417740e-01;1.364498e-01;6.332182e-02;3.428475e-02;1.675529e-02;2.717710e-02;4.263045e-02;4.178768e-02;3.241634e-02;6.705754e-02;4.475597e-02;1.515893e-01
4.321948e-01;1.239875e-01;4.173048e-02;2.883300e-02;1.168731e-02;2.590792e-02;4.403533e-02;4.342806e-02;3.650974e-02;6.696580e-02;1.742233e-02;1.272977e-01
4.628046e-01;1.030138e-01;2.435246e-02;2.462258e-02;9.366279e-03;3.255295e-02;4.794258e-02;4.859389e-02;4.383321e-02;7.237908e-02;1.109353e-02;1.194450e-01
3.896016e-01;7.886001e-02;1.743051e-02;3.394110e-02;4.596661e-03;4.003650e-02;8.913980e-02;4.532319e-02;3.996028e-02;8.020212e-02;2.143813e-02;1.594700e-01
2.496123e-01;9.737615e-02;1.965448e-02;4.975358e-02;6.877137e-03;4.085534e-02;1.279306e-01;4.129231e-02;3.157454e-02;6.974199e-02;6.888289e-02;1.964486e-01
1.407330e-01;6.087726e-02;3.486216e-02;5.185958e-02;2.287086e-02;4.702098e-02;1.323828e-01;4.363921e-02;4.637226e-02;7.604305e-02;1.506280e-01;1.927109e-01
7.201116e-02;3.757913e-02;6.689301e-02;4.543345e-02;5.027174e-02;5.380408e-02;1.146672e-01;5.711432e-02;6.391384e-02;1.032285e-01;1.900241e-01;1.450594e-01
1.144782e-01;4.314697e-02;1.058369e-01;4.643415e-02;7.439931e-02;5.316427e-02;7.579202e-02;5.990617e-02;6.515019e-02;1.169862e-01;1.396717e-01;1.050339e-01
1.800757e-01;6.913784e-02;1.007820e-01;4.313140e-02;5.513572e-02;4.430408e-02;1.258451e-01;5.756758e-02;6.220416e-02;7.518651e-02;6.647538e-02;1.201545e-01
1.410716e-01;7.636302e-02;9.710891e-02;5.617082e-02;4.758248e-02;2.886415e-02;1.517194e-01;6.132197e-02;6.301481e-02;7.315953e-02;7.909766e-02;1.245256e-01
2.321742e-01;1.070156e-01;5.728749e-02;5.394240e-02;3.099192e-02;2.983057e-02;9.336606e-02;4.984697e-02;5.534915e-02;7.599290e-02;9.448385e-02;1.197189e-01
2.885647e-01;1.172553e-01;3.617094e-02;4.388531e-02;2.777106e-02;2.800604e-02;8.547733e-02;6.358625e-02;5.825173e-02;4.846399e-02;8.166079e-02;1.209065e-01
2.276219e-01;1.016490e-01;4.877995e-02;3.522233e-02;3.877911e-02;4.106150e-02;1.102139e-01;7.588156e-02;7.836921e-02;3.800598e-02;8.422209e-02;1.201934e-01
1.597941e-01;8.496621e-02;5.648336e-02;3.954541e-02;4.536476e-02;4.081181e-02;7.119996e-02;7.045543e-02;9.805838e-02;8.005084e-02;1.567869e-01;9.648285e-02
2.305263e-01;7.431804e-02;5.340590e-02;4.812237e-02;3.348792e-02;3.006045e-02;7.697517e-02;4.864311e-02;7.720669e-02;9.051093e-02;9.717533e-02;1.395678e-01
2.585762e-01;1.041248e-01;5.518474e-02;4.152878e-02;3.912178e-02;3.403815e-02;6.893791e-02;3.096959e-02;7.271567e-02;9.556218e-02;9.129471e-02;1.079455e-01
2.186258e-01;1.104565e-01;7.201646e-02;4.036201e-02;4.839749e-02;3.338697e-02;1.020930e-01;2.159831e-02;6.251501e-02;8.368234e-02;1.164805e-01;9.038562e-02
1.511329e-01;8.254899e-02;1.267048e-01;4.844096e-02;5.846421e-02;6.440049e-02;1.034718e-01;2.586266e-02;5.869722e-02;7.608062e-02;1.075308e-01;9.666463e-02
8.896506e-02;6.216533e-02;2.098465e-01;5.557800e-02;5.693562e-02;6.194515e-02;1.009128e-01;5.452111e-02;5.066470e-02;6.730162e-02;8.372394e-02;1.074402e-01
1.459101e-01;5.561116e-02;1.559281e-01;4.146255e-02;5.159617e-02;3.506038e-02;6.847911e-02;4.586707e-02;5.808298e-02;6.782448e-02;1.080534e-01;1.661246e-01
1.967448e-01;3.638401e-02;9.401889e-02;2.301400e-02;2.686219e-02;2.382258e-02;6.254154e-02;3.484727e-02;4.241196e-02;5.572778e-02;1.563657e-01;2.472593e-01
2.390468e-01;3.682329e-02;4.044906e-02;2.156042e-02;1.102328e-02;1.215991e-02;6.156764e-02;2.459516e-02;1.371525e-02;3.123431e-02;1.625500e-01;3.452749e-01
2.735270e-01;3.059934e-02;1.227568e-02;2.744432e-02;5.075681e-03;9.265786e-03;6.648554e-02;2.306991e-02;5.747864e-03;1.629554e-02;1.081195e-01;4.220938e-01
3.615010e-01;1.493850e-02;1.700702e-02;2.689226e-02;6.768259e-03;7.115388e-03;6.619947e-02;3.133877e-02;8.550322e-03;1.565262e-02;5.275648e-02;3.912799e-01
5.237399e-01;6.359916e-02;1.757243e-02;1.593790e-02;1.806517e-02;3.201531e-03;3.816869e-02;5.411300e-02;1.562035e-02;1.004201e-02;2.420622e-02;2.157336e-01
5.633805e-01;1.692896e-01;2.354658e-02;4.518063e-03;2.570305e-02;3.288585e-03;1.662792e-02;5.527942e-02;2.542518e-02;5.827806e-03;1.516070e-02;9.195255e-02
4.261293e-01;3.248967e-01;7.405771e-02;6.126176e-03;2.175978e-02;7.570415e-03;1.045605e-02;3.126435e-02;4.088089e-02;4.418856e-03;1.213847e-02;4.030134e-02
2.356981e-01;3.857356e-01;2.104490e-01;1.966837e-02;1.190249e-02;1.763166e-02;1.115763e-02;1.372815e-02;5.412253e-02;6.150708e-03;8.370978e-03;2.538488e-02
8.260158e-02;3.155624e-01;3.839973e-01;4.387020e-02;1.159664e-02;2.628523e-02;3.403107e-02;1.458068e-02;4.987147e-02;1.895306e-02;4.353552e-03;1.429685e-02
4.460493e-02;1.962887e-01;4.417844e-01;4.543822e-02;2.110738e-02;2.072539e-02;9.571135e-02;3.775835e-02;2.907413e-02;5.327690e-02;5.595602e-03;8.634605e-03
6.810437e-02;1.059016e-01;4.426602e-01;3.808549e-02;1.831756e-02;8.616477e-03;1.333171e-01;6.135774e-02;2.645995e-02;7.228717e-02;1.763615e-02;7.256215e-03
5.008709e-02;4.610756e-02;4.492483e-01;6.000227e-02;1.197687e-02;9.100500e-03;1.226970e-01;6.714766e-02;3.164914e-02;6.037084e-02;8.318826e-02;8.424523e-03
4.188830e-02;6.897524e-02;3.874398e-01;1.044793e-01;2.196365e-02;2.077454e-02;6.669154e-02;4.797919e-02;2.759014e-02;3.379032e-02;1.531370e-01;2.529103e-02
5.939661e-02;8.444135e-02;3.272182e-01;1.348178e-01;5.488237e-02;3.378103e-02;3.779348e-02;4.452499e-02;1.894706e-02;3.777708e-02;1.261711e-01;4.024891e-02
8.492452e-02;1.085580e-01;3.314459e-01;1.192048e-01;9.221131e-02;3.856799e-02;4.012527e-02;4.561460e-02;2.013672e-02;4.173131e-02;4.157050e-02;3.590909e-02
7.565144e-02;1.281619e-01;3.747307e-01;1.142401e-01;1.039726e-01;3.340136e-02;3.604623e-02;3.028658e-02;1.308999e-02;4.459725e-02;2.865244e-02;1.716946e-02
4.741088e-02;1.135295e-01;3.589804e-01;1.135074e-01;1.202793e-01;3.546166e-02;5.070373e-02;2.398789e-02;1.250292e-02;5.990086e-02;4.888742e-02;1.484802e-02
2.796683e-02;1.236944e-01;3.154595e-01;1.068242e-01;1.284691e-01;4.763529e-02;3.439003e-02;6.589261e-02;1.705700e-02;6.716211e-02;5.025531e-02;1.519356e-02
1.649250e-02;8.927733e-02;2.919459e-01;1.324100e-01;1.046331e-01;8.009020e-02;3.033180e-02;1.186834e-01;2.434906e-02;4.477968e-02;5.128540e-02;1.572167e-02
1.482445e-02;5.081822e-02;3.030027e-01;1.511038e-01;8.636455e-02;1.152250e-01;2.659972e-02;1.197576e-01;4.549605e-02;2.498253e-02;5.031944e-02;1.150597e-02
3.421281e-02;2.875777e-02;3.630714e-01;1.009596e-01;1.253493e-01;9.083282e-02;6.035270e-02;6.061058e-02;6.305677e-02;3.123964e-02;3.339278e-02;8.163832e-03
4.432792e-02;4.440038e-02;4.205433e-01;4.569057e-02;1.577565e-01;4.329722e-02;6.813059e-02;3.327158e-02;5.069314e-02;3.997925e-02;3.342544e-02;1.848412e-02
5.952172e-02;7.760403e-02;3.786801e-01;6.586538e-02;1.124417e-01;5.326785e-02;5.089019e-02;5.377480e-02;4.966828e-02;2.955557e-02;3.912549e-02;2.960493e-02
8.046051e-02;9.358754e-02;3.185197e-01;7.119317e-02;1.005013e-01;6.698769e-02;6.518344e-02;5.335723e-02;4.626576e-02;3.634801e-02;4.676170e-02;2.083384e-02
7.424441e-02;1.106111e-01;3.350594e-01;1.017675e-01;1.066095e-01;5.646101e-02;4.898388e-02;2.833062e-02;4.424581e-02;4.441905e-02;3.261000e-02;1.665772e-02
7.515789e-02;1.681685e-01;2.872590e-01;9.098681e-02;9.024628e-02;3.438360e-02;5.266114e-02;1.954304e-02;6.450908e-02;4.887800e-02;3.833108e-02;2.987545e-02
8.831180e-02;1.521449e-01;2.425595e-01;6.715254e-02;6.748705e-02;5.279802e-02;5.684382e-02;2.568870e-02;9.396372e-02;7.125024e-02;4.577262e-02;3.602709e-02
1.257531e-01;1.142901e-01;1.921689e-01;5.854668e-02;7.869567e-02;8.776058e-02;5.047560e-02;4.059620e-02;8.658466e-02;8.748539e-02;4.531371e-02;3.232941e-02
1.540374e-01;1.332410e-01;1.623583e-01;7.396490e-02;7.722495e-02;9.244256e-02;4.540583e-02;4.540088e-02;4.691900e-02;6.901290e-02;6.331372e-02;3.667855e-02
1.620734e-01;1.477482e-01;1.431865e-01;8.039446e-02;8.665229e-02;7.426239e-02;6.465307e-02;6.374304e-02;6.694374e-02;4.659003e-02;3.447198e-02;2.928091e-02
1.608470e-01;1.478014e-01;1.125006e-01;6.411458e-02;1.042502e-01;6.831817e-02;9.308142e-02;5.979857e-02;7.852434e-02;4.334725e-02;3.562241e-02;3.179418e-02
1.544504e-01;9.479003e-02;1.442132e-01;3.982232e-02;1.020283e-01;4.895712e-02;9.039330e-02;5.418288e-02;1.044638e-01;6.511948e-02;5.089174e-02;5.068755e-02
1.698135e-01;7.699191e-02;1.209666e-01;4.418583e-02;5.108101e-02;5.571036e-02;8.864707e-02;5.709691e-02;1.352529e-01;6.520562e-02;6.513673e-02;6.991156e-02
1.230209e-01;1.441773e-01;1.051863e-01;6.299441e-02;5.755595e-02;7.138585e-02;9.268103e-02;6.038659e-02;8.735171e-02;5.910543e-02;6.206067e-02;7.409387e-02
1.226035e-01;1.535699e-01;1.457451e-01;8.959608e-02;6.314190e-02;8.502893e-02;1.115276e-01;3.198825e-02;4.722761e-02;4.812822e-02;3.757879e-02;6.386409e-02
1.495716e-01;1.484082e-01;1.624422e-01;8.684437e-02;6.486654e-02;5.871718e-02;1.217999e-01;3.132823e-02;5.247141e-02;3.198850e-02;3.163910e-02;5.992266e-02
1.310039e-01;1.090108e-01;1.691994e-01;7.606839e-02;7.281459e-02;3.822713e-02;9.887752e-02;4.109248e-02;7.568631e-02;7.149857e-02;4.001069e-02;7.651019e-02
9.958042e-02;5.638617e-02;2.135199e-01;5.131795e-02;6.804256e-02;5.291624e-02;9.179159e-02;4.624927e-02;8.020552e-02;1.120830e-01;4.499333e-02;8.291409e-02
9.063970e-02;7.105874e-02;1.436934e-01;7.157518e-02;1.210235e-01;6.750698e-02;7.642326e-02;5.002751e-02;8.583015e-02;9.357531e-02;6.185970e-02;6.678663e-02
1.310076e-01;6.601308e-02;1.083341e-01;6.730275e-02;1.172816e-01;1.177346e-01;6.414665e-02;4.709394e-02;1.041558e-01;5.976012e-02;5.315999e-02;6.400970e-02
1.605710e-01;6.783406e-02;1.018965e-01;7.505950e-02;8.842231e-02;1.232745e-01;7.014087e-02;6.046612e-02;9.986735e-02;5.570384e-02;5.680650e-02;3.995742e-02
1.225306e-01;7.338407e-02;1.057891e-01;7.867090e-02;8.914954e-02;8.144715e-02;8.853396e-02;8.379062e-02;8.002403e-02;5.738306e-02;7.312586e-02;6.617112e-02
1.238617e-01;8.871314e-02;1.260187e-01;6.766056e-02;9.839368e-02;5.056393e-02;1.174776e-01;8.289409e-02;6.740664e-02;5.210781e-02;5.052165e-02;7.438045e-02
1.422651e-01;8.825485e-02;1.381986e-01;4.285079e-02;9.589619e-02;4.811340e-02;1.063600e-01;7.951394e-02;7.192287e-02;5.854962e-02;5.901799e-02;6.905663e-02
1.530255e-01;7.258104e-02;1.307761e-01;3.788883e-02;8.639156e-02;5.579335e-02;1.002400e-01;8.162867e-02;8.009784e-02;6.552140e-02;9.038232e-02;4.567339e-02
1.405553e-01;6.552279e-02;1.049328e-01;5.861368e-02;3.906145e-02;4.762202e-02;8.769037e-02;7.647681e-02;1.149498e-01;8.493120e-02;1.199656e-01;5.967827e-02
1.086306e-01;6.903810e-02;1.315617e-01;4.881760e-02;5.729679e-02;5.924386e-02;1.288274e-01;4.377950e-02;1.228110e-01;7.764893e-02;9.304604e-02;5.929846e-02
1.426083e-01;5.273155e-02;1.486026e-01;4.640492e-02;6.069916e-02;5.215956e-02;1.386217e-01;3.687510e-02;1.064770e-01;5.627343e-02;1.193917e-01;3.915495e-02
1.196080e-01;4.406754e-02;9.859555e-02;5.735528e-02;7.003418e-02;6.147315e-02;1.221306e-01;6.476782e-02;9.754544e-02;9.832203e-02;1.070618e-01;5.903859e-02
6.890842e-02;7.644519e-02;7.815661e-02;7.396781e-02;8.726114e-02;7.212864e-02;1.222773e-01;7.999759e-02;9.594456e-02;1.114532e-01;7.256483e-02;6.089466e-02
1.674831e-01;7.101305e-02;1.166436e-01;6.943894e-02;8.063567e-02;5.232233e-02;8.116167e-02;6.263630e-02;8.814648e-02;9.084037e-02;6.783354e-02;5.184492e-02
1.243692e-01;6.130250e-02;2.359739e-01;6.133838e-02;8.731528e-02;4.903836e-02;6.642334e-02;4.834848e-02;9.514561e-02;7.640615e-02;6.702264e-02;2.731617e-02
7.376359e-02;7.158270e-02;3.007411e-01;6.285291e-02;1.177360e-01;2.678097e-02;8.135068e-02;3.953586e-02;6.530574e-02;1.007315e-01;2.856844e-02;3.105052e-02
6.195384e-02;1.118274e-01;3.701107e-01;3.268845e-02;1.296403e-01;1.160961e-02;5.597270e-02;3.859723e-02;4.303791e-02;1.061637e-01;1.344286e-02;2.495534e-02
6.099388e-02;1.288609e-01;4.237670e-01;4.176063e-02;1.184554e-01;1.285854e-02;3.315391e-02;2.970176e-02;3.449680e-02;9.055699e-02;1.405167e-02;1.134252e-02
7.448825e-02;1.233060e-01;4.311806e-01;8.814469e-02;9.231339e-02;1.282836e-02;2.778170e-02;2.088823e-02;3.077229e-02;6.084196e-02;2.965752e-02;7.796959e-03
7.437038e-02;1.052664e-01;4.056542e-01;1.509290e-01;6.992078e-02;1.915469e-02;2.160294e-02;2.985964e-02;2.893903e-02;3.360523e-02;5.236141e-02;8.336260e-03
5.178125e-02;8.110029e-02;3.703236e-01;1.800951e-01;5.667515e-02;4.163418e-02;4.237011e-02;4.670615e-02;3.542982e-02;1.919012e-02;6.789732e-02;6.796894e-03
3.029257e-02;9.103312e-02;3.395369e-01;1.013143e-01;5.025058e-02;5.546794e-02;9.593999e-02;5.957985e-02;5.776491e-02;3.738980e-02;5.328121e-02;2.814885e-02
8.552970e-02;1.092491e-01;3.231869e-01;5.471319e-02;4.665145e-02;4.267270e-02;7.641456e-02;5.380216e-02;6.688500e-02;5.328079e-02;3.700494e-02;5.060952e-02
8.160326e-02;1.156278e-01;3.547992e-01;4.562133e-02;4.148725e-02;5.023935e-02;5.127554e-02;3.936041e-02;8.460992e-02;5.090112e-02;1.983432e-02;6.464053e-02
2.438378e-02;1.287852e-01;3.986139e-01;4.710510e-02;2.536988e-02;7.279801e-02;3.110100e-02;3.036104e-02;1.271638e-01;2.889583e-02;2.666881e-02;5.875364e-02
3.960192e-02;1.608771e-01;3.338142e-01;4.666748e-02;4.997407e-02;6.892612e-02;4.698767e-02;3.618627e-02;1.299011e-01;2.218067e-02;3.678380e-02;2.809959e-02
6.786145e-02;1.735092e-01;3.535745e-01;4.647088e-02;9.008493e-02;4.233878e-02;5.416201e-02;4.413726e-02;5.947546e-02;2.988667e-02;2.252473e-02;1.597414e-02
6.991036e-02;1.495529e-01;4.128175e-01;5.498187e-02;1.096754e-01;4.658416e-02;3.268351e-02;2.998992e-02;2.517966e-02;4.162935e-02;1.365151e-02;1.334376e-02
7.618348e-02;1.401748e-01;3.520759e-01;7.234382e-02;9.915116e-02;5.583432e-02;4.767434e-02;4.398065e-02;2.854494e-02;4.000046e-02;2.070031e-02;2.333579e-02
1.093443e-01;1.549342e-01;2.025869e-01;8.539546e-02;9.560117e-02;5.042904e-02;8.527520e-02;5.945070e-02;4.192016e-02;3.529320e-02;3.679100e-02;4.297864e-02
6.475929e-02;1.671348e-01;2.248250e-01;8.663597e-02;1.056727e-01;3.067975e-02;8.608032e-02;4.989251e-02;3.395385e-02;5.705986e-02;4.433201e-02;4.897401e-02
8.002298e-02;1.388745e-01;3.711667e-01;7.344616e-02;6.952196e-02;2.681302e-02;5.963907e-02;2.234329e-02;3.661631e-02;5.746373e-02;3.236332e-02;3.172891e-02
1.486457e-01;1.389307e-01;2.921962e-01;5.410297e-02;8.834790e-02;2.261219e-02;6.037519e-02;4.496428e-02;3.900085e-02;3.644525e-02;4.014695e-02;3.423196e-02
1.517611e-01;1.654643e-01;2.081449e-01;3.958888e-02;9.152222e-02;3.016036e-02;6.665428e-02;6.086532e-02;4.844752e-02;5.679583e-02;5.008769e-02;3.050765e-02
7.482004e-02;1.432817e-01;1.826459e-01;1.219905e-01;5.787119e-02;3.254594e-02;4.523086e-02;4.910906e-02;5.637180e-02;6.503020e-02;9.074680e-02;8.035602e-02
3.159699e-02;1.159486e-01;1.981649e-01;1.315589e-01;6.549967e-02;3.873647e-02;4.729049e-02;4.552390e-02;5.357451e-02;7.922784e-02;1.010381e-01;9.183960e-02
5.122565e-02;1.107591e-01;2.098847e-01;1.204003e-01;5.575906e-02;4.104307e-02;4.305210e-02;4.694641e-02;4.872536e-02;8.213989e-02;1.026118e-01;8.745240e-02
9.623743e-02;7.715186e-02;2.254144e-01;8.137692e-02;7.178803e-02;4.896554e-02;6.669052e-02;5.299133e-02;3.939277e-02;7.970735e-02;9.777378e-02;6.251003e-02
8.414677e-02;4.826295e-02;1.845657e-01;9.475286e-02;8.460858e-02;5.127043e-02;9.495372e-02;6.757317e-02;3.601031e-02;7.687237e-02;1.350910e-01;4.189219e-02
7.415418e-02;5.033667e-02;1.964057e-01;1.005779e-01;6.375312e-02;3.910817e-02;7.642074e-02;5.540484e-02;5.845196e-02;1.036374e-01;1.399069e-01;4.184248e-02
6.686746e-02;9.388442e-02;2.152021e-01;6.802871e-02;4.046508e-02;2.975605e-02;5.773867e-02;3.913878e-02;1.488584e-01;1.156428e-01;7.718789e-02;4.722965e-02
6.573176e-02;1.660680e-01;1.689183e-01;3.348545e-02;1.902059e-02;4.276842e-02;3.462797e-02;3.015557e-02;2.681607e-01;8.729718e-02;2.817628e-02;5.558981e-02
1.074523e-01;2.194835e-01;1.005066e-01;2.033335e-02;1.510594e-02;6.007248e-02;1.726672e-02;4.208983e-02;3.144064e-01;4.522663e-02;1.037541e-02;4.768083e-02
1.743556e-01;2.095530e-01;8.173846e-02;2.465291e-02;3.270067e-02;5.045943e-02;4.252206e-02;8.851420e-02;2.061462e-01;3.928290e-02;1.879653e-02;3.127804e-02
1.385320e-01;1.546902e-01;1.246846e-01;3.499571e-02;5.536019e-02;4.338338e-02;5.990967e-02;1.134155e-01;1.583676e-01;4.192019e-02;3.916764e-02;3.557327e-02
6.208999e-02;1.357209e-01;1.389290e-01;5.035393e-02;6.923628e-02;6.123882e-02;5.750607e-02;7.820729e-02;1.714801e-01;6.522319e-02;6.658734e-02;4.342703e-02
1.057710e-01;7.976831e-02;1.653859e-01;3.754657e-02;8.502349e-02;6.244585e-02;4.970368e-02;8.454024e-02;1.543780e-01;8.464458e-02;5.634983e-02;3.444260e-02
1.349478e-01;7.431621e-02;2.149882e-01;1.932045e-02;1.297814e-01;2.864506e-02;3.724266e-02;1.047145e-01;1.266715e-01;4.485397e-02;5.586965e-02;2.864852e-02
2.236553e-01;1.225469e-01;1.734779e-01;1.362053e-02;1.407244e-01;9.049347e-03;2.937868e-02;7.893091e-02;6.625828e-02;2.847173e-02;8.141677e-02;3.246934e-02
3.165151e-01;1.447660e-01;1.372086e-01;1.414776e-02;1.350895e-01;1.532001e-02;1.412929e-02;4.411428e-02;3.796197e-02;2.782022e-02;8.671938e-02;2.620787e-02
3.636126e-01;1.486881e-01;1.156019e-01;1.789670e-02;1.261019e-01;1.361263e-02;1.404518e-02;2.875628e-02;4.120239e-02;1.435089e-02;8.913377e-02;2.699772e-02
3.248045e-01;1.600049e-01;1.522603e-01;3.969944e-02;9.305593e-02;1.904673e-02;3.055255e-02;3.399507e-02;2.763622e-02;1.768551e-02;7.343694e-02;2.782184e-02
2.741192e-01;1.776272e-01;1.914407e-01;6.904655e-02;5.945817e-02;1.859826e-02;4.028752e-02;4.288241e-02;4.551599e-02;2.144941e-02;3.938501e-02;2.018959e-02
2.818238e-01;1.994251e-01;1.858701e-01;7.051483e-02;3.544487e-02;1.929212e-02;3.561819e-02;3.819220e-02;6.902673e-02;2.780978e-02;2.265531e-02;1.432689e-02
2.888967e-01;2.218272e-01;1.906805e-01;3.897435e-02;2.993092e-02;1.857097e-02;2.994336e-02;2.518117e-02;6.415126e-02;5.478231e-02;2.578117e-02;1.128005e-02
2.833786e-01;2.060980e-01;2.269680e-01;2.179906e-02;4.631039e-02;2.482607e-02;4.023844e-02;2.366072e-02;3.696912e-02;5.626255e-02;1.997510e-02;1.351400e-02
3.145207e-01;1.742125e-01;2.097165e-01;1.318477e-02;1.144891e-01;2.368860e-02;3.345972e-02;2.403633e-02;2.947126e-02;3.285228e-02;1.292112e-02;1.744711e-02
3.271562e-01;1.444720e-01;2.038427e-01;1.302479e-02;1.773681e-01;1.145819e-02;2.867315e-02;2.430105e-02;2.177401e-02;1.417979e-02;1.327372e-02;2.047627e-02
3.171338e-01;1.572385e-01;1.924513e-01;1.585343e-02;1.790812e-01;1.251196e-02;4.196267e-02;1.738923e-02;1.618443e-02;1.698470e-02;1.561154e-02;1.759710e-02
2.675178e-01;2.087213e-01;2.034230e-01;1.186411e-02;1.113511e-01;1.647074e-02;7.988244e-02;2.207199e-02;2.518132e-02;2.454799e-02;1.637928e-02;1.258888e-02
1.902940e-01;2.526849e-01;2.443991e-01;1.234899e-02;5.048149e-02;1.951870e-02;1.118888e-01;2.797205e-02;3.257969e-02;2.287460e-02;2.397197e-02;1.098572e-02
1.679948e-01;2.837165e-01;2.754399e-01;2.260533e-02;2.748843e-02;1.959924e-02;9.612389e-02;1.828672e-02;3.969450e-02;1.438725e-02;2.420564e-02;1.045787e-02
2.147794e-01;2.829468e-01;2.550884e-01;2.684959e-02;1.868616e-02;1.998146e-02;4.951920e-02;1.284795e-02;5.150828e-02;1.121700e-02;3.900005e-02;1.757565e-02
1.799650e-01;2.765706e-01;1.863890e-01;2.262861e-02;9.839737e-03;3.833802e-02;2.232046e-02;1.059446e-02;8.573972e-02;1.744267e-02;1.250276e-01;2.514407e-02
1.109606e-01;2.607640e-01;1.474318e-01;2.454919e-02;4.851174e-03;8.054329e-02;1.660261e-02;1.654286e-02;1.382893e-01;2.674063e-02;1.497920e-01;2.293235e-02
7.867552e-02;2.202544e-01;1.871885e-01;1.995227e-02;3.836751e-03;1.267225e-01;1.531804e-02;3.569954e-02;1.735746e-01;2.969856e-02;7.514318e-02;3.393614e-02
4.929907e-02;1.577365e-01;2.689306e-01;1.476600e-02;8.793907e-03;1.957551e-01;2.112331e-02;4.783140e-02;1.437767e-01;3.780010e-02;1.489004e-02;3.929726e-02
2.839946e-02;7.567813e-02;3.449711e-01;1.193398e-02;2.308710e-02;2.852647e-01;3.624689e-02;3.120163e-02;6.966785e-02;6.345369e-02;7.099118e-03;2.299630e-02
2.074175e-02;2.095631e-02;4.124230e-01;1.936862e-02;4.095418e-02;2.386954e-01;8.717968e-02;1.330252e-02;3.160612e-02;9.499594e-02;1.049224e-02;9.284219e-03
1.573021e-02;3.111721e-02;4.977527e-01;3.998047e-02;4.339226e-02;9.336038e-02;1.191832e-01;7.539017e-03;2.916980e-02;1.041525e-01;1.328281e-02;5.339359e-03
1.686267e-02;2.265078e-02;5.381518e-01;1.001360e-01;3.079913e-02;2.972429e-02;1.114279e-01;9.398526e-03;3.901786e-02;7.449872e-02;2.399191e-02;3.340450e-03
1.937797e-02;1.108416e-02;4.444209e-01;2.613018e-01;2.810511e-02;3.367951e-02;5.168829e-02;2.351247e-02;3.539790e-02;3.909249e-02;4.996247e-02;2.376907e-03
1.503749e-02;1.469179e-02;2.908990e-01;4.572051e-01;2.739904e-02;2.297627e-02;1.705845e-02;4.829201e-02;2.122790e-02;1.874909e-02;6.171874e-02;4.745128e-03
6.075817e-03;1.001578e-02;1.649090e-01;6.096343e-01;3.812195e-02;1.729349e-02;8.403588e-03;6.878521e-02;7.423588e-03;6.662226e-03;5.922097e-02;3.454044e-03
7.627208e-03;1.665805e-02;1.665610e-01;6.103114e-01;3.740710e-02;1.337514e-02;9.350474e-03;7.458657e-02;6.748700e-03;6.234956e-03;4.821269e-02;2.926658e-03
4.568300e-03;1.387087e-02;2.034692e-01;5.862119e-01;3.406194e-02;1.442372e-02;9.899869e-03;7.190412e-02;5.620281e-03;8.806188e-03;4.392652e-02;3.237190e-03
2.661809e-03;1.476289e-02;1.844984e-01;5.774388e-01;5.351686e-02;1.505676e-02;9.786435e-03;9.012511e-02;5.479089e-03;1.031085e-02;3.294178e-02;3.421191e-03
3.407972e-03;2.389944e-02;1.521525e-01;4.856198e-01;1.586358e-01;1.660208e-02;9.250765e-03;1.041213e-01;9.094153e-03;1.415275e-02;1.639715e-02;6.666243e-03
4.585567e-03;1.936441e-02;1.003961e-01;2.903810e-01;3.892137e-01;4.942126e-02;1.507729e-02;7.275547e-02;9.156841e-03;1.337630e-02;1.881654e-02;1.745552e-02
3.311968e-03;1.131052e-02;9.824956e-02;1.687068e-01;4.671549e-01;9.538377e-02;3.011147e-02;2.841238e-02;4.468277e-02;1.383493e-02;7.908562e-03;3.093241e-02
5.264875e-03;6.274847e-03;7.330170e-02;1.267187e-01;3.823136e-01;8.998099e-02;6.626705e-02;1.772222e-02;1.364963e-01;4.788168e-02;4.294118e-03;4.348391e-02
1.292779e-02;8.470090e-03;9.694136e-02;6.530392e-02;2.718302e-01;5.655071e-02;1.111502e-01;1.787798e-02;1.884098e-01;1.115241e-01;1.506779e-02;4.394601e-02
3.664919e-02;9.670985e-03;1.446086e-01;8.332403e-02;2.315118e-01;6.329799e-02;1.206169e-01;8.890557e-03;1.334084e-01;1.091145e-01;2.573766e-02;3.316936e-02
4.711628e-02;1.354114e-02;2.377520e-01;9.560190e-02;2.244050e-01;9.275115e-02;1.080417e-01;1.724127e-02;5.590573e-02;4.605378e-02;3.014355e-02;3.144652e-02
2.196313e-02;8.230397e-03;3.282937e-01;7.531679e-02;1.744911e-01;8.622595e-02;1.057216e-01;3.331248e-02;9.184423e-02;2.511787e-02;1.595455e-02;3.352827e-02
1.328381e-02;6.285449e-03;3.365501e-01;5.492842e-02;1.813354e-01;6.682196e-02;1.077970e-01;3.215922e-02;1.488739e-01;1.523472e-02;6.918300e-03;2.981175e-02
6.739774e-03;4.153962e-03;2.434478e-01;5.880847e-02;2.230933e-01;7.050566e-02;1.169979e-01;2.433142e-02;1.989965e-01;1.290245e-02;6.579535e-03;3.344328e-02
5.153657e-03;4.162819e-03;1.400239e-01;6.049787e-02;2.636980e-01;6.892183e-02;1.511582e-01;2.320250e-02;2.280426e-01;1.134311e-02;7.603038e-03;3.619238e-02
4.715724e-03;3.802459e-03;9.206827e-02;4.070398e-02;3.086578e-01;6.471206e-02;1.749936e-01;1.570138e-02;2.390625e-01;1.155982e-02;4.364457e-03;3.965801e-02
6.060970e-03;3.697084e-03;9.067339e-02;3.528615e-02;3.306065e-01;6.093264e-02;1.682979e-01;1.501735e-02;2.310331e-01;8.430352e-03;3.901758e-03;4.606282e-02
4.540575e-03;4.442995e-03;1.047907e-01;3.698821e-02;3.126518e-01;5.963600e-02;2.074760e-01;1.559434e-02;1.950420e-01;5.931593e-03;4.791647e-03;4.811414e-02
3.406519e-03;8.636686e-03;9.403503e-02;3.949125e-02;3.035001e-01;6.036485e-02;2.410206e-01;1.951262e-02;1.630658e-01;7.957214e-03;5.189584e-03;5.381972e-02
6.875877e-03;2.949003e-02;1.290865e-01;4.676129e-02;2.667668e-01;6.001923e-02;2.455070e-01;1.874286e-02;1.304371e-01;6.766907e-03;3.685150e-03;5.586134e-02
1.410870e-02;9.107666e-02;1.779881e-01;5.804818e-02;1.817357e-01;5.834438e-02;2.396917e-01;1.641305e-02;9.902630e-02;9.939948e-03;7.823498e-03;4.580383e-02
3.552176e-02;1.365684e-01;2.587228e-01;7.259439e-02;1.017706e-01;5.322982e-02;1.829828e-01;2.916328e-02;6.608368e-02;1.473011e-02;1.627694e-02;3.235551e-02
5.327412e-02;1.181774e-01;3.797913e-01;7.749408e-02;7.190277e-02;4.231064e-02;1.351305e-01;3.411003e-02;3.258716e-02;1.643301e-02;1.620860e-02;2.258047e-02
3.864469e-02;8.095291e-02;4.572349e-01;6.979653e-02;9.528191e-02;2.759334e-02;1.117145e-01;2.320023e-02;4.693032e-02;1.236270e-02;9.356870e-03;2.693108e-02
6.131760e-02;7.413837e-02;3.417574e-01;6.851020e-02;1.064949e-01;3.386276e-02;1.318878e-01;1.861560e-02;8.403743e-02;2.304410e-02;2.032418e-02;3.600963e-02
4.871763e-02;7.119375e-02;2.569199e-01;4.269984e-02;1.338328e-01;4.920476e-02;1.672813e-01;2.255891e-02;1.092244e-01;3.075968e-02;3.138655e-02;3.622041e-02
3.444452e-02;6.547891e-02;2.380500e-01;4.618523e-02;1.495735e-01;3.699104e-02;1.761837e-01;1.912626e-02;1.318795e-01;3.183550e-02;4.240561e-02;2.784618e-02
6.076988e-02;9.640043e-02;1.578401e-01;5.037727e-02;1.635714e-01;2.274417e-02;1.738898e-01;2.702995e-02;1.217572e-01;3.515246e-02;6.045987e-02;3.000740e-02
7.901625e-02;8.571216e-02;1.440346e-01;4.259839e-02;1.689760e-01;3.402773e-02;1.775337e-01;3.741658e-02;8.337701e-02;4.952045e-02;6.170838e-02;3.607873e-02
6.740589e-02;9.036537e-02;2.009901e-01;5.718263e-02;1.408652e-01;2.314676e-02;1.497981e-01;3.499484e-02;1.053936e-01;4.885184e-02;5.224744e-02;2.875824e-02
4.919276e-02;6.272705e-02;2.385547e-01;1.020250e-01;1.085015e-01;4.166572e-02;1.301120e-01;3.200874e-02;1.097418e-01;4.667902e-02;5.557478e-02;2.321679e-02
4.910557e-02;6.810702e-02;2.077336e-01;1.086234e-01;9.937946e-02;4.682959e-02;1.149839e-01;4.347811e-02;1.037527e-01;4.551606e-02;8.359063e-02;2.889992e-02
6.483174e-02;5.529777e-02;1.517642e-01;1.232183e-01;1.307038e-01;4.353347e-02;9.464677e-02;6.121235e-02;8.268206e-02;4.526991e-02;8.905784e-02;5.778183e-02
6.791746e-02;7.288123e-02;1.494883e-01;1.136419e-01;1.132663e-01;4.633368e-02;1.142962e-01;4.968813e-02;6.855538e-02;8.102012e-02;5.498033e-02;6.793102e-02
6.677444e-02;7.157458e-02;1.304360e-01;6.107441e-02;9.807558e-02;7.478555e-02;1.120717e-01;7.268097e-02;1.030272e-01;8.003980e-02;6.217832e-02;6.728137e-02
8.766742e-02;4.441452e-02;1.271108e-01;6.961616e-02;1.129456e-01;7.649557e-02;9.463456e-02;1.055325e-01;1.154985e-01;6.417042e-02;3.162687e-02;7.028709e-02
1.038870e-01;5.335906e-02;1.030525e-01;1.175104e-01;1.008781e-01;6.341870e-02;8.573207e-02;9.039016e-02;1.170050e-01;6.892433e-02;5.508446e-02;4.075825e-02
8.532461e-02;6.596901e-02;1.103799e-01;1.148143e-01;7.827926e-02;5.967510e-02;9.118111e-02;9.967212e-02;7.014785e-02;7.414740e-02;7.286125e-02;7.754812e-02
7.405495e-02;7.606309e-02;1.135667e-01;8.007184e-02;8.487484e-02;3.685846e-02;5.487590e-02;9.984175e-02;9.977155e-02;8.733205e-02;9.911001e-02;9.357886e-02
8.058196e-02;6.239231e-02;1.204934e-01;3.665870e-02;1.097451e-01;4.262979e-02;8.870279e-02;7.365270e-02;1.262912e-01;8.934544e-02;8.435545e-02;8.515121e-02
8.009964e-02;5.982374e-02;1.172523e-01;5.821901e-02;1.170379e-01;1.037367e-01;1.306104e-01;6.741731e-02;1.024690e-01;7.853250e-02;4.141580e-02;4.338561e-02
6.743468e-02;5.660775e-02;1.207030e-01;9.323837e-02;9.621472e-02;1.043191e-01;1.053448e-01;7.416607e-02;9.338357e-02;1.211092e-01;5.273834e-02;1.474041e-02
1.290290e-01;8.650301e-02;8.660013e-02;7.743694e-02;6.021369e-02;7.261460e-02;1.049066e-01;7.001910e-02;6.054061e-02;1.059332e-01;1.017902e-01;4.441288e-02
1.510404e-01;7.769006e-02;6.180444e-02;4.041318e-02;3.366972e-02;3.852800e-02;1.061278e-01;1.091326e-01;9.911332e-02;1.137845e-01;1.220628e-01;4.663308e-02
1.291631e-01;6.122778e-02;5.679469e-02;2.558610e-02;2.658929e-02;3.148533e-02;1.319803e-01;1.727402e-01;1.223115e-01;1.116610e-01;9.523240e-02;3.522836e-02
8.370078e-02;4.933996e-02;6.129196e-02;1.691488e-02;3.801936e-02;3.900900e-02;1.930228e-01;2.263193e-01;1.063692e-01;8.750493e-02;5.485010e-02;4.365773e-02
5.071708e-02;4.681505e-02;8.403458e-02;2.233584e-02;5.643857e-02;4.882149e-02;2.386867e-01;2.203404e-01;8.701654e-02;6.852657e-02;3.879287e-02;3.747434e-02
6.845966e-02;4.892161e-02;9.096241e-02;2.545840e-02;6.680746e-02;6.913697e-02;1.747839e-01;1.816647e-01;1.413766e-01;6.996024e-02;3.174860e-02;3.071948e-02
5.331396e-02;3.632489e-02;5.653394e-02;3.016186e-02;3.959170e-02;6.238773e-02;1.470228e-01;2.319627e-01;2.550203e-01;4.462635e-02;2.117685e-02;2.187697e-02
3.240328e-02;2.847979e-02;3.955791e-02;6.007012e-02;2.922169e-02;5.824394e-02;9.933566e-02;1.921387e-01;3.245854e-01;7.271977e-02;4.238230e-02;2.086144e-02
8.288340e-02;3.502699e-02;4.075519e-02;4.510543e-02;3.389468e-02;7.320277e-02;1.460001e-01;5.893780e-02;2.188702e-01;1.060644e-01;7.447705e-02;8.478200e-02
1.285413e-01;2.561222e-02;4.592207e-02;3.050161e-02;2.683070e-02;8.276344e-02;2.300597e-01;3.737434e-02;7.230519e-02;7.953995e-02;7.119295e-02;1.693566e-01
1.505290e-01;2.954129e-02;4.482006e-02;2.584231e-02;1.908311e-02;5.852809e-02;2.404987e-01;3.672627e-02;5.061101e-02;6.291553e-02;8.739027e-02;1.935143e-01
1.543876e-01;6.684843e-02;5.804763e-02;2.019899e-02;3.847397e-02;4.476916e-02;1.692706e-01;5.616516e-02;4.921012e-02;1.023711e-01;9.951420e-02;1.407430e-01
1.551442e-01;8.633626e-02;7.463816e-02;2.766155e-02;5.563527e-02;3.976027e-02;7.038455e-02;9.712741e-02;1.090838e-01;1.199030e-01;9.076384e-02;7.356156e-02
1.520744e-01;2.529356e-02;6.754342e-02;2.281908e-02;2.879928e-02;3.232328e-02;1.237107e-01;7.537377e-02;1.324973e-01;9.282096e-02;7.383049e-02;1.729138e-01
1.136741e-01;4.875656e-02;7.693089e-02;2.383382e-02;2.430039e-02;4.014193e-02;1.001847e-01;7.149094e-02;9.633723e-02;9.739243e-02;1.360026e-01;1.709545e-01
7.640567e-02;4.071394e-02;8.731117e-02;3.538053e-02;1.948938e-02;5.082585e-02;1.272948e-01;7.609446e-02;7.113630e-02;1.084690e-01;1.484464e-01;1.584324e-01
1.332394e-01;3.188316e-02;8.726922e-02;3.191333e-02;2.373702e-02;4.469536e-02;1.117000e-01;6.493246e-02;7.788237e-02;9.942687e-02;1.560982e-01;1.372227e-01
1.550040e-01;4.037143e-02;8.466470e-02;2.915642e-02;2.994061e-02;4.740096e-02;8.702629e-02;3.667993e-02;1.127083e-01;1.296708e-01;1.160311e-01;1.313455e-01
8.696273e-02;9.155378e-02;1.347996e-01;3.765856e-02;4.075002e-02;5.166737e-02;8.535569e-02;3.476064e-02;9.775937e-02;1.260085e-01;1.281689e-01;8.455486e-02
1.486887e-01;6.689581e-02;8.043502e-02;3.611911e-02;2.670318e-02;5.400376e-02;6.152043e-02;2.902185e-02;5.738259e-02;1.253618e-01;2.330758e-01;8.079198e-02
1.839937e-01;4.640176e-02;4.907305e-02;2.063111e-02;2.172622e-02;3.927014e-02;5.353656e-02;2.956757e-02;2.991044e-02;1.125874e-01;2.518610e-01;1.614410e-01
1.812942e-01;5.168065e-02;4.283668e-02;1.590480e-02;1.358833e-02;2.107458e-02;8.057449e-02;3.334035e-02;1.925603e-02;6.818227e-02;2.102343e-01;2.620333e-01
1.324166e-01;3.749840e-02;3.910147e-02;1.228497e-02;7.267383e-03;1.064934e-02;1.037533e-01;2.994227e-02;2.233508e-02;3.186443e-02;1.575890e-01;4.152979e-01
8.015008e-02;1.728360e-02;2.253505e-02;1.705006e-02;3.765439e-03;9.843113e-03;1.120840e-01;2.359720e-02;2.044150e-02;1.994850e-02;9.945656e-02;5.738449e-01
1.357559e-01;1.179260e-02;5.969452e-03;2.173174e-02;6.747801e-03;1.019642e-02;1.164211e-01;1.585344e-02;1.571164e-02;1.766134e-02;6.413411e-02;5.780244e-01
1.689307e-01;2.070648e-02;8.614185e-03;1.358811e-02;6.942891e-03;1.482406e-02;8.729986e-02;1.287743e-02;2.271473e-02;3.535425e-02;1.645493e-01;4.435980e-01
1.014617e-01;1.628420e-02;1.141594e-02;1.144523e-02;6.339161e-03;2.537467e-02;5.213043e-02;2.041866e-02;6.113745e-02;1.324737e-01;3.248914e-01;2.366275e-01
5.680962e-02;2.653924e-02;2.410746e-02;1.845222e-02;1.512703e-02;1.968493e-02;8.152069e-02;3.813575e-02;1.198146e-01;2.039054e-01;2.633104e-01;1.325926e-01
3.813243e-02;2.959486e-02;5.014650e-02;2.029154e-02;3.170830e-02;1.999218e-02;1.717863e-01;6.081738e-02;1.448877e-01;1.628743e-01;1.023724e-01;1.673961e-01
1.432266e-01;5.989500e-02;8.241803e-02;2.615672e-02;3.764393e-02;3.644671e-02;1.698000e-01;4.152169e-02;6.542598e-02;6.406284e-02;5.249243e-02;2.209101e-01
1.401415e-01;5.751709e-02;7.120337e-02;3.555805e-02;4.186916e-02;3.757015e-02;7.297460e-02;3.777906e-02;6.268770e-02;9.319427e-02;1.276353e-01;2.218698e-01
7.626616e-02;5.133794e-02;6.367796e-02;2.896387e-02;4.231608e-02;4.050486e-02;8.501990e-02;3.864726e-02;5.612030e-02;1.213138e-01;1.756900e-01;2.201419e-01
1.006487e-01;3.329935e-02;6.943577e-02;3.693200e-02;3.666763e-02;4.353440e-02;8.768699e-02;3.514746e-02;8.260385e-02;1.082033e-01;1.555846e-01;2.102559e-01
1.112704e-01;2.567809e-02;6.681678e-02;5.029014e-02;2.823283e-02;3.356207e-02;9.198948e-02;2.865192e-02;1.488557e-01;1.053456e-01;1.238088e-01;1.854982e-01
