1.490495e-02;1.385586e-01;7.287698e-02;1.865079e-02;9.741489e-02;1.458916e-01;2.701306e-01;1.072316e-01;4.933739e-02;1.371072e-02;5.658507e-02;1.470671e-02
1.515372e-02;1.428634e-01;6.719828e-02;1.639115e-02;1.170381e-01;1.267427e-01;2.762495e-01;1.084362e-01;3.631449e-02;1.294638e-02;6.455663e-02;1.610948e-02
9.119620e-03;1.570656e-01;9.049835e-02;9.570327e-03;1.567761e-01;1.072795e-01;2.076827e-01;1.402681e-01;2.418958e-02;9.258706e-03;7.458019e-02;1.371126e-02
1.024156e-02;1.623024e-01;1.088255e-01;1.136884e-02;1.674227e-01;9.994006e-02;1.208934e-01;1.901463e-01;4.010078e-02;5.548645e-03;7.186674e-02;1.134311e-02
1.094079e-02;1.560190e-01;8.762872e-02;1.490464e-02;1.306437e-01;9.370375e-02;1.598558e-01;2.064065e-01;7.018113e-02;2.731862e-03;5.481904e-02;1.216498e-02
1.876633e-02;1.532117e-01;7.273827e-02;1.297688e-02;9.387701e-02;1.300112e-01;1.684853e-01;1.967782e-01;9.483577e-02;1.184369e-02;3.220544e-02;1.427011e-02
2.415302e-02;1.349608e-01;6.145244e-02;1.857151e-02;6.385028e-02;1.931328e-01;1.306682e-01;1.684835e-01;1.131853e-01;2.977969e-02;4.357782e-02;1.818462e-02
2.465590e-02;9.843197e-02;7.974278e-02;1.734949e-02;3.607387e-02;1.816462e-01;8.397167e-02;2.340932e-01;6.730543e-02;3.528851e-02;1.054540e-01;3.598697e-02
1.127880e-02;7.739042e-02;8.461201e-02;3.231839e-02;6.942521e-02;1.676315e-01;9.824404e-02;2.516003e-01;7.961451e-02;2.100646e-02;7.909379e-02;2.778460e-02
1.409017e-02;7.472349e-02;5.315067e-02;4.074709e-02;7.808010e-02;1.678393e-01;1.637922e-01;2.271816e-01;8.238346e-02;2.692818e-02;4.777680e-02;2.330692e-02
4.033253e-02;1.089155e-01;7.023254e-02;3.209589e-02;6.271175e-02;1.537186e-01;1.905787e-01;1.833024e-01;6.085633e-02;2.612164e-02;4.637928e-02;2.475485e-02
6.479000e-02;1.524041e-01;9.726779e-02;2.629091e-02;6.358494e-02;1.144734e-01;1.513746e-01;1.522124e-01;6.710754e-02;2.423320e-02;6.444760e-02;2.181353e-02
6.419021e-02;1.654658e-01;9.389828e-02;5.064097e-02;6.681994e-02;9.059104e-02;1.654077e-01;9.976500e-02;5.242379e-02;3.359304e-02;6.142753e-02;5.577663e-02
8.104677e-02;1.115445e-01;8.576990e-02;9.307725e-02;6.384328e-02;7.798622e-02;1.331502e-01;1.129358e-01;7.351584e-02;2.611934e-02;6.862683e-02;7.238410e-02
9.962740e-02;7.335211e-02;1.175500e-01;1.083186e-01;7.711010e-02;7.652251e-02;6.433602e-02;1.465122e-01;1.036252e-01;1.954683e-02;5.652506e-02;5.697396e-02
6.702410e-02;5.435340e-02;1.352502e-01;9.844352e-02;6.759409e-02;6.867516e-02;4.309819e-02;1.819894e-01;1.028619e-01;3.032298e-02;4.436322e-02;1.060238e-01
2.941419e-02;6.845096e-02;1.728819e-01;7.608578e-02;3.469587e-02;8.024499e-02;6.055544e-02;1.980597e-01;7.206438e-02;4.855197e-02;3.155021e-02;1.274446e-01
2.607182e-02;8.240599e-02;1.683672e-01;6.483860e-02;4.274737e-02;7.589717e-02;8.178611e-02;1.835477e-01;6.050055e-02;5.669871e-02;5.475565e-02;1.023832e-01
3.295384e-02;9.706237e-02;1.152321e-01;7.235386e-02;5.660484e-02;1.438637e-01;8.782848e-02;1.487856e-01;6.050700e-02;4.712818e-02;7.473809e-02;6.294195e-02
3.531480e-02;6.024507e-02;5.911587e-02;1.019192e-01;5.432104e-02;2.713038e-01;7.537442e-02;1.312947e-01;5.298701e-02;5.082239e-02;6.549677e-02;4.180492e-02
4.090874e-02;5.465917e-02;5.924148e-02;1.053214e-01;4.850040e-02;1.824606e-01;1.106331e-01;1.660509e-01;7.460067e-02;5.738749e-02;4.453805e-02;5.569790e-02
4.855800e-02;4.537351e-02;7.374292e-02;8.942322e-02;9.409072e-02;9.189257e-02;6.494880e-02;1.893960e-01;6.879468e-02;7.643636e-02;7.929429e-02;7.804891e-02
7.303281e-02;3.277776e-02;6.273281e-02;1.373053e-01;1.141387e-01;7.782091e-02;3.767234e-02;1.286414e-01;1.118902e-01;6.633747e-02;9.871486e-02;5.893549e-02
8.611649e-02;2.099297e-02;5.101263e-02;1.615928e-01;1.422254e-01;7.761256e-02;5.453746e-02;8.000427e-02;1.279980e-01;6.543361e-02;9.449332e-02;3.798051e-02
8.315482e-02;2.339972e-02;5.864111e-02;1.526385e-01;1.612424e-01;9.445874e-02;5.218306e-02;4.251899e-02;1.142788e-01;1.078290e-01;5.771532e-02;5.193948e-02
4.931127e-02;3.120006e-02;7.338011e-02;1.144406e-01;1.752320e-01;1.222525e-01;4.816208e-02;2.852652e-02;9.828079e-02;1.493832e-01;1.882437e-02;9.100647e-02
1.888455e-02;6.000551e-02;5.944975e-02;7.986459e-02;2.098895e-01;1.140220e-01;2.666164e-02;3.322292e-02;7.253239e-02;1.774805e-01;1.488255e-02;1.331040e-01
3.070773e-02;1.072712e-01;2.684687e-02;7.101008e-02;2.372853e-01;8.414067e-02;2.328869e-02;5.176109e-02;5.377375e-02;1.699398e-01;1.730955e-02;1.266652e-01
5.201220e-02;1.132189e-01;2.969081e-02;7.741968e-02;2.121781e-01;1.099982e-01;5.137963e-02;6.419749e-02;4.359920e-02;1.193625e-01;5.437214e-02;7.257126e-02
7.147528e-02;8.647314e-02;6.146578e-02;6.841598e-02;1.552961e-01;2.124263e-01;6.130733e-02;4.637601e-02;4.682695e-02;5.851589e-02;9.145042e-02;3.997087e-02
6.754931e-02;6.110413e-02;7.971622e-02;5.586751e-02;1.159630e-01;2.474703e-01;6.487817e-02;4.310566e-02;4.771323e-02;4.256649e-02;9.934645e-02;7.471959e-02
4.509305e-02;6.892741e-02;6.793462e-02;8.348530e-02;1.063307e-01;1.711688e-01;7.352368e-02;6.716298e-02;5.220945e-02;5.767669e-02;8.274291e-02;1.237444e-01
5.505700e-02;7.069919e-02;6.361429e-02;9.110041e-02;9.397424e-02;1.183675e-01;8.061825e-02;7.283130e-02;5.387459e-02;7.910273e-02;7.951041e-02;1.412501e-01
9.291273e-02;5.860186e-02;6.260508e-02;7.418489e-02;1.430487e-01;1.614958e-01;5.961208e-02;7.669083e-02;7.518277e-02;5.085102e-02;4.649189e-02;9.832235e-02
7.136210e-02;5.469600e-02;6.150645e-02;6.111168e-02;1.680283e-01;1.817021e-01;3.849340e-02;8.171961e-02;7.980181e-02;6.792851e-02;3.237753e-02;1.012725e-01
4.641205e-02;6.115448e-02;4.055988e-02;7.019657e-02;1.726938e-01;2.031482e-01;3.256847e-02;8.198840e-02;6.159000e-02;1.055512e-01;3.331935e-02;9.081763e-02
3.533128e-02;7.464268e-02;2.956730e-02;8.376490e-02;1.292621e-01;2.191980e-01;5.753680e-02;6.329775e-02;3.999399e-02;1.086230e-01;3.831649e-02;1.204657e-01
4.743950e-02;8.096702e-02;2.915713e-02;5.677245e-02;1.414113e-01;2.638541e-01;4.701388e-02;8.078603e-02;4.749203e-02;7.097519e-02;7.489946e-02;5.923183e-02
6.427999e-02;5.103607e-02;4.631470e-02;5.698942e-02;1.390935e-01;2.242795e-01;5.343627e-02;7.344893e-02;7.132930e-02;5.011626e-02;1.103012e-01;5.937488e-02
6.261310e-02;3.553325e-02;7.940226e-02;1.246495e-01;1.118308e-01;1.562345e-01;6.058535e-02;7.326610e-02;9.877402e-02;6.219706e-02;1.003932e-01;3.452091e-02
5.286591e-02;3.333467e-02;8.819574e-02;1.844127e-01;1.202084e-01;7.502954e-02;3.365093e-02;1.033126e-01;1.296309e-01;3.533246e-02;6.735884e-02;7.666733e-02
5.370458e-02;3.065622e-02;9.345928e-02;1.671715e-01;1.298953e-01;7.090186e-02;2.099672e-02;1.177158e-01;1.029788e-01;4.330706e-02;7.156877e-02;9.764405e-02
2.497757e-02;3.586601e-02;1.617586e-01;1.141532e-01;7.104651e-02;8.314521e-02;4.113123e-02;1.596250e-01;5.575000e-02;5.910571e-02;5.597537e-02;1.374656e-01
2.070652e-02;6.065476e-02;2.151755e-01;8.266405e-02;2.625698e-02;6.513400e-02;6.218054e-02;1.942930e-01;2.902352e-02;6.126125e-02;3.982148e-02;1.428285e-01
3.861023e-02;1.144923e-01;1.844906e-01;6.558239e-02;4.345747e-02;4.332153e-02;9.980290e-02;1.907694e-01;2.118790e-02;5.172741e-02;5.767310e-02;8.888473e-02
3.530799e-02;1.753354e-01;1.182519e-01;4.717233e-02;4.679617e-02;6.646718e-02;1.373619e-01;1.555492e-01;3.391277e-02;3.105644e-02;1.081183e-01;4.467046e-02
4.045602e-02;1.862751e-01;8.601767e-02;3.091164e-02;5.238366e-02;1.001749e-01;1.275160e-01;1.412838e-01;4.415465e-02;2.201617e-02;1.296509e-01;3.915946e-02
5.321931e-02;1.639931e-01;2.980092e-02;1.814467e-02;5.605881e-02;1.607573e-01;1.054877e-01;1.319973e-01;6.697571e-02;4.533998e-02;1.140281e-01;5.419698e-02
5.695001e-02;1.313154e-01;7.398500e-02;2.767124e-02;6.651741e-02;1.650425e-01;8.371224e-02;9.225130e-02;5.913338e-02;8.829735e-02;7.074261e-02;8.438150e-02
5.216771e-02;8.536205e-02;1.200426e-01;8.646872e-02;9.560782e-02;1.697852e-01;5.270340e-02;7.710534e-02;2.342580e-02;8.026863e-02;7.180967e-02;8.525305e-02
3.068844e-02;5.165702e-02;9.470105e-02;1.370660e-01;1.348943e-01;1.581932e-01;2.820502e-02;1.104914e-01;4.880621e-02;6.347829e-02;7.312316e-02;6.869592e-02
5.827816e-02;3.039066e-02;8.419614e-02;1.090502e-01;1.180226e-01;6.229924e-02;7.982560e-02;1.604997e-01;5.952764e-02;5.311352e-02;7.281613e-02;1.119804e-01
5.861045e-02;7.803256e-02;1.062747e-01;7.380327e-02;6.851215e-02;8.591109e-02;1.076416e-01;1.000817e-01;4.326175e-02;7.528609e-02;6.610523e-02;1.364794e-01
4.846277e-02;1.320833e-01;8.911956e-02;4.118814e-02;4.993143e-02;1.304750e-01;1.155896e-01;1.264139e-01;3.434554e-02;8.843649e-02;5.053587e-02;9.341844e-02
5.364146e-02;1.393458e-01;6.291652e-02;4.141758e-02;9.166697e-02;1.370006e-01;7.465628e-02;1.667976e-01;2.987250e-02;7.505653e-02;5.533770e-02;7.229041e-02
3.555072e-02;1.340588e-01;1.073387e-01;6.113014e-02;1.189440e-01;1.144893e-01;3.525794e-02;1.727448e-01;6.257050e-02;3.437901e-02;5.282132e-02;7.071479e-02
8.059870e-02;1.191142e-01;8.832859e-02;9.701178e-02;6.996799e-02;1.083105e-01;3.653007e-02;1.432074e-01;9.762263e-02;3.844233e-02;3.628184e-02;8.458388e-02
8.490153e-02;1.297195e-01;8.360327e-02;9.295919e-02;9.518896e-02;1.011559e-01;4.144006e-02;1.127453e-01;1.114706e-01;6.716010e-02;2.342211e-02;5.623352e-02
4.498838e-02;1.795655e-01;6.599826e-02;7.162726e-02;1.266146e-01;1.160748e-01;6.688395e-02;9.760337e-02;8.832318e-02;6.577638e-02;3.354592e-02;4.299829e-02
3.592913e-02;1.232723e-01;1.143212e-01;5.988560e-02;8.324602e-02;1.874823e-01;1.163622e-01;7.324180e-02;6.267204e-02;4.328747e-02;6.956325e-02;3.073665e-02
4.413038e-02;4.664100e-02;1.908673e-01;3.100443e-02;5.724246e-02;2.187728e-01;1.515100e-01;5.862558e-02;6.158546e-02;3.015764e-02;7.580898e-02;3.365393e-02
3.105991e-02;8.257531e-02;1.450168e-01;4.508075e-02;5.912536e-02;1.352500e-01;2.368789e-01;7.570961e-02;5.458822e-02;2.314267e-02;3.627094e-02;7.530151e-02
3.073382e-02;1.345006e-01;5.556796e-02;7.043897e-02;3.480999e-02;8.542865e-02;2.986919e-01;1.021613e-01;3.929271e-02;3.625725e-02;8.362702e-03;1.037542e-01
4.870199e-02;1.516470e-01;5.200712e-02;6.721782e-02;1.820529e-02;8.201288e-02;2.402321e-01;1.308057e-01;3.017012e-02;4.604572e-02;2.030537e-02;1.126490e-01
4.371575e-02;1.085088e-01;9.361115e-02;7.340611e-02;3.845580e-02;1.085224e-01;1.605287e-01;1.467292e-01;4.232883e-02;4.402429e-02;3.764487e-02;1.025242e-01
9.644130e-02;9.844356e-02;1.315859e-01;5.491918e-02;8.107225e-02;1.150565e-01;8.374388e-02;1.462187e-01;4.773791e-02;2.610733e-02;5.924057e-02;5.943295e-02
1.407075e-01;1.285934e-01;1.198496e-01;2.753422e-02;9.718551e-02;6.631758e-02;6.800520e-02;1.853103e-01;4.537693e-02;2.827013e-02;6.241687e-02;3.043282e-02
1.414968e-01;9.494116e-02;7.417775e-02;4.394762e-02;8.056497e-02;6.223223e-02;1.129170e-01;2.208943e-01;3.789703e-02;4.865709e-02;4.707937e-02;3.519466e-02
8.032340e-02;8.260586e-02;2.708532e-02;7.492178e-02;4.065250e-02;8.767273e-02;2.432989e-01;1.798428e-01;2.356794e-02;5.848852e-02;2.240806e-02;7.913218e-02
2.522607e-02;8.264922e-02;4.684789e-02;6.583262e-02;6.198442e-02;1.356189e-01;3.116437e-01;9.673241e-02;2.325291e-02;3.459131e-02;2.786898e-02;8.775163e-02
3.447367e-02;6.931975e-02;8.120572e-02;6.210247e-02;9.419482e-02;2.219196e-01;2.430149e-01;5.376769e-02;2.959289e-02;1.904969e-02;4.218645e-02;4.917226e-02
4.309109e-02;8.672828e-02;9.469403e-02;9.739932e-02;1.049922e-01;2.432839e-01;1.432289e-01;4.815184e-02;3.741017e-02;2.992804e-02;4.358486e-02;2.750728e-02
2.833569e-02;9.676024e-02;9.086803e-02;1.153439e-01;1.086775e-01;1.713146e-01;1.077510e-01;1.059992e-01;4.530964e-02;4.741421e-02;4.520106e-02;3.702489e-02
4.185068e-02;9.405498e-02;8.353139e-02;8.182765e-02;7.013584e-02;1.015889e-01;1.818348e-01;1.208545e-01;6.083977e-02;4.614377e-02;4.439237e-02;7.294545e-02
6.849991e-02;9.430677e-02;5.582451e-02;4.214253e-02;3.642229e-02;1.474444e-01;3.181937e-01;9.238520e-02;3.477827e-02;2.490722e-02;1.711123e-02;6.798398e-02
3.532602e-02;1.002939e-01;7.714612e-02;5.974085e-02;6.519971e-02;1.468893e-01;3.138491e-01;9.140733e-02;3.772849e-02;2.532628e-02;1.842459e-02;2.866840e-02
3.240796e-02;9.062728e-02;6.029081e-02;9.820348e-02;1.379020e-01;1.229696e-01;1.966917e-01;1.265178e-01;5.049970e-02;2.761247e-02;1.325064e-02;4.302663e-02
4.726885e-02;7.681312e-02;3.598173e-02;1.267459e-01;1.804006e-01;1.129041e-01;9.606339e-02;1.440475e-01;6.254496e-02;2.929688e-02;2.421707e-02;6.371589e-02
5.603100e-02;5.087896e-02;4.194145e-02;1.255611e-01;1.763820e-01;1.184309e-01;1.150265e-01;1.249796e-01;5.531040e-02;3.245201e-02;2.745978e-02;7.554629e-02
6.383196e-02;5.352140e-02;7.523461e-02;9.997353e-02;1.125036e-01;1.793599e-01;1.231600e-01;1.033613e-01;4.021883e-02;5.691995e-02;2.447679e-02;6.743823e-02
4.575056e-02;6.997195e-02;9.778373e-02;1.001287e-01;7.588284e-02;1.594400e-01;5.571576e-02;1.359507e-01;5.288080e-02;7.256243e-02;2.825189e-02;1.056807e-01
4.202996e-02;6.089082e-02;1.296321e-01;9.143256e-02;7.799108e-02;8.173312e-02;7.303260e-02;1.796884e-01;5.461353e-02;7.043656e-02;3.668750e-02;1.018317e-01
2.617858e-02;7.562480e-02;1.123986e-01;5.462832e-02;8.194675e-02;4.244843e-02;1.822664e-01;1.888863e-01;7.054422e-02;5.034366e-02;5.303625e-02;6.169762e-02
1.911492e-02;9.577508e-02;6.092400e-02;3.204066e-02;8.097593e-02;9.194031e-02;2.794407e-01;1.555231e-01;7.611775e-02;2.208283e-02;7.181862e-02;1.424612e-02
2.818262e-02;8.423195e-02;3.679177e-02;5.841289e-02;6.808335e-02;1.861403e-01;2.655794e-01;1.007793e-01;6.211161e-02;2.568664e-02;5.500059e-02;2.899951e-02
3.616051e-02;5.219829e-02;3.644069e-02;1.223432e-01;5.036197e-02;2.861376e-01;1.815333e-01;6.874448e-02;3.779102e-02;4.969835e-02;4.102983e-02;3.756066e-02
8.032758e-02;5.519309e-02;2.214531e-02;1.770074e-01;4.904919e-02;2.889260e-01;9.765034e-02;6.555741e-02;2.084894e-02;6.814945e-02;4.120934e-02;3.393601e-02
1.026575e-01;4.820917e-02;4.503623e-02;1.302471e-01;6.250077e-02;2.883889e-01;7.540525e-02;8.659744e-02;4.338197e-02;8.315001e-02;1.845892e-02;1.596671e-02
6.861810e-02;2.768406e-02;7.131484e-02;7.437929e-02;5.821057e-02;3.156203e-01;1.360541e-01;7.910001e-02;5.520959e-02;9.588967e-02;1.185777e-02;6.061703e-03
4.854380e-02;1.240212e-02;8.342607e-02;3.013823e-02;7.589048e-02;3.055110e-01;1.411295e-01;7.974709e-02;7.845298e-02;1.118217e-01;1.277841e-02;2.015862e-02
4.736574e-02;7.132909e-03;9.201199e-02;1.692468e-02;1.083211e-01;2.450936e-01;1.085254e-01;9.751059e-02;1.143404e-01;1.038592e-01;1.586508e-02;4.304936e-02
5.208661e-02;1.521100e-02;9.206912e-02;4.173161e-02;1.273439e-01;2.448805e-01;7.479917e-02;8.672141e-02;1.140664e-01;8.218502e-02;1.377910e-02;5.512617e-02
5.757220e-02;1.217716e-02;8.417696e-02;6.178431e-02;1.700139e-01;2.040955e-01;6.110260e-02;7.336671e-02;9.616151e-02;1.008464e-01;1.459291e-02;6.410990e-02
5.017446e-02;2.877658e-02;5.971387e-02;1.103091e-01;1.941502e-01;1.496668e-01;5.912768e-02;5.661657e-02;9.104484e-02;9.840418e-02;2.768173e-02;7.433403e-02
1.494072e-02;6.048400e-02;4.565084e-02;1.342137e-01;1.021199e-01;1.960867e-01;9.923664e-02;7.171009e-02;6.938954e-02;8.693577e-02;5.302379e-02;6.620838e-02
4.319970e-02;3.833959e-02;5.390651e-02;6.694020e-02;1.436270e-01;2.366701e-01;2.095925e-01;8.639367e-02;3.086915e-02;3.173124e-02;2.585727e-02;3.287314e-02
2.851844e-02;3.455094e-02;5.384285e-02;2.174643e-02;1.168835e-01;2.244544e-01;2.445907e-01;1.321703e-01;4.004769e-02;4.223518e-02;1.861499e-02;4.234467e-02
3.168829e-02;3.746068e-02;5.941701e-02;2.676936e-02;8.529772e-02;3.034295e-01;1.641017e-01;1.156303e-01;5.311051e-02;7.001790e-02;2.015470e-02;3.292226e-02
3.511928e-02;3.445621e-02;6.416564e-02;3.311725e-02;7.846075e-02;3.024543e-01;1.450388e-01;1.036619e-01;7.661273e-02;1.001888e-01;1.354803e-02;1.317631e-02
4.666964e-02;4.830649e-02;5.960552e-02;4.248821e-02;5.333630e-02;1.789887e-01;1.812219e-01;8.871157e-02;7.120814e-02;1.149106e-01;6.782285e-02;4.673013e-02
1.026919e-01;9.726378e-02;1.006610e-01;4.556743e-02;6.171661e-02;1.009177e-01;1.067106e-01;4.094946e-02;4.357860e-02;1.107637e-01;9.193785e-02;9.724139e-02
1.222309e-01;1.007539e-01;1.136509e-01;3.539671e-02;8.390505e-02;1.029233e-01;9.540094e-02;5.125526e-02;5.401508e-02;9.943670e-02;4.877469e-02;9.225647e-02
8.319304e-02;7.239421e-02;1.323382e-01;7.987943e-02;9.663405e-02;1.464221e-01;6.350514e-02;7.073622e-02;6.333247e-02;5.089789e-02;7.559498e-02;6.507223e-02
3.021518e-02;6.352264e-02;1.921186e-01;4.849524e-02;8.258165e-02;2.331001e-01;7.628184e-02;4.472069e-02;4.855714e-02;2.111139e-02;1.295109e-01;2.978456e-02
1.851594e-02;4.038578e-02;1.832424e-01;2.189302e-02;8.119961e-02;2.639712e-01;1.096704e-01;3.190548e-02;5.928324e-02;2.723018e-02;1.427286e-01;1.997419e-02
1.497056e-02;2.633366e-02;1.216839e-01;2.521911e-02;8.300867e-02;2.104300e-01;2.212886e-01;2.694877e-02;5.757850e-02;3.504661e-02;1.024683e-01;7.502335e-02
1.446097e-02;4.169909e-02;4.547985e-02;6.100108e-02;6.281965e-02;1.434271e-01;3.141271e-01;2.411412e-02;3.313572e-02;6.241749e-02;4.114279e-02;1.561751e-01
1.437106e-02;6.765344e-02;1.675085e-02;9.201830e-02;2.668607e-02;9.201559e-02;3.451538e-01;2.802455e-02;1.327294e-02;6.226985e-02;3.159251e-02;2.101910e-01
1.446295e-02;8.994237e-02;1.200798e-02;1.335577e-01;1.417501e-02;6.666145e-02;3.356361e-01;3.351601e-02;7.323505e-03;5.010139e-02;1.875065e-02;2.238648e-01
2.070789e-02;9.743974e-02;1.753204e-02;1.530576e-01;1.019701e-02;6.960019e-02;2.864863e-01;6.090473e-02;9.705238e-03;5.699692e-02;8.258232e-03;2.091141e-01
1.776291e-02;8.158084e-02;2.112383e-02;1.504154e-01;1.546260e-02;5.619942e-02;2.225246e-01;9.425195e-02;2.173316e-02;8.446492e-02;2.227583e-02;2.122045e-01
4.836775e-02;6.158604e-02;3.145983e-02;1.095284e-01;2.268432e-02;1.134943e-01;1.098707e-01;1.296161e-01;3.334775e-02;9.340901e-02;3.479408e-02;2.118417e-01
8.517202e-02;6.289403e-02;6.355708e-02;5.869158e-02;3.967407e-02;1.430130e-01;7.936050e-02;1.441608e-01;3.610889e-02;7.196687e-02;3.260143e-02;1.827998e-01
5.916334e-02;6.484861e-02;5.422672e-02;7.161411e-02;4.121648e-02;1.176560e-01;1.970242e-01;1.136693e-01;4.215302e-02;7.087323e-02;3.282553e-02;1.347295e-01
3.044672e-02;6.194310e-02;3.004677e-02;8.022249e-02;3.267785e-02;1.646974e-01;2.719764e-01;9.137793e-02;4.135306e-02;4.626159e-02;7.047812e-02;7.851851e-02
2.564662e-02;6.665675e-02;4.221743e-02;7.493151e-02;4.371194e-02;1.772151e-01;2.503667e-01;1.138287e-01;4.392470e-02;6.293536e-02;5.450625e-02;4.405889e-02
2.365354e-02;5.831341e-02;3.651840e-02;6.105886e-02;9.450676e-02;1.349190e-01;1.355685e-01;9.276330e-02;6.149481e-02;1.876361e-01;3.727814e-02;7.628912e-02
2.748470e-02;4.892859e-02;4.326170e-02;5.334884e-02;1.464553e-01;1.084874e-01;8.717003e-02;4.299011e-02;7.138647e-02;2.591166e-01;2.383405e-02;8.753622e-02
3.120982e-02;3.432529e-02;5.308637e-02;8.515357e-02;1.609522e-01;1.237028e-01;8.788297e-02;3.663429e-02;8.296536e-02;2.039177e-01;2.496481e-02;7.520477e-02
5.737869e-02;2.638738e-02;7.182179e-02;1.285147e-01;1.506575e-01;8.792436e-02;8.495833e-02;4.537307e-02;1.071213e-01;1.172409e-01;6.396138e-02;5.866058e-02
7.495840e-02;2.188110e-02;9.461696e-02;1.596487e-01;1.294121e-01;5.092821e-02;7.454622e-02;6.622496e-02;1.347766e-01;4.312727e-02;1.197230e-01;3.015651e-02
6.797184e-02;3.254841e-02;1.005647e-01;1.340318e-01;1.056044e-01;5.623429e-02;6.285602e-02;9.779927e-02;1.248732e-01;3.835854e-02;1.406500e-01;3.850756e-02
5.486075e-02;3.633244e-02;1.195696e-01;6.587962e-02;1.104053e-01;9.704772e-02;7.035665e-02;1.080631e-01;7.401580e-02;8.512041e-02;1.114492e-01;6.689937e-02
5.597534e-02;3.468001e-02;8.624797e-02;8.543066e-02;9.774894e-02;1.634294e-01;7.988735e-02;9.982260e-02;4.226759e-02;1.022540e-01;6.586643e-02;8.638966e-02
4.930049e-02;3.447461e-02;6.089656e-02;8.446977e-02;3.942925e-02;1.189339e-01;1.881915e-01;9.663179e-02;6.896556e-02;8.448590e-02;7.359783e-02;1.006230e-01
4.062922e-02;4.681028e-02;5.501992e-02;1.061686e-01;6.244794e-02;7.734213e-02;2.019984e-01;1.197383e-01;7.577398e-02;6.548263e-02;7.146179e-02;7.712677e-02
3.473063e-02;7.106315e-02;7.198308e-02;1.257784e-01;7.847698e-02;1.159936e-01;1.372101e-01;1.110046e-01;4.618321e-02;5.857036e-02;7.380413e-02;7.520179e-02
6.851600e-02;5.050266e-02;1.292579e-01;8.824804e-02;8.931989e-02;7.711016e-02;1.729267e-01;1.093587e-01;4.238657e-02;3.700508e-02;3.426983e-02;1.010985e-01
6.446089e-02;9.507809e-02;1.579657e-01;6.312142e-02;5.645188e-02;9.852565e-02;1.599133e-01;6.877939e-02;4.081027e-02;1.491469e-02;7.903737e-02;1.009414e-01
4.253887e-02;1.199348e-01;1.554260e-01;6.096506e-02;4.810118e-02;5.635730e-02;1.475579e-01;9.606306e-02;3.603115e-02;1.304163e-02;1.327135e-01;9.126968e-02
2.376922e-02;1.272160e-01;1.232161e-01;4.952138e-02;5.323513e-02;5.073882e-02;1.985126e-01;1.049773e-01;3.548348e-02;2.972269e-02;1.497310e-01;5.387628e-02
3.458207e-02;1.093889e-01;6.981203e-02;9.302985e-02;5.392204e-02;1.175917e-01;2.273570e-01;6.535972e-02;2.495098e-02;6.840572e-02;1.050662e-01;3.053381e-02
6.161890e-02;6.325207e-02;3.487845e-02;1.532352e-01;3.645798e-02;1.860066e-01;1.697350e-01;3.710196e-02;1.447607e-02;1.245757e-01;7.194137e-02;4.672068e-02
4.810943e-02;3.778408e-02;2.632471e-02;1.578378e-01;2.005630e-02;2.521117e-01;9.340946e-02;6.294810e-02;2.119135e-02;1.582970e-01;8.206917e-02;3.986084e-02
2.585712e-02;3.357877e-02;3.184963e-02;1.194886e-01;3.604892e-02;2.860669e-01;6.737126e-02;8.675957e-02;4.620032e-02;1.718490e-01;7.362200e-02;2.130788e-02
1.927593e-02;3.173359e-02;7.297008e-02;7.689739e-02;9.706859e-02;2.156262e-01;4.663295e-02;8.038618e-02;7.378365e-02;1.468097e-01;6.771847e-02;7.109728e-02
4.009901e-02;3.616562e-02;8.247463e-02;5.217568e-02;1.344627e-01;1.345585e-01;9.701024e-02;6.837732e-02;9.565219e-02;4.003892e-02;6.077905e-02;1.582061e-01
1.324485e-02;5.918464e-02;1.581641e-01;6.796537e-02;1.229715e-01;1.107896e-01;1.005250e-01;6.724179e-02;7.655028e-02;1.729919e-02;3.189422e-02;1.741693e-01
6.495156e-02;5.192720e-02;1.989817e-01;8.729924e-02;8.052662e-02;1.917705e-01;6.311746e-02;5.247971e-02;5.576426e-02;1.819900e-02;3.420807e-02;1.007746e-01
9.690151e-02;4.584317e-02;1.590197e-01;1.046764e-01;1.015114e-01;2.563739e-01;3.897733e-02;4.687492e-02;3.828174e-02;2.814119e-02;2.870787e-02;5.469087e-02
9.725441e-02;4.108785e-02;1.086422e-01;1.050028e-01;8.772212e-02;3.541861e-01;3.466431e-02;3.894896e-02;3.052421e-02;3.537648e-02;2.031389e-02;4.627671e-02
8.861367e-02;3.417918e-02;8.483386e-02;6.598869e-02;5.678504e-02;4.527424e-01;2.934906e-02;6.832846e-02;3.420978e-02;3.799326e-02;1.314050e-02;3.383607e-02
6.385997e-02;3.658145e-02;9.270269e-02;2.862894e-02;4.566981e-02;4.653215e-01;4.612692e-02;1.063174e-01;3.982326e-02;3.531010e-02;1.088996e-02;2.876790e-02
3.647270e-02;4.115013e-02;9.909087e-02;2.362219e-02;8.059490e-02;3.648267e-01;8.966904e-02;1.308431e-01;4.798661e-02;3.630249e-02;8.890577e-03;4.055069e-02
2.620172e-02;2.594369e-02;1.016224e-01;6.088208e-02;1.008029e-01;2.647544e-01;1.008903e-01;1.471210e-01;6.838385e-02;3.179359e-02;2.040639e-02;5.119777e-02
2.923495e-02;5.670187e-02;7.446219e-02;9.990154e-02;7.256760e-02;2.390645e-01;8.484235e-02;1.347843e-01;1.004828e-01;3.479933e-02;3.883147e-02;3.432719e-02
5.907969e-02;7.067642e-02;5.372909e-02;5.992636e-02;6.058819e-02;2.162906e-01;1.128337e-01;1.250657e-01;1.110958e-01;5.096302e-02;5.281374e-02;2.693771e-02
6.185561e-02;7.271193e-02;8.022442e-02;4.925673e-02;7.232611e-02;1.952616e-01;1.592129e-01;8.955758e-02;9.886983e-02;4.654031e-02;4.414396e-02;3.003907e-02
6.387141e-02;1.015974e-01;7.775377e-02;6.715665e-02;8.792607e-02;1.840469e-01;1.523705e-01;8.051436e-02;8.951332e-02;4.298422e-02;2.884586e-02;2.341949e-02
6.135102e-02;1.174047e-01;9.349971e-02;8.314984e-02;7.506936e-02;1.879686e-01;1.189752e-01;9.581549e-02;8.421388e-02;2.421883e-02;3.306526e-02;2.526808e-02
5.219584e-02;7.213870e-02;8.539079e-02;5.906686e-02;7.882722e-02;1.604246e-01;1.222334e-01;1.307113e-01;7.999655e-02;5.637335e-02;4.618077e-02;5.646061e-02
6.634075e-02;8.339532e-02;6.106547e-02;4.160017e-02;5.911709e-02;1.641335e-01;1.699766e-01;1.129346e-01;9.267895e-02;6.824949e-02;2.378963e-02;5.671844e-02
9.395356e-02;6.818552e-02;6.520009e-02;4.182225e-02;3.682564e-02;2.003916e-01;1.463204e-01;1.484493e-01;7.299493e-02;5.717989e-02;2.467416e-02;4.400263e-02
1.010930e-01;7.547523e-02;7.371450e-02;5.976165e-02;5.552500e-02;1.501580e-01;1.363696e-01;1.463065e-01;6.477303e-02;4.124828e-02;2.431131e-02;7.126389e-02
8.901785e-02;1.308414e-01;8.838205e-02;6.407866e-02;4.170284e-02;1.494062e-01;9.076730e-02;1.042537e-01;5.810613e-02;4.458559e-02;3.603733e-02;1.028209e-01
1.261450e-01;1.065469e-01;1.177040e-01;4.240557e-02;3.565110e-02;1.664199e-01;5.427682e-02;6.764929e-02;5.522738e-02;4.408989e-02;1.174345e-01;6.644960e-02
1.095973e-01;8.330842e-02;1.056101e-01;3.459758e-02;4.304616e-02;1.722201e-01;1.053774e-01;6.237532e-02;6.016282e-02;2.723235e-02;1.321107e-01;6.436178e-02
8.884750e-02;4.674767e-02;8.856121e-02;2.557030e-02;6.431174e-02;1.778919e-01;1.677419e-01;7.238214e-02;5.687699e-02;2.415629e-02;1.342949e-01;5.261748e-02
3.628469e-02;8.867420e-02;6.044868e-02;3.559116e-02;5.698401e-02;1.456850e-01;2.910234e-01;7.137021e-02;3.054932e-02;2.454017e-02;7.662722e-02;8.222198e-02
2.668837e-02;1.116404e-01;2.909629e-02;6.533624e-02;2.932014e-02;1.027650e-01;3.527868e-01;8.769105e-02;1.325050e-02;3.753898e-02;3.290129e-02;1.109849e-01
7.152843e-02;8.672422e-02;6.113577e-02;6.022006e-02;4.475603e-02;7.817922e-02;2.750836e-01;1.550215e-01;2.220511e-02;3.333989e-02;3.199730e-02;7.980890e-02
9.807229e-02;1.334033e-01;9.896433e-02;3.523037e-02;7.740839e-02;6.352692e-02;1.475811e-01;1.892754e-01;4.304186e-02;2.912216e-02;5.102636e-02;3.334745e-02
5.927285e-02;2.242393e-01;1.157537e-01;4.083097e-02;6.403493e-02;7.962420e-02;7.564681e-02;1.181391e-01;7.439671e-02;6.968879e-02;4.998503e-02;2.838761e-02
2.047544e-02;2.270837e-01;2.008765e-01;5.283204e-02;4.108118e-02;6.945275e-02;7.456564e-02;4.712466e-02;6.919931e-02;1.161127e-01;4.582369e-02;3.537236e-02
1.752893e-02;1.289927e-01;2.209367e-01;1.178597e-01;7.304011e-02;5.221567e-02;7.173293e-02;2.258396e-02;4.159441e-02;1.086464e-01;1.002653e-01;4.460324e-02
1.282821e-02;5.757313e-02;1.305786e-01;2.013703e-01;1.436077e-01;6.230886e-02;5.675075e-02;5.321316e-02;3.684169e-02;4.619701e-02;1.435177e-01;5.521298e-02
2.574360e-02;7.444908e-02;4.852655e-02;1.913112e-01;2.302622e-01;1.094062e-01;4.814041e-02;4.701739e-02;2.418764e-02;2.559493e-02;9.164064e-02;8.372007e-02
3.263602e-02;5.049438e-02;5.759990e-02;1.461265e-01;2.825184e-01;1.368226e-01;5.728869e-02;3.691735e-02;2.745501e-02;3.588036e-02;2.497503e-02;1.112858e-01
2.359149e-02;6.556871e-02;8.435973e-02;1.252646e-01;2.409011e-01;9.246843e-02;7.236812e-02;6.402905e-02;2.469833e-02;3.996518e-02;8.081351e-02;8.597176e-02
1.937056e-02;1.132438e-01;8.446103e-02;1.637315e-01;1.971805e-01;5.553705e-02;1.094433e-01;5.122147e-02;3.039551e-02;4.429591e-02;9.034235e-02;4.077698e-02
3.530100e-02;8.934080e-02;3.998605e-02;1.658964e-01;1.074016e-01;1.454135e-01;1.399779e-01;1.046810e-01;3.265514e-02;4.268320e-02;4.872758e-02;4.793568e-02
6.240441e-02;8.615072e-02;8.029442e-02;1.433602e-01;4.322117e-02;1.059835e-01;1.589732e-01;1.164494e-01;6.203741e-02;4.815938e-02;6.100933e-02;3.195692e-02
