1.604873e-02;9.467384e-02;8.577816e-02;1.525701e-02;1.611363e-02;1.315513e-01;1.129179e-01;2.864602e-01;6.070612e-02;6.255224e-02;8.636929e-02;3.157158e-02
1.641004e-02;5.283888e-02;8.511190e-02;1.965711e-02;9.593979e-03;7.502116e-02;7.901327e-02;4.254174e-01;9.645089e-02;4.365594e-02;5.993767e-02;3.689180e-02
1.342059e-02;2.400951e-02;7.658107e-02;7.203787e-02;1.240840e-02;4.837191e-02;3.185897e-02;4.588779e-01;1.804987e-01;3.563676e-02;2.363757e-02;2.266079e-02
5.745142e-03;2.214367e-02;6.488913e-02;1.377971e-01;3.429101e-02;2.696918e-02;2.768089e-02;3.426622e-01;2.880623e-01;2.824864e-02;1.242599e-02;9.084880e-03
6.655917e-03;2.527363e-02;4.717990e-02;1.551010e-01;7.545844e-02;4.194957e-02;3.582869e-02;2.174332e-01;3.604985e-01;1.624891e-02;1.385966e-02;4.512573e-03
1.869607e-02;2.821041e-02;3.824138e-02;1.321448e-01;7.741554e-02;6.206236e-02;4.134880e-02;1.638544e-01;3.904309e-01;3.160667e-02;1.186455e-02;4.124146e-03
2.512920e-02;2.235990e-02;4.581370e-02;1.086056e-01;4.661930e-02;5.434952e-02;4.036392e-02;1.750264e-01;4.231397e-01;4.008414e-02;1.010545e-02;8.403080e-03
1.709556e-02;2.542261e-02;3.906916e-02;6.874157e-02;1.940267e-02;4.646595e-02;4.253579e-02;2.853232e-01;3.809142e-01;4.592801e-02;1.854574e-02;1.055561e-02
1.091484e-02;1.626678e-02;3.334902e-02;4.005228e-02;1.669862e-02;7.846119e-02;3.883126e-02;4.312344e-01;2.665530e-01;3.993509e-02;1.488980e-02;1.281383e-02
1.011544e-02;1.680890e-02;4.117816e-02;3.882414e-02;1.385787e-02;1.734124e-01;7.710792e-02;4.349371e-01;1.468029e-01;1.618930e-02;1.463527e-02;1.613057e-02
1.439500e-02;3.270146e-02;3.656305e-02;5.308025e-02;2.150914e-02;3.264369e-01;1.083795e-01;2.498644e-01;1.119457e-01;2.297398e-02;1.141890e-02;1.073179e-02
2.581848e-02;3.659768e-02;2.168909e-02;5.327470e-02;4.383607e-02;4.237945e-01;8.478634e-02;1.266848e-01;1.092235e-01;4.500291e-02;1.149399e-02;1.779797e-02
3.064581e-02;3.663303e-02;7.655951e-02;5.646678e-02;7.721138e-02;3.556140e-01;3.428587e-02;8.593835e-02;1.530406e-01;4.771853e-02;1.062013e-02;3.526607e-02
2.436256e-02;8.460457e-02;1.924449e-01;5.323112e-02;7.238183e-02;1.563064e-01;4.930473e-02;1.543744e-01;1.528877e-01;2.207243e-02;1.553776e-02;2.249164e-02
1.959508e-02;1.276720e-01;2.353761e-01;4.263715e-02;3.758110e-02;1.543856e-01;4.047576e-02;1.923099e-01;9.849907e-02;2.049959e-02;1.867971e-02;1.228888e-02
1.767725e-02;1.795995e-01;2.636795e-01;6.167489e-02;3.054148e-02;5.289493e-02;4.624479e-02;2.055717e-01;7.611181e-02;2.723038e-02;2.103048e-02;1.774334e-02
1.987358e-02;1.762599e-01;2.354848e-01;7.105482e-02;2.296777e-02;1.040188e-01;3.952517e-02;1.951924e-01;7.776395e-02;1.950882e-02;1.823158e-02;2.011848e-02
2.581022e-02;1.884554e-01;2.523949e-01;7.026786e-02;3.128380e-02;3.164537e-02;3.619619e-02;1.857865e-01;1.224109e-01;1.929782e-02;1.623543e-02;2.021568e-02
2.366308e-02;1.936323e-01;2.885020e-01;6.250085e-02;2.919284e-02;8.454498e-02;3.481743e-02;1.029121e-01;1.075666e-01;3.836902e-02;1.523080e-02;1.906795e-02
1.806558e-02;2.293466e-01;3.349624e-01;6.248788e-02;3.523265e-02;1.165050e-01;2.338227e-02;3.992777e-02;6.701007e-02;4.582205e-02;1.247703e-02;1.478083e-02
2.313745e-02;2.700236e-01;3.098554e-01;6.455305e-02;3.859753e-02;1.033602e-01;1.364706e-02;3.868213e-02;7.737611e-02;4.577249e-02;4.999720e-03;9.995332e-03
5.400553e-02;2.764452e-01;2.366530e-01;4.887335e-02;4.519091e-02;7.509222e-02;8.223441e-03;9.102517e-02;1.007593e-01;4.059679e-02;1.439907e-02;8.736112e-03
1.264279e-01;2.085028e-01;1.477344e-01;2.852897e-02;6.040814e-02;4.053266e-02;6.164860e-03;2.120098e-01;1.009796e-01;2.425388e-02;2.425881e-02;2.019812e-02
1.945848e-01;7.158235e-02;8.075862e-02;1.938799e-02;5.769502e-02;3.780623e-02;3.489697e-02;3.510899e-01;7.946378e-02;1.697906e-02;2.144678e-02;3.430853e-02
1.837947e-01;4.589511e-02;7.249626e-02;2.078449e-02;3.750044e-02;5.491190e-02;7.252235e-02;3.914542e-01;5.647409e-02;1.060845e-02;1.046024e-02;4.309772e-02
1.219161e-01;1.019814e-01;1.055671e-01;2.117356e-02;2.249944e-02;5.762206e-02;9.751087e-02;3.676149e-01;5.000752e-02;9.309613e-03;9.336635e-03;3.546080e-02
7.998371e-02;1.022277e-01;8.774178e-02;2.912665e-02;1.995906e-02;4.700404e-02;1.454990e-01;3.785658e-01;6.103716e-02;8.967460e-03;8.692061e-03;3.119564e-02
9.219129e-02;9.633733e-02;5.066130e-02;3.361374e-02;1.573084e-02;3.250233e-02;2.243906e-01;3.374559e-01;6.535322e-02;1.722815e-02;8.404205e-03;2.613112e-02
1.082601e-01;1.166345e-01;6.873900e-02;2.372852e-02;1.357531e-02;7.140373e-02;2.794584e-01;1.840988e-01;6.320438e-02;2.819298e-02;5.394756e-03;3.730964e-02
1.037908e-01;9.559767e-02;8.577194e-02;3.445004e-02;2.698005e-02;6.588305e-02;2.561902e-01;1.615429e-01;6.197072e-02;4.346425e-02;1.174729e-02;5.261115e-02
1.168424e-01;1.299096e-01;1.146659e-01;4.468659e-02;3.198955e-02;7.205383e-02;1.395701e-01;2.133217e-01;3.810990e-02;4.614330e-02;1.151387e-02;4.119319e-02
1.332476e-01;1.719060e-01;1.736572e-01;3.523814e-02;4.370443e-02;9.261617e-02;6.146090e-02;1.737175e-01;4.564135e-02;3.212514e-02;1.301024e-02;2.367535e-02
1.056196e-01;2.454050e-01;2.298294e-01;3.735739e-02;5.390820e-02;5.966263e-02;4.973727e-02;1.131724e-01;5.521135e-02;1.926719e-02;1.542614e-02;1.540352e-02
6.269728e-02;2.378569e-01;2.448750e-01;3.163521e-02;4.720403e-02;6.686258e-02;6.819915e-02;1.124891e-01;6.639142e-02;2.711115e-02;1.753381e-02;1.714434e-02
7.014376e-02;1.003320e-01;2.201980e-01;3.048739e-02;3.374768e-02;7.946488e-02;9.992594e-02;2.022250e-01;9.943725e-02;2.502310e-02;1.706975e-02;2.194523e-02
7.209045e-02;1.395305e-01;1.649395e-01;2.230063e-02;1.472409e-02;5.789578e-02;1.124706e-01;2.379790e-01;1.233987e-01;2.213379e-02;1.312618e-02;1.941086e-02
8.477776e-02;2.081428e-01;1.163305e-01;1.061360e-02;1.753713e-02;9.184648e-02;9.191251e-02;1.930726e-01;1.241352e-01;2.207636e-02;1.407137e-02;2.548364e-02
1.096443e-01;1.828555e-01;1.386223e-01;3.790597e-02;4.238715e-02;8.683089e-02;2.590759e-02;1.456538e-01;1.443942e-01;2.742708e-02;2.769954e-02;3.067182e-02
6.248000e-02;2.891077e-01;2.654306e-01;6.369468e-02;3.789154e-02;4.430586e-02;2.439905e-02;7.245648e-02;8.440253e-02;1.721192e-02;2.452644e-02;1.409312e-02
4.577145e-02;3.648121e-01;2.921742e-01;8.354633e-02;2.374499e-02;2.332371e-02;1.871827e-02;4.423706e-02;6.809339e-02;1.376571e-02;1.447893e-02;7.333877e-03
5.870665e-02;4.003766e-01;2.430345e-01;8.602243e-02;1.230015e-02;1.861925e-02;2.406372e-02;4.959401e-02;7.572399e-02;1.638534e-02;7.392344e-03;7.781108e-03
6.802024e-02;4.192174e-01;1.568577e-01;7.252809e-02;1.545276e-02;3.477216e-02;3.925908e-02;5.081303e-02;8.688857e-02;3.991043e-02;6.901442e-03;9.379029e-03
8.272871e-02;4.047068e-01;9.094189e-02;3.860015e-02;2.438137e-02;4.441193e-02;6.209959e-02;7.244741e-02;7.970208e-02;8.013407e-02;1.163394e-02;8.212082e-03
8.410612e-02;4.107893e-01;7.727098e-02;1.584238e-02;3.169287e-02;2.739537e-02;6.077887e-02;1.003035e-01;6.804168e-02;1.061690e-01;1.230576e-02;5.304160e-03
8.323748e-02;4.176471e-01;1.087681e-01;2.439307e-02;2.394021e-02;2.275212e-02;6.899480e-02;5.914674e-02;6.594634e-02;1.067041e-01;1.039283e-02;8.077093e-03
8.796833e-02;4.275191e-01;9.312554e-02;3.153974e-02;2.354642e-02;2.896715e-02;8.977704e-02;3.703828e-02;6.277537e-02;1.012009e-01;8.107494e-03;8.434596e-03
8.595210e-02;4.203700e-01;1.243954e-01;1.972287e-02;2.254544e-02;2.765147e-02;1.030845e-01;6.235509e-02;5.591572e-02;6.359984e-02;7.574727e-03;6.832897e-03
1.067621e-01;4.158258e-01;1.189470e-01;1.181350e-02;4.790847e-02;1.795414e-02;9.775489e-02;7.555607e-02;5.025866e-02;3.659127e-02;1.191246e-02;8.715681e-03
1.247215e-01;3.447218e-01;9.927395e-02;1.311491e-02;8.384444e-02;3.959068e-02;7.256927e-02;1.224697e-01;3.912124e-02;3.267729e-02;1.737997e-02;1.051523e-02
1.356680e-01;1.950987e-01;1.307072e-01;1.915876e-02;1.310267e-01;4.517111e-02;6.333058e-02;1.659379e-01;5.382711e-02;2.401106e-02;2.555860e-02;1.050424e-02
1.161203e-01;1.882652e-01;1.459796e-01;2.056465e-02;1.504456e-01;2.449001e-02;6.831723e-02;1.785509e-01;5.150897e-02;2.256921e-02;2.222155e-02;1.096689e-02
1.217942e-01;1.453865e-01;1.457187e-01;2.268056e-02;1.691795e-01;2.718481e-02;5.477902e-02;2.086783e-01;4.369178e-02;2.584830e-02;2.025742e-02;1.480083e-02
1.194805e-01;1.888248e-01;1.641348e-01;1.844076e-02;1.466152e-01;3.121172e-02;2.944879e-02;2.104067e-01;3.436866e-02;2.844005e-02;1.408246e-02;1.454543e-02
1.180959e-01;1.854475e-01;1.719465e-01;2.440685e-02;9.478558e-02;3.669138e-02;5.143928e-02;2.070244e-01;4.369815e-02;2.424600e-02;1.351535e-02;2.870316e-02
7.656206e-02;2.226575e-01;1.602577e-01;1.979742e-02;4.282103e-02;5.515262e-02;7.741706e-02;1.799422e-01;8.152392e-02;2.142623e-02;1.347717e-02;4.896509e-02
2.856218e-02;2.723951e-01;1.496761e-01;1.547052e-02;2.646691e-02;4.775153e-02;8.125335e-02;1.701728e-01;1.082868e-01;3.042398e-02;1.676924e-02;5.277145e-02
4.838587e-02;3.255085e-01;1.571953e-01;9.840264e-03;2.186700e-02;2.693568e-02;7.350668e-02;1.728042e-01;8.279877e-02;3.415758e-02;2.102528e-02;2.597488e-02
7.255769e-02;3.252633e-01;1.557059e-01;2.212011e-02;2.414862e-02;2.259704e-02;6.921776e-02;1.568379e-01;6.630542e-02;3.249791e-02;2.937563e-02;2.337275e-02
1.528247e-01;2.180495e-01;1.771613e-01;2.653860e-02;2.985096e-02;4.761611e-02;3.839607e-02;1.315507e-01;6.866008e-02;3.466114e-02;3.416391e-02;4.052701e-02
2.127199e-01;1.871738e-01;1.764604e-01;1.421369e-02;3.380625e-02;4.000793e-02;3.240700e-02;1.236719e-01;5.831344e-02;2.636599e-02;4.946351e-02;4.539621e-02
2.367931e-01;2.238930e-01;1.647434e-01;1.358900e-02;2.554626e-02;2.212260e-02;2.737786e-02;1.370033e-01;4.237220e-02;2.454283e-02;3.546096e-02;4.655548e-02
2.874765e-01;1.713331e-01;1.568289e-01;1.920049e-02;2.550671e-02;3.766518e-02;2.665174e-02;1.431193e-01;4.194875e-02;2.681106e-02;1.965854e-02;4.379968e-02
2.776043e-01;2.171516e-01;1.041653e-01;2.054534e-02;2.565536e-02;5.432921e-02;2.907516e-02;1.229573e-01;4.786706e-02;2.623034e-02;3.987383e-02;3.454535e-02
1.825980e-01;2.909306e-01;1.403398e-01;1.992377e-02;3.072920e-02;5.180663e-02;2.551264e-02;1.096125e-01;5.600863e-02;2.385781e-02;4.125268e-02;2.742782e-02
1.042161e-01;2.955787e-01;1.815273e-01;1.601052e-02;3.697629e-02;5.277169e-02;2.860905e-02;1.567406e-01;5.777331e-02;1.974980e-02;2.883649e-02;2.121011e-02
1.147344e-01;2.291207e-01;2.204450e-01;2.509855e-02;3.605442e-02;5.943698e-02;2.285394e-02;1.694755e-01;5.467877e-02;2.504862e-02;2.089806e-02;2.215511e-02
1.208513e-01;3.166712e-01;2.290943e-01;1.814658e-02;2.555967e-02;3.353474e-02;2.215127e-02;1.194260e-01;4.751448e-02;2.214149e-02;2.065882e-02;2.425032e-02
1.051797e-01;3.825909e-01;2.549929e-01;9.289605e-03;1.812347e-02;2.824625e-02;3.226143e-02;7.553249e-02;5.251906e-02;1.387375e-02;1.023403e-02;1.715648e-02
9.419115e-02;3.646301e-01;2.844315e-01;1.410930e-02;1.996085e-02;4.060099e-02;3.517042e-02;4.782293e-02;5.365201e-02;1.315297e-02;1.011882e-02;2.215900e-02
8.691730e-02;2.955631e-01;2.820208e-01;3.417280e-02;2.273023e-02;3.845635e-02;3.056252e-02;9.558152e-02;6.265084e-02;1.252952e-02;1.060588e-02;2.820910e-02
8.885659e-02;2.273305e-01;2.519855e-01;4.745397e-02;2.665257e-02;2.784358e-02;3.426499e-02;1.507045e-01;8.449017e-02;2.205134e-02;1.328970e-02;2.507669e-02
7.174604e-02;2.141625e-01;2.378283e-01;5.127977e-02;4.256153e-02;1.696739e-02;3.038369e-02;1.738874e-01;8.874503e-02;3.005246e-02;1.888350e-02;2.350234e-02
9.381660e-02;2.503432e-01;1.400097e-01;3.947580e-02;4.697275e-02;9.534329e-02;2.931524e-02;1.504792e-01;6.768154e-02;2.997323e-02;1.965464e-02;3.693489e-02
1.091870e-01;2.625471e-01;1.046503e-01;2.822515e-02;4.922162e-02;9.128434e-02;5.008630e-02;1.428410e-01;7.174640e-02;3.126211e-02;1.910820e-02;3.984055e-02
1.149046e-01;2.672936e-01;1.488959e-01;2.063637e-02;4.882175e-02;7.331556e-02;4.921444e-02;1.375546e-01;4.809529e-02;2.249506e-02;1.546709e-02;5.330581e-02
1.055722e-01;2.225473e-01;1.455458e-01;2.337534e-02;3.379602e-02;9.322211e-02;3.440343e-02;1.888434e-01;6.738030e-02;2.154527e-02;1.391022e-02;4.985850e-02
1.157003e-01;2.656996e-01;1.088474e-01;2.586986e-02;2.743410e-02;7.722134e-02;3.653406e-02;1.737042e-01;8.889975e-02;2.847861e-02;1.707489e-02;3.453589e-02
1.441128e-01;3.142403e-01;7.211086e-02;3.017890e-02;3.244961e-02;4.910325e-02;4.459687e-02;1.300540e-01;1.013498e-01;3.123925e-02;2.471098e-02;2.585343e-02
1.184491e-01;3.250669e-01;1.105114e-01;2.780496e-02;3.358416e-02;4.807144e-02;4.758109e-02;1.241755e-01;7.890347e-02;3.190164e-02;2.697444e-02;2.697597e-02
9.717339e-02;2.723549e-01;1.595676e-01;2.440846e-02;3.032864e-02;5.657598e-02;5.880032e-02;1.017739e-01;9.134515e-02;3.823725e-02;2.899442e-02;4.044000e-02
5.031893e-02;1.015314e-01;1.299077e-01;5.087477e-02;7.140949e-02;2.238619e-01;7.316930e-02;9.805804e-02;7.125145e-02;2.169755e-02;5.181137e-02;5.610797e-02
3.189710e-02;6.331947e-02;9.543873e-02;5.224035e-02;1.125609e-01;3.197530e-01;7.690336e-02;6.959857e-02;4.757466e-02;2.462982e-02;4.515707e-02;6.092699e-02
3.556589e-02;3.388986e-02;4.838241e-02;2.664654e-02;1.650075e-01;3.873211e-01;7.593501e-02;4.113704e-02;6.463369e-02;2.004124e-02;2.410787e-02;7.733180e-02
2.589589e-02;3.435204e-02;4.741317e-02;4.531541e-02;2.256607e-01;3.113343e-01;4.769808e-02;2.106882e-02;1.087687e-01;1.008662e-02;7.935353e-03;1.144709e-01
1.579569e-02;3.452877e-02;4.734549e-02;6.594996e-02;2.691112e-01;2.248379e-01;2.681308e-02;1.699171e-02;1.330769e-01;4.699127e-03;5.902032e-03;1.549481e-01
1.383514e-02;3.198139e-02;4.858618e-02;5.994577e-02;2.822333e-01;1.974851e-01;3.657062e-02;2.176042e-02;1.190503e-01;5.619816e-03;1.070159e-02;1.722304e-01
2.568685e-02;3.919951e-02;4.837303e-02;4.868869e-02;2.652282e-01;2.459066e-01;3.677831e-02;1.965882e-02;8.822049e-02;6.696661e-03;1.101727e-02;1.645456e-01
5.943831e-02;4.533129e-02;8.934414e-02;4.401777e-02;2.401788e-01;2.621774e-01;2.860033e-02;1.394391e-02;6.577203e-02;5.629867e-03;6.929766e-03;1.386364e-01
8.122446e-02;3.494517e-02;1.005742e-01;5.778616e-02;1.990800e-01;3.263384e-01;2.725554e-02;1.416216e-02;4.747479e-02;5.886356e-03;1.105023e-02;9.422256e-02
7.580364e-02;4.557715e-02;7.447034e-02;8.054979e-02;1.298444e-01;4.374651e-01;2.330155e-02;3.801091e-02;2.817301e-02;2.154179e-02;1.245826e-02;3.280405e-02
6.398089e-02;4.776732e-02;5.378840e-02;9.020347e-02;8.478235e-02;4.391997e-01;6.726957e-02;5.470160e-02;3.665698e-02;3.562048e-02;7.078390e-03;1.895078e-02
4.061915e-02;5.014300e-02;3.595036e-02;6.692115e-02;8.389724e-02;3.567453e-01;1.345269e-01;1.024428e-01;7.066466e-02;2.823069e-02;5.917539e-03;2.394114e-02
1.458445e-02;4.258813e-02;4.166250e-02;3.460604e-02;8.714724e-02;3.612845e-01;1.379995e-01;1.543755e-01;9.427275e-02;1.331725e-02;5.721153e-03;1.244095e-02
1.981491e-02;4.788222e-02;1.050186e-01;2.598283e-02;9.040177e-02;3.849850e-01;9.489258e-02;1.267905e-01;6.826740e-02;1.182152e-02;5.910546e-03;1.823211e-02
3.025720e-02;1.115879e-01;1.894583e-01;2.929951e-02;1.033879e-01;2.623134e-01;6.766989e-02;1.062833e-01;3.854569e-02;9.739308e-03;4.543933e-03;4.691375e-02
4.792291e-02;1.535045e-01;1.724567e-01;2.473659e-02;1.067297e-01;2.246753e-01;4.573197e-02;1.093558e-01;3.139424e-02;8.257381e-03;9.681045e-03;6.555389e-02
5.882202e-02;1.452120e-01;1.320813e-01;2.599270e-02;1.229754e-01;1.580222e-01;5.057414e-02;1.419979e-01;5.995898e-02;1.245341e-02;1.479781e-02;7.711211e-02
5.757661e-02;9.496111e-02;1.071131e-01;2.735808e-02;1.273192e-01;2.076568e-01;4.725663e-02;1.567715e-01;7.800130e-02;2.438081e-02;2.060471e-02;5.100006e-02
5.564996e-02;6.585377e-02;5.671216e-02;3.577794e-02;1.321491e-01;2.852188e-01;5.510648e-02;1.301345e-01;7.988670e-02;4.744171e-02;2.125764e-02;3.481111e-02
6.090775e-02;8.704891e-02;6.382810e-02;3.490297e-02;1.215035e-01;2.468629e-01;5.503708e-02;8.775842e-02;8.133788e-02;8.681569e-02;1.644498e-02;5.755194e-02
4.481759e-02;9.657997e-02;1.033513e-01;3.436800e-02;1.095015e-01;2.790304e-01;4.615501e-02;5.453646e-02;7.779296e-02;7.882932e-02;2.029882e-02;5.473868e-02
3.137362e-02;9.083901e-02;8.732642e-02;3.117992e-02;1.070517e-01;3.364514e-01;3.817360e-02;7.585591e-02;7.859327e-02;5.684274e-02;1.997747e-02;4.633491e-02
1.828281e-02;5.796256e-02;6.199642e-02;2.101168e-02;7.191310e-02;3.202800e-01;2.852888e-02;1.270454e-01;1.602856e-01;5.441454e-02;3.247076e-02;4.580837e-02
1.535378e-02;2.189915e-02;3.259713e-02;1.736498e-02;3.840568e-02;2.218646e-01;3.283783e-02;1.848067e-01;2.683109e-01;7.962956e-02;4.453010e-02;4.239965e-02
2.164776e-02;2.758924e-02;2.948476e-02;2.497132e-02;4.104297e-02;1.604227e-01;4.128988e-02;1.355359e-01;3.020366e-01;1.130451e-01;6.429057e-02;3.864321e-02
3.571151e-02;4.950105e-02;4.917765e-02;2.465336e-02;5.635522e-02;1.713406e-01;3.820341e-02;1.029044e-01;2.502336e-01;1.041041e-01;6.712743e-02;5.068771e-02
4.264735e-02;6.524505e-02;6.282107e-02;2.779219e-02;6.609206e-02;1.912938e-01;3.277644e-02;1.685794e-01;1.789427e-01;6.497870e-02;4.580107e-02;5.303012e-02
5.176217e-02;6.613362e-02;6.461372e-02;4.873069e-02;1.384522e-01;1.723489e-01;5.270871e-02;1.844700e-01;1.213252e-01;4.110824e-02;2.517251e-02;3.317393e-02
3.961030e-02;7.873297e-02;6.447952e-02;4.881058e-02;1.874021e-01;3.050616e-01;5.735344e-02;9.564023e-02;5.214524e-02;3.003481e-02;2.017886e-02;2.055028e-02
3.168779e-02;6.671496e-02;6.367070e-02;4.022662e-02;1.590236e-01;3.099975e-01;6.107903e-02;1.171029e-01;8.009905e-02;2.981747e-02;1.734225e-02;2.323814e-02
5.378927e-02;6.547928e-02;3.767869e-02;5.145460e-02;1.913137e-01;1.851659e-01;5.949290e-02;1.248171e-01;1.198926e-01;3.919500e-02;2.288915e-02;4.883182e-02
4.876840e-02;7.713071e-02;7.917380e-02;5.851940e-02;2.007274e-01;2.021426e-01;5.517666e-02;5.843736e-02;8.485223e-02;5.378190e-02;2.593610e-02;5.535343e-02
3.663980e-02;6.843783e-02;7.186472e-02;2.358039e-02;1.513210e-01;1.907127e-01;5.219679e-02;1.038597e-01;1.613490e-01;5.865972e-02;4.170789e-02;3.967041e-02
3.093159e-02;6.210458e-02;9.632146e-02;3.399234e-02;1.054532e-01;1.513339e-01;3.415078e-02;1.210971e-01;2.041436e-01;5.961440e-02;4.976226e-02;5.109493e-02
3.964174e-02;9.162663e-02;8.833534e-02;3.897875e-02;1.103264e-01;1.404104e-01;5.973091e-02;4.950104e-02;2.182273e-01;5.571507e-02;4.413122e-02;6.337528e-02
3.638788e-02;1.180778e-01;1.294084e-01;4.956496e-02;1.407893e-01;6.783344e-02;4.963427e-02;1.363783e-01;1.772941e-01;3.099347e-02;1.997241e-02;4.366574e-02
3.456074e-02;5.106236e-02;1.155525e-01;3.429398e-02;1.649034e-01;1.921340e-01;3.253573e-02;1.236171e-01;1.594595e-01;3.294286e-02;2.212380e-02;3.681405e-02
4.781760e-02;7.964403e-02;8.184075e-02;3.101957e-02;8.866382e-02;2.057069e-01;4.779217e-02;1.465027e-01;1.059720e-01;6.136613e-02;6.770181e-02;3.597246e-02
4.102298e-02;1.142822e-01;7.398705e-02;3.381217e-02;5.416606e-02;1.896574e-01;1.153518e-01;1.345065e-01;6.992052e-02;5.611765e-02;7.515328e-02;4.202231e-02
6.965488e-02;1.314187e-01;6.423366e-02;2.545526e-02;4.751857e-02;1.957276e-01;1.454213e-01;1.204624e-01;5.725523e-02;5.663433e-02;5.543843e-02;3.077965e-02
1.218296e-01;1.094296e-01;3.899658e-02;1.779749e-02;5.392626e-02;2.692928e-01;1.243810e-01;7.819299e-02;4.822559e-02;7.394981e-02;2.865146e-02;3.532675e-02
1.009728e-01;5.760555e-02;2.638423e-02;9.916496e-03;1.557785e-01;2.683250e-01;5.888297e-02;4.471716e-02;8.153043e-02;5.958126e-02;1.708976e-02;1.192159e-01
2.939300e-02;2.777334e-02;2.440304e-02;2.648721e-02;2.979017e-01;1.266556e-01;2.006645e-02;4.208469e-02;1.266942e-01;2.363725e-02;1.617062e-02;2.387329e-01
2.288721e-02;3.939193e-02;2.418930e-02;7.637565e-02;2.835216e-01;5.653625e-02;1.471890e-02;6.756834e-02;9.128509e-02;2.157017e-02;6.071354e-02;2.412421e-01
2.134924e-02;5.143853e-02;2.740763e-02;1.729492e-01;1.706663e-01;5.157253e-02;2.169231e-02;9.846719e-02;3.265216e-02;3.346452e-02;1.668140e-01;1.515264e-01
5.651029e-02;5.413176e-02;7.145449e-02;2.096719e-01;5.684855e-02;3.830435e-02;5.673856e-02;1.007766e-01;3.205004e-02;5.163503e-02;2.074942e-01;6.438415e-02
1.184584e-01;4.144693e-02;1.351955e-01;1.327606e-01;3.105487e-02;4.240211e-02;1.058559e-01;6.442724e-02;6.571646e-02;7.775733e-02;1.318752e-01;5.304954e-02
1.903746e-01;3.642806e-02;1.997291e-01;4.204191e-02;3.036226e-02;5.128463e-02;1.188138e-01;4.076951e-02;8.853384e-02;8.990588e-02;6.509452e-02;4.666196e-02
1.953691e-01;3.011974e-02;2.351455e-01;6.181378e-02;3.704198e-02;3.511462e-02;7.561380e-02;3.664028e-02;7.807847e-02;1.184150e-01;7.007188e-02;2.657590e-02
1.656870e-01;3.576771e-02;2.729938e-01;4.052238e-02;4.858604e-02;2.583695e-02;4.298507e-02;2.969724e-02;5.293826e-02;2.217409e-01;4.073970e-02;2.250503e-02
1.051723e-01;2.955417e-02;2.360506e-01;2.116862e-02;4.743015e-02;2.783445e-02;8.567767e-02;2.171477e-02;4.863466e-02;3.176427e-01;4.162496e-02;1.749490e-02
7.802535e-02;3.747473e-02;2.030168e-01;2.367068e-02;3.664309e-02;4.396339e-02;8.735161e-02;1.936190e-02;6.704515e-02;3.512301e-01;2.739698e-02;2.482025e-02
7.095070e-02;8.808523e-02;2.112486e-01;3.887958e-02;2.647045e-02;4.360414e-02;6.521660e-02;3.779191e-02;8.506545e-02;2.899961e-01;9.785421e-03;3.290587e-02
5.621516e-02;1.488427e-01;2.294213e-01;4.257737e-02;4.188584e-02;6.122942e-02;5.246052e-02;3.131180e-02;8.045027e-02;1.808032e-01;3.695246e-02;3.785008e-02
4.936882e-02;1.971292e-01;2.339799e-01;3.384740e-02;6.217856e-02;8.066289e-02;4.653449e-02;3.621416e-02;6.784791e-02;1.032337e-01;4.820365e-02;4.079939e-02
6.738468e-02;1.785129e-01;2.002428e-01;5.113272e-02;5.662353e-02;9.081537e-02;4.544315e-02;4.717357e-02;6.358117e-02;1.226223e-01;4.718583e-02;2.928197e-02
9.916291e-02;6.887633e-02;1.694512e-01;7.620959e-02;5.737590e-02;1.104766e-01;6.976466e-02;6.318601e-02;7.057187e-02;1.347192e-01;3.810944e-02;4.209634e-02
9.503973e-02;9.425816e-02;1.764284e-01;6.092653e-02;3.939411e-02;9.870962e-02;6.625739e-02;9.267738e-02;9.985478e-02;1.231572e-01;2.175219e-02;3.154451e-02
8.220463e-02;1.322386e-01;2.376723e-01;9.597041e-02;5.047644e-02;5.784174e-02;3.920434e-02;7.335186e-02;8.356287e-02;8.245057e-02;3.772051e-02;2.730579e-02
5.142737e-02;1.153817e-01;2.242666e-01;6.798229e-02;7.283931e-02;9.889965e-02;6.737573e-02;6.580551e-02;6.533416e-02;4.615588e-02;7.346076e-02;5.107095e-02
2.721140e-02;1.170203e-01;1.650621e-01;3.072463e-02;7.930702e-02;1.354669e-01;7.625438e-02;8.053844e-02;8.234785e-02;6.667024e-02;7.183775e-02;6.755898e-02
4.799872e-02;1.037622e-01;1.881074e-01;3.511908e-02;8.665462e-02;1.218961e-01;6.450056e-02;6.001450e-02;1.137578e-01;5.843098e-02;5.082096e-02;6.893709e-02
6.763901e-02;8.667655e-02;1.943960e-01;4.233302e-02;5.775159e-02;1.089854e-01;7.505808e-02;7.410769e-02;1.025207e-01;8.167161e-02;4.080292e-02;6.805743e-02
5.192097e-02;7.794900e-02;2.067802e-01;8.193339e-02;3.411730e-02;1.297862e-01;6.938639e-02;5.616567e-02;7.682661e-02;1.232222e-01;3.634389e-02;5.556820e-02
5.266489e-02;6.307580e-02;2.087218e-01;1.186977e-01;6.957947e-02;1.157335e-01;4.769726e-02;5.289695e-02;7.310770e-02;1.213651e-01;4.570361e-02;3.075614e-02
6.165528e-02;5.684217e-02;1.434151e-01;1.149747e-01;1.247939e-01;1.281959e-01;4.924209e-02;6.933382e-02;8.634480e-02;1.181981e-01;3.270492e-02;1.429925e-02
4.775172e-02;8.910077e-02;6.669340e-02;6.533879e-02;9.084699e-02;2.039060e-01;8.993610e-02;1.319291e-01;9.527648e-02;5.048207e-02;4.711726e-02;2.162133e-02
2.137234e-02;7.810768e-02;1.189239e-01;3.583153e-02;4.227890e-02;2.382772e-01;7.592521e-02;1.776073e-01;9.606510e-02;4.691580e-02;4.603186e-02;2.266320e-02
1.731731e-02;7.863265e-02;1.412201e-01;2.710966e-02;3.573119e-02;2.399305e-01;7.315582e-02;1.896290e-01;8.676199e-02;4.665446e-02;4.177605e-02;2.208126e-02
2.142654e-02;8.891758e-02;1.319712e-01;2.965742e-02;4.940972e-02;2.142359e-01;7.585701e-02;1.837366e-01;9.677862e-02;4.144404e-02;3.752663e-02;2.903876e-02
3.920724e-02;1.004190e-01;1.195830e-01;6.156667e-02;7.102640e-02;1.269711e-01;7.050912e-02;1.449071e-01;1.042457e-01;6.187432e-02;5.487503e-02;4.481537e-02
7.923768e-02;9.768271e-02;1.212410e-01;6.789114e-02;6.527731e-02;9.565980e-02;5.301035e-02;1.183999e-01;6.838150e-02;1.047828e-01;6.103233e-02;6.740353e-02
8.022138e-02;7.622372e-02;1.212414e-01;6.386048e-02;4.870893e-02;1.168945e-01;6.676366e-02;1.075106e-01;7.301878e-02;1.115193e-01;3.923635e-02;9.480093e-02
5.050743e-02;8.381793e-02;1.939771e-01;5.524768e-02;3.201772e-02;1.058509e-01;6.424555e-02;1.111566e-01;6.451299e-02;1.160935e-01;4.614587e-02;7.642683e-02
5.233167e-02;5.319383e-02;2.101771e-01;5.481727e-02;2.181478e-02;1.216553e-01;1.034427e-01;1.343632e-01;6.645406e-02;8.715499e-02;3.750900e-02;5.708602e-02
9.329782e-02;1.448049e-01;1.844780e-01;5.548843e-02;3.691462e-02;8.069795e-02;6.299358e-02;1.409793e-01;6.392393e-02;6.332882e-02;1.813510e-02;5.495745e-02
1.361738e-01;1.661391e-01;1.401730e-01;2.963789e-02;6.422215e-02;4.941851e-02;2.048205e-02;1.956593e-01;6.895988e-02;6.331248e-02;2.126819e-02;4.455373e-02
1.621461e-01;1.223458e-01;8.046323e-02;2.810078e-02;6.840786e-02;6.499016e-02;6.842162e-02;2.611995e-01;4.293517e-02;5.375912e-02;2.310688e-02;2.412380e-02
1.173226e-01;7.240885e-02;6.623152e-02;5.285538e-02;4.091802e-02;6.108961e-02;1.300782e-01;2.586034e-01;2.883121e-02;4.365193e-02;2.824046e-02;9.976878e-02
6.332462e-02;4.612147e-02;4.884563e-02;7.491803e-02;1.663101e-02;4.311715e-02;2.254028e-01;1.761379e-01;3.432577e-02;3.883729e-02;2.622545e-02;2.061128e-01
3.986341e-02;5.920366e-02;7.067797e-02;6.444219e-02;1.519513e-02;4.990484e-02;2.821075e-01;7.169708e-02;3.384504e-02;2.834198e-02;4.694517e-02;2.377760e-01
3.189813e-02;4.995953e-02;6.018391e-02;4.588049e-02;1.767877e-02;6.301265e-02;3.335668e-01;6.144309e-02;3.398342e-02;1.928102e-02;8.836575e-02;1.947464e-01
2.647915e-02;5.642670e-02;7.220824e-02;2.480912e-02;2.375578e-02;1.179449e-01;3.578294e-01;6.406191e-02;3.496229e-02;3.497971e-02;7.300420e-02;1.135385e-01
3.032030e-02;6.676441e-02;7.002813e-02;7.482110e-03;2.015989e-02;2.032210e-01;3.542253e-01;5.488808e-02;4.009000e-02;3.126566e-02;3.752174e-02;8.403343e-02
3.893124e-02;5.634086e-02;4.176280e-02;2.322955e-02;2.489578e-02;2.989859e-01;2.873703e-01;4.906285e-02;4.045277e-02;1.792271e-02;4.089912e-02;8.014618e-02
3.661874e-02;4.331318e-02;4.005157e-02;2.580590e-02;3.792811e-02;3.604551e-01;2.377759e-01;4.355193e-02;4.718295e-02;1.450578e-02;6.912192e-02;4.368893e-02
3.015228e-02;3.330489e-02;5.275692e-02;2.697536e-02;4.974899e-02;3.098571e-01;2.288547e-01;3.494123e-02;5.774399e-02;2.985791e-02;1.069029e-01;3.890371e-02
2.641500e-02;2.227252e-02;6.780709e-02;3.531291e-02;4.628427e-02;1.892193e-01;2.397787e-01;5.527862e-02;8.385094e-02;4.546583e-02;1.380109e-01;5.030399e-02
2.894176e-02;2.342517e-02;8.023632e-02;2.453744e-02;5.042059e-02;1.549226e-01;2.031603e-01;4.130461e-02;9.786480e-02;4.885855e-02;1.588880e-01;8.743990e-02
3.219274e-02;6.361874e-02;9.545207e-02;2.483321e-02;5.458281e-02;1.639280e-01;1.988973e-01;2.866504e-02;7.630810e-02;4.221221e-02;1.006470e-01;1.186627e-01
3.844289e-02;1.063687e-01;8.155745e-02;5.397061e-02;3.246460e-02;7.852866e-02;2.144319e-01;3.847639e-02;5.732885e-02;3.933086e-02;5.622308e-02;2.028760e-01
4.585890e-02;1.297003e-01;5.542467e-02;6.574220e-02;3.093292e-02;5.225038e-02;2.204816e-01;3.681593e-02;3.404173e-02;3.951573e-02;4.248255e-02;2.467530e-01
3.848562e-02;1.416073e-01;7.632058e-02;7.841795e-02;2.705390e-02;6.212174e-02;2.109117e-01;5.063041e-02;3.239771e-02;4.093958e-02;1.485846e-02;2.262551e-01
4.533292e-02;1.286515e-01;3.442713e-02;1.099683e-01;2.530009e-02;6.867614e-02;2.075371e-01;5.494788e-02;3.920152e-02;4.891802e-02;2.689742e-02;2.101420e-01
5.101277e-02;1.291433e-01;9.076010e-02;1.043201e-01;3.687792e-02;9.595139e-02;1.710633e-01;4.743907e-02;3.667577e-02;4.042315e-02;6.732979e-02;1.290033e-01
4.034135e-02;9.878755e-02;1.221823e-01;5.454141e-02;4.245601e-02;1.580395e-01;1.501777e-01;4.210482e-02;4.693057e-02;3.408970e-02;1.263715e-01;8.397768e-02
2.807991e-02;4.854885e-02;1.090487e-01;4.535158e-02;3.012857e-02;2.057553e-01;1.389831e-01;1.987325e-02;6.806793e-02;2.445021e-02;1.846716e-01;9.704097e-02
2.436699e-02;4.191995e-02;1.383639e-01;4.057676e-02;1.763387e-02;2.328504e-01;8.679071e-02;2.677184e-02;1.040450e-01;1.603432e-02;2.275671e-01;4.307923e-02
1.869091e-02;3.424748e-02;1.432975e-01;2.526634e-02;2.017253e-02;2.320378e-01;6.168872e-02;2.822117e-02;1.633607e-01;1.691813e-02;2.281830e-01;2.791566e-02
2.042611e-02;2.012295e-02;1.253737e-01;2.213378e-02;2.115269e-02;1.984856e-01;7.804080e-02;1.440986e-02;2.203316e-01;1.828580e-02;2.248039e-01;3.643324e-02
2.628092e-02;2.208248e-02;1.195932e-01;2.140508e-02;2.549084e-02;1.901418e-01;5.349225e-02;1.647837e-02;2.470810e-01;2.194554e-02;2.136594e-01;4.234918e-02
3.165489e-02;2.754357e-02;1.267141e-01;2.228199e-02;2.630618e-02;1.948281e-01;4.515258e-02;1.578589e-02;2.398362e-01;2.494712e-02;2.127225e-01;3.222690e-02
6.178374e-02;2.301241e-02;1.182835e-01;1.272855e-02;1.864865e-02;2.193237e-01;2.790278e-02;1.734523e-02;1.985671e-01;2.509391e-02;2.601398e-01;1.717067e-02
9.387194e-02;3.898020e-02;1.060809e-01;1.333140e-02;1.703712e-02;2.392179e-01;1.979389e-02;3.017377e-02;1.037837e-01;1.980704e-02;2.957660e-01;2.215608e-02
9.884837e-02;6.166198e-02;7.861026e-02;3.786639e-02;2.734644e-02;2.143068e-01;4.638365e-02;4.612447e-02;4.336919e-02;3.624818e-02;2.818673e-01;2.736695e-02
6.937625e-02;7.946555e-02;4.280946e-02;6.837217e-02;5.440256e-02;1.758466e-01;5.221406e-02;8.571719e-02;7.015577e-02;7.349088e-02;1.686061e-01;5.954341e-02
3.365460e-02;1.248396e-01;4.304203e-02;5.501913e-02;1.011636e-01;1.230699e-01;5.336066e-02;8.413657e-02;6.457086e-02;1.429254e-01;4.440487e-02;1.298127e-01
5.426057e-02;1.141263e-01;7.287481e-02;4.055730e-02;1.071967e-01;7.526045e-02;4.332867e-02;5.195461e-02;7.100398e-02;1.561213e-01;7.005342e-02;1.432620e-01
1.345955e-01;7.826218e-02;7.884715e-02;6.577049e-02;7.942013e-02;6.172046e-02;5.494284e-02;5.202912e-02;1.131954e-01;1.112237e-01;7.292827e-02;9.706470e-02
2.190370e-01;5.702614e-02;7.544602e-02;1.070613e-01;4.147972e-02;4.262049e-02;5.691600e-02;5.508021e-02;1.621181e-01;3.225667e-02;1.176129e-01;3.334548e-02
2.451583e-01;4.328950e-02;4.296177e-02;1.225511e-01;1.979660e-02;4.290007e-02;5.078987e-02;4.982834e-02;1.777856e-01;2.654311e-02;1.503086e-01;2.808712e-02
2.374409e-01;3.225998e-02;3.520216e-02;1.411767e-01;2.854642e-02;5.456701e-02;4.450256e-02;4.254086e-02;1.774328e-01;2.665701e-02;1.648941e-01;1.477943e-02
2.202180e-01;4.905336e-02;4.605493e-02;1.482381e-01;2.685738e-02;5.803144e-02;3.501128e-02;4.563727e-02;1.654259e-01;2.908162e-02;1.607178e-01;1.567290e-02
1.709449e-01;8.453363e-02;3.974179e-02;1.298154e-01;4.184291e-02;6.898370e-02;3.327993e-02;6.639913e-02;1.370915e-01;3.323809e-02;1.299460e-01;6.418312e-02
1.057134e-01;1.440963e-01;8.102087e-02;1.028575e-01;7.568702e-02;6.726714e-02;2.888857e-02;8.290868e-02;1.076820e-01;3.452304e-02;7.700858e-02;9.234683e-02
6.613301e-02;1.655589e-01;1.024901e-01;5.690882e-02;6.120883e-02;9.644673e-02;2.321813e-02;1.138789e-01;1.034833e-01;3.001221e-02;4.209252e-02;1.385686e-01
4.949277e-02;1.604400e-01;7.869992e-02;3.443088e-02;4.240808e-02;1.225365e-01;2.439112e-02;1.448550e-01;8.318442e-02;2.830564e-02;3.148628e-02;1.997693e-01
4.129716e-02;1.079465e-01;1.060041e-01;3.229512e-02;2.117120e-02;9.442379e-02;3.378591e-02;1.810865e-01;8.586975e-02;4.515830e-02;4.002825e-02;2.109334e-01
6.378670e-02;6.131343e-02;1.459139e-01;5.292805e-02;3.137249e-02;5.678219e-02;7.370643e-02;2.074999e-01;7.253014e-02;6.091606e-02;3.326806e-02;1.399827e-01
9.970767e-02;7.652219e-02;1.362243e-01;6.913340e-02;4.422964e-02;6.038812e-02;6.662013e-02;2.226924e-01;5.432286e-02;6.339196e-02;5.185677e-02;5.491053e-02
5.940648e-02;9.558628e-02;1.499145e-01;4.481556e-02;3.339545e-02;5.444743e-02;6.094568e-02;2.290130e-01;5.731899e-02;6.462373e-02;4.758431e-02;1.029487e-01
7.564808e-02;9.584682e-02;1.776372e-01;3.924628e-02;1.927572e-02;5.234348e-02;3.873234e-02;2.644230e-01;5.089430e-02;6.245111e-02;4.626664e-02;7.723504e-02
9.196161e-02;9.442904e-02;1.710189e-01;2.306842e-02;1.698807e-02;5.437013e-02;7.091413e-02;2.608564e-01;5.416828e-02;5.833687e-02;3.868394e-02;6.520417e-02
6.684585e-02;1.185172e-01;1.616259e-01;1.897185e-02;1.787658e-02;6.399082e-02;6.458948e-02;2.312720e-01;7.855721e-02;5.211142e-02;7.085843e-02;5.478328e-02
4.591579e-02;1.488753e-01;1.867687e-01;2.704867e-02;2.573696e-02;6.112121e-02;6.531940e-02;2.050561e-01;8.704529e-02;3.807836e-02;6.923615e-02;3.979802e-02
5.538103e-02;1.020427e-01;1.702056e-01;3.526903e-02;3.731945e-02;1.140313e-01;7.720738e-02;1.653765e-01;9.613590e-02;3.501087e-02;7.022265e-02;4.179759e-02
6.897964e-02;7.615781e-02;1.465771e-01;3.430403e-02;3.393827e-02;1.408951e-01;7.391957e-02;1.655530e-01;1.199334e-01;3.517761e-02;6.226774e-02;4.229672e-02
9.655605e-02;1.051985e-01;1.066404e-01;4.535286e-02;3.122320e-02;1.122594e-01;4.874228e-02;1.772525e-01;1.366658e-01;3.152757e-02;6.023582e-02;4.834562e-02
1.200858e-01;9.890841e-02;4.458784e-02;8.080350e-02;2.666271e-02;1.005889e-01;5.320206e-02;1.827852e-01;1.499501e-01;3.963304e-02;5.302293e-02;4.976957e-02
9.060354e-02;9.399834e-02;4.261614e-02;1.073418e-01;2.852493e-02;1.140573e-01;7.473762e-02;1.414896e-01;1.729674e-01;4.832921e-02;4.245083e-02;4.288336e-02
5.098520e-02;9.517284e-02;9.089363e-02;9.421900e-02;4.211227e-02;8.228791e-02;8.035099e-02;1.564801e-01;1.491919e-01;3.809708e-02;5.717615e-02;6.303290e-02
4.522241e-02;1.071057e-01;1.138242e-01;7.285804e-02;3.965294e-02;8.260761e-02;1.008500e-01;1.541434e-01;1.371858e-01;2.387582e-02;7.568824e-02;4.698597e-02
3.454388e-02;1.054891e-01;8.384044e-02;7.599293e-02;2.067867e-02;7.631624e-02;1.039217e-01;1.622155e-01;1.646314e-01;2.976183e-02;7.633712e-02;6.627112e-02
4.053850e-02;1.217008e-01;1.614107e-01;5.780843e-02;6.869264e-02;1.061101e-01;2.265062e-02;1.051965e-01;1.435047e-01;4.476700e-02;4.468621e-02;8.293377e-02
3.496727e-02;9.007188e-02;1.577412e-01;7.693098e-02;6.501772e-02;1.603912e-01;2.562710e-02;1.386561e-01;1.021645e-01;3.826978e-02;2.691569e-02;8.324655e-02
3.144036e-02;6.501659e-02;1.215786e-01;8.810974e-02;4.416957e-02;1.597860e-01;3.126214e-02;1.909530e-01;1.298528e-01;2.364550e-02;3.027413e-02;8.391161e-02
5.651902e-02;7.052420e-02;1.155904e-01;7.853363e-02;3.916830e-02;1.462280e-01;3.833020e-02;1.856256e-01;1.411598e-01;1.701408e-02;3.523848e-02;7.606813e-02
6.413822e-02;5.955855e-02;8.571187e-02;8.051967e-02;3.802114e-02;1.542471e-01;3.734959e-02;1.605521e-01;1.641079e-01;2.687286e-02;4.074105e-02;8.817995e-02
5.953126e-02;4.547399e-02;9.195426e-02;1.099162e-01;3.354339e-02;1.327877e-01;4.459031e-02;1.600666e-01;1.845567e-01;3.299770e-02;3.853917e-02;6.604254e-02
6.651916e-02;6.258835e-02;1.205943e-01;1.352238e-01;3.057495e-02;8.694414e-02;3.509195e-02;1.066877e-01;2.290269e-01;2.185418e-02;7.359206e-02;3.130253e-02
6.411953e-02;5.277277e-02;1.156954e-01;1.292083e-01;3.348443e-02;4.674615e-02;5.276362e-02;1.618902e-01;2.150218e-01;4.135184e-02;5.987192e-02;2.707402e-02
6.135571e-02;6.240831e-02;1.109705e-01;9.720492e-02;4.700251e-02;5.436100e-02;6.640412e-02;1.838983e-01;1.837969e-01;5.406718e-02;3.897922e-02;3.955137e-02
4.740712e-02;1.017573e-01;1.188962e-01;4.985877e-02;4.106998e-02;6.183370e-02;3.710023e-02;1.693770e-01;2.046367e-01;5.796668e-02;4.276377e-02;6.733257e-02
2.910470e-02;1.324074e-01;1.203378e-01;4.056031e-02;2.804907e-02;7.060433e-02;3.105101e-02;1.681785e-01;2.195795e-01;5.015578e-02;5.261093e-02;5.736062e-02
4.841088e-02;1.066668e-01;1.179466e-01;6.624638e-02;5.044455e-02;1.305917e-01;4.859769e-02;1.150757e-01;1.914174e-01;4.022347e-02;4.050705e-02;4.387165e-02
