1.535916e-01;1.792070e-01;2.589895e-02;1.025692e-02;1.197000e-02;3.183963e-02;1.504023e-01;1.542015e-01;2.793727e-02;3.424626e-02;1.960640e-01;2.438451e-02
2.380759e-01;2.140735e-01;1.736255e-02;7.243186e-03;7.817108e-03;1.857801e-02;9.273747e-02;1.367392e-01;4.337929e-02;4.017228e-02;1.665002e-01;1.732134e-02
3.430895e-01;2.197488e-01;1.251925e-02;5.739425e-03;5.625227e-03;7.323267e-03;4.666949e-02;1.163448e-01;5.271210e-02;4.054633e-02;1.382277e-01;1.145413e-02
4.654298e-01;1.699260e-01;6.235999e-03;4.363605e-03;3.815455e-03;3.158694e-03;4.647640e-02;9.931565e-02;3.886738e-02;3.294378e-02;1.198205e-01;9.646708e-03
5.978893e-01;1.333318e-01;4.714171e-03;5.438323e-03;3.138925e-03;4.801726e-03;8.209919e-02;8.609395e-02;1.934943e-02;2.442498e-02;2.386056e-02;1.485769e-02
4.538105e-01;9.830392e-02;4.721395e-03;6.096533e-03;1.637490e-03;6.767940e-03;1.110358e-01;7.597542e-02;1.322445e-02;1.877713e-02;1.896773e-01;1.997204e-02
2.430193e-01;1.157642e-01;6.050661e-03;5.458719e-03;3.179051e-03;1.862093e-02;1.314701e-01;6.417105e-02;1.637520e-02;2.515137e-02;3.594554e-01;1.128407e-02
1.651954e-01;7.729249e-02;6.451597e-03;4.562237e-03;6.348301e-03;2.866988e-02;1.332727e-01;5.993483e-02;3.761214e-02;4.813013e-02;4.198551e-01;1.267523e-02
2.479937e-01;5.480196e-02;1.008390e-02;6.560684e-03;1.006440e-02;1.849437e-02;1.359383e-01;9.566701e-02;6.070345e-02;8.231593e-02;2.549266e-01;2.244977e-02
2.509326e-01;9.104398e-02;1.541210e-02;1.278749e-02;1.479334e-02;1.069058e-02;1.454153e-01;7.410049e-02;5.149607e-02;8.283214e-02;1.950429e-01;5.545302e-02
2.266294e-01;1.070453e-01;2.074407e-02;2.975868e-02;2.009618e-02;1.212470e-02;1.999152e-01;8.624499e-02;3.453126e-02;3.648015e-02;1.975370e-01;2.889309e-02
2.088009e-01;8.704522e-02;1.557117e-02;2.232380e-02;2.300425e-02;1.784404e-02;2.636251e-01;1.342217e-01;3.139890e-02;2.896359e-02;1.550899e-01;1.211140e-02
1.068935e-01;5.225530e-02;1.877790e-02;7.303822e-03;1.272190e-02;2.761867e-02;3.710648e-01;1.968986e-01;2.225044e-02;2.717182e-02;1.305231e-01;2.652018e-02
1.037968e-01;7.757778e-02;2.062264e-02;1.224690e-02;1.003035e-02;1.951464e-02;4.038183e-01;2.005418e-01;1.883000e-02;3.114484e-02;8.658560e-02;1.529040e-02
1.168496e-01;9.505535e-02;1.596756e-02;1.848617e-02;2.102871e-02;1.680985e-02;3.794278e-01;2.027924e-01;3.027007e-02;2.854310e-02;4.973935e-02;2.503004e-02
1.295657e-01;9.650114e-02;2.007872e-02;4.568773e-02;4.622201e-02;3.394355e-02;2.219855e-01;1.655623e-01;4.600574e-02;4.059144e-02;1.173367e-01;3.651935e-02
2.046688e-01;9.771211e-02;1.661526e-02;3.999204e-02;3.955983e-02;6.072669e-02;9.837084e-02;1.107268e-01;3.923084e-02;5.600634e-02;2.137678e-01;2.262258e-02
2.768402e-01;6.443318e-02;1.079823e-02;1.887698e-02;1.628425e-02;4.826679e-02;9.082219e-02;1.013581e-01;2.626988e-02;4.639319e-02;2.752098e-01;2.444730e-02
2.799232e-01;6.689300e-02;7.989234e-03;2.104924e-02;7.856106e-03;3.099792e-02;1.054608e-01;1.754558e-01;2.195749e-02;3.314554e-02;2.153314e-01;3.394025e-02
2.285706e-01;5.721452e-02;9.158645e-03;2.510044e-02;6.770429e-03;2.792680e-02;9.809921e-02;3.261568e-01;5.228653e-02;3.978185e-02;9.558204e-02;3.335217e-02
1.336850e-01;3.596695e-02;6.483713e-03;3.810168e-02;8.015608e-03;2.635533e-02;1.376871e-01;4.018399e-01;8.132388e-02;6.847019e-02;1.632484e-02;4.574574e-02
1.383829e-01;2.481265e-02;5.132907e-03;4.747099e-02;6.973715e-03;2.542604e-02;1.509727e-01;3.283381e-01;7.294661e-02;1.023940e-01;3.802623e-02;5.912323e-02
2.672464e-01;2.074739e-02;8.745546e-03;4.397663e-02;2.484635e-02;3.580684e-02;1.230586e-01;2.413766e-01;4.041056e-02;1.089502e-01;3.518156e-02;4.965325e-02
3.863201e-01;2.836391e-02;1.295253e-02;3.000868e-02;3.211439e-02;2.776643e-02;8.207723e-02;2.577257e-01;9.337005e-03;6.562793e-02;3.171102e-02;3.599507e-02
4.341700e-01;3.707945e-02;1.688681e-02;1.527944e-02;7.452083e-02;9.125379e-03;4.735416e-02;2.616315e-01;7.923057e-03;2.585935e-02;5.167418e-02;1.849593e-02
4.087626e-01;4.130488e-02;2.064464e-02;5.698758e-03;1.321301e-01;9.044530e-03;3.198049e-02;2.127549e-01;1.564809e-02;1.817932e-02;9.091882e-02;1.293288e-02
3.266165e-01;8.147725e-02;1.574807e-02;8.245030e-03;1.241541e-01;2.650950e-02;4.812145e-02;1.582331e-01;6.385395e-02;2.324553e-02;1.092190e-01;1.457648e-02
2.422543e-01;1.841608e-01;1.058158e-02;1.600591e-02;4.148753e-02;8.159483e-02;3.493484e-02;1.263245e-01;1.569259e-01;1.965547e-02;6.376012e-02;2.231437e-02
1.668111e-01;2.229212e-01;1.566115e-02;1.471205e-02;2.647564e-02;1.213265e-01;1.399561e-02;8.093080e-02;2.154382e-01;3.807550e-02;2.399107e-02;5.966113e-02
9.098321e-02;1.849923e-01;4.115621e-02;1.363029e-02;2.710671e-02;1.134527e-01;2.013376e-02;7.924866e-02;2.486865e-01;8.471215e-02;3.103801e-02;6.485953e-02
7.631684e-02;1.431767e-01;5.400173e-02;9.884927e-03;2.627165e-02;6.164005e-02;4.314099e-02;1.141782e-01;2.458541e-01;1.274051e-01;5.202013e-02;4.610947e-02
1.099844e-01;1.558171e-01;5.170633e-02;8.240171e-03;2.892305e-02;2.978282e-02;6.846943e-02;1.110718e-01;2.095356e-01;1.247293e-01;7.332096e-02;2.841904e-02
1.621639e-01;1.574281e-01;3.424082e-02;1.392615e-02;3.352016e-02;4.693965e-02;7.634991e-02;9.289713e-02;1.425948e-01;8.437858e-02;9.929439e-02;5.626653e-02
2.045900e-01;1.929792e-01;5.287364e-02;7.990515e-03;2.566336e-02;7.407189e-02;5.879179e-02;9.697112e-02;1.152906e-01;2.691597e-02;7.467595e-02;6.918597e-02
2.138707e-01;1.713920e-01;3.973298e-02;6.689221e-03;1.261761e-02;1.083986e-01;5.568790e-02;9.956430e-02;1.293259e-01;5.593200e-02;7.340127e-02;3.338756e-02
1.725413e-01;1.449348e-01;3.169698e-02;1.077218e-02;1.279552e-02;1.254126e-01;3.706783e-02;1.309325e-01;1.370628e-01;8.646810e-02;6.392308e-02;4.639233e-02
1.115571e-01;1.245549e-01;3.238147e-02;1.934353e-02;2.354715e-02;1.372196e-01;5.704810e-02;1.428608e-01;1.227510e-01;9.229917e-02;9.191748e-02;4.451964e-02
1.159052e-01;1.017916e-01;3.112635e-02;1.663679e-02;4.263623e-02;1.058537e-01;6.416544e-02;1.235218e-01;1.224006e-01;1.120402e-01;1.326715e-01;3.125057e-02
1.283771e-01;9.359217e-02;3.730109e-02;2.980341e-02;5.076767e-02;7.476620e-02;7.758494e-02;1.040336e-01;1.246314e-01;1.247700e-01;9.681868e-02;5.755363e-02
1.483949e-01;1.297449e-01;3.130434e-02;4.340859e-02;4.456928e-02;8.611374e-02;8.774455e-02;8.703738e-02;1.368574e-01;8.594860e-02;5.658618e-02;6.229017e-02
2.276479e-01;2.053281e-01;3.588040e-02;3.060447e-02;2.453126e-02;5.603275e-02;1.045221e-01;9.494934e-02;8.594246e-02;4.544279e-02;5.194428e-02;3.717418e-02
3.044913e-01;2.165942e-01;2.927716e-02;2.581953e-02;9.829903e-03;3.703728e-02;8.931267e-02;9.027027e-02;4.682466e-02;4.051966e-02;9.131390e-02;1.870943e-02
3.424436e-01;1.819949e-01;1.975984e-02;2.730860e-02;7.638957e-03;3.039278e-02;6.549370e-02;5.888382e-02;4.836021e-02;3.907290e-02;1.557682e-01;2.288247e-02
3.062692e-01;1.330973e-01;2.217081e-02;2.605791e-02;9.052339e-03;3.125753e-02;6.062513e-02;5.440482e-02;5.924331e-02;4.151981e-02;2.328124e-01;2.348939e-02
2.186893e-01;1.498392e-01;3.653603e-02;2.021902e-02;1.143746e-02;3.675452e-02;1.095205e-01;1.051050e-01;4.401924e-02;4.533443e-02;2.034474e-01;1.909790e-02
1.910417e-01;1.240109e-01;4.860272e-02;2.823655e-02;2.099111e-02;5.272836e-02;1.824194e-01;1.740759e-01;4.589085e-02;4.503388e-02;6.376678e-02;2.320200e-02
1.836045e-01;1.015464e-01;4.305734e-02;3.345254e-02;2.907654e-02;6.916734e-02;2.032010e-01;1.664725e-01;4.957022e-02;3.941055e-02;6.510863e-02;1.633245e-02
2.143504e-01;1.208359e-01;3.856467e-02;4.416540e-02;3.993749e-02;7.580594e-02;1.365616e-01;9.154149e-02;4.651527e-02;4.228637e-02;1.254418e-01;2.399369e-02
2.737369e-01;1.532036e-01;3.715664e-02;4.371404e-02;3.221761e-02;5.844929e-02;5.404879e-02;7.179640e-02;6.846552e-02;5.831269e-02;1.196808e-01;2.921769e-02
2.890494e-01;1.637930e-01;2.818234e-02;3.778487e-02;2.144179e-02;4.555684e-02;8.136111e-02;1.007594e-01;6.232564e-02;4.778444e-02;7.734934e-02;4.461176e-02
2.408323e-01;1.288428e-01;3.787880e-02;2.906864e-02;2.956286e-02;5.208756e-02;1.354197e-01;8.640265e-02;5.383226e-02;7.005103e-02;1.006481e-01;3.537326e-02
1.871343e-01;1.347118e-01;3.913834e-02;2.811868e-02;1.694115e-02;4.448966e-02;1.399522e-01;1.291656e-01;7.918037e-02;4.889225e-02;1.169748e-01;3.530086e-02
2.390075e-01;1.011546e-01;3.460500e-02;6.361449e-02;2.174759e-02;5.124128e-02;7.816895e-02;1.574188e-01;9.593766e-02;5.719189e-02;6.435814e-02;3.555417e-02
2.211010e-01;8.949653e-02;4.654171e-02;4.648895e-02;3.983701e-02;5.760050e-02;1.031068e-01;1.000903e-01;6.541013e-02;4.175666e-02;1.583274e-01;3.024305e-02
2.045045e-01;1.842051e-01;3.513730e-02;2.833446e-02;3.545670e-02;4.639575e-02;7.435349e-02;9.275943e-02;6.999601e-02;5.122210e-02;1.551757e-01;2.245941e-02
1.815161e-01;2.261727e-01;2.896127e-02;1.625107e-02;1.746290e-02;4.221549e-02;6.975287e-02;7.447018e-02;1.389839e-01;6.075349e-02;1.209362e-01;2.252379e-02
1.603131e-01;1.907167e-01;2.213049e-02;1.453867e-02;3.849762e-02;2.872165e-02;5.313906e-02;8.751868e-02;2.093004e-01;7.962400e-02;9.339663e-02;2.210288e-02
1.596953e-01;9.347669e-02;8.428905e-03;1.058066e-02;7.714829e-02;1.599868e-02;2.682484e-02;1.880564e-01;1.972089e-01;1.048995e-01;1.052466e-01;1.243533e-02
2.106538e-01;3.640379e-02;1.340781e-02;7.406091e-03;1.117480e-01;1.297407e-02;1.277744e-02;2.822824e-01;1.189746e-01;8.602048e-02;9.796710e-02;9.384378e-03
2.848667e-01;4.378597e-02;1.860685e-02;9.068945e-03;1.136506e-01;8.855737e-03;2.270960e-02;3.643234e-01;3.681307e-02;3.887583e-02;4.869226e-02;9.751070e-03
2.991110e-01;5.692027e-02;1.831346e-02;2.216884e-02;6.341840e-02;2.561763e-02;6.981048e-02;3.238378e-01;3.958342e-02;3.228940e-02;1.711162e-02;3.181770e-02
2.763889e-01;5.634301e-02;1.895767e-02;4.884629e-02;3.562932e-02;5.385689e-02;1.258609e-01;2.376814e-01;3.926329e-02;4.693569e-02;2.347296e-02;3.676364e-02
2.097650e-01;5.967560e-02;1.543602e-02;8.968654e-02;3.178724e-02;4.896321e-02;1.862758e-01;2.060077e-01;2.858568e-02;4.069673e-02;3.963462e-02;4.348586e-02
1.369468e-01;5.548003e-02;2.382175e-02;8.409423e-02;2.353060e-02;2.331723e-02;2.119841e-01;1.907144e-01;2.645304e-02;3.083435e-02;8.808001e-02;1.047434e-01
1.337138e-01;5.250795e-02;3.617209e-02;3.642568e-02;3.354799e-02;5.748568e-02;1.499961e-01;1.652791e-01;3.559009e-02;3.171113e-02;1.645559e-01;1.030146e-01
1.610859e-01;2.891424e-02;2.613208e-02;3.649145e-02;3.238224e-02;7.694991e-02;1.420554e-01;1.737101e-01;4.738836e-02;6.247063e-02;1.920355e-01;2.038424e-02
1.859724e-01;4.297179e-02;1.950403e-02;3.773440e-02;1.213730e-02;6.663319e-02;1.477613e-01;1.832216e-01;3.821509e-02;7.153787e-02;1.152340e-01;7.907692e-02
1.964946e-01;6.126548e-02;1.611639e-02;3.637207e-02;2.654402e-02;7.001419e-02;1.222870e-01;1.904146e-01;3.448945e-02;6.740782e-02;1.320043e-01;4.659013e-02
1.746867e-01;9.340411e-02;3.581286e-02;4.000378e-02;3.173338e-02;6.334872e-02;1.363154e-01;1.685838e-01;3.499700e-02;5.857879e-02;1.345429e-01;2.799265e-02
1.292004e-01;1.077274e-01;5.332609e-02;6.747471e-02;4.316546e-02;5.292934e-02;1.528151e-01;1.193819e-01;4.469220e-02;5.684773e-02;1.123374e-01;6.010223e-02
1.201316e-01;8.242862e-02;3.560287e-02;4.959027e-02;4.635917e-02;4.166907e-02;1.183858e-01;1.037332e-01;6.792118e-02;8.304593e-02;1.665559e-01;8.457640e-02
1.899069e-01;9.932785e-02;2.522915e-02;3.806079e-02;3.475029e-02;4.045738e-02;1.118700e-01;8.747351e-02;4.826224e-02;5.624423e-02;2.283944e-01;4.002336e-02
2.560756e-01;1.708609e-01;2.348392e-02;3.765540e-02;1.328301e-02;3.549527e-02;9.927783e-02;6.397225e-02;1.219087e-02;4.365446e-02;2.238727e-01;2.017772e-02
2.140820e-01;3.197773e-01;6.806707e-02;3.377625e-02;1.102834e-02;2.180456e-02;6.310002e-02;6.664986e-02;4.132808e-02;7.366815e-02;6.411896e-02;2.259948e-02
9.588226e-02;4.095555e-01;1.098708e-01;2.916495e-02;1.014074e-02;1.747366e-02;5.275056e-02;6.419374e-02;6.002300e-02;9.373991e-02;4.856977e-02;8.635141e-03
6.820269e-02;3.773015e-01;1.292223e-01;5.348527e-02;1.082268e-02;1.490226e-02;3.810140e-02;4.330516e-02;3.822035e-02;5.788956e-02;1.501794e-01;1.836746e-02
4.622898e-02;3.067470e-01;1.217939e-01;1.119716e-01;1.977340e-02;1.546224e-02;2.477481e-02;3.970620e-02;1.680253e-02;2.455024e-02;2.390332e-01;3.315575e-02
4.146480e-02;1.960907e-01;8.047919e-02;2.193782e-01;3.532595e-02;1.780737e-02;1.947043e-02;4.523412e-02;5.171201e-03;1.061445e-02;2.837211e-01;4.524247e-02
3.774948e-02;9.658491e-02;6.118896e-02;3.757854e-01;6.626690e-02;2.280227e-02;1.652543e-02;3.543325e-02;1.557403e-02;1.352824e-02;2.488283e-01;9.732759e-03
3.575701e-02;1.261206e-01;9.446017e-02;3.691289e-01;1.024915e-01;1.646599e-02;3.885420e-02;2.035486e-02;3.100374e-02;2.707324e-02;1.358491e-01;2.440683e-03
7.101446e-02;2.418606e-01;1.088120e-01;2.208563e-01;1.033606e-01;2.163970e-02;5.929283e-02;1.865141e-02;3.546693e-02;3.777356e-02;7.801172e-02;3.259895e-03
1.422271e-01;3.190037e-01;1.065897e-01;9.557153e-02;6.349139e-02;3.142834e-02;6.730181e-02;2.459317e-02;2.638926e-02;3.631572e-02;8.052115e-02;6.567136e-03
1.339746e-01;2.579211e-01;1.518174e-01;1.053234e-01;4.817456e-02;2.900748e-02;6.362705e-02;3.552159e-02;2.092038e-02;4.898848e-02;9.661978e-02;8.104212e-03
9.957717e-02;3.432584e-01;1.915752e-01;5.178125e-02;4.877072e-02;1.367784e-02;6.254224e-02;2.489055e-02;2.212146e-02;8.965767e-02;4.449837e-02;7.649157e-03
1.161136e-01;4.798657e-01;1.277125e-01;2.669210e-02;2.749180e-02;2.836592e-02;3.871112e-02;2.273646e-02;3.253345e-02;7.012159e-02;2.374691e-02;5.908763e-03
1.292771e-01;5.504019e-01;6.569801e-02;1.959825e-02;1.477893e-02;4.878532e-02;2.736158e-02;2.127495e-02;5.313297e-02;3.532690e-02;2.642002e-02;7.943958e-03
1.555179e-01;5.652053e-01;3.684472e-02;1.021922e-02;7.022615e-03;7.731833e-02;1.218509e-02;1.814698e-02;7.299302e-02;2.224994e-02;1.677819e-02;5.518710e-03
2.206054e-01;5.082810e-01;1.680067e-02;1.069697e-02;9.364401e-03;8.736396e-02;6.588005e-03;2.003953e-02;7.478840e-02;2.452852e-02;1.807604e-02;2.867114e-03
3.125054e-01;4.321372e-01;1.884894e-02;9.105958e-03;2.800012e-02;6.747405e-02;1.109585e-02;3.357473e-02;4.736464e-02;2.227504e-02;1.369170e-02;3.926372e-03
3.934874e-01;3.156684e-01;1.085829e-02;9.870256e-03;8.294854e-02;3.953000e-02;1.038870e-02;7.507271e-02;2.065900e-02;2.007645e-02;1.797143e-02;3.468831e-03
3.362015e-01;2.152719e-01;1.310961e-02;1.421598e-02;1.045457e-01;3.715251e-02;3.610679e-02;1.464784e-01;3.773693e-02;1.040175e-02;4.448833e-02;4.290636e-03
2.758244e-01;2.410024e-01;1.449319e-02;1.345734e-02;6.785233e-02;3.492044e-02;5.255165e-02;1.672443e-01;5.329773e-02;1.389401e-02;5.709822e-02;8.364118e-03
3.262542e-01;2.267233e-01;1.552514e-02;8.242515e-03;4.568168e-02;1.906585e-02;3.797145e-02;1.884167e-01;5.582746e-02;1.502341e-02;5.423985e-02;7.028479e-03
4.138306e-01;1.526061e-01;1.377181e-02;2.814975e-03;3.876284e-02;5.796598e-03;1.755055e-02;2.538449e-01;3.580580e-02;1.502648e-02;4.639030e-02;3.799008e-03
4.607583e-01;1.065940e-01;1.109215e-02;3.685880e-03;4.234052e-02;5.031727e-03;1.606661e-02;2.630658e-01;2.180079e-02;7.087628e-03;5.762111e-02;4.855632e-03
4.509557e-01;1.892314e-01;9.634595e-03;3.633072e-03;3.448489e-02;5.046731e-03;2.027889e-02;1.858106e-01;2.567343e-02;1.018213e-02;5.942810e-02;5.640439e-03
4.106818e-01;3.018081e-01;7.825168e-03;6.202244e-03;1.403154e-02;1.720044e-02;2.020128e-02;1.040785e-01;5.883822e-02;1.585785e-02;3.923516e-02;4.039680e-03
3.017343e-01;4.054673e-01;1.101284e-02;1.240622e-02;1.360812e-02;4.046093e-02;1.231346e-02;4.943809e-02;1.074315e-01;1.673775e-02;2.195527e-02;7.434308e-03
1.786336e-01;5.129824e-01;2.783505e-02;1.309675e-02;1.624722e-02;5.342266e-02;1.023507e-02;2.179353e-02;1.228552e-01;2.320490e-02;1.141123e-02;8.282399e-03
7.530796e-02;5.682410e-01;6.446803e-02;1.187722e-02;1.391025e-02;3.948673e-02;2.250728e-02;2.742633e-02;9.305072e-02;5.687409e-02;1.719466e-02;9.655664e-03
6.347700e-02;5.093580e-01;1.020676e-01;1.811985e-02;1.749615e-02;1.261273e-02;6.877627e-02;3.057484e-02;5.538730e-02;8.605234e-02;3.113676e-02;4.941125e-03
9.382895e-02;3.973440e-01;1.211250e-01;3.902549e-02;1.869249e-02;7.284991e-03;1.098199e-01;3.291530e-02;4.605406e-02;6.777990e-02;6.183780e-02;4.292102e-03
9.970824e-02;2.636613e-01;1.207975e-01;8.663791e-02;2.146541e-02;1.766966e-02;1.014929e-01;7.945342e-02;3.374298e-02;3.472125e-02;1.351343e-01;5.515163e-03
7.400602e-02;2.030621e-01;1.035278e-01;1.070156e-01;2.234523e-02;3.941631e-02;6.892086e-02;1.673042e-01;2.809925e-02;1.907910e-02;1.556297e-01;1.159377e-02
9.606808e-02;2.722245e-01;7.313128e-02;6.772519e-02;1.782188e-02;3.626750e-02;1.044455e-01;1.637511e-01;3.990073e-02;2.074914e-02;9.422822e-02;1.368697e-02
9.261458e-02;3.419215e-01;8.346343e-02;4.687827e-02;1.812176e-02;3.995846e-02;1.139457e-01;1.143970e-01;5.540025e-02;2.660917e-02;5.954573e-02;7.144134e-03
8.849753e-02;4.210119e-01;1.301735e-01;4.440863e-02;2.450194e-02;2.481817e-02;7.182524e-02;6.541148e-02;6.413647e-02;3.315703e-02;2.900513e-02;3.053084e-03
1.117588e-01;4.660507e-01;1.232425e-01;3.534434e-02;3.056334e-02;1.626331e-02;5.358833e-02;6.792472e-02;4.227103e-02;3.362259e-02;1.705706e-02;2.313280e-03
1.522868e-01;4.777694e-01;1.005727e-01;2.844778e-02;3.376566e-02;1.695112e-02;4.439384e-02;6.452333e-02;2.574590e-02;3.342008e-02;1.819860e-02;3.924896e-03
2.413046e-01;3.702080e-01;7.827480e-02;2.622557e-02;3.174435e-02;2.112570e-02;7.096086e-02;6.874141e-02;2.904420e-02;2.339719e-02;3.385615e-02;5.117162e-03
3.447683e-01;1.530055e-01;6.226902e-02;3.622807e-02;4.528933e-02;3.814156e-02;6.703921e-02;9.152944e-02;3.151882e-02;4.430931e-02;7.372832e-02;1.217309e-02
2.001903e-01;3.436673e-01;5.158095e-02;2.300273e-02;3.321011e-02;5.144541e-02;5.421806e-02;8.538752e-02;6.150129e-02;4.657868e-02;4.076061e-02;8.456989e-03
1.090977e-01;4.019203e-01;6.854036e-02;2.186301e-02;2.063204e-02;4.787006e-02;8.368482e-02;7.461707e-02;7.623457e-02;6.678746e-02;2.233504e-02;6.417508e-03
1.354344e-01;4.078382e-01;7.505637e-02;1.652560e-02;1.743936e-02;3.004867e-02;9.895407e-02;6.793087e-02;4.913967e-02;7.068654e-02;2.567485e-02;5.271366e-03
1.967211e-01;4.214669e-01;5.388280e-02;1.399229e-02;9.917623e-03;5.004529e-02;7.792769e-02;5.796217e-02;4.918145e-02;4.270713e-02;2.138355e-02;4.812027e-03
2.114389e-01;4.376190e-01;3.104247e-02;1.672628e-02;1.049040e-02;6.541262e-02;4.398572e-02;6.912028e-02;5.548582e-02;2.208821e-02;2.666130e-02;9.928954e-03
1.089997e-01;2.524492e-01;3.891973e-02;4.606245e-02;3.774010e-02;7.047574e-02;1.397075e-01;1.562174e-01;3.035661e-02;2.388939e-02;6.384479e-02;3.133736e-02
3.659166e-02;1.071870e-01;3.034601e-02;9.717640e-02;5.405047e-02;8.714829e-02;1.555636e-01;2.363765e-01;2.058066e-02;2.196132e-02;1.032856e-01;4.973251e-02
1.974147e-02;4.781047e-02;2.103760e-02;1.169293e-01;7.235388e-02;7.633954e-02;1.245584e-01;1.970574e-01;6.252022e-02;2.756407e-02;1.305335e-01;1.035542e-01
1.352003e-02;3.537613e-02;1.515378e-02;1.083694e-01;6.663054e-02;5.679833e-02;9.070408e-02;2.236447e-01;8.676227e-02;3.011682e-02;1.434472e-01;1.294767e-01
1.509679e-02;3.873273e-02;1.390370e-02;1.211058e-01;3.150068e-02;2.686477e-02;5.215094e-02;2.794273e-01;6.844818e-02;3.474446e-02;1.809277e-01;1.370970e-01
1.585745e-02;3.986821e-02;1.303246e-02;1.305664e-01;1.744348e-02;2.406452e-02;2.504395e-02;2.762440e-01;5.962083e-02;4.203994e-02;2.335841e-01;1.226346e-01
1.193252e-02;4.080951e-02;9.138871e-03;1.326001e-01;1.366065e-02;2.672770e-02;2.161119e-02;2.682584e-01;6.039033e-02;4.945666e-02;2.703820e-01;9.503204e-02
9.269424e-03;3.629304e-02;8.633491e-03;1.008388e-01;3.601512e-02;2.433746e-02;2.250450e-02;2.206579e-01;5.195947e-02;6.515918e-02;2.630094e-01;1.613222e-01
1.304665e-02;2.704355e-02;8.848971e-03;5.586121e-02;7.334474e-02;1.980151e-02;4.768090e-02;1.408826e-01;5.975372e-02;5.358134e-02;2.091844e-01;2.909704e-01
1.904944e-02;3.806269e-02;1.199094e-02;3.850492e-02;1.163685e-01;2.714944e-02;8.546752e-02;9.170342e-02;6.135472e-02;3.255044e-02;1.179338e-01;3.598642e-01
6.778812e-02;8.748937e-02;2.198357e-02;4.037001e-02;1.128947e-01;5.145287e-02;1.296198e-01;9.866633e-02;5.013674e-02;2.245962e-02;4.133478e-02;2.758041e-01
1.054890e-01;1.431681e-01;2.374192e-02;3.215590e-02;7.479367e-02;5.153847e-02;1.420130e-01;1.491201e-01;3.506842e-02;2.380692e-02;4.373199e-02;1.753725e-01
9.964353e-02;1.335648e-01;2.597402e-02;2.183844e-02;8.011016e-02;4.513999e-02;9.361031e-02;1.921604e-01;4.078517e-02;2.807578e-02;8.594703e-02;1.531505e-01
6.820343e-02;6.484357e-02;2.822889e-02;3.426219e-02;9.328371e-02;3.545848e-02;8.227221e-02;1.924257e-01;3.345229e-02;4.043619e-02;1.587691e-01;1.683642e-01
5.272333e-02;9.744956e-02;2.717810e-02;2.474396e-02;6.612978e-02;2.441486e-02;7.861205e-02;1.544937e-01;2.472977e-02;5.550930e-02;1.699220e-01;2.240936e-01
2.822036e-02;6.385946e-02;2.441826e-02;2.172038e-02;5.684384e-02;2.865887e-02;6.991798e-02;1.927499e-01;2.509731e-02;5.124529e-02;1.478017e-01;2.894666e-01
5.956610e-02;4.465438e-02;1.848092e-02;2.494683e-02;4.021139e-02;3.874083e-02;8.521215e-02;2.301845e-01;1.865652e-02;3.580474e-02;1.447225e-01;2.588191e-01
9.322685e-02;7.644784e-02;1.687197e-02;2.341187e-02;2.253015e-02;3.471088e-02;9.128354e-02;2.386372e-01;3.259363e-02;2.635114e-02;1.466342e-01;1.973008e-01
9.951143e-02;8.777978e-02;1.332733e-02;2.299764e-02;2.628648e-02;4.754142e-02;1.009429e-01;2.263815e-01;3.575189e-02;2.835043e-02;1.288913e-01;1.822378e-01
6.150979e-02;9.283445e-02;2.283712e-02;3.153233e-02;4.441955e-02;4.601397e-02;5.898891e-02;2.032203e-01;5.674706e-02;2.274180e-02;1.694171e-01;1.897377e-01
5.354903e-02;6.288220e-02;2.929941e-02;2.253742e-02;3.185196e-02;3.972835e-02;9.293901e-02;1.572414e-01;5.466189e-02;3.345295e-02;2.774819e-01;1.443745e-01
5.553127e-02;8.725564e-02;3.244269e-02;3.537058e-02;4.814128e-02;3.178287e-02;9.661402e-02;6.397542e-02;5.322041e-02;4.398495e-02;3.187329e-01;1.329479e-01
9.320702e-02;1.052656e-01;4.535478e-02;4.251741e-02;4.336484e-02;4.061009e-02;8.680326e-02;1.119474e-01;6.667094e-02;5.367086e-02;2.012142e-01;1.093736e-01
1.221446e-01;1.914482e-01;3.949682e-02;2.152354e-02;2.560563e-02;4.600281e-02;1.336919e-01;1.488069e-01;5.412513e-02;4.696523e-02;1.168162e-01;5.337305e-02
1.616798e-01;1.716598e-01;2.619548e-02;3.928579e-02;2.033214e-02;3.607719e-02;1.262364e-01;1.287985e-01;3.506937e-02;3.412088e-02;1.924638e-01;2.808092e-02
1.782141e-01;1.169102e-01;2.090793e-02;5.164173e-02;2.052360e-02;2.233065e-02;9.059233e-02;9.879475e-02;2.731680e-02;3.117626e-02;3.301087e-01;1.148296e-02
1.410365e-01;5.100945e-02;2.315804e-02;4.559696e-02;2.474078e-02;2.436972e-02;3.640474e-02;5.734351e-02;3.398999e-02;4.624308e-02;5.083804e-01;7.726800e-03
6.711561e-02;2.611413e-02;1.637984e-02;3.447941e-02;2.681062e-02;2.678767e-02;2.099920e-02;3.572908e-02;2.560381e-02;6.321748e-02;6.526279e-01;4.135286e-03
4.437574e-02;2.083211e-02;6.113399e-03;2.636837e-02;4.797890e-02;1.569026e-02;2.623170e-02;3.119974e-02;2.956981e-02;7.832366e-02;6.705410e-01;2.775336e-03
3.248908e-02;1.578241e-02;9.412845e-03;1.126382e-02;6.121603e-02;2.063789e-02;2.371237e-02;3.670669e-02;3.174987e-02;9.337053e-02;6.592909e-01;4.367613e-03
2.763468e-02;1.154151e-02;1.780766e-02;4.695948e-03;7.464353e-02;1.889704e-02;3.036451e-02;5.220722e-02;2.238547e-02;8.834305e-02;6.454112e-01;6.068201e-03
2.319738e-02;1.904961e-02;1.628618e-02;4.821262e-03;1.102783e-01;1.053348e-02;3.137456e-02;5.757995e-02;3.335353e-02;9.718759e-02;5.883995e-01;7.938690e-03
2.324697e-02;2.233113e-02;9.037954e-03;1.146096e-02;1.049923e-01;9.949277e-03;2.171661e-02;3.260044e-02;5.792298e-02;9.570836e-02;6.038646e-01;7.168443e-03
1.965751e-02;2.300014e-02;6.031738e-03;3.921791e-02;5.737121e-02;1.407775e-02;2.639008e-02;6.476419e-02;6.077735e-02;7.097998e-02;6.123944e-01;5.337745e-03
1.829629e-02;2.862842e-02;6.690423e-03;8.872434e-02;2.456629e-02;1.935046e-02;2.999921e-02;7.888994e-02;3.437658e-02;5.378869e-02;6.133118e-01;3.377618e-03
1.845685e-02;4.227685e-02;6.334775e-03;1.052358e-01;2.488698e-02;2.241517e-02;3.471927e-02;1.023082e-01;1.078640e-02;5.168968e-02;5.774153e-01;3.474683e-03
1.996235e-02;6.913971e-02;8.222427e-03;7.702942e-02;3.612119e-02;2.618055e-02;4.091931e-02;1.148185e-01;1.154369e-02;5.958688e-02;5.305796e-01;5.896306e-03
4.591715e-02;9.102787e-02;1.889614e-02;4.227543e-02;5.000759e-02;3.537776e-02;4.842821e-02;1.297537e-01;2.149567e-02;7.085679e-02;4.365089e-01;9.454781e-03
8.921284e-02;8.297065e-02;2.864943e-02;2.657380e-02;4.132358e-02;3.649736e-02;1.184365e-01;1.560790e-01;2.826466e-02;6.226459e-02;3.217941e-01;7.933544e-03
9.955028e-02;6.724848e-02;3.220039e-02;3.813236e-02;1.980518e-02;4.040870e-02;1.933167e-01;1.619553e-01;2.514034e-02;4.191697e-02;2.644367e-01;1.588858e-02
1.088086e-01;9.933995e-02;3.334103e-02;4.296694e-02;2.446702e-02;3.804102e-02;2.359696e-01;1.367991e-01;1.963158e-02;3.805538e-02;1.971790e-01;2.540072e-02
1.326323e-01;1.783715e-01;2.411388e-02;2.292423e-02;2.616348e-02;3.539810e-02;2.036103e-01;1.523573e-01;1.298763e-02;3.195666e-02;1.498713e-01;2.961332e-02
1.688119e-01;2.452779e-01;2.131156e-02;2.370046e-02;1.212816e-02;4.416398e-02;1.839252e-01;1.125086e-01;9.609160e-03;2.565134e-02;1.180799e-01;3.483194e-02
2.180539e-01;2.822611e-01;2.869585e-02;2.555680e-02;9.725231e-03;6.104971e-02;1.475601e-01;7.024842e-02;1.529486e-02;2.691539e-02;7.788771e-02;3.675079e-02
2.915005e-01;2.381201e-01;3.266589e-02;1.903733e-02;2.146025e-02;9.287044e-02;1.151974e-01;3.987456e-02;3.431306e-02;2.945839e-02;3.599877e-02;4.950328e-02
2.244673e-01;1.147695e-01;2.917077e-02;2.067132e-02;5.868816e-02;1.103485e-01;1.066443e-01;5.588832e-02;6.697831e-02;2.525227e-02;1.063295e-01;8.079165e-02
1.040658e-01;7.427013e-02;2.809634e-02;2.796151e-02;9.492783e-02;1.163114e-01;1.191632e-01;6.657339e-02;1.034127e-01;3.059567e-02;1.266502e-01;1.079718e-01
9.874189e-02;8.410791e-02;2.280365e-02;2.631132e-02;1.004697e-01;7.662837e-02;8.306845e-02;9.272324e-02;1.071963e-01;4.810343e-02;1.629717e-01;9.687409e-02
1.897822e-01;3.385704e-02;2.671620e-02;2.429537e-02;7.880902e-02;4.834813e-02;1.209463e-01;8.155468e-02;7.958671e-02;5.216414e-02;1.991487e-01;6.479149e-02
1.656756e-01;2.551485e-02;3.061741e-02;2.829876e-02;6.985019e-02;4.959207e-02;1.493783e-01;4.639834e-02;7.522964e-02;6.934425e-02;2.429352e-01;4.716538e-02
5.262144e-02;5.475922e-02;3.298285e-02;3.733398e-02;6.494447e-02;6.445953e-02;1.555082e-01;2.829525e-02;9.658667e-02;6.285267e-02;3.191980e-01;3.045771e-02
2.088725e-01;8.776063e-02;2.602324e-02;2.213512e-02;5.345684e-02;4.832066e-02;1.124686e-01;5.971446e-02;7.063634e-02;2.741773e-02;2.514310e-01;3.176295e-02
2.010516e-01;7.517115e-02;1.879138e-02;2.182257e-02;5.307486e-02;3.930333e-02;1.509242e-01;7.627200e-02;6.408213e-02;2.680813e-02;2.071209e-01;6.557773e-02
1.238401e-01;3.691353e-02;2.029580e-02;3.444420e-02;4.986469e-02;4.911653e-02;1.765105e-01;6.283572e-02;5.223717e-02;4.350417e-02;2.850062e-01;6.543133e-02
1.649698e-01;7.768719e-02;2.009034e-02;2.950246e-02;4.423951e-02;5.131268e-02;1.076774e-01;3.471002e-02;4.426588e-02;6.415781e-02;3.259829e-01;3.540393e-02
