8.635665e-02;7.232291e-02;1.486109e-01;4.240083e-02;1.028778e-01;4.609301e-02;1.065147e-01;7.151767e-02;5.296053e-02;1.010144e-01;8.184105e-02;8.748946e-02
7.123183e-02;7.383244e-02;9.894150e-02;3.773265e-02;9.220519e-02;5.801821e-02;1.333691e-01;1.127232e-01;4.998493e-02;9.944912e-02;1.128197e-01;5.969216e-02
7.347858e-02;5.689631e-02;1.044637e-01;5.787992e-02;6.876414e-02;7.772274e-02;9.958280e-02;1.076872e-01;8.552281e-02;8.181624e-02;1.219931e-01;6.419244e-02
1.229518e-01;8.272997e-02;1.129565e-01;2.016819e-02;4.327729e-02;5.340698e-02;1.880153e-01;7.531212e-02;5.609484e-02;1.008218e-01;1.000350e-01;4.423015e-02
1.147370e-01;9.346501e-02;1.260394e-01;2.002522e-02;2.999198e-02;4.071334e-02;1.441291e-01;5.393264e-02;1.229168e-01;1.224966e-01;7.934353e-02;5.220944e-02
9.625180e-02;8.642211e-02;1.642534e-01;1.780510e-02;2.039808e-02;3.875540e-02;1.087899e-01;5.388482e-02;1.372119e-01;1.500114e-01;7.943473e-02;4.678138e-02
6.839304e-02;5.051876e-02;2.380920e-01;2.335788e-02;2.572096e-02;2.974156e-02;1.184467e-01;4.749170e-02;8.455238e-02;2.128187e-01;7.650224e-02;2.436404e-02
5.088601e-02;2.433513e-02;2.933456e-01;2.516652e-02;2.510803e-02;2.769571e-02;1.464234e-01;2.279203e-02;2.624705e-02;2.927111e-01;5.046487e-02;1.482456e-02
4.982176e-02;1.497138e-02;2.906272e-01;2.887405e-02;2.267938e-02;2.495023e-02;1.375983e-01;2.013863e-02;2.307128e-02;2.809258e-01;9.866594e-02;7.676116e-03
5.154851e-02;1.089677e-02;2.682157e-01;3.812039e-02;2.274580e-02;1.423972e-02;1.171375e-01;3.121852e-02;2.000664e-02;1.838061e-01;2.247236e-01;1.734068e-02
5.220968e-02;1.535117e-02;2.792905e-01;4.566266e-02;2.554113e-02;1.069215e-02;9.471613e-02;3.975267e-02;1.685537e-02;9.050266e-02;2.896068e-01;3.981904e-02
5.626636e-02;4.325271e-02;2.879884e-01;5.700710e-02;3.044323e-02;1.395515e-02;7.679618e-02;3.600714e-02;3.160094e-02;1.033082e-01;2.371407e-01;2.623393e-02
9.881609e-02;1.095972e-01;3.087821e-01;7.237846e-02;2.704939e-02;1.952964e-02;4.761972e-02;1.980346e-02;6.340613e-02;8.266854e-02;1.385031e-01;1.184621e-02
1.148492e-01;1.289443e-01;3.020951e-01;1.053632e-01;3.428983e-02;2.081161e-02;4.439352e-02;4.244183e-02;6.879227e-02;3.935654e-02;6.403348e-02;3.462918e-02
7.780372e-02;8.651665e-02;2.079102e-01;1.578344e-01;9.031696e-02;3.982457e-02;5.614837e-02;4.662667e-02;4.558685e-02;7.411550e-02;4.281106e-02;7.450506e-02
4.721813e-02;4.336080e-02;1.963176e-01;1.314842e-01;1.406515e-01;6.337733e-02;7.030474e-02;1.790279e-02;1.369464e-02;1.202265e-01;8.130285e-02;7.415894e-02
4.503239e-02;3.689675e-02;3.004126e-01;8.099215e-02;1.311444e-01;4.986925e-02;4.075826e-02;3.474558e-02;3.515596e-02;1.135831e-01;8.931194e-02;4.209764e-02
5.508601e-02;4.085706e-02;2.304885e-01;6.376046e-02;1.285809e-01;8.341485e-02;5.505171e-02;5.379713e-02;3.335376e-02;8.187951e-02;8.715809e-02;8.657210e-02
6.185732e-02;5.962633e-02;2.155463e-01;5.920634e-02;9.664376e-02;8.366346e-02;1.214005e-01;4.847770e-02;3.034884e-02;5.895191e-02;8.469739e-02;7.958017e-02
5.741007e-02;6.810263e-02;2.618164e-01;8.843340e-02;8.054311e-02;4.753352e-02;1.349354e-01;5.214591e-02;6.947639e-02;5.221420e-02;4.435632e-02;4.303272e-02
3.805110e-02;6.616560e-02;2.236025e-01;1.149214e-01;1.398887e-01;6.236039e-02;9.724052e-02;5.395512e-02;8.343808e-02;4.704651e-02;3.717827e-02;3.615180e-02
3.137054e-02;5.498387e-02;1.452690e-01;1.134310e-01;1.847552e-01;1.145673e-01;7.556159e-02;4.463668e-02;7.997751e-02;7.688682e-02;5.055889e-02;2.800164e-02
1.776904e-02;5.428307e-02;7.233223e-02;7.830559e-02;1.751037e-01;1.780684e-01;8.473504e-02;4.198450e-02;5.015018e-02;1.253233e-01;8.782576e-02;3.411918e-02
1.245722e-02;4.241814e-02;4.199262e-02;4.601360e-02;1.118829e-01;2.180230e-01;1.386125e-01;3.920903e-02;1.965240e-02;1.023306e-01;1.964302e-01;3.097770e-02
1.861017e-02;1.718352e-02;4.594599e-02;2.950087e-02;5.067775e-02;2.395567e-01;1.027045e-01;2.468234e-02;1.210254e-02;5.096519e-02;3.842520e-01;2.381841e-02
1.853450e-02;5.732980e-03;5.198615e-02;1.051699e-02;2.431821e-02;2.101762e-01;4.302751e-02;9.247907e-03;3.186705e-02;3.293271e-02;5.111351e-01;5.052467e-02
1.549539e-02;5.480915e-03;4.922350e-02;6.629124e-03;1.891519e-02;1.577212e-01;3.628865e-02;1.036452e-02;5.551009e-02;2.765522e-02;5.193849e-01;9.733131e-02
1.256021e-02;5.454469e-03;6.720573e-02;8.205933e-03;2.294373e-02;1.132542e-01;4.063354e-02;1.044876e-02;8.337468e-02;1.424092e-02;4.879485e-01;1.337293e-01
1.170959e-02;4.892319e-03;9.148812e-02;7.798976e-03;4.429416e-02;9.280968e-02;3.877444e-02;1.430898e-02;1.069507e-01;1.512388e-02;4.242200e-01;1.476292e-01
2.086983e-02;5.805855e-03;1.197884e-01;5.709158e-03;4.957479e-02;1.043354e-01;3.248609e-02;1.405557e-02;1.013079e-01;1.764820e-02;4.011810e-01;1.272378e-01
2.292751e-02;1.065497e-02;1.364540e-01;7.990786e-03;3.119023e-02;1.624267e-01;1.991209e-02;9.012909e-03;6.041376e-02;2.630230e-02;4.473204e-01;6.539446e-02
2.530936e-02;7.485275e-03;1.267642e-01;6.333916e-03;1.411048e-02;2.081159e-01;1.223995e-02;6.981425e-03;2.781514e-02;3.013620e-02;5.165698e-01;1.813835e-02
2.672821e-02;1.672366e-02;8.349017e-02;9.395614e-03;9.522994e-03;1.849089e-01;2.837341e-02;1.565153e-02;3.027381e-02;7.103597e-02;5.141531e-01;9.742625e-03
2.093033e-02;3.396343e-02;3.702762e-02;1.752987e-02;2.045111e-02;1.282724e-01;5.903997e-02;3.110032e-02;4.756145e-02;1.504082e-01;4.440374e-01;9.677926e-03
1.352595e-02;3.524793e-02;2.143424e-02;2.494417e-02;2.997379e-02;9.102120e-02;9.498710e-02;3.867781e-02;4.558117e-02;2.549393e-01;3.376350e-01;1.203231e-02
1.482280e-02;2.870736e-02;4.382254e-02;2.959666e-02;4.564886e-02;8.096448e-02;1.165248e-01;3.639815e-02;4.954903e-02;3.224150e-01;2.221183e-01;9.431963e-03
1.942581e-02;3.763142e-02;7.611284e-02;4.618372e-02;8.178429e-02;1.258535e-01;1.063259e-01;3.781685e-02;3.380027e-02;2.870170e-01;1.408748e-01;7.173568e-03
2.855592e-02;4.793238e-02;1.123174e-01;7.023735e-02;8.927500e-02;1.341651e-01;8.378875e-02;5.514915e-02;3.512835e-02;1.855999e-01;1.366897e-01;2.116102e-02
2.852961e-02;5.043601e-02;1.312267e-01;6.900493e-02;6.691378e-02;1.056717e-01;6.485054e-02;6.046016e-02;7.101201e-02;2.093690e-01;1.150846e-01;2.744100e-02
3.559480e-02;4.395571e-02;1.088942e-01;3.798633e-02;3.665322e-02;6.972492e-02;5.819705e-02;7.336653e-02;7.987444e-02;2.571261e-01;1.622908e-01;3.633589e-02
2.676299e-02;1.882975e-02;7.890258e-02;1.486835e-02;3.506915e-02;8.790860e-02;6.142135e-02;7.519788e-02;5.527864e-02;3.122502e-01;1.909444e-01;4.256603e-02
1.877870e-02;2.227625e-02;5.844183e-02;1.410290e-02;2.660903e-02;8.586910e-02;4.021481e-02;5.059089e-02;3.214263e-02;3.052265e-01;3.287912e-01;1.695617e-02
2.048805e-02;2.085995e-02;5.724352e-02;1.764794e-02;1.934808e-02;5.134400e-02;3.448780e-02;3.494075e-02;2.025843e-02;2.959154e-01;4.168197e-01;1.064643e-02
1.602688e-02;1.684472e-02;6.172540e-02;2.331940e-02;2.178941e-02;3.828982e-02;3.330345e-02;4.358836e-02;4.931235e-02;2.649303e-01;4.164200e-01;1.444981e-02
3.392446e-02;3.569036e-02;4.523458e-02;2.689676e-02;4.592806e-02;6.542837e-02;4.629755e-02;5.098323e-02;6.054850e-02;2.122195e-01;3.479443e-01;2.890426e-02
5.472304e-02;4.618613e-02;2.376376e-02;3.437920e-02;5.223244e-02;7.617102e-02;6.488026e-02;4.925379e-02;7.844653e-02;2.656551e-01;2.248156e-01;2.949313e-02
7.733982e-02;5.409474e-02;6.540570e-02;5.660762e-02;3.680579e-02;6.312792e-02;7.706958e-02;6.054423e-02;7.706369e-02;2.084362e-01;1.885839e-01;3.492074e-02
8.596994e-02;8.678186e-02;8.925674e-02;5.472936e-02;6.152771e-02;8.569179e-02;9.834895e-02;6.663657e-02;7.213680e-02;9.197193e-02;1.548056e-01;5.214272e-02
5.764841e-02;1.117276e-01;1.216160e-01;4.791998e-02;7.888985e-02;1.038091e-01;1.378283e-01;6.478521e-02;6.643034e-02;7.148066e-02;9.371408e-02;4.415049e-02
2.883436e-02;1.250600e-01;1.394005e-01;4.154739e-02;6.500074e-02;1.406733e-01;1.772957e-01;6.719694e-02;5.578761e-02;5.865339e-02;4.929750e-02;5.125260e-02
1.930420e-02;1.194192e-01;1.752295e-01;3.581892e-02;3.601543e-02;1.469042e-01;1.812556e-01;8.947039e-02;5.040311e-02;4.695755e-02;1.752051e-02;8.170157e-02
1.322155e-02;8.747566e-02;2.108541e-01;3.307859e-02;1.993934e-02;1.046665e-01;2.197608e-01;1.005157e-01;5.998647e-02;5.324339e-02;7.866614e-03;8.939129e-02
4.201673e-02;7.448194e-02;2.245730e-01;3.494218e-02;1.987031e-02;5.630913e-02;2.345456e-01;1.004368e-01;5.598743e-02;5.840886e-02;3.061238e-02;6.781556e-02
8.317916e-02;1.059471e-01;1.909391e-01;3.618771e-02;2.598799e-02;3.653818e-02;2.205668e-01;8.083285e-02;4.944050e-02;6.367480e-02;6.853019e-02;3.817564e-02
1.085149e-01;1.276780e-01;1.069205e-01;4.426165e-02;4.497362e-02;5.617488e-02;1.996630e-01;5.655427e-02;6.572960e-02;6.577975e-02;8.274586e-02;4.100389e-02
8.830900e-02;8.451658e-02;1.161242e-01;6.402025e-02;5.249741e-02;6.332019e-02;1.706973e-01;4.759601e-02;1.016411e-01;5.669129e-02;8.262867e-02;7.195799e-02
7.398533e-02;7.399508e-02;1.551409e-01;6.264271e-02;5.286195e-02;5.865096e-02;1.048848e-01;6.524794e-02;1.359495e-01;6.757165e-02;6.696304e-02;8.210621e-02
6.211216e-02;7.018016e-02;1.418601e-01;4.404271e-02;6.807482e-02;8.206601e-02;7.391810e-02;9.884684e-02;1.366220e-01;6.877404e-02;7.850815e-02;7.499482e-02
5.003984e-02;5.691097e-02;1.107651e-01;4.206839e-02;8.098419e-02;9.548756e-02;7.354206e-02;9.713612e-02;1.057593e-01;8.924150e-02;1.097751e-01;8.828981e-02
3.346885e-02;7.948616e-02;1.542260e-01;3.466540e-02;7.107767e-02;8.377333e-02;9.156793e-02;8.515667e-02;8.690473e-02;9.775924e-02;1.237195e-01;5.819449e-02
3.782378e-02;9.286661e-02;1.989396e-01;3.447530e-02;5.249557e-02;4.983906e-02;1.470925e-01;8.921088e-02;5.795259e-02;5.577863e-02;1.021084e-01;8.141702e-02
5.493554e-02;9.674260e-02;1.724433e-01;3.548000e-02;3.888438e-02;4.826343e-02;1.769036e-01;7.652516e-02;4.177750e-02;5.486339e-02;7.090739e-02;1.322737e-01
5.278113e-02;1.232277e-01;1.175440e-01;3.721391e-02;3.819050e-02;8.728511e-02;1.763788e-01;7.146745e-02;4.866103e-02;6.481640e-02;7.291355e-02;1.095204e-01
6.178146e-02;1.690374e-01;1.143444e-01;3.598670e-02;3.633913e-02;1.019805e-01;1.631255e-01;8.260281e-02;5.465244e-02;5.116278e-02;6.357630e-02;6.541052e-02
5.273319e-02;1.456546e-01;1.100600e-01;3.140366e-02;4.118910e-02;7.523473e-02;1.644474e-01;8.231691e-02;7.549983e-02;7.205626e-02;5.919132e-02;9.021299e-02
5.063397e-02;8.192008e-02;1.115832e-01;6.719446e-02;8.575774e-02;8.894655e-02;1.104482e-01;6.436411e-02;7.249822e-02;6.131000e-02;7.804527e-02;1.272981e-01
5.115322e-02;6.421141e-02;1.258090e-01;7.381953e-02;9.885605e-02;9.172370e-02;1.434817e-01;8.266777e-02;7.412863e-02;5.787411e-02;6.523322e-02;7.104168e-02
7.953763e-02;3.942737e-02;9.886492e-02;6.818055e-02;9.636167e-02;8.417343e-02;1.894676e-01;7.905295e-02;6.291528e-02;7.883045e-02;6.426451e-02;5.892366e-02
5.852777e-02;4.906878e-02;8.098337e-02;3.643798e-02;6.995977e-02;9.343576e-02;1.777498e-01;1.035854e-01;1.304457e-01;1.311271e-01;4.256260e-02;2.611588e-02
5.232766e-02;4.772272e-02;5.880422e-02;4.109564e-02;5.810217e-02;7.441579e-02;1.354545e-01;8.658536e-02;2.151943e-01;1.696968e-01;4.349198e-02;1.710886e-02
3.686205e-02;2.818698e-02;3.401769e-02;6.987453e-02;4.847790e-02;4.196655e-02;8.456740e-02;7.000259e-02;3.459609e-01;1.885319e-01;3.255408e-02;1.899744e-02
1.478248e-02;1.663900e-02;2.953889e-02;9.753567e-02;3.341412e-02;3.203811e-02;4.225776e-02;5.604558e-02;4.643558e-01;1.564285e-01;2.611374e-02;3.085033e-02
2.859079e-02;1.317624e-02;6.630045e-02;8.941656e-02;2.314064e-02;7.637127e-02;4.079724e-02;1.139598e-01;3.788186e-01;8.480774e-02;2.003502e-02;6.458563e-02
2.396238e-02;1.407051e-02;1.289886e-01;4.721476e-02;2.099094e-02;1.256000e-01;5.414118e-02;2.285249e-01;1.829344e-01;3.767518e-02;1.601996e-02;1.198771e-01
8.283423e-03;1.450185e-02;1.758454e-01;1.019274e-02;4.071554e-02;1.068665e-01;8.940580e-02;2.904208e-01;7.886761e-02;2.261068e-02;1.979595e-02;1.424936e-01
8.030505e-03;3.426015e-02;1.735494e-01;1.041415e-02;9.440640e-02;5.995565e-02;1.383368e-01;2.612932e-01;3.515345e-02;2.231624e-02;4.357686e-02;1.187072e-01
1.171347e-02;6.765058e-02;1.445161e-01;1.752846e-02;1.347476e-01;2.549059e-02;1.877685e-01;2.059732e-01;2.756860e-02;2.279121e-02;6.907444e-02;8.517725e-02
1.717583e-02;1.064597e-01;1.215550e-01;3.139132e-02;1.334909e-01;1.832621e-02;2.487724e-01;1.596669e-01;3.745042e-02;1.457346e-02;5.036344e-02;6.077444e-02
5.043230e-02;1.623290e-01;9.404451e-02;2.750332e-02;7.537678e-02;3.387821e-02;2.613665e-01;1.175257e-01;4.600682e-02;4.456976e-02;6.581987e-02;2.114719e-02
8.878285e-02;1.669028e-01;6.683131e-02;1.573353e-02;4.092672e-02;5.564499e-02;2.099109e-01;1.032294e-01;4.093387e-02;1.000610e-01;1.010767e-01;9.965859e-03
1.506332e-01;1.305019e-01;5.214112e-02;3.430612e-02;2.595244e-02;7.302642e-02;1.552917e-01;7.906678e-02;3.908168e-02;1.539333e-01;8.938936e-02;1.667600e-02
1.893542e-01;6.983603e-02;3.552755e-02;4.910599e-02;4.020476e-02;8.211493e-02;1.196050e-01;7.366398e-02;6.314477e-02;2.067470e-01;4.736863e-02;2.332713e-02
1.752872e-01;6.069740e-02;1.868401e-02;3.854994e-02;4.776700e-02;8.142233e-02;9.776580e-02;5.621702e-02;6.881005e-02;2.465126e-01;6.853037e-02;3.975630e-02
1.338364e-01;1.080698e-01;4.463970e-02;2.424807e-02;3.938260e-02;6.477316e-02;1.689973e-01;4.338254e-02;6.643201e-02;2.295593e-01;5.080529e-02;2.587396e-02
9.723066e-02;1.572441e-01;4.174410e-02;1.737274e-02;3.466308e-02;4.226083e-02;2.760632e-01;7.501753e-02;5.489301e-02;1.065434e-01;7.999339e-02;1.697396e-02
1.088102e-01;1.945620e-01;4.300475e-02;1.261881e-02;2.901951e-02;3.898824e-02;2.542518e-01;4.819491e-02;3.743702e-02;5.530153e-02;1.690387e-01;8.772582e-03
1.305725e-01;2.153708e-01;5.527821e-02;8.416176e-03;2.157635e-02;3.784227e-02;2.125526e-01;3.365150e-02;2.147860e-02;4.298754e-02;2.093300e-01;1.094344e-02
1.366118e-01;2.171806e-01;6.522215e-02;7.486853e-03;1.196531e-02;2.901753e-02;1.824276e-01;4.441732e-02;1.991683e-02;5.914267e-02;2.100724e-01;1.653889e-02
1.630004e-01;2.048058e-01;5.413158e-02;1.379835e-02;1.300807e-02;3.073612e-02;1.485397e-01;3.826321e-02;2.909054e-02;1.132180e-01;1.691730e-01;2.223529e-02
2.350974e-01;1.974534e-01;1.825990e-02;1.748319e-02;1.553057e-02;4.334842e-02;1.449650e-01;2.361963e-02;2.841640e-02;1.638955e-01;8.777500e-02;2.415557e-02
2.625251e-01;2.177897e-01;1.769725e-02;2.195868e-02;1.406185e-02;5.630876e-02;1.754030e-01;1.368959e-02;1.118081e-02;1.707162e-01;2.110430e-02;1.756479e-02
2.453973e-01;2.431273e-01;1.984594e-02;2.610549e-02;1.579766e-02;5.997560e-02;1.677660e-01;8.488741e-03;1.056686e-02;1.317131e-01;5.923001e-02;1.198610e-02
2.436727e-01;2.695074e-01;1.857557e-02;3.383093e-02;1.503641e-02;6.658283e-02;1.706675e-01;6.344470e-03;5.219197e-03;1.073460e-01;5.172678e-02;1.149022e-02
2.448705e-01;2.837130e-01;1.637589e-02;4.582373e-02;1.529042e-02;7.192741e-02;1.699013e-01;8.943214e-03;1.012598e-02;8.900726e-02;3.296007e-02;1.106126e-02
2.676602e-01;2.331127e-01;2.719403e-02;7.204882e-02;1.906100e-02;7.919580e-02;1.579534e-01;1.287456e-02;1.847032e-02;7.701055e-02;1.987886e-02;1.553983e-02
3.087154e-01;1.568526e-01;3.901213e-02;1.008021e-01;1.832722e-02;7.950007e-02;1.538128e-01;1.163658e-02;1.916362e-02;7.347742e-02;1.844470e-02;2.025543e-02
3.392278e-01;1.224248e-01;3.147722e-02;1.105215e-01;2.631504e-02;6.496362e-02;1.559359e-01;7.562469e-03;2.175383e-02;7.649408e-02;1.800797e-02;2.531566e-02
3.567819e-01;1.135827e-01;2.191197e-02;1.103368e-01;3.044815e-02;5.582172e-02;1.511118e-01;8.986643e-03;2.145431e-02;7.318891e-02;2.105760e-02;3.531757e-02
3.564629e-01;1.024987e-01;2.824921e-02;1.130191e-01;3.778823e-02;6.555577e-02;1.433010e-01;1.464800e-02;3.416380e-02;6.575404e-02;8.124016e-03;3.043522e-02
3.142486e-01;1.124223e-01;2.092337e-02;1.182086e-01;3.897977e-02;7.477148e-02;1.820001e-01;1.381443e-02;3.231565e-02;5.687792e-02;1.350746e-02;2.193039e-02
1.961150e-01;1.511952e-01;3.921990e-02;8.839408e-02;3.866053e-02;5.827248e-02;2.846252e-01;2.664418e-02;3.031532e-02;4.162715e-02;2.874043e-02;1.619046e-02
8.874019e-02;1.250241e-01;1.255552e-01;5.128692e-02;4.849339e-02;3.712388e-02;3.182362e-01;6.413038e-02;4.211313e-02;3.100356e-02;4.056329e-02;2.772979e-02
4.372134e-02;6.520218e-02;2.296703e-01;6.286095e-02;3.101256e-02;3.103144e-02;2.353815e-01;9.908329e-02;7.962292e-02;3.523935e-02;3.949753e-02;4.767672e-02
6.358372e-02;4.050376e-02;1.805546e-01;1.733456e-01;6.138290e-02;2.796965e-02;8.854631e-02;7.615735e-02;1.587979e-01;6.312178e-02;2.502681e-02;4.100962e-02
5.690664e-02;4.942038e-02;7.505053e-02;1.610278e-01;1.371602e-01;6.747715e-02;5.552886e-02;3.768248e-02;1.537870e-01;1.329734e-01;5.011537e-02;2.287011e-02
3.284341e-02;5.070003e-02;6.850911e-02;6.704836e-02;1.259006e-01;1.656612e-01;1.224392e-01;2.709474e-02;7.338002e-02;1.293372e-01;1.035389e-01;3.354722e-02
1.635165e-02;2.969849e-02;6.952129e-02;3.779236e-02;5.969704e-02;1.947523e-01;2.562526e-01;5.115958e-02;3.731064e-02;7.313213e-02;1.134098e-01;6.092216e-02
5.902617e-02;1.823121e-02;3.964620e-02;4.459698e-02;1.806896e-02;1.123878e-01;3.570825e-01;1.173268e-01;4.220566e-02;3.614365e-02;7.050675e-02;8.477728e-02
1.406488e-01;2.696007e-02;2.044512e-02;4.084215e-02;2.887916e-02;3.519003e-02;2.852176e-01;2.288466e-01;5.952482e-02;2.335012e-02;3.706709e-02;7.302841e-02
2.167545e-01;6.393462e-02;2.626660e-02;1.730779e-02;4.739871e-02;1.247016e-02;1.487608e-01;2.889661e-01;9.544857e-02;1.398079e-02;2.392449e-02;4.478690e-02
2.198103e-01;1.412918e-01;4.428127e-02;1.384221e-02;4.503008e-02;2.166500e-02;7.008964e-02;2.044992e-01;1.841290e-01;1.386258e-02;2.043050e-02;2.106836e-02
1.382670e-01;1.935015e-01;1.288924e-01;1.749617e-02;2.080045e-02;4.961848e-02;2.050069e-02;6.939282e-02;2.805017e-01;5.402357e-02;1.525509e-02;1.175025e-02
4.348684e-02;1.601184e-01;2.560501e-01;1.684980e-02;7.884876e-03;5.524309e-02;3.439758e-02;2.612335e-02;2.505342e-01;1.234481e-01;1.238529e-02;1.347839e-02
2.835787e-02;1.017870e-01;3.982448e-01;2.778885e-02;8.049404e-03;2.494193e-02;4.672891e-02;2.333897e-02;1.275906e-01;1.893768e-01;1.855078e-02;5.244121e-03
3.106304e-02;5.853974e-02;4.624359e-01;5.455749e-02;9.063527e-03;5.512230e-03;6.910910e-02;2.385792e-02;3.729431e-02;2.019610e-01;3.882381e-02;7.781926e-03
1.498704e-02;1.175910e-02;4.383159e-01;1.271946e-01;1.830569e-02;7.220537e-03;6.833147e-02;4.121177e-02;3.980060e-02;1.416853e-01;8.420749e-02;6.980470e-03
1.587270e-02;2.224431e-02;3.587809e-01;2.360905e-01;3.186279e-02;9.324252e-03;4.083928e-02;6.300917e-02;2.060174e-02;5.620433e-02;1.388276e-01;6.342453e-03
1.002273e-02;2.070580e-02;2.876129e-01;3.132870e-01;4.282531e-02;1.297224e-02;3.681601e-02;4.838960e-02;2.625165e-02;1.969134e-02;1.720977e-01;9.327743e-03
5.098542e-03;2.312028e-02;2.564091e-01;3.519247e-01;5.743140e-02;1.294720e-02;3.127888e-02;3.140419e-02;2.054596e-02;1.925166e-02;1.807896e-01;9.798492e-03
1.375269e-02;2.157948e-02;2.296025e-01;3.818397e-01;6.631254e-02;1.552771e-02;2.121910e-02;4.015050e-02;8.935196e-03;1.171687e-02;1.807907e-01;8.573093e-03
6.428770e-03;1.911030e-02;3.267064e-01;3.118795e-01;5.532559e-02;1.587776e-02;2.133858e-02;2.882399e-02;2.564433e-02;2.360882e-02;1.561900e-01;9.065911e-03
1.307597e-02;2.751835e-02;4.225920e-01;1.915436e-01;4.377930e-02;1.593412e-02;2.648358e-02;1.770276e-02;3.344415e-02;6.244756e-02;1.379617e-01;7.516916e-03
8.835408e-03;6.499548e-02;4.835572e-01;6.785765e-02;2.818582e-02;1.450197e-02;4.848878e-02;2.706920e-02;4.804916e-02;8.024612e-02;1.196203e-01;8.592889e-03
3.662328e-02;1.237265e-01;4.247912e-01;6.342102e-02;2.029648e-02;2.849503e-02;5.018364e-02;3.710241e-02;9.010864e-02;3.575361e-02;7.727651e-02;1.222164e-02
1.092164e-01;1.411680e-01;3.795691e-01;6.966311e-02;2.300134e-02;4.049948e-02;2.832646e-02;4.328438e-02;9.353548e-02;1.351519e-02;4.208639e-02;1.613464e-02
1.974743e-01;9.243531e-02;3.142405e-01;6.508905e-02;4.087544e-02;3.773258e-02;3.997513e-02;7.050635e-02;5.382735e-02;2.248563e-02;4.014507e-02;2.521333e-02
2.390126e-01;5.232555e-02;2.054298e-01;6.636073e-02;5.562863e-02;4.084980e-02;6.277717e-02;8.441690e-02;4.623887e-02;2.415849e-02;5.753127e-02;6.527010e-02
2.045012e-01;3.839433e-02;8.248601e-02;6.788376e-02;6.136025e-02;4.435454e-02;1.104494e-01;8.247168e-02;6.408123e-02;3.660683e-02;1.029985e-01;1.044123e-01
1.109430e-01;3.982861e-02;9.320692e-02;5.312464e-02;5.771923e-02;6.750572e-02;9.755180e-02;7.534013e-02;7.488578e-02;7.161465e-02;1.715273e-01;8.675221e-02
3.374576e-02;4.302142e-02;1.265520e-01;5.459988e-02;8.174766e-02;8.854751e-02;6.891109e-02;8.024186e-02;8.220009e-02;1.230900e-01;1.797572e-01;3.758548e-02
3.507569e-02;2.510788e-02;1.462348e-01;8.761013e-02;1.058600e-01;6.808790e-02;5.291761e-02;9.300288e-02;9.684175e-02;1.392313e-01;1.312635e-01;1.876651e-02
3.912370e-02;1.681221e-02;1.578649e-01;1.226189e-01;7.293493e-02;6.503274e-02;8.587817e-02;7.974289e-02;1.303350e-01;1.013396e-01;9.881673e-02;2.950017e-02
3.085328e-02;1.588979e-02;2.232296e-01;1.018555e-01;3.853877e-02;1.096071e-01;1.063373e-01;8.069862e-02;8.446314e-02;7.750130e-02;5.174419e-02;7.928138e-02
3.784942e-02;2.005517e-02;2.624061e-01;9.244287e-02;3.243415e-02;1.326811e-01;9.792290e-02;5.964875e-02;8.797065e-02;5.690243e-02;2.855438e-02;9.113201e-02
3.897904e-02;2.218839e-02;2.884958e-01;1.086128e-01;3.427438e-02;1.449069e-01;8.210837e-02;6.292545e-02;8.002429e-02;3.680449e-02;1.928261e-02;8.139747e-02
4.161915e-02;3.818674e-02;2.985651e-01;9.341662e-02;2.683610e-02;1.675050e-01;9.948412e-02;5.272235e-02;6.258751e-02;2.887253e-02;1.562510e-02;7.457972e-02
1.929686e-02;2.377072e-02;3.199375e-01;7.092924e-02;1.664251e-02;1.744273e-01;1.278634e-01;8.293256e-02;4.996830e-02;2.743272e-02;1.139776e-02;7.540114e-02
9.421842e-03;3.157196e-02;3.370768e-01;4.631987e-02;1.038864e-02;1.468046e-01;1.617461e-01;1.144003e-01;3.223225e-02;2.727307e-02;1.010527e-02;7.265943e-02
9.933187e-03;4.274331e-02;3.336556e-01;3.839362e-02;1.483744e-02;1.118351e-01;1.928769e-01;1.299443e-01;2.603914e-02;3.028067e-02;8.506430e-03;6.095428e-02
3.448102e-02;7.166134e-02;2.739926e-01;3.935659e-02;3.716935e-02;8.172626e-02;2.174951e-01;1.253733e-01;2.680035e-02;2.718073e-02;2.185527e-02;4.290804e-02
4.712502e-02;9.843332e-02;1.591897e-01;4.477467e-02;6.400246e-02;7.543325e-02;2.853054e-01;9.791579e-02;2.470982e-02;2.899484e-02;4.134240e-02;3.277338e-02
2.296358e-02;9.743804e-02;6.766741e-02;4.778434e-02;6.494008e-02;7.658831e-02;4.381747e-01;4.605473e-02;2.576189e-02;2.881386e-02;5.028969e-02;3.352340e-02
4.831269e-02;6.251804e-02;1.111267e-01;4.076969e-02;6.139633e-02;9.064478e-02;4.520509e-01;3.923559e-02;2.069983e-02;2.323999e-02;2.489611e-02;2.510940e-02
6.933518e-02;6.010775e-02;1.116002e-01;5.400304e-02;5.857635e-02;1.016872e-01;4.252816e-01;5.166112e-02;1.742595e-02;1.789140e-02;1.054799e-02;2.188232e-02
7.291703e-02;6.276735e-02;1.073905e-01;4.868056e-02;5.410104e-02;1.082555e-01;4.076501e-01;5.562776e-02;2.072694e-02;2.258839e-02;1.323836e-02;2.605644e-02
5.127986e-02;6.651550e-02;9.258084e-02;5.296158e-02;5.260148e-02;7.630569e-02;4.124055e-01;8.443128e-02;3.701901e-02;4.094800e-02;1.173512e-02;2.121613e-02
7.628936e-02;5.652247e-02;6.118119e-02;8.743022e-02;5.071583e-02;9.333495e-02;3.488415e-01;8.032509e-02;2.788374e-02;7.543434e-02;2.590411e-02;1.613722e-02
1.169485e-01;4.099107e-02;2.984311e-02;9.210013e-02;4.328160e-02;1.392483e-01;2.584481e-01;7.151505e-02;2.374469e-02;1.213432e-01;4.380227e-02;1.873391e-02
1.327285e-01;2.347277e-02;3.299437e-02;7.186110e-02;4.891996e-02;1.587045e-01;1.627495e-01;8.443730e-02;6.212122e-02;1.534420e-01;4.868118e-02;1.988764e-02
1.193863e-01;1.931169e-02;8.117064e-02;3.974447e-02;7.111331e-02;1.339372e-01;1.015577e-01;7.056690e-02;1.401722e-01;1.405959e-01;3.744900e-02;4.499473e-02
7.601819e-02;2.160583e-02;1.078772e-01;2.055122e-02;1.023558e-01;8.184721e-02;7.592685e-02;5.362092e-02;2.422747e-01;8.497174e-02;2.427012e-02;1.086801e-01
3.362272e-02;2.210713e-02;9.136370e-02;2.524675e-02;1.350412e-01;4.877754e-02;8.118976e-02;5.700441e-02;2.676243e-01;2.764307e-02;2.507484e-02;1.853046e-01
1.690223e-02;3.203968e-02;6.144682e-02;3.086335e-02;1.419801e-01;2.982711e-02;7.822707e-02;8.046127e-02;2.186361e-01;2.129674e-02;5.233415e-02;2.359854e-01
1.881595e-02;5.313998e-02;3.886572e-02;4.597895e-02;1.063499e-01;3.207935e-02;5.625831e-02;1.382432e-01;1.684378e-01;3.147262e-02;1.000492e-01;2.103090e-01
1.720212e-02;5.884216e-02;4.781849e-02;6.599169e-02;5.351650e-02;3.977993e-02;7.604562e-02;1.801299e-01;1.455113e-01;3.344791e-02;1.361543e-01;1.455602e-01
3.139275e-02;5.392154e-02;9.629964e-02;7.036460e-02;6.299637e-02;3.085569e-02;8.930764e-02;1.586106e-01;1.406682e-01;3.145925e-02;1.322923e-01;1.018314e-01
4.244630e-02;5.190109e-02;1.491732e-01;7.208844e-02;6.625688e-02;4.494135e-02;9.839477e-02;1.254639e-01;1.042201e-01;3.857642e-02;1.139098e-01;9.262776e-02
5.231600e-02;4.861107e-02;1.549967e-01;5.548253e-02;3.760771e-02;5.465229e-02;1.412214e-01;1.006526e-01;9.027375e-02;5.645012e-02;9.275226e-02;1.149836e-01
5.886883e-02;6.224713e-02;5.545405e-02;4.447290e-02;6.784581e-02;3.826891e-02;1.375631e-01;1.166099e-01;1.682558e-01;7.474977e-02;9.269867e-02;8.296520e-02
4.732688e-02;3.959145e-02;8.365086e-02;5.107261e-02;8.123928e-02;4.091247e-02;1.193128e-01;1.719650e-01;1.156635e-01;5.901016e-02;8.207992e-02;1.081750e-01
5.637073e-02;2.953981e-02;1.014007e-01;5.001238e-02;6.932188e-02;4.178588e-02;1.170629e-01;2.005906e-01;9.646837e-02;5.462562e-02;5.964417e-02;1.231769e-01
3.890788e-02;3.127638e-02;7.349625e-02;6.091641e-02;6.905697e-02;3.874092e-02;8.473337e-02;2.163618e-01;1.549061e-01;6.640685e-02;3.577925e-02;1.294178e-01
2.469564e-02;4.024302e-02;5.361177e-02;7.865136e-02;1.175222e-01;5.254793e-02;7.922874e-02;1.803207e-01;8.660927e-02;5.917117e-02;2.859863e-02;1.987996e-01
4.196230e-02;3.735575e-02;5.876429e-02;6.228733e-02;1.075811e-01;6.539285e-02;1.080282e-01;1.193599e-01;9.767360e-02;2.195161e-02;6.189868e-02;2.177443e-01
4.624704e-02;3.443702e-02;5.808389e-02;3.964188e-02;5.302308e-02;6.161133e-02;8.824512e-02;1.774456e-01;1.485945e-01;3.110547e-02;1.060617e-01;1.555034e-01
4.753682e-02;3.684227e-02;5.535023e-02;5.238362e-02;8.274636e-02;5.023656e-02;6.675479e-02;1.629832e-01;1.851100e-01;4.369475e-02;1.154628e-01;1.008985e-01
4.641335e-02;4.363398e-02;7.807682e-02;5.873183e-02;6.726797e-02;3.788793e-02;1.284149e-01;1.172639e-01;1.926780e-01;5.721373e-02;8.868491e-02;8.373267e-02
5.622125e-02;4.709690e-02;8.534767e-02;2.839364e-02;6.034412e-02;8.546825e-02;1.620081e-01;1.612260e-01;9.674954e-02;5.772291e-02;5.884897e-02;1.005726e-01
7.799596e-02;6.717574e-02;7.922922e-02;5.913369e-02;9.482313e-02;9.834706e-02;1.364703e-01;1.041102e-01;8.962011e-02;7.933345e-02;5.997030e-02;5.379081e-02
1.226984e-01;6.616180e-02;1.202541e-01;6.748860e-02;9.705891e-02;6.705782e-02;1.576577e-01;5.512758e-02;7.421683e-02;6.013774e-02;6.376701e-02;4.837354e-02
1.223340e-01;8.194286e-02;1.610794e-01;6.947321e-02;9.957291e-02;9.598056e-02;1.393209e-01;3.456109e-02;3.706349e-02;5.079995e-02;5.436972e-02;5.350184e-02
8.521365e-02;8.969258e-02;1.869704e-01;7.316229e-02;1.057616e-01;1.275615e-01;1.192139e-01;3.682811e-02;2.199547e-02;5.365764e-02;5.283153e-02;4.711140e-02
5.761933e-02;1.225822e-01;2.066129e-01;6.758321e-02;9.384066e-02;1.291562e-01;1.194163e-01;3.120889e-02;2.666195e-02;6.686115e-02;4.639400e-02;3.206322e-02
3.894160e-02;1.363841e-01;2.139160e-01;6.127883e-02;7.480782e-02;1.039487e-01;1.389378e-01;4.110236e-02;4.775564e-02;8.025355e-02;4.059287e-02;2.208077e-02
3.712974e-02;1.169182e-01;2.266915e-01;5.788466e-02;4.928019e-02;7.960567e-02;1.382350e-01;7.652062e-02;6.583834e-02;8.954208e-02;2.997784e-02;3.237614e-02
4.184417e-02;1.536789e-01;1.854017e-01;5.750861e-02;5.691590e-02;1.131585e-01;1.420984e-01;5.518921e-02;7.540505e-02;7.515119e-02;1.182560e-02;3.182274e-02
4.739255e-02;1.708624e-01;2.346041e-01;6.731382e-02;6.543944e-02;9.601277e-02;9.511540e-02;5.135981e-02;8.916044e-02;4.864871e-02;1.186603e-02;2.222451e-02
6.383405e-02;1.538668e-01;2.398898e-01;5.754851e-02;5.463845e-02;6.178401e-02;1.214601e-01;8.556414e-02;7.234788e-02;5.407920e-02;1.849440e-02;1.649260e-02
1.097014e-01;1.174704e-01;1.584316e-01;2.864394e-02;5.653971e-02;9.212770e-02;1.934092e-01;8.798303e-02;4.836078e-02;5.713588e-02;3.273039e-02;1.746596e-02
1.632786e-01;1.622382e-01;7.838763e-02;4.160875e-02;8.775739e-02;1.034824e-01;1.644026e-01;6.051683e-02;3.996820e-02;3.765509e-02;3.596812e-02;2.473614e-02
2.229140e-01;1.766753e-01;6.390940e-02;4.522771e-02;7.552598e-02;7.061376e-02;1.510944e-01;5.795696e-02;3.304435e-02;4.431016e-02;2.825476e-02;3.047321e-02
2.796589e-01;1.356347e-01;5.842748e-02;3.584534e-02;3.705084e-02;1.135952e-01;1.588664e-01;5.054814e-02;3.223651e-02;4.526868e-02;1.738553e-02;3.548224e-02
2.850055e-01;1.042020e-01;4.990266e-02;5.265839e-02;5.706592e-02;1.272638e-01;1.293629e-01;4.139419e-02;1.758477e-02;4.363539e-02;2.409255e-02;6.783196e-02
2.501424e-01;9.028120e-02;5.957855e-02;8.032802e-02;6.869011e-02;9.560148e-02;1.062680e-01;4.109143e-02;1.633570e-02;4.278322e-02;3.698977e-02;1.119101e-01
1.939568e-01;6.767242e-02;8.984278e-02;1.078716e-01;6.144854e-02;5.684663e-02;1.211030e-01;3.011958e-02;2.097063e-02;4.323771e-02;5.322346e-02;1.537069e-01
1.083664e-01;4.040524e-02;1.663336e-01;1.087008e-01;6.371995e-02;9.669606e-02;1.147304e-01;2.551947e-02;4.406524e-02;3.702077e-02;7.013909e-02;1.243029e-01
4.418617e-02;7.260515e-02;2.229211e-01;9.108229e-02;9.762387e-02;1.082224e-01;1.001548e-01;2.462851e-02;4.759939e-02;4.524283e-02;8.233231e-02;6.340108e-02
6.076319e-02;6.503824e-02;2.252248e-01;7.269853e-02;1.021032e-01;8.819117e-02;1.092364e-01;2.656075e-02;4.549178e-02;6.419298e-02;9.037976e-02;5.011930e-02
6.006952e-02;6.425837e-02;2.124427e-01;5.439841e-02;9.516483e-02;7.442831e-02;1.478080e-01;3.470359e-02;4.093097e-02;6.669140e-02;1.009473e-01;4.815674e-02
1.108009e-01;7.008210e-02;1.783777e-01;4.182643e-02;4.537109e-02;6.882736e-02;1.547772e-01;5.055732e-02;4.142676e-02;7.330694e-02;1.056360e-01;5.901026e-02
1.367988e-01;6.028472e-02;1.863613e-01;4.937715e-02;4.472361e-02;6.175641e-02;1.250081e-01;3.261790e-02;7.096210e-02;6.473528e-02;9.182090e-02;7.555369e-02
1.272039e-01;6.262872e-02;2.224882e-01;5.677266e-02;3.526729e-02;7.861046e-02;8.994687e-02;2.721761e-02;6.736516e-02;6.093222e-02;1.109782e-01;6.058870e-02
7.545465e-02;3.307175e-02;2.915171e-01;6.397445e-02;3.640170e-02;1.099513e-01;5.967950e-02;2.490170e-02;5.332904e-02;6.675357e-02;1.449633e-01;4.000193e-02
3.285874e-02;3.768189e-02;3.233989e-01;7.442404e-02;5.401139e-02;1.164980e-01;6.347521e-02;2.495366e-02;3.957203e-02;6.012160e-02;1.532675e-01;1.973700e-02
3.191397e-02;6.324605e-02;2.897887e-01;7.388096e-02;7.757778e-02;1.199147e-01;8.062167e-02;3.124237e-02;3.303518e-02;4.724818e-02;1.411556e-01;1.037477e-02
2.977666e-02;9.043965e-02;2.017528e-01;6.532914e-02;9.743696e-02;1.398203e-01;7.966160e-02;5.298872e-02;3.421213e-02;6.002222e-02;1.354623e-01;1.309754e-02
3.448508e-02;1.131205e-01;1.271640e-01;7.282054e-02;1.065816e-01;1.509425e-01;7.533260e-02;7.480446e-02;5.435327e-02;7.090514e-02;1.045871e-01;1.490333e-02
5.247002e-02;1.234219e-01;1.672544e-01;7.879148e-02;1.045917e-01;1.399473e-01;5.638950e-02;8.319293e-02;5.405039e-02;6.697311e-02;4.401787e-02;2.889938e-02
5.013794e-02;1.084396e-01;1.684092e-01;8.812496e-02;1.057043e-01;1.350112e-01;5.956273e-02;8.292412e-02;3.682009e-02;7.473958e-02;5.800029e-02;3.212589e-02
2.664311e-02;9.120601e-02;1.009242e-01;7.232483e-02;1.147492e-01;1.393210e-01;6.492257e-02;1.001470e-01;7.605484e-02;9.629438e-02;6.296801e-02;5.444475e-02
5.513036e-02;7.013966e-02;8.363733e-02;5.268715e-02;1.171363e-01;1.184121e-01;5.940837e-02;9.092297e-02;1.056743e-01;9.748252e-02;8.183181e-02;6.753706e-02
5.614886e-02;4.095812e-02;1.481959e-01;5.453879e-02;1.023401e-01;8.950924e-02;5.482040e-02;7.215319e-02;9.358877e-02;1.036254e-01;1.442677e-01;3.985346e-02
4.626445e-02;5.100150e-02;1.829147e-01;5.745793e-02;7.092585e-02;5.869157e-02;6.658338e-02;6.860253e-02;7.476516e-02;6.975180e-02;1.996190e-01;5.342215e-02
4.686294e-02;7.422619e-02;1.702487e-01;7.291225e-02;5.740015e-02;5.480120e-02;7.868963e-02;5.807906e-02;6.923185e-02;5.670272e-02;1.832800e-01;7.756528e-02
4.512580e-02;7.779812e-02;9.234789e-02;9.274399e-02;5.978249e-02;7.682274e-02;8.924075e-02;4.511479e-02;4.522959e-02;1.197489e-01;1.910328e-01;6.501212e-02
4.898651e-02;5.434398e-02;6.477840e-02;7.965688e-02;6.808873e-02;7.246873e-02;1.046878e-01;7.125730e-02;4.715124e-02;1.608764e-01;1.366675e-01;9.103651e-02
8.014679e-02;7.833570e-02;7.376897e-02;5.817730e-02;5.125785e-02;6.833661e-02;7.020310e-02;9.415890e-02;3.939351e-02;1.538052e-01;1.207149e-01;1.117012e-01
7.036470e-02;8.271888e-02;8.940115e-02;4.952361e-02;3.426339e-02;4.728597e-02;1.179776e-01;6.828878e-02;7.198866e-02;1.357299e-01;1.382361e-01;9.422130e-02
4.762553e-02;6.716610e-02;1.432251e-01;5.399077e-02;4.212493e-02;4.353311e-02;1.147816e-01;5.054734e-02;1.143922e-01;7.539050e-02;1.617600e-01;8.546285e-02
5.855636e-02;5.719850e-02;1.615790e-01;5.945112e-02;6.226478e-02;7.077203e-02;9.031588e-02;9.580421e-02;1.134415e-01;5.055953e-02;1.241863e-01;5.587075e-02
6.222603e-02;4.114816e-02;1.062221e-01;7.539736e-02;6.239707e-02;5.405668e-02;1.287235e-01;1.195648e-01;7.342153e-02;8.867986e-02;1.160638e-01;7.209913e-02
