1.234082e-01;5.818671e-02;1.388712e-01;4.607777e-02;7.139264e-02;8.154102e-02;1.627720e-01;5.281227e-02;8.085389e-02;9.190711e-02;6.687757e-02;2.529969e-02
1.149393e-01;6.024555e-02;1.151629e-01;4.458132e-02;1.001209e-01;7.004752e-02;2.185120e-01;4.545935e-02;8.808804e-02;5.885131e-02;4.253747e-02;4.145438e-02
8.547865e-02;6.534594e-02;1.060716e-01;5.771401e-02;8.596933e-02;8.668103e-02;2.446473e-01;6.938734e-02;7.714725e-02;6.101198e-02;3.554287e-02;2.500270e-02
1.304170e-01;9.407292e-02;1.161171e-01;5.883969e-02;8.444273e-02;8.577894e-02;2.010776e-01;5.951485e-02;5.723782e-02;5.739335e-02;2.482029e-02;3.028770e-02
1.958306e-01;1.525845e-01;9.030170e-02;6.766648e-02;7.970793e-02;8.147539e-02;1.566065e-01;4.187810e-02;3.208020e-02;5.681167e-02;1.327317e-02;3.178376e-02
1.862756e-01;1.812261e-01;1.528898e-01;6.908895e-02;7.357921e-02;7.398047e-02;9.115595e-02;2.698184e-02;4.955193e-02;4.339100e-02;2.154735e-02;3.033180e-02
1.000797e-01;1.111611e-01;2.602396e-01;6.308529e-02;5.424757e-02;6.939347e-02;1.462492e-01;3.214334e-02;7.276944e-02;3.015235e-02;2.813212e-02;3.234679e-02
8.645957e-02;2.837465e-02;2.484953e-01;8.008749e-02;3.416027e-02;5.105005e-02;1.993804e-01;6.177113e-02;7.235293e-02;3.728304e-02;4.357377e-02;5.701145e-02
8.393914e-02;7.093183e-02;1.263926e-01;7.880320e-02;2.734309e-02;2.859238e-02;1.526567e-01;8.186307e-02;1.160991e-01;7.951217e-02;9.338387e-02;6.048291e-02
7.061337e-02;7.367457e-02;3.957992e-02;6.824919e-02;4.915810e-02;1.937547e-02;8.598743e-02;8.060396e-02;1.489309e-01;1.938864e-01;1.244584e-01;4.548229e-02
5.206200e-02;4.031526e-02;7.674608e-02;6.562071e-02;6.715507e-02;2.620555e-02;5.998257e-02;7.565451e-02;9.371335e-02;2.527424e-01;1.439212e-01;4.588119e-02
2.780475e-02;5.527526e-02;3.952595e-02;9.978313e-02;7.864276e-02;3.311012e-02;1.648667e-01;7.271271e-02;4.843377e-02;2.102192e-01;1.234972e-01;4.612847e-02
5.780975e-02;6.928340e-02;1.409934e-01;9.799945e-02;5.969819e-02;2.833571e-02;2.103879e-01;7.878198e-02;6.309713e-02;8.514170e-02;7.574181e-02;3.272956e-02
4.859481e-02;5.091158e-02;1.673855e-01;8.503941e-02;5.006457e-02;4.650877e-02;1.764208e-01;6.627226e-02;7.101339e-02;1.016770e-01;9.457751e-02;4.153448e-02
6.831716e-02;5.929315e-02;1.021673e-01;6.306142e-02;6.341971e-02;6.898322e-02;1.368129e-01;6.524363e-02;7.874168e-02;1.242190e-01;1.218158e-01;4.792498e-02
1.165549e-01;8.910607e-02;1.273668e-01;4.280610e-02;6.520577e-02;5.511770e-02;1.089015e-01;4.166542e-02;1.054443e-01;9.640375e-02;1.014653e-01;4.996240e-02
9.623058e-02;7.691807e-02;1.663110e-01;5.155581e-02;6.552388e-02;3.366455e-02;1.296050e-01;5.605863e-02;9.196983e-02;9.112687e-02;1.009354e-01;4.010044e-02
8.913872e-02;5.373729e-02;1.513394e-01;9.533737e-02;8.678130e-02;3.827566e-02;1.365657e-01;4.340901e-02;8.639255e-02;8.551976e-02;9.554872e-02;3.795454e-02
7.818580e-02;5.497832e-02;1.195804e-01;1.008718e-01;1.299057e-01;9.197672e-02;9.870949e-02;5.598148e-02;9.778481e-02;8.518663e-02;4.216072e-02;4.467804e-02
3.418851e-02;5.790995e-02;1.556569e-01;8.202492e-02;1.524728e-01;1.634146e-01;9.642463e-02;5.961926e-02;7.376355e-02;7.840194e-02;2.545075e-02;2.067227e-02
5.959057e-02;8.727690e-02;1.322063e-01;5.700238e-02;1.302697e-01;1.926866e-01;1.079961e-01;4.886161e-02;5.673943e-02;6.460594e-02;3.420947e-02;2.855501e-02
8.763663e-02;9.342004e-02;1.005453e-01;4.858662e-02;1.129574e-01;1.949386e-01;1.060942e-01;4.845521e-02;6.322480e-02;5.869958e-02;4.334724e-02;4.209445e-02
8.751140e-02;6.788316e-02;1.199112e-01;8.788569e-02;9.146904e-02;1.503792e-01;1.196740e-01;6.083049e-02;7.425480e-02;6.518290e-02;3.552729e-02;3.949076e-02
6.424137e-02;4.154237e-02;2.532838e-01;7.538055e-02;6.376301e-02;5.909133e-02;1.723756e-01;4.646131e-02;7.218085e-02;9.263731e-02;2.215224e-02;3.689025e-02
4.156268e-02;5.199185e-02;3.791061e-01;4.706501e-02;6.482603e-02;5.044845e-02;1.731953e-01;4.181253e-02;4.684828e-02;6.851057e-02;2.115972e-02;1.347344e-02
3.622163e-02;8.100795e-02;4.481330e-01;4.115267e-02;5.112097e-02;3.462737e-02;1.324476e-01;5.426214e-02;4.928787e-02;5.076503e-02;1.187786e-02;9.095940e-03
8.987547e-02;1.253977e-01;4.323244e-01;3.008843e-02;2.751053e-02;2.721672e-02;7.170851e-02;5.901452e-02;5.663409e-02;4.736296e-02;1.432827e-02;1.853839e-02
1.630210e-01;1.289598e-01;3.303021e-01;2.767794e-02;3.521299e-02;3.324940e-02;8.090483e-02;3.601968e-02;4.332316e-02;5.938167e-02;3.505167e-02;2.689571e-02
1.593999e-01;1.228973e-01;2.515862e-01;2.880908e-02;5.233842e-02;4.123124e-02;1.063815e-01;3.041652e-02;4.123369e-02;7.373970e-02;6.067891e-02;3.128756e-02
1.013206e-01;1.563555e-01;2.019965e-01;4.048277e-02;6.382784e-02;3.816796e-02;6.534994e-02;5.830448e-02;7.475637e-02;1.032775e-01;6.798439e-02;2.817606e-02
9.289499e-02;1.106351e-01;2.085724e-01;5.920491e-02;5.088900e-02;3.507001e-02;6.139771e-02;7.711483e-02;8.758664e-02;1.213883e-01;6.714640e-02;2.809973e-02
5.327325e-02;7.585203e-02;1.759516e-01;4.773061e-02;4.845325e-02;4.578652e-02;1.146462e-01;7.290434e-02;7.377210e-02;1.477783e-01;1.130503e-01;3.080142e-02
2.828945e-02;5.738489e-02;1.230746e-01;4.612928e-02;4.969492e-02;5.392520e-02;1.515051e-01;5.545809e-02;5.187606e-02;1.729733e-01;1.740606e-01;3.562845e-02
5.922253e-02;3.384334e-02;8.083312e-02;3.273559e-02;3.821968e-02;8.094005e-02;1.473245e-01;3.149762e-02;4.785048e-02;1.710718e-01;2.321873e-01;4.427395e-02
6.601965e-02;2.200333e-02;1.011938e-01;1.291454e-02;2.502368e-02;1.195895e-01;1.007545e-01;1.589078e-02;4.417373e-02;1.719924e-01;2.736172e-01;4.682685e-02
6.406630e-02;9.361493e-03;7.185496e-02;9.885774e-03;1.484845e-02;1.429844e-01;7.404774e-02;2.380152e-02;5.077163e-02;1.835542e-01;2.939043e-01;6.091916e-02
4.661720e-02;1.547422e-02;9.245139e-02;6.065184e-03;1.469259e-02;1.320129e-01;7.453719e-02;1.927402e-02;8.104398e-02;1.837710e-01;2.628968e-01;7.116359e-02
3.852900e-02;8.382361e-03;1.061711e-01;8.871715e-03;1.923667e-02;1.154979e-01;6.774443e-02;2.516788e-02;1.180314e-01;1.867848e-01;2.255688e-01;8.001389e-02
5.327223e-02;1.131722e-02;8.386178e-02;6.430149e-03;2.867585e-02;1.292329e-01;7.196586e-02;4.202056e-02;1.413642e-01;1.486494e-01;1.904135e-01;9.279639e-02
7.494939e-02;1.000145e-02;9.238030e-02;1.698172e-02;3.300067e-02;1.263014e-01;8.053076e-02;3.794370e-02;1.410598e-01;9.616717e-02;1.834301e-01;1.072535e-01
1.253781e-01;1.337805e-02;9.462033e-02;2.476845e-02;3.121352e-02;9.749081e-02;6.234554e-02;4.133170e-02;1.092866e-01;6.958804e-02;2.198502e-01;1.107486e-01
1.397678e-01;1.577375e-02;7.529353e-02;1.468512e-02;1.624492e-02;1.122917e-01;2.967427e-02;3.119310e-02;7.002179e-02;9.405978e-02;2.938895e-01;1.071048e-01
1.033438e-01;1.694972e-02;5.319624e-02;5.722960e-03;1.384202e-02;1.218419e-01;2.366625e-02;6.409158e-02;3.916754e-02;1.358199e-01;3.278336e-01;9.452447e-02
5.558655e-02;2.336686e-02;3.797630e-02;8.752534e-03;3.736091e-02;1.068361e-01;3.672234e-02;1.546529e-01;2.949500e-02;1.692904e-01;2.781267e-01;6.183346e-02
3.897924e-02;3.534289e-02;2.304831e-02;1.454106e-02;9.435921e-02;7.606693e-02;5.444531e-02;2.036756e-01;2.862019e-02;1.933542e-01;1.982779e-01;3.928911e-02
5.041335e-02;5.440643e-02;2.675433e-02;2.433592e-02;1.582419e-01;3.901285e-02;7.314947e-02;1.375661e-01;3.230222e-02;2.103784e-01;1.474299e-01;4.600928e-02
5.039385e-02;4.854093e-02;2.939985e-02;4.231190e-02;1.757869e-01;4.459893e-02;1.043450e-01;6.674457e-02;4.937521e-02;2.157684e-01;1.176310e-01;5.510354e-02
2.781983e-02;3.600714e-02;3.698054e-02;5.346108e-02;1.741600e-01;8.472209e-02;1.037294e-01;4.530915e-02;5.942592e-02;2.314680e-01;1.017832e-01;4.513364e-02
5.417036e-02;2.866723e-02;6.014295e-02;5.018554e-02;1.367289e-01;9.535443e-02;1.267840e-01;7.857668e-02;7.014604e-02;1.767937e-01;7.964765e-02;4.280254e-02
6.838148e-02;2.428308e-02;8.723110e-02;4.907958e-02;1.006245e-01;9.635822e-02;1.659413e-01;9.112911e-02;6.657504e-02;1.305507e-01;7.007379e-02;4.977209e-02
6.889861e-02;2.434741e-02;8.815793e-02;5.856611e-02;6.343207e-02;1.013244e-01;1.870246e-01;8.103098e-02;6.785734e-02;1.357018e-01;8.728825e-02;3.637046e-02
7.741521e-02;1.187732e-02;4.622433e-02;8.645474e-02;4.553070e-02;6.730551e-02;2.287256e-01;1.029937e-01;8.583529e-02;1.293341e-01;9.844118e-02;1.986231e-02
8.290538e-02;7.051196e-03;3.564324e-02;1.100195e-01;5.217608e-02;2.889411e-02;1.800554e-01;1.264846e-01;1.154383e-01;1.283198e-01;1.175146e-01;1.549787e-02
8.289944e-02;5.677931e-03;3.558422e-02;1.279620e-01;4.330512e-02;1.617708e-02;1.346106e-01;1.304935e-01;1.339312e-01;1.300392e-01;1.483773e-01;1.094228e-02
7.442123e-02;6.670243e-03;4.141574e-02;1.375227e-01;3.306722e-02;1.373301e-02;1.161843e-01;1.154673e-01;1.435357e-01;1.320975e-01;1.746370e-01;1.124805e-02
6.638950e-02;2.237149e-02;6.305324e-02;1.356243e-01;2.849366e-02;2.337500e-02;1.148145e-01;9.100441e-02;1.442006e-01;1.307980e-01;1.627297e-01;1.714553e-02
8.784913e-02;5.544332e-02;8.557234e-02;1.036552e-01;3.517794e-02;3.220440e-02;1.363360e-01;8.939002e-02;1.128527e-01;1.152216e-01;1.152933e-01;3.100405e-02
8.588029e-02;5.999636e-02;1.102752e-01;1.115914e-01;3.684987e-02;5.372159e-02;1.189366e-01;9.144944e-02;1.069137e-01;1.008053e-01;9.245043e-02;3.112985e-02
6.710904e-02;3.421049e-02;9.020159e-02;1.657056e-01;4.442639e-02;7.517476e-02;1.370879e-01;7.355425e-02;1.239098e-01;9.324253e-02;7.881700e-02;1.656066e-02
7.449602e-02;1.009883e-02;4.659029e-02;2.288091e-01;5.656424e-02;5.984476e-02;1.807944e-01;5.167439e-02;1.139690e-01;1.010740e-01;6.777254e-02;8.312407e-03
8.775003e-02;9.362188e-03;7.170291e-02;2.211139e-01;6.441311e-02;4.850646e-02;2.034033e-01;2.804838e-02;8.971727e-02;1.184416e-01;4.877133e-02;8.769557e-03
1.190699e-01;1.338068e-02;7.529664e-02;1.551126e-01;8.372802e-02;7.318035e-02;1.532854e-01;2.267403e-02;8.961570e-02;1.530247e-01;4.449141e-02;1.714059e-02
1.196546e-01;1.696519e-02;5.266741e-02;9.259643e-02;1.002986e-01;9.679008e-02;1.056126e-01;2.057874e-02;9.731971e-02;1.953872e-01;5.920896e-02;4.292047e-02
6.593969e-02;3.032727e-02;3.334711e-02;7.666247e-02;1.290236e-01;1.010882e-01;4.253440e-02;2.602998e-02;1.336318e-01;2.394955e-01;6.816650e-02;5.375360e-02
1.821202e-02;4.105753e-02;3.677068e-02;6.513257e-02;1.539775e-01;8.798809e-02;7.237130e-02;4.970165e-02;1.278272e-01;2.435632e-01;6.126950e-02;4.212875e-02
1.729931e-02;5.127684e-02;5.362416e-02;4.910302e-02;1.726970e-01;6.700473e-02;8.184557e-02;5.358530e-02;8.485839e-02;2.458575e-01;7.041164e-02;5.243655e-02
2.278315e-02;4.006862e-02;4.850004e-02;3.071936e-02;1.650480e-01;8.506133e-02;5.323755e-02;3.138832e-02;6.668835e-02;2.771152e-01;9.632479e-02;8.306531e-02
1.821049e-02;2.822870e-02;3.003359e-02;2.409774e-02;1.545992e-01;1.151112e-01;3.384275e-02;1.641495e-02;5.711535e-02;3.145281e-01;1.115750e-01;9.624299e-02
1.159601e-02;2.400347e-02;3.125344e-02;2.543649e-02;1.477953e-01;1.266295e-01;3.605960e-02;1.463226e-02;5.237425e-02;3.247022e-01;1.108091e-01;9.470837e-02
1.461726e-02;3.012591e-02;3.193863e-02;2.576419e-02;1.378151e-01;1.403820e-01;4.827790e-02;1.804912e-02;5.005432e-02;3.022360e-01;1.172713e-01;8.346833e-02
2.011837e-02;3.433768e-02;4.054262e-02;2.999999e-02;1.063527e-01;1.705395e-01;8.052379e-02;2.600826e-02;5.238998e-02;2.654882e-01;1.184048e-01;5.529419e-02
3.886686e-02;2.461531e-02;7.357370e-02;3.035763e-02;5.958043e-02;1.687703e-01;1.350267e-01;4.782764e-02;7.213434e-02;2.008492e-01;1.044584e-01;4.393956e-02
6.306250e-02;3.006349e-02;8.544307e-02;4.706883e-02;5.989521e-02;1.138749e-01;1.544860e-01;8.190893e-02;7.998220e-02;1.573883e-01;8.922589e-02;3.760067e-02
5.341975e-02;3.525581e-02;6.800751e-02;5.147156e-02;7.940658e-02;8.054627e-02;1.412767e-01;9.851687e-02;7.893305e-02;1.746157e-01;9.210636e-02;4.644381e-02
2.590984e-02;6.186961e-02;3.095409e-02;3.621669e-02;1.079048e-01;5.433868e-02;6.645776e-02;8.640051e-02;6.967385e-02;2.497491e-01;1.414955e-01;6.902955e-02
2.797770e-02;9.608259e-02;2.168469e-02;1.917657e-02;1.061925e-01;3.588505e-02;5.338687e-02;7.057150e-02;4.699521e-02;2.623294e-01;1.712740e-01;8.844376e-02
7.601177e-02;8.718099e-02;7.664136e-02;2.893745e-02;7.524624e-02;3.833445e-02;1.205384e-01;6.798986e-02;4.814551e-02;1.579434e-01;1.174389e-01;1.055917e-01
1.047912e-01;7.019714e-02;1.408928e-01;4.360957e-02;6.801344e-02;4.417627e-02;1.355544e-01;5.851953e-02;4.693791e-02;1.017968e-01;8.300984e-02;1.025011e-01
7.793523e-02;6.466587e-02;1.640648e-01;3.987593e-02;8.926640e-02;4.399688e-02;1.182451e-01;8.632015e-02;4.928382e-02;9.970217e-02;8.787820e-02;7.876542e-02
3.965868e-02;4.411528e-02;8.019039e-02;3.727681e-02;9.256822e-02;4.785161e-02;2.767833e-01;9.557632e-02;4.190222e-02;9.220680e-02;9.346469e-02;5.840567e-02
8.938064e-02;8.803564e-02;6.413195e-02;3.214732e-02;9.077391e-02;7.314325e-02;2.502281e-01;8.163468e-02;5.028819e-02;8.307226e-02;6.104053e-02;3.612357e-02
1.233564e-01;1.513881e-01;9.459714e-02;4.729938e-02;8.645418e-02;7.948143e-02;1.438919e-01;6.661828e-02;6.230438e-02;7.777173e-02;3.960699e-02;2.723010e-02
1.052666e-01;1.712881e-01;1.330800e-01;5.732078e-02;6.496134e-02;5.960063e-02;1.167115e-01;5.287180e-02;6.465913e-02;7.896800e-02;5.541512e-02;3.985696e-02
9.435360e-02;1.339663e-01;1.662157e-01;5.782868e-02;4.707174e-02;4.094347e-02;1.568065e-01;7.441360e-02;5.855204e-02;7.962666e-02;5.694750e-02;3.327425e-02
1.155048e-01;9.553868e-02;1.479274e-01;8.083782e-02;3.562046e-02;3.834627e-02;1.293906e-01;1.085542e-01;6.995438e-02;1.045727e-01;5.181349e-02;2.193911e-02
7.624514e-02;7.894038e-02;1.610639e-01;1.001820e-01;5.391504e-02;3.357212e-02;8.627459e-02;9.198139e-02;1.010458e-01;1.263774e-01;6.525803e-02;2.514432e-02
2.436718e-02;8.969972e-02;1.913203e-01;7.307986e-02;5.926618e-02;3.339636e-02;1.822554e-01;8.281448e-02;9.404062e-02;9.351337e-02;5.039387e-02;2.585260e-02
2.437507e-02;6.682218e-02;2.023785e-01;4.639395e-02;5.566105e-02;3.788614e-02;2.448134e-01;8.108861e-02;6.246268e-02;8.464162e-02;6.111403e-02;3.236280e-02
2.858509e-02;5.227194e-02;1.905608e-01;2.926176e-02;4.810474e-02;2.490682e-02;2.542545e-01;8.849896e-02;5.423370e-02;1.177324e-01;8.051009e-02;3.107921e-02
4.862469e-02;7.366814e-02;1.936501e-01;2.170292e-02;5.777775e-02;3.648673e-02;2.033585e-01;7.961862e-02;7.548462e-02;1.223869e-01;6.608807e-02;2.115294e-02
5.011978e-02;6.737096e-02;1.999701e-01;3.211254e-02;7.794155e-02;5.057718e-02;2.117194e-01;6.052870e-02;6.826576e-02;1.066719e-01;4.659448e-02;2.812769e-02
5.087835e-02;4.305894e-02;1.987214e-01;3.872912e-02;7.246004e-02;4.903169e-02;2.579837e-01;6.183842e-02;7.049121e-02;8.013859e-02;4.667186e-02;2.999668e-02
5.841835e-02;3.868401e-02;1.805229e-01;4.544310e-02;6.472044e-02;2.915917e-02;2.607526e-01;5.669043e-02;8.239484e-02;9.158655e-02;4.942312e-02;4.220458e-02
6.267929e-02;6.576068e-02;1.732242e-01;5.311073e-02;8.679342e-02;4.770586e-02;1.958290e-01;5.783910e-02;6.220090e-02;8.925889e-02;4.858386e-02;5.701413e-02
6.965748e-02;7.008151e-02;2.173193e-01;3.511507e-02;7.423171e-02;5.355643e-02;2.029537e-01;6.831256e-02;6.243829e-02;6.176153e-02;3.390691e-02;5.066539e-02
4.966688e-02;7.791276e-02;1.806047e-01;1.223127e-01;9.944832e-02;8.544087e-02;9.892512e-02;5.286133e-02;7.661477e-02;8.449740e-02;3.653421e-02;3.518098e-02
3.491701e-02;7.785353e-02;1.811288e-01;1.322324e-01;1.074800e-01;8.466183e-02;9.567347e-02;4.576247e-02;7.616523e-02;9.488189e-02;3.916902e-02;3.007426e-02
5.374478e-02;6.927192e-02;2.062947e-01;1.312573e-01;8.820350e-02;7.549366e-02;1.065415e-01;4.928369e-02;6.500158e-02;8.649410e-02;3.907441e-02;2.933885e-02
1.217191e-01;6.753088e-02;2.373105e-01;1.179001e-01;6.846165e-02;5.435152e-02;1.052997e-01;5.297517e-02;4.375931e-02;6.572640e-02;3.227499e-02;3.269064e-02
2.535064e-01;1.385905e-01;2.048280e-01;6.304205e-02;6.284917e-02;2.759220e-02;6.457844e-02;5.481233e-02;3.572693e-02;3.926259e-02;2.277593e-02;3.243552e-02
3.825632e-01;1.922627e-01;1.353368e-01;2.247162e-02;5.755691e-02;1.840790e-02;3.371057e-02;5.820099e-02;3.064185e-02;2.391690e-02;1.415091e-02;3.077974e-02
4.768322e-01;1.984535e-01;5.779958e-02;1.414738e-02;3.835938e-02;2.519278e-02;3.606759e-02;5.364311e-02;2.962114e-02;1.786062e-02;7.893746e-03;4.412895e-02
4.458399e-01;1.604673e-01;2.770170e-02;4.833638e-02;1.783999e-02;2.586472e-02;6.434450e-02;4.854879e-02;2.766253e-02;4.453670e-02;1.105369e-02;7.780386e-02
2.925359e-01;1.258019e-01;3.649621e-02;8.240672e-02;1.788809e-02;2.503457e-02;9.969406e-02;5.536997e-02;2.202720e-02;8.824708e-02;3.746410e-02;1.170342e-01
9.761623e-02;1.396626e-01;1.139334e-01;7.708994e-02;2.855767e-02;2.875049e-02;1.106157e-01;8.755960e-02;2.688422e-02;9.470489e-02;6.635455e-02;1.282707e-01
3.857836e-01;1.172358e-01;1.009519e-01;2.307084e-02;2.071682e-02;1.745724e-02;5.031455e-02;1.019078e-01;2.963839e-02;3.237079e-02;4.586695e-02;7.468541e-02
4.398196e-01;1.355591e-01;1.099516e-01;1.275879e-02;1.623828e-02;8.110235e-03;2.533026e-02;1.067013e-01;3.005925e-02;1.847793e-02;4.926973e-02;4.772402e-02
3.224693e-01;1.889355e-01;1.625839e-01;1.030370e-02;1.144718e-02;7.655730e-03;4.404880e-02;8.521462e-02;3.758042e-02;3.676159e-02;6.064780e-02;3.235142e-02
1.798627e-01;2.304821e-01;2.264773e-01;3.627519e-02;2.117090e-02;1.896924e-02;6.010669e-02;3.854258e-02;5.480791e-02;5.348249e-02;5.177772e-02;2.804517e-02
1.396709e-01;2.176373e-01;2.884800e-01;5.281947e-02;3.193425e-02;2.507850e-02;4.961736e-02;2.499245e-02;6.423174e-02;4.137094e-02;3.706812e-02;2.709901e-02
1.486643e-01;2.189249e-01;3.500534e-01;4.072378e-02;1.898731e-02;2.003521e-02;3.150370e-02;3.093397e-02;5.932893e-02;3.495283e-02;2.430687e-02;2.158470e-02
1.137920e-01;2.030127e-01;4.619077e-01;3.113379e-02;2.110307e-02;9.485791e-03;2.229729e-02;3.055823e-02;4.282203e-02;3.774636e-02;8.634980e-03;1.750613e-02
4.156161e-02;1.596542e-01;5.688588e-01;3.616494e-02;2.428684e-02;1.677382e-02;2.170634e-02;2.850451e-02;4.277616e-02;3.254868e-02;1.251546e-02;1.464869e-02
5.802544e-02;1.205944e-01;5.419071e-01;3.868270e-02;2.672690e-02;3.132586e-02;2.872080e-02;1.996107e-02;5.897212e-02;2.268178e-02;2.876908e-02;2.363273e-02
1.387312e-01;7.388419e-02;4.815348e-01;2.700399e-02;3.435661e-02;2.319913e-02;3.826096e-02;2.979044e-02;4.777207e-02;2.956597e-02;4.159266e-02;3.430792e-02
1.298553e-01;1.474320e-01;3.891951e-01;3.063627e-02;3.637047e-02;1.813194e-02;4.435806e-02;3.243156e-02;4.349940e-02;4.920217e-02;3.917954e-02;3.970828e-02
8.023953e-02;1.643012e-01;3.347545e-01;4.860522e-02;2.872301e-02;2.881363e-02;6.311669e-02;2.823347e-02;5.460268e-02;6.969198e-02;5.328760e-02;4.563044e-02
1.050984e-01;1.438157e-01;2.986246e-01;5.662087e-02;3.128602e-02;5.083375e-02;7.190502e-02;3.063751e-02;5.225730e-02;6.567118e-02;5.207591e-02;4.117370e-02
1.211442e-01;9.042448e-02;2.910073e-01;5.707157e-02;3.771289e-02;4.948898e-02;8.508746e-02;4.312460e-02;7.299317e-02;6.052643e-02;5.037269e-02;4.104621e-02
1.108255e-01;1.004223e-01;2.567496e-01;4.545086e-02;4.970941e-02;4.532236e-02;7.013178e-02;5.398687e-02;9.236359e-02;6.003165e-02;5.860449e-02;5.640157e-02
9.947970e-02;1.354591e-01;2.411226e-01;4.095859e-02;4.145182e-02;5.522734e-02;3.638335e-02;7.384335e-02;1.015588e-01;8.197794e-02;4.787490e-02;4.466248e-02
1.306103e-01;1.480514e-01;1.898381e-01;5.342009e-02;4.983049e-02;6.721524e-02;5.783135e-02;7.038072e-02;7.807298e-02;7.053475e-02;2.668173e-02;5.753297e-02
9.639115e-02;1.406590e-01;1.668734e-01;9.747259e-02;6.239462e-02;8.652036e-02;6.985850e-02;8.236449e-02;6.266017e-02;4.350199e-02;4.184255e-02;4.946126e-02
5.448319e-02;8.093173e-02;1.475615e-01;1.366637e-01;8.131561e-02;7.537578e-02;7.951349e-02;1.097697e-01;1.089817e-01;2.960534e-02;4.127230e-02;5.452592e-02
8.218653e-02;6.786339e-02;1.471086e-01;9.996861e-02;6.278720e-02;6.521754e-02;9.808376e-02;1.194472e-01;1.104946e-01;3.203280e-02;3.475413e-02;8.005565e-02
1.079044e-01;5.734743e-02;1.320957e-01;6.993040e-02;8.339050e-02;7.240897e-02;7.361472e-02;1.159583e-01;8.952855e-02;7.132837e-02;3.806468e-02;8.842795e-02
9.295385e-02;5.787371e-02;1.294729e-01;8.103631e-02;8.990052e-02;8.236790e-02;5.715899e-02;1.030418e-01;9.641927e-02;8.927844e-02;3.304408e-02;8.745222e-02
8.946845e-02;7.992649e-02;1.688974e-01;7.842556e-02;8.167794e-02;7.764086e-02;7.529782e-02;1.015485e-01;9.108129e-02;6.150584e-02;2.027533e-02;7.425452e-02
1.690430e-01;1.161616e-01;1.967143e-01;4.865059e-02;5.189445e-02;4.229438e-02;8.697537e-02;8.079988e-02;6.656401e-02;4.205285e-02;4.462262e-02;5.422707e-02
2.593057e-01;1.159994e-01;1.643854e-01;4.803068e-02;3.148244e-02;2.494271e-02;9.402903e-02;5.986685e-02;3.798465e-02;3.379858e-02;4.112269e-02;8.905187e-02
3.359683e-01;8.761176e-02;8.874569e-02;4.719037e-02;1.844595e-02;1.509007e-02;1.204821e-01;5.705002e-02;1.927700e-02;2.884633e-02;2.833243e-02;1.529600e-01
3.748866e-01;3.686200e-02;1.813246e-02;5.066452e-02;7.639246e-03;7.783383e-03;1.598455e-01;4.653331e-02;8.786369e-03;2.756712e-02;2.357223e-02;2.377272e-01
3.730966e-01;1.805150e-02;2.140744e-02;5.354807e-02;6.278721e-03;4.990446e-03;1.729849e-01;4.849054e-02;5.303076e-03;2.879412e-02;2.037871e-02;2.466759e-01
3.690841e-01;2.328133e-02;2.150676e-02;5.871868e-02;1.304775e-02;7.838680e-03;1.730501e-01;7.227656e-02;9.571123e-03;2.935953e-02;1.770133e-02;2.045641e-01
3.648494e-01;3.756400e-02;2.778178e-02;4.961439e-02;6.735990e-02;1.744473e-02;1.394086e-01;1.074395e-01;1.141885e-02;2.019549e-02;1.892992e-02;1.379934e-01
3.409822e-01;4.106275e-02;3.245657e-02;2.709149e-02;1.522314e-01;4.442994e-02;9.391087e-02;1.521815e-01;1.339050e-02;1.380713e-02;1.491119e-02;7.354446e-02
3.082237e-01;3.319196e-02;4.562754e-02;9.332312e-03;1.795203e-01;6.148819e-02;6.543629e-02;1.955170e-01;2.483808e-02;8.771539e-03;2.003097e-02;4.802218e-02
2.841640e-01;4.761329e-02;5.844131e-02;4.498489e-03;1.394376e-01;3.787459e-02;3.353352e-02;2.332023e-01;4.712047e-02;1.244269e-02;5.448056e-02;4.719118e-02
2.519969e-01;6.938343e-02;5.716712e-02;3.129839e-03;1.134341e-01;1.283224e-02;4.653822e-02;2.474191e-01;4.933698e-02;1.509530e-02;7.933555e-02;5.433118e-02
2.494382e-01;1.033549e-01;5.758784e-02;7.116996e-03;1.118318e-01;8.072036e-03;4.758407e-02;2.267118e-01;4.017359e-02;1.318833e-02;6.921040e-02;6.573004e-02
2.695869e-01;1.152555e-01;7.254375e-02;1.483594e-02;9.863291e-02;1.611186e-02;5.900135e-02;1.892912e-01;3.826416e-02;1.655267e-02;5.197760e-02;5.794619e-02
2.921984e-01;1.000931e-01;1.721830e-01;1.930978e-02;7.198495e-02;2.512125e-02;5.903267e-02;1.416389e-01;1.585637e-02;1.982688e-02;4.724177e-02;3.551298e-02
2.837013e-01;1.168685e-01;2.486618e-01;1.363201e-02;6.453771e-02;2.513422e-02;5.560548e-02;8.316909e-02;2.645073e-02;1.477301e-02;4.378786e-02;2.367825e-02
2.582264e-01;1.417480e-01;2.775696e-01;1.498704e-02;4.869353e-02;2.392790e-02;6.153687e-02;6.518710e-02;3.906311e-02;9.774830e-03;3.078248e-02;2.850315e-02
1.832481e-01;1.698611e-01;3.680344e-01;2.734656e-02;1.924144e-02;2.048779e-02;4.690607e-02;6.152446e-02;5.344819e-02;9.905703e-03;1.561593e-02;2.438027e-02
8.679560e-02;1.799697e-01;4.397400e-01;4.186349e-02;2.065006e-02;3.558116e-02;4.219514e-02;3.825795e-02;5.699798e-02;1.487618e-02;1.629362e-02;2.677911e-02
1.314067e-01;1.512498e-01;4.389820e-01;3.768146e-02;2.705543e-02;5.508084e-02;3.407763e-02;2.237834e-02;4.342715e-02;2.515338e-02;1.112079e-02;2.238649e-02
1.095881e-01;1.038932e-01;5.223883e-01;2.979851e-02;4.155974e-02;4.753608e-02;3.336559e-02;1.840211e-02;2.886597e-02;4.569214e-02;6.714526e-03;1.219579e-02
5.067685e-02;4.704336e-02;6.448997e-01;4.237399e-02;4.877661e-02;2.681486e-02;3.783913e-02;1.269242e-02;1.401492e-02;5.529274e-02;1.120274e-02;8.372703e-03
1.364923e-02;3.539652e-02;7.151936e-01;5.888619e-02;4.937408e-02;1.758918e-02;2.380358e-02;1.181446e-02;1.374654e-02;3.796573e-02;1.459081e-02;7.990033e-03
3.707609e-02;4.110802e-02;6.971899e-01;6.522640e-02;4.530626e-02;1.692094e-02;2.548431e-02;8.177435e-03;1.597857e-02;2.185432e-02;1.558608e-02;1.009165e-02
3.699138e-02;3.400691e-02;7.009718e-01;5.811134e-02;5.131436e-02;1.759840e-02;3.675627e-02;1.329597e-02;1.142726e-02;1.264409e-02;1.520337e-02;1.167886e-02
3.108112e-02;3.629706e-02;6.935307e-01;4.348958e-02;5.823941e-02;1.876771e-02;4.705820e-02;2.349813e-02;1.186593e-02;9.355101e-03;1.564893e-02;1.116811e-02
5.396662e-02;5.913345e-02;6.549764e-01;3.036098e-02;4.744924e-02;2.327519e-02;2.897613e-02;2.838815e-02;2.020030e-02;1.422981e-02;2.134410e-02;1.769963e-02
9.613675e-02;9.269159e-02;5.304290e-01;2.981112e-02;5.161711e-02;2.873187e-02;3.069989e-02;2.820455e-02;3.011688e-02;2.621248e-02;3.539668e-02;1.995210e-02
9.243885e-02;8.803674e-02;4.830366e-01;3.426133e-02;6.336792e-02;3.559430e-02;5.394839e-02;2.295788e-02;3.694252e-02;2.914584e-02;3.737662e-02;2.289300e-02
7.194810e-02;8.087296e-02;4.838105e-01;4.145656e-02;5.179085e-02;3.714955e-02;7.586710e-02;1.641578e-02;3.762621e-02;3.682214e-02;3.833996e-02;2.790030e-02
4.376213e-02;5.890715e-02;3.063606e-01;7.072114e-02;4.921066e-02;6.553805e-02;9.318473e-02;6.139049e-02;4.922042e-02;9.272287e-02;6.290974e-02;4.607204e-02
3.115240e-02;5.360204e-02;1.469257e-01;7.754702e-02;8.858255e-02;9.034847e-02;7.991918e-02;7.375604e-02;8.137783e-02;1.316977e-01;8.018945e-02;6.490157e-02
3.509080e-02;6.795014e-02;1.073489e-01;8.595972e-02;9.177636e-02;8.035738e-02;9.105569e-02;7.002909e-02;7.822061e-02;1.663242e-01;6.674406e-02;5.914307e-02
4.204842e-02;7.498955e-02;1.170978e-01;9.334857e-02;9.184337e-02;7.941420e-02;1.077545e-01;8.478344e-02;9.211995e-02;1.283112e-01;4.511878e-02;4.317023e-02
4.335614e-02;5.793773e-02;1.349251e-01;9.218232e-02;9.884986e-02;8.897549e-02;9.266710e-02;8.216381e-02;1.219689e-01;9.142003e-02;5.615445e-02;3.939912e-02
4.386726e-02;7.779123e-02;1.645929e-01;7.497382e-02;8.001084e-02;7.100741e-02;7.122315e-02;7.217849e-02;1.238988e-01;1.139559e-01;5.191061e-02;5.458959e-02
5.097764e-02;1.061132e-01;1.634571e-01;7.951612e-02;6.697817e-02;4.983664e-02;7.215010e-02;5.947898e-02;9.585495e-02;1.451176e-01;3.598735e-02;7.453215e-02
6.081020e-02;9.584805e-02;1.986499e-01;7.181156e-02;6.516309e-02;5.117403e-02;1.026280e-01;5.413055e-02;9.037644e-02;1.175636e-01;3.145814e-02;6.038647e-02
4.836345e-02;8.697551e-02;2.403120e-01;8.391356e-02;6.730326e-02;3.703501e-02;1.023540e-01;4.257651e-02;8.645354e-02;1.125430e-01;4.478046e-02;4.738975e-02
4.430567e-02;1.129905e-01;2.142607e-01;1.011581e-01;9.956291e-02;5.626846e-02;9.340813e-02;3.775744e-02;9.424257e-02;8.090715e-02;3.488046e-02;3.025798e-02
6.362972e-02;6.426094e-02;2.056493e-01;1.022722e-01;1.151993e-01;8.583403e-02;9.227071e-02;5.633047e-02;8.360493e-02;8.558341e-02;3.023450e-02;1.513058e-02
7.030043e-02;9.092630e-02;2.271026e-01;7.172864e-02;9.201577e-02;6.528603e-02;9.175935e-02;5.946139e-02;5.403180e-02;1.099040e-01;3.418076e-02;3.330294e-02
6.702740e-02;8.622602e-02;2.651543e-01;1.115938e-01;7.279167e-02;4.668257e-02;1.281342e-01;3.809372e-02;5.272646e-02;7.915346e-02;2.665626e-02;2.576014e-02
5.482493e-02;4.148969e-02;2.049534e-01;9.590776e-02;4.384421e-02;3.866436e-02;2.849041e-01;6.251740e-02;4.822537e-02;6.954607e-02;2.714599e-02;2.797679e-02
4.446479e-02;3.521578e-02;9.407178e-02;5.166153e-02;4.021408e-02;4.267739e-02;4.154279e-01;9.867533e-02;3.943329e-02;7.153529e-02;4.345234e-02;2.317043e-02
2.196201e-02;4.686222e-02;6.237346e-02;3.126219e-02;4.400754e-02;3.914578e-02;4.738921e-01;1.342757e-01;2.833166e-02;5.560530e-02;4.306925e-02;1.921280e-02
2.396501e-02;3.530035e-02;9.021625e-02;1.956739e-02;2.455544e-02;2.182418e-02;4.207814e-01;2.072708e-01;2.430093e-02;6.743374e-02;2.650015e-02;3.828433e-02
2.239059e-02;2.768243e-02;1.342978e-01;1.046899e-02;1.087735e-02;1.314620e-02;2.628168e-01;2.601031e-01;4.314082e-02;1.025211e-01;1.247372e-02;1.000810e-01
2.003166e-02;1.645303e-02;1.164229e-01;1.276925e-02;5.773632e-03;1.384312e-02;1.698075e-01;2.815987e-01;8.243974e-02;8.967052e-02;3.525009e-02;1.559398e-01
1.625292e-02;6.687263e-03;8.936954e-02;1.659034e-02;7.271070e-03;1.595433e-02;1.768022e-01;3.017574e-01;1.269649e-01;5.807273e-02;4.203243e-02;1.422449e-01
1.275945e-02;9.130092e-03;1.035804e-01;3.420300e-02;1.239783e-02;2.087274e-02;2.469610e-01;2.946561e-01;1.426265e-01;4.213491e-02;1.430657e-02;6.637130e-02
2.388568e-02;1.495078e-02;1.181026e-01;6.977121e-02;1.765046e-02;3.057990e-02;2.570443e-01;2.240479e-01;1.655834e-01;4.121576e-02;9.979820e-03;2.718831e-02
3.909112e-02;2.166406e-02;1.031566e-01;1.078949e-01;1.415043e-02;2.481578e-02;2.001877e-01;1.494805e-01;2.416155e-01;6.003550e-02;1.894333e-02;1.896461e-02
5.860335e-02;1.954008e-02;5.940719e-02;1.343476e-01;8.274092e-03;1.690877e-02;1.437914e-01;1.007352e-01;3.358046e-01;8.104643e-02;2.738853e-02;1.415278e-02
9.013274e-02;1.251573e-02;3.607820e-02;1.312417e-01;6.755211e-03;9.657596e-03;1.268055e-01;7.983898e-02;3.657846e-01;8.598827e-02;2.880027e-02;2.640120e-02
1.049704e-01;1.098203e-02;4.847769e-02;7.791210e-02;1.090601e-02;1.167367e-02;2.242109e-01;1.079659e-01;2.369007e-01;8.338395e-02;2.336774e-02;5.924881e-02
6.391543e-02;1.567193e-02;6.774849e-02;3.275045e-02;1.992150e-02;1.974828e-02;3.988041e-01;1.192121e-01;9.965523e-02;8.362743e-02;1.174484e-02;6.720024e-02
3.033457e-02;1.926956e-02;6.662090e-02;2.225210e-02;3.563148e-02;3.206487e-02;5.320240e-01;8.326726e-02;6.006504e-02;6.517930e-02;1.064165e-02;4.264928e-02
1.775821e-02;3.922812e-02;3.800739e-02;3.981913e-02;4.684673e-02;5.155624e-02;5.601215e-01;5.460610e-02;8.511917e-02;3.255417e-02;8.901654e-03;2.548155e-02
1.372960e-02;4.539744e-02;5.017275e-02;5.254155e-02;4.552699e-02;6.749573e-02;4.779036e-01;4.591828e-02;1.069589e-01;6.346311e-02;1.417086e-02;1.672120e-02
2.275157e-02;2.345334e-02;4.738559e-02;5.918972e-02;6.782228e-02;6.793922e-02;4.171641e-01;7.518937e-02;1.025913e-01;9.811891e-02;8.624269e-03;9.770344e-03
2.028702e-02;1.295164e-02;4.278366e-02;7.180904e-02;1.185220e-01;7.149381e-02;3.445354e-01;6.692576e-02;8.921268e-02;1.450225e-01;6.923188e-03;9.533228e-03
1.722181e-02;1.609482e-02;3.579804e-02;6.652483e-02;1.255652e-01;7.283554e-02;3.049102e-01;9.498608e-02;4.821581e-02;1.944974e-01;8.740147e-03;1.461019e-02
2.203437e-02;1.332489e-02;4.100643e-02;7.012521e-02;1.053905e-01;8.134322e-02;3.611818e-01;1.053328e-01;6.866574e-02;1.009423e-01;1.495274e-02;1.570002e-02
1.740676e-02;1.638483e-02;3.247555e-02;8.036654e-02;8.982468e-02;1.064300e-01;3.986284e-01;7.883307e-02;9.055549e-02;6.202309e-02;1.409885e-02;1.297278e-02
2.242800e-02;1.385914e-02;3.647177e-02;6.553713e-02;1.246279e-01;1.242090e-01;4.091538e-01;5.831894e-02;6.217428e-02;4.244205e-02;1.019952e-02;3.057846e-02
2.299768e-02;1.522419e-02;8.169892e-02;4.525914e-02;1.919881e-01;1.410443e-01;3.177125e-01;4.070160e-02;4.115635e-02;2.285775e-02;1.456301e-02;6.479654e-02
1.754990e-02;1.542144e-02;2.256319e-01;7.120872e-02;2.063406e-01;1.021254e-01;1.487830e-01;3.811717e-02;3.651414e-02;2.391710e-02;4.323569e-02;7.115498e-02
1.236640e-02;2.485400e-02;4.234490e-01;9.241712e-02;1.411943e-01;7.074780e-02;3.208298e-02;3.431974e-02;2.922906e-02;4.634589e-02;5.648224e-02;3.651147e-02
2.937396e-02;6.021331e-02;4.391715e-01;5.452327e-02;7.479103e-02;6.641667e-02;8.100202e-02;2.630909e-02;6.489923e-02;5.049408e-02;3.434618e-02;1.845968e-02
1.055803e-01;1.169843e-01;3.501312e-01;2.608346e-02;6.639407e-02;5.754439e-02;6.330315e-02;3.173221e-02;9.360305e-02;3.339982e-02;2.706758e-02;2.817640e-02
2.053070e-01;1.684079e-01;2.718967e-01;1.936829e-02;8.947589e-02;2.256527e-02;3.315566e-02;6.581794e-02;6.412492e-02;1.223534e-02;2.942870e-02;1.821631e-02
2.818547e-01;1.895841e-01;1.812178e-01;1.577587e-02;1.032058e-01;1.544334e-02;3.836041e-02;1.001715e-01;3.461645e-02;5.067077e-03;1.713645e-02;1.756654e-02
3.197435e-01;1.698930e-01;1.156537e-01;1.875887e-02;1.149514e-01;2.631764e-02;6.665934e-02;1.129679e-01;1.379827e-02;5.746798e-03;8.412568e-03;2.709705e-02
2.743852e-01;1.186006e-01;5.474921e-02;4.881298e-02;9.849121e-02;4.358050e-02;1.539587e-01;1.154251e-01;1.447817e-02;1.789913e-02;8.202354e-03;5.141684e-02
1.565750e-01;6.811671e-02;2.451991e-02;8.606657e-02;5.095602e-02;4.428705e-02;3.020097e-01;1.276363e-01;1.502559e-02;2.904534e-02;1.120620e-02;8.455559e-02
4.327868e-02;4.473198e-02;2.996899e-02;9.491067e-02;2.330940e-02;4.924753e-02;4.463068e-01;9.863353e-02;1.684719e-02;3.042908e-02;1.981531e-02;1.025208e-01
5.591500e-02;3.802795e-02;2.243921e-02;6.158936e-02;2.622650e-02;6.243747e-02;5.074532e-01;7.204644e-02;1.835515e-02;1.577220e-02;2.367363e-02;9.606387e-02
2.874984e-02;2.995645e-02;2.085866e-02;4.300042e-02;2.274314e-02;7.264670e-02;5.690294e-01;6.033348e-02;2.354207e-02;1.357031e-02;2.465536e-02;9.091419e-02
3.686685e-02;2.609611e-02;1.542588e-02;5.373127e-02;1.646625e-02;7.740863e-02;5.940773e-01;2.731076e-02;2.432922e-02;1.221196e-02;2.777935e-02;8.829644e-02
1.601392e-02;2.534262e-02;1.053960e-02;7.915223e-02;1.029117e-02;7.056590e-02;6.073364e-01;3.578028e-02;1.801229e-02;1.702680e-02;2.452994e-02;8.540886e-02
2.149937e-02;2.398238e-02;1.542392e-02;1.102668e-01;5.320800e-03;5.075362e-02;5.907434e-01;4.882648e-02;7.597800e-03;2.650627e-02;1.803700e-02;8.104221e-02
3.579548e-02;1.725168e-02;6.689266e-03;1.392370e-01;4.623523e-03;3.855241e-02;5.629166e-01;6.542357e-02;6.992739e-03;3.550190e-02;1.343270e-02;7.358314e-02
5.737027e-02;1.511778e-02;1.504109e-02;1.781062e-01;4.077164e-03;3.488313e-02;4.722779e-01;8.649404e-02;4.453913e-03;4.285221e-02;1.503760e-02;7.428864e-02
1.046925e-01;1.424515e-02;3.334032e-02;2.135906e-01;1.122229e-02;2.782102e-02;3.214886e-01;1.117165e-01;4.112946e-03;4.297773e-02;1.817230e-02;9.661987e-02
1.522150e-01;1.275537e-02;7.923286e-02;1.756457e-01;1.374102e-02;2.689561e-02;2.383152e-01;1.244408e-01;8.238614e-03;3.850378e-02;2.112813e-02;1.088879e-01
1.816301e-01;2.207272e-02;7.838215e-02;8.115568e-02;1.226159e-02;3.574965e-02;2.703585e-01;1.128711e-01;1.054467e-02;4.051410e-02;2.557791e-02;1.288818e-01
1.807444e-01;2.891809e-02;6.719728e-02;5.614324e-02;1.238025e-02;3.574220e-02;2.763831e-01;7.539047e-02;1.246484e-02;4.993525e-02;2.951220e-02;1.751886e-01
1.792262e-01;2.310687e-02;6.483323e-02;6.192539e-02;1.167791e-02;2.497042e-02;2.528788e-01;5.724129e-02;1.089510e-02;6.135960e-02;4.994005e-02;2.019451e-01
1.526730e-01;1.642796e-02;6.525765e-02;6.157008e-02;8.003824e-03;2.285456e-02;2.326590e-01;8.409604e-02;2.205090e-02;6.083737e-02;7.384157e-02;1.997281e-01
1.297899e-01;2.231053e-02;8.477999e-02;6.572346e-02;1.002659e-02;2.539087e-02;2.163859e-01;1.028938e-01;2.549141e-02;5.497622e-02;8.374044e-02;1.784909e-01
1.043511e-01;2.954674e-02;1.327620e-01;7.515837e-02;2.226945e-02;2.800782e-02;2.083150e-01;8.344232e-02;1.657699e-02;5.793446e-02;8.863579e-02;1.529999e-01
9.635987e-02;3.409222e-02;1.290870e-01;7.389726e-02;2.451227e-02;3.877861e-02;2.323305e-01;3.816802e-02;2.392893e-02;7.169132e-02;8.557168e-02;1.515823e-01
1.345854e-01;3.760250e-02;4.299089e-02;6.797002e-02;2.961956e-02;3.571537e-02;2.890511e-01;4.863421e-02;3.086943e-02;5.052208e-02;8.564129e-02;1.467982e-01
1.048876e-01;4.012315e-02;5.293777e-02;8.158807e-02;3.964746e-02;4.173620e-02;3.017884e-01;5.891589e-02;3.840391e-02;3.429430e-02;8.628546e-02;1.193918e-01
1.018548e-01;3.903922e-02;9.057059e-02;1.046386e-01;3.140461e-02;5.421957e-02;2.778914e-01;4.309136e-02;3.526352e-02;2.474913e-02;9.674402e-02;1.005331e-01
9.670363e-02;6.154590e-02;1.386565e-01;1.133145e-01;3.743726e-02;5.770270e-02;2.350863e-01;2.025623e-02;2.523444e-02;4.059669e-02;7.264925e-02;1.008166e-01
7.383350e-02;6.489552e-02;1.655211e-01;1.042411e-01;6.105423e-02;5.568684e-02;1.984558e-01;4.097239e-02;1.892667e-02;4.343411e-02;5.585818e-02;1.171207e-01
8.180436e-02;3.085601e-02;7.968430e-02;1.227241e-01;8.085508e-02;4.806370e-02;2.022143e-01;5.566823e-02;4.398834e-02;5.111469e-02;6.967733e-02;1.333495e-01
8.382089e-02;3.837056e-02;1.472452e-01;1.299139e-01;9.084398e-02;5.835700e-02;1.719843e-01;5.493233e-02;3.713211e-02;5.184986e-02;6.365768e-02;7.189226e-02
1.156903e-01;4.749064e-02;1.079600e-01;9.812690e-02;8.105975e-02;7.647062e-02;1.979671e-01;5.328524e-02;2.811631e-02;5.308593e-02;6.233055e-02;7.841671e-02
8.283883e-02;4.822719e-02;1.766922e-01;5.492013e-02;6.543137e-02;5.916907e-02;1.964736e-01;6.166050e-02;4.649039e-02;4.911974e-02;6.458947e-02;9.438747e-02
4.933926e-02;6.120352e-02;1.428058e-01;5.359925e-02;9.283245e-02;5.349761e-02;2.029921e-01;8.016004e-02;4.690416e-02;7.137679e-02;5.447056e-02;9.081845e-02
