1.379107e-01;1.186824e-01;7.891951e-02;4.284349e-02;6.378061e-02;3.882507e-02;1.096593e-01;3.540517e-02;9.378585e-02;1.392810e-01;7.360227e-02;6.730457e-02
1.044501e-01;1.024727e-01;6.784327e-02;7.449334e-02;9.477407e-02;5.455915e-02;6.990651e-02;5.493854e-02;1.282023e-01;9.078491e-02;8.902378e-02;6.855135e-02
1.243412e-01;1.111372e-01;8.949650e-02;6.873339e-02;1.038886e-01;5.089145e-02;6.366763e-02;7.511441e-02;1.115492e-01;5.809869e-02;6.929676e-02;7.378496e-02
1.138694e-01;1.216729e-01;1.067031e-01;7.262557e-02;7.026590e-02;5.852127e-02;1.157944e-01;6.249690e-02;7.994487e-02;8.887725e-02;3.649779e-02;7.273060e-02
9.443578e-02;1.182634e-01;1.177875e-01;6.977621e-02;4.271718e-02;3.869124e-02;1.092289e-01;8.956535e-02;6.321876e-02;1.226042e-01;3.524468e-02;9.846676e-02
9.199402e-02;9.045752e-02;1.643373e-01;4.822279e-02;5.493658e-02;4.337702e-02;1.179291e-01;6.462631e-02;7.658705e-02;1.060842e-01;8.006082e-02;6.138731e-02
1.169461e-01;6.225773e-02;1.782830e-01;7.422670e-02;4.148769e-02;2.746337e-02;1.234143e-01;4.964457e-02;1.059565e-01;1.033198e-01;6.853462e-02;4.846565e-02
1.315041e-01;3.957776e-02;1.770907e-01;1.194415e-01;3.540337e-02;1.457499e-02;1.133780e-01;4.574947e-02;1.498609e-01;9.745308e-02;4.856620e-02;2.739976e-02
1.330004e-01;1.196415e-02;1.704217e-01;1.813502e-01;3.303615e-02;9.963688e-03;1.027624e-01;5.831906e-02;1.838450e-01;7.445199e-02;2.525697e-02;1.562823e-02
1.257783e-01;7.665059e-03;1.379123e-01;2.346376e-01;3.655818e-02;8.613199e-03;1.047618e-01;5.806724e-02;1.904135e-01;6.356651e-02;2.278619e-02;9.239990e-03
1.119329e-01;9.431457e-03;9.350737e-02;2.534903e-01;3.639015e-02;1.086211e-02;1.185371e-01;7.135567e-02;1.911769e-01;6.680796e-02;2.888077e-02;7.627311e-03
9.641311e-02;1.031192e-02;8.674575e-02;2.510566e-01;3.197797e-02;2.190432e-02;1.306605e-01;8.328629e-02;1.874916e-01;6.173765e-02;2.746351e-02;1.095064e-02
6.922924e-02;2.728909e-02;1.574439e-01;1.815465e-01;3.622690e-02;3.854578e-02;1.604114e-01;8.927604e-02;1.338251e-01;4.592611e-02;3.357160e-02;2.670829e-02
5.277248e-02;5.872007e-02;1.978006e-01;9.182183e-02;6.384625e-02;4.111725e-02;2.072255e-01;8.487467e-02;7.624438e-02;3.818560e-02;5.782012e-02;2.957129e-02
4.596420e-02;9.615736e-02;1.628705e-01;5.986594e-02;9.453582e-02;4.581607e-02;2.424587e-01;6.317177e-02;3.883033e-02;4.274935e-02;8.697620e-02;2.060379e-02
4.950336e-02;1.267894e-01;7.665034e-02;6.838018e-02;9.842034e-02;4.516308e-02;2.684471e-01;6.719488e-02;4.345661e-02;4.119334e-02;1.034273e-01;1.137409e-02
6.266579e-02;1.471371e-01;3.901944e-02;5.895730e-02;6.498426e-02;3.239691e-02;3.134919e-01;7.074101e-02;4.820659e-02;3.894018e-02;1.061327e-01;1.732678e-02
6.941828e-02;1.435475e-01;4.467563e-02;3.871292e-02;5.262778e-02;3.401462e-02;3.191215e-01;6.945192e-02;5.415921e-02;5.488576e-02;9.193616e-02;2.744869e-02
4.599082e-02;1.515317e-01;5.123905e-02;3.978735e-02;1.000273e-01;3.807587e-02;2.969056e-01;5.254649e-02;6.415822e-02;4.150318e-02;9.157371e-02;2.666069e-02
1.408738e-02;1.207307e-01;1.500854e-01;3.476885e-02;1.059492e-01;3.122713e-02;2.197036e-01;8.019111e-02;8.649287e-02;4.651290e-02;9.029210e-02;1.995871e-02
1.506336e-02;6.258915e-02;2.273196e-01;7.111812e-02;5.739887e-02;4.879272e-02;1.604455e-01;1.167684e-01;1.106317e-01;5.750756e-02;5.128643e-02;2.107868e-02
2.968704e-02;2.782976e-02;1.590613e-01;1.665919e-01;4.052904e-02;4.713485e-02;9.483619e-02;8.688647e-02;1.661423e-01;1.206464e-01;4.884884e-02;1.180586e-02
4.126075e-02;3.566374e-02;5.225706e-02;1.909312e-01;1.117674e-01;3.846207e-02;3.535848e-02;4.904928e-02;1.676102e-01;2.141487e-01;5.241978e-02;1.107127e-02
2.826305e-02;6.188248e-02;1.536167e-02;1.217770e-01;1.555481e-01;3.918517e-02;2.678459e-02;4.722926e-02;1.352360e-01;2.938063e-01;6.353486e-02;1.139153e-02
1.367227e-02;1.008818e-01;1.940081e-02;4.562140e-02;1.527907e-01;5.570070e-02;1.986485e-02;8.899576e-02;9.140859e-02;3.228375e-01;7.826855e-02;1.055711e-02
1.468008e-02;1.572065e-01;1.774222e-02;2.440480e-02;1.360596e-01;7.227916e-02;2.076657e-02;1.267757e-01;5.351109e-02;2.855604e-01;8.323676e-02;7.777179e-03
5.350206e-03;1.980640e-01;1.565975e-02;2.992324e-02;1.270342e-01;6.906412e-02;2.607603e-02;1.366694e-01;3.741635e-02;2.559088e-01;9.026756e-02;8.566340e-03
2.259612e-02;1.981415e-01;2.983054e-02;3.679034e-02;1.195295e-01;5.090747e-02;2.588554e-02;1.082225e-01;6.992864e-02;2.636606e-01;6.434339e-02;1.016388e-02
5.808682e-02;1.709956e-01;4.562318e-02;5.775339e-02;1.058850e-01;3.726398e-02;5.023080e-02;8.082682e-02;9.535135e-02;2.608925e-01;2.894625e-02;8.144382e-03
7.769917e-02;1.411888e-01;6.961356e-02;8.019813e-02;7.235707e-02;4.098637e-02;9.023666e-02;7.566276e-02;7.385398e-02;2.406083e-01;2.390466e-02;1.369065e-02
7.571119e-02;1.515579e-01;8.583008e-02;6.527290e-02;6.250266e-02;4.646153e-02;9.521649e-02;6.542296e-02;4.436530e-02;2.448505e-01;4.825843e-02;1.454999e-02
3.699642e-02;1.876595e-01;6.183361e-02;5.312448e-02;8.073232e-02;4.757060e-02;4.575996e-02;5.987127e-02;7.674699e-02;2.886069e-01;5.122518e-02;9.872679e-03
1.589277e-02;1.642114e-01;3.797558e-02;5.565886e-02;1.042111e-01;5.119543e-02;4.781924e-02;3.652339e-02;8.158958e-02;3.135713e-01;7.759548e-02;1.375597e-02
2.337089e-02;1.724079e-01;4.482685e-02;5.617102e-02;9.886842e-02;4.318490e-02;3.844498e-02;4.609233e-02;5.604640e-02;3.274528e-01;8.073125e-02;1.240219e-02
3.341548e-02;1.979491e-01;4.836087e-02;5.092561e-02;9.374885e-02;3.183311e-02;2.680326e-02;6.916105e-02;4.471079e-02;3.234473e-01;6.138280e-02;1.826176e-02
2.424963e-02;1.894861e-01;4.654525e-02;6.099575e-02;1.117524e-01;3.657500e-02;2.927317e-02;8.023606e-02;3.538070e-02;3.306019e-01;4.243837e-02;1.246570e-02
1.572130e-02;1.565997e-01;6.031566e-02;7.462737e-02;7.792372e-02;6.221520e-02;4.905180e-02;7.544018e-02;6.737189e-02;2.731462e-01;6.818654e-02;1.940050e-02
3.920479e-02;9.294281e-02;1.046475e-01;6.047382e-02;5.832846e-02;7.882673e-02;1.182406e-01;9.533228e-02;8.907418e-02;1.275054e-01;9.156534e-02;4.385819e-02
6.624141e-02;6.903263e-02;1.407999e-01;5.550593e-02;8.087520e-02;6.214914e-02;1.450031e-01;7.501737e-02;8.615078e-02;9.134903e-02;7.956048e-02;4.831505e-02
6.688850e-02;8.391013e-02;1.204650e-01;4.971056e-02;1.362360e-01;5.152238e-02;9.532104e-02;4.331320e-02;6.494237e-02;1.501767e-01;5.745976e-02;8.005440e-02
4.781790e-02;1.021184e-01;6.125566e-02;2.765656e-02;1.798865e-01;4.307465e-02;5.014067e-02;2.960036e-02;5.920695e-02;2.324464e-01;6.890880e-02;9.788722e-02
3.206194e-02;1.304226e-01;2.264773e-02;2.699703e-02;1.940657e-01;5.637759e-02;4.647904e-02;1.955715e-02;4.987024e-02;2.578958e-01;6.064470e-02;1.029805e-01
1.833594e-02;1.306617e-01;1.640986e-02;4.643773e-02;1.949600e-01;7.969479e-02;5.373634e-02;1.856722e-02;5.432975e-02;2.424126e-01;3.479613e-02;1.096580e-01
1.650992e-02;9.735514e-02;3.376617e-02;6.981462e-02;1.926873e-01;1.202017e-01;3.651885e-02;1.567709e-02;5.967763e-02;2.365500e-01;2.051858e-02;1.007230e-01
2.492146e-02;4.442202e-02;5.315099e-02;1.053178e-01;1.898524e-01;1.723899e-01;3.594028e-02;1.268546e-02;6.329813e-02;2.080152e-01;2.530676e-02;6.469957e-02
3.138383e-02;1.812696e-02;6.356928e-02;1.351543e-01;1.892808e-01;2.008806e-01;5.149484e-02;1.007203e-02;7.899292e-02;1.566248e-01;2.516641e-02;3.925330e-02
4.930227e-02;1.012247e-02;1.081424e-01;1.515131e-01;1.404254e-01;1.501093e-01;1.161501e-01;1.778273e-02;9.416699e-02;1.050895e-01;2.787175e-02;2.932412e-02
6.164021e-02;1.631491e-02;1.544278e-01;1.396653e-01;9.072234e-02;8.462445e-02;1.673548e-01;3.402537e-02;1.145920e-01;7.535766e-02;4.453332e-02;1.674173e-02
5.074253e-02;3.035832e-02;2.077661e-01;9.743789e-02;5.723252e-02;4.420659e-02;1.724202e-01;6.004270e-02;1.085470e-01;7.710116e-02;5.194491e-02;4.220010e-02
2.861457e-02;3.334535e-02;2.105427e-01;4.032220e-02;5.269774e-02;6.157055e-02;1.505788e-01;9.608834e-02;1.100031e-01;9.509173e-02;6.229227e-02;5.885265e-02
2.782327e-02;2.918317e-02;1.041569e-01;1.024046e-01;8.364226e-02;7.465478e-02;1.219476e-01;7.564974e-02;1.627233e-01;8.631156e-02;8.305871e-02;4.844418e-02
3.066720e-02;2.008463e-02;3.825303e-02;1.239391e-01;8.124558e-02;5.364597e-02;7.047061e-02;4.888711e-02;2.892574e-01;9.269217e-02;1.276234e-01;2.323375e-02
3.849959e-02;8.867620e-03;2.034987e-02;1.101448e-01;4.222596e-02;2.166512e-02;5.703349e-02;4.383879e-02;3.779314e-01;1.303037e-01;1.445142e-01;4.625504e-03
7.475877e-02;1.084315e-02;1.157485e-02;9.521268e-02;1.370159e-02;8.320943e-03;5.904396e-02;5.023205e-02;4.066661e-01;1.297103e-01;1.304946e-01;9.441004e-03
1.403339e-01;1.023000e-02;9.000489e-03;9.136920e-02;7.156475e-03;4.724188e-03;5.964560e-02;5.189713e-02;4.225267e-01;7.501179e-02;1.114103e-01;1.669431e-02
2.045557e-01;1.492947e-02;1.612623e-02;8.746494e-02;9.593992e-03;6.013179e-03;8.909264e-02;4.348182e-02;4.110324e-01;3.261169e-02;7.525949e-02;9.838446e-03
2.359064e-01;1.642627e-02;2.259774e-02;7.487956e-02;1.451997e-02;8.992778e-03;1.225933e-01;3.229547e-02;3.762543e-01;5.143430e-02;3.709190e-02;7.008020e-03
2.371134e-01;2.242403e-02;2.773303e-02;6.156280e-02;1.901480e-02;1.710608e-02;1.331376e-01;2.574094e-02;3.436826e-01;7.344092e-02;3.624275e-02;2.801048e-03
2.031117e-01;4.788607e-02;3.480507e-02;4.374585e-02;2.789696e-02;3.409069e-02;1.169938e-01;2.683651e-02;2.903766e-01;1.269163e-01;3.865674e-02;8.683723e-03
2.129236e-01;6.783379e-02;2.945580e-02;2.654615e-02;3.261339e-02;4.760236e-02;1.115444e-01;1.565393e-02;2.536805e-01;1.625102e-01;3.237730e-02;7.258639e-03
2.322158e-01;7.193540e-02;2.424815e-02;2.584894e-02;4.274313e-02;5.457205e-02;9.377412e-02;6.591208e-03;2.282289e-01;1.854767e-01;2.695523e-02;7.410331e-03
1.935202e-01;7.478513e-02;1.982908e-02;2.179215e-02;5.596515e-02;5.752493e-02;6.703585e-02;1.038031e-02;2.013807e-01;2.552610e-01;2.776808e-02;1.475739e-02
1.434269e-01;8.057825e-02;1.761841e-02;2.015900e-02;6.662116e-02;5.494389e-02;4.069869e-02;1.678822e-02;1.664378e-01;3.229632e-01;3.303670e-02;3.672791e-02
8.488546e-02;7.780643e-02;1.503386e-02;2.584559e-02;7.628904e-02;4.383779e-02;2.866353e-02;2.455820e-02;1.542141e-01;3.608085e-01;4.108685e-02;6.697058e-02
3.455033e-02;6.556109e-02;8.814817e-03;2.377030e-02;7.732315e-02;3.271661e-02;2.340884e-02;2.158363e-02;2.382799e-01;3.643576e-01;3.073266e-02;7.890102e-02
1.735744e-02;5.360099e-02;9.838817e-03;2.561960e-02;7.374197e-02;2.134412e-02;1.878024e-02;2.348883e-02;3.039514e-01;3.532481e-01;1.854712e-02;8.048137e-02
2.717687e-02;6.154963e-02;2.969029e-02;4.481782e-02;7.975905e-02;1.229989e-02;2.381587e-02;3.458621e-02;2.496998e-01;3.429772e-01;1.553063e-02;7.809684e-02
4.662954e-02;7.613544e-02;8.628955e-02;6.782120e-02;8.450019e-02;1.611394e-02;4.478003e-02;3.802729e-02;1.246968e-01;3.118343e-01;3.991297e-02;6.325874e-02
6.786609e-02;7.491319e-02;1.298393e-01;7.989240e-02;6.863104e-02;3.097468e-02;7.152531e-02;3.568693e-02;6.132915e-02;2.807342e-01;5.324742e-02;4.536031e-02
7.361615e-02;6.546193e-02;1.055765e-01;7.650754e-02;4.007383e-02;4.487685e-02;7.636720e-02;3.966840e-02;1.176742e-01;2.520187e-01;6.519008e-02;4.296855e-02
3.741266e-02;4.799586e-02;3.603115e-02;5.690179e-02;7.461248e-02;6.323811e-02;7.472458e-02;8.833412e-02;1.630443e-01;1.684538e-01;1.284531e-01;6.079811e-02
3.242608e-02;2.826397e-02;4.119945e-02;4.794813e-02;8.790912e-02;8.004578e-02;1.152283e-01;7.832951e-02;1.658586e-01;1.558875e-01;1.223910e-01;4.451261e-02
2.620090e-02;2.206108e-02;2.711186e-02;3.959090e-02;1.190405e-01;8.977393e-02;9.256762e-02;4.379070e-02;1.146614e-01;3.032703e-01;8.628979e-02;3.564111e-02
1.764041e-02;4.306509e-02;1.577769e-02;3.281205e-02;1.640551e-01;6.295431e-02;4.574510e-02;3.296049e-02;6.188939e-02;4.297024e-01;5.467361e-02;3.872442e-02
1.956267e-02;4.810638e-02;8.267609e-03;3.138554e-02;1.726570e-01;3.176695e-02;3.451810e-02;2.235247e-02;7.052124e-02;4.491220e-01;6.189529e-02;4.984481e-02
1.920883e-02;5.007388e-02;1.099999e-02;2.563507e-02;1.541917e-01;3.845037e-02;3.316825e-02;3.779733e-02;9.022373e-02;4.239927e-01;6.607229e-02;5.018589e-02
1.795565e-02;6.501440e-02;1.185878e-02;1.533836e-02;1.548025e-01;2.811769e-02;1.874434e-02;6.510918e-02;7.925767e-02;4.385214e-01;6.680922e-02;3.847083e-02
2.638722e-02;7.027370e-02;2.455773e-02;2.700973e-02;1.455169e-01;2.428098e-02;3.969581e-02;8.061627e-02;5.615700e-02;4.194269e-01;5.752025e-02;2.855752e-02
4.563628e-02;5.005251e-02;6.103931e-02;7.546205e-02;1.039493e-01;3.862627e-02;8.268727e-02;7.005504e-02;1.036131e-01;3.038078e-01;4.610830e-02;1.896280e-02
5.307701e-02;2.812240e-02;1.004506e-01;1.168674e-01;6.237077e-02;3.986906e-02;1.066577e-01;9.348755e-02;1.576781e-01;1.944894e-01;2.134063e-02;2.558932e-02
4.377109e-02;2.304027e-02;1.980207e-01;1.100294e-01;4.807469e-02;4.747574e-02;1.033640e-01;1.170444e-01;1.159485e-01;1.221908e-01;1.397514e-02;5.706533e-02
3.144126e-02;3.846132e-02;2.816581e-01;5.477625e-02;3.839900e-02;4.787173e-02;1.539057e-01;1.297539e-01;4.773600e-02;7.823254e-02;1.679346e-02;8.097074e-02
2.587116e-02;2.649936e-02;3.035517e-01;2.582221e-02;3.130519e-02;5.896816e-02;1.761969e-01;1.083622e-01;5.057206e-02;6.673303e-02;3.405143e-02;9.206664e-02
3.020320e-02;2.033197e-02;3.065901e-01;5.758186e-02;2.883137e-02;7.087022e-02;1.396007e-01;8.371529e-02;5.933091e-02;8.177956e-02;3.002329e-02;9.114157e-02
2.456279e-02;1.504350e-02;2.983645e-01;8.616124e-02;2.556189e-02;7.045279e-02;1.294662e-01;7.950953e-02;9.331510e-02;8.278134e-02;2.250290e-02;7.227825e-02
4.088305e-02;1.352755e-02;2.654300e-01;1.414608e-01;3.438626e-02;4.809418e-02;1.000065e-01;5.491292e-02;1.381850e-01;8.779094e-02;2.890266e-02;4.642010e-02
6.487391e-02;8.676212e-03;1.753849e-01;1.839080e-01;3.566659e-02;2.185636e-02;1.035384e-01;4.597946e-02;1.997552e-01;1.037967e-01;3.941023e-02;1.715388e-02
7.965086e-02;1.007500e-02;9.993967e-02;1.935331e-01;3.461355e-02;1.848310e-02;1.121285e-01;4.350503e-02;2.415421e-01;1.098879e-01;4.287291e-02;1.376827e-02
9.754594e-02;9.636652e-03;4.281093e-02;1.939826e-01;4.017868e-02;1.799957e-02;1.099538e-01;3.705594e-02;2.795002e-01;1.099931e-01;4.757094e-02;1.377184e-02
9.643538e-02;1.118298e-02;3.204392e-02;1.686635e-01;4.413775e-02;1.789654e-02;1.315092e-01;4.449340e-02;2.709493e-01;1.276591e-01;4.344338e-02;1.158557e-02
8.528930e-02;1.670143e-02;3.333580e-02;1.633082e-01;5.325679e-02;3.632723e-02;1.215477e-01;4.068949e-02;2.569116e-01;1.350964e-01;4.935199e-02;8.184067e-03
6.810523e-02;1.453548e-02;3.455125e-02;1.430872e-01;6.960046e-02;6.479611e-02;1.250961e-01;4.247952e-02;2.338060e-01;1.525495e-01;4.048613e-02;1.090698e-02
5.353568e-02;1.024439e-02;5.776670e-02;1.336242e-01;8.415195e-02;7.462523e-02;1.524350e-01;3.687373e-02;2.160657e-01;1.348740e-01;3.848321e-02;7.320175e-03
5.535174e-02;9.654186e-03;5.844735e-02;1.511707e-01;9.026042e-02;7.240873e-02;1.668194e-01;2.920945e-02;2.106182e-01;1.004729e-01;4.040810e-02;1.517872e-02
5.409931e-02;7.862172e-03;5.725553e-02;1.788063e-01;6.821671e-02;4.551944e-02;1.414896e-01;4.700675e-02;2.252249e-01;7.059398e-02;8.948878e-02;1.443649e-02
4.154316e-02;1.246400e-02;1.027480e-01;1.846978e-01;7.569911e-02;2.837560e-02;9.187447e-02;5.923907e-02;2.056462e-01;6.550817e-02;1.225594e-01;9.644934e-03
2.236907e-02;3.095759e-02;1.826065e-01;1.388386e-01;8.923683e-02;6.991737e-02;8.487055e-02;6.654613e-02;1.258909e-01;6.924526e-02;9.413367e-02;2.538754e-02
2.015727e-02;5.666782e-02;2.424373e-01;7.089222e-02;6.765945e-02;1.000221e-01;1.358491e-01;8.014517e-02;5.377978e-02;8.426292e-02;4.789256e-02;4.023434e-02
5.287224e-02;9.098145e-02;2.063545e-01;5.716344e-02;5.876925e-02;8.378542e-02;1.589711e-01;6.890427e-02;4.931834e-02;8.461416e-02;4.950652e-02;3.875935e-02
1.022951e-01;1.092121e-01;1.178398e-01;6.164961e-02;5.914268e-02;8.648238e-02;1.544272e-01;4.901161e-02;6.163559e-02;7.818773e-02;9.579629e-02;2.431991e-02
1.342731e-01;6.025020e-02;5.343077e-02;1.063542e-01;5.175762e-02;9.705274e-02;1.689908e-01;4.095754e-02;6.658816e-02;7.171599e-02;1.280865e-01;2.054240e-02
1.405506e-01;2.027073e-02;1.132921e-01;1.015071e-01;6.603742e-02;9.171107e-02;1.253937e-01;2.896673e-02;7.207365e-02;9.000484e-02;1.204416e-01;2.975034e-02
1.773097e-01;7.262670e-02;1.068379e-01;7.458206e-02;7.096700e-02;8.253790e-02;9.435362e-02;4.679963e-02;5.903336e-02;9.666505e-02;8.682727e-02;3.145978e-02
1.217959e-01;1.372428e-01;6.025739e-02;5.728874e-02;8.072452e-02;6.524798e-02;1.911304e-01;3.919721e-02;4.733738e-02;7.147334e-02;1.082333e-01;2.007102e-02
5.870108e-02;1.406826e-01;1.197675e-01;3.577830e-02;9.841349e-02;5.230057e-02;2.196109e-01;4.171696e-02;4.632557e-02;4.235751e-02;1.217318e-01;2.261384e-02
1.765382e-02;8.926954e-02;2.743174e-01;3.904118e-02;6.891849e-02;5.571914e-02;1.564303e-01;8.558018e-02;3.911957e-02;2.286791e-02;8.863087e-02;6.245166e-02
2.385700e-02;4.802806e-02;2.953279e-01;1.165530e-01;4.580329e-02;6.163337e-02;9.015541e-02;9.256563e-02;9.143771e-02;2.657451e-02;4.413318e-02;6.393086e-02
3.660186e-02;2.776716e-02;1.976065e-01;2.044253e-01;9.537987e-02;5.711561e-02;6.214866e-02;7.230661e-02;1.409542e-01;5.479331e-02;1.631884e-02;3.458207e-02
3.763864e-02;3.529330e-02;7.716583e-02;1.972317e-01;1.926130e-01;5.317840e-02;6.019509e-02;6.145329e-02;1.317087e-01;1.194971e-01;2.060037e-02;1.342458e-02
2.429729e-02;6.477787e-02;3.404113e-02;1.049240e-01;2.426651e-01;8.799621e-02;4.446623e-02;8.023218e-02;7.789805e-02;1.829399e-01;4.510750e-02;1.065454e-02
1.076774e-02;7.688513e-02;3.679337e-02;4.050674e-02;1.987304e-01;1.611254e-01;4.225624e-02;9.716370e-02;2.668437e-02;1.813824e-01;1.135801e-01;1.412446e-02
1.364869e-02;4.168367e-02;6.728902e-02;3.049532e-02;1.195358e-01;2.825028e-01;4.687643e-02;5.484139e-02;2.976540e-02;1.018584e-01;1.988610e-01;1.264201e-02
1.338342e-02;9.794190e-03;1.100181e-01;1.717884e-02;6.231319e-02;3.534660e-01;5.241337e-02;1.560615e-02;4.963705e-02;3.436442e-02;2.662575e-01;1.556771e-02
1.065153e-02;4.322550e-03;1.248552e-01;9.135813e-03;3.671656e-02;3.206753e-01;7.763315e-02;8.620161e-03;7.889065e-02;2.823051e-02;2.729883e-01;2.728023e-02
1.272755e-02;7.367754e-03;1.300446e-01;1.671291e-02;3.287325e-02;2.553142e-01;1.090740e-01;6.071247e-03;1.027601e-01;2.850710e-02;2.445139e-01;5.403329e-02
1.284514e-02;7.424984e-03;1.383692e-01;2.283812e-02;4.742589e-02;2.440235e-01;1.281430e-01;8.370747e-03;1.032885e-01;3.092146e-02;1.885392e-01;6.781017e-02
2.445982e-02;6.394015e-03;1.565405e-01;1.360219e-02;5.913115e-02;2.691569e-01;1.294817e-01;1.419625e-02;8.198716e-02;4.076459e-02;1.408230e-01;6.346270e-02
4.224541e-02;2.241444e-02;1.639932e-01;1.559907e-02;6.446853e-02;2.801200e-01;1.091357e-01;1.532190e-02;5.696732e-02;5.259105e-02;1.306104e-01;4.653286e-02
5.678948e-02;2.701747e-02;1.481273e-01;2.076983e-02;5.137962e-02;2.668418e-01;8.905830e-02;1.788373e-02;5.715490e-02;8.463101e-02;1.494211e-01;3.092550e-02
3.500445e-02;1.919219e-02;8.645879e-02;3.356772e-02;6.037933e-02;2.333623e-01;7.068061e-02;2.827352e-02;8.642724e-02;1.005153e-01;2.082343e-01;3.790426e-02
2.380606e-02;1.751461e-02;6.032769e-02;3.214600e-02;5.166692e-02;2.259876e-01;7.254509e-02;2.820979e-02;8.733538e-02;9.345496e-02;2.583082e-01;4.869761e-02
2.341734e-02;2.700386e-02;8.005581e-02;2.338750e-02;4.606393e-02;2.266041e-01;9.981715e-02;2.276559e-02;6.690207e-02;1.080674e-01;2.311529e-01;4.476231e-02
1.225025e-02;3.410814e-02;1.206100e-01;2.521646e-02;4.670737e-02;2.107758e-01;1.136656e-01;2.465631e-02;5.496771e-02;1.108694e-01;2.147204e-01;3.145253e-02
2.731286e-02;3.482739e-02;1.004338e-01;3.728553e-02;4.643694e-02;1.924190e-01;1.024674e-01;3.281518e-02;8.290137e-02;1.135319e-01;2.027963e-01;2.677228e-02
3.599532e-02;2.319732e-02;8.719028e-02;3.658012e-02;4.800000e-02;1.626786e-01;9.256742e-02;7.851867e-02;1.114360e-01;1.099708e-01;1.780754e-01;3.578997e-02
5.430089e-02;4.476270e-02;9.054592e-02;6.090149e-02;4.097722e-02;1.036207e-01;1.019294e-01;9.398674e-02;9.721150e-02;1.029457e-01;1.597290e-01;4.908877e-02
8.091465e-02;7.057100e-02;1.176485e-01;7.214589e-02;4.403748e-02;8.300339e-02;1.417676e-01;8.685779e-02;8.062828e-02;4.625103e-02;1.114897e-01;6.468468e-02
1.047193e-01;6.472614e-02;1.043045e-01;5.875108e-02;3.624802e-02;7.834068e-02;2.065519e-01;8.901867e-02;5.878530e-02;3.514467e-02;7.184958e-02;9.156008e-02
9.842040e-02;4.395599e-02;8.188470e-02;4.252183e-02;2.924164e-02;1.130929e-01;2.431096e-01;9.554525e-02;4.468906e-02;2.602135e-02;7.484615e-02;1.066712e-01
5.733113e-02;1.531859e-02;9.187775e-02;2.228557e-02;3.830748e-02;2.009987e-01;1.859010e-01;7.594860e-02;5.121906e-02;2.909115e-02;1.488847e-01;8.283634e-02
2.329287e-02;3.103210e-02;9.416430e-02;8.898946e-03;5.286213e-02;2.578903e-01;9.742550e-02;3.650456e-02;5.128063e-02;5.298217e-02;2.616708e-01;3.199568e-02
2.078713e-02;7.499271e-02;5.342295e-02;2.092409e-02;5.283775e-02;2.108544e-01;6.468299e-02;1.673135e-02;2.922209e-02;1.078890e-01;3.253914e-01;2.226426e-02
1.432421e-02;1.226599e-01;1.908822e-02;2.522177e-02;6.708440e-02;1.446987e-01;5.597574e-02;2.852400e-02;1.954401e-02;2.004621e-01;2.859350e-01;1.648190e-02
9.034805e-03;1.488296e-01;2.044545e-02;1.595530e-02;1.043041e-01;1.077292e-01;3.601106e-02;3.107577e-02;2.765388e-02;2.904733e-01;1.985979e-01;9.889677e-03
1.541202e-02;1.411200e-01;2.224561e-02;3.235164e-02;1.495204e-01;6.854933e-02;2.878777e-02;2.727650e-02;6.217165e-02;3.254191e-01;1.067471e-01;2.039889e-02
3.746307e-02;1.137339e-01;2.695923e-02;6.987388e-02;1.527379e-01;5.525160e-02;2.183687e-02;2.829676e-02;1.153154e-01;3.024254e-01;5.669541e-02;1.941048e-02
6.857625e-02;7.601614e-02;4.318351e-02;1.090944e-01;9.890357e-02;4.747523e-02;3.314811e-02;3.052087e-02;1.973266e-01;2.426031e-01;3.823393e-02;1.491821e-02
9.328769e-02;4.303678e-02;6.955452e-02;1.363784e-01;5.274230e-02;2.891801e-02;5.499170e-02;3.143302e-02;2.944681e-01;1.466365e-01;3.855025e-02;1.000268e-02
1.051042e-01;4.160361e-02;7.304113e-02;1.499029e-01;4.429285e-02;2.960985e-02;4.510620e-02;3.978756e-02;3.198558e-01;9.300215e-02;4.408760e-02;1.460621e-02
6.694330e-02;4.474345e-02;1.433116e-01;1.253987e-01;3.005760e-02;3.725016e-02;7.872380e-02;4.498705e-02;2.064004e-01;1.381183e-01;4.909008e-02;3.497556e-02
3.811517e-02;6.808812e-02;1.540370e-01;7.925225e-02;5.234247e-02;4.086943e-02;1.462266e-01;3.877058e-02;9.965051e-02;1.398639e-01;1.024350e-01;4.034899e-02
5.000628e-02;7.914062e-02;1.169831e-01;4.841975e-02;6.497838e-02;5.989111e-02;1.482368e-01;4.853497e-02;6.820732e-02;1.590959e-01;1.265113e-01;2.999450e-02
5.634858e-02;7.945190e-02;1.070173e-01;5.783980e-02;6.168877e-02;6.918611e-02;1.102514e-01;7.820609e-02;8.118079e-02;1.431043e-01;1.171038e-01;3.862121e-02
4.081517e-02;7.990389e-02;5.772937e-02;7.486583e-02;7.011539e-02;4.428049e-02;1.454665e-01;7.844386e-02;7.187266e-02;1.647941e-01;1.131153e-01;5.859747e-02
4.294778e-02;8.176809e-02;4.193458e-02;7.521819e-02;8.367020e-02;5.324029e-02;1.508179e-01;7.440108e-02;9.491072e-02;1.336524e-01;9.975749e-02;6.768125e-02
8.049110e-02;1.065502e-01;7.756755e-02;9.295660e-02;8.147331e-02;4.219271e-02;1.544140e-01;6.749246e-02;9.916133e-02;8.469582e-02;6.672955e-02;4.627536e-02
9.870724e-02;1.054191e-01;1.327100e-01;7.655478e-02;6.509271e-02;3.719074e-02;1.602021e-01;7.620308e-02;8.726400e-02;7.212975e-02;5.774491e-02;3.078160e-02
7.841258e-02;7.372649e-02;1.375167e-01;7.708242e-02;6.084819e-02;4.581394e-02;1.163209e-01;1.173361e-01;1.066274e-01;8.329187e-02;6.675664e-02;3.626692e-02
5.539486e-02;5.777922e-02;7.194891e-02;1.034118e-01;5.669045e-02;3.895498e-02;1.146429e-01;1.487059e-01;1.015196e-01;9.550282e-02;9.196369e-02;6.348497e-02
6.082981e-02;4.646058e-02;8.691165e-02;1.029512e-01;4.619759e-02;3.058162e-02;1.314417e-01;1.469816e-01;7.205018e-02;8.985078e-02;1.077431e-01;7.800019e-02
8.193796e-02;4.263783e-02;1.093973e-01;9.575975e-02;5.885652e-02;2.602443e-02;1.347543e-01;1.464949e-01;6.579848e-02;9.941112e-02;7.110583e-02;6.782161e-02
9.899519e-02;4.122695e-02;9.474608e-02;1.137767e-01;7.819147e-02;3.528728e-02;1.178528e-01;1.196739e-01;7.678484e-02;9.881120e-02;8.505815e-02;3.959549e-02
1.191199e-01;4.224105e-02;1.031679e-01;9.971607e-02;7.534435e-02;5.823646e-02;9.932866e-02;5.726838e-02;1.250660e-01;1.032581e-01;9.542581e-02;2.182722e-02
9.174042e-02;5.838242e-02;9.138486e-02;9.467594e-02;7.836958e-02;8.870190e-02;1.033597e-01;5.832319e-02;9.609106e-02;9.988177e-02;9.584113e-02;4.324801e-02
6.932592e-02;4.785146e-02;8.563305e-02;7.193231e-02;5.582140e-02;1.004966e-01;1.128125e-01;7.689428e-02;1.340311e-01;9.978657e-02;9.354702e-02;5.186779e-02
5.169439e-02;6.242440e-02;1.430027e-01;5.746847e-02;4.294915e-02;8.683274e-02;1.083348e-01;8.259785e-02;1.368672e-01;9.099861e-02;7.816035e-02;5.866930e-02
8.149412e-02;7.446947e-02;2.064376e-01;6.336240e-02;6.844103e-02;5.499425e-02;1.344573e-01;4.645023e-02;9.507522e-02;6.196621e-02;7.089819e-02;4.195387e-02
1.108031e-01;6.435758e-02;1.774180e-01;7.747553e-02;6.440282e-02;3.807453e-02;1.346744e-01;4.508928e-02;9.199186e-02;5.958493e-02;8.636129e-02;4.976668e-02
1.154466e-01;6.599924e-02;1.506545e-01;7.891858e-02;6.895291e-02;5.450007e-02;1.162204e-01;5.765675e-02;1.027418e-01;5.624485e-02;8.586842e-02;4.679592e-02
8.997838e-02;9.502079e-02;1.434287e-01;5.855705e-02;6.270621e-02;1.106585e-01;1.312293e-01;7.528429e-02;8.500637e-02;4.231950e-02;5.357048e-02;5.224037e-02
3.922268e-02;1.078764e-01;1.624392e-01;3.461649e-02;3.186563e-02;1.202994e-01;2.400707e-01;8.359256e-02;5.545078e-02;3.793553e-02;1.761703e-02;6.901358e-02
1.313323e-02;8.962300e-02;1.868116e-01;1.992347e-02;1.250948e-02;7.912636e-02;3.225067e-01;1.054414e-01;4.749343e-02;4.620965e-02;5.265931e-03;7.195569e-02
1.157834e-02;6.423689e-02;2.256052e-01;1.712897e-02;7.653721e-03;3.658519e-02;3.320147e-01;1.317397e-01;4.971900e-02;5.464867e-02;5.739255e-03;6.335034e-02
1.276016e-02;4.899141e-02;2.748998e-01;2.515440e-02;4.856324e-03;2.302353e-02;2.964034e-01;1.458932e-01;5.918013e-02;5.926300e-02;6.542791e-03;4.303185e-02
1.766336e-02;4.961092e-02;3.241044e-01;2.853479e-02;9.098232e-03;1.791596e-02;2.557395e-01;1.523012e-01;5.257267e-02;5.697569e-02;8.366815e-03;2.711653e-02
3.641421e-02;4.985442e-02;3.476480e-01;3.835678e-02;1.233440e-02;1.846853e-02;2.123813e-01;1.449980e-01;4.838578e-02;5.790574e-02;6.053717e-03;2.719918e-02
5.654032e-02;4.199109e-02;3.718633e-01;4.696177e-02;1.264029e-02;1.203117e-02;1.879936e-01;1.351812e-01;4.709534e-02;5.675436e-02;5.088462e-03;2.585899e-02
1.110814e-01;4.753225e-02;3.670063e-01;3.875917e-02;7.880763e-03;1.259028e-02;1.700575e-01;1.190542e-01;3.556909e-02;4.842576e-02;5.833589e-03;3.620971e-02
1.229783e-01;4.861501e-02;3.861179e-01;3.470590e-02;9.462905e-03;9.518279e-03;1.685019e-01;1.105202e-01;2.392553e-02;4.494861e-02;1.541304e-02;2.529242e-02
7.258713e-02;5.691935e-02;4.044447e-01;5.026366e-02;1.938667e-02;1.055099e-02;1.591088e-01;1.001014e-01;2.132297e-02;3.796751e-02;5.411168e-02;1.323506e-02
2.140630e-02;8.490676e-02;3.925579e-01;5.478229e-02;2.556486e-02;1.542344e-02;1.665702e-01;7.637764e-02;2.773952e-02;3.324583e-02;8.485429e-02;1.657094e-02
3.989346e-02;1.242372e-01;3.015233e-01;4.239270e-02;5.368376e-02;2.537467e-02;1.828488e-01;5.383706e-02;7.625303e-02;2.099743e-02;6.399579e-02;1.496277e-02
7.077882e-02;1.724115e-01;1.892987e-01;2.277418e-02;6.432977e-02;5.343704e-02;2.112375e-01;4.509678e-02;1.046809e-01;1.530444e-02;4.120291e-02;9.447467e-03
1.231234e-01;1.920675e-01;1.111132e-01;1.942775e-02;5.341066e-02;8.419082e-02;2.391416e-01;3.314814e-02;7.973325e-02;1.374496e-02;4.169250e-02;9.206145e-03
1.872177e-01;1.510867e-01;7.883620e-02;3.803583e-02;4.632762e-02;1.155635e-01;2.194533e-01;2.533067e-02;4.061024e-02;2.607654e-02;4.589966e-02;2.556208e-02
1.849175e-01;8.248048e-02;1.009644e-01;5.461226e-02;6.925866e-02;1.282309e-01;1.793821e-01;2.211284e-02;4.165548e-02;3.406055e-02;5.607731e-02;4.624745e-02
1.477672e-01;3.182733e-02;1.359316e-01;5.795837e-02;8.236569e-02;9.987432e-02;1.613391e-01;2.939378e-02;8.192179e-02;4.555199e-02;7.513474e-02;5.093409e-02
1.515096e-01;7.587183e-02;1.643031e-01;4.595835e-02;9.832565e-02;7.527135e-02;1.281975e-01;1.829136e-02;9.346586e-02;4.060267e-02;7.829672e-02;2.990596e-02
1.119228e-01;1.243580e-01;2.785073e-01;3.352072e-02;1.003682e-01;5.034447e-02;8.397192e-02;3.044008e-02;8.188915e-02;1.938353e-02;6.692813e-02;1.836568e-02
5.436373e-02;1.090457e-01;3.736978e-01;3.953848e-02;8.567849e-02;2.936388e-02;1.139366e-01;3.588036e-02;6.275240e-02;2.471206e-02;5.044712e-02;2.058327e-02
5.497464e-02;9.281839e-02;3.459997e-01;4.838965e-02;6.728930e-02;5.027489e-02;1.507844e-01;4.396833e-02;5.060035e-02;3.839617e-02;3.908417e-02;1.741995e-02
6.224853e-02;8.863980e-02;2.183110e-01;5.246991e-02;5.174379e-02;4.367890e-02;2.132856e-01;4.846382e-02;9.595095e-02;3.239536e-02;6.242612e-02;3.038616e-02
4.049380e-02;9.270998e-02;1.898716e-01;4.202472e-02;7.125147e-02;4.573784e-02;2.304802e-01;4.713348e-02;9.925549e-02;3.098950e-02;8.018155e-02;2.987040e-02
8.666364e-02;1.039848e-01;2.039749e-01;4.544307e-02;5.773359e-02;5.148248e-02;1.649635e-01;5.034425e-02;7.757846e-02;5.310125e-02;8.069902e-02;2.403101e-02
8.835451e-02;7.739297e-02;1.484603e-01;7.755734e-02;8.063777e-02;5.397801e-02;9.703998e-02;5.466466e-02;8.425773e-02;1.003923e-01;8.275249e-02;5.451195e-02
9.874620e-02;8.811694e-02;1.633415e-01;7.467492e-02;6.498855e-02;4.180015e-02;8.933122e-02;5.977987e-02;9.644445e-02;8.891676e-02;8.142061e-02;5.243883e-02
1.427818e-01;9.167353e-02;1.434353e-01;5.340334e-02;9.586217e-02;4.481312e-02;1.306863e-01;7.531603e-02;7.735271e-02;5.710119e-02;4.900414e-02;3.857030e-02
1.844395e-01;7.939566e-02;1.262121e-01;4.973358e-02;1.342080e-01;6.094357e-02;1.428158e-01;8.658096e-02;4.040215e-02;4.391963e-02;2.231017e-02;2.903897e-02
2.303408e-01;7.441828e-02;1.026123e-01;4.031554e-02;1.323132e-01;4.045409e-02;1.539870e-01;1.004708e-01;2.856687e-02;3.511790e-02;3.151022e-02;2.989305e-02
2.380362e-01;6.912680e-02;9.645198e-02;3.326645e-02;1.040535e-01;3.573572e-02;1.844799e-01;8.132618e-02;4.362749e-02;3.247793e-02;4.350420e-02;3.791371e-02
2.008874e-01;4.271526e-02;8.027649e-02;5.814134e-02;7.738598e-02;6.228008e-02;2.328105e-01;4.273853e-02;4.205720e-02;5.318796e-02;4.024868e-02;6.727052e-02
1.872005e-01;4.159412e-02;6.904233e-02;7.879437e-02;7.791119e-02;5.726263e-02;2.293436e-01;3.667184e-02;4.247148e-02;6.881006e-02;3.149587e-02;7.940198e-02
1.804054e-01;6.917312e-02;9.172694e-02;8.473965e-02;8.562186e-02;5.154415e-02;1.815804e-01;3.747405e-02;4.401036e-02;7.438347e-02;3.543323e-02;6.390743e-02
1.337942e-01;4.991745e-02;1.326751e-01;9.786694e-02;8.857948e-02;5.064906e-02;2.062014e-01;4.713594e-02;2.622224e-02;6.646562e-02;5.164052e-02;4.885203e-02
8.780266e-02;3.303542e-02;1.132519e-01;9.680656e-02;8.286589e-02;7.744871e-02;2.463315e-01;5.022062e-02;3.884395e-02;5.665116e-02;7.012989e-02;4.661177e-02
7.357404e-02;4.611814e-02;1.017437e-01;5.903099e-02;8.900877e-02;9.876683e-02;2.467053e-01;6.296667e-02;3.937750e-02;5.074127e-02;6.978215e-02;6.218458e-02
7.045531e-02;8.220832e-02;7.092612e-02;4.550106e-02;7.534429e-02;9.586845e-02;1.805036e-01;6.787291e-02;7.106180e-02;8.863424e-02;7.516348e-02;7.646043e-02
7.097394e-02;1.089501e-01;7.917204e-02;8.199811e-02;7.645429e-02;8.428767e-02;1.200151e-01;6.132914e-02;8.608613e-02;7.687387e-02;5.078916e-02;1.030705e-01
5.293309e-02;9.475798e-02;1.068681e-01;9.182952e-02;7.585519e-02;7.512758e-02;9.743125e-02;9.702991e-02;7.649056e-02;4.564852e-02;8.147611e-02;1.045522e-01
4.087731e-02;4.839913e-02;8.037905e-02;7.711378e-02;1.099086e-01;8.287438e-02;1.527119e-01;1.104737e-01;7.046377e-02;5.269222e-02;8.180469e-02;9.230144e-02
5.327076e-02;4.073962e-02;7.498454e-02;7.722349e-02;1.144328e-01;1.172582e-01;1.611826e-01;1.094555e-01;8.810207e-02;4.848608e-02;5.226549e-02;6.259882e-02
8.579886e-02;3.157906e-02;5.003732e-02;7.633230e-02;1.231778e-01;9.777363e-02;1.648957e-01;1.314977e-01;8.603582e-02;7.694121e-02;4.993286e-02;2.599777e-02
9.499569e-02;2.505450e-02;6.290516e-02;8.236913e-02;1.017311e-01;8.901042e-02;1.655386e-01;9.364076e-02;1.002034e-01;9.308321e-02;5.945640e-02;3.201162e-02
7.913353e-02;3.000809e-02;9.485970e-02;7.987673e-02;8.710865e-02;1.059223e-01;1.851591e-01;6.385161e-02;8.226611e-02;8.276042e-02;6.922559e-02;3.982819e-02
5.848965e-02;6.008094e-02;9.494189e-02;5.466229e-02;7.750416e-02;9.978087e-02;1.954820e-01;1.121580e-01;8.527736e-02;5.648373e-02;5.823174e-02;4.690732e-02
6.487952e-02;8.097008e-02;8.792897e-02;5.674563e-02;7.868043e-02;1.167371e-01;1.326155e-01;7.634234e-02;1.244114e-01;7.217607e-02;5.745991e-02;5.105304e-02
6.353880e-02;5.264141e-02;8.426239e-02;7.707630e-02;1.000916e-01;1.224021e-01;1.103408e-01;5.013341e-02;1.561870e-01;7.685187e-02;5.850545e-02;4.796888e-02
6.627385e-02;4.226883e-02;1.060873e-01;7.993755e-02;1.266223e-01;9.028124e-02;1.412715e-01;5.682261e-02;1.559543e-01;5.117035e-02;4.272462e-02;4.058558e-02
5.528596e-02;3.185825e-02;1.400553e-01;6.537800e-02;1.184704e-01;1.238701e-01;1.691601e-01;8.043624e-02;9.124334e-02;5.264422e-02;4.201452e-02;2.958353e-02
5.367964e-02;2.712672e-02;1.505080e-01;7.699043e-02;9.255304e-02;1.527624e-01;1.312131e-01;7.577293e-02;6.087247e-02;6.444843e-02;7.467538e-02;3.939746e-02
6.950600e-02;4.054885e-02;1.549726e-01;7.631106e-02;6.868038e-02;1.012024e-01;1.024189e-01;7.709489e-02;8.938170e-02;7.773250e-02;7.367925e-02;6.847151e-02
