3.058186e-01;2.273579e-01;2.713763e-02;6.681771e-03;1.979028e-02;3.888608e-02;1.199761e-01;1.065871e-01;1.956480e-02;3.232118e-02;8.940929e-02;6.469296e-03
3.625370e-01;2.245517e-01;2.252996e-02;8.178813e-03;2.270514e-02;3.367229e-02;8.894198e-02;9.079168e-02;1.992946e-02;2.199725e-02;9.500201e-02;9.162763e-03
2.931688e-01;2.684008e-01;2.090204e-02;9.373462e-03;2.262764e-02;2.281170e-02;7.838701e-02;1.211180e-01;3.214739e-02;2.088382e-02;9.880941e-02;1.136987e-02
2.037021e-01;3.696440e-01;3.367133e-02;8.385855e-03;1.506093e-02;3.398740e-02;5.931552e-02;9.532956e-02;4.556565e-02;3.048814e-02;9.434224e-02;1.050736e-02
1.149279e-01;5.071245e-01;6.205324e-02;8.989104e-03;1.097817e-02;4.927294e-02;3.073494e-02;5.410478e-02;4.957989e-02;4.890447e-02;5.818523e-02;5.144849e-03
7.874958e-02;5.442500e-01;8.189467e-02;1.760051e-02;1.631636e-02;6.367858e-02;2.586815e-02;3.843874e-02;4.848962e-02;6.184163e-02;1.780859e-02;5.063518e-03
1.903586e-01;4.380053e-01;6.737564e-02;1.953963e-02;1.338249e-02;4.978311e-02;3.155711e-02;5.198353e-02;5.720271e-02;5.385657e-02;1.094144e-02;1.601386e-02
2.441242e-01;3.136504e-01;4.778985e-02;3.122653e-02;2.448539e-02;2.081953e-02;4.860886e-02;7.368676e-02;5.965645e-02;4.071929e-02;6.510860e-02;3.012408e-02
2.428985e-01;2.738967e-01;3.798737e-02;2.679369e-02;1.843170e-02;3.415620e-02;5.627132e-02;6.207074e-02;3.496177e-02;3.305439e-02;1.535361e-01;2.594145e-02
2.355252e-01;1.916810e-01;3.607801e-02;1.107127e-02;1.603356e-02;4.898326e-02;9.699085e-02;8.202557e-02;2.616533e-02;4.911562e-02;1.967529e-01;9.577543e-03
1.913302e-01;2.070343e-01;4.029778e-02;2.402812e-02;2.329220e-02;5.697991e-02;9.219809e-02;1.083942e-01;3.992233e-02;5.775658e-02;1.405533e-01;1.821296e-02
1.939534e-01;1.623154e-01;4.237979e-02;3.111689e-02;3.137712e-02;6.128273e-02;1.029124e-01;1.068634e-01;2.861425e-02;5.577609e-02;1.622634e-01;2.114511e-02
1.201876e-01;1.293969e-01;4.017255e-02;3.960339e-02;5.485095e-02;3.892771e-02;1.489833e-01;1.508727e-01;4.861517e-02;6.944660e-02;1.307926e-01;2.815065e-02
9.878223e-02;1.038154e-01;3.881533e-02;4.844284e-02;5.920885e-02;3.925859e-02;1.645262e-01;1.716284e-01;5.589818e-02;8.502597e-02;1.069419e-01;2.765609e-02
9.280663e-02;1.058590e-01;3.927468e-02;4.681038e-02;4.552042e-02;5.038004e-02;1.504233e-01;1.757398e-01;4.465594e-02;8.151896e-02;1.460417e-01;2.096918e-02
1.191141e-01;2.113502e-01;6.118501e-02;2.666740e-02;2.486978e-02;3.014765e-02;1.369137e-01;1.211782e-01;4.172153e-02;6.502330e-02;1.454723e-01;1.635687e-02
1.034437e-01;2.897048e-01;9.374661e-02;6.455057e-02;4.523206e-02;4.448724e-02;1.508040e-01;4.928893e-02;3.797421e-02;5.776888e-02;4.569614e-02;1.730279e-02
1.030585e-01;2.261048e-01;7.007022e-02;8.114875e-02;5.703784e-02;6.016706e-02;1.443932e-01;9.274173e-02;3.223518e-02;4.129992e-02;6.560823e-02;2.613455e-02
1.257874e-01;1.552376e-01;5.507939e-02;4.397187e-02;7.229650e-02;8.835963e-02;1.683154e-01;1.194217e-01;2.860251e-02;3.642338e-02;6.680136e-02;3.970322e-02
7.093100e-02;6.829185e-02;3.667890e-02;3.971273e-02;1.205127e-01;1.211876e-01;1.596434e-01;1.353765e-01;7.575449e-02;2.788742e-02;5.990233e-02;8.412106e-02
4.236020e-02;4.883268e-02;2.051255e-02;2.559339e-02;2.126054e-01;1.139973e-01;1.271776e-01;9.252180e-02;1.364848e-01;1.418407e-02;3.006943e-02;1.356608e-01
4.075215e-02;2.099395e-02;1.266013e-02;1.422648e-02;2.963237e-01;8.887298e-02;9.287357e-02;4.859242e-02;1.793391e-01;1.059866e-02;7.050200e-03;1.877166e-01
1.139175e-01;9.927527e-03;1.207966e-02;1.771505e-02;2.595563e-01;1.128668e-01;6.353521e-02;3.706984e-02;1.687405e-01;1.090883e-02;1.092560e-02;1.827572e-01
2.188948e-01;1.595083e-02;1.501017e-02;1.570901e-02;1.147260e-01;2.564169e-01;6.341404e-02;5.304909e-02;1.232827e-01;2.263538e-02;5.137018e-03;9.577408e-02
2.255290e-01;1.094762e-02;9.937251e-03;9.802077e-03;9.898467e-02;3.244217e-01;7.386061e-02;7.142638e-02;6.339110e-02;4.433888e-02;1.312314e-02;5.423762e-02
1.852380e-01;1.532454e-02;5.757636e-03;8.376330e-03;6.106218e-02;3.356749e-01;1.342911e-01;8.962425e-02;3.062751e-02;8.538555e-02;9.859037e-03;3.877888e-02
1.574959e-01;1.951427e-02;4.966354e-03;1.074382e-02;3.629884e-02;3.007316e-01;1.888306e-01;1.069731e-01;2.216422e-02;1.243638e-01;8.146744e-03;1.977076e-02
1.569722e-01;2.201030e-02;2.681177e-03;2.087055e-02;2.704458e-02;2.484810e-01;2.037318e-01;1.138870e-01;3.364247e-02;1.439369e-01;1.814970e-02;8.592303e-03
1.080041e-01;3.163514e-02;8.638409e-03;1.979287e-02;3.264536e-02;2.056180e-01;2.765418e-01;1.152977e-01;3.325088e-02;1.268325e-01;2.512459e-02;1.661869e-02
8.326749e-02;6.533920e-02;2.269625e-02;1.631620e-02;5.084655e-02;1.466793e-01;3.151580e-01;1.281553e-01;3.423411e-02;7.195438e-02;3.723476e-02;2.811857e-02
1.295424e-01;9.961549e-02;2.667033e-02;2.472243e-02;4.795840e-02;1.692790e-01;2.249735e-01;8.956875e-02;3.715196e-02;7.683290e-02;3.469407e-02;3.899066e-02
1.041938e-01;8.419975e-02;2.575060e-02;2.218850e-02;3.908129e-02;2.864629e-01;1.806014e-01;8.099443e-02;3.137961e-02;1.078416e-01;2.300951e-02;1.429653e-02
6.364755e-02;7.226903e-02;3.102144e-02;5.610241e-02;3.290135e-02;3.375881e-01;1.576949e-01;9.179168e-02;3.817983e-02;8.037282e-02;2.776160e-02;1.066931e-02
3.891849e-02;6.606285e-02;3.470515e-02;6.630828e-02;6.076942e-02;2.940485e-01;1.892004e-01;9.273203e-02;4.791056e-02;6.314669e-02;3.041411e-02;1.578355e-02
7.133187e-02;5.527151e-02;5.043986e-02;4.091375e-02;6.920956e-02;2.045784e-01;1.839778e-01;9.823937e-02;3.369356e-02;1.275831e-01;3.729214e-02;2.746918e-02
1.030597e-01;5.661751e-02;4.651118e-02;4.486214e-02;5.885737e-02;1.844126e-01;1.745838e-01;9.259363e-02;3.009297e-02;1.650452e-01;2.586589e-02;1.749802e-02
9.302438e-02;5.980104e-02;3.659037e-02;4.573419e-02;5.991748e-02;2.057697e-01;1.489208e-01;8.071218e-02;6.038606e-02;1.647490e-01;3.125115e-02;1.314361e-02
9.351248e-02;8.533713e-02;4.447122e-02;4.003563e-02;4.874254e-02;1.743592e-01;1.410531e-01;8.094312e-02;8.488862e-02;1.297497e-01;5.791388e-02;1.899338e-02
1.720333e-01;1.646845e-01;5.257021e-02;4.052020e-02;3.024226e-02;1.252135e-01;1.414789e-01;5.080778e-02;7.741024e-02;7.856039e-02;4.503122e-02;2.144757e-02
1.851974e-01;2.756748e-01;6.065248e-02;2.722537e-02;3.405279e-02;6.729601e-02;1.263199e-01;7.671681e-02;4.399415e-02;2.390102e-02;6.741678e-02;1.155246e-02
1.416293e-01;3.776188e-01;6.664941e-02;2.225021e-02;3.949988e-02;4.391157e-02;9.818893e-02;6.906327e-02;3.349757e-02;3.084736e-02;6.615612e-02;1.068764e-02
1.927614e-01;4.623497e-01;6.187313e-02;2.171706e-02;2.006165e-02;5.005239e-02;4.612461e-02;4.096717e-02;3.762204e-02;2.975073e-02;2.929234e-02;7.427726e-03
2.766253e-01;4.275065e-01;3.798189e-02;2.032195e-02;2.754219e-02;5.603012e-02;3.011383e-02;3.686630e-02;4.175350e-02;2.014369e-02;1.515834e-02;9.956445e-03
3.728055e-01;2.543701e-01;1.689681e-02;2.027410e-02;5.241667e-02;3.538898e-02;5.538950e-02;7.670090e-02;2.916574e-02;1.901777e-02;5.881844e-02;8.755447e-03
3.619108e-01;1.172329e-01;1.936201e-02;3.707853e-02;2.969617e-02;2.991025e-02;9.719186e-02;9.373588e-02;1.524674e-02;2.614265e-02;1.399777e-01;3.251457e-02
3.114535e-01;9.882172e-02;1.180981e-02;3.653552e-02;1.370956e-02;2.975550e-02;1.296905e-01;5.427712e-02;9.588784e-03;2.125380e-02;2.022472e-01;8.085694e-02
2.985040e-01;7.563267e-02;1.649449e-02;2.882622e-02;1.000419e-02;2.812614e-02;1.341824e-01;4.075256e-02;5.374538e-03;1.087473e-02;2.423887e-01;1.088392e-01
1.828798e-01;6.473919e-02;4.398729e-02;2.641209e-02;1.079135e-02;4.660100e-02;1.100439e-01;3.313076e-02;8.672538e-03;1.440795e-02;3.701936e-01;8.814061e-02
4.567580e-02;6.803267e-02;5.944737e-02;1.857990e-02;2.188157e-02;6.400679e-02;6.381182e-02;2.769635e-02;1.272872e-02;3.893742e-02;5.364872e-01;4.271435e-02
1.076979e-01;1.070176e-01;3.673443e-02;1.621576e-02;4.360918e-02;4.183340e-02;4.459828e-02;2.346375e-02;1.650682e-02;8.723900e-02;4.483842e-01;2.669975e-02
1.340497e-01;1.237821e-01;2.027522e-02;2.267717e-02;6.471853e-02;2.631699e-02;5.260859e-02;5.559335e-02;4.501577e-02;1.321820e-01;3.014031e-01;2.137752e-02
1.687689e-01;7.332768e-02;2.268676e-02;3.297463e-02;5.050767e-02;2.344016e-02;4.998847e-02;1.177133e-01;9.083341e-02;1.044934e-01;2.467348e-01;1.853078e-02
2.327062e-01;4.280295e-02;2.679265e-02;5.874307e-02;4.063088e-02;1.256496e-02;8.196834e-02;2.187457e-01;1.449296e-01;6.255696e-02;6.056507e-02;1.699364e-02
1.574758e-01;3.844074e-02;2.224205e-02;5.660884e-02;2.547983e-02;1.548621e-02;1.203835e-01;3.201733e-01;1.165380e-01;3.951764e-02;7.238027e-02;1.527390e-02
6.581264e-02;3.195934e-02;2.384517e-02;4.610482e-02;1.371529e-02;2.373370e-02;1.997565e-01;4.197670e-01;6.613398e-02;2.052856e-02;6.424188e-02;2.440108e-02
4.539086e-02;4.158850e-02;2.514892e-02;5.177695e-02;1.121543e-02;2.648991e-02;2.594212e-01;4.263381e-01;2.387621e-02;2.394623e-02;4.166153e-02;2.314613e-02
6.780636e-02;6.090385e-02;2.081805e-02;5.778631e-02;1.840856e-02;2.713197e-02;2.893035e-01;3.516427e-01;2.437732e-02;2.489034e-02;2.872744e-02;2.820356e-02
8.570528e-02;5.012514e-02;1.399698e-02;5.329282e-02;2.516265e-02;2.540005e-02;3.160675e-01;2.898372e-01;3.228955e-02;2.274970e-02;6.445473e-02;2.091834e-02
1.210609e-01;6.259553e-02;2.707179e-02;5.062812e-02;1.772723e-02;2.168654e-02;2.672746e-01;2.861599e-01;3.066160e-02;2.390094e-02;8.242853e-02;8.804381e-03
1.349583e-01;5.641950e-02;3.626818e-02;7.373412e-02;2.525074e-02;3.102551e-02;2.714987e-01;2.534873e-01;1.761859e-02;2.370889e-02;3.717472e-02;3.885549e-02
1.539167e-01;3.266507e-02;3.456479e-02;4.073181e-02;3.884997e-02;4.259288e-02;2.855239e-01;1.844299e-01;2.678327e-02;3.532331e-02;1.024672e-01;2.215117e-02
1.218791e-01;4.728488e-02;2.260686e-02;3.559199e-02;4.787383e-02;6.456723e-02;2.348017e-01;2.282389e-01;3.408299e-02;3.749260e-02;9.900441e-02;2.657547e-02
9.098063e-02;4.827240e-02;2.291978e-02;6.462939e-02;6.556533e-02;8.214369e-02;2.284781e-01;1.704038e-01;3.760605e-02;5.062981e-02;9.082469e-02;4.754640e-02
6.436992e-02;3.798108e-02;1.749544e-02;5.837836e-02;4.218617e-02;8.756188e-02;2.582393e-01;1.559068e-01;4.049622e-02;4.573969e-02;1.181876e-01;7.345763e-02
6.581383e-02;5.293537e-02;2.933588e-02;4.634624e-02;3.886192e-02;8.536869e-02;2.414214e-01;1.669663e-01;4.031612e-02;4.680547e-02;1.240864e-01;6.174236e-02
8.722296e-02;9.687077e-02;4.305608e-02;6.669480e-02;3.274703e-02;7.459091e-02;1.928107e-01;1.293945e-01;6.379193e-02;6.854996e-02;1.183301e-01;2.594030e-02
1.046681e-01;7.329147e-02;4.680913e-02;5.860458e-02;2.714650e-02;5.548343e-02;1.422650e-01;1.433387e-01;6.409668e-02;7.232685e-02;1.946022e-01;1.736738e-02
1.902907e-01;5.330497e-02;4.445457e-02;4.801489e-02;1.235974e-02;6.069381e-02;8.690033e-02;7.984935e-02;3.118325e-02;3.973987e-02;3.338645e-01;1.934401e-02
3.005641e-01;6.104227e-02;2.580272e-02;8.240536e-02;1.297469e-02;5.195309e-02;6.719609e-02;3.755278e-02;1.207036e-02;2.065693e-02;2.990677e-01;2.871393e-02
4.255415e-01;6.775328e-02;1.023634e-02;1.167668e-01;1.213502e-02;2.633693e-02;6.499370e-02;3.461986e-02;6.319880e-03;1.959474e-02;1.827197e-01;3.298227e-02
5.401514e-01;6.481823e-02;3.156912e-03;1.234763e-01;1.360931e-02;8.864754e-03;6.991258e-02;2.970208e-02;4.358219e-03;2.331069e-02;7.877668e-02;3.986279e-02
5.513420e-01;5.591308e-02;4.114188e-03;9.497094e-02;1.225344e-02;4.684822e-03;8.285947e-02;2.966654e-02;2.407846e-03;2.663455e-02;8.123231e-02;5.392091e-02
4.863054e-01;4.583989e-02;5.137234e-03;7.526965e-02;9.138277e-03;7.560817e-03;1.097644e-01;4.127885e-02;3.609490e-03;2.386519e-02;1.134246e-01;7.880624e-02
3.725224e-01;4.093880e-02;6.502357e-03;8.324715e-02;5.904975e-03;1.020994e-02;1.544713e-01;5.128037e-02;2.910502e-03;1.689741e-02;1.412929e-01;1.138218e-01
2.785674e-01;3.519857e-02;3.168213e-03;1.037658e-01;3.390273e-03;1.246080e-02;1.813323e-01;4.289007e-02;1.790360e-03;1.130698e-02;1.819800e-01;1.441491e-01
2.707659e-01;3.249925e-02;3.259749e-03;9.832016e-02;2.167774e-03;1.328360e-02;1.612121e-01;2.397813e-02;2.136366e-03;8.621635e-03;2.531542e-01;1.306012e-01
2.550529e-01;2.914107e-02;5.392617e-03;9.302628e-02;2.038494e-03;1.709401e-02;1.422941e-01;1.487121e-02;2.504409e-03;6.517378e-03;3.197224e-01;1.123451e-01
2.043997e-01;2.241809e-02;1.908422e-02;8.724839e-02;2.289583e-03;2.586613e-02;1.106840e-01;2.214181e-02;8.572417e-03;9.300813e-03;4.040778e-01;8.391707e-02
1.581115e-01;1.273087e-02;4.245654e-02;7.816171e-02;4.983440e-03;4.721744e-02;7.151397e-02;2.711522e-02;1.711841e-02;1.477465e-02;4.735994e-01;5.221685e-02
1.183620e-01;2.255243e-02;5.679688e-02;5.993484e-02;6.404157e-03;8.395461e-02;5.556192e-02;2.148499e-02;1.992971e-02;2.091663e-02;5.044832e-01;2.961861e-02
1.191347e-01;3.475113e-02;5.041913e-02;4.371678e-02;7.973199e-03;1.235227e-01;4.612311e-02;2.391135e-02;1.437391e-02;3.375825e-02;4.846741e-01;1.764159e-02
1.243384e-01;3.591255e-02;2.026881e-02;3.982424e-02;3.790542e-02;1.150898e-01;5.488012e-02;6.653401e-02;1.255141e-02;5.526171e-02;4.187863e-01;1.864718e-02
9.829337e-02;4.333068e-02;1.591437e-02;3.306985e-02;6.487381e-02;6.597592e-02;8.510558e-02;1.363881e-01;2.130106e-02;5.886394e-02;3.591157e-01;1.776767e-02
9.233776e-02;5.119452e-02;1.180900e-02;2.515103e-02;7.665972e-02;6.523078e-02;1.403476e-01;1.622859e-01;3.812857e-02;5.995608e-02;2.548183e-01;2.208074e-02
1.067691e-01;3.387119e-02;3.125309e-02;4.529272e-02;5.024188e-02;7.050195e-02;1.791894e-01;6.928822e-02;6.455168e-02;7.034709e-02;2.587585e-01;1.993527e-02
1.007543e-01;2.895372e-02;2.317871e-02;7.117421e-02;5.388655e-02;4.618757e-02;1.502946e-01;2.012396e-01;1.072218e-01;7.160126e-02;1.287140e-01;1.679374e-02
5.937342e-02;2.763011e-02;1.705742e-02;6.390189e-02;6.829665e-02;6.558704e-02;1.866198e-01;2.812847e-01;9.565566e-02;6.519751e-02;5.744771e-02;1.194804e-02
7.212396e-02;4.778731e-02;3.706547e-02;3.178417e-02;6.371017e-02;7.799898e-02;1.381015e-01;3.070939e-01;5.617724e-02;6.707628e-02;7.352109e-02;2.755996e-02
5.816883e-02;7.623120e-02;5.748501e-02;1.588189e-02;4.436641e-02;5.269109e-02;1.635319e-01;3.334548e-01;4.629942e-02;6.121661e-02;5.083042e-02;3.984249e-02
1.863898e-02;7.880720e-02;7.038765e-02;1.609798e-02;1.932771e-02;4.620067e-02;2.045130e-01;3.793676e-01;3.773355e-02;5.358265e-02;3.124940e-02;4.409371e-02
2.060174e-02;6.396366e-02;8.444171e-02;1.662126e-02;9.515294e-03;5.407086e-02;2.107537e-01;4.059921e-01;2.852656e-02;3.639949e-02;1.682773e-02;5.228586e-02
5.371275e-02;6.009726e-02;1.004232e-01;4.141051e-02;1.698787e-02;5.422277e-02;1.892728e-01;3.573482e-01;2.280660e-02;1.996102e-02;3.156375e-02;5.219333e-02
8.765548e-02;1.857833e-01;7.361162e-02;5.944724e-02;2.336668e-02;4.334112e-02;1.741557e-01;2.229773e-01;2.195707e-02;2.222249e-02;5.685239e-02;2.862965e-02
1.419424e-01;2.657197e-01;3.884661e-02;8.851246e-02;2.937749e-02;4.045923e-02;1.319568e-01;1.476413e-01;2.348990e-02;2.380243e-02;5.752184e-02;1.072996e-02
1.391603e-01;2.852842e-01;2.708527e-02;1.215346e-01;6.168140e-02;3.616173e-02;9.239396e-02;1.193477e-01;2.583022e-02;2.331101e-02;6.127251e-02;6.937056e-03
1.003301e-01;2.221244e-01;3.242219e-02;9.236880e-02;1.045136e-01;6.819545e-02;1.068027e-01;1.177299e-01;3.080750e-02;1.955706e-02;7.967597e-02;2.547234e-02
7.194521e-02;1.598030e-01;2.332082e-02;4.116656e-02;8.492217e-02;1.421230e-01;1.033417e-01;1.401667e-01;4.330443e-02;2.474630e-02;1.273376e-01;3.782244e-02
9.719411e-02;1.569342e-01;4.644959e-02;8.775075e-02;6.365848e-02;1.391037e-01;9.078525e-02;1.019350e-01;4.066370e-02;2.674046e-02;1.214751e-01;2.730970e-02
8.438294e-02;1.130354e-01;5.615374e-02;5.902946e-02;8.782100e-02;6.899350e-02;1.554547e-01;1.034154e-01;7.214288e-02;4.055119e-02;1.434337e-01;1.558602e-02
6.141762e-02;7.567615e-02;4.016428e-02;3.270045e-02;2.147141e-02;4.097999e-02;2.627354e-01;1.803910e-01;9.190769e-02;4.862972e-02;1.191782e-01;2.474811e-02
6.644645e-02;9.657776e-02;3.012234e-02;3.298385e-02;3.833046e-02;6.011607e-02;2.370661e-01;1.945390e-01;7.806856e-02;5.098342e-02;1.029959e-01;1.177015e-02
6.373823e-02;7.518118e-02;2.713803e-02;2.694981e-02;6.249934e-02;7.410046e-02;1.833234e-01;1.686712e-01;6.376924e-02;6.334527e-02;1.826636e-01;8.620244e-03
7.759025e-02;4.412008e-02;2.407697e-02;2.284560e-02;6.070670e-02;1.100143e-01;1.496009e-01;1.067837e-01;4.368762e-02;4.678917e-02;2.806372e-01;3.314757e-02
1.199383e-01;4.937979e-02;8.637615e-03;2.110041e-02;3.077772e-02;1.066071e-01;2.161781e-01;8.337866e-02;3.129843e-02;2.218930e-02;2.471345e-01;6.338002e-02
1.064494e-01;4.018414e-02;1.663709e-02;1.405221e-02;1.646123e-02;7.476213e-02;2.397306e-01;7.254554e-02;6.444783e-02;2.016661e-02;2.719614e-01;6.260177e-02
8.507799e-02;2.542067e-02;2.678188e-02;5.050395e-03;1.148222e-02;8.662546e-02;1.581113e-01;3.801567e-02;1.193774e-01;3.499353e-02;3.725176e-01;3.654574e-02
8.324467e-02;1.939030e-02;2.566807e-02;7.387052e-03;1.365643e-02;9.399871e-02;8.948629e-02;2.418417e-02;1.426623e-01;3.477525e-02;4.417550e-01;2.379182e-02
1.334955e-01;2.996552e-02;1.537241e-02;2.056452e-02;1.569328e-02;6.117628e-02;1.460475e-01;1.543282e-02;1.060772e-01;2.475947e-02;3.941165e-01;3.729907e-02
1.718227e-01;5.050831e-02;8.816532e-03;3.488207e-02;1.445343e-02;3.472600e-02;1.958702e-01;2.340856e-02;6.058327e-02;3.034285e-02;3.163959e-01;5.819023e-02
2.084800e-01;6.392042e-02;7.179536e-03;4.926834e-02;1.498715e-02;2.875567e-02;2.060514e-01;2.092827e-02;3.672981e-02;4.263505e-02;2.561150e-01;6.494924e-02
2.722774e-01;6.252193e-02;4.902441e-03;6.466080e-02;9.270011e-03;2.120749e-02;1.826926e-01;3.280385e-02;2.129881e-02;4.900165e-02;2.257108e-01;5.365221e-02
2.639248e-01;6.510404e-02;5.071861e-03;6.362557e-02;4.851440e-03;1.764604e-02;1.487983e-01;5.853126e-02;1.337413e-02;6.605189e-02;2.547158e-01;3.830489e-02
1.931702e-01;6.869467e-02;6.911464e-03;4.673684e-02;1.069249e-02;3.005630e-02;1.409597e-01;8.969413e-02;1.020089e-02;6.993786e-02;3.069154e-01;2.603000e-02
2.540640e-01;1.193068e-01;1.044078e-02;2.628401e-02;1.227247e-02;3.684810e-02;1.301007e-01;9.282938e-02;1.506695e-02;5.990314e-02;2.289801e-01;1.390359e-02
4.334356e-01;1.055368e-01;9.920909e-03;2.674249e-02;9.997276e-03;2.371758e-02;9.528694e-02;5.258043e-02;1.522263e-02;4.637305e-02;1.542919e-01;2.689430e-02
4.098499e-01;1.058056e-01;8.558408e-03;2.927151e-02;8.233665e-03;1.577562e-02;6.717339e-02;2.696281e-02;1.188960e-02;3.916796e-02;2.515928e-01;2.571890e-02
3.569272e-01;9.445856e-02;7.336311e-03;3.101698e-02;1.149449e-02;2.038930e-02;6.822892e-02;3.476248e-02;1.272862e-02;4.104529e-02;2.982702e-01;2.334161e-02
3.407585e-01;7.730310e-02;8.138045e-03;3.351779e-02;1.168422e-02;2.496155e-02;8.303296e-02;2.098454e-02;1.571564e-02;5.263200e-02;3.058514e-01;2.542027e-02
3.634809e-01;8.544725e-02;1.282156e-02;3.613163e-02;1.509902e-02;2.713511e-02;1.471174e-01;5.564376e-02;1.877726e-02;5.736348e-02;1.528789e-01;2.810371e-02
3.444476e-01;8.495220e-02;1.513286e-02;3.117350e-02;2.178543e-02;3.344588e-02;1.931387e-01;5.905459e-02;2.170913e-02;3.996972e-02;1.267768e-01;2.841358e-02
3.251793e-01;1.204436e-01;1.698157e-02;1.706816e-02;2.864998e-02;3.379228e-02;1.432178e-01;4.557464e-02;2.186644e-02;2.377339e-02;1.930706e-01;3.038226e-02
3.690922e-01;1.212759e-01;1.341850e-02;1.737884e-02;3.026998e-02;3.722738e-02;6.842830e-02;4.198838e-02;1.828641e-02;2.550458e-02;2.260705e-01;3.105901e-02
3.940991e-01;1.396527e-01;1.716398e-02;3.159039e-02;2.035503e-02;3.290115e-02;6.511761e-02;4.714891e-02;1.064678e-02;2.690028e-02;1.868582e-01;2.756584e-02
4.313253e-01;1.434951e-01;7.676582e-03;3.626077e-02;1.872050e-02;2.666648e-02;8.740483e-02;3.056757e-02;1.947905e-02;3.988165e-02;1.353486e-01;2.317363e-02
4.429437e-01;1.692571e-01;2.001321e-02;3.290122e-02;2.039050e-02;2.986794e-02;9.775844e-02;2.534572e-02;2.977808e-02;4.638535e-02;6.437872e-02;2.097996e-02
2.746443e-01;9.686612e-02;2.980219e-02;2.299740e-02;2.861844e-02;4.831460e-02;1.228668e-01;1.202116e-01;7.340305e-02;7.087027e-02;8.232469e-02;2.908068e-02
1.619129e-01;1.364358e-01;2.538706e-02;1.852698e-02;3.020189e-02;4.621429e-02;1.467595e-01;1.313353e-01;6.252140e-02;6.222773e-02;1.478285e-01;3.064880e-02
2.202124e-01;1.096568e-01;1.863289e-02;2.494501e-02;2.447024e-02;4.505952e-02;1.597664e-01;8.813867e-02;3.319950e-02;3.334923e-02;2.172049e-01;2.536437e-02
2.647195e-01;6.744847e-02;7.954293e-03;3.389958e-02;1.890497e-02;3.426020e-02;1.484966e-01;4.954323e-02;2.080404e-02;1.952916e-02;3.070734e-01;2.736654e-02
3.070561e-01;4.569639e-02;4.511985e-03;4.625419e-02;1.340233e-02;1.203325e-02;1.329536e-01;2.919150e-02;1.488459e-02;1.668648e-02;3.390862e-01;3.824344e-02
3.624649e-01;4.267163e-02;3.860182e-03;5.832111e-02;3.666513e-03;1.159863e-02;1.344552e-01;1.413474e-02;8.055243e-03;1.525634e-02;2.977250e-01;4.779052e-02
3.806586e-01;3.247761e-02;9.064764e-03;6.511922e-02;1.671011e-02;1.306505e-02;1.279941e-01;5.128374e-02;8.712334e-03;1.763275e-02;2.329813e-01;4.430039e-02
3.845944e-01;4.481393e-02;8.171827e-03;5.669086e-02;3.532661e-02;1.217862e-02;9.930142e-02;1.117913e-01;1.562247e-02;2.290235e-02;1.797635e-01;2.884271e-02
3.781770e-01;7.222600e-02;6.513362e-03;2.304988e-02;6.753244e-02;1.482745e-02;7.539172e-02;2.171227e-01;1.824919e-02;1.429969e-02;9.923196e-02;1.337861e-02
3.663963e-01;7.891844e-02;6.976905e-03;1.181920e-02;7.193628e-02;1.366692e-02;6.133247e-02;2.858548e-01;1.915406e-02;4.333155e-03;6.783506e-02;1.177643e-02
4.065920e-01;1.063171e-01;6.422352e-03;1.071185e-02;6.382827e-02;5.767352e-03;3.435325e-02;2.456183e-01;3.802517e-02;3.730210e-03;6.803866e-02;1.059553e-02
4.370296e-01;1.597733e-01;6.406598e-03;6.716806e-03;5.266752e-02;2.121527e-03;2.051952e-02;1.706189e-01;6.965055e-02;1.031618e-02;5.332838e-02;1.085118e-02
4.337594e-01;2.364034e-01;7.870984e-03;7.083753e-03;2.238891e-02;7.029644e-03;1.747597e-02;1.162263e-01;7.283444e-02;2.003940e-02;3.857062e-02;2.031727e-02
4.620301e-01;2.757795e-01;8.610989e-03;8.953613e-03;1.241333e-02;7.721833e-03;1.300339e-02;7.506345e-02;6.880545e-02;2.053220e-02;1.891123e-02;2.817483e-02
4.378648e-01;3.022243e-01;1.022504e-02;1.047690e-02;1.823824e-02;1.412426e-02;1.072083e-02;4.177114e-02;8.131056e-02;1.752400e-02;4.072870e-02;1.479119e-02
3.545292e-01;3.441481e-01;1.307957e-02;1.230737e-02;1.982871e-02;3.336282e-02;2.427923e-02;3.879245e-02;7.493345e-02;1.615062e-02;6.090954e-02;7.678974e-03
2.749486e-01;3.811412e-01;1.983924e-02;1.784553e-02;1.683340e-02;4.646215e-02;3.682985e-02;5.004286e-02;6.713653e-02;1.996117e-02;5.549844e-02;1.346107e-02
2.095541e-01;4.580775e-01;2.856779e-02;3.214584e-02;8.127821e-03;4.444403e-02;3.973243e-02;3.749008e-02;6.830926e-02;2.195184e-02;3.773350e-02;1.386571e-02
1.980965e-01;5.102723e-01;3.802613e-02;3.730341e-02;4.111060e-03;5.413062e-02;2.240915e-02;2.345916e-02;7.242126e-02;2.244494e-02;9.687278e-03;7.638186e-03
1.567221e-01;5.424372e-01;3.540725e-02;5.912453e-02;3.261192e-03;4.724242e-02;8.282471e-03;1.309095e-02;7.675919e-02;2.687673e-02;2.359102e-02;7.205042e-03
1.877056e-01;5.443156e-01;2.457040e-02;7.513030e-02;3.208492e-03;2.615448e-02;1.365057e-02;1.668559e-02;5.955753e-02;3.229235e-02;1.210656e-02;4.622503e-03
2.713751e-01;5.216172e-01;1.643444e-02;4.990518e-02;8.803453e-03;1.179597e-02;1.647066e-02;3.225439e-02;3.179749e-02;2.484100e-02;9.873714e-03;4.831407e-03
4.035145e-01;4.088506e-01;1.365418e-02;1.743122e-02;1.753719e-02;5.996195e-03;2.231053e-02;5.054751e-02;1.633135e-02;2.344960e-02;1.350324e-02;6.873831e-03
4.465249e-01;2.760963e-01;1.307241e-02;1.236727e-02;1.973696e-02;8.292533e-03;4.002279e-02;6.960884e-02;1.417481e-02;3.051098e-02;6.012433e-02;9.467889e-03
3.783453e-01;1.579377e-01;1.511002e-02;2.161870e-02;1.263956e-02;2.134455e-02;5.783030e-02;6.791408e-02;2.193616e-02;4.122671e-02;1.961249e-01;7.971978e-03
2.727835e-01;1.122884e-01;2.331928e-02;1.918594e-02;1.365739e-02;2.613933e-02;5.091913e-02;5.626698e-02;3.241493e-02;4.892987e-02;3.307991e-01;1.329625e-02
2.210129e-01;1.243775e-01;1.641867e-02;1.798290e-02;4.209135e-02;3.115429e-02;8.152558e-02;5.456697e-02;3.167973e-02;5.552347e-02;3.035876e-01;2.007893e-02
1.992473e-01;1.151961e-01;1.490781e-02;4.259001e-02;7.126392e-02;3.647805e-02;1.127701e-01;5.013339e-02;3.270790e-02;9.114976e-02;2.171965e-01;1.635914e-02
1.589237e-01;1.361377e-01;2.105849e-02;6.373768e-02;6.023923e-02;3.268717e-02;1.225332e-01;9.094834e-02;4.775102e-02;9.973452e-02;1.488795e-01;1.736936e-02
1.289495e-01;1.446342e-01;2.179009e-02;3.465406e-02;7.266626e-02;4.895948e-02;1.170290e-01;1.080974e-01;4.297260e-02;7.128594e-02;1.925130e-01;1.644851e-02
1.439072e-01;8.320206e-02;2.519237e-02;1.179410e-02;4.187302e-02;7.987249e-02;1.526136e-01;8.291370e-02;3.687588e-02;3.260124e-02;2.885657e-01;2.058868e-02
1.695011e-01;5.581895e-02;2.058869e-02;1.314517e-02;1.730163e-02;7.817489e-02;2.559825e-01;6.380314e-02;3.405745e-02;1.813132e-02;2.441408e-01;2.935440e-02
1.279000e-01;2.551212e-02;1.154700e-02;1.062646e-02;1.349223e-02;5.227360e-02;3.761650e-01;7.291432e-02;2.689102e-02;2.748718e-02;2.216372e-01;3.355386e-02
7.432232e-02;2.100408e-02;2.787491e-02;1.244039e-02;1.501710e-02;5.329436e-02;3.878763e-01;7.914656e-02;3.831568e-02;3.634673e-02;2.123858e-01;4.197578e-02
6.444741e-02;1.805462e-02;4.259725e-02;7.098801e-03;1.117815e-02;9.911482e-02;2.896689e-01;7.160468e-02;5.372977e-02;3.112343e-02;2.676205e-01;4.376173e-02
7.568960e-02;1.516921e-02;4.864371e-02;5.555293e-03;7.915263e-03;1.482506e-01;1.332652e-01;6.324385e-02;4.754820e-02;2.754642e-02;3.913794e-01;3.579327e-02
7.568432e-02;1.504801e-02;3.257582e-02;1.305447e-02;1.549748e-02;1.392866e-01;8.746879e-02;6.178027e-02;2.577411e-02;4.917983e-02;4.623151e-01;2.233519e-02
5.790588e-02;4.055309e-02;1.944392e-02;2.073146e-02;2.968090e-02;6.576241e-02;1.138310e-01;8.343295e-02;2.530878e-02;1.023197e-01;4.221415e-01;1.888847e-02
3.519100e-02;6.927099e-02;1.531102e-02;1.590715e-02;5.430618e-02;4.326596e-02;7.434100e-02;9.786109e-02;3.131222e-02;1.861842e-01;3.360530e-01;4.099615e-02
1.901034e-02;9.041704e-02;8.892011e-03;1.088868e-02;8.947060e-02;3.250780e-02;4.562373e-02;8.416302e-02;4.970157e-02;3.049438e-01;1.969992e-01;6.738223e-02
1.972171e-02;7.463090e-02;1.132198e-02;7.945225e-03;9.138589e-02;2.271676e-02;4.283963e-02;4.657834e-02;9.837040e-02;4.062871e-01;9.692642e-02;8.127560e-02
4.099858e-02;3.789210e-02;2.206506e-02;1.561177e-02;6.398194e-02;3.769055e-02;4.314866e-02;4.145525e-02;1.539758e-01;4.192330e-01;6.114868e-02;6.279863e-02
6.937446e-02;1.700271e-02;2.356449e-02;3.164921e-02;4.838202e-02;3.366461e-02;6.842983e-02;3.865489e-02;2.532191e-01;3.328774e-01;5.271780e-02;3.046339e-02
1.093000e-01;1.087277e-02;1.872991e-02;6.165740e-02;3.006185e-02;1.893225e-02;7.199078e-02;7.110354e-02;3.359903e-01;2.074811e-01;4.733421e-02;1.654588e-02
1.216298e-01;5.631515e-03;1.035352e-02;8.580723e-02;1.518622e-02;1.011024e-02;6.004607e-02;1.148183e-01;3.826723e-01;1.248047e-01;5.037342e-02;1.856661e-02
9.738431e-02;1.293076e-02;1.503778e-02;8.421972e-02;1.055425e-02;7.853350e-03;5.651220e-02;2.291849e-01;3.488877e-01;4.345323e-02;7.371973e-02;2.026209e-02
7.541288e-02;4.011023e-02;1.978075e-02;5.787852e-02;1.540726e-02;1.617118e-02;6.508490e-02;3.465768e-01;2.202753e-01;5.938460e-02;5.804764e-02;2.586990e-02
6.191092e-02;8.855831e-02;2.971805e-02;5.172485e-02;2.353588e-02;2.236627e-02;9.065904e-02;3.889005e-01;1.136823e-01;5.117063e-02;4.556762e-02;3.220567e-02
8.444086e-02;1.542412e-01;3.411233e-02;4.304450e-02;2.277299e-02;3.580241e-02;1.128298e-01;2.867437e-01;1.154526e-01;3.750455e-02;2.117275e-02;5.188232e-02
9.404019e-02;1.528152e-01;2.308938e-02;3.136546e-02;1.366862e-02;4.895408e-02;2.016896e-01;2.235865e-01;7.355918e-02;3.762159e-02;4.828851e-02;5.132153e-02
5.966203e-02;8.470894e-02;1.335895e-02;1.771946e-02;8.359198e-03;5.898753e-02;2.763421e-01;3.208256e-01;4.663948e-02;3.498618e-02;4.999960e-02;2.841092e-02
4.787590e-02;2.742464e-02;2.043357e-02;8.975164e-03;1.320092e-02;5.145944e-02;2.816409e-01;4.227018e-01;3.812094e-02;2.368329e-02;3.355499e-02;3.092845e-02
4.568239e-02;4.015410e-02;1.891741e-02;9.029391e-03;2.075970e-02;5.516347e-02;2.748186e-01;4.172175e-01;4.743313e-02;1.670966e-02;3.193600e-02;2.217865e-02
3.440680e-02;5.074562e-02;1.894576e-02;1.138556e-02;2.016612e-02;7.037114e-02;2.756863e-01;4.020635e-01;5.167361e-02;2.251147e-02;2.842195e-02;1.362219e-02
2.536526e-02;2.985897e-02;1.757880e-02;1.900001e-02;1.715072e-02;8.384307e-02;2.778826e-01;4.277788e-01;3.986188e-02;1.568773e-02;2.785746e-02;1.813470e-02
3.137988e-02;2.480802e-02;1.752247e-02;2.445955e-02;3.879781e-02;6.488368e-02;2.698381e-01;4.101969e-01;5.218810e-02;2.738634e-02;1.944272e-02;1.909637e-02
5.381905e-02;3.267770e-02;1.334365e-02;4.231131e-02;8.232937e-02;3.428293e-02;2.591864e-01;3.239743e-01;8.219109e-02;3.912558e-02;2.321182e-02;1.354678e-02
5.245712e-02;2.440649e-02;1.840769e-02;5.935711e-02;9.675068e-02;4.321440e-02;2.685683e-01;2.025872e-01;9.282397e-02;4.885775e-02;7.575651e-02;1.681273e-02
7.661507e-02;4.456935e-02;2.845826e-02;4.432688e-02;5.619238e-02;8.954179e-02;2.249432e-01;5.892633e-02;8.006491e-02;9.667129e-02;1.720904e-01;2.760014e-02
4.337169e-02;3.904396e-02;1.887038e-02;2.239463e-02;3.124738e-02;6.533652e-02;1.588202e-01;1.393865e-01;6.897558e-02;9.664645e-02;3.006918e-01;1.521496e-02
4.376414e-02;2.351365e-02;9.813029e-03;9.638018e-03;3.382843e-02;3.700375e-02;1.079690e-01;1.045979e-01;3.965916e-02;8.723169e-02;4.966463e-01;6.334908e-03
5.543529e-02;1.441164e-02;9.032689e-03;6.799230e-03;1.420745e-02;7.642608e-02;5.431234e-02;3.292935e-02;1.664576e-02;6.808249e-02;6.460652e-01;5.652548e-03
7.608781e-02;1.570364e-02;9.791639e-03;4.864827e-03;7.802811e-03;9.972383e-02;3.211959e-02;1.941890e-02;2.393396e-02;5.388577e-02;6.477320e-01;8.935288e-03
1.269125e-01;2.310076e-02;9.189049e-03;5.795717e-03;1.672685e-02;6.533441e-02;4.587737e-02;2.867781e-02;3.290007e-02;4.551363e-02;5.836077e-01;1.636422e-02
2.601925e-01;3.485570e-02;5.313712e-03;7.620636e-03;2.233075e-02;2.771438e-02;8.993810e-02;4.107127e-02;2.124416e-02;3.410255e-02;4.270885e-01;2.852769e-02
4.142385e-01;5.943907e-02;3.426422e-03;2.135654e-02;1.324028e-02;1.769493e-02;1.237053e-01;3.912585e-02;1.468149e-02;4.212644e-02;2.173962e-01;3.356902e-02
4.770722e-01;8.073057e-02;6.105036e-03;3.060565e-02;2.306118e-02;1.249439e-02;8.926124e-02;4.001955e-02;1.754224e-02;5.819005e-02;1.399831e-01;2.493475e-02
4.574499e-01;1.055538e-01;1.112444e-02;3.123467e-02;2.059478e-02;1.297523e-02;5.392538e-02;5.595971e-02;1.930885e-02;5.035004e-02;1.626291e-01;1.889406e-02
3.409300e-01;1.173566e-01;1.062876e-02;2.071002e-02;1.126167e-02;2.820728e-02;6.020683e-02;5.992656e-02;2.151990e-02;4.575958e-02;2.546719e-01;2.882093e-02
3.273373e-01;1.477477e-01;1.053923e-02;2.969127e-02;5.860564e-03;3.173601e-02;8.510627e-02;3.876190e-02;2.133618e-02;8.153103e-02;1.806846e-01;3.966791e-02
4.808059e-01;1.307771e-01;7.424741e-03;2.934087e-02;6.405449e-03;1.866141e-02;1.025380e-01;2.403894e-02;2.072812e-02;7.964159e-02;5.095381e-02;4.868407e-02
4.638410e-01;1.226986e-01;7.847981e-03;1.405979e-02;1.172550e-02;1.490505e-02;9.030887e-02;1.829992e-02;1.608593e-02;3.310385e-02;1.627349e-01;4.438872e-02
3.979107e-01;1.072128e-01;4.463535e-03;1.545963e-02;2.138338e-02;2.294880e-02;7.857675e-02;4.230227e-02;2.500299e-02;2.924023e-02;2.165253e-01;3.897360e-02
4.039224e-01;1.128827e-01;1.854189e-02;1.143750e-02;2.059114e-02;3.978921e-02;8.508817e-02;7.461145e-02;5.336681e-02;4.293469e-02;1.050405e-01;3.179353e-02
3.035938e-01;8.807093e-02;2.118611e-02;5.713009e-03;9.825555e-03;4.814149e-02;8.903453e-02;6.356119e-02;6.684087e-02;5.353802e-02;2.239279e-01;2.656662e-02
1.936776e-01;6.061083e-02;2.529727e-02;4.972073e-03;9.162775e-03;4.999918e-02;8.664531e-02;3.643629e-02;6.724342e-02;6.787280e-02;3.724926e-01;2.558974e-02
1.340946e-01;3.889021e-02;3.110087e-02;5.285363e-03;1.236455e-02;7.281762e-02;6.039210e-02;1.809667e-02;5.251123e-02;7.922392e-02;4.775925e-01;1.763033e-02
1.239224e-01;2.926013e-02;2.588958e-02;5.207742e-03;2.086007e-02;9.130318e-02;3.898554e-02;2.456594e-02;3.584100e-02;8.469670e-02;5.062125e-01;1.325518e-02
1.060610e-01;4.783284e-02;1.793252e-02;1.052110e-02;4.643545e-02;7.606050e-02;3.594543e-02;4.967729e-02;5.949726e-02;1.104637e-01;4.249563e-01;1.461658e-02
6.880895e-02;5.017801e-02;1.179492e-02;1.052812e-02;6.587251e-02;4.516156e-02;4.939831e-02;6.993297e-02;6.415834e-02;1.592799e-01;3.813278e-01;2.355863e-02
3.838221e-02;3.764392e-02;7.867782e-03;1.827026e-02;5.271924e-02;3.120084e-02;1.058621e-01;1.556924e-01;5.484467e-02;1.570708e-01;3.150204e-01;2.542535e-02
4.541815e-02;4.134373e-02;1.558421e-02;2.249286e-02;2.579906e-02;2.071743e-02;1.990822e-01;2.712478e-01;5.797479e-02;1.060675e-01;1.814462e-01;1.282606e-02
5.757429e-02;3.902149e-02;2.203172e-02;1.434437e-02;2.446091e-02;2.759526e-02;2.630145e-01;2.988243e-01;4.833562e-02;5.780795e-02;1.379394e-01;9.050250e-03
6.022735e-02;4.166571e-02;2.267002e-02;1.201749e-02;2.917347e-02;3.519626e-02;2.854050e-01;2.658849e-01;4.057672e-02;6.809310e-02;1.265824e-01;1.250754e-02
7.414034e-02;6.016164e-02;1.360502e-02;1.963199e-02;2.814503e-02;4.361877e-02;2.502144e-01;2.196513e-01;3.973613e-02;7.626854e-02;1.568999e-01;1.792695e-02
1.157169e-01;4.721732e-02;1.340596e-02;2.214515e-02;2.987618e-02;4.983189e-02;1.549100e-01;1.794540e-01;4.087278e-02;8.119122e-02;2.320935e-01;3.328507e-02
9.017644e-02;5.661186e-02;2.203843e-02;5.099183e-02;4.635191e-02;5.949431e-02;2.132878e-01;1.318476e-01;4.295889e-02;8.951323e-02;1.666049e-01;3.012276e-02
6.550043e-02;9.241686e-02;2.386942e-02;6.178323e-02;5.022053e-02;6.229678e-02;2.343626e-01;1.553836e-01;5.608499e-02;5.843261e-02;1.206489e-01;1.900017e-02
4.242188e-02;7.216616e-02;3.766756e-02;5.958385e-02;5.147348e-02;5.681957e-02;2.242088e-01;2.303479e-01;5.250382e-02;5.414913e-02;1.057883e-01;1.286958e-02
2.694825e-02;4.154538e-02;2.808365e-02;6.291269e-02;3.001773e-02;3.230606e-02;2.258156e-01;2.860250e-01;4.605996e-02;1.054390e-01;1.077161e-01;7.130652e-03
2.462111e-02;2.474002e-02;1.337253e-02;4.469986e-02;2.751832e-02;2.773281e-02;1.824686e-01;2.349117e-01;5.200744e-02;1.552088e-01;2.056281e-01;7.090631e-03
3.015149e-02;2.664730e-02;8.257471e-03;1.623872e-02;6.251832e-02;3.314307e-02;1.162190e-01;1.096075e-01;4.862211e-02;1.697632e-01;3.714744e-01;7.357423e-03
3.669140e-02;2.244667e-02;4.497840e-03;5.879975e-03;7.627381e-02;4.121651e-02;6.583587e-02;7.911282e-02;3.445511e-02;1.460649e-01;4.835244e-01;4.000682e-03
3.871588e-02;1.844704e-02;4.761298e-03;7.548093e-03;5.957953e-02;7.402208e-02;8.156898e-02;1.284537e-01;2.516123e-02;1.100221e-01;4.455596e-01;6.160445e-03
4.848967e-02;3.104085e-02;1.433981e-02;1.428661e-02;3.981924e-02;1.149937e-01;1.399834e-01;1.646380e-01;3.153672e-02;9.906231e-02;2.891637e-01;1.264600e-02
7.131249e-02;5.583059e-02;2.990687e-02;1.759572e-02;5.479742e-02;1.484402e-01;2.023215e-01;1.165901e-01;5.987539e-02;1.237437e-01;1.029447e-01;1.664137e-02
6.182075e-02;2.446263e-02;2.360998e-02;3.551117e-02;2.636656e-02;8.124243e-02;2.323226e-01;1.793938e-01;7.235324e-02;7.963538e-02;1.768113e-01;6.470140e-03
5.958308e-02;1.413509e-02;1.617672e-02;4.478219e-02;1.784013e-02;3.949588e-02;2.784284e-01;2.834597e-01;8.821312e-02;5.981979e-02;9.421901e-02;3.846856e-03
6.312169e-02;1.091399e-02;2.020936e-02;3.726929e-02;2.040008e-02;3.030363e-02;2.371180e-01;2.435467e-01;8.611360e-02;6.927826e-02;1.774959e-01;4.229502e-03
6.767160e-02;1.960419e-02;1.610865e-02;2.859855e-02;2.462573e-02;2.495145e-02;2.239025e-01;2.525305e-01;7.531366e-02;6.553476e-02;1.962172e-01;4.941165e-03
5.803296e-02;3.966500e-02;1.560395e-02;1.350619e-02;2.773525e-02;3.820945e-02;2.727598e-01;2.896928e-01;5.073384e-02;4.893717e-02;1.336106e-01;1.151302e-02
4.590170e-02;4.791135e-02;2.141180e-02;2.277958e-02;3.475715e-02;6.474349e-02;3.680109e-01;1.922188e-01;4.538336e-02;3.683265e-02;9.686141e-02;2.318773e-02
6.378397e-02;5.826807e-02;2.962519e-02;2.848223e-02;4.449166e-02;8.986123e-02;2.961321e-01;1.388520e-01;6.686312e-02;4.401699e-02;1.044463e-01;3.517724e-02
5.092118e-02;5.394007e-02;3.461322e-02;2.509770e-02;5.641725e-02;1.115661e-01;1.955747e-01;1.917316e-01;8.530972e-02;7.054075e-02;7.807022e-02;4.621747e-02
3.490674e-02;5.968065e-02;3.206072e-02;2.333514e-02;5.024619e-02;1.019779e-01;2.330006e-01;1.618991e-01;7.358825e-02;8.156844e-02;1.177523e-01;2.998395e-02
7.927570e-02;5.121137e-02;3.574016e-02;3.309307e-02;5.697212e-02;4.806712e-02;3.215719e-01;1.419904e-01;4.601875e-02;7.185515e-02;7.993227e-02;3.427203e-02
9.890969e-02;4.598594e-02;3.690093e-02;3.591691e-02;4.356577e-02;4.760513e-02;2.518493e-01;2.548219e-01;3.671446e-02;4.742542e-02;5.693343e-02;4.337109e-02
1.166468e-01;7.626560e-02;3.106041e-02;4.494585e-02;2.639521e-02;7.567542e-02;1.583753e-01;1.724849e-01;3.967402e-02;4.624894e-02;1.781227e-01;3.410482e-02
1.297042e-01;6.192328e-02;3.295424e-02;3.973987e-02;5.027004e-02;5.278322e-02;1.297344e-01;1.434665e-01;7.393333e-02;1.184630e-01;1.510029e-01;1.602512e-02
1.124778e-01;9.477967e-02;4.199510e-02;4.527666e-02;6.591726e-02;6.928778e-02;1.456334e-01;1.275620e-01;6.514015e-02;1.448346e-01;4.924089e-02;3.785465e-02
1.209078e-01;1.087409e-01;3.383694e-02;4.936611e-02;6.844978e-02;8.126104e-02;1.228615e-01;1.290092e-01;7.280836e-02;1.247107e-01;4.193669e-02;4.611092e-02
1.046357e-01;8.354978e-02;3.150880e-02;3.264654e-02;5.037873e-02;5.285139e-02;1.164557e-01;1.189565e-01;1.534161e-01;1.107735e-01;9.250831e-02;5.231886e-02
1.211184e-01;1.141483e-01;5.119395e-02;2.756148e-02;2.899465e-02;6.405970e-02;8.787777e-02;1.207437e-01;1.329271e-01;7.774648e-02;1.183315e-01;5.529699e-02
2.347907e-01;1.769113e-01;3.282513e-02;2.135748e-02;2.004032e-02;4.887921e-02;1.391507e-01;1.156383e-01;4.127179e-02;3.126477e-02;1.133637e-01;2.450664e-02
3.285907e-01;1.563700e-01;1.545817e-02;1.658808e-02;1.470253e-02;6.245279e-02;1.169593e-01;8.801337e-02;1.477789e-02;2.378417e-02;1.541108e-01;8.192298e-03
4.072145e-01;1.826488e-01;6.219618e-03;1.017335e-02;1.636208e-02;6.686266e-02;6.920163e-02;7.149190e-02;1.518540e-02;2.379626e-02;1.246767e-01;6.167053e-03
4.021277e-01;3.026191e-01;1.495358e-02;4.668776e-03;1.689279e-02;4.884778e-02;5.615936e-02;5.831927e-02;2.570872e-02;2.118878e-02;4.332659e-02;5.187571e-03
3.204020e-01;4.300805e-01;2.032549e-02;7.590365e-03;8.348896e-03;4.616030e-02;4.705459e-02;3.200155e-02;5.117196e-02;1.901853e-02;1.441983e-02;3.425978e-03
2.252360e-01;4.904124e-01;2.480583e-02;8.028662e-03;2.457014e-03;8.922309e-02;2.348030e-02;2.274969e-02;6.953600e-02;1.557462e-02;2.348122e-02;5.015143e-03
1.408100e-01;5.269912e-01;3.559737e-02;8.912083e-03;2.732357e-03;1.135127e-01;2.099581e-02;3.789260e-02;7.039506e-02;1.885317e-02;1.545839e-02;7.849273e-03
1.302587e-01;5.241930e-01;4.879836e-02;8.358161e-03;4.344071e-03;9.509625e-02;2.215598e-02;5.048490e-02;6.046962e-02;3.152014e-02;1.549840e-02;8.822402e-03
9.826393e-02;5.271113e-01;6.996398e-02;9.842789e-03;8.869305e-03;6.130680e-02;4.086227e-02;6.244464e-02;4.381200e-02;5.474521e-02;1.673545e-02;6.042298e-03
1.321847e-01;5.052177e-01;8.670166e-02;1.376486e-02;1.186341e-02;2.497481e-02;5.356911e-02;4.675626e-02;2.854369e-02;8.269469e-02;7.617816e-03;6.111247e-03
1.287842e-01;4.730164e-01;9.082763e-02;1.722652e-02;1.499789e-02;2.229748e-02;7.288774e-02;2.642452e-02;1.977606e-02;1.106256e-01;1.861574e-02;4.520141e-03
1.488672e-01;4.308496e-01;7.907990e-02;2.272164e-02;2.625707e-02;3.359284e-02;6.286794e-02;3.040249e-02;3.531225e-02;1.010088e-01;2.330211e-02;5.738212e-03
2.192905e-01;3.871642e-01;5.833723e-02;3.287806e-02;3.012644e-02;2.869098e-02;5.537121e-02;3.211803e-02;5.994771e-02;7.600091e-02;1.469002e-02;5.384704e-03
3.160343e-01;2.926514e-01;3.600385e-02;3.496364e-02;7.054635e-02;1.921659e-02;4.996012e-02;4.537086e-02;5.695399e-02;5.840753e-02;1.400599e-02;5.885443e-03
3.457783e-01;3.228368e-01;4.449946e-02;2.034333e-02;8.128391e-02;1.803093e-02;4.172849e-02;3.685568e-02;3.772777e-02;3.046291e-02;1.368465e-02;6.767671e-03
2.971340e-01;3.893535e-01;5.931910e-02;2.518261e-02;4.146330e-02;2.570430e-02;3.597003e-02;2.903448e-02;4.901201e-02;2.694132e-02;1.186386e-02;9.021453e-03
1.884477e-01;4.135019e-01;8.241241e-02;3.191251e-02;1.844769e-02;4.561209e-02;3.111027e-02;4.194909e-02;7.202227e-02;4.652940e-02;1.694612e-02;1.110851e-02
1.124243e-01;3.786062e-01;1.528109e-01;2.779604e-02;2.397298e-02;3.845298e-02;4.678049e-02;3.591378e-02;8.017505e-02;7.308768e-02;2.453894e-02;5.440739e-03
