1.012994e-01;1.101344e-01;1.327123e-01;4.587806e-02;5.787547e-02;5.677763e-02;1.310232e-01;6.026084e-02;8.839229e-02;6.858231e-02;9.137318e-02;5.569099e-02
9.072924e-02;6.915107e-02;1.173571e-01;3.427108e-02;6.460015e-02;5.077554e-02;1.988784e-01;8.565064e-02;6.256721e-02;8.503029e-02;6.849097e-02;7.249833e-02
9.832749e-02;6.316571e-02;1.121482e-01;4.945207e-02;8.671272e-02;6.855126e-02;1.637868e-01;5.634606e-02;8.277632e-02;8.841019e-02;7.724822e-02;5.307493e-02
4.761619e-02;1.140260e-01;1.309306e-01;2.870055e-02;5.585065e-02;6.191606e-02;1.008053e-01;3.418986e-02;1.282767e-01;1.079656e-01;8.852776e-02;1.011947e-01
7.897772e-02;9.627794e-02;9.582252e-02;2.784990e-02;5.057856e-02;4.730923e-02;7.130826e-02;3.504015e-02;1.415240e-01;1.286599e-01;8.160069e-02;1.450511e-01
1.175838e-01;7.141350e-02;5.393595e-02;5.938455e-02;5.081320e-02;3.751151e-02;5.758512e-02;3.773641e-02;1.394442e-01;1.431843e-01;6.131526e-02;1.700921e-01
9.602356e-02;6.031404e-02;6.794576e-02;7.027824e-02;6.925666e-02;4.290197e-02;6.665126e-02;3.788154e-02;1.297452e-01;1.444732e-01;5.959582e-02;1.549328e-01
5.728713e-02;3.378295e-02;8.294413e-02;8.877150e-02;9.342948e-02;4.871296e-02;9.145997e-02;3.842274e-02;1.244644e-01;1.562337e-01;5.837293e-02;1.261181e-01
4.609917e-02;6.702282e-02;7.562471e-02;8.247850e-02;7.674237e-02;4.991002e-02;9.940705e-02;5.680077e-02;1.237214e-01;1.434219e-01;5.535720e-02;1.234141e-01
6.686735e-02;9.894462e-02;6.938548e-02;6.706556e-02;8.442516e-02;6.729510e-02;7.911786e-02;7.524354e-02;1.199124e-01;1.046470e-01;5.494561e-02;1.121504e-01
7.464261e-02;1.061082e-01;4.879495e-02;6.769685e-02;8.272658e-02;7.692039e-02;1.095878e-01;1.241957e-01;1.025995e-01;9.489915e-02;3.265174e-02;7.917649e-02
7.969262e-02;9.532844e-02;8.338538e-02;1.375755e-01;6.023213e-02;6.849165e-02;1.243422e-01;1.370086e-01;5.580202e-02;6.649591e-02;3.738154e-02;5.426403e-02
1.001017e-01;6.784698e-02;1.474212e-01;1.018397e-01;4.416927e-02;7.080064e-02;6.282160e-02;7.281150e-02;8.499880e-02;1.098372e-01;7.337397e-02;6.397746e-02
8.332053e-02;9.287274e-02;1.390067e-01;5.903850e-02;4.027119e-02;6.613331e-02;8.099703e-02;6.705937e-02;1.016447e-01;1.231163e-01;7.338071e-02;7.315902e-02
1.076510e-01;9.442145e-02;1.578357e-01;5.915409e-02;5.117347e-02;4.644005e-02;8.378417e-02;1.044491e-01;1.121341e-01;7.846166e-02;6.085758e-02;4.363758e-02
1.157326e-01;7.739434e-02;1.255808e-01;5.197262e-02;4.948328e-02;3.900589e-02;1.148275e-01;1.359934e-01;9.533729e-02;8.088484e-02;4.920249e-02;6.458482e-02
1.020131e-01;5.961481e-02;7.469407e-02;5.077660e-02;3.385804e-02;2.454947e-02;1.834148e-01;1.650718e-01;6.311797e-02;1.022580e-01;3.491488e-02;1.057165e-01
5.719956e-02;4.574750e-02;2.721609e-02;6.229193e-02;1.268099e-02;7.439416e-03;2.931942e-01;1.637727e-01;2.102232e-02;9.465192e-02;2.330421e-02;1.914791e-01
2.930436e-02;4.434334e-02;1.208957e-02;6.401737e-02;3.994991e-03;1.877705e-02;3.543703e-01;8.572501e-02;3.426054e-02;6.080290e-02;2.175899e-02;2.705556e-01
3.155040e-02;3.950730e-02;1.000251e-02;4.966785e-02;5.308741e-03;2.554571e-02;3.775790e-01;1.110473e-02;6.504190e-02;4.287540e-02;3.747611e-02;3.043404e-01
1.382856e-02;2.864163e-02;1.739096e-02;4.040657e-02;7.362326e-03;5.656870e-02;3.775613e-01;3.740120e-02;6.943857e-02;2.453925e-02;5.487946e-02;2.719814e-01
3.501005e-02;2.920744e-02;3.801920e-02;5.918849e-02;2.317460e-02;1.050569e-01;3.277187e-01;4.920360e-02;5.867856e-02;2.503814e-02;6.371715e-02;1.859873e-01
1.187119e-01;3.440328e-02;4.825323e-02;6.255554e-02;3.328264e-02;9.792811e-02;2.875850e-01;1.036793e-01;4.884790e-02;3.470856e-02;4.451803e-02;8.552665e-02
2.445057e-01;3.613503e-02;3.237268e-02;4.572320e-02;4.146396e-02;4.388555e-02;1.914277e-01;2.082264e-01;3.992620e-02;2.218506e-02;1.762767e-02;7.652091e-02
3.250020e-01;6.978209e-02;3.453399e-02;2.127833e-02;9.483615e-02;1.241622e-02;5.261755e-02;2.554631e-01;4.786950e-02;9.049197e-03;2.450274e-02;5.264910e-02
2.676738e-01;1.280636e-01;4.615163e-02;7.090549e-03;9.803195e-02;3.197412e-02;4.348101e-02;1.928896e-01;1.153697e-01;1.303171e-02;2.485594e-02;3.138636e-02
1.571910e-01;1.822335e-01;7.392807e-02;1.581388e-02;5.024849e-02;9.041209e-02;1.150873e-02;1.026158e-01;2.096663e-01;5.855658e-02;1.996365e-02;2.786181e-02
8.910390e-02;1.795824e-01;1.016930e-01;1.824277e-02;9.568636e-03;1.241517e-01;3.330085e-02;4.946109e-02;2.100479e-01;1.313644e-01;1.498743e-02;3.849598e-02
4.962629e-02;1.271696e-01;1.847479e-01;1.038261e-02;8.938694e-03;9.389663e-02;4.538930e-02;3.437324e-02;1.593303e-01;2.290808e-01;1.466674e-02;4.239790e-02
4.293932e-02;4.484152e-02;2.804599e-01;1.896527e-02;1.226307e-02;3.307294e-02;1.028727e-01;2.598161e-02;7.035004e-02;3.191445e-01;2.260865e-02;2.650036e-02
5.392196e-02;2.122743e-02;2.532799e-01;7.014112e-02;9.972516e-03;1.261367e-02;1.208663e-01;4.738059e-02;1.888848e-02;2.749664e-01;1.029582e-01;1.378346e-02
3.791504e-02;2.419945e-02;1.422425e-01;1.377339e-01;2.946487e-02;1.364444e-02;6.835869e-02;1.093022e-01;3.692620e-02;1.390112e-01;2.140998e-01;4.710185e-02
1.582723e-02;2.352068e-02;7.035449e-02;1.279588e-01;8.483296e-02;1.775623e-02;2.801454e-02;1.264820e-01;8.280945e-02;4.751712e-02;2.048070e-01;1.701196e-01
3.556377e-02;1.588207e-02;6.183003e-02;5.956963e-02;1.388509e-01;3.741080e-02;3.514564e-02;6.650188e-02;1.473208e-01;1.840117e-02;9.027968e-02;2.932436e-01
1.110087e-01;1.022179e-02;6.094496e-02;2.917584e-02;1.429282e-01;8.377734e-02;5.807363e-02;2.485264e-02;1.406998e-01;3.206633e-02;2.604385e-02;2.802070e-01
2.027399e-01;1.199791e-02;3.819371e-02;2.529394e-02;1.065317e-01;1.403919e-01;8.784064e-02;2.991116e-02;6.535629e-02;9.432662e-02;5.984494e-02;1.375713e-01
1.873396e-01;9.411541e-03;4.019797e-02;3.540980e-02;9.273002e-02;1.519434e-01;1.110860e-01;3.621856e-02;5.491066e-02;1.267500e-01;7.585593e-02;7.814651e-02
1.120389e-01;1.974002e-02;1.101549e-01;4.992963e-02;9.044107e-02;1.174624e-01;1.483877e-01;3.994192e-02;5.243968e-02;1.262129e-01;8.126540e-02;5.198550e-02
9.580579e-02;2.442246e-02;2.189125e-01;6.321117e-02;7.523558e-02;6.576241e-02;1.347280e-01;4.018301e-02;4.887209e-02;1.034787e-01;6.862843e-02;6.075985e-02
1.057296e-01;2.646075e-02;2.590477e-01;5.489075e-02;5.070473e-02;7.329959e-02;9.254678e-02;4.440869e-02;6.224671e-02;6.199356e-02;3.679422e-02;1.318769e-01
5.229080e-02;2.371051e-02;3.002943e-01;5.475103e-02;6.095540e-02;9.537841e-02;6.586809e-02;4.565359e-02;6.032781e-02;4.496058e-02;2.555411e-02;1.702554e-01
1.249824e-01;1.259323e-02;3.200932e-01;3.755083e-02;6.620862e-02;9.275991e-02;6.236234e-02;3.268967e-02;5.366039e-02;2.336929e-02;3.349579e-02;1.402344e-01
1.262226e-01;2.360324e-02;3.080094e-01;3.252623e-02;6.615529e-02;8.877385e-02;8.235975e-02;2.930683e-02;5.986625e-02;3.909684e-02;5.689381e-02;8.718595e-02
7.719234e-02;3.996433e-02;1.873189e-01;4.522569e-02;9.023364e-02;9.542283e-02;2.049378e-01;4.374031e-02;4.926301e-02;4.949456e-02;5.547833e-02;6.172825e-02
6.164299e-02;4.242177e-02;8.236825e-02;3.961547e-02;1.215529e-01;1.077377e-01;3.002767e-01;4.122639e-02;4.106942e-02;3.994407e-02;3.341113e-02;8.873319e-02
6.373743e-02;4.116649e-02;1.338586e-01;4.430310e-02;1.627542e-01;1.175678e-01;2.443472e-01;2.301640e-02;4.123408e-02;2.120524e-02;1.465859e-02;9.215091e-02
4.083126e-02;3.934187e-02;1.823034e-01;7.227943e-02;2.252687e-01;1.096402e-01;1.157655e-01;1.354543e-02;4.577325e-02;7.508871e-03;1.892458e-02;1.288175e-01
1.803298e-02;9.299385e-02;2.753018e-01;9.825426e-02;2.072945e-01;7.037536e-02;2.306680e-02;1.307702e-02;1.984862e-02;1.500701e-02;4.351491e-02;1.232328e-01
3.228067e-02;1.390572e-01;3.600076e-01;7.913334e-02;1.314892e-01;5.305429e-02;3.906488e-02;1.659227e-02;1.187320e-02;2.347534e-02;5.436832e-02;5.960371e-02
8.093799e-02;1.429090e-01;3.600357e-01;5.183049e-02;1.119397e-01;6.098420e-02;3.256791e-02;1.405590e-02;2.161981e-02;4.506189e-02;4.846609e-02;2.959138e-02
1.376777e-01;1.530950e-01;1.712605e-01;2.374083e-02;1.299408e-01;8.212537e-02;3.171792e-02;1.251386e-02;3.131120e-02;7.621367e-02;7.777171e-02;7.263134e-02
1.143817e-01;9.705915e-02;1.181189e-01;3.127071e-02;1.247736e-01;7.855123e-02;6.195970e-02;1.367944e-02;3.208018e-02;8.886111e-02;1.448369e-01;9.442750e-02
6.199457e-02;6.440928e-02;1.787148e-01;5.607093e-02;1.154398e-01;6.900898e-02;4.776286e-02;1.402569e-02;3.494529e-02;1.040472e-01;1.656928e-01;8.788775e-02
4.276189e-02;5.082287e-02;1.986410e-01;5.566400e-02;1.031749e-01;7.004156e-02;9.741592e-02;4.994449e-02;5.442454e-02;1.170632e-01;1.097086e-01;5.033697e-02
2.157473e-02;3.420056e-02;1.444268e-01;5.902642e-02;1.131949e-01;8.345507e-02;1.346060e-01;8.707754e-02;6.254204e-02;1.190721e-01;8.255146e-02;5.827245e-02
3.827779e-02;3.525469e-02;1.613976e-01;5.606307e-02;1.015243e-01;7.269347e-02;1.038741e-01;9.026221e-02;4.564419e-02;1.158864e-01;9.711639e-02;8.200586e-02
5.323850e-02;4.022291e-02;1.836843e-01;3.622946e-02;8.573445e-02;7.117894e-02;5.618833e-02;6.149372e-02;3.418976e-02;1.432361e-01;1.385579e-01;9.604555e-02
5.046952e-02;4.217047e-02;4.449213e-02;2.179068e-02;7.692803e-02;8.705989e-02;6.311112e-02;4.219315e-02;5.363702e-02;2.041224e-01;2.206102e-01;9.341534e-02
4.588218e-02;4.597753e-02;5.412675e-02;2.546306e-02;6.947276e-02;6.635498e-02;5.396546e-02;4.351938e-02;6.752674e-02;2.539645e-01;2.108394e-01;6.290732e-02
3.635587e-02;4.101005e-02;5.119126e-02;4.436353e-02;8.704802e-02;5.390503e-02;7.161445e-02;4.095566e-02;9.070591e-02;2.842795e-01;1.670896e-01;3.148121e-02
5.024146e-02;4.212316e-02;7.053426e-02;8.690538e-02;6.563062e-02;3.937183e-02;1.343018e-01;5.368039e-02;1.099975e-01;2.096183e-01;1.220364e-01;1.555897e-02
7.279353e-02;3.314100e-02;9.694313e-02;1.031994e-01;4.278200e-02;3.175860e-02;1.491219e-01;6.892689e-02;1.299202e-01;1.469387e-01;1.109002e-01;1.357435e-02
4.705933e-02;4.139546e-02;1.154228e-01;8.527162e-02;4.229617e-02;6.269551e-02;1.591703e-01;6.463199e-02;1.121548e-01;1.377334e-01;8.885726e-02;4.331124e-02
1.993885e-02;5.055344e-02;1.244737e-01;4.995021e-02;3.637881e-02;1.037823e-01;2.055046e-01;6.677812e-02;9.752291e-02;1.302808e-01;4.871937e-02;6.611679e-02
1.456605e-02;4.255302e-02;1.277876e-01;4.920167e-02;3.206494e-02;1.299050e-01;2.227584e-01;7.210548e-02;8.042178e-02;1.126852e-01;4.959295e-02;6.635784e-02
2.285008e-02;3.789892e-02;1.070038e-01;7.722998e-02;4.212195e-02;1.109489e-01;1.946838e-01;7.158455e-02;8.827030e-02;1.350456e-01;6.404579e-02;4.831643e-02
4.545844e-02;2.269761e-02;6.806448e-02;1.340846e-01;3.848740e-02;6.415516e-02;1.663801e-01;6.088192e-02;1.049116e-01;1.655010e-01;1.037342e-01;2.564340e-02
6.809800e-02;1.376495e-02;5.132261e-02;1.659093e-01;4.374568e-02;4.512338e-02;1.663266e-01;4.467455e-02;9.451628e-02;1.735213e-01;1.135605e-01;1.943686e-02
5.583678e-02;1.395529e-02;5.678215e-02;1.380359e-01;1.118782e-01;4.046407e-02;1.652157e-01;3.480661e-02;6.798627e-02;1.886787e-01;1.015692e-01;2.479120e-02
4.192321e-02;3.100721e-02;5.519973e-02;7.047252e-02;2.014963e-01;4.785227e-02;1.259554e-01;4.866319e-02;5.857965e-02;1.840135e-01;9.472447e-02;4.011256e-02
5.125038e-02;5.977924e-02;6.122112e-02;4.043319e-02;1.655819e-01;5.157287e-02;1.085034e-01;1.001761e-01;7.540540e-02;1.426507e-01;1.053785e-01;3.804727e-02
5.786497e-02;6.809521e-02;7.500328e-02;2.967409e-02;1.128140e-01;7.756887e-02;8.174135e-02;1.160364e-01;7.848702e-02;1.188389e-01;1.587453e-01;2.513062e-02
5.348202e-02;5.809221e-02;1.067943e-01;2.423182e-02;6.515934e-02;1.233731e-01;4.171264e-02;9.326001e-02;8.497822e-02;9.003837e-02;2.308065e-01;2.807148e-02
2.979756e-02;3.492517e-02;1.155418e-01;3.997248e-02;2.497591e-02;1.177161e-01;9.599347e-02;5.028160e-02;1.442138e-01;3.933725e-02;2.084914e-01;9.875350e-02
3.187355e-02;3.459937e-02;6.880528e-02;9.043668e-02;1.741038e-02;5.501804e-02;1.844163e-01;3.245424e-02;1.168145e-01;7.842512e-02;9.364904e-02;1.960975e-01
5.537795e-02;3.669437e-02;2.850136e-02;1.202039e-01;1.872050e-02;2.635295e-02;2.070374e-01;5.760074e-02;4.110545e-02;1.807651e-01;1.558919e-02;2.120512e-01
1.235436e-01;2.300617e-02;2.289375e-02;8.863638e-02;4.664261e-02;1.641265e-02;1.316100e-01;1.313283e-01;2.257590e-02;2.109661e-01;5.080689e-02;1.315776e-01
1.888371e-01;3.754081e-02;3.516043e-02;3.993132e-02;9.678858e-02;1.590508e-02;4.925670e-02;2.006774e-01;4.156599e-02;1.233886e-01;1.128657e-01;5.808229e-02
1.618712e-01;1.014330e-01;4.159590e-02;1.847273e-02;9.575325e-02;3.921741e-02;1.682757e-02;1.802907e-01;1.234921e-01;4.701366e-02;1.375814e-01;3.645106e-02
7.987522e-02;1.892964e-01;6.114317e-02;1.778097e-02;4.017253e-02;8.862047e-02;1.140573e-02;9.764966e-02;2.394848e-01;2.292681e-02;8.325133e-02;6.839285e-02
5.024534e-02;2.045119e-01;1.151967e-01;1.607863e-02;9.635645e-03;9.321765e-02;2.895643e-02;4.193091e-02;2.377742e-01;7.168623e-02;2.774164e-02;1.030247e-01
4.146478e-02;1.174410e-01;2.370598e-01;9.530589e-03;2.011135e-02;4.536896e-02;6.403109e-02;2.444772e-02;1.440143e-01;2.038943e-01;8.905538e-03;8.373057e-02
5.415992e-02;2.364733e-02;3.345869e-01;1.275921e-02;2.124395e-02;1.065343e-02;9.987246e-02;1.526326e-02;7.043358e-02;3.067276e-01;1.778438e-02;3.286806e-02
7.838715e-02;2.744535e-02;3.210816e-01;2.936290e-02;1.946364e-02;7.250378e-03;1.003695e-01;1.376784e-02;5.938009e-02;2.733623e-01;5.491998e-02;1.520920e-02
7.780793e-02;2.506614e-02;2.844771e-01;6.367441e-02;1.731928e-02;1.490717e-02;7.693806e-02;2.050222e-02;7.034571e-02;1.948764e-01;1.352131e-01;1.887247e-02
3.866928e-02;2.775409e-02;2.435633e-01;1.162242e-01;3.343560e-02;2.815869e-02;4.293478e-02;3.406366e-02;5.398661e-02;1.130839e-01;2.346009e-01;3.352499e-02
4.683881e-02;3.432933e-02;2.471433e-01;1.416001e-01;4.182746e-02;2.809375e-02;4.151318e-02;4.687935e-02;5.308886e-02;6.018142e-02;2.237390e-01;3.476538e-02
1.115244e-01;3.156456e-02;2.931520e-01;8.976241e-02;3.316757e-02;2.463742e-02;5.122197e-02;3.840308e-02;7.137726e-02;1.105384e-01;1.237758e-01;2.087514e-02
1.425685e-01;4.102229e-02;3.046597e-01;4.444215e-02;3.196387e-02;2.429309e-02;4.883609e-02;3.016968e-02;7.825823e-02;1.559098e-01;6.567948e-02;3.219719e-02
1.252345e-01;6.902254e-02;2.643180e-01;4.497910e-02;3.847641e-02;2.336190e-02;4.434372e-02;3.612864e-02;7.858678e-02;1.454662e-01;6.988230e-02;6.019985e-02
1.194617e-01;7.936971e-02;2.213714e-01;6.088240e-02;4.685877e-02;1.825821e-02;4.652723e-02;4.655400e-02;7.293169e-02;1.100446e-01;1.126558e-01;6.508449e-02
1.095939e-01;7.119808e-02;9.882813e-02;9.585708e-02;5.169471e-02;2.918290e-02;4.075986e-02;4.748095e-02;7.550503e-02;1.527521e-01;1.832850e-01;4.386229e-02
8.855972e-02;7.677584e-02;1.534180e-01;6.230237e-02;4.929176e-02;3.676239e-02;4.180117e-02;4.532181e-02;6.070944e-02;1.812946e-01;1.598592e-01;4.390378e-02
1.005880e-01;7.143870e-02;2.012637e-01;6.046570e-02;5.529618e-02;4.014658e-02;4.830100e-02;5.220482e-02;7.418457e-02;1.580218e-01;9.609625e-02;4.199262e-02
9.265323e-02;6.870566e-02;2.514414e-01;8.601176e-02;7.084914e-02;2.809479e-02;5.717230e-02;5.009300e-02;7.801157e-02;1.171401e-01;3.715435e-02;6.267273e-02
7.954483e-02;8.468635e-02;2.821955e-01;9.913180e-02;5.842677e-02;2.258459e-02;4.723899e-02;3.956671e-02;7.069945e-02;7.258332e-02;4.479995e-02;9.854172e-02
5.876794e-02;9.690452e-02;2.681668e-01;1.044799e-01;6.261503e-02;3.327120e-02;4.237996e-02;5.320966e-02;6.662010e-02;5.035117e-02;7.620324e-02;8.703048e-02
4.191905e-02;6.277505e-02;2.128192e-01;8.891252e-02;8.445618e-02;6.478551e-02;6.266479e-02;7.741058e-02;7.259665e-02;6.789490e-02;8.528201e-02;7.848351e-02
7.255441e-02;4.761619e-02;2.039161e-01;7.784207e-02;8.466576e-02;6.305923e-02;7.152164e-02;1.051683e-01;3.960777e-02;9.289619e-02;8.396431e-02;5.718802e-02
9.986137e-02;5.246457e-02;1.608747e-01;7.780803e-02;8.695362e-02;7.110284e-02;9.360886e-02;9.910949e-02;6.046814e-02;6.592672e-02;7.699374e-02;5.482793e-02
9.313332e-02;9.130751e-02;1.190754e-01;1.157472e-01;7.034694e-02;6.687776e-02;7.881331e-02;6.155005e-02;1.001447e-01;7.859876e-02;6.226975e-02;6.213529e-02
1.185487e-01;7.371503e-02;1.611956e-01;7.756303e-02;5.432436e-02;6.334576e-02;8.611006e-02;5.337951e-02;9.835329e-02;7.507260e-02;5.718503e-02;8.120707e-02
1.017983e-01;8.603114e-02;2.927367e-01;6.108490e-02;5.457125e-02;4.428383e-02;6.305066e-02;4.093959e-02;7.811732e-02;6.277306e-02;3.143084e-02;8.318242e-02
1.344926e-01;1.390244e-01;3.137109e-01;5.606816e-02;4.586449e-02;3.155255e-02;3.951703e-02;3.251314e-02;8.027625e-02;4.173695e-02;1.580410e-02;6.943942e-02
1.937971e-01;1.805990e-01;2.587170e-01;4.246505e-02;3.495222e-02;1.797560e-02;2.462496e-02;4.626173e-02;8.773486e-02;2.743701e-02;2.858965e-02;5.684588e-02
2.990886e-01;1.835395e-01;1.503127e-01;2.396556e-02;3.989407e-02;5.347665e-03;2.307366e-02;1.060493e-01;7.682305e-02;1.261929e-02;3.938451e-02;3.990198e-02
3.729423e-01;1.254291e-01;7.913559e-02;1.351327e-02;4.302233e-02;5.280140e-03;4.670765e-02;1.836946e-01;4.645783e-02;1.972014e-02;2.647633e-02;3.762072e-02
3.158605e-01;8.904070e-02;6.389316e-02;1.857901e-02;3.323967e-02;1.249860e-02;9.207816e-02;2.053530e-01;2.576737e-02;6.291822e-02;2.362336e-02;5.714815e-02
1.750748e-01;5.207313e-02;5.377243e-02;3.991156e-02;3.040976e-02;2.689376e-02;1.367562e-01;1.728409e-01;5.832100e-02;1.077755e-01;4.601571e-02;1.001552e-01
7.223883e-02;3.068863e-02;6.946167e-02;5.578719e-02;3.917641e-02;3.961420e-02;1.353384e-01;1.639849e-01;7.463152e-02;1.220370e-01;6.509421e-02;1.319471e-01
1.141001e-01;1.347950e-02;9.055491e-02;4.177531e-02;4.492198e-02;4.004516e-02;1.292956e-01;2.245934e-01;7.934716e-02;7.904219e-02;4.600802e-02;9.683666e-02
1.236628e-01;3.049379e-02;7.873529e-02;2.949545e-02;4.945547e-02;2.894513e-02;1.441680e-01;2.804085e-01;9.748019e-02;5.442050e-02;2.890953e-02;5.382526e-02
2.125022e-01;4.931933e-02;8.021965e-02;2.922948e-02;4.937465e-02;2.078190e-02;1.558552e-01;2.034521e-01;7.053928e-02;3.235462e-02;3.878217e-02;5.758945e-02
2.490063e-01;9.469996e-02;1.189319e-01;3.037782e-02;4.470297e-02;2.499524e-02;1.557104e-01;1.084938e-01;3.516519e-02;1.979385e-02;4.503429e-02;7.308826e-02
2.055578e-01;1.403666e-01;1.394817e-01;2.508571e-02;3.426805e-02;2.297272e-02;1.447772e-01;7.595482e-02;3.675210e-02;1.650954e-02;4.137758e-02;1.168962e-01
2.058621e-01;1.500630e-01;8.865149e-02;2.531879e-02;3.450128e-02;2.316019e-02;1.592131e-01;1.074501e-01;2.919914e-02;2.385888e-02;2.939438e-02;1.233275e-01
2.513928e-01;1.337390e-01;9.345016e-02;3.477225e-02;4.958914e-02;2.872990e-02;1.368070e-01;1.077511e-01;3.624533e-02;3.154200e-02;1.978469e-02;7.619664e-02
3.145381e-01;1.265479e-01;8.781221e-02;4.221519e-02;4.826305e-02;2.760134e-02;1.274211e-01;6.853133e-02;4.006482e-02;2.786974e-02;2.890000e-02;6.023527e-02
2.849553e-01;1.046415e-01;8.897100e-02;4.320239e-02;4.316599e-02;2.318470e-02;1.389427e-01;6.606478e-02;6.666096e-02;3.582589e-02;3.385805e-02;7.052670e-02
2.437305e-01;7.758483e-02;1.239335e-01;3.134937e-02;4.047186e-02;1.739274e-02;1.523679e-01;8.380193e-02;8.516669e-02;4.827512e-02;3.994765e-02;5.597791e-02
1.864766e-01;9.315959e-02;1.484860e-01;3.724966e-02;4.940682e-02;2.460347e-02;1.429259e-01;1.209194e-01;6.109843e-02;5.648311e-02;2.848139e-02;5.070950e-02
1.194088e-01;7.524917e-02;9.091584e-02;4.930456e-02;9.123994e-02;3.924124e-02;1.721020e-01;1.230352e-01;6.939552e-02;5.357648e-02;3.673517e-02;7.979597e-02
7.882851e-02;3.944174e-02;6.393754e-02;4.599404e-02;9.163108e-02;5.272163e-02;1.893545e-01;1.668954e-01;6.456561e-02;5.951490e-02;4.973115e-02;9.738387e-02
9.128368e-02;5.536197e-02;7.314681e-02;5.395848e-02;7.294963e-02;6.294365e-02;1.635701e-01;1.691891e-01;4.561019e-02;8.518357e-02;5.071839e-02;7.608435e-02
1.272624e-01;1.008304e-01;6.003511e-02;6.998895e-02;6.153511e-02;6.234419e-02;1.385578e-01;1.302931e-01;5.138867e-02;1.039982e-01;5.089751e-02;4.286849e-02
8.452731e-02;8.742891e-02;1.976227e-01;3.435752e-02;6.515738e-02;5.865730e-02;1.817151e-01;6.846591e-02;5.314638e-02;6.199005e-02;5.356648e-02;5.336490e-02
4.569930e-02;4.434844e-02;2.278607e-01;7.336424e-02;7.256654e-02;6.466581e-02;1.555534e-01;6.230411e-02;5.773633e-02;7.538526e-02;8.253443e-02;3.798139e-02
2.516423e-02;2.856954e-02;2.315882e-01;7.704511e-02;6.098838e-02;5.703319e-02;1.449489e-01;5.594854e-02;5.155563e-02;1.271298e-01;1.039664e-01;3.606199e-02
2.340312e-02;1.901023e-02;2.575791e-01;6.150232e-02;4.360155e-02;3.718564e-02;1.280105e-01;4.608485e-02;4.077260e-02;2.005660e-01;1.077484e-01;3.453569e-02
4.100217e-02;1.555501e-02;3.128126e-01;2.727706e-02;2.636655e-02;1.561471e-02;1.147432e-01;3.612111e-02;1.658108e-02;2.851833e-01;8.270890e-02;2.603434e-02
4.315794e-02;7.874502e-03;2.907425e-01;7.520748e-02;1.573521e-02;8.626387e-03;1.096339e-01;2.467438e-02;1.898604e-02;2.884211e-01;1.120700e-01;4.870568e-03
2.617163e-02;8.659424e-03;1.749153e-01;1.630644e-01;1.292406e-02;1.482866e-02;7.165483e-02;7.353944e-02;1.072754e-02;1.620170e-01;2.656735e-01;1.582420e-02
8.642682e-03;2.429297e-02;9.129915e-02;2.117418e-01;2.487952e-02;2.112972e-02;2.701585e-02;1.408713e-01;7.330929e-03;5.485817e-02;3.635083e-01;2.442958e-02
7.724457e-03;4.202522e-02;5.797252e-02;1.820880e-01;6.560287e-02;2.265803e-02;1.827769e-02;1.565179e-01;2.091634e-02;2.195371e-02;3.201104e-01;8.415290e-02
1.347098e-02;4.306998e-02;5.134569e-02;1.117209e-01;1.324514e-01;2.222973e-02;3.192952e-02;9.527566e-02;6.551785e-02;1.492858e-02;1.890624e-01;2.289973e-01
2.331132e-02;2.347318e-02;5.032935e-02;5.470401e-02;1.769999e-01;2.568511e-02;4.591873e-02;4.026786e-02;1.224090e-01;1.372093e-02;4.165505e-02;3.815255e-01
2.292757e-02;1.267546e-02;4.195031e-02;4.608583e-02;1.637357e-01;3.274916e-02;4.692729e-02;2.324481e-02;1.230741e-01;2.630274e-02;9.746663e-02;3.628605e-01
2.994667e-02;1.809592e-02;1.043046e-01;6.370606e-02;1.355540e-01;4.069235e-02;6.170058e-02;2.538136e-02;8.898505e-02;2.732119e-02;1.398812e-01;2.644309e-01
4.203440e-02;2.431010e-02;1.566153e-01;5.563913e-02;1.091893e-01;4.329718e-02;8.428497e-02;3.724485e-02;6.144277e-02;3.941563e-02;1.437246e-01;2.028018e-01
4.654447e-02;2.246439e-02;1.365360e-01;6.715505e-02;1.369248e-01;3.276048e-02;7.158270e-02;3.991912e-02;8.066521e-02;6.657093e-02;1.466943e-01;1.521825e-01
4.714037e-02;4.320243e-02;1.085340e-01;1.139794e-01;1.487847e-01;3.948351e-02;7.045615e-02;4.906791e-02;6.819522e-02;5.865070e-02;1.295878e-01;1.229178e-01
3.962677e-02;5.491963e-02;1.063194e-01;1.186511e-01;1.373102e-01;2.952333e-02;5.830291e-02;5.304994e-02;3.771465e-02;4.296987e-02;1.195526e-01;2.020597e-01
3.905458e-02;4.325715e-02;1.152018e-01;1.166510e-01;1.260125e-01;3.483447e-02;3.898157e-02;5.326245e-02;5.601082e-02;3.462335e-02;8.509336e-02;2.570170e-01
6.834827e-02;6.746872e-02;1.167387e-01;7.346281e-02;1.003220e-01;4.597953e-02;7.708429e-02;4.406970e-02;4.750651e-02;3.769112e-02;1.057776e-01;2.155507e-01
9.130316e-02;1.064007e-01;1.082675e-01;9.004096e-02;8.120907e-02;4.429887e-02;7.764281e-02;5.068443e-02;7.266690e-02;6.209169e-02;9.197474e-02;1.234191e-01
9.161843e-02;1.137191e-01;8.971691e-02;7.845583e-02;7.093515e-02;4.810759e-02;1.451397e-01;4.951177e-02;8.300254e-02;6.242098e-02;7.783131e-02;8.954066e-02
9.033051e-02;7.195798e-02;8.126947e-02;3.618987e-02;6.519292e-02;7.494698e-02;2.953758e-01;6.454036e-02;5.971922e-02;3.974991e-02;5.158322e-02;6.914375e-02
9.744893e-02;6.175600e-02;9.087391e-02;4.201126e-02;8.860675e-02;9.638920e-02;3.080474e-01;6.064253e-02;4.195879e-02;2.360297e-02;3.536298e-02;5.329923e-02
8.253066e-02;7.890218e-02;1.314995e-01;5.756089e-02;1.281930e-01;9.742346e-02;2.355177e-01;4.169312e-02;3.779886e-02;1.424843e-02;3.184671e-02;6.278551e-02
4.697542e-02;9.533276e-02;2.361507e-01;8.459444e-02;1.649601e-01;7.030544e-02;1.047053e-01;3.196255e-02;3.238661e-02;1.349319e-02;3.404912e-02;8.508448e-02
5.346029e-02;1.008632e-01;3.285505e-01;8.616071e-02;1.305041e-01;5.036068e-02;6.385617e-02;3.412304e-02;1.567510e-02;2.298709e-02;4.682621e-02;6.663292e-02
8.648781e-02;9.078488e-02;2.694596e-01;6.220861e-02;1.055545e-01;6.385972e-02;1.167025e-01;4.761817e-02;1.275464e-02;3.176808e-02;5.843120e-02;5.437025e-02
1.160035e-01;5.752813e-02;2.143259e-01;4.777331e-02;9.025353e-02;5.619298e-02;1.172615e-01;4.727973e-02;2.517549e-02;4.898773e-02;9.330073e-02;8.591750e-02
9.743053e-02;6.052360e-02;1.441114e-01;3.719814e-02;8.934461e-02;4.200870e-02;1.332636e-01;4.049740e-02;4.347847e-02;7.874946e-02;1.170575e-01;1.163367e-01
4.082056e-02;5.709244e-02;2.417433e-01;5.525200e-02;9.029021e-02;4.836890e-02;1.254827e-01;5.127680e-02;5.676670e-02;7.052578e-02;7.247599e-02;8.990462e-02
7.494393e-02;7.181152e-02;3.435453e-01;4.833186e-02;6.993774e-02;4.659276e-02;1.011553e-01;5.121401e-02;5.359404e-02;4.673089e-02;4.146829e-02;5.067430e-02
8.552677e-02;1.010821e-01;4.457740e-01;3.886316e-02;4.638309e-02;3.995059e-02;6.921244e-02;5.856302e-02;4.661486e-02;3.049584e-02;1.624058e-02;2.129349e-02
7.387876e-02;1.211694e-01;5.106545e-01;3.208065e-02;2.593468e-02;2.869000e-02;3.143039e-02;7.479657e-02;5.976240e-02;2.101714e-02;5.793734e-03;1.479170e-02
1.282045e-01;1.228728e-01;4.516945e-01;2.731651e-02;1.159018e-02;1.493248e-02;3.040949e-02;6.962924e-02;7.250008e-02;2.680836e-02;1.828999e-02;2.575183e-02
1.792979e-01;1.277491e-01;3.596573e-01;2.426844e-02;1.734414e-02;1.202502e-02;3.513931e-02;4.580912e-02;7.301395e-02;4.211589e-02;4.239070e-02;4.118912e-02
1.477034e-01;1.653130e-01;3.397314e-01;2.191836e-02;1.768575e-02;1.443751e-02;4.303433e-02;2.405860e-02;6.695738e-02;5.122039e-02;5.887335e-02;4.906648e-02
1.406106e-01;1.682954e-01;3.697215e-01;2.727096e-02;1.514740e-02;1.877487e-02;4.194227e-02;2.470146e-02;6.081885e-02;3.506412e-02;4.867764e-02;4.897486e-02
1.569144e-01;1.176871e-01;4.087592e-01;2.107511e-02;2.127106e-02;1.846581e-02;4.860329e-02;4.191915e-02;6.504314e-02;2.082175e-02;3.312613e-02;4.631390e-02
7.559516e-02;9.241582e-02;4.148044e-01;3.933877e-02;4.995057e-02;3.480779e-02;6.383370e-02;7.130978e-02;7.300536e-02;2.721113e-02;2.004468e-02;3.768287e-02
1.274486e-01;8.346248e-02;3.173047e-01;5.196308e-02;4.964693e-02;4.422747e-02;1.012797e-01;5.429932e-02;7.454830e-02;2.735000e-02;2.782306e-02;4.064637e-02
1.802940e-01;7.440572e-02;3.720708e-01;3.827773e-02;3.603912e-02;3.331320e-02;1.064505e-01;1.906396e-02;4.426890e-02;2.965344e-02;1.903445e-02;4.712822e-02
8.491742e-02;6.149993e-02;1.613626e-01;7.125090e-02;5.279566e-02;8.430015e-02;1.157927e-01;8.700290e-02;8.848111e-02;7.264526e-02;5.995467e-02;5.999670e-02
8.299817e-02;7.329743e-02;1.460791e-01;1.080475e-01;4.887773e-02;8.418684e-02;9.822790e-02;6.897451e-02;9.491298e-02;7.829379e-02;5.966223e-02;5.644180e-02
9.950735e-02;8.429116e-02;1.720108e-01;1.406869e-01;5.562500e-02;7.468233e-02;6.924291e-02;3.837961e-02;8.416396e-02;7.150866e-02;5.751729e-02;5.238402e-02
1.208819e-01;7.217232e-02;1.925937e-01;1.490242e-01;9.056197e-02;7.102179e-02;5.225702e-02;3.337383e-02;6.061227e-02;5.801554e-02;4.594884e-02;5.353659e-02
1.295624e-01;7.804118e-02;2.568914e-01;1.023654e-01;1.001531e-01;5.060868e-02;4.750989e-02;5.951587e-02;6.493420e-02;3.673964e-02;3.458284e-02;3.909540e-02
1.754113e-01;1.361892e-01;2.284111e-01;5.632627e-02;6.599986e-02;1.836071e-02;4.171354e-02;9.561444e-02;9.655120e-02;2.658181e-02;3.527994e-02;2.356069e-02
2.599044e-01;1.175966e-01;1.355421e-01;3.346838e-02;6.584059e-02;1.316577e-02;3.977035e-02;1.756746e-01;9.267861e-02;1.776759e-02;3.017579e-02;1.841521e-02
2.779046e-01;7.406367e-02;7.135401e-02;2.068644e-02;5.417459e-02;2.563955e-02;8.164065e-02;2.551822e-01;5.861382e-02;2.227369e-02;1.863145e-02;3.983529e-02
1.719982e-01;6.523430e-02;3.532306e-02;4.130647e-02;2.900902e-02;4.144655e-02;1.966570e-01;2.521658e-01;1.886502e-02;4.601457e-02;7.627446e-03;9.435262e-02
5.316446e-02;1.063946e-01;1.181227e-02;6.122526e-02;1.714558e-02;3.533121e-02;3.249772e-01;1.516589e-01;1.615950e-02;5.242638e-02;1.280823e-02;1.568965e-01
3.790958e-02;1.481138e-01;1.537048e-02;5.511624e-02;1.337385e-02;4.668855e-02;3.700887e-01;5.372692e-02;1.630175e-02;3.443738e-02;2.179469e-02;1.870780e-01
2.505305e-02;1.348298e-01;2.167411e-02;3.097903e-02;2.200099e-02;1.064782e-01;3.615305e-01;4.810290e-02;2.644443e-02;1.696271e-02;4.664698e-02;1.592973e-01
2.740455e-02;9.099356e-02;4.387518e-02;8.205615e-03;5.954534e-02;2.048765e-01;2.721895e-01;8.014213e-02;4.805428e-02;1.338011e-02;6.248631e-02;8.884687e-02
3.270389e-02;5.656156e-02;8.283155e-02;1.717941e-02;8.936267e-02;2.436575e-01;1.790289e-01;7.194303e-02;7.947718e-02;2.807697e-02;6.313183e-02;5.604558e-02
5.094422e-02;2.299247e-02;1.185246e-01;1.748762e-02;6.123764e-02;1.981075e-01;1.789027e-01;4.185351e-02;9.454677e-02;4.824055e-02;1.047594e-01;6.240297e-02
7.155392e-02;1.446434e-02;1.690150e-01;2.981842e-02;3.375660e-02;1.828919e-01;1.115550e-01;1.733411e-02;7.433108e-02;8.583788e-02;1.628957e-01;4.654601e-02
8.755504e-02;3.898630e-02;1.701126e-01;5.321192e-02;2.224442e-02;1.600455e-01;1.203045e-01;2.801576e-02;3.465604e-02;9.481439e-02;1.400175e-01;5.003590e-02
9.967265e-02;6.263769e-02;1.496882e-01;5.903688e-02;2.412021e-02;1.356330e-01;1.551507e-01;3.767746e-02;4.826184e-02;8.706398e-02;9.099919e-02;5.005819e-02
8.035638e-02;5.020831e-02;1.461521e-01;4.624097e-02;3.384917e-02;1.339719e-01;1.094744e-01;3.769330e-02;4.422261e-02;1.098175e-01;1.342009e-01;7.381238e-02
4.611836e-02;3.978106e-02;7.720421e-02;2.751949e-02;3.601450e-02;1.651523e-01;1.192451e-01;2.951270e-02;3.017967e-02;1.426715e-01;2.109555e-01;7.564565e-02
3.516793e-02;3.393585e-02;6.625703e-02;1.535860e-02;3.245001e-02;2.115975e-01;1.512079e-01;2.035100e-02;2.467690e-02;1.341314e-01;2.222214e-01;5.264443e-02
2.651542e-02;3.051489e-02;5.912109e-02;1.331035e-02;3.073377e-02;2.422830e-01;1.298607e-01;2.397902e-02;2.329755e-02;1.443216e-01;2.376409e-01;3.842160e-02
4.482146e-02;3.371444e-02;6.797668e-02;1.296867e-02;2.679461e-02;2.431418e-01;7.151793e-02;1.415583e-02;2.574539e-02;1.553273e-01;2.624075e-01;4.142840e-02
6.620122e-02;2.251110e-02;6.302388e-02;1.640372e-02;3.180993e-02;2.024796e-01;7.992515e-02;2.625351e-02;2.516867e-02;1.583204e-01;2.569800e-01;5.092273e-02
8.361888e-02;3.906870e-02;5.653640e-02;3.819075e-02;4.755190e-02;1.836313e-01;1.013222e-01;4.022481e-02;2.459528e-02;1.296690e-01;2.101098e-01;4.548104e-02
9.603337e-02;6.194980e-02;9.532084e-02;5.397394e-02;6.036848e-02;1.709398e-01;8.407501e-02;3.944982e-02;2.073193e-02;9.305602e-02;1.652836e-01;5.881741e-02
4.680899e-02;4.985006e-02;7.554728e-02;4.957906e-02;5.884028e-02;1.814468e-01;1.135180e-01;4.795964e-02;3.382747e-02;9.802309e-02;1.672247e-01;7.737461e-02
8.346603e-02;3.079940e-02;6.602521e-02;3.635554e-02;3.304358e-02;1.220925e-01;1.626770e-01;9.093363e-02;4.284368e-02;6.538128e-02;1.435584e-01;1.228238e-01
1.328153e-01;2.618715e-02;2.705862e-02;5.761924e-02;2.264850e-02;5.257400e-02;2.427607e-01;9.354886e-02;3.227988e-02;5.022774e-02;9.376558e-02;1.685143e-01
2.408135e-01;3.418300e-02;3.375743e-02;6.117197e-02;1.708593e-02;3.879177e-02;2.032081e-01;7.508250e-02;3.350917e-02;5.290654e-02;5.190946e-02;1.575806e-01
3.670927e-01;6.532269e-02;4.872330e-02;3.589939e-02;2.628937e-02;2.250719e-02;9.332599e-02;1.157379e-01;4.061019e-02;3.990012e-02;3.682506e-02;1.077661e-01
4.000409e-01;1.350260e-01;8.383901e-02;1.693443e-02;2.997774e-02;1.050892e-02;5.022007e-02;1.101660e-01;4.277096e-02;3.719132e-02;2.634891e-02;5.697571e-02
3.096046e-01;2.217162e-01;1.502316e-01;1.837138e-02;1.961680e-02;1.194787e-02;4.014533e-02;6.053518e-02;7.962875e-02;3.892336e-02;1.609996e-02;3.317899e-02
1.848895e-01;2.488522e-01;2.718239e-01;2.147959e-02;1.443973e-02;1.917263e-02;2.712491e-02;5.602317e-02;9.181080e-02;3.126743e-02;8.844261e-03;2.427194e-02
1.387271e-01;1.585329e-01;3.990274e-01;2.463073e-02;2.629992e-02;1.366155e-02;4.449547e-02;6.142684e-02;5.022353e-02;5.228878e-02;5.936745e-03;2.474894e-02
8.215909e-02;5.615368e-02;5.082969e-01;5.017207e-02;3.989657e-02;1.285089e-02;7.940644e-02;3.726611e-02;2.472796e-02;7.203760e-02;1.697694e-02;2.005572e-02
3.671405e-02;5.335963e-02;4.735725e-01;1.068889e-01;4.698173e-02;5.026109e-02;6.679986e-02;2.604775e-02;3.669539e-02;4.725436e-02;4.319986e-02;1.222485e-02
5.225561e-02;6.064984e-02;3.171986e-01;1.659240e-01;7.313199e-02;1.265481e-01;3.317007e-02;4.346739e-02;2.681755e-02;1.883940e-02;6.930732e-02;1.269012e-02
4.473729e-02;4.342419e-02;2.524380e-01;1.687515e-01;1.006823e-01;1.532416e-01;6.920275e-02;3.927896e-02;1.302681e-02;2.055098e-02;6.577726e-02;2.888830e-02
3.491406e-02;5.472171e-02;3.197265e-01;1.354053e-01;8.762359e-02;1.061616e-01;1.095207e-01;3.040360e-02;1.719834e-02;2.138801e-02;4.624447e-02;3.669219e-02
7.698496e-02;1.150389e-01;2.954517e-01;8.476688e-02;7.754960e-02;3.472911e-02;1.244505e-01;4.220598e-02;4.575763e-02;3.650038e-02;3.606992e-02;3.049442e-02
1.062358e-01;1.299560e-01;1.772523e-01;6.202952e-02;9.552456e-02;7.647653e-02;1.618595e-01;3.491297e-02;4.654292e-02;3.847516e-02;3.621482e-02;3.451998e-02
1.206413e-01;9.370071e-02;9.426051e-02;3.461301e-02;9.731691e-02;1.471112e-01;2.243474e-01;3.362569e-02;3.266625e-02;5.210896e-02;2.681174e-02;4.279632e-02
1.494438e-01;3.617185e-02;4.977780e-02;1.751660e-02;6.752753e-02;2.301670e-01;2.472255e-01;3.034258e-02;2.124888e-02;8.764460e-02;1.935922e-02;4.357469e-02
1.758149e-01;1.064778e-02;2.339168e-02;1.023963e-02;4.525853e-02;3.096208e-01;2.104388e-01;2.328221e-02;1.228601e-02;1.367135e-01;1.420460e-02;2.810150e-02
1.568826e-01;2.035813e-02;1.487610e-02;1.053657e-02;3.756493e-02;3.277203e-01;1.742935e-01;1.283504e-02;6.110274e-03;2.107855e-01;1.251569e-02;1.552145e-02
9.125417e-02;4.364416e-02;1.031028e-02;1.162449e-02;1.748103e-02;2.819794e-01;2.581441e-01;1.303397e-02;1.241102e-02;2.352420e-01;1.946036e-02;5.414971e-03
4.744430e-02;6.310960e-02;1.403021e-02;9.582601e-03;2.908430e-02;2.287031e-01;3.713050e-01;3.657387e-02;1.939662e-02;1.504114e-01;2.442773e-02;5.931231e-03
4.180670e-02;6.879335e-02;9.106854e-03;8.305876e-03;4.260852e-02;2.123799e-01;4.415395e-01;3.901816e-02;1.623839e-02;7.186355e-02;4.222946e-02;6.109754e-03
5.453336e-02;4.289733e-02;1.830446e-02;4.715626e-03;4.672991e-02;1.749381e-01;4.877124e-01;3.173754e-02;3.335667e-02;5.131424e-02;4.610719e-02;7.653221e-03
5.074392e-02;2.603680e-02;1.449875e-02;5.988824e-03;3.978757e-02;1.131401e-01;5.907319e-01;3.714214e-02;3.452434e-02;3.889070e-02;4.282155e-02;5.693396e-03
3.379756e-02;1.819947e-02;1.629586e-02;4.497577e-03;2.531036e-02;7.464890e-02;6.749229e-01;5.245677e-02;2.246138e-02;2.257589e-02;4.726453e-02;7.568851e-03
1.523058e-02;9.971380e-03;1.232369e-02;4.104565e-03;2.508236e-02;7.189216e-02;7.220885e-01;6.669251e-02;1.738944e-02;1.182174e-02;3.694242e-02;6.460693e-03
1.459452e-02;6.908380e-03;1.353529e-02;3.749273e-03;2.005222e-02;7.770720e-02;7.160308e-01;7.784152e-02;2.001453e-02;2.101790e-02;2.378956e-02;4.758765e-03
3.025748e-02;1.765693e-02;3.955427e-02;8.080362e-03;1.673038e-02;7.446434e-02;6.022048e-01;1.049168e-01;3.894351e-02;3.588564e-02;1.556601e-02;1.573947e-02
7.519089e-02;4.499651e-02;9.028140e-02;3.210048e-02;2.985308e-02;7.455350e-02;3.040006e-01;1.261702e-01;9.137764e-02;6.371183e-02;2.503178e-02;4.273213e-02
8.818492e-02;5.610058e-02;1.068796e-01;5.612997e-02;3.500123e-02;7.799239e-02;1.188207e-01;1.628994e-01;1.503552e-01;7.044230e-02;2.786911e-02;4.932462e-02
4.790822e-02;3.805977e-02;6.787782e-02;5.757082e-02;2.826958e-02;6.026100e-02;2.418342e-01;1.790944e-01;1.849216e-01;5.519196e-02;1.195904e-02;2.705154e-02
7.647556e-03;1.767714e-02;4.725087e-02;4.419658e-02;2.889590e-02;8.118010e-02;2.736781e-01;1.673458e-01;2.507676e-01;6.191154e-02;1.044260e-02;9.006185e-03
1.090147e-02;1.401873e-02;4.673502e-02;5.898210e-02;2.580399e-02;1.264670e-01;2.157424e-01;1.406654e-01;2.786239e-01;6.133841e-02;1.236650e-02;8.355080e-03
8.356940e-03;9.593456e-03;5.036902e-02;6.076958e-02;2.123243e-02;1.130028e-01;3.003425e-01;1.521166e-01;2.004623e-01;5.180674e-02;1.824417e-02;1.370345e-02
1.641924e-02;5.885199e-03;7.274625e-02;4.125537e-02;2.348078e-02;8.082051e-02;4.399004e-01;1.642599e-01;9.218496e-02;2.616766e-02;1.602861e-02;2.085111e-02
1.942020e-02;9.493989e-03;5.488491e-02;1.509516e-02;1.696580e-02;4.429197e-02;5.124667e-01;1.713003e-01;6.917194e-02;4.103651e-02;1.926049e-02;2.661210e-02
1.732764e-02;9.519893e-03;5.599054e-02;7.625066e-03;6.691931e-03;2.490219e-02;5.367219e-01;1.834044e-01;8.597664e-02;4.056931e-02;5.502526e-03;2.576796e-02
1.749541e-02;5.880154e-03;4.682853e-02;6.843570e-03;1.100238e-02;2.484695e-02;6.166338e-01;1.566557e-01;6.016624e-02;3.303630e-02;5.195072e-03;1.541578e-02
1.249881e-02;1.088229e-02;2.997494e-02;8.505480e-03;2.343044e-02;3.387348e-02;7.114881e-01;9.678239e-02;3.675702e-02;2.015032e-02;8.382110e-03;7.274673e-03
1.469593e-02;2.039064e-02;2.162386e-02;6.863194e-03;4.115504e-02;5.889820e-02;7.316984e-01;5.332718e-02;1.922172e-02;1.435630e-02;1.210535e-02;5.664197e-03
1.798937e-02;2.013509e-02;3.750452e-02;9.109803e-03;7.826050e-02;9.797104e-02;6.529835e-01;3.371669e-02;1.219817e-02;1.277815e-02;1.423892e-02;1.311424e-02
4.466077e-02;1.547705e-02;8.070678e-02;2.936014e-02;1.295744e-01;1.216957e-01;4.385315e-01;2.431753e-02;1.836178e-02;2.784551e-02;3.073070e-02;3.873812e-02
6.985447e-02;1.979279e-02;6.660214e-02;4.034215e-02;1.555017e-01;1.267322e-01;3.011303e-01;2.104244e-02;1.759291e-02;4.290355e-02;3.972522e-02;9.878011e-02
4.062130e-02;2.409203e-02;2.215667e-01;4.946839e-02;1.515961e-01;9.043104e-02;1.894268e-01;2.059608e-02;1.467165e-02;4.297025e-02;3.961197e-02;1.149477e-01
1.348838e-02;3.263516e-02;4.356932e-01;6.745413e-02;1.100771e-01;5.086509e-02;5.630422e-02;1.307793e-02;2.517312e-02;6.724014e-02;6.548894e-02;6.250253e-02
2.859784e-02;6.154235e-02;5.223712e-01;4.763287e-02;5.085914e-02;5.799080e-02;3.041631e-02;1.066104e-02;6.058242e-02;7.005754e-02;4.098916e-02;1.829929e-02
8.949792e-02;1.186247e-01;4.243278e-01;2.277697e-02;3.184636e-02;6.637502e-02;3.415387e-02;3.144598e-02;8.664144e-02;3.792559e-02;3.238931e-02;2.399511e-02
1.964104e-01;1.496954e-01;2.886988e-01;1.450468e-02;5.017017e-02;4.155391e-02;1.851333e-02;6.563964e-02;6.957744e-02;2.016821e-02;6.150521e-02;2.356282e-02
3.000158e-01;1.350623e-01;1.969528e-01;6.854658e-03;5.229876e-02;1.610662e-02;1.969737e-02;9.655856e-02;5.057653e-02;1.147737e-02;8.505278e-02;2.934643e-02
3.554890e-01;1.097216e-01;1.538217e-01;1.163135e-02;3.761344e-02;1.471231e-02;3.379442e-02;1.063698e-01;3.389465e-02;1.570118e-02;8.179745e-02;4.545329e-02
3.415408e-01;9.066591e-02;1.117069e-01;3.476898e-02;2.230941e-02;2.312349e-02;7.617074e-02;8.695381e-02;3.949470e-02;3.940363e-02;6.257630e-02;7.128544e-02
2.271598e-01;6.887474e-02;7.508204e-02;7.277531e-02;2.273940e-02;3.683352e-02;1.447888e-01;8.543915e-02;4.092303e-02;5.067141e-02;5.555059e-02;1.191623e-01
1.271617e-01;4.306631e-02;5.473792e-02;6.723858e-02;2.731128e-02;5.452817e-02;1.541764e-01;1.334004e-01;8.911948e-02;4.563287e-02;7.647716e-02;1.271497e-01
8.510140e-02;2.101640e-02;3.522719e-02;3.002793e-02;3.136447e-02;6.216767e-02;1.086877e-01;1.364145e-01;1.683902e-01;1.009405e-01;1.215100e-01;9.915203e-02
5.363715e-02;1.200433e-02;4.947667e-02;6.922672e-03;2.331295e-02;1.119637e-01;5.119926e-02;6.581869e-02;1.654328e-01;2.030637e-01;1.841755e-01;7.299256e-02
5.490808e-02;1.529535e-02;6.438015e-02;5.949632e-03;1.600749e-02;1.711442e-01;5.296151e-02;2.267641e-02;8.075588e-02;2.376787e-01;2.259075e-01;5.233510e-02
7.171065e-02;1.689459e-02;7.887749e-02;6.930175e-03;1.301808e-02;1.924932e-01;3.696766e-02;2.720903e-02;6.839744e-02;1.850317e-01;2.379543e-01;6.451558e-02
5.690764e-02;1.248156e-02;8.408473e-02;4.624296e-03;1.178530e-02;2.047926e-01;4.965517e-02;3.214837e-02;8.924147e-02;1.404722e-01;2.495076e-01;6.429911e-02
4.794025e-02;1.673323e-02;7.404474e-02;5.094318e-03;1.222676e-02;1.983360e-01;7.423908e-02;2.642582e-02;1.112520e-01;1.146504e-01;2.580359e-01;6.102150e-02
6.627688e-02;1.857220e-02;4.604398e-02;1.301858e-02;1.248263e-02;1.489031e-01;1.373390e-01;5.183790e-02;7.834955e-02;9.779955e-02;2.300821e-01;9.929462e-02
5.557505e-02;2.005259e-02;4.961480e-02;3.602931e-02;1.003013e-02;7.933664e-02;2.238024e-01;7.077410e-02;3.413162e-02;8.130098e-02;1.648932e-01;1.744592e-01
8.011556e-02;1.633232e-02;6.397543e-02;4.345014e-02;8.725598e-03;3.422191e-02;2.638626e-01;4.175620e-02;2.274008e-02;6.626808e-02;1.407908e-01;2.177612e-01
1.054092e-01;1.040543e-02;7.235212e-02;4.990189e-02;5.331670e-03;2.355581e-02;2.386405e-01;2.705164e-02;1.368602e-02;9.138681e-02;1.321198e-01;2.301590e-01
