1.067431e-01;5.618497e-02;1.138061e-01;6.000067e-02;8.115932e-02;4.191394e-02;6.959496e-02;6.086734e-02;7.951033e-02;1.174416e-01;1.198485e-01;9.292916e-02
7.874725e-02;4.772522e-02;7.793734e-02;4.891846e-02;3.252946e-02;3.527335e-02;1.509347e-01;8.028263e-02;8.670235e-02;1.195852e-01;1.599155e-01;8.144855e-02
8.077889e-02;4.954313e-02;8.451541e-02;5.137831e-02;4.461529e-02;3.990297e-02;1.343185e-01;8.456073e-02;9.054219e-02;1.538950e-01;1.168591e-01;6.909052e-02
5.896920e-02;4.880846e-02;1.210963e-01;6.534634e-02;5.463541e-02;4.490497e-02;9.708283e-02;8.807513e-02;1.413000e-01;1.121643e-01;1.055535e-01;6.206347e-02
4.171058e-02;4.789378e-02;1.745568e-01;5.322370e-02;4.655560e-02;3.218828e-02;7.811100e-02;6.813212e-02;1.454501e-01;1.582690e-01;1.173638e-01;3.654521e-02
6.180174e-02;5.163590e-02;2.136450e-01;2.770142e-02;2.861548e-02;1.639265e-02;6.802524e-02;3.268523e-02;1.275062e-01;2.664326e-01;7.287183e-02;3.268673e-02
6.736785e-02;6.601097e-02;2.357876e-01;2.249884e-02;2.814917e-02;1.555080e-02;5.348792e-02;2.916073e-02;1.190972e-01;2.760225e-01;3.539135e-02;5.147509e-02
7.509084e-02;7.662060e-02;2.289585e-01;3.072587e-02;3.147667e-02;2.527943e-02;4.905213e-02;4.031106e-02;1.075643e-01;2.173505e-01;5.226860e-02;6.530148e-02
5.542216e-02;8.622088e-02;2.182683e-01;3.176961e-02;3.077228e-02;3.307639e-02;6.137420e-02;4.116553e-02;1.121109e-01;1.342132e-01;1.252742e-01;7.033239e-02
3.687051e-02;7.239135e-02;2.397440e-01;2.985573e-02;3.743020e-02;2.549591e-02;7.140339e-02;3.057708e-02;1.324733e-01;1.873304e-01;9.179417e-02;4.463380e-02
7.067367e-02;7.972620e-02;2.671679e-01;3.279524e-02;4.046233e-02;2.482586e-02;7.482912e-02;2.831254e-02;1.413527e-01;9.855139e-02;1.048121e-01;3.649101e-02
8.208767e-02;7.144622e-02;1.880184e-01;2.831574e-02;2.859033e-02;1.497916e-02;7.700188e-02;3.251151e-02;1.570327e-01;2.031429e-01;8.710361e-02;2.976990e-02
6.596281e-02;8.201116e-02;2.030683e-01;3.663181e-02;2.106312e-02;1.744843e-02;5.285013e-02;4.393196e-02;1.257297e-01;2.464034e-01;6.036979e-02;4.452935e-02
6.749770e-02;8.893146e-02;2.376433e-01;4.051036e-02;2.616799e-02;2.036929e-02;3.107550e-02;5.952942e-02;8.186183e-02;2.120307e-01;8.919945e-02;4.518301e-02
9.222244e-02;6.374867e-02;1.692730e-01;3.396118e-02;5.284652e-02;5.920013e-02;5.659725e-02;6.111530e-02;1.297106e-01;1.570903e-01;7.460483e-02;4.962974e-02
6.870688e-02;5.308628e-02;9.144015e-02;5.232166e-02;5.739452e-02;7.969914e-02;1.024325e-01;4.618920e-02;9.265874e-02;1.220465e-01;1.822333e-01;5.179109e-02
6.310050e-02;4.457457e-02;6.438938e-02;4.625149e-02;8.182820e-02;1.061308e-01;1.355426e-01;3.404179e-02;5.531966e-02;1.135900e-01;1.707388e-01;8.449214e-02
4.859291e-02;2.559021e-02;5.742270e-02;3.802200e-02;1.254657e-01;1.122797e-01;1.311411e-01;1.845682e-02;1.543950e-01;9.377968e-02;9.169680e-02;1.031574e-01
3.452048e-02;1.628747e-02;3.809154e-02;3.162155e-02;1.839730e-01;9.621987e-02;1.068320e-01;2.482410e-02;2.125923e-01;5.451852e-02;3.157628e-02;1.689430e-01
1.700693e-02;1.209918e-02;2.602048e-02;3.711014e-02;2.218823e-01;6.519875e-02;8.461894e-02;2.580351e-02;1.638393e-01;2.477329e-02;2.654701e-02;2.951002e-01
1.081513e-02;1.332533e-02;3.590115e-02;4.930992e-02;2.178089e-01;2.622158e-02;5.982515e-02;1.459786e-02;8.000986e-02;2.066940e-02;3.076185e-02;4.407538e-01
1.147483e-02;5.374241e-02;6.411523e-02;8.848358e-02;1.667400e-01;1.744502e-02;2.685892e-02;2.248478e-02;6.591745e-02;2.679341e-02;5.529894e-02;4.006454e-01
1.836871e-02;1.274482e-01;1.275579e-01;1.204548e-01;1.074971e-01;2.027216e-02;1.759344e-02;5.138643e-02;4.005865e-02;4.804174e-02;9.864299e-02;2.226778e-01
4.213303e-02;1.386799e-01;2.043895e-01;9.578587e-02;5.524563e-02;2.387552e-02;3.263429e-02;6.321231e-02;3.121072e-02;7.756840e-02;1.220572e-01;1.132076e-01
8.435970e-02;1.263170e-01;2.634913e-01;6.138826e-02;4.584599e-02;2.324194e-02;3.898306e-02;4.857456e-02;3.764309e-02;8.155438e-02;1.016408e-01;8.695989e-02
1.267122e-01;1.217036e-01;2.859491e-01;5.816456e-02;4.984303e-02;2.433669e-02;4.297088e-02;4.416041e-02;3.982304e-02;6.415154e-02;4.470397e-02;9.748105e-02
9.240147e-02;7.812788e-02;2.302564e-01;9.295388e-02;8.531623e-02;3.621204e-02;4.845381e-02;4.407398e-02;4.920007e-02;6.078955e-02;5.413780e-02;1.280769e-01
4.384990e-02;4.208510e-02;2.051947e-01;1.125083e-01;1.097226e-01;4.088858e-02;5.558234e-02;4.879197e-02;6.771597e-02;5.306497e-02;7.562918e-02;1.449664e-01
7.449750e-02;7.151423e-02;1.571486e-01;1.085300e-01;1.250998e-01;4.438151e-02;5.930825e-02;4.648829e-02;5.258697e-02;4.471952e-02;1.063317e-01;1.093936e-01
1.219217e-01;1.052154e-01;9.033418e-02;8.062381e-02;6.984033e-02;4.940460e-02;4.926173e-02;6.593650e-02;6.213632e-02;8.140822e-02;8.393163e-02;1.399856e-01
1.095846e-01;1.113503e-01;1.450200e-01;4.660076e-02;2.660591e-02;5.706175e-02;6.745096e-02;7.919428e-02;9.985147e-02;1.223433e-01;4.502350e-02;8.991317e-02
7.072362e-02;1.156729e-01;1.504578e-01;4.384763e-02;4.187200e-02;8.358678e-02;7.910960e-02;5.587963e-02;1.743288e-01;1.015583e-01;3.803724e-02;4.492568e-02
9.689391e-02;1.149184e-01;1.173182e-01;4.110116e-02;6.248974e-02;7.085739e-02;6.919876e-02;6.056536e-02;1.790974e-01;5.233278e-02;3.235015e-02;1.028768e-01
1.353158e-01;1.548685e-01;9.000399e-02;4.292383e-02;5.812613e-02;3.357974e-02;8.278431e-02;8.431229e-02;9.212054e-02;5.800326e-02;4.087871e-02;1.270829e-01
8.878493e-02;1.400299e-01;1.228269e-01;3.549621e-02;4.909071e-02;4.241590e-02;1.583920e-01;6.662721e-02;6.428600e-02;9.642543e-02;5.216812e-02;8.345669e-02
5.893142e-02;4.172849e-02;2.657426e-01;4.381510e-02;6.277451e-02;4.100860e-02;1.525184e-01;3.639470e-02;7.418175e-02;1.288408e-01;5.874912e-02;3.531446e-02
6.104035e-02;7.099787e-02;3.357770e-01;3.618164e-02;5.468672e-02;3.609013e-02;1.136398e-01;2.156101e-02;5.437469e-02;1.446608e-01;5.047818e-02;2.051179e-02
7.290749e-02;1.499010e-01;3.822225e-01;2.420943e-02;3.544021e-02;5.149255e-02;6.562942e-02;1.989394e-02;4.622447e-02;1.085989e-01;2.394777e-02;1.953241e-02
7.774775e-02;2.447761e-01;3.782291e-01;1.269339e-02;1.337392e-02;1.058838e-01;2.914956e-02;2.417067e-02;3.615599e-02;4.340370e-02;1.148892e-02;2.292711e-02
7.508823e-02;2.830804e-01;3.170817e-01;1.579430e-02;1.222979e-02;1.418990e-01;1.177734e-02;1.297255e-02;7.580527e-02;2.166825e-02;5.485105e-03;2.711806e-02
6.657693e-02;2.384580e-01;3.601419e-01;1.845997e-02;1.180677e-02;1.083577e-01;1.365423e-02;1.460688e-02;7.299982e-02;5.538324e-02;6.187923e-03;3.336655e-02
4.290344e-02;1.541839e-01;4.547246e-01;1.646062e-02;6.485513e-03;5.937092e-02;1.619529e-02;1.828266e-02;3.045909e-02;1.566879e-01;1.775948e-02;2.648656e-02
3.265906e-02;7.108825e-02;5.137198e-01;2.942554e-02;9.981775e-03;2.470141e-02;1.984634e-02;1.274776e-02;1.883336e-02;2.175787e-01;3.368112e-02;1.573686e-02
7.150546e-02;4.129984e-02;5.415565e-01;3.609123e-02;1.720410e-02;1.244275e-02;4.798730e-02;5.277490e-03;1.528220e-02;1.748536e-01;2.806152e-02;8.437927e-03
9.768336e-02;4.001297e-02;5.573876e-01;5.113744e-02;1.962274e-02;7.977674e-03;6.381904e-02;6.667024e-03;2.468606e-02;1.099981e-01;1.442598e-02;6.582038e-03
7.326005e-02;4.223238e-02;5.152444e-01;1.088655e-01;2.428159e-02;2.296683e-02;5.132325e-02;2.430904e-02;3.654956e-02;5.716491e-02;3.720050e-02;6.601921e-03
4.617153e-02;5.206986e-02;4.114691e-01;1.987775e-01;3.486010e-02;4.481613e-02;2.829986e-02;5.411673e-02;2.628950e-02;2.960487e-02;6.777000e-02;5.754764e-03
2.269686e-02;3.884440e-02;2.969976e-01;3.125171e-01;4.384275e-02;5.737413e-02;1.548538e-02;7.936208e-02;1.441568e-02;2.076099e-02;9.049672e-02;7.206317e-03
1.937481e-02;4.324547e-02;1.995372e-01;3.898286e-01;5.542276e-02;5.078038e-02;1.836649e-02;9.605177e-02;1.023035e-02;2.084752e-02;9.090777e-02;5.406877e-03
1.212732e-02;5.552060e-02;2.154854e-01;3.895557e-01;5.693052e-02;4.330684e-02;1.583896e-02;9.868717e-02;7.085783e-03;2.121870e-02;8.026482e-02;3.978137e-03
9.906974e-03;5.477020e-02;1.781792e-01;4.226226e-01;6.134384e-02;4.049215e-02;1.277800e-02;1.029150e-01;8.665350e-03;1.770167e-02;8.595705e-02;4.667967e-03
1.961905e-02;4.203691e-02;1.884510e-01;4.084830e-01;7.134458e-02;3.654141e-02;1.369539e-02;9.365546e-02;7.791379e-03;1.904221e-02;9.369345e-02;5.646243e-03
4.501984e-02;4.421748e-02;2.343519e-01;3.121643e-01;8.150371e-02;3.833722e-02;5.131989e-02;7.020457e-02;1.672525e-02;1.727567e-02;8.172198e-02;7.158215e-03
8.423122e-02;6.194917e-02;1.759132e-01;2.521225e-01;8.780059e-02;4.617411e-02;9.586433e-02;5.365351e-02;3.329277e-02;2.026708e-02;6.719813e-02;2.153350e-02
1.038337e-01;5.557834e-02;1.984566e-01;2.280928e-01;7.375031e-02;3.769257e-02;1.082394e-01;4.424331e-02;3.473201e-02;4.409426e-02;4.204713e-02;2.923961e-02
7.577676e-02;6.077752e-02;1.873343e-01;1.437119e-01;8.714093e-02;6.565269e-02;1.217856e-01;5.185282e-02;3.909066e-02;7.335441e-02;5.831705e-02;3.520535e-02
8.759062e-02;5.393068e-02;2.550343e-01;1.391452e-01;7.929746e-02;4.580635e-02;8.406597e-02;4.569484e-02;3.324319e-02;5.009222e-02;1.048892e-01;2.121005e-02
1.042386e-01;3.290026e-02;2.931071e-01;1.641651e-01;6.310226e-02;2.571177e-02;5.178776e-02;3.362070e-02;2.536963e-02;5.720041e-02;1.304703e-01;1.832625e-02
9.182751e-02;3.209666e-02;2.916846e-01;1.358412e-01;4.857104e-02;2.240423e-02;7.106874e-02;2.834102e-02;3.958720e-02;1.175317e-01;1.004988e-01;2.054733e-02
9.025656e-02;5.212213e-02;2.599569e-01;9.268509e-02;4.829218e-02;3.620240e-02;8.179335e-02;2.562421e-02;7.563955e-02;1.430533e-01;7.195795e-02;2.241634e-02
9.570852e-02;6.755641e-02;2.282117e-01;6.496814e-02;5.123995e-02;5.258338e-02;7.160291e-02;4.123379e-02;1.237859e-01;1.212505e-01;5.617049e-02;2.568826e-02
8.288296e-02;6.567257e-02;2.572973e-01;9.306026e-02;4.759844e-02;4.049269e-02;7.560898e-02;4.183216e-02;1.267310e-01;8.847231e-02;5.787668e-02;2.247457e-02
5.448400e-02;5.424467e-02;2.439769e-01;1.145343e-01;6.658112e-02;3.595424e-02;7.087226e-02;4.445388e-02;8.641928e-02;1.121333e-01;6.765551e-02;4.869047e-02
9.511327e-02;6.650534e-02;1.420442e-01;1.202839e-01;8.053681e-02;5.514080e-02;5.805568e-02;5.945689e-02;6.960602e-02;9.974696e-02;8.604401e-02;6.746615e-02
1.140677e-01;5.411763e-02;1.675907e-01;1.191427e-01;5.803884e-02;4.571040e-02;6.126332e-02;7.016722e-02;6.237798e-02;1.156620e-01;7.497832e-02;5.688307e-02
9.364435e-02;6.369799e-02;2.219492e-01;7.183558e-02;4.816775e-02;3.618197e-02;4.862707e-02;4.428271e-02;9.258451e-02;1.473747e-01;6.904820e-02;6.260594e-02
1.041857e-01;8.569413e-02;1.785931e-01;5.994117e-02;5.139251e-02;6.412123e-02;4.957573e-02;4.580157e-02;7.201859e-02;1.260360e-01;7.524670e-02;8.739349e-02
8.649629e-02;7.435895e-02;9.490132e-02;5.124831e-02;5.212264e-02;7.190354e-02;7.221450e-02;9.005494e-02;9.425808e-02;1.278328e-01;7.893249e-02;1.056762e-01
6.667358e-02;4.185120e-02;7.710399e-02;4.515364e-02;5.285338e-02;1.062049e-01;1.488418e-01;7.527600e-02;1.036071e-01;1.367861e-01;6.315796e-02;8.249050e-02
6.685827e-02;2.544174e-02;5.533791e-02;5.509136e-02;7.719847e-02;1.187894e-01;1.400722e-01;6.075498e-02;9.990600e-02;1.511609e-01;6.353285e-02;8.585601e-02
5.724577e-02;2.200083e-02;4.629690e-02;7.483707e-02;9.791765e-02;1.047785e-01;1.015029e-01;4.752069e-02;9.084177e-02;1.725291e-01;1.003624e-01;8.416645e-02
4.520798e-02;2.653770e-02;8.925427e-02;1.234044e-01;9.173415e-02;6.989481e-02;5.421210e-02;5.972933e-02;7.232829e-02;1.591893e-01;1.308492e-01;7.765837e-02
5.338768e-02;3.848705e-02;2.503268e-01;1.527889e-01;6.640378e-02;4.953283e-02;3.927246e-02;7.397908e-02;3.724131e-02;7.771704e-02;9.971654e-02;6.114648e-02
1.091708e-01;7.260421e-02;3.690185e-01;8.160488e-02;3.820078e-02;3.596861e-02;5.597524e-02;4.081537e-02;3.359703e-02;7.151646e-02;4.358033e-02;4.794786e-02
1.502783e-01;1.213031e-01;3.844605e-01;2.834457e-02;4.093813e-02;1.857020e-02;6.160264e-02;4.106090e-02;3.208674e-02;7.125963e-02;2.038293e-02;2.971235e-02
1.558399e-01;1.421123e-01;3.706042e-01;3.375084e-02;3.531655e-02;1.471314e-02;6.149021e-02;4.492081e-02;3.332065e-02;5.328797e-02;2.573948e-02;2.890399e-02
1.342686e-01;1.301396e-01;3.823867e-01;5.573144e-02;3.441570e-02;2.248746e-02;7.607150e-02;4.535305e-02;3.558507e-02;3.365351e-02;2.441830e-02;2.548907e-02
6.139702e-02;7.729613e-02;4.366522e-01;4.651550e-02;6.492724e-02;2.657671e-02;7.383570e-02;3.034976e-02;3.260768e-02;5.827045e-02;2.190087e-02;6.967077e-02
6.955881e-02;9.284547e-02;3.702219e-01;4.014431e-02;6.349009e-02;3.754927e-02;4.173161e-02;3.742754e-02;4.679774e-02;4.026086e-02;4.520501e-02;1.147674e-01
1.392282e-01;7.508733e-02;3.010723e-01;4.873886e-02;5.125044e-02;3.223577e-02;3.993593e-02;6.825865e-02;4.057921e-02;3.842675e-02;7.456891e-02;9.061768e-02
1.449823e-01;5.187912e-02;2.512417e-01;6.830812e-02;4.189053e-02;3.345136e-02;6.283109e-02;6.217045e-02;4.594893e-02;5.460947e-02;6.076541e-02;1.219215e-01
1.166303e-01;7.061598e-02;2.006857e-01;5.984049e-02;3.897376e-02;4.801407e-02;6.127841e-02;4.415249e-02;6.389825e-02;4.088631e-02;1.378700e-01;1.171542e-01
8.532423e-02;6.129209e-02;1.750516e-01;3.669903e-02;3.382291e-02;6.993839e-02;5.660283e-02;5.362427e-02;6.068879e-02;7.038961e-02;2.382774e-01;5.828885e-02
8.514563e-02;5.009475e-02;1.431247e-01;3.645473e-02;3.360846e-02;6.674114e-02;6.516609e-02;9.395325e-02;4.848122e-02;1.304847e-01;2.013796e-01;4.536586e-02
6.797321e-02;7.210445e-02;1.133083e-01;3.443191e-02;7.658400e-02;4.607940e-02;5.403065e-02;1.149536e-01;6.661211e-02;1.899963e-01;1.012760e-01;6.265001e-02
5.093658e-02;7.242525e-02;1.107946e-01;4.020495e-02;1.024215e-01;4.963944e-02;6.297386e-02;7.828847e-02;6.798466e-02;2.036349e-01;1.051741e-01;5.552164e-02
4.004567e-02;5.023877e-02;1.287732e-01;5.199930e-02;1.241216e-01;3.920379e-02;1.352965e-01;6.890219e-02;5.600545e-02;1.650918e-01;1.012697e-01;3.905214e-02
4.195893e-02;4.657426e-02;1.211464e-01;5.090676e-02;1.131113e-01;8.482963e-02;1.423199e-01;9.006428e-02;3.311702e-02;1.153470e-01;1.174112e-01;4.321325e-02
3.945837e-02;3.615679e-02;1.229886e-01;3.413229e-02;7.429716e-02;1.600087e-01;1.068248e-01;7.880178e-02;4.786909e-02;1.098057e-01;1.434828e-01;4.617378e-02
3.908013e-02;3.103995e-02;1.090982e-01;2.133950e-02;7.008374e-02;2.036697e-01;5.758241e-02;4.327534e-02;7.783338e-02;1.064486e-01;1.824079e-01;5.814102e-02
2.952666e-02;2.461448e-02;1.100681e-01;1.111826e-02;1.183861e-01;1.610368e-01;3.603914e-02;5.743111e-02;8.889515e-02;9.404557e-02;2.039647e-01;6.487394e-02
2.993087e-02;1.788994e-02;8.972695e-02;1.276122e-02;1.679013e-01;8.390588e-02;5.805890e-02;1.191358e-01;6.410739e-02;8.131572e-02;1.799874e-01;9.527864e-02
4.087991e-02;2.612704e-02;5.792354e-02;2.475424e-02;1.620848e-01;3.133957e-02;1.117293e-01;1.504095e-01;3.291089e-02;6.347955e-02;1.446568e-01;1.537048e-01
7.290473e-02;4.330732e-02;8.111564e-02;5.158028e-02;7.691023e-02;2.980641e-02;2.103939e-01;8.632419e-02;2.167814e-02;5.916139e-02;8.894174e-02;1.778761e-01
1.815424e-01;6.964947e-02;9.081929e-02;5.420155e-02;2.783350e-02;4.615059e-02;1.982366e-01;5.938013e-02;4.241626e-02;4.412678e-02;4.989268e-02;1.357507e-01
2.835834e-01;1.098900e-01;8.624326e-02;3.450911e-02;2.847322e-02;3.630001e-02;1.222446e-01;9.058043e-02;6.501558e-02;2.439860e-02;3.968887e-02;7.907287e-02
2.847446e-01;1.899112e-01;1.459464e-01;1.801882e-02;3.656023e-02;2.438292e-02;5.694965e-02;8.302795e-02;9.639686e-02;1.782117e-02;2.096512e-02;2.527510e-02
1.918676e-01;2.480021e-01;2.386421e-01;1.759832e-02;2.293851e-02;3.347678e-02;2.890392e-02;3.793879e-02;1.376847e-01;1.599322e-02;1.450691e-02;1.244713e-02
8.182292e-02;2.164597e-01;4.150915e-01;1.913605e-02;1.075072e-02;3.483240e-02;1.325369e-02;1.115741e-02;1.243958e-01;5.016780e-02;9.766399e-03;1.316572e-02
2.162378e-02;1.318403e-01;5.741588e-01;2.763261e-02;2.018085e-02;1.795987e-02;2.420531e-02;1.551707e-02;5.508608e-02;9.111416e-02;1.254938e-02;8.131801e-03
3.744652e-02;6.882190e-02;6.257111e-01;5.130599e-02;2.747432e-02;7.925268e-03;2.968883e-02;8.511993e-03;2.945762e-02;9.256241e-02;1.561662e-02;5.477482e-03
4.281910e-02;2.973839e-02;6.184033e-01;1.297037e-01;3.471190e-02;1.060439e-02;3.149485e-02;4.240710e-03;1.536478e-02;5.253401e-02;2.384308e-02;6.541807e-03
2.609028e-02;3.128455e-02;4.728298e-01;2.857712e-01;7.254220e-02;1.555957e-02;1.544302e-02;6.959257e-03;1.404539e-02;2.320990e-02;3.100434e-02;5.260533e-03
1.531659e-02;1.466320e-02;3.089958e-01;3.478737e-01;1.511299e-01;4.846679e-02;1.651111e-02;1.900069e-02;1.776660e-02;1.845941e-02;3.719729e-02;4.618937e-03
1.364731e-02;1.713497e-02;2.388191e-01;3.044905e-01;1.706442e-01;7.600648e-02;2.841748e-02;5.381763e-02;2.380889e-02;7.564323e-03;6.185341e-02;3.795664e-03
1.105004e-02;1.812895e-02;2.834566e-01;2.070972e-01;1.071583e-01;5.520894e-02;3.452463e-02;7.862933e-02;3.737288e-02;1.695763e-02;1.335729e-01;1.684257e-02
1.608041e-02;2.502237e-02;3.886790e-01;1.127995e-01;5.248118e-02;2.329498e-02;2.962558e-02;5.825212e-02;3.497612e-02;2.160354e-02;1.918890e-01;4.529623e-02
3.586513e-02;5.004826e-02;4.772559e-01;6.698093e-02;5.294239e-02;2.520565e-02;5.643667e-02;2.252971e-02;1.675975e-02;2.706930e-02;1.269010e-01;4.200533e-02
3.712169e-02;5.771939e-02;5.280452e-01;6.340455e-02;6.676049e-02;1.781700e-02;1.069859e-01;1.841428e-02;1.104215e-02;4.302522e-02;3.589571e-02;1.376836e-02
4.052448e-02;7.534994e-02;5.161312e-01;7.665425e-02;6.531085e-02;2.686026e-02;8.957081e-02;3.315048e-02;1.311466e-02;4.012450e-02;1.326476e-02;9.943793e-03
6.877913e-02;9.471434e-02;4.575307e-01;8.994649e-02;5.081154e-02;4.157716e-02;5.189997e-02;4.240144e-02;1.525834e-02;3.022272e-02;3.460126e-02;2.225688e-02
8.005191e-02;8.202126e-02;3.801793e-01;8.029466e-02;6.190038e-02;4.894648e-02;6.743234e-02;3.260658e-02;3.068871e-02;3.711779e-02;6.560357e-02;3.315703e-02
3.260856e-02;8.124734e-02;3.421945e-01;7.489923e-02;8.561578e-02;4.813053e-02;7.404709e-02;3.331816e-02;4.460171e-02;6.082063e-02;7.997958e-02;4.253689e-02
5.795348e-02;1.076869e-01;3.116769e-01;9.347939e-02;6.928368e-02;3.708596e-02;6.355283e-02;3.166946e-02;2.813352e-02;4.984424e-02;9.671362e-02;5.292002e-02
1.052530e-01;1.081276e-01;3.081691e-01;9.117728e-02;5.451855e-02;2.372510e-02;6.297003e-02;3.550055e-02;3.507093e-02;2.178624e-02;1.155960e-01;3.810560e-02
8.851656e-02;9.861032e-02;3.772951e-01;7.045247e-02;5.831437e-02;2.133259e-02;6.661584e-02;2.830663e-02;3.246642e-02;3.255755e-02;9.248383e-02;3.304839e-02
7.806741e-02;8.500414e-02;3.796396e-01;8.600814e-02;6.295782e-02;3.497310e-02;5.340569e-02;4.083014e-02;2.765505e-02;4.508011e-02;7.588387e-02;3.049492e-02
7.122951e-02;7.260118e-02;2.696913e-01;5.503931e-02;7.090160e-02;5.222014e-02;8.931199e-02;4.365972e-02;4.507560e-02;1.383035e-01;5.945946e-02;3.250661e-02
1.567650e-01;1.048142e-01;1.563642e-01;3.972942e-02;4.684540e-02;3.896008e-02;1.561637e-01;2.182475e-02;3.777849e-02;1.385512e-01;4.632377e-02;5.587987e-02
2.265774e-01;9.971566e-02;1.309466e-01;4.387055e-02;2.826171e-02;3.207255e-02;1.699864e-01;2.073616e-02;2.049406e-02;9.727444e-02;5.004409e-02;8.002036e-02
2.693652e-01;9.629298e-02;1.005676e-01;4.620760e-02;1.544638e-02;4.707724e-02;1.644414e-01;2.514754e-02;1.656310e-02;6.516738e-02;5.463883e-02;9.908481e-02
2.467726e-01;9.178565e-02;1.167032e-01;5.104550e-02;1.072852e-02;6.192383e-02;1.332301e-01;3.435754e-02;3.680804e-02;5.304918e-02;7.020501e-02;9.339074e-02
1.840545e-01;6.550705e-02;2.046819e-01;5.453884e-02;2.254241e-02;5.323794e-02;1.100942e-01;4.127308e-02;5.064171e-02;7.491520e-02;7.522050e-02;6.329270e-02
1.780223e-01;5.378947e-02;2.088805e-01;4.169750e-02;3.457007e-02;4.561109e-02;1.642244e-01;5.591545e-02;4.070704e-02;6.338020e-02;4.759539e-02;6.560661e-02
2.049966e-01;9.693874e-02;1.178212e-01;3.182788e-02;2.859318e-02;4.808617e-02;2.420456e-01;5.260289e-02;3.654549e-02;3.845778e-02;3.652104e-02;6.556340e-02
1.285881e-01;1.397751e-01;1.005123e-01;2.170257e-02;3.523481e-02;4.299561e-02;3.235911e-01;3.075723e-02;3.446196e-02;4.249733e-02;5.296523e-02;4.691861e-02
1.117584e-01;1.518545e-01;7.227593e-02;5.314077e-02;6.196124e-02;4.973827e-02;3.040168e-01;3.615219e-02;2.734929e-02;2.951435e-02;5.786607e-02;4.437223e-02
9.689987e-02;1.086092e-01;1.028701e-01;1.235923e-01;9.278515e-02;6.170210e-02;1.182365e-01;7.139919e-02;6.630559e-02;4.602319e-02;5.432902e-02;5.724776e-02
1.169826e-01;6.342658e-02;7.458429e-02;1.275329e-01;8.571551e-02;5.947357e-02;1.623613e-01;6.070787e-02;9.416066e-02;5.417989e-02;5.269278e-02;4.818209e-02
1.030296e-01;4.639250e-02;5.175493e-02;1.337831e-01;8.795483e-02;5.372221e-02;2.064860e-01;6.932655e-02;1.238344e-01;4.627337e-02;4.404864e-02;3.339388e-02
8.647102e-02;2.540007e-02;3.595032e-02;1.470204e-01;8.440559e-02;3.374234e-02;2.025097e-01;7.969087e-02;1.914229e-01;4.999707e-02;5.124202e-02;1.214771e-02
6.999860e-02;1.706950e-02;7.145245e-02;1.519513e-01;6.314358e-02;1.599575e-02;1.390027e-01;7.747558e-02;2.644620e-01;4.750605e-02;6.423473e-02;1.770778e-02
5.411830e-02;3.022705e-02;1.450331e-01;1.340673e-01;4.627720e-02;3.485581e-02;6.609683e-02;7.061145e-02;2.972447e-01;3.360409e-02;5.478407e-02;3.308014e-02
2.094955e-02;3.379097e-02;2.712641e-01;9.543032e-02;3.130166e-02;4.557788e-02;3.764564e-02;1.024548e-01;2.528247e-01;3.551126e-02;3.078777e-02;4.246137e-02
1.979813e-02;4.749369e-02;3.412544e-01;7.968163e-02;3.182347e-02;4.947286e-02;3.918755e-02;9.710902e-02;1.563288e-01;5.683943e-02;3.399386e-02;4.701724e-02
2.597606e-02;3.688946e-02;3.623759e-01;6.792064e-02;2.633611e-02;3.699338e-02;4.280310e-02;7.418901e-02;1.508033e-01;5.359088e-02;8.433915e-02;3.778295e-02
3.342380e-02;4.061371e-02;3.005214e-01;6.240925e-02;2.705252e-02;3.783550e-02;9.118120e-02;8.039413e-02;1.495050e-01;6.833737e-02;7.999116e-02;2.873492e-02
5.338492e-02;6.498490e-02;2.494461e-01;4.237652e-02;2.748670e-02;4.422189e-02;1.252173e-01;1.077010e-01;1.136808e-01;8.269275e-02;5.697031e-02;3.183681e-02
6.587382e-02;7.289605e-02;2.557922e-01;2.463099e-02;4.438214e-02;5.176691e-02;1.204136e-01;1.104207e-01;1.098780e-01;7.290525e-02;3.875196e-02;3.228829e-02
6.916466e-02;8.873156e-02;2.229103e-01;6.421024e-02;6.565323e-02;5.504476e-02;1.849347e-01;5.446590e-02;7.885437e-02;3.628308e-02;4.510118e-02;3.464605e-02
9.290402e-02;1.067505e-01;8.491442e-02;6.224195e-02;8.096410e-02;6.813693e-02;2.387315e-01;6.480271e-02;5.485949e-02;4.625706e-02;5.301815e-02;4.641915e-02
6.875669e-02;9.037846e-02;7.978311e-02;3.113991e-02;1.074651e-01;7.720209e-02;3.159095e-01;7.942180e-02;5.344017e-02;3.573107e-02;3.724742e-02;2.352470e-02
4.932517e-02;6.810189e-02;1.129697e-01;1.639010e-02;1.371797e-01;6.715529e-02;3.622924e-01;7.679306e-02;4.275763e-02;3.165856e-02;2.318273e-02;1.219379e-02
2.105335e-02;3.807902e-02;1.764953e-01;1.915373e-02;1.278484e-01;3.990405e-02;3.457342e-01;9.922957e-02;4.652376e-02;5.458603e-02;1.180655e-02;1.958606e-02
1.072890e-02;1.642243e-02;2.366443e-01;2.062599e-02;6.983528e-02;5.170649e-02;3.239157e-01;1.173194e-01;5.254621e-02;5.913310e-02;8.026765e-03;3.309534e-02
1.243248e-02;1.602891e-02;2.481441e-01;2.204602e-02;2.872830e-02;7.988314e-02;3.270277e-01;1.087026e-01;5.713656e-02;4.510352e-02;1.270626e-02;4.206043e-02
1.060026e-02;2.355700e-02;2.276359e-01;4.319651e-02;2.994978e-02;9.563093e-02;3.053120e-01;9.144620e-02;6.519934e-02;4.756241e-02;1.555838e-02;4.435137e-02
1.709343e-02;2.453432e-02;1.796249e-01;9.795699e-02;4.757291e-02;1.031058e-01;2.279835e-01;7.681227e-02;8.878706e-02;6.965019e-02;2.075914e-02;4.611944e-02
2.472852e-02;2.411129e-02;1.708752e-01;1.508798e-01;3.901117e-02;1.132055e-01;1.835788e-01;8.286814e-02;8.666994e-02;6.504725e-02;1.421633e-02;4.480801e-02
1.125104e-02;2.179339e-02;1.767655e-01;1.228365e-01;2.654037e-02;1.599991e-01;2.060933e-01;1.029600e-01;6.962174e-02;5.112574e-02;1.205400e-02;3.895920e-02
9.244179e-03;1.162384e-02;1.986397e-01;5.807898e-02;1.152250e-02;1.790531e-01;2.523183e-01;1.391993e-01;4.774077e-02;4.805242e-02;1.017037e-02;3.435645e-02
1.518230e-02;1.583232e-02;2.050738e-01;2.732229e-02;1.219843e-02;1.360515e-01;2.805956e-01;1.786423e-01;3.957686e-02;5.652097e-02;6.499368e-03;2.650430e-02
2.533300e-02;4.449506e-02;1.765065e-01;2.362346e-02;3.561947e-02;6.501445e-02;2.921373e-01;1.825839e-01;4.581637e-02;6.677782e-02;2.661696e-02;1.547568e-02
4.708205e-02;7.802685e-02;1.213332e-01;2.046066e-02;6.131445e-02;2.797770e-02;3.175911e-01;1.204622e-01;5.767265e-02;6.908637e-02;6.497613e-02;1.401663e-02
7.316578e-02;8.867665e-02;8.841659e-02;1.881913e-02;6.722759e-02;4.331718e-02;3.065534e-01;6.143220e-02;6.352770e-02;6.917211e-02;9.537864e-02;2.431310e-02
9.731928e-02;8.555644e-02;8.988064e-02;2.274610e-02;7.545828e-02;5.962604e-02;2.354802e-01;4.718453e-02;6.053793e-02;8.295953e-02;1.143083e-01;2.894272e-02
1.084854e-01;7.101678e-02;1.198303e-01;2.780416e-02;1.329430e-01;7.564256e-02;9.544292e-02;4.601961e-02;5.536663e-02;8.036456e-02;1.301204e-01;5.696369e-02
8.281250e-02;5.190177e-02;1.592438e-01;3.751477e-02;1.420820e-01;6.540721e-02;1.212447e-01;5.319835e-02;5.111563e-02;5.289804e-02;6.035268e-02;1.222285e-01
1.099323e-01;5.040455e-02;1.709892e-01;4.407219e-02;1.387588e-01;6.895541e-02;1.331077e-01;2.777788e-02;4.456578e-02;6.706510e-02;3.439718e-02;1.099738e-01
1.272515e-01;4.415531e-02;1.590954e-01;4.359753e-02;1.382285e-01;6.557749e-02;1.312291e-01;2.981668e-02;4.182548e-02;6.692356e-02;3.030466e-02;1.219947e-01
9.827153e-02;3.390434e-02;1.721369e-01;4.126782e-02;1.421013e-01;7.184494e-02;1.087406e-01;4.457245e-02;3.990257e-02;6.678282e-02;5.554789e-02;1.249269e-01
8.830756e-02;3.232940e-02;2.109418e-01;5.126070e-02;1.181783e-01;6.868935e-02;1.443600e-01;3.614128e-02;3.053928e-02;5.738277e-02;8.456272e-02;7.730687e-02
5.755598e-02;2.888455e-02;2.796729e-01;5.487876e-02;8.879931e-02;5.460412e-02;1.709050e-01;2.711834e-02;3.748086e-02;4.747025e-02;7.909609e-02;7.353389e-02
7.037708e-02;6.225092e-02;3.113703e-01;5.051498e-02;6.445537e-02;4.982568e-02;1.485347e-01;2.685025e-02;4.822483e-02;7.581458e-02;4.044692e-02;5.133436e-02
1.088337e-01;9.356853e-02;2.315926e-01;4.716152e-02;6.497826e-02;4.164953e-02;9.352059e-02;4.995234e-02;6.834651e-02;9.539463e-02;6.808397e-02;3.691790e-02
1.112130e-01;9.734577e-02;1.500655e-01;4.107818e-02;9.145160e-02;4.769303e-02;1.124187e-01;5.325412e-02;6.470171e-02;7.609081e-02;1.045555e-01;5.013209e-02
6.517542e-02;7.631732e-02;1.678033e-01;3.699802e-02;9.150603e-02;5.288235e-02;1.378759e-01;3.333303e-02;4.346097e-02;7.484020e-02;1.610437e-01;5.876378e-02
9.659643e-02;7.427082e-02;1.152973e-01;3.886797e-02;6.391925e-02;3.005796e-02;1.396077e-01;4.432954e-02;4.417945e-02;1.111738e-01;1.913998e-01;5.029996e-02
7.977014e-02;7.329150e-02;1.013897e-01;4.114323e-02;6.504697e-02;2.595264e-02;1.295577e-01;9.746621e-02;1.333156e-01;8.202065e-02;1.323159e-01;3.872982e-02
