1.267373e-01;7.714614e-02;1.282184e-01;8.555491e-02;6.619820e-02;4.105010e-02;1.534878e-01;3.919948e-02;8.315069e-02;8.379085e-02;4.618448e-02;6.928162e-02
1.141468e-01;5.703652e-02;1.272486e-01;5.726106e-02;6.935485e-02;6.247757e-02;2.068318e-01;5.659154e-02;9.033629e-02;5.977330e-02;3.726431e-02;6.167739e-02
8.105355e-02;5.838970e-02;1.285422e-01;6.005911e-02;7.348491e-02;5.842745e-02;1.876937e-01;7.715674e-02;8.332978e-02;9.126873e-02;2.799375e-02;7.260039e-02
9.386471e-02;8.326795e-02;1.996761e-01;5.681200e-02;7.965525e-02;7.089073e-02;2.072052e-01;4.881469e-02;4.622047e-02;4.734303e-02;3.035896e-02;3.589084e-02
8.089174e-02;7.198324e-02;2.171755e-01;7.062907e-02;1.124850e-01;8.060447e-02;1.916601e-01;3.740124e-02;3.086289e-02;3.282616e-02;3.093059e-02;4.255002e-02
6.848761e-02;6.430946e-02;2.095891e-01;9.905221e-02;1.644522e-01;8.308701e-02;1.578933e-01;2.656956e-02;2.350954e-02;2.273740e-02;1.931917e-02;6.099337e-02
4.676176e-02;5.785429e-02;1.989939e-01;1.646765e-01;2.156221e-01;6.913725e-02;8.761358e-02;1.962671e-02;1.353910e-02;1.674401e-02;3.047585e-02;7.895486e-02
1.987552e-02;3.948862e-02;3.492184e-01;1.930390e-01;1.531191e-01;3.384694e-02;2.834797e-02;2.188299e-02;1.318306e-02;2.072517e-02;7.297760e-02;5.429564e-02
1.300905e-02;2.084499e-02;4.978947e-01;1.533152e-01;8.106593e-02;2.458984e-02;4.284728e-02;2.249926e-02;2.209562e-02;2.768031e-02;7.660093e-02;1.755686e-02
2.694941e-02;3.641522e-02;5.660660e-01;9.101302e-02;5.538081e-02;2.278451e-02;7.030770e-02;1.884708e-02;2.185986e-02;3.389864e-02;4.493158e-02;1.154618e-02
3.450736e-02;6.295428e-02;5.388311e-01;4.194990e-02;5.343636e-02;4.714337e-02;9.260847e-02;2.184896e-02;2.260254e-02;3.635564e-02;2.521501e-02;2.254705e-02
2.258877e-02;7.369791e-02;5.670291e-01;4.589807e-02;6.285514e-02;5.800615e-02;5.164906e-02;2.192214e-02;2.071079e-02;2.250614e-02;2.591722e-02;2.721955e-02
2.643753e-02;9.045399e-02;5.391719e-01;5.569109e-02;5.485225e-02;5.826177e-02;4.062958e-02;1.991924e-02;3.480420e-02;2.589388e-02;2.644450e-02;2.744010e-02
7.203109e-02;1.160306e-01;4.953366e-01;4.698705e-02;3.844759e-02;5.890172e-02;2.449450e-02;2.062139e-02;4.757543e-02;3.484755e-02;2.495779e-02;1.976868e-02
9.219347e-02;1.064939e-01;5.382067e-01;3.934445e-02;4.313465e-02;3.611839e-02;1.512648e-02;1.853848e-02;4.139464e-02;3.533982e-02;1.744510e-02;1.666396e-02
7.910743e-02;9.124433e-02;4.938453e-01;3.958291e-02;5.956484e-02;2.939952e-02;4.087960e-02;1.678960e-02;6.721350e-02;3.384517e-02;1.985409e-02;2.867362e-02
3.316898e-02;9.654217e-02;4.743357e-01;3.808012e-02;6.107161e-02;5.787719e-02;7.312140e-02;2.057400e-02;6.363365e-02;3.079355e-02;1.910508e-02;3.169657e-02
2.102025e-02;4.788920e-02;4.586819e-01;7.701150e-02;6.926353e-02;5.571284e-02;1.216331e-01;2.202469e-02;3.936846e-02;2.473187e-02;2.959360e-02;3.306906e-02
3.566621e-02;2.066323e-02;2.124034e-01;7.748545e-02;1.389681e-01;1.005813e-01;2.344375e-01;4.307985e-02;3.226112e-02;3.559037e-02;3.424194e-02;3.462144e-02
4.172448e-02;2.985609e-02;5.791910e-02;4.849373e-02;1.302869e-01;1.529634e-01;3.965320e-01;4.618109e-02;1.735746e-02;3.441505e-02;2.099756e-02;2.327313e-02
2.306237e-02;5.043382e-02;1.510625e-02;2.348462e-02;6.938460e-02;1.288788e-01;5.778196e-01;5.336727e-02;2.048725e-02;1.845344e-02;1.101012e-02;8.511835e-03
8.112951e-03;6.713045e-02;1.047328e-02;1.410735e-02;2.719347e-02;7.054197e-02;6.875851e-01;6.564512e-02;2.476220e-02;8.234386e-03;1.261873e-02;3.594932e-03
9.374049e-03;8.235808e-02;1.239367e-02;9.660318e-03;1.295590e-02;4.577804e-02;6.906800e-01;8.709996e-02;1.741325e-02;7.184802e-03;2.192057e-02;3.181382e-03
1.164994e-02;9.386273e-02;1.409542e-02;5.072380e-03;1.065179e-02;5.584456e-02;6.804783e-01;8.242224e-02;1.178115e-02;5.286394e-03;2.472338e-02;4.131730e-03
3.371539e-02;8.562111e-02;1.961567e-02;6.955409e-03;1.456795e-02;1.034103e-01;6.313629e-01;6.216039e-02;1.244822e-02;5.652301e-03;1.816482e-02;6.325585e-03
6.909055e-02;6.162935e-02;2.341733e-02;1.329993e-02;2.302251e-02;1.813658e-01;5.385326e-01;4.425982e-02;9.554427e-03;1.292207e-02;1.309808e-02;9.807596e-03
7.520910e-02;5.351403e-02;2.344720e-02;1.850183e-02;3.860639e-02;2.282193e-01;4.823061e-01;1.885473e-02;1.866076e-02;2.136057e-02;1.022379e-02;1.109625e-02
4.326528e-02;4.186207e-02;1.911744e-02;1.512298e-02;3.982408e-02;1.814350e-01;5.532004e-01;3.373789e-02;2.752225e-02;2.201308e-02;1.143816e-02;1.146140e-02
3.308297e-02;2.057856e-02;2.170284e-02;1.443679e-02;4.967701e-02;1.425387e-01;6.009149e-01;5.353298e-02;2.683966e-02;2.279476e-02;9.584903e-03;4.315892e-03
5.368215e-02;3.155356e-02;2.112898e-02;2.259995e-02;7.477821e-02;1.933551e-01;4.762347e-01;4.821717e-02;2.019161e-02;4.082590e-02;1.131509e-02;6.117618e-03
8.437803e-02;5.988943e-02;2.200906e-02;2.339030e-02;9.998471e-02;3.012284e-01;2.779880e-01;4.416739e-02;1.038085e-02;5.214821e-02;1.304825e-02;1.138734e-02
7.275736e-02;7.327076e-02;2.330265e-02;1.414388e-02;1.088956e-01;3.242301e-01;2.586534e-01;5.237852e-02;1.390457e-02;3.747639e-02;1.002024e-02;1.096650e-02
3.658679e-02;7.711797e-02;3.480626e-02;2.010729e-02;1.549744e-01;3.297600e-01;2.309328e-01;4.701765e-02;2.176139e-02;2.121128e-02;1.509942e-02;1.062468e-02
2.556555e-02;4.327894e-02;1.841667e-02;1.909926e-02;1.458827e-01;2.948888e-01;3.617676e-01;3.800086e-02;2.190539e-02;1.805907e-02;7.309700e-03;5.825499e-03
3.864960e-02;1.554401e-02;3.190039e-02;1.144671e-02;1.318277e-01;3.197534e-01;3.792560e-01;3.279620e-02;9.868998e-03;1.906248e-02;5.380447e-03;4.514090e-03
3.953165e-02;1.870501e-02;8.806384e-03;7.021539e-03;1.375611e-01;3.360955e-01;3.768474e-01;3.299212e-02;8.253426e-03;2.176922e-02;7.126455e-03;5.290235e-03
2.178072e-02;3.231458e-02;2.377727e-02;1.062337e-02;1.353083e-01;2.960975e-01;4.140107e-01;2.900833e-02;9.029995e-03;1.805009e-02;6.130967e-03;3.868217e-03
3.767071e-02;4.195670e-02;4.280678e-02;1.985458e-02;1.621319e-01;2.286391e-01;3.846753e-01;2.786981e-02;8.117753e-03;1.964202e-02;7.391696e-03;1.924369e-02
7.305668e-02;4.815710e-02;9.216524e-02;3.102473e-02;1.921721e-01;1.761741e-01;2.537316e-01;2.819108e-02;1.238469e-02;2.536523e-02;1.452918e-02;5.304826e-02
8.815973e-02;5.728382e-02;1.394474e-01;3.496325e-02;1.987815e-01;1.769293e-01;7.973465e-02;5.552179e-02;3.411720e-02;4.123479e-02;2.923866e-02;6.458793e-02
5.260279e-02;5.832491e-02;5.819387e-02;2.160456e-02;9.744934e-02;1.443956e-01;3.656463e-01;5.922863e-02;6.544548e-02;3.576594e-02;1.428915e-02;2.705342e-02
2.134606e-02;5.964325e-02;2.049140e-02;1.265090e-02;6.078825e-02;1.045079e-01;5.197780e-01;4.925209e-02;1.055950e-01;2.027746e-02;1.714427e-02;8.525352e-03
7.986521e-03;5.059103e-02;1.343420e-02;1.328497e-02;8.461253e-02;5.829506e-02;5.696618e-01;4.196732e-02;1.205571e-01;1.484406e-02;2.023330e-02;4.532091e-03
1.032695e-02;3.997883e-02;1.265148e-02;1.165345e-02;1.346126e-01;3.077256e-02;5.629295e-01;6.427559e-02;9.380022e-02;1.355162e-02;2.263341e-02;2.813927e-03
8.890247e-03;3.375085e-02;1.309186e-02;1.048890e-02;1.507163e-01;2.891882e-02;5.275748e-01;1.338893e-01;4.774394e-02;2.324621e-02;1.925921e-02;2.429476e-03
8.432371e-03;2.296062e-02;3.791149e-02;9.156965e-03;9.426145e-02;3.319673e-02;4.266120e-01;2.574455e-01;2.560378e-02;6.802203e-02;1.071405e-02;5.683085e-03
4.676901e-03;1.734802e-02;5.223027e-02;6.727868e-03;2.778147e-02;6.101050e-02;2.682585e-01;3.811767e-01;3.202237e-02;1.285111e-01;6.803396e-03;1.345287e-02
5.198182e-03;1.428646e-02;4.528121e-02;1.010928e-02;2.397451e-02;1.162419e-01;2.196630e-01;3.463938e-01;7.176226e-02;1.244225e-01;6.135465e-03;1.653146e-02
9.739664e-03;1.053200e-02;3.330057e-02;2.627168e-02;2.150819e-02;1.350110e-01;2.888756e-01;2.142931e-01;1.560319e-01;8.314274e-02;7.905045e-03;1.338839e-02
1.162661e-02;1.340820e-02;2.724041e-02;5.820591e-02;1.784959e-02;6.084256e-02;2.872117e-01;1.635634e-01;2.872265e-01;5.423019e-02;1.074050e-02;7.854455e-03
1.010435e-02;1.782975e-02;2.450154e-02;8.312156e-02;2.000699e-02;3.011909e-02;1.985814e-01;1.192174e-01;4.120213e-01;6.437325e-02;1.052724e-02;9.596126e-03
1.825328e-02;1.735497e-02;1.314021e-02;9.978787e-02;1.763786e-02;2.927082e-02;1.101118e-01;9.770726e-02;5.041992e-01;7.440102e-02;1.191184e-02;6.223817e-03
1.600179e-02;1.782078e-02;1.287479e-02;1.029333e-01;1.274806e-02;3.387758e-02;1.150507e-01;8.052022e-02;5.193182e-01;7.455634e-02;1.124287e-02;3.055337e-03
1.406034e-02;1.533780e-02;1.677049e-02;8.185100e-02;1.447348e-02;4.487059e-02;1.898478e-01;8.252704e-02;4.446896e-01;7.973559e-02;8.873391e-03;6.962847e-03
1.506575e-02;1.523594e-02;2.638543e-02;4.627630e-02;1.522855e-02;7.982779e-02;2.168759e-01;1.513076e-01;3.243802e-01;8.792330e-02;1.142759e-02;1.006566e-02
1.778065e-02;1.408883e-02;4.415966e-02;2.472555e-02;2.349113e-02;1.528985e-01;1.990886e-01;2.027540e-01;2.112118e-01;7.382700e-02;1.286154e-02;2.311276e-02
1.346459e-02;9.622406e-03;6.893690e-02;1.774902e-02;1.728090e-02;1.490830e-01;2.945376e-01;2.247141e-01;9.345430e-02;7.670323e-02;1.197280e-02;2.248121e-02
9.139020e-03;8.432012e-03;7.608114e-02;1.976933e-02;2.918064e-02;1.009843e-01;3.423233e-01;1.903015e-01;1.075978e-01;9.289964e-02;7.906288e-03;1.538502e-02
1.014646e-02;1.155295e-02;1.000733e-01;4.547437e-02;7.630547e-02;7.815378e-02;2.958503e-01;1.395178e-01;1.242620e-01;9.441335e-02;1.485594e-02;9.394334e-03
2.004845e-02;1.827929e-02;1.016471e-01;7.638638e-02;1.108769e-01;9.627608e-02;2.404684e-01;6.169442e-02;1.539190e-01;8.350182e-02;2.260112e-02;1.430109e-02
3.449341e-02;1.293789e-02;4.561421e-02;6.777542e-02;7.950647e-02;1.576628e-01;3.125270e-01;5.375023e-02;1.178980e-01;8.865357e-02;1.255168e-02;1.662943e-02
4.964199e-02;1.136396e-02;3.434516e-02;7.765397e-02;5.519953e-02;1.876410e-01;3.362717e-01;6.033862e-02;7.249723e-02;1.027597e-01;4.789420e-03;7.497741e-03
6.958672e-02;8.922158e-03;2.590893e-02;7.017399e-02;6.193211e-02;1.907223e-01;3.913440e-01;4.627501e-02;3.976870e-02;8.601457e-02;2.943610e-03;6.407764e-03
7.792698e-02;9.096456e-03;1.938306e-02;5.147604e-02;9.339602e-02;1.910462e-01;3.644327e-01;5.983106e-02;1.765708e-02;9.673209e-02;5.336484e-03;1.368582e-02
5.765561e-02;1.411700e-02;7.252548e-02;4.791043e-02;1.353617e-01;1.687121e-01;2.613697e-01;7.319458e-02;4.394440e-02;7.712917e-02;1.014112e-02;3.793870e-02
1.970875e-02;2.347500e-02;1.752217e-01;8.397488e-02;1.579666e-01;1.141502e-01;1.523930e-01;5.221495e-02;7.763944e-02;4.631606e-02;3.201515e-02;6.492424e-02
3.712522e-02;2.552140e-02;3.001473e-01;9.472075e-02;1.000327e-01;7.138731e-02;1.190590e-01;2.111813e-02;8.461457e-02;5.290741e-02;4.944077e-02;4.392535e-02
6.325542e-02;3.203350e-02;3.960948e-01;7.312921e-02;3.323904e-02;6.606840e-02;1.063665e-01;2.405379e-02;8.183336e-02;6.347097e-02;3.793236e-02;2.252265e-02
6.047464e-02;3.746022e-02;3.883643e-01;4.852498e-02;5.519310e-02;6.495509e-02;1.363108e-01;4.002914e-02;7.902410e-02;4.856579e-02;1.685850e-02;2.423931e-02
4.920759e-02;3.855988e-02;3.773064e-01;2.935985e-02;6.111199e-02;5.562718e-02;1.808548e-01;5.418674e-02;7.087792e-02;4.333944e-02;1.958148e-02;1.998673e-02
5.266331e-02;3.280599e-02;4.614929e-01;5.324984e-02;6.978680e-02;3.818283e-02;1.077386e-01;4.065823e-02;5.315486e-02;5.379622e-02;2.487971e-02;1.159070e-02
5.496730e-02;2.647439e-02;4.304416e-01;8.786364e-02;6.278581e-02;4.158903e-02;9.650236e-02;4.074181e-02;4.672499e-02;5.767621e-02;4.390111e-02;1.033166e-02
4.877863e-02;3.857565e-02;2.973351e-01;1.415508e-01;1.143042e-01;5.937103e-02;7.892206e-02;4.062110e-02;4.577525e-02;3.964606e-02;6.886256e-02;2.625756e-02
4.453734e-02;3.381969e-02;1.720102e-01;1.552423e-01;2.084552e-01;7.064579e-02;7.381373e-02;3.271061e-02;4.021403e-02;3.705090e-02;5.941229e-02;7.208791e-02
3.264644e-02;1.842254e-02;2.113263e-01;1.289539e-01;2.220141e-01;7.931159e-02;1.157807e-01;2.461819e-02;3.183149e-02;3.256042e-02;2.553375e-02;7.700055e-02
2.291182e-02;2.260023e-02;2.526878e-01;1.398364e-01;2.193361e-01;8.127122e-02;8.087739e-02;1.930381e-02;2.594022e-02;3.900720e-02;2.387837e-02;7.234941e-02
2.104980e-02;4.403498e-02;3.194408e-01;1.609759e-01;1.653752e-01;5.334287e-02;5.993517e-02;1.899361e-02;2.460042e-02;3.851762e-02;4.608643e-02;4.764719e-02
3.498569e-02;5.721195e-02;3.827123e-01;1.428439e-01;1.199266e-01;4.775557e-02;7.323233e-02;2.174047e-02;3.160997e-02;2.981522e-02;4.088907e-02;1.727695e-02
5.838192e-02;7.482722e-02;3.362854e-01;1.201537e-01;1.131504e-01;5.323957e-02;7.607713e-02;3.379831e-02;3.797161e-02;3.905223e-02;3.358185e-02;2.348065e-02
7.917081e-02;8.199989e-02;2.255972e-01;9.932511e-02;1.469419e-01;8.094220e-02;9.322833e-02;4.639586e-02;3.442388e-02;4.131107e-02;2.633291e-02;4.433082e-02
5.569403e-02;5.917526e-02;2.781495e-01;1.175525e-01;1.584187e-01;9.595765e-02;6.279185e-02;3.859529e-02;5.740256e-02;3.581898e-02;1.539790e-02;2.504568e-02
4.124121e-02;4.299149e-02;2.397940e-01;1.330085e-01;1.657545e-01;9.341719e-02;1.096207e-01;3.433361e-02;5.860569e-02;4.812882e-02;2.105768e-02;1.204666e-02
4.426121e-02;5.192491e-02;2.078802e-01;1.343727e-01;1.600122e-01;8.800129e-02;7.214922e-02;4.341371e-02;7.428475e-02;4.832134e-02;4.023852e-02;3.513990e-02
4.922358e-02;4.859141e-02;3.485056e-01;9.569565e-02;1.346818e-01;6.702226e-02;2.872204e-02;2.632827e-02;7.241489e-02;5.286869e-02;3.642019e-02;3.952569e-02
4.965188e-02;4.903902e-02;3.536424e-01;8.882235e-02;1.218193e-01;5.693606e-02;5.157310e-02;3.948218e-02;7.053664e-02;5.267168e-02;2.520107e-02;4.062441e-02
5.709071e-02;7.772607e-02;1.627078e-01;1.145588e-01;1.021120e-01;7.204319e-02;1.228294e-01;7.602390e-02;8.571994e-02;4.919511e-02;5.159165e-02;2.840150e-02
6.251881e-02;5.440895e-02;8.210228e-02;5.144756e-02;6.028534e-02;4.796373e-02;2.204262e-01;1.399592e-01;1.019346e-01;7.197950e-02;6.923726e-02;3.773655e-02
5.402662e-02;4.486630e-02;8.907684e-02;2.530618e-02;2.751394e-02;2.860929e-02;2.800833e-01;1.842873e-01;8.661643e-02;6.575964e-02;7.159558e-02;4.225865e-02
3.150413e-02;4.744774e-02;6.621124e-02;1.228764e-02;1.742522e-02;1.809130e-02;3.563915e-01;2.282551e-01;6.424171e-02;4.302340e-02;8.337203e-02;3.174889e-02
1.107424e-02;6.024399e-02;3.786944e-02;5.024126e-03;1.759259e-02;1.978527e-02;4.761528e-01;2.192618e-01;3.241256e-02;1.796634e-02;8.954468e-02;1.307210e-02
5.111284e-03;7.048170e-02;1.720906e-02;3.004671e-03;1.523357e-02;2.772079e-02;5.843892e-01;1.531549e-01;2.169742e-02;8.870509e-03;8.862741e-02;4.499477e-03
4.456779e-03;7.462306e-02;1.161105e-02;2.520597e-03;1.656131e-02;2.858058e-02;6.483229e-01;1.097964e-01;1.217416e-02;9.592594e-03;7.832301e-02;3.437587e-03
3.949236e-03;7.573150e-02;1.005713e-02;2.193002e-03;1.441700e-02;2.702343e-02;6.581855e-01;1.068351e-01;1.257621e-02;8.822517e-03;7.589460e-02;4.314712e-03
4.047742e-03;8.114128e-02;7.831852e-03;3.089827e-03;1.276855e-02;2.979131e-02;6.740592e-01;6.996239e-02;2.438478e-02;8.078043e-03;8.024961e-02;4.595453e-03
6.017290e-03;7.893744e-02;1.369757e-02;3.446287e-03;2.117700e-02;2.919425e-02;6.806822e-01;6.621758e-02;1.590029e-02;8.110378e-03;7.101136e-02;5.608305e-03
9.840123e-03;6.701167e-02;2.405733e-02;4.739992e-03;2.464105e-02;1.680064e-02;6.375614e-01;1.362649e-01;1.387526e-02;1.024547e-02;4.736486e-02;7.597407e-03
6.955880e-03;5.802233e-02;4.260915e-02;5.474843e-03;2.161800e-02;1.957016e-02;5.859773e-01;2.006423e-01;1.023035e-02;8.364852e-03;3.437275e-02;6.162092e-03
7.808713e-03;4.284767e-02;6.853746e-02;1.455089e-02;1.467057e-02;1.695283e-02;5.329741e-01;2.296442e-01;2.255839e-02;1.213494e-02;3.112831e-02;6.191914e-03
1.438575e-02;1.736865e-02;7.226051e-02;2.997623e-02;1.640937e-02;1.808742e-02;4.869922e-01;2.506863e-01;3.464381e-02;2.238551e-02;2.771855e-02;9.085635e-03
1.053421e-02;3.244106e-02;5.280143e-02;2.807350e-02;1.588622e-02;2.600035e-02;4.833984e-01;2.377769e-01;2.592480e-02;4.251289e-02;3.590777e-02;8.742466e-03
1.346431e-02;3.868540e-02;5.231002e-02;1.812579e-02;2.846322e-02;5.326280e-02;4.986694e-01;1.830859e-01;3.124875e-02;4.772452e-02;2.905980e-02;5.900203e-03
1.706432e-02;4.104084e-02;7.710239e-02;2.406238e-02;4.797201e-02;6.574325e-02;4.453190e-01;1.603114e-01;3.736018e-02;3.315888e-02;3.754646e-02;1.331887e-02
2.588061e-02;8.486190e-02;1.392586e-01;2.856743e-02;4.700606e-02;5.653030e-02;2.501975e-01;2.191675e-01;3.381933e-02;2.034245e-02;6.747866e-02;2.688967e-02
3.769057e-02;9.327145e-02;1.164628e-01;2.382072e-02;2.196101e-02;3.073564e-02;3.293905e-01;2.058683e-01;2.839997e-02;2.344815e-02;6.327977e-02;2.567115e-02
2.330885e-02;6.832466e-02;6.214620e-02;1.327621e-02;2.316762e-02;2.574451e-02;4.965135e-01;1.690217e-01;2.870083e-02;2.011617e-02;4.576999e-02;2.390966e-02
1.386071e-02;5.684569e-02;6.352451e-02;5.864437e-03;1.886983e-02;3.438719e-02;5.629775e-01;1.284308e-01;3.234334e-02;2.137835e-02;4.544099e-02;1.607665e-02
1.792362e-02;4.870253e-02;5.924281e-02;1.524012e-02;3.503077e-02;3.838187e-02;5.302920e-01;1.191352e-01;4.725755e-02;3.227306e-02;4.831393e-02;8.206474e-03
2.891657e-02;6.280772e-02;6.457784e-02;1.585062e-02;4.588759e-02;3.680917e-02;4.662620e-01;1.264771e-01;5.151965e-02;3.824992e-02;5.041453e-02;1.222725e-02
3.769480e-02;9.489262e-02;7.887336e-02;1.985093e-02;3.908096e-02;4.195350e-02;4.364296e-01;9.262757e-02;4.586850e-02;4.511085e-02;5.164537e-02;1.597197e-02
4.117515e-02;7.680511e-02;7.903632e-02;2.131168e-02;3.239874e-02;4.724542e-02;3.859236e-01;1.295124e-01;4.774569e-02;9.127499e-02;3.051014e-02;1.706078e-02
2.603233e-02;3.448583e-02;3.890370e-02;1.075577e-02;2.920915e-02;3.964078e-02;4.708553e-01;1.567219e-01;5.569728e-02;9.661338e-02;2.465302e-02;1.643156e-02
1.281663e-02;2.026058e-02;3.371231e-02;1.533372e-02;5.334352e-02;4.248774e-02;5.200988e-01;1.513656e-01;6.014951e-02;6.667370e-02;1.490148e-02;8.856388e-03
1.124591e-02;1.968401e-02;8.116495e-02;2.642301e-02;8.406472e-02;6.546241e-02;4.813709e-01;1.134032e-01;6.315698e-02;3.594423e-02;9.612117e-03;8.467530e-03
1.479055e-02;3.019084e-02;1.896724e-01;4.385982e-02;9.100538e-02;7.836773e-02;3.181226e-01;9.724018e-02;6.802079e-02;3.285569e-02;2.034451e-02;1.552953e-02
2.146172e-02;3.420699e-02;2.787850e-01;4.030271e-02;4.253647e-02;4.407366e-02;2.926899e-01;1.034456e-01;3.238818e-02;5.547520e-02;3.854109e-02;1.609348e-02
1.625965e-02;2.420456e-02;1.143193e-01;1.671488e-02;3.543481e-02;3.659672e-02;5.114988e-01;1.341438e-01;2.748803e-02;4.084660e-02;3.780450e-02;4.688329e-03
9.531974e-03;1.915084e-02;5.103092e-02;8.498500e-03;2.198585e-02;2.962912e-02;6.034704e-01;1.554766e-01;3.182187e-02;3.329689e-02;2.931217e-02;6.794941e-03
7.680790e-03;2.615211e-02;5.946508e-02;1.209190e-02;4.052304e-02;4.143601e-02;5.833480e-01;1.451906e-01;3.433398e-02;2.408907e-02;1.922855e-02;6.460769e-03
7.561417e-03;4.017951e-02;5.678726e-02;1.760740e-02;4.317078e-02;3.437087e-02;5.087065e-01;1.708767e-01;4.983044e-02;4.088318e-02;1.849368e-02;1.153226e-02
1.159831e-02;6.073373e-02;6.932514e-02;1.961636e-02;5.063247e-02;2.537693e-02;4.700586e-01;1.477945e-01;4.398754e-02;5.067740e-02;2.468079e-02;2.551829e-02
2.543022e-02;6.717286e-02;1.337789e-01;2.351559e-02;4.967871e-02;3.109840e-02;4.632136e-01;7.334933e-02;3.178941e-02;3.891436e-02;3.815472e-02;2.390382e-02
2.427360e-02;6.688552e-02;1.260206e-01;2.021555e-02;3.636066e-02;3.833152e-02;4.595317e-01;9.354258e-02;3.415753e-02;4.789662e-02;4.077543e-02;1.200879e-02
3.316831e-02;6.467949e-02;8.438244e-02;1.803415e-02;3.967871e-02;3.949496e-02;5.035186e-01;7.753547e-02;3.861932e-02;5.120524e-02;3.752730e-02;1.215602e-02
7.004021e-02;6.623362e-02;1.033936e-01;3.974660e-02;7.444979e-02;3.965024e-02;3.221428e-01;6.396308e-02;6.459099e-02;5.965741e-02;4.810185e-02;4.802973e-02
6.426167e-02;9.247196e-02;1.025003e-01;4.656224e-02;4.741039e-02;4.286782e-02;1.823061e-01;8.766630e-02;1.093342e-01;7.918938e-02;8.926024e-02;5.616947e-02
3.541165e-02;1.240608e-01;7.886238e-02;3.629671e-02;3.110902e-02;4.459766e-02;2.197611e-01;9.270781e-02;1.100485e-01;8.691460e-02;9.904627e-02;4.118351e-02
4.339644e-02;1.674244e-01;4.322856e-02;2.867033e-02;1.920889e-02;6.086968e-02;2.601972e-01;7.095697e-02;8.817600e-02;9.938473e-02;9.739784e-02;2.108902e-02
9.655941e-02;2.107549e-01;1.210081e-02;3.178560e-02;1.281866e-02;1.155301e-01;2.213503e-01;2.169115e-02;4.779478e-02;1.541744e-01;6.973192e-02;5.707961e-03
1.630976e-01;1.560645e-01;1.459551e-02;4.380940e-02;1.223296e-02;1.756268e-01;1.002982e-01;2.094469e-02;2.083180e-02;2.586741e-01;2.869669e-02;5.127691e-03
1.854795e-01;6.456403e-02;8.719643e-03;4.991684e-02;1.076335e-02;2.113960e-01;5.814565e-02;2.481355e-02;1.480643e-02;3.523131e-01;1.544714e-02;3.634755e-03
1.813340e-01;3.137700e-02;8.654031e-03;5.393880e-02;1.183106e-02;2.259244e-01;5.981852e-02;2.014407e-02;1.245225e-02;3.765067e-01;1.270870e-02;5.310432e-03
1.480546e-01;8.117725e-02;1.168549e-02;6.755736e-02;1.926923e-02;1.948960e-01;1.114723e-01;2.070694e-02;1.795657e-02;2.988132e-01;1.780767e-02;1.060337e-02
8.693223e-02;1.761937e-01;1.570544e-02;5.059771e-02;2.670779e-02;1.224110e-01;1.896939e-01;1.659659e-02;3.908433e-02;1.658344e-01;1.017236e-01;8.519262e-03
2.855345e-02;2.463705e-01;1.648258e-02;2.074650e-02;2.366767e-02;5.880588e-02;2.258849e-01;1.048520e-02;5.358314e-02;8.947989e-02;2.174817e-01;8.458693e-03
7.823101e-03;2.803735e-01;2.036773e-02;1.291149e-02;3.178848e-02;3.273971e-02;2.101987e-01;1.632565e-02;4.274141e-02;6.923213e-02;2.663033e-01;9.194651e-03
1.201351e-02;3.277485e-01;2.100712e-02;1.060661e-02;4.520677e-02;2.802889e-02;2.081295e-01;2.761910e-02;2.112707e-02;5.123824e-02;2.377629e-01;9.511773e-03
1.608813e-02;3.838012e-01;6.041381e-02;1.014686e-02;4.961694e-02;2.720083e-02;2.269436e-01;4.411204e-02;1.682713e-02;3.887006e-02;1.182397e-01;7.739598e-03
2.763792e-02;4.036846e-01;7.552025e-02;1.233775e-02;3.771024e-02;2.030954e-02;2.353563e-01;6.530083e-02;1.673894e-02;3.183657e-02;6.282359e-02;1.074340e-02
3.901029e-02;3.168162e-01;8.789454e-02;1.252401e-02;4.426401e-02;1.948639e-02;2.718684e-01;8.796402e-02;1.885737e-02;2.683601e-02;6.234590e-02;1.213277e-02
3.248046e-02;1.907387e-01;5.846718e-02;1.249875e-02;5.329791e-02;6.339152e-02;3.255382e-01;7.729479e-02;2.702603e-02;4.443508e-02;1.052980e-01;9.533308e-03
3.708434e-02;1.046345e-01;5.178199e-02;1.896710e-02;5.629335e-02;9.537866e-02;3.246319e-01;7.945942e-02;2.915417e-02;7.007744e-02;1.174831e-01;1.505414e-02
7.312768e-02;9.098928e-02;6.151920e-02;2.866955e-02;5.163144e-02;8.782185e-02;2.352133e-01;7.699851e-02;2.464565e-02;1.069447e-01;1.483065e-01;1.413231e-02
9.138916e-02;1.469031e-01;8.445721e-02;3.087951e-02;3.830066e-02;8.431111e-02;1.379849e-01;5.640555e-02;1.874666e-02;1.309008e-01;1.609524e-01;1.876894e-02
1.006291e-01;1.206175e-01;1.150982e-01;2.239956e-02;2.376268e-02;7.998301e-02;1.733695e-01;3.848822e-02;1.682657e-02;1.128022e-01;1.860048e-01;1.001873e-02
1.183281e-01;1.037344e-01;1.518129e-01;1.490254e-02;1.767334e-02;8.090822e-02;1.831488e-01;3.269899e-02;2.163394e-02;1.037864e-01;1.633336e-01;8.038843e-03
1.249830e-01;1.316081e-01;1.496998e-01;1.390368e-02;2.549898e-02;7.886584e-02;1.798866e-01;2.392246e-02;3.157061e-02;1.101590e-01;1.127265e-01;1.717550e-02
9.480929e-02;2.202650e-01;1.556468e-01;2.215968e-02;2.862386e-02;6.797697e-02;1.076653e-01;2.132245e-02;3.246510e-02;1.105551e-01;1.237624e-01;1.474816e-02
6.505542e-02;1.906789e-01;2.071299e-01;4.242423e-02;3.675279e-02;4.325983e-02;1.003123e-01;2.366017e-02;2.690429e-02;1.013003e-01;1.434336e-01;1.908834e-02
3.646160e-02;1.173586e-01;1.452315e-01;4.699659e-02;8.560397e-02;6.619730e-02;1.871426e-01;2.557561e-02;4.203746e-02;5.418163e-02;1.590779e-01;3.413518e-02
3.328085e-02;1.115415e-01;4.677955e-02;3.796517e-02;1.394516e-01;1.296286e-01;1.968387e-01;2.947918e-02;6.635340e-02;3.895239e-02;1.251564e-01;4.457267e-02
4.856784e-02;1.722225e-01;6.888255e-02;2.307580e-02;1.296075e-01;1.743826e-01;1.694870e-01;2.498225e-02;4.169279e-02;6.594994e-02;6.594162e-02;1.520759e-02
3.748327e-02;1.795107e-01;6.427034e-02;1.766240e-02;1.281347e-01;1.784577e-01;1.836652e-01;2.690248e-02;2.419429e-02;9.793728e-02;4.020298e-02;2.157858e-02
4.543497e-02;1.334242e-01;9.614930e-02;1.718620e-02;1.373973e-01;1.357109e-01;1.817822e-01;3.750347e-02;3.546095e-02;1.009961e-01;4.743074e-02;3.152379e-02
6.571291e-02;9.090783e-02;1.344910e-01;4.466869e-02;1.351232e-01;1.038610e-01;1.310638e-01;3.767770e-02;5.201250e-02;1.035442e-01;5.273140e-02;4.820578e-02
3.287981e-02;6.794203e-02;2.122730e-01;7.550734e-02;9.726854e-02;1.095181e-01;1.288769e-01;3.789851e-02;4.055972e-02;9.130879e-02;7.533390e-02;3.063338e-02
6.951328e-02;1.102763e-01;2.342672e-01;6.651775e-02;4.634437e-02;8.629501e-02;1.374485e-01;3.778158e-02;2.373787e-02;4.354320e-02;1.271042e-01;1.717071e-02
4.908635e-02;1.460612e-01;1.686942e-01;5.833377e-02;8.591162e-02;1.059860e-01;1.316441e-01;3.707194e-02;1.800395e-02;5.024102e-02;1.266463e-01;2.231954e-02
5.489837e-02;1.331663e-01;6.828168e-02;4.890959e-02;1.144239e-01;1.221768e-01;1.556718e-01;6.987049e-02;1.168750e-02;6.839118e-02;1.235088e-01;2.901357e-02
6.711109e-02;7.159219e-02;9.966975e-02;3.856065e-02;1.023888e-01;8.679409e-02;2.200534e-01;7.930563e-02;2.505847e-02;5.530574e-02;1.202874e-01;3.387273e-02
8.713950e-02;3.221143e-02;1.127616e-01;4.486560e-02;8.402551e-02;9.869698e-02;2.506700e-01;7.159143e-02;3.823010e-02;3.566295e-02;1.123625e-01;3.178245e-02
1.007746e-01;9.580036e-02;1.026990e-01;3.316341e-02;6.884754e-02;1.053516e-01;1.654177e-01;5.230898e-02;5.672048e-02;6.273810e-02;1.177784e-01;3.839982e-02
8.249122e-02;1.086151e-01;1.395079e-01;3.947895e-02;8.480778e-02;8.380792e-02;1.378195e-01;2.720333e-02;6.170421e-02;6.873334e-02;1.311610e-01;3.466970e-02
7.470937e-02;1.474490e-01;1.346161e-01;5.833391e-02;1.012974e-01;9.032109e-02;1.155108e-01;2.694820e-02;5.040199e-02;6.165085e-02;1.057196e-01;3.304168e-02
5.797859e-02;2.308686e-01;1.138015e-01;6.225429e-02;9.800099e-02;6.897464e-02;7.654156e-02;2.982421e-02;4.327033e-02;8.839583e-02;8.763918e-02;4.245025e-02
6.096853e-02;2.934254e-01;7.652204e-02;5.617800e-02;7.728720e-02;5.440858e-02;1.078200e-01;3.105516e-02;4.116046e-02;7.024793e-02;9.946574e-02;3.146094e-02
5.419450e-02;2.824525e-01;1.500565e-01;4.846965e-02;6.612275e-02;6.942992e-02;1.098690e-01;2.230304e-02;3.148340e-02;7.818294e-02;6.204101e-02;2.539477e-02
3.508198e-02;1.787363e-01;1.264640e-01;3.567830e-02;9.601917e-02;1.099592e-01;1.040436e-01;4.418366e-02;7.257330e-02;9.091375e-02;6.408110e-02;4.226562e-02
3.940007e-02;9.148782e-02;1.137898e-01;8.720925e-02;1.186717e-01;1.012063e-01;1.010045e-01;5.791199e-02;1.072323e-01;6.702569e-02;5.798063e-02;5.708003e-02
2.857835e-02;6.663827e-02;1.258669e-01;1.024411e-01;1.069586e-01;9.613392e-02;1.447358e-01;4.341338e-02;1.071427e-01;5.361916e-02;5.929039e-02;6.518140e-02
6.563734e-02;5.961471e-02;8.232375e-02;7.432651e-02;7.552122e-02;8.878118e-02;2.980471e-01;5.243363e-02;6.282792e-02;4.162862e-02;6.004323e-02;3.881481e-02
1.023509e-01;6.990599e-02;8.023849e-02;5.351091e-02;9.483845e-02;1.130973e-01;2.798306e-01;4.197676e-02;3.045061e-02;5.293484e-02;4.311910e-02;3.774603e-02
1.087706e-01;7.730538e-02;8.382326e-02;4.621327e-02;1.233383e-01;1.459505e-01;2.425919e-01;3.164453e-02;2.940081e-02;4.451641e-02;2.724816e-02;3.919695e-02
8.710963e-02;6.793023e-02;7.627413e-02;4.131403e-02;2.213861e-01;1.673547e-01;1.420846e-01;1.890301e-02;3.890333e-02;3.453603e-02;1.743401e-02;8.677021e-02
3.403540e-02;3.733123e-02;6.256379e-02;6.040318e-02;3.621680e-01;1.416693e-01;5.543022e-02;7.499880e-03;4.174294e-02;2.388551e-02;1.662994e-02;1.566406e-01
2.390371e-02;2.345273e-02;6.185068e-02;9.339613e-02;4.164579e-01;7.959434e-02;5.206035e-02;1.260077e-02;2.734386e-02;1.303365e-02;1.825089e-02;1.780550e-01
3.338870e-02;1.417237e-02;6.020044e-02;1.355635e-01;3.700225e-01;4.173103e-02;7.976193e-02;1.408805e-02;1.899356e-02;1.611615e-02;6.376537e-02;1.521963e-01
3.580809e-02;1.627581e-02;9.091569e-02;1.980790e-01;2.792638e-01;3.211986e-02;8.096281e-02;1.462220e-02;1.495426e-02;2.374654e-02;1.160937e-01;9.715822e-02
2.634991e-02;2.237051e-02;1.289705e-01;2.700337e-01;1.905686e-01;2.404135e-02;6.015663e-02;2.871669e-02;1.144581e-02;2.728527e-02;1.731907e-01;3.687042e-02
1.518320e-02;2.236936e-02;1.596061e-01;3.052185e-01;1.522484e-01;3.373231e-02;2.357778e-02;4.048223e-02;8.757713e-03;2.177797e-02;1.893166e-01;2.772990e-02
9.914469e-03;1.646926e-02;1.707621e-01;3.212403e-01;1.531626e-01;4.234116e-02;2.709050e-02;4.689300e-02;9.820187e-03;9.894012e-03;1.608229e-01;3.158950e-02
5.920297e-03;1.189444e-02;2.049558e-01;3.334550e-01;1.552645e-01;5.033276e-02;1.337487e-02;5.318604e-02;1.010387e-02;8.961012e-03;1.437647e-01;8.786676e-03
4.708556e-03;1.071778e-02;2.315225e-01;3.310554e-01;1.309101e-01;4.961639e-02;1.436915e-02;4.788796e-02;6.110636e-03;8.599835e-03;1.425866e-01;2.191498e-02
7.674684e-03;1.034769e-02;2.584412e-01;3.192586e-01;1.178602e-01;5.528576e-02;1.645270e-02;4.693836e-02;4.932444e-03;7.162851e-03;1.501403e-01;5.505215e-03
9.321114e-03;1.283162e-02;2.581547e-01;2.807641e-01;1.088736e-01;5.958346e-02;1.200322e-02;4.532847e-02;8.958229e-03;7.800788e-03;1.723248e-01;2.405596e-02
7.900357e-03;1.325065e-02;2.625552e-01;2.793836e-01;7.959110e-02;6.242979e-02;2.198203e-02;3.783469e-02;8.122360e-03;1.601318e-02;1.976462e-01;1.329088e-02
1.053460e-02;8.525289e-03;2.638555e-01;3.241746e-01;5.477053e-02;5.050369e-02;2.540963e-02;2.469056e-02;5.531700e-03;1.570218e-02;1.988539e-01;1.744793e-02
1.428610e-02;1.053039e-02;2.806154e-01;3.480615e-01;5.180664e-02;4.662837e-02;1.492430e-02;1.834043e-02;7.610791e-03;1.556754e-02;1.803529e-01;1.127572e-02
9.095045e-03;6.691182e-03;3.054469e-01;3.183315e-01;7.650688e-02;4.770005e-02;2.035904e-02;2.343119e-02;1.883345e-02;1.638279e-02;1.445660e-01;1.265608e-02
1.148924e-02;5.600041e-03;3.699377e-01;2.434803e-01;9.462589e-02;3.363904e-02;3.183618e-02;2.220871e-02;3.086101e-02;2.896439e-02;1.183819e-01;8.975563e-03
1.949500e-02;1.370915e-02;4.286730e-01;1.368301e-01;7.551427e-02;2.152691e-02;7.785507e-02;1.892093e-02;4.998944e-02;6.415468e-02;8.516930e-02;8.162168e-03
1.675202e-02;2.688241e-02;3.971092e-01;8.032944e-02;5.448497e-02;3.513337e-02;1.107287e-01;2.487246e-02;6.715784e-02;1.298613e-01;4.323371e-02;1.345454e-02
1.532993e-02;3.082650e-02;3.378561e-01;5.108635e-02;4.713069e-02;4.281008e-02;1.086596e-01;1.917596e-02;3.633650e-02;2.499891e-01;4.666751e-02;1.413173e-02
1.432905e-02;4.570961e-02;3.136640e-01;2.905034e-02;2.694443e-02;3.215188e-02;8.597592e-02;1.192381e-02;4.739145e-02;3.202137e-01;5.999315e-02;1.265262e-02
1.831755e-02;1.206718e-01;2.303476e-01;2.877327e-02;1.261287e-02;5.798368e-02;4.672479e-02;1.631602e-02;1.463115e-01;2.727121e-01;3.489963e-02;1.432914e-02
2.253762e-02;2.349079e-01;1.209288e-01;2.370992e-02;1.329835e-02;9.180984e-02;2.364603e-02;1.454285e-02;2.527430e-01;1.667359e-01;2.111707e-02;1.402276e-02
7.214792e-02;2.507092e-01;9.231488e-02;3.517854e-02;4.412257e-02;7.155944e-02;2.268037e-02;3.390585e-02;2.498408e-01;6.422908e-02;4.108461e-02;2.222672e-02
1.615172e-01;1.497745e-01;1.054259e-01;4.767796e-02;9.904486e-02;2.206904e-02;2.297653e-02;8.821157e-02;1.870908e-01;3.103875e-02;5.754959e-02;2.762335e-02
1.877632e-01;5.666427e-02;8.461680e-02;5.301119e-02;1.111852e-01;2.337416e-02;5.386532e-02;1.137418e-01;1.408901e-01;5.803091e-02;6.473868e-02;5.211836e-02
1.130663e-01;5.448327e-02;5.035312e-02;1.154687e-01;5.922704e-02;4.220008e-02;1.009142e-01;7.643981e-02;8.850333e-02;1.101352e-01;5.257273e-02;1.366361e-01
4.955061e-02;4.708676e-02;7.622273e-02;1.555927e-01;2.085888e-02;3.897199e-02;1.252833e-01;3.809617e-02;7.337421e-02;1.031069e-01;7.124902e-02;2.006067e-01
7.256614e-02;2.057547e-02;1.570027e-01;9.369873e-02;2.535251e-02;6.049387e-02;9.330929e-02;2.174412e-02;8.363543e-02;6.092457e-02;1.726112e-01;1.380860e-01
9.044997e-02;2.962443e-02;1.922209e-01;2.582934e-02;2.723636e-02;1.023716e-01;4.687671e-02;3.656609e-02;7.956519e-02;6.765026e-02;2.539204e-01;4.768874e-02
8.988581e-02;6.837247e-02;1.234127e-01;3.455520e-02;3.524916e-02;1.009294e-01;3.283272e-02;4.296951e-02;4.868589e-02;1.027501e-01;2.954336e-01;2.492341e-02
6.387281e-02;1.640393e-01;6.084216e-02;4.819276e-02;4.779692e-02;6.758588e-02;3.556441e-02;4.920996e-02;4.682383e-02;1.389991e-01;2.568010e-01;2.027191e-02
2.477998e-02;2.445249e-01;6.571884e-02;5.441456e-02;5.075543e-02;4.535478e-02;2.675904e-02;6.136963e-02;5.931099e-02;1.809417e-01;1.666048e-01;1.946531e-02
3.863065e-02;2.809425e-01;7.989631e-02;5.912348e-02;6.517707e-02;3.215813e-02;1.973205e-02;5.159077e-02;5.145373e-02;2.026054e-01;9.536012e-02;2.332975e-02
5.117853e-02;2.852871e-01;6.274813e-02;5.924234e-02;7.407602e-02;2.903120e-02;1.611059e-02;5.243643e-02;4.363999e-02;2.051108e-01;1.037416e-01;1.739721e-02
4.443663e-02;2.721115e-01;3.926539e-02;3.110518e-02;8.371880e-02;1.663362e-02;1.687077e-02;5.971382e-02;4.585487e-02;2.447368e-01;1.068650e-01;3.868769e-02
4.322223e-02;2.296318e-01;5.351705e-02;3.396808e-02;1.121042e-01;2.268461e-02;2.309222e-02;3.972813e-02;4.748385e-02;2.720337e-01;4.925481e-02;7.327929e-02
5.106802e-02;1.985648e-01;5.428271e-02;2.296974e-02;1.307969e-01;2.167855e-02;1.990760e-02;1.931215e-02;5.545822e-02;2.945903e-01;5.395388e-02;7.741712e-02
5.100651e-02;1.611857e-01;6.669233e-02;2.523369e-02;1.317609e-01;3.101620e-02;2.788533e-02;2.114598e-02;4.638437e-02;3.099391e-01;5.040576e-02;7.734413e-02
6.890695e-02;9.697068e-02;1.014372e-01;4.189786e-02;1.083169e-01;3.248524e-02;1.943982e-02;2.183857e-02;1.399000e-01;2.595744e-01;3.747782e-02;7.175466e-02
1.104597e-01;5.133318e-02;1.132847e-01;6.384413e-02;6.987119e-02;3.356862e-02;3.393414e-02;3.043099e-02;2.460400e-01;1.544073e-01;3.680966e-02;5.601637e-02
9.975629e-02;4.928220e-02;1.186403e-01;7.595412e-02;4.494509e-02;4.523766e-02;4.292899e-02;4.449511e-02;3.019204e-01;1.272266e-01;2.457742e-02;2.503583e-02
8.751177e-02;4.474884e-02;1.331227e-01;6.596705e-02;5.758334e-02;4.972099e-02;5.923774e-02;6.433569e-02;2.907420e-01;9.779111e-02;3.320332e-02;1.603542e-02
1.001562e-01;4.893632e-02;1.320278e-01;7.743730e-02;4.291850e-02;3.182917e-02;1.011567e-01;7.610411e-02;2.069901e-01;8.199769e-02;5.696804e-02;4.347802e-02
8.454173e-02;8.748297e-02;9.327749e-02;6.577793e-02;3.870139e-02;3.453506e-02;1.197473e-01;4.937689e-02;1.541064e-01;1.316268e-01;6.339347e-02;7.743260e-02
8.369754e-02;1.130284e-01;5.673540e-02;7.434923e-02;6.818146e-02;4.355792e-02;9.530453e-02;3.471239e-02;1.657960e-01;1.554176e-01;4.465453e-02;6.456500e-02
9.679032e-02;8.402073e-02;5.786259e-02;1.079751e-01;9.854665e-02;4.337192e-02;5.883325e-02;5.043068e-02;1.442685e-01;1.682067e-01;5.958550e-02;3.010808e-02
8.999736e-02;3.889568e-02;8.216419e-02;1.275778e-01;9.940923e-02;2.547292e-02;7.601359e-02;6.058861e-02;1.449595e-01;1.609379e-01;6.652284e-02;2.746041e-02
5.623618e-02;3.850043e-02;9.265251e-02;1.120070e-01;7.217482e-02;3.169851e-02;1.302254e-01;7.504896e-02;1.866385e-01;1.044346e-01;5.606956e-02;4.431354e-02
6.665680e-02;6.943706e-02;7.882740e-02;5.955131e-02;6.900910e-02;4.722534e-02;1.509004e-01;7.758053e-02;1.589265e-01;1.157051e-01;5.867431e-02;4.750621e-02
1.027101e-01;8.738130e-02;1.094950e-01;6.017563e-02;5.527435e-02;4.644918e-02;1.070751e-01;6.267459e-02;1.304220e-01;1.287462e-01;7.423279e-02;3.536360e-02
1.102714e-01;9.867994e-02;8.949967e-02;6.886439e-02;4.929148e-02;4.263366e-02;6.009154e-02;4.653281e-02;1.301356e-01;1.561522e-01;9.721612e-02;5.063121e-02
8.605613e-02;9.081884e-02;6.528903e-02;7.387172e-02;6.086913e-02;3.606150e-02;8.566189e-02;5.092489e-02;1.496210e-01;1.528586e-01;9.414495e-02;5.382227e-02
7.871049e-02;7.011274e-02;6.930613e-02;8.622235e-02;7.696157e-02;2.326939e-02;1.181002e-01;4.870504e-02;1.484327e-01;1.431932e-01;8.721586e-02;4.977028e-02
8.839830e-02;4.394549e-02;6.940901e-02;9.310751e-02;7.319544e-02;3.499475e-02;1.087084e-01;5.517036e-02;1.341922e-01;1.794422e-01;8.021484e-02;3.922150e-02
8.622380e-02;4.295698e-02;9.660140e-02;8.581813e-02;6.061170e-02;7.503952e-02;1.548173e-01;8.033306e-02;7.905829e-02;1.508702e-01;6.395833e-02;2.371129e-02
5.089366e-02;4.856942e-02;9.265989e-02;8.295811e-02;9.858330e-02;1.023666e-01;1.741355e-01;7.278181e-02;6.479242e-02;1.201807e-01;7.570321e-02;1.637539e-02
5.189909e-02;3.894581e-02;8.931680e-02;8.885063e-02;1.364960e-01;9.052057e-02;1.217565e-01;5.171968e-02;8.179246e-02;1.142151e-01;9.320544e-02;4.128187e-02
7.165068e-02;6.139579e-02;9.843513e-02;9.482174e-02;1.058110e-01;8.069258e-02;9.477484e-02;3.275791e-02;6.739288e-02;1.144037e-01;1.173651e-01;6.049855e-02
1.032469e-01;8.657066e-02;8.584236e-02;9.383219e-02;6.577826e-02;6.487659e-02;8.378042e-02;3.739208e-02;9.070537e-02;1.077334e-01;1.194574e-01;6.078439e-02
1.320711e-01;9.408723e-02;5.553782e-02;1.169999e-01;8.626192e-02;4.162468e-02;7.691333e-02;3.156387e-02;7.209231e-02;1.396856e-01;1.141907e-01;3.897148e-02
1.142628e-01;7.481055e-02;5.670843e-02;9.189358e-02;8.855133e-02;2.524292e-02;9.770093e-02;5.829778e-02;5.781363e-02;1.271345e-01;1.194961e-01;8.808743e-02
1.067559e-01;7.818287e-02;6.844082e-02;7.545323e-02;9.847778e-02;3.628282e-02;9.634975e-02;6.291411e-02;7.189053e-02;9.037635e-02;1.111193e-01;1.037565e-01
7.603944e-02;1.038432e-01;9.268414e-02;9.139746e-02;7.974619e-02;4.773806e-02;8.427154e-02;3.506651e-02;6.264619e-02;1.025791e-01;8.442469e-02;1.395635e-01
1.188832e-01;1.150933e-01;1.042035e-01;7.327947e-02;6.448711e-02;5.208345e-02;7.238038e-02;4.707569e-02;5.202046e-02;7.223917e-02;9.333777e-02;1.349165e-01
