8.606505e-02;7.889009e-02;2.141822e-01;7.713580e-02;8.234993e-02;7.727627e-02;1.639500e-01;5.004436e-02;4.244730e-02;5.215893e-02;4.216808e-02;3.333190e-02
4.503029e-02;6.310640e-02;1.634353e-01;6.336039e-02;1.283193e-01;1.166186e-01;1.337539e-01;4.277600e-02;4.660168e-02;9.241701e-02;7.544023e-02;2.914096e-02
3.529128e-02;4.316224e-02;8.989510e-02;4.401541e-02;1.969471e-01;1.430452e-01;1.169076e-01;2.018419e-02;3.334605e-02;1.542596e-01;1.015070e-01;2.143920e-02
1.456957e-02;3.676622e-02;3.939658e-02;1.066007e-01;2.611277e-01;9.141421e-02;4.663275e-02;2.103484e-02;5.359315e-02;2.147937e-01;9.712985e-02;1.694060e-02
2.833499e-02;2.438941e-02;6.061402e-02;9.191867e-02;2.177317e-01;1.011704e-01;7.841209e-02;1.376066e-02;5.201063e-02;1.803997e-01;1.234235e-01;2.783419e-02
1.021350e-01;3.460117e-02;5.744262e-02;3.962064e-02;1.172676e-01;1.753063e-01;1.234031e-01;2.787081e-02;2.147074e-02;1.017046e-01;1.320667e-01;6.711074e-02
2.359255e-01;7.817581e-02;6.748350e-02;2.245246e-02;5.240684e-02;1.432280e-01;1.492996e-01;4.915217e-02;1.681879e-02;3.519783e-02;7.512239e-02;7.473715e-02
2.568255e-01;1.770086e-01;1.996542e-01;2.033990e-02;2.550759e-02;7.581760e-02;7.202780e-02;4.138250e-02;4.688093e-02;1.676087e-02;2.296394e-02;4.483059e-02
1.406394e-01;2.038971e-01;4.406863e-01;2.827137e-02;2.344665e-02;3.517696e-02;2.062217e-02;9.589886e-03;5.645293e-02;2.117749e-02;6.110726e-03;1.392897e-02
5.155214e-02;1.175191e-01;6.346975e-01;6.723922e-02;2.444226e-02;1.388365e-02;1.410272e-02;8.062273e-03;3.119506e-02;2.369198e-02;8.345492e-03;5.268574e-03
3.113278e-02;2.937558e-02;7.287362e-01;1.223816e-01;2.330033e-02;7.857691e-03;8.009384e-03;4.540346e-03;1.264409e-02;1.710040e-02;1.272511e-02;2.196542e-03
1.684688e-02;2.290319e-02;6.564344e-01;1.939408e-01;4.085846e-02;1.163382e-02;8.179063e-03;4.833980e-03;1.028387e-02;7.746083e-03;2.419183e-02;2.147711e-03
5.878144e-03;1.610320e-02;5.468881e-01;2.755882e-01;7.282586e-02;1.502705e-02;1.184210e-02;6.521615e-03;6.407552e-03;5.617845e-03;3.329227e-02;4.008038e-03
4.809357e-03;1.331031e-02;4.509220e-01;3.256613e-01;1.124737e-01;2.042863e-02;1.139835e-02;9.517045e-03;5.531617e-03;7.349896e-03;3.452022e-02;4.077557e-03
1.210805e-02;1.275296e-02;3.824043e-01;3.163085e-01;1.748225e-01;2.952299e-02;9.506721e-03;1.023566e-02;8.252493e-03;8.149098e-03;2.683458e-02;9.102160e-03
6.028839e-03;1.241929e-02;3.334871e-01;2.440899e-01;2.635905e-01;5.309606e-02;2.695670e-02;8.664371e-03;8.425864e-03;1.043848e-02;1.440141e-02;1.840145e-02
1.090278e-02;6.369862e-03;2.834167e-01;1.300396e-01;3.137912e-01;1.066390e-01;8.456193e-02;9.641325e-03;1.501397e-02;9.003140e-03;3.720129e-03;2.690031e-02
2.139368e-02;1.700105e-02;1.557342e-01;6.323621e-02;2.193792e-01;1.412479e-01;3.186409e-01;1.578743e-02;1.800834e-02;6.986288e-03;5.095518e-03;1.748933e-02
2.519966e-02;3.278187e-02;7.389252e-02;4.400488e-02;9.449015e-02;1.062555e-01;5.394753e-01;4.049383e-02;1.682353e-02;1.125213e-02;6.185950e-03;9.144682e-03
2.575646e-02;3.927501e-02;7.851117e-02;3.083455e-02;3.170892e-02;4.364390e-02;6.194553e-01;6.527449e-02;2.945165e-02;1.872520e-02;1.085248e-02;6.510812e-03
3.495530e-02;3.543842e-02;9.302431e-02;2.572252e-02;4.674993e-02;5.325717e-02;5.724323e-01;6.404469e-02;3.091099e-02;1.936989e-02;1.288052e-02;1.121397e-02
4.104726e-02;3.534221e-02;1.152109e-01;2.206787e-02;8.140052e-02;8.922156e-02;4.898943e-01;4.193418e-02;2.300901e-02;1.565446e-02;2.609765e-02;1.912010e-02
5.882802e-02;3.591661e-02;1.474395e-01;4.480770e-02;1.043154e-01;1.135831e-01;3.424719e-01;3.199802e-02;2.549213e-02;2.799726e-02;4.311923e-02;2.403113e-02
7.241318e-02;8.480399e-02;1.732106e-01;7.472025e-02;8.229319e-02;1.180306e-01;1.969136e-01;3.401119e-02;2.580262e-02;5.200624e-02;4.036623e-02;4.542840e-02
4.501477e-02;8.247609e-02;1.818120e-01;7.245209e-02;1.212821e-01;9.004024e-02;1.351844e-01;5.279174e-02;6.085698e-02;4.964458e-02;4.495514e-02;6.348992e-02
2.249223e-02;3.544644e-02;2.253489e-01;6.349412e-02;1.313773e-01;8.118718e-02;1.823275e-01;5.309709e-02;6.207009e-02;4.374243e-02;5.694189e-02;4.247486e-02
3.703406e-02;4.500280e-02;2.149356e-01;7.185180e-02;1.060961e-01;8.353126e-02;2.519965e-01;3.669001e-02;3.679549e-02;4.389137e-02;4.221245e-02;2.996257e-02
5.329923e-02;4.624256e-02;1.177585e-01;7.991107e-02;8.001098e-02;8.601201e-02;3.287741e-01;4.399028e-02;4.687952e-02;5.845667e-02;4.190633e-02;1.675873e-02
7.760528e-02;4.421993e-02;8.966365e-02;6.700458e-02;8.000924e-02;1.024575e-01;3.135234e-01;6.019053e-02;4.461934e-02;5.151804e-02;3.783787e-02;3.135058e-02
7.000639e-02;6.328066e-02;1.594881e-01;8.650569e-02;1.087539e-01;1.265269e-01;1.550324e-01;7.608280e-02;6.308720e-02;4.542204e-02;2.278352e-02;2.303036e-02
8.114149e-02;7.855786e-02;8.445053e-02;1.141993e-01;1.179194e-01;1.297893e-01;1.203243e-01;8.116993e-02;8.812426e-02;4.720397e-02;3.325877e-02;2.386093e-02
8.946430e-02;8.635194e-02;1.355877e-01;6.426788e-02;9.717195e-02;8.133375e-02;1.578041e-01;9.442923e-02;9.219547e-02;3.611133e-02;2.940860e-02;3.587374e-02
6.942230e-02;8.321287e-02;1.909053e-01;4.011469e-02;7.577132e-02;5.418262e-02;1.955449e-01;8.340291e-02;9.002654e-02;3.209087e-02;4.154628e-02;4.377937e-02
8.720301e-02;6.392873e-02;1.528236e-01;5.741446e-02;7.186130e-02;6.313841e-02;1.896631e-01;5.476893e-02;7.587953e-02;4.174543e-02;6.692908e-02;7.464443e-02
1.552183e-01;8.477291e-02;1.607740e-01;3.976133e-02;6.036925e-02;5.305095e-02;1.573269e-01;5.516161e-02;4.756745e-02;4.050590e-02;5.298062e-02;9.251080e-02
2.121549e-01;9.510327e-02;2.044724e-01;1.697367e-02;4.496319e-02;3.380676e-02;1.320161e-01;5.528228e-02;4.087654e-02;4.013668e-02;4.137305e-02;8.284117e-02
1.792759e-01;8.933613e-02;2.351679e-01;6.154297e-02;4.335761e-02;2.162955e-02;1.262165e-01;6.372565e-02;5.641471e-02;3.904113e-02;3.371134e-02;5.058054e-02
1.183831e-01;8.980105e-02;2.651234e-01;9.970457e-02;3.740726e-02;8.349667e-02;9.405753e-02;4.697263e-02;4.889671e-02;3.350560e-02;4.469433e-02;3.795714e-02
4.741170e-02;5.708050e-02;2.693008e-01;1.109821e-01;4.451990e-02;2.502536e-01;3.372025e-02;1.468138e-02;3.413796e-02;3.338217e-02;8.031637e-02;2.421323e-02
1.833431e-02;4.182691e-02;1.264469e-01;4.790752e-02;6.827304e-02;3.726146e-01;8.901120e-02;2.983396e-02;9.838752e-03;6.435598e-02;1.222896e-01;9.267255e-03
1.352442e-02;5.868121e-02;4.275227e-02;1.212676e-02;9.978897e-02;3.416561e-01;7.727425e-02;5.478454e-02;1.311800e-02;1.366144e-01;1.378519e-01;1.182729e-02
1.024579e-02;6.655359e-02;3.020579e-02;2.227145e-02;1.480247e-01;1.877159e-01;4.147079e-02;1.147898e-01;1.761051e-02;2.395162e-01;1.056853e-01;1.591031e-02
2.043498e-02;6.726722e-02;2.789657e-02;1.463570e-02;1.576639e-01;8.210321e-02;3.480059e-02;1.378053e-01;2.832328e-02;3.243268e-01;7.656983e-02;2.817247e-02
2.593790e-02;6.371256e-02;2.033629e-02;2.900960e-02;1.353971e-01;5.347735e-02;6.069325e-02;1.047119e-01;6.040108e-02;3.419367e-01;5.624674e-02;4.813947e-02
3.735013e-02;5.258394e-02;2.783749e-02;4.025017e-02;1.037404e-01;4.937767e-02;7.953134e-02;5.972026e-02;1.210653e-01;3.263381e-01;5.096616e-02;5.123905e-02
5.261106e-02;4.182899e-02;3.794573e-02;4.960216e-02;8.192373e-02;4.481457e-02;1.026133e-01;5.770372e-02;1.767519e-01;2.598311e-01;5.082364e-02;4.355007e-02
5.553800e-02;4.566706e-02;3.581375e-02;6.703100e-02;8.177959e-02;3.354587e-02;1.018089e-01;6.967565e-02;2.033995e-01;2.336377e-01;2.383113e-02;4.827184e-02
4.571708e-02;3.300130e-02;3.206705e-02;1.056012e-01;9.643933e-02;2.417402e-02;8.547055e-02;4.268632e-02;2.653351e-01;1.932137e-01;3.769023e-02;3.860416e-02
2.879886e-02;2.144461e-02;2.670684e-02;1.678336e-01;1.137714e-01;1.861177e-02;6.611386e-02;3.313077e-02;3.158668e-01;1.492054e-01;2.962468e-02;2.889145e-02
4.712311e-02;2.322776e-02;7.424144e-02;2.337763e-01;1.199889e-01;1.415596e-02;4.291983e-02;1.561757e-02;2.857186e-01;1.068469e-01;1.717500e-02;1.920868e-02
5.727390e-02;2.067771e-02;1.677925e-01;2.470808e-01;1.071803e-01;9.712828e-03;3.810851e-02;2.277003e-02;2.101318e-01;9.006615e-02;1.993893e-02;9.266489e-03
6.075351e-02;3.491597e-02;2.303199e-01;2.232067e-01;1.048311e-01;1.821902e-02;5.095544e-02;2.182617e-02;1.396178e-01;8.189356e-02;2.133178e-02;1.212917e-02
6.194781e-02;2.970190e-02;2.508850e-01;1.844968e-01;9.664693e-02;4.179094e-02;7.586513e-02;2.029771e-02;9.247622e-02;7.630400e-02;4.012805e-02;2.945940e-02
5.889359e-02;7.114135e-02;1.463113e-01;8.268317e-02;1.373663e-01;5.749702e-02;8.861410e-02;1.227316e-02;7.344978e-02;1.526992e-01;6.480764e-02;5.426342e-02
4.587543e-02;1.014001e-01;4.737447e-02;8.183173e-02;1.767135e-01;4.509711e-02;6.851697e-02;2.089082e-02;8.833607e-02;2.185406e-01;6.675723e-02;3.866596e-02
3.338283e-02;8.919126e-02;4.310807e-02;8.030339e-02;1.991211e-01;3.712548e-02;3.754030e-02;1.914303e-02;9.903972e-02;2.669795e-01;6.417736e-02;3.088787e-02
2.121377e-02;1.067619e-01;2.818381e-02;4.538491e-02;2.180273e-01;3.496856e-02;2.249691e-02;2.642754e-02;9.403802e-02;2.937898e-01;7.092014e-02;3.778730e-02
8.036576e-03;1.257939e-01;2.159128e-02;3.005787e-02;2.173214e-01;4.670595e-02;1.198290e-02;4.280888e-02;7.874402e-02;2.921949e-01;8.710189e-02;3.766041e-02
6.787670e-03;1.280724e-01;2.347406e-02;3.208959e-02;1.957739e-01;6.061147e-02;1.332467e-02;7.148852e-02;5.653977e-02;2.778707e-01;1.062288e-01;2.773838e-02
1.301537e-02;1.159785e-01;2.053187e-02;5.408244e-02;1.590149e-01;8.135173e-02;2.738234e-02;9.327538e-02;4.956452e-02;2.410872e-01;1.281994e-01;1.651641e-02
1.183747e-02;9.717056e-02;4.041171e-02;5.865195e-02;1.211834e-01;1.072701e-01;4.881513e-02;9.304044e-02;4.346044e-02;2.095550e-01;1.507134e-01;1.789032e-02
2.081473e-02;8.029268e-02;4.374978e-02;5.620757e-02;9.419067e-02;1.386444e-01;5.191981e-02;7.093318e-02;3.023119e-02;1.933461e-01;1.941439e-01;2.552597e-02
6.123520e-02;6.170605e-02;8.547299e-02;4.306017e-02;5.543201e-02;1.392567e-01;1.219377e-01;4.636165e-02;2.168110e-02;1.173800e-01;1.884333e-01;5.804311e-02
1.192874e-01;4.316217e-02;1.289723e-01;5.769553e-02;3.811741e-02;8.045257e-02;1.586622e-01;5.375179e-02;3.963392e-02;6.859610e-02;1.298736e-01;8.179499e-02
9.576430e-02;2.827221e-02;1.852852e-01;6.060959e-02;3.376399e-02;5.336742e-02;1.427157e-01;3.763144e-02;5.238626e-02;9.951013e-02;1.328079e-01;7.788590e-02
6.275669e-02;3.745621e-02;1.923692e-01;4.462443e-02;4.365943e-02;9.718129e-02;8.430053e-02;3.244841e-02;4.375515e-02;1.258121e-01;1.702060e-01;6.543058e-02
4.962114e-02;6.403209e-02;1.926210e-01;3.474836e-02;6.310850e-02;8.922140e-02;9.175947e-02;3.137165e-02;3.727846e-02;1.354184e-01;1.610423e-01;4.977724e-02
5.116562e-02;5.535666e-02;1.845291e-01;4.079431e-02;6.221398e-02;6.319964e-02;1.854288e-01;3.786231e-02;5.819355e-02;1.146266e-01;1.050992e-01;4.153024e-02
6.161344e-02;3.707523e-02;1.991550e-01;5.187736e-02;4.808459e-02;4.570742e-02;2.488834e-01;4.244812e-02;6.958100e-02;9.250888e-02;6.503229e-02;3.803327e-02
4.204305e-02;3.357243e-02;1.989854e-01;4.363351e-02;6.400888e-02;6.804765e-02;2.432764e-01;5.345126e-02;5.416157e-02;7.477564e-02;8.739765e-02;3.664665e-02
5.860654e-02;5.172440e-02;2.117225e-01;3.819173e-02;7.706054e-02;9.341567e-02;1.566583e-01;4.781093e-02;3.804656e-02;9.409594e-02;9.617867e-02;3.648812e-02
8.322752e-02;6.902330e-02;1.612284e-01;5.012175e-02;1.040743e-01;9.708042e-02;9.687417e-02;5.272785e-02;4.987020e-02;1.187488e-01;7.516895e-02;4.185429e-02
7.009045e-02;6.733609e-02;1.848024e-01;6.761894e-02;9.002043e-02;8.359864e-02;8.671964e-02;4.370141e-02;7.889108e-02;1.084909e-01;6.841730e-02;5.031278e-02
6.151348e-02;5.124855e-02;1.380963e-01;7.512133e-02;6.589865e-02;6.632913e-02;6.361102e-02;7.191147e-02;7.619539e-02;1.755591e-01;1.025557e-01;5.195998e-02
8.841894e-02;8.483072e-02;9.774516e-02;7.807897e-02;9.246015e-02;6.870904e-02;1.045908e-01;9.488837e-02;8.153315e-02;6.068522e-02;6.742418e-02;8.063535e-02
7.938744e-02;9.511070e-02;1.024073e-01;8.489940e-02;7.493262e-02;6.530075e-02;1.104985e-01;9.573215e-02;9.525900e-02;5.658565e-02;5.271274e-02;8.717371e-02
1.406426e-01;1.259263e-01;1.477700e-01;5.696864e-02;5.445162e-02;3.835906e-02;1.435561e-01;4.677354e-02;6.000523e-02;5.811153e-02;4.429037e-02;8.314495e-02
2.007198e-01;1.126424e-01;1.720459e-01;2.965061e-02;4.546747e-02;3.876399e-02;1.098546e-01;3.556684e-02;3.618816e-02;5.876102e-02;7.779186e-02;8.254728e-02
1.930286e-01;9.610534e-02;1.457275e-01;4.359704e-02;5.228868e-02;4.359534e-02;7.690831e-02;2.668439e-02;5.680569e-02;9.409326e-02;9.124237e-02;7.992350e-02
1.336514e-01;8.179012e-02;1.050868e-01;7.244959e-02;6.982180e-02;4.597085e-02;4.017766e-02;3.308322e-02;9.631677e-02;1.512494e-01;9.607884e-02;7.432361e-02
9.129196e-02;6.712372e-02;1.210519e-01;7.810982e-02;5.902827e-02;3.820063e-02;2.042915e-01;4.965458e-02;8.523243e-02;1.148656e-01;4.744158e-02;4.370803e-02
1.105041e-01;6.306794e-02;1.965305e-01;6.808645e-02;4.342895e-02;2.838032e-02;2.455176e-01;5.306137e-02;4.177031e-02;6.345540e-02;4.811223e-02;3.808478e-02
7.659540e-02;7.155064e-02;2.158566e-01;5.988656e-02;5.427125e-02;3.597274e-02;1.949783e-01;5.313980e-02;2.844903e-02;8.403898e-02;8.038399e-02;4.487674e-02
5.195912e-02;5.756917e-02;1.838596e-01;5.604051e-02;8.580645e-02;5.286211e-02;2.465226e-01;4.450121e-02;3.859480e-02;7.182989e-02;7.384935e-02;3.660522e-02
3.254132e-02;4.224398e-02;1.533950e-01;7.230778e-02;1.058358e-01;6.083382e-02;1.934188e-01;4.572297e-02;6.390727e-02;1.212391e-01;7.561355e-02;3.294061e-02
4.851770e-02;4.264846e-02;1.451957e-01;1.006190e-01;9.682599e-02;4.374575e-02;1.306682e-01;3.332852e-02;1.119910e-01;1.532089e-01;7.071655e-02;2.253424e-02
4.032968e-02;4.062339e-02;1.887429e-01;8.372974e-02;7.989062e-02;3.526537e-02;1.623581e-01;6.892158e-02;1.175098e-01;1.059978e-01;4.852326e-02;2.810790e-02
3.033651e-02;2.168366e-02;2.016591e-01;4.764452e-02;6.204543e-02;3.338859e-02;2.693624e-01;9.310602e-02;9.242051e-02;7.671281e-02;3.568918e-02;3.595130e-02
5.223580e-02;4.909588e-02;1.391830e-01;2.641196e-02;6.090277e-02;3.098183e-02;4.095377e-01;7.543197e-02;5.717504e-02;4.676475e-02;2.569688e-02;2.658233e-02
5.307222e-02;7.148845e-02;6.202077e-02;2.624584e-02;7.065493e-02;4.291398e-02;4.876189e-01;4.960028e-02;4.585133e-02;4.097176e-02;2.902651e-02;2.053505e-02
6.094777e-02;8.810691e-02;6.961444e-02;2.164638e-02;6.793009e-02;5.296851e-02;4.449719e-01;4.193170e-02;5.178334e-02;5.674884e-02;2.137959e-02;2.197057e-02
7.860563e-02;8.646092e-02;1.096056e-01;2.907663e-02;8.439062e-02;5.410273e-02;3.205484e-01;4.291104e-02;5.413430e-02;7.341541e-02;3.508003e-02;3.166866e-02
7.270650e-02;7.250927e-02;1.416405e-01;4.545493e-02;1.080674e-01;4.900814e-02;2.020520e-01;7.518429e-02;6.247576e-02;9.357236e-02;5.105489e-02;2.627387e-02
5.599063e-02;7.280376e-02;1.157628e-01;6.815156e-02;9.549880e-02;4.703305e-02;1.682634e-01;1.337321e-01;6.312580e-02;1.057481e-01;4.910351e-02;2.478643e-02
8.301520e-02;9.154464e-02;1.227396e-01;9.115113e-02;7.218470e-02;3.861222e-02;1.474583e-01;1.111529e-01;8.409716e-02;8.325613e-02;3.370830e-02;4.107970e-02
9.707885e-02;8.499604e-02;8.448677e-02;8.991437e-02;7.252686e-02;3.893153e-02;1.369168e-01;1.063790e-01;8.895922e-02;8.433891e-02;4.916694e-02;6.630464e-02
7.685601e-02;4.733556e-02;1.191427e-01;8.578899e-02;8.507261e-02;5.764333e-02;1.185617e-01;9.812109e-02;8.558565e-02;1.060374e-01;5.193040e-02;6.792463e-02
1.028523e-01;5.169740e-02;1.221657e-01;8.611518e-02;8.658639e-02;5.921098e-02;9.143846e-02;1.202230e-01;7.115061e-02;9.811176e-02;4.232498e-02;6.812324e-02
1.108886e-01;6.050860e-02;1.529385e-01;7.203601e-02;6.259583e-02;7.066414e-02;7.721534e-02;1.398511e-01;4.239506e-02;7.240937e-02;5.789818e-02;8.059929e-02
1.140698e-01;6.062324e-02;1.516564e-01;7.491460e-02;6.522257e-02;5.683367e-02;9.993186e-02;1.255904e-01;5.367357e-02;6.672160e-02;6.650071e-02;6.426162e-02
9.834793e-02;7.457985e-02;1.304408e-01;7.032383e-02;7.797567e-02;5.447255e-02;1.172649e-01;1.352880e-01;5.717110e-02;8.468232e-02;5.632086e-02;4.313226e-02
6.131781e-02;7.724487e-02;1.071258e-01;6.799233e-02;7.126730e-02;6.828699e-02;1.235218e-01;1.438774e-01;6.232949e-02;6.369504e-02;9.169136e-02;6.164987e-02
9.335151e-02;4.595209e-02;1.309574e-01;9.094768e-02;6.293371e-02;7.805107e-02;6.493560e-02;1.055471e-01;1.270811e-01;4.592536e-02;9.844881e-02;5.586857e-02
9.143244e-02;3.486203e-02;1.516406e-01;7.156914e-02;6.559374e-02;8.856065e-02;9.495577e-02;9.659491e-02;1.003837e-01;5.156770e-02;9.855559e-02;5.428372e-02
8.642452e-02;4.161208e-02;1.557094e-01;7.393706e-02;7.734848e-02;9.432405e-02;1.018683e-01;7.885381e-02;7.432692e-02;6.185117e-02;9.130878e-02;6.243545e-02
9.874611e-02;5.839429e-02;1.210032e-01;8.246559e-02;5.116422e-02;8.137693e-02;1.419846e-01;5.867038e-02;8.462705e-02;8.101165e-02;8.389260e-02;5.666338e-02
8.390786e-02;6.196357e-02;1.721811e-01;5.284911e-02;2.856644e-02;4.317810e-02;2.243305e-01;8.256111e-02;8.099070e-02;6.857937e-02;5.743213e-02;4.345995e-02
7.592446e-02;7.787733e-02;1.833167e-01;4.213970e-02;3.416805e-02;3.972357e-02;2.804472e-01;9.384578e-02;5.785510e-02;4.659306e-02;3.550505e-02;3.260405e-02
8.582320e-02;9.395905e-02;2.074194e-01;4.062404e-02;4.068888e-02;4.548554e-02;2.891616e-01;7.416616e-02;3.654213e-02;3.469415e-02;2.260778e-02;2.882810e-02
8.662295e-02;1.091992e-01;2.158832e-01;5.759057e-02;4.194652e-02;4.940753e-02;2.134329e-01;4.969637e-02;5.639520e-02;4.455743e-02;1.967362e-02;5.559450e-02
1.079754e-01;1.268081e-01;1.161897e-01;3.765818e-02;4.847246e-02;4.540473e-02;2.869394e-01;7.309664e-02;5.547853e-02;3.384847e-02;2.274425e-02;4.538421e-02
9.415936e-02;1.099009e-01;1.641540e-01;1.625348e-02;4.036604e-02;3.660266e-02;3.583349e-01;8.473854e-02;2.671860e-02;1.780765e-02;2.774815e-02;2.321575e-02
5.383997e-02;6.855154e-02;2.085330e-01;2.209800e-02;2.464899e-02;3.129994e-02;3.481863e-01;1.233455e-01;3.935146e-02;2.571337e-02;2.249413e-02;3.193775e-02
1.881805e-02;2.565535e-02;2.601739e-01;3.162657e-02;1.500553e-02;3.847000e-02;3.205371e-01;1.457972e-01;5.343977e-02;3.552569e-02;1.143866e-02;4.351212e-02
1.255195e-02;2.541260e-02;3.006026e-01;3.639518e-02;9.643792e-03;4.708094e-02;2.980705e-01;1.418028e-01;5.017573e-02;2.728900e-02;5.027654e-03;4.594717e-02
1.072656e-02;3.420952e-02;2.941923e-01;3.765705e-02;1.398730e-02;5.896818e-02;3.024338e-01;1.279981e-01;5.048908e-02;2.588651e-02;7.381261e-03;3.607029e-02
1.192774e-02;2.478990e-02;2.522867e-01;4.577369e-02;2.309273e-02;5.879926e-02;3.233663e-01;1.154250e-01;7.965577e-02;3.174810e-02;7.560686e-03;2.557408e-02
1.061624e-02;2.274275e-02;1.942676e-01;5.937468e-02;3.011358e-02;4.316592e-02;3.474199e-01;1.077384e-01;1.088573e-01;4.201568e-02;9.149118e-03;2.453869e-02
1.707830e-02;2.197000e-02;1.259926e-01;6.889672e-02;3.750043e-02;3.039750e-02;3.631795e-01;9.708345e-02;1.360588e-01;6.236895e-02;1.852296e-02;2.095072e-02
2.414664e-02;2.016590e-02;7.744404e-02;6.352609e-02;4.214711e-02;3.185531e-02;3.535822e-01;7.226850e-02;1.358688e-01;1.167896e-01;4.537634e-02;1.682950e-02
2.218720e-02;3.677296e-02;4.187358e-02;5.485427e-02;5.012150e-02;3.472367e-02;3.081623e-01;7.250702e-02;9.631135e-02;1.774268e-01;9.003422e-02;1.502513e-02
1.861291e-02;5.866552e-02;3.795512e-02;6.888586e-02;5.331040e-02;3.745613e-02;1.944431e-01;8.499777e-02;5.314785e-02;2.263132e-01;1.501856e-01;1.602658e-02
1.440289e-02;4.945199e-02;5.477190e-02;9.209353e-02;4.059206e-02;4.968026e-02;1.254606e-01;6.577616e-02;4.602075e-02;2.320271e-01;2.058218e-01;2.390096e-02
1.653985e-02;3.026869e-02;6.175059e-02;9.745918e-02;3.482660e-02;7.809693e-02;1.199728e-01;4.456791e-02;2.903829e-02;2.099508e-01;2.466076e-01;3.092060e-02
2.022818e-02;2.140646e-02;6.513686e-02;5.850622e-02;3.768033e-02;1.402958e-01;9.032808e-02;3.215466e-02;4.285936e-02;1.884876e-01;2.711262e-01;3.179010e-02
2.596805e-02;9.359044e-03;6.415100e-02;3.135939e-02;4.303526e-02;1.869643e-01;5.638625e-02;2.729599e-02;4.925283e-02;1.699662e-01;2.972283e-01;3.903340e-02
2.868052e-02;1.332845e-02;5.672458e-02;2.746652e-02;5.223597e-02;1.930173e-01;5.568194e-02;2.475713e-02;3.686875e-02;1.618635e-01;3.038914e-01;4.548393e-02
2.523998e-02;2.688826e-02;4.713146e-02;4.687840e-02;6.671369e-02;1.394376e-01;6.798018e-02;3.353485e-02;4.133271e-02;1.919855e-01;2.707847e-01;4.209265e-02
1.286929e-02;5.899646e-02;3.891665e-02;4.709176e-02;1.109139e-01;7.006360e-02;6.484865e-02;5.258663e-02;5.451869e-02;2.370864e-01;2.137912e-01;3.831678e-02
3.565411e-02;7.515018e-02;3.663241e-02;4.820995e-02;1.391944e-01;4.966071e-02;4.150052e-02;5.471142e-02;7.421567e-02;2.524897e-01;1.536230e-01;3.895786e-02
6.250496e-02;5.345332e-02;5.032841e-02;7.660861e-02;9.605217e-02;4.920081e-02;4.555570e-02;4.667157e-02;1.566574e-01;2.202522e-01;1.104043e-01;3.231051e-02
6.985132e-02;1.832117e-02;6.075459e-02;1.152391e-01;5.192441e-02;3.689336e-02;8.048343e-02;5.117541e-02;2.151191e-01;1.896502e-01;8.597955e-02;2.460831e-02
4.241183e-02;2.175224e-02;1.527507e-01;1.068117e-01;3.674396e-02;2.351589e-02;1.245048e-01;7.029113e-02;1.878651e-01;1.393421e-01;6.436919e-02;2.964134e-02
2.623912e-02;4.276410e-02;2.173530e-01;7.291396e-02;4.410760e-02;2.830956e-02;2.086862e-01;6.878306e-02;1.161499e-01;8.741435e-02;5.370320e-02;3.357597e-02
4.670496e-02;7.914039e-02;1.742648e-01;4.133256e-02;4.479753e-02;3.561295e-02;2.973528e-01;5.615440e-02;8.041606e-02;6.101821e-02;5.523585e-02;2.796961e-02
9.746342e-02;9.784357e-02;8.320075e-02;3.378590e-02;7.168661e-02;5.552709e-02;3.209969e-01;6.477653e-02;6.928492e-02;4.570299e-02;4.199923e-02;1.773205e-02
1.369532e-01;8.678029e-02;4.691953e-02;4.687062e-02;1.125831e-01;7.485872e-02;2.150085e-01;6.403407e-02;8.203479e-02;6.936127e-02;3.316210e-02;3.143377e-02
1.082778e-01;7.377554e-02;9.393255e-02;5.911492e-02;1.534658e-01;6.571785e-02;1.004185e-01;6.512901e-02;8.497928e-02;1.003713e-01;6.166378e-02;3.315365e-02
9.817631e-02;6.231592e-02;1.623145e-01;8.540324e-02;1.399141e-01;5.092916e-02;7.410351e-02;5.789608e-02;9.006278e-02;7.470259e-02;5.413906e-02;5.004272e-02
1.161545e-01;4.400600e-02;1.755790e-01;1.010001e-01;1.131672e-01;6.670292e-02;7.972509e-02;6.379487e-02;1.114604e-01;5.047253e-02;4.244683e-02;3.549057e-02
9.393021e-02;3.651521e-02;1.459622e-01;8.527037e-02;9.319433e-02;7.359540e-02;9.888161e-02;6.950741e-02;1.895702e-01;6.104929e-02;3.625497e-02;1.626881e-02
6.300765e-02;3.664001e-02;1.376254e-01;8.199063e-02;9.733064e-02;6.767573e-02;1.340816e-01;9.607957e-02;1.781602e-01;5.894445e-02;3.175518e-02;1.670898e-02
5.228265e-02;4.052252e-02;1.482017e-01;7.500466e-02;1.027046e-01;6.924134e-02;1.258990e-01;1.199670e-01;1.348613e-01;6.310453e-02;3.392780e-02;3.428283e-02
5.397698e-02;4.569354e-02;1.255669e-01;1.030577e-01;8.787780e-02;9.850269e-02;1.556337e-01;9.508173e-02;1.004686e-01;5.869230e-02;2.756104e-02;4.788696e-02
7.915750e-02;5.398684e-02;1.520786e-01;7.545339e-02;9.745833e-02;9.234194e-02;1.918514e-01;6.885548e-02;8.133564e-02;4.863061e-02;2.289338e-02;3.595687e-02
1.067465e-01;6.898826e-02;1.251233e-01;5.992460e-02;1.026250e-01;7.625992e-02;2.344559e-01;4.756256e-02;9.126520e-02;4.029359e-02;1.904541e-02;2.770980e-02
6.987822e-02;9.230011e-02;8.043889e-02;5.930548e-02;9.717641e-02;7.143655e-02;3.093264e-01;4.401552e-02;7.790990e-02;4.356520e-02;2.768833e-02;2.695899e-02
3.291453e-02;5.730247e-02;1.600352e-01;6.400031e-02;6.712822e-02;4.578392e-02;3.199351e-01;6.288431e-02;6.941327e-02;4.788927e-02;3.723483e-02;3.547856e-02
3.143964e-02;3.303887e-02;1.782539e-01;6.289488e-02;6.244155e-02;3.004653e-02;2.512715e-01;7.313329e-02;1.157513e-01;7.854038e-02;4.596110e-02;3.722708e-02
2.794591e-02;2.058042e-02;1.321305e-01;6.568751e-02;6.544215e-02;3.613086e-02;2.143434e-01;6.301183e-02;1.578372e-01;1.346013e-01;5.602668e-02;2.626221e-02
4.284914e-02;3.684913e-02;6.616101e-02;6.460935e-02;6.826024e-02;5.693985e-02;1.416336e-01;4.582142e-02;1.520937e-01;2.126812e-01;8.901218e-02;2.308911e-02
3.428969e-02;8.068588e-02;4.953169e-02;4.514365e-02;8.456264e-02;7.917114e-02;7.084685e-02;3.354609e-02;8.401784e-02;2.549243e-01;1.515732e-01;3.170706e-02
2.399730e-02;7.868278e-02;6.403378e-02;2.741622e-02;7.051031e-02;1.116942e-01;6.036458e-02;2.623810e-02;3.517419e-02;2.388048e-01;2.265159e-01;3.656788e-02
2.856588e-02;4.450042e-02;8.774056e-02;1.566368e-02;4.133345e-02;1.866153e-01;5.515291e-02;1.398804e-02;2.755317e-02;1.793987e-01;2.821711e-01;3.731678e-02
3.206125e-02;2.181314e-02;1.519841e-01;1.173853e-02;3.066044e-02;2.141023e-01;4.606348e-02;7.788889e-03;2.526805e-02;1.248797e-01;2.823748e-01;5.126533e-02
4.373523e-02;9.726466e-03;1.919297e-01;1.138272e-02;4.325334e-02;1.857703e-01;5.700757e-02;1.263905e-02;2.545493e-02;1.001647e-01;2.423090e-01;7.662700e-02
6.000135e-02;1.152047e-02;1.774479e-01;3.120488e-02;6.428847e-02;1.227399e-01;1.207438e-01;1.732887e-02;2.333488e-02;6.807993e-02;1.892138e-01;1.140958e-01
7.938844e-02;1.792347e-02;1.215928e-01;7.701927e-02;5.321536e-02;6.733140e-02;2.053412e-01;2.117474e-02;1.573644e-02;5.257570e-02;1.380891e-01;1.506120e-01
1.218925e-01;2.850704e-02;8.830143e-02;1.163478e-01;2.718359e-02;3.905785e-02;2.355350e-01;2.677591e-02;9.952541e-03;4.837149e-02;1.009013e-01;1.571734e-01
1.559821e-01;2.931413e-02;9.701122e-02;1.270863e-01;1.585066e-02;1.782080e-02;2.003092e-01;2.504115e-02;1.452487e-02;5.546736e-02;1.107721e-01;1.508202e-01
1.275838e-01;3.895991e-02;2.021446e-01;9.106327e-02;2.547633e-02;2.987032e-02;1.473269e-01;1.765641e-02;2.695317e-02;6.985325e-02;1.150442e-01;1.080678e-01
7.895014e-02;4.254834e-02;2.533839e-01;5.930349e-02;5.022162e-02;4.396269e-02;1.360397e-01;2.642454e-02;3.799234e-02;9.329467e-02;1.070054e-01;7.087320e-02
6.782594e-02;5.943505e-02;2.476072e-01;4.666950e-02;5.953863e-02;5.212373e-02;1.029586e-01;3.038223e-02;4.888212e-02;1.254575e-01;9.966251e-02;5.945697e-02
5.467944e-02;8.264168e-02;2.004380e-01;5.466498e-02;4.268732e-02;5.770907e-02;1.281075e-01;3.447649e-02;4.983893e-02;1.093594e-01;1.000199e-01;8.537730e-02
8.127379e-02;8.065269e-02;1.142228e-01;1.112786e-01;4.982495e-02;5.043705e-02;1.591603e-01;4.550886e-02;4.401738e-02;1.047515e-01;6.762656e-02;9.124550e-02
4.465109e-02;5.953311e-02;2.097788e-01;9.015796e-02;5.291651e-02;5.422585e-02;1.422002e-01;5.998408e-02;3.830037e-02;9.215697e-02;9.839164e-02;5.770339e-02
5.322285e-02;6.781256e-02;2.333130e-01;7.574847e-02;6.630421e-02;4.871027e-02;1.396371e-01;6.089680e-02;5.511551e-02;7.334787e-02;8.267203e-02;4.321942e-02
9.342873e-02;9.423035e-02;1.725177e-01;3.032711e-02;6.477240e-02;7.578291e-02;1.428101e-01;7.298417e-02;7.050186e-02;5.745162e-02;9.243507e-02;3.275805e-02
1.128980e-01;8.444745e-02;1.543713e-01;5.662859e-02;6.903966e-02;8.108547e-02;9.442122e-02;5.738475e-02;5.562959e-02;8.666692e-02;1.013480e-01;4.607904e-02
1.027904e-01;8.053428e-02;1.369426e-01;7.034034e-02;7.014471e-02;9.407998e-02;1.019123e-01;5.032929e-02;6.244474e-02;9.578833e-02;8.853671e-02;4.615628e-02
6.781088e-02;5.192412e-02;1.180276e-01;6.071213e-02;6.637852e-02;1.406667e-01;1.333556e-01;6.223072e-02;9.875851e-02;1.037247e-01;6.377369e-02;3.263684e-02
5.175889e-02;3.151327e-02;1.023181e-01;5.763537e-02;4.485538e-02;1.243540e-01;1.626150e-01;7.884513e-02;1.495765e-01;1.252300e-01;3.604881e-02;3.524955e-02
9.210850e-02;4.219500e-02;6.998799e-02;7.887373e-02;3.554950e-02;6.807374e-02;1.488162e-01;6.794155e-02;1.742782e-01;1.479404e-01;3.397712e-02;4.025807e-02
1.030265e-01;3.018767e-02;1.231767e-01;8.049817e-02;4.707579e-02;7.306425e-02;1.212899e-01;5.603118e-02;1.261997e-01;1.618540e-01;4.011383e-02;3.748227e-02
7.864861e-02;4.620963e-02;1.830943e-01;5.666110e-02;5.087678e-02;5.077229e-02;1.091353e-01;8.870204e-02;5.795195e-02;1.456582e-01;7.495824e-02;5.733164e-02
5.668035e-02;3.513772e-02;1.783211e-01;5.792257e-02;6.019093e-02;3.846886e-02;1.843555e-01;8.399263e-02;7.732476e-02;1.115748e-01;7.016727e-02;4.586353e-02
3.081236e-02;2.418352e-02;1.628122e-01;6.149663e-02;5.930515e-02;3.734984e-02;2.492089e-01;9.511703e-02;1.041914e-01;9.117550e-02;5.133309e-02;3.301436e-02
2.093062e-02;5.373924e-02;1.291155e-01;5.013913e-02;5.356081e-02;3.425338e-02;3.326345e-01;1.039903e-01;8.925002e-02;7.476136e-02;2.916129e-02;2.846387e-02
4.974932e-02;7.515322e-02;9.309687e-02;4.264820e-02;5.642101e-02;4.092720e-02;4.162741e-01;7.071637e-02;5.626575e-02;5.587805e-02;3.093249e-02;1.193743e-02
7.540886e-02;8.607218e-02;1.023521e-01;5.096189e-02;6.207592e-02;5.028915e-02;4.035195e-01;4.337763e-02;4.496724e-02;3.770096e-02;2.699370e-02;1.628083e-02
7.594675e-02;7.156255e-02;1.496139e-01;6.604090e-02;6.725314e-02;5.035965e-02;3.179390e-01;5.772821e-02;5.313260e-02;3.712779e-02;1.683084e-02;3.646467e-02
5.311806e-02;6.605330e-02;1.644581e-01;7.309145e-02;5.581216e-02;5.897215e-02;2.174225e-01;8.132682e-02;8.856608e-02;5.997609e-02;2.667789e-02;5.452547e-02
1.131707e-01;1.024017e-01;9.823395e-02;4.290806e-02;5.542875e-02;5.330000e-02;1.573382e-01;1.124200e-01;8.966592e-02;7.294229e-02;3.213784e-02;7.005253e-02
6.447311e-02;1.389861e-01;7.912423e-02;5.468887e-02;6.376293e-02;3.339292e-02;1.462837e-01;1.277963e-01;9.319033e-02;6.693818e-02;4.157742e-02;8.978591e-02
9.721221e-02;1.109491e-01;6.957898e-02;8.125184e-02;5.802912e-02;3.428677e-02;1.457399e-01;8.639411e-02;9.383243e-02;9.247814e-02;6.064167e-02;6.960571e-02
1.216606e-01;6.944552e-02;8.770151e-02;7.891311e-02;9.615620e-02;3.872061e-02;1.163466e-01;4.172774e-02;1.299765e-01;1.263572e-01;4.899326e-02;4.400105e-02
1.182246e-01;7.354882e-02;9.191991e-02;7.385299e-02;9.644545e-02;6.047501e-02;9.020900e-02;4.890383e-02;1.499592e-01;9.420733e-02;5.133976e-02;5.091403e-02
9.082060e-02;8.180688e-02;1.202848e-01;5.753316e-02;3.987534e-02;6.906573e-02;9.267861e-02;5.972173e-02;1.529382e-01;8.925790e-02;6.144425e-02;8.457278e-02
9.336615e-02;5.148840e-02;1.169148e-01;6.055649e-02;5.140675e-02;5.962752e-02;8.332738e-02;4.753293e-02;1.250602e-01;9.924690e-02;1.043457e-01;1.071267e-01
9.861269e-02;8.377820e-02;1.308392e-01;5.603083e-02;5.574425e-02;8.232418e-02;9.754780e-02;4.770487e-02;8.456074e-02;8.196189e-02;1.057564e-01;7.513893e-02
9.942804e-02;1.367983e-01;1.253355e-01;4.659957e-02;5.797826e-02;9.757090e-02;8.584806e-02;5.575188e-02;1.079927e-01;7.800998e-02;6.119426e-02;4.749257e-02
1.212749e-01;9.366450e-02;7.549930e-02;8.586676e-02;4.946586e-02;1.326112e-01;1.111742e-01;5.849753e-02;1.077873e-01;5.361968e-02;7.256349e-02;3.797529e-02
1.349371e-01;8.664204e-02;8.067932e-02;1.236527e-01;3.802939e-02;1.348267e-01;1.067673e-01;4.287300e-02;7.890671e-02;4.862172e-02;7.684409e-02;4.721995e-02
1.321644e-01;1.370495e-01;9.320690e-02;1.121713e-01;5.278153e-02;1.083161e-01;9.168632e-02;4.283850e-02;1.109456e-01;5.395075e-02;4.499345e-02;1.989562e-02
1.158972e-01;1.149713e-01;9.841250e-02;4.746583e-02;7.698371e-02;8.309440e-02;6.814788e-02;7.310704e-02;1.036172e-01;5.393400e-02;8.912240e-02;7.524651e-02
1.076035e-01;4.653968e-02;1.092981e-01;7.577710e-02;8.909749e-02;5.333266e-02;9.646733e-02;7.886564e-02;7.846703e-02;5.965769e-02;1.119990e-01;9.289475e-02
1.152356e-01;3.313893e-02;1.259234e-01;8.439257e-02;8.234331e-02;5.042043e-02;1.063595e-01;5.206981e-02;8.402891e-02;6.979958e-02;1.236359e-01;7.265209e-02
1.509208e-01;8.485848e-02;1.393696e-01;4.799867e-02;6.219431e-02;9.019563e-02;1.313221e-01;4.025561e-02;8.203728e-02;5.434530e-02;7.655906e-02;3.994314e-02
9.116112e-02;8.995458e-02;1.180647e-01;5.919483e-02;7.191502e-02;9.239648e-02;1.228241e-01;3.683897e-02;8.397958e-02;7.067354e-02;8.574308e-02;7.725398e-02
8.605541e-02;9.719660e-02;1.064294e-01;6.345627e-02;7.679527e-02;9.102564e-02;1.049483e-01;2.803555e-02;1.084283e-01;8.148902e-02;7.921468e-02;7.692562e-02
9.672316e-02;1.070758e-01;1.103638e-01;8.741271e-02;8.566447e-02;6.899739e-02;9.254725e-02;3.424384e-02;1.398550e-01;6.584021e-02;3.374305e-02;7.753338e-02
6.091241e-02;9.476754e-02;1.069279e-01;8.666769e-02;7.721850e-02;3.291148e-02;1.002329e-01;8.471520e-02;1.408439e-01;9.189509e-02;3.041773e-02;9.248965e-02
7.867213e-02;1.102821e-01;7.899616e-02;6.269316e-02;5.902061e-02;4.053589e-02;1.101851e-01;1.000793e-01;1.107341e-01;1.047314e-01;5.213772e-02;9.193235e-02
9.301995e-02;1.095124e-01;1.357951e-01;4.346569e-02;5.259659e-02;6.307067e-02;1.322026e-01;9.011104e-02;6.843977e-02;8.504672e-02;5.782126e-02;6.891821e-02
1.100471e-01;8.723022e-02;2.158756e-01;6.108911e-02;5.813221e-02;4.285888e-02;1.472392e-01;3.036451e-02;7.360027e-02;6.149936e-02;6.422015e-02;4.784334e-02
1.161377e-01;7.686637e-02;1.727008e-01;8.147181e-02;8.058029e-02;3.334293e-02;1.101240e-01;2.805135e-02;9.298974e-02;9.195200e-02;6.492136e-02;5.086173e-02
1.283723e-01;5.140055e-02;6.426303e-02;1.373864e-01;9.663705e-02;3.701774e-02;7.509218e-02;3.985013e-02;1.340479e-01;1.140480e-01;7.384495e-02;4.803984e-02
1.210864e-01;3.559876e-02;1.098931e-01;1.935761e-01;7.702211e-02;2.757373e-02;6.033460e-02;4.428358e-02;1.694243e-01;8.257336e-02;5.457392e-02;2.406007e-02
9.472587e-02;2.268606e-02;1.538444e-01;2.502410e-01;6.897165e-02;2.197956e-02;5.442056e-02;4.162841e-02;1.908730e-01;4.998226e-02;3.556294e-02;1.508418e-02
1.030158e-01;1.361985e-02;1.401740e-01;2.743439e-01;8.926816e-02;1.211842e-02;5.309043e-02;4.101081e-02;1.847066e-01;4.705985e-02;3.121618e-02;1.037603e-02
1.106786e-01;2.566937e-02;1.103540e-01;2.562642e-01;1.360041e-01;2.007874e-02;6.048553e-02;3.342442e-02;1.406254e-01;6.419440e-02;3.081563e-02;1.140575e-02
7.906626e-02;4.910700e-02;7.950293e-02;2.069617e-01;2.207474e-01;4.405301e-02;4.507029e-02;2.499395e-02;8.537840e-02;1.161363e-01;2.527612e-02;2.370663e-02
4.305853e-02;1.111121e-01;3.017343e-02;1.267900e-01;2.821732e-01;5.227422e-02;2.620313e-02;2.395271e-02;5.826530e-02;1.747340e-01;3.008789e-02;4.117547e-02
2.086386e-02;1.561734e-01;1.757501e-02;6.483881e-02;2.726862e-01;5.767010e-02;1.472976e-02;4.597025e-02;6.312250e-02;1.997392e-01;4.404453e-02;4.258633e-02
1.444917e-02;1.495142e-01;3.629222e-02;5.983014e-02;2.189038e-01;8.234589e-02;3.544222e-02;6.907459e-02;6.005362e-02;1.859980e-01;5.840215e-02;2.969410e-02
1.461026e-02;1.181880e-01;4.506827e-02;8.839706e-02;1.662838e-01;1.360086e-01;5.972297e-02;6.727803e-02;4.669547e-02;1.499707e-01;8.950479e-02;1.827204e-02
2.803469e-02;7.847233e-02;7.179526e-02;9.715691e-02;1.129854e-01;1.827713e-01;5.978543e-02;4.886343e-02;4.445306e-02;1.142016e-01;1.396632e-01;2.181742e-02
4.312774e-02;4.966386e-02;9.508948e-02;7.054431e-02;5.325256e-02;2.269224e-01;6.651297e-02;3.449839e-02;3.186918e-02;9.962095e-02;2.029096e-01;2.598862e-02
5.643276e-02;4.173956e-02;1.025035e-01;6.497939e-02;5.585655e-02;2.200685e-01;6.743781e-02;3.311686e-02;2.828321e-02;6.908353e-02;2.085574e-01;5.194088e-02
8.514894e-02;5.363239e-02;9.906169e-02;6.621289e-02;5.042274e-02;1.486790e-01;1.330303e-01;4.066084e-02;2.578401e-02;4.855949e-02;1.357586e-01;1.130491e-01
1.225474e-01;5.052988e-02;7.329114e-02;7.212725e-02;3.517782e-02;6.174887e-02;2.187101e-01;4.075401e-02;1.575422e-02;4.789465e-02;8.282565e-02;1.786390e-01
8.802292e-02;3.195047e-02;5.519880e-02;5.296659e-02;4.465888e-02;7.145612e-02;1.814784e-01;3.240394e-02;3.290919e-02;8.451529e-02;1.572945e-01;1.671449e-01
7.575669e-02;3.507612e-02;8.768879e-02;6.510014e-02;5.640300e-02;1.040377e-01;9.256336e-02;3.052145e-02;4.072005e-02;1.053739e-01;1.905029e-01;1.162559e-01
6.243991e-02;4.304202e-02;1.248856e-01;9.636290e-02;5.636369e-02;1.136738e-01;1.213272e-01;2.609412e-02;3.796970e-02;8.532253e-02;1.332102e-01;9.930844e-02
5.727829e-02;5.040556e-02;1.479424e-01;1.500004e-01;5.623420e-02;1.018183e-01;1.412862e-01;2.615652e-02;4.670946e-02;4.646175e-02;6.147334e-02;1.142336e-01
3.655133e-02;4.970415e-02;1.249533e-01;1.538276e-01;8.213127e-02;7.023302e-02;1.468625e-01;3.833728e-02;6.106492e-02;5.492892e-02;9.780236e-02;8.360336e-02
7.141341e-02;3.716609e-02;1.198336e-01;7.924446e-02;7.208966e-02;8.915117e-02;1.632337e-01;5.104031e-02;6.572098e-02;7.788470e-02;8.710045e-02;8.612145e-02
9.450857e-02;3.942539e-02;1.587455e-01;5.884530e-02;4.849194e-02;7.252766e-02;1.469628e-01;6.024050e-02;8.179875e-02;7.802160e-02;5.513459e-02;1.052974e-01
7.679079e-02;4.585867e-02;1.664544e-01;8.879427e-02;8.196229e-02;4.512355e-02;1.394338e-01;6.953189e-02;6.070615e-02;1.005991e-01;4.344834e-02;8.129676e-02
6.963787e-02;5.059985e-02;1.515670e-01;1.318093e-01;9.196597e-02;3.745603e-02;1.028500e-01;8.602402e-02;5.933715e-02;1.164288e-01;6.217053e-02;4.015351e-02
8.627000e-02;5.970202e-02;1.274624e-01;1.343686e-01;6.537271e-02;5.443769e-02;9.323560e-02;8.919453e-02;5.681147e-02;1.058911e-01;8.373912e-02;4.351482e-02
9.475683e-02;5.053313e-02;1.159744e-01;1.105448e-01;6.893714e-02;5.499791e-02;1.152703e-01;1.083540e-01;6.242450e-02;6.609350e-02;8.986708e-02;6.224647e-02
6.801531e-02;6.221958e-02;1.372294e-01;1.063115e-01;6.975850e-02;7.782006e-02;8.893668e-02;1.208992e-01;6.079426e-02;8.098126e-02;6.459986e-02;6.243448e-02
7.124235e-02;5.961966e-02;1.199300e-01;9.425752e-02;6.788970e-02;9.033716e-02;1.107176e-01;8.778804e-02;9.627420e-02;8.206572e-02;6.279214e-02;5.708596e-02
7.127941e-02;5.798634e-02;1.143627e-01;8.627019e-02;6.519005e-02;8.864895e-02;1.315357e-01;7.892689e-02;1.037010e-01;7.698847e-02;6.546080e-02;5.964946e-02
5.178783e-02;6.996596e-02;8.761849e-02;7.668126e-02;7.591635e-02;6.394149e-02;1.577492e-01;1.213528e-01;8.551225e-02;8.787814e-02;5.665393e-02;6.494235e-02
4.191224e-02;6.733944e-02;9.255937e-02;6.219045e-02;6.890155e-02;7.159779e-02;1.822014e-01;1.205765e-01;9.996175e-02;1.004158e-01;2.932811e-02;6.301551e-02
3.581353e-02;5.784122e-02;6.967512e-02;4.815425e-02;4.726404e-02;6.928785e-02;1.890686e-01;1.685597e-01;1.267375e-01;1.114135e-01;2.082602e-02;5.535873e-02
3.597057e-02;4.771261e-02;7.558942e-02;4.146307e-02;3.538087e-02;5.318107e-02;1.660073e-01;1.934294e-01;1.255053e-01;1.447136e-01;2.175961e-02;5.928731e-02
4.163276e-02;4.622585e-02;9.573916e-02;4.166957e-02;5.151450e-02;4.701493e-02;1.674603e-01;1.172507e-01;8.514270e-02;2.103999e-01;3.309291e-02;6.285673e-02
6.133655e-02;5.278044e-02;1.707160e-01;3.349528e-02;5.318547e-02;4.780425e-02;1.424999e-01;9.028625e-02;6.067807e-02;1.891591e-01;4.756332e-02;5.049540e-02
1.013246e-01;8.005202e-02;2.338046e-01;3.960041e-02;5.883897e-02;4.593479e-02;1.178082e-01;5.589267e-02;4.624168e-02;1.012043e-01;7.114805e-02;4.814977e-02
8.232322e-02;8.912795e-02;2.081639e-01;4.397697e-02;6.265063e-02;5.258148e-02;1.095032e-01;4.671257e-02;5.171519e-02;1.037903e-01;1.058318e-01;4.362290e-02
2.059717e-02;9.102120e-02;1.253977e-01;4.128516e-02;5.576992e-02;8.163293e-02;1.130787e-01;5.165121e-02;4.428272e-02;1.637560e-01;1.733336e-01;3.819377e-02
4.014605e-02;7.065220e-02;1.024127e-01;2.965178e-02;4.719645e-02;1.188838e-01;8.347585e-02;4.301551e-02;2.978339e-02;1.824971e-01;2.213430e-01;3.094218e-02
3.920646e-02;5.329997e-02;1.255862e-01;2.369343e-02;5.481100e-02;1.136496e-01;5.503042e-02;3.260757e-02;2.894783e-02;2.011339e-01;2.347110e-01;3.732252e-02
1.415719e-02;8.759110e-02;4.905283e-02;3.026112e-02;7.347779e-02;8.318809e-02;5.034033e-02;5.772798e-02;3.237437e-02;2.478850e-01;2.401602e-01;3.378396e-02
1.108891e-02;1.131673e-01;3.474607e-02;2.662016e-02;7.858386e-02;6.562598e-02;4.694982e-02;7.641231e-02;3.264552e-02;2.709031e-01;2.196995e-01;2.355749e-02
1.058612e-02;1.223323e-01;2.192698e-02;3.014801e-02;1.014069e-01;5.335563e-02;2.854787e-02;7.075418e-02;3.919143e-02;2.852613e-01;2.088280e-01;2.766123e-02
6.023182e-03;1.329259e-01;2.475276e-02;2.350212e-02;1.317898e-01;3.597564e-02;1.494598e-02;4.651731e-02;4.896024e-02;3.132702e-01;1.942873e-01;2.704959e-02
8.002671e-03;1.354772e-01;1.751338e-02;1.608177e-02;1.536328e-01;1.941585e-02;1.663198e-02;3.160917e-02;6.567785e-02;3.348002e-01;1.709462e-01;3.021100e-02
1.268878e-02;1.268018e-01;1.692297e-02;1.787352e-02;1.623298e-01;1.349088e-02;1.516431e-02;2.286782e-02;7.922489e-02;3.411377e-01;1.546639e-01;3.683360e-02
9.414579e-03;1.178114e-01;8.891738e-03;1.719369e-02;1.792440e-01;1.659196e-02;6.980387e-03;2.059784e-02;8.107927e-02;3.503608e-01;1.493446e-01;4.248975e-02
1.726197e-02;1.117045e-01;1.255700e-02;2.571761e-02;1.863924e-01;1.448290e-02;1.452433e-02;1.872950e-02;7.929290e-02;3.423802e-01;1.361714e-01;4.078534e-02
3.304062e-02;1.001041e-01;4.027815e-02;4.878451e-02;1.730182e-01;2.180480e-02;3.120084e-02;2.117972e-02;7.046357e-02;3.070288e-01;1.204771e-01;3.261951e-02
7.100016e-02;9.202638e-02;1.085536e-01;7.184355e-02;1.153690e-01;3.001763e-02;8.529606e-02;2.901319e-02;8.629071e-02;2.059201e-01;8.165358e-02;2.301607e-02
