7.992003e-02;6.574012e-02;1.293676e-01;6.510185e-02;8.848307e-02;7.964615e-02;1.324250e-01;8.960965e-02;9.502137e-02;5.541366e-02;4.695189e-02;7.231958e-02
9.963810e-02;6.585556e-02;1.178413e-01;6.079773e-02;7.427099e-02;6.809448e-02;1.329027e-01;6.889531e-02;1.010010e-01;3.130435e-02;8.774910e-02;9.164944e-02
8.937666e-02;9.434512e-02;1.283621e-01;5.167117e-02;5.252066e-02;5.843178e-02;1.212644e-01;5.072315e-02;3.830540e-02;9.797592e-02;1.280152e-01;8.900839e-02
1.547212e-01;1.144163e-01;1.552696e-01;3.223832e-02;4.594176e-02;4.761544e-02;4.843121e-02;3.045490e-02;3.877890e-02;9.416066e-02;1.117111e-01;1.262606e-01
1.933216e-01;1.043221e-01;1.417798e-01;2.626824e-02;4.131279e-02;5.049289e-02;4.715912e-02;3.523366e-02;5.230999e-02;8.694738e-02;7.488423e-02;1.459683e-01
1.971641e-01;9.544217e-02;1.131233e-01;2.523806e-02;4.448818e-02;6.300226e-02;1.130719e-01;4.390977e-02;5.655406e-02;7.200016e-02;3.771310e-02;1.382930e-01
1.567746e-01;1.065528e-01;6.333050e-02;2.154090e-02;3.930923e-02;6.800468e-02;2.651261e-01;5.395040e-02;3.970295e-02;4.685721e-02;4.029084e-02;9.855971e-02
7.640313e-02;1.229430e-01;2.651695e-02;1.063062e-02;2.573756e-02;5.003154e-02;4.628446e-01;1.045735e-01;2.373133e-02;2.169368e-02;2.925613e-02;4.563800e-02
8.822720e-03;8.735304e-02;3.149232e-02;8.024040e-03;1.926450e-02;2.369890e-02;5.528790e-01;2.093111e-01;2.341269e-02;1.253822e-02;1.293797e-02;1.026547e-02
1.071600e-02;2.826187e-02;5.598949e-02;6.801065e-03;1.195555e-02;1.286700e-02;5.130352e-01;2.757598e-01;3.826250e-02;2.724521e-02;9.322957e-03;9.783355e-03
6.396491e-03;1.545275e-02;6.770995e-02;5.745870e-03;9.347627e-03;1.593197e-02;5.038394e-01;2.676479e-01;4.809754e-02;3.594908e-02;1.227052e-02;1.161095e-02
8.672308e-03;1.149863e-02;6.915693e-02;3.139894e-03;1.153778e-02;1.711962e-02;5.774255e-01;2.208607e-01;2.979281e-02;2.426480e-02;1.311265e-02;1.341835e-02
5.296017e-03;9.937291e-03;8.331574e-02;3.912790e-03;1.421219e-02;1.626023e-02;6.585783e-01;1.539800e-01;2.310503e-02;1.421164e-02;8.951813e-03;8.238931e-03
3.558136e-03;2.634647e-02;5.309992e-02;4.198730e-03;2.370021e-02;2.273953e-02;6.950774e-01;1.200902e-01;2.394180e-02;9.983687e-03;1.263237e-02;4.631610e-03
2.606141e-03;4.584278e-02;2.289839e-02;3.278964e-03;2.889838e-02;2.819969e-02;7.126002e-01;1.047246e-01;2.175882e-02;7.004005e-03;2.029589e-02;1.892162e-03
3.619917e-03;6.742024e-02;7.031353e-03;1.945625e-03;2.688428e-02;3.516664e-02;7.366177e-01;6.548727e-02;1.996383e-02;7.843656e-03;2.686884e-02;1.150622e-03
3.546030e-03;8.102729e-02;3.766439e-03;1.966642e-03;2.259036e-02;3.991233e-02;7.547202e-01;2.951652e-02;2.218677e-02;7.778850e-03;3.047034e-02;2.518294e-03
5.084399e-03;8.160760e-02;6.849607e-03;1.323738e-03;1.948841e-02;3.938971e-02;7.512110e-01;3.210852e-02;2.218362e-02;7.504997e-03;3.056512e-02;2.683301e-03
3.022951e-03;8.194361e-02;6.322655e-03;2.574662e-03;1.879072e-02;4.073950e-02;7.459878e-01;3.879119e-02;2.267494e-02;7.580050e-03;2.992580e-02;1.646081e-03
5.270559e-03;7.931483e-02;5.428135e-03;3.705395e-03;1.642481e-02;3.993754e-02;7.427879e-01;4.377015e-02;2.438811e-02;9.724862e-03;2.668902e-02;2.558673e-03
5.639416e-03;7.766256e-02;7.817360e-03;3.987156e-03;1.568021e-02;4.170127e-02;7.484424e-01;3.884071e-02;2.790177e-02;8.734112e-03;2.200249e-02;1.590524e-03
4.140437e-03;6.787521e-02;1.177706e-02;5.483511e-03;2.065685e-02;4.951828e-02;7.497314e-01;3.506298e-02;2.656010e-02;6.602617e-03;2.085407e-02;1.737541e-03
8.938793e-03;5.551488e-02;1.616076e-02;6.160651e-03;3.525373e-02;7.129758e-02;7.187700e-01;3.266473e-02;2.072305e-02;1.115541e-02;1.875347e-02;4.606933e-03
1.635393e-02;4.360376e-02;3.730781e-02;1.484504e-02;7.205431e-02;9.728939e-02;6.090529e-01;3.595018e-02;2.478932e-02;2.359593e-02;1.360821e-02;1.154917e-02
3.274234e-02;3.591077e-02;7.382628e-02;2.577971e-02;1.117074e-01;1.062090e-01;4.507575e-01;3.313725e-02;3.774662e-02;4.546374e-02;2.173799e-02;2.498133e-02
6.659193e-02;5.287248e-02;9.671178e-02;3.011833e-02;1.222297e-01;9.508341e-02;2.659446e-01;5.522111e-02;6.218070e-02;7.350479e-02;4.264796e-02;3.689313e-02
7.632931e-02;7.667314e-02;1.214837e-01;5.345332e-02;1.096267e-01;6.384185e-02;1.692074e-01;8.840887e-02;4.994294e-02;9.121758e-02;5.957272e-02;4.024246e-02
7.155437e-02;8.277353e-02;2.183768e-01;1.310704e-01;7.816420e-02;6.873565e-02;1.053876e-01;4.039397e-02;6.936271e-02;6.741330e-02;2.559330e-02;4.117413e-02
8.461671e-02;6.384230e-02;2.310421e-01;1.376568e-01;7.118949e-02;7.762688e-02;8.534363e-02;2.895510e-02;7.285837e-02;5.094387e-02;4.584150e-02;5.008331e-02
9.614052e-02;2.484203e-02;1.701258e-01;9.299308e-02;7.297103e-02;5.922969e-02;1.543723e-01;1.045592e-01;6.623021e-02;4.348373e-02;5.974799e-02;5.530442e-02
6.156523e-02;2.992322e-02;9.252244e-02;3.053407e-02;2.355404e-02;3.909126e-02;2.393704e-01;2.239788e-01;1.270757e-01;6.154047e-02;3.610490e-02;3.473951e-02
3.070904e-02;5.564658e-02;1.012730e-01;1.697438e-02;1.127551e-02;2.641202e-02;3.024808e-01;2.844243e-01;9.453940e-02;3.764011e-02;2.336682e-02;1.525813e-02
9.948796e-03;1.176184e-01;8.818042e-02;7.913899e-03;1.192485e-02;1.660612e-02;3.732219e-01;2.664886e-01;3.591784e-02;1.533299e-02;4.987526e-02;6.970803e-03
5.086735e-02;1.661846e-01;4.370551e-02;8.715878e-03;1.390987e-02;4.242137e-02;3.781071e-01;1.540288e-01;2.591068e-02;2.600306e-02;8.527825e-02;4.867615e-03
1.803656e-01;1.332768e-01;1.451803e-02;1.534983e-02;1.754666e-02;1.007795e-01;2.679624e-01;7.881274e-02;1.996041e-02;7.393900e-02;7.863687e-02;1.885214e-02
2.985591e-01;5.291266e-02;3.031446e-02;1.771443e-02;3.779269e-02;1.413531e-01;1.203033e-01;5.662181e-02;3.052767e-02;9.591823e-02;4.763964e-02;7.034294e-02
2.303596e-01;1.093317e-02;8.167224e-02;1.496554e-02;9.190108e-02;9.793189e-02;6.944742e-02;3.303700e-02;8.581131e-02;4.686435e-02;2.124603e-02;2.158304e-01
8.255913e-02;1.002901e-02;1.128785e-01;2.783073e-02;1.473401e-01;3.880246e-02;5.690989e-02;1.312057e-02;1.086600e-01;2.808911e-02;4.338697e-02;3.303935e-01
1.874738e-02;2.702018e-02;1.002958e-01;6.633434e-02;1.501749e-01;2.045650e-02;5.036179e-02;2.096808e-02;7.122859e-02;7.104173e-02;1.107113e-01;2.926594e-01
1.036177e-02;5.443577e-02;9.490659e-02;1.522479e-01;9.803458e-02;2.180589e-02;2.450090e-02;6.166719e-02;2.574703e-02;1.230743e-01;1.714518e-01;1.617662e-01
2.955403e-02;6.672524e-02;1.446643e-01;2.028479e-01;5.423150e-02;3.178430e-02;1.845029e-02;9.005941e-02;3.035188e-02;1.127598e-01;1.502204e-01;6.835092e-02
5.370719e-02;6.313245e-02;1.978748e-01;1.886347e-01;4.785581e-02;4.401176e-02;3.207683e-02;8.624055e-02;5.247025e-02;9.268796e-02;1.024507e-01;3.885697e-02
6.967304e-02;4.589840e-02;2.699335e-01;1.436078e-01;6.508839e-02;5.325902e-02;2.434352e-02;7.255170e-02;7.208128e-02;8.391003e-02;5.205388e-02;4.759943e-02
3.221235e-02;4.605100e-02;2.866610e-01;1.663845e-01;6.186408e-02;8.751483e-02;4.621821e-02;4.932982e-02;7.272911e-02;8.929940e-02;3.217388e-02;2.956180e-02
2.007015e-02;3.053203e-02;2.389172e-01;2.033679e-01;6.209284e-02;1.570210e-01;4.252410e-02;5.347606e-02;4.899897e-02;6.479579e-02;6.588600e-02;1.231796e-02
1.739805e-02;1.845612e-02;2.191054e-01;2.009310e-01;5.411470e-02;1.962149e-01;2.592291e-02;4.235542e-02;7.176670e-02;4.228120e-02;1.062317e-01;5.221876e-03
1.813930e-02;9.976081e-03;2.846870e-01;1.634857e-01;3.231616e-02;1.542450e-01;1.444044e-02;2.037728e-02;1.239521e-01;4.288661e-02;1.295932e-01;5.901042e-03
1.769855e-02;6.702768e-03;3.275769e-01;1.579674e-01;3.897639e-02;8.272500e-02;1.967636e-02;1.025480e-02;1.457774e-01;5.263930e-02;1.357522e-01;4.252852e-03
1.483082e-02;6.042542e-03;3.351102e-01;1.871626e-01;3.745576e-02;6.487972e-02;1.645378e-02;9.908046e-03;1.237399e-01;5.067055e-02;1.497115e-01;4.034634e-03
1.143806e-02;6.317356e-03;3.157137e-01;2.148184e-01;3.591009e-02;8.144718e-02;1.523650e-02;1.893375e-02;7.186116e-02;4.568114e-02;1.793249e-01;3.317794e-03
7.789262e-03;4.663910e-03;2.797952e-01;2.615202e-01;3.293542e-02;1.071531e-01;9.266304e-03;2.891192e-02;2.788994e-02;3.222427e-02;2.050090e-01;2.841471e-03
1.543462e-02;8.086034e-03;2.758145e-01;2.638150e-01;4.007591e-02;9.962798e-02;7.547233e-03;3.614311e-02;1.415856e-02;2.160702e-02;2.121653e-01;5.524781e-03
4.948394e-02;1.481658e-02;3.191266e-01;2.049545e-01;4.330374e-02;7.125907e-02;2.201983e-02;3.916135e-02;9.392268e-03;2.999381e-02;1.855642e-01;1.092409e-02
8.416804e-02;2.697468e-02;3.976780e-01;1.302086e-01;3.205917e-02;4.367755e-02;4.043499e-02;3.198869e-02;1.178647e-02;4.297546e-02;1.424853e-01;1.556315e-02
6.995124e-02;2.356750e-02;5.301927e-01;7.264716e-02;3.387653e-02;3.678254e-02;6.334767e-02;2.426526e-02;1.552480e-02;4.353669e-02;7.555724e-02;1.075067e-02
2.922596e-02;2.454625e-02;6.589559e-01;7.109719e-02;5.416963e-02;4.202501e-02;3.713388e-02;1.444787e-02;7.587082e-03;3.615322e-02;1.475563e-02;9.902352e-03
4.483683e-02;5.069662e-02;6.358195e-01;6.697112e-02;5.099370e-02;3.058612e-02;3.918108e-02;1.340565e-02;1.117309e-02;3.103059e-02;1.917454e-02;6.131160e-03
8.082601e-02;6.323788e-02;5.548575e-01;5.988585e-02;4.112624e-02;2.959765e-02;4.899201e-02;2.496877e-02;1.881015e-02;3.403148e-02;3.590652e-02;7.759934e-03
1.209236e-01;7.727553e-02;3.880475e-01;4.810435e-02;3.412954e-02;3.447049e-02;7.724221e-02;5.078483e-02;5.004570e-02;4.586459e-02;4.419959e-02;2.891198e-02
1.410546e-01;8.671605e-02;3.000363e-01;5.581447e-02;3.821482e-02;2.726325e-02;6.589562e-02;5.651286e-02;5.579475e-02;5.402045e-02;6.247090e-02;5.620594e-02
1.106987e-01;1.517507e-01;1.116510e-01;6.208441e-02;7.441323e-02;5.863535e-02;1.698695e-01;7.845810e-02;6.986095e-02;3.233917e-02;2.061563e-02;5.962319e-02
8.909652e-02;7.350665e-02;1.790702e-01;8.555978e-02;9.182074e-02;6.282862e-02;1.639187e-01;4.746868e-02;5.973097e-02;5.338264e-02;4.543832e-02;4.817824e-02
6.147697e-02;4.117994e-02;2.388995e-01;1.193057e-01;1.018932e-01;5.668572e-02;1.214452e-01;3.835525e-02;5.226178e-02;8.300351e-02;5.455031e-02;3.094285e-02
4.167337e-02;7.218016e-02;2.975248e-01;1.205469e-01;9.373618e-02;5.594134e-02;6.123678e-02;2.536225e-02;8.054512e-02;9.468324e-02;3.722224e-02;1.934759e-02
6.904504e-02;1.393165e-01;2.428415e-01;9.024619e-02;7.487584e-02;7.868440e-02;2.725484e-02;2.533959e-02;1.363287e-01;8.721079e-02;1.501476e-02;1.384188e-02
1.479000e-01;1.710193e-01;1.104936e-01;5.505485e-02;5.323923e-02;9.594284e-02;7.330813e-02;3.802584e-02;1.361946e-01;9.656878e-02;1.011412e-02;1.213870e-02
2.598042e-01;1.287732e-01;4.418325e-02;2.391687e-02;5.344332e-02;6.716581e-02;1.438405e-01;8.029664e-02;7.199284e-02;9.015925e-02;1.539562e-02;2.102853e-02
3.521159e-01;7.677981e-02;3.647421e-02;7.813968e-03;6.977648e-02;2.597904e-02;1.599887e-01;1.332677e-01;2.745501e-02;4.644243e-02;2.107982e-02;4.282695e-02
3.526773e-01;1.037225e-01;7.353055e-02;1.263206e-02;5.511200e-02;2.979569e-02;8.285046e-02;1.249307e-01;5.572003e-02;3.496505e-02;2.209105e-02;5.197268e-02
2.579609e-01;1.726262e-01;1.140902e-01;2.173303e-02;2.607895e-02;4.237714e-02;3.513172e-02;1.053726e-01;1.202764e-01;5.498663e-02;1.788096e-02;3.148514e-02
1.709243e-01;2.270135e-01;1.369379e-01;2.846099e-02;1.164848e-02;3.334286e-02;2.977931e-02;9.067236e-02;1.987567e-01;5.048357e-02;1.425481e-02;7.725313e-03
1.511849e-01;2.237841e-01;1.821504e-01;3.115505e-02;7.521129e-03;2.377976e-02;2.497025e-02;4.257495e-02;2.438746e-01;5.412987e-02;5.484686e-03;9.390304e-03
1.278009e-01;1.692201e-01;2.254056e-01;2.623036e-02;1.325914e-02;2.626659e-02;6.430188e-02;1.923641e-02;2.098222e-01;1.032731e-01;7.448066e-03;7.735721e-03
1.372239e-01;1.208517e-01;2.366943e-01;2.192621e-02;3.208844e-02;3.023197e-02;1.059800e-01;1.631666e-02;1.394614e-01;1.231336e-01;2.017449e-02;1.591731e-02
1.588758e-01;9.840434e-02;1.790906e-01;2.474052e-02;4.808298e-02;4.268066e-02;1.320663e-01;3.963188e-02;8.630139e-02;1.157206e-01;4.500061e-02;2.940434e-02
1.535623e-01;8.262745e-02;1.878293e-01;3.596477e-02;5.654651e-02;5.771723e-02;1.153599e-01;7.352155e-02;5.681819e-02;8.257991e-02;6.661418e-02;3.085875e-02
1.157550e-01;5.739620e-02;2.591271e-01;3.514905e-02;5.998843e-02;7.734300e-02;1.062192e-01;5.542686e-02;1.093623e-01;6.300657e-02;3.932003e-02;2.190625e-02
1.483888e-01;6.950945e-02;1.473971e-01;4.221546e-02;7.073866e-02;5.451975e-02;1.411669e-01;5.932761e-02;1.520733e-01;6.002511e-02;2.542002e-02;2.921778e-02
1.353015e-01;1.171748e-01;7.715929e-02;4.441491e-02;8.475625e-02;6.572457e-02;1.197905e-01;7.698462e-02;1.299925e-01;8.054743e-02;3.009560e-02;3.805806e-02
1.004769e-01;1.225765e-01;1.557609e-01;6.351018e-02;8.039849e-02;6.707714e-02;9.357288e-02;7.664698e-02;8.371487e-02;8.305195e-02;4.139441e-02;3.181880e-02
1.117864e-01;1.052425e-01;1.087321e-01;8.773785e-02;8.985125e-02;7.437290e-02;1.151521e-01;8.024781e-02;7.943585e-02;4.773319e-02;5.538210e-02;4.432595e-02
6.957063e-02;7.232797e-02;7.191437e-02;1.549596e-01;1.076323e-01;6.436330e-02;1.342416e-01;5.171048e-02;6.588303e-02;8.555582e-02;3.565927e-02;8.618160e-02
5.662554e-02;4.785143e-02;6.173363e-02;1.411396e-01;8.082458e-02;5.006162e-02;2.428302e-01;6.282908e-02;6.597054e-02;8.662809e-02;3.590345e-02;6.760236e-02
5.895776e-02;2.739429e-02;4.445034e-02;9.639068e-02;9.782378e-02;1.472372e-01;2.716790e-01;5.984737e-02;4.025406e-02;9.461868e-02;3.092543e-02;3.042137e-02
7.171216e-02;2.061506e-02;4.730852e-02;6.610119e-02;1.237483e-01;2.019764e-01;2.375335e-01;5.761513e-02;3.176838e-02;1.045197e-01;1.903558e-02;1.806605e-02
6.451590e-02;1.852833e-02;9.597439e-02;4.935133e-02;1.701881e-01;2.048694e-01;1.836497e-01;4.492025e-02;4.506230e-02;8.402617e-02;1.500217e-02;2.391200e-02
5.248040e-02;2.782068e-02;1.889803e-01;4.627202e-02;1.795383e-01;1.437417e-01;1.619271e-01;2.214282e-02;7.842530e-02;5.812379e-02;1.616862e-02;2.437890e-02
5.276434e-02;4.539708e-02;1.820771e-01;9.115463e-02;1.697639e-01;6.560131e-02;1.357033e-01;3.479917e-02;7.488857e-02;8.342591e-02;2.857743e-02;3.584731e-02
4.975606e-02;3.646055e-02;1.102601e-01;1.109597e-01;2.307330e-01;5.741009e-02;1.241806e-01;3.763364e-02;5.589506e-02;9.358192e-02;3.617076e-02;5.695855e-02
3.319212e-02;2.661488e-02;5.537868e-02;1.232167e-01;2.710270e-01;6.060048e-02;1.563837e-01;2.813882e-02;3.278391e-02;9.493419e-02;3.232539e-02;8.540411e-02
1.440371e-02;1.704691e-02;5.038693e-02;1.383814e-01;2.642419e-01;4.444160e-02;2.120658e-01;2.911768e-02;1.804836e-02;7.587352e-02;2.617991e-02;1.098123e-01
9.264746e-03;1.384385e-02;5.502563e-02;1.455138e-01;2.734416e-01;3.658782e-02;2.222878e-01;2.084209e-02;2.384631e-02;6.158760e-02;2.229213e-02;1.154665e-01
6.107588e-03;1.129636e-02;5.842176e-02;1.320349e-01;3.007250e-01;4.373372e-02;2.213395e-01;1.511451e-02;2.927264e-02;5.073799e-02;1.569334e-02;1.155228e-01
8.007644e-03;7.385104e-03;5.178962e-02;1.166410e-01;3.234566e-01;4.191941e-02;2.429724e-01;1.528960e-02;3.288173e-02;3.839294e-02;1.160831e-02;1.096557e-01
9.933354e-03;5.967696e-03;5.064084e-02;1.017222e-01;3.477219e-01;3.710690e-02;2.611755e-01;8.473726e-03;4.591925e-02;2.717658e-02;8.376229e-03;9.578586e-02
8.645182e-03;7.007079e-03;4.466319e-02;9.261939e-02;3.758693e-01;5.181166e-02;2.536490e-01;8.953464e-03;5.117306e-02;2.241851e-02;7.348354e-03;7.584193e-02
1.040421e-02;1.099707e-02;5.615598e-02;1.132874e-01;4.030109e-01;7.031951e-02;1.886661e-01;1.006177e-02;3.535298e-02;3.529403e-02;1.052227e-02;5.592772e-02
9.671965e-03;1.129947e-02;5.139570e-02;1.387331e-01;4.508843e-01;8.392720e-02;1.167406e-01;1.287864e-02;2.160536e-02;3.846228e-02;8.564371e-03;5.583694e-02
9.529024e-03;2.478026e-02;4.169733e-02;1.696443e-01;4.638741e-01;6.966104e-02;6.647482e-02;9.257081e-03;1.398368e-02;3.034726e-02;1.134838e-02;8.940271e-02
7.561628e-03;6.019179e-02;5.661824e-02;2.112421e-01;3.930353e-01;5.098855e-02;3.050192e-02;9.476288e-03;1.327716e-02;4.199304e-02;1.822104e-02;1.068929e-01
9.354576e-03;1.027659e-01;1.028686e-01;2.074854e-01;2.954161e-01;3.202539e-02;3.113856e-02;1.169679e-02;2.908161e-02;3.677457e-02;2.671915e-02;1.146734e-01
2.410518e-02;1.091391e-01;1.409844e-01;1.608381e-01;2.488502e-01;3.499392e-02;3.887800e-02;1.212054e-02;5.440325e-02;2.309052e-02;1.920702e-02;1.333897e-01
3.229318e-02;7.135745e-02;1.675149e-01;1.049692e-01;2.274216e-01;4.886961e-02;6.339669e-02;1.456650e-02;6.722219e-02;1.417103e-02;2.312126e-02;1.650964e-01
2.021950e-02;3.296907e-02;2.257279e-01;1.061381e-01;1.611110e-01;4.822687e-02;6.581244e-02;3.075016e-02;5.130655e-02;1.524820e-02;8.796410e-02;1.545262e-01
2.555839e-02;3.354431e-02;3.552909e-01;1.138749e-01;6.911937e-02;2.996049e-02;4.746101e-02;3.389553e-02;2.174431e-02;4.045601e-02;1.457990e-01;8.329584e-02
3.094112e-02;2.911353e-02;5.213947e-01;9.238760e-02;4.108421e-02;1.414343e-02;3.269252e-02;1.983643e-02;1.491138e-02;6.887497e-02;1.091077e-01;2.551236e-02
2.219121e-02;4.210741e-02;6.329598e-01;4.831018e-02;3.379076e-02;1.685104e-02;3.554547e-02;9.914197e-03;2.919719e-02;6.386570e-02;4.675801e-02;1.850909e-02
2.289979e-02;5.971937e-02;6.265681e-01;3.709889e-02;3.871237e-02;2.256567e-02;4.013557e-02;1.734408e-02;4.378121e-02;2.511263e-02;3.059619e-02;3.546606e-02
4.003245e-02;6.166695e-02;6.114322e-01;5.099574e-02;2.827376e-02;2.497203e-02;4.335745e-02;2.398234e-02;4.400103e-02;2.493441e-02;2.350189e-02;2.284972e-02
3.314121e-02;6.764196e-02;5.915166e-01;5.433708e-02;1.841502e-02;2.461126e-02;3.682930e-02;2.208160e-02;4.816219e-02;4.487204e-02;2.634622e-02;3.204557e-02
1.929255e-02;6.392433e-02;6.060493e-01;6.092256e-02;4.237668e-02;1.856939e-02;3.336064e-02;1.931389e-02;4.028293e-02;5.234201e-02;2.565172e-02;1.791399e-02
3.006228e-02;7.050604e-02;5.707229e-01;6.244869e-02;6.209037e-02;2.599455e-02;4.425943e-02;2.444014e-02;2.497087e-02;6.381254e-02;1.279853e-02;7.893738e-03
2.862431e-02;6.814551e-02;5.636500e-01;6.440084e-02;6.900101e-02;3.362435e-02;3.631346e-02;2.399545e-02;1.735954e-02;7.358544e-02;1.009646e-02;1.120365e-02
2.654079e-02;5.272446e-02;5.595652e-01;6.413385e-02;7.021769e-02;3.134565e-02;2.901838e-02;1.993907e-02;3.929004e-02;7.626310e-02;1.961706e-02;1.134470e-02
2.515288e-02;2.685175e-02;5.242974e-01;8.410765e-02;6.176577e-02;4.200555e-02;3.739892e-02;2.717848e-02;6.738531e-02;6.634610e-02;2.941916e-02;8.091114e-03
1.346532e-02;1.622021e-02;3.904012e-01;1.477208e-01;5.862191e-02;9.038164e-02;2.920990e-02;8.804555e-02;6.671082e-02;4.307361e-02;5.232673e-02;3.822367e-03
8.275438e-03;2.543983e-02;2.897376e-01;1.633265e-01;7.872066e-02;1.076962e-01;3.693155e-02;1.419898e-01;3.385874e-02;4.720187e-02;5.865178e-02;8.170017e-03
6.358050e-03;3.361906e-02;2.583644e-01;1.208763e-01;9.208715e-02;7.772861e-02;7.389854e-02;1.778493e-01;2.348542e-02;7.831366e-02;4.400574e-02;1.341379e-02
1.093575e-02;2.831782e-02;2.537763e-01;8.809374e-02;6.095325e-02;5.880339e-02;6.877386e-02;2.525866e-01;6.662700e-02;7.010056e-02;3.213814e-02;8.893618e-03
1.337700e-02;2.066282e-02;3.088291e-01;9.578817e-02;3.646899e-02;5.083959e-02;5.366612e-02;2.104674e-01;1.291989e-01;4.477126e-02;3.034266e-02;5.588036e-03
9.538907e-03;9.834222e-03;4.364645e-01;1.252373e-01;5.228931e-02;4.533658e-02;3.783025e-02;9.783666e-02;1.214734e-01;2.091801e-02;3.980030e-02;3.440607e-03
4.425261e-03;6.326811e-03;5.278887e-01;1.365987e-01;6.819746e-02;4.472888e-02;1.878400e-02;6.311139e-02;6.582259e-02;1.249855e-02;4.767748e-02;3.940260e-03
2.891934e-03;4.822240e-03;5.747928e-01;1.145860e-01;5.724344e-02;2.804693e-02;2.512765e-02;2.581829e-02;1.076696e-01;1.873080e-02;3.770043e-02;2.569827e-03
5.416075e-03;9.753530e-03;6.579284e-01;9.565245e-02;4.799139e-02;1.409069e-02;3.813938e-02;1.159042e-02;7.417860e-02;2.189019e-02;2.222244e-02;1.146436e-03
7.964314e-03;1.500548e-02;7.012915e-01;8.229268e-02;4.216915e-02;7.739026e-03;3.271004e-02;8.828409e-03;6.316540e-02;2.573469e-02;1.066473e-02;2.434636e-03
9.673812e-03;2.906456e-02;7.099054e-01;6.864157e-02;4.402919e-02;9.263556e-03;3.014214e-02;7.372616e-03;5.367349e-02;2.663392e-02;6.968821e-03;4.630873e-03
2.225141e-02;4.552528e-02;6.722712e-01;5.490285e-02;4.128226e-02;8.010927e-03;3.614370e-02;1.644838e-02;4.557581e-02;3.047021e-02;1.271313e-02;1.440488e-02
4.601458e-02;5.160846e-02;5.441872e-01;4.447311e-02;3.695252e-02;1.456534e-02;5.348678e-02;3.115076e-02;6.147759e-02;5.158048e-02;3.077208e-02;3.373112e-02
7.059139e-02;4.616354e-02;4.680704e-01;3.659838e-02;3.990398e-02;2.714637e-02;6.026992e-02;4.343915e-02;6.502142e-02;5.331735e-02;3.946223e-02;5.001592e-02
5.956749e-02;3.826340e-02;4.514565e-01;6.837104e-02;6.544435e-02;3.513482e-02;4.143425e-02;3.827412e-02;7.095060e-02;5.039540e-02;3.605698e-02;4.465102e-02
6.952195e-02;4.696998e-02;2.399445e-01;9.689279e-02;9.595889e-02;4.319216e-02;9.997094e-02;6.595103e-02;7.780224e-02;6.888927e-02;4.492146e-02;4.998479e-02
7.438964e-02;4.897782e-02;1.753565e-01;7.349103e-02;1.124953e-01;4.569517e-02;1.174607e-01;8.878758e-02;9.632131e-02;7.266714e-02;2.740980e-02;6.694800e-02
5.980846e-02;5.314198e-02;1.465525e-01;6.041630e-02;8.872215e-02;5.717400e-02;1.394343e-01;1.028438e-01;1.190935e-01;9.437614e-02;2.912869e-02;4.930829e-02
8.090775e-02;5.985587e-02;1.186424e-01;6.232150e-02;8.697628e-02;7.626696e-02;1.246894e-01;1.004411e-01;1.235478e-01;9.552883e-02;3.900536e-02;3.181659e-02
8.859938e-02;7.399163e-02;1.357977e-01;6.654897e-02;8.794820e-02;9.170862e-02;1.003230e-01;8.558725e-02;1.311045e-01;7.882066e-02;3.272958e-02;2.684056e-02
8.910923e-02;6.743722e-02;1.414870e-01;6.313092e-02;1.124178e-01;1.212938e-01;9.679094e-02;7.400852e-02;1.240193e-01;5.724419e-02;3.075742e-02;2.230373e-02
7.058677e-02;6.338614e-02;1.338708e-01;5.367931e-02;1.148854e-01;1.102720e-01;7.790606e-02;8.584734e-02;9.578832e-02;7.512286e-02;6.635719e-02;5.229779e-02
6.210289e-02;8.212351e-02;1.297467e-01;8.017361e-02;1.099902e-01;9.870438e-02;5.966911e-02;9.707642e-02;6.659039e-02;8.193024e-02;6.357557e-02;6.831697e-02
5.452481e-02;9.633178e-02;8.745893e-02;1.055971e-01;1.032754e-01;8.978029e-02;8.229657e-02;1.018700e-01;6.289166e-02;8.094650e-02;7.059103e-02;6.443584e-02
5.236876e-02;1.276077e-01;6.569151e-02;1.141461e-01;8.239280e-02;8.563298e-02;1.084070e-01;6.112738e-02;6.255118e-02;1.270176e-01;4.611653e-02;6.694050e-02
4.485939e-02;1.094876e-01;6.919470e-02;1.565197e-01;8.267648e-02;1.051751e-01;1.014533e-01;4.832644e-02;6.498601e-02;1.447241e-01;3.548978e-02;3.710753e-02
6.327275e-02;8.438420e-02;8.006224e-02;1.281338e-01;9.161514e-02;8.889153e-02;6.031890e-02;8.316181e-02;8.614340e-02;1.376945e-01;6.246557e-02;3.385616e-02
6.041041e-02;6.958999e-02;1.001400e-01;8.261452e-02;8.252696e-02;6.982381e-02;9.053916e-02;1.017287e-01;1.256827e-01;9.387007e-02;7.767449e-02;4.539915e-02
5.016841e-02;5.783099e-02;1.227337e-01;9.525064e-02;5.192882e-02;9.696193e-02;1.218687e-01;8.186821e-02;1.307363e-01;7.681709e-02;7.622544e-02;3.760985e-02
6.698489e-02;4.446901e-02;1.067468e-01;8.824274e-02;5.479763e-02;1.208534e-01;1.292472e-01;6.248342e-02;1.030925e-01;8.759903e-02;8.431924e-02;5.116396e-02
1.186477e-01;7.468472e-02;1.089084e-01;7.467119e-02;5.145844e-02;7.201112e-02;1.297863e-01;7.563102e-02;1.015782e-01;7.987165e-02;6.105080e-02;5.170047e-02
1.101333e-01;1.003573e-01;1.079391e-01;5.374556e-02;4.106680e-02;5.115391e-02;2.380082e-01;9.793674e-02;6.700882e-02;6.629613e-02;3.837627e-02;2.797778e-02
8.810917e-02;9.724917e-02;9.155689e-02;5.279648e-02;3.999792e-02;7.370003e-02;2.930999e-01;8.724002e-02;4.625945e-02;7.492335e-02;3.668890e-02;1.837870e-02
7.936809e-02;6.980523e-02;6.768325e-02;7.711443e-02;4.467544e-02;1.310759e-01;3.148246e-01;6.888368e-02;2.947522e-02;7.521198e-02;2.689734e-02;1.498489e-02
9.156589e-02;3.750318e-02;5.978471e-02;7.671760e-02;7.561999e-02;1.967800e-01;2.586119e-01;4.736554e-02;3.295435e-02;5.907932e-02;1.594301e-02;4.807450e-02
6.878727e-02;1.535693e-02;8.654286e-02;4.091768e-02;1.767725e-01;1.566747e-01;1.573235e-01;4.650780e-02;6.750858e-02;2.475501e-02;8.277902e-03;1.505752e-01
2.687433e-02;6.586341e-03;7.090415e-02;2.367923e-02;2.874988e-01;5.470164e-02;9.953847e-02;2.353018e-02;7.315467e-02;9.717034e-03;1.955156e-02;3.042636e-01
1.099298e-02;7.944093e-03;3.673569e-02;3.063625e-02;2.879567e-01;2.137059e-02;8.712205e-02;7.941071e-03;4.238981e-02;1.291866e-02;4.257194e-02;4.114202e-01
7.323269e-03;7.771867e-03;2.710920e-02;3.220506e-02;2.611713e-01;2.066950e-02;1.077032e-01;1.045149e-02;2.780094e-02;1.342525e-02;6.777693e-02;4.165921e-01
8.569186e-03;7.408570e-03;4.233789e-02;2.864105e-02;2.743459e-01;2.965655e-02;1.192514e-01;9.277873e-03;5.866064e-02;1.226692e-02;4.957119e-02;3.600128e-01
2.623028e-02;6.765626e-03;7.408549e-02;2.534796e-02;2.754017e-01;5.539547e-02;1.157131e-01;5.502183e-03;8.155996e-02;8.015750e-03;3.100434e-02;2.949782e-01
7.350343e-02;7.631678e-03;8.890820e-02;1.856779e-02;2.572579e-01;1.409125e-01;9.368057e-02;1.920029e-02;6.641406e-02;1.388422e-02;2.454919e-02;1.954902e-01
1.005528e-01;7.305350e-03;5.410521e-02;4.072472e-02;2.237169e-01;2.481032e-01;1.050272e-01;5.230482e-02;3.256398e-02;2.769898e-02;8.024023e-03;9.987281e-02
9.035215e-02;8.900955e-03;2.767164e-02;5.636295e-02;1.832283e-01;2.817712e-01;1.532096e-01;7.421833e-02;1.289518e-02;5.392147e-02;3.779602e-03;5.368865e-02
7.278913e-02;1.299681e-02;4.653165e-02;5.202048e-02;1.493046e-01;2.748535e-01;1.971774e-01;8.069978e-02;1.184648e-02;6.491510e-02;7.365991e-03;2.949904e-02
5.540401e-02;1.339960e-02;1.165074e-01;4.766658e-02;1.593971e-01;2.304365e-01;2.135084e-01;7.170340e-02;1.569636e-02;5.042852e-02;1.060989e-02;1.524211e-02
4.104783e-02;1.848002e-02;2.789491e-01;6.774531e-02;1.554629e-01;1.353961e-01;1.945820e-01;3.605172e-02;2.525222e-02;2.307596e-02;1.144036e-02;1.251649e-02
3.186041e-02;3.021250e-02;3.532218e-01;7.074776e-02;1.121091e-01;9.125688e-02;1.664048e-01;2.363125e-02;4.081918e-02;2.831218e-02;1.705379e-02;3.437045e-02
2.838634e-02;3.494140e-02;2.888107e-01;4.443377e-02;1.307892e-01;1.265474e-01;1.630223e-01;3.382672e-02;4.007182e-02;3.515706e-02;2.225331e-02;5.176009e-02
3.453165e-02;2.479545e-02;1.703409e-01;4.531008e-02;2.006519e-01;2.278622e-01;6.277110e-02;6.774469e-02;3.911429e-02;3.417978e-02;2.377026e-02;6.892765e-02
4.134924e-02;3.381722e-02;1.348290e-01;8.616675e-02;1.481199e-01;1.102322e-01;1.222467e-01;5.176044e-02;1.176028e-01;8.185977e-02;5.198716e-02;2.002884e-02
4.079042e-02;4.482108e-02;1.306344e-01;8.701966e-02;1.195499e-01;8.068714e-02;1.148670e-01;5.184456e-02;1.464825e-01;9.934925e-02;7.308320e-02;1.087079e-02
6.518369e-02;4.863138e-02;1.301609e-01;8.840147e-02;9.593353e-02;1.078876e-01;1.185693e-01;5.237963e-02;1.176474e-01;9.744831e-02;5.532470e-02;2.243211e-02
7.061174e-02;3.995325e-02;1.156377e-01;5.787263e-02;9.576412e-02;1.127640e-01;1.123528e-01;7.049894e-02;9.474343e-02;1.346293e-01;6.635686e-02;2.881507e-02
6.302007e-02;4.424187e-02;1.161961e-01;3.104749e-02;7.328603e-02;1.183689e-01;1.356624e-01;6.964396e-02;1.098601e-01;1.540605e-01;6.428631e-02;2.032623e-02
4.151658e-02;2.644576e-02;1.004293e-01;4.288221e-02;7.194635e-02;1.000715e-01;3.274280e-01;4.390670e-02;6.850129e-02;1.082059e-01;4.436887e-02;2.429749e-02
5.229809e-02;2.150779e-02;6.307825e-02;4.622404e-02;8.270838e-02;1.220035e-01;4.468470e-01;3.796932e-02;3.690825e-02;5.724877e-02;2.220209e-02;1.100452e-02
6.531107e-02;1.256447e-02;3.821413e-02;4.181667e-02;9.348743e-02;1.818247e-01;4.278612e-01;4.160078e-02;2.062372e-02;5.882726e-02;8.374169e-03;9.494393e-03
6.633893e-02;1.453657e-02;1.041953e-01;3.760524e-02;1.033733e-01;1.900155e-01;3.254758e-01;4.153399e-02;3.320539e-02;5.667735e-02;6.667825e-03;2.037483e-02
5.003581e-02;2.711116e-02;2.334271e-01;4.145911e-02;9.900378e-02;1.240487e-01;2.398237e-01;3.837750e-02;6.272206e-02;3.816831e-02;1.200932e-02;3.381351e-02
4.530443e-02;3.871739e-02;4.061704e-01;6.000417e-02;5.153731e-02;5.872200e-02;1.717822e-01;2.681229e-02;6.960563e-02;2.530713e-02;1.474293e-02;3.129416e-02
3.337461e-02;2.580734e-02;5.696469e-01;7.271837e-02;6.257077e-02;3.611962e-02;6.064009e-02;1.283843e-02;7.526527e-02;1.791836e-02;2.570266e-02;7.397584e-03
3.623674e-02;2.519301e-02;5.426926e-01;7.373007e-02;4.474090e-02;2.257139e-02;3.310520e-02;1.490671e-02;1.203198e-01;2.417075e-02;4.759773e-02;1.473515e-02
6.008172e-02;3.747960e-02;2.821769e-01;1.077892e-01;6.961213e-02;4.357924e-02;7.237771e-02;2.854139e-02;1.104796e-01;6.704820e-02;9.731933e-02;2.351494e-02
5.140088e-02;3.857895e-02;1.800355e-01;1.544073e-01;7.659450e-02;5.004463e-02;7.028387e-02;5.769142e-02;7.149986e-02;6.138776e-02;1.629997e-01;2.507547e-02
2.728098e-02;2.908553e-02;1.318931e-01;2.219808e-01;6.692214e-02;4.593390e-02;3.093171e-02;8.836815e-02;3.176098e-02;2.873217e-02;2.744141e-01;2.269644e-02
9.932417e-03;1.605516e-02;1.540254e-01;2.590860e-01;4.684684e-02;4.312634e-02;1.521226e-02;8.936513e-02;1.161256e-02;2.693333e-02;3.192078e-01;8.596716e-03
5.244464e-03;7.630789e-03;2.499294e-01;2.427695e-01;3.567241e-02;3.463793e-02;3.032517e-02;5.895022e-02;1.071581e-02;3.826932e-02;2.795776e-01;6.277349e-03
1.207633e-02;1.536766e-02;3.597377e-01;1.692444e-01;2.910892e-02;1.997149e-02;6.463765e-02;3.876346e-02;2.110498e-02;6.139229e-02;2.038788e-01;4.716330e-03
1.540918e-02;2.331821e-02;4.534172e-01;8.786663e-02;2.061536e-02;1.268222e-02;1.101790e-01;2.699501e-02;2.273470e-02;8.364058e-02;1.357562e-01;7.385744e-03
1.831990e-02;2.734356e-02;5.386755e-01;4.120533e-02;1.957398e-02;1.278096e-02;1.264693e-01;1.805791e-02;1.721787e-02;9.682348e-02;7.665355e-02;6.878685e-03
1.874119e-02;4.805740e-02;5.818154e-01;5.142086e-02;2.298040e-02;1.359660e-02;9.740764e-02;1.275558e-02;1.819708e-02;9.636924e-02;2.993732e-02;8.721278e-03
1.525422e-02;7.941424e-02;5.864807e-01;5.754805e-02;2.609272e-02;2.173889e-02;6.460354e-02;1.631366e-02;2.560795e-02;7.456395e-02;2.172661e-02;1.065540e-02
2.215369e-02;7.324152e-02;6.031522e-01;5.580455e-02;3.110761e-02;2.567734e-02;3.902208e-02;2.790862e-02;2.335631e-02;5.112540e-02;3.370701e-02;1.374369e-02
2.720583e-02;4.573112e-02;5.590793e-01;8.224455e-02;3.768310e-02;2.749720e-02;5.658612e-02;3.258337e-02;1.678803e-02;5.831432e-02;4.287342e-02;1.341361e-02
1.819382e-02;3.290314e-02;3.876626e-01;1.491262e-01;6.995586e-02;4.872198e-02;5.205353e-02;6.998421e-02;1.459408e-02;4.436744e-02;9.781846e-02;1.461869e-02
1.004581e-02;5.558767e-02;2.772531e-01;1.777680e-01;9.492613e-02;6.014911e-02;3.912440e-02;1.019873e-01;8.588464e-03;3.620066e-02;1.226773e-01;1.569202e-02
7.854465e-03;9.406868e-02;2.175419e-01;1.934234e-01;1.250955e-01;5.378712e-02;3.049824e-02;1.033129e-01;3.846139e-03;3.518970e-02;1.115147e-01;2.386729e-02
7.687056e-03;1.488418e-01;1.560124e-01;2.203403e-01;1.584339e-01;3.809787e-02;2.535076e-02;8.689979e-02;6.927922e-03;3.773150e-02;8.473321e-02;2.894347e-02
6.542128e-03;1.612184e-01;1.148415e-01;2.470262e-01;1.373118e-01;4.658087e-02;1.453814e-02;1.244170e-01;5.911290e-03;3.389923e-02;9.636030e-02;1.135327e-02
4.683937e-03;1.166933e-01;1.009146e-01;2.793235e-01;9.499856e-02;7.770525e-02;1.081929e-02;1.582152e-01;5.351999e-03;2.253740e-02;1.190485e-01;9.708427e-03
3.694099e-03;7.101385e-02;1.146608e-01;3.174094e-01;6.039633e-02;8.995998e-02;7.253266e-03;1.680811e-01;5.356267e-03;1.574005e-02;1.342921e-01;1.214276e-02
4.214867e-03;8.245739e-02;1.063556e-01;3.265797e-01;5.069941e-02;7.183570e-02;8.526674e-03;1.525368e-01;4.328242e-03;3.079085e-02;1.428151e-01;1.885948e-02
5.741324e-03;1.119068e-01;1.082300e-01;3.031216e-01;6.161584e-02;4.800297e-02;7.478254e-03;1.197885e-01;5.078653e-03;5.025865e-02;1.436520e-01;3.512545e-02
1.662707e-02;1.217121e-01;1.593448e-01;2.210086e-01;7.445545e-02;3.740998e-02;3.357789e-02;7.973391e-02;7.997533e-03;6.020932e-02;1.313761e-01;5.654719e-02
2.980252e-02;1.103763e-01;2.747384e-01;1.307058e-01;6.448098e-02;2.720011e-02;6.393095e-02;5.582446e-02;7.087062e-03;5.577438e-02;1.165292e-01;6.354979e-02
4.050449e-02;6.424795e-02;4.694568e-01;6.805182e-02;6.110514e-02;2.891665e-02;7.816300e-02;3.493026e-02;1.038732e-02;2.998245e-02;7.075603e-02;4.349812e-02
3.549331e-02;4.185013e-02;5.973405e-01;6.845371e-02;7.131653e-02;3.507822e-02;3.284892e-02;2.416383e-02;1.185707e-02;2.746178e-02;3.189214e-02;2.224393e-02
3.852001e-02;4.279477e-02;5.391328e-01;7.952975e-02;7.086073e-02;3.349237e-02;3.903359e-02;3.874398e-02;2.591058e-02;3.771837e-02;3.601596e-02;1.824710e-02
1.043103e-01;9.306061e-02;3.258573e-01;8.841221e-02;7.789452e-02;4.017747e-02;7.179294e-02;5.545225e-02;3.356688e-02;3.964538e-02;3.479135e-02;3.503869e-02
1.314900e-01;1.222278e-01;2.200721e-01;9.091089e-02;5.577473e-02;5.702279e-02;6.432148e-02;6.446677e-02;5.256993e-02;6.344774e-02;3.812435e-02;3.957150e-02
7.719239e-02;5.623072e-02;1.486437e-01;8.888330e-02;6.555164e-02;6.926697e-02;1.588199e-01;8.278774e-02;9.081447e-02;7.731675e-02;3.270046e-02;5.179197e-02
7.856379e-02;5.603806e-02;1.068448e-01;6.958800e-02;1.068582e-01;8.491530e-02;2.053416e-01;5.955787e-02;7.583172e-02;6.560294e-02;4.974246e-02;4.111521e-02
5.069732e-02;5.547777e-02;1.152002e-01;9.276744e-02;1.474806e-01;8.944597e-02;1.867050e-01;5.507435e-02;5.480884e-02;5.188119e-02;4.747337e-02;5.298784e-02
2.880801e-02;4.426403e-02;1.486682e-01;1.376663e-01;1.785942e-01;9.043956e-02;1.228329e-01;5.792107e-02;3.661428e-02;5.488433e-02;4.334425e-02;5.596296e-02
1.243015e-02;3.685907e-02;2.089773e-01;1.939685e-01;1.524228e-01;1.270818e-01;3.742003e-02;5.945441e-02;2.063092e-02;5.516161e-02;6.308933e-02;3.250416e-02
6.081694e-03;2.018190e-02;3.101641e-01;1.961661e-01;7.578818e-02;1.830563e-01;1.506471e-02;3.690569e-02;3.020130e-02;4.178867e-02;7.493864e-02;9.662700e-03
7.732200e-03;1.239546e-02;4.239321e-01;1.535114e-01;3.648020e-02;1.501821e-01;2.387059e-02;2.671056e-02;6.129373e-02;3.378888e-02;6.287224e-02;7.230530e-03
8.080778e-03;8.953668e-03;5.385146e-01;1.104758e-01;3.906063e-02;5.831547e-02;2.631905e-02;3.462663e-02;9.291655e-02;2.797178e-02;5.130920e-02;3.455848e-03
1.389143e-02;1.304801e-02;5.980837e-01;7.289950e-02;3.664186e-02;3.251510e-02;4.702681e-02;1.924578e-02;8.923359e-02;4.044852e-02;3.373886e-02;3.226764e-03
1.048020e-02;2.721610e-02;6.249772e-01;4.901198e-02;4.712579e-02;1.880957e-02;7.069182e-02;9.261578e-03;5.892192e-02;6.412067e-02;1.635724e-02;3.025968e-03
3.176493e-02;6.063196e-02;5.970819e-01;3.638138e-02;4.783692e-02;2.599671e-02;6.555665e-02;1.211922e-02;3.401058e-02;6.651435e-02;1.435412e-02;7.751278e-03
6.588078e-02;8.074881e-02;4.861910e-01;3.718017e-02;3.402146e-02;6.672800e-02;9.313732e-02;1.623722e-02;3.232139e-02;4.270918e-02;2.579696e-02;1.904768e-02
6.336977e-02;6.311435e-02;3.187482e-01;5.212513e-02;4.452461e-02;1.242742e-01;1.386779e-01;3.352238e-02;5.811989e-02;4.938422e-02;3.271241e-02;2.142686e-02
4.580706e-02;3.940331e-02;1.841483e-01;7.404081e-02;4.630492e-02;1.274051e-01;1.428792e-01;4.787923e-02;1.063876e-01;1.021512e-01;4.582428e-02;3.776895e-02
5.509796e-02;4.425758e-02;1.383222e-01;7.418805e-02;7.049394e-02;9.376691e-02;1.139515e-01;8.181949e-02;8.938063e-02;1.428962e-01;4.371832e-02;5.210721e-02
4.481325e-02;3.470334e-02;1.254633e-01;6.933320e-02;1.410751e-01;9.635757e-02;1.158087e-01;8.808665e-02;7.493107e-02;1.174557e-01;4.697314e-02;4.499898e-02
6.202377e-02;3.032305e-02;1.207875e-01;8.850004e-02;1.514061e-01;8.072090e-02;1.242929e-01;7.845727e-02;7.101448e-02;1.273291e-01;4.025659e-02;2.488821e-02
7.174312e-02;1.708346e-02;1.192918e-01;7.374131e-02;1.057414e-01;6.523447e-02;1.045452e-01;9.175834e-02;8.446946e-02;2.100198e-01;3.380413e-02;2.256753e-02
6.464295e-02;4.265404e-02;7.953159e-02;5.456760e-02;1.160254e-01;1.076489e-01;6.759806e-02;7.791555e-02;8.650253e-02;1.995913e-01;6.122135e-02;4.210075e-02
5.935653e-02;5.613076e-02;7.256054e-02;6.537100e-02;8.283541e-02;1.406870e-01;9.267806e-02;8.700062e-02;8.437353e-02;1.288806e-01;7.954682e-02;5.057914e-02
5.624647e-02;4.393947e-02;1.187265e-01;5.410703e-02;6.921773e-02;1.261479e-01;1.691348e-01;8.999468e-02;8.016763e-02;9.774381e-02;5.915031e-02;3.542371e-02
4.182479e-02;2.127524e-02;1.442098e-01;3.023161e-02;9.674916e-02;1.101108e-01;3.413599e-01;4.742160e-02;6.190570e-02;5.805734e-02;2.541014e-02;2.144382e-02
1.713673e-02;1.181718e-02;1.714951e-01;3.523540e-02;1.330927e-01;9.784734e-02;3.551102e-01;5.093417e-02;4.899179e-02;4.180893e-02;1.571370e-02;2.081676e-02
4.689767e-03;8.378677e-03;2.268120e-01;5.809966e-02;1.362108e-01;7.704142e-02;2.568606e-01;1.009149e-01;4.639147e-02;4.382625e-02;1.933132e-02;2.144310e-02
5.418702e-03;8.403658e-03;3.479596e-01;8.000512e-02;9.366181e-02;4.966237e-02;1.143704e-01;1.619838e-01;5.891847e-02;4.838788e-02;1.753492e-02;1.369333e-02
5.965731e-03;1.125758e-02;4.985208e-01;7.040457e-02;4.109495e-02;2.585663e-02;5.203732e-02;1.224129e-01;1.184422e-01;4.137266e-02;9.606530e-03;3.028029e-03
9.293822e-03;2.720639e-02;6.048403e-01;4.837644e-02;2.335258e-02;9.457584e-03;6.813803e-02;3.951544e-02;1.173311e-01;3.908768e-02;1.029813e-02;3.102495e-03
6.582256e-03;4.069750e-02;6.866760e-01;4.032838e-02;3.438831e-02;8.089649e-03;6.337810e-02;1.688159e-02;5.663622e-02;3.668204e-02;6.791312e-03;2.868692e-03
1.334760e-02;6.478637e-02;7.048187e-01;3.947372e-02;3.038647e-02;6.805298e-03;3.392359e-02;3.937151e-02;2.602989e-02;2.884444e-02;2.858401e-03;9.354056e-03
2.931913e-02;9.746301e-02;6.523052e-01;3.157660e-02;1.819712e-02;1.238318e-02;1.948184e-02;6.175238e-02;4.029875e-02;1.334000e-02;8.042824e-03;1.583996e-02
4.943523e-02;1.095595e-01;5.888070e-01;2.738619e-02;1.083687e-02;2.002728e-02;2.156035e-02;5.070287e-02;7.361438e-02;1.896693e-02;1.534865e-02;1.375459e-02
8.788344e-02;7.707891e-02;4.747026e-01;3.154523e-02;1.856959e-02;2.883808e-02;4.091826e-02;3.971839e-02;9.749663e-02;3.782308e-02;3.979947e-02;2.562628e-02
1.158859e-01;3.162970e-02;3.521414e-01;3.618052e-02;2.387086e-02;4.260778e-02;9.174225e-02;4.805991e-02;8.602309e-02;4.887594e-02;7.039943e-02;5.258320e-02
9.505484e-02;6.108429e-02;2.794084e-01;4.324302e-02;4.569161e-02;6.491103e-02;1.046242e-01;4.708867e-02;5.914100e-02;6.089359e-02;7.345039e-02;6.540897e-02
6.342125e-02;8.346633e-02;1.881076e-01;7.375445e-02;9.069301e-02;9.168571e-02;8.283157e-02;4.699677e-02;5.804121e-02;8.784194e-02;6.225292e-02;7.090726e-02
6.735857e-02;8.417327e-02;1.326483e-01;8.727340e-02;2.910027e-02;9.029900e-02;1.541234e-01;9.461197e-02;6.721934e-02;9.326006e-02;6.661175e-02;3.332066e-02
6.604728e-02;8.022792e-02;1.334314e-01;7.353325e-02;5.329042e-02;7.926489e-02;1.577417e-01;1.055353e-01;6.694563e-02;8.952966e-02;6.248413e-02;3.196843e-02
5.887130e-02;6.356615e-02;1.464851e-01;4.460333e-02;9.638380e-02;6.892373e-02;1.755871e-01;1.107004e-01;5.425093e-02;8.317318e-02;5.556476e-02;4.189023e-02
2.978007e-02;5.550331e-02;2.219799e-01;9.092972e-02;1.128780e-01;6.606779e-02;1.577526e-01;7.770398e-02;3.053402e-02;6.796648e-02;4.157567e-02;4.732841e-02
4.699207e-02;4.166367e-02;3.551102e-01;1.366841e-01;8.019906e-02;4.588497e-02;9.297715e-02;3.649390e-02;2.044671e-02;5.756866e-02;5.536688e-02;3.061264e-02
4.996323e-02;7.197663e-02;4.788917e-01;1.190729e-01;4.868507e-02;1.904113e-02;4.766332e-02;1.871818e-02;2.435229e-02;6.318194e-02;4.240138e-02;1.605223e-02
5.610438e-02;1.866423e-01;4.965660e-01;5.703891e-02;2.071902e-02;2.680236e-02;2.491173e-02;1.271376e-02;4.341074e-02;5.097214e-02;1.530674e-02;8.811976e-03
1.383756e-01;2.957731e-01;3.440175e-01;1.644344e-02;1.534106e-02;4.248866e-02;1.393931e-02;1.643328e-02;7.639316e-02;2.258316e-02;7.339835e-03;1.087184e-02
2.451068e-01;2.963587e-01;2.030322e-01;1.385519e-02;4.326609e-02;3.694272e-02;1.782417e-02;2.219328e-02;8.581128e-02;9.676072e-03;8.241825e-03;1.769166e-02
3.054903e-01;1.959387e-01;1.449280e-01;3.537576e-02;8.204405e-02;3.062832e-02;2.173648e-02;3.730160e-02;6.395543e-02;1.681199e-02;1.761166e-02;4.817774e-02
1.733555e-01;7.307150e-02;1.547160e-01;1.059194e-01;9.046847e-02;4.526290e-02;6.170782e-02;6.437097e-02;3.315967e-02;3.588776e-02;4.438671e-02;1.176933e-01
1.882178e-01;6.168105e-02;1.751769e-01;8.636954e-02;4.207242e-02;6.161962e-02;7.538411e-02;7.595866e-02;3.428090e-02;4.379157e-02;4.512474e-02;1.103227e-01
3.049849e-01;6.074731e-02;1.576543e-01;2.857399e-02;1.904716e-02;8.475672e-02;5.009448e-02;9.535198e-02;3.877035e-02;3.355466e-02;3.750990e-02;8.895428e-02
3.456212e-01;5.259974e-02;1.309626e-01;1.437379e-02;3.251538e-02;9.494298e-02;3.771233e-02;8.718354e-02;3.871095e-02;2.914500e-02;3.596655e-02;1.002660e-01
3.100080e-01;3.987310e-02;1.117534e-01;1.015450e-02;4.492720e-02;8.838158e-02;6.375128e-02;1.306718e-01;3.859517e-02;2.754976e-02;3.770848e-02;9.662577e-02
