7.386198e-02;5.889839e-02;7.380325e-02;7.066734e-02;5.260848e-02;4.003605e-02;1.111532e-01;1.167735e-01;2.024704e-01;9.441792e-02;6.076520e-02;4.454430e-02
5.948254e-02;4.269921e-02;5.398120e-02;9.130488e-02;3.403250e-02;3.048869e-02;1.020857e-01;1.339942e-01;2.855167e-01;8.519514e-02;4.752793e-02;3.369127e-02
5.120194e-02;2.715198e-02;2.720628e-02;1.256706e-01;2.021837e-02;2.348962e-02;7.019007e-02;1.351735e-01;4.058966e-01;6.433865e-02;3.278197e-02;1.668043e-02
4.844893e-02;1.159212e-02;1.965428e-02;1.572399e-01;8.563506e-03;1.726352e-02;4.447573e-02;9.174373e-02;5.117285e-01;4.063297e-02;2.382451e-02;2.483233e-02
3.865813e-02;1.538822e-02;2.133322e-02;1.588946e-01;1.710110e-02;1.515997e-02;7.811598e-02;4.775690e-02;4.956730e-01;6.048326e-02;2.909073e-02;2.234490e-02
2.856026e-02;1.740127e-02;4.003434e-02;1.027200e-01;2.470961e-02;3.222841e-02;2.335098e-01;1.029633e-01;3.120222e-01;4.627828e-02;3.670357e-02;2.286899e-02
3.079853e-02;1.855742e-02;7.389343e-02;5.584697e-02;4.011621e-02;5.747252e-02;3.278724e-01;8.455515e-02;2.078508e-01;3.229977e-02;5.665253e-02;1.408430e-02
2.881873e-02;2.247311e-02;1.118362e-01;4.509724e-02;4.358576e-02;5.241344e-02;2.525326e-01;6.130157e-02;2.568380e-01;4.073394e-02;6.138220e-02;2.298719e-02
3.714639e-02;1.898667e-02;1.327717e-01;6.099100e-02;2.712449e-02;2.026274e-02;1.009884e-01;9.422832e-02;3.955033e-01;4.841517e-02;4.251608e-02;2.106573e-02
3.138107e-02;2.233212e-02;8.667101e-02;6.519327e-02;2.123128e-02;2.026389e-02;1.070666e-01;5.515376e-02;4.894336e-01;6.088071e-02;2.506386e-02;1.532888e-02
1.855229e-02;1.679340e-02;6.456491e-02;3.720223e-02;2.912192e-02;2.092399e-02;2.084981e-01;1.351802e-01;3.790933e-01;5.155732e-02;3.002886e-02;8.483438e-03
5.114172e-02;8.974091e-03;6.350291e-02;3.456857e-02;5.878682e-02;4.282377e-02;2.566251e-01;1.149918e-01;2.954336e-01;3.607555e-02;2.379781e-02;1.327825e-02
8.133288e-02;2.068959e-02;4.660741e-02;5.800648e-02;6.821796e-02;5.646642e-02;2.251482e-01;6.246098e-02;2.866466e-01;4.690462e-02;3.095029e-02;1.656853e-02
5.867242e-02;2.082886e-02;5.056617e-02;6.197863e-02;8.233513e-02;6.001966e-02;1.408672e-01;1.081981e-01;2.501312e-01;9.119992e-02;4.547615e-02;2.972657e-02
5.897337e-02;2.161237e-02;6.221874e-02;5.590118e-02;6.391648e-02;6.502163e-02;1.707392e-01;8.270592e-02;2.402153e-01;9.090833e-02;5.187590e-02;3.591162e-02
6.227567e-02;2.849454e-02;4.316700e-02;6.892060e-02;2.953927e-02;5.900146e-02;2.403323e-01;7.530241e-02;2.072762e-01;1.048006e-01;5.260015e-02;2.828973e-02
3.641012e-02;1.961868e-02;5.682310e-02;6.795410e-02;2.359059e-02;1.015734e-01;2.156982e-01;1.386231e-01;1.795522e-01;9.656131e-02;4.489898e-02;1.869629e-02
1.151920e-02;1.162515e-02;7.201574e-02;4.001502e-02;3.043873e-02;1.338128e-01;2.231911e-01;2.181005e-01;1.236114e-01;9.781638e-02;2.530881e-02;1.254513e-02
9.548649e-03;1.440332e-02;5.882002e-02;1.073649e-02;1.119538e-01;9.371617e-02;3.405964e-01;1.935540e-01;7.720827e-02;6.620216e-02;1.589332e-02;7.367398e-03
1.034533e-02;2.758199e-02;2.788286e-02;5.527621e-03;1.648926e-01;5.787907e-02;4.545691e-01;9.687099e-02;1.027671e-01;3.079499e-02;1.515836e-02;5.729946e-03
1.723948e-02;3.936459e-02;1.144576e-02;9.425127e-03;1.218991e-01;7.593450e-02;4.808146e-01;6.155854e-02;1.392731e-01;2.519247e-02;1.483654e-02;3.016105e-03
2.500286e-02;4.401397e-02;1.898231e-02;2.902371e-02;7.540002e-02;1.005094e-01;4.548021e-01;7.239452e-02;1.397057e-01;2.308474e-02;1.352716e-02;3.553482e-03
3.080051e-02;3.630463e-02;5.246719e-02;1.030371e-01;9.970802e-02;1.100805e-01;3.342141e-01;8.151148e-02;8.909985e-02;3.468760e-02;1.686052e-02;1.122849e-02
2.256789e-02;2.679477e-02;1.116905e-01;1.568294e-01;7.707756e-02;7.751541e-02;2.800251e-01;1.180452e-01;6.042469e-02;3.908517e-02;1.505583e-02;1.488856e-02
1.886222e-02;2.037168e-02;9.708837e-02;1.216200e-01;1.101088e-01;7.303888e-02;3.079561e-01;1.178277e-01;7.545920e-02;2.691489e-02;2.204172e-02;8.710344e-03
2.312258e-02;1.427213e-02;6.323267e-02;6.812447e-02;1.553496e-01;1.174506e-01;2.630043e-01;9.619256e-02;1.249659e-01;2.368218e-02;2.251798e-02;2.808505e-02
3.868287e-02;2.029976e-02;4.578428e-02;3.967462e-02;1.420974e-01;2.148897e-01;1.355003e-01;9.922810e-02;1.328650e-01;8.276945e-02;1.453421e-02;3.367421e-02
3.554022e-02;1.867131e-02;2.277178e-02;5.555384e-02;8.646249e-02;2.149072e-01;2.899338e-01;8.587517e-02;6.048376e-02;1.091920e-01;5.060784e-03;1.554765e-02
2.949337e-02;1.881329e-02;2.248478e-02;7.229642e-02;7.949651e-02;1.619781e-01;4.496977e-01;4.660855e-02;3.357356e-02;7.055787e-02;7.409812e-03;7.589980e-03
2.331782e-02;1.627272e-02;2.229458e-02;7.078274e-02;7.819130e-02;1.406417e-01;5.581102e-01;2.735614e-02;2.679459e-02;2.573712e-02;4.900976e-03;5.600139e-03
2.048455e-02;1.287191e-02;2.871057e-02;4.746073e-02;6.518144e-02;1.231444e-01;6.219749e-01;2.502959e-02;2.375668e-02;2.572191e-02;3.081567e-03;2.581690e-03
1.155564e-02;1.742770e-02;2.465538e-02;2.430694e-02;4.749837e-02;1.027278e-01;6.890866e-01;2.891557e-02;2.901864e-02;1.773436e-02;3.098480e-03;3.974651e-03
5.111968e-03;2.451291e-02;1.183035e-02;1.241369e-02;4.299776e-02;7.709841e-02;7.278829e-01;2.946631e-02;4.596799e-02;1.106381e-02;7.628832e-03;4.025140e-03
6.749361e-03;2.276314e-02;6.336062e-03;5.895859e-03;5.887601e-02;5.298709e-02;7.309088e-01;2.606668e-02;6.469393e-02;8.754735e-03;1.256544e-02;3.402870e-03
6.536529e-03;1.735927e-02;9.060037e-03;4.430477e-03;1.212758e-01;4.209008e-02;6.659227e-01;4.713851e-02;5.500369e-02;1.160769e-02;1.615458e-02;3.420566e-03
3.983669e-03;1.517314e-02;1.574500e-02;6.400943e-03;2.013531e-01;3.367220e-02;5.757462e-01;8.642746e-02;3.174578e-02;1.176084e-02;1.547299e-02;2.518726e-03
8.380994e-03;1.201667e-02;3.177590e-02;1.145638e-02;2.292262e-01;2.817173e-02;4.617887e-01;1.593950e-01;2.831728e-02;1.790771e-02;7.949149e-03;3.614339e-03
1.830027e-02;2.848754e-02;6.124843e-02;1.287582e-02;1.326471e-01;3.619756e-02;3.443123e-01;2.806779e-01;3.636628e-02;3.235159e-02;7.213895e-03;9.321325e-03
9.537471e-03;2.779523e-02;5.371560e-02;6.666310e-03;4.133290e-02;2.455663e-02;4.097430e-01;3.401134e-01;3.182968e-02;2.751787e-02;1.798004e-02;9.211897e-03
4.442833e-03;2.031718e-02;4.665207e-02;8.187669e-03;1.987443e-02;2.106749e-02;4.414479e-01;3.500898e-01;2.728142e-02;1.812512e-02;3.672369e-02;5.790317e-03
3.969155e-03;1.015244e-02;4.788087e-02;9.192425e-03;1.493745e-02;2.045372e-02;4.555067e-01;3.234774e-01;3.614746e-02;2.262558e-02;4.732066e-02;8.336124e-03
2.875261e-03;1.628919e-02;3.802734e-02;7.054883e-03;1.548126e-02;1.931540e-02;5.194027e-01;2.921377e-01;2.753024e-02;2.239887e-02;3.271567e-02;6.771522e-03
3.337712e-03;2.922041e-02;3.543014e-02;5.773157e-03;2.383774e-02;1.639479e-02;5.846669e-01;2.365295e-01;2.863063e-02;1.543403e-02;1.621162e-02;4.533369e-03
4.421174e-03;3.949299e-02;3.423002e-02;5.388001e-03;3.870802e-02;1.856257e-02;6.419802e-01;1.702683e-01;1.593827e-02;1.255766e-02;1.412181e-02;4.330983e-03
5.446443e-03;4.552011e-02;2.479694e-02;3.155722e-03;4.421658e-02;2.248340e-02;6.503825e-01;1.700538e-01;1.335633e-02;9.369113e-03;8.016931e-03;3.202162e-03
4.003346e-03;5.630133e-02;1.791168e-02;1.955404e-03;4.621044e-02;2.487037e-02;6.236016e-01;1.939295e-01;1.809137e-02;6.588866e-03;4.439108e-03;2.096952e-03
7.206434e-03;5.519054e-02;1.950683e-02;4.873036e-03;4.966839e-02;3.670873e-02;6.170874e-01;1.695358e-01;2.132068e-02;6.933854e-03;8.529685e-03;3.438609e-03
1.277636e-02;3.049931e-02;2.126680e-02;1.202390e-02;5.807612e-02;6.823365e-02;6.261218e-01;1.112361e-01;2.950580e-02;1.282305e-02;1.320345e-02;4.233618e-03
2.185460e-02;2.976717e-02;2.814115e-02;1.959532e-02;5.758234e-02;1.184744e-01;5.880507e-01;6.966861e-02;2.293640e-02;3.107058e-02;1.073756e-02;2.121179e-03
3.384544e-02;1.436880e-02;1.471239e-02;2.440262e-02;5.430416e-02;1.650285e-01;5.826153e-01;4.536056e-02;8.360277e-03;4.871222e-02;7.021809e-03;1.267957e-03
4.264833e-02;1.057857e-02;1.199265e-02;2.764866e-02;6.388964e-02;2.072274e-01;5.054677e-01;3.955171e-02;7.162753e-03;7.553683e-02;5.293607e-03;3.002224e-03
5.170162e-02;1.187118e-02;1.389527e-02;3.130520e-02;7.696261e-02;2.535010e-01;3.938357e-01;3.932351e-02;5.461727e-03;1.122359e-01;6.572092e-03;3.334144e-03
5.390544e-02;1.677953e-02;1.725036e-02;2.730908e-02;7.237119e-02;2.772156e-01;3.535554e-01;3.736854e-02;5.995413e-03;1.297231e-01;6.133514e-03;2.392977e-03
5.491680e-02;1.901497e-02;6.944048e-03;2.327979e-02;6.335643e-02;3.087904e-01;3.456695e-01;3.214440e-02;5.938811e-03;1.330632e-01;5.454077e-03;1.427566e-03
5.161333e-02;1.113875e-02;1.217858e-02;2.622640e-02;6.223475e-02;3.459703e-01;3.220649e-01;2.465452e-02;5.889557e-03;1.311342e-01;4.125647e-03;2.769036e-03
3.728983e-02;2.142880e-02;2.373938e-02;2.786782e-02;5.392509e-02;2.859316e-01;3.781856e-01;2.908796e-02;8.755869e-03;1.131534e-01;1.095998e-02;9.674579e-03
2.722513e-02;3.806657e-02;2.674651e-02;2.296077e-02;4.107547e-02;1.697822e-01;5.144116e-01;4.439459e-02;1.648013e-02;7.610139e-02;1.237758e-02;1.037802e-02
2.271422e-02;2.819297e-02;3.098926e-02;1.281430e-02;3.574390e-02;1.007546e-01;6.051729e-01;9.042237e-02;1.747603e-02;4.060453e-02;9.952788e-03;5.162132e-03
1.101948e-02;3.159488e-02;6.169493e-02;4.086921e-03;3.531763e-02;5.396644e-02;5.770236e-01;1.765447e-01;1.504635e-02;2.513381e-02;5.537908e-03;3.033415e-03
1.201709e-02;2.942058e-02;1.293519e-01;7.554128e-03;2.508956e-02;3.724729e-02;4.251584e-01;2.664661e-01;2.615284e-02;2.698736e-02;4.758812e-03;9.795945e-03
1.165192e-02;1.568080e-02;1.853744e-01;1.460634e-02;2.094292e-02;4.823817e-02;2.662992e-01;3.041715e-01;6.667434e-02;4.418004e-02;5.180511e-03;1.699985e-02
8.850381e-03;1.236465e-02;1.487359e-01;5.652473e-02;2.044892e-02;6.194155e-02;2.696692e-01;2.313462e-01;1.323545e-01;3.370550e-02;7.777103e-03;1.628139e-02
1.066031e-02;5.691516e-03;7.597532e-02;1.369989e-01;1.960367e-02;4.301247e-02;2.878487e-01;1.634928e-01;2.194349e-01;2.498071e-02;6.345470e-03;5.955135e-03
1.818758e-02;1.312191e-02;3.683984e-02;1.885628e-01;2.267484e-02;1.981862e-02;2.488133e-01;1.005816e-01;2.943489e-01;4.560651e-02;5.151465e-03;6.292623e-03
2.175865e-02;1.717911e-02;1.480950e-02;1.671334e-01;5.371837e-02;1.325464e-02;1.843486e-01;6.423802e-02;3.388817e-01;1.113166e-01;1.004340e-02;3.318096e-03
1.562190e-02;1.151239e-02;4.394359e-02;8.422673e-02;1.566206e-01;1.428997e-02;1.245345e-01;6.439618e-02;2.394146e-01;2.163498e-01;2.409724e-02;4.992447e-03
1.004985e-02;1.730794e-02;3.251591e-02;4.209567e-02;2.450133e-01;1.989709e-02;1.303634e-01;4.864384e-02;1.089283e-01;2.981049e-01;3.765703e-02;9.422751e-03
1.316373e-02;1.891303e-02;1.947277e-02;1.660413e-02;2.755210e-01;2.708601e-02;1.244568e-01;2.937659e-02;9.948133e-02;3.261043e-01;4.172504e-02;8.095274e-03
1.449297e-02;1.789208e-02;5.017292e-02;4.588991e-02;2.487603e-01;2.539976e-02;9.751879e-02;4.073178e-02;1.133330e-01;3.023764e-01;3.552838e-02;7.903615e-03
1.364711e-02;1.815889e-02;7.208662e-02;1.078009e-01;1.775169e-01;2.539337e-02;9.409073e-02;5.151658e-02;1.309095e-01;2.634307e-01;3.725854e-02;8.190127e-03
1.061160e-02;2.030819e-02;4.840123e-02;1.040026e-01;1.274735e-01;2.819119e-02;1.453080e-01;6.870094e-02;1.183362e-01;2.644393e-01;5.659420e-02;7.633042e-03
1.826799e-02;2.118482e-02;4.090725e-02;2.138598e-02;1.891529e-01;2.189562e-02;1.116738e-01;4.339658e-02;8.663766e-02;3.760439e-01;5.980719e-02;9.646386e-03
1.219911e-02;3.967225e-02;2.605815e-02;3.236316e-02;1.660514e-01;1.297161e-02;7.034096e-02;1.644514e-02;1.169781e-01;4.417285e-01;5.044514e-02;1.474647e-02
1.061837e-02;6.937460e-02;1.581240e-02;2.864291e-02;1.395490e-01;1.556477e-02;5.705319e-02;2.894121e-02;6.859377e-02;5.060622e-01;4.931538e-02;1.047222e-02
7.907117e-03;1.019504e-01;1.603691e-02;1.379486e-02;1.310463e-01;2.452995e-02;3.096906e-02;2.116145e-02;5.364053e-02;5.383000e-01;5.184277e-02;8.820616e-03
1.692342e-02;1.054625e-01;9.719436e-03;1.649727e-02;1.068050e-01;2.525896e-02;2.250343e-02;2.666658e-02;1.594131e-01;4.726843e-01;3.320767e-02;4.858281e-03
3.265710e-02;8.782108e-02;1.513859e-02;1.862332e-02;6.972984e-02;2.047803e-02;4.082389e-02;2.593238e-02;2.411456e-01;4.035861e-01;3.171720e-02;1.234690e-02
9.001758e-02;5.667458e-02;2.213981e-02;2.992787e-02;5.627500e-02;1.643833e-02;1.079737e-01;3.017717e-02;2.400348e-01;2.839018e-01;4.192618e-02;2.451310e-02
1.007406e-01;3.914307e-02;3.201660e-02;4.434153e-02;5.587607e-02;2.962372e-02;1.691214e-01;7.281043e-02;1.976057e-01;1.667648e-01;4.894020e-02;4.301591e-02
9.741332e-02;3.173801e-02;2.469344e-02;7.242914e-02;3.997030e-02;3.035983e-02;1.267421e-01;6.688295e-02;2.937230e-01;1.470217e-01;3.808437e-02;3.094186e-02
1.276367e-01;1.923488e-02;1.238715e-02;1.034047e-01;2.614000e-02;2.020002e-02;5.938206e-02;4.184221e-02;3.828711e-01;1.701157e-01;2.582207e-02;1.096336e-02
1.119117e-01;1.763579e-02;1.484181e-02;1.212142e-01;1.536287e-02;1.633567e-02;5.617644e-02;4.986546e-02;4.135050e-01;1.559131e-01;1.789248e-02;9.345319e-03
5.452039e-02;1.498687e-02;1.166177e-02;1.051836e-01;1.932470e-02;2.187150e-02;1.864039e-01;9.495076e-02;3.598825e-01;1.052277e-01;1.353274e-02;1.245366e-02
2.411550e-02;1.423666e-02;2.483227e-02;5.664788e-02;3.520987e-02;4.299546e-02;3.365163e-01;1.177562e-01;2.339959e-01;7.962450e-02;1.428222e-02;1.978721e-02
2.732118e-02;1.652637e-02;4.895208e-02;3.638282e-02;6.342123e-02;6.386483e-02;3.513381e-01;9.561753e-02;1.662201e-01;9.618665e-02;1.551851e-02;1.865057e-02
3.740671e-02;4.381353e-02;1.178896e-01;6.929054e-02;8.773316e-02;5.896329e-02;1.796407e-01;4.975581e-02;1.868181e-01;1.193359e-01;2.407904e-02;2.527363e-02
3.719069e-02;5.498305e-02;1.692495e-01;1.033430e-01;4.612371e-02;3.601980e-02;1.484339e-01;7.147518e-02;2.005517e-01;9.857889e-02;1.995989e-02;1.409071e-02
7.501069e-02;3.147686e-02;1.512256e-01;9.308460e-02;6.911888e-02;3.825375e-02;1.918176e-01;7.396801e-02;1.585565e-01;7.298906e-02;1.604812e-02;2.845035e-02
9.179507e-02;1.452273e-02;8.225612e-02;7.284439e-02;1.035620e-01;6.203564e-02;3.292175e-01;5.234638e-02;8.001942e-02;7.054350e-02;1.685475e-02;2.400243e-02
6.102871e-02;2.193749e-02;3.016679e-02;5.189763e-02;7.857303e-02;7.086439e-02;4.854867e-01;3.990233e-02;7.311222e-02;6.596301e-02;1.123253e-02;9.835242e-03
3.706559e-02;3.075040e-02;2.709984e-02;3.072271e-02;5.193653e-02;4.723503e-02;5.371774e-01;8.466052e-02;7.288929e-02;6.110352e-02;1.263733e-02;6.721848e-03
2.768410e-02;2.655626e-02;4.106176e-02;1.483121e-02;3.918529e-02;2.304218e-02;5.162646e-01;1.360455e-01;5.707168e-02;1.023634e-01;8.211054e-03;7.683022e-03
1.968589e-02;1.458133e-02;6.134712e-02;9.656821e-03;2.293755e-02;1.109666e-02;4.552428e-01;1.689893e-01;5.562894e-02;1.650729e-01;6.490752e-03;9.269860e-03
1.302102e-02;1.050201e-02;5.256212e-02;1.179665e-02;2.539711e-02;2.810305e-02;4.878272e-01;1.447480e-01;4.770388e-02;1.577530e-01;7.743691e-03;1.284236e-02
1.600617e-02;1.821931e-02;5.785697e-02;2.075016e-02;4.337051e-02;5.460321e-02;5.156532e-01;9.266636e-02;5.692470e-02;9.521851e-02;1.151791e-02;1.721301e-02
2.448709e-02;2.006819e-02;1.193653e-01;3.643413e-02;5.375380e-02;5.720244e-02;4.132111e-01;7.768316e-02;9.373856e-02;6.866112e-02;1.656876e-02;1.882636e-02
3.213214e-02;2.132142e-02;1.244813e-01;3.052598e-02;2.622750e-02;2.850641e-02;4.324083e-01;1.226036e-01;8.554936e-02;7.126275e-02;1.251676e-02;1.246447e-02
2.648788e-02;1.887082e-02;7.984163e-02;1.641210e-02;2.426344e-02;2.507491e-02;5.540805e-01;1.215155e-01;5.640337e-02;6.134225e-02;7.534831e-03;8.172773e-03
3.144697e-02;2.131972e-02;3.593450e-02;2.264556e-02;1.579443e-02;2.192037e-02;5.907705e-01;1.050863e-01;6.013883e-02;6.781699e-02;1.477485e-02;1.235098e-02
3.994549e-02;1.564607e-02;5.821196e-02;4.501414e-02;4.564627e-02;4.586153e-02;4.784080e-01;8.831182e-02;6.311153e-02;7.078564e-02;2.497142e-02;2.408611e-02
4.749854e-02;3.570046e-02;7.783752e-02;7.484847e-02;6.482334e-02;5.461526e-02;3.438912e-01;8.818491e-02;5.392220e-02;7.093476e-02;5.972307e-02;2.802029e-02
7.749065e-02;4.363297e-02;7.744043e-02;6.410676e-02;4.589644e-02;5.060856e-02;2.737887e-01;1.044500e-01;6.067722e-02;9.091547e-02;7.574110e-02;3.525170e-02
6.348889e-02;3.965177e-02;9.047953e-02;3.467306e-02;3.037041e-02;3.612845e-02;2.697890e-01;1.709424e-01;7.011183e-02;9.996437e-02;4.836071e-02;4.603967e-02
3.347212e-02;4.049908e-02;8.251280e-02;2.066688e-02;2.130378e-02;2.887003e-02;3.338679e-01;2.385441e-01;5.556809e-02;8.428077e-02;2.782085e-02;3.259366e-02
8.436218e-03;3.870072e-02;5.194714e-02;1.197486e-02;1.371681e-02;2.177873e-02;4.751900e-01;2.732114e-01;3.118352e-02;4.236144e-02;1.660327e-02;1.489586e-02
6.451917e-03;3.577343e-02;4.244682e-02;7.064684e-03;1.223451e-02;1.890230e-02;5.690041e-01;2.365549e-01;3.275584e-02;1.393417e-02;1.879441e-02;6.082880e-03
6.528941e-03;4.583598e-02;4.637091e-02;5.400904e-03;2.573228e-02;3.867167e-02;5.907905e-01;1.619625e-01;3.095639e-02;1.536022e-02;2.619244e-02;6.197319e-03
1.523760e-02;4.880066e-02;4.114084e-02;6.134917e-03;4.068065e-02;5.472697e-02;5.906581e-01;8.790054e-02;4.622068e-02;2.493866e-02;3.489790e-02;8.662433e-03
1.963522e-02;3.630592e-02;3.115857e-02;1.304658e-02;4.704109e-02;8.127160e-02;5.341531e-01;1.197141e-01;5.700718e-02;2.488703e-02;2.761061e-02;8.169001e-03
1.442299e-02;4.193529e-02;2.586348e-02;1.792862e-02;4.554461e-02;8.072941e-02;5.879475e-01;1.070388e-01;3.153082e-02;2.568765e-02;1.143513e-02;9.935648e-03
2.443109e-02;5.833229e-02;2.607563e-02;2.481613e-02;3.491083e-02;9.106818e-02;5.727744e-01;6.712049e-02;4.618536e-02;3.354029e-02;1.156718e-02;9.178082e-03
2.290718e-02;8.247328e-02;2.494643e-02;1.847511e-02;2.532146e-02;8.072683e-02;5.693662e-01;6.320880e-02;6.419741e-02;2.381996e-02;1.550765e-02;9.049730e-03
8.086771e-03;8.424055e-02;1.313290e-02;7.528057e-03;1.773933e-02;6.995404e-02;6.399294e-01;5.629281e-02;6.672105e-02;1.654194e-02;1.405676e-02;5.776377e-03
4.856839e-03;7.708422e-02;1.013732e-02;4.064586e-03;1.675422e-02;7.809072e-02;6.607732e-01;4.023986e-02;7.538391e-02;1.295721e-02;1.442949e-02;5.228459e-03
5.913578e-03;8.535518e-02;7.022384e-03;4.210059e-03;1.323698e-02;6.665447e-02;6.298209e-01;4.162335e-02;1.114998e-01;1.264176e-02;1.835366e-02;3.667820e-03
1.023777e-02;8.415202e-02;1.690450e-02;8.070943e-03;2.585659e-02;6.677268e-02;5.666192e-01;6.165923e-02;1.287890e-01;8.957680e-03;1.640770e-02;5.572711e-03
1.463782e-02;7.418998e-02;5.307478e-02;1.406167e-02;4.680612e-02;9.124370e-02;4.900494e-01;7.010537e-02;1.050201e-01;1.291183e-02;1.539121e-02;1.250809e-02
1.928637e-02;7.542566e-02;1.329692e-01;2.297576e-02;4.182569e-02;7.592960e-02;4.616569e-01;4.342004e-02;6.550450e-02;1.864189e-02;2.069080e-02;2.167360e-02
2.883216e-02;1.258654e-01;1.443288e-01;2.465095e-02;4.167356e-02;6.844025e-02;3.760573e-01;5.310066e-02;6.226416e-02;3.934123e-02;2.404723e-02;1.139835e-02
2.999892e-02;1.313225e-01;5.997222e-02;3.141216e-02;4.618893e-02;8.885800e-02;3.724479e-01;7.470213e-02;5.632577e-02;4.394023e-02;3.984891e-02;2.498231e-02
3.747467e-02;1.078169e-01;4.993957e-02;2.723085e-02;5.528330e-02;9.623091e-02;3.589285e-01;6.506613e-02;2.808728e-02;6.308337e-02;6.739064e-02;4.346786e-02
3.980565e-02;7.270916e-02;6.823292e-02;4.554053e-02;6.080883e-02;1.041379e-01;2.730263e-01;4.587662e-02;9.364793e-02;9.357131e-02;6.488310e-02;3.775980e-02
3.783767e-02;6.224718e-02;4.755801e-02;6.685721e-02;8.453044e-02;1.039680e-01;1.733684e-01;6.860822e-02;1.471198e-01;1.125709e-01;6.313395e-02;3.220024e-02
3.647070e-02;7.839455e-02;4.800119e-02;4.153980e-02;7.519494e-02;7.819241e-02;2.616489e-01;1.055506e-01;1.153544e-01;9.156458e-02;3.899873e-02;2.908912e-02
4.014891e-02;1.230529e-01;5.526026e-02;4.455756e-02;4.990232e-02;6.040269e-02;3.251748e-01;1.040378e-01;6.317253e-02;6.710812e-02;3.166257e-02;3.551954e-02
3.168473e-02;1.475966e-01;7.293785e-02;5.228290e-02;4.896356e-02;6.222300e-02;3.119319e-01;8.109266e-02;6.804572e-02;5.525172e-02;3.851210e-02;2.947720e-02
2.977901e-02;1.311901e-01;5.643069e-02;5.180499e-02;6.465997e-02;4.292274e-02;3.177497e-01;8.410762e-02;8.159631e-02;7.024311e-02;3.565290e-02;3.386278e-02
7.274655e-02;5.511514e-02;4.679620e-02;5.326511e-02;1.257438e-01;6.583971e-02;1.798571e-01;7.365094e-02;1.005387e-01;8.047257e-02;7.088514e-02;7.508907e-02
7.334751e-02;2.985818e-02;6.234023e-02;5.513482e-02;1.974411e-01;8.876520e-02;1.443898e-01;4.246248e-02;5.757729e-02;5.883063e-02;6.077839e-02;1.290744e-01
6.082907e-02;2.445250e-02;4.655330e-02;4.283984e-02;2.948244e-01;1.136419e-01;1.177377e-01;2.198170e-02;3.570092e-02;3.416965e-02;3.395053e-02;1.733185e-01
2.913972e-02;1.677316e-02;3.002301e-02;3.194149e-02;4.369066e-01;9.805179e-02;6.228324e-02;1.329998e-02;3.309979e-02;1.608125e-02;9.241216e-03;2.231588e-01
9.072216e-03;9.866899e-03;2.113297e-02;3.878894e-02;5.079586e-01;6.700237e-02;3.356944e-02;6.502680e-03;2.835296e-02;7.761985e-03;2.644309e-02;2.435479e-01
1.185547e-02;9.737425e-03;2.148710e-02;5.601927e-02;4.677396e-01;3.691068e-02;3.057368e-02;9.534448e-03;1.574498e-02;1.842862e-02;7.283355e-02;2.491352e-01
1.820824e-02;9.829345e-03;3.067735e-02;9.335199e-02;3.286800e-01;2.510531e-02;4.064056e-02;1.565629e-02;3.056719e-02;4.197264e-02;1.469816e-01;2.183295e-01
9.296133e-03;1.572930e-02;5.218940e-02;1.582369e-01;1.454217e-01;2.249557e-02;3.445093e-02;3.789928e-02;4.593892e-02;4.955148e-02;2.944790e-01;1.343114e-01
1.000650e-02;2.151984e-02;6.545225e-02;1.865153e-01;8.934527e-02;3.019750e-02;1.926782e-02;4.493636e-02;3.765301e-02;3.469041e-02;3.824191e-01;7.799662e-02
1.198377e-02;1.792947e-02;8.440683e-02;2.059819e-01;7.189185e-02;3.696633e-02;1.026900e-02;3.019939e-02;2.554801e-02;2.559518e-02;4.231879e-01;5.604041e-02
1.017587e-02;2.496162e-02;1.309414e-01;1.895632e-01;6.700510e-02;4.112879e-02;1.069504e-02;1.797213e-02;3.503425e-02;4.364502e-02;3.943402e-01;3.453731e-02
3.218428e-02;5.982791e-02;2.003353e-01;1.228538e-01;7.204714e-02;3.599654e-02;2.399113e-02;1.503378e-02;5.124911e-02;6.197375e-02;3.102959e-01;1.421135e-02
6.912745e-02;9.469745e-02;2.098931e-01;4.856630e-02;8.652203e-02;3.229414e-02;4.495506e-02;2.812543e-02;5.779994e-02;6.417113e-02;2.465856e-01;1.726241e-02
6.270678e-02;8.595531e-02;1.488449e-01;6.362477e-02;1.137616e-01;4.036446e-02;6.473483e-02;4.893624e-02;4.827367e-02;2.994630e-02;2.511041e-01;4.174701e-02
3.668699e-02;6.089658e-02;1.684701e-01;8.949082e-02;1.142099e-01;4.748701e-02;5.304403e-02;4.800607e-02;4.314829e-02;2.810532e-02;2.562907e-01;5.416416e-02
2.696160e-02;5.243534e-02;2.634856e-01;7.806843e-02;8.293325e-02;5.585796e-02;4.199036e-02;5.873423e-02;6.250688e-02;4.197014e-02;1.856773e-01;4.937888e-02
3.981482e-02;3.996834e-02;3.573971e-01;6.902786e-02;1.108226e-01;4.924505e-02;3.262293e-02;3.884555e-02;1.112485e-01;5.348932e-02;6.886258e-02;2.865535e-02
3.831636e-02;4.877647e-02;3.406324e-01;8.254547e-02;1.125585e-01;3.444389e-02;5.087823e-02;2.295260e-02;8.091637e-02;9.446454e-02;5.638073e-02;3.713439e-02
3.103402e-02;4.517590e-02;3.483440e-01;5.782726e-02;9.798425e-02;3.366975e-02;7.549354e-02;2.211319e-02;4.648501e-02;1.248724e-01;8.502565e-02;3.197500e-02
3.281212e-02;2.924007e-02;3.913416e-01;7.379717e-02;8.339491e-02;2.978513e-02;8.472212e-02;2.387363e-02;4.202291e-02;1.230024e-01;6.775903e-02;1.824886e-02
2.707384e-02;1.944910e-02;4.153186e-01;6.671292e-02;9.822605e-02;3.167024e-02;9.480020e-02;2.326247e-02;5.351203e-02;9.748140e-02;3.784540e-02;3.464771e-02
2.669689e-02;4.288023e-02;4.410714e-01;5.010381e-02;9.535838e-02;2.293685e-02;8.762208e-02;2.048347e-02;5.416181e-02;7.689960e-02;3.053635e-02;5.124914e-02
3.331114e-02;7.489405e-02;4.052911e-01;5.653647e-02;7.217697e-02;1.900006e-02;6.531471e-02;4.898821e-02;6.899699e-02;4.156284e-02;5.925094e-02;5.467658e-02
6.673502e-02;7.963738e-02;3.112896e-01;5.654391e-02;6.717720e-02;2.807513e-02;4.776408e-02;8.398113e-02;9.618662e-02;3.368783e-02;7.789323e-02;5.102890e-02
8.531781e-02;6.300377e-02;2.743199e-01;5.424881e-02;8.101118e-02;3.482519e-02;7.032941e-02;6.885778e-02;9.544939e-02;6.342609e-02;6.044944e-02;4.876126e-02
8.789122e-02;4.774556e-02;2.010444e-01;7.339983e-02;1.009118e-01;4.250642e-02;8.752731e-02;4.867261e-02;9.230372e-02;9.468509e-02;7.723539e-02;4.607664e-02
1.231117e-01;6.090235e-02;1.911785e-01;8.845531e-02;7.063001e-02;2.719766e-02;7.044347e-02;5.216078e-02;8.493491e-02;8.131266e-02;1.071957e-01;4.247706e-02
1.636007e-01;8.559975e-02;2.573014e-01;5.656531e-02;4.992889e-02;1.689816e-02;5.600367e-02;5.251533e-02;7.823282e-02;4.633509e-02;1.109546e-01;2.606426e-02
1.849449e-01;9.482811e-02;2.750405e-01;3.955890e-02;5.019403e-02;2.517607e-02;4.435083e-02;5.018776e-02;4.318257e-02;6.077225e-02;9.178597e-02;3.997813e-02
1.495728e-01;9.927896e-02;2.592613e-01;4.810943e-02;4.341987e-02;2.069781e-02;5.991987e-02;6.996179e-02;3.859835e-02;7.332157e-02;8.339654e-02;5.446162e-02
9.042583e-02;9.820178e-02;2.321161e-01;7.818746e-02;5.142981e-02;2.625134e-02;7.318935e-02;6.482643e-02;3.534093e-02;7.611439e-02;1.060744e-01;6.784225e-02
7.130255e-02;7.085603e-02;2.564447e-01;1.022154e-01;8.071556e-02;4.983271e-02;8.036855e-02;4.016585e-02;4.511015e-02;5.897222e-02;9.580517e-02;4.821106e-02
8.486647e-02;6.381734e-02;2.556309e-01;8.409945e-02;8.149317e-02;5.968017e-02;7.149664e-02;5.600049e-02;3.669306e-02;9.260213e-02;7.685195e-02;3.676820e-02
1.039476e-01;7.498233e-02;1.985676e-01;8.124392e-02;6.622881e-02;7.325634e-02;5.027405e-02;5.843399e-02;6.359102e-02;1.046237e-01;8.838025e-02;3.647035e-02
1.186745e-01;8.770426e-02;1.956951e-01;7.322550e-02;5.525650e-02;7.242675e-02;6.303378e-02;3.604871e-02;7.092117e-02;9.541363e-02;1.187335e-01;1.286653e-02
1.212901e-01;7.574116e-02;1.829639e-01;5.583297e-02;7.187511e-02;4.885942e-02;6.772972e-02;4.900031e-02;7.629174e-02;1.031236e-01;1.135410e-01;3.375111e-02
1.278072e-01;8.241541e-02;1.420789e-01;7.762481e-02;9.934905e-02;4.276839e-02;5.082250e-02;7.054484e-02;8.355323e-02;9.554807e-02;9.410533e-02;3.338223e-02
1.195856e-01;7.914391e-02;1.306280e-01;1.144240e-01;1.090234e-01;4.157259e-02;6.190732e-02;8.097425e-02;7.054102e-02;8.633721e-02;7.356399e-02;3.229868e-02
9.994068e-02;5.462181e-02;1.407154e-01;1.148460e-01;9.886880e-02;5.092641e-02;9.502133e-02;5.706644e-02;9.308079e-02;8.997722e-02;5.371173e-02;5.122336e-02
7.486657e-02;5.396138e-02;1.352827e-01;7.842142e-02;8.946312e-02;6.852206e-02;1.128398e-01;6.691384e-02;1.040765e-01;8.702055e-02;6.944931e-02;5.918281e-02
9.971556e-02;7.360568e-02;1.908323e-01;5.278292e-02;8.747373e-02;4.025897e-02;1.262164e-01;8.753353e-02;1.064233e-01;5.109035e-02;4.523060e-02;3.883678e-02
1.023355e-01;1.093777e-01;2.658378e-01;5.563677e-02;5.711636e-02;3.911420e-02;1.151873e-01;6.641807e-02;8.465774e-02;5.098424e-02;1.552209e-02;3.781223e-02
7.953507e-02;1.395942e-01;3.286549e-01;5.416400e-02;3.914148e-02;3.157889e-02;7.398397e-02;6.659694e-02;8.033412e-02;5.169879e-02;1.165013e-02;4.306752e-02
3.754215e-02;1.804106e-01;3.709657e-01;4.233529e-02;2.066898e-02;3.163221e-02;3.444934e-02;7.596715e-02;9.565969e-02;5.058373e-02;6.084399e-03;5.370082e-02
2.466656e-02;2.173963e-01;3.430024e-01;3.044809e-02;1.120025e-02;5.908944e-02;6.166260e-03;6.936969e-02;1.348076e-01;3.886713e-02;6.075027e-03;5.891125e-02
4.347203e-02;2.329414e-01;2.848384e-01;2.781007e-02;1.008565e-02;7.822455e-02;8.199779e-03;4.432533e-02;1.753365e-01;2.315055e-02;1.044246e-02;6.117330e-02
6.291580e-02;2.493404e-01;2.199170e-01;3.354022e-02;9.136537e-03;8.434981e-02;1.504975e-02;2.451496e-02;2.145042e-01;1.353689e-02;9.302783e-03;6.389160e-02
1.087669e-01;2.582049e-01;1.799509e-01;4.404005e-02;6.730057e-03;6.815922e-02;2.061048e-02;1.568091e-02;2.378301e-01;1.019492e-02;3.093662e-03;4.673798e-02
1.596369e-01;2.790536e-01;1.324798e-01;4.182090e-02;8.636151e-03;4.541705e-02;1.421006e-02;2.274075e-02;2.470318e-01;1.430020e-02;6.248197e-03;2.842455e-02
1.811306e-01;2.906221e-01;1.299348e-01;3.250666e-02;1.122592e-02;2.995301e-02;1.306166e-02;2.353083e-02;2.272283e-01;1.888327e-02;1.113104e-02;3.079175e-02
1.471248e-01;2.712479e-01;2.159654e-01;2.679218e-02;1.139042e-02;3.176219e-02;1.236631e-02;2.866306e-02;1.760287e-01;2.163113e-02;8.372564e-03;4.865524e-02
1.040508e-01;2.644016e-01;3.180643e-01;1.939732e-02;1.316537e-02;2.055254e-02;1.947588e-02;3.676356e-02;1.272802e-01;3.194231e-02;8.543643e-03;3.636249e-02
8.840916e-02;2.608222e-01;3.397053e-01;1.662458e-02;1.544463e-02;2.432291e-02;3.826196e-02;3.316630e-02;9.656924e-02;3.402910e-02;1.792477e-02;3.471989e-02
1.199620e-01;2.440275e-01;3.027204e-01;1.698927e-02;1.626802e-02;3.350579e-02;5.019797e-02;2.801598e-02;9.020204e-02;2.518286e-02;2.141164e-02;5.151647e-02
1.887218e-01;1.944336e-01;2.595011e-01;1.834265e-02;2.078418e-02;1.616724e-02;4.863282e-02;4.917375e-02;1.080564e-01;3.274187e-02;2.299269e-02;4.045189e-02
1.879451e-01;1.600979e-01;1.632014e-01;3.799987e-02;2.595687e-02;3.924213e-02;4.357629e-02;7.544104e-02;1.354711e-01;4.523958e-02;3.608066e-02;4.974809e-02
8.424710e-02;1.449383e-01;1.659414e-01;3.488293e-02;2.278208e-02;4.839990e-02;1.060554e-01;7.983322e-02;1.322165e-01;4.506510e-02;4.336877e-02;9.226927e-02
9.834623e-02;1.387664e-01;1.918542e-01;1.828332e-02;3.537941e-02;4.978664e-02;9.576582e-02;7.130681e-02;1.172147e-01;5.775150e-02;4.425561e-02;8.128927e-02
7.980942e-02;1.229043e-01;1.858401e-01;2.765761e-02;4.628798e-02;5.168943e-02;7.529129e-02;4.817811e-02;1.404579e-01;7.316403e-02;6.076103e-02;8.795876e-02
5.884419e-02;8.451802e-02;2.127991e-01;3.826559e-02;4.041371e-02;5.005451e-02;1.113960e-01;4.905242e-02;1.218047e-01;8.277412e-02;6.488900e-02;8.518861e-02
5.642176e-02;9.510513e-02;2.112413e-01;5.621530e-02;5.713616e-02;5.346686e-02;1.040868e-01;4.740713e-02;8.422054e-02;1.033609e-01;7.483910e-02;5.649901e-02
9.447068e-02;8.006857e-02;1.816610e-01;6.017842e-02;6.577723e-02;5.882742e-02;7.156130e-02;4.481186e-02;8.802425e-02;1.016747e-01;7.155695e-02;8.138773e-02
1.454426e-01;7.338320e-02;1.979051e-01;5.101129e-02;4.855978e-02;5.589879e-02;7.779820e-02;4.725293e-02;1.073344e-01;7.525373e-02;5.584869e-02;6.431132e-02
1.966742e-01;1.823240e-01;2.796950e-01;3.955919e-02;2.886527e-02;2.582564e-02;4.834025e-02;2.772141e-02;5.983222e-02;3.089341e-02;3.869352e-02;4.157601e-02
1.959963e-01;2.640840e-01;3.286871e-01;2.476735e-02;1.517721e-02;1.829762e-02;2.869474e-02;1.578514e-02;4.670547e-02;1.514776e-02;2.254332e-02;2.411403e-02
2.042295e-01;2.858448e-01;2.792026e-01;2.515862e-02;2.660151e-02;1.652676e-02;2.346567e-02;2.556619e-02;4.750406e-02;1.372250e-02;3.145439e-02;2.072337e-02
2.822516e-01;2.478458e-01;1.774078e-01;1.699705e-02;4.465005e-02;9.651650e-03;2.967210e-02;5.871513e-02;3.862989e-02;2.381735e-02;4.119795e-02;2.916368e-02
3.223362e-01;1.733499e-01;1.072215e-01;8.814688e-03;5.054757e-02;8.798675e-03;6.353329e-02;9.683347e-02;3.036103e-02;5.103905e-02;4.169487e-02;4.546970e-02
2.284511e-01;9.434725e-02;5.391119e-02;3.206985e-02;3.936356e-02;2.047185e-02;1.535898e-01;1.177776e-01;2.734862e-02;1.011251e-01;3.335725e-02;9.818681e-02
1.012175e-01;4.332599e-02;1.539595e-02;6.107298e-02;1.544778e-02;3.184065e-02;3.169944e-01;8.777145e-02;2.337446e-02;1.062538e-01;2.797606e-02;1.693289e-01
9.631079e-02;3.460402e-02;2.209024e-02;4.764671e-02;1.115370e-02;4.074716e-02;4.218603e-01;5.106115e-02;1.626046e-02;5.449178e-02;3.180819e-02;1.719655e-01
4.848408e-02;3.240540e-02;3.760149e-02;2.128477e-02;1.476670e-02;6.061036e-02;4.861991e-01;5.793758e-02;2.287348e-02;2.085128e-02;6.017242e-02;1.368133e-01
3.996102e-02;2.502710e-02;6.532393e-02;1.240170e-02;1.647292e-02;1.154003e-01;4.260179e-01;4.935878e-02;2.914723e-02;2.812918e-02;1.200779e-01;7.268203e-02
4.125297e-02;1.557580e-02;7.486516e-02;3.969095e-03;1.613794e-02;1.871910e-01;2.923803e-01;2.794691e-02;4.509377e-02;3.692725e-02;2.052563e-01;5.340351e-02
1.877459e-02;1.568065e-02;7.022439e-02;1.205976e-02;2.503861e-02;2.377481e-01;1.397046e-01;2.552711e-02;6.580491e-02;5.534087e-02;2.909400e-01;4.315649e-02
2.504095e-02;2.189242e-02;5.706748e-02;1.478014e-02;3.188058e-02;2.429731e-01;5.172232e-02;4.176434e-02;5.959447e-02;7.813097e-02;3.569572e-01;1.819596e-02
2.514589e-02;2.063719e-02;4.493742e-02;1.517085e-02;4.524228e-02;2.232690e-01;5.110329e-02;4.896208e-02;3.529769e-02;1.025540e-01;3.718395e-01;1.584082e-02
1.799223e-02;2.313031e-02;6.723934e-02;1.680569e-02;4.778962e-02;2.381807e-01;4.658923e-02;4.470345e-02;2.843495e-02;9.229165e-02;3.670556e-01;9.787207e-03
1.824976e-02;1.675736e-02;9.930340e-02;1.068273e-02;3.228723e-02;2.929029e-01;5.532127e-02;2.062817e-02;2.534626e-02;5.994188e-02;3.506848e-01;1.789428e-02
1.658732e-02;1.850726e-02;1.152847e-01;8.566820e-03;3.377936e-02;3.191664e-01;6.881900e-02;1.106887e-02;2.316541e-02;4.390666e-02;2.994082e-01;4.173987e-02
2.701625e-02;2.538987e-02;1.299802e-01;9.474763e-03;3.076709e-02;3.196525e-01;9.770968e-02;2.729046e-02;1.730080e-02;2.899670e-02;2.477029e-01;3.871885e-02
4.540317e-02;3.237024e-02;1.193865e-01;3.813918e-02;2.354055e-02;2.584214e-01;1.788152e-01;3.491703e-02;2.940723e-02;2.583696e-02;1.359598e-01;7.780262e-02
3.832822e-02;2.602959e-02;9.752809e-02;5.079921e-02;1.422073e-02;1.762003e-01;2.869647e-01;5.369947e-02;4.317976e-02;3.311276e-02;4.544380e-02;1.344935e-01
4.158688e-02;2.311391e-02;5.614770e-02;5.059608e-02;2.005143e-02;1.074927e-01;3.081151e-01;4.289681e-02;3.939262e-02;3.467796e-02;1.288122e-01;1.471166e-01
6.617648e-02;2.847066e-02;7.398275e-02;3.197298e-02;3.477585e-02;1.232036e-01;2.533114e-01;3.358140e-02;2.928238e-02;4.442396e-02;1.595690e-01;1.212495e-01
6.577449e-02;2.447631e-02;1.526567e-01;2.081532e-02;4.398076e-02;1.535919e-01;1.819519e-01;5.277377e-02;4.806439e-02;3.856097e-02;1.314285e-01;8.592498e-02
6.339238e-02;3.656473e-02;1.244340e-01;3.391438e-02;4.891858e-02;2.039592e-01;1.359570e-01;7.661851e-02;5.712470e-02;5.577753e-02;1.226146e-01;4.072442e-02
4.918768e-02;6.156061e-02;1.237762e-01;5.532476e-02;6.017168e-02;1.343608e-01;1.305539e-01;4.739737e-02;4.641504e-02;5.270389e-02;1.549540e-01;8.359409e-02
4.661116e-02;6.425088e-02;1.756207e-01;6.041780e-02;7.130595e-02;9.510715e-02;1.237202e-01;5.059042e-02;3.336053e-02;4.426868e-02;1.598576e-01;7.488892e-02
6.067734e-02;6.307479e-02;1.731790e-01;4.603385e-02;4.593364e-02;1.479975e-01;1.240411e-01;6.471920e-02;3.926019e-02;4.343843e-02;1.441958e-01;4.744914e-02
6.553402e-02;3.858710e-02;5.691198e-02;7.390793e-02;2.736446e-02;1.423544e-01;1.273746e-01;6.784352e-02;6.319495e-02;7.445270e-02;1.949915e-01;6.748269e-02
4.812762e-02;2.540749e-02;1.239593e-01;8.123948e-02;2.436670e-02;1.326234e-01;1.227941e-01;7.384288e-02;5.156072e-02;6.760543e-02;1.859807e-01;6.249227e-02
4.995608e-02;2.723165e-02;1.279288e-01;5.437014e-02;3.340772e-02;1.956696e-01;1.289273e-01;5.352576e-02;5.186265e-02;5.901125e-02;1.519107e-01;6.619833e-02
