4.890705e-02;8.412723e-02;8.686807e-02;7.011440e-02;9.021902e-02;1.118012e-01;1.151602e-01;1.028415e-01;9.540048e-02;8.925271e-02;5.429866e-02;5.100944e-02
5.218389e-02;1.016822e-01;1.157040e-01;5.582079e-02;6.711246e-02;1.773373e-01;1.001936e-01;9.736489e-02;8.545846e-02;6.240597e-02;5.832396e-02;2.641253e-02
5.649229e-02;9.596328e-02;9.151361e-02;5.053177e-02;8.666834e-02;1.495924e-01;1.083077e-01;1.054739e-01;1.060544e-01;6.822674e-02;4.838188e-02;3.279375e-02
1.142523e-01;1.021395e-01;7.997503e-02;4.968957e-02;8.480595e-02;9.085906e-02;1.427642e-01;8.698186e-02;8.326703e-02;6.975733e-02;3.341367e-02;6.209451e-02
1.180439e-01;1.045262e-01;8.239022e-02;7.213864e-02;6.527173e-02;7.335544e-02;1.483648e-01;7.165661e-02;7.639376e-02;7.058245e-02;5.372294e-02;6.355332e-02
8.020715e-02;8.625478e-02;8.201361e-02;8.282147e-02;8.980110e-02;1.143354e-01;1.066018e-01;8.598315e-02;8.048209e-02;8.441535e-02;5.684193e-02;5.024217e-02
6.147870e-02;6.705755e-02;1.246898e-01;1.077131e-01;1.256616e-01;1.186363e-01;7.073952e-02;8.249995e-02;8.770233e-02;7.826351e-02;2.071029e-02;5.484739e-02
8.581807e-02;5.235909e-02;1.055486e-01;1.051657e-01;1.241441e-01;1.133553e-01;1.018106e-01;4.352463e-02;1.039660e-01;6.635587e-02;4.253168e-02;5.542022e-02
7.846570e-02;4.905009e-02;7.733027e-02;1.040533e-01;1.157794e-01;9.521636e-02;8.621871e-02;5.180581e-02;1.375816e-01;1.011169e-01;4.628128e-02;5.710062e-02
6.517623e-02;4.961190e-02;7.923768e-02;1.197265e-01;1.349598e-01;6.322273e-02;7.247473e-02;8.026726e-02;1.401251e-01;1.050349e-01;2.569512e-02;6.446806e-02
6.475053e-02;3.089852e-02;1.041253e-01;1.078798e-01;1.019696e-01;6.206520e-02;6.130414e-02;1.242345e-01;1.173023e-01;1.152371e-01;5.853854e-02;5.169456e-02
7.144552e-02;2.556949e-02;1.310062e-01;9.127427e-02;7.617615e-02;9.046356e-02;6.585205e-02;9.922212e-02;8.948458e-02;1.348241e-01;6.082800e-02;6.385402e-02
6.521575e-02;6.867419e-02;1.236555e-01;8.692416e-02;8.916301e-02;9.456608e-02;1.102023e-01;6.611199e-02;6.744377e-02;1.204527e-01;3.796900e-02;6.962166e-02
6.139343e-02;1.177469e-01;1.209294e-01;1.126313e-01;7.501163e-02;9.503825e-02;8.758543e-02;5.776082e-02;6.271943e-02;1.032750e-01;4.270302e-02;6.320532e-02
6.293464e-02;9.226535e-02;1.743910e-01;9.903406e-02;6.715152e-02;9.782293e-02;6.036679e-02;6.478588e-02;8.121083e-02;1.007489e-01;5.645655e-02;4.283165e-02
8.156493e-02;8.380916e-02;1.713913e-01;8.093966e-02;8.635994e-02;7.720418e-02;6.087437e-02;5.599171e-02;1.081065e-01;1.129295e-01;4.188755e-02;3.894117e-02
8.152082e-02;9.635290e-02;1.069126e-01;1.047555e-01;1.364204e-01;5.724541e-02;6.195199e-02;6.989546e-02;9.731673e-02;1.079174e-01;3.061020e-02;4.910065e-02
7.761904e-02;1.093530e-01;9.403463e-02;8.835182e-02;1.388649e-01;6.589420e-02;5.055095e-02;9.174271e-02;7.001229e-02;7.275928e-02;9.203522e-02;4.878196e-02
6.747974e-02;7.420535e-02;7.905741e-02;1.376680e-01;1.372716e-01;6.297920e-02;6.069562e-02;8.908280e-02;6.960879e-02;6.726106e-02;7.554903e-02;7.914138e-02
6.074356e-02;6.453877e-02;8.734351e-02;1.543471e-01;1.420718e-01;5.285504e-02;6.283035e-02;7.407849e-02;6.072343e-02;8.583647e-02;5.016221e-02;1.044692e-01
7.447139e-02;9.332525e-02;9.172685e-02;1.358607e-01;1.172709e-01;7.092772e-02;4.214494e-02;5.750879e-02;6.051317e-02;7.691731e-02;9.244338e-02;8.688952e-02
7.176719e-02;8.522065e-02;1.066960e-01;1.319152e-01;8.353797e-02;5.235069e-02;8.065537e-02;6.152365e-02;7.937136e-02;6.160652e-02;1.131927e-01;7.216264e-02
6.620036e-02;5.533821e-02;8.422796e-02;1.355568e-01;8.963268e-02;9.914757e-02;1.094458e-01;7.628540e-02;8.726849e-02;4.259715e-02;8.350297e-02;7.079662e-02
5.546664e-02;6.352763e-02;1.097312e-01;1.229897e-01;6.985059e-02;1.941981e-01;9.999184e-02;6.599490e-02;7.531361e-02;3.746458e-02;4.777234e-02;5.769878e-02
4.510360e-02;7.390275e-02;1.306830e-01;1.198856e-01;6.016728e-02;2.200492e-01;7.915085e-02;8.971822e-02;7.387273e-02;4.224591e-02;2.583074e-02;3.939001e-02
3.776760e-02;8.171658e-02;1.305085e-01;1.210697e-01;3.312053e-02;2.067722e-01;6.720667e-02;1.360455e-01;8.673406e-02;4.743252e-02;2.632181e-02;2.530425e-02
4.058133e-02;6.733210e-02;1.384482e-01;4.825455e-02;7.385570e-02;8.084452e-02;1.053733e-01;1.687646e-01;1.050987e-01;4.932372e-02;4.329238e-02;7.883090e-02
4.985020e-02;7.668461e-02;1.328596e-01;9.021732e-02;9.127945e-02;8.827964e-02;1.428949e-01;7.300503e-02;6.891532e-02;7.577555e-02;6.775875e-02;4.247958e-02
3.905672e-02;7.499639e-02;1.468874e-01;8.301210e-02;1.133089e-01;9.961993e-02;1.470044e-01;7.232538e-02;5.696004e-02;9.267907e-02;5.328682e-02;2.086291e-02
3.210856e-02;6.609064e-02;1.588467e-01;7.711793e-02;1.340784e-01;9.656627e-02;1.327342e-01;7.520866e-02;4.642735e-02;9.298443e-02;6.203436e-02;2.580242e-02
3.695107e-02;5.472243e-02;1.835083e-01;6.022112e-02;1.123088e-01;6.075636e-02;1.030895e-01;8.321358e-02;7.209136e-02;7.104652e-02;1.167052e-01;4.538575e-02
7.183621e-02;7.400566e-02;1.415335e-01;4.776675e-02;1.080348e-01;1.229352e-01;6.796791e-02;5.723907e-02;9.219401e-02;3.789759e-02;1.278564e-01;5.073289e-02
1.301290e-01;7.509143e-02;7.809670e-02;2.592787e-02;2.323776e-01;1.015439e-01;5.813716e-02;4.873386e-02;8.249129e-02;2.670403e-02;1.128464e-01;2.792070e-02
1.782609e-01;1.221368e-01;4.189413e-02;2.617871e-02;2.229217e-01;5.481336e-02;6.433222e-02;3.732589e-02;1.328587e-01;2.311644e-02;8.279530e-02;1.336595e-02
2.073715e-01;1.094551e-01;6.189433e-02;3.868957e-02;1.131646e-01;4.694053e-02;6.442528e-02;9.086066e-02;1.380893e-01;1.448060e-02;7.456505e-02;4.006347e-02
1.681333e-01;1.401205e-01;8.376940e-02;4.601435e-02;4.765864e-02;6.964405e-02;5.170063e-02;1.226374e-01;1.473667e-01;1.531138e-02;4.948396e-02;5.815981e-02
1.196502e-01;1.591507e-01;9.285214e-02;5.202649e-02;2.842056e-02;7.693569e-02;7.222468e-02;1.324833e-01;1.545999e-01;2.035029e-02;3.155297e-02;5.975307e-02
1.155037e-01;1.369516e-01;9.603255e-02;4.554125e-02;3.349172e-02;7.012634e-02;1.142120e-01;1.349424e-01;1.346938e-01;2.900876e-02;3.966827e-02;4.982759e-02
1.143692e-01;1.003006e-01;1.039789e-01;3.200186e-02;5.269258e-02;6.036803e-02;1.579255e-01;1.096050e-01;1.096711e-01;4.365896e-02;5.632546e-02;5.910281e-02
9.086487e-02;4.000263e-02;1.026228e-01;3.160326e-02;4.279057e-02;8.600133e-02;9.505219e-02;1.805236e-01;1.309538e-01;4.897161e-02;9.236582e-02;5.824744e-02
1.073853e-01;6.275503e-02;8.722747e-02;4.329688e-02;7.720511e-02;6.870729e-02;9.596024e-02;1.874380e-01;8.250465e-02;6.704677e-02;6.929215e-02;5.118117e-02
1.496047e-01;1.033797e-01;1.226337e-01;3.871578e-02;5.257104e-02;3.926846e-02;9.198318e-02;1.813703e-01;1.148322e-01;3.868971e-02;3.310527e-02;3.384595e-02
1.914578e-01;1.115422e-01;1.052682e-01;2.485142e-02;6.163008e-02;2.706038e-02;5.249067e-02;2.356406e-01;1.158624e-01;2.452801e-02;2.547850e-02;2.418984e-02
2.114764e-01;1.050941e-01;7.237071e-02;9.632903e-03;9.508133e-02;1.470758e-02;1.943860e-02;3.013032e-01;1.134742e-01;9.387941e-03;2.751772e-02;2.051537e-02
1.746235e-01;7.316985e-02;3.949171e-02;1.626362e-02;9.509461e-02;2.109088e-02;3.933771e-02;3.488458e-01;1.151754e-01;1.890367e-02;2.737932e-02;3.062394e-02
1.095769e-01;4.527011e-02;2.770349e-02;4.304205e-02;6.079341e-02;3.902336e-02;1.276096e-01;3.253500e-01;7.986524e-02;5.740161e-02;1.919349e-02;6.517079e-02
5.611572e-02;3.569315e-02;1.217810e-02;7.386488e-02;2.296738e-02;3.984719e-02;2.540285e-01;2.209371e-01;3.697601e-02;9.367377e-02;1.895330e-02;1.347649e-01
2.094077e-02;3.534841e-02;1.094499e-02;7.708044e-02;1.449195e-02;3.378097e-02;3.372359e-01;1.132015e-01;1.355881e-02;7.826934e-02;3.195366e-02;2.331933e-01
1.716080e-02;2.743670e-02;1.729747e-02;5.168400e-02;3.678210e-02;5.287617e-02;3.188464e-01;6.236799e-02;1.993641e-02;3.336629e-02;6.268933e-02;2.995564e-01
1.059520e-02;1.447842e-02;4.384824e-02;2.478324e-02;6.598379e-02;9.190021e-02;2.321569e-01;4.815474e-02;5.154423e-02;2.715978e-02;1.403389e-01;2.490564e-01
2.061400e-02;9.570726e-03;8.152120e-02;1.511269e-02;6.908855e-02;1.283766e-01;1.562757e-01;4.106123e-02;7.235139e-02;3.499620e-02;2.205116e-01;1.505201e-01
5.812718e-02;1.491794e-02;1.076340e-01;2.078940e-02;6.635728e-02;1.447162e-01;1.042089e-01;2.553963e-02;8.513504e-02;4.702656e-02;2.337226e-01;9.182518e-02
1.004104e-01;2.714669e-02;9.106535e-02;3.486893e-02;6.040103e-02;1.238048e-01;1.544349e-01;4.720108e-02;7.004980e-02;5.691101e-02;1.734202e-01;6.028580e-02
7.719201e-02;2.714419e-02;8.233909e-02;3.461577e-02;4.773100e-02;9.053385e-02;2.335188e-01;1.007623e-01;8.267158e-02;3.573193e-02;1.102500e-01;7.750946e-02
3.715295e-02;1.791908e-02;1.031357e-01;2.684875e-02;4.031946e-02;1.063226e-01;2.531496e-01;1.035935e-01;8.297251e-02;1.989072e-02;1.217212e-01;8.697394e-02
3.152810e-02;1.221407e-02;1.419851e-01;1.683006e-02;3.450473e-02;1.657819e-01;1.688694e-01;5.594289e-02;7.981186e-02;2.768935e-02;2.103789e-01;5.446361e-02
3.950974e-02;1.560199e-02;1.633325e-01;1.169968e-02;2.910354e-02;2.143487e-01;6.609429e-02;2.690378e-02;6.553937e-02;2.472000e-02;2.859711e-01;5.717522e-02
3.596620e-02;1.041464e-02;1.351799e-01;1.639033e-02;3.347893e-02;2.181241e-01;7.585640e-02;2.131743e-02;3.694617e-02;2.490426e-02;3.069534e-01;8.446833e-02
2.119947e-02;7.564818e-03;9.626737e-02;1.333410e-02;5.508159e-02;2.266848e-01;9.764428e-02;2.257730e-02;3.542084e-02;4.539955e-02;3.014930e-01;7.733291e-02
2.608773e-02;9.659048e-03;9.260686e-02;1.122845e-02;5.000076e-02;2.287060e-01;1.034471e-01;3.160275e-02;5.658609e-02;5.773462e-02;2.646871e-01;6.765357e-02
4.223127e-02;9.231652e-03;1.307535e-01;1.259292e-02;4.288208e-02;2.079163e-01;8.286029e-02;3.018986e-02;6.900886e-02;6.559311e-02;2.327544e-01;7.398576e-02
7.260609e-02;2.278554e-02;8.825154e-02;5.491511e-02;2.771605e-02;1.145387e-01;1.898895e-01;4.619141e-02;6.100582e-02;4.619621e-02;1.435934e-01;1.323106e-01
1.222177e-01;2.513215e-02;4.229561e-02;1.341047e-01;1.402303e-02;4.735328e-02;2.956806e-01;4.962333e-02;2.585792e-02;2.113565e-02;4.844854e-02;1.741275e-01
1.370794e-01;2.612136e-02;2.356876e-02;1.838190e-01;1.344175e-02;2.648494e-02;3.167771e-01;5.135251e-02;5.833280e-03;1.934479e-02;2.391341e-02;1.722637e-01
1.123889e-01;2.420789e-02;1.986519e-02;2.059190e-01;1.090286e-02;3.223845e-02;3.107323e-01;4.841006e-02;8.168992e-03;1.777465e-02;3.044927e-02;1.789424e-01
7.740184e-02;1.921411e-02;4.498153e-02;1.929097e-01;8.526111e-03;4.173262e-02;3.082916e-01;4.057134e-02;6.043815e-03;1.280274e-02;4.220905e-02;2.053155e-01
5.780977e-02;1.365741e-02;8.643381e-02;1.409827e-01;8.258278e-03;5.169252e-02;2.966908e-01;2.756089e-02;7.135991e-03;1.273973e-02;6.730250e-02;2.297357e-01
5.409638e-02;1.143671e-02;1.087772e-01;7.829512e-02;1.219260e-02;6.273906e-02;2.498103e-01;1.988233e-02;1.903366e-02;1.462025e-02;1.336917e-01;2.354246e-01
5.032199e-02;9.446825e-03;1.257803e-01;3.034284e-02;1.582194e-02;7.376250e-02;1.655479e-01;2.033448e-02;3.456814e-02;2.691461e-02;2.502486e-01;1.969098e-01
3.094691e-02;1.832965e-02;1.472778e-01;2.263390e-02;2.329160e-02;7.934012e-02;8.208520e-02;2.185016e-02;4.555248e-02;5.749450e-02;3.431008e-01;1.280969e-01
4.504024e-02;2.272529e-02;1.660696e-01;2.736502e-02;2.691554e-02;7.789988e-02;4.282282e-02;1.424981e-02;5.247404e-02;9.688443e-02;3.448226e-01;8.273069e-02
6.134388e-02;2.293110e-02;1.749464e-01;3.867377e-02;4.021068e-02;6.064103e-02;7.068559e-02;2.454360e-02;5.564959e-02;1.573150e-01;2.541751e-01;3.888424e-02
2.977400e-02;3.425799e-02;1.555329e-01;8.554376e-02;4.679787e-02;5.594787e-02;1.299478e-01;1.556509e-02;4.013480e-02;1.903567e-01;1.815369e-01;3.460430e-02
1.536665e-02;1.413715e-02;2.986535e-01;9.145002e-02;4.505160e-02;6.538598e-02;1.272851e-01;3.185587e-02;4.289007e-02;9.453811e-02;1.095993e-01;6.378657e-02
2.233502e-02;1.374440e-02;3.407957e-01;5.904951e-02;4.811892e-02;4.279639e-02;1.500303e-01;3.395196e-02;2.413493e-02;5.598852e-02;1.104738e-01;9.858058e-02
5.385584e-02;6.519692e-02;1.770334e-01;9.454109e-02;7.826313e-02;3.613519e-02;1.003283e-01;1.053931e-01;4.220315e-02;8.018991e-02;7.448027e-02;9.237961e-02
8.768418e-02;5.551527e-02;1.143520e-01;1.083169e-01;1.062930e-01;4.995870e-02;6.928415e-02;1.360745e-01;3.886314e-02;8.251300e-02;6.621228e-02;8.493282e-02
1.041467e-01;4.703275e-02;1.279466e-01;8.233683e-02;1.244213e-01;5.186428e-02;7.063749e-02;1.046067e-01;5.877200e-02;9.187140e-02;6.543821e-02;7.092579e-02
1.510696e-01;1.598300e-01;1.585059e-01;3.762649e-02;7.619478e-02;3.023360e-02;5.663773e-02;7.486384e-02;9.205763e-02;6.630550e-02;4.865315e-02;4.802170e-02
1.935509e-01;2.769827e-01;2.050325e-01;1.908238e-02;2.010199e-02;1.865873e-02;3.081691e-02;4.181851e-02;1.080851e-01;2.893725e-02;2.620722e-02;3.072582e-02
1.630050e-01;3.183515e-01;2.693058e-01;1.668383e-02;9.550120e-03;3.124592e-02;1.919275e-02;2.211902e-02;1.005038e-01;1.531425e-02;1.611181e-02;1.861615e-02
9.784582e-02;2.908347e-01;3.242302e-01;2.400880e-02;1.003376e-02;4.652024e-02;4.345568e-02;1.771086e-02;9.650796e-02;2.413649e-02;1.086156e-02;1.385394e-02
4.088855e-02;2.084228e-01;3.534260e-01;2.288438e-02;5.951166e-03;4.836510e-02;7.171804e-02;4.697772e-02;8.946887e-02;8.214634e-02;1.245748e-02;1.729355e-02
3.011474e-02;1.286054e-01;3.785477e-01;1.422574e-02;8.568752e-03;3.176453e-02;4.843498e-02;6.706598e-02;6.936853e-02;1.763789e-01;2.541862e-02;2.150613e-02
7.022191e-02;7.003104e-02;3.982920e-01;1.116742e-02;2.436147e-02;1.330785e-02;2.720833e-02;4.653958e-02;3.918120e-02;2.552263e-01;3.364060e-02;1.082229e-02
1.109958e-01;2.807221e-02;4.130087e-01;1.676750e-02;4.293907e-02;5.914547e-03;4.651840e-02;1.590587e-02;1.102842e-02;2.796436e-01;2.440820e-02;4.797721e-03
9.586710e-02;4.463711e-02;3.807594e-01;2.067875e-02;4.990222e-02;8.974541e-03;5.200982e-02;1.507659e-02;4.292352e-02;2.580579e-01;1.816831e-02;1.294469e-02
7.650185e-02;8.667917e-02;2.955933e-01;2.857936e-02;4.955269e-02;1.867562e-02;5.409232e-02;3.699266e-02;8.324815e-02;2.031238e-01;3.363221e-02;3.332887e-02
6.832883e-02;1.033211e-01;1.764076e-01;2.641449e-02;4.929342e-02;3.342113e-02;5.290276e-02;6.270950e-02;1.208853e-01;1.935865e-01;6.442549e-02;4.830395e-02
3.379798e-02;7.421641e-02;2.051831e-01;4.306041e-02;3.978008e-02;3.219864e-02;3.936217e-02;6.519958e-02;1.376762e-01;2.353613e-01;5.607354e-02;3.809061e-02
2.191962e-02;7.413455e-02;2.041765e-01;3.071961e-02;2.139789e-02;2.989848e-02;3.094150e-02;7.787396e-02;1.515607e-01;2.775036e-01;3.651967e-02;4.335390e-02
9.687161e-03;9.979147e-02;2.014773e-01;1.589676e-02;8.819683e-03;5.559170e-02;1.789388e-02;9.031750e-02;1.950950e-01;2.208068e-01;9.631375e-03;7.499140e-02
1.719560e-02;1.502680e-01;1.691142e-01;2.482856e-02;1.110371e-02;8.696321e-02;1.525442e-02;7.586054e-02;2.434270e-01;1.030790e-01;7.706275e-03;9.519949e-02
3.619409e-02;1.560892e-01;1.686296e-01;3.352891e-02;2.614789e-02;8.175743e-02;3.352657e-02;6.213541e-02;2.293157e-01;6.540181e-02;2.146002e-02;8.581327e-02
6.390923e-02;1.583496e-01;1.668836e-01;5.206173e-02;3.832103e-02;7.473963e-02;4.655453e-02;6.402334e-02;1.766327e-01;6.411722e-02;3.533814e-02;5.906925e-02
9.052931e-02;1.994411e-01;1.653645e-01;6.897497e-02;3.674886e-02;7.658576e-02;5.038781e-02;7.036006e-02;1.281183e-01;4.760711e-02;3.142583e-02;3.445628e-02
1.013876e-01;2.106986e-01;1.910179e-01;7.666287e-02;3.662126e-02;7.586631e-02;5.151145e-02;1.009211e-01;4.028627e-02;4.686087e-02;3.317666e-02;3.498913e-02
4.293624e-02;1.055383e-01;1.127842e-01;6.192855e-02;7.471997e-02;8.759791e-02;5.391502e-02;8.800389e-02;1.548878e-01;9.468305e-02;4.695056e-02;7.605459e-02
8.224966e-02;1.010605e-01;5.746249e-02;5.209670e-02;6.521452e-02;8.242301e-02;8.736122e-02;1.264885e-01;1.247723e-01;9.990495e-02;4.594829e-02;7.501778e-02
1.116192e-01;1.261494e-01;1.122571e-01;6.934509e-02;8.518045e-02;5.530271e-02;1.065539e-01;7.750396e-02;6.551458e-02;7.086089e-02;7.541204e-02;4.430066e-02
1.032063e-01;1.148916e-01;1.553860e-01;6.901540e-02;1.030223e-01;6.374210e-02;9.081529e-02;5.735865e-02;5.888684e-02;6.755803e-02;6.590843e-02;5.020900e-02
7.937255e-02;9.310900e-02;2.070400e-01;1.063323e-01;8.693749e-02;5.383834e-02;6.021203e-02;4.948248e-02;6.071465e-02;8.865761e-02;6.661710e-02;4.768646e-02
5.343898e-02;1.715270e-01;2.191624e-01;9.012296e-02;4.932599e-02;5.112927e-02;4.145828e-02;2.450960e-02;1.199389e-01;7.594110e-02;5.812302e-02;4.532259e-02
4.940127e-02;2.502107e-01;1.675972e-01;6.313031e-02;1.976497e-02;5.776340e-02;1.951651e-02;3.000201e-02;2.162487e-01;5.330919e-02;3.981217e-02;3.324372e-02
1.222011e-01;2.190188e-01;8.933468e-02;3.739516e-02;5.171797e-02;4.732760e-02;2.512290e-02;8.556359e-02;2.102494e-01;2.476234e-02;6.232493e-02;2.498161e-02
2.121366e-01;1.186956e-01;7.890976e-02;2.661577e-02;9.826928e-02;2.728195e-02;4.714195e-02;1.547652e-01;1.295761e-01;1.311296e-02;7.851925e-02;1.497551e-02
2.550225e-01;4.257949e-02;8.997655e-02;2.524285e-02;1.110729e-01;3.220843e-02;9.696094e-02;1.805270e-01;5.624289e-02;2.372369e-02;6.487647e-02;2.156638e-02
2.157414e-01;1.792947e-02;9.288432e-02;3.591850e-02;7.463756e-02;7.121298e-02;1.538252e-01;1.469701e-01;3.182608e-02;5.387082e-02;4.362981e-02;6.155379e-02
1.369145e-01;2.138247e-02;7.227965e-02;6.486259e-02;2.676925e-02;9.876973e-02;1.816590e-01;1.074150e-01;3.268304e-02;9.002887e-02;4.080188e-02;1.264341e-01
1.004193e-01;2.469978e-02;4.150285e-02;8.337605e-02;3.784851e-02;7.971326e-02;1.708063e-01;1.108864e-01;4.719809e-02;9.732805e-02;5.576165e-02;1.504598e-01
6.162905e-02;2.637770e-02;6.142125e-02;5.814357e-02;9.585201e-02;6.991739e-02;1.695153e-01;9.270921e-02;5.260231e-02;8.903839e-02;1.096402e-01;1.131535e-01
5.780724e-02;3.621002e-02;9.258986e-02;2.642449e-02;1.505698e-01;7.977047e-02;1.254135e-01;7.318843e-02;3.696433e-02;6.569976e-02;1.549152e-01;1.004469e-01
4.875630e-02;2.944807e-02;1.009554e-01;1.975915e-02;1.701253e-01;8.393164e-02;7.546302e-02;9.881701e-02;5.749509e-02;5.298553e-02;1.564525e-01;1.058110e-01
3.298884e-02;1.958104e-02;8.123267e-02;3.041058e-02;1.920114e-01;6.477057e-02;7.996228e-02;1.649311e-01;6.808425e-02;4.684587e-02;1.276448e-01;9.153665e-02
4.068085e-02;1.155894e-02;4.999708e-02;2.229456e-02;2.287119e-01;4.754753e-02;8.653331e-02;1.846489e-01;9.732479e-02;5.019701e-02;1.009955e-01;7.950950e-02
5.619987e-02;1.247601e-02;4.957943e-02;1.118037e-02;2.460773e-01;5.822604e-02;6.917877e-02;1.445499e-01;1.288261e-01;4.945586e-02;9.688345e-02;7.736674e-02
5.141413e-02;5.462942e-03;4.078569e-02;9.577442e-03;2.904326e-01;5.156390e-02;5.780320e-02;1.338898e-01;1.326185e-01;4.032967e-02;1.043476e-01;8.177459e-02
3.165892e-02;7.839708e-03;4.982430e-02;1.475508e-02;3.346701e-01;4.525386e-02;5.610635e-02;1.266030e-01;1.075154e-01;3.687934e-02;1.128534e-01;7.604054e-02
2.037037e-02;8.176838e-03;8.321042e-02;2.728988e-02;2.812070e-01;5.543902e-02;6.741299e-02;9.898806e-02;1.010555e-01;5.518277e-02;1.388135e-01;6.285362e-02
3.806385e-02;1.462926e-02;1.051778e-01;7.371213e-02;1.396364e-01;7.523590e-02;8.659095e-02;5.594019e-02;9.739576e-02;8.648639e-02;1.783393e-01;4.879203e-02
2.802106e-02;1.775834e-02;9.338348e-02;1.415035e-01;7.002417e-02;9.041051e-02;9.320198e-02;3.455885e-02;5.762922e-02;1.222075e-01;2.093490e-01;4.195248e-02
6.974356e-03;3.219626e-02;7.368135e-02;1.534286e-01;7.688327e-02;9.484641e-02;7.201599e-02;4.930048e-02;3.614544e-02;1.553528e-01;2.104023e-01;3.877271e-02
2.112814e-02;4.350495e-02;6.245442e-02;1.117034e-01;1.118961e-01;8.277356e-02;3.910549e-02;5.399537e-02;4.530102e-02;1.952958e-01;1.971527e-01;3.568904e-02
4.930070e-02;5.195557e-02;8.666419e-02;5.543411e-02;1.116501e-01;5.303639e-02;3.211565e-02;6.928362e-02;6.297714e-02;2.058495e-01;1.843081e-01;3.742485e-02
5.817166e-02;6.469946e-02;8.448781e-02;7.500787e-02;8.135763e-02;4.315576e-02;6.848682e-02;6.053739e-02;8.085894e-02;2.062948e-01;1.401255e-01;3.681633e-02
5.222304e-02;7.119297e-02;1.733176e-01;6.268375e-02;5.456138e-02;6.054604e-02;9.654658e-02;3.605005e-02;1.054257e-01;1.812706e-01;6.323641e-02;4.294588e-02
5.026899e-02;5.524833e-02;2.602061e-01;5.659967e-02;7.261002e-02;8.406168e-02;8.239700e-02;5.032254e-02;1.004472e-01;1.118989e-01;3.073382e-02;4.520575e-02
4.652574e-02;6.905265e-02;2.522046e-01;5.629600e-02;8.428926e-02;8.174029e-02;1.747156e-01;4.384519e-02;5.313885e-02;9.822394e-02;2.414168e-02;1.582625e-02
5.982552e-02;8.886936e-02;2.251593e-01;4.523710e-02;7.055268e-02;8.709156e-02;1.733855e-01;3.895902e-02;7.083058e-02;1.063072e-01;1.661317e-02;1.716898e-02
6.868973e-02;1.311651e-01;2.066945e-01;4.217772e-02;4.996806e-02;9.939430e-02;1.323058e-01;3.858116e-02;9.854444e-02;1.058589e-01;1.278425e-02;1.383597e-02
6.998478e-02;1.978698e-01;2.246882e-01;4.232963e-02;2.766912e-02;9.785812e-02;8.188635e-02;2.902859e-02;1.331170e-01;7.897988e-02;9.079255e-03;7.509340e-03
5.609457e-02;2.247047e-01;3.200392e-01;4.584530e-02;9.033613e-03;1.015150e-01;2.829531e-02;2.234034e-02;1.443972e-01;3.395152e-02;5.092204e-03;8.690956e-03
4.399843e-02;1.724226e-01;3.999232e-01;3.988768e-02;1.822275e-02;1.002605e-01;1.806058e-02;4.044024e-02;1.027868e-01;4.554313e-02;4.417965e-03;1.403615e-02
2.816690e-02;1.045774e-01;4.435515e-01;3.433993e-02;4.858524e-02;6.311201e-02;5.047461e-02;4.048776e-02;5.479644e-02;1.023382e-01;1.846165e-02;1.110832e-02
1.780527e-02;5.291130e-02;3.812473e-01;8.690029e-02;7.288154e-02;4.450724e-02;7.570582e-02;2.586208e-02;4.243368e-02;1.215648e-01;6.535380e-02;1.282686e-02
1.344072e-02;3.846585e-02;2.316625e-01;1.807863e-01;9.184536e-02;7.140601e-02;5.099477e-02;4.191352e-02;3.820380e-02;8.016321e-02;1.106995e-01;5.041841e-02
1.984034e-02;2.853662e-02;1.165791e-01;1.871797e-01;1.700025e-01;8.341376e-02;4.053488e-02;3.542713e-02;4.423891e-02;5.278214e-02;9.116907e-02;1.302958e-01
6.382758e-02;4.161115e-02;8.800523e-02;1.059258e-01;2.090805e-01;9.988281e-02;9.194192e-02;2.341575e-02;5.278150e-02;3.774599e-02;3.176416e-02;1.540176e-01
9.859359e-02;5.814094e-02;1.067017e-01;7.223280e-02;1.575943e-01;1.256079e-01;1.385105e-01;3.944016e-02;4.306274e-02;4.112242e-02;9.629398e-03;1.093637e-01
1.025875e-01;5.355121e-02;1.299261e-01;6.765133e-02;1.129851e-01;1.378933e-01;1.517671e-01;5.742155e-02;4.113783e-02;4.678167e-02;1.524654e-02;8.305069e-02
6.237572e-02;4.212846e-02;1.644502e-01;6.196434e-02;1.130455e-01;1.143959e-01;1.454399e-01;8.408906e-02;3.589066e-02;6.579131e-02;3.798807e-02;7.244074e-02
4.705288e-02;3.880123e-02;1.617797e-01;1.040183e-01;1.574430e-01;9.494685e-02;1.081983e-01;7.548977e-02;4.647923e-02;7.104804e-02;2.336884e-02;7.137380e-02
4.292040e-02;3.528732e-02;1.356245e-01;8.569966e-02;1.470740e-01;1.373905e-01;1.090128e-01;8.027755e-02;4.020010e-02;6.565703e-02;4.284560e-02;7.801048e-02
6.373997e-02;5.006630e-02;1.417577e-01;7.163565e-02;1.425995e-01;9.612808e-02;1.950863e-01;5.998483e-02;3.199163e-02;5.526939e-02;3.364185e-02;5.809888e-02
6.763541e-02;9.513318e-02;1.527300e-01;7.440094e-02;9.746743e-02;6.949381e-02;1.513669e-01;8.048676e-02;8.700002e-02;4.755474e-02;2.315085e-02;5.358003e-02
6.532393e-02;7.849441e-02;1.597391e-01;8.753352e-02;9.738690e-02;5.430958e-02;1.539367e-01;9.331437e-02;7.041989e-02;6.042982e-02;1.866530e-02;6.044638e-02
4.711845e-02;7.151436e-02;1.166512e-01;4.320306e-02;8.510708e-02;8.610646e-02;3.147664e-01;7.974961e-02;4.312239e-02;5.243370e-02;2.747682e-02;3.275042e-02
8.083077e-02;6.652638e-02;5.104804e-02;4.184315e-02;7.923848e-02;1.333260e-01;3.424930e-01;6.752265e-02;3.635219e-02;4.762407e-02;2.991397e-02;2.328124e-02
1.003830e-01;5.423072e-02;1.727691e-02;7.518949e-02;9.635080e-02;1.922738e-01;3.200992e-01;4.569508e-02;2.160522e-02;4.067589e-02;2.260605e-02;1.361380e-02
9.973518e-02;2.654299e-02;4.622876e-02;9.917943e-02;1.559420e-01;2.387637e-01;2.316307e-01;2.482023e-02;1.989227e-02;2.741424e-02;1.093257e-02;1.891800e-02
5.815143e-02;7.914016e-03;9.356824e-02;8.612081e-02;2.459801e-01;2.057304e-01;1.719909e-01;1.600154e-02;4.732447e-02;1.219121e-02;2.694583e-03;5.233224e-02
2.186702e-02;1.123379e-02;1.729728e-01;8.589333e-02;2.544458e-01;1.154963e-01;1.684182e-01;2.605888e-02;5.077358e-02;1.016770e-02;1.644450e-02;6.622817e-02
1.031056e-02;2.230926e-02;3.285675e-01;1.102110e-01;1.724780e-01;6.073440e-02;1.090341e-01;5.857893e-02;3.254778e-02;1.229222e-02;3.903381e-02;4.390233e-02
1.310809e-02;3.820755e-02;5.163451e-01;8.527719e-02;8.871227e-02;3.982970e-02;5.485452e-02;5.728983e-02;2.972158e-02;1.948461e-02;4.241962e-02;1.474992e-02
2.494367e-02;7.763503e-02;5.879642e-01;6.289989e-02;5.558385e-02;2.592940e-02;4.714424e-02;3.116360e-02;3.602570e-02;2.550797e-02;1.851795e-02;6.684433e-03
5.077359e-02;1.194303e-01;5.061002e-01;9.483746e-02;3.202395e-02;3.430862e-02;3.050021e-02;3.138453e-02;4.377333e-02;2.763594e-02;1.348233e-02;1.574954e-02
7.121202e-02;1.279274e-01;3.761585e-01;1.045415e-01;3.873672e-02;2.885750e-02;6.500947e-02;4.390985e-02;6.011856e-02;3.831014e-02;2.334732e-02;2.187109e-02
6.006629e-02;1.251494e-01;3.077292e-01;1.136520e-01;3.176722e-02;3.304012e-02;8.763584e-02;6.183140e-02;6.777149e-02;4.589371e-02;2.723542e-02;3.822795e-02
5.997595e-02;9.139144e-02;2.582574e-01;1.129161e-01;4.466414e-02;4.047947e-02;1.026150e-01;6.213656e-02;6.959311e-02;5.766851e-02;3.220873e-02;6.809360e-02
8.037277e-02;1.144943e-01;1.594067e-01;6.635517e-02;9.288885e-02;6.590525e-02;1.096443e-01;4.796480e-02;7.576706e-02;9.343033e-02;2.932953e-02;6.444091e-02
8.385623e-02;1.025110e-01;1.749642e-01;8.439052e-02;8.943587e-02;5.901694e-02;7.573862e-02;5.679621e-02;6.651155e-02;9.744357e-02;5.122702e-02;5.810831e-02
8.531914e-02;8.193264e-02;1.369549e-01;9.044182e-02;8.669325e-02;6.861734e-02;9.337218e-02;6.917892e-02;5.624391e-02;8.222568e-02;5.825587e-02;9.076429e-02
6.896380e-02;1.058709e-01;9.999580e-02;7.902274e-02;1.096206e-01;8.401419e-02;1.178809e-01;8.004919e-02;4.402460e-02;7.409799e-02;5.252431e-02;8.393504e-02
8.737639e-02;8.968426e-02;1.110013e-01;7.713954e-02;1.140361e-01;6.828865e-02;1.352097e-01;8.417829e-02;4.204711e-02;6.845385e-02;3.425569e-02;8.832913e-02
8.553238e-02;7.534079e-02;1.785506e-01;6.214463e-02;8.749188e-02;7.529883e-02;1.076885e-01;6.740817e-02;5.862410e-02;5.511303e-02;6.448835e-02;8.231876e-02
5.680310e-02;4.583860e-02;2.512840e-01;8.176728e-02;9.125813e-02;6.664915e-02;9.614784e-02;4.685869e-02;4.126513e-02;5.102985e-02;9.397279e-02;7.712541e-02
5.057754e-02;2.692906e-02;2.620437e-01;1.200714e-01;8.547460e-02;5.103107e-02;8.668537e-02;3.151967e-02;2.500428e-02;4.471124e-02;1.578158e-01;5.813627e-02
3.586565e-02;2.182613e-02;2.839389e-01;1.644201e-01;6.303690e-02;3.247430e-02;4.147013e-02;2.020815e-02;1.922527e-02;5.085134e-02;2.449056e-01;2.177745e-02
2.158904e-02;1.566655e-02;2.857011e-01;1.653571e-01;5.147003e-02;1.888587e-02;2.926759e-02;1.583285e-02;1.684353e-02;1.135250e-01;2.479028e-01;1.795860e-02
2.830115e-02;1.958568e-02;3.372663e-01;9.688880e-02;5.702132e-02;1.174692e-02;3.920104e-02;1.116871e-02;3.109292e-02;2.210183e-01;1.357320e-01;1.097693e-02
2.470501e-02;3.291862e-02;3.911912e-01;3.704749e-02;7.078361e-02;8.441240e-03;4.329784e-02;1.673044e-02;6.383069e-02;2.623590e-01;3.913476e-02;9.560101e-03
1.184797e-02;6.338414e-02;4.109492e-01;1.439711e-02;7.285814e-02;1.168582e-02;3.220435e-02;2.800336e-02;1.086459e-01;2.292460e-01;7.521164e-03;9.256802e-03
2.849785e-02;1.310367e-01;3.982885e-01;1.394664e-02;4.155083e-02;1.384895e-02;1.536709e-02;4.625600e-02;1.384216e-01;1.580615e-01;3.812045e-03;1.091236e-02
3.183768e-02;1.571053e-01;4.162988e-01;1.728657e-02;6.273334e-02;1.812935e-02;2.180337e-02;4.292976e-02;1.010166e-01;1.132513e-01;5.198568e-03;1.240932e-02
2.484636e-02;1.415290e-01;4.638571e-01;2.652750e-02;9.105286e-02;2.249295e-02;3.539861e-02;2.565627e-02;4.948910e-02;1.022002e-01;7.746114e-03;9.203813e-03
4.733205e-02;1.235438e-01;4.137999e-01;8.574771e-02;9.851481e-02;3.410545e-02;4.105194e-02;2.166061e-02;2.876645e-02;7.169291e-02;2.509932e-02;8.685037e-03
5.819077e-02;1.299034e-01;3.119186e-01;1.630448e-01;8.825520e-02;5.120242e-02;3.381457e-02;3.840293e-02;2.791886e-02;3.969315e-02;4.324288e-02;1.441240e-02
4.896060e-02;1.719899e-01;1.826452e-01;2.121672e-01;9.548007e-02;6.132476e-02;2.553144e-02;5.447952e-02;2.958950e-02;4.037907e-02;5.295502e-02;2.449772e-02
1.799915e-02;2.432950e-01;1.285017e-01;1.515282e-01;1.404089e-01;5.375364e-02;3.046339e-02;3.764923e-02;2.346724e-02;7.612088e-02;4.206739e-02;5.474529e-02
1.468210e-02;2.482414e-01;1.376230e-01;9.281266e-02;1.820894e-01;4.745258e-02;2.142177e-02;1.856154e-02;2.019177e-02;6.811579e-02;6.166521e-02;8.714282e-02
1.467227e-02;1.520531e-01;1.503555e-01;9.201897e-02;1.647799e-01;6.307195e-02;5.467734e-02;1.785824e-02;1.782848e-02;5.459768e-02;1.046014e-01;1.134853e-01
1.339098e-02;6.477156e-02;2.005417e-01;9.731610e-02;1.466920e-01;6.570903e-02;1.195294e-01;2.592644e-02;1.478088e-02;4.561376e-02;9.903234e-02;1.066958e-01
2.323104e-02;3.611965e-02;2.591254e-01;1.007260e-01;1.244462e-01;5.247916e-02;1.523965e-01;3.973698e-02;2.161502e-02;3.521960e-02;7.115930e-02;8.374507e-02
3.996949e-02;4.272983e-02;3.047055e-01;9.730254e-02;9.707972e-02;4.134108e-02;1.563715e-01;5.287387e-02;2.117303e-02;3.351455e-02;6.438508e-02;4.855385e-02
4.505288e-02;6.223397e-02;2.926515e-01;1.436166e-01;1.073990e-01;8.036143e-02;6.632163e-02;5.611616e-02;3.234026e-02;3.618183e-02;4.432622e-02;3.339839e-02
8.851820e-02;9.158123e-02;1.392856e-01;6.195337e-02;6.800086e-02;7.056829e-02;1.323368e-01;8.002945e-02;7.844634e-02;5.742662e-02;6.283414e-02;6.901920e-02
8.633654e-02;4.981838e-02;1.315962e-01;4.297036e-02;5.998439e-02;5.206489e-02;1.485718e-01;8.965486e-02;1.045265e-01;5.956159e-02;8.387805e-02;9.103644e-02
8.207798e-02;6.175358e-02;1.318699e-01;5.095048e-02;6.452075e-02;4.664325e-02;1.294601e-01;8.168720e-02;1.093457e-01;6.196533e-02;8.967203e-02;9.005371e-02
7.841063e-02;7.649609e-02;1.357402e-01;5.631477e-02;6.570749e-02;3.831749e-02;1.142886e-01;7.017118e-02;1.160984e-01;6.180087e-02;1.008459e-01;8.580842e-02
6.663944e-02;8.287124e-02;1.204993e-01;5.696769e-02;6.156892e-02;4.549646e-02;1.436499e-01;3.698151e-02;1.293326e-01;6.535515e-02;1.120773e-01;7.856049e-02
5.447038e-02;4.774985e-02;7.076412e-02;3.276634e-02;1.089994e-01;8.838790e-02;1.975554e-01;3.592669e-02;1.263124e-01;5.690808e-02;8.313915e-02;9.702025e-02
6.009093e-02;2.728496e-02;1.020389e-01;6.059089e-02;1.736573e-01;8.735015e-02;1.286717e-01;3.632583e-02;7.366359e-02;3.188301e-02;5.898077e-02;1.594619e-01
5.017989e-02;4.277801e-02;1.211310e-01;1.025571e-01;1.594324e-01;7.227135e-02;7.387149e-02;3.633578e-02;5.353735e-02;2.947014e-02;9.696884e-02;1.614667e-01
6.337471e-02;5.459958e-02;1.077643e-01;1.054040e-01;1.059591e-01;7.116996e-02;1.387189e-01;4.289858e-02;4.753001e-02;5.968587e-02;1.040828e-01;9.881204e-02
3.433068e-02;3.040119e-02;1.660773e-01;1.416985e-01;1.011432e-01;6.811684e-02;9.584258e-02;6.924826e-02;3.876579e-02;6.105842e-02;1.368095e-01;5.650775e-02
2.545653e-02;2.855130e-02;2.563042e-01;1.543614e-01;7.974361e-02;5.114363e-02;6.520703e-02;6.273798e-02;3.130247e-02;6.495810e-02;1.482301e-01;3.200366e-02
3.689914e-02;5.065139e-02;3.566948e-01;1.105990e-01;4.409943e-02;3.586253e-02;8.950479e-02;3.550658e-02;1.911536e-02;9.756856e-02;1.082564e-01;1.524203e-02
5.771678e-02;1.061551e-01;3.621704e-01;5.657594e-02;2.810039e-02;5.909123e-02;9.936120e-02;2.339513e-02;3.138835e-02;1.013640e-01;5.727125e-02;1.741012e-02
7.142987e-02;1.912595e-01;2.408207e-01;3.355341e-02;2.959831e-02;1.190410e-01;6.199990e-02;2.884163e-02;9.335145e-02;6.968211e-02;3.324862e-02;2.717350e-02
6.565686e-02;1.760128e-01;2.559357e-01;3.014284e-02;3.916086e-02;1.373158e-01;4.173863e-02;2.324867e-02;1.186402e-01;4.577438e-02;2.065702e-02;4.571620e-02
3.094974e-02;1.532425e-01;3.112513e-01;3.688961e-02;2.625153e-02;1.693934e-01;2.574008e-02;1.209182e-02;1.285704e-01;3.497820e-02;1.693077e-02;5.371060e-02
3.170658e-02;1.538079e-01;2.788566e-01;4.402498e-02;2.337376e-02;1.495581e-01;1.467427e-02;1.536484e-02;1.894306e-01;2.526561e-02;3.108817e-02;4.284859e-02
2.911108e-02;1.409139e-01;2.430301e-01;4.695778e-02;2.597988e-02;9.334225e-02;1.696518e-02;2.467634e-02;2.369819e-01;7.628731e-02;3.926910e-02;2.648519e-02
3.664711e-02;1.574359e-01;1.886536e-01;3.171239e-02;2.556919e-02;1.408934e-01;1.594337e-02;2.662376e-02;2.302560e-01;8.724599e-02;3.405605e-02;2.496327e-02
2.515097e-02;1.677731e-01;2.073561e-01;2.216056e-02;1.256188e-02;1.791187e-01;1.728808e-02;2.708201e-02;2.106304e-01;7.327153e-02;2.005324e-02;3.755340e-02
1.458253e-02;1.571311e-01;2.262866e-01;1.044989e-02;6.563613e-03;1.874201e-01;2.665777e-02;4.010414e-02;1.730730e-01;8.564010e-02;1.397030e-02;5.812093e-02
1.352326e-02;1.199275e-01;1.908306e-01;1.138907e-02;1.166247e-02;1.574150e-01;4.425854e-02;5.397459e-02;1.323086e-01;1.795063e-01;1.574223e-02;6.946194e-02
1.613340e-02;7.116917e-02;2.516169e-01;1.418868e-02;1.583635e-02;9.788953e-02;5.513976e-02;5.111915e-02;9.950767e-02;2.605770e-01;1.866902e-02;4.815347e-02
2.316230e-02;6.687567e-02;3.384509e-01;1.731080e-02;1.780305e-02;5.454891e-02;5.938359e-02;2.891368e-02;1.009675e-01;2.481817e-01;1.890807e-02;2.549383e-02
4.192215e-02;9.553305e-02;3.568613e-01;2.240044e-02;1.458978e-02;5.308839e-02;4.357366e-02;2.124348e-02;1.289484e-01;1.815051e-01;2.135065e-02;1.898356e-02
6.436914e-02;1.085641e-01;3.081580e-01;3.035658e-02;3.656724e-02;5.509703e-02;3.730256e-02;4.395045e-02;1.354554e-01;1.205593e-01;3.304419e-02;2.657600e-02
6.813986e-02;6.901751e-02;2.572422e-01;4.070194e-02;6.845577e-02;7.590800e-02;5.677405e-02;5.943805e-02;9.699602e-02;1.141773e-01;4.692814e-02;4.622120e-02
6.213279e-02;4.816852e-02;1.986690e-01;3.193446e-02;6.157517e-02;8.597358e-02;1.151062e-01;3.286413e-02;9.745782e-02;1.595382e-01;5.646452e-02;5.011552e-02
6.070802e-02;8.424330e-02;1.079518e-01;9.223262e-02;5.220075e-02;4.131460e-02;1.376419e-01;6.053489e-02;9.975168e-02;9.020039e-02;6.177792e-02;1.114421e-01
6.520532e-02;7.339523e-02;1.482448e-01;1.280640e-01;7.372438e-02;5.206081e-02;6.811429e-02;4.490259e-02;5.789547e-02;7.639214e-02;8.268767e-02;1.293132e-01
6.615838e-02;5.466512e-02;1.838377e-01;1.162175e-01;8.302947e-02;5.929685e-02;7.789103e-02;4.899202e-02;4.089168e-02;6.510118e-02;9.373840e-02;1.101807e-01
7.450713e-02;6.413466e-02;1.844039e-01;7.631827e-02;1.008414e-01;6.017756e-02;8.865301e-02;7.045481e-02;5.062012e-02;5.218286e-02;1.058163e-01;7.188993e-02
9.226748e-02;4.628448e-02;1.456852e-01;7.652934e-02;1.150555e-01;3.952350e-02;1.323126e-01;6.323337e-02;1.076384e-01;3.437644e-02;5.290186e-02;9.419172e-02
7.098944e-02;6.256165e-02;2.302486e-01;1.113238e-01;8.085073e-02;3.870053e-02;7.525361e-02;5.338232e-02;7.491986e-02;6.498364e-02;6.102004e-02;7.576583e-02
5.895982e-02;4.151376e-02;3.716837e-01;8.455711e-02;4.052101e-02;3.270952e-02;4.549872e-02;3.823594e-02;4.817814e-02;1.164176e-01;8.230992e-02;3.941479e-02
7.608654e-02;2.210265e-02;4.076889e-01;7.002731e-02;3.144372e-02;1.888545e-02;5.351968e-02;2.084866e-02;3.759048e-02;1.571968e-01;8.222456e-02;2.238536e-02
7.639967e-02;2.367321e-02;3.817720e-01;6.573519e-02;2.995576e-02;1.388205e-02;6.137920e-02;1.340328e-02;3.736774e-02;2.057012e-01;7.966623e-02;1.106444e-02
5.981609e-02;3.684926e-02;4.023794e-01;3.674025e-02;3.174444e-02;9.299036e-03;6.948071e-02;1.242419e-02;5.639187e-02;2.341069e-01;4.229623e-02;8.471594e-03
4.791192e-02;5.796180e-02;4.187903e-01;1.994627e-02;3.864343e-02;7.506166e-03;6.160330e-02;1.404825e-02;8.240172e-02;2.180207e-01;1.615548e-02;1.701072e-02
4.967051e-02;9.770360e-02;4.006681e-01;2.078155e-02;4.148421e-02;1.300172e-02;4.908158e-02;1.587882e-02;9.598224e-02;1.709750e-01;9.845017e-03;3.492758e-02
5.225815e-02;1.487473e-01;3.918965e-01;2.228227e-02;3.174179e-02;3.119282e-02;4.790770e-02;1.260660e-02;9.363442e-02;1.151145e-01;9.855139e-03;4.276283e-02
4.197615e-02;1.847333e-01;4.491411e-01;4.041319e-02;2.678822e-02;4.214063e-02;3.499155e-02;1.335538e-02;8.844174e-02;3.409386e-02;1.451823e-02;2.940661e-02
9.729959e-02;2.052305e-01;4.757055e-01;3.707903e-02;1.438641e-02;2.436988e-02;2.218852e-02;9.396941e-03;6.122139e-02;2.875174e-02;9.914760e-03;1.445581e-02
1.538403e-01;2.134036e-01;4.302195e-01;2.473388e-02;1.462069e-02;8.410126e-03;4.153654e-02;1.461407e-02;4.919239e-02;2.063623e-02;1.641619e-02;1.237650e-02
1.789712e-01;1.845453e-01;3.750300e-01;1.539201e-02;1.419213e-02;1.213375e-02;5.004206e-02;1.798822e-02;7.407695e-02;3.522032e-02;2.706839e-02;1.533961e-02
1.459409e-01;1.680040e-01;3.388888e-01;1.804964e-02;1.934117e-02;1.973969e-02;6.433654e-02;3.345404e-02;9.934921e-02;5.874797e-02;2.108057e-02;1.306747e-02
1.446308e-01;1.769604e-01;3.258951e-01;1.812970e-02;1.291461e-02;1.462327e-02;5.716110e-02;3.989211e-02;1.143933e-01;7.309904e-02;1.103510e-02;1.126542e-02
1.879204e-01;1.809489e-01;2.903419e-01;1.390247e-02;1.132496e-02;9.310857e-03;7.085632e-02;4.176156e-02;9.417973e-02;7.380310e-02;1.501606e-02;1.063378e-02
2.522199e-01;1.659571e-01;2.491258e-01;7.333162e-03;2.050535e-02;4.659673e-03;7.951282e-02;5.890340e-02;5.504260e-02;6.645926e-02;2.709109e-02;1.318991e-02
3.040932e-01;1.359698e-01;2.125402e-01;6.822760e-03;3.086331e-02;3.625888e-03;5.789066e-02;1.223555e-01;3.180598e-02;4.376125e-02;3.177384e-02;1.849763e-02
3.447644e-01;1.034307e-01;1.710559e-01;7.552719e-03;2.831120e-02;6.387168e-03;3.155231e-02;1.895970e-01;4.055355e-02;1.899413e-02;2.954832e-02;2.825256e-02
3.341111e-01;6.991882e-02;1.278045e-01;8.799058e-03;1.496049e-02;1.769567e-02;3.642339e-02;1.713439e-01;1.254523e-01;2.204613e-02;2.849315e-02;4.295152e-02
3.024398e-01;4.580239e-02;9.228025e-02;9.410522e-03;6.804994e-03;2.930875e-02;5.298890e-02;1.019164e-01;2.015522e-01;6.294341e-02;2.694164e-02;6.761076e-02
2.354460e-01;3.211641e-02;7.328624e-02;3.249036e-02;1.005125e-02;2.505670e-02;1.264403e-01;8.583979e-02;1.437190e-01;1.144997e-01;2.870299e-02;9.235124e-02
1.577501e-01;2.473392e-02;5.160594e-02;4.912787e-02;3.149513e-02;1.884351e-02;2.128849e-01;1.719467e-01;5.232223e-02;8.332954e-02;3.057238e-02;1.153877e-01
1.043725e-01;2.780219e-02;3.800099e-02;4.522972e-02;9.693480e-02;3.422080e-02;1.960795e-01;2.328299e-01;2.664298e-02;4.645684e-02;3.468964e-02;1.167402e-01
5.634981e-02;2.045544e-02;6.537925e-02;4.706533e-02;1.705343e-01;4.222778e-02;1.556599e-01;1.876233e-01;5.204253e-02;4.850218e-02;4.332324e-02;1.108369e-01
3.983924e-02;1.093206e-02;1.614222e-01;4.586015e-02;1.712108e-01;5.499645e-02;1.093781e-01;9.292983e-02;1.008991e-01;6.113951e-02;6.633908e-02;8.505342e-02
5.556459e-02;1.493670e-02;2.143069e-01;3.256196e-02;1.067030e-01;9.798200e-02;5.849112e-02;3.928906e-02;9.892421e-02;8.941442e-02;1.294014e-01;6.242469e-02
6.510089e-02;4.273313e-02;1.720981e-01;5.904055e-02;6.576979e-02;1.222226e-01;5.321932e-02;2.738801e-02;8.121487e-02;8.889180e-02;1.732278e-01;4.909304e-02
4.778543e-02;1.092045e-01;1.075414e-01;6.978638e-02;9.492482e-02;1.073858e-01;4.977385e-02;6.462164e-02;6.683170e-02;9.945007e-02;1.293634e-01;5.333096e-02
3.815334e-02;1.699451e-01;6.597472e-02;5.147361e-02;1.684174e-01;5.760967e-02;3.880587e-02;8.606452e-02;6.721687e-02;1.319610e-01;5.206739e-02;7.231056e-02
7.047193e-02;1.416094e-01;7.306907e-02;5.377299e-02;2.059326e-01;4.167897e-02;6.255232e-02;5.856918e-02;7.724418e-02;1.187054e-01;2.480136e-02;7.159261e-02
1.398032e-01;7.653378e-02;9.351782e-02;1.275264e-01;1.305660e-01;2.805419e-02;9.869214e-02;3.840701e-02;9.244689e-02;7.375530e-02;5.064346e-02;5.005385e-02
1.359467e-01;7.899664e-02;1.020251e-01;1.643978e-01;6.776939e-02;3.104875e-02;8.589026e-02;5.838921e-02;8.833989e-02;6.859779e-02;5.430469e-02;6.429373e-02
6.069127e-02;1.197089e-01;8.956299e-02;1.383726e-01;1.530756e-01;2.627298e-02;6.079023e-02;8.242142e-02;4.586937e-02;7.960400e-02;5.309914e-02;9.053154e-02
7.577783e-02;1.059785e-01;8.449622e-02;8.397344e-02;1.470034e-01;3.765148e-02;6.462717e-02;8.573180e-02;2.744890e-02;7.707281e-02;8.516975e-02;1.250686e-01
9.511994e-02;8.848422e-02;7.684041e-02;1.190975e-01;8.924045e-02;4.525004e-02;8.677845e-02;6.545173e-02;3.643686e-02;6.028266e-02;1.066070e-01;1.304107e-01
8.481824e-02;1.161108e-01;6.064218e-02;1.304477e-01;6.180044e-02;5.902737e-02;1.092068e-01;4.905905e-02;7.888330e-02;4.792056e-02;1.083101e-01;9.377351e-02
1.026356e-01;1.246808e-01;8.635280e-02;7.356139e-02;6.717894e-02;6.512777e-02;9.282453e-02;4.573379e-02;8.313130e-02;8.547793e-02;7.517826e-02;9.811687e-02
9.754752e-02;8.356161e-02;6.373191e-02;4.996181e-02;5.231264e-02;7.348618e-02;7.177079e-02;5.804073e-02;9.541364e-02;1.130720e-01;1.171920e-01;1.239092e-01
