1.028561e-01;8.784956e-02;8.682235e-02;6.387547e-02;6.480279e-02;3.206792e-02;7.798727e-02;6.917585e-02;1.788570e-01;1.035641e-01;6.355295e-02;6.858862e-02
6.846635e-02;8.669299e-02;9.708218e-02;6.281856e-02;8.249976e-02;5.203887e-02;8.810730e-02;6.318737e-02;1.957154e-01;7.404256e-02;5.268884e-02;7.665984e-02
7.154926e-02;6.867025e-02;9.639216e-02;4.987113e-02;7.952851e-02;5.965586e-02;1.165857e-01;7.144402e-02;1.655076e-01;9.287733e-02;7.635608e-02;5.156210e-02
6.175578e-02;7.292074e-02;9.519089e-02;4.731044e-02;9.969994e-02;5.947086e-02;1.165920e-01;1.114154e-01;1.110378e-01;1.235045e-01;5.721600e-02;4.388557e-02
2.962629e-02;6.501175e-02;1.294202e-01;6.272194e-02;1.186930e-01;7.419511e-02;9.886302e-02;1.162153e-01;9.025335e-02;1.112470e-01;5.288869e-02;5.086435e-02
6.257801e-02;6.775279e-02;1.018855e-01;6.451425e-02;1.113687e-01;6.970604e-02;9.264342e-02;8.043549e-02;1.026333e-01;1.016661e-01;9.585220e-02;4.896413e-02
9.577904e-02;4.303029e-02;1.112470e-01;6.090287e-02;7.683661e-02;3.977887e-02;1.004439e-01;7.533105e-02;1.066618e-01;1.294353e-01;9.406360e-02;6.648954e-02
8.710688e-02;4.349395e-02;1.214868e-01;5.765541e-02;5.240932e-02;5.593766e-02;1.424188e-01;9.278332e-02;8.962867e-02;8.955726e-02;8.735929e-02;8.016259e-02
7.398339e-02;5.489112e-02;1.499149e-01;5.036550e-02;6.320853e-02;7.803832e-02;1.609063e-01;8.984229e-02;8.575922e-02;8.548424e-02;4.254540e-02;6.506082e-02
1.040088e-01;6.303439e-02;1.996834e-01;6.070494e-02;7.574553e-02;6.530686e-02;2.329620e-01;3.965377e-02;4.819829e-02;4.849169e-02;2.731939e-02;3.489094e-02
8.110712e-02;5.601278e-02;1.806917e-01;7.308167e-02;1.234055e-01;8.485660e-02;2.285988e-01;3.635072e-02;3.682978e-02;4.650152e-02;1.973675e-02;3.282702e-02
5.114468e-02;3.439799e-02;1.810710e-01;1.055209e-01;1.966521e-01;9.905995e-02;1.876999e-01;2.981027e-02;2.890667e-02;3.802733e-02;1.954062e-02;2.816863e-02
1.217184e-02;1.457828e-02;2.319625e-01;1.562632e-01;2.705582e-01;9.507629e-02;1.233648e-01;1.860357e-02;1.958564e-02;2.358121e-02;1.695405e-02;1.730045e-02
1.687935e-02;2.390289e-02;3.060400e-01;1.791164e-01;2.427434e-01;7.994020e-02;5.642162e-02;2.780348e-02;1.831027e-02;1.812448e-02;1.523671e-02;1.548118e-02
1.274049e-02;2.047928e-02;4.172915e-01;1.584969e-01;1.597143e-01;6.670831e-02;6.513457e-02;4.445301e-02;1.244501e-02;1.863166e-02;1.199649e-02;1.190847e-02
1.866434e-02;2.032781e-02;5.444452e-01;1.100084e-01;8.919252e-02;4.542707e-02;6.833719e-02;4.505237e-02;1.203178e-02;2.325238e-02;1.011913e-02;1.314181e-02
3.666837e-02;4.291904e-02;5.160235e-01;8.139835e-02;6.294478e-02;5.151803e-02;9.691642e-02;2.779039e-02;1.469777e-02;3.158956e-02;2.241621e-02;1.511761e-02
5.894769e-02;5.245338e-02;3.747214e-01;8.641930e-02;8.274250e-02;7.061902e-02;9.981034e-02;4.064324e-02;2.992899e-02;3.936778e-02;3.932586e-02;2.502052e-02
7.755277e-02;3.535687e-02;2.246076e-01;9.565286e-02;1.194686e-01;6.668552e-02;7.483768e-02;6.748567e-02;4.451656e-02;5.730068e-02;7.382126e-02;6.271397e-02
6.323349e-02;2.567650e-02;1.469255e-01;8.219466e-02;1.371616e-01;5.947898e-02;1.026404e-01;5.789222e-02;8.849666e-02;1.003393e-01;6.225725e-02;7.370338e-02
5.219652e-02;3.141273e-02;1.362691e-01;4.415527e-02;1.140325e-01;8.370239e-02;1.058744e-01;4.548741e-02;1.157980e-01;1.194263e-01;1.002097e-01;5.143568e-02
4.967336e-02;5.171467e-02;1.474592e-01;6.122532e-02;7.832841e-02;7.301756e-02;1.375729e-01;4.724661e-02;1.156303e-01;8.693466e-02;1.195643e-01;3.163278e-02
3.422258e-02;4.673117e-02;1.618685e-01;4.562868e-02;1.148890e-01;1.091949e-01;2.070068e-01;3.408951e-02;8.438428e-02;5.767160e-02;6.362582e-02;4.068727e-02
2.625126e-02;2.546380e-02;9.524624e-02;2.608107e-02;1.521970e-01;1.890619e-01;3.006048e-01;2.307604e-02;5.883620e-02;3.295902e-02;3.212959e-02;3.809309e-02
2.409832e-02;1.872342e-02;3.639905e-02;3.373484e-02;2.028549e-01;2.456947e-01;3.009692e-01;2.537148e-02;6.211216e-02;1.478157e-02;9.285976e-03;2.597436e-02
1.152146e-02;6.690387e-03;9.415329e-02;1.008741e-01;2.848598e-01;2.066099e-01;1.577173e-01;2.981080e-02;6.845474e-02;1.174321e-02;6.310896e-03;2.125404e-02
1.041076e-02;2.231380e-02;2.304697e-01;1.935083e-01;2.496078e-01;1.076082e-01;4.383983e-02;6.054025e-02;4.224442e-02;1.239430e-02;1.039754e-02;1.666497e-02
3.050997e-02;5.068703e-02;3.462776e-01;2.011643e-01;1.445081e-01;5.108412e-02;5.504675e-02;6.953062e-02;1.582706e-02;1.765111e-02;7.405186e-03;1.030816e-02
5.445746e-02;7.806391e-02;4.087373e-01;1.516939e-01;9.063586e-02;3.130731e-02;7.692431e-02;5.798951e-02;1.492025e-02;1.945493e-02;5.897066e-03;9.918213e-03
7.174125e-02;8.056687e-02;3.758176e-01;9.495837e-02;9.641427e-02;5.888339e-02;9.825364e-02;3.807127e-02;2.601466e-02;2.157499e-02;2.169503e-02;1.600872e-02
5.935777e-02;2.559099e-02;2.744975e-01;1.302071e-01;1.062828e-01;1.203294e-01;1.117141e-01;7.100731e-02;3.313783e-02;2.266001e-02;2.552730e-02;1.968796e-02
3.264298e-02;2.052774e-02;2.652286e-01;1.715404e-01;1.575516e-01;1.131288e-01;1.021610e-01;6.089966e-02;1.118541e-02;1.660866e-02;2.368968e-02;2.483551e-02
2.943680e-02;2.977431e-02;2.316822e-01;1.528436e-01;2.352648e-01;9.676499e-02;9.358303e-02;4.486979e-02;1.984163e-02;1.784619e-02;2.372583e-02;2.436687e-02
1.924270e-02;1.930310e-02;2.070220e-01;1.023927e-01;2.524470e-01;1.412028e-01;1.099837e-01;3.941597e-02;3.902820e-02;2.758426e-02;2.213861e-02;2.023895e-02
1.646057e-02;1.474451e-02;2.629155e-01;1.549748e-01;1.830412e-01;1.101405e-01;1.115049e-01;3.518857e-02;4.592757e-02;2.858054e-02;1.826238e-02;1.825892e-02
2.451754e-02;2.426004e-02;3.838904e-01;1.903567e-01;1.368318e-01;4.398673e-02;6.730419e-02;2.548332e-02;4.614414e-02;2.468513e-02;1.416190e-02;1.837810e-02
2.702331e-02;4.029675e-02;3.755715e-01;2.052040e-01;1.435967e-01;3.919027e-02;5.495960e-02;3.273599e-02;3.693711e-02;1.860454e-02;9.320320e-03;1.655986e-02
2.995572e-02;3.456876e-02;3.540073e-01;1.110007e-01;1.207882e-01;6.093232e-02;1.044479e-01;3.918317e-02;4.606543e-02;3.353757e-02;3.032306e-02;3.518988e-02
8.260024e-02;6.460269e-02;2.750394e-01;4.976948e-02;6.152140e-02;5.206404e-02;1.684202e-01;4.026370e-02;4.522065e-02;4.859871e-02;5.337501e-02;5.852452e-02
5.645699e-02;5.946773e-02;3.022656e-01;9.733815e-02;9.549078e-02;4.888908e-02;1.610764e-01;2.371400e-02;3.287941e-02;3.396391e-02;5.352627e-02;3.493168e-02
2.877956e-02;3.885937e-02;3.824978e-01;1.669964e-01;9.927711e-02;3.616392e-02;8.989096e-02;3.159054e-02;2.401145e-02;3.825209e-02;4.454067e-02;1.914010e-02
3.099411e-02;3.239210e-02;4.588729e-01;2.020908e-01;9.050491e-02;2.024117e-02;3.622891e-02;1.833635e-02;2.199158e-02;5.206606e-02;2.855061e-02;7.730523e-03
3.166939e-02;3.616334e-02;5.215645e-01;1.696275e-01;7.787126e-02;1.280997e-02;1.844078e-02;1.047288e-02;2.224277e-02;8.459016e-02;1.097567e-02;3.571789e-03
2.427365e-02;6.480262e-02;5.681197e-01;9.872214e-02;5.276433e-02;1.342156e-02;1.561157e-02;8.239422e-03;3.550564e-02;1.090022e-01;5.781734e-03;3.755387e-03
1.617437e-02;1.177289e-01;5.272163e-01;4.241829e-02;3.223808e-02;2.477593e-02;1.469324e-02;1.137453e-02;9.191774e-02;1.019092e-01;5.439070e-03;1.411441e-02
3.183807e-02;1.984364e-01;3.489597e-01;3.292170e-02;2.190081e-02;4.821816e-02;1.882874e-02;1.615595e-02;1.930548e-01;5.726234e-02;4.387583e-03;2.803571e-02
5.001584e-02;2.771448e-01;1.572722e-01;5.242521e-02;2.113123e-02;6.122369e-02;1.420562e-02;2.325124e-02;2.827612e-01;2.958671e-02;3.539038e-03;2.744318e-02
8.315251e-02;2.994147e-01;1.302099e-01;4.384347e-02;1.259246e-02;4.573017e-02;1.538349e-02;2.584117e-02;2.996587e-01;1.801887e-02;8.601048e-03;1.755348e-02
1.431720e-01;2.653669e-01;1.122131e-01;3.629247e-02;1.130300e-02;2.530012e-02;2.976751e-02;5.519542e-02;2.656859e-01;2.352515e-02;1.624909e-02;1.592940e-02
1.887869e-01;1.976684e-01;9.569185e-02;3.724169e-02;2.312189e-02;1.274938e-02;5.067705e-02;8.873735e-02;2.220805e-01;3.220050e-02;2.361835e-02;2.742611e-02
1.679002e-01;7.736533e-02;2.081837e-01;7.275569e-02;4.145767e-02;2.217584e-02;4.129695e-02;7.877556e-02;1.727679e-01;5.002264e-02;3.354801e-02;3.375047e-02
6.791205e-02;6.885046e-02;2.679935e-01;1.128339e-01;6.423414e-02;3.997348e-02;6.973889e-02;2.114305e-02;7.231950e-02;1.194394e-01;6.119587e-02;3.436581e-02
3.241152e-02;4.757989e-02;3.400567e-01;7.898922e-02;4.859849e-02;3.221604e-02;6.499685e-02;2.062131e-02;4.275915e-02;2.006646e-01;7.367472e-02;1.743154e-02
1.943949e-02;4.253583e-02;3.415041e-01;3.622036e-02;2.818178e-02;1.579361e-02;4.778344e-02;1.723626e-02;3.894866e-02;2.899725e-01;1.001323e-01;2.225183e-02
1.337755e-02;4.002232e-02;3.578392e-01;1.900475e-02;1.457305e-02;1.116569e-02;3.728391e-02;1.173721e-02;4.569241e-02;3.280299e-01;1.002844e-01;2.098970e-02
1.772194e-02;5.108161e-02;4.337638e-01;2.188012e-02;1.604730e-02;1.348705e-02;2.443348e-02;1.088498e-02;6.299010e-02;2.833369e-01;4.959365e-02;1.477903e-02
2.405523e-02;6.688190e-02;4.697780e-01;2.298735e-02;1.901928e-02;2.999313e-02;2.859871e-02;1.052937e-02;5.074902e-02;1.993230e-01;2.043317e-02;5.765186e-02
2.374469e-02;8.015113e-02;4.172104e-01;2.756513e-02;1.287961e-02;3.749862e-02;4.119499e-02;1.339768e-02;6.579944e-02;1.735443e-01;1.218090e-02;9.483320e-02
4.105108e-02;4.739708e-02;3.886121e-01;2.122420e-02;9.349101e-03;1.986417e-02;7.747804e-02;1.137447e-02;5.439439e-02;2.340033e-01;2.189064e-02;7.336138e-02
9.592061e-02;2.330641e-02;3.654678e-01;1.215223e-02;7.766357e-03;6.712501e-03;1.219562e-01;9.144028e-03;2.520172e-02;2.594867e-01;3.396866e-02;3.891671e-02
1.559756e-01;2.231116e-02;3.139711e-01;2.610791e-02;6.387784e-03;1.144187e-02;1.436765e-01;1.074333e-02;1.883005e-02;2.297075e-01;4.307232e-02;1.777485e-02
1.768347e-01;2.556434e-02;2.760052e-01;5.132492e-02;1.402059e-02;1.367099e-02;1.342468e-01;1.230264e-02;3.118760e-02;1.803331e-01;6.109087e-02;2.341828e-02
1.264955e-01;3.218888e-02;2.651413e-01;1.292131e-01;1.381879e-02;1.398924e-02;1.081098e-01;2.766170e-02;3.462223e-02;1.191013e-01;1.076506e-01;2.200749e-02
5.545879e-02;5.231988e-02;1.996254e-01;2.123998e-01;1.660640e-02;1.699478e-02;6.358586e-02;4.881162e-02;2.488069e-02;7.586659e-02;2.090325e-01;2.441774e-02
2.803344e-02;7.374526e-02;1.210285e-01;2.344272e-01;4.924472e-02;1.813624e-02;3.189566e-02;7.109203e-02;1.872391e-02;4.495385e-02;2.536077e-01;5.511149e-02
2.469425e-02;6.332645e-02;9.188621e-02;1.710905e-01;1.124705e-01;2.090495e-02;2.986069e-02;6.864793e-02;2.192910e-02;3.117086e-02;2.364558e-01;1.275627e-01
1.856274e-02;4.029699e-02;9.154345e-02;1.069987e-01;1.705077e-01;3.980323e-02;5.426858e-02;4.324818e-02;2.030398e-02;3.267118e-02;2.079112e-01;1.738841e-01
4.343115e-02;4.722425e-02;1.404115e-01;1.043691e-01;1.673388e-01;6.274651e-02;1.070712e-01;4.387658e-02;2.256398e-02;4.027429e-02;1.164010e-01;1.042917e-01
5.348822e-02;4.165221e-02;2.866012e-01;8.005823e-02;1.110039e-01;6.322183e-02;1.413602e-01;4.750849e-02;1.887645e-02;5.674277e-02;7.792266e-02;2.156392e-02
3.460138e-02;2.868500e-02;4.065326e-01;7.559571e-02;6.942319e-02;4.392582e-02;1.126568e-01;2.919666e-02;2.901924e-02;3.862216e-02;1.050069e-01;2.673450e-02
3.177188e-02;3.866317e-02;4.290432e-01;1.024035e-01;5.978284e-02;3.644688e-02;8.678388e-02;2.343822e-02;3.815668e-02;4.252765e-02;9.350601e-02;1.747613e-02
3.231446e-02;3.502302e-02;4.699946e-01;1.091890e-01;7.555436e-02;2.798751e-02;7.206416e-02;2.205930e-02;3.069798e-02;3.082656e-02;7.617224e-02;1.811688e-02
2.267958e-02;1.812107e-02;4.534808e-01;1.692706e-01;1.100167e-01;3.432555e-02;4.841115e-02;1.786701e-02;1.482477e-02;3.224042e-02;5.881488e-02;1.994744e-02
1.633643e-02;3.545048e-02;3.750907e-01;1.915950e-01;1.669488e-01;4.507531e-02;2.887596e-02;2.595867e-02;1.312636e-02;3.959208e-02;4.095035e-02;2.099990e-02
1.686939e-02;5.590909e-02;3.038163e-01;1.757168e-01;1.956188e-01;5.368789e-02;6.438653e-02;1.986712e-02;1.211057e-02;5.137970e-02;3.183923e-02;1.879852e-02
1.799043e-02;8.445060e-02;2.526506e-01;1.831350e-01;2.150431e-01;5.519015e-02;5.472117e-02;1.584760e-02;7.631439e-03;6.279222e-02;3.188526e-02;1.866248e-02
1.872174e-02;1.136730e-01;2.407008e-01;1.780334e-01;2.158276e-01;4.991266e-02;3.625692e-02;2.150371e-02;8.469227e-03;6.265479e-02;2.905846e-02;2.518765e-02
1.459433e-02;1.308101e-01;2.403923e-01;1.827101e-01;2.064473e-01;4.310999e-02;2.358168e-02;2.540126e-02;1.141801e-02;6.228670e-02;3.258852e-02;2.665974e-02
1.400117e-02;1.081300e-01;2.764039e-01;1.848297e-01;1.791736e-01;4.064058e-02;2.741499e-02;2.994904e-02;8.452823e-03;5.400267e-02;5.565751e-02;2.134405e-02
2.359303e-02;6.430714e-02;3.681746e-01;1.826689e-01;1.442776e-01;3.513082e-02;2.138860e-02;2.840442e-02;7.930970e-03;3.639033e-02;6.935531e-02;1.837827e-02
2.730697e-02;4.122683e-02;4.945596e-01;1.495441e-01;9.331977e-02;3.346356e-02;3.145281e-02;2.087201e-02;1.062357e-02;2.327630e-02;6.243971e-02;1.191474e-02
3.702923e-02;5.843057e-02;5.581106e-01;1.257883e-01;6.273051e-02;2.796714e-02;1.772555e-02;1.624331e-02;1.675584e-02;2.365261e-02;4.176974e-02;1.379655e-02
6.046084e-02;8.617690e-02;4.597437e-01;1.311684e-01;6.530805e-02;2.788037e-02;2.436198e-02;3.202384e-02;3.074382e-02;3.675651e-02;2.864253e-02;1.673300e-02
6.292177e-02;8.182420e-02;2.769896e-01;1.560982e-01;1.017169e-01;3.294446e-02;4.512972e-02;6.492182e-02;5.026147e-02;4.657385e-02;4.481681e-02;3.580120e-02
4.577838e-02;5.392220e-02;1.312896e-01;1.708862e-01;1.371317e-01;8.082746e-02;5.443830e-02;7.514053e-02;6.814412e-02;7.490855e-02;7.304052e-02;3.449233e-02
6.041146e-02;6.891656e-02;9.467672e-02;1.160283e-01;1.442629e-01;1.234504e-01;7.032690e-02;5.912362e-02;8.469611e-02;8.014612e-02;4.615933e-02;5.180160e-02
6.562521e-02;6.635538e-02;1.129087e-01;8.947572e-02;1.404345e-01;1.180427e-01;7.760698e-02;6.118169e-02;9.872320e-02;7.816913e-02;4.016047e-02;5.131637e-02
4.629775e-02;5.431774e-02;1.875447e-01;7.246232e-02;8.107146e-02;8.024573e-02;1.397268e-01;8.045810e-02;8.221772e-02;7.407156e-02;6.489262e-02;3.669347e-02
4.621398e-02;2.661366e-02;2.341730e-01;8.113836e-02;6.325857e-02;7.078528e-02;1.627308e-01;8.187756e-02;8.133542e-02;6.155270e-02;5.400059e-02;3.632012e-02
2.667196e-02;1.288351e-02;3.999458e-01;1.096675e-01;9.565714e-02;5.816950e-02;1.222725e-01;4.295528e-02;4.507724e-02;3.249912e-02;3.200841e-02;2.219208e-02
1.679687e-02;3.058109e-02;4.914161e-01;1.562783e-01;1.139440e-01;3.783297e-02;3.067086e-02;3.593929e-02;1.853005e-02;1.783111e-02;3.921702e-02;1.096234e-02
2.281649e-02;2.154059e-02;4.472381e-01;1.911742e-01;1.135737e-01;2.959747e-02;2.308949e-02;4.791493e-02;1.255148e-02;1.495854e-02;6.773446e-02;7.810596e-03
4.424595e-02;3.530675e-02;3.913845e-01;2.062121e-01;8.736975e-02;2.748893e-02;2.323533e-02;4.785633e-02;2.058541e-02;1.689996e-02;9.243159e-02;6.983347e-03
3.792336e-02;9.476467e-02;3.180014e-01;1.980275e-01;8.308585e-02;3.920327e-02;4.577512e-02;3.664422e-02;3.727405e-02;3.214259e-02;6.909012e-02;8.067836e-03
3.627190e-02;8.641426e-02;4.509497e-01;1.668515e-01;6.793714e-02;2.995827e-02;4.215290e-02;1.513469e-02;2.669817e-02;3.980242e-02;2.897531e-02;8.853747e-03
3.295068e-02;6.402709e-02;5.625499e-01;1.756923e-01;3.271236e-02;1.617157e-02;2.410216e-02;1.065663e-02;1.412339e-02;3.539557e-02;2.475123e-02;6.867205e-03
1.445514e-02;3.534762e-02;5.593469e-01;2.333484e-01;2.979292e-02;1.923740e-02;1.413917e-02;1.732577e-02;1.025884e-02;2.164057e-02;3.856075e-02;6.546542e-03
1.129311e-02;2.053387e-02;4.912682e-01;2.829647e-01;5.481832e-02;2.546219e-02;1.634845e-02;2.354020e-02;1.105803e-02;1.676179e-02;4.207788e-02;3.873204e-03
2.316272e-02;2.498583e-02;5.024887e-01;2.401446e-01;5.897884e-02;2.550101e-02;2.659425e-02;1.650790e-02;1.746712e-02;2.366117e-02;3.235918e-02;8.148692e-03
3.011598e-02;5.574466e-02;5.438265e-01;1.489542e-01;5.429143e-02;2.221999e-02;3.319788e-02;1.203172e-02;2.249893e-02;3.814035e-02;2.361657e-02;1.536179e-02
4.396525e-02;1.061118e-01;5.442426e-01;9.150226e-02;3.868086e-02;1.454131e-02;3.643559e-02;9.504282e-03;3.044321e-02;5.180373e-02;1.094757e-02;2.182159e-02
6.541734e-02;9.742317e-02;4.717687e-01;1.261888e-01;4.917175e-02;2.182257e-02;2.113233e-02;1.757316e-02;4.093051e-02;2.902982e-02;3.373251e-02;2.580941e-02
7.540266e-02;4.207221e-02;4.452366e-01;1.809553e-01;5.198041e-02;2.667709e-02;2.892797e-02;1.211757e-02;3.147010e-02;2.786032e-02;5.173593e-02;2.556385e-02
6.132193e-02;2.851069e-02;4.899256e-01;1.762311e-01;3.114363e-02;1.774321e-02;3.587492e-02;2.432334e-02;1.926317e-02;4.276060e-02;4.947807e-02;2.342368e-02
5.198120e-02;2.239262e-02;4.804659e-01;1.790828e-01;4.609599e-02;2.335957e-02;4.355197e-02;2.985144e-02;2.717770e-02;4.147959e-02;2.850768e-02;2.605347e-02
4.368322e-02;2.643772e-02;4.617925e-01;1.265727e-01;7.322080e-02;1.883567e-02;6.298931e-02;3.668506e-02;5.121807e-02;4.347032e-02;3.013176e-02;2.496281e-02
4.047387e-02;3.295141e-02;3.894265e-01;1.215214e-01;8.005964e-02;2.398377e-02;6.989288e-02;3.458638e-02;5.107679e-02;6.386363e-02;6.292401e-02;2.923978e-02
2.077345e-02;3.389404e-02;3.274425e-01;1.830034e-01;8.638418e-02;2.031260e-02;5.403790e-02;6.765782e-02;3.419717e-02;5.498143e-02;1.050350e-01;1.228054e-02
1.643976e-02;2.470930e-02;2.506914e-01;2.307608e-01;1.046976e-01;1.899950e-02;2.542010e-02;1.347105e-01;2.291554e-02;3.098849e-02;1.265265e-01;1.314057e-02
1.192751e-02;1.717036e-02;1.630226e-01;2.583535e-01;1.335592e-01;2.835875e-02;3.275235e-02;1.850643e-01;1.179763e-02;1.314161e-02;1.195244e-01;2.532779e-02
1.330841e-02;2.490582e-02;1.959231e-01;2.680619e-01;1.366433e-01;2.709776e-02;3.724587e-02;1.401830e-01;1.269076e-02;9.390225e-03;1.049618e-01;2.958802e-02
1.214021e-02;3.704344e-02;1.897816e-01;2.981912e-01;1.384243e-01;2.262817e-02;2.233946e-02;9.789804e-02;1.443391e-02;1.010172e-02;1.335690e-01;2.344894e-02
7.355923e-03;2.784644e-02;1.586026e-01;2.913902e-01;9.998375e-02;1.910134e-02;2.145544e-02;1.694618e-01;1.216095e-02;1.930301e-02;1.520166e-01;2.132187e-02
1.055565e-02;1.684602e-02;1.367918e-01;2.843084e-01;9.381929e-02;2.008403e-02;2.256694e-02;1.982328e-01;1.133481e-02;1.463992e-02;1.564645e-01;3.435581e-02
7.771458e-03;1.539624e-02;1.466874e-01;2.948231e-01;8.999629e-02;1.668951e-02;1.571969e-02;1.890696e-01;1.257174e-02;1.358241e-02;1.703774e-01;2.731510e-02
5.685325e-03;1.931823e-02;1.826379e-01;2.757432e-01;9.092435e-02;1.850600e-02;2.579377e-02;1.482427e-01;1.256818e-02;1.944938e-02;1.622379e-01;3.889307e-02
6.824036e-03;1.757921e-02;2.845684e-01;2.335075e-01;8.103275e-02;2.251305e-02;4.912167e-02;1.077878e-01;1.145747e-02;2.145894e-02;1.226273e-01;4.152197e-02
1.715455e-02;2.486722e-02;3.899255e-01;2.003863e-01;7.030523e-02;3.092260e-02;6.580052e-02;6.843814e-02;9.880244e-03;2.067325e-02;7.199167e-02;2.965464e-02
1.366878e-02;2.218425e-02;4.595736e-01;1.816111e-01;1.209017e-01;3.946698e-02;4.009749e-02;3.222021e-02;1.416601e-02;2.087145e-02;4.560506e-02;9.633310e-03
1.449468e-02;1.201137e-02;5.270455e-01;1.385208e-01;1.344522e-01;3.643764e-02;2.769956e-02;2.016625e-02;2.029772e-02;2.019972e-02;4.022472e-02;8.449806e-03
1.871793e-02;1.581078e-02;5.222897e-01;9.784903e-02;1.175629e-01;4.109905e-02;6.079232e-02;2.036115e-02;2.466188e-02;2.603705e-02;4.102143e-02;1.379682e-02
2.848597e-02;2.415634e-02;4.714648e-01;9.119736e-02;1.110735e-01;3.973522e-02;6.371576e-02;3.612104e-02;2.600033e-02;3.287160e-02;6.010583e-02;1.507222e-02
5.478511e-02;2.967674e-02;2.616578e-01;1.516118e-01;1.451616e-01;5.198901e-02;6.031601e-02;4.791177e-02;2.742133e-02;5.167999e-02;8.915698e-02;2.863185e-02
5.058389e-02;3.063045e-02;1.756002e-01;2.024008e-01;1.006996e-01;6.195671e-02;6.139857e-02;6.180751e-02;4.055725e-02;6.755451e-02;1.120377e-01;3.477284e-02
3.086785e-02;4.683803e-02;2.649032e-01;1.821076e-01;7.218510e-02;5.463794e-02;6.287085e-02;7.771738e-02;2.833133e-02;5.553516e-02;8.862405e-02;3.538150e-02
6.393638e-02;1.089000e-01;1.865032e-01;1.165748e-01;5.991631e-02;6.081474e-02;6.862812e-02;5.660062e-02;7.371851e-02;9.233609e-02;6.635105e-02;4.572016e-02
7.002353e-02;1.044153e-01;1.713488e-01;9.998303e-02;5.979023e-02;5.949215e-02;1.060805e-01;5.373126e-02;7.602919e-02;1.072026e-01;4.902740e-02;4.287605e-02
4.673589e-02;6.773367e-02;1.706289e-01;7.828588e-02;1.021361e-01;1.010036e-01;1.593661e-01;5.396328e-02;5.498676e-02;8.097675e-02;4.072694e-02;4.345603e-02
2.187886e-02;3.203603e-02;1.479134e-01;1.086640e-01;1.703690e-01;1.224917e-01;1.632901e-01;3.692011e-02;5.086280e-02;4.929578e-02;4.112447e-02;5.515380e-02
9.301588e-03;1.746037e-02;1.370043e-01;1.902902e-01;1.951933e-01;1.011611e-01;9.331946e-02;5.270263e-02;3.545148e-02;3.579480e-02;8.199725e-02;5.032341e-02
8.348803e-03;2.104227e-02;1.988273e-01;2.595212e-01;1.361197e-01;5.024902e-02;5.126319e-02;7.275063e-02;1.493196e-02;2.940401e-02;1.336634e-01;2.387849e-02
1.043452e-02;1.791310e-02;3.298305e-01;2.553684e-01;6.094926e-02;2.353051e-02;6.424002e-02;4.691856e-02;1.015532e-02;2.636722e-02;1.482338e-01;6.058748e-03
1.556026e-02;1.090996e-02;4.143734e-01;2.085004e-01;2.865359e-02;2.066014e-02;8.312402e-02;4.277458e-02;1.696895e-02;2.987982e-02;1.219503e-01;6.644525e-03
1.435447e-02;1.708015e-02;4.638613e-01;1.990141e-01;2.764007e-02;1.891520e-02;6.109022e-02;4.736517e-02;1.409885e-02;1.829344e-02;1.089086e-01;9.378445e-03
8.538858e-03;1.289244e-02;4.526375e-01;2.416172e-01;4.169825e-02;1.217838e-02;2.304591e-02;2.364530e-02;7.526125e-03;1.515460e-02;1.408480e-01;2.021740e-02
2.181452e-02;1.265240e-02;4.055382e-01;2.396866e-01;4.220831e-02;1.859097e-02;1.305175e-02;2.031883e-02;8.482665e-03;2.148021e-02;1.769883e-01;1.918721e-02
2.313024e-02;1.228015e-02;3.687896e-01;2.119574e-01;5.925507e-02;2.583247e-02;3.645414e-02;2.078944e-02;1.095874e-02;3.342187e-02;1.812010e-01;1.592988e-02
1.507278e-02;1.464461e-02;4.174102e-01;2.087436e-01;7.385346e-02;2.103553e-02;2.899517e-02;1.812459e-02;1.360767e-02;2.388198e-02;1.621830e-01;2.447284e-03
1.048874e-02;1.017204e-02;4.521796e-01;2.242505e-01;8.039300e-02;2.151310e-02;2.564143e-02;1.220264e-02;9.129991e-03;1.251788e-02;1.368816e-01;4.629580e-03
1.023434e-02;1.307119e-02;4.349659e-01;2.211888e-01;1.300544e-01;3.279450e-02;2.191678e-02;1.562292e-02;5.797836e-03;5.600831e-03;1.012715e-01;7.480958e-03
1.093031e-02;1.310217e-02;4.081219e-01;1.773634e-01;1.692487e-01;4.991641e-02;5.586347e-02;1.748887e-02;1.448722e-02;1.117845e-02;6.196414e-02;1.033505e-02
1.338554e-02;1.389724e-02;3.664942e-01;1.052765e-01;2.218566e-01;7.923885e-02;1.000336e-01;1.175836e-02;1.243297e-02;1.442921e-02;2.914255e-02;3.205431e-02
1.591248e-02;1.371000e-02;3.731961e-01;8.663787e-02;2.094329e-01;7.264358e-02;7.795868e-02;2.139175e-02;1.828512e-02;1.484403e-02;5.971139e-02;3.627605e-02
1.481612e-02;1.540728e-02;5.018606e-01;1.096336e-01;1.283699e-01;3.610747e-02;6.601459e-02;1.867857e-02;2.143453e-02;1.435597e-02;5.975004e-02;1.357139e-02
7.806494e-03;2.291329e-02;5.518412e-01;9.201491e-02;9.378737e-02;2.983633e-02;5.755892e-02;2.913373e-02;2.627261e-02;3.275933e-02;3.994656e-02;1.612925e-02
3.371349e-02;5.404977e-02;3.802887e-01;9.674826e-02;1.256476e-01;5.134047e-02;6.623827e-02;4.472044e-02;4.018851e-02;4.733128e-02;2.310873e-02;3.662447e-02
6.311452e-02;7.009365e-02;1.597959e-01;8.455899e-02;1.141525e-01;9.833872e-02;8.651161e-02;7.500444e-02;6.760841e-02;8.279612e-02;4.764353e-02;5.038151e-02
6.170681e-02;6.402222e-02;1.060761e-01;5.936479e-02;6.510597e-02;1.024690e-01;1.356084e-01;1.230097e-01;9.060507e-02;8.319598e-02;6.002592e-02;4.880996e-02
6.428803e-02;5.961781e-02;8.206017e-02;5.860370e-02;5.684205e-02;7.701917e-02;1.613864e-01;1.386590e-01;1.123729e-01;8.676118e-02;6.379578e-02;3.859375e-02
5.751503e-02;6.460053e-02;7.526755e-02;7.270830e-02;7.110520e-02;6.541879e-02;1.500817e-01;1.208392e-01;1.350554e-01;8.472425e-02;7.649403e-02;2.618993e-02
4.212454e-02;8.487210e-02;8.889241e-02;7.831228e-02;8.362027e-02;7.856867e-02;1.298932e-01;8.149529e-02;1.319769e-01;1.086686e-01;7.408449e-02;1.749114e-02
9.006870e-02;6.165042e-02;1.096837e-01;6.163904e-02;9.130988e-02;1.106099e-01;8.283199e-02;7.064451e-02;1.256644e-01;1.093179e-01;5.705321e-02;2.952643e-02
9.313714e-02;6.240004e-02;7.808722e-02;7.481393e-02;8.083559e-02;9.654273e-02;6.505919e-02;6.164984e-02;1.572340e-01;1.186532e-01;6.680436e-02;4.478281e-02
6.458127e-02;5.990357e-02;1.047716e-01;9.367079e-02;7.173798e-02;7.726217e-02;8.575527e-02;7.797180e-02;1.479598e-01;1.184195e-01;6.839476e-02;2.957145e-02
7.492159e-02;6.102467e-02;1.051806e-01;1.025232e-01;9.529858e-02;6.160697e-02;8.341378e-02;1.106799e-01;1.111761e-01;1.329393e-01;4.528350e-02;1.595191e-02
8.207704e-02;6.952285e-02;1.190119e-01;8.809973e-02;8.633975e-02;4.850325e-02;8.947698e-02;1.227342e-01;8.243009e-02;1.237555e-01;7.863920e-02;9.409536e-03
7.376343e-02;5.618148e-02;1.012364e-01;8.608764e-02;5.768517e-02;5.802470e-02;1.501373e-01;9.691168e-02;5.811240e-02;1.230306e-01;1.119121e-01;2.691716e-02
6.373515e-02;9.340473e-02;7.335364e-02;6.101920e-02;3.629301e-02;6.783467e-02;1.510061e-01;7.983579e-02;7.949951e-02;1.223266e-01;1.051877e-01;6.650385e-02
5.346194e-02;8.217578e-02;1.020382e-01;6.187520e-02;4.484959e-02;6.618267e-02;1.000048e-01;9.385762e-02;1.042400e-01;1.295639e-01;1.026196e-01;5.913077e-02
4.682525e-02;7.567868e-02;1.192990e-01;7.512468e-02;7.250418e-02;7.053756e-02;8.611450e-02;7.209899e-02;1.105341e-01;1.083912e-01;7.980122e-02;8.309061e-02
8.828198e-02;7.884015e-02;1.148275e-01;8.330615e-02;1.061754e-01;6.999507e-02;9.199958e-02;7.286096e-02;9.433622e-02;8.825316e-02;4.700670e-02;6.411710e-02
8.893070e-02;6.858562e-02;8.571387e-02;6.698507e-02;1.086774e-01;7.876094e-02;2.830938e-01;7.008637e-02;5.541335e-02;4.168752e-02;3.011861e-02;2.194682e-02
5.805029e-02;4.014431e-02;6.633808e-02;4.592818e-02;1.159353e-01;1.359976e-01;3.790998e-01;4.703198e-02;3.754030e-02;3.191111e-02;1.835841e-02;2.366463e-02
3.308694e-02;2.200403e-02;5.726978e-02;5.730738e-02;1.777682e-01;1.964202e-01;3.364121e-01;2.981029e-02;3.389376e-02;2.529563e-02;8.612369e-03;2.211940e-02
2.691860e-02;1.394667e-02;7.477406e-02;1.074248e-01;2.977394e-01;1.782490e-01;1.933860e-01;1.455919e-02;2.937266e-02;1.544614e-02;1.271917e-02;3.546431e-02
1.187579e-02;2.529624e-02;1.670017e-01;2.123914e-01;3.077715e-01;1.010787e-01;7.278423e-02;1.716581e-02;1.927565e-02;1.355622e-02;2.081996e-02;3.098285e-02
1.623947e-02;3.646260e-02;3.502030e-01;2.491478e-01;1.817150e-01;5.336645e-02;2.369413e-02;2.099277e-02;1.146839e-02;2.296475e-02;1.899368e-02;1.475197e-02
1.406618e-02;6.600522e-02;5.202058e-01;1.545905e-01;9.359508e-02;3.293788e-02;2.615716e-02;2.168073e-02;1.610365e-02;3.723149e-02;8.831417e-03;8.594932e-03
4.033609e-02;1.345543e-01;5.092696e-01;6.736533e-02;6.403724e-02;4.417999e-02;2.498200e-02;2.624137e-02;3.151921e-02;4.206991e-02;4.311038e-03;1.113388e-02
1.181841e-01;2.202115e-01;3.328523e-01;3.950632e-02;5.122396e-02;6.738713e-02;2.192766e-02;2.985598e-02;6.502963e-02;3.359728e-02;6.964300e-03;1.325984e-02
2.399652e-01;2.277174e-01;1.591617e-01;2.411043e-02;9.392221e-02;5.267870e-02;2.429380e-02;5.251269e-02;6.740873e-02;2.492523e-02;1.349038e-02;1.981354e-02
3.264085e-01;1.426717e-01;4.682559e-02;3.472094e-02;1.408084e-01;3.589274e-02;6.191150e-02;9.678117e-02;4.566094e-02;2.205875e-02;1.325884e-02;3.300085e-02
2.761415e-01;6.193028e-02;5.814517e-02;6.504139e-02;8.819871e-02;5.468246e-02;1.351183e-01;1.023289e-01;3.473087e-02;4.069335e-02;1.513382e-02;6.785521e-02
1.642821e-01;5.600883e-02;4.744561e-02;9.650778e-02;5.175794e-02;7.441116e-02;2.303380e-01;6.907434e-02;2.429398e-02;5.278816e-02;3.391169e-02;9.918047e-02
5.270569e-02;3.899097e-02;9.647895e-02;7.722589e-02;7.873981e-02;1.122075e-01;2.509254e-01;3.952836e-02;4.471415e-02;3.989262e-02;7.267842e-02;9.591230e-02
7.989770e-02;2.670222e-02;1.967118e-01;4.313662e-02;6.792296e-02;1.331869e-01;1.532599e-01;2.401594e-02;6.285214e-02;5.184455e-02;9.393685e-02;6.653241e-02
1.181144e-01;2.445265e-02;2.318696e-01;5.287050e-02;6.001587e-02;1.162135e-01;1.091463e-01;2.256854e-02;5.363313e-02;7.878212e-02;8.425404e-02;4.807925e-02
1.011953e-01;5.517112e-02;2.590783e-01;5.965207e-02;5.927021e-02;8.695076e-02;9.744181e-02;2.899912e-02;4.647109e-02;8.993470e-02;7.419885e-02;4.163668e-02
9.000596e-02;7.633483e-02;2.298977e-01;3.626166e-02;5.063026e-02;8.326557e-02;1.123402e-01;4.479571e-02;5.220068e-02;1.018824e-01;8.560883e-02;3.677617e-02
1.423797e-01;6.894816e-02;1.763029e-01;4.655817e-02;5.276033e-02;6.022603e-02;9.999926e-02;3.419644e-02;6.712938e-02;1.199526e-01;7.985669e-02;5.169031e-02
6.861017e-02;7.826332e-02;2.054596e-01;4.787826e-02;6.688615e-02;6.372983e-02;1.141814e-01;2.954338e-02;9.053144e-02;1.197294e-01;6.764585e-02;4.754126e-02
8.084535e-02;9.327888e-02;2.030109e-01;1.992554e-02;5.916223e-02;8.843949e-02;1.723773e-01;5.963001e-02;6.271821e-02;7.582684e-02;4.502319e-02;3.976199e-02
9.523825e-02;9.658369e-02;1.769075e-01;3.844393e-02;5.310966e-02;9.147111e-02;1.810758e-01;5.741214e-02;5.105548e-02;6.992191e-02;5.481439e-02;3.396616e-02
1.016340e-01;8.048750e-02;1.402804e-01;6.595743e-02;7.558104e-02;8.605592e-02;9.438197e-02;5.607873e-02;7.540442e-02;9.192126e-02;8.396055e-02;4.825683e-02
9.751180e-02;1.015189e-01;1.258680e-01;6.335227e-02;5.842057e-02;5.610188e-02;1.284492e-01;6.309903e-02;8.353610e-02;8.949518e-02;7.788686e-02;5.476018e-02
7.621345e-02;7.639359e-02;9.746836e-02;6.686398e-02;6.484797e-02;4.434287e-02;1.181923e-01;6.759974e-02;1.091696e-01;1.109430e-01;8.535419e-02;8.261096e-02
9.640519e-02;4.195448e-02;1.137248e-01;7.854667e-02;7.425278e-02;4.302211e-02;8.292768e-02;8.398025e-02;1.142463e-01;1.068777e-01;8.446119e-02;7.960084e-02
1.127390e-01;6.002887e-02;1.508997e-01;6.407661e-02;8.692010e-02;3.182283e-02;7.852188e-02;7.897624e-02;9.126170e-02;8.873411e-02;8.997446e-02;6.604455e-02
1.768489e-01;9.932069e-02;2.328291e-01;5.000727e-02;7.186738e-02;3.317545e-02;9.662008e-02;4.152768e-02;3.652453e-02;5.148685e-02;6.492317e-02;4.486893e-02
2.173175e-01;1.008402e-01;1.755642e-01;4.429991e-02;3.903155e-02;3.454500e-02;1.267753e-01;4.802061e-02;2.957933e-02;5.930411e-02;5.852502e-02;6.619726e-02
2.252790e-01;7.913372e-02;8.506232e-02;3.391745e-02;1.981064e-02;4.375847e-02;1.617690e-01;4.871574e-02;4.387180e-02;5.873251e-02;8.950210e-02;1.104473e-01
1.068439e-01;4.818280e-02;5.639435e-02;1.852249e-02;1.515448e-02;1.228007e-01;1.741447e-01;2.529791e-02;7.791220e-02;6.897673e-02;1.579276e-01;1.278422e-01
4.580758e-02;2.353563e-02;8.514862e-02;1.316893e-02;2.100236e-02;2.141246e-01;1.172586e-01;1.599109e-02;7.075419e-02;8.635882e-02;2.182591e-01;8.859047e-02
3.257448e-02;1.769221e-02;7.779531e-02;2.110566e-02;2.790464e-02;2.526587e-01;7.352372e-02;1.875084e-02;5.384069e-02;1.034283e-01;2.544518e-01;6.627362e-02
3.336677e-02;1.421246e-02;6.470805e-02;2.244701e-02;5.559418e-02;2.373335e-01;6.814840e-02;3.939899e-02;3.690157e-02;1.308767e-01;2.456135e-01;5.139885e-02
6.047496e-02;3.557609e-02;6.395919e-02;4.117404e-02;5.492945e-02;1.717369e-01;1.718473e-01;6.119884e-02;3.043659e-02;9.675030e-02;1.707224e-01;4.119391e-02
9.291426e-02;3.257653e-02;7.061537e-02;7.457618e-02;2.804400e-02;9.057743e-02;3.022722e-01;6.137033e-02;3.595012e-02;4.212866e-02;9.504101e-02;7.393385e-02
8.844098e-02;1.759583e-02;5.457230e-02;9.348828e-02;1.769551e-02;5.072270e-02;3.777947e-01;7.326026e-02;3.337916e-02;3.480530e-02;6.535010e-02;9.289487e-02
4.855559e-02;2.431927e-02;5.979680e-02;7.518433e-02;2.478073e-02;8.685951e-02;3.765223e-01;6.935269e-02;2.791413e-02;4.773183e-02;7.501742e-02;8.396538e-02
4.221278e-02;2.433205e-02;7.643040e-02;5.129899e-02;2.814660e-02;1.034625e-01;3.272514e-01;3.348690e-02;3.204743e-02;7.279484e-02;1.231569e-01;8.537924e-02
6.975618e-02;2.196260e-02;1.390919e-01;3.689577e-02;3.113410e-02;7.497214e-02;1.883750e-01;4.306725e-02;4.484218e-02;1.136581e-01;1.532057e-01;8.303900e-02
5.365437e-02;3.627457e-02;1.366297e-01;3.607471e-02;3.276891e-02;7.165014e-02;1.060936e-01;5.514849e-02;7.382651e-02;1.543361e-01;1.740801e-01;6.946287e-02
3.361520e-02;4.017443e-02;8.673641e-02;3.369720e-02;4.328577e-02;1.016908e-01;1.827456e-01;7.113355e-02;7.615931e-02;1.403604e-01;1.459238e-01;4.447749e-02
4.270365e-02;4.038369e-02;5.156368e-02;4.562443e-02;6.422284e-02;1.017802e-01;1.962944e-01;8.714168e-02;7.249744e-02;1.296042e-01;1.208575e-01;4.732626e-02
4.659167e-02;5.587383e-02;5.532060e-02;6.230700e-02;6.366000e-02;7.291135e-02;1.838364e-01;8.563378e-02;8.407304e-02;1.324968e-01;9.074572e-02;6.654979e-02
5.392176e-02;6.204467e-02;5.554255e-02;4.626345e-02;3.862103e-02;7.149759e-02;1.162038e-01;1.056418e-01;1.327244e-01;1.724554e-01;8.063728e-02;6.444625e-02
4.872302e-02;4.643706e-02;7.355931e-02;1.475081e-02;4.886615e-02;7.035030e-02;7.001808e-02;9.243208e-02;1.725547e-01;2.109847e-01;1.114033e-01;3.992043e-02
3.156711e-02;5.934715e-02;6.464318e-02;3.896577e-02;5.971038e-02;4.607742e-02;5.512940e-02;7.644693e-02;1.502907e-01;2.412866e-01;1.420108e-01;3.452456e-02
