9.870885e-02;8.307666e-02;1.687048e-01;4.314705e-02;6.084076e-02;4.158898e-02;1.619644e-01;5.061061e-02;4.829941e-02;8.104719e-02;8.591147e-02;7.609979e-02
1.023903e-01;1.045717e-01;1.261336e-01;4.170496e-02;4.231348e-02;4.223857e-02;1.864178e-01;4.731804e-02;4.831494e-02;6.922062e-02;1.005033e-01;8.887276e-02
1.272943e-01;1.000347e-01;1.030126e-01;3.530059e-02;4.782962e-02;5.213336e-02;1.820804e-01;3.468805e-02;6.370274e-02;7.141508e-02;8.913998e-02;9.336862e-02
1.962547e-01;7.633189e-02;7.864392e-02;2.679267e-02;6.687844e-02;7.215326e-02;1.484213e-01;2.215384e-02;1.096281e-01;7.243022e-02;5.421521e-02;7.609645e-02
2.055036e-01;3.434243e-02;5.334928e-02;2.436645e-02;9.834538e-02;8.797517e-02;8.165035e-02;2.074382e-02;1.960759e-01;4.708363e-02;2.858085e-02;1.219831e-01
1.270044e-01;1.329504e-02;6.018106e-02;3.034840e-02;1.138519e-01;6.883396e-02;5.546498e-02;2.813734e-02;2.303420e-01;2.612460e-02;3.637507e-02;2.100413e-01
8.294544e-02;1.316607e-02;1.020883e-01;3.539528e-02;1.075531e-01;4.421432e-02;5.812354e-02;4.505260e-02;2.036746e-01;2.188879e-02;6.698306e-02;2.189148e-01
6.040966e-02;1.223379e-02;1.716876e-01;4.422557e-02;8.035260e-02;3.690401e-02;5.650529e-02;5.174987e-02;1.147942e-01;5.496424e-02;1.590358e-01;1.571372e-01
7.371037e-02;3.825013e-02;2.721281e-01;5.690432e-02;5.314101e-02;3.674274e-02;2.691955e-02;4.043631e-02;2.376205e-02;4.972122e-02;2.319040e-01;9.638022e-02
3.958573e-02;9.289551e-02;3.509600e-01;6.046560e-02;3.163471e-02;3.164307e-02;1.429828e-02;3.730835e-02;9.206323e-02;4.993981e-02;1.323034e-01;6.690227e-02
3.784533e-02;1.037453e-01;3.881880e-01;8.399040e-02;5.587416e-02;2.984594e-02;3.078682e-02;3.264085e-02;8.140454e-02;4.290661e-02;2.803313e-02;8.473887e-02
6.587053e-02;5.734542e-02;3.190031e-01;7.459430e-02;6.675802e-02;4.220555e-02;6.655541e-02;6.039184e-02;3.777103e-02;6.241255e-02;7.673730e-02;7.035495e-02
4.254980e-02;2.968275e-02;1.822386e-01;7.684248e-02;6.206382e-02;8.160145e-02;1.551299e-01;7.857373e-02;4.105607e-02;8.193461e-02;9.603056e-02;7.229634e-02
7.181042e-02;5.348692e-02;7.851440e-02;7.622249e-02;6.894233e-02;1.192082e-01;1.855180e-01;6.425059e-02;4.622242e-02;6.971382e-02;1.001480e-01;6.596249e-02
1.448720e-01;6.834751e-02;7.252384e-02;6.027793e-02;7.048117e-02;1.158817e-01;1.657741e-01;4.506686e-02;6.588200e-02;4.289701e-02;8.374455e-02;6.425129e-02
1.685966e-01;5.338790e-02;1.149751e-01;4.474583e-02;7.039982e-02;1.110060e-01;1.225753e-01;2.668189e-02;9.933373e-02;5.323482e-02;6.637472e-02;6.868830e-02
1.472278e-01;2.302387e-02;1.233076e-01;3.590338e-02;7.290880e-02;1.592137e-01;9.516991e-02;1.227521e-02;1.249818e-01;9.079259e-02;5.891820e-02;5.627714e-02
1.337424e-01;2.660884e-02;1.043196e-01;3.619968e-02;7.314293e-02;1.473897e-01;8.021620e-02;2.809789e-02;1.420925e-01;1.237249e-01;5.168815e-02;5.277721e-02
1.461995e-01;3.302656e-02;7.800582e-02;2.562389e-02;7.556414e-02;1.229670e-01;7.250183e-02;2.991347e-02;1.747370e-01;1.471868e-01;4.113870e-02;5.313535e-02
1.573693e-01;4.598324e-02;6.129045e-02;6.321889e-02;7.066223e-02;1.199204e-01;5.535911e-02;3.161549e-02;1.333425e-01;1.746340e-01;4.392784e-02;4.267652e-02
1.507795e-01;6.486760e-02;4.969536e-02;6.242063e-02;6.601699e-02;1.022346e-01;8.539467e-02;4.650557e-02;1.020950e-01;1.405790e-01;4.933241e-02;8.007874e-02
1.626711e-01;5.764661e-02;3.284011e-02;4.884808e-02;1.034068e-01;1.150542e-01;9.013204e-02;5.127199e-02;8.815093e-02;9.761886e-02;6.500161e-02;8.735769e-02
1.636707e-01;3.451546e-02;5.028420e-02;3.693856e-02;9.561986e-02;1.384915e-01;1.063787e-01;6.534589e-02;7.512742e-02;8.466414e-02;6.778976e-02;8.117381e-02
1.650771e-01;4.969940e-02;8.183207e-02;3.231872e-02;5.821758e-02;1.237941e-01;1.367158e-01;6.154348e-02;5.744154e-02;1.244079e-01;5.186410e-02;5.708829e-02
1.348174e-01;6.291563e-02;7.600186e-02;3.111274e-02;5.372351e-02;9.681380e-02;1.555194e-01;5.681247e-02;6.999386e-02;1.487062e-01;7.772284e-02;3.586027e-02
1.143152e-01;9.080562e-02;7.496083e-02;2.476251e-02;5.152533e-02;7.786056e-02;1.716511e-01;5.892915e-02;9.860985e-02;1.436515e-01;6.111741e-02;3.181096e-02
1.195346e-01;7.695317e-02;9.329332e-02;3.092913e-02;7.962593e-02;5.399567e-02;1.374729e-01;4.567138e-02;1.220411e-01;1.100815e-01;4.685132e-02;8.355015e-02
1.071039e-01;6.739535e-02;1.002932e-01;5.811421e-02;9.317086e-02;5.057415e-02;9.139668e-02;7.715150e-02;1.106337e-01;8.902013e-02;5.989899e-02;9.524726e-02
5.649798e-02;7.923247e-02;1.099195e-01;6.197174e-02;7.567386e-02;9.102153e-02;1.091832e-01;8.597769e-02;7.902773e-02;1.358438e-01;2.911939e-02;8.653107e-02
9.309936e-02;7.863009e-02;8.730987e-02;3.696441e-02;5.032000e-02;8.809350e-02;8.548646e-02;7.972479e-02;1.258267e-01;1.527006e-01;5.599927e-02;6.584489e-02
1.204758e-01;8.946041e-02;5.743739e-02;2.834019e-02;5.925356e-02;5.786490e-02;1.419957e-01;7.151599e-02;1.464254e-01;1.459845e-01;3.161989e-02;4.962622e-02
1.746469e-01;6.914938e-02;8.397815e-02;3.776979e-02;5.322871e-02;5.558764e-02;1.437826e-01;6.158458e-02;1.269472e-01;1.131767e-01;4.210934e-02;3.803904e-02
1.105203e-01;5.662221e-02;8.224878e-02;3.754599e-02;6.055861e-02;5.328510e-02;1.620979e-01;6.934745e-02;1.240095e-01;8.747590e-02;5.514339e-02;1.011449e-01
1.080826e-01;6.287953e-02;1.053756e-01;4.377143e-02;8.418013e-02;5.640675e-02;1.272910e-01;3.208877e-02;1.290929e-01;8.644551e-02;7.101370e-02;9.337209e-02
8.499585e-02;7.041287e-02;1.152383e-01;4.139264e-02;8.825291e-02;6.160590e-02;2.424775e-01;3.871031e-02;8.349440e-02;6.698953e-02;5.356472e-02;5.286510e-02
1.102513e-01;6.527182e-02;9.978184e-02;4.274024e-02;8.166016e-02;7.211254e-02;3.292224e-01;3.056464e-02;4.915680e-02;5.085650e-02;3.302794e-02;3.535386e-02
1.457507e-01;4.862463e-02;5.664660e-02;3.860710e-02;9.994476e-02;1.152819e-01;3.462575e-01;2.033254e-02;3.648727e-02;3.752023e-02;2.413927e-02;3.040748e-02
1.521628e-01;6.347165e-02;7.340821e-02;2.583054e-02;1.270725e-01;1.217410e-01;2.688677e-01;1.909612e-02;5.750050e-02;3.052410e-02;2.547605e-02;3.484890e-02
1.240691e-01;6.584202e-02;1.244649e-01;3.752761e-02;1.388808e-01;9.945990e-02;1.733899e-01;2.827801e-02;8.888590e-02;3.001908e-02;2.686311e-02;6.231969e-02
9.357164e-02;3.554201e-02;2.163450e-01;5.737066e-02;1.223245e-01;7.804779e-02;1.165934e-01;4.252988e-02;9.780072e-02;3.202755e-02;3.527787e-02;7.256898e-02
7.076193e-02;3.993904e-02;3.122034e-01;6.746678e-02;9.543737e-02;5.483051e-02;9.262760e-02;3.842786e-02;8.178306e-02;4.180103e-02;4.444702e-02;6.027439e-02
6.241092e-02;7.493575e-02;3.159907e-01;7.653858e-02;6.798165e-02;5.365162e-02;8.493623e-02;5.825928e-02;5.909764e-02;5.966852e-02;5.046663e-02;3.606243e-02
6.114053e-02;1.089743e-01;1.744333e-01;8.468980e-02;6.902763e-02;7.492943e-02;1.058485e-01;1.238991e-01;4.286833e-02;6.734900e-02;5.005866e-02;3.678141e-02
7.705555e-02;1.038881e-01;9.754093e-02;6.533544e-02;7.647497e-02;7.036640e-02;1.529312e-01;1.134916e-01;8.106220e-02;7.910844e-02;4.344838e-02;3.929689e-02
9.042678e-02;1.169571e-01;7.429668e-02;5.812922e-02;6.627631e-02;9.086583e-02;8.701993e-02;1.173121e-01;9.260982e-02;9.481170e-02;6.902452e-02;4.227011e-02
9.833970e-02;1.165396e-01;5.841001e-02;6.619826e-02;6.402581e-02;8.878931e-02;1.057854e-01;1.118977e-01;9.585407e-02;5.941193e-02;8.663524e-02;4.811296e-02
1.168822e-01;9.801193e-02;8.514908e-02;7.772023e-02;7.972614e-02;4.444433e-02;1.292375e-01;1.056585e-01;7.302474e-02;5.409605e-02;8.116717e-02;5.488215e-02
1.459255e-01;6.291672e-02;1.095895e-01;4.531900e-02;9.121953e-02;2.950211e-02;1.421000e-01;9.949724e-02;1.127093e-01;4.395884e-02;7.356136e-02;4.370092e-02
1.608288e-01;7.544979e-02;6.496914e-02;4.074457e-02;7.142191e-02;5.347150e-02;1.339889e-01;7.446215e-02;1.569532e-01;4.248593e-02;7.034872e-02;5.487533e-02
1.534961e-01;9.647235e-02;6.135881e-02;6.256554e-02;5.132215e-02;7.234818e-02;1.131270e-01;5.685189e-02;1.319172e-01;6.969040e-02;4.883593e-02;8.201450e-02
1.179103e-01;7.460057e-02;7.936680e-02;9.891283e-02;4.416261e-02;6.903981e-02;1.166876e-01;4.918896e-02;9.221517e-02;9.569145e-02;5.374658e-02;1.084773e-01
7.378001e-02;5.493717e-02;9.434684e-02;1.455347e-01;3.603303e-02;5.679418e-02;1.213751e-01;5.705498e-02;8.904869e-02;1.016295e-01;7.103869e-02;9.842715e-02
6.236655e-02;5.830316e-02;9.650322e-02;1.187928e-01;4.449167e-02;9.252532e-02;1.181990e-01;8.322717e-02;9.702581e-02;6.519225e-02;7.770913e-02;8.566388e-02
6.910945e-02;5.049766e-02;7.486108e-02;8.275238e-02;8.561017e-02;9.957308e-02;1.206010e-01;8.548808e-02;1.087635e-01;7.446321e-02;8.437929e-02;6.390099e-02
4.921135e-02;7.127401e-02;9.869204e-02;7.623208e-02;1.125869e-01;8.600204e-02;1.238813e-01;7.150165e-02;1.030725e-01;9.981474e-02;5.642222e-02;5.130925e-02
6.687307e-02;7.256429e-02;1.445378e-01;7.177738e-02;7.746098e-02;7.479820e-02;1.483551e-01;7.696252e-02;8.028436e-02;8.219642e-02;3.446395e-02;6.972595e-02
1.018007e-01;6.223211e-02;1.464083e-01;7.817959e-02;6.295388e-02;7.205121e-02;1.510341e-01;8.024057e-02;9.612155e-02;5.738802e-02;3.816395e-02;5.342593e-02
8.775359e-02;6.723258e-02;1.163090e-01;7.207188e-02;5.428330e-02;5.934221e-02;1.441465e-01;1.023653e-01;1.092596e-01;8.787954e-02;5.100243e-02;4.835401e-02
8.303431e-02;5.923878e-02;1.361306e-01;9.325327e-02;7.396834e-02;5.089445e-02;1.301086e-01;9.502902e-02;1.135110e-01;5.733457e-02;7.179972e-02;3.569727e-02
9.595920e-02;6.308955e-02;1.402864e-01;9.670951e-02;7.859443e-02;5.965040e-02;1.189933e-01;9.360481e-02;1.196514e-01;3.818359e-02;6.373335e-02;3.154405e-02
1.031295e-01;7.214122e-02;1.549171e-01;8.686916e-02;5.371593e-02;6.748528e-02;8.669963e-02;1.244648e-01;9.229391e-02;3.637959e-02;6.286876e-02;5.903503e-02
6.598155e-02;6.041126e-02;1.540344e-01;6.066407e-02;4.745968e-02;6.571310e-02;8.522799e-02;1.422786e-01;1.116204e-01;5.647212e-02;7.544935e-02;7.468748e-02
4.557077e-02;5.981471e-02;1.362973e-01;4.225566e-02;5.201225e-02;6.288376e-02;1.283376e-01;1.092942e-01;1.506146e-01;5.808324e-02;8.829174e-02;6.654425e-02
6.132353e-02;5.700804e-02;1.846377e-01;4.647358e-02;5.626032e-02;7.040091e-02;1.307140e-01;8.683316e-02;1.096331e-01;8.102311e-02;7.555313e-02;4.013944e-02
7.162844e-02;6.672566e-02;1.123728e-01;5.402232e-02;5.181400e-02;6.028245e-02;1.487316e-01;1.071471e-01;8.203176e-02;5.910026e-02;9.588104e-02;9.026266e-02
8.074819e-02;8.834939e-02;9.290470e-02;3.263796e-02;6.072922e-02;6.754471e-02;1.463526e-01;1.213346e-01;7.685973e-02;5.172073e-02;9.730414e-02;8.351402e-02
7.766008e-02;7.214691e-02;1.663609e-01;8.370890e-02;8.192611e-02;8.072603e-02;1.299681e-01;1.005230e-01;6.815862e-02;4.362059e-02;6.450327e-02;3.069746e-02
5.645628e-02;4.076960e-02;1.616718e-01;1.073077e-01;1.121023e-01;7.335504e-02;1.821447e-01;6.934848e-02;7.042165e-02;3.937563e-02;3.864338e-02;4.840349e-02
6.701618e-02;4.347681e-02;1.274956e-01;8.900557e-02;1.109836e-01;1.110792e-01;1.916460e-01;5.207447e-02;7.655554e-02;4.373919e-02;3.271841e-02;5.420946e-02
9.762054e-02;4.836929e-02;9.247757e-02;6.915461e-02;9.034152e-02;1.717161e-01;1.974529e-01;3.087933e-02;7.929461e-02;5.732384e-02;2.612900e-02;3.924067e-02
9.893969e-02;2.610345e-02;6.739447e-02;4.961586e-02;7.527968e-02;2.121480e-01;1.644214e-01;3.715484e-02;1.370422e-01;7.378779e-02;1.662822e-02;4.148439e-02
7.479382e-02;1.371219e-02;7.776663e-02;1.822431e-02;1.077944e-01;1.574890e-01;9.857014e-02;1.682160e-02;2.906538e-01;6.197381e-02;2.827833e-02;5.392204e-02
8.715158e-02;2.127670e-02;8.954149e-02;1.049165e-02;9.473481e-02;7.906971e-02;6.528233e-02;4.018895e-02;3.441942e-01;9.320512e-02;2.481239e-02;5.005114e-02
1.007699e-01;1.807940e-02;9.150257e-02;1.056507e-02;8.062311e-02;8.630134e-02;6.226026e-02;3.445324e-02;3.256791e-01;1.216715e-01;2.264261e-02;4.545189e-02
1.262612e-01;2.202559e-02;7.017450e-02;2.151172e-02;6.253967e-02;1.096309e-01;5.479901e-02;6.543604e-02;2.724957e-01;1.523470e-01;1.615635e-02;2.662230e-02
1.609679e-01;2.149650e-02;3.966807e-02;3.715322e-02;4.667490e-02;1.335891e-01;7.359267e-02;1.079326e-01;1.675192e-01;1.876497e-01;1.078546e-02;1.297070e-02
1.590734e-01;2.445699e-02;2.221410e-02;4.323800e-02;4.532589e-02;1.541679e-01;1.059615e-01;1.115263e-01;8.181830e-02;2.145670e-01;2.435828e-02;1.329235e-02
1.013873e-01;2.898116e-02;3.243439e-02;4.368296e-02;5.934025e-02;1.411941e-01;1.382839e-01;9.022313e-02;5.783045e-02;2.045419e-01;7.331155e-02;2.878899e-02
4.739689e-02;5.540699e-02;5.018385e-02;2.609882e-02;6.823882e-02;9.560222e-02;1.904704e-01;8.318478e-02;1.324978e-01;9.143194e-02;1.255405e-01;3.394701e-02
9.071421e-02;7.959547e-02;4.672800e-02;4.162262e-02;4.898774e-02;9.184596e-02;2.072281e-01;6.358944e-02;9.271564e-02;8.295567e-02;1.206807e-01;3.333648e-02
1.357179e-01;6.510503e-02;4.722175e-02;4.791573e-02;3.954463e-02;1.090663e-01;1.520145e-01;4.736130e-02;7.237729e-02;1.668091e-01;7.999486e-02;3.687177e-02
1.338467e-01;3.402383e-02;7.069054e-02;5.483153e-02;6.902951e-02;1.147829e-01;8.636054e-02;5.947985e-02;1.374441e-01;1.588032e-01;4.383230e-02;3.687502e-02
9.938281e-02;5.697243e-02;7.946671e-02;4.892644e-02;9.282956e-02;1.106425e-01;1.505070e-01;4.918622e-02;1.432819e-01;9.429202e-02;3.758128e-02;3.693113e-02
4.862708e-02;6.895881e-02;4.199084e-02;6.950604e-02;1.138452e-01;8.566196e-02;2.298688e-01;7.085310e-02;8.187201e-02;6.862897e-02;7.152493e-02;4.866233e-02
5.355250e-02;1.094724e-01;4.215378e-02;6.196435e-02;8.980813e-02;1.016921e-01;1.954958e-01;3.807751e-02;8.377932e-02;1.038648e-01;6.753144e-02;5.260782e-02
7.360445e-02;1.358769e-01;7.405105e-02;7.602790e-02;7.985863e-02;9.747794e-02;2.075353e-01;3.633072e-02;8.570075e-02;5.499928e-02;3.447904e-02;4.405802e-02
5.039657e-02;1.191324e-01;1.013216e-01;9.829860e-02;7.951096e-02;6.127195e-02;2.847883e-01;5.323122e-02;6.194715e-02;3.961513e-02;1.982157e-02;3.066464e-02
2.711207e-02;1.176099e-01;1.918195e-01;5.833245e-02;2.968221e-02;2.649695e-02;2.555653e-01;7.289799e-02;4.773843e-02;3.704625e-02;8.668267e-02;4.901629e-02
2.187143e-02;7.755544e-02;2.764294e-01;6.119676e-02;2.269874e-02;1.413323e-02;1.611887e-01;8.710721e-02;7.058235e-02;3.078013e-02;6.952635e-02;1.069303e-01
5.625785e-02;4.297091e-02;3.198384e-01;8.733462e-02;2.727565e-02;1.231666e-02;8.897162e-02;5.534652e-02;1.292967e-01;2.654310e-02;3.226787e-02;1.215801e-01
7.686254e-02;2.753355e-02;2.952829e-01;1.220880e-01;2.789143e-02;1.253471e-02;5.857537e-02;4.683349e-02;2.011617e-01;2.711317e-02;1.688301e-02;8.724019e-02
8.664988e-02;1.202273e-02;2.221021e-01;1.536840e-01;2.462871e-02;1.127247e-02;4.486477e-02;6.499599e-02;2.815557e-01;3.584181e-02;2.196317e-02;4.041868e-02
1.100410e-01;7.915286e-03;1.760811e-01;1.654525e-01;2.032864e-02;8.921154e-03;4.693983e-02;6.356651e-02;3.032209e-01;3.645390e-02;1.539397e-02;4.568524e-02
9.747892e-02;8.792308e-03;2.741204e-01;1.401364e-01;1.470208e-02;1.394309e-02;6.530528e-02;7.724819e-02;2.021806e-01;2.301950e-02;9.357930e-03;7.371535e-02
5.576762e-02;2.365967e-02;4.053792e-01;1.169651e-01;6.576938e-03;1.893993e-02;7.847191e-02;8.064540e-02;1.007270e-01;1.701813e-02;7.831966e-03;8.801716e-02
2.692009e-02;5.374378e-02;4.424881e-01;9.292927e-02;8.725992e-03;1.709408e-02;1.165836e-01;8.450320e-02;5.122690e-02;1.134284e-02;6.405405e-03;8.803678e-02
4.157329e-02;5.505009e-02;3.649670e-01;6.912682e-02;1.270515e-02;1.487901e-02;1.991443e-01;7.848834e-02;2.699959e-02;7.773254e-03;2.778566e-02;1.015074e-01
2.988640e-02;3.274735e-02;2.275156e-01;3.996366e-02;1.397018e-02;1.686561e-02;3.456544e-01;6.584880e-02;2.088613e-02;9.270228e-03;6.251118e-02;1.348805e-01
1.764407e-02;4.069564e-02;1.004097e-01;1.434422e-02;1.399540e-02;1.508807e-02;4.551899e-01;9.792433e-02;2.628922e-02;1.373983e-02;8.305237e-02;1.216272e-01
1.622628e-02;7.069062e-02;8.643100e-02;9.677164e-03;2.054556e-02;1.662981e-02;4.806332e-01;1.082145e-01;2.207861e-02;1.236112e-02;9.130944e-02;6.520272e-02
2.535340e-02;1.202357e-01;1.277266e-01;1.398111e-02;2.745024e-02;2.119548e-02;4.304621e-01;7.068360e-02;2.138422e-02;1.694491e-02;1.003410e-01;2.424171e-02
6.391577e-02;1.470721e-01;1.478856e-01;1.450362e-02;3.678396e-02;3.381390e-02;3.405513e-01;4.812400e-02;2.552642e-02;2.636838e-02;8.303511e-02;3.241983e-02
1.130763e-01;1.314782e-01;1.690808e-01;1.572735e-02;4.314429e-02;4.392812e-02;2.722153e-01;4.502569e-02;2.908123e-02;3.693149e-02;6.095707e-02;3.935416e-02
1.738647e-01;6.063575e-02;1.650372e-01;2.234778e-02;5.545577e-02;4.757403e-02;2.047530e-01;5.471122e-02;3.994947e-02;5.789243e-02;6.449961e-02;5.327901e-02
1.861633e-01;4.127526e-02;1.388453e-01;4.157165e-02;6.687251e-02;7.042741e-02;1.447859e-01;5.484026e-02;4.779228e-02;5.504704e-02;8.653726e-02;6.584180e-02
1.864516e-01;5.120480e-02;1.702226e-01;6.531893e-02;3.077748e-02;7.124079e-02;9.292283e-02;4.290976e-02;6.717461e-02;5.515510e-02;7.633430e-02;9.028710e-02
1.295652e-01;1.000005e-01;3.170786e-01;6.090788e-02;3.481631e-02;3.560686e-02;6.426922e-02;3.403893e-02;8.344890e-02;3.028078e-02;3.752002e-02;7.246679e-02
6.449389e-02;1.338020e-01;3.992715e-01;5.302940e-02;3.807941e-02;1.914015e-02;5.042011e-02;4.921425e-02;8.374593e-02;4.087303e-02;2.621539e-02;4.171483e-02
3.408678e-02;1.315587e-01;3.982846e-01;6.141028e-02;4.761499e-02;2.086093e-02;4.453605e-02;3.520269e-02;9.318748e-02;4.919369e-02;4.970262e-02;3.436125e-02
9.492163e-02;1.059289e-01;3.146454e-01;4.208814e-02;4.815133e-02;2.850384e-02;5.937541e-02;4.947371e-02;9.499536e-02;4.460197e-02;6.230461e-02;5.500968e-02
1.588397e-01;5.068212e-02;1.817704e-01;5.211215e-02;3.800466e-02;6.159961e-02;6.630022e-02;6.996468e-02;7.966951e-02;6.354786e-02;9.126182e-02;8.624718e-02
1.251818e-01;6.074621e-02;1.441227e-01;6.207420e-02;4.751023e-02;5.231845e-02;1.463101e-01;7.938048e-02;9.014651e-02;5.174824e-02;9.457100e-02;4.589007e-02
1.017026e-01;5.767052e-02;1.715923e-01;3.421232e-02;5.545091e-02;8.357196e-02;1.398125e-01;4.330671e-02;6.408732e-02;7.298876e-02;1.086865e-01;6.691756e-02
8.158692e-02;5.358337e-02;1.247118e-01;4.277502e-02;9.112460e-02;1.021252e-01;1.054317e-01;3.808536e-02;6.992275e-02;1.150174e-01;1.144478e-01;6.118815e-02
4.758468e-02;5.642735e-02;6.464227e-02;7.349756e-02;1.447325e-01;8.211237e-02;9.307246e-02;6.427815e-02;8.644427e-02;1.677911e-01;7.596119e-02;4.345614e-02
4.632168e-02;5.212593e-02;3.079622e-02;1.079430e-01;1.595403e-01;3.820048e-02;1.321950e-01;5.491856e-02;1.301015e-01;1.821963e-01;3.959895e-02;2.606213e-02
9.722869e-02;2.090369e-02;5.061047e-02;1.520172e-01;9.837236e-02;1.453260e-02;1.721333e-01;3.535352e-02;2.007829e-01;1.140985e-01;2.369710e-02;2.026962e-02
1.056700e-01;9.541329e-03;1.040597e-01;1.741893e-01;5.918762e-02;4.023201e-02;1.584969e-01;3.295485e-02;2.114613e-01;7.656340e-02;1.987078e-02;7.772829e-03
9.592906e-02;2.672944e-02;1.438740e-01;1.677428e-01;3.605913e-02;5.232267e-02;1.496147e-01;4.243688e-02;1.896080e-01;5.139387e-02;2.335321e-02;2.093622e-02
8.531836e-02;2.685866e-02;1.231333e-01;1.825892e-01;3.844306e-02;4.813107e-02;1.090579e-01;5.270975e-02;2.006432e-01;7.241207e-02;3.272967e-02;2.797373e-02
7.381891e-02;1.189404e-02;7.906628e-02;2.068358e-01;4.247364e-02;2.416620e-02;9.873115e-02;5.693178e-02;2.157746e-01;1.269221e-01;4.945340e-02;1.393199e-02
6.041531e-02;1.628119e-02;1.453636e-01;1.584404e-01;2.390778e-02;1.495623e-02;1.932577e-01;7.961630e-02;1.329965e-01;1.018109e-01;4.398502e-02;2.896909e-02
3.281503e-02;1.277198e-02;1.937127e-01;1.097856e-01;2.316015e-02;1.411954e-02;2.824877e-01;8.307067e-02;1.095979e-01;7.117948e-02;3.097164e-02;3.632767e-02
1.546253e-02;1.629503e-02;2.064375e-01;6.441821e-02;2.600650e-02;2.007192e-02;3.825092e-01;6.961060e-02;9.243076e-02;4.639140e-02;2.711977e-02;3.324655e-02
3.236335e-02;4.995741e-02;1.394876e-01;3.705856e-02;4.944393e-02;3.253382e-02;4.592449e-01;3.774557e-02;3.470779e-02;4.984873e-02;5.683283e-02;2.077542e-02
5.962735e-02;7.900599e-02;6.102451e-02;2.400442e-02;7.233135e-02;3.809636e-02;4.370228e-01;3.851725e-02;3.658547e-02;5.820680e-02;7.857739e-02;1.700028e-02
5.709270e-02;8.877542e-02;4.131472e-02;2.516957e-02;6.923754e-02;4.585222e-02;4.826809e-01;3.405754e-02;3.116634e-02;4.269895e-02;7.377997e-02;8.174103e-03
6.127987e-02;9.214466e-02;2.933738e-02;3.857940e-02;5.382637e-02;6.326005e-02;5.044395e-01;2.816693e-02;2.074046e-02;4.266259e-02;6.065175e-02;4.911133e-03
7.694548e-02;7.542388e-02;4.115291e-02;7.257135e-02;6.413119e-02;1.003776e-01;4.055846e-01;2.015525e-02;2.470489e-02;6.733624e-02;4.312877e-02;8.487834e-03
7.790735e-02;6.213124e-02;9.028848e-02;8.624858e-02;7.937066e-02;1.269513e-01;2.754552e-01;2.661663e-02;5.337382e-02;7.853737e-02;3.355278e-02;9.566549e-03
4.807896e-02;4.950527e-02;1.183783e-01;7.533988e-02;1.355045e-01;1.396502e-01;2.224610e-01;3.155600e-02;8.529048e-02;5.432054e-02;2.701456e-02;1.290034e-02
1.711163e-02;4.521951e-02;1.633716e-01;5.677779e-02;2.260360e-01;1.452325e-01;1.555413e-01;3.789128e-02;8.206644e-02;1.937156e-02;2.151388e-02;2.986656e-02
3.455390e-02;4.226564e-02;2.119374e-01;4.027070e-02;2.434738e-01;1.055769e-01;1.286745e-01;3.008604e-02;4.630240e-02;2.083211e-02;3.560499e-02;6.042157e-02
8.919453e-02;2.534447e-02;1.252376e-01;2.120001e-02;1.871569e-01;1.268625e-01;1.893573e-01;4.149473e-02;7.891621e-02;2.806921e-02;2.805808e-02;5.910845e-02
8.785962e-02;2.921963e-02;9.078579e-02;2.366106e-02;1.211859e-01;1.424768e-01;2.005527e-01;4.790204e-02;1.320276e-01;3.836131e-02;2.634787e-02;5.961965e-02
7.299384e-02;2.288420e-02;6.910433e-02;2.710468e-02;1.142565e-01;1.454320e-01;1.627594e-01;4.364576e-02;2.194498e-01;2.228876e-02;2.592829e-02;7.415251e-02
6.727476e-02;7.762379e-03;5.687042e-02;2.181443e-02;1.287794e-01;1.317473e-01;9.175250e-02;3.138165e-02;3.361173e-01;3.717437e-02;1.465330e-02;7.467217e-02
5.884064e-02;9.924396e-03;4.484840e-02;1.460591e-02;1.276177e-01;9.482703e-02;8.363795e-02;2.481445e-02;4.161814e-01;5.510580e-02;1.467793e-02;5.491849e-02
5.830645e-02;1.756802e-02;5.456220e-02;2.370086e-02;1.145732e-01;7.519570e-02;9.987591e-02;1.778040e-02;4.439614e-01;3.534710e-02;2.468340e-02;3.444536e-02
7.393625e-02;2.594000e-02;4.567080e-02;2.906162e-02;9.638847e-02;1.096926e-01;9.157208e-02;4.800519e-02;3.638673e-01;7.330599e-02;3.044074e-02;1.211894e-02
7.444567e-02;3.013013e-02;4.349418e-02;4.736178e-02;1.079442e-01;1.242937e-01;1.081426e-01;7.067467e-02;2.291825e-01;1.107651e-01;2.287812e-02;3.068734e-02
5.283123e-02;4.132250e-02;1.013684e-01;6.152803e-02;1.156064e-01;8.538259e-02;1.154322e-01;6.946690e-02;1.889156e-01;7.064634e-02;4.606910e-02;5.143075e-02
4.498223e-02;5.919159e-02;1.538818e-01;8.052140e-02;8.561680e-02;7.062419e-02;9.362342e-02;6.250109e-02;1.930945e-01;4.169956e-02;5.792430e-02;5.633906e-02
4.231581e-02;6.283022e-02;1.874654e-01;9.777643e-02;7.587351e-02;7.797322e-02;8.464188e-02;5.021321e-02;1.835919e-01;3.518495e-02;4.711067e-02;5.502280e-02
4.990804e-02;3.038171e-02;1.421730e-01;7.351509e-02;7.596906e-02;8.740658e-02;8.372859e-02;9.138605e-02;2.137617e-01;7.190489e-02;3.613328e-02;4.373204e-02
3.396570e-02;2.291203e-02;6.497461e-02;2.996008e-02;8.791244e-02;9.107713e-02;5.458930e-02;6.259889e-02;3.460319e-01;9.686003e-02;4.595203e-02;6.316588e-02
2.946545e-02;2.213075e-02;8.927025e-02;4.481791e-02;9.448000e-02;7.756151e-02;7.386816e-02;5.266329e-02;3.249523e-01;7.914583e-02;4.892062e-02;6.272399e-02
5.541166e-02;2.693897e-02;1.395475e-01;7.311923e-02;7.776877e-02;6.830449e-02;8.544861e-02;4.986000e-02;2.691777e-01;4.395805e-02;4.270564e-02;6.775941e-02
4.531495e-02;5.228575e-02;1.540802e-01;6.369636e-02;7.794730e-02;7.700604e-02;9.364812e-02;7.660252e-02;2.196515e-01;3.807664e-02;2.648164e-02;7.520895e-02
3.619872e-02;7.409369e-02;1.320397e-01;3.747169e-02;5.523531e-02;1.039421e-01;9.067851e-02;9.376276e-02;1.224638e-01;1.123455e-01;5.849295e-02;8.327519e-02
5.494347e-02;6.215142e-02;5.274473e-02;5.261512e-02;6.643831e-02;9.780305e-02;5.574339e-02;7.480916e-02;2.911212e-01;9.610685e-02;5.772990e-02;3.779342e-02
3.929161e-02;4.286758e-02;7.152810e-02;5.895609e-02;7.835178e-02;8.299377e-02;7.243317e-02;1.074967e-01;2.895564e-01;8.709440e-02;3.820772e-02;3.122265e-02
4.837511e-02;7.955869e-02;1.002420e-01;5.781683e-02;7.874997e-02;8.499195e-02;1.940487e-01;9.944177e-02;8.600554e-02;8.086628e-02;5.216176e-02;3.774142e-02
8.063436e-02;5.588057e-02;1.639434e-01;4.163212e-02;7.286945e-02;5.843041e-02;2.417013e-01;6.247890e-02;8.833133e-02;5.436423e-02;4.409908e-02;3.563479e-02
1.016656e-01;6.332295e-02;1.235386e-01;2.699299e-02;8.206507e-02;6.169584e-02;3.103853e-01;5.394731e-02;5.058059e-02;5.022400e-02;3.939414e-02;3.618755e-02
9.875270e-02;6.304594e-02;1.324450e-01;3.636562e-02;9.960025e-02;6.441449e-02;2.728722e-01;4.894586e-02;4.816099e-02;4.994388e-02;4.577793e-02;3.967514e-02
7.758616e-02;5.008865e-02;2.172571e-01;6.970412e-02;1.321359e-01;5.780205e-02;1.400291e-01;5.085890e-02;5.454324e-02;3.503715e-02;6.146614e-02;5.349143e-02
5.064797e-02;7.079408e-02;2.648870e-01;9.440422e-02;1.528652e-01;5.168105e-02;5.527147e-02;5.886012e-02;4.213201e-02;2.329351e-02;7.583649e-02;5.932682e-02
2.174329e-02;8.822714e-02;2.857690e-01;1.002415e-01;1.641231e-01;5.523633e-02;2.183831e-02;6.822988e-02;3.587555e-02;1.948585e-02;7.836781e-02;6.086226e-02
2.698511e-02;8.960664e-02;2.938490e-01;1.028100e-01;1.374529e-01;4.557513e-02;2.954090e-02;8.250213e-02;3.879097e-02;2.024488e-02;7.816165e-02;5.448068e-02
3.242186e-02;8.594558e-02;2.851229e-01;1.036627e-01;1.247798e-01;4.032136e-02;3.382039e-02;9.147687e-02;3.558050e-02;2.184825e-02;8.742182e-02;5.759791e-02
1.808390e-02;7.780991e-02;2.821760e-01;1.037019e-01;1.212302e-01;4.125076e-02;2.829712e-02;1.004916e-01;4.135217e-02;2.579132e-02;9.866794e-02;6.114720e-02
2.593927e-02;8.644150e-02;2.538921e-01;1.001739e-01;1.141753e-01;3.930915e-02;3.108740e-02;1.045937e-01;5.107490e-02;2.009667e-02;1.046013e-01;6.861483e-02
4.487283e-02;8.774895e-02;2.244623e-01;9.408425e-02;1.010882e-01;3.805112e-02;5.080869e-02;1.025787e-01;4.419670e-02;2.356701e-02;1.003406e-01;8.820063e-02
9.849503e-02;7.783747e-02;2.023343e-01;9.604266e-02;7.671929e-02;3.777285e-02;4.743718e-02;1.200900e-01;3.943938e-02;8.370434e-03;9.276137e-02;1.027000e-01
1.087304e-01;4.723700e-02;1.934381e-01;1.184589e-01;6.746434e-02;3.785601e-02;5.758726e-02;1.275429e-01;2.683179e-02;1.657451e-02;9.976087e-02;9.851784e-02
1.056378e-01;4.043073e-02;2.025874e-01;1.526554e-01;6.917662e-02;2.937049e-02;6.155544e-02;1.159953e-01;1.371925e-02;1.929309e-02;1.044990e-01;8.507945e-02
6.361870e-02;3.761623e-02;2.417239e-01;1.833337e-01;6.979693e-02;2.819521e-02;7.015287e-02;1.021238e-01;1.585279e-02;2.496091e-02;9.794504e-02;6.467995e-02
3.960117e-02;4.091219e-02;3.174277e-01;1.686514e-01;5.613067e-02;2.778545e-02;9.810716e-02;7.431258e-02;1.294691e-02;4.593234e-02;6.973074e-02;4.846174e-02
3.661309e-02;4.033524e-02;3.277993e-01;1.302237e-01;4.876039e-02;3.695407e-02;1.545845e-01;5.371949e-02;1.908033e-02;5.793006e-02;5.133502e-02;4.266470e-02
3.723655e-02;3.252570e-02;3.154993e-01;1.086433e-01;4.687236e-02;4.188690e-02;1.970718e-01;6.133771e-02;3.281363e-02;5.668191e-02;3.530362e-02;3.412720e-02
9.715575e-02;6.272664e-02;2.676275e-01;7.012267e-02;5.331831e-02;5.612733e-02;1.779230e-01;4.504055e-02;3.309290e-02;4.388914e-02;5.193576e-02;4.104049e-02
1.086498e-01;5.146791e-02;2.188832e-01;7.245906e-02;6.416460e-02;5.620627e-02;1.444628e-01;3.137751e-02;2.691266e-02;6.159037e-02;9.604129e-02;6.778453e-02
6.611555e-02;2.622756e-02;2.889876e-01;1.116600e-01;6.424962e-02;3.756941e-02;9.428146e-02;3.240564e-02;3.397569e-02;6.200977e-02;1.013283e-01;8.118948e-02
3.595804e-02;3.017698e-02;3.441276e-01;1.505353e-01;5.957637e-02;2.032982e-02;7.241772e-02;2.543325e-02;3.234293e-02;5.739842e-02;8.570116e-02;8.600247e-02
2.651116e-02;2.132637e-02;3.926655e-01;1.711953e-01;5.757200e-02;1.115906e-02;7.952029e-02;3.842553e-02;2.621320e-02;4.806392e-02;6.385520e-02;6.349251e-02
2.280339e-02;3.109267e-02;4.495483e-01;1.455149e-01;5.904177e-02;2.522624e-02;8.554134e-02;4.069341e-02;2.930243e-02;4.129300e-02;3.832695e-02;3.161565e-02
3.233754e-02;4.831230e-02;4.126558e-01;1.169162e-01;4.961550e-02;3.424356e-02;8.334264e-02;4.946562e-02;5.706243e-02;5.343978e-02;4.122399e-02;2.138460e-02
4.910081e-02;5.011180e-02;3.318757e-01;1.548517e-01;5.272424e-02;4.477749e-02;8.029273e-02;3.612690e-02;6.491240e-02;5.334753e-02;4.959738e-02;3.228132e-02
4.168354e-02;3.887447e-02;2.919663e-01;2.059432e-01;6.104256e-02;4.108715e-02;6.851007e-02;4.293385e-02;4.956924e-02;4.418635e-02;4.763515e-02;6.656805e-02
5.917875e-02;7.984874e-02;2.311831e-01;1.842280e-01;5.554650e-02;2.733189e-02;8.867068e-02;5.532946e-02;2.671257e-02;5.718068e-02;3.512546e-02;9.966418e-02
