1.025548e-01;8.060487e-02;5.000962e-02;3.193504e-02;5.858725e-02;9.601199e-02;1.988449e-01;1.716818e-01;6.995687e-02;4.695831e-02;5.546022e-02;3.739433e-02
9.843466e-02;1.359703e-01;6.150295e-02;4.834133e-02;4.764521e-02;7.309093e-02;1.932791e-01;1.556404e-01;4.990574e-02;3.736530e-02;6.858098e-02;3.024299e-02
8.414672e-02;1.340034e-01;6.388143e-02;6.195715e-02;5.319385e-02;5.996973e-02;1.807560e-01;1.487202e-01;4.072674e-02;3.855325e-02;9.066749e-02;4.342400e-02
9.353058e-02;1.252821e-01;5.742474e-02;5.667410e-02;6.568626e-02;5.916983e-02;1.945162e-01;1.689244e-01;3.472256e-02;4.986916e-02;6.446991e-02;2.973021e-02
1.127120e-01;1.366474e-01;4.219924e-02;4.741267e-02;6.665303e-02;2.594176e-02;1.693875e-01;1.756721e-01;4.236662e-02;7.029694e-02;8.003321e-02;3.067765e-02
1.185382e-01;1.063976e-01;4.803216e-02;7.850226e-02;6.028296e-02;7.889975e-02;1.032929e-01;1.361675e-01;5.668068e-02;6.749755e-02;1.252325e-01;2.047601e-02
4.977983e-02;8.458221e-02;3.333785e-02;4.168944e-02;3.896226e-02;9.279269e-02;2.021049e-01;2.111527e-01;6.403790e-02;6.156583e-02;8.998932e-02;3.000513e-02
5.072008e-02;4.965387e-02;1.764075e-02;3.636737e-02;4.210985e-02;9.074360e-02;1.960334e-01;2.026001e-01;6.633958e-02;5.544856e-02;1.053965e-01;8.694635e-02
3.836431e-02;3.706314e-02;1.781691e-02;3.242453e-02;6.158552e-02;8.578949e-02;1.661672e-01;1.722365e-01;7.172287e-02;5.008648e-02;9.532863e-02;1.714144e-01
4.110217e-02;3.093597e-02;1.669002e-02;2.888696e-02;7.449733e-02;6.733341e-02;1.051309e-01;1.066439e-01;7.454530e-02;4.873074e-02;5.692171e-02;3.485816e-01
1.030745e-01;1.574126e-02;2.013274e-02;3.127500e-02;7.328446e-02;5.669463e-02;4.141856e-02;4.402886e-02;1.216674e-01;4.108240e-02;4.797973e-02;4.036205e-01
1.801211e-01;9.139967e-03;2.009207e-02;2.183537e-02;5.580634e-02;1.174013e-01;5.870350e-02;4.941090e-02;1.132732e-01;1.018528e-01;3.290891e-02;2.394545e-01
2.024341e-01;2.192429e-02;1.445452e-02;2.694615e-02;2.784331e-02;2.108053e-01;1.172022e-01;6.779078e-02;6.129786e-02;1.730398e-01;1.948637e-02;5.677528e-02
1.284464e-01;4.731802e-02;1.740233e-02;2.961395e-02;3.203910e-02;2.216504e-01;1.564131e-01;9.623928e-02;4.987727e-02;1.370441e-01;1.835122e-02;6.560486e-02
9.778257e-02;6.622373e-02;2.551490e-02;2.128768e-02;5.237184e-02;1.848262e-01;1.624921e-01;1.007196e-01;5.275951e-02;6.895722e-02;3.100949e-02;1.360552e-01
9.734745e-02;7.937637e-02;2.652146e-02;1.667752e-02;4.835846e-02;1.391708e-01;1.797493e-01;1.325299e-01;4.212464e-02;5.260775e-02;4.414439e-02;1.413919e-01
1.207720e-01;6.449032e-02;2.073821e-02;1.825188e-02;3.638137e-02;1.506160e-01;2.329743e-01;1.350871e-01;3.162973e-02;5.886857e-02;2.757870e-02;1.026118e-01
1.298573e-01;4.335367e-02;1.748217e-02;1.719397e-02;2.625026e-02;2.223515e-01;2.532931e-01;6.045010e-02;5.231876e-02;4.721187e-02;2.322650e-02;1.070108e-01
7.812222e-02;2.828773e-02;1.432855e-02;4.398063e-02;2.658140e-02;2.086595e-01;2.952928e-01;1.482568e-01;4.396494e-02;5.470175e-02;3.095831e-02;2.686532e-02
4.535796e-02;2.762236e-02;1.178373e-02;3.513697e-02;1.804862e-02;2.248216e-01;3.564861e-01;1.960728e-01;2.176923e-02;3.605396e-02;2.447225e-02;2.374461e-03
5.279742e-02;1.521692e-02;6.158843e-03;1.888030e-02;3.551230e-02;2.997024e-01;3.461753e-01;1.503300e-01;2.443072e-02;1.538105e-02;1.002678e-02;2.538791e-02
4.150917e-02;1.643179e-02;9.464837e-03;1.574793e-02;9.943017e-02;2.949750e-01;2.530213e-01;1.005062e-01;7.791010e-02;1.470501e-02;1.065498e-02;6.564348e-02
2.743353e-02;4.726268e-02;2.587895e-02;4.276358e-02;1.566104e-01;1.861992e-01;1.338858e-01;9.051266e-02;1.481508e-01;1.555227e-02;3.102344e-02;9.472671e-02
5.849342e-02;1.395496e-01;5.040227e-02;5.765371e-02;1.043283e-01;6.935778e-02;7.072578e-02;1.676157e-01;1.251559e-01;2.375562e-02;6.141546e-02;7.154647e-02
1.078404e-01;2.177152e-01;5.275087e-02;4.230015e-02;5.974528e-02;4.660181e-02;7.746735e-02;2.053006e-01;5.144257e-02;2.243583e-02;6.833651e-02;4.806338e-02
1.215414e-01;2.010944e-01;3.474350e-02;2.170410e-02;8.012213e-02;7.447602e-02;1.006357e-01;1.756074e-01;7.525139e-02;2.751888e-02;4.679605e-02;4.050905e-02
1.467716e-01;9.058962e-02;1.510761e-02;2.554983e-02;8.154600e-02;1.187237e-01;1.434670e-01;9.905872e-02;7.546648e-02;2.968663e-02;1.327151e-01;4.131771e-02
1.666052e-01;1.129333e-01;2.619286e-02;2.673728e-02;6.701867e-02;1.162455e-01;1.294662e-01;9.137473e-02;3.152427e-02;3.673227e-02;1.529900e-01;4.217965e-02
1.498901e-01;9.687088e-02;3.356120e-02;2.672572e-02;4.376638e-02;1.257142e-01;1.415475e-01;1.330916e-01;5.877274e-02;5.959372e-02;8.844282e-02;4.202319e-02
1.705870e-01;3.938608e-02;2.002206e-02;2.144840e-02;2.228571e-02;8.292565e-02;1.126380e-01;1.210654e-01;6.257819e-02;3.903701e-02;2.836341e-01;2.439241e-02
1.827133e-01;6.795385e-02;1.783164e-02;1.788940e-02;1.371783e-02;6.248534e-02;1.406663e-01;9.212561e-02;7.038265e-02;2.732983e-02;2.808250e-01;2.607929e-02
1.387372e-01;6.389954e-02;2.084320e-02;1.308195e-02;1.308005e-02;9.058321e-02;1.646874e-01;6.840549e-02;8.093740e-02;2.381176e-02;2.962140e-01;2.571882e-02
4.734868e-02;4.236882e-02;1.946272e-02;9.153077e-03;4.128034e-02;1.414894e-01;1.466498e-01;8.752910e-02;7.942187e-02;5.328163e-02;3.133258e-01;1.868874e-02
6.710199e-02;3.610091e-02;1.329796e-02;2.267098e-02;9.083399e-02;1.297229e-01;1.067011e-01;1.404761e-01;6.870271e-02;1.072083e-01;2.043130e-01;1.287002e-02
7.814585e-02;3.599717e-02;2.219350e-02;6.065856e-02;1.040939e-01;6.904218e-02;1.360293e-01;1.477706e-01;1.235065e-01;1.229531e-01;8.929982e-02;1.030945e-02
7.510635e-02;5.198573e-02;4.894518e-02;1.005361e-01;5.816813e-02;3.420645e-02;1.599295e-01;1.321163e-01;1.679134e-01;7.958650e-02;8.594766e-02;5.558790e-03
8.030023e-02;1.000154e-01;5.107389e-02;8.817631e-02;4.359088e-02;2.942821e-02;1.456061e-01;1.587576e-01;1.361742e-01;5.522401e-02;1.040822e-01;7.571015e-03
7.520591e-02;1.110433e-01;3.842053e-02;5.660046e-02;4.413654e-02;2.417932e-02;1.975242e-01;2.187587e-01;8.920637e-02;3.869214e-02;9.928064e-02;6.951910e-03
3.035781e-02;8.483353e-02;2.606601e-02;2.072490e-02;4.902017e-02;4.231716e-02;2.260518e-01;3.099388e-01;6.046648e-02;2.739895e-02;1.122662e-01;1.055810e-02
2.753903e-02;5.808658e-02;1.527811e-02;3.254730e-02;5.987446e-02;6.912622e-02;1.819223e-01;3.927100e-01;5.663418e-02;3.870246e-02;5.641321e-02;1.116625e-02
4.089470e-02;5.294426e-02;1.251873e-02;2.064198e-02;5.778380e-02;7.778333e-02;1.900472e-01;4.085033e-01;6.463821e-02;3.686427e-02;3.276336e-02;4.616771e-03
4.080977e-02;5.334849e-02;2.265527e-02;3.657804e-02;7.431908e-02;6.552657e-02;1.896983e-01;4.079411e-01;5.449120e-02;3.168579e-02;1.285241e-02;1.009397e-02
4.295678e-02;3.663224e-02;2.550041e-02;8.564513e-02;5.525673e-02;4.579335e-02;1.918011e-01;3.105853e-01;8.723443e-02;5.103874e-02;5.876338e-02;8.792379e-03
4.289781e-02;2.161962e-02;2.809200e-02;1.128971e-01;3.736814e-02;4.095528e-02;2.002485e-01;2.565388e-01;1.156949e-01;7.885071e-02;5.504198e-02;9.795057e-03
6.870446e-02;3.243577e-02;2.715932e-02;4.809156e-02;3.433577e-02;5.472383e-02;1.495053e-01;1.286225e-01;5.298883e-02;8.709154e-02;3.026618e-01;1.367939e-02
7.925301e-02;5.158888e-02;1.701597e-02;1.383257e-02;5.989213e-02;5.880811e-02;9.023061e-02;6.071712e-02;2.769037e-02;7.913303e-02;4.499359e-01;1.190225e-02
5.909973e-02;4.573762e-02;1.727732e-02;2.194961e-02;5.468043e-02;8.302346e-02;5.646010e-02;6.145583e-02;2.273550e-02;6.253724e-02;5.090035e-01;6.039663e-03
6.279430e-02;3.177985e-02;2.572687e-02;1.366318e-02;2.303405e-02;1.216133e-01;4.658781e-02;3.961210e-02;2.743942e-02;3.799541e-02;5.610265e-01;8.727271e-03
6.359600e-02;2.057764e-02;2.787174e-02;7.243691e-03;1.721506e-02;1.176767e-01;6.745905e-02;2.712392e-02;4.165863e-02;2.767869e-02;5.657634e-01;1.613547e-02
1.263768e-01;2.189535e-02;1.431141e-02;1.104090e-02;2.297767e-02;6.968124e-02;1.274231e-01;3.485075e-02;3.986870e-02;2.294220e-02;4.671706e-01;4.146126e-02
1.913363e-01;3.552610e-02;7.526984e-03;2.360554e-02;1.471935e-02;3.053987e-02;1.986399e-01;4.309826e-02;2.372618e-02;3.272353e-02;3.282567e-01;7.030129e-02
2.217776e-01;4.284678e-02;5.121172e-03;3.233258e-02;5.305200e-03;1.677023e-02;2.137629e-01;4.305436e-02;1.370403e-02;5.410783e-02;2.723545e-01;7.886288e-02
2.388562e-01;5.230063e-02;3.743479e-03;3.366621e-02;1.626712e-03;1.943546e-02;2.066075e-01;3.226740e-02;6.443440e-03;4.945500e-02;2.727857e-01;8.281218e-02
2.234147e-01;5.813898e-02;2.705760e-03;2.759132e-02;2.432415e-03;2.241103e-02;1.783455e-01;2.482965e-02;2.702480e-03;2.446175e-02;3.488919e-01;8.407447e-02
1.982562e-01;7.990327e-02;4.173989e-03;1.781182e-02;6.384249e-03;1.942290e-02;1.363200e-01;1.335145e-02;3.734033e-03;1.388345e-02;4.367434e-01;7.001523e-02
1.628828e-01;8.273179e-02;1.055491e-02;1.192333e-02;1.588172e-02;1.777196e-02;9.851822e-02;3.029247e-02;8.042491e-03;1.633508e-02;5.027257e-01;4.233947e-02
1.286477e-01;7.469717e-02;2.040045e-02;1.583031e-02;1.912468e-02;2.028774e-02;7.408023e-02;6.508241e-02;1.446950e-02;2.710934e-02;5.146164e-01;2.565401e-02
1.722718e-01;7.647987e-02;2.274727e-02;2.574308e-02;1.771146e-02;2.447705e-02;6.986186e-02;9.138212e-02;2.465530e-02;3.741401e-02;4.140199e-01;2.323620e-02
2.771772e-01;7.822296e-02;2.112779e-02;3.705626e-02;1.925936e-02;3.233099e-02;1.366676e-01;9.179014e-02;3.727686e-02;6.345475e-02;1.710352e-01;3.460088e-02
2.118724e-01;7.475215e-02;1.714301e-02;2.041937e-02;1.328834e-02;2.615101e-02;1.379947e-01;5.814921e-02;1.956319e-02;4.702017e-02;3.405297e-01;3.311675e-02
1.849146e-01;3.125810e-02;1.836672e-02;1.641214e-02;1.382024e-02;2.144972e-02;1.593533e-01;7.179885e-02;1.327691e-02;2.086853e-02;4.196399e-01;2.884095e-02
2.287316e-01;8.378490e-02;2.039705e-02;1.964605e-02;1.274846e-02;1.836825e-02;1.382451e-01;5.315316e-02;1.127038e-02;1.961203e-02;3.653402e-01;2.870283e-02
2.381959e-01;6.202619e-02;1.638806e-02;1.537713e-02;1.171192e-02;2.059306e-02;1.292431e-01;7.605584e-02;1.182971e-02;3.183690e-02;3.597058e-01;2.703637e-02
2.129720e-01;9.856158e-02;1.893886e-02;1.273789e-02;1.564980e-02;3.432527e-02;1.422235e-01;1.005071e-01;3.514621e-02;5.957228e-02;2.331709e-01;3.619460e-02
1.504212e-01;6.204970e-02;1.704700e-02;3.169554e-02;2.560814e-02;5.206495e-02;1.218274e-01;7.953597e-02;6.964809e-02;1.188410e-01;2.247011e-01;4.655994e-02
1.128522e-01;4.142500e-02;1.978253e-02;3.750774e-02;3.520626e-02;5.199517e-02;7.412630e-02;1.026091e-01;9.125368e-02;2.019329e-01;1.935057e-01;3.780349e-02
9.789294e-02;6.812840e-02;4.937723e-02;3.647194e-02;2.706112e-02;4.545455e-02;8.815740e-02;1.115363e-01;8.524653e-02;2.466524e-01;1.206412e-01;2.337998e-02
1.420687e-01;1.781834e-01;6.081350e-02;2.908848e-02;2.128717e-02;4.588724e-02;1.149592e-01;1.383581e-01;8.035973e-02;1.080922e-01;7.106153e-02;9.840782e-03
2.175900e-01;2.411764e-01;4.657980e-02;3.151421e-02;1.902341e-02;3.179690e-02;1.023133e-01;1.318375e-01;6.997823e-02;3.449665e-02;6.543118e-02;8.262421e-03
2.931223e-01;2.702256e-01;3.590728e-02;6.520468e-02;1.655069e-02;2.314584e-02;8.448250e-02;8.638660e-02;4.607062e-02;2.511918e-02;4.310763e-02;1.067709e-02
2.730631e-01;1.949338e-01;4.341370e-02;1.025874e-01;2.941036e-02;3.984974e-02;8.635660e-02;7.862614e-02;2.665253e-02;4.564242e-02;5.227400e-02;2.719032e-02
1.841356e-01;1.555305e-01;6.953444e-02;6.940703e-02;6.819624e-02;5.544635e-02;9.949028e-02;6.883843e-02;4.420777e-02;5.329244e-02;9.229536e-02;3.962561e-02
1.510397e-01;1.739289e-01;5.623461e-02;1.192791e-01;8.323739e-02;4.568003e-02;9.414676e-02;5.378508e-02;4.577678e-02;4.377446e-02;1.031269e-01;2.999043e-02
2.070149e-01;1.492856e-01;4.333081e-02;1.124281e-01;5.753901e-02;3.467973e-02;9.396190e-02;7.642207e-02;5.045605e-02;4.019840e-02;1.129762e-01;2.170721e-02
2.300901e-01;1.410638e-01;5.551172e-02;6.110945e-02;2.678739e-02;3.819272e-02;1.283886e-01;1.035338e-01;4.757854e-02;4.375292e-02;1.037806e-01;2.021034e-02
1.166096e-01;9.406696e-02;8.811101e-02;1.926482e-01;5.087192e-02;1.001237e-01;1.235870e-01;6.970833e-02;3.196559e-02;3.477114e-02;6.020872e-02;3.732791e-02
6.972875e-02;6.080427e-02;7.664492e-02;2.335697e-01;4.940021e-02;1.144701e-01;1.301681e-01;7.714668e-02;3.666471e-02;4.424493e-02;6.795608e-02;3.920161e-02
7.605097e-02;4.678602e-02;5.782295e-02;2.087547e-01;4.505817e-02;1.022648e-01;1.387604e-01;8.984602e-02;4.305098e-02;4.650571e-02;1.108611e-01;3.423818e-02
1.592351e-01;6.494991e-02;3.941725e-02;6.821952e-02;2.616609e-02;4.332265e-02;1.023738e-01;1.210424e-01;3.002776e-02;3.753316e-02;2.852167e-01;2.249570e-02
2.630120e-01;7.307387e-02;1.734336e-02;1.535575e-02;1.043984e-02;1.848317e-02;6.931905e-02;1.005360e-01;1.378131e-02;2.668267e-02;3.693773e-01;2.259582e-02
3.505709e-01;9.751887e-02;8.844615e-03;1.243257e-02;1.261630e-02;1.302550e-02;5.203187e-02;7.195527e-02;1.099198e-02;1.936623e-02;3.264275e-01;2.421845e-02
4.543449e-01;1.180485e-01;8.150385e-03;1.279632e-02;2.061886e-02;1.170686e-02;3.777054e-02;8.852307e-02;1.163656e-02;1.276325e-02;2.009890e-01;2.265180e-02
3.860690e-01;1.191616e-01;2.046017e-02;1.169025e-02;2.986808e-02;1.601511e-02;4.618426e-02;1.615153e-01;6.334876e-02;2.016314e-02;1.118269e-01;1.369749e-02
2.378520e-01;2.622542e-01;7.556393e-02;1.669834e-02;9.193824e-03;1.759672e-02;2.835663e-02;6.487568e-02;7.723409e-02;6.910352e-02;1.317139e-01;9.557146e-03
1.260441e-01;1.922821e-01;1.961921e-01;2.824940e-02;9.001644e-03;1.537390e-02;3.657625e-02;2.806755e-02;4.673482e-02;1.996369e-01;1.108766e-01;1.096452e-02
3.411186e-02;9.764089e-02;3.046008e-01;3.048299e-02;9.141892e-03;7.668400e-03;4.470012e-02;2.935277e-02;2.465218e-02;3.057011e-01;1.035706e-01;8.376397e-03
2.906293e-02;3.544287e-02;3.824272e-01;3.653606e-02;7.456848e-03;7.966225e-03;5.614639e-02;1.920703e-02;2.217027e-02;3.168195e-01;7.663563e-02;1.012900e-02
4.153294e-02;6.569599e-02;4.360802e-01;5.621926e-02;6.629012e-03;5.300946e-03;5.774151e-02;2.041553e-02;1.080658e-02;2.723249e-01;2.290782e-02;4.345299e-03
5.898285e-02;1.646668e-01;3.847313e-01;4.015725e-02;8.682866e-03;9.434596e-03;3.564197e-02;2.501244e-02;2.284213e-02;2.257320e-01;1.618442e-02;7.931391e-03
1.987150e-01;2.450441e-01;1.996077e-01;2.475883e-02;2.830706e-02;1.916404e-02;1.938717e-02;4.009937e-02;4.958483e-02;1.171659e-01;2.370239e-02;3.446373e-02
3.059096e-01;1.646654e-01;5.009510e-02;2.574742e-02;4.078130e-02;1.551946e-02;2.616691e-02;5.875375e-02;5.358279e-02;4.735450e-02;1.249747e-01;8.644903e-02
2.143041e-01;5.902235e-02;6.481802e-02;2.443323e-02;3.346989e-02;1.407097e-02;4.590530e-02;7.945012e-02;4.205820e-02;6.953829e-02;2.559678e-01;9.696178e-02
9.202513e-02;4.035135e-02;7.391726e-02;2.230015e-02;2.716350e-02;2.501062e-02;8.679532e-02;1.140366e-01;4.165494e-02;9.595156e-02;3.159259e-01;6.486759e-02
9.879760e-02;7.659493e-02;8.598644e-02;1.606479e-02;1.582466e-02;4.959838e-02;1.317340e-01;1.558653e-01;3.757647e-02;1.117703e-01;1.851989e-01;3.498829e-02
1.732423e-01;7.087119e-02;6.065135e-02;4.099770e-02;3.828618e-02;5.614846e-02;9.379335e-02;1.228554e-01;3.762738e-02;9.270878e-02;1.346759e-01;7.814210e-02
1.488016e-01;7.767951e-02;5.985801e-02;4.542108e-02;3.673878e-02;4.604439e-02;7.050744e-02;1.134931e-01;5.574822e-02;6.854093e-02;2.120066e-01;6.516039e-02
1.105542e-01;1.001745e-01;6.683771e-02;6.645440e-02;4.659566e-02;4.797266e-02;1.015271e-01;1.096576e-01;6.170310e-02;4.941352e-02;2.060480e-01;3.306152e-02
1.288924e-01;7.882199e-02;7.750357e-02;7.252570e-02;8.148521e-02;5.865477e-02;9.411659e-02;1.020420e-01;6.373347e-02;6.084986e-02;1.352462e-01;4.612821e-02
1.284985e-01;8.995482e-02;9.591414e-02;6.217523e-02;9.070207e-02;6.637780e-02;7.165563e-02;1.390823e-01;7.998700e-02;6.996385e-02;7.687443e-02;2.881424e-02
1.089261e-01;1.108123e-01;6.324112e-02;5.352223e-02;7.627493e-02;6.562877e-02;1.072028e-01;1.520448e-01;8.696853e-02;7.103177e-02;7.631428e-02;2.803240e-02
1.310065e-01;1.351608e-01;2.304556e-02;2.202289e-02;4.968452e-02;6.329040e-02;1.225618e-01;1.983120e-01;9.162121e-02;5.572056e-02;7.319967e-02;3.437417e-02
1.386504e-01;1.169338e-01;2.055007e-02;3.204363e-02;4.034643e-02;4.498085e-02;1.654250e-01;2.237183e-01;7.106607e-02;4.511128e-02;5.828105e-02;4.289308e-02
1.007471e-01;7.153466e-02;2.206261e-02;3.790065e-02;3.307851e-02;4.040612e-02;2.185356e-01;2.049564e-01;4.122189e-02;4.459141e-02;1.402079e-01;4.475712e-02
4.953146e-02;4.104862e-02;2.368245e-02;2.992009e-02;3.961664e-02;6.508184e-02;2.154081e-01;1.622082e-01;4.664346e-02;7.261417e-02;2.152052e-01;3.903976e-02
4.607023e-02;4.346361e-02;1.721696e-02;2.730634e-02;5.837416e-02;5.511700e-02;1.184181e-01;1.491040e-01;7.638611e-02;1.788915e-01;1.989432e-01;3.070872e-02
7.436651e-02;4.113068e-02;2.449624e-02;5.908058e-02;4.837107e-02;2.400990e-02;9.925495e-02;1.222440e-01;1.722492e-01;1.978448e-01;1.184345e-01;1.851756e-02
8.223082e-02;8.060912e-02;4.306307e-02;7.858644e-02;2.933210e-02;1.632603e-02;9.735639e-02;1.880475e-01;2.021771e-01;8.844518e-02;8.226907e-02;1.155710e-02
1.016191e-01;1.595751e-01;4.543428e-02;5.694230e-02;2.536723e-02;2.408434e-02;1.269598e-01;2.143135e-01;1.288469e-01;3.921549e-02;5.829946e-02;1.934240e-02
8.605809e-02;1.636662e-01;3.094362e-02;2.453445e-02;1.902516e-02;3.156336e-02;2.404467e-01;2.221323e-01;6.216044e-02;1.810154e-02;8.818851e-02;1.317953e-02
5.484920e-02;1.411549e-01;1.667553e-02;1.821430e-02;1.447405e-02;4.248221e-02;3.319796e-01;2.282076e-01;3.764331e-02;2.563126e-02;7.843003e-02;1.025797e-02
7.964851e-02;1.360670e-01;1.404910e-02;2.530913e-02;1.230586e-02;5.773005e-02;3.534220e-01;1.818664e-01;5.813121e-02;4.168352e-02;3.276392e-02;7.023245e-03
1.540027e-01;1.564596e-01;1.918287e-02;2.549764e-02;2.241112e-02;6.944258e-02;2.839915e-01;8.289470e-02;5.211008e-02;4.257667e-02;7.454176e-02;1.688883e-02
1.681019e-01;1.477289e-01;2.311032e-02;2.373989e-02;2.475821e-02;7.584697e-02;2.884960e-01;6.234086e-02;3.232733e-02;3.648346e-02;1.037342e-01;1.333200e-02
1.499416e-01;8.005743e-02;2.415972e-02;1.900491e-02;2.220810e-02;7.062228e-02;3.269643e-01;1.506052e-01;3.120443e-02;2.875793e-02;7.913118e-02;1.734293e-02
1.565845e-01;7.425404e-02;3.345221e-02;2.807029e-02;3.105578e-02;5.687368e-02;3.004428e-01;1.648675e-01;4.749897e-02;2.687300e-02;6.183180e-02;1.819538e-02
9.614594e-02;4.024820e-02;4.511373e-02;4.534556e-02;4.557823e-02;6.572802e-02;3.146809e-01;1.073208e-01;7.713499e-02;4.384889e-02;9.873794e-02;2.011689e-02
1.604858e-01;6.958263e-02;3.458303e-02;4.026094e-02;4.385221e-02;8.879773e-02;3.239489e-01;6.927220e-02;7.773393e-02;4.037265e-02;4.240743e-02;8.702488e-03
2.066084e-01;5.540688e-02;3.156335e-02;1.946015e-02;2.440381e-02;1.005600e-01;3.173611e-01;1.093382e-01;5.911870e-02;2.002989e-02;4.817576e-02;7.973735e-03
2.033714e-01;6.280334e-02;3.353821e-02;1.806174e-02;1.914270e-02;9.387897e-02;3.027927e-01;1.362784e-01;3.482703e-02;1.478404e-02;7.411233e-02;6.409156e-03
2.395649e-01;5.770027e-02;4.352670e-02;4.096875e-02;2.722287e-02;7.789959e-02;2.240148e-01;9.716049e-02;3.917938e-02;1.424158e-02;1.277429e-01;1.077784e-02
2.840350e-01;4.369945e-02;4.141720e-02;5.423895e-02;3.669404e-02;5.269018e-02;1.294204e-01;4.873875e-02;4.985810e-02;1.411728e-02;2.282146e-01;1.687594e-02
2.271707e-01;3.728587e-02;4.016067e-02;5.345133e-02;3.101530e-02;3.100671e-02;7.395311e-02;5.706218e-02;5.248911e-02;1.813399e-02;3.607846e-01;1.748642e-02
1.028609e-01;4.732648e-02;4.425469e-02;8.126362e-02;2.363645e-02;2.033156e-02;5.775006e-02;6.199357e-02;5.795524e-02;2.680325e-02;4.608036e-01;1.502069e-02
5.964045e-02;8.327562e-02;5.236553e-02;6.732202e-02;2.285127e-02;1.327515e-02;6.164674e-02;5.727308e-02;5.729780e-02;3.543176e-02;4.765588e-01;1.306176e-02
1.074819e-01;1.369083e-01;8.444910e-02;4.956113e-02;2.929715e-02;1.494480e-02;1.027095e-01;5.649841e-02;4.539597e-02;4.118365e-02;3.201850e-01;1.138513e-02
9.683346e-02;1.741805e-01;7.524522e-02;6.190373e-02;3.226022e-02;1.633801e-02;9.083232e-02;3.593558e-02;3.203557e-02;4.015261e-02;3.377953e-01;6.487428e-03
9.491083e-02;2.234338e-01;6.251266e-02;6.240054e-02;3.697050e-02;2.106903e-02;6.499302e-02;5.610776e-02;3.189680e-02;4.129091e-02;2.956215e-01;8.792652e-03
1.626827e-01;3.818731e-01;7.226583e-02;5.095632e-02;3.797960e-02;2.593794e-02;4.204080e-02;1.043171e-01;4.585034e-02;4.229173e-02;1.482030e-02;1.898423e-02
1.070952e-01;3.379787e-01;5.286363e-02;2.662218e-02;1.726622e-02;2.421685e-02;7.157318e-02;1.220221e-01;2.746641e-02;3.263519e-02;1.645617e-01;1.569863e-02
2.159188e-01;2.864841e-01;3.849936e-02;2.557620e-02;2.743460e-02;2.393026e-02;7.516728e-02;1.484657e-01;2.631458e-02;2.211311e-02;9.920998e-02;1.088606e-02
2.140423e-01;1.792321e-01;3.280959e-02;3.525734e-02;3.063086e-02;2.999336e-02;1.008772e-01;1.359322e-01;2.813017e-02;2.634612e-02;1.792539e-01;7.494963e-03
1.442057e-01;1.329332e-01;4.615797e-02;3.373563e-02;2.687072e-02;2.850457e-02;1.129456e-01;1.211927e-01;2.986206e-02;4.224036e-02;2.697399e-01;1.161140e-02
1.482113e-01;1.310086e-01;6.231387e-02;2.261251e-02;2.178964e-02;4.261242e-02;1.028386e-01;1.139853e-01;2.862105e-02;4.951098e-02;2.567842e-01;1.971153e-02
1.483104e-01;1.871120e-01;8.756518e-02;2.040182e-02;3.242894e-02;4.966566e-02;1.347191e-01;1.116864e-01;4.963005e-02;5.432760e-02;9.977631e-02;2.437649e-02
