9.326918e-02;6.769352e-02;1.729924e-01;5.748409e-02;5.340786e-02;8.097012e-02;9.399145e-02;8.297521e-02;1.174031e-01;9.779684e-02;4.828341e-02;3.373282e-02
5.541318e-02;7.037732e-02;1.721627e-01;7.331736e-02;5.694636e-02;7.407247e-02;1.214740e-01;8.570872e-02;1.117269e-01;1.035288e-01;3.642546e-02;3.884674e-02
7.077719e-02;7.488921e-02;1.431839e-01;7.197301e-02;7.839592e-02;8.311888e-02;1.215209e-01;6.485968e-02;8.137066e-02;9.290723e-02;8.209751e-02;3.490597e-02
8.873360e-02;6.732769e-02;1.503406e-01;3.056449e-02;5.422100e-02;7.487991e-02;1.398792e-01;9.344488e-02;8.973067e-02;1.071995e-01;7.219622e-02;3.148215e-02
1.890514e-01;1.082482e-01;1.731488e-01;4.168367e-02;6.299844e-02;5.223663e-02;1.252693e-01;4.857137e-02;6.954723e-02;4.241651e-02;4.000039e-02;4.682811e-02
2.168766e-01;1.111150e-01;1.404041e-01;4.056524e-02;7.767034e-02;4.810550e-02;1.159991e-01;3.708354e-02;7.832477e-02;4.001302e-02;3.628109e-02;5.756172e-02
2.132959e-01;1.006952e-01;1.370783e-01;4.566513e-02;1.036036e-01;4.821959e-02;8.014361e-02;3.357945e-02;9.215721e-02;4.089127e-02;3.738213e-02;6.728867e-02
1.757152e-01;7.032417e-02;1.381113e-01;4.642154e-02;1.596442e-01;7.230503e-02;6.292231e-02;3.372458e-02;1.049151e-01;3.069472e-02;3.013621e-02;7.508557e-02
1.311247e-01;1.453414e-02;9.241474e-02;3.079558e-02;2.024702e-01;1.519529e-01;1.744641e-01;2.740963e-02;8.640800e-02;2.049025e-02;1.543386e-02;5.250181e-02
1.102682e-01;2.490122e-02;3.216587e-02;2.043033e-02;1.635274e-01;2.318998e-01;2.808463e-01;2.678080e-02;4.010994e-02;4.203455e-02;7.593732e-03;1.944184e-02
6.887700e-02;1.941903e-02;3.082268e-02;2.695246e-02;1.196817e-01;2.145941e-01;4.204362e-01;2.107831e-02;1.556135e-02;4.977133e-02;5.044858e-03;7.761059e-03
2.901676e-02;3.233803e-02;2.239995e-02;2.289640e-02;8.894432e-02;1.427871e-01;5.799343e-01;1.768559e-02;1.710869e-02;3.080276e-02;1.057046e-02;5.515646e-03
1.795499e-02;5.273329e-02;1.666852e-02;9.920479e-03;5.569633e-02;6.589070e-02;6.803113e-01;3.291102e-02;2.372438e-02;1.420427e-02;2.515604e-02;4.828743e-03
1.396894e-02;4.608697e-02;1.492452e-02;4.302234e-03;3.755363e-02;4.459715e-02;7.061847e-01;6.734682e-02;2.215511e-02;9.746938e-03;2.921661e-02;3.916381e-03
9.912099e-03;2.305695e-02;3.520742e-02;4.187331e-03;2.453390e-02;2.821697e-02;7.071149e-01;1.133545e-01;2.144808e-02;1.009041e-02;1.758143e-02;5.295968e-03
7.780760e-03;1.081623e-02;6.809932e-02;4.131100e-03;1.812641e-02;2.461253e-02;6.313064e-01;1.595892e-01;3.195678e-02;2.213902e-02;6.455336e-03;1.498700e-02
8.345921e-03;9.320789e-03;9.257237e-02;4.136398e-03;1.122837e-02;2.891174e-02;5.456610e-01;1.885671e-01;4.456877e-02;3.189842e-02;3.824248e-03;3.096487e-02
9.813315e-03;1.618113e-02;9.874784e-02;1.125478e-02;8.977884e-03;3.180315e-02;4.770113e-01;1.924371e-01;6.902163e-02;3.678922e-02;4.849338e-03;4.311329e-02
1.251717e-02;1.407584e-02;7.430971e-02;3.200983e-02;1.186411e-02;3.234142e-02;4.339364e-01;1.676041e-01;1.347203e-01;4.991278e-02;3.907538e-03;3.280080e-02
1.853324e-02;9.319799e-03;4.788534e-02;8.112696e-02;5.280511e-03;1.973144e-02;3.526761e-01;1.407647e-01;2.215333e-01;7.948882e-02;9.394131e-03;1.426561e-02
2.960792e-02;7.542565e-03;1.829368e-02;1.301315e-01;5.414340e-03;1.740174e-02;2.718435e-01;9.832697e-02;2.927345e-01;1.071440e-01;1.208312e-02;9.476210e-03
4.761788e-02;8.372033e-03;1.200509e-02;1.447644e-01;1.069493e-02;1.246413e-02;1.937311e-01;8.924703e-02;3.224616e-01;1.335427e-01;1.795649e-02;7.142583e-03
6.203875e-02;9.607784e-03;1.569548e-02;1.467311e-01;1.879836e-02;8.944678e-03;8.814253e-02;7.495015e-02;3.274363e-01;2.066468e-01;3.372363e-02;7.284346e-03
6.167353e-02;1.307436e-02;2.546167e-02;1.030694e-01;3.929424e-02;1.481501e-02;8.592795e-02;4.769668e-02;2.477286e-01;2.995940e-01;4.712398e-02;1.454068e-02
3.841087e-02;1.761502e-02;2.269025e-02;3.732356e-02;1.042948e-01;1.359958e-02;9.734167e-02;2.480815e-02;1.550411e-01;4.100722e-01;7.024395e-02;8.558847e-03
3.099238e-02;2.036724e-02;2.549836e-02;2.029898e-02;1.566707e-01;1.010499e-02;8.272741e-02;3.005176e-02;1.271504e-01;3.883270e-01;9.670542e-02;1.110550e-02
3.477324e-02;3.618382e-02;2.248284e-02;2.214660e-02;1.977780e-01;1.136220e-02;1.292572e-02;3.912970e-02;1.111042e-01;3.638096e-01;1.255291e-01;2.277509e-02
3.073104e-02;4.391875e-02;2.144897e-02;2.428045e-02;1.706964e-01;1.250427e-02;4.066209e-02;3.505220e-02;6.075018e-02;3.744642e-01;1.655733e-01;1.991803e-02
3.656867e-02;3.412037e-02;1.212066e-02;2.412479e-02;1.163373e-01;3.030228e-02;2.567771e-02;2.940945e-02;5.350661e-02;3.766355e-01;2.366838e-01;2.451280e-02
2.080114e-02;2.921335e-02;2.722085e-02;2.409243e-02;6.065786e-02;6.127681e-02;3.617056e-02;1.967425e-02;5.273429e-02;3.128153e-01;3.188380e-01;3.650514e-02
8.469295e-02;2.468053e-02;2.538280e-02;1.538096e-02;3.528192e-02;8.766667e-02;3.813819e-02;1.344500e-02;4.223749e-02;2.142409e-01;3.525966e-01;6.625599e-02
2.804543e-01;9.323382e-02;5.167443e-02;1.070230e-02;3.004003e-02;5.129942e-02;4.100775e-02;1.727759e-02;2.827233e-02;8.158077e-02;1.957479e-01;1.187094e-01
4.701011e-01;1.357732e-01;6.345918e-02;1.537913e-02;2.853009e-02;1.790482e-02;2.413296e-02;1.475100e-02;1.641373e-02;3.254789e-02;7.989819e-02;1.011087e-01
6.052995e-01;1.387917e-01;3.733647e-02;1.339951e-02;2.608579e-02;1.213419e-02;1.846384e-02;1.226895e-02;1.453150e-02;2.295669e-02;3.597171e-02;6.276014e-02
6.406873e-01;1.139756e-01;2.444268e-02;1.177064e-02;2.526570e-02;1.320143e-02;1.658312e-02;1.496966e-02;1.279734e-02;1.877350e-02;1.901504e-02;8.851798e-02
6.344619e-01;9.029952e-02;1.699122e-02;1.930391e-02;1.494660e-02;1.382388e-02;2.226975e-02;1.390335e-02;1.134598e-02;1.190499e-02;1.616724e-02;1.345817e-01
5.636073e-01;6.789684e-02;3.096563e-02;3.626371e-02;1.555587e-02;1.311397e-02;2.288743e-02;9.705160e-03;8.815886e-03;1.920922e-02;3.577178e-02;1.762072e-01
4.577842e-01;7.464118e-02;2.905100e-02;4.716552e-02;2.217392e-02;1.010633e-02;3.209889e-02;9.962023e-03;1.690906e-02;2.341569e-02;6.716959e-02;2.095225e-01
2.299033e-01;8.056562e-02;7.372440e-02;4.880593e-02;3.877096e-02;2.074593e-02;6.296173e-02;2.236133e-02;3.764369e-02;6.267819e-02;1.382677e-01;1.835712e-01
1.479632e-01;6.837467e-02;9.253431e-02;3.471577e-02;6.651914e-02;5.185053e-02;8.994459e-02;3.625839e-02;4.580773e-02;9.532060e-02;1.543973e-01;1.163137e-01
1.596618e-01;7.382971e-02;8.897558e-02;4.212232e-02;8.038082e-02;8.617228e-02;9.378210e-02;7.001226e-02;5.741614e-02;8.472823e-02;7.798758e-02;8.493120e-02
1.668500e-01;7.745178e-02;1.041236e-01;5.120751e-02;7.357851e-02;7.004739e-02;1.156061e-01;8.796236e-02;6.068343e-02;5.429316e-02;5.400425e-02;8.419198e-02
1.909188e-01;5.293274e-02;1.112811e-01;5.504958e-02;7.329101e-02;4.431333e-02;1.466840e-01;8.240102e-02;6.388733e-02;4.230651e-02;4.771470e-02;8.921997e-02
1.326471e-01;8.405276e-02;9.127063e-02;4.648004e-02;7.000846e-02;6.881019e-02;1.520655e-01;4.384671e-02;7.947071e-02;6.547838e-02;6.936703e-02;9.650245e-02
1.063242e-01;1.044988e-01;9.163223e-02;9.594516e-02;7.703307e-02;4.477685e-02;6.131828e-02;2.634128e-02;3.438900e-02;1.016589e-01;1.405799e-01;1.155023e-01
1.172358e-01;1.106226e-01;1.002854e-01;7.307109e-02;6.326615e-02;4.373863e-02;6.185403e-02;2.330760e-02;5.981349e-02;9.217909e-02;1.168556e-01;1.377705e-01
1.506007e-01;1.140601e-01;1.236090e-01;6.899434e-02;5.484724e-02;3.297642e-02;6.553958e-02;3.711186e-02;8.689409e-02;6.655979e-02;7.130363e-02;1.275032e-01
1.435154e-01;9.947859e-02;1.600637e-01;5.201107e-02;7.862049e-02;3.836717e-02;8.449949e-02;4.458862e-02;1.084225e-01;3.997886e-02;5.353999e-02;9.691416e-02
7.147544e-02;6.168137e-02;1.896995e-01;8.245795e-02;1.433317e-01;6.684444e-02;1.180045e-01;2.696952e-02;1.122342e-01;3.545431e-02;5.556839e-02;3.627859e-02
2.337984e-02;3.264952e-02;1.125530e-01;1.145787e-01;1.787616e-01;1.531622e-01;2.187877e-01;3.140257e-02;6.430439e-02;3.019745e-02;2.516299e-02;1.506001e-02
3.966823e-02;1.960913e-02;6.031348e-02;7.176460e-02;1.511788e-01;2.100232e-01;2.705045e-01;1.753923e-02;7.081299e-02;1.962289e-02;1.238542e-02;5.657763e-02
3.287831e-02;1.789840e-02;7.714000e-02;6.307939e-02;2.110015e-01;1.427650e-01;1.653688e-01;9.769716e-03;1.030309e-01;2.166509e-02;1.923995e-02;1.361630e-01
3.801304e-02;2.097918e-02;1.064046e-01;9.948073e-02;2.025576e-01;6.854084e-02;9.321785e-02;2.808452e-02;8.755296e-02;2.386163e-02;4.511362e-02;1.861934e-01
4.646658e-02;4.195125e-02;1.474905e-01;1.703562e-01;1.238386e-01;4.982708e-02;5.173291e-02;5.038520e-02;4.278054e-02;2.481098e-02;1.041980e-01;1.461622e-01
3.627091e-02;5.844999e-02;1.617514e-01;2.688501e-01;6.212186e-02;3.370119e-02;3.317421e-02;5.187486e-02;3.424543e-02;3.003668e-02;1.654801e-01;6.404321e-02
3.599485e-02;4.153838e-02;1.471786e-01;3.708431e-01;5.587845e-02;2.275337e-02;3.222308e-02;3.796190e-02;4.738102e-02;2.949995e-02;1.596734e-01;1.907400e-02
2.779749e-02;3.000550e-02;1.232290e-01;4.606893e-01;4.516401e-02;2.904561e-02;2.177927e-02;4.697783e-02;3.148640e-02;2.641365e-02;1.424617e-01;1.495012e-02
1.198081e-02;3.534596e-02;9.473376e-02;5.241594e-01;3.580417e-02;4.508046e-02;1.503678e-02;5.995499e-02;1.644061e-02;1.695191e-02;1.331281e-01;1.138302e-02
9.538767e-03;2.778442e-02;8.980979e-02;5.408550e-01;4.068527e-02;5.448237e-02;1.588784e-02;5.823210e-02;1.770756e-02;1.769957e-02;1.187212e-01;8.596151e-03
8.189296e-03;1.200225e-02;7.696434e-02;5.796093e-01;3.636444e-02;6.116248e-02;1.178485e-02;6.367657e-02;1.271543e-02;1.508554e-02;1.143940e-01;8.051514e-03
7.490595e-03;1.531192e-02;8.297693e-02;5.839562e-01;3.745248e-02;6.591640e-02;1.025959e-02;5.693331e-02;9.417422e-03;1.163243e-02;1.133606e-01;5.292098e-03
2.684876e-03;2.874821e-02;7.591665e-02;5.727281e-01;3.894047e-02;6.319165e-02;3.743733e-03;6.610742e-02;1.269960e-02;8.854582e-03;1.192659e-01;7.118830e-03
3.198640e-03;5.317070e-02;7.419695e-02;5.402518e-01;3.304490e-02;4.565179e-02;4.901598e-03;7.675856e-02;8.556007e-03;1.455702e-02;1.306943e-01;1.501781e-02
4.403956e-03;8.454783e-02;6.654582e-02;4.699600e-01;4.799983e-02;2.853167e-02;1.010852e-02;5.901592e-02;7.842368e-03;3.118951e-02;1.558142e-01;3.404038e-02
9.787889e-03;9.230535e-02;7.739594e-02;3.281997e-01;8.686759e-02;2.799483e-02;1.422766e-02;4.905592e-02;1.635534e-02;6.107072e-02;1.789760e-01;5.776304e-02
1.676112e-02;7.703962e-02;1.224485e-01;2.527567e-01;8.857727e-02;2.785638e-02;2.985223e-02;4.665172e-02;2.733053e-02;7.562774e-02;1.614858e-01;7.361235e-02
3.143996e-02;4.772747e-02;1.699627e-01;2.433634e-01;1.143418e-01;4.544626e-02;6.878673e-02;2.711971e-02;3.994665e-02;5.040755e-02;9.895293e-02;6.250489e-02
4.965650e-02;2.724266e-02;1.738041e-01;1.531493e-01;1.592706e-01;8.809306e-02;1.123383e-01;3.092883e-02;5.816307e-02;2.576950e-02;4.418928e-02;7.739483e-02
7.928310e-02;2.080373e-02;1.639331e-01;8.924039e-02;1.520138e-01;1.323786e-01;1.090240e-01;4.175922e-02;5.957004e-02;1.904744e-02;2.508584e-02;1.078607e-01
1.297018e-01;1.069049e-02;9.460843e-02;8.610066e-02;1.155248e-01;2.055333e-01;1.015954e-01;1.105723e-01;2.890076e-02;4.148313e-02;1.889969e-02;5.638921e-02
1.342283e-01;1.165972e-02;4.548038e-02;9.924743e-02;6.911238e-02;2.399659e-01;1.318441e-01;1.382752e-01;1.936573e-02;6.929290e-02;1.890090e-02;2.262707e-02
9.932996e-02;3.046396e-02;2.527242e-02;1.015651e-01;5.275773e-02;2.079605e-01;2.165377e-01;1.106966e-01;5.925056e-02;7.152180e-02;1.588004e-02;8.763568e-03
3.869262e-02;6.793717e-02;1.462900e-02;6.561963e-02;6.089178e-02;1.179209e-01;3.581145e-01;6.619446e-02;1.377170e-01;4.549834e-02;1.728440e-02;9.500197e-03
1.773685e-02;6.969873e-02;2.790279e-02;3.887911e-02;7.149952e-02;4.645335e-02;4.232185e-01;8.336550e-02;1.415903e-01;3.890793e-02;3.107611e-02;9.671343e-03
1.140772e-02;2.927861e-02;5.974328e-02;4.602801e-02;5.839688e-02;4.736776e-02;3.796291e-01;1.429524e-01;7.074211e-02;1.101287e-01;3.033184e-02;1.399355e-02
1.312956e-02;6.974700e-03;7.428509e-02;4.744121e-02;2.735742e-02;4.969637e-02;3.149212e-01;2.096138e-01;4.739005e-02;1.697789e-01;2.415213e-02;1.525953e-02
2.075548e-02;6.981965e-03;7.801066e-02;4.147046e-02;2.018069e-02;5.581359e-02;3.066102e-01;2.156585e-01;6.247159e-02;1.468721e-01;2.239180e-02;2.278291e-02
2.421893e-02;7.531708e-03;8.057789e-02;2.929151e-02;2.026266e-02;6.919365e-02;3.158790e-01;1.795490e-01;6.686734e-02;1.593559e-01;2.629889e-02;2.097354e-02
1.878441e-02;8.531230e-03;7.222260e-02;6.063403e-02;1.685859e-02;5.227590e-02;3.097210e-01;1.426685e-01;1.132220e-01;1.651364e-01;2.743797e-02;1.250739e-02
1.593085e-02;1.420569e-02;4.372670e-02;9.227087e-02;1.735429e-02;2.607859e-02;3.249871e-01;1.133406e-01;1.711386e-01;1.418063e-01;2.393493e-02;1.522547e-02
2.311669e-02;1.386171e-02;2.250440e-02;1.081833e-01;1.548659e-02;2.959804e-02;3.222966e-01;1.267549e-01;1.799048e-01;1.139044e-01;3.141412e-02;1.297443e-02
1.779895e-02;1.407506e-02;4.537437e-02;7.635756e-02;1.052490e-02;2.760741e-02;4.310831e-01;1.392384e-01;1.240996e-01;7.606518e-02;2.188016e-02;1.589528e-02
1.284108e-02;1.883382e-02;6.717800e-02;3.588364e-02;1.633020e-02;2.611224e-02;5.462849e-01;1.250508e-01;7.525639e-02;4.219878e-02;1.608904e-02;1.794108e-02
1.282397e-02;2.235703e-02;5.851302e-02;3.100850e-02;3.472498e-02;4.047062e-02;5.755808e-01;8.588327e-02;5.941351e-02;5.023974e-02;1.459564e-02;1.438893e-02
2.470995e-02;2.949922e-02;5.662159e-02;4.772225e-02;4.803848e-02;5.889155e-02;5.140755e-01;5.679005e-02;6.265434e-02;6.011085e-02;2.155758e-02;1.932863e-02
3.752048e-02;2.425804e-02;8.850282e-02;6.775006e-02;6.202163e-02;7.897920e-02;3.056860e-01;6.766845e-02;1.035793e-01;7.632763e-02;4.594482e-02;4.176161e-02
4.563243e-02;3.813948e-02;1.020699e-01;7.279062e-02;7.253011e-02;8.729665e-02;1.471860e-01;8.541916e-02;1.140921e-01;1.330204e-01;5.134933e-02;5.047375e-02
6.691497e-02;4.741308e-02;9.512696e-02;6.461208e-02;5.237392e-02;6.662060e-02;2.635217e-01;7.700054e-02;8.942975e-02;1.140779e-01;3.351783e-02;2.939057e-02
1.518663e-01;7.288987e-02;8.188688e-02;5.454907e-02;7.830061e-02;6.216687e-02;1.899381e-01;6.946848e-02;7.928430e-02;6.968099e-02;5.622331e-02;3.374527e-02
1.448426e-01;7.883539e-02;8.913260e-02;4.926596e-02;6.040359e-02;5.101452e-02;1.461195e-01;8.239757e-02;1.154367e-01;8.920756e-02;5.478406e-02;3.855991e-02
1.009536e-01;6.105251e-02;9.161353e-02;4.518105e-02;4.067386e-02;4.869228e-02;1.696057e-01;1.408286e-01;1.331021e-01;8.981705e-02;4.377956e-02;3.470018e-02
4.410895e-02;3.642336e-02;8.977711e-02;2.684472e-02;2.658167e-02;5.237244e-02;2.611867e-01;2.343825e-01;1.127100e-01;6.958500e-02;2.339512e-02;2.263252e-02
1.519873e-02;4.449236e-02;5.863613e-02;8.270958e-03;4.419028e-02;4.227392e-02;4.267446e-01;2.240177e-01;7.776368e-02;3.370319e-02;1.362620e-02;1.108222e-02
1.086366e-02;7.171961e-02;2.723151e-02;6.720453e-03;5.087007e-02;4.738259e-02;5.310558e-01;1.043273e-01;1.077916e-01;1.885541e-02;1.614843e-02;7.033657e-03
1.535943e-02;7.474872e-02;1.653651e-02;1.310830e-02;4.206139e-02;7.416484e-02;5.443481e-01;4.070052e-02;1.376181e-01;2.311591e-02;1.264718e-02;5.590989e-03
3.076951e-02;5.426235e-02;1.742868e-02;3.166883e-02;4.440298e-02;1.176943e-01;5.278948e-01;2.213702e-02;1.050508e-01;3.547641e-02;7.656145e-03;5.558181e-03
5.548801e-02;2.890558e-02;8.092608e-03;4.362755e-02;6.022485e-02;1.447915e-01;4.456496e-01;4.498873e-02;6.073001e-02;9.432770e-02;7.008272e-03;6.165555e-03
6.522522e-02;1.670428e-02;1.426108e-02;3.193940e-02;9.256820e-02;1.572808e-01;3.290205e-01;8.734851e-02;4.257867e-02;1.532352e-01;5.167182e-03;4.671023e-03
5.744069e-02;1.263529e-02;3.085394e-02;1.825237e-02;1.411478e-01;1.818772e-01;2.739222e-01;9.323034e-02;3.413902e-02;1.445725e-01;4.858458e-03;7.070262e-03
3.545263e-02;9.565781e-03;6.884170e-02;1.804690e-02;1.894723e-01;1.755906e-01;2.922892e-01;4.579705e-02;3.061551e-02;1.170818e-01;3.606606e-03;1.363995e-02
1.987218e-02;8.492054e-03;1.173782e-01;3.071884e-02;2.255301e-01;1.524801e-01;2.792278e-01;1.463587e-02;2.670962e-02;9.304660e-02;5.802830e-03;2.610577e-02
1.558418e-02;1.182717e-02;2.220248e-01;4.899709e-02;2.087428e-01;1.217853e-01;2.170121e-01;1.983505e-02;2.795714e-02;6.609727e-02;1.063654e-02;2.950061e-02
2.495080e-02;2.121980e-02;3.085224e-01;4.842749e-02;1.302176e-01;8.527996e-02;1.873858e-01;3.860540e-02;3.411701e-02;8.947133e-02;1.252761e-02;1.927492e-02
3.235887e-02;3.299098e-02;3.443505e-01;3.794515e-02;6.465577e-02;6.381490e-02;1.870493e-01;4.392909e-02;4.766913e-02;1.203262e-01;1.198101e-02;1.292910e-02
2.442337e-02;3.310509e-02;3.212574e-01;3.878303e-02;8.749988e-02;6.462819e-02;1.837607e-01;3.562316e-02;4.857245e-02;1.352270e-01;1.051736e-02;1.660240e-02
2.440448e-02;2.002934e-02;3.001221e-01;5.469060e-02;1.297244e-01;6.562028e-02;1.504857e-01;4.851713e-02;6.061164e-02;1.142326e-01;1.511152e-02;1.645029e-02
3.095139e-02;1.592450e-02;3.510226e-01;5.199774e-02;1.375671e-01;8.357710e-02;9.135049e-02;3.898415e-02;9.650294e-02;7.437233e-02;1.487510e-02;1.287460e-02
3.383586e-02;8.228385e-03;3.365904e-01;5.393757e-02;1.395558e-01;8.956261e-02;7.817359e-02;3.288936e-02;8.624199e-02;1.139197e-01;1.073630e-02;1.632836e-02
2.245167e-02;1.842385e-02;2.945492e-01;5.896087e-02;1.143754e-01;1.062866e-01;1.468877e-01;4.338031e-02;5.100133e-02;1.003539e-01;2.331553e-02;2.001357e-02
2.203912e-02;3.314490e-02;2.436515e-01;5.133759e-02;8.438694e-02;1.147176e-01;1.590030e-01;3.509525e-02;1.022828e-01;1.024334e-01;2.957814e-02;2.232988e-02
6.708531e-02;4.585637e-02;1.019446e-01;7.104664e-02;1.015986e-01;1.047486e-01;1.010305e-01;8.589700e-02;1.291850e-01;1.107611e-01;4.620508e-02;3.464115e-02
8.490865e-02;5.319229e-02;9.018055e-02;6.318273e-02;9.846794e-02;1.130374e-01;1.721428e-01;7.878590e-02;9.113570e-02;6.830420e-02;3.845420e-02;4.820774e-02
8.079614e-02;5.415779e-02;7.058187e-02;6.531658e-02;1.158299e-01;1.301532e-01;2.277170e-01;5.749952e-02;6.737676e-02;4.793395e-02;2.790538e-02;5.473186e-02
5.939604e-02;4.224127e-02;1.152597e-01;9.109986e-02;1.438710e-01;1.228862e-01;1.942831e-01;4.772636e-02;4.173335e-02;4.121388e-02;3.852219e-02;6.176708e-02
4.096608e-02;5.461538e-02;2.012152e-01;1.376841e-01;1.509133e-01;1.168850e-01;8.712292e-02;4.335710e-02;1.923094e-02;4.067797e-02;4.967410e-02;5.765793e-02
4.706319e-02;8.208393e-02;2.423175e-01;1.403400e-01;9.938250e-02;1.113474e-01;7.794841e-02;4.687589e-02;2.215136e-02;4.264878e-02;4.377310e-02;4.406787e-02
6.987056e-02;7.273602e-02;2.190169e-01;1.047164e-01;6.352891e-02;1.063977e-01;1.446916e-01;5.543746e-02;4.643822e-02;4.873073e-02;3.969929e-02;2.873625e-02
6.626192e-02;4.845431e-02;1.289754e-01;7.054922e-02;1.548000e-01;8.065457e-02;1.948687e-01;6.510129e-02;4.311158e-02;4.634241e-02;5.323192e-02;4.764864e-02
4.469104e-02;5.516919e-02;1.144591e-01;1.421398e-01;1.648106e-01;8.129658e-02;1.349519e-01;7.888276e-02;2.423975e-02;4.102546e-02;7.392687e-02;4.440690e-02
2.252679e-02;6.948440e-02;1.265661e-01;2.191638e-01;1.585046e-01;5.498976e-02;4.910343e-02;1.265774e-01;1.130393e-02;3.136698e-02;1.062306e-01;2.418218e-02
9.273906e-03;6.833869e-02;1.133353e-01;2.505713e-01;1.271108e-01;3.940088e-02;2.372756e-02;1.893368e-01;7.331248e-03;3.245086e-02;1.236342e-01;1.548857e-02
8.883849e-03;6.524200e-02;1.283781e-01;2.375929e-01;1.071708e-01;3.413123e-02;1.357232e-02;2.092359e-01;9.233147e-03;4.590407e-02;1.212854e-01;1.937022e-02
4.133823e-03;6.459173e-02;1.227785e-01;2.295172e-01;1.188650e-01;2.636675e-02;2.441800e-02;1.804081e-01;9.139465e-03;8.682587e-02;1.075056e-01;2.545000e-02
3.914143e-03;5.337657e-02;1.193918e-01;2.246955e-01;1.565991e-01;2.247682e-02;1.908476e-02;1.067774e-01;1.442758e-02;1.347866e-01;8.715129e-02;5.731852e-02
5.087573e-03;2.530775e-02;1.049100e-01;2.048349e-01;2.080020e-01;2.532821e-02;4.174131e-02;4.244625e-02;3.700286e-02;1.433858e-01;6.520113e-02;9.675227e-02
4.517030e-03;1.283214e-02;6.453186e-02;1.545559e-01;2.412132e-01;3.818624e-02;7.318022e-02;4.041671e-02;1.056295e-01;1.149671e-01;3.658972e-02;1.133803e-01
8.698820e-03;5.727932e-03;5.308846e-02;1.061471e-01;2.601479e-01;4.956929e-02;9.135607e-02;4.747431e-02;1.710552e-01;7.954562e-02;1.683217e-02;1.103571e-01
2.032346e-02;8.784786e-03;8.847728e-02;4.697404e-02;2.334372e-01;8.585973e-02;1.388527e-01;4.990567e-02;1.593325e-01;6.109147e-02;1.813566e-02;8.882551e-02
3.282921e-02;1.130336e-02;1.148778e-01;4.943459e-02;2.206714e-01;1.311633e-01;1.557728e-01;4.248013e-02;8.375746e-02;6.781154e-02;2.338321e-02;6.651510e-02
5.519990e-02;9.635279e-03;7.880805e-02;5.463913e-02;1.966947e-01;1.678320e-01;2.058501e-01;4.121596e-02;7.283570e-02;6.910009e-02;1.800491e-02;3.018418e-02
6.742473e-02;1.485149e-02;5.213110e-02;3.991715e-02;1.715214e-01;1.921255e-01;2.417110e-01;7.236689e-02;4.631681e-02;6.977743e-02;1.680498e-02;1.505163e-02
7.250058e-02;7.341898e-03;1.389659e-02;3.968841e-02;1.457996e-01;1.878695e-01;3.007042e-01;7.804123e-02;3.057292e-02;9.528220e-02;1.533520e-02;1.296770e-02
5.568609e-02;6.882717e-03;2.510472e-02;4.324804e-02;1.163900e-01;1.717225e-01;3.753720e-01;5.572048e-02;1.929379e-02;1.103875e-01;1.141991e-02;8.772306e-03
3.638944e-02;5.816121e-03;1.023390e-02;4.210434e-02;1.112865e-01;1.527849e-01;4.680805e-01;2.793168e-02;1.709471e-02;1.115178e-01;7.263228e-03;9.496870e-03
2.423483e-02;4.954140e-03;1.353029e-02;3.650056e-02;9.559143e-02;1.377996e-01;5.468054e-01;1.483088e-02;1.929891e-02;9.451339e-02;4.523060e-03;7.417536e-03
1.599190e-02;7.078739e-03;1.382003e-02;2.871785e-02;9.306160e-02;1.243877e-01;6.182238e-01;1.471448e-02;1.640628e-02;5.964455e-02;3.353634e-03;4.599458e-03
1.325531e-02;9.479237e-03;1.370126e-02;2.356560e-02;7.868531e-02;1.139938e-01;6.697161e-01;1.776584e-02;1.386915e-02;3.901412e-02;2.198483e-03;4.755725e-03
1.063138e-02;1.106559e-02;9.009590e-03;1.306167e-02;6.688485e-02;1.092002e-01;7.167526e-01;1.711252e-02;8.778463e-03;2.844593e-02;2.964720e-03;6.092536e-03
5.898338e-03;1.018316e-02;1.215264e-02;8.300819e-03;6.355733e-02;1.017956e-01;7.329689e-01;2.078743e-02;6.729025e-03;3.005951e-02;3.820507e-03;3.746839e-03
1.229744e-02;7.428041e-03;1.057671e-02;1.175309e-02;6.701881e-02;1.065427e-01;7.057308e-01;2.508716e-02;1.241209e-02;3.289293e-02;5.523992e-03;2.736298e-03
2.919608e-02;9.059660e-03;1.633235e-02;1.658115e-02;8.900124e-02;1.343035e-01;6.096241e-01;4.484273e-02;1.361571e-02;2.661932e-02;5.423019e-03;5.401168e-03
3.409228e-02;1.539012e-02;3.500733e-02;2.270524e-02;1.393387e-01;1.693975e-01;4.431474e-01;5.888986e-02;2.883178e-02;3.737373e-02;6.347316e-03;9.478761e-03
4.142841e-02;2.196350e-02;7.952388e-02;2.987280e-02;1.945084e-01;1.783109e-01;3.160074e-01;4.032497e-02;3.548348e-02;3.446463e-02;1.465452e-02;1.345700e-02
2.933591e-02;2.870480e-02;9.812494e-02;3.075395e-02;1.948353e-01;1.592342e-01;3.462636e-01;2.901063e-02;3.138125e-02;1.970606e-02;1.728998e-02;1.535942e-02
2.819262e-02;2.388680e-02;6.786893e-02;2.714794e-02;1.515796e-01;1.541933e-01;4.282751e-01;3.147709e-02;3.194956e-02;2.027766e-02;2.041934e-02;1.473197e-02
3.635675e-02;3.948361e-02;3.526440e-02;2.613840e-02;1.537436e-01;1.818532e-01;3.542346e-01;5.226254e-02;3.341337e-02;3.992780e-02;1.887809e-02;2.844362e-02
4.754531e-02;4.753933e-02;7.099473e-02;4.104761e-02;1.440712e-01;1.537400e-01;2.744843e-01;5.880941e-02;4.805630e-02;6.519503e-02;1.264676e-02;3.586998e-02
3.557132e-02;3.402240e-02;1.195134e-01;4.868742e-02;8.605213e-02;1.093057e-01;3.165007e-01;4.871468e-02;6.452099e-02;9.055504e-02;1.529040e-02;3.126574e-02
2.803469e-02;2.958864e-02;1.130722e-01;3.855021e-02;8.851811e-02;1.305598e-01;3.131269e-01;5.656655e-02;6.553995e-02;8.303656e-02;1.982586e-02;3.358057e-02
3.303872e-02;3.220315e-02;8.917334e-02;4.275936e-02;1.049378e-01;1.335387e-01;3.368534e-01;6.448089e-02;5.342556e-02;4.800363e-02;2.221281e-02;3.937262e-02
4.705840e-02;4.189063e-02;8.791573e-02;6.970482e-02;1.262024e-01;1.049923e-01;2.639216e-01;5.304152e-02;8.111990e-02;5.359590e-02;2.820798e-02;4.234881e-02
4.801350e-02;4.989041e-02;6.827890e-02;1.083951e-01;1.098590e-01;7.361184e-02;1.900465e-01;7.742418e-02;1.084130e-01;6.012934e-02;4.924295e-02;5.669535e-02
7.191867e-02;4.234035e-02;9.765803e-02;1.054751e-01;1.078710e-01;6.500347e-02;1.292736e-01;7.723178e-02;1.023606e-01;7.381780e-02;5.366835e-02;7.338119e-02
8.508712e-02;5.219302e-02;1.118814e-01;6.815783e-02;1.115696e-01;1.020034e-01;1.124467e-01;7.331338e-02;9.723517e-02;5.634809e-02;4.984502e-02;7.991927e-02
5.763779e-02;6.372941e-02;1.591344e-01;6.944828e-02;5.712251e-02;1.289908e-01;1.317391e-01;7.562634e-02;8.403789e-02;5.422181e-02;5.134501e-02;6.696664e-02
6.683553e-02;6.211145e-02;1.983562e-01;8.413175e-02;6.296793e-02;1.174387e-01;9.068075e-02;6.150567e-02;6.824461e-02;6.387801e-02;5.601363e-02;6.783577e-02
6.134092e-02;6.678955e-02;1.655643e-01;8.739105e-02;7.302987e-02;9.117476e-02;1.049319e-01;5.786704e-02;7.899558e-02;7.161074e-02;6.790441e-02;7.339989e-02
4.980556e-02;6.143206e-02;1.401026e-01;6.781832e-02;8.716390e-02;7.539812e-02;1.428301e-01;6.085505e-02;1.054136e-01;6.820647e-02;7.022951e-02;7.074475e-02
4.802687e-02;7.059364e-02;1.784233e-01;5.074775e-02;1.012746e-01;8.705735e-02;1.362870e-01;4.638820e-02;1.081665e-01;8.927425e-02;4.549203e-02;3.826850e-02
6.301091e-02;1.105541e-01;1.865121e-01;8.551829e-02;8.206980e-02;9.896155e-02;1.038370e-01;6.044852e-02;8.618096e-02;7.977368e-02;2.339884e-02;1.973424e-02
8.112500e-02;1.179024e-01;1.511688e-01;8.288104e-02;6.753039e-02;9.920703e-02;8.480731e-02;5.886400e-02;7.945393e-02;6.445593e-02;6.384909e-02;4.875509e-02
8.946475e-02;8.066316e-02;1.513304e-01;5.810037e-02;7.236030e-02;7.813744e-02;1.073817e-01;4.127792e-02;1.102150e-01;9.317748e-02;6.933378e-02;4.855777e-02
6.707156e-02;5.133487e-02;1.949105e-01;5.862593e-02;7.334723e-02;7.083980e-02;1.210390e-01;5.227401e-02;1.127821e-01;1.027590e-01;5.526951e-02;3.974659e-02
7.160404e-02;3.151721e-02;1.821742e-01;7.011335e-02;7.747334e-02;6.191262e-02;1.282043e-01;5.876879e-02;1.005412e-01;7.063757e-02;8.035767e-02;6.669565e-02
8.047155e-02;5.183045e-02;1.269632e-01;1.141709e-01;6.314369e-02;6.821010e-02;1.373609e-01;4.721440e-02;1.068021e-01;5.249270e-02;6.992126e-02;8.141878e-02
7.300074e-02;6.172694e-02;1.304916e-01;9.214703e-02;6.063546e-02;9.496437e-02;1.421983e-01;5.783076e-02;9.241209e-02;8.822535e-02;4.479747e-02;6.156993e-02
7.758020e-02;9.785449e-02;2.348557e-01;6.491004e-02;7.406709e-02;5.346460e-02;8.641544e-02;6.047405e-02;4.749105e-02;6.471545e-02;8.038875e-02;5.778314e-02
8.806379e-02;4.700781e-02;2.714790e-01;6.323356e-02;7.808761e-02;5.985105e-02;1.672354e-01;4.530652e-02;5.380958e-02;4.283030e-02;3.889006e-02;4.420536e-02
8.841600e-02;6.819955e-02;3.472394e-01;4.847367e-02;6.120993e-02;4.406158e-02;1.461371e-01;3.466813e-02;4.695359e-02;3.684921e-02;3.761610e-02;4.017564e-02
8.843338e-02;1.127634e-01;4.406207e-01;4.050046e-02;4.072793e-02;2.923425e-02;8.145099e-02;2.377939e-02;5.413282e-02;2.444652e-02;3.060217e-02;3.330800e-02
8.443929e-02;1.929223e-01;4.548227e-01;2.643798e-02;2.018949e-02;2.044616e-02;2.840716e-02;1.742658e-02;8.211734e-02;2.258390e-02;2.006285e-02;3.014429e-02
1.449183e-01;2.188382e-01;3.652281e-01;1.916107e-02;1.827739e-02;1.634322e-02;2.646807e-02;2.722885e-02;9.419882e-02;2.241572e-02;1.839158e-02;2.853072e-02
2.188154e-01;1.607560e-01;3.278487e-01;1.669684e-02;2.903059e-02;1.701050e-02;2.314658e-02;5.567336e-02;7.363658e-02;1.853934e-02;3.038193e-02;2.846422e-02
2.766618e-01;9.973855e-02;3.061397e-01;1.582901e-02;3.655226e-02;1.879902e-02;1.483780e-02;9.333272e-02;5.030879e-02;1.936877e-02;3.725799e-02;3.117361e-02
3.393019e-01;8.382873e-02;1.910093e-01;1.811201e-02;3.926506e-02;2.220437e-02;3.895115e-02;1.200377e-01;3.912684e-02;3.109790e-02;3.699972e-02;4.006527e-02
2.716298e-01;1.329574e-01;2.517354e-01;3.969637e-02;3.254153e-02;2.023531e-02;3.644840e-02;8.431701e-02;3.971613e-02;2.432871e-02;3.062722e-02;3.576662e-02
1.299695e-01;1.192126e-01;3.937127e-01;4.440587e-02;3.972853e-02;4.039348e-02;5.724015e-02;4.497093e-02;5.052273e-02;2.707076e-02;3.048460e-02;2.228811e-02
4.216350e-02;6.002603e-02;3.507111e-01;7.283761e-02;9.862789e-02;8.434539e-02;1.173439e-01;5.889653e-02;3.816121e-02;3.320876e-02;2.480865e-02;1.886948e-02
2.623640e-02;2.862864e-02;1.805200e-01;6.077538e-02;1.338841e-01;1.284013e-01;2.539515e-01;1.010998e-01;2.822240e-02;1.930704e-02;1.646019e-02;2.251332e-02
3.126724e-02;1.908273e-02;6.629530e-02;3.545215e-02;1.065075e-01;1.380089e-01;4.130851e-01;1.103430e-01;3.567808e-02;2.113953e-02;6.748082e-03;1.639235e-02
2.018170e-02;2.594071e-02;2.725390e-02;1.846636e-02;6.239796e-02;1.028271e-01;5.710904e-01;7.051852e-02;6.867593e-02;1.891992e-02;7.997177e-03;5.730326e-03
9.003471e-03;3.501031e-02;2.296257e-02;1.022809e-02;5.007409e-02;5.886852e-02;6.704657e-01;3.752437e-02;7.471330e-02;1.474097e-02;1.410318e-02;2.305441e-03
7.677827e-03;2.894123e-02;2.083267e-02;8.046054e-03;3.551883e-02;4.177660e-02;7.384434e-01;4.327589e-02;4.717558e-02;9.070713e-03;1.706708e-02;2.174167e-03
2.762608e-03;1.541365e-02;1.676381e-02;6.338821e-03;4.141777e-02;3.744545e-02;7.543291e-01;5.328144e-02;4.697538e-02;8.879828e-03;1.442784e-02;1.964228e-03
5.664491e-03;9.618452e-03;1.375186e-02;4.324157e-03;3.695324e-02;4.173610e-02;7.616251e-01;5.666442e-02;4.358615e-02;1.175497e-02;1.160047e-02;2.720584e-03
4.797036e-03;5.729550e-03;7.564450e-03;4.879933e-03;4.043094e-02;4.498699e-02;7.668343e-01;6.190775e-02;3.035340e-02;1.667690e-02;1.283848e-02;3.000268e-03
1.215752e-02;1.276761e-02;1.584120e-02;7.780305e-03;3.477695e-02;4.214285e-02;7.489629e-01;6.103281e-02;2.537408e-02;1.632560e-02;1.834968e-02;4.488459e-03
2.089354e-02;1.963640e-02;3.249530e-02;1.507427e-02;2.302250e-02;2.879326e-02;6.850728e-01;9.188176e-02;2.897160e-02;2.555195e-02;1.499240e-02;1.361422e-02
1.705880e-02;1.925386e-02;6.066022e-02;1.702837e-02;1.414421e-02;1.640324e-02;6.097358e-01;1.354173e-01;4.142688e-02;3.622840e-02;1.169361e-02;2.094933e-02
1.187934e-02;1.229305e-02;7.169269e-02;1.337591e-02;1.438855e-02;2.331055e-02;5.763739e-01;1.554227e-01;5.780203e-02;3.357517e-02;1.024562e-02;1.964050e-02
1.066499e-02;1.519124e-02;6.224852e-02;2.503327e-02;9.160798e-03;2.264564e-02;5.176551e-01;1.609870e-01;9.769767e-02;5.835322e-02;6.311007e-03;1.405149e-02
1.055063e-02;1.111439e-02;3.052621e-02;4.379472e-02;1.304393e-02;1.994498e-02;5.098687e-01;1.416226e-01;1.244836e-01;7.598048e-02;1.023705e-02;8.832617e-03
1.023717e-02;6.338561e-03;2.691512e-02;4.954104e-02;9.726065e-03;1.417433e-02;5.216030e-01;1.316158e-01;1.342770e-01;7.851045e-02;9.692860e-03;7.368615e-03
9.642477e-03;4.025765e-03;2.995499e-02;3.880122e-02;7.691451e-03;9.157685e-03;5.314652e-01;1.382986e-01;1.350803e-01;8.105302e-02;7.457360e-03;7.371938e-03
7.780651e-03;6.398439e-03;4.141288e-02;1.702158e-02;8.235455e-03;1.302927e-02;5.878830e-01;1.376518e-01;9.189133e-02;6.885312e-02;1.106182e-02;8.780663e-03
1.101513e-02;1.053755e-02;4.581220e-02;1.084365e-02;1.653832e-02;2.265257e-02;6.482839e-01;1.133295e-01;5.583720e-02;4.577078e-02;9.538271e-03;9.840954e-03
1.976408e-02;1.563799e-02;3.715956e-02;1.830039e-02;4.240466e-02;4.295789e-02;6.088521e-01;8.180510e-02;6.036849e-02;4.683436e-02;1.309109e-02;1.282424e-02
3.758874e-02;1.765267e-02;7.042272e-02;3.126951e-02;6.404971e-02;6.491858e-02;4.158424e-01;9.294765e-02;9.258696e-02;6.706923e-02;1.791838e-02;2.773347e-02
5.230579e-02;4.473117e-02;8.945554e-02;3.804807e-02;8.438010e-02;7.989608e-02;1.653917e-01;1.287731e-01;1.519699e-01;9.318860e-02;3.985342e-02;3.200654e-02
4.180584e-02;4.552395e-02;5.864768e-02;3.040170e-02;7.490186e-02;5.817286e-02;3.293617e-01;1.294452e-01;1.079769e-01;6.165071e-02;3.702621e-02;2.508538e-02
5.135997e-02;1.026553e-01;9.233168e-02;5.104646e-02;8.675203e-02;5.811032e-02;1.826083e-01;1.474022e-01;7.285028e-02;6.500577e-02;3.656757e-02;5.331009e-02
6.653322e-02;1.184549e-01;9.793869e-02;5.925197e-02;9.079330e-02;7.021895e-02;1.220997e-01;1.706394e-01;4.588003e-02;7.008664e-02;2.797379e-02;6.012941e-02
6.434155e-02;8.162378e-02;7.374392e-02;4.962063e-02;9.606398e-02;8.796348e-02;1.576042e-01;1.927768e-01;5.025399e-02;7.747987e-02;1.372263e-02;5.480523e-02
4.867667e-02;4.025818e-02;6.991950e-02;4.201270e-02;7.793279e-02;9.567331e-02;2.484294e-01;1.682484e-01;7.997228e-02;7.557078e-02;1.477100e-02;3.853500e-02
5.421134e-02;3.277677e-02;6.964292e-02;6.756444e-02;7.599018e-02;1.127592e-01;2.536820e-01;9.236351e-02;7.674689e-02;9.687928e-02;3.860505e-02;2.877843e-02
5.839822e-02;3.631287e-02;5.404834e-02;6.427269e-02;6.587320e-02;7.754095e-02;3.823810e-01;7.559609e-02;4.867311e-02;7.998507e-02;3.083596e-02;2.608248e-02
4.406464e-02;4.216907e-02;3.754155e-02;3.264525e-02;5.298460e-02;7.381536e-02;5.373464e-01;5.354525e-02;3.266745e-02;4.985090e-02;2.681495e-02;1.655460e-02
2.563287e-02;3.982871e-02;1.498858e-02;3.005712e-02;5.012874e-02;8.322524e-02;6.415539e-01;4.122634e-02;2.315484e-02;2.515684e-02;1.828667e-02;6.760167e-03
2.306751e-02;2.470508e-02;1.285226e-02;5.832357e-02;5.880728e-02;1.100735e-01;6.390934e-01;2.353816e-02;1.478997e-02;2.404572e-02;8.017186e-03;2.686377e-03
4.357130e-02;1.222653e-02;1.555717e-02;8.011933e-02;8.954722e-02;1.726654e-01;5.205443e-01;1.173458e-02;7.128846e-03;3.924289e-02;3.813612e-03;3.848759e-03
5.428458e-02;7.272670e-03;4.705689e-02;6.628521e-02;1.453415e-01;2.077648e-01;3.902716e-01;1.921040e-02;8.127145e-03;4.194473e-02;4.173658e-03;8.266731e-03
4.600498e-02;1.369146e-02;1.363110e-01;5.257445e-02;2.097380e-01;1.861071e-01;2.646091e-01;1.942327e-02;1.404969e-02;3.095113e-02;7.396776e-03;1.914304e-02
2.868783e-02;1.627215e-02;2.725537e-01;6.623524e-02;2.212543e-01;1.342255e-01;1.628967e-01;1.350480e-02;1.657838e-02;2.193868e-02;1.697565e-02;2.887708e-02
1.157395e-02;1.589335e-02;3.815758e-01;6.188115e-02;1.589428e-01;1.065687e-01;1.818576e-01;9.947139e-03;1.183411e-02;2.186715e-02;1.697943e-02;2.107892e-02
1.625849e-02;1.933800e-02;4.434287e-01;6.456773e-02;7.895862e-02;7.299506e-02;2.158140e-01;2.029305e-02;1.353404e-02;2.897700e-02;1.267745e-02;1.315789e-02
2.584888e-02;4.394643e-02;4.034419e-01;5.866661e-02;1.087073e-01;6.941900e-02;1.398649e-01;3.801795e-02;4.215236e-02;3.437037e-02;2.030826e-02;1.525595e-02
3.643657e-02;4.941134e-02;3.181455e-01;1.132239e-01;1.328736e-01;5.351009e-02;7.413521e-02;4.401796e-02;6.886081e-02;5.411663e-02;3.157509e-02;2.369321e-02
2.481557e-02;3.168609e-02;2.758751e-01;1.350712e-01;1.460001e-01;7.735858e-02;1.499913e-01;3.495762e-02;4.096293e-02;3.596539e-02;3.001962e-02;1.729654e-02
3.268604e-02;3.151102e-02;2.525024e-01;1.470825e-01;1.296430e-01;8.783808e-02;1.790595e-01;3.676809e-02;2.789372e-02;2.371661e-02;2.981995e-02;2.147912e-02
4.774129e-02;4.656556e-02;2.195052e-01;1.023841e-01;8.839925e-02;7.937885e-02;1.836769e-01;3.675412e-02;6.736497e-02;4.077081e-02;5.583756e-02;3.162146e-02
5.757787e-02;5.683903e-02;2.050896e-01;7.476255e-02;7.336772e-02;1.039655e-01;1.568395e-01;3.059803e-02;7.715571e-02;6.989170e-02;5.757117e-02;3.634165e-02
5.241347e-02;4.689218e-02;1.488633e-01;1.390436e-01;1.167322e-01;1.061124e-01;1.209389e-01;4.668270e-02;7.070334e-02;8.133165e-02;3.096200e-02;3.932432e-02
4.950748e-02;5.113047e-02;9.711634e-02;1.771617e-01;1.495045e-01;1.268408e-01;9.320570e-02;6.245244e-02;6.053165e-02;7.162557e-02;3.530307e-02;2.562026e-02
6.836616e-02;6.727420e-02;1.226127e-01;1.187288e-01;1.323360e-01;1.138375e-01;1.056823e-01;5.312060e-02;7.557929e-02;5.392032e-02;4.092680e-02;4.761543e-02
1.062786e-01;6.636425e-02;9.034433e-02;9.776688e-02;8.538835e-02;9.240936e-02;1.539931e-01;2.932115e-02;6.633865e-02;6.249008e-02;9.047302e-02;5.883226e-02
1.007033e-01;6.913685e-02;9.891727e-02;1.038067e-01;9.977761e-02;7.232489e-02;1.186118e-01;4.957553e-02;5.469874e-02;6.338061e-02;1.016379e-01;6.742880e-02
7.003339e-02;5.222398e-02;1.132014e-01;5.432574e-02;9.837215e-02;6.159170e-02;2.387085e-01;8.836365e-02;3.698929e-02;6.115762e-02;6.358415e-02;6.144851e-02
5.825500e-02;3.053382e-02;7.806265e-02;2.862974e-02;7.803349e-02;1.060941e-01;4.324483e-01;7.724883e-02;2.818996e-02;3.502852e-02;2.928438e-02;1.819122e-02
7.508776e-02;2.551050e-02;4.235451e-02;2.555883e-02;9.109280e-02;1.427795e-01;4.513397e-01;6.107807e-02;2.860034e-02;2.002099e-02;1.240577e-02;2.417125e-02
9.568986e-02;2.002204e-02;4.070955e-02;2.048839e-02;1.138907e-01;1.676152e-01;3.629478e-01;5.879370e-02;3.100991e-02;1.829707e-02;1.121609e-02;5.931973e-02
9.729379e-02;1.535891e-02;8.662620e-02;2.389678e-02;1.926096e-01;1.203717e-01;1.973143e-01;3.501601e-02;2.266194e-02;1.789523e-02;2.840029e-02;1.625553e-01
6.686427e-02;2.089067e-02;1.024663e-01;4.070762e-02;2.399456e-01;6.034335e-02;1.073133e-01;1.499087e-02;1.473932e-02;1.503864e-02;5.852895e-02;2.581712e-01
3.581255e-02;4.131475e-02;1.070682e-01;9.242719e-02;2.029357e-01;5.057361e-02;3.914323e-02;1.807120e-02;1.668804e-02;3.052783e-02;1.161766e-01;2.492611e-01
2.366189e-02;6.744142e-02;1.213549e-01;1.461609e-01;1.279774e-01;3.991360e-02;3.105143e-02;3.565637e-02;1.795735e-02;3.742508e-02;1.874679e-01;1.639318e-01
2.201074e-02;7.320824e-02;1.069349e-01;1.155336e-01;1.626698e-01;3.560709e-02;2.662105e-02;4.049561e-02;1.594685e-02;4.108806e-02;1.766158e-01;1.832681e-01
2.109371e-02;8.290178e-02;9.506850e-02;8.051495e-02;1.666628e-01;3.161385e-02;2.532895e-02;3.278399e-02;1.462275e-02;5.322277e-02;1.571119e-01;2.390740e-01
1.886687e-02;1.096215e-01;7.020094e-02;1.072550e-01;1.338575e-01;2.436217e-02;2.069524e-02;3.541229e-02;1.202791e-02;7.757597e-02;1.616446e-01;2.284800e-01
1.962666e-02;1.365375e-01;5.209355e-02;1.068393e-01;1.005729e-01;2.639096e-02;2.046676e-02;4.935718e-02;1.410260e-02;1.085707e-01;1.808280e-01;1.846138e-01
1.390590e-02;1.541651e-01;4.580209e-02;1.286400e-01;6.079789e-02;2.996824e-02;1.748483e-02;7.456322e-02;1.294993e-02;1.143643e-01;2.189714e-01;1.283872e-01
5.638300e-03;1.576702e-01;4.266947e-02;1.574762e-01;4.618417e-02;2.429635e-02;1.021804e-02;9.229265e-02;8.825015e-03;1.023127e-01;2.547502e-01;9.766677e-02
9.076661e-03;1.272076e-01;4.720517e-02;1.206496e-01;6.927373e-02;2.338952e-02;3.006098e-02;6.952660e-02;1.234174e-02;1.131379e-01;2.348663e-01;1.432641e-01
1.341585e-02;7.135924e-02;3.830161e-02;6.755897e-02;1.432019e-01;2.780241e-02;5.711740e-02;4.578853e-02;2.037657e-02;1.030489e-01;1.700145e-01;2.420142e-01
1.220672e-02;2.937754e-02;3.952181e-02;2.878176e-02;2.167620e-01;2.580663e-02;9.592783e-02;2.130350e-02;4.451597e-02;5.504669e-02;8.635473e-02;3.443948e-01
2.026715e-02;2.047184e-02;5.740735e-02;1.596360e-02;2.202699e-01;2.885157e-02;1.071803e-01;1.800065e-02;6.791954e-02;2.642699e-02;3.666468e-02;3.805764e-01
3.274155e-02;2.010355e-02;7.745525e-02;2.178537e-02;1.730956e-01;4.425037e-02;9.294527e-02;2.315115e-02;6.530864e-02;3.937400e-02;3.166332e-02;3.781260e-01
8.273223e-02;2.318823e-02;8.525204e-02;2.986518e-02;1.254588e-01;9.949700e-02;9.885700e-02;3.081790e-02;4.031307e-02;4.599634e-02;2.816710e-02;3.098552e-01
1.383680e-01;1.712686e-02;6.403828e-02;2.511395e-02;1.480922e-01;1.625927e-01;1.289083e-01;5.235483e-02;2.573277e-02;3.943896e-02;3.879168e-02;1.594415e-01
1.456200e-01;1.173626e-02;3.594463e-02;3.148513e-02;1.617961e-01;2.299400e-01;1.710153e-01;7.383297e-02;3.078485e-02;3.112000e-02;3.694203e-02;3.978268e-02
1.059794e-01;1.345107e-02;1.945839e-02;4.382333e-02;1.514135e-01;2.297682e-01;2.048944e-01;7.016469e-02;2.060581e-02;4.607405e-02;3.724087e-02;5.712637e-02
5.291843e-02;1.400265e-02;7.001292e-02;4.860177e-02;1.613485e-01;1.830085e-01;2.311099e-01;5.258290e-02;1.792091e-02;5.459217e-02;3.225954e-02;8.164189e-02
3.424808e-02;1.219710e-02;1.327086e-01;4.295592e-02;1.715918e-01;1.696486e-01;2.314504e-01;4.299881e-02;2.257017e-02;5.669209e-02;3.966441e-02;4.327393e-02
1.633732e-02;1.282101e-02;1.385411e-01;2.927075e-02;1.480596e-01;1.971941e-01;1.734423e-01;2.597410e-02;6.104612e-02;6.130379e-02;3.729833e-02;9.871153e-02
3.943549e-02;2.203894e-02;1.000873e-01;3.693684e-02;9.815122e-02;1.989213e-01;1.605956e-01;4.040367e-02;9.132183e-02;6.668296e-02;2.459113e-02;1.208337e-01
5.699314e-02;2.431698e-02;8.247763e-02;4.502714e-02;1.235289e-01;1.454410e-01;1.321280e-01;6.616666e-02;6.170462e-02;5.632996e-02;4.590785e-02;1.599781e-01
4.880863e-02;3.557829e-02;9.105349e-02;3.920446e-02;1.529573e-01;8.320165e-02;1.215426e-01;7.689251e-02;3.553050e-02;5.051189e-02;5.799392e-02;2.067248e-01
4.092744e-02;4.234809e-02;9.598071e-02;3.754526e-02;1.718282e-01;8.001329e-02;1.397649e-01;5.708164e-02;3.560097e-02;7.791406e-02;4.318426e-02;1.778111e-01
