7.218838e-02;4.529189e-02;1.529531e-01;8.122610e-02;9.759578e-02;1.405118e-01;1.452940e-01;9.283028e-02;5.527183e-02;4.544791e-02;4.180966e-02;2.957928e-02
7.166158e-02;5.676182e-02;1.766264e-01;1.054779e-01;7.129629e-02;8.255661e-02;1.533972e-01;7.527097e-02;9.076101e-02;6.627481e-02;1.919507e-02;3.072037e-02
7.478871e-02;6.668890e-02;1.569159e-01;1.026392e-01;7.740021e-02;5.083812e-02;1.178032e-01;5.526220e-02;9.914944e-02;1.280571e-01;4.031741e-02;3.013975e-02
5.870780e-02;6.420314e-02;1.055470e-01;7.323199e-02;8.222493e-02;4.001916e-02;9.028871e-02;5.300300e-02;1.068403e-01;2.334088e-01;6.572443e-02;2.680075e-02
2.448646e-02;5.204597e-02;5.182321e-02;4.134366e-02;6.508928e-02;3.931579e-02;6.787598e-02;4.101369e-02;8.662412e-02;3.043644e-01;1.760443e-01;4.997320e-02
5.283539e-02;3.073093e-02;2.772278e-02;2.196155e-02;2.829112e-02;6.524476e-02;4.160916e-02;1.881292e-02;4.659955e-02;1.906795e-01;3.657957e-01;1.097167e-01
1.262241e-01;3.192851e-02;3.842293e-02;1.455624e-02;1.639004e-02;7.229576e-02;5.301133e-02;1.519247e-02;4.317595e-02;6.830464e-02;3.582552e-01;1.622429e-01
1.703718e-01;4.242197e-02;3.745709e-02;7.461267e-03;1.725373e-02;6.148735e-02;8.887532e-02;2.340784e-02;4.993243e-02;9.225630e-02;2.662379e-01;1.428369e-01
1.451977e-01;5.209558e-02;2.847775e-02;1.301145e-02;2.815962e-02;6.349477e-02;1.395619e-01;4.066318e-02;6.486283e-02;1.346955e-01;1.960167e-01;9.376304e-02
8.775470e-02;5.960475e-02;5.487810e-02;2.470696e-02;3.455397e-02;6.452679e-02;2.187336e-01;6.682831e-02;9.690915e-02;1.280599e-01;1.246892e-01;3.875468e-02
6.552649e-02;5.168606e-02;8.649591e-02;3.162294e-02;3.569732e-02;5.152856e-02;1.752495e-01;9.582306e-02;9.948856e-02;1.071653e-01;1.313726e-01;6.834380e-02
8.630724e-02;3.036386e-02;1.056504e-01;4.587487e-02;3.639274e-02;4.683709e-02;1.020861e-01;1.004487e-01;9.045576e-02;9.838358e-02;1.634060e-01;9.379370e-02
6.720987e-02;5.288794e-02;1.029026e-01;4.469113e-02;4.156888e-02;4.946042e-02;9.111930e-02;5.301909e-02;4.589395e-02;1.071188e-01;2.265870e-01;1.175409e-01
7.369523e-02;1.677753e-01;8.307413e-02;4.819318e-02;1.002429e-01;4.735883e-02;5.696128e-02;3.876522e-02;4.023953e-02;1.103697e-01;1.467606e-01;8.656414e-02
4.844743e-02;1.740073e-01;8.629942e-02;7.306604e-02;1.210097e-01;6.581300e-02;5.191027e-02;9.123369e-02;6.390388e-02;8.921745e-02;6.490660e-02;7.018525e-02
5.768586e-02;1.108592e-01;1.123383e-01;9.691392e-02;1.094463e-01;6.162170e-02;6.148325e-02;1.372120e-01;7.971195e-02;5.289587e-02;4.689278e-02;7.293891e-02
9.991619e-02;8.377787e-02;9.681762e-02;7.913939e-02;8.726898e-02;4.776190e-02;8.118707e-02;1.361026e-01;8.461846e-02;7.066739e-02;6.207453e-02;7.066796e-02
1.791673e-01;8.588067e-02;7.513586e-02;3.223064e-02;4.777179e-02;5.048981e-02;8.579984e-02;7.441549e-02;8.296765e-02;9.984642e-02;1.045659e-01;8.172861e-02
1.889935e-01;7.078588e-02;6.296568e-02;1.667952e-02;2.057519e-02;5.218904e-02;6.139145e-02;4.377670e-02;6.157331e-02;1.337241e-01;1.911798e-01;9.616587e-02
6.872001e-02;4.591152e-02;5.329452e-02;1.259029e-02;1.773392e-02;1.018104e-01;5.026618e-02;2.400442e-02;3.860906e-02;1.679615e-01;3.175677e-01;1.015304e-01
3.692467e-02;3.765828e-02;4.313048e-02;9.037847e-03;2.109355e-02;1.620738e-01;7.111169e-02;2.061385e-02;2.726072e-02;1.653298e-01;3.074869e-01;9.827833e-02
9.001965e-02;4.690675e-02;5.684508e-02;1.281538e-02;3.871137e-02;1.060572e-01;1.535437e-01;3.936153e-02;6.370769e-02;1.534397e-01;1.595907e-01;7.900124e-02
9.886076e-02;5.725214e-02;5.608449e-02;1.668839e-02;4.714955e-02;5.990560e-02;2.744542e-01;5.467167e-02;7.639235e-02;1.026053e-01;1.057614e-01;5.017422e-02
7.754992e-02;4.905173e-02;4.434383e-02;1.885006e-02;4.177022e-02;5.990159e-02;4.330563e-01;5.506263e-02;6.408878e-02;4.098025e-02;9.184205e-02;2.350257e-02
3.496240e-02;3.948494e-02;5.716864e-02;4.565436e-02;3.267655e-02;4.865631e-02;4.561524e-01;5.590738e-02;3.997069e-02;5.373395e-02;7.818926e-02;5.744315e-02
2.955788e-02;3.851066e-02;5.789151e-02;6.752909e-02;3.391776e-02;4.226581e-02;3.612270e-01;8.977636e-02;7.399460e-02;9.340000e-02;5.036515e-02;6.156416e-02
4.498901e-02;3.406977e-02;5.505631e-02;7.990718e-02;5.011643e-02;3.445947e-02;1.999029e-01;9.117394e-02;1.310568e-01;1.535151e-01;7.713021e-02;4.862289e-02
4.558622e-02;3.554751e-02;4.063145e-02;7.743157e-02;5.803475e-02;2.128073e-02;8.551306e-02;5.510214e-02;1.968381e-01;2.885047e-01;7.181451e-02;2.371530e-02
4.705730e-02;1.506133e-02;3.440841e-02;3.614008e-02;9.361651e-02;2.007739e-02;6.954118e-02;3.591230e-02;1.451250e-01;3.743987e-01;1.090961e-01;1.956574e-02
2.547349e-02;1.924779e-02;3.143627e-02;1.246642e-02;1.005757e-01;2.224948e-02;6.482634e-02;3.322242e-02;9.340850e-02;4.060366e-01;1.662186e-01;2.483837e-02
2.358967e-02;2.536215e-02;1.556790e-02;8.958695e-03;8.064368e-02;2.323477e-02;3.664773e-02;3.702640e-02;5.965869e-02;4.462481e-01;2.178530e-01;2.520928e-02
1.646005e-02;2.045272e-02;1.026239e-02;7.219675e-03;4.461716e-02;1.703533e-02;6.147031e-02;4.372827e-02;4.395498e-02;4.538796e-01;2.663198e-01;1.459970e-02
8.466627e-03;1.582223e-02;2.374696e-02;9.161260e-03;2.496851e-02;1.867565e-02;4.106000e-02;4.381898e-02;3.614016e-02;4.182959e-01;3.312616e-01;2.858215e-02
5.473705e-02;2.119157e-02;3.775848e-02;9.105086e-03;1.382813e-02;5.063928e-02;3.406849e-02;2.471442e-02;3.351164e-02;2.898081e-01;3.761795e-01;5.445826e-02
6.906808e-02;3.694330e-02;2.414085e-02;1.317607e-02;1.718246e-02;7.094842e-02;6.019944e-02;2.316226e-02;2.488328e-02;1.544712e-01;3.716975e-01;1.341271e-01
2.142282e-01;3.774925e-02;3.452518e-02;1.068116e-02;1.295701e-02;4.093194e-02;4.922897e-02;1.948154e-02;1.329718e-02;5.021639e-02;2.780634e-01;2.386398e-01
4.293919e-01;5.530318e-02;1.383288e-02;1.545925e-02;9.219392e-03;1.260014e-02;5.830766e-02;9.487773e-03;1.271885e-02;5.650653e-02;1.194518e-01;2.077206e-01
5.797420e-01;1.167482e-01;1.150290e-02;9.969966e-03;6.395355e-03;4.844598e-03;3.999531e-02;1.288320e-02;5.508528e-03;3.930878e-02;3.739610e-02;1.357051e-01
6.158537e-01;1.956760e-01;2.481319e-02;8.061044e-03;1.038241e-02;3.376146e-03;1.821554e-02;2.280600e-02;4.204883e-03;2.006777e-02;4.954711e-03;7.158861e-02
5.586529e-01;2.490859e-01;5.284107e-02;7.758066e-03;2.454070e-02;7.774538e-03;1.024316e-02;2.852155e-02;7.083176e-03;1.086818e-02;5.518878e-03;3.711197e-02
5.272949e-01;2.582479e-01;5.951332e-02;1.302864e-02;4.107830e-02;1.027536e-02;1.170543e-02;2.593270e-02;9.635963e-03;1.237962e-02;1.134214e-02;1.956576e-02
5.821366e-01;2.167207e-01;2.880692e-02;1.147400e-02;4.227100e-02;9.091056e-03;8.071993e-03;2.878225e-02;9.176869e-03;1.310523e-02;1.656899e-02;3.379449e-02
6.205838e-01;1.520454e-01;2.484699e-02;9.528171e-03;3.006418e-02;7.580788e-03;1.348401e-02;3.964052e-02;5.503581e-03;1.549822e-02;1.121608e-02;7.000812e-02
5.447399e-01;9.543107e-02;2.381261e-02;1.181308e-02;1.631391e-02;1.042884e-02;3.258482e-02;3.189152e-02;1.038756e-02;2.590999e-02;2.703178e-02;1.696549e-01
3.589132e-01;8.145676e-02;1.703891e-02;1.620817e-02;1.056384e-02;3.119548e-02;5.509698e-02;1.613130e-02;1.444537e-02;3.987723e-02;1.099517e-01;2.491210e-01
1.875811e-01;8.202792e-02;2.761111e-02;1.421532e-02;2.716403e-02;7.273617e-02;3.304385e-02;2.092119e-02;1.968188e-02;8.888929e-02;2.569964e-01;1.691317e-01
1.906546e-01;6.709900e-02;1.980932e-02;1.178787e-02;5.676155e-02;6.003194e-02;3.179129e-02;2.341605e-02;5.245377e-02;1.938666e-01;2.356300e-01;5.669804e-02
1.514270e-01;7.315619e-02;4.638619e-02;2.756643e-02;6.730886e-02;1.905931e-02;9.343570e-02;4.437862e-02;1.252188e-01;2.239177e-01;9.903032e-02;2.911486e-02
1.044679e-01;7.319142e-02;5.792477e-02;4.246334e-02;4.198496e-02;2.474166e-02;1.459509e-01;6.372873e-02;2.111414e-01;1.682501e-01;3.466902e-02;3.148581e-02
6.511790e-02;3.880553e-02;4.334560e-02;3.145443e-02;1.339937e-02;2.820900e-02;2.477131e-01;1.285055e-01;2.197161e-01;1.041095e-01;5.094949e-02;2.867432e-02
3.996518e-02;1.932893e-02;4.515652e-02;1.538660e-02;8.929696e-03;2.619195e-02;4.090663e-01;1.965590e-01;1.342427e-01;4.660422e-02;2.480521e-02;3.376375e-02
2.031660e-02;8.720759e-03;4.546980e-02;7.122505e-03;7.200455e-03;2.056450e-02;5.300496e-01;2.325755e-01;5.294515e-02;2.492342e-02;1.993350e-02;3.017824e-02
2.864165e-02;9.345502e-03;4.029773e-02;2.574213e-03;1.034549e-02;1.770368e-02;5.824900e-01;2.154306e-01;3.396786e-02;2.514604e-02;1.827423e-02;1.578304e-02
3.075961e-02;1.461208e-02;3.812587e-02;4.186570e-03;1.004038e-02;1.802654e-02;6.267056e-01;1.957613e-01;2.328929e-02;1.223061e-02;1.335961e-02;1.290253e-02
2.718760e-02;1.320272e-02;3.881413e-02;3.623142e-03;1.010651e-02;1.629677e-02;6.458706e-01;1.927671e-01;2.488604e-02;7.908056e-03;6.363430e-03;1.297382e-02
2.696847e-02;1.008524e-02;4.786474e-02;4.840424e-03;1.106337e-02;1.998993e-02;5.704557e-01;2.208174e-01;4.365194e-02;1.685367e-02;1.286986e-02;1.453927e-02
4.128094e-02;3.392384e-02;7.434143e-02;2.566504e-02;2.318082e-02;3.120429e-02;3.366847e-01;2.235457e-01;1.167200e-01;4.095010e-02;2.454324e-02;2.795995e-02
5.158658e-02;4.200542e-02;9.071399e-02;6.681100e-02;2.524048e-02;3.058201e-02;1.035515e-01;2.265057e-01;2.496884e-01;5.872318e-02;2.518692e-02;2.940478e-02
3.376191e-02;1.999867e-02;4.882515e-02;1.078025e-01;1.485652e-02;1.742730e-02;1.113827e-01;1.746817e-01;3.920451e-01;5.454164e-02;1.175824e-02;1.291856e-02
2.915388e-02;5.889703e-03;1.741454e-02;1.388495e-01;1.477456e-02;7.507380e-03;8.172360e-02;1.081589e-01;5.084904e-01;7.025871e-02;1.238006e-02;5.398736e-03
3.556900e-02;8.797736e-03;8.175871e-03;1.541422e-01;2.348313e-02;4.393817e-03;4.205422e-02;6.078495e-02;5.338665e-01;1.088755e-01;1.607212e-02;3.784966e-03
3.486012e-02;1.292842e-02;1.755313e-02;1.789861e-01;1.962352e-02;4.672454e-03;5.516979e-02;4.886815e-02;4.524340e-01;1.408604e-01;2.656187e-02;7.482084e-03
4.197581e-02;1.993909e-02;3.653298e-02;1.882035e-01;5.235043e-02;1.299872e-02;1.174521e-01;6.018614e-02;3.130842e-01;1.145363e-01;3.141267e-02;1.132817e-02
5.439864e-02;2.135264e-02;4.214816e-02;1.728253e-01;5.101625e-02;1.895006e-02;1.411751e-01;7.294691e-02;2.601021e-01;1.152577e-01;3.261618e-02;1.721099e-02
4.684047e-02;1.409609e-02;2.955334e-02;1.640820e-01;2.131834e-02;1.198502e-02;7.664926e-02;8.390650e-02;3.368280e-01;1.680423e-01;2.706471e-02;1.963398e-02
3.987092e-02;2.398508e-02;2.279218e-02;1.112174e-01;1.226591e-02;7.606198e-03;1.061862e-01;8.907721e-02;3.782207e-01;1.792030e-01;2.219085e-02;7.384413e-03
4.908951e-02;3.562921e-02;4.645590e-02;7.578406e-02;2.085313e-02;1.766950e-02;1.681201e-01;8.526603e-02;2.828043e-01;1.829005e-01;1.991888e-02;1.550885e-02
5.695752e-02;2.660621e-02;7.729469e-02;8.606736e-02;3.107304e-02;2.464807e-02;1.525353e-01;5.990186e-02;1.780747e-01;2.208125e-01;5.946643e-02;2.656230e-02
8.257534e-02;2.123279e-02;6.074310e-02;9.042863e-02;3.143169e-02;1.416754e-02;9.034114e-02;3.695996e-02;2.561851e-01;2.350385e-01;5.762558e-02;2.327061e-02
1.374771e-01;1.952803e-02;3.688768e-02;8.151120e-02;2.714419e-02;8.629803e-03;2.589042e-02;4.662786e-02;3.675641e-01;2.049099e-01;2.977770e-02;1.405211e-02
1.619535e-01;1.979020e-02;3.378581e-02;6.785082e-02;2.255892e-02;1.456734e-02;1.311161e-01;6.001134e-02;3.118625e-01;1.267425e-01;3.102062e-02;1.874031e-02
1.374042e-01;3.034626e-02;4.139645e-02;5.681885e-02;3.011842e-02;3.435624e-02;2.138217e-01;6.064381e-02;2.195048e-01;9.932734e-02;3.859187e-02;3.767006e-02
9.294266e-02;4.150086e-02;3.789317e-02;4.453087e-02;7.753182e-02;8.829921e-02;2.833318e-01;5.718074e-02;1.258543e-01;6.962188e-02;3.758622e-02;4.372653e-02
5.333884e-02;5.434128e-02;7.709260e-02;2.980336e-02;8.778599e-02;9.559367e-02;3.231905e-01;6.670639e-02;9.089001e-02;5.000940e-02;3.147501e-02;3.977305e-02
3.218842e-02;5.661312e-02;6.121005e-02;2.931722e-02;3.636482e-02;6.018216e-02;4.337170e-01;9.438106e-02;8.060486e-02;5.060406e-02;3.776056e-02;2.705671e-02
1.780535e-02;4.327208e-02;3.995398e-02;2.102298e-02;2.450235e-02;4.399711e-02;5.787299e-01;1.023186e-01;4.522258e-02;2.924384e-02;3.711494e-02;1.681633e-02
7.629253e-03;5.106667e-02;2.498195e-02;1.447318e-02;3.072277e-02;5.733578e-02;6.741399e-01;7.049761e-02;1.916374e-02;1.431800e-02;2.996445e-02;5.706734e-03
2.328922e-02;8.101994e-02;2.223748e-02;1.429051e-02;4.731916e-02;1.000013e-01;6.156650e-01;2.339252e-02;1.793834e-02;2.713010e-02;2.166568e-02;6.050723e-03
4.496337e-02;6.656183e-02;4.736670e-02;2.286328e-02;8.294076e-02;1.353968e-01;4.853659e-01;2.565818e-02;2.505699e-02;4.484474e-02;1.142466e-02;7.556724e-03
5.688645e-02;3.598092e-02;1.347875e-01;3.711391e-02;1.261346e-01;1.329361e-01;3.262597e-01;3.273012e-02;3.456147e-02;5.469057e-02;8.538402e-03;1.938022e-02
4.527948e-02;2.217576e-02;3.041552e-01;5.591564e-02;1.473454e-01;8.049975e-02;1.966358e-01;2.763226e-02;3.586404e-02;3.903549e-02;1.710715e-02;2.835397e-02
2.933067e-02;1.012990e-02;3.945017e-01;6.285657e-02;1.060337e-01;5.600414e-02;2.151754e-01;3.145717e-02;2.860818e-02;1.857042e-02;2.799219e-02;1.933991e-02
2.978843e-02;2.225712e-02;3.697068e-01;7.615744e-02;8.259427e-02;3.268845e-02;2.013938e-01;3.963342e-02;4.402234e-02;3.646656e-02;4.420053e-02;2.109082e-02
2.238550e-02;2.960470e-02;3.314023e-01;6.697939e-02;9.495814e-02;6.222736e-02;1.955975e-01;5.121230e-02;4.259262e-02;3.967629e-02;4.422517e-02;1.913870e-02
2.115519e-02;4.114802e-02;2.909628e-01;5.863194e-02;8.919787e-02;9.136923e-02;1.871660e-01;6.524070e-02;3.605297e-02;6.349086e-02;3.774181e-02;1.784257e-02
1.542690e-02;3.355715e-02;3.086779e-01;6.775714e-02;8.102300e-02;9.073772e-02;1.068308e-01;6.092852e-02;5.495420e-02;1.238534e-01;3.270528e-02;2.354793e-02
1.244559e-02;3.444420e-02;3.625357e-01;5.748655e-02;6.451213e-02;7.285213e-02;1.097169e-01;3.454170e-02;6.381453e-02;1.338741e-01;3.212693e-02;2.164964e-02
2.344249e-02;3.823430e-02;3.686578e-01;6.426013e-02;9.465572e-02;7.278725e-02;1.505813e-01;2.814361e-02;3.271586e-02;9.405291e-02;1.360373e-02;1.886488e-02
3.310583e-02;4.324366e-02;4.646647e-01;7.222009e-02;9.874417e-02;5.299180e-02;1.033788e-01;2.515549e-02;2.538327e-02;6.014936e-02;1.274206e-02;8.220840e-03
2.811597e-02;2.894933e-02;5.703648e-01;7.836257e-02;8.413000e-02;4.347698e-02;5.015482e-02;2.492301e-02;1.807777e-02;4.393576e-02;1.829481e-02;1.121418e-02
3.664070e-02;3.781699e-02;5.610777e-01;6.768134e-02;6.946624e-02;3.540552e-02;4.111883e-02;2.041899e-02;2.889876e-02;6.146729e-02;2.156704e-02;1.844060e-02
6.892106e-02;6.220825e-02;4.889356e-01;4.833496e-02;6.415879e-02;3.379395e-02;3.889013e-02;2.298802e-02;4.517712e-02;7.437548e-02;2.872420e-02;2.349250e-02
8.427120e-02;6.154205e-02;4.236938e-01;2.876446e-02;8.233426e-02;5.047163e-02;6.106229e-02;2.645884e-02;4.989457e-02;6.434374e-02;3.999155e-02;2.717161e-02
3.898111e-02;4.959924e-02;4.073679e-01;4.333846e-02;8.097118e-02;5.791878e-02;1.438816e-01;3.457129e-02;3.104967e-02;5.329683e-02;3.266503e-02;2.635890e-02
3.704718e-02;4.881571e-02;3.123262e-01;5.750178e-02;9.151634e-02;5.734387e-02;1.624464e-01;2.621562e-02;5.187149e-02;8.075091e-02;3.714366e-02;3.702087e-02
6.908641e-02;5.642286e-02;1.511964e-01;8.714885e-02;8.400059e-02;4.784516e-02;1.441123e-01;8.125157e-02;8.657269e-02;4.991747e-02;7.351159e-02;6.893414e-02
7.783824e-02;4.923449e-02;1.737935e-01;9.073235e-02;7.817421e-02;5.541001e-02;1.301097e-01;8.223044e-02;8.259530e-02;4.102122e-02;7.577489e-02;6.308564e-02
5.468629e-02;5.306919e-02;1.859192e-01;9.015585e-02;7.261322e-02;5.493876e-02;1.852941e-01;6.710284e-02;7.520729e-02;4.548713e-02;7.028900e-02;4.523716e-02
4.255894e-02;4.616978e-02;1.674760e-01;7.011847e-02;1.094729e-01;9.332321e-02;2.698655e-01;3.947797e-02;4.209839e-02;4.289978e-02;4.216656e-02;3.437252e-02
4.495565e-02;3.081011e-02;1.628821e-01;7.380930e-02;1.889041e-01;1.108921e-01;2.241356e-01;2.469982e-02;2.748838e-02;3.144376e-02;2.600928e-02;5.396959e-02
2.561431e-02;3.255699e-02;1.707847e-01;1.088126e-01;2.831879e-01;9.630314e-02;1.143293e-01;1.764151e-02;2.574444e-02;3.264102e-02;1.312277e-02;7.926127e-02
8.888623e-03;5.357626e-02;1.418382e-01;1.790043e-01;3.397284e-01;6.806300e-02;2.930581e-02;1.200188e-02;1.621900e-02;6.018319e-02;1.473839e-02;7.645294e-02
1.063695e-02;1.062085e-01;1.692952e-01;2.064459e-01;2.771369e-01;4.267915e-02;2.247251e-02;1.675963e-02;1.007557e-02;7.692004e-02;1.875854e-02;4.261118e-02
2.678916e-02;1.394788e-01;2.502615e-01;1.664550e-01;1.770313e-01;3.858487e-02;4.593504e-02;2.648283e-02;1.497869e-02;6.390108e-02;2.243589e-02;2.766579e-02
5.562266e-02;1.360922e-01;3.628936e-01;9.807900e-02;9.576183e-02;4.406327e-02;6.579425e-02;2.856789e-02;1.966059e-02;4.864975e-02;1.983226e-02;2.498283e-02
8.247696e-02;6.924045e-02;4.901233e-01;7.112484e-02;7.738355e-02;4.368452e-02;3.653621e-02;2.005021e-02;2.796691e-02;3.399464e-02;3.334560e-02;1.407281e-02
7.933619e-02;1.915975e-02;5.646020e-01;7.712777e-02;6.902983e-02;2.596456e-02;3.162020e-02;1.681265e-02;3.492730e-02;2.921279e-02;3.808722e-02;1.411972e-02
8.749685e-02;2.531527e-02;5.892764e-01;6.548076e-02;5.841948e-02;1.579048e-02;2.203598e-02;7.630901e-03;3.667153e-02;6.358798e-02;1.901315e-02;9.281248e-03
8.653401e-02;3.784784e-02;5.454761e-01;6.343509e-02;5.094811e-02;1.938367e-02;3.384819e-02;1.317457e-02;3.691304e-02;9.070010e-02;1.008758e-02;1.165172e-02
1.718072e-01;1.396289e-01;3.607171e-01;4.345340e-02;3.823725e-02;2.186098e-02;3.436036e-02;3.028831e-02;3.494309e-02;7.023576e-02;1.688774e-02;3.757988e-02
3.475422e-01;2.246570e-01;1.467298e-01;2.900119e-02;2.739951e-02;1.364861e-02;4.059647e-02;3.779576e-02;2.834906e-02;3.799146e-02;1.882425e-02;4.746472e-02
4.432075e-01;2.770259e-01;9.257814e-02;1.869037e-02;2.018273e-02;9.262150e-03;2.352025e-02;2.219375e-02;2.334178e-02;2.407880e-02;1.166932e-02;3.424931e-02
4.706105e-01;3.101895e-01;9.863149e-02;1.450226e-02;1.321917e-02;6.705109e-03;1.303125e-02;1.122355e-02;2.338195e-02;1.847222e-02;7.745796e-03;1.228726e-02
5.057973e-01;2.847365e-01;6.442425e-02;5.389754e-03;1.501990e-02;5.701790e-03;1.503357e-02;3.204133e-02;1.925391e-02;1.230932e-02;9.563744e-03;3.072871e-02
5.128050e-01;2.374541e-01;5.034667e-02;1.166005e-02;1.527046e-02;7.965761e-03;2.808320e-02;4.098452e-02;1.296929e-02;1.192585e-02;1.525757e-02;5.527751e-02
4.404356e-01;1.750789e-01;9.705754e-02;2.006243e-02;1.561253e-02;1.455136e-02;5.130518e-02;4.309677e-02;2.209648e-02;2.082258e-02;3.644063e-02;6.343997e-02
3.803713e-01;8.066805e-02;1.515304e-01;2.274113e-02;1.763440e-02;3.065583e-02;8.133194e-02;4.850806e-02;3.252553e-02;4.568125e-02;6.205255e-02;4.629957e-02
3.591799e-01;8.948394e-02;1.052454e-01;2.179885e-02;3.557658e-02;3.379279e-02;8.366248e-02;4.098060e-02;5.894218e-02;6.766280e-02;4.584105e-02;5.783347e-02
3.592436e-01;1.211767e-01;1.073586e-01;3.186916e-02;2.860143e-02;3.288589e-02;5.740217e-02;4.449787e-02;4.787891e-02;6.202596e-02;4.220342e-02;6.485634e-02
3.172566e-01;1.285483e-01;8.549096e-02;5.903267e-02;4.315329e-02;4.148337e-02;6.550760e-02;4.527320e-02;3.758284e-02;5.881826e-02;5.618740e-02;6.166555e-02
2.401029e-01;1.483160e-01;5.868807e-02;6.025704e-02;4.323583e-02;4.721171e-02;1.316999e-01;8.007397e-02;5.834753e-02;3.399627e-02;5.341425e-02;4.465655e-02
1.990975e-01;1.213648e-01;5.718328e-02;5.270129e-02;3.248035e-02;5.355898e-02;1.360097e-01;1.067849e-01;9.738167e-02;6.518532e-02;4.690699e-02;3.134523e-02
1.408974e-01;9.958951e-02;6.057705e-02;9.073617e-02;4.197476e-02;8.457132e-02;1.106654e-01;9.442831e-02;1.091137e-01;8.761725e-02;4.757637e-02;3.225274e-02
6.464610e-02;7.869226e-02;8.677751e-02;1.105129e-01;6.238362e-02;8.474515e-02;1.149519e-01;6.582862e-02;1.178759e-01;9.492408e-02;5.265847e-02;6.600361e-02
1.298396e-01;1.005132e-01;8.471409e-02;6.764618e-02;6.310251e-02;4.886757e-02;1.171098e-01;5.954781e-02;9.747262e-02;9.962057e-02;6.147978e-02;7.008629e-02
1.774579e-01;1.328656e-01;9.145220e-02;5.137223e-02;5.524998e-02;4.927448e-02;8.362814e-02;5.826448e-02;6.152775e-02;9.399398e-02;7.299230e-02;7.192096e-02
1.456847e-01;1.022660e-01;1.824363e-01;7.753196e-02;7.638181e-02;4.261274e-02;8.069077e-02;4.754379e-02;4.261611e-02;7.935607e-02;5.745888e-02;6.542092e-02
1.230692e-01;7.604302e-02;1.879885e-01;7.468383e-02;8.359587e-02;4.140691e-02;8.186495e-02;6.739344e-02;7.047466e-02;8.694556e-02;6.288335e-02;4.365075e-02
1.068167e-01;8.061950e-02;1.540663e-01;5.101806e-02;7.601913e-02;5.288381e-02;7.012121e-02;9.206940e-02;9.458572e-02;8.357170e-02;9.660407e-02;4.162436e-02
1.086739e-01;8.990669e-02;1.210179e-01;3.829916e-02;6.883049e-02;4.628387e-02;1.047957e-01;7.611419e-02;1.028192e-01;7.443763e-02;1.094292e-01;5.939219e-02
9.395309e-02;6.356128e-02;1.423393e-01;5.160129e-02;6.948128e-02;5.355977e-02;1.232724e-01;5.602027e-02;1.212370e-01;1.034403e-01;5.782698e-02;6.370698e-02
7.961912e-02;8.444702e-02;2.311157e-01;5.628625e-02;4.888634e-02;4.060161e-02;1.177773e-01;5.619751e-02;1.001520e-01;1.032566e-01;5.394507e-02;2.771540e-02
6.942135e-02;7.534616e-02;3.238842e-01;7.861870e-02;3.090748e-02;2.304417e-02;7.893033e-02;3.660105e-02;7.779778e-02;1.264840e-01;6.535685e-02;1.360787e-02
3.838850e-02;4.552906e-02;4.077240e-01;1.222692e-01;2.075643e-02;1.084336e-02;3.265639e-02;2.017629e-02;4.018043e-02;1.338580e-01;1.215081e-01;6.110180e-03
1.122820e-02;7.501438e-03;3.922348e-01;1.857584e-01;2.675046e-02;1.036433e-02;1.141134e-02;1.519742e-02;1.170326e-02;9.010560e-02;2.324253e-01;5.319426e-03
1.110472e-02;1.021513e-02;2.802556e-01;2.317333e-01;4.250422e-02;1.238320e-02;8.732271e-03;2.127188e-02;4.703623e-03;3.561525e-02;3.215673e-01;1.991349e-02
2.003602e-02;1.159110e-02;1.757580e-01;2.419867e-01;8.243788e-02;1.339068e-02;1.062192e-02;3.303018e-02;6.645090e-03;1.778459e-02;3.368341e-01;4.988378e-02
1.731990e-02;1.004978e-02;1.083730e-01;2.004676e-01;1.807232e-01;2.044758e-02;1.968725e-02;2.722396e-02;1.467440e-02;8.233367e-03;2.407935e-01;1.520065e-01
1.425098e-02;8.530459e-03;6.737763e-02;1.030202e-01;3.070478e-01;5.840340e-02;3.152281e-02;1.718409e-02;3.605684e-02;1.439891e-02;9.935732e-02;2.428495e-01
3.910621e-02;3.506321e-03;5.190295e-02;3.499839e-02;3.177620e-01;1.919949e-01;4.887236e-02;1.088550e-02;5.051926e-02;1.042845e-02;4.695665e-02;1.930670e-01
8.113035e-02;3.591950e-03;4.035886e-02;2.373992e-02;2.009810e-01;3.630275e-01;8.067600e-02;1.550169e-02;4.841081e-02;2.841849e-02;2.898673e-02;8.517674e-02
1.250141e-01;4.487948e-03;2.779358e-02;1.620146e-02;9.029910e-02;4.032207e-01;1.285810e-01;2.085359e-02;3.895193e-02;8.483533e-02;1.428901e-02;4.547224e-02
1.408947e-01;9.892529e-03;2.400688e-02;2.278764e-02;4.684531e-02;3.309321e-01;1.763915e-01;1.940199e-02;2.744809e-02;1.635479e-01;1.505260e-02;2.279876e-02
1.341896e-01;1.458200e-02;2.789970e-02;2.893796e-02;6.809938e-02;2.642674e-01;2.019804e-01;2.110237e-02;1.239170e-02;1.903496e-01;2.243484e-02;1.376508e-02
1.534499e-01;1.409233e-02;4.191904e-02;3.186977e-02;9.895975e-02;2.446158e-01;1.970480e-01;2.192750e-02;1.577841e-02;1.308165e-01;2.658013e-02;2.294280e-02
1.358804e-01;2.306374e-02;5.398847e-02;2.941286e-02;1.335932e-01;2.265759e-01;2.007746e-01;3.556876e-02;2.122164e-02;7.407556e-02;2.637668e-02;3.946827e-02
7.509279e-02;1.955582e-02;1.932249e-02;1.804829e-02;1.468759e-01;2.375498e-01;3.514142e-01;3.042982e-02;1.694091e-02;3.335235e-02;2.570105e-02;2.571647e-02
2.954253e-02;9.504991e-03;2.570382e-02;1.192081e-02;1.992912e-01;2.592753e-01;3.706483e-01;1.854525e-02;1.358154e-02;2.185687e-02;2.549820e-02;1.463108e-02
3.586521e-02;1.794446e-02;6.735263e-02;3.059196e-02;2.165260e-01;2.102621e-01;3.077427e-01;1.569984e-02;1.694266e-02;2.708297e-02;2.357307e-02;3.041625e-02
3.290635e-02;2.425626e-02;6.318678e-02;5.596725e-02;2.315032e-01;1.684671e-01;2.883668e-01;2.612974e-02;2.772591e-02;3.013056e-02;1.681216e-02;3.454790e-02
2.558786e-02;1.738179e-02;1.449593e-01;8.841120e-02;2.978812e-01;1.367412e-01;1.850789e-01;1.697101e-02;2.352701e-02;2.530459e-02;1.356875e-02;2.458718e-02
1.527579e-02;1.320127e-02;2.113279e-01;1.415250e-01;3.259592e-01;1.001341e-01;1.159445e-01;9.301431e-03;1.722784e-02;2.708850e-02;6.356539e-03;1.665778e-02
1.179586e-02;1.033245e-02;2.840339e-01;2.087048e-01;2.745980e-01;6.781740e-02;7.194691e-02;1.403307e-02;1.243303e-02;2.269022e-02;1.324726e-02;8.367154e-03
7.638955e-03;1.267445e-02;4.115676e-01;2.310649e-01;1.717819e-01;4.623099e-02;4.791763e-02;1.938366e-02;6.365439e-03;1.598386e-02;1.982735e-02;9.563231e-03
1.207400e-02;1.290715e-02;5.281265e-01;1.876082e-01;1.096455e-01;4.230958e-02;5.278268e-02;1.878742e-02;6.352146e-03;1.040021e-02;1.210194e-02;6.904839e-03
1.786528e-02;2.093010e-02;6.124558e-01;1.323448e-01;8.753617e-02;3.614353e-02;2.334407e-02;1.625721e-02;1.591986e-02;2.123090e-02;9.924106e-03;6.048272e-03
2.682301e-02;4.528412e-02;5.661894e-01;9.603441e-02;7.346606e-02;3.699743e-02;5.478207e-02;1.143235e-02;3.000486e-02;3.299369e-02;1.587392e-02;1.011872e-02
4.904976e-02;8.203466e-02;4.056471e-01;6.641088e-02;8.308271e-02;4.696573e-02;8.007808e-02;2.589935e-02;6.626361e-02;4.210158e-02;3.567450e-02;1.679203e-02
7.430076e-02;7.494196e-02;2.768332e-01;3.309314e-02;6.687648e-02;3.883325e-02;1.225936e-01;8.713952e-02;8.805802e-02;3.300104e-02;6.659641e-02;3.773253e-02
5.394807e-02;5.883630e-02;2.192703e-01;4.688088e-02;4.258864e-02;6.449653e-02;1.320654e-01;1.108133e-01;6.918646e-02;5.452413e-02;9.239614e-02;5.499382e-02
1.244543e-01;9.471002e-02;1.310507e-01;5.782499e-02;6.001591e-02;8.135393e-02;1.130918e-01;6.853139e-02;6.485121e-02;7.281779e-02;8.139849e-02;4.989947e-02
1.477871e-01;1.308504e-01;2.441566e-01;6.456543e-02;2.664584e-02;4.476633e-02;9.711351e-02;2.755610e-02;5.026465e-02;6.759477e-02;5.002574e-02;4.867357e-02
9.734385e-02;1.064179e-01;4.209889e-01;6.375737e-02;2.611961e-02;3.092929e-02;5.675045e-02;1.428511e-02;3.372810e-02;7.234882e-02;3.509930e-02;4.223121e-02
4.770393e-02;5.334031e-02;5.420566e-01;9.710887e-02;3.824196e-02;2.055425e-02;3.877543e-02;1.063693e-02;2.417858e-02;6.744272e-02;3.692934e-02;2.303110e-02
2.260270e-02;2.109783e-02;5.425382e-01;1.358438e-01;5.859887e-02;1.928909e-02;3.428273e-02;1.646328e-02;1.551637e-02;5.382065e-02;7.317362e-02;6.772820e-03
1.681006e-02;2.003973e-02;5.261362e-01;1.430649e-01;7.501666e-02;2.383705e-02;2.420250e-02;1.992975e-02;1.079810e-02;4.042486e-02;9.149564e-02;8.244560e-03
1.529018e-02;2.517528e-02;5.726315e-01;1.177636e-01;6.401101e-02;2.693797e-02;2.205162e-02;1.963144e-02;2.063076e-02;4.020566e-02;6.393755e-02;1.173352e-02
3.174491e-02;3.563552e-02;5.419423e-01;9.052054e-02;6.041289e-02;3.296940e-02;5.418970e-02;1.891206e-02;3.344638e-02;4.197121e-02;4.036665e-02;1.788848e-02
4.915278e-02;5.444469e-02;3.732972e-01;6.476159e-02;7.491826e-02;4.784922e-02;9.589056e-02;3.501175e-02;5.919767e-02;3.370607e-02;7.264217e-02;3.912798e-02
5.912142e-02;5.174318e-02;2.414389e-01;6.515494e-02;7.080457e-02;5.861722e-02;1.000716e-01;5.340837e-02;9.563125e-02;6.354658e-02;8.935133e-02;5.111058e-02
9.694687e-02;9.025480e-02;1.845685e-01;7.288423e-02;4.889486e-02;5.107994e-02;8.646870e-02;7.633305e-02;8.031421e-02;1.075704e-01;4.967993e-02;5.500445e-02
9.245221e-02;9.623591e-02;1.745555e-01;6.113347e-02;5.621579e-02;4.738703e-02;9.640422e-02;1.001711e-01;6.235026e-02;1.208464e-01;3.159561e-02;6.065249e-02
4.884369e-02;6.262755e-02;2.258318e-01;8.257853e-02;7.827771e-02;5.905924e-02;8.027375e-02;1.003107e-01;5.550705e-02;1.469733e-01;2.341924e-02;3.629748e-02
4.676554e-02;4.621683e-02;2.250950e-01;1.090022e-01;9.419275e-02;7.429212e-02;5.332811e-02;8.062323e-02;4.242733e-02;1.710546e-01;3.037550e-02;2.662678e-02
6.314462e-02;5.846275e-02;1.683509e-01;1.132873e-01;1.183186e-01;6.391530e-02;7.877196e-02;5.564575e-02;6.642997e-02;1.370213e-01;4.322521e-02;3.342630e-02
7.195365e-02;5.552516e-02;1.668499e-01;7.396802e-02;1.135571e-01;4.256103e-02;8.832607e-02;6.072591e-02;8.733935e-02;1.382828e-01;5.228851e-02;4.862240e-02
1.099577e-01;6.858400e-02;1.380280e-01;4.836723e-02;9.988205e-02;3.798857e-02;5.970771e-02;6.526458e-02;8.933710e-02;1.232499e-01;7.496749e-02;8.466557e-02
1.196712e-01;7.666606e-02;8.474644e-02;3.426831e-02;7.914580e-02;6.945436e-02;1.362416e-01;7.804376e-02;8.306143e-02;6.602021e-02;7.575120e-02;9.692966e-02
1.132613e-01;6.163635e-02;7.040348e-02;4.668792e-02;8.205210e-02;1.018226e-01;2.302458e-01;5.891494e-02;6.215827e-02;6.501935e-02;5.640759e-02;5.139029e-02
8.582084e-02;4.814903e-02;8.523228e-02;5.420289e-02;1.253282e-01;1.285907e-01;2.141845e-01;3.755533e-02;6.547116e-02;5.646466e-02;3.789264e-02;6.110772e-02
5.305098e-02;3.215905e-02;7.130099e-02;5.160595e-02;2.164062e-01;1.644019e-01;1.577575e-01;1.667316e-02;8.975078e-02;4.237566e-02;2.174729e-02;8.277056e-02
1.810409e-02;1.891186e-02;6.142031e-02;3.640698e-02;3.273124e-01;1.706651e-01;6.839107e-02;9.617308e-03;1.493385e-01;2.381380e-02;1.341679e-02;1.026018e-01
2.075124e-02;1.161356e-02;6.487006e-02;5.161562e-02;3.480924e-01;1.626886e-01;5.992192e-02;1.777275e-02;1.578748e-01;1.233188e-02;7.993055e-03;8.447408e-02
3.047615e-02;7.919816e-03;6.308842e-02;5.501476e-02;3.290108e-01;1.868228e-01;1.083561e-01;2.380926e-02;1.102855e-01;2.024741e-02;1.472411e-02;5.024483e-02
9.126845e-02;1.051271e-02;4.112175e-02;3.115657e-02;2.446546e-01;2.431611e-01;1.720677e-01;2.989518e-02;4.829330e-02;5.008997e-02;1.299884e-02;2.477982e-02
1.403105e-01;1.176492e-02;2.073234e-02;2.282091e-02;1.453739e-01;2.482429e-01;2.653283e-01;3.791330e-02;1.573952e-02;7.453024e-02;8.302804e-03;8.940401e-03
1.452401e-01;8.424827e-03;1.664978e-02;1.749280e-02;1.165680e-01;2.280400e-01;3.360503e-01;3.230427e-02;1.472589e-02;6.973413e-02;7.979879e-03;6.790015e-03
1.077908e-01;8.146577e-03;5.131730e-02;2.025844e-02;1.611913e-01;2.098832e-01;3.478120e-01;2.086287e-02;1.643350e-02;4.092238e-02;7.895102e-03;7.486608e-03
4.738607e-02;2.326236e-02;1.571121e-01;4.870530e-02;2.029429e-01;1.832673e-01;2.340923e-01;1.803968e-02;3.039761e-02;2.560522e-02;7.740826e-03;2.144828e-02
1.631826e-02;3.949364e-02;3.097219e-01;7.300401e-02;1.721982e-01;1.379716e-01;8.608204e-02;2.751144e-02;5.720541e-02;3.971013e-02;1.554608e-02;2.523736e-02
1.465544e-02;2.647505e-02;3.964193e-01;6.437779e-02;8.285393e-02;8.147027e-02;1.024992e-01;4.414456e-02;6.868244e-02;8.780555e-02;1.361797e-02;1.699847e-02
2.224958e-02;1.629153e-02;3.583784e-01;4.479074e-02;5.105850e-02;5.977627e-02;1.305707e-01;4.912748e-02;8.027930e-02;1.603776e-01;1.339233e-02;1.370750e-02
3.652259e-02;3.762072e-02;1.957605e-01;4.004498e-02;1.018375e-01;1.085470e-01;1.418091e-01;3.135556e-02;1.283682e-01;1.467045e-01;1.240860e-02;1.902077e-02
4.319004e-02;5.383680e-02;1.009005e-01;4.098642e-02;1.019982e-01;1.175099e-01;1.152371e-01;5.222798e-02;1.709207e-01;1.541645e-01;2.098987e-02;2.803806e-02
2.294847e-02;3.767149e-02;9.729206e-02;4.567795e-02;8.714667e-02;8.007966e-02;1.420258e-01;6.256340e-02;2.039905e-01;1.610976e-01;2.519558e-02;3.431084e-02
2.291722e-02;3.279768e-02;2.281152e-01;5.426213e-02;8.402839e-02;8.273853e-02;9.374761e-02;7.017257e-02;1.044698e-01;1.900086e-01;1.878514e-02;1.795707e-02
3.335034e-02;4.011764e-02;2.389535e-01;5.099432e-02;1.286034e-01;1.084307e-01;1.464955e-01;5.947034e-02;4.819218e-02;1.061519e-01;2.315121e-02;1.608909e-02
4.760937e-02;3.290756e-02;1.504485e-01;4.632382e-02;1.532454e-01;1.366020e-01;2.650019e-01;3.488513e-02;3.413483e-02;3.675573e-02;2.520815e-02;3.687752e-02
9.119526e-02;1.306921e-02;6.146633e-02;2.306441e-02;1.286113e-01;1.751193e-01;3.597942e-01;2.205031e-02;2.196619e-02;4.526138e-02;1.433096e-02;4.407107e-02
1.263140e-01;8.947258e-03;1.728457e-02;1.341496e-02;8.891477e-02;2.074610e-01;3.765550e-01;2.701120e-02;2.127388e-02;6.902913e-02;9.259783e-03;3.453446e-02
1.205735e-01;4.079276e-03;1.135886e-02;1.135976e-02;8.756842e-02;2.441082e-01;3.562887e-01;4.224487e-02;2.271248e-02;7.246327e-02;9.446558e-03;1.779613e-02
1.088346e-01;6.524034e-03;2.091288e-02;1.148547e-02;1.146799e-01;2.783641e-01;3.175036e-01;4.846338e-02;1.705798e-02;5.686313e-02;7.020030e-03;1.229087e-02
9.831779e-02;1.542411e-02;1.174543e-02;9.161267e-03;1.645184e-01;3.113704e-01;2.695195e-01;3.383273e-02;1.438589e-02;5.039213e-02;4.823595e-03;1.650874e-02
7.072502e-02;1.236118e-02;3.703194e-02;1.234277e-02;2.233827e-01;2.939174e-01;2.371378e-01;1.731400e-02;2.550640e-02;2.691888e-02;4.718096e-03;3.864387e-02
4.518897e-02;1.020207e-02;4.937028e-02;1.609471e-02;3.062264e-01;2.398705e-01;1.854018e-01;1.151629e-02;3.441248e-02;1.379612e-02;1.366599e-02;7.425437e-02
2.320731e-02;1.559879e-02;4.808370e-02;2.073401e-02;3.356005e-01;2.594229e-01;1.483952e-01;1.213470e-02;3.312868e-02;1.767221e-02;1.246879e-02;7.355325e-02
3.093109e-02;1.488924e-02;3.381412e-02;2.133364e-02;2.524343e-01;4.075691e-01;1.345095e-01;4.674602e-03;3.050784e-02;1.066966e-02;7.812624e-03;5.085440e-02
4.081376e-02;8.432444e-03;1.515958e-02;9.142403e-03;1.534439e-01;5.266774e-01;1.736505e-01;1.266686e-02;2.073799e-02;9.636092e-03;2.867077e-03;2.677198e-02
4.931512e-02;4.372623e-03;1.620174e-02;8.549532e-03;1.497098e-01;5.248240e-01;1.959575e-01;7.612079e-03;1.178289e-02;8.700175e-03;5.403544e-03;1.757114e-02
6.295025e-02;5.513102e-03;2.127601e-02;1.249337e-02;1.669792e-01;4.723790e-01;1.795439e-01;8.703416e-03;1.679015e-02;1.245958e-02;7.934199e-03;3.297774e-02
8.319407e-02;8.940200e-03;2.077195e-02;1.695780e-02;2.255476e-01;4.073502e-01;1.364806e-01;1.431589e-02;1.418101e-02;1.721987e-02;7.576459e-03;4.746440e-02
1.106618e-01;1.136958e-02;2.953213e-02;2.068399e-02;2.454287e-01;3.319891e-01;1.274211e-01;1.720917e-02;3.816140e-02;1.875880e-02;7.205568e-03;4.157871e-02
1.370165e-01;6.292411e-03;3.276983e-02;1.682365e-02;2.266731e-01;3.021666e-01;1.543534e-01;2.180488e-02;4.337678e-02;2.003384e-02;7.818958e-03;3.087002e-02
1.230052e-01;9.260496e-03;4.680729e-02;8.962712e-03;2.312965e-01;2.471595e-01;1.522962e-01;1.724305e-02;6.944599e-02;1.907074e-02;9.166747e-03;6.628547e-02
1.017434e-01;1.307556e-02;4.727836e-02;1.610371e-02;2.573204e-01;1.629304e-01;1.258628e-01;2.664410e-02;1.063698e-01;2.083868e-02;1.036449e-02;1.114684e-01
7.627299e-02;1.172069e-02;4.842336e-02;2.627369e-02;3.645760e-01;1.195568e-01;1.015208e-01;8.942085e-03;8.929817e-02;1.237067e-02;5.365346e-03;1.356793e-01
3.045056e-02;8.384856e-03;3.131427e-02;2.972761e-02;4.903482e-01;1.294359e-01;6.837220e-02;4.278232e-03;6.604934e-02;3.732512e-03;8.811330e-03;1.290950e-01
1.861653e-02;3.608405e-03;3.499373e-02;6.092696e-02;5.234016e-01;9.118678e-02;4.911542e-02;5.070139e-03;5.320850e-02;6.088800e-03;4.249973e-03;1.495331e-01
3.370290e-02;6.817610e-03;4.608797e-02;1.010816e-01;4.443527e-01;5.826636e-02;2.761150e-02;8.210818e-03;5.192177e-02;7.580989e-03;2.937040e-02;1.849953e-01
3.485600e-02;1.207259e-02;7.410802e-02;1.460578e-01;2.938923e-01;4.009339e-02;2.715003e-02;1.343728e-02;4.727335e-02;2.049952e-02;1.217577e-01;1.688021e-01
2.143878e-02;1.928745e-02;1.872234e-01;1.823313e-01;1.563998e-01;2.381457e-02;1.577653e-02;3.274905e-02;4.047696e-02;5.147221e-02;1.947710e-01;7.425889e-02
1.578383e-02;1.547044e-02;3.507235e-01;1.545604e-01;8.095427e-02;2.309304e-02;2.675883e-02;3.178222e-02;3.429391e-02;8.710638e-02;1.567505e-01;2.272275e-02
2.531357e-02;4.632318e-02;4.860958e-01;8.563405e-02;5.938451e-02;1.788602e-02;3.847400e-02;1.980601e-02;3.662160e-02;1.074157e-01;6.102533e-02;1.602021e-02
5.092395e-02;1.245163e-01;4.608122e-01;4.790456e-02;5.144686e-02;2.312872e-02;2.841923e-02;1.162559e-02;7.404649e-02;9.557051e-02;1.411364e-02;1.749196e-02
1.113244e-01;1.973979e-01;3.302178e-01;3.239986e-02;3.714708e-02;3.346668e-02;1.518951e-02;1.907651e-02;1.172857e-01;5.601068e-02;2.226155e-02;2.822221e-02
2.264307e-01;1.776168e-01;1.944911e-01;2.631461e-02;6.593775e-02;2.901486e-02;2.381157e-02;6.558822e-02;1.045022e-01;2.839454e-02;3.038504e-02;2.751273e-02
2.840542e-01;1.004186e-01;1.505352e-01;1.420690e-02;7.790550e-02;2.572634e-02;5.662556e-02;1.028692e-01;5.948732e-02;2.839372e-02;3.859115e-02;6.118639e-02
2.358765e-01;4.324698e-02;1.191125e-01;3.225544e-02;6.427798e-02;2.492088e-02;1.300689e-01;9.117941e-02;3.651583e-02;5.260141e-02;6.203828e-02;1.079059e-01
1.344514e-01;5.760393e-02;7.728076e-02;4.927560e-02;8.345305e-02;4.455627e-02;1.913564e-01;4.640473e-02;3.824955e-02;7.565730e-02;9.703816e-02;1.046729e-01
5.540770e-02;3.836678e-02;1.199664e-01;5.235042e-02;9.069267e-02;6.569398e-02;1.803924e-01;2.906825e-02;5.910667e-02;9.222458e-02;1.488123e-01;6.791783e-02
5.808868e-02;4.011809e-02;1.612355e-01;3.282242e-02;7.758848e-02;5.182878e-02;1.132894e-01;2.136925e-02;6.841090e-02;1.159768e-01;1.709114e-01;8.836040e-02
4.728561e-02;2.606587e-02;1.940290e-01;3.231432e-02;8.093366e-02;4.301085e-02;4.704883e-02;2.229319e-02;7.781953e-02;1.410746e-01;2.030457e-01;8.507880e-02
6.860127e-02;1.713349e-02;2.021918e-01;3.958738e-02;7.298119e-02;3.204173e-02;5.519969e-02;2.824764e-02;9.619647e-02;1.328016e-01;1.936674e-01;6.135038e-02
7.037383e-02;2.191101e-02;1.377816e-01;4.151623e-02;4.841749e-02;3.101903e-02;1.051807e-01;3.600203e-02;9.748886e-02;1.630895e-01;1.879115e-01;5.930811e-02
8.345980e-02;3.875632e-02;1.198664e-01;4.106239e-02;7.201499e-02;5.255606e-02;1.070458e-01;3.550775e-02;9.653018e-02;1.534395e-01;1.348643e-01;6.489647e-02
6.645460e-02;5.727271e-02;1.531573e-01;4.803244e-02;6.466320e-02;5.873824e-02;1.225237e-01;6.533661e-02;7.316643e-02;1.330019e-01;7.968799e-02;7.796488e-02
7.720645e-02;5.164175e-02;1.107640e-01;6.423067e-02;7.949246e-02;6.039947e-02;1.503606e-01;9.162619e-02;8.586741e-02;1.046497e-01;8.798146e-02;3.577982e-02
1.026607e-01;3.806277e-02;1.056206e-01;6.767676e-02;9.441610e-02;6.125885e-02;1.212873e-01;7.788410e-02;6.588563e-02;8.569707e-02;1.030648e-01;7.648530e-02
1.260434e-01;4.905181e-02;9.479713e-02;5.042601e-02;7.649297e-02;5.852217e-02;1.335479e-01;8.888331e-02;4.086932e-02;7.730230e-02;8.837855e-02;1.156850e-01
1.204975e-01;7.277762e-02;6.698894e-02;3.911842e-02;6.868599e-02;5.950646e-02;1.571915e-01;9.174748e-02;7.018031e-02;1.089591e-01;7.300008e-02;7.134661e-02
9.907104e-02;3.317046e-02;7.899600e-02;6.533896e-02;7.223338e-02;5.618282e-02;1.572026e-01;1.057454e-01;5.210548e-02;1.190533e-01;9.512401e-02;6.577653e-02
6.954407e-02;7.184807e-02;7.973268e-02;8.045054e-02;6.135456e-02;5.271373e-02;1.295422e-01;9.163158e-02;8.134799e-02;1.175676e-01;9.277970e-02;7.148734e-02
9.210557e-02;1.052928e-01;9.772259e-02;6.120246e-02;6.122840e-02;6.902029e-02;1.012411e-01;7.058726e-02;6.562027e-02;1.110160e-01;9.988716e-02;6.507616e-02
8.958389e-02;9.643327e-02;1.166544e-01;4.853808e-02;7.307570e-02;8.112766e-02;1.019284e-01;5.647050e-02;8.545596e-02;1.036104e-01;7.596682e-02;7.115491e-02
6.710736e-02;7.081612e-02;9.201175e-02;5.613103e-02;7.024276e-02;7.532953e-02;1.411012e-01;4.715804e-02;1.283509e-01;1.249956e-01;5.032900e-02;7.642674e-02
5.708285e-02;5.072958e-02;1.043179e-01;2.654366e-02;5.250119e-02;7.877878e-02;1.439357e-01;6.085465e-02;1.214523e-01;1.482341e-01;7.534693e-02;8.022230e-02
4.724529e-02;5.354902e-02;9.952339e-02;2.994194e-02;7.693703e-02;9.008612e-02;1.323467e-01;6.633882e-02;9.233008e-02;1.400087e-01;1.070018e-01;6.469104e-02
5.434003e-02;8.406873e-02;8.790049e-02;3.970105e-02;7.836911e-02;1.011532e-01;1.093224e-01;7.777729e-02;8.510111e-02;1.454530e-01;8.859961e-02;4.821403e-02
