9.368579e-02;8.125696e-02;9.135512e-02;2.751101e-02;5.948978e-02;7.359201e-02;3.756595e-01;4.291242e-02;2.420525e-02;3.895846e-02;4.360688e-02;4.776677e-02
1.086803e-01;8.953786e-02;8.051759e-02;2.431453e-02;7.172859e-02;1.079830e-01;3.426532e-01;3.389190e-02;1.958687e-02;3.018852e-02;4.218999e-02;4.872771e-02
1.380176e-01;6.378457e-02;6.093501e-02;2.091300e-02;1.098554e-01;1.962714e-01;2.639686e-01;2.706330e-02;1.967656e-02;2.563037e-02;3.497488e-02;3.890923e-02
1.231380e-01;2.256311e-02;6.153547e-02;2.028700e-02;1.280334e-01;3.053712e-01;2.234182e-01;2.109955e-02;1.728144e-02;3.856417e-02;2.389700e-02;1.481146e-02
8.143085e-02;1.393684e-02;3.107322e-02;1.974481e-02;1.004337e-01;3.403526e-01;2.907064e-01;1.506319e-02;1.167505e-02;6.821308e-02;1.201317e-02;1.535709e-02
4.757740e-02;2.331089e-02;1.124983e-02;1.283687e-02;5.575733e-02;2.492738e-01;4.742144e-01;1.922846e-02;1.373841e-02;7.201491e-02;1.529917e-02;5.498578e-03
2.985035e-02;3.435494e-02;1.785869e-02;1.087010e-02;4.861505e-02;1.420705e-01;5.851989e-01;2.825624e-02;1.885325e-02;5.030603e-02;2.231516e-02;1.145079e-02
4.516086e-02;2.890807e-02;3.153543e-02;1.140330e-02;8.402593e-02;1.147885e-01;5.124550e-01;2.990060e-02;2.076353e-02;8.836981e-02;1.958500e-02;1.310389e-02
5.815011e-02;2.414586e-02;6.232530e-02;2.125086e-02;1.506879e-01;1.134239e-01;3.048400e-01;3.036129e-02;7.767329e-02;1.188012e-01;1.405551e-02;2.428489e-02
5.109821e-02;2.488461e-02;1.101984e-01;3.046502e-02;2.066159e-01;1.217214e-01;1.268701e-01;3.141649e-02;1.588864e-01;8.374725e-02;2.687001e-02;2.722617e-02
2.253039e-02;1.659275e-02;7.854524e-02;3.383828e-02;1.924260e-01;1.160657e-01;2.671860e-01;2.860430e-02;1.452640e-01;4.085615e-02;2.695383e-02;3.113731e-02
1.100897e-02;1.417742e-02;1.967842e-01;3.967711e-02;1.597202e-01;9.310918e-02;2.532605e-01;3.313265e-02;1.267904e-01;2.347412e-02;2.034444e-02;2.852074e-02
1.931661e-02;1.312976e-02;3.845752e-01;5.826858e-02;9.555851e-02;8.262334e-02;1.849203e-01;4.350252e-02;5.867154e-02;1.725663e-02;1.583811e-02;2.633885e-02
1.793168e-02;2.793100e-02;5.388332e-01;5.253231e-02;5.344442e-02;6.660376e-02;1.388612e-01;2.618040e-02;2.462159e-02;2.465240e-02;1.086556e-02;1.754246e-02
2.730988e-02;5.453249e-02;5.845374e-01;3.322585e-02;3.586718e-02;4.693993e-02;9.601370e-02;1.408708e-02;5.135467e-02;2.949017e-02;1.585725e-02;1.078437e-02
6.243918e-02;7.285684e-02;5.171915e-01;3.235153e-02;4.788123e-02;5.522402e-02;6.789755e-02;2.422553e-02;5.167608e-02;3.059979e-02;2.599683e-02;1.165994e-02
1.069781e-01;8.066346e-02;4.344621e-01;3.400667e-02;5.002360e-02;5.455192e-02;7.484493e-02;3.051820e-02;3.303889e-02;3.156220e-02;4.487003e-02;2.447991e-02
1.407533e-01;6.480204e-02;3.626983e-01;4.043561e-02;5.170669e-02;4.230386e-02;7.635746e-02;4.150959e-02;3.648704e-02;4.516162e-02;5.097113e-02;4.681336e-02
5.781747e-02;9.157375e-02;4.369204e-01;5.732252e-02;5.718251e-02;4.229482e-02;6.889414e-02;2.650068e-02;5.018844e-02;4.169655e-02;3.390541e-02;3.570327e-02
4.953817e-02;1.347492e-01;4.621072e-01;6.274495e-02;4.483264e-02;3.669086e-02;5.629217e-02;1.665542e-02;6.570221e-02;3.647766e-02;1.974683e-02;1.446272e-02
1.456436e-01;1.980928e-01;3.780951e-01;4.264033e-02;2.791857e-02;2.456201e-02;3.725990e-02;3.711697e-02;6.284475e-02;2.364534e-02;8.235210e-03;1.394535e-02
2.516898e-01;1.872658e-01;2.186716e-01;3.676060e-02;3.188455e-02;2.516307e-02;6.973987e-02;6.309485e-02;3.417758e-02;1.142372e-02;2.230748e-02;4.782104e-02
2.235291e-01;1.193228e-01;1.585687e-01;6.104726e-02;2.838055e-02;6.119563e-02;1.100033e-01;5.655437e-02;1.223271e-02;2.947878e-02;6.565703e-02;7.402975e-02
9.332091e-02;1.406603e-01;1.618918e-01;6.119706e-02;5.809490e-02;9.840311e-02;9.115630e-02;3.370605e-02;2.586439e-02;8.015115e-02;1.047434e-01;5.081069e-02
7.932278e-02;1.500673e-01;9.774043e-02;6.939524e-02;1.072395e-01;7.611632e-02;5.279391e-02;4.277321e-02;8.155077e-02;1.369664e-01;7.137208e-02;3.466206e-02
7.530260e-02;8.022232e-02;1.544798e-01;9.949709e-02;9.870178e-02;3.370861e-02;9.212214e-02;7.513408e-02;1.253767e-01;1.060124e-01;4.532908e-02;1.411341e-02
4.632105e-02;4.529606e-02;2.006920e-01;8.714341e-02;5.948818e-02;5.452468e-02;1.877305e-01;8.962704e-02;9.796066e-02;5.595949e-02;4.355565e-02;3.170123e-02
4.815315e-02;4.227538e-02;1.810186e-01;5.198248e-02;4.988148e-02;7.377632e-02;2.803168e-01;8.552324e-02;5.248557e-02;5.369150e-02;4.175094e-02;3.914451e-02
5.470204e-02;6.627849e-02;1.029151e-01;2.626074e-02;7.212117e-02;5.109672e-02;3.503316e-01;8.592714e-02;3.812065e-02;6.230931e-02;5.324297e-02;3.669407e-02
6.818299e-02;7.421407e-02;8.315706e-02;2.662462e-02;6.168025e-02;5.275955e-02;3.843657e-01;6.412882e-02;4.638237e-02;5.989688e-02;5.097952e-02;2.762813e-02
8.349901e-02;4.502453e-02;6.919578e-02;5.025028e-02;5.953911e-02;6.898095e-02;4.123141e-01;3.814636e-02;4.356630e-02;5.630166e-02;2.874633e-02;4.443567e-02
1.107091e-01;4.574401e-02;3.217056e-02;5.732106e-02;6.964105e-02;9.133416e-02;3.758168e-01;2.900612e-02;4.861527e-02;5.741110e-02;2.695219e-02;5.527855e-02
1.362407e-01;5.194391e-02;2.497841e-02;4.529990e-02;8.836425e-02;1.144447e-01;3.264818e-01;3.529173e-02;5.233288e-02;5.587916e-02;2.550470e-02;4.323782e-02
1.576950e-01;4.763117e-02;3.946562e-02;3.099245e-02;1.071059e-01;1.221572e-01;2.690736e-01;5.874932e-02;5.003574e-02;5.283987e-02;2.300974e-02;4.124443e-02
1.525431e-01;5.150424e-02;8.466621e-02;4.405756e-02;1.534348e-01;1.146718e-01;1.565406e-01;6.794818e-02;5.100915e-02;4.169261e-02;3.163282e-02;5.029896e-02
1.057876e-01;4.548807e-02;1.261863e-01;6.270380e-02;1.949790e-01;9.547238e-02;1.572080e-01;5.638470e-02;5.266000e-02;2.097417e-02;2.678406e-02;5.537192e-02
7.806690e-02;5.143796e-02;1.472698e-01;5.608114e-02;1.733547e-01;8.100013e-02;2.192989e-01;5.617063e-02;5.232955e-02;2.234052e-02;1.738458e-02;4.526522e-02
9.636031e-02;5.006507e-02;1.302607e-01;4.835175e-02;1.350948e-01;6.755018e-02;2.103989e-01;6.601697e-02;3.816174e-02;3.539002e-02;5.773024e-02;6.461929e-02
1.494012e-01;1.098031e-01;1.222046e-01;3.712383e-02;6.409813e-02;4.836401e-02;2.411066e-01;5.382067e-02;2.640339e-02;3.565172e-02;6.176243e-02;5.026028e-02
1.369920e-01;1.261294e-01;1.561693e-01;3.950314e-02;4.793234e-02;4.801308e-02;2.531081e-01;4.917053e-02;3.296154e-02;2.979722e-02;5.013424e-02;3.008901e-02
1.013235e-01;1.092756e-01;1.884034e-01;5.371462e-02;5.644343e-02;6.167044e-02;2.379110e-01;5.401420e-02;5.088944e-02;3.585127e-02;3.140578e-02;1.909728e-02
6.049130e-02;5.535527e-02;1.595827e-01;8.811722e-02;8.170736e-02;6.725600e-02;1.800471e-01;6.865427e-02;1.128867e-01;8.711419e-02;2.774921e-02;1.103880e-02
3.948515e-02;3.215185e-02;8.579466e-02;9.308016e-02;8.820186e-02;1.291882e-01;9.982858e-02;6.955305e-02;1.478769e-01;1.552779e-01;4.696817e-02;1.259336e-02
2.807405e-02;4.983404e-02;3.825073e-02;4.581375e-02;1.131580e-01;1.671913e-01;1.177862e-01;7.048242e-02;1.014389e-01;1.642141e-01;8.248089e-02;2.127573e-02
4.421884e-02;3.999982e-02;4.840117e-02;2.971544e-02;7.144698e-02;1.919305e-01;1.325688e-01;6.875925e-02;7.491606e-02;1.288655e-01;1.378778e-01;3.129992e-02
7.341193e-02;1.708305e-02;6.052022e-02;1.674384e-02;5.757479e-02;1.832486e-01;1.100703e-01;6.221924e-02;1.105756e-01;9.710001e-02;1.450964e-01;6.635596e-02
1.292282e-01;3.048982e-02;4.091744e-02;3.138186e-02;6.050124e-02;9.107897e-02;1.609132e-01;7.857170e-02;9.321386e-02;5.257028e-02;9.780208e-02;1.333314e-01
2.165001e-01;4.291299e-02;1.926621e-02;5.156530e-02;3.181171e-02;5.485063e-02;2.084205e-01;5.554166e-02;3.605310e-02;5.836348e-02;5.053584e-02;1.741785e-01
3.343758e-01;4.510641e-02;1.380126e-02;4.782793e-02;1.190886e-02;7.017338e-02;1.431985e-01;2.921572e-02;2.396121e-02;7.981870e-02;3.325896e-02;1.673533e-01
4.174202e-01;3.828814e-02;1.980875e-02;3.002466e-02;7.594163e-03;1.007005e-01;7.216838e-02;3.405444e-02;3.870080e-02;7.051422e-02;2.042064e-02;1.503051e-01
4.623712e-01;3.689454e-02;2.408632e-02;1.850063e-02;4.145920e-03;1.014754e-01;4.547995e-02;3.659099e-02;5.341427e-02;5.786467e-02;1.238867e-02;1.467874e-01
4.789284e-01;3.274430e-02;2.438230e-02;1.724607e-02;5.102351e-03;8.641274e-02;3.398101e-02;2.875782e-02;6.170892e-02;5.907056e-02;1.782742e-02;1.538381e-01
4.401696e-01;3.210673e-02;2.311648e-02;2.751925e-02;5.454955e-03;7.021794e-02;4.726611e-02;1.939704e-02;5.468205e-02;9.451076e-02;2.152609e-02;1.640330e-01
3.650959e-01;3.129151e-02;1.591117e-02;4.602180e-02;4.801104e-03;4.280109e-02;1.169440e-01;1.926327e-02;3.452612e-02;1.132608e-01;2.985293e-02;1.802303e-01
2.760572e-01;2.242582e-02;1.954746e-02;4.525361e-02;2.005245e-02;2.664726e-02;1.859958e-01;5.713050e-02;3.058470e-02;8.153364e-02;5.364405e-02;1.811276e-01
1.922653e-01;1.237261e-02;3.565938e-02;2.658714e-02;4.087239e-02;6.968629e-02;1.477900e-01;9.397183e-02;7.209482e-02;7.359535e-02;9.786242e-02;1.372424e-01
1.309677e-01;1.430700e-02;4.127031e-02;2.279970e-02;3.801038e-02;1.461830e-01;6.652611e-02;7.728834e-02;8.885464e-02;1.531921e-01;1.567432e-01;6.385755e-02
1.017371e-01;2.610657e-02;3.285862e-02;5.645217e-02;7.668373e-02;1.220985e-01;8.818981e-02;6.089965e-02;5.581846e-02;1.685820e-01;1.593152e-01;5.125815e-02
1.253309e-01;4.588171e-02;6.341556e-02;7.194283e-02;1.205330e-01;4.539587e-02;8.580448e-02;7.034077e-02;6.458120e-02;1.289627e-01;9.660769e-02;8.120330e-02
1.718401e-01;8.185345e-02;1.018828e-01;6.822474e-02;9.227914e-02;3.561515e-02;1.119038e-01;6.491270e-02;5.375428e-02;1.025273e-01;2.424796e-02;9.095862e-02
8.805709e-02;9.671528e-02;1.123832e-01;4.839602e-02;3.646526e-02;4.524125e-02;2.230507e-01;4.977892e-02;7.122611e-02;8.403495e-02;7.069828e-02;7.395301e-02
4.126729e-02;8.435660e-02;1.218514e-01;5.389592e-02;3.336629e-02;5.463505e-02;2.708932e-01;6.211925e-02;7.146549e-02;8.579446e-02;6.205531e-02;5.829974e-02
6.515370e-02;8.011660e-02;1.452936e-01;5.060198e-02;3.396506e-02;4.927167e-02;2.487029e-01;7.415663e-02;6.324971e-02;9.438398e-02;3.538186e-02;5.972234e-02
5.449887e-02;9.388315e-02;1.418728e-01;5.125221e-02;4.616034e-02;3.915673e-02;1.898227e-01;7.974987e-02;1.073148e-01;1.051392e-01;4.065292e-02;5.049647e-02
3.251313e-02;1.256931e-01;1.289404e-01;5.912443e-02;3.924628e-02;2.466637e-02;2.079079e-01;7.563335e-02;1.201700e-01;1.046805e-01;3.211895e-02;4.930560e-02
4.527581e-02;1.046015e-01;1.211676e-01;4.236664e-02;2.582993e-02;2.657254e-02;3.083972e-01;7.173592e-02;7.996465e-02;7.668142e-02;3.341680e-02;6.398997e-02
1.194814e-01;6.395664e-02;1.066354e-01;3.502011e-02;3.958840e-02;2.607114e-02;3.365183e-01;6.299515e-02;5.832117e-02;6.084009e-02;3.501906e-02;5.555317e-02
1.371920e-01;5.855478e-02;1.151986e-01;5.171325e-02;5.095172e-02;3.584106e-02;2.136897e-01;6.282596e-02;6.930938e-02;6.633203e-02;5.855599e-02;7.983562e-02
1.282907e-01;8.409359e-02;1.189032e-01;5.867926e-02;5.689929e-02;3.855530e-02;9.760276e-02;6.817146e-02;9.132791e-02;5.771660e-02;1.098491e-01;8.991083e-02
6.763765e-02;1.051166e-01;9.675177e-02;4.294426e-02;4.007405e-02;2.216411e-02;2.054518e-01;6.524215e-02;7.212097e-02;6.761698e-02;1.142102e-01;1.006695e-01
6.361711e-02;9.628395e-02;9.527183e-02;4.724142e-02;3.851410e-02;3.113362e-02;2.052410e-01;6.854489e-02;6.288642e-02;9.445954e-02;1.219948e-01;7.481126e-02
7.302121e-02;9.017579e-02;1.056892e-01;5.296997e-02;3.981177e-02;5.813263e-02;1.200225e-01;7.173644e-02;8.436424e-02;1.054547e-01;1.142607e-01;8.436079e-02
6.569812e-02;8.021314e-02;8.543476e-02;5.318902e-02;4.224804e-02;6.284418e-02;1.366850e-01;7.229543e-02;9.850679e-02;1.443897e-01;7.927109e-02;7.922477e-02
8.226166e-02;1.055978e-01;5.350734e-02;4.350686e-02;4.182813e-02;3.449257e-02;1.431705e-01;7.645469e-02;1.295638e-01;1.495094e-01;9.705849e-02;4.304887e-02
1.311288e-01;1.003741e-01;3.534297e-02;5.853561e-02;4.492332e-02;3.218785e-02;9.954159e-02;7.007724e-02;1.335102e-01;9.788819e-02;1.113890e-01;8.510120e-02
1.838049e-01;8.651414e-02;7.601382e-02;8.240401e-02;4.193515e-02;3.487458e-02;1.104654e-01;6.771421e-02;9.277666e-02;5.777653e-02;7.242008e-02;9.330043e-02
2.161925e-01;1.091347e-01;1.514909e-01;8.197326e-02;4.849287e-02;4.219979e-02;1.002503e-01;4.084803e-02;5.603346e-02;4.914675e-02;2.686128e-02;7.737616e-02
2.119344e-01;9.905839e-02;1.914558e-01;5.585243e-02;5.025408e-02;4.203618e-02;1.538834e-01;3.152360e-02;3.470476e-02;3.710843e-02;2.637274e-02;6.581586e-02
1.575693e-01;8.834037e-02;1.916123e-01;3.667958e-02;5.570409e-02;4.603991e-02;2.447126e-01;3.724293e-02;2.952714e-02;2.725163e-02;3.522918e-02;5.009088e-02
1.187328e-01;3.579282e-02;1.786729e-01;3.572235e-02;6.159416e-02;6.774915e-02;2.054447e-01;7.587245e-02;4.836546e-02;7.800961e-02;4.554525e-02;4.849839e-02
5.258616e-02;4.232047e-02;1.580140e-01;2.987404e-02;8.256055e-02;9.241714e-02;3.202379e-01;4.022066e-02;3.194787e-02;9.136929e-02;2.940773e-02;2.904424e-02
2.764047e-02;3.144150e-02;2.869321e-01;3.918771e-02;8.026279e-02;7.498398e-02;2.546640e-01;4.469927e-02;3.776779e-02;7.679164e-02;2.578767e-02;1.984118e-02
2.587792e-02;4.395566e-02;3.902858e-01;4.659691e-02;6.125000e-02;5.475936e-02;1.707804e-01;5.321649e-02;3.906388e-02;8.049554e-02;1.897258e-02;1.474535e-02
2.904638e-02;4.334272e-02;4.765588e-01;4.700811e-02;3.230596e-02;2.876695e-02;1.314952e-01;4.222202e-02;3.617428e-02;1.083694e-01;1.159938e-02;1.311071e-02
3.368709e-02;2.007557e-02;5.168566e-01;5.302776e-02;4.720359e-02;2.216944e-02;1.170923e-01;1.972721e-02;2.891284e-02;1.148336e-01;1.876123e-02;7.652911e-03
3.239275e-02;2.417593e-02;5.700123e-01;5.509673e-02;6.609162e-02;2.481467e-02;7.967753e-02;1.163132e-02;3.462096e-02;7.026497e-02;2.374308e-02;7.478098e-03
1.651000e-02;3.106064e-02;6.302078e-01;6.080757e-02;1.007920e-01;2.588259e-02;4.177442e-02;1.303733e-02;2.618832e-02;3.175049e-02;1.560284e-02;6.386083e-03
1.394812e-02;4.048122e-02;5.916879e-01;6.837581e-02;1.201566e-01;2.514749e-02;4.515359e-02;1.331238e-02;2.318144e-02;3.670426e-02;1.165368e-02;1.019752e-02
2.269362e-02;6.956399e-02;4.735830e-01;8.060960e-02;1.140412e-01;4.152424e-02;6.588490e-02;3.376215e-02;3.112069e-02;4.048334e-02;1.409149e-02;1.264187e-02
3.204342e-02;8.820140e-02;3.073217e-01;9.180719e-02;1.052891e-01;4.969777e-02;8.515612e-02;8.910482e-02;3.758258e-02;5.518424e-02;4.075453e-02;1.785721e-02
3.264149e-02;9.692581e-02;3.504771e-01;6.889294e-02;8.099788e-02;3.576625e-02;5.388001e-02;9.645231e-02;4.776472e-02;4.094899e-02;7.327083e-02;2.198167e-02
3.564427e-02;8.437423e-02;4.100588e-01;6.554189e-02;8.000432e-02;3.444896e-02;5.317155e-02;5.798344e-02;4.085844e-02;5.300730e-02;5.424220e-02;3.066457e-02
8.108090e-02;4.788058e-02;3.349477e-01;6.894340e-02;6.658674e-02;5.986350e-02;7.242375e-02;4.146540e-02;5.999637e-02;8.102394e-02;3.110530e-02;5.468241e-02
7.209938e-02;6.329994e-02;2.250554e-01;9.019826e-02;6.366320e-02;8.581243e-02;1.013647e-01;3.288258e-02;8.110152e-02;8.691081e-02;4.198830e-02;5.562348e-02
6.811835e-02;6.619733e-02;1.359802e-01;9.533915e-02;7.037442e-02;1.109269e-01;1.551242e-01;4.015725e-02;7.855998e-02;7.976863e-02;5.733827e-02;4.211533e-02
7.162768e-02;6.550976e-02;7.464869e-02;8.573908e-02;8.683099e-02;1.286408e-01;2.084425e-01;3.732842e-02;5.509591e-02;6.397414e-02;6.947795e-02;5.268405e-02
6.738131e-02;6.499014e-02;5.153688e-02;1.047942e-01;9.446202e-02;1.220013e-01;1.970410e-01;3.229633e-02;5.570722e-02;6.745804e-02;7.275476e-02;6.957679e-02
9.315942e-02;7.306053e-02;7.560521e-02;7.786408e-02;7.452367e-02;8.503849e-02;2.191287e-01;5.526086e-02;6.999870e-02;5.891777e-02;7.464222e-02;4.280036e-02
9.798809e-02;5.717720e-02;9.576341e-02;3.414597e-02;3.535412e-02;4.664020e-02;3.148130e-01;1.048516e-01;7.569894e-02;3.538436e-02;4.855912e-02;5.362394e-02
8.399186e-02;5.513356e-02;7.522279e-02;1.970092e-02;2.867869e-02;2.915339e-02;3.909918e-01;1.277339e-01;5.265300e-02;3.478535e-02;5.548467e-02;4.647005e-02
4.746810e-02;8.116243e-02;4.182602e-02;9.797076e-03;3.171279e-02;2.545071e-02;5.052632e-01;1.159498e-01;1.708555e-02;1.633270e-02;8.680546e-02;2.114617e-02
1.510831e-02;8.053911e-02;1.593385e-02;5.924127e-03;3.630865e-02;2.068606e-02;5.659527e-01;8.929598e-02;1.316629e-02;7.703142e-03;1.217657e-01;2.761606e-02
1.535444e-02;5.896971e-02;1.395589e-02;6.654707e-03;3.836661e-02;2.018540e-02;5.575080e-01;1.098970e-01;1.002453e-02;8.017050e-03;1.317794e-01;2.928729e-02
1.591640e-02;3.689712e-02;2.056623e-02;8.311086e-03;4.128366e-02;2.107830e-02;5.659298e-01;1.395553e-01;9.823663e-03;1.233481e-02;1.102208e-01;1.808284e-02
1.072922e-02;2.603891e-02;7.643751e-02;7.780791e-03;3.964759e-02;1.428417e-02;5.366514e-01;1.776145e-01;1.131392e-02;1.567503e-02;6.660336e-02;1.722362e-02
1.330241e-02;2.236459e-02;2.114391e-01;7.713009e-03;2.613665e-02;1.814402e-02;4.066952e-01;2.036191e-01;1.433775e-02;2.878141e-02;2.466034e-02;2.280638e-02
9.892909e-03;1.719773e-02;3.045427e-01;1.703311e-02;1.134024e-02;4.289799e-02;2.637376e-01;2.125233e-01;2.049721e-02;6.054142e-02;1.282736e-02;2.696838e-02
8.144617e-03;1.142561e-02;2.683659e-01;2.055218e-02;8.713331e-03;1.072360e-01;2.115144e-01;2.113515e-01;3.110299e-02;8.297660e-02;7.337768e-03;3.127920e-02
6.985617e-03;1.125828e-02;1.592497e-01;1.015695e-02;1.153311e-02;1.505632e-01;2.934348e-01;2.063742e-01;3.662997e-02;8.593240e-02;7.603478e-03;2.027827e-02
1.179430e-02;1.438747e-02;8.182118e-02;6.369876e-03;2.734588e-02;1.255548e-01;3.771787e-01;1.995842e-01;4.805075e-02;9.238957e-02;4.782442e-03;1.074076e-02
1.517893e-02;1.557628e-02;1.007662e-01;1.755171e-02;5.891124e-02;1.242483e-01;3.374743e-01;1.796265e-01;5.531131e-02;7.512870e-02;9.651883e-03;1.057475e-02
1.311743e-02;1.471854e-02;1.807984e-01;2.697291e-02;6.850129e-02;1.472111e-01;2.745538e-01;1.483673e-01;4.550299e-02;4.149385e-02;1.824342e-02;2.051891e-02
1.182845e-02;1.467211e-02;1.603159e-01;2.442479e-02;3.839242e-02;7.858998e-02;3.962589e-01;1.579717e-01;2.992178e-02;5.646713e-02;1.618260e-02;1.497430e-02
1.183199e-02;1.567478e-02;1.133024e-01;1.913621e-02;5.102743e-02;7.085744e-02;4.231651e-01;1.727007e-01;4.130039e-02;5.603627e-02;1.272603e-02;1.224116e-02
5.242231e-02;5.598150e-02;8.163873e-02;5.235514e-02;6.255709e-02;7.667753e-02;2.471218e-01;9.580687e-02;8.672269e-02;1.147504e-01;3.083052e-02;4.313536e-02
6.254576e-02;6.822957e-02;9.270205e-02;7.750607e-02;6.657892e-02;4.941107e-02;1.346102e-01;6.050596e-02;1.118070e-01;1.705574e-01;4.836625e-02;5.717961e-02
3.845025e-02;5.757443e-02;1.011777e-01;8.038060e-02;6.392782e-02;4.684788e-02;1.628868e-01;5.668226e-02;1.181800e-01;1.780099e-01;5.167734e-02;4.420501e-02
6.541360e-02;3.401060e-02;1.117843e-01;5.956972e-02;3.791207e-02;4.610961e-02;1.510474e-01;6.984175e-02;1.379683e-01;1.995384e-01;6.097197e-02;2.583226e-02
7.927088e-02;3.679373e-02;6.452950e-02;2.525952e-02;3.538859e-02;6.713215e-02;1.643814e-01;9.413017e-02;1.264254e-01;1.825574e-01;7.631289e-02;4.781841e-02
6.070093e-02;2.149334e-02;4.292069e-02;3.058257e-02;2.530898e-02;8.602490e-02;2.596416e-01;1.309526e-01;1.079936e-01;1.340721e-01;5.058666e-02;4.972201e-02
5.631907e-02;2.050109e-02;6.423214e-02;4.116791e-02;1.873179e-02;1.113471e-01;2.867345e-01;1.393403e-01;1.026784e-01;8.675882e-02;3.219712e-02;3.999170e-02
7.085755e-02;3.965428e-02;1.104381e-01;5.084452e-02;2.985321e-02;1.002469e-01;2.705303e-01;9.913047e-02;8.242713e-02;7.572597e-02;3.278833e-02;3.750316e-02
8.183172e-02;5.774919e-02;1.794048e-01;5.211303e-02;4.856206e-02;9.182019e-02;1.746370e-01;9.868103e-02;6.800360e-02;6.463990e-02;3.632968e-02;4.622782e-02
3.317501e-02;5.395248e-02;1.417745e-01;2.801732e-02;4.901471e-02;1.105511e-01;2.649267e-01;1.148747e-01;8.778155e-02;4.304873e-02;3.388739e-02;3.899586e-02
6.926764e-02;3.499125e-02;6.394973e-02;2.058739e-02;2.773431e-02;8.959778e-02;3.942896e-01;9.914050e-02;9.995655e-02;3.959308e-02;2.818847e-02;3.270366e-02
5.103144e-02;2.218249e-02;5.702833e-02;2.782479e-02;2.657534e-02;6.102751e-02;3.704604e-01;1.152426e-01;1.183348e-01;8.233833e-02;3.420886e-02;3.374503e-02
5.373175e-02;2.572789e-02;6.730298e-02;3.938146e-02;2.828520e-02;8.159231e-02;1.884927e-01;1.583588e-01;1.685704e-01;1.164548e-01;3.711372e-02;3.498804e-02
6.315479e-02;2.042467e-02;9.050586e-02;2.482169e-02;2.635665e-02;7.961580e-02;2.417402e-01;1.391080e-01;1.333385e-01;1.168435e-01;3.491579e-02;2.917457e-02
7.683427e-02;1.706478e-02;8.551174e-02;2.864406e-02;2.626875e-02;6.371038e-02;3.092357e-01;1.106566e-01;8.442437e-02;1.234936e-01;3.805568e-02;3.610003e-02
9.535608e-02;3.153742e-02;8.651664e-02;4.111628e-02;2.948703e-02;8.518717e-02;2.609510e-01;1.020478e-01;9.306837e-02;1.104967e-01;2.584791e-02;3.838765e-02
8.122005e-02;3.933025e-02;1.156238e-01;2.551755e-02;4.273034e-02;5.981195e-02;2.662953e-01;1.150021e-01;1.083201e-01;9.075031e-02;2.251904e-02;3.287930e-02
1.037647e-01;7.070791e-02;1.357028e-01;4.967533e-02;8.301916e-02;5.640009e-02;1.584699e-01;6.561289e-02;9.180057e-02;8.676220e-02;3.992204e-02;5.816235e-02
6.606664e-02;7.632375e-02;1.988637e-01;5.435058e-02;5.478077e-02;6.181156e-02;1.047069e-01;4.803145e-02;1.198385e-01;1.021547e-01;6.367936e-02;4.939220e-02
7.707453e-02;6.518792e-02;1.513699e-01;4.089556e-02;4.973595e-02;5.885731e-02;1.127629e-01;1.057849e-01;1.598578e-01;8.297127e-02;6.041146e-02;3.509055e-02
1.107678e-01;5.389080e-02;9.461880e-02;2.733523e-02;5.036573e-02;4.597945e-02;1.170990e-01;1.832111e-01;1.734448e-01;7.172687e-02;5.208713e-02;1.947337e-02
1.443422e-01;3.299712e-02;4.221059e-02;3.130818e-02;4.549399e-02;2.768131e-02;1.289421e-01;2.624165e-01;1.374275e-01;7.875627e-02;3.194492e-02;3.647929e-02
1.269917e-01;1.417531e-02;1.711102e-02;4.808311e-02;2.364638e-02;1.791962e-02;1.764154e-01;2.553909e-01;5.663897e-02;1.554385e-01;1.991038e-02;8.827874e-02
9.475534e-02;1.742614e-02;1.289547e-02;6.452329e-02;1.071543e-02;2.099187e-02;2.083746e-01;1.308845e-01;3.661925e-02;2.484705e-01;1.786868e-02;1.364749e-01
1.000274e-01;1.548398e-02;1.827416e-02;6.727071e-02;7.488093e-03;3.266525e-02;1.990871e-01;7.697549e-02;2.307301e-02;2.830728e-01;2.064668e-02;1.559353e-01
1.640049e-01;9.247789e-03;2.764580e-02;4.601774e-02;3.065028e-02;3.432685e-02;1.386884e-01;1.628332e-01;2.847976e-02;2.128701e-01;3.216581e-02;1.130693e-01
2.520505e-01;2.768263e-02;4.817399e-02;1.935890e-02;6.498429e-02;1.969194e-02;7.151803e-02;2.223124e-01;4.731196e-02;9.210519e-02;8.743505e-02;4.737514e-02
2.405987e-01;6.143831e-02;5.025130e-02;8.772061e-03;7.095175e-02;1.178609e-02;4.466408e-02;2.134125e-01;1.079489e-01;2.554687e-02;1.499005e-01;1.472907e-02
1.387973e-01;1.149318e-01;4.101044e-02;1.011153e-02;4.207550e-02;2.910279e-02;6.073641e-02;1.566470e-01;2.327596e-01;1.811935e-02;1.353592e-01;2.034907e-02
1.022679e-01;1.608321e-01;4.248110e-02;2.021234e-02;1.401600e-02;5.656670e-02;3.970466e-02;5.557110e-02;3.791409e-01;2.259661e-02;6.092051e-02;4.569007e-02
4.879378e-02;1.658742e-01;4.667002e-02;2.447642e-02;1.367918e-02;7.596768e-02;1.246456e-02;6.051423e-02;4.389295e-01;1.398371e-02;1.747908e-02;8.116758e-02
6.474765e-02;1.441873e-01;6.303430e-02;2.274775e-02;6.537435e-03;7.165971e-02;2.996786e-02;9.808956e-02;3.661553e-01;2.068018e-02;1.139676e-02;1.007963e-01
1.565396e-01;1.331261e-01;8.197713e-02;2.076710e-02;9.818609e-03;6.212190e-02;2.745235e-02;8.984672e-02;2.764613e-01;2.708082e-02;2.253014e-02;9.227833e-02
2.121844e-01;1.379516e-01;7.220975e-02;1.780277e-02;1.184460e-02;4.845475e-02;2.739547e-02;7.761507e-02;2.541209e-01;2.992096e-02;4.134316e-02;6.915654e-02
1.849615e-01;1.383778e-01;5.849446e-02;1.481505e-02;1.765702e-02;2.969896e-02;3.604241e-02;5.450559e-02;2.906681e-01;6.242729e-02;4.537539e-02;6.697634e-02
9.153855e-02;1.268472e-01;5.167844e-02;2.176513e-02;1.687658e-02;3.846718e-02;1.849222e-02;4.508974e-02;3.474347e-01;9.970789e-02;5.264094e-02;8.946136e-02
1.450246e-01;8.677124e-02;5.912136e-02;1.783076e-02;1.642700e-02;5.403263e-02;3.465980e-02;7.581014e-02;2.924936e-01;6.979969e-02;7.437830e-02;7.365091e-02
1.300096e-01;7.778852e-02;6.444967e-02;2.030109e-02;2.365017e-02;6.815962e-02;4.424835e-02;5.768177e-02;2.788426e-01;6.616037e-02;9.165101e-02;7.705725e-02
7.386943e-02;8.472642e-02;7.079259e-02;2.974238e-02;4.795226e-02;6.958347e-02;4.915619e-02;7.593715e-02;2.356163e-01;1.014701e-01;8.372676e-02;7.742692e-02
1.359113e-01;1.209481e-01;6.557149e-02;5.262721e-02;3.745282e-02;6.118283e-02;4.908127e-02;8.281892e-02;1.525434e-01;1.176871e-01;6.891802e-02;5.525760e-02
1.447729e-01;1.234494e-01;8.252864e-02;7.327639e-02;3.215969e-02;6.565865e-02;5.903509e-02;6.700370e-02;1.527564e-01;1.147624e-01;4.956325e-02;3.503338e-02
1.120901e-01;1.298590e-01;7.197163e-02;6.231712e-02;3.749623e-02;5.060676e-02;6.022840e-02;9.342191e-02;2.022078e-01;9.538087e-02;2.878516e-02;5.563506e-02
1.073912e-01;7.710516e-02;5.355109e-02;5.546534e-02;3.939837e-02;3.956643e-02;7.868101e-02;1.034642e-01;2.364261e-01;8.999185e-02;5.495042e-02;6.400881e-02
8.328038e-02;6.712387e-02;6.931877e-02;5.700475e-02;4.369311e-02;5.469786e-02;7.187179e-02;9.948003e-02;1.808359e-01;1.264320e-01;7.819202e-02;6.806946e-02
7.696620e-02;8.134357e-02;7.906611e-02;5.619834e-02;4.988062e-02;7.175902e-02;6.315732e-02;1.162603e-01;1.138570e-01;9.174503e-02;1.243219e-01;7.544454e-02
8.966088e-02;8.909921e-02;9.925393e-02;6.475207e-02;4.729379e-02;9.573014e-02;6.144037e-02;1.061427e-01;7.772464e-02;9.519321e-02;1.072095e-01;6.649949e-02
8.418848e-02;1.049680e-01;7.216629e-02;8.374161e-02;6.587832e-02;1.039787e-01;7.417951e-02;1.278140e-01;8.656535e-02;9.567925e-02;5.741823e-02;4.342221e-02
9.410521e-02;1.074280e-01;6.722710e-02;7.475650e-02;7.296783e-02;9.690782e-02;7.663374e-02;1.532609e-01;1.456478e-01;4.524034e-02;2.454314e-02;4.128172e-02
1.022594e-01;1.113023e-01;7.293525e-02;3.054134e-02;4.237290e-02;6.518372e-02;5.315957e-02;9.986892e-02;1.221094e-01;1.073709e-01;1.028447e-01;9.005157e-02
7.738118e-02;7.610181e-02;5.897047e-02;4.282763e-02;4.081883e-02;4.574248e-02;5.066307e-02;7.178962e-02;1.261354e-01;1.709597e-01;1.489223e-01;8.968742e-02
6.194107e-02;6.577554e-02;6.704956e-02;5.339238e-02;4.895759e-02;4.465215e-02;6.918575e-02;8.270243e-02;1.058422e-01;1.828835e-01;1.440241e-01;7.359379e-02
6.826725e-02;5.219456e-02;5.581533e-02;4.360927e-02;8.162700e-02;1.385004e-01;1.542819e-01;1.171713e-01;1.278452e-01;8.439869e-02;4.183616e-02;3.445301e-02
5.585479e-02;4.625362e-02;3.576640e-02;3.725198e-02;7.732021e-02;1.364052e-01;1.649199e-01;1.384476e-01;1.488530e-01;8.936395e-02;3.544797e-02;3.411534e-02
5.160015e-02;4.497866e-02;5.143086e-02;3.129417e-02;5.962233e-02;1.275685e-01;1.845348e-01;1.437391e-01;1.393355e-01;8.439120e-02;4.434317e-02;3.716153e-02
9.721710e-02;7.855051e-02;1.165683e-01;7.608593e-02;3.768540e-02;8.237176e-02;1.458479e-01;9.337765e-02;7.727695e-02;5.726072e-02;7.551314e-02;6.224459e-02
1.344717e-01;1.180549e-01;1.138032e-01;8.334176e-02;7.108699e-02;5.142126e-02;8.081929e-02;3.809607e-02;3.682448e-02;1.105134e-01;9.483661e-02;6.673037e-02
1.022876e-01;1.210105e-01;4.270105e-02;5.232727e-02;1.198361e-01;4.019342e-02;3.594972e-02;4.566308e-02;8.302642e-02;1.989189e-01;1.016940e-01;5.639197e-02
5.078455e-02;9.760392e-02;2.122420e-02;3.040873e-02;1.753539e-01;3.817054e-02;2.297714e-02;4.440170e-02;1.194164e-01;2.707808e-01;8.890843e-02;3.996972e-02
4.727881e-02;6.651802e-02;3.092316e-02;5.240164e-02;1.841471e-01;5.093449e-02;5.799986e-02;5.181445e-02;1.062071e-01;2.492676e-01;7.056805e-02;3.193971e-02
5.312759e-02;3.994444e-02;4.138341e-02;7.805022e-02;1.511729e-01;5.886301e-02;1.226742e-01;4.037677e-02;1.395669e-01;1.907045e-01;6.536026e-02;1.877589e-02
7.389058e-02;1.623162e-02;5.409700e-02;1.254647e-01;1.085410e-01;4.677442e-02;1.720655e-01;3.195417e-02;1.408892e-01;1.419922e-01;7.044122e-02;1.765838e-02
9.047785e-02;1.140077e-02;5.435663e-02;1.736844e-01;6.098254e-02;2.222953e-02;1.633323e-01;3.544191e-02;1.536228e-01;1.354713e-01;8.289900e-02;1.610095e-02
9.337238e-02;1.013426e-02;4.583543e-02;2.004644e-01;5.291564e-02;1.327405e-02;1.370175e-01;3.610269e-02;1.620925e-01;1.454054e-01;9.385172e-02;9.534067e-03
7.067448e-02;1.161662e-02;4.772616e-02;2.020091e-01;5.972819e-02;2.041036e-02;1.196485e-01;3.158366e-02;1.633948e-01;1.574530e-01;1.052802e-01;1.047491e-02
5.044818e-02;2.106518e-02;5.808816e-02;1.747900e-01;8.205585e-02;4.092096e-02;1.104888e-01;2.240390e-02;1.669934e-01;1.498235e-01;1.089330e-01;1.398906e-02
4.299092e-02;4.046011e-02;7.745659e-02;1.130889e-01;9.292279e-02;1.154865e-01;8.048292e-02;5.726877e-02;1.371096e-01;1.128076e-01;8.722417e-02;4.270123e-02
5.165343e-02;5.139754e-02;1.563310e-01;8.105315e-02;6.516346e-02;1.117850e-01;5.401636e-02;1.115722e-01;7.199598e-02;9.760591e-02;5.775495e-02;8.967105e-02
5.001684e-02;5.093785e-02;1.977469e-01;1.018549e-01;6.950003e-02;5.518014e-02;7.374018e-02;1.511429e-01;5.404856e-02;7.422000e-02;2.563442e-02;9.597734e-02
3.375509e-02;3.382693e-02;1.876256e-01;9.473985e-02;9.534650e-02;5.334555e-02;9.873424e-02;2.240648e-01;2.753516e-02;4.427356e-02;2.077133e-02;8.598137e-02
2.592890e-02;3.732493e-02;1.281668e-01;5.321041e-02;9.985285e-02;4.037605e-02;1.390160e-01;2.902246e-01;3.514545e-02;2.870931e-02;5.862768e-02;6.341708e-02
3.253422e-02;7.449726e-02;6.907190e-02;2.206399e-02;1.070115e-01;1.864903e-02;1.968122e-01;2.334949e-01;5.509852e-02;2.367219e-02;1.281187e-01;3.897568e-02
2.784045e-02;1.158069e-01;4.035914e-02;1.102568e-02;8.979914e-02;1.945219e-02;2.415206e-01;8.673972e-02;1.359991e-01;2.990881e-02;1.703347e-01;3.121349e-02
3.185448e-02;1.416463e-01;2.556922e-02;2.090345e-02;5.918470e-02;2.545032e-02;2.509674e-01;1.878086e-02;2.039775e-01;3.677700e-02;1.506368e-01;3.425198e-02
5.070315e-02;1.435670e-01;3.156822e-02;5.130354e-02;4.023351e-02;3.669853e-02;2.232617e-01;2.709157e-02;1.585462e-01;8.239036e-02;1.047868e-01;4.984952e-02
1.038491e-01;1.098917e-01;3.135235e-02;8.382477e-02;3.147652e-02;6.623936e-02;1.473798e-01;4.488449e-02;5.306477e-02;1.937783e-01;7.824022e-02;5.601859e-02
1.648513e-01;6.017455e-02;2.177665e-02;8.291574e-02;3.780103e-02;8.707717e-02;7.445488e-02;7.701413e-02;3.662442e-02;2.857943e-01;3.578547e-02;3.573033e-02
2.011489e-01;2.860060e-02;1.138013e-02;6.214632e-02;4.150051e-02;9.994109e-02;5.112009e-02;1.081658e-01;2.291252e-02;3.226785e-01;2.887159e-02;2.153397e-02
2.237646e-01;2.233875e-02;1.811732e-02;4.035239e-02;4.167526e-02;1.095070e-01;3.889963e-02;1.305145e-01;3.271259e-02;2.963673e-01;2.769048e-02;1.806020e-02
2.460575e-01;1.932828e-02;1.409649e-02;2.376512e-02;4.309098e-02;1.253553e-01;4.683182e-02;1.434295e-01;4.063292e-02;2.536768e-01;2.456610e-02;1.916925e-02
2.532564e-01;2.818476e-02;1.652826e-02;3.092520e-02;3.694325e-02;1.348479e-01;5.280187e-02;1.406175e-01;3.990076e-02;2.178314e-01;3.187224e-02;1.629043e-02
2.528312e-01;3.788955e-02;2.317393e-02;2.660303e-02;3.049695e-02;1.365075e-01;5.749806e-02;1.312218e-01;4.903940e-02;1.734376e-01;5.771546e-02;2.358553e-02
2.682565e-01;3.285652e-02;2.063129e-02;2.639900e-02;3.332383e-02;1.372449e-01;6.296410e-02;1.317493e-01;4.770058e-02;1.636624e-01;4.604354e-02;2.916797e-02
2.603918e-01;4.318003e-02;2.951312e-02;2.750526e-02;3.483360e-02;1.196062e-01;5.366310e-02;1.210668e-01;6.043667e-02;1.412241e-01;6.575375e-02;4.282565e-02
2.584760e-01;4.763366e-02;3.138708e-02;1.731157e-02;3.141564e-02;1.007658e-01;4.997540e-02;1.052265e-01;7.237390e-02;1.271586e-01;1.060010e-01;5.227483e-02
2.633259e-01;4.749133e-02;3.668405e-02;1.935249e-02;3.412266e-02;8.779179e-02;5.754779e-02;9.828532e-02;7.671861e-02;1.155456e-01;1.046146e-01;5.851989e-02
2.655185e-01;6.099959e-02;3.641370e-02;2.258798e-02;3.503213e-02;7.756342e-02;6.785937e-02;9.060881e-02;9.260049e-02;1.108705e-01;1.083434e-01;3.160214e-02
1.943981e-01;8.093481e-02;6.591640e-02;1.303963e-02;4.086614e-02;5.687155e-02;5.122895e-02;6.081817e-02;1.346587e-01;8.367542e-02;1.503370e-01;6.725518e-02
1.474791e-01;9.360678e-02;7.636453e-02;1.786391e-02;4.913684e-02;4.476166e-02;3.952777e-02;3.318264e-02;1.855385e-01;4.017275e-02;2.070425e-01;6.532300e-02
1.237185e-01;8.806533e-02;8.287379e-02;1.342481e-02;5.729403e-02;4.827070e-02;3.362787e-02;3.983248e-02;2.109534e-01;2.872854e-02;2.168108e-01;5.639968e-02
1.015978e-01;6.673068e-02;9.379661e-02;2.019457e-02;8.121468e-02;5.401617e-02;4.369165e-02;3.378739e-02;2.076276e-01;3.408476e-02;2.146466e-01;4.861149e-02
9.486808e-02;3.520053e-02;1.080570e-01;4.197967e-02;1.071407e-01;4.782623e-02;4.781791e-02;2.670674e-02;1.912596e-01;4.406942e-02;1.776345e-01;7.743963e-02
8.619200e-02;3.758737e-02;9.393802e-02;5.840875e-02;1.209557e-01;5.476865e-02;5.859480e-02;2.994592e-02;1.605043e-01;4.396755e-02;1.083054e-01;1.468315e-01
4.830175e-02;3.408432e-02;7.850546e-02;6.338110e-02;1.355410e-01;6.193818e-02;7.081363e-02;3.538607e-02;1.317538e-01;4.587927e-02;5.956036e-02;2.348551e-01
1.052295e-01;4.377906e-02;8.678322e-02;5.698150e-02;1.297849e-01;5.205936e-02;8.013812e-02;2.696308e-02;1.001126e-01;7.208809e-02;3.675783e-02;2.093228e-01
1.281941e-01;5.338000e-02;8.165359e-02;5.740416e-02;1.239379e-01;4.844729e-02;8.553839e-02;2.882012e-02;1.195661e-01;7.968263e-02;3.771854e-02;1.556572e-01
9.707264e-02;5.267886e-02;1.148963e-01;5.602062e-02;1.286793e-01;5.719686e-02;8.358169e-02;4.546047e-02;1.162332e-01;6.168484e-02;6.305584e-02;1.234393e-01
5.894049e-02;4.727912e-02;1.294066e-01;4.843669e-02;1.604770e-01;7.982143e-02;1.462512e-01;5.127553e-02;8.210383e-02;3.866579e-02;7.018752e-02;8.715485e-02
1.131011e-01;1.752682e-02;5.432757e-02;4.990358e-02;1.529913e-01;1.688392e-01;2.156979e-01;3.938990e-02;5.095831e-02;3.503710e-02;3.567854e-02;6.654873e-02
1.421682e-01;3.347055e-02;2.263651e-02;5.273792e-02;1.233405e-01;2.040510e-01;2.421988e-01;4.313375e-02;3.665836e-02;4.307367e-02;1.247642e-02;4.405421e-02
1.744875e-01;5.254731e-02;8.057956e-03;5.727403e-02;1.079308e-01;1.865075e-01;2.317815e-01;5.569400e-02;2.799206e-02;5.195286e-02;1.284620e-02;3.292831e-02
1.809415e-01;5.067378e-02;2.739310e-02;5.897547e-02;9.886513e-02;1.690526e-01;2.046160e-01;7.678086e-02;3.429715e-02;6.044645e-02;1.016548e-02;2.779244e-02
1.653937e-01;6.011248e-02;5.476766e-02;5.234318e-02;9.094429e-02;1.424254e-01;2.034986e-01;8.265670e-02;5.986981e-02;5.265521e-02;2.282700e-02;1.250595e-02
1.657489e-01;8.001702e-02;7.469509e-02;4.810669e-02;7.000919e-02;1.052365e-01;2.053695e-01;6.178339e-02;6.201832e-02;5.981389e-02;4.143922e-02;2.576235e-02
1.636205e-01;7.676794e-02;6.684922e-02;5.224653e-02;6.569167e-02;1.143940e-01;1.846878e-01;7.997189e-02;4.329583e-02;7.978061e-02;4.946572e-02;2.322827e-02
1.531380e-01;6.522644e-02;6.982562e-02;3.615505e-02;7.719003e-02;1.029700e-01;1.245866e-01;9.152172e-02;8.735563e-02;9.288703e-02;7.027261e-02;2.887121e-02
1.112678e-01;5.603824e-02;9.215583e-02;3.518536e-02;1.211242e-01;6.965294e-02;6.044568e-02;6.846228e-02;1.459373e-01;1.104000e-01;7.807914e-02;5.125123e-02
7.172463e-02;5.875498e-02;9.571695e-02;5.306965e-02;1.580842e-01;5.654036e-02;4.305729e-02;4.239499e-02;1.309240e-01;1.128551e-01;1.030862e-01;7.379159e-02
7.446947e-02;4.950715e-02;1.095152e-01;4.418192e-02;1.246478e-01;3.637323e-02;7.199366e-02;3.966479e-02;9.708861e-02;9.381152e-02;1.303318e-01;1.284148e-01
7.277734e-02;5.577940e-02;9.716582e-02;4.169276e-02;9.090383e-02;3.869684e-02;8.423722e-02;4.481691e-02;1.081785e-01;8.883481e-02;1.180237e-01;1.588929e-01
1.214664e-01;7.984436e-02;6.469228e-02;6.153425e-02;7.724839e-02;3.964229e-02;6.805162e-02;5.087144e-02;9.313703e-02;6.156996e-02;1.694968e-01;1.124451e-01
1.026966e-01;8.484948e-02;5.683431e-02;6.873888e-02;7.209436e-02;6.736651e-02;4.626085e-02;4.800408e-02;5.797074e-02;8.036585e-02;1.763211e-01;1.384972e-01
8.576363e-02;7.659143e-02;5.397385e-02;5.342502e-02;8.601111e-02;7.501829e-02;4.246879e-02;3.431169e-02;7.163994e-02;1.124279e-01;1.117480e-01;1.966203e-01
8.016112e-02;6.359009e-02;8.980389e-02;3.887269e-02;8.281493e-02;6.767619e-02;5.309191e-02;2.686366e-02;9.991001e-02;7.688328e-02;1.113559e-01;2.089763e-01
