5.787133e-02;7.510370e-02;8.640082e-02;7.364634e-02;9.785843e-02;7.890148e-02;1.028139e-01;7.176568e-02;1.305647e-01;1.038180e-01;7.990493e-02;4.135067e-02
3.157321e-02;5.788754e-02;1.826003e-01;5.668193e-02;8.322993e-02;5.820528e-02;1.394731e-01;9.877972e-02;1.115121e-01;7.868582e-02;6.194491e-02;3.942616e-02
9.019911e-02;8.790608e-02;2.013996e-01;4.942520e-02;6.130360e-02;4.514936e-02;1.640385e-01;8.326656e-02;9.847208e-02;5.529882e-02;4.887656e-02;1.466451e-02
1.232397e-01;1.323829e-01;1.990242e-01;2.199634e-02;4.436882e-02;3.735600e-02;1.063017e-01;8.530359e-02;1.176896e-01;5.019578e-02;6.246078e-02;1.968056e-02
9.192077e-02;1.566898e-01;2.444394e-01;1.898444e-02;2.696103e-02;3.202977e-02;3.741426e-02;8.391366e-02;1.495357e-01;5.763505e-02;5.257136e-02;4.790481e-02
4.437383e-02;1.827998e-01;3.086425e-01;2.026979e-02;1.399653e-02;3.202129e-02;2.003447e-02;6.210142e-02;1.493325e-01;6.417152e-02;2.955755e-02;7.269889e-02
8.883158e-02;2.259507e-01;3.020820e-01;1.663517e-02;1.074302e-02;2.749470e-02;9.510696e-03;3.419324e-02;1.274193e-01;6.622734e-02;1.246421e-02;7.844800e-02
1.794369e-01;2.560991e-01;2.373897e-01;1.877917e-02;1.179230e-02;2.394585e-02;1.826785e-02;3.068712e-02;1.001315e-01;4.978113e-02;8.919819e-03;6.476959e-02
2.541656e-01;2.447756e-01;1.903638e-01;1.465590e-02;1.845120e-02;2.069893e-02;2.478054e-02;5.047091e-02;7.836057e-02;3.581983e-02;1.609658e-02;5.136051e-02
2.490127e-01;1.730897e-01;1.876901e-01;1.938988e-02;2.220379e-02;2.467887e-02;4.870301e-02;6.777455e-02;6.505345e-02;4.298694e-02;3.529449e-02;6.412259e-02
1.947439e-01;1.226011e-01;1.847350e-01;3.496051e-02;2.947935e-02;3.998544e-02;7.382656e-02;5.160917e-02;7.115119e-02;6.892398e-02;5.544733e-02;7.253646e-02
2.247177e-01;1.510749e-01;1.183226e-01;4.133109e-02;3.294532e-02;5.533598e-02;7.539222e-02;4.084748e-02;9.294143e-02;5.961480e-02;4.986491e-02;5.761161e-02
1.648679e-01;1.047865e-01;1.035073e-01;6.299403e-02;3.768654e-02;6.059183e-02;7.426779e-02;5.054843e-02;1.469691e-01;6.719691e-02;3.773013e-02;8.885347e-02
1.281618e-01;1.119746e-01;9.071128e-02;7.952698e-02;3.506445e-02;5.671126e-02;6.808827e-02;7.801136e-02;1.496619e-01;6.875989e-02;4.140638e-02;9.192181e-02
1.620849e-01;1.380691e-01;1.138078e-01;7.151698e-02;3.223800e-02;3.618721e-02;7.666685e-02;9.925883e-02;1.061909e-01;7.522817e-02;4.493475e-02;4.381649e-02
1.334326e-01;1.039848e-01;1.079840e-01;8.321178e-02;3.977026e-02;5.892687e-02;1.083521e-01;7.729003e-02;8.202184e-02;1.120702e-01;3.307670e-02;5.987878e-02
6.374299e-02;3.954212e-02;2.024876e-01;8.794792e-02;7.056351e-02;1.028862e-01;1.229094e-01;6.066358e-02;5.388731e-02;1.055536e-01;3.756610e-02;5.224967e-02
4.955174e-02;3.473162e-02;3.180921e-01;1.118240e-01;7.567439e-02;6.465486e-02;1.070804e-01;3.973935e-02;4.353743e-02;7.071541e-02;5.358047e-02;3.081822e-02
2.469216e-02;3.604100e-02;3.616151e-01;1.742733e-01;9.236573e-02;5.079249e-02;5.678207e-02;3.082710e-02;2.753109e-02;5.938852e-02;7.232889e-02;1.336260e-02
1.466432e-02;2.215256e-02;3.211831e-01;2.731139e-01;9.186742e-02;6.755665e-02;2.389585e-02;2.867514e-02;1.570838e-02;2.808738e-02;1.054005e-01;7.694817e-03
8.139839e-03;1.772080e-02;3.161033e-01;3.020050e-01;8.246370e-02;5.687150e-02;1.769357e-02;1.915723e-02;2.757456e-02;3.682687e-02;1.094772e-01;5.966404e-03
1.609578e-02;2.360420e-02;4.231734e-01;2.234488e-01;6.389613e-02;2.095022e-02;2.576665e-02;8.145643e-03;3.461242e-02;7.479515e-02;8.230934e-02;3.202276e-03
3.914915e-02;6.639225e-02;4.459880e-01;1.310105e-01;5.336109e-02;1.290163e-02;4.216525e-02;1.116854e-02;3.896395e-02;8.958731e-02;6.217691e-02;7.135479e-03
8.374608e-02;1.179070e-01;3.616475e-01;7.951574e-02;5.260653e-02;1.978284e-02;5.276988e-02;1.923911e-02;6.063079e-02;7.615474e-02;5.577931e-02;2.022053e-02
1.155034e-01;1.785926e-01;1.949199e-01;8.374191e-02;5.878446e-02;2.739262e-02;5.077579e-02;3.542947e-02;1.113568e-01;5.305850e-02;5.975851e-02;3.068593e-02
5.819080e-02;1.389440e-01;3.619506e-01;1.178005e-01;4.123699e-02;1.889049e-02;5.177362e-02;3.900393e-02;7.535141e-02;3.433925e-02;4.249767e-02;2.002063e-02
8.122446e-02;1.183598e-01;3.880468e-01;1.025203e-01;4.107002e-02;4.414430e-02;3.275057e-02;4.270730e-02;6.055913e-02;3.014896e-02;3.633132e-02;2.213701e-02
5.879980e-02;1.109122e-01;2.732860e-01;7.456500e-02;6.646687e-02;7.171971e-02;5.539340e-02;3.520887e-02;4.962857e-02;4.368146e-02;9.744029e-02;6.289790e-02
3.289257e-02;6.986546e-02;1.376615e-01;6.949176e-02;1.017188e-01;6.148669e-02;7.927425e-02;4.462900e-02;3.482962e-02;4.853791e-02;1.445722e-01;1.750402e-01
2.168188e-02;3.523095e-02;9.304086e-02;5.648687e-02;1.351482e-01;4.722593e-02;9.428822e-02;2.806363e-02;2.551576e-02;3.351858e-02;1.319183e-01;2.978809e-01
9.917395e-03;2.662441e-02;9.154559e-02;5.035726e-02;1.389129e-01;3.609688e-02;7.208329e-02;8.371186e-03;1.970199e-02;5.558980e-02;1.278415e-01;3.629577e-01
2.480396e-03;4.120402e-02;6.646120e-02;5.896138e-02;1.602899e-01;2.216688e-02;4.294540e-02;1.157231e-02;2.423885e-02;7.998341e-02;1.684283e-01;3.212680e-01
4.286653e-03;2.980188e-02;4.181229e-02;4.424393e-02;2.398748e-01;1.941049e-02;9.262165e-02;1.641866e-02;5.697489e-02;5.350457e-02;1.193800e-01;2.816702e-01
1.638700e-02;1.980587e-02;8.969458e-02;4.907415e-02;2.508244e-01;3.373647e-02;1.269362e-01;1.677263e-02;8.954564e-02;2.131542e-02;5.271120e-02;2.331965e-01
4.873502e-02;2.911509e-02;1.865604e-01;6.631825e-02;1.745310e-01;5.941235e-02;1.317639e-01;2.023111e-02;9.326253e-02;1.322001e-02;2.430341e-02;1.525470e-01
6.211314e-02;4.468117e-02;2.396449e-01;7.176230e-02;1.265012e-01;6.267379e-02;1.195914e-01;2.217103e-02;8.465609e-02;1.745130e-02;3.294918e-02;1.158044e-01
4.601123e-02;3.943443e-02;2.345683e-01;5.778321e-02;1.951907e-01;4.007914e-02;8.001420e-02;2.283004e-02;7.593490e-02;2.029036e-02;5.726526e-02;1.305983e-01
3.711124e-02;1.855546e-02;2.104398e-01;4.432200e-02;2.511797e-01;4.049661e-02;8.301887e-02;3.096945e-02;6.619502e-02;2.183758e-02;7.347378e-02;1.224004e-01
3.826562e-02;3.065842e-02;1.561598e-01;4.951673e-02;2.062570e-01;5.183715e-02;1.019886e-01;2.689636e-02;6.722046e-02;2.011814e-02;9.636185e-02;1.547199e-01
6.586554e-02;5.567805e-02;1.317116e-01;8.117003e-02;1.311085e-01;4.621230e-02;8.066192e-02;2.966696e-02;8.108054e-02;4.288948e-02;9.245548e-02;1.614996e-01
8.817545e-02;5.660527e-02;1.115146e-01;6.926259e-02;6.795514e-02;7.171842e-02;1.697803e-01;6.136946e-02;7.366008e-02;5.036538e-02;5.113024e-02;1.284630e-01
1.108530e-01;3.853716e-02;7.429311e-02;4.563460e-02;7.839353e-02;1.626048e-01;2.220366e-01;6.236845e-02;5.671307e-02;6.172166e-02;2.126967e-02;6.557434e-02
1.305368e-01;1.767012e-02;4.010833e-02;3.931682e-02;8.662464e-02;2.599379e-01;2.302160e-01;6.094691e-02;4.041964e-02;5.827510e-02;1.222361e-02;2.372407e-02
1.290438e-01;9.825932e-03;7.080211e-02;3.531015e-02;1.037407e-01;2.935558e-01;1.829332e-01;5.441357e-02;3.041184e-02;4.297638e-02;5.623470e-03;4.136298e-02
1.012541e-01;1.908703e-02;1.634219e-01;5.970771e-02;1.222782e-01;2.002354e-01;1.398306e-01;3.176278e-02;4.669537e-02;3.733345e-02;1.418865e-02;6.420489e-02
6.276285e-02;4.233252e-02;1.887867e-01;7.224509e-02;1.194135e-01;1.165559e-01;1.619736e-01;3.597905e-02;5.468550e-02;6.726191e-02;2.076422e-02;5.723929e-02
1.012052e-01;3.622554e-02;7.609963e-02;7.052015e-02;1.156794e-01;1.767770e-01;1.852300e-01;4.269943e-02;5.051390e-02;7.827900e-02;2.326256e-02;4.350824e-02
1.224654e-01;2.590870e-02;4.678551e-02;9.894073e-02;1.384748e-01;2.253050e-01;1.714106e-01;2.730124e-02;3.354031e-02;7.499367e-02;1.345546e-02;2.141870e-02
8.366085e-02;1.908842e-02;6.970869e-02;1.034946e-01;2.495997e-01;2.099062e-01;9.093761e-02;1.933269e-02;2.715590e-02;5.134321e-02;1.027220e-02;6.549992e-02
3.315566e-02;1.125404e-02;8.178712e-02;1.112304e-01;3.332224e-01;1.617607e-01;7.094286e-02;1.850827e-02;4.278671e-02;2.921068e-02;1.634973e-02;8.979152e-02
2.166485e-02;1.143423e-02;1.403697e-01;1.385611e-01;2.584779e-01;1.264956e-01;1.257330e-01;1.851603e-02;4.117096e-02;1.749921e-02;2.106748e-02;7.901006e-02
1.492952e-02;1.957980e-02;2.492967e-01;1.588064e-01;1.582649e-01;9.940776e-02;1.205226e-01;1.690705e-02;3.075703e-02;1.830365e-02;3.384351e-02;7.938118e-02
2.671455e-02;3.565082e-02;3.541433e-01;1.550085e-01;1.041531e-01;6.809702e-02;8.167896e-02;1.352248e-02;3.423130e-02;2.102526e-02;4.122520e-02;6.454948e-02
3.233205e-02;4.167957e-02;4.541063e-01;1.135266e-01;1.192839e-01;5.926585e-02;3.321959e-02;1.486099e-02;3.118356e-02;2.903313e-02;3.697433e-02;3.453412e-02
3.646255e-02;3.501069e-02;4.446913e-01;6.746802e-02;1.483456e-01;8.417267e-02;2.939214e-02;1.996506e-02;3.587070e-02;3.665080e-02;3.040889e-02;3.156152e-02
4.782306e-02;3.440186e-02;3.776753e-01;5.105571e-02;1.532791e-01;8.591524e-02;5.944059e-02;3.332261e-02;4.772677e-02;4.332806e-02;3.358074e-02;3.245095e-02
8.830084e-02;3.672384e-02;2.393542e-01;6.579763e-02;1.355326e-01;8.084499e-02;1.381109e-01;4.416271e-02;4.421412e-02;4.448338e-02;3.586673e-02;4.660804e-02
1.030040e-01;5.584762e-02;1.415115e-01;6.379524e-02;1.216027e-01;1.155191e-01;2.348277e-01;2.140800e-02;5.387366e-02;3.328398e-02;1.932681e-02;3.599981e-02
7.966851e-02;6.521404e-02;5.958398e-02;6.954814e-02;9.047716e-02;1.136820e-01;3.282726e-01;3.892790e-02;6.756625e-02;3.614219e-02;2.255809e-02;2.835920e-02
4.360286e-02;7.823072e-02;4.087349e-02;6.000638e-02;7.063276e-02;8.068962e-02;4.198697e-01;5.145670e-02;8.702333e-02;2.940187e-02;2.283297e-02;1.537966e-02
1.862367e-02;9.912611e-02;2.118238e-02;3.474736e-02;5.247444e-02;4.060240e-02;5.349376e-01;4.327770e-02;1.123372e-01;1.735737e-02;1.949838e-02;5.835356e-03
1.031168e-02;1.075663e-01;9.236697e-03;1.344660e-02;2.320170e-02;3.882443e-02;6.225934e-01;4.539476e-02;1.035058e-01;7.940200e-03;1.488576e-02;3.092514e-03
9.682022e-03;1.083852e-01;4.800331e-03;7.893514e-03;1.647028e-02;5.652172e-02;6.428488e-01;6.508397e-02;6.904833e-02;6.729631e-03;1.018640e-02;2.349764e-03
1.379445e-02;1.152595e-01;9.398186e-03;1.607513e-02;1.702555e-02;8.863298e-02;5.992807e-01;6.059197e-02;5.818650e-02;7.038727e-03;1.265982e-02;2.056525e-03
1.917890e-02;1.130549e-01;2.574987e-02;5.062203e-02;3.909820e-02;1.093618e-01;4.963079e-01;4.514115e-02;6.753734e-02;1.197277e-02;1.730026e-02;4.674884e-03
1.670019e-02;9.463243e-02;7.144922e-02;8.591652e-02;7.889464e-02;9.934328e-02;3.717612e-01;6.440921e-02;6.616441e-02;2.090126e-02;1.912085e-02;1.070680e-02
4.374219e-02;4.354665e-02;1.330923e-01;8.833452e-02;1.221659e-01;8.556114e-02;2.813388e-01;6.097357e-02;4.436949e-02;3.162717e-02;3.040791e-02;3.484039e-02
9.288491e-02;2.288344e-02;1.038835e-01;1.242782e-01;7.965884e-02;1.174270e-01;2.745012e-01;4.167555e-02;3.026116e-02;4.679613e-02;1.912888e-02;4.662114e-02
1.251000e-01;2.175637e-02;4.917977e-02;1.790867e-01;3.564773e-02;1.367548e-01;2.712283e-01;5.551969e-02;1.612053e-02;7.756010e-02;5.900016e-03;2.614594e-02
1.691390e-01;1.825379e-02;2.144101e-02;1.693442e-01;2.708656e-02;1.832060e-01;2.198972e-01;8.083082e-02;6.306710e-03;8.885656e-02;5.840112e-03;9.798167e-03
2.373830e-01;8.728247e-03;1.599430e-02;1.087384e-01;3.840173e-02;2.415800e-01;1.549099e-01;9.140426e-02;6.562141e-03;7.262949e-02;7.484384e-03;1.618417e-02
2.644390e-01;9.567293e-03;3.524101e-02;5.748661e-02;6.649515e-02;2.589314e-01;1.178918e-01;6.473023e-02;1.587822e-02;4.491755e-02;5.267575e-03;5.915404e-02
2.049609e-01;1.019586e-02;4.705913e-02;3.895244e-02;1.013465e-01;2.644860e-01;1.059024e-01;8.013741e-02;3.047068e-02;3.699188e-02;4.788685e-03;7.470819e-02
1.321441e-01;9.806558e-03;3.745014e-02;3.703900e-02;1.043935e-01;2.426967e-01;1.355491e-01;1.754594e-01;2.925418e-02;4.031974e-02;5.921822e-03;4.996578e-02
8.924410e-02;9.857940e-03;7.802136e-02;5.999076e-02;9.671719e-02;2.069602e-01;1.403770e-01;1.859680e-01;5.465021e-02;4.831886e-02;6.602639e-03;2.329177e-02
6.822590e-02;1.917776e-02;1.245182e-01;7.460712e-02;9.001787e-02;1.784210e-01;1.060123e-01;1.454884e-01;9.021410e-02;7.644351e-02;1.296927e-02;1.390460e-02
6.003951e-02;4.230946e-02;1.185588e-01;5.249067e-02;9.326580e-02;1.841334e-01;1.197341e-01;1.126743e-01;7.917934e-02;9.290139e-02;2.817344e-02;1.653972e-02
6.340080e-02;5.963404e-02;7.938261e-02;6.952184e-02;6.920375e-02;1.458205e-01;1.292959e-01;9.520314e-02;5.215724e-02;1.588862e-01;3.091447e-02;4.657952e-02
4.727074e-02;6.439229e-02;9.094938e-02;7.194711e-02;6.655012e-02;1.096615e-01;1.066210e-01;8.873423e-02;6.200426e-02;2.140124e-01;2.864281e-02;4.921415e-02
4.874307e-02;5.058554e-02;9.680900e-02;7.331444e-02;6.071408e-02;8.468674e-02;1.419796e-01;1.007253e-01;7.449433e-02;2.037676e-01;2.982849e-02;3.435184e-02
3.057812e-02;4.360666e-02;6.074225e-02;3.922907e-02;5.382510e-02;5.819970e-02;3.297755e-01;1.254599e-01;1.211010e-01;1.029753e-01;2.133804e-02;1.316935e-02
2.301765e-02;6.932171e-02;4.724598e-02;1.701094e-02;4.939609e-02;3.680653e-02;4.174780e-01;1.523387e-01;1.184620e-01;4.513674e-02;1.497490e-02;8.810774e-03
2.402673e-02;1.309887e-01;4.781298e-02;3.225560e-02;3.948536e-02;3.406787e-02;4.161206e-01;1.347300e-01;8.949200e-02;2.412630e-02;1.964522e-02;7.248636e-03
8.762676e-02;1.593059e-01;3.007868e-02;8.580685e-02;3.067444e-02;7.014192e-02;3.232542e-01;8.227706e-02;7.043628e-02;4.258586e-02;1.277007e-02;5.041922e-03
1.356127e-01;1.190252e-01;4.430246e-02;1.301052e-01;4.484334e-02;1.061505e-01;1.848627e-01;5.337754e-02;4.940146e-02;8.023524e-02;3.573457e-02;1.634908e-02
1.047830e-01;1.254598e-01;8.041932e-02;9.784079e-02;7.517555e-02;7.243523e-02;1.466004e-01;4.087306e-02;5.619751e-02;7.737902e-02;8.254588e-02;4.029041e-02
4.732304e-02;1.186961e-01;1.292694e-01;7.765125e-02;7.867892e-02;2.666963e-02;1.231719e-01;5.756066e-02;5.614498e-02;6.636653e-02;1.064363e-01;1.120312e-01
6.963298e-02;8.291589e-02;1.327657e-01;1.061016e-01;5.003704e-02;3.405298e-02;7.132725e-02;6.948303e-02;8.176195e-02;4.989831e-02;6.878081e-02;1.832425e-01
7.382257e-02;7.933152e-02;1.256449e-01;9.019528e-02;5.110454e-02;3.369812e-02;5.952790e-02;8.460003e-02;1.013339e-01;3.491367e-02;3.597387e-02;2.298537e-01
8.563285e-02;7.392680e-02;1.067475e-01;7.872410e-02;6.310402e-02;2.963967e-02;9.475642e-02;6.833058e-02;5.967750e-02;4.968182e-02;1.009524e-01;1.888265e-01
1.461490e-01;7.194596e-02;6.810074e-02;7.286844e-02;7.239979e-02;5.834690e-02;1.163485e-01;4.028177e-02;3.941275e-02;7.688911e-02;1.229017e-01;1.143553e-01
2.818157e-01;4.367619e-02;3.629977e-02;6.852932e-02;5.700761e-02;1.130431e-01;1.023151e-01;3.863767e-02;5.214749e-02;9.304743e-02;6.919897e-02;4.428170e-02
3.955731e-01;2.002377e-02;1.088509e-02;5.169604e-02;4.009589e-02;1.785017e-01;9.658365e-02;3.776443e-02;3.188121e-02;7.580061e-02;2.142270e-02;3.977179e-02
3.742749e-01;1.671577e-02;2.507077e-02;2.860138e-02;5.573115e-02;2.061570e-01;8.900645e-02;3.245233e-02;2.950670e-02;6.049523e-02;2.156218e-02;6.042619e-02
2.181984e-01;2.187521e-02;4.507124e-02;2.717830e-02;1.185634e-01;1.626257e-01;7.705387e-02;2.209912e-02;4.601408e-02;4.810618e-02;1.730236e-02;1.959122e-01
8.876404e-02;1.499947e-02;5.886336e-02;2.132249e-02;1.717397e-01;8.878995e-02;5.669354e-02;1.777924e-02;4.997834e-02;3.368277e-02;4.136362e-02;3.560235e-01
4.710620e-02;1.629503e-02;5.456129e-02;3.228069e-02;1.521363e-01;6.800567e-02;4.057362e-02;1.581657e-02;4.168957e-02;2.782100e-02;9.591610e-02;4.077979e-01
2.165510e-02;4.170181e-02;5.770174e-02;5.791079e-02;1.014311e-01;5.588280e-02;2.835268e-02;2.726516e-02;3.555173e-02;3.915686e-02;1.980910e-01;3.352993e-01
1.398837e-02;9.354551e-02;9.033266e-02;1.070727e-01;5.995829e-02;5.101751e-02;1.679314e-02;5.341882e-02;2.528125e-02;5.037842e-02;2.769092e-01;1.613041e-01
2.261906e-02;1.282939e-01;1.202374e-01;1.162296e-01;9.312918e-02;4.007829e-02;3.121541e-02;5.554553e-02;1.619415e-02;8.111007e-02;2.106141e-01;8.473335e-02
2.739085e-02;1.344918e-01;1.755801e-01;9.074216e-02;8.808690e-02;3.570174e-02;6.383754e-02;3.778290e-02;2.461394e-02;8.279166e-02;1.037175e-01;1.352628e-01
5.211378e-02;1.338030e-01;2.369431e-01;8.907545e-02;5.907315e-02;5.333184e-02;7.297706e-02;2.825351e-02;4.105778e-02;7.393748e-02;5.695538e-02;1.024784e-01
3.354568e-02;7.781089e-02;2.047697e-01;7.989556e-02;7.504860e-02;4.804752e-02;2.491229e-02;3.139528e-02;3.748532e-02;3.818054e-02;1.043699e-01;2.445387e-01
2.686889e-02;4.305115e-02;1.501731e-01;7.677621e-02;1.252917e-01;4.126876e-02;4.126099e-02;4.978117e-02;2.871037e-02;5.148657e-02;1.138043e-01;2.515269e-01
5.126408e-02;3.240802e-02;1.673858e-01;8.185066e-02;1.645226e-01;4.547983e-02;4.094100e-02;6.078204e-02;6.905096e-02;5.061330e-02;1.268301e-01;1.088716e-01
6.846653e-02;6.550593e-02;1.507690e-01;1.022228e-01;1.220889e-01;3.468592e-02;2.844290e-02;5.499909e-02;8.302403e-02;4.252709e-02;1.587533e-01;8.851446e-02
6.739689e-02;1.096556e-01;1.266692e-01;1.090604e-01;5.149295e-02;1.992964e-02;3.487782e-02;4.827459e-02;5.031303e-02;7.383427e-02;1.546455e-01;1.538502e-01
9.187353e-02;8.461877e-02;1.123475e-01;6.813490e-02;7.819462e-02;3.913756e-02;9.177145e-02;7.379130e-02;6.803694e-02;5.424872e-02;9.388405e-02;1.439607e-01
1.148161e-01;4.902322e-02;1.455357e-01;6.829000e-02;4.891102e-02;3.256182e-02;9.609025e-02;1.362496e-01;8.496464e-02;5.423922e-02;8.325773e-02;8.606065e-02
1.222012e-01;6.325956e-02;1.331529e-01;6.729431e-02;1.768890e-02;5.688188e-02;9.612417e-02;1.417319e-01;6.468997e-02;7.172920e-02;8.007727e-02;8.516873e-02
1.203062e-01;8.382583e-02;1.178615e-01;5.957374e-02;2.315686e-02;7.322390e-02;1.250411e-01;1.207556e-01;7.385971e-02;6.806656e-02;7.028653e-02;6.404256e-02
7.143699e-02;6.750605e-02;1.070401e-01;3.776358e-02;2.718020e-02;6.594817e-02;2.312819e-01;1.476099e-01;9.362982e-02;6.187125e-02;4.074005e-02;4.799198e-02
2.016499e-02;2.391596e-02;1.325783e-01;3.203723e-02;1.770385e-02;3.958065e-02;2.321460e-01;2.282081e-01;1.389739e-01;4.863857e-02;2.689233e-02;5.916021e-02
8.570120e-03;8.241544e-03;1.548304e-01;2.668354e-02;7.059988e-03;4.224290e-02;1.557939e-01;2.915281e-01;1.854576e-01;4.313327e-02;1.167200e-02;6.478654e-02
1.100704e-02;8.422466e-03;1.714953e-01;1.825302e-02;6.882886e-03;5.742043e-02;8.952845e-02;3.286853e-01;1.939085e-01;3.498106e-02;8.287303e-03;7.112827e-02
1.558783e-02;7.773779e-03;1.774815e-01;9.164891e-03;4.076784e-03;7.012741e-02;8.352711e-02;3.327542e-01;1.731038e-01;3.194876e-02;6.826343e-03;8.762763e-02
3.458005e-02;9.462573e-03;1.577765e-01;2.038131e-02;5.642102e-03;8.943498e-02;7.617638e-02;3.012505e-01;1.776464e-01;3.371111e-02;7.658559e-03;8.627963e-02
4.609771e-02;8.579031e-03;1.214906e-01;4.337134e-02;6.379691e-03;1.129593e-01;6.418376e-02;2.702156e-01;2.216624e-01;2.522674e-02;6.683609e-03;7.315020e-02
2.195520e-02;7.293135e-03;8.956392e-02;7.605970e-02;7.396089e-03;1.443480e-01;5.851531e-02;3.012797e-01;2.068405e-01;2.446128e-02;4.748617e-03;5.753854e-02
1.571442e-02;3.671650e-03;9.091676e-02;9.792856e-02;1.019904e-02;1.877263e-01;6.617215e-02;3.259909e-01;1.400877e-01;2.230658e-02;4.036470e-03;3.524939e-02
1.166518e-02;4.813496e-03;9.683668e-02;9.305152e-02;1.174975e-02;2.042833e-01;8.549260e-02;3.039077e-01;1.345784e-01;2.258707e-02;5.913539e-03;2.512077e-02
1.802499e-02;5.239058e-03;7.540740e-02;1.661453e-01;1.211789e-02;1.305017e-01;8.525680e-02;1.927048e-01;2.627530e-01;2.881544e-02;8.184400e-03;1.484916e-02
2.093883e-02;3.930000e-03;4.486082e-02;2.295393e-01;1.520403e-02;4.805460e-02;8.557901e-02;8.926532e-02;4.085326e-01;3.769959e-02;8.217757e-03;8.178146e-03
1.764406e-02;7.612787e-03;3.132704e-02;2.485879e-01;1.213688e-02;4.673232e-02;6.124112e-02;4.758742e-02;4.638008e-01;4.386839e-02;7.856285e-03;1.160490e-02
1.245215e-02;7.692344e-03;3.989841e-02;1.850145e-01;1.520034e-02;9.166542e-02;1.568188e-01;8.607440e-02;3.383030e-01;3.977862e-02;9.043667e-03;1.805826e-02
1.118000e-02;1.392747e-02;6.863847e-02;8.950136e-02;4.281915e-02;1.188573e-01;2.981536e-01;1.127870e-01;1.813727e-01;3.831042e-02;8.328022e-03;1.612459e-02
1.284645e-02;1.658384e-02;1.142045e-01;4.653745e-02;8.236814e-02;1.139255e-01;3.236381e-01;1.098758e-01;1.218232e-01;3.348602e-02;9.544664e-03;1.516634e-02
2.316124e-02;1.795163e-02;1.679436e-01;6.585978e-02;1.139264e-01;1.253832e-01;1.266215e-01;9.784780e-02;1.812548e-01;4.897455e-02;1.183892e-02;1.923658e-02
3.861182e-02;2.909650e-02;1.480861e-01;1.377794e-01;9.424994e-02;9.848712e-02;1.190878e-01;5.296822e-02;1.983802e-01;5.424443e-02;1.120330e-02;1.780528e-02
5.797822e-02;2.562948e-02;1.186611e-01;1.658953e-01;7.884723e-02;7.288980e-02;1.354809e-01;5.619868e-02;1.870873e-01;5.857886e-02;1.802270e-02;2.473043e-02
6.901240e-02;7.034132e-02;1.129732e-01;1.214532e-01;5.604014e-02;7.322638e-02;1.603398e-01;8.451194e-02;1.181361e-01;7.449482e-02;2.429683e-02;3.517389e-02
4.313236e-02;1.276842e-01;8.493011e-02;4.993590e-02;6.014552e-02;5.776987e-02;2.857492e-01;6.919891e-02;9.106782e-02;6.812823e-02;4.067229e-02;2.158564e-02
1.789045e-02;1.661012e-01;5.685202e-02;2.321381e-02;7.585917e-02;3.900275e-02;3.615961e-01;6.742191e-02;8.585976e-02;4.660111e-02;5.105098e-02;8.550754e-03
9.511252e-03;1.926433e-01;3.136601e-02;1.162954e-02;6.317744e-02;3.687022e-02;4.058235e-01;7.173084e-02;1.012679e-01;1.971479e-02;5.175465e-02;4.510602e-03
1.353250e-02;1.918758e-01;1.403092e-02;8.530562e-03;4.018694e-02;5.973666e-02;4.405303e-01;5.543063e-02;1.143734e-01;9.850847e-03;4.803091e-02;3.890590e-03
3.551535e-02;1.485620e-01;1.300166e-02;2.137104e-02;3.151180e-02;9.648678e-02;4.639595e-01;3.004215e-02;9.665751e-02;2.079525e-02;3.850539e-02;3.591596e-03
6.714988e-02;9.031360e-02;4.469704e-02;4.134845e-02;5.846898e-02;1.029093e-01;3.841782e-01;4.786905e-02;7.843449e-02;5.280843e-02;2.541726e-02;6.405279e-03
6.735653e-02;9.395625e-02;1.094173e-01;3.368981e-02;8.935377e-02;7.620954e-02;2.349171e-01;8.546823e-02;9.309283e-02;5.960021e-02;4.586240e-02;1.107610e-02
4.901684e-02;1.499005e-01;1.083563e-01;3.773389e-02;7.720623e-02;8.006712e-02;1.847134e-01;8.438935e-02;1.142134e-01;4.708417e-02;5.015200e-02;1.716680e-02
5.785426e-02;1.553186e-01;7.831584e-02;4.863863e-02;5.099533e-02;8.150169e-02;1.970017e-01;6.519694e-02;1.153004e-01;8.467929e-02;4.661259e-02;1.858465e-02
4.239558e-02;1.013114e-01;8.467123e-02;4.789583e-02;7.746353e-02;5.241350e-02;1.954383e-01;1.281335e-01;1.184730e-01;1.058111e-01;2.262506e-02;2.336809e-02
2.513881e-02;8.970081e-02;8.795629e-02;4.679850e-02;9.681159e-02;5.307414e-02;2.121543e-01;1.176852e-01;1.254463e-01;9.763571e-02;2.617846e-02;2.141981e-02
5.959900e-02;6.404094e-02;6.634920e-02;5.221759e-02;1.396089e-01;1.187896e-01;2.297279e-01;4.458993e-02;9.702988e-02;5.490690e-02;4.045069e-02;3.268945e-02
7.357606e-02;3.888603e-02;6.238393e-02;6.099218e-02;2.173868e-01;1.394326e-01;2.086862e-01;2.293148e-02;4.145625e-02;4.656572e-02;1.675195e-02;7.095080e-02
5.445578e-02;2.990714e-02;5.953090e-02;5.873321e-02;3.086564e-01;1.317158e-01;1.516368e-01;2.275575e-02;3.312220e-02;2.279463e-02;1.624149e-02;1.104499e-01
5.293079e-02;2.758173e-02;5.578491e-02;3.778524e-02;3.217846e-01;1.593430e-01;1.154917e-01;2.965282e-02;4.263684e-02;1.386465e-02;6.323854e-03;1.368199e-01
4.380315e-02;1.947241e-02;5.509873e-02;3.667278e-02;2.953481e-01;1.515348e-01;1.187788e-01;3.126189e-02;3.747246e-02;9.479580e-03;7.216249e-03;1.938612e-01
1.846933e-02;1.523739e-02;7.702686e-02;5.800927e-02;2.883924e-01;1.071492e-01;9.411094e-02;2.487331e-02;2.861243e-02;2.027597e-02;3.289146e-02;2.349515e-01
1.562299e-02;1.628069e-02;1.047121e-01;9.009533e-02;2.707537e-01;6.993543e-02;6.805362e-02;1.804706e-02;2.194820e-02;4.009039e-02;7.061110e-02;2.138494e-01
2.368328e-02;2.457018e-02;1.404911e-01;1.157013e-01;2.485940e-01;5.446554e-02;5.533458e-02;1.893035e-02;4.036295e-02;5.281323e-02;7.390322e-02;1.511503e-01
1.636009e-02;2.460999e-02;1.473639e-01;1.648389e-01;2.061007e-01;5.064142e-02;5.612581e-02;3.659644e-02;4.598921e-02;4.553995e-02;6.536241e-02;1.404712e-01
7.253216e-03;1.821694e-02;1.703231e-01;2.432783e-01;1.324460e-01;3.356547e-02;3.738839e-02;6.457062e-02;1.922636e-02;4.995417e-02;1.218854e-01;1.018922e-01
9.198939e-03;1.575212e-02;2.569762e-01;2.714382e-01;9.282779e-02;2.418255e-02;5.681729e-02;5.065715e-02;1.424006e-02;5.204982e-02;1.287390e-01;2.712083e-02
1.559965e-02;3.277335e-02;3.815914e-01;1.737305e-01;6.288984e-02;3.353430e-02;8.995671e-02;1.752058e-02;3.018289e-02;6.298456e-02;6.285179e-02;3.638438e-02
2.270667e-02;8.412059e-02;3.931613e-01;5.095902e-02;4.454617e-02;8.266271e-02;8.432732e-02;1.715140e-02;8.014215e-02;5.987860e-02;3.705342e-02;4.329061e-02
2.370309e-02;1.449110e-01;2.277196e-01;5.244664e-02;4.547658e-02;1.564453e-01;4.490884e-02;1.804060e-02;1.998336e-01;3.467296e-02;2.783362e-02;2.400812e-02
2.777091e-02;1.711720e-01;1.330544e-01;4.562896e-02;2.872637e-02;1.830677e-01;1.489611e-02;2.143850e-02;3.222218e-01;2.601251e-02;6.673296e-03;1.933746e-02
3.779542e-02;1.606280e-01;1.775065e-01;3.430113e-02;1.348631e-02;1.456864e-01;4.250998e-03;2.011360e-02;3.317754e-01;3.614643e-02;1.132040e-02;2.698933e-02
4.670964e-02;1.869193e-01;1.683102e-01;2.512557e-02;7.154404e-03;1.258280e-01;1.003900e-02;1.441265e-02;3.276138e-01;3.233473e-02;1.449875e-02;4.105394e-02
6.946979e-02;2.195730e-01;1.563626e-01;2.012905e-02;6.258890e-03;1.013849e-01;1.005410e-02;2.180418e-02;3.002046e-01;2.080995e-02;1.051898e-02;6.342991e-02
9.230051e-02;2.473369e-01;1.798165e-01;1.976009e-02;8.579696e-03;7.711281e-02;1.147158e-02;1.602324e-02;2.436296e-01;2.521824e-02;5.774729e-03;7.297608e-02
1.397818e-01;2.658272e-01;2.092289e-01;1.598531e-02;9.520401e-03;5.745938e-02;1.559858e-02;9.750857e-03;1.720431e-01;2.537096e-02;5.453356e-03;7.398017e-02
1.922536e-01;2.539060e-01;2.241019e-01;1.527225e-02;1.478079e-02;5.217714e-02;1.188171e-02;1.605262e-02;1.207363e-01;2.375600e-02;9.920868e-03;6.516080e-02
2.125523e-01;1.920494e-01;2.279965e-01;2.291268e-02;2.652153e-02;6.375771e-02;1.078486e-02;2.221374e-02;1.217361e-01;2.150445e-02;1.595635e-02;6.201439e-02
1.857348e-01;1.027652e-01;2.336792e-01;3.200720e-02;3.909832e-02;8.297891e-02;1.472404e-02;2.342576e-02;1.674730e-01;2.473776e-02;1.983467e-02;7.354112e-02
1.857901e-01;1.318949e-01;1.711477e-01;3.217522e-02;3.841861e-02;7.108133e-02;3.291484e-02;2.435176e-02;1.908502e-01;1.842021e-02;2.473360e-02;7.822154e-02
1.864477e-01;1.280600e-01;1.121593e-01;3.253379e-02;7.225818e-02;8.028889e-02;4.003830e-02;2.896575e-02;1.826462e-01;3.549125e-02;2.796550e-02;7.314519e-02
1.425515e-01;1.265468e-01;9.132660e-02;4.244151e-02;9.107495e-02;8.377679e-02;4.260308e-02;3.280252e-02;1.511350e-01;8.207815e-02;3.407846e-02;7.958461e-02
1.250708e-01;1.262423e-01;8.293463e-02;4.883185e-02;6.325074e-02;5.596763e-02;5.133946e-02;4.141561e-02;1.746075e-01;8.813236e-02;3.116583e-02;1.110412e-01
1.044228e-01;1.019003e-01;1.228439e-01;3.566442e-02;4.253422e-02;7.174469e-02;6.047389e-02;4.264928e-02;1.931240e-01;8.257701e-02;2.958273e-02;1.124827e-01
6.083116e-02;8.302265e-02;1.798971e-01;5.070261e-02;6.060998e-02;9.427486e-02;5.267774e-02;3.936896e-02;1.639822e-01;8.328799e-02;3.496635e-02;9.637846e-02
5.714050e-02;7.147729e-02;1.528401e-01;7.918887e-02;1.053799e-01;6.631753e-02;7.155104e-02;3.347313e-02;1.183176e-01;1.044651e-01;3.953768e-02;1.003112e-01
6.676699e-02;7.240902e-02;1.586929e-01;7.845714e-02;1.022909e-01;5.107434e-02;7.450833e-02;5.804342e-02;1.301035e-01;8.523344e-02;4.001337e-02;8.240664e-02
9.094306e-02;7.320071e-02;9.334242e-02;6.151127e-02;1.002216e-01;6.867123e-02;1.905580e-01;6.635744e-02;9.671450e-02;7.576053e-02;3.822082e-02;4.449844e-02
1.056010e-01;4.522113e-02;7.043399e-02;3.863906e-02;8.034459e-02;1.166817e-01;3.097642e-01;4.983431e-02;5.050405e-02;8.491739e-02;2.952812e-02;1.853051e-02
1.001099e-01;2.662549e-02;6.965559e-02;4.920204e-02;7.106346e-02;1.715322e-01;3.022948e-01;4.738960e-02;3.515003e-02;9.813610e-02;1.399011e-02;1.485060e-02
9.182094e-02;1.361007e-02;8.508252e-02;4.866735e-02;9.839410e-02;2.290436e-01;2.406127e-01;3.673640e-02;3.972766e-02;8.530366e-02;1.047996e-02;2.052094e-02
8.172233e-02;5.836599e-03;1.565322e-01;3.425615e-02;1.441402e-01;2.763753e-01;1.451755e-01;2.612341e-02;4.263031e-02;3.938300e-02;6.285657e-03;4.153930e-02
8.853789e-02;5.847118e-03;1.549297e-01;2.209787e-02;1.699808e-01;3.015994e-01;1.121745e-01;2.741222e-02;3.826499e-02;2.086212e-02;3.148926e-03;5.514458e-02
1.042361e-01;9.160986e-03;9.594108e-02;2.164273e-02;1.404409e-01;3.347637e-01;1.106759e-01;6.174905e-02;3.285619e-02;4.572830e-02;3.576673e-03;3.922835e-02
1.185663e-01;5.082715e-03;3.307046e-02;2.632373e-02;8.286637e-02;4.010206e-01;8.228555e-02;9.529211e-02;1.127241e-02;1.258567e-01;4.197450e-03;1.416552e-02
1.082742e-01;4.573555e-03;1.478002e-02;5.116100e-02;4.948463e-02;3.727528e-01;9.384727e-02;8.510993e-02;3.570882e-03;2.119299e-01;1.274279e-03;3.241562e-03
8.942251e-02;9.755134e-03;1.496603e-02;9.614750e-02;3.508279e-02;3.063780e-01;1.384292e-01;5.831479e-02;4.619068e-03;2.422525e-01;2.342031e-03;2.290491e-03
7.305699e-02;2.612432e-02;1.408909e-02;1.394504e-01;3.163498e-02;2.530766e-01;2.271679e-01;3.446728e-02;1.034134e-02;1.868135e-01;1.595079e-03;2.182463e-03
8.305692e-02;5.465000e-02;1.638257e-02;1.353770e-01;2.638068e-02;1.792719e-01;3.580368e-01;2.278872e-02;3.036470e-02;8.698431e-02;4.260553e-03;2.445848e-03
5.918536e-02;8.889379e-02;1.372179e-02;6.103643e-02;3.813661e-02;1.117778e-01;4.560836e-01;2.165643e-02;8.339103e-02;4.496549e-02;1.728642e-02;3.865205e-03
2.868484e-02;8.826163e-02;1.470150e-02;3.635539e-02;8.706661e-02;6.977737e-02;4.573629e-01;4.165363e-02;1.021150e-01;4.114038e-02;2.868283e-02;4.197984e-03
1.817587e-02;7.222749e-02;2.732097e-02;1.924537e-02;1.622857e-01;4.859658e-02;4.207265e-01;8.623861e-02;7.084142e-02;3.407677e-02;3.631199e-02;3.952680e-03
1.743003e-02;4.616392e-02;6.936205e-02;2.230554e-02;1.749735e-01;4.695243e-02;3.121470e-01;1.715168e-01;3.685268e-02;6.760587e-02;2.660445e-02;8.085796e-03
9.398005e-03;1.571967e-02;1.287991e-01;2.114137e-02;9.676733e-02;4.162897e-02;2.218999e-01;2.710237e-01;3.468698e-02;1.336587e-01;1.494005e-02;1.033638e-02
5.943339e-03;1.863704e-02;1.489140e-01;2.119423e-02;2.858121e-02;5.596762e-02;1.871759e-01;3.032341e-01;3.071463e-02;1.681343e-01;1.714197e-02;1.436177e-02
9.063228e-03;1.685529e-02;1.186793e-01;2.658384e-02;1.510211e-02;1.573589e-01;1.472369e-01;2.485452e-01;8.514356e-02;1.417948e-01;1.271652e-02;2.092036e-02
1.705093e-02;1.883970e-02;7.812071e-02;7.487000e-02;1.103794e-02;1.972096e-01;1.001021e-01;1.740097e-01;2.121160e-01;7.392780e-02;1.099475e-02;3.172076e-02
3.071946e-02;1.020123e-02;5.043292e-02;1.440625e-01;2.280054e-02;1.031700e-01;8.511603e-02;1.172306e-01;3.429041e-01;5.290383e-02;8.567681e-03;3.189106e-02
3.442599e-02;1.263811e-02;3.835257e-02;1.492373e-01;3.812339e-02;6.917930e-02;1.030715e-01;7.354348e-02;3.634886e-01;8.136642e-02;1.251518e-02;2.405823e-02
3.052235e-02;1.090101e-02;6.351707e-02;1.063769e-01;3.871951e-02;8.839464e-02;1.020484e-01;6.611109e-02;3.124431e-01;1.461159e-01;1.646791e-02;1.838217e-02
3.225220e-02;2.353183e-02;9.060245e-02;9.416697e-02;5.745342e-02;1.093778e-01;7.278392e-02;7.833115e-02;2.008201e-01;1.921974e-01;2.345505e-02;2.502766e-02
3.999325e-02;1.511115e-02;7.131935e-02;9.009758e-02;8.283919e-02;1.583828e-01;7.216954e-02;1.146031e-01;1.116604e-01;1.772069e-01;4.188211e-02;2.473476e-02
2.688720e-02;1.628655e-02;5.687702e-02;6.270508e-02;6.938086e-02;1.484639e-01;1.188341e-01;9.895699e-02;1.754421e-01;1.737516e-01;3.691856e-02;1.549605e-02
2.691690e-02;1.902885e-02;8.648178e-02;5.758403e-02;1.040327e-01;8.062114e-02;1.074426e-01;7.491995e-02;2.161599e-01;1.904261e-01;2.312860e-02;1.325745e-02
3.731899e-02;2.576564e-02;6.343474e-02;8.878990e-02;1.107158e-01;4.674795e-02;1.105920e-01;8.547415e-02;1.975758e-01;1.751730e-01;3.370829e-02;2.470381e-02
4.758910e-02;2.705799e-02;3.413305e-02;1.006662e-01;1.095438e-01;8.434160e-02;1.139823e-01;9.751909e-02;1.555043e-01;1.604199e-01;3.956846e-02;2.967417e-02
3.768686e-02;2.201619e-02;4.664259e-02;6.166454e-02;1.262817e-01;9.402343e-02;8.802598e-02;1.051216e-01;1.214407e-01;2.313759e-01;2.975356e-02;3.596694e-02
3.149475e-02;3.182750e-02;3.751012e-02;7.065494e-02;8.184216e-02;1.213580e-01;5.748291e-02;7.945362e-02;1.685675e-01;2.510247e-01;3.167781e-02;3.710609e-02
4.705370e-02;5.502379e-02;5.934120e-02;8.650772e-02;3.825549e-02;1.509686e-01;6.131791e-02;7.569211e-02;1.547262e-01;1.698016e-01;5.151700e-02;4.979460e-02
5.108751e-02;4.291742e-02;1.044530e-01;8.502036e-02;5.099449e-02;1.803691e-01;9.311166e-02;7.496522e-02;1.079028e-01;1.050311e-01;5.732774e-02;4.681956e-02
5.183763e-02;2.804258e-02;1.044677e-01;1.118501e-01;6.499072e-02;1.406839e-01;1.081260e-01;7.629030e-02;9.490152e-02;1.390795e-01;4.804296e-02;3.168714e-02
5.752387e-02;3.472380e-02;9.165086e-02;1.287403e-01;5.520274e-02;7.776570e-02;1.207600e-01;7.829890e-02;7.833839e-02;1.960315e-01;4.706160e-02;3.390239e-02
5.797322e-02;3.503054e-02;9.428242e-02;8.878168e-02;4.283809e-02;1.025053e-01;1.430607e-01;7.542174e-02;8.374204e-02;1.981360e-01;5.193473e-02;2.629354e-02
7.308517e-02;3.548812e-02;5.015096e-02;7.367579e-02;6.534028e-02;1.226826e-01;1.856095e-01;8.598150e-02;9.545249e-02;1.452957e-01;3.971375e-02;2.752410e-02
6.429248e-02;5.273322e-02;5.551528e-02;1.114109e-01;7.529433e-02;7.559217e-02;1.908988e-01;9.824359e-02;1.010103e-01;1.202781e-01;1.809574e-02;3.663505e-02
7.118974e-02;6.856755e-02;9.002479e-02;7.177836e-02;8.064451e-02;3.323282e-02;1.539521e-01;9.661745e-02;1.194356e-01;1.324968e-01;3.190877e-02;5.015147e-02
8.390183e-02;8.806892e-02;1.048519e-01;5.765886e-02;1.092945e-01;8.187935e-02;1.028124e-01;8.157131e-02;1.072444e-01;9.521519e-02;3.780910e-02;4.969228e-02
9.151471e-02;8.154130e-02;1.122330e-01;7.701057e-02;8.742154e-02;1.050895e-01;9.976068e-02;8.085278e-02;1.061327e-01;9.104332e-02;2.909117e-02;3.830872e-02
7.882456e-02;4.507983e-02;8.441931e-02;8.992992e-02;5.655499e-02;1.229428e-01;1.248910e-01;8.702068e-02;8.429752e-02;1.136462e-01;4.969936e-02;6.269380e-02
5.686324e-02;3.110774e-02;7.000317e-02;9.482133e-02;8.129392e-02;1.224526e-01;1.580425e-01;6.975298e-02;8.538941e-02;1.071716e-01;6.383933e-02;5.926212e-02
8.608042e-02;2.926483e-02;8.158151e-02;8.120289e-02;1.216999e-01;9.611275e-02;1.190989e-01;6.773628e-02;1.218313e-01;9.416733e-02;5.927917e-02;4.194476e-02
