8.910602e-02;1.479011e-01;6.296902e-02;6.564045e-02;5.758219e-02;5.923235e-02;1.588171e-01;1.424112e-01;3.536958e-02;2.685592e-02;1.266716e-01;2.744345e-02
1.339725e-01;9.183779e-02;2.409645e-02;2.494718e-02;2.406356e-02;4.428076e-02;1.916354e-01;2.207526e-01;1.981407e-02;2.625231e-02;1.915608e-01;6.786603e-03
1.168896e-01;1.201849e-01;3.038868e-02;2.143573e-02;1.817217e-02;3.875178e-02;1.828364e-01;1.949334e-01;2.307402e-02;2.411249e-02;2.247395e-01;4.481300e-03
1.038822e-01;1.259410e-01;4.677229e-02;3.140905e-02;1.711400e-02;3.296775e-02;1.557171e-01;1.588462e-01;2.691046e-02;2.068523e-02;2.718534e-01;7.901257e-03
7.782435e-02;2.005399e-01;9.206770e-02;5.253052e-02;1.291716e-02;2.394018e-02;8.222152e-02;9.116569e-02;3.819729e-02;3.078352e-02;2.896760e-01;8.136163e-03
8.437033e-02;3.024996e-01;1.376425e-01;6.571111e-02;1.350843e-02;1.596193e-02;5.045738e-02;4.237435e-02;4.489531e-02;2.686970e-02;2.085887e-01;7.120685e-03
5.469872e-02;2.721098e-01;1.646375e-01;1.007878e-01;2.432831e-02;1.992642e-02;4.524944e-02;3.988559e-02;5.336457e-02;1.682398e-02;2.023534e-01;5.834438e-03
3.356132e-02;2.526102e-01;1.452241e-01;1.186054e-01;4.214701e-02;4.236415e-02;3.612944e-02;8.964860e-02;3.306937e-02;1.673765e-02;1.841601e-01;5.742680e-03
4.695542e-02;2.278917e-01;1.173608e-01;1.172270e-01;5.130383e-02;4.386856e-02;2.936162e-02;1.179394e-01;1.899622e-02;3.444083e-02;1.629882e-01;3.166626e-02
3.855592e-02;1.967533e-01;9.581254e-02;8.694082e-02;8.142272e-02;5.869384e-02;7.846244e-02;9.770457e-02;2.953863e-02;6.057367e-02;1.079077e-01;6.763388e-02
2.812366e-02;1.381267e-01;6.680036e-02;5.190284e-02;1.281113e-01;9.994218e-02;1.363969e-01;7.975908e-02;7.255805e-02;4.444977e-02;4.946968e-02;1.043595e-01
3.394617e-02;1.016617e-01;5.281994e-02;3.548172e-02;1.627517e-01;1.352773e-01;1.154240e-01;7.642289e-02;1.143391e-01;1.845607e-02;3.314273e-02;1.202767e-01
4.839434e-02;5.629297e-02;2.716240e-02;2.604297e-02;1.062394e-01;1.759782e-01;2.932856e-01;9.009949e-02;8.326586e-02;1.705300e-02;2.184128e-02;5.434452e-02
5.387914e-02;3.486234e-02;2.150484e-02;1.805354e-02;5.935380e-02;2.238615e-01;4.092561e-01;8.861841e-02;3.997023e-02;2.977142e-02;7.595218e-03;1.327337e-02
4.688787e-02;1.436651e-02;1.274635e-02;1.311979e-02;4.616860e-02;2.242928e-01;4.491269e-01;1.008117e-01;1.595207e-02;5.682461e-02;9.369463e-03;1.033338e-02
3.139930e-02;9.365899e-03;7.438846e-03;1.334245e-02;2.836647e-02;1.920127e-01;4.968651e-01;1.316410e-01;5.441849e-03;6.521266e-02;9.370854e-03;9.542824e-03
1.930099e-02;8.259971e-03;2.994010e-03;1.226489e-02;1.774472e-02;1.612425e-01;5.552240e-01;1.582770e-01;4.420277e-03;4.827854e-02;7.533201e-03;4.459890e-03
7.500978e-03;1.122619e-02;3.327920e-03;9.856818e-03;1.504169e-02;1.385753e-01;5.937104e-01;1.827314e-01;3.960893e-03;2.156771e-02;9.344124e-03;3.156627e-03
1.326020e-02;1.065234e-02;3.095373e-03;7.971387e-03;1.097567e-02;1.172362e-01;5.797887e-01;2.243875e-01;3.879916e-03;9.335030e-03;1.467972e-02;4.738007e-03
1.706572e-02;1.897591e-02;6.179343e-03;9.657784e-03;1.316785e-02;1.088418e-01;5.268346e-01;2.611522e-01;4.514447e-03;1.111925e-02;1.867517e-02;3.815988e-03
3.613133e-02;5.658345e-02;1.910238e-02;1.534755e-02;2.186287e-02;1.020247e-01;4.408437e-01;2.477792e-01;6.185207e-03;1.639985e-02;3.236390e-02;5.375891e-03
6.202417e-02;1.600867e-01;4.434899e-02;1.927126e-02;3.232994e-02;9.631213e-02;3.492205e-01;1.351624e-01;8.890393e-03;2.360590e-02;5.846268e-02;1.028494e-02
7.304250e-02;1.900620e-01;5.187421e-02;1.713038e-02;2.153018e-02;4.525187e-02;3.474953e-01;1.629681e-01;1.003139e-02;2.529666e-02;4.422376e-02;1.109362e-02
1.716583e-02;1.118120e-01;3.537298e-02;1.802281e-02;1.919949e-02;7.396100e-02;4.089350e-01;2.641854e-01;6.330851e-03;2.431783e-02;1.429556e-02;6.401283e-03
2.451725e-02;6.736192e-02;2.259309e-02;1.675874e-02;2.003836e-02;1.020282e-01;4.676574e-01;2.410835e-01;4.962274e-03;1.525291e-02;1.070873e-02;7.037650e-03
3.146153e-02;4.378771e-02;1.740660e-02;1.301382e-02;1.379543e-02;1.192580e-01;5.039238e-01;2.194724e-01;6.672614e-03;1.101717e-02;1.715965e-02;3.031318e-03
2.746470e-02;6.075959e-02;2.937109e-02;3.044940e-02;2.842110e-02;1.131398e-01;4.135481e-01;1.739092e-01;2.046333e-02;2.907352e-02;5.020091e-02;2.319920e-02
8.301152e-02;1.228383e-01;4.719385e-02;8.084359e-02;5.376833e-02;6.783534e-02;1.723133e-01;1.091744e-01;3.262965e-02;5.133926e-02;1.268294e-01;5.222313e-02
1.120754e-01;1.312674e-01;6.288587e-02;8.236808e-02;7.465701e-02;5.280326e-02;1.255009e-01;9.213054e-02;2.284311e-02;4.718921e-02;1.492964e-01;4.698281e-02
1.062852e-01;1.327904e-01;1.010803e-01;1.242233e-01;5.036577e-02;3.932809e-02;9.166743e-02;6.417476e-02;2.705239e-02;4.770690e-02;1.766658e-01;3.865971e-02
5.057158e-02;1.186910e-01;1.431480e-01;2.498697e-01;7.791874e-02;3.908239e-02;6.096829e-02;2.051223e-02;3.632239e-02;8.951035e-02;9.073079e-02;2.267455e-02
1.969348e-02;1.550178e-01;1.254229e-01;2.090626e-01;9.749883e-02;9.327165e-02;7.886416e-02;1.612983e-02;7.011922e-02;9.420867e-02;3.167675e-02;9.034181e-03
4.350006e-02;1.721697e-01;6.188274e-02;9.195680e-02;7.879128e-02;1.398949e-01;1.017936e-01;5.744500e-02;1.661576e-01;6.574201e-02;1.648097e-02;4.185224e-03
9.771540e-02;1.289860e-01;1.153415e-02;1.353694e-02;5.393058e-02;9.866544e-02;9.754559e-02;1.437865e-01;2.479844e-01;6.503678e-02;2.856223e-02;1.271595e-02
1.473542e-01;5.234552e-02;1.579336e-02;9.350998e-03;4.627401e-02;3.540860e-02;7.482135e-02;2.772383e-01;2.007888e-01;6.185368e-02;5.573546e-02;2.303567e-02
1.931622e-01;2.984857e-02;1.231150e-02;1.890326e-02;3.343805e-02;1.523073e-02;9.905003e-02;3.677215e-01;1.060295e-01;3.192919e-02;6.286893e-02;2.950645e-02
2.239476e-01;3.572693e-02;6.208691e-03;2.529569e-02;2.684736e-02;3.188904e-02;1.896855e-01;3.030620e-01;5.578633e-02;3.183194e-02;3.238967e-02;3.732924e-02
1.885966e-01;3.590304e-02;1.021877e-02;2.600433e-02;2.135187e-02;5.054537e-02;2.853917e-01;2.396644e-01;5.728720e-02;3.329327e-02;1.612791e-02;3.561550e-02
1.391635e-01;5.542257e-02;1.853126e-02;2.089313e-02;1.775389e-02;5.902202e-02;2.954796e-01;2.411116e-01;4.944466e-02;2.923268e-02;4.774335e-02;2.620175e-02
1.268243e-01;6.768572e-02;2.083611e-02;1.257887e-02;2.305069e-02;5.655611e-02;2.324911e-01;2.692091e-01;4.831195e-02;2.547495e-02;9.968518e-02;1.729586e-02
1.820345e-01;3.841613e-02;3.023148e-02;2.671861e-02;1.832238e-02;4.549753e-02;1.581024e-01;2.403166e-01;3.397115e-02;3.020865e-02;1.693491e-01;2.683142e-02
2.954377e-01;7.269604e-02;4.668844e-02;3.392157e-02;1.706539e-02;3.930108e-02;7.987594e-02;1.450729e-01;3.163683e-02;3.466521e-02;1.876446e-01;1.599430e-02
3.323967e-01;6.072706e-02;3.255748e-02;4.006369e-02;1.337771e-02;3.321539e-02;8.812506e-02;1.036061e-01;3.230995e-02;5.336342e-02;1.823609e-01;2.789663e-02
3.067605e-01;5.625011e-02;1.444289e-02;4.822252e-02;1.086821e-02;2.582300e-02;1.078669e-01;6.848884e-02;2.539419e-02;7.134422e-02;2.303361e-01;3.420243e-02
2.731284e-01;5.182616e-02;1.004251e-02;5.333495e-02;1.312367e-02;6.032484e-02;1.162615e-01;6.541683e-02;1.895897e-02;5.685601e-02;2.544390e-01;2.628716e-02
3.423262e-01;5.791929e-02;6.047826e-03;3.761018e-02;1.256667e-02;1.003874e-01;1.055538e-01;7.964116e-02;2.324952e-02;3.503011e-02;1.794336e-01;2.023419e-02
3.664137e-01;7.910344e-02;5.226052e-03;1.875719e-02;1.169751e-02;8.120152e-02;7.415963e-02;1.059603e-01;1.633167e-02;2.507291e-02;1.965007e-01;1.957541e-02
3.640165e-01;1.173093e-01;9.070207e-03;9.965386e-03;2.069428e-02;3.952562e-02;5.293239e-02;1.433052e-01;1.838995e-02;1.572796e-02;1.950269e-01;1.403618e-02
3.598221e-01;1.540184e-01;7.178531e-03;1.434151e-02;4.035009e-02;2.786065e-02;4.861830e-02;1.552633e-01;1.548124e-02;1.171847e-02;1.574083e-01;7.939197e-03
4.647290e-01;1.609503e-01;1.019831e-02;7.843804e-03;4.367615e-02;1.551762e-02;4.011850e-02;1.089235e-01;1.294882e-02;1.206101e-02;1.143398e-01;8.693237e-03
4.970781e-01;1.873528e-01;1.340387e-02;1.064484e-02;3.538695e-02;1.424458e-02;4.988151e-02;9.141648e-02;1.178206e-02;1.518319e-02;6.482720e-02;8.798473e-03
4.286287e-01;2.224072e-01;1.483741e-02;1.051371e-02;2.816916e-02;2.716865e-02;6.268915e-02;8.215708e-02;1.245811e-02;2.108326e-02;7.649755e-02;1.339010e-02
2.774305e-01;1.823018e-01;1.367666e-02;1.129648e-02;3.085944e-02;5.033790e-02;9.348878e-02;9.192634e-02;1.517706e-02;3.959457e-02;1.787537e-01;1.515673e-02
2.297857e-01;9.837504e-02;1.606133e-02;9.057137e-03;3.426019e-02;5.483636e-02;1.121434e-01;1.127956e-01;3.344920e-02;5.792325e-02;2.243275e-01;1.698523e-02
2.628454e-01;1.592316e-01;1.591293e-02;1.541541e-02;2.996682e-02;3.635572e-02;1.492520e-01;1.363217e-01;3.890243e-02;4.341252e-02;9.053478e-02;2.184865e-02
2.271154e-01;1.859124e-01;2.810224e-02;3.876648e-02;2.007783e-02;4.048266e-02;1.644124e-01;1.378333e-01;3.310396e-02;3.798166e-02;6.503960e-02;2.117210e-02
2.134990e-01;8.393382e-02;3.383680e-02;7.921682e-02;4.804602e-02;6.541905e-02;1.354315e-01;1.320182e-01;3.950105e-02;6.383748e-02;7.941122e-02;2.584907e-02
2.313986e-01;1.893430e-01;2.571871e-02;6.077068e-02;2.813159e-02;4.664356e-02;1.097549e-01;1.111781e-01;3.145951e-02;6.352533e-02;8.746454e-02;1.461150e-02
3.687432e-01;2.140512e-01;2.221994e-02;4.569741e-02;2.953792e-02;2.694157e-02;7.320926e-02;8.529162e-02;1.877961e-02;7.289804e-02;2.870922e-02;1.392101e-02
3.707218e-01;1.426985e-01;1.443668e-02;2.613671e-02;3.080846e-02;1.819220e-02;4.476180e-02;4.413501e-02;1.534634e-02;6.518529e-02;2.125806e-01;1.499657e-02
2.337002e-01;5.422341e-02;1.425222e-02;1.415706e-02;2.839327e-02;3.149359e-02;3.271082e-02;1.405190e-02;2.133191e-02;5.015098e-02;4.920932e-01;1.344139e-02
7.491350e-02;2.322499e-02;1.541204e-02;1.129779e-02;1.878877e-02;4.789725e-02;2.249770e-02;7.158999e-03;1.732556e-02;6.544521e-02;6.883256e-01;7.712515e-03
9.425545e-02;1.224928e-02;9.574883e-03;1.402422e-02;1.038235e-02;4.544068e-02;2.305864e-02;1.750040e-02;1.024201e-02;6.604636e-02;6.917252e-01;5.500460e-03
1.205195e-01;2.473146e-02;1.014262e-02;9.802705e-03;1.046983e-02;4.411506e-02;2.734131e-02;2.684648e-02;1.953780e-02;7.571114e-02;6.259593e-01;4.822746e-03
1.163470e-01;2.064282e-02;1.132085e-02;3.301268e-03;1.041240e-02;2.876311e-02;2.641436e-02;2.691020e-02;2.471650e-02;8.196320e-02;6.449831e-01;4.225244e-03
1.097796e-01;1.869721e-02;7.887268e-03;2.807976e-03;6.821102e-03;3.659194e-02;2.921153e-02;2.039061e-02;1.625773e-02;7.490741e-02;6.730556e-01;3.592079e-03
1.286400e-01;1.862684e-02;7.416038e-03;8.497654e-03;1.115747e-02;3.516475e-02;6.410094e-02;2.078729e-02;9.979993e-03;6.529362e-02;6.248366e-01;5.498706e-03
1.340225e-01;5.522215e-02;1.230938e-02;1.057392e-02;2.429295e-02;4.549374e-02;1.188740e-01;7.412777e-02;2.056397e-02;5.797832e-02;4.369081e-01;9.633253e-03
1.476637e-01;8.069153e-02;1.778665e-02;1.877042e-02;3.449757e-02;6.230168e-02;1.981599e-01;1.039533e-01;3.270593e-02;4.288886e-02;2.481276e-01;1.245287e-02
1.359122e-01;7.704818e-02;1.517707e-02;1.039766e-02;2.163296e-02;4.659854e-02;1.719538e-01;3.506792e-02;2.786073e-02;4.803595e-02;4.008635e-01;9.451536e-03
1.082657e-01;4.796719e-02;1.228295e-02;8.005582e-03;1.736510e-02;4.293160e-02;1.094740e-01;2.144844e-02;2.060693e-02;5.029879e-02;5.541871e-01;7.166560e-03
7.370634e-02;4.304071e-02;1.567335e-02;1.315787e-02;1.698002e-02;4.007984e-02;7.835242e-02;3.343583e-02;1.791203e-02;6.556803e-02;5.927225e-01;9.371077e-03
9.211926e-02;3.163664e-02;2.408929e-02;3.007866e-02;2.244428e-02;4.440510e-02;8.251086e-02;4.104482e-02;1.677085e-02;7.973465e-02;5.178597e-01;1.730593e-02
1.304450e-01;7.343558e-02;3.567389e-02;3.367110e-02;3.405259e-02;3.834077e-02;9.409131e-02;6.336296e-02;2.496045e-02;6.417961e-02;3.835388e-01;2.424787e-02
1.683952e-01;1.336918e-01;3.834900e-02;2.136058e-02;4.231776e-02;3.887721e-02;5.822416e-02;1.004476e-01;3.535972e-02;6.343903e-02;2.879277e-01;1.161026e-02
2.041894e-01;1.001393e-01;4.556153e-02;1.459592e-02;5.622153e-02;3.854697e-02;9.454258e-02;1.217149e-01;4.024659e-02;7.043406e-02;2.039692e-01;9.838022e-03
1.790757e-01;9.646930e-02;4.512682e-02;2.938895e-02;6.925563e-02;6.793335e-02;1.356863e-01;1.179135e-01;3.478141e-02;8.239104e-02;1.255836e-01;1.639440e-02
1.196831e-01;7.257790e-02;4.552873e-02;4.933436e-02;7.572556e-02;7.766549e-02;1.540128e-01;1.232893e-01;3.430649e-02;9.400234e-02;1.281289e-01;2.574503e-02
1.379021e-01;7.804625e-02;2.823588e-02;3.255383e-02;4.584176e-02;4.772576e-02;1.468649e-01;1.717525e-01;2.606659e-02;6.221954e-02;2.054228e-01;1.736807e-02
1.200589e-01;9.879641e-02;1.882385e-02;2.206623e-02;1.359685e-02;2.852955e-02;1.083214e-01;1.616882e-01;1.658580e-02;4.314950e-02;3.567601e-01;1.162321e-02
1.109720e-01;9.349421e-02;1.320847e-02;1.908323e-02;1.048249e-02;2.406362e-02;5.904221e-02;1.330735e-01;1.371915e-02;4.404687e-02;4.721922e-01;6.621964e-03
1.121898e-01;9.492730e-02;1.344326e-02;1.742267e-02;1.177025e-02;2.374578e-02;1.060802e-01;1.570827e-01;1.522694e-02;3.725941e-02;4.030797e-01;7.772029e-03
9.972638e-02;1.136379e-01;2.252133e-02;1.979922e-02;1.654563e-02;3.918586e-02;1.516380e-01;1.556077e-01;2.581333e-02;4.061962e-02;3.031504e-01;1.175451e-02
8.751281e-02;1.145779e-01;4.286836e-02;2.430397e-02;3.260808e-02;4.453177e-02;1.126233e-01;7.172734e-02;3.922971e-02;5.452754e-02;3.592477e-01;1.624153e-02
8.289434e-02;6.476635e-02;5.338490e-02;1.906786e-02;2.018407e-02;2.644599e-02;8.983245e-02;8.174578e-02;3.578256e-02;4.568294e-02;4.709878e-01;9.224955e-03
1.167317e-01;3.879689e-02;6.428919e-02;1.384343e-02;1.760996e-02;3.125104e-02;5.678247e-02;3.525362e-02;5.261405e-02;3.551167e-02;5.270004e-01;1.031558e-02
1.118065e-01;1.963530e-02;6.110001e-02;9.773519e-03;2.767277e-02;3.224473e-02;5.061806e-02;1.539160e-02;7.643151e-02;2.785029e-02;5.527725e-01;1.470313e-02
5.401154e-02;2.211452e-02;4.395167e-02;6.207607e-03;5.741220e-02;3.182077e-02;7.333817e-02;2.385861e-02;8.690663e-02;2.299974e-02;5.584471e-01;1.893145e-02
1.131507e-01;1.629823e-02;1.817978e-02;7.622727e-03;6.761017e-02;3.012756e-02;9.407070e-02;4.409872e-02;6.292095e-02;1.954197e-02;4.956331e-01;3.074548e-02
1.211484e-01;2.510408e-02;8.701468e-03;1.633329e-02;4.746790e-02;3.057963e-02;1.260949e-01;4.766258e-02;3.048247e-02;2.150407e-02;4.774984e-01;4.742278e-02
1.694171e-01;3.036527e-02;1.135691e-02;2.313861e-02;2.551435e-02;2.436637e-02;1.488403e-01;4.049544e-02;1.415732e-02;1.851766e-02;4.365425e-01;5.728815e-02
2.377650e-01;4.050774e-02;7.669135e-03;4.122760e-02;1.287255e-02;1.629378e-02;1.425709e-01;2.930846e-02;1.543354e-02;1.770116e-02;3.859348e-01;5.271526e-02
2.542165e-01;4.345410e-02;4.992945e-03;5.234655e-02;7.058096e-03;1.758428e-02;1.150075e-01;1.754656e-02;1.582545e-02;1.703316e-02;4.106790e-01;4.425577e-02
2.441635e-01;3.525239e-02;3.370518e-03;4.417823e-02;8.298535e-03;1.934835e-02;8.169904e-02;1.027955e-02;1.275556e-02;2.273353e-02;4.820942e-01;3.582651e-02
2.749370e-01;4.683976e-02;2.669374e-03;3.014376e-02;9.505110e-03;2.518048e-02;5.071107e-02;2.095689e-02;6.961975e-03;2.920312e-02;4.779136e-01;2.497785e-02
3.445454e-01;1.003422e-01;4.302678e-03;1.629694e-02;1.382503e-02;2.552819e-02;4.294490e-02;2.910987e-02;5.447429e-03;2.250928e-02;3.767524e-01;1.839565e-02
3.304317e-01;2.048382e-01;6.748722e-03;1.043038e-02;1.879726e-02;1.881513e-02;6.804033e-02;3.336314e-02;1.430738e-02;3.821015e-02;2.390134e-01;1.700422e-02
2.801914e-01;2.986104e-01;1.051914e-02;1.678939e-02;9.981358e-03;2.685132e-02;6.782614e-02;2.277146e-02;4.134571e-02;5.014095e-02;1.594989e-01;1.547390e-02
3.034858e-01;3.016048e-01;1.354321e-02;1.882472e-02;3.032634e-03;3.776788e-02;2.920794e-02;1.695441e-02;5.595652e-02;2.890150e-02;1.789488e-01;1.177172e-02
1.828734e-01;3.837564e-01;2.208677e-02;1.833192e-02;3.449236e-03;7.606915e-02;2.139389e-02;1.737138e-02;7.394478e-02;2.636634e-02;1.657044e-01;8.652437e-03
1.720809e-01;4.139650e-01;2.632484e-02;1.059620e-02;4.072367e-03;9.546347e-02;2.899717e-02;2.978192e-02;6.887082e-02;2.437247e-02;1.186866e-01;6.788190e-03
2.251783e-01;4.169120e-01;3.041183e-02;1.780729e-02;2.080685e-02;6.869717e-02;3.949450e-02;3.159936e-02;8.435150e-02;2.403623e-02;3.562469e-02;5.080216e-03
3.044856e-01;3.197603e-01;2.765746e-02;1.737998e-02;6.396150e-02;4.220383e-02;3.520096e-02;3.588787e-02;6.016408e-02;3.720689e-02;5.231438e-02;3.777197e-03
3.766438e-01;1.762500e-01;2.018484e-02;2.936991e-02;9.736357e-02;3.765161e-02;3.674060e-02;4.319477e-02;5.095575e-02;3.345111e-02;9.494708e-02;3.246889e-03
4.234172e-01;1.466702e-01;2.130244e-02;6.701117e-02;5.956042e-02;2.083605e-02;3.920678e-02;3.419885e-02;6.005750e-02;1.759658e-02;9.895676e-02;1.118614e-02
4.091818e-01;1.866601e-01;2.615674e-02;7.405822e-02;1.894488e-02;1.974570e-02;3.930510e-02;3.120880e-02;3.912517e-02;2.647710e-02;1.157107e-01;1.342561e-02
3.181982e-01;1.768251e-01;3.399858e-02;4.620566e-02;1.589062e-02;3.348576e-02;3.939027e-02;4.634742e-02;4.579088e-02;4.357117e-02;1.888639e-01;1.143240e-02
2.388965e-01;1.428807e-01;3.226783e-02;5.151300e-02;1.997543e-02;3.347584e-02;7.374871e-02;4.621363e-02;5.717332e-02;6.447797e-02;2.216604e-01;1.771661e-02
2.549983e-01;1.502416e-01;2.778458e-02;3.418076e-02;3.863105e-02;2.576582e-02;8.678805e-02;6.514983e-02;5.513762e-02;7.929070e-02;1.645918e-01;1.743984e-02
2.714223e-01;1.720328e-01;3.660243e-02;2.393395e-02;5.384212e-02;4.424850e-02;9.397826e-02;5.031914e-02;5.749904e-02;7.568669e-02;1.079611e-01;1.247371e-02
1.926366e-01;1.589412e-01;3.562273e-02;4.191673e-02;5.339071e-02;5.591526e-02;1.326544e-01;1.004083e-01;6.054522e-02;6.873309e-02;7.691105e-02;2.232475e-02
2.088908e-01;1.184015e-01;2.096960e-02;4.646834e-02;3.614050e-02;4.650814e-02;1.785334e-01;1.033187e-01;8.332858e-02;6.330417e-02;7.276871e-02;2.136750e-02
1.682015e-01;8.444450e-02;2.512682e-02;4.375695e-02;3.165957e-02;4.170742e-02;2.065154e-01;1.087065e-01;9.237494e-02;6.992762e-02;1.041076e-01;2.347124e-02
1.301923e-01;6.952882e-02;1.979682e-02;4.885541e-02;3.068681e-02;3.329385e-02;2.643735e-01;1.639287e-01;8.280767e-02;6.170709e-02;8.057094e-02;1.425811e-02
1.081566e-01;6.738136e-02;1.203469e-02;4.268711e-02;2.549533e-02;1.935729e-02;2.749074e-01;2.164637e-01;6.003799e-02;4.277972e-02;1.093152e-01;2.138371e-02
8.975905e-02;6.215673e-02;1.991729e-02;3.694602e-02;2.075727e-02;2.957052e-02;3.358446e-01;2.491916e-01;3.810700e-02;3.999710e-02;5.580384e-02;2.194895e-02
6.992852e-02;4.357456e-02;3.001871e-02;2.853365e-02;2.429904e-02;4.401645e-02;3.493391e-01;2.561633e-01;2.791494e-02;3.552247e-02;7.273470e-02;1.795445e-02
8.037027e-02;4.853138e-02;3.774992e-02;2.844988e-02;3.244135e-02;5.813023e-02;3.289147e-01;2.556262e-01;3.740560e-02;3.114852e-02;4.954033e-02;1.169162e-02
9.218511e-02;6.304175e-02;3.133504e-02;3.298774e-02;3.563978e-02;4.492586e-02;3.173481e-01;2.241747e-01;5.045642e-02;3.575990e-02;4.527073e-02;2.687484e-02
8.866293e-02;8.288016e-02;2.792956e-02;3.890415e-02;3.448030e-02;3.470622e-02;3.072118e-01;1.297667e-01;5.163366e-02;5.522935e-02;1.102672e-01;3.832801e-02
5.833223e-02;9.846545e-02;4.231100e-02;4.527144e-02;4.690821e-02;2.952325e-02;2.843554e-01;1.214290e-01;4.594739e-02;6.805591e-02;1.316062e-01;2.779456e-02
6.989510e-02;1.219279e-01;3.855963e-02;4.920698e-02;4.294334e-02;3.096688e-02;2.512482e-01;1.552772e-01;3.925437e-02;7.215563e-02;1.099035e-01;1.866122e-02
8.583178e-02;1.201517e-01;2.676921e-02;4.926072e-02;3.201012e-02;4.508984e-02;2.108414e-01;1.378805e-01;4.331421e-02;6.505298e-02;1.695631e-01;1.423452e-02
1.780787e-01;7.432336e-02;2.865008e-02;2.836159e-02;2.530513e-02;5.925626e-02;1.229404e-01;6.434531e-02;2.354378e-02;5.774515e-02;3.198727e-01;1.757750e-02
2.708593e-01;1.444490e-01;2.019330e-02;3.285978e-02;2.888506e-02;5.658826e-02;7.980528e-02;6.622933e-02;2.101395e-02;4.806026e-02;2.173812e-01;1.367524e-02
2.766805e-01;2.690824e-01;2.757242e-02;2.611119e-02;3.188708e-02;6.671289e-02;5.351915e-02;5.600699e-02;3.296980e-02;5.031584e-02;1.035761e-01;5.565678e-03
1.884850e-01;3.974381e-01;5.491738e-02;1.880351e-02;1.920331e-02;7.563760e-02;6.558665e-02;4.249889e-02;3.725768e-02;6.511165e-02;3.157071e-02;3.489540e-03
1.158222e-01;4.243240e-01;8.791137e-02;2.067154e-02;2.310178e-02;4.170150e-02;1.219551e-01;2.736801e-02;2.712934e-02;7.067756e-02;3.678767e-02;2.549874e-03
9.472022e-02;3.797244e-01;1.106806e-01;3.709019e-02;2.860100e-02;3.396007e-02;1.311827e-01;3.711023e-02;2.100805e-02;4.535330e-02;7.749415e-02;3.075193e-03
6.371526e-02;3.504738e-01;1.181262e-01;6.241766e-02;3.148391e-02;6.579535e-02;7.185877e-02;8.588871e-02;1.333471e-02;1.778924e-02;1.087849e-01;1.033149e-02
9.010842e-02;3.039507e-01;1.136986e-01;7.663222e-02;4.819372e-02;7.399151e-02;4.199071e-02;1.057723e-01;1.138038e-02;1.282003e-02;1.025160e-01;1.894539e-02
4.393310e-02;2.248797e-01;1.183755e-01;8.850146e-02;8.657225e-02;8.496505e-02;6.470328e-02;1.088141e-01;2.007319e-02;1.602147e-02;7.985590e-02;6.330498e-02
5.933012e-02;1.747391e-01;9.104581e-02;5.426733e-02;1.128797e-01;1.206987e-01;1.450904e-01;9.166958e-02;1.654227e-02;1.817291e-02;5.213383e-02;6.343025e-02
3.102887e-02;6.038906e-02;5.035573e-02;3.350956e-02;9.300064e-02;1.433530e-01;3.213781e-01;1.474572e-01;1.604337e-02;1.581824e-02;4.625482e-02;4.141135e-02
3.670642e-02;8.137401e-02;3.648539e-02;1.889499e-02;5.585160e-02;1.276527e-01;3.440687e-01;1.784584e-01;1.274598e-02;1.242995e-02;6.643225e-02;2.889956e-02
5.164767e-02;1.548794e-01;4.746697e-02;1.841784e-02;4.871253e-02;1.252449e-01;3.080062e-01;1.180170e-01;8.668764e-03;1.762758e-02;7.878665e-02;2.252440e-02
6.359932e-02;2.012734e-01;7.750711e-02;3.928655e-02;7.130300e-02;1.270061e-01;2.673991e-01;5.471523e-02;1.607224e-02;1.577139e-02;5.608438e-02;9.982255e-03
7.958873e-02;2.323306e-01;9.713144e-02;4.223426e-02;6.378002e-02;7.474323e-02;1.710932e-01;1.522857e-01;1.473548e-02;1.580781e-02;4.010207e-02;1.616744e-02
5.935102e-02;2.242656e-01;1.201999e-01;5.374568e-02;4.604679e-02;5.544356e-02;1.083394e-01;1.811035e-01;2.643872e-02;3.171353e-02;7.623232e-02;1.712004e-02
7.263009e-02;1.612423e-01;9.268201e-02;4.580535e-02;6.320705e-02;5.599583e-02;1.553746e-01;1.182875e-01;5.281905e-02;6.597869e-02;9.403448e-02;2.194303e-02
7.764839e-02;1.261316e-01;6.771253e-02;3.207902e-02;7.803678e-02;6.264251e-02;1.263501e-01;7.494418e-02;8.202892e-02;1.889150e-01;6.686324e-02;1.664776e-02
5.160694e-02;6.325668e-02;2.931827e-02;4.443099e-02;8.397829e-02;6.265071e-02;1.419388e-01;1.041669e-01;7.721046e-02;2.835535e-01;4.204331e-02;1.584524e-02
5.273339e-02;6.374341e-02;2.790125e-02;6.556118e-02;8.370370e-02;7.691973e-02;2.014246e-01;1.484348e-01;4.230078e-02;1.490440e-01;7.647321e-02;1.175988e-02
5.722242e-02;1.251827e-01;5.187415e-02;7.180642e-02;7.381172e-02;8.516911e-02;2.252522e-01;1.508868e-01;2.622532e-02;5.756935e-02;6.326403e-02;1.173579e-02
9.540337e-02;2.450206e-01;8.648567e-02;6.888617e-02;5.644335e-02;6.326673e-02;1.351355e-01;8.370133e-02;3.191069e-02;9.354787e-02;3.109862e-02;9.100122e-03
1.606320e-01;3.570659e-01;7.905740e-02;6.616164e-02;5.965049e-02;3.249700e-02;4.754580e-02;3.002222e-02;3.176340e-02;1.048742e-01;2.383523e-02;6.894781e-03
2.574467e-01;3.644007e-01;5.322144e-02;6.116613e-02;4.431298e-02;3.059121e-02;3.886053e-02;3.439444e-02;3.154362e-02;5.599905e-02;2.059836e-02;7.464854e-03
3.537508e-01;2.552045e-01;4.692717e-02;4.763445e-02;2.950000e-02;2.263019e-02;4.036256e-02;4.338660e-02;3.149849e-02;3.772910e-02;7.817810e-02;1.319813e-02
2.545274e-01;1.882471e-01;5.061509e-02;4.179212e-02;3.034177e-02;3.649675e-02;8.416714e-02;7.701290e-02;3.842182e-02;6.473500e-02;1.222661e-01;1.137682e-02
1.871929e-01;1.315204e-01;4.339587e-02;5.611986e-02;2.737307e-02;6.672224e-02;1.409620e-01;1.158318e-01;5.453214e-02;1.113349e-01;5.565412e-02;9.360749e-03
1.106180e-01;1.547851e-01;5.281101e-02;5.511164e-02;2.908199e-02;9.011961e-02;1.273711e-01;8.571786e-02;5.656737e-02;1.524400e-01;7.310997e-02;1.226642e-02
1.209032e-01;1.678841e-01;6.510060e-02;7.481489e-02;3.633554e-02;9.098397e-02;9.243438e-02;6.371431e-02;4.172634e-02;1.460689e-01;7.969539e-02;2.033835e-02
1.621160e-01;1.480402e-01;8.199777e-02;9.014586e-02;6.569543e-02;7.578772e-02;1.010576e-01;7.807041e-02;5.058212e-02;1.009593e-01;2.164260e-02;2.390496e-02
1.586172e-01;1.185276e-01;6.858836e-02;6.636634e-02;5.602747e-02;7.090772e-02;1.017153e-01;7.718997e-02;1.000044e-01;7.393413e-02;8.391221e-02;2.420920e-02
1.295969e-01;1.011305e-01;3.154521e-02;6.168265e-02;3.102153e-02;6.383257e-02;1.094249e-01;1.143316e-01;1.441885e-01;1.078945e-01;8.456568e-02;2.078535e-02
1.386224e-01;1.373302e-01;4.774972e-02;6.685837e-02;4.084316e-02;7.945112e-02;7.959443e-02;1.166352e-01;1.220396e-01;1.006432e-01;5.479880e-02;1.543379e-02
1.459933e-01;1.383004e-01;6.266417e-02;8.057794e-02;4.132922e-02;7.521890e-02;8.019923e-02;7.901832e-02;1.383855e-01;6.366980e-02;6.413436e-02;3.050879e-02
1.250257e-01;1.272790e-01;6.192802e-02;7.005412e-02;6.534105e-02;6.731860e-02;1.071186e-01;9.798611e-02;9.418904e-02;7.604539e-02;5.068334e-02;5.703103e-02
1.538306e-01;1.199564e-01;3.474915e-02;7.199835e-02;6.253101e-02;6.169717e-02;9.012341e-02;1.146006e-01;1.117582e-01;5.092320e-02;6.531954e-02;6.251232e-02
1.747598e-01;1.297174e-01;2.146590e-02;6.721348e-02;6.660946e-02;4.095254e-02;8.574773e-02;1.142896e-01;1.267440e-01;7.909760e-02;5.374324e-02;3.965914e-02
1.814039e-01;1.132437e-01;3.826006e-02;4.281624e-02;5.952879e-02;4.263541e-02;8.345662e-02;1.129863e-01;1.420840e-01;1.068321e-01;4.062104e-02;3.613186e-02
1.312729e-01;8.987224e-02;3.652979e-02;3.110384e-02;4.795115e-02;4.798798e-02;1.605933e-01;1.384233e-01;9.295861e-02;6.066564e-02;1.255997e-01;3.704143e-02
2.247700e-01;1.782502e-01;2.594628e-02;2.159875e-02;1.632216e-02;2.663216e-02;1.323664e-01;1.001836e-01;3.218972e-02;3.715155e-02;1.814578e-01;2.313131e-02
2.769189e-01;1.959553e-01;2.454587e-02;2.448918e-02;8.608759e-03;1.748235e-02;1.131140e-01;7.980008e-02;3.831858e-02;2.767389e-02;1.575169e-01;3.557618e-02
2.557185e-01;2.101686e-01;2.500014e-02;2.725962e-02;1.035916e-02;1.586176e-02;1.507812e-01;5.578802e-02;4.227183e-02;2.504738e-02;1.288777e-01;5.286604e-02
1.420798e-01;2.138414e-01;2.560889e-02;2.663837e-02;1.438703e-02;2.156399e-02;2.796151e-01;4.189702e-02;3.337504e-02;2.206469e-02;1.141048e-01;6.482381e-02
5.972987e-02;1.291480e-01;3.716011e-02;2.025075e-02;2.180239e-02;4.304951e-02;3.670641e-01;9.932805e-02;2.709809e-02;1.561644e-02;1.415591e-01;3.819349e-02
5.632034e-02;4.608765e-02;6.481314e-02;9.262570e-03;2.202349e-02;7.670276e-02;3.015935e-01;1.356281e-01;3.897030e-02;2.930529e-02;1.979535e-01;2.133933e-02
6.750101e-02;1.847958e-02;9.247557e-02;4.881745e-03;1.790651e-02;1.168635e-01;1.660873e-01;1.484062e-01;3.151783e-02;4.702415e-02;2.744601e-01;1.439642e-02
7.178129e-02;1.437341e-02;1.053674e-01;8.994033e-03;1.154444e-02;1.439009e-01;8.328553e-02;1.124723e-01;2.983589e-02;6.181454e-02;3.380727e-01;1.855754e-02
7.159547e-02;1.027410e-02;1.090742e-01;8.575641e-03;1.694611e-02;1.335314e-01;6.272624e-02;4.094230e-02;7.294846e-02;7.786480e-02;3.543869e-01;4.113440e-02
6.241696e-02;2.151796e-02;8.898412e-02;1.832473e-02;3.460518e-02;9.113920e-02;9.216323e-02;3.854453e-02;1.041605e-01;6.739727e-02;2.925698e-01;8.817657e-02
6.279317e-02;5.389024e-02;4.287229e-02;8.137640e-02;2.826062e-02;4.394411e-02;2.324159e-01;4.953221e-02;7.321713e-02;3.772116e-02;1.566783e-01;1.372984e-01
9.211653e-02;6.112464e-02;2.006531e-02;1.197931e-01;1.428824e-02;3.547271e-02;3.168155e-01;1.036476e-01;2.636905e-02;4.237824e-02;5.329952e-02;1.146297e-01
1.189275e-01;5.803643e-02;2.229127e-02;8.585764e-02;2.903151e-02;3.949391e-02;3.006909e-01;1.939917e-01;2.836148e-02;4.373026e-02;2.289274e-02;5.669466e-02
1.482090e-01;7.283553e-02;2.296672e-02;3.678464e-02;4.899348e-02;3.852468e-02;2.389871e-01;2.782084e-01;3.515707e-02;3.142320e-02;2.632210e-02;2.158810e-02
2.465154e-01;1.144059e-01;1.535898e-02;2.382808e-02;5.728524e-02;2.998447e-02;1.504800e-01;2.379935e-01;3.283218e-02;4.115042e-02;3.365732e-02;1.650853e-02
3.697815e-01;1.570166e-01;1.302497e-02;3.412975e-02;3.501396e-02;1.933425e-02;1.238809e-01;5.637093e-02;3.842849e-02;6.284179e-02;6.490777e-02;2.526903e-02
3.328963e-01;1.426903e-01;2.223996e-02;2.810200e-02;3.851252e-02;2.069527e-02;7.355754e-02;7.031059e-02;3.156850e-02;4.753495e-02;1.701306e-01;2.176153e-02
2.647499e-01;1.244799e-01;2.759602e-02;1.315920e-02;3.942169e-02;2.551556e-02;8.172680e-02;1.003168e-01;2.401122e-02;3.330807e-02;2.379272e-01;2.778758e-02
2.805251e-01;1.018741e-01;2.065213e-02;2.307934e-02;3.861330e-02;3.219864e-02;1.361260e-01;9.807677e-02;2.752406e-02;3.402941e-02;1.736884e-01;3.361278e-02
3.373667e-01;1.044627e-01;2.368752e-02;2.625402e-02;3.895339e-02;4.343038e-02;1.245556e-01;8.165746e-02;3.160325e-02;4.450485e-02;1.201698e-01;2.335435e-02
2.488063e-01;8.095681e-02;1.829940e-02;2.606687e-02;4.458695e-02;3.649512e-02;1.207708e-01;9.259665e-02;3.101061e-02;3.672630e-02;2.348457e-01;2.883847e-02
1.714763e-01;1.044960e-01;2.216974e-02;3.339656e-02;3.927833e-02;3.926321e-02;8.374755e-02;1.176116e-01;4.183624e-02;5.457940e-02;2.462735e-01;4.587166e-02
2.200616e-01;9.284811e-02;2.073182e-02;3.094647e-02;3.520586e-02;5.719809e-02;9.431356e-02;1.299415e-01;4.465884e-02;1.180887e-01;1.171262e-01;3.887914e-02
1.313924e-01;7.783907e-02;2.505801e-02;3.781176e-02;4.705499e-02;7.090249e-02;1.128596e-01;1.232116e-01;5.254225e-02;2.328108e-01;6.765228e-02;2.086476e-02
7.685610e-02;6.464679e-02;3.002531e-02;5.841066e-02;4.400255e-02;4.820303e-02;8.298912e-02;1.304552e-01;7.344034e-02;3.440736e-01;2.892410e-02;1.797313e-02
8.010846e-02;4.073706e-02;4.833827e-02;8.863512e-02;3.983494e-02;3.571774e-02;6.528480e-02;1.155332e-01;9.143381e-02;3.238566e-01;3.920695e-02;3.131301e-02
7.999104e-02;6.881086e-02;5.345349e-02;8.366708e-02;4.849743e-02;3.773718e-02;9.888610e-02;1.446207e-01;1.102906e-01;2.044777e-01;4.790325e-02;2.166450e-02
1.540848e-01;1.532713e-01;4.887327e-02;4.917770e-02;3.222951e-02;3.671382e-02;1.187058e-01;1.311510e-01;8.023231e-02;9.437269e-02;8.753890e-02;1.364887e-02
2.635439e-01;1.767214e-01;4.329166e-02;2.917430e-02;1.756477e-02;2.583716e-02;1.045671e-01;9.850394e-02;5.493114e-02;4.038652e-02;1.350435e-01;1.043462e-02
3.307890e-01;1.186454e-01;2.903653e-02;2.968045e-02;1.090543e-02;1.837088e-02;1.099805e-01;9.292890e-02;4.433487e-02;3.625587e-02;1.598915e-01;1.918073e-02
3.306129e-01;1.579000e-01;1.760146e-02;2.738672e-02;1.642544e-02;1.524780e-02;1.373417e-01;6.262556e-02;2.129015e-02;2.779802e-02;1.561242e-01;2.964598e-02
3.216273e-01;1.016280e-01;1.099144e-02;2.278168e-02;3.170048e-02;1.474869e-02;1.207376e-01;4.192006e-02;1.991314e-02;2.705909e-02;2.539193e-01;3.297323e-02
2.471379e-01;6.060741e-02;1.639973e-02;1.155201e-02;4.256845e-02;2.444790e-02;6.531157e-02;4.095367e-02;7.235137e-02;2.716977e-02;3.670811e-01;2.441904e-02
1.991919e-01;3.018842e-02;2.132773e-02;7.105911e-03;3.113726e-02;3.488620e-02;3.740659e-02;4.599974e-02;1.125317e-01;3.346391e-02;4.322649e-01;1.449582e-02
2.071429e-01;4.247800e-02;2.368442e-02;7.867377e-03;1.460285e-02;5.230150e-02;4.307071e-02;4.628904e-02;8.234810e-02;3.902718e-02;4.316545e-01;9.533449e-03
2.179488e-01;7.877581e-02;2.250882e-02;1.190973e-02;1.784526e-02;7.791629e-02;7.010827e-02;6.328840e-02;4.164242e-02;2.721470e-02;3.629279e-01;7.913591e-03
1.625813e-01;5.502889e-02;2.195862e-02;1.025912e-02;1.645369e-02;8.179582e-02;6.991223e-02;6.370137e-02;7.033085e-02;2.977208e-02;4.075564e-01;1.064958e-02
8.019345e-02;3.306443e-02;2.868453e-02;6.697060e-03;1.166552e-02;9.068478e-02;5.860180e-02;4.014060e-02;9.504642e-02;2.691551e-02;5.163156e-01;1.199035e-02
7.679492e-02;1.594672e-02;3.152950e-02;3.346664e-03;1.093970e-02;1.167231e-01;4.239932e-02;2.503710e-02;7.029545e-02;2.506512e-02;5.721340e-01;9.788380e-03
6.430292e-02;1.344620e-02;2.995009e-02;3.721358e-03;2.021858e-02;1.455356e-01;3.119323e-02;2.756964e-02;2.264529e-02;2.948656e-02;6.062318e-01;5.698710e-03
4.290489e-02;1.399040e-02;2.104284e-02;6.713070e-03;6.665484e-02;1.354740e-01;2.253756e-02;2.897006e-02;2.130997e-02;3.850454e-02;5.999182e-01;1.979602e-03
3.840372e-02;2.454455e-02;1.242019e-02;9.740666e-03;1.101565e-01;8.626392e-02;4.216854e-02;7.430194e-02;2.148198e-02;5.268221e-02;5.241327e-01;3.703141e-03
5.722125e-02;2.824087e-02;1.417440e-02;2.984752e-02;8.865017e-02;5.242575e-02;8.691994e-02;1.508799e-01;2.185150e-02;5.585742e-02;4.069833e-01;6.947906e-03
6.426075e-02;2.634857e-02;2.076354e-02;5.911975e-02;2.744607e-02;4.082420e-02;1.434403e-01;2.331581e-01;2.882098e-02;4.562243e-02;3.064799e-01;3.715433e-03
5.664986e-02;4.110906e-02;2.110525e-02;3.834435e-02;1.014560e-01;5.519458e-02;2.004500e-01;2.351168e-01;2.790442e-02;2.050848e-02;1.841761e-01;1.798513e-02
3.219718e-02;4.204246e-02;2.109670e-02;1.717825e-02;9.236595e-02;7.741992e-02;2.502057e-01;2.095776e-01;3.241407e-02;2.708251e-02;1.785508e-01;1.986881e-02
4.298371e-02;4.695483e-02;2.002333e-02;2.149225e-02;6.248429e-02;9.068968e-02;2.339465e-01;2.034853e-01;3.281222e-02;4.143966e-02;1.935376e-01;1.015060e-02
9.021940e-02;4.539908e-02;2.824429e-02;4.952152e-02;5.949016e-02;1.076893e-01;1.885435e-01;1.412425e-01;4.614992e-02;7.585777e-02;1.452466e-01;2.239592e-02
1.943466e-01;6.164239e-02;3.788395e-02;6.401041e-02;4.792289e-02;9.290892e-02;1.736915e-01;6.176607e-02;4.328839e-02;6.696252e-02;1.276387e-01;2.793765e-02
3.270888e-01;1.549486e-01;2.242021e-02;3.131535e-02;2.751250e-02;4.608515e-02;1.034478e-01;6.328612e-02;2.370935e-02;3.176577e-02;1.459353e-01;2.248518e-02
3.599831e-01;2.603662e-01;2.364834e-02;1.737686e-02;1.992778e-02;2.713908e-02;6.297098e-02;5.414959e-02;2.626678e-02;1.653169e-02;1.112320e-01;2.040761e-02
2.832886e-01;3.775453e-01;4.261514e-02;1.438715e-02;1.973694e-02;2.542526e-02;3.648816e-02;3.820416e-02;3.322649e-02;1.902300e-02;9.455495e-02;1.550485e-02
1.628894e-01;4.569571e-01;6.373654e-02;1.855227e-02;5.454580e-02;2.111403e-02;2.469826e-02;2.228785e-02;3.006778e-02;4.415764e-02;9.062348e-02;1.036996e-02
1.285637e-01;3.921156e-01;8.637490e-02;1.452229e-02;1.022360e-01;1.597187e-02;3.776957e-02;2.627878e-02;1.932770e-02;8.219581e-02;8.652000e-02;8.123773e-03
8.237995e-02;3.318228e-01;1.038063e-01;1.520461e-02;8.139355e-02;2.647048e-02;8.371206e-02;5.539273e-02;3.031230e-02;1.068261e-01;7.645399e-02;6.225178e-03
8.346255e-02;3.364871e-01;1.168919e-01;2.816553e-02;3.891813e-02;2.698027e-02;1.266900e-01;4.652942e-02;3.302986e-02;9.090380e-02;6.750809e-02;4.433427e-03
1.177248e-01;3.502038e-01;1.260451e-01;3.884963e-02;2.262116e-02;3.558208e-02;1.102326e-01;1.422383e-02;3.964740e-02;4.690388e-02;9.345093e-02;4.514858e-03
9.603708e-02;3.728088e-01;1.199378e-01;4.258842e-02;2.255131e-02;5.527258e-02;8.256438e-02;3.762059e-02;3.389995e-02;2.732521e-02;1.039176e-01;5.476318e-03
1.543972e-01;3.667950e-01;9.771022e-02;3.270068e-02;2.671184e-02;3.833557e-02;8.452397e-02;5.511741e-02;2.709700e-02;4.273818e-02;6.536851e-02;8.504341e-03
1.980921e-01;3.324291e-01;7.130363e-02;2.505638e-02;3.146249e-02;4.160580e-02;1.038532e-01;6.113297e-02;2.527377e-02;4.424636e-02;5.388917e-02;1.165502e-02
2.482664e-01;2.447009e-01;6.964380e-02;2.918514e-02;2.972469e-02;4.039739e-02;8.770616e-02;6.882766e-02;2.352394e-02;5.039355e-02;9.473703e-02;1.289335e-02
1.865537e-01;2.207891e-01;7.780196e-02;3.800095e-02;2.536448e-02;3.864448e-02;1.302462e-01;1.194569e-01;2.214786e-02;4.855442e-02;8.270830e-02;9.731554e-03
1.108077e-01;1.336096e-01;5.351656e-02;6.302447e-02;5.491770e-02;9.694990e-02;1.443371e-01;1.583076e-01;2.426156e-02;9.962968e-02;4.749637e-02;1.314178e-02
5.793435e-02;5.899808e-02;3.758557e-02;6.133550e-02;8.198692e-02;1.370565e-01;1.264463e-01;1.456655e-01;3.857550e-02;1.405767e-01;8.854270e-02;2.529644e-02
4.967767e-02;6.256831e-02;2.658498e-02;4.806228e-02;5.726346e-02;1.360564e-01;2.226617e-01;1.888699e-01;3.158541e-02;7.082335e-02;9.752000e-02;8.326563e-03
2.986822e-02;5.716586e-02;2.800627e-02;5.141198e-02;4.142984e-02;1.630362e-01;2.536527e-01;2.043674e-01;2.038929e-02;4.058844e-02;1.017994e-01;8.284494e-03
3.348878e-02;1.102678e-01;5.126000e-02;6.137243e-02;3.920409e-02;1.820323e-01;2.107251e-01;1.465597e-01;2.783615e-02;3.701790e-02;9.342270e-02;6.813003e-03
5.023608e-02;2.117663e-01;1.002237e-01;4.895963e-02;3.974228e-02;1.243706e-01;1.948472e-01;5.959708e-02;4.086015e-02;6.929223e-02;5.686910e-02;3.235738e-03
5.713738e-02;3.146294e-01;1.010237e-01;2.797248e-02;3.742022e-02;3.588223e-02;2.309053e-01;5.062880e-02;2.755303e-02;9.400761e-02;2.026718e-02;2.572609e-03
1.092298e-01;4.029968e-01;6.665660e-02;2.242463e-02;2.448782e-02;4.386671e-02;1.590384e-01;6.083145e-02;3.961389e-02;6.061155e-02;4.287898e-03;5.954396e-03
2.081262e-01;4.395045e-01;3.160632e-02;2.403982e-02;1.061122e-02;4.846844e-02;8.501436e-02;4.802262e-02;4.800813e-02;3.699136e-02;1.336065e-02;6.246397e-03
3.211322e-01;3.738554e-01;1.626642e-02;2.071429e-02;1.392333e-02;2.827424e-02;1.020017e-01;4.645862e-02;2.914561e-02;3.604653e-02;6.904284e-03;5.277331e-03
3.881305e-01;2.878758e-01;1.836361e-02;1.176811e-02;1.387021e-02;1.889745e-02;9.271799e-02;5.666628e-02;1.691972e-02;2.726016e-02;6.047227e-02;7.057847e-03
3.611673e-01;2.005306e-01;1.684884e-02;1.204751e-02;1.292381e-02;1.665340e-02;8.109818e-02;6.800247e-02;1.926554e-02;3.404145e-02;1.650821e-01;1.233887e-02
2.578246e-01;1.405798e-01;1.837868e-02;3.533224e-02;3.003404e-02;2.791607e-02;1.169519e-01;9.631251e-02;2.824818e-02;4.080774e-02;1.955691e-01;1.204526e-02
1.909321e-01;9.192207e-02;1.219250e-02;7.333093e-02;5.205068e-02;6.032154e-02;1.283604e-01;1.283961e-01;5.201483e-02;9.078251e-02;1.055190e-01;1.417737e-02
1.079837e-01;1.038461e-01;2.440470e-02;7.852197e-02;8.358254e-02;6.962772e-02;1.352559e-01;1.033592e-01;5.118238e-02;1.368713e-01;8.309813e-02;2.226641e-02
1.595428e-01;1.367790e-01;3.571191e-02;5.947009e-02;1.360213e-01;5.604535e-02;1.027072e-01;6.646974e-02;2.688494e-02;9.128758e-02;1.066408e-01;2.243917e-02
2.147625e-01;1.291037e-01;3.939988e-02;3.528129e-02;1.499923e-01;6.242286e-02;1.024698e-01;6.596292e-02;3.971817e-02;8.595557e-02;5.118882e-02;2.374211e-02
1.719813e-01;1.142683e-01;2.789985e-02;5.845050e-02;1.324482e-01;7.494190e-02;1.006300e-01;7.879565e-02;5.648150e-02;1.126990e-01;4.210220e-02;2.930166e-02
1.068879e-01;6.511993e-02;3.115111e-02;9.041371e-02;1.135379e-01;8.517054e-02;1.122615e-01;1.088126e-01;5.681052e-02;1.372849e-01;6.055588e-02;3.199353e-02
7.331129e-02;7.192058e-02;2.454486e-02;1.095647e-01;7.832754e-02;7.418690e-02;1.239814e-01;1.463932e-01;5.975109e-02;1.233081e-01;8.248185e-02;3.222845e-02
5.346119e-02;8.092872e-02;3.548216e-02;1.228291e-01;9.881102e-02;6.680677e-02;8.804154e-02;1.399545e-01;6.525726e-02;1.276349e-01;9.575074e-02;2.504210e-02
7.862749e-02;6.586888e-02;3.246126e-02;1.029192e-01;9.770530e-02;3.783598e-02;1.220881e-01;1.397052e-01;5.859942e-02;1.587992e-01;8.382276e-02;2.156722e-02
1.100466e-01;5.946143e-02;6.211528e-02;5.927002e-02;7.461222e-02;6.209922e-02;1.638704e-01;1.181764e-01;6.102442e-02;1.689552e-01;3.386262e-02;2.650626e-02
1.874507e-01;2.124090e-01;5.373305e-02;3.319173e-02;5.310332e-02;4.526839e-02;9.930804e-02;1.083786e-01;2.738747e-02;1.119666e-01;5.089267e-02;1.691053e-02
2.965124e-01;3.342425e-01;3.812160e-02;2.093334e-02;3.311474e-02;2.184900e-02;4.389368e-02;7.020023e-02;3.273484e-02;5.209346e-02;4.509714e-02;1.120713e-02
3.080527e-01;3.802343e-01;2.723704e-02;1.932861e-02;2.620156e-02;5.151342e-02;2.560773e-02;4.215640e-02;4.453639e-02;2.964062e-02;4.091713e-02;4.574074e-03
2.480254e-01;4.234667e-01;2.417766e-02;1.647676e-02;2.166293e-02;1.057180e-01;2.450591e-02;2.128626e-02;6.137710e-02;2.392843e-02;2.474716e-02;4.627626e-03
1.960860e-01;4.394042e-01;2.261997e-02;1.557399e-02;1.447389e-02;1.444590e-01;3.339506e-02;2.930064e-02;7.010123e-02;1.884170e-02;8.348720e-03;7.395612e-03
1.415422e-01;4.411593e-01;2.554342e-02;1.708152e-02;1.310057e-02;1.408556e-01;5.720471e-02;3.464351e-02;6.880233e-02;2.134779e-02;2.711560e-02;1.160339e-02
1.404645e-01;4.680896e-01;4.086063e-02;1.859407e-02;1.038301e-02;1.391009e-01;4.431969e-02;2.847840e-02;5.560989e-02;2.469962e-02;1.783149e-02;1.156821e-02
1.358498e-01;4.975240e-01;5.374244e-02;1.727362e-02;1.772394e-02;1.076426e-01;3.149869e-02;2.081136e-02;5.159097e-02;3.432037e-02;1.956686e-02;1.245532e-02
1.830456e-01;4.398087e-01;5.272895e-02;2.037858e-02;2.783122e-02;7.549242e-02;4.090141e-02;2.198177e-02;4.925950e-02;3.748163e-02;3.581868e-02;1.527161e-02
