8.814711e-02;5.667701e-02;5.145273e-02;2.802935e-02;1.000499e-01;1.122957e-01;3.550857e-01;4.376258e-02;4.662659e-02;3.492331e-02;3.381211e-02;4.913792e-02
5.901617e-02;6.323443e-02;3.267885e-02;1.636834e-02;7.304541e-02;1.143380e-01;4.894948e-01;4.874041e-02;3.267928e-02;2.656229e-02;1.844349e-02;2.539854e-02
3.504223e-02;5.314907e-02;2.734011e-02;1.172989e-02;5.180170e-02;1.163554e-01;5.598037e-01;7.020844e-02;2.910520e-02;2.614999e-02;1.108349e-02;8.230873e-03
3.215870e-02;3.300752e-02;4.005573e-02;2.518616e-02;7.990765e-02;1.704584e-01;4.211662e-01;5.545890e-02;6.746104e-02;5.271694e-02;7.837282e-03;1.458553e-02
3.380645e-02;2.677138e-02;1.012184e-01;4.857468e-02;1.197902e-01;1.724662e-01;2.259698e-01;4.995336e-02;1.176385e-01;5.533125e-02;2.195593e-02;2.652382e-02
2.782909e-02;2.706890e-02;1.887033e-01;6.297902e-02;1.027729e-01;1.014691e-01;1.423515e-01;9.520214e-02;1.287226e-01;5.857771e-02;3.386851e-02;3.045532e-02
3.024273e-02;3.005325e-02;2.189022e-01;5.622501e-02;5.338978e-02;5.903394e-02;1.433499e-01;1.102359e-01;1.155130e-01;1.225847e-01;3.421844e-02;2.625105e-02
3.312967e-02;4.186549e-02;1.666485e-01;3.455293e-02;7.354909e-02;9.021256e-02;1.775757e-01;1.099076e-01;1.000841e-01;1.258474e-01;2.499138e-02;2.163566e-02
5.702440e-02;4.768723e-02;2.186241e-01;4.373105e-02;7.873727e-02;8.036450e-02;1.721296e-01;8.416941e-02;1.187936e-01;4.630902e-02;2.530988e-02;2.711994e-02
6.642162e-02;4.861128e-02;1.890020e-01;7.854971e-02;5.471837e-02;5.896923e-02;2.167909e-01;6.146040e-02;1.171431e-01;5.619414e-02;2.750874e-02;2.463045e-02
5.323206e-02;6.648307e-02;7.962303e-02;7.033950e-02;6.965438e-02;8.274098e-02;2.737586e-01;8.189838e-02;8.385237e-02;7.631531e-02;2.490115e-02;3.720117e-02
5.075352e-02;6.826672e-02;9.340630e-02;4.238713e-02;1.008408e-01;7.699504e-02;2.354818e-01;7.685986e-02;6.177079e-02;8.844256e-02;3.568006e-02;6.911551e-02
1.014095e-01;6.470612e-02;1.058520e-01;5.976633e-02;1.030544e-01;5.822628e-02;1.642647e-01;7.965601e-02;3.594086e-02;8.907776e-02;4.609549e-02;9.195064e-02
1.325098e-01;8.489327e-02;9.748583e-02;3.760797e-02;7.672134e-02;7.647973e-02;2.142503e-01;4.407761e-02;5.386489e-02;7.179698e-02;3.495238e-02;7.535990e-02
1.353195e-01;6.680487e-02;9.798745e-02;3.300984e-02;9.388702e-02;8.975816e-02;2.359890e-01;3.398979e-02;5.860536e-02;6.238959e-02;2.155565e-02;7.070374e-02
1.217921e-01;3.944398e-02;7.135417e-02;4.922827e-02;1.552052e-01;8.453152e-02;1.822616e-01;2.443456e-02;9.056772e-02;4.560750e-02;9.649141e-03;1.259242e-01
7.536360e-02;2.456761e-02;9.171937e-02;6.942771e-02;1.897507e-01;6.233142e-02;1.238986e-01;3.651137e-02;1.096968e-01;2.761041e-02;3.703192e-02;1.520905e-01
3.718952e-02;2.877747e-02;1.372941e-01;8.336353e-02;1.604595e-01;5.123303e-02;1.103306e-01;7.443856e-02;7.980840e-02;3.674920e-02;9.021878e-02;1.101373e-01
4.004267e-02;4.889736e-02;1.976828e-01;7.565632e-02;1.086488e-01;5.352140e-02;1.300277e-01;9.002625e-02;4.105477e-02;5.719205e-02;1.114276e-01;4.582227e-02
9.225841e-02;8.283474e-02;2.096346e-01;4.267231e-02;1.194365e-01;5.015971e-02;1.294399e-01;8.055329e-02;4.557826e-02;5.158896e-02;6.773525e-02;2.810803e-02
1.625603e-01;9.446218e-02;2.395995e-01;5.465142e-02;1.399513e-01;3.091397e-02;7.665277e-02;5.972681e-02;4.205226e-02;2.448492e-02;2.567711e-02;4.926752e-02
1.830591e-01;9.679656e-02;1.961852e-01;7.973728e-02;1.441235e-01;5.532020e-02;5.111427e-02;4.501230e-02;4.662367e-02;1.292111e-02;2.141830e-02;6.768857e-02
7.601243e-02;8.431186e-02;2.005261e-01;9.546544e-02;8.078866e-02;8.532643e-02;1.022755e-01;8.567612e-02;5.778870e-02;3.237828e-02;4.638018e-02;5.307030e-02
1.719554e-02;4.913450e-02;1.504696e-01;1.406006e-01;1.037529e-01;5.745351e-02;8.231056e-02;1.310347e-01;1.255062e-01;3.342832e-02;6.801274e-02;4.110070e-02
1.300404e-02;3.884969e-02;9.289901e-02;1.570414e-01;9.722792e-02;5.189095e-02;5.180430e-02;1.740132e-01;1.636450e-01;2.416589e-02;1.028950e-01;3.256359e-02
3.026921e-02;3.241119e-02;8.504934e-02;1.464649e-01;6.163331e-02;4.360574e-02;3.815032e-02;1.842341e-01;1.265878e-01;3.945747e-02;1.868497e-01;2.528686e-02
6.378127e-02;2.294124e-02;1.545587e-01;9.587064e-02;3.710984e-02;2.342021e-02;8.799540e-02;1.087499e-01;5.907369e-02;1.029429e-01;2.229445e-01;2.061180e-02
6.981827e-02;3.486274e-02;2.071516e-01;3.666481e-02;3.216202e-02;2.147816e-02;1.183254e-01;5.021633e-02;5.230827e-02;1.783312e-01;1.342043e-01;6.447695e-02
5.182433e-02;9.133159e-02;1.726984e-01;2.445358e-02;2.165775e-02;5.192822e-02;6.714267e-02;4.208881e-02;1.131040e-01;1.459325e-01;4.132569e-02;1.765125e-01
9.141912e-02;1.545045e-01;9.922092e-02;4.746749e-02;1.393544e-02;7.247705e-02;2.339138e-02;3.673701e-02;1.558873e-01;5.432358e-02;2.665695e-02;2.239793e-01
1.717660e-01;1.682505e-01;8.391050e-02;5.191798e-02;2.546031e-02;5.381035e-02;3.744885e-02;5.401569e-02;1.083463e-01;3.578274e-02;7.241765e-02;1.368732e-01
2.004527e-01;1.602800e-01;1.370472e-01;4.406025e-02;3.914028e-02;2.602384e-02;5.211682e-02;7.219843e-02;7.172851e-02;4.766992e-02;8.517428e-02;6.410781e-02
1.431821e-01;1.458701e-01;1.354482e-01;3.356110e-02;4.107438e-02;4.156750e-02;5.023797e-02;7.139770e-02;1.177294e-01;7.078665e-02;7.979286e-02;6.935209e-02
1.537354e-01;1.434083e-01;1.285941e-01;3.734650e-02;2.228315e-02;4.598909e-02;2.759523e-02;8.074339e-02;8.770480e-02;1.120799e-01;1.027608e-01;5.775930e-02
1.738932e-01;1.339319e-01;1.097228e-01;4.212723e-02;1.552883e-02;2.849509e-02;3.953296e-02;7.586215e-02;1.032030e-01;8.800053e-02;8.319063e-02;1.065116e-01
1.565130e-01;1.697351e-01;8.437901e-02;5.187301e-02;2.482179e-02;2.480234e-02;5.968461e-02;7.378733e-02;7.760881e-02;5.158060e-02;6.464445e-02;1.605700e-01
1.366267e-01;1.784309e-01;8.007681e-02;4.749535e-02;3.359800e-02;3.263786e-02;4.625450e-02;4.761937e-02;5.204428e-02;8.795533e-02;1.065971e-01;1.506638e-01
1.258037e-01;1.652422e-01;8.780387e-02;5.694864e-02;3.389946e-02;4.380723e-02;6.083198e-02;7.133279e-02;8.328094e-02;8.224344e-02;1.184493e-01;7.035644e-02
1.175960e-01;8.199555e-02;1.414337e-01;5.219806e-02;6.056452e-02;4.518733e-02;9.771401e-02;7.864532e-02;1.291674e-01;5.943684e-02;5.858611e-02;7.747517e-02
1.275992e-01;9.738396e-02;1.562749e-01;3.307484e-02;4.494999e-02;3.830346e-02;7.909966e-02;6.806166e-02;1.301806e-01;7.742944e-02;6.999363e-02;7.764867e-02
1.547966e-01;1.222593e-01;1.385735e-01;2.620267e-02;3.916421e-02;2.770990e-02;5.227148e-02;7.227536e-02;1.197765e-01;7.711478e-02;1.045342e-01;6.532138e-02
1.804326e-01;1.226104e-01;1.009542e-01;2.449114e-02;3.914457e-02;2.062620e-02;4.876633e-02;8.329228e-02;8.212001e-02;1.024278e-01;1.415815e-01;5.355293e-02
1.729744e-01;9.706772e-02;5.940786e-02;3.070286e-02;4.304890e-02;2.220896e-02;6.521426e-02;7.519889e-02;8.773009e-02;1.624880e-01;1.347506e-01;4.920744e-02
1.282969e-01;2.511599e-02;9.071964e-02;2.549350e-02;4.481195e-02;6.517860e-02;8.933065e-02;6.413133e-02;1.642049e-01;1.292364e-01;1.106972e-01;6.278289e-02
1.157380e-01;4.458622e-02;8.688887e-02;2.087880e-02;2.600315e-02;9.785045e-02;9.840123e-02;7.414339e-02;1.716817e-01;6.162486e-02;1.516148e-01;5.058844e-02
1.084657e-01;2.568118e-02;7.252360e-02;1.618644e-02;2.501330e-02;1.212752e-01;8.891370e-02;8.193301e-02;1.633579e-01;6.349602e-02;1.882793e-01;4.487459e-02
6.332804e-02;3.873813e-02;5.019404e-02;2.750698e-02;6.401122e-02;1.005681e-01;6.531467e-02;1.318438e-01;1.069897e-01;1.449930e-01;1.680988e-01;3.841356e-02
4.854190e-02;4.994189e-02;5.255960e-02;5.524342e-02;1.011377e-01;4.562631e-02;6.158289e-02;1.438406e-01;5.780707e-02;2.525866e-01;8.612798e-02;4.500403e-02
6.262778e-02;4.357513e-02;1.136851e-01;7.609236e-02;8.079828e-02;3.569075e-02;8.751846e-02;8.038263e-02;8.597987e-02;2.100289e-01;8.710434e-02;3.651642e-02
6.976687e-02;5.915009e-02;1.632731e-01;6.879086e-02;5.273135e-02;3.857885e-02;1.115286e-01;5.869509e-02;9.506845e-02;1.213563e-01;1.276983e-01;3.336216e-02
9.635612e-02;7.877932e-02;1.739863e-01;3.860397e-02;4.453470e-02;3.576024e-02;1.239220e-01;6.097405e-02;4.995076e-02;8.938520e-02;1.702656e-01;3.748165e-02
7.114097e-02;8.304442e-02;1.359054e-01;4.951618e-02;5.886715e-02;4.086501e-02;9.023932e-02;5.564921e-02;8.349213e-02;1.196017e-01;1.631096e-01;4.856896e-02
7.944454e-02;8.290378e-02;1.297973e-01;8.929034e-02;6.008226e-02;4.555949e-02;8.063577e-02;6.687298e-02;1.213454e-01;9.353317e-02;8.788517e-02;6.264985e-02
6.233029e-02;7.136335e-02;1.291355e-01;8.471984e-02;6.797667e-02;3.996338e-02;1.311146e-01;5.836212e-02;8.906274e-02;1.191531e-01;7.721663e-02;6.960169e-02
6.074216e-02;5.729194e-02;1.450758e-01;4.946781e-02;5.564950e-02;3.169074e-02;1.220331e-01;6.265233e-02;9.583698e-02;1.327710e-01;8.356196e-02;1.032266e-01
9.609222e-02;6.202838e-02;1.232632e-01;8.785399e-02;4.034124e-02;3.501254e-02;7.958375e-02;6.689747e-02;1.316524e-01;9.966094e-02;9.092299e-02;8.669079e-02
1.531620e-01;6.842953e-02;5.094343e-02;1.169191e-01;3.974062e-02;2.413033e-02;6.732154e-02;7.419468e-02;1.618002e-01;7.929179e-02;1.114756e-01;5.259113e-02
1.211246e-01;1.013274e-01;1.162469e-01;9.421113e-02;3.550658e-02;4.323166e-02;9.417278e-02;8.448665e-02;1.119427e-01;5.207940e-02;8.441032e-02;6.125979e-02
8.647558e-02;1.623820e-01;2.096119e-01;6.365988e-02;2.333690e-02;4.560610e-02;1.305112e-01;7.276317e-02;5.323205e-02;3.728406e-02;5.270240e-02;6.243472e-02
9.880849e-02;2.216333e-01;2.020506e-01;3.936017e-02;2.226292e-02;4.152611e-02;1.673492e-01;5.696871e-02;3.139600e-02;3.299893e-02;5.404012e-02;3.160545e-02
1.573113e-01;2.296900e-01;1.261499e-01;4.139969e-02;2.857058e-02;5.846005e-02;1.751495e-01;4.474703e-02;2.076119e-02;4.764498e-02;3.839659e-02;3.171920e-02
2.438798e-01;1.437289e-01;4.190600e-02;5.535103e-02;4.446151e-02;1.048763e-01;1.609293e-01;6.450456e-02;2.125324e-02;6.754524e-02;1.647181e-02;3.509216e-02
2.494729e-01;9.270265e-02;5.553605e-02;5.237833e-02;6.022077e-02;1.239989e-01;1.482884e-01;7.752921e-02;2.914201e-02;4.940150e-02;2.674217e-02;3.458710e-02
2.181623e-01;1.061170e-01;7.479604e-02;4.487905e-02;7.251219e-02;1.063558e-01;1.654450e-01;7.555972e-02;3.328591e-02;2.891304e-02;3.426589e-02;3.970814e-02
2.031433e-01;1.455325e-01;9.888435e-02;3.606988e-02;7.036137e-02;7.278737e-02;1.761310e-01;6.388451e-02;2.804301e-02;3.066334e-02;4.149459e-02;3.300481e-02
1.816661e-01;1.755089e-01;1.522379e-01;3.672529e-02;4.989552e-02;5.603153e-02;1.740294e-01;5.319514e-02;1.874122e-02;3.183042e-02;4.751929e-02;2.261932e-02
1.856850e-01;1.698931e-01;1.499275e-01;4.647588e-02;5.296291e-02;4.120933e-02;1.467698e-01;5.581163e-02;3.069126e-02;4.394667e-02;3.042292e-02;4.620390e-02
5.211661e-02;1.631649e-01;1.143645e-01;5.272708e-02;6.081536e-02;6.528282e-02;1.639055e-01;7.803940e-02;5.318328e-02;9.460914e-02;3.990699e-02;6.188443e-02
1.326026e-01;1.705867e-01;6.893164e-02;3.762859e-02;5.694715e-02;7.763623e-02;1.863561e-01;5.036497e-02;4.685452e-02;6.948321e-02;6.950524e-02;3.310315e-02
1.730825e-01;1.519575e-01;6.697895e-02;2.820413e-02;6.130442e-02;7.454228e-02;1.870086e-01;5.653300e-02;3.270876e-02;5.610381e-02;6.885202e-02;4.272410e-02
1.752104e-01;1.176507e-01;7.407200e-02;3.352121e-02;6.403412e-02;7.484756e-02;1.795005e-01;6.780834e-02;5.177248e-02;6.076521e-02;5.405547e-02;4.676200e-02
7.050164e-02;6.245132e-02;7.704511e-02;5.499891e-02;7.880468e-02;9.135858e-02;1.493359e-01;1.137301e-01;1.306984e-01;8.597925e-02;3.049507e-02;5.460104e-02
6.403024e-02;6.028278e-02;7.733525e-02;6.328466e-02;8.085585e-02;9.124710e-02;1.144908e-01;1.192473e-01;1.531028e-01;9.117891e-02;2.764485e-02;5.729940e-02
5.139039e-02;7.216218e-02;1.126731e-01;6.577384e-02;9.156244e-02;8.320493e-02;1.002808e-01;9.460538e-02;1.471340e-01;8.752416e-02;2.624301e-02;6.744592e-02
8.808891e-02;6.147865e-02;1.911547e-01;8.040366e-02;5.425083e-02;3.661846e-02;1.388983e-01;8.123090e-02;7.698492e-02;8.425536e-02;3.053987e-02;7.609554e-02
7.489245e-02;5.451532e-02;2.025658e-01;7.210508e-02;5.066016e-02;3.333725e-02;1.748915e-01;9.333973e-02;6.534205e-02;5.640747e-02;2.807125e-02;9.387204e-02
7.360704e-02;8.118051e-02;1.475361e-01;5.840283e-02;5.476579e-02;5.350992e-02;1.927958e-01;8.081818e-02;6.655131e-02;5.657902e-02;2.574549e-02;1.085081e-01
8.316067e-02;7.543939e-02;8.481175e-02;5.159885e-02;5.020481e-02;7.648381e-02;1.554555e-01;6.205016e-02;1.040097e-01;1.024569e-01;6.312633e-02;9.120211e-02
6.506048e-02;4.329771e-02;4.803779e-02;4.908506e-02;7.297202e-02;7.208055e-02;1.222472e-01;9.139553e-02;2.060227e-01;1.032106e-01;7.587647e-02;5.071384e-02
3.761707e-02;4.606964e-02;4.639871e-02;6.399511e-02;8.562692e-02;8.618794e-02;7.204510e-02;1.982521e-01;2.100818e-01;7.377663e-02;4.755427e-02;3.239462e-02
3.128590e-02;6.293224e-02;7.060152e-02;9.343223e-02;4.650877e-02;1.249864e-01;9.279979e-02;2.682809e-01;9.931830e-02;5.116211e-02;3.435785e-02;2.433393e-02
2.641345e-02;6.410050e-02;1.518004e-01;1.139374e-01;4.581933e-02;1.355759e-01;1.195235e-01;2.192914e-01;5.266281e-02;2.268098e-02;3.118856e-02;1.700580e-02
2.198354e-02;6.198552e-02;2.634186e-01;1.200713e-01;4.786037e-02;9.006061e-02;8.560620e-02;1.638368e-01;4.477424e-02;4.850965e-02;4.247968e-02;9.413497e-03
3.844180e-02;2.675993e-02;3.947926e-01;7.562940e-02;6.061292e-02;5.421167e-02;8.831333e-02;1.048659e-01;4.798266e-02;5.350031e-02;3.755920e-02;1.733026e-02
4.711786e-02;3.083549e-02;4.410897e-01;6.344768e-02;8.311326e-02;3.100864e-02;1.273353e-01;4.931450e-02;4.838757e-02;3.693291e-02;2.945420e-02;1.196293e-02
3.400216e-02;3.931947e-02;4.511904e-01;6.179560e-02;9.530847e-02;2.968309e-02;1.379325e-01;3.978015e-02;2.313897e-02;5.477504e-02;2.546882e-02;7.605310e-03
2.919739e-02;3.499016e-02;3.919659e-01;7.118867e-02;7.592111e-02;5.800747e-02;1.621478e-01;4.393096e-02;2.843112e-02;5.972238e-02;2.384994e-02;2.064711e-02
4.198290e-02;3.132592e-02;2.573452e-01;5.628334e-02;6.344269e-02;9.452219e-02;2.121712e-01;8.626963e-02;3.887430e-02;5.198426e-02;2.937447e-02;3.642391e-02
3.409028e-02;4.053535e-02;1.998088e-01;2.692083e-02;5.609217e-02;1.177456e-01;2.249664e-01;9.737610e-02;5.855452e-02;6.427076e-02;2.950271e-02;5.013643e-02
4.651595e-02;7.172178e-02;1.607320e-01;3.211943e-02;3.306961e-02;1.249197e-01;1.651930e-01;9.139703e-02;1.002490e-01;8.011537e-02;2.795033e-02;6.601688e-02
8.233254e-02;9.910382e-02;1.402468e-01;5.653269e-02;5.170174e-02;1.046348e-01;8.859535e-02;8.299053e-02;1.112421e-01;8.508227e-02;4.072420e-02;5.681321e-02
8.272103e-02;1.126350e-01;1.532385e-01;6.615233e-02;6.557337e-02;6.384885e-02;1.194016e-01;7.565632e-02;8.871584e-02;8.938254e-02;5.180495e-02;3.086960e-02
4.243751e-02;1.159996e-01;1.457731e-01;5.136167e-02;5.224511e-02;7.060523e-02;1.279250e-01;9.149656e-02;7.483920e-02;1.211102e-01;6.008162e-02;4.612530e-02
5.835568e-02;9.666421e-02;2.323429e-01;6.495768e-02;2.280690e-02;9.539225e-02;1.024017e-01;5.744980e-02;1.014341e-01;8.681108e-02;3.111872e-02;5.026500e-02
1.008473e-01;8.855212e-02;2.056662e-01;4.714421e-02;2.710732e-02;5.740784e-02;1.418379e-01;5.165386e-02;1.355937e-01;7.280368e-02;3.210101e-02;3.928490e-02
1.081504e-01;9.730233e-02;1.771854e-01;3.524696e-02;2.325446e-02;9.753932e-02;1.651417e-01;6.757236e-02;1.106579e-01;7.023757e-02;2.557106e-02;2.214049e-02
1.055576e-01;1.064099e-01;1.663562e-01;3.182711e-02;3.154334e-02;1.143654e-01;1.460161e-01;8.094359e-02;6.278966e-02;4.595736e-02;5.876111e-02;4.947264e-02
8.196349e-02;1.019350e-01;2.112948e-01;3.829079e-02;2.963527e-02;7.904356e-02;1.578500e-01;8.177992e-02;7.356204e-02;5.375810e-02;4.589664e-02;4.499034e-02
9.784262e-02;1.008333e-01;2.289549e-01;3.817974e-02;3.844691e-02;7.137407e-02;1.705272e-01;7.208066e-02;7.278800e-02;4.446447e-02;3.108851e-02;3.341959e-02
7.819456e-02;1.265820e-01;1.678661e-01;5.425146e-02;3.845268e-02;5.770350e-02;1.546077e-01;8.767414e-02;8.130628e-02;5.412869e-02;6.075202e-02;3.848090e-02
1.345465e-01;9.910463e-02;1.081360e-01;5.061893e-02;6.829215e-02;5.559986e-02;1.010382e-01;5.166069e-02;5.890587e-02;7.572447e-02;1.006264e-01;9.574635e-02
1.800305e-01;7.946312e-02;1.448210e-01;6.880399e-02;6.719039e-02;3.764474e-02;1.239895e-01;2.862398e-02;2.818747e-02;7.290575e-02;8.557565e-02;8.276393e-02
2.091760e-01;1.550961e-01;1.386699e-01;6.406710e-02;6.548536e-02;3.474156e-02;1.429787e-01;3.087271e-02;2.692281e-02;4.775007e-02;4.842464e-02;3.581491e-02
1.941175e-01;1.544163e-01;1.708831e-01;8.417069e-02;5.440578e-02;3.892338e-02;1.008608e-01;2.910081e-02;2.953230e-02;3.494161e-02;5.120961e-02;5.743814e-02
1.376201e-01;7.459985e-02;3.012305e-01;1.304526e-01;7.605330e-02;3.537547e-02;5.857944e-02;2.083997e-02;2.539242e-02;4.859322e-02;4.715171e-02;4.411148e-02
6.926951e-02;7.296748e-02;3.695563e-01;1.182539e-01;9.393710e-02;4.377393e-02;4.275541e-02;3.770591e-02;3.242016e-02;5.714942e-02;2.924481e-02;3.296601e-02
5.167047e-02;1.399551e-01;3.485540e-01;6.929859e-02;8.415821e-02;3.506897e-02;4.866448e-02;7.122418e-02;5.105872e-02;4.603355e-02;1.811827e-02;3.619548e-02
1.028643e-01;2.133940e-01;2.430120e-01;4.067598e-02;5.140657e-02;3.915242e-02;4.392503e-02;8.795992e-02;7.173995e-02;5.319440e-02;1.675316e-02;3.592225e-02
2.225118e-01;2.445197e-01;1.320034e-01;2.957035e-02;2.314526e-02;2.698400e-02;5.652437e-02;6.210793e-02;5.797189e-02;7.575004e-02;3.699183e-02;3.191951e-02
3.291129e-01;2.018722e-01;9.615138e-02;1.441231e-02;1.370382e-02;2.293989e-02;8.107694e-02;3.349443e-02;3.952507e-02;6.719230e-02;5.468963e-02;4.582907e-02
3.614554e-01;1.324679e-01;8.802110e-02;1.752040e-02;1.129092e-02;3.146733e-02;1.338505e-01;3.366956e-02;3.203384e-02;4.435372e-02;3.737387e-02;7.649540e-02
3.368298e-01;5.586344e-02;8.943388e-02;2.952631e-02;2.460528e-02;4.047289e-02;2.195328e-01;2.966342e-02;2.693762e-02;2.944625e-02;3.085312e-02;8.683529e-02
2.963040e-01;1.024791e-01;6.213905e-02;2.919920e-02;3.680284e-02;3.482461e-02;2.272074e-01;2.041125e-02;2.820124e-02;2.042633e-02;4.824184e-02;9.376316e-02
2.128421e-01;1.443723e-01;9.456331e-02;2.004976e-02;3.985017e-02;4.838107e-02;2.086218e-01;2.251866e-02;3.319833e-02;3.996373e-02;6.275376e-02;7.288509e-02
1.681506e-01;1.184576e-01;9.932890e-02;2.315090e-02;5.289568e-02;6.257170e-02;1.457085e-01;2.689135e-02;3.781820e-02;7.915247e-02;1.171550e-01;6.871918e-02
1.121248e-01;8.988635e-02;8.122765e-02;2.465062e-02;7.102180e-02;6.034134e-02;1.718738e-01;4.288148e-02;4.889969e-02;1.116263e-01;1.265455e-01;5.892069e-02
1.061977e-01;1.564578e-01;7.399410e-02;3.761245e-02;7.860582e-02;6.113615e-02;1.762125e-01;3.611874e-02;3.987197e-02;1.026353e-01;8.875929e-02;4.239833e-02
1.410377e-01;1.336569e-01;1.116665e-01;3.337343e-02;5.704325e-02;4.814789e-02;1.712811e-01;2.798319e-02;8.249366e-02;6.781869e-02;8.150118e-02;4.399651e-02
9.668637e-02;7.945143e-02;1.103274e-01;3.901736e-02;4.342932e-02;3.994437e-02;2.371919e-01;2.933701e-02;1.177533e-01;7.359260e-02;7.066392e-02;6.260499e-02
1.160828e-01;5.950392e-02;5.939960e-02;5.119184e-02;3.709388e-02;3.593492e-02;2.645190e-01;4.401676e-02;1.106045e-01;9.700021e-02;6.415999e-02;6.049262e-02
1.551981e-01;6.159297e-02;5.572133e-02;4.856276e-02;3.077976e-02;3.680596e-02;2.539422e-01;6.265524e-02;1.019519e-01;9.798897e-02;4.774958e-02;4.705126e-02
1.188337e-01;4.600519e-02;8.904976e-02;5.450078e-02;4.297444e-02;4.633126e-02;2.486669e-01;6.228231e-02;1.099188e-01;8.155054e-02;4.559844e-02;5.428792e-02
7.306520e-02;3.380941e-02;1.621192e-01;6.285208e-02;5.832260e-02;6.113328e-02;1.890468e-01;7.968401e-02;1.057376e-01;7.143306e-02;5.155749e-02;5.123933e-02
1.248545e-01;6.276616e-02;2.008065e-01;6.303935e-02;5.231499e-02;6.347008e-02;7.223881e-02;8.143058e-02;1.016724e-01;6.614909e-02;4.783734e-02;6.342027e-02
1.878182e-01;7.172389e-02;1.249113e-01;4.964410e-02;2.994423e-02;3.376087e-02;2.047134e-01;5.591112e-02;1.066504e-01;4.310505e-02;3.716804e-02;5.464937e-02
1.360826e-01;1.189906e-01;8.479003e-02;4.864809e-02;5.059549e-02;4.474014e-02;2.489686e-01;4.921088e-02;8.926897e-02;3.402749e-02;4.714007e-02;4.753711e-02
1.205618e-01;1.437548e-01;1.246845e-01;8.302594e-02;6.926976e-02;4.950522e-02;1.457727e-01;3.365429e-02;5.408624e-02;4.158073e-02;6.552496e-02;6.857920e-02
1.251442e-01;1.406232e-01;1.619243e-01;8.638903e-02;7.458798e-02;5.211882e-02;1.001395e-01;3.615816e-02;3.944850e-02;5.068473e-02;6.003688e-02;7.274467e-02
1.526299e-01;1.314576e-01;1.874775e-01;6.983593e-02;7.058055e-02;4.975368e-02;9.830236e-02;4.150807e-02;3.362335e-02;5.134921e-02;5.325622e-02;6.022569e-02
1.489508e-01;1.349932e-01;1.912329e-01;3.682722e-02;6.764115e-02;4.787320e-02;1.040020e-01;4.664081e-02;5.550769e-02;6.604832e-02;6.121341e-02;3.906930e-02
8.797360e-02;1.325941e-01;2.079268e-01;3.541052e-02;6.198313e-02;4.105462e-02;9.525990e-02;5.960774e-02;7.920275e-02;6.393733e-02;7.057685e-02;6.447266e-02
1.468312e-01;1.079089e-01;1.752020e-01;3.932831e-02;4.822716e-02;4.120129e-02;1.066868e-01;7.594360e-02;6.950324e-02;6.156689e-02;6.069820e-02;6.690250e-02
1.266532e-01;9.540056e-02;1.312617e-01;5.835575e-02;4.795462e-02;5.394083e-02;1.844573e-01;7.160185e-02;4.890270e-02;9.113808e-02;3.874400e-02;5.158933e-02
7.759402e-02;8.679796e-02;8.929818e-02;7.777042e-02;4.759748e-02;5.401442e-02;2.426270e-01;5.292954e-02;3.185193e-02;1.079978e-01;4.712507e-02;8.439613e-02
6.702852e-02;7.941557e-02;1.032396e-01;5.877887e-02;5.495882e-02;4.241042e-02;2.479978e-01;3.974523e-02;5.804842e-02;8.198005e-02;6.928947e-02;9.710718e-02
6.974523e-02;5.346815e-02;1.225241e-01;3.866692e-02;6.674454e-02;6.559385e-02;2.352477e-01;4.082505e-02;6.393667e-02;6.078862e-02;9.942415e-02;8.303499e-02
1.012992e-01;7.142748e-02;1.332585e-01;4.414417e-02;6.740251e-02;6.297905e-02;1.989850e-01;4.559548e-02;3.658521e-02;7.079490e-02;1.057746e-01;6.175399e-02
1.051032e-01;1.003351e-01;1.569613e-01;5.622263e-02;7.002363e-02;5.511964e-02;1.415889e-01;4.095070e-02;3.041522e-02;8.681169e-02;7.319814e-02;8.326977e-02
1.240286e-01;1.142327e-01;1.556116e-01;6.401902e-02;7.044956e-02;5.605298e-02;1.120147e-01;3.608266e-02;4.649825e-02;7.541248e-02;6.388447e-02;8.171304e-02
9.456200e-02;1.483779e-01;1.568008e-01;5.455724e-02;9.631556e-02;4.750529e-02;1.165626e-01;6.579271e-02;4.140134e-02;5.664406e-02;6.290573e-02;5.857468e-02
4.726440e-02;1.030823e-01;2.603412e-01;4.280331e-02;8.328684e-02;5.046550e-02;1.207786e-01;5.898353e-02;4.862013e-02;5.406478e-02;7.771472e-02;5.259469e-02
5.433116e-02;5.830572e-02;3.173091e-01;7.135974e-02;6.937043e-02;3.970617e-02;1.148732e-01;3.776666e-02;7.598476e-02;2.954031e-02;7.684247e-02;5.461030e-02
3.182450e-02;3.302525e-02;2.663683e-01;1.297224e-01;7.173484e-02;4.429124e-02;1.448587e-01;3.005776e-02;6.449129e-02;4.116037e-02;6.304617e-02;7.941923e-02
7.532308e-02;3.938872e-02;1.894561e-01;1.494394e-01;5.510707e-02;5.408117e-02;1.804567e-01;2.848518e-02;3.728718e-02;5.749919e-02;4.837421e-02;8.510204e-02
9.894249e-02;4.511434e-02;1.610759e-01;1.256407e-01;5.290958e-02;4.639876e-02;2.074387e-01;3.159962e-02;4.604976e-02;6.671914e-02;4.551068e-02;7.260026e-02
8.344261e-02;4.758519e-02;1.950697e-01;8.198949e-02;8.834280e-02;4.720914e-02;1.844381e-01;3.721450e-02;6.485187e-02;6.355305e-02;5.105068e-02;5.525283e-02
8.473752e-02;6.754959e-02;2.187626e-01;5.113577e-02;8.692832e-02;6.649350e-02;1.377579e-01;3.351744e-02;6.648497e-02;7.569580e-02;5.707396e-02;5.386262e-02
9.910153e-02;7.180869e-02;1.781714e-01;7.243291e-02;5.043555e-02;5.548346e-02;1.326745e-01;3.612703e-02;5.813736e-02;1.001071e-01;6.912203e-02;7.639846e-02
1.175872e-01;3.769882e-02;1.192891e-01;1.167410e-01;2.774934e-02;4.082226e-02;1.639250e-01;3.976760e-02;7.038394e-02;9.081821e-02;7.838540e-02;9.683215e-02
8.425651e-02;4.037519e-02;1.054907e-01;1.083047e-01;3.317812e-02;4.948530e-02;1.755889e-01;7.675248e-02;6.570127e-02;9.482601e-02;8.601245e-02;8.002835e-02
6.423160e-02;4.069501e-02;1.195373e-01;8.355849e-02;4.423120e-02;6.514133e-02;1.707451e-01;8.859953e-02;8.119281e-02;7.440508e-02;9.564810e-02;7.201446e-02
1.103630e-01;6.431776e-02;1.404745e-01;6.602789e-02;5.315508e-02;5.726719e-02;1.581959e-01;8.136538e-02;5.974240e-02;5.599261e-02;8.369612e-02;6.940215e-02
9.214891e-02;5.907080e-02;1.398696e-01;5.689811e-02;7.448605e-02;5.898654e-02;1.621914e-01;7.366799e-02;5.537137e-02;6.170931e-02;9.278282e-02;7.281710e-02
1.156113e-01;5.168367e-02;1.033118e-01;6.866907e-02;8.296109e-02;6.888891e-02;1.419778e-01;6.670341e-02;7.975551e-02;6.871267e-02;7.573651e-02;7.598826e-02
1.539112e-01;4.235366e-02;8.486277e-02;6.957579e-02;8.771343e-02;6.690142e-02;1.090554e-01;7.071016e-02;9.250741e-02;4.987271e-02;3.346604e-02;1.390700e-01
1.655160e-01;5.724164e-02;7.163769e-02;8.012772e-02;7.213952e-02;5.659547e-02;8.945702e-02;5.618743e-02;1.005099e-01;5.899186e-02;3.209542e-02;1.595004e-01
1.515641e-01;9.303661e-02;9.299625e-02;7.946427e-02;6.424384e-02;4.471565e-02;9.051465e-02;4.410219e-02;1.095250e-01;6.110561e-02;6.057748e-02;1.081544e-01
1.430716e-01;9.361046e-02;1.860251e-01;4.507645e-02;5.038166e-02;6.384812e-02;9.152107e-02;5.812555e-02;6.129856e-02;4.877133e-02;2.241859e-02;1.358515e-01
1.838593e-01;1.638856e-01;1.878609e-01;3.599700e-02;2.740703e-02;4.973013e-02;7.620215e-02;4.096302e-02;6.520164e-02;3.940259e-02;2.640295e-02;1.030875e-01
2.320941e-01;2.484769e-01;1.700701e-01;2.882903e-02;1.755688e-02;3.560822e-02;5.500848e-02;2.530943e-02;6.058556e-02;2.757969e-02;2.684799e-02;7.203362e-02
2.745595e-01;3.641796e-01;1.354663e-01;2.170066e-02;9.922002e-03;2.174516e-02;5.091294e-02;1.286125e-02;3.965510e-02;2.174786e-02;1.750652e-02;2.974320e-02
3.189968e-01;4.193775e-01;9.695162e-02;9.169520e-03;1.403655e-02;9.095978e-03;4.863040e-02;1.338266e-02;1.604054e-02;1.547075e-02;2.804916e-02;1.079855e-02
3.597670e-01;3.876314e-01;7.992809e-02;9.671780e-03;1.724989e-02;6.412829e-03;4.187379e-02;1.641488e-02;2.402643e-02;1.195159e-02;3.560373e-02;9.468644e-03
3.957174e-01;3.403877e-01;7.446508e-02;6.189513e-03;2.746377e-02;6.686246e-03;3.315860e-02;2.432497e-02;2.668090e-02;9.882684e-03;4.376699e-02;1.127613e-02
4.275607e-01;2.520697e-01;7.867943e-02;7.897431e-03;5.293456e-02;5.556140e-03;2.446363e-02;5.432946e-02;2.653695e-02;8.536827e-03;4.192827e-02;1.950693e-02
4.180708e-01;1.428620e-01;1.250842e-01;1.568073e-02;5.852780e-02;1.636138e-02;2.215320e-02;7.790535e-02;3.854799e-02;1.886678e-02;2.620507e-02;3.973474e-02
3.753537e-01;4.881994e-02;1.170142e-01;4.236639e-02;4.460188e-02;3.270309e-02;4.733823e-02;7.205351e-02;6.776214e-02;4.214313e-02;2.491940e-02;8.492443e-02
2.943151e-01;1.213444e-01;6.908171e-02;4.890252e-02;4.462972e-02;4.423696e-02;5.746462e-02;6.423483e-02;7.039271e-02;4.888972e-02;4.567446e-02;9.083328e-02
1.660386e-01;1.354360e-01;1.009203e-01;1.149777e-01;5.245651e-02;6.026031e-02;5.386460e-02;8.603327e-02;6.700099e-02;6.816429e-02;5.271192e-02;4.213556e-02
8.941843e-02;1.026741e-01;1.656455e-01;1.377415e-01;5.330321e-02;5.028356e-02;9.064107e-02;8.708448e-02;9.197016e-02;7.300888e-02;2.239141e-02;3.583774e-02
3.614887e-02;7.673530e-02;2.328370e-01;1.014992e-01;6.823558e-02;5.624420e-02;1.173453e-01;7.407780e-02;9.555320e-02;6.124846e-02;2.832389e-02;5.175119e-02
7.381795e-02;6.623507e-02;2.089080e-01;1.411554e-01;1.000220e-01;6.785925e-02;9.293549e-02;5.232908e-02;6.323642e-02;5.186239e-02;3.138037e-02;5.025867e-02
5.148362e-02;5.805446e-02;2.139851e-01;1.500819e-01;8.780728e-02;6.799265e-02;9.057326e-02;6.058672e-02;5.518775e-02;7.420909e-02;4.405269e-02;4.598549e-02
3.253344e-02;6.355743e-02;2.261228e-01;8.557574e-02;7.574581e-02;5.175372e-02;1.230726e-01;6.221414e-02;8.388643e-02;8.494418e-02;5.698546e-02;5.360832e-02
7.845570e-02;6.511028e-02;1.882932e-01;1.050418e-01;9.092906e-02;4.522310e-02;1.317614e-01;5.412756e-02;1.032237e-01;5.594964e-02;4.055247e-02;4.133201e-02
1.120443e-01;4.873922e-02;1.773294e-01;9.200924e-02;9.997050e-02;5.357457e-02;1.036116e-01;6.380266e-02;9.427464e-02;5.748169e-02;5.293970e-02;4.422254e-02
1.036043e-01;9.320419e-02;1.758037e-01;8.641680e-02;9.756140e-02;3.894110e-02;9.748988e-02;6.374497e-02;7.224447e-02;5.870299e-02;5.711410e-02;5.517214e-02
6.702026e-02;1.050448e-01;2.086712e-01;8.579295e-02;7.895011e-02;3.250710e-02;1.143967e-01;4.601709e-02;8.518972e-02;6.904784e-02;5.704170e-02;5.032060e-02
1.074800e-01;7.669746e-02;2.420994e-01;1.095847e-01;7.181348e-02;3.755711e-02;7.257426e-02;5.137190e-02;8.317500e-02;6.591050e-02;3.815417e-02;4.358210e-02
1.911694e-01;8.341130e-02;2.007670e-01;7.933901e-02;6.418349e-02;4.667370e-02;6.720198e-02;4.890434e-02;5.140998e-02;7.219360e-02;3.984195e-02;5.490425e-02
1.954132e-01;1.096223e-01;1.951741e-01;6.326140e-02;5.032650e-02;5.730262e-02;6.194083e-02;4.250913e-02;4.034902e-02;9.686931e-02;5.100318e-02;3.622845e-02
