8.335136e-02;6.677239e-02;1.264536e-01;1.055158e-01;8.559599e-02;1.150829e-01;1.400649e-01;6.132238e-02;6.743947e-02;7.458787e-02;3.355507e-02;4.025824e-02
8.280658e-02;2.635795e-02;2.392280e-01;1.352271e-01;9.945621e-02;8.833849e-02;1.204275e-01;3.268722e-02;3.074767e-02;6.904904e-02;4.057101e-02;3.510315e-02
9.609214e-02;4.841053e-02;3.215869e-01;1.276895e-01;8.347964e-02;6.997190e-02;7.979210e-02;1.671304e-02;4.992684e-02;5.075387e-02;2.461543e-02;3.096814e-02
7.303754e-02;4.718669e-02;3.424013e-01;1.229298e-01;5.877399e-02;6.130639e-02;7.239438e-02;3.132310e-02;6.323614e-02;6.218750e-02;3.299479e-02;3.222834e-02
5.336358e-02;3.866670e-02;2.934293e-01;1.172951e-01;7.188761e-02;7.270258e-02;8.725781e-02;4.061655e-02;6.592468e-02;6.661548e-02;5.595974e-02;3.628092e-02
9.879974e-02;7.788472e-02;1.904623e-01;9.160918e-02;1.008193e-01;6.196396e-02;8.129694e-02;8.234544e-02;7.010735e-02;6.567173e-02;3.438408e-02;4.465524e-02
1.080649e-01;9.482109e-02;9.461464e-02;8.323929e-02;1.165361e-01;6.271692e-02;5.515056e-02;1.148757e-01;1.007564e-01;8.992296e-02;1.947382e-02;5.982770e-02
9.553485e-02;9.986462e-02;9.196747e-02;7.760784e-02;1.250443e-01;6.937563e-02;5.173248e-02;1.167160e-01;1.109388e-01;7.874166e-02;2.533374e-02;5.714249e-02
7.822712e-02;1.126949e-01;1.420175e-01;7.204781e-02;1.089373e-01;7.198175e-02;5.870529e-02;1.019919e-01;1.063038e-01;7.174768e-02;2.887185e-02;4.647307e-02
9.329513e-02;1.060217e-01;1.645930e-01;1.027024e-01;6.760504e-02;6.301530e-02;8.406668e-02;6.291176e-02;7.024623e-02;8.742943e-02;4.015447e-02;5.795885e-02
9.254307e-02;1.136399e-01;1.773724e-01;1.061217e-01;6.585064e-02;6.174648e-02;8.177257e-02;4.731419e-02;6.511485e-02;8.879440e-02;3.296941e-02;6.676037e-02
5.469510e-02;9.629821e-02;1.991064e-01;9.978393e-02;7.715864e-02;4.915844e-02;9.648698e-02;7.391107e-02;8.610494e-02;8.927231e-02;2.377094e-02;5.425306e-02
6.004005e-02;3.609731e-02;1.524685e-01;8.222882e-02;5.505321e-02;5.112266e-02;8.291537e-02;1.322287e-01;1.576352e-01;1.399217e-01;2.839052e-02;2.189794e-02
5.515051e-02;2.253745e-02;1.651371e-01;9.210567e-02;6.651866e-02;4.253013e-02;7.342662e-02;1.280719e-01;1.538452e-01;1.532735e-01;2.024577e-02;2.715749e-02
4.243770e-02;2.553473e-02;2.306641e-01;1.171957e-01;7.296711e-02;3.132684e-02;8.261094e-02;9.431054e-02;1.230233e-01;1.126273e-01;2.851706e-02;3.878476e-02
4.270029e-02;1.960689e-02;2.205210e-01;7.446607e-02;7.603462e-02;3.769413e-02;9.244035e-02;6.875864e-02;1.102891e-01;1.126679e-01;6.087955e-02;8.394144e-02
6.843930e-02;4.203126e-02;1.757305e-01;7.444455e-02;6.473824e-02;5.376678e-02;6.939089e-02;8.019078e-02;6.209377e-02;8.509625e-02;1.091235e-01;1.149542e-01
7.978968e-02;5.938528e-02;1.201907e-01;7.126474e-02;6.430901e-02;7.684618e-02;8.276097e-02;8.562667e-02;9.498047e-02;6.153776e-02;1.148168e-01;8.849170e-02
7.652076e-02;7.896653e-02;8.075546e-02;7.354690e-02;5.004811e-02;6.826050e-02;8.393116e-02;7.759638e-02;5.609796e-02;1.274093e-01;1.085212e-01;1.183457e-01
6.816472e-02;7.757621e-02;7.705368e-02;7.362012e-02;4.744362e-02;4.997716e-02;7.778921e-02;6.349140e-02;7.265665e-02;1.190724e-01;1.461833e-01;1.269716e-01
8.643266e-02;8.079382e-02;8.031674e-02;8.881200e-02;4.865012e-02;4.721915e-02;6.097646e-02;6.694709e-02;6.883835e-02;7.904291e-02;1.961544e-01;9.581633e-02
8.011072e-02;7.068994e-02;9.532125e-02;1.298919e-01;4.453602e-02;4.375011e-02;4.584782e-02;5.947827e-02;5.107150e-02;7.091041e-02;2.585819e-01;4.981010e-02
4.379119e-02;7.614337e-02;1.213509e-01;1.602345e-01;4.882114e-02;4.072211e-02;3.764055e-02;3.634750e-02;3.460512e-02;6.662696e-02;2.850218e-01;4.869486e-02
3.121067e-02;1.084668e-01;1.703543e-01;1.585680e-01;5.745384e-02;3.719865e-02;4.799388e-02;1.687301e-02;3.234660e-02;3.659055e-02;1.932494e-01;1.096943e-01
5.788725e-02;9.897343e-02;1.862856e-01;1.379149e-01;5.257740e-02;4.341431e-02;5.313819e-02;3.550860e-02;3.111681e-02;4.429467e-02;1.287438e-01;1.301450e-01
4.516144e-02;6.514655e-02;1.386700e-01;1.098150e-01;4.804870e-02;3.365532e-02;4.476406e-02;4.036104e-02;2.036038e-02;4.606576e-02;3.034813e-01;1.044706e-01
4.280273e-02;5.247512e-02;1.110878e-01;7.589193e-02;3.662391e-02;2.093786e-02;4.900271e-02;2.849075e-02;2.820702e-02;5.057552e-02;4.178955e-01;8.600913e-02
4.190687e-02;7.701668e-02;1.204905e-01;8.862066e-02;3.497493e-02;2.920191e-02;4.390829e-02;2.244911e-02;3.711401e-02;6.145346e-02;4.168876e-01;2.597594e-02
4.287791e-02;8.216090e-02;1.335231e-01;9.423862e-02;3.524792e-02;4.095060e-02;2.628768e-02;2.371105e-02;4.580977e-02;6.361145e-02;3.452233e-01;6.635774e-02
5.535389e-02;7.449133e-02;1.987131e-01;1.073538e-01;2.459508e-02;4.208331e-02;4.396422e-02;2.254770e-02;5.704702e-02;9.776346e-02;2.057689e-01;7.031827e-02
6.486835e-02;6.555803e-02;1.825842e-01;1.452426e-01;4.555015e-02;4.193042e-02;6.049026e-02;3.048271e-02;7.315010e-02;1.056501e-01;1.242799e-01;6.021326e-02
9.669965e-02;9.689386e-02;8.602632e-02;8.927660e-02;6.620905e-02;6.781071e-02;4.680536e-02;7.857094e-02;1.120105e-01;7.477792e-02;9.492248e-02;8.999661e-02
1.036643e-01;1.173873e-01;6.784175e-02;9.983408e-02;4.974373e-02;6.703249e-02;5.309009e-02;1.013048e-01;1.207284e-01;4.947744e-02;7.992405e-02;8.997153e-02
9.421103e-02;1.104265e-01;9.929048e-02;9.527874e-02;4.405393e-02;5.915819e-02;1.199966e-01;9.234057e-02;1.067171e-01;3.606569e-02;6.118601e-02;8.127519e-02
5.751003e-02;7.025623e-02;1.131221e-01;4.618202e-02;4.676148e-02;5.262033e-02;2.476639e-01;1.500528e-01;8.055738e-02;4.067617e-02;4.613469e-02;4.846288e-02
2.924754e-02;6.682102e-02;8.973742e-02;2.385035e-02;6.500836e-02;3.552176e-02;3.153597e-01;2.124253e-01;4.454232e-02;2.799539e-02;7.406056e-02;1.543029e-02
2.455004e-02;8.385563e-02;7.955144e-02;2.820931e-02;7.490911e-02;1.684427e-02;3.148116e-01;2.313642e-01;2.789043e-02;1.594055e-02;9.030992e-02;1.176353e-02
3.451907e-02;7.208499e-02;1.214784e-01;2.452800e-02;5.356433e-02;1.888575e-02;2.700299e-01;2.568332e-01;3.941957e-02;2.402418e-02;6.363137e-02;2.100133e-02
2.406083e-02;3.165272e-02;2.072283e-01;1.761191e-02;2.430446e-02;1.651297e-02;2.029052e-01;3.407776e-01;4.616381e-02;2.883996e-02;3.561934e-02;2.432290e-02
1.584780e-02;2.543900e-02;2.391044e-01;9.613589e-03;1.103801e-02;1.458805e-02;1.756533e-01;3.818084e-01;2.550138e-02;2.776640e-02;2.086426e-02;5.277541e-02
1.619693e-02;2.231130e-02;1.996532e-01;8.112323e-03;7.440158e-03;1.541831e-02;2.223808e-01;3.659500e-01;2.250127e-02;3.308948e-02;2.169159e-02;6.525456e-02
2.578130e-02;3.410150e-02;1.446909e-01;9.062734e-03;1.288797e-02;2.721212e-02;2.829897e-01;3.363554e-01;2.691981e-02;2.821048e-02;3.436136e-02;3.742678e-02
3.436618e-02;4.219644e-02;1.185580e-01;1.264973e-02;2.456003e-02;5.353281e-02;2.829350e-01;3.004781e-01;4.848841e-02;2.516632e-02;3.394102e-02;2.312786e-02
3.797397e-02;5.051287e-02;1.207934e-01;1.446486e-02;5.011115e-02;7.264711e-02;2.665528e-01;2.843072e-01;2.779040e-02;2.081732e-02;2.566797e-02;2.836087e-02
2.586465e-02;3.729291e-02;1.380100e-01;1.939013e-02;6.788366e-02;5.151278e-02;2.565833e-01;2.924982e-01;1.890626e-02;2.266697e-02;2.247748e-02;4.691366e-02
2.356405e-02;2.498833e-02;1.379559e-01;1.775143e-02;7.364628e-02;4.575493e-02;2.841009e-01;2.905112e-01;1.978469e-02;2.322383e-02;1.792579e-02;4.079266e-02
3.802604e-02;2.506374e-02;1.191111e-01;2.728368e-02;9.746844e-02;7.763411e-02;2.828585e-01;2.284827e-01;2.666376e-02;2.015669e-02;2.594918e-02;3.130219e-02
5.637293e-02;3.695692e-02;5.817118e-02;3.209195e-02;1.385013e-01;1.153610e-01;2.831606e-01;1.124636e-01;6.880210e-02;4.232460e-02;2.735609e-02;2.843772e-02
8.577779e-02;3.317872e-02;5.489327e-02;4.305429e-02;1.117710e-01;1.298555e-01;3.171955e-01;4.915126e-02;6.337980e-02;5.649842e-02;3.139547e-02;2.384899e-02
9.556753e-02;2.470086e-02;4.258357e-02;3.336504e-02;1.260178e-01;1.435491e-01;3.432077e-01;3.755443e-02;4.197094e-02;4.035223e-02;2.725971e-02;4.387108e-02
6.593638e-02;4.095472e-02;9.116852e-02;5.056622e-02;1.522498e-01;1.315557e-01;2.232926e-01;3.212263e-02;6.019306e-02;3.319658e-02;4.860336e-02;7.016040e-02
6.037310e-02;6.869208e-02;1.921089e-01;8.123619e-02;1.283066e-01;7.757746e-02;7.839790e-02;2.173045e-02;5.302635e-02;5.975141e-02;8.699521e-02;9.180437e-02
9.117035e-02;8.459123e-02;2.493038e-01;5.947550e-02;6.988521e-02;4.068188e-02;3.730238e-02;2.753721e-02;6.828478e-02;8.299075e-02;8.683005e-02;1.019469e-01
1.141459e-01;9.139408e-02;2.007477e-01;3.258463e-02;5.101870e-02;3.274724e-02;3.884076e-02;7.097599e-02;1.087793e-01;6.427939e-02;7.884131e-02;1.156451e-01
1.359793e-01;7.832312e-02;1.612710e-01;3.662556e-02;4.780899e-02;3.132927e-02;5.248247e-02;1.090781e-01;8.985099e-02;7.842012e-02;8.701295e-02;9.181812e-02
1.247246e-01;8.749289e-02;1.597804e-01;3.306999e-02;4.656921e-02;4.052948e-02;5.970622e-02;1.199565e-01;6.538713e-02;1.101444e-01;8.650488e-02;6.613432e-02
9.547954e-02;9.601066e-02;1.467368e-01;3.660727e-02;6.187592e-02;4.310749e-02;7.137998e-02;9.646227e-02;1.038480e-01;8.074971e-02;9.019951e-02;7.754290e-02
9.964593e-02;8.179192e-02;1.846735e-01;5.959814e-02;6.615975e-02;4.293467e-02;4.397096e-02;8.786656e-02;9.934320e-02;5.348556e-02;1.012418e-01;7.928797e-02
4.327777e-02;4.328898e-02;2.390449e-01;7.098181e-02;7.193594e-02;4.788017e-02;5.300782e-02;1.183947e-01;6.151232e-02;5.201896e-02;9.988230e-02;9.877434e-02
8.004653e-02;4.356130e-02;1.652785e-01;6.980760e-02;9.280728e-02;6.779618e-02;8.867572e-02;9.367133e-02;8.697046e-02;6.987738e-02;5.167742e-02;8.983035e-02
1.076481e-01;5.838337e-02;1.314006e-01;5.790332e-02;1.093935e-01;9.108692e-02;8.478937e-02;5.633404e-02;1.149634e-01;6.805228e-02;5.220428e-02;6.784086e-02
8.351900e-02;5.530048e-02;1.936850e-01;4.146554e-02;9.570412e-02;9.535991e-02;9.143027e-02;5.795708e-02;9.597252e-02;9.257852e-02;3.843087e-02;5.859673e-02
1.070735e-01;1.319641e-01;1.444654e-01;5.519103e-02;4.553139e-02;5.241658e-02;1.360100e-01;5.625718e-02;8.329361e-02;7.674004e-02;6.963282e-02;4.142428e-02
1.057677e-01;1.311650e-01;1.755033e-01;4.314029e-02;7.293981e-02;5.937757e-02;1.602589e-01;4.326358e-02;6.368672e-02;4.633696e-02;5.692471e-02;4.163543e-02
1.079102e-01;1.193054e-01;1.907610e-01;5.355005e-02;8.874487e-02;4.791280e-02;1.225472e-01;5.525683e-02;4.725083e-02;7.170425e-02;4.928535e-02;4.577127e-02
9.506960e-02;9.599977e-02;1.615936e-01;8.348496e-02;8.795039e-02;4.763086e-02;8.455593e-02;7.304425e-02;6.371408e-02;8.949602e-02;5.994244e-02;5.751809e-02
9.385115e-02;7.505158e-02;1.536940e-01;8.684340e-02;7.328587e-02;7.846601e-02;9.960125e-02;7.535456e-02;6.275005e-02;8.184942e-02;6.273858e-02;5.651419e-02
1.043174e-01;9.379816e-02;1.141495e-01;9.304566e-02;6.359878e-02;8.114437e-02;9.516567e-02;7.281340e-02;7.456943e-02;7.007787e-02;6.638804e-02;7.093171e-02
7.510097e-02;7.466827e-02;7.946941e-02;9.216651e-02;6.199631e-02;6.114276e-02;1.052824e-01;7.861563e-02;1.090188e-01;8.688030e-02;6.554987e-02;1.101088e-01
9.781783e-02;6.424532e-02;8.237796e-02;6.808947e-02;5.655485e-02;5.421665e-02;1.190565e-01;8.413491e-02;1.282136e-01;8.491985e-02;5.816637e-02;1.022068e-01
1.455357e-01;1.231280e-01;1.611863e-01;4.681642e-02;6.222972e-02;4.798964e-02;8.802506e-02;6.752443e-02;8.186048e-02;6.335103e-02;5.695410e-02;5.539909e-02
2.137304e-01;1.334388e-01;1.604585e-01;5.587120e-02;5.522496e-02;2.997560e-02;9.555016e-02;8.645377e-02;5.145213e-02;3.861726e-02;3.617840e-02;4.304880e-02
3.077082e-01;1.334548e-01;1.056189e-01;4.625757e-02;5.408454e-02;1.722144e-02;8.268811e-02;1.437371e-01;1.915213e-02;2.461412e-02;2.509275e-02;4.037036e-02
3.875451e-01;1.452174e-01;5.412297e-02;2.246220e-02;6.140770e-02;8.599042e-03;4.209362e-02;2.054706e-01;2.119396e-02;9.491058e-03;1.116531e-02;3.123105e-02
4.025958e-01;1.383988e-01;3.364033e-02;5.763629e-03;8.299683e-02;4.397579e-03;9.712406e-03;2.576413e-01;2.821411e-02;4.227971e-03;1.010880e-02;2.230253e-02
3.422902e-01;1.084110e-01;3.422710e-02;3.287295e-03;1.198666e-01;5.502804e-03;1.640648e-02;2.859001e-01;4.597359e-02;3.151360e-03;1.699475e-02;1.798877e-02
2.861129e-01;8.852237e-02;3.267148e-02;3.702996e-03;1.540476e-01;1.206367e-02;2.533184e-02;2.777990e-01;7.779969e-02;3.268667e-03;2.385878e-02;1.482101e-02
2.426498e-01;9.166156e-02;3.818076e-02;4.300251e-03;1.399902e-01;4.649493e-02;2.744077e-02;2.167048e-01;1.446364e-01;6.490811e-03;2.861278e-02;1.283703e-02
1.939522e-01;1.013177e-01;3.703070e-02;1.093687e-02;8.223686e-02;1.260112e-01;3.579628e-02;1.319597e-01;2.341757e-01;1.253561e-02;2.555013e-02;8.497146e-03
1.516705e-01;1.007708e-01;3.459036e-02;1.447209e-02;4.682283e-02;1.634942e-01;4.356510e-02;7.833397e-02;3.229169e-01;1.929207e-02;1.804245e-02;6.028675e-03
1.388088e-01;1.117041e-01;3.948637e-02;9.959669e-03;5.931520e-02;9.913079e-02;3.665695e-02;1.188003e-01;3.374860e-01;1.895419e-02;2.265749e-02;7.040206e-03
1.630427e-01;9.368949e-02;3.945716e-02;7.274506e-03;9.401777e-02;3.195507e-02;2.684346e-02;2.177217e-01;2.650835e-01;1.942325e-02;3.549327e-02;5.998240e-03
1.864014e-01;5.660239e-02;3.776837e-02;6.812421e-03;1.161397e-01;7.728433e-03;4.163074e-02;3.287600e-01;1.428699e-01;1.221190e-02;5.460478e-02;8.470091e-03
1.865437e-01;3.105780e-02;4.290924e-02;7.589334e-03;7.784939e-02;7.861477e-03;9.257998e-02;3.854360e-01;6.278059e-02;1.861872e-02;7.000786e-02;1.676595e-02
1.661956e-01;1.571518e-02;4.779873e-02;1.956094e-02;2.984058e-02;2.265240e-02;1.625876e-01;3.486114e-01;4.408078e-02;4.439955e-02;6.943965e-02;2.911759e-02
1.572310e-01;1.286157e-02;3.872434e-02;4.122739e-02;2.306364e-02;4.690244e-02;2.006419e-01;2.236580e-01;5.497053e-02;8.483069e-02;5.051693e-02;6.537153e-02
1.923761e-01;2.703679e-02;2.694045e-02;6.625827e-02;2.483294e-02;5.651071e-02;1.668500e-01;1.306979e-01;6.403484e-02;1.016754e-01;3.760938e-02;1.051771e-01
1.564481e-01;3.035376e-02;3.334917e-02;9.715061e-02;2.621993e-02;5.977346e-02;1.566565e-01;1.378687e-01;4.742575e-02;8.349336e-02;4.488774e-02;1.263729e-01
1.364335e-01;4.858660e-02;5.903728e-02;1.143212e-01;2.782551e-02;5.332800e-02;1.449299e-01;1.452916e-01;3.615803e-02;7.070486e-02;5.367421e-02;1.097092e-01
1.549487e-01;5.618361e-02;7.621156e-02;9.325908e-02;3.627175e-02;4.091516e-02;1.662629e-01;1.272450e-01;4.619421e-02;6.365490e-02;6.613381e-02;7.271942e-02
1.598909e-01;4.082298e-02;7.235637e-02;4.615815e-02;5.516549e-02;3.130906e-02;2.393332e-01;1.336189e-01;5.999978e-02;5.171251e-02;5.494127e-02;5.469134e-02
2.405370e-01;4.274878e-02;4.406695e-02;3.944987e-02;3.133057e-02;2.361160e-02;2.281176e-01;1.351176e-01;7.183070e-02;2.851756e-02;3.038256e-02;8.428925e-02
2.157701e-01;4.841109e-02;1.765073e-02;2.965585e-02;6.729130e-02;3.438964e-02;1.911080e-01;1.444421e-01;8.250737e-02;3.130614e-02;3.916296e-02;9.830473e-02
1.794767e-01;5.467111e-02;3.991341e-02;2.408642e-02;7.979897e-02;4.801442e-02;1.848752e-01;7.255206e-02;1.184571e-01;4.096009e-02;5.353640e-02;1.036582e-01
9.520265e-02;5.220287e-02;6.134453e-02;3.452539e-02;5.609255e-02;5.122800e-02;1.646039e-01;1.495826e-01;1.272032e-01;5.479764e-02;5.439617e-02;9.882044e-02
1.169665e-01;4.109425e-02;8.639435e-02;3.736434e-02;3.725316e-02;3.104843e-02;1.394273e-01;1.619049e-01;1.236495e-01;7.502305e-02;5.441168e-02;9.546254e-02
1.304542e-01;4.919654e-02;9.650487e-02;4.062685e-02;5.957730e-02;3.866700e-02;1.503876e-01;1.336212e-01;9.534308e-02;7.989836e-02;6.958647e-02;5.613655e-02
1.098254e-01;9.363918e-02;8.120640e-02;5.870639e-02;8.534893e-02;3.089666e-02;1.522083e-01;1.298990e-01;8.442347e-02;7.411201e-02;6.431988e-02;3.541436e-02
9.561472e-02;1.015811e-01;6.516889e-02;5.492534e-02;8.551896e-02;3.573040e-02;1.185046e-01;1.345514e-01;1.247873e-01;8.474649e-02;3.996330e-02;5.890751e-02
4.828184e-02;7.669724e-02;5.030602e-02;4.268773e-02;5.813674e-02;5.129193e-02;1.153850e-01;1.598706e-01;1.497300e-01;1.624395e-01;3.269709e-02;5.247641e-02
5.631107e-02;8.588280e-02;7.281381e-02;4.376156e-02;6.664399e-02;4.276993e-02;1.009464e-01;1.092004e-01;1.527442e-01;1.934687e-01;3.566808e-02;3.978909e-02
6.698136e-02;9.308855e-02;1.418301e-01;6.065598e-02;6.263144e-02;6.917107e-02;1.378787e-01;4.184264e-02;9.752497e-02;1.432219e-01;4.408985e-02;4.108344e-02
6.852385e-02;7.485934e-02;1.495102e-01;4.638425e-02;6.708623e-02;7.599672e-02;2.033071e-01;4.423251e-02;5.763966e-02;1.064883e-01;6.335644e-02;4.261541e-02
4.693615e-02;4.846151e-02;9.789210e-02;5.420559e-02;6.994010e-02;6.325684e-02;2.191871e-01;7.035515e-02;6.834191e-02;1.518797e-01;7.330979e-02;3.623407e-02
2.513401e-02;3.499362e-02;5.624922e-02;4.910009e-02;6.420004e-02;5.465428e-02;2.058873e-01;1.022683e-01;8.893985e-02;2.137716e-01;7.908899e-02;2.571268e-02
3.413584e-02;2.777211e-02;1.237576e-01;3.512133e-02;4.651792e-02;4.490483e-02;2.570123e-01;8.820554e-02;9.363641e-02;1.555659e-01;7.282203e-02;2.054825e-02
7.465690e-02;3.827940e-02;1.529892e-01;5.887431e-02;5.877380e-02;5.737679e-02;2.258247e-01;6.630521e-02;8.087040e-02;9.087875e-02;6.756596e-02;2.760461e-02
6.406061e-02;5.400923e-02;1.830947e-01;6.958043e-02;6.264428e-02;5.739407e-02;9.677710e-02;7.804006e-02;1.044509e-01;1.141423e-01;8.173236e-02;3.407393e-02
5.780350e-02;5.680448e-02;1.782956e-01;6.483126e-02;4.986271e-02;5.979252e-02;2.150319e-01;8.112969e-02;5.559888e-02;9.353545e-02;5.686655e-02;3.044753e-02
5.573639e-02;6.537408e-02;9.099212e-02;3.999946e-02;4.312834e-02;5.216130e-02;3.071959e-01;1.116544e-01;6.680255e-02;7.821102e-02;5.203914e-02;3.670532e-02
7.388180e-02;7.538555e-02;8.373733e-02;3.060791e-02;4.503183e-02;6.740831e-02;2.301985e-01;1.252136e-01;1.088121e-01;8.832505e-02;3.052594e-02;4.087204e-02
3.216134e-02;6.034333e-02;8.991293e-02;5.318525e-02;5.131324e-02;8.493574e-02;2.237030e-01;1.110530e-01;1.152889e-01;1.113651e-01;2.450623e-02;4.223187e-02
6.343529e-02;4.645708e-02;1.472037e-01;5.782411e-02;4.728199e-02;5.216302e-02;2.158235e-01;8.692917e-02;1.096442e-01;1.042994e-01;3.001683e-02;3.892169e-02
8.416400e-02;4.917432e-02;9.325375e-02;5.979521e-02;5.531287e-02;6.137288e-02;9.532137e-02;1.115382e-01;1.351174e-01;1.392927e-01;4.748576e-02;6.817152e-02
8.542792e-02;5.455676e-02;6.415723e-02;4.092884e-02;5.353221e-02;7.468874e-02;1.399452e-01;1.302997e-01;1.226628e-01;1.287074e-01;4.430559e-02;6.078760e-02
8.794282e-02;5.595047e-02;8.593861e-02;3.776056e-02;5.600303e-02;8.251120e-02;1.310496e-01;1.311837e-01;1.124334e-01;1.234936e-01;4.115843e-02;5.457457e-02
7.586229e-02;4.763709e-02;1.354436e-01;4.699301e-02;7.674319e-02;9.157895e-02;1.574409e-01;1.115871e-01;7.876700e-02;1.008848e-01;3.298236e-02;4.407962e-02
3.188505e-02;2.340466e-02;1.569563e-01;5.408780e-02;1.505436e-01;1.203004e-01;2.344729e-01;4.990936e-02;4.870538e-02;4.885267e-02;1.758129e-02;6.330047e-02
2.320539e-02;1.757179e-02;1.385656e-01;4.681735e-02;2.389101e-01;1.391943e-01;1.780804e-01;1.627738e-02;5.731792e-02;2.757093e-02;1.658225e-02;9.990652e-02
2.416842e-02;1.438305e-02;1.443217e-01;3.781701e-02;2.807985e-01;1.893669e-01;9.846525e-02;8.710573e-03;6.640536e-02;1.571447e-02;7.406920e-03;1.124418e-01
5.334738e-02;8.908371e-03;1.680161e-01;2.242179e-02;2.270816e-01;2.724264e-01;7.502918e-02;1.258104e-02;5.128736e-02;1.248104e-02;3.743884e-03;9.267588e-02
1.199148e-01;8.184536e-03;1.525602e-01;1.787263e-02;1.573423e-01;3.195756e-01;7.105733e-02;3.069739e-02;3.585952e-02;1.736885e-02;5.355002e-03;6.421185e-02
1.824483e-01;9.411916e-03;9.062088e-02;3.913359e-02;1.011410e-01;3.262587e-01;8.074741e-02;5.435147e-02;2.225951e-02;5.221534e-02;5.384568e-03;3.602739e-02
1.558385e-01;1.735097e-02;3.766787e-02;7.776101e-02;6.510106e-02;2.994454e-01;1.846108e-01;4.658636e-02;1.127109e-02;7.466436e-02;1.487506e-02;1.482752e-02
5.895158e-02;4.845255e-02;2.004572e-02;7.399667e-02;6.578813e-02;2.025169e-01;3.550101e-01;5.068330e-02;1.413705e-02;4.997631e-02;5.140308e-02;9.038581e-03
2.625048e-02;6.174614e-02;2.400662e-02;3.449837e-02;8.523595e-02;1.128244e-01;4.507166e-01;7.689557e-02;1.658130e-02;1.933616e-02;7.627248e-02;1.563584e-02
2.633435e-02;5.470206e-02;3.119992e-02;1.513124e-02;1.036471e-01;8.643255e-02;4.519185e-01;9.438576e-02;1.303319e-02;1.375715e-02;8.737240e-02;2.208568e-02
3.083812e-02;4.161713e-02;3.916956e-02;1.351178e-02;9.543777e-02;8.481938e-02;4.130070e-01;8.718572e-02;2.127310e-02;2.315870e-02;1.180909e-01;3.189094e-02
5.694076e-02;5.007196e-02;5.473990e-02;2.033219e-02;9.845299e-02;9.655921e-02;3.258105e-01;6.055352e-02;3.140307e-02;4.915196e-02;1.239311e-01;3.205290e-02
6.151974e-02;5.160562e-02;8.332870e-02;4.426809e-02;1.176626e-01;1.036369e-01;2.709137e-01;7.994930e-02;3.260990e-02;6.083537e-02;6.753229e-02;2.613770e-02
4.107972e-02;3.464432e-02;6.589776e-02;5.102632e-02;1.152657e-01;1.328484e-01;3.512341e-01;1.014383e-01;2.691937e-02;2.980273e-02;2.752166e-02;2.232161e-02
3.537414e-02;2.059045e-02;3.240412e-02;3.367725e-02;9.877665e-02;1.967240e-01;4.054507e-01;8.546783e-02;2.228659e-02;1.304155e-02;3.292435e-02;2.328234e-02
4.123976e-02;3.648010e-02;2.543042e-02;2.774701e-02;1.028063e-01;2.508054e-01;3.596711e-01;6.563161e-02;2.424823e-02;1.358838e-02;3.568446e-02;1.666712e-02
6.367117e-02;5.919625e-02;5.799912e-02;4.101249e-02;1.472755e-01;2.304155e-01;2.506946e-01;3.138037e-02;3.711608e-02;2.406555e-02;2.469417e-02;3.247934e-02
9.107661e-02;5.378709e-02;1.022279e-01;3.209924e-02;9.056705e-02;9.291603e-02;1.738735e-01;6.245932e-02;1.165797e-01;8.301324e-02;3.806521e-02;6.333511e-02
7.950202e-02;4.625986e-02;1.345226e-01;4.118128e-02;4.798724e-02;4.815063e-02;8.929089e-02;8.922228e-02;1.373238e-01;8.528184e-02;9.178402e-02;1.094934e-01
5.892499e-02;7.652715e-02;1.464978e-01;4.404359e-02;4.686480e-02;4.218575e-02;5.895529e-02;8.925276e-02;1.115597e-01;7.107405e-02;1.335222e-01;1.205920e-01
7.167435e-02;1.023140e-01;1.380395e-01;4.437374e-02;4.648468e-02;4.211675e-02;6.319398e-02;7.908241e-02;9.292141e-02;6.943511e-02;1.364072e-01;1.139568e-01
8.979869e-02;1.001634e-01;1.052810e-01;4.744946e-02;4.294859e-02;4.093764e-02;9.281252e-02;7.303700e-02;9.221037e-02;9.311564e-02;1.038895e-01;1.183562e-01
9.745822e-02;4.594278e-02;4.023674e-02;3.209430e-02;2.603002e-02;1.961741e-02;7.241853e-02;5.272545e-02;1.453314e-01;2.295103e-01;1.343325e-01;1.043023e-01
7.781514e-02;3.222907e-02;3.859153e-02;1.055341e-02;2.153967e-02;1.106643e-02;5.212302e-02;4.137644e-02;2.274006e-01;2.951705e-01;1.273659e-01;6.476829e-02
5.689315e-02;2.323547e-02;2.957292e-02;8.174360e-03;3.032642e-02;6.565246e-03;3.630321e-02;1.918939e-02;3.293989e-01;3.425984e-01;8.110166e-02;3.664079e-02
2.365196e-02;3.322962e-02;1.884272e-02;4.693888e-03;6.036779e-02;1.246304e-02;2.380108e-02;4.075244e-02;3.219352e-01;3.813551e-01;6.614473e-02;1.276240e-02
1.549800e-02;5.930802e-02;1.785317e-02;8.317476e-03;1.104908e-01;2.265332e-02;4.846572e-02;5.033607e-02;1.452825e-01;4.002533e-01;1.062366e-01;1.530497e-02
2.100533e-02;6.381211e-02;2.241695e-02;1.124764e-02;1.576575e-01;1.508312e-02;8.620279e-02;5.483085e-02;9.388212e-02;3.368127e-01;1.159460e-01;2.110296e-02
3.729773e-02;4.693336e-02;2.689069e-02;1.197305e-02;1.534784e-01;2.301007e-02;6.261069e-02;3.703606e-02;1.095813e-01;3.663009e-01;9.858388e-02;2.630384e-02
4.595899e-02;4.110983e-02;2.112260e-02;2.087932e-02;1.226281e-01;2.524000e-02;7.089585e-02;4.108103e-02;1.473507e-01;3.487292e-01;7.813573e-02;3.686859e-02
3.908282e-02;2.112908e-02;2.827348e-02;4.665369e-02;6.328531e-02;4.146071e-02;1.846883e-01;8.121252e-02;2.188728e-01;1.909670e-01;4.338894e-02;4.098538e-02
2.400068e-02;1.674820e-02;4.817862e-02;4.420055e-02;7.396026e-02;5.671871e-02;3.204490e-01;9.979876e-02;1.467982e-01;1.135229e-01;2.563730e-02;2.998671e-02
1.744833e-02;1.934434e-02;5.183340e-02;2.810474e-02;9.875187e-02;7.473680e-02;4.024385e-01;9.184051e-02;8.910511e-02;8.857010e-02;2.231642e-02;1.550989e-02
2.967069e-02;2.588379e-02;5.296575e-02;1.897604e-02;1.072536e-01;7.900985e-02;3.186927e-01;7.490939e-02;9.749898e-02;1.115716e-01;5.673840e-02;2.682921e-02
5.431819e-02;3.565976e-02;7.106149e-02;2.584985e-02;1.032197e-01;6.379623e-02;1.709938e-01;7.954963e-02;1.307883e-01;1.403094e-01;8.847907e-02;3.597450e-02
5.580519e-02;2.121496e-02;5.318871e-02;9.948327e-03;8.338065e-02;3.995819e-02;2.860357e-01;4.809524e-02;1.562839e-01;1.495879e-01;6.230420e-02;3.419713e-02
5.942443e-02;2.115005e-02;3.263690e-02;2.224707e-02;5.621001e-02;2.995004e-02;3.192655e-01;5.607377e-02;1.445377e-01;1.418703e-01;6.498452e-02;5.164961e-02
5.138311e-02;1.639796e-02;4.713556e-02;3.859904e-02;7.480151e-02;3.214621e-02;2.169135e-01;7.949203e-02;9.517713e-02;2.009590e-01;6.619117e-02;8.080372e-02
2.502736e-02;2.183749e-02;4.240687e-02;4.634104e-02;1.029455e-01;3.438161e-02;2.141556e-01;1.001634e-01;1.510230e-01;1.530464e-01;3.868263e-02;6.998901e-02
2.390924e-02;2.752575e-02;6.789918e-02;4.587219e-02;8.889898e-02;3.517427e-02;2.250384e-01;7.458709e-02;1.663855e-01;1.598796e-01;3.132169e-02;5.350810e-02
3.390525e-02;3.722184e-02;7.861120e-02;3.180015e-02;7.213923e-02;4.670714e-02;1.918215e-01;7.659128e-02;1.514968e-01;1.884716e-01;3.898643e-02;5.224752e-02
8.914594e-02;6.543747e-02;1.606749e-01;7.245687e-02;7.814588e-02;5.144059e-02;8.589724e-02;7.600696e-02;8.477718e-02;1.175197e-01;6.487980e-02;5.361746e-02
9.241170e-02;5.293891e-02;2.218528e-01;9.861796e-02;7.846899e-02;5.217579e-02;1.150070e-01;5.548279e-02;6.766340e-02;6.430814e-02;4.994635e-02;5.112617e-02
7.591528e-02;9.357452e-02;3.198071e-01;9.531668e-02;8.178359e-02;7.158972e-02;9.834791e-02;3.262338e-02;4.386085e-02;3.337638e-02;2.769705e-02;2.610759e-02
9.571761e-02;1.468945e-01;3.169624e-01;6.874143e-02;5.102841e-02;8.589032e-02;7.608643e-02;4.378701e-02;4.835100e-02;2.896936e-02;2.118585e-02;1.638572e-02
1.589322e-01;1.692974e-01;2.135866e-01;3.659187e-02;3.137703e-02;7.934205e-02;7.246464e-02;1.037544e-01;4.516937e-02;2.806753e-02;3.544103e-02;2.597579e-02
2.112226e-01;1.252641e-01;9.986912e-02;2.025403e-02;4.472389e-02;4.316305e-02;1.232484e-01;1.879571e-01;2.761219e-02;3.586270e-02;3.744380e-02;4.337896e-02
1.914853e-01;7.909098e-02;5.520040e-02;3.789393e-02;2.610063e-02;2.051890e-02;2.195307e-01;2.173896e-01;1.809153e-02;5.579223e-02;1.825280e-02;6.065296e-02
7.796223e-02;6.845943e-02;3.741671e-02;7.474638e-02;1.043163e-02;2.054739e-02;3.908992e-01;1.206466e-01;1.753344e-02;6.585310e-02;1.596701e-02;9.953699e-02
8.503106e-02;5.696678e-02;2.798607e-02;8.921132e-02;9.012206e-03;1.801200e-02;4.906804e-01;4.062456e-02;1.013059e-02;4.451890e-02;1.669747e-02;1.111286e-01
6.008792e-02;3.656588e-02;1.611128e-02;8.894540e-02;8.537806e-03;2.864251e-02;5.320453e-01;7.037440e-02;1.214571e-02;3.025159e-02;1.799823e-02;9.829392e-02
4.773276e-02;2.735525e-02;1.590629e-02;1.028567e-01;8.947851e-03;4.310923e-02;5.524269e-01;5.860052e-02;8.847180e-03;3.220850e-02;1.677093e-02;8.523791e-02
6.859067e-02;2.444476e-02;1.313984e-02;1.379413e-01;9.757934e-03;4.368652e-02;5.087523e-01;5.629247e-02;7.036100e-03;4.139227e-02;1.562857e-02;7.333720e-02
8.598477e-02;1.298963e-02;2.849051e-02;2.069017e-01;1.009030e-02;2.685377e-02;4.018888e-01;9.404539e-02;7.609806e-03;4.677960e-02;1.685468e-02;6.151100e-02
1.358636e-01;2.210101e-02;6.983744e-02;2.348741e-01;6.582074e-03;1.835543e-02;2.493712e-01;1.407400e-01;6.712612e-03;3.710271e-02;1.482761e-02;6.363220e-02
2.120531e-01;4.717442e-02;9.157780e-02;1.559866e-01;1.657003e-02;1.075944e-02;1.686835e-01;1.818547e-01;7.571113e-03;2.176876e-02;1.496672e-02;7.103385e-02
2.865071e-01;5.781975e-02;7.982067e-02;6.553250e-02;2.357266e-02;8.183458e-03;1.302690e-01;2.074889e-01;1.187638e-02;1.089400e-02;2.325828e-02;9.477730e-02
3.114039e-01;6.872839e-02;8.290666e-02;3.679398e-02;2.617289e-02;7.372980e-03;9.157801e-02;2.100820e-01;2.919515e-02;6.794215e-03;3.673140e-02;9.224040e-02
2.657201e-01;8.057544e-02;1.090544e-01;3.045895e-02;3.004627e-02;8.514410e-03;1.061538e-01;2.274669e-01;4.139847e-02;7.904753e-03;4.370546e-02;4.900113e-02
2.349703e-01;9.909967e-02;1.406353e-01;3.361943e-02;4.684209e-02;6.010432e-03;1.065676e-01;2.234001e-01;3.571354e-02;1.038779e-02;4.653579e-02;1.621803e-02
2.561207e-01;1.089647e-01;1.605486e-01;3.591935e-02;5.664872e-02;8.314773e-03;8.230320e-02;1.787839e-01;2.345753e-02;1.338702e-02;4.246467e-02;3.308690e-02
2.494799e-01;9.064864e-02;1.348075e-01;5.159377e-02;4.997820e-02;1.408990e-02;9.188227e-02;1.574401e-01;2.401304e-02;3.626819e-02;3.875367e-02;6.104484e-02
1.514930e-01;5.567699e-02;1.059647e-01;8.439956e-02;3.663337e-02;1.425942e-02;1.668316e-01;1.758775e-01;1.771587e-02;5.490344e-02;4.890456e-02;8.733998e-02
8.117478e-02;2.512284e-02;1.339049e-01;8.703794e-02;3.912070e-02;1.585275e-02;2.014061e-01;1.678838e-01;2.933477e-02;5.587356e-02;7.406081e-02;8.922707e-02
1.184563e-01;4.314756e-02;1.737387e-01;5.671510e-02;3.822144e-02;1.827340e-02;1.937963e-01;9.898572e-02;4.207832e-02;5.169839e-02;8.502081e-02;7.986796e-02
1.788331e-01;6.296942e-02;1.690338e-01;3.536587e-02;3.580957e-02;1.916355e-02;1.960566e-01;5.917817e-02;3.639237e-02;7.095116e-02;7.477999e-02;6.146646e-02
2.088023e-01;6.338928e-02;1.507767e-01;2.243428e-02;2.807119e-02;3.229646e-02;2.244574e-01;6.685519e-02;3.012283e-02;7.091712e-02;5.166868e-02;5.020852e-02
1.686665e-01;3.724647e-02;1.623571e-01;6.415791e-02;3.045013e-02;2.944450e-02;2.296268e-01;6.941847e-02;4.277507e-02;5.323360e-02;4.536969e-02;6.725370e-02
2.163768e-01;4.768013e-02;1.833498e-01;7.095869e-02;3.263577e-02;2.903590e-02;1.826752e-01;2.452192e-02;3.567977e-02;3.665670e-02;6.000497e-02;8.042431e-02
2.648225e-01;9.188190e-02;1.765222e-01;2.491548e-02;3.686865e-02;2.466939e-02;1.403178e-01;4.482643e-02;1.875372e-02;4.097128e-02;4.686699e-02;8.858375e-02
2.556067e-01;1.064251e-01;1.666613e-01;2.774122e-02;4.902958e-02;1.566393e-02;1.257059e-01;4.004383e-02;3.274243e-02;3.880711e-02;5.563376e-02;8.593909e-02
2.212214e-01;1.053482e-01;1.386892e-01;2.014391e-02;4.462582e-02;2.699510e-02;1.100382e-01;9.142261e-02;4.287653e-02;4.403169e-02;6.223072e-02;9.237657e-02
