2.631889e-02;6.359214e-02;1.189842e-01;1.154845e-01;1.290012e-01;1.008364e-01;6.308616e-02;9.529158e-02;9.207315e-02;9.599611e-02;6.288454e-02;3.645107e-02
4.754965e-02;8.382099e-02;1.420252e-01;9.813117e-02;1.271438e-01;9.793697e-02;7.014430e-02;5.299364e-02;9.337933e-02;7.397010e-02;8.090176e-02;3.200305e-02
7.381562e-02;9.424699e-02;1.185260e-01;6.216894e-02;9.637361e-02;7.797074e-02;9.024998e-02;4.841044e-02;9.114124e-02;9.398135e-02;1.120324e-01;4.108267e-02
9.023549e-02;6.811208e-02;7.228973e-02;7.932584e-02;8.075608e-02;7.157895e-02;1.178016e-01;6.057084e-02;1.184811e-01;1.189581e-01;9.506369e-02;2.682642e-02
6.499773e-02;3.504101e-02;9.016564e-02;9.640755e-02;7.981902e-02;1.041067e-01;1.260505e-01;9.544241e-02;1.254088e-01;7.836372e-02;5.904524e-02;4.515168e-02
7.075410e-02;5.186997e-02;1.263403e-01;1.000929e-01;6.657416e-02;1.006927e-01;1.180192e-01;8.331838e-02;9.196347e-02;4.815374e-02;9.805410e-02;4.416693e-02
7.212558e-02;5.683919e-02;8.258583e-02;2.599424e-02;5.341759e-02;7.334042e-02;2.180329e-01;1.295086e-01;1.174686e-01;6.200788e-02;7.171973e-02;3.695947e-02
7.019778e-02;4.186747e-02;5.403271e-02;2.299481e-02;5.209281e-02;7.841410e-02;2.408617e-01;1.413433e-01;1.397622e-01;6.035563e-02;4.668214e-02;5.139527e-02
6.193415e-02;3.308538e-02;3.345506e-02;2.994958e-02;7.970008e-02;7.900070e-02;1.940955e-01;1.116879e-01;1.394645e-01;5.849675e-02;6.847704e-02;1.106533e-01
4.574696e-02;2.837862e-02;4.855302e-02;7.193924e-02;9.281062e-02;5.551353e-02;1.025779e-01;9.434329e-02;1.097678e-01;4.490574e-02;1.441477e-01;1.613157e-01
3.827998e-02;2.304373e-02;9.197491e-02;1.195561e-01;6.306761e-02;2.390272e-02;4.284791e-02;8.149333e-02;6.785522e-02;7.889336e-02;2.428919e-01;1.261932e-01
5.601548e-02;1.645583e-02;1.746097e-01;1.062294e-01;2.805706e-02;1.398196e-02;5.505358e-02;5.209384e-02;4.067859e-02;1.815670e-01;2.291667e-01;4.609087e-02
8.410601e-02;1.074147e-02;2.716306e-01;4.719291e-02;1.770486e-02;1.299682e-02;8.267701e-02;2.293896e-02;1.916523e-02;3.172035e-01;1.046409e-01;9.001850e-03
7.978302e-02;6.469853e-03;2.834687e-01;1.627767e-02;1.493539e-02;6.613842e-03;8.496278e-02;1.471809e-02;2.595498e-02;4.206403e-01;3.812990e-02;8.045521e-03
5.888428e-02;9.801949e-03;2.269481e-01;1.247478e-02;1.267304e-02;1.198738e-02;6.924677e-02;2.968246e-02;9.919616e-02;4.233473e-01;3.541764e-02;1.034021e-02
4.024932e-02;1.852596e-02;1.653088e-01;1.849481e-02;2.235371e-02;2.279625e-02;7.072616e-02;6.263361e-02;2.098100e-01;3.253910e-01;3.397789e-02;9.732489e-03
3.772921e-02;2.136897e-02;1.268986e-01;2.346930e-02;3.081943e-02;3.173734e-02;8.826313e-02;8.987518e-02;2.807857e-01;2.209337e-01;3.698722e-02;1.113234e-02
4.469483e-02;2.879881e-02;1.642350e-01;1.877520e-02;2.894713e-02;4.007208e-02;8.770052e-02;7.967819e-02;2.883759e-01;1.301589e-01;7.049160e-02;1.807195e-02
4.078140e-02;5.376801e-02;1.989751e-01;2.425978e-02;2.377889e-02;2.739095e-02;7.721747e-02;4.403806e-02;1.692134e-01;2.151239e-01;9.093631e-02;3.451667e-02
5.166297e-02;4.517563e-02;1.780171e-01;2.730877e-02;3.872954e-02;2.046915e-02;7.742792e-02;4.038412e-02;1.693323e-01;2.618983e-01;5.913812e-02;3.045612e-02
1.019484e-01;4.116521e-02;2.096215e-01;3.193620e-02;6.491273e-02;3.126912e-02;8.802971e-02;5.865715e-02;1.325649e-01;1.596566e-01;3.880563e-02;4.143279e-02
1.141068e-01;4.535216e-02;1.905472e-01;5.181503e-02;4.629003e-02;5.244491e-02;9.488025e-02;9.312245e-02;7.565201e-02;1.064291e-01;8.181988e-02;4.754021e-02
5.900247e-02;8.852208e-02;2.729942e-01;6.441689e-02;4.118959e-02;7.472970e-02;7.880531e-02;5.997704e-02;1.343796e-01;8.205756e-02;2.859088e-02;1.533474e-02
4.406827e-02;9.561048e-02;3.306518e-01;6.016184e-02;3.098858e-02;6.145929e-02;6.120487e-02;3.223212e-02;1.228909e-01;1.358355e-01;8.568318e-03;1.632805e-02
1.399215e-02;8.744361e-02;3.717907e-01;4.387232e-02;1.768034e-02;2.753143e-02;5.745981e-02;1.624242e-02;9.594078e-02;2.412647e-01;1.173382e-02;1.504792e-02
1.088908e-02;7.300320e-02;2.779557e-01;1.658704e-02;9.576182e-03;1.896463e-02;4.291526e-02;2.673144e-02;2.064152e-01;2.832536e-01;1.905404e-02;1.465459e-02
5.845408e-03;8.556549e-02;1.948517e-01;8.520619e-03;5.677194e-03;3.135251e-02;2.289978e-02;2.951154e-02;3.397157e-01;2.350756e-01;1.734086e-02;2.364359e-02
2.867739e-02;1.179287e-01;1.432915e-01;1.221593e-02;5.272450e-03;4.431925e-02;1.002617e-02;2.667753e-02;4.228957e-01;1.397927e-01;6.664853e-03;4.223773e-02
8.588831e-02;1.441342e-01;1.272641e-01;1.536102e-02;5.834218e-03;4.607921e-02;1.496152e-02;2.689246e-02;3.860792e-01;8.169468e-02;1.258934e-02;5.322175e-02
1.278420e-01;1.399022e-01;1.295999e-01;2.038699e-02;1.505987e-02;3.743336e-02;2.941143e-02;5.172379e-02;2.831126e-01;8.756147e-02;2.995237e-02;4.801400e-02
1.484273e-01;1.160325e-01;1.170183e-01;3.084297e-02;2.701265e-02;2.281491e-02;5.397122e-02;7.830270e-02;2.071832e-01;1.099678e-01;4.591236e-02;4.251407e-02
1.302599e-01;3.981857e-02;1.754578e-01;3.793776e-02;3.022852e-02;3.746290e-02;4.968800e-02;9.197968e-02;2.192834e-01;9.073097e-02;5.266300e-02;4.448948e-02
1.059722e-01;5.188933e-02;1.669981e-01;3.118602e-02;2.226316e-02;4.051685e-02;9.794866e-02;5.769918e-02;2.234825e-01;8.868744e-02;5.055470e-02;6.280177e-02
1.020235e-01;3.653610e-02;9.997677e-02;2.760892e-02;2.006894e-02;5.664608e-02;1.714392e-01;4.458749e-02;9.610154e-02;2.033380e-01;7.968923e-02;6.198425e-02
7.043177e-02;5.500063e-02;1.080456e-01;3.299395e-02;1.867581e-02;2.677270e-02;1.144221e-01;5.284058e-02;2.333267e-01;1.956972e-01;5.216066e-02;3.963225e-02
5.714957e-02;6.669337e-02;1.841035e-01;5.579840e-02;3.736430e-02;3.619202e-02;1.104064e-01;3.824712e-02;2.029286e-01;1.232167e-01;5.860156e-02;2.929852e-02
9.245224e-02;1.182983e-01;2.794152e-01;5.722856e-02;2.763318e-02;4.888873e-02;8.594268e-02;2.886444e-02;1.240180e-01;5.172075e-02;4.539649e-02;4.014144e-02
8.866731e-02;1.445986e-01;2.559605e-01;4.636198e-02;2.128865e-02;3.895279e-02;3.832349e-02;2.786387e-02;2.178529e-01;5.605694e-02;3.143349e-02;3.263947e-02
1.014219e-01;1.392259e-01;1.775114e-01;3.122740e-02;2.527832e-02;2.246205e-02;1.558657e-02;6.761194e-02;2.969153e-01;5.537086e-02;4.443568e-02;2.295263e-02
1.223921e-01;9.892371e-02;7.446052e-02;1.375376e-02;3.557472e-02;7.988107e-03;2.861367e-02;1.281235e-01;3.601191e-01;4.842328e-02;6.857678e-02;1.305080e-02
1.250253e-01;5.782614e-02;3.322396e-02;5.774426e-03;4.776505e-02;6.727573e-03;3.369491e-02;2.374972e-01;3.329419e-01;3.615215e-02;7.590903e-02;7.462497e-03
1.307368e-01;4.424549e-02;2.749078e-02;4.324916e-03;5.491214e-02;4.366802e-03;3.008230e-02;3.474708e-01;2.417239e-01;2.149317e-02;8.536650e-02;7.786407e-03
1.452928e-01;5.017459e-02;3.120288e-02;3.528875e-03;6.087995e-02;5.718989e-03;1.284696e-02;4.168274e-01;1.473800e-01;1.199748e-02;1.025795e-01;1.157054e-02
1.386644e-01;5.694778e-02;3.565976e-02;4.934727e-03;5.365717e-02;8.915815e-03;4.646080e-02;3.806656e-01;1.518126e-01;1.689126e-02;9.654467e-02;8.845341e-03
1.406387e-01;6.301589e-02;3.969079e-02;7.546125e-03;4.839559e-02;1.033665e-02;5.416935e-02;3.215350e-01;1.915086e-01;2.553579e-02;8.364096e-02;1.398665e-02
1.590164e-01;7.034064e-02;6.333738e-02;8.547493e-03;4.055202e-02;1.248288e-02;6.623564e-02;2.569150e-01;1.973660e-01;3.314723e-02;7.114954e-02;2.090977e-02
1.924720e-01;3.975931e-02;9.284459e-02;1.622877e-02;3.689444e-02;1.292413e-02;1.065021e-01;2.035732e-01;1.727838e-01;3.875852e-02;5.624864e-02;3.101052e-02
2.072526e-01;1.124653e-01;2.547759e-01;2.367870e-02;2.749304e-02;2.109123e-02;8.935501e-02;1.067967e-01;7.945236e-02;2.505933e-02;2.651183e-02;2.606815e-02
1.403888e-01;1.780857e-01;3.667970e-01;1.990064e-02;2.252803e-02;1.288077e-02;3.014320e-02;6.606609e-02;9.546063e-02;1.625439e-02;3.418463e-02;1.731020e-02
4.941487e-02;1.424465e-01;4.544327e-01;1.974854e-02;1.894357e-02;1.102817e-02;2.875421e-02;9.392802e-02;1.261769e-01;1.486453e-02;2.184523e-02;1.841677e-02
3.428087e-02;1.047491e-01;5.670333e-01;2.767788e-02;2.031571e-02;1.170372e-02;1.848292e-02;9.681248e-02;6.213863e-02;2.836227e-02;1.161645e-02;1.682662e-02
3.200150e-02;6.240136e-02;6.312941e-01;4.048276e-02;2.548560e-02;1.016015e-02;1.500483e-02;7.526420e-02;5.187277e-02;3.955744e-02;1.057873e-02;5.896656e-03
3.267896e-02;2.742681e-02;5.713441e-01;7.597295e-02;5.158844e-02;2.463331e-02;3.031673e-02;6.573208e-02;5.280335e-02;3.102491e-02;2.498763e-02;1.149078e-02
3.515480e-02;3.830316e-02;3.374388e-01;1.389096e-01;1.233749e-01;4.296619e-02;6.942878e-02;7.620331e-02;5.449736e-02;1.113033e-02;4.927891e-02;2.331393e-02
2.946690e-02;3.770153e-02;2.357684e-01;1.850314e-01;2.082932e-01;3.971029e-02;6.110066e-02;7.002509e-02;3.630359e-02;1.250793e-02;4.907430e-02;3.501675e-02
2.084228e-02;2.884513e-02;1.786768e-01;1.856408e-01;3.054171e-01;4.714663e-02;4.571018e-02;5.003355e-02;3.240530e-02;7.004604e-03;3.423579e-02;6.404174e-02
1.337192e-02;1.353066e-02;1.291373e-01;1.536293e-01;3.746130e-01;6.744265e-02;4.195051e-02;2.447414e-02;5.230960e-02;6.533191e-03;2.332479e-02;9.968296e-02
1.191578e-02;6.637658e-03;1.136706e-01;1.423997e-01;3.787658e-01;6.028522e-02;4.882094e-02;9.310981e-03;7.061825e-02;1.076557e-02;2.756095e-02;1.192486e-01
1.119384e-02;9.651115e-03;1.017156e-01;1.729660e-01;3.410640e-01;5.645282e-02;3.893650e-02;1.167170e-02;9.448951e-02;2.457605e-02;3.178289e-02;1.055000e-01
8.493377e-03;1.674231e-02;9.670984e-02;2.369552e-01;2.886419e-01;3.691930e-02;2.479558e-02;1.436228e-02;7.669857e-02;4.719697e-02;5.846848e-02;9.401614e-02
1.292063e-02;4.845484e-02;1.444042e-01;2.732544e-01;1.921239e-01;3.360291e-02;7.359767e-03;3.004984e-02;2.890634e-02;4.360728e-02;9.008918e-02;9.522662e-02
2.178264e-02;7.717100e-02;2.316547e-01;2.730032e-01;1.041169e-01;3.530845e-02;1.171974e-02;3.281315e-02;1.060534e-02;2.530001e-02;1.122826e-01;6.424228e-02
1.644611e-02;8.026820e-02;3.590227e-01;2.707662e-01;4.257215e-02;4.389457e-02;1.532866e-02;2.611228e-02;7.251996e-03;1.451341e-02;1.027646e-01;2.105911e-02
1.178167e-02;5.368996e-02;4.314701e-01;2.884678e-01;4.214981e-02;4.578496e-02;1.672702e-02;2.068849e-02;9.580012e-03;9.368064e-03;6.695965e-02;3.332472e-03
1.311926e-02;2.187067e-02;4.484042e-01;2.981330e-01;5.458678e-02;5.181921e-02;1.443805e-02;2.154743e-02;1.091419e-02;1.311690e-02;4.601516e-02;6.035114e-03
1.665823e-02;1.570907e-02;4.911739e-01;2.348377e-01;4.445802e-02;6.674910e-02;1.561723e-02;1.285949e-02;2.532860e-02;1.795846e-02;4.866004e-02;9.990150e-03
2.132353e-02;1.809282e-02;5.666365e-01;1.343302e-01;3.946075e-02;5.684086e-02;2.306249e-02;9.915235e-03;3.970143e-02;3.168896e-02;4.691466e-02;1.203261e-02
2.287861e-02;2.010995e-02;6.043794e-01;1.042536e-01;5.041505e-02;3.815537e-02;2.364401e-02;1.722407e-02;3.264365e-02;3.071661e-02;4.231660e-02;1.326309e-02
1.936901e-02;3.237614e-02;6.068345e-01;9.471134e-02;6.326631e-02;4.498771e-02;3.187101e-02;1.224963e-02;2.068763e-02;2.059988e-02;3.975728e-02;1.328959e-02
3.663370e-02;5.226262e-02;5.797672e-01;9.060338e-02;7.201220e-02;3.438203e-02;2.968934e-02;1.426265e-02;1.595034e-02;2.172077e-02;3.467929e-02;1.803649e-02
3.553616e-02;4.990300e-02;5.321679e-01;1.222932e-01;7.568795e-02;2.814624e-02;3.902384e-02;1.725717e-02;2.117835e-02;2.286140e-02;3.356699e-02;2.237781e-02
2.151018e-02;1.720071e-02;5.316074e-01;1.709108e-01;6.089857e-02;3.841091e-02;4.452484e-02;1.413001e-02;2.572065e-02;2.221271e-02;2.145505e-02;3.141814e-02
1.610702e-02;2.036439e-02;5.536969e-01;1.716371e-01;3.476774e-02;3.180216e-02;4.484555e-02;1.367246e-02;2.167906e-02;2.218542e-02;4.291701e-02;2.632513e-02
3.130237e-02;2.261605e-02;4.872645e-01;1.624173e-01;4.623545e-02;2.938800e-02;4.157618e-02;2.647569e-02;5.154565e-02;3.817939e-02;4.278631e-02;2.021320e-02
3.215272e-02;5.303316e-02;3.945984e-01;1.352979e-01;5.156885e-02;3.484083e-02;7.842346e-02;2.795193e-02;5.846764e-02;7.048873e-02;2.589763e-02;3.727870e-02
4.370760e-02;7.055537e-02;3.020091e-01;1.072822e-01;4.291477e-02;5.110834e-02;1.337331e-01;4.931929e-02;4.847966e-02;7.094032e-02;4.721377e-02;3.273648e-02
5.541338e-02;6.610502e-02;2.752198e-01;1.088010e-01;5.054804e-02;4.917627e-02;1.421562e-01;6.533282e-02;5.903816e-02;5.339211e-02;4.710082e-02;2.771639e-02
4.878670e-02;3.087768e-02;3.022855e-01;8.125889e-02;6.332299e-02;6.334580e-02;1.328036e-01;7.878146e-02;8.636894e-02;4.738320e-02;4.589012e-02;1.889512e-02
6.685630e-02;2.521182e-02;2.289033e-01;7.835269e-02;9.815183e-02;9.933564e-02;1.075579e-01;9.809610e-02;7.922613e-02;4.475233e-02;4.494727e-02;2.860866e-02
5.461454e-02;4.235455e-02;1.448116e-01;6.715670e-02;1.219726e-01;1.164065e-01;8.111919e-02;9.341188e-02;1.035511e-01;9.519364e-02;4.483172e-02;3.457598e-02
6.364023e-02;5.821209e-02;1.076584e-01;6.529045e-02;9.112845e-02;1.415498e-01;8.455706e-02;5.450070e-02;1.022995e-01;1.460593e-01;5.122273e-02;3.388127e-02
7.095057e-02;7.212982e-02;8.875713e-02;8.007296e-02;5.953918e-02;1.480124e-01;8.813939e-02;4.082592e-02;9.262395e-02;1.719834e-01;5.398862e-02;3.297669e-02
5.315963e-02;7.902658e-02;8.139518e-02;8.984990e-02;7.206751e-02;1.500476e-01;9.657655e-02;6.316298e-02;8.812454e-02;1.350639e-01;4.782172e-02;4.370392e-02
3.455399e-02;6.362514e-02;7.015921e-02;1.116651e-01;9.475725e-02;1.300005e-01;1.400982e-01;8.538169e-02;9.845045e-02;9.788532e-02;3.211379e-02;4.130935e-02
5.079060e-02;5.018081e-02;9.741311e-02;9.033828e-02;1.270979e-01;8.983452e-02;1.892993e-01;7.969958e-02;8.233756e-02;9.412613e-02;2.307935e-02;2.580300e-02
4.431589e-02;4.654782e-02;1.911913e-01;5.341289e-02;1.272708e-01;7.145649e-02;2.310916e-01;7.961816e-02;5.399639e-02;6.287465e-02;1.607882e-02;2.214524e-02
3.641091e-02;3.330379e-02;2.613549e-01;5.463276e-02;1.128302e-01;1.042412e-01;2.272475e-01;4.274884e-02;4.328389e-02;3.644617e-02;2.582310e-02;2.167682e-02
2.958474e-02;1.718714e-02;3.375681e-01;7.232583e-02;1.094774e-01;1.214468e-01;1.723635e-01;2.394656e-02;3.522736e-02;3.591732e-02;2.956644e-02;1.538880e-02
2.348124e-02;2.439537e-02;4.397166e-01;6.968531e-02;1.268482e-01;9.764048e-02;9.636167e-02;1.111460e-02;2.408460e-02;5.853862e-02;2.072396e-02;7.409395e-03
1.598420e-02;3.672525e-02;5.272568e-01;4.389684e-02;1.516441e-01;4.497596e-02;5.951345e-02;7.477643e-03;1.543956e-02;8.497191e-02;7.170291e-03;4.944007e-03
1.040641e-02;4.607701e-02;5.615315e-01;3.277740e-02;1.461080e-01;4.115394e-02;3.519052e-02;1.530771e-02;1.446979e-02;8.421742e-02;6.921490e-03;5.838866e-03
1.645915e-02;7.052983e-02;5.374534e-01;3.127541e-02;9.785582e-02;5.917075e-02;4.395907e-02;2.650268e-02;3.981329e-02;5.775626e-02;7.206578e-03;1.201773e-02
3.560085e-02;9.472954e-02;5.141456e-01;3.646861e-02;5.984221e-02;4.976945e-02;3.743132e-02;3.182042e-02;6.540702e-02;5.366402e-02;6.680488e-03;1.444053e-02
6.279651e-02;8.021198e-02;4.024821e-01;3.833354e-02;5.396023e-02;5.925056e-02;8.231238e-02;3.655011e-02;6.763200e-02;6.808005e-02;2.591676e-02;2.247375e-02
5.494089e-02;4.297294e-02;2.317227e-01;3.013798e-02;1.314298e-01;8.278766e-02;1.465518e-01;5.432118e-02;6.022183e-02;9.315895e-02;4.598854e-02;2.576572e-02
8.731335e-02;3.285817e-02;1.349927e-01;2.952441e-02;2.050571e-01;9.494243e-02;1.186606e-01;5.734515e-02;6.539967e-02;1.014931e-01;5.240837e-02;2.000487e-02
1.260645e-01;2.582253e-02;1.418059e-01;4.064473e-02;2.100606e-01;1.110989e-01;8.997485e-02;4.492640e-02;5.999324e-02;8.685862e-02;4.978420e-02;1.296540e-02
1.858885e-01;1.101962e-01;2.109210e-01;5.996282e-02;1.026666e-01;6.867935e-02;6.476176e-02;5.363664e-02;4.785929e-02;3.664764e-02;3.819245e-02;2.058774e-02
2.426986e-01;1.456239e-01;1.765510e-01;6.174029e-02;5.431066e-02;5.025997e-02;7.262116e-02;5.662513e-02;4.321024e-02;3.341931e-02;2.740852e-02;3.553126e-02
3.107314e-01;1.571458e-01;1.485256e-01;4.298293e-02;5.853238e-02;4.612553e-02;6.670240e-02;4.556141e-02;3.886371e-02;2.046634e-02;2.354682e-02;4.081575e-02
2.870210e-01;1.464238e-01;1.334369e-01;3.549616e-02;6.048697e-02;6.001981e-02;1.006372e-01;2.438345e-02;4.291721e-02;5.935096e-02;2.380894e-02;2.601748e-02
2.279145e-01;7.596559e-02;8.773185e-02;4.081428e-02;9.692051e-02;8.728249e-02;5.325944e-02;5.089569e-02;8.155372e-02;1.131663e-01;4.355108e-02;4.094453e-02
1.338842e-01;2.790286e-02;1.443146e-01;4.138252e-02;9.474052e-02;8.320245e-02;1.438149e-01;6.742662e-02;7.364275e-02;8.857185e-02;4.587114e-02;5.524554e-02
1.200126e-01;4.348254e-02;1.620890e-01;5.283094e-02;7.580017e-02;7.931556e-02;1.152147e-01;7.061972e-02;6.905416e-02;8.006155e-02;7.824679e-02;5.327233e-02
1.037606e-01;9.025425e-02;1.380879e-01;4.374687e-02;8.005928e-02;8.437282e-02;8.531991e-02;5.081073e-02;8.782205e-02;9.049542e-02;1.018242e-01;4.344597e-02
1.057558e-01;7.806100e-02;7.439586e-02;6.367170e-02;9.348974e-02;8.660028e-02;1.348248e-01;4.858825e-02;7.450357e-02;9.854764e-02;8.078859e-02;6.077275e-02
8.721209e-02;7.705711e-02;1.584503e-01;8.235185e-02;8.148658e-02;6.720980e-02;1.842816e-01;7.782449e-02;7.518090e-02;4.071529e-02;3.730583e-02;3.092415e-02
7.512768e-02;5.445553e-02;1.560570e-01;7.648578e-02;9.653900e-02;7.786987e-02;2.338440e-01;8.380970e-02;6.323547e-02;3.690980e-02;3.053400e-02;1.513217e-02
6.053603e-02;4.172674e-02;1.784056e-01;8.177880e-02;1.068630e-01;9.303684e-02;2.452992e-01;7.627308e-02;5.426550e-02;2.506454e-02;2.497804e-02;1.177257e-02
4.564131e-02;3.428103e-02;2.497081e-01;8.694984e-02;1.169624e-01;8.931927e-02;2.158576e-01;5.612586e-02;3.826051e-02;1.905150e-02;2.740248e-02;2.044009e-02
4.728231e-02;3.971348e-02;3.547394e-01;8.660373e-02;1.207574e-01;6.050735e-02;1.474820e-01;2.538757e-02;2.135502e-02;2.862678e-02;3.968004e-02;2.786488e-02
5.553025e-02;7.377420e-02;3.006201e-01;7.220873e-02;1.089610e-01;6.490108e-02;8.923877e-02;5.171984e-02;3.317824e-02;5.397606e-02;6.044611e-02;3.544557e-02
5.411147e-02;1.151447e-01;1.467995e-01;6.056447e-02;8.494743e-02;6.058045e-02;1.099821e-01;7.156303e-02;1.011691e-01;8.865064e-02;6.402092e-02;4.246604e-02
7.263399e-02;9.799018e-02;1.371752e-01;5.808954e-02;8.023269e-02;5.246319e-02;1.146162e-01;6.268880e-02;1.110967e-01;1.061928e-01;6.336410e-02;4.345663e-02
8.216680e-02;7.225286e-02;9.838049e-02;6.581368e-02;1.121250e-01;4.990189e-02;1.296082e-01;7.273755e-02;1.085883e-01;1.029250e-01;5.846647e-02;4.703378e-02
6.600040e-02;6.099822e-02;9.084551e-02;6.321641e-02;1.079788e-01;6.525183e-02;1.388721e-01;8.482145e-02;1.196919e-01;1.012272e-01;5.537150e-02;4.572473e-02
7.376306e-02;7.631632e-02;1.238724e-01;4.445665e-02;6.106511e-02;9.192257e-02;1.675958e-01;4.815043e-02;1.412508e-01;9.099833e-02;5.738499e-02;2.322352e-02
1.087570e-01;4.561831e-02;8.847104e-02;6.989378e-02;6.287453e-02;1.352242e-01;1.347250e-01;3.614388e-02;1.428297e-01;8.976114e-02;4.870120e-02;3.700008e-02
6.717537e-02;4.499564e-02;9.460761e-02;3.812043e-02;7.767860e-02;1.027996e-01;3.296358e-01;5.987797e-02;6.893044e-02;6.539501e-02;3.049673e-02;2.028686e-02
5.315555e-02;3.499021e-02;8.298115e-02;1.786860e-02;7.841817e-02;8.224075e-02;4.377245e-01;7.349686e-02;4.507373e-02;5.224714e-02;2.224662e-02;1.955677e-02
4.150467e-02;2.075763e-02;7.289183e-02;1.690554e-02;1.057928e-01;1.039282e-01;4.519316e-01;6.851352e-02;3.862590e-02;3.959945e-02;2.503019e-02;1.451866e-02
4.542992e-02;2.613903e-02;1.149851e-01;3.715298e-02;1.760403e-01;1.362329e-01;3.173794e-01;4.792547e-02;3.209899e-02;3.061921e-02;2.771489e-02;8.281775e-03
4.083505e-02;4.842399e-02;1.223284e-01;4.374611e-02;1.882569e-01;1.335204e-01;2.608301e-01;4.208527e-02;2.351763e-02;4.398405e-02;2.997192e-02;2.250009e-02
4.006747e-02;4.685223e-02;4.830838e-02;3.183604e-02;6.380790e-02;7.908221e-02;3.709879e-01;9.730712e-02;9.389080e-02;6.109135e-02;4.136255e-02;2.540605e-02
9.753647e-02;2.704886e-02;3.943146e-02;4.606622e-02;2.454252e-02;3.706602e-02;1.980184e-01;9.467787e-02;2.524794e-01;1.225702e-01;3.471768e-02;2.584491e-02
1.305401e-01;2.111316e-02;2.659726e-02;5.135356e-02;1.946134e-02;1.898266e-02;5.665831e-02;5.693910e-02;3.553102e-01;2.086295e-01;3.607714e-02;1.833763e-02
1.136850e-01;4.108044e-02;1.242929e-02;3.878573e-02;2.199712e-02;1.388463e-02;3.012298e-02;2.850299e-02;3.779466e-01;2.894312e-01;2.461340e-02;7.520628e-03
5.321070e-02;4.310852e-02;1.259865e-02;2.650805e-02;2.968291e-02;1.216200e-02;4.436640e-02;2.397149e-02;3.412037e-01;3.777058e-01;2.826305e-02;7.218753e-03
2.252871e-02;2.118414e-02;1.274734e-02;1.904645e-02;5.739386e-02;1.260762e-02;2.605421e-02;1.841267e-02;2.747684e-01;4.795114e-01;4.726878e-02;8.476349e-03
2.657029e-02;1.575047e-02;2.053030e-02;1.549934e-02;6.798774e-02;1.127202e-02;2.636834e-02;2.571188e-02;2.515461e-01;4.856923e-01;4.658469e-02;6.486526e-03
4.181928e-02;1.546621e-02;2.623444e-02;4.278886e-02;4.548179e-02;1.068494e-02;8.580234e-02;4.049244e-02;2.915855e-01;3.514364e-01;3.419755e-02;1.401023e-02
6.761588e-02;1.320064e-02;3.607019e-02;5.876181e-02;2.545729e-02;2.187523e-02;1.904507e-01;6.982948e-02;2.690690e-01;1.960593e-01;3.138314e-02;2.022743e-02
5.974420e-02;1.603621e-02;5.961348e-02;5.454741e-02;4.533258e-02;5.161981e-02;2.947265e-01;8.434921e-02;1.730276e-01;8.649187e-02;4.183176e-02;3.267942e-02
4.915717e-02;3.053066e-02;8.303478e-02;5.223640e-02;5.953596e-02;6.872205e-02;2.734706e-01;6.999612e-02;1.024483e-01;1.257269e-01;4.664876e-02;3.849238e-02
4.826634e-02;4.761624e-02;6.472488e-02;4.475072e-02;4.545424e-02;3.731897e-02;1.411509e-01;6.673754e-02;2.351665e-01;1.724080e-01;5.787908e-02;3.852663e-02
3.744176e-02;3.919921e-02;4.078541e-02;2.963137e-02;5.385904e-02;3.394994e-02;8.631209e-02;5.802732e-02;2.836378e-01;2.381604e-01;5.820162e-02;4.079397e-02
3.722490e-02;2.689911e-02;5.947359e-02;3.862767e-02;5.700658e-02;3.969375e-02;9.672432e-02;5.481145e-02;2.354349e-01;2.491648e-01;6.154941e-02;4.338953e-02
4.471967e-02;4.823473e-02;9.240063e-02;5.408041e-02;8.623907e-02;5.165112e-02;9.245275e-02;8.399085e-02;1.473062e-01;1.670589e-01;8.543745e-02;4.642830e-02
4.102334e-02;8.843465e-02;1.081926e-01;6.993439e-02;9.257323e-02;6.335448e-02;7.457721e-02;9.670896e-02;1.312297e-01;8.648562e-02;1.042424e-01;4.324341e-02
4.381725e-02;9.632877e-02;9.872686e-02;6.652034e-02;8.618435e-02;6.914914e-02;8.989718e-02;8.801886e-02;1.201814e-01;6.383854e-02;1.097616e-01;6.757577e-02
8.323371e-02;6.955937e-02;8.373652e-02;3.383023e-02;4.865853e-02;5.597528e-02;7.325334e-02;7.772043e-02;5.796869e-02;1.312716e-01;1.870861e-01;9.770621e-02
6.840834e-02;4.063664e-02;6.866551e-02;1.606783e-02;3.630370e-02;8.546004e-02;5.441421e-02;3.750052e-02;7.565039e-02;1.802503e-01;2.752907e-01;6.135178e-02
5.481774e-02;1.757772e-02;5.002834e-02;6.776046e-03;2.665975e-02;1.174757e-01;2.157179e-02;2.344845e-02;5.271989e-02;1.696163e-01;4.066326e-01;5.267568e-02
3.481889e-02;1.314289e-02;3.365296e-02;1.000372e-02;1.301285e-02;1.345731e-01;1.341248e-02;1.100307e-02;3.947308e-02;1.227711e-01;5.533600e-01;2.077585e-02
3.416461e-02;1.791562e-02;4.151894e-02;6.228781e-03;1.373562e-02;1.119801e-01;1.599697e-02;6.059612e-03;2.162385e-02;1.360331e-01;5.713098e-01;2.343303e-02
2.532166e-02;2.157358e-02;3.201856e-02;6.812244e-03;9.698476e-03;8.980482e-02;1.354602e-02;1.046657e-02;1.708892e-02;2.341716e-01;5.112171e-01;2.828048e-02
2.890192e-02;2.127059e-02;2.227457e-02;8.728265e-03;2.312986e-02;6.514543e-02;5.527454e-02;2.526150e-02;5.924154e-02;2.886115e-01;3.715837e-01;3.057657e-02
1.865622e-02;2.599878e-02;2.472373e-02;1.122429e-02;3.036495e-02;5.143487e-02;1.853157e-01;5.445760e-02;1.178198e-01;2.237052e-01;2.308114e-01;2.548737e-02
1.545451e-02;2.456591e-02;2.980515e-02;1.512916e-02;4.309526e-02;6.268359e-02;3.428905e-01;7.203542e-02;1.099223e-01;1.086395e-01;1.481105e-01;2.766824e-02
2.671938e-02;1.699273e-02;3.704028e-02;2.698173e-02;5.145376e-02;8.107041e-02;3.624441e-01;6.172679e-02;5.350389e-02;7.383343e-02;1.857850e-01;2.244850e-02
2.690489e-02;1.775554e-02;7.395568e-02;4.186288e-02;6.515902e-02;8.035131e-02;2.684309e-01;4.474561e-02;3.698582e-02;6.467994e-02;2.664238e-01;1.274463e-02
2.220400e-02;3.819153e-02;1.055754e-01;4.909983e-02;6.036271e-02;5.638317e-02;1.980320e-01;4.748026e-02;3.912456e-02;9.337728e-02;2.566005e-01;3.356874e-02
4.928166e-02;6.018491e-02;1.127286e-01;3.562666e-02;5.621197e-02;8.027589e-02;1.980673e-01;5.424069e-02;5.160905e-02;8.577862e-02;1.760893e-01;3.990530e-02
5.583556e-02;7.457471e-02;1.152886e-01;4.827708e-02;5.777923e-02;1.029428e-01;1.942089e-01;7.624958e-02;5.963024e-02;1.020952e-01;9.178231e-02;2.133572e-02
1.755837e-01;9.517100e-02;1.605231e-01;5.772143e-02;4.345434e-02;3.477609e-02;1.278205e-01;4.958249e-02;4.975120e-02;7.847787e-02;7.851103e-02;4.862728e-02
1.722025e-01;1.317587e-01;1.482571e-01;4.854556e-02;5.272865e-02;1.513421e-02;5.430337e-02;2.260040e-02;4.786545e-02;1.278416e-01;1.200616e-01;5.870073e-02
1.199147e-01;1.277705e-01;1.171324e-01;3.848378e-02;8.029823e-02;9.001731e-03;3.393682e-02;1.896942e-02;5.669070e-02;2.266084e-01;1.274581e-01;4.373527e-02
6.096463e-02;9.852056e-02;6.591634e-02;3.287171e-02;1.164810e-01;9.509460e-03;2.823003e-02;1.909963e-02;9.147719e-02;3.472431e-01;1.054159e-01;2.427042e-02
4.969341e-02;3.538207e-02;2.511086e-02;1.030558e-01;1.023439e-01;1.089499e-02;3.574798e-02;2.976560e-02;2.557889e-01;2.990499e-01;4.690745e-02;6.259130e-03
4.908309e-02;1.044895e-02;3.106312e-02;1.949342e-01;4.718900e-02;1.775804e-02;7.536183e-02;7.497817e-02;3.324075e-01;1.378103e-01;1.843176e-02;1.053406e-02
2.909142e-02;1.299073e-02;6.265267e-02;1.633375e-01;2.595755e-02;3.837916e-02;1.676873e-01;1.638963e-01;2.373685e-01;6.240082e-02;1.417005e-02;2.206799e-02
1.638829e-02;2.783515e-02;6.846648e-02;5.764399e-02;7.333219e-02;7.959204e-02;3.422990e-01;1.764607e-01;8.854179e-02;3.323637e-02;1.568520e-02;2.051884e-02
2.687828e-02;3.306561e-02;4.507013e-02;5.680558e-02;1.229095e-01;1.506563e-01;3.700608e-01;1.045234e-01;3.109205e-02;2.450465e-02;1.797718e-02;1.645646e-02
3.236113e-02;3.141602e-02;1.136924e-01;1.044788e-01;1.673806e-01;1.725760e-01;2.119554e-01;5.274710e-02;3.208796e-02;3.146377e-02;2.584746e-02;2.399345e-02
4.790200e-02;6.740281e-02;2.475962e-01;1.241027e-01;1.513398e-01;1.014539e-01;6.127446e-02;5.148568e-02;4.997674e-02;4.222548e-02;3.172076e-02;2.351947e-02
1.047741e-01;9.868482e-02;2.515783e-01;6.834023e-02;8.273328e-02;5.635688e-02;9.749687e-02;7.778970e-02;6.459413e-02;4.366636e-02;2.669643e-02;2.728884e-02
1.232911e-01;7.923197e-02;1.517254e-01;3.034046e-02;7.258733e-02;1.164391e-01;1.801449e-01;8.217241e-02;5.292438e-02;3.120235e-02;3.934045e-02;4.060020e-02
7.633631e-02;3.424111e-02;8.241976e-02;4.036411e-02;9.958979e-02;2.192086e-01;2.190305e-01;5.352655e-02;3.740283e-02;2.512650e-02;7.837898e-02;3.437492e-02
2.974521e-02;7.430165e-03;1.205593e-01;3.743672e-02;8.942756e-02;2.969326e-01;1.576822e-01;4.731991e-02;2.069293e-02;5.533801e-02;1.120078e-01;2.542765e-02
4.151951e-02;1.361335e-02;1.302060e-01;2.673921e-02;8.502427e-02;2.408911e-01;1.697113e-01;6.993925e-02;3.582709e-02;4.727425e-02;8.820494e-02;5.104976e-02
7.553702e-02;2.482291e-02;1.178349e-01;2.344040e-02;8.924013e-02;1.741965e-01;1.902608e-01;5.921300e-02;4.618676e-02;4.699101e-02;8.024439e-02;7.203213e-02
6.898630e-02;5.144076e-02;9.188887e-02;4.031064e-02;1.121412e-01;1.072043e-01;1.693735e-01;5.820037e-02;4.683239e-02;6.762059e-02;1.023291e-01;8.367199e-02
9.883665e-02;6.857407e-02;1.325639e-01;7.271967e-02;1.136684e-01;6.584145e-02;1.050264e-01;4.097495e-02;5.467619e-02;7.357808e-02;1.079440e-01;6.559641e-02
2.922661e-02;4.207723e-02;1.467377e-01;7.850958e-02;1.038057e-01;1.181264e-01;1.772545e-01;5.870081e-02;5.879992e-02;7.312968e-02;7.876252e-02;3.486943e-02
3.538056e-02;3.825749e-02;1.283573e-01;4.867119e-02;1.147617e-01;1.659895e-01;1.927117e-01;6.109026e-02;7.247525e-02;6.169033e-02;6.647902e-02;1.413568e-02
2.996381e-02;4.446073e-02;1.521421e-01;8.386210e-02;1.282473e-01;1.694430e-01;1.077703e-01;8.830251e-02;6.927098e-02;4.538085e-02;5.520989e-02;2.594645e-02
7.954533e-02;4.652669e-02;1.633137e-01;9.247161e-02;1.100100e-01;1.618024e-01;1.031197e-01;5.903431e-02;5.630697e-02;5.418373e-02;3.565839e-02;3.802719e-02
8.547343e-02;4.556923e-02;1.227837e-01;5.495488e-02;7.135817e-02;1.427304e-01;1.955858e-01;5.018828e-02;7.624853e-02;7.054122e-02;4.222345e-02;4.234285e-02
7.285220e-02;4.279379e-02;9.041882e-02;4.119062e-02;5.961933e-02;1.267451e-01;2.151356e-01;6.883352e-02;7.872308e-02;8.140467e-02;5.678377e-02;6.549945e-02
7.837717e-02;6.440550e-02;6.952003e-02;4.629483e-02;6.158496e-02;1.288978e-01;1.397928e-01;1.054272e-01;8.891408e-02;7.183786e-02;6.045524e-02;8.449254e-02
5.868835e-02;5.548958e-02;9.787735e-02;3.952469e-02;8.335842e-02;1.524714e-01;1.182039e-01;1.204317e-01;7.450622e-02;6.690427e-02;6.238962e-02;7.015444e-02
5.596446e-02;4.101479e-02;1.138645e-01;4.698553e-02;1.083474e-01;1.255389e-01;1.236751e-01;1.311505e-01;6.854557e-02;7.554545e-02;6.347860e-02;4.588927e-02
7.932311e-02;7.471868e-02;8.321479e-02;6.041417e-02;1.833639e-01;1.008150e-01;6.671864e-02;1.151059e-01;4.430550e-02;9.052489e-02;6.112475e-02;4.037073e-02
4.346688e-02;8.243465e-02;1.036519e-01;6.361064e-02;1.601887e-01;6.470384e-02;1.721597e-01;8.498416e-02;5.439968e-02;6.398091e-02;4.688347e-02;5.953542e-02
5.645932e-02;7.035165e-02;7.675566e-02;5.740535e-02;1.044043e-01;9.042343e-02;2.074422e-01;7.776187e-02;9.374980e-02;4.501745e-02;5.427825e-02;6.595072e-02
6.122733e-02;5.668310e-02;9.952338e-02;6.637762e-02;7.254471e-02;9.092106e-02;1.696688e-01;5.324814e-02;1.334584e-01;7.664681e-02;7.989222e-02;3.980844e-02
