7.307014e-02;6.994185e-02;8.106171e-02;1.478956e-01;7.693464e-02;3.423342e-02;8.401451e-02;3.307951e-02;8.342128e-02;1.004371e-01;8.883294e-02;1.270773e-01
8.110350e-02;5.537163e-02;5.220550e-02;1.800429e-01;6.642705e-02;3.257177e-02;9.467475e-02;3.798859e-02;8.607005e-02;9.435516e-02;1.237066e-01;9.548251e-02
1.050744e-01;4.431781e-02;7.568397e-02;1.751895e-01;6.524932e-02;3.691981e-02;9.844832e-02;4.008890e-02;6.473639e-02;9.285747e-02;1.355598e-01;6.587426e-02
1.175786e-01;4.048600e-02;1.387196e-01;1.301135e-01;4.565930e-02;3.882368e-02;9.421301e-02;3.561406e-02;6.062048e-02;1.089094e-01;1.279504e-01;6.131211e-02
1.112472e-01;4.148924e-02;1.971837e-01;8.326975e-02;3.580790e-02;4.388506e-02;7.802787e-02;5.114968e-02;8.800464e-02;1.218889e-01;9.157920e-02;5.646696e-02
8.997349e-02;3.302752e-02;2.735065e-01;7.968796e-02;5.464816e-02;3.523762e-02;6.507073e-02;6.530805e-02;7.664955e-02;1.322657e-01;6.735425e-02;2.727041e-02
5.823559e-02;2.583506e-02;3.554903e-01;6.128276e-02;5.024374e-02;3.758662e-02;6.503496e-02;4.391098e-02;5.862919e-02;1.722761e-01;4.210566e-02;2.936905e-02
5.612139e-02;5.362235e-02;3.703684e-01;6.218692e-02;4.598461e-02;2.719661e-02;8.107492e-02;3.602400e-02;5.126810e-02;1.598323e-01;2.183570e-02;3.448474e-02
6.598201e-02;6.685534e-02;3.370193e-01;5.115842e-02;4.345864e-02;2.889938e-02;1.119936e-01;4.307117e-02;3.873425e-02;1.410982e-01;4.671059e-02;2.501909e-02
6.487947e-02;5.525176e-02;2.660452e-01;5.373219e-02;5.310014e-02;4.504910e-02;1.312366e-01;4.502367e-02;6.348341e-02;1.376172e-01;5.864361e-02;2.593770e-02
5.315629e-02;3.215111e-02;1.830945e-01;5.932857e-02;5.995753e-02;3.183813e-02;1.641710e-01;6.231380e-02;6.484485e-02;1.437308e-01;9.801468e-02;4.739869e-02
5.235329e-02;2.648437e-02;1.658369e-01;1.000742e-01;6.924318e-02;7.153711e-02;1.255418e-01;7.467239e-02;7.470637e-02;1.151807e-01;7.375817e-02;5.061146e-02
6.027791e-02;1.377513e-01;1.900549e-01;1.068355e-01;6.210243e-02;6.306271e-02;7.975321e-02;4.964641e-02;6.007374e-02;7.819870e-02;5.983041e-02;5.241277e-02
8.876557e-02;1.532507e-01;1.983081e-01;8.210907e-02;7.297217e-02;5.932996e-02;7.257072e-02;4.424719e-02;5.234525e-02;8.270614e-02;5.088143e-02;4.251359e-02
8.125900e-02;1.418180e-01;2.216200e-01;7.742704e-02;7.537165e-02;5.963198e-02;8.158280e-02;5.328409e-02;6.639389e-02;8.345656e-02;3.699986e-02;2.115506e-02
4.473977e-02;8.810221e-02;2.114077e-01;9.249499e-02;7.675466e-02;5.239194e-02;1.099541e-01;8.204722e-02;9.072295e-02;6.599287e-02;6.202634e-02;2.336525e-02
4.931069e-02;3.926575e-02;2.593546e-01;1.055245e-01;6.769592e-02;3.636685e-02;1.077056e-01;6.393473e-02;6.804483e-02;9.891907e-02;8.418699e-02;1.969041e-02
5.039829e-02;1.738276e-02;3.629907e-01;7.868611e-02;4.494741e-02;1.674712e-02;8.930539e-02;3.298881e-02;4.464882e-02;1.745911e-01;7.507928e-02;1.223420e-02
4.821379e-02;3.003611e-02;4.389384e-01;3.373895e-02;2.518037e-02;1.036762e-02;7.551525e-02;1.268769e-02;3.494347e-02;2.398665e-01;3.934854e-02;1.116329e-02
2.788213e-02;4.425167e-02;4.625824e-01;2.354702e-02;1.557050e-02;1.347463e-02;5.348521e-02;8.581058e-03;7.622293e-02;2.219430e-01;3.414591e-02;1.831351e-02
3.881282e-02;5.704707e-02;4.653195e-01;2.209254e-02;2.141255e-02;1.631416e-02;3.939729e-02;1.480812e-02;1.074948e-01;1.550599e-01;2.953174e-02;3.270949e-02
5.360537e-02;6.444140e-02;4.598282e-01;4.614505e-02;4.186249e-02;2.793067e-02;4.264645e-02;1.734703e-02;1.011224e-01;9.658349e-02;1.799701e-02;3.049048e-02
4.444721e-02;4.877922e-02;5.072956e-01;6.653716e-02;5.202236e-02;3.822042e-02;6.599343e-02;1.820624e-02;6.354602e-02;6.098375e-02;9.733094e-03;2.423549e-02
4.724153e-02;4.166516e-02;3.920299e-01;6.702362e-02;5.235547e-02;3.559403e-02;8.413430e-02;4.402982e-02;7.698494e-02;9.417108e-02;3.514124e-02;2.962898e-02
7.006215e-02;4.063409e-02;2.150270e-01;8.222532e-02;7.835772e-02;4.833381e-02;1.328966e-01;4.659441e-02;6.860234e-02;1.347572e-01;4.481626e-02;3.769308e-02
6.563905e-02;3.751172e-02;1.759296e-01;7.265098e-02;1.053235e-01;6.714210e-02;1.566339e-01;5.204835e-02;7.028277e-02;1.226134e-01;4.041478e-02;3.380989e-02
3.998681e-02;6.666388e-02;2.267546e-01;5.902660e-02;1.186144e-01;6.151332e-02;1.123200e-01;5.736009e-02;8.178152e-02;9.949622e-02;4.970445e-02;2.677802e-02
6.871022e-02;8.125718e-02;2.433366e-01;4.153635e-02;1.105816e-01;4.563291e-02;1.086000e-01;5.608213e-02;7.831704e-02;1.006678e-01;3.373049e-02;3.154763e-02
8.236161e-02;5.664420e-02;2.057802e-01;5.076651e-02;8.811499e-02;4.796917e-02;1.108862e-01;4.776110e-02;9.524216e-02;1.493293e-01;3.191920e-02;3.322531e-02
6.636962e-02;7.193135e-02;1.607206e-01;4.567669e-02;4.796039e-02;1.065496e-01;8.785702e-02;5.001261e-02;1.119000e-01;1.705036e-01;5.124466e-02;2.927381e-02
4.620229e-02;5.019928e-02;1.464257e-01;6.975399e-02;4.547257e-02;8.475754e-02;1.056035e-01;8.437437e-02;1.389710e-01;1.369331e-01;5.366830e-02;3.763833e-02
4.705393e-02;4.432934e-02;2.178404e-01;4.625835e-02;4.382923e-02;5.493680e-02;1.058360e-01;7.998060e-02;1.342805e-01;1.313380e-01;3.901794e-02;5.529888e-02
5.024975e-02;7.244079e-02;3.082013e-01;4.970831e-02;4.845410e-02;3.203012e-02;7.505064e-02;8.143581e-02;9.481996e-02;1.186206e-01;3.232932e-02;3.665927e-02
7.862812e-02;9.432608e-02;3.181843e-01;5.935356e-02;4.160677e-02;4.282853e-02;7.570148e-02;7.868805e-02;6.685303e-02;1.024209e-01;1.078059e-02;3.062850e-02
1.014901e-01;1.532341e-01;2.332456e-01;4.945569e-02;4.763539e-02;6.293146e-02;7.654856e-02;7.657289e-02;6.178600e-02;9.343723e-02;1.123843e-02;3.242454e-02
1.277475e-01;1.876267e-01;1.641535e-01;3.747152e-02;4.304385e-02;6.527939e-02;6.865569e-02;6.326877e-02;7.189459e-02;9.297859e-02;2.274258e-02;5.513737e-02
2.160759e-01;1.141180e-01;1.259587e-01;3.296761e-02;4.477761e-02;3.950807e-02;1.003074e-01;5.710728e-02;7.670299e-02;6.388924e-02;4.538468e-02;8.320264e-02
1.243828e-01;3.774420e-02;2.439911e-01;6.728097e-02;9.126443e-02;5.682351e-02;1.417562e-01;5.474307e-02;6.017195e-02;3.835237e-02;3.589272e-02;4.759667e-02
4.370271e-02;2.307981e-02;3.944556e-01;8.270849e-02;8.784954e-02;6.429680e-02;1.343652e-01;4.253945e-02;3.742871e-02;4.789815e-02;2.523404e-02;1.644146e-02
3.654294e-02;6.359354e-02;5.028566e-01;7.152309e-02;5.751095e-02;3.917523e-02;7.962883e-02;2.764619e-02;4.079274e-02;4.959610e-02;1.879922e-02;1.233461e-02
9.146852e-02;1.420118e-01;4.764764e-01;4.031727e-02;2.905750e-02;2.955552e-02;4.077432e-02;2.071219e-02;6.579091e-02;3.991269e-02;9.284973e-03;1.463788e-02
1.906925e-01;1.995683e-01;3.180232e-01;2.077053e-02;2.728754e-02;2.855316e-02;3.246339e-02;4.423287e-02;9.125039e-02;2.079246e-02;1.102573e-02;1.533989e-02
3.318977e-01;1.481050e-01;1.413683e-01;7.971765e-03;5.048289e-02;1.373260e-02;6.018234e-02;1.134119e-01;7.163152e-02;1.362871e-02;1.872630e-02;2.886092e-02
4.333146e-01;4.951508e-02;4.077850e-02;1.311738e-02;8.420983e-02;2.489216e-02;5.965266e-02;1.763095e-01;4.080202e-02;1.259231e-02;2.387534e-02;4.094066e-02
3.909894e-01;1.098592e-01;1.136922e-01;5.580647e-03;9.132311e-02;4.188320e-02;3.198811e-02;1.400035e-01;1.855077e-02;9.630971e-03;1.500579e-02;3.149321e-02
3.213803e-01;1.897386e-01;1.430823e-01;1.189289e-02;5.716565e-02;7.338373e-02;3.394224e-02;7.313231e-02;5.256674e-02;1.358007e-02;1.668350e-02;1.345177e-02
2.545535e-01;2.543922e-01;1.541888e-01;8.844962e-03;3.511643e-02;5.858785e-02;3.126180e-02;4.003207e-02;1.043523e-01;2.415647e-02;1.801991e-02;1.649374e-02
2.048517e-01;2.984680e-01;1.843418e-01;1.028111e-02;2.359891e-02;1.889722e-02;2.389653e-02;3.065998e-02;1.148292e-01;3.843211e-02;1.562995e-02;3.611343e-02
1.595926e-01;3.545937e-01;1.946138e-01;2.018346e-02;1.334361e-02;1.353310e-02;1.718359e-02;2.482913e-02;1.123727e-01;3.178502e-02;1.133686e-02;4.663248e-02
1.171905e-01;3.927184e-01;1.737006e-01;3.965320e-02;9.130375e-03;2.887809e-02;1.551928e-02;2.067731e-02;1.376362e-01;2.327388e-02;8.961942e-03;3.266010e-02
7.203952e-02;3.088776e-01;2.495289e-01;4.472991e-02;1.581224e-02;3.626474e-02;2.548692e-02;2.263050e-02;1.337675e-01;4.976051e-02;7.509010e-03;3.359267e-02
3.368464e-02;1.553888e-01;4.475949e-01;3.284933e-02;2.751810e-02;2.364477e-02;2.871354e-02;2.729695e-02;7.190481e-02;1.132016e-01;1.148168e-02;2.672078e-02
4.291411e-02;6.369392e-02;5.438789e-01;6.749985e-02;2.715072e-02;1.383523e-02;3.200842e-02;1.724542e-02;2.939860e-02;1.292340e-01;2.089701e-02;1.224384e-02
4.972001e-02;2.558343e-02;5.253146e-01;1.539716e-01;2.178917e-02;1.382925e-02;2.895424e-02;8.683024e-03;2.051751e-02;8.678276e-02;5.996758e-02;4.886804e-03
3.426782e-02;1.756709e-02;4.412908e-01;2.504297e-01;4.374806e-02;2.354408e-02;1.827216e-02;1.234127e-02;1.917487e-02;3.991134e-02;9.627904e-02;3.173701e-03
3.237827e-02;4.832871e-02;4.309809e-01;2.420467e-01;4.168367e-02;3.107886e-02;2.248826e-02;1.606803e-02;9.495178e-03;2.936921e-02;8.812587e-02;7.956348e-03
5.779674e-02;8.009525e-02;4.213044e-01;1.828706e-01;4.443446e-02;3.688246e-02;4.726598e-02;2.030810e-02;7.999506e-03;2.495957e-02;6.288324e-02;1.319973e-02
7.301355e-02;1.015448e-01;4.057587e-01;1.254487e-01;4.852458e-02;4.757716e-02;5.657239e-02;2.707237e-02;2.785992e-02;3.240479e-02;4.061253e-02;1.361051e-02
6.789499e-02;9.685734e-02;3.234189e-01;7.266947e-02;6.619365e-02;7.376210e-02;1.021363e-01;3.150113e-02;4.391196e-02;4.067817e-02;3.614703e-02;4.482904e-02
3.854742e-02;1.366432e-01;1.984331e-01;1.283720e-01;1.335102e-01;8.559717e-02;1.010938e-01;3.023470e-02;2.072827e-02;3.553490e-02;5.110113e-02;4.020410e-02
2.987945e-02;1.887523e-01;1.332599e-01;1.748623e-01;1.644872e-01;7.506962e-02;5.356068e-02;3.308765e-02;1.846854e-02;2.446779e-02;8.483505e-02;1.926948e-02
3.017858e-02;1.750668e-01;1.307080e-01;1.791687e-01;1.333939e-01;6.186327e-02;2.451508e-02;3.118793e-02;1.618219e-02;3.915061e-02;1.600304e-01;1.855459e-02
7.707411e-02;1.063762e-01;1.769543e-01;1.306635e-01;7.082029e-02;3.808227e-02;2.388731e-02;2.233131e-02;1.736412e-02;8.457570e-02;2.284915e-01;2.337935e-02
1.211920e-01;4.889366e-02;2.457091e-01;8.832888e-02;4.157488e-02;2.333264e-02;1.824871e-02;2.270057e-02;2.408290e-02;1.065246e-01;2.398392e-01;1.957286e-02
9.926011e-02;2.103074e-02;2.861049e-01;1.327626e-01;5.488122e-02;2.044047e-02;1.917827e-02;3.076888e-02;2.155228e-02;8.802199e-02;2.123660e-01;1.363253e-02
3.461460e-02;2.844463e-02;3.337260e-01;1.426151e-01;6.519999e-02;2.692760e-02;2.615593e-02;2.749030e-02;3.027407e-02;8.030840e-02;1.835385e-01;2.070484e-02
3.311158e-02;4.558684e-02;3.550993e-01;9.389643e-02;7.365854e-02;3.663576e-02;4.294156e-02;3.102599e-02;4.289471e-02;9.513985e-02;1.265634e-01;2.344601e-02
4.113614e-02;6.862512e-02;3.037517e-01;5.139783e-02;8.963963e-02;4.452507e-02;5.445398e-02;3.824645e-02;4.288444e-02;1.005174e-01;1.315699e-01;3.325226e-02
4.443762e-02;5.837103e-02;1.966492e-01;8.986146e-02;9.953997e-02;5.615960e-02;4.286906e-02;3.122727e-02;3.985801e-02;9.774321e-02;2.213084e-01;2.197519e-02
5.947290e-02;3.692745e-02;2.135512e-01;8.875249e-02;9.362176e-02;4.714501e-02;3.976335e-02;2.653433e-02;4.128731e-02;9.028191e-02;2.410767e-01;2.158553e-02
4.793753e-02;2.148032e-02;2.390018e-01;1.402199e-01;9.173652e-02;4.591456e-02;4.481802e-02;3.026918e-02;4.621946e-02;9.791858e-02;1.748181e-01;1.966597e-02
3.302531e-02;2.958171e-02;2.847450e-01;1.822239e-01;7.190475e-02;6.126563e-02;4.426215e-02;4.846081e-02;3.961592e-02;7.457316e-02;9.260488e-02;3.773681e-02
5.341342e-02;3.486528e-02;2.822846e-01;1.313612e-01;6.809162e-02;5.171704e-02;8.016392e-02;6.746334e-02;3.551035e-02;8.470758e-02;6.109095e-02;4.933074e-02
8.061478e-02;7.400814e-02;2.020921e-01;8.501755e-02;7.028432e-02;4.523540e-02;7.046188e-02;7.136415e-02;5.704097e-02;1.154513e-01;7.466993e-02;5.375952e-02
8.289872e-02;1.145421e-01;1.401654e-01;4.416394e-02;5.619934e-02;5.626243e-02;5.751327e-02;5.560123e-02;7.116955e-02;1.370620e-01;1.005993e-01;8.382277e-02
9.107289e-02;1.152175e-01;9.703772e-02;4.645151e-02;4.332816e-02;5.582551e-02;6.494944e-02;5.359207e-02;5.582430e-02;1.633937e-01;1.116990e-01;1.016082e-01
9.426799e-02;7.634768e-02;9.950119e-02;7.856600e-02;3.688571e-02;6.208505e-02;9.938809e-02;8.205292e-02;9.110375e-02;1.357358e-01;7.538854e-02;6.867728e-02
6.968721e-02;4.007402e-02;1.480122e-01;8.806515e-02;8.666652e-02;5.114521e-02;1.353069e-01;6.889861e-02;1.167745e-01;5.943312e-02;8.034911e-02;5.558749e-02
5.570608e-02;2.327787e-02;2.031145e-01;1.277289e-01;9.931382e-02;4.341428e-02;8.949195e-02;5.975792e-02;4.285519e-02;8.380097e-02;1.060032e-01;6.553537e-02
4.555862e-02;3.484407e-02;2.791013e-01;1.364131e-01;6.475189e-02;2.754926e-02;4.854112e-02;4.331703e-02;1.066740e-02;1.222465e-01;1.360575e-01;5.095215e-02
4.765337e-02;4.720979e-02;3.386956e-01;9.873102e-02;3.120878e-02;1.995968e-02;2.780610e-02;2.018439e-02;2.220273e-02;1.447976e-01;1.657084e-01;3.584252e-02
8.631851e-02;4.458758e-02;3.127181e-01;1.125823e-01;2.546507e-02;1.858162e-02;4.421296e-02;2.926478e-02;3.249442e-02;1.298901e-01;1.410392e-01;2.284531e-02
8.501859e-02;4.283048e-02;3.454012e-01;1.215902e-01;2.154407e-02;1.168984e-02;4.321670e-02;3.052226e-02;3.379928e-02;1.462008e-01;1.064414e-01;1.174529e-02
4.619208e-02;4.633205e-02;3.902328e-01;1.281405e-01;3.053560e-02;9.648412e-03;2.973101e-02;2.424593e-02;2.360573e-02;1.326258e-01;1.291341e-01;9.576020e-03
2.645442e-02;3.319669e-02;3.947079e-01;1.653124e-01;3.254601e-02;2.271895e-02;2.761614e-02;2.590483e-02;2.208547e-02;9.835702e-02;1.411070e-01;9.993191e-03
2.054191e-02;1.525418e-02;4.157740e-01;2.231227e-01;4.787632e-02;3.627799e-02;2.213259e-02;2.579587e-02;1.531746e-02;5.730066e-02;1.148639e-01;5.742351e-03
1.137845e-02;2.144149e-02;4.615916e-01;2.389493e-01;5.929800e-02;4.723843e-02;1.457214e-02;2.995757e-02;1.129065e-02;2.772304e-02;6.814133e-02;8.418084e-03
8.648353e-03;2.162567e-02;4.755206e-01;2.241811e-01;9.164343e-02;4.805187e-02;2.433257e-02;3.546605e-02;1.002823e-02;3.247908e-02;2.353250e-02;4.490468e-03
1.369137e-02;2.025481e-02;4.804838e-01;2.162804e-01;1.068093e-01;4.277715e-02;2.345551e-02;3.213322e-02;8.918272e-03;3.333243e-02;1.729090e-02;4.572855e-03
1.794549e-02;1.460154e-02;5.222574e-01;1.912638e-01;8.887176e-02;3.832743e-02;2.752541e-02;2.927339e-02;1.635619e-02;2.943651e-02;1.872324e-02;5.417787e-03
2.679550e-02;2.677142e-02;5.551576e-01;1.695507e-01;7.879709e-02;3.036798e-02;2.954749e-02;1.565261e-02;1.924100e-02;3.083608e-02;9.689267e-03;7.593218e-03
4.913827e-02;6.481691e-02;4.647736e-01;1.638438e-01;6.252036e-02;2.034135e-02;3.017993e-02;1.700919e-02;2.434162e-02;4.562167e-02;4.551404e-02;1.189934e-02
4.169110e-02;6.921180e-02;3.873801e-01;1.438686e-01;7.592431e-02;3.249610e-02;3.547831e-02;2.212415e-02;2.611220e-02;5.898114e-02;8.607221e-02;2.066005e-02
3.587994e-02;3.965802e-02;4.016954e-01;1.229111e-01;6.792321e-02;4.809839e-02;4.265704e-02;3.044872e-02;3.689873e-02;7.570233e-02;6.814460e-02;2.998248e-02
3.444767e-02;3.156474e-02;4.103964e-01;1.407427e-01;7.509825e-02;5.279689e-02;5.446830e-02;3.228226e-02;3.190937e-02;7.983597e-02;2.956292e-02;2.689447e-02
3.421578e-02;2.330469e-02;3.957764e-01;1.567693e-01;6.783539e-02;4.413409e-02;6.273823e-02;5.004660e-02;3.608192e-02;7.588232e-02;3.114396e-02;2.207130e-02
4.184131e-02;2.709251e-02;3.566211e-01;1.518244e-01;6.401181e-02;4.955432e-02;3.859783e-02;5.705510e-02;4.340420e-02;9.434434e-02;2.999653e-02;4.565657e-02
3.767097e-02;4.075998e-02;3.194656e-01;1.441115e-01;5.927223e-02;6.317028e-02;4.404260e-02;5.970606e-02;6.332518e-02;9.556973e-02;2.244345e-02;5.046238e-02
5.384148e-02;4.302162e-02;3.101849e-01;9.524659e-02;6.234399e-02;5.426574e-02;7.427093e-02;6.858090e-02;9.046842e-02;7.878277e-02;4.353192e-02;2.546071e-02
6.332786e-02;4.572064e-02;2.701335e-01;5.429760e-02;6.203768e-02;3.263375e-02;1.160739e-01;6.318492e-02;9.920790e-02;8.922413e-02;6.569742e-02;3.846065e-02
5.752780e-02;4.508989e-02;1.526458e-01;6.377317e-02;6.036391e-02;5.285353e-02;1.212494e-01;9.393921e-02;1.112385e-01;1.367050e-01;6.941640e-02;3.519733e-02
5.235643e-02;3.659049e-02;2.404022e-01;5.817033e-02;5.764861e-02;5.851024e-02;9.134725e-02;8.047651e-02;9.099330e-02;1.106498e-01;7.802326e-02;4.483157e-02
2.787373e-02;4.675932e-02;4.531721e-01;4.753010e-02;5.317811e-02;4.037064e-02;8.063586e-02;4.366201e-02;3.884686e-02;6.301276e-02;7.122245e-02;3.373608e-02
1.474066e-02;5.295411e-02;6.497854e-01;4.344155e-02;4.018645e-02;2.272703e-02;3.494859e-02;1.405292e-02;2.809750e-02;3.792696e-02;4.101856e-02;2.012027e-02
2.092790e-02;5.902354e-02;7.238101e-01;3.728954e-02;2.258758e-02;1.462253e-02;2.281212e-02;8.604310e-03;3.920937e-02;2.410292e-02;1.840216e-02;8.607958e-03
1.821782e-02;6.640794e-02;7.528943e-01;3.384688e-02;6.908827e-03;1.585505e-02;2.055973e-02;8.648122e-03;4.286931e-02;1.884720e-02;9.173959e-03;5.770899e-03
1.158239e-02;7.312041e-02;7.456391e-01;3.053962e-02;1.091482e-02;2.024178e-02;2.877688e-02;7.516149e-03;4.065719e-02;1.576778e-02;7.605507e-03;7.638277e-03
2.613391e-02;8.358982e-02;7.120562e-01;2.880624e-02;1.361379e-02;2.608795e-02;2.259704e-02;7.264786e-03;4.759586e-02;1.637634e-02;7.274277e-03;8.603793e-03
3.162067e-02;1.028547e-01;6.833662e-01;2.796446e-02;1.157988e-02;2.094891e-02;1.920889e-02;7.763310e-03;6.258950e-02;1.501447e-02;8.811775e-03;8.277331e-03
4.087759e-02;1.145899e-01;6.627862e-01;2.606587e-02;1.089294e-02;1.794066e-02;1.200038e-02;7.284791e-03;7.311189e-02;1.206282e-02;1.039501e-02;1.199191e-02
5.341565e-02;1.007954e-01;6.688949e-01;2.574118e-02;1.153008e-02;1.207271e-02;1.390154e-02;1.606378e-02;5.842554e-02;1.671866e-02;9.520328e-03;1.292024e-02
5.976868e-02;8.655325e-02;6.416479e-01;2.430592e-02;1.877788e-02;1.243501e-02;1.546005e-02;3.288818e-02;4.947361e-02;2.052999e-02;2.223544e-02;1.592406e-02
4.834769e-02;8.002651e-02;6.381208e-01;2.012808e-02;1.591196e-02;1.566498e-02;2.407074e-02;4.904577e-02;5.211015e-02;1.675533e-02;1.929972e-02;2.051829e-02
3.999180e-02;6.740734e-02;6.593473e-01;1.947368e-02;2.445863e-02;1.157819e-02;2.621864e-02;4.166269e-02;4.380690e-02;1.987009e-02;2.650798e-02;1.967684e-02
4.172527e-02;6.617261e-02;6.629491e-01;2.159319e-02;2.257968e-02;1.200280e-02;2.505746e-02;3.696962e-02;5.587277e-02;1.731366e-02;2.248335e-02;1.528044e-02
3.666742e-02;8.216348e-02;6.521080e-01;2.021139e-02;1.166014e-02;1.725465e-02;2.815989e-02;2.231944e-02;7.554457e-02;1.726192e-02;2.013431e-02;1.651489e-02
5.619728e-02;9.344720e-02;6.216607e-01;2.164687e-02;1.710337e-02;1.614665e-02;1.875229e-02;1.433490e-02;9.136090e-02;2.050715e-02;1.604258e-02;1.280005e-02
7.000313e-02;1.052568e-01;6.053954e-01;1.981771e-02;1.461312e-02;9.501510e-03;1.920892e-02;2.471797e-02;8.589626e-02;1.894995e-02;1.450923e-02;1.212994e-02
6.595358e-02;1.179892e-01;6.052129e-01;2.020280e-02;1.585189e-02;1.228224e-02;2.063118e-02;1.557287e-02;8.278903e-02;1.581456e-02;1.404346e-02;1.365636e-02
6.336686e-02;1.182874e-01;5.906882e-01;2.883589e-02;1.639530e-02;2.334090e-02;2.815644e-02;1.200983e-02;7.556589e-02;1.623906e-02;1.466611e-02;1.244806e-02
7.892819e-02;1.247356e-01;5.386673e-01;3.833091e-02;2.280015e-02;2.512791e-02;4.733180e-02;1.297686e-02;6.200122e-02;1.737951e-02;1.847223e-02;1.324830e-02
8.128402e-02;1.558454e-01;5.270022e-01;3.672097e-02;1.712468e-02;1.977001e-02;4.071827e-02;1.562553e-02;6.433013e-02;1.481629e-02;1.551912e-02;1.124348e-02
6.883524e-02;1.775680e-01;5.394678e-01;2.815007e-02;1.041973e-02;1.852701e-02;2.552960e-02;2.269820e-02;6.923644e-02;1.261552e-02;1.337189e-02;1.358049e-02
4.031062e-02;1.591967e-01;6.200556e-01;2.717663e-02;1.118497e-02;1.286735e-02;1.241409e-02;1.660917e-02;5.849675e-02;1.984934e-02;1.168664e-02;1.015214e-02
1.597594e-02;1.181863e-01;7.048680e-01;2.616652e-02;8.860027e-03;6.820532e-03;7.863506e-03;1.292207e-02;3.789094e-02;4.367405e-02;9.689443e-03;7.082712e-03
1.114775e-02;8.868360e-02;7.245631e-01;2.698113e-02;1.053397e-02;5.899070e-03;9.942697e-03;1.252463e-02;2.729507e-02;6.930517e-02;6.521777e-03;6.602001e-03
1.217055e-02;6.050116e-02;7.195526e-01;4.089099e-02;2.024123e-02;5.083894e-03;2.137454e-02;8.976419e-03;1.812779e-02;7.874438e-02;9.667671e-03;4.668751e-03
9.559747e-03;3.031568e-02;7.133356e-01;7.976977e-02;2.912123e-02;6.313198e-03;3.030557e-02;8.182907e-03;1.535587e-02;7.016353e-02;4.147639e-03;3.429213e-03
1.876219e-02;1.134682e-02;6.505079e-01;1.145884e-01;4.344009e-02;1.110651e-02;3.657701e-02;2.466693e-02;1.952971e-02;5.440604e-02;1.064186e-02;4.426597e-03
1.852493e-02;1.717725e-02;5.882376e-01;1.092055e-01;4.352504e-02;1.328686e-02;3.712899e-02;5.957038e-02;3.508782e-02;4.202974e-02;2.654981e-02;9.676017e-03
1.629538e-02;1.734421e-02;5.850274e-01;9.441722e-02;3.492391e-02;9.137056e-03;2.677814e-02;6.443324e-02;4.105702e-02;4.015454e-02;5.206195e-02;1.836991e-02
1.221610e-02;4.401480e-02;6.159736e-01;9.701320e-02;3.161850e-02;1.365652e-02;2.209325e-02;2.965968e-02;2.562370e-02;3.059039e-02;5.637453e-02;2.116573e-02
1.399450e-02;4.250313e-02;6.460127e-01;1.079455e-01;4.072827e-02;2.083129e-02;3.214873e-02;1.003615e-02;1.887364e-02;1.762150e-02;3.549353e-02;1.381113e-02
1.259133e-02;2.135801e-02;6.956915e-01;1.035427e-01;3.961717e-02;2.248375e-02;2.633213e-02;6.124998e-03;2.780375e-02;2.292836e-02;1.614936e-02;5.376943e-03
1.908929e-02;2.224363e-02;7.106633e-01;8.222355e-02;3.551808e-02;1.748482e-02;3.222064e-02;6.201384e-03;2.382136e-02;3.745623e-02;1.081371e-02;2.263988e-03
2.279663e-02;2.285774e-02;7.400933e-01;6.538595e-02;3.033150e-02;6.950072e-03;2.734935e-02;5.536532e-03;1.821547e-02;4.531468e-02;1.235042e-02;2.818357e-03
1.652607e-02;2.207438e-02;7.662807e-01;4.924022e-02;2.824000e-02;8.483625e-03;2.408112e-02;7.236504e-03;1.821007e-02;4.577839e-02;9.304166e-03;4.544766e-03
4.583900e-03;2.811856e-02;7.719274e-01;5.698661e-02;3.089700e-02;1.140388e-02;8.448695e-03;7.629632e-03;1.540317e-02;4.570224e-02;1.510478e-02;3.794148e-03
1.270431e-02;4.048361e-02;7.028264e-01;6.302039e-02;3.748433e-02;1.277436e-02;2.262780e-02;1.045709e-02;2.389124e-02;4.384995e-02;2.110135e-02;8.779119e-03
2.950625e-02;4.443283e-02;6.040810e-01;5.999509e-02;4.667670e-02;1.538136e-02;4.394457e-02;1.491763e-02;4.467356e-02;5.064801e-02;3.152495e-02;1.421799e-02
5.531200e-02;3.414610e-02;4.911332e-01;6.521685e-02;4.568463e-02;2.753413e-02;6.906781e-02;2.635676e-02;5.892203e-02;6.176299e-02;4.521316e-02;1.965040e-02
7.383633e-02;2.723874e-02;4.460756e-01;9.320100e-02;4.045725e-02;3.283495e-02;8.074503e-02;3.033379e-02;4.327214e-02;5.796216e-02;4.654664e-02;2.749634e-02
8.136462e-02;3.154909e-02;4.400796e-01;1.092801e-01;4.420329e-02;3.371392e-02;8.052977e-02;2.851210e-02;3.826357e-02;5.419685e-02;2.693234e-02;3.137471e-02
7.246099e-02;3.791112e-02;4.828876e-01;9.935773e-02;3.728448e-02;2.791813e-02;5.286021e-02;3.707561e-02;3.705342e-02;6.084369e-02;2.693534e-02;2.741173e-02
6.463224e-02;4.728453e-02;4.874653e-01;8.653159e-02;2.627040e-02;2.975439e-02;5.352882e-02;3.914028e-02;4.086573e-02;5.789588e-02;3.976381e-02;2.686712e-02
4.722700e-02;5.164593e-02;4.355972e-01;7.419723e-02;3.924581e-02;5.272337e-02;7.867723e-02;5.511880e-02;3.002099e-02;5.904262e-02;4.782229e-02;2.868149e-02
6.233241e-02;7.701264e-02;1.629211e-01;6.531309e-02;4.929463e-02;8.798574e-02;1.480347e-01;7.068399e-02;1.012702e-01;7.628309e-02;4.089433e-02;5.797394e-02
9.471855e-02;9.029932e-02;7.467341e-02;6.211852e-02;5.825144e-02;8.927083e-02;1.591162e-01;7.226372e-02;1.132020e-01;8.953931e-02;3.462287e-02;6.192380e-02
1.008146e-01;8.471274e-02;1.341947e-01;5.724354e-02;6.005549e-02;7.081962e-02;1.438456e-01;6.827547e-02;9.416497e-02;9.831426e-02;3.764406e-02;4.991501e-02
6.965856e-02;8.129357e-02;2.892839e-01;4.853858e-02;6.396322e-02;4.843497e-02;1.322553e-01;5.262307e-02;3.402067e-02;8.407178e-02;6.929491e-02;2.656147e-02
1.351630e-01;1.104822e-01;2.804290e-01;3.523209e-02;6.588846e-02;2.932839e-02;9.323636e-02;6.510560e-02;2.826378e-02;6.298356e-02;6.797881e-02;2.590872e-02
2.208259e-01;1.258236e-01;2.004130e-01;2.340088e-02;6.132302e-02;1.627741e-02;6.436609e-02;1.064526e-01;4.190386e-02;4.726388e-02;5.584920e-02;3.610055e-02
2.682149e-01;1.062443e-01;1.099967e-01;2.324952e-02;5.269411e-02;1.246307e-02;9.283148e-02;1.609946e-01;4.331078e-02;3.584239e-02;4.384779e-02;5.031036e-02
2.187211e-01;5.257861e-02;1.033395e-01;3.814859e-02;3.389823e-02;1.760864e-02;1.724736e-01;1.579079e-01;3.247866e-02;4.948606e-02;5.767047e-02;6.568861e-02
1.354490e-01;3.489537e-02;1.247896e-01;4.370744e-02;1.544342e-02;5.547281e-02;2.119543e-01;7.870234e-02;3.754223e-02;7.152486e-02;1.226202e-01;6.789839e-02
1.031358e-01;2.888419e-02;9.643395e-02;2.957146e-02;2.004845e-02;1.153869e-01;1.277178e-01;4.134853e-02;3.772178e-02;1.061545e-01;2.205435e-01;7.305316e-02
6.564312e-02;2.130716e-02;7.269222e-02;2.607786e-02;3.350345e-02;1.248097e-01;8.774378e-02;4.167413e-02;3.986221e-02;1.718116e-01;2.481535e-01;6.672131e-02
2.390573e-02;2.829233e-02;8.100008e-02;3.109901e-02;7.064006e-02;8.176678e-02;6.802934e-02;4.306950e-02;5.260760e-02;2.442345e-01;2.294097e-01;4.594524e-02
6.065307e-02;5.885220e-02;1.702784e-01;4.769505e-02;5.399692e-02;6.125784e-02;1.039180e-01;8.509883e-02;8.260175e-02;1.418616e-01;9.114380e-02;4.264253e-02
1.346251e-01;9.069850e-02;1.736771e-01;4.445966e-02;5.951312e-02;3.947889e-02;1.195474e-01;1.238160e-01;9.294347e-02;3.642404e-02;3.838653e-02;4.643015e-02
1.534885e-01;8.520674e-02;1.408287e-01;4.479752e-02;4.712209e-02;2.442612e-02;9.270831e-02;1.951679e-01;7.631461e-02;4.512206e-02;2.121913e-02;7.359821e-02
1.009825e-01;4.584850e-02;6.378227e-02;4.398192e-02;2.524481e-02;2.055809e-02;1.639639e-01;2.284980e-01;9.884000e-02;9.399685e-02;2.923303e-02;8.507007e-02
5.940349e-02;1.850224e-02;2.536217e-02;5.083189e-02;1.502000e-02;1.666525e-02;2.507723e-01;1.975477e-01;9.731057e-02;1.352534e-01;3.125806e-02;1.020729e-01
4.334999e-02;2.773373e-02;2.178003e-02;6.789324e-02;1.325755e-02;1.392573e-02;3.229606e-01;1.084100e-01;4.680480e-02;1.374919e-01;2.550810e-02;1.708843e-01
3.937609e-02;4.288153e-02;1.288850e-02;7.720970e-02;1.178531e-02;2.583635e-02;3.530981e-01;3.962876e-02;2.541919e-02;9.609723e-02;2.294924e-02;2.528300e-01
3.609896e-02;5.708333e-02;1.977913e-02;6.573410e-02;1.280559e-02;3.151105e-02;3.408221e-01;2.161888e-02;4.194396e-02;4.816794e-02;5.399579e-02;2.704391e-01
4.031161e-02;7.036705e-02;1.773110e-02;5.946141e-02;1.305917e-02;3.572543e-02;3.469335e-01;1.518549e-02;3.817469e-02;3.546320e-02;5.526324e-02;2.723241e-01
4.769326e-02;7.142986e-02;1.491262e-02;5.820299e-02;8.167490e-03;2.807588e-02;3.483059e-01;2.077365e-02;3.555651e-02;6.086626e-02;2.889474e-02;2.771209e-01
6.156205e-02;7.751267e-02;1.988068e-02;6.175696e-02;7.112098e-03;4.081601e-02;3.588497e-01;1.665885e-02;2.977231e-02;5.188611e-02;2.596619e-02;2.482264e-01
6.333840e-02;8.444171e-02;2.024586e-02;6.159059e-02;1.558701e-02;9.443817e-02;3.465124e-01;3.145068e-02;2.374469e-02;3.819741e-02;3.122114e-02;1.892320e-01
6.727850e-02;8.661719e-02;3.270603e-02;6.191735e-02;3.842447e-02;1.466820e-01;3.050806e-01;1.754198e-02;2.675142e-02;3.615466e-02;4.138885e-02;1.394568e-01
8.793923e-02;7.626598e-02;4.465177e-02;5.439272e-02;5.058210e-02;1.504134e-01;2.464738e-01;3.504369e-02;4.340478e-02;5.373666e-02;6.195463e-02;9.514130e-02
9.272025e-02;5.907323e-02;9.187169e-02;3.771431e-02;5.247502e-02;1.181814e-01;2.341153e-01;3.729347e-02;5.927229e-02;8.185057e-02;7.650118e-02;5.893126e-02
5.449959e-02;5.180021e-02;9.280249e-02;2.534825e-02;4.131661e-02;7.754751e-02;2.831557e-01;5.097722e-02;5.496756e-02;1.122842e-01;6.103895e-02;9.426159e-02
7.603431e-02;4.885560e-02;5.887947e-02;3.105184e-02;5.554090e-02;1.020137e-01;2.674999e-01;3.495269e-02;6.270257e-02;8.863638e-02;6.893186e-02;1.049008e-01
1.195366e-01;6.661312e-02;8.453441e-02;4.526437e-02;6.879135e-02;5.916277e-02;1.965254e-01;6.414524e-02;6.395201e-02;5.835587e-02;5.473132e-02;1.183875e-01
1.973965e-01;6.776238e-02;7.255539e-02;5.173754e-02;5.004860e-02;6.158734e-02;1.724589e-01;8.082199e-02;4.930741e-02;4.411798e-02;4.409251e-02;1.081135e-01
2.257821e-01;5.931500e-02;4.979104e-02;5.927793e-02;3.098743e-02;4.537389e-02;2.187922e-01;7.944853e-02;4.082693e-02;5.218778e-02;2.830343e-02;1.099138e-01
1.964444e-01;3.383613e-02;3.430163e-02;8.488583e-02;2.054685e-02;3.884754e-02;2.632641e-01;5.346288e-02;3.117051e-02;5.126524e-02;4.630706e-02;1.456680e-01
1.513629e-01;2.127311e-02;3.734377e-02;1.069247e-01;1.884914e-02;2.688026e-02;2.930666e-01;2.571119e-02;1.773248e-02;3.996792e-02;7.062495e-02;1.902630e-01
9.961122e-02;1.885296e-02;6.163249e-02;7.334477e-02;2.004367e-02;3.608840e-02;3.097184e-01;2.724212e-02;1.832925e-02;4.253376e-02;1.002035e-01;1.923994e-01
8.703461e-02;2.270739e-02;8.340590e-02;5.444663e-02;1.554576e-02;5.758744e-02;3.126970e-01;1.759563e-02;2.548711e-02;4.263497e-02;1.057483e-01;1.751092e-01
1.171690e-01;1.007030e-02;7.975103e-02;9.956353e-02;8.443620e-03;5.147185e-02;2.990187e-01;1.906611e-02;1.570338e-02;3.418214e-02;1.067247e-01;1.588357e-01
1.448610e-01;2.384132e-02;4.807571e-02;1.390141e-01;7.772161e-03;4.192947e-02;2.871177e-01;1.997364e-02;1.010260e-02;2.513213e-02;8.925603e-02;1.629242e-01
1.363876e-01;2.407357e-02;3.937254e-02;1.506642e-01;1.471998e-02;4.559638e-02;2.943580e-01;1.358850e-02;1.343004e-02;2.495379e-02;7.904135e-02;1.638140e-01
1.192391e-01;1.889849e-02;4.627385e-02;1.176484e-01;1.976229e-02;4.754310e-02;3.294804e-01;1.528471e-02;1.446382e-02;3.011479e-02;7.887658e-02;1.624145e-01
1.382243e-01;2.387846e-02;2.947373e-02;6.788257e-02;1.817147e-02;3.888533e-02;3.602076e-01;3.125839e-02;1.403394e-02;2.985219e-02;8.324870e-02;1.648834e-01
1.427282e-01;1.870843e-02;3.210707e-02;4.418054e-02;9.109367e-03;3.697518e-02;3.485293e-01;3.072676e-02;1.274278e-02;5.779759e-02;9.750584e-02;1.688889e-01
1.748681e-01;3.924596e-02;5.032088e-02;3.914630e-02;1.405029e-02;3.558766e-02;2.738098e-01;3.104294e-02;1.660315e-02;8.304071e-02;9.177428e-02;1.505098e-01
1.763370e-01;6.909006e-02;8.118063e-02;3.413754e-02;2.592260e-02;2.386557e-02;2.186062e-01;3.457275e-02;2.359531e-02;8.419205e-02;9.572152e-02;1.327787e-01
9.388055e-02;7.086045e-02;1.270200e-01;2.960661e-02;4.370688e-02;5.102850e-02;2.118604e-01;3.447934e-02;3.014866e-02;7.820185e-02;1.080475e-01;1.211592e-01
2.182369e-02;5.370618e-02;8.566616e-02;2.537929e-02;6.098710e-02;8.104806e-02;2.460963e-01;4.628728e-02;3.586566e-02;8.892723e-02;1.446218e-01;1.095913e-01
4.749825e-02;2.041660e-02;1.076064e-01;2.496092e-02;6.154723e-02;7.815602e-02;2.062013e-01;3.860945e-02;4.451350e-02;1.036899e-01;1.779391e-01;8.886130e-02
4.768689e-02;2.763629e-02;8.016597e-02;3.062969e-02;5.793138e-02;9.140225e-02;1.928344e-01;4.246917e-02;3.468888e-02;1.289834e-01;2.015547e-01;6.401689e-02
3.047631e-02;2.988977e-02;5.411897e-02;2.732396e-02;4.560090e-02;8.914538e-02;1.825657e-01;3.380359e-02;5.167229e-02;1.773510e-01;2.241250e-01;5.392711e-02
5.003280e-02;3.139255e-02;5.492820e-02;2.734967e-02;3.010825e-02;6.806237e-02;1.420198e-01;3.429965e-02;5.816010e-02;2.054189e-01;2.386053e-01;5.962231e-02
3.278747e-02;3.061190e-02;6.981294e-02;4.517717e-02;4.353609e-02;5.265959e-02;1.447623e-01;3.252592e-02;5.775486e-02;2.092288e-01;2.210941e-01;6.004887e-02
4.907081e-02;2.592863e-02;9.963635e-02;4.568509e-02;7.657789e-02;3.357042e-02;1.750633e-01;3.544883e-02;7.197410e-02;1.664134e-01;1.611715e-01;5.945966e-02
8.884975e-02;2.240131e-02;8.163685e-02;3.900083e-02;8.365823e-02;5.984821e-02;1.802859e-01;4.876570e-02;6.743823e-02;1.203205e-01;1.368110e-01;7.098341e-02
1.943974e-01;3.955332e-02;9.157379e-02;3.823712e-02;5.489224e-02;5.122648e-02;1.222069e-01;4.202418e-02;4.438793e-02;8.930437e-02;1.205898e-01;1.116065e-01
3.381195e-01;4.477085e-02;8.898173e-02;4.618204e-02;3.088453e-02;3.361306e-02;9.853138e-02;3.640371e-02;2.198973e-02;5.310410e-02;6.941785e-02;1.380015e-01
4.074298e-01;4.823439e-02;7.677491e-02;5.923673e-02;2.438349e-02;3.162621e-02;9.847793e-02;4.186013e-02;1.808952e-02;3.848119e-02;3.411680e-02;1.212889e-01
4.379576e-01;8.150751e-02;8.126373e-02;6.585462e-02;1.396730e-02;2.852779e-02;9.278616e-02;2.507345e-02;1.191062e-02;3.291202e-02;2.394561e-02;1.042936e-01
4.240773e-01;1.134991e-01;6.478292e-02;5.829713e-02;1.100371e-02;2.170112e-02;1.002525e-01;1.539777e-02;7.286613e-03;2.888668e-02;3.810344e-02;1.167117e-01
3.365408e-01;9.715469e-02;5.794453e-02;5.082848e-02;1.447592e-02;2.006580e-02;1.376767e-01;3.612957e-02;1.669282e-02;4.436031e-02;6.594175e-02;1.221886e-01
2.201295e-01;5.924085e-02;5.004540e-02;3.563278e-02;2.890958e-02;5.896105e-02;2.057372e-01;4.428526e-02;2.334870e-02;6.862549e-02;1.036260e-01;1.014582e-01
1.182863e-01;4.109299e-02;9.273596e-02;2.638854e-02;4.078943e-02;1.117871e-01;2.028379e-01;3.871945e-02;2.295924e-02;9.215716e-02;1.402531e-01;7.199286e-02
1.064208e-01;4.608951e-02;1.324865e-01;2.504558e-02;3.879927e-02;8.943936e-02;1.298630e-01;2.422926e-02;3.862274e-02;1.203178e-01;1.595170e-01;8.916924e-02
7.316506e-02;4.356704e-02;1.028980e-01;3.068432e-02;4.125060e-02;5.499052e-02;7.564588e-02;3.482941e-02;6.382757e-02;1.846610e-01;1.987951e-01;9.568554e-02
1.138766e-01;3.912429e-02;6.289150e-02;3.463587e-02;5.078087e-02;2.315834e-02;8.874390e-02;6.193213e-02;6.818390e-02;1.951050e-01;1.788840e-01;8.268361e-02
1.503897e-01;3.901171e-02;7.871004e-02;3.778058e-02;5.018226e-02;4.872886e-02;1.326894e-01;5.928668e-02;6.312305e-02;1.473887e-01;1.108223e-01;8.188678e-02
1.575647e-01;5.494975e-02;9.203646e-02;4.722102e-02;7.105516e-02;6.068885e-02;1.437468e-01;3.202324e-02;7.980666e-02;1.219455e-01;4.981384e-02;8.914813e-02
1.278727e-01;4.171337e-02;8.637173e-02;8.569079e-02;5.233767e-02;4.724338e-02;1.667392e-01;4.663065e-02;9.984513e-02;1.212466e-01;6.240215e-02;6.190675e-02
1.299218e-01;4.959321e-02;1.251568e-01;9.749626e-02;7.408236e-02;8.464319e-02;1.111818e-01;5.000878e-02;7.593223e-02;1.052614e-01;5.253430e-02;4.418794e-02
1.563420e-01;5.825154e-02;1.118043e-01;9.196807e-02;7.977495e-02;9.420744e-02;1.200870e-01;4.908112e-02;4.561983e-02;8.868469e-02;4.815809e-02;5.602094e-02
1.389762e-01;3.912271e-02;9.489249e-02;1.005989e-01;4.792400e-02;7.828524e-02;1.373039e-01;4.468566e-02;7.319614e-02;9.576597e-02;7.245155e-02;7.679733e-02
1.095476e-01;4.634234e-02;9.434459e-02;7.292549e-02;3.629183e-02;6.300718e-02;1.063899e-01;4.593191e-02;8.813158e-02;1.240712e-01;1.136863e-01;9.933008e-02
7.892011e-02;8.006299e-02;1.052767e-01;6.377228e-02;5.659993e-02;5.742361e-02;9.430794e-02;9.123633e-02;6.193353e-02;1.114315e-01;1.086802e-01;9.035491e-02
