8.113492e-02;5.508512e-02;1.139562e-01;9.541146e-02;7.807548e-02;1.076222e-01;7.003120e-02;9.146095e-02;1.129885e-01;7.904346e-02;6.325104e-02;5.193944e-02
7.098016e-02;4.636988e-02;1.596864e-01;8.049196e-02;1.074452e-01;7.746457e-02;1.069044e-01;6.212022e-02;1.395465e-01;7.280780e-02;4.410654e-02;3.207635e-02
5.254958e-02;6.213531e-02;1.441720e-01;1.096625e-01;9.938146e-02;7.307643e-02;1.202662e-01;5.441207e-02;1.182117e-01;8.434060e-02;4.619656e-02;3.559557e-02
4.734356e-02;9.334230e-02;1.401420e-01;1.149682e-01;1.019995e-01;7.621216e-02;1.032442e-01;5.706740e-02;9.772317e-02;8.503125e-02;6.357887e-02;1.934732e-02
4.425455e-02;9.100307e-02;1.484575e-01;1.312688e-01;1.182626e-01;7.205912e-02;7.840529e-02;6.317382e-02;1.099937e-01;6.400154e-02;5.306031e-02;2.605975e-02
4.827254e-02;7.604764e-02;1.295758e-01;2.010091e-01;1.143777e-01;6.829551e-02;5.840240e-02;6.021209e-02;9.760197e-02;7.219601e-02;3.633514e-02;3.767419e-02
3.915955e-02;7.956111e-02;9.791993e-02;1.989858e-01;1.056748e-01;5.462136e-02;6.063898e-02;5.484604e-02;7.828283e-02;1.046144e-01;5.578280e-02;6.991230e-02
4.471050e-02;7.717108e-02;9.303474e-02;1.272210e-01;7.904056e-02;4.389217e-02;1.225260e-01;6.162845e-02;1.003092e-01;1.213196e-01;7.165783e-02;5.748887e-02
7.437446e-02;5.496422e-02;1.046876e-01;9.286439e-02;7.610162e-02;5.349101e-02;1.231096e-01;6.203990e-02;1.191240e-01;9.097868e-02;6.776158e-02;8.050292e-02
9.836229e-02;5.301516e-02;1.186438e-01;7.629684e-02;6.668316e-02;4.815893e-02;1.123741e-01;8.390829e-02;1.140447e-01;6.631195e-02;5.719734e-02;1.050033e-01
1.072421e-01;6.480540e-02;1.241899e-01;7.058070e-02;7.586431e-02;5.582939e-02;1.375788e-01;7.512311e-02;7.158839e-02;7.808095e-02;6.826975e-02;7.084712e-02
1.182018e-01;7.677381e-02;1.250496e-01;1.141497e-01;7.886407e-02;6.293820e-02;1.378119e-01;5.384461e-02;4.553901e-02;7.064451e-02;6.144928e-02;5.473354e-02
1.080000e-01;6.144428e-02;1.312427e-01;1.175455e-01;6.184039e-02;7.141723e-02;1.030501e-01;7.008526e-02;7.411396e-02;8.211160e-02;5.031708e-02;6.883191e-02
6.717757e-02;4.919389e-02;1.666054e-01;1.205563e-01;9.328049e-02;7.740333e-02;8.124364e-02;7.343773e-02;7.038815e-02;8.703983e-02;5.903935e-02;5.463434e-02
4.121041e-02;5.019335e-02;1.657070e-01;1.416304e-01;8.743273e-02;8.356631e-02;9.604353e-02;5.994744e-02;8.226651e-02;7.118542e-02;4.987749e-02;7.093944e-02
5.527584e-02;7.402842e-02;1.501994e-01;1.138336e-01;8.343276e-02;9.967687e-02;8.557068e-02;5.913206e-02;1.088130e-01;8.074729e-02;4.326083e-02;4.602925e-02
8.015633e-02;8.015624e-02;1.273688e-01;9.982181e-02;8.037950e-02;8.709220e-02;7.243855e-02;3.882056e-02;1.015745e-01;9.635568e-02;8.905237e-02;4.678354e-02
6.777546e-02;7.464104e-02;1.418933e-01;1.222142e-01;1.242908e-01;7.627430e-02;8.217931e-02;3.649072e-02;7.673317e-02;9.540286e-02;6.678972e-02;3.531504e-02
5.126977e-02;1.076203e-01;1.261583e-01;1.114647e-01;9.450789e-02;6.425124e-02;8.563481e-02;6.533970e-02;9.415999e-02;1.247490e-01;2.669123e-02;4.815313e-02
5.987860e-02;1.226206e-01;1.174971e-01;1.053474e-01;4.669925e-02;7.405695e-02;8.819500e-02;7.834888e-02;1.333173e-01;1.060649e-01;1.904482e-02;4.892917e-02
7.200988e-02;5.667384e-02;1.586415e-01;9.567111e-02;5.163285e-02;8.887574e-02;8.589888e-02;5.957785e-02;9.450701e-02;7.388646e-02;7.530633e-02;8.731849e-02
1.129234e-01;7.278632e-02;1.505976e-01;5.410184e-02;5.338765e-02;4.745336e-02;1.057290e-01;6.816155e-02;6.175827e-02;9.037866e-02;1.066131e-01;7.610922e-02
1.536277e-01;1.052515e-01;1.300551e-01;3.842821e-02;5.468715e-02;2.703924e-02;6.372362e-02;8.291365e-02;1.038814e-01;8.112472e-02;9.207316e-02;6.719458e-02
1.993909e-01;1.180577e-01;9.211933e-02;6.417489e-02;5.631006e-02;1.162974e-02;4.262130e-02;9.522124e-02;1.129877e-01;6.366770e-02;5.847609e-02;8.534328e-02
1.723695e-01;9.574103e-02;6.111736e-02;1.704310e-01;4.568574e-02;8.749593e-03;8.628225e-02;6.665731e-02;6.907094e-02;4.448835e-02;1.755610e-02;1.618509e-01
7.590555e-02;6.956711e-02;1.217413e-01;2.313384e-01;2.444359e-02;2.439567e-02;1.123336e-01;1.611483e-02;3.523216e-02;3.461331e-02;4.635036e-02;2.079641e-01
2.806927e-02;4.786183e-02;2.550051e-01;1.478207e-01;3.142763e-02;4.224690e-02;8.880055e-02;2.406121e-02;4.217911e-02;3.495146e-02;1.082019e-01;1.493744e-01
3.988715e-02;1.615881e-02;4.065225e-01;4.502919e-02;3.797685e-02;4.786482e-02;5.758118e-02;2.204670e-02;4.365635e-02;2.697922e-02;1.597558e-01;9.654149e-02
2.848197e-02;1.566035e-02;4.131685e-01;6.676933e-02;2.788898e-02;3.696292e-02;5.418995e-02;1.886954e-02;2.664419e-02;1.834763e-02;1.745568e-01;1.184598e-01
2.997301e-02;1.923018e-02;3.865559e-01;1.748429e-02;2.449412e-02;4.328080e-02;5.961852e-02;1.883016e-02;2.675080e-02;2.237136e-02;2.166533e-01;1.347576e-01
2.832369e-02;2.422614e-02;2.750084e-01;5.338468e-02;1.748338e-02;5.383182e-02;7.187247e-02;1.800740e-02;2.854030e-02;2.867275e-02;2.608195e-01;1.398295e-01
3.126372e-02;1.845455e-02;1.456826e-01;8.437029e-02;1.690837e-02;5.817994e-02;1.158008e-01;2.214630e-02;3.766622e-02;5.277570e-02;2.450371e-01;1.717144e-01
7.165705e-02;2.087199e-02;4.047020e-02;1.449901e-01;1.670526e-02;4.498109e-02;2.217552e-01;3.373193e-02;4.687527e-02;6.061094e-02;1.198442e-01;1.775068e-01
1.295055e-01;1.818649e-02;5.069827e-02;1.393009e-01;2.124966e-02;2.974002e-02;2.764144e-01;5.515030e-02;4.407398e-02;6.688739e-02;4.961592e-02;1.191771e-01
2.260156e-01;2.438761e-02;5.539129e-02;9.035609e-02;3.059447e-02;1.961577e-02;2.073984e-01;1.196194e-01;3.720918e-02;5.646197e-02;4.429162e-02;8.865860e-02
3.381437e-01;4.821659e-02;5.010823e-02;4.838040e-02;5.462718e-02;1.110964e-02;1.148992e-01;1.723523e-01;3.268823e-02;3.186742e-02;3.291468e-02;6.469234e-02
3.977487e-01;9.646285e-02;7.382965e-02;1.381170e-02;7.893928e-02;9.142555e-03;3.544439e-02;1.531939e-01;4.186854e-02;1.349852e-02;3.698234e-02;4.907753e-02
3.556956e-01;1.819314e-01;9.924626e-02;1.115432e-02;6.076918e-02;1.716083e-02;1.914801e-02;8.821055e-02;7.703219e-02;1.436012e-02;3.663640e-02;3.865514e-02
2.222915e-01;2.605134e-01;1.643257e-01;1.775814e-02;2.561370e-02;4.068933e-02;1.805399e-02;3.907116e-02;1.374948e-01;1.992423e-02;2.447466e-02;2.978933e-02
8.164740e-02;2.655694e-01;2.808217e-01;2.248744e-02;1.354372e-02;6.372406e-02;2.221111e-02;2.047194e-02;1.590279e-01;3.381009e-02;1.143421e-02;2.525098e-02
3.517430e-02;2.002860e-01;4.141773e-01;2.568702e-02;1.098408e-02;4.682441e-02;3.229370e-02;1.799128e-02;9.486583e-02;9.533244e-02;6.239874e-03;2.014383e-02
3.745580e-02;1.159879e-01;4.358971e-01;3.059939e-02;1.559225e-02;1.841971e-02;5.511425e-02;1.062200e-02;5.686225e-02;1.719039e-01;3.143434e-02;2.011116e-02
3.944892e-02;4.887266e-02;3.422011e-01;4.737519e-02;1.041098e-02;9.628476e-03;9.052354e-02;1.143378e-02;4.173405e-02;1.840138e-01;1.317707e-01;4.258676e-02
4.802556e-02;2.690302e-02;2.045204e-01;1.468340e-01;1.710259e-02;6.352627e-03;8.943143e-02;2.450207e-02;3.398436e-02;1.254573e-01;2.132476e-01;6.363904e-02
4.814331e-02;2.568198e-02;1.468536e-01;3.139400e-01;1.452657e-02;1.265105e-02;5.750965e-02;1.699747e-02;3.022163e-02;6.555551e-02;2.175076e-01;5.041162e-02
2.604066e-02;4.443802e-02;9.331892e-02;4.522445e-01;1.920833e-02;2.244879e-02;1.685495e-02;4.459889e-02;1.919240e-02;2.880914e-02;2.164353e-01;1.641010e-02
1.204632e-02;9.665842e-02;4.538163e-02;4.112463e-01;5.772121e-02;2.317301e-02;5.224386e-03;7.370987e-02;1.009400e-02;3.374082e-02;1.926266e-01;3.837747e-02
5.990967e-03;1.117814e-01;3.806005e-02;2.575014e-01;1.729100e-01;1.367856e-02;1.265059e-02;5.974682e-02;1.770757e-02;5.076942e-02;1.314708e-01;1.277325e-01
8.712393e-03;5.196422e-02;5.305810e-02;9.651485e-02;3.284866e-01;1.002487e-02;2.633315e-02;2.355005e-02;3.900895e-02;4.233477e-02;6.777185e-02;2.522402e-01
2.003700e-02;1.546090e-02;1.067664e-01;3.313723e-02;3.761598e-01;2.139314e-02;2.896753e-02;6.494064e-03;5.474045e-02;1.942603e-02;2.949923e-02;2.879182e-01
8.492536e-02;1.665500e-02;1.527106e-01;3.222202e-02;3.040670e-01;5.926100e-02;2.656331e-02;1.548517e-02;4.850036e-02;1.501560e-02;2.967756e-02;2.149171e-01
2.660870e-01;1.376641e-02;1.079476e-01;4.050414e-02;1.841207e-01;1.560407e-01;2.921281e-02;3.368809e-02;2.717976e-02;3.350276e-02;1.509352e-02;9.285656e-02
3.765579e-01;1.965525e-02;3.332511e-02;9.255227e-02;8.580229e-02;1.878472e-01;3.920911e-02;3.812062e-02;2.056531e-02;7.214841e-02;8.082259e-03;2.613419e-02
3.715931e-01;4.339124e-02;1.248161e-02;1.473048e-01;5.331419e-02;1.373664e-01;5.966539e-02;2.481106e-02;1.895159e-02;9.954797e-02;1.302897e-02;1.854365e-02
3.057057e-01;1.187988e-01;1.341616e-02;1.368957e-01;5.474842e-02;8.232065e-02;1.081460e-01;1.511365e-02;1.924373e-02;9.232639e-02;1.213821e-02;4.114661e-02
1.637967e-01;2.070057e-01;1.815366e-02;5.604167e-02;7.217764e-02;1.049276e-01;1.774203e-01;2.314001e-02;3.297542e-02;5.285067e-02;3.530974e-02;5.620084e-02
9.410194e-02;2.209304e-01;2.505069e-02;4.098556e-02;6.900948e-02;1.507679e-01;2.012051e-01;3.828945e-02;3.583535e-02;2.860022e-02;5.543358e-02;3.979036e-02
9.993318e-02;1.506296e-01;3.724300e-02;6.257971e-02;1.177138e-01;1.691030e-01;1.515540e-01;3.532490e-02;3.007261e-02;5.736090e-02;5.128788e-02;3.719746e-02
1.352059e-01;9.841804e-02;5.476346e-02;9.450197e-02;1.499057e-01;1.504565e-01;1.161939e-01;2.881636e-02;4.435598e-02;7.176450e-02;3.538160e-02;2.023612e-02
1.467838e-01;7.692984e-02;6.312891e-02;8.235501e-02;1.352140e-01;1.158340e-01;1.978007e-01;1.783274e-02;2.300794e-02;6.472622e-02;3.206300e-02;4.432379e-02
1.202864e-01;8.954656e-02;9.007077e-02;4.855552e-02;9.139319e-02;8.946733e-02;2.770376e-01;4.977890e-02;2.014015e-02;5.223921e-02;3.798677e-02;3.349758e-02
6.217991e-02;8.608064e-02;1.639244e-01;4.896344e-02;4.752183e-02;5.666781e-02;2.190211e-01;1.330450e-01;5.560841e-02;5.565386e-02;3.090859e-02;4.042504e-02
2.649763e-02;4.929407e-02;2.065579e-01;4.953683e-02;3.572323e-02;6.363296e-02;1.625261e-01;1.953592e-01;8.408499e-02;4.720883e-02;1.362994e-02;6.594837e-02
1.523671e-02;1.904245e-02;2.281338e-01;3.899759e-02;2.552575e-02;7.945590e-02;1.351550e-01;2.500156e-01;8.391076e-02;4.267647e-02;4.728488e-03;7.712153e-02
7.440722e-03;1.460965e-02;2.393310e-01;2.004527e-02;1.543066e-02;6.953993e-02;1.620966e-01;2.767777e-01;5.776609e-02;6.139777e-02;4.706040e-03;7.085857e-02
1.299495e-02;1.339201e-02;2.166067e-01;1.255327e-02;1.439462e-02;6.637408e-02;2.439813e-01;2.533999e-01;3.265698e-02;7.642446e-02;4.404375e-03;5.281737e-02
1.872379e-02;2.046520e-02;1.448417e-01;8.433577e-03;5.542446e-02;6.124011e-02;3.847420e-01;1.837883e-01;2.324476e-02;6.121090e-02;1.036040e-02;2.752474e-02
1.982025e-02;4.105342e-02;5.868448e-02;9.687287e-03;1.064236e-01;4.714978e-02;5.238515e-01;1.053855e-01;2.319859e-02;2.850481e-02;2.519502e-02;1.104578e-02
2.414548e-02;5.376805e-02;3.457391e-02;1.523102e-02;1.074337e-01;7.124509e-02;5.221941e-01;6.950893e-02;3.810129e-02;1.697003e-02;2.603325e-02;2.079527e-02
4.082459e-02;4.166853e-02;4.732011e-02;2.981465e-02;1.216014e-01;1.398364e-01;4.283691e-01;4.741012e-02;3.757656e-02;1.859098e-02;1.900231e-02;2.798532e-02
4.138525e-02;1.282015e-02;1.321269e-01;5.000211e-02;1.669586e-01;1.735967e-01;2.571282e-01;6.021401e-02;3.243986e-02;2.170884e-02;1.522491e-02;3.639460e-02
2.713463e-02;2.552382e-02;2.754034e-01;7.853921e-02;1.565424e-01;1.148033e-01;1.222825e-01;6.892180e-02;4.503161e-02;3.437483e-02;1.733398e-02;3.410850e-02
2.209446e-02;2.633773e-02;4.166289e-01;8.229934e-02;9.190108e-02;8.047620e-02;1.269516e-01;4.109102e-02;4.869986e-02;3.035597e-02;1.462539e-02;1.853837e-02
2.338269e-02;1.895845e-02;4.419897e-01;8.431466e-02;6.437229e-02;7.532851e-02;1.399641e-01;3.976435e-02;5.258675e-02;2.172468e-02;2.559026e-02;1.202361e-02
2.166417e-02;1.452001e-02;4.413246e-01;1.019126e-01;9.934600e-02;7.329161e-02;1.031585e-01;4.434721e-02;4.196888e-02;1.880993e-02;2.579019e-02;1.386635e-02
1.884897e-02;2.069386e-02;4.162374e-01;1.299838e-01;1.174283e-01;7.913882e-02;5.831365e-02;5.174487e-02;2.715879e-02;2.891828e-02;4.220892e-02;9.324353e-03
1.949903e-02;2.832133e-02;3.874933e-01;1.427723e-01;1.316538e-01;9.567985e-02;3.012595e-02;5.897769e-02;1.775303e-02;3.002155e-02;5.211657e-02;5.585608e-03
1.503025e-02;3.437960e-02;3.809522e-01;1.437048e-01;1.203622e-01;8.745449e-02;5.960949e-02;5.502666e-02;1.003020e-02;2.506223e-02;5.992101e-02;8.466843e-03
2.493881e-02;3.481149e-02;4.530785e-01;1.366382e-01;8.889141e-02;7.177194e-02;3.122988e-02;4.972674e-02;1.478598e-02;2.102346e-02;5.940040e-02;1.370316e-02
5.080863e-02;3.567171e-02;4.166062e-01;8.661450e-02;8.131998e-02;4.522399e-02;9.011147e-02;5.027136e-02;4.460778e-02;3.932264e-02;3.365554e-02;2.578618e-02
5.929587e-02;4.073997e-02;3.027316e-01;1.009455e-01;1.030644e-01;5.737006e-02;1.118757e-01;5.394643e-02;5.157331e-02;4.087849e-02;4.411729e-02;3.346132e-02
4.097519e-02;3.190629e-02;3.397487e-01;1.714227e-01;1.027034e-01;5.672559e-02;4.546916e-02;5.768553e-02;3.062914e-02;2.186293e-02;7.366086e-02;2.721050e-02
2.208026e-02;1.837578e-02;4.106349e-01;2.311024e-01;8.600488e-02;4.641186e-02;1.402502e-02;6.031743e-02;1.068611e-02;1.491867e-02;7.528981e-02;1.015289e-02
1.438325e-02;1.496497e-02;4.922244e-01;2.235502e-01;7.635655e-02;3.435313e-02;2.078035e-02;4.685065e-02;1.135403e-02;1.280691e-02;4.939263e-02;2.983000e-03
2.332889e-02;1.059327e-02;5.770015e-01;1.527810e-01;6.544538e-02;2.398650e-02;4.132529e-02;2.728094e-02;1.792315e-02;2.202425e-02;3.339677e-02;4.913078e-03
3.529172e-02;1.311343e-02;6.481968e-01;7.976674e-02;5.732519e-02;1.671744e-02;5.234219e-02;1.580948e-02;1.933843e-02;3.970274e-02;1.853871e-02;3.857102e-03
4.503088e-02;2.315056e-02;6.231394e-01;5.973650e-02;5.767647e-02;1.813035e-02;6.232170e-02;1.183940e-02;1.803672e-02;4.937347e-02;1.964320e-02;1.192139e-02
5.617014e-02;3.610660e-02;5.213572e-01;6.222284e-02;5.238192e-02;2.683262e-02;6.464496e-02;3.501795e-02;3.661976e-02;5.196508e-02;3.059820e-02;2.608276e-02
5.416461e-02;4.680203e-02;4.081387e-01;9.564909e-02;4.526925e-02;3.789115e-02;6.674206e-02;6.658206e-02;3.886938e-02;4.302918e-02;4.877280e-02;4.808964e-02
6.123472e-02;5.468418e-02;2.815489e-01;1.055650e-01;7.925271e-02;4.957240e-02;6.015136e-02;7.823034e-02;4.706979e-02;5.057774e-02;6.754211e-02;6.457078e-02
6.199033e-02;7.472844e-02;1.845909e-01;7.352567e-02;6.887094e-02;4.367418e-02;6.137487e-02;9.549313e-02;7.114950e-02;8.282258e-02;9.369732e-02;8.808214e-02
8.831760e-02;9.334334e-02;1.041060e-01;5.114615e-02;4.975482e-02;2.227267e-02;3.688763e-02;1.111647e-01;1.139740e-01;1.169359e-01;9.540029e-02;1.166968e-01
9.748194e-02;9.457419e-02;8.237395e-02;4.880279e-02;4.321100e-02;2.643697e-02;4.544234e-02;1.198399e-01;1.224240e-01;1.036308e-01;1.034831e-01;1.122989e-01
6.839639e-02;7.021727e-02;1.016513e-01;5.959060e-02;2.923072e-02;3.214850e-02;6.774279e-02;1.122885e-01;8.831018e-02;9.766300e-02;1.227684e-01;1.499925e-01
1.212085e-01;5.927534e-02;1.063165e-01;4.964601e-02;4.408532e-02;4.065029e-02;8.224730e-02;5.992339e-02;5.566189e-02;1.201429e-01;7.332940e-02;1.875131e-01
1.163017e-01;6.431122e-02;7.733370e-02;5.417911e-02;4.370386e-02;4.666511e-02;7.590251e-02;4.688437e-02;9.941935e-02;1.337432e-01;8.704060e-02;1.545153e-01
7.318426e-02;1.002127e-01;6.321978e-02;9.040096e-02;3.092345e-02;3.996050e-02;6.367221e-02;5.201795e-02;1.277972e-01;1.502717e-01;1.185489e-01;8.979040e-02
1.306685e-01;1.224589e-01;8.774667e-02;1.074611e-01;2.856484e-02;3.509858e-02;3.756950e-02;3.682961e-02;1.485286e-01;1.097256e-01;7.370961e-02;8.163850e-02
1.631326e-01;1.238209e-01;1.033738e-01;8.555903e-02;3.110762e-02;4.589433e-02;2.221731e-02;2.980880e-02;1.658630e-01;7.005575e-02;3.836511e-02;1.208017e-01
1.461266e-01;1.039573e-01;1.045687e-01;5.122594e-02;2.486065e-02;3.900903e-02;1.966679e-02;2.969774e-02;1.525366e-01;9.008026e-02;3.730673e-02;2.009636e-01
1.126079e-01;5.465306e-02;1.889996e-01;2.201113e-02;3.488665e-02;2.357085e-02;3.303930e-02;2.866800e-02;1.122774e-01;1.592922e-01;3.963531e-02;1.903586e-01
1.243981e-01;3.410743e-02;2.826732e-01;1.514764e-02;4.888954e-02;1.478486e-02;7.682773e-02;1.405181e-02;6.009732e-02;2.439631e-01;1.685713e-02;6.820218e-02
2.012133e-01;2.065200e-02;2.403640e-01;2.148820e-02;3.315829e-02;1.707034e-02;9.587131e-02;6.802007e-03;4.349264e-02;2.718210e-01;3.579326e-02;1.227371e-02
2.483097e-01;2.290819e-02;1.665224e-01;7.481200e-02;1.435787e-02;2.352747e-02;8.193544e-02;1.717762e-02;2.517371e-02;2.116148e-01;9.865864e-02;1.500224e-02
1.527794e-01;7.980295e-02;9.628487e-02;1.752594e-01;1.608355e-02;3.303749e-02;3.092170e-02;5.463411e-02;2.355751e-02;9.226803e-02;2.119007e-01;3.347028e-02
3.781176e-02;1.819482e-01;5.596723e-02;2.211535e-01;2.122674e-02;3.123818e-02;1.507552e-02;8.188151e-02;1.799721e-02;6.621502e-02;2.238664e-01;4.561870e-02
1.544426e-02;2.340922e-01;5.202160e-02;1.936038e-01;6.299184e-02;2.614814e-02;1.642361e-02;7.247440e-02;1.705877e-02;7.879144e-02;1.517057e-01;7.924421e-02
3.760531e-02;1.465538e-01;8.014479e-02;1.261398e-01;1.422208e-01;3.059170e-02;3.618550e-02;3.767864e-02;2.687167e-02;6.642921e-02;7.736199e-02;1.922167e-01
5.065435e-02;4.659902e-02;1.304608e-01;7.727320e-02;1.872559e-01;4.057917e-02;5.352046e-02;2.517297e-02;3.855345e-02;4.338527e-02;3.953208e-02;2.670133e-01
4.231451e-02;7.941237e-02;1.254228e-01;7.295792e-02;1.620603e-01;4.996167e-02;7.196027e-02;2.682686e-02;4.672398e-02;3.130617e-02;5.865594e-02;2.323972e-01
5.488338e-02;6.509813e-02;1.485374e-01;9.435113e-02;1.318513e-01;6.278643e-02;9.642201e-02;6.853772e-02;5.016401e-02;5.044215e-02;4.132148e-02;1.356048e-01
8.745752e-02;4.981590e-02;1.259995e-01;8.018670e-02;1.220146e-01;5.064020e-02;9.512098e-02;1.035088e-01;6.290908e-02;5.825077e-02;6.299992e-02;1.010960e-01
8.883332e-02;7.100880e-02;1.025548e-01;5.722542e-02;1.126287e-01;5.577587e-02;1.023256e-01;9.277641e-02;6.518237e-02;8.622105e-02;1.063372e-01;5.913036e-02
5.365020e-02;6.552315e-02;1.093930e-01;9.856248e-02;1.116823e-01;5.643001e-02;9.937833e-02;6.186401e-02;5.254101e-02;9.829120e-02;1.242933e-01;6.839099e-02
5.844103e-02;6.623355e-02;1.124937e-01;1.014018e-01;1.354496e-01;5.838613e-02;5.343364e-02;6.294871e-02;4.804565e-02;8.190263e-02;1.297927e-01;9.147071e-02
7.479952e-02;8.321913e-02;1.100242e-01;6.465531e-02;1.338618e-01;5.484931e-02;3.415031e-02;9.032741e-02;4.292139e-02;9.235273e-02;1.569096e-01;6.192935e-02
6.966130e-02;8.727224e-02;1.133255e-01;7.949813e-02;8.979513e-02;4.979712e-02;4.765637e-02;7.310397e-02;4.739536e-02;1.148624e-01;1.427875e-01;8.484500e-02
9.209652e-02;1.439357e-01;9.743741e-02;1.089906e-01;6.442648e-02;6.397159e-02;6.909136e-02;5.241807e-02;3.948510e-02;1.025192e-01;1.079553e-01;5.767270e-02
7.627001e-02;1.041412e-01;6.827527e-02;1.302234e-01;8.263315e-02;8.535327e-02;7.958467e-02;6.289596e-02;2.230700e-02;9.467043e-02;8.217452e-02;1.114711e-01
8.391064e-02;5.460443e-02;9.623084e-02;1.154240e-01;8.691934e-02;8.211073e-02;8.449630e-02;5.400916e-02;3.896201e-02;1.065598e-01;8.000883e-02;1.167639e-01
1.251728e-01;8.269884e-02;8.047807e-02;5.268436e-02;7.066421e-02;8.115531e-02;2.410683e-01;4.338608e-02;4.227989e-02;6.740645e-02;5.603283e-02;5.697283e-02
1.728475e-01;5.995666e-02;5.194567e-02;2.803135e-02;5.863171e-02;1.176978e-01;3.356411e-01;4.534059e-02;2.566895e-02;4.209937e-02;3.284120e-02;2.929812e-02
2.458867e-01;4.356588e-02;3.873804e-02;1.620814e-02;5.570867e-02;1.418720e-01;3.253671e-01;3.792633e-02;1.797698e-02;3.975330e-02;1.721401e-02;1.978279e-02
2.660688e-01;2.613126e-02;6.567924e-02;1.101410e-02;7.141853e-02;1.289123e-01;2.271726e-01;3.326422e-02;3.446948e-02;3.152336e-02;1.551829e-02;8.882782e-02
1.801365e-01;2.041650e-02;1.020659e-01;1.082521e-02;1.158627e-01;7.848077e-02;1.146416e-01;1.534701e-02;5.594411e-02;2.364588e-02;2.172247e-02;2.609114e-01
7.019685e-02;1.450892e-02;9.474447e-02;2.378098e-02;1.503433e-01;4.146159e-02;5.714291e-02;8.092365e-03;5.223061e-02;1.961558e-02;5.254277e-02;4.153396e-01
2.173076e-02;1.518932e-02;7.271229e-02;3.946324e-02;1.467199e-01;3.827199e-02;4.980335e-02;1.947316e-02;3.610337e-02;2.279603e-02;1.156673e-01;4.220692e-01
1.793635e-02;2.181758e-02;1.304383e-01;5.555717e-02;1.082495e-01;3.389833e-02;5.160331e-02;4.824733e-02;2.930948e-02;3.761591e-02;1.607753e-01;3.045515e-01
3.833504e-02;3.023108e-02;2.298402e-01;6.527725e-02;5.925424e-02;3.465868e-02;5.279171e-02;6.791010e-02;2.805368e-02;5.413755e-02;1.531574e-01;1.863531e-01
4.474208e-02;3.887973e-02;3.110346e-01;5.744705e-02;1.115475e-01;4.619798e-02;5.497227e-02;4.939174e-02;4.264458e-02;4.987000e-02;9.196090e-02;1.013115e-01
5.233070e-02;3.114015e-02;2.817293e-01;5.037778e-02;1.474664e-01;4.975019e-02;7.626075e-02;2.986225e-02;4.274120e-02;4.158333e-02;8.100514e-02;1.157529e-01
4.656880e-02;3.437594e-02;1.826042e-01;5.574198e-02;1.652426e-01;6.356964e-02;1.024593e-01;1.698342e-02;3.743936e-02;5.473216e-02;9.569264e-02;1.445901e-01
4.546623e-02;3.567544e-02;1.768245e-01;5.888443e-02;1.630799e-01;5.621753e-02;9.107012e-02;4.748813e-02;5.620780e-02;6.479699e-02;7.178215e-02;1.325068e-01
4.705771e-02;3.114370e-02;1.682607e-01;6.539112e-02;1.473905e-01;4.818747e-02;5.602019e-02;8.433401e-02;8.422829e-02;4.813701e-02;9.229752e-02;1.275518e-01
4.630927e-02;1.478679e-02;1.861583e-01;5.547193e-02;8.623182e-02;5.658377e-02;6.295213e-02;9.327968e-02;9.570495e-02;3.791744e-02;1.429198e-01;1.216841e-01
6.626721e-02;2.618286e-02;1.610117e-01;6.146191e-02;8.471941e-02;7.633954e-02;9.734320e-02;7.615260e-02;8.033650e-02;4.205192e-02;1.695034e-01;5.862980e-02
5.700022e-02;3.891955e-02;8.050940e-02;6.570508e-02;1.222014e-01;7.409978e-02;8.254181e-02;6.505768e-02;7.938117e-02;3.898466e-02;1.393918e-01;1.562074e-01
5.805833e-02;4.953652e-02;1.336030e-01;4.937650e-02;1.374508e-01;4.383660e-02;7.483428e-02;7.308495e-02;1.042309e-01;3.487263e-02;8.477031e-02;1.563452e-01
7.263070e-02;8.907524e-02;8.193456e-02;5.368831e-02;1.139990e-01;5.156868e-02;1.058016e-01;1.034523e-01;1.068550e-01;5.633330e-02;7.048458e-02;9.417668e-02
1.278707e-01;1.026214e-01;6.831732e-02;5.649462e-02;4.904201e-02;6.738795e-02;1.486877e-01;1.097413e-01;4.204452e-02;1.011349e-01;5.607183e-02;7.058586e-02
2.150928e-01;8.104707e-02;4.479251e-02;2.675158e-02;3.307088e-02;7.859366e-02;1.959248e-01;7.559492e-02;4.497450e-02;1.053193e-01;4.073348e-02;5.810450e-02
3.033928e-01;6.772459e-02;4.294779e-02;1.618859e-02;4.183885e-02;8.310430e-02;1.790682e-01;5.053681e-02;4.868833e-02;9.320361e-02;3.092385e-02;4.238226e-02
3.535494e-01;3.576928e-02;6.537972e-02;1.279538e-02;6.586170e-02;7.057613e-02;1.237560e-01;2.560869e-02;6.704235e-02;5.593558e-02;2.220729e-02;1.015185e-01
2.783147e-01;1.701627e-02;1.291042e-01;1.756323e-02;9.893715e-02;6.774416e-02;6.652976e-02;1.133925e-02;1.032311e-01;3.776741e-02;1.407738e-02;1.583754e-01
1.433390e-01;1.952702e-02;1.783475e-01;1.898935e-02;1.351959e-01;6.022061e-02;3.990338e-02;1.200122e-02;1.361986e-01;2.332146e-02;1.471388e-02;2.182421e-01
7.343762e-02;1.533751e-02;2.152443e-01;1.482067e-02;1.580155e-01;5.444305e-02;4.353440e-02;8.699252e-03;1.434238e-01;1.943920e-02;1.312205e-02;2.404826e-01
1.901233e-01;1.197584e-02;1.975768e-01;1.067859e-02;1.301582e-01;1.113775e-01;4.562714e-02;8.378292e-03;1.053578e-01;2.728819e-02;8.295177e-03;1.531632e-01
4.061264e-01;1.559344e-02;9.441739e-02;2.139138e-02;5.382413e-02;1.671207e-01;4.523861e-02;1.346392e-02;4.721824e-02;6.328850e-02;7.398636e-03;6.491861e-02
4.886861e-01;1.344520e-02;4.348618e-02;4.755450e-02;3.923840e-02;1.662793e-01;4.353616e-02;1.356362e-02;1.932912e-02;9.564958e-02;4.904694e-03;2.432720e-02
4.598464e-01;3.219556e-02;2.698215e-02;8.419447e-02;3.903275e-02;1.326799e-01;6.871729e-02;1.046038e-02;9.840570e-03;1.104920e-01;5.758171e-03;1.980038e-02
3.822297e-01;8.156393e-02;2.540461e-02;1.094466e-01;3.412872e-02;9.983245e-02;1.150152e-01;7.744939e-03;1.215100e-02;1.062257e-01;7.845221e-03;1.841190e-02
2.935371e-01;1.216428e-01;3.242456e-02;9.748759e-02;4.828400e-02;1.261306e-01;1.546608e-01;1.468786e-02;1.703466e-02;6.769883e-02;1.062420e-02;1.578709e-02
1.975083e-01;1.147012e-01;3.778733e-02;6.889580e-02;8.177878e-02;1.847555e-01;1.563062e-01;1.570811e-02;1.072582e-02;6.892821e-02;2.388159e-02;3.902324e-02
1.321258e-01;8.454383e-02;6.200526e-02;5.582754e-02;1.034940e-01;2.181689e-01;1.279578e-01;1.641333e-02;1.780315e-02;1.062320e-01;3.107482e-02;4.435368e-02
1.599694e-01;4.126570e-02;9.059606e-02;9.399126e-02;1.025580e-01;1.981204e-01;1.061300e-01;3.048274e-02;3.045347e-02;9.758306e-02;1.585879e-02;3.299103e-02
1.736279e-01;4.932960e-02;1.077334e-01;1.225973e-01;7.956339e-02;1.865499e-01;1.191809e-01;2.336458e-02;3.433545e-02;5.029725e-02;2.566138e-02;2.775886e-02
1.843352e-01;7.435547e-02;1.374862e-01;1.035430e-01;5.443340e-02;2.241670e-01;8.161884e-02;1.847469e-02;2.997942e-02;5.536653e-02;1.257607e-02;2.366411e-02
1.863069e-01;6.389030e-02;1.583584e-01;8.975348e-02;3.553892e-02;1.912823e-01;6.542426e-02;3.189845e-02;3.436260e-02;9.025446e-02;2.702621e-02;2.590372e-02
1.392088e-01;7.073762e-02;1.056440e-01;1.029824e-01;5.973919e-02;2.121323e-01;8.369038e-02;2.826988e-02;4.913176e-02;1.007555e-01;2.275456e-02;2.495364e-02
1.406370e-01;9.041370e-02;7.129613e-02;1.029144e-01;1.077472e-01;1.433818e-01;1.322365e-01;3.536870e-02;6.426175e-02;6.967461e-02;1.676478e-02;2.530345e-02
8.858932e-02;1.226416e-01;9.776801e-02;8.982905e-02;1.302305e-01;7.654465e-02;1.376383e-01;4.725154e-02;5.982894e-02;9.875631e-02;2.547260e-02;2.544917e-02
9.822395e-02;1.264091e-01;1.039959e-01;8.217670e-02;1.192374e-01;1.105265e-01;9.129022e-02;4.525835e-02;5.659916e-02;1.138771e-01;2.137869e-02;3.102691e-02
1.683870e-01;7.979739e-02;8.906145e-02;6.233661e-02;9.244961e-02;2.029818e-01;5.530654e-02;3.338788e-02;5.398185e-02;9.868346e-02;1.516734e-02;4.845913e-02
1.308843e-01;7.313120e-02;1.006807e-01;9.901433e-02;7.265287e-02;7.404471e-02;1.498169e-01;5.945098e-02;6.966010e-02;1.027533e-01;2.469441e-02;4.321628e-02
8.493162e-02;6.870019e-02;1.302260e-01;9.627423e-02;7.899521e-02;4.305824e-02;2.227338e-01;9.181704e-02;5.508185e-02;5.978477e-02;2.823566e-02;4.016132e-02
5.948700e-02;6.053207e-02;1.281642e-01;7.634173e-02;7.811686e-02;3.627386e-02;3.055728e-01;1.171277e-01;4.294084e-02;3.823534e-02;2.634983e-02;3.085770e-02
4.090300e-02;4.252720e-02;1.081920e-01;4.593693e-02;5.252031e-02;3.406056e-02;4.572875e-01;1.352253e-01;2.753285e-02;2.274889e-02;1.700146e-02;1.606399e-02
2.382847e-02;2.335957e-02;7.314507e-02;1.427720e-02;5.341629e-02;4.238936e-02;5.999451e-01;1.206561e-01;2.293612e-02;1.295471e-02;7.925981e-03;5.166042e-03
1.318660e-02;3.040006e-02;5.026699e-02;5.375116e-03;1.092278e-01;4.217694e-02;6.239694e-01;7.901515e-02;2.195618e-02;8.955793e-03;9.941043e-03;5.528880e-03
1.014025e-02;4.161010e-02;3.314106e-02;1.567644e-02;1.387472e-01;7.023434e-02;5.904356e-01;4.576070e-02;3.042406e-02;5.282311e-03;1.467627e-02;3.871634e-03
1.579868e-02;3.934337e-02;7.518975e-02;3.726283e-02;1.405744e-01;1.178854e-01;4.718606e-01;3.403500e-02;3.477941e-02;1.487081e-02;1.322577e-02;5.174041e-03
2.766676e-02;2.760983e-02;1.977198e-01;5.944565e-02;1.653088e-01;1.289285e-01;2.828875e-01;3.607717e-02;3.284146e-02;2.259170e-02;1.198299e-02;6.939822e-03
3.733007e-02;2.924106e-02;3.315820e-01;6.307634e-02;1.545000e-01;8.163563e-02;1.614049e-01;6.024216e-02;2.632380e-02;2.469776e-02;2.119394e-02;8.772391e-03
3.481279e-02;3.601927e-02;3.870623e-01;4.798712e-02;6.952706e-02;6.691233e-02;1.988866e-01;7.636373e-02;2.575877e-02;2.147092e-02;1.963522e-02;1.556391e-02
3.613550e-02;2.870383e-02;3.476908e-01;5.351959e-02;6.523117e-02;6.356720e-02;2.612732e-01;5.603404e-02;2.100782e-02;3.966384e-02;1.536319e-02;1.180980e-02
2.939780e-02;3.660236e-02;3.271915e-01;7.386493e-02;9.384934e-02;6.449734e-02;2.173578e-01;4.363011e-02;3.304798e-02;4.466871e-02;1.705328e-02;1.883886e-02
3.288284e-02;4.190735e-02;2.492166e-01;6.795672e-02;1.182836e-01;8.315319e-02;1.864206e-01;6.626341e-02;4.817866e-02;4.861577e-02;3.181870e-02;2.530261e-02
2.717871e-02;4.958839e-02;1.724490e-01;6.906964e-02;1.320706e-01;9.513175e-02;1.391217e-01;8.484603e-02;5.177766e-02;9.311581e-02;4.602445e-02;3.962629e-02
4.536606e-02;4.127842e-02;1.113141e-01;5.878596e-02;1.094998e-01;8.053905e-02;1.912216e-01;7.900690e-02;5.858747e-02;1.575993e-01;3.225079e-02;3.455052e-02
3.921722e-02;2.585392e-02;1.054587e-01;4.182726e-02;9.020844e-02;5.223386e-02;2.637075e-01;9.691224e-02;8.222879e-02;1.681896e-01;1.734883e-02;1.681363e-02
2.792139e-02;3.225083e-02;7.699765e-02;2.899446e-02;4.764203e-02;7.791799e-02;2.805280e-01;1.245881e-01;1.241491e-01;1.377667e-01;2.627273e-02;1.497099e-02
4.551059e-02;3.911932e-02;8.852175e-02;4.418071e-02;7.020272e-02;7.398017e-02;1.671158e-01;9.507368e-02;1.923040e-01;1.252748e-01;3.193817e-02;2.677827e-02
6.812149e-02;6.634409e-02;1.083316e-01;6.713360e-02;1.036881e-01;4.616353e-02;8.920488e-02;4.963983e-02;2.189484e-01;1.097539e-01;3.639929e-02;3.627132e-02
7.054450e-02;7.763482e-02;9.955461e-02;7.948814e-02;1.019159e-01;4.478353e-02;1.110542e-01;3.450876e-02;2.198013e-01;8.483998e-02;4.043691e-02;3.543738e-02
6.612998e-02;7.350982e-02;6.484280e-02;7.165308e-02;9.414164e-02;4.604930e-02;1.573725e-01;5.116251e-02;1.984398e-01;8.338290e-02;5.412252e-02;3.919320e-02
7.125542e-02;6.513970e-02;7.929224e-02;4.760765e-02;7.051828e-02;7.417024e-02;1.484696e-01;7.125639e-02;1.750572e-01;1.153396e-01;2.666490e-02;5.522875e-02
6.439727e-02;7.098657e-02;6.053755e-02;5.010385e-02;7.050042e-02;1.045373e-01;1.352649e-01;4.623906e-02;1.794690e-01;1.335992e-01;2.387203e-02;6.049295e-02
6.107842e-02;9.194375e-02;9.993906e-02;6.363511e-02;7.409976e-02;8.317150e-02;1.256830e-01;9.543119e-02;1.124039e-01;1.019379e-01;4.627696e-02;4.439944e-02
8.409710e-02;8.303297e-02;8.787434e-02;8.728955e-02;8.358246e-02;7.159067e-02;1.177585e-01;1.135426e-01;1.025468e-01;8.837504e-02;3.906394e-02;4.124610e-02
7.625918e-02;7.634556e-02;8.761352e-02;9.195030e-02;8.042473e-02;6.601895e-02;1.035838e-01;1.242885e-01;1.100822e-01;1.028711e-01;4.045960e-02;4.010254e-02
6.201944e-02;5.915305e-02;1.100769e-01;7.719565e-02;9.373435e-02;6.757075e-02;1.636970e-01;9.257755e-02;9.710404e-02;1.195359e-01;3.146181e-02;2.587357e-02
3.496571e-02;2.828630e-02;1.182780e-01;5.233208e-02;1.407896e-01;9.150251e-02;2.385508e-01;5.236454e-02;5.880369e-02;1.101470e-01;2.067459e-02;5.330520e-02
2.500660e-02;1.718134e-02;8.347885e-02;4.593619e-02;1.934070e-01;1.013110e-01;1.843112e-01;4.100838e-02;5.141092e-02;1.070267e-01;2.331975e-02;1.266021e-01
2.010070e-02;2.810207e-02;5.265938e-02;1.106598e-01;1.657821e-01;9.247568e-02;8.589015e-02;6.222934e-02;3.937096e-02;1.246206e-01;6.106007e-02;1.570492e-01
7.803565e-03;3.399739e-02;6.539898e-02;2.035778e-01;9.443229e-02;1.129075e-01;4.603675e-02;8.415399e-02;2.741535e-02;9.540881e-02;1.170344e-01;1.118332e-01
1.394871e-02;3.196151e-02;9.707760e-02;2.673756e-01;6.557003e-02;1.388094e-01;4.707665e-02;7.374813e-02;2.641982e-02;4.390727e-02;1.510576e-01;4.304774e-02
2.064856e-02;2.499338e-02;1.303116e-01;2.688291e-01;9.193878e-02;1.432223e-01;5.217718e-02;4.461135e-02;1.847018e-02;3.690020e-02;1.514319e-01;1.646543e-02
2.173621e-02;2.107204e-02;1.623561e-01;2.518870e-01;9.523845e-02;1.319460e-01;3.641045e-02;3.565845e-02;1.670751e-02;5.457553e-02;1.507106e-01;2.170159e-02
2.162300e-02;2.382833e-02;1.922650e-01;2.269324e-01;7.325412e-02;1.049574e-01;2.424806e-02;3.469170e-02;2.678563e-02;8.366618e-02;1.718256e-01;1.592259e-02
3.062306e-02;2.675357e-02;2.518162e-01;1.538015e-01;5.485189e-02;7.757153e-02;3.446252e-02;4.015563e-02;6.828073e-02;1.123504e-01;1.401056e-01;9.227354e-03
5.564681e-02;2.811771e-02;3.331715e-01;9.020023e-02;4.253335e-02;6.135596e-02;5.748953e-02;3.375876e-02;8.448821e-02;1.029422e-01;9.178652e-02;1.850924e-02
5.120515e-02;3.551299e-02;4.439379e-01;9.042358e-02;4.757289e-02;5.134244e-02;6.611571e-02;1.883936e-02;4.299947e-02;4.650680e-02;7.219325e-02;3.335047e-02
2.526378e-02;5.477647e-02;5.320294e-01;9.004048e-02;3.906913e-02;4.230507e-02;3.423228e-02;1.982890e-02;3.040593e-02;4.980751e-02;6.052389e-02;2.171711e-02
3.121965e-02;7.932130e-02;5.845549e-01;6.468982e-02;3.019658e-02;2.516459e-02;2.329634e-02;1.846347e-02;3.662485e-02;5.639284e-02;3.823618e-02;1.183956e-02
1.976055e-02;7.922528e-02;6.621006e-01;5.050455e-02;1.805463e-02;1.278907e-02;2.260500e-02;1.671882e-02;2.013705e-02;4.648554e-02;3.074466e-02;2.087418e-02
5.070371e-03;6.565455e-02;6.932543e-01;4.361559e-02;2.818028e-02;1.880893e-02;2.597557e-02;1.175132e-02;1.180195e-02;5.216389e-02;2.780561e-02;1.591764e-02
1.281388e-02;4.926336e-02;7.015831e-01;4.745051e-02;3.574701e-02;1.744781e-02;2.543607e-02;6.307162e-03;5.391230e-03;7.585585e-02;1.676307e-02;5.940989e-03
1.140627e-02;3.119218e-02;7.232977e-01;5.499670e-02;3.528817e-02;1.308715e-02;2.158803e-02;7.328363e-03;4.706849e-03;8.068512e-02;1.302585e-02;3.397668e-03
1.182604e-02;2.856327e-02;7.199225e-01;5.389044e-02;4.067369e-02;1.144852e-02;2.627618e-02;7.501863e-03;9.334579e-03;7.616530e-02;1.108848e-02;3.309099e-03
4.403379e-03;3.312632e-02;7.290632e-01;4.569921e-02;4.540822e-02;1.121401e-02;2.740275e-02;7.208209e-03;8.008271e-03;7.554764e-02;8.432724e-03;4.486008e-03
8.320077e-03;3.265972e-02;7.289956e-01;4.255014e-02;4.723587e-02;8.820564e-03;3.301816e-02;5.768903e-03;4.536130e-03;7.740474e-02;7.367035e-03;3.323115e-03
4.369992e-03;2.535416e-02;7.262228e-01;4.908744e-02;4.559523e-02;6.857948e-03;4.656125e-02;4.795061e-03;7.439048e-03;7.414804e-02;7.642023e-03;1.927049e-03
1.069190e-02;2.752011e-02;6.495444e-01;7.252841e-02;5.201783e-02;3.405512e-02;5.161216e-02;7.453595e-03;1.629292e-02;6.689400e-02;8.579724e-03;2.809847e-03
1.985160e-02;1.909733e-02;4.542360e-01;1.398906e-01;7.557685e-02;1.100140e-01;5.494929e-02;1.719804e-02;4.040476e-02;4.947279e-02;1.543477e-02;3.873910e-03
1.808716e-02;1.742778e-02;3.173387e-01;1.962813e-01;8.547896e-02;1.683766e-01;4.459221e-02;4.031112e-02;4.180121e-02;2.911224e-02;3.668566e-02;4.507086e-03
8.584823e-03;8.447598e-03;2.481426e-01;2.665688e-01;8.314051e-02;1.856383e-01;2.470147e-02;7.992864e-02;2.354779e-02;1.408030e-02;5.359939e-02;3.619876e-03
6.546741e-03;1.198752e-02;2.158473e-01;2.879793e-01;7.222535e-02;1.776505e-01;1.181459e-02;1.287236e-01;1.449288e-02;8.647921e-03;6.221171e-02;1.872680e-03
4.360256e-03;1.438050e-02;2.064131e-01;2.765805e-01;7.268392e-02;1.458072e-01;1.124338e-02;1.712090e-01;1.459364e-02;2.213885e-02;5.662215e-02;3.967557e-03
6.665539e-03;1.920082e-02;1.891909e-01;2.709742e-01;9.886537e-02;9.070437e-02;1.199247e-02;1.816984e-01;1.345304e-02;6.843225e-02;4.114932e-02;7.673318e-03
8.123156e-03;2.545043e-02;1.809189e-01;2.560327e-01;1.403377e-01;4.537506e-02;1.712024e-02;1.337454e-01;1.434851e-02;1.444500e-01;2.330907e-02;1.078887e-02
1.061781e-02;2.530397e-02;1.383695e-01;2.557198e-01;1.857970e-01;2.950977e-02;1.616312e-02;6.857809e-02;1.412402e-02;2.017935e-01;3.082417e-02;2.319928e-02
1.101011e-02;1.965154e-02;1.375083e-01;2.305610e-01;2.231137e-01;4.436856e-02;2.321486e-02;3.603825e-02;1.420084e-02;1.910593e-01;3.326044e-02;3.601316e-02
9.607960e-03;2.217336e-02;8.571260e-02;2.089961e-01;2.801159e-01;4.486976e-02;4.147605e-02;2.818077e-02;1.997081e-02;1.887140e-01;2.032207e-02;4.986061e-02
4.138767e-03;1.126167e-02;6.712316e-02;1.505167e-01;3.263820e-01;4.397474e-02;1.021569e-01;3.944083e-02;4.810569e-02;1.323905e-01;1.096348e-02;6.354556e-02
5.411440e-03;5.975232e-03;3.179913e-02;1.052921e-01;3.756310e-01;4.585636e-02;1.748258e-01;3.965537e-02;7.334509e-02;4.884019e-02;1.420568e-02;7.916259e-02
4.947823e-03;6.556776e-03;2.826570e-02;8.077767e-02;3.645415e-01;5.722766e-02;2.012984e-01;2.613710e-02;1.173912e-01;2.546424e-02;1.277416e-02;7.461783e-02
3.706042e-03;3.314072e-03;2.649311e-02;4.804931e-02;3.462821e-01;6.447112e-02;2.468921e-01;1.423902e-02;1.444091e-01;2.076407e-02;6.733829e-03;7.464617e-02
5.108335e-03;4.365616e-03;3.277224e-02;3.177099e-02;3.318144e-01;6.510113e-02;2.772488e-01;1.703924e-02;1.291206e-01;1.393930e-02;9.685862e-03;8.203344e-02
3.339014e-03;4.779276e-03;4.817059e-02;5.754646e-02;3.335667e-01;6.003900e-02;2.715959e-01;1.668823e-02;9.702946e-02;1.072202e-02;1.029086e-02;8.623251e-02
7.137355e-03;1.855506e-02;1.118531e-01;1.062952e-01;3.126106e-01;3.811284e-02;2.262292e-01;1.451046e-02;6.835487e-02;1.201261e-02;4.732739e-03;7.959605e-02
2.098604e-02;3.433381e-02;2.129149e-01;1.328301e-01;2.335341e-01;2.386987e-02;1.779202e-01;1.645203e-02;5.869481e-02;2.005305e-02;6.996043e-03;6.141514e-02
2.551021e-02;3.801101e-02;2.866170e-01;1.244703e-01;1.564859e-01;2.848547e-02;1.687531e-01;1.761953e-02;6.779690e-02;2.955352e-02;7.657668e-03;4.903941e-02
1.413896e-02;3.337013e-02;3.247800e-01;1.033458e-01;1.495342e-01;4.261095e-02;1.650579e-01;2.451836e-02;4.904184e-02;3.941526e-02;1.915863e-02;3.502798e-02
1.125002e-02;5.506884e-02;2.032577e-01;1.202152e-01;2.166648e-01;6.837832e-02;1.537916e-01;2.313377e-02;3.354071e-02;3.919772e-02;1.554244e-02;5.995885e-02
1.702497e-02;7.184095e-02;1.438726e-01;9.461252e-02;2.869483e-01;7.831898e-02;1.270566e-01;2.044210e-02;3.310375e-02;2.247402e-02;1.971137e-02;8.459386e-02
1.354483e-02;5.721811e-02;1.408781e-01;9.548586e-02;3.135730e-01;7.147364e-02;7.730538e-02;2.860506e-02;2.851186e-02;1.608067e-02;6.220013e-02;9.512330e-02
1.080680e-02;3.158901e-02;1.165997e-01;1.218471e-01;2.928271e-01;4.539750e-02;5.345539e-02;5.606697e-02;3.164022e-02;3.761975e-02;9.822348e-02;1.039270e-01
9.682714e-03;2.720688e-02;9.227241e-02;1.432571e-01;2.309785e-01;4.097373e-02;4.155597e-02;9.059373e-02;4.872339e-02;5.409978e-02;1.071248e-01;1.135310e-01
7.939235e-03;4.507662e-02;6.644998e-02;1.770300e-01;1.445057e-01;3.856360e-02;2.587969e-02;1.455338e-01;3.987516e-02;4.480551e-02;1.758977e-01;8.844296e-02
6.880917e-03;2.972780e-02;6.620675e-02;2.047410e-01;6.382640e-02;4.022686e-02;1.427472e-02;1.542331e-01;2.411686e-02;2.589000e-02;2.973610e-01;7.251455e-02
8.954300e-03;1.392785e-02;6.990422e-02;2.124500e-01;4.228900e-02;4.592982e-02;7.300971e-03;1.037580e-01;1.733353e-02;2.263459e-02;3.815206e-01;7.399721e-02
2.188559e-02;1.404586e-02;9.358049e-02;2.044276e-01;3.245467e-02;4.061045e-02;1.476038e-02;4.992085e-02;3.893586e-02;3.901678e-02;3.850356e-01;6.532583e-02
4.300177e-02;7.796539e-03;1.394554e-01;1.864839e-01;2.497869e-02;2.642152e-02;3.145911e-02;2.958929e-02;8.385130e-02;6.491476e-02;3.204233e-01;4.162439e-02
6.542087e-02;9.892386e-03;1.864561e-01;1.790032e-01;1.773342e-02;1.679948e-02;3.617598e-02;4.841642e-02;1.317738e-01;8.337490e-02;2.108762e-01;1.407737e-02
6.647829e-02;9.780631e-03;1.916699e-01;1.972571e-01;2.115724e-02;1.755664e-02;3.539123e-02;2.774761e-02;1.406308e-01;9.024739e-02;1.876051e-01;1.447807e-02
5.920460e-02;1.104071e-02;1.819995e-01;1.917197e-01;2.070869e-02;1.207750e-02;2.826212e-02;4.008197e-02;1.363853e-01;1.112382e-01;1.864533e-01;2.082844e-02
5.817442e-02;1.166788e-02;2.060956e-01;1.750484e-01;2.027310e-02;1.682810e-02;3.586077e-02;3.962457e-02;1.174089e-01;1.573567e-01;1.356776e-01;2.598392e-02
6.938168e-02;2.842715e-02;2.421302e-01;1.451944e-01;2.666808e-02;1.518111e-02;3.950822e-02;1.895348e-02;1.044349e-01;1.780535e-01;1.051286e-01;2.693867e-02
8.691464e-02;5.122302e-02;2.551422e-01;8.866965e-02;2.682296e-02;1.768525e-02;4.909003e-02;1.910379e-02;8.466874e-02;1.359467e-01;1.595032e-01;2.522978e-02
8.042256e-02;6.070724e-02;3.345743e-01;5.078243e-02;2.957532e-02;1.302597e-02;5.343544e-02;3.128247e-02;6.103249e-02;9.905389e-02;1.694255e-01;1.668246e-02
6.913046e-02;5.211566e-02;4.923596e-01;6.775261e-02;3.038558e-02;9.499473e-03;3.697474e-02;2.786585e-02;4.245419e-02;7.817595e-02;8.073927e-02;1.254658e-02
8.879368e-02;2.613782e-02;4.910744e-01;1.054335e-01;3.398681e-02;1.045024e-02;2.674448e-02;2.610353e-02;5.806673e-02;4.688212e-02;7.622869e-02;1.009803e-02
5.634195e-02;2.087720e-02;5.121430e-01;1.289416e-01;4.378194e-02;1.248369e-02;2.938587e-02;3.007809e-02;4.893057e-02;2.931324e-02;8.235461e-02;5.368226e-03
1.934225e-02;1.735804e-02;5.427142e-01;1.674105e-01;7.075723e-02;2.322270e-02;1.238223e-02;2.283417e-02;2.599398e-02;3.184051e-02;5.768691e-02;8.457260e-03
1.446671e-02;2.855562e-02;4.406909e-01;1.734522e-01;9.426095e-02;3.824008e-02;1.585482e-02;4.438185e-02;2.326482e-02;4.051173e-02;7.235826e-02;1.396210e-02
1.421162e-02;4.016843e-02;3.794467e-01;1.350013e-01;1.404840e-01;4.094377e-02;1.625959e-02;4.556632e-02;1.660251e-02;7.787306e-02;6.931747e-02;2.412520e-02
