4.438626e-02;1.320174e-01;9.537473e-02;9.425934e-02;8.651067e-02;9.893102e-02;1.465264e-01;1.525838e-01;5.334366e-02;4.098272e-02;2.555947e-02;2.952461e-02
3.524852e-02;1.624227e-01;1.651782e-01;1.097830e-01;6.159954e-02;7.441417e-02;1.489288e-01;8.805695e-02;5.100875e-02;6.616299e-02;1.723396e-02;1.996246e-02
2.019330e-02;1.369031e-01;2.487836e-01;1.442224e-01;5.061514e-02;6.810345e-02;1.229221e-01;5.318277e-02;5.686703e-02;6.646977e-02;2.423495e-02;7.502414e-03
8.419138e-03;7.894535e-02;2.349679e-01;2.351241e-01;8.248589e-02;8.097938e-02;7.165317e-02;6.153744e-02;5.690802e-02;3.757312e-02;4.055357e-02;1.085293e-02
8.065820e-03;3.679591e-02;1.105069e-01;2.678123e-01;2.132581e-01;1.124843e-01;2.992860e-02;7.829181e-02;3.793722e-02;3.036828e-02;3.914209e-02;3.540872e-02
1.765108e-02;1.800081e-02;5.965120e-02;1.691131e-01;2.984468e-01;1.725695e-01;4.179248e-02;4.841595e-02;3.978051e-02;3.610708e-02;2.074348e-02;7.772792e-02
5.367570e-02;2.458472e-02;5.143825e-02;8.991452e-02;2.484049e-01;2.752935e-01;4.747760e-02;2.296026e-02;4.236755e-02;2.725152e-02;1.762116e-02;9.901025e-02
8.795092e-02;4.373600e-02;4.808445e-02;6.876729e-02;8.688409e-02;3.883191e-01;8.449376e-02;3.016131e-02;3.014583e-02;5.158735e-02;1.213564e-02;6.773429e-02
6.407556e-02;4.775408e-02;5.381762e-02;5.618887e-02;6.141437e-02;3.484131e-01;1.612411e-01;8.118034e-02;4.530878e-02;5.522196e-02;6.479494e-03;1.890472e-02
2.458702e-02;3.196681e-02;9.235187e-02;6.416205e-02;5.258596e-02;2.530169e-01;2.069896e-01;1.505927e-01;5.651003e-02;4.236729e-02;7.869552e-03;1.700003e-02
2.043399e-02;3.795830e-02;1.734168e-01;8.621944e-02;9.501506e-02;1.207714e-01;1.715750e-01;1.750669e-01;6.000926e-02;2.165107e-02;2.912183e-03;3.497064e-02
3.203403e-02;5.246883e-02;1.997869e-01;1.027095e-01;1.254746e-01;1.652243e-01;7.398983e-02;1.345759e-01;4.658280e-02;1.566293e-02;4.709241e-03;4.678117e-02
3.172774e-02;4.450129e-02;1.830560e-01;8.986750e-02;9.659834e-02;2.533008e-01;7.455394e-02;8.829586e-02;4.007338e-02;2.509525e-02;1.119981e-02;6.173006e-02
2.153672e-02;6.961319e-02;1.217124e-01;6.805842e-02;1.071136e-01;2.448022e-01;1.306037e-01;8.350170e-02;4.364670e-02;3.883076e-02;2.432979e-02;4.625082e-02
3.407585e-02;7.683773e-02;1.144077e-01;9.771227e-02;1.423901e-01;2.491450e-01;1.218704e-01;3.974468e-02;4.078859e-02;3.777273e-02;1.541202e-02;2.984305e-02
4.501954e-02;7.612824e-02;1.432106e-01;1.344605e-01;1.284370e-01;2.191013e-01;1.062324e-01;2.290553e-02;2.982631e-02;3.512728e-02;1.540592e-02;4.414544e-02
2.979554e-02;5.910005e-02;1.384291e-01;1.391912e-01;1.943012e-01;2.040756e-01;9.210561e-02;3.235824e-02;1.895258e-02;2.992911e-02;2.086587e-02;4.089592e-02
1.700331e-02;3.930830e-02;1.012423e-01;1.060342e-01;2.598427e-01;2.336951e-01;9.112514e-02;4.258239e-02;2.906326e-02;3.333568e-02;1.420763e-02;3.255993e-02
3.170622e-02;5.273059e-02;7.569554e-02;6.371693e-02;1.928402e-01;2.700553e-01;1.150578e-01;6.621183e-02;3.915880e-02;4.582062e-02;2.003597e-02;2.697015e-02
3.950252e-02;7.297119e-02;1.165961e-01;8.775892e-02;8.046382e-02;1.947483e-01;1.393898e-01;8.711568e-02;5.040260e-02;5.073396e-02;2.477805e-02;5.553910e-02
2.024425e-02;5.985508e-02;1.695057e-01;9.744637e-02;7.977298e-02;2.102132e-01;1.291947e-01;8.223967e-02;4.049798e-02;3.269594e-02;2.559615e-02;5.273801e-02
2.551625e-02;8.093720e-02;1.716328e-01;6.107562e-02;1.111816e-01;2.733418e-01;8.386116e-02;7.966673e-02;3.192241e-02;3.269457e-02;2.557156e-02;2.259840e-02
1.931506e-02;9.816863e-02;9.395543e-02;7.989907e-02;1.482914e-01;3.056209e-01;5.331479e-02;9.961762e-02;2.801108e-02;3.003056e-02;1.843572e-02;2.533978e-02
1.567833e-02;8.145738e-02;1.292629e-01;1.123125e-01;1.241564e-01;2.860426e-01;4.547646e-02;1.316810e-01;2.708324e-02;2.386526e-02;1.190615e-02;1.107777e-02
2.643366e-02;4.791507e-02;1.141960e-01;1.093595e-01;4.023336e-02;2.498036e-01;5.280783e-02;2.520560e-01;4.943494e-02;2.346996e-02;1.093007e-02;2.335999e-02
4.196941e-02;3.946271e-02;3.404267e-02;8.333597e-02;6.837088e-02;2.835121e-01;5.648821e-02;2.866061e-01;5.349105e-02;1.184892e-02;7.863672e-03;3.300837e-02
3.533944e-02;4.056137e-02;7.876530e-02;5.013702e-02;2.639481e-02;3.750588e-01;5.179571e-02;2.464004e-01;5.126492e-02;7.127092e-03;7.786608e-03;2.936860e-02
2.344671e-02;4.052714e-02;8.046484e-02;2.530756e-02;5.388229e-02;3.956585e-01;6.374883e-02;2.232062e-01;5.360959e-02;8.703688e-03;1.132930e-02;2.011532e-02
1.468857e-02;3.511140e-02;5.476219e-02;2.268258e-02;6.534643e-02;4.285998e-01;6.879368e-02;2.183665e-01;5.279418e-02;1.275797e-02;1.351024e-02;1.258650e-02
1.491412e-02;3.229745e-02;3.107616e-02;5.067609e-02;5.060995e-02;4.510275e-01;6.398583e-02;2.274676e-01;2.885186e-02;2.740078e-02;1.568658e-02;6.006072e-03
1.849349e-02;3.146910e-02;6.256310e-02;6.034906e-02;4.699670e-02;4.157317e-01;7.461378e-02;2.026464e-01;2.081526e-02;4.165914e-02;1.505786e-02;9.604516e-03
2.220012e-02;5.376839e-02;1.413751e-01;7.546531e-02;1.157126e-01;2.588641e-01;8.043220e-02;1.412489e-01;3.172068e-02;4.030167e-02;1.432667e-02;2.458439e-02
2.143387e-02;3.206808e-02;1.578793e-01;6.724292e-02;9.760472e-02;3.312432e-01;5.450537e-02;9.121439e-02;5.137956e-02;3.694723e-02;1.431792e-02;4.416345e-02
2.147341e-02;5.264976e-02;1.295719e-01;6.863028e-02;6.952749e-02;3.322114e-01;8.197389e-02;9.857406e-02;7.681783e-02;3.065137e-02;9.413056e-03;2.850552e-02
1.223288e-02;5.672036e-02;1.315574e-01;7.060862e-02;1.294851e-01;3.077036e-01;7.383057e-02;8.124718e-02;9.460788e-02;1.913547e-02;1.019394e-02;1.267709e-02
1.125192e-02;3.150915e-02;8.756281e-02;6.590748e-02;9.823434e-02;4.123383e-01;6.906388e-02;9.078231e-02;9.056001e-02;1.670039e-02;1.126801e-02;1.482137e-02
2.030052e-02;1.606362e-02;4.235068e-02;7.284815e-02;1.026945e-01;4.436835e-01;6.630293e-02;8.319958e-02;1.069326e-01;1.526816e-02;9.302445e-03;2.105335e-02
1.825590e-02;2.354734e-02;6.442015e-02;7.326300e-02;1.203230e-01;4.216343e-01;5.105195e-02;7.174221e-02;1.130814e-01;1.352210e-02;3.619123e-03;2.553958e-02
2.436375e-02;1.800299e-02;3.885797e-02;5.140245e-02;6.045857e-02;5.007418e-01;4.846311e-02;1.250121e-01;7.419050e-02;3.930756e-02;2.502525e-03;1.669668e-02
3.074119e-02;2.795281e-02;3.276350e-02;3.942673e-02;2.993431e-02;5.215957e-01;5.848112e-02;1.530337e-01;3.365166e-02;6.099660e-02;3.966003e-03;7.456638e-03
1.812371e-02;7.163788e-02;2.195215e-02;4.622717e-02;4.786617e-02;3.925525e-01;7.117460e-02;2.214656e-01;4.742031e-02;4.042341e-02;1.514502e-02;6.011428e-03
1.971655e-02;1.383489e-01;2.585846e-02;5.143959e-02;5.207248e-02;2.367141e-01;6.422504e-02;3.005233e-01;5.568316e-02;1.532307e-02;3.488576e-02;5.209597e-03
2.962559e-02;1.476161e-01;4.055183e-02;3.649233e-02;5.722721e-02;2.022328e-01;5.967977e-02;3.138807e-01;2.981354e-02;6.775737e-03;6.612360e-02;9.980727e-03
3.036408e-02;1.006066e-01;4.903289e-02;2.494726e-02;5.338211e-02;1.653427e-01;3.570489e-02;3.763207e-01;2.456403e-02;5.501020e-03;1.181565e-01;1.607724e-02
1.454693e-02;4.539551e-02;7.058654e-02;1.545366e-02;3.468847e-02;2.126296e-01;6.678110e-02;3.756429e-01;4.478237e-02;7.691400e-03;1.036999e-01;8.101659e-03
1.653077e-02;5.842000e-02;1.011647e-01;2.280893e-02;3.145612e-02;1.945441e-01;1.327925e-01;3.361280e-01;4.383230e-02;8.952728e-03;4.127847e-02;1.209131e-02
2.156209e-02;6.713898e-02;9.993379e-02;2.942793e-02;2.460378e-02;1.969999e-01;1.862193e-01;3.042793e-01;2.958775e-02;1.158124e-02;1.582482e-02;1.284120e-02
1.634958e-02;5.440952e-02;5.882909e-02;3.754292e-02;3.684464e-02;2.985181e-01;1.748765e-01;2.561978e-01;3.527706e-02;8.785353e-03;1.503662e-02;7.332915e-03
1.629534e-02;4.338211e-02;4.713573e-02;4.892180e-02;4.683458e-02;4.139661e-01;1.362895e-01;1.984814e-01;2.363562e-02;9.768073e-03;9.265013e-03;6.024728e-03
3.249773e-02;4.621351e-02;6.575670e-02;5.767895e-02;2.857310e-02;4.594460e-01;1.016838e-01;1.495273e-01;1.730733e-02;2.532327e-02;1.332685e-02;2.665478e-03
4.818868e-02;3.808755e-02;5.781384e-02;4.939511e-02;3.641912e-02;5.166764e-01;7.584676e-02;1.045664e-01;1.641899e-02;3.567847e-02;8.798404e-03;1.211014e-02
6.595477e-02;4.060888e-02;6.293149e-02;2.056126e-02;4.621502e-02;5.430091e-01;6.025542e-02;8.978692e-02;2.161700e-02;2.157580e-02;9.341449e-03;1.814288e-02
8.436541e-02;3.738559e-02;4.858821e-02;1.965652e-02;5.235044e-02;4.506410e-01;9.095223e-02;9.300032e-02;3.412691e-02;2.040915e-02;2.317514e-02;4.534900e-02
1.254768e-01;3.645297e-02;3.658929e-02;2.457071e-02;5.649076e-02;4.241708e-01;6.834298e-02;9.882767e-02;3.629821e-02;1.781863e-02;2.545676e-02;4.950440e-02
1.164138e-01;3.118326e-02;3.554652e-02;3.852277e-02;1.019091e-01;4.346606e-01;1.999572e-02;1.034242e-01;2.813075e-02;1.284648e-02;1.784045e-02;5.952625e-02
8.057930e-02;2.515318e-02;4.378066e-02;4.185459e-02;1.634875e-01;4.093134e-01;1.930868e-02;9.475313e-02;3.015006e-02;6.147275e-03;1.062496e-02;7.484729e-02
8.537275e-02;2.805452e-02;6.703317e-02;4.554956e-02;1.675635e-01;3.445663e-01;3.095142e-02;1.160794e-01;2.999845e-02;1.044806e-02;9.926991e-03;6.445578e-02
6.733136e-02;4.288537e-02;9.722181e-02;4.373289e-02;8.843218e-02;3.568741e-01;4.529072e-02;1.407548e-01;5.363715e-02;1.441261e-02;1.128814e-02;3.813881e-02
2.746523e-02;2.953054e-02;7.361242e-02;2.944055e-02;1.078708e-01;4.418918e-01;5.839117e-02;9.070211e-02;6.664395e-02;9.604034e-03;7.971543e-03;5.687590e-02
2.387067e-02;2.918581e-02;5.390007e-02;2.459961e-02;1.446725e-01;3.607384e-01;7.058937e-02;1.175168e-01;8.160788e-02;7.423546e-03;8.206720e-03;7.768862e-02
2.021024e-02;3.149544e-02;4.413713e-02;2.694935e-02;1.285321e-01;3.872592e-01;5.240823e-02;1.265104e-01;7.850708e-02;1.096722e-02;1.088681e-02;8.213677e-02
2.378729e-02;2.652885e-02;4.851548e-02;2.888368e-02;7.914027e-02;4.767913e-01;3.958718e-02;8.810885e-02;6.140437e-02;2.876008e-02;3.131030e-02;6.718238e-02
4.093509e-02;1.906388e-02;4.288473e-02;2.722474e-02;1.080296e-01;3.459541e-01;4.771676e-02;5.378636e-02;7.857891e-02;5.911868e-02;6.374744e-02;1.129598e-01
5.582733e-02;1.556891e-02;5.650162e-02;3.438115e-02;1.356717e-01;2.060196e-01;4.597264e-02;6.898676e-02;7.338132e-02;5.612978e-02;6.248548e-02;1.890737e-01
4.804780e-02;2.565434e-02;1.029287e-01;4.083246e-02;1.803350e-01;1.411174e-01;3.920728e-02;6.857606e-02;4.799996e-02;3.313416e-02;3.081917e-02;2.413476e-01
3.227989e-02;2.812763e-02;1.166026e-01;6.770754e-02;2.189550e-01;8.611106e-02;4.049234e-02;6.887691e-02;3.432263e-02;3.085641e-02;4.836737e-02;2.273007e-01
3.147022e-02;7.497633e-02;9.506970e-02;1.105263e-01;2.118787e-01;9.809318e-02;2.546805e-02;6.456774e-02;2.402995e-02;4.837524e-02;4.593150e-02;1.696130e-01
2.666410e-02;1.200068e-01;1.075500e-01;1.105202e-01;1.551791e-01;1.659479e-01;3.577903e-02;6.707107e-02;2.159614e-02;4.932243e-02;4.291863e-02;9.744453e-02
3.194399e-02;1.456347e-01;1.281821e-01;8.947624e-02;1.157537e-01;2.056921e-01;3.791745e-02;7.178985e-02;2.544340e-02;4.221236e-02;4.305076e-02;6.290336e-02
4.594058e-02;1.553837e-01;1.202544e-01;7.293461e-02;9.743828e-02;2.109633e-01;2.653386e-02;6.769221e-02;4.004527e-02;4.951944e-02;2.635973e-02;8.693454e-02
5.013493e-02;1.289048e-01;1.489037e-01;1.031885e-01;1.042805e-01;1.779701e-01;2.117465e-02;4.675518e-02;4.286539e-02;6.585631e-02;3.599610e-02;7.396987e-02
5.157679e-02;1.385774e-01;1.436964e-01;1.431732e-01;1.077625e-01;1.387251e-01;1.442115e-02;3.846927e-02;3.843316e-02;8.115112e-02;5.788912e-02;4.612491e-02
4.261923e-02;1.360754e-01;1.000836e-01;1.522746e-01;1.323755e-01;1.302531e-01;2.045261e-02;4.875838e-02;3.402404e-02;9.430113e-02;4.503173e-02;6.375060e-02
3.028388e-02;7.924392e-02;1.129840e-01;1.329619e-01;1.455158e-01;2.184653e-01;1.787684e-02;5.508747e-02;2.631299e-02;8.020507e-02;3.517246e-02;6.589053e-02
2.380881e-02;1.261847e-01;1.629779e-01;1.205254e-01;8.126895e-02;2.333760e-01;9.621335e-03;7.799833e-02;2.046754e-02;5.629557e-02;4.263622e-02;4.483939e-02
3.528498e-02;1.707491e-01;2.155837e-01;1.234399e-01;4.112754e-02;1.609418e-01;1.927401e-02;8.991460e-02;1.811445e-02;4.286326e-02;4.337024e-02;3.933646e-02
4.340616e-02;1.852496e-01;1.807744e-01;1.244094e-01;1.520306e-01;8.788793e-02;2.816947e-02;1.085625e-01;2.609809e-02;1.918187e-02;2.920915e-02;1.502086e-02
3.421014e-02;1.596805e-01;1.194638e-01;1.183062e-01;1.865789e-01;1.260473e-01;3.878232e-02;1.217247e-01;2.536044e-02;1.546006e-02;2.221005e-02;3.217549e-02
3.522382e-02;1.275778e-01;1.519940e-01;1.174833e-01;1.668301e-01;1.058184e-01;4.364935e-02;1.201957e-01;2.893356e-02;2.588194e-02;1.489457e-02;6.151738e-02
3.470949e-02;9.425375e-02;3.248339e-02;9.704784e-02;1.253332e-01;2.731813e-01;5.004000e-02;9.126773e-02;3.318953e-02;4.513238e-02;2.823168e-02;9.512975e-02
3.151773e-02;9.924304e-02;1.139411e-01;4.748185e-02;4.410636e-02;3.782898e-01;3.049347e-02;9.399310e-02;3.423725e-02;4.622892e-02;2.820294e-02;5.226436e-02
2.698333e-02;1.149220e-01;1.617247e-01;3.627447e-02;4.563659e-02;3.597412e-01;1.672120e-02;1.018758e-01;2.335004e-02;5.303733e-02;2.423098e-02;3.550243e-02
2.922843e-02;1.428568e-01;2.992972e-01;5.452411e-02;5.315958e-02;1.632387e-01;2.901123e-02;8.554704e-02;1.638686e-02;6.088595e-02;2.168227e-02;4.418175e-02
3.342876e-02;1.688798e-01;3.590932e-01;6.619304e-02;3.865083e-02;5.318645e-02;3.715051e-02;7.843867e-02;1.651704e-02;6.758237e-02;2.916109e-02;5.171818e-02
3.327959e-02;1.876426e-01;2.875057e-01;6.510181e-02;1.511692e-02;1.099230e-01;3.015321e-02;8.903212e-02;3.884292e-02;6.302180e-02;1.535518e-02;6.502512e-02
3.663447e-02;1.974961e-01;1.148883e-01;4.684469e-02;5.342918e-02;1.608461e-01;2.517100e-02;1.192164e-01;6.415498e-02;5.400036e-02;1.870106e-02;1.086174e-01
2.445849e-02;1.342019e-01;2.030529e-01;3.582245e-02;7.166525e-02;2.780281e-01;9.703766e-03;8.278717e-02;3.420446e-02;1.922144e-02;1.533407e-02;9.151997e-02
2.799129e-02;1.274980e-01;2.277287e-01;6.658743e-02;6.935201e-02;2.682103e-01;1.788737e-02;6.518099e-02;1.871545e-02;1.416169e-02;2.712862e-02;6.955821e-02
2.454323e-02;1.581444e-01;2.178976e-01;9.317270e-02;9.265733e-02;1.827330e-01;2.529943e-02;5.694181e-02;2.173930e-02;2.777608e-02;3.232618e-02;6.676891e-02
3.013878e-02;1.756510e-01;1.920906e-01;9.527601e-02;1.364902e-01;1.676312e-01;1.584752e-02;4.236986e-02;2.424424e-02;3.233238e-02;3.400707e-02;5.392101e-02
3.846534e-02;1.391980e-01;1.995773e-01;7.780834e-02;1.171415e-01;1.507405e-01;5.282384e-02;7.290045e-02;3.428238e-02;3.014178e-02;4.227504e-02;4.464555e-02
3.632754e-02;1.032598e-01;1.461042e-01;9.787946e-02;1.210804e-01;1.459350e-01;5.463735e-02;7.224072e-02;4.986711e-02;5.284863e-02;7.349745e-02;4.632235e-02
2.673073e-02;6.395991e-02;1.562952e-01;1.795747e-01;1.287276e-01;1.453787e-01;2.479293e-02;3.924762e-02;3.321000e-02;4.938373e-02;1.207841e-01;3.191475e-02
1.817427e-02;6.069840e-02;1.821567e-01;2.282502e-01;1.197318e-01;1.353785e-01;1.686792e-02;3.796358e-02;2.104359e-02;3.121778e-02;1.307161e-01;1.780118e-02
2.345365e-02;5.966648e-02;2.279117e-01;2.579025e-01;8.477069e-02;1.101754e-01;1.852208e-02;3.389309e-02;1.381934e-02;2.199288e-02;1.358821e-01;1.201010e-02
2.617924e-02;5.745018e-02;3.044488e-01;2.656007e-01;1.547346e-02;8.484837e-02;2.060557e-02;2.260602e-02;1.303264e-02;3.193938e-02;1.486998e-01;9.115854e-03
3.087294e-02;9.908126e-02;3.623556e-01;1.867001e-01;3.105563e-02;6.229270e-02;2.512455e-02;2.260898e-02;1.350904e-02;4.218886e-02;1.169703e-01;7.240018e-03
3.917859e-02;1.410348e-01;3.934869e-01;1.196503e-01;2.488276e-02;5.540704e-02;2.489164e-02;3.744848e-02;2.114914e-02;4.184134e-02;8.786064e-02;1.316833e-02
3.869038e-02;1.461889e-01;3.402280e-01;1.201683e-01;3.570469e-02;1.069167e-01;2.181532e-02;5.991057e-02;3.265607e-02;3.680186e-02;4.102309e-02;1.989612e-02
5.069483e-02;1.128945e-01;3.588119e-01;1.252848e-01;6.020328e-02;7.989721e-02;2.511788e-02;4.578579e-02;3.154178e-02;7.851403e-02;1.178470e-02;1.946920e-02
2.817400e-02;6.722514e-02;4.061597e-01;4.896439e-02;1.014124e-01;9.180624e-02;4.068292e-02;3.316723e-02;2.188826e-02;1.285434e-01;2.211775e-02;9.858543e-03
1.712478e-02;7.666407e-02;3.788843e-01;1.118107e-01;1.148684e-01;7.149473e-02;4.893929e-02;2.030414e-02;1.452118e-02;1.226748e-01;1.782132e-02;4.892123e-03
2.074008e-02;7.531019e-02;3.984719e-01;1.115919e-01;1.110768e-01;4.143788e-02;5.789657e-02;1.438804e-02;9.058230e-03;1.346056e-01;2.021327e-02;5.209513e-03
1.766974e-02;9.260995e-02;4.304259e-01;5.281779e-02;9.947036e-02;2.428035e-02;6.763143e-02;1.650134e-02;8.860078e-03;1.590508e-01;2.188094e-02;8.801370e-03
2.393393e-02;1.398909e-01;3.821161e-01;4.669082e-02;8.889185e-02;2.376822e-02;7.126188e-02;1.952630e-02;1.609250e-02;1.630937e-01;1.208295e-02;1.265085e-02
3.025093e-02;1.782945e-01;2.503956e-01;1.018379e-01;7.766502e-02;4.762411e-02;6.819087e-02;2.276386e-02;2.061530e-02;1.403166e-01;3.954835e-02;2.249712e-02
3.630548e-02;1.693143e-01;2.306336e-01;1.265998e-01;6.285392e-02;9.154220e-02;5.840465e-02;3.943613e-02;3.095369e-02;9.077519e-02;4.264390e-02;2.053707e-02
2.612781e-02;1.374469e-01;2.863323e-01;1.212497e-01;6.228193e-02;1.263317e-01;5.546527e-02;4.906806e-02;3.786483e-02;5.151302e-02;2.589815e-02;2.042021e-02
2.056933e-02;1.242458e-01;2.927381e-01;8.960912e-02;6.068863e-02;1.228925e-01;6.188983e-02;6.641015e-02;4.603420e-02;5.794360e-02;1.926799e-02;3.771076e-02
1.593974e-02;1.106613e-01;3.113847e-01;4.258052e-02;4.989040e-02;7.709595e-02;5.804060e-02;7.775542e-02;5.418991e-02;1.091245e-01;3.933838e-02;5.399867e-02
2.666888e-02;1.279511e-01;3.214398e-01;6.822778e-02;4.349684e-02;5.504321e-02;3.061300e-02;5.855875e-02;4.674103e-02;1.324991e-01;3.393570e-02;5.482487e-02
2.591796e-02;1.403460e-01;2.781530e-01;8.973400e-02;7.183939e-02;1.221828e-01;2.032161e-02;4.931201e-02;3.218111e-02;1.076374e-01;2.292357e-02;3.945111e-02
2.976022e-02;1.195975e-01;3.272257e-01;1.103388e-01;8.597607e-02;1.273031e-01;2.420098e-02;2.886959e-02;2.694715e-02;6.611318e-02;2.610092e-02;2.756665e-02
3.461675e-02;1.064863e-01;3.683034e-01;9.307729e-02;6.423607e-02;1.372817e-01;2.401882e-02;5.554271e-02;2.753030e-02;2.824538e-02;3.718030e-02;2.348105e-02
2.755204e-02;8.886772e-02;3.540228e-01;9.816687e-02;5.965649e-02;1.490395e-01;3.108769e-02;6.198954e-02;2.423827e-02;4.851224e-02;2.743840e-02;2.942847e-02
2.271132e-02;1.435306e-01;3.077263e-01;9.406642e-02;6.413546e-02;1.279586e-01;3.883304e-02;7.200172e-02;2.521351e-02;5.684515e-02;2.166865e-02;2.530914e-02
1.535618e-02;1.350971e-01;3.048851e-01;4.740846e-02;4.322364e-02;1.191715e-01;4.499090e-02;7.453974e-02;5.581656e-02;9.501800e-02;4.579461e-02;1.869820e-02
1.463862e-02;1.289007e-01;3.557256e-01;4.745064e-02;3.187263e-02;6.504694e-02;4.859502e-02;4.644154e-02;6.913155e-02;1.403269e-01;3.754757e-02;1.432221e-02
1.092582e-02;1.733455e-01;4.056274e-01;2.933331e-02;1.508428e-02;3.143695e-02;4.368980e-02;1.770644e-02;8.353645e-02;1.706622e-01;1.288088e-02;5.771001e-03
5.542903e-03;1.948194e-01;3.762971e-01;1.053396e-02;6.795380e-03;2.511745e-02;9.437040e-02;1.363082e-02;8.984011e-02;1.647203e-01;8.206596e-03;1.012564e-02
7.443761e-03;1.982309e-01;2.778149e-01;1.564065e-02;5.811788e-03;6.399845e-02;1.467606e-01;3.042927e-02;8.887022e-02;1.389116e-01;9.089822e-03;1.699800e-02
1.032946e-02;2.483863e-01;1.957580e-01;1.325153e-02;7.008876e-03;8.430809e-02;1.063954e-01;3.887099e-02;1.091777e-01;1.411012e-01;1.713835e-02;2.827404e-02
2.271743e-02;2.906092e-01;1.816457e-01;1.312190e-02;8.808172e-03;8.422061e-02;3.490119e-02;3.280979e-02;1.156621e-01;1.363871e-01;3.274150e-02;4.637531e-02
5.108219e-02;3.040362e-01;1.816102e-01;1.876051e-02;7.588314e-03;7.127036e-02;4.447073e-02;2.949785e-02;9.313524e-02;1.031289e-01;3.468769e-02;6.073188e-02
6.646409e-02;2.781814e-01;1.982084e-01;2.796607e-02;1.374159e-02;9.380801e-02;5.326667e-02;3.954234e-02;7.035276e-02;7.304200e-02;2.589075e-02;5.953588e-02
5.898194e-02;2.391751e-01;2.351511e-01;3.066766e-02;2.164490e-02;1.158985e-01;6.159866e-02;4.057147e-02;5.503316e-02;8.542548e-02;2.256742e-02;3.328453e-02
2.665652e-02;2.230554e-01;3.590264e-01;3.982265e-02;2.435783e-02;8.377983e-02;4.217072e-02;4.566830e-02;3.729526e-02;8.178246e-02;1.983144e-02;1.655316e-02
2.346981e-02;1.898332e-01;4.407580e-01;3.345477e-02;3.113085e-02;8.031482e-02;3.723792e-02;2.488050e-02;3.242494e-02;8.502733e-02;8.173819e-03;1.329408e-02
2.130941e-02;1.598455e-01;4.569208e-01;3.822793e-02;3.363498e-02;7.351162e-02;4.428573e-02;8.711409e-03;3.663215e-02;1.059828e-01;7.554479e-03;1.338321e-02
1.589731e-02;1.346213e-01;4.496526e-01;5.052319e-02;3.720612e-02;7.544783e-02;5.140672e-02;1.422040e-02;3.333721e-02;1.210421e-01;5.388845e-03;1.125638e-02
1.606015e-02;1.582920e-01;4.351535e-01;4.695173e-02;3.588878e-02;6.694347e-02;7.604074e-02;1.652198e-02;2.643020e-02;1.023674e-01;9.342446e-03;1.000754e-02
1.773647e-02;1.706072e-01;4.427374e-01;3.794887e-02;3.312410e-02;5.796011e-02;8.989743e-02;2.631610e-02;2.918564e-02;7.519269e-02;1.166679e-02;7.627244e-03
1.616008e-02;1.601921e-01;4.219552e-01;2.625044e-02;3.512090e-02;4.257518e-02;8.112016e-02;3.343544e-02;3.993161e-02;1.064466e-01;2.569508e-02;1.111723e-02
2.161877e-02;2.236024e-01;3.559179e-01;3.632399e-02;3.810132e-02;2.664260e-02;5.885269e-02;3.645029e-02;3.808170e-02;1.254318e-01;2.715951e-02;1.181696e-02
3.389743e-02;2.886994e-01;3.028643e-01;2.252922e-02;2.812327e-02;4.176370e-02;6.053074e-02;4.702530e-02;3.081574e-02;1.016210e-01;2.514260e-02;1.698723e-02
3.821525e-02;2.756239e-01;2.945009e-01;2.023107e-02;2.668182e-02;6.046848e-02;8.726605e-02;4.709708e-02;3.027980e-02;8.288488e-02;1.332206e-02;2.342879e-02
2.077143e-02;2.167209e-01;3.708177e-01;3.556250e-02;2.974124e-02;5.295385e-02;1.076533e-01;3.956668e-02;3.344661e-02;5.426177e-02;1.814408e-02;2.035991e-02
3.135026e-02;2.806177e-01;3.409347e-01;4.442965e-02;2.357164e-02;4.869615e-02;7.759161e-02;4.255633e-02;3.293150e-02;4.611877e-02;1.672133e-02;1.448046e-02
4.474870e-02;3.065531e-01;2.527089e-01;3.795256e-02;4.012667e-02;6.323107e-02;5.058540e-02;6.351713e-02;4.021982e-02;7.442778e-02;1.278518e-02;1.314374e-02
4.582866e-02;3.010483e-01;1.981771e-01;5.342801e-02;4.126804e-02;6.553376e-02;4.502499e-02;6.502561e-02;6.294876e-02;9.648935e-02;1.318167e-02;1.204570e-02
3.604037e-02;2.679649e-01;2.966066e-01;6.849418e-02;2.818734e-02;6.206369e-02;4.345353e-02;4.352332e-02;7.469798e-02;6.319182e-02;7.012106e-03;8.764150e-03
4.288314e-02;1.910273e-01;3.801593e-01;5.638913e-02;2.144565e-02;7.353612e-02;3.707361e-02;3.491066e-02;8.434851e-02;4.854355e-02;1.415751e-02;1.552548e-02
3.478160e-02;2.571253e-01;3.576227e-01;3.783266e-02;3.084582e-02;5.398024e-02;2.053176e-02;3.361128e-02;6.272128e-02;7.561907e-02;1.604598e-02;1.928227e-02
2.655842e-02;2.549350e-01;3.611715e-01;3.106342e-02;3.852681e-02;7.578362e-02;2.915408e-02;4.042491e-02;3.940571e-02;6.573687e-02;1.568557e-02;2.155414e-02
2.421303e-02;1.452608e-01;3.723022e-01;9.313323e-02;4.892284e-02;1.031748e-01;3.577702e-02;4.956399e-02;2.684375e-02;5.310791e-02;1.927608e-02;2.842439e-02
2.966183e-02;1.706941e-01;3.714716e-01;9.235913e-02;4.331273e-02;9.333203e-02;4.223345e-02;4.387257e-02;2.622326e-02;4.259387e-02;2.052170e-02;2.372376e-02
3.633744e-02;2.241337e-01;3.536961e-01;7.003223e-02;3.232343e-02;6.603146e-02;5.622569e-02;4.852795e-02;3.006114e-02;5.145609e-02;1.563646e-02;1.553825e-02
3.084403e-02;1.838507e-01;3.466589e-01;6.123468e-02;3.018530e-02;6.447730e-02;6.843751e-02;5.962015e-02;3.912424e-02;8.981206e-02;1.417698e-02;1.157808e-02
2.425017e-02;1.885083e-01;3.539294e-01;4.175938e-02;2.905210e-02;6.979593e-02;6.959400e-02;5.411816e-02;4.174818e-02;1.096410e-01;1.047386e-02;7.129467e-03
2.973751e-02;2.232165e-01;3.656694e-01;3.854900e-02;3.006949e-02;6.909119e-02;6.137406e-02;4.838246e-02;3.731982e-02;8.351190e-02;7.387126e-03;5.691483e-03
3.407572e-02;2.719387e-01;3.864968e-01;2.027930e-02;2.980023e-02;4.479314e-02;5.866548e-02;4.194661e-02;2.970407e-02;5.464272e-02;2.045273e-02;7.204571e-03
2.905116e-02;2.136992e-01;3.040802e-01;3.669369e-02;6.484888e-02;1.349243e-01;4.574068e-02;6.623498e-02;1.965465e-02;2.646706e-02;3.388329e-02;2.472190e-02
3.087331e-02;1.253779e-01;1.818426e-01;6.117350e-02;1.140548e-01;2.326436e-01;3.663859e-02;6.118948e-02;1.705158e-02;2.474979e-02;5.572371e-02;5.868114e-02
2.703921e-02;8.377055e-02;9.541286e-02;1.059671e-01;1.462023e-01;2.375792e-01;3.045616e-02;5.939867e-02;1.167448e-02;2.544307e-02;1.079603e-01;6.909598e-02
2.105320e-02;8.777554e-02;8.608544e-02;1.754720e-01;1.284499e-01;1.461198e-01;2.077063e-02;7.007109e-02;9.906703e-03;3.442664e-02;1.726179e-01;4.725116e-02
2.269047e-02;1.000198e-01;1.858825e-01;1.972844e-01;6.633563e-02;4.989136e-02;4.136857e-02;5.794294e-02;2.287089e-02;6.766538e-02;1.664809e-01;2.156715e-02
2.969634e-02;9.631690e-02;3.355620e-01;1.282558e-01;2.528158e-02;4.236059e-02;8.719520e-02;2.490103e-02;3.247673e-02;1.137817e-01;7.428099e-02;9.891131e-03
2.975617e-02;1.216260e-01;4.099063e-01;3.954484e-02;3.408469e-02;3.669193e-02;1.114394e-01;2.114818e-02;2.318356e-02;1.363381e-01;2.779882e-02;8.481948e-03
2.161464e-02;1.499998e-01;4.242845e-01;5.112878e-02;4.268279e-02;2.442425e-02;1.103899e-01;1.758148e-02;1.145034e-02;1.255591e-01;1.216610e-02;8.718370e-03
2.005135e-02;1.581031e-01;4.418230e-01;4.091577e-02;4.281671e-02;3.019900e-02;1.015653e-01;1.965695e-02;1.824589e-02;9.552626e-02;2.122759e-02;9.868985e-03
2.256926e-02;1.362967e-01;4.554863e-01;6.107042e-02;3.260073e-02;6.028271e-02;6.757069e-02;2.395221e-02;3.834648e-02;5.514812e-02;2.644583e-02;2.023063e-02
3.057298e-02;7.019944e-02;4.348578e-01;1.041783e-01;2.357466e-02;7.188223e-02;6.817444e-02;2.045921e-02;5.543081e-02;4.851788e-02;4.848700e-02;2.366527e-02
4.599263e-02;1.199372e-01;4.251523e-01;7.426406e-02;3.549688e-02;3.992767e-02;1.061464e-01;1.750991e-02;3.750352e-02;5.684441e-02;3.220839e-02;9.016598e-03
4.008145e-02;1.650886e-01;4.049148e-01;2.825153e-02;4.243907e-02;6.119220e-02;1.200038e-01;2.685790e-02;2.057998e-02;5.916751e-02;1.713893e-02;1.428418e-02
2.506094e-02;2.228208e-01;3.145151e-01;5.382998e-02;6.330531e-02;7.282396e-02;8.313426e-02;4.433195e-02;1.887001e-02;5.699676e-02;2.227914e-02;2.203174e-02
3.786752e-02;2.812977e-01;2.460809e-01;8.784188e-02;8.528773e-02;7.286925e-02;3.796286e-02;4.236180e-02;2.149543e-02;5.981163e-02;1.291848e-02;1.420492e-02
6.050630e-02;2.603512e-01;2.187110e-01;7.069537e-02;7.922919e-02;9.920535e-02;4.715665e-02;4.501393e-02;1.817879e-02;5.326302e-02;3.205993e-02;1.562925e-02
7.281477e-02;2.623380e-01;2.109059e-01;4.098646e-02;6.917403e-02;8.680924e-02;4.478702e-02;6.383011e-02;2.066057e-02;5.490451e-02;3.920374e-02;3.358568e-02
7.447899e-02;1.868226e-01;2.968299e-01;5.021183e-02;3.974878e-02;5.381362e-02;4.650927e-02;7.060941e-02;3.158833e-02;6.279223e-02;3.133786e-02;5.525710e-02
7.681837e-02;2.349972e-01;2.406171e-01;5.895168e-02;5.864183e-02;5.689555e-02;5.827452e-02;4.541308e-02;3.712281e-02;4.612264e-02;3.191670e-02;5.422848e-02
5.732863e-02;2.470664e-01;2.433865e-01;7.934330e-02;7.068931e-02;6.748775e-02;4.705894e-02;3.443859e-02;4.301763e-02;3.892481e-02;3.811403e-02;3.314410e-02
5.130530e-02;2.195764e-01;3.014901e-01;6.981260e-02;6.463476e-02;6.135266e-02;5.794485e-02;4.393210e-02;3.247631e-02;2.728537e-02;3.288819e-02;3.730128e-02
4.116438e-02;1.523371e-01;3.354901e-01;1.078788e-01;5.602914e-02;5.927257e-02;5.869821e-02;3.348827e-02;2.296264e-02;4.291089e-02;4.995715e-02;3.981071e-02
2.785795e-02;9.086467e-02;2.179399e-01;1.836263e-01;9.234469e-02;8.157460e-02;3.665103e-02;7.486887e-02;2.312281e-02;4.606582e-02;8.910503e-02;3.597830e-02
1.395481e-02;9.755309e-02;2.053117e-01;1.558490e-01;1.470699e-01;1.054124e-01;1.960968e-02;9.414210e-02;1.919149e-02;2.568609e-02;6.548140e-02;5.073832e-02
1.475216e-02;8.112862e-02;1.531460e-01;1.179896e-01;2.069770e-01;1.192068e-01;3.073603e-02;8.810600e-02;2.135449e-02;1.417622e-02;4.705144e-02;1.053756e-01
1.420052e-02;8.701576e-02;1.540293e-01;1.333700e-01;2.006497e-01;1.472327e-01;2.488807e-02;5.440966e-02;2.228703e-02;8.275208e-03;1.419011e-02;1.394518e-01
1.440263e-02;8.889952e-02;1.238435e-01;1.670445e-01;2.024919e-01;1.146459e-01;2.022028e-02;4.120951e-02;2.154973e-02;9.769700e-03;3.768371e-02;1.582391e-01
1.880376e-02;5.755810e-02;1.092216e-01;1.110231e-01;1.957034e-01;1.162040e-01;1.766943e-02;3.216767e-02;1.298635e-02;1.689732e-02;1.325727e-01;1.791926e-01
1.665590e-02;5.767517e-02;9.531711e-02;1.272426e-01;1.415924e-01;9.711249e-02;1.553846e-02;3.066000e-02;8.359276e-03;2.231984e-02;2.491266e-01;1.384001e-01
1.584650e-02;6.797230e-02;8.569305e-02;2.346932e-01;9.428252e-02;6.849933e-02;9.603452e-03;4.342380e-02;1.170466e-02;2.304436e-02;2.816552e-01;6.358168e-02
1.231666e-02;7.268532e-02;1.960108e-01;2.929029e-01;8.726966e-02;3.131860e-02;1.617104e-02;3.257568e-02;1.113467e-02;2.799107e-02;1.854834e-01;3.414024e-02
9.225326e-03;6.222111e-02;2.640584e-01;3.357851e-01;8.736105e-02;3.242907e-02;5.296695e-02;1.630884e-02;1.241708e-02;5.909549e-02;5.606061e-02;1.207100e-02
7.960302e-03;6.365649e-02;3.150319e-01;2.639045e-01;7.726784e-02;3.217258e-02;9.489369e-02;1.129287e-02;1.458710e-02;9.349991e-02;2.173754e-02;3.995267e-03
8.354650e-03;9.667324e-02;3.086900e-01;1.288333e-01;5.434625e-02;6.378793e-02;1.407620e-01;1.793411e-02;4.287279e-02;1.072945e-01;2.449147e-02;5.959854e-03
1.168866e-02;1.649890e-01;1.951486e-01;3.188262e-02;2.446252e-02;1.687120e-01;1.704902e-01;2.934044e-02;1.015561e-01;7.994233e-02;7.098460e-03;1.468905e-02
2.950236e-02;1.969005e-01;1.069310e-01;3.963971e-02;5.307274e-02;1.929972e-01;1.312340e-01;4.725781e-02;1.255103e-01;4.574042e-02;1.392498e-02;1.728904e-02
8.470097e-02;1.632608e-01;1.154024e-01;4.221919e-02;1.484485e-01;1.026020e-01;8.398011e-02;1.175103e-01;8.958352e-02;2.074131e-02;2.032548e-02;1.122546e-02
1.486554e-01;7.260781e-02;8.034747e-02;7.762050e-02;1.962010e-01;4.940589e-02;8.280607e-02;2.099924e-01;3.241536e-02;7.188703e-03;1.533843e-02;2.742102e-02
1.216473e-01;4.558535e-02;7.193346e-02;1.918392e-01;1.190943e-01;5.260910e-02;1.224108e-01;1.706406e-01;2.134211e-02;1.916805e-02;1.226638e-02;5.146338e-02
7.163680e-02;2.944800e-02;5.393403e-02;3.039324e-01;4.891616e-02;3.276055e-02;1.803420e-01;9.316099e-02;2.424368e-02;3.830419e-02;2.709901e-02;9.622221e-02
4.113734e-02;4.940663e-02;1.017905e-01;2.424054e-01;3.154968e-02;6.043188e-02;1.884091e-01;4.685021e-02;2.105973e-02;4.059674e-02;2.128013e-02;1.550827e-01
2.859529e-02;5.794663e-02;1.013524e-01;1.387400e-01;3.184938e-02;1.047510e-01;2.071763e-01;2.788942e-02;1.739169e-02;3.231766e-02;8.797154e-02;1.640187e-01
2.991688e-02;2.882652e-02;8.805928e-02;8.532349e-02;4.366708e-02;1.453782e-01;2.133060e-01;3.297598e-02;2.126577e-02;3.966092e-02;1.609070e-01;1.107129e-01
4.311558e-02;5.735015e-02;9.026942e-02;8.237487e-02;4.947512e-02;1.812580e-01;1.715242e-01;3.306124e-02;3.119932e-02;4.501669e-02;1.483448e-01;6.701075e-02
4.572600e-02;5.616106e-02;1.126819e-01;9.441231e-02;4.525587e-02;2.818529e-01;1.274663e-01;4.090675e-02;3.999487e-02;5.103136e-02;7.834085e-02;2.616978e-02
2.877869e-02;7.682678e-02;1.538808e-01;7.750305e-02;6.374374e-02;2.557805e-01;7.969216e-02;3.404583e-02;2.470437e-02;4.880984e-02;7.672277e-02;7.951143e-02
2.711292e-02;9.244893e-02;1.650056e-01;1.091923e-01;6.173887e-02;1.538294e-01;1.002452e-01;3.775465e-02;2.463011e-02;3.761001e-02;8.690377e-02;1.035281e-01
1.926515e-02;9.607429e-02;1.535645e-01;9.045196e-02;5.400629e-02;1.185623e-01;1.457781e-01;5.244324e-02;3.122992e-02;4.474006e-02;8.226741e-02;1.116167e-01
2.376676e-02;8.693791e-02;1.304513e-01;7.309584e-02;4.690216e-02;1.731054e-01;1.804569e-01;6.575433e-02;3.149606e-02;5.239169e-02;4.558090e-02;9.006073e-02
4.233899e-02;8.771893e-02;1.574513e-01;8.505950e-02;3.598442e-02;1.347992e-01;2.500043e-01;6.900626e-02;4.158464e-02;3.446827e-02;3.743629e-02;2.414788e-02
3.617153e-02;1.204630e-01;1.787408e-01;9.829282e-02;2.787802e-02;1.003965e-01;2.227752e-01;4.832112e-02;4.525200e-02;2.776045e-02;3.085782e-02;6.309069e-02
2.964198e-02;1.206129e-01;1.710268e-01;1.028426e-01;3.584230e-02;9.217469e-02;2.222594e-01;6.601681e-02;3.670231e-02;2.856175e-02;2.042187e-02;7.389652e-02
1.667425e-02;1.142636e-01;1.134041e-01;1.730257e-01;5.212034e-02;1.230041e-01;2.072309e-01;5.102985e-02;5.214612e-02;2.439921e-02;2.583945e-02;4.686236e-02
3.263133e-02;1.228663e-01;1.790405e-01;1.893952e-01;4.123460e-02;9.730081e-02;1.297067e-01;5.729523e-02;5.040998e-02;4.052446e-02;3.034754e-02;2.924738e-02
4.425780e-02;1.194410e-01;2.167657e-01;1.854103e-01;4.958518e-02;1.106850e-01;6.809924e-02;4.094578e-02;3.611036e-02;4.168752e-02;4.237356e-02;4.463850e-02
5.876575e-02;1.150252e-01;1.825719e-01;1.139517e-01;5.186256e-02;1.938811e-01;4.666992e-02;5.158279e-02;3.075479e-02;2.559903e-02;6.030270e-02;6.903247e-02
5.738668e-02;8.795433e-02;2.424500e-01;9.880774e-02;5.367168e-02;1.846432e-01;2.646349e-02;4.986249e-02;3.566623e-02;1.387913e-02;6.873081e-02;8.048413e-02
5.307578e-02;8.033487e-02;2.787842e-01;1.197973e-01;6.049115e-02;1.192890e-01;6.627939e-02;6.712700e-02;4.227587e-02;2.058402e-02;6.464031e-02;2.732108e-02
4.722268e-02;1.390916e-01;2.442488e-01;9.923489e-02;5.706622e-02;7.401375e-02;9.041114e-02;4.694875e-02;3.927727e-02;2.422068e-02;7.429731e-02;6.396689e-02
2.360508e-02;1.635215e-01;1.977718e-01;8.662380e-02;7.360983e-02;1.056435e-01;1.098690e-01;5.492881e-02;2.844787e-02;2.007019e-02;9.049892e-02;4.540957e-02
