8.657910e-02;4.857604e-02;1.187420e-01;6.219012e-02;8.219196e-02;9.269804e-02;1.868973e-01;5.153035e-02;7.119788e-02;6.974067e-02;6.859953e-02;6.105711e-02
9.774452e-02;5.091080e-02;9.188776e-02;5.500022e-02;8.752254e-02;9.859601e-02;1.927216e-01;7.863669e-02;7.617280e-02;7.984870e-02;4.620261e-02;4.475580e-02
1.140749e-01;5.948309e-02;5.377170e-02;7.089076e-02;1.083019e-01;9.418467e-02;1.490310e-01;8.833931e-02;1.145071e-01;7.699057e-02;4.287852e-02;2.754642e-02
7.280256e-02;3.136649e-02;1.006791e-01;6.621159e-02;1.069900e-01;1.099427e-01;1.509123e-01;8.010194e-02;1.266898e-01;7.387125e-02;4.429199e-02;3.614039e-02
5.346134e-02;3.683477e-02;1.222857e-01;6.418603e-02;1.032412e-01;1.073838e-01;1.617471e-01;6.557229e-02;1.256888e-01;7.466538e-02;4.572679e-02;3.920681e-02
4.488631e-02;5.160046e-02;1.255543e-01;9.848227e-02;1.032084e-01;8.447210e-02;1.366896e-01;7.585318e-02;1.192052e-01;7.693190e-02;4.750576e-02;3.561056e-02
2.702949e-02;5.126078e-02;1.181750e-01;9.807913e-02;1.817991e-01;6.947101e-02;9.207319e-02;1.047006e-01;1.090885e-01;8.151304e-02;3.803489e-02;2.877525e-02
2.711575e-02;5.320875e-02;1.164642e-01;9.161866e-02;2.274357e-01;8.074959e-02;7.125659e-02;9.600058e-02;8.382674e-02;9.505241e-02;2.579137e-02;3.147954e-02
4.966936e-02;6.959891e-02;1.251096e-01;8.566638e-02;2.007980e-01;1.016123e-01;6.711914e-02;8.252737e-02;6.466705e-02;9.509540e-02;2.501281e-02;3.312363e-02
7.575361e-02;5.621704e-02;8.580527e-02;9.245180e-02;1.566273e-01;9.716397e-02;6.207447e-02;1.173503e-01;5.803108e-02;1.272082e-01;3.377971e-02;3.753735e-02
7.200424e-02;4.823022e-02;4.494309e-02;1.387206e-01;1.196116e-01;8.554400e-02;7.894634e-02;9.464896e-02;6.581730e-02;1.271745e-01;6.309941e-02;6.125978e-02
6.120839e-02;6.648549e-02;8.888011e-02;1.331014e-01;8.291308e-02;1.017257e-01;1.026139e-01;5.867052e-02;1.027509e-01;8.082740e-02;5.815738e-02;6.266566e-02
7.575265e-02;6.334385e-02;1.361696e-01;9.229109e-02;1.396920e-01;9.710311e-02;7.564250e-02;4.502664e-02;1.230504e-01;5.939437e-02;4.078868e-02;5.174509e-02
9.156623e-02;6.876350e-02;1.780776e-01;6.019789e-02;1.323266e-01;8.650397e-02;5.255374e-02;4.627752e-02;1.064196e-01;5.702357e-02;3.224129e-02;8.804850e-02
9.835284e-02;1.275949e-01;2.144085e-01;5.518735e-02;5.042257e-02;6.145012e-02;7.613672e-02;3.859410e-02;8.374672e-02;3.804350e-02;4.435527e-02;1.117074e-01
9.038127e-02;1.636881e-01;1.818142e-01;6.421745e-02;8.607752e-02;6.841913e-02;7.082812e-02;3.999245e-02;8.063490e-02;4.009321e-02;2.883997e-02;8.501366e-02
6.807987e-02;1.852091e-01;1.303595e-01;6.635599e-02;9.643663e-02;5.233058e-02;9.933911e-02;7.163700e-02;7.130224e-02;6.069921e-02;4.970145e-02;4.854934e-02
6.257098e-02;1.828781e-01;5.896390e-02;6.450882e-02;1.168416e-01;4.433689e-02;9.449252e-02;8.654672e-02;6.142046e-02;7.834726e-02;8.332183e-02;6.577095e-02
1.070524e-01;1.149556e-01;5.045053e-02;4.776443e-02;1.177720e-01;9.563980e-02;5.751310e-02;5.960241e-02;6.245625e-02;8.969411e-02;1.179895e-01;7.910986e-02
7.851856e-02;4.984954e-02;7.190704e-02;4.903511e-02;8.742025e-02;1.107179e-01;9.096833e-02;9.231323e-02;7.073385e-02;1.066784e-01;1.172473e-01;7.461048e-02
2.858291e-02;6.413043e-02;8.060696e-02;5.884799e-02;1.092064e-01;9.196159e-02;9.174101e-02;1.422153e-01;1.186206e-01;1.205111e-01;3.610412e-02;5.747147e-02
5.428438e-02;6.806680e-02;1.587028e-01;4.767220e-02;7.595727e-02;9.912488e-02;1.389728e-01;1.237870e-01;1.120657e-01;6.447279e-02;2.288021e-02;3.401318e-02
5.263647e-02;7.964963e-02;1.778111e-01;4.893021e-02;4.382149e-02;1.374461e-01;1.476663e-01;6.857545e-02;1.103901e-01;6.788480e-02;1.925468e-02;4.593361e-02
3.788993e-02;1.091956e-01;1.493333e-01;3.882303e-02;2.497387e-02;2.058773e-01;1.155556e-01;2.730909e-02;1.533305e-01;6.147099e-02;1.687039e-02;5.937036e-02
2.627392e-02;1.592626e-01;8.868860e-02;2.637767e-02;2.001626e-02;2.641075e-01;6.330083e-02;1.770976e-02;2.258390e-01;3.223880e-02;1.398266e-02;6.220242e-02
2.960596e-02;2.237156e-01;5.020398e-02;2.564086e-02;2.079693e-02;2.601168e-01;2.266658e-02;1.523258e-02;2.771858e-01;1.023811e-02;1.310233e-02;5.149453e-02
3.508693e-02;2.534357e-01;5.468725e-02;3.952458e-02;4.539671e-02;2.105151e-01;2.169303e-02;1.147371e-02;2.532914e-01;1.242510e-02;2.904030e-02;3.343023e-02
4.652213e-02;2.550037e-01;6.694258e-02;4.865870e-02;4.984849e-02;2.032741e-01;2.738679e-02;1.406356e-02;1.934060e-01;1.383150e-02;3.569335e-02;4.536914e-02
4.860460e-02;2.696986e-01;9.768843e-02;5.672481e-02;2.312027e-02;1.948551e-01;2.649789e-02;2.984167e-02;1.730058e-01;1.104117e-02;3.421663e-02;3.470514e-02
7.439607e-02;2.191169e-01;1.232382e-01;5.722446e-02;3.750017e-02;1.354120e-01;3.849069e-02;6.004784e-02;1.586693e-01;2.469375e-02;4.049843e-02;3.071223e-02
6.420383e-02;1.350204e-01;1.609959e-01;5.747566e-02;6.569386e-02;7.357547e-02;1.389629e-01;4.050723e-02;9.700712e-02;6.408989e-02;6.048293e-02;4.198475e-02
9.606398e-02;6.714013e-02;1.690848e-01;4.847810e-02;6.964377e-02;6.365942e-02;1.797057e-01;4.460600e-02;6.868970e-02;6.959191e-02;7.115634e-02;5.218012e-02
1.006245e-01;6.601958e-02;1.568794e-01;4.317287e-02;6.657024e-02;6.268861e-02;1.849325e-01;5.733323e-02;6.947824e-02;5.913857e-02;7.471745e-02;5.844476e-02
7.969352e-02;7.922217e-02;1.613753e-01;4.254763e-02;6.541099e-02;7.428318e-02;1.955201e-01;5.433758e-02;6.228508e-02;5.436423e-02;7.879035e-02;5.216986e-02
3.698796e-02;1.388643e-01;1.391198e-01;4.733865e-02;4.389897e-02;1.267783e-01;1.463935e-01;5.479439e-02;1.217530e-01;4.878703e-02;5.520005e-02;4.008402e-02
3.601794e-02;1.618246e-01;6.850236e-02;5.610081e-02;5.700548e-02;1.261798e-01;8.136705e-02;4.694895e-02;2.125960e-01;5.072495e-02;5.246377e-02;5.026825e-02
4.774836e-02;1.013436e-01;1.032004e-01;5.129882e-02;9.794822e-02;1.478922e-01;9.367012e-02;6.127220e-02;1.680252e-01;2.926187e-02;5.726224e-02;4.107688e-02
7.480735e-02;4.457027e-02;1.589374e-01;8.869111e-02;1.212886e-01;1.737245e-01;7.106189e-02;6.028650e-02;6.805021e-02;2.884986e-02;5.670342e-02;5.302882e-02
7.494340e-02;5.028942e-02;1.833404e-01;1.082534e-01;9.966831e-02;1.449052e-01;7.733200e-02;4.995551e-02;4.609014e-02;3.577598e-02;7.367571e-02;5.577052e-02
7.951572e-02;5.547379e-02;1.765171e-01;1.007994e-01;7.117738e-02;8.834451e-02;1.128767e-01;4.799327e-02;3.651415e-02;6.095543e-02;1.026910e-01;6.714161e-02
9.004738e-02;4.229641e-02;1.429709e-01;8.283304e-02;9.022871e-02;5.691470e-02;1.233320e-01;5.508267e-02;5.840335e-02;7.755408e-02;1.217058e-01;5.863101e-02
1.094190e-01;3.809561e-02;1.186141e-01;8.644351e-02;1.157161e-01;4.623330e-02;1.082056e-01;5.558381e-02;9.358004e-02;7.367895e-02;1.211339e-01;3.329606e-02
9.843606e-02;4.968825e-02;1.110962e-01;7.770018e-02;1.326553e-01;7.064244e-02;1.152847e-01;5.117868e-02;8.881224e-02;6.617413e-02;7.542378e-02;6.290815e-02
1.018838e-01;3.039738e-02;9.561802e-02;5.377774e-02;1.533103e-01;1.585792e-01;1.130556e-01;4.688399e-02;6.249411e-02;5.698503e-02;3.469834e-02;9.231652e-02
1.895748e-01;2.661338e-02;4.946098e-02;2.422862e-02;1.029057e-01;2.745814e-01;1.238211e-01;3.431180e-02;3.671467e-02;7.437421e-02;1.934497e-02;4.406844e-02
1.924536e-01;7.565688e-02;2.149209e-02;2.466286e-02;4.995864e-02;2.714438e-01;1.927845e-01;3.272386e-02;1.885115e-02;9.099163e-02;1.472329e-02;1.425765e-02
1.187130e-01;1.785703e-01;2.009325e-02;1.640811e-02;2.209408e-02;1.646681e-01;3.037515e-01;3.911489e-02;2.425818e-02;5.943625e-02;3.736589e-02;1.552660e-02
5.701100e-02;2.147822e-01;5.611086e-02;1.626673e-02;2.514306e-02;5.980667e-02;3.028037e-01;9.053984e-02;6.484614e-02;3.901189e-02;5.642069e-02;1.725718e-02
4.684374e-02;1.366926e-01;9.316312e-02;3.949914e-02;3.620396e-02;3.118069e-02;1.765030e-01;1.237197e-01;1.327125e-01;8.045923e-02;6.334783e-02;3.967446e-02
4.589177e-02;7.156957e-02;9.937604e-02;6.006015e-02;5.094362e-02;2.819495e-02;7.963938e-02;1.038354e-01;1.982818e-01;1.330634e-01;7.916855e-02;4.997537e-02
3.603428e-02;4.070854e-02;9.175418e-02;5.930843e-02;5.202078e-02;2.406815e-02;1.632732e-01;9.740871e-02;2.040427e-01;1.212874e-01;7.233075e-02;3.776283e-02
2.810581e-02;3.846696e-02;8.356632e-02;4.056792e-02;4.029128e-02;3.833189e-02;3.528555e-01;1.358328e-01;1.236723e-01;5.130954e-02;4.475579e-02;2.224385e-02
6.057839e-02;5.706959e-02;5.916388e-02;2.444801e-02;4.633711e-02;1.012204e-01;4.342597e-01;9.313451e-02;2.865865e-02;5.341518e-02;2.591191e-02;1.580266e-02
4.319284e-02;6.557827e-02;5.683485e-02;1.023418e-02;3.435147e-02;7.588264e-02;5.080003e-01;7.057418e-02;3.748750e-02;4.816078e-02;3.232963e-02;1.737338e-02
2.001436e-02;5.965994e-02;7.476357e-02;2.221460e-02;3.144777e-02;3.136038e-02;3.025274e-01;1.175288e-01;1.674832e-01;1.002554e-01;4.158362e-02;3.116095e-02
2.677714e-02;4.367539e-02;6.031375e-02;3.589143e-02;3.626811e-02;1.360075e-02;1.307719e-01;9.633531e-02;2.360536e-01;2.413620e-01;4.488631e-02;3.406428e-02
2.729420e-02;3.126765e-02;3.034498e-02;4.809565e-02;5.113437e-02;1.662323e-02;4.738540e-02;4.119471e-02;2.171008e-01;4.019212e-01;6.142617e-02;2.621162e-02
4.055957e-02;1.414717e-02;2.134574e-02;8.804827e-02;4.781314e-02;7.938879e-03;2.480808e-02;2.970427e-02;3.493551e-01;3.213377e-01;3.894353e-02;1.599849e-02
4.382116e-02;9.711693e-03;6.667437e-02;1.088366e-01;2.982888e-02;3.788735e-03;4.029249e-02;9.565575e-02;3.832225e-01;1.671491e-01;1.973297e-02;3.128581e-02
2.568213e-02;2.844121e-02;1.362354e-01;7.791071e-02;1.243520e-02;8.826946e-03;1.151539e-01;2.002271e-01;2.601875e-01;6.589310e-02;1.544087e-02;5.356599e-02
2.695253e-02;9.529422e-02;1.417909e-01;2.246186e-02;1.536397e-02;2.690065e-02;2.520765e-01;2.325990e-01;9.010077e-02;2.605507e-02;2.170356e-02;4.870109e-02
6.364006e-02;1.486657e-01;7.975995e-02;2.235277e-02;3.482207e-02;5.733268e-02;3.174785e-01;1.600710e-01;3.900341e-02;1.168104e-02;3.617471e-02;2.901806e-02
9.231756e-02;1.339683e-01;7.709399e-02;3.455829e-02;6.663512e-02;8.619587e-02;2.634836e-01;9.515435e-02;5.050907e-02;1.274009e-02;4.784561e-02;3.949807e-02
9.301118e-02;6.097327e-02;1.457942e-01;4.926830e-02;9.381436e-02;8.707872e-02;1.508285e-01;8.322703e-02;9.330859e-02;3.742276e-02;5.771925e-02;4.755390e-02
4.818199e-02;6.952686e-02;1.894696e-01;4.155501e-02;9.119520e-02;7.265081e-02;1.306765e-01;7.921429e-02;9.384334e-02;7.217008e-02;4.736004e-02;6.415635e-02
8.156603e-02;4.938900e-02;1.158985e-01;6.871364e-02;7.833397e-02;6.513798e-02;1.764283e-01;6.342138e-02;9.865488e-02;8.328851e-02;4.717100e-02;7.199673e-02
9.211216e-02;5.769733e-02;7.665555e-02;8.923617e-02;6.653471e-02;1.075171e-01;1.815546e-01;6.092614e-02;8.903719e-02;9.651604e-02;3.364321e-02;4.856980e-02
8.602497e-02;6.386416e-02;7.692492e-02;8.095548e-02;8.997598e-02;1.107037e-01;1.678578e-01;8.572852e-02;8.212560e-02;8.204875e-02;2.765623e-02;4.613390e-02
6.048976e-02;5.834945e-02;9.393021e-02;6.761316e-02;1.083753e-01;7.952704e-02;1.831958e-01;1.166467e-01;6.730650e-02;6.653398e-02;5.400285e-02;4.402938e-02
4.914045e-02;6.611323e-02;7.910807e-02;3.856281e-02;9.931685e-02;4.066338e-02;2.888302e-01;1.147777e-01;7.248365e-02;3.051247e-02;9.345485e-02;2.703639e-02
5.034269e-02;4.968353e-02;7.287195e-02;6.538764e-02;1.008361e-01;5.756339e-02;2.921478e-01;6.523263e-02;6.286852e-02;5.443897e-02;7.396916e-02;5.465760e-02
6.701206e-02;8.031375e-02;9.611370e-02;8.960291e-02;7.819298e-02;7.509144e-02;1.483704e-01;7.131463e-02;7.322288e-02;9.668904e-02;6.789399e-02;5.618220e-02
7.382005e-02;7.430934e-02;1.171103e-01;9.215812e-02;6.323014e-02;8.889567e-02;1.284216e-01;6.853998e-02;8.101670e-02;6.464507e-02;6.668896e-02;8.116407e-02
8.040267e-02;4.609419e-02;6.717645e-02;6.230142e-02;1.418430e-01;9.182525e-02;1.385118e-01;3.828314e-02;5.171395e-02;4.767114e-02;7.927089e-02;1.549061e-01
7.211575e-02;2.430522e-02;4.554825e-02;8.665413e-02;2.032317e-01;8.484067e-02;9.756776e-02;2.601787e-02;3.625330e-02;3.116317e-02;8.838031e-02;2.039219e-01
3.548665e-02;2.049864e-02;5.650328e-02;1.595826e-01;1.928987e-01;5.875795e-02;5.070116e-02;3.365600e-02;2.451561e-02;1.005244e-02;1.847541e-01;1.725928e-01
1.166676e-02;1.577750e-02;7.529426e-02;2.392634e-01;1.218656e-01;3.467624e-02;2.543765e-02;4.986564e-02;1.206812e-02;2.543461e-02;2.996440e-01;8.900621e-02
9.780184e-03;1.011970e-02;1.035643e-01;2.642457e-01;5.496445e-02;2.481034e-02;1.653481e-02;6.210925e-02;1.079871e-02;5.168619e-02;3.714932e-01;1.989321e-02
1.712284e-02;9.032484e-03;1.389654e-01;1.859528e-01;2.535169e-02;1.478905e-02;4.035014e-02;6.820084e-02;1.616892e-02;1.023219e-01;3.703740e-01;1.136989e-02
2.730538e-02;6.529420e-03;1.735438e-01;9.570991e-02;1.149122e-02;6.633223e-03;7.636680e-02;6.288587e-02;1.793799e-02;1.751019e-01;3.378673e-01;8.627163e-03
2.809654e-02;7.482911e-03;1.882085e-01;5.548037e-02;1.584826e-02;9.126791e-03;8.091494e-02;4.281809e-02;2.176273e-02;2.079898e-01;3.330622e-01;9.208951e-03
1.872866e-02;7.723674e-03;1.519622e-01;9.136336e-02;1.882320e-02;2.032011e-02;4.910539e-02;6.272086e-02;1.439468e-02;1.595322e-01;3.943112e-01;1.101454e-02
1.089607e-02;2.130262e-02;1.027114e-01;1.189525e-01;3.277830e-02;2.585150e-02;2.526720e-02;8.424485e-02;1.837884e-02;9.562572e-02;4.168086e-01;4.718242e-02
1.908190e-02;3.176517e-02;7.444820e-02;1.002641e-01;8.291575e-02;3.586340e-02;2.212819e-02;6.751419e-02;3.118142e-02;5.567343e-02;3.321568e-01;1.470075e-01
5.096158e-02;3.236623e-02;6.948820e-02;5.926794e-02;1.412499e-01;7.588176e-02;6.545956e-02;3.565215e-02;5.009636e-02;3.548218e-02;1.669404e-01;2.171537e-01
9.377794e-02;3.928331e-02;8.221015e-02;5.737993e-02;1.487107e-01;1.272307e-01;1.500017e-01;2.280142e-02;4.202419e-02;3.230493e-02;4.966326e-02;1.546118e-01
9.696812e-02;5.711715e-02;1.339867e-01;6.569868e-02;1.376964e-01;1.328813e-01;1.948297e-01;3.019450e-02;2.418611e-02;4.027277e-02;2.694437e-02;5.922424e-02
8.243942e-02;4.978376e-02;1.693039e-01;6.421552e-02;1.347460e-01;1.035860e-01;1.724823e-01;3.840574e-02;3.842470e-02;5.231206e-02;5.789063e-02;3.640997e-02
8.168022e-02;5.310809e-02;1.703934e-01;5.541909e-02;8.858658e-02;6.073317e-02;1.214949e-01;9.233235e-02;9.402382e-02;9.851271e-02;4.336899e-02;4.034667e-02
6.717180e-02;6.474189e-02;1.560876e-01;5.156820e-02;7.892101e-02;5.376292e-02;1.295447e-01;9.017290e-02;9.836362e-02;1.081927e-01;6.127694e-02;4.019569e-02
6.321236e-02;6.375704e-02;1.189594e-01;4.930146e-02;7.156419e-02;5.206536e-02;1.753816e-01;8.044047e-02;9.448889e-02;9.919804e-02;8.517065e-02;4.646055e-02
5.932097e-02;5.729306e-02;1.256911e-01;7.091611e-02;1.055213e-01;6.835719e-02;1.569737e-01;6.802184e-02;8.325627e-02;7.347005e-02;7.830514e-02;5.287321e-02
6.885142e-02;6.583962e-02;1.347663e-01;8.091588e-02;1.097906e-01;7.846007e-02;7.185033e-02;7.227346e-02;6.170109e-02;8.929868e-02;1.357078e-01;3.054476e-02
9.853263e-02;7.413399e-02;1.318605e-01;1.180408e-01;6.641109e-02;6.240435e-02;9.536764e-02;5.050200e-02;5.427509e-02;8.738390e-02;1.052811e-01;5.580691e-02
1.825478e-01;9.189575e-02;9.209847e-02;7.101778e-02;4.641823e-02;5.380860e-02;1.036460e-01;5.470416e-02;6.296535e-02;7.282271e-02;9.280483e-02;7.527027e-02
2.638066e-01;1.149448e-01;9.799134e-02;3.320780e-02;4.358952e-02;2.991738e-02;7.246204e-02;3.933582e-02;4.821795e-02;8.603825e-02;9.155677e-02;7.893174e-02
2.797753e-01;1.082977e-01;8.055111e-02;2.319744e-02;3.689793e-02;3.472860e-02;6.737826e-02;3.396509e-02;4.374968e-02;1.062871e-01;9.617655e-02;8.899529e-02
2.311892e-01;9.014038e-02;5.510337e-02;3.539980e-02;5.239221e-02;4.201487e-02;1.251876e-01;4.312676e-02;4.957547e-02;1.072368e-01;9.010448e-02;7.852905e-02
1.612206e-01;8.200876e-02;7.049512e-02;6.204019e-02;8.120809e-02;4.666600e-02;1.447767e-01;6.189768e-02;7.228474e-02;8.989519e-02;7.497054e-02;5.253641e-02
8.981225e-02;7.901742e-02;8.810461e-02;8.084043e-02;1.120842e-01;7.803140e-02;1.157833e-01;8.469698e-02;1.009945e-01;7.421295e-02;4.813420e-02;4.828776e-02
1.268015e-01;6.435546e-02;4.794079e-02;5.826069e-02;1.061910e-01;1.119093e-01;6.404626e-02;1.004294e-01;1.164494e-01;9.226721e-02;5.471217e-02;5.663674e-02
8.339428e-02;5.474063e-02;6.735875e-02;5.221807e-02;9.867363e-02;8.502401e-02;1.345517e-01;6.670751e-02;8.380945e-02;9.196459e-02;1.090323e-01;7.252508e-02
6.412800e-02;8.339673e-02;1.291590e-01;6.039346e-02;8.392333e-02;8.555940e-02;1.376639e-01;7.675955e-02;5.106675e-02;1.223692e-01;4.677576e-02;5.880499e-02
7.757489e-02;8.809365e-02;1.192525e-01;4.863735e-02;9.610391e-02;8.888584e-02;1.378852e-01;9.697376e-02;4.077043e-02;1.068258e-01;4.780028e-02;5.119631e-02
9.249587e-02;9.441762e-02;1.098020e-01;4.679810e-02;7.605959e-02;6.040410e-02;1.584763e-01;8.054281e-02;5.741252e-02;9.948178e-02;7.422018e-02;4.988911e-02
1.040257e-01;7.931072e-02;8.861849e-02;4.828810e-02;5.178284e-02;3.309581e-02;1.334191e-01;5.140439e-02;1.411215e-01;1.391537e-01;8.072995e-02;4.904966e-02
8.284753e-02;5.353284e-02;6.548185e-02;4.702118e-02;5.781176e-02;2.890764e-02;1.181054e-01;5.044589e-02;1.736454e-01;2.156565e-01;6.618791e-02;4.035613e-02
4.965918e-02;2.731556e-02;3.655940e-02;6.217222e-02;8.114777e-02;2.506108e-02;8.379510e-02;3.181873e-02;2.494392e-01;2.989526e-01;3.536887e-02;1.871021e-02
3.625460e-02;9.479167e-03;6.569935e-02;8.804742e-02;4.971730e-02;2.348873e-02;5.603039e-02;6.703988e-02;3.731057e-01;1.956384e-01;1.389116e-02;2.160796e-02
2.436343e-02;3.341182e-02;1.436827e-01;9.146081e-02;2.812686e-02;2.842957e-02;9.021257e-02;1.466215e-01;2.847390e-01;8.174553e-02;1.359913e-02;3.360718e-02
2.037762e-02;1.057457e-01;1.719488e-01;5.336893e-02;3.766488e-02;2.638803e-02;1.791358e-01;1.750055e-01;1.407499e-01;3.091729e-02;2.475108e-02;3.394644e-02
6.347453e-02;1.761361e-01;1.126223e-01;4.365537e-02;4.718490e-02;4.965274e-02;2.464719e-01;1.256326e-01;5.550897e-02;2.622732e-02;3.299284e-02;2.044042e-02
1.897371e-01;1.299999e-01;5.023781e-02;6.950007e-02;4.183840e-02;1.374544e-01;1.850865e-01;7.856891e-02;2.866142e-02;5.208482e-02;2.228267e-02;1.454796e-02
3.174249e-01;3.584145e-02;2.544049e-02;4.659790e-02;3.632997e-02;2.359030e-01;8.485813e-02;9.002415e-02;2.155066e-02;7.716183e-02;7.757288e-03;2.111021e-02
2.781187e-01;5.563752e-02;1.686153e-02;5.271265e-02;4.871643e-02;2.330215e-01;1.144118e-01;8.012040e-02;1.356910e-02;7.343859e-02;1.513574e-02;1.825602e-02
1.595135e-01;1.222261e-01;2.867130e-02;6.584989e-02;6.208184e-02;1.627968e-01;2.098158e-01;7.363202e-02;1.753476e-02;5.457848e-02;3.164089e-02;1.165858e-02
8.375241e-02;1.522515e-01;5.033686e-02;4.867212e-02;8.177123e-02;9.952112e-02;2.770926e-01;8.587137e-02;2.966632e-02;3.052283e-02;4.870930e-02;1.183228e-02
7.491314e-02;1.445818e-01;6.794938e-02;2.922149e-02;1.103381e-01;1.027876e-01;2.174211e-01;1.108615e-01;3.977543e-02;3.397923e-02;5.216743e-02;1.600374e-02
5.410743e-02;7.823028e-02;7.713635e-02;2.692217e-02;6.866952e-02;9.686758e-02;3.147893e-01;1.204037e-01;5.479943e-02;5.182094e-02;2.441723e-02;3.183614e-02
3.975452e-02;7.077561e-02;6.761055e-02;1.526813e-02;5.873639e-02;7.880346e-02;4.126441e-01;1.218419e-01;4.842656e-02;3.061678e-02;2.693888e-02;2.858316e-02
3.929767e-02;7.158929e-02;6.570683e-02;1.861423e-02;6.856704e-02;8.407485e-02;4.116891e-01;1.123330e-01;4.396641e-02;3.207690e-02;2.626718e-02;2.581753e-02
5.657259e-02;5.993621e-02;9.007945e-02;2.835425e-02;7.216599e-02;9.440891e-02;3.124785e-01;1.055487e-01;6.255448e-02;5.763292e-02;3.766394e-02;2.260407e-02
7.766796e-02;8.231135e-02;1.158767e-01;4.834166e-02;7.433238e-02;1.153200e-01;1.452355e-01;1.099704e-01;8.529162e-02;7.962943e-02;3.938870e-02;2.663432e-02
1.175144e-01;8.261105e-02;4.451070e-02;6.389543e-02;4.330219e-02;1.560679e-01;1.408790e-01;1.267062e-01;8.180680e-02;6.614943e-02;5.682823e-02;1.972871e-02
1.025058e-01;5.814109e-02;4.832943e-02;4.917978e-02;5.105588e-02;1.554010e-01;1.660134e-01;1.170006e-01;6.165810e-02;4.430893e-02;7.963436e-02;6.677173e-02
7.448077e-02;7.093801e-02;1.097933e-01;3.451502e-02;7.691931e-02;1.239383e-01;1.615384e-01;7.487006e-02;7.039768e-02;5.740293e-02;6.745236e-02;7.775392e-02
6.912111e-02;8.273590e-02;1.430306e-01;2.665121e-02;7.923651e-02;1.086269e-01;1.498047e-01;5.540085e-02;8.981773e-02;5.832890e-02;6.239174e-02;7.485390e-02
7.188006e-02;6.408067e-02;1.636033e-01;2.241397e-02;8.233698e-02;8.678871e-02;1.729511e-01;4.719598e-02;8.886845e-02;6.270483e-02;5.433571e-02;8.284021e-02
7.796278e-02;3.504206e-02;1.459870e-01;2.706630e-02;8.436149e-02;7.951555e-02;2.941301e-01;3.655119e-02;4.247478e-02;5.332902e-02;3.327104e-02;9.030875e-02
8.393265e-02;2.765590e-02;1.012073e-01;1.873665e-02;8.930672e-02;1.018116e-01;3.736710e-01;3.497172e-02;2.596115e-02;3.717523e-02;1.280832e-02;9.276178e-02
9.140773e-02;2.117390e-02;6.917842e-02;2.255127e-02;1.220556e-01;1.201051e-01;3.084250e-01;2.046799e-02;2.035808e-02;1.892344e-02;2.158799e-02;1.637654e-01
5.888779e-02;1.016679e-02;9.956525e-02;4.156405e-02;1.615877e-01;9.987704e-02;1.543204e-01;9.895070e-03;1.510437e-02;1.121492e-02;7.903115e-02;2.587855e-01
2.053063e-02;9.746774e-03;1.925095e-01;7.466219e-02;1.284111e-01;5.668951e-02;5.722379e-02;1.304561e-02;8.876789e-03;2.014475e-02;2.107267e-01;2.074326e-01
6.927300e-03;9.157285e-03;3.086450e-01;8.900718e-02;7.431154e-02;3.514878e-02;2.166201e-02;1.553432e-02;6.566524e-03;5.056807e-02;2.971779e-01;8.529414e-02
6.901306e-03;8.319745e-03;4.254945e-01;7.242693e-02;4.569102e-02;2.295011e-02;2.180181e-02;8.419085e-03;1.001891e-02;1.054247e-01;2.518022e-01;2.074974e-02
9.373718e-03;2.472272e-02;5.000697e-01;4.957517e-02;3.573054e-02;1.339615e-02;3.382662e-02;5.185196e-03;2.846992e-02;1.582792e-01;1.377935e-01;3.577559e-03
1.869468e-02;6.305584e-02;4.805322e-01;3.473207e-02;2.652844e-02;1.327784e-02;4.950543e-02;8.497633e-03;7.904404e-02;1.640421e-01;5.293755e-02;9.152194e-03
5.744953e-02;1.076617e-01;4.135097e-01;2.872985e-02;1.479471e-02;1.654413e-02;3.997098e-02;2.770880e-02;1.398925e-01;1.115846e-01;2.425209e-02;1.790155e-02
1.059296e-01;1.151132e-01;3.120618e-01;2.759073e-02;1.836267e-02;1.911155e-02;4.761142e-02;6.305775e-02;1.675649e-01;5.488579e-02;2.882586e-02;3.988473e-02
1.303398e-01;9.390370e-02;9.628900e-02;3.521330e-02;3.872376e-02;4.918844e-02;6.792360e-02;8.616122e-02;1.137177e-01;7.308369e-02;1.061511e-01;1.093046e-01
9.995408e-02;5.565073e-02;2.014548e-01;2.439979e-02;5.213670e-02;4.655778e-02;1.280058e-01;6.261263e-02;5.517070e-02;6.506877e-02;1.256662e-01;8.332200e-02
5.559906e-02;5.736090e-02;2.921319e-01;2.484809e-02;4.640643e-02;4.276253e-02;1.468697e-01;5.939407e-02;7.157397e-02;4.347187e-02;1.115284e-01;4.805315e-02
1.109250e-01;7.237370e-02;2.217519e-01;3.082191e-02;3.241261e-02;3.853795e-02;1.454859e-01;6.953664e-02;8.344834e-02;5.160683e-02;9.494916e-02;4.815016e-02
1.424534e-01;9.682988e-02;1.473148e-01;3.833078e-02;4.690893e-02;4.661705e-02;1.414948e-01;7.048111e-02;7.932223e-02;4.863843e-02;7.717228e-02;6.443635e-02
1.492615e-01;9.518723e-02;1.456781e-01;3.978033e-02;4.933972e-02;5.047628e-02;1.325103e-01;7.089951e-02;7.255065e-02;4.786327e-02;7.007179e-02;7.638136e-02
1.174084e-01;5.302877e-02;1.676846e-01;4.134499e-02;6.218521e-02;6.793348e-02;1.408424e-01;5.590650e-02;9.535649e-02;6.195309e-02;6.513755e-02;7.121845e-02
5.877251e-02;3.625150e-02;1.508458e-01;9.503200e-02;9.312700e-02;7.630130e-02;1.369341e-01;8.827001e-02;6.339922e-02;7.959831e-02;8.452961e-02;3.693862e-02
5.719755e-02;7.511744e-02;1.116332e-01;9.183521e-02;6.912927e-02;8.522306e-02;1.165030e-01;1.046423e-01;9.614816e-02;8.145366e-02;5.863711e-02;5.248006e-02
6.473836e-02;7.750627e-02;1.072611e-01;8.828596e-02;7.643948e-02;7.711253e-02;1.332309e-01;1.179124e-01;9.323157e-02;7.530769e-02;4.895580e-02;4.001802e-02
7.447506e-02;6.801108e-02;1.026104e-01;7.709833e-02;8.301149e-02;6.333488e-02;1.334350e-01;1.259955e-01;8.574399e-02;9.421297e-02;5.230153e-02;3.976974e-02
6.530654e-02;4.054128e-02;8.604606e-02;8.588212e-02;1.107447e-01;8.288893e-02;1.324564e-01;1.019217e-01;5.546087e-02;1.205602e-01;5.698123e-02;6.120993e-02
9.340958e-02;1.124636e-01;1.640373e-01;5.933843e-02;6.681804e-02;8.633118e-02;1.259864e-01;6.391555e-02;9.959520e-02;4.471676e-02;4.006577e-02;4.332231e-02
1.074766e-01;1.921689e-01;2.180296e-01;4.448967e-02;3.296815e-02;1.076042e-01;7.605162e-02;4.259118e-02;1.159820e-01;2.639138e-02;1.970800e-02;1.653875e-02
1.237036e-01;2.559911e-01;2.076361e-01;3.220693e-02;1.362223e-02;1.335903e-01;4.048055e-02;2.077567e-02;1.295393e-01;1.673434e-02;1.321676e-02;1.250300e-02
1.428300e-01;2.699341e-01;1.388859e-01;2.223454e-02;1.565223e-02;1.584056e-01;4.058995e-02;3.001250e-02;1.427082e-01;1.412597e-02;1.405767e-02;1.056344e-02
1.898515e-01;2.220914e-01;5.759521e-02;1.067279e-02;3.510253e-02;1.314605e-01;8.618118e-02;6.276415e-02;1.601837e-01;1.356604e-02;2.040916e-02;1.012186e-02
2.296580e-01;1.763240e-01;3.822500e-02;3.469041e-03;4.778133e-02;4.858139e-02;1.318632e-01;1.047105e-01;1.669067e-01;1.226124e-02;3.114586e-02;9.073736e-03
2.395316e-01;1.500026e-01;3.049813e-02;4.614071e-03;5.394816e-02;9.601342e-03;1.520367e-01;1.368074e-01;1.657533e-01;1.029947e-02;3.907152e-02;7.835666e-03
2.396119e-01;1.285089e-01;3.392062e-02;3.898754e-03;6.376851e-02;8.102062e-03;1.441356e-01;1.705327e-01;1.440593e-01;8.394621e-03;4.663084e-02;8.436213e-03
2.459491e-01;1.114705e-01;2.995452e-02;3.314454e-03;7.357534e-02;8.784173e-03;1.209846e-01;2.130558e-01;1.175937e-01;9.569596e-03;5.643816e-02;9.309933e-03
2.433984e-01;1.058801e-01;2.969996e-02;3.085051e-03;7.584488e-02;8.570758e-03;1.036896e-01;2.400970e-01;1.070701e-01;8.803726e-03;6.416626e-02;9.694131e-03
2.356424e-01;1.106474e-01;3.193125e-02;2.258132e-03;6.908618e-02;4.841689e-03;1.025340e-01;2.462757e-01;1.154878e-01;8.161221e-03;6.416473e-02;8.969413e-03
2.104834e-01;1.331571e-01;3.745132e-02;4.101627e-03;4.924519e-02;6.287056e-03;1.089707e-01;1.992852e-01;1.774418e-01;1.418485e-02;5.225021e-02;7.141522e-03
1.751220e-01;1.734449e-01;4.624528e-02;8.597035e-03;2.830293e-02;1.401725e-02;9.086841e-02;1.268590e-01;2.826448e-01;1.747268e-02;3.022173e-02;6.204090e-03
1.296694e-01;1.993390e-01;6.767482e-02;1.230773e-02;1.317637e-02;3.684998e-02;4.625548e-02;7.943992e-02;3.721900e-01;2.117244e-02;1.533360e-02;6.591327e-03
8.535273e-02;1.942091e-01;8.476043e-02;1.452785e-02;9.973903e-03;9.547421e-02;2.784020e-02;6.004204e-02;3.582757e-01;4.691905e-02;1.028465e-02;1.234009e-02
4.840232e-02;1.630957e-01;1.547505e-01;1.282847e-02;8.526083e-03;1.607558e-01;2.065138e-02;4.245107e-02;2.723776e-01;9.281119e-02;4.372405e-03;1.897752e-02
1.774226e-02;9.511022e-02;2.802655e-01;1.284449e-02;1.556012e-02;1.724296e-01;5.136739e-02;2.056608e-02;1.462144e-01;1.693660e-01;8.064616e-03;1.046940e-02
1.261885e-02;4.903775e-02;3.945224e-01;2.039284e-02;2.542351e-02;1.146095e-01;8.000624e-02;9.965305e-03;6.037210e-02;2.108969e-01;1.767138e-02;4.483168e-03
1.395026e-02;4.251611e-02;5.093408e-01;2.390615e-02;2.443714e-02;4.109738e-02;7.537846e-02;6.847402e-03;2.241389e-02;2.111065e-01;2.535277e-02;3.653202e-03
1.790745e-02;6.054494e-02;5.442843e-01;2.195344e-02;1.676919e-02;6.359851e-03;4.984307e-02;7.034813e-03;2.205215e-02;2.230255e-01;2.532330e-02;4.902015e-03
1.770189e-02;6.099683e-02;4.952267e-01;2.344934e-02;1.553285e-02;7.270197e-03;3.161251e-02;8.068175e-03;5.421523e-02;2.570381e-01;2.176693e-02;7.121230e-03
1.733256e-02;7.317323e-02;4.128467e-01;1.649022e-02;1.388521e-02;7.522732e-03;2.271664e-02;1.764997e-02;1.706120e-01;2.205640e-01;1.636386e-02;1.084286e-02
3.106651e-02;1.166114e-01;3.050001e-01;1.512115e-02;7.018809e-03;1.334159e-02;1.124873e-02;4.479391e-02;3.286608e-01;1.066096e-01;6.494993e-03;1.403244e-02
7.683227e-02;1.517832e-01;2.106844e-01;1.277966e-02;8.730847e-03;1.523053e-02;2.274553e-02;8.434584e-02;3.385073e-01;4.996200e-02;1.392042e-02;1.447797e-02
1.839889e-01;1.506992e-01;1.617209e-01;9.862472e-03;1.825248e-02;1.065104e-02;3.191222e-02;1.263261e-01;2.111502e-01;5.176015e-02;2.779927e-02;1.587700e-02
3.132829e-01;1.043672e-01;1.702346e-01;6.510573e-03;3.292290e-02;1.005415e-02;2.324622e-02;1.613809e-01;7.513140e-02;3.251125e-02;3.961307e-02;3.074470e-02
3.663333e-01;6.705564e-02;1.610550e-01;9.748649e-03;2.466832e-02;1.679328e-02;3.136858e-02;1.333350e-01;6.432050e-02;2.921923e-02;3.764856e-02;5.845389e-02
3.816288e-01;3.961710e-02;1.514132e-01;1.442369e-02;1.331344e-02;2.493757e-02;7.002787e-02;6.733102e-02;5.734634e-02;4.799029e-02;4.270258e-02;8.926806e-02
3.440599e-01;7.528070e-02;1.575825e-01;1.948034e-02;2.378762e-02;2.645379e-02;1.106604e-01;4.630348e-02;3.345549e-02;4.699280e-02;4.507663e-02;7.086632e-02
2.390578e-01;1.028867e-01;2.503188e-01;2.449148e-02;3.287915e-02;2.987671e-02;1.271237e-01;4.824108e-02;3.328186e-02;3.922345e-02;3.349565e-02;3.912357e-02
1.102087e-01;1.009254e-01;4.546353e-01;3.467633e-02;4.337960e-02;3.073506e-02;1.047646e-01;3.468757e-02;2.411762e-02;2.530145e-02;1.810675e-02;1.846158e-02
4.641804e-02;9.464541e-02;5.975088e-01;3.509992e-02;3.418101e-02;2.653740e-02;6.523097e-02;2.233156e-02;2.047413e-02;2.697990e-02;1.424365e-02;1.634916e-02
7.777223e-02;9.550402e-02;5.658622e-01;2.587001e-02;2.846485e-02;1.922170e-02;4.234597e-02;1.452352e-02;2.564736e-02;4.045637e-02;3.307587e-02;3.125584e-02
