8.265946e-02;6.967431e-02;1.377493e-01;7.670217e-02;5.606505e-02;1.375666e-01;1.267646e-01;5.592999e-02;7.318681e-02;3.728694e-02;5.603656e-02;9.037831e-02
8.797634e-02;7.989472e-02;1.424145e-01;6.704635e-02;3.848146e-02;1.658739e-01;1.115407e-01;3.451929e-02;9.309690e-02;3.872799e-02;4.991341e-02;9.051452e-02
6.875754e-02;1.220331e-01;1.290523e-01;5.556739e-02;4.787228e-02;2.076662e-01;7.359143e-02;3.149543e-02;1.175829e-01;3.457413e-02;3.730572e-02;7.450153e-02
4.943071e-02;1.753240e-01;1.194363e-01;4.646113e-02;6.922763e-02;2.165218e-01;4.267382e-02;4.594993e-02;1.452616e-01;2.189505e-02;1.817206e-02;4.964594e-02
8.583681e-02;1.820910e-01;1.167641e-01;4.125315e-02;8.632303e-02;1.488930e-01;5.446949e-02;6.282707e-02;1.537284e-01;1.745609e-02;1.206485e-02;3.829303e-02
1.306096e-01;1.917988e-01;1.316189e-01;3.232232e-02;5.521851e-02;8.142871e-02;4.575180e-02;8.183742e-02;1.627960e-01;2.261853e-02;1.989596e-02;4.410356e-02
1.383815e-01;1.552358e-01;1.652215e-01;2.912765e-02;5.194757e-02;7.550347e-02;7.483805e-02;9.948666e-02;1.193274e-01;3.061896e-02;1.515592e-02;4.515544e-02
1.070826e-01;8.887845e-02;2.230886e-01;5.229666e-02;7.351852e-02;6.323218e-02;1.182022e-01;9.131119e-02;7.462832e-02;3.169972e-02;1.886635e-02;5.719517e-02
6.836588e-02;5.117869e-02;2.747864e-01;6.851446e-02;9.768716e-02;6.886446e-02;1.532465e-01;5.609861e-02;3.618282e-02;3.030277e-02;3.734642e-02;5.742589e-02
5.201466e-02;7.617233e-02;2.201100e-01;5.575168e-02;1.046128e-01;8.666599e-02;1.280121e-01;6.208933e-02;6.521755e-02;3.636816e-02;5.534816e-02;5.763720e-02
6.993486e-02;6.936861e-02;8.863083e-02;2.928316e-02;8.759411e-02;1.009972e-01;9.667233e-02;7.465919e-02;1.475504e-01;7.075395e-02;6.563521e-02;9.892020e-02
6.090970e-02;6.457727e-02;8.087017e-02;8.261204e-02;1.163105e-01;1.485146e-01;1.279287e-01;9.273193e-02;8.756424e-02;4.146396e-02;3.017491e-02;6.634203e-02
4.627242e-02;8.245308e-02;9.300992e-02;7.876114e-02;1.180029e-01;1.788928e-01;1.464519e-01;8.394494e-02;6.251204e-02;3.009321e-02;3.470275e-02;4.490288e-02
5.427053e-02;8.257276e-02;1.212601e-01;5.473148e-02;9.517705e-02;1.449518e-01;1.617826e-01;7.604911e-02;5.995192e-02;5.058027e-02;5.066445e-02;4.800793e-02
6.467877e-02;6.698909e-02;1.458882e-01;9.136347e-02;7.381760e-02;8.457746e-02;1.383805e-01;4.812969e-02;4.130598e-02;7.176429e-02;1.063059e-01;6.679903e-02
6.028019e-02;4.370356e-02;1.790199e-01;1.362513e-01;7.112400e-02;6.393074e-02;9.649491e-02;3.495132e-02;2.150164e-02;8.184569e-02;1.451923e-01;6.570434e-02
5.769089e-02;3.178116e-02;2.369758e-01;1.743995e-01;4.485047e-02;3.764974e-02;5.812851e-02;2.805650e-02;1.973639e-02;8.864392e-02;1.654333e-01;5.665382e-02
5.575630e-02;4.616502e-02;1.884650e-01;1.592214e-01;9.783453e-02;4.111172e-02;4.356693e-02;3.696134e-02;1.984204e-02;5.757954e-02;1.464550e-01;1.070411e-01
6.066228e-02;4.361650e-02;1.383269e-01;8.952774e-02;1.730148e-01;6.413072e-02;5.389715e-02;2.994611e-02;3.195989e-02;2.725282e-02;9.532175e-02;1.923433e-01
5.622043e-02;2.707409e-02;1.076649e-01;4.637948e-02;2.080683e-01;6.766195e-02;5.521745e-02;1.655869e-02;5.006992e-02;1.464041e-02;8.760357e-02;2.628408e-01
3.967998e-02;5.280979e-02;1.530457e-01;8.561142e-02;1.442088e-01;3.791900e-02;3.898925e-02;2.992386e-02;5.661932e-02;4.561168e-02;1.255249e-01;1.900562e-01
6.541435e-02;8.921213e-02;2.064211e-01;7.844476e-02;7.297819e-02;2.714470e-02;4.113245e-02;4.738608e-02;7.537545e-02;7.446798e-02;1.216294e-01;1.003933e-01
9.294997e-02;1.131237e-01;2.241561e-01;4.103486e-02;4.784423e-02;3.477465e-02;5.257991e-02;6.382561e-02;1.030201e-01;8.402294e-02;8.465778e-02;5.801021e-02
1.017906e-01;9.407451e-02;1.489311e-01;3.720981e-02;7.314935e-02;6.539657e-02;8.147109e-02;7.923105e-02;1.040085e-01;7.100213e-02;6.960376e-02;7.413149e-02
5.558001e-02;6.266561e-02;1.276764e-01;8.383297e-02;1.316381e-01;5.494742e-02;1.155436e-01;7.551457e-02;7.909814e-02;7.786106e-02;6.123034e-02;7.441178e-02
3.839126e-02;4.226045e-02;1.453129e-01;1.353958e-01;1.935013e-01;3.295819e-02;1.001043e-01;8.220167e-02;9.910091e-02;4.388986e-02;5.105785e-02;3.582550e-02
3.054192e-02;3.347651e-02;1.186388e-01;1.333507e-01;1.944750e-01;5.480342e-02;9.266292e-02;8.503951e-02;1.433414e-01;5.210037e-02;3.637712e-02;2.519239e-02
3.210755e-02;6.438854e-02;1.005173e-01;8.571701e-02;1.299115e-01;6.557434e-02;8.700115e-02;7.852259e-02;1.872961e-01;8.643603e-02;5.159235e-02;3.093554e-02
2.705020e-02;8.184675e-02;9.974165e-02;5.733741e-02;8.939088e-02;7.850667e-02;8.699943e-02;1.103421e-01;1.380304e-01;9.865994e-02;8.773910e-02;4.435548e-02
2.680063e-02;7.022569e-02;9.483706e-02;4.702424e-02;6.823590e-02;1.256172e-01;6.744654e-02;1.086221e-01;1.135774e-01;1.515215e-01;8.180887e-02;4.428288e-02
2.653048e-02;6.544428e-02;1.088022e-01;9.428331e-02;8.404591e-02;1.206060e-01;5.546449e-02;9.176106e-02;8.682309e-02;1.877013e-01;4.674820e-02;3.178970e-02
4.566381e-02;9.131493e-02;1.260704e-01;1.051946e-01;9.176683e-02;7.068890e-02;7.251204e-02;1.180786e-01;7.551668e-02;1.280916e-01;3.212088e-02;4.298064e-02
7.858231e-02;8.428355e-02;1.334404e-01;6.793654e-02;5.529198e-02;7.699616e-02;9.196323e-02;1.579016e-01;9.260505e-02;8.591595e-02;4.552758e-02;2.955557e-02
8.288746e-02;8.734223e-02;1.603166e-01;4.024722e-02;4.743231e-02;8.075111e-02;1.181464e-01;1.516283e-01;8.242594e-02;7.671167e-02;3.900891e-02;3.310184e-02
6.177672e-02;6.693403e-02;1.877214e-01;4.165134e-02;5.854163e-02;8.068219e-02;1.787683e-01;1.226248e-01;6.171299e-02;7.705608e-02;3.731267e-02;2.521779e-02
7.791591e-02;6.884563e-02;3.120858e-01;5.886805e-02;6.126602e-02;5.039087e-02;1.378965e-01;5.090681e-02;4.888874e-02;6.560303e-02;3.597685e-02;3.135582e-02
7.428229e-02;1.281994e-01;3.939688e-01;4.722669e-02;3.525110e-02;4.960397e-02;6.453213e-02;3.733747e-02;6.147424e-02;4.732584e-02;2.628230e-02;3.451581e-02
4.352839e-02;1.923568e-01;4.271638e-01;2.298537e-02;1.383943e-02;7.572404e-02;1.801074e-02;4.060556e-02;9.767412e-02;2.686159e-02;1.180366e-02;2.944643e-02
5.353800e-02;2.456278e-01;3.638041e-01;1.459435e-02;1.366328e-02;1.131513e-01;7.025507e-03;2.721786e-02;1.227390e-01;1.708319e-02;5.009976e-03;1.654564e-02
1.294525e-01;2.891204e-01;2.524000e-01;1.752724e-02;3.122619e-02;1.050807e-01;1.055109e-02;1.714903e-02;1.205374e-01;1.103019e-02;6.603271e-03;9.322005e-03
2.389760e-01;2.980234e-01;1.563305e-01;1.506284e-02;8.168633e-02;6.159725e-02;1.520179e-02;1.948563e-02;8.846552e-02;9.405647e-03;7.545083e-03;8.220077e-03
3.557820e-01;2.421956e-01;8.651672e-02;1.086711e-02;1.575515e-01;2.450886e-02;1.692047e-02;3.084820e-02;4.154668e-02;8.168174e-03;1.069519e-02;1.439946e-02
4.261036e-01;1.715414e-01;6.269251e-02;6.162029e-03;2.110982e-01;6.433547e-03;1.314977e-02;4.627938e-02;1.845902e-02;5.963833e-03;1.003698e-02;2.207975e-02
4.524257e-01;1.148659e-01;4.371434e-02;7.146045e-03;2.100011e-01;1.396123e-02;2.050134e-02;6.824925e-02;1.131836e-02;6.457318e-03;1.141155e-02;3.994778e-02
4.622714e-01;6.989339e-02;3.122635e-02;1.653010e-02;1.466094e-01;3.833619e-02;3.577743e-02;9.409156e-02;7.436702e-03;1.429496e-02;1.302483e-02;7.050777e-02
4.450808e-01;4.065313e-02;2.127451e-02;3.611372e-02;6.250242e-02;6.008322e-02;6.006293e-02;1.110746e-01;7.788670e-03;3.350164e-02;1.329191e-02;1.085724e-01
4.058576e-01;4.027700e-02;1.385598e-02;5.990011e-02;1.522692e-02;4.680307e-02;9.851479e-02;8.317827e-02;7.073158e-03;6.195673e-02;1.929154e-02;1.480649e-01
3.695711e-01;5.170983e-02;1.220549e-02;7.811266e-02;6.808056e-03;2.122386e-02;1.393294e-01;2.921021e-02;8.219678e-03;7.206109e-02;2.611110e-02;1.854375e-01
3.195335e-01;7.537944e-02;1.885329e-02;7.970230e-02;1.435716e-02;1.314791e-02;1.836080e-01;1.677033e-02;6.116789e-03;4.640548e-02;2.614108e-02;1.999848e-01
2.423164e-01;1.108559e-01;2.134494e-02;8.410037e-02;1.554036e-02;1.252885e-02;2.364994e-01;2.185178e-02;7.536251e-03;1.879985e-02;3.117104e-02;1.974548e-01
1.511334e-01;1.186728e-01;2.018448e-02;1.113864e-01;1.879738e-02;2.017249e-02;3.071588e-01;1.517674e-02;8.331172e-03;1.146028e-02;3.321922e-02;1.843069e-01
1.094654e-01;8.901230e-02;2.358591e-02;1.235563e-01;4.845319e-02;4.187774e-02;3.364188e-01;1.619699e-02;1.123747e-02;1.166097e-02;3.678939e-02;1.517455e-01
9.597634e-02;5.539194e-02;3.480622e-02;9.174696e-02;9.664983e-02;5.457966e-02;3.302173e-01;3.448049e-02;1.517982e-02;1.404024e-02;4.191488e-02;1.350163e-01
6.572203e-02;2.446281e-02;3.032742e-02;3.799155e-02;2.168925e-01;5.824336e-02;2.903165e-01;6.873755e-02;2.055627e-02;1.339218e-02;5.054142e-02;1.228164e-01
2.520813e-02;1.632407e-02;4.231111e-02;2.351054e-02;3.238963e-01;5.699013e-02;2.310375e-01;8.479150e-02;1.855946e-02;1.558833e-02;5.738292e-02;1.044001e-01
3.063410e-02;2.350956e-02;5.151584e-02;4.894546e-02;3.175391e-01;6.348027e-02;2.056610e-01;8.102607e-02;1.768239e-02;2.104756e-02;5.160547e-02;8.735316e-02
2.433361e-02;2.154927e-02;6.205256e-02;4.165338e-02;3.054008e-01;7.835522e-02;1.847448e-01;9.647983e-02;3.035948e-02;2.107563e-02;5.363822e-02;8.035713e-02
3.874164e-02;2.754509e-02;1.149708e-01;3.489381e-02;2.338465e-01;7.865275e-02;1.373113e-01;9.863058e-02;5.914037e-02;3.605108e-02;6.711008e-02;7.310599e-02
1.054136e-01;6.995276e-02;1.445622e-01;6.844564e-02;1.317182e-01;7.409268e-02;9.050608e-02;7.064715e-02;7.026429e-02;5.454757e-02;7.121467e-02;4.863521e-02
1.380911e-01;1.334813e-01;1.011747e-01;1.502463e-01;4.691502e-02;3.559910e-02;1.292280e-01;5.561461e-02;4.908538e-02;5.576710e-02;4.412613e-02;6.067121e-02
1.244660e-01;1.251028e-01;5.924774e-02;1.913366e-01;2.445090e-02;3.168180e-02;1.802573e-01;7.556051e-02;2.696421e-02;6.559180e-02;2.006290e-02;7.527741e-02
1.201288e-01;9.411544e-02;3.097513e-02;1.654325e-01;2.173920e-02;7.178321e-02;1.907234e-01;1.325041e-01;2.231156e-02;7.486397e-02;1.111112e-02;6.431159e-02
1.642260e-01;9.387533e-02;4.575533e-02;7.468629e-02;3.385191e-02;8.533441e-02;1.402518e-01;2.185435e-01;4.476309e-02;5.102568e-02;1.071486e-02;3.697168e-02
2.218010e-01;7.551676e-02;6.408775e-02;1.980680e-02;6.325959e-02;5.627888e-02;9.298555e-02;2.609512e-01;6.616375e-02;1.840228e-02;3.702444e-02;2.372205e-02
2.232829e-01;6.899595e-02;5.663448e-02;9.181577e-03;7.368261e-02;3.362725e-02;6.211569e-02;2.201465e-01;1.286403e-01;1.213640e-02;8.879992e-02;2.275640e-02
1.913940e-01;7.528695e-02;6.286939e-02;1.053514e-02;5.430126e-02;2.293755e-02;4.879759e-02;1.548806e-01;2.088155e-01;1.533167e-02;1.337379e-01;2.111240e-02
1.550504e-01;9.912912e-02;9.271228e-02;2.020236e-02;3.260803e-02;3.461399e-02;3.979854e-02;1.059402e-01;2.560624e-01;2.124015e-02;1.171989e-01;2.544369e-02
1.241057e-01;1.157695e-01;1.465642e-01;2.934495e-02;2.680724e-02;7.130099e-02;3.862554e-02;6.777412e-02;2.313828e-01;4.656155e-02;6.716959e-02;3.459384e-02
1.094135e-01;1.091672e-01;1.863535e-01;3.124208e-02;4.113019e-02;9.472090e-02;5.273011e-02;9.587418e-02;1.297015e-01;7.182082e-02;2.989127e-02;4.795476e-02
6.200261e-02;7.607476e-02;1.569768e-01;3.711183e-02;5.639553e-02;6.398413e-02;7.944150e-02;1.723604e-01;8.166371e-02;7.940915e-02;8.413628e-02;5.044330e-02
5.648388e-02;8.455995e-02;7.362806e-02;5.521887e-02;7.233723e-02;8.885048e-02;1.709985e-01;1.208740e-01;5.851839e-02;9.594238e-02;9.695993e-02;2.562835e-02
7.987977e-02;8.106466e-02;8.077841e-02;6.338229e-02;7.817767e-02;1.011380e-01;1.942020e-01;8.132484e-02;6.398150e-02;6.923572e-02;8.435699e-02;2.247821e-02
7.737178e-02;4.287697e-02;9.456350e-02;9.337710e-02;8.029237e-02;5.574248e-02;1.298907e-01;8.193128e-02;9.753509e-02;8.357365e-02;9.416366e-02;6.868143e-02
4.772475e-02;5.066462e-02;1.272658e-01;6.842227e-02;7.027858e-02;7.423104e-02;1.041413e-01;8.581144e-02;1.534687e-01;1.017920e-01;6.649166e-02;4.970783e-02
4.115313e-02;7.379515e-02;1.202467e-01;5.157888e-02;4.240609e-02;8.925550e-02;7.626072e-02;8.908956e-02;2.502323e-01;8.331199e-02;4.613746e-02;3.653249e-02
4.263417e-02;9.086865e-02;9.729668e-02;3.035224e-02;1.846336e-02;8.701979e-02;5.280773e-02;8.300062e-02;3.701035e-01;6.588211e-02;3.987392e-02;2.169718e-02
8.438952e-02;8.016820e-02;5.469145e-02;1.172337e-02;4.537005e-02;5.306331e-02;5.349353e-02;1.149944e-01;3.870278e-01;4.190423e-02;6.507088e-02;8.103210e-03
1.277463e-01;5.988703e-02;2.695323e-02;8.685579e-03;8.437566e-02;1.862163e-02;5.675670e-02;2.322576e-01;2.329094e-01;3.528978e-02;1.073459e-01;9.171092e-03
1.435220e-01;4.221447e-02;2.836840e-02;7.131851e-03;1.035991e-01;8.554144e-03;6.482153e-02;3.456583e-01;9.272517e-02;2.210534e-02;1.258843e-01;1.541535e-02
1.489159e-01;3.333516e-02;3.585920e-02;3.434564e-03;9.438649e-02;4.919153e-03;9.565179e-02;3.907911e-01;4.648908e-02;1.071136e-02;1.145857e-01;2.092045e-02
1.538474e-01;2.958829e-02;3.300237e-02;6.684893e-03;7.018343e-02;6.397125e-03;1.536295e-01;3.592212e-01;3.809625e-02;3.242902e-02;8.201195e-02;3.490859e-02
1.343548e-01;3.090741e-02;3.121425e-02;2.348902e-02;4.497251e-02;1.567453e-02;2.061406e-01;2.657734e-01;3.786245e-02;8.705870e-02;6.165542e-02;6.089694e-02
8.670200e-02;3.380581e-02;3.486657e-02;4.213195e-02;2.101892e-02;2.391833e-02;2.083821e-01;2.067661e-01;4.361571e-02;1.379122e-01;7.389924e-02;8.698092e-02
4.479909e-02;3.307947e-02;5.826270e-02;4.805685e-02;3.196102e-02;4.505722e-02;1.138091e-01;2.143397e-01;7.925509e-02;1.171091e-01;1.087077e-01;1.055629e-01
5.264191e-02;2.424600e-02;8.273821e-02;2.662652e-02;5.703754e-02;6.693085e-02;1.709779e-01;1.417926e-01;1.302826e-01;7.029210e-02;1.196679e-01;5.676588e-02
5.884661e-02;4.016896e-02;1.045264e-01;4.574424e-02;5.855185e-02;8.445084e-02;1.418793e-01;1.094633e-01;1.283177e-01;6.150455e-02;1.371346e-01;2.941178e-02
1.408567e-01;3.689369e-02;9.245840e-02;6.942149e-02;3.049694e-02;5.873017e-02;1.083117e-01;1.250347e-01;6.418636e-02;6.222260e-02;1.085021e-01;1.028851e-01
1.983636e-01;4.054415e-02;6.452677e-02;1.066619e-01;2.873336e-02;4.826313e-02;1.386310e-01;9.377507e-02;3.439843e-02;4.815807e-02;7.352525e-02;1.244193e-01
2.174627e-01;4.715654e-02;7.617311e-02;1.315805e-01;3.865535e-02;3.275989e-02;1.436849e-01;6.811104e-02;3.172465e-02;4.998904e-02;5.427461e-02;1.084276e-01
2.035038e-01;5.079116e-02;7.704852e-02;1.682112e-01;3.441684e-02;2.443463e-02;1.359643e-01;4.995894e-02;3.982596e-02;5.153663e-02;5.079090e-02;1.135171e-01
1.403018e-01;3.685457e-02;8.778755e-02;2.077136e-01;1.756948e-02;2.002726e-02;1.500715e-01;2.467616e-02;3.119793e-02;6.000234e-02;6.109620e-02;1.627017e-01
6.583768e-02;3.436593e-02;1.005151e-01;1.832672e-01;1.632323e-02;1.993066e-02;1.406521e-01;3.780952e-02;2.306001e-02;7.224105e-02;7.631399e-02;2.296834e-01
7.169604e-02;5.599464e-02;7.523747e-02;8.620467e-02;1.638439e-02;2.217587e-02;1.557540e-01;3.445700e-02;1.903073e-02;6.213240e-02;9.666847e-02;3.042643e-01
1.444310e-01;4.684451e-02;7.110454e-02;9.075018e-02;1.448189e-02;2.864840e-02;1.694146e-01;3.126204e-02;2.663691e-02;4.615932e-02;6.466556e-02;2.656011e-01
1.810778e-01;3.646912e-02;4.501866e-02;1.113835e-01;2.885284e-02;4.225829e-02;1.952379e-01;4.856530e-02;2.197464e-02;4.540952e-02;4.362851e-02;2.001240e-01
2.128340e-01;3.830041e-02;5.716091e-02;9.127767e-02;5.098301e-02;5.692398e-02;1.800757e-01;7.506613e-02;2.089891e-02;4.715138e-02;2.804628e-02;1.412816e-01
2.823404e-01;3.007726e-02;6.729138e-02;6.444938e-02;5.003204e-02;6.016931e-02;1.311882e-01;1.165204e-01;1.764831e-02;3.839186e-02;3.040620e-02;1.114853e-01
3.524522e-01;4.064460e-02;9.830205e-02;3.047340e-02;4.893899e-02;4.607623e-02;7.126788e-02;1.428676e-01;1.504540e-02;2.186373e-02;3.977187e-02;9.229598e-02
3.884543e-01;5.345340e-02;1.227712e-01;1.059019e-02;8.258344e-02;3.177355e-02;4.149203e-02;1.277902e-01;1.556596e-02;1.124355e-02;3.738080e-02;7.690149e-02
3.383090e-01;4.997746e-02;1.190464e-01;1.521757e-02;9.574725e-02;1.023505e-01;5.859023e-02;9.033023e-02;1.364298e-02;1.442708e-02;2.876469e-02;7.359666e-02
2.455658e-01;5.225398e-02;9.605087e-02;3.532913e-02;7.318364e-02;1.656697e-01;1.107594e-01;5.210064e-02;1.806022e-02;2.636775e-02;3.401502e-02;9.064373e-02
1.709390e-01;5.709058e-02;8.098455e-02;4.538158e-02;5.640913e-02;1.387793e-01;1.669682e-01;4.845105e-02;1.986725e-02;4.304103e-02;5.208035e-02;1.200080e-01
1.894248e-01;4.955650e-02;2.386488e-01;2.825112e-02;2.379505e-02;4.005981e-02;1.380724e-01;6.827226e-02;1.685603e-02;3.521110e-02;5.551382e-02;1.163384e-01
1.950937e-01;3.968756e-02;3.203999e-01;1.969981e-02;1.645294e-02;4.341379e-02;7.516685e-02;7.163091e-02;1.938753e-02;4.118357e-02;6.882073e-02;8.906279e-02
1.104824e-01;5.256698e-02;3.563080e-01;2.257252e-02;3.468199e-02;4.866226e-02;6.369720e-02;5.968389e-02;3.543128e-02;6.846244e-02;8.669779e-02;6.075330e-02
5.088770e-02;6.471546e-02;3.267931e-01;1.986152e-02;3.602258e-02;3.381491e-02;1.041667e-01;6.749116e-02;8.183660e-02;9.632959e-02;7.675847e-02;4.132226e-02
1.015496e-01;8.132178e-02;1.983124e-01;7.853534e-02;6.531788e-02;4.969984e-02;7.517323e-02;7.956897e-02;8.402502e-02;8.733275e-02;6.465918e-02;3.450400e-02
1.023693e-01;7.630986e-02;1.342771e-01;1.019205e-01;6.714476e-02;6.133653e-02;9.193163e-02;8.442976e-02;6.594922e-02;8.707059e-02;9.122400e-02;3.603678e-02
1.085852e-01;8.037370e-02;1.296029e-01;9.918195e-02;6.461011e-02;5.242103e-02;1.058783e-01;7.743137e-02;6.292988e-02;8.304876e-02;8.436262e-02;5.157421e-02
7.079576e-02;8.325998e-02;1.902671e-01;8.627877e-02;7.762656e-02;5.498815e-02;1.454288e-01;4.832400e-02;6.197599e-02;6.884013e-02;7.094876e-02;4.126599e-02
1.012363e-01;8.976337e-02;2.397553e-01;5.604609e-02;6.470744e-02;6.033174e-02;1.291473e-01;4.518082e-02;5.853335e-02;5.087089e-02;6.525566e-02;3.917160e-02
1.628529e-01;1.047711e-01;2.201805e-01;4.322794e-02;5.883980e-02;4.838355e-02;9.402398e-02;6.265844e-02;4.673654e-02;4.066016e-02;6.785033e-02;4.981473e-02
2.258684e-01;1.007802e-01;1.486408e-01;4.284990e-02;6.155212e-02;3.488112e-02;8.009899e-02;1.005910e-01;3.856231e-02;3.422250e-02;6.814669e-02;6.380600e-02
1.762575e-01;6.237966e-02;6.046564e-02;5.264359e-02;5.866297e-02;7.210407e-02;1.250748e-01;1.035088e-01;4.368668e-02;6.396050e-02;1.092432e-01;7.201258e-02
3.817441e-02;3.282916e-02;7.605485e-02;3.255629e-02;4.387755e-02;1.559380e-01;1.240889e-01;4.530248e-02;5.155409e-02;1.285721e-01;2.034051e-01;6.764708e-02
3.056666e-02;2.565468e-02;6.872287e-02;1.511966e-02;7.240662e-02;1.673749e-01;5.464477e-02;3.345563e-02;4.576930e-02;2.014962e-01;2.347348e-01;5.005400e-02
4.185314e-02;4.824314e-02;1.216710e-01;5.291464e-02;5.216372e-02;1.203253e-01;7.504793e-02;4.283745e-02;8.259952e-02;1.539383e-01;1.567204e-01;5.168558e-02
1.108516e-01;6.923777e-02;7.155106e-02;8.815396e-02;5.022978e-02;9.246430e-02;1.662493e-01;6.649911e-02;8.837358e-02;6.304734e-02;7.656298e-02;5.677921e-02
1.221953e-01;7.440042e-02;6.539944e-02;7.575155e-02;3.937235e-02;5.413217e-02;1.584217e-01;1.705700e-01;9.480012e-02;4.839666e-02;3.154160e-02;6.501868e-02
9.147144e-02;6.325554e-02;6.912380e-02;5.521791e-02;3.462086e-02;3.740511e-02;1.466219e-01;2.287576e-01;1.184519e-01;5.913930e-02;2.013301e-02;7.580155e-02
7.172122e-02;4.765021e-02;4.922519e-02;5.033003e-02;2.017791e-02;3.378436e-02;1.924615e-01;2.233853e-01;9.981757e-02;6.473330e-02;1.818721e-02;1.285262e-01
3.932338e-02;2.574728e-02;1.938803e-02;4.717560e-02;1.320507e-02;3.121621e-02;2.607298e-01;1.655981e-01;6.216891e-02;5.423986e-02;4.364032e-02;2.375675e-01
2.165442e-02;1.427235e-02;3.054465e-02;3.239249e-02;1.890145e-02;3.307054e-02;2.317462e-01;1.112870e-01;7.749162e-02;2.920967e-02;7.903989e-02;3.203897e-01
2.081550e-02;1.413480e-02;7.339481e-02;3.129570e-02;2.349820e-02;5.614992e-02;1.212735e-01;8.825532e-02;1.416070e-01;3.051043e-02;1.559516e-01;2.431132e-01
1.728677e-02;6.488314e-03;1.208934e-01;2.364392e-02;2.408381e-02;8.440930e-02;6.905532e-02;5.576635e-02;1.921033e-01;2.702014e-02;2.638783e-01;1.153710e-01
3.041512e-02;5.643205e-03;1.219842e-01;1.067928e-02;1.668875e-02;1.111065e-01;3.382272e-02;2.906663e-02;1.612550e-01;3.101122e-02;3.670660e-01;8.126139e-02
7.001489e-02;1.566545e-02;9.087376e-02;1.088617e-02;1.956558e-02;1.308713e-01;1.988459e-02;1.179127e-02;9.852961e-02;6.788871e-02;4.104434e-01;5.358536e-02
1.384398e-01;2.165499e-02;5.791981e-02;1.845542e-02;3.219863e-02;1.420924e-01;3.293681e-02;1.063646e-02;4.716408e-02;1.036006e-01;3.732461e-01;2.165498e-02
1.991244e-01;2.806718e-02;5.088945e-02;2.245215e-02;5.547885e-02;1.478613e-01;4.282048e-02;1.702860e-02;3.234749e-02;1.045004e-01;2.815138e-01;1.791582e-02
1.579574e-01;4.658077e-02;8.368676e-02;5.635396e-02;9.336531e-02;1.471702e-01;5.118896e-02;2.677247e-02;2.491353e-02;8.919580e-02;1.969251e-01;2.588971e-02
8.677630e-02;5.698514e-02;1.236348e-01;9.364215e-02;1.209822e-01;1.433339e-01;8.484619e-02;3.891866e-02;2.408445e-02;7.475783e-02;1.326337e-01;1.940467e-02
8.466482e-02;5.423488e-02;1.578808e-01;1.023992e-01;1.116464e-01;1.311153e-01;1.019824e-01;5.267042e-02;2.956846e-02;5.548279e-02;8.838115e-02;2.997343e-02
9.616663e-02;4.976022e-02;1.619078e-01;8.590505e-02;8.157653e-02;9.519148e-02;8.884796e-02;5.346648e-02;8.110445e-02;6.148093e-02;8.837441e-02;5.621801e-02
1.217738e-01;3.485946e-02;1.122049e-01;5.649412e-02;6.516664e-02;4.218532e-02;9.899127e-02;5.768430e-02;1.220587e-01;9.068853e-02;1.373464e-01;6.054654e-02
7.924128e-02;5.567545e-02;8.943462e-02;6.690334e-02;1.112751e-01;4.433387e-02;7.704128e-02;7.068296e-02;1.009440e-01;1.383187e-01;1.393103e-01;2.683912e-02
3.873990e-02;8.829899e-02;4.379474e-02;5.049582e-02;1.826552e-01;3.656196e-02;6.265026e-02;6.834219e-02;6.326575e-02;2.208293e-01;1.108624e-01;3.350345e-02
1.063809e-02;1.165090e-01;1.928032e-02;2.330050e-02;2.553724e-01;3.181835e-02;7.176290e-02;4.869329e-02;4.018558e-02;2.693432e-01;7.594164e-02;3.715477e-02
2.093372e-02;1.197649e-01;1.763442e-02;2.399433e-02;3.004263e-01;2.286691e-02;4.475958e-02;3.459575e-02;4.123785e-02;2.687608e-01;6.536382e-02;3.966157e-02
2.507290e-02;1.270506e-01;1.310908e-02;2.848142e-02;3.273979e-01;2.010865e-02;2.538553e-02;1.702008e-02;4.192946e-02;2.719533e-01;6.324890e-02;3.924224e-02
1.874739e-02;1.610391e-01;7.392940e-03;2.236255e-02;3.238815e-01;2.055603e-02;1.387966e-02;2.373413e-02;2.179900e-02;2.757877e-01;7.639432e-02;3.442576e-02
1.160453e-02;1.681662e-01;9.053034e-03;2.386940e-02;3.139705e-01;1.626200e-02;2.013958e-02;3.042147e-02;2.680488e-02;2.721410e-01;7.957636e-02;2.799103e-02
1.695262e-02;1.467903e-01;9.399118e-03;2.834049e-02;3.049439e-01;2.437156e-02;1.598437e-02;3.396108e-02;3.616726e-02;2.734460e-01;8.429290e-02;2.535043e-02
1.183885e-02;1.297051e-01;5.992243e-03;2.433687e-02;2.854612e-01;4.888634e-02;1.635420e-02;4.748506e-02;3.165004e-02;2.807766e-01;9.238029e-02;2.513314e-02
1.218208e-02;1.044423e-01;8.941328e-03;2.834327e-02;2.513716e-01;6.997938e-02;2.061555e-02;8.528791e-02;3.208115e-02;2.722279e-01;8.656319e-02;2.796435e-02
1.489135e-02;7.582790e-02;9.587692e-03;3.019395e-02;2.263219e-01;5.998099e-02;2.172419e-02;1.463991e-01;4.219900e-02;2.716665e-01;6.970325e-02;3.150421e-02
1.237624e-02;6.345389e-02;8.106568e-03;3.164892e-02;2.054047e-01;5.333034e-02;1.729464e-02;1.586020e-01;5.009839e-02;2.927027e-01;6.666186e-02;4.031972e-02
1.363148e-02;7.818193e-02;2.285348e-02;3.237666e-02;1.939616e-01;4.946111e-02;2.577032e-02;1.046264e-01;5.014582e-02;2.860692e-01;8.898093e-02;5.394107e-02
4.946590e-02;8.718255e-02;6.568627e-02;5.204157e-02;1.592612e-01;4.615350e-02;8.896940e-02;6.511405e-02;4.330305e-02;2.054454e-01;8.428764e-02;5.308945e-02
8.109816e-02;9.240553e-02;8.860352e-02;1.129892e-01;1.192938e-01;5.748593e-02;1.056421e-01;5.852880e-02;5.068710e-02;1.242412e-01;6.386569e-02;4.515901e-02
5.585632e-02;8.995529e-02;1.378723e-01;2.093302e-01;7.942223e-02;7.487085e-02;9.489131e-02;4.054388e-02;6.207281e-02;9.242514e-02;3.637641e-02;2.638338e-02
3.976320e-02;7.429321e-02;1.850872e-01;1.920412e-01;9.816426e-02;6.941500e-02;7.193639e-02;2.962139e-02;5.170782e-02;1.113658e-01;4.956632e-02;2.703820e-02
4.273509e-02;8.393113e-02;1.373485e-01;1.042719e-01;1.852543e-01;3.919714e-02;6.908844e-02;2.554601e-02;4.624663e-02;1.477853e-01;7.634984e-02;4.224576e-02
7.047761e-02;8.167963e-02;1.890354e-01;6.471825e-02;1.538852e-01;5.393282e-02;8.579603e-02;3.010248e-02;6.123370e-02;1.016471e-01;6.511313e-02;4.237861e-02
7.568888e-02;8.129971e-02;1.669447e-01;4.842668e-02;9.310013e-02;1.000778e-01;1.900830e-01;4.421574e-02;5.080220e-02;5.291539e-02;5.060091e-02;4.584489e-02
7.835279e-02;9.871670e-02;1.446572e-01;4.891404e-02;8.050665e-02;1.069511e-01;1.984319e-01;5.931247e-02;3.580675e-02;4.610097e-02;5.092783e-02;5.132167e-02
6.871554e-02;1.040427e-01;1.414245e-01;6.097986e-02;9.882591e-02;8.786815e-02;1.466454e-01;6.610815e-02;3.739494e-02;6.790389e-02;7.082921e-02;4.926176e-02
6.915981e-02;1.013070e-01;1.336121e-01;8.426957e-02;1.103103e-01;7.339035e-02;7.995936e-02;7.072658e-02;3.799696e-02;8.552198e-02;1.007176e-01;5.302828e-02
6.865890e-02;1.027495e-01;1.382066e-01;7.292373e-02;7.844169e-02;8.804967e-02;8.188678e-02;6.673448e-02;2.939276e-02;9.985156e-02;1.148162e-01;5.828824e-02
4.354903e-02;1.259635e-01;1.475298e-01;5.912212e-02;5.854873e-02;9.458467e-02;9.612386e-02;7.620110e-02;3.735158e-02;1.088373e-01;1.080989e-01;4.408931e-02
3.666011e-02;1.164549e-01;1.975899e-01;4.562211e-02;7.054505e-02;7.309318e-02;1.189673e-01;9.483895e-02;6.331395e-02;8.312050e-02;7.834955e-02;2.144456e-02
6.032120e-02;7.496629e-02;2.314655e-01;4.257659e-02;8.357718e-02;7.259645e-02;1.325099e-01;9.341248e-02;6.293463e-02;4.828889e-02;6.496605e-02;3.238485e-02
9.117811e-02;2.667557e-02;2.394042e-01;5.235179e-02;8.819763e-02;9.040683e-02;1.622517e-01;6.419140e-02;5.532856e-02;3.224496e-02;5.953475e-02;3.823452e-02
1.314801e-01;8.403844e-02;1.967923e-01;6.147895e-02;7.182180e-02;8.954696e-02;1.432934e-01;4.631191e-02;3.151644e-02;3.237353e-02;5.749533e-02;5.385091e-02
1.937247e-01;8.776785e-02;1.083865e-01;6.637108e-02;5.591252e-02;6.719916e-02;1.160475e-01;3.598594e-02;2.010760e-02;3.717433e-02;7.805674e-02;1.332660e-01
