1.357378e-01;9.015127e-02;1.781697e-01;8.870150e-02;5.507912e-02;6.008994e-02;1.113806e-01;4.598303e-02;3.582105e-02;5.769747e-02;8.445273e-02;5.673572e-02
1.357543e-01;4.520156e-02;1.792804e-01;5.284130e-02;6.385585e-02;5.214996e-02;1.171260e-01;4.769709e-02;4.167961e-02;8.819834e-02;8.780683e-02;8.840876e-02
1.257016e-01;2.445856e-02;2.262050e-01;5.659643e-02;7.029300e-02;6.696825e-02;1.088538e-01;5.196808e-02;5.120015e-02;1.074748e-01;6.316812e-02;4.711230e-02
1.418471e-01;8.166538e-02;1.121466e-01;5.500479e-02;4.986164e-02;5.099371e-02;1.650506e-01;4.254269e-02;5.562285e-02;1.047968e-01;8.540018e-02;5.506764e-02
1.791012e-01;9.574143e-02;1.203087e-01;3.332252e-02;3.529979e-02;3.048101e-02;1.582048e-01;3.165751e-02;4.306979e-02;1.048000e-01;9.242576e-02;7.558746e-02
1.915189e-01;9.675866e-02;1.402914e-01;3.935960e-02;3.368418e-02;3.279262e-02;1.464026e-01;3.326634e-02;3.516664e-02;8.921918e-02;9.088395e-02;7.065596e-02
1.728682e-01;1.282388e-01;1.341881e-01;4.407696e-02;5.468453e-02;6.544105e-02;9.590285e-02;4.168715e-02;2.932713e-02;8.497733e-02;8.622844e-02;6.237942e-02
1.420776e-01;9.126534e-02;1.159233e-01;3.570113e-02;5.972444e-02;6.301519e-02;2.720922e-01;4.577244e-02;1.993171e-02;4.770803e-02;5.747310e-02;4.931558e-02
1.239519e-01;8.247022e-02;9.242063e-02;2.617484e-02;6.498679e-02;8.538302e-02;3.629284e-01;4.266736e-02;1.534018e-02;3.056303e-02;3.704027e-02;3.607335e-02
9.383646e-02;6.791396e-02;5.997344e-02;1.681632e-02;8.392597e-02;1.152595e-01;4.579603e-01;3.097817e-02;1.186111e-02;2.314870e-02;2.046575e-02;1.786041e-02
5.713798e-02;5.160153e-02;7.161228e-02;2.183759e-02;1.173507e-01;1.712764e-01;4.230828e-01;1.869318e-02;8.627024e-03;1.996657e-02;1.626213e-02;2.255182e-02
7.192986e-02;5.635973e-02;8.181040e-02;3.186955e-02;1.441503e-01;2.093416e-01;3.097368e-01;1.374545e-02;1.656075e-02;1.537769e-02;1.720881e-02;3.190904e-02
9.415211e-02;5.544924e-02;6.332247e-02;4.373297e-02;1.562293e-01;2.159117e-01;2.180107e-01;2.520375e-02;2.994820e-02;4.822958e-02;1.918438e-02;3.062554e-02
3.596624e-02;2.729215e-02;5.882103e-02;3.427256e-02;1.009522e-01;1.312430e-01;4.135655e-01;4.484985e-02;3.244611e-02;5.662900e-02;4.064216e-02;2.332028e-02
2.957339e-02;3.375420e-02;3.642946e-02;2.638646e-02;5.079983e-02;6.916282e-02;5.477070e-01;6.129228e-02;2.750814e-02;4.226711e-02;5.522212e-02;1.989720e-02
1.663182e-02;3.127026e-02;5.327649e-02;2.115968e-02;3.016199e-02;3.859507e-02;5.800449e-01;8.445507e-02;3.362216e-02;4.377251e-02;4.904433e-02;1.796574e-02
1.917486e-02;3.688656e-02;7.217740e-02;1.152832e-02;1.698497e-02;2.784587e-02;4.768956e-01;1.461265e-01;6.815462e-02;6.906556e-02;2.398552e-02;3.117423e-02
2.871009e-02;3.060774e-02;8.297469e-02;4.158745e-02;1.269721e-02;2.243298e-02;2.832301e-01;1.815992e-01;1.327283e-01;1.060935e-01;2.869236e-02;4.864639e-02
3.685649e-02;2.355793e-02;9.741792e-02;4.625791e-02;8.801131e-03;2.413014e-02;1.823393e-01;2.078029e-01;1.543788e-01;1.132079e-01;2.653733e-02;7.871234e-02
2.401779e-02;1.467579e-02;9.684210e-02;2.384002e-02;1.177043e-02;2.420761e-02;3.037930e-01;2.453188e-01;7.754111e-02;8.898363e-02;1.586853e-02;7.314118e-02
9.318367e-03;2.672859e-02;5.981082e-02;1.186012e-02;1.777723e-02;4.526249e-02;4.657002e-01;2.160995e-01;3.455602e-02;5.236780e-02;2.157550e-02;3.894334e-02
1.089321e-02;4.289033e-02;5.450300e-02;1.484971e-02;4.432696e-02;1.048512e-01;5.109707e-01;1.287544e-01;2.422904e-02;2.004887e-02;2.990672e-02;1.377594e-02
1.980528e-02;3.943865e-02;1.144264e-01;3.062408e-02;7.352700e-02;1.590726e-01;4.007311e-01;5.854566e-02;3.382467e-02;2.227379e-02;3.207226e-02;1.565852e-02
1.979357e-02;2.363199e-02;1.662091e-01;4.001254e-02;7.072163e-02;1.470057e-01;3.591445e-01;4.955456e-02;4.681679e-02;3.157772e-02;2.551243e-02;2.001943e-02
1.126733e-02;4.466617e-02;1.027196e-01;2.052436e-02;4.587375e-02;8.706448e-02;4.926175e-01;8.444999e-02;4.279597e-02;3.700385e-02;1.990136e-02;1.111569e-02
8.551307e-03;6.175213e-02;8.460771e-02;1.428473e-02;3.959384e-02;8.750951e-02;5.199467e-01;6.404148e-02;3.554215e-02;4.407517e-02;3.088197e-02;9.213268e-03
7.817182e-03;5.063014e-02;9.228117e-02;2.117011e-02;2.734944e-02;7.650287e-02;5.082546e-01;9.065843e-02;2.890308e-02;4.226429e-02;3.577194e-02;1.839674e-02
9.567777e-03;3.647993e-02;1.002354e-01;1.723657e-02;3.294832e-02;7.195716e-02;4.790434e-01;1.172301e-01;3.517399e-02;3.806950e-02;3.594713e-02;2.611076e-02
2.058234e-02;4.416603e-02;1.139639e-01;1.549709e-02;5.498266e-02;9.219476e-02;4.226193e-01;1.161692e-01;3.138427e-02;3.457681e-02;2.681307e-02;2.705062e-02
6.082016e-02;5.410022e-02;1.000458e-01;2.717103e-02;6.538962e-02;1.422037e-01;2.315219e-01;1.426889e-01;5.169893e-02;5.055226e-02;4.931512e-02;2.449227e-02
7.951915e-02;5.938355e-02;1.407288e-01;4.570336e-02;5.138852e-02;8.426335e-02;1.476904e-01;9.964979e-02;6.046320e-02;7.181115e-02;9.089120e-02;6.850751e-02
8.688667e-02;1.010024e-01;1.407252e-01;4.337550e-02;3.763210e-02;2.968379e-02;1.287653e-01;8.625018e-02;5.178644e-02;8.982967e-02;9.217454e-02;1.118881e-01
1.555611e-01;1.184481e-01;1.387895e-01;3.949622e-02;5.144608e-02;4.947172e-02;1.095816e-01;6.122348e-02;2.734384e-02;6.583054e-02;7.703932e-02;1.057685e-01
1.552488e-01;8.860395e-02;1.034038e-01;6.578466e-02;7.478926e-02;5.766295e-02;1.122165e-01;5.874089e-02;3.960961e-02;5.983406e-02;9.258486e-02;9.152069e-02
9.973135e-02;5.651864e-02;1.430461e-01;1.190150e-01;1.074995e-01;5.087388e-02;9.533720e-02;4.937151e-02;7.375957e-02;6.488620e-02;7.972071e-02;6.024033e-02
5.586492e-02;4.023350e-02;1.617194e-01;2.303950e-01;1.179769e-01;3.119073e-02;7.523234e-02;5.062804e-02;1.164245e-01;5.950064e-02;4.124081e-02;1.959330e-02
3.422890e-02;5.352362e-02;1.727685e-01;2.909434e-01;1.265787e-01;3.054780e-02;4.302570e-02;4.736126e-02;1.238339e-01;3.763181e-02;2.395681e-02;1.559974e-02
1.822492e-02;6.790582e-02;2.657497e-01;2.365902e-01;1.056116e-01;5.193083e-02;3.805835e-02;6.176716e-02;7.991335e-02;2.556439e-02;1.533285e-02;3.335080e-02
1.405340e-02;6.132782e-02;3.836256e-01;1.215923e-01;6.041428e-02;6.485544e-02;7.018033e-02;9.806485e-02;4.194523e-02;2.918388e-02;5.331967e-03;4.942489e-02
1.157546e-02;5.732112e-02;4.548226e-01;3.769008e-02;2.579736e-02;6.386026e-02;8.416974e-02;1.217079e-01;4.426152e-02;3.510043e-02;7.842823e-03;5.585065e-02
2.347962e-02;9.591623e-02;4.304226e-01;3.621966e-02;1.490426e-02;6.290900e-02;7.890052e-02;1.105129e-01;4.902957e-02;3.219676e-02;9.017274e-03;5.649166e-02
7.491288e-02;1.420391e-01;3.209762e-01;4.981041e-02;1.855730e-02;5.104068e-02;1.012849e-01;9.426337e-02;3.565812e-02;4.281921e-02;1.097047e-02;5.766732e-02
9.650444e-02;1.389778e-01;2.275376e-01;5.978232e-02;4.289515e-02;3.442678e-02;1.192307e-01;8.954814e-02;4.947222e-02;7.655896e-02;1.176139e-02;5.330452e-02
7.306984e-02;1.200947e-01;1.377094e-01;6.649421e-02;8.834893e-02;4.670757e-02;6.540080e-02;6.686612e-02;8.163965e-02;1.291005e-01;5.808988e-02;6.647839e-02
5.251399e-02;1.511849e-01;7.818206e-02;6.514306e-02;1.018161e-01;6.894556e-02;4.836882e-02;6.633680e-02;5.756086e-02;1.523263e-01;8.779619e-02;6.982534e-02
4.840596e-02;1.595695e-01;5.566635e-02;7.189554e-02;8.523610e-02;9.084321e-02;5.480557e-02;7.932085e-02;3.307487e-02;1.292328e-01;1.417488e-01;5.020041e-02
9.592028e-02;8.701587e-02;1.064177e-01;5.650928e-02;4.258306e-02;1.161046e-01;5.819413e-02;5.903979e-02;4.845202e-02;7.128020e-02;2.271531e-01;3.132997e-02
1.054379e-01;3.746104e-02;1.224310e-01;4.665301e-02;2.473253e-02;9.424824e-02;9.155048e-02;4.193030e-02;7.099462e-02;6.420257e-02;2.024728e-01;9.788555e-02
9.930903e-02;4.511638e-02;7.789012e-02;6.120151e-02;2.647454e-02;5.487767e-02;1.450591e-01;7.265081e-02;5.609054e-02;8.781898e-02;9.900697e-02;1.745043e-01
1.634545e-01;4.613942e-02;4.844119e-02;4.617606e-02;5.402900e-02;3.450188e-02;1.231218e-01;1.357896e-01;6.429545e-02;9.033442e-02;5.683477e-02;1.368819e-01
1.679011e-01;9.665751e-02;7.360727e-02;2.068850e-02;6.485803e-02;4.660759e-02;5.810574e-02;1.356719e-01;1.480083e-01;5.334156e-02;7.902936e-02;5.552306e-02
7.450688e-02;1.368165e-01;1.105136e-01;1.550766e-02;3.719141e-02;6.770931e-02;3.688402e-02;7.567818e-02;2.062982e-01;9.249471e-02;5.797532e-02;8.842418e-02
7.209838e-02;8.686449e-02;2.006028e-01;2.217369e-02;2.013896e-02;4.709497e-02;5.073700e-02;4.253417e-02;1.380291e-01;1.928131e-01;4.955981e-02;7.735348e-02
1.152784e-01;2.271071e-02;2.118785e-01;7.380629e-02;2.112057e-02;2.039722e-02;5.712198e-02;3.623245e-02;5.302159e-02;2.074277e-01;1.479941e-01;3.301042e-02
7.980634e-02;6.551153e-02;1.135211e-01;1.436244e-01;1.730707e-02;2.417904e-02;3.148411e-02;6.511268e-02;2.205784e-02;1.115819e-01;3.081595e-01;1.765444e-02
2.765938e-02;1.180618e-01;6.255630e-02;1.530614e-01;2.902861e-02;2.693836e-02;1.296590e-02;8.345377e-02;2.280565e-02;4.246982e-02;3.612196e-01;5.977944e-02
1.775293e-02;1.235993e-01;6.542688e-02;1.203637e-01;5.953756e-02;2.006654e-02;2.074187e-02;6.340748e-02;2.711241e-02;3.264326e-02;3.245252e-01;1.248229e-01
2.396097e-02;8.600984e-02;7.874990e-02;1.175101e-01;1.009947e-01;1.729329e-02;2.709622e-02;2.906871e-02;3.876749e-02;6.681411e-02;2.622637e-01;1.514709e-01
2.909127e-02;9.887293e-02;1.697400e-01;1.597411e-01;1.005578e-01;1.725905e-02;1.908305e-02;2.071635e-02;3.167147e-02;1.006575e-01;1.256152e-01;1.269942e-01
5.455602e-02;1.249666e-01;2.597016e-01;1.617578e-01;6.916552e-02;2.107538e-02;2.369766e-02;2.231073e-02;1.903957e-02;7.744089e-02;8.991746e-02;7.637081e-02
7.373121e-02;1.040256e-01;2.780415e-01;1.225005e-01;5.936071e-02;2.117790e-02;2.819872e-02;1.824461e-02;2.081682e-02;5.830096e-02;1.446225e-01;7.097907e-02
7.874832e-02;6.822519e-02;2.855179e-01;9.004401e-02;4.698161e-02;1.562005e-02;3.526581e-02;3.551345e-02;3.881891e-02;6.992442e-02;1.681192e-01;6.722104e-02
4.444491e-02;8.961172e-02;2.729681e-01;8.707087e-02;3.754364e-02;2.588163e-02;7.339222e-02;6.619851e-02;6.167505e-02;9.961467e-02;8.591568e-02;5.568301e-02
5.550257e-02;5.578654e-02;1.874404e-01;7.566194e-02;6.468477e-02;5.546863e-02;1.395887e-01;6.360198e-02;6.526010e-02;7.958017e-02;1.030439e-01;5.438027e-02
1.287053e-01;7.306767e-02;1.849912e-01;7.699321e-02;5.455860e-02;4.895508e-02;1.357033e-01;5.165460e-02;5.557324e-02;5.599290e-02;7.267976e-02;6.112514e-02
2.377460e-01;9.870260e-02;2.447645e-01;6.117696e-02;4.422163e-02;2.162892e-02;6.892334e-02;4.440985e-02;3.280587e-02;4.046137e-02;5.791700e-02;4.724189e-02
3.156806e-01;1.117812e-01;2.943545e-01;3.243389e-02;4.777602e-02;6.232857e-03;2.362423e-02;4.232429e-02;2.194034e-02;1.885563e-02;5.817382e-02;2.682260e-02
3.899157e-01;1.146242e-01;2.544194e-01;1.123939e-02;3.901795e-02;4.911318e-03;1.808103e-02;5.274039e-02;1.382078e-02;1.398065e-02;4.656247e-02;4.068664e-02
4.393234e-01;1.000208e-01;1.540750e-01;1.121828e-02;2.497410e-02;6.521956e-03;2.449676e-02;6.705572e-02;1.619002e-02;3.691098e-02;2.679793e-02;9.241503e-02
3.904868e-01;6.961469e-02;8.382977e-02;2.053490e-02;1.504001e-02;1.124523e-02;4.328026e-02;6.208492e-02;2.725526e-02;1.064748e-01;3.225548e-02;1.378979e-01
3.113837e-01;3.283301e-02;5.670429e-02;3.960586e-02;1.576171e-02;1.265253e-02;6.732581e-02;4.347165e-02;3.239180e-02;2.031138e-01;5.319020e-02;1.315657e-01
2.260707e-01;2.959591e-02;7.820347e-02;6.141672e-02;1.413196e-02;1.255224e-02;8.634918e-02;2.583868e-02;5.245602e-02;2.151184e-01;6.386621e-02;1.344005e-01
1.465918e-01;3.850711e-02;6.934395e-02;6.486803e-02;2.503081e-02;2.937869e-02;9.847947e-02;2.566186e-02;1.135403e-01;1.590333e-01;8.599446e-02;1.435703e-01
8.639541e-02;3.308954e-02;8.824374e-02;3.818451e-02;3.321042e-02;5.334454e-02;9.521865e-02;2.489989e-02;1.916696e-01;1.166962e-01;1.336669e-01;1.053806e-01
1.071339e-01;3.331070e-02;8.046113e-02;3.038232e-02;3.148678e-02;5.316522e-02;8.166947e-02;3.959531e-02;1.887363e-01;1.209116e-01;1.618671e-01;7.128017e-02
1.024816e-01;7.242692e-02;1.233352e-01;7.875831e-02;5.865715e-02;7.253027e-02;7.619335e-02;3.487561e-02;1.112876e-01;1.153650e-01;1.007924e-01;5.329663e-02
8.772200e-02;1.082404e-01;1.720482e-01;8.461149e-02;4.902678e-02;7.036892e-02;6.886141e-02;4.121077e-02;1.224473e-01;9.179243e-02;4.691193e-02;5.675841e-02
1.108114e-01;1.278417e-01;2.183685e-01;5.755757e-02;2.555690e-02;4.599541e-02;4.272347e-02;6.597921e-02;1.287548e-01;7.892262e-02;4.241400e-02;5.507446e-02
1.022260e-01;1.092730e-01;3.445760e-01;3.425202e-02;1.872928e-02;2.173242e-02;2.601846e-02;5.663975e-02;1.162729e-01;1.062622e-01;2.955909e-02;3.445880e-02
7.932303e-02;8.201082e-02;4.370081e-01;6.211251e-02;2.401337e-02;1.387139e-02;2.061387e-02;3.289792e-02;6.716900e-02;1.315911e-01;3.238294e-02;1.700602e-02
5.305335e-02;1.101134e-01;3.718886e-01;1.250145e-01;6.116786e-02;1.664409e-02;1.038954e-02;1.910139e-02;4.550674e-02;9.113355e-02;7.842699e-02;1.755996e-02
2.222841e-02;1.642355e-01;2.348709e-01;1.457211e-01;1.310487e-01;2.960979e-02;1.920813e-02;1.743173e-02;4.092649e-02;5.065732e-02;8.826417e-02;5.579775e-02
3.127960e-02;9.663806e-02;2.035029e-01;9.969514e-02;1.938726e-01;6.960635e-02;5.750234e-02;1.572244e-02;5.575323e-02;3.768597e-02;5.024597e-02;8.849540e-02
7.688027e-02;3.073654e-02;2.604487e-01;4.542991e-02;1.771319e-01;1.263828e-01;1.045751e-01;1.577155e-02;6.024430e-02;2.485364e-02;1.513995e-02;6.240536e-02
1.106983e-01;4.447781e-02;1.903649e-01;2.514528e-02;1.554943e-01;1.734524e-01;1.387859e-01;3.144740e-02;3.666706e-02;2.437611e-02;2.755720e-02;4.153344e-02
1.107319e-01;3.170978e-02;1.732009e-01;3.547109e-02;1.795811e-01;1.549060e-01;1.255337e-01;3.707504e-02;4.269718e-02;2.382736e-02;4.244708e-02;4.281886e-02
1.031628e-01;4.238221e-02;1.849438e-01;4.662310e-02;1.995294e-01;1.154105e-01;1.014922e-01;2.562121e-02;7.549716e-02;2.139092e-02;4.428532e-02;3.966129e-02
7.303955e-02;3.973901e-02;8.860219e-02;3.589498e-02;1.728609e-01;1.585311e-01;2.470001e-01;2.889418e-02;7.968007e-02;1.284546e-02;2.349519e-02;3.941722e-02
4.762727e-02;3.773066e-02;5.870768e-02;2.416753e-02;9.607717e-02;1.055366e-01;4.619296e-01;6.034421e-02;3.574755e-02;1.967013e-02;9.884662e-03;4.257689e-02
2.744036e-02;2.931398e-02;7.132825e-02;2.192262e-02;3.983596e-02;3.410909e-02;5.140967e-01;1.456374e-01;4.755478e-02;2.873604e-02;1.049083e-02;2.953394e-02
9.647647e-03;1.364333e-02;9.781233e-02;2.472527e-02;2.813245e-02;2.880760e-02;3.537577e-01;2.615812e-01;9.821076e-02;3.891570e-02;1.424003e-02;3.052595e-02
8.894642e-03;8.494982e-03;9.327621e-02;5.028391e-02;1.744662e-02;3.410612e-02;1.816254e-01;3.082054e-01;2.149782e-01;4.004198e-02;1.726460e-02;2.538200e-02
1.287337e-02;6.598297e-03;5.689172e-02;7.176236e-02;1.624312e-02;3.194868e-02;7.318898e-02;2.541738e-01;4.132300e-01;2.839093e-02;1.135418e-02;2.334453e-02
3.400212e-02;7.915568e-03;2.224077e-02;8.105044e-02;1.138346e-02;1.827383e-02;5.077868e-02;1.390603e-01;5.843416e-01;2.843516e-02;1.106970e-02;1.144838e-02
6.000593e-02;6.711427e-03;8.422846e-03;8.096470e-02;6.973165e-03;7.310887e-03;5.793235e-02;5.547440e-02;6.362012e-01;4.909953e-02;1.762731e-02;1.327624e-02
6.599187e-02;6.125429e-03;8.598126e-03;6.110011e-02;1.914692e-02;5.639136e-03;5.353881e-02;2.406335e-02;6.346438e-01;8.600673e-02;1.962156e-02;1.552419e-02
5.466925e-02;7.671616e-03;1.272723e-02;4.018674e-02;2.995042e-02;5.494595e-03;7.270572e-02;3.854813e-02;5.690754e-01;1.316295e-01;2.711328e-02;1.022814e-02
5.177467e-02;1.431633e-02;1.522476e-02;4.451746e-02;3.037420e-02;1.474356e-02;1.809621e-01;7.630314e-02;3.799343e-01;1.302591e-01;4.072611e-02;2.086438e-02
3.940075e-02;1.454085e-02;2.951871e-02;4.002916e-02;2.939246e-02;2.688214e-02;3.844700e-01;1.100441e-01;1.649360e-01;9.093523e-02;3.817134e-02;3.167917e-02
1.694554e-02;1.205422e-02;4.317112e-02;1.155836e-02;2.523282e-02;3.158919e-02;5.126579e-01;9.676695e-02;1.535291e-01;4.588650e-02;2.576936e-02;2.483904e-02
1.773610e-02;1.215219e-02;4.072645e-02;2.732895e-02;5.452947e-02;5.073892e-02;4.515224e-01;7.815548e-02;1.748019e-01;3.371272e-02;3.809983e-02;2.049568e-02
4.747295e-02;1.117705e-02;4.670738e-02;5.633214e-02;8.242296e-02;7.501462e-02;2.265876e-01;6.636737e-02;2.520414e-01;5.939916e-02;4.541721e-02;3.106017e-02
4.903041e-02;1.086073e-02;4.511486e-02;5.584221e-02;7.555913e-02;5.621457e-02;2.639833e-01;6.654046e-02;2.709479e-01;5.804672e-02;2.504711e-02;2.281253e-02
3.852022e-02;9.171031e-03;3.114869e-02;4.502900e-02;5.573481e-02;3.549416e-02;2.992714e-01;7.399202e-02;3.191714e-01;5.749163e-02;2.418028e-02;1.079536e-02
7.650604e-02;4.289479e-02;5.939896e-02;4.256743e-02;4.121559e-02;3.963198e-02;1.944600e-01;7.869441e-02;2.523509e-01;1.130735e-01;3.764906e-02;2.155729e-02
9.884134e-02;6.903038e-02;1.116102e-01;4.315506e-02;6.733727e-02;5.493103e-02;1.476176e-01;7.135510e-02;1.208389e-01;1.300750e-01;3.833135e-02;4.687681e-02
7.470809e-02;5.654897e-02;1.062931e-01;3.181769e-02;5.939764e-02;3.791776e-02;1.941693e-01;9.758984e-02;1.114304e-01;1.021685e-01;3.327936e-02;9.467936e-02
5.294865e-02;3.637215e-02;8.191956e-02;2.359271e-02;3.560402e-02;2.127226e-02;2.276334e-01;1.696983e-01;1.240191e-01;6.794523e-02;3.985826e-02;1.191363e-01
3.769277e-02;5.631841e-02;5.306904e-02;1.408240e-02;2.796659e-02;1.270651e-02;2.646695e-01;2.287714e-01;9.156965e-02;3.892109e-02;7.782400e-02;9.640865e-02
1.391233e-02;1.023120e-01;3.798157e-02;6.561678e-03;3.117258e-02;1.280100e-02;3.345245e-01;2.224016e-01;3.806738e-02;1.859641e-02;1.415222e-01;4.014666e-02
2.167698e-02;1.421693e-01;2.848974e-02;8.333282e-03;4.016609e-02;1.329281e-02;3.741721e-01;1.246116e-01;2.353104e-02;1.557614e-02;1.995184e-01;8.462493e-03
2.396479e-02;1.373206e-01;4.877903e-02;9.068574e-03;4.750109e-02;1.318206e-02;3.532103e-01;7.359688e-02;3.269008e-02;2.360952e-02;2.039916e-01;3.308549e-02
2.008811e-02;9.481395e-02;1.201924e-01;9.583618e-03;4.257429e-02;1.157944e-02;2.721976e-01;1.704575e-01;3.557288e-02;3.231438e-02;1.321927e-01;5.843318e-02
1.784229e-02;4.597982e-02;2.167074e-01;7.410200e-03;2.076722e-02;1.021311e-02;1.752006e-01;2.809792e-01;3.507699e-02;3.514500e-02;5.270033e-02;1.019778e-01
1.275333e-02;2.159859e-02;2.464257e-01;8.808238e-03;5.312975e-03;1.673335e-02;7.625502e-02;3.416414e-01;5.031318e-02;2.880188e-02;1.328818e-02;1.780681e-01
1.491879e-02;1.485207e-02;1.927961e-01;1.831045e-02;5.206291e-03;2.930370e-02;5.088133e-02;3.496988e-01;9.976887e-02;2.591900e-02;1.299909e-02;1.853455e-01
4.919688e-02;1.172357e-02;8.986482e-02;4.908501e-02;7.014771e-03;2.697146e-02;6.059961e-02;2.950268e-01;2.473617e-01;3.560590e-02;1.997036e-02;1.075791e-01
9.865902e-02;1.025636e-02;4.071702e-02;5.486134e-02;1.725120e-02;1.464797e-02;5.089913e-02;1.986442e-01;3.892368e-01;7.720616e-02;2.018949e-02;2.743131e-02
9.565295e-02;1.877834e-02;5.872308e-02;3.787215e-02;3.347218e-02;8.307850e-03;6.602900e-02;1.214678e-01;3.486097e-01;1.570647e-01;3.043491e-02;2.358739e-02
5.281877e-02;2.462704e-02;7.467346e-02;4.119557e-02;4.933154e-02;1.393911e-02;8.732659e-02;6.124647e-02;3.105960e-01;1.897803e-01;6.302933e-02;3.143586e-02
5.212923e-02;1.994810e-02;7.547212e-02;4.599025e-02;6.229927e-02;1.550951e-02;8.495525e-02;6.056041e-02;2.471534e-01;2.224065e-01;7.925665e-02;3.431936e-02
4.177101e-02;2.043023e-02;5.526563e-02;3.147851e-02;9.404597e-02;1.314859e-02;7.689319e-02;6.989241e-02;9.195533e-02;4.087433e-01;6.591814e-02;3.045763e-02
2.149183e-02;2.185134e-02;1.504986e-02;2.931124e-02;9.787292e-02;1.226375e-02;4.663421e-02;5.551293e-02;2.019478e-01;4.270584e-01;3.966752e-02;3.133825e-02
1.512800e-02;3.983377e-02;2.407637e-02;2.053765e-02;1.077895e-01;1.355751e-02;3.589957e-02;4.215099e-02;9.452045e-02;5.312241e-01;4.754743e-02;2.773461e-02
2.202624e-02;2.891723e-02;3.255842e-02;3.343261e-02;8.352621e-02;1.229058e-02;4.080771e-02;3.539264e-02;1.924607e-01;4.398597e-01;4.179224e-02;3.693558e-02
2.849255e-02;1.018996e-02;3.704654e-02;8.016597e-02;5.964462e-02;1.548480e-02;8.753169e-02;5.142621e-02;3.014105e-01;2.654344e-01;3.590540e-02;2.726739e-02
3.318971e-02;1.958614e-02;8.071207e-02;1.013129e-01;6.021626e-02;2.646919e-02;2.029855e-01;5.177090e-02;2.583823e-01;1.145053e-01;2.820553e-02;2.266409e-02
3.745624e-02;3.752025e-02;1.210698e-01;7.477356e-02;8.953107e-02;5.944083e-02;3.067266e-01;4.528707e-02;1.218519e-01;4.711013e-02;2.407331e-02;3.515928e-02
3.008676e-02;2.807652e-02;1.174083e-01;5.447927e-02;1.359447e-01;9.716678e-02;2.667730e-01;4.793422e-02;1.046736e-01;6.928653e-02;1.542370e-02;3.274668e-02
2.689694e-02;3.402738e-02;9.026865e-02;7.709222e-02;1.379948e-01;9.469989e-02;1.204741e-01;8.542191e-02;1.522747e-01;1.106005e-01;4.506418e-02;2.518475e-02
4.029528e-02;3.658487e-02;9.135591e-02;7.965091e-02;1.008452e-01;9.487950e-02;1.356618e-01;1.332162e-01;1.190313e-01;9.345511e-02;4.473339e-02;3.029050e-02
6.348414e-02;3.481058e-02;1.022363e-01;4.544221e-02;1.002709e-01;1.053933e-01;1.541383e-01;1.560597e-01;8.831224e-02;7.247127e-02;3.821547e-02;3.916563e-02
7.309564e-02;5.030497e-02;8.849722e-02;5.896574e-02;6.685812e-02;7.209398e-02;9.176523e-02;1.512274e-01;8.544134e-02;1.479881e-01;6.954972e-02;4.421260e-02
7.635155e-02;5.241728e-02;6.374856e-02;7.235016e-02;5.343221e-02;4.854173e-02;8.937893e-02;1.458652e-01;1.273595e-01;1.771182e-01;6.491074e-02;2.852593e-02
7.052933e-02;6.850203e-02;6.829008e-02;5.671374e-02;7.267892e-02;4.495748e-02;1.151470e-01;1.246514e-01;1.305752e-01;1.332488e-01;5.342560e-02;6.128031e-02
5.885644e-02;1.059582e-01;1.039075e-01;5.387547e-02;8.528844e-02;5.236584e-02;1.046960e-01;8.997224e-02;1.126625e-01;8.564760e-02;8.561044e-02;6.115929e-02
7.214499e-02;1.273782e-01;9.454426e-02;4.014956e-02;7.233188e-02;7.098270e-02;1.494236e-01;8.843914e-02;1.005317e-01;7.894804e-02;7.005582e-02;3.507015e-02
5.640129e-02;1.233699e-01;6.216931e-02;4.460653e-02;7.030761e-02;7.593705e-02;8.786777e-02;1.078641e-01;1.177624e-01;1.223407e-01;6.619483e-02;6.517846e-02
8.489681e-02;7.142776e-02;5.502708e-02;5.153983e-02;4.778250e-02;7.933308e-02;7.079096e-02;1.255138e-01;1.461771e-01;1.201690e-01;7.018294e-02;7.715916e-02
9.468199e-02;6.878542e-02;3.759263e-02;5.170986e-02;8.767476e-02;4.988438e-02;7.382812e-02;1.301157e-01;1.553895e-01;1.161039e-01;3.702793e-02;9.720578e-02
1.251076e-01;7.721289e-02;9.509199e-02;6.288130e-02;9.082741e-02;8.242969e-02;1.039382e-01;5.647459e-02;1.112590e-01;6.377438e-02;2.785952e-02;1.031435e-01
1.080842e-01;8.507612e-02;1.721055e-01;8.890387e-02;6.039822e-02;7.630126e-02;1.045671e-01;5.818592e-02;9.029859e-02;6.050379e-02;3.293166e-02;6.264376e-02
8.833916e-02;1.413643e-01;2.094016e-01;1.048525e-01;6.638078e-02;4.441930e-02;7.953855e-02;6.161518e-02;7.875578e-02;5.694752e-02;2.901926e-02;3.936609e-02
1.159414e-01;1.332733e-01;2.437833e-01;7.047348e-02;6.992908e-02;3.882684e-02;8.445351e-02;4.603466e-02;6.035667e-02;6.598609e-02;2.930588e-02;4.163578e-02
1.512189e-01;8.096466e-02;2.275442e-01;3.995081e-02;8.414762e-02;4.451839e-02;1.125126e-01;3.872852e-02;5.008611e-02;5.851341e-02;5.213349e-02;5.968130e-02
1.534849e-01;5.795125e-02;1.606492e-01;2.841169e-02;8.999591e-02;8.425695e-02;9.960568e-02;3.490588e-02;5.597912e-02;7.027206e-02;9.329018e-02;7.119726e-02
9.752411e-02;4.025033e-02;8.854414e-02;4.192175e-02;8.367638e-02;1.472036e-01;9.231359e-02;4.734437e-02;4.358353e-02;1.057431e-01;1.482470e-01;6.364802e-02
2.311483e-02;6.804163e-02;3.877083e-02;5.950764e-02;8.197992e-02;1.181939e-01;8.288636e-02;9.714413e-02;6.065009e-02;1.713126e-01;1.507639e-01;4.763424e-02
1.914393e-02;9.016012e-02;1.549633e-02;3.486789e-02;1.461086e-01;4.528991e-02;3.851638e-02;1.044369e-01;9.482878e-02;2.511016e-01;1.147459e-01;4.530365e-02
7.956541e-03;9.594255e-02;1.390781e-02;2.005883e-02;1.629332e-01;4.566396e-02;2.443680e-02;9.653156e-02;9.847883e-02;2.810795e-01;1.073498e-01;4.566055e-02
1.321152e-02;8.571344e-02;1.377111e-02;3.740085e-02;1.243624e-01;6.115244e-02;7.288698e-02;1.283017e-01;6.732932e-02;2.329464e-01;1.249315e-01;3.799223e-02
4.102605e-02;5.641264e-02;2.214890e-02;5.351930e-02;6.176480e-02;1.031016e-01;1.441741e-01;1.204313e-01;4.017242e-02;1.636127e-01;1.663167e-01;2.731942e-02
6.570919e-02;2.450608e-02;5.438590e-02;3.581024e-02;3.736420e-02;2.029480e-01;1.268629e-01;5.316770e-02;5.439435e-02;1.086982e-01;1.957301e-01;4.042314e-02
9.272449e-02;1.481497e-02;7.050990e-02;1.875686e-02;6.499504e-02;2.134602e-01;8.859845e-02;4.686972e-02;8.784457e-02;7.101496e-02;1.567224e-01;7.368846e-02
1.341754e-01;4.338685e-02;4.647702e-02;2.721021e-02;9.817625e-02;1.225040e-01;1.231304e-01;7.135475e-02;7.901942e-02;4.033064e-02;9.002281e-02;1.242122e-01
1.879244e-01;7.586782e-02;2.394706e-02;5.993868e-02;7.963416e-02;4.424071e-02;1.712317e-01;6.880375e-02;3.148605e-02;5.543511e-02;3.898770e-02;1.625028e-01
2.428651e-01;5.731212e-02;2.882557e-02;8.059026e-02;3.568145e-02;1.407639e-02;1.665525e-01;6.565667e-02;2.212255e-02;1.007668e-01;2.839677e-02;1.571538e-01
3.040935e-01;8.026332e-02;3.560796e-02;5.784126e-02;1.511646e-02;1.830538e-02;1.202209e-01;8.367664e-02;3.008560e-02;9.926446e-02;2.310547e-02;1.324191e-01
3.611682e-01;9.633162e-02;5.607194e-02;2.361475e-02;1.834438e-02;1.522964e-02;7.065383e-02;9.516948e-02;3.492787e-02;5.498170e-02;2.907139e-02;1.444352e-01
3.373978e-01;7.538179e-02;8.715875e-02;1.453638e-02;2.811966e-02;1.157447e-02;4.424087e-02;8.323804e-02;4.544009e-02;5.687173e-02;6.487456e-02;1.511658e-01
2.299502e-01;8.874185e-02;1.095714e-01;1.294235e-02;3.807684e-02;1.873482e-02;6.497020e-02;8.161844e-02;4.531188e-02;9.548581e-02;8.728687e-02;1.273094e-01
1.188314e-01;1.082324e-01;8.660964e-02;1.634343e-02;4.235937e-02;3.328253e-02;1.240192e-01;1.113549e-01;4.819933e-02;1.072816e-01;7.828978e-02;1.251964e-01
2.781668e-01;8.213436e-02;6.903175e-02;2.533631e-02;3.662417e-02;2.743757e-02;1.047524e-01;9.058639e-02;3.230602e-02;7.660921e-02;5.872639e-02;1.182886e-01
2.665873e-01;6.578221e-02;7.345640e-02;3.171846e-02;4.680082e-02;2.380471e-02;1.039025e-01;7.465900e-02;4.606463e-02;8.740510e-02;5.494319e-02;1.248757e-01
2.368003e-01;6.507017e-02;8.809497e-02;3.589226e-02;3.670136e-02;1.517173e-02;1.414563e-01;5.381719e-02;5.034940e-02;1.055903e-01;5.852706e-02;1.125289e-01
2.104920e-01;7.548385e-02;1.394268e-01;3.224444e-02;3.665932e-02;2.378175e-02;1.558761e-01;6.791963e-02;4.511698e-02;8.058735e-02;5.597005e-02;7.644169e-02
1.611390e-01;6.842464e-02;1.171461e-01;4.544640e-02;4.534165e-02;2.939559e-02;1.558030e-01;7.763973e-02;1.091043e-01;6.862887e-02;6.467722e-02;5.725347e-02
1.152860e-01;6.860292e-02;8.782057e-02;4.480105e-02;3.935946e-02;3.027324e-02;1.555192e-01;7.134929e-02;1.308583e-01;1.046302e-01;7.836064e-02;7.313920e-02
8.190356e-02;4.511654e-02;1.249008e-01;3.546677e-02;3.329392e-02;3.034502e-02;1.820164e-01;5.992136e-02;9.291646e-02;1.324651e-01;9.545653e-02;8.619758e-02
4.484473e-02;7.478733e-02;1.445692e-01;2.637851e-02;3.647644e-02;2.562392e-02;2.198647e-01;6.103697e-02;5.330879e-02;1.053259e-01;1.303810e-01;7.740246e-02
8.425170e-02;1.288988e-01;1.186131e-01;2.163840e-02;4.774446e-02;2.635577e-02;2.286269e-01;5.337512e-02;3.724924e-02;4.599603e-02;1.565185e-01;5.073210e-02
1.809143e-01;1.531183e-01;8.501709e-02;1.717713e-02;5.693713e-02;4.121762e-02;1.675770e-01;3.413637e-02;2.775585e-02;4.267627e-02;1.240108e-01;6.946214e-02
2.676083e-01;1.505545e-01;7.649983e-02;2.205871e-02;6.044089e-02;3.895009e-02;1.253213e-01;1.840112e-02;2.859490e-02;5.651798e-02;7.711266e-02;7.793977e-02
2.397148e-01;1.522703e-01;8.242518e-02;2.946594e-02;5.585647e-02;1.877948e-02;1.180282e-01;2.730393e-02;3.705794e-02;6.010803e-02;1.112764e-01;6.771336e-02
1.132313e-01;1.620600e-01;4.784987e-02;3.841401e-02;7.528765e-02;2.797093e-02;1.445083e-01;4.707699e-02;4.779668e-02;8.025258e-02;1.289624e-01;8.658936e-02
1.048079e-01;1.456976e-01;1.029474e-01;3.679165e-02;6.445563e-02;3.750015e-02;1.331250e-01;5.119732e-02;7.443975e-02;7.972221e-02;6.854510e-02;1.007702e-01
1.082346e-01;1.104368e-01;1.244974e-01;4.470763e-02;5.524139e-02;4.240798e-02;1.335025e-01;5.069913e-02;9.433182e-02;8.471134e-02;4.928921e-02;1.019401e-01
8.969839e-02;7.200939e-02;1.065815e-01;4.211968e-02;4.792012e-02;4.365330e-02;1.313507e-01;4.786359e-02;1.116675e-01;1.881577e-01;5.494186e-02;6.403620e-02
1.255862e-01;5.700095e-02;1.492434e-01;5.214368e-02;4.502947e-02;4.289956e-02;1.012887e-01;6.238593e-02;7.980726e-02;1.697379e-01;6.636457e-02;4.851227e-02
1.222568e-01;7.823218e-02;1.499122e-01;6.804248e-02;5.895247e-02;4.616021e-02;1.085589e-01;4.441379e-02;5.736827e-02;7.622654e-02;1.098655e-01;8.001067e-02
