5.168655e-02;7.825886e-02;1.385376e-01;7.797223e-02;6.815282e-02;8.548409e-02;8.221944e-02;1.341893e-01;7.273302e-02;8.939956e-02;5.091852e-02;7.044796e-02
9.227924e-02;7.714695e-02;1.419235e-01;7.025424e-02;6.582920e-02;5.546071e-02;1.860576e-01;6.819757e-02;4.223583e-02;7.638727e-02;5.596460e-02;6.826328e-02
8.385252e-02;4.077842e-02;8.945412e-02;3.731159e-02;7.907665e-02;1.009988e-01;3.551098e-01;6.471815e-02;3.551715e-02;5.476518e-02;2.567282e-02;3.274478e-02
7.671542e-02;3.633152e-02;8.432844e-02;3.309688e-02;1.000093e-01;1.529621e-01;3.464530e-01;5.126936e-02;3.046789e-02;4.052757e-02;2.085833e-02;2.698024e-02
6.069630e-02;3.084026e-02;7.994017e-02;3.383977e-02;1.433990e-01;2.041646e-01;3.084592e-01;3.364541e-02;2.461625e-02;2.839875e-02;1.649423e-02;3.550600e-02
3.649867e-02;1.916612e-02;1.166697e-01;5.204866e-02;2.371400e-01;2.053855e-01;1.944456e-01;1.489195e-02;2.569670e-02;1.766341e-02;2.477029e-02;5.562339e-02
1.293140e-02;1.178620e-02;2.794406e-01;8.708382e-02;2.130930e-01;1.118268e-01;1.190246e-01;1.105817e-02;2.641287e-02;1.697485e-02;5.226431e-02;5.810331e-02
2.211693e-02;1.916537e-02;4.533541e-01;9.552626e-02;1.104299e-01;4.091735e-02;9.277506e-02;1.725361e-02;2.043665e-02;2.589279e-02;6.318089e-02;3.895109e-02
2.466025e-02;3.618689e-02;5.126125e-01;7.548661e-02;5.702369e-02;2.559358e-02;1.312621e-01;2.239598e-02;2.464454e-02;2.736938e-02;4.734719e-02;1.541728e-02
2.829711e-02;4.634172e-02;4.212283e-01;3.829265e-02;8.419234e-02;5.350943e-02;1.900912e-01;2.369913e-02;3.637251e-02;2.344591e-02;2.856172e-02;2.596800e-02
2.838074e-02;5.208677e-02;4.599195e-01;3.304051e-02;1.044137e-01;6.138613e-02;1.301739e-01;2.509285e-02;3.363249e-02;1.809879e-02;3.942155e-02;1.435302e-02
5.601904e-02;5.051280e-02;4.281341e-01;5.214387e-02;1.098359e-01;6.120656e-02;8.242790e-02;2.855213e-02;1.908820e-02;2.135970e-02;5.328420e-02;3.743560e-02
6.990071e-02;7.464857e-02;3.408352e-01;6.458057e-02;1.035388e-01;8.188383e-02;6.840993e-02;3.710011e-02;2.489080e-02;2.722204e-02;6.164839e-02;4.534096e-02
5.862249e-02;6.812484e-02;4.098291e-01;4.993303e-02;8.167234e-02;1.116764e-01;4.672552e-02;3.109103e-02;3.336591e-02;2.958734e-02;4.330479e-02;3.606721e-02
3.466801e-02;2.763867e-02;3.550039e-01;1.035216e-01;1.096175e-01;8.651912e-02;1.179330e-01;2.373477e-02;3.566077e-02;4.093601e-02;4.342016e-02;2.134646e-02
4.537572e-02;1.798399e-02;1.668425e-01;9.439588e-02;1.393703e-01;1.211529e-01;2.243696e-01;2.085872e-02;3.557052e-02;5.236865e-02;4.275908e-02;3.895215e-02
5.711220e-02;1.882483e-02;5.862417e-02;5.133577e-02;9.121788e-02;1.951642e-01;3.355624e-01;2.024211e-02;3.181994e-02;8.584622e-02;2.578228e-02;2.846802e-02
5.005695e-02;1.707873e-02;2.019783e-02;3.110233e-02;4.219533e-02;2.187224e-01;4.385596e-01;2.544053e-02;2.472755e-02;1.085931e-01;1.231287e-02;1.101288e-02
4.167183e-02;1.724089e-02;1.137796e-02;2.736209e-02;3.647002e-02;1.829900e-01;5.312870e-01;3.961243e-02;1.787917e-02;7.985339e-02;9.003039e-03;5.252168e-03
4.534533e-02;1.419311e-02;1.140133e-02;3.040023e-02;2.544884e-02;1.625126e-01;5.659425e-01;5.790303e-02;1.009702e-02;6.155456e-02;1.080346e-02;4.398000e-03
6.550632e-02;1.691763e-02;1.243318e-02;3.092804e-02;2.698927e-02;2.188414e-01;4.668479e-01;5.255665e-02;1.397757e-02;7.782103e-02;1.119955e-02;5.981406e-03
9.286398e-02;2.011781e-02;1.175584e-02;2.672355e-02;4.684021e-02;3.193954e-01;2.925821e-01;4.086637e-02;1.533321e-02;1.202177e-01;8.836116e-03;4.467781e-03
8.670635e-02;2.095623e-02;1.946015e-02;2.527695e-02;7.742067e-02;3.287425e-01;2.263780e-01;4.204879e-02;1.390854e-02;1.401478e-01;1.169380e-02;7.260213e-03
4.811238e-02;2.970409e-02;6.857654e-02;3.452830e-02;1.022155e-01;2.442953e-01;2.781905e-01;3.296205e-02;2.768472e-02;1.091554e-01;1.553040e-02;9.044766e-03
3.884263e-02;2.661430e-02;1.262766e-01;4.446790e-02;8.367857e-02;1.759966e-01;2.931063e-01;3.735204e-02;3.973820e-02;1.093243e-01;1.786900e-02;6.733695e-03
5.855939e-02;2.333481e-02;1.190888e-01;4.877307e-02;5.816541e-02;1.283389e-01;3.062083e-01;2.989978e-02;3.867358e-02;1.643364e-01;1.646149e-02;8.159969e-03
1.016454e-01;1.313552e-02;7.583479e-02;3.405852e-02;3.968236e-02;1.613093e-01;2.830755e-01;4.426992e-02;3.449492e-02;1.733195e-01;2.202418e-02;1.715006e-02
1.333026e-01;8.786741e-03;5.706381e-02;3.737594e-02;5.995953e-02;1.397569e-01;3.375163e-01;4.873898e-02;2.712708e-02;1.167040e-01;2.196408e-02;1.170398e-02
1.419889e-01;1.299946e-02;6.018336e-02;3.719129e-02;5.933956e-02;8.998241e-02;4.084709e-01;6.100537e-02;3.145805e-02;7.585466e-02;1.354258e-02;7.983444e-03
1.447811e-01;3.142268e-02;2.516762e-02;3.760263e-02;4.307486e-02;9.257243e-02;4.200969e-01;5.835411e-02;3.580737e-02;9.225340e-02;9.553537e-03;9.313396e-03
1.235987e-01;2.641240e-02;4.483226e-02;2.667137e-02;3.524052e-02;1.839867e-01;3.273395e-01;3.448214e-02;3.071217e-02;1.500974e-01;7.744013e-03;8.882833e-03
1.265605e-01;2.141080e-02;5.490939e-02;2.743986e-02;5.357555e-02;1.758153e-01;2.555579e-01;4.148327e-02;2.955224e-02;1.890661e-01;1.240509e-02;1.222399e-02
1.293776e-01;5.207993e-02;3.073543e-02;4.253970e-02;5.968164e-02;8.201261e-02;3.022633e-01;4.340676e-02;3.463987e-02;1.781930e-01;2.541177e-02;1.965845e-02
1.100062e-01;3.802997e-02;4.232539e-02;5.144620e-02;5.307348e-02;9.878992e-02;3.405855e-01;6.033874e-02;3.886340e-02;1.079959e-01;3.183991e-02;2.670543e-02
9.072673e-02;2.849036e-02;3.643922e-02;5.683459e-02;5.334703e-02;1.640072e-01;3.577840e-01;7.048419e-02;2.426231e-02;7.464933e-02;2.750401e-02;1.547102e-02
8.318914e-02;1.969687e-02;3.804837e-02;4.930899e-02;5.815289e-02;2.459710e-01;3.477749e-01;5.251463e-02;1.369160e-02;5.417351e-02;1.706067e-02;2.041739e-02
7.323439e-02;1.272570e-02;1.098115e-01;3.127338e-02;1.231667e-01;2.386491e-01;2.412273e-01;3.289332e-02;5.321702e-02;2.090543e-02;9.583687e-03;5.331237e-02
5.206057e-02;7.379266e-03;1.588891e-01;2.615879e-02;2.168900e-01;1.364932e-01;1.437065e-01;1.606847e-02;1.197019e-01;1.393351e-02;7.062151e-03;1.016565e-01
3.931207e-02;6.302956e-03;1.166081e-01;3.331449e-02;2.926107e-01;6.383743e-02;1.098151e-01;1.895020e-02;1.489684e-01;1.391274e-02;8.153672e-03;1.482142e-01
3.357794e-02;1.320803e-02;5.858068e-02;5.642692e-02;2.944156e-01;2.917155e-02;1.186562e-01;2.459757e-02;1.076039e-01;3.951341e-02;3.405802e-02;1.901902e-01
3.026099e-02;4.455369e-02;7.511625e-02;1.001084e-01;1.971787e-01;2.404708e-02;7.236829e-02;2.677904e-02;4.544540e-02;1.086294e-01;8.894978e-02;1.865630e-01
2.297116e-02;6.817365e-02;1.307080e-01;1.283865e-01;1.245938e-01;2.430500e-02;6.111694e-02;4.712382e-02;2.595219e-02;1.457415e-01;1.341053e-01;8.682211e-02
2.323386e-02;6.851909e-02;1.558312e-01;1.484827e-01;9.530250e-02;3.745114e-02;6.287123e-02;7.514614e-02;2.740238e-02;1.218632e-01;1.429825e-01;4.091410e-02
2.131268e-02;1.103610e-01;1.140148e-01;1.606990e-01;1.001494e-01;5.730048e-02;7.167000e-02;8.179894e-02;2.853089e-02;9.941153e-02;1.132989e-01;4.145224e-02
1.790630e-02;9.152631e-02;1.122288e-01;1.243195e-01;1.553002e-01;7.133184e-02;6.308623e-02;5.517501e-02;1.962565e-02;1.358320e-01;5.967598e-02;9.399218e-02
2.275580e-02;4.934446e-02;7.660828e-02;8.672689e-02;1.989527e-01;5.365369e-02;5.118391e-02;2.781257e-02;2.438300e-02;1.353947e-01;3.668250e-02;2.365015e-01
3.054795e-02;6.389406e-02;6.605679e-02;7.816353e-02;1.457415e-01;3.060585e-02;4.129844e-02;2.087953e-02;2.578918e-02;9.370063e-02;4.185287e-02;3.614696e-01
3.602785e-02;5.375990e-02;5.296741e-02;6.407719e-02;2.492955e-01;1.797575e-02;3.500980e-02;1.826187e-02;2.272945e-02;6.388828e-02;2.146830e-02;3.645386e-01
2.463956e-02;2.887195e-02;4.492637e-02;4.257303e-02;3.764336e-01;1.561617e-02;5.071322e-02;1.371623e-02;2.895236e-02;3.218226e-02;1.181028e-02;3.295650e-01
2.191149e-02;2.253392e-02;3.912147e-02;3.818035e-02;4.584871e-01;2.251217e-02;3.214628e-02;8.177978e-03;2.800776e-02;2.932703e-02;1.887029e-02;2.807242e-01
2.361099e-02;1.559628e-02;3.701787e-02;2.736715e-02;5.353329e-01;2.138871e-02;3.122529e-02;7.533724e-03;1.894574e-02;2.407158e-02;1.324768e-02;2.446620e-01
1.150599e-02;1.177397e-02;3.207381e-02;3.280853e-02;5.960290e-01;1.917170e-02;3.459780e-02;8.117612e-03;1.135343e-02;2.364807e-02;1.700903e-02;2.019111e-01
1.268346e-02;1.210394e-02;3.167404e-02;3.343189e-02;6.072680e-01;2.473008e-02;3.967991e-02;5.662347e-03;2.359506e-02;1.349122e-02;1.135505e-02;1.843249e-01
7.352284e-03;1.109091e-02;2.984952e-02;2.729117e-02;6.250085e-01;1.910715e-02;4.088520e-02;3.314478e-03;4.544248e-02;6.951932e-03;5.350175e-03;1.783562e-01
9.114718e-03;6.737479e-03;4.454424e-02;2.786739e-02;5.911372e-01;2.261378e-02;3.183000e-02;4.481010e-03;7.545312e-02;1.144979e-02;1.073706e-02;1.640343e-01
2.865821e-02;5.819350e-03;7.178869e-02;2.692556e-02;4.872283e-01;4.922553e-02;2.647967e-02;5.824402e-03;1.182582e-01;1.413193e-02;1.005430e-02;1.556059e-01
7.795413e-02;1.157274e-02;9.116150e-02;1.006805e-02;3.615977e-01;1.078173e-01;2.857159e-02;9.344959e-03;1.541446e-01;1.038672e-02;1.032948e-02;1.270512e-01
1.475674e-01;1.372182e-02;7.968645e-02;1.893926e-02;2.597563e-01;1.510879e-01;3.052715e-02;2.018558e-02;1.036955e-01;2.326200e-02;1.085406e-02;1.407166e-01
1.639166e-01;1.241432e-02;5.102088e-02;2.995721e-02;1.930602e-01;1.900494e-01;4.236235e-02;3.445814e-02;3.254770e-02;3.321658e-02;9.967077e-03;2.070295e-01
1.626523e-01;7.582209e-03;5.810170e-02;2.306301e-02;1.555577e-01;2.026910e-01;5.233524e-02;3.934659e-02;5.221342e-02;4.016223e-02;2.495312e-02;1.813415e-01
1.724456e-01;1.184978e-02;8.108820e-02;3.551464e-02;2.314301e-01;1.743241e-01;4.764570e-02;3.091394e-02;5.750990e-02;4.384176e-02;3.725390e-02;7.618251e-02
1.424399e-01;2.073251e-02;1.156999e-01;3.980253e-02;2.620019e-01;1.057626e-01;5.072081e-02;2.330068e-02;7.976100e-02;4.015016e-02;2.801398e-02;9.161405e-02
1.283698e-01;2.626865e-02;1.324593e-01;4.714138e-02;2.753211e-01;6.859642e-02;5.663546e-02;1.933580e-02;8.408156e-02;3.859044e-02;1.330689e-02;1.098932e-01
1.189386e-01;2.500173e-02;1.617430e-01;4.848911e-02;2.899373e-01;6.020732e-02;3.036471e-02;1.748201e-02;5.893065e-02;3.324339e-02;1.523639e-02;1.404258e-01
9.590504e-02;3.324744e-02;2.146533e-01;4.438009e-02;2.604818e-01;6.958029e-02;4.141572e-02;1.533212e-02;8.770886e-02;3.122673e-02;9.198743e-03;9.686992e-02
4.817699e-02;2.824432e-02;1.735332e-01;9.613871e-02;2.077448e-01;9.735525e-02;7.432245e-02;2.159342e-02;8.400779e-02;4.848036e-02;1.579984e-02;1.046029e-01
5.628880e-02;2.131071e-02;7.227416e-02;8.737052e-02;2.852962e-01;8.470548e-02;8.327100e-02;2.404291e-02;7.589571e-02;5.030472e-02;1.940424e-02;1.398355e-01
5.161265e-02;1.113787e-02;8.023721e-02;5.076807e-02;3.267830e-01;9.507848e-02;8.160982e-02;1.517068e-02;1.177364e-01;3.016183e-02;1.749801e-02;1.222059e-01
6.929630e-02;1.754834e-02;1.194472e-01;3.996762e-02;3.185632e-01;1.282246e-01;5.881322e-02;9.267103e-03;1.576833e-01;2.098156e-02;1.146950e-02;4.873811e-02
7.433950e-02;1.520183e-02;1.130503e-01;4.933456e-02;2.662084e-01;1.212071e-01;7.017807e-02;1.181257e-02;1.528411e-01;1.546478e-02;9.183480e-03;1.011783e-01
7.370224e-02;1.749547e-02;1.693475e-01;6.160188e-02;2.189548e-01;8.544330e-02;8.272676e-02;1.782438e-02;1.254370e-01;2.003293e-02;1.312647e-02;1.143073e-01
6.978489e-02;2.768899e-02;2.589908e-01;9.625269e-02;2.057484e-01;4.041473e-02;7.541445e-02;1.991490e-02;8.619535e-02;3.171517e-02;4.220444e-02;4.567512e-02
6.956978e-02;1.669811e-02;3.145701e-01;9.275609e-02;1.933102e-01;3.796586e-02;5.763023e-02;1.376167e-02;4.691155e-02;3.324668e-02;4.719204e-02;7.638779e-02
6.025092e-02;1.866381e-02;3.456533e-01;6.830943e-02;2.012110e-01;5.689816e-02;3.870848e-02;1.036429e-02;3.742409e-02;3.045328e-02;3.048689e-02;1.015763e-01
6.205700e-02;2.006169e-02;3.581618e-01;5.266974e-02;2.063116e-01;5.375491e-02;4.204979e-02;1.420516e-02;3.733343e-02;5.534618e-02;1.696995e-02;8.107883e-02
4.952276e-02;1.842632e-02;3.786772e-01;3.214462e-02;2.223765e-01;5.283030e-02;6.201854e-02;1.254301e-02;3.403751e-02;6.452954e-02;2.133805e-02;5.155565e-02
3.418988e-02;2.165088e-02;4.536298e-01;4.600898e-02;1.675946e-01;4.928541e-02;5.365466e-02;1.137663e-02;3.206988e-02;4.738557e-02;1.780944e-02;6.534427e-02
2.890970e-02;2.245089e-02;5.342988e-01;5.781808e-02;6.918758e-02;5.020133e-02;5.582435e-02;1.721108e-02;3.629055e-02;3.108614e-02;2.098626e-02;7.573523e-02
5.642414e-02;1.126188e-02;4.444203e-01;8.465667e-02;1.113686e-01;4.325687e-02;4.004421e-02;2.203215e-02;3.874385e-02;2.544442e-02;2.788939e-02;9.445749e-02
7.138976e-02;8.562252e-03;2.798736e-01;1.491244e-01;1.491055e-01;3.684248e-02;2.085398e-02;2.786316e-02;5.757498e-02;2.450784e-02;6.923957e-02;1.050624e-01
6.362860e-02;1.917977e-02;1.559267e-01;1.478933e-01;2.059049e-01;5.670297e-02;7.072619e-02;2.095679e-02;5.670512e-02;3.606584e-02;7.705441e-02;8.925534e-02
3.442029e-02;1.874119e-02;1.170435e-01;7.388850e-02;2.468187e-01;1.185210e-01;1.216555e-01;1.924422e-02;4.692493e-02;3.441148e-02;4.256449e-02;1.257663e-01
2.562780e-02;1.547945e-02;1.031582e-01;2.098654e-02;2.816153e-01;2.128707e-01;1.237946e-01;1.732421e-02;5.617287e-02;2.657322e-02;2.171735e-02;9.467980e-02
2.716734e-02;1.387954e-02;1.026883e-01;2.210555e-02;3.074170e-01;2.452504e-01;5.920442e-02;1.270297e-02;7.565023e-02;2.054512e-02;7.528443e-03;1.058606e-01
2.313581e-02;9.801489e-03;1.038702e-01;3.613921e-02;2.995366e-01;1.810678e-01;6.394921e-02;8.910320e-03;8.766947e-02;2.255423e-02;9.854336e-03;1.535114e-01
2.106951e-02;1.643404e-02;7.957055e-02;7.753462e-02;3.002912e-01;1.272104e-01;4.940250e-02;1.457643e-02;8.690587e-02;2.625601e-02;2.357582e-02;1.771731e-01
2.722108e-02;3.179684e-02;1.370051e-01;1.326618e-01;2.216924e-01;6.654879e-02;5.038439e-02;3.069605e-02;5.875628e-02;5.333326e-02;8.141940e-02;1.084845e-01
2.999963e-02;3.718715e-02;2.582974e-01;1.446660e-01;1.092805e-01;2.827931e-02;4.318895e-02;3.317168e-02;3.481112e-02;7.344342e-02;1.228395e-01;8.483531e-02
3.707540e-02;5.389019e-02;3.347610e-01;1.104335e-01;7.360625e-02;4.249429e-02;4.016552e-02;2.380035e-02;5.178284e-02;8.065206e-02;1.030755e-01;4.826315e-02
6.250620e-02;9.731568e-02;3.147277e-01;7.446738e-02;8.239336e-02;6.148823e-02;5.328397e-02;2.870677e-02;6.491461e-02;7.652613e-02;5.191114e-02;3.175886e-02
1.052741e-01;1.265744e-01;2.626353e-01;3.961484e-02;1.053333e-01;5.515723e-02;4.193228e-02;2.308369e-02;6.746549e-02;4.773251e-02;5.575250e-02;6.944436e-02
1.479533e-01;1.175863e-01;2.281565e-01;5.776354e-02;9.489890e-02;3.816801e-02;2.696806e-02;3.252692e-02;5.311399e-02;2.994034e-02;7.859544e-02;9.432868e-02
1.321948e-01;1.388212e-01;2.020551e-01;7.649007e-02;5.972496e-02;3.636390e-02;4.277309e-02;3.154868e-02;8.356611e-02;4.908472e-02;7.838904e-02;6.898837e-02
4.921984e-02;1.082710e-01;3.951868e-01;3.566307e-02;4.413014e-02;3.754608e-02;4.194329e-02;1.956515e-02;9.068650e-02;1.215946e-01;3.735883e-02;1.883475e-02
1.886722e-02;5.800482e-02;4.370276e-01;4.034943e-02;4.584180e-02;1.955785e-02;4.617756e-02;1.322698e-02;6.777348e-02;2.156545e-01;1.446530e-02;2.305342e-02
2.068852e-02;1.750332e-02;4.315155e-01;5.311650e-02;4.356299e-02;1.584730e-02;4.825306e-02;1.008429e-02;2.970903e-02;2.800149e-01;3.073736e-02;1.896726e-02
2.617590e-02;1.302842e-02;4.266922e-01;3.423069e-02;4.027258e-02;1.577404e-02;4.707992e-02;7.766719e-03;2.942943e-02;2.984938e-01;4.342401e-02;1.763226e-02
2.827824e-02;1.308066e-02;4.534370e-01;2.301667e-02;3.662204e-02;9.963069e-03;4.262185e-02;8.017565e-03;1.697771e-02;3.187147e-01;3.736071e-02;1.190979e-02
2.916792e-02;1.905284e-02;4.733367e-01;3.925994e-02;3.603876e-02;1.086695e-02;4.773548e-02;3.435059e-03;2.525035e-02;2.786177e-01;2.079047e-02;1.644790e-02
2.749210e-02;1.411090e-02;5.137345e-01;3.060137e-02;4.123576e-02;1.386362e-02;5.897658e-02;4.370808e-03;2.008459e-02;2.288103e-01;2.784373e-02;1.887581e-02
3.203818e-02;9.992599e-03;5.243117e-01;6.055732e-02;3.796518e-02;1.163430e-02;6.119886e-02;6.703620e-03;1.518511e-02;1.809196e-01;4.227043e-02;1.722319e-02
3.613236e-02;3.355313e-02;4.991922e-01;7.083175e-02;2.544109e-02;1.053597e-02;6.895916e-02;7.557181e-03;2.104418e-02;1.498599e-01;5.297843e-02;2.391461e-02
3.748618e-02;8.533909e-02;4.613968e-01;4.799176e-02;2.337542e-02;2.505104e-02;8.154309e-02;1.085754e-02;1.953668e-02;1.267019e-01;5.378951e-02;2.693100e-02
6.951623e-02;1.397554e-01;3.717548e-01;3.735443e-02;4.952528e-02;5.985248e-02;8.745169e-02;1.379317e-02;1.916190e-02;1.005550e-01;3.022730e-02;2.105235e-02
1.196367e-01;1.397078e-01;2.615626e-01;3.838065e-02;8.350854e-02;7.127793e-02;7.744971e-02;2.576463e-02;3.245283e-02;1.002466e-01;2.515389e-02;2.485817e-02
9.135100e-02;7.557502e-02;3.456167e-01;5.065306e-02;7.900337e-02;3.544372e-02;6.581618e-02;2.961678e-02;3.718865e-02;1.177270e-01;2.798959e-02;4.401900e-02
5.267505e-02;1.907578e-02;3.893100e-01;5.591799e-02;6.819159e-02;3.752283e-02;5.832326e-02;3.735936e-02;3.795484e-02;1.541872e-01;2.079514e-02;6.868694e-02
2.939073e-02;5.019133e-02;3.210031e-01;7.027351e-02;1.040346e-01;4.909521e-02;4.267143e-02;3.638041e-02;2.582272e-02;1.709545e-01;4.780471e-02;5.237773e-02
6.889341e-02;4.293996e-02;2.605751e-01;6.789352e-02;1.150987e-01;6.263398e-02;6.452992e-02;4.800561e-02;3.057812e-02;1.689136e-01;4.190642e-02;2.803161e-02
8.700348e-02;4.343691e-02;2.460377e-01;6.498867e-02;8.607947e-02;6.414781e-02;7.521085e-02;6.131458e-02;4.759331e-02;1.525498e-01;3.783187e-02;3.380556e-02
7.246713e-02;5.210854e-02;2.467527e-01;5.438295e-02;6.901673e-02;5.537335e-02;7.770965e-02;5.232072e-02;5.784683e-02;1.692650e-01;5.908055e-02;3.367585e-02
7.138599e-02;3.350373e-02;2.164972e-01;4.046749e-02;7.382796e-02;7.691775e-02;1.193852e-01;3.988616e-02;4.125530e-02;1.494132e-01;5.588123e-02;8.157892e-02
4.260184e-02;1.843952e-02;2.361347e-01;9.508469e-02;1.097074e-01;7.824505e-02;1.247444e-01;3.567492e-02;2.123400e-02;4.542367e-02;1.102047e-01;8.250508e-02
2.374510e-02;2.176710e-02;2.463066e-01;1.551963e-01;9.690512e-02;6.013944e-02;9.304747e-02;2.442543e-02;1.462810e-02;3.056382e-02;1.729766e-01;6.029896e-02
1.064966e-02;1.689914e-02;2.636342e-01;2.221488e-01;6.701653e-02;3.809287e-02;4.561795e-02;1.436340e-02;1.339947e-02;3.644285e-02;2.432962e-01;2.843885e-02
8.001894e-03;1.257277e-02;3.057629e-01;2.375796e-01;5.217348e-02;2.973751e-02;2.470346e-02;8.179139e-03;1.383976e-02;3.779323e-02;2.621049e-01;7.551301e-03
1.224400e-02;1.637977e-02;3.759523e-01;1.897211e-01;4.491243e-02;2.168746e-02;2.253751e-02;1.030591e-02;1.657550e-02;3.933845e-02;2.405830e-01;9.762672e-03
2.967600e-02;1.127173e-02;4.223162e-01;1.093619e-01;3.405075e-02;1.593316e-02;5.057468e-02;9.955068e-03;2.528233e-02;7.339697e-02;2.080473e-01;1.013383e-02
3.961704e-02;1.294353e-02;4.687861e-01;6.696470e-02;3.014054e-02;8.460456e-03;6.835440e-02;8.323408e-03;3.022280e-02;1.177727e-01;1.359835e-01;1.243071e-02
3.774943e-02;1.178435e-02;5.211393e-01;6.088853e-02;4.895728e-02;1.023625e-02;7.681324e-02;1.031411e-02;2.545042e-02;1.429466e-01;4.346909e-02;1.025145e-02
2.445778e-02;1.707185e-02;5.373276e-01;7.691098e-02;4.630324e-02;1.265378e-02;8.295074e-02;9.583258e-03;1.433811e-02;1.269318e-01;4.552404e-02;5.946831e-03
1.678398e-02;3.391206e-02;5.642208e-01;5.337227e-02;4.306246e-02;1.923941e-02;7.323045e-02;1.289237e-02;2.021912e-02;1.102824e-01;4.004159e-02;1.274297e-02
1.977818e-02;6.655701e-02;5.566232e-01;3.716434e-02;4.011399e-02;4.005503e-02;4.772810e-02;1.724601e-02;2.469929e-02;9.239812e-02;4.403314e-02;1.360360e-02
3.086937e-02;9.836145e-02;5.221102e-01;4.021505e-02;2.863937e-02;6.323458e-02;3.762713e-02;2.155115e-02;3.154242e-02;5.715395e-02;5.248627e-02;1.620903e-02
3.271860e-02;1.140043e-01;4.945005e-01;5.500147e-02;3.479190e-02;7.295397e-02;4.044263e-02;2.561353e-02;4.201603e-02;2.188422e-02;4.373527e-02;2.233761e-02
3.856022e-02;9.493003e-02;4.800636e-01;6.104087e-02;3.925944e-02;5.862587e-02;6.467565e-02;2.690369e-02;4.606947e-02;4.785619e-02;2.115111e-02;2.086384e-02
4.023473e-02;6.741779e-02;4.617904e-01;8.093981e-02;4.708132e-02;4.968929e-02;6.093494e-02;3.158106e-02;5.158681e-02;5.961784e-02;2.461660e-02;2.450947e-02
4.552273e-02;3.133626e-02;4.253815e-01;9.042870e-02;5.397497e-02;4.705470e-02;5.057628e-02;3.604623e-02;6.050202e-02;7.905291e-02;4.239495e-02;3.772879e-02
4.452226e-02;3.312997e-02;3.805125e-01;9.251612e-02;5.290690e-02;4.757685e-02;7.239691e-02;3.072803e-02;5.408504e-02;8.805219e-02;5.878444e-02;4.478876e-02
4.602107e-02;4.132838e-02;3.798772e-01;9.687016e-02;4.192609e-02;4.129492e-02;7.748112e-02;2.584249e-02;4.379213e-02;1.008758e-01;7.150750e-02;3.318304e-02
3.768875e-02;4.906280e-02;3.785917e-01;9.228662e-02;3.489752e-02;3.627673e-02;5.820439e-02;3.302929e-02;4.321557e-02;1.080730e-01;9.733982e-02;3.133385e-02
4.005856e-02;5.435478e-02;3.552973e-01;8.513032e-02;5.181323e-02;4.295961e-02;4.441092e-02;3.914127e-02;4.605802e-02;8.774528e-02;1.185430e-01;3.448771e-02
3.756460e-02;4.904712e-02;3.389312e-01;6.709656e-02;6.588613e-02;4.296089e-02;5.410822e-02;3.313955e-02;6.193684e-02;8.307551e-02;1.214545e-01;4.479890e-02
3.231238e-02;5.246513e-02;3.052836e-01;6.947780e-02;6.476079e-02;3.463240e-02;4.702659e-02;5.414870e-02;6.934848e-02;1.029408e-01;1.319814e-01;3.562196e-02
3.726914e-02;6.501144e-02;2.965815e-01;8.986177e-02;6.089721e-02;5.094574e-02;6.480746e-02;4.984051e-02;5.822224e-02;9.497795e-02;1.153705e-01;1.621463e-02
6.053955e-02;6.412632e-02;2.639913e-01;9.822386e-02;5.293949e-02;7.080995e-02;8.136919e-02;5.840404e-02;5.935213e-02;7.247840e-02;8.892456e-02;2.884116e-02
7.348893e-02;5.140646e-02;1.987154e-01;7.707836e-02;4.986903e-02;8.473805e-02;1.156422e-01;7.848912e-02;5.765644e-02;7.348327e-02;9.466467e-02;4.476806e-02
6.643557e-02;7.286943e-02;1.724762e-01;5.823791e-02;6.431348e-02;6.073328e-02;1.490103e-01;6.897459e-02;4.552634e-02;8.822333e-02;9.617509e-02;5.702445e-02
3.688235e-02;1.166989e-01;1.442594e-01;6.360155e-02;4.480910e-02;4.372913e-02;1.410387e-01;5.015392e-02;7.381225e-02;1.037626e-01;1.192738e-01;6.197839e-02
7.039623e-02;9.673198e-02;1.627682e-01;1.021026e-01;5.708295e-02;4.192981e-02;1.156740e-01;4.471916e-02;6.051638e-02;7.471241e-02;1.080346e-01;6.533160e-02
8.177008e-02;7.271803e-02;1.856792e-01;1.077496e-01;5.353316e-02;4.951279e-02;1.181770e-01;5.114210e-02;3.742788e-02;7.944980e-02;1.042565e-01;5.858401e-02
8.061155e-02;8.557633e-02;2.243129e-01;5.725137e-02;4.671030e-02;5.212650e-02;1.090736e-01;6.095312e-02;4.569667e-02;1.024551e-01;1.040957e-01;3.113688e-02
6.943464e-02;7.049117e-02;2.567051e-01;6.956611e-02;5.570379e-02;5.422052e-02;9.648553e-02;9.322618e-02;3.916456e-02;1.000146e-01;7.487186e-02;2.011590e-02
5.025574e-02;5.118363e-02;2.294678e-01;1.033548e-01;6.095225e-02;5.808002e-02;1.130923e-01;1.058629e-01;5.286778e-02;8.746484e-02;5.460523e-02;3.281260e-02
5.461570e-02;5.068870e-02;2.131992e-01;1.207828e-01;7.527274e-02;5.381091e-02;1.124309e-01;9.774774e-02;6.536664e-02;7.958732e-02;5.203814e-02;2.445932e-02
8.235554e-02;4.326444e-02;2.511921e-01;9.643924e-02;1.083230e-01;6.328265e-02;1.459129e-01;5.901313e-02;3.924472e-02;6.028728e-02;2.616657e-02;2.451847e-02
1.132336e-01;8.892807e-02;2.422899e-01;5.790467e-02;9.459614e-02;7.592018e-02;1.521486e-01;4.793657e-02;4.714393e-02;2.683467e-02;2.516882e-02;2.789486e-02
1.861466e-01;1.287647e-01;1.988317e-01;3.844507e-02;7.033312e-02;7.743319e-02;1.270114e-01;5.291941e-02;4.567036e-02;2.095741e-02;2.347250e-02;3.001437e-02
2.947708e-01;1.587414e-01;1.419825e-01;2.787118e-02;4.682858e-02;6.791814e-02;8.473902e-02;6.579678e-02;3.758287e-02;1.973926e-02;2.114582e-02;3.288366e-02
3.605894e-01;1.217187e-01;8.498182e-02;2.903045e-02;2.698363e-02;5.910794e-02;1.044270e-01;8.315673e-02;4.605466e-02;2.201821e-02;1.667419e-02;4.525730e-02
3.555358e-01;3.337582e-02;2.705734e-02;2.437233e-02;2.364334e-02;9.065972e-02;1.470008e-01;1.094342e-01;9.032932e-02;1.663104e-02;1.483296e-02;6.712733e-02
3.322661e-01;4.277389e-02;3.932888e-02;1.946457e-02;1.826499e-02;9.104224e-02;1.306480e-01;1.021466e-01;1.105428e-01;2.355938e-02;1.554000e-02;7.442258e-02
3.294054e-01;4.720028e-02;4.203052e-02;1.713189e-02;1.178085e-02;1.181022e-01;1.173269e-01;8.629747e-02;1.167627e-01;2.765432e-02;1.558226e-02;7.072519e-02
2.916545e-01;4.147178e-02;4.828550e-02;1.353618e-02;1.392105e-02;1.496652e-01;1.002726e-01;1.125737e-01;1.283918e-01;2.602812e-02;1.214234e-02;6.205715e-02
2.433067e-01;3.720306e-02;3.257743e-02;2.089076e-02;1.109795e-02;1.716484e-01;1.124390e-01;1.358234e-01;1.117317e-01;4.424945e-02;1.584959e-02;6.318256e-02
1.994101e-01;1.072347e-02;3.398022e-02;4.645736e-02;1.578394e-02;1.630633e-01;1.336110e-01;1.708565e-01;1.021244e-01;4.720457e-02;1.168407e-02;6.510109e-02
1.675797e-01;1.688239e-02;3.065702e-02;1.194043e-01;2.093892e-02;1.167850e-01;1.378353e-01;1.985066e-01;9.847075e-02;3.065269e-02;9.672924e-03;5.261446e-02
1.430887e-01;3.780364e-02;2.875694e-02;1.704902e-01;1.577005e-02;6.420533e-02;1.868571e-01;1.848758e-01;7.797252e-02;3.478934e-02;8.002213e-03;4.738824e-02
1.274760e-01;5.055325e-02;2.816627e-02;1.493817e-01;1.046088e-02;4.496125e-02;2.487168e-01;1.575502e-01;5.125298e-02;4.475234e-02;1.764269e-02;6.908566e-02
1.224012e-01;6.136300e-02;4.816389e-02;9.953026e-02;1.456241e-02;4.598345e-02;2.921080e-01;1.199703e-01;3.115571e-02;4.647584e-02;3.359940e-02;8.468652e-02
1.119436e-01;7.607955e-02;8.047768e-02;6.229274e-02;2.395224e-02;4.277224e-02;2.840209e-01;1.365410e-01;2.558151e-02;4.580424e-02;4.609608e-02;6.443823e-02
1.156783e-01;8.730847e-02;7.961984e-02;4.481952e-02;1.667714e-02;6.368511e-02;1.576100e-01;2.058502e-01;4.890127e-02;4.872062e-02;6.758052e-02;6.354896e-02
1.779508e-01;9.519135e-02;6.080895e-02;3.708811e-02;2.621310e-02;6.909268e-02;1.387849e-01;1.815139e-01;4.823852e-02;4.832354e-02;5.553972e-02;6.125450e-02
2.103374e-01;1.007745e-01;5.985035e-02;4.054711e-02;3.757336e-02;8.686674e-02;1.157306e-01;1.454313e-01;3.886943e-02;5.305470e-02;4.583607e-02;6.512851e-02
2.025650e-01;9.825038e-02;3.242780e-02;3.463605e-02;5.233296e-02;1.065194e-01;9.467927e-02;1.301071e-01;7.073022e-02;7.796901e-02;3.560619e-02;6.417663e-02
1.351838e-01;1.113795e-01;4.528907e-02;5.015703e-02;6.783521e-02;9.489754e-02;7.291275e-02;1.189969e-01;9.815702e-02;9.973959e-02;4.117917e-02;6.427245e-02
9.734304e-02;1.047325e-01;8.223599e-02;8.447360e-02;5.717545e-02;6.188709e-02;1.412032e-01;9.027497e-02;9.592780e-02;9.261587e-02;4.356006e-02;4.857051e-02
1.009192e-01;9.988258e-02;9.333906e-02;9.060915e-02;6.918602e-02;9.084598e-02;1.075004e-01;6.512241e-02;9.368471e-02;8.771718e-02;4.354074e-02;5.765259e-02
6.003517e-02;7.626180e-02;1.088340e-01;6.331067e-02;7.946725e-02;1.059906e-01;1.458549e-01;5.563085e-02;6.745170e-02;9.093879e-02;9.126936e-02;5.495491e-02
4.986225e-02;3.647071e-02;7.310968e-02;2.977571e-02;5.554141e-02;1.289156e-01;1.996923e-01;7.495039e-02;3.837550e-02;9.360877e-02;1.608443e-01;5.885336e-02
4.592657e-02;3.295708e-02;5.506608e-02;2.928963e-02;5.077244e-02;1.791808e-01;1.257872e-01;6.927770e-02;3.531121e-02;9.902677e-02;2.219133e-01;5.549119e-02
2.693714e-02;3.821366e-02;4.752347e-02;1.861049e-02;6.878987e-02;2.172083e-01;1.041175e-01;4.931720e-02;3.567266e-02;1.163036e-01;2.430442e-01;3.426195e-02
4.441413e-02;4.597063e-02;5.411023e-02;2.687621e-02;8.738039e-02;2.152806e-01;7.020543e-02;4.427679e-02;4.721204e-02;1.226923e-01;2.129140e-01;2.866734e-02
6.179590e-02;5.004364e-02;5.558873e-02;5.331796e-02;8.586258e-02;1.715593e-01;1.094057e-01;4.915778e-02;4.959284e-02;8.370935e-02;1.832701e-01;4.669600e-02
7.613288e-02;5.314245e-02;6.856085e-02;5.826901e-02;6.735590e-02;1.550625e-01;1.100364e-01;9.267329e-02;5.104301e-02;4.146958e-02;1.567102e-01;6.954388e-02
9.166972e-02;6.877621e-02;6.422395e-02;4.860085e-02;7.085898e-02;1.413281e-01;1.181854e-01;1.112450e-01;4.141234e-02;6.125654e-02;1.161012e-01;6.634167e-02
