1.068924e-01;1.211977e-01;4.451405e-01;7.229495e-02;3.467141e-02;1.885798e-02;6.464116e-02;1.104755e-02;1.307612e-02;3.167060e-02;3.117668e-02;4.933305e-02
7.305147e-02;9.598304e-02;4.452341e-01;1.086322e-01;7.552787e-02;2.664134e-02;4.837530e-02;1.340370e-02;8.320859e-03;2.779207e-02;4.373381e-02;3.330420e-02
3.301848e-02;5.097802e-02;3.262612e-01;1.180412e-01;1.776680e-01;7.339886e-02;6.823676e-02;1.451379e-02;1.285410e-02;1.714448e-02;6.816065e-02;3.972446e-02
1.533269e-02;2.548527e-02;1.484838e-01;6.444229e-02;2.344616e-01;1.769621e-01;2.040058e-01;1.139788e-02;1.624525e-02;1.148867e-02;4.989268e-02;4.180212e-02
2.421412e-02;2.724797e-02;1.069389e-01;2.911548e-02;1.649252e-01;2.447403e-01;3.333537e-01;1.272920e-02;1.019885e-02;1.243882e-02;1.669641e-02;1.740119e-02
3.542189e-02;3.144332e-02;5.616677e-02;2.438391e-02;1.172817e-01;2.588630e-01;4.338244e-01;9.689097e-03;6.707003e-03;1.233627e-02;7.475361e-03;6.407360e-03
2.729508e-02;3.296839e-02;1.946587e-02;2.358207e-02;8.993250e-02;1.908024e-01;5.774846e-01;9.852382e-03;9.985163e-03;7.291493e-03;5.536870e-03;5.803140e-03
1.435382e-02;3.745432e-02;2.160980e-02;1.430187e-02;5.295239e-02;1.195873e-01;6.952156e-01;1.754622e-02;1.369788e-02;5.701595e-03;3.500002e-03;4.079279e-03
3.619496e-03;3.896198e-02;2.527557e-02;7.449516e-03;3.553979e-02;7.486124e-02;7.586285e-01;2.550942e-02;1.820255e-02;4.517443e-03;4.742047e-03;2.692484e-03
6.327897e-03;3.353074e-02;2.254184e-02;3.371828e-03;3.619440e-02;5.578634e-02;7.823412e-01;3.139463e-02;1.913208e-02;4.633180e-03;1.840029e-03;2.905829e-03
7.137393e-03;3.324660e-02;4.408358e-03;5.445320e-03;2.424314e-02;6.262700e-02;8.035076e-01;3.355550e-02;1.606188e-02;4.698505e-03;2.869953e-03;2.198733e-03
1.936242e-02;2.546027e-02;5.860078e-03;7.182848e-03;3.717204e-02;8.733266e-02;7.612841e-01;3.182718e-02;1.161443e-02;3.921158e-03;5.246730e-03;3.736068e-03
3.204376e-02;1.299002e-02;4.665070e-02;1.428825e-02;8.930416e-02;1.188398e-01;6.298091e-01;2.620178e-02;8.296380e-03;3.615426e-03;7.371473e-03;1.058911e-02
3.050380e-02;1.270586e-02;1.488535e-01;2.621605e-02;1.200280e-01;1.124688e-01;4.928439e-01;1.719063e-02;6.324714e-03;3.470727e-03;1.071534e-02;1.867874e-02
2.281913e-02;1.859768e-02;2.424018e-01;3.448550e-02;8.366299e-02;6.924089e-02;4.622186e-01;1.714300e-02;1.005143e-02;1.001841e-02;1.127702e-02;1.808356e-02
2.057094e-02;2.477830e-02;2.455036e-01;2.961427e-02;3.465418e-02;4.053937e-02;5.319871e-01;2.137204e-02;1.654823e-02;1.597927e-02;7.620529e-03;1.083214e-02
2.416551e-02;2.900707e-02;7.365109e-02;1.930324e-02;5.692555e-02;5.188382e-02;6.774853e-01;2.628763e-02;1.633362e-02;1.310662e-02;7.417409e-03;4.433137e-03
1.762090e-02;2.201387e-02;1.242950e-01;2.132890e-02;5.092704e-02;6.802059e-02;6.438929e-01;2.190826e-02;1.085257e-02;6.948608e-03;7.241094e-03;4.950312e-03
1.505742e-02;2.826767e-02;1.085796e-01;1.564302e-02;4.223497e-02;8.549570e-02;6.596521e-01;2.382716e-02;7.702723e-03;4.961744e-03;4.389340e-03;4.188539e-03
2.812782e-02;2.493110e-02;6.946314e-02;2.775800e-02;6.035276e-02;8.574558e-02;4.978178e-01;5.797639e-02;6.729303e-02;3.998246e-02;2.511620e-02;1.543574e-02
5.775677e-02;2.857490e-02;7.307927e-02;4.705818e-02;7.244734e-02;6.332196e-02;2.624186e-01;8.713481e-02;1.300055e-01;8.130662e-02;4.969570e-02;4.720038e-02
6.375655e-02;1.645869e-02;8.010258e-02;4.492381e-02;7.968896e-02;5.191074e-02;2.251095e-01;7.002830e-02;1.298997e-01;8.522376e-02;6.764323e-02;8.525416e-02
6.447265e-02;1.585949e-02;8.588278e-02;3.776407e-02;1.062886e-01;6.229592e-02;2.275036e-01;2.817237e-02;7.822230e-02;5.569905e-02;7.899308e-02;1.588462e-01
4.552951e-02;2.034826e-02;1.407470e-01;1.020668e-01;1.345034e-01;6.115916e-02;1.419624e-01;1.622633e-02;2.886887e-02;2.322849e-02;8.686063e-02;1.984992e-01
4.251930e-02;2.042718e-02;2.608089e-01;2.168658e-01;1.128730e-01;3.500249e-02;6.114626e-02;2.408295e-02;1.256072e-02;1.447627e-02;7.387945e-02;1.253576e-01
2.930078e-02;4.367369e-02;4.135272e-01;2.219740e-01;5.458493e-02;2.374320e-02;6.693114e-02;2.488838e-02;1.550579e-02;2.913726e-02;4.092298e-02;3.581060e-02
2.038734e-02;9.201801e-02;4.422451e-01;1.324701e-01;3.578153e-02;4.259006e-02;1.053205e-01;2.403917e-02;3.636432e-02;3.560354e-02;1.939413e-02;1.378623e-02
3.759473e-02;1.376984e-01;3.105446e-01;5.657827e-02;2.815793e-02;8.681834e-02;1.287268e-01;4.143231e-02;1.059993e-01;3.185480e-02;1.236066e-02;2.223395e-02
9.523143e-02;1.540653e-01;1.679009e-01;1.886919e-02;3.191861e-02;8.982501e-02;1.065959e-01;7.106808e-02;1.735579e-01;2.768525e-02;4.544665e-02;1.783580e-02
1.783103e-01;1.236416e-01;8.729898e-02;2.105121e-02;5.255648e-02;4.286800e-02;6.582911e-02;1.338585e-01;1.413502e-01;2.526592e-02;1.120920e-01;1.587773e-02
2.263256e-01;7.239378e-02;8.534756e-02;2.273542e-02;5.557164e-02;1.893983e-02;6.658223e-02;1.861690e-01;6.736176e-02;2.350480e-02;1.464168e-01;2.865151e-02
2.194257e-01;3.124854e-02;6.539131e-02;3.472040e-02;3.511020e-02;4.390780e-02;1.298633e-01;1.711567e-01;4.572734e-02;5.899031e-02;9.990628e-02;6.455208e-02
1.914999e-01;6.908373e-02;5.280568e-02;5.140614e-02;2.237646e-02;4.771240e-02;1.751803e-01;1.124684e-01;4.011459e-02;8.161183e-02;4.639937e-02;1.093412e-01
1.428429e-01;9.938134e-02;8.003946e-02;5.101934e-02;2.092732e-02;4.587785e-02;1.616219e-01;9.463287e-02;5.295236e-02;6.969324e-02;6.287020e-02;1.181412e-01
1.151253e-01;1.058403e-01;1.135549e-01;4.367272e-02;3.566080e-02;5.091519e-02;1.397302e-01;1.038945e-01;5.215307e-02;4.869697e-02;9.452733e-02;9.622867e-02
2.228380e-01;6.153682e-02;1.433545e-01;3.644884e-02;3.689029e-02;2.593887e-02;7.640141e-02;1.236983e-01;3.866465e-02;5.310340e-02;9.642051e-02;8.470444e-02
2.191526e-01;6.271195e-02;1.241202e-01;2.916138e-02;3.287346e-02;4.364222e-02;9.825838e-02;9.706403e-02;3.442961e-02;6.784870e-02;1.167334e-01;7.400409e-02
1.890456e-01;4.864860e-02;1.300106e-01;2.615545e-02;3.295984e-02;6.099349e-02;1.020202e-01;7.249831e-02;2.986281e-02;8.113735e-02;1.697159e-01;5.695185e-02
1.224722e-01;3.426453e-02;1.221142e-01;4.534778e-02;2.955667e-02;6.998804e-02;1.221279e-01;7.711893e-02;1.419139e-02;1.188272e-01;2.104982e-01;3.349281e-02
7.503500e-02;4.256252e-02;9.479849e-02;6.022175e-02;2.654423e-02;8.375421e-02;1.606679e-01;7.246330e-02;2.237969e-02;1.184297e-01;2.132819e-01;2.986127e-02
7.203622e-02;2.346095e-02;9.804899e-02;7.402261e-02;2.407889e-02;9.111871e-02;1.455184e-01;5.919764e-02;3.848732e-02;1.112508e-01;2.303507e-01;3.242889e-02
3.768139e-02;2.952948e-02;6.344140e-02;1.417232e-01;3.040579e-02;7.845568e-02;1.347635e-01;5.554211e-02;3.641474e-02;1.155730e-01;2.420765e-01;3.439318e-02
3.051262e-02;5.239123e-02;4.514265e-02;1.816491e-01;3.660103e-02;6.863604e-02;1.308739e-01;5.297694e-02;3.091340e-02;1.367879e-01;1.976293e-01;3.588577e-02
3.440097e-02;1.201939e-01;5.410258e-02;1.400929e-01;5.011540e-02;6.019649e-02;1.171312e-01;6.908202e-02;3.101832e-02;1.359077e-01;1.514162e-01;3.634227e-02
4.988501e-02;1.721615e-01;3.706682e-02;9.180965e-02;5.243520e-02;6.213459e-02;9.395546e-02;8.260200e-02;3.786842e-02;1.325735e-01;1.225032e-01;6.500462e-02
5.278770e-02;1.357775e-01;4.973776e-02;6.651637e-02;6.789127e-02;5.680440e-02;9.108824e-02;7.592177e-02;4.085393e-02;1.755134e-01;8.629774e-02;1.008099e-01
4.964881e-02;9.987860e-02;9.273253e-02;3.766460e-02;1.006545e-01;4.338112e-02;9.693868e-02;5.048170e-02;4.219588e-02;2.163577e-01;8.614241e-02;8.392347e-02
2.556721e-02;7.247098e-02;5.379072e-02;5.849800e-02;1.223507e-01;5.082053e-02;8.864971e-02;4.173219e-02;6.141355e-02;2.330128e-01;1.274216e-01;6.427201e-02
4.127993e-02;4.755441e-02;1.152068e-01;5.663080e-02;9.431899e-02;5.441071e-02;9.252428e-02;4.757736e-02;7.087636e-02;1.782357e-01;1.493321e-01;5.205253e-02
5.760033e-02;5.878033e-02;1.785926e-01;3.682771e-02;6.547134e-02;5.122825e-02;1.780771e-01;5.186807e-02;5.601303e-02;1.376328e-01;8.385143e-02;4.405700e-02
6.855916e-02;8.846377e-02;1.727602e-01;3.755644e-02;5.644178e-02;5.819139e-02;1.741530e-01;4.811073e-02;4.247530e-02;1.393630e-01;6.774998e-02;4.617530e-02
5.068282e-02;8.530283e-02;9.891275e-02;6.052840e-02;9.532702e-02;6.487437e-02;8.015264e-02;8.322810e-02;7.148506e-02;1.464292e-01;9.419554e-02;6.888127e-02
6.256317e-02;8.470561e-02;1.643502e-01;5.497430e-02;1.181177e-01;7.272198e-02;1.078651e-01;8.467042e-02;7.161216e-02;8.343452e-02;5.521407e-02;3.977079e-02
1.157395e-01;9.579086e-02;1.907020e-01;4.083262e-02;7.874344e-02;5.672026e-02;7.913650e-02;6.356394e-02;6.682309e-02;7.680020e-02;8.057497e-02;5.457267e-02
1.319039e-01;1.157838e-01;1.556909e-01;4.917156e-02;6.079574e-02;4.281237e-02;4.350742e-02;6.053451e-02;7.211896e-02;1.073296e-01;1.005751e-01;5.977609e-02
9.129886e-02;1.118244e-01;9.736455e-02;8.070626e-02;7.924328e-02;3.132131e-02;1.895516e-02;6.624202e-02;8.524425e-02;1.731112e-01;1.071547e-01;5.753402e-02
3.637383e-02;7.755332e-02;5.110024e-02;8.666994e-02;1.250131e-01;4.408353e-02;5.166705e-02;5.819675e-02;1.104231e-01;2.426570e-01;7.676753e-02;3.949473e-02
3.698009e-02;4.120972e-02;7.147072e-02;6.461640e-02;1.198835e-01;8.092792e-02;9.740648e-02;5.540825e-02;1.152902e-01;2.457891e-01;4.913277e-02;2.188480e-02
6.243183e-02;3.040491e-02;6.734423e-02;4.267692e-02;7.559440e-02;8.845086e-02;1.154636e-01;6.695349e-02;1.127962e-01;2.564263e-01;5.385565e-02;2.760158e-02
4.276405e-02;4.449517e-02;2.961415e-02;3.719797e-02;1.338882e-01;5.405774e-02;7.423124e-02;7.740000e-02;1.049078e-01;2.704518e-01;9.382102e-02;3.717070e-02
3.803898e-02;4.406494e-02;7.802121e-02;4.642568e-02;1.720771e-01;3.328089e-02;4.146092e-02;8.076807e-02;1.049126e-01;2.189239e-01;9.985645e-02;4.216927e-02
6.736052e-02;3.342477e-02;1.285526e-01;4.279936e-02;1.503646e-01;3.392093e-02;6.415878e-02;6.814515e-02;9.027022e-02;2.034706e-01;8.039575e-02;3.713669e-02
7.939900e-02;4.270852e-02;1.565251e-01;2.555243e-02;8.736855e-02;3.698425e-02;1.588291e-01;7.018697e-02;6.038906e-02;2.035532e-01;5.832402e-02;2.017988e-02
4.908087e-02;4.522878e-02;1.356878e-01;4.441695e-02;1.127542e-01;3.775046e-02;8.778571e-02;7.702755e-02;9.447456e-02;2.229373e-01;7.792277e-02;1.493308e-02
8.119433e-02;2.888696e-02;6.280375e-02;5.639141e-02;1.285813e-01;3.333354e-02;4.846249e-02;7.598154e-02;9.242769e-02;2.246795e-01;1.237695e-01;4.348802e-02
1.115375e-01;6.458712e-02;6.662622e-02;7.009362e-02;9.408803e-02;3.548101e-02;4.932950e-02;6.818876e-02;6.514155e-02;1.750939e-01;1.379341e-01;6.189862e-02
4.697891e-02;6.811465e-02;8.395410e-02;9.318963e-02;1.012576e-01;6.038949e-02;1.026142e-01;6.316490e-02;7.434635e-02;1.555139e-01;9.314274e-02;5.733351e-02
5.725535e-02;4.955682e-02;8.322438e-02;9.607343e-02;9.807822e-02;6.157706e-02;1.745817e-01;6.669949e-02;5.910274e-02;1.225091e-01;7.628780e-02;5.505393e-02
1.240658e-01;6.594920e-02;1.004112e-01;7.594736e-02;8.082528e-02;7.117540e-02;9.327815e-02;6.845070e-02;8.729326e-02;8.296204e-02;9.627502e-02;5.336656e-02
1.472673e-01;6.155380e-02;9.730048e-02;7.376841e-02;8.268601e-02;6.819154e-02;1.340391e-01;5.074235e-02;9.563303e-02;7.363031e-02;4.254544e-02;7.264225e-02
1.482483e-01;4.667729e-02;1.724775e-01;7.997756e-02;7.289226e-02;4.889931e-02;1.268881e-01;6.278186e-02;7.179712e-02;8.039795e-02;3.895058e-02;5.001209e-02
1.654713e-01;4.905771e-02;2.540977e-01;7.764830e-02;5.146095e-02;2.911841e-02;1.100896e-01;4.287185e-02;5.864354e-02;9.415990e-02;3.614057e-02;3.124011e-02
1.612465e-01;5.392332e-02;3.455879e-01;7.360630e-02;3.127240e-02;1.065578e-02;9.553099e-02;1.890759e-02;4.033528e-02;1.215673e-01;2.869148e-02;1.867513e-02
1.620707e-01;8.424436e-02;3.531870e-01;5.282890e-02;1.806358e-02;1.390811e-02;7.908823e-02;1.293783e-02;3.625837e-02;1.303729e-01;1.627984e-02;4.076011e-02
1.430440e-01;1.125344e-01;2.991125e-01;4.206141e-02;2.153074e-02;2.315938e-02;8.398787e-02;2.848925e-02;5.219357e-02;1.008635e-01;2.195090e-02;7.107239e-02
1.642834e-01;1.002335e-01;3.151412e-01;4.942116e-02;3.775232e-02;2.645800e-02;7.615351e-02;4.239158e-02;3.763434e-02;6.635805e-02;2.318206e-02;6.099084e-02
1.942140e-01;7.284679e-02;3.594571e-01;4.444280e-02;5.087898e-02;1.845120e-02;7.599330e-02;2.521459e-02;2.980662e-02;8.577948e-02;1.045485e-02;3.246019e-02
2.022744e-01;4.409906e-02;4.378982e-01;2.841323e-02;5.308651e-02;6.029014e-03;9.868298e-02;1.170199e-02;1.549099e-02;8.714923e-02;4.642999e-03;1.053138e-02
1.568609e-01;1.366016e-02;5.119116e-01;3.397995e-02;5.523358e-02;2.484076e-03;1.262388e-01;5.375877e-03;8.526607e-03;7.828075e-02;3.538406e-03;3.909207e-03
7.519808e-02;3.082707e-02;5.665206e-01;3.853862e-02;4.778100e-02;3.352785e-03;1.354264e-01;5.305372e-03;1.008247e-02;7.952611e-02;4.389628e-03;3.051842e-03
3.477384e-02;3.259236e-02;5.963117e-01;3.110109e-02;5.306792e-02;4.712468e-03;1.395418e-01;5.815529e-03;1.032605e-02;8.406537e-02;4.327984e-03;3.363832e-03
4.215847e-02;3.095053e-02;5.857044e-01;2.594952e-02;6.986499e-02;5.570603e-03;1.437850e-01;4.437979e-03;1.352421e-02;7.233005e-02;2.261414e-03;3.462857e-03
5.058937e-02;5.188447e-02;5.340365e-01;5.280859e-02;6.330023e-02;2.798882e-02;1.153016e-01;1.228516e-02;2.890336e-02;5.170238e-02;7.727333e-03;3.472229e-03
3.701984e-02;5.804868e-02;4.517369e-01;1.260492e-01;4.679150e-02;8.805063e-02;6.236519e-02;3.777114e-02;3.462489e-02;3.363144e-02;2.091125e-02;2.999339e-03
2.938398e-02;3.987246e-02;3.605555e-01;1.918788e-01;3.732647e-02;1.785337e-01;2.360734e-02;5.573473e-02;2.168789e-02;2.345734e-02;3.615110e-02;1.810670e-03
2.726925e-02;2.938849e-02;2.691629e-01;2.057232e-01;2.940718e-02;2.653343e-01;1.739620e-02;7.977968e-02;1.162399e-02;1.582440e-02;4.493983e-02;4.150593e-03
1.581485e-02;5.221805e-02;2.177932e-01;1.834548e-01;3.621621e-02;2.514127e-01;3.316329e-02;1.281732e-01;1.060105e-02;2.247940e-02;4.527356e-02;3.399716e-03
1.617876e-02;6.025927e-02;2.878954e-01;1.582728e-01;5.302610e-02;1.480080e-01;3.739662e-02;1.458095e-01;6.178684e-03;3.957389e-02;4.332872e-02;4.072239e-03
1.805647e-02;7.027096e-02;3.466603e-01;1.419556e-01;8.912924e-02;9.038207e-02;4.627318e-02;1.207049e-01;5.378570e-03;3.260033e-02;3.267933e-02;5.909062e-03
1.712966e-02;5.360458e-02;3.552667e-01;1.353049e-01;9.238765e-02;1.511792e-01;3.155782e-02;8.744461e-02;1.916919e-02;2.408659e-02;2.850911e-02;4.359937e-03
1.769727e-02;2.211632e-02;3.973310e-01;1.135274e-01;8.472948e-02;1.421198e-01;5.390607e-02;6.195324e-02;5.917092e-02;2.020576e-02;2.430085e-02;2.941891e-03
2.652535e-02;1.059554e-02;4.357318e-01;8.968016e-02;1.053170e-01;7.628808e-02;7.853990e-02;3.374543e-02;8.680214e-02;2.786247e-02;2.184368e-02;7.068424e-03
4.335314e-02;2.705420e-02;4.080722e-01;9.259450e-02;1.122627e-01;3.585728e-02;1.011390e-01;3.926216e-02;6.301329e-02;4.092634e-02;2.164803e-02;1.481713e-02
5.109095e-02;5.473627e-02;3.511198e-01;1.331377e-01;9.713425e-02;5.316665e-02;8.404615e-02;4.729566e-02;3.407712e-02;4.737210e-02;3.066077e-02;1.616252e-02
3.531252e-02;5.920457e-02;3.399543e-01;1.398219e-01;7.864919e-02;7.274368e-02;7.954871e-02;5.023702e-02;4.001341e-02;6.069792e-02;3.112470e-02;1.269204e-02
3.741858e-02;9.434369e-02;3.509079e-01;8.234290e-02;8.826108e-02;6.577529e-02;6.528245e-02;6.387415e-02;5.615202e-02;6.161832e-02;1.771870e-02;1.630492e-02
6.726552e-02;1.484111e-01;2.827770e-01;5.896970e-02;8.333687e-02;7.600529e-02;6.787784e-02;7.573856e-02;4.227358e-02;5.502688e-02;2.144887e-02;2.086877e-02
5.989557e-02;1.520857e-01;2.412443e-01;7.224762e-02;1.144483e-01;8.626745e-02;6.088126e-02;7.000009e-02;4.269662e-02;5.441323e-02;2.555315e-02;2.026667e-02
4.077091e-02;1.320796e-01;2.620726e-01;9.351268e-02;9.248674e-02;1.012321e-01;6.919185e-02;4.579534e-02;6.907564e-02;5.085433e-02;2.225387e-02;2.067434e-02
4.997919e-02;1.064513e-01;2.397936e-01;1.166925e-01;8.706834e-02;9.664685e-02;6.460124e-02;4.153319e-02;8.068184e-02;6.496781e-02;3.071502e-02;2.086917e-02
6.462858e-02;9.054070e-02;2.091825e-01;9.123992e-02;8.741924e-02;1.123924e-01;7.885950e-02;5.117933e-02;6.605809e-02;5.956986e-02;6.626055e-02;2.266942e-02
9.363417e-02;1.228206e-01;1.840666e-01;7.350183e-02;6.403047e-02;8.775862e-02;8.951084e-02;4.505933e-02;7.857240e-02;5.401440e-02;7.719399e-02;2.983681e-02
1.018585e-01;1.295201e-01;1.593951e-01;8.190819e-02;7.304534e-02;6.866810e-02;9.886211e-02;3.489574e-02;8.543663e-02;6.169794e-02;6.559470e-02;3.911767e-02
8.338954e-02;8.898195e-02;1.734142e-01;6.154370e-02;1.208577e-01;8.298489e-02;9.795505e-02;4.988109e-02;8.456104e-02;7.645086e-02;3.679055e-02;4.318944e-02
7.309348e-02;1.323561e-01;1.514360e-01;5.720236e-02;1.000834e-01;6.953926e-02;1.318921e-01;4.877732e-02;9.952787e-02;7.860339e-02;2.075402e-02;3.673473e-02
1.009093e-01;1.580626e-01;1.124013e-01;5.284044e-02;6.793977e-02;5.204690e-02;1.878315e-01;5.491340e-02;8.407657e-02;6.711982e-02;1.916396e-02;4.269445e-02
1.477615e-01;1.044850e-01;1.102861e-01;4.198743e-02;6.467048e-02;4.682225e-02;2.130083e-01;3.726647e-02;5.690313e-02;8.011324e-02;3.796926e-02;5.872687e-02
1.364310e-01;9.272790e-02;1.089161e-01;4.377642e-02;6.216426e-02;4.522400e-02;2.508693e-01;2.862389e-02;6.285210e-02;6.703585e-02;4.157072e-02;5.980841e-02
7.976135e-02;1.473309e-01;1.141629e-01;3.907939e-02;5.168154e-02;4.610023e-02;2.679480e-01;4.178729e-02;7.014404e-02;4.843221e-02;3.991004e-02;5.366210e-02
7.781153e-02;1.782142e-01;1.517832e-01;2.880654e-02;6.453612e-02;5.617905e-02;1.633502e-01;6.388577e-02;7.939569e-02;4.287053e-02;3.776585e-02;5.540132e-02
1.075980e-01;1.332832e-01;2.169926e-01;2.710336e-02;6.621586e-02;4.721815e-02;1.633274e-01;5.885749e-02;6.135082e-02;4.654153e-02;3.785855e-02;3.365307e-02
9.741119e-02;1.159394e-01;2.094993e-01;4.568987e-02;7.568824e-02;4.750697e-02;1.161520e-01;4.942681e-02;6.455792e-02;7.679690e-02;5.539435e-02;4.593712e-02
5.498580e-02;6.716891e-02;6.551181e-02;4.230687e-02;6.640851e-02;6.828317e-02;1.073734e-01;5.086596e-02;5.954678e-02;1.194578e-01;2.014844e-01;9.660656e-02
6.630536e-02;4.199983e-02;7.710414e-02;2.731317e-02;3.037273e-02;6.429834e-02;1.230235e-01;5.610516e-02;5.992603e-02;1.031723e-01;2.578081e-01;9.257132e-02
9.179823e-02;4.662286e-02;7.474034e-02;3.078627e-02;5.073134e-02;7.317351e-02;8.283596e-02;6.836447e-02;8.120874e-02;1.317324e-01;1.810803e-01;8.692562e-02
7.935207e-02;3.909426e-02;6.325470e-02;4.494562e-02;5.413687e-02;8.790678e-02;5.174847e-02;9.910797e-02;5.786479e-02;1.558586e-01;1.878792e-01;7.885072e-02
4.757175e-02;4.491238e-02;8.280978e-02;3.489120e-02;3.352522e-02;8.573937e-02;5.196761e-02;9.518623e-02;6.513070e-02;1.346820e-01;2.635806e-01;6.000316e-02
7.988255e-02;6.167099e-02;9.961701e-02;5.283795e-02;3.841102e-02;5.036016e-02;7.855698e-02;7.586203e-02;7.429296e-02;1.211539e-01;1.793780e-01;8.797641e-02
1.211287e-01;6.692665e-02;1.627033e-01;6.170932e-02;4.814660e-02;4.651699e-02;8.094732e-02;1.137031e-01;7.943255e-02;7.039922e-02;7.143058e-02;7.695565e-02
9.988067e-02;5.866746e-02;2.837228e-01;6.150575e-02;5.942391e-02;5.390639e-02;9.136368e-02;8.470157e-02;7.192094e-02;4.625634e-02;4.227817e-02;4.637231e-02
6.866623e-02;4.693559e-02;3.332649e-01;9.707166e-02;7.529111e-02;6.103719e-02;8.726107e-02;6.944034e-02;5.740291e-02;4.701303e-02;3.209710e-02;2.451889e-02
3.419616e-02;5.341597e-02;3.030997e-01;1.213264e-01;9.217397e-02;6.910768e-02;6.448288e-02;1.343573e-01;3.540356e-02;3.870688e-02;4.088754e-02;1.284191e-02
1.452747e-02;6.039431e-02;2.614757e-01;1.064641e-01;1.677777e-01;6.474542e-02;5.445277e-02;1.382653e-01;2.944685e-02;4.357644e-02;3.817044e-02;2.070348e-02
8.848882e-03;4.174228e-02;2.482625e-01;8.095019e-02;2.742507e-01;5.797249e-02;6.742546e-02;7.338621e-02;4.438325e-02;4.625989e-02;2.641313e-02;3.010495e-02
1.082524e-02;2.147192e-02;2.866018e-01;7.317859e-02;3.064988e-01;6.992264e-02;7.402253e-02;4.618016e-02;3.341116e-02;2.668461e-02;2.325793e-02;2.794459e-02
1.161579e-02;1.404387e-02;3.209581e-01;7.662365e-02;2.651584e-01;7.512320e-02;1.109305e-01;3.036385e-02;1.820887e-02;4.237302e-02;1.728152e-02;1.731919e-02
1.581788e-02;1.576876e-02;3.489393e-01;9.825619e-02;2.031364e-01;7.113197e-02;1.025288e-01;3.657145e-02;1.088893e-02;6.467997e-02;1.577693e-02;1.650351e-02
2.228759e-02;1.836346e-02;4.180681e-01;1.016685e-01;1.390865e-01;5.067317e-02;8.322620e-02;4.298728e-02;1.566489e-02;5.214190e-02;3.877189e-02;1.706046e-02
1.794720e-02;1.461599e-02;4.216463e-01;9.053199e-02;1.554886e-01;7.258070e-02;1.124127e-01;2.551994e-02;9.524450e-03;2.189288e-02;3.916717e-02;1.867212e-02
5.256369e-03;1.684633e-02;4.760937e-01;7.702906e-02;1.462283e-01;8.107670e-02;1.027834e-01;1.785548e-02;1.322664e-02;1.210311e-02;2.858911e-02;2.291174e-02
1.165804e-02;2.564893e-02;5.251774e-01;6.611751e-02;1.229385e-01;6.846150e-02;9.026889e-02;1.976484e-02;1.722834e-02;1.593379e-02;1.483200e-02;2.197015e-02
1.322388e-02;5.006585e-02;4.679820e-01;5.596314e-02;1.051998e-01;4.426353e-02;1.122869e-01;2.390004e-02;3.141366e-02;3.813805e-02;2.947599e-02;2.808725e-02
3.299833e-02;5.998321e-02;4.578483e-01;5.585625e-02;9.927241e-02;4.974851e-02;9.477903e-02;2.074135e-02;3.514761e-02;4.541048e-02;3.284967e-02;1.536489e-02
3.967438e-02;4.816927e-02;4.085282e-01;8.002657e-02;5.329518e-02;7.733858e-02;7.291275e-02;6.282798e-02;5.219891e-02;4.585783e-02;2.988692e-02;2.928338e-02
5.697012e-02;5.536520e-02;1.966323e-01;7.955500e-02;5.213251e-02;1.031568e-01;1.273614e-01;9.914336e-02;6.264698e-02;8.462623e-02;3.573808e-02;4.667207e-02
5.064238e-02;5.996978e-02;1.145221e-01;6.053837e-02;9.693885e-02;1.053574e-01;1.424742e-01;9.705798e-02;5.687249e-02;1.225476e-01;3.601849e-02;5.706036e-02
4.356431e-02;4.812896e-02;1.317332e-01;5.372310e-02;1.219289e-01;7.307769e-02;1.597094e-01;9.081906e-02;6.316458e-02;1.307210e-01;4.375556e-02;3.967421e-02
1.293582e-02;3.894237e-02;2.125934e-01;8.467385e-02;1.119660e-01;6.808125e-02;2.245471e-01;5.434558e-02;4.174143e-02;8.183190e-02;4.441612e-02;2.392518e-02
2.202539e-02;3.392135e-02;2.214154e-01;1.195628e-01;9.370145e-02;7.366023e-02;1.778242e-01;5.123615e-02;5.180442e-02;8.202701e-02;5.330610e-02;1.951532e-02
3.656365e-02;3.979436e-02;3.236395e-01;1.215795e-01;7.650071e-02;5.563118e-02;1.111115e-01;4.440140e-02;6.317090e-02;6.513009e-02;4.816879e-02;1.430837e-02
5.689231e-02;8.385345e-02;4.178821e-01;7.570456e-02;5.641181e-02;2.924224e-02;6.183858e-02;3.295716e-02;6.698132e-02;7.845697e-02;2.229471e-02;1.748483e-02
1.130088e-01;1.647402e-01;3.689270e-01;4.439778e-02;3.778262e-02;2.502910e-02;3.463656e-02;3.616858e-02;7.075325e-02;5.770053e-02;1.634942e-02;3.050624e-02
1.937530e-01;1.941489e-01;2.598413e-01;3.938550e-02;2.969674e-02;2.448575e-02;2.511747e-02;4.115155e-02;7.752521e-02;3.246851e-02;3.771870e-02;4.470738e-02
2.215778e-01;1.640523e-01;2.162182e-01;3.444345e-02;3.504304e-02;1.690507e-02;2.442026e-02;4.441909e-02;4.958344e-02;6.120048e-02;6.553727e-02;6.659949e-02
1.489614e-01;1.200074e-01;2.711760e-01;4.614809e-02;3.674812e-02;2.159459e-02;3.875237e-02;4.224870e-02;6.073938e-02;9.422434e-02;5.940465e-02;5.999498e-02
1.608326e-01;1.613474e-01;1.828539e-01;4.135017e-02;5.021318e-02;3.708276e-02;6.069103e-02;4.616810e-02;7.912786e-02;8.913800e-02;4.690511e-02;4.428978e-02
2.085713e-01;1.774290e-01;1.661007e-01;3.172304e-02;4.577699e-02;4.062854e-02;8.007126e-02;3.642324e-02;6.595217e-02;7.798155e-02;3.277239e-02;3.656976e-02
1.566957e-01;1.948303e-01;2.288361e-01;3.666579e-02;4.613074e-02;2.766962e-02;8.446511e-02;2.872522e-02;4.496626e-02;8.342636e-02;3.855729e-02;2.903159e-02
1.139424e-01;1.718934e-01;2.362978e-01;5.526213e-02;5.889255e-02;3.059111e-02;7.641351e-02;3.646339e-02;4.057825e-02;8.915813e-02;4.763325e-02;4.287416e-02
1.038578e-01;1.108535e-01;1.954149e-01;8.499487e-02;7.070124e-02;6.523826e-02;7.525431e-02;4.680462e-02;5.412126e-02;1.019988e-01;5.278331e-02;3.797717e-02
1.493327e-01;1.048224e-01;1.642924e-01;9.573658e-02;8.214603e-02;8.173312e-02;5.852713e-02;4.761482e-02;6.143172e-02;8.450377e-02;4.480568e-02;2.505365e-02
1.855993e-01;1.310239e-01;8.809832e-02;9.440152e-02;7.802800e-02;5.574686e-02;7.556188e-02;1.053169e-01;4.814966e-02;6.990080e-02;5.024172e-02;1.793117e-02
1.531070e-01;8.530051e-02;1.093868e-01;9.532681e-02;4.910517e-02;3.433356e-02;7.668158e-02;1.276689e-01;7.019285e-02;1.064736e-01;4.943683e-02;4.298630e-02
1.079883e-01;9.830014e-02;1.594544e-01;6.345856e-02;4.630174e-02;5.007342e-02;1.419767e-01;6.747936e-02;7.142194e-02;8.506474e-02;5.891846e-02;4.956223e-02
2.009504e-01;1.622579e-01;1.803417e-01;3.362687e-02;4.351640e-02;4.486437e-02;8.770715e-02;4.921214e-02;6.757849e-02;3.951901e-02;3.401498e-02;5.641051e-02
2.725544e-01;1.902017e-01;1.809508e-01;1.960325e-02;4.097723e-02;2.905646e-02;5.070927e-02;5.917848e-02;5.434633e-02;2.067672e-02;3.854366e-02;4.320164e-02
2.954927e-01;1.793672e-01;1.477105e-01;2.885752e-02;3.619120e-02;2.009062e-02;6.026997e-02;6.743186e-02;4.237487e-02;3.149131e-02;4.097399e-02;4.974824e-02
2.131191e-01;1.529899e-01;9.363008e-02;4.392534e-02;4.051617e-02;3.212419e-02;1.438216e-01;6.190200e-02;5.565997e-02;3.939724e-02;3.909983e-02;8.381455e-02
9.172615e-02;1.003767e-01;1.016280e-01;2.234719e-02;6.518546e-02;8.257437e-02;2.291110e-01;4.879096e-02;1.101064e-01;2.859867e-02;6.392310e-02;5.563197e-02
8.583247e-02;4.414131e-02;1.707782e-01;9.404902e-03;5.823881e-02;1.302699e-01;1.846548e-01;1.664595e-02;1.299193e-01;2.929016e-02;1.129670e-01;2.785726e-02
1.191164e-01;3.072874e-02;2.088977e-01;1.348164e-02;3.317654e-02;1.580468e-01;1.056759e-01;1.642617e-02;9.642454e-02;3.969276e-02;1.478669e-01;3.046593e-02
1.165417e-01;2.580304e-02;2.450915e-01;1.363430e-02;2.305626e-02;1.753013e-01;5.630051e-02;1.931520e-02;9.215008e-02;3.875509e-02;1.733038e-01;2.074711e-02
7.935888e-02;2.426849e-02;2.315491e-01;1.728198e-02;3.819536e-02;1.564345e-01;7.481004e-02;2.390866e-02;1.324764e-01;3.492880e-02;1.610153e-01;2.577249e-02
5.130917e-02;3.683542e-02;1.677224e-01;2.253628e-02;6.511346e-02;1.323100e-01;1.195684e-01;6.296244e-02;1.345616e-01;2.798193e-02;1.249635e-01;5.413540e-02
2.898485e-02;5.299570e-02;8.411653e-02;3.632734e-02;7.725576e-02;1.111892e-01;2.086647e-01;1.178295e-01;8.796844e-02;2.020642e-02;7.933314e-02;9.512843e-02
4.444977e-02;1.328882e-01;4.856610e-02;6.882931e-02;5.097381e-02;7.831725e-02;2.530658e-01;9.183900e-02;3.163499e-02;3.465246e-02;4.264699e-02;1.221363e-01
5.044090e-02;1.566532e-01;3.362827e-02;9.655606e-02;1.844734e-02;5.936699e-02;2.824122e-01;7.150266e-02;1.996830e-02;7.304617e-02;1.697659e-02;1.210013e-01
8.305027e-02;1.214459e-01;2.553966e-02;8.981889e-02;1.430068e-02;6.627133e-02;2.784489e-01;7.875372e-02;3.355686e-02;1.110293e-01;1.411297e-02;8.367151e-02
1.439826e-01;6.420472e-02;1.814604e-02;5.699899e-02;1.257944e-02;9.090914e-02;2.222881e-01;8.617740e-02;3.829307e-02;1.379410e-01;3.089299e-02;9.758654e-02
1.673037e-01;9.735170e-02;3.203558e-02;7.698870e-02;9.330797e-03;8.402316e-02;1.689696e-01;5.290230e-02;3.410120e-02;1.189078e-01;4.255653e-02;1.155289e-01
1.528325e-01;1.119701e-01;4.833759e-02;9.797037e-02;1.552853e-02;6.423493e-02;1.751061e-01;2.835467e-02;3.502409e-02;9.001436e-02;5.031347e-02;1.303134e-01
1.050548e-01;9.964962e-02;6.660765e-02;8.917172e-02;2.457506e-02;5.702404e-02;1.791314e-01;4.498796e-02;4.614498e-02;8.516202e-02;7.466909e-02;1.278216e-01
9.065476e-02;1.020769e-01;8.052120e-02;5.781084e-02;3.704135e-02;5.405209e-02;1.616052e-01;6.189179e-02;5.281250e-02;8.995646e-02;9.393325e-02;1.176437e-01
1.343478e-01;8.725881e-02;6.052992e-02;4.369617e-02;4.293219e-02;5.438722e-02;1.451981e-01;7.574768e-02;6.964944e-02;8.061581e-02;9.247445e-02;1.131625e-01
1.032154e-01;7.740683e-02;6.000080e-02;7.236350e-02;2.477379e-02;7.380405e-02;2.343733e-01;6.633607e-02;6.729782e-02;6.637152e-02;7.959574e-02;7.446124e-02
4.696739e-02;6.515018e-02;4.934462e-02;9.589861e-02;4.530269e-02;8.222198e-02;2.404515e-01;8.772734e-02;5.230485e-02;9.302103e-02;7.683857e-02;6.477131e-02
6.643681e-02;6.828240e-02;5.995134e-02;8.075178e-02;7.656759e-02;9.455591e-02;1.193819e-01;1.147520e-01;7.902458e-02;1.054200e-01;6.737195e-02;6.750368e-02
5.462258e-02;6.008046e-02;7.916708e-02;5.761790e-02;9.249140e-02;9.274144e-02;1.018807e-01;1.143282e-01;9.770598e-02;1.108283e-01;6.720814e-02;7.132782e-02
4.003699e-02;7.635073e-02;1.000718e-01;5.145059e-02;1.138975e-01;7.646726e-02;8.381744e-02;1.037227e-01;8.172534e-02;1.487464e-01;5.939260e-02;6.432063e-02
5.418640e-02;6.652804e-02;9.981455e-02;4.687058e-02;1.126862e-01;7.513846e-02;7.699487e-02;1.170974e-01;5.897585e-02;2.111903e-01;3.342078e-02;4.709657e-02
4.747270e-02;4.551637e-02;9.774081e-02;4.160168e-02;7.880689e-02;7.705021e-02;7.926538e-02;1.183878e-01;9.328210e-02;2.352826e-01;3.864700e-02;4.694641e-02
7.148444e-02;4.844884e-02;1.573507e-01;5.251328e-02;8.297483e-02;5.783303e-02;9.028136e-02;9.831461e-02;8.612729e-02;1.817505e-01;2.952130e-02;4.339986e-02
1.395749e-01;8.059265e-02;2.330591e-01;3.794353e-02;7.422895e-02;4.278177e-02;1.041541e-01;3.756090e-02;9.050660e-02;9.583668e-02;2.599196e-02;3.776874e-02
1.845021e-01;1.081994e-01;2.181957e-01;3.999035e-02;4.183402e-02;3.914198e-02;9.309252e-02;2.474440e-02;8.992739e-02;6.722575e-02;3.996549e-02;5.318089e-02
2.198465e-01;9.578963e-02;1.664373e-01;4.213539e-02;2.960587e-02;3.424150e-02;9.683113e-02;2.624165e-02;7.097305e-02;6.028159e-02;6.667409e-02;9.094229e-02
1.835265e-01;6.320480e-02;1.542810e-01;2.889783e-02;5.477532e-02;4.736378e-02;1.366972e-01;3.005471e-02;4.017322e-02;8.062266e-02;7.882864e-02;1.015744e-01
1.208411e-01;1.287915e-01;2.226939e-01;2.845475e-02;5.617094e-02;4.572273e-02;1.178073e-01;3.435470e-02;5.088129e-02;7.707667e-02;4.917800e-02;6.802718e-02
1.055387e-01;1.667411e-01;1.938388e-01;2.905184e-02;4.457418e-02;3.523129e-02;1.013588e-01;3.652968e-02;6.822783e-02;8.023721e-02;5.565726e-02;8.301341e-02
1.563748e-01;1.204535e-01;1.002364e-01;3.498558e-02;4.235212e-02;3.142474e-02;1.178145e-01;3.478123e-02;6.118197e-02;1.159229e-01;6.220379e-02;1.222686e-01
7.141769e-02;1.227656e-01;1.575141e-01;2.669939e-02;4.775481e-02;2.699945e-02;8.646496e-02;3.865472e-02;5.717088e-02;1.389410e-01;1.097258e-01;1.158915e-01
4.432402e-02;9.957165e-02;1.713689e-01;2.153611e-02;4.494567e-02;4.146418e-02;1.205250e-01;3.439626e-02;6.618668e-02;1.419920e-01;9.935249e-02;1.143371e-01
1.561824e-01;8.207160e-02;1.352330e-01;1.885114e-02;4.271405e-02;6.110267e-02;1.270052e-01;2.464505e-02;7.469462e-02;1.124153e-01;6.368528e-02;1.013998e-01
1.574361e-01;7.167020e-02;1.182223e-01;2.170866e-02;6.129450e-02;6.289533e-02;1.465577e-01;4.561889e-02;5.227090e-02;1.154460e-01;6.445653e-02;8.242288e-02
7.280333e-02;5.764752e-02;2.720409e-01;4.098875e-02;7.863845e-02;4.163142e-02;1.476505e-01;4.201054e-02;3.572394e-02;9.560403e-02;5.960618e-02;5.565438e-02
4.872756e-02;4.782824e-02;2.319611e-01;4.916279e-02;9.881847e-02;1.033148e-01;1.281398e-01;4.050392e-02;5.304297e-02;7.361911e-02;7.671453e-02;4.816671e-02
4.799057e-02;3.199909e-02;1.275218e-01;4.357623e-02;1.018165e-01;1.901044e-01;1.240032e-01;4.334631e-02;7.647908e-02;6.112364e-02;1.102361e-01;4.180316e-02
4.203694e-02;1.637291e-02;9.747191e-02;4.437146e-02;8.887812e-02;2.436353e-01;7.971773e-02;4.644644e-02;9.257263e-02;7.212337e-02;1.391050e-01;3.726811e-02
4.324156e-02;1.399227e-02;1.142040e-01;3.348784e-02;6.786779e-02;2.349465e-01;5.683365e-02;3.367770e-02;1.306823e-01;7.366521e-02;1.511365e-01;4.626451e-02
5.189020e-02;2.561694e-02;1.474600e-01;1.871339e-02;5.879147e-02;1.722855e-01;5.568163e-02;3.712208e-02;1.630916e-01;6.332510e-02;1.442584e-01;6.176373e-02
2.779565e-02;3.062835e-02;1.400792e-01;2.110844e-02;1.067333e-01;9.677547e-02;9.566669e-02;6.960686e-02;1.618376e-01;6.815910e-02;1.228240e-01;5.878522e-02
6.792467e-02;3.249910e-02;1.431009e-01;3.193025e-02;9.396231e-02;8.810932e-02;1.648515e-01;6.485324e-02;1.062982e-01;5.883553e-02;8.275992e-02;6.487504e-02
5.601552e-02;2.365954e-02;1.215182e-01;6.033276e-02;6.199088e-02;1.140622e-01;2.421098e-01;4.720895e-02;7.158820e-02;4.384427e-02;7.833642e-02;7.933322e-02
3.155841e-02;1.458716e-02;1.131871e-01;9.134138e-02;2.888679e-02;1.001654e-01;3.222398e-01;2.768454e-02;4.443171e-02;2.145469e-02;8.595581e-02;1.185073e-01
1.673725e-02;1.089743e-02;1.514753e-01;7.136037e-02;2.836879e-02;1.297781e-01;2.602772e-01;1.326443e-02;5.026548e-02;1.517432e-02;1.376518e-01;1.147496e-01
1.802088e-02;5.109385e-03;2.079740e-01;3.533030e-02;2.547868e-02;1.886020e-01;1.578813e-01;9.252950e-03;6.825182e-02;1.648776e-02;1.833634e-01;8.424746e-02
1.690789e-02;5.093848e-03;2.389330e-01;9.059038e-03;2.515746e-02;2.745157e-01;7.335127e-02;7.922864e-03;6.268279e-02;2.608287e-02;2.053301e-01;5.496317e-02
1.772030e-02;1.080716e-02;2.207502e-01;4.564620e-03;2.704516e-02;3.703274e-01;4.014755e-02;6.928605e-03;4.148254e-02;3.613087e-02;1.928953e-01;3.120033e-02
1.636467e-02;2.290549e-02;1.777914e-01;1.229036e-02;3.216024e-02;4.389996e-01;2.883714e-02;1.992333e-02;2.929897e-02;3.705110e-02;1.660439e-01;1.833387e-02
1.999098e-02;5.312357e-02;1.269291e-01;3.035473e-02;1.031925e-01;3.539737e-01;2.387398e-02;5.236739e-02;1.889894e-02;7.153398e-02;1.244873e-01;2.127396e-02
2.052890e-02;5.950403e-02;1.218830e-01;5.463308e-02;1.829965e-01;2.082440e-01;5.108586e-02;7.813254e-02;2.067467e-02;1.051054e-01;7.074700e-02;2.646502e-02
2.017706e-02;3.968542e-02;1.616409e-01;6.961302e-02;1.674899e-01;1.800726e-01;1.046470e-01;6.154644e-02;3.268102e-02;9.060510e-02;4.701766e-02;2.482396e-02
2.895188e-02;4.518826e-02;2.053092e-01;5.672698e-02;9.921666e-02;1.733578e-01;1.338793e-01;5.590024e-02;2.501536e-02;6.066079e-02;7.954770e-02;3.624579e-02
2.856426e-02;6.887004e-02;2.301484e-01;4.072842e-02;4.870224e-02;1.254352e-01;1.399325e-01;4.219465e-02;3.268347e-02;8.052289e-02;1.284168e-01;3.380108e-02
5.491063e-02;8.750679e-02;2.200995e-01;5.487878e-02;7.751512e-02;7.629209e-02;1.124001e-01;3.017710e-02;5.792632e-02;1.032535e-01;1.047783e-01;2.026169e-02
5.800682e-02;6.724132e-02;2.471040e-01;4.980110e-02;8.297487e-02;8.973404e-02;1.146877e-01;4.073650e-02;5.283689e-02;1.115754e-01;5.468470e-02;3.061662e-02
4.130884e-02;5.135950e-02;1.738573e-01;4.992394e-02;5.461147e-02;7.502905e-02;1.037295e-01;4.545218e-02;7.334141e-02;1.437259e-01;1.218803e-01;6.578058e-02
9.515353e-02;5.234795e-02;6.767130e-02;5.530326e-02;7.457777e-02;6.869544e-02;9.044059e-02;4.956033e-02;7.983745e-02;1.557897e-01;1.113068e-01;9.931587e-02
1.728963e-01;5.033989e-02;6.217866e-02;4.840895e-02;6.917036e-02;6.091214e-02;9.066004e-02;5.520941e-02;4.874292e-02;1.384888e-01;1.253322e-01;7.766031e-02
1.847831e-01;2.433088e-02;1.348833e-01;2.987297e-02;3.792420e-02;1.088447e-01;8.363887e-02;3.035237e-02;5.212942e-02;1.034535e-01;1.668819e-01;4.290480e-02
1.253974e-01;1.965000e-02;1.943315e-01;1.170658e-02;3.621566e-02;1.245897e-01;6.198986e-02;3.189644e-02;9.685735e-02;8.531099e-02;1.732337e-01;3.882089e-02
8.134392e-02;3.020796e-02;1.727044e-01;1.636016e-02;7.280112e-02;7.895081e-02;8.458193e-02;9.868877e-02;1.109056e-01;5.874447e-02;1.273085e-01;6.740236e-02
5.370517e-02;9.853039e-02;9.591245e-02;3.871785e-02;6.839731e-02;3.907533e-02;1.520941e-01;1.336671e-01;6.774836e-02;3.914366e-02;8.585333e-02;1.271549e-01
8.562003e-02;1.741082e-01;4.405997e-02;7.001372e-02;2.890912e-02;2.761448e-02;1.821074e-01;9.706981e-02;2.222281e-02;5.292166e-02;4.404014e-02;1.713126e-01
1.564593e-01;1.661253e-01;3.667475e-02;6.729318e-02;1.375143e-02;2.642164e-02;1.454521e-01;7.734803e-02;2.745382e-02;7.205983e-02;3.020389e-02;1.807567e-01
1.831155e-01;1.054884e-01;4.866546e-02;4.233203e-02;2.347485e-02;3.791771e-02;1.001850e-01;8.111759e-02;4.502062e-02;7.483841e-02;4.871043e-02;2.091340e-01
8.950050e-02;7.665347e-02;8.974054e-02;3.204532e-02;3.509333e-02;6.434545e-02;1.041670e-01;6.760861e-02;6.318676e-02;9.014542e-02;7.963668e-02;2.078769e-01
1.347774e-01;7.248385e-02;1.506507e-01;3.079275e-02;3.993605e-02;8.642845e-02;9.699982e-02;3.403839e-02;5.378186e-02;7.049029e-02;8.043079e-02;1.491896e-01
1.893011e-01;5.607339e-02;1.812398e-01;3.515972e-02;4.054333e-02;7.978329e-02;6.535947e-02;3.718099e-02;3.100876e-02;5.191454e-02;8.295555e-02;1.494801e-01
1.220001e-01;5.469314e-02;2.507264e-01;3.714995e-02;5.459480e-02;5.574185e-02;5.702011e-02;4.620810e-02;3.028443e-02;6.141533e-02;1.002771e-01;1.298887e-01
9.344333e-02;8.016615e-02;2.629220e-01;4.025941e-02;5.247530e-02;4.737539e-02;6.701159e-02;4.612300e-02;2.893998e-02;6.271560e-02;1.114417e-01;1.071264e-01
1.182432e-01;8.882201e-02;1.678698e-01;3.408142e-02;4.750570e-02;3.653676e-02;1.086233e-01;5.378755e-02;3.352140e-02;7.030248e-02;1.181880e-01;1.225183e-01
9.105615e-02;1.127666e-01;1.063718e-01;6.394003e-02;5.494848e-02;3.804790e-02;1.110128e-01;8.070134e-02;4.953745e-02;6.662293e-02;1.071585e-01;1.178360e-01
1.437193e-01;1.011435e-01;1.552422e-01;6.826086e-02;6.962789e-02;4.130297e-02;1.265040e-01;7.622685e-02;4.734020e-02;5.688774e-02;4.507291e-02;6.867158e-02
1.661911e-01;1.399397e-01;2.125053e-01;3.941294e-02;5.375652e-02;3.238272e-02;1.098744e-01;6.281111e-02;5.356929e-02;5.180800e-02;2.360015e-02;5.414871e-02
2.271037e-01;1.745319e-01;1.940420e-01;3.008588e-02;4.805163e-02;2.574866e-02;7.171025e-02;5.639032e-02;5.430387e-02;3.787075e-02;3.203443e-02;4.812664e-02
3.356693e-01;1.668029e-01;1.483494e-01;2.093173e-02;5.462652e-02;1.738690e-02;4.118451e-02;6.811978e-02;4.218107e-02;2.160115e-02;3.337998e-02;4.976676e-02
3.828456e-01;1.062213e-01;1.095817e-01;3.792243e-02;4.307083e-02;2.360993e-02;3.474784e-02;6.601845e-02;6.475203e-02;3.544533e-02;2.605808e-02;6.972642e-02
3.425113e-01;4.598319e-02;7.790884e-02;6.578927e-02;3.898446e-02;3.688907e-02;5.956228e-02;4.880242e-02;8.929091e-02;5.432545e-02;3.371315e-02;1.062397e-01
2.276787e-01;8.555052e-02;6.697064e-02;6.959156e-02;6.411237e-02;3.647379e-02;7.085156e-02;6.548193e-02;7.423378e-02;6.479492e-02;7.480852e-02;9.945165e-02
1.489705e-01;1.193641e-01;5.196709e-02;3.965528e-02;6.326031e-02;4.321390e-02;5.501289e-02;7.871740e-02;6.690519e-02;1.213627e-01;1.268311e-01;8.473957e-02
1.673817e-01;1.093769e-01;6.015608e-02;2.994781e-02;6.311316e-02;4.038981e-02;7.400876e-02;5.829246e-02;7.746116e-02;1.318029e-01;1.006383e-01;8.743095e-02
9.730760e-02;1.067255e-01;1.373674e-01;3.011813e-02;8.665296e-02;3.937589e-02;1.250486e-01;5.016479e-02;8.064865e-02;9.951001e-02;6.003666e-02;8.704376e-02
9.910239e-02;1.322095e-01;1.674094e-01;5.395371e-02;6.103839e-02;4.370214e-02;9.483735e-02;5.043130e-02;7.878903e-02;9.193440e-02;6.445494e-02;6.213747e-02
1.574064e-01;1.168029e-01;1.269007e-01;4.973822e-02;4.119250e-02;5.315102e-02;6.145923e-02;5.300646e-02;8.899394e-02;1.133474e-01;7.504992e-02;6.295136e-02
2.124942e-01;1.286004e-01;9.214801e-02;4.436267e-02;3.886286e-02;6.078767e-02;6.488102e-02;5.781660e-02;5.555374e-02;8.852289e-02;7.500776e-02;8.096218e-02
1.985256e-01;2.034963e-01;8.811948e-02;5.431351e-02;3.308152e-02;7.327627e-02;8.684263e-02;4.608994e-02;6.316542e-02;5.055837e-02;4.612698e-02;5.640398e-02
1.652766e-01;2.119780e-01;1.037644e-01;6.998518e-02;5.748098e-02;6.870421e-02;8.126713e-02;3.476725e-02;5.864304e-02;4.704981e-02;5.222727e-02;4.885619e-02
1.423429e-01;1.468983e-01;1.359314e-01;8.638090e-02;5.157816e-02;6.589162e-02;9.357692e-02;4.203583e-02;5.064852e-02;6.521793e-02;6.090777e-02;5.858967e-02
1.374575e-01;1.055082e-01;1.973064e-01;7.885212e-02;8.488140e-02;6.145282e-02;8.606368e-02;3.443884e-02;4.880802e-02;5.861691e-02;4.443319e-02;6.218087e-02
9.361518e-02;1.099823e-01;2.382681e-01;6.045447e-02;1.146336e-01;4.668885e-02;1.082659e-01;3.682857e-02;5.043129e-02;5.572377e-02;4.031408e-02;4.479388e-02
4.554766e-02;7.927392e-02;2.787782e-01;1.080167e-01;1.026082e-01;6.794897e-02;1.139008e-01;5.681135e-02;5.869398e-02;4.759074e-02;2.425594e-02;1.657353e-02
6.216419e-02;7.557902e-02;2.873496e-01;1.143454e-01;7.369910e-02;7.437643e-02;9.966843e-02;4.890322e-02;8.410314e-02;4.086588e-02;2.279747e-02;1.614810e-02
1.365678e-01;9.655745e-02;2.441418e-01;9.544526e-02;6.569362e-02;6.143144e-02;9.004349e-02;4.462001e-02;9.599067e-02;3.425550e-02;1.252969e-02;2.272324e-02
2.290470e-01;1.017594e-01;1.492617e-01;5.065023e-02;1.039756e-01;6.633531e-02;6.388479e-02;7.902115e-02;8.267444e-02;2.278608e-02;1.727915e-02;3.332524e-02
2.721133e-01;7.429831e-02;1.023370e-01;1.911227e-02;9.923826e-02;1.143406e-01;3.427364e-02;7.522769e-02;1.072329e-01;2.999574e-02;1.914882e-02;5.268142e-02
2.786294e-01;2.566214e-02;7.357514e-02;2.208948e-02;5.669951e-02;1.693901e-01;4.071809e-02;4.650381e-02;1.137386e-01;6.237700e-02;2.271697e-02;8.789972e-02
