6.305494e-02;7.074307e-02;1.786398e-01;9.535876e-02;6.716366e-02;5.711054e-02;1.060702e-01;9.968121e-02;7.315501e-02;5.968926e-02;4.997756e-02;7.935598e-02
6.477874e-02;1.162044e-01;1.018091e-01;6.975677e-02;5.348765e-02;1.187906e-01;7.136364e-02;9.482612e-02;9.593029e-02;8.239138e-02;8.693632e-02;4.372494e-02
1.354053e-01;1.134333e-01;1.219353e-01;3.807779e-02;4.398138e-02;6.330078e-02;6.177108e-02;5.014640e-02;5.941019e-02;7.376380e-02;1.070465e-01;1.317282e-01
1.489390e-01;9.384169e-02;8.656496e-02;2.606961e-02;2.826543e-02;4.123846e-02;6.439264e-02;5.945714e-02;7.650986e-02;8.413438e-02;1.319381e-01;1.586488e-01
1.361731e-01;8.724456e-02;8.000436e-02;3.259936e-02;2.568591e-02;2.603244e-02;7.192044e-02;5.801445e-02;6.782030e-02;8.591382e-02;1.570722e-01;1.715191e-01
7.203121e-02;4.911146e-02;8.936648e-02;6.820065e-02;3.898710e-02;4.647134e-02;7.626975e-02;7.752799e-02;6.019992e-02;1.239591e-01;1.556124e-01;1.422626e-01
3.645686e-02;2.443287e-02;7.334802e-02;6.254634e-02;7.595359e-02;4.978762e-02;7.226385e-02;6.813226e-02;1.129316e-01;1.251286e-01;1.303339e-01;1.686846e-01
3.739968e-02;1.777136e-02;4.767607e-02;3.358776e-02;1.115007e-01;4.774885e-02;5.911509e-02;4.279064e-02;1.870851e-01;7.586841e-02;9.579252e-02;2.436639e-01
4.171883e-02;1.402439e-02;3.871888e-02;1.574834e-02;1.096988e-01;7.330560e-02;5.513722e-02;3.192960e-02;2.220490e-01;6.269625e-02;6.210379e-02;2.728693e-01
5.241707e-02;1.203328e-02;7.073983e-02;3.272837e-02;1.603106e-01;1.093545e-01;5.683264e-02;3.920089e-02;1.268228e-01;6.832659e-02;4.277362e-02;2.284598e-01
4.629064e-02;1.297604e-02;9.892918e-02;5.739508e-02;1.751763e-01;7.306645e-02;5.834820e-02;5.436862e-02;1.958724e-01;4.156005e-02;3.616775e-02;1.498493e-01
3.773804e-02;2.232599e-02;1.465084e-01;7.252173e-02;1.554661e-01;6.562484e-02;7.284068e-02;6.804102e-02;1.772521e-01;2.425699e-02;5.051652e-02;1.069076e-01
4.124050e-02;1.648157e-02;2.595578e-01;6.839971e-02;1.439060e-01;7.286960e-02;9.010943e-02;5.383394e-02;1.077741e-01;2.312793e-02;5.383814e-02;6.886142e-02
3.676489e-02;3.759235e-02;3.718690e-01;4.703708e-02;1.262259e-01;4.704911e-02;8.786377e-02;3.085388e-02;1.025948e-01;3.776128e-02;2.490640e-02;4.948156e-02
5.191363e-02;7.526575e-02;3.335812e-01;4.605452e-02;8.247941e-02;6.317887e-02;6.734024e-02;3.298970e-02;1.340091e-01;1.877553e-02;3.524275e-02;5.916928e-02
8.721415e-02;1.163063e-01;2.751655e-01;6.308877e-02;7.175399e-02;5.133352e-02;8.779401e-02;3.541835e-02;1.163956e-01;2.159026e-02;4.190844e-02;3.203097e-02
8.638245e-02;9.763552e-02;2.913125e-01;8.613677e-02;9.090518e-02;6.596194e-02;1.048582e-01;3.443941e-02;5.257700e-02;2.663781e-02;3.663799e-02;2.651516e-02
5.943821e-02;5.990544e-02;3.307202e-01;1.509136e-01;9.239050e-02;5.775305e-02;1.023586e-01;3.686137e-02;3.189956e-02;2.488170e-02;3.676190e-02;1.611581e-02
2.552606e-02;2.222485e-02;2.507001e-01;3.044700e-01;1.277600e-01;5.290948e-02;7.534809e-02;5.046123e-02;1.894074e-02;2.741224e-02;2.997983e-02;1.426726e-02
1.531749e-02;1.654674e-02;9.645018e-02;3.654779e-01;2.649001e-01;4.547037e-02;3.602773e-02;7.442725e-02;1.814453e-02;1.580805e-02;2.650574e-02;2.492389e-02
1.041735e-02;1.841997e-02;8.218611e-02;3.578472e-01;3.140628e-01;2.345447e-02;1.329933e-02;8.801680e-02;8.280711e-03;5.118958e-03;5.522212e-02;2.367412e-02
5.792814e-03;2.100917e-02;9.620618e-02;3.687867e-01;2.483421e-01;2.403053e-02;7.404107e-03;1.148159e-01;4.817994e-03;5.654020e-03;7.415880e-02;2.898172e-02
3.373106e-03;2.676401e-02;8.188063e-02;3.399918e-01;1.950087e-01;1.760462e-02;1.591441e-02;1.404390e-01;3.264316e-02;9.986183e-03;8.755402e-02;4.884034e-02
4.838381e-03;2.593226e-02;7.285757e-02;2.439075e-01;2.107345e-01;1.867126e-02;1.188877e-02;1.130802e-01;1.269354e-01;1.405240e-02;8.499553e-02;7.210629e-02
8.195392e-03;2.461269e-02;6.745200e-02;1.822302e-01;1.942835e-01;1.901983e-02;2.129643e-02;5.894678e-02;2.189721e-01;1.294672e-02;8.551620e-02;1.065282e-01
1.797489e-02;3.294539e-02;1.216400e-01;1.855704e-01;1.423899e-01;2.358421e-02;2.925671e-02;7.992278e-02;1.411516e-01;2.297665e-02;1.033799e-01;9.920760e-02
3.936925e-02;5.125094e-02;1.894605e-01;1.331151e-01;1.042382e-01;3.399483e-02;5.653143e-02;9.754112e-02;7.175424e-02;3.663809e-02;1.011673e-01;8.493902e-02
4.913440e-02;6.554494e-02;2.340458e-01;8.473518e-02;8.273363e-02;3.842031e-02;6.720917e-02;8.869531e-02;7.353971e-02;5.999059e-02;8.242702e-02;7.352396e-02
2.281688e-02;6.004894e-02;1.990502e-01;8.912075e-02;9.032459e-02;5.479876e-02;6.450751e-02;7.532586e-02;6.036728e-02;9.098795e-02;1.477816e-01;4.486968e-02
3.397463e-02;5.020313e-02;1.193935e-01;1.196698e-01;1.152920e-01;5.677789e-02;5.024818e-02;9.623520e-02;3.195612e-02;7.410589e-02;1.958791e-01;5.626457e-02
2.253981e-02;5.044626e-02;7.379615e-02;1.593052e-01;1.536931e-01;3.842006e-02;2.682438e-02;1.796968e-01;1.802434e-02;4.182287e-02;1.589754e-01;7.645574e-02
8.679666e-03;3.571753e-02;1.462226e-01;1.996443e-01;1.191083e-01;2.083109e-02;4.354005e-02;2.577587e-01;7.855170e-03;1.910222e-02;8.971709e-02;5.182324e-02
8.679213e-03;3.015896e-02;2.161001e-01;1.958996e-01;6.775108e-02;3.653971e-02;8.811323e-02;2.141376e-01;9.494382e-03;1.373900e-02;9.502294e-02;2.436412e-02
3.561095e-02;4.901061e-02;2.509542e-01;1.617691e-01;5.137078e-02;6.136116e-02;1.162398e-01;1.229054e-01;2.597048e-02;3.622908e-02;7.048108e-02;1.809732e-02
9.093381e-02;7.042940e-02;1.866840e-01;1.294080e-01;8.143698e-02;8.941209e-02;1.027911e-01;7.758304e-02;5.166392e-02;6.014218e-02;3.464231e-02;2.487320e-02
1.002899e-01;6.073149e-02;2.407165e-01;1.493329e-01;8.574747e-02;6.405010e-02;6.592376e-02;4.595695e-02;4.789646e-02;5.921435e-02;3.168495e-02;4.845510e-02
5.627605e-02;4.481823e-02;2.794026e-01;1.676243e-01;8.331525e-02;2.637212e-02;6.938165e-02;8.333904e-02;3.587002e-02;3.971325e-02;5.612132e-02;5.776617e-02
6.141126e-02;4.517112e-02;1.759025e-01;1.585696e-01;9.278515e-02;4.272858e-02;5.914162e-02;1.131176e-01;6.174299e-02;4.812812e-02;1.006218e-01;4.067960e-02
1.106206e-01;3.666396e-02;1.509665e-01;1.038689e-01;9.142424e-02;4.353489e-02;7.186656e-02;8.351085e-02;7.432359e-02;8.722389e-02;1.012921e-01;4.470404e-02
9.138837e-02;7.227662e-02;2.998615e-01;5.117996e-02;6.749731e-02;2.760496e-02;5.877221e-02;5.538290e-02;4.856322e-02;1.198842e-01;6.846780e-02;3.912092e-02
5.004948e-02;9.542824e-02;4.131709e-01;5.299903e-02;4.505112e-02;1.734370e-02;4.216970e-02;3.154099e-02;3.620552e-02;1.574947e-01;4.038064e-02;1.816598e-02
3.436404e-02;7.553048e-02;4.045770e-01;1.008006e-01;3.086270e-02;1.628632e-02;2.446934e-02;1.896730e-02;4.660805e-02;1.688382e-01;7.151269e-02;7.183247e-03
3.719062e-02;6.202481e-02;4.126179e-01;1.366957e-01;2.705884e-02;1.327944e-02;1.916112e-02;1.543375e-02;3.473015e-02;1.359593e-01;9.268368e-02;1.316466e-02
2.489181e-02;5.882457e-02;5.178566e-01;1.461869e-01;2.438737e-02;8.318823e-03;1.448413e-02;1.361257e-02;3.652726e-02;7.216328e-02;7.272157e-02;1.002512e-02
1.169086e-02;5.997484e-02;6.112946e-01;1.283106e-01;3.464989e-02;8.019706e-03;2.097510e-02;1.959599e-02;2.583325e-02;2.423907e-02;4.393649e-02;1.147960e-02
4.808407e-02;9.688970e-02;5.035774e-01;5.802244e-02;4.900124e-02;1.548454e-02;4.958336e-02;2.192230e-02;4.023558e-02;6.848852e-02;2.454405e-02;2.416681e-02
5.731581e-02;9.273741e-02;4.417229e-01;6.503382e-02;4.976631e-02;2.209538e-02;5.115131e-02;2.308825e-02;4.147941e-02;8.802530e-02;3.931098e-02;2.827305e-02
3.048074e-02;5.219479e-02;4.339410e-01;1.272140e-01;3.764449e-02;2.074809e-02;3.929199e-02;1.633346e-02;3.055145e-02;1.088358e-01;8.206859e-02;2.069563e-02
4.255838e-02;7.842246e-02;3.111090e-01;1.379099e-01;3.956860e-02;1.382949e-02;3.542123e-02;1.736020e-02;2.634958e-02;1.699504e-01;1.098443e-01;1.767637e-02
6.053666e-02;1.158561e-01;2.291820e-01;1.309800e-01;4.734169e-02;1.674671e-02;3.706491e-02;1.993684e-02;3.471315e-02;1.952234e-01;9.682502e-02;1.559348e-02
6.511746e-02;8.078448e-02;4.205369e-01;1.144751e-01;3.509515e-02;9.285113e-03;2.692705e-02;2.178222e-02;2.873710e-02;1.185043e-01;6.618802e-02;1.256705e-02
6.336635e-02;1.191758e-01;4.475457e-01;9.442408e-02;3.420983e-02;1.613250e-02;2.045806e-02;1.303548e-02;2.660019e-02;8.807672e-02;6.727849e-02;9.696816e-03
6.454254e-02;1.200901e-01;3.644057e-01;9.240779e-02;3.586121e-02;2.779304e-02;2.996651e-02;1.448222e-02;2.980391e-02;1.038124e-01;1.044379e-01;1.239683e-02
5.066200e-02;8.390027e-02;2.387134e-01;8.123951e-02;4.961476e-02;4.312736e-02;6.734807e-02;5.727499e-02;5.912916e-02;1.098392e-01;1.347466e-01;2.440456e-02
1.193127e-01;1.635718e-01;2.960996e-01;5.992968e-02;4.530788e-02;3.914785e-02;3.860737e-02;3.667708e-02;5.612763e-02;4.955763e-02;5.978012e-02;3.588064e-02
1.593201e-01;2.643000e-01;3.133188e-01;3.665473e-02;2.149534e-02;2.675081e-02;2.292200e-02;1.813518e-02;5.797687e-02;2.607543e-02;2.555249e-02;2.749815e-02
1.476189e-01;3.167034e-01;3.142157e-01;4.109534e-02;1.616669e-02;3.875542e-02;1.414451e-02;1.038192e-02;6.481733e-02;1.389017e-02;1.043350e-02;1.177709e-02
1.079821e-01;3.126590e-01;2.478208e-01;5.149095e-02;1.584912e-02;1.156192e-01;2.378032e-02;1.440118e-02;8.359358e-02;1.165770e-02;6.034069e-03;9.112043e-03
8.834444e-02;2.712028e-01;1.206322e-01;3.806706e-02;2.154696e-02;2.223344e-01;5.587836e-02;1.667506e-02;1.342400e-01;1.342694e-02;5.207478e-03;1.244424e-02
8.387844e-02;2.302905e-01;9.217083e-02;1.769877e-02;7.902274e-03;2.259335e-01;6.834416e-02;2.325899e-02;2.148481e-01;1.544795e-02;5.209355e-03;1.501711e-02
7.341495e-02;2.292396e-01;1.254834e-01;1.249879e-02;5.026245e-03;1.660029e-01;3.896915e-02;2.202089e-02;2.763558e-01;2.070839e-02;5.204265e-03;2.507561e-02
8.156916e-02;2.351664e-01;1.567887e-01;1.212889e-02;9.488065e-03;1.134607e-01;1.819642e-02;1.943605e-02;2.361328e-01;6.126337e-02;9.644520e-03;4.672496e-02
1.306448e-01;2.076196e-01;1.519636e-01;2.093725e-02;2.244897e-02;7.926606e-02;2.422353e-02;2.892048e-02;1.766824e-01;7.685192e-02;2.369713e-02;5.674433e-02
1.414290e-01;1.996675e-01;1.414029e-01;3.387460e-02;3.212705e-02;5.303837e-02;3.978776e-02;3.277252e-02;1.338698e-01;8.708001e-02;4.335779e-02;6.159271e-02
6.782844e-02;1.650087e-01;1.539718e-01;4.371890e-02;2.776502e-02;6.698878e-02;4.420465e-02;4.129330e-02;1.403861e-01;1.293859e-01;5.030014e-02;6.914818e-02
6.682817e-02;1.596664e-01;1.590781e-01;3.648595e-02;2.320000e-02;7.515768e-02;3.347474e-02;2.840091e-02;1.832522e-01;1.155632e-01;3.327522e-02;8.561756e-02
8.896858e-02;2.022026e-01;1.305730e-01;2.648338e-02;1.667148e-02;7.644765e-02;2.065054e-02;1.917341e-02;2.186258e-01;6.661589e-02;2.986266e-02;1.037250e-01
1.674846e-01;1.948654e-01;8.413235e-02;1.877390e-02;2.964788e-02;4.938646e-02;4.385364e-02;7.002747e-02;1.670994e-01;2.945012e-02;5.751621e-02;8.776255e-02
2.309740e-01;1.340011e-01;5.495374e-02;2.869776e-02;4.575941e-02;3.305948e-02;7.786920e-02;1.068066e-01;9.096824e-02;4.554896e-02;7.860424e-02;7.275723e-02
1.910721e-01;1.120101e-01;7.245920e-02;4.149935e-02;4.196031e-02;4.152288e-02;8.532854e-02;8.245061e-02;9.399837e-02;6.206895e-02;8.170751e-02;9.392212e-02
1.270872e-01;1.586076e-01;1.123090e-01;4.114194e-02;4.679472e-02;4.848023e-02;5.624987e-02;6.554098e-02;9.392007e-02;5.279958e-02;9.471987e-02;1.023490e-01
1.348653e-01;1.861106e-01;1.344163e-01;3.979393e-02;6.452854e-02;4.619470e-02;3.446712e-02;8.490100e-02;7.679360e-02;3.948508e-02;6.756705e-02;9.087677e-02
1.759762e-01;1.991795e-01;1.219712e-01;2.746826e-02;4.971609e-02;3.704669e-02;3.791009e-02;9.698489e-02;7.951424e-02;4.430667e-02;4.277569e-02;8.715055e-02
1.778518e-01;2.052968e-01;1.063809e-01;2.764640e-02;2.963356e-02;3.863204e-02;5.113588e-02;7.909383e-02;7.056655e-02;4.514822e-02;7.670879e-02;9.190518e-02
1.322873e-01;2.009485e-01;1.416710e-01;4.107079e-02;3.508269e-02;4.102278e-02;6.094748e-02;5.863888e-02;8.927055e-02;5.308263e-02;7.193835e-02;7.403913e-02
1.549978e-01;1.415226e-01;1.168062e-01;5.553722e-02;4.632460e-02;3.537575e-02;7.840483e-02;6.462594e-02;1.017326e-01;6.939535e-02;5.697363e-02;7.830341e-02
1.848293e-01;1.130465e-01;1.328178e-01;5.221819e-02;5.283601e-02;3.744007e-02;9.122025e-02;6.317729e-02;8.160657e-02;6.960838e-02;5.211616e-02;6.908353e-02
1.138614e-01;1.149040e-01;1.953408e-01;4.610075e-02;5.439438e-02;3.414480e-02;6.942143e-02;5.685332e-02;1.246588e-01;5.688912e-02;8.361427e-02;4.981695e-02
1.167246e-01;1.387516e-01;1.744028e-01;2.944684e-02;3.720170e-02;1.792104e-02;5.494683e-02;9.244955e-02;1.380509e-01;4.339791e-02;1.260326e-01;3.067365e-02
1.781438e-01;1.209419e-01;1.077333e-01;1.582441e-02;3.402501e-02;1.581230e-02;7.708560e-02;1.462442e-01;9.302088e-02;4.288941e-02;1.266202e-01;4.165895e-02
2.041129e-01;7.788480e-02;6.605958e-02;2.275472e-02;3.118847e-02;3.402059e-02;1.427380e-01;1.511876e-01;5.268229e-02;6.288461e-02;8.492604e-02;6.956039e-02
1.842992e-01;2.322607e-02;7.463790e-02;4.756724e-02;2.972852e-02;5.933860e-02;2.054293e-01;1.098197e-01;3.523066e-02;7.839776e-02;6.052129e-02;9.180387e-02
1.717167e-01;5.517081e-02;1.060345e-01;5.107880e-02;5.045233e-02;4.952816e-02;1.554834e-01;9.609582e-02;4.344660e-02;6.772310e-02;6.497893e-02;8.829091e-02
1.729108e-01;7.394903e-02;8.316066e-02;3.253758e-02;6.678490e-02;4.827202e-02;1.439926e-01;9.474522e-02;6.105378e-02;5.529249e-02;9.383217e-02;7.346871e-02
1.167334e-01;7.993837e-02;9.935003e-02;1.646908e-02;7.434787e-02;8.766663e-02;9.347538e-02;8.477063e-02;8.718586e-02;5.067648e-02;1.547390e-01;5.464714e-02
8.914688e-02;6.850177e-02;1.523116e-01;1.519472e-02;5.911139e-02;1.164562e-01;6.526954e-02;3.400642e-02;8.546086e-02;5.423057e-02;2.012144e-01;5.909561e-02
7.623922e-02;4.822610e-02;1.433064e-01;1.727378e-02;4.957659e-02;1.548859e-01;4.207351e-02;3.422781e-02;8.202167e-02;7.364648e-02;2.292260e-01;4.929648e-02
8.821429e-02;3.380433e-02;1.300109e-01;1.403343e-02;2.605102e-02;1.927885e-01;5.739318e-02;4.659554e-02;6.802110e-02;8.537495e-02;2.212630e-01;3.644972e-02
9.281162e-02;2.701317e-02;8.978099e-02;1.895140e-02;2.531888e-02;2.058580e-01;8.664330e-02;6.348751e-02;4.384401e-02;8.851050e-02;2.145883e-01;4.319227e-02
5.452374e-02;3.832702e-02;1.079789e-01;7.330877e-02;4.296350e-02;1.474410e-01;1.046082e-01;8.124833e-02;4.074753e-02;8.998574e-02;1.840038e-01;3.486349e-02
4.214090e-02;4.098206e-02;7.543549e-02;1.447498e-01;7.918841e-02;9.103087e-02;9.423307e-02;8.824917e-02;5.431379e-02;1.177440e-01;1.409340e-01;3.099848e-02
3.150549e-02;5.925712e-02;5.965217e-02;1.671650e-01;1.215871e-01;4.871457e-02;4.480894e-02;9.559130e-02;8.127370e-02;1.613439e-01;9.762853e-02;3.147224e-02
3.961530e-02;5.231547e-02;8.651023e-02;1.492676e-01;9.534460e-02;4.309184e-02;9.436471e-02;8.138651e-02;1.077817e-01;1.531305e-01;7.050672e-02;2.668472e-02
4.168162e-02;8.194158e-02;8.926652e-02;1.143336e-01;6.214910e-02;5.026372e-02;1.738928e-01;9.909446e-02;9.645940e-02;1.100773e-01;5.154845e-02;2.929143e-02
4.194172e-02;7.471690e-02;1.415181e-01;5.678394e-02;5.043675e-02;6.645132e-02;2.452167e-01;8.694377e-02;5.493617e-02;9.005811e-02;4.331056e-02;4.768590e-02
1.023820e-01;5.754012e-02;1.396307e-01;2.704706e-02;3.293309e-02;7.227962e-02;2.958359e-01;8.369943e-02;2.849375e-02;7.647377e-02;3.787969e-02;4.580487e-02
1.559387e-01;1.070373e-01;8.345275e-02;2.646056e-02;4.529540e-02;6.354493e-02;2.855316e-01;6.087273e-02;2.804879e-02;6.139077e-02;4.820813e-02;3.421849e-02
1.962608e-01;1.080486e-01;4.136800e-02;2.956387e-02;7.243493e-02;7.872757e-02;2.320971e-01;5.408008e-02;2.260095e-02;5.320746e-02;6.741127e-02;4.419951e-02
1.841794e-01;7.229641e-02;1.159815e-01;2.742233e-02;1.049135e-01;8.746140e-02;1.068647e-01;4.887369e-02;4.004113e-02;5.463412e-02;9.270781e-02;6.462402e-02
9.095867e-02;3.670890e-02;1.997059e-01;5.974260e-02;8.190959e-02;4.265752e-02;1.504924e-01;4.607934e-02;4.153569e-02;4.831341e-02;7.749775e-02;1.243983e-01
7.199849e-02;4.979323e-02;2.192043e-01;6.825698e-02;6.421270e-02;3.631569e-02;1.541083e-01;4.382906e-02;5.048582e-02;5.504698e-02;4.796696e-02;1.387814e-01
9.174542e-02;5.982560e-02;2.425808e-01;5.869431e-02;4.590431e-02;4.014683e-02;1.331974e-01;5.080369e-02;6.424382e-02;5.822261e-02;5.938104e-02;9.525423e-02
1.048202e-01;7.120561e-02;2.241002e-01;5.379444e-02;4.394129e-02;4.172324e-02;1.750221e-01;4.925366e-02;6.751364e-02;6.227459e-02;6.927238e-02;3.707858e-02
1.474497e-01;6.662763e-02;1.998978e-01;4.778136e-02;5.254313e-02;4.226590e-02;1.973972e-01;5.032133e-02;5.009764e-02;6.520163e-02;6.073236e-02;1.968434e-02
1.601252e-01;5.264743e-02;1.614015e-01;4.167876e-02;7.076324e-02;4.922890e-02;2.126907e-01;5.312339e-02;6.027805e-02;4.436114e-02;4.953038e-02;4.417136e-02
1.915344e-01;6.001944e-02;8.066642e-02;4.135137e-02;8.483185e-02;3.767447e-02;1.736321e-01;3.595833e-02;6.411963e-02;5.622345e-02;7.243375e-02;1.015548e-01
1.911599e-01;6.944546e-02;1.067569e-01;4.644194e-02;5.880410e-02;3.623939e-02;1.078384e-01;4.230288e-02;5.716307e-02;6.487662e-02;7.971243e-02;1.392590e-01
1.050729e-01;8.087453e-02;1.501209e-01;5.629192e-02;7.747144e-02;5.558760e-02;8.516969e-02;3.756515e-02;5.963020e-02;8.934236e-02;6.261903e-02;1.402543e-01
1.577373e-01;1.062005e-01;8.466477e-02;5.097365e-02;7.477029e-02;7.635684e-02;1.370944e-01;3.827955e-02;5.559360e-02;7.833289e-02;4.436319e-02;9.563303e-02
1.527876e-01;1.480205e-01;6.796690e-02;3.687620e-02;5.865804e-02;6.065002e-02;2.464793e-01;4.949373e-02;4.078574e-02;5.111984e-02;4.114405e-02;4.601812e-02
7.644825e-02;1.489845e-01;1.209725e-01;4.257404e-02;3.799701e-02;4.382607e-02;2.563265e-01;7.654295e-02;4.890920e-02;7.282699e-02;4.136962e-02;3.322234e-02
6.488035e-02;9.969712e-02;1.260494e-01;5.026526e-02;3.706709e-02;4.304385e-02;1.688667e-01;1.037360e-01;5.453242e-02;1.134744e-01;9.461650e-02;4.377088e-02
1.456167e-01;6.700788e-02;8.123779e-02;8.476853e-02;3.860552e-02;3.764633e-02;8.105724e-02;8.780702e-02;3.546236e-02;1.141145e-01;1.186745e-01;1.080017e-01
2.793467e-01;7.923684e-02;4.059335e-02;1.378350e-01;1.844652e-02;2.244566e-02;7.915547e-02;3.994384e-02;1.778089e-02;7.430764e-02;6.603301e-02;1.448751e-01
4.206758e-01;8.627170e-02;4.386297e-02;1.034435e-01;3.073924e-02;2.328425e-02;4.501006e-02;3.468701e-02;2.335312e-02;4.313950e-02;2.985675e-02;1.156761e-01
4.856958e-01;1.372446e-01;6.245633e-02;3.537605e-02;6.602183e-02;1.589926e-02;1.787501e-02;4.509228e-02;2.221202e-02;2.367291e-02;2.746061e-02;6.099332e-02
4.345960e-01;2.284358e-01;8.453179e-02;1.858382e-02;7.046410e-02;9.021201e-03;1.869081e-02;3.711434e-02;2.397119e-02;1.718663e-02;3.322281e-02;2.418146e-02
3.076513e-01;3.172735e-01;1.123519e-01;6.101644e-02;3.803233e-02;1.723937e-02;1.731053e-02;1.796928e-02;4.471270e-02;1.421532e-02;2.796444e-02;2.426282e-02
1.331489e-01;3.118457e-01;2.297344e-01;1.249109e-01;1.172716e-02;3.689010e-02;1.196530e-02;1.937337e-02;6.273409e-02;1.314524e-02;1.028919e-02;3.423576e-02
3.839060e-02;2.382251e-01;3.721708e-01;1.192648e-01;1.164378e-02;4.131689e-02;1.159293e-02;4.370538e-02;5.197327e-02;2.477930e-02;4.664554e-03;4.227255e-02
4.415352e-02;1.566233e-01;4.903629e-01;6.469517e-02;1.893084e-02;2.441926e-02;1.826167e-02;5.102568e-02;2.852303e-02;6.344774e-02;3.717711e-03;3.583918e-02
4.481161e-02;7.276037e-02;5.732951e-01;3.105353e-02;3.345991e-02;9.082948e-03;4.093462e-02;3.193289e-02;1.611815e-02;1.210414e-01;5.805976e-03;1.970343e-02
8.497055e-02;2.802394e-02;5.419129e-01;3.681460e-02;3.312561e-02;7.908899e-03;5.791412e-02;1.596517e-02;2.720995e-02;1.386640e-01;1.647572e-02;1.101457e-02
1.475756e-01;4.630951e-02;4.358272e-01;5.979733e-02;2.840436e-02;1.150167e-02;6.532638e-02;2.133745e-02;3.366994e-02;1.049688e-01;3.855858e-02;6.723241e-03
1.611044e-01;4.420583e-02;3.549399e-01;7.235831e-02;3.640846e-02;2.253532e-02;7.304701e-02;3.564832e-02;3.520588e-02;8.535652e-02;6.487569e-02;1.431442e-02
1.333009e-01;3.263565e-02;3.552023e-01;5.895332e-02;4.985638e-02;3.352302e-02;8.021444e-02;4.266417e-02;3.790795e-02;8.680040e-02;6.726096e-02;2.168061e-02
6.131929e-02;3.733828e-02;5.173912e-01;5.635700e-02;4.457489e-02;2.259150e-02;6.346519e-02;3.683876e-02;2.839133e-02;6.625314e-02;4.087271e-02;2.460674e-02
6.465574e-02;8.601869e-02;5.419068e-01;7.918979e-02;2.421431e-02;1.362993e-02;3.344492e-02;3.313254e-02;3.220625e-02;4.860862e-02;2.071060e-02;2.228188e-02
7.722009e-02;1.050529e-01;4.473883e-01;7.977165e-02;2.683661e-02;1.138057e-02;3.471194e-02;3.043809e-02;2.963237e-02;8.355270e-02;4.481757e-02;2.919724e-02
1.017272e-01;5.763811e-02;3.869313e-01;9.180794e-02;2.854116e-02;1.191198e-02;5.149933e-02;2.724830e-02;3.004229e-02;1.235026e-01;7.329956e-02;1.585022e-02
1.305074e-01;6.887244e-02;3.448001e-01;9.233738e-02;3.781947e-02;1.808512e-02;4.651286e-02;2.545474e-02;4.898245e-02;1.203776e-01;5.306670e-02;1.318379e-02
1.129605e-01;8.657303e-02;3.639775e-01;8.221892e-02;4.345122e-02;1.711771e-02;3.986771e-02;2.214367e-02;5.168842e-02;1.307918e-01;3.484137e-02;1.436808e-02
9.252211e-02;7.585677e-02;2.699524e-01;6.906155e-02;4.272132e-02;3.736224e-02;7.088959e-02;3.711908e-02;7.926376e-02;1.014787e-01;6.953319e-02;5.423935e-02
9.837489e-02;4.604587e-02;1.634514e-01;6.123249e-02;7.759536e-02;6.142157e-02;1.374021e-01;5.092086e-02;1.032325e-01;6.882104e-02;6.350190e-02;6.800004e-02
1.144812e-01;7.776728e-02;1.928440e-01;5.790928e-02;7.120177e-02;5.340675e-02;1.393695e-01;4.662700e-02;8.612194e-02;6.034357e-02;5.070014e-02;4.922768e-02
1.064414e-01;9.883925e-02;2.217364e-01;6.719495e-02;6.061317e-02;3.998294e-02;9.950309e-02;4.103443e-02;8.024625e-02;8.207913e-02;4.827750e-02;5.405146e-02
1.086405e-01;1.005951e-01;2.132458e-01;6.222149e-02;4.856152e-02;2.778556e-02;7.802130e-02;5.214639e-02;8.208691e-02;9.388201e-02;4.067097e-02;9.214249e-02
1.253472e-01;8.994980e-02;1.630888e-01;3.496236e-02;3.466312e-02;4.033719e-02;1.177341e-01;8.056910e-02;5.563856e-02;7.800859e-02;5.246490e-02;1.272362e-01
1.485721e-01;6.864414e-02;1.557298e-01;4.038225e-02;4.339084e-02;6.705035e-02;1.443726e-01;9.051632e-02;3.244273e-02;6.563505e-02;4.127533e-02;1.019884e-01
1.047257e-01;7.164890e-02;2.459393e-01;3.829545e-02;6.069703e-02;6.613792e-02;1.014702e-01;8.921949e-02;4.420550e-02;1.003600e-01;2.543566e-02;5.186476e-02
8.834674e-02;1.143455e-01;2.624479e-01;8.127235e-02;6.447407e-02;3.587829e-02;5.827785e-02;8.367129e-02;3.578293e-02;8.861502e-02;4.215876e-02;4.472928e-02
1.079356e-01;1.499621e-01;2.578608e-01;6.672487e-02;4.697002e-02;3.437074e-02;6.077034e-02;6.925146e-02;6.700578e-02;5.815628e-02;4.833478e-02;3.265720e-02
1.137570e-01;1.314236e-01;2.383331e-01;4.156264e-02;5.746904e-02;3.427236e-02;1.000483e-01;4.729356e-02;6.005394e-02;7.303929e-02;4.381120e-02;5.893593e-02
5.441287e-02;7.565587e-02;2.077294e-01;9.789605e-02;6.051255e-02;4.848137e-02;1.005526e-01;5.833577e-02;4.610813e-02;9.827149e-02;7.431251e-02;7.773133e-02
1.393044e-01;6.029706e-02;1.302743e-01;1.265191e-01;5.198836e-02;5.156918e-02;1.109458e-01;5.524202e-02;6.827822e-02;7.625886e-02;7.695958e-02;5.236318e-02
2.310164e-01;7.091814e-02;1.254146e-01;7.675761e-02;8.793300e-02;2.645794e-02;8.722253e-02;9.319433e-02;4.510194e-02;5.491132e-02;4.683176e-02;5.424039e-02
2.675545e-01;1.011749e-01;1.447930e-01;6.772357e-02;9.915047e-02;2.218712e-02;5.342222e-02;9.183230e-02;4.526366e-02;3.670441e-02;2.930636e-02;4.088748e-02
2.787686e-01;1.402437e-01;1.892676e-01;5.232215e-02;6.885736e-02;1.435474e-02;4.875115e-02;6.910846e-02;5.097654e-02;2.694938e-02;3.290898e-02;2.749140e-02
3.090187e-01;1.417726e-01;2.340702e-01;2.634317e-02;3.858538e-02;1.416311e-02;4.163404e-02;6.264365e-02;4.942266e-02;2.522942e-02;3.341829e-02;2.369882e-02
2.932372e-01;9.321268e-02;2.159413e-01;2.685050e-02;3.929459e-02;2.429418e-02;3.209085e-02;8.021606e-02;7.824826e-02;3.345015e-02;2.988790e-02;5.327633e-02
2.735167e-01;7.948861e-02;1.702193e-01;3.457111e-02;2.688102e-02;3.034305e-02;5.051176e-02;6.458151e-02;1.069348e-01;3.854568e-02;6.174966e-02;6.265673e-02
2.830077e-01;6.904515e-02;1.597731e-01;3.743419e-02;3.872511e-02;3.003030e-02;5.991292e-02;3.170573e-02;9.182004e-02;4.989788e-02;8.426337e-02;6.438460e-02
2.584470e-01;8.377506e-02;1.736324e-01;3.549914e-02;6.703198e-02;3.748554e-02;5.775923e-02;4.330977e-02;5.817747e-02;5.335575e-02;7.968424e-02;5.184245e-02
2.104876e-01;9.738466e-02;1.161172e-01;2.743506e-02;4.689749e-02;3.654994e-02;6.277909e-02;6.239407e-02;8.378736e-02;4.580519e-02;8.531846e-02;1.250439e-01
1.429381e-01;9.898464e-02;1.010954e-01;3.201940e-02;3.941041e-02;5.003996e-02;7.687518e-02;5.816211e-02;9.063838e-02;4.868839e-02;9.378449e-02;1.673636e-01
1.045204e-01;1.003114e-01;7.518408e-02;5.166975e-02;5.410954e-02;5.519788e-02;9.437884e-02;7.539507e-02;9.713478e-02;6.038716e-02;9.870045e-02;1.330107e-01
1.297858e-01;7.091631e-02;8.442602e-02;8.369939e-02;6.359636e-02;8.076196e-02;6.659231e-02;7.778511e-02;8.481021e-02;8.296835e-02;7.622702e-02;9.843114e-02
7.896306e-02;8.296795e-02;1.098515e-01;1.000152e-01;9.572718e-02;9.193372e-02;4.586561e-02;4.791216e-02;1.165792e-01;8.235462e-02;6.691626e-02;8.091349e-02
7.320474e-02;9.082168e-02;1.365458e-01;5.862879e-02;8.344483e-02;6.973853e-02;1.365941e-01;5.085026e-02;7.282013e-02;7.074738e-02;7.795107e-02;7.865269e-02
1.279485e-01;7.234206e-02;7.822653e-02;4.079610e-02;6.309713e-02;6.734230e-02;1.869908e-01;5.242571e-02;6.594145e-02;8.651422e-02;7.403284e-02;8.434240e-02
1.448038e-01;5.475161e-02;7.273696e-02;5.237366e-02;8.738806e-02;7.256702e-02;1.709501e-01;4.396485e-02;6.924064e-02;8.280336e-02;5.141613e-02;9.700374e-02
1.309067e-01;8.699425e-02;8.537595e-02;8.564351e-02;1.160989e-01;5.768472e-02;1.203627e-01;3.756275e-02;7.442190e-02;7.144070e-02;3.476685e-02;9.874120e-02
8.930189e-02;1.861544e-01;1.028698e-01;1.413377e-01;1.146984e-01;3.067777e-02;6.064030e-02;3.973746e-02;5.849818e-02;6.578920e-02;4.818856e-02;6.210637e-02
4.651342e-02;2.769560e-01;1.371836e-01;1.619923e-01;8.997409e-02;2.450306e-02;4.272960e-02;5.348466e-02;4.300984e-02;5.971656e-02;4.678787e-02;1.714901e-02
3.830686e-02;2.612709e-01;1.573061e-01;1.552024e-01;8.614476e-02;3.807688e-02;4.114859e-02;5.227635e-02;3.537180e-02;8.098648e-02;3.945758e-02;1.445132e-02
4.860032e-02;2.280225e-01;1.402273e-01;1.567641e-01;9.494036e-02;3.721291e-02;2.208717e-02;4.891707e-02;2.757168e-02;1.402474e-01;3.140617e-02;2.400308e-02
2.517586e-02;1.960345e-01;1.750138e-01;1.606801e-01;8.981787e-02;2.975570e-02;2.312667e-02;7.238863e-02;2.492584e-02;1.516026e-01;3.228559e-02;1.919290e-02
1.815513e-02;1.708907e-01;1.796592e-01;2.022239e-01;8.491591e-02;3.858429e-02;2.140639e-02;1.116416e-01;2.140437e-02;9.828963e-02;3.738117e-02;1.544767e-02
1.542079e-02;1.607572e-01;1.854791e-01;2.050410e-01;9.005459e-02;3.573173e-02;3.592345e-02;1.475252e-01;3.066253e-02;4.999674e-02;3.378628e-02;9.621410e-03
1.232321e-02;1.719545e-01;1.929079e-01;1.613996e-01;8.981312e-02;4.537384e-02;1.585614e-02;1.943580e-01;2.820755e-02;4.112572e-02;4.043775e-02;6.242632e-03
1.795879e-02;1.714313e-01;1.904218e-01;1.403521e-01;8.686125e-02;5.414241e-02;1.471820e-02;2.012496e-01;1.337762e-02;3.369588e-02;6.686072e-02;8.930304e-03
2.542647e-02;1.383916e-01;2.107298e-01;1.055171e-01;8.261545e-02;4.912699e-02;4.642942e-02;1.433181e-01;1.212837e-02;4.497927e-02;1.256523e-01;1.568502e-02
2.940216e-02;9.744161e-02;2.252265e-01;9.961659e-02;6.930874e-02;4.772951e-02;7.697079e-02;9.206513e-02;2.617619e-02;6.731142e-02;1.533389e-01;1.541245e-02
6.352665e-02;9.189739e-02;1.634255e-01;1.088850e-01;6.517469e-02;4.660472e-02;9.809532e-02;8.145390e-02;3.482112e-02;9.273951e-02;1.280410e-01;2.533525e-02
8.777978e-02;1.085267e-01;3.024688e-01;9.750029e-02;5.531066e-02;1.684538e-02;7.607589e-02;9.557985e-02;2.321136e-02;6.555725e-02;3.965918e-02;3.148493e-02
4.154660e-02;9.507652e-02;3.677815e-01;1.135983e-01;4.575510e-02;2.599640e-02;5.844590e-02;9.607366e-02;2.508324e-02;5.172747e-02;5.835414e-02;2.056117e-02
3.697583e-02;1.366145e-01;2.845319e-01;1.160684e-01;4.296127e-02;2.916701e-02;6.296804e-02;1.143830e-01;2.526397e-02;2.971957e-02;9.497912e-02;2.636747e-02
4.860669e-02;1.865931e-01;1.838115e-01;8.337386e-02;6.790245e-02;4.019329e-02;3.009005e-02;1.333593e-01;4.229101e-02;4.608967e-02;9.602238e-02;4.166673e-02
9.911659e-02;8.743703e-02;1.487763e-01;3.735105e-02;5.838087e-02;4.401595e-02;1.527011e-01;6.634756e-02;1.005566e-01;7.706642e-02;6.154350e-02;6.670702e-02
9.041288e-02;4.169621e-02;1.289483e-01;2.900361e-02;6.870779e-02;6.217689e-02;2.018922e-01;3.872449e-02;1.095901e-01;1.116701e-01;6.609600e-02;5.108144e-02
7.416785e-02;3.800331e-02;1.410266e-01;3.088394e-02;7.203834e-02;6.943974e-02;2.036487e-01;3.038163e-02;1.151990e-01;1.255291e-01;5.363509e-02;4.604667e-02
5.796250e-02;4.586701e-02;1.314638e-01;3.469762e-02;7.778178e-02;9.153943e-02;1.942547e-01;2.907873e-02;9.954530e-02;9.980629e-02;9.482174e-02;4.318107e-02
5.362478e-02;5.711364e-02;1.533037e-01;5.692499e-02;6.019407e-02;9.737311e-02;1.435664e-01;7.528342e-02;5.478255e-02;7.403602e-02;1.431348e-01;3.066253e-02
3.111975e-02;5.035770e-02;1.722929e-01;7.429015e-02;5.919007e-02;8.660622e-02;1.052041e-01;1.086316e-01;5.984142e-02;5.683548e-02;1.699471e-01;2.568347e-02
2.578738e-02;4.675062e-02;2.240891e-01;7.272961e-02;5.901271e-02;8.156168e-02;8.620007e-02;1.164094e-01;5.475595e-02;4.399095e-02;1.695044e-01;1.920810e-02
2.921475e-02;2.840897e-02;2.149494e-01;1.021796e-01;6.772727e-02;5.897510e-02;7.811360e-02;1.378642e-01;5.910879e-02;9.103715e-02;1.091291e-01;2.329213e-02
1.599488e-02;2.651664e-02;1.557107e-01;1.537267e-01;8.929839e-02;4.428450e-02;5.482585e-02;2.241223e-01;4.579100e-02;7.655422e-02;9.352585e-02;1.964897e-02
1.013876e-02;2.869379e-02;1.502217e-01;1.858901e-01;1.061896e-01;4.154120e-02;7.309829e-02;2.642902e-01;2.190343e-02;4.246435e-02;6.097377e-02;1.459485e-02
1.305883e-02;3.285521e-02;2.413471e-01;1.822025e-01;1.084558e-01;4.782073e-02;1.028073e-01;1.925033e-01;1.402286e-02;2.575256e-02;2.041140e-02;1.876232e-02
3.094826e-02;6.718233e-02;3.128569e-01;1.491327e-01;8.743256e-02;5.172133e-02;8.986417e-02;1.247257e-01;2.407718e-02;2.794915e-02;1.903142e-02;1.507828e-02
6.192996e-02;1.240204e-01;3.930045e-01;1.123788e-01;4.903099e-02;5.410670e-02;4.502418e-02;5.017632e-02;4.195772e-02;2.315237e-02;2.751191e-02;1.770614e-02
4.148324e-02;1.169080e-01;4.773988e-01;7.925831e-02;5.106933e-02;6.206898e-02;4.130744e-02;3.257709e-02;3.071997e-02;3.630375e-02;1.562819e-02;1.527691e-02
1.913349e-02;6.928369e-02;5.554369e-01;6.311185e-02;7.287288e-02;4.167781e-02;5.787467e-02;2.880945e-02;1.861167e-02;5.576152e-02;8.123949e-03;9.302059e-03
2.924050e-02;3.162420e-02;4.835868e-01;7.001346e-02;8.757912e-02;3.361157e-02;8.377589e-02;4.769804e-02;2.719256e-02;6.823301e-02;2.133978e-02;1.610499e-02
3.619463e-02;2.286610e-02;2.507586e-01;1.325917e-01;8.973360e-02;4.854866e-02;9.526382e-02;1.496796e-01;3.189684e-02;5.593590e-02;6.612400e-02;2.040662e-02
2.148569e-02;1.584677e-02;1.145945e-01;1.685643e-01;5.627920e-02;4.428678e-02;6.973719e-02;2.787936e-01;3.414791e-02;3.337010e-02;1.453620e-01;1.753188e-02
8.479377e-03;1.407216e-02;7.170857e-02;1.784160e-01;2.222734e-02;3.037403e-02;2.601100e-02;3.325522e-01;4.362082e-02;9.997241e-03;2.539023e-01;8.638984e-03
2.730617e-02;1.153668e-02;1.097238e-01;1.541050e-01;1.650289e-02;2.874818e-02;2.317484e-02;2.268115e-01;4.685814e-02;4.686308e-02;3.031617e-01;5.208144e-03
5.850557e-02;1.605647e-02;1.588997e-01;1.030896e-01;2.653644e-02;1.816938e-02;5.834876e-02;1.054815e-01;5.254569e-02;1.276058e-01;2.502469e-01;2.451422e-02
7.313070e-02;3.095322e-02;1.628234e-01;5.705281e-02;3.464263e-02;3.000973e-02;7.087054e-02;6.056936e-02;8.017061e-02;1.731584e-01;1.456454e-01;8.097319e-02
7.396712e-02;5.117196e-02;1.528091e-01;4.540664e-02;3.470477e-02;5.292983e-02;6.553455e-02;7.149932e-02;9.921731e-02;1.304008e-01;7.602523e-02;1.463334e-01
4.882487e-02;7.154269e-02;1.783072e-01;8.056613e-02;5.199216e-02;4.310269e-02;6.325042e-02;1.030108e-01;6.316298e-02;7.821238e-02;9.570245e-02;1.223254e-01
2.928889e-02;7.301101e-02;2.072868e-01;9.352959e-02;5.865120e-02;2.731175e-02;4.032581e-02;8.991788e-02;7.474317e-02;1.022460e-01;1.655682e-01;3.811967e-02
5.003751e-02;5.970543e-02;1.863519e-01;6.695145e-02;4.492686e-02;2.965216e-02;3.817561e-02;1.212875e-01;8.710150e-02;7.655983e-02;2.063270e-01;3.292320e-02
7.825357e-02;4.397428e-02;8.545786e-02;6.794225e-02;3.215715e-02;3.318089e-02;6.324458e-02;1.476882e-01;1.215686e-01;1.106256e-01;1.743526e-01;4.155439e-02
6.224219e-02;4.004532e-02;1.145997e-01;5.911870e-02;2.965957e-02;2.324655e-02;5.336985e-02;1.034406e-01;1.107683e-01;1.620301e-01;1.799201e-01;6.155898e-02
4.246103e-02;4.059498e-02;1.274028e-01;6.355475e-02;4.381050e-02;2.872684e-02;4.049787e-02;1.270483e-01;6.727507e-02;1.182553e-01;2.075824e-01;9.279012e-02
1.028911e-01;1.116399e-01;1.031224e-01;4.369281e-02;4.734258e-02;4.430643e-02;5.787704e-02;6.262647e-02;7.389075e-02;1.051176e-01;1.705241e-01;7.696897e-02
1.560315e-01;1.519521e-01;1.309449e-01;4.146843e-02;4.925575e-02;5.194407e-02;7.160524e-02;5.109298e-02;7.271257e-02;7.831600e-02;9.379634e-02;5.088012e-02
1.635220e-01;1.418753e-01;1.364937e-01;4.892585e-02;6.598947e-02;4.225897e-02;5.925148e-02;6.714106e-02;7.431364e-02;7.008341e-02;5.491152e-02;7.523369e-02
1.224189e-01;8.105455e-02;9.735112e-02;5.707280e-02;6.078298e-02;3.883455e-02;6.071894e-02;8.383211e-02;8.079749e-02;7.083892e-02;6.377601e-02;1.825217e-01
1.359893e-01;5.170407e-02;5.675793e-02;4.524680e-02;4.201276e-02;7.244942e-02;1.099249e-01;8.938349e-02;5.264680e-02;9.479780e-02;6.903916e-02;1.800475e-01
1.913103e-01;4.366024e-02;3.532580e-02;3.160201e-02;4.458987e-02;1.254655e-01;1.147598e-01;7.611381e-02;3.304771e-02;1.393524e-01;5.613445e-02;1.086382e-01
2.335178e-01;2.054544e-02;2.387470e-02;2.582913e-02;6.448554e-02;1.849199e-01;8.341393e-02;6.249346e-02;4.893523e-02;1.390734e-01;4.302533e-02;6.988624e-02
1.926275e-01;1.355883e-02;2.458912e-02;2.508057e-02;7.093719e-02;2.169849e-01;7.498100e-02;4.372212e-02;1.063659e-01;1.175229e-01;3.418892e-02;7.944097e-02
1.266747e-01;2.100805e-02;3.247022e-02;3.785718e-02;5.929803e-02;2.184948e-01;1.135584e-01;3.839615e-02;9.636609e-02;1.581772e-01;2.959175e-02;6.810751e-02
1.212506e-01;2.680318e-02;7.994849e-02;5.699014e-02;8.827033e-02;2.094304e-01;1.136028e-01;5.221063e-02;5.693285e-02;1.337946e-01;2.598354e-02;3.478240e-02
1.194502e-01;2.650213e-02;1.257364e-01;4.440286e-02;1.449223e-01;1.560730e-01;1.342873e-01;5.724145e-02;8.817172e-02;4.720816e-02;2.462711e-02;3.137727e-02
7.045966e-02;1.945805e-02;1.035726e-01;3.680127e-02;1.920455e-01;1.124461e-01;1.565045e-01;4.510843e-02;1.265756e-01;5.791014e-02;2.191074e-02;5.720743e-02
3.887353e-02;1.783757e-02;1.518670e-01;5.010852e-02;2.307206e-01;1.109697e-01;1.182915e-01;4.389746e-02;1.078782e-01;4.110133e-02;1.398510e-02;7.446958e-02
7.514577e-02;2.404496e-02;2.285353e-01;9.376377e-02;1.933738e-01;9.421982e-02;7.958554e-02;3.889786e-02;6.560814e-02;1.914999e-02;4.541892e-02;4.225623e-02
6.958205e-02;3.050044e-02;2.685321e-01;1.242132e-01;1.588581e-01;8.289880e-02;3.459209e-02;4.348332e-02;4.640976e-02;3.677984e-02;7.831383e-02;2.583646e-02
5.246666e-02;2.250751e-02;2.517447e-01;1.152642e-01;1.773213e-01;8.053558e-02;6.577530e-02;4.239838e-02;4.774401e-02;6.458211e-02;6.006128e-02;1.959894e-02
3.539093e-02;1.668302e-02;2.953747e-01;1.237157e-01;1.658191e-01;7.204544e-02;6.946103e-02;6.395651e-02;3.639680e-02;7.742658e-02;2.811988e-02;1.561024e-02
1.817764e-02;1.920877e-02;3.885424e-01;1.460947e-01;9.007911e-02;8.372238e-02;5.063346e-02;7.424604e-02;1.905127e-02;5.651276e-02;4.384929e-02;9.882260e-03
1.467351e-02;1.404717e-02;5.043792e-01;1.357961e-01;6.463395e-02;7.221921e-02;5.921324e-02;5.076013e-02;1.576872e-02;2.141992e-02;3.864135e-02;8.447539e-03
2.482423e-02;1.285911e-02;6.036682e-01;9.297279e-02;6.468894e-02;4.463774e-02;7.903886e-02;1.611951e-02;1.383652e-02;1.832195e-02;1.687909e-02;1.215307e-02
2.458110e-02;2.234064e-02;6.608430e-01;5.004786e-02;5.893648e-02;2.294606e-02;9.751948e-02;7.386290e-03;1.164145e-02;3.070986e-02;5.896635e-03;7.151127e-03
2.527571e-02;6.763941e-02;6.399395e-01;3.967902e-02;4.637286e-02;2.975244e-02;7.553918e-02;1.496461e-02;9.658500e-03;3.414103e-02;5.459156e-03;1.157854e-02
4.615339e-02;1.342616e-01;5.346634e-01;4.700693e-02;2.661388e-02;5.464337e-02;5.736984e-02;2.139616e-02;2.408901e-02;2.103115e-02;1.281472e-02;1.995647e-02
1.032622e-01;1.464223e-01;3.777125e-01;4.766100e-02;4.183719e-02;5.724183e-02;9.762920e-02;3.358674e-02;2.943023e-02;2.697428e-02;1.920446e-02;1.903803e-02
1.375520e-01;1.032550e-01;2.400797e-01;7.117318e-02;5.444073e-02;6.619606e-02;1.118377e-01;5.699828e-02;3.386054e-02;5.839827e-02;1.871035e-02;4.749824e-02
1.183229e-01;6.648457e-02;1.378255e-01;1.151395e-01;3.930588e-02;6.540878e-02;1.685597e-01;5.757103e-02;3.221715e-02;8.163229e-02;1.662088e-02;1.009117e-01
7.683623e-02;3.716452e-02;8.306599e-02;1.140786e-01;4.215917e-02;4.639903e-02;2.639630e-01;6.400836e-02;3.113133e-02;5.675099e-02;2.900216e-02;1.554407e-01
3.985742e-02;2.617415e-02;1.096188e-01;7.138379e-02;5.282733e-02;5.229604e-02;2.790542e-01;6.935732e-02;5.103521e-02;2.873328e-02;5.003028e-02;1.696322e-01
3.208970e-02;4.572114e-02;1.144391e-01;7.312484e-02;4.631304e-02;4.556813e-02;2.519214e-01;5.526334e-02;5.438003e-02;2.293782e-02;6.209040e-02;1.961510e-01
3.790263e-02;8.267472e-02;6.148488e-02;9.855755e-02;2.827289e-02;3.192742e-02;2.356314e-01;4.412179e-02;3.744387e-02;2.309938e-02;5.008411e-02;2.687994e-01
4.685442e-02;1.072311e-01;4.364889e-02;1.040166e-01;1.521909e-02;2.894525e-02;1.997118e-01;3.906295e-02;4.093370e-02;2.144044e-02;4.255047e-02;3.103853e-01
5.282598e-02;1.286823e-01;2.591725e-02;1.113336e-01;1.273476e-02;2.367859e-02;1.748363e-01;2.731531e-02;3.182511e-02;3.463717e-02;4.562711e-02;3.305865e-01
5.734700e-02;1.286007e-01;2.240961e-02;1.344469e-01;1.019110e-02;1.549800e-02;1.619994e-01;2.143872e-02;1.988208e-02;5.696839e-02;4.421734e-02;3.270007e-01
5.794811e-02;1.031954e-01;1.437252e-02;1.675341e-01;1.013180e-02;1.134038e-02;1.505632e-01;2.411838e-02;1.544247e-02;9.031858e-02;2.978885e-02;3.252463e-01
4.920080e-02;6.487569e-02;7.903587e-03;1.988229e-01;8.675729e-03;8.142745e-03;1.363745e-01;2.731212e-02;1.007985e-02;1.394310e-01;1.596595e-02;3.332152e-01
5.061604e-02;4.348911e-02;7.998510e-03;2.065601e-01;5.493173e-03;9.090084e-03;1.158253e-01;2.870224e-02;1.006833e-02;1.908504e-01;1.839985e-02;3.129068e-01
6.205548e-02;2.284558e-02;7.315859e-03;2.023138e-01;7.301320e-03;1.643735e-02;1.091856e-01;3.900829e-02;1.141966e-02;2.471682e-01;1.317760e-02;2.617713e-01
8.269504e-02;9.582353e-03;5.460880e-03;1.728023e-01;1.563844e-02;2.953840e-02;1.100346e-01;6.177186e-02;2.486871e-02;2.969179e-01;1.674982e-02;1.739397e-01
9.964699e-02;1.557576e-02;1.293560e-02;1.363032e-01;1.650573e-02;3.897459e-02;9.518925e-02;7.392644e-02;3.252665e-02;3.322723e-01;2.339855e-02;1.227450e-01
1.275411e-01;1.368739e-02;1.743047e-02;1.298785e-01;2.377678e-02;4.360976e-02;7.455777e-02;7.462339e-02;4.082318e-02;3.375098e-01;2.143479e-02;9.512715e-02
1.517139e-01;1.249761e-02;1.636992e-02;1.028744e-01;3.096628e-02;4.398593e-02;7.183313e-02;9.863576e-02;4.540672e-02;3.221748e-01;2.648495e-02;7.705662e-02
1.462916e-01;1.404301e-02;1.621265e-02;6.455757e-02;3.268095e-02;3.729212e-02;7.045738e-02;1.009795e-01;4.115928e-02;3.375862e-01;2.148410e-02;1.172557e-01
8.942869e-02;1.798421e-02;9.488156e-03;1.057984e-01;2.588333e-02;3.013263e-02;9.322722e-02;6.786524e-02;2.814503e-02;3.604509e-01;1.403939e-02;1.575569e-01
4.931317e-02;2.071452e-02;8.234791e-03;1.562966e-01;1.656961e-02;2.170710e-02;1.176931e-01;3.361110e-02;1.389202e-02;3.351227e-01;9.503411e-03;2.173419e-01
3.300241e-02;2.468528e-02;4.315447e-03;1.837595e-01;1.122626e-02;1.595489e-02;1.412109e-01;2.041613e-02;7.365935e-03;2.643203e-01;1.080069e-02;2.829424e-01
2.328104e-02;4.457392e-02;1.080121e-02;1.766911e-01;3.729327e-03;1.074191e-02;1.621164e-01;2.172630e-02;1.251759e-02;1.730120e-01;2.522874e-02;3.355805e-01
2.106109e-02;6.234574e-02;1.682493e-02;1.354733e-01;6.904926e-03;1.102731e-02;1.695081e-01;3.259422e-02;2.939794e-02;9.632552e-02;5.191113e-02;3.666258e-01
1.653441e-02;6.117249e-02;1.948383e-02;7.665244e-02;1.581414e-02;2.205393e-02;1.506941e-01;4.910055e-02;7.797834e-02;6.740111e-02;1.094556e-01;3.336590e-01
2.767710e-02;3.834497e-02;3.670054e-02;3.090790e-02;2.769968e-02;5.882712e-02;9.317992e-02;6.042472e-02;1.739751e-01;4.750228e-02;2.222518e-01;1.825088e-01
