3.486946e-02;7.369376e-02;9.006760e-02;2.323867e-02;3.539890e-02;2.069638e-01;1.849427e-01;1.985946e-01;6.279837e-02;3.529333e-02;3.395305e-02;2.018576e-02
2.317533e-02;5.968190e-02;6.419776e-02;1.966873e-02;2.476564e-02;1.867682e-01;2.338501e-01;2.784632e-01;5.151714e-02;2.227318e-02;2.542158e-02;1.021716e-02
8.605951e-03;2.835251e-02;5.344690e-02;9.297686e-03;1.420833e-02;1.561735e-01;2.209167e-01;4.341955e-01;4.195774e-02;1.120978e-02;1.029810e-02;1.133735e-02
7.986305e-03;1.896254e-02;5.055467e-02;1.011594e-02;8.437173e-03;1.005089e-01;1.135099e-01;5.946735e-01;6.398560e-02;1.298608e-02;5.093092e-03;1.318635e-02
9.767921e-03;1.323842e-02;3.022817e-02;2.083564e-02;1.616112e-02;8.316149e-02;5.627812e-02;6.130754e-01;1.319942e-01;1.209718e-02;6.065811e-03;7.096453e-03
1.093268e-02;8.857534e-03;1.900672e-02;3.440113e-02;1.865374e-02;5.896964e-02;1.339068e-01;4.779091e-01;2.071183e-01;1.528162e-02;8.475474e-03;6.487337e-03
1.122131e-02;1.347362e-02;2.514347e-02;3.767442e-02;1.942721e-02;7.409982e-02;1.448110e-01;3.545987e-01;2.592882e-01;3.349693e-02;1.481972e-02;1.194562e-02
1.077538e-02;2.703169e-02;4.642205e-02;3.324995e-02;2.771614e-02;9.315187e-02;1.195139e-01;2.593722e-01;2.748805e-01;7.289941e-02;2.160869e-02;1.337821e-02
1.466776e-02;2.358969e-02;4.621536e-02;1.927696e-02;4.197283e-02;9.391180e-02;8.290140e-02;2.644962e-01;2.367577e-01;1.462113e-01;1.309300e-02;1.690606e-02
1.549578e-02;1.611827e-02;2.264348e-02;9.270123e-03;5.759531e-02;1.068444e-01;3.297053e-02;2.994303e-01;2.176269e-01;1.874040e-01;2.508448e-02;9.516370e-03
1.711429e-02;2.900056e-02;3.572891e-02;8.957603e-03;6.148178e-02;1.159079e-01;2.569532e-02;2.862140e-01;1.371273e-01;2.260337e-01;4.841339e-02;8.325242e-03
1.144875e-02;3.559503e-02;3.942903e-02;1.470084e-02;3.805357e-02;5.508928e-02;8.348015e-02;2.685136e-01;2.267966e-01;1.788045e-01;3.539149e-02;1.269715e-02
1.817426e-02;3.478017e-02;3.172698e-02;2.359457e-02;2.181733e-02;7.500083e-02;1.037374e-01;2.690026e-01;2.673101e-01;1.114039e-01;2.594359e-02;1.750845e-02
2.980125e-02;3.201186e-02;2.384073e-02;2.856306e-02;1.649203e-02;1.020108e-01;1.297045e-01;3.233238e-01;2.138197e-01;4.825624e-02;3.255629e-02;1.961983e-02
3.704788e-02;4.330085e-02;5.235537e-02;2.727509e-02;2.893016e-02;1.659425e-01;1.630935e-01;3.209423e-01;9.453870e-02;2.686633e-02;2.296921e-02;1.673818e-02
3.845050e-02;4.878418e-02;1.026538e-01;1.812501e-02;4.761001e-02;1.251937e-01;1.882590e-01;2.877894e-01;5.998188e-02;4.872224e-02;1.322750e-02;2.120267e-02
3.280278e-02;4.657286e-02;8.917566e-02;1.358024e-02;4.502767e-02;1.689840e-01;1.416366e-01;3.014717e-01;8.620901e-02;4.751881e-02;8.762019e-03;1.825854e-02
2.025605e-02;7.440574e-02;1.197244e-01;3.625792e-02;2.021779e-02;2.078267e-01;1.306426e-01;1.556211e-01;1.383863e-01;2.051364e-02;4.389132e-02;3.225637e-02
3.019182e-02;8.622517e-02;1.295102e-01;5.995098e-02;5.852840e-02;9.977587e-02;1.176558e-01;9.844474e-02;1.146410e-01;7.243650e-02;8.356112e-02;4.907833e-02
3.089789e-02;1.109300e-01;1.339743e-01;5.529004e-02;6.685480e-02;9.023884e-02;9.773481e-02;1.071327e-01;8.781921e-02;8.006980e-02;9.507959e-02;4.397810e-02
4.150140e-02;1.112729e-01;1.289978e-01;3.726915e-02;7.671654e-02;1.053223e-01;9.847265e-02;1.289714e-01;1.028415e-01;4.569442e-02;9.251489e-02;3.042510e-02
5.038853e-02;7.723025e-02;7.035407e-02;6.892852e-02;1.062504e-01;1.585961e-01;1.375601e-01;1.337268e-01;9.390169e-02;2.108130e-02;6.361859e-02;1.836373e-02
6.334931e-02;6.968646e-02;1.653370e-02;2.504783e-02;5.638758e-02;2.244109e-01;2.342072e-01;1.555038e-01;4.161479e-02;3.177810e-02;4.016151e-02;4.131880e-02
7.469422e-02;6.845055e-02;1.504046e-02;2.184424e-02;3.060861e-02;2.535247e-01;2.331501e-01;1.223558e-01;3.383530e-02;6.134094e-02;2.994361e-02;5.521156e-02
1.134040e-01;4.644608e-02;1.763495e-02;1.923399e-02;4.815077e-02;2.839453e-01;1.545063e-01;8.523621e-02;4.481472e-02;8.634273e-02;1.160469e-02;8.868024e-02
1.084582e-01;2.640775e-02;3.334036e-02;2.208715e-02;1.016101e-01;2.352646e-01;5.756298e-02;4.373516e-02;6.328809e-02;6.925413e-02;4.163948e-02;1.973521e-01
5.269665e-02;5.901729e-02;3.745187e-02;6.479508e-02;1.243441e-01;1.320106e-01;2.202873e-02;4.101881e-02;5.772651e-02;3.097213e-02;1.275586e-01;2.503795e-01
3.277497e-02;1.088562e-01;5.750022e-02;1.141490e-01;8.595248e-02;7.362904e-02;2.343890e-02;6.108814e-02;3.135011e-02;3.375299e-02;2.471316e-01;1.303764e-01
1.881611e-02;1.085099e-01;1.130591e-01;1.412301e-01;5.329781e-02;6.428126e-02;1.772033e-02;6.968506e-02;2.374936e-02;6.992032e-02;2.876438e-01;3.208686e-02
4.287007e-02;8.651072e-02;2.027852e-01;1.121142e-01;2.260852e-02;7.834216e-02;1.895147e-02;5.948968e-02;3.253767e-02;1.058043e-01;1.973421e-01;4.064386e-02
6.710608e-02;1.220103e-01;2.886558e-01;5.825527e-02;3.668751e-02;4.349467e-02;3.252930e-02;4.680770e-02;5.475330e-02;1.225352e-01;8.301023e-02;4.415471e-02
7.460000e-02;1.881384e-01;2.712947e-01;4.664490e-02;4.704935e-02;5.815549e-02;3.239667e-02;4.209131e-02;4.877027e-02;9.725296e-02;6.028893e-02;3.331705e-02
5.776110e-02;2.227928e-01;2.479408e-01;4.488300e-02;5.788350e-02;9.390626e-02;3.753652e-02;5.793559e-02;3.666682e-02;5.590851e-02;5.825854e-02;2.852654e-02
3.133221e-02;1.982110e-01;3.522565e-01;7.354172e-02;6.466389e-02;4.254924e-02;4.156361e-02;4.273606e-02;4.449067e-02;4.298320e-02;4.675882e-02;1.891306e-02
2.342945e-02;1.766095e-01;3.766861e-01;8.555114e-02;6.356052e-02;5.596013e-02;3.025679e-02;3.641372e-02;3.667539e-02;5.574652e-02;4.687026e-02;1.224048e-02
3.213218e-02;2.417068e-01;3.136468e-01;5.930062e-02;5.142265e-02;8.129933e-02;1.482969e-02;3.364055e-02;4.779923e-02;4.791638e-02;5.335227e-02;2.295352e-02
3.394003e-02;3.141866e-01;2.579181e-01;3.820508e-02;3.089583e-02;8.253956e-02;2.107716e-02;3.719101e-02;6.663296e-02;2.549207e-02;6.025654e-02;3.166504e-02
3.477016e-02;3.381366e-01;2.592995e-01;4.060497e-02;2.968448e-02;9.206879e-02;1.393066e-02;5.202598e-02;5.786454e-02;1.849947e-02;4.090332e-02;2.221147e-02
3.508585e-02;3.676233e-01;2.615331e-01;2.896610e-02;2.113654e-02;8.613876e-02;1.324149e-02;7.056496e-02;5.484369e-02;2.843601e-02;1.923822e-02;1.319197e-02
4.027306e-02;3.280415e-01;3.383280e-01;3.338915e-02;1.873824e-02;4.954661e-02;1.631881e-02;5.880797e-02;4.033032e-02;2.889426e-02;1.958335e-02;2.774877e-02
3.520184e-02;3.021037e-01;3.955100e-01;4.732617e-02;2.536071e-02;4.062191e-02;1.724345e-02;3.687998e-02;2.987015e-02;2.525312e-02;1.951646e-02;2.511255e-02
4.428612e-02;3.116665e-01;3.605626e-01;3.314304e-02;2.360796e-02;4.777394e-02;2.091199e-02;2.876552e-02;2.468004e-02;3.078972e-02;4.361036e-02;3.020229e-02
6.079975e-02;2.962170e-01;2.748815e-01;2.227887e-02;3.266740e-02;7.519761e-02;2.438997e-02;2.851418e-02;3.657684e-02;2.836077e-02;7.810120e-02;4.201489e-02
4.249546e-02;2.493232e-01;2.273709e-01;3.719128e-02;4.259370e-02;1.377714e-01;1.579171e-02;4.540070e-02;4.114491e-02;3.965720e-02;8.503538e-02;3.622415e-02
2.438104e-02;2.222444e-01;2.510785e-01;3.731218e-02;3.228410e-02;1.696298e-01;2.982576e-02;4.519582e-02;3.488220e-02;4.843701e-02;7.390029e-02;3.082890e-02
4.068985e-02;1.996494e-01;2.589116e-01;4.162627e-02;4.944583e-02;1.567148e-01;3.600759e-02;5.436874e-02;3.201939e-02;2.544216e-02;5.763553e-02;4.748889e-02
2.421531e-02;1.726098e-01;2.747146e-01;6.014752e-02;3.927045e-02;9.127464e-02;6.566344e-02;7.173984e-02;4.176095e-02;2.494182e-02;7.376909e-02;5.989254e-02
2.731264e-02;1.730016e-01;3.071701e-01;6.093146e-02;3.208910e-02;1.134263e-01;4.196462e-02;8.277555e-02;3.699550e-02;2.204473e-02;7.089024e-02;3.139813e-02
1.747574e-02;2.273330e-01;3.410307e-01;6.155313e-02;4.194952e-02;1.028070e-01;2.469637e-02;5.253398e-02;2.684819e-02;2.070240e-02;4.619562e-02;3.687442e-02
2.401762e-02;2.962014e-01;3.754339e-01;4.918479e-02;3.053021e-02;6.042926e-02;1.533776e-02;3.485378e-02;3.109605e-02;2.008408e-02;3.535041e-02;2.748073e-02
2.001688e-02;3.451203e-01;3.734639e-01;3.169705e-02;2.064329e-02;3.176793e-02;2.137105e-02;3.871996e-02;4.567724e-02;1.511902e-02;3.557295e-02;2.083039e-02
2.359979e-02;3.734287e-01;3.012603e-01;3.445251e-02;1.939237e-02;5.329772e-02;3.056787e-02;3.564847e-02;5.903416e-02;2.008241e-02;2.985031e-02;1.938541e-02
4.326433e-02;4.112768e-01;2.351281e-01;4.305917e-02;1.884569e-02;5.519217e-02;2.838307e-02;3.961863e-02;5.580260e-02;2.221267e-02;2.474476e-02;2.247201e-02
7.759436e-02;4.318206e-01;1.790097e-01;4.392906e-02;1.382920e-02;4.706185e-02;2.690064e-02;5.683530e-02;5.215728e-02;2.406167e-02;2.090760e-02;2.589270e-02
6.506539e-02;3.440427e-01;2.378098e-01;4.571463e-02;1.831664e-02;6.947663e-02;2.399896e-02;7.355367e-02;4.262448e-02;2.289007e-02;2.201479e-02;3.449229e-02
3.897980e-02;2.178017e-01;3.143884e-01;5.497617e-02;2.180705e-02;8.701711e-02;4.367678e-02;9.353510e-02;4.503500e-02;2.507493e-02;2.098079e-02;3.672717e-02
4.149048e-02;2.423636e-01;2.450662e-01;4.793049e-02;3.148893e-02;8.805622e-02;5.400833e-02;9.330201e-02;6.247731e-02;2.538071e-02;4.005797e-02;2.837765e-02
3.223807e-02;2.620460e-01;1.711860e-01;3.604418e-02;4.850025e-02;1.074841e-01;5.269485e-02;9.590144e-02;7.563424e-02;1.877118e-02;4.876668e-02;5.073300e-02
2.459373e-02;2.694969e-01;2.048240e-01;3.784019e-02;5.149072e-02;1.184730e-01;3.493135e-02;9.543946e-02;6.273418e-02;1.418465e-02;3.205613e-02;5.393581e-02
2.723674e-02;2.516765e-01;2.435337e-01;5.181090e-02;3.580235e-02;1.260440e-01;2.642933e-02;8.088548e-02;3.808799e-02;2.842150e-02;4.039209e-02;4.967933e-02
2.136193e-02;1.802402e-01;3.001951e-01;6.102467e-02;2.083453e-02;1.410230e-01;2.825776e-02;9.332873e-02;3.746209e-02;3.238380e-02;4.945589e-02;3.443233e-02
2.961368e-02;1.218975e-01;3.107598e-01;5.771074e-02;2.840555e-02;1.604997e-01;4.041765e-02;1.027793e-01;5.593481e-02;3.291282e-02;4.079925e-02;1.826926e-02
4.813492e-02;1.554337e-01;2.974465e-01;5.740201e-02;3.774652e-02;1.360701e-01;5.631822e-02;3.916290e-02;5.607405e-02;3.778633e-02;4.491346e-02;3.351128e-02
3.077316e-02;2.029610e-01;3.577133e-01;8.195982e-02;3.365444e-02;8.805016e-02;3.410840e-02;4.385706e-02;3.536133e-02;4.205316e-02;2.238386e-02;2.712440e-02
2.679746e-02;2.114252e-01;4.448585e-01;9.134336e-02;1.546275e-02;3.894029e-02;2.946889e-02;3.291911e-02;2.369326e-02;4.697830e-02;1.834953e-02;1.976334e-02
3.257960e-02;1.464813e-01;4.783147e-01;1.203376e-01;3.288642e-02;1.200108e-02;2.525855e-02;2.590334e-02;2.637933e-02;5.078523e-02;3.632767e-02;1.274523e-02
3.164469e-02;9.779137e-02;4.661133e-01;1.196861e-01;4.268656e-02;3.650617e-02;3.058191e-02;4.293361e-02;3.759954e-02;3.532837e-02;4.889133e-02;1.023712e-02
3.056674e-02;1.231054e-01;4.491159e-01;3.838166e-02;7.653794e-02;5.111666e-02;3.072829e-02;5.148557e-02;5.810586e-02;5.188379e-02;2.933274e-02;9.639396e-03
1.764461e-02;1.021600e-01;3.813043e-01;8.466788e-02;1.180838e-01;5.272610e-02;3.012484e-02;3.844057e-02;5.316154e-02;9.995613e-02;8.561705e-03;1.316853e-02
1.425349e-02;1.478254e-01;3.539738e-01;7.181310e-02;1.116642e-01;4.680450e-02;2.113237e-02;5.182937e-02;4.646308e-02;1.144822e-01;3.189227e-03;1.656928e-02
9.840068e-03;2.287204e-01;3.376130e-01;3.132574e-02;7.094648e-02;4.069259e-02;1.602086e-02;7.847080e-02;5.303092e-02;1.085191e-01;5.118352e-03;1.970182e-02
1.071335e-02;3.045954e-01;3.408544e-01;1.841442e-02;2.214471e-02;3.412645e-02;1.747806e-02;9.038889e-02;5.363264e-02;8.185954e-02;5.582295e-03;2.020987e-02
1.478649e-02;3.422974e-01;3.488228e-01;1.368082e-02;1.128982e-02;3.093036e-02;1.292742e-02;9.119479e-02;4.915448e-02;6.342788e-02;6.787173e-03;1.470069e-02
1.985075e-02;3.394168e-01;3.637230e-01;1.667451e-02;1.528560e-02;2.792276e-02;1.146789e-02;7.202750e-02;4.173970e-02;7.046417e-02;1.049547e-02;1.093181e-02
2.079521e-02;2.809393e-01;4.160931e-01;3.993854e-02;2.575692e-02;3.128350e-02;1.991222e-02;5.008786e-02;2.737256e-02;6.043523e-02;2.046725e-02;6.918272e-03
1.645565e-02;1.903330e-01;4.460952e-01;9.397333e-02;3.422558e-02;5.035136e-02;2.017325e-02;4.344264e-02;2.846326e-02;3.484895e-02;3.659330e-02;5.044453e-03
1.452935e-02;6.806077e-02;4.266629e-01;1.471519e-01;2.943520e-02;7.592303e-02;1.648600e-02;5.479125e-02;5.292794e-02;5.022809e-02;5.639577e-02;7.407763e-03
1.620526e-02;1.188966e-01;2.765295e-01;1.582856e-01;2.003967e-02;7.403030e-02;2.431487e-02;7.794254e-02;1.030297e-01;4.311563e-02;7.358143e-02;1.402895e-02
1.597317e-02;1.490693e-01;2.967386e-01;1.409112e-01;2.722771e-02;2.566093e-02;2.917491e-02;6.112305e-02;1.152850e-01;6.380259e-02;6.499352e-02;1.003999e-02
1.634638e-02;1.811364e-01;3.187620e-01;1.072402e-01;4.700549e-02;2.213942e-02;3.238023e-02;4.871422e-02;1.035596e-01;6.536889e-02;4.871546e-02;8.631798e-03
1.529632e-02;2.122001e-01;3.183538e-01;7.493506e-02;5.022365e-02;4.500358e-02;2.333537e-02;5.200811e-02;9.654245e-02;4.148769e-02;6.308537e-02;7.528526e-03
1.082774e-02;1.787938e-01;4.297636e-01;5.982871e-02;3.051895e-02;4.766147e-02;1.417254e-02;4.605719e-02;7.630537e-02;6.352190e-02;3.531715e-02;7.231540e-03
1.319683e-02;1.382787e-01;4.823588e-01;1.002078e-01;2.159138e-02;4.031911e-02;1.639279e-02;4.340342e-02;6.345528e-02;3.283121e-02;3.607335e-02;1.189138e-02
1.325517e-02;1.282280e-01;4.549409e-01;1.076903e-01;3.898718e-02;7.916177e-02;1.201544e-02;2.995000e-02;4.516865e-02;2.933745e-02;4.682409e-02;1.444102e-02
2.081696e-02;1.785569e-01;4.080406e-01;9.561414e-02;4.353425e-02;8.908257e-02;1.413748e-02;2.970085e-02;3.861002e-02;2.269761e-02;4.476845e-02;1.444012e-02
2.883545e-02;2.155060e-01;3.936557e-01;9.122437e-02;4.107533e-02;5.718975e-02;1.713981e-02;3.303555e-02;3.453213e-02;3.451817e-02;4.091533e-02;1.237246e-02
3.369708e-02;2.362546e-01;4.264334e-01;8.974394e-02;2.100954e-02;3.452910e-02;1.154045e-02;2.959312e-02;3.358239e-02;3.196420e-02;4.090187e-02;1.075040e-02
3.987030e-02;2.107783e-01;4.340124e-01;7.135031e-02;2.094517e-02;4.633207e-02;1.792957e-02;4.154223e-02;3.968283e-02;3.055871e-02;3.560280e-02;1.139529e-02
4.136512e-02;3.161142e-01;3.878087e-01;3.010286e-02;2.557147e-02;4.794560e-02;1.101261e-02;4.819293e-02;3.144666e-02;2.505477e-02;2.447145e-02;1.091363e-02
4.981871e-02;3.609559e-01;2.815162e-01;4.649366e-02;3.013456e-02;5.213219e-02;8.125356e-03;5.756248e-02;4.148991e-02;2.932557e-02;2.005852e-02;2.238692e-02
5.485778e-02;3.708106e-01;2.317599e-01;6.351918e-02;3.053536e-02;4.024186e-02;1.238825e-02;6.390617e-02;4.683688e-02;3.661108e-02;2.267247e-02;2.586046e-02
3.783668e-02;3.789437e-01;3.176756e-01;4.732016e-02;2.239956e-02;3.172577e-02;1.539787e-02;5.712359e-02;3.402416e-02;1.957159e-02;1.712927e-02;2.085208e-02
2.842591e-02;3.523804e-01;3.405256e-01;4.122239e-02;2.959352e-02;5.721812e-02;1.883675e-02;5.064712e-02;3.127293e-02;2.392098e-02;1.147777e-02;1.447857e-02
2.811035e-02;3.651446e-01;3.409774e-01;3.640974e-02;2.786415e-02;5.627282e-02;1.714703e-02;3.735773e-02;2.632555e-02;3.482965e-02;1.566647e-02;1.389446e-02
2.610809e-02;3.500878e-01;3.838246e-01;4.487546e-02;2.593260e-02;4.341692e-02;1.392296e-02;2.282568e-02;2.574500e-02;2.975621e-02;1.123955e-02;2.226513e-02
2.346508e-02;3.103267e-01;4.489189e-01;5.262879e-02;1.242610e-02;4.146550e-02;9.202536e-03;2.301708e-02;2.662948e-02;2.201189e-02;1.207353e-02;1.783447e-02
2.124513e-02;2.614329e-01;4.619663e-01;5.371985e-02;2.156616e-02;6.253252e-02;1.939598e-02;1.788262e-02;3.107040e-02;2.404839e-02;1.312747e-02;1.201236e-02
2.096928e-02;1.699090e-01;3.521424e-01;3.747436e-02;4.632849e-02;1.949738e-01;2.192962e-02;3.734159e-02;4.163771e-02;3.348541e-02;2.529859e-02;1.850979e-02
2.671578e-02;1.124947e-01;2.195091e-01;3.561848e-02;4.960012e-02;3.456655e-01;2.120236e-02;6.930451e-02;3.976997e-02;4.210183e-02;2.085669e-02;1.716105e-02
4.134479e-02;7.687953e-02;1.464552e-01;1.516778e-02;3.003516e-02;4.540192e-01;3.039718e-02;1.039668e-01;2.903871e-02;5.626751e-02;1.082637e-02;5.601817e-03
5.711785e-02;5.388227e-02;1.355801e-01;1.717735e-02;1.293636e-02;5.149070e-01;3.323619e-02;9.448162e-02;1.673835e-02;4.880541e-02;7.897816e-03;7.239675e-03
7.143176e-02;6.180447e-02;9.348246e-02;1.588079e-02;2.613514e-02;5.820957e-01;2.178163e-02;7.574934e-02;1.078241e-02;2.676875e-02;8.661632e-03;5.425886e-03
6.890367e-02;7.531062e-02;5.359995e-02;1.573588e-02;2.677888e-02;6.243206e-01;1.139741e-02;5.545478e-02;1.912630e-02;3.046119e-02;7.171514e-03;1.173920e-02
5.792997e-02;7.640994e-02;8.911578e-02;2.312248e-02;3.895215e-02;6.055945e-01;1.282278e-02;4.119422e-02;1.702159e-02;2.669549e-02;4.124112e-03;7.017064e-03
4.939234e-02;7.520641e-02;1.580880e-01;2.650162e-02;3.216758e-02;5.466663e-01;1.323870e-02;4.158607e-02;1.722992e-02;3.132474e-02;3.476477e-03;5.121791e-03
5.007361e-02;7.015435e-02;1.747302e-01;2.286364e-02;2.434950e-02;5.636271e-01;1.587115e-02;2.631165e-02;1.592894e-02;2.885316e-02;3.594695e-03;3.642046e-03
4.038426e-02;5.722419e-02;1.706678e-01;2.366985e-02;2.462675e-02;5.654147e-01;1.411566e-02;5.757058e-02;1.154456e-02;2.048884e-02;4.587330e-03;9.705520e-03
2.534902e-02;7.781900e-02;1.526663e-01;4.218600e-02;4.561299e-02;5.065194e-01;2.087398e-02;7.428467e-02;1.708227e-02;1.822677e-02;5.678836e-03;1.370079e-02
2.217702e-02;9.962578e-02;2.281703e-01;4.100100e-02;3.751194e-02;4.256983e-01;2.028242e-02;6.993009e-02;1.487810e-02;1.332625e-02;1.413141e-02;1.326736e-02
3.398545e-02;1.031754e-01;2.899040e-01;2.012496e-02;4.448739e-02;3.428761e-01;2.023719e-02;6.678089e-02;1.766204e-02;2.106991e-02;2.255899e-02;1.713772e-02
4.116743e-02;1.078452e-01;2.206932e-01;3.511804e-02;5.037381e-02;3.828056e-01;1.512199e-02;5.646514e-02;2.069442e-02;2.575756e-02;2.318502e-02;2.077263e-02
4.860557e-02;1.619352e-01;2.227888e-01;3.633258e-02;2.613644e-02;3.345895e-01;2.774431e-02;4.792172e-02;2.462809e-02;4.117891e-02;1.518259e-02;1.295627e-02
3.937043e-02;1.475615e-01;2.923351e-01;4.918553e-02;3.669320e-02;2.648265e-01;2.225796e-02;3.556149e-02;3.009469e-02;6.354418e-02;1.149107e-02;7.078371e-03
2.565879e-02;1.168883e-01;2.349981e-01;7.479207e-02;5.120160e-02;3.160519e-01;1.719910e-02;4.672652e-02;3.019845e-02;6.379170e-02;1.010190e-02;1.239173e-02
2.171928e-02;1.044163e-01;2.115448e-01;7.892210e-02;4.342384e-02;3.658797e-01;1.770863e-02;5.749853e-02;2.375323e-02;5.005758e-02;6.167583e-03;1.890853e-02
2.879636e-02;1.083022e-01;2.452510e-01;6.931545e-02;3.238072e-02;3.728105e-01;2.230049e-02;2.892570e-02;3.341026e-02;3.347535e-02;8.525805e-03;1.650618e-02
4.081691e-02;9.074230e-02;2.093845e-01;4.648901e-02;3.721710e-02;3.680459e-01;2.540944e-02;9.814226e-02;3.508922e-02;3.079355e-02;8.891631e-03;8.978254e-03
4.212945e-02;7.188167e-02;1.686976e-01;2.713778e-02;4.632226e-02;4.302272e-01;2.940173e-02;1.198126e-01;2.415956e-02;2.551191e-02;9.475860e-03;5.242371e-03
4.084548e-02;5.700039e-02;1.277305e-01;4.213145e-02;8.133418e-02;4.647933e-01;1.607361e-02;9.691644e-02;2.745750e-02;2.410660e-02;1.501947e-02;6.591114e-03
3.150785e-02;9.419807e-02;2.007360e-01;8.848834e-02;1.105547e-01;3.114942e-01;1.593991e-02;6.346449e-02;2.579948e-02;2.331389e-02;1.954738e-02;1.495568e-02
1.905584e-02;1.251287e-01;2.628055e-01;8.453478e-02;8.942936e-02;2.595188e-01;1.374757e-02;6.637529e-02;2.098314e-02;2.473943e-02;2.190203e-02;1.177961e-02
3.132987e-02;1.345116e-01;2.346910e-01;6.113799e-02;7.793342e-02;2.778012e-01;2.818260e-02;8.129942e-02;2.775232e-02;2.120490e-02;1.496328e-02;9.192496e-03
4.923438e-02;1.369518e-01;1.452200e-01;2.057071e-02;7.563520e-02;3.597035e-01;4.084244e-02;1.000603e-01;2.789642e-02;2.608624e-02;6.767212e-03;1.103173e-02
3.666817e-02;1.190751e-01;1.521651e-01;3.524959e-02;3.893274e-02;4.159519e-01;3.492351e-02;9.661563e-02;2.685831e-02;2.278911e-02;1.270653e-02;8.064402e-03
2.319925e-02;1.463093e-01;2.176329e-01;3.132863e-02;5.131706e-02;3.793203e-01;2.388270e-02;5.967049e-02;1.825018e-02;1.623497e-02;1.561279e-02;1.724145e-02
1.593427e-02;1.560576e-01;2.719969e-01;2.390564e-02;4.781374e-02;3.517783e-01;2.127258e-02;4.814561e-02;1.361763e-02;1.936748e-02;1.417550e-02;1.593470e-02
1.894917e-02;1.622161e-01;2.615204e-01;4.083312e-02;3.192941e-02;3.493852e-01;1.833638e-02;4.776582e-02;2.478065e-02;1.986023e-02;1.588193e-02;8.541653e-03
1.320851e-02;1.426052e-01;2.190995e-01;5.290172e-02;3.824065e-02;3.657448e-01;1.520003e-02;7.226438e-02;3.976365e-02;1.842899e-02;1.782786e-02;4.714817e-03
7.090969e-03;1.258187e-01;2.877813e-01;4.924319e-02;3.244088e-02;3.237715e-01;1.432888e-02;6.552373e-02;4.676572e-02;2.146105e-02;1.762280e-02;8.151270e-03
3.283989e-02;1.367583e-01;3.070894e-01;3.106190e-02;1.658638e-02;2.053148e-01;3.709187e-02;6.656688e-02;5.395233e-02;3.229899e-02;4.545178e-02;3.498751e-02
5.764043e-02;1.133678e-01;1.494236e-01;3.083711e-02;4.420842e-02;1.452132e-01;8.951619e-02;8.557463e-02;5.193593e-02;5.558852e-02;9.756996e-02;7.912423e-02
3.987102e-02;1.060043e-01;1.212500e-01;3.870695e-02;6.088839e-02;1.471360e-01;9.305259e-02;9.466655e-02;4.438303e-02;6.384160e-02;1.020126e-01;8.818692e-02
2.009236e-02;1.105731e-01;1.877353e-01;5.092131e-02;6.361718e-02;1.223546e-01;7.210966e-02;8.459892e-02;4.570089e-02;8.879866e-02;8.219535e-02;7.130262e-02
3.063422e-02;1.282654e-01;2.337036e-01;6.935054e-02;4.849309e-02;6.768245e-02;3.467960e-02;7.618935e-02;5.510197e-02;1.581045e-01;4.650536e-02;5.129000e-02
4.085413e-02;1.567771e-01;1.703861e-01;7.974437e-02;2.758371e-02;5.791493e-02;1.891916e-02;6.889457e-02;1.073551e-01;1.866788e-01;4.332367e-02;4.156845e-02
8.682448e-02;1.324755e-01;1.041991e-01;7.214841e-02;5.679214e-02;6.018933e-02;1.993663e-02;1.315710e-01;1.171795e-01;1.400165e-01;5.538672e-02;2.328073e-02
1.604298e-01;6.615951e-02;1.220260e-01;3.486224e-02;8.882570e-02;6.261347e-02;3.938219e-02;2.341835e-01;7.373079e-02;6.536905e-02;3.741478e-02;1.500298e-02
2.030535e-01;3.005572e-02;1.385303e-01;1.953742e-02;8.052950e-02;6.743328e-02;4.337218e-02;3.106133e-01;3.337093e-02;2.997157e-02;1.693365e-02;2.659867e-02
1.864400e-01;3.706095e-02;1.403563e-01;2.813047e-02;6.844878e-02;6.345112e-02;3.797409e-02;3.319828e-01;2.924723e-02;3.706700e-02;1.249130e-02;2.734994e-02
1.514517e-01;4.856696e-02;1.243054e-01;2.863681e-02;7.977559e-02;5.299191e-02;5.923967e-02;3.645033e-01;2.267914e-02;3.840711e-02;1.556747e-02;1.387498e-02
1.201703e-01;3.038766e-02;9.496699e-02;2.791709e-02;1.246050e-01;4.995943e-02;4.773390e-02;4.051285e-01;2.627345e-02;3.754085e-02;1.709377e-02;1.822310e-02
7.535443e-02;5.147124e-02;6.558520e-02;2.504954e-02;1.193349e-01;5.832531e-02;5.415959e-02;3.944921e-01;6.134115e-02;5.173278e-02;2.430065e-02;1.885311e-02
2.856587e-02;9.000473e-02;6.493093e-02;2.914605e-02;6.764041e-02;7.101047e-02;9.534205e-02;3.270706e-01;1.138195e-01;7.714216e-02;2.114918e-02;1.417812e-02
2.034832e-02;1.400182e-01;1.210030e-01;2.861321e-02;3.123657e-02;7.812385e-02;8.734667e-02;2.361491e-01;1.283830e-01;9.348727e-02;1.315163e-02;2.213905e-02
3.954631e-02;2.198168e-01;1.901290e-01;2.017887e-02;1.902538e-02;5.396944e-02;5.603173e-02;1.737711e-01;8.859742e-02;1.059753e-01;9.735902e-03;2.322279e-02
5.531032e-02;2.705501e-01;2.458301e-01;2.102781e-02;2.070814e-02;4.753551e-02;3.461321e-02;1.579822e-01;2.880912e-02;9.754105e-02;6.162446e-03;1.392996e-02
4.502763e-02;2.362976e-01;2.579486e-01;3.364849e-02;3.198192e-02;7.809657e-02;1.808953e-02;1.733645e-01;3.429294e-02;7.359038e-02;8.475662e-03;9.186135e-03
3.164272e-02;2.027322e-01;2.223880e-01;3.485236e-02;4.518006e-02;8.986700e-02;2.223399e-02;2.248931e-01;3.808559e-02;5.963119e-02;1.499110e-02;1.350273e-02
4.743888e-02;1.568264e-01;1.482469e-01;3.206325e-02;4.702719e-02;9.755082e-02;5.091159e-02;2.637857e-01;4.916644e-02;6.229728e-02;3.340823e-02;1.127722e-02
5.565162e-02;1.193268e-01;1.544646e-01;2.668605e-02;5.435203e-02;1.140347e-01;4.265831e-02;2.327902e-01;7.594972e-02;7.252769e-02;3.298580e-02;1.857254e-02
5.226199e-02;1.699625e-01;2.106222e-01;2.810963e-02;4.469698e-02;1.333410e-01;3.031781e-02;1.560581e-01;1.013767e-01;3.467673e-02;2.635536e-02;1.222108e-02
5.551811e-02;2.019111e-01;2.486795e-01;3.765255e-02;5.435148e-02;1.294757e-01;4.666665e-02;1.019752e-01;6.067221e-02;3.952001e-02;9.934505e-03;1.364304e-02
5.890884e-02;1.955763e-01;2.030550e-01;4.550567e-02;5.810398e-02;1.278124e-01;3.022471e-02;1.416490e-01;3.717695e-02;5.979073e-02;1.761808e-02;2.457830e-02
7.498539e-02;1.702575e-01;1.881938e-01;4.296782e-02;4.269870e-02;1.307959e-01;1.064640e-02;1.601504e-01;5.420462e-02;6.751714e-02;2.512413e-02;3.245831e-02
1.000402e-01;1.284063e-01;1.814167e-01;3.864183e-02;3.714982e-02;1.290388e-01;6.059314e-02;1.793652e-01;5.295352e-02;4.702575e-02;2.040007e-02;2.496872e-02
1.092106e-01;6.156178e-02;1.610092e-01;4.127353e-02;5.453915e-02;1.634395e-01;8.256503e-02;2.025616e-01;5.481204e-02;2.489933e-02;1.420711e-02;2.992108e-02
6.973770e-02;7.829416e-02;1.586366e-01;4.381364e-02;7.044879e-02;1.672068e-01;7.073388e-02;1.761047e-01;6.276468e-02;6.298375e-02;1.743336e-02;2.184189e-02
6.090731e-02;1.261102e-01;1.822699e-01;2.255047e-02;6.060811e-02;1.788611e-01;6.039697e-02;1.353780e-01;4.704769e-02;6.331082e-02;3.131180e-02;3.124771e-02
6.876387e-02;1.051670e-01;1.757927e-01;2.456411e-02;4.691714e-02;2.339378e-01;3.986852e-02;1.598620e-01;5.506058e-02;4.580494e-02;2.221191e-02;2.204951e-02
3.867789e-02;9.061798e-02;1.355619e-01;2.134177e-02;3.797323e-02;3.652291e-01;3.154403e-02;1.722333e-01;4.752216e-02;4.021193e-02;6.431270e-03;1.265545e-02
2.209159e-02;1.052200e-01;1.242886e-01;1.767926e-02;4.374578e-02;4.416933e-01;3.120211e-02;1.275271e-01;3.401203e-02;3.536657e-02;7.500312e-03;9.673344e-03
5.424815e-02;9.408039e-02;1.120355e-01;2.478928e-02;3.245248e-02;4.843360e-01;3.112301e-02;7.058591e-02;3.562457e-02;4.071270e-02;8.411927e-03;1.160013e-02
8.964539e-02;6.039139e-02;7.161085e-02;1.573944e-02;3.465370e-02;4.523588e-01;1.047853e-01;7.543363e-02;1.944094e-02;5.461778e-02;7.522515e-03;1.380015e-02
1.202803e-01;3.754218e-02;2.999398e-02;7.850900e-03;2.958944e-02;4.776641e-01;1.259066e-01;5.403864e-02;1.676944e-02;7.341375e-02;9.973344e-03;1.697733e-02
1.133767e-01;4.086291e-02;5.132728e-02;1.331794e-02;5.579627e-02;4.604080e-01;8.917155e-02;3.554860e-02;4.089938e-02;5.053980e-02;8.214789e-03;4.053678e-02
8.140337e-02;4.555976e-02;7.450057e-02;9.338893e-03;1.238185e-01;3.966041e-01;3.174011e-02;2.174040e-02;8.384956e-02;2.561214e-02;1.132257e-02;9.450997e-02
3.790088e-02;3.314066e-02;5.636583e-02;3.464793e-02;1.938698e-01;2.947641e-01;1.409533e-02;3.333939e-02;1.157305e-01;1.489274e-02;2.430034e-02;1.469525e-01
1.282868e-02;1.945747e-02;3.110062e-02;5.569797e-02;2.338967e-01;2.612036e-01;1.201677e-02;5.096238e-02;1.129030e-01;1.474402e-02;2.629566e-02;1.688932e-01
3.779874e-02;1.852384e-02;2.733988e-02;6.205927e-02;2.160022e-01;2.874882e-01;3.574037e-02;7.206654e-02;8.292837e-02;2.682499e-02;1.785485e-02;1.153727e-01
3.532220e-02;5.679911e-02;8.102046e-02;6.866387e-02;2.065457e-01;2.607768e-01;6.648670e-02;7.855533e-02;5.318302e-02;3.281288e-02;2.417841e-02;3.565557e-02
2.759575e-02;8.731880e-02;1.815600e-01;7.457564e-02;1.447518e-01;2.343016e-01;4.730699e-02;6.651587e-02;4.120478e-02;2.815644e-02;1.592048e-02;5.079181e-02
4.421067e-02;8.627585e-02;2.357318e-01;4.235414e-02;8.170164e-02;2.796000e-01;3.192703e-02;6.847093e-02;2.981699e-02;3.661107e-02;9.993486e-03;5.330639e-02
3.397802e-02;6.876770e-02;1.733626e-01;3.723125e-02;5.804715e-02;3.802774e-01;4.582019e-02;8.878849e-02;3.523517e-02;2.865870e-02;1.960699e-02;3.022631e-02
2.584997e-02;4.660933e-02;6.630242e-02;2.578716e-02;3.767245e-02;5.057139e-01;9.643824e-02;9.969828e-02;3.771587e-02;2.097035e-02;2.216386e-02;1.507817e-02
1.782118e-02;3.664477e-02;4.152311e-02;1.852359e-02;4.408030e-02;5.633137e-01;1.183800e-01;8.718482e-02;2.106431e-02;2.349246e-02;1.783234e-02;1.013942e-02
2.727412e-02;4.263234e-02;3.428341e-02;1.998105e-02;5.543255e-02;5.678861e-01;1.126888e-01;6.950564e-02;1.932676e-02;2.766832e-02;1.278616e-02;1.053469e-02
4.610014e-02;4.745115e-02;3.999131e-02;4.195461e-02;6.104344e-02;5.121130e-01;8.997352e-02;7.474793e-02;1.921127e-02;3.578667e-02;1.088218e-02;2.074475e-02
6.066255e-02;4.293231e-02;5.000933e-02;5.751517e-02;6.784625e-02;4.483852e-01;7.958801e-02;7.535294e-02;2.524114e-02;5.291211e-02;1.176717e-02;2.778784e-02
5.147424e-02;3.106543e-02;4.789302e-02;3.784267e-02;6.080559e-02;5.025232e-01;7.768908e-02;7.217295e-02;3.143565e-02;6.294586e-02;3.809294e-03;2.034301e-02
4.114988e-02;3.146679e-02;4.019818e-02;3.263085e-02;5.263327e-02;5.285625e-01;6.619457e-02;9.668409e-02;2.864882e-02;5.346804e-02;5.752331e-03;2.261066e-02
5.797376e-02;3.681205e-02;3.604796e-02;2.703124e-02;2.769611e-02;5.145900e-01;8.181342e-02;1.163043e-01;2.779376e-02;3.680733e-02;7.412549e-03;2.971752e-02
4.467985e-02;2.865011e-02;4.779314e-02;3.056526e-02;2.562531e-02;5.350529e-01;7.070886e-02;1.190870e-01;2.783144e-02;3.235079e-02;7.821956e-03;2.983331e-02
3.100993e-02;2.962599e-02;7.871374e-02;3.725679e-02;3.579400e-02;4.954809e-01;6.350325e-02;1.289634e-01;3.570817e-02;2.958754e-02;1.112892e-02;2.322739e-02
3.423415e-02;1.015079e-01;1.849805e-01;4.450094e-02;6.689608e-02;3.468552e-01;2.376770e-02;9.562744e-02;2.732191e-02;2.889155e-02;1.657648e-02;2.884008e-02
3.120717e-02;1.311556e-01;2.192153e-01;4.512661e-02;1.033361e-01;2.408582e-01;2.997368e-02;8.827416e-02;2.550220e-02;3.565872e-02;1.885567e-02;3.083652e-02
2.095031e-02;9.217242e-02;1.144595e-01;3.896107e-02;9.515230e-02;3.410438e-01;5.147291e-02;1.171066e-01;3.904190e-02;3.700678e-02;2.085155e-02;3.178084e-02
1.436550e-02;7.663387e-02;7.943854e-02;1.748072e-02;4.943544e-02;4.306627e-01;6.732988e-02;1.353370e-01;3.471648e-02;2.640529e-02;2.203532e-02;4.615924e-02
3.466977e-02;8.112697e-02;9.925468e-02;1.278692e-02;4.429886e-02;3.659745e-01;6.936299e-02;1.210952e-01;7.713497e-02;3.039718e-02;2.045176e-02;4.344614e-02
2.886451e-02;6.293446e-02;5.842887e-02;1.454873e-02;4.493381e-02;2.965182e-01;6.954855e-02;2.293700e-01;1.111529e-01;3.149261e-02;2.303419e-02;2.917318e-02
2.074734e-02;7.362112e-02;4.884921e-02;1.252737e-02;4.817833e-02;2.035768e-01;1.337979e-01;3.131085e-01;8.273181e-02;1.913550e-02;2.698430e-02;1.674178e-02
9.531613e-03;9.857395e-02;3.853574e-02;1.678023e-02;5.781908e-02;1.769526e-01;1.744800e-01;3.389852e-01;4.076330e-02;7.531121e-03;3.406439e-02;5.982750e-03
1.750913e-02;1.167691e-01;3.661501e-02;1.541567e-02;5.156940e-02;2.219737e-01;1.807757e-01;2.729858e-01;4.481148e-02;6.927897e-03;3.023936e-02;4.407589e-03
2.008548e-02;1.175637e-01;5.588338e-02;1.032004e-02;3.892268e-02;3.045440e-01;1.819579e-01;1.837786e-01;4.601254e-02;1.052419e-02;1.890324e-02;1.150429e-02
1.793721e-02;9.312015e-02;7.817304e-02;1.338481e-02;4.380494e-02;3.026192e-01;1.662850e-01;1.748461e-01;6.321693e-02;1.573392e-02;1.019972e-02;2.067908e-02
1.162027e-02;8.773406e-02;1.165880e-01;3.322905e-02;6.588339e-02;3.318557e-01;7.539511e-02;1.722901e-01;5.883434e-02;1.579044e-02;1.006032e-02;2.071930e-02
1.427079e-02;6.380941e-02;7.403050e-02;1.965420e-02;5.085332e-02;4.613011e-01;5.940900e-02;1.959674e-01;2.897001e-02;1.271623e-02;1.163129e-02;7.386763e-03
2.251416e-02;5.107655e-02;4.036622e-02;1.927421e-02;5.114281e-02;4.193697e-01;8.242759e-02;2.199375e-01;4.870056e-02;1.762494e-02;1.749644e-02;1.006935e-02
2.777792e-02;3.494172e-02;7.971919e-02;2.866476e-02;6.736656e-02;3.915022e-01;3.086369e-02;2.041682e-01;5.059613e-02;3.259242e-02;3.002600e-02;2.178123e-02
4.866495e-02;4.364573e-02;8.540063e-02;3.469465e-02;7.169990e-02;3.116860e-01;7.616578e-02;1.620001e-01;6.758618e-02;3.482312e-02;2.330054e-02;4.033244e-02
4.858649e-02;7.510772e-02;9.386326e-02;4.925827e-02;7.506254e-02;3.434650e-01;7.258748e-02;8.879718e-02;6.466331e-02;2.825312e-02;1.663569e-02;4.371995e-02
2.114034e-02;7.546650e-02;9.036838e-02;6.745289e-02;7.063105e-02;3.159389e-01;7.606792e-02;1.428412e-01;5.315998e-02;3.374881e-02;1.486160e-02;3.832240e-02
3.035829e-02;1.074815e-01;9.372449e-02;6.475300e-02;8.137724e-02;3.296030e-01;5.619897e-02;1.189539e-01;3.814290e-02;3.394118e-02;1.086896e-02;3.459643e-02
2.279245e-02;1.000627e-01;8.310735e-02;2.649130e-02;5.274299e-02;2.752744e-01;1.185376e-01;1.756976e-01;8.443394e-02;2.906489e-02;1.602638e-02;1.576838e-02
1.380010e-02;5.657931e-02;5.033506e-02;1.710688e-02;2.797396e-02;2.158578e-01;1.478945e-01;3.214974e-01;9.655602e-02;2.541101e-02;1.709818e-02;9.889757e-03
1.902209e-02;4.411622e-02;3.005187e-02;1.224909e-02;2.072259e-02;2.742714e-01;1.474062e-01;3.452178e-01;7.217970e-02;1.337427e-02;1.478305e-02;6.605698e-03
1.911614e-02;4.255437e-02;2.200446e-02;1.075749e-02;1.591223e-02;4.066168e-01;1.531378e-01;2.730645e-01;3.978902e-02;3.738643e-03;9.641279e-03;3.667333e-03
8.390008e-03;4.503605e-02;1.762877e-02;5.530268e-03;1.778535e-02;4.986791e-01;1.526722e-01;2.172979e-01;1.998164e-02;5.800657e-03;6.167485e-03;5.030593e-03
2.106595e-02;3.383699e-02;1.948307e-02;6.023554e-03;1.526890e-02;5.455298e-01;1.255364e-01;1.850328e-01;2.890167e-02;7.689149e-03;3.227453e-03;8.404252e-03
3.290278e-02;2.661039e-02;3.457269e-02;5.525836e-03;1.729817e-02;6.064608e-01;5.651590e-02;1.606102e-01;3.264887e-02;1.610828e-02;4.438554e-03;6.307589e-03
3.389475e-02;3.392636e-02;4.660279e-02;9.199570e-03;1.319774e-02;5.645558e-01;5.384636e-02;1.777965e-01;2.893687e-02;2.525625e-02;4.712764e-03;8.074347e-03
4.048652e-02;3.824916e-02;4.261177e-02;1.121241e-02;2.693939e-02;5.678353e-01;7.638844e-02;1.172532e-01;2.800976e-02;3.224254e-02;4.566776e-03;1.420477e-02
3.392103e-02;5.320073e-02;7.041396e-02;2.767221e-02;4.186233e-02;5.166041e-01;5.119703e-02;1.037403e-01;4.312902e-02;2.676667e-02;1.026208e-02;2.123049e-02
1.676168e-02;7.132451e-02;1.311511e-01;3.946610e-02;3.453839e-02;4.315203e-01;4.022795e-02;1.415692e-01;3.356620e-02;1.988952e-02;1.499841e-02;2.498652e-02
6.586786e-03;4.896691e-02;1.254042e-01;5.948907e-02;6.758106e-02;3.342252e-01;7.591696e-02;9.799783e-02;6.222073e-02;4.113890e-02;4.886333e-02;3.160902e-02
2.729139e-02;5.023956e-02;8.779020e-02;6.249852e-02;1.122419e-01;2.406981e-01;1.168282e-01;5.684887e-02;7.398213e-02;6.110587e-02;6.553464e-02;4.494060e-02
5.948592e-02;6.661899e-02;5.678225e-02;7.871573e-02;1.297497e-01;1.848600e-01;1.111478e-01;7.066980e-02;8.369298e-02;6.155791e-02;3.718481e-02;5.953414e-02
7.515723e-02;7.257176e-02;8.032877e-02;1.322545e-01;7.886133e-02;1.443172e-01;7.683627e-02;1.016111e-01;7.959782e-02;6.477689e-02;3.458658e-02;5.910059e-02
5.059265e-02;4.285223e-02;9.973678e-02;8.653539e-02;5.910025e-02;1.214338e-01;3.532473e-02;1.694280e-01;1.293491e-01;1.067695e-01;5.477275e-02;4.410479e-02
2.279182e-02;2.643465e-02;6.995696e-02;4.184476e-02;4.060164e-02;9.433305e-02;2.020500e-02;2.131979e-01;2.387891e-01;1.434604e-01;5.974394e-02;2.864078e-02
1.342901e-02;2.817362e-02;5.544129e-02;5.385525e-02;2.690043e-02;1.149545e-01;1.325622e-02;2.021189e-01;3.216087e-01;1.236308e-01;3.225721e-02;1.437401e-02
1.040824e-02;1.976753e-02;3.791806e-02;6.142791e-02;2.530161e-02;1.501422e-01;3.808155e-02;2.399435e-01;3.113790e-01;8.499385e-02;1.239838e-02;8.238240e-03
8.648109e-03;1.966356e-02;2.776547e-02;5.246587e-02;2.276416e-02;1.759582e-01;5.411443e-02;3.669229e-01;1.665232e-01;7.931080e-02;1.602557e-02;9.837706e-03
1.127896e-02;1.602870e-02;4.208083e-02;3.349081e-02;2.071747e-02;1.575008e-01;4.355139e-02;4.083065e-01;1.750980e-01;6.338207e-02;1.361728e-02;1.494719e-02
1.332241e-02;1.166931e-02;4.235052e-02;7.040587e-02;1.591329e-02;1.318545e-01;3.414818e-02;3.935030e-01;2.277916e-01;3.406254e-02;1.266006e-02;1.231867e-02
1.377529e-02;2.181831e-02;2.998783e-02;8.007159e-02;9.534712e-03;1.477610e-01;3.678146e-02;3.674192e-01;2.510794e-01;2.316724e-02;1.082199e-02;7.781991e-03
1.068495e-02;3.189100e-02;3.129858e-02;5.510405e-02;1.110581e-02;1.741980e-01;3.179831e-02;3.654324e-01;2.432859e-01;2.004374e-02;1.049318e-02;1.466404e-02
1.332580e-02;3.604351e-02;3.533526e-02;2.386045e-02;1.565598e-02;1.763041e-01;2.098007e-02;4.631716e-01;1.738970e-01;1.796598e-02;8.129173e-03;1.533104e-02
1.176353e-02;2.587829e-02;5.131323e-02;1.435290e-02;2.298533e-02;1.522885e-01;4.945188e-02;5.269052e-01;9.972675e-02;2.271267e-02;7.805303e-03;1.481646e-02
9.595291e-03;2.730578e-02;4.960923e-02;1.212549e-02;1.764092e-02;2.523428e-01;8.628237e-02;4.607510e-01;5.520119e-02;1.386293e-02;7.651940e-03;7.631114e-03
1.572525e-02;1.981203e-02;3.436290e-02;1.911656e-02;1.233962e-02;3.385708e-01;9.514203e-02;3.740618e-01;5.198025e-02;2.303071e-02;1.102309e-02;4.834877e-03
1.781513e-02;1.798140e-02;2.538744e-02;1.855649e-02;2.796182e-02;4.274227e-01;7.147199e-02;2.953800e-01;5.480117e-02;2.674564e-02;8.313193e-03;8.162991e-03
1.609218e-02;1.883614e-02;2.372428e-02;3.373549e-02;6.663076e-02;4.825817e-01;4.887387e-02;1.761596e-01;8.080471e-02;2.832733e-02;5.031919e-03;1.920201e-02
9.035832e-03;3.156197e-02;1.070633e-01;1.007586e-01;1.185081e-01;3.587168e-01;3.827312e-02;5.954633e-02;1.021942e-01;2.889754e-02;1.805286e-02;2.739127e-02
1.751779e-02;5.162742e-02;2.183601e-01;1.419943e-01;8.473857e-02;2.189635e-01;1.408064e-02;1.383678e-01;4.901577e-02;2.352674e-02;2.946977e-02;1.233764e-02
2.036694e-02;8.371376e-02;3.233458e-01;1.045817e-01;4.648584e-02;1.608766e-01;2.056468e-02;1.341922e-01;4.061696e-02;3.211059e-02;2.165036e-02;1.149444e-02
1.439789e-02;1.516908e-01;4.124677e-01;5.784848e-02;2.138543e-02;5.550081e-02;2.011155e-02;1.109524e-01;4.969256e-02;5.141075e-02;1.673637e-02;3.780522e-02
1.156352e-02;2.210725e-01;4.005502e-01;3.114043e-02;1.152631e-02;9.690052e-02;1.197777e-02;6.026183e-02;4.745822e-02;4.458409e-02;1.621241e-02;4.675217e-02
1.720604e-02;3.142810e-01;4.024723e-01;1.212012e-02;1.381682e-02;7.471400e-02;6.598638e-03;3.872348e-02;5.250325e-02;2.895178e-02;9.108345e-03;2.950428e-02
2.094191e-02;3.595708e-01;3.636161e-01;1.251772e-02;2.556898e-02;7.873494e-02;4.137057e-03;5.473819e-02;4.746794e-02;1.712905e-02;3.773878e-03;1.180348e-02
2.216187e-02;3.859847e-01;3.411482e-01;1.507339e-02;2.205833e-02;8.391927e-02;5.340392e-03;5.431742e-02;4.332440e-02;1.721893e-02;2.772379e-03;6.680700e-03
2.786155e-02;3.970995e-01;3.439451e-01;1.677537e-02;1.399407e-02;7.192234e-02;1.106738e-02;4.253584e-02;4.745619e-02;1.529182e-02;6.305338e-03;5.745513e-03
3.459202e-02;3.926561e-01;3.460454e-01;1.869152e-02;1.046963e-02;6.730689e-02;1.375961e-02;3.670952e-02;5.150972e-02;1.218238e-02;1.097252e-02;5.104726e-03
3.317178e-02;3.524823e-01;3.086298e-01;2.435485e-02;1.304820e-02;1.017816e-01;2.174961e-02;4.457346e-02;6.619358e-02;1.413079e-02;1.543834e-02;4.445715e-03
4.236425e-02;3.170897e-01;2.150448e-01;2.301212e-02;2.912251e-02;1.677337e-01;2.176957e-02;6.514662e-02;8.634940e-02;1.072116e-02;1.307800e-02;8.568156e-03
4.289385e-02;2.531235e-01;2.006658e-01;1.709335e-02;2.984373e-02;2.142700e-01;2.375727e-02;1.040697e-01;6.679230e-02;1.750896e-02;1.106627e-02;1.891525e-02
2.827775e-02;2.706665e-01;2.563461e-01;2.525776e-02;1.696889e-02;1.507542e-01;3.211607e-02;1.409099e-01;3.190371e-02;2.042946e-02;1.068447e-02;1.568514e-02
2.981080e-02;2.999975e-01;3.447251e-01;2.501794e-02;1.132163e-02;5.524264e-02;2.926535e-02;1.466487e-01;2.245360e-02;1.548270e-02;8.656810e-03;1.137723e-02
2.549125e-02;2.641051e-01;3.439457e-01;1.832997e-02;1.573468e-02;8.974223e-02;1.748183e-02;1.439549e-01;4.298163e-02;2.484709e-02;5.142160e-03;8.243481e-03
