9.168632e-02;1.428557e-01;1.636349e-01;8.796996e-02;2.283965e-01;7.104441e-02;1.028019e-01;2.939908e-02;1.462690e-02;2.436938e-02;1.465654e-02;2.855844e-02
1.341503e-01;1.491427e-01;1.332103e-01;1.672077e-01;1.595170e-01;3.571601e-02;9.293796e-02;3.010108e-02;2.248436e-02;2.278002e-02;2.952903e-02;2.322358e-02
1.176223e-01;1.361125e-01;1.781150e-01;1.643860e-01;1.432955e-01;4.551569e-02;5.189992e-02;1.896050e-02;1.890762e-02;2.482377e-02;2.461727e-02;7.574393e-02
7.655852e-02;1.356871e-01;2.379885e-01;1.983338e-01;9.616491e-02;2.977657e-02;5.360397e-02;1.378243e-02;1.149380e-02;2.103493e-02;4.630940e-02;7.926600e-02
7.665197e-02;1.524470e-01;2.556203e-01;1.545573e-01;6.787945e-02;3.307264e-02;8.199843e-02;2.169726e-02;1.841894e-02;1.713578e-02;5.592139e-02;6.459954e-02
1.027349e-01;1.266993e-01;1.637714e-01;7.799936e-02;9.787661e-02;5.251788e-02;1.036286e-01;4.309563e-02;8.323487e-02;4.133109e-02;5.363128e-02;5.347918e-02
1.799908e-01;8.010384e-02;1.204935e-01;7.269590e-02;9.484270e-02;2.667904e-02;1.057146e-01;5.354194e-02;9.607574e-02;4.518732e-02;6.190209e-02;6.277256e-02
2.157569e-01;7.244725e-02;1.373701e-01;4.892785e-02;4.909519e-02;1.706766e-02;9.293079e-02;5.358529e-02;7.149959e-02;8.719627e-02;9.998089e-02;5.414217e-02
1.234140e-01;3.983202e-02;1.413613e-01;6.748050e-02;6.047180e-02;6.468089e-02;2.429319e-01;5.646852e-02;7.061720e-02;6.002993e-02;3.799103e-02;3.472090e-02
9.950983e-02;5.410696e-02;1.035345e-01;4.974448e-02;8.425333e-02;6.988760e-02;2.872231e-01;4.683979e-02;4.172986e-02;4.535095e-02;3.380165e-02;8.401795e-02
1.288773e-01;5.116045e-02;9.442979e-02;3.583780e-02;8.997590e-02;7.112779e-02;2.478907e-01;4.056037e-02;3.135826e-02;4.411690e-02;3.917699e-02;1.254877e-01
1.572766e-01;3.866092e-02;8.283909e-02;2.669181e-02;1.024474e-01;7.980589e-02;1.858257e-01;2.842228e-02;1.977909e-02;3.674494e-02;4.618486e-02;1.953215e-01
1.856187e-01;1.917491e-02;5.003749e-02;1.411388e-02;1.156202e-01;1.297611e-01;1.343810e-01;1.840954e-02;1.417367e-02;2.715871e-02;5.330461e-02;2.382461e-01
1.759503e-01;9.829436e-03;2.434311e-02;9.410225e-03;9.495862e-02;1.979451e-01;2.515814e-01;2.329895e-02;9.641170e-03;3.220022e-02;4.675192e-02;1.240896e-01
1.239364e-01;9.993025e-03;1.232516e-02;1.033205e-02;9.844523e-02;2.525980e-01;3.692437e-01;2.528503e-02;1.208179e-02;3.044748e-02;2.787484e-02;2.743732e-02
4.938497e-02;1.924545e-02;1.586311e-02;1.611748e-02;1.182264e-01;2.742706e-01;4.234132e-01;2.192750e-02;1.098467e-02;3.101753e-02;1.059711e-02;8.951963e-03
7.694163e-02;1.438469e-02;1.766371e-02;1.663369e-02;1.170373e-01;2.618904e-01;3.682554e-01;2.361690e-02;7.639896e-03;7.451995e-02;8.353458e-03;1.306301e-02
1.255300e-01;1.812245e-02;2.398966e-02;1.298559e-02;9.629290e-02;2.204731e-01;3.338852e-01;2.438794e-02;8.103836e-03;1.113859e-01;9.414721e-03;1.542871e-02
1.310639e-01;1.227847e-02;1.676428e-02;2.505104e-02;6.721671e-02;1.864316e-01;4.211183e-01;1.943057e-02;6.538892e-03;9.496906e-02;4.619569e-03;1.451756e-02
1.277014e-01;3.416133e-02;1.162280e-02;2.588206e-02;4.258366e-02;1.507346e-01;4.994995e-01;1.933426e-02;7.277310e-03;6.672885e-02;7.965218e-03;6.508956e-03
1.008602e-01;6.245959e-02;1.567391e-02;2.090072e-02;3.399593e-02;9.868018e-02;5.689485e-01;2.174058e-02;1.325848e-02;4.696050e-02;1.102588e-02;5.495521e-03
4.756479e-02;5.348381e-02;1.548746e-02;8.990387e-03;2.844592e-02;9.038029e-02;6.187952e-01;5.509863e-02;3.252551e-02;2.998026e-02;1.102912e-02;8.218622e-03
5.046560e-02;7.026978e-02;9.332248e-03;7.161191e-03;2.606102e-02;9.891070e-02;6.015262e-01;6.812327e-02;3.835835e-02;1.572808e-02;7.276709e-03;6.786763e-03
1.185199e-01;1.383742e-01;9.645363e-03;6.571821e-03;2.979814e-02;1.143881e-01;5.051509e-01;2.971892e-02;2.118923e-02;1.400926e-02;5.527528e-03;7.106520e-03
1.637965e-01;1.988648e-01;1.106889e-02;1.050565e-02;2.990067e-02;1.337874e-01;3.993732e-01;1.304789e-02;8.160077e-03;2.192166e-02;5.469176e-03;4.104057e-03
2.134187e-01;2.205771e-01;8.875599e-03;1.160527e-02;2.747634e-02;1.488001e-01;3.105308e-01;9.054453e-03;4.228030e-03;3.313889e-02;5.444622e-03;6.850051e-03
3.062370e-01;1.830048e-01;1.023176e-02;1.065462e-02;3.868711e-02;1.687414e-01;2.148115e-01;7.165771e-03;2.929081e-03;4.450218e-02;4.638238e-03;8.396406e-03
3.540533e-01;1.139748e-01;1.955892e-02;1.362098e-02;6.267864e-02;1.820726e-01;1.629744e-01;1.054492e-02;7.671359e-03;4.420494e-02;6.163032e-03;2.248211e-02
2.910727e-01;5.967981e-02;6.249694e-02;2.449715e-02;1.094976e-01;1.643890e-01;1.529319e-01;1.294220e-02;2.299063e-02;2.635258e-02;6.438662e-03;6.671076e-02
1.693234e-01;3.713423e-02;1.746542e-01;6.440160e-02;1.345876e-01;8.953512e-02;1.340145e-01;3.584653e-02;4.205238e-02;1.530667e-02;2.030829e-02;8.283539e-02
7.629580e-02;1.730058e-02;3.548596e-01;1.308189e-01;1.018940e-01;5.077694e-02;9.062865e-02;4.292292e-02;3.377768e-02;1.321779e-02;3.169561e-02;5.581151e-02
2.682121e-02;2.124271e-02;5.658582e-01;1.309905e-01;6.928598e-02;3.369003e-02;5.057333e-02;2.785431e-02;1.913249e-02;1.330301e-02;2.659303e-02;1.465514e-02
1.370551e-02;2.644301e-02;6.869795e-01;7.755619e-02;4.837714e-02;2.019079e-02;6.003239e-02;1.014377e-02;1.538982e-02;2.260717e-02;1.202333e-02;6.551360e-03
3.389968e-02;3.498842e-02;6.561959e-01;4.663451e-02;3.799499e-02;1.364194e-02;8.724549e-02;1.180795e-02;1.718483e-02;3.840405e-02;1.264529e-02;9.356934e-03
7.397407e-02;5.079763e-02;4.474978e-01;6.635193e-02;5.124271e-02;2.738896e-02;9.892460e-02;3.738625e-02;4.743988e-02;5.442534e-02;2.289302e-02;2.167789e-02
8.600797e-02;4.993316e-02;3.558042e-01;9.795433e-02;5.182607e-02;2.628485e-02;9.629028e-02;3.833430e-02;8.956038e-02;6.556753e-02;2.268546e-02;1.975152e-02
6.329472e-02;2.379815e-02;3.675109e-01;1.093159e-01;5.081789e-02;1.675671e-02;8.998848e-02;2.288864e-02;1.254977e-01;9.413372e-02;2.524446e-02;1.075277e-02
2.912640e-02;1.661434e-02;3.838734e-01;6.211474e-02;1.050183e-01;1.134044e-02;1.005944e-01;1.388512e-02;1.002131e-01;1.563200e-01;1.787935e-02;3.020419e-03
1.528559e-02;4.734701e-02;3.672330e-01;2.751130e-02;1.339633e-01;2.849748e-02;7.866547e-02;4.128984e-02;6.399734e-02;1.827514e-01;7.462201e-03;5.996091e-03
2.080690e-02;1.094227e-01;2.948899e-01;3.854020e-02;8.203235e-02;1.089466e-01;3.596673e-02;7.048784e-02;9.900076e-02;1.224607e-01;3.589244e-03;1.385604e-02
4.693227e-02;1.752574e-01;1.825163e-01;7.864239e-02;1.849004e-02;1.729151e-01;1.229906e-02;5.219107e-02;1.875716e-01;5.436642e-02;4.029623e-03;1.478870e-02
8.347927e-02;1.904252e-01;1.195089e-01;8.170009e-02;1.923447e-02;1.249119e-01;2.793631e-02;2.935152e-02;2.116802e-01;9.309404e-02;9.697049e-03;8.980960e-03
1.585300e-01;1.611739e-01;1.357891e-01;4.116957e-02;3.681584e-02;4.808778e-02;5.117671e-02;3.929239e-02;1.443420e-01;1.491493e-01;2.803068e-02;6.442750e-03
2.720056e-01;1.252773e-01;1.453238e-01;1.251828e-02;5.912657e-02;2.029843e-02;4.643240e-02;7.816756e-02;6.432901e-02;1.204330e-01;4.732605e-02;8.761997e-03
3.665831e-01;1.006829e-01;1.026645e-01;7.954807e-03;9.201431e-02;1.166602e-02;3.094821e-02;1.352239e-01;3.471455e-02;5.233530e-02;4.946908e-02;1.574332e-02
3.673400e-01;8.849172e-02;6.872652e-02;8.171363e-03;9.885811e-02;8.699414e-03;2.973185e-02;1.851255e-01;3.267093e-02;3.985021e-02;4.567781e-02;2.665658e-02
2.728870e-01;7.444945e-02;7.503367e-02;1.609197e-02;8.562437e-02;1.088313e-02;5.617911e-02;1.872106e-01;5.288427e-02;7.379413e-02;5.341799e-02;4.154426e-02
1.767219e-01;5.082148e-02;5.556989e-02;3.735459e-02;7.049363e-02;1.817004e-02;1.061798e-01;1.572386e-01;7.014819e-02;1.101146e-01;6.179610e-02;8.539120e-02
1.154786e-01;2.325429e-02;1.075139e-01;5.486907e-02;4.522026e-02;3.048946e-02;1.173051e-01;1.030892e-01;7.908277e-02;1.096046e-01;7.254560e-02;1.415472e-01
8.890820e-02;2.588105e-02;9.505864e-02;4.224884e-02;4.297469e-02;3.577471e-02;8.136782e-02;1.078144e-01;1.013357e-01;1.267946e-01;1.097619e-01;1.420794e-01
3.044865e-02;2.397910e-02;1.590395e-01;4.329082e-02;7.316571e-02;4.988994e-02;9.238746e-02;1.134425e-01;8.777612e-02;1.099013e-01;1.240049e-01;9.267393e-02
6.484932e-02;2.716166e-02;1.838604e-01;7.560860e-02;1.019725e-01;5.360684e-02;9.749826e-02;9.475920e-02;5.825147e-02;7.946543e-02;8.777854e-02;7.518783e-02
9.400839e-02;5.544957e-02;1.826229e-01;6.402416e-02;1.023360e-01;6.120234e-02;1.021888e-01;8.636934e-02;6.241136e-02;8.930048e-02;4.927597e-02;5.081071e-02
1.013526e-01;8.269951e-02;1.338738e-01;5.277840e-02;1.041724e-01;7.114425e-02;7.915986e-02;1.000568e-01;7.000181e-02;1.032327e-01;5.281416e-02;4.871362e-02
7.517932e-02;9.321230e-02;1.348241e-01;4.350369e-02;1.057255e-01;6.221004e-02;7.640233e-02;1.175688e-01;8.239005e-02;7.704424e-02;8.569798e-02;4.624164e-02
6.742997e-02;6.976928e-02;2.523195e-01;6.284765e-02;7.413914e-02;7.584446e-02;1.101619e-01;6.912892e-02;6.750452e-02;6.258301e-02;5.303090e-02;3.524072e-02
9.499018e-02;7.704833e-02;2.625882e-01;5.490503e-02;7.103197e-02;5.434909e-02;1.207115e-01;5.003431e-02;5.554310e-02;4.080067e-02;6.606582e-02;5.193178e-02
1.302400e-01;8.553333e-02;2.277533e-01;4.296121e-02;6.440317e-02;3.916248e-02;9.725757e-02;4.173055e-02;5.361744e-02;5.092221e-02;9.114043e-02;7.527833e-02
1.356808e-01;7.849343e-02;1.693508e-01;2.682848e-02;4.944396e-02;4.218118e-02;8.319242e-02;5.723111e-02;5.039753e-02;8.675116e-02;1.154508e-01;1.049984e-01
6.571376e-02;4.943244e-02;1.316509e-01;1.572128e-02;3.735698e-02;6.488023e-02;8.760384e-02;5.660843e-02;3.997541e-02;1.284341e-01;2.098294e-01;1.127932e-01
6.825371e-02;4.915545e-02;1.249132e-01;2.966888e-02;5.397714e-02;7.596593e-02;5.341585e-02;3.820425e-02;6.507338e-02;1.378057e-01;2.379963e-01;6.557016e-02
1.315053e-01;1.031133e-01;1.218519e-01;3.720348e-02;7.641109e-02;5.215520e-02;9.692331e-02;6.869020e-02;6.346235e-02;8.095514e-02;1.066443e-01;6.108457e-02
1.707312e-01;1.024028e-01;1.137977e-01;3.326165e-02;7.166148e-02;3.883459e-02;7.930829e-02;1.025042e-01;6.435905e-02;6.484814e-02;7.547112e-02;8.281983e-02
2.250765e-01;1.023583e-01;8.822785e-02;5.798787e-02;5.177362e-02;2.746467e-02;6.702501e-02;1.073491e-01;5.520720e-02;5.416847e-02;5.893232e-02;1.044291e-01
2.856008e-01;9.186473e-02;6.743640e-02;8.292403e-02;2.244958e-02;3.647355e-02;9.758657e-02;8.546741e-02;4.014122e-02;4.710845e-02;3.159907e-02;1.113483e-01
3.699052e-01;5.219434e-02;5.382465e-02;6.113319e-02;1.773875e-02;4.391661e-02;9.358879e-02;1.089428e-01;5.656210e-02;3.851029e-02;1.110763e-02;9.257564e-02
4.085030e-01;7.012476e-02;8.397261e-02;1.936293e-02;3.905456e-02;2.864482e-02;5.067844e-02;1.587471e-01;5.670763e-02;1.619420e-02;1.404234e-02;5.396761e-02
3.996347e-01;1.157328e-01;1.007380e-01;7.744354e-03;4.955501e-02;1.067165e-02;3.348152e-02;1.499523e-01;5.888806e-02;9.839543e-03;2.609153e-02;3.767046e-02
3.753520e-01;1.561000e-01;1.134591e-01;8.159745e-03;4.442242e-02;9.508045e-03;2.436121e-02;1.019699e-01;7.178362e-02;1.710190e-02;3.862621e-02;3.915579e-02
3.321533e-01;1.804455e-01;1.334381e-01;1.155849e-02;3.223347e-02;1.310012e-02;2.625254e-02;6.549851e-02;8.394258e-02;3.491307e-02;4.301716e-02;4.344718e-02
2.669232e-01;1.625394e-01;1.791633e-01;2.255107e-02;3.903615e-02;3.150906e-02;3.939231e-02;5.087066e-02;6.247027e-02;5.052430e-02;5.412359e-02;4.089668e-02
1.648733e-01;7.218187e-02;1.966078e-01;4.687034e-02;8.388951e-02;6.188900e-02;9.189547e-02;7.568485e-02;5.236438e-02;6.765697e-02;5.944434e-02;2.664215e-02
7.452419e-02;3.586052e-02;2.560846e-01;4.776701e-02;1.052283e-01;6.964574e-02;1.141205e-01;1.302149e-01;4.921177e-02;6.086097e-02;3.708787e-02;1.939367e-02
7.735898e-02;4.281168e-02;2.416922e-01;4.126202e-02;8.456709e-02;5.770935e-02;1.403879e-01;1.326243e-01;4.154271e-02;6.249601e-02;4.776407e-02;2.978367e-02
1.546931e-01;5.229649e-02;1.376255e-01;3.513364e-02;9.790963e-02;7.146393e-02;1.421510e-01;8.390388e-02;4.679563e-02;6.213545e-02;7.234355e-02;4.354815e-02
1.632348e-01;8.816025e-02;1.011702e-01;6.273370e-02;8.540787e-02;8.763157e-02;1.160568e-01;1.050540e-01;7.538095e-02;3.388018e-02;4.335225e-02;3.793742e-02
1.844921e-01;9.301757e-02;1.176164e-01;6.563179e-02;5.588465e-02;7.243280e-02;1.054299e-01;1.307190e-01;8.886244e-02;2.888746e-02;2.420439e-02;3.282159e-02
6.447439e-02;7.208479e-02;1.207937e-01;9.553517e-02;9.319527e-02;7.597221e-02;8.709547e-02;6.522426e-02;1.220502e-01;9.410458e-02;5.732998e-02;5.213993e-02
1.024315e-01;7.954749e-02;1.379510e-01;6.771700e-02;9.061521e-02;6.261412e-02;1.504678e-01;9.294444e-02;5.438244e-02;7.502627e-02;2.789163e-02;5.841110e-02
9.784868e-02;8.840455e-02;1.836848e-01;6.021293e-02;7.722949e-02;4.148936e-02;1.415687e-01;9.617817e-02;4.619112e-02;6.779567e-02;3.865659e-02;6.073998e-02
1.195237e-01;6.370577e-02;2.360714e-01;5.334913e-02;6.119420e-02;3.331962e-02;1.180133e-01;9.480356e-02;5.023869e-02;7.103685e-02;4.458469e-02;5.415904e-02
1.525441e-01;7.423653e-02;2.600632e-01;3.726878e-02;4.132346e-02;3.270478e-02;1.045975e-01;6.616393e-02;7.934326e-02;6.995962e-02;4.395062e-02;3.784421e-02
2.151930e-01;1.742672e-01;2.238281e-01;3.068231e-02;3.547738e-02;2.302702e-02;7.934017e-02;1.993848e-02;9.179135e-02;4.916266e-02;2.527626e-02;3.201605e-02
3.997309e-01;1.865994e-01;1.018675e-01;2.290702e-02;3.407425e-02;1.672226e-02;4.332042e-02;6.083524e-02;5.161912e-02;1.877140e-02;8.893787e-03;5.465865e-02
5.133631e-01;9.710228e-02;3.337613e-02;2.748622e-02;2.008300e-02;1.166532e-02;6.288191e-02;7.603015e-02;9.844138e-03;1.327982e-02;1.112393e-02;1.237640e-01
4.628878e-01;2.902649e-02;1.590036e-02;5.307938e-02;1.081918e-02;1.453940e-02;1.073919e-01;6.378848e-02;1.061274e-02;2.187721e-02;1.325503e-02;1.968220e-01
3.977905e-01;1.949193e-02;1.702671e-02;6.718841e-02;1.434073e-02;1.147964e-02;1.401980e-01;8.765030e-02;9.739088e-03;2.477044e-02;1.667035e-02;1.936540e-01
3.584061e-01;3.771031e-02;1.577426e-02;5.520891e-02;8.670761e-02;2.683597e-02;1.322595e-01;1.239521e-01;9.915678e-03;1.881319e-02;6.576955e-03;1.278395e-01
3.121274e-01;3.718917e-02;2.036054e-02;3.281017e-02;1.990736e-01;5.911312e-02;9.152365e-02;1.516146e-01;1.308610e-02;1.108056e-02;7.108181e-03;6.491297e-02
2.725348e-01;3.830288e-02;2.113599e-02;1.323512e-02;2.254837e-01;8.784875e-02;7.434447e-02;1.977526e-01;1.700786e-02;7.602957e-03;4.449630e-03;4.030114e-02
2.826283e-01;3.738218e-02;1.917877e-02;5.286594e-03;1.552505e-01;7.331739e-02;7.952743e-02;2.546723e-01;4.069434e-02;8.577175e-03;8.049134e-03;3.543597e-02
3.362622e-01;3.818128e-02;2.109070e-02;8.334059e-03;6.743661e-02;3.792769e-02;7.804444e-02;2.621010e-01;6.035022e-02;2.145899e-02;2.657288e-02;4.223996e-02
4.313732e-01;6.407589e-02;4.446446e-02;1.186365e-02;4.932777e-02;1.556827e-02;6.044262e-02;1.838298e-01;3.487532e-02;1.588700e-02;3.576948e-02;5.252261e-02
4.928897e-01;1.539733e-01;4.841993e-02;9.343128e-03;4.315897e-02;1.472980e-02;5.142888e-02;8.414702e-02;2.134749e-02;9.884756e-03;2.878465e-02;4.189236e-02
4.154587e-01;2.055873e-01;8.057090e-02;2.581200e-02;3.295144e-02;2.881167e-02;5.811599e-02;4.138954e-02;3.384869e-02;1.501190e-02;2.184712e-02;4.059481e-02
2.847972e-01;1.814999e-01;1.903176e-01;5.023519e-02;2.994356e-02;4.148595e-02;6.133114e-02;3.420940e-02;3.438107e-02;2.612323e-02;2.381998e-02;4.185580e-02
1.600517e-01;1.196815e-01;3.266657e-01;7.735926e-02;3.667106e-02;3.644068e-02;6.253112e-02;2.973238e-02;2.632062e-02;4.562006e-02;3.611789e-02;4.280799e-02
3.600639e-02;3.383526e-02;2.855829e-01;8.207151e-02;1.023914e-01;7.382737e-02;1.534493e-01;4.351572e-02;4.717484e-02;6.305726e-02;4.243539e-02;3.665266e-02
2.897752e-02;1.783075e-02;9.814075e-02;4.372201e-02;1.042956e-01;9.045908e-02;3.623896e-01;7.933766e-02;6.252720e-02;6.557191e-02;2.389750e-02;2.285046e-02
1.913423e-02;1.919222e-02;4.462380e-02;3.270216e-02;6.649356e-02;6.593440e-02;4.366425e-01;1.061730e-01;8.833347e-02;8.967867e-02;1.865398e-02;1.243803e-02
2.218345e-02;1.159850e-02;2.621335e-02;4.277611e-02;4.265252e-02;2.995379e-02;3.495518e-01;9.518071e-02;1.702534e-01;1.620707e-01;3.779201e-02;9.773634e-03
4.267961e-02;8.166701e-03;1.990912e-02;3.673175e-02;6.042054e-02;2.595584e-02;1.788421e-01;5.080528e-02;1.832029e-01;2.600828e-01;1.037346e-01;2.946870e-02
7.325563e-02;1.948551e-02;2.633271e-02;3.926739e-02;6.861448e-02;4.458331e-02;1.070116e-01;4.962121e-02;9.041643e-02;2.567263e-01;1.547031e-01;6.998238e-02
1.025380e-01;3.455399e-02;4.417447e-02;7.848773e-02;5.965417e-02;6.122172e-02;6.367318e-02;4.295192e-02;6.417726e-02;1.959556e-01;1.699386e-01;8.267321e-02
7.423145e-02;3.680165e-02;6.373132e-02;1.282951e-01;6.652531e-02;7.606392e-02;6.288116e-02;4.946156e-02;7.493199e-02;1.561837e-01;1.514863e-01;5.940663e-02
9.527335e-02;7.366502e-02;9.324309e-02;1.310082e-01;6.488453e-02;8.279975e-02;7.504440e-02;6.684348e-02;1.050089e-01;1.104861e-01;7.388531e-02;2.785790e-02
5.937012e-02;1.234601e-01;1.096218e-01;7.291616e-02;3.955572e-02;7.890486e-02;1.083509e-01;8.834449e-02;1.254388e-01;9.554262e-02;5.626279e-02;4.223168e-02
7.106567e-02;7.071139e-02;1.525219e-01;7.871441e-02;6.530789e-02;8.048409e-02;1.063116e-01;7.350089e-02;7.134844e-02;1.051510e-01;5.903844e-02;6.584437e-02
6.532214e-02;9.533259e-02;1.299921e-01;6.822836e-02;8.792338e-02;8.146899e-02;6.838632e-02;6.674974e-02;7.579345e-02;1.544080e-01;4.519885e-02;6.119617e-02
4.352362e-02;1.075207e-01;1.111027e-01;7.051900e-02;1.080930e-01;7.991518e-02;5.411715e-02;5.705795e-02;1.142411e-01;1.727372e-01;3.257770e-02;4.859472e-02
4.609392e-02;4.794403e-02;1.450469e-01;1.136783e-01;1.043804e-01;5.998926e-02;6.308380e-02;8.033049e-02;1.068819e-01;1.437262e-01;3.460995e-02;5.423490e-02
4.687580e-02;3.607547e-02;1.605256e-01;9.949178e-02;1.047214e-01;7.609466e-02;5.611165e-02;7.154338e-02;8.173919e-02;1.567877e-01;3.464385e-02;7.538954e-02
5.005489e-02;2.848068e-02;1.680681e-01;8.049402e-02;1.373419e-01;7.420789e-02;6.740512e-02;5.204641e-02;7.440720e-02;1.409742e-01;4.167213e-02;8.484741e-02
4.949414e-02;2.826926e-02;2.080466e-01;6.118643e-02;1.236376e-01;4.482722e-02;1.012267e-01;3.428677e-02;8.800192e-02;1.066101e-01;6.214114e-02;9.227208e-02
3.338078e-02;5.332081e-02;2.034740e-01;3.709041e-02;8.421767e-02;8.377837e-02;1.488028e-01;4.276752e-02;1.073511e-01;7.897241e-02;7.235290e-02;5.449127e-02
1.787786e-02;5.738395e-02;1.696687e-01;3.375753e-02;1.005808e-01;8.040760e-02;1.693353e-01;6.167067e-02;1.113427e-01;7.138780e-02;8.271382e-02;4.387320e-02
3.903903e-02;7.622187e-02;1.177909e-01;6.032274e-02;1.146080e-01;6.790255e-02;1.900948e-01;5.306673e-02;7.763410e-02;7.106882e-02;7.879418e-02;5.345618e-02
3.577353e-02;9.477048e-02;1.310802e-01;7.798768e-02;1.156460e-01;5.934544e-02;1.279478e-01;6.073853e-02;1.013225e-01;9.328403e-02;6.359519e-02;3.850869e-02
6.543119e-02;9.828416e-02;2.020893e-01;7.672023e-02;7.002611e-02;7.134555e-02;1.022653e-01;5.912472e-02;8.455871e-02;7.556825e-02;3.932354e-02;5.526295e-02
3.767271e-02;9.269566e-02;2.749464e-01;6.908739e-02;6.834217e-02;6.696124e-02;1.124155e-01;5.014072e-02;5.765861e-02;7.680397e-02;3.401840e-02;5.925725e-02
6.303040e-02;8.128224e-02;3.444599e-01;5.224621e-02;7.818252e-02;4.103322e-02;7.881153e-02;3.347199e-02;3.646578e-02;8.397673e-02;5.795940e-02;4.908008e-02
7.999305e-02;6.514745e-02;3.710349e-01;4.668448e-02;9.561269e-02;2.820207e-02;4.583333e-02;3.581087e-02;6.099186e-02;8.343560e-02;5.876015e-02;2.849358e-02
8.099444e-02;5.204395e-02;3.284602e-01;6.317207e-02;1.167467e-01;3.428542e-02;3.931988e-02;3.768226e-02;8.205149e-02;8.466141e-02;5.886082e-02;2.172141e-02
5.793866e-02;7.749688e-02;1.288753e-01;8.194017e-02;1.700257e-01;8.284724e-02;6.779809e-02;5.076443e-02;6.534477e-02;9.538604e-02;7.246226e-02;4.912050e-02
7.106943e-02;8.336637e-02;9.028839e-02;7.581939e-02;1.247685e-01;9.647758e-02;8.325512e-02;5.331938e-02;6.128928e-02;1.157413e-01;6.047350e-02;8.413170e-02
1.022576e-01;8.875141e-02;1.428613e-01;8.017347e-02;6.387344e-02;7.150599e-02;6.308521e-02;8.444839e-02;5.485067e-02;1.110600e-01;5.907238e-02;7.806011e-02
7.792892e-02;9.152348e-02;1.460753e-01;8.072814e-02;6.545828e-02;9.573838e-02;6.060302e-02;1.104976e-01;5.776849e-02;1.082964e-01;4.526894e-02;6.011298e-02
6.706072e-02;6.102581e-02;1.018793e-01;7.445855e-02;8.583342e-02;1.216429e-01;9.312592e-02;1.047699e-01;7.943568e-02;1.075642e-01;3.265597e-02;7.054770e-02
9.995432e-02;3.155712e-02;5.733643e-02;5.660645e-02;1.169651e-01;1.291362e-01;1.176711e-01;8.135968e-02;1.477176e-01;7.130431e-02;3.029150e-02;6.010025e-02
9.789953e-02;4.805600e-02;6.990814e-02;3.841730e-02;1.246264e-01;1.070705e-01;1.006711e-01;1.148841e-01;1.567897e-01;5.979821e-02;4.658318e-02;3.529577e-02
1.061570e-01;6.192781e-02;6.732064e-02;2.325831e-02;1.077861e-01;1.086662e-01;8.897036e-02;1.090935e-01;1.422278e-01;6.734247e-02;6.407847e-02;5.317127e-02
1.094339e-01;4.141877e-02;8.869234e-02;3.572658e-02;1.143633e-01;1.359359e-01;7.965594e-02;6.760516e-02;1.397743e-01;9.051538e-02;4.035261e-02;5.652582e-02
1.141841e-01;6.449683e-02;7.627708e-02;5.032781e-02;8.239858e-02;1.141986e-01;1.106473e-01;6.290742e-02;1.528419e-01;1.091034e-01;2.352858e-02;3.908844e-02
8.507839e-02;7.658799e-02;5.514397e-02;5.795487e-02;1.012206e-01;5.444013e-02;1.166444e-01;9.557411e-02;1.357242e-01;7.894806e-02;3.696387e-02;1.057194e-01
5.880785e-02;5.885824e-02;1.029104e-01;7.201681e-02;1.184487e-01;4.599437e-02;9.621836e-02;1.272926e-01;1.102137e-01;7.543641e-02;2.916332e-02;1.046392e-01
6.442109e-02;5.107173e-02;1.169466e-01;8.953051e-02;1.128263e-01;4.687612e-02;8.920480e-02;1.242888e-01;1.246667e-01;7.122541e-02;4.140868e-02;6.753325e-02
9.450391e-02;6.203854e-02;9.772894e-02;1.069061e-01;8.801634e-02;4.978452e-02;1.064554e-01;1.478735e-01;1.010054e-01;7.305323e-02;3.493132e-02;3.770278e-02
9.099039e-02;5.279721e-02;5.495264e-02;1.042829e-01;8.862328e-02;7.357646e-02;8.815326e-02;1.390106e-01;8.292324e-02;7.633424e-02;7.675659e-02;7.159919e-02
8.655364e-02;5.488390e-02;9.492332e-02;8.787026e-02;7.930305e-02;8.700500e-02;1.432238e-01;1.011620e-01;8.456644e-02;4.960662e-02;6.717189e-02;6.373007e-02
6.924064e-02;4.278427e-02;8.755413e-02;7.884135e-02;7.909546e-02;1.058321e-01;2.067245e-01;8.426443e-02;7.660233e-02;4.503150e-02;6.819881e-02;5.583052e-02
1.286216e-01;5.012765e-02;9.995038e-02;4.547878e-02;6.277963e-02;8.559322e-02;1.819106e-01;7.494537e-02;9.879392e-02;5.062676e-02;3.164063e-02;8.953149e-02
2.199353e-01;1.146916e-01;1.190776e-01;3.971512e-02;3.702831e-02;2.754962e-02;1.016305e-01;7.702366e-02;6.321044e-02;5.343229e-02;5.397398e-02;9.273173e-02
2.254733e-01;1.072016e-01;1.340813e-01;5.177512e-02;3.610783e-02;2.711920e-02;1.019460e-01;8.402295e-02;4.984828e-02;4.345542e-02;5.097061e-02;8.799843e-02
2.091414e-01;7.381143e-02;1.389766e-01;6.051799e-02;3.625591e-02;3.630163e-02;1.125794e-01;9.601632e-02;4.484041e-02;4.117528e-02;5.299271e-02;9.739088e-02
2.462436e-01;5.351715e-02;1.147641e-01;6.188428e-02;3.478951e-02;3.723815e-02;1.234208e-01;9.974208e-02;2.737377e-02;4.454803e-02;4.798760e-02;1.084909e-01
3.410798e-01;8.499309e-02;4.103353e-02;5.456502e-02;2.947653e-02;1.989362e-02;1.193544e-01;8.286247e-02;2.041266e-02;5.062294e-02;3.089227e-02;1.248136e-01
3.519503e-01;2.796237e-02;5.231998e-02;4.939432e-02;2.219947e-02;9.877498e-03;1.242861e-01;4.011306e-02;1.805473e-02;6.310573e-02;2.654529e-02;2.141910e-01
3.570565e-01;3.070096e-02;3.667520e-02;3.699230e-02;1.027535e-02;1.463042e-02;1.085485e-01;1.356040e-02;1.568303e-02;5.071010e-02;3.805859e-02;2.871086e-01
2.677965e-01;2.901393e-02;4.397754e-02;3.443024e-02;2.082920e-02;4.120044e-02;1.542118e-01;2.145980e-02;3.513107e-02;5.436580e-02;8.235111e-02;2.152326e-01
1.815951e-01;5.425245e-02;7.046460e-02;3.408132e-02;2.855650e-02;5.540497e-02;2.068924e-01;5.976553e-02;4.669100e-02;8.107828e-02;6.828173e-02;1.129362e-01
8.298570e-02;4.066300e-02;1.010035e-01;2.537462e-02;2.286706e-02;3.789595e-02;3.290722e-01;1.176061e-01;4.890480e-02;1.136020e-01;2.436041e-02;5.566464e-02
1.527555e-02;1.002469e-02;1.293483e-01;1.089226e-02;1.222495e-02;1.415594e-02;4.171283e-01;1.523925e-01;4.227978e-02;1.398601e-01;8.908853e-03;4.750880e-02
4.064420e-03;9.000770e-03;1.421823e-01;1.180177e-02;1.738369e-02;2.123969e-02;4.223413e-01;1.406995e-01;5.236449e-02;1.202303e-01;8.806983e-03;4.988486e-02
2.821928e-02;2.054155e-02;1.288360e-01;2.538707e-02;4.869705e-02;5.796666e-02;3.165711e-01;1.117289e-01;8.639571e-02;1.153339e-01;1.868168e-02;4.164117e-02
4.280157e-02;2.936822e-02;8.463184e-02;3.870219e-02;8.554003e-02;7.864637e-02;1.833427e-01;8.307199e-02;1.325226e-01;1.795190e-01;3.294842e-02;2.890505e-02
2.914189e-02;2.659126e-02;4.325926e-02;3.003262e-02;1.396167e-01;7.004663e-02;1.025712e-01;4.953786e-02;1.153625e-01;3.174755e-01;5.957166e-02;1.679299e-02
2.809257e-02;2.324899e-02;2.290668e-02;1.794595e-02;1.637676e-01;4.712446e-02;8.938628e-02;4.882457e-02;7.269190e-02;4.021018e-01;7.527807e-02;8.631048e-03
2.305720e-02;1.953499e-02;1.478856e-02;2.839267e-02;1.064317e-01;3.043141e-02;1.430275e-01;5.268536e-02;1.967122e-01;3.128240e-01;5.835319e-02;1.376115e-02
1.399505e-02;1.545085e-02;2.273720e-02;4.267672e-02;4.979275e-02;2.237078e-02;2.539164e-01;6.260236e-02;2.735135e-01;1.796217e-01;4.724253e-02;1.608010e-02
1.767620e-02;1.595757e-02;4.814845e-02;5.095860e-02;2.976703e-02;3.085019e-02;3.134552e-01;7.399257e-02;2.472133e-01;9.989728e-02;4.843759e-02;2.364604e-02
3.077102e-02;2.740935e-02;8.626608e-02;4.553254e-02;5.940409e-02;5.066966e-02;3.147356e-01;8.352417e-02;1.637973e-01;6.739891e-02;4.911434e-02;2.137703e-02
3.654064e-02;4.770114e-02;1.102420e-01;5.407414e-02;1.069877e-01;7.516284e-02;1.759773e-01;9.907351e-02;1.411749e-01;6.253380e-02;5.056587e-02;3.996617e-02
3.207071e-02;3.238542e-02;8.082259e-02;8.612749e-02;5.289743e-02;6.162874e-02;1.240963e-01;1.601976e-01;1.593477e-01;1.407087e-01;3.037180e-02;3.934557e-02
5.229518e-02;5.360846e-02;9.916914e-02;9.081196e-02;8.101765e-02;5.951266e-02;1.331945e-01;1.264441e-01;1.194272e-01;1.080265e-01;3.406193e-02;4.243074e-02
8.369353e-02;7.633131e-02;8.724665e-02;1.084515e-01;1.835964e-01;8.869814e-02;9.400788e-02;4.812355e-02;5.437164e-02;6.149440e-02;5.420121e-02;5.978379e-02
8.652065e-02;7.739417e-02;8.520602e-02;1.082106e-01;1.971147e-01;9.329388e-02;9.195580e-02;4.264886e-02;4.995228e-02;6.012033e-02;5.570902e-02;5.187368e-02
9.290623e-02;7.691902e-02;5.966546e-02;6.473214e-02;1.509582e-01;6.477173e-02;7.903359e-02;4.418068e-02;8.001597e-02;1.110743e-01;1.034147e-01;7.232790e-02
8.511347e-02;1.120170e-01;4.640398e-02;2.487111e-02;1.032827e-01;4.763309e-02;5.659151e-02;3.331647e-02;8.263404e-02;1.947602e-01;1.388192e-01;7.455719e-02
6.201763e-02;1.444845e-01;2.812902e-02;1.219534e-02;1.123374e-01;4.062024e-02;3.315465e-02;2.512257e-02;6.856329e-02;2.782262e-01;1.371391e-01;5.801002e-02
3.787449e-02;1.624309e-01;1.432927e-02;7.750341e-03;1.810327e-01;2.985492e-02;1.385646e-02;1.663366e-02;4.835070e-02;3.586307e-01;9.544673e-02;3.380914e-02
2.073831e-02;1.100292e-01;1.762794e-02;6.325983e-02;2.759435e-01;2.145453e-02;1.497787e-02;1.562244e-02;8.060160e-02;3.197642e-01;4.418485e-02;1.579577e-02
4.755417e-02;4.053674e-02;6.237129e-02;1.706407e-01;2.158258e-01;9.130742e-03;2.134044e-02;4.174894e-02;1.685360e-01;1.796492e-01;1.839822e-02;2.426778e-02
5.579727e-02;1.771586e-02;1.650680e-01;1.770307e-01;8.230871e-02;1.523374e-02;4.992317e-02;1.133221e-01;1.728589e-01;8.350857e-02;1.230249e-02;5.493050e-02
3.458177e-02;6.567617e-02;2.375841e-01;8.512651e-02;3.241817e-02;1.789094e-02;1.171858e-01;1.548700e-01;9.185910e-02;6.669784e-02;3.129946e-02;6.481022e-02
2.447791e-02;1.997594e-01;1.737125e-01;1.585340e-02;3.925105e-02;1.982899e-02;2.125273e-01;1.098766e-01;4.842737e-02;5.600924e-02;6.492728e-02;3.534892e-02
4.509165e-02;2.822615e-01;6.899428e-02;1.766818e-02;3.747860e-02;4.265347e-02;2.583143e-01;4.345005e-02;6.244798e-02;5.014855e-02;7.238174e-02;1.910972e-02
9.412072e-02;2.146694e-01;4.240747e-02;3.655757e-02;4.757963e-02;8.857518e-02;2.519807e-01;3.252009e-02;5.149025e-02;6.605294e-02;5.104448e-02;2.300160e-02
1.306619e-01;8.230826e-02;5.766525e-02;7.974205e-02;7.316273e-02;1.278304e-01;2.191137e-01;4.382871e-02;3.980968e-02;1.036528e-01;2.070024e-02;2.152422e-02
1.089417e-01;4.348734e-02;1.044635e-01;1.072661e-01;1.350389e-01;1.388374e-01;9.194723e-02;5.047821e-02;7.343119e-02;1.086366e-01;9.213567e-03;2.825821e-02
2.994831e-02;2.066187e-02;1.443601e-01;7.240637e-02;2.285112e-01;1.238173e-01;1.143658e-01;3.338238e-02;1.176307e-01;4.108108e-02;2.023423e-02;5.360065e-02
1.566117e-02;3.742523e-02;1.521341e-01;5.381089e-02;2.717279e-01;9.369578e-02;1.395502e-01;2.258435e-02;9.392150e-02;2.599965e-02;1.797285e-02;7.551646e-02
1.338687e-02;3.375408e-02;1.582496e-01;6.227352e-02;3.042181e-01;9.917321e-02;1.284524e-01;2.251294e-02;5.888206e-02;2.092587e-02;1.123811e-02;8.693320e-02
2.045278e-02;2.432754e-02;1.662565e-01;6.069886e-02;2.705024e-01;1.125963e-01;1.593416e-01;2.427327e-02;5.787520e-02;1.808464e-02;1.109865e-02;7.449234e-02
2.587543e-02;2.138959e-02;1.141751e-01;3.687778e-02;2.287867e-01;1.634082e-01;2.347695e-01;1.899053e-02;6.725820e-02;2.847003e-02;8.948818e-03;5.105014e-02
2.343822e-02;9.639636e-03;1.107965e-01;2.567152e-02;2.042230e-01;2.235980e-01;2.426908e-01;1.160038e-02;5.558034e-02;4.741332e-02;7.992849e-03;3.735532e-02
2.089248e-02;5.412186e-03;1.007174e-01;2.234073e-02;2.304917e-01;2.085057e-01;2.056860e-01;1.346707e-02;9.882855e-02;4.523659e-02;4.942960e-03;4.347862e-02
1.250900e-02;5.104283e-03;1.056238e-01;2.667771e-02;2.656560e-01;1.347707e-01;1.878729e-01;1.496690e-02;1.682259e-01;1.685934e-02;2.681169e-03;5.905237e-02
6.071720e-03;4.759202e-03;1.040458e-01;2.897174e-02;2.656462e-01;8.941332e-02;2.088843e-01;1.265261e-02;2.011598e-01;7.924202e-03;4.633829e-03;6.583733e-02
3.603557e-03;4.719091e-03;1.144594e-01;4.124463e-02;2.675970e-01;7.788830e-02;2.251858e-01;8.068812e-03;1.831641e-01;7.902550e-03;2.975975e-03;6.319088e-02
3.652769e-03;5.912711e-03;1.600280e-01;6.125319e-02;2.701299e-01;7.673207e-02;2.059959e-01;9.310573e-03;1.071415e-01;2.496645e-02;9.893415e-03;6.498356e-02
4.997895e-03;7.573987e-03;2.443509e-01;8.935083e-02;2.663942e-01;7.596276e-02;1.260375e-01;9.601522e-03;4.113917e-02;6.363033e-02;1.509802e-02;5.586303e-02
3.892741e-03;8.789885e-03;3.074394e-01;1.168256e-01;2.439159e-01;6.676700e-02;4.597276e-02;3.088150e-02;2.887988e-02;8.831876e-02;2.208681e-02;3.622977e-02
8.529154e-03;9.695930e-03;3.417737e-01;1.291663e-01;2.048412e-01;5.623591e-02;2.371308e-02;7.462474e-02;2.204652e-02;7.725153e-02;3.044834e-02;2.167372e-02
3.091535e-03;6.371842e-03;3.579210e-01;1.377253e-01;1.848928e-01;5.049624e-02;1.485983e-02;1.431375e-01;1.558254e-02;4.445492e-02;3.120776e-02;1.025878e-02
6.450526e-03;9.432052e-03;3.089345e-01;1.289483e-01;1.648790e-01;5.095289e-02;1.416973e-02;2.390605e-01;1.346074e-02;2.795567e-02;2.985014e-02;5.906011e-03
5.863715e-03;1.359578e-02;2.233023e-01;1.020153e-01;1.589164e-01;5.666846e-02;2.700241e-02;2.737213e-01;1.333639e-02;8.594169e-02;2.348731e-02;1.614878e-02
7.149629e-03;2.059892e-02;1.290865e-01;7.070240e-02;1.718662e-01;6.832527e-02;5.844869e-02;1.964908e-01;1.168983e-02;2.205294e-01;1.034367e-02;3.476864e-02
1.189173e-02;5.903792e-02;7.078460e-02;5.997464e-02;1.782059e-01;8.142487e-02;7.714561e-02;8.264333e-02;1.312948e-02;2.837779e-01;2.107698e-02;6.090702e-02
1.574179e-02;1.077616e-01;5.933699e-02;7.597391e-02;2.124955e-01;8.196604e-02;6.686340e-02;2.746189e-02;1.754227e-02;2.120648e-01;3.544717e-02;8.734462e-02
1.534667e-02;9.869003e-02;5.720467e-02;8.132382e-02;2.791039e-01;6.273400e-02;3.948195e-02;1.150760e-02;2.762896e-02;9.652624e-02;8.293259e-02;1.475196e-01
6.705981e-03;3.707473e-02;4.189024e-02;6.595060e-02;3.319579e-01;4.333396e-02;4.939822e-02;2.056370e-02;6.444092e-02;3.531063e-02;9.984249e-02;2.035306e-01
4.950113e-03;7.063091e-03;2.909015e-02;4.551069e-02;3.588675e-01;3.378910e-02;5.879411e-02;6.161781e-02;1.221815e-01;1.189979e-02;4.728755e-02;2.189487e-01
4.560800e-03;5.902362e-03;2.204951e-02;3.377046e-02;3.746422e-01;3.134474e-02;5.749030e-02;7.878333e-02;1.711962e-01;4.803144e-03;1.664739e-02;1.988095e-01
6.185730e-03;5.484574e-03;2.497089e-02;3.199932e-02;4.062602e-01;4.754135e-02;4.847889e-02;4.971311e-02;1.985112e-01;5.160081e-03;5.049554e-03;1.706451e-01
1.893885e-02;3.958281e-03;3.291693e-02;4.173236e-02;4.297034e-01;7.320604e-02;5.030635e-02;2.062488e-02;1.821427e-01;4.493023e-03;2.753568e-03;1.392236e-01
5.608293e-02;4.683090e-03;3.426462e-02;5.105503e-02;3.372847e-01;2.031702e-01;6.965345e-02;3.175865e-02;1.052133e-01;2.285870e-02;2.188874e-03;8.178646e-02
9.344996e-02;5.315341e-03;1.776971e-02;3.565906e-02;1.829386e-01;3.676363e-01;1.039996e-01;7.273049e-02;4.010971e-02;5.158031e-02;2.103218e-03;2.670777e-02
1.075201e-01;5.286200e-03;8.369398e-03;2.074055e-02;8.037829e-02;4.287229e-01;1.355719e-01;1.047390e-01;1.862124e-02;8.063193e-02;2.233150e-03;7.185359e-03
1.101983e-01;9.296191e-03;9.850907e-03;2.585454e-02;4.565616e-02;3.971531e-01;1.817090e-01;9.483717e-02;1.465471e-02;1.009791e-01;6.145760e-03;3.665139e-03
1.053363e-01;1.293646e-02;4.979405e-03;4.612115e-02;5.445051e-02;3.262914e-01;2.529564e-01;5.158293e-02;1.083105e-02;1.020269e-01;2.835598e-02;4.131539e-03
8.718160e-02;2.205489e-02;1.166192e-02;6.501841e-02;5.180693e-02;2.478490e-01;3.191628e-01;2.439043e-02;7.954051e-03;8.849000e-02;7.059515e-02;3.834814e-03
7.727382e-02;4.599179e-02;1.517744e-02;8.122098e-02;5.196356e-02;2.028043e-01;3.626069e-01;1.337984e-02;8.372269e-03;6.706660e-02;6.907874e-02;5.063747e-03
6.324606e-02;7.813977e-02;1.636277e-02;8.461373e-02;5.232411e-02;1.781851e-01;4.242233e-01;1.067286e-02;1.073627e-02;4.468813e-02;2.978364e-02;7.024262e-03
4.578670e-02;6.686503e-02;1.812818e-02;7.618782e-02;5.834154e-02;1.523855e-01;4.845168e-01;1.984417e-02;2.454959e-02;4.274928e-02;6.249497e-03;4.395889e-03
4.328759e-02;2.951463e-02;5.703562e-02;1.170001e-01;7.175063e-02;1.419515e-01;3.871616e-01;4.341850e-02;2.458116e-02;7.037286e-02;5.295801e-03;8.630005e-03
4.786918e-02;2.635394e-02;1.331944e-01;1.282368e-01;8.078963e-02;1.246318e-01;2.700952e-01;5.729333e-02;2.478457e-02;7.758425e-02;9.156331e-03;2.001056e-02
3.949783e-02;3.810417e-02;2.493359e-01;1.108500e-01;7.609417e-02;8.566903e-02;1.943838e-01;5.067559e-02;3.757238e-02;6.458308e-02;2.069669e-02;3.253739e-02
4.167203e-02;3.579274e-02;3.576139e-01;7.414735e-02;8.020736e-02;6.570464e-02;1.647038e-01;2.303710e-02;4.840690e-02;5.271678e-02;2.857783e-02;2.741965e-02
5.432424e-02;6.186242e-02;2.293888e-01;7.142877e-02;9.405905e-02;1.110455e-01;1.506620e-01;5.364878e-02;4.751342e-02;6.429987e-02;4.359455e-02;1.817252e-02
6.627352e-02;7.446661e-02;8.701161e-02;6.708495e-02;9.988126e-02;9.957872e-02;1.311409e-01;9.328986e-02;7.494768e-02;1.062073e-01;7.606931e-02;2.404825e-02
6.998602e-02;5.091240e-02;1.037011e-01;7.618035e-02;1.047378e-01;9.869366e-02;1.042592e-01;9.941267e-02;7.163714e-02;1.201099e-01;5.779756e-02;4.257210e-02
1.188429e-01;5.469473e-02;1.285655e-01;6.245085e-02;7.592999e-02;8.289605e-02;1.155553e-01;7.353315e-02;7.602915e-02;1.200968e-01;4.646254e-02;4.494312e-02
1.334713e-01;9.096194e-02;1.251165e-01;5.314764e-02;4.151918e-02;5.499909e-02;1.002777e-01;7.689294e-02;1.105072e-01;8.464880e-02;5.663080e-02;7.182702e-02
9.612931e-02;9.383830e-02;1.195775e-01;3.919956e-02;3.927916e-02;5.711521e-02;1.026116e-01;1.120127e-01;1.447525e-01;6.660658e-02;3.640813e-02;9.246948e-02
3.701419e-02;7.825172e-02;1.030775e-01;4.088875e-02;5.196603e-02;6.153235e-02;1.060632e-01;1.542248e-01;1.589567e-01;7.348930e-02;2.077497e-02;1.137606e-01
3.094931e-02;6.348176e-02;8.456754e-02;2.775292e-02;5.926634e-02;5.371219e-02;1.716574e-01;1.509752e-01;1.385215e-01;8.025478e-02;5.605619e-02;8.280489e-02
2.886206e-02;7.383735e-02;5.810330e-02;1.539664e-02;5.620611e-02;6.072205e-02;3.027241e-01;1.116837e-01;1.258421e-01;5.191671e-02;7.324210e-02;4.146387e-02
2.275437e-02;8.697830e-02;2.877799e-02;1.056682e-02;4.884080e-02;6.241932e-02;4.309439e-01;7.336561e-02;1.095354e-01;3.066424e-02;8.495414e-02;1.019918e-02
1.822144e-02;8.541979e-02;2.247284e-02;6.992168e-03;4.759516e-02;5.567117e-02;5.126022e-01;7.081196e-02;7.965038e-02;2.192758e-02;7.214027e-02;6.495087e-03
2.676616e-02;8.320598e-02;3.194402e-02;1.307606e-02;5.783595e-02;8.120622e-02;5.255984e-01;7.055205e-02;3.946471e-02;1.388832e-02;4.986291e-02;6.599157e-03
5.192585e-02;7.567336e-02;6.808031e-02;2.611426e-02;6.973495e-02;1.432787e-01;4.108224e-01;6.037854e-02;3.661942e-02;1.677228e-02;2.629889e-02;1.430107e-02
6.455379e-02;6.092535e-02;1.335421e-01;4.097131e-02;8.550627e-02;1.713418e-01;2.638029e-01;5.638532e-02;5.790681e-02;2.883939e-02;1.520457e-02;2.102047e-02
4.761785e-02;2.915741e-02;2.142910e-01;4.173817e-02;9.799701e-02;1.069132e-01;2.350402e-01;6.210281e-02;8.726318e-02;2.003795e-02;2.322654e-02;3.461464e-02
2.324202e-02;4.454431e-02;1.188705e-01;2.830043e-02;5.765184e-02;9.276483e-02;3.845774e-01;7.664892e-02;6.837095e-02;2.968087e-02;4.344334e-02;3.190458e-02
2.451011e-02;5.143743e-02;6.191655e-02;2.292960e-02;3.914365e-02;1.098901e-01;3.799241e-01;9.197635e-02;6.560775e-02;6.413160e-02;4.486601e-02;4.366672e-02
8.132115e-02;4.106624e-02;7.081638e-02;7.079574e-02;2.744720e-02;9.579227e-02;2.254442e-01;1.097755e-01;1.014016e-01;7.587554e-02;5.044894e-02;4.981515e-02
7.691300e-02;4.142734e-02;1.154972e-01;8.681928e-02;3.934471e-02;8.731555e-02;1.485110e-01;9.207003e-02;1.185877e-01;8.103969e-02;4.856542e-02;6.390904e-02
6.862035e-02;4.605902e-02;1.697672e-01;7.130878e-02;5.909712e-02;8.152843e-02;1.418112e-01;6.576973e-02;1.051273e-01;8.393152e-02;4.406127e-02;6.291810e-02
7.314105e-02;5.891525e-02;1.883855e-01;5.481195e-02;6.832507e-02;6.936727e-02;1.530589e-01;6.683483e-02;9.730390e-02;6.936812e-02;5.085029e-02;4.963782e-02
9.352301e-02;6.780545e-02;1.063246e-01;4.373579e-02;1.133328e-01;9.246141e-02;1.597500e-01;5.595195e-02;9.200764e-02;5.758327e-02;5.097824e-02;6.654593e-02
8.442307e-02;4.947711e-02;8.167851e-02;4.095266e-02;1.753307e-01;1.013403e-01;1.214403e-01;3.621497e-02;1.215564e-01;3.674239e-02;3.615151e-02;1.146922e-01
4.071965e-02;2.177857e-02;1.011652e-01;4.852316e-02;2.569367e-01;7.821083e-02;6.970640e-02;1.715332e-02;1.550844e-01;1.644738e-02;1.539880e-02;1.788755e-01
1.742858e-02;8.564789e-03;7.549428e-02;6.399109e-02;3.096223e-01;6.111716e-02;6.707779e-02;1.005396e-02;1.479715e-01;8.358238e-03;1.176695e-02;2.185533e-01
4.040083e-02;6.853015e-03;9.230193e-02;6.008636e-02;2.754299e-01;1.028573e-01;9.130443e-02;1.101653e-02;1.164408e-01;1.111768e-02;1.075677e-02;1.814344e-01
8.451668e-02;7.242532e-03;8.614983e-02;4.161004e-02;2.158413e-01;1.924458e-01;1.426730e-01;2.201625e-02;7.324980e-02;2.724071e-02;9.736255e-03;9.727777e-02
1.155814e-01;1.053654e-02;7.089870e-02;3.863458e-02;1.931769e-01;2.395440e-01;2.017825e-01;2.743443e-02;2.573961e-02;4.395872e-02;6.810690e-03;2.590200e-02
8.424615e-02;2.012305e-02;1.608441e-01;7.712471e-02;1.911704e-01;1.483993e-01;1.555060e-01;2.207970e-02;2.873871e-02;4.571957e-02;1.304564e-02;5.300254e-02
5.014989e-02;4.456596e-02;2.973931e-01;1.143942e-01;1.374026e-01;6.144041e-02;1.002560e-01;2.471862e-02;3.306217e-02;5.688642e-02;2.560037e-02;5.413022e-02
5.849663e-02;5.898929e-02;3.780748e-01;1.117474e-01;9.069357e-02;4.130202e-02;6.959204e-02;2.583232e-02;2.704327e-02;5.499722e-02;3.901064e-02;4.422072e-02
7.469098e-02;5.876878e-02;3.213801e-01;7.602704e-02;9.057879e-02;8.095016e-02;7.066153e-02;2.831994e-02;6.047789e-02;5.190942e-02;4.120157e-02;4.503382e-02
6.283640e-02;5.543676e-02;1.713722e-01;6.829174e-02;8.638632e-02;1.142391e-01;9.011438e-02;6.257530e-02;6.401718e-02;1.011117e-01;6.045815e-02;6.316076e-02
5.552342e-02;8.558466e-02;9.415056e-02;9.253437e-02;8.886559e-02;9.535806e-02;1.170061e-01;9.231444e-02;4.909104e-02;1.131103e-01;4.297231e-02;7.348912e-02
5.752398e-02;6.597108e-02;1.095759e-01;8.702653e-02;1.044196e-01;8.778071e-02;1.117654e-01;5.292407e-02;7.694890e-02;1.158801e-01;5.702260e-02;7.316118e-02
5.492627e-02;5.271544e-02;1.454798e-01;4.905840e-02;8.305300e-02;9.434691e-02;1.498972e-01;3.394197e-02;6.964944e-02;1.354936e-01;5.696878e-02;7.446923e-02
5.633926e-02;6.634373e-02;1.109508e-01;5.169591e-02;8.510552e-02;1.106927e-01;1.612341e-01;4.779916e-02;8.908883e-02;1.082531e-01;3.788870e-02;7.460824e-02
7.977133e-02;6.838970e-02;1.081215e-01;6.785394e-02;7.097652e-02;1.178800e-01;1.472919e-01;3.835052e-02;1.027065e-01;8.031681e-02;6.188616e-02;5.645505e-02
