1.153248e-01;5.353303e-02;1.242160e-01;3.040786e-02;5.313622e-02;4.922973e-02;2.445699e-01;8.805850e-02;5.306727e-02;9.192399e-02;5.274236e-02;4.379039e-02
1.308061e-01;5.789240e-02;1.097354e-01;2.891389e-02;4.773956e-02;5.140258e-02;2.140017e-01;9.963565e-02;5.088443e-02;9.599295e-02;5.987485e-02;5.312046e-02
9.313022e-02;8.797844e-02;1.145819e-01;4.102905e-02;4.306676e-02;3.672452e-02;2.039692e-01;1.065161e-01;5.154857e-02;8.655308e-02;6.346775e-02;7.143435e-02
1.769054e-01;5.759576e-02;9.350835e-02;4.886326e-02;4.787310e-02;3.521695e-02;2.101955e-01;1.039282e-01;4.401783e-02;7.898995e-02;3.392854e-02;6.897712e-02
2.135856e-01;3.194572e-02;4.880987e-02;5.494405e-02;4.295500e-02;4.265432e-02;2.224464e-01;9.809528e-02;3.192822e-02;8.163387e-02;2.654371e-02;1.044579e-01
2.377333e-01;3.382090e-02;3.393232e-02;6.134596e-02;2.925685e-02;3.595140e-02;2.127556e-01;8.153272e-02;2.219790e-02;7.447252e-02;3.629615e-02;1.407044e-01
2.799497e-01;5.005035e-02;2.355555e-02;7.303613e-02;3.587275e-02;2.067580e-02;2.012716e-01;4.687316e-02;1.079673e-02;4.432425e-02;3.182735e-02;1.817666e-01
2.689873e-01;5.344415e-02;3.098188e-02;8.078745e-02;4.071389e-02;1.788797e-02;1.782900e-01;2.934984e-02;8.485983e-03;2.618427e-02;4.890712e-02;2.159801e-01
2.058997e-01;5.048538e-02;4.495836e-02;6.749462e-02;2.661046e-02;2.255746e-02;1.623595e-01;3.046713e-02;1.609721e-02;2.773113e-02;1.050901e-01;2.402490e-01
8.306526e-02;3.853225e-02;5.832750e-02;4.377629e-02;2.818792e-02;3.616744e-02;1.611028e-01;3.608048e-02;1.869735e-02;5.972714e-02;2.006255e-01;2.357101e-01
9.777165e-02;3.217176e-02;6.403191e-02;1.996502e-02;2.361039e-02;3.818969e-02;1.143511e-01;3.785834e-02;2.555055e-02;7.768167e-02;2.395982e-01;2.292197e-01
1.665807e-01;2.454464e-02;6.882500e-02;3.947748e-02;1.838114e-02;2.062494e-02;8.219101e-02;2.509074e-02;2.882393e-02;7.668463e-02;2.057820e-01;2.429938e-01
1.912559e-01;4.315513e-02;7.451390e-02;5.257428e-02;3.697235e-02;2.453483e-02;8.117072e-02;2.650860e-02;3.885236e-02;7.143357e-02;1.613177e-01;1.977106e-01
1.550232e-01;5.027186e-02;7.118754e-02;5.017867e-02;5.817486e-02;4.164689e-02;1.088808e-01;4.020902e-02;7.026569e-02;9.646787e-02;1.339496e-01;1.237440e-01
1.171615e-01;5.826390e-02;7.115988e-02;6.574960e-02;6.303986e-02;5.958234e-02;1.507453e-01;3.836448e-02;8.661637e-02;9.366067e-02;9.566620e-02;9.998998e-02
1.098744e-01;6.916897e-02;7.581928e-02;8.116812e-02;6.227947e-02;5.579951e-02;1.728531e-01;2.482044e-02;8.195390e-02;8.511520e-02;5.722633e-02;1.239213e-01
1.173050e-01;7.898911e-02;3.881985e-02;7.628219e-02;5.928227e-02;4.862136e-02;1.862519e-01;2.908651e-02;6.981228e-02;7.196543e-02;7.820521e-02;1.453789e-01
1.551477e-01;6.668431e-02;4.532284e-02;7.066204e-02;6.635613e-02;4.954196e-02;1.317094e-01;6.245571e-02;5.654014e-02;1.266361e-01;6.012041e-02;1.088232e-01
9.902750e-02;4.024652e-02;6.631805e-02;6.803484e-02;7.796454e-02;6.635479e-02;9.197757e-02;9.820692e-02;1.067653e-01;1.778532e-01;3.280518e-02;7.444557e-02
8.013240e-02;4.326488e-02;5.118293e-02;7.455292e-02;7.320976e-02;6.507061e-02;8.778886e-02;1.043202e-01;1.297566e-01;1.968026e-01;3.262642e-02;6.129187e-02
9.047057e-02;4.544042e-02;3.811926e-02;8.964176e-02;6.794471e-02;7.114510e-02;7.635920e-02;1.046376e-01;1.319904e-01;1.775083e-01;3.379498e-02;7.294766e-02
7.436897e-02;5.479522e-02;4.968420e-02;8.503872e-02;6.962805e-02;6.393963e-02;1.166373e-01;8.753643e-02;1.030723e-01;1.545295e-01;4.946932e-02;9.130029e-02
6.372268e-02;6.053039e-02;7.486642e-02;6.542666e-02;8.286042e-02;5.484926e-02;1.473692e-01;8.976604e-02;1.113393e-01;1.058734e-01;5.556208e-02;8.783406e-02
5.830647e-02;5.328015e-02;1.995261e-01;3.956074e-02;8.593339e-02;5.745100e-02;1.644986e-01;6.842186e-02;1.020828e-01;7.848602e-02;3.583444e-02;5.661846e-02
3.275070e-02;3.626429e-02;3.748794e-01;3.998020e-02;8.489430e-02;5.181439e-02;1.859536e-01;3.929986e-02;5.124560e-02;5.323316e-02;2.603250e-02;2.365202e-02
5.490638e-02;5.654285e-02;4.306398e-01;3.504868e-02;6.323601e-02;4.223980e-02;1.607036e-01;2.228368e-02;6.336942e-02;3.624571e-02;2.029752e-02;1.448659e-02
6.667889e-02;1.006171e-01;4.773417e-01;2.738921e-02;3.705219e-02;3.278010e-02;9.670985e-02;1.504218e-02;9.852374e-02;2.724353e-02;1.186939e-02;8.752111e-03
9.544943e-02;1.528574e-01;4.687280e-01;2.112822e-02;3.132191e-03;2.614643e-02;3.305536e-02;2.232944e-02;1.406005e-01;2.183951e-02;7.990123e-03;6.743439e-03
1.438821e-01;1.537463e-01;3.585797e-01;1.671923e-02;1.846566e-02;2.156515e-02;3.730341e-02;5.312814e-02;1.360424e-01;2.330583e-02;1.775930e-02;1.950280e-02
1.518215e-01;1.089342e-01;2.914830e-01;2.048722e-02;2.418260e-02;2.327454e-02;6.576513e-02;8.070697e-02;1.055759e-01;4.109477e-02;4.606178e-02;4.061242e-02
1.129343e-01;5.092040e-02;2.416598e-01;2.708098e-02;2.095529e-02;3.689419e-02;1.011708e-01;6.185093e-02;8.341213e-02;9.272768e-02;1.106912e-01;5.970231e-02
1.181445e-01;6.646028e-02;1.371239e-01;2.077598e-02;4.698252e-02;4.502304e-02;7.868325e-02;1.644248e-02;7.654335e-02;1.818029e-01;1.689144e-01;4.310342e-02
1.014767e-01;5.795582e-02;5.681202e-02;2.824968e-02;7.137001e-02;3.020447e-02;7.371689e-02;5.168672e-02;8.041560e-02;2.440829e-01;1.674656e-01;3.656362e-02
6.032938e-02;5.008005e-02;1.056851e-01;4.290962e-02;4.583024e-02;4.306766e-02;1.096072e-01;7.408579e-02;8.377770e-02;1.857151e-01;1.446736e-01;5.423857e-02
1.453199e-01;6.512911e-02;1.995265e-01;3.610429e-02;3.187488e-02;4.589310e-02;9.789094e-02;8.067980e-02;8.077805e-02;7.980069e-02;8.132385e-02;5.567881e-02
1.700422e-01;9.969695e-02;2.744477e-01;2.439160e-02;2.736188e-02;2.740855e-02;7.991761e-02;8.474614e-02;1.034399e-01;3.660019e-02;3.401189e-02;3.793539e-02
1.178181e-01;1.290410e-01;4.081348e-01;2.259000e-02;1.729244e-02;2.412901e-02;4.148334e-02;5.595697e-02;1.207641e-01;3.546605e-02;1.241807e-02;1.490622e-02
4.263296e-02;1.020557e-01;5.571098e-01;2.729909e-02;2.284554e-02;2.322824e-02;2.927806e-02;3.960002e-02;9.024952e-02;5.523046e-02;4.066088e-03;6.404519e-03
6.345834e-03;5.706409e-02;6.610411e-01;3.573125e-02;3.968164e-02;1.553365e-02;3.540105e-02;2.854346e-02;3.486539e-02;7.548127e-02;5.417827e-03;4.893394e-03
1.261642e-02;2.967275e-02;6.818559e-01;4.659110e-02;5.664054e-02;1.191638e-02;4.739293e-02;1.177831e-02;6.163142e-03;8.407643e-02;7.655551e-03;3.640559e-03
2.161285e-02;8.290311e-03;6.835297e-01;5.636342e-02;6.051569e-02;1.098496e-02;4.799968e-02;6.383170e-03;8.243211e-03;7.825100e-02;1.477384e-02;3.052202e-03
3.026618e-02;1.359252e-02;7.078580e-01;6.048522e-02;3.995657e-02;6.961298e-03;3.407854e-02;7.673819e-03;7.974777e-03;7.163955e-02;1.670139e-02;2.812101e-03
4.125685e-02;2.465124e-02;6.939752e-01;6.197247e-02;2.828219e-02;7.776357e-03;3.529258e-02;5.774118e-03;6.301029e-03;8.015962e-02;1.167356e-02;2.884769e-03
4.320581e-02;2.291332e-02;6.860960e-01;5.556162e-02;2.620994e-02;7.718714e-03;3.883570e-02;5.448334e-03;5.826950e-03;9.644809e-02;1.011937e-02;1.616159e-03
3.626900e-02;4.603653e-02;6.549023e-01;4.653601e-02;2.430335e-02;7.137990e-03;4.158536e-02;6.121584e-03;2.111387e-02;1.059285e-01;7.492824e-03;2.572569e-03
3.584829e-02;9.364364e-02;5.185889e-01;3.976796e-02;4.022845e-02;2.654687e-02;5.742519e-02;6.970651e-03;5.403482e-02;9.572694e-02;2.014809e-02;1.107026e-02
2.738500e-02;1.221449e-01;4.629905e-01;3.606901e-02;5.038593e-02;4.196551e-02;9.048074e-02;1.131268e-02;7.257210e-02;4.868923e-02;2.047206e-02;1.553240e-02
1.127481e-02;9.566588e-02;6.053496e-01;3.359615e-02;3.650650e-02;2.550635e-02;5.916555e-02;1.027646e-02;5.483976e-02;5.023570e-02;7.813600e-03;9.769633e-03
1.156456e-02;8.531454e-02;6.965938e-01;2.934271e-02;1.277042e-02;1.375632e-02;2.417575e-02;7.163294e-03;5.439048e-02;5.259390e-02;5.955353e-03;6.378950e-03
1.088778e-02;9.957268e-02;6.819295e-01;2.756291e-02;2.012656e-02;2.178875e-02;1.363699e-02;6.099942e-03;6.515974e-02;3.683228e-02;5.083796e-03;1.131903e-02
1.829552e-02;1.211437e-01;6.474986e-01;2.141404e-02;1.378200e-02;2.382654e-02;2.362401e-02;5.021241e-03;7.544951e-02;2.807901e-02;2.988694e-03;1.887708e-02
2.742279e-02;1.207623e-01;6.258149e-01;2.654880e-02;1.357221e-02;2.388066e-02;2.167011e-02;6.519252e-03;7.517463e-02;2.257900e-02;6.196991e-03;2.985842e-02
6.495869e-02;8.795502e-02;5.557959e-01;3.251934e-02;2.031725e-02;1.860131e-02;4.865109e-02;1.451126e-02;6.246353e-02;3.523023e-02;1.339394e-02;4.560247e-02
8.933859e-02;1.185392e-01;4.825195e-01;3.302049e-02;2.127761e-02;2.367774e-02;4.952832e-02;1.788320e-02;4.921942e-02;5.440221e-02;1.261520e-02;4.797856e-02
6.924862e-02;1.191174e-01;5.407507e-01;2.949084e-02;9.516323e-03;1.680872e-02;3.749267e-02;1.181613e-02;3.740077e-02;7.673653e-02;9.846599e-03;4.177464e-02
2.856480e-02;8.957190e-02;6.358585e-01;2.547273e-02;1.674722e-02;7.784195e-03;2.686020e-02;5.575026e-03;2.457992e-02;1.114363e-01;5.063016e-03;2.248622e-02
2.791731e-02;7.177573e-02;6.429920e-01;2.666062e-02;1.700514e-02;5.250472e-03;2.826139e-02;5.437774e-03;1.203174e-02;1.437122e-01;6.688729e-03;1.226696e-02
1.833400e-02;3.850329e-02;6.405714e-01;2.976683e-02;2.387452e-02;8.290961e-03;4.733047e-02;4.777831e-03;1.582535e-02;1.607351e-01;4.043856e-03;7.946339e-03
2.009834e-02;2.994215e-02;6.492929e-01;3.635512e-02;2.478486e-02;8.830825e-03;6.116204e-02;3.136141e-03;1.307321e-02;1.403164e-01;6.456459e-03;6.551533e-03
3.430080e-02;1.464084e-02;6.465161e-01;4.843127e-02;2.022539e-02;6.767969e-03;6.742935e-02;5.207807e-03;1.593979e-02;1.189964e-01;1.531402e-02;6.230131e-03
4.355688e-02;1.657902e-02;6.163478e-01;6.875761e-02;2.468616e-02;9.379292e-03;7.040067e-02;4.003936e-03;2.643719e-02;8.069757e-02;3.280203e-02;6.351728e-03
3.413420e-02;9.989366e-03;5.861267e-01;9.468579e-02;3.787017e-02;1.409986e-02;5.244162e-02;4.893868e-03;3.285972e-02;5.821187e-02;6.675490e-02;7.931935e-03
2.188130e-02;1.765363e-02;5.188592e-01;1.299949e-01;5.679887e-02;2.479727e-02;2.444486e-02;1.074349e-02;2.573388e-02;4.914554e-02;1.127734e-01;7.173609e-03
1.053876e-02;3.370985e-02;3.831147e-01;1.714417e-01;8.044472e-02;3.667101e-02;2.874940e-02;2.942911e-02;1.549160e-02;3.507064e-02;1.582975e-01;1.704101e-02
1.458667e-02;6.091059e-02;2.584161e-01;1.612435e-01;1.208767e-01;4.184346e-02;5.145429e-02;3.887491e-02;1.690870e-02;2.670265e-02;1.328907e-01;7.529164e-02
2.646713e-02;6.271224e-02;2.160458e-01;1.256521e-01;1.776277e-01;4.132808e-02;5.489128e-02;2.047380e-02;1.044130e-02;4.054949e-02;5.661044e-02;1.672007e-01
2.951381e-02;2.896273e-02;2.135727e-01;9.993141e-02;2.347423e-01;4.483418e-02;3.231599e-02;2.408587e-02;1.306078e-02;5.395566e-02;2.874985e-02;1.962747e-01
2.065282e-02;2.941369e-02;2.324505e-01;8.058156e-02;2.929431e-01;5.410405e-02;4.122916e-02;2.374129e-02;1.270742e-02;4.683742e-02;3.009377e-02;1.352452e-01
1.446334e-02;1.904284e-02;1.819156e-01;6.974260e-02;4.069161e-01;4.917073e-02;7.109445e-02;1.698298e-02;1.885396e-02;2.926793e-02;1.851185e-02;1.040376e-01
7.813910e-03;1.631265e-02;8.001183e-02;7.461490e-02;5.158916e-01;4.362755e-02;8.422872e-02;1.154354e-02;1.683078e-02;1.770617e-02;1.032494e-02;1.210935e-01
5.483085e-03;1.514406e-02;4.289877e-02;9.609128e-02;5.465052e-01;3.299077e-02;8.247547e-02;4.785261e-03;2.463658e-02;1.227469e-02;1.556320e-02;1.211517e-01
1.855851e-02;1.929254e-02;8.603635e-02;1.288752e-01;4.609191e-01;2.398049e-02;8.989201e-02;8.698394e-03;3.742668e-02;7.541599e-03;1.077617e-02;1.080029e-01
3.621707e-02;4.072073e-02;1.945550e-01;1.269287e-01;2.879932e-01;3.617892e-02;1.109942e-01;1.343890e-02;4.131916e-02;1.384828e-02;7.371870e-03;9.043397e-02
3.858610e-02;6.717946e-02;2.639984e-01;1.124386e-01;1.649178e-01;4.393021e-02;1.252093e-01;1.266097e-02;4.305894e-02;3.145137e-02;1.117689e-02;8.539208e-02
3.502674e-02;7.250904e-02;3.143449e-01;1.015918e-01;1.542085e-01;5.345465e-02;1.027284e-01;2.163653e-02;3.835783e-02;3.375956e-02;1.362601e-02;5.875602e-02
3.428061e-02;4.999360e-02;2.609969e-01;1.061085e-01;1.818419e-01;8.112008e-02;1.407894e-01;2.113868e-02;3.763336e-02;2.316169e-02;2.444665e-02;3.848857e-02
3.641742e-02;3.139194e-02;1.579389e-01;5.508067e-02;2.342940e-01;1.339126e-01;2.036838e-01;1.672804e-02;3.961946e-02;1.823818e-02;1.667618e-02;5.601889e-02
3.468232e-02;1.355196e-02;8.091959e-02;4.264807e-02;2.862833e-01;1.858380e-01;2.422030e-01;1.719931e-02;3.522557e-02;1.211766e-02;6.356323e-03;4.297500e-02
2.376985e-02;1.285240e-02;1.146029e-01;4.166427e-02;2.801329e-01;1.801628e-01;2.534012e-01;1.027647e-02;2.324366e-02;1.268197e-02;1.043822e-02;3.677331e-02
1.654975e-02;1.299729e-02;2.131870e-01;5.592018e-02;2.358889e-01;1.407991e-01;1.989157e-01;1.006155e-02;3.558712e-02;2.047874e-02;1.296785e-02;4.664678e-02
1.017394e-02;1.612886e-02;3.437065e-01;8.601803e-02;1.995250e-01;8.819387e-02;1.229502e-01;1.174027e-02;3.126961e-02;2.511160e-02;2.315734e-02;4.202473e-02
1.251243e-02;2.113775e-02;4.771933e-01;8.771531e-02;1.180474e-01;6.190634e-02;1.007396e-01;1.637441e-02;1.985886e-02;3.273224e-02;2.544046e-02;2.634192e-02
2.157835e-02;1.720845e-02;5.281577e-01;6.758948e-02;1.142341e-01;5.072167e-02;8.350380e-02;1.338194e-02;3.433480e-02;2.718341e-02;2.097904e-02;2.112729e-02
4.121268e-02;1.571747e-02;4.811217e-01;6.850157e-02;1.561629e-01;5.034553e-02;5.693816e-02;2.246542e-02;3.335226e-02;3.058215e-02;1.792515e-02;2.567501e-02
4.964270e-02;2.036473e-02;3.607363e-01;7.520775e-02;2.128838e-01;7.329600e-02;6.323169e-02;2.636734e-02;3.681301e-02;2.883714e-02;2.365592e-02;2.896360e-02
4.142529e-02;3.238512e-02;3.095228e-01;7.839984e-02;2.230293e-01;8.146373e-02;7.874723e-02;3.446598e-02;4.279688e-02;2.312212e-02;2.463641e-02;3.000520e-02
2.800530e-02;4.633273e-02;3.456089e-01;6.808177e-02;1.880119e-01;8.160541e-02;5.948035e-02;3.777662e-02;3.988104e-02;3.242888e-02;2.949206e-02;4.329498e-02
4.434982e-02;5.510514e-02;2.689873e-01;7.831519e-02;1.804641e-01;1.103456e-01;5.799067e-02;5.312817e-02;4.284034e-02;4.101139e-02;2.392588e-02;4.353649e-02
6.864960e-02;6.705254e-02;1.817075e-01;8.697189e-02;1.632777e-01;1.086475e-01;5.350476e-02;5.439154e-02;6.045157e-02;6.184518e-02;4.029030e-02;5.320988e-02
4.900837e-02;6.280799e-02;1.555325e-01;8.406879e-02;1.381894e-01;9.090904e-02;8.924332e-02;6.003674e-02;6.717626e-02;8.224976e-02;5.300482e-02;6.777301e-02
4.602737e-02;5.007418e-02;1.535435e-01;8.845056e-02;1.205819e-01;6.086900e-02;1.017850e-01;7.114945e-02;6.504035e-02;8.904675e-02;6.920186e-02;8.423010e-02
3.735971e-02;3.773168e-02;2.089963e-01;5.415254e-02;1.174885e-01;6.515532e-02;9.225915e-02;7.844482e-02;6.690786e-02;9.720033e-02;7.786734e-02;6.643644e-02
2.531071e-02;5.682512e-02;1.959782e-01;7.373663e-02;1.401295e-01;9.981778e-02;7.090211e-02;7.490378e-02;5.220663e-02;1.036057e-01;4.852147e-02;5.806233e-02
9.283608e-02;7.701126e-02;1.359196e-01;8.367030e-02;8.422902e-02;7.112866e-02;1.046331e-01;7.501552e-02;5.084004e-02;7.879899e-02;6.632297e-02;7.959440e-02
8.681638e-02;7.265867e-02;8.354135e-02;8.494516e-02;9.224901e-02;9.584597e-02;2.036903e-01;4.316797e-02;4.892156e-02;6.462567e-02;6.301850e-02;6.051949e-02
1.089389e-01;5.188091e-02;9.431644e-02;4.693639e-02;1.057223e-01;1.234733e-01;2.696476e-01;2.938264e-02;4.317543e-02;5.337444e-02;3.232236e-02;4.082937e-02
1.009709e-01;2.713960e-02;1.456257e-01;6.662827e-02;1.297966e-01;1.296442e-01;2.473382e-01;2.789148e-02;3.322549e-02;3.594369e-02;1.427670e-02;4.151912e-02
6.512966e-02;1.407560e-02;2.331548e-01;7.078758e-02;1.958202e-01;1.140043e-01;1.580643e-01;1.252715e-02;3.063001e-02;1.694805e-02;8.295024e-03;8.056326e-02
3.276351e-02;3.191395e-02;2.219400e-01;6.535349e-02;2.731710e-01;8.410332e-02;8.620502e-02;6.838389e-03;3.588646e-02;1.676090e-02;4.310750e-03;1.407532e-01
2.420145e-02;9.910552e-02;1.399672e-01;7.514323e-02;2.707647e-01;6.298772e-02;7.662673e-02;1.033097e-02;3.725183e-02;2.560999e-02;1.154909e-02;1.664615e-01
1.888055e-02;1.385331e-01;1.558488e-01;8.425663e-02;2.230274e-01;4.842273e-02;8.359839e-02;9.814884e-03;3.516289e-02;2.066710e-02;9.653645e-03;1.721339e-01
1.326404e-02;1.069988e-01;2.183883e-01;8.667618e-02;1.987737e-01;5.907987e-02;1.101555e-01;1.086005e-02;1.979231e-02;2.041485e-02;9.331804e-03;1.462646e-01
1.168093e-02;1.099470e-01;2.316891e-01;1.022637e-01;2.304670e-01;6.351257e-02;9.429348e-02;1.270106e-02;1.690860e-02;3.045716e-02;2.178244e-02;7.429693e-02
1.406542e-02;1.517999e-01;2.597373e-01;1.397196e-01;2.041366e-01;4.470115e-02;3.010280e-02;1.451495e-02;1.777386e-02;2.938237e-02;4.128029e-02;5.278568e-02
1.317065e-02;1.669587e-01;2.993713e-01;1.708774e-01;1.282158e-01;3.145478e-02;2.644583e-02;2.135573e-02;1.580108e-02;1.762833e-02;6.628637e-02;4.243413e-02
1.422117e-02;1.203683e-01;3.369973e-01;1.855093e-01;1.044410e-01;3.129074e-02;3.149540e-02;2.684425e-02;1.623340e-02;1.026806e-02;8.566158e-02;3.666950e-02
2.349527e-02;9.195202e-02;3.063650e-01;2.209626e-01;9.693124e-02;5.304733e-02;4.013660e-02;2.621151e-02;2.082726e-02;1.744129e-02;8.486481e-02;1.776498e-02
3.371045e-02;8.710017e-02;2.494594e-01;2.972905e-01;9.372062e-02;6.558752e-02;3.281549e-02;2.956538e-02;1.652600e-02;2.141330e-02;6.393085e-02;8.880294e-03
2.462724e-02;4.303590e-02;2.050359e-01;4.015284e-01;8.638689e-02;7.794392e-02;1.388209e-02;4.232569e-02;1.137503e-02;2.057776e-02;6.658307e-02;6.698145e-03
1.515802e-02;6.550552e-02;1.590870e-01;4.163317e-01;9.062233e-02;7.443045e-02;1.476710e-02;4.794323e-02;8.486072e-03;2.382469e-02;6.479141e-02;1.905257e-02
1.483818e-02;8.022343e-02;1.511111e-01;3.382224e-01;1.431931e-01;6.627122e-02;3.018307e-02;3.990699e-02;1.015071e-02;3.102477e-02;4.401500e-02;5.086017e-02
1.739054e-02;5.632655e-02;1.607305e-01;2.566782e-01;2.033428e-01;7.405464e-02;4.898400e-02;3.142701e-02;1.822623e-02;2.260839e-02;2.624603e-02;8.398516e-02
1.794694e-02;4.936954e-02;2.253639e-01;2.207435e-01;1.768042e-01;6.827930e-02;6.567413e-02;3.979423e-02;1.665987e-02;1.619332e-02;2.833677e-02;7.483420e-02
2.956372e-02;7.136186e-02;3.387940e-01;2.108245e-01;8.440402e-02;4.613131e-02;6.338741e-02;5.765405e-02;1.845680e-02;1.787135e-02;2.973943e-02;3.181157e-02
3.561108e-02;4.930789e-02;3.362094e-01;1.883774e-01;8.295937e-02;5.496363e-02;6.797069e-02;5.693696e-02;2.621439e-02;2.087239e-02;3.452043e-02;4.605641e-02
2.671166e-02;4.068280e-02;2.530893e-01;2.120018e-01;1.090804e-01;8.864272e-02;5.674025e-02;4.253570e-02;2.183395e-02;4.090982e-02;4.615386e-02;6.161772e-02
3.934897e-02;6.175552e-02;2.135592e-01;2.354552e-01;1.166506e-01;9.023363e-02;4.872917e-02;3.155606e-02;2.477655e-02;3.949118e-02;3.548424e-02;6.295962e-02
6.085451e-02;6.956159e-02;2.318064e-01;1.980649e-01;1.218802e-01;8.102228e-02;4.566294e-02;4.100229e-02;2.186457e-02;3.911639e-02;2.804336e-02;6.112063e-02
7.100575e-02;7.599624e-02;1.924878e-01;1.458293e-01;1.009683e-01;6.657945e-02;7.147460e-02;6.651735e-02;4.334285e-02;5.024169e-02;6.430827e-02;5.124843e-02
7.021762e-02;5.710324e-02;1.910086e-01;1.173135e-01;8.756348e-02;5.788986e-02;9.477502e-02;8.771159e-02;6.005815e-02;4.293839e-02;8.286858e-02;5.055191e-02
6.298934e-02;8.940687e-02;1.612179e-01;8.326975e-02;8.240514e-02;4.630725e-02;1.398396e-01;1.032127e-01;6.517868e-02;4.836444e-02;6.715774e-02;5.065054e-02
7.474280e-02;1.058598e-01;9.767631e-02;8.537700e-02;7.176111e-02;7.925072e-02;1.582671e-01;9.591337e-02;6.793261e-02;7.250942e-02;4.873804e-02;4.197178e-02
6.715966e-02;8.940959e-02;1.242406e-01;1.206346e-01;8.908504e-02;9.715835e-02;1.053215e-01;5.333907e-02;8.764714e-02;5.798101e-02;4.631053e-02;6.171279e-02
5.469754e-02;9.543370e-02;1.110905e-01;1.162148e-01;8.176774e-02;7.803074e-02;1.756432e-01;6.888209e-02;6.516387e-02;5.765447e-02;2.984285e-02;6.557851e-02
1.011151e-01;8.501846e-02;5.791446e-02;5.359914e-02;6.946862e-02;9.939815e-02;3.319748e-01;6.198768e-02;3.289910e-02;5.051056e-02;2.455378e-02;3.156015e-02
1.661718e-01;5.260712e-02;3.364693e-02;2.205276e-02;5.500327e-02;1.619704e-01;3.737621e-01;3.965655e-02;2.073735e-02;3.694065e-02;1.185029e-02;2.560075e-02
2.342812e-01;3.046826e-02;2.131863e-02;9.677839e-03;5.860804e-02;2.291504e-01;3.047009e-01;2.757551e-02;1.836628e-02;2.768346e-02;6.099588e-03;3.206990e-02
2.860203e-01;1.567483e-02;2.027689e-02;1.487776e-02;7.659374e-02;2.674897e-01;1.960890e-01;2.151172e-02;2.138324e-02;3.107925e-02;4.436618e-03;4.456694e-02
3.039180e-01;9.070604e-03;2.364442e-02;1.558164e-02;9.930383e-02;2.562277e-01;1.330475e-01;1.823885e-02;2.933069e-02;4.780929e-02;4.833653e-03;5.899385e-02
2.720344e-01;1.417348e-02;4.072154e-02;1.233369e-02;1.089271e-01;2.046627e-01;1.234208e-01;1.784874e-02;3.112854e-02;7.803138e-02;8.803364e-03;8.791421e-02
2.205995e-01;1.550743e-02;7.054695e-02;1.796990e-02;1.237049e-01;2.096254e-01;9.722538e-02;1.178719e-02;5.418779e-02;5.430345e-02;8.680543e-03;1.158616e-01
2.310003e-01;2.538612e-02;9.911419e-02;1.687416e-02;1.396361e-01;1.706855e-01;7.672876e-02;1.392487e-02;5.611147e-02;1.958231e-02;8.201675e-03;1.427546e-01
2.336624e-01;3.644238e-02;1.453816e-01;1.396386e-02;1.430502e-01;1.202103e-01;7.700083e-02;1.390581e-02;5.295549e-02;2.243639e-02;6.580275e-03;1.344104e-01
1.697510e-01;2.398607e-02;2.200473e-01;3.345543e-02;1.617472e-01;1.166227e-01;7.607751e-02;6.864229e-03;5.305342e-02;2.564837e-02;3.221094e-03;1.095258e-01
6.862449e-02;1.834976e-02;2.950853e-01;6.191878e-02;1.834883e-01;9.888034e-02;6.470258e-02;9.610627e-03;6.348557e-02;2.710168e-02;7.266437e-03;1.014860e-01
5.137736e-02;2.631449e-02;3.396479e-01;7.423905e-02;2.005126e-01;7.041770e-02;4.179993e-02;9.120543e-03;6.127518e-02;2.261042e-02;7.516193e-03;9.516855e-02
5.829056e-02;2.645973e-02;3.191400e-01;6.855824e-02;2.045351e-01;8.385954e-02;6.012991e-02;1.740232e-02;3.984888e-02;2.322479e-02;7.314216e-03;9.123671e-02
6.355748e-02;2.707742e-02;1.919972e-01;4.911710e-02;1.832007e-01;1.458801e-01;1.692125e-01;1.928483e-02;4.339056e-02;2.697265e-02;9.120313e-03;7.118911e-02
7.042342e-02;1.678010e-02;8.002028e-02;3.501762e-02;1.746836e-01;2.059623e-01;2.555589e-01;2.075651e-02;5.991629e-02;3.014509e-02;8.405385e-03;4.233052e-02
6.865898e-02;1.183713e-02;6.125147e-02;3.520586e-02;1.221452e-01;2.321275e-01;3.395106e-01;3.352082e-02;4.785931e-02;1.916579e-02;5.079563e-03;2.363780e-02
7.280491e-02;2.302633e-02;2.640531e-02;5.024211e-02;8.357719e-02;2.275975e-01;4.123468e-01;3.239212e-02;3.697998e-02;1.211052e-02;6.123888e-03;1.639339e-02
5.164467e-02;4.378653e-02;2.724631e-02;4.855176e-02;5.971350e-02;1.617087e-01;5.218781e-01;2.162810e-02;4.290558e-02;9.822348e-03;3.965773e-03;7.148605e-03
3.090491e-02;6.591346e-02;3.222115e-02;2.502740e-02;2.973480e-02;8.123359e-02;6.296525e-01;2.616907e-02;5.954845e-02;1.153624e-02;5.113535e-03;2.944857e-03
2.212933e-02;6.910294e-02;3.764656e-02;2.475750e-02;3.443487e-02;6.087004e-02;6.322020e-01;2.870143e-02;6.375374e-02;1.354281e-02;8.721898e-03;4.136879e-03
2.583445e-02;5.303977e-02;4.752714e-02;3.466395e-02;6.258812e-02;1.093828e-01;5.386259e-01;2.955366e-02;6.053617e-02;1.401024e-02;1.408380e-02;1.015397e-02
5.056645e-02;3.707327e-02;1.300154e-01;6.111245e-02;1.150494e-01;1.516325e-01;3.122675e-01;3.359262e-02;5.515816e-02;1.872578e-02;1.801184e-02;1.679462e-02
9.049969e-02;4.733983e-02;2.013545e-01;6.311645e-02;1.277776e-01;1.369920e-01;1.664986e-01;3.216444e-02;4.894882e-02;3.521515e-02;2.490900e-02;2.518387e-02
8.942682e-02;5.646002e-02;1.739387e-01;3.509065e-02;9.826619e-02;1.133115e-01;2.818092e-01;2.751464e-02;3.057837e-02;3.506924e-02;2.868577e-02;2.984889e-02
6.378981e-02;6.201623e-02;1.354526e-01;2.859501e-02;9.485953e-02;1.304239e-01;2.939359e-01;3.181345e-02;6.057595e-02;4.316191e-02;3.187641e-02;2.349931e-02
6.749592e-02;8.145744e-02;1.286900e-01;3.802543e-02;1.346901e-01;1.307162e-01;1.818390e-01;5.804282e-02;1.014081e-01;3.642562e-02;2.468889e-02;1.652053e-02
4.563718e-02;1.006616e-01;1.397717e-01;5.920591e-02;1.522771e-01;9.353047e-02;1.541516e-01;7.568505e-02;8.049049e-02;4.547448e-02;3.225237e-02;2.086204e-02
7.073728e-02;8.672535e-02;1.229118e-01;6.378200e-02;1.097611e-01;7.617397e-02;2.232923e-01;8.252285e-02;5.236764e-02;5.874870e-02;2.958661e-02;2.339044e-02
8.657349e-02;7.841469e-02;1.329459e-01;5.742202e-02;8.572774e-02;8.336734e-02;2.112328e-01;8.033751e-02;5.406829e-02;6.626415e-02;2.711780e-02;3.652828e-02
6.584523e-02;9.404643e-02;8.133589e-02;5.835289e-02;7.916984e-02;7.397190e-02;2.017517e-01;1.002819e-01;7.440808e-02;8.950023e-02;3.396004e-02;4.737588e-02
5.214747e-02;6.689867e-02;5.040782e-02;8.204529e-02;7.989196e-02;8.837898e-02;2.145779e-01;8.918751e-02;1.139539e-01;8.846453e-02;4.313060e-02;3.091535e-02
6.088350e-02;7.980942e-02;6.829765e-02;1.015585e-01;7.861910e-02;1.207277e-01;1.872230e-01;6.901555e-02;9.476168e-02;8.643490e-02;2.951288e-02;2.315617e-02
8.983103e-02;1.074428e-01;7.988422e-02;1.169201e-01;7.002404e-02;1.530820e-01;1.428414e-01;5.331532e-02;7.743676e-02;6.271136e-02;1.808233e-02;2.842858e-02
5.559475e-02;7.071570e-02;6.018135e-02;8.284739e-02;1.258638e-01;1.395502e-01;1.498944e-01;7.558429e-02;9.396486e-02;6.233479e-02;4.748456e-02;3.598396e-02
1.072749e-01;6.684556e-02;9.980983e-02;1.008780e-01;8.973672e-02;5.532017e-02;1.633146e-01;8.524550e-02;8.323371e-02;5.868411e-02;4.437168e-02;4.528533e-02
1.305584e-01;4.870974e-02;8.763231e-02;1.987087e-01;2.635401e-02;2.475069e-02;1.367673e-01;9.182198e-02;1.041294e-01;6.506663e-02;4.186994e-02;4.363096e-02
9.518331e-02;2.664435e-02;6.833678e-02;2.433818e-01;1.648451e-02;5.067696e-02;1.208408e-01;1.028828e-01;1.392008e-01;6.672699e-02;3.393989e-02;3.570101e-02
4.689512e-02;1.198905e-02;1.183596e-01;2.018453e-01;1.219142e-02;9.560840e-02;1.147243e-01;1.602876e-01;1.310066e-01;4.344726e-02;1.776524e-02;4.588025e-02
1.730770e-02;8.557941e-03;2.232213e-01;1.002803e-01;7.504929e-03;1.122860e-01;1.091469e-01;2.458071e-01;7.985917e-02;2.379937e-02;8.026016e-03;6.420332e-02
6.116583e-03;7.711838e-03;3.276018e-01;2.503437e-02;6.652095e-03;8.054177e-02;1.099238e-01;2.948343e-01;4.117967e-02;2.523855e-02;4.623407e-03;7.054188e-02
6.347440e-03;7.123746e-03;3.674439e-01;1.842370e-02;7.245719e-03;5.136690e-02;1.043984e-01;2.954193e-01;3.950912e-02;2.611226e-02;3.994075e-03;7.261544e-02
8.315857e-03;4.636041e-03;3.574465e-01;1.307684e-02;4.605071e-03;3.822526e-02;9.331239e-02;3.150015e-01;4.488223e-02;2.622750e-02;4.111355e-03;9.015946e-02
9.871026e-03;6.948769e-03;3.058941e-01;1.179114e-02;4.165886e-03;2.794085e-02;1.226435e-01;3.362510e-01;2.743598e-02;3.117362e-02;4.434450e-03;1.114496e-01
9.092443e-03;7.672782e-03;2.769343e-01;1.171886e-02;3.050667e-03;2.428100e-02;1.328242e-01;3.477721e-01;1.933369e-02;3.599566e-02;3.087843e-03;1.282365e-01
8.588154e-03;7.264740e-03;2.606505e-01;1.248618e-02;5.084522e-03;2.624675e-02;1.432649e-01;3.393294e-01;1.787590e-02;3.552514e-02;2.868231e-03;1.408156e-01
1.044483e-02;3.128039e-03;2.542579e-01;1.250716e-02;5.688534e-03;2.308618e-02;1.459962e-01;3.273325e-01;2.534205e-02;3.646892e-02;4.589268e-03;1.511584e-01
9.183657e-03;6.788369e-03;2.457769e-01;1.286381e-02;6.518985e-03;3.523356e-02;1.567485e-01;3.046385e-01;2.344859e-02;3.959636e-02;5.953687e-03;1.532491e-01
6.671077e-03;8.880758e-03;2.508865e-01;7.759799e-03;5.745070e-03;6.049262e-02;1.811738e-01;2.604901e-01;3.253908e-02;3.967810e-02;5.516421e-03;1.401668e-01
7.806352e-03;6.100618e-03;2.327138e-01;8.555142e-03;6.390231e-03;1.055807e-01;2.199893e-01;2.221949e-01;3.563978e-02;4.087146e-02;4.225828e-03;1.099319e-01
1.155415e-02;7.242561e-03;1.614831e-01;1.291504e-02;8.815261e-03;1.413678e-01;2.899984e-01;2.056652e-01;4.563136e-02;4.069746e-02;4.751615e-03;6.987806e-02
8.938595e-03;8.882794e-03;1.030427e-01;1.776253e-02;1.105318e-02;1.305015e-01;4.035522e-01;1.920812e-01;4.495148e-02;3.863707e-02;5.400142e-03;3.519668e-02
9.638002e-03;8.687504e-03;7.446918e-02;1.696268e-02;2.824260e-02;7.979448e-02;5.087920e-01;1.744971e-01;4.282077e-02;2.631357e-02;5.725329e-03;2.405673e-02
1.085651e-02;1.280828e-02;6.504231e-02;2.527640e-02;5.615677e-02;5.261366e-02;5.432194e-01;1.345440e-01;4.378549e-02;1.527592e-02;4.931340e-03;3.548999e-02
1.127656e-02;1.698009e-02;7.588404e-02;2.969331e-02;6.402108e-02;6.725128e-02;5.115299e-01;1.130587e-01;4.591289e-02;1.763612e-02;4.828343e-03;4.192760e-02
2.363242e-02;1.609818e-02;7.816418e-02;3.734297e-02;9.043525e-02;7.915199e-02;4.485541e-01;9.588301e-02;6.156377e-02;2.810319e-02;6.063268e-03;3.500760e-02
2.783348e-02;2.789089e-02;6.211365e-02;7.056276e-02;1.051718e-01;9.963179e-02;4.076564e-01;6.287367e-02;7.497802e-02;2.934301e-02;7.368032e-03;2.457650e-02
2.472145e-02;3.376603e-02;5.362561e-02;1.142738e-01;7.207143e-02;9.364990e-02;4.132587e-01;8.220837e-02;6.028358e-02;2.576581e-02;4.964546e-03;2.141082e-02
2.737558e-02;4.050260e-02;6.580238e-02;1.385720e-01;5.722905e-02;4.906313e-02;3.995397e-01;8.832887e-02;6.412043e-02;3.491431e-02;8.238887e-03;2.631307e-02
2.589557e-02;5.204222e-02;8.371130e-02;1.477076e-01;3.880928e-02;4.164914e-02;3.133285e-01;7.895765e-02;8.687607e-02;6.528922e-02;1.951123e-02;4.622220e-02
3.497806e-02;3.950414e-02;7.043376e-02;1.443218e-01;2.623265e-02;3.236854e-02;1.599502e-01;8.909918e-02;1.628835e-01;1.343893e-01;2.959626e-02;7.624260e-02
5.078324e-02;2.221850e-02;2.838009e-02;1.383236e-01;2.599714e-02;3.358854e-02;7.607256e-02;7.969326e-02;2.800178e-01;1.731584e-01;2.882208e-02;6.294480e-02
4.312108e-02;1.557941e-02;2.186868e-02;1.376792e-01;3.359850e-02;2.568795e-02;8.409292e-02;5.393070e-02;3.230957e-01;1.890808e-01;3.793661e-02;3.432848e-02
4.904054e-02;1.980247e-02;3.625647e-02;1.973421e-01;3.204814e-02;2.129445e-02;8.213382e-02;3.942030e-02;3.182383e-01;1.502837e-01;3.475289e-02;1.938689e-02
3.674760e-02;2.392801e-02;7.547469e-02;2.458169e-01;1.372525e-02;1.159961e-02;1.026561e-01;6.485450e-02;3.050301e-01;8.254050e-02;2.245464e-02;1.517219e-02
1.617076e-02;2.333018e-02;1.776213e-01;1.751766e-01;1.148025e-02;1.207842e-02;1.418518e-01;1.660021e-01;2.167821e-01;2.784600e-02;1.124677e-02;2.041373e-02
4.486066e-03;4.755227e-02;2.105114e-01;7.072307e-02;9.401637e-03;1.541502e-02;2.546122e-01;2.267779e-01;1.070965e-01;1.952987e-02;1.212416e-02;2.176986e-02
1.214985e-02;1.112431e-01;1.135310e-01;3.849767e-02;1.653496e-02;3.022924e-02;4.036541e-01;1.677103e-01;5.880428e-02;1.910895e-02;1.584223e-02;1.269437e-02
5.722154e-02;1.301487e-01;2.708395e-02;2.554150e-02;2.131645e-02;8.702859e-02;4.652262e-01;9.475730e-02;4.054032e-02;2.808457e-02;1.534564e-02;7.705168e-03
1.345003e-01;7.736383e-02;1.858987e-02;2.146146e-02;3.355325e-02;1.856760e-01;3.842667e-01;5.160807e-02;2.796610e-02;4.039773e-02;7.919498e-03;1.669721e-02
1.465727e-01;3.185396e-02;3.090161e-02;2.460347e-02;8.607448e-02;2.116409e-01;2.438655e-01;3.897770e-02;6.345613e-02;3.845436e-02;5.292948e-03;7.830632e-02
8.102760e-02;2.279042e-02;3.855603e-02;3.467458e-02;1.542081e-01;1.427162e-01;1.127627e-01;3.903171e-02;1.232005e-01;2.480804e-02;2.594573e-02;2.002784e-01
2.623765e-02;2.949206e-02;4.769711e-02;7.279278e-02;1.252884e-01;7.801007e-02;5.579247e-02;8.201167e-02;1.116436e-01;3.960481e-02;1.176816e-01;2.137477e-01
2.475825e-02;3.346827e-02;7.267070e-02;1.223805e-01;4.570009e-02;6.582838e-02;4.684572e-02;1.286671e-01;7.089485e-02;6.584908e-02;2.120592e-01;1.108779e-01
3.487417e-02;2.209113e-02;1.526572e-01;1.130468e-01;2.806127e-02;4.601828e-02;8.920776e-02;9.970063e-02;6.003040e-02;1.364217e-01;2.021837e-01;1.570701e-02
3.692289e-02;1.518288e-02;2.589146e-01;5.481730e-02;3.596083e-02;1.797257e-02;1.120817e-01;4.118354e-02;4.626765e-02;2.603210e-01;9.253825e-02;2.783681e-02
2.724480e-02;2.709857e-02;3.016857e-01;3.138297e-02;2.806996e-02;2.740786e-02;8.719838e-02;4.318273e-02;5.519626e-02;2.974508e-01;5.892816e-02;1.515379e-02
1.519679e-02;5.562522e-02;2.943522e-01;3.088209e-02;2.099625e-02;3.253154e-02;7.064117e-02;5.296697e-02;1.037191e-01;2.425354e-01;6.131931e-02;1.923403e-02
9.210766e-03;1.005213e-01;2.124157e-01;2.361006e-02;1.514672e-02;4.391143e-02;4.073158e-02;5.592328e-02;1.707816e-01;2.302872e-01;6.238192e-02;3.507840e-02
1.637252e-02;1.475936e-01;1.753375e-01;2.372925e-02;1.393889e-02;9.164886e-02;3.819293e-02;6.795821e-02;2.073894e-01;1.437581e-01;4.007367e-02;3.400699e-02
1.552032e-02;1.743892e-01;1.725254e-01;2.387771e-02;1.358672e-02;1.374545e-01;4.744900e-02;5.487845e-02;2.323001e-01;6.939426e-02;1.969394e-02;3.893043e-02
2.147641e-02;2.061059e-01;1.297538e-01;2.489260e-02;1.021909e-02;2.194470e-01;2.170232e-02;3.014236e-02;2.471289e-01;3.806581e-02;9.837991e-03;4.122781e-02
2.398652e-02;2.080717e-01;1.230468e-01;1.682650e-02;1.252272e-02;2.699761e-01;1.079922e-02;1.465139e-02;2.378437e-01;3.703650e-02;1.223666e-02;3.300221e-02
2.700285e-02;2.151451e-01;1.131764e-01;1.346961e-02;1.874175e-02;2.676162e-01;2.460374e-02;1.700309e-02;2.110639e-01;5.373267e-02;7.121546e-03;3.132327e-02
3.339915e-02;2.467158e-01;1.333947e-01;1.208498e-02;2.410914e-02;2.118786e-01;4.034645e-02;1.294977e-02;1.882987e-01;4.927019e-02;1.163223e-02;3.592034e-02
4.073365e-02;3.057590e-01;1.643391e-01;1.804580e-02;2.019419e-02;1.525534e-01;2.848853e-02;1.922867e-02;1.615390e-01;3.994600e-02;1.421318e-02;3.495956e-02
5.014732e-02;3.500976e-01;1.858634e-01;2.007476e-02;1.453596e-02;1.352416e-01;1.661011e-02;1.040711e-02;1.329035e-01;3.384926e-02;1.690612e-02;3.336329e-02
6.629391e-02;3.580732e-01;1.932750e-01;2.100524e-02;9.986051e-03;1.472141e-01;1.228593e-02;1.150612e-02;1.087850e-01;2.808090e-02;1.602668e-02;2.746777e-02
5.889655e-02;3.176356e-01;2.377324e-01;1.876734e-02;7.020392e-03;1.746183e-01;9.351755e-03;1.441920e-02;9.350168e-02;3.312138e-02;1.259145e-02;2.234406e-02
5.704811e-02;2.755265e-01;2.771867e-01;1.888602e-02;1.196833e-02;1.696362e-01;1.800584e-02;1.716335e-02;8.994999e-02;3.246764e-02;6.576160e-03;2.558519e-02
6.873027e-02;2.791877e-01;3.028416e-01;2.019213e-02;6.976751e-03;1.193606e-01;1.560576e-02;1.878860e-02;8.444256e-02;4.645688e-02;8.909185e-03;2.850788e-02
5.161576e-02;2.355474e-01;3.972718e-01;2.830241e-02;1.815493e-02;5.655147e-02;2.814288e-02;2.051372e-02;6.917126e-02;6.539885e-02;1.474364e-02;1.458583e-02
4.383876e-02;1.731044e-01;4.458815e-01;4.712923e-02;2.206638e-02;2.023535e-02;4.896970e-02;3.506017e-02;5.326404e-02;6.328643e-02;3.326105e-02;1.390295e-02
5.127220e-02;1.267982e-01;3.933644e-01;6.268624e-02;3.551234e-02;4.030197e-02;6.716929e-02;4.629385e-02;5.357964e-02;4.581861e-02;5.416048e-02;2.304280e-02
2.782657e-02;1.128200e-01;3.589444e-01;7.447473e-02;6.621981e-02;4.864742e-02;5.406261e-02;4.412110e-02;5.935998e-02;6.174567e-02;6.674903e-02;2.502874e-02
2.354052e-02;7.989900e-02;4.404576e-01;6.434950e-02;6.056587e-02;7.081041e-02;4.792601e-02;2.263512e-02;6.306602e-02;6.408782e-02;4.642492e-02;1.623721e-02
1.962897e-02;6.208369e-02;4.932215e-01;5.408254e-02;4.462221e-02;1.110448e-01;3.126185e-02;2.390016e-02;6.617150e-02;4.233043e-02;3.627159e-02;1.538082e-02
1.765466e-02;7.160378e-02;5.183890e-01;4.938346e-02;3.952994e-02;1.198757e-01;2.711183e-02;2.707811e-02;6.357080e-02;2.432531e-02;2.670250e-02;1.477486e-02
3.334989e-02;8.041091e-02;4.936593e-01;4.571510e-02;3.908648e-02;9.955629e-02;4.153184e-02;2.205706e-02;7.757337e-02;3.528170e-02;1.796805e-02;1.380995e-02
3.972129e-02;8.284186e-02;4.094732e-01;3.795168e-02;3.873767e-02;1.095155e-01;5.017842e-02;2.527617e-02;1.065104e-01;5.096705e-02;2.954826e-02;1.927851e-02
4.573399e-02;1.079589e-01;2.508886e-01;3.544598e-02;5.354418e-02;1.616565e-01;6.851203e-02;3.531547e-02;1.170375e-01;5.897043e-02;4.484596e-02;2.009055e-02
3.827741e-02;1.551268e-01;2.429159e-01;4.869486e-02;4.656018e-02;1.244876e-01;9.227499e-02;3.788026e-02;8.715673e-02;5.897466e-02;5.520359e-02;1.244701e-02
4.067313e-02;1.849858e-01;3.330309e-01;5.904526e-02;2.978791e-02;6.766242e-02;7.385623e-02;3.195453e-02;5.795604e-02;6.209428e-02;5.085720e-02;8.096199e-03
3.555430e-02;1.732353e-01;3.032717e-01;4.561384e-02;5.168223e-02;1.010337e-01;9.731951e-02;2.766395e-02;6.147750e-02;5.480165e-02;3.234752e-02;1.599875e-02
2.564407e-02;1.922367e-01;2.268463e-01;3.912100e-02;6.039130e-02;1.525092e-01;8.228710e-02;4.554025e-02;5.422933e-02;4.910102e-02;4.542980e-02;2.666396e-02
4.064154e-02;1.921540e-01;1.638190e-01;4.410914e-02;6.793087e-02;1.847589e-01;5.881810e-02;4.543423e-02;6.063014e-02;5.334860e-02;5.976104e-02;2.859449e-02
7.641567e-02;1.513040e-01;1.350496e-01;4.447700e-02;5.837934e-02;2.016517e-01;6.060036e-02;3.683590e-02;7.136125e-02;5.970339e-02;6.595584e-02;3.826603e-02
