1.442116e-01;7.366028e-02;2.169778e-01;7.062632e-02;1.113934e-01;4.229006e-02;1.216222e-01;3.926291e-02;3.465179e-02;4.091774e-02;3.909058e-02;6.529541e-02
1.303938e-01;5.515296e-02;2.060207e-01;8.995949e-02;1.441083e-01;5.277904e-02;5.228506e-02;4.233376e-02;3.479970e-02;3.480789e-02;7.356765e-02;8.379159e-02
8.076719e-02;4.175309e-02;2.194653e-01;1.223483e-01;1.085907e-01;7.301015e-02;5.790585e-02;5.319358e-02;3.245849e-02;4.739392e-02;9.990132e-02;6.321209e-02
7.690173e-02;2.780963e-02;2.970558e-01;1.252282e-01;6.362817e-02;8.370553e-02;6.330617e-02;4.848357e-02;2.089325e-02;6.079654e-02;9.240270e-02;3.978875e-02
7.573758e-02;1.414682e-02;3.943180e-01;1.015327e-01;5.152418e-02;7.176571e-02;3.666067e-02;4.533311e-02;1.600940e-02;6.929030e-02;9.240938e-02;3.127216e-02
6.046430e-02;2.180374e-02;3.642821e-01;1.364710e-01;6.442304e-02;6.553307e-02;4.717601e-02;5.897477e-02;1.548664e-02;5.081655e-02;9.046531e-02;2.410351e-02
5.169532e-02;2.484748e-02;2.952573e-01;1.659040e-01;7.373066e-02;9.377944e-02;5.068772e-02;7.840634e-02;1.871986e-02;3.771546e-02;8.703047e-02;2.222600e-02
4.253559e-02;6.228773e-02;2.360381e-01;1.909112e-01;8.034236e-02;1.003208e-01;3.851174e-02;8.217862e-02;2.605782e-02;2.534137e-02;8.686300e-02;2.861164e-02
1.596559e-02;1.016845e-01;2.337939e-01;2.159446e-01;8.228666e-02;8.103640e-02;3.140835e-02;6.808325e-02;1.950140e-02;2.590601e-02;9.357700e-02;3.081235e-02
2.239401e-02;1.403373e-01;1.991736e-01;2.197100e-01;1.083885e-01;6.374983e-02;1.179637e-02;3.617362e-02;1.517255e-02;2.980467e-02;1.023324e-01;5.096713e-02
1.177806e-02;1.669631e-01;1.807097e-01;1.713244e-01;1.340048e-01;5.930914e-02;3.281956e-02;2.487894e-02;2.575800e-02;2.802151e-02;8.878993e-02;7.564292e-02
8.773448e-02;1.400644e-01;1.405012e-01;7.127406e-02;1.495298e-01;6.235762e-02;7.343246e-02;2.420779e-02;5.386831e-02;2.324458e-02;5.522009e-02;1.185652e-01
1.633575e-01;1.038081e-01;1.170536e-01;2.981538e-02;1.274236e-01;7.623541e-02;9.260476e-02;1.657337e-02;9.158660e-02;2.386592e-02;3.773551e-02;1.199402e-01
2.095106e-01;8.334878e-02;1.154728e-01;2.973427e-02;1.115064e-01;9.178347e-02;9.177805e-02;1.636604e-02;1.069257e-01;3.771749e-02;2.518180e-02;8.067464e-02
2.404033e-01;6.844272e-02;8.381362e-02;2.049214e-02;1.029470e-01;1.309805e-01;1.019435e-01;1.512877e-02;1.077928e-01;6.078658e-02;2.093438e-02;4.633469e-02
2.382987e-01;4.260791e-02;4.753036e-02;2.281337e-02;1.081349e-01;1.729857e-01;1.220085e-01;1.222947e-02;1.022133e-01;7.466102e-02;1.563095e-02;4.088585e-02
2.055438e-01;2.172757e-02;8.326986e-02;4.432507e-02;1.277619e-01;1.824732e-01;1.098865e-01;8.064874e-03;1.039210e-01;5.714243e-02;1.079751e-02;4.508632e-02
1.410151e-01;2.661005e-02;1.555874e-01;6.828459e-02;1.336732e-01;1.572747e-01;8.604080e-02;1.106753e-02;1.095829e-01;4.602847e-02;1.680609e-02;4.802913e-02
7.893251e-02;2.235760e-02;2.262338e-01;7.102726e-02;1.460099e-01;1.347057e-01;9.625606e-02;1.506388e-02;1.092085e-01;3.593662e-02;1.886837e-02;4.539996e-02
7.967513e-02;1.870991e-02;2.231300e-01;5.706914e-02;1.659775e-01;1.247510e-01;1.540905e-01;1.017596e-02;9.203481e-02;1.993526e-02;1.445994e-02;3.999085e-02
6.454915e-02;1.774171e-02;2.496891e-01;6.283484e-02;2.035886e-01;1.362586e-01;1.095488e-01;1.008573e-02;6.972165e-02;2.427409e-02;1.238308e-02;3.932470e-02
3.410642e-02;1.916811e-02;3.065884e-01;7.460812e-02;2.225605e-01;1.293160e-01;7.863440e-02;1.626162e-02;4.075816e-02;3.143038e-02;1.738673e-02;2.918125e-02
7.108430e-02;4.701399e-02;2.462139e-01;7.776396e-02;1.678742e-01;5.504226e-02;1.671720e-01;3.805484e-02;3.964200e-02;2.759323e-02;4.324144e-02;1.930379e-02
1.465341e-01;5.748180e-02;8.649189e-02;5.859085e-02;1.142519e-01;6.276816e-02;2.585262e-01;2.632983e-02;5.739818e-02;4.025900e-02;4.164439e-02;4.972368e-02
2.219060e-01;6.893311e-02;8.459225e-02;5.107851e-02;9.447796e-02;7.102548e-02;2.010148e-01;2.317082e-02;6.123529e-02;3.186593e-02;3.545040e-02;5.524942e-02
3.073165e-01;9.517325e-02;5.798773e-02;4.617649e-02;8.303990e-02;8.441705e-02;1.443101e-01;1.714918e-02;4.572368e-02;3.448186e-02;3.388834e-02;5.033593e-02
3.095747e-01;1.298422e-01;3.746318e-02;5.220665e-02;6.231699e-02;8.644763e-02;1.986586e-01;1.161101e-02;1.991337e-02;3.703879e-02;1.693724e-02;3.798964e-02
2.378258e-01;1.688843e-01;6.660951e-02;5.016601e-02;3.820441e-02;7.561239e-02;2.774775e-01;9.096955e-03;9.864392e-03;2.811387e-02;1.461936e-02;2.352549e-02
1.609284e-01;1.936101e-01;7.981792e-02;2.722417e-02;2.584176e-02;6.710444e-02;3.647890e-01;1.252928e-02;1.424123e-02;1.805396e-02;2.365040e-02;1.220929e-02
1.036250e-01;1.940589e-01;8.844429e-02;1.287210e-02;3.064882e-02;6.083753e-02;4.170151e-01;2.824041e-02;1.516165e-02;1.315844e-02;3.184277e-02;4.094993e-03
7.237283e-02;1.563664e-01;1.113603e-01;2.728916e-02;3.784532e-02;4.684108e-02;4.307587e-01;4.980631e-02;1.516483e-02;9.665326e-03;3.306636e-02;9.463391e-03
4.154199e-02;1.027562e-01;1.669055e-01;3.949799e-02;3.115028e-02;2.959102e-02;4.433899e-01;8.371478e-02;1.557790e-02;7.541069e-03;2.073736e-02;1.759613e-02
2.329756e-02;4.204699e-02;2.212800e-01;3.188900e-02;1.748917e-02;2.487280e-02;4.352086e-01;1.133548e-01;2.867842e-02;1.691407e-02;9.766546e-03;3.520204e-02
1.741581e-02;2.036375e-02;2.483871e-01;2.218614e-02;1.018292e-02;3.070663e-02;4.058448e-01;1.143523e-01;4.364013e-02;2.685384e-02;8.253524e-03;5.181310e-02
1.272414e-02;4.692266e-02;2.252138e-01;3.099260e-02;1.637288e-02;3.795572e-02;3.805431e-01;9.597475e-02;5.331497e-02;3.331085e-02;1.031234e-02;5.636215e-02
1.756910e-02;4.459791e-02;2.010031e-01;2.933719e-02;2.193144e-02;4.655387e-02;3.912794e-01;7.592318e-02;5.212841e-02;3.763557e-02;2.389160e-02;5.814923e-02
4.163508e-02;4.157818e-02;1.964885e-01;3.380689e-02;2.549920e-02;3.830276e-02;4.039318e-01;4.424847e-02;5.031927e-02;3.807955e-02;3.273362e-02;5.337679e-02
4.704941e-02;3.409231e-02;1.331357e-01;4.364382e-02;2.978987e-02;2.813613e-02;4.274757e-01;4.397598e-02;5.654595e-02;5.369706e-02;7.059520e-02;3.186294e-02
4.809130e-02;5.140059e-02;7.991382e-02;3.477807e-02;4.034514e-02;2.962295e-02;3.917143e-01;8.310597e-02;5.007956e-02;5.626376e-02;1.161645e-01;1.852001e-02
3.362305e-02;3.597575e-02;1.103635e-01;2.367840e-02;2.986886e-02;2.694613e-02;3.947588e-01;1.163788e-01;4.837558e-02;6.138999e-02;8.372846e-02;3.491263e-02
1.107916e-02;2.245511e-02;1.644942e-01;1.989879e-02;1.423646e-02;2.853165e-02;3.780250e-01;1.352014e-01;5.555988e-02;7.968427e-02;3.865549e-02;5.217860e-02
7.470152e-03;1.034535e-02;2.186564e-01;3.035497e-02;1.272231e-02;3.202561e-02;3.468092e-01;1.311019e-01;5.665014e-02;7.228329e-02;2.177290e-02;5.980765e-02
6.120828e-03;2.271697e-02;2.516535e-01;3.691319e-02;1.452902e-02;2.698811e-02;3.344885e-01;1.230603e-01;5.130675e-02;6.055996e-02;2.049260e-02;5.117024e-02
9.158268e-03;3.613507e-02;2.464704e-01;3.537451e-02;2.116975e-02;2.104202e-02;3.657253e-01;1.097047e-01;4.462496e-02;5.576219e-02;1.914252e-02;3.569024e-02
3.323315e-02;8.071706e-02;1.918737e-01;3.018131e-02;2.992070e-02;1.993695e-02;4.034218e-01;7.345227e-02;4.110330e-02;4.356495e-02;3.150181e-02;2.109297e-02
7.600870e-02;1.170295e-01;1.111918e-01;2.410707e-02;4.326346e-02;3.717914e-02;3.924978e-01;5.376020e-02;4.612118e-02;4.754807e-02;3.798869e-02;1.330436e-02
1.395878e-01;1.165460e-01;6.088707e-02;3.483320e-02;6.249197e-02;5.947159e-02;2.889881e-01;5.678972e-02;4.280546e-02;7.121252e-02;4.154092e-02;2.484561e-02
1.301484e-01;9.137136e-02;1.127075e-01;4.883497e-02;9.409806e-02;5.751908e-02;1.548831e-01;7.392893e-02;4.508794e-02;1.019913e-01;4.454686e-02;4.488251e-02
7.107277e-02;7.137803e-02;1.676544e-01;4.684699e-02;1.162411e-01;5.357028e-02;1.029869e-01;1.138289e-01;5.160024e-02;1.029668e-01;3.280963e-02;6.904389e-02
1.093456e-01;8.408725e-02;1.622579e-01;5.215416e-02;1.104371e-01;5.628214e-02;1.033914e-01;1.093238e-01;5.794524e-02;6.393286e-02;3.177985e-02;5.906263e-02
6.346331e-02;7.649398e-02;1.699149e-01;6.914862e-02;1.188963e-01;5.604788e-02;1.109166e-01;1.062557e-01;6.511796e-02;6.214679e-02;5.065425e-02;5.094383e-02
1.225331e-01;1.843231e-02;1.246987e-01;6.734883e-02;1.398852e-01;8.085065e-02;1.182993e-01;5.679068e-02;7.980723e-02;7.986336e-02;4.496243e-02;6.652819e-02
1.571171e-01;8.114046e-02;6.280274e-02;5.024301e-02;9.435555e-02;7.140303e-02;2.510819e-01;4.695281e-02;6.812005e-02;4.243247e-02;3.009375e-02;4.425707e-02
1.467015e-01;1.302887e-01;5.721339e-02;2.530881e-02;6.766620e-02;5.387197e-02;3.293328e-01;6.712179e-02;3.911281e-02;3.177179e-02;1.771070e-02;3.389959e-02
1.149300e-01;1.325891e-01;5.835734e-02;1.893026e-02;5.393464e-02;5.012889e-02;4.089376e-01;5.796408e-02;2.658225e-02;3.861803e-02;1.375093e-02;2.527685e-02
1.192988e-01;1.237621e-01;4.432859e-02;2.140042e-02;5.703718e-02;6.494821e-02;4.470364e-01;2.769922e-02;2.280081e-02;3.441731e-02;1.243635e-02;2.483456e-02
1.453441e-01;1.093777e-01;2.763774e-02;2.571500e-02;5.987446e-02;8.680727e-02;4.352399e-01;2.386381e-02;1.610332e-02;3.199729e-02;8.774957e-03;2.926440e-02
1.955712e-01;8.698687e-02;2.712174e-02;3.080482e-02;7.028508e-02;9.899639e-02;3.734170e-01;2.674338e-02;1.848367e-02;3.544173e-02;8.658951e-03;2.748908e-02
2.343649e-01;9.343144e-02;3.288751e-02;2.723135e-02;8.839738e-02;9.467509e-02;2.825086e-01;3.192287e-02;2.950631e-02;3.329339e-02;1.596995e-02;3.581117e-02
2.162477e-01;7.325522e-02;1.097777e-01;3.358643e-02;1.181249e-01;7.757095e-02;1.785369e-01;3.056248e-02;3.222121e-02;3.672699e-02;2.856264e-02;6.482691e-02
1.591498e-01;3.577059e-02;2.014757e-01;4.943667e-02;1.191946e-01;7.035471e-02;1.246631e-01;3.523177e-02;4.147519e-02;5.315618e-02;4.150821e-02;6.858359e-02
1.047747e-01;8.036422e-02;1.930752e-01;5.033225e-02;7.215321e-02;6.083243e-02;9.297436e-02;1.046463e-01;9.672034e-02;6.320997e-02;3.430993e-02;4.660711e-02
5.816334e-02;8.339579e-02;1.345116e-01;5.245134e-02;6.936372e-02;6.377264e-02;1.277262e-01;1.317205e-01;1.662221e-01;5.797731e-02;2.511367e-02;2.958166e-02
6.319890e-02;6.225519e-02;1.196312e-01;5.129598e-02;8.078576e-02;9.185246e-02;1.531112e-01;9.575570e-02;1.379059e-01;7.406013e-02;3.234634e-02;3.780130e-02
6.345236e-02;6.598849e-02;1.259027e-01;7.660019e-02;7.289033e-02;9.871837e-02;1.312527e-01;6.459861e-02;1.260676e-01;9.874978e-02;2.456921e-02;5.120971e-02
6.526461e-02;9.758133e-02;1.425147e-01;8.950362e-02;8.014924e-02;7.697562e-02;9.172161e-02;5.368647e-02;1.268092e-01;7.539246e-02;5.159464e-02;4.880641e-02
7.751122e-02;1.039311e-01;1.497339e-01;7.641611e-02;6.748932e-02;4.449099e-02;9.830729e-02;4.996361e-02;1.157793e-01;8.306026e-02;8.100907e-02;5.230779e-02
8.060046e-02;8.390436e-02;9.206082e-02;8.862928e-02;4.174352e-02;2.963441e-02;1.085816e-01;4.109383e-02;1.530147e-01;1.523356e-01;7.568514e-02;5.271624e-02
6.147645e-02;5.025372e-02;1.225239e-01;1.055651e-01;5.404862e-02;6.073553e-02;1.239334e-01;4.751508e-02;8.903374e-02;1.753250e-01;6.904566e-02;4.054373e-02
5.893696e-02;6.704742e-02;1.275020e-01;9.776787e-02;5.378418e-02;7.114248e-02;1.146915e-01;7.159832e-02;6.310388e-02;1.621408e-01;5.302017e-02;5.926443e-02
6.474993e-02;7.136598e-02;1.266865e-01;9.725498e-02;6.328939e-02;5.940210e-02;9.039313e-02;8.172820e-02;1.160270e-01;1.250807e-01;4.374842e-02;6.027362e-02
8.749366e-02;7.272361e-02;1.132475e-01;1.121150e-01;5.169933e-02;5.991892e-02;6.429540e-02;8.949099e-02;1.493389e-01;1.051577e-01;6.297325e-02;3.154568e-02
1.254327e-01;7.335635e-02;1.135064e-01;7.772415e-02;4.248313e-02;5.149993e-02;8.686258e-02;1.096857e-01;8.576393e-02;1.220349e-01;7.199299e-02;3.965727e-02
1.333162e-01;6.221052e-02;8.204933e-02;7.864252e-02;7.837392e-02;4.845247e-02;1.044978e-01;8.696473e-02;9.324606e-02;1.323132e-01;6.518064e-02;3.475262e-02
6.193316e-02;5.184397e-02;8.944776e-02;7.587150e-02;6.985507e-02;9.036458e-02;1.625446e-01;8.291301e-02;7.104942e-02;1.400328e-01;5.878790e-02;4.535621e-02
9.491542e-02;7.590199e-02;6.462517e-02;7.199341e-02;8.336181e-02;9.040940e-02;1.767631e-01;9.520292e-02;7.634436e-02;6.824493e-02;5.848289e-02;4.375451e-02
9.060637e-02;6.259367e-02;1.485011e-01;7.561118e-02;7.084148e-02;9.421561e-02;1.200823e-01;8.962926e-02;8.530487e-02;7.937490e-02;4.255930e-02;4.067998e-02
1.265701e-01;8.242522e-02;1.282317e-01;8.659717e-02;5.983607e-02;7.614874e-02;1.601827e-01;4.278716e-02;4.933266e-02;8.214505e-02;6.454587e-02;4.119758e-02
1.436250e-01;1.041003e-01;1.422655e-01;6.792252e-02;5.947566e-02;5.721859e-02;1.933526e-01;4.110622e-02;4.580457e-02;5.319216e-02;5.897832e-02;3.295855e-02
1.296554e-01;1.333556e-01;1.760691e-01;5.606199e-02;4.278743e-02;4.635932e-02;2.295351e-01;3.039009e-02;4.836912e-02;4.414468e-02;4.452293e-02;1.874908e-02
1.165675e-01;1.618986e-01;1.538950e-01;4.436062e-02;2.508144e-02;6.083595e-02;2.915554e-01;2.764202e-02;4.123107e-02;3.692875e-02;3.100851e-02;8.995020e-03
1.328431e-01;1.657844e-01;6.745886e-02;3.282226e-02;2.150479e-02;1.006024e-01;3.626840e-01;2.473478e-02;2.273955e-02;3.025908e-02;2.947786e-02;9.088945e-03
1.262193e-01;1.493868e-01;4.752162e-02;3.071111e-02;2.553683e-02;1.106422e-01;4.043728e-01;2.600300e-02;1.790523e-02;2.641201e-02;2.896064e-02;6.328444e-03
1.125428e-01;1.441577e-01;3.515507e-02;4.314588e-02;2.819241e-02;9.467026e-02;4.391941e-01;1.911351e-02;1.643144e-02;2.816121e-02;3.120269e-02;8.032917e-03
8.008942e-02;1.409684e-01;1.797633e-02;4.344454e-02;4.515621e-02;7.071941e-02;4.772981e-01;2.595270e-02;2.306205e-02;2.198061e-02;4.572940e-02;7.622882e-03
5.080910e-02;1.360147e-01;2.249553e-02;2.150897e-02;6.362022e-02;5.422745e-02;5.163724e-01;3.124139e-02;2.655680e-02;1.295036e-02;6.037802e-02;3.825010e-03
3.926383e-02;1.272546e-01;3.550706e-02;6.636345e-03;6.569722e-02;6.368476e-02;5.140809e-01;4.186393e-02;2.724612e-02;1.670762e-02;5.894778e-02;3.109821e-03
3.748518e-02;1.166948e-01;8.372747e-02;1.089484e-02;6.079276e-02;5.942246e-02;4.708997e-01;6.242904e-02;2.069570e-02;2.436956e-02;4.715125e-02;5.437294e-03
3.577975e-02;1.148341e-01;1.340193e-01;1.888211e-02;5.295821e-02;3.638529e-02;4.233393e-01;7.776547e-02;1.778190e-02;3.860843e-02;3.379072e-02;1.585550e-02
3.110262e-02;1.108877e-01;1.982207e-01;2.647412e-02;3.344356e-02;1.868959e-02;3.677550e-01;9.526458e-02;2.595992e-02;3.968695e-02;2.088518e-02;3.163005e-02
2.567389e-02;1.071646e-01;2.531397e-01;2.745321e-02;1.405457e-02;1.247520e-02;3.381710e-01;1.019879e-01;3.920034e-02;3.516848e-02;1.133896e-02;3.417207e-02
1.280019e-02;9.724322e-02;2.512052e-01;3.665974e-02;1.618480e-02;1.723535e-02;3.706497e-01;8.244680e-02;4.133376e-02;3.064231e-02;1.510037e-02;2.849849e-02
4.553061e-02;8.725655e-02;1.971306e-01;4.052044e-02;3.175348e-02;2.878395e-02;4.056920e-01;5.805371e-02;3.407259e-02;2.780560e-02;1.839002e-02;2.501052e-02
6.889524e-02;7.115408e-02;1.547892e-01;3.918727e-02;4.687707e-02;3.956683e-02;4.174503e-01;5.357682e-02;3.047830e-02;3.435613e-02;1.572476e-02;2.794395e-02
7.484779e-02;8.437175e-02;1.484307e-01;3.665743e-02;7.156089e-02;3.168503e-02;3.598771e-01;6.147829e-02;3.211708e-02;3.842501e-02;2.287267e-02;3.767629e-02
7.371216e-02;1.482550e-01;1.382141e-01;3.009762e-02;6.156872e-02;4.598223e-02;2.713416e-01;7.089575e-02;4.136313e-02;3.844446e-02;3.386776e-02;4.625755e-02
8.854660e-02;1.904959e-01;1.456996e-01;3.092366e-02;4.448295e-02;3.394713e-02;1.830264e-01;9.211747e-02;5.218146e-02;4.051637e-02;4.178718e-02;5.627524e-02
6.561300e-02;1.605861e-01;2.737405e-01;4.503334e-02;3.081142e-02;2.869191e-02;1.188475e-01;9.242812e-02;5.905936e-02;3.180333e-02;4.650453e-02;4.688089e-02
5.530919e-02;9.212159e-02;2.337886e-01;6.892849e-02;4.944446e-02;4.210388e-02;1.516798e-01;9.007452e-02;8.555860e-02;6.503890e-02;3.535946e-02;3.059249e-02
6.634223e-02;8.703758e-02;1.238108e-01;6.414232e-02;7.893202e-02;4.894014e-02;1.969070e-01;1.090120e-01;9.643398e-02;6.605379e-02;4.187161e-02;2.051653e-02
7.817340e-02;7.985483e-02;1.370918e-01;5.993240e-02;8.967216e-02;5.053286e-02;1.826113e-01;9.920324e-02;8.268286e-02;6.354916e-02;4.594335e-02;3.075271e-02
7.509639e-02;5.923048e-02;1.846268e-01;5.706709e-02;8.729903e-02;6.917070e-02;1.387201e-01;7.150006e-02;8.352512e-02;8.605025e-02;3.471103e-02;5.300293e-02
9.438854e-02;6.466444e-02;2.253578e-01;3.737436e-02;6.540093e-02;5.165227e-02;1.692618e-01;5.778822e-02;7.071438e-02;8.401187e-02;3.752994e-02;4.185551e-02
7.941908e-02;4.134910e-02;2.092853e-01;4.622614e-02;9.663089e-02;6.096209e-02;2.533245e-01;3.653686e-02;4.352486e-02;6.612274e-02;3.583557e-02;3.078289e-02
6.416256e-02;2.585014e-02;2.077264e-01;5.340266e-02;1.173127e-01;7.251155e-02;2.967975e-01;3.221736e-02;3.986083e-02;4.257470e-02;2.156627e-02;2.601734e-02
5.177547e-02;2.704718e-02;2.788536e-01;6.082302e-02;1.131292e-01;6.562570e-02;2.627497e-01;3.474305e-02;3.113140e-02;2.711213e-02;2.261032e-02;2.439929e-02
4.303391e-02;3.102962e-02;3.890356e-01;7.324375e-02;9.100716e-02;5.320023e-02;1.798434e-01;2.864762e-02;2.568025e-02;2.879367e-02;3.207884e-02;2.440605e-02
5.242829e-02;3.993353e-02;4.172442e-01;7.564753e-02;6.458392e-02;4.927767e-02;1.382472e-01;3.777603e-02;2.251500e-02;3.436386e-02;4.010718e-02;2.787565e-02
4.770371e-02;4.009016e-02;4.087280e-01;6.903381e-02;4.425476e-02;3.777994e-02;1.864144e-01;4.331341e-02;3.531091e-02;3.267296e-02;2.829491e-02;2.640306e-02
2.059898e-02;4.949624e-02;4.695217e-01;4.824432e-02;8.944138e-02;3.828368e-02;9.844042e-02;4.276640e-02;3.794035e-02;5.588914e-02;2.532463e-02;2.405275e-02
2.956377e-02;4.493123e-02;4.130921e-01;5.596194e-02;9.207974e-02;5.962875e-02;5.475330e-02;6.260058e-02;5.742984e-02;7.161956e-02;2.051954e-02;3.781961e-02
3.508630e-02;3.184414e-02;3.029420e-01;6.052429e-02;8.035252e-02;6.907740e-02;1.054842e-01;9.723603e-02;6.776823e-02;6.836390e-02;3.460045e-02;4.672053e-02
3.631406e-02;3.670695e-02;2.661538e-01;5.758581e-02;8.775172e-02;7.369463e-02;1.427869e-01;1.130869e-01;6.062809e-02;5.059952e-02;3.642730e-02;3.826420e-02
4.365081e-02;5.831956e-02;2.096493e-01;5.716704e-02;1.050789e-01;6.333680e-02;1.494268e-01;9.055619e-02;9.346170e-02;4.921131e-02;4.315374e-02;3.698784e-02
9.520926e-02;6.693273e-02;1.283084e-01;8.279178e-02;1.020341e-01;6.071592e-02;9.612476e-02;8.617300e-02;8.426509e-02;9.693196e-02;3.187866e-02;6.863431e-02
1.022499e-01;7.074923e-02;7.496206e-02;8.797226e-02;8.507449e-02;8.291237e-02;1.090807e-01;8.962542e-02;3.852389e-02;1.150493e-01;6.345324e-02;8.034714e-02
6.649967e-02;5.862014e-02;7.010856e-02;6.319757e-02;8.233737e-02;7.280818e-02;1.234288e-01;1.117519e-01;9.280784e-02;9.803227e-02;6.777553e-02;9.263220e-02
5.702689e-02;4.412458e-02;8.176452e-02;5.788298e-02;7.356706e-02;6.008105e-02;9.732451e-02;1.494483e-01;1.030426e-01;8.133256e-02;9.386650e-02;1.005385e-01
6.437184e-02;4.365237e-02;1.017572e-01;5.645726e-02;5.766239e-02;5.916691e-02;1.190176e-01;1.514500e-01;6.835046e-02;9.380456e-02;9.943245e-02;8.487695e-02
8.378500e-02;4.252397e-02;1.274237e-01;7.237832e-02;4.261688e-02;6.563530e-02;9.981645e-02;1.140246e-01;8.611618e-02;1.197603e-01;8.099528e-02;6.492411e-02
1.145982e-01;4.882442e-02;1.364406e-01;7.410121e-02;5.651942e-02;8.160199e-02;7.337558e-02;1.124759e-01;8.645231e-02;1.117149e-01;5.808773e-02;4.580779e-02
8.147164e-02;4.868378e-02;9.375585e-02;7.671595e-02;5.656918e-02;1.052190e-01;8.888803e-02;1.377208e-01;9.444693e-02;9.456133e-02;6.757068e-02;5.439677e-02
6.287713e-02;5.288123e-02;8.184538e-02;8.302172e-02;5.626846e-02;9.343542e-02;9.120440e-02;1.569354e-01;8.504789e-02;1.039793e-01;5.603662e-02;7.646713e-02
1.087800e-01;6.785295e-02;1.034177e-01;7.138786e-02;6.443996e-02;4.730829e-02;1.313231e-01;1.365492e-01;6.963209e-02;7.390185e-02;6.157167e-02;6.383532e-02
6.001761e-02;3.572550e-02;1.113704e-01;9.286813e-02;7.667559e-02;8.273835e-02;1.911591e-01;1.050562e-01;6.438031e-02;4.513372e-02;6.912162e-02;6.575338e-02
8.165271e-02;5.717502e-02;7.175781e-02;6.695073e-02;6.629252e-02;1.176628e-01;2.311064e-01;8.322092e-02;5.184124e-02;6.847330e-02;5.419751e-02;4.966905e-02
7.773124e-02;4.989820e-02;7.214363e-02;6.714135e-02;5.270027e-02;1.203836e-01;2.497341e-01;8.573895e-02;8.109293e-02;6.701449e-02;3.896688e-02;3.745436e-02
5.819624e-02;4.178316e-02;5.815107e-02;5.877404e-02;5.894022e-02;9.991872e-02;2.357758e-01;1.177897e-01;1.499005e-01;5.480081e-02;2.911817e-02;3.685167e-02
2.676021e-02;3.322607e-02;5.794909e-02;4.981401e-02;8.842853e-02;5.992224e-02;1.819959e-01;1.160127e-01;2.695315e-01;3.417450e-02;2.520889e-02;5.697631e-02
3.547962e-02;2.076605e-02;7.967656e-02;2.650851e-02;1.016475e-01;4.417949e-02;1.396883e-01;3.247652e-02;3.834563e-01;3.485725e-02;1.693885e-02;8.432499e-02
8.067943e-02;1.273764e-02;7.585023e-02;2.212298e-02;6.759422e-02;7.637502e-02;1.009679e-01;6.960360e-02;3.303483e-01;9.071752e-02;1.421509e-02;5.878809e-02
1.219674e-01;4.034397e-02;4.487147e-02;4.139080e-02;3.798313e-02;1.179545e-01;1.073005e-01;7.185828e-02;1.755082e-01;1.863985e-01;2.844028e-02;2.598289e-02
8.160323e-02;7.504437e-02;3.544808e-02;4.291787e-02;3.551001e-02;1.032849e-01;1.727197e-01;5.471889e-02;1.026586e-01;1.704574e-01;1.083006e-01;1.733636e-02
3.233924e-02;7.872070e-02;3.917692e-02;2.320070e-02;4.855564e-02;5.425227e-02;2.581857e-01;8.731893e-02;8.399080e-02;8.633583e-02;1.781388e-01;2.978450e-02
2.203193e-02;4.634677e-02;8.110727e-02;1.771001e-02;4.434957e-02;3.136697e-02;2.474816e-01;1.574292e-01;5.195006e-02;5.192714e-02;1.614865e-01;8.681307e-02
1.095498e-02;1.255270e-02;1.333069e-01;1.326772e-02;1.891223e-02;3.756871e-02;1.890734e-01;2.654687e-01;5.353826e-02;4.750432e-02;7.001898e-02;1.478330e-01
9.064523e-03;9.376503e-03;1.736652e-01;1.197032e-02;6.346533e-03;6.050161e-02;1.262516e-01;3.143774e-01;4.106455e-02;4.568450e-02;2.510559e-02;1.765917e-01
6.265028e-03;1.999572e-02;2.093482e-01;2.000290e-02;7.469198e-03;7.054471e-02;1.250293e-01;2.908612e-01;4.414706e-02;3.184508e-02;3.161141e-02;1.428802e-01
2.365336e-02;4.328219e-02;2.316845e-01;3.558585e-02;1.465904e-02;6.763597e-02;1.573898e-01;2.142596e-01;7.359948e-02;2.404045e-02;3.466084e-02;7.954890e-02
4.227580e-02;7.048504e-02;2.314597e-01;3.613692e-02;2.170128e-02;6.762244e-02;2.190665e-01;1.403857e-01;9.144040e-02;2.722236e-02;2.046965e-02;3.173427e-02
5.116677e-02;7.059728e-02;1.872193e-01;2.694277e-02;2.638912e-02;6.769822e-02;2.634729e-01;1.678302e-01;8.199254e-02;3.898773e-02;1.087882e-02;6.824390e-03
5.100128e-02;3.874281e-02;1.100110e-01;2.251269e-02;2.948959e-02;5.117682e-02;3.048143e-01;2.043288e-01;4.875786e-02;4.984825e-02;3.989672e-02;4.941981e-02
3.883221e-02;6.518304e-02;4.663733e-02;1.161137e-02;2.775685e-02;4.658572e-02;3.305387e-01;1.833417e-01;4.970441e-02;4.819039e-02;5.847841e-02;9.313986e-02
3.754221e-02;8.315296e-02;6.828233e-02;1.726773e-02;3.145275e-02;4.756441e-02;3.561981e-01;1.591284e-01;4.496246e-02;4.072306e-02;3.415690e-02;7.956874e-02
4.721940e-02;8.129289e-02;1.180146e-01;2.505284e-02;3.406151e-02;5.203074e-02;3.418424e-01;1.258777e-01;5.791860e-02;4.675931e-02;2.037367e-02;4.955644e-02
6.781868e-02;8.479011e-02;1.043287e-01;4.796822e-02;6.018681e-02;6.045220e-02;2.941777e-01;5.549944e-02;7.255334e-02;6.760027e-02;3.621845e-02;4.840613e-02
4.775688e-02;8.158978e-02;2.258040e-01;3.454626e-02;4.874180e-02;3.817454e-02;2.518407e-01;8.376723e-02;5.274183e-02;6.301303e-02;2.827272e-02;4.375121e-02
2.400798e-02;5.183314e-02;2.938933e-01;3.572668e-02;3.043118e-02;4.033571e-02;2.647510e-01;9.738251e-02;5.755629e-02;5.002553e-02;1.538105e-02;3.867563e-02
1.090274e-02;2.249659e-02;3.488714e-01;5.232560e-02;1.799520e-02;4.976352e-02;2.480417e-01;9.447721e-02;4.469863e-02;5.402543e-02;1.749163e-02;3.891037e-02
6.202297e-03;2.622658e-02;3.724678e-01;5.512011e-02;2.041675e-02;4.738771e-02;2.529052e-01;8.903366e-02;4.034732e-02;4.597513e-02;1.475793e-02;2.915955e-02
8.577468e-03;4.015215e-02;3.741545e-01;4.994952e-02;1.870819e-02;3.539795e-02;2.763351e-01;8.283558e-02;4.080429e-02;3.446728e-02;1.882670e-02;1.979124e-02
1.320754e-02;5.124951e-02;3.236786e-01;6.249009e-02;4.737456e-02;3.484057e-02;2.693945e-01;6.879161e-02;4.508446e-02;4.112142e-02;2.413231e-02;1.863485e-02
3.948707e-02;5.526661e-02;2.583233e-01;7.441280e-02;7.508709e-02;4.333184e-02;2.228797e-01;5.894209e-02;6.751644e-02;4.962279e-02;2.585588e-02;2.927445e-02
6.078134e-02;5.198057e-02;2.001852e-01;6.726760e-02;8.608229e-02;5.114529e-02;1.437010e-01;8.311719e-02;1.037163e-01;7.125454e-02;3.962217e-02;4.114651e-02
5.783255e-02;7.808000e-02;1.648222e-01;4.793562e-02;8.784318e-02;8.343334e-02;8.703366e-02;9.863184e-02;1.366439e-01;7.826637e-02;3.700761e-02;4.246977e-02
6.913327e-02;7.864732e-02;1.597885e-01;3.971969e-02;1.009808e-01;1.001994e-01;7.858027e-02;7.883169e-02;1.369287e-01;8.418640e-02;4.566884e-02;2.733496e-02
1.030872e-01;6.409533e-02;1.944559e-01;6.293655e-02;1.163847e-01;9.755772e-02;5.026049e-02;5.868078e-02;1.073294e-01;1.026174e-01;2.569376e-02;1.690070e-02
7.341651e-02;6.727169e-02;1.716141e-01;7.302471e-02;1.239978e-01;6.500159e-02;8.612601e-02;6.602202e-02;1.276678e-01;9.469730e-02;2.654423e-02;2.461617e-02
7.393726e-02;6.545907e-02;1.279210e-01;8.238316e-02;1.028575e-01;6.714601e-02;1.284471e-01;7.910951e-02;1.178524e-01;9.747896e-02;3.055819e-02;2.684982e-02
5.314919e-02;5.991203e-02;1.431933e-01;8.921549e-02;8.523797e-02;9.730092e-02;1.014811e-01;9.059666e-02;1.486285e-01;9.467347e-02;1.772054e-02;1.889081e-02
5.196480e-02;7.507361e-02;1.318852e-01;7.572823e-02;8.489787e-02;9.613094e-02;1.028190e-01;9.501560e-02;1.588373e-01;6.126830e-02;2.400592e-02;4.237328e-02
7.466634e-02;9.123208e-02;8.733875e-02;6.927679e-02;8.261780e-02;1.066367e-01;1.055287e-01;9.149058e-02;1.285097e-01;8.958687e-02;2.818219e-02;4.493347e-02
7.357772e-02;6.005526e-02;1.041016e-01;7.822927e-02;1.018676e-01;1.084543e-01;1.080573e-01;1.007462e-01;7.860681e-02;1.144991e-01;4.252310e-02;2.928162e-02
6.556044e-02;5.410048e-02;9.763851e-02;8.057987e-02;1.002036e-01;1.297330e-01;1.042318e-01;1.093035e-01;6.023748e-02;1.028547e-01;5.731963e-02;3.823699e-02
5.534445e-02;5.857165e-02;1.274881e-01;7.955153e-02;8.275893e-02;1.336283e-01;1.116768e-01;1.034631e-01;5.358463e-02;7.688639e-02;7.418764e-02;4.285859e-02
5.257224e-02;5.977490e-02;1.469066e-01;9.787232e-02;7.532041e-02;1.144638e-01;1.204181e-01;8.301095e-02;5.257557e-02;6.252498e-02;8.512978e-02;4.943039e-02
6.005683e-02;8.066294e-02;1.545900e-01;1.101651e-01;5.567890e-02;7.306467e-02;1.167811e-01;9.332466e-02;5.007900e-02;6.443273e-02;7.617918e-02;6.498505e-02
7.204649e-02;9.360245e-02;9.755652e-02;6.375752e-02;7.934383e-02;8.929656e-02;1.355083e-01;1.209131e-01;2.964954e-02;6.790209e-02;8.551960e-02;6.490400e-02
7.309353e-02;8.286665e-02;1.157692e-01;7.373325e-02;9.972267e-02;8.025166e-02;1.230420e-01;8.999399e-02;7.087159e-02;8.551124e-02;7.856032e-02;2.658391e-02
6.284837e-02;7.743368e-02;1.611000e-01;7.725564e-02;7.587276e-02;5.665008e-02;1.225120e-01;8.209152e-02;1.175313e-01;7.630744e-02;4.615915e-02;4.423815e-02
1.116237e-01;9.607170e-02;1.709391e-01;7.353313e-02;4.788304e-02;6.270560e-02;7.460674e-02;5.847210e-02;9.600529e-02;8.312418e-02;5.983240e-02;6.520306e-02
1.210131e-01;6.465825e-02;1.451074e-01;5.959538e-02;6.594389e-02;5.848339e-02;4.958703e-02;6.295633e-02;1.152876e-01;1.010350e-01;7.044991e-02;8.588273e-02
1.231641e-01;1.245272e-01;5.973140e-02;4.536681e-02;8.161218e-02;5.698182e-02;1.056897e-01;5.156263e-02;1.249561e-01;7.812233e-02;3.279044e-02;1.154954e-01
1.609015e-01;1.073685e-01;1.030952e-01;4.289123e-02;7.183574e-02;5.754773e-02;1.198754e-01;6.091524e-02;9.176611e-02;3.904349e-02;4.670299e-02;9.805687e-02
1.269512e-01;9.289581e-02;1.454388e-01;5.490220e-02;6.768335e-02;6.280610e-02;1.144598e-01;6.489510e-02;7.597318e-02;5.179031e-02;5.588757e-02;8.631653e-02
1.030422e-01;1.065938e-01;1.669315e-01;6.931284e-02;6.738196e-02;6.419785e-02;9.839547e-02;6.357214e-02;4.383714e-02;6.240942e-02;5.303099e-02;1.012947e-01
1.110027e-01;1.020056e-01;1.952475e-01;3.841606e-02;4.362877e-02;4.261115e-02;1.297848e-01;6.685694e-02;5.274348e-02;5.685514e-02;7.211398e-02;8.873390e-02
9.918973e-02;1.068891e-01;1.810528e-01;3.128585e-02;4.202016e-02;2.925486e-02;2.063866e-01;6.371675e-02;4.254537e-02;3.951582e-02;9.366792e-02;6.447499e-02
8.846314e-02;1.169820e-01;1.470225e-01;2.545937e-02;3.773483e-02;4.584213e-02;2.679779e-01;5.179982e-02;2.305013e-02;4.737939e-02;1.007996e-01;4.748933e-02
1.302865e-01;1.230687e-01;8.317397e-02;2.306260e-02;3.858715e-02;8.211153e-02;2.646552e-01;2.551198e-02;2.796885e-02;9.638183e-02;7.296734e-02;3.222426e-02
1.936231e-01;1.172207e-01;2.240383e-02;2.157281e-02;4.564778e-02;1.288053e-01;2.155748e-01;1.256152e-02;2.088500e-02;1.687702e-01;2.686966e-02;2.606530e-02
1.964433e-01;9.150109e-02;2.057485e-02;1.808340e-02;5.219182e-02;1.624870e-01;2.022514e-01;9.290936e-03;2.690869e-02;1.971487e-01;5.134417e-03;1.798442e-02
1.687553e-01;5.795911e-02;1.121136e-02;1.885756e-02;6.038495e-02;1.889113e-01;2.387945e-01;1.267427e-02;3.172219e-02;1.895982e-01;5.700826e-03;1.543033e-02
1.479366e-01;3.608657e-02;1.608188e-02;2.015612e-02;6.847412e-02;2.100538e-01;2.581378e-01;1.804946e-02;3.868324e-02;1.677330e-01;5.353424e-03;1.325398e-02
1.300524e-01;5.269518e-02;1.559050e-02;2.273975e-02;6.399960e-02;2.088539e-01;3.122041e-01;2.263702e-02;2.591051e-02;1.252231e-01;7.825669e-03;1.226813e-02
1.137024e-01;7.264319e-02;7.620153e-03;2.332918e-02;5.340558e-02;1.900561e-01;4.258015e-01;1.092266e-02;8.213498e-03;7.333933e-02;1.087872e-02;1.008767e-02
8.222465e-02;8.369098e-02;2.290998e-02;1.378151e-02;3.556317e-02;1.277574e-01;5.484740e-01;2.343980e-02;1.361519e-02;2.719064e-02;1.339034e-02;7.962440e-03
5.115997e-02;8.726224e-02;3.914317e-02;6.630996e-03;2.794469e-02;7.146661e-02;6.138142e-01;5.304332e-02;1.467646e-02;1.682177e-02;1.474058e-02;3.296003e-03
3.154764e-02;7.862559e-02;6.876794e-02;5.550132e-03;2.659151e-02;3.487902e-02;6.238220e-01;8.221453e-02;1.346877e-02;1.607957e-02;1.515357e-02;3.299741e-03
2.001441e-02;6.292720e-02;1.063714e-01;6.327224e-03;2.122910e-02;2.247513e-02;6.055476e-01;1.138953e-01;1.281432e-02;1.254760e-02;1.175716e-02;4.093539e-03
1.097561e-02;4.032139e-02;1.494910e-01;9.330806e-03;1.547136e-02;2.125623e-02;5.652641e-01;1.417232e-01;1.629336e-02;1.905702e-02;6.350470e-03;4.465495e-03
6.917783e-03;1.758526e-02;1.969324e-01;1.199385e-02;1.159187e-02;1.627599e-02;5.156928e-01;1.505923e-01;2.912910e-02;3.307692e-02;5.024509e-03;5.187238e-03
1.218592e-02;2.597492e-02;2.393787e-01;1.440770e-02;7.862810e-03;1.370625e-02;4.603936e-01;1.287206e-01;3.896715e-02;4.590759e-02;5.987989e-03;6.506736e-03
6.167856e-03;3.096140e-02;2.676238e-01;1.914759e-02;9.911969e-03;1.755795e-02;4.313592e-01;1.050924e-01;4.681031e-02;4.856599e-02;7.756780e-03;9.044735e-03
3.997471e-03;1.975882e-02;2.664599e-01;2.569605e-02;9.724148e-03;1.831793e-02;4.251642e-01;1.027640e-01;5.534366e-02;5.027241e-02;1.093345e-02;1.156790e-02
8.794949e-03;1.904826e-02;2.695071e-01;4.891869e-02;2.052418e-02;1.745094e-02;3.751815e-01;7.940496e-02;7.412666e-02;6.000290e-02;1.628543e-02;1.075436e-02
7.292436e-03;1.810818e-02;2.683169e-01;5.693040e-02;2.381811e-02;2.331423e-02;3.222819e-01;1.004664e-01;7.820538e-02;6.936286e-02;1.631706e-02;1.558627e-02
2.630465e-02;2.642225e-02;2.355691e-01;4.026747e-02;3.164460e-02;3.570661e-02;3.841029e-01;8.322822e-02;5.276722e-02;5.003219e-02;1.535510e-02;1.859969e-02
3.381456e-02;1.334111e-02;2.334749e-01;2.913912e-02;2.618802e-02;3.237044e-02;4.311720e-01;7.364739e-02;4.303845e-02;4.484867e-02;1.761593e-02;2.134941e-02
1.849292e-02;2.255367e-02;2.411081e-01;2.372611e-02;2.590540e-02;2.648190e-02;4.429834e-01;7.025957e-02;4.002113e-02;4.783954e-02;1.936566e-02;2.126269e-02
2.521172e-02;3.017008e-02;2.454293e-01;2.743921e-02;2.977743e-02;2.602256e-02;4.420975e-01;6.106499e-02;3.446481e-02;3.999221e-02;1.840085e-02;1.992934e-02
2.905761e-02;2.669523e-02;2.567545e-01;3.448226e-02;3.649280e-02;2.794430e-02;4.118237e-01;6.074045e-02;3.225388e-02;3.878676e-02;2.167615e-02;2.329236e-02
3.358145e-02;2.603029e-02;2.570313e-01;4.172609e-02;3.858155e-02;3.354144e-02;3.785657e-01;6.400693e-02;3.442082e-02;4.590845e-02;2.453313e-02;2.207276e-02
3.302922e-02;2.469905e-02;2.492563e-01;4.612209e-02;3.523222e-02;3.544417e-02;3.881404e-01;6.841793e-02;3.140322e-02;4.752117e-02;2.218239e-02;1.855189e-02
3.278403e-02;2.364163e-02;2.320575e-01;4.736487e-02;3.170301e-02;3.787700e-02;3.846224e-01;7.483773e-02;3.827536e-02;5.761610e-02;2.074683e-02;1.847360e-02
2.697378e-02;1.718130e-02;2.357305e-01;3.720935e-02;3.661489e-02;3.392380e-02;3.717327e-01;8.356286e-02;4.634511e-02;6.647573e-02;2.538919e-02;1.886070e-02
2.866715e-02;1.998377e-02;2.256868e-01;3.759968e-02;5.018409e-02;4.003557e-02;2.628220e-01;1.056046e-01;8.114198e-02;7.820860e-02;4.704511e-02;2.302065e-02
5.931246e-02;5.247649e-02;1.828305e-01;6.765837e-02;7.020014e-02;6.255531e-02;9.999219e-02;1.257661e-01;9.538411e-02;9.028689e-02;5.713156e-02;3.640591e-02
4.926146e-02;6.947098e-02;1.627061e-01;5.941179e-02;7.086209e-02;7.824282e-02;1.290676e-01;1.180212e-01;7.617398e-02;9.603223e-02;4.189583e-02;4.885389e-02
2.913078e-02;4.484825e-02;1.665852e-01;4.109309e-02;5.043056e-02;8.138618e-02;1.817070e-01;1.111582e-01;8.547736e-02;1.185271e-01;2.678060e-02;6.287567e-02
3.919911e-02;3.245006e-02;1.650995e-01;3.222448e-02;3.190228e-02;8.413201e-02;1.937056e-01;1.115200e-01;6.345687e-02;1.458058e-01;2.803022e-02;7.247397e-02
3.448693e-02;5.072093e-02;1.442983e-01;3.156915e-02;3.544688e-02;8.776566e-02;1.623824e-01;7.704730e-02;1.089382e-01;1.321570e-01;8.502971e-02;5.015766e-02
3.873114e-02;6.373642e-02;1.347283e-01;4.470084e-02;4.117490e-02;8.966099e-02;1.345861e-01;6.664760e-02;1.380002e-01;9.204441e-02;1.318564e-01;2.413275e-02
5.814424e-02;6.333960e-02;1.043970e-01;5.309568e-02;3.539888e-02;7.648884e-02;9.933344e-02;6.530193e-02;1.249044e-01;1.195751e-01;1.710891e-01;2.893179e-02
6.996568e-02;4.615417e-02;9.465563e-02;5.984199e-02;3.039798e-02;6.103367e-02;1.092266e-01;5.764530e-02;1.591045e-01;1.306628e-01;1.597341e-01;2.157767e-02
6.038927e-02;4.790567e-02;8.667988e-02;6.834856e-02;3.280263e-02;4.083469e-02;1.518716e-01;5.207901e-02;1.662472e-01;1.391864e-01;8.891002e-02;6.474502e-02
4.192091e-02;7.097793e-02;7.421283e-02;5.748959e-02;5.028103e-02;2.361517e-02;1.309031e-01;1.041895e-01;8.728921e-02;1.853136e-01;5.973039e-02;1.140767e-01
4.576848e-02;8.552942e-02;6.194991e-02;5.325556e-02;6.693881e-02;2.674059e-02;9.096482e-02;1.002266e-01;6.312878e-02;2.314712e-01;5.445668e-02;1.195691e-01
7.577142e-02;7.061856e-02;6.172402e-02;6.856427e-02;5.262424e-02;1.484549e-02;8.244351e-02;5.175397e-02;1.932146e-01;1.999238e-01;6.164393e-02;6.687219e-02
1.106641e-01;5.198580e-02;7.447003e-02;8.467473e-02;3.048682e-02;2.466638e-02;5.647204e-02;4.825606e-02;2.875719e-01;1.128465e-01;6.364090e-02;5.426465e-02
6.803740e-02;4.939179e-02;1.234180e-01;7.750387e-02;2.267767e-02;4.723444e-02;6.602626e-02;1.046699e-01;2.394543e-01;6.307695e-02;3.586238e-02;1.026471e-01
1.295453e-02;4.026087e-02;1.921000e-01;4.502316e-02;1.988167e-02;4.991655e-02;9.314050e-02;1.714331e-01;1.153525e-01;6.252042e-02;3.990922e-02;1.575075e-01
2.377112e-02;2.511287e-02;1.991204e-01;2.541371e-02;2.424110e-02;3.256911e-02;1.605696e-01;1.826280e-01;3.513245e-02;6.973997e-02;6.418492e-02;1.575168e-01
2.382926e-02;6.714258e-02;1.285478e-01;1.850185e-02;4.700399e-02;1.300242e-02;2.307825e-01;1.256961e-01;4.722832e-02;5.372083e-02;1.407650e-01;1.037794e-01
3.190097e-02;1.126793e-01;4.746650e-02;1.768403e-02;5.092489e-02;3.380527e-02;2.691006e-01;8.463996e-02;6.373798e-02;7.164604e-02;1.789137e-01;3.750077e-02
8.992562e-02;9.652714e-02;3.724185e-02;3.468751e-02;3.502925e-02;6.380748e-02;2.007061e-01;6.437219e-02;9.095782e-02;1.253665e-01;1.150555e-01;4.632300e-02
1.180824e-01;5.488538e-02;5.386933e-02;5.109916e-02;4.041426e-02;8.170770e-02;1.120579e-01;8.034494e-02;1.197443e-01;1.548712e-01;6.618265e-02;6.674075e-02
8.491748e-02;5.617820e-02;7.293677e-02;7.207573e-02;4.280176e-02;7.252961e-02;7.011628e-02;1.219687e-01;9.061565e-02;1.226122e-01;1.437474e-01;4.950013e-02
4.298032e-02;9.523358e-02;7.755851e-02;6.708889e-02;5.846624e-02;4.753674e-02;4.134023e-02;1.615202e-01;4.177475e-02;8.139125e-02;2.062478e-01;7.886144e-02
2.069992e-02;8.753886e-02;8.942953e-02;5.584464e-02;6.986702e-02;2.630781e-02;2.879494e-02;1.590687e-01;8.001562e-02;9.307575e-02;1.798483e-01;1.095089e-01
2.993723e-02;6.842757e-02;8.387644e-02;5.703602e-02;6.520878e-02;2.486352e-02;3.289647e-02;1.552152e-01;1.143260e-01;7.822715e-02;1.759961e-01;1.139895e-01
2.437821e-02;5.887140e-02;5.889915e-02;4.365670e-02;9.213708e-02;2.684840e-02;4.402552e-02;1.440490e-01;1.728960e-01;4.783358e-02;1.120716e-01;1.743333e-01
3.394307e-02;3.751118e-02;6.760490e-02;3.464992e-02;1.026426e-01;3.616918e-02;4.131303e-02;9.188055e-02;2.636048e-01;3.224508e-02;8.218307e-02;1.762526e-01
5.320259e-02;2.774593e-02;8.326572e-02;2.547947e-02;9.849539e-02;6.081198e-02;5.535021e-02;4.275162e-02;3.115453e-01;4.166110e-02;9.183371e-02;1.078569e-01
9.018697e-02;3.212105e-02;7.634484e-02;2.760058e-02;1.013456e-01;1.069539e-01;7.441694e-02;3.885671e-02;2.592196e-01;6.802911e-02;9.223273e-02;3.269195e-02
1.301489e-01;3.567987e-02;3.411470e-02;3.675411e-02;9.645369e-02;1.789597e-01;1.217703e-01;2.947366e-02;1.225783e-01;1.323265e-01;5.490453e-02;2.683562e-02
1.273083e-01;3.791507e-02;2.064790e-02;5.187265e-02;7.707437e-02;2.172992e-01;1.795864e-01;1.961150e-02;5.669783e-02;1.595173e-01;2.241995e-02;3.004963e-02
1.216380e-01;4.627790e-02;2.078399e-02;5.495131e-02;6.731036e-02;2.247894e-01;2.254579e-01;2.436816e-02;1.987405e-02;1.498398e-01;1.748173e-02;2.722734e-02
1.170529e-01;6.043254e-02;1.997021e-02;4.495507e-02;5.133679e-02;1.999972e-01;2.809815e-01;2.317778e-02;2.433854e-02;1.338231e-01;1.955549e-02;2.437900e-02
1.276856e-01;7.321346e-02;2.347791e-02;4.031717e-02;4.385323e-02;1.697218e-01;3.183586e-01;2.260435e-02;3.343224e-02;1.017672e-01;2.446479e-02;2.110353e-02
1.409269e-01;7.188582e-02;2.955480e-02;5.035509e-02;6.102932e-02;1.707404e-01;3.096969e-01;2.841227e-02;2.052947e-02;6.754413e-02;2.851492e-02;2.080997e-02
1.437414e-01;5.724915e-02;5.817624e-02;6.923063e-02;1.006973e-01;1.935417e-01;2.032107e-01;3.028910e-02;2.313906e-02;5.943579e-02;3.142469e-02;2.986431e-02
1.645837e-01;5.386052e-02;4.446369e-02;6.696347e-02;1.251327e-01;1.804786e-01;2.063013e-01;2.823616e-02;2.527286e-02;4.412830e-02;2.557507e-02;3.500359e-02
1.754350e-01;4.385449e-02;5.293196e-02;6.304692e-02;1.547065e-01;1.387936e-01;2.408511e-01;2.501170e-02;2.887243e-02;2.176269e-02;1.286687e-02;4.186679e-02
1.444486e-01;2.386663e-02;1.459045e-01;7.409119e-02;1.947359e-01;9.867030e-02;1.536262e-01;1.731197e-02;3.375758e-02;1.940529e-02;2.751158e-02;6.667035e-02
1.033679e-01;3.265685e-02;2.368397e-01;9.393387e-02;1.786663e-01;7.320351e-02;7.763373e-02;2.975090e-02;2.905958e-02;2.638610e-02;5.287198e-02;6.562958e-02
5.625853e-02;2.643806e-02;3.356819e-01;1.249607e-01;1.421095e-01;5.505667e-02;5.648003e-02;3.563889e-02;2.429850e-02;3.539944e-02;6.683837e-02;4.083934e-02
3.073992e-02;1.927653e-02;4.209350e-01;1.169714e-01;1.081816e-01;5.666029e-02;7.992141e-02;3.771660e-02;1.843703e-02;3.871320e-02;5.316985e-02;1.927713e-02
1.979494e-02;2.979458e-02;5.206239e-01;9.460311e-02;8.578784e-02;5.525433e-02;6.578865e-02;3.567605e-02;1.731399e-02;2.676988e-02;3.478099e-02;1.381178e-02
1.819556e-02;4.050896e-02;4.961658e-01;7.578596e-02;6.241025e-02;4.706352e-02;1.182808e-01;3.907831e-02;2.909142e-02;2.676073e-02;2.617869e-02;2.048001e-02
4.075859e-02;4.345773e-02;2.617643e-01;7.941931e-02;8.849727e-02;7.274798e-02;1.983595e-01;4.932864e-02;4.291512e-02;4.767992e-02;4.309103e-02;3.198058e-02
3.908856e-02;4.461296e-02;1.990249e-01;9.776855e-02;9.215033e-02;9.500542e-02;2.049661e-01;6.044612e-02;4.469749e-02;5.507096e-02;3.915424e-02;2.801436e-02
5.534704e-02;5.735850e-02;2.290799e-01;1.089768e-01;6.971475e-02;1.258658e-01;6.284047e-02;1.104050e-01;2.558364e-02;8.061092e-02;5.751770e-02;1.669952e-02
3.823372e-02;4.179699e-02;1.203763e-01;3.305309e-02;3.471872e-02;8.088155e-02;2.409142e-01;1.247685e-01;7.714223e-02;8.913861e-02;8.005004e-02;3.892589e-02
2.342181e-02;3.245350e-02;8.088919e-02;3.478020e-02;3.544558e-02;7.911499e-02;3.004845e-01;1.219712e-01;9.788582e-02;8.426256e-02;6.987839e-02;3.941225e-02
2.148533e-02;2.989808e-02;6.984922e-02;3.435162e-02;3.218018e-02;9.041291e-02;3.463203e-01;1.081990e-01;1.032065e-01;7.582691e-02;5.123994e-02;3.703006e-02
