9.523344e-02;5.564132e-02;1.963531e-01;9.046227e-02;9.258473e-02;6.717139e-02;1.216347e-01;5.124426e-02;7.882785e-02;7.517356e-02;3.335692e-02;4.231650e-02
7.461692e-02;7.626089e-02;1.916950e-01;8.390298e-02;1.077738e-01;5.232189e-02;1.453282e-01;4.864914e-02;6.538880e-02;7.531296e-02;3.811625e-02;4.063316e-02
7.229614e-02;5.981353e-02;1.701534e-01;7.677333e-02;1.174964e-01;6.309378e-02;1.632948e-01;3.872792e-02;3.843094e-02;9.174939e-02;6.452686e-02;4.364344e-02
6.378836e-02;5.785257e-02;1.524946e-01;8.069643e-02;1.095755e-01;8.509588e-02;1.524625e-01;3.916022e-02;4.425587e-02;9.079189e-02;7.622421e-02;4.760192e-02
5.400503e-02;5.610770e-02;1.284113e-01;7.991007e-02;7.916662e-02;1.106746e-01;1.431371e-01;5.226531e-02;8.618161e-02;7.463676e-02;8.214567e-02;5.335822e-02
4.616131e-02;6.832360e-02;1.229670e-01;4.107795e-02;8.455393e-02;9.901992e-02;1.428888e-01;4.846445e-02;1.598276e-01;6.971996e-02;6.932857e-02;4.766683e-02
5.695816e-02;5.573016e-02;1.044981e-01;3.290652e-02;1.202534e-01;1.171117e-01;1.148553e-01;6.146508e-02;1.630386e-01;8.400879e-02;5.003674e-02;3.913734e-02
4.036233e-02;8.300740e-02;1.192936e-01;4.949500e-02;9.273429e-02;1.087446e-01;9.387507e-02;1.135151e-01;1.052081e-01;8.150615e-02;7.214995e-02;4.010852e-02
2.689459e-02;1.018502e-01;1.028987e-01;8.983989e-02;9.681576e-02;1.133549e-01;1.068908e-01;8.127975e-02;6.904655e-02;5.694373e-02;1.073447e-01;4.684047e-02
5.889412e-02;8.459420e-02;1.420149e-01;1.026249e-01;9.392115e-02;1.061557e-01;1.180486e-01;5.036186e-02;5.379957e-02;5.989834e-02;7.276683e-02;5.691978e-02
7.912244e-02;7.239365e-02;1.349118e-01;7.577119e-02;7.527971e-02;8.910795e-02;1.776617e-01;5.875188e-02;4.314465e-02;4.680518e-02;5.505031e-02;9.199948e-02
6.774623e-02;4.070964e-02;1.090341e-01;6.380527e-02;7.244646e-02;6.539296e-02;1.649852e-01;6.520426e-02;4.762243e-02;4.645791e-02;1.310152e-01;1.255803e-01
5.671449e-02;3.531091e-02;1.197997e-01;8.612983e-02;5.799341e-02;4.867228e-02;1.101532e-01;5.903514e-02;4.466808e-02;4.235985e-02;2.110348e-01;1.281283e-01
5.384745e-02;2.316128e-02;1.780846e-01;9.112526e-02;4.006078e-02;2.794303e-02;8.629744e-02;4.234962e-02;2.412548e-02;1.187481e-01;2.284849e-01;8.577207e-02
4.768487e-02;2.332254e-02;2.757531e-01;5.184127e-02;3.238102e-02;1.166233e-02;9.307080e-02;2.282362e-02;3.170236e-02;2.424956e-01;1.248145e-01;4.244804e-02
2.753043e-02;5.955159e-02;3.494639e-01;1.701829e-02;2.886185e-02;1.648004e-02;7.600857e-02;2.000087e-02;5.339355e-02;2.852698e-01;3.917991e-02;2.724120e-02
1.362783e-02;1.209432e-01;3.373768e-01;1.008498e-02;2.265519e-02;4.161573e-02;3.385070e-02;3.164255e-02;9.722028e-02;2.150654e-01;2.984873e-02;4.606873e-02
9.067622e-03;1.695602e-01;2.612923e-01;1.559170e-02;1.467993e-02;7.434712e-02;1.474914e-02;4.675947e-02;1.747284e-01;1.419555e-01;1.477652e-02;6.249221e-02
9.522635e-03;1.682259e-01;1.813505e-01;1.350312e-02;1.125949e-02;1.073912e-01;1.186781e-02;5.726277e-02;2.753633e-01;1.069432e-01;7.808616e-03;4.950141e-02
2.562797e-02;1.163264e-01;1.393927e-01;1.434822e-02;8.816724e-03;1.136681e-01;4.340959e-02;7.129652e-02;3.211782e-01;1.095531e-01;9.466804e-03;2.691562e-02
4.929386e-02;7.104173e-02;1.258402e-01;1.804846e-02;1.314128e-02;1.122185e-01;7.279664e-02;8.965602e-02;2.951958e-01;1.102190e-01;2.039463e-02;2.215381e-02
8.208402e-02;3.809903e-02;1.088000e-01;2.095735e-02;3.557830e-02;1.158847e-01;9.126595e-02;1.080053e-01;2.483185e-01;1.002070e-01;2.444423e-02;2.635568e-02
1.446861e-01;6.366561e-02;1.623199e-01;3.923037e-02;6.550500e-02;7.228836e-02;8.133039e-02;1.011916e-01;8.628350e-02;7.406139e-02;4.748978e-02;6.194799e-02
1.433557e-01;6.802412e-02;7.928160e-02;7.434905e-02;8.017572e-02;8.630677e-02;8.455298e-02;9.814117e-02;1.040807e-01;9.353568e-02;3.693988e-02;5.125667e-02
1.737211e-01;6.839966e-02;8.838031e-02;5.668262e-02;1.598278e-01;5.336878e-02;5.521230e-02;2.027874e-01;3.529074e-02;4.272565e-02;3.921505e-02;2.438852e-02
1.927960e-01;7.673612e-02;8.665913e-02;2.177666e-02;1.725298e-01;2.118087e-02;4.241405e-02;2.291965e-01;5.708118e-02;2.324519e-02;5.493237e-02;2.145212e-02
1.862585e-01;1.325486e-01;9.898049e-02;1.035483e-02;1.144261e-01;1.792076e-02;4.293079e-02;1.814066e-01;1.398361e-01;1.383338e-02;5.007940e-02;1.142441e-02
1.964038e-01;1.915557e-01;1.155594e-01;9.811287e-03;4.187310e-02;2.391738e-02;3.336876e-02;1.274855e-01;1.928164e-01;1.892842e-02;3.408267e-02;1.419767e-02
2.143123e-01;1.815606e-01;1.205990e-01;1.111596e-02;3.029717e-02;1.970916e-02;4.161999e-02;1.086473e-01;1.620327e-01;2.636885e-02;5.977315e-02;2.396378e-02
2.029963e-01;1.488585e-01;1.329071e-01;1.845546e-02;4.011543e-02;2.189056e-02;5.867672e-02;1.056053e-01;1.179278e-01;3.291032e-02;8.857553e-02;3.108097e-02
1.728704e-01;1.220887e-01;1.423672e-01;2.427712e-02;4.627668e-02;3.050706e-02;8.575152e-02;9.800221e-02;8.513198e-02;4.645344e-02;1.081595e-01;3.811416e-02
1.115675e-01;7.135192e-02;1.801884e-01;3.471798e-02;5.329899e-02;5.132525e-02;7.199937e-02;8.901587e-02;6.661955e-02;9.212202e-02;1.329093e-01;4.488376e-02
1.202233e-01;6.795296e-02;1.037082e-01;5.505116e-02;5.054290e-02;5.126415e-02;9.254959e-02;1.072576e-01;9.904046e-02;9.711809e-02;9.764090e-02;5.765063e-02
1.257394e-01;9.294984e-02;1.275537e-01;3.937096e-02;4.272975e-02;2.960028e-02;6.167629e-02;1.199067e-01;1.757311e-01;5.993362e-02;8.282448e-02;4.198386e-02
1.260512e-01;9.838878e-02;1.123679e-01;2.203886e-02;4.247805e-02;1.613235e-02;4.338291e-02;1.120334e-01;2.542695e-01;4.246802e-02;9.886637e-02;3.152265e-02
1.496778e-01;7.794895e-02;7.631732e-02;9.405173e-03;4.998919e-02;9.886456e-03;3.133510e-02;1.398072e-01;2.782882e-01;4.549546e-02;1.133541e-01;1.849512e-02
1.985822e-01;5.007479e-02;5.041099e-02;6.016538e-03;5.986536e-02;8.572715e-03;3.697733e-02;2.194777e-01;2.155739e-01;4.478706e-02;9.993522e-02;9.726108e-03
2.633000e-01;2.328243e-02;4.290642e-02;1.183971e-02;5.578159e-02;8.911259e-03;5.878288e-02;2.787827e-01;1.163191e-01;4.598693e-02;6.074414e-02;3.336287e-02
2.930059e-01;1.332095e-02;2.654500e-02;1.640668e-02;3.590106e-02;1.756931e-02;1.052055e-01;2.669117e-01;5.166632e-02;6.630047e-02;2.227702e-02;8.489003e-02
2.526000e-01;9.063207e-03;1.626959e-02;1.696013e-02;1.147276e-02;2.308887e-02;1.547143e-01;2.435990e-01;4.742822e-02;7.383674e-02;1.588576e-02;1.350815e-01
2.122270e-01;1.329797e-02;1.880989e-02;2.626128e-02;1.869836e-02;2.187061e-02;1.805799e-01;2.627919e-01;4.724154e-02;4.481745e-02;1.704504e-02;1.363590e-01
2.134024e-01;1.526925e-02;2.449322e-02;2.905688e-02;3.023154e-02;2.306325e-02;2.016848e-01;2.744147e-01;4.423913e-02;2.663295e-02;1.921041e-02;9.830154e-02
2.099314e-01;2.636262e-02;3.750799e-02;2.950254e-02;4.296339e-02;2.331122e-02;1.965688e-01;2.493753e-01;6.135833e-02;3.939934e-02;2.537532e-02;5.834376e-02
1.725879e-01;4.610828e-02;5.978873e-02;4.153694e-02;5.631503e-02;2.698737e-02;1.795559e-01;2.030080e-01;6.413601e-02;5.845535e-02;3.461395e-02;5.690660e-02
1.217919e-01;6.372572e-02;1.142432e-01;4.986826e-02;5.103496e-02;4.328790e-02;1.312143e-01;1.471878e-01;7.953953e-02;6.619651e-02;4.958310e-02;8.232672e-02
2.388673e-01;6.031761e-02;1.688509e-01;2.101854e-02;2.177758e-02;4.340253e-02;6.165689e-02;7.117847e-02;9.687082e-02;8.199400e-02;5.506857e-02;7.899684e-02
3.100021e-01;3.030733e-02;1.062675e-01;5.920989e-03;2.031725e-02;3.566734e-02;8.101312e-02;7.400879e-02;1.077998e-01;1.104121e-01;4.007433e-02;7.820932e-02
2.966551e-01;4.710095e-02;1.194704e-01;7.247158e-03;2.689132e-02;2.726905e-02;8.461863e-02;9.752657e-02;8.656369e-02;9.053953e-02;4.294609e-02;7.317157e-02
2.495295e-01;7.213623e-02;1.327586e-01;1.820624e-02;4.484630e-02;3.211230e-02;9.131481e-02;1.319631e-01;8.118054e-02;6.213940e-02;3.716704e-02;4.664590e-02
1.420713e-01;1.626785e-01;1.550775e-01;2.595736e-02;5.897265e-02;3.694447e-02;7.640798e-02;1.467773e-01;1.085775e-01;2.396367e-02;3.593461e-02;2.663724e-02
9.567960e-02;1.758347e-01;1.808907e-01;2.470450e-02;4.121388e-02;6.348662e-02;5.288923e-02;1.314335e-01;1.587643e-01;3.134441e-02;2.460865e-02;1.914996e-02
6.141231e-02;1.617275e-01;2.488577e-01;1.907596e-02;2.124892e-02;8.989576e-02;3.656936e-02;7.813087e-02;1.712149e-01;7.657839e-02;1.690854e-02;1.837986e-02
2.339993e-02;9.582625e-02;3.574942e-01;2.242732e-02;1.237293e-02;6.835225e-02;1.028851e-01;2.684196e-02;1.107757e-01;1.560574e-01;1.364793e-02;9.919137e-03
1.461505e-02;3.122557e-02;3.968713e-01;3.985387e-02;1.446523e-02;2.388114e-02;1.641914e-01;2.405144e-02;4.950513e-02;2.004283e-01;3.579199e-02;5.119642e-03
1.256813e-02;1.019589e-02;3.459969e-01;8.840163e-02;1.514942e-02;8.565956e-03;1.419389e-01;5.789375e-02;4.225131e-02;1.741459e-01;9.989936e-02;2.992857e-03
1.020868e-02;6.713942e-03;2.440141e-01;1.659019e-01;1.993175e-02;1.655735e-02;6.162888e-02;9.245149e-02;4.166662e-02;1.085298e-01;2.289619e-01;3.433436e-03
6.320299e-03;1.327721e-02;1.481639e-01;2.278820e-01;3.191275e-02;2.747788e-02;1.516142e-02;1.198602e-01;2.342995e-02;4.561426e-02;3.265108e-01;1.438932e-02
1.925145e-03;4.368061e-02;1.035002e-01;2.436868e-01;4.545305e-02;3.137545e-02;8.274540e-03;1.500120e-01;6.228565e-03;1.704845e-02;3.163798e-01;3.243545e-02
9.091425e-03;8.043195e-02;1.593852e-01;2.154304e-01;6.113192e-02;3.406525e-02;1.578958e-02;1.436938e-01;9.065174e-03;1.256789e-02;2.097179e-01;4.962940e-02
3.062474e-02;9.263556e-02;2.107930e-01;1.618358e-01;1.046209e-01;5.386071e-02;4.746745e-02;9.937461e-02;2.493470e-02;1.563528e-02;1.034325e-01;5.478487e-02
5.921327e-02;7.531889e-02;1.893420e-01;1.026272e-01;1.481136e-01;1.308448e-01;8.879076e-02;5.505339e-02;3.433779e-02;2.014146e-02;3.937301e-02;5.684384e-02
7.461776e-02;4.138548e-02;1.075398e-01;4.721603e-02;1.547679e-01;2.536223e-01;1.644229e-01;6.438788e-02;2.533607e-02;4.016110e-02;8.478091e-03;1.806475e-02
5.976248e-02;1.790647e-02;1.549226e-01;3.998441e-02;1.442265e-01;2.317808e-01;1.888140e-01;5.908252e-02;2.341446e-02;4.468043e-02;7.394063e-03;2.803130e-02
3.597761e-02;2.258821e-02;2.734753e-01;5.210607e-02;1.203856e-01;1.289614e-01;1.981710e-01;5.171608e-02;3.107792e-02;3.466209e-02;1.681471e-02;3.406398e-02
2.688407e-02;2.870890e-02;3.549735e-01;5.350422e-02;8.299095e-02;8.413654e-02;2.042798e-01;4.858356e-02;3.143916e-02;2.590577e-02;2.847114e-02;3.012237e-02
1.370691e-02;4.119733e-02;4.608953e-01;6.133915e-02;6.170224e-02;9.127164e-02;1.123252e-01;3.771086e-02;3.008932e-02;2.082816e-02;4.272972e-02;2.620418e-02
2.478182e-02;5.190475e-02;4.602193e-01;7.168894e-02;7.090748e-02;1.178641e-01;4.953939e-02;6.143286e-02;1.626166e-02;2.444278e-02;3.040260e-02;2.055437e-02
3.314402e-02;5.424185e-02;2.413159e-01;7.594552e-02;9.232200e-02;1.743510e-01;5.747470e-02;9.349594e-02;4.714492e-02;6.138530e-02;2.729048e-02;4.188843e-02
7.395062e-02;7.061904e-02;1.469819e-01;6.405330e-02;9.839975e-02;8.127701e-02;8.052338e-02;8.114627e-02;7.741468e-02;8.335204e-02;7.648000e-02;6.580209e-02
6.305794e-02;5.926709e-02;1.321570e-01;5.201015e-02;9.141142e-02;4.168876e-02;9.280702e-02;7.348348e-02;7.556715e-02;1.550113e-01;9.289566e-02;7.064310e-02
2.863021e-02;3.849905e-02;1.384460e-01;4.509969e-02;1.409886e-01;5.163540e-02;1.857180e-01;4.648297e-02;7.391885e-02;1.521083e-01;6.587022e-02;3.260264e-02
2.087998e-02;2.548705e-02;2.141169e-01;6.015031e-02;1.477561e-01;7.027876e-02;2.258046e-01;4.448120e-02;3.365372e-02;8.544827e-02;4.841726e-02;2.352582e-02
1.793496e-02;2.501654e-02;3.125896e-01;8.000297e-02;1.233290e-01;8.497662e-02;1.844494e-01;4.476135e-02;2.188426e-02;4.346704e-02;4.113369e-02;2.045460e-02
4.013659e-02;3.937764e-02;4.201791e-01;7.905506e-02;1.059199e-01;7.428027e-02;9.152775e-02;3.724844e-02;2.858918e-02;3.650951e-02;3.416740e-02;1.300917e-02
7.564893e-02;6.621750e-02;3.931897e-01;5.154712e-02;9.124180e-02;5.705984e-02;8.182033e-02;3.065391e-02;5.334025e-02;4.326513e-02;3.726674e-02;1.874879e-02
7.702909e-02;7.100068e-02;2.271364e-01;7.612778e-02;9.626227e-02;6.252779e-02;1.172141e-01;3.888294e-02;7.612699e-02;5.045845e-02;6.903353e-02;3.820003e-02
3.364385e-02;5.620062e-02;1.418856e-01;1.004190e-01;1.026410e-01;8.108311e-02;1.052365e-01;7.496110e-02;9.185190e-02;6.012614e-02;8.417911e-02;6.777212e-02
6.070481e-02;5.688263e-02;1.028365e-01;6.698529e-02;1.038689e-01;9.444028e-02;1.161357e-01;7.170548e-02;1.115609e-01;6.414525e-02;8.375826e-02;6.697594e-02
4.483228e-02;4.269384e-02;8.670097e-02;5.595464e-02;8.345599e-02;7.982265e-02;1.509284e-01;1.236848e-01;9.806239e-02;1.026290e-01;9.097147e-02;4.026352e-02
3.939342e-02;5.983608e-02;8.660898e-02;4.694255e-02;6.128597e-02;7.652545e-02;1.212582e-01;1.547965e-01;9.592266e-02;1.588902e-01;6.168081e-02;3.685911e-02
4.337749e-02;5.369465e-02;7.927689e-02;4.397840e-02;5.869394e-02;7.348107e-02;9.988514e-02;1.513098e-01;1.033401e-01;2.016480e-01;5.908971e-02;3.222480e-02
4.771033e-02;7.079238e-02;1.033457e-01;8.202420e-02;5.956496e-02;5.810636e-02;9.829328e-02;1.343850e-01;7.780524e-02;1.654742e-01;6.814609e-02;3.435229e-02
6.098704e-02;6.631786e-02;1.803485e-01;7.092547e-02;7.465102e-02;5.081427e-02;1.087722e-01;1.117766e-01;6.580395e-02;1.114381e-01;6.440905e-02;3.375585e-02
6.336563e-02;6.475714e-02;2.261984e-01;4.910131e-02;6.190792e-02;4.390693e-02;1.766805e-01;5.360478e-02;7.326230e-02;9.764455e-02;6.396838e-02;2.560218e-02
6.026176e-02;5.739961e-02;1.811798e-01;4.204270e-02;5.832580e-02;4.161625e-02;2.920552e-01;4.119066e-02;6.630016e-02;8.679539e-02;4.548731e-02;2.734536e-02
3.247131e-02;5.958133e-02;6.934574e-02;3.435294e-02;9.952135e-02;4.406105e-02;4.006057e-01;7.399990e-02;5.160943e-02;7.078874e-02;4.482447e-02;1.883796e-02
1.499196e-02;7.627702e-02;3.856125e-02;2.998698e-02;1.442937e-01;3.485899e-02;4.303547e-01;8.004334e-02;4.648766e-02;4.797852e-02;4.619692e-02;9.969055e-03
9.058278e-03;9.651698e-02;7.442388e-02;2.929720e-02;1.522141e-01;2.852851e-02;4.210674e-01;6.524795e-02;4.603389e-02;1.925171e-02;5.204861e-02;6.311457e-03
2.941883e-02;9.251216e-02;1.289677e-01;4.455665e-02;1.056496e-01;3.948664e-02;3.322541e-01;7.713857e-02;6.261322e-02;2.116183e-02;5.493496e-02;1.130576e-02
5.903852e-02;8.223236e-02;2.129550e-01;7.249367e-02;7.071673e-02;4.349428e-02;1.861039e-01;8.487143e-02;6.039138e-02;6.316297e-02;4.307288e-02;2.146686e-02
3.097791e-02;4.877741e-02;2.559685e-01;1.933386e-01;8.600805e-02;2.695401e-02;8.848961e-02;4.651177e-02;1.996379e-02;8.272565e-02;9.457023e-02;2.571442e-02
8.402962e-03;9.045831e-03;1.004987e-01;2.629949e-01;2.126640e-01;6.303007e-02;4.718970e-02;3.145234e-02;2.048442e-02;3.190936e-02;1.011682e-01;1.111597e-01
1.658503e-02;7.203540e-03;3.213330e-02;1.752715e-01;3.056701e-01;1.143695e-01;6.238480e-02;2.069998e-02;2.236454e-02;1.132387e-02;3.302172e-02;1.989721e-01
1.977652e-02;6.585689e-03;2.099106e-02;1.224522e-01;3.387620e-01;1.061065e-01;5.465399e-02;1.996653e-02;2.896425e-02;1.092953e-02;1.899671e-02;2.518150e-01
3.399130e-02;7.262440e-03;1.696860e-02;9.364592e-02;3.725885e-01;9.738653e-02;2.595768e-02;1.566933e-02;3.379753e-02;1.212954e-02;2.270889e-02;2.678937e-01
9.112993e-02;7.702786e-03;1.493510e-02;5.226011e-02;3.361861e-01;2.178626e-01;3.321333e-02;7.562292e-03;3.115709e-02;9.891973e-03;1.171457e-02;1.863841e-01
1.559794e-01;9.934218e-03;1.863262e-02;3.036178e-02;2.662542e-01;3.049089e-01;6.799521e-02;1.282079e-02;2.507902e-02;6.311656e-03;5.466064e-03;9.625624e-02
1.093347e-01;6.326998e-03;2.856880e-02;7.469644e-02;3.332388e-01;1.982362e-01;3.712063e-02;6.411144e-03;2.038983e-02;3.124924e-03;7.701798e-03;1.748497e-01
4.580787e-02;7.636318e-03;5.777387e-02;1.504474e-01;3.506680e-01;8.445321e-02;2.264363e-02;6.866098e-03;2.021013e-02;3.389337e-03;2.285657e-02;2.272477e-01
2.964815e-02;2.162107e-02;1.277638e-01;2.072041e-01;2.894045e-01;4.055592e-02;1.625528e-02;1.357572e-02;1.600114e-02;8.422199e-03;6.010998e-02;1.694381e-01
4.795738e-02;3.654184e-02;1.508029e-01;2.226513e-01;2.358552e-01;3.532112e-02;4.167327e-02;2.524970e-02;1.641914e-02;1.383686e-02;1.070194e-01;6.667202e-02
6.608947e-02;4.802448e-02;1.276248e-01;1.628805e-01;2.210966e-01;5.928499e-02;4.880409e-02;3.672893e-02;4.156268e-02;2.485031e-02;1.254779e-01;3.757525e-02
3.792980e-02;2.081148e-02;9.495961e-02;7.436831e-02;2.319095e-01;1.199683e-01;9.101076e-02;6.692174e-02;5.104418e-02;3.266644e-02;4.717795e-02;1.312319e-01
6.189829e-02;3.866676e-02;1.217248e-01;7.463555e-02;1.856700e-01;6.975606e-02;9.207104e-02;5.768305e-02;3.150773e-02;4.403104e-02;3.054420e-02;1.918115e-01
7.114789e-02;6.410633e-02;1.628646e-01;6.623355e-02;1.243535e-01;5.701607e-02;1.129083e-01;4.606971e-02;5.066469e-02;6.390399e-02;3.755673e-02;1.431747e-01
1.290549e-01;8.415458e-02;1.425221e-01;5.796118e-02;6.531589e-02;5.095332e-02;1.138118e-01;5.093547e-02;8.161215e-02;6.118568e-02;6.752257e-02;9.497042e-02
1.123793e-01;9.609527e-02;1.668872e-01;5.548927e-02;5.020095e-02;7.313183e-02;9.841055e-02;5.605446e-02;9.377646e-02;4.020483e-02;6.959439e-02;8.777553e-02
5.085786e-02;6.477077e-02;2.061515e-01;1.544341e-01;8.954566e-02;6.818078e-02;6.376785e-02;5.330053e-02;6.614180e-02;6.924266e-02;9.877815e-02;1.482831e-02
4.559483e-02;5.617791e-02;1.741431e-01;2.181473e-01;8.612260e-02;4.706983e-02;4.744007e-02;4.811685e-02;6.149452e-02;6.528168e-02;1.315793e-01;1.883196e-02
3.394452e-02;3.599584e-02;1.299509e-01;3.063745e-01;1.042130e-01;3.229222e-02;3.249963e-02;4.384672e-02;4.496640e-02;5.212381e-02;1.666127e-01;1.717982e-02
1.836841e-02;1.667301e-02;5.180085e-02;4.476082e-01;1.283514e-01;1.665970e-02;1.521534e-02;5.546231e-02;2.301853e-02;2.564029e-02;1.920555e-01;9.146467e-03
6.600192e-03;8.628615e-03;6.636936e-02;4.817804e-01;7.819746e-02;8.557330e-03;8.373084e-03;5.313076e-02;9.040549e-03;6.692135e-03;2.682119e-01;4.418185e-03
7.576673e-03;7.915029e-03;1.356734e-01;4.217188e-01;3.426291e-02;6.275492e-03;9.435930e-03;3.814188e-02;6.677513e-03;1.129998e-02;3.168055e-01;4.216741e-03
1.400402e-02;2.990846e-02;3.136156e-01;2.852947e-01;1.447451e-02;2.725412e-03;1.168703e-02;1.764206e-02;9.320236e-03;5.272418e-02;2.449367e-01;3.667171e-03
7.322151e-02;1.195691e-01;4.015863e-01;1.249940e-01;6.821943e-03;3.926067e-03;1.464774e-02;8.977412e-03;2.554147e-02;1.059085e-01;1.070591e-01;7.746894e-03
1.969265e-01;2.009671e-01;3.048013e-01;4.364729e-02;9.657237e-03;5.681228e-03;1.504936e-02;1.625214e-02;4.590384e-02;1.005540e-01;3.583098e-02;2.472912e-02
3.543443e-01;2.083997e-01;1.385704e-01;2.012601e-02;1.185171e-02;5.051696e-03;1.397407e-02;3.039087e-02;5.109249e-02;5.576928e-02;2.672702e-02;8.370247e-02
3.882580e-01;1.024968e-01;2.107653e-02;4.548693e-02;9.926109e-03;1.151875e-02;1.944359e-02;3.514681e-02;2.835058e-02;2.832154e-02;8.711496e-02;2.228595e-01
1.948258e-01;4.187846e-02;5.439746e-02;4.436437e-02;2.247252e-02;4.008257e-02;1.976015e-02;2.206294e-02;2.525047e-02;7.162519e-02;1.922873e-01;2.709928e-01
4.731894e-02;3.696513e-02;4.429274e-02;4.784947e-02;5.626662e-02;6.645381e-02;1.922509e-02;1.499113e-02;5.365741e-02;1.845587e-01;2.805758e-01;1.478452e-01
3.073585e-02;2.497803e-02;6.007785e-02;4.744098e-02;7.233021e-02;4.507452e-02;7.031766e-02;3.288978e-02;1.262338e-01;2.418424e-01;2.015299e-01;4.654903e-02
3.910172e-02;2.519893e-02;7.253138e-02;5.155391e-02;5.055891e-02;3.129942e-02;1.818080e-01;7.873551e-02;1.790567e-01;1.510659e-01;1.075889e-01;3.150075e-02
5.912671e-02;4.373908e-02;9.991181e-02;3.639304e-02;3.749359e-02;3.899611e-02;2.143623e-01;1.327674e-01;1.407642e-01;6.135438e-02;7.626718e-02;5.882424e-02
5.446443e-02;6.520321e-02;6.014452e-02;2.427764e-02;3.636475e-02;5.982315e-02;4.669480e-01;9.615320e-02;5.472220e-02;3.597851e-02;2.939628e-02;1.652411e-02
7.282368e-02;7.686175e-02;4.393635e-02;1.937755e-02;3.355188e-02;8.549765e-02;5.332760e-01;3.886483e-02;2.541965e-02;3.105531e-02;1.756810e-02;2.176732e-02
5.522014e-02;8.786286e-02;5.076543e-02;1.193215e-02;3.270078e-02;7.610355e-02;5.077457e-01;8.484105e-02;1.870004e-02;3.084037e-02;2.362307e-02;1.966475e-02
1.927204e-02;6.147998e-02;8.281693e-02;1.532115e-02;6.361616e-02;5.081206e-02;4.671993e-01;1.169643e-01;3.993822e-02;4.007536e-02;2.710884e-02;1.539569e-02
2.647666e-02;4.149121e-02;8.525729e-02;4.191545e-02;1.229672e-01;9.341144e-02;3.774598e-01;9.503736e-02;4.184055e-02;4.076292e-02;2.023764e-02;1.314255e-02
6.581900e-02;6.155848e-02;1.146911e-01;6.885696e-02;1.325078e-01;1.647090e-01;2.138713e-01;3.659454e-02;6.053299e-02;5.177994e-02;1.455780e-02;1.452108e-02
1.045171e-01;1.181792e-01;1.619762e-01;6.470957e-02;8.598270e-02;1.767139e-01;1.011274e-01;3.583559e-02;8.946607e-02;3.766856e-02;9.956745e-03;1.386701e-02
1.848315e-01;1.496947e-01;1.533434e-01;4.015711e-02;5.878980e-02;1.253526e-01;8.814404e-02;6.224849e-02;8.367889e-02;2.829136e-02;1.046060e-02;1.500747e-02
2.872859e-01;1.233138e-01;9.869645e-02;1.715140e-02;6.232358e-02;6.547146e-02;1.117783e-01;1.111405e-01;5.731892e-02;2.639889e-02;1.042676e-02;2.869403e-02
3.042515e-01;6.496714e-02;4.502603e-02;3.809196e-02;6.436358e-02;4.098783e-02;1.616028e-01;1.313604e-01;4.757043e-02;3.210226e-02;1.187238e-02;5.780375e-02
1.465300e-01;4.936435e-02;1.037010e-01;7.835454e-02;5.516100e-02;3.681106e-02;2.119264e-01;1.233492e-01;6.096483e-02;5.406711e-02;1.618798e-02;6.358236e-02
4.622566e-02;3.475405e-02;1.597186e-01;1.032055e-01;5.470548e-02;4.910893e-02;2.252577e-01;1.050434e-01;7.279648e-02;7.673402e-02;1.788971e-02;5.456036e-02
3.947218e-02;2.716444e-02;2.340367e-01;1.042914e-01;5.839667e-02;6.707655e-02;1.618821e-01;8.169290e-02;8.055500e-02;8.794460e-02;1.960869e-02;3.787878e-02
3.089480e-02;5.241267e-02;2.730657e-01;8.949389e-02;3.459954e-02;7.307100e-02;1.506935e-01;6.129359e-02;1.015050e-01;8.373062e-02;2.527989e-02;2.395969e-02
6.647054e-02;7.253412e-02;2.347210e-01;7.849456e-02;3.705099e-02;8.533973e-02;1.643999e-01;4.726217e-02;9.470130e-02;7.663483e-02;1.899324e-02;2.339760e-02
