7.028808e-02;5.751661e-02;1.847170e-01;8.133090e-02;9.145869e-02;8.710992e-02;1.664472e-01;5.532636e-02;4.855021e-02;5.436333e-02;5.293364e-02;4.995804e-02
5.352238e-02;4.091822e-02;2.475854e-01;5.610846e-02;7.670345e-02;7.235232e-02;1.761278e-01;6.196814e-02;5.404243e-02;5.290103e-02;6.219115e-02;4.557930e-02
7.121219e-02;5.427291e-02;2.695978e-01;4.848622e-02;6.380534e-02;6.160472e-02;1.645437e-01;7.407566e-02;3.370032e-02;5.123174e-02;5.811718e-02;4.935219e-02
1.438369e-01;6.793673e-02;2.303148e-01;3.995441e-02;7.134345e-02;4.509024e-02;1.150841e-01;9.535400e-02;4.511211e-02;4.495206e-02;5.271142e-02;4.830985e-02
2.014718e-01;6.646647e-02;9.966901e-02;3.323799e-02;8.381871e-02;6.069491e-02;9.535733e-02;9.678999e-02;1.129477e-01;5.649481e-02;4.878576e-02;4.426545e-02
9.387574e-02;1.182409e-01;2.645591e-01;4.480853e-02;5.376341e-02;6.577219e-02;7.713159e-02;5.452637e-02;1.236958e-01;4.839311e-02;2.564404e-02;2.958925e-02
3.486264e-02;9.462165e-02;4.308469e-01;5.769452e-02;2.554218e-02;4.587611e-02;7.904911e-02;3.489696e-02;9.730460e-02;6.954739e-02;1.188118e-02;1.787671e-02
1.918660e-02;7.495125e-02;5.523370e-01;5.908634e-02;2.637405e-02;2.071196e-02;7.805459e-02;1.747579e-02;4.296199e-02;9.155343e-02;8.592012e-03;8.714977e-03
3.126633e-02;1.186632e-01;5.556362e-01;4.687005e-02;1.918242e-02;1.475429e-02;5.506487e-02;1.778940e-02;3.613926e-02;8.732306e-02;8.636980e-03;8.673993e-03
6.459930e-02;1.744501e-01;4.956969e-01;2.686357e-02;8.862017e-03;2.497782e-02;2.514565e-02;2.605557e-02;7.258873e-02;6.442605e-02;6.270126e-03;1.006416e-02
1.104756e-01;1.986649e-01;4.084146e-01;1.967128e-02;6.507807e-03;3.229773e-02;1.534226e-02;3.438270e-02;1.066039e-01;4.370638e-02;1.091644e-02;1.301638e-02
1.537955e-01;1.750680e-01;3.181013e-01;2.296908e-02;1.452751e-02;3.066995e-02;3.319059e-02;4.910266e-02;1.101484e-01;5.347023e-02;2.009979e-02;1.885695e-02
1.339184e-01;1.409256e-01;2.649057e-01;4.304200e-02;3.065536e-02;3.312522e-02;5.973051e-02;5.448223e-02;9.530768e-02;7.610420e-02;3.873669e-02;2.906634e-02
6.638249e-02;1.186775e-01;2.558198e-01;5.815464e-02;4.738918e-02;4.317796e-02;6.024110e-02;5.179040e-02;1.285658e-01;7.584585e-02;5.160960e-02;4.234571e-02
8.747835e-02;1.047149e-01;2.260565e-01;5.513839e-02;7.192808e-02;4.940899e-02;4.103125e-02;6.641165e-02;1.469730e-01;6.251377e-02;3.720682e-02;5.113822e-02
6.872360e-02;6.221475e-02;3.342725e-01;7.313078e-02;5.506382e-02;4.554847e-02;5.983340e-02;7.104946e-02;1.075607e-01;5.542060e-02;2.198985e-02;4.519210e-02
5.042252e-02;5.471660e-02;3.974155e-01;7.495706e-02;4.115002e-02;5.036483e-02;7.649692e-02;5.117532e-02;8.404823e-02;5.180877e-02;3.744408e-02;3.000015e-02
7.842037e-02;6.419098e-02;3.478466e-01;6.918765e-02;3.645872e-02;4.748659e-02;7.324241e-02;3.922677e-02;8.944020e-02;7.790459e-02;3.664930e-02;3.994586e-02
1.110883e-01;7.041001e-02;2.414550e-01;5.719887e-02;5.617492e-02;6.843037e-02;8.176303e-02;8.270033e-02;5.938740e-02;8.335233e-02;2.305828e-02;6.498110e-02
1.300808e-01;8.702926e-02;1.324190e-01;6.759108e-02;7.812277e-02;7.948024e-02;1.185621e-01;8.554509e-02;8.521990e-02;5.230496e-02;2.989582e-02;5.374902e-02
5.920681e-02;8.304180e-02;2.705613e-01;9.071625e-02;8.862259e-02;6.982864e-02;1.581890e-01;4.522834e-02;3.387147e-02;3.689970e-02;4.401987e-02;1.981428e-02
4.360481e-02;4.638121e-02;3.812760e-01;1.411923e-01;9.578068e-02;5.656009e-02;1.221185e-01;3.008328e-02;1.315361e-02;2.287324e-02;3.259505e-02;1.438129e-02
5.465309e-02;5.371832e-02;4.798908e-01;1.506447e-01;7.412299e-02;2.891441e-02;5.334783e-02;1.930444e-02;2.231953e-02;3.067306e-02;2.196077e-02;1.045008e-02
8.782767e-02;8.691660e-02;4.970565e-01;1.208790e-01;4.283962e-02;1.529112e-02;2.325328e-02;1.797820e-02;3.877676e-02;3.832329e-02;1.141830e-02;1.943964e-02
1.133886e-01;1.196066e-01;4.266388e-01;8.643743e-02;3.389174e-02;2.041209e-02;2.579925e-02;2.916224e-02;5.909719e-02;3.398654e-02;1.615382e-02;3.542585e-02
1.404541e-01;1.244661e-01;3.284073e-01;7.257015e-02;3.359671e-02;2.471371e-02;4.361612e-02;4.859976e-02;8.261993e-02;2.404691e-02;2.852746e-02;4.838178e-02
1.265607e-01;6.985994e-02;2.985301e-01;8.029161e-02;4.852391e-02;2.134993e-02;9.513536e-02;6.399406e-02;7.063846e-02;3.927377e-02;4.580254e-02;4.003963e-02
8.775532e-02;6.325290e-02;3.160959e-01;1.187093e-01;7.482830e-02;4.339350e-02;8.235152e-02;3.301343e-02;5.318928e-02;4.439655e-02;5.267457e-02;3.033939e-02
1.318154e-01;4.934544e-02;2.393031e-01;8.768681e-02;8.745249e-02;5.187134e-02;9.032583e-02;5.825255e-02;4.756257e-02;4.779372e-02;6.625632e-02;4.233449e-02
7.096022e-02;1.191067e-01;2.698763e-01;5.058238e-02;2.346769e-02;5.133413e-02;5.091860e-02;3.956198e-02;1.396168e-01;9.020782e-02;4.837741e-02;4.598992e-02
3.725895e-02;1.304331e-01;2.174228e-01;4.472497e-02;1.906608e-02;5.081248e-02;4.478263e-02;4.480496e-02;2.259869e-01;8.318864e-02;4.182796e-02;5.969066e-02
7.256299e-02;1.310363e-01;1.381315e-01;3.490748e-02;2.304335e-02;3.762034e-02;2.937535e-02;8.898469e-02;2.654493e-01;6.365760e-02;5.581686e-02;5.941413e-02
1.205708e-01;1.141704e-01;8.409169e-02;2.289420e-02;3.947992e-02;2.020751e-02;2.227981e-02;1.632765e-01;2.547770e-01;3.033592e-02;7.673571e-02;5.118050e-02
1.684694e-01;8.022477e-02;5.207906e-02;1.025504e-02;6.372301e-02;9.297854e-03;4.033172e-02;2.682885e-01;1.828925e-01;8.877162e-03;8.167537e-02;3.388561e-02
2.189639e-01;6.117503e-02;7.449406e-02;7.815394e-03;6.499240e-02;8.041495e-03;6.042138e-02;3.323765e-01;8.671952e-02;6.885883e-03;5.728613e-02;2.082838e-02
2.714127e-01;6.068394e-02;1.141709e-01;9.656060e-03;5.160635e-02;1.008279e-02;5.465275e-02;3.370704e-01;1.649523e-02;1.287780e-02;4.010551e-02;2.118556e-02
2.798094e-01;6.116217e-02;1.285081e-01;7.428477e-03;4.174471e-02;9.977087e-03;5.902723e-02;2.724951e-01;5.560516e-02;1.537653e-02;3.973401e-02;2.913195e-02
2.401300e-01;6.275116e-02;1.328831e-01;1.717626e-02;3.878248e-02;2.713156e-02;1.368713e-01;1.728481e-01;6.178033e-02;2.826669e-02;3.550011e-02;4.587885e-02
2.139357e-01;8.140510e-02;1.164101e-01;2.536436e-02;3.339094e-02;4.953279e-02;1.703108e-01;7.995477e-02;9.537733e-02;5.369737e-02;3.618264e-02;4.443801e-02
2.297881e-01;7.886946e-02;1.305273e-01;2.612559e-02;3.933853e-02;5.285159e-02;9.649792e-02;7.344194e-02;1.386034e-01;5.806781e-02;4.701134e-02;2.887708e-02
2.023987e-01;7.097790e-02;1.142205e-01;2.883912e-02;4.241922e-02;1.592101e-02;8.281120e-02;2.096946e-01;1.176477e-01;3.712725e-02;4.088122e-02;3.706161e-02
1.765222e-01;6.519406e-02;1.101354e-01;2.787230e-02;3.581542e-02;2.809610e-02;3.214015e-02;3.356337e-01;8.318110e-02;2.519246e-02;3.483976e-02;4.537733e-02
1.252299e-01;7.094406e-02;6.193455e-02;1.285558e-02;3.204079e-02;3.356064e-02;1.065654e-01;3.297788e-01;1.480693e-01;2.405701e-02;1.965325e-02;3.531065e-02
1.174664e-01;6.166242e-02;1.009888e-01;4.427490e-02;4.470742e-02;3.281287e-02;8.330762e-02;2.253236e-01;1.658641e-01;2.585413e-02;5.099013e-02;4.674748e-02
7.665651e-02;4.466983e-02;1.051096e-01;6.718441e-02;8.449710e-02;6.500872e-02;7.969490e-02;1.217941e-01;1.440874e-01;7.319663e-02;8.608481e-02;5.201593e-02
6.082377e-02;5.888593e-02;1.233712e-01;5.432340e-02;8.625256e-02;8.447318e-02;1.131861e-01;1.010158e-01;8.870199e-02;9.477016e-02;7.828069e-02;5.591526e-02
7.925884e-02;5.792719e-02;1.926022e-01;5.310471e-02;7.686686e-02;8.621035e-02;1.184419e-01;4.922272e-02;8.885386e-02;8.282081e-02;6.779894e-02;4.689162e-02
1.135053e-01;6.333881e-02;1.783393e-01;5.849447e-02;7.578065e-02;6.106908e-02;1.611858e-01;5.826894e-02;6.481944e-02;6.552184e-02;5.995366e-02;3.972274e-02
1.675916e-01;1.349524e-01;2.299660e-01;4.089254e-02;4.804494e-02;2.568519e-02;7.371794e-02;7.924130e-02;8.389945e-02;4.712014e-02;4.484428e-02;2.404436e-02
2.208554e-01;1.548906e-01;1.883202e-01;2.028370e-02;4.587339e-02;1.144937e-02;4.124758e-02;1.373601e-01;7.630710e-02;2.648467e-02;5.975901e-02;1.716879e-02
3.057213e-01;1.234023e-01;9.652822e-02;1.014425e-02;4.752339e-02;1.098798e-02;5.399875e-02;2.366183e-01;2.264615e-02;1.755411e-02;5.043120e-02;2.444402e-02
3.313357e-01;8.323216e-02;6.211296e-02;9.435331e-03;4.018505e-02;7.517647e-03;3.653855e-02;3.005913e-01;3.682806e-02;1.760380e-02;4.388225e-02;3.073724e-02
3.138728e-01;5.943263e-02;4.130109e-02;8.361005e-03;4.120198e-02;9.645705e-03;4.491974e-02;3.435018e-01;4.393322e-02;1.870873e-02;4.173495e-02;3.338644e-02
2.922899e-01;4.456645e-02;3.164195e-02;7.946475e-03;4.239122e-02;1.251906e-02;9.222733e-02;3.652034e-01;1.992688e-02;2.667969e-02;2.714891e-02;3.745870e-02
2.910996e-01;3.783224e-02;3.243253e-02;1.058683e-02;4.371090e-02;1.695413e-02;8.808767e-02;3.542255e-01;3.288566e-02;2.622332e-02;2.300640e-02;4.295516e-02
2.626208e-01;3.859346e-02;3.400096e-02;1.960009e-02;3.603078e-02;2.267021e-02;1.501827e-01;2.779782e-01;3.880846e-02;4.191986e-02;2.272611e-02;5.486829e-02
2.055686e-01;3.181832e-02;3.926558e-02;3.071117e-02;2.267021e-02;3.936544e-02;2.202399e-01;1.686383e-01;2.558365e-02;7.324408e-02;4.370144e-02;9.919327e-02
1.421209e-01;5.082196e-02;4.753917e-02;4.430064e-02;1.598757e-02;5.822534e-02;2.074692e-01;1.025714e-01;3.938887e-02;9.481625e-02;7.334364e-02;1.234150e-01
1.004990e-01;7.510294e-02;4.688860e-02;4.400033e-02;2.719248e-02;7.165170e-02;1.829418e-01;1.092791e-01;5.191097e-02;8.877097e-02;9.984829e-02;1.019138e-01
1.138394e-01;6.070014e-02;3.861634e-02;2.311819e-02;4.156199e-02;6.856644e-02;1.566446e-01;1.723551e-01;6.907579e-02;7.038262e-02;1.210641e-01;6.407533e-02
8.489530e-02;5.460778e-02;2.270872e-02;2.715094e-02;5.567285e-02;6.618367e-02;9.187263e-02;2.329944e-01;6.982820e-02;1.238473e-01;1.241489e-01;4.608932e-02
1.069058e-01;2.646224e-02;5.453223e-02;2.599887e-02;5.325120e-02;4.327014e-02;1.715120e-01;1.807112e-01;5.010699e-02;1.343552e-01;1.066134e-01;4.628054e-02
1.379764e-01;3.822837e-02;1.008486e-01;3.893094e-02;6.296884e-02;4.939397e-02;9.651922e-02;9.387503e-02;5.809852e-02;1.294504e-01;1.011850e-01;9.252462e-02
1.529506e-01;5.231965e-02;9.161843e-02;4.629721e-02;6.017344e-02;6.076245e-02;1.697646e-01;8.153941e-02;3.655378e-02;1.003293e-01;6.192682e-02;8.576417e-02
1.594239e-01;7.495570e-02;1.540167e-01;4.338037e-02;4.104024e-02;4.605052e-02;1.881617e-01;8.145218e-02;4.181723e-02;7.206855e-02;5.114465e-02;4.648820e-02
2.026338e-01;1.411825e-01;2.388975e-01;3.862358e-02;3.631236e-02;3.540666e-02;1.129166e-01;5.265847e-02;4.996585e-02;3.347309e-02;3.549623e-02;2.243336e-02
1.902584e-01;2.543959e-01;2.935227e-01;3.384020e-02;2.105521e-02;2.571622e-02;3.838236e-02;2.759930e-02;6.483429e-02;1.604565e-02;1.633916e-02;1.801043e-02
1.832672e-01;3.062276e-01;3.112796e-01;2.611865e-02;1.407453e-02;1.551538e-02;2.184567e-02;1.724905e-02;6.313011e-02;1.142356e-02;1.300734e-02;1.686129e-02
2.167850e-01;3.090608e-01;2.878097e-01;2.181122e-02;1.526213e-02;9.751849e-03;1.273647e-02;2.833092e-02;5.437442e-02;1.112125e-02;2.188076e-02;1.107553e-02
2.939513e-01;2.597249e-01;2.213895e-01;1.869922e-02;2.586457e-02;6.311422e-03;1.796366e-02;5.540944e-02;4.766184e-02;9.703594e-03;2.941195e-02;1.390857e-02
3.762262e-01;1.619880e-01;1.494588e-01;1.455318e-02;4.078957e-02;7.473979e-03;3.705477e-02;1.059879e-01;3.722876e-02;1.149888e-02;2.932831e-02;2.841163e-02
3.488626e-01;7.842174e-02;1.240911e-01;1.604594e-02;3.859790e-02;2.080047e-02;8.852674e-02;1.246728e-01;3.394006e-02;2.765986e-02;2.848958e-02;6.989120e-02
2.463646e-01;8.045010e-02;1.278707e-01;2.594789e-02;2.809841e-02;3.703027e-02;1.246307e-01;9.207101e-02;4.140465e-02;4.905615e-02;5.046883e-02;9.660670e-02
2.015475e-01;8.253238e-02;1.314219e-01;4.189070e-02;2.360466e-02;5.206622e-02;1.295086e-01;5.721204e-02;4.149510e-02;7.028137e-02;7.603034e-02;9.240921e-02
2.090000e-01;7.371212e-02;6.770468e-02;3.466767e-02;1.105684e-02;5.133926e-02;1.735197e-01;8.554132e-02;6.744736e-02;6.912159e-02;5.593885e-02;1.009507e-01
1.489408e-01;7.199028e-02;5.778139e-02;4.445650e-02;1.021163e-02;3.558762e-02;2.406824e-01;1.244344e-01;5.721391e-02;5.051115e-02;3.807806e-02;1.201119e-01
1.058505e-01;5.196459e-02;3.113826e-02;5.692812e-02;6.663091e-03;2.922098e-02;3.614101e-01;1.377454e-01;2.796934e-02;3.789586e-02;2.293544e-02;1.302782e-01
4.852565e-02;5.392950e-02;1.916434e-02;6.261005e-02;5.120028e-03;4.608970e-02;4.631100e-01;1.344326e-01;1.433446e-02;2.581814e-02;1.465933e-02;1.122062e-01
6.019877e-02;7.136656e-02;4.331206e-02;7.081188e-02;1.694996e-02;6.966556e-02;4.285194e-01;1.176397e-01;1.078308e-02;1.813302e-02;1.533824e-02;7.728183e-02
1.241194e-01;9.940131e-02;1.449150e-01;6.927391e-02;2.536633e-02;6.813039e-02;2.684666e-01;9.655437e-02;2.453694e-02;1.944171e-02;1.791126e-02;4.188285e-02
1.431359e-01;1.259015e-01;2.821829e-01;5.685551e-02;3.198091e-02;5.318172e-02;1.385721e-01;5.396673e-02;6.400702e-02;1.891464e-02;1.177761e-02;1.952344e-02
1.263912e-01;9.249409e-02;2.764227e-01;5.260870e-02;5.067974e-02;5.122104e-02;1.195838e-01;4.747012e-02;9.644415e-02;2.753597e-02;2.593119e-02;3.321736e-02
1.365272e-01;3.439058e-02;1.393999e-01;5.507664e-02;5.078113e-02;6.192630e-02;2.225992e-01;5.927195e-02;9.201412e-02;5.618585e-02;3.738144e-02;5.444569e-02
1.014747e-01;7.767839e-02;6.885812e-02;7.476706e-02;3.797638e-02;7.696313e-02;2.194448e-01;7.202363e-02;5.681605e-02;1.115175e-01;4.203144e-02;6.044881e-02
8.774576e-02;7.833552e-02;8.609741e-02;6.417201e-02;5.696986e-02;7.987482e-02;1.316455e-01;7.340055e-02;1.226512e-01;1.008587e-01;4.827077e-02;6.997792e-02
8.103107e-02;6.818284e-02;9.290439e-02;6.115931e-02;4.942372e-02;9.096689e-02;1.397957e-01;7.528592e-02;1.365092e-01;9.557115e-02;4.563080e-02;6.353901e-02
5.874498e-02;8.323878e-02;1.162660e-01;6.180657e-02;5.619689e-02;1.018584e-01;1.783630e-01;5.143887e-02;1.171724e-01;8.988909e-02;3.576321e-02;4.926179e-02
7.927605e-02;1.056648e-01;2.558730e-01;6.402511e-02;6.446930e-02;5.458893e-02;1.144320e-01;5.088372e-02;1.064492e-01;5.751504e-02;3.269878e-02;1.412412e-02
1.371214e-01;1.027038e-01;2.251456e-01;5.097281e-02;6.055273e-02;2.751641e-02;5.908156e-02;1.120491e-01;1.366194e-01;4.462268e-02;2.194169e-02;2.167276e-02
1.578846e-01;7.632922e-02;1.214801e-01;4.315598e-02;5.307211e-02;2.456878e-02;1.133161e-01;1.717945e-01;1.250081e-01;3.655834e-02;1.849712e-02;5.833501e-02
1.070729e-01;6.352787e-02;5.316322e-02;5.572141e-02;3.966570e-02;4.315181e-02;2.148707e-01;1.707950e-01;9.013229e-02;4.334134e-02;1.957264e-02;9.898519e-02
5.538803e-02;6.268138e-02;4.770232e-02;6.870412e-02;3.416342e-02;7.067273e-02;2.723075e-01;1.084037e-01;9.124116e-02;4.446602e-02;3.026191e-02;1.140076e-01
5.076054e-02;6.575993e-02;6.241273e-02;7.297432e-02;4.418335e-02;1.142213e-01;2.425858e-01;5.676096e-02;9.345433e-02;4.235828e-02;4.956508e-02;1.049634e-01
9.166542e-02;4.902007e-02;8.003768e-02;7.733044e-02;4.068396e-02;1.305148e-01;1.803961e-01;3.467876e-02;6.512708e-02;5.123325e-02;1.001875e-01;9.912500e-02
8.524596e-02;3.178215e-02;1.187188e-01;4.529373e-02;2.922241e-02;2.037596e-01;1.050139e-01;2.100520e-02;3.729314e-02;5.969641e-02;1.985558e-01;6.441295e-02
5.659673e-02;2.015905e-02;9.974229e-02;8.101098e-03;2.176546e-02;2.312317e-01;1.561542e-01;6.759676e-02;6.133504e-02;4.853805e-02;1.948848e-01;3.389488e-02
3.479223e-02;2.295139e-02;6.117307e-02;1.731257e-02;1.730677e-02;1.383260e-01;3.034690e-01;9.620651e-02;8.180717e-02;5.083257e-02;1.134137e-01;6.240911e-02
2.291856e-02;2.060680e-02;3.444488e-02;3.524901e-02;1.463013e-02;7.347376e-02;4.070107e-01;9.041157e-02;5.709440e-02;8.510142e-02;6.073692e-02;9.832186e-02
2.989297e-02;1.984604e-02;1.431092e-02;4.989271e-02;8.322366e-03;7.563154e-02;4.730360e-01;3.501520e-02;3.587609e-02;1.029802e-01;2.929940e-02;1.258965e-01
4.731251e-02;1.800217e-02;2.770012e-02;4.846535e-02;1.660057e-02;1.103723e-01;4.366051e-01;3.792076e-02;3.903080e-02;6.727504e-02;4.514456e-02;1.055707e-01
7.552142e-02;2.139291e-02;9.887043e-02;4.178924e-02;3.513188e-02;1.115000e-01;3.584157e-01;5.300362e-02;4.056429e-02;4.394952e-02;5.493566e-02;6.492539e-02
1.054615e-01;3.793017e-02;1.860150e-01;4.434306e-02;5.030499e-02;7.549493e-02;2.264332e-01;8.667783e-02;4.564138e-02;4.838557e-02;6.066095e-02;3.265144e-02
7.841384e-02;2.870534e-02;1.566537e-01;7.251901e-02;7.740255e-02;8.080895e-02;9.169637e-02;8.572424e-02;1.096492e-01;9.703936e-02;7.464333e-02;4.674414e-02
5.926466e-02;3.860264e-02;8.794302e-02;7.498308e-02;6.791739e-02;1.059910e-01;1.476884e-01;1.094426e-01;1.082143e-01;9.444746e-02;5.828304e-02;4.722245e-02
6.695450e-02;2.919619e-02;5.445151e-02;5.686843e-02;3.085491e-02;9.255613e-02;4.029350e-01;6.743022e-02;4.901453e-02;5.707731e-02;4.155280e-02;5.110848e-02
5.808909e-02;2.105852e-02;5.231242e-02;2.549790e-02;2.230019e-02;6.999382e-02;5.237661e-01;5.677811e-02;3.938869e-02;3.151339e-02;4.711178e-02;5.218999e-02
2.658881e-02;2.775664e-02;3.566904e-02;1.903839e-02;2.719731e-02;1.115784e-01;4.603639e-01;7.213092e-02;6.189840e-02;3.339104e-02;5.148328e-02;7.290386e-02
5.519127e-02;3.271442e-02;4.347386e-02;4.218776e-02;3.099547e-02;1.066595e-01;2.887867e-01;9.950410e-02;7.294220e-02;8.004677e-02;6.457151e-02;8.292639e-02
8.489164e-02;5.040886e-02;9.344203e-02;6.223696e-02;8.588929e-02;5.536177e-02;1.653585e-01;9.939104e-02;7.484380e-02;1.016778e-01;7.339148e-02;5.310688e-02
7.192039e-02;5.092984e-02;9.641532e-02;6.199133e-02;9.677122e-02;7.348155e-02;1.432783e-01;1.040744e-01;9.124909e-02;9.658626e-02;7.158176e-02;4.172052e-02
6.649747e-02;4.130892e-02;9.844241e-02;7.182553e-02;1.056892e-01;8.665783e-02;1.209552e-01;9.889692e-02;8.417567e-02;1.085221e-01;8.507590e-02;3.195289e-02
4.466792e-02;4.835562e-02;8.609877e-02;6.233763e-02;7.290895e-02;1.100615e-01;1.601422e-01;7.576200e-02;5.592556e-02;1.331931e-01;1.036930e-01;4.685388e-02
6.878761e-02;8.246194e-02;2.635198e-01;6.876487e-02;9.290592e-02;8.786574e-02;1.220919e-01;4.235448e-02;4.598191e-02;4.796908e-02;3.454852e-02;4.274827e-02
1.317375e-01;1.253581e-01;2.533277e-01;5.454142e-02;6.222636e-02;7.483609e-02;7.380153e-02;5.683624e-02;8.594239e-02;2.071093e-02;2.959444e-02;3.108737e-02
2.141046e-01;1.602721e-01;1.979305e-01;2.751445e-02;4.682186e-02;4.959049e-02;4.134882e-02;8.120634e-02;1.084320e-01;1.135460e-02;3.973484e-02;2.168938e-02
3.042779e-01;1.443725e-01;1.059918e-01;6.916426e-03;7.034047e-02;1.801683e-02;2.018464e-02;1.349340e-01;8.704252e-02;1.324581e-02;7.132386e-02;2.335329e-02
3.747839e-01;9.238824e-02;7.009701e-02;5.964059e-03;7.416642e-02;6.334368e-03;3.546463e-02;1.861614e-01;2.794033e-02;1.191539e-02;8.026099e-02;3.452326e-02
4.050342e-01;6.226125e-02;7.581134e-02;9.858317e-03;5.294053e-02;1.155926e-02;5.717654e-02;1.962686e-01;2.210418e-02;1.329630e-02;4.693513e-02;4.675433e-02
3.750846e-01;5.028242e-02;6.138705e-02;1.641907e-02;2.934651e-02;2.925924e-02;1.158513e-01;1.765496e-01;2.901823e-02;2.638690e-02;2.280222e-02;6.761286e-02
2.945600e-01;4.918802e-02;5.342172e-02;3.332150e-02;1.326256e-02;3.958014e-02;1.639658e-01;1.385183e-01;4.132397e-02;4.907903e-02;3.062780e-02;9.315119e-02
2.225902e-01;5.776924e-02;1.174959e-01;3.700024e-02;2.033928e-02;4.379097e-02;1.413913e-01;9.335348e-02;5.002793e-02;6.569803e-02;5.368228e-02;9.686111e-02
1.940026e-01;5.546514e-02;1.911360e-01;2.582526e-02;2.598415e-02;3.940147e-02;1.012271e-01;7.653759e-02;7.298667e-02;6.513193e-02;7.370892e-02;7.859311e-02
1.270219e-01;7.384300e-02;1.736611e-01;2.592007e-02;3.672406e-02;2.527089e-02;9.683443e-02;1.054979e-01;8.067253e-02;9.096999e-02;1.147772e-01;4.880694e-02
1.102409e-01;5.874120e-02;8.902533e-02;3.217645e-02;5.901919e-02;3.755314e-02;1.284137e-01;1.556029e-01;7.452589e-02;1.079608e-01;9.663049e-02;5.010999e-02
1.636379e-01;6.846465e-02;1.107328e-01;4.227131e-02;5.416907e-02;5.509347e-02;8.770142e-02;1.129795e-01;8.288908e-02;8.894149e-02;6.584775e-02;6.727160e-02
1.358550e-01;1.082111e-01;1.620182e-01;4.860596e-02;4.936412e-02;5.529236e-02;4.213849e-02;7.306562e-02;8.636059e-02;7.321227e-02;7.669906e-02;8.917716e-02
2.454680e-01;1.419507e-01;1.681133e-01;3.780008e-02;2.801120e-02;3.302272e-02;6.053846e-02;7.180395e-02;5.666171e-02;4.028156e-02;5.802627e-02;5.832203e-02
3.317720e-01;1.390240e-01;1.394472e-01;2.185773e-02;1.725906e-02;1.805056e-02;9.077665e-02;7.356321e-02;2.846871e-02;3.239252e-02;3.278263e-02;7.460576e-02
3.824368e-01;1.175896e-01;6.343828e-02;2.185554e-02;1.250535e-02;1.410835e-02;1.290654e-01;7.383586e-02;1.475743e-02;3.458077e-02;2.581278e-02;1.100138e-01
3.925736e-01;6.949451e-02;4.553735e-02;2.375456e-02;1.371477e-02;1.334423e-02;1.595175e-01;8.277344e-02;1.438111e-02;3.467918e-02;2.683608e-02;1.233937e-01
3.626679e-01;4.534012e-02;7.666882e-02;2.577955e-02;1.571068e-02;1.807701e-02;1.727085e-01;8.624851e-02;1.659212e-02;3.587446e-02;3.599992e-02;1.083324e-01
2.942153e-01;7.299102e-02;1.102781e-01;3.398358e-02;2.091749e-02;2.377053e-02;1.530902e-01;6.967191e-02;3.261071e-02;5.018711e-02;4.721687e-02;9.106719e-02
2.249090e-01;9.092070e-02;1.410861e-01;3.342713e-02;3.593974e-02;2.987379e-02;1.312072e-01;4.639616e-02;5.049181e-02;8.857837e-02;6.927009e-02;5.789992e-02
2.206173e-01;8.592317e-02;9.467404e-02;2.431802e-02;3.723288e-02;2.757602e-02;1.300243e-01;7.035364e-02;4.704020e-02;1.124978e-01;8.003072e-02;6.971198e-02
1.929348e-01;6.075137e-02;2.760820e-02;1.845593e-02;3.555951e-02;1.807357e-02;1.939252e-01;1.535153e-01;4.637897e-02;7.730921e-02;6.327868e-02;1.122093e-01
1.359874e-01;7.806788e-02;1.319717e-01;4.368044e-02;5.044326e-02;3.141286e-02;1.524652e-01;1.050134e-01;7.211437e-02;4.591191e-02;4.459136e-02;1.083402e-01
1.425068e-01;7.107258e-02;1.174157e-01;7.785864e-02;4.650817e-02;3.306983e-02;1.264889e-01;1.051758e-01;9.578142e-02;5.561234e-02;6.367698e-02;6.483289e-02
9.912378e-02;5.734713e-02;8.562852e-02;9.616233e-02;6.028279e-02;4.689919e-02;1.329481e-01;1.099756e-01;8.944847e-02;4.983411e-02;8.821166e-02;8.413832e-02
7.207159e-02;3.853672e-02;6.971328e-02;1.062368e-01;8.483615e-02;5.216269e-02;1.280439e-01;8.984992e-02;9.274950e-02;6.145536e-02;1.063545e-01;9.798968e-02
7.724370e-02;3.998368e-02;1.167403e-01;1.038853e-01;9.391061e-02;4.920966e-02;1.129177e-01;6.843869e-02;9.267626e-02;7.371041e-02;1.019502e-01;6.933338e-02
4.473210e-02;7.494275e-02;3.413166e-01;6.458097e-02;6.530614e-02;3.786155e-02;1.008672e-01;6.079353e-02;9.046347e-02;7.536092e-02;2.694424e-02;1.683052e-02
9.460836e-02;1.000020e-01;3.128121e-01;4.190031e-02;4.991623e-02;2.273059e-02;7.339720e-02;6.712727e-02;1.216292e-01;5.443950e-02;4.146655e-02;1.997067e-02
1.696413e-01;1.202271e-01;2.407394e-01;2.518716e-02;4.857742e-02;1.458034e-02;4.579971e-02;1.186414e-01;1.260039e-01;3.369448e-02;3.390470e-02;2.300309e-02
2.668813e-01;1.101519e-01;1.507709e-01;1.146623e-02;6.259707e-02;6.301453e-03;2.597964e-02;2.164612e-01;8.622480e-02;1.196306e-02;2.544662e-02;2.575584e-02
3.105770e-01;7.080810e-02;1.129327e-01;9.238103e-03;6.051457e-02;5.423239e-03;4.595977e-02;2.824983e-01;3.912773e-02;8.505085e-03;2.192122e-02;3.249420e-02
3.196478e-01;5.846307e-02;1.212999e-01;1.056222e-02;4.678399e-02;7.550742e-03;5.898027e-02;2.822972e-01;1.364629e-02;1.386143e-02;2.144399e-02;4.546304e-02
2.941326e-01;4.167408e-02;1.331147e-01;1.900699e-02;3.171903e-02;1.633084e-02;1.041931e-01;2.147385e-01;2.241053e-02;2.249218e-02;2.932717e-02;7.086024e-02
2.552854e-01;3.663702e-02;1.169440e-01;3.860740e-02;1.972074e-02;1.956151e-02;1.734354e-01;1.361616e-01;2.053340e-02;3.691417e-02;4.605840e-02;1.001410e-01
1.807405e-01;5.449029e-02;1.001087e-01;5.188394e-02;1.993234e-02;2.346156e-02;1.986069e-01;8.767233e-02;3.492690e-02;5.105078e-02;8.304550e-02;1.140803e-01
7.244293e-02;6.200000e-02;9.554324e-02;5.360893e-02;5.660109e-02;4.135559e-02;1.582616e-01;9.616512e-02;7.085022e-02;1.030722e-01;1.129616e-01;7.713749e-02
4.004912e-02;6.652194e-02;1.014985e-01;4.197969e-02;7.919673e-02;5.593434e-02;1.432428e-01;8.692398e-02;9.122253e-02;1.414649e-01;1.062101e-01;4.575552e-02
3.776193e-02;7.727716e-02;1.234006e-01;4.896040e-02;6.963911e-02;5.392127e-02;1.322746e-01;7.638092e-02;7.826035e-02;1.351951e-01;1.031205e-01;6.380817e-02
1.535664e-01;3.726944e-02;1.549079e-01;4.320835e-02;4.978933e-02;4.405896e-02;9.944213e-02;5.811506e-02;8.848196e-02;8.889435e-02;8.639787e-02;9.586823e-02
2.149984e-01;1.033464e-01;1.578773e-01;4.661081e-02;5.373840e-02;3.682432e-02;8.869484e-02;8.887569e-02;5.340496e-02;3.776160e-02;5.248122e-02;6.538599e-02
2.468826e-01;1.506795e-01;1.655814e-01;2.858740e-02;6.710319e-02;2.683169e-02;3.814214e-02;1.514450e-01;3.939093e-02;2.865257e-02;3.258029e-02;2.412328e-02
2.709084e-01;1.423949e-01;1.279303e-01;1.496920e-02;7.321213e-02;1.799022e-02;3.737976e-02;2.087581e-01;3.929715e-02;1.759740e-02;2.410528e-02;2.545720e-02
2.836307e-01;8.961712e-02;6.177407e-02;1.746622e-02;5.701836e-02;2.442747e-02;8.504348e-02;2.686102e-01;2.644458e-02;2.202420e-02;2.122957e-02;4.271401e-02
2.826522e-01;4.293947e-02;2.722075e-02;2.189106e-02;2.989862e-02;3.061632e-02;1.279097e-01;3.133257e-01;2.376838e-02;2.899959e-02;1.551072e-02;5.526746e-02
2.780536e-01;3.843588e-02;3.417553e-02;2.157964e-02;2.704282e-02;3.755231e-02;1.449686e-01;2.897175e-01;2.418197e-02;2.830749e-02;2.251863e-02;5.346609e-02
2.839199e-01;4.426742e-02;6.138749e-02;1.722680e-02;4.109517e-02;2.520775e-02;1.282502e-01;2.554927e-01;1.757047e-02;4.135064e-02;2.749348e-02;5.673803e-02
2.755644e-01;4.444992e-02;8.517890e-02;1.973304e-02;5.089014e-02;2.067844e-02;1.059977e-01;2.319261e-01;2.000792e-02;4.537228e-02;4.128108e-02;5.892010e-02
2.635352e-01;7.655292e-02;1.462890e-01;2.107733e-02;5.271336e-02;1.406071e-02;7.276137e-02;1.826512e-01;3.054257e-02;3.913473e-02;4.750520e-02;5.317641e-02
2.237065e-01;9.094347e-02;1.841623e-01;2.334127e-02;4.337797e-02;3.322921e-02;4.896085e-02;1.450698e-01;3.618769e-02;6.497133e-02;5.749888e-02;4.855072e-02
1.395771e-01;6.518970e-02;1.510948e-01;4.500486e-02;5.111017e-02;5.915003e-02;7.323395e-02;1.509999e-01;5.237003e-02;1.046725e-01;7.304411e-02;3.455284e-02
8.385323e-02;4.748457e-02;9.765035e-02;4.037306e-02;1.099791e-01;5.990301e-02;1.490465e-01;1.441688e-01;5.669826e-02;1.008023e-01;5.888518e-02;5.115573e-02
6.880761e-02;5.539745e-02;8.163720e-02;3.270198e-02;1.233733e-01;6.510799e-02;1.881418e-01;1.033530e-01;8.374368e-02;9.730020e-02;5.889188e-02;4.154395e-02
1.304897e-01;7.969217e-02;6.686334e-02;3.306323e-02;8.030061e-02;5.349168e-02;1.545957e-01;9.367479e-02;7.956649e-02;1.092181e-01;4.340576e-02;7.563842e-02
1.747816e-01;1.042891e-01;9.263454e-02;4.557400e-02;3.671154e-02;5.959565e-02;1.156250e-01;9.983430e-02;6.930401e-02;1.008552e-01;3.528012e-02;6.551483e-02
1.669242e-01;7.999676e-02;1.083407e-01;5.780677e-02;6.315356e-02;6.871262e-02;1.060877e-01;7.763104e-02;7.918541e-02;8.759956e-02;4.755620e-02;5.700540e-02
1.297593e-01;8.368512e-02;7.980366e-02;6.732137e-02;1.066993e-01;5.508349e-02;1.044924e-01;8.241526e-02;8.593976e-02;1.001474e-01;4.470708e-02;5.994586e-02
9.377019e-02;1.007428e-01;5.092560e-02;7.625361e-02;9.443605e-02;5.070931e-02;8.333518e-02;1.061490e-01;8.150719e-02;1.185413e-01;7.544628e-02;6.818344e-02
1.016787e-01;1.053008e-01;6.964805e-02;8.411244e-02;6.349797e-02;4.042570e-02;6.409377e-02;1.100319e-01;1.189297e-01;1.037685e-01;8.117358e-02;5.733888e-02
1.016285e-01;1.234284e-01;6.413276e-02;8.567017e-02;5.204696e-02;5.598672e-02;8.299736e-02;1.053806e-01;1.186875e-01;8.121707e-02;4.709570e-02;8.172832e-02
1.228701e-01;8.842660e-02;8.821119e-02;7.095987e-02;4.089100e-02;8.365542e-02;7.964075e-02;1.094656e-01;9.403929e-02;9.515032e-02;3.380661e-02;9.288327e-02
1.038267e-01;4.692589e-02;1.247100e-01;4.700573e-02;5.202469e-02;9.258170e-02;1.191607e-01;1.020019e-01;9.387378e-02;7.507993e-02;6.824695e-02;7.456201e-02
1.041845e-01;1.309449e-01;1.700086e-01;6.594258e-02;6.362939e-02;8.062592e-02;1.506907e-01;6.268318e-02;6.326873e-02;3.591896e-02;3.561741e-02;3.648517e-02
8.286925e-02;1.207090e-01;2.545357e-01;1.077069e-01;7.317881e-02;5.749759e-02;1.153224e-01;4.784633e-02;3.978862e-02;3.851329e-02;2.865902e-02;3.337307e-02
7.049961e-02;7.971746e-02;3.648704e-01;1.513400e-01;7.515462e-02;4.214799e-02;6.917194e-02;3.152404e-02;2.765710e-02;3.631680e-02;2.966542e-02;2.193460e-02
4.982549e-02;7.360219e-02;5.098020e-01;1.499941e-01;6.431386e-02;2.256913e-02;2.770540e-02;1.297713e-02;2.210039e-02;3.899258e-02;1.797186e-02;1.014588e-02
3.149490e-02;1.313131e-01;5.849501e-01;9.084986e-02;3.887165e-02;1.631942e-02;1.725481e-02;1.043179e-02;2.905737e-02;3.219454e-02;5.451182e-03;1.181133e-02
1.156301e-01;2.150484e-01;4.367200e-01;6.131487e-02;2.642191e-02;2.318725e-02;1.101053e-02;2.141665e-02;4.803769e-02;1.866192e-02;5.978340e-03;1.657231e-02
2.438728e-01;2.191466e-01;2.396352e-01;4.847291e-02;5.788190e-02;1.722633e-02;2.548379e-02;5.405696e-02;4.801898e-02;1.319825e-02;1.063643e-02;2.236992e-02
3.354549e-01;1.310799e-01;1.184128e-01;3.780371e-02;9.747396e-02;3.443157e-02;4.807621e-02;9.088975e-02;3.618698e-02;1.593464e-02;1.352858e-02;4.072705e-02
3.076878e-01;6.683168e-02;6.617269e-02;5.573507e-02;8.984690e-02;6.008645e-02;1.131903e-01;9.003612e-02;2.866276e-02;2.828572e-02;1.545328e-02;7.801130e-02
2.138319e-01;7.232063e-02;6.161188e-02;6.894056e-02;5.043830e-02;7.208767e-02;2.115882e-01;6.298553e-02;2.399970e-02;3.159819e-02;3.106712e-02;9.953020e-02
1.100653e-01;8.618975e-02;6.717702e-02;5.294837e-02;7.433257e-02;7.154576e-02;2.930856e-01;3.641050e-02;2.879661e-02;2.211937e-02;5.822335e-02;9.910575e-02
1.414339e-01;4.664804e-02;1.098349e-01;4.124935e-02;1.129709e-01;8.430716e-02;2.197018e-01;3.205952e-02;2.382771e-02;1.944465e-02;7.476823e-02;9.375385e-02
1.038442e-01;3.172272e-02;1.389901e-01;4.058395e-02;1.311405e-01;1.480846e-01;1.323630e-01;2.948974e-02;2.893674e-02;3.525683e-02;1.057395e-01;7.384817e-02
3.620325e-02;1.371632e-02;1.378837e-01;5.450040e-02;1.157307e-01;2.210894e-01;9.271032e-02;2.679252e-02;3.023324e-02;7.392158e-02;1.532062e-01;4.401232e-02
4.805354e-02;3.722778e-02;1.396070e-01;3.878248e-02;8.794690e-02;2.026188e-01;7.362477e-02;3.371526e-02;3.031286e-02;1.052624e-01;1.836817e-01;1.916651e-02
6.657303e-02;5.154342e-02;1.657420e-01;2.941989e-02;7.905962e-02;1.731175e-01;7.613105e-02;3.320928e-02;2.860680e-02;8.201419e-02;1.638948e-01;5.068838e-02
4.536333e-02;3.775565e-02;1.765663e-01;3.568551e-02;6.969927e-02;1.435411e-01;1.563405e-01;2.614064e-02;3.541356e-02;5.729527e-02;1.341611e-01;8.203774e-02
1.192349e-01;2.547891e-02;1.361256e-01;4.338621e-02;7.664172e-02;1.001136e-01;2.048149e-01;4.416152e-02;2.908576e-02;4.252024e-02;9.186650e-02;8.657017e-02
9.961030e-02;4.895430e-02;1.003340e-01;6.985390e-02;1.208303e-01;1.251097e-01;1.920757e-01;4.922461e-02;2.401493e-02;4.427442e-02;6.393437e-02;6.178345e-02
4.008261e-02;6.271783e-02;1.339441e-01;7.193899e-02;1.360059e-01;1.554954e-01;1.615937e-01;4.402102e-02;3.142454e-02;5.038313e-02;6.380864e-02;4.858416e-02
1.155108e-01;7.912555e-02;1.073770e-01;5.175173e-02;8.647402e-02;1.381166e-01;1.098080e-01;3.367539e-02;3.647212e-02;7.747103e-02;9.998643e-02;6.423140e-02
8.376259e-02;5.614170e-02;7.605785e-02;4.273003e-02;7.646173e-02;1.252104e-01;1.262908e-01;3.483724e-02;5.391727e-02;1.026674e-01;1.484872e-01;7.343575e-02
9.567735e-02;4.822699e-02;7.558160e-02;6.085166e-02;5.317391e-02;7.660624e-02;1.085559e-01;3.305677e-02;7.704171e-02;1.325212e-01;1.492257e-01;8.948094e-02
2.193001e-01;1.132079e-01;6.642094e-02;5.369032e-02;3.346770e-02;5.347724e-02;5.921672e-02;4.444033e-02;4.490421e-02;9.948581e-02;1.036418e-01;1.087469e-01
1.682220e-01;1.113251e-01;1.578600e-01;4.595848e-02;4.683687e-02;6.951677e-02;6.735414e-02;6.678841e-02;2.820705e-02;6.743591e-02;6.335133e-02;1.071439e-01
6.345487e-02;5.908958e-02;1.768562e-01;6.151844e-02;5.629851e-02;1.219046e-01;1.226097e-01;8.267754e-02;3.548534e-02;5.492442e-02;6.531154e-02;9.986917e-02
1.215404e-01;9.032885e-02;1.180594e-01;6.582767e-02;3.172480e-02;1.003772e-01;2.183814e-01;3.812454e-02;4.025669e-02;5.365199e-02;5.003336e-02;7.169375e-02
1.637901e-01;9.139854e-02;1.214509e-01;5.676893e-02;3.269463e-02;7.336310e-02;2.143854e-01;3.778007e-02;6.490195e-02;7.016630e-02;3.694800e-02;3.635211e-02
