8.506194e-02;5.961302e-02;1.400077e-01;8.847134e-02;1.705148e-01;7.193431e-02;1.206540e-01;7.186119e-02;5.375520e-02;4.507653e-02;5.846288e-02;3.458703e-02
9.504914e-02;7.060939e-02;1.310960e-01;7.770092e-02;1.907575e-01;5.075592e-02;1.281693e-01;6.848785e-02;5.240241e-02;3.044516e-02;7.532448e-02;2.920185e-02
7.972459e-02;9.252947e-02;1.500627e-01;5.542044e-02;1.455948e-01;8.593217e-02;1.335833e-01;5.091325e-02;5.246332e-02;2.938448e-02;7.639670e-02;4.799476e-02
8.049811e-02;8.169400e-02;1.225145e-01;1.552045e-01;9.366290e-02;7.655782e-02;1.299660e-01;3.124485e-02;4.125318e-02;4.130710e-02;5.004882e-02;9.604824e-02
1.190666e-01;5.672209e-02;1.141241e-01;2.131822e-01;6.190196e-02;5.042408e-02;1.075939e-01;5.341981e-02;2.792167e-02;3.622958e-02;3.863758e-02;1.207765e-01
1.639575e-01;5.153305e-02;1.498885e-01;1.515422e-01;7.801111e-02;3.640236e-02;8.776053e-02;8.863814e-02;3.872220e-02;2.434881e-02;4.196593e-02;8.722962e-02
1.356063e-01;5.796675e-02;1.869951e-01;7.921077e-02;1.084175e-01;5.632330e-02;7.610114e-02;1.116248e-01;5.355521e-02;2.895920e-02;4.909228e-02;5.614766e-02
1.168242e-01;7.317158e-02;1.924825e-01;7.165733e-02;9.897486e-02;8.733922e-02;6.698583e-02;8.083005e-02;4.345311e-02;4.521549e-02;6.285254e-02;6.021331e-02
1.631533e-01;1.034207e-01;1.421723e-01;6.472778e-02;8.609032e-02;1.146173e-01;6.027315e-02;4.892798e-02;4.597913e-02;4.417148e-02;4.774091e-02;7.872566e-02
1.288178e-01;7.044969e-02;1.104963e-01;5.158623e-02;1.297838e-01;1.020576e-01;1.103226e-01;7.574408e-02;6.032572e-02;3.837872e-02;3.399513e-02;8.804232e-02
6.807498e-02;7.772510e-02;1.840158e-01;8.324256e-02;1.882006e-01;6.953896e-02;9.889557e-02;5.368311e-02;5.141708e-02;4.728356e-02;2.911649e-02;4.880621e-02
6.111007e-02;1.220649e-01;1.689122e-01;1.178215e-01;1.592008e-01;8.340138e-02;9.886075e-02;2.600819e-02;5.457791e-02;4.649846e-02;2.935676e-02;3.218706e-02
5.112476e-02;1.334796e-01;1.739077e-01;1.168737e-01;1.260845e-01;8.689689e-02;1.016004e-01;3.371544e-02;5.230117e-02;4.917271e-02;4.449882e-02;3.034430e-02
6.224710e-02;1.055166e-01;2.006911e-01;7.040082e-02;7.974610e-02;6.756163e-02;1.038214e-01;6.775992e-02;9.624939e-02;6.622673e-02;4.386952e-02;3.590970e-02
1.414611e-01;8.952313e-02;1.760051e-01;4.906501e-02;5.516542e-02;4.451807e-02;6.647688e-02;9.965233e-02;1.435788e-01;6.198687e-02;3.060009e-02;4.196722e-02
2.257793e-01;6.355956e-02;9.759066e-02;5.329018e-02;5.359511e-02;4.087143e-02;6.437298e-02;1.360075e-01;1.433677e-01;4.767250e-02;1.725209e-02;5.664094e-02
2.688508e-01;2.907766e-02;3.720102e-02;6.256945e-02;3.495131e-02;4.576398e-02;9.581529e-02;1.498084e-01;1.040006e-01;3.913525e-02;1.371206e-02;1.191141e-01
2.482989e-01;3.174534e-02;4.515918e-02;6.435446e-02;1.776554e-02;2.717690e-02;1.332447e-01;1.179050e-01;7.826825e-02;3.854777e-02;1.648706e-02;1.810469e-01
2.295430e-01;2.913779e-02;3.402616e-02;5.656687e-02;2.938763e-02;2.415738e-02;1.726456e-01;1.128949e-01;7.285351e-02;3.457973e-02;1.189082e-02;1.923165e-01
2.150335e-01;1.843481e-02;5.754819e-02;5.514299e-02;4.018687e-02;4.677412e-02;2.227779e-01;9.812487e-02;6.625342e-02;2.268682e-02;1.333978e-02;1.436968e-01
2.306533e-01;3.576526e-02;6.917319e-02;4.403126e-02;6.764658e-02;5.251747e-02;2.315659e-01;9.344746e-02;6.425270e-02;1.719138e-02;1.399191e-02;7.976358e-02
2.326866e-01;7.598635e-02;1.394170e-01;3.592976e-02;5.872015e-02;4.076358e-02;1.658456e-01;1.064647e-01;6.489940e-02;1.858281e-02;1.836110e-02;4.234296e-02
1.891542e-01;1.133736e-01;2.432897e-01;3.459236e-02;3.997550e-02;4.086370e-02;1.093230e-01;7.584924e-02;7.444059e-02;2.255159e-02;7.892468e-03;4.869414e-02
1.131404e-01;1.093397e-01;3.229572e-01;3.542467e-02;4.621632e-02;5.328819e-02;7.788729e-02;7.883996e-02;7.422173e-02;2.526371e-02;1.145745e-02;5.196330e-02
6.784434e-02;5.954375e-02;2.701812e-01;3.789622e-02;7.687384e-02;6.503234e-02;1.297804e-01;1.307629e-01;5.924859e-02;3.259538e-02;2.465358e-02;4.558750e-02
7.987656e-02;7.389023e-02;1.817549e-01;8.058992e-02;1.005693e-01;5.652696e-02;1.337307e-01;9.798690e-02;7.667266e-02;4.510522e-02;3.924822e-02;3.404845e-02
9.011106e-02;7.493026e-02;1.726727e-01;1.093515e-01;9.500881e-02;9.455322e-02;1.209187e-01;8.655250e-02;4.501695e-02;4.568543e-02;4.216157e-02;2.303720e-02
8.997589e-02;7.547385e-02;1.393033e-01;1.162600e-01;9.571993e-02;1.059150e-01;1.333744e-01;7.252359e-02;4.744239e-02;5.946387e-02;2.478312e-02;3.976458e-02
9.344743e-02;5.860554e-02;1.231160e-01;7.754848e-02;1.770796e-01;8.568389e-02;1.392712e-01;8.966951e-02;4.693231e-02;4.547479e-02;1.991897e-02;4.325229e-02
9.273149e-02;3.682796e-02;1.553867e-01;5.728910e-02;1.120952e-01;1.842703e-01;1.524100e-01;8.668882e-02;4.481080e-02;3.076441e-02;1.927386e-02;2.745146e-02
9.541037e-02;4.490351e-02;1.240719e-01;6.046013e-02;1.341241e-01;2.339956e-01;1.272036e-01;6.202597e-02;3.781766e-02;3.828284e-02;1.910508e-02;2.259920e-02
6.964796e-02;1.154082e-01;1.112221e-01;6.096711e-02;1.524611e-01;1.955911e-01;8.965148e-02;6.884383e-02;4.029144e-02;3.881953e-02;2.333373e-02;3.376238e-02
8.064847e-02;1.868709e-01;1.386022e-01;3.609989e-02;1.474113e-01;1.062089e-01;5.854951e-02;8.748633e-02;6.486382e-02;3.663071e-02;2.151069e-02;3.511730e-02
7.390316e-02;2.083323e-01;1.689643e-01;3.007839e-02;1.352312e-01;8.349185e-02;5.617763e-02;9.415504e-02;6.717853e-02;3.835509e-02;1.442703e-02;2.970560e-02
3.365751e-02;1.668329e-01;1.646435e-01;1.274970e-01;1.481759e-01;7.498862e-02;6.054920e-02;8.874072e-02;5.369098e-02;4.248664e-02;1.691183e-02;2.182522e-02
4.506686e-02;1.530401e-01;1.281401e-01;2.488161e-01;1.215037e-01;4.624325e-02;4.934602e-02;5.213472e-02;6.207958e-02;5.011668e-02;1.987557e-02;2.363730e-02
3.485483e-02;1.409610e-01;1.091219e-01;3.286777e-01;8.645218e-02;6.300644e-02;4.732886e-02;2.969920e-02;3.495995e-02;6.318364e-02;2.756670e-02;3.418761e-02
4.967178e-02;9.304710e-02;1.582319e-01;3.031428e-01;1.551476e-01;5.263315e-02;4.030650e-02;3.173592e-02;2.667437e-02;5.364221e-02;1.572618e-02;2.004057e-02
8.440361e-02;6.558976e-02;2.186068e-01;1.988304e-01;1.526934e-01;4.333462e-02;6.912541e-02;4.231510e-02;4.030072e-02;4.829235e-02;2.099499e-02;1.551284e-02
1.285535e-01;1.115254e-01;3.155563e-01;5.857781e-02;7.866227e-02;4.306335e-02;1.114923e-01;3.061703e-02;4.034187e-02;3.271044e-02;2.654674e-02;2.235300e-02
1.533785e-01;1.795637e-01;3.634039e-01;3.536166e-02;4.119461e-02;2.836304e-02;7.754707e-02;1.468994e-02;4.792814e-02;2.327339e-02;1.454486e-02;2.075118e-02
1.857093e-01;2.767504e-01;3.314270e-01;2.011368e-02;2.209658e-02;1.944004e-02;3.374724e-02;1.337058e-02;5.644097e-02;1.678007e-02;1.163045e-02;1.249374e-02
2.664118e-01;3.303940e-01;2.289684e-01;1.063107e-02;1.739280e-02;1.161399e-02;1.027577e-02;2.835240e-02;5.207619e-02;1.053332e-02;2.361991e-02;9.730325e-03
3.900122e-01;2.616855e-01;1.500458e-01;6.171532e-03;2.191138e-02;5.426465e-03;1.711452e-02;4.674139e-02;3.279569e-02;1.000674e-02;2.957683e-02;2.851205e-02
5.102786e-01;1.288349e-01;1.160080e-01;9.115518e-03;2.064154e-02;7.574202e-03;3.374951e-02;5.739662e-02;2.121712e-02;1.123786e-02;2.255198e-02;6.139410e-02
5.782849e-01;5.766186e-02;6.930006e-02;1.564438e-02;1.438989e-02;1.440320e-02;5.263062e-02;5.527550e-02;1.769784e-02;1.295606e-02;1.815387e-02;9.360188e-02
5.159955e-01;8.914828e-02;1.020928e-01;1.577376e-02;2.559884e-02;1.432201e-02;4.423962e-02;6.561184e-02;1.846245e-02;1.016914e-02;1.571626e-02;8.286955e-02
5.122878e-01;8.750878e-02;9.240143e-02;1.136887e-02;5.502960e-02;1.025585e-02;3.292553e-02;9.531913e-02;2.022631e-02;6.501851e-03;9.148620e-03;6.702623e-02
5.040485e-01;1.147185e-01;7.653070e-02;6.043341e-03;7.226450e-02;9.082826e-03;1.927456e-02;1.116300e-01;2.168992e-02;6.136344e-03;1.005445e-02;4.852630e-02
4.631851e-01;1.517193e-01;6.697998e-02;3.736267e-03;7.060489e-02;1.008697e-02;1.775061e-02;1.135696e-01;4.366574e-02;8.511571e-03;1.493348e-02;3.525659e-02
3.833566e-01;1.866362e-01;7.416561e-02;6.933244e-03;5.339673e-02;8.767952e-03;3.390578e-02;1.019599e-01;8.984115e-02;2.366653e-02;1.727317e-02;2.009710e-02
2.942395e-01;2.298040e-01;9.950259e-02;1.317874e-02;2.963850e-02;1.091803e-02;3.693633e-02;7.890180e-02;1.521304e-01;2.510349e-02;1.533003e-02;1.431657e-02
1.807122e-01;2.587153e-01;1.371698e-01;2.724953e-02;1.410570e-02;2.720816e-02;3.130043e-02;5.246089e-02;2.278166e-01;2.176818e-02;1.183244e-02;9.660756e-03
8.440478e-02;2.759792e-01;1.628313e-01;4.625313e-02;1.209855e-02;4.380757e-02;1.759611e-02;4.390941e-02;2.753693e-01;2.372697e-02;6.235964e-03;7.787657e-03
7.580315e-02;2.815808e-01;1.785637e-01;4.985902e-02;1.358946e-02;5.652162e-02;1.673259e-02;2.813564e-02;2.698322e-01;1.473885e-02;3.918310e-03;1.072464e-02
1.008232e-01;2.830724e-01;1.972209e-01;3.873029e-02;1.165374e-02;5.503420e-02;1.526791e-02;1.254047e-02;2.506446e-01;1.757816e-02;1.500446e-03;1.593380e-02
8.370656e-02;2.752300e-01;2.417317e-01;2.454212e-02;7.796628e-03;5.352725e-02;1.171907e-02;1.626546e-02;2.389038e-01;2.828873e-02;2.200946e-03;1.608775e-02
4.808372e-02;2.579109e-01;2.754636e-01;1.981638e-02;8.151342e-03;6.900541e-02;9.596226e-03;1.586199e-02;2.377312e-01;3.819165e-02;2.217256e-03;1.797020e-02
4.270159e-02;2.462226e-01;2.467493e-01;2.928720e-02;1.401069e-02;8.729068e-02;7.616333e-03;1.897485e-02;2.509164e-01;3.781580e-02;3.798643e-03;1.461596e-02
9.514845e-02;2.441433e-01;1.867314e-01;3.815413e-02;1.775969e-02;8.133408e-02;9.362273e-03;2.811143e-02;2.525557e-01;3.359378e-02;3.181414e-03;9.924397e-03
1.760327e-01;2.554783e-01;1.512656e-01;4.630035e-02;2.132170e-02;6.736527e-02;6.783799e-03;2.914983e-02;1.997525e-01;2.833481e-02;5.335126e-03;1.288005e-02
2.632046e-01;2.776986e-01;1.328930e-01;3.571627e-02;1.839783e-02;4.586355e-02;1.388407e-02;1.181999e-02;1.360124e-01;3.473642e-02;1.081947e-02;1.895379e-02
2.127601e-01;2.264869e-01;1.574173e-01;2.767499e-02;2.555595e-02;2.301716e-02;2.221161e-02;3.581458e-02;2.036039e-01;4.105130e-02;1.274953e-02;1.165666e-02
1.836757e-01;1.302925e-01;1.567858e-01;1.704551e-02;5.478756e-02;1.484838e-02;2.500155e-02;9.874006e-02;2.661588e-01;2.799681e-02;1.703218e-02;7.635175e-03
1.916322e-01;5.352027e-02;1.806747e-01;8.430398e-03;9.558187e-02;1.122284e-02;2.686144e-02;1.700445e-01;2.190999e-01;1.643797e-02;1.620722e-02;1.028673e-02
2.138149e-01;2.984949e-02;1.869826e-01;8.569581e-03;1.128619e-01;1.093291e-02;2.885148e-02;2.300211e-01;1.427802e-01;7.831244e-03;1.239031e-02;1.511433e-02
2.475183e-01;3.687563e-02;1.398814e-01;1.470304e-02;1.105146e-01;1.000344e-02;4.683674e-02;2.632735e-01;8.765017e-02;6.682670e-03;1.218661e-02;2.387391e-02
2.854615e-01;5.169530e-02;8.735947e-02;1.290278e-02;9.366608e-02;9.203427e-03;7.135811e-02;2.635832e-01;6.152358e-02;1.363765e-02;1.203211e-02;3.757694e-02
2.872455e-01;5.415071e-02;6.879706e-02;1.748184e-02;5.777306e-02;9.632204e-03;1.088311e-01;2.503347e-01;4.573993e-02;3.624896e-02;1.452130e-02;4.924360e-02
2.686175e-01;4.749160e-02;5.999885e-02;2.873731e-02;3.009721e-02;1.064498e-02;1.298541e-01;2.310473e-01;3.751566e-02;6.905203e-02;2.451751e-02;6.242602e-02
2.496228e-01;4.434787e-02;6.406012e-02;3.322319e-02;5.162915e-02;1.239297e-02;1.085881e-01;2.008082e-01;5.917512e-02;7.466357e-02;3.596470e-02;6.552426e-02
2.575069e-01;5.959971e-02;7.505168e-02;2.219445e-02;1.012585e-01;1.314626e-02;7.898679e-02;1.899077e-01;4.818320e-02;5.231259e-02;4.902360e-02;5.282864e-02
1.789017e-01;7.251593e-02;7.263416e-02;3.879717e-02;9.778928e-02;2.878202e-02;8.271442e-02;2.080141e-01;5.057012e-02;6.621098e-02;4.956920e-02;5.350094e-02
8.947291e-02;6.158261e-02;9.799924e-02;4.917918e-02;6.704148e-02;3.806991e-02;1.142256e-01;2.265616e-01;6.719224e-02;9.832963e-02;4.633957e-02;4.400599e-02
8.196361e-02;6.105500e-02;1.100785e-01;5.273203e-02;5.475710e-02;4.307168e-02;1.450950e-01;2.439461e-01;7.084326e-02;8.300005e-02;3.121263e-02;2.224499e-02
1.253779e-01;7.304372e-02;1.263886e-01;5.384703e-02;4.224283e-02;5.391224e-02;1.259706e-01;2.184132e-01;5.187045e-02;6.850421e-02;2.396710e-02;3.646212e-02
1.518516e-01;9.524254e-02;1.496820e-01;4.475025e-02;3.258209e-02;4.979443e-02;9.371656e-02;1.818881e-01;3.938658e-02;7.372916e-02;4.152752e-02;4.584912e-02
1.410842e-01;1.061607e-01;1.106439e-01;6.069945e-02;4.811947e-02;7.823068e-02;7.974193e-02;1.593080e-01;3.831235e-02;9.222870e-02;4.327643e-02;4.219408e-02
1.093325e-01;8.486662e-02;7.377271e-02;5.904352e-02;7.205656e-02;1.085828e-01;1.066658e-01;1.345309e-01;8.388235e-02;7.837015e-02;4.705275e-02;4.184317e-02
7.450324e-02;7.308933e-02;1.343924e-01;8.693272e-02;7.652721e-02;8.352339e-02;1.110983e-01;1.315403e-01;1.014423e-01;5.121027e-02;3.799004e-02;3.775042e-02
7.279395e-02;5.900417e-02;1.784503e-01;7.741421e-02;6.126420e-02;4.978857e-02;1.373118e-01;1.393705e-01;7.445598e-02;4.017907e-02;7.483578e-02;3.513154e-02
4.768235e-02;8.470553e-02;2.072588e-01;5.135972e-02;4.956573e-02;4.696684e-02;1.165818e-01;7.534600e-02;1.044451e-01;7.191887e-02;8.385856e-02;6.031058e-02
5.660810e-02;1.341198e-01;2.016918e-01;3.919947e-02;4.121675e-02;4.775992e-02;6.502598e-02;4.937170e-02;1.568392e-01;7.615539e-02;5.870263e-02;7.330928e-02
7.061472e-02;1.767573e-01;1.880361e-01;4.029385e-02;3.540210e-02;5.174176e-02;3.024798e-02;3.520440e-02;1.892704e-01;6.125310e-02;3.597423e-02;8.520401e-02
4.297230e-02;1.786393e-01;1.709022e-01;5.060269e-02;3.111209e-02;4.692460e-02;3.743247e-02;3.404002e-02;1.938671e-01;3.937304e-02;4.855907e-02;1.255751e-01
6.415097e-02;1.420287e-01;1.946334e-01;6.913465e-02;2.616106e-02;3.431851e-02;3.871872e-02;4.384279e-02;1.865320e-01;3.361098e-02;3.671068e-02;1.301575e-01
6.817010e-02;1.218654e-01;2.144862e-01;9.980691e-02;3.005958e-02;3.707295e-02;3.292639e-02;4.124229e-02;1.944135e-01;2.407214e-02;4.359465e-02;9.228987e-02
7.613063e-02;1.292231e-01;1.873266e-01;9.980223e-02;3.600252e-02;3.831894e-02;3.585464e-02;6.862718e-02;1.856017e-01;2.851386e-02;4.445231e-02;7.014624e-02
1.498529e-01;1.691030e-01;1.405399e-01;6.971280e-02;4.443401e-02;2.848921e-02;3.999715e-02;1.024058e-01;1.621730e-01;2.455469e-02;3.581216e-02;3.292515e-02
2.254280e-01;1.975598e-01;1.527351e-01;3.615409e-02;3.160777e-02;2.307758e-02;3.209853e-02;7.331571e-02;1.660120e-01;1.913231e-02;1.961522e-02;2.326377e-02
2.443870e-01;2.393388e-01;1.941191e-01;2.313877e-02;1.348487e-02;2.553627e-02;2.376901e-02;4.381311e-02;1.473562e-01;1.142964e-02;1.130165e-02;2.232561e-02
2.253776e-01;2.688700e-01;2.564645e-01;2.091856e-02;1.118582e-02;2.257457e-02;1.997249e-02;3.491689e-02;9.688109e-02;1.547491e-02;6.844763e-03;2.051886e-02
1.522407e-01;2.890962e-01;3.438300e-01;2.517281e-02;7.694799e-03;1.738565e-02;1.246725e-02;3.733702e-02;7.182297e-02;1.093485e-02;8.951081e-03;2.306667e-02
8.992942e-02;2.959263e-01;3.926373e-01;2.477799e-02;7.597369e-03;1.413743e-02;1.481206e-02;3.811139e-02;7.473823e-02;1.521221e-02;1.003495e-02;2.208531e-02
1.982858e-01;2.675112e-01;3.435331e-01;1.580504e-02;1.235412e-02;9.449610e-03;2.510841e-02;2.838531e-02;5.501710e-02;9.930723e-03;1.469952e-02;1.992014e-02
2.878826e-01;2.282719e-01;2.705334e-01;1.612636e-02;1.766780e-02;1.260356e-02;3.306365e-02;2.218605e-02;6.204619e-02;1.401532e-02;1.261958e-02;2.298355e-02
3.613174e-01;1.637384e-01;1.979741e-01;1.683640e-02;2.964080e-02;2.064873e-02;3.347095e-02;1.849924e-02;7.978240e-02;1.394903e-02;2.165529e-02;4.248730e-02
4.111191e-01;1.051107e-01;1.469861e-01;1.987354e-02;4.147631e-02;2.748024e-02;2.864434e-02;1.351553e-02;7.259949e-02;2.701014e-02;3.167284e-02;7.451174e-02
4.071037e-01;7.310607e-02;1.023808e-01;1.842807e-02;5.630129e-02;2.563068e-02;5.201712e-02;2.792030e-02;3.670968e-02;3.202649e-02;4.945925e-02;1.189166e-01
3.299491e-01;1.006967e-01;7.739363e-02;2.230734e-02;5.785879e-02;2.895708e-02;7.159500e-02;2.671224e-02;2.758396e-02;5.337381e-02;8.028167e-02;1.232907e-01
1.642239e-01;1.340458e-01;9.230974e-02;2.921507e-02;4.266400e-02;3.261765e-02;8.220678e-02;4.718138e-02;4.094142e-02;1.009391e-01;1.382028e-01;9.545232e-02
6.361628e-02;1.275510e-01;1.543270e-01;4.740321e-02;2.650517e-02;4.582240e-02;1.075824e-01;3.593207e-02;3.869076e-02;1.287926e-01;1.590971e-01;6.468016e-02
1.076432e-01;1.146972e-01;2.545155e-01;3.925020e-02;3.379850e-02;3.943989e-02;1.243009e-01;1.897207e-02;4.808819e-02;8.678720e-02;8.270027e-02;4.980695e-02
2.371595e-01;1.335388e-01;2.811478e-01;2.460000e-02;2.766255e-02;2.486101e-02;9.096171e-02;1.667451e-02;4.153578e-02;3.666859e-02;3.739145e-02;4.779825e-02
2.926452e-01;1.713449e-01;2.905390e-01;1.657995e-02;1.181960e-02;1.385948e-02;5.275151e-02;2.428352e-02;4.307300e-02;2.111512e-02;2.049335e-02;4.149539e-02
2.536234e-01;2.102877e-01;3.464994e-01;1.448974e-02;1.125271e-02;9.924492e-03;1.689656e-02;2.177492e-02;6.055533e-02;1.819841e-02;1.152011e-02;2.497724e-02
1.752877e-01;2.246518e-01;3.980907e-01;1.713733e-02;2.235405e-02;1.333837e-02;1.732694e-02;1.271002e-02;7.862705e-02;2.316912e-02;4.376137e-03;1.293085e-02
1.317620e-01;2.073417e-01;4.092479e-01;1.707592e-02;2.220719e-02;1.792316e-02;4.283240e-02;2.261347e-02;7.476410e-02;3.002195e-02;1.168377e-02;1.252654e-02
1.227880e-01;1.820191e-01;4.449734e-01;1.552662e-02;2.284781e-02;1.839719e-02;4.802320e-02;1.791821e-02;7.320783e-02;2.493093e-02;1.603635e-02;1.333136e-02
1.276782e-01;1.636563e-01;4.774561e-01;1.654462e-02;1.006160e-02;1.378295e-02;2.857059e-02;1.758460e-02;8.558016e-02;2.955584e-02;1.733581e-02;1.219319e-02
1.475245e-01;1.663201e-01;4.616233e-01;1.684794e-02;1.543913e-02;1.204499e-02;2.134722e-02;1.789731e-02;7.913092e-02;3.418824e-02;1.094792e-02;1.668851e-02
1.557487e-01;1.602451e-01;4.688716e-01;1.860505e-02;2.339200e-02;9.252474e-03;1.679274e-02;2.048997e-02;6.665427e-02;2.655200e-02;1.529911e-02;1.809710e-02
1.543710e-01;1.563408e-01;4.807718e-01;1.645596e-02;1.415593e-02;6.942731e-03;2.009513e-02;2.096637e-02;5.682474e-02;3.446614e-02;2.151025e-02;1.709913e-02
1.485205e-01;1.547187e-01;4.952390e-01;1.363541e-02;1.294923e-02;1.281703e-02;1.908330e-02;1.782064e-02;5.386642e-02;3.688469e-02;1.687674e-02;1.758843e-02
1.309604e-01;1.489306e-01;5.087699e-01;1.919430e-02;1.550827e-02;1.229588e-02;1.505037e-02;2.602729e-02;5.682072e-02;3.625849e-02;1.458724e-02;1.559651e-02
1.178713e-01;1.506778e-01;5.089622e-01;1.838922e-02;9.839907e-03;6.576684e-03;1.858957e-02;2.856992e-02;6.311552e-02;4.365961e-02;2.101611e-02;1.273215e-02
1.376972e-01;1.368208e-01;4.885597e-01;1.833836e-02;1.162145e-02;7.815409e-03;1.481521e-02;3.015291e-02;7.164011e-02;4.417272e-02;2.253020e-02;1.583602e-02
1.395452e-01;1.268275e-01;4.988176e-01;1.747539e-02;1.370683e-02;7.699888e-03;2.340527e-02;2.917837e-02;6.659988e-02;3.952662e-02;2.112219e-02;1.609528e-02
1.446581e-01;1.172608e-01;4.957991e-01;1.694239e-02;1.949554e-02;1.035330e-02;1.700088e-02;2.990634e-02;5.484036e-02;3.710361e-02;3.403463e-02;2.260486e-02
1.482392e-01;1.184527e-01;4.934219e-01;1.725703e-02;2.106939e-02;8.906550e-03;7.745496e-03;2.870926e-02;4.130075e-02;3.650325e-02;4.874548e-02;2.964899e-02
1.427479e-01;1.142336e-01;5.122103e-01;1.889062e-02;2.147076e-02;1.241742e-02;1.185617e-02;3.172709e-02;3.822896e-02;3.700775e-02;3.587760e-02;2.333181e-02
1.168534e-01;1.125562e-01;5.510241e-01;2.135685e-02;1.232519e-02;1.029127e-02;1.612583e-02;2.099704e-02;4.156201e-02;4.910009e-02;3.209408e-02;1.571393e-02
8.810604e-02;1.150883e-01;5.477532e-01;1.926211e-02;1.740887e-02;1.015111e-02;2.913645e-02;2.247528e-02;5.119201e-02;4.619687e-02;3.484756e-02;1.838216e-02
7.370109e-02;1.261739e-01;5.627924e-01;2.046465e-02;1.767968e-02;1.596357e-02;2.762789e-02;1.378737e-02;5.986739e-02;3.514906e-02;3.076506e-02;1.602795e-02
4.607170e-02;1.288604e-01;5.821074e-01;2.291087e-02;8.537938e-03;2.270732e-02;2.505665e-02;1.373178e-02;9.317283e-02;2.216159e-02;1.917410e-02;1.550739e-02
2.253097e-02;1.304151e-01;5.991626e-01;2.459253e-02;1.075098e-02;2.579207e-02;1.753739e-02;1.083144e-02;9.410353e-02;1.878191e-02;1.313237e-02;3.236917e-02
3.336680e-02;1.077577e-01;6.056430e-01;3.493889e-02;1.610233e-02;1.815057e-02;2.963645e-02;7.178080e-03;5.290865e-02;4.504935e-02;1.259871e-02;3.666941e-02
2.505001e-02;7.632351e-02;5.984461e-01;5.155423e-02;2.667562e-02;1.168521e-02;2.125523e-02;5.707484e-03;3.556732e-02;7.967000e-02;3.580042e-02;3.226487e-02
2.563780e-02;4.316759e-02;5.116367e-01;8.873757e-02;5.288992e-02;1.766768e-02;1.292972e-02;1.333354e-02;3.265727e-02;7.803326e-02;9.246697e-02;3.084200e-02
2.212120e-02;5.167875e-02;3.990819e-01;1.353480e-01;1.061029e-01;3.266387e-02;1.253761e-02;2.954820e-02;2.116114e-02;3.883846e-02;1.348121e-01;1.610572e-02
1.202005e-02;4.939324e-02;3.199158e-01;1.243435e-01;2.011641e-01;4.605676e-02;2.619862e-02;2.656689e-02;2.495671e-02;2.583466e-02;9.067030e-02;5.287941e-02
1.324981e-02;2.448289e-02;2.495486e-01;7.267898e-02;2.685236e-01;8.685670e-02;8.179224e-02;9.752899e-03;4.867765e-02;1.996133e-02;2.422540e-02;1.002499e-01
1.900353e-02;8.885578e-03;1.814355e-01;4.007700e-02;2.569242e-01;1.329651e-01;1.468941e-01;9.626647e-03;6.833598e-02;1.690552e-02;1.139184e-02;1.075550e-01
4.698376e-02;6.384733e-03;1.139285e-01;1.737255e-02;2.207389e-01;1.584525e-01;2.168058e-01;8.520498e-03;5.674055e-02;6.392466e-02;1.873885e-02;7.140867e-02
8.859841e-02;9.107254e-03;7.596105e-02;2.120966e-02;1.735033e-01;1.738470e-01;2.650602e-01;1.041654e-02;1.751051e-02;1.082252e-01;3.204662e-02;2.451417e-02
1.014449e-01;2.026927e-02;5.591336e-02;3.000957e-02;1.455770e-01;1.781607e-01;3.004963e-01;1.342460e-02;9.598829e-03;9.446435e-02;3.943808e-02;1.120296e-02
7.607640e-02;2.692869e-02;4.972696e-02;4.610451e-02;1.265504e-01;1.805601e-01;3.303718e-01;1.117063e-02;8.305278e-03;1.066012e-01;2.435060e-02;1.325334e-02
4.187270e-02;1.839171e-02;2.289859e-02;4.757163e-02;9.584735e-02;1.710525e-01;3.921317e-01;1.178759e-02;9.863601e-03;1.748905e-01;7.739948e-03;5.952238e-03
3.442965e-02;7.764672e-03;1.233577e-02;3.699614e-02;7.599395e-02;1.473424e-01;4.686167e-01;2.193188e-02;1.119026e-02;1.771955e-01;3.144120e-03;3.058853e-03
3.931342e-02;5.450443e-03;1.319117e-02;3.185327e-02;8.091146e-02;1.623613e-01;5.286640e-01;1.754066e-02;1.023037e-02;1.035282e-01;3.050433e-03;3.905293e-03
3.641359e-02;7.820177e-03;1.064161e-02;3.003852e-02;9.067139e-02;1.615432e-01;5.484230e-01;1.462393e-02;7.322507e-03;8.353140e-02;4.538087e-03;4.432635e-03
3.375646e-02;5.718055e-03;1.571607e-02;2.575664e-02;1.120713e-01;1.596544e-01;5.529343e-01;1.718156e-02;7.759151e-03;5.846201e-02;5.623536e-03;5.366509e-03
3.872956e-02;5.796505e-03;2.215745e-02;2.342502e-02;1.440300e-01;1.924293e-01;4.860723e-01;2.633705e-02;4.339163e-03;4.753708e-02;3.850302e-03;5.296238e-03
3.984353e-02;7.097891e-03;4.942876e-02;2.195388e-02;1.925109e-01;2.125435e-01;3.775360e-01;2.972248e-02;8.107702e-03;4.392862e-02;5.927406e-03;1.139921e-02
2.676054e-02;7.123949e-03;9.637873e-02;2.975984e-02;2.262984e-01;1.878406e-01;3.258093e-01;1.932193e-02;1.473984e-02;3.002632e-02;1.061703e-02;2.532356e-02
7.706925e-03;1.256435e-02;1.920753e-01;4.250792e-02;1.932486e-01;1.389038e-01;3.087143e-01;2.072147e-02;1.732820e-02;2.105181e-02;1.435732e-02;3.082000e-02
2.511521e-02;1.111169e-02;2.804207e-01;5.023809e-02;1.229822e-01;1.119195e-01;2.703470e-01;1.640277e-02;2.314743e-02;3.709636e-02;2.739269e-02;2.382628e-02
2.873344e-02;1.342767e-02;3.278500e-01;4.098410e-02;7.075655e-02;9.288254e-02;2.498360e-01;2.126006e-02;3.018066e-02;7.546578e-02;3.314701e-02;1.547620e-02
3.285345e-02;2.158059e-02;3.122337e-01;4.127542e-02;1.209575e-01;7.509253e-02;1.864260e-01;3.655794e-02;4.474222e-02;9.030137e-02;2.027536e-02;1.770389e-02
2.891152e-02;2.553619e-02;3.262874e-01;5.258322e-02;1.322056e-01;7.404220e-02;1.334045e-01;3.718495e-02;5.542500e-02;8.159292e-02;2.982536e-02;2.300104e-02
3.974983e-02;2.345655e-02;2.845806e-01;6.631790e-02;1.394894e-01;7.796639e-02;1.170973e-01;2.741455e-02;6.464662e-02;7.445311e-02;4.981351e-02;3.501420e-02
6.793667e-02;2.493310e-02;1.621318e-01;8.906179e-02;1.194475e-01;5.784373e-02;1.671817e-01;5.516354e-02;6.618531e-02;5.966768e-02;7.248159e-02;5.796560e-02
9.639733e-02;2.544674e-02;5.171876e-02;8.315375e-02;9.028935e-02;7.610646e-02;3.111845e-01;4.930835e-02;4.065458e-02;7.200284e-02;5.199230e-02;5.174505e-02
9.115189e-02;2.830728e-02;9.873141e-02;5.797307e-02;1.037875e-01;9.217039e-02;2.952340e-01;3.179267e-02;3.815924e-02;6.251658e-02;2.976591e-02;7.041012e-02
6.209076e-02;2.754986e-02;1.656854e-01;7.030705e-02;1.164357e-01;8.593388e-02;2.136142e-01;3.172091e-02;2.881918e-02;4.167355e-02;6.364696e-02;9.252255e-02
2.718330e-02;2.071453e-02;3.027288e-01;1.075987e-01;9.240329e-02;6.004792e-02;1.146720e-01;4.104888e-02;1.756059e-02;3.253004e-02;1.016140e-01;8.189786e-02
2.093639e-02;3.068904e-02;5.087619e-01;1.042152e-01;2.621575e-02;4.073395e-02;8.478721e-02;2.844048e-02;1.263967e-02;4.234697e-02;6.844161e-02;3.179181e-02
3.148209e-02;7.945500e-02;5.413471e-01;5.476705e-02;4.463581e-02;5.066861e-02;7.942293e-02;1.665807e-02;2.854678e-02;4.790705e-02;1.417627e-02;1.093324e-02
7.228377e-02;1.553162e-01;4.005698e-01;3.843583e-02;5.203682e-02;7.730206e-02;5.271909e-02;2.229793e-02;6.184543e-02;3.399844e-02;1.934445e-02;1.385020e-02
1.136419e-01;2.172233e-01;2.762012e-01;3.841781e-02;4.243348e-02;9.223086e-02;3.456379e-02;2.248424e-02;1.019697e-01;1.794969e-02;2.542634e-02;1.745762e-02
1.280052e-01;1.814133e-01;3.761487e-01;4.136756e-02;3.241233e-02;5.958933e-02;2.948781e-02;1.281563e-02;8.636786e-02;1.250684e-02;2.579424e-02;1.409115e-02
1.597708e-01;1.764609e-01;3.380697e-01;2.968518e-02;3.161897e-02;4.493206e-02;4.853401e-02;1.876270e-02;8.342694e-02;1.986219e-02;3.697724e-02;1.189926e-02
2.086051e-01;1.747857e-01;2.536493e-01;1.353941e-02;5.327869e-02;5.318873e-02;4.090491e-02;4.296058e-02;6.181211e-02;2.444522e-02;5.354774e-02;1.928246e-02
1.941404e-01;1.730974e-01;2.583658e-01;1.804406e-02;6.625030e-02;3.069924e-02;2.255845e-02;6.628875e-02;6.443286e-02;3.518545e-02;5.106285e-02;1.987444e-02
8.485848e-02;1.318226e-01;1.965915e-01;2.477445e-02;4.160350e-02;3.598520e-02;1.933189e-02;5.606999e-02;2.314283e-01;1.106528e-01;2.906917e-02;3.781204e-02
2.154776e-02;1.174783e-01;1.212310e-01;2.444907e-02;1.624538e-02;4.047349e-02;1.545116e-02;3.551284e-02;3.596329e-01;1.645602e-01;1.985010e-02;6.356782e-02
2.716513e-02;1.303238e-01;6.499048e-02;1.660411e-02;1.161249e-02;3.665618e-02;1.536015e-02;1.363102e-02;3.905115e-01;1.730723e-01;3.642074e-02;8.365209e-02
5.274466e-02;1.463175e-01;3.460494e-02;1.289048e-02;1.589689e-02;2.924449e-02;1.959785e-02;2.593651e-02;3.477120e-01;1.462115e-01;8.435738e-02;8.448582e-02
1.167826e-01;1.525710e-01;3.264713e-02;8.778930e-03;3.035655e-02;1.667653e-02;2.098415e-02;5.247486e-02;2.452697e-01;1.093096e-01;1.531647e-01;6.098428e-02
2.262838e-01;1.228544e-01;3.764807e-02;5.573573e-03;5.338326e-02;6.343836e-03;2.288952e-02;7.524519e-02;1.293696e-01;7.809581e-02;2.201895e-01;2.212342e-02
3.403386e-01;7.271607e-02;3.991986e-02;4.274464e-03;6.813764e-02;8.560062e-03;1.728848e-02;9.942696e-02;7.612553e-02;5.123617e-02;2.063106e-01;1.566556e-02
4.330495e-01;5.153803e-02;4.659171e-02;6.243514e-03;7.828998e-02;1.086939e-02;1.219541e-02;1.137996e-01;3.811045e-02;2.890140e-02;1.669998e-01;1.341124e-02
4.788110e-01;3.806673e-02;5.443875e-02;7.687493e-03;8.839612e-02;9.973809e-03;1.283357e-02;1.211692e-01;2.782567e-02;2.150473e-02;1.264743e-01;1.281857e-02
4.670816e-01;2.878135e-02;7.630173e-02;7.519423e-03;1.027319e-01;8.346847e-03;1.313750e-02;1.263988e-01;4.534591e-02;2.275359e-02;9.000391e-02;1.159758e-02
4.480898e-01;2.940018e-02;1.200718e-01;6.395741e-03;1.205274e-01;8.101963e-03;1.071775e-02;1.450306e-01;2.603776e-02;2.139620e-02;5.017552e-02;1.405526e-02
3.816575e-01;3.199113e-02;1.688081e-01;5.594713e-03;1.198793e-01;9.631767e-03;2.923040e-02;1.800074e-01;1.970483e-02;1.565404e-02;3.168925e-02;6.151526e-03
2.744409e-01;2.896488e-02;2.061910e-01;6.390263e-03;9.939904e-02;1.267471e-02;8.680237e-02;2.044805e-01;1.887710e-02;1.230493e-02;3.901917e-02;1.045508e-02
1.815004e-01;3.095394e-02;2.242814e-01;1.067039e-02;7.871865e-02;2.285557e-02;1.728985e-01;1.983359e-01;1.599151e-02;1.127821e-02;3.834493e-02;1.417072e-02
1.252978e-01;3.947533e-02;2.235258e-01;1.995509e-02;7.344920e-02;3.386306e-02;2.122225e-01;1.588526e-01;2.112970e-02;2.710148e-02;3.481348e-02;3.031393e-02
1.568136e-01;5.379875e-02;2.036412e-01;2.611291e-02;8.369536e-02;3.505038e-02;1.645307e-01;1.189874e-01;4.171123e-02;3.960162e-02;3.932100e-02;3.673580e-02
2.061362e-01;7.994632e-02;2.874491e-01;1.176757e-02;8.319344e-02;3.966755e-02;5.922911e-02;1.062017e-01;4.869170e-02;1.737283e-02;3.289006e-02;2.745441e-02
2.963555e-01;9.685943e-02;2.443399e-01;4.980098e-03;7.290433e-02;2.867453e-02;5.417371e-02;8.027575e-02;4.189128e-02;1.394308e-02;2.833168e-02;3.727074e-02
4.300534e-01;8.353765e-02;1.378265e-01;8.771203e-03;5.280737e-02;1.756676e-02;5.904481e-02;5.704445e-02;4.064888e-02;2.420472e-02;2.995643e-02;5.853787e-02
4.583189e-01;6.716395e-02;8.051280e-02;9.394402e-03;3.888425e-02;1.547772e-02;6.579006e-02;8.622833e-02;4.048895e-02;4.046508e-02;3.493563e-02;6.233986e-02
3.986906e-01;6.013719e-02;7.506852e-02;2.045017e-02;7.337561e-02;1.578742e-02;8.434907e-02;8.878211e-02;2.923021e-02;4.793310e-02;3.852274e-02;6.767325e-02
3.661652e-01;3.383974e-02;1.046667e-01;3.486349e-02;7.015475e-02;1.946522e-02;1.089314e-01;7.363855e-02;2.503293e-02;4.617393e-02;3.132632e-02;8.574174e-02
3.639324e-01;2.956013e-02;1.100571e-01;4.761194e-02;4.970658e-02;2.310799e-02;1.125076e-01;5.948458e-02;3.324036e-02;4.031914e-02;2.110195e-02;1.093703e-01
3.676083e-01;3.061172e-02;8.989590e-02;5.911226e-02;4.588178e-02;2.433644e-02;9.447197e-02;8.100578e-02;2.627739e-02;3.599640e-02;1.891604e-02;1.258860e-01
4.020705e-01;3.730557e-02;8.582386e-02;5.044474e-02;5.100816e-02;2.170598e-02;7.380296e-02;9.666321e-02;1.145602e-02;2.855919e-02;1.794332e-02;1.232165e-01
4.091545e-01;4.622206e-02;6.510092e-02;4.715699e-02;4.557943e-02;1.633916e-02;7.972809e-02;9.844281e-02;1.426705e-02;3.468196e-02;1.818889e-02;1.251381e-01
3.936665e-01;2.863520e-02;6.331480e-02;5.906701e-02;3.049023e-02;1.439433e-02;1.060380e-01;7.720102e-02;1.536449e-02;4.548689e-02;2.158298e-02;1.447586e-01
4.201917e-01;1.809724e-02;5.890413e-02;6.091743e-02;2.371402e-02;1.009641e-02;1.083308e-01;5.794925e-02;1.354357e-02;4.328039e-02;2.376517e-02;1.612098e-01
4.306791e-01;3.367234e-02;4.123351e-02;5.258575e-02;1.805614e-02;1.198972e-02;9.750051e-02;6.202140e-02;1.214247e-02;4.267904e-02;2.874041e-02;1.686996e-01
4.474459e-01;2.689440e-02;5.558015e-02;4.259352e-02;1.156056e-02;1.267290e-02;8.776098e-02;7.947298e-02;6.530750e-03;4.178727e-02;2.655207e-02;1.611485e-01
4.668327e-01;3.378458e-02;3.785368e-02;3.811021e-02;1.296383e-02;1.081872e-02;8.830281e-02;6.516337e-02;7.562002e-03;5.007197e-02;3.336296e-02;1.551732e-01
4.598149e-01;4.229646e-02;5.269942e-02;3.816747e-02;5.206618e-03;9.317255e-03;8.690263e-02;4.278734e-02;6.767687e-03;5.803457e-02;4.040730e-02;1.575984e-01
4.245050e-01;5.578953e-02;4.826751e-02;4.190734e-02;5.078038e-03;1.128511e-02;9.490203e-02;2.630211e-02;9.467079e-03;6.093200e-02;5.286778e-02;1.686964e-01
3.374424e-01;4.299458e-02;5.463836e-02;4.231029e-02;1.140348e-02;2.973351e-02;1.264725e-01;2.051545e-02;1.807439e-02;7.855593e-02;7.146127e-02;1.663979e-01
2.069173e-01;5.644260e-02;7.656580e-02;3.507801e-02;2.561056e-02;5.775065e-02;1.871633e-01;2.277830e-02;2.704862e-02;8.925602e-02;8.197290e-02;1.334159e-01
6.130894e-02;5.521687e-02;1.034478e-01;3.288846e-02;3.872847e-02;9.669038e-02;2.711091e-01;4.098850e-02;2.919766e-02;7.517747e-02;7.458902e-02;1.206573e-01
1.143081e-01;4.476628e-02;4.519461e-02;2.395757e-02;2.822747e-02;9.325946e-02;3.029948e-01;4.673210e-02;2.108433e-02;7.403463e-02;5.815157e-02;1.472891e-01
1.202361e-01;4.420442e-02;7.030237e-02;4.321956e-02;4.546457e-02;5.182046e-02;2.535902e-01;3.206106e-02;1.898596e-02;6.837822e-02;1.003066e-01;1.514305e-01
9.964716e-02;2.925587e-02;5.131201e-02;4.568613e-02;7.895304e-02;8.454662e-02;2.148363e-01;3.163267e-02;3.320168e-02;8.741616e-02;1.175834e-01;1.259290e-01
1.068794e-01;2.028199e-02;7.540803e-02;2.936297e-02;7.279395e-02;1.540173e-01;1.503957e-01;2.409537e-02;4.046891e-02;9.451827e-02;1.365142e-01;9.526384e-02
1.192450e-01;3.239321e-02;5.872872e-02;3.751557e-02;5.027010e-02;2.170656e-01;9.412005e-02;2.011609e-02;3.819584e-02;1.149559e-01;1.611207e-01;5.627337e-02
1.480665e-01;4.069524e-02;8.705707e-02;3.366812e-02;5.960644e-02;1.685294e-01;9.166612e-02;3.162950e-02;7.332704e-02;8.289224e-02;1.193039e-01;6.355845e-02
1.946323e-01;3.706812e-02;1.060597e-01;1.864661e-02;7.167938e-02;1.040064e-01;6.939594e-02;3.546721e-02;1.028970e-01;5.711771e-02;1.019789e-01;1.010507e-01
2.467327e-01;2.571706e-02;1.275807e-01;7.728310e-03;5.384326e-02;5.960567e-02;6.266531e-02;2.241724e-02;1.005505e-01;3.495003e-02;1.279854e-01;1.302238e-01
2.277300e-01;1.848236e-02;1.124761e-01;5.204302e-03;3.661230e-02;5.346526e-02;9.211282e-02;2.216008e-02;8.830300e-02;3.302794e-02;1.834615e-01;1.269644e-01
1.191569e-01;1.437675e-02;1.034861e-01;1.186361e-02;3.157062e-02;5.836762e-02;1.119928e-01;3.365204e-02;1.035036e-01;5.031759e-02;2.452669e-01;1.164456e-01
6.947950e-02;2.244551e-02;1.073193e-01;2.372032e-02;2.520586e-02;6.238864e-02;1.180575e-01;3.757047e-02;1.195558e-01;6.355559e-02;2.313656e-01;1.193358e-01
1.077961e-01;3.897079e-02;1.430688e-01;3.617934e-02;2.081039e-02;5.884427e-02;1.018897e-01;3.666158e-02;1.008461e-01;7.018116e-02;1.769285e-01;1.078233e-01
8.903515e-02;5.044501e-02;1.688695e-01;4.135493e-02;4.197140e-02;4.950623e-02;7.692420e-02;5.832382e-02;7.353020e-02;7.410074e-02;1.937444e-01;8.219440e-02
7.144528e-02;5.496154e-02;1.612595e-01;3.050566e-02;5.818314e-02;5.495979e-02;5.786000e-02;5.076929e-02;7.930293e-02;1.112370e-01;1.964206e-01;7.309524e-02
6.188457e-02;5.183557e-02;1.353483e-01;1.909135e-02;5.114162e-02;8.410361e-02;7.558314e-02;3.893385e-02;1.020640e-01;1.663164e-01;1.656093e-01;4.808826e-02
7.390442e-02;4.527424e-02;1.229531e-01;2.570355e-02;6.410123e-02;9.845135e-02;8.383108e-02;4.185340e-02;9.320347e-02;1.466348e-01;1.471863e-01;5.690303e-02
3.788824e-02;5.473422e-02;1.186679e-01;2.873091e-02;8.714863e-02;7.956567e-02;9.694859e-02;6.472374e-02;1.056455e-01;1.065103e-01;1.452653e-01;7.417098e-02
5.234865e-02;5.657887e-02;1.399303e-01;2.818210e-02;7.949552e-02;5.484202e-02;1.039440e-01;7.922589e-02;1.464343e-01;9.160878e-02;9.842682e-02;6.898268e-02
8.639227e-02;6.125233e-02;1.332216e-01;4.989403e-02;6.772018e-02;8.084036e-02;6.331714e-02;6.737529e-02;1.298375e-01;1.145690e-01;8.808222e-02;5.749806e-02
1.020905e-01;6.521086e-02;1.066958e-01;6.414104e-02;6.541707e-02;1.138334e-01;4.797803e-02;7.271229e-02;1.057942e-01;9.839953e-02;9.772441e-02;6.000287e-02
8.549815e-02;4.797860e-02;9.651195e-02;7.837288e-02;6.693953e-02;9.777393e-02;6.753240e-02;8.040172e-02;1.193973e-01;9.129072e-02;1.032924e-01;6.501041e-02
7.524609e-02;4.258442e-02;9.064582e-02;7.463563e-02;7.969654e-02;5.780016e-02;1.230643e-01;7.538955e-02;1.377701e-01;7.225016e-02;9.868187e-02;7.223541e-02
5.434401e-02;5.511720e-02;1.084562e-01;5.116936e-02;7.775464e-02;6.288774e-02;1.203326e-01;8.080348e-02;1.383887e-01;8.316895e-02;8.686578e-02;8.071130e-02
4.537284e-02;7.943977e-02;1.194601e-01;4.775470e-02;6.450800e-02;6.169065e-02;1.560536e-01;8.228444e-02;1.156649e-01;8.857012e-02;7.938191e-02;5.981897e-02
4.442763e-02;9.442870e-02;1.347514e-01;6.594218e-02;5.426065e-02;7.523704e-02;1.590526e-01;7.110762e-02;9.524221e-02;6.546678e-02;1.085355e-01;3.154776e-02
