8.640007e-02;5.883501e-02;1.445953e-01;5.345591e-02;5.361891e-02;7.017922e-02;1.387355e-01;5.251342e-02;1.097645e-01;1.110807e-01;6.150086e-02;5.932056e-02
4.050377e-02;4.611317e-02;2.083452e-01;1.103284e-01;7.323098e-02;5.072556e-02;1.444869e-01;5.970687e-02;9.943882e-02;7.809968e-02;5.036144e-02;3.865924e-02
7.163819e-02;4.860267e-02;2.239586e-01;1.077096e-01;7.063328e-02;5.933559e-02;1.289650e-01;5.030240e-02;6.035887e-02;8.472977e-02;6.633981e-02;2.742617e-02
1.175959e-01;4.880019e-02;2.712711e-01;6.730358e-02;6.867256e-02;6.234821e-02;1.517955e-01;4.294042e-02;3.658461e-02;5.465297e-02;4.016519e-02;3.786976e-02
1.185797e-01;7.388055e-02;3.321839e-01;5.731589e-02;5.369014e-02;5.451092e-02;1.146984e-01;3.808997e-02;3.020267e-02;4.807555e-02;2.059942e-02;5.817284e-02
1.120153e-01;1.347030e-01;3.010336e-01;4.935951e-02;3.609732e-02;5.124708e-02;8.072940e-02;3.324598e-02;4.726209e-02;4.695205e-02;2.141549e-02;8.593923e-02
1.901910e-01;2.027180e-01;1.953537e-01;3.340226e-02;2.054304e-02;3.642845e-02;6.494754e-02;2.212438e-02;6.788078e-02;4.395828e-02;2.630528e-02;9.614737e-02
1.937355e-01;2.316298e-01;2.651104e-01;2.302316e-02;1.061000e-02;1.685013e-02;2.091306e-02;1.067152e-02;7.547901e-02;4.730484e-02;2.302159e-02;8.165105e-02
1.644610e-01;2.367247e-01;3.112515e-01;1.851406e-02;1.253329e-02;1.693017e-02;3.113722e-02;9.540730e-03;7.131291e-02;5.861468e-02;1.347096e-02;5.550876e-02
2.104913e-01;1.980516e-01;2.678245e-01;1.566619e-02;1.653076e-02;1.918671e-02;4.314134e-02;7.702516e-03;6.688693e-02;6.293968e-02;4.076766e-02;5.081078e-02
2.412115e-01;1.485429e-01;1.843157e-01;1.448690e-02;2.659251e-02;1.833501e-02;7.579726e-02;3.476306e-02;6.934085e-02;5.037576e-02;6.057811e-02;7.566050e-02
2.569700e-01;1.728390e-01;1.330443e-01;2.506855e-02;2.688880e-02;1.818912e-02;1.047836e-01;4.932994e-02;2.943800e-02;4.134228e-02;4.569468e-02;9.641171e-02
2.443499e-01;1.180263e-01;1.153742e-01;4.921123e-02;2.649901e-02;1.909321e-02;1.467438e-01;2.754868e-02;1.744491e-02;4.444018e-02;6.188095e-02;1.293876e-01
1.385847e-01;2.782272e-02;1.182998e-01;4.106640e-02;2.890800e-02;3.011035e-02;1.992578e-01;3.875677e-02;3.893338e-02;7.148897e-02;9.925115e-02;1.675200e-01
7.246242e-02;6.833117e-02;4.310971e-02;3.452860e-02;2.490920e-02;6.087150e-02;2.199061e-01;2.531186e-02;3.996019e-02;1.040066e-01;1.597549e-01;1.468477e-01
8.798181e-02;7.689589e-02;1.183144e-01;5.858753e-02;6.658223e-02;8.007907e-02;1.393347e-01;2.074913e-02;3.368139e-02;8.265495e-02;1.390303e-01;9.610862e-02
1.349386e-01;9.925545e-02;1.953971e-01;8.921445e-02;9.734768e-02;6.687551e-02;7.202993e-02;2.996756e-02;4.315421e-02;5.125038e-02;5.962998e-02;6.093926e-02
1.775008e-01;1.659548e-01;2.355907e-01;6.790523e-02;7.592511e-02;4.290254e-02;4.586223e-02;3.359960e-02;5.026315e-02;3.976149e-02;2.922434e-02;3.550997e-02
1.972461e-01;2.091464e-01;2.784652e-01;4.510494e-02;4.156324e-02;1.952647e-02;2.481949e-02;3.809090e-02;7.403474e-02;3.618458e-02;1.067362e-02;2.514442e-02
1.637952e-01;1.979612e-01;2.606469e-01;4.583991e-02;4.533023e-02;2.021134e-02;1.358917e-02;6.795964e-02;1.218066e-01;4.355688e-02;8.577979e-03;1.072505e-02
1.676534e-01;1.365058e-01;1.630258e-01;3.174344e-02;7.223114e-02;2.035991e-02;1.100391e-02;1.109181e-01;2.125794e-01;4.512053e-02;1.288821e-02;1.597040e-02
1.864123e-01;5.976741e-02;7.064397e-02;1.187484e-02;1.050767e-01;1.444709e-02;1.292164e-02;1.369641e-01;2.982163e-01;6.864297e-02;2.447013e-02;1.056255e-02
2.366108e-01;3.757911e-02;7.014015e-02;8.710285e-03;1.268937e-01;1.099316e-02;1.709687e-02;1.502367e-01;2.283788e-01;7.030141e-02;2.972076e-02;1.333818e-02
3.274934e-01;9.368689e-02;9.621320e-02;1.252061e-02;1.373054e-01;7.917106e-03;1.593484e-02;1.447635e-01;8.799894e-02;3.514567e-02;2.045747e-02;2.056286e-02
3.452571e-01;1.053219e-01;1.177438e-01;2.157004e-02;1.863585e-01;1.550326e-02;1.086164e-02;1.235991e-01;3.255830e-02;1.153003e-02;1.559715e-02;1.409925e-02
3.033651e-01;6.352172e-02;1.349679e-01;1.958284e-02;2.809045e-01;1.133551e-02;9.026546e-03;1.185533e-01;2.593239e-02;5.332084e-03;1.695487e-02;1.052315e-02
2.599912e-01;3.660953e-02;1.224724e-01;1.581639e-02;3.596082e-01;1.769549e-02;8.525217e-03;1.149700e-01;2.298454e-02;9.715415e-03;2.501595e-02;6.595660e-03
2.166333e-01;6.915530e-02;9.390992e-02;1.657350e-02;3.707918e-01;4.291444e-02;1.384253e-02;9.433275e-02;2.624915e-02;1.181668e-02;3.204455e-02;1.173608e-02
1.416178e-01;1.554517e-01;5.326390e-02;3.804575e-02;2.555397e-01;1.301903e-01;1.646650e-02;5.297457e-02;1.059937e-01;1.368182e-02;2.040985e-02;1.636442e-02
6.854276e-02;1.905963e-01;9.440965e-02;4.841121e-02;1.302766e-01;2.108758e-01;2.475637e-02;2.210724e-02;1.359105e-01;3.490593e-02;1.211211e-02;2.709548e-02
4.200383e-02;1.344971e-01;2.366886e-01;3.160946e-02;7.798068e-02;1.710686e-01;5.926168e-02;2.208784e-02;9.482639e-02;8.666795e-02;1.315222e-02;3.015566e-02
5.364992e-02;5.056985e-02;3.680532e-01;6.338679e-02;6.571077e-02;6.877679e-02;8.362837e-02;2.658858e-02;3.752758e-02;1.125912e-01;4.768163e-02;2.183534e-02
4.348674e-02;3.465293e-02;2.977827e-01;1.897407e-01;4.808078e-02;3.224199e-02;6.120558e-02;3.495422e-02;2.666738e-02;7.921920e-02;1.231139e-01;2.885389e-02
2.681072e-02;3.385190e-02;1.699729e-01;2.495297e-01;5.175284e-02;5.616441e-02;3.414863e-02;4.376798e-02;2.965977e-02;5.746119e-02;1.755222e-01;7.135773e-02
2.791235e-02;1.971612e-02;7.525405e-02;1.711051e-01;1.170118e-01;7.886206e-02;4.041434e-02;3.905618e-02;4.981294e-02;4.472158e-02;1.673863e-01;1.687472e-01
2.406310e-02;1.758807e-02;9.055289e-02;1.123886e-01;1.604215e-01;7.752290e-02;5.075169e-02;3.013552e-02;6.711875e-02;2.948430e-02;1.124784e-01;2.274943e-01
2.965242e-02;2.211178e-02;1.552597e-01;1.632904e-01;1.088027e-01;6.687228e-02;6.011169e-02;3.538125e-02;5.482620e-02;2.650271e-02;1.019575e-01;1.752313e-01
4.066490e-02;4.154604e-02;2.375329e-01;1.752679e-01;1.043889e-01;6.754536e-02;6.940585e-02;4.566209e-02;3.786074e-02;2.174766e-02;8.732479e-02;7.105281e-02
5.865953e-02;6.565441e-02;2.997867e-01;1.268614e-01;8.740021e-02;6.199017e-02;5.051759e-02;6.199805e-02;3.660222e-02;1.643166e-02;8.906513e-02;4.503293e-02
7.484511e-02;6.103678e-02;2.496334e-01;9.106521e-02;1.159494e-01;6.184767e-02;4.699903e-02;5.491516e-02;4.333700e-02;2.548608e-02;1.053564e-01;6.952871e-02
8.613551e-02;5.102925e-02;2.501534e-01;1.135511e-01;1.165273e-01;5.214625e-02;7.163490e-02;2.912620e-02;4.697252e-02;4.118129e-02;8.034591e-02;6.119638e-02
8.291949e-02;4.817202e-02;2.810221e-01;1.238966e-01;7.268914e-02;2.962329e-02;9.029126e-02;2.032779e-02;1.989720e-02;4.487147e-02;8.848623e-02;9.780347e-02
6.786577e-02;5.485774e-02;2.408954e-01;7.418432e-02;1.072638e-01;5.352160e-02;7.442478e-02;3.398638e-02;3.896266e-02;4.665080e-02;1.158396e-01;9.154712e-02
8.376151e-02;6.852794e-02;1.997020e-01;1.025890e-01;1.021324e-01;6.837793e-02;4.820299e-02;5.488992e-02;4.133571e-02;6.055882e-02;1.254990e-01;4.442277e-02
7.293712e-02;8.442540e-02;1.606853e-01;1.279953e-01;1.224844e-01;5.557405e-02;4.892412e-02;6.349695e-02;3.753317e-02;6.117910e-02;9.640697e-02;6.835806e-02
5.301870e-02;9.287877e-02;1.227907e-01;1.861453e-01;1.473857e-01;5.415921e-02;4.871019e-02;4.219767e-02;5.201571e-02;7.143643e-02;5.211767e-02;7.714398e-02
6.223790e-02;9.014598e-02;1.194199e-01;2.009822e-01;1.405637e-01;3.206765e-02;5.249673e-02;5.028350e-02;4.856934e-02;6.703790e-02;5.643009e-02;7.976516e-02
8.424972e-02;8.928626e-02;8.423008e-02;1.801910e-01;1.407149e-01;5.003186e-02;4.409821e-02;6.893536e-02;4.930032e-02;6.618297e-02;5.294865e-02;8.983072e-02
9.993663e-02;8.749261e-02;9.776039e-02;1.137488e-01;1.644012e-01;8.133924e-02;5.957470e-02;5.471213e-02;4.277559e-02;4.811310e-02;3.869065e-02;1.114550e-01
7.298192e-02;8.151293e-02;8.420738e-02;1.462278e-01;1.793229e-01;9.106839e-02;5.515988e-02;3.654088e-02;5.017603e-02;4.058309e-02;3.507332e-02;1.271455e-01
4.891919e-02;5.371781e-02;1.259685e-01;1.481550e-01;1.503711e-01;9.739744e-02;4.743516e-02;6.647244e-02;5.953387e-02;4.369542e-02;3.377331e-02;1.245608e-01
4.738677e-02;2.511975e-02;1.716182e-01;8.594572e-02;9.788151e-02;1.489099e-01;6.018110e-02;9.722228e-02;6.400992e-02;4.864611e-02;2.836078e-02;1.247180e-01
5.261797e-02;4.630310e-02;1.332203e-01;9.242170e-02;8.835336e-02;1.941595e-01;7.821221e-02;7.400820e-02;7.630555e-02;4.102135e-02;2.478838e-02;9.858837e-02
9.226862e-02;4.094440e-02;8.850519e-02;7.828479e-02;7.657324e-02;1.324294e-01;1.873501e-01;5.642563e-02;7.152408e-02;5.486267e-02;3.570621e-02;8.512568e-02
1.137797e-01;4.344017e-02;1.193884e-01;6.282374e-02;1.058338e-01;7.611209e-02;1.928160e-01;2.936666e-02;4.694748e-02;5.656397e-02;5.553851e-02;9.738941e-02
9.215749e-02;6.222088e-02;1.116401e-01;4.998850e-02;1.221598e-01;8.623131e-02;1.531661e-01;3.457042e-02;5.922762e-02;4.137335e-02;4.605009e-02;1.412143e-01
5.988546e-02;7.872706e-02;8.658588e-02;7.660424e-02;1.075774e-01;7.592705e-02;9.849576e-02;5.324739e-02;5.471181e-02;2.680686e-02;1.116231e-01;1.698079e-01
5.610432e-02;7.858191e-02;8.811653e-02;1.266924e-01;6.301149e-02;5.053915e-02;5.358662e-02;5.581629e-02;2.731597e-02;2.824274e-02;2.023560e-01;1.696365e-01
9.042355e-02;5.119764e-02;1.569142e-01;1.280158e-01;3.022445e-02;3.162025e-02;6.812063e-02;3.857423e-02;8.112296e-03;8.486748e-02;1.917793e-01;1.201500e-01
1.089732e-01;3.099567e-02;2.927163e-01;7.198492e-02;2.636957e-02;1.861939e-02;1.174636e-01;1.869713e-02;1.262140e-02;1.581217e-01;8.589070e-02;5.754647e-02
7.482501e-02;1.613547e-02;4.111864e-01;3.056710e-02;2.254917e-02;1.065825e-02;1.568924e-01;5.775544e-03;1.434383e-02;2.145936e-01;3.063236e-02;1.184088e-02
3.606620e-02;1.601462e-02;4.362107e-01;4.097163e-02;1.717630e-02;8.358910e-03;1.625248e-01;6.851774e-03;9.306342e-03;2.340320e-01;1.645473e-02;1.603201e-02
3.681423e-02;1.674132e-02;4.225107e-01;4.874078e-02;1.568830e-02;9.873013e-03;1.608677e-01;7.466130e-03;1.178275e-02;2.401161e-01;1.277257e-02;1.662629e-02
4.521651e-02;1.825248e-02;3.855191e-01;6.775017e-02;1.369703e-02;1.250372e-02;1.574940e-01;1.508263e-02;1.295103e-02;2.216391e-01;3.698982e-02;1.290435e-02
5.744101e-02;2.019005e-02;3.413396e-01;8.261764e-02;2.396082e-02;2.630472e-02;1.718579e-01;2.620235e-02;1.419703e-02;1.924195e-01;3.146374e-02;1.200561e-02
9.047834e-02;2.294377e-02;2.313958e-01;1.034323e-01;3.524612e-02;3.059737e-02;1.701371e-01;5.302747e-02;2.710513e-02;1.368150e-01;7.331330e-02;2.550817e-02
9.028362e-02;2.897302e-02;2.339469e-01;1.148870e-01;5.456200e-02;3.375125e-02;1.370313e-01;6.591301e-02;3.525394e-02;9.464293e-02;7.938138e-02;3.137372e-02
6.747013e-02;4.984064e-02;3.074371e-01;5.735237e-02;3.922643e-02;6.147936e-02;1.264625e-01;4.355276e-02;4.959514e-02;1.093837e-01;4.844797e-02;3.975189e-02
9.816068e-02;6.142145e-02;2.776220e-01;3.877688e-02;5.854157e-02;7.577297e-02;1.353222e-01;4.240979e-02;3.262687e-02;9.589846e-02;4.032938e-02;4.311771e-02
1.001841e-01;4.406379e-02;3.379214e-01;5.895866e-02;5.737330e-02;7.127468e-02;1.319198e-01;2.877146e-02;3.390948e-02;6.589369e-02;3.864276e-02;3.108689e-02
8.015289e-02;3.953167e-02;3.918456e-01;1.282726e-01;4.811183e-02;3.429341e-02;8.209568e-02;3.347879e-02;3.486678e-02;6.305453e-02;3.706626e-02;2.722998e-02
3.828408e-02;3.027141e-02;3.418716e-01;1.862665e-01;8.039045e-02;4.354006e-02;6.674819e-02;3.245872e-02;2.169210e-02;7.027367e-02;4.299091e-02;4.521229e-02
5.977336e-02;1.912050e-02;2.277287e-01;1.466872e-01;1.175146e-01;7.501531e-02;8.728036e-02;3.095431e-02;1.655819e-02;5.512933e-02;5.139630e-02;1.128417e-01
1.508622e-01;2.675436e-02;1.238554e-01;6.558968e-02;1.088241e-01;1.356853e-01;1.361934e-01;1.767102e-02;1.296275e-02;4.126592e-02;2.892748e-02;1.514084e-01
1.712407e-01;3.741318e-02;4.614524e-02;3.217077e-02;1.793378e-01;1.462988e-01;1.222788e-01;1.385350e-02;2.012186e-02;2.447386e-02;2.340524e-02;1.832602e-01
8.273368e-02;3.428432e-02;5.192267e-02;7.806375e-02;2.091458e-01;9.382114e-02;6.812494e-02;2.544821e-02;2.125148e-02;1.139452e-02;1.004710e-01;2.233385e-01
2.056094e-02;3.024058e-02;8.338023e-02;1.846597e-01;1.385144e-01;5.783532e-02;3.258102e-02;4.743739e-02;1.714610e-02;2.309893e-02;2.038542e-01;1.606913e-01
2.586295e-02;2.581192e-02;1.368209e-01;2.495525e-01;5.083179e-02;3.666634e-02;3.237796e-02;4.864018e-02;2.224647e-02;6.104016e-02;2.517280e-01;5.842096e-02
2.267348e-02;1.630603e-02;1.833147e-01;2.668672e-01;2.785683e-02;2.412287e-02;3.616377e-02;4.098501e-02;1.578335e-02;8.425897e-02;2.766143e-01;5.053516e-03
1.226162e-02;7.291700e-03;1.540103e-01;2.531534e-01;2.688260e-02;1.933706e-02;1.824591e-02;8.507516e-02;1.123309e-02;6.002081e-02;3.320611e-01;2.042728e-02
7.043215e-03;6.185708e-03;1.345608e-01;2.350919e-01;3.592372e-02;1.704698e-02;1.381854e-02;1.370759e-01;9.768757e-03;3.634945e-02;3.613584e-01;5.776558e-03
1.112816e-02;6.913051e-03;1.208901e-01;2.196133e-01;3.874984e-02;2.093301e-02;1.297281e-02;1.688639e-01;1.058703e-02;3.213052e-02;3.463053e-01;1.091309e-02
1.104589e-02;1.014415e-02;1.159719e-01;2.310743e-01;3.941067e-02;1.858979e-02;1.103964e-02;1.838607e-01;1.253248e-02;1.613362e-02;3.274180e-01;2.277894e-02
6.978064e-03;1.161884e-02;1.295645e-01;2.695672e-01;4.968793e-02;1.427538e-02;9.989929e-03;1.706996e-01;8.191130e-03;1.678198e-02;2.953956e-01;1.724987e-02
9.455153e-03;7.976575e-03;1.412776e-01;3.186295e-01;4.902828e-02;1.456316e-02;1.448046e-02;1.492433e-01;1.240500e-02;1.054705e-02;2.627270e-01;9.666854e-03
1.029125e-02;8.756399e-03;1.879314e-01;3.302490e-01;5.796325e-02;1.832372e-02;1.658434e-02;1.186971e-01;1.070199e-02;7.062362e-03;2.183629e-01;1.507622e-02
6.856451e-03;1.046133e-02;2.323056e-01;3.467896e-01;7.140680e-02;1.790783e-02;1.401068e-02;8.348751e-02;3.718538e-03;5.956433e-03;1.939916e-01;1.310766e-02
4.061172e-03;9.277284e-03;2.531709e-01;3.614818e-01;8.634622e-02;2.057169e-02;1.467167e-02;4.353190e-02;7.003258e-03;9.543669e-03;1.813360e-01;9.004414e-03
2.781180e-03;1.325452e-02;2.362768e-01;3.579634e-01;1.080439e-01;2.016208e-02;1.951503e-02;5.035386e-02;5.892387e-03;5.507963e-03;1.614909e-01;1.875806e-02
8.924123e-03;1.530494e-02;2.092544e-01;3.731118e-01;1.089199e-01;1.928888e-02;1.099504e-02;8.376107e-02;6.051678e-03;6.612861e-03;1.393334e-01;1.844190e-02
9.599223e-03;1.568533e-02;2.286082e-01;3.754377e-01;1.062782e-01;1.658731e-02;1.454946e-02;9.957544e-02;4.494040e-03;4.182774e-03;1.205593e-01;4.443015e-03
7.177072e-03;1.480556e-02;2.424802e-01;3.611342e-01;1.040260e-01;1.700349e-02;1.172089e-02;1.053253e-01;6.363714e-03;5.195137e-03;1.134683e-01;1.130014e-02
5.507554e-03;1.298010e-02;2.393661e-01;3.670943e-01;9.272300e-02;1.831573e-02;1.085531e-02;1.142612e-01;5.851907e-03;4.522714e-03;1.212381e-01;7.284018e-03
7.586241e-03;1.118491e-02;2.437614e-01;3.587303e-01;9.462451e-02;1.713914e-02;1.345075e-02;1.180377e-01;4.681878e-03;3.004228e-03;1.228632e-01;4.935738e-03
4.365876e-03;8.562001e-03;2.454411e-01;3.496727e-01;9.525501e-02;1.912539e-02;7.929629e-03;1.273276e-01;6.097158e-03;7.445706e-03;1.236360e-01;5.141764e-03
8.879698e-03;1.263528e-02;2.301591e-01;3.250147e-01;1.006747e-01;2.354807e-02;8.756400e-03;1.409107e-01;1.672320e-02;6.546962e-03;1.200606e-01;6.090569e-03
1.335639e-02;1.961049e-02;1.892661e-01;2.538028e-01;1.220895e-01;3.444018e-02;2.356247e-02;1.305246e-01;5.409344e-02;1.892978e-02;1.188969e-01;2.142738e-02
1.351556e-02;2.716340e-02;1.347697e-01;2.011269e-01;1.332683e-01;4.689223e-02;2.789313e-02;1.167188e-01;7.312348e-02;2.829937e-02;1.465057e-01;5.072340e-02
8.894277e-03;3.534567e-02;1.312078e-01;1.993080e-01;1.084106e-01;4.160417e-02;3.026246e-02;1.222568e-01;4.446517e-02;2.542505e-02;1.908664e-01;6.195353e-02
1.070937e-02;4.344212e-02;1.100860e-01;1.897244e-01;1.279556e-01;3.621525e-02;1.555649e-02;1.026877e-01;1.963297e-02;2.820657e-02;1.966596e-01;1.191240e-01
6.681015e-03;2.938601e-02;7.946655e-02;1.340280e-01;2.056164e-01;3.459642e-02;1.928338e-02;4.677230e-02;2.823599e-02;2.985403e-02;1.358604e-01;2.502195e-01
1.039088e-02;1.383380e-02;5.690717e-02;7.211135e-02;2.580544e-01;2.350087e-02;1.997411e-02;2.859920e-02;4.690670e-02;1.913370e-02;8.605528e-02;3.645326e-01
1.382579e-02;1.050619e-02;3.698664e-02;3.605299e-02;2.678472e-01;2.935460e-02;2.686188e-02;2.714218e-02;1.039274e-01;9.432822e-03;4.674224e-02;3.913200e-01
2.463154e-02;8.224535e-03;3.451791e-02;1.523939e-02;2.561438e-01;4.434113e-02;2.603552e-02;1.780207e-02;1.449908e-01;5.951417e-03;2.890333e-02;3.932185e-01
7.445206e-02;6.282833e-03;4.972312e-02;1.562946e-02;2.085808e-01;9.530769e-02;3.424123e-02;8.371613e-03;1.342330e-01;1.202548e-02;2.077214e-02;3.403805e-01
1.779463e-01;7.040206e-03;4.782355e-02;1.719315e-02;1.425314e-01;1.952633e-01;6.214246e-02;1.353349e-02;8.301473e-02;3.485228e-02;1.781254e-02;2.008466e-01
2.630783e-01;6.427819e-03;2.760868e-02;2.261868e-02;1.065509e-01;2.803462e-01;8.495734e-02;2.539872e-02;3.578162e-02;6.953929e-02;1.244143e-02;6.525096e-02
2.705680e-01;9.021578e-03;1.748238e-02;2.612382e-02;7.973924e-02;3.011806e-01;1.090421e-01;3.168986e-02;1.499342e-02;1.069067e-01;1.098409e-02;2.226828e-02
2.406092e-01;1.068867e-02;7.305464e-03;3.492259e-02;6.306973e-02;2.912679e-01;1.307373e-01;2.453047e-02;1.048938e-02;1.314198e-01;7.345706e-03;4.761386e-02
1.868042e-01;1.373733e-02;1.343923e-02;4.365273e-02;5.480983e-02;3.078055e-01;1.680814e-01;1.535297e-02;1.831205e-02;1.284317e-01;7.768841e-03;4.180419e-02
1.364174e-01;2.929502e-02;2.385851e-02;4.603501e-02;7.811463e-02;3.027731e-01;2.188923e-01;1.832607e-02;1.512475e-02;9.943540e-02;7.024130e-03;2.470368e-02
1.092461e-01;4.233017e-02;3.623953e-02;4.613038e-02;1.258315e-01;2.632811e-01;2.253955e-01;2.622063e-02;1.729771e-02;7.520958e-02;1.035671e-02;2.246109e-02
1.356300e-01;3.259312e-02;5.304330e-02;3.855507e-02;1.738269e-01;2.710058e-01;1.046298e-01;1.903795e-02;4.222490e-02;8.557337e-02;1.110289e-02;3.277694e-02
9.666339e-02;2.015971e-02;5.227736e-02;3.381930e-02;1.639174e-01;2.379702e-01;2.140701e-01;2.467515e-02;5.642598e-02;6.409346e-02;1.027696e-02;2.565095e-02
6.780164e-02;1.435985e-02;1.692821e-02;2.992213e-02;1.266306e-01;2.230678e-01;3.994696e-01;2.519080e-02;3.303955e-02;4.325555e-02;5.232331e-03;1.510204e-02
3.427423e-02;2.521027e-02;2.513086e-02;2.970664e-02;8.908104e-02;1.704396e-01;5.043833e-01;3.050725e-02;1.252555e-02;5.235685e-02;8.367763e-03;1.801655e-02
4.111366e-02;7.739937e-02;1.504344e-02;2.290901e-02;5.109351e-02;1.076470e-01;5.622328e-01;3.526942e-02;1.419314e-02;4.583417e-02;1.161800e-02;1.564653e-02
2.386954e-02;1.342855e-01;1.172849e-02;1.191271e-02;1.951388e-02;9.401258e-02;5.981708e-01;3.047489e-02;1.756382e-02;3.485164e-02;1.170979e-02;1.190645e-02
2.683249e-02;1.682653e-01;1.462479e-02;6.551159e-03;1.585411e-02;7.775603e-02;5.948530e-01;2.342189e-02;1.518061e-02;3.124588e-02;1.721304e-02;8.201742e-03
2.965525e-02;1.760592e-01;9.618600e-03;6.093332e-03;1.992877e-02;7.424620e-02;5.894330e-01;2.629087e-02;1.254052e-02;2.627455e-02;2.035278e-02;9.506952e-03
2.454043e-02;1.666109e-01;9.667857e-03;7.889440e-03;2.638549e-02;8.885480e-02;5.967704e-01;1.454762e-02;1.268778e-02;2.393305e-02;1.841692e-02;9.695232e-03
4.249594e-02;1.355109e-01;1.222482e-02;1.580372e-02;2.904732e-02;1.119375e-01;5.466931e-01;2.110256e-02;2.088629e-02;1.683131e-02;3.607401e-02;1.139257e-02
6.428714e-02;9.285772e-02;1.127715e-02;3.770273e-02;3.610734e-02;1.521999e-01;4.876552e-01;1.429217e-02;1.999697e-02;2.136000e-02;3.992255e-02;2.234111e-02
9.020875e-02;6.497596e-02;1.532070e-02;6.139650e-02;4.325628e-02;1.852326e-01;4.210795e-01;9.280840e-03;1.402283e-02;3.719617e-02;3.293617e-02;2.509368e-02
9.348693e-02;5.208715e-02;1.771562e-02;6.875972e-02;4.539541e-02;1.732876e-01;4.183677e-01;1.048113e-02;1.537196e-02;5.488721e-02;2.660738e-02;2.355215e-02
1.036813e-01;5.228361e-02;1.207713e-02;7.587013e-02;3.920090e-02;1.432846e-01;4.447108e-01;1.532356e-02;1.362265e-02;6.072170e-02;1.951848e-02;1.970511e-02
1.635024e-01;5.055940e-02;1.230967e-02;8.246611e-02;3.784052e-02;1.704727e-01;3.702507e-01;2.232847e-02;9.349165e-03;6.192117e-02;1.018893e-02;8.810747e-03
2.411515e-01;3.204636e-02;8.985626e-03;8.554096e-02;3.613419e-02;2.258684e-01;2.713017e-01;1.762686e-02;5.859397e-03;6.773934e-02;4.407189e-03;3.338484e-03
2.948289e-01;2.124444e-02;1.034327e-02;8.234018e-02;3.574311e-02;2.575002e-01;1.734406e-01;2.486675e-02;5.172190e-03;8.414013e-02;2.799471e-03;7.580782e-03
3.144324e-01;1.214245e-02;1.068456e-02;8.806589e-02;3.575431e-02;2.692168e-01;1.348795e-01;2.842748e-02;5.442508e-03;9.050278e-02;6.588844e-03;3.862587e-03
3.088451e-01;1.379786e-02;6.784167e-03;8.680288e-02;3.583094e-02;2.711145e-01;1.441238e-01;2.892718e-02;5.572771e-03;8.773120e-02;5.407358e-03;5.062179e-03
3.173756e-01;2.152171e-02;6.068758e-03;7.362412e-02;3.372166e-02;2.664775e-01;1.401509e-01;2.766212e-02;5.284549e-03;9.674568e-02;3.682755e-03;7.684617e-03
3.492574e-01;1.909570e-02;8.068502e-03;5.591880e-02;3.382788e-02;2.511774e-01;1.313298e-01;2.922583e-02;4.114595e-03;1.004362e-01;3.475236e-03;1.407279e-02
3.565939e-01;1.348064e-02;1.094879e-02;3.832226e-02;4.391047e-02;2.363843e-01;1.245938e-01;3.667314e-02;4.900654e-03;9.683982e-02;7.215650e-03;3.013664e-02
3.225929e-01;1.118528e-02;3.834290e-02;3.121064e-02;6.735674e-02;2.230652e-01;1.111308e-01;3.335617e-02;1.173329e-02;9.528779e-02;6.342537e-03;4.839578e-02
2.410956e-01;1.606706e-02;9.000964e-02;3.630899e-02;9.011500e-02;2.268843e-01;9.689631e-02;2.147963e-02;1.500343e-02;9.870286e-02;7.756101e-03;5.968104e-02
1.538689e-01;1.955782e-02;1.280937e-01;4.690518e-02;7.739572e-02;2.618507e-01;1.132127e-01;1.503191e-02;2.069609e-02;1.079801e-01;8.004643e-03;4.740256e-02
1.306541e-01;1.881800e-02;1.255490e-01;6.046691e-02;4.635803e-02;2.964698e-01;1.106438e-01;2.479649e-02;3.269212e-02;1.102664e-01;1.353294e-02;2.975252e-02
2.197187e-01;1.372848e-02;1.029750e-01;6.556876e-02;3.722819e-02;2.930882e-01;1.055994e-01;2.260668e-02;2.396314e-02;8.162516e-02;1.408155e-02;1.981677e-02
2.578725e-01;1.238749e-02;8.236893e-02;5.533550e-02;3.573059e-02;2.832485e-01;8.693405e-02;2.263271e-02;2.195198e-02;1.000127e-01;1.483999e-02;2.668495e-02
2.459302e-01;1.538547e-02;7.585394e-02;5.208908e-02;4.955940e-02;2.576593e-01;7.442165e-02;1.297075e-02;2.620794e-02;1.522508e-01;8.327905e-03;2.934353e-02
2.414118e-01;1.758006e-02;8.103915e-02;5.581945e-02;5.119593e-02;2.224018e-01;8.127242e-02;1.807596e-02;2.505606e-02;1.707083e-01;1.372822e-02;2.171081e-02
2.292549e-01;2.558578e-02;7.465050e-02;7.451547e-02;5.522679e-02;1.858402e-01;1.008850e-01;2.264305e-02;1.998695e-02;1.691021e-01;2.278310e-02;1.952629e-02
1.235346e-01;5.501044e-02;9.210471e-02;9.643494e-02;7.031832e-02;1.185561e-01;1.195395e-01;3.952912e-02;4.353447e-02;1.731846e-01;3.672075e-02;3.153241e-02
8.541937e-02;7.616592e-02;1.203615e-01;1.173415e-01;7.174709e-02;1.048092e-01;9.810225e-02;6.215100e-02;3.811742e-02;1.673511e-01;2.468530e-02;3.374835e-02
7.936689e-02;6.131721e-02;1.288163e-01;1.090659e-01;8.272868e-02;1.009800e-01;1.753385e-01;6.116929e-02;4.528086e-02;1.040590e-01;1.504234e-02;3.683502e-02
7.250407e-02;3.126699e-02;1.473386e-01;1.020687e-01;1.335245e-01;1.050469e-01;2.009206e-01;4.437912e-02;3.076383e-02;4.199308e-02;4.610514e-02;4.408857e-02
4.986279e-02;4.006682e-02;1.889545e-01;1.247890e-01;1.398378e-01;1.121261e-01;1.437412e-01;5.410978e-02;2.839859e-02;3.917310e-02;4.454724e-02;3.439316e-02
4.442480e-02;5.108150e-02;2.636633e-01;1.153338e-01;1.056258e-01;1.104571e-01;9.549095e-02;5.813686e-02;3.356295e-02;6.459176e-02;3.297583e-02;2.465539e-02
4.320789e-02;4.669716e-02;3.615125e-01;8.854716e-02;5.867170e-02;8.430551e-02;1.084228e-01;4.190895e-02;2.518679e-02;1.056027e-01;2.162710e-02;1.430979e-02
3.284493e-02;3.092312e-02;4.300580e-01;4.747630e-02;7.809258e-02;3.661445e-02;1.417664e-01;1.914182e-02;1.620897e-02;1.428053e-01;1.593006e-02;8.138088e-03
1.885692e-02;2.269146e-02;4.604395e-01;2.368791e-02;9.954106e-02;2.311279e-02;1.534300e-01;8.791646e-03;1.023573e-02;1.661069e-01;6.046413e-03;7.059750e-03
1.530295e-02;3.593856e-02;4.686438e-01;2.032652e-02;9.300058e-02;1.975079e-02;1.352880e-01;1.076043e-02;1.555295e-02;1.789920e-01;2.053932e-03;4.389566e-03
9.959138e-03;3.914942e-02;4.735995e-01;2.196274e-02;9.138974e-02;9.591686e-03;1.461435e-01;8.922464e-03;8.258125e-03;1.869791e-01;2.534527e-03;1.510019e-03
1.081001e-02;4.192016e-02;4.863032e-01;2.022007e-02;8.856581e-02;8.922845e-03;1.311092e-01;7.678027e-03;1.209176e-02;1.873451e-01;3.431118e-03;1.602609e-03
7.740372e-03;4.118465e-02;5.158862e-01;2.171860e-02;8.927177e-02;1.082031e-02;1.020158e-01;6.339430e-03;9.771689e-03;1.912285e-01;2.471891e-03;1.550797e-03
1.482956e-02;3.671481e-02;5.082108e-01;2.110958e-02;9.448369e-02;1.023739e-02;8.958098e-02;9.682373e-03;1.071654e-02;1.986020e-01;3.265305e-03;2.566927e-03
1.054680e-02;2.763054e-02;4.939005e-01;2.847601e-02;9.769215e-02;1.031856e-02;9.271811e-02;1.902885e-02;4.575149e-03;2.056725e-01;5.646099e-03;3.794712e-03
8.834583e-03;3.576071e-02;4.995547e-01;2.298586e-02;9.861364e-02;7.590185e-03;6.565199e-02;1.821628e-02;1.803669e-02;2.187393e-01;3.188794e-03;2.827252e-03
1.148725e-02;3.539790e-02;4.813777e-01;2.239042e-02;9.888729e-02;1.283790e-02;5.516763e-02;1.215386e-02;1.350812e-02;2.466822e-01;7.019260e-03;3.090485e-03
7.054682e-03;3.371474e-02;4.584161e-01;2.210884e-02;9.623740e-02;1.402689e-02;5.155451e-02;1.454061e-02;2.127740e-02;2.722825e-01;5.374348e-03;3.412016e-03
6.199791e-03;3.285835e-02;4.418487e-01;2.061487e-02;1.037075e-01;1.023087e-02;3.721739e-02;1.240078e-02;3.140020e-02;2.913103e-01;9.274377e-03;2.936817e-03
9.606055e-03;3.543211e-02;4.135126e-01;2.003727e-02;1.066946e-01;1.564551e-02;3.311977e-02;1.291781e-02;4.912571e-02;2.958713e-01;3.425887e-03;4.611334e-03
7.614240e-03;3.773314e-02;3.818093e-01;1.599703e-02;1.133940e-01;1.589064e-02;1.878167e-02;1.698153e-02;7.841359e-02;2.975542e-01;1.079159e-02;5.039014e-03
3.232259e-02;7.994460e-02;3.217804e-01;2.780484e-02;8.400258e-02;1.529563e-02;1.741560e-02;4.014343e-02;1.238155e-01;2.412273e-01;3.115895e-03;1.313163e-02
8.154757e-02;1.228010e-01;2.230358e-01;6.970374e-02;5.183018e-02;2.407094e-02;2.859730e-02;5.037590e-02;1.446240e-01;1.659945e-01;1.101859e-02;2.640052e-02
1.285027e-01;1.320020e-01;1.542926e-01;1.044808e-01;4.516647e-02;3.916979e-02;4.833646e-02;5.682183e-02;1.055184e-01;1.305163e-01;1.908292e-02;3.610975e-02
8.287167e-02;1.151694e-01;3.150087e-01;1.016477e-01;3.880442e-02;3.941976e-02;5.193146e-02;3.439718e-02;8.924332e-02;9.180025e-02;1.696086e-02;2.274542e-02
3.828078e-02;1.049109e-01;3.556892e-01;1.055369e-01;6.058496e-02;3.753993e-02;4.309969e-02;2.927619e-02;1.201120e-01;5.578142e-02;2.407896e-02;2.510905e-02
3.018803e-02;1.065360e-01;3.536249e-01;7.173273e-02;8.030649e-02;3.596229e-02;3.381940e-02;3.955626e-02;1.170159e-01;8.115718e-02;2.028711e-02;2.981364e-02
2.457192e-02;1.337317e-01;3.128232e-01;3.997242e-02;6.253164e-02;3.885968e-02;2.893547e-02;5.466270e-02;1.479927e-01;1.084676e-01;1.336728e-02;3.408366e-02
2.358320e-02;1.518363e-01;2.526295e-01;8.478014e-02;2.903631e-02;5.177076e-02;1.898038e-02;4.932161e-02;1.903840e-01;9.786024e-02;1.058469e-02;3.923289e-02
2.657950e-02;1.689831e-01;2.539353e-01;8.712805e-02;2.182438e-02;4.832115e-02;1.220939e-02;4.238201e-02;1.992392e-01;8.093254e-02;9.966325e-03;4.849904e-02
4.380849e-02;2.366861e-01;2.564273e-01;3.830935e-02;1.312964e-02;5.221592e-02;1.316965e-02;3.001201e-02;1.874452e-01;6.027587e-02;9.382037e-03;5.913844e-02
6.291395e-02;2.813166e-01;2.437498e-01;3.045259e-02;9.829604e-03;5.871287e-02;1.141767e-02;1.513722e-02;1.703697e-01;4.532778e-02;7.825666e-03;6.294657e-02
1.023046e-01;2.616539e-01;2.270473e-01;2.940360e-02;1.919609e-02;4.926361e-02;2.159407e-02;2.372763e-02;1.537440e-01;4.246281e-02;1.577938e-02;5.382295e-02
1.495340e-01;1.500819e-01;2.219252e-01;3.019753e-02;4.146462e-02;4.815818e-02;4.074136e-02;5.612259e-02;1.347780e-01;5.073829e-02;3.921825e-02;3.704009e-02
1.773257e-01;1.153947e-01;2.326367e-01;3.825149e-02;4.485631e-02;4.362013e-02;4.925259e-02;6.419529e-02;8.612926e-02;4.306212e-02;4.057907e-02;6.469668e-02
2.004903e-01;1.314714e-01;2.216405e-01;3.660126e-02;2.872709e-02;5.007264e-02;5.137195e-02;5.091469e-02;7.262025e-02;3.798325e-02;3.335199e-02;8.475460e-02
1.528609e-01;7.717445e-02;2.825865e-01;4.957237e-02;2.728232e-02;6.619366e-02;5.386802e-02;3.947623e-02;1.159509e-01;3.117828e-02;2.644549e-02;7.741091e-02
1.171132e-01;1.044979e-01;2.874516e-01;5.813935e-02;3.366144e-02;7.462364e-02;5.214311e-02;3.211921e-02;1.302806e-01;3.739198e-02;2.103438e-02;5.154367e-02
7.435981e-02;1.438742e-01;2.639464e-01;5.669546e-02;3.435619e-02;7.574098e-02;4.371998e-02;3.207197e-02;1.383296e-01;8.229496e-02;2.871488e-02;2.589558e-02
6.280293e-02;1.315768e-01;2.069830e-01;3.947229e-02;3.292183e-02;1.166404e-01;4.497261e-02;3.208178e-02;1.529761e-01;1.207513e-01;3.625655e-02;2.256448e-02
8.222509e-02;1.233006e-01;2.081232e-01;3.821389e-02;4.855380e-02;1.046440e-01;5.677836e-02;3.466355e-02;1.541857e-01;9.028434e-02;3.177119e-02;2.725627e-02
9.785558e-02;1.130002e-01;2.222907e-01;5.798139e-02;4.858437e-02;6.051682e-02;6.476435e-02;3.831881e-02;1.441302e-01;8.703238e-02;3.332697e-02;3.219821e-02
9.087453e-02;1.143280e-01;1.793462e-01;5.271050e-02;5.095420e-02;7.552110e-02;9.193822e-02;4.427560e-02;1.337943e-01;1.044305e-01;3.918479e-02;2.264207e-02
9.363363e-02;1.459769e-01;1.677422e-01;4.595707e-02;6.815451e-02;1.004452e-01;1.005826e-01;4.831446e-02;9.760010e-02;8.553300e-02;2.501053e-02;2.104977e-02
7.234421e-02;1.104219e-01;1.605744e-01;5.209564e-02;8.154924e-02;1.312379e-01;8.544131e-02;5.348082e-02;8.852915e-02;1.093294e-01;2.926415e-02;2.573195e-02
5.590210e-02;8.440688e-02;1.538342e-01;6.964796e-02;7.124033e-02;1.176644e-01;8.378969e-02;6.093352e-02;9.447251e-02;1.070226e-01;5.521136e-02;4.587438e-02
3.846165e-02;8.567578e-02;1.664890e-01;7.407406e-02;6.511433e-02;6.891587e-02;9.224732e-02;1.011062e-01;1.063153e-01;1.072641e-01;5.729810e-02;3.703824e-02
7.022499e-02;1.113678e-01;1.190570e-01;8.684499e-02;8.199428e-02;9.971955e-02;1.012584e-01;8.201405e-02;9.817070e-02;1.080305e-01;2.502736e-02;1.629038e-02
1.209056e-01;1.069807e-01;9.440631e-02;8.129786e-02;6.712110e-02;9.163826e-02;1.034807e-01;6.850600e-02;7.310233e-02;1.081537e-01;3.919464e-02;4.521279e-02
1.529486e-01;1.066623e-01;1.164794e-01;5.943992e-02;5.877769e-02;5.484979e-02;9.209071e-02;7.262779e-02;8.139890e-02;1.074034e-01;4.197950e-02;5.534200e-02
