7.424858e-02;3.983124e-02;3.691310e-01;4.836389e-02;6.893964e-02;4.158893e-02;1.586888e-01;4.200454e-02;3.537375e-02;4.933798e-02;3.352241e-02;3.896923e-02
1.038322e-01;3.850765e-02;4.237211e-01;4.587136e-02;5.240948e-02;2.745064e-02;7.887880e-02;4.728629e-02;4.486154e-02;4.781957e-02;3.955280e-02;4.980846e-02
2.134255e-01;8.368517e-02;2.965384e-01;3.344534e-02;4.408966e-02;2.250519e-02;5.414633e-02;6.038474e-02;4.569266e-02;3.595153e-02;3.705090e-02;7.308447e-02
3.714375e-01;1.251911e-01;1.504355e-01;2.064582e-02;3.336108e-02;1.642147e-02;5.133148e-02;7.980987e-02;3.551722e-02;2.572691e-02;3.842135e-02;5.170073e-02
4.040930e-01;1.498125e-01;1.323819e-01;2.065481e-02;1.585040e-02;1.264929e-02;5.922747e-02;5.835057e-02;1.112363e-02;3.099730e-02;3.749083e-02;6.736829e-02
4.446225e-01;1.303776e-01;5.171193e-02;2.407074e-02;8.608819e-03;1.322844e-02;8.378702e-02;4.625484e-02;1.060521e-02;3.994446e-02;3.387471e-02;1.129137e-01
4.124779e-01;6.894080e-02;6.734809e-02;3.330410e-02;1.244361e-02;1.558318e-02;1.064829e-01;3.333545e-02;2.174424e-02;5.209226e-02;4.951917e-02;1.267282e-01
3.327702e-01;7.750627e-02;7.649298e-02;3.663129e-02;1.901870e-02;2.518529e-02;1.166260e-01;3.525102e-02;3.069344e-02;6.834511e-02;7.651534e-02;1.049643e-01
2.303137e-01;1.081255e-01;8.613836e-02;3.594547e-02;2.882321e-02;3.238554e-02;1.315597e-01;3.665932e-02;4.868242e-02;9.236434e-02;1.040134e-01;6.498896e-02
1.250738e-01;1.095707e-01;4.875192e-02;4.237284e-02;5.167137e-02;2.452385e-02;1.760723e-01;4.836435e-02;6.003322e-02;1.123843e-01;9.339239e-02;1.077888e-01
1.630847e-01;8.855354e-02;9.261734e-02;5.640518e-02;4.568642e-02;3.798081e-02;1.525227e-01;6.963468e-02;4.379340e-02;9.027933e-02;4.405580e-02;1.153862e-01
2.963447e-01;7.779366e-02;5.322209e-02;5.476138e-02;2.505662e-02;2.343388e-02;1.661439e-01;6.610614e-02;4.519953e-02;7.203600e-02;3.595822e-02;8.394392e-02
3.205929e-01;6.471067e-02;8.152933e-02;4.392470e-02;2.868830e-02;1.639911e-02;1.585282e-01;5.432196e-02;5.851144e-02;6.200848e-02;4.120315e-02;6.958186e-02
2.831381e-01;1.100379e-01;8.968119e-02;4.434838e-02;5.027102e-02;4.207448e-02;1.200138e-01;4.729946e-02;6.947921e-02;6.826963e-02;2.334979e-02;5.203697e-02
1.782914e-01;1.241152e-01;7.409491e-02;5.283337e-02;8.710183e-02;8.869229e-02;7.034405e-02;4.788925e-02;7.879316e-02;1.019785e-01;3.757364e-02;5.829241e-02
1.330247e-01;7.854768e-02;9.856498e-02;6.824704e-02;8.657002e-02;8.705148e-02;9.177424e-02;4.385559e-02;8.933498e-02;1.051611e-01;5.106271e-02;6.680552e-02
9.953757e-02;6.476534e-02;1.616059e-01;8.509617e-02;8.651335e-02;8.089877e-02;1.156540e-01;3.166818e-02;8.765219e-02;8.240462e-02;4.275209e-02;6.145170e-02
1.069423e-01;7.469618e-02;2.593226e-01;6.054226e-02;6.430233e-02;4.949564e-02;1.163695e-01;1.812085e-02;6.378329e-02;7.889599e-02;4.152704e-02;6.600205e-02
1.357711e-01;8.676706e-02;2.313881e-01;4.388637e-02;5.544319e-02;4.578307e-02;1.106381e-01;1.923859e-02;6.063699e-02;8.110809e-02;5.623775e-02;7.310162e-02
1.282767e-01;9.970782e-02;1.758522e-01;4.890840e-02;5.484534e-02;5.313713e-02;1.413653e-01;2.649002e-02;4.445796e-02;7.153863e-02;6.866644e-02;8.675403e-02
1.003445e-01;1.015162e-01;1.881542e-01;4.064826e-02;5.352085e-02;6.050999e-02;1.043478e-01;4.709147e-02;9.250206e-02;5.102606e-02;3.927353e-02;1.210651e-01
9.099422e-02;1.010052e-01;1.573213e-01;2.358962e-02;3.574043e-02;8.672402e-02;7.477544e-02;4.021899e-02;1.157634e-01;6.012170e-02;3.064216e-02;1.831035e-01
5.860216e-02;1.310264e-01;1.149398e-01;1.801220e-02;1.595534e-02;1.292695e-01;4.585197e-02;3.460050e-02;1.496127e-01;5.517483e-02;1.443707e-02;2.325176e-01
3.877554e-02;1.884935e-01;6.341852e-02;2.202875e-02;9.949308e-03;1.539858e-01;2.299707e-02;1.752129e-02;2.146740e-01;7.009104e-02;1.094753e-02;1.871176e-01
4.967417e-02;2.065607e-01;5.097744e-02;2.467088e-02;1.398019e-02;1.167073e-01;2.919147e-02;2.018355e-02;2.758532e-01;8.825132e-02;2.898817e-02;9.496163e-02
7.142238e-02;1.852701e-01;5.790002e-02;2.193745e-02;2.311499e-02;6.081401e-02;4.983678e-02;4.344000e-02;2.883115e-01;8.210939e-02;5.754348e-02;5.829988e-02
9.737174e-02;1.518749e-01;5.976530e-02;1.465985e-02;3.923746e-02;2.958140e-02;5.885128e-02;7.311355e-02;2.569983e-01;7.539070e-02;1.011858e-01;4.196973e-02
8.812536e-02;1.203887e-01;7.054360e-02;1.558106e-02;3.820699e-02;2.280691e-02;5.174792e-02;8.235405e-02;2.807016e-01;5.940903e-02;1.021926e-01;6.794217e-02
6.797005e-02;1.307236e-01;1.326165e-01;2.601988e-02;1.611172e-02;2.991305e-02;3.288782e-02;4.879725e-02;3.281548e-01;7.330131e-02;5.088887e-02;6.261517e-02
7.834784e-02;7.827357e-02;1.825361e-01;4.966184e-02;1.911454e-02;2.555015e-02;2.384843e-02;3.442924e-02;2.171721e-01;1.427426e-01;8.483314e-02;6.349043e-02
7.498778e-02;6.355409e-02;1.557567e-01;9.840762e-02;2.619572e-02;3.593762e-02;1.769780e-02;2.684972e-02;9.520322e-02;1.500344e-01;1.943672e-01;6.100815e-02
4.639262e-02;1.040416e-01;1.213751e-01;1.335105e-01;2.828600e-02;5.274991e-02;2.056146e-02;3.765401e-02;4.254552e-02;9.223955e-02;2.533071e-01;6.733663e-02
3.775318e-02;1.199230e-01;1.679831e-01;1.347605e-01;4.929165e-02;6.157323e-02;4.536786e-02;3.667717e-02;4.142849e-02;2.828647e-02;2.000672e-01;7.688822e-02
2.501697e-02;8.339810e-02;3.153053e-01;1.041057e-01;7.019068e-02;5.643713e-02;4.984508e-02;3.341415e-02;5.261561e-02;5.600184e-02;6.755728e-02;8.611210e-02
3.000167e-02;4.981669e-02;3.361288e-01;8.039707e-02;4.893007e-02;3.513800e-02;4.750206e-02;4.902364e-02;7.949975e-02;5.932697e-02;1.347319e-01;4.950333e-02
2.617984e-02;5.284274e-02;2.551742e-01;9.646557e-02;4.804847e-02;4.710270e-02;5.992937e-02;5.845639e-02;8.948140e-02;5.319871e-02;1.709450e-01;4.217560e-02
1.575153e-02;6.646513e-02;1.932232e-01;1.299817e-01;6.225118e-02;6.497544e-02;6.573045e-02;5.048952e-02;9.761144e-02;5.074194e-02;1.556457e-01;4.713271e-02
2.568138e-02;1.075477e-01;2.239466e-01;9.546477e-02;5.919125e-02;5.007315e-02;4.196224e-02;6.632608e-02;1.026151e-01;4.300236e-02;1.524166e-01;3.177267e-02
3.558563e-02;9.356678e-02;1.673366e-01;9.272788e-02;6.881034e-02;3.961669e-02;5.029349e-02;7.979816e-02;1.030727e-01;8.725838e-02;1.153915e-01;6.654180e-02
4.002998e-02;1.037031e-01;1.236790e-01;9.711672e-02;6.570570e-02;5.186574e-02;6.059196e-02;7.304261e-02;1.043740e-01;7.299860e-02;1.266699e-01;8.022279e-02
5.467594e-02;1.137716e-01;1.252147e-01;9.215388e-02;5.837670e-02;4.637774e-02;6.239220e-02;7.769549e-02;1.343281e-01;5.849344e-02;9.869120e-02;7.782907e-02
5.340459e-02;1.323172e-01;1.249410e-01;1.047266e-01;5.109285e-02;2.782975e-02;5.877027e-02;4.392803e-02;1.508330e-01;8.168694e-02;1.186274e-01;5.184224e-02
6.031800e-02;1.331205e-01;1.061653e-01;1.039874e-01;6.319619e-02;4.189383e-02;8.064741e-02;3.124142e-02;9.304791e-02;1.000899e-01;1.230324e-01;6.325973e-02
7.178056e-02;1.194008e-01;9.587540e-02;1.236387e-01;4.597279e-02;4.235499e-02;1.095664e-01;4.991504e-02;6.085438e-02;9.091972e-02;1.355568e-01;5.416450e-02
4.146693e-02;4.556214e-02;1.409432e-01;9.284709e-02;7.841900e-02;5.615070e-02;1.953335e-01;4.915351e-02;8.706041e-02;5.465714e-02;1.218531e-01;3.655335e-02
3.009509e-02;5.956888e-02;2.456638e-01;5.875133e-02;8.596221e-02;6.010102e-02;2.239522e-01;3.757333e-02;7.253001e-02;3.529364e-02;3.849636e-02;5.201217e-02
4.731340e-02;1.051352e-01;2.839722e-01;4.766702e-02;6.640890e-02;5.943696e-02;1.752490e-01;3.780971e-02;7.158949e-02;4.394800e-02;1.964142e-02;4.182879e-02
8.533962e-02;1.618790e-01;2.774676e-01;3.366773e-02;3.879076e-02;4.946090e-02;1.005530e-01;3.823565e-02;1.032222e-01;5.962218e-02;2.260886e-02;2.915243e-02
1.538423e-01;1.935752e-01;2.182595e-01;2.309634e-02;2.898062e-02;3.239074e-02;3.819792e-02;6.004850e-02;1.335318e-01;7.096038e-02;2.894241e-02;1.817420e-02
1.918817e-01;1.503758e-01;2.034035e-01;1.588426e-02;5.249177e-02;1.249828e-02;3.017722e-02;9.861371e-02;1.276510e-01;6.513737e-02;3.333068e-02;1.855471e-02
1.766626e-01;1.263549e-01;2.365876e-01;1.473931e-02;4.964477e-02;1.647524e-02;2.749648e-02;1.252300e-01;1.371183e-01;3.937374e-02;3.259898e-02;1.771815e-02
2.071876e-01;1.247508e-01;1.653038e-01;3.106438e-02;5.136495e-02;2.004697e-02;6.876184e-02;1.293180e-01;1.083620e-01;3.038602e-02;2.464087e-02;3.881278e-02
2.471579e-01;1.243893e-01;1.160328e-01;6.810713e-02;3.166500e-02;1.623063e-02;1.323676e-01;8.145376e-02;5.402794e-02;2.672820e-02;1.987168e-02;8.196803e-02
2.522199e-01;8.124679e-02;6.185043e-02;1.209523e-01;1.106606e-02;1.280079e-02;1.891932e-01;8.272087e-02;1.803728e-02;2.961380e-02;1.630528e-02;1.239934e-01
1.839163e-01;2.467833e-02;1.796019e-02;2.018052e-01;1.072714e-02;1.636346e-02;2.594775e-01;7.324351e-02;4.673793e-03;2.580012e-02;1.713013e-02;1.642244e-01
9.815098e-02;3.008760e-02;4.287311e-02;2.340550e-01;1.177744e-02;3.477278e-02;2.874456e-01;4.201085e-02;8.147573e-03;1.783473e-02;2.727005e-02;1.655743e-01
3.457762e-02;2.764939e-02;1.236975e-01;1.939477e-01;1.190690e-02;6.463534e-02;2.995926e-01;2.518938e-02;1.136232e-02;1.127239e-02;4.536738e-02;1.508015e-01
2.488989e-02;1.784846e-02;2.152084e-01;1.049999e-01;1.429112e-02;8.519500e-02;3.001671e-01;7.389462e-03;1.448639e-02;1.382585e-02;6.380131e-02;1.378971e-01
3.234731e-02;1.539803e-02;2.615246e-01;7.036762e-02;1.083395e-02;7.442724e-02;2.755628e-01;8.959316e-03;1.155826e-02;1.539974e-02;7.096010e-02;1.526611e-01
4.990752e-02;1.327710e-02;2.319287e-01;1.165737e-01;7.846050e-03;5.746131e-02;2.522388e-01;9.830212e-03;8.708413e-03;1.461540e-02;5.661711e-02;1.809957e-01
7.353972e-02;2.101771e-02;1.373357e-01;1.588574e-01;6.198798e-03;5.703241e-02;2.564188e-01;8.114591e-03;9.129755e-03;1.464732e-02;5.157186e-02;2.061360e-01
7.876509e-02;1.784044e-02;3.383569e-02;1.782516e-01;5.047246e-03;7.140259e-02;2.731223e-01;1.553674e-02;8.155182e-03;2.148394e-02;7.750215e-02;2.190570e-01
2.740750e-02;1.094625e-02;7.286598e-02;1.928753e-01;8.710184e-03;7.319057e-02;2.331100e-01;2.499563e-02;1.165479e-02;3.149533e-02;1.337579e-01;1.789906e-01
5.186684e-02;1.419415e-02;8.669413e-02;2.005248e-01;1.157132e-02;6.005684e-02;1.955509e-01;2.279928e-02;1.194297e-02;3.897326e-02;1.489644e-01;1.568611e-01
8.661742e-02;3.068636e-02;5.868522e-02;1.573113e-01;1.222222e-02;5.451286e-02;2.101162e-01;3.365259e-02;1.464893e-02;4.968542e-02;1.310404e-01;1.608211e-01
8.403365e-02;2.815414e-02;7.437002e-02;9.635607e-02;1.445754e-02;7.164560e-02;2.176872e-01;3.678134e-02;2.318797e-02;6.926446e-02;1.460818e-01;1.379802e-01
8.694600e-02;3.972736e-02;1.338952e-01;6.404535e-02;2.473622e-02;7.953773e-02;1.762868e-01;3.971765e-02;2.747503e-02;1.024499e-01;1.290421e-01;9.614060e-02
8.492665e-02;4.026020e-02;8.924360e-02;1.572547e-01;3.533198e-02;6.798051e-02;2.051716e-01;5.902988e-02;2.429259e-02;7.469800e-02;7.459069e-02;8.721966e-02
4.242591e-02;5.403643e-02;7.980211e-02;2.564118e-01;3.880568e-02;7.460946e-02;1.748166e-01;5.105596e-02;2.571992e-02;4.143878e-02;5.125911e-02;1.096183e-01
6.217603e-02;5.626023e-02;5.125156e-02;3.002666e-01;3.314629e-02;6.206193e-02;1.318125e-01;4.308540e-02;3.374638e-02;5.194294e-02;5.793815e-02;1.163120e-01
9.954047e-02;4.052879e-02;5.835895e-02;3.062058e-01;3.788775e-02;5.486314e-02;1.082777e-01;4.226518e-02;3.863587e-02;4.907198e-02;6.437325e-02;9.999105e-02
7.870547e-02;2.678148e-02;7.072773e-02;2.856996e-01;7.126372e-02;6.196376e-02;1.202517e-01;3.977707e-02;4.440140e-02;4.158251e-02;6.793685e-02;9.090871e-02
5.056447e-02;4.027926e-02;6.991635e-02;2.685209e-01;8.359954e-02;7.032523e-02;1.113027e-01;3.523348e-02;3.382064e-02;7.802672e-02;5.435875e-02;1.040519e-01
6.581791e-02;7.527046e-02;1.175616e-01;1.755738e-01;7.248486e-02;6.319439e-02;5.854187e-02;5.628126e-02;5.443241e-02;9.138840e-02;6.111026e-02;1.083427e-01
7.921366e-02;6.095613e-02;1.351505e-01;9.026635e-02;5.332818e-02;7.674751e-02;1.355836e-01;7.591479e-02;8.135214e-02;7.244769e-02;5.087768e-02;8.816180e-02
1.123464e-01;1.223244e-01;1.590009e-01;7.496209e-02;6.499193e-02;7.698669e-02;1.139831e-01;3.682160e-02;3.456300e-02;6.118162e-02;6.285628e-02;7.998202e-02
8.886312e-02;1.136706e-01;2.429848e-01;6.701969e-02;8.590401e-02;8.014961e-02;7.969294e-02;3.407361e-02;4.069837e-02;5.062401e-02;7.050475e-02;4.581448e-02
4.254663e-02;7.373732e-02;3.015516e-01;8.327997e-02;7.488205e-02;6.392141e-02;9.412930e-02;2.424045e-02;5.715765e-02;9.076302e-02;6.159659e-02;3.219397e-02
1.121735e-02;7.968715e-02;2.891322e-01;7.381783e-02;4.602205e-02;7.056193e-02;5.951194e-02;1.852123e-02;1.537953e-01;1.173332e-01;4.958894e-02;3.081086e-02
1.672088e-02;1.208290e-01;1.981969e-01;4.311826e-02;1.868354e-02;1.074167e-01;2.208407e-02;2.817595e-02;2.920852e-01;9.264448e-02;2.540749e-02;3.463754e-02
1.379510e-02;1.401161e-01;1.118311e-01;2.015959e-02;8.944397e-03;1.692635e-01;1.213897e-02;2.791656e-02;3.848948e-01;6.986202e-02;5.905815e-03;3.517209e-02
1.334630e-02;1.331241e-01;8.241706e-02;1.481283e-02;1.250982e-02;2.418801e-01;7.300821e-03;2.221158e-02;3.780513e-01;5.536174e-02;4.075138e-03;3.490912e-02
1.459357e-02;1.139152e-01;1.363379e-01;1.397198e-02;1.128128e-02;2.982687e-01;7.041459e-03;2.439829e-02;2.995002e-01;4.548115e-02;4.505395e-03;3.070493e-02
1.429233e-02;9.837934e-02;2.023908e-01;1.753070e-02;1.928940e-02;2.813821e-01;1.803821e-02;2.204499e-02;1.999982e-01;9.924745e-02;8.624667e-03;1.878188e-02
1.234783e-02;8.263376e-02;2.796372e-01;1.854521e-02;2.541902e-02;2.042285e-01;2.910937e-02;1.566596e-02;1.392712e-01;1.708260e-01;8.160404e-03;1.415549e-02
5.311501e-03;5.235033e-02;3.455479e-01;1.500001e-02;2.452841e-02;1.291655e-01;4.835057e-02;1.174460e-02;9.789260e-02;2.511760e-01;5.748762e-03;1.318385e-02
6.829100e-03;2.975763e-02;3.843151e-01;1.693047e-02;2.141540e-02;9.588823e-02;8.249752e-02;6.208653e-03;3.932851e-02;3.036983e-01;3.801938e-03;9.329190e-03
9.470169e-03;1.636894e-02;3.840448e-01;1.816858e-02;1.861243e-02;6.622770e-02;1.237681e-01;5.675925e-03;3.234091e-02;3.026355e-01;1.649331e-02;6.193610e-03
1.327237e-02;1.120667e-02;3.813545e-01;2.080408e-02;1.740515e-02;4.185461e-02;1.553338e-01;5.707802e-03;3.175424e-02;2.773062e-01;3.743825e-02;6.562304e-03
1.944207e-02;1.194874e-02;3.785011e-01;3.136950e-02;1.228151e-02;3.998180e-02;1.669298e-01;8.792077e-03;2.482144e-02;2.491408e-01;4.864858e-02;8.142620e-03
2.186498e-02;1.157316e-02;3.555254e-01;4.544651e-02;1.223255e-02;3.679972e-02;1.379276e-01;1.497253e-02;3.332445e-02;2.434337e-01;8.517040e-02;1.728981e-03
2.511188e-02;1.044443e-02;3.325516e-01;5.849522e-02;1.165768e-02;2.016457e-02;9.311485e-02;3.330940e-02;3.796024e-02;2.657079e-01;1.037548e-01;7.727355e-03
2.788347e-02;9.354043e-03;3.192802e-01;4.532643e-02;1.202262e-02;1.520508e-02;9.618510e-02;4.616060e-02;3.663853e-02;2.925005e-01;9.643887e-02;3.004546e-03
3.455532e-02;1.704665e-02;3.474948e-01;2.772770e-02;1.758087e-02;1.100420e-02;1.044425e-01;3.121253e-02;2.969790e-02;3.127862e-01;6.258256e-02;3.868770e-03
4.072266e-02;1.663582e-02;3.813228e-01;3.356044e-02;1.620122e-02;6.070113e-03;7.535146e-02;1.518579e-02;3.037135e-02;3.179430e-01;6.117747e-02;5.457822e-03
5.087643e-02;1.534529e-02;3.877641e-01;6.436124e-02;1.841083e-02;1.288591e-02;2.276545e-02;2.113375e-02;4.516187e-02;2.599162e-01;9.623315e-02;5.145827e-03
6.491593e-02;4.806167e-02;4.245667e-01;7.427793e-02;1.852942e-02;9.953451e-03;3.451016e-02;1.478415e-02;4.587412e-02;1.584790e-01;9.975304e-02;6.294321e-03
1.033376e-01;9.533613e-02;4.084423e-01;6.182280e-02;2.601214e-02;1.125697e-02;5.237825e-02;1.355787e-02;3.374821e-02;1.025092e-01;7.928825e-02;1.231023e-02
1.189907e-01;1.193308e-01;3.576887e-01;4.849176e-02;3.728938e-02;2.207849e-02;7.703448e-02;2.745475e-02;2.005957e-02;8.009232e-02;6.958985e-02;2.189928e-02
7.420270e-02;7.613935e-02;4.562177e-01;4.441370e-02;5.016463e-02;2.988215e-02;1.091924e-01;2.980644e-02;2.336858e-02;4.485666e-02;3.971358e-02;2.204216e-02
4.370683e-02;3.613793e-02;6.053326e-01;3.717024e-02;3.177030e-02;1.675972e-02;8.444513e-02;1.312003e-02;1.960518e-02;6.121772e-02;3.414159e-02;1.659265e-02
3.468667e-02;4.407236e-02;6.389351e-01;3.214641e-02;2.167407e-02;1.544477e-02;5.124972e-02;1.298815e-02;2.603845e-02;6.364205e-02;3.218710e-02;2.693517e-02
4.036512e-02;8.668223e-02;5.821559e-01;2.565723e-02;2.766173e-02;3.172055e-02;4.474042e-02;8.144313e-03;3.739881e-02;5.003150e-02;2.173627e-02;4.370593e-02
6.088454e-02;1.069019e-01;5.102180e-01;3.809085e-02;2.205668e-02;3.991941e-02;7.722671e-02;7.988922e-03;4.526761e-02;2.441978e-02;1.016164e-02;5.686402e-02
8.025460e-02;1.679065e-01;4.642420e-01;4.042194e-02;1.567173e-02;3.634607e-02;5.657587e-02;6.749788e-03;5.487974e-02;2.216168e-02;7.227845e-03;4.756218e-02
6.695116e-02;2.263852e-01;4.669303e-01;3.231521e-02;4.848936e-03;3.725281e-02;2.475699e-02;5.257507e-03;6.976553e-02;1.810818e-02;2.802162e-03;4.462602e-02
8.500920e-02;2.765329e-01;3.998401e-01;2.200051e-02;1.031878e-02;4.256081e-02;7.157273e-03;6.522994e-03;9.105661e-02;1.215322e-02;6.253778e-03;4.059378e-02
1.584293e-01;2.859837e-01;2.873265e-01;2.001978e-02;1.393665e-02;3.951116e-02;1.643163e-02;1.796520e-02;9.823246e-02;8.455778e-03;1.691997e-02;3.678795e-02
1.969009e-01;2.539822e-01;2.547846e-01;2.057295e-02;1.989048e-02;2.896447e-02;2.770459e-02;3.590319e-02;8.361232e-02;1.570315e-02;2.318959e-02;3.879156e-02
1.359630e-01;2.441595e-01;2.810850e-01;2.249769e-02;2.366977e-02;4.179278e-02;2.260520e-02;3.967081e-02;6.919485e-02;2.793581e-02;2.807262e-02;6.335302e-02
1.584605e-01;2.404225e-01;1.902715e-01;2.032827e-02;3.295352e-02;6.713255e-02;2.270282e-02;2.408024e-02;7.166130e-02;4.153787e-02;3.855679e-02;9.189212e-02
2.353715e-01;2.294701e-01;7.893006e-02;1.820452e-02;3.458551e-02;7.268719e-02;2.088538e-02;2.292348e-02;9.287371e-02;4.931458e-02;2.689701e-02;1.178569e-01
1.910504e-01;1.523205e-01;1.508728e-01;2.236146e-02;2.884435e-02;7.206427e-02;4.537507e-02;4.059438e-02;8.552292e-02;4.768246e-02;4.287886e-02;1.204326e-01
1.513937e-01;1.514730e-01;2.725596e-01;3.308681e-02;2.547884e-02;5.049523e-02;4.803122e-02;5.334681e-02;4.605473e-02;4.433196e-02;3.744771e-02;8.630039e-02
1.388571e-01;2.127035e-01;2.650399e-01;2.409670e-02;3.711671e-02;2.936595e-02;7.579128e-02;3.988551e-02;3.825046e-02;3.489641e-02;3.655970e-02;6.743685e-02
1.168985e-01;2.182327e-01;2.244750e-01;4.164467e-02;4.252015e-02;3.817694e-02;9.403159e-02;2.818635e-02;6.613389e-02;4.543303e-02;2.164136e-02;6.262577e-02
1.181849e-01;1.781010e-01;2.322568e-01;5.190171e-02;4.542675e-02;4.405920e-02;6.860936e-02;3.840434e-02;6.962299e-02;6.244896e-02;3.919986e-02;5.178413e-02
1.678833e-01;1.382487e-01;2.235321e-01;4.738687e-02;5.604501e-02;4.894115e-02;6.501789e-02;3.052113e-02;5.960467e-02;5.994209e-02;4.037384e-02;6.250326e-02
1.849679e-01;9.294796e-02;2.121291e-01;7.161859e-02;8.875109e-02;7.376395e-02;7.179075e-02;1.804669e-02;4.450757e-02;5.030554e-02;3.059870e-02;6.057219e-02
1.477827e-01;8.369006e-02;2.235282e-01;9.085210e-02;9.425753e-02;7.040875e-02;6.606065e-02;4.213462e-02;5.203789e-02;4.792076e-02;2.703205e-02;5.429477e-02
1.020085e-01;9.507026e-02;2.193534e-01;7.460640e-02;8.919486e-02;6.253098e-02;9.539745e-02;7.249176e-02;6.084639e-02;5.288283e-02;3.244659e-02;4.317068e-02
8.143608e-02;7.779456e-02;1.896366e-01;7.779284e-02;6.325274e-02;8.101455e-02;9.842321e-02;7.322218e-02;8.119867e-02;7.854096e-02;3.492241e-02;6.276522e-02
7.871834e-02;5.076028e-02;2.074108e-01;8.007165e-02;6.239664e-02;1.013178e-01;7.985357e-02;7.169048e-02;9.614103e-02;8.014743e-02;2.263823e-02;6.885372e-02
6.246563e-02;2.716089e-02;1.824248e-01;7.686751e-02;1.251323e-01;7.899820e-02;7.211196e-02;9.033142e-02;8.087146e-02;1.031113e-01;3.302255e-02;6.750193e-02
5.396914e-02;5.077123e-02;1.305519e-01;1.121000e-01;1.461587e-01;6.277265e-02;6.383407e-02;1.004615e-01;9.143733e-02;7.003331e-02;4.252617e-02;7.538398e-02
7.788533e-02;5.000859e-02;1.470634e-01;1.374311e-01;1.176251e-01;7.283785e-02;6.596224e-02;8.340290e-02;1.142322e-01;3.809876e-02;3.659464e-02;5.885789e-02
1.157936e-01;3.354624e-02;9.475412e-02;1.738064e-01;1.059987e-01;7.214002e-02;8.951783e-02;6.982550e-02;1.170157e-01;4.334642e-02;2.715321e-02;5.710228e-02
1.219351e-01;4.695212e-02;9.996901e-02;1.245355e-01;9.029063e-02;8.513368e-02;8.532448e-02;6.484224e-02;1.084363e-01;5.349963e-02;4.090601e-02;7.817530e-02
1.010019e-01;9.095995e-02;1.564356e-01;9.961075e-02;7.280866e-02;8.083573e-02;8.224421e-02;5.976610e-02;1.070933e-01;4.390378e-02;2.501193e-02;8.032802e-02
8.017389e-02;9.090818e-02;1.594840e-01;1.693126e-01;8.399886e-02;6.733321e-02;6.235006e-02;5.011734e-02;1.137523e-01;5.143378e-02;1.970028e-02;5.143562e-02
7.814492e-02;8.877447e-02;1.139857e-01;1.931830e-01;6.086446e-02;1.052673e-01;5.789009e-02;3.898228e-02;1.304623e-01;6.168321e-02;2.450814e-02;4.625411e-02
9.906793e-02;5.630973e-02;1.306236e-01;1.218497e-01;7.559103e-02;1.175577e-01;4.209426e-02;5.904835e-02;1.215897e-01;9.180149e-02;3.531702e-02;4.914943e-02
1.060173e-01;4.834651e-02;1.559990e-01;1.110548e-01;5.662184e-02;6.624360e-02;8.702199e-02;6.571501e-02;1.125218e-01;9.560340e-02;3.616398e-02;5.869076e-02
5.952267e-02;6.919234e-02;1.474900e-01;5.229745e-02;8.315717e-02;6.697467e-02;1.980775e-01;8.642179e-02;9.350258e-02;4.895157e-02;3.708439e-02;5.732777e-02
7.117215e-02;7.051999e-02;1.505827e-01;5.194553e-02;7.657380e-02;7.149291e-02;1.839347e-01;8.859921e-02;9.463380e-02;5.460969e-02;4.158171e-02;4.435379e-02
7.248166e-02;7.058156e-02;1.740148e-01;5.997007e-02;6.737490e-02;6.841268e-02;1.482329e-01;9.452714e-02;9.533589e-02;5.741703e-02;4.541408e-02;4.623725e-02
4.269826e-02;7.403395e-02;2.184900e-01;6.769955e-02;4.887626e-02;5.737009e-02;1.262309e-01;1.129028e-01;7.968099e-02;6.718785e-02;5.823477e-02;4.659459e-02
9.845187e-02;1.233978e-01;1.994291e-01;6.631066e-02;4.173864e-02;4.968561e-02;1.063871e-01;9.300013e-02;1.056297e-01;4.540276e-02;4.324642e-02;2.732024e-02
8.116043e-02;2.033135e-01;2.336174e-01;4.678002e-02;3.233175e-02;5.199230e-02;7.122099e-02;4.481148e-02;1.562219e-01;3.926443e-02;2.128542e-02;1.800032e-02
8.951461e-02;2.647730e-01;3.078309e-01;1.979996e-02;1.974974e-02;3.829486e-02;3.326624e-02;1.431998e-02;1.405504e-01;4.703590e-02;9.908706e-03;1.495563e-02
1.807946e-01;2.528581e-01;2.947666e-01;2.374981e-02;1.907808e-02;2.713369e-02;3.351378e-02;1.461971e-02;7.827262e-02;3.354743e-02;1.513653e-02;2.652893e-02
1.896137e-01;2.252049e-01;2.882312e-01;2.951380e-02;2.685058e-02;3.034064e-02;6.117706e-02;1.395983e-02;4.957293e-02;2.739082e-02;2.350880e-02;3.463577e-02
6.818116e-02;2.263241e-01;3.832782e-01;3.108424e-02;2.876661e-02;4.230720e-02;7.543332e-02;1.735643e-02;5.064818e-02;2.068708e-02;2.346421e-02;3.246919e-02
1.365767e-01;2.173111e-01;4.134389e-01;1.867754e-02;1.036928e-02;3.530730e-02;2.334252e-02;2.025092e-02;7.041984e-02;1.714648e-02;1.435351e-02;2.280601e-02
2.023629e-01;2.281606e-01;3.470733e-01;1.944761e-02;1.476964e-02;2.528284e-02;1.695731e-02;1.818272e-02;8.240265e-02;1.613918e-02;7.943361e-03;2.127784e-02
2.450219e-01;2.077184e-01;3.299714e-01;1.768000e-02;1.809994e-02;1.434111e-02;1.983965e-02;2.550413e-02;6.916144e-02;1.870137e-02;1.193358e-02;2.202699e-02
2.441330e-01;1.452570e-01;3.397837e-01;2.426315e-02;2.987424e-02;1.389217e-02;4.141922e-02;3.270090e-02;4.222435e-02;2.330328e-02;2.236933e-02;4.077970e-02
2.042959e-01;8.866061e-02;2.564690e-01;3.240676e-02;5.382314e-02;4.324684e-02;9.286501e-02;3.364496e-02;5.676419e-02;3.630616e-02;4.587999e-02;5.563742e-02
1.714244e-01;8.043053e-02;9.285707e-02;3.586478e-02;6.812751e-02;8.155461e-02;1.369217e-01;5.450534e-02;9.605557e-02;5.915535e-02;6.441253e-02;5.869066e-02
1.190058e-01;1.059401e-01;1.241520e-01;4.966602e-02;5.280798e-02;6.523603e-02;1.302921e-01;8.590358e-02;1.264982e-01;5.511125e-02;4.879273e-02;3.659422e-02
9.711136e-02;1.016008e-01;1.901847e-01;7.150861e-02;8.404383e-02;7.471899e-02;8.368643e-02;3.934431e-02;7.813507e-02;5.728338e-02;5.403919e-02;6.834327e-02
7.083217e-02;7.278894e-02;1.742232e-01;7.093970e-02;1.146451e-01;8.941907e-02;1.687578e-01;1.828490e-02;5.510503e-02;6.486125e-02;4.510793e-02;5.503491e-02
6.091930e-02;4.153999e-02;1.406265e-01;6.528151e-02;1.642749e-01;9.489375e-02;1.931169e-01;2.498588e-02;4.494426e-02;3.801820e-02;3.438798e-02;9.701079e-02
4.051376e-02;2.511018e-02;1.160530e-01;8.122279e-02;2.384405e-01;9.319720e-02;1.143114e-01;2.071481e-02;3.865802e-02;1.996644e-02;2.485860e-02;1.869532e-01
2.737839e-02;2.041139e-02;9.102476e-02;6.618009e-02;2.615629e-01;7.375279e-02;5.084711e-02;1.773452e-02;5.739167e-02;1.723520e-02;1.636729e-02;3.001138e-01
1.599084e-02;1.159245e-02;5.183195e-02;3.690353e-02;2.327288e-01;5.053559e-02;5.840988e-02;1.033870e-02;1.121809e-01;1.654993e-02;2.031954e-02;3.826179e-01
1.651147e-02;4.923271e-03;2.652111e-02;1.456501e-02;2.184539e-01;2.980715e-02;5.443408e-02;4.444826e-03;1.719959e-01;9.604161e-03;2.104341e-02;4.276957e-01
1.805135e-02;4.682743e-03;5.724866e-02;1.215931e-02;2.075163e-01;2.242484e-02;4.580419e-02;3.942794e-03;2.109235e-01;7.704791e-03;6.313208e-03;4.032284e-01
2.946677e-02;5.505013e-03;1.092165e-01;9.760944e-03;2.005462e-01;2.814254e-02;4.086713e-02;4.026925e-03;2.122107e-01;7.059046e-03;1.228657e-02;3.409116e-01
4.712085e-02;8.696398e-03;1.586185e-01;1.409880e-02;1.893040e-01;4.557118e-02;4.217405e-02;5.353549e-03;1.623154e-01;1.317777e-02;1.440715e-02;2.991624e-01
5.609820e-02;1.030654e-02;1.681708e-01;4.403252e-02;2.075427e-01;8.392197e-02;6.308246e-02;9.341777e-03;9.239700e-02;1.670981e-02;1.155920e-02;2.368371e-01
7.495903e-02;1.210403e-02;1.185431e-01;9.536429e-02;1.977795e-01;1.514373e-01;8.320192e-02;3.350482e-02;5.113759e-02;3.603008e-02;9.308954e-03;1.366294e-01
7.504418e-02;1.503320e-02;1.166876e-01;1.162336e-01;1.774709e-01;1.893823e-01;2.223381e-02;5.256007e-02;6.910314e-02;5.978451e-02;1.447279e-02;9.199388e-02
5.035317e-02;1.372655e-02;1.233200e-01;8.207654e-02;1.679694e-01;1.547567e-01;1.802868e-01;3.584026e-02;6.855367e-02;4.585156e-02;1.179498e-02;6.547029e-02
4.474223e-02;7.899113e-03;1.257020e-01;5.676531e-02;2.184079e-01;1.447814e-01;2.265109e-01;1.774556e-02;6.331425e-02;2.149029e-02;7.896571e-03;6.474455e-02
4.115401e-02;5.399087e-03;1.424010e-01;5.107955e-02;2.754436e-01;1.564460e-01;1.422781e-01;1.383030e-02;6.803701e-02;2.055632e-02;9.966017e-03;7.340910e-02
4.308297e-02;1.173096e-02;1.058172e-01;3.591612e-02;2.537240e-01;1.626202e-01;2.204084e-01;2.823321e-02;6.096246e-02;1.999968e-02;7.158370e-03;5.034649e-02
5.055172e-02;1.824914e-02;4.611900e-02;5.244654e-02;1.972714e-01;1.666256e-01;2.863032e-01;5.745254e-02;6.404246e-02;2.338116e-02;6.141420e-03;3.141588e-02
5.683111e-02;1.929845e-02;3.796279e-02;9.171470e-02;1.480816e-01;1.725536e-01;3.124692e-01;5.916571e-02;5.148440e-02;2.319796e-02;2.739655e-03;2.450081e-02
6.354074e-02;2.665778e-02;3.978065e-02;1.115533e-01;9.604988e-02;1.414387e-01;3.967180e-01;3.928995e-02;3.393465e-02;2.484497e-02;2.822461e-03;2.336894e-02
8.766423e-02;3.427428e-02;4.114896e-02;8.662360e-02;5.630676e-02;1.249865e-01;4.440258e-01;2.551449e-02;2.488601e-02;4.387289e-02;4.336512e-03;2.635995e-02
7.420073e-02;3.046185e-02;6.364693e-02;6.505166e-02;1.124832e-01;1.647143e-01;3.509837e-01;2.956152e-02;3.022034e-02;4.891899e-02;5.285518e-03;2.447128e-02
4.352892e-02;2.201102e-02;1.295711e-01;8.187009e-02;2.051980e-01;1.644697e-01;2.050637e-01;3.027378e-02;5.046535e-02;2.414467e-02;1.183883e-02;3.156481e-02
3.165261e-02;1.888159e-02;2.331675e-01;1.028864e-01;1.880064e-01;1.083692e-01;1.735239e-01;3.134338e-02;4.483113e-02;1.937795e-02;1.312224e-02;3.483764e-02
4.225978e-02;1.932992e-02;3.164404e-01;1.153618e-01;8.725701e-02;8.816307e-02;1.888493e-01;3.103408e-02;3.433518e-02;3.545315e-02;1.628142e-02;2.523485e-02
6.464958e-02;1.406239e-02;3.043904e-01;8.795193e-02;1.058805e-01;1.050464e-01;1.722933e-01;2.644326e-02;3.944253e-02;3.789332e-02;1.804751e-02;2.389906e-02
6.298324e-02;1.542716e-02;2.161834e-01;5.703295e-02;1.110215e-01;9.948481e-02;2.859950e-01;3.596494e-02;3.631834e-02;2.503989e-02;1.808929e-02;3.645948e-02
5.327801e-02;2.966864e-02;1.765759e-01;4.673703e-02;3.355946e-02;7.128517e-02;3.979632e-01;4.880349e-02;4.290073e-02;3.246350e-02;2.485898e-02;4.190579e-02
1.066353e-01;3.015082e-02;1.002501e-01;4.801551e-02;6.582777e-02;1.124497e-01;2.952296e-01;6.038580e-02;4.464894e-02;6.553797e-02;2.679854e-02;4.406993e-02
1.817789e-01;3.361328e-02;4.456022e-02;3.753298e-02;4.517525e-02;1.572608e-01;2.543164e-01;7.061432e-02;2.531552e-02;9.674910e-02;1.977184e-02;3.331135e-02
2.878275e-01;3.047002e-02;1.990591e-02;2.818999e-02;3.244723e-02;1.843258e-01;2.007025e-01;6.070454e-02;1.874332e-02;1.090492e-01;1.607206e-02;1.156201e-02
4.481812e-01;1.735216e-02;1.909691e-02;2.166886e-02;3.513720e-02;1.802487e-01;1.257896e-01;4.093684e-02;1.156085e-02;7.656178e-02;1.063846e-02;1.282746e-02
5.498031e-01;1.812032e-02;3.316055e-02;2.035785e-02;4.861629e-02;1.456719e-01;7.822055e-02;1.922635e-02;1.348177e-02;2.756918e-02;1.221762e-02;3.355457e-02
4.393538e-01;2.561350e-02;7.588073e-02;2.596926e-02;7.580057e-02;1.351010e-01;6.627461e-02;1.590775e-02;2.480075e-02;2.985682e-02;1.198359e-02;7.345763e-02
3.201775e-01;2.095041e-02;8.735035e-02;3.951636e-02;8.755089e-02;2.064625e-01;6.670823e-02;3.757842e-02;1.935225e-02;2.997029e-02;8.835197e-03;7.554764e-02
3.345816e-01;1.043147e-02;3.839888e-02;5.504588e-02;5.581310e-02;2.966371e-01;5.947341e-02;6.279768e-02;1.161533e-02;1.914510e-02;9.062570e-03;4.699790e-02
3.303317e-01;9.915232e-03;1.718407e-02;3.357315e-02;3.687626e-02;3.465753e-01;5.706385e-02;7.673693e-02;1.459625e-02;2.764555e-02;6.920516e-03;4.258113e-02
3.041546e-01;8.026149e-03;1.575783e-02;3.993388e-02;4.406819e-02;3.476464e-01;8.085354e-02;8.091275e-02;1.714614e-02;3.746750e-02;6.952907e-03;1.708006e-02
2.420764e-01;1.494712e-02;2.092511e-02;7.103299e-02;5.986201e-02;3.266366e-01;1.068271e-01;7.526928e-02;1.985768e-02;4.016265e-02;1.152213e-02;1.088084e-02
1.748042e-01;4.172298e-02;3.333676e-02;1.224651e-01;5.654901e-02;2.839085e-01;1.413118e-01;4.737193e-02;1.695493e-02;4.560240e-02;1.608633e-02;1.988610e-02
1.829719e-01;5.676852e-02;2.326036e-02;1.636125e-01;4.325410e-02;2.159289e-01;1.697663e-01;4.252508e-02;2.168998e-02;5.122894e-02;1.196731e-02;1.702614e-02
1.113379e-01;9.085963e-02;4.249445e-02;1.551922e-01;6.623912e-02;1.727013e-01;2.073513e-01;5.852228e-02;2.011551e-02;3.202189e-02;1.876642e-02;2.439793e-02
6.863248e-02;1.063971e-01;8.607253e-02;1.087212e-01;6.918417e-02;1.291507e-01;1.783157e-01;9.075960e-02;4.981654e-02;2.561641e-02;2.232124e-02;6.501237e-02
9.782788e-02;9.930588e-02;9.502773e-02;9.410200e-02;7.400940e-02;9.255099e-02;1.115888e-01;7.997885e-02;8.115022e-02;4.157281e-02;3.087982e-02;1.020057e-01
1.040549e-01;1.249459e-01;7.746550e-02;1.011450e-01;6.147851e-02;4.356297e-02;9.189274e-02;6.542148e-02;7.745776e-02;4.216285e-02;9.798136e-02;1.124311e-01
7.740621e-02;1.459491e-01;1.200531e-01;1.473798e-01;6.150805e-02;7.586418e-02;6.335877e-02;4.167690e-02;5.165273e-02;2.934415e-02;1.335678e-01;5.223921e-02
7.120572e-02;1.267170e-01;1.211912e-01;1.411687e-01;5.715768e-02;8.693468e-02;5.795923e-02;5.540011e-02;4.375968e-02;4.845787e-02;1.362266e-01;5.382166e-02
1.155944e-01;8.958007e-02;1.047901e-01;7.691016e-02;5.552699e-02;9.009905e-02;5.703967e-02;6.349955e-02;3.575805e-02;7.245245e-02;1.490842e-01;8.966537e-02
1.035052e-01;1.558158e-01;1.298840e-01;8.170819e-02;6.145540e-02;1.012269e-01;5.393345e-02;5.663871e-02;3.498904e-02;5.808081e-02;1.072594e-01;5.550309e-02
1.174033e-01;1.464878e-01;1.495737e-01;6.753630e-02;4.791304e-02;1.185181e-01;5.805320e-02;4.906597e-02;5.021136e-02;8.531361e-02;6.731883e-02;4.260471e-02
7.898927e-02;1.090602e-01;1.066599e-01;5.221313e-02;4.457129e-02;9.903397e-02;1.553189e-01;5.979261e-02;6.191039e-02;1.005638e-01;7.402362e-02;5.786292e-02
5.266150e-02;6.583263e-02;7.802632e-02;3.527395e-02;4.410623e-02;9.742051e-02;3.868382e-01;5.352508e-02;4.233263e-02;5.168087e-02;4.675144e-02;4.555065e-02
5.350423e-02;4.120299e-02;4.534766e-02;2.228312e-02;5.944248e-02;1.260981e-01;5.038816e-01;4.111384e-02;2.425853e-02;2.262348e-02;2.973665e-02;3.050729e-02
6.035217e-02;3.383809e-02;3.182926e-02;3.277231e-02;9.308921e-02;1.616457e-01;4.637515e-01;2.999610e-02;1.535857e-02;2.498575e-02;3.134333e-02;2.103799e-02
5.931790e-02;3.508944e-02;5.408618e-02;3.671493e-02;1.505319e-01;1.884525e-01;3.761007e-01;2.762694e-02;1.931502e-02;2.225395e-02;2.178863e-02;8.721897e-03
3.164021e-02;3.851091e-02;9.907347e-02;3.757755e-02;2.305701e-01;1.902006e-01;2.627320e-01;1.688889e-02;3.463824e-02;1.864441e-02;1.697592e-02;2.254774e-02
1.971213e-02;3.855461e-02;1.345279e-01;4.481314e-02;2.812154e-01;1.512480e-01;2.028105e-01;1.414101e-02;4.133197e-02;1.255578e-02;1.498390e-02;4.410564e-02
2.602382e-02;2.377637e-02;1.816151e-01;6.165720e-02;2.811991e-01;1.132499e-01;1.816458e-01;1.410625e-02;3.326067e-02;1.079116e-02;2.425077e-02;4.842388e-02
2.013132e-02;1.898589e-02;2.597140e-01;8.640413e-02;2.751364e-01;9.185053e-02;1.123634e-01;2.002496e-02;2.504576e-02;1.452220e-02;2.682471e-02;4.899672e-02
1.714087e-02;3.249908e-02;3.053887e-01;9.959684e-02;2.906778e-01;8.504545e-02;5.479538e-02;1.951381e-02;1.697630e-02;1.390237e-02;8.415421e-03;5.604794e-02
2.197669e-02;2.124431e-02;2.447201e-01;8.640840e-02;2.959359e-01;9.936871e-02;8.473305e-02;1.739411e-02;3.119029e-02;1.378375e-02;1.291921e-02;7.032554e-02
2.619071e-02;1.939670e-02;1.366658e-01;6.564347e-02;3.059053e-01;1.124750e-01;1.598972e-01;2.685207e-02;4.264848e-02;1.578803e-02;1.903892e-02;6.949830e-02
2.832719e-02;1.739827e-02;5.536126e-02;4.956328e-02;3.649133e-01;1.417353e-01;1.278697e-01;1.935270e-02;7.706700e-02;1.667276e-02;1.820705e-02;8.353218e-02
1.464588e-02;7.284756e-03;1.449090e-01;3.075571e-02;3.342446e-01;1.497510e-01;1.349951e-01;1.009007e-02;7.992368e-02;1.214488e-02;9.986745e-03;7.126857e-02
1.282093e-02;4.119411e-03;1.357558e-01;3.272251e-02;3.059764e-01;1.661821e-01;2.044713e-01;6.894682e-03;5.556030e-02;1.311629e-02;7.910600e-03;5.446975e-02
1.968192e-02;5.329525e-03;1.094233e-01;3.369230e-02;2.877730e-01;1.836317e-01;2.614800e-01;9.508271e-03;4.218012e-02;1.348451e-02;7.201913e-03;2.661338e-02
1.993760e-02;7.340723e-03;8.069348e-02;2.683445e-02;2.828646e-01;2.137610e-01;3.039991e-01;7.786220e-03;2.588905e-02;1.396921e-02;3.200799e-03;1.372370e-02
3.497781e-02;6.263269e-03;5.824244e-02;2.181463e-02;2.533801e-01;2.186057e-01;3.407968e-01;1.137684e-02;2.110416e-02;1.295918e-02;3.830188e-03;1.664899e-02
4.189909e-02;5.374270e-03;4.585882e-02;1.709597e-02;2.329438e-01;2.257879e-01;3.589139e-01;1.931356e-02;2.156769e-02;2.013787e-02;3.149160e-03;7.957964e-03
5.823301e-02;3.056793e-03;2.972159e-02;1.061466e-02;1.834236e-01;2.293833e-01;3.558788e-01;3.916761e-02;3.890347e-02;3.963648e-02;5.270921e-03;6.709772e-03
6.563409e-02;4.933307e-03;1.556370e-02;9.004255e-03;1.575891e-01;2.302642e-01;3.678791e-01;5.497109e-02;5.088688e-02;3.068036e-02;4.785736e-03;7.808286e-03
6.391580e-02;6.094135e-03;1.850085e-02;1.115250e-02;1.749172e-01;2.274184e-01;3.660107e-01;5.796899e-02;3.701486e-02;2.803383e-02;3.787118e-03;5.185636e-03
6.437989e-02;9.416819e-03;8.838230e-02;2.143133e-02;2.563454e-01;2.372884e-01;2.182605e-01;3.916665e-02;2.426162e-02;2.185293e-02;4.211868e-03;1.500236e-02
4.726839e-02;6.502311e-03;1.436553e-01;2.188279e-02;2.677242e-01;2.015061e-01;2.268983e-01;1.678522e-02;2.585257e-02;1.305863e-02;4.017751e-03;2.484838e-02
3.147857e-02;4.879656e-03;1.519037e-01;2.000256e-02;2.367700e-01;1.851954e-01;2.920066e-01;1.365595e-02;2.570995e-02;9.255260e-03;3.747022e-03;2.539530e-02
1.395520e-02;5.158300e-03;1.497925e-01;2.048711e-02;2.561762e-01;1.931756e-01;2.836308e-01;1.852403e-02;1.970830e-02;1.022273e-02;5.883101e-03;2.328616e-02
4.321197e-02;2.208878e-02;1.406899e-01;2.811573e-02;2.273975e-01;1.901394e-01;2.627859e-01;1.595929e-02;1.965136e-02;2.074933e-02;1.043078e-02;1.878008e-02
8.193678e-02;2.999518e-02;7.142153e-02;7.208668e-02;1.415541e-01;1.664576e-01;3.554742e-01;1.499031e-02;1.989862e-02;2.909936e-02;8.511240e-03;8.574390e-03
8.559272e-02;2.893278e-02;2.403495e-02;1.485574e-01;8.807525e-02;1.397640e-01;4.145257e-01;1.926910e-02;1.176014e-02;2.924322e-02;3.646439e-03;6.598282e-03
5.123982e-02;2.738381e-02;1.439432e-02;2.310951e-01;5.643216e-02;1.217903e-01;4.420709e-01;1.591840e-02;8.431021e-03;2.275001e-02;3.805136e-03;4.688998e-03
6.579809e-02;2.012895e-02;2.074979e-02;2.808906e-01;4.482687e-02;1.314159e-01;3.740341e-01;1.115715e-02;5.740585e-03;3.713458e-02;3.679330e-03;4.443992e-03
9.206295e-02;1.466087e-02;2.056344e-02;2.616898e-01;5.916985e-02;1.655052e-01;2.971047e-01;1.818112e-02;6.479970e-03;5.889126e-02;3.401479e-03;2.289325e-03
1.102310e-01;1.101219e-02;2.064811e-02;2.060712e-01;9.109582e-02;2.084053e-01;2.476244e-01;2.906726e-02;7.081361e-03;6.218537e-02;2.440310e-03;4.137634e-03
8.497222e-02;1.574871e-02;8.075382e-02;1.302652e-01;1.568058e-01;2.262097e-01;1.978302e-01;2.926202e-02;1.672800e-02;4.127435e-02;3.436482e-03;1.671345e-02
2.864886e-02;3.479803e-02;1.833305e-01;9.750390e-02;2.112574e-01;1.816032e-01;1.598820e-01;1.912709e-02;2.950992e-02;1.653510e-02;5.229957e-03;3.257397e-02
3.646433e-02;6.300429e-02;2.655374e-01;1.087496e-01;1.576442e-01;1.235429e-01;1.369579e-01;2.058022e-02;2.583008e-02;2.649700e-02;1.176709e-02;2.342511e-02
6.258070e-02;7.155094e-02;4.045646e-01;1.105354e-01;7.069129e-02;8.533068e-02;1.037942e-01;2.175193e-02;1.547618e-02;2.773884e-02;1.247586e-02;1.350949e-02
6.126488e-02;5.578049e-02;5.398495e-01;8.570471e-02;5.928171e-02;5.448137e-02;7.305774e-02;1.752681e-02;8.251581e-03;2.323947e-02;1.049456e-02;1.106715e-02
3.226683e-02;4.448688e-02;6.076218e-01;6.840658e-02;6.355604e-02;5.021033e-02;4.824753e-02;2.272328e-02;1.268212e-02;3.159424e-02;1.097706e-02;7.227308e-03
3.030110e-02;4.225842e-02;5.487666e-01;7.900503e-02;6.571044e-02;5.965529e-02;6.073043e-02;2.758609e-02;2.257627e-02;4.187505e-02;1.312766e-02;8.407584e-03
3.113654e-02;4.376338e-02;3.897265e-01;9.486063e-02;5.230655e-02;7.811845e-02;1.540362e-01;4.040097e-02;3.459930e-02;4.154047e-02;2.428613e-02;1.522489e-02
6.803602e-02;3.011210e-02;1.539037e-01;7.201014e-02;1.362119e-01;1.057326e-01;2.825047e-01;4.230154e-02;2.748299e-02;3.192895e-02;1.664905e-02;3.312633e-02
5.927227e-02;2.321766e-02;1.174086e-01;1.335016e-01;2.223449e-01;1.102995e-01;1.867201e-01;3.076415e-02;2.949855e-02;2.662745e-02;2.043482e-02;3.991034e-02
4.545237e-02;1.634885e-02;1.037183e-01;1.657268e-01;3.034030e-01;1.017714e-01;1.033557e-01;3.038131e-02;3.582037e-02;3.529483e-02;1.995785e-02;3.876923e-02
2.958542e-02;1.938323e-02;1.228678e-01;1.804925e-01;3.240225e-01;8.301845e-02;5.419044e-02;4.428468e-02;2.358796e-02;5.447405e-02;3.383653e-02;3.025647e-02
1.239423e-02;1.524047e-02;2.016748e-01;2.335775e-01;2.065175e-01;7.682447e-02;3.377138e-02;9.340198e-02;9.467460e-03;4.856355e-02;5.207235e-02;1.649425e-02
4.441015e-03;1.521142e-02;3.104925e-01;2.578036e-01;9.187190e-02;9.155311e-02;2.587507e-02;1.089256e-01;1.041028e-02;2.294367e-02;5.189416e-02;8.577609e-03
7.011892e-03;1.599862e-02;3.952914e-01;2.071342e-01;6.153984e-02;8.900945e-02;2.516466e-02;1.070912e-01;1.126996e-02;2.001636e-02;5.447514e-02;5.997302e-03
7.610878e-03;1.387472e-02;4.795797e-01;1.539824e-01;5.659867e-02;6.402819e-02;1.845775e-02;8.410659e-02;1.850467e-02;3.003446e-02;6.702746e-02;6.194521e-03
7.343846e-03;6.621480e-03;5.643130e-01;1.258730e-01;5.644874e-02;4.544396e-02;2.043014e-02;4.013483e-02;2.293412e-02;4.433503e-02;6.295104e-02;3.170843e-03
8.644045e-03;1.234305e-02;6.231754e-01;1.049882e-01;5.734812e-02;2.944900e-02;2.037085e-02;1.662566e-02;3.022182e-02;4.436954e-02;4.729639e-02;5.167882e-03
1.111672e-02;1.507562e-02;6.562571e-01;1.006112e-01;4.247228e-02;1.421070e-02;2.649082e-02;1.610117e-02;2.874559e-02;4.541775e-02;3.872367e-02;4.777455e-03
1.357964e-02;1.012083e-02;6.714329e-01;9.938905e-02;3.384902e-02;1.345677e-02;3.903646e-02;2.284135e-02;2.178572e-02;4.727743e-02;2.317755e-02;4.053282e-03
1.529400e-02;1.418271e-02;7.045878e-01;8.038219e-02;3.296231e-02;1.203257e-02;4.186374e-02;2.137672e-02;1.284912e-02;4.947956e-02;1.165531e-02;3.333986e-03
1.776787e-02;1.128171e-02;7.149755e-01;6.904749e-02;2.973621e-02;1.121522e-02;3.664719e-02;1.451845e-02;1.533178e-02;5.575791e-02;2.042218e-02;3.298417e-03
1.793307e-02;3.120674e-02;6.887248e-01;5.980620e-02;2.971564e-02;1.403208e-02;3.735381e-02;1.329517e-02;1.369180e-02;6.835197e-02;2.200102e-02;3.887695e-03
