2.860572e-02;1.109782e-01;1.579394e-01;5.533624e-02;8.132687e-02;2.959637e-01;1.367246e-02;1.323825e-01;6.302361e-02;1.887741e-02;2.575234e-02;1.614145e-02
2.217047e-02;8.385809e-02;1.387745e-01;4.089244e-02;8.710229e-02;2.669552e-01;2.179961e-02;2.028577e-01;8.996400e-02;1.353277e-02;1.406601e-02;1.802683e-02
2.342967e-02;4.951594e-02;8.987256e-02;7.600183e-02;7.735658e-02;2.023298e-01;4.558121e-02;2.643962e-01;1.372433e-01;1.168447e-02;9.810429e-03;1.277795e-02
3.878632e-02;2.650227e-02;4.518352e-02;1.180690e-01;4.859036e-02;9.764165e-02;9.827530e-02;2.914276e-01;2.068012e-01;1.515436e-02;6.437866e-03;7.130561e-03
4.489360e-02;3.126017e-02;1.863491e-02;9.412143e-02;9.639003e-02;5.374179e-02;1.314714e-01;2.422529e-01;2.498490e-01;2.622564e-02;7.135934e-03;4.023138e-03
3.549254e-02;5.358605e-02;1.353376e-02;4.062288e-02;1.837322e-01;7.239376e-02;8.279324e-02;1.690101e-01;2.829902e-01;4.696381e-02;1.155368e-02;7.327635e-03
2.868543e-02;6.091207e-02;1.016351e-02;4.078585e-02;1.710635e-01;7.446557e-02;1.031118e-01;1.344454e-01;2.992216e-01;5.445948e-02;1.581461e-02;6.871266e-03
1.820282e-02;3.642526e-02;3.878706e-02;6.387021e-02;6.580772e-02;1.158793e-01;1.266769e-01;2.605321e-01;2.257959e-01;2.989105e-02;9.511199e-03;8.620456e-03
1.061898e-02;3.018518e-02;6.537764e-02;4.949459e-02;6.331383e-02;1.529039e-01;5.860087e-02;3.540483e-01;1.693588e-01;1.756242e-02;1.072460e-02;1.781080e-02
7.012621e-03;6.202559e-02;4.767522e-02;3.462829e-02;8.642762e-02;1.489911e-01;1.380100e-01;3.017821e-01;1.251755e-01;1.650490e-02;1.200961e-02;1.975750e-02
1.885914e-02;9.421519e-02;5.519143e-02;5.653322e-02;5.152849e-02;1.655580e-01;2.407591e-01;1.588575e-01;9.987324e-02;3.349733e-02;8.277941e-03;1.684942e-02
3.873061e-02;5.263021e-02;5.019776e-02;5.836838e-02;5.980876e-02;1.374592e-01;1.727116e-01;2.464457e-01;1.084428e-01;4.320078e-02;1.625116e-02;1.575304e-02
4.380908e-02;5.937810e-02;3.385623e-02;2.808737e-02;4.097361e-02;1.125823e-01;9.067450e-02;2.969511e-01;2.016208e-01;5.484329e-02;1.979661e-02;1.742704e-02
4.771106e-02;5.199284e-02;3.293623e-02;4.107930e-02;5.547208e-02;8.416990e-02;1.128504e-01;2.672679e-01;1.911069e-01;4.926033e-02;2.650963e-02;3.964331e-02
4.372927e-02;5.798264e-02;4.369158e-02;3.356690e-02;8.705316e-02;9.884261e-02;1.176220e-01;2.260090e-01;1.669718e-01;5.315858e-02;2.735807e-02;4.401433e-02
3.332860e-02;4.851014e-02;7.103057e-02;3.935343e-02;7.160694e-02;1.489515e-01;1.593710e-01;1.891549e-01;1.245922e-01;3.968044e-02;4.161550e-02;3.280466e-02
3.467119e-02;3.991474e-02;7.275715e-02;5.670414e-02;3.987716e-02;1.484521e-01;2.459469e-01;1.523015e-01;8.319655e-02;2.579658e-02;4.289085e-02;5.749117e-02
4.121956e-02;2.163227e-02;4.065842e-02;8.012860e-02;1.451723e-02;9.534811e-02;4.141808e-01;9.653355e-02;3.881091e-02;1.341625e-02;3.345974e-02;1.100946e-01
3.770433e-02;1.904123e-02;2.858238e-02;5.387212e-02;1.916330e-02;9.721482e-02;4.613284e-01;7.252655e-02;2.866510e-02;1.088968e-02;4.115532e-02;1.298569e-01
2.549916e-02;1.693957e-02;5.733311e-02;2.419974e-02;2.422064e-02;1.875105e-01;3.983173e-01;4.870341e-02;4.205827e-02;1.340882e-02;5.402318e-02;1.077863e-01
1.574203e-02;1.735586e-02;9.833920e-02;3.152886e-02;3.010682e-02;3.107695e-01;2.790929e-01;3.201488e-02;4.842266e-02;1.267696e-02;5.949321e-02;6.445710e-02
6.909297e-03;2.730151e-02;1.221146e-01;1.499508e-02;4.593007e-02;3.763039e-01;2.042429e-01;4.353752e-02;5.108364e-02;1.558976e-02;6.073705e-02;3.125460e-02
1.949436e-02;4.086280e-02;1.078973e-01;2.160320e-02;7.421268e-02;3.181852e-01;2.029774e-01;6.482675e-02;5.443206e-02;2.045964e-02;5.396753e-02;2.108118e-02
2.646246e-02;5.590047e-02;9.251152e-02;5.067842e-02;8.805387e-02;1.879630e-01;2.386938e-01;1.021552e-01;7.409649e-02;2.670831e-02;3.816937e-02;1.860711e-02
3.072769e-02;5.310335e-02;8.906050e-02;6.269891e-02;5.952843e-02;1.834180e-01;2.297510e-01;1.159091e-01;7.119209e-02;3.282052e-02;3.163438e-02;4.015609e-02
3.929579e-02;4.056827e-02;4.869547e-02;5.338478e-02;3.806843e-02;2.843120e-01;2.291915e-01;6.647330e-02;7.438450e-02;1.920884e-02;5.004667e-02;5.637048e-02
3.376934e-02;5.213429e-02;6.063828e-02;1.510642e-02;2.716056e-02;2.633663e-01;2.888722e-01;8.062889e-02;5.749658e-02;1.618228e-02;4.593785e-02;5.870705e-02
3.323111e-02;4.112674e-02;1.019120e-01;4.298551e-02;5.216847e-02;1.480246e-01;3.299382e-01;8.462925e-02;5.672365e-02;1.996376e-02;3.780560e-02;5.149106e-02
3.495562e-02;3.708750e-02;7.433239e-02;2.681816e-02;4.191978e-02;2.322691e-01;3.374013e-01;7.808539e-02;3.787165e-02;1.470940e-02;4.431977e-02;4.022993e-02
2.960162e-02;2.492800e-02;5.280245e-02;1.499360e-02;3.220854e-02;2.352277e-01;3.753084e-01;6.330664e-02;6.538917e-02;1.757666e-02;4.556343e-02;4.309376e-02
3.405263e-02;1.971204e-02;5.471583e-02;3.229006e-02;4.251669e-02;1.261813e-01;3.935874e-01;8.183511e-02;1.024694e-01;2.599880e-02;5.286690e-02;3.377387e-02
6.860978e-02;7.812870e-02;6.506033e-02;4.323842e-02;3.739356e-02;1.024377e-01;2.551679e-01;5.450435e-02;9.416226e-02;3.620895e-02;8.370001e-02;8.138800e-02
6.871693e-02;1.190540e-01;4.945081e-02;4.453182e-02;8.768806e-02;1.375809e-01;9.639222e-02;6.148947e-02;7.020320e-02;5.774850e-02;7.697129e-02;1.301728e-01
6.292507e-02;1.405284e-01;3.870049e-02;5.019901e-02;1.384157e-01;1.193544e-01;5.753357e-02;4.990603e-02;6.834891e-02;7.297255e-02;4.964521e-02;1.514707e-01
6.129370e-02;1.513468e-01;6.245742e-02;5.434590e-02;1.572923e-01;1.094667e-01;5.572806e-02;3.981097e-02;8.390743e-02;6.669311e-02;2.374838e-02;1.339093e-01
6.784516e-02;1.188493e-01;1.196817e-01;7.802625e-02;1.277692e-01;1.221992e-01;7.326954e-02;5.673036e-02;9.958065e-02;4.233591e-02;2.133647e-02;7.237624e-02
8.964486e-02;6.142755e-02;1.505018e-01;1.495683e-01;9.125280e-02;9.278657e-02;8.842944e-02;8.287252e-02;1.128616e-01;2.147339e-02;3.433974e-02;2.484139e-02
1.084179e-01;2.636641e-02;1.180913e-01;2.516325e-01;6.518718e-02;4.342903e-02;8.174377e-02;1.060672e-01;1.263684e-01;1.488305e-02;4.519560e-02;1.261761e-02
9.137827e-02;1.527223e-02;7.129032e-02;3.431609e-01;4.657393e-02;2.521956e-02;7.193784e-02;1.140484e-01;1.354159e-01;1.898019e-02;5.335607e-02;1.336640e-02
6.151535e-02;2.853225e-02;7.941288e-02;3.590086e-01;5.817951e-02;4.666353e-02;6.877466e-02;1.054540e-01;1.166254e-01;1.609477e-02;4.956121e-02;1.017785e-02
4.692737e-02;5.128692e-02;1.053471e-01;3.616791e-01;6.232598e-02;5.275388e-02;5.563001e-02;9.143531e-02;1.004016e-01;1.343199e-02;4.964348e-02;9.137248e-03
6.249708e-02;5.649078e-02;1.360574e-01;3.304464e-01;9.248983e-02;3.255324e-02;3.083819e-02;7.911158e-02;8.724894e-02;1.461203e-02;5.818364e-02;1.947095e-02
7.887983e-02;1.173293e-01;1.419575e-01;2.575995e-01;9.363330e-02;3.657076e-02;2.823127e-02;7.930479e-02;6.483840e-02;1.517785e-02;5.484681e-02;3.163066e-02
9.031513e-02;1.503392e-01;1.164500e-01;2.096900e-01;8.446548e-02;6.019415e-02;3.733942e-02;7.676450e-02;5.378206e-02;1.873981e-02;6.565434e-02;3.626594e-02
9.629892e-02;9.864055e-02;3.667451e-02;8.952290e-02;1.151913e-01;1.425758e-01;3.488841e-02;7.543648e-02;4.795730e-02;4.556417e-02;1.109185e-01;1.063312e-01
8.457578e-02;8.764121e-02;3.586708e-02;6.237993e-02;1.319568e-01;1.995509e-01;7.789931e-02;5.846598e-02;4.607173e-02;5.786869e-02;5.960425e-02;9.811828e-02
4.676973e-02;1.029632e-01;1.951598e-02;5.209537e-02;1.267580e-01;2.596235e-01;1.116675e-01;6.147178e-02;3.990247e-02;5.945359e-02;4.590965e-02;7.386927e-02
1.231892e-02;1.003757e-01;1.472393e-02;3.567190e-02;8.812892e-02;2.923828e-01;1.331263e-01;8.258361e-02;3.395065e-02;5.262350e-02;1.029782e-01;5.113562e-02
1.330728e-02;8.408722e-02;2.935770e-02;3.341786e-02;6.105681e-02;2.220802e-01;1.040107e-01;8.538226e-02;2.254831e-02;7.233062e-02;2.236628e-01;4.875824e-02
2.092458e-02;7.524828e-02;5.418321e-02;4.012946e-02;5.694503e-02;1.372252e-01;6.247149e-02;6.364152e-02;1.495781e-02;5.647520e-02;3.457357e-01;7.206249e-02
2.103718e-02;9.560936e-02;8.290050e-02;4.151797e-02;4.944396e-02;7.570121e-02;5.180043e-02;8.623863e-02;1.324189e-02;6.240629e-02;3.610894e-01;5.901318e-02
1.345850e-02;1.539840e-01;6.585866e-02;3.411796e-02;6.773475e-02;6.440992e-02;3.388743e-02;1.466065e-01;9.581716e-03;1.222084e-01;2.498551e-01;3.829704e-02
1.132709e-02;2.238868e-01;2.206532e-02;2.627369e-02;8.603361e-02;6.824172e-02;2.221237e-02;1.968034e-01;8.996851e-03;1.598137e-01;1.460137e-01;2.833169e-02
8.798247e-03;2.595935e-01;2.948218e-02;2.286961e-02;9.997662e-02;8.081765e-02;1.993936e-02;2.099182e-01;9.275495e-03;1.602368e-01;7.496548e-02;2.412696e-02
1.041974e-02;2.646459e-01;2.433934e-02;1.842622e-02;1.329602e-01;6.305460e-02;2.361608e-02;2.023523e-01;1.154972e-02;1.829711e-01;3.663485e-02;2.902995e-02
1.077681e-02;2.328471e-01;9.041183e-03;1.327322e-02;1.484436e-01;4.857544e-02;1.776344e-02;1.658166e-01;1.817415e-02;2.318940e-01;4.329623e-02;6.009828e-02
1.387112e-02;1.787819e-01;6.970055e-03;7.887647e-03;1.532099e-01;3.959522e-02;1.153880e-02;1.110410e-01;3.558144e-02;2.901704e-01;3.726534e-02;1.140871e-01
1.839935e-02;1.325483e-01;1.104378e-02;1.042825e-02;1.411311e-01;3.074189e-02;1.312056e-02;5.399040e-02;4.717868e-02;3.141555e-01;5.330475e-02;1.739574e-01
2.407968e-02;1.058364e-01;2.253730e-02;2.086410e-02;1.280102e-01;4.619577e-02;2.802439e-02;2.011387e-02;7.835003e-02;2.784581e-01;5.411470e-02;1.934155e-01
4.382662e-02;6.703819e-02;4.786812e-02;5.391259e-02;1.175943e-01;8.572048e-02;3.738989e-02;3.252682e-02;1.332013e-01;1.776402e-01;5.905724e-02;1.442242e-01
1.103637e-01;3.303652e-02;6.372061e-02;1.106262e-01;9.550449e-02;8.541687e-02;4.122400e-02;6.373939e-02;1.491818e-01;9.606095e-02;8.560656e-02;6.551889e-02
1.775070e-01;5.964286e-02;7.382157e-02;1.402449e-01;6.862794e-02;3.734491e-02;4.121235e-02;6.994743e-02;1.129096e-01;9.091834e-02;9.263095e-02;3.519214e-02
1.688280e-01;9.045153e-02;1.092774e-01;1.381623e-01;5.821757e-02;3.308968e-02;3.159571e-02;7.468945e-02;8.335098e-02;8.458508e-02;8.256649e-02;4.518577e-02
1.221022e-01;1.017890e-01;1.120308e-01;1.141632e-01;6.781938e-02;5.038311e-02;4.375393e-02;7.601745e-02;6.123151e-02;8.177862e-02;1.003303e-01;6.860053e-02
7.034583e-02;9.587429e-02;5.444083e-02;7.798026e-02;1.043821e-01;5.050182e-02;6.395363e-02;7.980287e-02;7.096948e-02;1.509139e-01;9.434109e-02;8.649381e-02
1.083239e-01;1.017895e-01;5.059874e-02;3.402072e-02;1.004604e-01;8.447144e-02;5.001252e-02;1.013085e-01;9.382075e-02;1.504143e-01;3.748878e-02;8.729042e-02
1.029086e-01;9.867813e-02;6.979521e-02;2.934809e-02;8.391048e-02;9.359489e-02;4.792040e-02;1.523633e-01;7.647041e-02;1.217905e-01;2.733750e-02;9.588243e-02
5.208927e-02;9.160724e-02;9.889293e-02;4.090594e-02;6.226846e-02;1.099366e-01;5.335777e-02;1.960527e-01;6.289889e-02;9.414247e-02;2.317450e-02;1.146731e-01
2.244586e-02;1.024099e-01;1.228724e-01;3.906799e-02;4.569774e-02;9.813690e-02;5.641127e-02;2.501822e-01;8.052916e-02;3.441305e-02;2.669457e-02;1.211388e-01
1.622439e-02;1.189108e-01;1.178467e-01;2.071539e-02;3.758368e-02;6.711922e-02;5.129592e-02;2.876467e-01;7.925289e-02;6.620347e-02;5.020626e-02;8.699458e-02
2.047940e-02;1.146354e-01;9.443358e-02;1.511440e-02;3.326382e-02;6.453053e-02;3.709125e-02;3.240260e-01;7.782876e-02;8.346829e-02;6.881892e-02;6.630962e-02
2.889561e-02;9.644780e-02;8.619981e-02;1.826554e-02;2.586060e-02;7.508864e-02;3.967544e-02;3.395955e-01;7.075815e-02;8.356078e-02;6.057458e-02;7.507763e-02
3.939147e-02;5.981363e-02;6.311010e-02;2.758083e-02;3.301116e-02;6.597347e-02;4.375748e-02;2.995004e-01;8.294411e-02;1.677411e-01;5.858450e-02;5.859167e-02
3.407768e-02;4.986709e-02;6.626446e-02;3.371463e-02;3.779556e-02;7.632501e-02;3.256113e-02;2.535910e-01;1.178071e-01;2.013674e-01;6.618055e-02;3.044839e-02
3.847846e-02;5.163703e-02;8.694262e-02;3.271948e-02;2.966284e-02;8.803743e-02;3.889807e-02;2.196603e-01;1.425534e-01;1.564251e-01;9.488422e-02;2.010104e-02
5.166068e-02;9.792509e-02;7.543658e-02;2.614362e-02;3.874078e-02;1.093226e-01;4.850998e-02;2.158776e-01;1.320086e-01;5.564755e-02;7.887554e-02;6.985139e-02
4.231589e-02;1.300142e-01;4.974267e-02;1.805386e-02;2.334424e-02;1.255150e-01;3.927881e-02;2.415355e-01;1.084435e-01;6.872812e-02;3.929977e-02;1.137286e-01
3.173402e-02;1.439735e-01;4.909657e-02;2.097170e-02;2.668897e-02;1.257865e-01;2.589675e-02;2.444855e-01;8.301953e-02;8.537443e-02;5.538092e-02;1.075915e-01
2.723237e-02;1.221274e-01;5.344769e-02;2.709160e-02;2.492232e-02;1.295757e-01;2.890962e-02;2.546409e-01;7.167948e-02;3.480924e-02;1.344550e-01;9.110862e-02
3.446457e-02;5.054680e-02;4.769476e-02;3.120477e-02;4.758400e-02;1.016648e-01;3.626478e-02;2.343206e-01;7.709834e-02;1.473962e-01;1.415399e-01;5.022055e-02
2.349513e-02;6.722129e-02;5.198983e-02;4.045759e-02;6.853700e-02;9.937941e-02;3.118347e-02;2.223440e-01;6.296867e-02;1.672782e-01;1.245098e-01;4.063559e-02
2.247499e-02;8.181513e-02;4.667615e-02;4.018471e-02;4.828954e-02;1.329644e-01;2.844115e-02;1.940936e-01;5.862801e-02;1.755169e-01;1.418138e-01;2.910157e-02
4.573712e-02;6.163423e-02;3.990963e-02;3.733612e-02;3.268123e-02;9.704596e-02;3.777406e-02;1.207971e-01;1.606178e-01;1.667822e-01;1.563800e-01;4.330454e-02
8.799805e-02;3.338513e-02;3.600799e-02;6.104052e-02;4.824809e-02;6.745752e-02;8.117908e-02;9.535952e-02;2.104781e-01;8.854571e-02;1.330873e-01;5.721302e-02
1.301854e-01;2.485921e-02;4.060373e-02;8.127107e-02;6.449709e-02;6.299370e-02;9.805288e-02;7.180554e-02;1.605655e-01;4.659039e-02;1.159103e-01;1.026653e-01
1.834916e-01;3.076229e-02;2.381537e-02;1.036029e-01;6.048616e-02;5.404083e-02;7.587754e-02;7.001726e-02;1.256318e-01;3.400395e-02;1.548986e-01;8.337171e-02
2.250762e-01;2.650252e-02;1.997763e-02;1.218517e-01;5.649610e-02;2.880126e-02;4.426813e-02;6.999795e-02;1.222063e-01;3.633521e-02;2.115923e-01;3.689460e-02
2.120890e-01;2.044290e-02;3.332435e-02;1.199970e-01;5.153463e-02;2.438054e-02;2.801444e-02;7.720944e-02;1.274844e-01;6.017828e-02;2.184375e-01;2.690758e-02
1.561654e-01;2.381110e-02;6.407555e-02;1.145433e-01;4.530296e-02;3.081837e-02;1.756970e-02;1.051842e-01;1.344379e-01;6.837611e-02;2.078804e-01;3.183508e-02
8.013631e-02;4.235758e-02;1.011838e-01;1.054897e-01;3.872365e-02;4.342080e-02;1.123103e-02;1.508688e-01;1.121161e-01;9.194575e-02;1.724191e-01;5.010730e-02
3.858821e-02;4.416133e-02;1.027584e-01;8.929414e-02;4.336075e-02;6.442516e-02;1.613088e-02;1.728579e-01;1.032923e-01;1.853385e-01;8.825692e-02;5.153545e-02
4.107569e-02;5.150940e-02;1.085419e-01;8.421225e-02;3.574412e-02;7.463572e-02;2.916493e-02;1.754613e-01;8.218724e-02;2.033889e-01;3.571346e-02;7.836515e-02
3.940603e-02;6.447790e-02;8.922492e-02;9.653201e-02;3.917161e-02;9.090719e-02;3.866951e-02;1.762805e-01;7.672963e-02;1.605397e-01;3.240458e-02;9.565640e-02
2.078921e-02;6.501160e-02;7.723913e-02;1.208325e-01;7.079145e-02;9.745128e-02;8.440324e-02;1.684570e-01;7.698718e-02;9.614220e-02;5.517572e-02;6.671950e-02
2.625729e-02;5.499344e-02;6.282203e-02;1.262049e-01;3.892479e-02;1.202373e-01;1.166881e-01;1.445805e-01;1.234869e-01;6.796648e-02;7.023796e-02;4.760034e-02
1.455152e-02;4.313429e-02;5.065369e-02;1.124444e-01;5.204603e-02;1.384998e-01;7.653111e-02;1.803909e-01;1.120860e-01;1.034703e-01;3.779857e-02;7.839330e-02
4.032679e-02;3.992163e-02;2.932792e-02;1.113325e-01;1.101215e-01;1.384496e-01;7.949116e-02;1.525160e-01;1.041482e-01;9.956648e-02;2.455950e-02;7.023874e-02
4.313067e-02;4.406738e-02;4.648103e-02;8.093481e-02;1.404018e-01;1.964322e-01;9.083375e-02;1.067339e-01;8.935576e-02;7.535224e-02;4.763775e-02;3.863873e-02
2.107055e-02;3.273152e-02;6.730217e-02;3.286796e-02;1.088040e-01;2.704374e-01;9.761755e-02;1.018579e-01;9.947465e-02;4.441377e-02;8.441738e-02;3.900528e-02
1.145825e-02;1.952004e-02;7.279992e-02;3.396782e-02;6.357925e-02;2.404461e-01;2.351819e-01;7.321940e-02;1.033329e-01;2.956354e-02;6.820134e-02;4.872953e-02
1.458836e-02;2.262686e-02;4.893741e-02;3.982041e-02;4.686803e-02;1.533105e-01;4.043081e-01;6.054538e-02;7.372480e-02;3.191894e-02;2.614485e-02;7.720628e-02
7.772660e-03;3.183484e-02;2.078220e-02;5.743570e-02;2.695857e-02;1.011771e-01;4.860400e-01;5.837728e-02;4.303228e-02;4.211687e-02;2.270819e-02;1.017643e-01
1.142134e-02;3.787725e-02;1.269729e-02;8.384147e-02;1.293893e-02;6.368499e-02;5.009373e-01;5.128783e-02;2.710849e-02;5.408654e-02;2.351963e-02;1.205989e-01
9.524046e-03;3.523358e-02;7.474326e-03;9.806669e-02;6.667430e-03;4.333796e-02;4.767976e-01;6.711147e-02;3.956708e-02;5.920509e-02;2.834773e-02;1.286670e-01
1.262813e-02;3.562273e-02;1.736508e-02;1.054401e-01;1.031249e-02;5.759090e-02;4.362807e-01;7.707576e-02;3.939075e-02;5.317359e-02;2.482595e-02;1.302938e-01
1.362933e-02;3.224412e-02;3.385387e-02;1.081658e-01;2.591695e-02;9.721787e-02;3.856853e-01;7.798424e-02;3.064418e-02;3.918427e-02;3.473848e-02;1.207355e-01
1.806875e-02;4.377457e-02;5.495464e-02;1.042452e-01;3.092697e-02;1.452032e-01;3.498240e-01;4.728013e-02;2.536212e-02;4.140657e-02;4.107104e-02;9.788271e-02
2.918363e-02;7.520176e-02;6.444556e-02;7.824102e-02;4.115083e-02;1.002247e-01;3.270551e-01;5.826446e-02;4.869133e-02;7.538461e-02;3.543014e-02;6.672691e-02
2.846242e-02;7.360908e-02;3.938198e-02;8.169319e-02;5.346302e-02;1.198788e-01;3.098361e-01;7.524552e-02;6.978323e-02;7.966025e-02;2.514782e-02;4.383855e-02
2.687582e-02;5.798348e-02;2.517281e-02;9.019459e-02;5.651172e-02;1.387007e-01;3.286291e-01;7.965841e-02;7.770611e-02;5.182663e-02;2.539226e-02;4.134831e-02
2.697062e-02;5.457940e-02;2.942032e-02;7.927695e-02;4.789957e-02;1.157245e-01;3.427340e-01;9.997763e-02;6.851976e-02;4.508643e-02;3.469816e-02;5.511260e-02
1.738997e-02;3.442094e-02;3.520554e-02;6.012510e-02;2.678560e-02;1.409060e-01;3.262773e-01;1.558905e-01;8.697048e-02;3.278459e-02;3.470692e-02;4.853702e-02
4.038617e-02;5.592987e-02;5.319428e-02;4.814719e-02;3.187308e-02;9.065933e-02;3.064623e-01;1.453039e-01;9.894603e-02;4.868129e-02;4.002750e-02;4.038902e-02
7.909954e-02;8.039767e-02;4.570550e-02;4.363239e-02;2.877486e-02;8.812295e-02;2.422417e-01;8.101019e-02;1.190089e-01;1.044485e-01;4.219116e-02;4.536666e-02
1.053367e-01;1.103291e-01;8.792185e-02;3.076030e-02;2.106204e-02;6.118283e-02;1.939096e-01;9.013943e-02;7.387392e-02;1.527128e-01;2.292888e-02;4.984247e-02
9.160190e-02;1.012944e-01;7.324293e-02;3.288461e-02;9.691760e-03;3.531994e-02;2.179539e-01;1.319633e-01;3.632773e-02;1.647736e-01;2.859685e-02;7.634906e-02
6.817243e-02;6.185833e-02;3.443586e-02;4.078389e-02;9.469240e-03;2.812567e-02;3.241813e-01;1.300946e-01;1.900576e-02;1.642051e-01;1.855985e-02;1.011080e-01
3.190421e-02;2.127008e-02;1.147024e-02;6.263833e-02;7.908277e-03;3.500530e-02;4.619021e-01;9.474825e-02;1.702108e-02;1.252972e-01;1.007610e-02;1.207589e-01
1.714215e-02;1.686555e-02;1.256450e-02;8.321660e-02;4.888071e-03;5.924123e-02;5.386124e-01;4.983550e-02;1.603931e-02;6.030583e-02;1.846692e-02;1.228219e-01
1.774380e-02;2.042309e-02;4.259459e-02;8.560465e-02;1.551848e-02;8.799545e-02;5.504484e-01;2.696677e-02;1.351742e-02;1.803963e-02;1.748200e-02;1.036658e-01
1.092504e-02;2.074257e-02;1.121081e-01;6.404074e-02;2.531000e-02;1.254575e-01;4.892544e-01;3.737525e-02;9.480841e-03;1.486960e-02;1.939263e-02;7.104339e-02
1.419384e-02;2.068540e-02;2.115799e-01;5.816308e-02;2.639808e-02;1.184598e-01;3.896742e-01;4.498149e-02;1.260376e-02;1.463030e-02;3.314628e-02;5.548395e-02
1.996695e-02;2.281276e-02;2.238044e-01;5.537112e-02;3.142935e-02;1.093230e-01;3.380508e-01;5.300378e-02;2.117040e-02;1.937285e-02;5.243352e-02;5.326109e-02
2.654290e-02;2.935649e-02;1.209617e-01;3.944605e-02;3.462997e-02;1.266297e-01;3.390425e-01;5.495927e-02;2.904601e-02;2.760766e-02;8.870880e-02;8.306893e-02
2.163684e-02;3.809090e-02;8.628443e-02;6.585285e-02;3.503773e-02;1.545171e-01;3.053389e-01;4.743804e-02;3.207605e-02;2.737927e-02;1.331825e-01;5.316537e-02
3.261782e-02;5.788603e-02;1.122835e-01;5.987142e-02;3.873740e-02;1.270987e-01;2.073848e-01;9.068993e-02;3.456101e-02;2.659251e-02;1.370765e-01;7.520042e-02
3.226854e-02;8.389242e-02;7.721227e-02;3.944720e-02;5.122522e-02;1.046390e-01;2.125918e-01;1.296920e-01;6.093878e-02;3.296396e-02;1.027171e-01;7.241175e-02
4.653415e-02;7.177714e-02;1.036682e-01;2.785993e-02;5.616542e-02;9.097897e-02;1.910847e-01;1.478086e-01;1.144293e-01;3.650557e-02;6.441764e-02;4.877050e-02
5.739052e-02;6.392669e-02;1.018189e-01;2.648190e-02;2.843026e-02;1.186121e-01;2.445552e-01;8.948210e-02;8.872543e-02;5.808592e-02;4.532962e-02;7.716136e-02
5.252157e-02;7.614524e-02;8.834536e-02;3.964212e-02;1.971069e-02;8.579578e-02;3.115237e-01;8.108318e-02;5.491182e-02;7.309548e-02;3.431907e-02;8.290595e-02
5.066875e-02;5.291686e-02;4.329251e-02;6.770217e-02;1.381761e-02;8.167781e-02;3.586774e-01;1.437898e-01;3.302594e-02;4.680026e-02;3.251050e-02;7.512031e-02
3.662404e-02;5.012414e-02;5.177020e-02;6.258380e-02;1.992258e-02;7.277843e-02;3.995677e-01;1.549141e-01;3.778598e-02;3.308097e-02;2.438711e-02;5.646100e-02
2.413450e-02;5.738781e-02;4.886186e-02;2.709605e-02;2.548544e-02;1.181119e-01;3.472454e-01;1.575419e-01;5.003676e-02;4.761330e-02;5.528626e-02;4.119878e-02
2.385262e-02;6.561892e-02;5.789569e-02;4.421512e-02;3.788475e-02;1.148118e-01;3.259148e-01;1.282970e-01;6.835555e-02;4.084202e-02;5.616192e-02;3.614974e-02
2.908178e-02;7.289594e-02;7.426865e-02;7.820150e-02;4.152508e-02;1.140558e-01;2.790726e-01;1.158528e-01;7.929715e-02;3.426414e-02;4.388238e-02;3.760212e-02
2.623017e-02;7.919151e-02;7.400587e-02;7.811355e-02;4.611534e-02;7.590661e-02;2.811670e-01;1.701047e-01;6.689685e-02;4.101923e-02;2.797634e-02;3.327274e-02
3.215438e-02;8.719395e-02;5.516651e-02;5.743016e-02;4.266191e-02;5.420851e-02;2.389106e-01;2.070549e-01;9.701968e-02;6.947631e-02;2.731441e-02;3.140874e-02
4.242253e-02;6.095363e-02;4.588084e-02;3.684376e-02;2.642581e-02;9.492788e-02;2.674341e-01;1.898018e-01;8.315646e-02;8.195695e-02;3.042433e-02;3.977182e-02
4.556561e-02;4.292983e-02;3.942699e-02;3.567108e-02;1.689676e-02;9.757343e-02;4.275859e-01;1.329370e-01;4.039835e-02;5.777391e-02;3.117552e-02;3.206550e-02
5.591352e-02;3.530405e-02;3.762950e-02;2.548189e-02;2.452612e-02;1.105820e-01;4.754221e-01;1.170490e-01;3.127707e-02;3.261938e-02;1.922096e-02;3.497453e-02
1.151975e-01;2.720764e-02;3.605515e-02;2.761586e-02;3.232315e-02;4.781631e-02;4.460951e-01;1.043176e-01;6.045357e-02;3.716679e-02;1.987634e-02;4.587501e-02
1.768522e-01;7.841194e-02;7.778167e-02;4.209534e-02;2.663922e-02;5.799658e-02;2.882271e-01;6.823242e-02;8.273912e-02;2.039037e-02;2.271722e-02;5.791683e-02
1.110393e-01;1.097814e-01;7.591008e-02;3.305579e-02;4.333358e-02;1.377755e-01;1.303534e-01;1.423477e-01;1.184233e-01;2.094091e-02;2.467806e-02;5.236097e-02
4.614057e-02;1.193877e-01;8.950903e-02;3.516011e-02;4.087193e-02;1.291081e-01;6.788477e-02;2.476275e-01;1.426422e-01;1.831767e-02;1.548491e-02;4.786548e-02
1.689029e-02;9.095444e-02;1.186450e-01;7.323185e-02;2.731291e-02;8.836710e-02;5.303865e-02;3.329039e-01;1.331008e-01;1.760183e-02;1.176516e-02;3.618820e-02
2.905346e-02;5.566625e-02;1.006153e-01;1.180725e-01;4.760274e-02;9.579961e-02;3.732225e-02;3.739521e-01;9.438591e-02;1.493026e-02;1.154031e-02;2.105941e-02
3.035486e-02;5.556190e-02;5.559147e-02;1.264017e-01;6.919736e-02;1.716111e-01;4.393815e-02;3.410407e-01;6.712720e-02;1.384314e-02;1.633311e-02;8.999376e-03
1.729508e-02;7.781287e-02;3.754364e-02;7.050276e-02;5.270220e-02;2.310363e-01;7.056116e-02;2.985179e-01;9.174309e-02;2.187966e-02;1.870724e-02;1.169802e-02
1.434354e-02;1.102184e-01;5.704109e-02;3.062738e-02;2.690045e-02;2.733781e-01;8.939679e-02;2.363307e-01;1.002012e-01;2.947788e-02;1.340577e-02;1.867869e-02
1.587626e-02;1.242299e-01;1.112507e-01;3.370374e-02;2.205093e-02;2.869692e-01;7.995829e-02;1.896995e-01;6.858780e-02;2.499020e-02;2.076274e-02;2.192062e-02
1.568680e-02;1.048797e-01;1.161068e-01;1.168265e-01;1.939213e-02;2.874352e-01;6.710678e-02;1.665707e-01;4.071349e-02;1.816074e-02;1.992918e-02;2.719205e-02
2.036970e-02;1.137942e-01;1.166312e-01;1.855701e-01;2.937587e-02;2.952154e-01;7.590599e-02;5.751156e-02;3.175336e-02;1.410066e-02;1.571660e-02;4.405534e-02
3.080087e-02;1.322837e-01;8.426418e-02;1.222622e-01;1.498814e-02;2.786238e-01;6.954008e-02;1.381523e-01;4.075042e-02;1.907706e-02;9.143603e-03;6.011355e-02
3.797230e-02;1.664666e-01;6.164635e-02;7.022624e-02;1.079381e-02;2.731016e-01;6.271972e-02;1.667442e-01;4.117793e-02;1.554474e-02;9.866657e-03;8.373985e-02
8.212510e-02;1.828086e-01;6.962046e-02;4.894823e-02;9.447854e-03;2.831142e-01;5.786088e-02;8.372550e-02;2.547872e-02;1.914456e-02;1.468186e-02;1.230440e-01
1.015578e-01;1.311287e-01;6.156170e-02;3.175722e-02;1.337020e-02;2.941857e-01;5.657334e-02;1.064183e-01;2.229888e-02;2.425750e-02;2.214728e-02;1.347434e-01
7.338408e-02;1.035329e-01;6.303810e-02;2.760373e-02;1.932148e-02;3.160402e-01;5.504185e-02;1.495842e-01;2.142172e-02;2.896569e-02;4.798448e-02;9.408145e-02
5.772791e-02;1.463185e-01;8.519130e-02;2.932211e-02;1.688929e-02;2.347741e-01;3.606486e-02;2.026402e-01;4.754432e-02;2.673775e-02;6.964754e-02;4.714223e-02
4.998025e-02;1.882799e-01;8.160512e-02;3.026771e-02;2.840099e-02;2.296386e-01;5.963464e-02;1.205990e-01;1.037794e-01;2.369782e-02;4.567800e-02;3.843860e-02
2.580790e-02;1.424401e-01;7.585526e-02;2.397374e-02;2.093218e-02;2.678420e-01;9.138768e-02;2.200557e-01;8.823294e-02;1.623625e-02;8.485053e-03;1.875122e-02
3.547654e-02;1.367125e-01;6.084844e-02;2.241719e-02;1.279191e-02;1.682276e-01;1.085609e-01;2.783127e-01;1.205303e-01;2.723829e-02;5.319587e-03;2.356408e-02
5.844423e-02;1.379116e-01;6.054741e-02;3.509901e-02;2.023713e-02;7.339620e-02;1.199206e-01;2.583360e-01;1.514359e-01;3.660717e-02;1.263853e-02;3.542616e-02
3.838756e-02;7.675952e-02;7.249446e-02;4.409632e-02;2.876036e-02;1.676352e-01;9.885779e-02;2.668417e-01;1.269265e-01;1.775241e-02;1.852709e-02;4.296103e-02
6.254298e-02;1.280538e-01;8.270242e-02;4.031933e-02;2.941008e-02;1.553343e-01;1.044687e-01;1.813491e-01;1.221346e-01;3.196595e-02;3.128771e-02;3.043093e-02
5.671152e-02;1.243676e-01;9.429637e-02;2.287914e-02;2.847262e-02;1.781242e-01;8.946171e-02;2.145594e-01;8.698538e-02;4.612943e-02;3.149924e-02;2.651342e-02
3.618649e-02;8.306330e-02;9.516017e-02;2.007990e-02;2.775086e-02;2.360205e-01;8.405036e-02;2.399244e-01;6.244311e-02;6.405624e-02;2.775718e-02;2.350747e-02
3.402261e-02;5.931794e-02;1.062129e-01;3.400616e-02;3.738957e-02;1.402871e-01;7.276041e-02;2.742072e-01;7.727977e-02;8.815353e-02;4.072503e-02;3.563779e-02
2.865864e-02;7.549990e-02;1.210730e-01;4.740426e-02;3.335917e-02;2.068391e-01;3.800391e-02;2.458148e-01;6.703331e-02;5.894051e-02;4.267122e-02;3.470225e-02
2.818100e-02;9.471063e-02;1.489274e-01;5.834336e-02;2.505462e-02;2.236144e-01;3.461797e-02;2.342984e-01;4.623558e-02;3.367269e-02;4.378728e-02;2.855681e-02
3.017910e-02;8.807413e-02;1.375593e-01;4.718357e-02;1.798816e-02;1.677010e-01;3.644339e-02;3.283858e-01;7.011811e-02;2.325487e-02;3.368990e-02;1.942255e-02
3.072117e-02;1.001576e-01;1.044333e-01;2.366974e-02;1.546960e-02;2.274886e-01;4.870021e-02;3.117478e-01;7.580394e-02;2.245629e-02;1.950461e-02;1.984713e-02
3.774353e-02;1.366444e-01;1.235244e-01;1.525486e-02;2.184922e-02;2.625694e-01;5.898374e-02;2.272565e-01;5.777944e-02;2.161068e-02;1.177869e-02;2.500513e-02
1.811649e-02;1.143131e-01;8.494364e-02;3.214718e-02;2.960698e-02;2.613943e-01;3.660449e-02;2.721480e-01;6.411148e-02;2.562260e-02;3.118969e-02;2.980207e-02
2.093840e-02;9.232246e-02;8.047118e-02;3.004602e-02;2.253028e-02;2.426355e-01;5.760096e-02;2.596095e-01;9.298319e-02;3.201938e-02;3.712589e-02;3.171721e-02
3.810913e-02;1.246628e-01;1.520469e-01;2.055646e-02;1.980697e-02;2.014728e-01;6.990302e-02;1.753355e-01;9.540659e-02;4.233677e-02;2.494282e-02;3.542020e-02
5.302887e-02;1.471214e-01;1.773419e-01;2.219067e-02;3.574780e-02;1.923844e-01;7.204880e-02;8.248788e-02;1.001774e-01;4.951005e-02;2.091875e-02;4.704201e-02
4.699733e-02;1.122719e-01;1.471239e-01;2.993595e-02;5.007264e-02;2.191429e-01;7.889864e-02;1.196536e-01;9.014747e-02;3.557654e-02;2.213631e-02;4.804284e-02
3.514022e-02;7.709007e-02;1.045970e-01;2.842776e-02;5.872419e-02;2.305549e-01;7.562966e-02;2.264219e-01;7.903582e-02;1.720355e-02;2.709444e-02;4.008048e-02
2.050098e-02;1.023303e-01;8.991856e-02;2.106117e-02;4.310698e-02;2.584778e-01;3.093701e-02;3.013776e-01;6.925355e-02;1.674822e-02;2.119979e-02;2.508795e-02
