1.113863e-01;8.681501e-02;1.769906e-01;6.563220e-02;7.021277e-02;6.305732e-02;1.573262e-01;8.119103e-02;4.208233e-02;6.281868e-02;3.885273e-02;4.363481e-02
1.185514e-01;7.439482e-02;1.285879e-01;5.516607e-02;7.121913e-02;5.337358e-02;2.578879e-01;6.686325e-02;5.381903e-02;5.672440e-02;3.166572e-02;3.174684e-02
1.390458e-01;8.258928e-02;6.434181e-02;5.061485e-02;6.641908e-02;7.855240e-02;3.146165e-01;5.267795e-02;4.719418e-02;5.473992e-02;2.707838e-02;2.212991e-02
1.406378e-01;9.420390e-02;3.595238e-02;4.236291e-02;6.487703e-02;1.080464e-01;3.346637e-01;3.510920e-02;3.724921e-02;5.276015e-02;2.077069e-02;3.336665e-02
9.785797e-02;1.157231e-01;5.334551e-02;2.791449e-02;5.282285e-02;1.022201e-01;3.506602e-01;3.809380e-02;3.490786e-02;3.893524e-02;3.917881e-02;4.834003e-02
4.479033e-02;1.090670e-01;9.138429e-02;2.632838e-02;6.408644e-02;6.366888e-02;3.506219e-01;6.059838e-02;3.096273e-02;4.190222e-02;7.125618e-02;4.533320e-02
2.186566e-02;6.330330e-02;1.612476e-01;4.364689e-02;5.856407e-02;5.279401e-02;2.731523e-01;1.013984e-01;4.623816e-02;6.518959e-02;7.214990e-02;4.045022e-02
1.847242e-02;3.375365e-02;1.957895e-01;5.087303e-02;3.713242e-02;7.345798e-02;1.885109e-01;1.402710e-01;9.120126e-02;7.877271e-02;3.528957e-02;5.647555e-02
2.077262e-02;1.735738e-02;1.684944e-01;6.629264e-02;5.576267e-02;1.263961e-01;1.637093e-01;1.383971e-01;1.155708e-01;5.780001e-02;1.775917e-02;5.168785e-02
2.896931e-02;1.977480e-02;1.256682e-01;1.067264e-01;6.725929e-02;1.498898e-01;1.764033e-01;9.614082e-02;1.379800e-01;4.823745e-02;1.619630e-02;2.675439e-02
4.142475e-02;1.567876e-02;1.111309e-01;1.469750e-01;6.170646e-02;1.218995e-01;1.769028e-01;6.917970e-02;1.501576e-01;6.470641e-02;2.430015e-02;1.593799e-02
5.520523e-02;2.200431e-02;1.365453e-01;1.821370e-01;4.513845e-02;5.733798e-02;1.694628e-01;6.587282e-02;1.336614e-01;7.280888e-02;3.048248e-02;2.934332e-02
5.060213e-02;3.487038e-02;1.632436e-01;1.870159e-01;4.564422e-02;2.855672e-02;1.854363e-01;5.756054e-02;1.057554e-01;6.421904e-02;3.091980e-02;4.617588e-02
5.773506e-02;4.614281e-02;1.603724e-01;1.414175e-01;8.474369e-02;3.978259e-02;1.445120e-01;7.011895e-02;6.894466e-02;9.876218e-02;3.938127e-02;4.808684e-02
8.348721e-02;7.552318e-02;1.206110e-01;9.577483e-02;9.425056e-02;7.220846e-02;1.007984e-01;6.471939e-02;6.401807e-02;1.104704e-01;4.406898e-02;7.406949e-02
9.018172e-02;1.166321e-01;1.402516e-01;7.963267e-02;8.188599e-02;7.264361e-02;8.767506e-02;5.658103e-02;6.987786e-02;9.212105e-02;3.134516e-02;8.117214e-02
7.413813e-02;1.123961e-01;1.672268e-01;6.545688e-02;5.782523e-02;7.343821e-02;9.377946e-02;7.152811e-02;8.706778e-02;8.776203e-02;3.634650e-02;7.303480e-02
4.216382e-02;5.345601e-02;1.215011e-01;5.187004e-02;7.465412e-02;7.477322e-02;1.162516e-01;1.576838e-01;1.262999e-01;8.120071e-02;4.420101e-02;5.594468e-02
3.022566e-02;2.977849e-02;9.877086e-02;6.063960e-02;5.643961e-02;7.061460e-02;1.478654e-01;2.219706e-01;1.222945e-01;9.725495e-02;2.638612e-02;3.775957e-02
3.312663e-02;4.138156e-02;9.521008e-02;8.583888e-02;7.400469e-02;7.526241e-02;1.323798e-01;1.839638e-01;1.191455e-01;8.993509e-02;3.917906e-02;3.057253e-02
3.049450e-02;4.127289e-02;1.061703e-01;9.522402e-02;6.483653e-02;5.673875e-02;9.541500e-02;1.057878e-01;1.413205e-01;1.793780e-01;4.047839e-02;4.288328e-02
3.582384e-02;4.963174e-02;1.213249e-01;9.881523e-02;6.055998e-02;6.350444e-02;5.400059e-02;7.631774e-02;1.603463e-01;1.965064e-01;4.686766e-02;3.630116e-02
3.225931e-02;5.132246e-02;9.047049e-02;1.104078e-01;5.675238e-02;8.243540e-02;8.121750e-02;7.617898e-02;1.637516e-01;1.637510e-01;6.599640e-02;2.545660e-02
4.182541e-02;3.191328e-02;1.276795e-01;7.779853e-02;5.094485e-02;1.361767e-01;9.881773e-02;5.313763e-02;1.290665e-01;1.325925e-01;9.339164e-02;2.665570e-02
5.203103e-02;1.773946e-02;1.513159e-01;2.871380e-02;4.521277e-02;2.076509e-01;1.150718e-01;2.381066e-02;6.763920e-02;1.158274e-01;1.441808e-01;3.080640e-02
4.952964e-02;5.482918e-02;1.257649e-01;2.947797e-02;2.793764e-02;1.797430e-01;1.952703e-01;2.341208e-02;2.790741e-02;9.461145e-02;1.570634e-01;3.445311e-02
6.493384e-02;1.163693e-01;9.530503e-02;4.352891e-02;3.486080e-02;9.807109e-02;2.277366e-01;2.763559e-02;3.796165e-02;8.350939e-02;1.247846e-01;4.530321e-02
7.567406e-02;1.189979e-01;1.179164e-01;4.111880e-02;5.676825e-02;8.662652e-02;1.959368e-01;5.422246e-02;5.644402e-02;6.515060e-02;8.741222e-02;4.373193e-02
1.019241e-01;4.356425e-02;8.514672e-02;9.079205e-02;8.594611e-02;8.985183e-02;1.832694e-01;8.817913e-02;5.556180e-02;6.910119e-02;4.888247e-02;5.778098e-02
8.420281e-02;5.575756e-02;1.545962e-01;9.137458e-02;9.855279e-02;6.574278e-02;1.580502e-01;6.932024e-02;6.531988e-02;6.371892e-02;4.285100e-02;5.051303e-02
5.417417e-02;9.491740e-02;1.700854e-01;8.214688e-02;1.200538e-01;8.330804e-02;1.085513e-01;5.790395e-02;7.394440e-02;6.302807e-02;3.304270e-02;5.884395e-02
6.914685e-02;1.136604e-01;1.226522e-01;9.975415e-02;1.474945e-01;6.929861e-02;5.203474e-02;4.719034e-02;7.257833e-02;9.329441e-02;4.571572e-02;6.717964e-02
4.809811e-02;9.274051e-02;1.018365e-01;1.266393e-01;1.587219e-01;7.764026e-02;4.824057e-02;3.590666e-02;4.388490e-02;1.053605e-01;8.587839e-02;7.505250e-02
6.408511e-02;4.593779e-02;1.450407e-01;9.136338e-02;1.138117e-01;1.344649e-01;4.153314e-02;2.046753e-02;3.416350e-02;8.560973e-02;1.636384e-01;5.988408e-02
7.066400e-02;1.612244e-02;1.880319e-01;3.119115e-02;9.855998e-02;1.384245e-01;3.862876e-02;1.043250e-02;5.395899e-02;8.891053e-02;2.163920e-01;4.868331e-02
2.988022e-02;1.380119e-02;1.776684e-01;1.177154e-02;1.666926e-01;1.063933e-01;4.010043e-02;1.723018e-02;9.530962e-02;7.463228e-02;2.121730e-01;5.434722e-02
4.076842e-02;1.429631e-02;1.307429e-01;1.255472e-02;1.849966e-01;1.046118e-01;5.718587e-02;2.535791e-02;1.258849e-01;6.302054e-02;1.722256e-01;6.835444e-02
4.244902e-02;8.506713e-03;1.215265e-01;8.131186e-03;1.327290e-01;1.537769e-01;6.482051e-02;2.315009e-02;1.302418e-01;4.750933e-02;1.750652e-01;9.209368e-02
3.823663e-02;7.672749e-03;1.413220e-01;1.150899e-02;5.492230e-02;2.243435e-01;5.672032e-02;2.106760e-02;9.855040e-02;6.809013e-02;1.817313e-01;9.583414e-02
4.474977e-02;1.925219e-02;1.370704e-01;2.057800e-02;3.171880e-02;2.579348e-01;6.722517e-02;1.874143e-02;6.250165e-02;9.554228e-02;1.676366e-01;7.704894e-02
5.543714e-02;3.447279e-02;1.228658e-01;2.383353e-02;5.157830e-02;2.329574e-01;7.975335e-02;2.935571e-02;3.839199e-02;1.160945e-01;1.539378e-01;6.132171e-02
7.235035e-02;5.655707e-02;1.347358e-01;3.166497e-02;8.232489e-02;1.670552e-01;7.983314e-02;2.898083e-02;3.794705e-02;1.234085e-01;1.346500e-01;5.049226e-02
6.549002e-02;2.923618e-02;1.469052e-01;4.939107e-02;8.458035e-02;1.155002e-01;1.173654e-01;3.985712e-02;7.787807e-02;1.264848e-01;1.129025e-01;3.440915e-02
4.798501e-02;1.256939e-02;9.890543e-02;7.791903e-02;8.394113e-02;8.792530e-02;1.680134e-01;5.345901e-02;1.082204e-01;1.388977e-01;1.005254e-01;2.163883e-02
4.423505e-02;3.205642e-02;7.103308e-02;7.185005e-02;1.006422e-01;1.168643e-01;1.282895e-01;3.970085e-02;1.105971e-01;1.624485e-01;9.427893e-02;2.800386e-02
2.633831e-02;4.192392e-02;6.140534e-02;5.208935e-02;1.456806e-01;1.401376e-01;6.784063e-02;3.266402e-02;1.073441e-01;2.113196e-01;7.823530e-02;3.502120e-02
2.871918e-02;4.229698e-02;4.722340e-02;4.273675e-02;1.731065e-01;9.378418e-02;4.932848e-02;3.577222e-02;1.251469e-01;2.355715e-01;9.053849e-02;3.577542e-02
4.052624e-02;7.801774e-02;7.973842e-02;4.285562e-02;1.386373e-01;4.861229e-02;7.007828e-02;3.943258e-02;1.138278e-01;1.954402e-01;1.182763e-01;3.455729e-02
4.163942e-02;9.801695e-02;1.295303e-01;4.037142e-02;9.972873e-02;8.011927e-02;4.281896e-02;4.438005e-02;8.672214e-02;1.590893e-01;1.378725e-01;3.971102e-02
2.484125e-02;6.950751e-02;2.121991e-01;3.140824e-02;5.993635e-02;1.426490e-01;5.845526e-02;3.260782e-02;5.909403e-02;1.191994e-01;1.574676e-01;3.263437e-02
1.553947e-02;2.361875e-02;3.041319e-01;3.006246e-02;3.195692e-02;1.655658e-01;8.277027e-02;1.577847e-02;5.687992e-02;6.674950e-02;1.714215e-01;3.552497e-02
2.397292e-02;1.037012e-02;3.230878e-01;2.785749e-02;3.234516e-02;1.434695e-01;9.547947e-02;8.759256e-03;7.875717e-02;4.878358e-02;1.649798e-01;4.213779e-02
4.352717e-02;2.106988e-02;3.148876e-01;1.474108e-02;3.086938e-02;1.265396e-01;1.031941e-01;1.326661e-02;7.805750e-02;5.743103e-02;1.482166e-01;4.819949e-02
5.227748e-02;3.325900e-02;2.933915e-01;1.602816e-02;3.761513e-02;1.370369e-01;1.062299e-01;1.059311e-02;5.934314e-02;6.919073e-02;1.450477e-01;3.998725e-02
5.024498e-02;2.291848e-02;2.405260e-01;3.160175e-02;5.081602e-02;1.427474e-01;1.257352e-01;3.575280e-02;3.759017e-02;8.861233e-02;1.445263e-01;2.892863e-02
3.125443e-02;2.321004e-02;1.663740e-01;5.032834e-02;6.714716e-02;1.433393e-01;1.324712e-01;7.016888e-02;2.981224e-02;1.224238e-01;1.371822e-01;2.628837e-02
1.979381e-02;3.497427e-02;1.255086e-01;6.207780e-02;8.701181e-02;1.409718e-01;1.076968e-01;8.454596e-02;4.255083e-02;1.559330e-01;1.191598e-01;1.977566e-02
3.589219e-02;4.546198e-02;1.395168e-01;7.037959e-02;1.213250e-01;7.924899e-02;8.514176e-02;8.442348e-02;4.862226e-02;1.251632e-01;1.341208e-01;3.070382e-02
4.983909e-02;7.335617e-02;1.351343e-01;6.401206e-02;8.634623e-02;8.720516e-02;1.155860e-01;7.529584e-02;4.580067e-02;8.631767e-02;1.449162e-01;3.619059e-02
4.255305e-02;7.179323e-02;8.195292e-02;5.902940e-02;6.640552e-02;1.346289e-01;1.118638e-01;5.179173e-02;6.465239e-02;1.041114e-01;1.781639e-01;3.305383e-02
4.341858e-02;3.729538e-02;4.766696e-02;6.311551e-02;6.198207e-02;1.621177e-01;1.022502e-01;3.336061e-02;6.516311e-02;1.132599e-01;2.385013e-01;3.186872e-02
1.700670e-02;2.458607e-02;3.001354e-02;8.938983e-02;5.593082e-02;1.203079e-01;1.023402e-01;6.545056e-02;3.299868e-02;1.550002e-01;2.839223e-01;2.305315e-02
5.859159e-02;3.240227e-02;2.259648e-02;1.096306e-01;4.043309e-02;7.862304e-02;9.534494e-02;8.119419e-02;3.093663e-02;1.668946e-01;2.521124e-01;3.124018e-02
1.014988e-01;2.839072e-02;6.853386e-02;7.017756e-02;5.307447e-02;1.512671e-01;9.380612e-02;4.309652e-02;4.505908e-02;1.319963e-01;1.695082e-01;4.359132e-02
7.611945e-02;3.381705e-02;1.242609e-01;3.248724e-02;8.230139e-02;1.522173e-01;8.254189e-02;3.036860e-02;6.462345e-02;1.001100e-01;1.698898e-01;5.126288e-02
7.747142e-02;4.790045e-02;1.396713e-01;3.504383e-02;6.965913e-02;1.514685e-01;9.016591e-02;3.992726e-02;5.107399e-02;9.767852e-02;1.487607e-01;5.117907e-02
6.780592e-02;9.464929e-02;9.721347e-02;4.058766e-02;3.917347e-02;1.578574e-01;1.281713e-01;4.457628e-02;4.840519e-02;1.187920e-01;1.110939e-01;5.167415e-02
4.652825e-02;1.441013e-01;8.073415e-02;3.583235e-02;4.007613e-02;8.311831e-02;1.542355e-01;7.929379e-02;8.145201e-02;1.281495e-01;7.749780e-02;4.898080e-02
6.291415e-02;1.032125e-01;9.290843e-02;5.307481e-02;6.541853e-02;4.276461e-02;1.238725e-01;1.059630e-01;1.085426e-01;1.454306e-01;6.515075e-02;3.074753e-02
4.988414e-02;6.893159e-02;1.163437e-01;4.305505e-02;9.269918e-02;6.471182e-02;1.084334e-01;8.166280e-02;1.409768e-01;1.561546e-01;5.953828e-02;1.760854e-02
6.209462e-02;5.975262e-02;9.003460e-02;3.671799e-02;9.799019e-02;9.983798e-02;1.056772e-01;1.000896e-01;1.460246e-01;1.123261e-01;6.357615e-02;2.587835e-02
4.972262e-02;5.710385e-02;4.216651e-02;4.743182e-02;6.504665e-02;6.754741e-02;1.209557e-01;1.154473e-01;1.449236e-01;1.644668e-01;7.835182e-02;4.683595e-02
4.800270e-02;2.937521e-02;5.424753e-02;2.668064e-02;4.632102e-02;7.110219e-02;1.580348e-01;1.067846e-01;1.535167e-01;1.640273e-01;1.072398e-01;3.466755e-02
6.809387e-02;2.932731e-02;4.165406e-02;4.307560e-02;4.347448e-02;5.891005e-02;1.314626e-01;1.462628e-01;2.050902e-01;1.040451e-01;9.687564e-02;3.172831e-02
7.527915e-02;5.103774e-02;3.474293e-02;6.169041e-02;5.779060e-02;7.060794e-02;7.380381e-02;1.619513e-01;1.790523e-01;1.076475e-01;8.964273e-02;3.675365e-02
8.203337e-02;6.779882e-02;4.809825e-02;5.989718e-02;6.152690e-02;8.693139e-02;7.448400e-02;1.368427e-01;1.121159e-01;1.138103e-01;1.112060e-01;4.525515e-02
7.338744e-02;7.293364e-02;6.034388e-02;7.173520e-02;4.224265e-02;6.465910e-02;1.039648e-01;1.566014e-01;1.200039e-01;9.075531e-02;8.675573e-02;5.661693e-02
6.353690e-02;8.429043e-02;5.275826e-02;7.658701e-02;4.302110e-02;5.337486e-02;9.922920e-02;1.582818e-01;8.387594e-02;1.239194e-01;8.787250e-02;7.325272e-02
5.905033e-02;9.430771e-02;7.970680e-02;7.097295e-02;4.920990e-02;4.970599e-02;1.111803e-01;1.308801e-01;9.986702e-02;1.152806e-01;8.434779e-02;5.549055e-02
7.373229e-02;9.052137e-02;1.252568e-01;7.002747e-02;6.047409e-02;5.240164e-02;1.366368e-01;1.032592e-01;1.252678e-01;6.998205e-02;3.588647e-02;5.655400e-02
1.361257e-01;8.413643e-02;1.613125e-01;5.127033e-02;5.327963e-02;4.484243e-02;1.395804e-01;4.743415e-02;8.480147e-02;8.693207e-02;4.437945e-02;6.590556e-02
1.228687e-01;8.654916e-02;1.231635e-01;3.862518e-02;7.121138e-02;4.939706e-02;8.724408e-02;6.698176e-02;8.970208e-02;1.091907e-01;6.683831e-02;8.822808e-02
8.727180e-02;8.714197e-02;7.385471e-02;4.006067e-02;1.006616e-01;4.291726e-02;5.390181e-02;7.517234e-02;7.805900e-02;1.632357e-01;8.260895e-02;1.151142e-01
5.148052e-02;8.541121e-02;4.374265e-02;4.595067e-02;1.234599e-01;4.773787e-02;6.248052e-02;6.773112e-02;7.194631e-02;2.028053e-01;7.693143e-02;1.203225e-01
3.709098e-02;6.885522e-02;7.857459e-02;6.016012e-02;1.035149e-01;6.642959e-02;1.028971e-01;5.115879e-02;1.037269e-01;1.713354e-01;6.994389e-02;8.631244e-02
4.338779e-02;5.339439e-02;1.182763e-01;5.998897e-02;6.924229e-02;9.077705e-02;1.206216e-01;5.711313e-02;1.278474e-01;1.176650e-01;8.932523e-02;5.236081e-02
3.899693e-02;4.252648e-02;8.879898e-02;2.486571e-02;6.188418e-02;1.037436e-01;1.475344e-01;9.081129e-02;1.219029e-01;1.389441e-01;9.191622e-02;4.807521e-02
2.013651e-02;4.428298e-02;3.089610e-02;2.628625e-02;6.617025e-02;5.184867e-02;1.587479e-01;1.079766e-01;1.380905e-01;2.484620e-01;6.499181e-02;4.211044e-02
2.855203e-02;2.837122e-02;2.293326e-02;2.794301e-02;7.248583e-02;3.424638e-02;8.974396e-02;8.805923e-02;1.705753e-01;3.191957e-01;8.013282e-02;3.776137e-02
4.977322e-02;2.165251e-02;3.819093e-02;6.046342e-02;6.697555e-02;3.904128e-02;1.257293e-01;4.776054e-02;1.204655e-01;3.074145e-01;8.150724e-02;4.102616e-02
8.752659e-02;4.351826e-02;5.551368e-02;8.884504e-02;5.888993e-02;2.460639e-02;1.221259e-01;5.075015e-02;1.654391e-01;1.805960e-01;7.243072e-02;4.975818e-02
8.991146e-02;4.848293e-02;8.929876e-02;1.198036e-01;6.784294e-02;2.265046e-02;1.092886e-01;6.353839e-02;1.810803e-01;1.115751e-01;6.174223e-02;3.478516e-02
6.290698e-02;7.021057e-02;1.327941e-01;1.446299e-01;8.545404e-02;2.155171e-02;9.524852e-02;9.652638e-02;1.608004e-01;6.248745e-02;4.142239e-02;2.596762e-02
3.363642e-02;1.418831e-01;1.622310e-01;1.183543e-01;1.003918e-01;5.070005e-02;8.972837e-02;8.820019e-02;1.258864e-01;3.968176e-02;2.318994e-02;2.611658e-02
1.741823e-02;1.727204e-01;1.914764e-01;7.270758e-02;7.825720e-02;1.053664e-01;1.155074e-01;7.002403e-02;8.704679e-02;2.768015e-02;1.441112e-02;4.738436e-02
1.989644e-02;1.390277e-01;2.242043e-01;5.783301e-02;3.783026e-02;1.328818e-01;1.321881e-01;7.436897e-02;5.994809e-02;2.817091e-02;1.478874e-02;7.886168e-02
2.113016e-02;1.069601e-01;2.390415e-01;5.601756e-02;4.171197e-02;1.075975e-01;1.638543e-01;6.568346e-02;5.136287e-02;3.952659e-02;2.385730e-02;8.325671e-02
3.313497e-02;9.006960e-02;2.392787e-01;5.823838e-02;6.048699e-02;7.947294e-02;1.781285e-01;5.311937e-02;5.241461e-02;4.668117e-02;4.003523e-02;6.893959e-02
6.094328e-02;1.158977e-01;2.093221e-01;7.137413e-02;6.956860e-02;7.665098e-02;1.516884e-01;4.678041e-02;5.302409e-02;5.258859e-02;4.798360e-02;4.417808e-02
5.538645e-02;1.223735e-01;1.662961e-01;7.316114e-02;5.185947e-02;1.201537e-01;1.609522e-01;3.346292e-02;5.796034e-02;6.767858e-02;4.918541e-02;4.153017e-02
5.296675e-02;1.212820e-01;2.074242e-01;6.019004e-02;5.922307e-02;9.457978e-02;1.274699e-01;3.411234e-02;6.393460e-02;7.830291e-02;5.273188e-02;4.778252e-02
5.764636e-02;1.543808e-01;2.071466e-01;6.011894e-02;5.990082e-02;3.791047e-02;5.945646e-02;6.937449e-02;1.013696e-01;6.416335e-02;6.679472e-02;6.173739e-02
5.181222e-02;1.280156e-01;1.687994e-01;6.909597e-02;6.351124e-02;3.600693e-02;4.902047e-02;9.829895e-02;1.357917e-01;4.235292e-02;6.866831e-02;8.862627e-02
4.422590e-02;6.933664e-02;1.353917e-01;8.465087e-02;6.371319e-02;4.050717e-02;8.920338e-02;1.068075e-01;1.167503e-01;6.485520e-02;8.652588e-02;9.803230e-02
4.648810e-02;7.159552e-02;1.660855e-01;6.958103e-02;8.141348e-02;4.183540e-02;1.216631e-01;8.659310e-02;8.630820e-02;8.056699e-02;7.979712e-02;6.807253e-02
5.040986e-02;8.003327e-02;1.704355e-01;6.643131e-02;7.025636e-02;8.169580e-02;1.133096e-01;5.879834e-02;9.930357e-02;7.025572e-02;8.246850e-02;5.660221e-02
7.911175e-02;1.010636e-01;1.574270e-01;5.264097e-02;4.785805e-02;8.760152e-02;9.414071e-02;6.661632e-02;7.798555e-02;8.278457e-02;8.090806e-02;7.186189e-02
1.253906e-01;1.255811e-01;1.251549e-01;5.756768e-02;5.622433e-02;5.503480e-02;6.566218e-02;3.022127e-02;1.110907e-01;1.353966e-01;6.642059e-02;4.625512e-02
1.331135e-01;1.436440e-01;7.922110e-02;7.134026e-02;8.129964e-02;4.486181e-02;5.368907e-02;1.564232e-02;1.222449e-01;1.749436e-01;5.237606e-02;2.762368e-02
1.113063e-01;2.040585e-01;2.189640e-02;8.182991e-02;1.250014e-01;3.701067e-02;2.532892e-02;1.655507e-02;1.285368e-01;2.106079e-01;2.323731e-02;1.463083e-02
6.334884e-02;2.587392e-01;2.785895e-02;6.220721e-02;1.796441e-01;3.211815e-02;2.093543e-02;1.039737e-02;8.861196e-02;2.195131e-01;1.467002e-02;2.195566e-02
2.198294e-02;2.468306e-01;3.480899e-02;4.052093e-02;2.358548e-01;3.609192e-02;1.679976e-02;1.229756e-02;5.391052e-02;2.632546e-01;1.738295e-02;2.026438e-02
6.309773e-03;1.849717e-01;2.299429e-02;3.706882e-02;2.656172e-01;5.562523e-02;1.257186e-02;1.729394e-02;4.301760e-02;3.071671e-01;3.277024e-02;1.459224e-02
5.386361e-03;1.377546e-01;1.324916e-02;3.587310e-02;2.645560e-01;9.445259e-02;1.390334e-02;4.047690e-02;4.348054e-02;3.194380e-01;1.982540e-02;1.160404e-02
6.047217e-03;1.112533e-01;1.252355e-02;3.476577e-02;2.431489e-01;9.879632e-02;1.633805e-02;7.400794e-02;4.103664e-02;3.209193e-01;2.349589e-02;1.766717e-02
1.814198e-02;8.916105e-02;2.901551e-02;4.833670e-02;1.878365e-01;7.779489e-02;4.369564e-02;8.669721e-02;6.335448e-02;3.014722e-01;2.891753e-02;2.557625e-02
2.719023e-02;7.399488e-02;6.716889e-02;6.439791e-02;1.142360e-01;7.075137e-02;1.152199e-01;8.905019e-02;8.577348e-02;2.445288e-01;2.314564e-02;2.454267e-02
3.974803e-02;7.955366e-02;8.670545e-02;8.549005e-02;6.621379e-02;6.105801e-02;1.512436e-01;9.160685e-02;9.653208e-02;1.954844e-01;3.186949e-02;1.449464e-02
4.129623e-02;8.163429e-02;5.780795e-02;1.050734e-01;1.043154e-01;5.795806e-02;1.667940e-01;6.115875e-02;1.272199e-01;1.428816e-01;3.781254e-02;1.604788e-02
3.670106e-02;5.449180e-02;3.174772e-02;1.068774e-01;1.158416e-01;5.582159e-02;1.847857e-01;4.642791e-02;1.312595e-01;1.845651e-01;2.960739e-02;2.187317e-02
5.297791e-02;4.381810e-02;5.012165e-02;1.081151e-01;7.503644e-02;4.701715e-02;1.627303e-01;6.351463e-02;1.269888e-01;1.936236e-01;3.878628e-02;3.727012e-02
6.061157e-02;4.129987e-02;1.308686e-01;1.200946e-01;3.219672e-02;2.520255e-02;1.984732e-01;7.330798e-02;1.255639e-01;1.306873e-01;3.550979e-02;2.618393e-02
4.910148e-02;2.837837e-02;1.853097e-01;1.229846e-01;4.125540e-02;2.516247e-02;2.097602e-01;8.570945e-02;1.171648e-01;1.002100e-01;2.610078e-02;8.862772e-03
3.748848e-02;2.097059e-02;1.807187e-01;1.416960e-01;4.554523e-02;1.995704e-02;1.638946e-01;1.358812e-01;1.236401e-01;1.048193e-01;2.084843e-02;4.540467e-03
3.078896e-02;3.368077e-02;1.334134e-01;1.601279e-01;5.314400e-02;1.603752e-02;1.361533e-01;1.862633e-01;1.172243e-01;1.056614e-01;1.931750e-02;8.187627e-03
2.038616e-02;5.449334e-02;1.153727e-01;1.162280e-01;7.856189e-02;2.687073e-02;1.776820e-01;1.820497e-01;1.023145e-01;8.997146e-02;2.005781e-02;1.601165e-02
2.240787e-02;6.121076e-02;1.417494e-01;5.903595e-02;8.027763e-02;2.441365e-02;2.397697e-01;1.467520e-01;1.005843e-01;7.816666e-02;2.277933e-02;2.285276e-02
5.117450e-02;8.412493e-02;7.269944e-02;6.622718e-02;6.519473e-02;4.624579e-02;2.462429e-01;1.329662e-01;9.063316e-02;8.792847e-02;3.419621e-02;2.236652e-02
8.446407e-02;1.085283e-01;5.610944e-02;7.129828e-02;6.439502e-02;5.803796e-02;2.373022e-01;9.637904e-02;7.692876e-02;8.200443e-02;4.155196e-02;2.300062e-02
1.232432e-01;9.037802e-02;6.914672e-02;8.034158e-02;8.807250e-02;7.442866e-02;2.201925e-01;5.237530e-02;8.297238e-02;6.792080e-02;3.347263e-02;1.745576e-02
1.629999e-01;6.851058e-02;4.397683e-02;7.830250e-02;8.819366e-02;9.297970e-02;1.884546e-01;6.390971e-02;9.488373e-02;7.516388e-02;2.231722e-02;2.030776e-02
1.962553e-01;7.677512e-02;3.352839e-02;5.837547e-02;8.477931e-02;1.096919e-01;1.038752e-01;9.224358e-02;1.176527e-01;8.008020e-02;1.984618e-02;2.689668e-02
1.549902e-01;5.724716e-02;3.924653e-02;3.430108e-02;8.544574e-02;1.095460e-01;1.505059e-01;9.289411e-02;1.351423e-01;1.000208e-01;1.755928e-02;2.310083e-02
1.518227e-01;6.718419e-02;2.761034e-02;3.722647e-02;7.776279e-02;8.959012e-02;1.956163e-01;8.452699e-02;1.242396e-01;1.095747e-01;1.626725e-02;1.857861e-02
1.474379e-01;7.824443e-02;6.229551e-02;5.003914e-02;5.590971e-02;6.169505e-02;2.328478e-01;8.948995e-02;9.897877e-02;9.583336e-02;9.461808e-03;1.776667e-02
1.247846e-01;8.099412e-02;1.189927e-01;5.067500e-02;4.435794e-02;7.176282e-02;2.895675e-01;4.731483e-02;5.956955e-02;7.183470e-02;1.540199e-02;2.474434e-02
1.047850e-01;9.315421e-02;1.437916e-01;4.306442e-02;4.769497e-02;7.490718e-02;3.251911e-01;2.831589e-02;3.262782e-02;5.144152e-02;1.968956e-02;3.533673e-02
9.604497e-02;1.121754e-01;1.260163e-01;4.504403e-02;4.300224e-02;6.874523e-02;3.357892e-01;4.452486e-02;1.966295e-02;3.745165e-02;2.472514e-02;4.681806e-02
1.221967e-01;1.120337e-01;7.955807e-02;4.899907e-02;4.192679e-02;6.666198e-02;3.408461e-01;5.746211e-02;1.865264e-02;4.617347e-02;1.882971e-02;4.665967e-02
1.667558e-01;9.048311e-02;5.037407e-02;4.927894e-02;6.314613e-02;7.967421e-02;3.134631e-01;5.550420e-02;1.530761e-02;6.578870e-02;1.341846e-02;3.680578e-02
1.816815e-01;7.241907e-02;7.476003e-02;4.558283e-02;7.618725e-02;8.343975e-02;2.643490e-01;4.669726e-02;1.866273e-02;7.199918e-02;2.783771e-02;3.638368e-02
1.715840e-01;4.243932e-02;1.398633e-01;5.112937e-02;6.682609e-02;7.251433e-02;2.016071e-01;6.190368e-02;2.283026e-02;7.413171e-02;3.753842e-02;5.763229e-02
1.728135e-01;8.077474e-02;1.791346e-01;5.589359e-02;3.402071e-02;5.083257e-02;1.458086e-01;5.859629e-02;2.173780e-02;7.925538e-02;3.943966e-02;8.169252e-02
1.493148e-01;1.100402e-01;1.228179e-01;6.721038e-02;5.289294e-02;5.525341e-02;1.502336e-01;5.181941e-02;6.418277e-02;5.411208e-02;5.021638e-02;7.190607e-02
8.885156e-02;8.661802e-02;5.454110e-02;8.921458e-02;7.218435e-02;6.999563e-02;1.416218e-01;5.012474e-02;9.655025e-02;1.041337e-01;8.923561e-02;5.692877e-02
5.967079e-02;7.081078e-02;5.688746e-02;7.425880e-02;9.823544e-02;8.591826e-02;1.662445e-01;3.972440e-02;8.768199e-02;1.204960e-01;9.502009e-02;4.505147e-02
5.416765e-02;6.356003e-02;7.205460e-02;9.501497e-02;9.127916e-02;7.440127e-02;1.798932e-01;6.083371e-02;5.458698e-02;9.326848e-02;1.037849e-01;5.715507e-02
6.835987e-02;6.118499e-02;9.289001e-02;8.950218e-02;7.340898e-02;8.483764e-02;1.546043e-01;6.769739e-02;5.083180e-02;7.232150e-02;1.031135e-01;8.124790e-02
8.195518e-02;5.760312e-02;9.184907e-02;9.139163e-02;6.788684e-02;8.115891e-02;1.349593e-01;7.448187e-02;7.895275e-02;5.513154e-02;7.687169e-02;1.077581e-01
4.019430e-02;5.209481e-02;6.471054e-02;1.154962e-01;6.331253e-02;1.005872e-01;1.084209e-01;9.040994e-02;1.427999e-01;6.646504e-02;6.166400e-02;9.384463e-02
4.977053e-02;7.692716e-02;8.614290e-02;7.475393e-02;5.793764e-02;9.125325e-02;1.053039e-01;9.771916e-02;1.872427e-01;9.686737e-02;4.001574e-02;3.606572e-02
6.091281e-02;8.879129e-02;1.128120e-01;7.168880e-02;8.694988e-02;6.260543e-02;1.015843e-01;9.717270e-02;1.204546e-01;1.023199e-01;5.070972e-02;4.399863e-02
4.730419e-02;8.149548e-02;1.657014e-01;7.489944e-02;7.633271e-02;5.514833e-02;1.143788e-01;9.439369e-02;7.644349e-02;1.229763e-01;6.700442e-02;2.392174e-02
5.011649e-02;6.642684e-02;1.409428e-01;6.824660e-02;6.732050e-02;4.286065e-02;7.545264e-02;1.138728e-01;1.105752e-01;1.795379e-01;5.195685e-02;3.269076e-02
5.720548e-02;6.886271e-02;1.135967e-01;6.301670e-02;7.579444e-02;4.886118e-02;5.793156e-02;1.421881e-01;8.833721e-02;2.060021e-01;3.377955e-02;4.442425e-02
6.915420e-02;7.719699e-02;8.667741e-02;6.675615e-02;6.730356e-02;6.540508e-02;5.864076e-02;1.214312e-01;1.090545e-01;1.483733e-01;6.585053e-02;6.415633e-02
8.198500e-02;7.583539e-02;9.964941e-02;7.410231e-02;6.647159e-02;7.319859e-02;5.718319e-02;1.177009e-01;8.579181e-02;1.028902e-01;8.182474e-02;8.336681e-02
6.858660e-02;7.248807e-02;1.411356e-01;1.057251e-01;5.014336e-02;6.348240e-02;6.758562e-02;1.336649e-01;7.613467e-02;8.917597e-02;6.116926e-02;7.070842e-02
5.791888e-02;5.591001e-02;9.906419e-02;1.073566e-01;5.631073e-02;5.316543e-02;9.590057e-02;1.306968e-01;1.034874e-01;9.349056e-02;5.332490e-02;9.337395e-02
5.353698e-02;3.467095e-02;9.101124e-02;6.615314e-02;8.110822e-02;9.403557e-02;1.057854e-01;1.565370e-01;6.961286e-02;1.163191e-01;3.771804e-02;9.351146e-02
8.063274e-02;7.097039e-02;1.681792e-01;5.116446e-02;6.191496e-02;6.570283e-02;1.631278e-01;1.004283e-01;7.111479e-02;7.136673e-02;4.332201e-02;5.207588e-02
1.329898e-01;1.105706e-01;1.400532e-01;4.156506e-02;4.467550e-02;3.412954e-02;1.511864e-01;1.105925e-01;4.697163e-02;5.363144e-02;6.689683e-02;6.673752e-02
1.869692e-01;1.047606e-01;1.029585e-01;4.020881e-02;3.320064e-02;3.900926e-02;1.256240e-01;1.108373e-01;4.171425e-02;5.496587e-02;6.557205e-02;9.417950e-02
2.979736e-01;1.133746e-01;6.292329e-02;3.317870e-02;1.696595e-02;4.013717e-02;8.479878e-02;8.341449e-02;4.765526e-02;5.630622e-02;4.877956e-02;1.144925e-01
4.679408e-01;1.356565e-01;2.824146e-02;1.790435e-02;1.154174e-02;3.797533e-02;4.366974e-02;4.093874e-02;5.285482e-02;4.680301e-02;1.842935e-02;9.804425e-02
5.083019e-01;1.550915e-01;4.427192e-02;1.490436e-02;2.413594e-02;2.543798e-02;2.761253e-02;5.349615e-02;4.353320e-02;2.611325e-02;1.501056e-02;6.209078e-02
4.624621e-01;1.868815e-01;6.072864e-02;1.161773e-02;3.886936e-02;1.516460e-02;3.083822e-02;7.315107e-02;3.815681e-02;1.229653e-02;3.285797e-02;3.697544e-02
3.378745e-01;2.491133e-01;8.058256e-02;2.217901e-02;2.944904e-02;3.133743e-02;3.899456e-02;4.855153e-02;6.869898e-02;1.477158e-02;5.616689e-02;2.228061e-02
1.672968e-01;3.062491e-01;1.311178e-01;2.911841e-02;1.162604e-02;7.539468e-02;3.056638e-02;2.395173e-02;1.238083e-01;1.823630e-02;6.111863e-02;2.151590e-02
4.567298e-02;3.232953e-01;2.388600e-01;2.194171e-02;5.882129e-03;9.177890e-02;1.607471e-02;3.456283e-02;1.424638e-01;2.061994e-02;3.446771e-02;2.437999e-02
9.270530e-02;2.648066e-01;3.670317e-01;1.913679e-02;7.758431e-03;5.295773e-02;2.268653e-02;3.190818e-02;8.130212e-02;2.686779e-02;1.486085e-02;1.797802e-02
7.629379e-02;1.938946e-01;4.804162e-01;4.280025e-02;1.433601e-02;3.650405e-02;4.136238e-02;1.688430e-02;3.436663e-02;2.664423e-02;2.786619e-02;8.631345e-03
5.233283e-02;1.104427e-01;5.133778e-01;9.810265e-02;2.462248e-02;3.145987e-02;3.534738e-02;1.468392e-02;2.564802e-02;3.652478e-02;5.173510e-02;5.722397e-03
4.063042e-02;3.827675e-02;4.789619e-01;1.887433e-01;2.821656e-02;2.392405e-02;2.193561e-02;1.387148e-02;3.450600e-02;3.195353e-02;9.169443e-02;7.285960e-03
2.114897e-02;3.849371e-02;3.450176e-01;2.538961e-01;4.193601e-02;3.131374e-02;3.262911e-02;2.347938e-02;3.619289e-02;9.452897e-03;1.532362e-01;1.320343e-02
4.339787e-02;6.287542e-02;2.597328e-01;2.467143e-01;5.255061e-02;2.382096e-02;2.411455e-02;3.581051e-02;2.515551e-02;1.385816e-02;1.942331e-01;1.773616e-02
3.279870e-02;7.669494e-02;2.120966e-01;2.467175e-01;6.025051e-02;2.323036e-02;1.447756e-02;3.920428e-02;1.953410e-02;1.929010e-02;2.408135e-01;1.489181e-02
4.412005e-02;8.479500e-02;1.608124e-01;2.464152e-01;7.281200e-02;3.928198e-02;1.758385e-02;3.407471e-02;2.208181e-02;1.576765e-02;2.457551e-01;1.650027e-02
3.979582e-02;6.189457e-02;2.146025e-01;2.584302e-01;8.045580e-02;4.299719e-02;1.901713e-02;3.008223e-02;2.528611e-02;1.683105e-02;1.961565e-01;1.445088e-02
2.896407e-02;3.253200e-02;2.731502e-01;3.047040e-01;9.547679e-02;4.378257e-02;1.770997e-02;2.199588e-02;2.237332e-02;1.035495e-02;1.393783e-01;9.577966e-03
1.969562e-02;8.900604e-03;2.989285e-01;3.365810e-01;1.166123e-01;4.437364e-02;2.312114e-02;1.796474e-02;1.858278e-02;1.435324e-02;9.548662e-02;5.399762e-03
2.002718e-02;2.171958e-02;3.929752e-01;2.392572e-01;7.777055e-02;2.551622e-02;5.101725e-02;1.540049e-02;2.202599e-02;5.691725e-02;6.874280e-02;8.630319e-03
2.194394e-02;2.619707e-02;4.696755e-01;1.088201e-01;5.369737e-02;1.876255e-02;8.551598e-02;2.447065e-02;3.122853e-02;1.065511e-01;4.597215e-02;7.165005e-03
3.570791e-02;7.075084e-02;4.532570e-01;5.174680e-02;5.409700e-02;2.096602e-02;7.343853e-02;2.729176e-02;6.310691e-02;1.191936e-01;1.990122e-02;1.054244e-02
9.440633e-02;1.271574e-01;3.174889e-01;7.004063e-02;4.113768e-02;4.129243e-02;4.902536e-02;3.274437e-02;1.118289e-01;8.672936e-02;1.308329e-02;1.506539e-02
1.855017e-01;1.164782e-01;1.986780e-01;6.827822e-02;6.164588e-02;4.443966e-02;5.080772e-02;4.611617e-02;1.112797e-01;6.434456e-02;3.004303e-02;2.238722e-02
2.247265e-01;6.227457e-02;2.062434e-01;6.009012e-02;9.025245e-02;5.661498e-02;5.983311e-02;4.765107e-02;7.506510e-02;3.721468e-02;3.717877e-02;4.285529e-02
2.097396e-01;2.847780e-02;1.498196e-01;7.589815e-02;1.008711e-01;7.720184e-02;8.573938e-02;5.201415e-02;5.984437e-02;4.278433e-02;4.206742e-02;7.554220e-02
1.447561e-01;4.100946e-02;1.324368e-01;7.938444e-02;7.467037e-02;1.004505e-01;9.403195e-02;6.016574e-02;6.092930e-02;7.051427e-02;5.785995e-02;8.379124e-02
4.275196e-02;5.051714e-02;1.635896e-01;6.358333e-02;6.037964e-02;1.535344e-01;1.329485e-01;4.888134e-02;7.601529e-02;6.990834e-02;6.057490e-02;7.731564e-02
8.313541e-02;5.861509e-02;2.054895e-01;6.166730e-02;9.613242e-02;9.048484e-02;1.470906e-01;2.250908e-02;6.331248e-02;6.636037e-02;5.012348e-02;5.507946e-02
1.366224e-01;1.148880e-01;2.287611e-01;3.580540e-02;8.027587e-02;6.596638e-02;9.416390e-02;3.833022e-02;8.178993e-02;4.444298e-02;3.572638e-02;4.322759e-02
1.084965e-01;1.339143e-01;2.586007e-01;3.434706e-02;3.567214e-02;8.938716e-02;3.760353e-02;5.913442e-02;1.204613e-01;4.978709e-02;2.722576e-02;4.537016e-02
4.467341e-02;9.114783e-02;3.681105e-01;3.601060e-02;4.425562e-02;7.249110e-02;3.076791e-02;5.892771e-02;1.215869e-01;7.722627e-02;1.505448e-02;3.974766e-02
1.361505e-02;4.142743e-02;4.853941e-01;3.611680e-02;8.233325e-02;2.895892e-02;6.112890e-02;3.157352e-02;7.337245e-02;1.194022e-01;7.041813e-03;1.963559e-02
1.758274e-02;1.995970e-02;5.510587e-01;3.895666e-02;7.888299e-02;1.773410e-02;7.406915e-02;1.092856e-02;3.156258e-02;1.407425e-01;1.139448e-02;7.127787e-03
1.716021e-02;2.548147e-02;6.076983e-01;4.112961e-02;4.549290e-02;1.308467e-02;6.241015e-02;3.585033e-03;1.616852e-02;1.549299e-01;9.190637e-03;3.668587e-03
6.280442e-03;4.967478e-02;6.368786e-01;3.788077e-02;2.434503e-02;7.484796e-03;4.611191e-02;3.538643e-03;1.397334e-02;1.631802e-01;7.699280e-03;2.952248e-03
6.626029e-03;7.537191e-02;6.226184e-01;2.771533e-02;1.900628e-02;5.789422e-03;3.277000e-02;5.503606e-03;2.623073e-02;1.707776e-01;3.221385e-03;4.369352e-03
1.100727e-02;8.967581e-02;5.814785e-01;2.455361e-02;1.779945e-02;8.668366e-03;2.563675e-02;8.076804e-03;5.447495e-02;1.652850e-01;5.065363e-03;8.278081e-03
3.761853e-02;1.721303e-01;4.621600e-01;1.724750e-02;9.778326e-03;1.574385e-02;2.450801e-02;1.476761e-02;1.140375e-01;1.124213e-01;6.408614e-03;1.317849e-02
9.900408e-02;2.724766e-01;3.258527e-01;1.375076e-02;8.520640e-03;2.275827e-02;1.791345e-02;2.088714e-02;1.490556e-01;5.116693e-02;5.361922e-03;1.325194e-02
2.227638e-01;2.673993e-01;2.045295e-01;1.816148e-02;1.041056e-02;1.850585e-02;4.207840e-02;5.431208e-02;9.787161e-02;2.631665e-02;9.549961e-03;2.810080e-02
3.015182e-01;1.881277e-01;9.640124e-02;3.337305e-02;1.115489e-02;3.547314e-02;9.975818e-02;7.511508e-02;3.607822e-02;1.447164e-02;3.404515e-02;7.448348e-02
2.245464e-01;8.749217e-02;7.609151e-02;5.486411e-02;4.660267e-02;7.596301e-02;1.334404e-01;6.187260e-02;1.540433e-02;4.477600e-02;7.897560e-02;9.997123e-02
1.186506e-01;4.661103e-02;7.393999e-02;6.959312e-02;1.340698e-01;9.011139e-02;9.884631e-02;5.102845e-02;6.796378e-02;8.359187e-02;9.752350e-02;6.807005e-02
6.005150e-02;5.208948e-02;1.018396e-01;1.164563e-01;1.628323e-01;7.281899e-02;8.846127e-02;1.008782e-01;1.104233e-01;4.964622e-02;5.801700e-02;2.648596e-02
4.107985e-02;5.416030e-02;1.341642e-01;1.110003e-01;1.386449e-01;5.539781e-02;1.649832e-01;1.225893e-01;8.882382e-02;3.200555e-02;4.010171e-02;1.704907e-02
5.878140e-02;7.077222e-02;9.659453e-02;9.704655e-02;1.068081e-01;9.710775e-02;2.156759e-01;9.236944e-02;5.484997e-02;6.243928e-02;3.822862e-02;9.326256e-03
8.824551e-02;4.769440e-02;7.139938e-02;1.005888e-01;6.986672e-02;1.541134e-01;1.701583e-01;5.845312e-02;8.675179e-02;9.546982e-02;3.365012e-02;2.360862e-02
7.252432e-02;3.247194e-02;7.978067e-02;6.749751e-02;1.213108e-01;1.463358e-01;7.825777e-02;3.904143e-02;1.745682e-01;9.097946e-02;3.308804e-02;6.414416e-02
3.917345e-02;5.948428e-02;6.649549e-02;8.143971e-02;1.610989e-01;7.764184e-02;4.429393e-02;8.879037e-02;1.695736e-01;7.344912e-02;5.424967e-02;8.430961e-02
4.044568e-02;6.305654e-02;9.229843e-02;1.592633e-01;9.623013e-02;2.899524e-02;6.116801e-02;1.338161e-01;1.003326e-01;6.062029e-02;1.070068e-01;5.676683e-02
5.598484e-02;4.700262e-02;1.687785e-01;1.508687e-01;3.161567e-02;2.770127e-02;1.296166e-01;1.080592e-01;5.630177e-02;9.431996e-02;1.113879e-01;1.836314e-02
5.624652e-02;5.755394e-02;2.002167e-01;7.499380e-02;5.716912e-02;4.345424e-02;1.590902e-01;4.568745e-02;6.255542e-02;1.182363e-01;7.037377e-02;5.442256e-02
4.626962e-02;9.177253e-02;1.510075e-01;4.724405e-02;5.583338e-02;8.034051e-02;1.210806e-01;2.497479e-02;1.367039e-01;9.743860e-02;4.362784e-02;1.037067e-01
7.821348e-02;1.032677e-01;6.982534e-02;6.975227e-02;4.259915e-02;9.013085e-02;6.229641e-02;5.981662e-02;1.401413e-01;7.165901e-02;1.145030e-01;9.779481e-02
1.128059e-01;6.095650e-02;7.428204e-02;7.316269e-02;6.319799e-02;6.398486e-02;5.118764e-02;8.829013e-02;7.125051e-02;9.417818e-02;1.783658e-01;6.833778e-02
8.392359e-02;2.306692e-02;5.466823e-02;6.551197e-02;6.350946e-02;3.810045e-02;8.536546e-02;9.727545e-02;8.135730e-02;1.734081e-01;1.587928e-01;7.502018e-02
5.362939e-02;1.446978e-02;6.668615e-02;9.113044e-02;4.364731e-02;2.711578e-02;1.267603e-01;7.237095e-02;1.152373e-01;1.999776e-01;1.043354e-01;8.463955e-02
3.991989e-02;2.443098e-02;1.295059e-01;1.056753e-01;4.093767e-02;3.939750e-02;1.687608e-01;2.745122e-02;1.186812e-01;1.645892e-01;7.030587e-02;7.034443e-02
2.344615e-02;3.111082e-02;2.057461e-01;1.052807e-01;4.572873e-02;4.700556e-02;2.110546e-01;2.435036e-02;7.449439e-02;1.051596e-01;7.362057e-02;5.300248e-02
3.691456e-02;4.361761e-02;2.597368e-01;8.312432e-02;5.038213e-02;4.486443e-02;2.350298e-01;4.095072e-02;5.131070e-02;2.335899e-02;8.515843e-02;4.555150e-02
2.784116e-02;3.889851e-02;2.534128e-01;5.615977e-02;4.075685e-02;5.314118e-02;2.083788e-01;5.032921e-02;8.159763e-02;6.611951e-02;8.730536e-02;3.605919e-02
2.232788e-02;2.875467e-02;2.307104e-01;6.138745e-02;8.236513e-02;5.977524e-02;1.905477e-01;3.653749e-02;1.013759e-01;7.656115e-02;7.892419e-02;3.073290e-02
1.392058e-02;3.600052e-02;2.324702e-01;7.790356e-02;9.727664e-02;6.049591e-02;1.855000e-01;2.472846e-02;8.972179e-02;1.023313e-01;4.142996e-02;3.822104e-02
2.938501e-02;3.357666e-02;2.112525e-01;6.258251e-02;8.301510e-02;6.366874e-02;1.732402e-01;4.177027e-02;6.154906e-02;1.128415e-01;7.264411e-02;5.447430e-02
2.765347e-02;2.764449e-02;1.816873e-01;5.021907e-02;7.058755e-02;8.216101e-02;1.904364e-01;5.881971e-02;5.388333e-02;8.879773e-02;1.108055e-01;5.730436e-02
1.845553e-02;2.745160e-02;1.907941e-01;5.649314e-02;7.966164e-02;8.648425e-02;1.755574e-01;5.415610e-02;9.463469e-02;6.184162e-02;1.088509e-01;4.561913e-02
2.224159e-02;3.446447e-02;1.910992e-01;3.021970e-02;8.767814e-02;7.287712e-02;1.855363e-01;4.528090e-02;1.396395e-01;6.067957e-02;8.468767e-02;4.559576e-02
2.855787e-02;4.129240e-02;1.960177e-01;6.176624e-02;6.987574e-02;7.713785e-02;2.368238e-01;3.142276e-02;1.037029e-01;6.867828e-02;3.841045e-02;4.631402e-02
5.141687e-02;4.062667e-02;1.501808e-01;6.509382e-02;8.711538e-02;1.187162e-01;2.743895e-01;4.612843e-02;4.596557e-02;4.506383e-02;3.106939e-02;4.423352e-02
5.718780e-02;4.885378e-02;9.793047e-02;3.845792e-02;1.188167e-01;1.194705e-01;2.386824e-01;5.331950e-02;7.862019e-02;6.836829e-02;5.345568e-02;2.683684e-02
2.897993e-02;3.316943e-02;1.364127e-01;5.109061e-02;1.035842e-01;7.021766e-02;2.202606e-01;5.451939e-02;1.094848e-01;8.886019e-02;7.679062e-02;2.662987e-02
4.259151e-02;4.269537e-02;1.559013e-01;6.942665e-02;9.337401e-02;6.127195e-02;1.909118e-01;4.862844e-02;7.426627e-02;1.045185e-01;8.589040e-02;3.052383e-02
