6.849288e-02;6.095514e-02;1.229361e-01;5.973495e-02;4.750007e-02;3.805176e-02;8.406266e-02;7.053724e-02;9.848486e-02;1.210711e-01;1.213073e-01;1.068659e-01
9.910652e-02;7.023156e-02;8.001400e-02;4.215483e-02;4.157560e-02;3.622359e-02;4.874928e-02;7.070161e-02;9.578501e-02;1.477042e-01;1.571829e-01;1.105708e-01
1.062800e-01;7.601558e-02;6.527869e-02;3.935023e-02;3.803004e-02;5.995256e-02;7.045139e-02;7.691886e-02;7.648353e-02;1.471635e-01;1.569742e-01;8.710138e-02
5.545225e-02;9.187327e-02;9.799399e-02;2.592233e-02;5.908727e-02;6.351429e-02;8.607779e-02;4.738045e-02;1.349294e-01;1.424596e-01;1.408512e-01;5.445816e-02
7.503010e-02;9.306267e-02;1.026841e-01;4.125923e-02;7.988885e-02;2.486398e-02;5.132306e-02;8.128113e-02;1.358968e-01;1.157196e-01;1.577469e-01;4.124355e-02
1.077816e-01;5.781808e-02;7.680117e-02;4.585707e-02;7.190936e-02;3.534162e-02;9.127410e-02;1.092124e-01;1.040705e-01;8.731367e-02;1.355275e-01;7.709310e-02
1.580144e-01;5.491867e-02;7.992843e-02;5.366313e-02;5.474713e-02;4.165138e-02;1.034692e-01;1.057772e-01;6.082056e-02;7.777561e-02;8.379323e-02;1.254410e-01
2.149062e-01;4.623291e-02;7.906669e-02;4.258725e-02;5.067474e-02;3.647806e-02;9.093340e-02;1.297678e-01;4.422118e-02;8.004138e-02;7.322066e-02;1.118697e-01
2.761990e-01;3.642917e-02;6.857522e-02;1.619737e-02;4.773293e-02;2.899591e-02;8.947594e-02;1.884165e-01;2.983996e-02;5.166366e-02;9.517609e-02;7.129824e-02
1.838034e-01;2.541538e-02;4.373184e-02;3.354316e-02;2.444684e-02;2.739525e-02;1.391627e-01;1.739403e-01;3.844788e-02;1.233998e-01;6.138189e-02;1.253316e-01
1.249607e-01;2.193679e-02;3.514695e-02;6.482936e-02;1.852315e-02;3.764139e-02;1.973816e-01;1.380363e-01;3.423147e-02;1.630598e-01;3.190071e-02;1.323518e-01
1.175625e-01;2.537572e-02;2.610314e-02;8.916151e-02;2.376661e-02;4.762022e-02;2.267679e-01;7.874147e-02;2.977513e-02;1.331315e-01;3.655400e-02;1.654403e-01
8.997577e-02;2.846304e-02;3.821989e-02;1.006745e-01;2.521626e-02;5.177610e-02;2.374596e-01;4.284564e-02;4.716813e-02;1.083944e-01;5.100436e-02;1.788024e-01
6.554697e-02;3.890210e-02;4.482072e-02;9.643245e-02;3.403416e-02;5.705108e-02;2.294082e-01;6.450781e-02;6.268574e-02;8.387731e-02;6.014485e-02;1.625887e-01
8.871377e-02;5.143651e-02;6.931915e-02;9.266694e-02;6.173704e-02;4.740251e-02;1.791453e-01;1.325577e-01;5.170427e-02;6.034604e-02;5.184539e-02;1.131253e-01
7.894725e-02;3.980682e-02;8.138205e-02;5.593437e-02;5.608910e-02;2.282499e-02;1.692467e-01;1.525724e-01;3.507851e-02;7.152756e-02;5.963657e-02;1.769537e-01
1.130904e-01;3.369356e-02;7.703559e-02;5.306479e-02;3.154822e-02;2.453965e-02;1.758717e-01;1.186748e-01;3.670096e-02;9.648618e-02;6.569246e-02;1.736018e-01
1.028127e-01;4.443988e-02;8.855753e-02;7.387359e-02;3.090218e-02;3.185635e-02;1.969790e-01;8.973210e-02;4.572963e-02;1.061914e-01;5.284403e-02;1.360817e-01
9.659865e-02;4.498830e-02;9.271173e-02;8.647165e-02;3.430414e-02;2.890094e-02;1.780239e-01;6.829669e-02;3.539909e-02;9.344583e-02;6.092699e-02;1.799321e-01
9.476985e-02;4.076723e-02;7.172216e-02;8.674829e-02;2.174953e-02;5.299839e-02;1.398573e-01;8.462792e-02;4.933905e-02;7.775378e-02;8.287562e-02;1.967909e-01
1.012200e-01;3.934662e-02;1.012307e-01;6.470328e-02;2.131957e-02;7.603755e-02;1.272665e-01;9.579813e-02;6.665728e-02;9.206153e-02;4.612783e-02;1.682310e-01
8.552070e-02;2.583297e-02;1.472184e-01;6.312762e-02;3.574764e-02;6.731428e-02;1.597965e-01;1.004198e-01;6.029866e-02;8.149370e-02;7.003577e-02;1.031939e-01
7.207994e-02;4.383146e-02;1.149112e-01;9.304743e-02;5.113699e-02;4.137936e-02;1.827927e-01;1.130226e-01;4.986298e-02;7.142361e-02;8.142006e-02;8.509164e-02
1.055967e-01;5.953343e-02;8.763257e-02;7.756454e-02;7.023468e-02;2.603536e-02;1.494756e-01;1.304902e-01;5.046919e-02;7.717850e-02;4.118922e-02;1.246000e-01
9.848543e-02;6.529357e-02;7.316802e-02;6.218459e-02;8.458591e-02;3.184218e-02;1.578045e-01;1.246682e-01;7.463261e-02;9.768763e-02;2.704771e-02;1.025997e-01
1.057455e-01;8.072273e-02;6.167910e-02;8.022836e-02;7.032885e-02;7.984477e-02;1.729343e-01;9.406280e-02;7.019585e-02;1.036820e-01;4.133392e-02;3.924187e-02
5.459778e-02;6.584434e-02;8.550124e-02;7.340230e-02;7.071171e-02;8.920892e-02;1.763201e-01;7.698423e-02;8.915008e-02;7.186691e-02;6.006902e-02;8.634339e-02
7.994524e-02;5.083582e-02;8.197660e-02;6.705692e-02;8.610298e-02;5.146870e-02;1.834313e-01;1.183939e-01;9.976926e-02;4.597801e-02;3.978936e-02;9.525186e-02
7.856491e-02;7.271766e-02;2.056960e-01;1.010073e-01;7.113557e-02;4.980778e-02;9.936903e-02;1.061769e-01;4.541507e-02;5.608318e-02;5.247986e-02;6.154672e-02
6.223371e-02;8.463746e-02;3.669780e-01;7.349951e-02;4.901793e-02;3.267374e-02;8.056173e-02;6.033221e-02;3.211860e-02;7.686568e-02;5.098651e-02;3.009498e-02
5.408728e-02;8.523128e-02;4.557939e-01;7.998817e-02;3.006314e-02;2.272895e-02;5.611978e-02;2.950199e-02;3.806615e-02;8.644263e-02;5.082311e-02;1.115360e-02
3.270389e-02;5.738495e-02;4.638754e-01;1.668223e-01;2.827824e-02;9.453821e-03;2.700895e-02;1.405431e-02;2.579233e-02;8.310182e-02;8.181906e-02;9.704956e-03
1.199044e-02;2.085561e-02;3.305892e-01;2.928085e-01;9.010457e-02;1.154513e-02;9.832052e-03;1.812927e-02;9.568913e-03;4.880661e-02;1.346361e-01;2.113350e-02
7.287569e-03;6.496600e-03;1.373897e-01;3.210987e-01;2.564172e-01;1.659086e-02;8.409176e-03;2.808303e-02;8.562175e-03;1.839973e-02;1.310311e-01;6.023411e-02
7.619882e-03;9.781321e-03;6.065219e-02;2.097704e-01;4.247531e-01;4.932037e-02;1.784777e-02;2.496654e-02;1.256218e-02;1.088184e-02;6.296594e-02;1.088784e-01
3.063166e-02;5.619752e-03;4.743265e-02;1.237924e-01;4.229997e-01;1.221481e-01;5.355221e-02;1.372865e-02;2.333925e-02;1.706005e-02;2.286682e-02;1.168288e-01
6.304987e-02;1.057727e-02;3.446928e-02;7.451823e-02;2.625118e-01;2.308525e-01;1.272747e-01;2.868175e-02;2.195138e-02;5.298027e-02;4.241582e-02;5.071711e-02
6.005764e-02;1.960242e-02;3.180011e-02;5.431055e-02;1.127202e-01;2.667793e-01;2.315235e-01;3.391205e-02;1.314100e-02;8.720860e-02;6.986250e-02;1.908207e-02
2.757333e-02;3.173322e-02;2.333060e-02;5.829408e-02;8.738697e-02;2.070548e-01;3.451100e-01;2.205706e-02;7.117614e-03;7.082400e-02;8.890121e-02;3.061716e-02
2.604320e-02;3.534949e-02;1.057384e-02;5.762863e-02;8.482248e-02;1.682378e-01;4.169551e-01;1.497131e-02;6.415308e-03;3.663515e-02;1.042281e-01;3.813957e-02
7.444114e-02;3.922792e-02;1.366334e-02;6.024682e-02;8.344327e-02;1.593843e-01;3.680744e-01;1.599511e-02;8.823415e-03;8.238930e-02;6.403596e-02;3.027502e-02
1.430920e-01;5.232731e-02;4.532657e-02;5.573083e-02;9.858935e-02;1.446802e-01;2.687267e-01;1.739628e-02;1.802854e-02;8.548141e-02;2.339556e-02;4.722524e-02
1.534685e-01;8.558765e-02;8.797690e-02;4.391322e-02;1.120653e-01;1.163317e-01;1.991834e-01;2.797805e-02;3.376863e-02;6.732731e-02;1.521639e-02;5.718294e-02
1.113021e-01;9.181628e-02;9.593430e-02;5.498480e-02;1.361943e-01;1.138688e-01;1.501463e-01;6.031609e-02;4.357892e-02;5.282787e-02;3.199473e-02;5.703545e-02
5.460147e-02;6.544163e-02;7.798200e-02;7.114553e-02;1.311220e-01;1.440782e-01;1.532075e-01;7.887482e-02;7.640242e-02;5.715671e-02;4.216306e-02;4.782469e-02
3.251501e-02;4.606381e-02;7.955513e-02;8.259095e-02;1.326756e-01;1.505256e-01;1.664288e-01;7.427742e-02;9.027149e-02;6.135962e-02;3.678951e-02;4.694712e-02
3.931494e-02;3.692484e-02;1.086373e-01;6.980538e-02;1.355123e-01;1.291407e-01;1.680370e-01;8.136864e-02;5.732606e-02;9.631525e-02;2.758299e-02;5.003463e-02
3.238787e-02;4.618663e-02;1.100291e-01;1.066280e-01;1.136063e-01;9.664078e-02;1.699766e-01;6.639877e-02;7.094537e-02;1.309274e-01;2.227333e-02;3.399977e-02
3.140894e-02;5.133724e-02;7.783948e-02;1.111805e-01;1.451637e-01;4.838344e-02;1.926910e-01;6.139279e-02;8.685611e-02;1.093402e-01;2.575085e-02;5.865576e-02
5.869450e-02;3.743213e-02;7.145903e-02;1.223419e-01;1.726537e-01;7.142784e-02;1.421473e-01;8.018087e-02;6.057159e-02;1.089097e-01;2.334021e-02;5.084123e-02
8.038151e-02;4.270298e-02;8.289388e-02;1.731631e-01;1.581365e-01;8.049372e-02;9.953088e-02;5.582992e-02;8.082677e-02;8.610906e-02;2.869156e-02;3.124008e-02
8.374894e-02;4.571735e-02;1.104435e-01;2.340781e-01;1.390260e-01;7.303484e-02;7.028967e-02;4.893136e-02;6.395231e-02;8.355886e-02;3.492972e-02;1.228947e-02
7.055736e-02;5.780793e-02;1.175236e-01;1.740189e-01;1.348879e-01;8.968076e-02;1.194523e-01;3.625997e-02;4.555888e-02;1.087449e-01;3.022516e-02;1.528234e-02
3.402176e-02;4.875416e-02;1.743462e-01;7.349462e-02;1.447803e-01;1.227439e-01;2.175760e-01;2.930965e-02;3.029828e-02;6.431730e-02;3.768298e-02;2.267486e-02
2.133664e-02;3.114029e-02;3.144484e-01;9.141638e-02;1.173843e-01;8.146702e-02;2.097175e-01;2.218122e-02;2.393285e-02;4.538842e-02;2.322255e-02;1.836449e-02
3.874691e-02;2.952180e-02;4.357868e-01;9.850728e-02;9.907085e-02;5.541473e-02;1.433107e-01;1.753045e-02;1.760243e-02;3.360815e-02;1.634874e-02;1.455121e-02
5.937792e-02;4.527904e-02;4.802112e-01;8.042909e-02;8.457254e-02;4.061261e-02;7.905471e-02;1.583553e-02;1.553188e-02;4.988895e-02;2.272375e-02;2.648283e-02
6.482293e-02;5.644287e-02;4.013459e-01;6.008654e-02;8.697652e-02;4.940629e-02;8.042756e-02;2.797078e-02;2.252227e-02;7.173797e-02;3.392898e-02;4.433143e-02
6.319346e-02;5.090291e-02;2.785589e-01;1.050219e-01;8.732005e-02;5.551821e-02;1.094771e-01;4.651888e-02;3.654751e-02;8.559054e-02;3.216271e-02;4.918779e-02
3.869915e-02;7.291754e-02;3.247563e-01;1.117933e-01;6.879378e-02;5.494449e-02;1.015730e-01;5.241217e-02;4.000179e-02;6.275020e-02;3.772924e-02;3.362904e-02
3.854695e-02;4.045682e-02;3.595547e-01;8.920619e-02;6.030315e-02;7.938024e-02;1.233537e-01;5.366020e-02;3.673955e-02;3.816625e-02;6.317890e-02;1.745337e-02
6.562473e-02;4.831654e-02;2.895948e-01;7.107729e-02;7.143518e-02;7.289484e-02;1.566516e-01;4.557806e-02;3.315534e-02;5.232039e-02;7.066388e-02;2.268731e-02
6.248415e-02;4.714681e-02;2.648550e-01;7.484914e-02;8.560486e-02;6.111854e-02;1.477043e-01;4.984464e-02;3.877562e-02;7.786047e-02;5.874543e-02;3.101102e-02
7.140022e-02;5.170840e-02;2.719885e-01;6.465957e-02;8.958701e-02;6.978544e-02;1.068886e-01;5.113625e-02;5.802105e-02;8.256307e-02;4.755653e-02;3.470540e-02
7.211687e-02;4.547988e-02;2.270940e-01;6.918515e-02;7.810339e-02;8.434080e-02;9.986097e-02;6.871304e-02;7.325605e-02;8.176301e-02;3.831781e-02;6.176905e-02
1.170369e-01;7.428596e-02;1.707711e-01;4.020089e-02;6.911837e-02;7.495505e-02;8.206941e-02;6.785356e-02;7.636882e-02;9.698971e-02;4.264081e-02;8.770938e-02
1.637899e-01;5.808249e-02;1.989734e-01;4.821086e-02;7.802362e-02;5.402441e-02;7.798113e-02;6.607824e-02;7.522326e-02;7.628807e-02;3.566614e-02;6.765844e-02
1.662105e-01;5.549007e-02;1.950666e-01;7.932180e-02;8.777374e-02;5.384328e-02;9.251675e-02;5.618470e-02;5.714478e-02;6.424329e-02;4.200012e-02;5.020439e-02
1.371602e-01;4.109140e-02;1.677994e-01;1.128297e-01;1.018679e-01;6.377717e-02;8.725562e-02;4.097767e-02;2.875730e-02;6.440224e-02;1.049227e-01;4.915868e-02
1.024765e-01;2.041911e-02;1.690513e-01;1.387103e-01;9.691437e-02;6.226127e-02;5.787737e-02;2.908704e-02;1.745494e-02;7.766803e-02;1.837799e-01;4.429995e-02
8.091094e-02;1.047959e-02;1.800503e-01;1.485953e-01;5.958767e-02;4.128264e-02;4.541029e-02;3.269970e-02;2.123228e-02;9.050404e-02;2.617024e-01;2.754484e-02
4.720997e-02;2.675731e-02;1.377331e-01;1.563494e-01;3.245613e-02;2.584540e-02;2.626273e-02;5.026488e-02;2.681999e-02;8.726743e-02;3.514359e-01;3.159770e-02
1.529725e-02;4.528591e-02;9.164568e-02;1.545436e-01;6.446557e-02;2.606244e-02;2.123198e-02;5.600854e-02;3.391913e-02;6.593848e-02;3.370148e-01;8.858658e-02
1.773586e-02;4.524077e-02;7.174172e-02;1.340696e-01;1.364629e-01;3.831881e-02;3.908793e-02;3.872291e-02;5.133898e-02;4.752433e-02;2.095521e-01;1.702040e-01
3.521175e-02;3.312557e-02;1.469848e-01;1.072878e-01;1.729100e-01;5.626126e-02;7.181641e-02;4.384017e-02;6.473909e-02;3.537456e-02;4.428556e-02;1.881629e-01
5.290323e-02;3.712638e-02;1.604201e-01;8.261351e-02;1.314790e-01;4.918740e-02;7.075475e-02;5.764565e-02;5.168427e-02;3.404040e-02;1.554005e-01;1.167448e-01
4.809267e-02;2.430102e-02;1.420493e-01;7.892874e-02;6.987057e-02;3.449783e-02;3.570184e-02;4.966624e-02;3.268483e-02;3.043635e-02;3.602006e-01;9.357005e-02
4.213572e-02;3.588415e-02;9.114838e-02;8.651817e-02;9.159409e-02;5.804691e-02;4.709076e-02;5.376710e-02;3.232335e-02;6.391549e-02;2.725432e-01;1.250327e-01
5.360029e-02;3.714196e-02;5.027019e-02;1.256267e-01;1.347393e-01;7.484174e-02;4.327502e-02;5.914043e-02;4.532691e-02;9.775069e-02;1.317875e-01;1.464994e-01
4.033689e-02;3.138642e-02;7.639185e-02;1.316684e-01;1.068853e-01;5.464183e-02;5.175906e-02;3.310516e-02;4.462212e-02;8.929319e-02;2.218060e-01;1.181037e-01
5.372295e-02;2.590068e-02;1.298281e-01;1.082439e-01;1.154133e-01;5.455418e-02;7.074679e-02;3.492848e-02;3.813052e-02;7.217664e-02;1.515648e-01;1.447897e-01
6.970984e-02;4.013836e-02;1.306283e-01;6.752471e-02;1.057657e-01;8.710164e-02;6.088361e-02;4.258872e-02;7.635585e-02;1.212001e-01;1.046705e-01;9.343262e-02
6.323599e-02;4.360006e-02;8.205857e-02;6.699695e-02;6.409043e-02;7.424346e-02;1.510261e-01;7.115019e-02;1.214261e-01;1.260305e-01;9.252285e-02;4.361873e-02
4.864102e-02;3.205352e-02;6.596209e-02;5.947571e-02;4.554313e-02;4.589136e-02;1.890850e-01;1.463051e-01;1.595121e-01;9.755465e-02;6.691244e-02;4.306380e-02
3.601150e-02;2.704092e-02;5.029891e-02;3.869667e-02;3.427303e-02;3.972417e-02;2.632866e-01;2.165184e-01;1.398384e-01;7.563765e-02;4.821352e-02;3.046023e-02
2.467206e-02;3.000792e-02;3.672337e-02;2.483861e-02;2.748621e-02;3.240632e-02;3.194005e-01;2.822993e-01;9.757094e-02;4.904576e-02;3.587212e-02;3.967677e-02
1.881412e-02;4.366168e-02;3.564048e-02;1.356211e-02;2.331141e-02;1.847287e-02;3.817797e-01;3.225528e-01;2.718072e-02;2.057293e-02;2.738945e-02;6.706177e-02
1.824575e-02;6.510844e-02;3.549710e-02;7.104008e-03;2.944969e-02;1.578294e-02;4.720463e-01;2.253650e-01;1.631081e-02;1.048737e-02;6.124204e-02;4.336048e-02
2.386303e-02;9.580397e-02;2.676107e-02;9.175509e-03;3.738443e-02;4.881647e-02;5.121384e-01;9.553085e-02;2.182015e-02;1.227368e-02;1.020871e-01;1.434540e-02
3.316563e-02;8.238353e-02;4.551054e-02;1.633556e-02;4.883723e-02;8.228794e-02;4.420204e-01;7.222437e-02;2.125113e-02;2.748988e-02;1.094257e-01;1.906806e-02
4.042407e-02;7.630847e-02;6.478924e-02;2.676458e-02;4.971641e-02;9.686023e-02;3.905053e-01;7.138555e-02;2.519169e-02;3.862114e-02;9.579687e-02;2.363639e-02
4.062703e-02;1.212166e-01;3.954412e-02;1.754384e-02;3.138205e-02;9.144113e-02;4.336005e-01;4.999983e-02;3.344416e-02;2.749802e-02;8.848432e-02;2.521852e-02
2.731967e-02;1.352448e-01;2.457280e-02;1.649827e-02;2.563940e-02;9.424525e-02;4.750313e-01;5.556186e-02;2.313029e-02;2.957308e-02;7.204156e-02;2.114176e-02
3.524629e-02;9.704859e-02;2.442976e-02;2.162732e-02;3.373589e-02;1.266652e-01;4.911861e-01;4.163528e-02;2.088714e-02;5.959824e-02;3.136404e-02;1.657608e-02
1.074926e-01;6.593410e-02;2.813646e-02;2.257353e-02;5.392003e-02;1.663581e-01;3.656285e-01;4.499599e-02;2.111819e-02;9.525076e-02;1.263374e-02;1.595802e-02
1.443264e-01;5.234123e-02;6.913129e-02;2.075911e-02;9.950823e-02;1.706341e-01;2.188649e-01;3.607799e-02;4.048509e-02;8.234195e-02;2.567835e-02;3.985137e-02
9.461978e-02;3.759624e-02;1.521763e-01;5.466649e-02;1.470124e-01;1.245130e-01;1.147084e-01;4.251209e-02;6.605991e-02;3.989915e-02;5.178649e-02;7.444983e-02
4.844767e-02;5.476297e-02;2.084442e-01;8.353059e-02;1.416434e-01;7.843369e-02;9.159597e-02;4.893347e-02;7.112098e-02;4.293927e-02;6.338099e-02;6.676673e-02
4.283999e-02;4.370696e-02;2.229655e-01;6.754030e-02;1.061374e-01;9.469495e-02;1.648404e-01;4.022948e-02;7.933494e-02;4.972335e-02;5.441051e-02;3.357619e-02
5.154511e-02;8.506658e-02;1.535473e-01;4.762360e-02;1.034763e-01;1.036589e-01;1.968393e-01;5.531411e-02;9.173239e-02;5.905887e-02;3.843304e-02;1.370450e-02
5.010174e-02;1.144387e-01;8.086065e-02;5.771356e-02;7.904118e-02;9.386587e-02;2.037172e-01;1.080229e-01;7.517938e-02;6.623498e-02;3.679150e-02;3.403235e-02
4.199412e-02;1.022247e-01;6.311350e-02;6.613131e-02;5.476929e-02;1.265487e-01;1.848051e-01;1.260394e-01;5.296670e-02;7.642915e-02;6.348620e-02;4.149178e-02
2.728312e-02;6.796924e-02;8.690055e-02;5.235701e-02;8.307429e-02;1.377523e-01;1.853620e-01;9.952074e-02;6.758318e-02;8.730346e-02;6.171422e-02;4.317998e-02
6.098225e-02;5.183017e-02;1.220900e-01;5.586854e-02;8.076227e-02;1.394615e-01;1.430940e-01;7.445896e-02;6.767144e-02;1.152921e-01;3.044733e-02;5.804147e-02
9.129990e-02;9.680269e-02;1.257206e-01;5.704816e-02;6.481958e-02;1.192168e-01;7.279334e-02;8.560137e-02;6.118549e-02;1.265082e-01;3.822769e-02;6.077607e-02
7.088561e-02;1.251734e-01;1.365043e-01;6.367967e-02;8.017565e-02;6.433576e-02;1.006278e-01;1.136923e-01;5.877547e-02;1.021344e-01;4.703649e-02;3.697927e-02
4.668899e-02;9.684087e-02;1.734137e-01;8.277831e-02;6.338381e-02;8.087964e-02;1.075058e-01;1.322903e-01;7.901423e-02;8.746821e-02;2.909925e-02;2.063690e-02
4.545255e-02;7.140345e-02;2.108520e-01;9.240609e-02;4.036469e-02;9.561598e-02;9.199695e-02;1.176595e-01;9.548591e-02;7.171535e-02;3.951431e-02;2.753318e-02
4.356901e-02;8.226703e-02;1.713952e-01;9.735572e-02;6.004560e-02;1.169901e-01;8.658224e-02;9.375913e-02;1.278807e-01;4.473760e-02;2.919694e-02;4.622073e-02
6.085241e-02;6.768612e-02;1.327415e-01;8.980444e-02;6.719263e-02;1.061191e-01;1.172446e-01;8.896801e-02;1.333158e-01;5.670050e-02;2.606718e-02;5.330766e-02
5.278927e-02;6.718779e-02;1.244913e-01;1.068516e-01;6.548818e-02;8.777035e-02;1.350647e-01;1.235688e-01;9.262998e-02;7.896004e-02;2.773078e-02;3.746719e-02
4.194896e-02;9.088954e-02;1.445517e-01;1.180276e-01;7.214628e-02;9.190714e-02;1.108088e-01;1.265347e-01;8.629502e-02;5.298470e-02;2.721833e-02;3.668728e-02
5.115127e-02;1.139472e-01;1.579055e-01;1.287197e-01;3.669988e-02;8.455574e-02;8.870111e-02;8.725885e-02;1.139148e-01;5.527359e-02;3.350599e-02;4.836623e-02
3.450446e-02;7.772133e-02;1.376396e-01;1.638672e-01;4.501836e-02;7.261968e-02;8.049686e-02;1.005701e-01;1.058721e-01;9.192726e-02;4.001052e-02;4.975246e-02
3.805432e-02;5.264226e-02;9.615029e-02;1.666344e-01;4.043876e-02;8.050561e-02;1.141499e-01;1.480467e-01;9.779568e-02;8.003232e-02;4.051670e-02;4.503306e-02
4.426618e-02;5.944976e-02;5.368536e-02;1.101340e-01;7.563245e-02;1.020155e-01;1.535665e-01;1.176357e-01;7.554580e-02;1.278951e-01;4.076316e-02;3.941046e-02
3.651650e-02;3.915669e-02;4.503615e-02;7.852037e-02;8.224209e-02;8.001400e-02;2.130756e-01;9.677414e-02;7.152838e-02;1.857856e-01;3.835743e-02;3.299301e-02
3.339467e-02;2.240036e-02;5.215032e-02;6.139035e-02;4.824456e-02;8.305792e-02;2.202501e-01;1.129845e-01;6.619626e-02;2.218886e-01;4.945905e-02;2.858330e-02
4.574308e-02;6.424878e-02;9.161190e-02;4.060473e-02;6.181173e-02;9.612126e-02;1.804342e-01;9.811506e-02;5.091423e-02;1.740016e-01;7.288893e-02;2.350452e-02
2.947233e-02;4.780379e-02;1.695370e-01;4.211757e-02;9.774784e-02;1.032083e-01;2.499164e-01;5.459806e-02;4.069130e-02;8.691695e-02;4.581084e-02;3.217965e-02
2.267433e-02;1.957024e-02;2.055906e-01;3.727629e-02;1.373651e-01;1.071049e-01;2.842252e-01;4.280921e-02;3.139738e-02;5.639910e-02;2.302517e-02;3.256256e-02
1.165312e-02;9.341998e-03;2.254988e-01;3.812175e-02;2.036627e-01;1.121565e-01;2.498177e-01;3.219697e-02;2.965779e-02;3.553641e-02;1.608120e-02;3.627510e-02
1.028171e-02;7.677507e-03;2.451031e-01;4.758129e-02;3.142134e-01;1.639626e-01;7.519470e-02;1.992218e-02;3.533248e-02;2.302024e-02;1.207377e-02;4.563710e-02
2.166820e-02;6.992164e-03;1.190516e-01;2.800366e-02;2.340453e-01;1.804992e-01;3.161661e-01;1.827510e-02;2.027149e-02;2.506709e-02;6.426801e-03;2.353332e-02
2.132721e-02;8.332047e-03;3.666680e-02;1.726288e-02;1.273932e-01;1.613866e-01;5.381268e-01;1.945620e-02;1.788239e-02;3.868781e-02;4.414106e-03;9.064014e-03
1.135518e-02;1.629980e-02;1.501111e-02;6.656382e-03;5.385946e-02;1.023852e-01;6.781151e-01;2.496696e-02;4.584199e-02;3.014178e-02;9.186829e-03;6.180256e-03
6.884367e-03;2.293383e-02;7.231378e-03;5.647622e-03;3.015142e-02;5.839410e-02;7.173771e-01;3.324657e-02;7.698847e-02;1.538975e-02;1.641939e-02;9.336031e-03
6.007500e-03;1.866084e-02;2.141222e-02;5.801053e-03;2.707994e-02;4.119834e-02;6.955912e-01;6.512951e-02;7.688931e-02;1.842230e-02;1.621909e-02;7.588752e-03
1.065737e-02;8.171338e-03;4.184647e-02;1.448152e-02;2.082211e-02;3.607164e-02;5.967648e-01;1.095475e-01;6.843604e-02;7.117735e-02;1.301289e-02;9.010942e-03
9.714757e-03;1.277650e-02;7.259095e-02;4.031854e-02;3.431623e-02;4.552601e-02;3.682293e-01;1.239058e-01;1.072269e-01;1.552667e-01;1.694770e-02;1.318051e-02
3.285903e-02;3.223823e-02;7.428823e-02;7.158437e-02;7.537086e-02;5.455140e-02;1.045851e-01;8.651309e-02;1.400407e-01;2.490743e-01;5.743118e-02;2.146352e-02
5.359294e-02;3.669719e-02;4.634422e-02;4.879939e-02;1.069573e-01;3.397252e-02;1.733878e-01;5.175386e-02;8.068021e-02;2.824830e-01;6.901106e-02;1.632055e-02
4.938684e-02;2.561838e-02;2.724499e-02;4.093584e-02;1.107777e-01;3.177823e-02;2.632864e-01;4.142615e-02;6.853209e-02;2.689955e-01;5.996690e-02;1.205092e-02
4.180007e-02;1.907443e-02;1.825291e-02;9.045337e-02;6.466811e-02;2.955544e-02;2.556100e-01;6.682009e-02;1.569302e-01;1.988099e-01;4.697912e-02;1.104636e-02
4.617030e-02;1.351272e-02;3.800800e-02;1.633485e-01;2.533022e-02;3.851785e-02;1.658636e-01;9.148961e-02;2.228189e-01;1.454320e-01;3.051004e-02;1.899811e-02
2.421266e-02;1.041490e-02;6.693587e-02;1.148393e-01;1.325058e-02;4.333534e-02;3.648236e-01;1.021060e-01;1.269084e-01;8.802493e-02;1.394677e-02;3.120154e-02
1.169782e-02;2.437232e-02;6.830230e-02;3.860436e-02;2.493941e-02;4.981790e-02;5.611734e-01;8.446210e-02;4.415622e-02;5.192695e-02;1.819377e-02;2.235341e-02
2.125858e-02;3.393748e-02;4.257389e-02;1.667968e-02;5.172677e-02;7.189786e-02;6.219493e-01;4.392861e-02;2.800594e-02;3.338503e-02;2.294552e-02;1.171129e-02
3.531338e-02;2.618986e-02;8.387729e-02;2.644684e-02;1.050743e-01;1.103891e-01;4.601758e-01;2.421890e-02;3.322000e-02;3.543658e-02;2.706107e-02;3.259693e-02
5.442761e-02;3.507989e-02;1.902836e-01;4.222998e-02;1.077672e-01;1.004574e-01;2.224236e-01;3.181666e-02;6.372970e-02;6.399202e-02;5.996431e-02;2.782802e-02
7.600515e-02;5.166146e-02;1.968295e-01;3.990461e-02;6.284611e-02;5.700919e-02;1.163428e-01;7.499765e-02;1.149262e-01;9.994280e-02;6.865056e-02;4.088401e-02
9.213117e-02;5.111973e-02;1.251449e-01;3.084483e-02;4.168802e-02;4.589123e-02;1.133903e-01;1.019265e-01;1.029280e-01;1.259277e-01;9.962792e-02;6.937959e-02
8.438817e-02;3.183787e-02;5.839037e-02;2.457446e-02;4.975504e-02;7.210880e-02;1.379240e-01;9.582274e-02;8.664914e-02;1.245148e-01;1.513198e-01;8.271476e-02
5.559518e-02;3.538765e-02;4.022421e-02;2.686594e-02;8.723781e-02;7.753345e-02;8.658633e-02;7.482063e-02;7.280894e-02;1.944024e-01;1.476450e-01;1.008926e-01
5.414548e-02;3.347789e-02;4.561123e-02;4.997291e-02;9.814348e-02;4.758454e-02;8.019913e-02;4.635913e-02;1.164638e-01;2.605842e-01;6.907141e-02;9.838680e-02
1.053006e-01;1.798296e-02;5.359241e-02;7.900833e-02;6.032962e-02;3.100864e-02;1.051848e-01;2.579799e-02;2.450661e-01;1.441395e-01;8.494013e-02;4.764895e-02
1.464447e-01;1.270010e-02;4.443563e-02;9.404665e-02;3.057563e-02;2.050561e-02;1.073298e-01;2.069241e-02;3.254954e-01;4.815544e-02;1.184756e-01;3.114307e-02
1.678302e-01;1.167149e-02;3.390431e-02;9.045226e-02;3.475592e-02;1.927494e-02;9.937467e-02;1.736164e-02;3.341347e-01;6.175448e-02;9.608609e-02;3.339936e-02
1.942641e-01;2.214748e-02;4.096471e-02;9.753361e-02;3.425495e-02;1.606021e-02;8.055267e-02;3.777511e-02;2.916905e-01;6.961236e-02;9.142612e-02;2.371817e-02
1.955189e-01;5.334560e-02;7.522099e-02;9.659398e-02;5.794893e-02;2.904969e-02;7.798994e-02;6.460226e-02;1.907991e-01;6.607576e-02;7.520192e-02;1.765301e-02
1.432665e-01;9.317449e-02;1.186257e-01;7.164720e-02;8.963520e-02;6.842799e-02;8.458596e-02;9.719298e-02;6.879296e-02;7.658583e-02;6.096730e-02;2.709791e-02
1.078699e-01;7.493766e-02;1.169548e-01;6.325325e-02;8.019619e-02;6.286227e-02;9.580519e-02;8.872993e-02;1.759348e-01;6.482907e-02;4.640677e-02;2.222013e-02
1.012376e-01;5.731400e-02;1.247734e-01;8.574794e-02;9.184550e-02;3.960054e-02;1.061531e-01;6.650572e-02;2.001891e-01;4.381137e-02;4.202331e-02;4.079840e-02
1.230325e-01;5.364974e-02;8.450916e-02;8.972105e-02;1.101653e-01;4.728786e-02;8.030586e-02;6.216554e-02;1.794922e-01;8.358901e-02;2.810904e-02;5.797277e-02
1.581983e-01;6.225537e-02;1.247326e-01;6.972262e-02;9.318281e-02;5.601240e-02;1.008373e-01;4.650684e-02;1.014457e-01;8.932242e-02;5.236283e-02;4.542083e-02
1.199423e-01;7.643101e-02;2.277902e-01;7.633621e-02;8.285433e-02;6.108227e-02;9.820810e-02;2.079413e-02;5.917097e-02;9.977807e-02;3.771722e-02;3.989519e-02
1.209178e-01;7.860135e-02;2.202461e-01;6.156742e-02;5.402504e-02;4.456347e-02;1.720608e-01;3.383803e-02;4.912503e-02;7.946321e-02;5.023187e-02;3.535980e-02
1.422027e-01;7.675698e-02;2.157242e-01;3.622557e-02;3.296137e-02;4.038840e-02;2.203822e-01;3.745619e-02;4.109383e-02;6.880498e-02;4.751439e-02;4.048915e-02
1.520248e-01;6.867896e-02;1.804416e-01;2.533198e-02;4.182968e-02;4.664083e-02;1.788969e-01;4.993976e-02;5.377122e-02;8.592906e-02;6.593879e-02;5.057654e-02
1.666267e-01;5.765696e-02;8.985049e-02;2.618069e-02;4.282592e-02;5.102772e-02;1.312777e-01;8.236511e-02;7.053307e-02;9.633917e-02;1.085526e-01;7.676376e-02
1.132402e-01;3.352087e-02;6.573492e-02;2.274084e-02;3.691867e-02;6.185424e-02;1.218131e-01;1.157526e-01;8.345662e-02;1.000601e-01;1.524350e-01;9.247281e-02
4.507982e-02;1.153991e-02;7.205953e-02;1.994017e-02;3.288407e-02;8.305059e-02;1.007785e-01;1.117347e-01;8.220165e-02;1.376484e-01;2.186581e-01;8.442446e-02
4.238122e-02;1.803884e-02;4.928567e-02;1.271949e-02;3.273715e-02;9.512984e-02;9.335479e-02;7.070865e-02;8.426446e-02;1.847728e-01;2.570348e-01;5.957229e-02
3.180311e-02;9.582649e-03;7.825586e-02;1.258825e-02;3.463018e-02;8.826918e-02;1.116188e-01;9.793688e-02;7.760426e-02;1.854199e-01;2.171326e-01;5.515838e-02
9.648434e-02;3.417580e-02;1.034787e-01;1.391076e-02;2.324898e-02;5.425321e-02;1.123225e-01;1.243538e-01;5.804152e-02;1.457545e-01;1.554807e-01;7.849518e-02
1.792454e-01;7.781245e-02;2.338587e-01;2.146257e-02;2.029381e-02;2.210544e-02;7.132749e-02;1.069350e-01;5.047944e-02;8.288435e-02;6.957688e-02;6.401848e-02
1.440477e-01;1.127527e-01;3.892014e-01;2.551392e-02;2.357960e-02;2.474927e-02;4.183681e-02;6.596753e-02;4.942502e-02;5.789870e-02;3.169697e-02;3.333037e-02
7.001564e-02;8.541858e-02;5.168902e-01;3.680193e-02;3.991614e-02;2.623797e-02;3.974672e-02;5.496551e-02;3.310727e-02;6.758191e-02;1.524653e-02;1.407168e-02
4.650994e-02;3.227237e-02;5.687985e-01;5.488270e-02;6.331654e-02;1.948723e-02;4.197438e-02;3.131307e-02;3.390583e-02;8.053102e-02;1.887297e-02;8.135492e-03
7.337116e-02;1.764303e-02;5.145664e-01;9.494341e-02;6.434665e-02;1.302657e-02;2.980894e-02;1.839023e-02;5.259755e-02;6.093797e-02;4.279126e-02;1.757688e-02
7.462572e-02;1.887029e-02;3.610576e-01;1.624923e-01;6.364226e-02;2.422083e-02;2.770791e-02;3.142650e-02;5.796994e-02;5.841191e-02;8.995594e-02;2.961884e-02
3.556674e-02;1.568767e-02;2.386755e-01;2.429366e-01;8.491043e-02;3.666952e-02;5.645774e-02;6.190285e-02;3.461989e-02;4.321602e-02;1.252488e-01;2.410828e-02
1.336209e-02;1.440390e-02;2.716404e-01;2.956214e-01;9.129487e-02;2.762808e-02;4.429286e-02;6.218797e-02;1.436892e-02;2.007426e-02;1.318465e-01;1.327866e-02
1.106374e-02;1.655021e-02;3.019278e-01;3.080718e-01;8.530947e-02;2.205084e-02;1.812597e-02;4.047951e-02;8.887467e-03;1.568786e-02;1.648586e-01;6.986708e-03
1.177261e-02;1.018914e-02;3.385128e-01;2.562051e-01;6.752603e-02;2.415131e-02;1.734863e-02;2.545192e-02;7.438801e-03;3.490287e-02;2.007393e-01;5.761540e-03
1.645374e-02;6.489288e-03;4.297029e-01;1.583473e-01;4.381914e-02;1.639403e-02;7.830369e-03;1.359321e-02;1.281434e-02;7.418960e-02;2.144069e-01;5.959152e-03
1.331879e-02;8.490986e-03;4.572047e-01;1.279003e-01;3.938189e-02;1.155157e-02;2.244330e-02;1.175600e-02;2.096466e-02;1.100991e-01;1.701025e-01;6.786173e-03
1.766595e-02;1.857226e-02;4.217604e-01;1.918404e-01;5.266028e-02;1.323108e-02;3.397883e-02;1.179800e-02;2.572651e-02;1.266506e-01;7.587646e-02;1.023928e-02
2.018182e-02;5.236096e-02;3.741634e-01;1.936824e-01;6.650687e-02;4.201221e-02;2.678234e-02;1.187055e-02;6.898683e-02;1.169299e-01;1.763532e-02;8.887354e-03
3.086809e-02;9.837750e-02;2.534708e-01;1.125182e-01;6.664516e-02;9.988291e-02;1.889932e-02;2.814772e-02;1.797791e-01;8.805627e-02;1.031276e-02;1.304222e-02
8.571615e-02;9.287717e-02;1.094104e-01;3.874038e-02;6.088577e-02;1.203511e-01;4.003441e-02;8.791547e-02;2.789435e-01;5.244971e-02;1.928384e-02;1.339213e-02
1.532256e-01;4.201733e-02;7.427430e-02;1.630254e-02;6.302518e-02;7.030109e-02;5.453937e-02;2.076612e-01;2.298176e-01;4.022254e-02;2.336211e-02;2.525115e-02
1.569259e-01;3.067496e-02;4.374228e-02;2.453758e-02;4.740158e-02;2.965717e-02;1.256312e-01;2.626931e-01;1.065621e-01;8.413935e-02;1.130616e-02;7.672866e-02
9.287262e-02;2.782642e-02;1.470684e-02;4.410486e-02;1.655382e-02;1.985411e-02;2.376166e-01;1.730327e-01;2.421975e-02;1.590269e-01;6.683070e-03;1.835023e-01
3.964904e-02;3.283866e-02;1.657058e-02;4.853097e-02;7.573585e-03;1.861089e-02;3.163043e-01;5.303600e-02;1.970829e-02;1.518053e-01;1.621906e-02;2.791533e-01
2.728405e-02;3.895338e-02;1.049597e-02;4.677903e-02;4.375606e-03;2.020904e-02;3.464239e-01;2.943766e-02;3.658588e-02;8.207145e-02;2.392852e-02;3.334555e-01
1.670050e-02;3.970498e-02;1.001260e-02;4.958265e-02;6.536290e-03;1.935996e-02;3.416038e-01;2.595340e-02;3.149365e-02;7.248884e-02;2.856630e-02;3.579970e-01
2.234370e-02;3.940058e-02;5.960573e-03;4.742197e-02;5.381794e-03;1.536406e-02;3.113904e-01;1.560847e-02;1.554304e-02;1.482185e-01;2.114372e-02;3.522232e-01
4.587406e-02;3.269444e-02;9.627641e-03;3.447530e-02;6.332417e-03;2.227156e-02;2.755688e-01;4.963482e-02;4.719043e-03;1.976018e-01;2.215796e-02;2.990422e-01
1.313852e-01;2.217500e-02;2.168973e-02;2.991402e-02;9.191761e-03;2.867377e-02;2.297555e-01;1.208237e-01;1.710011e-02;1.636149e-01;1.862386e-02;2.070524e-01
2.389423e-01;1.558226e-02;6.298555e-02;2.714781e-02;1.718088e-02;2.083020e-02;1.835085e-01;2.207425e-01;1.584033e-02;6.378164e-02;1.096003e-02;1.224980e-01
2.553834e-01;2.536380e-02;8.679441e-02;1.853308e-02;2.884003e-02;1.233311e-02;1.874163e-01;2.642440e-01;1.790523e-02;2.342419e-02;2.132509e-02;5.843728e-02
2.239921e-01;5.484476e-02;7.440852e-02;1.473373e-02;3.483128e-02;2.146043e-02;1.874696e-01;2.538038e-01;4.595369e-02;1.929493e-02;3.706008e-02;3.214702e-02
2.291391e-01;7.921380e-02;7.740111e-02;2.781853e-02;2.889195e-02;2.329359e-02;1.370456e-01;1.922316e-01;6.973791e-02;2.903974e-02;5.092546e-02;5.526163e-02
2.453863e-01;9.263030e-02;1.357157e-01;2.530709e-02;1.807712e-02;1.655068e-02;9.103487e-02;1.511374e-01;6.971688e-02;3.134321e-02;3.892551e-02;8.417496e-02
1.836667e-01;1.565191e-01;1.872466e-01;2.494880e-02;1.207019e-02;1.510176e-02;7.349732e-02;1.358591e-01;6.921613e-02;3.434643e-02;2.129679e-02;8.623105e-02
1.463163e-01;2.035593e-01;2.110759e-01;3.076367e-02;1.304185e-02;1.490735e-02;7.846364e-02;1.017946e-01;6.153132e-02;6.078091e-02;1.283171e-02;6.493356e-02
1.783824e-01;1.988346e-01;2.046854e-01;3.783063e-02;3.537022e-02;1.401013e-02;7.580271e-02;5.571191e-02;4.038556e-02;9.544527e-02;2.565432e-02;3.788691e-02
2.299720e-01;1.981110e-01;1.922437e-01;4.083571e-02;6.201462e-02;1.171202e-02;5.531416e-02;4.556232e-02;4.227956e-02;6.481223e-02;3.058673e-02;2.655598e-02
2.754616e-01;2.225107e-01;1.752221e-01;2.734518e-02;4.234884e-02;8.093853e-03;5.877373e-02;3.357130e-02;4.553486e-02;6.489476e-02;2.117128e-02;2.507179e-02
3.331031e-01;2.456232e-01;1.665304e-01;1.566265e-02;1.177838e-02;8.825754e-03;6.330609e-02;1.636785e-02;4.157539e-02;5.578443e-02;2.182270e-02;1.962000e-02
3.943344e-01;2.358273e-01;1.311161e-01;8.935073e-03;1.028920e-02;5.095889e-03;4.804407e-02;4.191961e-02;3.192264e-02;3.146142e-02;3.904707e-02;2.200726e-02
4.412752e-01;2.051300e-01;9.533445e-02;8.568587e-03;1.289702e-02;5.091702e-03;2.980624e-02;6.824592e-02;2.030937e-02;2.332749e-02;4.446939e-02;4.554463e-02
4.156164e-01;1.741287e-01;5.984830e-02;1.623094e-02;1.242403e-02;1.139122e-02;3.563070e-02;8.922087e-02;1.766188e-02;4.515569e-02;3.790718e-02;8.478414e-02
2.298393e-01;1.334802e-01;5.689619e-02;3.565860e-02;1.381971e-02;1.630404e-02;1.052823e-01;8.848473e-02;3.304304e-02;8.059698e-02;6.981856e-02;1.367763e-01
1.239554e-01;9.842995e-02;8.943953e-02;3.052744e-02;2.563373e-02;3.016576e-02;1.501853e-01;5.695959e-02;6.750619e-02;7.869727e-02;1.112921e-01;1.372077e-01
1.446067e-01;7.178202e-02;1.256202e-01;1.940450e-02;2.840967e-02;7.394931e-02;1.073448e-01;4.221693e-02;7.808641e-02;7.388004e-02;1.405873e-01;9.411210e-02
8.313622e-02;6.225765e-02;1.377313e-01;1.866002e-02;2.157978e-02;1.473076e-01;5.016054e-02;5.149055e-02;6.751348e-02;1.033601e-01;1.896376e-01;6.716520e-02
1.365546e-01;6.420591e-02;1.285668e-01;1.694050e-02;1.774346e-02;1.604610e-01;2.838658e-02;3.712019e-02;4.382279e-02;9.598077e-02;2.075002e-01;6.271721e-02
1.053073e-01;6.415416e-02;1.337676e-01;1.164028e-02;2.856462e-02;1.261598e-01;4.504139e-02;3.615765e-02;5.539836e-02;7.728249e-02;2.158285e-01;1.006978e-01
7.849663e-02;3.884255e-02;1.230161e-01;1.714585e-02;5.443302e-02;8.568330e-02;7.361508e-02;3.972488e-02;7.685936e-02;6.720320e-02;2.084371e-01;1.365429e-01
1.424597e-01;5.906073e-02;8.389805e-02;2.286246e-02;6.730346e-02;3.785892e-02;1.019432e-01;5.502348e-02;6.605478e-02;5.084258e-02;1.325026e-01;1.801901e-01
1.774437e-01;7.613850e-02;6.040018e-02;2.269483e-02;6.863604e-02;3.230553e-02;1.198724e-01;8.223946e-02;4.924015e-02;2.818426e-02;8.138383e-02;2.014610e-01
1.787905e-01;6.547911e-02;5.920897e-02;2.018923e-02;5.896535e-02;5.863211e-02;1.173526e-01;8.888795e-02;5.177217e-02;2.447786e-02;1.031893e-01;1.730548e-01
1.315966e-01;3.480668e-02;1.405018e-01;1.293240e-02;4.645659e-02;1.092257e-01;9.054937e-02;6.287770e-02;5.943070e-02;3.411215e-02;1.593632e-01;1.181472e-01
8.816066e-02;1.465722e-02;2.128393e-01;9.318097e-03;3.434328e-02;1.612299e-01;6.291616e-02;2.782529e-02;4.904800e-02;5.574046e-02;2.199838e-01;6.393790e-02
7.412425e-02;3.984066e-02;1.856969e-01;3.218869e-02;3.828902e-02;1.611084e-01;5.326243e-02;2.315187e-02;3.073884e-02;1.016292e-01;2.253358e-01;3.463396e-02
7.552720e-02;1.124159e-01;1.063611e-01;6.492547e-02;5.140363e-02;9.231304e-02;8.027531e-02;4.948930e-02;4.055214e-02;1.351862e-01;1.415421e-01;5.000864e-02
9.340672e-02;1.410703e-01;7.852565e-02;7.879470e-02;5.364751e-02;4.922353e-02;8.637234e-02;7.652342e-02;4.767118e-02;1.470337e-01;8.075977e-02;6.697110e-02
1.364566e-01;8.221651e-02;6.462876e-02;9.308287e-02;5.466823e-02;4.177582e-02;7.898939e-02;1.116456e-01;7.133330e-02;1.252128e-01;7.908488e-02;6.090529e-02
1.410919e-01;5.702497e-02;8.007532e-02;8.628027e-02;6.035894e-02;4.166008e-02;9.832425e-02;8.253115e-02;9.738479e-02;1.019805e-01;1.045198e-01;4.876800e-02
1.208274e-01;4.738692e-02;8.962087e-02;6.810229e-02;7.910433e-02;5.197123e-02;9.862605e-02;4.411085e-02;9.256929e-02;1.385817e-01;1.221856e-01;4.691353e-02
8.260834e-02;3.117003e-02;1.021906e-01;5.042474e-02;7.521021e-02;9.242572e-02;1.346242e-01;3.554758e-02;6.740531e-02;1.747548e-01;1.149134e-01;3.872515e-02
4.918151e-02;2.196106e-02;9.127048e-02;5.042347e-02;6.765536e-02;1.251773e-01;1.444263e-01;3.505357e-02;6.611995e-02;2.046678e-01;1.088968e-01;3.516637e-02
7.420708e-02;2.448937e-02;6.893805e-02;9.242363e-02;5.705090e-02;7.833827e-02;1.684414e-01;3.122207e-02;8.021393e-02;1.965236e-01;1.010070e-01;2.714465e-02
9.413064e-02;2.252555e-02;4.887104e-02;1.337498e-01;4.313073e-02;3.963659e-02;1.844205e-01;3.540845e-02;1.041107e-01;1.746947e-01;9.629735e-02;2.302399e-02
7.772077e-02;1.945983e-02;6.729518e-02;1.471874e-01;4.688237e-02;5.154764e-02;2.082351e-01;4.113425e-02;9.746311e-02;1.418578e-01;8.357375e-02;1.764275e-02
4.214504e-02;3.467589e-02;9.777899e-02;1.145821e-01;5.963732e-02;9.256168e-02;1.930351e-01;4.721966e-02;8.496649e-02;1.242087e-01;8.354007e-02;2.564892e-02
3.885800e-02;5.900413e-02;1.244175e-01;7.091781e-02;5.156947e-02;1.534883e-01;1.554766e-01;5.380692e-02;7.791568e-02;1.140984e-01;5.773098e-02;4.271619e-02
4.592827e-02;7.723568e-02;2.150381e-01;5.608120e-02;3.582208e-02;1.345788e-01;9.044865e-02;7.244488e-02;7.190739e-02;9.897731e-02;5.027867e-02;5.125900e-02
4.557044e-02;6.354553e-02;2.546193e-01;4.929109e-02;5.962442e-02;8.348770e-02;1.719452e-01;7.611508e-02;5.143620e-02;6.221810e-02;3.086751e-02;5.127940e-02
2.850645e-02;2.807439e-02;2.667859e-01;4.334554e-02;6.416249e-02;8.060240e-02;2.099677e-01;9.552097e-02;5.016381e-02;6.788474e-02;1.601125e-02;4.897433e-02
9.948027e-03;2.528328e-02;2.719152e-01;2.348234e-02;3.492973e-02;6.601334e-02;2.329313e-01;1.208669e-01;6.836521e-02;9.636325e-02;1.007481e-02;3.982657e-02
8.536065e-03;3.401691e-02;2.843687e-01;1.597393e-02;1.466999e-02;3.088809e-02;2.473456e-01;1.233280e-01;8.708500e-02;1.133715e-01;9.828852e-03;3.058733e-02
1.289059e-02;4.362092e-02;2.952507e-01;1.947660e-02;1.759770e-02;1.653902e-02;2.664384e-01;1.087800e-01;7.761831e-02;1.030246e-01;1.336894e-02;2.539417e-02
1.463600e-02;5.419965e-02;3.073304e-01;2.249416e-02;1.471451e-02;1.679873e-02;2.947662e-01;9.374104e-02;5.665999e-02;8.151533e-02;1.600203e-02;2.714187e-02
2.784679e-02;7.108004e-02;2.979321e-01;2.825031e-02;1.855848e-02;1.626765e-02;3.076042e-01;8.712061e-02;4.231196e-02;6.213144e-02;1.743087e-02;2.346555e-02
3.398306e-02;8.081511e-02;2.944690e-01;3.862431e-02;2.241384e-02;2.376596e-02;3.231938e-01;7.140816e-02;2.859259e-02;4.219549e-02;2.109755e-02;1.944113e-02
3.295228e-02;8.268856e-02;2.848720e-01;5.110046e-02;2.611704e-02;2.903756e-02;3.253588e-01;6.289203e-02;2.582887e-02;3.668080e-02;2.328512e-02;1.918653e-02
3.470604e-02;8.620156e-02;2.508087e-01;5.401101e-02;4.554240e-02;2.891178e-02;3.245214e-01;6.665026e-02;2.368256e-02;4.104029e-02;2.436608e-02;1.955794e-02
3.990326e-02;9.607452e-02;2.084751e-01;4.381885e-02;8.531755e-02;2.666779e-02;3.397660e-01;5.621252e-02;2.622245e-02;3.222794e-02;2.717013e-02;1.814381e-02
2.574114e-02;1.077209e-01;1.769498e-01;2.997131e-02;1.232959e-01;3.831442e-02;3.566175e-01;3.995639e-02;2.580253e-02;2.555963e-02;3.563957e-02;1.443094e-02
3.658928e-02;1.184531e-01;1.369232e-01;2.423204e-02;1.449716e-01;4.879764e-02;3.712658e-01;2.997962e-02;2.019473e-02;2.592298e-02;3.450716e-02;8.162667e-03
5.725485e-02;1.145340e-01;1.093171e-01;1.970943e-02;1.419195e-01;5.799801e-02;3.827845e-01;3.072091e-02;2.180802e-02;2.506102e-02;3.144009e-02;7.452576e-03
7.500761e-02;8.930086e-02;1.059372e-01;1.711474e-02;1.172522e-01;6.240631e-02;4.140810e-01;2.139957e-02;2.175859e-02;3.783186e-02;2.712648e-02;1.078364e-02
8.056429e-02;4.283233e-02;1.162919e-01;3.252709e-02;6.968157e-02;3.979646e-02;4.772578e-01;3.114046e-02;2.934133e-02;4.208782e-02;2.355306e-02;1.492589e-02
6.086461e-02;5.106281e-02;8.099534e-02;4.914930e-02;4.500591e-02;2.668270e-02;5.493453e-01;3.783512e-02;3.505633e-02;3.182723e-02;2.186196e-02;1.031333e-02
4.411960e-02;5.574843e-02;3.529585e-02;3.917072e-02;5.040462e-02;4.096669e-02;5.950980e-01;3.556736e-02;4.532981e-02;3.104075e-02;2.089688e-02;6.361236e-03
4.569494e-02;4.231049e-02;3.332993e-02;3.971172e-02;6.059562e-02;5.212298e-02;5.594158e-01;3.040039e-02;6.330860e-02;4.265078e-02;1.969722e-02;1.076152e-02
2.344536e-02;4.268071e-02;5.555834e-02;6.856059e-02;7.215468e-02;6.206758e-02;4.798074e-01;3.960609e-02;6.421645e-02;4.881014e-02;1.888029e-02;2.421237e-02
5.327731e-02;5.811114e-02;6.933931e-02;8.078916e-02;6.341172e-02;5.614602e-02;4.295496e-01;4.145655e-02;5.284624e-02;4.780926e-02;1.716965e-02;3.009407e-02
1.001029e-01;8.465418e-02;4.853605e-02;6.680546e-02;7.482167e-02;5.220452e-02;4.143889e-01;3.034087e-02;3.559107e-02;3.397984e-02;2.617811e-02;3.239645e-02
1.643418e-01;9.846918e-02;4.669965e-02;4.321900e-02;7.329058e-02;5.317279e-02;3.574663e-01;2.664569e-02;2.696098e-02;2.563304e-02;2.912492e-02;5.497605e-02
1.864608e-01;1.250205e-01;7.215054e-02;3.038679e-02;5.656172e-02;3.819015e-02;2.909777e-01;2.673108e-02;3.137920e-02;3.810583e-02;3.619983e-02;6.783591e-02
1.511147e-01;1.106165e-01;7.376336e-02;3.296546e-02;5.304067e-02;4.182296e-02;2.488296e-01;3.730850e-02;4.404838e-02;6.835837e-02;3.213113e-02;1.060003e-01
1.033356e-01;8.733758e-02;6.236484e-02;4.544684e-02;5.834322e-02;5.186317e-02;2.188052e-01;6.566571e-02;5.695254e-02;8.668436e-02;8.120765e-02;8.199325e-02
