4.330618e-02;3.690023e-02;2.001057e-01;1.158603e-01;1.605664e-01;7.310663e-02;1.263978e-01;4.491754e-02;3.140067e-02;4.290172e-02;7.257770e-02;5.195927e-02
1.962986e-02;1.768648e-02;1.945726e-01;2.079769e-01;1.797356e-01;4.386392e-02;5.444073e-02;4.494280e-02;1.590315e-02;7.204895e-02;9.803575e-02;5.116318e-02
1.169503e-02;1.243298e-02;1.588309e-01;2.172308e-01;2.190933e-01;3.663111e-02;3.311587e-02;4.005533e-02;1.417159e-02;9.200615e-02;8.376983e-02;8.096699e-02
1.099817e-02;7.367873e-03;1.370080e-01;1.692825e-01;2.901354e-01;5.149085e-02;3.904533e-02;1.977035e-02;2.289842e-02;7.743674e-02;4.765070e-02;1.269157e-01
7.568177e-03;8.171182e-03;1.162912e-01;1.267286e-01;3.520655e-01;6.069103e-02;5.053841e-02;6.825646e-03;3.305757e-02;4.444453e-02;2.382564e-02;1.697925e-01
1.012297e-02;6.958759e-03;1.589587e-01;1.240702e-01;3.128731e-01;7.266024e-02;6.732156e-02;1.466404e-02;3.451073e-02;1.710865e-02;2.540715e-02;1.553438e-01
9.105604e-03;7.443595e-03;2.774649e-01;1.360665e-01;1.981460e-01;6.089045e-02;5.427816e-02;3.716975e-02;2.079629e-02;2.797742e-02;6.958150e-02;1.010798e-01
1.694615e-02;2.388161e-02;3.786945e-01;1.150503e-01;9.062278e-02;4.806099e-02;5.250458e-02;4.919615e-02;2.331952e-02;5.451054e-02;9.278964e-02;5.442332e-02
3.361506e-02;5.260971e-02;4.242172e-01;6.781162e-02;3.639312e-02;5.159802e-02;5.806592e-02;4.414390e-02;5.643117e-02;7.009456e-02;6.988384e-02;3.513585e-02
7.260521e-02;6.818765e-02;3.983550e-01;4.088962e-02;4.540775e-02;5.380169e-02;5.461999e-02;4.588419e-02;8.841551e-02;5.782644e-02;3.480507e-02;3.920189e-02
1.142051e-01;7.615513e-02;3.086057e-01;4.340256e-02;4.786735e-02;4.034444e-02;1.039822e-01;5.124049e-02;4.362102e-02;5.866176e-02;6.784718e-02;4.406699e-02
1.095082e-01;9.193734e-02;2.576399e-01;3.550873e-02;4.638601e-02;3.812235e-02;1.572427e-01;3.497258e-02;3.251772e-02;6.303588e-02;7.707036e-02;5.605819e-02
7.744143e-02;7.090487e-02;2.718505e-01;6.540802e-02;3.770432e-02;3.595183e-02;1.849477e-01;3.763985e-02;3.508103e-02;6.996405e-02;6.167370e-02;5.143271e-02
3.000467e-02;2.716800e-02;2.454308e-01;1.484967e-01;9.334641e-02;3.224286e-02;1.404065e-01;7.093433e-02;2.067661e-02;6.342018e-02;8.863366e-02;3.923927e-02
1.084656e-02;1.335561e-02;1.393231e-01;2.267832e-01;1.449638e-01;3.942959e-02;7.339208e-02;1.096973e-01;1.487391e-02;4.697888e-02;1.366091e-01;4.374683e-02
1.546230e-02;1.580960e-02;1.321288e-01;2.547257e-01;1.364371e-01;4.042146e-02;5.128600e-02;1.042851e-01;1.252576e-02;6.013998e-02;1.513447e-01;2.543359e-02
1.955906e-02;1.690547e-02;2.347500e-01;2.156458e-01;8.299882e-02;3.333180e-02;4.864160e-02;7.426774e-02;1.109551e-02;1.072700e-01;1.426541e-01;1.288014e-02
2.002035e-02;1.689203e-02;3.687341e-01;1.090967e-01;3.490342e-02;1.577108e-02;8.457159e-02;3.408928e-02;1.932853e-02;1.861152e-01;1.017097e-01;8.768066e-03
1.803314e-02;2.559699e-02;4.577411e-01;3.544381e-02;1.405755e-02;6.829762e-03;1.212785e-01;9.775887e-03;1.493083e-02;2.360979e-01;5.394091e-02;6.273536e-03
1.538274e-02;4.111081e-02;4.649417e-01;3.856824e-02;1.331059e-02;6.676461e-03;1.293374e-01;7.416018e-03;1.816153e-02;2.192629e-01;4.272781e-02;3.103834e-03
3.547002e-02;7.214965e-02;4.476292e-01;4.257396e-02;2.008963e-02;7.387184e-03;1.252321e-01;9.422609e-03;1.950626e-02;1.748431e-01;4.270888e-02;2.987358e-03
7.186768e-02;1.110787e-01;3.884495e-01;3.554277e-02;2.801795e-02;1.884632e-02;1.055734e-01;1.622908e-02;3.414892e-02;1.341044e-01;4.504204e-02;1.109922e-02
1.218931e-01;1.316271e-01;2.661360e-01;3.455806e-02;3.850094e-02;3.816449e-02;9.649807e-02;3.963634e-02;4.947002e-02;1.141836e-01;5.060444e-02;1.872785e-02
9.736849e-02;7.460107e-02;1.926713e-01;5.200186e-02;5.476369e-02;3.888584e-02;1.045223e-01;7.338865e-02;5.688691e-02;1.563074e-01;7.659112e-02;2.201141e-02
4.430445e-02;4.096906e-02;3.243048e-01;6.334487e-02;3.324662e-02;1.723935e-02;1.380074e-01;3.052122e-02;3.788695e-02;1.896852e-01;6.955549e-02;1.093454e-02
5.644255e-02;4.747913e-02;2.568843e-01;5.964997e-02;3.415893e-02;2.192807e-02;1.782888e-01;2.777761e-02;2.947840e-02;2.207784e-01;5.700988e-02;1.012392e-02
5.214382e-02;6.865792e-02;1.730028e-01;3.483088e-02;6.522510e-02;4.552796e-02;1.426552e-01;7.814164e-02;8.195502e-02;1.511728e-01;6.445406e-02;4.223284e-02
8.102297e-02;9.167532e-02;6.713604e-02;4.811088e-02;7.693608e-02;6.792276e-02;1.341488e-01;1.111689e-01;1.212448e-01;9.157392e-02;4.253411e-02;6.652547e-02
8.843882e-02;7.922411e-02;9.985999e-02;4.838915e-02;7.338583e-02;6.712232e-02;1.631562e-01;9.995256e-02;1.050827e-01;7.431209e-02;3.951564e-02;6.156054e-02
6.050668e-02;9.720575e-02;2.880220e-01;7.481652e-02;7.660988e-02;5.527663e-02;1.238778e-01;3.981450e-02;5.525123e-02;4.951851e-02;3.494114e-02;4.415939e-02
8.071812e-02;1.468325e-01;3.449073e-01;9.200358e-02;4.428241e-02;4.384213e-02;5.468598e-02;3.573526e-02;8.595835e-02;2.421414e-02;1.933362e-02;2.748661e-02
1.129985e-01;2.016714e-01;3.183646e-01;9.337468e-02;2.118389e-02;3.307944e-02;2.786935e-02;4.195238e-02;1.036084e-01;1.647587e-02;1.318808e-02;1.623343e-02
1.822484e-01;2.096969e-01;2.317179e-01;6.755212e-02;4.209126e-02;1.767533e-02;3.443679e-02;7.031912e-02;9.857396e-02;1.771038e-02;1.533048e-02;1.264743e-02
2.593901e-01;1.429166e-01;1.403714e-01;3.285164e-02;8.231352e-02;1.784012e-02;6.059060e-02;1.417952e-01;7.195014e-02;1.377989e-02;1.501378e-02;2.118701e-02
2.540648e-01;5.845274e-02;8.396358e-02;4.015725e-02;7.641809e-02;4.370065e-02;1.096187e-01;1.876017e-01;5.592338e-02;3.524972e-02;1.260167e-02;4.224771e-02
1.717356e-01;3.052594e-02;4.245691e-02;1.097480e-01;2.674261e-02;5.975103e-02;1.977357e-01;1.555136e-01;4.843385e-02;7.500042e-02;1.056450e-02;7.179181e-02
1.031215e-01;4.459061e-02;1.945560e-02;1.890484e-01;7.712299e-03;4.332174e-02;2.878681e-01;9.637908e-02;2.188322e-02;8.331399e-02;9.171557e-03;9.413382e-02
6.822532e-02;6.220284e-02;1.738207e-02;1.925825e-01;8.976674e-03;3.308242e-02;3.624866e-01;5.489824e-02;1.421926e-02;6.021670e-02;1.332532e-02;1.124021e-01
5.400675e-02;7.123666e-02;1.429832e-02;1.254990e-01;2.128687e-02;5.693017e-02;4.168230e-01;4.617045e-02;1.515174e-02;3.126464e-02;2.538602e-02;1.219464e-01
4.266400e-02;5.436017e-02;2.539041e-02;5.806129e-02;5.060451e-02;1.071034e-01;4.212958e-01;4.198429e-02;1.713294e-02;2.146154e-02;4.436458e-02;1.155772e-01
4.220775e-02;2.661271e-02;8.920927e-02;3.699750e-02;7.110333e-02;1.313484e-01;3.326440e-01;4.952371e-02;3.174242e-02;2.593001e-02;6.536318e-02;9.731776e-02
6.872305e-02;6.425396e-02;1.336019e-01;2.734317e-02;6.873284e-02;1.109736e-01;2.341516e-01;6.211889e-02;5.005224e-02;3.582295e-02;6.763396e-02;7.659178e-02
7.064638e-02;1.254993e-01;1.152727e-01;6.396996e-02;4.496157e-02;7.482653e-02;1.889706e-01;1.153542e-01;6.808733e-02;4.353787e-02;4.220871e-02;4.666490e-02
7.785221e-02;1.181404e-01;6.919539e-02;9.690698e-02;2.360690e-02;4.049441e-02;1.994609e-01;1.502746e-01;6.784205e-02;4.606842e-02;1.499232e-02;9.516536e-02
5.714594e-02;8.999470e-02;5.307269e-02;8.532239e-02;1.978284e-02;1.897893e-02;2.018141e-01;1.595423e-01;8.645352e-02;4.531245e-02;3.038990e-02;1.521903e-01
6.251088e-02;5.714142e-02;1.017359e-01;6.159593e-02;3.283873e-02;2.113863e-02;1.371871e-01;1.182284e-01;9.345148e-02;3.953925e-02;6.690842e-02;2.077238e-01
9.656581e-02;3.825538e-02;1.822871e-01;6.229971e-02;3.939161e-02;3.941498e-02;6.148515e-02;6.172469e-02;9.713438e-02;2.423350e-02;9.717335e-02;2.000344e-01
9.285558e-02;4.155870e-02;2.768276e-01;5.315458e-02;3.403235e-02;6.156683e-02;3.888325e-02;3.216046e-02;1.167213e-01;1.528122e-02;1.340016e-01;1.029565e-01
5.874083e-02;2.660391e-02;3.286997e-01;6.570923e-02;4.293521e-02;6.744260e-02;4.078750e-02;2.608736e-02;1.473968e-01;1.862363e-02;1.420355e-01;3.493768e-02
4.100677e-02;1.408112e-02;3.372745e-01;4.683094e-02;4.830734e-02;6.516312e-02;5.130574e-02;3.165540e-02;1.669029e-01;1.817679e-02;1.299508e-01;4.934455e-02
1.732495e-02;3.688393e-02;2.702354e-01;6.516536e-02;4.420037e-02;5.449326e-02;8.898918e-02;4.058619e-02;1.477058e-01;2.027514e-02;9.256654e-02;1.215738e-01
1.309375e-02;7.115625e-02;1.383541e-01;2.051548e-01;2.551144e-02;2.879846e-02;1.138825e-01;3.693181e-02;7.253205e-02;4.948365e-02;3.792819e-02;2.071730e-01
2.211821e-02;7.055851e-02;6.141179e-02;3.283740e-01;1.394204e-02;2.565964e-02;9.565864e-02;2.371585e-02;3.696193e-02;8.658051e-02;1.389673e-02;2.211221e-01
6.875601e-02;3.797916e-02;5.390968e-02;3.467151e-01;2.277318e-02;3.545431e-02;6.833128e-02;5.417179e-02;4.650571e-02;9.362117e-02;8.259770e-03;1.635228e-01
1.581077e-01;1.255352e-02;1.307442e-01;1.868360e-01;5.990230e-02;3.272342e-02;5.469155e-02;1.368574e-01;5.671911e-02;5.102715e-02;8.859499e-03;1.109781e-01
2.168561e-01;1.618718e-02;1.575478e-01;5.651784e-02;9.991681e-02;1.567901e-02;3.850623e-02;2.110093e-01;3.693637e-02;1.747186e-02;2.109538e-02;1.122761e-01
2.154542e-01;2.362762e-02;1.136221e-01;2.547876e-02;1.254692e-01;8.993703e-03;6.937084e-02;2.718830e-01;1.846561e-02;2.060285e-02;3.208362e-02;7.494859e-02
1.565209e-01;4.678677e-02;6.149030e-02;2.971335e-02;1.023830e-01;2.194763e-02;1.570376e-01;2.776248e-01;6.011054e-02;3.499988e-02;2.863539e-02;2.274984e-02
1.058531e-01;6.091155e-02;7.395195e-02;5.116653e-02;6.600031e-02;3.436744e-02;1.854372e-01;2.286102e-01;9.275050e-02;4.627518e-02;2.635817e-02;2.831790e-02
9.658608e-02;6.544460e-02;1.283015e-01;5.692102e-02;5.703730e-02;3.586692e-02;1.566474e-01;1.827653e-01;1.038542e-01;4.602994e-02;3.244164e-02;3.810414e-02
1.658564e-01;6.679116e-02;1.442236e-01;8.545801e-02;6.190516e-02;3.193117e-02;9.175093e-02;1.328144e-01;7.999787e-02;3.360172e-02;3.486190e-02;7.080775e-02
2.468258e-01;1.028813e-01;1.556008e-01;6.892665e-02;5.576093e-02;2.481644e-02;6.690809e-02;8.964693e-02;6.630178e-02;2.878609e-02;2.999510e-02;6.355010e-02
2.524642e-01;1.792845e-01;1.947273e-01;5.308269e-02;3.867432e-02;2.234447e-02;4.639594e-02;5.251707e-02;7.525038e-02;2.186514e-02;2.579576e-02;3.759823e-02
1.762768e-01;2.811704e-01;2.077523e-01;7.022897e-02;2.374133e-02;3.125928e-02;3.451083e-02;2.625328e-02;9.789629e-02;1.755040e-02;1.657844e-02;1.678167e-02
1.672784e-01;3.407522e-01;2.036117e-01;6.446484e-02;1.515535e-02;3.025303e-02;1.752711e-02;1.549140e-02;1.154117e-01;1.410699e-02;6.078326e-03;9.869055e-03
2.004077e-01;3.554034e-01;1.974832e-01;4.228072e-02;7.437656e-03;2.768468e-02;8.792939e-03;5.797294e-03;1.242294e-01;8.873128e-03;6.072348e-03;1.553757e-02
1.860997e-01;3.481760e-01;1.968036e-01;2.983650e-02;4.627448e-03;3.203431e-02;6.810805e-03;6.501636e-03;1.364412e-01;1.058892e-02;2.180188e-02;2.027813e-02
1.734818e-01;3.098743e-01;1.932677e-01;2.417403e-02;5.228553e-03;2.745862e-02;1.009815e-02;9.185083e-03;1.399393e-01;1.844350e-02;7.112957e-02;1.771940e-02
2.207856e-01;2.433597e-01;1.622374e-01;1.835721e-02;2.252734e-02;1.397928e-02;1.525023e-02;2.584753e-02;1.166975e-01;2.650008e-02;1.187266e-01;1.573145e-02
2.872519e-01;1.665981e-01;1.291097e-01;1.617603e-02;5.239273e-02;1.028549e-02;2.045300e-02;6.928560e-02;7.701994e-02;3.600691e-02;1.114902e-01;2.393029e-02
3.002767e-01;1.103929e-01;1.197329e-01;2.246162e-02;6.532332e-02;1.257066e-02;2.854723e-02;1.102884e-01;4.987053e-02;4.833300e-02;7.535055e-02;5.685216e-02
1.780293e-01;8.625486e-02;1.023226e-01;4.258464e-02;5.919309e-02;3.776683e-02;1.049250e-01;1.037030e-01;5.746044e-02;8.054889e-02;6.471533e-02;8.249605e-02
7.779302e-02;1.108407e-01;1.676834e-01;5.433685e-02;8.283508e-02;6.750213e-02;1.177817e-01;1.009943e-01;6.357379e-02;7.010990e-02;4.586819e-02;4.068096e-02
7.388092e-02;1.564300e-01;2.814079e-01;4.591424e-02;5.572423e-02;5.703786e-02;8.557956e-02;6.768569e-02;8.566049e-02;5.230674e-02;2.097574e-02;1.739670e-02
5.093246e-02;1.943938e-01;4.317292e-01;2.991693e-02;2.194634e-02;5.208940e-02;3.651525e-02;1.961349e-02;9.523397e-02;4.343063e-02;6.390468e-03;1.780813e-02
2.965165e-02;1.919073e-01;5.313542e-01;2.254860e-02;1.755198e-02;4.372845e-02;9.555882e-03;1.461330e-02;7.258323e-02;4.517786e-02;4.960408e-03;1.636716e-02
1.846586e-02;1.854926e-01;5.779985e-01;2.135738e-02;1.056287e-02;2.703064e-02;1.030247e-02;1.467266e-02;5.889571e-02;5.795577e-02;3.381833e-03;1.388362e-02
4.473444e-02;1.958629e-01;5.358746e-01;2.542935e-02;8.931050e-03;1.986274e-02;7.864982e-03;1.194382e-02;5.971821e-02;6.426712e-02;5.153263e-03;2.035751e-02
3.213984e-02;2.209159e-01;4.050463e-01;1.994621e-02;1.555451e-02;2.827260e-02;2.121020e-02;2.102072e-02;1.052608e-01;6.405859e-02;2.026621e-02;4.630814e-02
1.303827e-01;2.498352e-01;2.437323e-01;1.637775e-02;2.256349e-02;2.271597e-02;2.740148e-02;3.902839e-02;1.123423e-01;4.091644e-02;3.579620e-02;5.890780e-02
2.396713e-01;3.066099e-01;1.492248e-01;1.131966e-02;1.683220e-02;8.501623e-03;2.733662e-02;4.325803e-02;8.832680e-02;2.868451e-02;3.390339e-02;4.633110e-02
3.006873e-01;3.483011e-01;9.632098e-02;1.157206e-02;1.043538e-02;1.103574e-02;3.146513e-02;3.790774e-02;7.770631e-02;2.308770e-02;3.045086e-02;2.102976e-02
3.335245e-01;3.120676e-01;1.104419e-01;9.972354e-03;1.452757e-02;4.715709e-03;3.168355e-02;4.394596e-02;6.783985e-02;1.740755e-02;4.264855e-02;1.122491e-02
3.891112e-01;2.460112e-01;8.968993e-02;6.302033e-03;2.253373e-02;2.560498e-03;3.056307e-02;6.495290e-02;5.725724e-02;1.467022e-02;5.747126e-02;1.887675e-02
4.239867e-01;1.759499e-01;8.081640e-02;5.687160e-03;3.695717e-02;5.195030e-03;2.615371e-02;9.799156e-02;3.709757e-02;1.336387e-02;6.417594e-02;3.262487e-02
3.923948e-01;1.148743e-01;7.088420e-02;1.196185e-02;5.386883e-02;1.492335e-02;4.766461e-02;1.260335e-01;2.796438e-02;3.045129e-02;6.515867e-02;4.382023e-02
2.681941e-01;8.196049e-02;7.812612e-02;3.733878e-02;5.537577e-02;3.760891e-02;9.295239e-02;1.175306e-01;3.674411e-02;6.625833e-02;5.876399e-02;6.914634e-02
7.213330e-02;7.538967e-02;6.075636e-02;6.148190e-02;6.305376e-02;5.375167e-02;1.837291e-01;8.576830e-02;6.388915e-02;9.012344e-02;5.277771e-02;1.371457e-01
8.915964e-02;3.827654e-02;6.865075e-02;4.730368e-02;3.686934e-02;5.600611e-02;1.906640e-01;8.095470e-02;7.985485e-02;5.937649e-02;7.543071e-02;1.774532e-01
9.322574e-02;5.611797e-02;4.614199e-02;9.682833e-02;3.800629e-02;4.754662e-02;1.762935e-01;7.141371e-02;6.197474e-02;6.294043e-02;7.643700e-02;1.730737e-01
2.378228e-01;9.162784e-02;8.365551e-02;5.720688e-02;4.405724e-02;2.571128e-02;1.019745e-01;1.311732e-01;6.414427e-02;4.905283e-02;3.234876e-02;8.122500e-02
2.599334e-01;1.114753e-01;8.087033e-02;1.988443e-02;6.836727e-02;1.600292e-02;5.139861e-02;2.206655e-01;7.800970e-02;2.370046e-02;3.984423e-02;2.984798e-02
2.576949e-01;1.182414e-01;6.748874e-02;7.987204e-03;8.336034e-02;6.762158e-03;3.680906e-02;2.598213e-01;9.009249e-02;9.340398e-03;4.655707e-02;1.584500e-02
2.577972e-01;1.064060e-01;5.165901e-02;4.355588e-03;9.160525e-02;6.060386e-03;2.402679e-02;2.800812e-01;1.071595e-01;4.636270e-03;5.295736e-02;1.325546e-02
2.580294e-01;7.705358e-02;4.595116e-02;3.571460e-03;9.691738e-02;5.381189e-03;3.555873e-02;3.174957e-01;8.264881e-02;7.059862e-03;5.576774e-02;1.456494e-02
2.661757e-01;5.451731e-02;4.415898e-02;5.700388e-03;1.001918e-01;5.853503e-03;4.357033e-02;3.382494e-01;5.329454e-02;1.160772e-02;6.188790e-02;1.479244e-02
2.821263e-01;5.160799e-02;4.613601e-02;3.185635e-03;9.948137e-02;6.471371e-03;2.812005e-02;3.065360e-01;6.910797e-02;1.246363e-02;7.608298e-02;1.868073e-02
3.001131e-01;6.976714e-02;5.566049e-02;4.577475e-03;9.931367e-02;5.526315e-03;2.178446e-02;2.707198e-01;5.588989e-02;7.527919e-03;8.965198e-02;1.946777e-02
2.648523e-01;9.408964e-02;8.310577e-02;7.458493e-03;8.772460e-02;9.106415e-03;3.594965e-02;2.264042e-01;7.123245e-02;1.309731e-02;8.247226e-02;2.450697e-02
2.020138e-01;1.082502e-01;8.688075e-02;8.308998e-03;8.373260e-02;1.995565e-02;7.433771e-02;1.810890e-01;1.001121e-01;2.493792e-02;7.430431e-02;3.607691e-02
5.111806e-02;1.223773e-01;1.306298e-01;1.904772e-02;8.534046e-02;3.667715e-02;1.167815e-01;1.389941e-01;1.164221e-01;3.988421e-02;8.829514e-02;5.443243e-02
1.715416e-01;6.214408e-02;1.482460e-01;1.634626e-02;4.782759e-02;3.055766e-02;1.129127e-01;1.337508e-01;5.006218e-02;4.697086e-02;1.031915e-01;7.644874e-02
1.616054e-01;2.289043e-02;1.378547e-01;1.670038e-02;3.564063e-02;3.611260e-02;8.683607e-02;9.302286e-02;7.816041e-02;8.292758e-02;1.565133e-01;9.173565e-02
8.332885e-02;6.653157e-02;1.798789e-01;2.145199e-02;3.942177e-02;4.637944e-02;9.994974e-02;8.051335e-02;8.515213e-02;8.560039e-02;1.351480e-01;7.664388e-02
7.299927e-02;6.488217e-02;1.961778e-01;5.391473e-02;4.821971e-02;6.689355e-02;1.357710e-01;5.496181e-02;7.635920e-02;5.467822e-02;9.887966e-02;7.626297e-02
8.199212e-02;3.988279e-02;1.803376e-01;7.113621e-02;5.700967e-02;7.615815e-02;1.404373e-01;7.427936e-02;9.016538e-02;4.303523e-02;9.244419e-02;5.312208e-02
8.892707e-02;8.797374e-02;2.212935e-01;5.280507e-02;5.121970e-02;6.379809e-02;8.995502e-02;9.361640e-02;1.105706e-01;4.149546e-02;5.600552e-02;4.233985e-02
1.560657e-01;1.086268e-01;1.774392e-01;3.566305e-02;5.175865e-02;4.162699e-02;7.957895e-02;1.395582e-01;1.081559e-01;3.544803e-02;3.524482e-02;3.083375e-02
2.140858e-01;9.886035e-02;1.037816e-01;3.045327e-02;4.741361e-02;2.569252e-02;1.009017e-01;2.074680e-01;8.472339e-02;3.416022e-02;2.435085e-02;2.810873e-02
2.045444e-01;5.218366e-02;3.538249e-02;4.870565e-02;2.798579e-02;2.178700e-02;2.062661e-01;2.072375e-01;4.392268e-02;6.137149e-02;1.789530e-02;7.271805e-02
1.364216e-01;1.544811e-02;1.578869e-02;8.044285e-02;7.087695e-03;2.296244e-02;3.540501e-01;1.220867e-01;2.066991e-02;8.381547e-02;1.611224e-02;1.251141e-01
1.064558e-01;1.101171e-02;1.378692e-02;9.888867e-02;5.097943e-03;1.780629e-02;4.136583e-01;8.072229e-02;8.945243e-03;7.403295e-02;1.754466e-02;1.520492e-01
1.184039e-01;1.419035e-02;9.613236e-03;1.109704e-01;2.770850e-03;9.195197e-03;4.300756e-01;4.943575e-02;6.823806e-03;6.358474e-02;1.902716e-02;1.659090e-01
1.283377e-01;1.314150e-02;1.999690e-02;1.179010e-01;5.956294e-03;1.210808e-02;3.993246e-01;5.749124e-02;4.733782e-03;5.791390e-02;2.027717e-02;1.628178e-01
1.559849e-01;1.011383e-02;2.238093e-02;1.250557e-01;7.884059e-03;1.698563e-02;3.450651e-01;7.277228e-02;6.246741e-03;5.387508e-02;2.148714e-02;1.621486e-01
2.213961e-01;3.708254e-02;6.899364e-02;9.311656e-02;3.908073e-02;2.635565e-02;2.075175e-01;1.080001e-01;2.341259e-02;3.663411e-02;2.278681e-02;1.156235e-01
2.011999e-01;7.361989e-02;1.933775e-01;5.240802e-02;7.141662e-02;4.528426e-02;1.090026e-01;1.103200e-01;4.222461e-02;2.016604e-02;3.228870e-02;4.869169e-02
1.161070e-01;7.846165e-02;2.814865e-01;6.361156e-02;8.424333e-02;6.241489e-02;9.723157e-02;7.245950e-02;3.365302e-02;1.386365e-02;4.266780e-02;5.379957e-02
4.820918e-02;7.331495e-02;3.676371e-01;1.023153e-01;8.498171e-02;5.788903e-02;1.022893e-01;3.263561e-02;1.270746e-02;1.631861e-02;5.072347e-02;5.097831e-02
4.448356e-02;7.897555e-02;4.629283e-01;9.782559e-02;6.534158e-02;3.338163e-02;6.985417e-02;2.459192e-02;2.832068e-02;2.088354e-02;4.434834e-02;2.906513e-02
7.187404e-02;9.015720e-02;4.214515e-01;6.149475e-02;4.774651e-02;3.777177e-02;7.022261e-02;4.482046e-02;6.199223e-02;3.744908e-02;3.211789e-02;2.290200e-02
6.901855e-02;6.854597e-02;2.720884e-01;4.512830e-02;6.862155e-02;4.464229e-02;1.111295e-01;4.852103e-02;9.936451e-02;7.546802e-02;4.707645e-02;5.039537e-02
7.988837e-02;6.164030e-02;1.724332e-01;4.260031e-02;9.470549e-02;6.672744e-02;1.092684e-01;4.535637e-02;1.195787e-01;9.610844e-02;5.759779e-02;5.409533e-02
8.672500e-02;6.105149e-02;1.630082e-01;6.487560e-02;7.344858e-02;7.601035e-02;7.185188e-02;5.147683e-02;1.077304e-01;1.278638e-01;6.078684e-02;5.517090e-02
8.923468e-02;5.959667e-02;1.614829e-01;7.999262e-02;6.457827e-02;7.507466e-02;1.385071e-01;4.500104e-02;7.879344e-02;1.104138e-01;3.768304e-02;5.964182e-02
8.427246e-02;5.639394e-02;1.719799e-01;8.567443e-02;7.250254e-02;7.027346e-02;1.463091e-01;6.660995e-02;6.759873e-02;7.493962e-02;3.633559e-02;6.711029e-02
5.338421e-02;8.448735e-02;1.858225e-01;1.189720e-01;7.812560e-02;7.088667e-02;1.124141e-01;6.554327e-02;7.665847e-02;6.196492e-02;3.724045e-02;5.450048e-02
4.537151e-02;1.103017e-01;1.785349e-01;6.800289e-02;1.059297e-01;9.820658e-02;1.006219e-01;4.399202e-02;8.397461e-02;7.619870e-02;3.233991e-02;5.652555e-02
4.639040e-02;1.271054e-01;1.595226e-01;4.950439e-02;1.217709e-01;8.915132e-02;1.014293e-01;5.016542e-02;9.849412e-02;6.801096e-02;3.588660e-02;5.256863e-02
8.387625e-02;1.195125e-01;1.375551e-01;6.596229e-02;9.817820e-02;8.995228e-02;7.286833e-02;6.840976e-02;1.163671e-01;7.388709e-02;3.187945e-02;4.155159e-02
8.977982e-02;9.507123e-02;1.453938e-01;6.976511e-02;8.341813e-02;7.134908e-02;9.383772e-02;6.129608e-02;1.240593e-01;8.963805e-02;3.978716e-02;3.660461e-02
7.743327e-02;5.604223e-02;2.446246e-01;8.308472e-02;7.999363e-02;4.446707e-02;1.076609e-01;7.026254e-02;7.790053e-02;5.107265e-02;6.535373e-02;4.210405e-02
1.067856e-01;9.701628e-02;2.719470e-01;8.932407e-02;7.904637e-02;3.833052e-02;9.059275e-02;5.515876e-02;4.272227e-02;4.317442e-02;4.717695e-02;3.872500e-02
2.033502e-01;1.316554e-01;2.163433e-01;7.116210e-02;8.483592e-02;3.151754e-02;6.828276e-02;4.370128e-02;3.958628e-02;3.244162e-02;2.896549e-02;4.815806e-02
3.093418e-01;1.370114e-01;1.449004e-01;5.176488e-02;7.482493e-02;3.479790e-02;5.310827e-02;4.014072e-02;3.802578e-02;2.757379e-02;2.041242e-02;6.809764e-02
3.396351e-01;1.100858e-01;6.487195e-02;4.498331e-02;5.650497e-02;5.017414e-02;7.348426e-02;3.749785e-02;4.258474e-02;4.214584e-02;3.133095e-02;1.067011e-01
2.556542e-01;5.504267e-02;3.892338e-02;3.817695e-02;6.234429e-02;7.636777e-02;9.292785e-02;3.837280e-02;5.251021e-02;7.256535e-02;7.411552e-02;1.429990e-01
1.230143e-01;1.644055e-02;6.538985e-02;1.867503e-02;6.620096e-02;1.805317e-01;6.348140e-02;2.808236e-02;5.446196e-02;1.238539e-01;1.490835e-01;1.107845e-01
7.261270e-02;1.497206e-02;5.710017e-02;2.520210e-02;4.451209e-02;2.669823e-01;7.021602e-02;1.499056e-02;3.208360e-02;1.435015e-01;2.035144e-01;5.431256e-02
5.126132e-02;1.317386e-02;4.172047e-02;4.317650e-02;3.738256e-02;2.411141e-01;1.423487e-01;2.022409e-02;1.870851e-02;1.395070e-01;2.263451e-01;2.503782e-02
2.724130e-02;2.441633e-02;2.637911e-02;6.635621e-02;4.262002e-02;1.515405e-01;2.311051e-01;3.147822e-02;1.870888e-02;1.323651e-01;2.229155e-01;2.487371e-02
2.093904e-02;2.051939e-02;2.413758e-02;6.752415e-02;4.602017e-02;1.542370e-01;2.483347e-01;2.963304e-02;1.805465e-02;1.213355e-01;2.262923e-01;2.297247e-02
3.932970e-02;1.571850e-02;3.264280e-02;5.506065e-02;4.466533e-02;2.344505e-01;1.766559e-01;2.479120e-02;2.528155e-02;9.202379e-02;2.264918e-01;3.288824e-02
4.804577e-02;1.056853e-02;4.990607e-02;6.231340e-02;4.856095e-02;3.276767e-01;8.345421e-02;1.945535e-02;2.918287e-02;7.426302e-02;2.179487e-01;2.862442e-02
4.865799e-02;9.876660e-03;8.809500e-02;6.038791e-02;4.126149e-02;3.676108e-01;8.356567e-02;1.592221e-02;2.430472e-02;6.003653e-02;1.783374e-01;2.194360e-02
5.757562e-02;7.742917e-03;1.468347e-01;6.644928e-02;3.009536e-02;3.340044e-01;8.714463e-02;1.224684e-02;3.496142e-02;5.295257e-02;1.488003e-01;2.119193e-02
5.232885e-02;9.339349e-03;2.140486e-01;6.120767e-02;2.675031e-02;2.679808e-01;1.096218e-01;1.618228e-02;5.655048e-02;4.101279e-02;1.211270e-01;2.385002e-02
6.950781e-02;1.579420e-02;2.170344e-01;2.658858e-02;3.945731e-02;2.027521e-01;1.748946e-01;3.916605e-02;6.464358e-02;2.683958e-02;8.465604e-02;3.866588e-02
9.109267e-02;3.321502e-02;1.260633e-01;1.735406e-02;4.291595e-02;1.608990e-01;2.523045e-01;8.666531e-02;4.411061e-02;1.749508e-02;6.044188e-02;6.744265e-02
8.397397e-02;2.426370e-02;4.440660e-02;2.549643e-02;3.673622e-02;1.444673e-01;2.845226e-01;9.408849e-02;3.137009e-02;1.669932e-02;9.389689e-02;1.200785e-01
5.704251e-02;2.645686e-02;3.411416e-02;2.273997e-02;2.684341e-02;1.200074e-01;2.369958e-01;9.711234e-02;6.715635e-02;3.725324e-02;1.568505e-01;1.174274e-01
7.221873e-02;4.292070e-02;6.859688e-02;1.925248e-02;3.460240e-02;1.043754e-01;1.689850e-01;9.367423e-02;9.124971e-02;6.982265e-02;1.507817e-01;8.352008e-02
8.190767e-02;5.052859e-02;1.071080e-01;2.473150e-02;4.498682e-02;1.046680e-01;1.190098e-01;9.477658e-02;8.922350e-02;9.581415e-02;1.262342e-01;6.101132e-02
5.498016e-02;4.346976e-02;1.714883e-01;4.049837e-02;5.395050e-02;1.010796e-01;1.025025e-01;8.025315e-02;5.718751e-02;1.527050e-01;9.688682e-02;4.499847e-02
3.379230e-02;2.145393e-02;9.888896e-02;3.407212e-02;7.180142e-02;7.947384e-02;1.466370e-01;1.015044e-01;5.138035e-02;2.052033e-01;1.280630e-01;2.772943e-02
4.109119e-02;2.079312e-02;6.849726e-02;4.222623e-02;8.175690e-02;6.961469e-02;1.270608e-01;5.270992e-02;5.718228e-02;2.422763e-01;1.637804e-01;3.301087e-02
4.229735e-02;2.210683e-02;9.243567e-02;4.185798e-02;7.917277e-02;4.757234e-02;7.837324e-02;7.731111e-02;7.478055e-02;2.509423e-01;1.673272e-01;2.582258e-02
6.495570e-02;5.163295e-02;9.742078e-02;6.309680e-02;9.375191e-02;6.060145e-02;6.992561e-02;8.179533e-02;7.789668e-02;1.728211e-01;1.246549e-01;4.144683e-02
6.667572e-02;6.659183e-02;1.287886e-01;6.839572e-02;7.405021e-02;6.278149e-02;9.469290e-02;6.970030e-02;1.082553e-01;1.102056e-01;1.049245e-01;4.493783e-02
9.592084e-02;7.691225e-02;8.919775e-02;7.027703e-02;5.675684e-02;5.179213e-02;9.577615e-02;5.952522e-02;1.318308e-01;1.154868e-01;9.492829e-02;6.159591e-02
1.111782e-01;7.649661e-02;9.673696e-02;4.687112e-02;3.699538e-02;5.310831e-02;1.253189e-01;6.658106e-02;9.335148e-02;1.442488e-01;8.764885e-02;6.146437e-02
9.628807e-02;6.855585e-02;8.788639e-02;3.521247e-02;4.542644e-02;8.359352e-02;1.084257e-01;8.494562e-02;5.162251e-02;1.580953e-01;1.259361e-01;5.401211e-02
4.478264e-02;4.933424e-02;6.276422e-02;2.399101e-02;4.656933e-02;1.329073e-01;1.211248e-01;8.137539e-02;4.369849e-02;1.419985e-01;2.081326e-01;4.332145e-02
3.649091e-02;3.261476e-02;4.000344e-02;2.097520e-02;4.375969e-02;1.921560e-01;1.004388e-01;5.858150e-02;3.793587e-02;9.638500e-02;2.978819e-01;4.277690e-02
4.237339e-02;2.751982e-02;6.525094e-02;2.601565e-02;5.334306e-02;2.012257e-01;7.445935e-02;4.705259e-02;2.715379e-02;1.087953e-01;2.884302e-01;3.838018e-02
5.471786e-02;5.164833e-02;1.227192e-01;4.219076e-02;5.824042e-02;1.350757e-01;1.075316e-01;7.662892e-02;5.913661e-02;1.005686e-01;1.608724e-01;3.066964e-02
7.382622e-02;7.846477e-02;1.809756e-01;3.776153e-02;3.760527e-02;9.286954e-02;1.296664e-01;5.404926e-02;1.033610e-01;8.495541e-02;8.903282e-02;3.743212e-02
6.537221e-02;8.539786e-02;2.323859e-01;4.184150e-02;4.055757e-02;7.801580e-02;1.418379e-01;4.003961e-02;1.246926e-01;6.056552e-02;6.182355e-02;2.746993e-02
5.505859e-02;5.376608e-02;2.364480e-01;6.651997e-02;5.619049e-02;6.014091e-02;1.795642e-01;7.505742e-02;1.061644e-01;2.916913e-02;4.176356e-02;4.015724e-02
2.259755e-02;3.606696e-02;2.285225e-01;8.459712e-02;6.650414e-02;6.396368e-02;1.993979e-01;9.497156e-02;7.865414e-02;2.192617e-02;4.534327e-02;5.745500e-02
