3.703865e-02;8.216012e-02;1.093436e-01;8.087773e-02;8.894532e-02;9.433372e-02;9.395811e-02;2.380385e-01;2.658902e-02;6.868261e-02;4.135283e-02;3.867982e-02
2.367827e-02;1.284371e-01;7.247853e-02;4.351579e-02;1.564452e-01;4.547589e-02;4.518795e-02;2.806681e-01;2.451554e-02;1.059314e-01;4.495749e-02;2.870863e-02
1.771756e-02;1.481746e-01;1.540194e-02;7.064633e-03;2.224518e-01;1.736424e-02;1.670092e-02;2.727410e-01;2.398843e-02;1.815789e-01;4.556251e-02;3.125358e-02
5.068114e-02;1.065769e-01;1.344031e-02;1.931446e-02;1.912209e-01;1.420253e-02;3.916341e-02;1.538391e-01;3.651217e-02;2.724727e-01;5.670920e-02;4.586732e-02
8.903640e-02;6.694316e-02;2.323676e-02;3.565921e-02;1.199690e-01;1.895780e-02;4.849073e-02;7.904650e-02;7.374103e-02;3.237773e-01;7.314305e-02;4.799907e-02
7.640428e-02;5.840540e-02;1.686036e-02;2.876867e-02;9.252197e-02;2.329976e-02;3.384357e-02;1.529211e-01;1.082022e-01;2.444716e-01;1.094593e-01;5.484175e-02
5.870387e-02;7.686833e-02;1.815852e-02;1.545525e-02;9.907427e-02;3.203418e-02;4.481944e-02;2.022411e-01;1.180275e-01;1.503831e-01;1.321842e-01;5.205024e-02
5.128388e-02;9.563182e-02;1.894836e-02;2.357428e-02;1.260249e-01;2.906450e-02;8.396392e-02;2.287371e-01;9.469184e-02;7.942116e-02;1.258211e-01;4.283710e-02
5.445166e-02;1.225985e-01;2.784150e-02;2.322454e-02;1.661763e-01;1.656944e-02;1.004036e-01;2.199039e-01;5.798640e-02;7.339781e-02;9.928103e-02;3.816536e-02
6.230170e-02;1.295938e-01;3.101936e-02;9.163814e-03;1.836667e-01;1.661173e-02;6.127930e-02;2.110475e-01;6.672497e-02;1.220456e-01;7.252719e-02;3.401840e-02
5.338341e-02;7.340899e-02;2.138889e-02;2.364849e-02;1.271839e-01;2.404448e-02;6.212459e-02;2.030424e-01;6.459471e-02;2.691273e-01;5.117283e-02;2.688005e-02
4.746902e-02;6.622322e-02;2.463505e-02;1.802742e-02;7.066678e-02;3.081293e-02;6.689447e-02;1.995837e-01;4.983485e-02;3.357435e-01;5.957537e-02;3.053368e-02
8.735566e-02;7.005645e-02;3.219626e-02;2.108561e-02;4.767163e-02;1.978256e-02;8.232955e-02;1.170416e-01;4.410361e-02;3.483944e-01;1.076392e-01;2.234346e-02
8.548243e-02;6.140889e-02;4.422102e-02;1.085735e-02;1.106985e-01;2.277958e-02;6.776852e-02;1.692467e-01;4.379339e-02;2.233608e-01;1.280824e-01;3.230045e-02
1.215694e-01;9.589661e-02;3.413936e-02;4.287037e-02;1.399624e-01;4.532215e-02;7.005224e-02;1.715897e-01;5.054008e-02;8.741771e-02;8.861449e-02;5.202554e-02
1.491020e-01;1.641521e-01;4.656788e-02;5.850653e-02;6.887882e-02;6.422970e-02;9.483065e-02;9.297868e-02;4.203578e-02;8.412907e-02;8.551515e-02;4.907368e-02
1.887573e-01;2.010239e-01;5.422384e-02;5.681624e-02;3.872847e-02;5.737455e-02;8.981400e-02;8.528119e-02;3.058812e-02;8.314501e-02;6.771211e-02;4.653535e-02
2.534593e-01;2.162471e-01;4.115642e-02;2.679186e-02;5.483258e-02;3.528872e-02;7.661438e-02;1.274446e-01;4.753224e-02;4.025254e-02;5.822183e-02;2.215841e-02
2.501356e-01;1.507017e-01;2.374026e-02;1.546079e-02;8.622318e-02;2.404949e-02;4.240018e-02;1.770922e-01;7.932770e-02;2.496074e-02;9.508771e-02;3.082038e-02
2.274931e-01;7.662380e-02;1.848507e-02;1.730873e-02;1.263619e-01;2.557353e-02;2.611008e-02;2.071353e-01;9.873389e-02;4.274896e-02;1.033493e-01;3.007634e-02
2.564794e-01;3.421212e-02;2.209112e-02;8.883144e-03;1.613449e-01;1.113740e-02;3.633126e-02;2.535002e-01;6.707505e-02;3.507530e-02;9.452808e-02;1.934198e-02
2.924412e-01;5.472807e-02;1.963811e-02;5.379936e-03;1.644979e-01;5.968768e-03;5.026638e-02;2.575726e-01;2.033814e-02;1.361903e-02;1.061472e-01;9.402649e-03
3.137358e-01;8.062002e-02;1.366314e-02;5.051777e-03;1.385819e-01;5.031407e-03;4.335938e-02;2.161783e-01;9.048612e-03;6.983018e-03;1.562187e-01;1.152789e-02
3.496362e-01;9.161454e-02;8.884188e-03;3.595636e-03;9.708947e-02;5.002330e-03;2.889592e-02;1.906747e-01;1.760993e-02;1.048608e-02;1.896417e-01;6.869359e-03
3.535448e-01;9.788364e-02;7.104305e-03;5.457818e-03;9.249665e-02;1.334117e-02;1.826707e-02;1.755851e-01;3.356615e-02;1.213604e-02;1.794494e-01;1.116788e-02
3.239961e-01;7.841359e-02;8.302920e-03;4.244029e-03;1.183061e-01;8.759506e-03;1.738350e-02;2.381324e-01;2.237939e-02;1.026619e-02;1.627937e-01;7.022549e-03
2.754584e-01;5.564645e-02;1.071803e-02;5.763717e-03;8.641488e-02;5.606084e-03;5.821870e-02;3.397322e-01;1.463674e-02;7.681605e-03;1.324473e-01;7.675899e-03
2.186386e-01;5.140927e-02;1.176844e-02;9.619485e-03;3.798274e-02;1.189550e-02;1.379206e-01;3.706860e-01;9.777347e-03;2.033858e-02;9.996031e-02;2.000310e-02
1.635374e-01;6.619154e-02;1.125451e-02;9.775202e-03;5.469253e-02;2.168734e-02;1.856901e-01;3.090388e-01;1.934413e-02;2.692895e-02;1.108707e-01;2.098877e-02
1.349085e-01;7.683574e-02;1.029125e-02;6.870482e-03;7.765180e-02;2.816145e-02;1.915796e-01;2.420506e-01;2.242157e-02;2.195139e-02;1.693525e-01;1.792512e-02
1.420331e-01;7.529888e-02;7.348553e-03;1.289637e-02;1.015712e-01;3.053173e-02;1.562852e-01;2.133509e-01;2.618000e-02;2.993201e-02;1.923531e-01;1.221895e-02
1.714500e-01;6.012967e-02;9.981419e-03;1.244017e-02;1.073273e-01;1.854501e-02;1.717176e-01;2.513530e-01;2.322384e-02;2.903884e-02;1.191478e-01;2.564526e-02
1.679255e-01;6.962796e-02;1.427571e-02;1.101954e-02;9.293126e-02;1.573987e-02;1.549795e-01;2.735512e-01;1.925080e-02;2.694678e-02;1.271758e-01;2.657615e-02
1.286589e-01;7.042359e-02;1.860804e-02;2.697749e-02;7.404927e-02;2.414750e-02;1.302573e-01;3.139194e-01;1.933483e-02;3.427067e-02;1.477101e-01;1.164293e-02
1.817027e-01;6.092440e-02;1.939221e-02;3.263121e-02;4.114190e-02;2.045063e-02;1.743146e-01;2.261171e-01;4.342720e-02;6.335911e-02;1.188004e-01;1.773854e-02
1.363329e-01;3.180897e-02;1.773848e-02;3.317134e-02;5.842926e-02;3.582992e-02;1.909365e-01;1.531849e-01;6.867747e-02;7.805193e-02;1.775673e-01;1.827102e-02
1.814987e-01;3.646405e-02;1.544679e-02;1.517014e-02;4.302835e-02;3.884887e-02;8.486940e-02;6.244158e-02;4.114166e-02;5.786650e-02;4.132717e-01;9.952347e-03
1.920049e-01;5.857988e-02;1.592457e-02;5.697632e-03;2.226126e-02;5.158566e-02;7.056637e-02;3.818504e-02;4.423358e-02;4.293737e-02;4.460310e-01;1.199276e-02
1.641000e-01;6.557751e-02;2.078904e-02;3.107922e-03;1.326582e-02;8.021717e-02;6.072834e-02;2.431055e-02;4.735956e-02;4.259985e-02;4.651587e-01;1.278558e-02
7.423398e-02;5.292989e-02;2.216714e-02;7.922625e-03;1.449597e-02;1.190073e-01;7.006524e-02;4.012253e-02;3.626402e-02;5.841536e-02;4.942590e-01;1.011696e-02
7.661637e-02;4.187138e-02;1.195073e-02;1.350347e-02;5.817459e-02;1.084450e-01;7.249446e-02;8.670020e-02;5.055755e-02;1.107219e-01;3.560242e-01;1.294013e-02
6.332220e-02;4.866204e-02;1.151416e-02;1.733893e-02;9.445453e-02;6.338206e-02;6.509054e-02;1.043541e-01;7.726520e-02;1.470561e-01;2.883371e-01;1.922309e-02
5.197304e-02;4.835014e-02;1.829702e-02;1.741451e-02;8.022333e-02;5.872510e-02;1.358103e-01;1.202799e-01;5.819261e-02;1.053938e-01;2.855189e-01;1.982143e-02
8.104797e-02;6.001681e-02;2.315026e-02;1.547500e-02;4.863324e-02;7.287443e-02;2.400067e-01;1.808897e-01;4.565318e-02;4.003296e-02;1.782447e-01;1.397505e-02
9.052157e-02;6.475336e-02;2.129301e-02;1.783291e-02;8.712922e-02;4.588878e-02;2.475076e-01;1.923931e-01;3.848647e-02;4.857345e-02;1.272594e-01;1.836106e-02
1.047494e-01;8.162374e-02;2.942562e-02;2.199385e-02;1.036622e-01;8.048941e-02;1.739392e-01;1.403403e-01;3.701833e-02;6.797007e-02;1.431830e-01;1.560490e-02
9.439816e-02;7.551016e-02;3.577648e-02;3.394292e-02;1.015667e-01;8.903902e-02;1.300881e-01;1.293191e-01;6.417456e-02;7.536484e-02;1.581798e-01;1.264008e-02
8.717066e-02;9.711989e-02;2.919438e-02;2.851915e-02;8.739004e-02;9.451296e-02;7.670969e-02;9.988011e-02;6.084553e-02;8.924060e-02;2.318060e-01;1.761105e-02
5.877692e-02;9.847507e-02;2.457209e-02;2.661456e-02;5.935819e-02;1.136391e-01;1.173046e-01;7.956300e-02;5.354198e-02;9.283216e-02;2.566251e-01;1.869715e-02
6.631281e-02;9.734052e-02;2.119907e-02;5.660935e-02;4.557372e-02;1.238826e-01;1.067258e-01;1.003009e-01;5.706419e-02;8.178771e-02;2.115637e-01;3.163964e-02
7.303033e-02;8.639506e-02;3.341574e-02;4.295687e-02;8.508851e-02;1.190327e-01;9.494428e-02;1.041602e-01;5.432770e-02;1.027117e-01;1.570063e-01;4.693064e-02
6.860248e-02;1.300168e-01;5.005185e-02;4.958426e-02;9.234945e-02;1.364536e-01;1.208888e-01;5.847662e-02;6.106976e-02;9.808302e-02;8.471953e-02;4.970386e-02
6.417786e-02;1.183923e-01;4.677769e-02;5.573773e-02;8.794791e-02;1.074427e-01;1.491511e-01;8.814757e-02;7.899361e-02;6.368655e-02;1.004044e-01;3.914053e-02
6.167693e-02;8.814532e-02;4.048713e-02;6.043186e-02;1.043180e-01;8.382992e-02;1.606730e-01;1.226767e-01;6.523504e-02;7.120836e-02;1.108054e-01;3.051229e-02
5.182482e-02;9.984420e-02;4.518849e-02;4.533008e-02;8.965037e-02;9.099956e-02;1.738102e-01;1.126132e-01;6.266868e-02;9.663971e-02;1.041269e-01;2.730373e-02
6.937064e-02;1.148176e-01;4.206491e-02;3.180498e-02;7.769691e-02;1.043633e-01;1.362545e-01;1.090474e-01;7.777921e-02;8.066536e-02;1.315353e-01;2.459990e-02
9.105124e-02;1.141015e-01;4.143148e-02;7.458033e-02;9.458110e-02;1.015502e-01;1.007024e-01;9.259828e-02;7.332904e-02;8.316737e-02;1.025849e-01;3.032207e-02
4.978193e-02;8.305176e-02;3.944457e-02;1.138030e-01;8.860845e-02;8.207127e-02;1.084510e-01;9.783909e-02;4.204482e-02;1.106500e-01;1.277295e-01;5.652448e-02
8.508060e-02;1.083429e-01;3.386764e-02;6.144333e-02;3.661551e-02;1.051573e-01;1.264066e-01;1.242542e-01;4.609750e-02;1.300367e-01;9.835218e-02;4.434557e-02
1.479032e-01;1.101552e-01;4.320486e-02;6.269359e-02;3.424806e-02;7.253154e-02;1.194304e-01;8.549544e-02;4.305512e-02;1.045931e-01;1.480886e-01;2.860090e-02
1.556990e-01;8.968216e-02;4.403728e-02;3.637185e-02;2.503761e-02;5.581419e-02;8.562262e-02;6.728482e-02;2.869302e-02;6.526593e-02;3.252554e-01;2.123608e-02
1.711331e-01;5.725080e-02;3.757433e-02;1.162886e-02;1.286917e-02;5.362050e-02;8.678050e-02;3.998497e-02;1.145247e-02;3.941512e-02;4.093614e-01;6.892885e-02
1.663856e-01;4.151208e-02;2.017371e-02;1.502002e-02;6.593668e-03;4.978119e-02;1.242201e-01;3.398309e-02;7.333138e-03;2.021317e-02;3.971567e-01;1.176275e-01
1.209842e-01;2.065974e-02;1.061327e-02;9.313109e-03;4.978690e-03;4.649154e-02;1.910145e-01;3.496720e-02;9.851264e-03;1.072195e-02;3.913877e-01;1.490168e-01
1.147115e-01;1.817247e-02;1.508396e-02;1.365704e-02;4.560437e-03;4.494441e-02;2.638146e-01;3.329557e-02;7.701949e-03;9.130599e-03;3.245661e-01;1.503614e-01
1.213534e-01;1.716689e-02;1.027131e-02;4.266432e-02;5.259559e-03;3.494541e-02;3.414418e-01;5.761766e-02;3.681845e-03;6.487238e-03;2.137495e-01;1.453611e-01
1.191706e-01;2.018937e-02;3.536732e-03;9.735328e-02;4.168508e-03;1.903740e-02;3.772934e-01;1.061012e-01;2.624963e-03;7.630534e-03;1.202384e-01;1.226555e-01
1.024266e-01;1.808438e-02;3.797202e-03;1.475640e-01;1.330292e-02;6.585263e-03;3.615929e-01;1.602280e-01;3.962256e-03;9.787678e-03;8.183276e-02;9.083599e-02
7.339970e-02;1.714326e-02;2.982273e-03;1.626960e-01;3.223011e-02;7.860155e-03;3.655166e-01;1.881675e-01;1.918569e-03;1.126585e-02;5.832868e-02;7.849137e-02
5.059008e-02;1.310902e-02;1.690522e-03;1.450604e-01;3.348423e-02;1.727295e-02;4.079996e-01;1.783808e-01;2.678892e-03;8.568439e-03;5.007744e-02;9.108762e-02
5.649843e-02;1.623775e-02;2.374273e-03;1.096249e-01;1.775385e-02;2.017080e-02;4.534931e-01;1.407602e-01;5.434704e-03;8.332524e-03;5.126163e-02;1.180578e-01
7.076225e-02;1.969634e-02;1.676341e-03;9.897637e-02;1.110413e-02;1.581690e-02;4.643523e-01;9.385142e-02;5.912665e-03;2.941764e-02;5.273946e-02;1.356941e-01
8.510227e-02;2.222767e-02;2.196192e-03;1.195351e-01;1.060722e-02;7.820749e-03;4.300513e-01;7.400861e-02;8.017353e-03;7.615141e-02;4.234558e-02;1.219366e-01
8.854033e-02;2.543947e-02;1.568372e-03;1.068202e-01;6.868907e-03;1.488593e-02;4.134948e-01;6.989952e-02;7.192449e-03;1.302697e-01;4.049081e-02;9.452962e-02
1.080566e-01;3.400514e-02;1.950605e-03;7.750538e-02;8.195563e-03;3.914606e-02;4.193948e-01;4.499792e-02;7.822881e-03;1.474297e-01;4.486440e-02;6.663097e-02
1.706240e-01;4.598270e-02;4.160978e-03;4.750729e-02;1.470739e-02;5.715281e-02;3.846979e-01;9.845329e-02;1.361830e-02;1.115967e-01;2.552755e-02;2.597111e-02
2.060019e-01;4.930872e-02;8.075817e-03;3.479021e-02;1.757949e-02;4.260276e-02;2.892215e-01;1.323848e-01;1.218172e-02;5.719437e-02;8.710673e-02;6.355195e-02
1.619242e-01;6.222561e-02;1.465529e-02;3.582989e-02;1.715094e-02;2.735159e-02;1.845905e-01;1.591002e-01;1.192791e-02;4.374943e-02;1.977625e-01;8.373201e-02
6.726239e-02;5.646540e-02;1.667446e-02;2.193850e-02;1.938022e-02;4.414128e-02;2.059804e-01;1.840204e-01;2.342727e-02;6.961946e-02;2.230386e-01;6.805170e-02
1.653339e-01;6.264146e-02;1.671261e-02;2.824315e-02;2.151842e-02;5.804030e-02;2.397327e-01;1.772670e-01;2.445094e-02;5.932492e-02;8.796085e-02;5.877372e-02
1.966539e-01;5.619893e-02;1.871353e-02;4.266778e-02;2.319965e-02;4.552122e-02;1.862129e-01;1.403576e-01;2.760947e-02;8.282123e-02;1.234114e-01;5.663235e-02
1.804421e-01;5.957342e-02;1.155322e-02;3.161995e-02;2.647541e-02;3.420019e-02;2.025303e-01;1.102467e-01;1.626457e-02;1.232530e-01;1.651491e-01;3.869201e-02
1.980800e-01;6.046585e-02;1.065919e-02;1.930527e-02;3.031201e-02;3.179666e-02;2.289435e-01;6.655621e-02;1.833647e-02;1.356337e-01;1.755336e-01;2.437755e-02
1.700843e-01;6.334426e-02;2.302560e-02;1.737062e-02;2.768334e-02;4.275910e-02;2.233236e-01;6.691641e-02;2.810556e-02;1.156315e-01;1.901842e-01;3.157146e-02
1.254896e-01;6.577806e-02;4.925831e-02;3.892241e-02;3.034583e-02;7.600029e-02;1.928194e-01;7.756036e-02;4.702488e-02;1.187814e-01;1.400154e-01;3.800400e-02
1.449715e-01;5.855301e-02;5.377389e-02;7.772620e-02;3.040243e-02;8.429551e-02;1.215059e-01;8.177365e-02;6.897755e-02;2.062482e-01;2.629098e-02;4.548119e-02
1.153556e-01;5.982107e-02;3.723737e-02;6.419682e-02;2.538763e-02;4.103651e-02;1.113491e-01;6.249999e-02;7.337884e-02;3.141311e-01;5.045984e-02;4.514615e-02
5.505964e-02;4.984167e-02;3.783237e-02;3.605463e-02;2.556516e-02;3.627853e-02;7.991504e-02;6.163130e-02;1.277478e-01;3.908693e-01;7.146400e-02;2.774057e-02
6.868467e-02;8.152743e-02;3.231321e-02;2.585579e-02;2.432523e-02;3.530878e-02;1.311924e-01;7.630219e-02;1.249290e-01;3.643134e-01;2.253823e-02;1.270965e-02
1.422997e-01;9.482980e-02;2.353220e-02;1.913805e-02;1.910357e-02;3.651929e-02;1.324307e-01;8.908536e-02;6.112402e-02;1.855633e-01;1.872194e-01;9.154579e-03
1.367600e-01;6.269551e-02;2.117851e-02;2.495572e-02;1.562676e-02;3.028536e-02;9.462593e-02;7.144591e-02;5.041782e-02;8.043779e-02;4.010660e-01;1.050470e-02
9.472083e-02;2.728410e-02;1.410055e-02;3.226815e-02;1.944062e-02;3.452837e-02;5.396383e-02;2.457355e-02;4.428381e-02;7.270523e-02;5.735970e-01;8.533919e-03
9.917157e-02;3.081529e-02;8.513112e-03;2.899859e-02;1.605559e-02;4.341361e-02;6.046158e-02;4.731046e-02;4.610689e-02;7.647537e-02;5.356055e-01;7.072456e-03
1.134949e-01;5.385272e-02;9.639044e-03;1.489362e-02;1.930768e-02;4.356950e-02;1.209344e-01;9.460784e-02;4.295439e-02;6.389854e-02;4.150422e-01;7.805185e-03
1.250255e-01;5.539175e-02;1.170927e-02;9.483031e-03;1.832427e-02;3.779457e-02;2.176692e-01;1.096406e-01;3.191724e-02;4.471004e-02;3.326492e-01;5.685469e-03
1.481726e-01;9.521373e-02;1.673777e-02;2.869478e-02;1.509806e-02;4.685014e-02;2.408245e-01;6.248827e-02;4.026940e-02;6.956923e-02;2.265648e-01;9.516608e-03
1.685150e-01;9.430542e-02;1.432961e-02;3.427397e-02;3.416716e-02;4.866588e-02;2.176635e-01;9.496959e-02;3.837588e-02;9.983018e-02;1.445289e-01;1.037485e-02
1.549916e-01;3.854571e-02;1.638119e-02;2.033179e-02;2.217052e-02;4.324726e-02;1.874878e-01;1.222690e-01;1.926623e-02;8.693565e-02;2.789489e-01;9.424361e-03
1.391339e-01;6.827062e-02;1.940820e-02;2.185936e-02;1.013246e-02;3.680593e-02;1.646398e-01;5.303985e-02;2.398405e-02;7.210352e-02;3.775931e-01;1.302923e-02
1.623350e-01;7.533094e-02;1.657845e-02;1.520148e-02;1.103623e-02;4.001283e-02;1.602264e-01;6.643043e-02;3.109611e-02;6.345305e-02;3.423228e-01;1.597620e-02
1.826831e-01;6.770314e-02;1.043543e-02;6.213340e-03;6.141626e-03;4.641486e-02;1.713866e-01;1.190744e-01;3.449343e-02;6.872655e-02;2.706575e-01;1.607007e-02
2.055802e-01;1.054238e-01;2.187696e-02;2.318867e-02;1.315774e-02;4.235821e-02;1.510007e-01;1.268110e-01;4.675116e-02;8.246851e-02;1.666752e-01;1.470777e-02
1.332307e-01;1.098224e-01;3.911328e-02;3.911981e-02;3.257884e-02;5.528787e-02;1.157330e-01;1.251828e-01;1.156713e-01;1.177060e-01;1.035604e-01;1.299352e-02
8.379027e-02;8.739524e-02;4.235968e-02;4.134546e-02;5.280067e-02;7.469472e-02;1.289798e-01;1.178062e-01;1.523778e-01;1.257648e-01;6.688126e-02;2.580412e-02
2.091798e-01;1.468912e-01;2.799063e-02;3.523735e-02;3.319236e-02;6.227144e-02;9.792378e-02;9.276019e-02;7.961142e-02;6.517188e-02;1.348377e-01;1.493215e-02
3.169444e-01;1.712146e-01;1.378194e-02;4.306545e-02;2.709186e-02;4.519076e-02;8.046143e-02;7.208131e-02;2.589927e-02;2.868304e-02;1.613716e-01;1.421429e-02
3.501365e-01;1.844672e-01;1.464603e-02;5.167772e-02;3.217994e-02;2.347841e-02;9.060823e-02;6.328214e-02;1.159939e-02;2.235783e-02;1.305509e-01;2.501577e-02
2.971281e-01;1.879094e-01;1.788257e-02;6.303444e-02;3.459333e-02;1.643692e-02;1.710623e-01;7.050025e-02;6.878231e-03;1.741768e-02;7.492290e-02;4.223401e-02
1.064347e-01;1.347023e-01;1.475716e-02;6.468813e-02;2.317732e-02;1.602262e-02;3.251566e-01;1.463988e-01;1.646744e-02;1.491192e-02;7.526889e-02;6.201420e-02
6.187526e-02;7.001894e-02;5.490987e-03;6.044002e-02;7.131265e-03;9.190996e-03;3.690309e-01;2.610270e-01;1.687148e-02;1.038668e-02;5.737926e-02;7.115719e-02
5.996794e-02;5.972927e-02;5.640393e-03;5.819901e-02;5.434598e-03;1.254822e-02;3.549606e-01;2.799971e-01;1.489643e-02;8.689089e-03;5.426992e-02;8.566754e-02
6.313881e-02;6.975605e-02;6.484291e-03;6.950962e-02;5.900159e-03;1.358571e-02;3.572587e-01;1.928909e-01;2.466108e-02;1.546229e-02;6.301600e-02;1.183364e-01
1.039721e-01;1.001652e-01;6.434461e-03;1.094350e-01;4.932185e-03;1.551105e-02;3.723807e-01;2.513248e-02;2.585902e-02;4.170414e-02;4.697861e-02;1.474950e-01
1.436801e-01;8.832351e-02;4.342167e-03;9.106625e-02;4.015022e-03;2.430370e-02;3.230364e-01;8.939027e-02;3.300671e-02;5.778614e-02;4.278066e-02;9.826911e-02
1.629521e-01;4.858739e-02;7.130172e-03;4.556198e-02;1.386117e-02;3.481418e-02;3.254234e-01;1.870539e-01;4.202280e-02;4.925208e-02;3.234701e-02;5.099393e-02
1.598941e-01;5.289646e-02;1.302748e-02;2.232426e-02;2.903450e-02;3.716469e-02;2.924297e-01;2.450520e-01;3.986695e-02;2.668100e-02;4.249707e-02;3.913178e-02
1.705350e-01;9.143817e-02;1.291179e-02;2.401438e-02;3.589194e-02;3.492670e-02;2.163666e-01;2.556848e-01;3.383583e-02;2.284543e-02;6.386483e-02;3.768465e-02
2.301415e-01;1.686253e-01;1.940927e-02;1.806435e-02;2.598967e-02;3.162992e-02;1.232663e-01;2.143499e-01;3.178035e-02;2.524431e-02;7.451568e-02;3.698350e-02
2.940253e-01;2.352838e-01;2.103315e-02;1.021398e-02;2.484808e-02;2.479062e-02;9.614693e-02;1.523746e-01;3.658952e-02;2.065369e-02;7.217662e-02;1.186366e-02
3.119685e-01;2.355298e-01;2.208731e-02;1.622443e-02;2.703015e-02;3.029127e-02;7.235952e-02;1.149218e-01;2.742828e-02;1.956891e-02;1.043773e-01;1.821273e-02
2.557826e-01;2.066407e-01;2.826366e-02;1.822548e-02;1.914027e-02;3.356490e-02;1.216098e-01;9.034033e-02;2.349821e-02;2.467947e-02;1.479199e-01;3.033463e-02
2.251827e-01;1.641603e-01;3.203821e-02;1.114927e-02;2.409410e-02;2.760208e-02;1.779635e-01;1.268484e-01;3.487117e-02;2.973348e-02;1.159859e-01;3.037085e-02
2.608909e-01;1.953882e-01;3.197691e-02;1.892423e-02;3.565544e-02;2.778459e-02;1.375166e-01;1.198555e-01;2.714155e-02;2.784941e-02;7.757141e-02;3.944530e-02
2.062732e-01;1.686316e-01;1.582049e-02;3.494030e-02;3.346682e-02;3.021488e-02;1.159848e-01;9.890293e-02;3.247657e-02;3.547331e-02;1.817649e-01;4.605016e-02
1.886318e-01;1.429401e-01;1.764295e-02;2.851542e-02;2.762430e-02;4.653751e-02;1.146753e-01;1.300497e-01;2.978191e-02;3.767109e-02;1.902783e-01;4.565155e-02
2.349598e-01;1.392325e-01;1.315524e-02;1.990788e-02;2.421990e-02;4.942604e-02;1.203761e-01;1.441014e-01;2.235963e-02;3.321970e-02;1.696125e-01;2.942934e-02
1.759949e-01;1.638691e-01;4.820987e-02;4.231366e-02;2.471887e-02;5.440142e-02;1.527590e-01;1.341335e-01;1.972580e-02;3.024736e-02;1.269131e-01;2.671337e-02
1.475657e-01;1.610515e-01;6.435999e-02;9.462433e-02;6.182398e-02;5.849181e-02;1.195311e-01;8.059370e-02;2.694591e-02;3.460881e-02;9.466776e-02;5.573540e-02
1.822457e-01;2.070856e-01;4.422165e-02;8.116928e-02;7.145414e-02;4.914260e-02;8.950584e-02;1.080177e-01;2.671438e-02;3.457048e-02;7.057983e-02;3.529275e-02
3.020556e-01;2.278094e-01;1.948976e-02;2.989303e-02;4.903279e-02;2.210204e-02;7.059998e-02;1.382420e-01;2.279121e-02;1.874131e-02;7.435018e-02;2.489271e-02
3.903815e-01;2.008326e-01;9.639472e-03;6.154742e-03;3.894463e-02;1.083355e-02;4.399982e-02;1.783567e-01;2.057116e-02;8.430123e-03;6.492201e-02;2.693367e-02
4.247511e-01;1.620710e-01;1.057227e-02;6.905203e-03;3.823405e-02;4.820956e-03;2.329064e-02;2.375569e-01;1.958318e-02;5.497097e-03;4.453571e-02;2.218189e-02
4.308066e-01;1.118678e-01;1.319361e-02;2.441154e-03;3.086480e-02;4.105059e-03;5.060295e-02;2.995319e-01;1.352787e-02;4.742039e-03;2.581777e-02;1.249836e-02
4.036489e-01;6.750542e-02;9.592844e-03;5.328770e-03;1.649253e-02;6.128247e-03;1.189316e-01;3.047838e-01;1.260197e-02;8.550151e-03;3.433791e-02;1.209786e-02
3.309776e-01;5.942484e-02;5.445016e-03;1.424368e-02;7.748807e-03;1.371896e-02;2.259012e-01;2.410361e-01;1.562997e-02;2.066751e-02;4.968897e-02;1.551729e-02
2.529113e-01;4.944589e-02;4.926720e-03;2.711435e-02;4.996957e-03;2.084609e-02;3.052325e-01;1.826386e-01;1.242713e-02;3.684062e-02;8.335549e-02;1.926443e-02
2.409590e-01;4.581902e-02;3.888440e-03;3.754085e-02;4.714088e-03;2.085982e-02;2.846977e-01;1.455172e-01;6.204845e-03;4.369555e-02;1.416704e-01;2.443313e-02
2.700195e-01;4.828028e-02;2.651724e-03;3.753159e-02;2.703901e-03;1.513787e-02;1.945747e-01;1.045560e-01;6.899877e-03;4.335023e-02;2.480245e-01;2.626978e-02
2.703572e-01;4.539017e-02;4.896070e-03;3.278327e-02;8.796323e-03;1.349252e-02;1.284747e-01;5.371914e-02;7.228705e-03;5.015137e-02;3.603012e-01;2.440939e-02
2.268754e-01;3.599719e-02;6.135722e-03;2.965734e-02;2.047154e-02;1.940160e-02;1.418011e-01;6.601271e-02;1.237690e-02;5.288760e-02;3.633182e-01;2.506467e-02
2.641656e-01;6.490926e-02;1.070514e-02;3.153304e-02;2.794421e-02;2.525687e-02;1.687150e-01;7.972456e-02;2.752022e-02;3.880410e-02;2.346765e-01;2.604549e-02
3.283497e-01;8.324912e-02;1.607830e-02;2.080339e-02;2.083828e-02;4.838775e-02;1.293168e-01;4.695054e-02;3.139170e-02;3.711949e-02;2.143016e-01;2.321338e-02
3.229122e-01;7.952046e-02;1.375997e-02;1.301385e-02;1.620809e-02;5.763535e-02;1.195486e-01;4.175805e-02;2.711219e-02;5.331037e-02;2.335052e-01;2.171569e-02
2.715106e-01;8.633550e-02;1.301019e-02;1.080979e-02;1.256364e-02;3.829604e-02;1.847682e-01;6.996535e-02;2.380198e-02;5.912700e-02;2.078388e-01;2.197295e-02
2.650606e-01;5.447100e-02;1.759626e-02;1.341091e-02;1.015058e-02;1.860419e-02;2.295884e-01;1.018801e-01;2.411197e-02;3.813879e-02;2.023703e-01;2.461689e-02
2.808015e-01;7.443378e-02;1.677938e-02;8.516598e-03;1.131358e-02;3.576748e-02;2.795790e-01;8.734696e-02;1.805004e-02;3.583114e-02;1.224137e-01;2.916691e-02
2.874530e-01;1.108983e-01;8.646711e-03;1.936573e-02;1.419208e-02;4.133739e-02;3.272331e-01;4.250199e-02;1.425680e-02;3.514441e-02;6.163162e-02;3.733881e-02
3.254136e-01;1.293028e-01;1.244126e-02;1.454695e-02;1.455272e-02;3.261252e-02;2.113417e-01;5.353986e-02;1.533911e-02;2.680761e-02;1.396539e-01;2.444799e-02
3.838281e-01;1.500075e-01;1.564860e-02;1.367233e-02;1.155735e-02;3.110747e-02;1.035960e-01;4.747031e-02;1.391069e-02;4.309111e-02;1.705577e-01;1.555278e-02
4.144115e-01;1.638722e-01;1.440982e-02;1.128030e-02;1.816756e-02;4.242042e-02;1.257097e-01;4.323422e-02;2.083523e-02;3.724629e-02;8.798067e-02;2.043214e-02
3.961025e-01;1.353024e-01;1.158517e-02;1.586447e-02;2.563960e-02;4.914881e-02;1.731235e-01;5.917361e-02;2.703124e-02;3.273007e-02;5.120727e-02;2.309136e-02
3.659004e-01;9.795929e-02;8.082834e-03;2.354115e-02;2.221311e-02;4.336230e-02;2.085347e-01;1.067514e-01;1.820178e-02;3.492923e-02;5.233814e-02;1.818557e-02
3.453658e-01;8.204196e-02;1.006459e-02;2.797079e-02;1.318546e-02;4.269029e-02;2.250179e-01;8.653937e-02;1.955318e-02;3.295682e-02;9.739018e-02;1.722365e-02
2.997810e-01;1.283682e-01;2.769380e-02;1.741132e-02;2.181926e-02;4.927974e-02;2.324288e-01;7.177319e-02;3.127893e-02;2.994968e-02;6.316651e-02;2.704957e-02
2.019503e-01;8.741475e-02;3.875108e-02;4.171188e-02;5.000419e-02;6.811427e-02;1.589504e-01;1.265382e-01;3.095317e-02;3.765209e-02;1.410203e-01;1.693934e-02
1.200097e-01;1.239202e-01;3.118509e-02;2.341126e-02;4.608455e-02;6.112785e-02;1.553603e-01;1.120433e-01;2.943756e-02;4.289022e-02;2.463760e-01;8.153996e-03
1.071357e-01;8.148062e-02;2.933243e-02;7.732679e-02;5.697386e-02;3.139542e-02;1.348945e-01;1.417133e-01;2.950759e-02;3.969536e-02;2.592090e-01;1.133541e-02
8.989123e-02;4.973584e-02;3.738191e-02;1.220491e-01;8.296447e-02;7.202339e-02;8.372317e-02;1.933189e-01;3.472496e-02;2.685547e-02;1.786227e-01;2.870879e-02
4.718804e-02;7.376269e-02;4.973773e-02;9.476163e-02;8.678264e-02;1.078056e-01;1.192646e-01;2.553306e-01;3.219295e-02;1.725520e-02;8.040681e-02;3.551159e-02
2.798674e-02;1.088703e-01;3.306064e-02;3.764118e-02;1.098129e-01;1.058850e-01;2.277051e-01;2.470532e-01;1.884844e-02;1.164543e-02;4.902377e-02;2.246734e-02
4.046120e-02;1.326145e-01;9.676638e-03;2.972286e-02;1.065477e-01;7.662673e-02;3.276763e-01;1.848235e-01;1.611108e-02;9.041085e-03;5.723415e-02;9.464237e-03
6.258538e-02;1.271164e-01;1.189802e-02;1.048473e-01;3.204642e-02;7.607047e-02;3.492692e-01;1.354803e-01;1.790222e-02;1.729385e-02;5.561715e-02;9.873311e-03
1.193626e-01;9.766156e-02;1.817371e-02;1.986425e-01;5.747491e-02;9.313554e-02;2.360099e-01;8.825484e-02;9.041125e-03;2.893404e-02;4.333922e-02;9.970132e-03
1.895243e-01;4.821247e-02;5.260094e-02;1.915514e-01;6.807078e-02;1.242158e-01;1.562667e-01;7.085200e-02;1.709221e-02;4.572256e-02;2.835048e-02;7.540285e-03
2.175835e-01;2.989628e-02;1.022260e-01;1.060803e-01;5.823573e-02;1.297212e-01;1.779639e-01;7.192381e-02;2.157809e-02;4.325659e-02;1.922926e-02;2.230528e-02
1.859184e-01;4.195622e-02;1.133435e-01;1.086107e-01;5.870825e-02;1.024872e-01;1.621358e-01;5.932184e-02;4.308836e-02;2.514035e-02;4.398782e-02;5.530160e-02
1.084027e-01;2.197987e-02;7.927356e-02;8.426128e-02;8.322246e-02;9.277704e-02;1.514480e-01;4.217089e-02;7.332619e-02;1.880935e-02;1.373135e-01;1.070151e-01
6.076377e-02;2.402633e-02;2.505597e-02;4.759715e-02;8.476640e-02;6.832059e-02;1.125684e-01;6.630961e-02;6.378400e-02;2.421708e-02;2.997221e-01;1.228686e-01
1.097270e-01;2.243982e-02;2.633800e-02;4.187576e-02;4.191158e-02;3.517828e-02;1.063073e-01;7.663741e-02;2.651838e-02;2.742028e-02;4.186142e-01;6.703209e-02
7.721803e-02;3.460123e-02;3.090505e-02;3.526035e-02;3.149208e-02;1.809586e-02;6.950612e-02;1.180064e-01;1.418268e-02;2.961182e-02;4.835311e-01;5.758933e-02
7.859088e-02;4.389722e-02;3.797055e-02;2.362869e-02;3.884547e-02;1.586916e-02;7.805137e-02;1.120753e-01;1.235216e-02;3.065387e-02;4.910807e-01;3.698454e-02
1.217268e-01;8.405894e-02;4.853922e-02;2.675100e-02;5.229980e-02;2.851230e-02;8.921945e-02;4.879874e-02;1.842568e-02;3.908335e-02;4.193006e-01;2.328414e-02
1.059733e-01;1.270911e-01;6.779353e-02;6.054083e-02;7.016681e-02;3.736562e-02;1.297508e-01;9.123718e-02;2.079207e-02;4.835428e-02;2.129341e-01;2.800041e-02
7.615224e-02;1.336655e-01;5.736391e-02;6.555640e-02;7.369639e-02;4.360763e-02;1.434680e-01;1.131667e-01;3.166045e-02;3.546905e-02;1.937650e-01;3.242874e-02
9.523832e-02;1.546099e-01;5.966823e-02;5.669970e-02;6.118692e-02;3.352025e-02;1.103412e-01;7.628314e-02;5.294845e-02;3.867295e-02;2.249776e-01;3.585324e-02
1.053717e-01;1.651619e-01;8.089208e-02;7.079978e-02;4.269898e-02;3.828524e-02;8.166105e-02;5.989091e-02;6.283969e-02;4.131095e-02;2.194550e-01;3.163284e-02
6.665336e-02;1.393073e-01;9.033122e-02;6.001982e-02;5.277149e-02;3.500786e-02;1.155163e-01;9.658016e-02;6.675005e-02;6.616434e-02;1.779769e-01;3.292108e-02
5.824262e-02;1.053141e-01;8.061731e-02;4.449081e-02;5.262712e-02;3.284390e-02;2.116649e-01;1.120978e-01;6.082289e-02;6.377999e-02;1.454426e-01;3.205598e-02
8.367643e-02;8.624243e-02;5.496571e-02;7.553440e-02;4.583611e-02;3.117398e-02;1.884252e-01;7.522662e-02;4.936979e-02;6.650479e-02;1.857713e-01;5.727325e-02
7.947293e-02;6.313488e-02;6.073825e-02;8.635343e-02;3.952871e-02;3.534421e-02;1.264591e-01;1.518163e-01;3.395172e-02;8.469102e-02;1.790037e-01;5.950572e-02
7.650501e-02;7.068142e-02;6.973047e-02;4.610881e-02;4.812795e-02;4.869344e-02;1.583305e-01;1.665123e-01;3.294852e-02;6.957077e-02;1.781033e-01;3.468750e-02
9.215543e-02;1.101928e-01;6.830657e-02;5.693235e-02;7.041708e-02;4.654949e-02;1.494123e-01;1.295206e-01;3.229043e-02;5.748414e-02;1.597679e-01;2.697087e-02
