9.707684e-02;8.418826e-02;1.557929e-01;9.587988e-02;8.560561e-02;8.482439e-02;8.884258e-02;6.337488e-02;5.104255e-02;1.050663e-01;4.788745e-02;4.041843e-02
5.646820e-02;9.721932e-02;2.868395e-01;5.158683e-02;5.501622e-02;4.080358e-02;1.132066e-01;4.741564e-02;4.370928e-02;1.538683e-01;2.811846e-02;2.574807e-02
2.414038e-02;1.548036e-01;2.788078e-01;4.065070e-02;3.123698e-02;8.308695e-02;8.487684e-02;3.236581e-02;5.881380e-02;1.349385e-01;1.570680e-02;6.057172e-02
1.898961e-02;1.806267e-01;1.635841e-01;7.237001e-02;3.503209e-02;9.523190e-02;6.305116e-02;5.054888e-02;7.171740e-02;1.296068e-01;2.476621e-02;9.447517e-02
4.497223e-02;1.231495e-01;2.725492e-01;4.280127e-02;2.933294e-02;4.686962e-02;5.906572e-02;5.436546e-02;5.702274e-02;1.677766e-01;4.279464e-02;5.930013e-02
5.863735e-02;1.070393e-01;3.135364e-01;5.902015e-02;3.966189e-02;6.335364e-02;5.477820e-02;4.009367e-02;4.038247e-02;1.419583e-01;5.922914e-02;2.230947e-02
5.514096e-02;1.608644e-01;3.277035e-01;3.719893e-02;3.766387e-02;9.388454e-02;4.973557e-02;2.676889e-02;2.666284e-02;1.163494e-01;4.042256e-02;2.760462e-02
5.683706e-02;1.799823e-01;3.061577e-01;4.955738e-02;4.505919e-02;9.953431e-02;5.487452e-02;3.154162e-02;2.889400e-02;1.034398e-01;8.505695e-03;3.561634e-02
5.985888e-02;1.627902e-01;2.714565e-01;5.267217e-02;6.890320e-02;7.657433e-02;5.692034e-02;3.653346e-02;4.144524e-02;1.073687e-01;3.644260e-02;2.903437e-02
5.047022e-02;1.770478e-01;2.516723e-01;4.726167e-02;8.142302e-02;7.218317e-02;5.611317e-02;4.721034e-02;5.199820e-02;9.578492e-02;3.913828e-02;2.969699e-02
8.985811e-02;1.363076e-01;1.857883e-01;3.909494e-02;7.448566e-02;1.320327e-01;3.986797e-02;5.429701e-02;3.727288e-02;1.055806e-01;6.465111e-02;4.076307e-02
8.284713e-02;1.090238e-01;2.728868e-01;4.788836e-02;5.687230e-02;8.418819e-02;5.496207e-02;4.354123e-02;2.312166e-02;1.348944e-01;5.036635e-02;3.940769e-02
5.540837e-02;1.264057e-01;3.205279e-01;6.767046e-02;2.705559e-02;3.770491e-02;5.634022e-02;3.291057e-02;3.957420e-02;1.518992e-01;3.668409e-02;4.781882e-02
3.784930e-02;1.368097e-01;2.899536e-01;9.012859e-02;2.351859e-02;7.146452e-02;4.293891e-02;3.124397e-02;4.387689e-02;1.533431e-01;2.684255e-02;5.203027e-02
6.404358e-02;1.959168e-01;2.042863e-01;7.488725e-02;4.113069e-02;8.830890e-02;3.871362e-02;2.940483e-02;5.459063e-02;1.391778e-01;3.227954e-02;3.726007e-02
4.855957e-02;2.246182e-01;1.883761e-01;3.911477e-02;4.923315e-02;7.354946e-02;4.167281e-02;3.591417e-02;5.656873e-02;1.475217e-01;5.912431e-02;3.574711e-02
5.626856e-02;1.724099e-01;2.239685e-01;9.235550e-02;6.512965e-02;4.678104e-02;3.275849e-02;3.678747e-02;5.731302e-02;1.334918e-01;4.016095e-02;4.257514e-02
7.596858e-02;1.615530e-01;1.910213e-01;8.664020e-02;6.583179e-02;6.298957e-02;4.995850e-02;5.268621e-02;6.165170e-02;1.056314e-01;3.660702e-02;4.946069e-02
4.707993e-02;1.044674e-01;1.625789e-01;8.702596e-02;5.754906e-02;1.324470e-01;5.667357e-02;7.819548e-02;5.852945e-02;6.729367e-02;5.976887e-02;8.839061e-02
4.672120e-02;5.627807e-02;1.626862e-01;9.179704e-02;8.773724e-02;1.654770e-01;2.813302e-02;5.175845e-02;2.940120e-02;3.501716e-02;9.719260e-02;1.478009e-01
6.919420e-02;4.572492e-02;1.066191e-01;7.541867e-02;1.245445e-01;1.886539e-01;1.534813e-02;2.303393e-02;1.570290e-02;1.448505e-02;8.264944e-02;2.386253e-01
9.381563e-02;3.223858e-02;5.841613e-02;4.597401e-02;1.467636e-01;2.452611e-01;9.682485e-03;1.643141e-02;1.428465e-02;1.787734e-02;3.273657e-02;2.865184e-01
6.625976e-02;2.549102e-02;5.418770e-02;1.601738e-02;1.792413e-01;3.219001e-01;1.409010e-02;1.181223e-02;2.017312e-02;1.692811e-02;4.990858e-03;2.689084e-01
3.548474e-02;2.285225e-02;4.223892e-02;1.795125e-02;1.947981e-01;3.919573e-01;1.716314e-02;8.681086e-03;2.408132e-02;1.603057e-02;9.259331e-03;2.195019e-01
9.047782e-02;1.654624e-02;3.821370e-02;2.490747e-02;1.571732e-01;4.683276e-01;1.507022e-02;9.281098e-03;1.680789e-02;1.235654e-02;9.235988e-03;1.416023e-01
1.555246e-01;1.607712e-02;4.011714e-02;1.265041e-02;8.257756e-02;5.558458e-01;3.288660e-02;9.120984e-03;8.796820e-03;1.229123e-02;4.778001e-03;6.933376e-02
2.035250e-01;1.552630e-02;3.127872e-02;5.802700e-03;4.172484e-02;5.937129e-01;4.702197e-02;1.189120e-02;3.618952e-03;1.812726e-02;5.939556e-03;2.183058e-02
2.011629e-01;1.662572e-02;2.695443e-02;1.045134e-02;3.049988e-02;5.474383e-01;9.965496e-02;1.951372e-02;4.469833e-03;3.056315e-02;4.818309e-03;7.847500e-03
1.514473e-01;5.423046e-02;2.473533e-02;1.124662e-02;2.895555e-02;4.192222e-01;2.140240e-01;2.538853e-02;8.252958e-03;3.682534e-02;1.424090e-02;1.143073e-02
6.034613e-02;1.240443e-01;2.444382e-02;1.116727e-02;2.608272e-02;2.573122e-01;3.391403e-01;4.971251e-02;2.607791e-02;2.166189e-02;4.410939e-02;1.590154e-02
2.728165e-02;1.459944e-01;3.470094e-02;9.065093e-03;2.078517e-02;1.674413e-01;3.648657e-01;9.012628e-02;3.765612e-02;8.991507e-03;6.491765e-02;2.817416e-02
3.573248e-02;1.178691e-01;6.844325e-02;8.539867e-03;2.776090e-02;1.510864e-01;2.816958e-01;1.547500e-01;3.748945e-02;9.094153e-03;5.178490e-02;5.575363e-02
3.193317e-02;6.603096e-02;1.015462e-01;1.366612e-02;3.604119e-02;2.837699e-01;1.437197e-01;2.109899e-01;3.179355e-02;1.264260e-02;1.738383e-02;5.048284e-02
3.652483e-02;5.383175e-02;8.331998e-02;1.763714e-02;3.697572e-02;3.913976e-01;1.349250e-01;1.705436e-01;2.540509e-02;1.058794e-02;1.109632e-02;2.775505e-02
5.301054e-02;6.865212e-02;8.334965e-02;1.967933e-02;5.261422e-02;4.023471e-01;1.411625e-01;1.079859e-01;1.781560e-02;7.439892e-03;1.229751e-02;3.364560e-02
8.175241e-02;9.161696e-02;1.209999e-01;5.004954e-02;1.004383e-01;2.528975e-01;1.368251e-01;7.645021e-02;1.240059e-02;1.205431e-02;1.153411e-02;5.298109e-02
7.683847e-02;1.085200e-01;1.309418e-01;6.953335e-02;1.160321e-01;2.437971e-01;9.376217e-02;5.726250e-02;1.291610e-02;2.283285e-02;1.738072e-02;5.018272e-02
5.274424e-02;1.186411e-01;9.813152e-02;4.831208e-02;6.270597e-02;3.409485e-01;1.347099e-01;3.741190e-02;1.600705e-02;2.686535e-02;1.972597e-02;4.379639e-02
6.923115e-02;1.010549e-01;9.093334e-02;2.870497e-02;2.407297e-02;3.031284e-01;2.215866e-01;4.612186e-02;2.746829e-02;2.780464e-02;3.229852e-02;2.759430e-02
4.900192e-02;7.479113e-02;1.062726e-01;5.081211e-02;7.101449e-02;1.213746e-01;3.355044e-01;7.145163e-02;2.882003e-02;2.132942e-02;4.610803e-02;2.351966e-02
4.106735e-02;5.350857e-02;7.783723e-02;2.962622e-02;7.664797e-02;3.133374e-01;2.484803e-01;6.853530e-02;1.654316e-02;1.454820e-02;2.213405e-02;3.773423e-02
3.629661e-02;6.177378e-02;6.920481e-02;2.140806e-02;8.164079e-02;3.297734e-01;2.079712e-01;8.555805e-02;1.572155e-02;1.533384e-02;1.434004e-02;6.097795e-02
4.971597e-02;6.821165e-02;9.221022e-02;3.060994e-02;7.872628e-02;2.587828e-01;1.954095e-01;8.713182e-02;3.038224e-02;1.498066e-02;1.609782e-02;7.774111e-02
4.916056e-02;4.701113e-02;7.865553e-02;2.838014e-02;7.681008e-02;3.193835e-01;1.917126e-01;1.015172e-01;3.749625e-02;1.109652e-02;1.857616e-02;4.020032e-02
5.646786e-02;3.727052e-02;4.790659e-02;1.908992e-02;7.670196e-02;4.461975e-01;1.271691e-01;1.097215e-01;3.053313e-02;8.772106e-03;1.548188e-02;2.468800e-02
7.007972e-02;4.508616e-02;6.839093e-02;2.583753e-02;8.467323e-02;4.658347e-01;7.486004e-02;7.862575e-02;2.551558e-02;7.743604e-03;1.776818e-02;3.558453e-02
7.675807e-02;5.514538e-02;9.937809e-02;3.809091e-02;6.269769e-02;4.744354e-01;2.869613e-02;6.640337e-02;2.071247e-02;1.484373e-02;1.895644e-02;4.388233e-02
7.307939e-02;7.263282e-02;1.373608e-01;3.762323e-02;2.870237e-02;4.043480e-01;6.049564e-02;9.245775e-02;1.666404e-02;1.707136e-02;1.603220e-02;4.353243e-02
5.855466e-02;8.226159e-02;1.136809e-01;4.034198e-02;5.430837e-02;3.025675e-01;1.335277e-01;1.033356e-01;1.826620e-02;1.552635e-02;1.051389e-02;6.711535e-02
9.475331e-02;6.070064e-02;8.691578e-02;5.517202e-02;6.607543e-02;1.911196e-01;1.730191e-01;1.280283e-01;2.922312e-02;1.087624e-02;1.935006e-02;8.476650e-02
7.153723e-02;4.400670e-02;8.708952e-02;5.047703e-02;7.605986e-02;3.029260e-01;1.115382e-01;1.110207e-01;3.295530e-02;2.149408e-02;2.095649e-02;6.993892e-02
5.340100e-02;4.850809e-02;8.149114e-02;3.448971e-02;1.028492e-01;4.628310e-01;4.061716e-02;5.628251e-02;2.726487e-02;2.531373e-02;2.024276e-02;4.670880e-02
8.131092e-02;4.593013e-02;4.852634e-02;1.956517e-02;9.921218e-02;4.847164e-01;8.897314e-02;1.348047e-02;2.266369e-02;2.596906e-02;2.053642e-02;4.911606e-02
6.106029e-02;5.530256e-02;5.949819e-02;2.287092e-02;1.142582e-01;4.644422e-01;7.188847e-02;4.451783e-02;1.579002e-02;2.499719e-02;2.196475e-02;4.340946e-02
2.953031e-02;6.926376e-02;5.372386e-02;1.225814e-02;1.045844e-01;5.060813e-01;4.620736e-02;7.366790e-02;2.262527e-02;2.201385e-02;2.736689e-02;3.267699e-02
4.318349e-02;8.408900e-02;7.395104e-02;2.449832e-02;8.620796e-02;3.401248e-01;1.031800e-01;1.187331e-01;2.585761e-02;3.056714e-02;3.143234e-02;3.817512e-02
8.038674e-02;1.311255e-01;8.038946e-02;2.285822e-02;6.105731e-02;1.961234e-01;6.591857e-02;1.528919e-01;5.999965e-02;3.741530e-02;3.801788e-02;7.381613e-02
1.014283e-01;1.111827e-01;4.618967e-02;2.969457e-02;6.230042e-02;1.808772e-01;8.202147e-02;1.137476e-01;5.067695e-02;2.213025e-02;5.098607e-02;1.487648e-01
7.834107e-02;1.026611e-01;5.043703e-02;6.161336e-02;7.234357e-02;1.531787e-01;6.767897e-02;1.004301e-01;2.800216e-02;1.836539e-02;8.064863e-02;1.862998e-01
3.894623e-02;9.668387e-02;5.394303e-02;1.572354e-01;5.935575e-02;8.815978e-02;4.712161e-02;1.143745e-01;1.580146e-02;1.976153e-02;1.644037e-01;1.442131e-01
4.857964e-02;6.654935e-02;1.124176e-01;2.313253e-01;2.573185e-02;3.981975e-02;5.782081e-02;1.035470e-01;1.967995e-02;3.886234e-02;1.912750e-01;6.439137e-02
6.199330e-02;3.042373e-02;2.319833e-01;1.817530e-01;1.628405e-02;4.661744e-02;1.125645e-01;5.070771e-02;3.025159e-02;1.266602e-01;9.341221e-02;1.734902e-02
5.132951e-02;4.355212e-02;3.026424e-01;8.160474e-02;1.943449e-02;4.065922e-02;1.572123e-01;3.284084e-02;3.494956e-02;1.938804e-01;3.776654e-02;4.127849e-03
3.381586e-02;6.867392e-02;2.825179e-01;6.335191e-02;2.611328e-02;5.607751e-02;1.386581e-01;4.934036e-02;3.736016e-02;1.816014e-01;5.372977e-02;8.759817e-03
2.931095e-02;9.020087e-02;2.299521e-01;8.427834e-02;3.332049e-02;9.417672e-02;9.344263e-02;8.362020e-02;4.351640e-02;1.364462e-01;6.410990e-02;1.762521e-02
3.545942e-02;9.199305e-02;1.565268e-01;6.736363e-02;3.133972e-02;1.805497e-01;1.078843e-01;1.333174e-01;2.805990e-02;8.038183e-02;3.548097e-02;5.164326e-02
3.785818e-02;6.687854e-02;1.609379e-01;8.467817e-02;4.340910e-02;1.606685e-01;1.528690e-01;1.071122e-01;1.925496e-02;3.335113e-02;6.559548e-02;6.738689e-02
4.700760e-02;7.137024e-02;1.798140e-01;1.054683e-01;3.845223e-02;1.341236e-01;1.665007e-01;6.710257e-02;2.664962e-02;5.900772e-02;5.497326e-02;4.953020e-02
4.543689e-02;5.257365e-02;1.808764e-01;9.374668e-02;3.929916e-02;1.372881e-01;1.863932e-01;4.543941e-02;3.210909e-02;8.277436e-02;5.234338e-02;5.171968e-02
4.881426e-02;5.633732e-02;1.038530e-01;5.431768e-02;5.333678e-02;1.441972e-01;1.746297e-01;6.290922e-02;4.099090e-02;1.037509e-01;8.217470e-02;7.468829e-02
5.375757e-02;5.164440e-02;1.686956e-01;1.391129e-01;4.230310e-02;1.272154e-01;9.447269e-02;5.860376e-02;3.316915e-02;9.642588e-02;5.537074e-02;7.922881e-02
4.736259e-02;5.834033e-02;1.873270e-01;1.431374e-01;1.398584e-02;7.748253e-02;1.053490e-01;8.881339e-02;4.636787e-02;4.453156e-02;9.789304e-02;8.940949e-02
4.813133e-02;4.922092e-02;1.113179e-01;1.293275e-01;2.417502e-02;5.433755e-02;8.226349e-02;1.027063e-01;4.037908e-02;7.336746e-02;1.858573e-01;9.891610e-02
7.065764e-02;3.869900e-02;1.073267e-01;1.395483e-01;2.441412e-02;5.200582e-02;4.880212e-02;8.405068e-02;4.853775e-02;6.902861e-02;2.300627e-01;8.686659e-02
1.116675e-01;3.245946e-02;1.987370e-01;1.157360e-01;2.273106e-02;3.171450e-02;6.183793e-02;6.179284e-02;5.926526e-02;7.693791e-02;1.771480e-01;4.997254e-02
1.277358e-01;3.385333e-02;3.269397e-01;4.566105e-02;3.014489e-02;1.839781e-02;1.103394e-01;3.363554e-02;3.965926e-02;1.620836e-01;5.110514e-02;2.044439e-02
8.436030e-02;4.471387e-02;3.709065e-01;2.148104e-02;3.414998e-02;2.429771e-02;1.100466e-01;1.865040e-02;2.908137e-02;2.226251e-01;2.904296e-02;1.064423e-02
3.035653e-02;8.500212e-02;3.328194e-01;1.890072e-02;2.906239e-02;3.675408e-02;8.686867e-02;4.293844e-02;5.634547e-02;2.289135e-01;2.720106e-02;2.483760e-02
2.241099e-02;1.385405e-01;2.116741e-01;1.682608e-02;2.147221e-02;5.549812e-02;8.970851e-02;7.978022e-02;9.167787e-02;2.041352e-01;2.983368e-02;3.844258e-02
4.951934e-02;1.979659e-01;8.781687e-02;3.105744e-02;2.724573e-02;9.860234e-02;7.115526e-02;6.796607e-02;1.218462e-01;1.607107e-01;3.282439e-02;5.328968e-02
4.021229e-02;2.244315e-01;1.057769e-01;3.289543e-02;2.408215e-02;1.186956e-01;4.858784e-02;4.967413e-02;1.303179e-01;1.222429e-01;3.479955e-02;6.828374e-02
2.587742e-02;3.001496e-01;1.112910e-01;4.875484e-02;1.165024e-02;1.157555e-01;2.750571e-02;2.716826e-02;1.552500e-01;8.300769e-02;3.522288e-02;5.836692e-02
2.458688e-02;3.654012e-01;9.070573e-02;6.651181e-02;9.232312e-03;9.907532e-02;2.042776e-02;2.356229e-02;1.749085e-01;5.445050e-02;3.117945e-02;3.995820e-02
2.785081e-02;3.752587e-01;7.339320e-02;7.147755e-02;1.510093e-02;8.377930e-02;1.854496e-02;3.960385e-02;1.813088e-01;6.259850e-02;1.295221e-02;3.813127e-02
3.823030e-02;3.333380e-01;1.385782e-01;5.826837e-02;1.450117e-02;9.389269e-02;1.396129e-02;2.893117e-02;1.681869e-01;5.005958e-02;3.048347e-02;3.156885e-02
3.138842e-02;2.655627e-01;2.074078e-01;5.770429e-02;1.697353e-02;8.329669e-02;2.416429e-02;2.773270e-02;1.310294e-01;6.752196e-02;4.700565e-02;4.021270e-02
3.519619e-02;2.191784e-01;2.802076e-01;4.781947e-02;2.488941e-02;5.835228e-02;4.318471e-02;3.315526e-02;9.624783e-02;6.772076e-02;4.709468e-02;4.695338e-02
3.786895e-02;2.416206e-01;2.982224e-01;4.500789e-02;1.495941e-02;5.961085e-02;4.952362e-02;3.118453e-02;6.501337e-02;9.089816e-02;2.739592e-02;3.869434e-02
3.328902e-02;2.700109e-01;2.822700e-01;4.475477e-02;1.702483e-02;6.442212e-02;4.470500e-02;3.429322e-02;4.866627e-02;8.986421e-02;3.404131e-02;3.665831e-02
2.441488e-02;2.928247e-01;2.414032e-01;4.154281e-02;2.554479e-02;7.825836e-02;4.718534e-02;3.129925e-02;6.800844e-02;7.704537e-02;3.430773e-02;3.816509e-02
4.480768e-02;3.101905e-01;2.115099e-01;4.101133e-02;2.604484e-02;9.051628e-02;3.334228e-02;3.347398e-02;7.911193e-02;7.197337e-02;2.836431e-02;2.965358e-02
5.093298e-02;2.588965e-01;2.338440e-01;3.774112e-02;2.497437e-02;1.092895e-01;3.912137e-02;3.693184e-02;5.521887e-02;8.476524e-02;5.502805e-02;1.325602e-02
4.459491e-02;2.231468e-01;2.496038e-01;4.241257e-02;2.455499e-02;1.111233e-01;4.726152e-02;4.429623e-02;5.896763e-02;8.523666e-02;4.777495e-02;2.102658e-02
3.492077e-02;2.138251e-01;2.545849e-01;7.594655e-02;2.626929e-02;9.159343e-02;4.624204e-02;4.655340e-02;6.381869e-02;8.636339e-02;3.643733e-02;2.344507e-02
3.179889e-02;2.018698e-01;2.582697e-01;9.318570e-02;1.766748e-02;8.282517e-02;4.915219e-02;4.687079e-02;6.062781e-02;8.484456e-02;4.128841e-02;3.159955e-02
5.124961e-02;1.755086e-01;2.419209e-01;1.044606e-01;1.517187e-02;9.963469e-02;3.720473e-02;4.870524e-02;5.821878e-02;8.322322e-02;4.918925e-02;3.551254e-02
4.822329e-02;1.622243e-01;2.538370e-01;1.086044e-01;1.730497e-02;9.236043e-02;4.780375e-02;3.902020e-02;6.292673e-02;9.742286e-02;4.755019e-02;2.272191e-02
3.931796e-02;1.646043e-01;2.428422e-01;1.203056e-01;1.750988e-02;7.323262e-02;5.062737e-02;4.269933e-02;7.062488e-02;7.764193e-02;7.749704e-02;2.309680e-02
5.200509e-02;1.527005e-01;1.990622e-01;9.020371e-02;1.603942e-02;9.747371e-02;4.613646e-02;4.968626e-02;8.004726e-02;5.963403e-02;1.182618e-01;3.874950e-02
5.807178e-02;1.764721e-01;1.970602e-01;4.570591e-02;1.939996e-02;1.093864e-01;3.623084e-02;4.634071e-02;8.074600e-02;8.099422e-02;1.123218e-01;3.727007e-02
5.234551e-02;1.932467e-01;2.046608e-01;4.832366e-02;2.734165e-02;9.677821e-02;2.289883e-02;7.052342e-02;8.270825e-02;8.758171e-02;6.535684e-02;4.823441e-02
4.408832e-02;1.436307e-01;1.464707e-01;3.607184e-02;3.635444e-02;2.346389e-01;4.988524e-02;1.064246e-01;6.605544e-02;5.379250e-02;2.628550e-02;5.630175e-02
2.532110e-02;9.400871e-02;1.626927e-01;3.638297e-02;4.988413e-02;2.930502e-01;7.188668e-02;8.987795e-02;6.190131e-02;3.894848e-02;4.456628e-02;3.147954e-02
1.702458e-02;7.027035e-02;1.546979e-01;5.892433e-02;8.267903e-02;2.861504e-01;1.212086e-01;5.274311e-02;5.877643e-02;2.932994e-02;3.281649e-02;3.537871e-02
2.036587e-02;6.037826e-02;9.534273e-02;6.307265e-02;1.171655e-01;2.620364e-01;1.813442e-01;3.298120e-02;5.846138e-02;4.433521e-02;1.027923e-02;5.423731e-02
1.671293e-02;9.111912e-02;1.262919e-01;4.694337e-02;1.173059e-01;2.308595e-01;1.788443e-01;2.857563e-02;4.943969e-02;5.417579e-02;1.232155e-02;4.741026e-02
1.775013e-02;1.157741e-01;1.442116e-01;3.261638e-02;1.089262e-01;2.218175e-01;1.576597e-01;3.230936e-02;4.767633e-02;5.804314e-02;1.895442e-02;4.426123e-02
2.369224e-02;9.997483e-02;1.167930e-01;3.412802e-02;1.042766e-01;2.172354e-01;1.398724e-01;3.086604e-02;1.007739e-01;5.574555e-02;2.332406e-02;5.331814e-02
2.226440e-02;8.220753e-02;1.206921e-01;2.843167e-02;9.568904e-02;2.497206e-01;1.082913e-01;2.603406e-02;1.422280e-01;4.784762e-02;2.706921e-02;4.952455e-02
1.478290e-02;7.176342e-02;1.197999e-01;3.246649e-02;6.905538e-02;3.745368e-01;5.638358e-02;4.623175e-02;1.207415e-01;4.143564e-02;1.883015e-02;3.397256e-02
1.095386e-02;6.361249e-02;9.068539e-02;2.605970e-02;4.059646e-02;4.748017e-01;3.214361e-02;1.098142e-01;5.484884e-02;6.703406e-02;1.052379e-02;1.892595e-02
1.841062e-02;3.859962e-02;6.176653e-02;2.290865e-02;2.352862e-02;4.158859e-01;4.754791e-02;1.857946e-01;4.147968e-02;1.113559e-01;1.541601e-02;1.730602e-02
2.263452e-02;4.379335e-02;3.539775e-02;2.294923e-02;2.069629e-02;3.540387e-01;7.204646e-02;1.950926e-01;6.332554e-02;1.318070e-01;1.521095e-02;2.300772e-02
1.471237e-02;8.839437e-02;7.131638e-02;2.379387e-02;1.762326e-02;2.868739e-01;1.144468e-01;1.687406e-01;7.108051e-02;1.040914e-01;1.602763e-02;2.289888e-02
1.278686e-02;9.374691e-02;8.093110e-02;1.822112e-02;1.526760e-02;3.374320e-01;1.325842e-01;1.885477e-01;4.245874e-02;5.322606e-02;1.117074e-02;1.362697e-02
1.119882e-02;7.666093e-02;6.118703e-02;1.953575e-02;2.081804e-02;2.909064e-01;1.248529e-01;2.878712e-01;3.547912e-02;4.830283e-02;1.349966e-02;9.687293e-03
1.189841e-02;6.052864e-02;5.879137e-02;2.555215e-02;3.295569e-02;1.973495e-01;8.159452e-02;4.237161e-01;4.710875e-02;4.177807e-02;9.194530e-03;9.532235e-03
1.472678e-02;5.798218e-02;8.238820e-02;1.885832e-02;2.887822e-02;2.112295e-01;5.062975e-02;4.415432e-01;5.152424e-02;2.663744e-02;4.309443e-03;1.129274e-02
1.504289e-02;6.530639e-02;9.646077e-02;1.186684e-02;2.277236e-02;2.111014e-01;5.160245e-02;4.232472e-01;5.382165e-02;2.519247e-02;1.031076e-02;1.327477e-02
1.328060e-02;7.981993e-02;1.080163e-01;1.698575e-02;2.685087e-02;8.488212e-02;4.362899e-02;4.990107e-01;6.163969e-02;3.415176e-02;1.520883e-02;1.652452e-02
9.187868e-03;7.709484e-02;1.000734e-01;1.932795e-02;2.424873e-02;1.596835e-01;4.237818e-02;4.485706e-01;6.551810e-02;2.655597e-02;1.277894e-02;1.458183e-02
7.375417e-03;6.266066e-02;1.167411e-01;1.755169e-02;2.340624e-02;1.114690e-01;4.964947e-02;4.411900e-01;8.157777e-02;5.056940e-02;1.868936e-02;1.911986e-02
7.648855e-03;5.222797e-02;7.758940e-02;1.459753e-02;1.952450e-02;1.832324e-01;4.137210e-02;4.115864e-01;7.337564e-02;8.574335e-02;1.636935e-02;1.673256e-02
1.199111e-02;5.180527e-02;4.449473e-02;1.755111e-02;1.632034e-02;1.177982e-01;5.684919e-02;4.793819e-01;7.441437e-02;1.099271e-01;9.209838e-03;1.025685e-02
1.632680e-02;4.377177e-02;7.691425e-02;1.807635e-02;2.100945e-02;1.172785e-01;8.482178e-02;4.601561e-01;7.910439e-02;5.800507e-02;1.252795e-02;1.200755e-02
9.061404e-03;3.229034e-02;7.967454e-02;1.216672e-02;2.091609e-02;2.593009e-01;1.069930e-01;3.293774e-01;1.120021e-01;1.935502e-02;1.072815e-02;8.134374e-03
9.861633e-03;3.350697e-02;6.617365e-02;1.434465e-02;1.018361e-02;2.328896e-01;1.471281e-01;3.006425e-01;1.460607e-01;2.155225e-02;1.068875e-02;6.967445e-03
1.623052e-02;2.161088e-02;3.452387e-02;2.241262e-02;6.159335e-03;2.964959e-01;1.327077e-01;3.089675e-01;9.384553e-02;5.144755e-02;8.679963e-03;6.918676e-03
3.534708e-02;1.751159e-02;3.463727e-02;2.030299e-02;1.338568e-02;3.890223e-01;8.771807e-02;2.874274e-01;3.171212e-02;6.343257e-02;7.732056e-03;1.177091e-02
4.837237e-02;1.932198e-02;4.474514e-02;1.736097e-02;5.233769e-02;3.917785e-01;5.216900e-02;2.488178e-01;3.536438e-02;5.177771e-02;6.965871e-03;3.098854e-02
2.981339e-02;8.857137e-03;4.097943e-02;1.630826e-02;1.509894e-01;3.465137e-01;8.690850e-02;1.265417e-01;5.196187e-02;2.559625e-02;1.200261e-02;1.035277e-01
1.906566e-02;1.267875e-02;3.131304e-02;2.389500e-02;1.968214e-01;2.711800e-01;1.278014e-01;5.269830e-02;4.650594e-02;1.411973e-02;1.547986e-02;1.884409e-01
2.427322e-02;2.858929e-02;2.895819e-02;3.405118e-02;1.657142e-01;1.660296e-01;1.062220e-01;4.103239e-02;2.998513e-02;8.835317e-03;3.598025e-02;3.303292e-01
6.780344e-02;7.130764e-02;2.054537e-02;5.536047e-02;1.004038e-01;5.036612e-02;4.816782e-02;5.632921e-02;1.212428e-02;1.497230e-02;8.331998e-02;4.192997e-01
6.313997e-02;1.077065e-01;2.442155e-02;1.092868e-01;9.145612e-02;4.193288e-02;1.247965e-02;8.567668e-02;1.112291e-02;2.154339e-02;1.312802e-01;2.999534e-01
2.709896e-02;1.378670e-01;2.556000e-02;1.746410e-01;6.950915e-02;6.081275e-02;1.119768e-02;1.395235e-01;1.283524e-02;2.203003e-02;1.865931e-01;1.323316e-01
1.065775e-02;1.648166e-01;2.050908e-02;1.885289e-01;7.515897e-02;4.320233e-02;2.126302e-02;1.982303e-01;1.428978e-02;2.138946e-02;2.232196e-01;1.873429e-02
8.888715e-03;1.665273e-01;3.199078e-02;1.858932e-01;5.637477e-02;4.024752e-02;2.484321e-02;2.127278e-01;1.794787e-02;2.288750e-02;2.015028e-01;3.016850e-02
7.667479e-03;1.468161e-01;3.752900e-02;1.677057e-01;7.303910e-02;4.796646e-02;2.297191e-02;1.906349e-01;2.617043e-02;3.971260e-02;1.593383e-01;8.044810e-02
1.862374e-02;8.001100e-02;3.915668e-02;9.327954e-02;1.794568e-01;4.173109e-02;3.732144e-02;1.172464e-01;5.169533e-02;4.615677e-02;1.012395e-01;1.940816e-01
2.096464e-02;2.514091e-02;4.928300e-02;3.268793e-02;2.627132e-01;3.706990e-02;4.670336e-02;5.166468e-02;9.375854e-02;2.790626e-02;5.537570e-02;2.967319e-01
1.701088e-02;1.428022e-02;9.288867e-02;2.374881e-02;2.707297e-01;6.156882e-02;4.341368e-02;3.627688e-02;1.099696e-01;1.393768e-02;2.830492e-02;2.878702e-01
3.025773e-02;1.657566e-02;1.346767e-01;3.178394e-02;2.262683e-01;9.322400e-02;3.029704e-02;3.323787e-02;1.004060e-01;1.243743e-02;2.163446e-02;2.692009e-01
9.691137e-02;2.077354e-02;1.123066e-01;4.293893e-02;1.541496e-01;1.366868e-01;2.232885e-02;3.135387e-02;6.119221e-02;1.474077e-02;2.761371e-02;2.790037e-01
1.444390e-01;2.983687e-02;6.136069e-02;3.741271e-02;9.449356e-02;2.018870e-01;1.561862e-02;2.950243e-02;2.785977e-02;2.410739e-02;4.937202e-02;2.841099e-01
1.581345e-01;4.444474e-02;6.420787e-02;3.009374e-02;6.799295e-02;2.585459e-01;2.562910e-02;6.332099e-02;1.421859e-02;6.481346e-02;3.628038e-02;1.723177e-01
1.271786e-01;4.841554e-02;7.263362e-02;3.055848e-02;8.561724e-02;2.777918e-01;2.838145e-02;1.087777e-01;2.197887e-02;1.560723e-01;1.234623e-02;3.024817e-02
6.639185e-02;2.408931e-02;2.993118e-02;1.659298e-02;7.422382e-02;2.796394e-01;2.071167e-02;1.239573e-01;3.341334e-02;2.051075e-01;1.558029e-02;1.103615e-01
2.738018e-02;3.474852e-02;5.652188e-02;4.884198e-02;6.914203e-02;2.574018e-01;4.138113e-02;1.289495e-01;4.176589e-02;1.724878e-01;1.277603e-02;1.086033e-01
3.915327e-02;6.379309e-02;7.684043e-02;8.061655e-02;7.287265e-02;2.335673e-01;8.128905e-02;1.467129e-01;3.109884e-02;1.010231e-01;1.205482e-02;6.097795e-02
3.360767e-02;9.243179e-02;5.244864e-02;6.564169e-02;8.466794e-02;2.245076e-01;1.253027e-01;1.616377e-01;4.411590e-02;4.498560e-02;2.786647e-02;4.278633e-02
2.231993e-02;1.148717e-01;3.267213e-02;3.734818e-02;8.330432e-02;1.870827e-01;1.401254e-01;1.807904e-01;7.381681e-02;2.555155e-02;4.185141e-02;6.026556e-02
4.181778e-02;1.017575e-01;2.703711e-02;6.248626e-02;7.045282e-02;1.958903e-01;1.100082e-01;1.634533e-01;7.303075e-02;4.099211e-02;3.420816e-02;7.886574e-02
8.326656e-02;6.711839e-02;3.436095e-02;7.125073e-02;5.428808e-02;2.548100e-01;5.801603e-02;1.083475e-01;3.915889e-02;6.057785e-02;3.680011e-02;1.320049e-01
1.098819e-01;4.461050e-02;5.066962e-02;6.846206e-02;5.392082e-02;2.391631e-01;2.776026e-02;5.749756e-02;2.060695e-02;5.063644e-02;5.840620e-02;2.183846e-01
9.111357e-02;3.311436e-02;4.989251e-02;7.522092e-02;8.059256e-02;2.046598e-01;2.919091e-02;5.433662e-02;2.383742e-02;2.457706e-02;4.873579e-02;2.847284e-01
4.941119e-02;5.335962e-02;6.789774e-02;7.358330e-02;1.257896e-01;2.275535e-01;3.720476e-02;9.336370e-02;2.739958e-02;1.654946e-02;2.447721e-02;2.034104e-01
5.430947e-02;8.421469e-02;9.823202e-02;6.130575e-02;9.909952e-02;2.293805e-01;4.949411e-02;1.513514e-01;3.221923e-02;2.391582e-02;2.883600e-02;8.764157e-02
2.894902e-02;7.627246e-02;1.113248e-01;6.419883e-02;6.293041e-02;2.779641e-01;5.691358e-02;1.591818e-01;2.750400e-02;2.689279e-02;2.991856e-02;7.794961e-02
5.925396e-02;5.933871e-02;8.700735e-02;5.727939e-02;7.296979e-02;2.924863e-01;6.159511e-02;1.109808e-01;4.381360e-02;2.836687e-02;2.615101e-02;1.007571e-01
6.051279e-02;4.153363e-02;7.079016e-02;7.545881e-02;8.923492e-02;2.308999e-01;8.042260e-02;1.013716e-01;5.653767e-02;3.143406e-02;3.664636e-02;1.251575e-01
8.634677e-02;6.806834e-02;1.142296e-01;8.359294e-02;7.747392e-02;1.208462e-01;7.338920e-02;1.397706e-01;5.125215e-02;3.275235e-02;4.133725e-02;1.109407e-01
1.316395e-01;7.504291e-02;7.605039e-02;6.212271e-02;4.717544e-02;2.238858e-01;4.073481e-02;1.328990e-01;2.867447e-02;4.186507e-02;4.350929e-02;9.640053e-02
8.520295e-02;1.398971e-01;3.392398e-02;2.862609e-02;3.058440e-02;2.307118e-01;1.400160e-01;1.193385e-01;3.234871e-02;3.542838e-02;5.195829e-02;7.196379e-02
2.945937e-02;1.879965e-01;1.696957e-02;5.138120e-02;2.350125e-02;2.454260e-01;2.174821e-01;9.243079e-02;2.985474e-02;2.609192e-02;4.826353e-02;3.114298e-02
5.763651e-02;1.446576e-01;2.281812e-02;1.061773e-01;1.760852e-02;2.697606e-01;2.289204e-01;4.784091e-02;1.465269e-02;5.380468e-02;2.537643e-02;1.074621e-02
8.367517e-02;5.847193e-02;2.046280e-02;1.640615e-01;1.851158e-02;3.270833e-01;1.768125e-01;4.115619e-02;8.586508e-03;7.973478e-02;1.143048e-02;1.001325e-02
9.769724e-02;1.920734e-02;2.174138e-02;1.657471e-01;1.658883e-02;3.920641e-01;1.230870e-01;4.223152e-02;4.651642e-03;8.952389e-02;1.056854e-02;1.689141e-02
1.067667e-01;1.560270e-02;1.699041e-02;1.339731e-01;2.509599e-02;4.320855e-01;8.951525e-02;4.697698e-02;7.958272e-03;9.314152e-02;6.410761e-03;2.548279e-02
9.038935e-02;2.663485e-02;2.111695e-02;1.338247e-01;4.368568e-02;4.280724e-01;8.856468e-02;3.782572e-02;1.023660e-02;9.255273e-02;4.240533e-03;2.285586e-02
8.396077e-02;2.757775e-02;3.705738e-02;1.516531e-01;5.290638e-02;3.796780e-01;1.015970e-01;3.198509e-02;1.098815e-02;9.436890e-02;7.825397e-03;2.040206e-02
1.059915e-01;3.410850e-02;4.129798e-02;1.162908e-01;5.234952e-02;3.286322e-01;1.198299e-01;6.010750e-02;1.129697e-02;8.190262e-02;1.092231e-02;3.727015e-02
8.934491e-02;3.879637e-02;3.437613e-02;7.749307e-02;4.968378e-02;3.551880e-01;1.052244e-01;9.227957e-02;2.082414e-02;6.906980e-02;1.325306e-02;5.446672e-02
5.273696e-02;3.933892e-02;5.942057e-02;7.971953e-02;4.917628e-02;3.952650e-01;7.024149e-02;7.679410e-02;4.357248e-02;5.338750e-02;1.861384e-02;6.173341e-02
5.090384e-02;4.166429e-02;7.155506e-02;8.718783e-02;9.105700e-02;3.704800e-01;5.216310e-02;4.015296e-02;6.454711e-02;2.536349e-02;2.223492e-02;8.269037e-02
6.095180e-02;3.311756e-02;7.331038e-02;8.984680e-02;1.170058e-01;3.156941e-01;8.043310e-02;3.168288e-02;5.506386e-02;2.215540e-02;2.857114e-02;9.216718e-02
5.197465e-02;3.699060e-02;8.075719e-02;1.027654e-01;1.175815e-01;2.474782e-01;1.075794e-01;6.786399e-02;4.950710e-02;2.516463e-02;2.977724e-02;8.256008e-02
2.534973e-02;4.592596e-02;1.387680e-01;1.343994e-01;1.346267e-01;1.641168e-01;9.245926e-02;1.017863e-01;4.926141e-02;2.157394e-02;5.388714e-02;3.784529e-02
2.194739e-02;5.709606e-02;1.845931e-01;1.177924e-01;8.908078e-02;2.368089e-01;3.337521e-02;9.160455e-02;1.718831e-02;1.915052e-02;7.545192e-02;5.591086e-02
2.585043e-02;8.531276e-02;2.665331e-01;1.108103e-01;4.241242e-02;1.486194e-01;4.006300e-02;8.322572e-02;1.331024e-02;4.081118e-02;6.286947e-02;8.018193e-02
3.243779e-02;1.302403e-01;3.223115e-01;7.026438e-02;5.425566e-02;1.104661e-01;7.344967e-02;5.117803e-02;1.760689e-02;5.745855e-02;1.547490e-02;6.485616e-02
2.760747e-02;2.172574e-01;3.125168e-01;3.760434e-02;4.896672e-02;9.919097e-02;7.622124e-02;3.623638e-02;3.081001e-02;4.909489e-02;1.380289e-02;5.069082e-02
6.269973e-02;3.214931e-01;2.387692e-01;5.650071e-02;3.004331e-02;9.810729e-02;5.024819e-02;3.110882e-02;4.338802e-02;2.801077e-02;1.209315e-02;2.753775e-02
8.745723e-02;2.898747e-01;2.034531e-01;5.456623e-02;2.946287e-02;1.385002e-01;2.388983e-02;5.482874e-02;3.859902e-02;2.069026e-02;2.240685e-02;3.627094e-02
9.334683e-02;1.698764e-01;1.527937e-01;4.744670e-02;3.852198e-02;2.242371e-01;3.494012e-02;7.458376e-02;3.752425e-02;3.443343e-02;2.845339e-02;6.384229e-02
4.983319e-02;8.121578e-02;1.339820e-01;4.654132e-02;3.711455e-02;2.682313e-01;4.050995e-02;1.078212e-01;7.390723e-02;4.962975e-02;4.089478e-02;7.031886e-02
3.449191e-02;3.949473e-02;1.194884e-01;3.684431e-02;4.035101e-02;2.743731e-01;5.453987e-02;7.747246e-02;1.213190e-01;7.792539e-02;5.980685e-02;6.389291e-02
3.712581e-02;5.860449e-02;1.041754e-01;4.080310e-02;3.548674e-02;2.414156e-01;6.225479e-02;6.660992e-02;1.415082e-01;8.724874e-02;6.889777e-02;5.586945e-02
4.106495e-02;5.723899e-02;5.883326e-02;5.620052e-02;8.383176e-02;1.711482e-01;5.766508e-02;1.051758e-01;1.845487e-01;9.592081e-02;4.730840e-02;4.106351e-02
4.354623e-02;4.669321e-02;8.496355e-02;9.527546e-02;1.010065e-01;5.337742e-02;3.800518e-02;1.483610e-01;2.461223e-01;9.580200e-02;2.437302e-02;2.247416e-02
3.154191e-02;5.813896e-02;1.534519e-01;9.120744e-02;6.612383e-02;6.129295e-02;3.092937e-02;2.091656e-01;2.025051e-01;5.719636e-02;1.807262e-02;2.037398e-02
2.313458e-02;6.304695e-02;1.852221e-01;6.296057e-02;3.441046e-02;1.053649e-01;3.044771e-02;2.801431e-01;1.418380e-01;4.537775e-02;1.095479e-02;1.709915e-02
3.075819e-02;1.207399e-01;1.712703e-01;1.836235e-02;2.520289e-02;1.317013e-01;4.607670e-02;2.920474e-01;9.672348e-02;4.511509e-02;8.474834e-03;1.352762e-02
2.410698e-02;1.682694e-01;1.506233e-01;2.021833e-02;1.529474e-02;1.206190e-01;6.844553e-02;2.552895e-01;9.820037e-02;4.980459e-02;1.416090e-02;1.496737e-02
2.197975e-02;1.394743e-01;9.408291e-02;1.959387e-02;1.607259e-02;1.601527e-01;6.551830e-02;2.649600e-01;1.162132e-01;5.535529e-02;2.045948e-02;2.613771e-02
3.738778e-02;1.329595e-01;4.369285e-02;2.384169e-02;1.340215e-02;1.850256e-01;6.357023e-02;2.849820e-01;1.129093e-01;5.360702e-02;1.489904e-02;3.372280e-02
3.669630e-02;1.561168e-01;6.011169e-02;2.524025e-02;3.085460e-02;2.557638e-01;7.279307e-02;2.097910e-01;7.196831e-02;3.171822e-02;1.736487e-02;3.158106e-02
3.430708e-02;1.905253e-01;8.606973e-02;2.817258e-02;2.405871e-02;2.227211e-01;8.045030e-02;1.870206e-01;6.848492e-02;1.739027e-02;2.141314e-02;3.938626e-02
3.076385e-02;2.088247e-01;8.803862e-02;3.598280e-02;2.462133e-02;2.564477e-01;8.386529e-02;1.524012e-01;6.382596e-02;2.063721e-02;1.138408e-02;2.320730e-02
2.914328e-02;2.069894e-01;1.055605e-01;2.992595e-02;2.910009e-02;2.636342e-01;7.639199e-02;1.425403e-01;6.498085e-02;2.457618e-02;1.737655e-02;9.780798e-03
2.725335e-02;2.178409e-01;1.135500e-01;3.022816e-02;3.819400e-02;2.332931e-01;7.919448e-02;1.412996e-01;6.216152e-02;2.616758e-02;2.209990e-02;8.717445e-03
2.315597e-02;1.809853e-01;1.559577e-01;5.114236e-02;4.920719e-02;2.123469e-01;6.821834e-02;1.526588e-01;5.263041e-02;2.027100e-02;1.886633e-02;1.455974e-02
2.147940e-02;1.117816e-01;1.627020e-01;5.965419e-02;4.739847e-02;2.486751e-01;6.110228e-02;1.562086e-01;7.409973e-02;2.447253e-02;7.461928e-03;2.496425e-02
3.947134e-02;9.267402e-02;1.552051e-01;4.715695e-02;2.654686e-02;2.102071e-01;5.794711e-02;1.994852e-01;9.284855e-02;2.524950e-02;2.103375e-02;3.217456e-02
3.027100e-02;1.266522e-01;1.529891e-01;4.304426e-02;2.362397e-02;1.801919e-01;3.841858e-02;2.407727e-01;7.545750e-02;2.329451e-02;3.236584e-02;3.291839e-02
2.592623e-02;1.156239e-01;2.154745e-01;6.500460e-02;5.328796e-02;1.453179e-01;2.795273e-02;1.899486e-01;7.818668e-02;2.529558e-02;2.777338e-02;3.020800e-02
3.071617e-02;8.832231e-02;1.846183e-01;7.130669e-02;8.821796e-02;1.820554e-01;5.468065e-02;1.501303e-01;8.073393e-02;2.409106e-02;1.817668e-02;2.695052e-02
2.454984e-02;1.201951e-01;1.606256e-01;4.080479e-02;8.455916e-02;1.868020e-01;6.575987e-02;1.764276e-01;7.709761e-02;2.336648e-02;2.358648e-02;1.622547e-02
2.498901e-02;2.217579e-01;1.827849e-01;4.072268e-02;6.124537e-02;1.162825e-01;6.634506e-02;1.584053e-01;6.122138e-02;2.131991e-02;3.581816e-02;9.107733e-03
1.725618e-02;2.593485e-01;1.801194e-01;4.083561e-02;4.165998e-02;1.302995e-01;9.736539e-02;1.168237e-01;4.383454e-02;2.220068e-02;3.905749e-02;1.119897e-02
1.892222e-02;2.578462e-01;1.302347e-01;3.854313e-02;3.094226e-02;1.380528e-01;1.074368e-01;1.426989e-01;5.409084e-02;2.296102e-02;4.421104e-02;1.406007e-02
2.501661e-02;2.621418e-01;8.964370e-02;2.993918e-02;2.698145e-02;1.414056e-01;1.128031e-01;1.496348e-01;7.791293e-02;2.287107e-02;5.199982e-02;9.649931e-03
2.392007e-02;2.505661e-01;1.491224e-01;3.497633e-02;1.891723e-02;1.211943e-01;1.514784e-01;1.205753e-01;5.743490e-02;1.594589e-02;3.940634e-02;1.646280e-02
2.475895e-02;2.379734e-01;1.920282e-01;3.968984e-02;1.944949e-02;9.850428e-02;1.577515e-01;1.109012e-01;6.398191e-02;1.346138e-02;1.949236e-02;2.200752e-02
3.936273e-02;2.238879e-01;1.977858e-01;3.685348e-02;2.235954e-02;1.175038e-01;1.224076e-01;1.001823e-01;7.341994e-02;2.513332e-02;8.503865e-03;3.259976e-02
4.968306e-02;2.130094e-01;1.827627e-01;3.106052e-02;1.924892e-02;1.345612e-01;8.402167e-02;1.029556e-01;8.500499e-02;3.984933e-02;1.232118e-02;4.552141e-02
5.752194e-02;1.883797e-01;1.693642e-01;4.443697e-02;2.137168e-02;2.058986e-01;3.483138e-02;9.586541e-02;9.113972e-02;4.215139e-02;1.167083e-02;3.736822e-02
4.533390e-02;1.497041e-01;1.639255e-01;4.057280e-02;3.038898e-02;1.870324e-01;4.803159e-02;1.765373e-01;9.548681e-02;2.666881e-02;2.256389e-02;1.375388e-02
4.793658e-02;1.521410e-01;1.676624e-01;4.049453e-02;3.888500e-02;1.362629e-01;6.802855e-02;1.729938e-01;7.957743e-02;3.024662e-02;3.376102e-02;3.200999e-02
5.225560e-02;1.561809e-01;1.204772e-01;2.558400e-02;4.171237e-02;1.861871e-01;1.032667e-01;1.365911e-01;6.850436e-02;2.110497e-02;3.503224e-02;5.310339e-02
