8.882587e-02;5.158191e-02;7.531473e-02;3.455456e-02;4.860113e-02;5.674187e-02;1.085413e-01;1.311699e-01;9.528061e-02;1.602641e-01;4.146858e-02;1.076554e-01
2.941386e-02;4.048935e-02;6.145153e-02;3.713250e-02;4.458371e-02;6.601425e-02;1.016238e-01;1.560989e-01;1.215585e-01;1.317198e-01;8.251696e-02;1.273969e-01
6.523576e-02;2.810781e-02;3.614130e-02;5.755331e-02;4.601811e-02;4.185484e-02;1.002304e-01;1.195290e-01;2.103754e-01;1.101865e-01;9.130429e-02;9.346329e-02
8.899046e-02;4.012181e-02;2.494560e-02;7.001954e-02;6.508629e-02;4.008871e-02;1.080038e-01;8.273972e-02;2.551736e-01;9.659965e-02;8.687287e-02;4.135801e-02
7.094418e-02;5.363335e-02;3.990969e-02;6.014303e-02;1.118168e-01;5.468209e-02;8.941232e-02;1.084200e-01;1.629449e-01;1.516301e-01;7.200663e-02;2.445691e-02
4.967906e-02;5.150328e-02;6.207716e-02;5.677704e-02;1.369832e-01;7.294864e-02;4.001058e-02;1.297024e-01;8.100920e-02;2.025480e-01;7.902961e-02;3.773181e-02
5.862206e-02;4.670417e-02;1.000528e-01;6.245545e-02;1.003543e-01;9.672955e-02;7.801764e-02;9.946795e-02;7.248612e-02;1.523665e-01;7.733393e-02;5.540951e-02
7.343289e-02;5.071943e-02;9.266533e-02;4.190701e-02;6.822050e-02;8.016147e-02;1.011959e-01;7.903016e-02;1.735056e-01;1.264570e-01;6.231647e-02;5.038824e-02
7.638631e-02;3.423221e-02;7.047263e-02;5.230824e-02;7.782736e-02;5.126277e-02;9.355412e-02;9.179455e-02;2.179434e-01;1.443132e-01;5.070253e-02;3.920267e-02
8.254772e-02;4.253815e-02;6.405620e-02;5.750975e-02;7.487942e-02;7.357620e-02;8.238427e-02;1.305391e-01;1.542034e-01;9.197865e-02;1.052961e-01;4.049098e-02
1.223664e-01;5.398542e-02;7.659931e-02;5.624289e-02;9.366142e-02;7.291111e-02;6.634364e-02;1.133938e-01;6.722943e-02;1.591509e-01;8.110528e-02;3.701055e-02
1.287038e-01;7.961819e-02;9.369712e-02;5.883410e-02;1.177370e-01;5.380610e-02;4.709973e-02;9.306732e-02;6.312355e-02;1.502756e-01;6.931913e-02;4.471828e-02
1.128172e-01;7.097659e-02;8.645361e-02;5.624304e-02;1.093676e-01;4.675105e-02;4.474708e-02;6.966586e-02;8.524962e-02;1.659605e-01;1.104624e-01;4.130549e-02
1.243440e-01;7.305298e-02;6.088648e-02;5.159594e-02;8.808155e-02;4.662038e-02;6.407984e-02;6.213045e-02;1.256888e-01;1.607070e-01;9.623069e-02;4.658191e-02
1.107853e-01;7.002531e-02;4.706232e-02;5.078319e-02;6.590851e-02;5.543398e-02;8.259285e-02;8.147759e-02;1.751280e-01;1.115314e-01;8.723557e-02;6.203593e-02
5.999742e-02;5.650239e-02;4.809189e-02;4.529515e-02;7.936099e-02;4.421941e-02;1.112779e-01;7.702866e-02;2.277322e-01;9.254499e-02;1.036735e-01;5.427543e-02
6.225332e-02;3.920113e-02;5.980695e-02;4.737359e-02;8.890133e-02;5.497133e-02;9.877066e-02;7.796511e-02;2.067425e-01;1.035575e-01;1.149130e-01;4.554355e-02
5.442428e-02;7.260048e-02;1.153834e-01;4.741517e-02;7.419859e-02;6.196846e-02;6.095381e-02;7.370532e-02;1.261991e-01;1.354800e-01;1.178772e-01;5.979427e-02
7.562754e-02;7.793814e-02;1.357449e-01;5.606666e-02;4.730553e-02;6.353731e-02;9.367988e-02;4.109660e-02;7.539313e-02;1.416916e-01;1.071181e-01;8.480065e-02
5.425789e-02;5.664506e-02;1.565796e-01;5.244963e-02;5.819180e-02;6.661621e-02;1.542424e-01;4.613040e-02;4.544023e-02;1.059817e-01;1.155771e-01;8.788802e-02
3.091950e-02;3.676361e-02;1.578025e-01;6.068404e-02;1.065141e-01;5.140091e-02;1.565295e-01;4.168522e-02;4.652346e-02;5.718114e-02;1.328137e-01;1.211824e-01
2.173074e-02;1.475026e-02;1.377127e-01;8.293734e-02;1.665019e-01;6.098744e-02;1.042866e-01;2.985266e-02;3.786344e-02;2.282510e-02;1.589297e-01;1.616222e-01
3.052065e-02;6.746273e-03;9.644501e-02;7.813159e-02;2.380797e-01;9.293068e-02;8.237639e-02;1.926318e-02;5.478283e-02;1.717668e-02;1.379719e-01;1.455752e-01
4.662498e-02;1.268174e-02;8.435851e-02;3.677124e-02;3.256918e-01;1.413670e-01;7.961026e-02;1.181914e-02;1.010522e-01;6.714833e-03;9.455197e-02;5.875632e-02
8.056639e-02;9.325219e-03;5.868355e-02;3.240013e-02;3.181590e-01;1.690553e-01;5.342913e-02;9.723758e-03;1.235589e-01;1.406932e-02;3.655655e-02;9.447273e-02
1.538620e-01;1.028115e-02;4.853449e-02;3.564017e-02;2.767753e-01;2.169727e-01;8.218107e-02;1.045824e-02;1.130840e-01;1.046111e-02;6.357810e-03;3.539195e-02
1.814468e-01;1.640819e-02;3.203486e-02;1.053929e-02;1.868732e-01;2.953326e-01;1.064195e-01;3.514545e-02;6.418175e-02;2.078547e-02;1.277324e-02;3.805958e-02
1.397069e-01;1.107628e-02;1.814808e-02;1.445726e-02;1.043060e-01;3.688500e-01;1.650805e-01;7.962832e-02;2.377442e-02;4.162502e-02;1.597811e-02;1.736914e-02
7.216495e-02;1.324658e-02;1.276526e-02;2.181900e-02;5.554350e-02;3.522474e-01;2.889188e-01;9.926405e-02;8.988620e-03;6.140349e-02;9.180542e-03;4.457855e-03
2.402855e-02;3.465833e-02;1.065587e-02;2.461920e-02;4.557606e-02;2.609532e-01;4.522355e-01;7.005060e-02;1.118913e-02;4.850724e-02;1.298076e-02;4.545616e-03
1.344822e-02;3.951809e-02;1.403615e-02;2.764853e-02;3.115511e-02;1.672467e-01;6.270080e-01;2.695529e-02;6.578491e-03;2.601740e-02;1.686329e-02;3.524743e-03
3.428786e-02;2.503483e-02;2.769501e-02;3.377978e-02;3.634607e-02;1.346487e-01;5.827884e-01;3.405256e-02;1.492129e-02;5.033111e-02;1.908072e-02;7.033603e-03
4.599215e-02;1.666081e-02;6.494325e-02;3.792375e-02;4.733611e-02;1.352547e-01;4.466618e-01;5.380574e-02;3.463856e-02;7.866413e-02;2.474632e-02;1.337266e-02
7.068569e-02;2.528030e-02;1.072642e-01;3.764645e-02;6.119047e-02;1.221608e-01;2.688903e-01;7.711468e-02;6.949925e-02;9.264790e-02;4.013174e-02;2.748826e-02
9.530241e-02;2.191903e-02;4.134965e-02;3.364710e-02;8.336788e-02;9.031205e-02;1.827034e-01;8.589016e-02;1.101407e-01;1.521293e-01;5.218097e-02;5.105739e-02
8.139223e-02;2.556200e-02;6.895346e-02;3.865856e-02;7.050400e-02;8.778027e-02;1.760282e-01;7.370982e-02;1.037776e-01;1.503533e-01;5.466428e-02;6.861632e-02
8.199642e-02;3.040391e-02;1.530997e-01;4.226781e-02;5.473685e-02;1.001169e-01;1.323391e-01;5.677943e-02;8.507408e-02;1.279893e-01;6.381088e-02;7.138553e-02
7.207516e-02;3.272701e-02;2.328704e-01;4.544928e-02;5.100591e-02;9.985287e-02;1.298050e-01;3.804759e-02;6.154164e-02;1.061717e-01;4.377926e-02;8.667415e-02
5.507892e-02;4.539891e-02;2.133226e-01;5.860549e-02;5.321653e-02;8.307885e-02;1.362621e-01;3.577286e-02;7.497355e-02;9.477744e-02;4.485728e-02;1.046555e-01
8.645988e-02;9.066413e-02;1.490877e-01;4.823833e-02;5.848653e-02;7.113237e-02;1.111580e-01;4.355247e-02;7.672828e-02;7.358629e-02;4.588925e-02;1.450168e-01
1.603927e-01;1.179474e-01;8.886502e-02;2.474497e-02;8.337219e-02;6.388526e-02;1.210709e-01;4.766866e-02;5.810213e-02;6.099977e-02;5.746112e-02;1.154898e-01
1.499911e-01;6.300458e-02;1.057322e-01;4.549840e-02;8.745967e-02;7.514273e-02;1.193032e-01;6.393474e-02;7.097892e-02;7.461377e-02;6.997960e-02;7.436098e-02
9.495716e-02;4.566252e-02;1.115948e-01;8.410877e-02;4.557546e-02;6.441975e-02;9.461282e-02;6.505566e-02;1.100340e-01;5.712919e-02;9.939399e-02;1.274558e-01
1.442983e-01;7.679377e-02;8.761673e-02;9.585393e-02;3.285027e-02;7.256062e-02;1.115866e-01;5.598869e-02;1.110915e-01;4.656670e-02;5.842024e-02;1.063727e-01
1.294295e-01;1.148392e-01;1.062557e-01;8.012618e-02;6.105910e-02;9.729005e-02;1.107117e-01;5.319758e-02;6.385624e-02;7.456913e-02;3.107003e-02;7.759557e-02
7.594737e-02;1.160923e-01;1.491272e-01;6.278980e-02;8.490139e-02;8.600333e-02;1.325687e-01;4.322451e-02;3.943278e-02;7.703131e-02;8.202764e-02;5.085369e-02
8.081480e-02;5.399245e-02;2.183667e-01;5.481686e-02;6.327730e-02;4.581546e-02;1.332966e-01;6.552456e-02;5.128080e-02;6.254991e-02;1.046330e-01;6.563153e-02
1.123443e-01;5.095228e-02;2.914449e-01;6.090041e-02;5.305909e-02;2.722573e-02;9.494524e-02;6.033948e-02;5.353826e-02;5.930968e-02;8.558350e-02;5.035710e-02
1.572796e-01;6.361595e-02;3.738624e-01;4.414233e-02;3.758720e-02;1.746143e-02;7.107371e-02;4.065400e-02;4.114914e-02;6.297638e-02;4.649639e-02;4.370153e-02
1.459880e-01;1.270275e-01;3.635035e-01;2.751720e-02;2.435927e-02;3.272986e-02;4.370207e-02;4.941691e-02;3.742006e-02;5.888106e-02;1.478254e-02;7.467202e-02
1.398394e-01;2.111485e-01;2.662183e-01;2.362798e-02;1.717876e-02;4.773989e-02;3.034801e-02;5.307014e-02;5.163474e-02;2.569685e-02;3.191023e-02;1.015873e-01
2.362759e-01;2.189588e-01;1.792359e-01;2.296704e-02;2.709402e-02;3.756406e-02;3.688750e-02;4.811616e-02;3.896939e-02;1.838019e-02;5.277026e-02;8.278085e-02
2.948725e-01;1.635602e-01;1.576738e-01;2.685101e-02;2.846779e-02;3.181774e-02;3.271516e-02;5.718921e-02;2.164001e-02;3.692823e-02;5.567570e-02;9.260865e-02
2.215856e-01;1.200883e-01;1.622887e-01;2.987144e-02;3.790537e-02;3.954640e-02;3.033063e-02;4.973955e-02;3.825632e-02;6.055696e-02;7.159354e-02;1.382371e-01
1.801397e-01;1.127798e-01;1.549996e-01;2.379216e-02;5.175479e-02;3.443708e-02;6.647304e-02;4.786604e-02;4.419557e-02;7.132094e-02;9.257930e-02;1.196620e-01
2.553571e-01;1.552404e-01;1.414249e-01;3.323490e-02;4.691950e-02;3.446416e-02;6.931133e-02;3.897668e-02;4.436279e-02;5.252172e-02;5.583663e-02;7.234981e-02
2.944089e-01;1.737592e-01;1.391269e-01;2.954024e-02;3.287045e-02;4.215633e-02;4.593006e-02;3.671550e-02;3.996023e-02;4.884144e-02;3.112426e-02;8.556652e-02
2.302908e-01;1.503870e-01;1.263909e-01;2.769468e-02;4.316011e-02;5.652963e-02;7.798701e-02;4.717841e-02;5.623500e-02;6.559268e-02;4.897461e-02;6.957924e-02
1.899790e-01;1.369365e-01;1.001991e-01;5.127341e-02;1.039535e-01;4.097196e-02;6.336718e-02;6.385027e-02;5.883983e-02;7.492933e-02;4.921282e-02;6.648708e-02
1.671741e-01;1.233419e-01;1.189436e-01;6.104247e-02;1.311868e-01;6.089790e-02;6.223946e-02;6.510297e-02;5.038306e-02;5.130004e-02;4.741990e-02;6.096778e-02
1.754098e-01;1.226894e-01;1.538281e-01;5.045867e-02;1.072507e-01;7.854675e-02;6.722992e-02;4.815741e-02;4.044810e-02;5.485932e-02;3.627254e-02;6.484932e-02
1.657185e-01;1.204885e-01;1.286383e-01;3.291738e-02;9.049091e-02;8.628284e-02;7.213374e-02;3.968357e-02;7.666928e-02;7.199421e-02;5.572862e-02;5.925419e-02
1.822200e-01;9.740420e-02;1.396713e-01;3.495049e-02;5.975811e-02;6.708163e-02;9.778999e-02;4.518273e-02;8.930110e-02;7.201703e-02;7.091941e-02;4.370402e-02
1.941499e-01;9.844829e-02;2.028095e-01;3.941224e-02;5.805176e-02;3.882418e-02;8.754069e-02;3.822955e-02;5.714912e-02;5.481324e-02;5.817694e-02;7.239456e-02
1.063656e-01;1.626157e-01;2.124231e-01;4.341592e-02;4.531666e-02;4.492665e-02;7.332806e-02;4.430866e-02;6.955752e-02;6.353799e-02;5.544139e-02;7.876273e-02
1.185268e-01;1.257460e-01;1.754321e-01;3.991166e-02;5.343563e-02;5.939785e-02;9.208130e-02;6.129741e-02;8.029636e-02;5.914298e-02;6.835677e-02;6.637516e-02
8.665705e-02;8.058050e-02;9.851053e-02;7.604400e-02;6.093824e-02;8.487149e-02;1.216100e-01;6.156435e-02;9.319130e-02;7.876051e-02;7.199968e-02;8.527236e-02
6.207853e-02;6.191810e-02;1.573139e-01;8.403143e-02;6.680252e-02;6.150810e-02;9.291076e-02;7.094622e-02;6.737031e-02;6.406551e-02;1.517007e-01;5.935396e-02
4.449144e-02;4.744186e-02;1.702722e-01;8.098499e-02;5.919645e-02;5.208601e-02;9.195191e-02;6.961437e-02;7.241242e-02;1.152573e-01;1.605151e-01;3.577603e-02
3.020149e-02;3.855638e-02;1.653845e-01;6.368242e-02;4.483490e-02;6.076923e-02;6.936630e-02;6.296897e-02;9.902331e-02;1.770678e-01;1.344686e-01;5.367608e-02
1.948513e-02;8.058880e-02;1.088262e-01;3.080548e-02;2.007148e-02;1.128012e-01;3.184205e-02;5.256270e-02;1.725295e-01;1.688499e-01;6.986523e-02;1.317723e-01
1.414237e-02;1.155649e-01;6.623896e-02;1.958217e-02;9.339713e-03;1.541187e-01;2.659641e-02;4.112278e-02;2.369766e-01;1.141798e-01;3.273812e-02;1.693995e-01
1.509066e-02;1.164571e-01;9.670486e-02;2.124831e-02;9.692334e-03;1.517421e-01;3.758011e-02;5.314948e-02;2.325221e-01;7.762495e-02;2.535254e-02;1.628355e-01
1.767984e-02;6.193480e-02;2.080635e-01;1.868066e-02;2.446596e-02;8.975638e-02;6.560193e-02;6.303769e-02;1.261998e-01;1.977223e-01;2.395991e-02;1.028972e-01
1.890016e-02;2.371676e-02;3.047847e-01;1.466218e-02;3.585454e-02;4.205961e-02;7.680943e-02;3.915970e-02;6.819693e-02;3.193420e-01;1.655253e-02;3.996141e-02
8.607445e-03;3.563221e-02;3.128613e-01;1.291751e-02;3.503976e-02;2.707660e-02;6.916895e-02;2.937644e-02;7.693795e-02;3.617342e-01;1.880697e-02;1.184063e-02
2.450877e-02;4.086477e-02;2.460973e-01;1.151506e-02;2.835668e-02;6.969969e-02;8.130173e-02;4.649234e-02;1.455515e-01;2.736424e-01;9.381265e-03;2.258848e-02
5.449513e-02;6.107793e-02;1.956381e-01;1.261109e-02;2.428781e-02;1.090541e-01;8.258730e-02;6.706981e-02;1.874375e-01;1.572197e-01;1.241826e-02;3.610319e-02
7.814174e-02;8.483458e-02;1.610136e-01;1.379379e-02;2.536034e-02;1.244629e-01;8.869279e-02;6.707709e-02;1.420539e-01;1.405958e-01;2.200928e-02;5.196419e-02
4.876944e-02;1.001632e-01;1.685260e-01;1.539589e-02;3.284322e-02;6.985488e-02;5.191579e-02;3.785409e-02;1.531929e-01;2.414973e-01;2.797296e-02;5.201428e-02
3.757455e-02;1.097041e-01;2.174929e-01;1.077372e-02;2.661707e-02;5.783089e-02;3.287381e-02;5.983602e-02;1.583324e-01;2.082725e-01;3.666713e-02;4.402487e-02
7.064338e-02;1.079151e-01;2.461278e-01;1.513636e-02;3.016699e-02;6.291642e-02;4.121512e-02;6.678305e-02;1.522431e-01;1.468233e-01;2.313617e-02;3.689329e-02
6.283324e-02;7.866619e-02;2.462284e-01;1.277134e-02;2.775079e-02;4.760856e-02;4.675220e-02;4.100026e-02;2.265043e-01;1.628054e-01;2.358642e-02;2.349290e-02
5.231557e-02;8.770604e-02;2.784921e-01;1.403272e-02;3.156608e-02;5.750718e-02;2.935142e-02;3.574573e-02;1.798382e-01;1.671191e-01;4.051667e-02;2.580903e-02
5.864994e-02;8.434362e-02;3.011316e-01;2.051805e-02;3.646954e-02;4.364398e-02;5.830801e-02;6.581742e-02;9.047170e-02;1.823735e-01;3.439414e-02;2.387854e-02
6.733242e-02;6.439843e-02;1.646871e-01;4.550544e-02;7.393584e-02;6.498349e-02;1.070455e-01;9.465993e-02;1.092371e-01;1.330923e-01;3.983654e-02;3.528589e-02
4.891131e-02;3.561158e-02;1.160546e-01;6.843988e-02;1.002890e-01;9.845077e-02;1.521935e-01;8.761254e-02;8.716170e-02;1.002079e-01;6.071559e-02;4.435168e-02
4.047110e-02;4.644940e-02;1.639326e-01;6.222234e-02;8.439114e-02;7.437322e-02;1.357222e-01;7.192487e-02;9.614466e-02;1.368461e-01;5.318946e-02;3.433285e-02
2.667048e-02;6.820931e-02;2.098124e-01;4.941205e-02;5.922978e-02;4.023247e-02;1.098116e-01;6.263046e-02;1.111689e-01;1.901319e-01;3.497235e-02;3.771825e-02
3.036679e-02;1.256422e-01;1.943505e-01;2.644676e-02;2.851651e-02;3.932553e-02;5.169407e-02;5.454153e-02;1.840795e-01;1.942723e-01;1.696120e-02;5.380312e-02
8.980542e-02;1.603022e-01;1.217658e-01;1.712706e-02;1.887789e-02;5.215644e-02;2.946615e-02;6.425282e-02;2.424938e-01;1.079656e-01;2.939385e-02;6.639297e-02
1.346989e-01;1.716655e-01;1.069799e-01;2.262876e-02;3.080238e-02;5.096161e-02;5.144703e-02;7.003025e-02;1.726533e-01;7.471948e-02;5.445865e-02;5.895419e-02
1.311787e-01;1.962844e-01;1.388213e-01;3.669335e-02;4.428608e-02;3.733797e-02;6.919430e-02;6.140072e-02;7.406180e-02;1.059776e-01;7.401770e-02;3.074603e-02
1.545187e-01;1.493679e-01;1.135720e-01;3.135286e-02;4.207423e-02;1.902238e-02;4.807078e-02;1.233451e-01;9.222254e-02;7.568960e-02;1.028988e-01;4.786507e-02
2.274839e-01;1.283314e-01;1.032940e-01;1.777189e-02;4.529553e-02;1.967343e-02;2.406356e-02;1.655722e-01;7.494731e-02;4.692143e-02;1.156693e-01;3.097601e-02
3.144806e-01;1.155148e-01;5.367828e-02;9.627503e-03;4.676338e-02;1.449197e-02;1.924324e-02;2.361608e-01;3.287745e-02;2.383323e-02;1.137847e-01;1.954412e-02
3.424990e-01;8.709721e-02;3.797942e-02;9.954671e-03;3.305901e-02;7.897845e-03;1.408821e-02;2.851233e-01;4.069242e-02;1.060002e-02;1.107640e-01;2.024498e-02
2.880781e-01;6.415960e-02;3.918395e-02;1.589290e-02;3.631012e-02;1.068642e-02;4.863067e-02;2.654814e-01;5.555349e-02;3.004406e-02;1.126965e-01;3.328275e-02
2.646029e-01;3.911221e-02;5.240954e-02;2.211382e-02;4.529006e-02;1.495555e-02;7.230522e-02;2.294354e-01;5.285447e-02;5.400492e-02;8.476778e-02;6.814811e-02
2.460469e-01;6.389701e-02;6.671085e-02;2.399869e-02;4.438345e-02;2.003135e-02;8.250472e-02;1.817077e-01;4.348303e-02;7.252076e-02;6.036527e-02;9.435023e-02
2.106715e-01;1.035059e-01;6.641065e-02;2.544371e-02;3.675722e-02;2.826167e-02;4.952342e-02;1.538442e-01;5.149481e-02;1.045927e-01;6.248463e-02;1.070097e-01
1.851813e-01;1.177982e-01;8.645500e-02;3.104266e-02;2.675127e-02;2.536032e-02;3.288250e-02;1.352471e-01;8.845863e-02;8.434077e-02;8.144932e-02;1.050329e-01
1.209847e-01;1.179273e-01;1.046554e-01;5.468169e-02;3.383406e-02;2.404356e-02;4.110817e-02;1.296889e-01;1.412243e-01;5.708634e-02;7.732645e-02;9.743910e-02
1.697386e-01;1.016398e-01;1.038552e-01;8.338513e-02;3.878450e-02;5.632415e-02;9.322985e-02;7.479730e-02;8.578674e-02;4.794656e-02;4.139282e-02;1.031193e-01
1.901655e-01;8.721565e-02;1.028099e-01;8.064788e-02;2.897825e-02;7.269105e-02;9.190661e-02;9.427929e-02;5.676245e-02;6.572872e-02;4.914842e-02;7.966628e-02
2.109832e-01;6.677421e-02;9.920314e-02;7.296751e-02;4.435799e-02;6.077659e-02;8.653942e-02;1.257469e-01;5.750483e-02;5.725524e-02;4.985010e-02;6.804091e-02
2.283247e-01;8.121860e-02;5.052933e-02;8.093379e-02;5.935010e-02;2.921705e-02;1.435011e-01;1.048344e-01;8.180149e-02;5.955252e-02;3.146352e-02;4.927333e-02
2.309531e-01;9.385732e-02;5.742917e-02;8.364385e-02;5.790894e-02;3.173145e-02;1.300657e-01;8.650248e-02;5.371285e-02;8.539622e-02;4.320077e-02;4.559815e-02
1.864825e-01;9.368387e-02;6.124375e-02;8.717471e-02;7.340184e-02;4.570451e-02;7.680313e-02;1.115453e-01;7.300957e-02;8.572210e-02;6.206115e-02;4.316756e-02
1.338758e-01;7.719639e-02;8.095039e-02;5.970418e-02;1.199999e-01;3.946485e-02;7.333507e-02;1.353162e-01;7.259060e-02;8.606221e-02;7.080575e-02;5.069867e-02
1.325306e-01;5.171784e-02;1.079923e-01;2.058198e-02;1.047367e-01;7.056494e-02;7.867948e-02;1.363472e-01;9.980246e-02;9.507211e-02;6.188546e-02;4.008890e-02
1.544848e-01;1.001158e-01;9.450106e-02;3.142957e-02;8.145119e-02;9.763621e-02;6.390738e-02;1.115522e-01;8.842066e-02;9.353606e-02;3.877399e-02;4.419102e-02
1.452044e-01;1.396611e-01;1.322783e-01;5.019526e-02;7.903779e-02;7.550085e-02;3.718807e-02;6.707563e-02;1.161098e-01;7.099218e-02;2.562031e-02;6.113644e-02
1.333605e-01;1.558805e-01;1.834423e-01;8.188162e-02;7.187553e-02;4.529811e-02;3.495384e-02;4.664703e-02;1.116062e-01;6.225014e-02;2.058822e-02;5.221604e-02
6.956649e-02;2.128341e-01;2.018945e-01;9.445821e-02;9.267242e-02;6.431036e-02;4.379587e-02;4.629185e-02;7.092599e-02;5.419900e-02;2.116505e-02;2.788611e-02
7.749823e-02;1.528779e-01;2.881764e-01;7.623070e-02;8.451424e-02;6.486976e-02;4.864528e-02;4.047619e-02;6.160134e-02;3.798032e-02;4.454589e-02;2.258381e-02
1.193012e-01;7.896569e-02;2.986104e-01;5.097203e-02;8.212983e-02;5.172263e-02;6.361839e-02;7.415839e-02;5.964174e-02;3.346425e-02;5.349610e-02;3.391930e-02
1.623666e-01;7.611156e-02;2.333976e-01;3.893531e-02;1.004119e-01;3.934193e-02;6.430504e-02;1.036441e-01;6.019930e-02;3.918963e-02;4.357434e-02;3.852273e-02
1.603200e-01;8.797398e-02;2.118470e-01;4.520346e-02;1.014334e-01;3.204900e-02;6.547949e-02;9.237503e-02;8.241782e-02;5.466147e-02;3.674451e-02;2.949484e-02
1.095473e-01;1.198702e-01;2.514896e-01;8.664066e-02;5.944290e-02;5.965025e-02;5.383168e-02;5.097788e-02;1.156751e-01;5.061782e-02;2.088040e-02;2.137623e-02
5.533435e-02;1.232434e-01;3.546455e-01;8.951517e-02;4.211477e-02;7.502574e-02;3.034494e-02;6.691848e-02;1.024037e-01;3.222017e-02;6.127643e-03;2.210616e-02
1.642836e-02;8.268956e-02;4.802477e-01;4.401098e-02;1.229608e-01;4.096146e-02;1.338867e-02;6.895310e-02;4.177610e-02;6.501313e-02;5.262574e-03;1.830756e-02
1.799494e-02;4.530716e-02;5.110373e-01;2.502289e-02;1.965392e-01;9.349197e-03;2.972283e-02;3.022315e-02;1.528958e-02;1.071426e-01;3.919072e-03;8.451987e-03
2.715345e-02;2.126913e-02;5.237835e-01;3.549464e-02;1.899441e-01;1.370052e-02;4.080466e-02;1.076552e-02;2.878763e-02;1.015233e-01;3.635618e-03;3.137925e-03
2.941505e-02;1.517008e-02;5.059295e-01;7.045214e-02;1.403445e-01;6.560166e-02;4.291602e-02;1.530165e-02;4.867534e-02;5.024935e-02;1.362000e-02;2.324567e-03
1.800632e-02;2.941968e-02;3.780854e-01;1.139574e-01;1.277544e-01;1.443699e-01;2.852044e-02;5.428531e-02;3.791566e-02;2.982997e-02;2.961530e-02;8.240182e-03
1.149831e-02;3.959666e-02;2.569000e-01;1.106626e-01;1.749089e-01;1.500280e-01;5.465525e-02;7.456572e-02;1.729340e-02;6.035453e-02;2.836414e-02;2.117253e-02
1.602023e-02;3.654791e-02;2.316323e-01;1.116375e-01;2.141455e-01;9.959713e-02;8.807146e-02;4.352877e-02;3.745767e-02;6.332910e-02;1.500384e-02;4.302854e-02
3.034493e-02;7.819300e-02;1.664858e-01;9.323237e-02;2.148629e-01;6.970402e-02;1.414832e-01;2.857054e-02;6.148863e-02;3.319336e-02;2.723854e-02;5.520272e-02
4.066587e-02;7.721979e-02;1.902179e-01;6.677527e-02;1.535375e-01;5.441875e-02;1.969207e-01;4.073224e-02;6.517258e-02;2.796642e-02;5.030806e-02;3.606499e-02
3.092274e-02;4.254762e-02;3.383338e-01;7.945014e-02;7.659203e-02;4.279788e-02;1.911502e-01;3.854694e-02;5.378357e-02;3.568041e-02;5.384439e-02;1.635030e-02
1.394329e-02;2.146685e-02;4.475662e-01;1.257595e-01;8.145449e-02;6.842747e-02;1.087977e-01;3.973087e-02;2.692835e-02;1.990538e-02;3.321813e-02;1.280176e-02
8.213033e-03;2.590153e-02;3.933683e-01;1.918145e-01;1.135980e-01;7.127247e-02;4.838606e-02;6.873148e-02;1.153330e-02;1.289350e-02;4.478526e-02;9.502627e-03
4.633109e-03;3.066192e-02;3.457282e-01;2.295103e-01;1.398716e-01;6.059160e-02;4.683403e-02;7.388350e-02;9.492041e-03;6.565922e-03;4.586653e-02;6.361321e-03
6.604309e-03;2.802584e-02;3.673391e-01;2.314615e-01;1.489476e-01;4.885286e-02;2.636013e-02;8.828185e-02;5.608122e-03;4.623968e-03;3.930956e-02;4.585129e-03
7.132144e-03;3.044798e-02;3.716620e-01;2.186527e-01;1.488785e-01;4.940080e-02;1.535885e-02;1.020390e-01;4.173192e-03;4.850455e-03;4.127516e-02;6.129230e-03
7.660243e-03;2.971303e-02;3.606490e-01;2.246270e-01;1.290370e-01;5.316677e-02;2.730920e-02;1.131455e-01;6.981465e-03;5.515293e-03;3.819529e-02;4.000166e-03
5.202751e-03;3.176478e-02;3.106917e-01;1.846960e-01;1.407396e-01;6.777734e-02;5.562161e-02;1.047550e-01;3.660833e-02;2.103319e-02;3.253641e-02;8.573369e-03
1.069563e-02;2.442378e-02;1.774384e-01;1.012502e-01;1.709105e-01;9.467652e-02;1.118284e-01;7.981769e-02;1.266693e-01;5.430631e-02;2.014498e-02;2.783828e-02
1.808887e-02;1.316238e-02;7.993433e-02;5.224288e-02;1.798646e-01;1.027208e-01;1.263744e-01;6.187984e-02;1.841963e-01;1.298732e-01;1.555090e-02;3.611158e-02
3.039387e-02;5.304424e-03;6.378557e-02;2.684820e-02;1.704154e-01;1.066983e-01;8.812935e-02;3.924603e-02;1.880570e-01;2.266429e-01;1.224428e-02;4.223473e-02
3.401678e-02;6.648839e-03;7.554676e-02;2.796830e-02;1.304020e-01;6.987259e-02;5.366366e-02;3.291323e-02;2.641264e-01;1.591120e-01;3.401336e-02;1.117160e-01
2.085240e-02;2.285329e-02;8.268399e-02;5.753531e-02;7.193484e-02;3.395903e-02;3.714431e-02;4.582794e-02;2.178772e-01;1.132426e-01;1.176986e-01;1.783905e-01
3.959025e-02;4.320525e-02;1.055333e-01;5.544776e-02;3.934294e-02;2.407039e-02;3.325485e-02;5.212608e-02;1.359908e-01;1.723974e-01;1.872521e-01;1.117890e-01
7.100986e-02;4.455451e-02;1.041532e-01;3.073759e-02;3.850239e-02;2.513147e-02;5.918739e-02;7.312685e-02;1.720205e-01;1.514266e-01;1.716599e-01;5.848973e-02
8.039943e-02;3.990199e-02;6.542519e-02;3.162558e-02;4.825256e-02;4.129887e-02;7.480308e-02;9.491678e-02;1.932913e-01;7.767253e-02;1.638530e-01;8.855959e-02
4.952847e-02;4.343594e-02;5.830466e-02;2.934808e-02;3.924188e-02;5.544556e-02;1.013838e-01;8.147456e-02;1.424253e-01;1.569207e-01;1.481407e-01;9.435037e-02
4.136785e-02;3.860300e-02;9.752876e-02;3.806541e-02;4.813016e-02;5.169803e-02;1.043920e-01;4.499671e-02;1.574009e-01;1.943067e-01;8.391642e-02;9.959406e-02
5.552938e-02;3.600850e-02;1.088742e-01;4.767240e-02;5.022443e-02;4.746901e-02;8.120313e-02;5.339037e-02;1.313262e-01;1.658479e-01;1.060277e-01;1.164268e-01
3.733373e-02;5.766240e-02;9.305706e-02;4.215667e-02;3.896481e-02;2.607202e-02;5.555268e-02;5.366024e-02;2.005803e-01;1.663576e-01;1.321156e-01;9.648687e-02
5.088109e-02;7.170709e-02;1.174171e-01;6.394745e-02;5.053547e-02;4.031684e-02;6.424498e-02;3.988598e-02;2.133690e-01;1.385531e-01;6.789591e-02;8.124594e-02
5.241539e-02;5.511489e-02;1.477929e-01;8.936073e-02;6.575095e-02;5.601612e-02;8.488663e-02;5.669920e-02;1.376543e-01;1.205767e-01;7.185970e-02;6.187258e-02
4.688697e-02;3.562568e-02;1.218759e-01;7.982583e-02;1.217660e-01;8.242571e-02;1.017879e-01;6.010000e-02;1.149597e-01;1.316563e-01;6.935512e-02;3.373476e-02
6.215846e-02;2.553716e-02;1.333747e-01;5.855983e-02;1.353993e-01;9.839461e-02;1.266162e-01;6.878315e-02;1.091381e-01;1.022529e-01;5.761197e-02;2.217369e-02
9.778226e-02;4.915735e-02;2.231841e-01;4.323790e-02;7.344204e-02;8.716380e-02;1.313092e-01;5.049422e-02;7.943280e-02;7.214066e-02;6.169402e-02;3.096164e-02
7.290546e-02;9.381648e-02;3.035080e-01;3.414999e-02;2.706221e-02;1.790714e-01;9.561989e-02;3.679359e-02;4.879135e-02;4.392254e-02;3.666790e-02;2.769112e-02
2.938307e-02;1.012481e-01;4.036495e-01;2.857412e-02;2.024917e-02;1.967872e-01;4.133990e-02;7.149926e-02;3.718161e-02;2.557240e-02;1.983892e-02;2.467680e-02
2.136391e-02;9.003552e-02;5.238662e-01;2.365868e-02;2.531181e-02;1.103430e-01;3.127117e-02;7.905444e-02;2.571277e-02;3.131629e-02;1.534906e-02;2.271714e-02
1.829637e-02;7.076504e-02;6.649694e-01;3.105107e-02;3.501029e-02;3.473795e-02;3.151638e-02;3.850894e-02;1.452908e-02;3.760550e-02;9.485519e-03;1.352449e-02
1.343556e-02;3.782570e-02;6.985169e-01;3.351291e-02;4.935933e-02;1.968011e-02;6.335593e-02;8.464132e-03;1.116046e-02;5.526662e-02;4.262422e-03;5.159905e-03
1.716009e-02;1.467043e-02;6.472497e-01;3.893363e-02;7.066411e-02;1.826274e-02;1.084099e-01;4.274302e-03;8.740564e-03;6.259100e-02;6.227117e-03;2.816455e-03
2.601448e-02;1.286462e-02;5.762440e-01;4.753308e-02;1.110032e-01;2.249839e-02;1.244143e-01;2.821398e-03;1.312218e-02;5.591760e-02;4.101196e-03;3.465498e-03
2.710616e-02;1.527721e-02;4.997041e-01;4.807904e-02;1.799887e-01;2.406187e-02;1.017400e-01;8.092743e-03;1.103928e-02;7.339786e-02;6.124525e-03;5.388467e-03
3.166481e-02;2.821813e-02;4.800969e-01;6.766518e-02;1.799549e-01;2.270319e-02;6.193921e-02;2.050335e-02;1.279245e-02;6.942870e-02;1.099724e-02;1.403587e-02
3.301559e-02;5.491437e-02;4.584159e-01;1.312986e-01;1.050000e-01;3.819889e-02;4.183596e-02;2.974741e-02;1.993103e-02;3.960473e-02;1.467417e-02;3.336341e-02
3.372681e-02;9.907769e-02;3.604556e-01;1.234769e-01;5.556914e-02;5.927513e-02;4.858229e-02;4.462131e-02;3.245141e-02;5.601241e-02;2.258875e-02;6.416256e-02
2.648350e-02;1.147578e-01;2.515843e-01;6.645831e-02;3.811988e-02;6.479591e-02;5.228716e-02;7.586297e-02;3.275940e-02;1.031198e-01;3.507536e-02;1.386957e-01
2.074107e-02;1.066545e-01;1.578215e-01;1.772414e-02;1.890800e-02;6.348914e-02;3.633692e-02;7.809233e-02;7.758441e-02;1.425943e-01;3.733743e-02;2.427164e-01
1.537740e-02;1.151242e-01;9.512164e-02;2.164941e-02;1.092090e-02;1.089522e-01;1.934320e-02;4.667259e-02;1.434073e-01;1.002864e-01;2.446615e-02;2.986786e-01
1.534846e-02;1.515930e-01;7.680040e-02;2.184935e-02;6.340973e-03;1.511830e-01;1.236084e-02;3.486412e-02;1.849845e-01;3.577211e-02;1.402379e-02;2.948795e-01
1.317370e-02;1.648460e-01;1.030811e-01;1.339892e-02;5.875398e-03;1.471846e-01;1.121098e-02;5.816481e-02;1.743246e-01;4.924665e-02;1.661879e-02;2.428745e-01
1.513923e-02;1.276205e-01;1.840930e-01;1.268081e-02;1.383942e-02;1.098475e-01;1.855214e-02;6.975081e-02;1.404960e-01;1.054255e-01;3.149777e-02;1.710572e-01
1.247998e-02;5.997323e-02;2.684428e-01;1.269083e-02;2.174666e-02;7.004368e-02;3.217853e-02;6.359420e-02;1.172681e-01;2.021045e-01;4.224207e-02;9.723540e-02
9.676133e-03;7.807486e-02;3.063600e-01;9.294902e-03;2.055697e-02;3.536761e-02;4.365096e-02;5.361321e-02;1.002906e-01;2.571648e-01;3.505153e-02;5.089840e-02
1.711064e-02;9.847983e-02;2.804733e-01;1.077034e-02;1.978293e-02;4.105883e-02;4.950345e-02;4.473548e-02;9.729803e-02;2.430689e-01;2.753528e-02;7.018302e-02
1.528800e-02;1.130776e-01;2.291121e-01;1.115798e-02;1.418110e-02;8.048002e-02;2.943733e-02;4.241280e-02;1.325050e-01;1.979992e-01;2.122746e-02;1.131214e-01
2.742756e-02;9.764475e-02;1.793771e-01;6.646853e-03;7.780146e-03;9.300908e-02;1.320076e-02;4.847426e-02;2.043463e-01;1.611140e-01;1.611481e-02;1.448644e-01
7.144742e-02;5.526901e-02;1.653835e-01;8.066288e-03;1.937923e-02;6.724124e-02;4.228709e-02;4.179456e-02;2.203511e-01;1.763633e-01;1.434087e-02;1.180764e-01
1.294578e-01;7.003805e-02;1.870943e-01;1.093969e-02;2.875893e-02;3.910313e-02;5.872956e-02;3.173321e-02;1.700830e-01;1.879981e-01;1.221648e-02;7.384770e-02
1.725077e-01;1.323541e-01;2.020075e-01;1.842060e-02;3.561373e-02;3.081270e-02;5.964367e-02;2.091965e-02;9.230234e-02;1.507250e-01;1.549424e-02;6.919869e-02
1.739407e-01;1.607770e-01;2.066602e-01;2.904746e-02;3.800341e-02;2.463921e-02;6.001751e-02;2.483355e-02;7.914917e-02;1.138143e-01;2.412326e-02;6.499421e-02
9.379943e-02;1.124329e-01;3.663162e-01;2.223354e-02;2.682746e-02;2.607569e-02;4.830267e-02;4.093697e-02;9.446646e-02;1.108070e-01;1.407881e-02;4.372295e-02
5.603020e-02;7.335033e-02;4.636567e-01;1.997605e-02;1.979663e-02;2.607968e-02;2.061800e-02;6.764404e-02;1.031641e-01;8.398718e-02;1.410773e-02;5.158937e-02
4.724000e-02;2.655089e-02;4.952585e-01;2.808635e-02;1.479996e-02;3.077098e-02;2.279166e-02;9.694832e-02;9.955931e-02;5.796205e-02;1.236751e-02;6.766442e-02
4.557075e-02;6.315465e-02;4.606114e-01;5.345965e-02;3.926798e-02;5.175894e-02;4.566362e-02;7.555522e-02;4.535031e-02;4.215358e-02;2.515837e-02;5.229551e-02
5.881334e-02;6.716737e-02;3.916559e-01;9.168222e-02;6.644021e-02;6.202686e-02;5.824536e-02;4.570654e-02;1.819892e-02;3.518881e-02;7.424483e-02;3.062960e-02
5.379700e-02;4.208899e-02;2.869953e-01;1.428656e-01;7.187279e-02;7.771552e-02;4.882149e-02;4.696589e-02;2.082944e-02;5.011329e-02;1.359950e-01;2.193968e-02
3.165793e-02;2.474953e-02;2.666013e-01;1.734744e-01;6.658617e-02;8.517417e-02;4.917821e-02;4.900461e-02;1.997563e-02;6.158769e-02;1.580690e-01;1.394140e-02
2.213574e-02;2.400663e-02;3.835099e-01;1.255229e-01;5.449622e-02;7.924862e-02;1.063189e-01;4.186771e-02;2.616400e-02;3.967995e-02;8.802196e-02;9.027516e-03
2.430095e-02;6.085341e-02;4.081195e-01;5.875686e-02;4.602550e-02;1.083013e-01;1.109491e-01;3.178257e-02;4.707518e-02;6.078351e-02;2.986904e-02;1.318300e-02
5.276221e-02;1.146250e-01;3.307559e-01;3.473090e-02;4.921015e-02;1.489882e-01;5.047432e-02;3.132973e-02;8.728052e-02;5.846431e-02;1.459441e-02;2.678431e-02
9.173248e-02;1.338652e-01;2.547321e-01;4.828865e-02;9.023605e-02;1.079853e-01;2.811991e-02;5.684054e-02;1.038475e-01;3.034949e-02;2.426814e-02;2.973458e-02
1.078420e-01;1.031083e-01;2.205635e-01;5.245463e-02;1.397791e-01;2.577070e-02;5.624620e-02;1.283311e-01;6.671636e-02;2.808315e-02;4.650560e-02;2.459938e-02
9.846842e-02;7.367141e-02;1.201735e-01;4.587870e-02;1.388903e-01;5.440077e-02;8.090709e-02;1.826565e-01;9.687352e-02;3.674911e-02;4.893742e-02;2.239328e-02
1.143599e-01;7.946165e-02;1.301354e-01;4.228308e-02;1.006032e-01;5.973411e-02;6.681728e-02;1.903403e-01;8.299642e-02;4.383352e-02;5.069856e-02;3.873663e-02
1.181166e-01;1.146584e-01;1.616516e-01;2.997355e-02;8.861189e-02;4.910549e-02;6.200469e-02;1.263850e-01;9.509651e-02;6.771205e-02;3.676605e-02;4.991818e-02
6.717546e-02;9.181418e-02;2.588272e-01;3.360908e-02;5.654954e-02;5.365316e-02;7.420707e-02;5.926292e-02;1.086080e-01;1.335926e-01;2.695492e-02;3.574588e-02
4.614780e-02;4.947216e-02;3.290876e-01;5.991261e-02;5.191835e-02;4.243752e-02;9.773171e-02;2.646869e-02;6.131207e-02;1.479983e-01;6.832168e-02;1.919153e-02
5.328729e-02;2.896656e-02;3.704339e-01;1.051860e-01;4.501390e-02;3.167386e-02;9.133990e-02;2.689490e-02;2.901505e-02;9.978589e-02;1.072111e-01;1.119166e-02
1.492994e-01;1.734217e-02;3.946048e-01;1.327550e-01;3.256971e-02;1.922261e-02;7.274888e-02;2.193282e-02;2.302513e-02;4.632821e-02;7.806791e-02;1.210336e-02
2.049817e-01;1.300152e-02;4.302126e-01;1.080729e-01;2.511715e-02;8.027910e-03;8.900112e-02;1.323312e-02;1.672778e-02;5.900886e-02;2.137807e-02;1.123733e-02
1.640454e-01;3.297692e-02;4.620721e-01;7.166564e-02;2.534691e-02;7.143221e-03;8.287712e-02;1.816257e-02;1.315159e-02;9.206618e-02;6.571626e-03;2.392067e-02
7.932133e-02;6.502761e-02;4.783871e-01;3.159610e-02;3.496390e-02;1.168919e-02;5.563801e-02;4.132945e-02;2.102252e-02;1.050481e-01;6.210077e-03;6.976657e-02
5.927803e-02;1.336376e-01;3.647287e-01;2.051715e-02;2.476779e-02;3.642742e-02;2.419169e-02;4.949654e-02;4.569318e-02;6.910690e-02;9.444756e-03;1.627103e-01
1.116342e-01;1.740166e-01;2.252090e-01;3.176263e-02;1.378269e-02;5.904386e-02;3.000781e-02;3.212950e-02;6.333458e-02;4.077389e-02;2.133618e-02;1.969690e-01
1.519010e-01;1.909132e-01;1.220952e-01;4.285284e-02;1.718409e-02;7.303691e-02;5.012945e-02;2.447947e-02;5.814308e-02;3.020951e-02;5.156115e-02;1.874941e-01
1.172026e-01;1.850122e-01;1.204489e-01;5.520809e-02;3.446955e-02;5.837267e-02;8.582994e-02;4.165940e-02;5.256110e-02;4.965298e-02;7.603037e-02;1.235523e-01
1.436442e-01;6.441473e-02;2.518989e-01;4.226483e-02;4.441348e-02;3.308393e-02;1.069046e-01;3.968253e-02;7.119013e-02;5.677275e-02;8.855420e-02;5.717576e-02
1.619336e-01;1.012789e-01;2.264711e-01;2.866378e-02;5.421684e-02;2.184244e-02;8.647809e-02;3.979193e-02;5.601341e-02;4.620915e-02;1.325765e-01;4.452430e-02
1.697961e-01;1.061352e-01;1.808497e-01;2.582496e-02;6.806850e-02;3.126503e-02;6.113833e-02;4.538279e-02;4.012891e-02;5.864661e-02;1.707576e-01;4.200630e-02
1.705695e-01;6.038073e-02;1.486168e-01;2.767859e-02;7.587120e-02;4.869683e-02;6.773047e-02;4.743668e-02;2.525137e-02;8.958465e-02;1.646175e-01;7.356566e-02
1.893411e-01;4.790037e-02;1.390979e-01;2.689421e-02;6.193822e-02;5.932327e-02;8.046945e-02;3.782100e-02;3.300074e-02;9.778438e-02;1.145432e-01;1.118860e-01
1.883166e-01;9.894626e-02;1.412559e-01;4.423091e-02;6.056466e-02;4.020432e-02;5.443899e-02;5.084431e-02;3.658182e-02;9.861293e-02;1.140389e-01;7.196441e-02
1.802186e-01;1.074646e-01;7.625613e-02;3.904666e-02;5.337480e-02;7.779945e-02;3.665428e-02;5.773775e-02;4.327561e-02;1.040139e-01;1.593176e-01;6.484055e-02
1.608235e-01;8.379513e-02;1.042954e-01;2.553409e-02;6.289241e-02;1.050306e-01;5.911413e-02;4.381908e-02;4.094883e-02;8.174091e-02;1.608571e-01;7.114880e-02
1.138836e-01;5.303994e-02;1.446767e-01;2.961714e-02;7.425100e-02;7.194556e-02;1.121134e-01;2.790041e-02;3.382676e-02;7.361274e-02;1.423543e-01;1.227785e-01
1.041570e-01;4.582829e-02;1.438725e-01;3.269053e-02;9.650835e-02;3.757250e-02;1.091516e-01;1.836311e-02;7.330343e-02;6.724895e-02;1.297026e-01;1.416011e-01
5.710071e-02;4.572092e-02;1.492908e-01;2.852359e-02;1.167680e-01;5.733575e-02;1.071214e-01;2.976603e-02;8.571984e-02;9.055377e-02;1.264156e-01;1.056836e-01
8.775388e-02;4.746994e-02;2.012952e-01;3.435219e-02;6.725065e-02;6.560801e-02;1.056917e-01;3.205097e-02;6.704966e-02;8.821826e-02;1.297282e-01;7.353134e-02
6.883597e-02;2.662558e-02;2.251670e-01;4.072444e-02;4.074852e-02;1.019450e-01;8.142705e-02;2.555865e-02;6.554683e-02;9.571060e-02;1.670039e-01;6.070654e-02
4.430613e-02;1.578790e-02;2.279135e-01;3.751757e-02;3.613007e-02;1.470575e-01;4.438768e-02;1.710348e-02;6.805936e-02;1.239793e-01;1.907553e-01;4.700216e-02
3.132110e-02;1.652016e-02;1.863797e-01;1.871763e-02;7.790499e-02;1.458855e-01;3.722702e-02;1.116385e-02;9.399686e-02;1.501391e-01;1.825172e-01;4.822692e-02
3.784008e-02;1.720334e-02;1.295220e-01;8.175907e-03;1.705289e-01;1.076481e-01;4.121154e-02;2.017337e-02;1.323644e-01;1.217420e-01;1.542074e-01;5.938302e-02
4.438347e-02;1.737227e-02;7.452849e-02;9.554893e-03;2.539221e-01;7.867967e-02;5.231318e-02;4.772197e-02;1.182324e-01;7.713329e-02;1.278950e-01;9.826332e-02
1.224722e-01;2.741102e-02;3.465971e-02;3.567931e-02;2.221953e-01;4.817101e-02;7.990150e-02;5.473255e-02;5.790303e-02;4.724016e-02;1.008936e-01;1.687406e-01
2.144858e-01;3.934092e-02;3.331965e-02;8.165179e-02;1.026475e-01;3.836531e-02;1.003385e-01;3.213721e-02;2.335568e-02;6.472814e-02;6.094214e-02;2.086873e-01
3.211028e-01;4.269054e-02;2.715922e-02;9.111234e-02;3.010904e-02;4.303617e-02;8.099457e-02;1.744166e-02;2.291202e-02;1.013365e-01;3.324247e-02;1.888626e-01
4.037309e-01;5.562926e-02;3.130153e-02;5.763157e-02;2.471909e-02;5.266222e-02;4.363857e-02;2.123493e-02;4.533348e-02;9.626205e-02;2.537117e-02;1.424852e-01
4.827936e-01;5.285552e-02;3.957294e-02;2.525466e-02;2.637554e-02;5.217421e-02;2.541520e-02;2.465310e-02;6.558048e-02;6.322281e-02;2.136900e-02;1.207330e-01
5.642824e-01;5.769983e-02;6.765181e-02;1.163843e-02;4.011102e-02;2.851016e-02;1.754596e-02;2.267128e-02;5.360021e-02;2.954556e-02;1.629908e-02;9.044435e-02
5.792682e-01;1.195830e-01;7.935201e-02;9.505369e-03;5.102945e-02;9.056860e-03;1.270866e-02;2.227104e-02;1.762201e-02;1.586719e-02;1.839390e-02;6.534231e-02
5.917623e-01;1.405424e-01;7.567968e-02;6.453193e-03;4.839723e-02;6.671267e-03;9.604287e-03;2.439414e-02;8.554806e-03;9.263350e-03;1.538716e-02;6.329021e-02
6.192622e-01;1.359303e-01;5.862905e-02;7.883010e-03;2.905802e-02;1.212495e-02;6.625568e-03;3.028930e-02;1.523130e-02;1.071058e-02;1.117902e-02;6.307671e-02
5.987838e-01;1.311669e-01;4.489372e-02;9.619995e-03;1.491228e-02;3.155830e-02;8.733972e-03;2.989338e-02;3.292951e-02;1.940381e-02;8.630675e-03;6.947371e-02
5.838677e-01;1.173756e-01;1.798580e-02;1.574671e-02;9.215077e-03;4.827099e-02;1.260961e-02;2.882142e-02;5.202353e-02;2.760460e-02;8.942761e-03;7.753608e-02
5.284313e-01;9.716725e-02;2.177141e-02;2.799343e-02;1.144304e-02;5.363304e-02;2.584362e-02;2.999744e-02;5.910160e-02;4.395729e-02;9.719091e-03;9.094148e-02
4.045475e-01;9.925211e-02;3.201423e-02;6.444484e-02;1.608623e-02;4.907354e-02;4.419526e-02;3.314573e-02;4.387498e-02;6.672509e-02;2.205550e-02;1.245850e-01
2.403707e-01;1.212364e-01;3.651593e-02;1.112919e-01;2.343171e-02;4.554829e-02;6.234755e-02;3.579787e-02;3.222075e-02;7.722210e-02;4.655244e-02;1.674643e-01
7.030858e-02;1.433921e-01;5.635736e-02;1.275948e-01;3.378698e-02;5.329908e-02;5.772793e-02;4.010028e-02;3.109510e-02;7.475101e-02;1.133421e-01;1.982446e-01
1.812966e-01;1.071484e-01;8.272163e-02;7.143839e-02;3.383656e-02;3.895500e-02;4.888145e-02;3.876396e-02;3.819462e-02;8.208773e-02;1.237392e-01;1.529364e-01
1.901238e-01;6.460686e-02;1.011161e-01;4.302685e-02;3.612145e-02;4.157855e-02;1.090320e-01;5.430676e-02;5.887171e-02;1.069452e-01;8.807860e-02;1.061920e-01
1.220256e-01;3.707576e-02;5.499688e-02;3.716143e-02;4.198759e-02;6.198804e-02;1.799805e-01;1.133666e-01;9.266026e-02;9.674057e-02;5.997385e-02;1.020429e-01
8.236576e-02;5.198782e-02;8.459313e-02;3.069574e-02;5.039348e-02;5.883328e-02;2.346751e-01;1.156849e-01;8.181652e-02;8.004168e-02;4.061032e-02;8.830233e-02
1.496704e-01;8.159256e-02;8.764357e-02;2.319849e-02;3.628956e-02;4.379675e-02;2.440030e-01;1.016433e-01;3.829321e-02;7.150569e-02;4.584458e-02;7.651894e-02
1.620229e-01;5.615741e-02;8.921839e-02;3.354840e-02;8.500100e-02;6.996819e-02;2.397346e-01;6.805602e-02;3.980181e-02;5.806690e-02;3.533618e-02;6.308816e-02
1.171647e-01;4.517660e-02;1.684522e-01;5.410495e-02;1.443121e-01;7.857972e-02;1.769940e-01;4.121234e-02;4.789845e-02;3.431350e-02;3.150570e-02;6.028574e-02
7.697970e-02;4.414768e-02;2.576882e-01;6.045457e-02;1.244100e-01;5.311381e-02;1.083584e-01;6.584803e-02;5.203316e-02;5.093375e-02;4.555309e-02;6.047965e-02
7.659243e-02;6.747166e-02;3.114462e-01;5.753456e-02;8.466789e-02;4.230245e-02;7.454320e-02;5.337601e-02;5.166797e-02;8.014338e-02;4.309995e-02;5.715429e-02
7.553457e-02;9.348983e-02;2.622085e-01;5.306268e-02;5.388433e-02;5.924509e-02;8.516039e-02;4.012983e-02;5.975735e-02;9.743904e-02;6.534108e-02;5.474737e-02
1.141497e-01;6.995106e-02;1.614233e-01;3.576439e-02;4.335419e-02;6.245492e-02;1.637415e-01;4.684418e-02;4.509424e-02;1.041912e-01;8.666734e-02;6.636401e-02
1.171020e-01;4.267229e-02;1.318343e-01;2.929458e-02;5.259396e-02;5.748502e-02;2.212444e-01;4.328838e-02;6.682979e-02;1.111725e-01;6.358447e-02;6.289835e-02
1.097194e-01;3.488604e-02;1.423597e-01;2.704403e-02;6.158721e-02;5.613987e-02;2.315866e-01;5.576679e-02;7.602978e-02;9.939994e-02;5.457829e-02;5.090224e-02
1.083751e-01;5.145710e-02;1.448279e-01;3.143500e-02;7.647286e-02;6.111540e-02;1.635133e-01;9.337322e-02;6.138248e-02;9.447891e-02;6.644737e-02;4.712140e-02
1.263936e-01;9.824104e-02;1.269405e-01;4.190829e-02;7.349545e-02;6.127798e-02;1.469220e-01;7.102150e-02;7.916448e-02;7.284423e-02;6.233300e-02;3.945789e-02
1.651841e-01;1.237186e-01;1.395715e-01;4.476645e-02;4.892967e-02;4.624857e-02;1.841881e-01;3.411426e-02;6.624407e-02;5.263032e-02;5.261900e-02;4.178530e-02
1.231128e-01;1.040604e-01;2.175704e-01;3.441257e-02;3.834882e-02;3.375232e-02;2.092476e-01;4.888017e-02;5.978344e-02;4.033954e-02;4.245797e-02;4.803392e-02
