1.753499e-02;6.319124e-02;9.793552e-02;1.575856e-01;1.289764e-01;9.571961e-02;7.306696e-02;1.628709e-01;1.407992e-01;4.538775e-02;9.835624e-03;7.096260e-03
1.859804e-02;5.212191e-02;9.143985e-02;1.508885e-01;1.406103e-01;1.059886e-01;7.249733e-02;1.778448e-01;1.484738e-01;2.360290e-02;9.908195e-03;8.025772e-03
2.324582e-02;4.987907e-02;8.683977e-02;1.569241e-01;1.260140e-01;9.675326e-02;7.107851e-02;2.195476e-01;1.432483e-01;1.123359e-02;7.237982e-03;7.998036e-03
3.210908e-02;4.045054e-02;2.853514e-02;1.958393e-01;1.106531e-01;7.693417e-02;8.309388e-02;2.589294e-01;1.410669e-01;1.978384e-02;7.907927e-03;4.696732e-03
4.055905e-02;2.356160e-02;3.804010e-02;2.489112e-01;6.607224e-02;5.655698e-02;5.117152e-02;2.457387e-01;1.796237e-01;3.055083e-02;9.844541e-03;9.369579e-03
4.667217e-02;1.547772e-02;4.859776e-02;2.832419e-01;6.706559e-02;3.873602e-02;2.931945e-02;1.787308e-01;2.250998e-01;3.746450e-02;1.536132e-02;1.423303e-02
6.748742e-02;1.979686e-02;5.296487e-02;2.875675e-01;7.224143e-02;3.062860e-02;3.629436e-02;1.446640e-01;2.226239e-01;3.417839e-02;2.114645e-02;1.040624e-02
8.704657e-02;2.161259e-02;5.196654e-02;2.663463e-01;7.184090e-02;2.540794e-02;4.023981e-02;1.580537e-01;2.088763e-01;3.056260e-02;2.734741e-02;1.069942e-02
1.024040e-01;3.512836e-02;6.781383e-02;2.197921e-01;4.728794e-02;2.796469e-02;4.138196e-02;1.715253e-01;2.097367e-01;2.805383e-02;2.971130e-02;1.919989e-02
8.106316e-02;3.016131e-02;1.201917e-01;1.442639e-01;5.695126e-02;4.721189e-02;3.553583e-02;1.809267e-01;1.790314e-01;4.018760e-02;3.151943e-02;5.295589e-02
2.870782e-02;3.348793e-02;1.462684e-01;1.353073e-01;1.050827e-01;5.172696e-02;4.635203e-02;1.961878e-01;1.476925e-01;3.842040e-02;2.146349e-02;4.930259e-02
3.519026e-02;2.501253e-02;1.463700e-01;1.587566e-01;1.176300e-01;4.316205e-02;3.124965e-02;1.892198e-01;2.008510e-01;9.549941e-03;1.057684e-02;3.243130e-02
4.555823e-02;3.270288e-02;1.411347e-01;1.371436e-01;9.962288e-02;2.974522e-02;1.106935e-02;1.779256e-01;2.195673e-01;3.822499e-02;4.134597e-03;6.317068e-02
3.146673e-02;2.346108e-02;1.609388e-01;1.215254e-01;9.630115e-02;2.744099e-02;1.054969e-02;1.865845e-01;2.068908e-01;4.712125e-02;9.455688e-03;7.826377e-02
8.268446e-02;3.843715e-02;1.734159e-01;1.029767e-01;1.074150e-01;2.783212e-02;8.773498e-03;1.831279e-01;1.408480e-01;3.005521e-02;9.733676e-03;9.470042e-02
1.430227e-01;3.466658e-02;1.790199e-01;9.048232e-02;1.038549e-01;4.778512e-02;8.939654e-03;1.832452e-01;8.876241e-02;1.067263e-02;9.288494e-03;1.002601e-01
1.232640e-01;2.924437e-02;1.757371e-01;8.194038e-02;8.299883e-02;7.280004e-02;1.977978e-02;2.099923e-01;7.636250e-02;1.769793e-02;7.715940e-03;1.024668e-01
5.119755e-02;4.643264e-02;1.604836e-01;1.028317e-01;4.947655e-02;9.107863e-02;4.153623e-02;2.531861e-01;6.482839e-02;1.975957e-02;1.191032e-02;1.072786e-01
4.997682e-02;4.778494e-02;1.016675e-01;1.389408e-01;6.769603e-02;9.150075e-02;5.182087e-02;2.548918e-01;8.557382e-02;1.445793e-02;2.358858e-02;7.210015e-02
2.328541e-02;2.741645e-02;4.322799e-02;1.588170e-01;9.053831e-02;6.028060e-02;7.055894e-02;2.761794e-01;1.628034e-01;1.216569e-02;4.730716e-02;2.741961e-02
2.804408e-02;1.436698e-02;3.543891e-02;1.435841e-01;5.362350e-02;3.309879e-02;1.410379e-01;2.506580e-01;2.062991e-01;1.969839e-02;5.798328e-02;1.616696e-02
2.016160e-02;1.625527e-02;4.847585e-02;9.362522e-02;5.422513e-02;6.889108e-02;1.711836e-01;2.153175e-01;1.953523e-01;3.724263e-02;4.660986e-02;3.265996e-02
2.203237e-02;3.383316e-02;6.114753e-02;3.661949e-02;1.090836e-01;9.189466e-02;1.136302e-01;2.061051e-01;1.520701e-01;7.704800e-02;4.794325e-02;4.859249e-02
2.076361e-02;4.724749e-02;8.158498e-02;4.773877e-02;9.136517e-02;1.157435e-01;6.494761e-02;1.854864e-01;1.497962e-01;5.829885e-02;8.360548e-02;5.342192e-02
3.898084e-02;6.970215e-02;9.456751e-02;2.710235e-02;5.429617e-02;1.809984e-01;7.967535e-02;1.053108e-01;1.419785e-01;2.780018e-02;1.017504e-01;7.783730e-02
3.518735e-02;6.544883e-02;7.012489e-02;5.853602e-02;5.137417e-02;1.524244e-01;1.577522e-01;7.786947e-02;9.206645e-02;2.889286e-02;7.630425e-02;1.340192e-01
4.417138e-02;5.045759e-02;5.935013e-02;9.388523e-02;3.923955e-02;1.174339e-01;2.410645e-01;8.290114e-02;4.492402e-02;3.264994e-02;3.108227e-02;1.628404e-01
7.981656e-02;4.192275e-02;9.667100e-02;7.596149e-02;5.700870e-02;8.909050e-02;2.141717e-01;1.491425e-01;3.356833e-02;2.837058e-02;1.992702e-02;1.143488e-01
1.233785e-01;6.579438e-02;1.200787e-01;3.559606e-02;1.369310e-01;4.857725e-02;1.071062e-01;2.329743e-01;3.420262e-02;2.312425e-02;1.872781e-02;5.350877e-02
1.287248e-01;1.307825e-01;8.798558e-02;3.213083e-02;1.661956e-01;5.989430e-02;6.144124e-02;2.103566e-01;5.099476e-02;3.271834e-02;1.132799e-02;2.744746e-02
7.250357e-02;2.153158e-01;8.917214e-02;4.884125e-02;8.458438e-02;1.335016e-01;6.168419e-02;1.231007e-01;9.426795e-02;4.633195e-02;7.503090e-03;2.319331e-02
3.277675e-02;2.576331e-01;1.449767e-01;4.320643e-02;3.118432e-02;1.574447e-01;4.198054e-02;1.292110e-01;9.948664e-02;4.576894e-02;3.871943e-03;1.245897e-02
1.692177e-02;2.638287e-01;2.267866e-01;3.535603e-02;1.588296e-02;8.816383e-02;3.831847e-02;1.945799e-01;6.147404e-02;4.874868e-02;3.642264e-03;6.296732e-03
1.742814e-02;2.313997e-01;2.473122e-01;7.683548e-02;1.108881e-02;8.934321e-02;4.510149e-02;1.734951e-01;4.552590e-02;4.962491e-02;2.046520e-03;1.079852e-02
1.945027e-02;2.144907e-01;2.308832e-01;1.059968e-01;2.491878e-02;1.301171e-01;5.209417e-02;9.903988e-02;5.883772e-02;4.411405e-02;4.170719e-03;1.588647e-02
4.306364e-02;1.933814e-01;2.025514e-01;7.334471e-02;3.306773e-02;1.670035e-01;6.351782e-02;9.527048e-02;7.237605e-02;2.873830e-02;6.649116e-03;2.103592e-02
7.080430e-02;2.085370e-01;1.946126e-01;4.052534e-02;4.659479e-02;1.183531e-01;6.470654e-02;1.150354e-01;7.501305e-02;3.330920e-02;7.051209e-03;2.545752e-02
9.041995e-02;1.953603e-01;1.668400e-01;4.433163e-02;5.641301e-02;9.506700e-02;9.749641e-02;1.126547e-01;6.619686e-02;3.445274e-02;6.861482e-03;3.390596e-02
8.322069e-02;1.489285e-01;1.151227e-01;4.755484e-02;6.104655e-02;1.067979e-01;1.371490e-01;1.264883e-01;8.894719e-02;3.781369e-02;8.134280e-03;3.879645e-02
8.148994e-02;1.461419e-01;1.186813e-01;5.102777e-02;5.116952e-02;7.188895e-02;1.157709e-01;1.357402e-01;1.223607e-01;4.831962e-02;9.756710e-03;4.765254e-02
8.247365e-02;2.170028e-01;1.730943e-01;4.678272e-02;2.198999e-02;8.075713e-02;7.750044e-02;1.160568e-01;8.834585e-02;4.244302e-02;1.699845e-02;3.655488e-02
4.462277e-02;1.685035e-01;2.852070e-01;5.004997e-02;3.696651e-02;1.120131e-01;3.574591e-02;1.056413e-01;5.540258e-02;5.208903e-02;2.159286e-02;3.216540e-02
2.885847e-02;1.592476e-01;3.297257e-01;4.620271e-02;3.477627e-02;9.331773e-02;4.888505e-02;8.501631e-02;4.971775e-02;6.329416e-02;1.666327e-02;4.429487e-02
2.140124e-02;2.222896e-01;3.296238e-01;3.334444e-02;2.109563e-02;7.876926e-02;4.807193e-02;5.863472e-02;6.296065e-02;6.908636e-02;9.115976e-03;4.560635e-02
3.340089e-02;2.725393e-01;2.584642e-01;3.888966e-02;1.822217e-02;8.976420e-02;3.449138e-02;4.605593e-02;7.772867e-02;5.839071e-02;1.862962e-02;5.342326e-02
5.289274e-02;2.650182e-01;1.748485e-01;5.706963e-02;2.664402e-02;1.080435e-01;5.130908e-02;5.281418e-02;8.535791e-02;3.835224e-02;2.685117e-02;6.079888e-02
6.920602e-02;1.136730e-01;1.150240e-01;5.663466e-02;4.316196e-02;1.559332e-01;1.346009e-01;1.097416e-01;8.861516e-02;4.786095e-02;2.230974e-02;4.323879e-02
6.654213e-02;1.460698e-01;1.442671e-01;2.655833e-02;3.479229e-02;7.836219e-02;1.731188e-01;1.305825e-01;9.811319e-02;4.215414e-02;1.217592e-02;4.726370e-02
3.350586e-02;1.612241e-01;2.063013e-01;3.164515e-02;2.496482e-02;8.710096e-02;1.717112e-01;1.264812e-01;9.207333e-02;2.141753e-02;1.372359e-02;2.985089e-02
3.666314e-02;1.344236e-01;1.970706e-01;3.009164e-02;2.490110e-02;1.274670e-01;1.433873e-01;1.515789e-01;8.853252e-02;2.290476e-02;1.596333e-02;2.701602e-02
6.498644e-02;1.694113e-01;1.396439e-01;4.428900e-02;2.114827e-02;1.238554e-01;8.069020e-02;1.524252e-01;9.314024e-02;3.927645e-02;2.332087e-02;4.781264e-02
1.608680e-01;1.051152e-01;1.123833e-01;5.148531e-02;2.092049e-02;1.222115e-01;5.276731e-02;1.039686e-01;8.806980e-02;6.205725e-02;7.645348e-02;4.369968e-02
2.132306e-01;6.111059e-02;9.233728e-02;3.968762e-02;2.487753e-02;1.885243e-01;6.055303e-02;6.585561e-02;5.360222e-02;5.175116e-02;1.074306e-01;4.103936e-02
2.286680e-01;5.758397e-02;1.020975e-01;2.243000e-02;2.545803e-02;2.627862e-01;3.228233e-02;2.971207e-02;3.175931e-02;3.924798e-02;1.257870e-01;4.218748e-02
1.694461e-01;5.507530e-02;1.148246e-01;5.566446e-02;2.296921e-02;2.773503e-01;6.133155e-02;2.527859e-02;2.624536e-02;2.842845e-02;1.213944e-01;4.199172e-02
6.040717e-02;8.241459e-02;8.644336e-02;1.279564e-01;3.384037e-02;2.238790e-01;1.178491e-01;4.837903e-02;4.369198e-02;4.099489e-02;9.626079e-02;3.788336e-02
3.816150e-02;1.544472e-01;3.636353e-02;1.690547e-01;5.568707e-02;1.390219e-01;1.007102e-01;6.599315e-02;5.495227e-02;5.014505e-02;6.541412e-02;7.004926e-02
2.648370e-02;1.747390e-01;2.395505e-02;1.442187e-01;7.730793e-02;9.453700e-02;5.506102e-02;7.509217e-02;7.228626e-02;7.595734e-02;6.061232e-02;1.197496e-01
2.654076e-02;1.247804e-01;3.000450e-02;1.063010e-01;9.955951e-02;6.345756e-02;2.713105e-02;1.025940e-01;1.190293e-01;8.119249e-02;8.586695e-02;1.335425e-01
4.351043e-02;7.077558e-02;5.519039e-02;7.865057e-02;9.986810e-02;5.421588e-02;3.636256e-02;1.338650e-01;1.590194e-01;6.541473e-02;9.668849e-02;1.064388e-01
7.832237e-02;7.974955e-02;6.431484e-02;4.898146e-02;6.334315e-02;1.584329e-01;4.484767e-02;1.327072e-01;1.333452e-01;4.139657e-02;8.027069e-02;7.428840e-02
8.770863e-02;1.277031e-01;7.847293e-02;3.936756e-02;6.818841e-02;2.003894e-01;5.797652e-02;7.880783e-02;8.721491e-02;3.525200e-02;7.486995e-02;6.404882e-02
5.989027e-02;1.191285e-01;1.000834e-01;6.593226e-02;7.743014e-02;1.694723e-01;5.322222e-02;7.811546e-02;7.537470e-02;4.651356e-02;9.223907e-02;6.259819e-02
9.266566e-02;1.183562e-01;9.765312e-02;6.061143e-02;7.566126e-02;1.753373e-01;6.642732e-02;6.879897e-02;5.692392e-02;4.071009e-02;8.969161e-02;5.716309e-02
1.162989e-01;8.699589e-02;7.275443e-02;6.539517e-02;7.796533e-02;1.872859e-01;6.787186e-02;8.232454e-02;8.728528e-02;3.838960e-02;7.925816e-02;3.817499e-02
9.906330e-02;8.084740e-02;7.096941e-02;7.171441e-02;4.265632e-02;1.984166e-01;5.756143e-02;1.080823e-01;1.323812e-01;4.272322e-02;7.358809e-02;2.199622e-02
4.848401e-02;1.156000e-01;1.223121e-01;5.661817e-02;3.893470e-02;1.494251e-01;6.344540e-02;1.084157e-01;1.271144e-01;5.844674e-02;6.791510e-02;4.328853e-02
6.138139e-02;1.185648e-01;1.465505e-01;3.991714e-02;6.654877e-02;4.681933e-02;4.265960e-02;1.146656e-01;1.766293e-01;6.991886e-02;8.201094e-02;3.433378e-02
7.185553e-02;1.480115e-01;1.453120e-01;2.816166e-02;5.275317e-02;8.447081e-02;8.072799e-02;7.680748e-02;1.387268e-01;4.935488e-02;7.307722e-02;5.074101e-02
3.930623e-02;1.771052e-01;1.465430e-01;1.547487e-02;4.189981e-02;9.754853e-02;8.307622e-02;9.999727e-02;9.954726e-02;6.742831e-02;7.072176e-02;6.135158e-02
1.153578e-01;1.996165e-01;8.755051e-02;2.493925e-02;4.221077e-02;1.003545e-01;1.355355e-02;6.182806e-02;4.265884e-02;1.095137e-01;1.524513e-01;4.996515e-02
1.053313e-01;2.264126e-01;6.661448e-02;2.262164e-02;5.401144e-02;9.209420e-02;6.293178e-03;4.193809e-02;4.444935e-02;1.385968e-01;1.518376e-01;4.979929e-02
6.758630e-02;2.393530e-01;6.691509e-02;2.241262e-02;6.200736e-02;1.013905e-01;7.953415e-03;2.688217e-02;4.877872e-02;1.619161e-01;1.675941e-01;2.721051e-02
2.846846e-02;1.821480e-01;1.413457e-01;2.531113e-02;5.564361e-02;1.330591e-01;2.082985e-02;1.499267e-02;3.853862e-02;1.387038e-01;2.039798e-01;1.697925e-02
8.865112e-03;1.042782e-01;2.784929e-01;1.857546e-02;4.197383e-02;1.845698e-01;2.466945e-02;8.765367e-03;2.817586e-02;7.361098e-02;2.185780e-01;9.445122e-03
6.251263e-03;4.889166e-02;3.716626e-01;2.537572e-02;2.392803e-02;2.197980e-01;2.518570e-02;9.431948e-03;2.013161e-02;3.505472e-02;2.026319e-01;1.165686e-02
9.925253e-03;3.139852e-02;3.672210e-01;4.772818e-02;2.818765e-02;2.321715e-01;4.975629e-02;1.185684e-02;2.155571e-02;1.668896e-02;1.705709e-01;1.293922e-02
9.466273e-03;1.950682e-02;2.804894e-01;3.521276e-02;5.521862e-02;2.327814e-01;1.575791e-01;1.912070e-02;3.119531e-02;9.912804e-03;1.209664e-01;2.855046e-02
9.057264e-03;1.750374e-02;1.183700e-01;4.440717e-02;1.028728e-01;1.828346e-01;3.398390e-01;3.171686e-02;2.977783e-02;1.681422e-02;4.506243e-02;6.174415e-02
8.005323e-03;9.078842e-03;5.794804e-02;5.324415e-02;1.146853e-01;9.932833e-02;4.062034e-01;5.301751e-02;2.387721e-02;3.771962e-02;4.838271e-02;8.850963e-02
9.959335e-03;2.016256e-02;4.141954e-02;6.224423e-02;9.700198e-02;5.041522e-02;3.807652e-01;5.487062e-02;1.835091e-02;8.694704e-02;4.334848e-02;1.345149e-01
7.089765e-03;4.025265e-02;1.985289e-02;9.735323e-02;5.812285e-02;5.966104e-02;3.276113e-01;2.973808e-02;2.158437e-02;9.847707e-02;3.538088e-02;2.048759e-01
9.356704e-03;9.825346e-02;2.588613e-02;1.342906e-01;2.494696e-02;4.164349e-02;3.038584e-01;2.193109e-02;1.219238e-02;4.563275e-02;2.856422e-02;2.534439e-01
1.246693e-02;1.825210e-01;2.993008e-02;1.332126e-01;1.431649e-02;4.627021e-02;2.867509e-01;2.134531e-02;9.745022e-03;1.334793e-02;2.789943e-02;2.221942e-01
9.711555e-03;2.522534e-01;3.510541e-02;9.244575e-02;2.142702e-02;4.167854e-02;3.104452e-01;1.049106e-02;1.007633e-02;1.595933e-02;2.642494e-02;1.739815e-01
1.081382e-02;2.408818e-01;3.979216e-02;7.401489e-02;4.302296e-02;3.543982e-02;3.277312e-01;3.420406e-02;1.611685e-02;1.406755e-02;4.004436e-02;1.238706e-01
1.422072e-02;1.384228e-01;5.221607e-02;7.202817e-02;1.261480e-01;5.739823e-02;3.014340e-01;7.187265e-02;2.838513e-02;1.343551e-02;3.359767e-02;9.084100e-02
1.407715e-02;5.956303e-02;1.180560e-01;4.102397e-02;2.009413e-01;7.677615e-02;2.251720e-01;9.919494e-02;4.302189e-02;2.057221e-02;2.975866e-02;7.184276e-02
1.766466e-02;1.222668e-01;1.004089e-01;9.231713e-02;1.357652e-01;8.698539e-02;2.076221e-01;7.741584e-02;3.138263e-02;2.774030e-02;3.934393e-02;6.108718e-02
3.227492e-02;1.577748e-01;6.504401e-02;1.410753e-01;6.550980e-02;1.085996e-01;2.190168e-01;5.687575e-02;2.239560e-02;3.991621e-02;3.159752e-02;5.991953e-02
4.711674e-02;1.665969e-01;1.146656e-01;9.382776e-02;3.908053e-02;1.158677e-01;1.996780e-01;5.465833e-02;2.186071e-02;5.394730e-02;1.479860e-02;7.790193e-02
4.136042e-02;3.333014e-01;9.518103e-02;6.084279e-02;1.697099e-02;7.266295e-02;1.604764e-01;3.642488e-02;2.028066e-02;4.582918e-02;1.381853e-02;1.028509e-01
4.935329e-02;3.308895e-01;1.153977e-01;5.800575e-02;1.391366e-02;5.433071e-02;1.733116e-01;3.146933e-02;2.691316e-02;3.320602e-02;2.224279e-02;9.096647e-02
5.744788e-02;1.693162e-01;1.530051e-01;6.039459e-02;2.758166e-02;9.372542e-02;2.377404e-01;3.306261e-02;3.770396e-02;2.761963e-02;3.662358e-02;6.577893e-02
3.871058e-02;9.679059e-02;1.451774e-01;4.624791e-02;3.629193e-02;1.158558e-01;2.881392e-01;3.442387e-02;5.223912e-02;3.187428e-02;3.614559e-02;7.810367e-02
2.511423e-02;9.403397e-02;1.260019e-01;4.393280e-02;4.704878e-02;8.455348e-02;3.076946e-01;5.476795e-02;7.518338e-02;3.279177e-02;2.920526e-02;7.967194e-02
3.231096e-02;9.329396e-02;7.065846e-02;6.146962e-02;5.217917e-02;4.678987e-02;3.234523e-01;7.061778e-02;1.009654e-01;3.490354e-02;3.527470e-02;7.808422e-02
4.133806e-02;8.183476e-02;3.797432e-02;5.547780e-02;4.838859e-02;8.006371e-02;3.213238e-01;8.376334e-02;9.194506e-02;3.158459e-02;4.462628e-02;8.167963e-02
4.304855e-02;8.405010e-02;5.554801e-02;3.929098e-02;4.343837e-02;1.104032e-01;3.166544e-01;1.001087e-01;8.668150e-02;2.660415e-02;3.142846e-02;6.274359e-02
3.921618e-02;8.100426e-02;4.726702e-02;4.891822e-02;3.454936e-02;1.376666e-01;3.030663e-01;9.955136e-02;1.217257e-01;2.197307e-02;3.344987e-02;3.161211e-02
3.311991e-02;9.685098e-02;4.798900e-02;4.773371e-02;3.432441e-02;8.926715e-02;3.229803e-01;9.757423e-02;1.429861e-01;1.307559e-02;3.514560e-02;3.895307e-02
2.965736e-02;9.046150e-02;6.233390e-02;2.695469e-02;3.557078e-02;1.019587e-01;3.246524e-01;6.677953e-02;1.604891e-01;2.568311e-02;2.540975e-02;5.004916e-02
2.469679e-02;1.058690e-01;5.055503e-02;1.737856e-02;3.318823e-02;9.032997e-02;2.787673e-01;6.986284e-02;1.919798e-01;4.456837e-02;2.709663e-02;6.570745e-02
2.027548e-02;1.911597e-01;3.597532e-02;8.258288e-03;4.356899e-02;5.977191e-02;2.084007e-01;7.955395e-02;2.046988e-01;4.816284e-02;3.262303e-02;6.755108e-02
1.010812e-02;1.923819e-01;5.378189e-02;1.759896e-02;5.329898e-02;6.160259e-02;1.718500e-01;7.981216e-02;2.194626e-01;4.898107e-02;2.902342e-02;6.209831e-02
1.539809e-02;1.193795e-01;6.507811e-02;2.453568e-02;5.937017e-02;9.659240e-02;1.344523e-01;1.144261e-01;2.569449e-01;4.742245e-02;1.792932e-02;4.847094e-02
5.415707e-02;6.765410e-02;7.019298e-02;2.187561e-02;4.530702e-02;1.045674e-01;1.314658e-01;1.573042e-01;2.526724e-01;4.062653e-02;1.821840e-02;3.595856e-02
1.202356e-01;4.432954e-02;8.014929e-02;3.452707e-02;3.295258e-02;9.675475e-02;1.117179e-01;1.672093e-01;2.259653e-01;3.051991e-02;1.967505e-02;3.596374e-02
1.855137e-01;5.908733e-02;6.524742e-02;3.639666e-02;3.547916e-02;7.348294e-02;9.766787e-02;1.309059e-01;1.952225e-01;2.341090e-02;3.646717e-02;6.111855e-02
1.399442e-01;7.704856e-02;4.893835e-02;2.334721e-02;2.657560e-02;9.583690e-02;7.595724e-02;2.193139e-01;1.815874e-01;1.486589e-02;3.238269e-02;6.420205e-02
6.096398e-02;8.522971e-02;3.713148e-02;2.472612e-02;2.462907e-02;1.326317e-01;8.835022e-02;2.659054e-01;1.862842e-01;2.070396e-02;3.608184e-02;3.736220e-02
7.982394e-02;7.193913e-02;4.287499e-02;4.180666e-02;2.835523e-02;9.408022e-02;1.412915e-01;2.248119e-01;1.647874e-01;2.384960e-02;4.599439e-02;4.038493e-02
5.180673e-02;1.164018e-01;3.114503e-02;7.137346e-02;3.744891e-02;1.427407e-01;1.511265e-01;1.150903e-01;1.749361e-01;2.586100e-02;4.251250e-02;3.955695e-02
2.674407e-02;1.016537e-01;3.866649e-02;1.631178e-01;4.750340e-02;1.064759e-01;6.477136e-02;2.200291e-01;1.751473e-01;1.595712e-02;1.507333e-02;2.486043e-02
1.917757e-02;5.728463e-02;3.706642e-02;2.213289e-01;4.021564e-02;6.282913e-02;4.042326e-02;2.749522e-01;2.048710e-01;1.457512e-02;1.202976e-02;1.524630e-02
2.545896e-02;2.695762e-02;1.930788e-02;2.345164e-01;3.236608e-02;3.097175e-02;3.976272e-02;3.210852e-01;2.365677e-01;1.554384e-02;1.174695e-02;5.714908e-03
2.420577e-02;1.366678e-02;1.854393e-02;1.855503e-01;3.999056e-02;5.951784e-02;4.750641e-02;3.391966e-01;2.351636e-01;1.626447e-02;1.061706e-02;9.776744e-03
1.461191e-02;2.245981e-02;3.204345e-02;1.277662e-01;2.839759e-02;8.915317e-02;6.712972e-02;3.421291e-01;2.206215e-01;1.897432e-02;1.652967e-02;2.018354e-02
1.924053e-02;5.013765e-02;5.272000e-02;8.265464e-02;3.285775e-02;1.314971e-01;1.036480e-01;2.833559e-01;1.832218e-01;2.065924e-02;1.922674e-02;2.078055e-02
3.052985e-02;7.673376e-02;5.794868e-02;6.099587e-02;4.505011e-02;1.316204e-01;1.235502e-01;2.356429e-01;1.650330e-01;2.023975e-02;2.376380e-02;2.889157e-02
2.996760e-02;6.235064e-02;3.874993e-02;4.590431e-02;5.615707e-02;9.404833e-02;1.160214e-01;2.956654e-01;1.714794e-01;1.678149e-02;2.127334e-02;5.160114e-02
2.883189e-02;4.219348e-02;4.586434e-02;6.348520e-02;4.068798e-02;6.921344e-02;1.058932e-01;3.701102e-01;1.363687e-01;2.395147e-02;2.568760e-02;4.771241e-02
2.061427e-02;4.154254e-02;4.347929e-02;5.189668e-02;1.490432e-02;4.399534e-02;8.466055e-02;3.780107e-01;2.407952e-01;2.389762e-02;2.069279e-02;3.551070e-02
2.169816e-02;2.759945e-02;3.102691e-02;2.617842e-02;1.273564e-02;6.889401e-02;7.140085e-02;3.833400e-01;2.886227e-01;2.257163e-02;8.867050e-03;3.706523e-02
7.035689e-02;8.942078e-02;5.865553e-02;2.970511e-02;1.522300e-02;6.821235e-02;6.285421e-02;2.295498e-01;2.481277e-01;4.179116e-02;5.595018e-02;3.015332e-02
9.400015e-02;1.425676e-01;7.483996e-02;3.078170e-02;2.285810e-02;6.497712e-02;6.235852e-02;1.374471e-01;1.687946e-01;7.238411e-02;8.251375e-02;4.647729e-02
7.755262e-02;1.616235e-01;9.927002e-02;3.387434e-02;3.849290e-02;7.883781e-02;1.050946e-01;9.249960e-02;1.250826e-01;6.103841e-02;8.241634e-02;4.421725e-02
5.083894e-02;8.145932e-02;8.294842e-02;6.332156e-02;5.869447e-02;1.244208e-01;1.894237e-01;7.710791e-02;5.049182e-02;2.945811e-02;1.090125e-01;8.282248e-02
3.439674e-02;3.396649e-02;7.332820e-02;6.449939e-02;6.303518e-02;1.155676e-01;2.314915e-01;7.573234e-02;5.371069e-02;2.986000e-02;1.221272e-01;1.022846e-01
2.357606e-02;2.006158e-02;7.425579e-02;5.584634e-02;5.480055e-02;9.802578e-02;2.693524e-01;6.301288e-02;6.702708e-02;2.661118e-02;1.208740e-01;1.265564e-01
1.936739e-02;1.884983e-02;6.594167e-02;3.145897e-02;3.699500e-02;7.941296e-02;3.025764e-01;3.078630e-02;7.505984e-02;4.433596e-02;1.052243e-01;1.899914e-01
1.604338e-02;3.171424e-02;3.333043e-02;6.994595e-02;1.270053e-02;5.306071e-02;3.150469e-01;2.093051e-02;6.685332e-02;7.134741e-02;5.499502e-02;2.540316e-01
2.233752e-02;3.485756e-02;1.320094e-02;9.857416e-02;1.768081e-02;2.860431e-02;2.959473e-01;3.632978e-02;3.931099e-02;1.263841e-01;2.065911e-02;2.661134e-01
5.124065e-02;2.394104e-02;2.480845e-02;7.588567e-02;4.515954e-02;1.941561e-02;2.137538e-01;1.384496e-01;2.434224e-02;1.373180e-01;3.313195e-02;2.125535e-01
7.771326e-02;2.855564e-02;3.772498e-02;5.345363e-02;9.192777e-02;2.886347e-02;1.014279e-01;2.675697e-01;3.809064e-02;7.891644e-02;7.457277e-02;1.211838e-01
6.566452e-02;5.236655e-02;3.829171e-02;5.097697e-02;1.016367e-01;5.316593e-02;7.085393e-02;3.121094e-01;8.533929e-02;3.909590e-02;8.338375e-02;4.711537e-02
3.549263e-02;8.023219e-02;3.119543e-02;5.821202e-02;5.560454e-02;8.274954e-02;1.124196e-01;2.840840e-01;1.258397e-01;5.349468e-02;6.148585e-02;1.918993e-02
4.747980e-02;8.793940e-02;3.785503e-02;7.092541e-02;6.913836e-02;6.974825e-02;1.035010e-01;2.599126e-01;8.371436e-02;8.446841e-02;4.282815e-02;4.248927e-02
1.858875e-02;8.234760e-02;6.136317e-02;6.815320e-02;6.187254e-02;1.376621e-01;1.395685e-01;1.911348e-01;7.251143e-02;9.552266e-02;4.381634e-02;2.745901e-02
2.660687e-02;7.962450e-02;6.940594e-02;5.148553e-02;1.317973e-02;1.387199e-01;2.065226e-01;1.822978e-01;4.628907e-02;7.575072e-02;3.943188e-02;7.068557e-02
3.155467e-02;8.051895e-02;6.962773e-02;4.877224e-02;1.712334e-02;1.453487e-01;2.023262e-01;1.305671e-01;6.457970e-02;7.325649e-02;4.344240e-02;9.288238e-02
3.898866e-02;9.818637e-02;7.915344e-02;3.754215e-02;2.317919e-02;1.175305e-01;1.538542e-01;1.168602e-01;1.002628e-01;7.043774e-02;5.145629e-02;1.125484e-01
3.596896e-02;1.100792e-01;9.185085e-02;2.288353e-02;5.594804e-02;7.299594e-02;1.712662e-01;1.635590e-01;7.621058e-02;4.733658e-02;3.918100e-02;1.127201e-01
4.983571e-02;1.175606e-01;1.078082e-01;2.593713e-02;1.382221e-01;5.562003e-02;2.221784e-01;9.064457e-02;5.028984e-02;3.909945e-02;3.050530e-02;7.229863e-02
5.122627e-02;1.077024e-01;1.174739e-01;1.733521e-02;1.534190e-01;4.547443e-02;2.072926e-01;1.437727e-01;4.665955e-02;4.995479e-02;2.302237e-02;3.666691e-02
4.102470e-02;9.509379e-02;9.683989e-02;2.591275e-02;9.916367e-02;1.002923e-01;1.302781e-01;2.111551e-01;4.975256e-02;6.659870e-02;2.837945e-02;5.550889e-02
4.696574e-02;6.984250e-02;6.081469e-02;4.660648e-02;5.395212e-02;1.287360e-01;2.128752e-01;1.652502e-01;5.751595e-02;6.581231e-02;3.083256e-02;6.079632e-02
2.605068e-02;5.977470e-02;4.963598e-02;4.953662e-02;4.457332e-02;9.775350e-02;3.399268e-01;1.597056e-01;5.284847e-02;4.313713e-02;2.754945e-02;4.950780e-02
1.593320e-02;3.270334e-02;4.061090e-02;2.326140e-02;5.798871e-02;7.820570e-02;3.229231e-01;2.236807e-01;1.061753e-01;4.466832e-02;2.174204e-02;3.210724e-02
1.242132e-02;3.335224e-02;4.142945e-02;7.691029e-03;7.816412e-02;8.660755e-02;2.243577e-01;2.539762e-01;1.665281e-01;4.836051e-02;2.059768e-02;2.651417e-02
1.463525e-02;4.685161e-02;5.543917e-02;8.312922e-03;7.445437e-02;1.206831e-01;1.558975e-01;2.265812e-01;1.644553e-01;5.579972e-02;4.177703e-02;3.511284e-02
2.068547e-02;4.703279e-02;4.929492e-02;1.567637e-02;3.341401e-02;8.711670e-02;3.843294e-01;1.112752e-01;1.118751e-01;4.997411e-02;5.724345e-02;3.208248e-02
2.644222e-02;3.488935e-02;2.880291e-02;3.850994e-02;1.364433e-02;1.325028e-01;4.671023e-01;1.112990e-01;6.664007e-02;3.385338e-02;3.335454e-02;1.295918e-02
3.125570e-02;3.679522e-02;2.744582e-02;6.952529e-02;2.490373e-02;8.940939e-02;4.749320e-01;9.383768e-02;5.611740e-02;3.858812e-02;3.747346e-02;1.971625e-02
1.562113e-02;4.286952e-02;3.259993e-02;6.768089e-02;3.881520e-02;5.231602e-02;3.886552e-01;1.681503e-01;9.106792e-02;3.275216e-02;3.037095e-02;3.910077e-02
1.385449e-02;4.423736e-02;4.135237e-02;4.264402e-02;6.220636e-02;3.116534e-02;2.438989e-01;2.697254e-01;1.019760e-01;3.935681e-02;2.611967e-02;8.346318e-02
1.878809e-02;4.905246e-02;3.964927e-02;3.600994e-02;8.827563e-02;4.627920e-02;1.206759e-01;2.757641e-01;1.088979e-01;6.275163e-02;2.775916e-02;1.260968e-01
3.120889e-02;4.358415e-02;3.700095e-02;3.216346e-02;1.255058e-01;6.145716e-02;5.659292e-02;2.199651e-01;1.178713e-01;8.137523e-02;4.283480e-02;1.504403e-01
3.812725e-02;5.762617e-02;3.238155e-02;2.154364e-02;1.524606e-01;5.125955e-02;9.406848e-02;1.614369e-01;1.051187e-01;8.658009e-02;4.227962e-02;1.571175e-01
1.595700e-02;6.213691e-02;2.779054e-02;3.378946e-02;1.800670e-01;5.280206e-02;1.404950e-01;1.305889e-01;6.962030e-02;9.601536e-02;5.034199e-02;1.403955e-01
3.721213e-02;8.219910e-02;1.968663e-02;3.808496e-02;2.104389e-01;5.843904e-02;1.313195e-01;1.186315e-01;5.356886e-02;1.012023e-01;4.698754e-02;1.022296e-01
3.464642e-02;8.972258e-02;2.087756e-02;6.818219e-02;2.174553e-01;8.500605e-02;9.435428e-02;1.375245e-01;4.315082e-02;9.537791e-02;5.937092e-02;5.433151e-02
3.596972e-02;8.551946e-02;3.125765e-02;1.046681e-01;1.678734e-01;1.289696e-01;5.576130e-02;1.653668e-01;3.442074e-02;7.417029e-02;7.929446e-02;3.672846e-02
2.471036e-02;5.784905e-02;6.948674e-02;1.008753e-01;7.721922e-02;2.335472e-01;5.767399e-02;1.301072e-01;2.317869e-02;3.548612e-02;1.364074e-01;5.345870e-02
1.396523e-02;3.576969e-02;1.396471e-01;6.115294e-02;3.292442e-02;3.417245e-01;3.183722e-02;8.697379e-02;1.583247e-02;2.047165e-02;1.767656e-01;4.293543e-02
9.320372e-03;2.327606e-02;1.990880e-01;2.614571e-02;2.550446e-02;3.706727e-01;3.958751e-02;5.161628e-02;2.295733e-02;2.499539e-02;1.789661e-01;2.787010e-02
7.419387e-03;1.010568e-02;2.429703e-01;1.919123e-02;2.893265e-02;3.669738e-01;6.988090e-02;3.694027e-02;2.433724e-02;1.560645e-02;1.574414e-01;2.020080e-02
7.096082e-03;8.512191e-03;2.665703e-01;1.808324e-02;4.071893e-02;3.396190e-01;1.173085e-01;2.302830e-02;2.765517e-02;9.315378e-03;1.180829e-01;2.400986e-02
1.239190e-02;1.631388e-02;2.662917e-01;1.203480e-02;6.422669e-02;3.069244e-01;1.623960e-01;1.157179e-02;2.426906e-02;7.996811e-03;9.179452e-02;2.378841e-02
1.398377e-02;1.426571e-02;2.573117e-01;2.395865e-02;7.980111e-02;2.474282e-01;1.490898e-01;2.315959e-02;2.097084e-02;1.167270e-02;1.042808e-01;5.407700e-02
1.201082e-02;1.019755e-02;2.630380e-01;4.072040e-02;9.315383e-02;1.607202e-01;1.457206e-01;2.923840e-02;1.354357e-02;1.001702e-02;1.149352e-01;1.067044e-01
1.042242e-02;1.194434e-02;2.247477e-01;8.893288e-02;7.731511e-02;1.230392e-01;1.804432e-01;2.088381e-02;9.162256e-03;8.555435e-03;1.174843e-01;1.270694e-01
9.699791e-03;1.069649e-02;1.756285e-01;1.308610e-01;4.606343e-02;1.233836e-01;2.244684e-01;2.024138e-02;8.921497e-03;1.063533e-02;9.025924e-02;1.491414e-01
1.247730e-02;9.999505e-03;1.255792e-01;2.234851e-01;3.522290e-02;7.864808e-02;2.610479e-01;1.163818e-02;1.618246e-02;1.073440e-02;3.494209e-02;1.800429e-01
1.228965e-02;1.095790e-02;7.104743e-02;3.547837e-01;2.026265e-02;4.620707e-02;2.325546e-01;2.207166e-02;1.526051e-02;1.170272e-02;5.065366e-02;1.522085e-01
1.313516e-02;1.598569e-02;4.011281e-02;4.385474e-01;1.544540e-02;5.521118e-02;2.008571e-01;1.336868e-02;1.827902e-02;1.415458e-02;5.821149e-02;1.166915e-01
2.535727e-02;2.886601e-02;4.704579e-02;4.090827e-01;3.859562e-02;7.005369e-02;1.697271e-01;3.818466e-02;1.868189e-02;1.343604e-02;4.430708e-02;9.666208e-02
4.550711e-02;6.392052e-02;9.312503e-02;2.603346e-01;8.407094e-02;7.528725e-02;1.222235e-01;7.853929e-02;2.308433e-02;1.484973e-02;1.794867e-02;1.211090e-01
3.381933e-02;5.367269e-02;1.324259e-01;1.516521e-01;6.714053e-02;7.794626e-02;1.345692e-01;1.239021e-01;3.036327e-02;1.507253e-02;1.351304e-02;1.659230e-01
3.073848e-02;6.433951e-02;6.927547e-02;2.333821e-01;3.514697e-02;8.919156e-02;1.868506e-01;8.419776e-02;1.716891e-02;1.553178e-02;2.821489e-02;1.459619e-01
1.978455e-02;1.028316e-01;3.631071e-02;2.976460e-01;5.847690e-02;9.603576e-02;1.820723e-01;2.827244e-02;1.890771e-02;1.601745e-02;3.136419e-02;1.122805e-01
2.710754e-02;1.451236e-01;4.234340e-02;2.258541e-01;1.547714e-01;7.387305e-02;1.474794e-01;2.955154e-02;2.235483e-02;1.255116e-02;3.147528e-02;8.751465e-02
1.977503e-02;1.393819e-01;1.102282e-01;1.048499e-01;3.194076e-01;6.462844e-02;8.173753e-02;4.527111e-02;1.897011e-02;1.102560e-02;3.187960e-02;5.284500e-02
1.714419e-02;7.325246e-02;1.966828e-01;6.088404e-02;3.557184e-01;9.989248e-02;5.671911e-02;4.579194e-02;2.151885e-02;1.152085e-02;3.338413e-02;2.749063e-02
2.969339e-02;2.229651e-02;2.970658e-01;5.551502e-02;2.241663e-01;1.491993e-01;9.691845e-02;3.219195e-02;2.188102e-02;1.357182e-02;3.785169e-02;1.964884e-02
4.183899e-02;3.548020e-02;3.196878e-01;4.636291e-02;1.067399e-01;2.002742e-01;9.896565e-02;2.194130e-02;3.621459e-02;1.857296e-02;4.397878e-02;2.994264e-02
4.082312e-02;6.840423e-02;2.060543e-01;7.129785e-02;8.757126e-02;1.623054e-01;1.496041e-01;5.356112e-02;6.093094e-02;2.019935e-02;3.509349e-02;4.415477e-02
3.269805e-02;9.828290e-02;1.299955e-01;1.000744e-01;5.568480e-02;8.682050e-02;1.832522e-01;1.228881e-01;9.640525e-02;1.974180e-02;2.409214e-02;5.006438e-02
2.256808e-02;7.680390e-02;1.334726e-01;9.058341e-02;4.019699e-02;8.910143e-02;1.560125e-01;1.406599e-01;1.094344e-01;2.795213e-02;5.355398e-02;5.966078e-02
2.419701e-02;5.838196e-02;1.650404e-01;8.936395e-02;6.077229e-02;1.430176e-01;1.455166e-01;9.507597e-02;7.792435e-02;2.420656e-02;5.036771e-02;6.613558e-02
3.489026e-02;7.972339e-02;1.303485e-01;1.170827e-01;7.659693e-02;1.160407e-01;1.589442e-01;1.012846e-01;4.334945e-02;1.654014e-02;4.493776e-02;8.026130e-02
3.699499e-02;7.593739e-02;5.866186e-02;6.399537e-02;7.051255e-02;1.521989e-01;2.579190e-01;1.251848e-01;4.363867e-02;2.211835e-02;3.396618e-02;5.887194e-02
2.253276e-02;5.504632e-02;6.792156e-02;4.297796e-02;6.381458e-02;2.438220e-01;2.809508e-01;8.999455e-02;3.718835e-02;1.423587e-02;3.636103e-02;4.515429e-02
1.705110e-02;3.708552e-02;9.860092e-02;6.684379e-02;5.704246e-02;2.509980e-01;2.840344e-01;5.645050e-02;2.573605e-02;1.227008e-02;4.633402e-02;4.755321e-02
2.212090e-02;5.192252e-02;1.403856e-01;7.980267e-02;4.038442e-02;1.296272e-01;2.881864e-01;7.030877e-02;4.829687e-02;2.172022e-02;5.340429e-02;5.384007e-02
3.016953e-02;6.206769e-02;1.359518e-01;8.875807e-02;4.067004e-02;5.389602e-02;3.076265e-01;6.546035e-02;7.486626e-02;3.962973e-02;3.320061e-02;6.770339e-02
4.416022e-02;7.766345e-02;7.327339e-02;5.017738e-02;6.703384e-02;9.338485e-02;1.666884e-01;1.755795e-01;9.556922e-02;6.581929e-02;2.684559e-02;6.380484e-02
7.421524e-02;8.283705e-02;7.755124e-02;6.484587e-02;8.622972e-02;1.099534e-01;6.968719e-02;1.748858e-01;9.833847e-02;6.785973e-02;4.227601e-02;5.132030e-02
6.843413e-02;1.131779e-01;9.316072e-02;5.460877e-02;9.793181e-02;8.500585e-02;5.743006e-02;1.209623e-01;7.375821e-02;9.669304e-02;9.250733e-02;4.632978e-02
5.377275e-02;1.179080e-01;7.850719e-02;7.619850e-02;8.903985e-02;5.509132e-02;8.847006e-02;6.303050e-02;7.046699e-02;1.172081e-01;8.142875e-02;1.088780e-01
5.232726e-02;1.080318e-01;4.783988e-02;9.781830e-02;7.759092e-02;5.938466e-02;1.025386e-01;4.296456e-02;9.163673e-02;1.195149e-01;5.736133e-02;1.429910e-01
5.328809e-02;9.135938e-02;6.033598e-02;9.820657e-02;6.992501e-02;6.106389e-02;1.016659e-01;5.362222e-02;1.123696e-01;1.059318e-01;6.318963e-02;1.290420e-01
4.149681e-02;7.013905e-02;6.792571e-02;8.080860e-02;6.552582e-02;8.949819e-02;1.568598e-01;6.321021e-02;1.423439e-01;7.713162e-02;6.365595e-02;8.140431e-02
3.429806e-02;6.893196e-02;6.358438e-02;9.318276e-02;4.183678e-02;6.854900e-02;1.844655e-01;5.935565e-02;1.196967e-01;1.132123e-01;5.925671e-02;9.363033e-02
4.172397e-02;5.565447e-02;3.702306e-02;1.332316e-01;3.100593e-02;4.328565e-02;2.049461e-01;8.790942e-02;8.918663e-02;1.483390e-01;2.716983e-02;1.005243e-01
8.028232e-02;4.090876e-02;3.208739e-02;1.286096e-01;2.359016e-02;3.265315e-02;1.837378e-01;1.561769e-01;5.655963e-02;1.624977e-01;1.407953e-02;8.881710e-02
1.443051e-01;3.996283e-02;5.188297e-02;6.553216e-02;5.028624e-02;3.216309e-02;1.163989e-01;2.755966e-01;4.813371e-02;1.019000e-01;1.788658e-02;5.595188e-02
1.696730e-01;4.826523e-02;7.355901e-02;2.488342e-02;1.005481e-01;2.153290e-02;9.946765e-02;3.433959e-01;3.305229e-02;3.793181e-02;1.537207e-02;3.231866e-02
1.536601e-01;5.932816e-02;8.485321e-02;3.411362e-02;1.325104e-01;1.282392e-02;8.624134e-02;3.323403e-01;2.754225e-02;2.645993e-02;1.496017e-02;3.516660e-02
1.212156e-01;7.347408e-02;7.788868e-02;7.041302e-02;1.456440e-01;1.909730e-02;6.851074e-02;2.879013e-01;2.985249e-02;3.988648e-02;2.017711e-02;4.593919e-02
8.525891e-02;6.044445e-02;6.397212e-02;1.081354e-01;1.328605e-01;2.511992e-02;8.121407e-02;2.383631e-01;3.949307e-02;7.006753e-02;3.748255e-02;5.758833e-02
5.571305e-02;3.636748e-02;5.583674e-02;9.392547e-02;6.717816e-02;4.416652e-02;1.680149e-01;2.615569e-01;5.615294e-02;7.570077e-02;2.451652e-02;6.087053e-02
4.966061e-02;7.624447e-02;5.908618e-02;6.727178e-02;2.900951e-02;4.028407e-02;1.730348e-01;2.681858e-01;5.616004e-02;9.611233e-02;3.529428e-02;4.965605e-02
7.814275e-02;1.041865e-01;5.820130e-02;6.207056e-02;4.034564e-02;4.059977e-02;1.167813e-01;1.725652e-01;6.645791e-02;1.310388e-01;5.447148e-02;7.513874e-02
8.670978e-02;1.021489e-01;5.433138e-02;5.434255e-02;4.729145e-02;4.558010e-02;1.047431e-01;2.118386e-01;5.045037e-02;1.153140e-01;4.674189e-02;8.050790e-02
9.210884e-02;1.196898e-01;9.129018e-02;7.124791e-02;2.481731e-02;5.236434e-02;1.313539e-01;1.945745e-01;4.313215e-02;7.813662e-02;2.839547e-02;7.288894e-02
1.068375e-01;3.793142e-02;8.922491e-02;7.028090e-02;6.122570e-02;5.171577e-02;1.386248e-01;1.896197e-01;5.140493e-02;9.268759e-02;3.928831e-02;7.115838e-02
1.032274e-01;1.110239e-01;6.709549e-02;8.605556e-02;9.338602e-02;8.094460e-02;7.356277e-02;9.164614e-02;7.068031e-02;9.814966e-02;3.515347e-02;8.907470e-02
5.309089e-02;7.537733e-02;4.981996e-02;1.286546e-01;9.420177e-02;8.200753e-02;8.072356e-02;5.038792e-02;3.091417e-02;9.626961e-02;6.167009e-02;1.968826e-01
4.854970e-02;5.017272e-02;5.401519e-02;1.027401e-01;1.043769e-01;6.886465e-02;1.083906e-01;4.050852e-02;2.956507e-02;9.204536e-02;5.181405e-02;2.489571e-01
7.347650e-02;3.071821e-02;8.447053e-02;5.470445e-02;1.041901e-01;9.519881e-02;1.071230e-01;3.831291e-02;4.455850e-02;7.023863e-02;8.862901e-02;2.083794e-01
1.173728e-01;2.540064e-02;1.041818e-01;3.155850e-02;8.159370e-02;1.580148e-01;9.215714e-02;3.645623e-02;4.224966e-02;4.975277e-02;1.475151e-01;1.137469e-01
1.218150e-01;5.422046e-02;8.294302e-02;4.439496e-02;6.809822e-02;2.070414e-01;8.295538e-02;3.573161e-02;4.616173e-02;5.352210e-02;1.455691e-01;5.754711e-02
5.174082e-02;9.996383e-02;4.963225e-02;5.431278e-02;9.054185e-02;1.732237e-01;8.216830e-02;4.903061e-02;7.919349e-02;1.063894e-01;1.002114e-01;6.359161e-02
3.633466e-02;9.846067e-02;3.487665e-02;5.704194e-02;1.037844e-01;1.052476e-01;6.423836e-02;9.525932e-02;1.422186e-01;1.076031e-01;9.294792e-02;6.198685e-02
7.828196e-02;5.813391e-02;4.082030e-02;6.177803e-02;8.902854e-02;6.411427e-02;9.311855e-02;1.345741e-01;1.656272e-01;5.754948e-02;8.398400e-02;7.298957e-02
1.019549e-01;5.027106e-02;5.919394e-02;5.607739e-02;6.476100e-02;9.433910e-02;1.125277e-01;1.631437e-01;1.212385e-01;4.416970e-02;6.870271e-02;6.362041e-02
9.650261e-02;6.780160e-02;6.070717e-02;4.509430e-02;6.686999e-02;1.160695e-01;1.425418e-01;1.683573e-01;7.575655e-02;4.934625e-02;6.997633e-02;4.097649e-02
1.024690e-01;7.406054e-02;5.042674e-02;4.370185e-02;7.578043e-02;1.712736e-01;1.470121e-01;1.352356e-01;5.210317e-02;5.545018e-02;4.795527e-02;4.453149e-02
7.719016e-02;7.414990e-02;4.373302e-02;3.662353e-02;1.013005e-01;1.788955e-01;1.650486e-01;1.005895e-01;6.590638e-02;3.820514e-02;4.949008e-02;6.886768e-02
5.094287e-02;4.541275e-02;3.058233e-02;5.407811e-02;1.017228e-01;2.077924e-01;1.771931e-01;1.004255e-01;8.977430e-02;2.826408e-02;6.588352e-02;4.792825e-02
3.402254e-02;4.609800e-02;4.951552e-02;5.109984e-02;4.891174e-02;2.346920e-01;1.615947e-01;1.039447e-01;8.293107e-02;4.274175e-02;6.960538e-02;7.484271e-02
4.503051e-02;5.856744e-02;3.775520e-02;3.594766e-02;3.483609e-02;1.843765e-01;1.975830e-01;1.333211e-01;8.809247e-02;5.378882e-02;5.237979e-02;7.832140e-02
6.421505e-02;5.714796e-02;2.239818e-02;3.336795e-02;3.663137e-02;1.065380e-01;2.390710e-01;1.863921e-01;1.080984e-01;5.574216e-02;3.907355e-02;5.132425e-02
4.895607e-02;5.897130e-02;3.949577e-02;3.937759e-02;4.275534e-02;1.448562e-01;1.751897e-01;2.239174e-01;9.190746e-02;5.734960e-02;3.010166e-02;4.712184e-02
3.552262e-02;5.879878e-02;5.157820e-02;4.421921e-02;4.824693e-02;1.586774e-01;1.775251e-01;2.322520e-01;6.006262e-02;4.928699e-02;2.623178e-02;5.759841e-02
4.418820e-02;5.116571e-02;4.080065e-02;4.057675e-02;3.042199e-02;1.894689e-01;2.185435e-01;2.132543e-01;5.633564e-02;4.269889e-02;3.790825e-02;3.463719e-02
5.079638e-02;5.102262e-02;3.450641e-02;3.623486e-02;5.346405e-02;1.697675e-01;2.202534e-01;1.698339e-01;4.415178e-02;4.643049e-02;5.190859e-02;7.163001e-02
5.526470e-02;3.793085e-02;4.373831e-02;3.669631e-02;6.037535e-02;1.594278e-01;1.941934e-01;1.401290e-01;3.605739e-02;6.999756e-02;6.369457e-02;1.024948e-01
4.636183e-02;4.088280e-02;4.851405e-02;4.119500e-02;5.621376e-02;1.630578e-01;1.991654e-01;1.624526e-01;5.108262e-02;6.218550e-02;6.435114e-02;6.453758e-02
3.750781e-02;3.145064e-02;3.793484e-02;4.668609e-02;4.222276e-02;1.646018e-01;2.038795e-01;1.752175e-01;9.705996e-02;5.305037e-02;7.017241e-02;4.021633e-02
5.044667e-02;5.191706e-02;3.614385e-02;5.413841e-02;4.230670e-02;1.331944e-01;1.507228e-01;1.366758e-01;1.402205e-01;5.213275e-02;7.848289e-02;7.361805e-02
2.270823e-02;8.758150e-02;6.357360e-02;4.098069e-02;6.753109e-02;1.239172e-01;9.803835e-02;2.084913e-01;1.247891e-01;4.301570e-02;8.105455e-02;3.831869e-02
3.019344e-02;1.167706e-01;7.247048e-02;3.590851e-02;5.104044e-02;1.434035e-01;7.679545e-02;2.581601e-01;1.155416e-01;3.017095e-02;5.706423e-02;1.248076e-02
5.341242e-02;1.341372e-01;6.062720e-02;5.011065e-02;4.069911e-02;1.820221e-01;6.357170e-02;2.353203e-01;9.448101e-02;3.259384e-02;4.111791e-02;1.190657e-02
8.699366e-02;1.241984e-01;4.535551e-02;5.497492e-02;5.855723e-02;2.610383e-01;3.616128e-02;1.971779e-01;4.560212e-02;4.832517e-02;3.046901e-02;1.114662e-02
1.219767e-01;8.616646e-02;4.806194e-02;3.927056e-02;8.474724e-02;3.176871e-01;3.251686e-02;1.446825e-01;2.619354e-02;5.700067e-02;1.650964e-02;2.518681e-02
1.498981e-01;5.876102e-02;1.030692e-01;2.130682e-02;1.046138e-01;2.996674e-01;2.297412e-02;1.072636e-01;3.274361e-02;5.456306e-02;7.053262e-03;3.808586e-02
1.327697e-01;3.085526e-02;2.382075e-01;2.747749e-02;8.973090e-02;2.497889e-01;1.898025e-02;7.313284e-02;4.157939e-02;4.020674e-02;1.445284e-02;4.281824e-02
1.139353e-01;4.304885e-02;3.496343e-01;2.139554e-02;4.717739e-02;1.931150e-01;7.850512e-03;4.917705e-02;5.789244e-02;3.899420e-02;1.722876e-02;6.055071e-02
1.254319e-01;5.579832e-02;3.621512e-01;2.348570e-02;2.176414e-02;1.498107e-01;1.263183e-02;4.832469e-02;5.031411e-02;4.400342e-02;8.974936e-03;9.730906e-02
1.000558e-01;4.877702e-02;3.473252e-01;2.059066e-02;3.825441e-02;1.449203e-01;1.849165e-02;4.396864e-02;4.054282e-02;3.325335e-02;1.149883e-02;1.523214e-01
4.874388e-02;6.088324e-02;3.249812e-01;2.799280e-02;6.158632e-02;1.376744e-01;1.987964e-02;3.043989e-02;4.752026e-02;1.563853e-02;1.496067e-02;2.096992e-01
3.566867e-02;4.158421e-02;2.928861e-01;1.856950e-02;8.045702e-02;1.279452e-01;2.360000e-02;3.844564e-02;5.280817e-02;1.076495e-02;2.356611e-02;2.537043e-01
5.209975e-02;4.535931e-02;2.385397e-01;2.797895e-02;7.811691e-02;1.419844e-01;2.758775e-02;3.845171e-02;4.955829e-02;1.664883e-02;2.281273e-02;2.608616e-01
6.780555e-02;8.568051e-02;1.715322e-01;2.480393e-02;6.926449e-02;1.669866e-01;2.048151e-02;3.329844e-02;4.525451e-02;2.250009e-02;2.926449e-02;2.631277e-01
