4.896825e-02;4.078860e-02;1.915244e-01;3.049766e-02;8.340804e-02;7.231970e-02;3.394057e-01;4.926305e-02;3.825243e-02;5.079760e-02;3.453249e-02;2.024201e-02
3.953921e-02;3.347214e-02;2.657107e-01;3.895216e-02;7.033266e-02;5.714808e-02;2.878032e-01;4.400142e-02;4.157857e-02;5.956938e-02;3.824931e-02;2.364310e-02
2.134846e-02;3.965447e-02;3.727023e-01;5.634574e-02;4.812325e-02;3.356129e-02;1.991467e-01;3.452273e-02;4.837360e-02;8.764637e-02;3.824823e-02;2.032687e-02
4.894988e-02;4.224656e-02;3.872054e-01;8.644511e-02;6.084421e-02;3.449566e-02;1.354113e-01;2.719635e-02;3.913970e-02;9.079578e-02;3.397361e-02;1.329644e-02
3.991312e-02;3.872887e-02;3.398268e-01;1.625612e-01;9.251226e-02;3.201902e-02;7.721053e-02;2.443670e-02;2.355296e-02;6.885805e-02;8.782322e-02;1.255727e-02
1.661851e-02;3.338545e-02;2.286982e-01;2.468169e-01;1.452807e-01;4.153073e-02;5.039597e-02;2.679948e-02;1.453647e-02;3.929316e-02;1.393644e-01;1.728000e-02
2.030950e-02;3.216207e-02;2.161314e-01;2.716837e-01;1.679125e-01;3.012348e-02;3.548754e-02;2.779721e-02;1.288984e-02;2.554203e-02;1.315665e-01;2.839422e-02
2.282999e-02;4.733915e-02;3.074759e-01;2.102783e-01;1.402108e-01;4.133849e-02;4.698952e-02;3.067307e-02;1.481401e-02;3.190797e-02;8.332124e-02;2.282164e-02
4.162867e-02;7.357016e-02;2.975781e-01;1.519711e-01;9.518421e-02;4.646261e-02;9.033932e-02;4.370958e-02;2.720227e-02;4.796837e-02;6.864142e-02;1.574426e-02
5.870370e-02;8.563816e-02;3.442690e-01;4.786770e-02;7.644941e-02;4.737653e-02;9.447807e-02;5.494139e-02;3.300593e-02;5.099641e-02;7.726669e-02;2.900701e-02
3.959107e-02;5.423410e-02;3.170175e-01;1.275629e-01;9.645237e-02;3.167322e-02;6.819793e-02;6.257811e-02;3.753529e-02;4.526291e-02;9.316678e-02;2.672776e-02
1.274958e-02;2.780114e-02;1.912521e-01;2.358881e-01;1.358865e-01;4.025775e-02;7.805976e-02;9.116062e-02;3.230093e-02;4.252394e-02;9.537280e-02;1.674671e-02
2.478701e-02;2.834104e-02;1.811167e-01;2.351447e-01;1.541016e-01;4.045165e-02;4.264898e-02;1.167746e-01;3.041900e-02;4.481428e-02;8.433033e-02;1.707006e-02
2.658454e-02;3.088706e-02;1.885712e-01;1.570038e-01;1.257528e-01;4.115660e-02;6.513600e-02;1.064128e-01;5.349945e-02;6.667999e-02;9.064720e-02;4.766839e-02
2.646240e-02;5.081357e-02;1.193960e-01;1.212784e-01;9.134814e-02;5.541285e-02;1.250575e-01;1.027249e-01;7.054926e-02;8.039153e-02;9.364689e-02;6.291863e-02
5.610262e-02;6.652098e-02;1.729474e-01;9.196240e-02;8.441860e-02;5.901893e-02;1.250172e-01;7.921881e-02;7.862438e-02;8.459233e-02;5.946179e-02;4.211457e-02
5.335143e-02;6.278334e-02;2.243548e-01;8.547178e-02;6.682310e-02;5.016914e-02;1.089829e-01;6.982756e-02;8.166838e-02;8.120884e-02;8.829322e-02;2.706549e-02
4.951208e-02;4.485257e-02;2.598671e-01;8.178303e-02;4.310243e-02;4.562900e-02;9.454752e-02;6.124048e-02;8.951879e-02;7.966986e-02;1.197433e-01;3.053384e-02
4.679924e-02;3.081098e-02;1.906448e-01;1.323445e-01;5.021393e-02;5.827758e-02;4.587224e-02;4.110059e-02;7.892372e-02;1.033369e-01;1.866887e-01;3.498684e-02
3.090259e-02;3.126140e-02;1.052142e-01;1.845695e-01;5.984564e-02;6.912799e-02;3.836533e-02;5.499938e-02;4.978541e-02;5.794945e-02;3.038161e-01;1.416291e-02
3.124174e-02;4.461681e-02;6.640205e-02;1.709899e-01;4.329882e-02;5.830034e-02;3.863759e-02;8.624357e-02;5.528992e-02;3.504588e-02;3.334640e-01;3.646936e-02
2.757362e-02;6.711491e-02;5.893608e-02;1.385958e-01;3.691702e-02;4.060653e-02;5.146053e-02;1.111318e-01;8.450911e-02;4.096254e-02;2.946332e-01;4.755886e-02
1.733768e-02;8.566221e-02;7.383795e-02;1.199152e-01;3.900203e-02;2.698330e-02;4.481978e-02;1.282400e-01;8.975596e-02;6.047006e-02;2.543275e-01;5.964838e-02
2.229468e-02;9.407894e-02;7.746566e-02;1.081679e-01;4.595016e-02;2.685877e-02;2.764388e-02;1.282207e-01;7.928506e-02;9.068622e-02;2.126039e-01;8.674420e-02
2.265831e-02;9.083469e-02;6.111421e-02;1.020253e-01;5.516057e-02;2.770032e-02;1.356077e-02;1.140015e-01;6.202086e-02;1.036415e-01;2.549793e-01;9.230271e-02
2.273449e-02;9.682266e-02;4.652061e-02;8.081770e-02;6.900542e-02;1.777912e-02;1.205627e-02;9.305235e-02;4.101484e-02;9.895170e-02;3.103149e-01;1.109299e-01
1.879679e-02;9.078278e-02;6.759809e-02;8.152234e-02;5.845873e-02;2.436140e-02;1.714894e-02;1.013411e-01;4.208227e-02;1.064003e-01;3.136601e-01;7.784717e-02
2.994142e-02;7.266628e-02;7.365661e-02;8.673871e-02;5.458212e-02;2.987803e-02;3.864482e-02;1.176306e-01;6.061360e-02;9.265769e-02;2.542022e-01;8.878790e-02
4.343626e-02;4.494808e-02;8.229347e-02;8.954885e-02;9.772462e-02;3.457148e-02;7.671719e-02;1.285481e-01;4.694546e-02;5.824305e-02;1.581966e-01;1.388268e-01
5.053845e-02;4.352092e-02;1.503365e-01;8.905809e-02;1.263968e-01;4.073604e-02;1.089693e-01;1.121407e-01;2.825739e-02;3.831307e-02;1.029913e-01;1.087414e-01
4.915537e-02;7.221796e-02;1.426209e-01;1.018040e-01;9.933801e-02;3.432271e-02;8.914175e-02;1.176810e-01;2.391358e-02;4.970577e-02;1.679718e-01;5.212709e-02
4.240440e-02;7.554267e-02;6.141773e-02;1.138197e-01;7.664842e-02;5.133585e-02;8.000355e-02;1.520807e-01;3.385890e-02;5.908493e-02;1.966181e-01;5.718503e-02
3.543838e-02;4.881433e-02;1.075958e-01;1.095139e-01;7.406253e-02;4.878773e-02;5.724396e-02;1.486781e-01;6.084632e-02;7.608234e-02;1.671263e-01;6.581030e-02
4.892322e-02;6.035716e-02;8.579502e-02;1.176822e-01;9.489674e-02;3.395404e-02;5.959424e-02;1.801864e-01;6.912135e-02;8.126573e-02;1.241769e-01;4.404694e-02
4.274024e-02;6.586742e-02;5.876238e-02;1.258349e-01;1.108360e-01;3.579708e-02;7.342318e-02;2.425184e-01;6.124201e-02;9.527864e-02;4.322355e-02;4.447615e-02
1.773866e-02;4.718003e-02;7.577905e-02;1.122097e-01;9.878477e-02;3.954060e-02;5.294190e-02;2.288117e-01;5.972955e-02;1.015146e-01;9.971695e-02;6.605250e-02
1.365279e-02;5.670567e-02;1.029125e-01;1.090160e-01;7.175035e-02;4.308176e-02;4.189562e-02;1.675994e-01;7.324149e-02;1.024818e-01;1.514595e-01;6.620302e-02
3.920474e-02;7.587200e-02;1.288449e-01;1.264848e-01;7.701480e-02;4.834798e-02;6.180552e-02;8.123296e-02;4.862116e-02;1.020825e-01;1.427201e-01;6.776850e-02
6.420150e-02;8.385602e-02;8.584846e-02;1.285823e-01;7.367242e-02;6.371086e-02;8.078940e-02;9.943251e-02;4.070915e-02;1.039032e-01;7.453935e-02;1.007549e-01
4.738065e-02;9.650031e-02;1.201031e-01;1.060782e-01;9.034241e-02;7.809529e-02;6.785019e-02;8.972991e-02;5.217674e-02;1.191001e-01;5.518592e-02;7.745716e-02
3.468975e-02;1.296150e-01;1.124775e-01;9.668527e-02;9.545960e-02;1.012772e-01;3.717644e-02;7.954105e-02;6.185013e-02;9.910853e-02;9.784931e-02;5.427020e-02
2.746115e-02;1.177760e-01;6.160428e-02;1.400765e-01;9.108935e-02;8.407117e-02;4.462457e-02;1.300757e-01;6.006311e-02;4.371193e-02;9.880914e-02;1.006371e-01
2.573449e-02;8.411825e-02;8.838252e-02;1.656086e-01;8.503456e-02;5.015942e-02;4.763940e-02;1.577915e-01;6.949839e-02;3.821670e-02;6.778570e-02;1.200304e-01
4.444613e-02;8.323830e-02;8.764538e-02;1.261788e-01;8.262507e-02;4.608182e-02;4.458595e-02;1.527001e-01;8.045167e-02;4.413124e-02;1.338523e-01;7.406317e-02
5.966756e-02;6.952938e-02;6.873659e-02;1.020002e-01;5.604671e-02;5.140809e-02;4.329246e-02;1.185498e-01;8.423105e-02;7.087601e-02;1.713673e-01;1.042948e-01
8.286765e-02;4.884242e-02;1.016111e-01;6.935397e-02;6.804194e-02;5.696598e-02;5.185544e-02;1.130974e-01;7.172559e-02;9.458615e-02;1.279320e-01;1.131204e-01
1.292264e-01;1.083285e-01;1.422639e-01;5.698345e-02;6.075143e-02;6.309801e-02;9.699637e-02;1.116269e-01;4.806975e-02;6.490832e-02;6.297500e-02;5.477201e-02
1.758951e-01;1.276331e-01;1.940822e-01;5.830962e-02;4.432203e-02;5.310155e-02;9.512325e-02;7.083828e-02;3.223788e-02;2.910207e-02;6.390569e-02;5.544920e-02
2.374184e-01;1.255447e-01;1.352350e-01;5.761233e-02;3.549245e-02;3.340816e-02;8.860845e-02;9.929039e-02;2.966154e-02;2.660629e-02;6.120472e-02;6.991761e-02
2.300264e-01;8.595978e-02;5.004954e-02;8.684103e-02;3.926062e-02;3.053690e-02;1.354279e-01;1.361236e-01;1.591968e-02;3.633079e-02;5.251673e-02;1.010071e-01
1.321436e-01;2.807148e-02;4.560499e-02;1.197726e-01;3.356579e-02;3.437154e-02;2.516164e-01;1.082447e-01;1.851389e-02;3.291025e-02;4.114848e-02;1.540363e-01
9.136550e-02;3.154379e-02;3.385808e-02;1.129147e-01;1.690797e-02;4.764313e-02;3.574128e-01;7.234785e-02;9.747908e-03;2.324620e-02;3.800486e-02;1.650072e-01
3.057122e-02;3.255910e-02;3.370767e-02;8.540130e-02;1.586200e-02;6.065726e-02;4.231430e-01;6.702232e-02;1.174015e-02;2.579044e-02;4.064855e-02;1.728970e-01
7.636090e-02;2.824594e-02;3.275779e-02;5.354237e-02;1.166479e-02;6.103156e-02;4.047716e-01;4.752899e-02;1.459501e-02;2.710651e-02;5.540318e-02;1.869914e-01
8.864264e-02;3.828556e-02;3.353181e-02;6.657387e-02;1.135456e-02;6.729455e-02;3.656464e-01;2.774408e-02;2.195512e-02;2.524255e-02;6.522573e-02;1.885031e-01
3.074717e-02;3.825568e-02;6.213075e-02;5.970352e-02;1.969408e-02;9.693895e-02;3.349437e-01;3.834345e-02;2.052825e-02;2.654533e-02;9.046771e-02;1.817014e-01
6.388247e-02;2.627753e-02;1.170334e-01;1.915690e-02;2.898407e-02;1.277432e-01;2.396723e-01;2.396663e-02;1.681274e-02;4.223379e-02;1.624987e-01;1.317383e-01
8.088677e-02;3.343816e-02;1.471374e-01;3.664445e-02;4.979501e-02;1.486457e-01;1.390639e-01;1.569801e-02;1.638712e-02;5.233331e-02;2.229727e-01;5.699755e-02
6.848888e-02;5.028396e-02;9.613175e-02;4.819966e-02;7.571219e-02;1.383903e-01;8.451790e-02;2.711498e-02;3.458376e-02;8.574887e-02;2.245591e-01;6.626867e-02
8.012483e-02;6.274515e-02;6.630515e-02;7.037120e-02;7.310281e-02;1.118892e-01;1.009421e-01;7.034723e-02;6.906359e-02;1.075892e-01;1.566825e-01;3.083710e-02
9.793667e-02;5.500890e-02;1.222495e-01;8.115371e-02;6.323088e-02;9.595156e-02;1.085166e-01;8.303149e-02;6.418423e-02;8.703363e-02;7.423109e-02;6.747164e-02
1.106487e-01;6.822165e-02;1.264256e-01;7.344343e-02;6.171721e-02;6.732976e-02;9.396331e-02;9.001926e-02;4.375965e-02;3.781559e-02;1.262942e-01;1.003616e-01
1.380776e-01;8.317679e-02;9.108604e-02;5.097329e-02;5.178891e-02;7.239688e-02;6.980193e-02;8.970892e-02;3.095693e-02;3.906133e-02;1.574045e-01;1.255669e-01
8.583648e-02;7.152210e-02;9.683439e-02;9.003006e-02;3.014345e-02;5.873520e-02;1.345861e-01;8.063396e-02;3.049732e-02;3.239286e-02;1.456584e-01;1.431296e-01
1.160544e-01;5.085120e-02;6.493878e-02;9.293202e-02;3.268564e-02;4.378835e-02;2.372776e-01;5.708815e-02;3.674570e-02;3.920104e-02;9.551101e-02;1.329261e-01
8.690005e-02;4.074084e-02;6.269819e-02;7.836767e-02;3.738348e-02;4.953099e-02;3.074142e-01;6.488835e-02;4.022135e-02;4.863671e-02;5.172952e-02;1.314886e-01
7.389899e-02;4.940067e-02;9.812292e-02;4.754949e-02;2.957065e-02;5.555862e-02;2.973594e-01;7.743111e-02;3.809636e-02;4.934127e-02;5.160443e-02;1.320661e-01
1.050324e-01;6.865752e-02;9.570596e-02;6.065086e-02;6.380116e-02;5.306269e-02;1.558841e-01;9.517333e-02;5.867435e-02;7.925612e-02;6.914795e-02;9.495357e-02
8.414522e-02;6.034742e-02;7.059057e-02;9.079129e-02;9.468308e-02;6.921309e-02;1.018670e-01;1.055818e-01;8.278472e-02;8.704089e-02;7.035314e-02;8.260184e-02
7.814243e-02;5.352107e-02;6.208209e-02;9.902407e-02;9.788864e-02;7.303209e-02;1.189920e-01;9.468954e-02;8.371811e-02;8.051235e-02;8.421712e-02;7.418043e-02
9.528115e-02;3.840591e-02;1.738930e-01;9.121042e-02;1.067142e-01;5.750466e-02;1.194468e-01;5.240124e-02;6.529585e-02;6.809513e-02;9.284522e-02;3.890627e-02
9.674010e-02;8.137592e-02;2.437956e-01;7.330793e-02;9.800988e-02;5.587883e-02;1.478497e-01;4.372170e-02;5.440918e-02;3.176293e-02;3.708985e-02;3.605833e-02
1.444631e-01;1.187946e-01;1.936945e-01;5.518902e-02;9.897051e-02;5.454594e-02;1.212023e-01;6.389261e-02;6.824406e-02;2.319421e-02;2.675484e-02;3.105445e-02
2.058801e-01;1.662102e-01;1.438645e-01;3.648200e-02;1.114235e-01;4.035091e-02;8.050980e-02;7.088926e-02;8.402274e-02;1.766700e-02;2.042525e-02;2.227479e-02
2.650341e-01;1.869793e-01;1.174740e-01;2.565331e-02;1.273094e-01;1.610510e-02;3.741563e-02;8.199550e-02;9.708134e-02;1.534796e-02;1.497343e-02;1.463088e-02
2.994234e-01;1.855432e-01;8.456428e-02;1.404427e-02;1.247014e-01;8.398302e-03;1.649884e-02;1.083688e-01;1.121873e-01;1.490685e-02;1.669664e-02;1.466667e-02
2.660882e-01;1.948308e-01;7.847010e-02;9.471509e-03;1.075612e-01;2.806401e-02;2.882060e-02;8.354130e-02;1.436848e-01;2.583723e-02;1.660378e-02;1.702659e-02
1.633859e-01;2.334886e-01;1.030468e-01;1.606147e-02;6.533945e-02;6.846388e-02;3.115107e-02;2.995122e-02;2.362618e-01;2.787364e-02;1.275385e-02;1.222228e-02
1.043329e-01;2.669940e-01;1.471908e-01;1.882501e-02;2.764299e-02;8.717886e-02;2.297159e-02;1.202024e-02;2.856208e-01;1.411279e-02;7.247647e-03;5.862404e-03
8.494794e-02;2.682627e-01;1.930801e-01;1.337827e-02;1.220669e-02;8.222017e-02;1.375975e-02;2.233760e-02;2.661876e-01;2.945799e-02;5.557361e-03;8.603845e-03
7.302758e-02;2.424980e-01;2.812016e-01;1.321831e-02;8.900071e-03;5.312702e-02;1.868778e-02;1.889807e-02;2.059108e-01;6.932360e-02;5.019417e-03;1.018769e-02
5.301074e-02;1.609777e-01;4.167928e-01;1.801881e-02;1.269992e-02;2.593533e-02;4.331307e-02;1.871956e-02;1.187376e-01;1.163739e-01;8.061837e-03;7.358750e-03
3.789821e-02;9.562328e-02;5.071447e-01;1.949440e-02;1.485287e-02;2.637172e-02;6.286516e-02;1.756825e-02;4.512013e-02;1.562740e-01;7.981136e-03;8.806183e-03
2.652837e-02;9.868079e-02;4.517401e-01;2.171209e-02;1.754793e-02;1.223341e-02;4.382564e-02;1.046861e-02;1.536644e-01;1.448395e-01;1.140164e-02;7.357626e-03
1.498903e-02;1.261312e-01;4.378349e-01;2.368613e-02;2.360691e-02;2.218433e-02;1.758418e-02;1.735956e-02;1.789038e-01;1.191366e-01;8.621277e-03;9.961997e-03
6.207135e-02;1.931170e-01;3.978042e-01;2.809210e-02;2.951435e-02;4.141445e-02;1.864270e-02;1.573792e-02;1.199859e-01;6.791196e-02;8.099137e-03;1.760891e-02
1.505356e-01;2.139692e-01;3.529213e-01;2.272118e-02;3.198840e-02;4.380537e-02;1.709400e-02;1.593295e-02;8.763821e-02;3.533540e-02;8.550358e-03;1.950807e-02
2.502379e-01;1.814207e-01;3.084562e-01;2.472216e-02;3.133971e-02;3.679612e-02;2.659624e-02;1.577806e-02;4.618884e-02;5.087905e-02;8.195806e-03;1.938920e-02
2.771834e-01;1.468650e-01;2.496831e-01;1.791467e-02;3.179635e-02;4.643032e-02;4.379931e-02;2.893190e-02;6.397091e-02;5.514755e-02;1.211861e-02;2.615879e-02
3.058475e-01;8.532985e-02;2.235256e-01;1.644828e-02;3.147208e-02;5.851014e-02;4.787394e-02;3.384056e-02;8.973537e-02;4.774653e-02;1.985562e-02;3.981454e-02
2.749317e-01;9.309935e-02;3.005243e-01;2.061062e-02;2.922379e-02;4.247607e-02;5.357024e-02;3.620944e-02;3.735797e-02;3.347901e-02;1.957949e-02;5.893805e-02
2.293448e-01;8.056778e-02;3.417685e-01;2.642494e-02;2.600635e-02;2.118531e-02;4.253200e-02;3.425901e-02;7.679246e-02;4.009883e-02;2.017006e-02;6.085001e-02
2.354752e-01;1.052221e-01;2.492191e-01;2.031029e-02;2.361540e-02;3.177092e-02;6.002470e-02;1.626587e-02;9.861553e-02;5.767904e-02;2.427700e-02;7.752474e-02
1.752560e-01;9.181444e-02;1.731865e-01;2.752860e-02;2.181478e-02;3.726962e-02;1.099006e-01;1.670579e-02;9.925746e-02;7.490993e-02;4.309821e-02;1.292580e-01
1.212124e-01;9.296636e-02;1.616575e-01;2.531032e-02;2.706923e-02;7.051951e-02;1.406601e-01;4.103931e-02;5.959081e-02;4.724533e-02;8.050690e-02;1.322222e-01
7.881776e-02;8.949669e-02;1.654874e-01;1.657675e-02;2.224733e-02;1.219290e-01;1.474311e-01;2.319127e-02;5.185551e-02;3.891488e-02;1.256651e-01;1.183872e-01
7.131390e-02;7.105613e-02;1.255752e-01;2.302293e-02;3.236184e-02;1.550051e-01;1.327410e-01;1.522482e-02;5.507391e-02;4.258131e-02;1.617237e-01;1.143202e-01
5.593530e-02;6.737656e-02;1.372139e-01;4.957933e-02;4.125138e-02;1.604866e-01;1.035501e-01;1.503809e-02;6.156556e-02;7.647325e-02;1.502515e-01;8.127850e-02
1.131560e-01;7.684956e-02;1.591004e-01;5.629247e-02;3.820083e-02;1.506968e-01;6.789448e-02;1.883812e-02;8.090374e-02;1.036668e-01;7.933200e-02;5.506881e-02
1.572240e-01;1.194958e-01;1.369791e-01;3.338263e-02;4.032745e-02;1.162738e-01;5.942901e-02;1.911481e-02;8.921964e-02;1.012318e-01;5.865767e-02;6.866421e-02
1.026272e-01;1.739886e-01;7.994843e-02;4.363981e-02;4.352218e-02;8.872195e-02;1.109443e-01;3.283433e-02;9.642842e-02;1.104574e-01;5.307689e-02;6.381054e-02
1.622101e-01;1.686787e-01;1.081538e-01;2.614946e-02;2.672805e-02;5.832580e-02;9.119385e-02;2.700286e-02;7.396547e-02;1.296164e-01;6.684159e-02;6.113394e-02
2.298256e-01;1.360195e-01;9.753307e-02;2.137326e-02;2.569919e-02;2.959313e-02;4.193588e-02;2.961311e-02;8.878098e-02;1.223474e-01;1.089316e-01;6.834727e-02
1.984791e-01;1.126283e-01;1.552720e-01;2.515157e-02;3.773747e-02;1.975027e-02;2.622033e-02;3.554442e-02;1.311348e-01;9.404147e-02;1.072711e-01;5.676918e-02
1.286584e-01;7.206818e-02;1.845477e-01;4.600856e-02;4.327870e-02;4.227851e-02;4.608436e-02;2.993586e-02;1.352686e-01;1.006646e-01;8.495605e-02;8.625057e-02
1.155906e-01;7.873104e-02;1.345334e-01;7.529027e-02;2.764157e-02;8.519110e-02;5.062813e-02;4.344621e-02;8.665725e-02;9.995681e-02;8.793499e-02;1.143987e-01
1.723841e-01;6.568459e-02;1.024284e-01;7.268333e-02;3.554638e-02;9.665280e-02;9.265190e-02;7.135455e-02;4.494655e-02;5.969586e-02;7.214358e-02;1.138279e-01
1.732577e-01;4.969319e-02;1.196211e-01;8.913198e-02;4.034810e-02;8.655851e-02;1.114567e-01;6.121352e-02;5.549437e-02;6.239619e-02;6.640185e-02;8.442681e-02
1.471292e-01;1.134306e-01;1.450258e-01;7.555392e-02;3.818715e-02;9.889357e-02;7.248697e-02;7.201379e-02;5.265836e-02;4.600334e-02;5.968370e-02;7.893363e-02
1.323792e-01;1.598151e-01;1.220916e-01;9.525734e-02;5.534099e-02;9.984749e-02;4.503381e-02;8.366524e-02;4.123255e-02;4.753243e-02;4.864502e-02;6.915922e-02
9.787816e-02;1.616345e-01;1.648717e-01;9.493895e-02;5.013116e-02;8.429911e-02;7.090382e-02;6.516477e-02;4.969655e-02;5.158143e-02;5.603587e-02;5.286400e-02
8.840211e-02;1.214272e-01;1.614174e-01;1.017417e-01;7.021382e-02;5.846110e-02;8.853084e-02;7.270497e-02;7.081605e-02;4.517500e-02;8.650225e-02;3.460758e-02
1.222338e-01;6.098475e-02;1.316814e-01;1.475354e-01;1.074481e-01;5.235169e-02;7.623684e-02;8.060285e-02;5.176171e-02;3.720854e-02;7.892334e-02;5.303169e-02
9.893217e-02;1.073372e-01;1.833481e-01;1.466791e-01;8.115547e-02;4.053066e-02;8.016118e-02;6.188525e-02;4.994174e-02;5.937161e-02;4.571799e-02;4.493950e-02
7.053917e-02;1.511490e-01;2.002070e-01;1.495215e-01;4.627804e-02;6.367364e-02;9.423859e-02;6.038392e-02;4.252883e-02;5.351597e-02;2.976337e-02;3.820092e-02
5.619686e-02;1.528323e-01;1.692853e-01;1.723475e-01;4.167786e-02;6.670163e-02;1.039887e-01;4.545639e-02;4.412840e-02;4.922972e-02;3.178789e-02;6.636755e-02
8.063755e-02;1.183680e-01;1.644975e-01;1.544497e-01;6.142690e-02;3.647139e-02;9.649798e-02;5.760993e-02;5.792065e-02;5.184847e-02;4.834959e-02;7.192232e-02
6.928553e-02;1.223891e-01;1.649181e-01;1.328759e-01;1.012713e-01;4.773693e-02;8.112874e-02;5.990862e-02;5.919625e-02;4.196933e-02;4.788851e-02;7.143171e-02
1.111863e-01;9.994487e-02;1.533646e-01;9.764600e-02;1.346953e-01;6.705087e-02;8.277316e-02;2.860413e-02;4.865041e-02;3.077035e-02;6.881317e-02;7.650091e-02
1.951708e-01;1.013118e-01;1.445896e-01;4.938720e-02;9.886327e-02;4.737401e-02;7.099670e-02;6.416178e-02;3.637023e-02;4.716222e-02;9.114115e-02;5.347122e-02
1.369628e-01;1.895796e-01;1.493716e-01;4.933994e-02;5.363678e-02;4.184411e-02;5.809641e-02;8.637343e-02;3.841922e-02;7.501928e-02;8.034494e-02;4.101188e-02
8.470831e-02;1.851772e-01;6.664339e-02;5.359996e-02;6.622496e-02;4.149395e-02;9.831052e-02;3.863116e-02;7.048976e-02;1.366480e-01;7.681953e-02;8.125331e-02
6.637203e-02;6.751721e-02;9.198494e-02;5.148694e-02;5.843167e-02;7.362277e-02;1.948005e-01;8.742749e-02;6.620523e-02;4.264522e-02;1.027530e-01;9.675297e-02
7.540256e-02;4.624239e-02;1.012665e-01;5.300911e-02;5.716278e-02;6.532780e-02;1.672895e-01;1.047562e-01;2.300177e-02;8.377063e-02;1.178567e-01;1.049140e-01
5.864545e-02;5.196654e-02;1.165038e-01;4.329400e-02;4.158796e-02;6.079648e-02;1.116290e-01;8.799247e-02;1.125407e-01;1.299676e-01;9.735356e-02;8.772247e-02
3.969223e-02;5.842742e-02;1.705795e-01;2.537783e-02;3.269273e-02;4.922972e-02;6.652341e-02;4.541760e-02;1.742969e-01;2.233200e-01;6.631751e-02;4.812512e-02
3.359858e-02;4.201403e-02;2.264200e-01;2.271653e-02;2.484101e-02;2.209184e-02;6.565242e-02;1.057791e-02;1.271478e-01;3.434764e-01;6.362430e-02;1.783920e-02
4.529248e-02;1.826584e-02;2.346520e-01;4.275575e-02;1.946685e-02;1.262152e-02;6.655539e-02;1.452708e-02;5.833559e-02;3.793723e-01;9.190200e-02;1.625322e-02
5.818917e-02;1.324183e-02;2.620083e-01;5.962051e-02;2.239158e-02;1.318751e-02;5.638267e-02;2.407920e-02;7.169832e-02;2.938282e-01;1.085334e-01;1.683933e-02
6.305178e-02;2.152814e-02;3.153868e-01;6.456997e-02;2.535193e-02;1.925630e-02;5.566017e-02;2.336496e-02;8.620454e-02;2.069255e-01;1.043495e-01;1.435048e-02
4.209039e-02;1.253386e-02;3.140680e-01;9.848844e-02;2.885369e-02;2.039441e-02;4.261088e-02;1.828784e-02;9.094412e-02;1.721555e-01;1.423701e-01;1.720274e-02
2.296703e-02;1.045048e-02;2.880482e-01;1.610556e-01;3.577525e-02;2.408565e-02;2.699705e-02;1.551776e-02;7.461474e-02;1.450291e-01;1.833652e-01;1.209382e-02
1.965021e-02;1.542399e-02;3.003199e-01;2.071706e-01;4.482343e-02;3.960966e-02;2.113904e-02;2.848160e-02;2.817360e-02;6.845696e-02;2.166810e-01;1.007009e-02
1.361551e-02;2.135826e-02;3.454688e-01;1.794930e-01;3.854923e-02;3.590522e-02;3.302552e-02;2.992123e-02;2.977474e-02;5.355290e-02;2.046184e-01;1.471726e-02
1.524062e-02;2.630278e-02;3.515786e-01;1.479706e-01;3.225103e-02;3.440366e-02;5.394150e-02;2.679693e-02;3.906086e-02;8.475772e-02;1.769164e-01;1.077932e-02
2.404777e-02;2.066167e-02;3.894442e-01;1.207486e-01;3.157635e-02;3.390668e-02;5.603332e-02;2.461526e-02;3.500866e-02;1.100385e-01;1.354082e-01;1.851084e-02
3.571805e-02;3.855938e-02;4.903286e-01;7.970554e-02;2.928321e-02;3.386655e-02;6.587727e-02;2.151798e-02;2.496451e-02;1.049311e-01;5.962342e-02;1.562431e-02
6.367479e-02;8.448303e-02;4.578723e-01;8.435711e-02;1.998330e-02;4.128174e-02;5.907956e-02;1.790607e-02;2.821840e-02;1.071092e-01;1.645961e-02;1.957490e-02
1.050547e-01;1.093056e-01;3.266559e-01;8.367904e-02;2.274681e-02;4.932221e-02;5.415861e-02;2.378223e-02;4.603378e-02;1.212076e-01;3.419047e-02;2.386302e-02
9.970517e-02;9.359618e-02;3.454449e-01;7.342752e-02;2.300157e-02;3.366962e-02;5.753370e-02;1.363617e-02;4.689153e-02;1.250554e-01;5.908760e-02;2.895070e-02
5.890260e-02;5.417023e-02;3.449391e-01;8.316806e-02;2.447574e-02;3.363455e-02;3.463921e-02;2.499596e-02;5.828559e-02;1.381194e-01;1.059542e-01;3.871534e-02
2.551773e-02;3.517355e-02;2.891107e-01;7.299581e-02;3.008642e-02;3.846028e-02;5.592628e-02;4.953496e-02;7.285076e-02;1.526787e-01;1.295495e-01;4.811532e-02
4.870790e-02;5.399958e-02;3.094603e-01;6.449790e-02;3.364571e-02;3.369165e-02;5.204534e-02;4.395209e-02;7.294879e-02;1.571157e-01;8.743326e-02;4.250185e-02
7.274181e-02;4.657613e-02;3.628228e-01;8.716611e-02;2.184645e-02;3.953575e-02;7.933915e-02;5.511720e-02;5.651918e-02;9.535019e-02;5.008562e-02;3.289960e-02
7.326285e-02;2.736298e-02;3.253180e-01;8.171801e-02;3.042758e-02;3.602630e-02;8.557167e-02;5.874654e-02;4.542721e-02;1.040262e-01;7.977250e-02;5.234015e-02
4.714236e-02;2.796040e-02;2.676305e-01;6.191346e-02;4.299972e-02;6.252764e-02;9.490930e-02;6.464329e-02;7.629692e-02;1.175728e-01;8.156585e-02;5.483782e-02
4.800721e-02;5.042475e-02;1.444128e-01;3.648507e-02;5.314089e-02;1.084500e-01;2.490724e-01;9.858465e-02;6.106469e-02;6.484658e-02;5.082028e-02;3.469079e-02
5.465218e-02;4.928640e-02;4.764383e-02;2.111219e-02;6.055421e-02;1.344642e-01;4.249503e-01;9.074012e-02;3.075259e-02;4.313157e-02;2.345665e-02;1.925573e-02
5.556210e-02;4.787486e-02;1.399260e-02;2.269912e-02;5.019486e-02;1.375731e-01;5.293995e-01;7.138161e-02;1.944879e-02;2.718582e-02;1.713331e-02;7.554391e-03
4.250323e-02;8.468897e-02;2.046942e-02;2.076943e-02;3.209024e-02;1.270509e-01;5.831837e-01;3.348898e-02;1.708888e-02;1.297165e-02;2.030933e-02;5.385172e-03
1.755509e-02;1.599685e-01;2.818548e-02;1.034021e-02;1.959519e-02;8.699060e-02;5.623695e-01;1.529855e-02;3.168411e-02;2.050292e-02;3.566185e-02;1.184791e-02
1.204622e-02;2.047118e-01;2.068403e-02;6.612968e-03;2.150964e-02;4.875398e-02;5.251816e-01;4.812357e-02;3.774127e-02;1.688130e-02;4.766280e-02;1.009085e-02
1.602230e-02;2.189341e-01;3.713116e-02;6.532503e-03;2.627967e-02;3.043301e-02;4.861309e-01;7.796715e-02;2.887486e-02;1.303672e-02;5.104239e-02;7.615261e-03
1.971978e-02;1.837825e-01;9.721585e-02;1.080145e-02;3.266650e-02;1.765439e-02;4.055071e-01;1.393072e-01;1.745500e-02;1.877496e-02;4.419336e-02;1.292185e-02
1.439695e-02;9.658594e-02;1.905017e-01;6.664533e-03;2.618195e-02;1.303062e-02;2.843046e-01;2.418718e-01;1.903091e-02;4.807798e-02;2.800328e-02;3.134978e-02
1.355329e-02;5.849176e-02;2.357322e-01;1.697434e-02;1.385473e-02;1.648920e-02;1.710442e-01;2.836651e-01;4.604296e-02;8.575998e-02;7.080863e-03;5.131140e-02
1.966734e-02;4.735277e-02;1.894847e-01;5.020290e-02;9.110529e-03;2.635761e-02;1.532140e-01;2.212179e-01;1.289348e-01;9.068956e-02;1.602240e-02;4.774543e-02
5.079889e-02;1.563550e-02;1.224982e-01;1.082727e-01;4.747710e-03;1.617762e-02;1.628715e-01;1.737394e-01;2.572390e-01;4.979013e-02;2.027155e-02;1.795782e-02
8.991857e-02;2.919648e-02;5.371121e-02;1.512434e-01;4.605986e-03;8.245018e-03;1.217357e-01;1.113486e-01;3.641747e-01;3.491642e-02;1.862981e-02;1.227411e-02
1.048773e-01;2.354803e-02;2.362768e-02;1.489317e-01;1.249890e-02;6.374576e-03;9.375763e-02;6.165612e-02;4.494530e-01;5.163121e-02;1.249142e-02;1.115239e-02
9.429498e-02;1.436541e-02;3.430631e-02;9.080031e-02;2.967369e-02;6.428494e-03;6.607012e-02;1.048482e-01;4.341720e-01;1.083106e-01;7.958047e-03;8.771845e-03
7.945639e-02;2.455292e-02;3.232795e-02;3.735062e-02;4.817137e-02;8.967293e-03;9.620044e-02;1.224754e-01;3.714133e-01;1.418155e-01;2.351665e-02;1.375219e-02
5.455154e-02;4.599033e-02;3.917726e-02;1.115366e-02;4.175606e-02;1.205047e-02;1.941705e-01;1.313858e-01;2.992881e-01;1.253734e-01;3.066986e-02;1.443295e-02
4.379143e-02;5.153033e-02;7.784944e-02;1.787499e-02;1.691548e-02;1.464174e-02;2.710845e-01;1.213848e-01;2.700833e-01;8.284560e-02;2.098507e-02;1.101335e-02
4.294473e-02;3.531583e-02;6.892609e-02;5.765776e-02;1.190242e-02;1.420315e-02;2.802270e-01;1.495124e-01;2.509377e-01;6.554619e-02;1.392446e-02;8.902305e-03
2.899258e-02;2.113992e-02;5.963954e-02;1.045892e-01;2.474191e-02;1.708858e-02;2.566523e-01;1.383062e-01;2.230541e-01;1.050961e-01;1.394806e-02;6.751541e-03
3.195703e-02;2.694098e-02;6.765760e-02;9.246263e-02;4.597953e-02;1.433205e-02;1.899971e-01;8.867031e-02;2.130976e-01;1.868776e-01;3.162182e-02;1.040584e-02
4.371176e-02;5.010337e-02;4.457337e-02;4.109449e-02;6.582932e-02;1.088434e-02;1.393863e-01;7.095599e-02;1.808235e-01;2.954564e-01;4.167140e-02;1.550990e-02
6.405874e-02;5.433097e-02;2.789010e-02;4.614717e-02;5.536192e-02;1.319782e-02;1.329895e-01;1.174625e-01;9.996387e-02;3.192207e-01;4.681759e-02;2.255912e-02
6.917667e-02;3.369375e-02;2.195250e-02;8.483711e-02;3.571860e-02;1.798968e-02;1.324985e-01;1.039211e-01;2.480101e-01;1.991262e-01;3.546625e-02;1.760954e-02
6.254321e-02;2.141755e-02;2.140684e-02;1.153383e-01;2.376477e-02;1.488427e-02;1.689005e-01;1.287839e-01;3.315641e-01;7.995422e-02;2.220989e-02;9.232451e-03
4.441144e-02;1.980461e-02;3.299767e-02;8.529097e-02;1.776664e-02;1.764507e-02;2.584639e-01;1.567989e-01;3.021076e-01;2.730484e-02;1.846949e-02;1.893882e-02
2.827817e-02;2.847689e-02;4.112884e-02;2.993065e-02;2.796344e-02;3.651552e-02;3.863088e-01;1.280605e-01;2.176822e-01;3.769000e-02;1.841748e-02;1.954753e-02
2.587637e-02;2.739949e-02;4.625867e-02;1.972217e-02;5.177873e-02;5.395467e-02;3.904430e-01;1.073128e-01;1.942541e-01;5.289308e-02;2.020231e-02;9.904613e-03
2.834389e-02;1.836400e-02;8.265807e-02;3.251948e-02;8.378415e-02;5.124023e-02;2.421979e-01;9.224526e-02;2.529812e-01;6.919363e-02;2.277884e-02;2.369325e-02
4.303850e-02;1.702205e-02;1.241031e-01;4.592710e-02;9.537340e-02;3.346341e-02;1.003386e-01;1.197947e-01;3.157567e-01;5.312936e-02;1.669418e-02;3.535876e-02
6.792171e-02;2.847143e-02;1.339942e-01;5.387188e-02;6.786726e-02;3.189160e-02;1.590822e-01;1.545870e-01;2.344411e-01;2.680951e-02;1.557110e-02;2.549103e-02
9.183241e-02;3.614462e-02;1.389764e-01;5.344876e-02;9.679650e-02;5.601567e-02;1.832396e-01;1.277890e-01;1.212154e-01;5.077900e-02;1.772002e-02;2.604262e-02
7.312553e-02;7.397175e-02;6.802817e-02;2.197920e-02;5.590102e-02;8.500285e-02;3.555689e-01;8.428819e-02;7.793725e-02;6.971895e-02;2.127267e-02;1.320554e-02
4.054476e-02;1.102768e-01;4.290450e-02;1.220875e-02;1.730092e-02;5.226620e-02;4.522027e-01;1.296291e-01;4.041112e-02;4.669545e-02;4.511944e-02;1.044029e-02
2.013741e-02;1.315986e-01;5.701165e-02;1.126376e-02;2.738549e-02;2.577855e-02;4.594410e-01;1.458845e-01;3.191525e-02;2.484533e-02;5.276082e-02;1.197757e-02
9.379636e-03;1.514591e-01;5.397766e-02;1.150997e-02;3.766657e-02;1.777024e-02;4.580185e-01;1.510312e-01;3.048469e-02;2.080912e-02;4.968329e-02;8.210096e-03
8.036637e-03;1.572254e-01;6.640427e-02;7.310614e-03;4.544563e-02;1.272633e-02;4.514227e-01;1.523423e-01;3.451637e-02;1.417194e-02;3.832221e-02;1.207561e-02
1.467593e-02;1.422770e-01;1.082070e-01;5.219505e-03;3.811752e-02;1.495661e-02;4.075995e-01;1.954762e-01;2.725166e-02;1.990248e-02;1.732468e-02;8.991979e-03
1.296465e-02;1.033624e-01;1.320746e-01;9.600608e-03;2.088883e-02;8.371875e-03;3.661528e-01;2.587629e-01;3.358792e-02;3.443170e-02;1.263933e-02;7.162312e-03
5.877218e-03;5.734298e-02;1.467031e-01;1.173580e-02;1.376448e-02;6.505190e-03;3.844877e-01;2.982428e-01;2.372136e-02;3.648163e-02;7.244751e-03;7.893058e-03
8.602375e-03;4.840447e-02;1.019377e-01;1.234065e-02;1.595712e-02;1.597363e-02;4.413834e-01;2.970105e-01;2.530166e-02;2.076917e-02;6.966072e-03;5.353284e-03
9.211045e-03;2.767944e-02;6.209342e-02;1.402378e-02;3.050783e-02;1.052710e-02;4.953815e-01;2.980643e-01;2.561996e-02;1.177664e-02;9.886916e-03;5.228049e-03
5.362425e-03;2.635063e-02;3.305299e-02;9.123655e-03;7.035843e-02;1.305591e-02;5.204652e-01;2.770261e-01;1.594630e-02;1.222796e-02;1.237726e-02;4.653201e-03
4.805392e-03;4.794195e-02;1.955210e-02;6.542082e-03;9.502617e-02;1.353850e-02;5.249935e-01;2.466818e-01;1.481818e-02;1.058956e-02;1.108942e-02;4.421301e-03
5.803332e-03;7.056533e-02;1.127891e-02;5.453500e-03;9.755911e-02;1.228607e-02;5.176810e-01;2.295269e-01;2.059619e-02;1.133636e-02;1.644970e-02;1.463568e-03
6.177741e-03;9.777961e-02;1.380412e-02;3.550835e-03;8.390108e-02;1.367720e-02;5.086791e-01;1.999573e-01;3.359737e-02;1.378317e-02;2.302832e-02;2.064174e-03
6.121469e-03;1.337283e-01;1.661253e-02;3.948151e-03;7.309561e-02;1.584138e-02;4.996679e-01;1.508726e-01;4.064102e-02;1.927731e-02;3.669092e-02;3.502735e-03
6.570673e-03;1.839078e-01;2.143203e-02;6.997174e-03;6.017007e-02;1.175620e-02;4.711806e-01;1.027703e-01;5.658773e-02;2.408008e-02;4.830663e-02;6.240674e-03
5.156113e-03;2.287354e-01;2.248442e-02;8.896007e-03;4.659097e-02;1.920456e-02;4.486215e-01;7.029840e-02;8.099774e-02;1.664926e-02;4.483187e-02;7.533822e-03
5.437126e-03;2.690518e-01;8.567636e-03;9.408225e-03;3.689641e-02;2.236269e-02;4.633648e-01;2.654409e-02;8.931532e-02;1.006018e-02;5.192426e-02;7.067506e-03
3.991474e-03;2.784286e-01;1.570712e-02;8.103671e-03;2.389558e-02;2.427404e-02;4.602935e-01;2.806311e-02;8.249283e-02;1.053616e-02;5.863496e-02;5.578912e-03
1.001990e-02;2.730449e-01;1.820884e-02;8.036990e-03;1.885840e-02;3.782566e-02;4.543265e-01;3.410390e-02;7.893602e-02;1.252794e-02;4.945322e-02;4.657806e-03
1.000333e-02;2.563764e-01;1.220486e-02;5.772891e-03;1.985344e-02;7.393631e-02;4.754451e-01;1.732602e-02;7.417089e-02;9.361641e-03;4.171945e-02;3.829706e-03
1.275381e-02;1.871039e-01;1.964792e-02;1.049027e-02;3.877936e-02;1.200634e-01;4.762424e-01;3.029964e-02;5.816335e-02;9.542928e-03;3.397239e-02;2.940603e-03
1.801446e-02;8.780753e-02;2.629767e-02;2.120836e-02;7.589555e-02;1.506981e-01;4.702461e-01;5.132721e-02;4.350741e-02;2.312526e-02;2.872479e-02;3.147636e-03
4.091086e-02;7.567360e-02;3.128408e-02;2.127766e-02;8.088538e-02;1.506980e-01;4.253893e-01;7.949636e-02;2.576429e-02;4.130387e-02;2.182969e-02;5.486850e-03
5.252200e-02;9.957862e-02;2.384224e-02;1.301951e-02;1.054120e-01;1.591151e-01;3.645762e-01;9.333380e-02;2.561664e-02;3.469310e-02;1.910475e-02;9.186100e-03
4.370846e-02;1.309236e-01;4.876759e-02;1.510368e-02;1.621490e-01;1.565187e-01;2.565121e-01;8.239117e-02;3.011409e-02;2.164557e-02;2.217229e-02;2.999381e-02
3.289088e-02;1.448331e-01;5.938907e-02;2.052764e-02;2.264919e-01;1.166491e-01;1.650050e-01;6.501991e-02;5.857741e-02;1.649241e-02;2.912209e-02;6.500158e-02
2.182797e-02;1.293642e-01;7.356051e-02;2.337996e-02;2.375865e-01;7.158872e-02;2.078240e-01;5.264887e-02;5.713354e-02;1.382395e-02;2.866353e-02;8.259828e-02
1.589292e-02;1.156144e-01;8.660997e-02;2.865179e-02;2.332263e-01;5.737635e-02;2.359101e-01;5.140233e-02;3.821158e-02;8.795252e-03;2.738304e-02;1.009259e-01
1.285578e-02;1.129772e-01;1.085779e-01;4.014879e-02;2.200115e-01;4.601146e-02;2.244807e-01;5.228646e-02;2.873898e-02;8.817050e-03;1.953118e-02;1.255630e-01
1.630095e-02;1.042092e-01;1.345841e-01;4.719597e-02;2.193334e-01;4.358224e-02;1.828032e-01;4.672748e-02;2.991422e-02;1.837325e-02;1.877282e-02;1.382031e-01
2.530339e-02;8.653510e-02;1.194496e-01;5.883035e-02;2.463763e-01;5.598222e-02;1.129473e-01;4.127409e-02;3.878785e-02;2.803912e-02;3.896990e-02;1.475047e-01
3.508589e-02;7.904615e-02;7.793325e-02;4.605292e-02;2.547710e-01;9.337065e-02;1.168690e-01;3.246369e-02;6.799971e-02;2.126333e-02;4.329377e-02;1.318505e-01
5.356707e-02;7.590187e-02;4.314858e-02;2.029285e-02;1.883383e-01;1.820525e-01;1.733151e-01;9.538618e-02;5.079087e-02;2.346898e-02;1.968454e-02;7.405321e-02
6.815895e-02;6.639890e-02;3.087474e-02;7.534681e-03;9.123071e-02;2.386450e-01;2.318880e-01;1.626206e-01;1.919744e-02;5.260460e-02;6.132095e-03;2.471430e-02
5.711091e-02;4.182223e-02;3.029761e-02;1.119561e-02;7.872698e-02;2.237068e-01;3.386139e-01;1.251387e-01;1.486474e-02;6.551457e-02;4.136186e-03;8.871766e-03
3.100779e-02;2.189104e-02;3.293508e-02;1.183302e-02;8.448070e-02;1.763657e-01;4.778494e-01;5.398218e-02;5.400533e-02;4.678154e-02;4.574148e-03;4.294055e-03
1.032390e-02;1.516476e-02;2.198704e-02;8.953994e-03;5.125024e-02;9.018539e-02;5.834855e-01;2.948187e-02;1.632217e-01;1.533628e-02;8.182626e-03;2.426734e-03
1.474282e-02;1.446007e-02;1.753537e-02;4.842303e-03;2.822571e-02;4.709487e-02;6.019374e-01;3.768541e-02;2.115615e-01;7.456447e-03;1.095139e-02;3.506817e-03
1.006071e-02;2.063624e-02;2.327948e-02;3.524059e-03;2.551124e-02;2.945049e-02;6.063333e-01;8.424546e-02;1.587005e-01;2.705570e-02;8.400502e-03;2.802386e-03
1.490873e-02;2.159482e-02;3.449921e-02;5.077904e-03;2.392674e-02;3.580959e-02;5.273928e-01;1.706852e-01;8.089233e-02;7.416955e-02;5.003561e-03;6.039579e-03
1.657187e-02;1.318189e-02;4.549439e-02;2.075574e-02;3.163910e-02;6.975729e-02;3.552400e-01;2.426044e-01;8.458970e-02;1.055323e-01;5.484279e-03;9.148988e-03
1.938710e-02;1.605813e-02;4.385652e-02;5.686982e-02;3.800986e-02;1.065106e-01;2.633133e-01;2.038014e-01;1.498973e-01;8.700462e-02;9.562950e-03;5.728455e-03
1.409395e-02;2.098182e-02;3.838987e-02;6.891571e-02;2.509949e-02;6.069877e-02;4.241291e-01;1.285001e-01;1.451067e-01;4.975597e-02;1.345783e-02;1.087062e-02
1.511306e-02;2.660719e-02;5.352592e-02;4.279110e-02;2.150201e-02;3.552572e-02;5.477883e-01;1.066753e-01;9.566742e-02;2.247310e-02;1.696150e-02;1.536936e-02
1.222244e-02;1.695541e-02;2.912663e-02;1.137896e-02;1.911528e-02;3.288656e-02;6.508351e-01;9.862829e-02;7.423956e-02;2.790501e-02;1.708406e-02;9.622703e-03
8.799961e-03;1.719094e-02;2.116827e-02;2.716774e-03;1.511453e-02;2.720171e-02;7.095995e-01;1.000367e-01;5.918853e-02;1.871906e-02;1.497971e-02;5.284352e-03
5.985470e-03;2.122603e-02;1.584723e-02;3.193716e-03;2.113669e-02;2.580328e-02;7.402985e-01;8.683559e-02;4.404993e-02;2.082435e-02;1.043755e-02;4.361706e-03
5.261993e-03;1.780363e-02;1.385390e-02;6.272980e-03;2.514724e-02;2.779371e-02;7.389560e-01;8.373383e-02;4.534155e-02;1.611822e-02;1.686311e-02;2.853800e-03
5.533824e-03;1.702082e-02;1.476799e-02;1.155606e-02;2.375942e-02;2.637317e-02;7.244011e-01;7.503048e-02;5.258253e-02;1.657999e-02;2.540273e-02;6.991890e-03
1.416869e-02;2.201098e-02;1.362313e-02;1.442264e-02;2.812091e-02;4.625795e-02;6.781423e-01;5.494808e-02;5.618529e-02;2.107454e-02;4.035679e-02;1.068864e-02
1.949411e-02;2.584102e-02;1.614888e-02;2.339175e-02;3.309845e-02;7.667205e-02;5.957481e-01;3.613171e-02;5.136717e-02;2.979704e-02;7.906962e-02;1.324009e-02
3.059771e-02;4.346889e-02;2.098137e-02;2.150156e-02;2.991735e-02;1.160445e-01;4.799540e-01;6.356297e-02;3.688305e-02;3.137984e-02;1.050401e-01;2.066873e-02
1.072803e-01;3.359437e-02;1.632128e-02;1.787869e-02;3.427722e-02;2.027465e-01;4.265971e-01;3.907483e-02;1.780851e-02;3.351879e-02;5.240399e-02;1.849830e-02
1.565319e-01;1.982828e-02;1.053929e-02;9.825709e-03;5.917697e-02;2.526693e-01;3.961298e-01;2.245564e-02;1.539337e-02;2.722041e-02;1.585323e-02;1.437614e-02
1.458479e-01;1.146118e-02;2.198805e-02;9.410697e-03;1.035928e-01;2.750793e-01;3.182706e-01;2.633230e-02;2.439695e-02;1.852980e-02;1.105896e-02;3.403148e-02
1.385294e-01;1.888273e-02;3.521738e-02;9.884089e-03;1.711507e-01;2.921066e-01;1.935325e-01;3.377892e-02;3.121575e-02;1.673419e-02;1.194033e-02;4.702745e-02
1.537196e-01;2.158042e-02;4.099725e-02;2.180786e-02;1.956942e-01;2.667194e-01;1.656857e-01;2.868453e-02;3.037413e-02;1.516649e-02;1.912775e-02;4.044266e-02
1.842087e-01;2.697930e-02;4.677280e-02;3.505877e-02;2.117263e-01;2.711171e-01;8.652624e-02;2.356816e-02;3.412849e-02;1.495026e-02;2.408775e-02;4.087607e-02
1.756198e-01;2.260905e-02;7.969289e-02;3.651705e-02;1.752356e-01;1.880531e-01;1.960893e-01;1.931237e-02;2.659568e-02;1.279140e-02;2.298878e-02;4.449502e-02
1.303181e-01;2.713457e-02;1.736391e-01;5.582491e-02;1.143279e-01;9.471852e-02;2.397858e-01;1.802861e-02;2.242700e-02;1.657025e-02;3.637687e-02;7.084836e-02
1.150871e-01;3.411291e-02;2.956102e-01;6.995399e-02;4.773398e-02;6.927208e-02;1.989820e-01;2.180854e-02;3.088967e-02;3.417232e-02;4.625347e-02;3.612386e-02
1.487428e-01;4.070191e-02;2.724669e-01;4.764103e-02;4.158736e-02;6.525987e-02;2.236645e-01;2.791666e-02;3.393430e-02;3.852656e-02;3.311312e-02;2.644491e-02
2.015887e-01;4.504498e-02;2.076881e-01;3.098752e-02;6.545404e-02;7.699521e-02;2.244447e-01;3.140495e-02;2.951284e-02;3.998208e-02;2.174111e-02;2.515584e-02
2.144375e-01;3.698822e-02;1.913375e-01;3.131821e-02;9.301828e-02;9.893640e-02;1.635798e-01;5.402356e-02;2.989195e-02;3.254253e-02;1.820282e-02;3.572326e-02
2.079652e-01;5.278393e-02;1.336545e-01;5.012998e-02;8.475958e-02;8.205089e-02;1.905950e-01;5.327443e-02;3.077048e-02;3.122209e-02;3.352115e-02;4.927266e-02
1.479734e-01;6.860629e-02;1.221630e-01;7.406262e-02;7.076925e-02;9.487511e-02;1.511751e-01;4.155569e-02;5.819862e-02;5.882228e-02;6.016831e-02;5.163040e-02
5.481633e-02;4.443231e-02;1.881759e-01;5.542289e-02;6.368501e-02;1.123410e-01;1.886244e-01;4.331977e-02;7.064247e-02;7.206573e-02;5.772193e-02;4.875223e-02
7.562354e-02;3.353055e-02;2.145960e-01;5.856165e-02;1.327357e-01;1.221478e-01;1.696748e-01;2.840987e-02;3.550154e-02;4.149546e-02;4.522428e-02;4.249874e-02
7.149237e-02;1.889763e-02;1.288153e-01;5.482806e-02;1.684238e-01;1.218792e-01;2.709471e-01;2.770260e-02;1.603839e-02;2.155583e-02;4.297078e-02;5.644896e-02
7.524934e-02;1.004874e-02;5.325817e-02;4.385501e-02;1.393917e-01;1.702119e-01;3.173007e-01;5.930959e-02;1.412778e-02;3.414979e-02;3.359297e-02;4.950429e-02
8.150651e-02;6.992208e-03;2.974745e-02;2.633936e-02;8.917755e-02;2.122702e-01;3.621503e-01;7.769247e-02;6.869207e-03;6.298631e-02;1.921998e-02;2.504839e-02
8.103079e-02;5.451947e-03;1.881380e-02;1.151302e-02;7.222310e-02;2.340022e-01;3.522687e-01;1.006377e-01;4.236101e-03;9.898897e-02;1.073869e-02;1.009508e-02
6.617518e-02;7.952288e-03;1.094569e-02;1.046690e-02;8.892567e-02;2.646164e-01;2.777770e-01;1.314320e-01;7.626477e-03;1.187740e-01;9.434437e-03;5.873892e-03
6.920544e-02;6.008809e-03;2.358718e-02;9.370081e-03;9.527711e-02;3.071558e-01;2.064775e-01;1.493270e-01;9.133765e-03;1.089092e-01;8.894321e-03;6.653836e-03
7.900463e-02;7.529262e-03;2.005858e-02;1.200085e-02;1.030580e-01;3.650561e-01;1.382965e-01;1.516753e-01;6.724623e-03;1.040416e-01;6.529994e-03;6.024581e-03
7.332835e-02;4.148046e-03;2.098869e-02;1.173886e-02;1.020206e-01;3.448302e-01;2.214922e-01;1.101144e-01;9.993093e-03;9.117100e-02;4.744567e-03;5.429998e-03
6.472839e-02;5.874360e-03;1.455866e-02;7.999139e-03;1.023547e-01;3.271766e-01;3.087882e-01;8.557460e-02;7.308289e-03;6.777551e-02;4.306112e-03;3.555437e-03
