1.661118e-01;1.535739e-01;2.566833e-01;2.316270e-02;2.584088e-02;4.628555e-02;5.154675e-02;2.912188e-02;4.054596e-02;6.300722e-02;6.406864e-02;8.005141e-02
1.124101e-01;1.457458e-01;3.116045e-01;3.963564e-02;2.941778e-02;3.626569e-02;4.480757e-02;2.608966e-02;3.733519e-02;6.945159e-02;8.738119e-02;5.985527e-02
7.118198e-02;1.220160e-01;3.052427e-01;7.260583e-02;4.133676e-02;3.698154e-02;4.516103e-02;3.629432e-02;2.875454e-02;6.221751e-02;1.472408e-01;3.096699e-02
6.123577e-02;1.019118e-01;2.140719e-01;9.927709e-02;6.265517e-02;4.670496e-02;3.586399e-02;5.244331e-02;2.334458e-02;4.559206e-02;2.260089e-01;3.089037e-02
2.903734e-02;7.598905e-02;1.534694e-01;1.081928e-01;1.207926e-01;5.354392e-02;3.427928e-02;5.284131e-02;2.994993e-02;2.831964e-02;2.331750e-01;8.040971e-02
3.391523e-02;4.664926e-02;2.406417e-01;9.564519e-02;1.582596e-01;5.413355e-02;8.196720e-02;2.611500e-02;5.299435e-02;2.690225e-02;9.433512e-02;8.844158e-02
3.889493e-02;4.225870e-02;2.614776e-01;8.643094e-02;1.090888e-01;6.076223e-02;1.451550e-01;5.845612e-02;3.126810e-02;4.348697e-02;7.767606e-02;4.504459e-02
4.044599e-02;6.671158e-02;2.175546e-01;8.181057e-02;7.597776e-02;6.270779e-02;1.626180e-01;8.098516e-02;3.645027e-02;6.231177e-02;8.096285e-02;3.146368e-02
7.219334e-02;1.053002e-01;2.095793e-01;9.630401e-02;5.859591e-02;4.490917e-02;1.494173e-01;6.839593e-02;4.684590e-02;5.191432e-02;5.169939e-02;4.484529e-02
5.886710e-02;8.490293e-02;3.881137e-01;1.017760e-01;6.596142e-02;3.238450e-02;9.425087e-02;2.142500e-02;1.620167e-02;3.839273e-02;5.699130e-02;4.073278e-02
6.608278e-02;6.301375e-02;3.302959e-01;1.267532e-01;7.699303e-02;3.131142e-02;1.092215e-01;2.724543e-02;2.933181e-02;3.640962e-02;5.904478e-02;4.429676e-02
6.223903e-02;6.093416e-02;1.341708e-01;1.064113e-01;1.057800e-01;6.240329e-02;1.296040e-01;4.658194e-02;6.108101e-02;4.775454e-02;1.149476e-01;6.809230e-02
6.946636e-02;8.988161e-02;9.639534e-02;5.170606e-02;8.972072e-02;6.179006e-02;6.802857e-02;6.900168e-02;1.663310e-01;9.464144e-02;8.008900e-02;6.294816e-02
9.327528e-02;9.393210e-02;6.874444e-02;5.135993e-02;8.695788e-02;5.050854e-02;6.712286e-02;7.137261e-02;1.879866e-01;9.659933e-02;6.135647e-02;7.078397e-02
7.264496e-02;8.199275e-02;8.622013e-02;4.433011e-02;9.491683e-02;6.546071e-02;1.455911e-01;6.136221e-02;1.643996e-01;7.444739e-02;4.620910e-02;6.242510e-02
2.498666e-02;3.414052e-02;1.225618e-01;4.467426e-02;1.742700e-01;9.948246e-02;2.457172e-01;5.734591e-02;1.015478e-01;4.428740e-02;1.861323e-02;3.237284e-02
1.673319e-02;3.844523e-02;1.055458e-01;4.835614e-02;2.515560e-01;8.117293e-02;2.253844e-01;4.822224e-02;1.057070e-01;2.014344e-02;1.531194e-02;4.342172e-02
1.401883e-02;7.753555e-02;1.132679e-01;1.393975e-01;2.101235e-01;5.254579e-02;1.417436e-01;8.670557e-02;6.636430e-02;2.722304e-02;3.493373e-02;3.614067e-02
2.370810e-02;8.173303e-02;1.878248e-01;2.434596e-01;9.561676e-02;5.984217e-02;5.879914e-02;1.243250e-01;2.782887e-02;2.546212e-02;5.741276e-02;1.398772e-02
5.901618e-02;5.587946e-02;3.042848e-01;2.152131e-01;4.605408e-02;5.358721e-02;5.062706e-02;7.927716e-02;4.068244e-02;2.893494e-02;5.121002e-02;1.523360e-02
9.660847e-02;6.544013e-02;3.321078e-01;1.254165e-01;5.662100e-02;4.454571e-02;9.147938e-02;2.888782e-02;4.793159e-02;4.702679e-02;3.320776e-02;3.072701e-02
1.323083e-01;9.398875e-02;2.613795e-01;7.568083e-02;7.923593e-02;4.837346e-02;1.132166e-01;2.124329e-02;4.347716e-02;5.087675e-02;3.079635e-02;4.942305e-02
6.497876e-02;9.753840e-02;2.216095e-01;7.287434e-02;5.638495e-02;4.773951e-02;1.339954e-01;4.927403e-02;2.838659e-02;7.260018e-02;7.294413e-02;8.167430e-02
1.135567e-01;1.079547e-01;1.766587e-01;5.829009e-02;4.960733e-02;4.687236e-02;1.460570e-01;6.879760e-02;2.979582e-02;6.542195e-02;5.724055e-02;7.974721e-02
1.435390e-01;1.805438e-01;1.820798e-01;5.367959e-02;3.793542e-02;4.771223e-02;1.252322e-01;5.992886e-02;4.865516e-02;4.017134e-02;3.450330e-02;4.601916e-02
1.018596e-01;2.753691e-01;2.009798e-01;5.322954e-02;2.077361e-02;9.387449e-02;8.223333e-02;3.187418e-02;7.358777e-02;1.744715e-02;1.437247e-02;3.439904e-02
7.449690e-02;3.180067e-01;2.343379e-01;3.665857e-02;8.539844e-03;1.204140e-01;3.247015e-02;9.401954e-03;8.591731e-02;8.918081e-03;2.261752e-02;4.822113e-02
6.750727e-02;2.807705e-01;2.602594e-01;2.268038e-02;4.105090e-03;1.120727e-01;1.207671e-02;1.246773e-02;1.104895e-01;7.646094e-03;5.168776e-02;5.823693e-02
5.938584e-02;2.291442e-01;2.984741e-01;1.481790e-02;5.819727e-03;9.230173e-02;8.347147e-03;2.969816e-02;1.493186e-01;1.257974e-02;4.516203e-02;5.495078e-02
3.563104e-02;2.168202e-01;3.567344e-01;1.105329e-02;5.304944e-03;1.118155e-01;8.384776e-03;4.065606e-02;1.456751e-01;9.775063e-03;1.630535e-02;4.184426e-02
2.932222e-02;2.113926e-01;3.926265e-01;1.821244e-02;8.973431e-03;1.736681e-01;9.467691e-03;3.665516e-02;7.944802e-02;1.117353e-02;3.761458e-03;2.529889e-02
2.917543e-02;2.115466e-01;3.981836e-01;1.558781e-02;2.304570e-02;2.049930e-01;1.101344e-02;2.771493e-02;3.802691e-02;1.686350e-02;7.592027e-03;1.625704e-02
2.549451e-02;2.372590e-01;3.993712e-01;1.481768e-02;2.689897e-02;1.568500e-01;1.228930e-02;2.084157e-02;5.912849e-02;2.216989e-02;1.102976e-02;1.384963e-02
4.356450e-02;2.990632e-01;4.004185e-01;2.273894e-02;1.830972e-02;7.569744e-02;1.329988e-02;1.845906e-02;6.414483e-02;1.492929e-02;9.822064e-03;1.955255e-02
9.218135e-02;3.506804e-01;3.594766e-01;1.988610e-02;1.112894e-02;5.162117e-02;1.186984e-02;1.327838e-02;5.237603e-02;1.359210e-02;5.339422e-03;1.856972e-02
1.698832e-01;3.488548e-01;3.103155e-01;1.578122e-02;1.857717e-02;2.865579e-02;1.435588e-02;1.314290e-02;4.559715e-02;1.003538e-02;6.829457e-03;1.797152e-02
2.705657e-01;2.745015e-01;2.231615e-01;1.648072e-02;3.769562e-02;1.673170e-02;3.051471e-02;3.245580e-02;4.427626e-02;1.179710e-02;1.621119e-02;2.560819e-02
3.408454e-01;1.613303e-01;1.120535e-01;1.479097e-02;5.386537e-02;5.426540e-02;5.847227e-02;6.186832e-02;4.690276e-02;1.949492e-02;3.151865e-02;4.459213e-02
3.022107e-01;9.848354e-02;1.247625e-01;1.567267e-02;3.578803e-02;1.035981e-01;4.240442e-02;5.389180e-02;5.876020e-02;3.412151e-02;4.042542e-02;8.988112e-02
3.306732e-01;1.340511e-01;9.051598e-02;1.506887e-02;1.105962e-02;1.298530e-01;2.444796e-02;2.270794e-02;7.702693e-02;3.671099e-02;3.444751e-02;9.343695e-02
3.292173e-01;1.229284e-01;9.206816e-02;1.262254e-02;1.171103e-02;1.489591e-01;1.641639e-02;2.299762e-02;8.171669e-02;4.100880e-02;3.140754e-02;8.894647e-02
3.132128e-01;8.213594e-02;1.179663e-01;1.090865e-02;1.444438e-02;1.531383e-01;1.991663e-02;2.534070e-02;8.336423e-02;4.850501e-02;3.423137e-02;9.683570e-02
3.333276e-01;9.809998e-02;1.594037e-01;2.181098e-02;3.649331e-02;1.080235e-01;2.127578e-02;4.111357e-02;5.186457e-02;3.573191e-02;3.079297e-02;6.206208e-02
2.487281e-01;1.504235e-01;2.105610e-01;3.185090e-02;6.819974e-02;9.348687e-02;3.468847e-02;4.972816e-02;3.073647e-02;2.504112e-02;2.974352e-02;2.681218e-02
1.656728e-01;2.000185e-01;2.233296e-01;3.229890e-02;7.911512e-02;1.289155e-01;3.578152e-02;3.575264e-02;4.192926e-02;1.819449e-02;2.058511e-02;1.840658e-02
9.191858e-02;2.043524e-01;3.238213e-01;2.624216e-02;5.309577e-02;1.441113e-01;3.387501e-02;2.220595e-02;4.975678e-02;2.620742e-02;9.433882e-03;1.497943e-02
2.466412e-02;1.402397e-01;5.272281e-01;2.693379e-02;2.241707e-02;8.614105e-02;7.020585e-02;1.523182e-02;2.988490e-02;4.594403e-02;4.390636e-03;6.719010e-03
3.279089e-02;7.419384e-02;5.996456e-01;7.587092e-02;1.708618e-02;2.571069e-02;9.030710e-02;1.543805e-02;1.200042e-02;4.226544e-02;1.079978e-02;3.891092e-03
3.417799e-02;2.239455e-02;5.443956e-01;1.656981e-01;3.085916e-02;2.926596e-02;7.680109e-02;2.833760e-02;1.616848e-02;2.160202e-02;2.248608e-02;7.813375e-03
2.320730e-02;3.123914e-02;4.645894e-01;2.327874e-01;5.043953e-02;3.538400e-02;5.377338e-02;4.281226e-02;1.379761e-02;1.297624e-02;2.715633e-02;1.183739e-02
3.633957e-02;4.311597e-02;4.887358e-01;1.741545e-01;5.811929e-02;3.212922e-02;6.056188e-02;2.975905e-02;1.626703e-02;1.852463e-02;2.659642e-02;1.569671e-02
4.159604e-02;6.593041e-02;5.691676e-01;1.007023e-01;5.189756e-02;4.150249e-02;4.611214e-02;2.047135e-02;1.125496e-02;2.069100e-02;1.522264e-02;1.545156e-02
2.109068e-02;7.828075e-02;6.412292e-01;7.659078e-02;2.774964e-02;5.137846e-02;3.027315e-02;2.272126e-02;8.755907e-03;1.399844e-02;7.407309e-03;2.052436e-02
3.151609e-02;9.932016e-02;5.935323e-01;7.223067e-02;1.577314e-02;9.462950e-02;2.282352e-02;2.408693e-02;8.973978e-03;4.897660e-03;5.712674e-03;2.650339e-02
3.649265e-02;1.163894e-01;5.324140e-01;6.350441e-02;1.330642e-02;1.495854e-01;1.264989e-02;1.676100e-02;1.136131e-02;8.245958e-03;9.307035e-03;2.998245e-02
3.775151e-02;1.148263e-01;4.843086e-01;4.963935e-02;1.138988e-02;1.833771e-01;3.041311e-02;2.092062e-02;1.851492e-02;9.245450e-03;9.181754e-03;3.043137e-02
4.719184e-02;5.771577e-02;4.602346e-01;3.613872e-02;2.073409e-02;1.373058e-01;7.542939e-02;3.781066e-02;3.749422e-02;3.812737e-02;1.373488e-02;3.808265e-02
5.511947e-02;3.253991e-02;4.518586e-01;5.065184e-02;2.824159e-02;7.571094e-02;9.795433e-02;3.890520e-02;4.587419e-02;8.017562e-02;1.368328e-02;2.928508e-02
8.459112e-02;2.960042e-02;4.900206e-01;6.823011e-02;1.952295e-02;2.848393e-02;9.353839e-02;2.587327e-02;3.478392e-02;9.149648e-02;2.048031e-02;1.337849e-02
1.250326e-01;6.266218e-02;4.575284e-01;6.930588e-02;3.193111e-02;1.778898e-02;8.017240e-02;2.321160e-02;2.105928e-02;7.894989e-02;1.946312e-02;1.289458e-02
1.497727e-01;9.647417e-02;3.150932e-01;5.266158e-02;5.063765e-02;2.699687e-02;1.063077e-01;3.793722e-02;2.593213e-02;8.317678e-02;3.125354e-02;2.375630e-02
1.814977e-01;5.846871e-02;1.937186e-01;3.809877e-02;6.513555e-02;5.694607e-02;1.012882e-01;6.128760e-02;5.101047e-02;8.766487e-02;7.439156e-02;3.049195e-02
1.538135e-01;1.075946e-01;1.767898e-01;3.846420e-02;4.822852e-02;5.317255e-02;6.216671e-02;5.996769e-02;5.502966e-02;7.892712e-02;9.109391e-02;7.475175e-02
1.145799e-01;1.101824e-01;3.348643e-01;3.786725e-02;2.756304e-02;2.565766e-02;5.423049e-02;4.059156e-02;3.431413e-02;8.450364e-02;5.440033e-02;8.124535e-02
5.960879e-02;8.512074e-02;5.098438e-01;2.859199e-02;2.713843e-02;1.189507e-02;4.444299e-02;2.040209e-02;1.810366e-02;1.261076e-01;2.359116e-02;4.515361e-02
3.323244e-02;1.146025e-01;5.714385e-01;1.715064e-02;2.019419e-02;1.056154e-02;3.119504e-02;2.516966e-02;1.843217e-02;1.188005e-01;1.531335e-02;2.390948e-02
3.261430e-02;1.556935e-01;4.895998e-01;2.216932e-02;1.219262e-02;2.906128e-02;2.340717e-02;4.463071e-02;5.739881e-02;7.354688e-02;5.546635e-03;5.413897e-02
1.025789e-01;1.769024e-01;3.449588e-01;2.665388e-02;1.667419e-02;4.336917e-02;1.884636e-02;4.458458e-02;1.013721e-01;5.232113e-02;1.002076e-02;6.171763e-02
1.496195e-01;1.995051e-01;1.940593e-01;3.170170e-02;3.171187e-02;4.890444e-02;3.336326e-02;4.638584e-02;1.098235e-01;6.516178e-02;2.697236e-02;6.279135e-02
5.907058e-02;2.227969e-01;2.452277e-01;2.350965e-02;4.033541e-02;3.993029e-02;4.054111e-02;4.517505e-02;6.556023e-02;9.317758e-02;7.049401e-02;5.418158e-02
8.639275e-02;1.567663e-01;3.317554e-01;2.844583e-02;1.697597e-02;3.136076e-02;2.884494e-02;3.447397e-02;7.707648e-02;8.268034e-02;8.244761e-02;4.277965e-02
1.485614e-01;1.068538e-01;2.930304e-01;3.148765e-02;2.155659e-02;4.297971e-02;2.550615e-02;2.537401e-02;6.897960e-02;9.909177e-02;9.427855e-02;4.230050e-02
1.595751e-01;1.455282e-01;2.568130e-01;2.620171e-02;2.233162e-02;4.147879e-02;3.271030e-02;1.452052e-02;5.679292e-02;9.987659e-02;9.518731e-02;4.898388e-02
1.150343e-01;1.710506e-01;2.583183e-01;3.149229e-02;2.182822e-02;2.759871e-02;2.650732e-02;2.801699e-02;5.399301e-02;1.251406e-01;8.867531e-02;5.234446e-02
1.428610e-01;7.471447e-02;1.473056e-01;7.623472e-02;5.264594e-02;4.115357e-02;6.189058e-02;4.953749e-02;9.603986e-02;8.165044e-02;1.065159e-01;6.945040e-02
1.683023e-01;1.082928e-01;1.880209e-01;6.062434e-02;4.083983e-02;3.926542e-02;6.511095e-02;4.518757e-02;8.545301e-02;6.279127e-02;6.206284e-02;7.404883e-02
1.592504e-01;1.705141e-01;2.398592e-01;4.490047e-02;2.292548e-02;3.609003e-02;4.158617e-02;3.932249e-02;8.196969e-02;4.518404e-02;3.326625e-02;8.513158e-02
1.396466e-01;2.042682e-01;2.781602e-01;3.106215e-02;1.480154e-02;3.783495e-02;2.219511e-02;3.795869e-02;7.152087e-02;2.174243e-02;2.277320e-02;1.180360e-01
1.457010e-01;1.978850e-01;2.618842e-01;2.458336e-02;1.668228e-02;3.482080e-02;1.938599e-02;3.248728e-02;5.957505e-02;2.552853e-02;5.164263e-02;1.298238e-01
1.498040e-01;1.824518e-01;2.051523e-01;2.568740e-02;2.390206e-02;2.695784e-02;3.397865e-02;3.629795e-02;5.005226e-02;4.749710e-02;1.024615e-01;1.157572e-01
1.202146e-01;1.890690e-01;2.064570e-01;2.559436e-02;3.677876e-02;3.298379e-02;3.615031e-02;3.630903e-02;5.294506e-02;7.468987e-02;1.216615e-01;6.714673e-02
1.853695e-01;1.827659e-01;2.446430e-01;3.946628e-02;3.274263e-02;2.838331e-02;2.071950e-02;2.027966e-02;6.107863e-02;6.874643e-02;6.742643e-02;4.837868e-02
2.688307e-01;2.039223e-01;1.640825e-01;3.131939e-02;2.486029e-02;1.597907e-02;3.378055e-02;2.331663e-02;6.559487e-02;5.141874e-02;6.630833e-02;5.058673e-02
2.211009e-01;2.445188e-01;1.711619e-01;2.374438e-02;1.988835e-02;2.214966e-02;4.221323e-02;2.802768e-02;6.038704e-02;3.229859e-02;4.920384e-02;8.530566e-02
1.704798e-01;2.265854e-01;2.217714e-01;3.241777e-02;2.053361e-02;2.587532e-02;4.079034e-02;3.666898e-02;4.331777e-02;3.345317e-02;4.130670e-02;1.067997e-01
1.102762e-01;1.375940e-01;1.745489e-01;7.125430e-02;8.270375e-02;5.289916e-02;8.518664e-02;5.477694e-02;6.921384e-02;5.198429e-02;4.961855e-02;5.994346e-02
1.389360e-01;8.618190e-02;1.532596e-01;5.622522e-02;8.485745e-02;6.595971e-02;1.168645e-01;5.935246e-02;6.504647e-02;6.218830e-02;5.554526e-02;5.558314e-02
1.821174e-01;1.142621e-01;1.461833e-01;3.614627e-02;5.516808e-02;6.363619e-02;9.747010e-02;5.303586e-02;5.763015e-02;6.942252e-02;6.215879e-02;6.276920e-02
1.803088e-01;1.383552e-01;1.155488e-01;3.586210e-02;6.294951e-02;5.457088e-02;6.156989e-02;3.823418e-02;6.993219e-02;9.439638e-02;7.777305e-02;7.049897e-02
1.294560e-01;1.359221e-01;1.122985e-01;5.766443e-02;9.276943e-02;3.873723e-02;4.305112e-02;3.971815e-02;8.748356e-02;1.336133e-01;6.225976e-02;6.702641e-02
1.550081e-01;8.636138e-02;1.248105e-01;1.107423e-01;7.560350e-02;2.055886e-02;4.795908e-02;4.390306e-02;1.262679e-01;1.136228e-01;5.405191e-02;4.111075e-02
2.014243e-01;5.525382e-02;8.540560e-02;1.383017e-01;4.522431e-02;1.200774e-02;6.280825e-02;5.047634e-02;1.537129e-01;8.142678e-02;8.556879e-02;2.838947e-02
1.676160e-01;6.142055e-02;8.948920e-02;1.157693e-01;3.583689e-02;1.923458e-02;7.900397e-02;4.899123e-02;1.373432e-01;7.779890e-02;1.159717e-01;5.152454e-02
9.691212e-02;7.007074e-02;1.155024e-01;7.658102e-02;2.406240e-02;2.249211e-02;1.053186e-01;5.048575e-02;1.305609e-01;1.047372e-01;1.268396e-01;7.643722e-02
7.157744e-02;5.189812e-02;7.771356e-02;5.005766e-02;1.957498e-02;1.778989e-02;9.786494e-02;8.293822e-02;1.289753e-01;1.796767e-01;1.349139e-01;8.701931e-02
5.106270e-02;3.969840e-02;3.846157e-02;3.271553e-02;3.732376e-02;1.304979e-02;5.305363e-02;1.145300e-01;9.054091e-02;2.842526e-01;1.048229e-01;1.404883e-01
3.460566e-02;3.823666e-02;3.429658e-02;2.787767e-02;3.692916e-02;9.791350e-03;4.204446e-02;1.833176e-01;8.487470e-02;2.675849e-01;9.910465e-02;1.413367e-01
4.188818e-02;6.535121e-02;3.257338e-02;2.786147e-02;3.648464e-02;2.111359e-02;4.268760e-02;2.249027e-01;6.139658e-02;1.731994e-01;1.413896e-01;1.311516e-01
6.956220e-02;9.426702e-02;2.538472e-02;1.998527e-02;6.359525e-02;2.384838e-02;3.466431e-02;1.235469e-01;5.025138e-02;1.695850e-01;1.220118e-01;2.032978e-01
7.656443e-02;9.817587e-02;2.183818e-02;2.793304e-02;8.107307e-02;3.172429e-02;3.296579e-02;6.056399e-02;5.265702e-02;1.999616e-01;8.325969e-02;2.332830e-01
7.577844e-02;7.569233e-02;5.156131e-02;4.380942e-02;7.389844e-02;5.576545e-02;8.889919e-02;4.720490e-02;8.442107e-02;1.728206e-01;7.168893e-02;1.584599e-01
8.005135e-02;4.367654e-02;9.536924e-02;6.312200e-02;5.133706e-02;5.567403e-02;1.707706e-01;5.762425e-02;1.222812e-01;1.170288e-01;7.784970e-02;6.521523e-02
7.230620e-02;4.472240e-02;1.256330e-01;5.833277e-02;4.560234e-02;5.151157e-02;2.008857e-01;7.496656e-02;1.172811e-01;1.124118e-01;6.420071e-02;3.214597e-02
6.042284e-02;5.728422e-02;1.249718e-01;4.602861e-02;5.130103e-02;5.776811e-02;2.248235e-01;8.721545e-02;8.892449e-02;1.186691e-01;5.047841e-02;3.211236e-02
6.785904e-02;8.030006e-02;1.213214e-01;4.523659e-02;7.355985e-02;5.080348e-02;1.640392e-01;7.905818e-02;7.475423e-02;1.254155e-01;6.465635e-02;5.299613e-02
6.565849e-02;5.939897e-02;1.213243e-01;6.884563e-02;6.644449e-02;3.439625e-02;1.091707e-01;4.392405e-02;8.965441e-02;1.890877e-01;7.355061e-02;7.854445e-02
5.262350e-02;4.939080e-02;1.094334e-01;5.944543e-02;7.354335e-02;4.898527e-02;1.521687e-01;5.814216e-02;8.784817e-02;1.235975e-01;1.025944e-01;8.222728e-02
9.324968e-02;4.937736e-02;8.993516e-02;4.262197e-02;9.898020e-02;7.190359e-02;1.345707e-01;5.075786e-02;8.773073e-02;1.009728e-01;9.225328e-02;8.764663e-02
7.776090e-02;7.892509e-02;9.394585e-02;4.099207e-02;9.172282e-02;9.523010e-02;1.044497e-01;4.973267e-02;7.897326e-02;1.066696e-01;9.693736e-02;8.466060e-02
4.751922e-02;9.448843e-02;1.225564e-01;6.387912e-02;6.519882e-02;9.110463e-02;1.299978e-01;6.249931e-02;9.005813e-02;6.673878e-02;1.066636e-01;5.929572e-02
6.010118e-02;6.926432e-02;1.271335e-01;9.073994e-02;6.534179e-02;6.434152e-02;1.707879e-01;1.014800e-01;8.553494e-02;7.010283e-02;7.651945e-02;1.865258e-02
7.580125e-02;4.723860e-02;1.056420e-01;7.164689e-02;9.949850e-02;6.825596e-02;1.438924e-01;8.648750e-02;1.029794e-01;8.619165e-02;7.983925e-02;3.252661e-02
8.412339e-02;5.932629e-02;1.039491e-01;6.264274e-02;1.225721e-01;7.058555e-02;1.192542e-01;6.245428e-02;1.304117e-01;6.776592e-02;7.191161e-02;4.500310e-02
1.115956e-01;8.271475e-02;9.442020e-02;5.004886e-02;1.276325e-01;5.871415e-02;8.104977e-02;5.948315e-02;1.288873e-01;7.616482e-02;6.226727e-02;6.702163e-02
1.345348e-01;6.412689e-02;1.419988e-01;4.937140e-02;8.503068e-02;5.251596e-02;1.290693e-01;5.268249e-02;1.030208e-01;5.296422e-02;7.125646e-02;6.342813e-02
1.503380e-01;1.004621e-01;1.562968e-01;2.897678e-02;5.708442e-02;4.142943e-02;1.047507e-01;4.664028e-02;7.268970e-02;6.088573e-02;7.996156e-02;1.004846e-01
1.160129e-01;1.002690e-01;1.417552e-01;2.583002e-02;5.483062e-02;7.888624e-02;5.514464e-02;3.407610e-02;5.432757e-02;6.530107e-02;1.735669e-01;9.999976e-02
6.639300e-02;6.477515e-02;1.255821e-01;1.448658e-02;3.676261e-02;1.360979e-01;3.561408e-02;1.995995e-02;3.379569e-02;8.016020e-02;2.955379e-01;9.083485e-02
3.873603e-02;3.096667e-02;1.213886e-01;1.990674e-02;1.183718e-02;1.736632e-01;5.795622e-02;1.096713e-02;3.670290e-02;7.586687e-02;3.567976e-01;6.521089e-02
1.838394e-02;1.589313e-02;1.325108e-01;6.883812e-02;1.725898e-02;1.558101e-01;9.968840e-02;1.107476e-02;6.718338e-02;4.110022e-02;2.933694e-01;7.888885e-02
3.508306e-02;1.046657e-02;1.110048e-01;1.177014e-01;2.532352e-02;1.016277e-01;1.794536e-01;3.405031e-02;6.320280e-02;3.013495e-02;1.777747e-01;1.141766e-01
8.161972e-02;1.188429e-02;4.811682e-02;1.002184e-01;2.698033e-02;6.156546e-02;2.790825e-01;6.886935e-02;3.504908e-02;2.282437e-02;9.472429e-02;1.690654e-01
1.520531e-01;1.604897e-02;1.900407e-02;6.343860e-02;1.207608e-02;3.506355e-02;3.000146e-01;1.259051e-01;1.114667e-02;2.957639e-02;4.725444e-02;1.884184e-01
2.524363e-01;2.082689e-02;2.217580e-02;3.737289e-02;4.473726e-03;2.604685e-02;2.054262e-01;1.834756e-01;2.151257e-02;4.526542e-02;3.119624e-02;1.497916e-01
3.627241e-01;4.510238e-02;2.728093e-02;1.592777e-02;1.190236e-02;2.081630e-02;9.604304e-02;1.896110e-01;3.040110e-02;3.300073e-02;6.030421e-02;1.068861e-01
3.877873e-01;7.997806e-02;4.730719e-02;1.621925e-02;2.403376e-02;1.513881e-02;5.566169e-02;1.602374e-01;2.800886e-02;1.185858e-02;9.354664e-02;8.022239e-02
3.321422e-01;1.081763e-01;8.069777e-02;2.090988e-02;3.765737e-02;1.746311e-02;6.004162e-02;1.300892e-01;2.999926e-02;1.782163e-02;1.137276e-01;5.127406e-02
2.473035e-01;1.016613e-01;1.558683e-01;2.471298e-02;4.729596e-02;2.401007e-02;9.153412e-02;9.977614e-02;3.376366e-02;2.595002e-02;1.044885e-01;4.363542e-02
2.277309e-01;7.099034e-02;2.181048e-01;2.204304e-02;6.676164e-02;1.958229e-02;7.404138e-02;1.226641e-01;2.016854e-02;2.122874e-02;8.396463e-02;5.271950e-02
2.933456e-01;7.084432e-02;1.908480e-01;1.286202e-02;7.624586e-02;1.163430e-02;4.263021e-02;1.556828e-01;1.339835e-02;1.143733e-02;8.066814e-02;4.040306e-02
3.230078e-01;4.149827e-02;1.682623e-01;1.040530e-02;8.022896e-02;1.178344e-02;5.519320e-02;1.528345e-01;8.428368e-03;1.608407e-02;8.406485e-02;4.820897e-02
3.418058e-01;8.842931e-02;1.607201e-01;1.109183e-02;6.682778e-02;1.380736e-02;5.127445e-02;8.851116e-02;1.821202e-02;2.412855e-02;8.114062e-02;5.405094e-02
3.481198e-01;1.568464e-01;1.709247e-01;1.165257e-02;5.585555e-02;9.287960e-03;3.487695e-02;5.052040e-02;2.335571e-02;2.135268e-02;7.211193e-02;4.509535e-02
3.784137e-01;2.373185e-01;1.286241e-01;7.130785e-03;3.789488e-02;7.643285e-03;3.307552e-02;4.570992e-02;1.854833e-02;2.009668e-02;5.935548e-02;2.618890e-02
4.154292e-01;2.711422e-01;1.121625e-01;5.891115e-03;1.891920e-02;5.984616e-03;3.756502e-02;2.473115e-02;1.598227e-02;1.884667e-02;4.844036e-02;2.490585e-02
4.272954e-01;2.586572e-01;1.091540e-01;8.028218e-03;1.728880e-02;7.415053e-03;4.838122e-02;2.007058e-02;1.782743e-02;2.228533e-02;3.576358e-02;2.783324e-02
4.057140e-01;2.275164e-01;1.163498e-01;1.071410e-02;1.776029e-02;1.074719e-02;5.846369e-02;2.870194e-02;2.669127e-02;2.582472e-02;4.991634e-02;2.160026e-02
3.734618e-01;1.733952e-01;1.453815e-01;1.355866e-02;2.823406e-02;6.276601e-03;5.683901e-02;3.382095e-02;2.881110e-02;2.903657e-02;7.487901e-02;3.630560e-02
3.409175e-01;7.011787e-02;2.004827e-01;1.758666e-02;3.869601e-02;1.646154e-02;4.499219e-02;4.386846e-02;3.634472e-02;4.538224e-02;8.201301e-02;6.313712e-02
3.184701e-01;1.082790e-01;2.063096e-01;1.581883e-02;2.850330e-02;1.555221e-02;3.705760e-02;3.355736e-02;2.999781e-02;7.185869e-02;7.644644e-02;5.814902e-02
3.278977e-01;2.178432e-01;1.074480e-01;1.502588e-02;2.548973e-02;1.330966e-02;2.920501e-02;1.761096e-02;2.123003e-02;1.133037e-01;8.151496e-02;3.012121e-02
2.871166e-01;2.325012e-01;8.016804e-02;1.712525e-02;3.105013e-02;1.148006e-02;2.988717e-02;1.931236e-02;3.916331e-02;1.328821e-01;8.475513e-02;3.455868e-02
2.387666e-01;2.457033e-01;6.054732e-02;2.197261e-02;3.242332e-02;1.542409e-02;4.167094e-02;2.522693e-02;4.020355e-02;1.593069e-01;9.466610e-02;2.408845e-02
2.235584e-01;2.104828e-01;4.674628e-02;2.705848e-02;4.476251e-02;2.540125e-02;6.058498e-02;2.721275e-02;7.082737e-02;1.641717e-01;6.849649e-02;3.069695e-02
1.446031e-01;1.312076e-01;7.198907e-02;4.091998e-02;6.262660e-02;4.764375e-02;6.742189e-02;5.823578e-02;9.912146e-02;1.667468e-01;7.147607e-02;3.800786e-02
1.183361e-01;7.246970e-02;7.864238e-02;3.350273e-02;6.953887e-02;9.575830e-02;5.152149e-02;9.747356e-02;8.126491e-02;1.341604e-01;1.036949e-01;6.363667e-02
1.420593e-01;4.456355e-02;7.980624e-02;6.084647e-02;4.575750e-02;1.196673e-01;8.566299e-02;8.240277e-02;5.829858e-02;7.630415e-02;9.836158e-02;1.062696e-01
2.712879e-01;4.667685e-02;5.893061e-02;9.811334e-02;2.344531e-02;8.026203e-02;1.132812e-01;4.095859e-02;3.673996e-02;4.719536e-02;5.152343e-02;1.315854e-01
3.833209e-01;5.996569e-02;4.612461e-02;1.065374e-01;2.159075e-02;3.895793e-02;8.010051e-02;3.991861e-02;3.571742e-02;4.061081e-02;2.703603e-02;1.201193e-01
4.710784e-01;7.403490e-02;4.134813e-02;9.120652e-02;3.222438e-02;2.077361e-02;2.978864e-02;3.683938e-02;4.767877e-02;3.045353e-02;1.803402e-02;1.065397e-01
4.332272e-01;8.350286e-02;5.146883e-02;1.020297e-01;4.527392e-02;1.553653e-02;3.422595e-02;3.189360e-02;5.090927e-02;4.325057e-02;1.436746e-02;9.431406e-02
2.856818e-01;5.350229e-02;8.530905e-02;1.610077e-01;3.218309e-02;2.608771e-02;8.390114e-02;3.946694e-02;3.885353e-02;7.263263e-02;3.309610e-02;8.827800e-02
1.494817e-01;3.629517e-02;1.039505e-01;1.731031e-01;4.985757e-02;5.412912e-02;1.043426e-01;5.296242e-02;4.476684e-02;9.388196e-02;7.010998e-02;6.711898e-02
8.184366e-02;5.704191e-02;9.459693e-02;1.299768e-01;7.984987e-02;7.610687e-02;1.064501e-01;5.988913e-02;5.784505e-02;1.007936e-01;9.574766e-02;5.985843e-02
9.543634e-02;3.071612e-02;6.849376e-02;8.076409e-02;7.479963e-02;9.328552e-02;1.388345e-01;6.764092e-02;6.347752e-02;1.353851e-01;8.498891e-02;6.617767e-02
1.242006e-01;3.342777e-02;9.002388e-02;9.693519e-02;4.775645e-02;1.006957e-01;8.831503e-02;5.893029e-02;5.656525e-02;1.606596e-01;6.906224e-02;7.342794e-02
1.302346e-01;4.203802e-02;1.137249e-01;9.393008e-02;2.760308e-02;6.765795e-02;9.019897e-02;7.832962e-02;6.981757e-02;1.195671e-01;8.064152e-02;8.625653e-02
1.378119e-01;4.929749e-02;9.471110e-02;6.621052e-02;3.551774e-02;4.732537e-02;8.985336e-02;1.051631e-01;1.104529e-01;8.214177e-02;7.755584e-02;1.039589e-01
1.412056e-01;5.693818e-02;6.233207e-02;7.876813e-02;3.401124e-02;5.527049e-02;6.731664e-02;1.002224e-01;6.526350e-02;1.410659e-01;1.013398e-01;9.626614e-02
1.401442e-01;4.884959e-02;5.591432e-02;8.286457e-02;3.645359e-02;5.929864e-02;8.978505e-02;6.969668e-02;5.679633e-02;1.911152e-01;9.087849e-02;7.820340e-02
1.116808e-01;7.331321e-02;6.679266e-02;8.306174e-02;4.997605e-02;4.535746e-02;7.157242e-02;6.886671e-02;7.976735e-02;2.067833e-01;1.027476e-01;4.008063e-02
1.145340e-01;9.917951e-02;6.115671e-02;7.723329e-02;4.635534e-02;2.892205e-02;7.213988e-02;1.067692e-01;1.032335e-01;1.267840e-01;7.139708e-02;9.229546e-02
1.228193e-01;8.603548e-02;6.545338e-02;7.255930e-02;3.260161e-02;2.823870e-02;6.111209e-02;1.157621e-01;1.079473e-01;7.122536e-02;1.155462e-01;1.206993e-01
8.762667e-02;6.845510e-02;8.225143e-02;8.470093e-02;6.416012e-02;3.485087e-02;5.073379e-02;1.109930e-01;8.738297e-02;9.416847e-02;1.284601e-01;1.062166e-01
1.242096e-01;6.150946e-02;8.591536e-02;6.942628e-02;9.589309e-02;6.027341e-02;7.913408e-02;8.218125e-02;7.690189e-02;8.193994e-02;1.072943e-01;7.532132e-02
7.470881e-02;1.057870e-01;6.795961e-02;3.958641e-02;7.115411e-02;4.280761e-02;1.090430e-01;5.781319e-02;7.727208e-02;4.943431e-02;1.030850e-01;2.013489e-01
9.040493e-02;7.305215e-02;1.128323e-01;5.092543e-02;6.053095e-02;5.743077e-02;7.546969e-02;5.308575e-02;9.132674e-02;4.467740e-02;6.511565e-02;2.251482e-01
1.008761e-01;8.888715e-02;2.036855e-01;3.999408e-02;4.569595e-02;5.014516e-02;8.509739e-02;4.775198e-02;9.924822e-02;3.405671e-02;4.730161e-02;1.572602e-01
1.330232e-01;1.501372e-01;2.039957e-01;3.194648e-02;2.788859e-02;4.340509e-02;5.799076e-02;3.989418e-02;8.930297e-02;3.548660e-02;5.530317e-02;1.316260e-01
2.022599e-01;2.228660e-01;1.617054e-01;1.892838e-02;2.274146e-02;3.178585e-02;3.121489e-02;2.750328e-02;6.661987e-02;2.658780e-02;8.925198e-02;9.853512e-02
3.086715e-01;2.522811e-01;9.541416e-02;1.133676e-02;4.042828e-02;1.271647e-02;2.089839e-02;3.992090e-02;2.599443e-02;3.734285e-02;1.052589e-01;4.973618e-02
4.008051e-01;2.153603e-01;4.467368e-02;5.979303e-03;7.763774e-02;4.908141e-03;2.828838e-02;8.123226e-02;1.299496e-02;3.957204e-02;6.233869e-02;2.620947e-02
4.490496e-01;1.478509e-01;3.206002e-02;6.227098e-03;1.209449e-01;7.263577e-03;3.966359e-02;1.030118e-01;1.058606e-02;1.591671e-02;3.810875e-02;2.931697e-02
4.482913e-01;1.527231e-01;3.785630e-02;5.304211e-03;1.366295e-01;1.679671e-02;3.272748e-02;7.746373e-02;1.958407e-02;1.131975e-02;3.275879e-02;2.854506e-02
3.763437e-01;2.312730e-01;7.654132e-02;7.638910e-03;9.159089e-02;6.606893e-02;1.913487e-02;3.561265e-02;4.276091e-02;1.045432e-02;1.570160e-02;2.687895e-02
2.703110e-01;2.781446e-01;1.387229e-01;1.044705e-02;3.799608e-02;1.255332e-01;1.986842e-02;1.420814e-02;6.650545e-02;8.374602e-03;6.662671e-03;2.322588e-02
1.070186e-01;2.868390e-01;2.247200e-01;1.724165e-02;1.870314e-02;1.502583e-01;2.179034e-02;9.688539e-03;1.236846e-01;1.220194e-02;8.518237e-03;1.933562e-02
9.509116e-02;2.385809e-01;2.213671e-01;2.246886e-02;2.826961e-02;9.351400e-02;3.748903e-02;1.230469e-02;1.909106e-01;2.603519e-02;1.843470e-02;1.553416e-02
1.863089e-01;1.820173e-01;1.729925e-01;2.050073e-02;4.509819e-02;3.473685e-02;6.691021e-02;1.746096e-02;1.592076e-01;2.614117e-02;4.855961e-02;4.006611e-02
1.879534e-01;1.444345e-01;1.540682e-01;2.334934e-02;5.792345e-02;4.112008e-02;7.281268e-02;4.033377e-02;8.010198e-02;3.828521e-02;7.640913e-02;8.320834e-02
1.960143e-01;1.485266e-01;1.165642e-01;3.278271e-02;5.411312e-02;5.984077e-02;5.953767e-02;3.866733e-02;3.995803e-02;5.672560e-02;6.131820e-02;1.359515e-01
2.518154e-01;1.524036e-01;9.159718e-02;2.849862e-02;4.760275e-02;5.492099e-02;6.477387e-02;2.672574e-02;3.231926e-02;5.209645e-02;7.288361e-02;1.243625e-01
2.184240e-01;1.677074e-01;8.159579e-02;2.790490e-02;3.535195e-02;7.663614e-02;7.312656e-02;3.773900e-02;3.578964e-02;5.481925e-02;1.040508e-01;8.685450e-02
2.101151e-01;1.505014e-01;7.641074e-02;4.503465e-02;2.698740e-02;4.457264e-02;5.681539e-02;4.770489e-02;3.501448e-02;6.377272e-02;1.001822e-01;1.428884e-01
1.271609e-01;1.165744e-01;6.286687e-02;9.734439e-02;3.212309e-02;4.040656e-02;6.871488e-02;3.037583e-02;5.952446e-02;8.045138e-02;1.034817e-01;1.809756e-01
9.742071e-02;1.097881e-01;4.936593e-02;1.130396e-01;3.867434e-02;7.423799e-02;7.070351e-02;4.524852e-02;8.232906e-02;9.018167e-02;8.897544e-02;1.400351e-01
1.591543e-01;7.680953e-02;6.204398e-02;5.288963e-02;4.140929e-02;1.089922e-01;5.209390e-02;4.284204e-02;6.701719e-02;8.893012e-02;1.196891e-01;1.281287e-01
1.366495e-01;2.642683e-02;6.852369e-02;3.160394e-02;6.375632e-02;7.491442e-02;4.090973e-02;3.923452e-02;4.714042e-02;5.347028e-02;2.039129e-01;2.134575e-01
1.127366e-01;5.874535e-02;6.091963e-02;3.006872e-02;6.414112e-02;3.443274e-02;4.616414e-02;4.995243e-02;4.830110e-02;7.580562e-02;2.545543e-01;1.641783e-01
1.631535e-01;9.533947e-02;9.981944e-02;3.057948e-02;5.264233e-02;2.336794e-02;4.790185e-02;8.210000e-02;6.832160e-02;9.666644e-02;1.593290e-01;8.077898e-02
1.187981e-01;1.187510e-01;1.879373e-01;3.241370e-02;6.053187e-02;4.216274e-02;2.962213e-02;6.807711e-02;1.256358e-01;6.368069e-02;9.395190e-02;5.843776e-02
4.271128e-02;1.282387e-01;2.796588e-01;3.721006e-02;3.418190e-02;6.462021e-02;1.824926e-02;3.350732e-02;1.728548e-01;8.025041e-02;7.528551e-02;3.323179e-02
1.718773e-02;1.207412e-01;4.261006e-01;3.321042e-02;3.184244e-02;6.359389e-02;2.438569e-02;2.431590e-02;1.419640e-01;6.337450e-02;2.704116e-02;2.624245e-02
3.295263e-02;9.124706e-02;5.499377e-01;3.102855e-02;3.700335e-02;7.189530e-02;3.463151e-02;1.714955e-02;4.544926e-02;6.576356e-02;8.967830e-03;1.397374e-02
2.199841e-02;3.695074e-02;6.458745e-01;3.552385e-02;3.609497e-02;6.788307e-02;4.470480e-02;9.490244e-03;1.868192e-02;6.873109e-02;7.941783e-03;6.124591e-03
1.978591e-02;8.350461e-02;6.880963e-01;3.246016e-02;2.207483e-02;3.371634e-02;3.521238e-02;7.860672e-03;1.805262e-02;4.651763e-02;8.372255e-03;4.346271e-03
2.246480e-02;1.760628e-01;6.374282e-01;2.896020e-02;1.302618e-02;2.191800e-02;2.491055e-02;1.491406e-02;2.329776e-02;2.384939e-02;6.288693e-03;6.879325e-03
5.082107e-02;2.843822e-01;4.932869e-01;1.847533e-02;1.216763e-02;3.261127e-02;1.534486e-02;1.982463e-02;4.345242e-02;1.451468e-02;4.466824e-03;1.065219e-02
1.936186e-01;3.211972e-01;2.723256e-01;1.299094e-02;2.577193e-02;2.891511e-02;1.828763e-02;3.895811e-02;5.304839e-02;1.604202e-02;4.291016e-03;1.455351e-02
3.161344e-01;2.593383e-01;1.089045e-01;1.081964e-02;4.655594e-02;2.587102e-02;5.006318e-02;6.757464e-02;3.665157e-02;2.029645e-02;1.301283e-02;4.477758e-02
2.726798e-01;1.407413e-01;7.164256e-02;2.096794e-02;7.488534e-02;7.305954e-02;9.350016e-02;5.962310e-02;4.009707e-02;3.312763e-02;4.115890e-02;7.851672e-02
1.238952e-01;5.222894e-02;9.235920e-02;5.034338e-02;1.268688e-01;1.501958e-01;1.064186e-01;6.097197e-02;5.649996e-02;6.977149e-02;5.529570e-02;5.515112e-02
9.010901e-02;7.402901e-02;1.205142e-01;7.602704e-02;1.325840e-01;1.317410e-01;1.047498e-01;9.344468e-02;5.994440e-02;7.296913e-02;2.761124e-02;1.627639e-02
1.099116e-01;9.642633e-02;1.415694e-01;6.083013e-02;9.235191e-02;1.015470e-01;1.412429e-01;9.937555e-02;4.751863e-02;5.182928e-02;3.100848e-02;2.638878e-02
1.117330e-01;8.320097e-02;1.064159e-01;6.396520e-02;8.841590e-02;1.117018e-01;1.504815e-01;1.016675e-01;3.751765e-02;5.480136e-02;5.034459e-02;3.975473e-02
6.396864e-02;4.633171e-02;1.871274e-01;8.806398e-02;9.801637e-02;8.137570e-02;1.301960e-01;1.167817e-01;3.462645e-02;6.244434e-02;5.667173e-02;3.439596e-02
2.570698e-02;7.146438e-02;2.259692e-01;8.619417e-02;8.023695e-02;7.417604e-02;1.479710e-01;1.222671e-01;5.291609e-02;5.094987e-02;3.559221e-02;2.655604e-02
7.896765e-02;1.106562e-01;1.501198e-01;7.145873e-02;5.533786e-02;1.276957e-01;1.330600e-01;9.941085e-02;6.019128e-02;3.519648e-02;4.182522e-02;3.608037e-02
1.451261e-01;1.124257e-01;1.106190e-01;5.773851e-02;1.336126e-01;8.527040e-02;9.877593e-02;8.569355e-02;5.552434e-02;2.636419e-02;6.254919e-02;2.630036e-02
1.742074e-01;8.311303e-02;1.521112e-01;7.046834e-02;1.556256e-01;2.444967e-02;8.226057e-02;8.007290e-02;4.357965e-02;4.090719e-02;5.259779e-02;4.060671e-02
1.602831e-01;4.770059e-02;1.289355e-01;1.338853e-01;1.228261e-01;2.292185e-02;1.296866e-01;5.504540e-02;3.271820e-02;6.248128e-02;2.516805e-02;7.834809e-02
1.387499e-01;6.823321e-02;9.718221e-02;1.249397e-01;8.002593e-02;3.047314e-02;1.720214e-01;3.735311e-02;3.072941e-02;5.446433e-02;6.214814e-02;1.036795e-01
1.022108e-01;6.451251e-02;1.367630e-01;8.673882e-02;4.625892e-02;4.864712e-02;2.099044e-01;4.316590e-02;5.707447e-02;4.440285e-02;8.691142e-02;7.340983e-02
7.556722e-02;5.893674e-02;1.684955e-01;5.626621e-02;5.378828e-02;7.466284e-02;2.437431e-01;4.639195e-02;9.032197e-02;2.571025e-02;7.740331e-02;2.871262e-02
4.595395e-02;2.755348e-02;2.215413e-01;4.060838e-02;6.540082e-02;8.601286e-02;2.661494e-01;4.919861e-02;8.128754e-02;3.228449e-02;5.350711e-02;3.050213e-02
3.860980e-02;5.682986e-02;2.373951e-01;5.087098e-02;7.861679e-02;8.682021e-02;2.406431e-01;4.797362e-02;6.150201e-02;2.812393e-02;4.495357e-02;2.766098e-02
6.959707e-02;1.132620e-01;2.229390e-01;5.178411e-02;8.435456e-02;7.460772e-02;1.865195e-01;4.400652e-02;5.010668e-02;4.258624e-02;3.792154e-02;2.231505e-02
1.158062e-01;1.521761e-01;1.645458e-01;5.646519e-02;8.551626e-02;6.451348e-02;1.360923e-01;4.881817e-02;3.257530e-02;5.808407e-02;5.400369e-02;3.140354e-02
9.227619e-02;1.160055e-01;2.826082e-01;5.983358e-02;6.631891e-02;5.027695e-02;7.201620e-02;5.334496e-02;8.137894e-02;4.548709e-02;5.374592e-02;2.670763e-02
1.907612e-02;9.125901e-02;2.717834e-01;6.745825e-02;7.188866e-02;6.198838e-02;1.101581e-01;5.796828e-02;9.715579e-02;5.383734e-02;6.095314e-02;3.647354e-02
5.027062e-02;9.850501e-02;2.299455e-01;7.624577e-02;6.152764e-02;7.077836e-02;1.162009e-01;5.169455e-02;8.098058e-02;6.490874e-02;6.419709e-02;3.474519e-02
8.965261e-02;9.761287e-02;2.857602e-01;5.949844e-02;6.146841e-02;5.786964e-02;7.542451e-02;4.300848e-02;8.369499e-02;5.144918e-02;5.500001e-02;3.956069e-02
8.060387e-02;7.926570e-02;3.333525e-01;6.989300e-02;8.428645e-02;4.828214e-02;8.029713e-02;3.615375e-02;5.883844e-02;4.349538e-02;5.462455e-02;3.090710e-02
7.974203e-02;9.274592e-02;2.576280e-01;7.001304e-02;8.785353e-02;6.767923e-02;7.895602e-02;4.897999e-02;4.826031e-02;5.892937e-02;7.006230e-02;3.915026e-02
1.265275e-01;1.183409e-01;1.431637e-01;5.094479e-02;7.320113e-02;6.182095e-02;9.893163e-02;6.288550e-02;5.532657e-02;6.341632e-02;1.122047e-01;3.323626e-02
1.352765e-01;1.180238e-01;1.920141e-01;4.855457e-02;6.872488e-02;4.809965e-02;9.410498e-02;6.467421e-02;6.898404e-02;4.094306e-02;9.179169e-02;2.880863e-02
9.996855e-02;1.033670e-01;2.456920e-01;5.766530e-02;8.197358e-02;6.476426e-02;9.018975e-02;5.115569e-02;8.355286e-02;3.445705e-02;5.575996e-02;3.145393e-02
7.070696e-02;8.247239e-02;2.426315e-01;6.360904e-02;8.343154e-02;8.066917e-02;1.088910e-01;6.562627e-02;7.741264e-02;4.480521e-02;4.764239e-02;3.210188e-02
5.298732e-02;7.242679e-02;2.020809e-01;5.912436e-02;6.644495e-02;7.042737e-02;1.992774e-01;7.861995e-02;6.518367e-02;4.654641e-02;6.083981e-02;2.604104e-02
6.559864e-02;8.475059e-02;1.399274e-01;4.848302e-02;6.183032e-02;9.016094e-02;1.794311e-01;8.908328e-02;6.272141e-02;6.423238e-02;8.323546e-02;3.054539e-02
4.384798e-02;7.472772e-02;1.485418e-01;4.278333e-02;8.784129e-02;9.592830e-02;1.556290e-01;7.505558e-02;5.797964e-02;8.489340e-02;9.435447e-02;3.841752e-02
6.141851e-02;6.293523e-02;1.826850e-01;5.765779e-02;8.428986e-02;7.251707e-02;1.577219e-01;6.762128e-02;5.193819e-02;7.227032e-02;8.688648e-02;4.205833e-02
9.216442e-02;8.851974e-02;1.168343e-01;8.303771e-02;8.646715e-02;6.033782e-02;1.318288e-01;7.038327e-02;4.828973e-02;7.905051e-02;9.454389e-02;4.854268e-02
1.218847e-01;1.003520e-01;1.211668e-01;8.775170e-02;5.725160e-02;4.226902e-02;7.375499e-02;8.054196e-02;7.553966e-02;9.104495e-02;8.782659e-02;6.061606e-02
