2.448147e-01;1.136492e-01;4.913553e-02;4.777772e-02;4.526118e-02;4.707608e-02;1.045273e-01;3.860086e-02;4.395776e-02;4.988655e-02;1.142289e-01;1.010842e-01
4.192867e-02;5.813219e-02;1.243784e-01;5.645410e-02;6.250144e-02;5.893857e-02;8.986326e-02;5.543533e-02;8.462720e-02;1.150331e-01;9.651355e-02;1.561942e-01
7.003483e-02;5.324434e-02;1.005742e-01;6.999142e-02;4.493096e-02;4.425476e-02;1.248282e-01;4.878550e-02;5.425322e-02;1.047011e-01;1.198247e-01;1.645767e-01
8.025579e-02;5.315434e-02;8.112707e-02;7.434716e-02;2.906169e-02;4.062066e-02;1.471753e-01;4.973563e-02;4.963247e-02;9.674759e-02;1.262961e-01;1.718461e-01
7.124137e-02;3.808666e-02;1.002835e-01;4.738881e-02;3.671689e-02;6.345880e-02;1.345980e-01;4.403055e-02;1.178272e-01;7.709671e-02;1.368248e-01;1.324469e-01
3.641605e-02;1.846730e-02;1.403895e-01;1.780465e-02;5.280173e-02;8.122978e-02;1.001885e-01;3.658152e-02;1.885311e-01;4.241560e-02;1.720234e-01;1.131508e-01
2.370285e-02;2.624995e-02;1.359069e-01;1.693602e-02;6.997935e-02;1.007318e-01;7.277777e-02;2.402647e-02;1.893559e-01;2.710359e-02;2.204656e-01;9.276383e-02
1.400210e-02;3.731276e-02;1.016616e-01;2.763390e-02;8.390149e-02;9.180602e-02;1.261641e-01;1.911602e-02;1.420954e-01;2.095008e-02;1.770272e-01;1.583294e-01
1.839904e-02;4.470218e-02;7.681558e-02;4.124976e-02;8.196829e-02;9.820353e-02;1.587933e-01;1.896905e-02;9.977104e-02;2.062070e-02;1.332721e-01;2.072355e-01
4.802130e-02;5.332476e-02;9.986877e-02;3.913778e-02;7.989147e-02;1.171916e-01;1.315367e-01;9.057829e-03;9.622298e-02;2.795853e-02;1.145047e-01;1.832836e-01
9.897406e-02;4.598596e-02;1.202258e-01;5.536905e-02;7.698709e-02;9.885532e-02;8.619854e-02;2.227210e-02;9.900104e-02;4.743677e-02;1.370665e-01;1.116278e-01
1.060761e-01;4.078988e-02;1.022509e-01;6.624892e-02;6.125703e-02;8.616923e-02;4.579399e-02;3.720354e-02;9.227375e-02;6.481881e-02;1.767922e-01;1.203257e-01
6.956859e-02;4.066764e-02;1.289713e-01;4.795683e-02;5.348741e-02;8.712222e-02;9.799394e-02;4.082195e-02;1.092236e-01;5.353218e-02;1.610272e-01;1.096271e-01
5.617164e-02;4.275811e-02;1.635868e-01;3.434993e-02;4.641794e-02;7.243939e-02;2.215827e-01;3.764134e-02;9.215529e-02;3.786015e-02;1.096340e-01;8.540270e-02
5.423210e-02;5.342435e-02;1.498630e-01;3.299360e-02;4.237925e-02;5.456445e-02;3.292756e-01;4.528172e-02;5.247828e-02;3.121572e-02;8.786998e-02;6.642205e-02
6.052968e-02;6.128443e-02;1.169730e-01;2.740963e-02;5.061226e-02;8.267161e-02;3.632613e-01;3.317843e-02;4.646735e-02;1.868360e-02;6.347726e-02;7.545148e-02
7.104370e-02;5.064675e-02;1.052004e-01;1.859264e-02;7.573574e-02;1.350352e-01;3.227858e-01;1.405500e-02;5.307925e-02;2.520442e-02;5.323999e-02;7.538117e-02
7.780486e-02;3.639788e-02;1.286180e-01;3.091967e-02;1.129721e-01;1.494267e-01;2.429823e-01;1.748895e-02;5.191457e-02;2.416516e-02;6.227591e-02;6.503401e-02
3.744645e-02;3.561191e-02;2.221442e-01;5.795991e-02;1.465573e-01;1.214897e-01;1.563538e-01;5.250974e-02;5.767545e-02;2.739693e-02;4.920657e-02;3.564791e-02
3.244661e-02;4.054917e-02;2.110884e-01;1.264412e-01;1.169230e-01;6.594374e-02;1.513638e-01;7.721432e-02;3.788509e-02;4.815459e-02;4.767004e-02;4.432001e-02
4.394531e-02;3.835047e-02;1.599218e-01;1.826112e-01;9.957193e-02;7.558919e-02;1.461203e-01;8.314070e-02;3.052280e-02;5.381243e-02;5.808389e-02;2.833013e-02
7.589273e-02;3.126913e-02;1.198969e-01;1.889633e-01;1.105280e-01;1.039585e-01;1.391866e-01;6.032439e-02;2.996032e-02;4.941200e-02;5.175853e-02;3.884966e-02
1.271089e-01;5.117026e-02;1.311038e-01;1.363163e-01;1.404234e-01;7.783918e-02;1.377571e-01;3.087584e-02;2.048909e-02;4.437855e-02;4.482422e-02;5.771319e-02
2.132565e-01;8.023396e-02;1.217945e-01;8.002245e-02;1.613318e-01;6.575158e-02;1.128256e-01;1.853511e-02;3.699449e-02;3.080384e-02;2.838552e-02;5.006473e-02
2.366811e-01;1.155722e-01;9.320174e-02;1.043060e-01;1.068914e-01;8.285452e-02;1.279810e-01;1.819333e-02;3.053840e-02;3.661019e-02;1.487508e-02;3.229503e-02
1.684896e-01;1.687545e-01;7.178085e-02;1.438548e-01;7.169046e-02;5.936339e-02;1.872597e-01;3.371877e-02;1.925384e-02;3.200293e-02;2.326838e-02;2.056279e-02
8.832312e-02;1.720641e-01;1.282231e-01;1.062011e-01;1.237358e-01;2.856099e-02;2.011606e-01;7.242200e-02;1.375821e-02;1.691992e-02;3.139512e-02;1.723601e-02
4.801083e-02;1.040372e-01;2.278066e-01;5.409094e-02;1.416382e-01;3.991013e-02;1.747207e-01;1.407201e-01;1.318883e-02;1.457676e-02;2.074041e-02;2.055935e-02
2.303971e-02;2.739388e-02;2.811711e-01;5.389789e-02;8.768836e-02;9.545220e-02;1.360485e-01;1.839733e-01;5.601697e-02;2.192807e-02;5.958803e-03;2.743110e-02
2.534633e-02;3.347490e-02;2.111305e-01;1.244142e-01;5.372535e-02;1.066701e-01;9.534857e-02;1.426836e-01;1.340178e-01;3.449119e-02;1.496211e-02;2.373534e-02
3.413126e-02;3.418636e-02;9.478183e-02;1.585222e-01;1.193414e-01;7.997186e-02;8.401491e-02;9.746213e-02;1.584305e-01;9.141808e-02;3.118811e-02;1.655142e-02
2.499263e-02;4.201140e-02;1.843569e-02;1.058587e-01;1.844217e-01;1.261453e-01;7.483436e-02;8.837160e-02;9.412737e-02;1.394854e-01;8.247123e-02;1.884451e-02
1.778279e-02;3.572633e-02;4.642029e-02;3.656052e-02;1.298973e-01;2.240207e-01;8.559518e-02;6.559125e-02;6.301700e-02;9.522454e-02;1.617725e-01;3.839170e-02
2.350570e-02;1.532896e-02;4.662528e-02;2.610703e-02;4.099773e-02;2.164972e-01;2.035724e-01;4.223040e-02;6.675151e-02;4.582149e-02;1.572518e-01;1.153105e-01
4.100343e-02;1.777349e-02;2.660633e-02;4.676741e-02;1.151113e-02;1.064559e-01;3.323300e-01;5.277523e-02;4.295731e-02;5.977760e-02;6.103956e-02;2.010026e-01
8.816864e-02;1.550972e-02;1.856537e-02;4.996226e-02;1.603468e-02;3.938362e-02;3.427911e-01;1.027910e-01;2.011712e-02;9.051272e-02;2.184694e-02;1.943170e-01
1.684381e-01;1.462471e-02;2.958554e-02;3.369211e-02;1.861031e-02;1.688418e-02;2.337945e-01;2.022096e-01;3.257402e-02;7.915791e-02;6.094117e-02;1.094878e-01
2.355037e-01;1.732109e-02;4.853844e-02;1.414720e-02;2.913220e-02;1.303133e-02;1.111306e-01;2.894412e-01;3.243820e-02;2.621278e-02;1.173983e-01;6.570497e-02
2.920414e-01;1.877590e-02;6.286521e-02;7.613894e-03;3.483886e-02;9.959193e-03;6.966192e-02;3.238313e-01;2.454538e-02;8.403768e-03;1.178964e-01;2.956685e-02
3.124530e-01;2.086009e-02;5.304957e-02;6.493713e-03;3.440509e-02;1.055263e-02;1.156657e-01;3.185930e-01;2.234568e-02;1.189460e-02;6.011104e-02;3.357581e-02
2.834001e-01;2.224228e-02;3.976059e-02;8.600555e-03;3.130137e-02;2.512513e-02;2.052226e-01;2.680460e-01;1.690049e-02;2.583607e-02;1.951489e-02;5.404991e-02
2.027664e-01;4.229318e-02;3.387802e-02;2.457721e-02;2.243230e-02;3.817396e-02;2.360140e-01;1.924374e-01;2.208892e-02;5.446984e-02;1.691505e-02;1.139538e-01
9.378138e-02;7.232349e-02;4.747514e-02;2.591832e-02;1.848974e-02;1.833880e-02;2.626788e-01;1.663265e-01;4.039570e-02;5.028523e-02;4.568533e-02;1.583016e-01
1.110026e-01;7.414471e-02;8.019898e-02;1.291566e-02;3.105411e-02;9.033061e-02;2.158357e-01;1.292976e-01;4.965534e-02;4.204736e-02;7.452381e-02;8.899356e-02
1.270432e-01;6.443155e-02;9.164347e-02;1.982353e-02;5.323896e-02;1.650744e-01;1.098651e-01;9.768146e-02;4.521574e-02;7.559641e-02;1.112539e-01;3.913240e-02
9.316573e-02;9.473109e-02;4.910740e-02;3.416360e-02;1.109270e-01;1.505448e-01;9.881920e-02;7.792660e-02;4.861154e-02;1.220067e-01;7.224938e-02;4.774695e-02
9.660402e-02;1.033297e-01;5.439360e-02;5.817065e-02;1.316139e-01;8.756442e-02;8.381049e-02;4.573385e-02;9.790352e-02;1.398890e-01;4.076957e-02;6.021716e-02
1.290990e-01;5.663853e-02;1.117888e-01;8.172881e-02;9.161076e-02;5.862949e-02;1.029660e-01;5.421235e-02;1.321733e-01;7.945691e-02;4.999325e-02;5.170281e-02
1.548607e-01;6.845593e-02;9.615976e-02;6.678562e-02;4.935482e-02;8.128989e-02;1.507204e-01;7.480834e-02;9.703524e-02;4.117626e-02;4.573572e-02;7.361731e-02
1.290112e-01;8.036668e-02;7.732610e-02;5.013753e-02;4.911218e-02;1.080208e-01;1.865928e-01;7.931855e-02;5.502172e-02;3.183860e-02;6.057912e-02;9.267474e-02
8.877292e-02;9.287749e-02;1.437641e-01;4.094622e-02;5.998139e-02;9.924702e-02;1.865481e-01;7.768581e-02;2.425370e-02;3.877668e-02;5.563899e-02;9.150747e-02
1.348856e-01;1.068139e-01;1.888505e-01;4.053358e-02;4.669034e-02;3.674437e-02;1.479863e-01;8.372388e-02;5.849635e-02;4.898646e-02;4.741692e-02;5.887179e-02
1.562405e-01;1.067066e-01;1.764553e-01;3.072544e-02;4.307479e-02;4.266466e-02;1.110435e-01;9.505442e-02;5.705877e-02;5.192139e-02;6.433087e-02;6.472378e-02
1.019676e-01;7.287370e-02;1.337735e-01;3.718314e-02;6.800908e-02;5.569286e-02;1.557127e-01;9.792668e-02;6.812357e-02;5.684885e-02;7.871856e-02;7.316976e-02
8.817775e-02;7.671063e-02;1.266806e-01;6.191966e-02;7.437534e-02;5.737320e-02;2.072867e-01;7.771501e-02;7.602060e-02;5.201402e-02;5.908106e-02;4.264552e-02
9.347558e-02;6.684935e-02;1.137639e-01;5.670679e-02;6.057231e-02;7.147040e-02;2.161683e-01;7.529266e-02;8.760624e-02;6.154405e-02;5.216274e-02;4.438767e-02
1.186291e-01;6.102801e-02;7.153787e-02;4.737354e-02;5.574249e-02;7.354569e-02;2.018985e-01;8.021021e-02;8.137499e-02;9.651832e-02;4.736899e-02;6.477226e-02
8.425538e-02;5.411042e-02;1.255081e-01;3.793292e-02;6.320068e-02;5.568716e-02;1.355190e-01;1.048436e-01;6.956019e-02;1.112724e-01;7.482687e-02;8.328336e-02
1.458213e-01;6.753299e-02;1.621651e-01;4.570847e-02;5.072010e-02;4.642803e-02;6.196099e-02;6.815885e-02;6.868617e-02;7.525209e-02;1.017949e-01;1.057709e-01
2.503098e-01;1.270530e-01;1.507356e-01;4.738816e-02;4.254569e-02;3.094575e-02;4.393880e-02;4.585748e-02;5.389338e-02;4.565609e-02;7.251810e-02;8.915813e-02
3.257306e-01;2.290468e-01;1.259932e-01;3.101731e-02;4.124539e-02;2.059344e-02;2.425674e-02;3.965453e-02;5.187460e-02;1.920227e-02;3.706990e-02;5.431525e-02
2.754694e-01;3.059646e-01;2.084288e-01;1.587451e-02;2.397318e-02;2.545487e-02;8.101003e-03;2.720442e-02;5.413243e-02;2.379183e-02;1.114225e-02;2.046269e-02
1.582969e-01;2.734747e-01;3.915642e-01;1.512315e-02;9.501293e-03;2.074551e-02;1.133318e-02;1.571204e-02;3.547791e-02;5.581288e-02;3.040336e-03;9.917996e-03
8.638594e-02;1.459401e-01;5.723470e-01;2.745183e-02;1.134932e-02;8.993950e-03;2.003912e-02;9.331504e-03;8.050238e-03;9.741819e-02;5.968381e-03;6.724382e-03
6.324794e-02;7.820025e-02;5.675666e-01;3.338674e-02;1.654905e-02;5.307739e-03;2.284211e-02;2.041135e-02;6.587450e-02;1.059384e-01;1.396696e-02;6.708376e-03
6.987534e-02;1.275681e-01;4.504281e-01;3.912814e-02;2.132039e-02;1.133029e-02;1.858670e-02;3.709273e-02;1.125384e-01;8.417713e-02;1.707212e-02;1.088250e-02
1.182479e-01;1.408060e-01;3.967662e-01;3.444278e-02;2.821037e-02;1.723135e-02;2.153570e-02;4.516225e-02;9.383769e-02;6.583298e-02;2.114698e-02;1.677984e-02
1.688943e-01;5.053958e-02;4.609294e-01;3.006865e-02;3.277510e-02;2.114191e-02;3.095349e-02;4.927573e-02;2.900612e-02;7.592549e-02;2.973174e-02;2.075851e-02
1.269753e-01;1.493995e-01;3.954198e-01;3.700661e-02;1.485310e-02;1.805355e-02;1.709274e-02;3.423234e-02;4.845339e-02;9.717160e-02;4.281742e-02;1.852464e-02
7.286076e-02;1.727827e-01;3.592973e-01;4.361849e-02;2.148051e-02;1.328055e-02;2.908969e-02;3.059608e-02;7.169216e-02;1.144080e-01;4.683325e-02;2.406054e-02
1.020377e-01;8.631510e-02;4.544904e-01;4.316011e-02;2.161364e-02;1.731413e-02;3.064275e-02;3.719717e-02;5.806664e-02;9.392269e-02;3.241968e-02;2.282003e-02
1.387791e-01;1.507884e-01;4.060896e-01;2.705123e-02;1.566725e-02;1.563187e-02;2.253538e-02;2.809724e-02;8.871012e-02;6.494682e-02;2.145718e-02;2.024579e-02
1.727532e-01;2.330420e-01;3.405928e-01;1.691359e-02;8.373662e-03;1.231071e-02;2.238007e-02;2.094588e-02;1.109588e-01;2.687377e-02;1.569511e-02;1.916039e-02
1.830186e-01;1.713656e-01;3.059359e-01;2.204273e-02;2.416664e-02;2.062014e-02;3.996139e-02;1.779539e-02;1.035897e-01;5.050467e-02;3.186769e-02;2.913150e-02
1.426255e-01;7.913955e-02;1.749856e-01;7.286790e-02;6.230815e-02;5.614412e-02;7.885702e-02;3.782757e-02;6.760351e-02;1.114516e-01;7.207731e-02;4.411214e-02
8.272177e-02;6.396643e-02;2.542315e-01;9.736996e-02;7.977611e-02;6.750362e-02;1.251209e-01;2.752323e-02;3.409265e-02;7.049557e-02;6.226248e-02;3.493581e-02
5.707310e-02;4.555840e-02;2.957448e-01;1.071124e-01;1.168678e-01;6.672747e-02;1.370534e-01;4.022484e-02;2.191891e-02;2.621655e-02;3.506388e-02;5.043834e-02
4.968273e-02;2.528453e-02;2.700786e-01;1.141429e-01;1.180767e-01;5.327349e-02;1.318548e-01;6.311007e-02;3.136506e-02;2.739879e-02;6.115667e-02;5.457575e-02
4.742282e-02;2.880985e-02;2.559201e-01;1.317372e-01;9.792151e-02;3.146826e-02;1.307409e-01;7.724290e-02;4.486170e-02;3.338651e-02;9.092409e-02;2.956428e-02
3.494348e-02;2.677478e-02;2.261989e-01;1.423703e-01;1.574044e-01;2.836234e-02;9.890178e-02;6.747025e-02;3.826302e-02;3.901148e-02;1.010588e-01;3.924048e-02
3.142861e-02;2.291205e-02;1.205199e-01;1.053066e-01;2.760721e-01;7.294369e-02;7.400186e-02;4.207530e-02;3.251377e-02;3.601583e-02;8.120289e-02;1.050074e-01
2.927584e-02;1.366307e-02;8.883300e-02;7.771444e-02;3.250424e-01;1.092833e-01;5.167860e-02;2.992941e-02;5.682488e-02;2.542020e-02;5.322480e-02;1.391101e-01
3.985345e-02;1.087663e-02;7.983695e-02;6.780900e-02;3.121012e-01;1.584432e-01;6.679813e-02;2.294509e-02;6.030964e-02;3.631863e-02;4.440945e-02;1.002986e-01
5.614224e-02;2.300804e-02;9.400541e-02;6.304578e-02;2.495362e-01;1.759855e-01;1.439686e-01;3.824004e-02;4.335982e-02;4.168035e-02;3.240945e-02;3.861862e-02
4.830712e-02;3.789452e-02;1.268555e-01;4.772941e-02;1.994102e-01;1.281052e-01;1.667557e-01;5.780790e-02;4.313840e-02;5.404884e-02;3.655901e-02;5.338821e-02
2.721590e-02;3.712816e-02;6.927329e-02;2.513506e-02;1.206304e-01;1.042202e-01;3.466098e-01;7.392465e-02;4.486375e-02;5.097947e-02;6.990487e-02;3.011441e-02
1.888159e-02;4.137205e-02;2.128932e-02;9.816185e-03;6.593381e-02;7.623955e-02;5.128483e-01;8.874609e-02;4.826321e-02;2.577776e-02;7.846129e-02;1.237086e-02
1.541635e-02;6.090482e-02;1.218238e-02;6.992318e-03;6.431111e-02;4.010282e-02;5.544007e-01;9.124953e-02;5.041952e-02;1.153662e-02;8.372834e-02;8.755504e-03
1.428701e-02;7.252912e-02;1.980934e-02;1.085873e-02;9.335099e-02;2.719371e-02;5.335814e-01;8.996616e-02;3.125276e-02;1.192545e-02;7.781561e-02;1.742974e-02
8.946738e-03;7.203425e-02;3.171340e-02;1.872603e-02;1.075924e-01;2.184595e-02;5.215839e-01;9.110337e-02;1.522845e-02;1.418523e-02;7.879413e-02;1.824609e-02
1.697297e-02;6.896120e-02;5.535271e-02;4.040695e-02;1.013713e-01;4.964483e-02;4.689658e-01;6.830108e-02;2.314064e-02;1.997013e-02;6.939064e-02;1.752171e-02
3.152373e-02;6.262445e-02;9.774938e-02;6.008856e-02;8.114816e-02;7.910759e-02;4.247273e-01;4.142569e-02;2.153252e-02;2.709707e-02;4.488671e-02;2.808892e-02
2.631619e-02;5.478715e-02;8.727195e-02;4.814076e-02;3.524418e-02;7.232131e-02;4.726681e-01;1.056032e-01;2.194933e-02;2.066340e-02;2.474310e-02;3.029139e-02
1.377990e-02;4.468635e-02;4.163900e-02;2.305662e-02;4.918741e-02;4.622311e-02;5.608044e-01;1.340258e-01;2.323311e-02;1.135653e-02;3.510444e-02;1.690329e-02
1.409599e-02;4.667222e-02;3.105290e-02;1.769543e-02;5.227524e-02;4.074633e-02;5.978205e-01;1.224766e-01;1.860456e-02;6.456228e-03;3.498166e-02;1.712227e-02
8.650920e-02;9.975296e-02;1.245342e-01;5.631693e-02;4.512117e-02;3.259433e-02;3.379071e-01;7.222535e-02;3.236733e-02;5.851474e-02;3.789587e-02;1.626084e-02
1.384489e-01;1.272470e-01;1.743470e-01;8.844226e-02;3.076075e-02;3.244532e-02;1.030685e-01;6.401466e-02;4.988433e-02;7.835293e-02;7.114664e-02;4.184173e-02
1.402799e-01;1.057991e-01;1.756319e-01;8.821429e-02;2.412862e-02;3.514737e-02;8.654619e-02;8.026046e-02;5.345903e-02;7.948436e-02;7.629789e-02;5.475098e-02
1.056319e-01;8.138648e-02;1.678701e-01;7.405884e-02;3.129941e-02;3.933921e-02;1.483709e-01;9.345857e-02;6.881519e-02;7.279886e-02;7.272057e-02;4.425007e-02
3.833805e-02;4.650586e-02;1.334720e-01;3.729834e-02;3.310847e-02;5.281547e-02;2.402305e-01;1.711100e-01;9.558672e-02;5.826527e-02;4.130073e-02;5.196865e-02
2.744034e-02;3.823436e-02;1.376340e-01;2.543398e-02;2.795430e-02;3.826315e-02;2.506759e-01;2.794015e-01;5.146406e-02;3.743583e-02;2.418162e-02;6.188096e-02
1.564491e-02;3.017271e-02;1.400211e-01;9.854536e-03;1.483751e-02;2.134333e-02;2.023164e-01;4.163549e-01;2.919966e-02;1.547345e-02;1.754469e-02;8.723685e-02
1.816402e-02;2.341922e-02;1.303097e-01;8.530601e-03;1.227831e-02;1.637523e-02;1.304124e-01;4.522139e-01;3.077647e-02;1.426373e-02;1.697639e-02;1.462801e-01
1.817661e-02;1.261706e-02;1.205073e-01;9.272640e-03;1.196567e-02;2.037376e-02;1.162522e-01;4.542376e-01;4.509833e-02;1.913334e-02;2.292613e-02;1.494393e-01
1.532105e-02;1.225089e-02;9.641424e-02;1.010181e-02;9.364902e-03;1.679901e-02;1.838464e-01;4.384389e-01;3.747120e-02;2.905877e-02;3.242147e-02;1.185114e-01
1.917867e-02;1.432654e-02;6.941724e-02;5.919712e-03;1.389775e-02;1.585595e-02;3.047289e-01;4.144960e-01;2.297672e-02;2.474074e-02;2.825850e-02;6.620327e-02
2.008569e-02;2.032498e-02;4.633839e-02;4.859704e-03;3.172330e-02;3.113327e-02;4.157878e-01;3.047492e-01;2.074649e-02;1.857446e-02;4.886029e-02;3.681646e-02
1.715942e-02;3.711107e-02;4.502623e-02;4.610629e-03;3.655320e-02;4.241148e-02;4.854882e-01;1.768022e-01;1.580529e-02;1.699049e-02;7.899024e-02;4.305152e-02
1.618405e-02;3.887853e-02;3.748388e-02;5.678467e-03;3.345129e-02;5.364760e-02;5.777838e-01;1.157394e-01;1.479301e-02;1.247630e-02;6.125552e-02;3.262806e-02
1.560381e-02;3.169080e-02;1.448111e-02;9.906447e-03;3.934197e-02;7.491439e-02;6.541263e-01;7.800332e-02;1.185337e-02;1.428761e-02;3.395415e-02;2.183666e-02
1.634757e-02;2.447141e-02;1.626340e-02;2.789745e-02;5.929372e-02;1.136377e-01;6.406469e-01;3.519614e-02;9.260355e-03;2.096765e-02;1.566706e-02;2.035061e-02
1.703483e-02;2.341111e-02;2.292637e-02;4.412175e-02;9.189659e-02;1.611310e-01;5.453335e-01;3.566559e-02;8.474254e-03;2.790219e-02;6.384529e-03;1.571831e-02
2.202410e-02;2.148859e-02;3.470840e-02;4.525722e-02;1.460578e-01;1.995967e-01;4.197520e-01;4.812336e-02;1.254379e-02;3.799222e-02;5.444638e-03;7.011209e-03
2.014262e-02;2.115211e-02;9.446944e-02;4.150880e-02;2.214432e-01;1.961881e-01;2.561791e-01;3.814235e-02;3.273194e-02;5.692516e-02;8.178852e-03;1.293835e-02
1.487874e-02;1.779446e-02;1.874009e-01;4.944094e-02;2.464533e-01;1.463780e-01;1.805648e-01;2.803111e-02;4.113199e-02;4.191888e-02;1.765094e-02;2.835605e-02
1.426997e-02;1.096016e-02;3.523518e-01;7.016115e-02;1.870407e-01;9.994596e-02;1.387100e-01;3.039106e-02;2.020318e-02;2.364946e-02;2.611874e-02;2.619777e-02
1.502842e-02;2.088803e-02;5.554945e-01;6.743963e-02;1.146060e-01;5.779054e-02;6.408277e-02;2.681520e-02;1.625968e-02;2.746601e-02;2.507077e-02;9.058419e-03
4.101345e-02;5.399042e-02;5.989956e-01;5.600042e-02;6.226270e-02;4.093038e-02;3.168162e-02;2.215046e-02;2.839030e-02;3.605665e-02;1.620420e-02;1.232378e-02
1.157353e-01;8.268037e-02;4.776152e-01;6.152715e-02;3.163255e-02;4.364077e-02;3.287939e-02;3.017720e-02;3.600807e-02;3.308159e-02;2.447791e-02;3.054441e-02
1.632880e-01;8.629911e-02;2.831339e-01;7.957820e-02;4.321021e-02;3.997239e-02;5.356572e-02;3.894298e-02;3.346497e-02;5.246703e-02;6.696452e-02;5.911298e-02
1.001278e-01;8.902849e-02;1.988024e-01;6.356408e-02;5.792176e-02;3.833928e-02;8.428804e-02;3.011631e-02;5.946712e-02;1.036927e-01;1.118025e-01;6.284957e-02
4.865332e-02;6.032752e-02;2.920253e-01;5.262569e-02;6.267037e-02;3.588033e-02;7.852717e-02;2.862407e-02;8.631815e-02;1.198301e-01;9.599939e-02;3.851860e-02
6.575074e-02;3.857080e-02;3.574462e-01;6.374148e-02;5.015347e-02;3.292160e-02;1.248952e-01;2.988318e-02;7.623440e-02;8.329283e-02;4.098152e-02;3.612857e-02
3.554639e-02;5.608935e-02;3.626264e-01;7.137611e-02;5.601038e-02;3.964548e-02;1.809145e-01;3.826747e-02;5.284046e-02;5.411131e-02;2.569671e-02;2.687546e-02
6.386197e-02;7.844189e-02;2.642029e-01;7.182227e-02;6.051740e-02;4.210936e-02;2.063930e-01;3.698893e-02;6.327198e-02;5.144170e-02;4.098964e-02;1.995902e-02
6.171374e-02;6.999758e-02;1.914354e-01;5.942948e-02;5.931434e-02;5.176980e-02;2.393290e-01;4.985297e-02;7.273521e-02;5.663319e-02;4.803066e-02;3.975864e-02
4.947017e-02;3.481178e-02;2.039775e-01;5.988427e-02;9.642508e-02;5.914073e-02;2.047748e-01;4.664426e-02;9.808508e-02;7.569709e-02;3.662415e-02;3.446516e-02
4.902317e-02;3.801297e-02;1.481126e-01;7.160567e-02;9.227236e-02;5.484567e-02;1.126504e-01;5.316961e-02;1.332023e-01;1.418739e-01;6.118834e-02;4.404300e-02
6.831237e-02;3.155338e-02;1.248830e-01;9.206492e-02;1.495659e-01;5.482916e-02;6.895243e-02;4.696270e-02;9.954417e-02;1.545588e-01;7.647264e-02;3.230050e-02
7.570300e-02;2.320660e-02;6.453536e-02;7.818343e-02;2.008287e-01;8.879996e-02;7.010153e-02;4.494933e-02;8.160342e-02;1.395596e-01;9.609658e-02;3.643243e-02
8.443365e-02;2.670841e-02;6.497254e-02;4.730152e-02;2.012410e-01;9.559239e-02;8.882573e-02;5.944604e-02;7.246530e-02;1.001384e-01;9.555245e-02;6.332251e-02
8.557187e-02;2.931696e-02;4.333048e-02;3.402108e-02;1.906442e-01;6.953826e-02;1.081751e-01;7.936678e-02;9.030725e-02;6.484530e-02;1.028800e-01;1.020027e-01
9.963594e-02;1.894369e-02;2.427340e-02;1.861286e-02;1.565315e-01;6.594454e-02;1.098640e-01;1.040035e-01;9.124706e-02;6.241237e-02;1.028947e-01;1.456365e-01
2.157327e-01;3.789654e-02;1.747002e-02;2.903487e-02;8.521150e-02;3.948091e-02;1.544921e-01;9.045485e-02;4.504788e-02;4.091077e-02;6.859037e-02;1.756775e-01
3.280520e-01;5.988528e-02;1.697256e-02;4.746477e-02;2.913662e-02;4.816556e-02;1.619221e-01;4.418403e-02;1.706226e-02;5.481898e-02;3.442775e-02;1.579081e-01
4.252587e-01;7.975893e-02;1.772340e-02;3.805821e-02;1.882168e-02;7.582061e-02;1.003185e-01;3.764078e-02;1.847712e-02;6.174606e-02;1.627179e-02;1.101042e-01
4.723260e-01;1.230742e-01;3.770455e-02;1.748200e-02;4.301283e-02;6.635528e-02;4.329780e-02;6.245344e-02;2.346832e-02;3.664606e-02;1.028743e-02;6.389215e-02
4.332524e-01;2.119226e-01;6.173935e-02;1.331388e-02;6.600164e-02;2.983817e-02;2.378269e-02;6.079871e-02;3.591308e-02;1.605474e-02;1.279137e-02;3.459137e-02
2.975291e-01;3.079364e-01;1.063945e-01;4.299620e-02;5.073829e-02;2.498727e-02;1.812037e-02;3.840243e-02;6.535339e-02;1.675165e-02;1.248773e-02;1.830275e-02
2.015670e-01;3.431370e-01;1.609961e-01;7.330837e-02;2.080440e-02;3.735948e-02;1.565946e-02;2.298870e-02;7.581437e-02;2.208950e-02;5.443022e-03;2.083267e-02
1.469195e-01;2.991274e-01;2.684477e-01;7.259855e-02;1.743903e-02;2.779097e-02;1.819653e-02;1.599231e-02;5.851128e-02;4.007992e-02;1.090412e-02;2.399269e-02
1.916907e-01;2.244161e-01;3.264314e-01;5.197003e-02;2.985108e-02;1.676637e-02;2.923611e-02;8.525723e-03;3.370765e-02;4.384032e-02;1.978570e-02;2.377876e-02
2.825592e-01;1.971602e-01;2.896534e-01;3.067845e-02;3.394434e-02;2.008254e-02;3.061526e-02;8.069235e-03;1.689744e-02;3.114249e-02;2.525176e-02;3.394579e-02
2.865445e-01;2.527455e-01;2.511007e-01;2.431095e-02;2.584968e-02;1.982025e-02;2.408473e-02;6.753443e-03;2.420624e-02;2.016303e-02;2.195249e-02;4.246838e-02
1.620712e-01;2.644912e-01;3.073342e-01;4.111074e-02;2.821058e-02;1.982463e-02;3.003669e-02;1.190223e-02;5.105178e-02;1.405066e-02;2.808929e-02;4.182686e-02
1.569764e-01;1.684416e-01;2.789040e-01;4.080297e-02;3.940185e-02;3.563762e-02;5.059148e-02;2.358108e-02;9.552819e-02;2.872515e-02;4.647432e-02;3.493540e-02
2.830845e-01;1.075932e-01;1.906910e-01;3.704374e-02;4.058732e-02;3.193263e-02;4.258339e-02;2.544872e-02;1.084565e-01;4.214700e-02;4.862284e-02;4.180916e-02
3.015296e-01;1.470284e-01;1.711745e-01;3.022646e-02;3.397712e-02;2.960898e-02;4.415130e-02;2.164550e-02;9.463586e-02;3.690909e-02;3.988305e-02;4.923018e-02
2.336218e-01;1.139906e-01;1.018508e-01;4.132972e-02;5.228568e-02;4.454362e-02;6.678764e-02;4.030841e-02;1.014190e-01;8.820083e-02;4.397594e-02;7.168595e-02
1.287915e-01;1.004437e-01;5.439496e-02;5.450054e-02;7.003340e-02;5.687103e-02;1.486413e-01;5.847732e-02;9.185155e-02;1.050526e-01;5.692057e-02;7.402161e-02
1.013975e-01;7.626534e-02;4.085023e-02;5.205411e-02;7.199665e-02;7.723397e-02;2.095122e-01;7.306066e-02;8.717559e-02;8.883476e-02;6.456123e-02;5.705764e-02
1.014436e-01;5.364008e-02;7.406807e-02;5.238397e-02;7.263956e-02;9.262563e-02;2.103479e-01;5.852535e-02;6.989279e-02;8.980554e-02;5.739594e-02;6.723155e-02
9.868462e-02;4.684353e-02;9.335279e-02;6.672879e-02;7.188851e-02;7.802901e-02;1.906247e-01;2.190665e-02;1.119355e-01;1.212590e-01;3.445035e-02;6.429661e-02
9.269277e-02;6.604901e-02;9.416052e-02;5.950898e-02;4.755234e-02;3.695751e-02;1.881973e-01;9.599432e-02;1.055979e-01;1.339248e-01;3.685113e-02;4.251347e-02
8.798421e-02;7.305006e-02;8.844119e-02;5.079458e-02;2.704782e-02;3.547578e-02;2.048472e-01;1.365452e-01;8.453868e-02;1.068928e-01;5.318852e-02;5.119404e-02
8.901240e-02;5.149942e-02;8.391269e-02;4.747431e-02;3.229369e-02;4.541245e-02;2.085031e-01;1.183240e-01;1.466689e-01;6.117509e-02;5.131852e-02;6.440543e-02
6.639614e-02;5.528950e-02;8.551178e-02;3.600307e-02;4.470574e-02;4.995977e-02;2.145284e-01;1.414173e-01;1.730783e-01;2.976235e-02;4.445396e-02;5.889369e-02
5.208098e-02;3.757535e-02;8.973399e-02;4.590622e-02;5.125918e-02;7.276756e-02;2.120493e-01;2.159392e-01;1.054406e-01;4.418334e-02;3.451972e-02;3.854453e-02
4.858358e-02;4.277306e-02;5.943792e-02;8.757650e-02;7.454157e-02;1.111247e-01;1.737712e-01;1.967075e-01;6.506449e-02;7.727361e-02;3.463439e-02;2.851148e-02
5.574217e-02;5.053718e-02;1.498985e-01;9.760822e-02;9.412674e-02;9.528770e-02;1.013619e-01;1.269244e-01;1.118273e-01;7.786489e-02;2.126241e-02;1.755852e-02
1.066067e-01;5.882137e-02;1.476742e-01;5.868553e-02;5.335247e-02;4.537197e-02;2.503638e-01;9.831382e-02;9.809405e-02;5.273833e-02;1.622611e-02;1.375159e-02
1.361315e-01;7.075711e-02;1.127864e-01;2.978353e-02;3.395287e-02;4.873428e-02;3.581046e-01;8.191852e-02;4.812025e-02;3.068219e-02;1.884368e-02;3.018518e-02
1.312722e-01;7.341399e-02;7.984604e-02;2.672266e-02;4.296116e-02;6.154728e-02;4.132377e-01;5.952986e-02;3.268575e-02;2.116882e-02;2.428118e-02;3.333342e-02
9.546772e-02;4.713116e-02;4.169602e-02;1.960535e-02;5.603557e-02;8.616077e-02;4.874826e-01;4.818331e-02;4.742534e-02;2.497235e-02;1.953936e-02;2.630038e-02
5.571362e-02;2.384654e-02;2.848279e-02;1.294075e-02;7.226059e-02;1.122446e-01;5.445020e-01;4.932926e-02;4.288074e-02;3.459976e-02;8.938216e-03;1.426123e-02
2.825805e-02;1.404478e-02;2.769294e-02;1.276340e-02;8.710258e-02;1.310710e-01;5.719613e-01;4.618750e-02;1.877007e-02;4.728049e-02;8.573113e-03;6.294782e-03
2.170914e-02;1.465853e-02;1.426637e-02;1.302095e-02;7.112577e-02;1.160644e-01;6.334428e-01;4.502276e-02;1.492622e-02;4.207193e-02;7.342783e-03;6.348316e-03
1.221312e-02;2.399636e-02;7.043964e-03;9.608607e-03;4.804474e-02;8.919879e-02;7.045979e-01;4.351470e-02;3.394686e-02;1.505176e-02;8.074176e-03;4.708988e-03
1.200577e-02;3.183889e-02;1.843652e-02;8.327805e-03;4.776589e-02;7.675647e-02;6.904765e-01;3.609993e-02;4.592810e-02;1.463101e-02;9.714515e-03;8.018591e-03
2.538291e-02;3.032876e-02;5.978161e-02;2.820811e-02;7.030903e-02;7.250557e-02;6.048546e-01;3.383731e-02;3.302632e-02;2.226882e-02;7.399184e-03;1.209778e-02
3.542201e-02;4.828234e-02;1.024834e-01;5.136886e-02;7.740953e-02;6.307973e-02;5.109615e-01;3.408579e-02;2.631562e-02;2.561875e-02;1.084119e-02;1.413120e-02
2.979225e-02;6.954774e-02;1.108982e-01;4.830554e-02;5.163009e-02;4.611482e-02;4.719234e-01;4.502055e-02;4.359711e-02;4.990869e-02;2.025152e-02;1.301013e-02
3.029999e-02;8.534093e-02;7.794832e-02;4.113581e-02;5.229484e-02;5.480333e-02;4.125297e-01;5.480443e-02;5.225446e-02;1.004140e-01;2.456339e-02;1.361077e-02
3.761625e-02;9.378548e-02;5.600791e-02;4.656912e-02;5.948760e-02;6.201221e-02;3.187268e-01;5.687938e-02;7.855070e-02;1.410044e-01;3.386229e-02;1.549790e-02
5.104367e-02;1.057171e-01;5.724127e-02;6.175765e-02;5.096311e-02;6.353752e-02;2.433989e-01;5.181897e-02;1.050578e-01;1.472596e-01;3.311472e-02;2.908970e-02
5.221631e-02;8.308154e-02;6.996523e-02;9.727997e-02;7.550210e-02;7.127374e-02;1.844719e-01;3.870960e-02;9.533342e-02;1.377948e-01;2.995745e-02;6.441390e-02
7.836583e-02;6.296133e-02;5.867180e-02;1.065822e-01;1.031660e-01;6.661689e-02;1.387495e-01;4.286206e-02;8.034800e-02;1.393569e-01;4.413007e-02;7.818942e-02
1.128577e-01;7.538117e-02;8.716558e-02;7.103634e-02;7.509267e-02;6.047578e-02;1.107900e-01;8.795332e-02;7.783867e-02;1.183126e-01;4.189792e-02;8.119819e-02
8.625451e-02;1.154486e-01;1.494834e-01;4.715236e-02;5.094697e-02;5.728869e-02;1.052074e-01;8.579124e-02;8.649999e-02;9.852450e-02;5.909118e-02;5.831114e-02
5.467869e-02;1.177946e-01;1.506432e-01;2.642459e-02;6.189507e-02;5.029242e-02;1.445684e-01;5.925615e-02;7.659677e-02;1.320736e-01;8.793131e-02;3.784531e-02
7.816070e-02;8.298673e-02;1.219836e-01;2.688626e-02;6.513423e-02;6.242171e-02;1.078956e-01;5.567671e-02;1.031825e-01;1.213837e-01;1.339810e-01;4.030731e-02
9.073673e-02;3.138991e-02;8.559884e-02;3.293922e-02;3.909885e-02;5.455421e-02;1.604799e-01;1.097751e-01;1.507229e-01;8.818749e-02;1.032944e-01;5.322245e-02
6.773775e-02;4.602003e-02;8.781514e-02;3.284394e-02;2.652381e-02;4.505645e-02;1.835744e-01;1.645560e-01;1.510118e-01;6.866143e-02;5.107648e-02;7.512289e-02
5.558921e-02;9.408648e-02;7.725589e-02;2.158183e-02;2.004773e-02;3.396388e-02;2.260202e-01;2.039161e-01;1.082334e-01;3.491561e-02;5.575518e-02;6.863446e-02
5.679711e-02;1.801448e-01;4.068426e-02;1.131367e-02;1.718250e-02;3.642211e-02;3.203732e-01;1.654482e-01;3.972510e-02;1.825690e-02;7.992607e-02;3.372612e-02
1.185430e-01;1.930616e-01;2.603197e-02;1.886329e-02;2.083668e-02;8.763698e-02;3.159806e-01;8.151027e-02;2.087957e-02;3.706611e-02;6.079802e-02;1.879187e-02
1.884210e-01;1.141569e-01;6.388531e-02;2.537214e-02;4.950105e-02;1.401171e-01;2.199465e-01;4.802852e-02;2.059513e-02;6.500265e-02;2.373329e-02;4.124041e-02
1.300623e-01;5.893846e-02;1.438539e-01;4.249204e-02;1.195442e-01;1.142568e-01;1.103645e-01;5.641389e-02;4.806700e-02;4.841008e-02;2.137377e-02;1.062230e-01
3.808732e-02;4.705817e-02;2.045763e-01;1.085501e-01;1.491831e-01;6.014254e-02;6.195265e-02;5.256302e-02;5.203404e-02;4.233617e-02;5.720861e-02;1.263079e-01
2.899688e-02;7.529820e-02;2.689086e-01;1.519903e-01;9.829939e-02;7.256228e-02;5.103679e-02;3.810637e-02;2.690063e-02;4.484686e-02;8.163231e-02;6.142135e-02
6.028832e-02;8.639782e-02;3.439820e-01;1.351198e-01;4.790688e-02;1.012512e-01;5.826339e-02;3.452112e-02;2.157048e-02;2.746964e-02;6.927689e-02;1.395244e-02
8.046909e-02;6.941708e-02;3.561923e-01;9.969867e-02;3.853067e-02;1.172985e-01;7.410806e-02;3.022857e-02;3.603604e-02;2.552051e-02;5.027316e-02;2.222734e-02
7.205889e-02;4.253103e-02;3.775652e-01;7.870562e-02;4.607314e-02;1.083508e-01;6.395098e-02;2.213436e-02;5.160445e-02;3.908525e-02;6.879772e-02;2.914251e-02
3.721682e-02;5.420319e-02;4.390786e-01;8.701263e-02;6.244406e-02;7.012337e-02;4.288548e-02;4.025067e-02;3.650731e-02;3.275297e-02;7.726519e-02;2.025975e-02
2.948526e-02;4.054295e-02;5.102662e-01;9.110042e-02;5.626809e-02;4.240888e-02;5.271792e-02;5.382065e-02;2.795992e-02;2.045161e-02;5.253486e-02;2.244322e-02
2.113641e-02;2.139620e-02;4.902005e-01;1.137797e-01;6.194780e-02;5.727693e-02;4.645631e-02;7.929677e-02;3.274074e-02;1.811919e-02;4.347100e-02;1.417843e-02
8.397067e-03;1.597589e-02;4.170909e-01;1.299554e-01;7.538653e-02;7.088017e-02;2.517383e-02;1.688778e-01;1.556737e-02;1.532024e-02;5.020799e-02;7.166844e-03
4.173515e-03;2.527311e-02;3.344364e-01;1.223905e-01;8.510613e-02;6.589389e-02;3.125464e-02;2.451107e-01;7.277130e-03;1.728773e-02;5.654972e-02;5.246607e-03
4.288352e-03;3.584857e-02;2.800380e-01;1.152646e-01;1.182552e-01;5.600179e-02;2.524172e-02;2.493311e-01;5.804032e-03;4.506491e-02;5.641295e-02;8.448804e-03
7.485222e-03;3.499259e-02;2.483610e-01;9.852605e-02;1.648251e-01;5.927678e-02;4.335494e-02;1.454693e-01;1.447513e-02;1.114152e-01;3.967020e-02;3.214853e-02
1.061726e-02;2.689461e-02;2.047184e-01;7.614107e-02;2.309316e-01;8.742507e-02;8.516748e-02;4.449686e-02;2.579161e-02;1.344768e-01;1.395489e-02;5.938437e-02
5.824280e-03;1.565184e-02;1.799287e-01;7.895661e-02;2.775628e-01;9.632714e-02;1.039003e-01;2.606591e-02;3.253441e-02;7.037852e-02;3.294932e-02;7.992008e-02
9.140465e-03;4.101049e-02;2.109614e-01;1.008764e-01;2.419432e-01;8.833119e-02;8.550647e-02;4.747935e-02;3.102595e-02;4.224753e-02;3.095799e-02;7.051965e-02
1.635430e-02;6.633288e-02;2.937200e-01;1.047605e-01;1.535584e-01;7.258340e-02;6.433741e-02;7.707723e-02;1.628009e-02;4.393799e-02;5.144608e-02;3.961175e-02
3.365647e-02;7.409145e-02;3.479557e-01;8.352711e-02;1.025781e-01;7.143732e-02;4.070285e-02;7.871938e-02;1.908952e-02;4.638619e-02;6.856336e-02;3.329253e-02
6.907874e-02;7.871382e-02;2.548119e-01;5.443963e-02;1.062411e-01;8.037423e-02;8.875512e-02;6.868460e-02;3.064779e-02;5.438147e-02;5.738212e-02;5.648949e-02
6.841546e-02;5.247079e-02;2.790555e-01;3.205349e-02;1.151151e-01;7.452793e-02;8.587211e-02;4.837808e-02;2.904204e-02;6.106501e-02;8.764329e-02;6.636123e-02
3.383033e-02;4.936412e-02;2.853427e-01;4.637248e-02;1.179195e-01;5.364695e-02;5.223529e-02;5.619298e-02;2.291438e-02;5.770455e-02;1.502271e-01;7.424966e-02
3.456812e-02;4.649158e-02;2.862876e-01;6.427347e-02;1.247302e-01;4.716997e-02;7.323216e-02;4.870163e-02;1.882629e-02;5.553432e-02;1.364749e-01;6.370974e-02
3.317567e-02;5.097347e-02;2.449995e-01;6.768517e-02;1.312366e-01;5.763878e-02;9.683266e-02;7.940371e-02;2.139306e-02;4.301526e-02;1.148958e-01;5.875032e-02
2.738856e-02;7.048836e-02;1.998530e-01;5.907756e-02;1.409048e-01;7.817610e-02;5.336873e-02;1.348562e-01;2.202539e-02;3.976676e-02;1.131969e-01;6.089765e-02
4.959014e-02;5.481430e-02;2.128753e-01;6.955150e-02;1.339754e-01;7.414731e-02;7.665015e-02;1.270590e-01;2.102224e-02;5.685120e-02;7.560648e-02;4.785708e-02
6.280187e-02;5.194579e-02;9.845786e-02;6.166373e-02;9.917094e-02;9.154703e-02;1.223287e-01;1.521413e-01;7.193466e-02;7.355592e-02;5.993787e-02;5.451429e-02
7.563810e-02;5.959442e-02;2.514293e-01;4.060557e-02;6.871877e-02;6.706093e-02;1.216872e-01;9.370451e-02;7.359871e-02;4.309446e-02;6.263601e-02;4.223210e-02
1.258512e-01;9.388451e-02;2.452374e-01;4.510138e-02;6.637424e-02;3.655703e-02;8.605625e-02;1.084734e-01;8.739725e-02;3.108664e-02;3.392467e-02;4.005608e-02
1.436696e-01;8.868330e-02;1.671509e-01;4.216841e-02;5.443138e-02;3.293074e-02;1.196409e-01;1.336413e-01;8.542893e-02;5.631104e-02;3.044243e-02;4.550102e-02
1.253197e-01;6.607428e-02;8.193833e-02;4.337218e-02;3.881669e-02;3.432366e-02;2.074999e-01;1.367738e-01;6.487103e-02;8.212464e-02;3.225657e-02;8.662923e-02
7.362773e-02;3.825332e-02;3.978541e-02;3.733886e-02;2.553647e-02;7.093852e-02;2.901722e-01;1.092797e-01;4.441731e-02;8.545239e-02;5.316682e-02;1.320312e-01
2.083859e-02;2.490932e-02;4.827854e-02;1.964349e-02;2.742201e-02;1.753526e-01;2.782029e-01;5.418183e-02;7.435932e-02;5.594099e-02;1.089349e-01;1.119355e-01
4.745948e-02;1.674413e-02;6.022803e-02;8.581778e-03;4.721725e-02;2.568563e-01;1.567120e-01;3.403278e-02;1.068707e-01;3.231972e-02;1.827621e-01;5.021587e-02
8.371495e-02;1.179308e-02;6.692979e-02;1.142596e-02;5.643598e-02;2.265531e-01;1.012290e-01;4.079464e-02;9.156363e-02;4.503528e-02;2.072795e-01;5.724515e-02
1.052502e-01;2.392480e-02;5.688006e-02;2.732163e-02;6.477386e-02;1.759053e-01;1.155125e-01;5.055135e-02;7.791401e-02;8.833411e-02;1.472419e-01;6.639025e-02
7.360464e-02;4.224790e-02;6.289944e-02;2.570285e-02;8.265842e-02;1.657206e-01;1.401145e-01;3.157589e-02;6.282706e-02;1.225067e-01;1.329708e-01;5.717117e-02
4.627628e-02;7.401846e-02;5.421207e-02;1.904337e-02;8.626340e-02;1.060259e-01;1.470953e-01;4.776491e-02;4.388266e-02;1.981163e-01;1.153326e-01;6.196870e-02
3.421878e-02;8.413593e-02;5.036650e-02;4.024478e-02;9.055284e-02;8.075922e-02;1.287986e-01;7.323831e-02;4.555136e-02;2.299698e-01;8.978011e-02;5.238372e-02
4.125230e-02;8.520104e-02;4.046527e-02;6.608770e-02;1.140928e-01;1.038712e-01;1.045320e-01;9.472182e-02;4.523091e-02;1.988326e-01;7.900101e-02;2.671136e-02
5.943903e-02;1.013335e-01;5.400452e-02;5.905377e-02;1.021352e-01;7.782526e-02;1.012116e-01;1.030811e-01;4.988332e-02;1.791898e-01;9.265730e-02;2.018567e-02
4.355210e-02;8.797024e-02;5.297069e-02;2.252004e-02;1.145416e-01;9.853846e-02;1.088609e-01;6.926750e-02;5.877269e-02;2.175819e-01;9.033831e-02;3.508562e-02
3.731791e-02;6.308129e-02;3.741559e-02;3.040950e-02;1.019909e-01;1.087680e-01;1.111869e-01;3.461784e-02;7.233483e-02;2.615862e-01;8.525417e-02;5.603686e-02
8.141665e-02;3.498574e-02;4.191323e-02;6.373550e-02;5.210714e-02;8.680910e-02;1.853583e-01;2.521993e-02;1.048737e-01;2.051094e-01;8.568732e-02;3.278399e-02
1.169437e-01;1.239498e-02;3.598295e-02;9.731131e-02;3.162635e-02;3.118828e-02;2.416799e-01;3.791183e-02;1.457463e-01;1.279348e-01;1.030370e-01;1.824269e-02
1.098235e-01;2.316315e-02;4.330746e-02;1.138848e-01;4.135792e-02;3.911299e-02;2.081241e-01;4.802640e-02;1.424065e-01;9.451499e-02;1.121071e-01;2.417108e-02
7.627981e-02;4.635895e-02;8.879480e-02;9.713775e-02;1.067324e-01;6.780590e-02;1.300901e-01;8.136614e-02;8.422309e-02;6.979624e-02;8.511060e-02;6.630416e-02
6.063220e-02;3.979075e-02;8.958680e-02;1.355050e-01;1.189821e-01;8.661859e-02;1.252625e-01;1.023046e-01;1.085449e-01;3.563741e-02;3.683549e-02;6.029972e-02
3.342320e-02;2.808684e-02;6.108404e-02;1.532377e-01;9.524913e-02;8.569018e-02;1.297140e-01;1.256308e-01;1.863963e-01;2.917262e-02;2.970951e-02;4.260564e-02
2.019653e-02;2.235901e-02;6.887953e-02;1.379953e-01;5.484984e-02;4.772604e-02;1.047233e-01;1.426585e-01;2.689734e-01;4.284473e-02;5.325046e-02;3.554324e-02
4.142442e-02;4.846981e-02;1.139224e-01;1.028620e-01;5.363074e-02;3.102203e-02;1.004931e-01;1.190094e-01;2.064890e-01;4.770525e-02;8.035015e-02;5.462154e-02
7.027128e-02;7.664835e-02;1.097183e-01;6.821728e-02;7.156806e-02;4.480686e-02;1.639973e-01;1.056397e-01;8.008126e-02;4.615433e-02;8.164806e-02;8.124930e-02
8.046774e-02;6.565033e-02;1.144888e-01;5.115156e-02;7.919291e-02;4.366906e-02;1.652349e-01;1.059107e-01;1.092929e-01;4.468827e-02;5.359484e-02;8.665811e-02
6.744006e-02;4.233117e-02;1.527296e-01;7.513917e-02;9.794062e-02;2.788010e-02;1.252170e-01;1.010767e-01;1.600133e-01;2.758352e-02;3.773401e-02;8.491482e-02
5.522026e-02;5.253075e-02;1.382792e-01;7.899897e-02;8.355152e-02;3.952258e-02;1.208414e-01;1.123249e-01;1.687285e-01;2.333316e-02;3.749241e-02;8.917633e-02
5.797615e-02;4.485872e-02;5.711270e-02;4.590984e-02;7.077763e-02;6.125327e-02;1.350571e-01;1.406055e-01;2.241288e-01;2.699827e-02;4.248858e-02;9.283347e-02
6.998366e-02;5.411461e-02;7.901793e-02;1.056078e-01;5.658274e-02;4.693318e-02;9.090155e-02;1.056874e-01;1.795944e-01;5.136218e-02;5.366604e-02;1.065485e-01
1.566719e-01;1.133595e-01;1.005649e-01;7.537439e-02;4.509161e-02;2.057075e-02;6.238098e-02;7.077444e-02;9.101710e-02;1.134170e-01;4.930499e-02;1.014724e-01
1.983182e-01;9.798478e-02;8.688971e-02;5.258362e-02;3.903045e-02;3.889174e-02;6.685105e-02;6.024093e-02;1.023467e-01;1.181294e-01;3.433850e-02;1.043948e-01
1.930017e-01;8.354923e-02;7.701864e-02;4.860255e-02;2.897372e-02;4.838743e-02;9.729558e-02;5.370442e-02;9.250875e-02;1.064759e-01;5.565018e-02;1.148319e-01
1.058352e-01;1.215670e-01;1.189141e-01;4.877999e-02;4.812860e-02;5.200768e-02;1.220538e-01;3.099558e-02;7.096508e-02;9.492997e-02;8.045969e-02;1.053633e-01
7.168423e-02;1.417750e-01;9.792117e-02;4.963846e-02;1.078391e-01;6.773438e-02;9.449962e-02;3.250092e-02;4.214210e-02;1.309068e-01;6.984572e-02;9.351242e-02
7.033883e-02;1.201274e-01;7.920132e-02;5.949226e-02;1.356529e-01;7.282896e-02;8.170854e-02;3.103019e-02;4.755871e-02;1.562422e-01;5.865841e-02;8.716036e-02
8.154313e-02;6.219646e-02;6.737214e-02;1.080524e-01;9.752482e-02;5.715335e-02;1.040779e-01;2.855909e-02;1.463569e-01;1.174761e-01;7.503067e-02;5.465715e-02
1.233525e-01;2.697784e-02;6.812910e-02;1.618597e-01;4.367582e-02;3.029643e-02;9.013007e-02;3.745751e-02;2.353038e-01;5.707958e-02;1.047304e-01;2.100722e-02
1.071712e-01;3.889998e-02;9.924412e-02;1.649929e-01;2.464269e-02;2.388038e-02;6.672633e-02;6.493284e-02;2.249358e-01;4.402589e-02;9.480324e-02;4.574465e-02
6.820987e-02;5.278641e-02;1.632875e-01;1.248749e-01;3.857811e-02;3.842784e-02;9.004577e-02;8.323964e-02;1.576316e-01;4.688000e-02;6.760032e-02;6.843803e-02
6.681623e-02;7.821258e-02;1.931010e-01;4.678426e-02;5.357981e-02;6.212691e-02;1.422302e-01;8.875453e-02;1.075473e-01;5.425160e-02;3.668553e-02;6.991006e-02
6.242900e-02;8.312459e-02;1.841169e-01;3.893207e-02;5.795883e-02;8.503216e-02;1.611445e-01;7.284047e-02;8.682913e-02;7.149075e-02;4.930980e-02;4.679189e-02
4.228036e-02;6.704821e-02;1.632987e-01;6.695546e-02;5.343962e-02;1.224849e-01;1.542851e-01;5.945037e-02;8.733814e-02;7.750846e-02;5.227388e-02;5.363679e-02
