6.027596e-02;6.598534e-02;6.884122e-02;6.113597e-02;7.778673e-02;8.202872e-02;1.281673e-01;7.326329e-02;1.044971e-01;1.329480e-01;8.325149e-02;6.181888e-02
5.353265e-02;4.569551e-02;1.050365e-01;9.095742e-02;7.269435e-02;1.221149e-01;1.314468e-01;1.101328e-01;5.743437e-02;1.019529e-01;4.587528e-02;6.312656e-02
3.415639e-02;4.265040e-02;1.122417e-01;7.964930e-02;8.900927e-02;1.460798e-01;1.217433e-01;1.168850e-01;9.823318e-02;9.471011e-02;2.838486e-02;3.625679e-02
4.724948e-02;4.432536e-02;1.267757e-01;9.292678e-02;9.052658e-02;1.443046e-01;1.011410e-01;1.083529e-01;1.022818e-01;8.428675e-02;2.271660e-02;3.511254e-02
6.189214e-02;4.010980e-02;1.530975e-01;9.902275e-02;5.393303e-02;1.109679e-01;1.474396e-01;1.111922e-01;8.854443e-02;7.001276e-02;2.669969e-02;3.708826e-02
6.630126e-02;3.189010e-02;1.429648e-01;1.074091e-01;6.056906e-02;4.926053e-02;2.036296e-01;1.214299e-01;4.043733e-02;1.034660e-01;3.167243e-02;4.096990e-02
7.989664e-02;2.683205e-02;8.759604e-02;1.284706e-01;1.034717e-01;5.117387e-02;1.466969e-01;1.784634e-01;3.345921e-02;1.013197e-01;2.061850e-02;4.200132e-02
1.136121e-01;2.155028e-02;3.623268e-02;1.663980e-01;1.229423e-01;4.601314e-02;7.770623e-02;2.315852e-01;2.630844e-02;9.199959e-02;1.635209e-02;4.929998e-02
9.014060e-02;9.395652e-03;2.531474e-02;3.294128e-01;3.933244e-02;2.447858e-02;1.161093e-01;1.361357e-01;9.792578e-03;1.249361e-01;8.995444e-03;8.595603e-02
5.946551e-02;1.209098e-02;3.318695e-02;4.008053e-01;5.899603e-02;2.297511e-02;1.085007e-01;9.267832e-02;7.803323e-03;9.740584e-02;1.450187e-02;9.159015e-02
6.683780e-02;2.128179e-02;4.537768e-02;3.818811e-01;7.821307e-02;3.262594e-02;9.157300e-02;8.255123e-02;2.214993e-02;7.035365e-02;1.973207e-02;8.742272e-02
9.715008e-02;5.508885e-02;8.446175e-02;2.402968e-01;8.799299e-02;4.351566e-02;9.014815e-02;9.960458e-02;3.934390e-02;6.247016e-02;3.291873e-02;6.700832e-02
9.301461e-02;1.065108e-01;1.290096e-01;1.109887e-01;7.946303e-02;4.929378e-02;9.964028e-02;1.122617e-01;4.081304e-02;7.071525e-02;5.937134e-02;4.891780e-02
7.404899e-02;1.585159e-01;1.382675e-01;7.040023e-02;5.273961e-02;4.354976e-02;1.264981e-01;7.447883e-02;5.501156e-02;1.017237e-01;7.329785e-02;3.146797e-02
7.707089e-02;1.256309e-01;1.576434e-01;1.237869e-01;4.487367e-02;4.257396e-02;1.392342e-01;2.760494e-02;6.391469e-02;1.005282e-01;6.149468e-02;3.564351e-02
7.369474e-02;8.103830e-02;1.296685e-01;1.272223e-01;7.753291e-02;6.403552e-02;1.097059e-01;3.539129e-02;9.574598e-02;9.202674e-02;5.940858e-02;5.452923e-02
6.512602e-02;6.188400e-02;1.169667e-01;1.111343e-01;8.351398e-02;7.593171e-02;9.668195e-02;6.637973e-02;8.332519e-02;9.628940e-02;6.588719e-02;7.687990e-02
6.922163e-02;8.070799e-02;1.395502e-01;8.660810e-02;9.311664e-02;1.031287e-01;9.432615e-02;7.091685e-02;5.993765e-02;7.686364e-02;6.960117e-02;5.602125e-02
4.786695e-02;5.526930e-02;1.131831e-01;1.665918e-01;1.076571e-01;1.089705e-01;1.192160e-01;6.629314e-02;5.218661e-02;7.366946e-02;5.263837e-02;3.645762e-02
5.622381e-02;3.301716e-02;9.228864e-02;1.357128e-01;1.551848e-01;9.925314e-02;1.127028e-01;7.463339e-02;5.541661e-02;1.117577e-01;3.641064e-02;3.739860e-02
5.371307e-02;2.450350e-02;7.797562e-02;9.805053e-02;1.771702e-01;9.504414e-02;9.713181e-02;8.709658e-02;7.929613e-02;1.069513e-01;6.105812e-02;4.200905e-02
6.264320e-02;3.324642e-02;1.105009e-01;1.383355e-01;1.530600e-01;8.912218e-02;8.076771e-02;8.537857e-02;7.660361e-02;6.605014e-02;5.869802e-02;4.559373e-02
5.476444e-02;3.924709e-02;1.314645e-01;2.187732e-01;1.352339e-01;7.087228e-02;6.483779e-02;7.166576e-02;6.022718e-02;5.042324e-02;6.129384e-02;4.119682e-02
4.859356e-02;5.693202e-02;1.150431e-01;2.469530e-01;1.470131e-01;4.955187e-02;6.156408e-02;5.583141e-02;6.147853e-02;5.880980e-02;5.182662e-02;4.640294e-02
9.034198e-02;7.367952e-02;1.730877e-01;1.884179e-01;1.065024e-01;5.320222e-02;6.428912e-02;5.218139e-02;5.325872e-02;5.229606e-02;4.784469e-02;4.489833e-02
1.464703e-01;7.027761e-02;1.998732e-01;1.080453e-01;9.006467e-02;5.087974e-02;6.583362e-02;5.663991e-02;8.379323e-02;3.743982e-02;3.835770e-02;5.232487e-02
3.231728e-02;9.147465e-02;2.451444e-01;6.731905e-02;6.878939e-02;6.581737e-02;7.240978e-02;6.489382e-02;8.710192e-02;1.102488e-01;5.745782e-02;3.702566e-02
4.073974e-02;1.166881e-01;3.678897e-01;3.747082e-02;5.206469e-02;4.656684e-02;5.043893e-02;3.690492e-02;7.593803e-02;1.253939e-01;2.753112e-02;2.237317e-02
4.254191e-02;1.035429e-01;4.020859e-01;8.215727e-02;4.461665e-02;2.615786e-02;2.359716e-02;2.328682e-02;5.493839e-02;9.726163e-02;7.954175e-02;2.027173e-02
2.427679e-02;7.012684e-02;3.779718e-01;1.457152e-01;5.121564e-02;2.459280e-02;2.141163e-02;2.742855e-02;3.082629e-02;5.375208e-02;1.412319e-01;3.145041e-02
1.184883e-02;3.033306e-02;2.938772e-01;2.435234e-01;6.506608e-02;2.325854e-02;1.775612e-02;4.493352e-02;1.115519e-02;1.834991e-02;2.072414e-01;3.265671e-02
9.490256e-03;1.258460e-02;2.036811e-01;3.495887e-01;7.587855e-02;2.002508e-02;7.961603e-03;5.728561e-02;5.547277e-03;1.837303e-02;2.289560e-01;1.062824e-02
6.407898e-03;5.113820e-03;1.828580e-01;3.903316e-01;1.050008e-01;2.071931e-02;7.943138e-03;7.629725e-02;8.072476e-03;7.448835e-03;1.823389e-01;7.467933e-03
6.555286e-03;8.696456e-03;1.464492e-01;4.042423e-01;1.368628e-01;2.335030e-02;8.699941e-03;1.059046e-01;3.629212e-03;7.259603e-03;1.343737e-01;1.397662e-02
3.700580e-03;1.416880e-02;1.211321e-01;3.965086e-01;1.824282e-01;1.647372e-02;9.740722e-03;1.162619e-01;4.087487e-03;1.195482e-02;1.050252e-01;1.851788e-02
5.099002e-03;1.533017e-02;8.694144e-02;3.257913e-01;3.081950e-01;1.581266e-02;1.095651e-02;8.515300e-02;7.172331e-03;1.927706e-02;8.150892e-02;3.876261e-02
5.686016e-03;9.000843e-03;4.621502e-02;2.031713e-01;4.993801e-01;3.070735e-02;1.961105e-02;3.656769e-02;1.653948e-02;1.991511e-02;4.531007e-02;6.789595e-02
6.443305e-03;6.639584e-03;2.177824e-02;9.891647e-02;5.911757e-01;4.293733e-02;4.400608e-02;7.039584e-03;5.094571e-02;1.073209e-02;1.631644e-02;1.030695e-01
1.059027e-02;4.377594e-03;2.231165e-02;4.855204e-02;5.377110e-01;6.944927e-02;5.605558e-02;2.794731e-03;1.079556e-01;8.690494e-03;1.018253e-02;1.213293e-01
4.031345e-02;7.433101e-03;3.194081e-02;3.730711e-02;4.232771e-01;1.304900e-01;5.409226e-02;4.016904e-03;1.252205e-01;3.421146e-02;1.063887e-02;1.010585e-01
7.227344e-02;2.287027e-02;3.783726e-02;5.020573e-02;2.947118e-01;1.805755e-01;7.856034e-02;1.145281e-02;8.614506e-02;8.018844e-02;2.692891e-02;5.825040e-02
6.845434e-02;3.778892e-02;3.380808e-02;6.604990e-02;1.945876e-01;1.854165e-01;1.680133e-01;2.097007e-02;4.964179e-02;8.737286e-02;4.819276e-02;3.970385e-02
6.733159e-02;4.091342e-02;9.052740e-02;6.666639e-02;1.296453e-01;1.492444e-01;2.302283e-01;4.175314e-02;4.323815e-02;5.327405e-02;6.223585e-02;2.494199e-02
7.817459e-02;5.061590e-02;1.724141e-01;5.511202e-02;1.001984e-01;9.484413e-02;2.303020e-01;4.543404e-02;5.131273e-02;4.451284e-02;4.558107e-02;3.149813e-02
8.895367e-02;6.714790e-02;1.618209e-01;4.894786e-02;1.184741e-01;5.244390e-02;1.442290e-01;4.139801e-02;8.269822e-02;9.966265e-02;5.680960e-02;3.741416e-02
9.465873e-02;6.749037e-02;1.655438e-01;3.495545e-02;1.201150e-01;5.424638e-02;1.303694e-01;4.964688e-02;7.855099e-02;1.004219e-01;6.373936e-02;4.026164e-02
9.111448e-02;7.257359e-02;1.836274e-01;5.041225e-02;1.117967e-01;7.172943e-02;1.486209e-01;6.995737e-02;4.658081e-02;8.028027e-02;4.488478e-02;2.842198e-02
6.390861e-02;6.307483e-02;2.010700e-01;6.902587e-02;9.826405e-02;7.334786e-02;1.532620e-01;8.043484e-02;5.012960e-02;7.215211e-02;4.831368e-02;2.701658e-02
6.441774e-02;5.426085e-02;1.489482e-01;9.465373e-02;9.974443e-02;6.966224e-02;1.666365e-01;8.908783e-02;7.193518e-02;7.797780e-02;3.156830e-02;3.110719e-02
9.035926e-02;3.918025e-02;7.039785e-02;7.544555e-02;1.082861e-01;1.012945e-01;1.850667e-01;9.266207e-02;8.802793e-02;7.322498e-02;3.076195e-02;4.529280e-02
8.229749e-02;2.021967e-02;1.027397e-01;9.283554e-02;9.284642e-02;1.247088e-01;1.239886e-01;8.983281e-02;9.428792e-02;7.665609e-02;5.751526e-02;4.207173e-02
6.479985e-02;3.277916e-02;1.271175e-01;7.575828e-02;7.368209e-02;9.938022e-02;2.440796e-01;6.115857e-02;8.388753e-02;6.302300e-02;4.928455e-02;2.504966e-02
6.559559e-02;3.193754e-02;5.874646e-02;7.539497e-02;8.846312e-02;1.175048e-01;3.452403e-01;4.666106e-02;6.077185e-02;5.255363e-02;3.297731e-02;2.415331e-02
7.064996e-02;2.311389e-02;8.392238e-02;5.979041e-02;1.172770e-01;1.566568e-01;3.282537e-01;3.889957e-02;4.230972e-02;3.817349e-02;1.984602e-02;2.110696e-02
7.255298e-02;2.486179e-02;1.566220e-01;5.520100e-02;1.581027e-01;1.686666e-01;2.057122e-01;3.606834e-02;3.210324e-02;2.979127e-02;1.775210e-02;4.256578e-02
6.250379e-02;3.216622e-02;2.824104e-01;8.259210e-02;1.568747e-01;1.233184e-01;7.364862e-02;3.444160e-02;3.393559e-02;2.543076e-02;3.337911e-02;5.929874e-02
3.824347e-02;4.110194e-02;3.595311e-01;8.790420e-02;1.214581e-01;7.005148e-02;9.268194e-02;3.012200e-02;3.548178e-02;2.546928e-02;4.291806e-02;5.503663e-02
3.630356e-02;4.477518e-02;3.881224e-01;7.354496e-02;9.476525e-02;4.640343e-02;9.775880e-02;3.442429e-02;5.109195e-02;5.031669e-02;4.139524e-02;4.109830e-02
5.777377e-02;3.978768e-02;2.613591e-01;5.876040e-02;8.784338e-02;6.149697e-02;1.230298e-01;6.866977e-02;8.196174e-02;7.409166e-02;4.520456e-02;4.002117e-02
7.246730e-02;6.555665e-02;1.513464e-01;9.037327e-02;9.080549e-02;5.976130e-02;1.191986e-01;8.767286e-02;7.524928e-02;9.313044e-02;5.081739e-02;4.362100e-02
7.132482e-02;6.854507e-02;1.510003e-01;1.183877e-01;8.179332e-02;7.062814e-02;8.426522e-02;8.988316e-02;5.727818e-02;1.131522e-01;4.443454e-02;4.930734e-02
7.084610e-02;9.227635e-02;1.342931e-01;7.150362e-02;8.697935e-02;8.886005e-02;1.125124e-01;1.161987e-01;7.872400e-02;6.285375e-02;3.197595e-02;5.297646e-02
1.072269e-01;8.004202e-02;1.109907e-01;3.625539e-02;6.080530e-02;4.025569e-02;1.076853e-01;7.787004e-02;1.271086e-01;8.862038e-02;8.543591e-02;7.770379e-02
1.356503e-01;5.784433e-02;7.697570e-02;3.740086e-02;5.692894e-02;6.115576e-02;1.374459e-01;8.509638e-02;1.122634e-01;8.789189e-02;6.014855e-02;9.119789e-02
1.179887e-01;4.183267e-02;6.465560e-02;2.922007e-02;6.761789e-02;6.990349e-02;1.235324e-01;9.083001e-02;9.344628e-02;6.605973e-02;8.070364e-02;1.542095e-01
7.865673e-02;2.643823e-02;4.893527e-02;7.666610e-02;5.567491e-02;5.660938e-02;7.743435e-02;1.062456e-01;5.447164e-02;3.708491e-02;1.655771e-01;2.162057e-01
2.986047e-02;1.616847e-02;4.150362e-02;1.776405e-01;4.749224e-02;2.781815e-02;2.077973e-02;1.368264e-01;1.527604e-02;1.511178e-02;2.999230e-01;1.715995e-01
1.008171e-02;9.819424e-03;6.399924e-02;2.611226e-01;2.921260e-02;1.412214e-02;1.463575e-02;1.331433e-01;6.830814e-03;2.768480e-02;3.592853e-01;7.006240e-02
7.118581e-03;5.231760e-03;1.152155e-01;3.026307e-01;1.322635e-02;1.004681e-02;2.871360e-02;9.032941e-02;9.114503e-03;5.507366e-02;3.462848e-01;1.701432e-02
1.125026e-02;5.655078e-03;1.815399e-01;2.691000e-01;1.573682e-02;1.041581e-02;5.774483e-02;4.485773e-02;4.720309e-03;1.073226e-01;2.847450e-01;6.911670e-03
2.055742e-02;1.287835e-02;2.272271e-01;1.740154e-01;1.105695e-02;8.119236e-03;9.464493e-02;2.644954e-02;3.872992e-02;1.870155e-01;1.855475e-01;1.375812e-02
3.084150e-02;1.963078e-02;2.215260e-01;1.097634e-01;1.661687e-02;1.145355e-02;1.053320e-01;3.685939e-02;8.668574e-02;2.104799e-01;1.326007e-01;1.821028e-02
4.052173e-02;3.494436e-02;1.884052e-01;7.220161e-02;1.945319e-02;1.513109e-02;1.048468e-01;5.317421e-02;1.134728e-01;1.993259e-01;1.258080e-01;3.271509e-02
5.076429e-02;4.842307e-02;1.519769e-01;5.842716e-02;2.734574e-02;1.614932e-02;9.041556e-02;6.840647e-02;1.303968e-01;1.690905e-01;1.422064e-01;4.639772e-02
4.397197e-02;1.870886e-02;1.435905e-01;2.000480e-01;3.296398e-02;2.241413e-02;7.020872e-02;1.007772e-01;8.390249e-02;1.151266e-01;1.374151e-01;3.087241e-02
4.101983e-02;1.738456e-02;1.304653e-01;2.301426e-01;2.576127e-02;2.658233e-02;9.173737e-02;8.230992e-02;6.527726e-02;9.651715e-02;1.621575e-01;3.064487e-02
3.623910e-02;2.754285e-02;2.055317e-01;2.218894e-01;3.160298e-02;3.104344e-02;1.019861e-01;6.425083e-02;3.764765e-02;5.861907e-02;1.702930e-01;1.335388e-02
1.228173e-01;9.129547e-02;1.298231e-01;8.982992e-02;5.935485e-02;5.733578e-02;1.291381e-01;4.798713e-02;6.956366e-02;9.207495e-02;6.387496e-02;4.690491e-02
9.994008e-02;6.923388e-02;1.430534e-01;8.948393e-02;8.662349e-02;7.093679e-02;8.692237e-02;4.715114e-02;8.042870e-02;1.214737e-01;7.368749e-02;3.106502e-02
6.622893e-02;4.654796e-02;1.672131e-01;8.421870e-02;8.160838e-02;4.021273e-02;8.737742e-02;4.382866e-02;1.070836e-01;2.009190e-01;4.817928e-02;2.658218e-02
3.759470e-02;6.904127e-02;1.900063e-01;5.676039e-02;4.939495e-02;4.135877e-02;8.269008e-02;3.680379e-02;1.489185e-01;2.348008e-01;2.429267e-02;2.833784e-02
2.384955e-02;1.098445e-01;1.486062e-01;2.863410e-02;1.942156e-02;7.951930e-02;4.669030e-02;2.249262e-02;2.645715e-01;2.020169e-01;1.400803e-02;4.034547e-02
5.837290e-02;1.158502e-01;7.608122e-02;2.074968e-02;2.519469e-02;7.541931e-02;3.109495e-02;3.960097e-02;3.424599e-01;1.219115e-01;4.378040e-02;4.948425e-02
1.647543e-01;8.799585e-02;3.560240e-02;1.632180e-02;5.865333e-02;3.738517e-02;4.631773e-02;1.164321e-01;2.635318e-01;4.591123e-02;8.867224e-02;3.842198e-02
2.879444e-01;4.870341e-02;3.854590e-02;1.136623e-02;8.178628e-02;1.453795e-02;6.093280e-02;2.101416e-01;1.003614e-01;1.248700e-02;9.991560e-02;3.327746e-02
2.926373e-01;2.696949e-02;3.647985e-02;2.431588e-02;5.993304e-02;2.831653e-02;9.919002e-02;2.219685e-01;4.869590e-02;3.334001e-02;5.879138e-02;6.936208e-02
2.074118e-01;3.065200e-02;4.130184e-02;4.803752e-02;4.097963e-02;5.120363e-02;1.508631e-01;1.752103e-01;5.191392e-02;5.927061e-02;3.468145e-02;1.084741e-01
1.143892e-01;4.666388e-02;5.740780e-02;4.753501e-02;3.971692e-02;5.364325e-02;1.636017e-01;1.651957e-01;7.509212e-02;7.492895e-02;3.728160e-02;1.245439e-01
8.011782e-02;5.051359e-02;4.087180e-02;7.055907e-02;2.331620e-02;3.727265e-02;1.667298e-01;1.576810e-01;1.012970e-01;1.021396e-01;2.614547e-02;1.433561e-01
6.559221e-02;4.462093e-02;1.905418e-02;9.862369e-02;1.243127e-02;2.687149e-02;2.181794e-01;1.320121e-01;6.980796e-02;1.066127e-01;1.385953e-02;1.923345e-01
4.057325e-02;5.069341e-02;1.030495e-02;1.195773e-01;4.054708e-03;1.638086e-02;2.861331e-01;8.048306e-02;2.619204e-02;8.626553e-02;1.209565e-02;2.672461e-01
3.241697e-02;5.688837e-02;1.155343e-02;1.267518e-01;3.248428e-03;1.521394e-02;3.188750e-01;3.277808e-02;6.956163e-03;6.666896e-02;1.901293e-02;3.096359e-01
4.866948e-02;4.461623e-02;1.011228e-02;1.195836e-01;5.290722e-03;2.174740e-02;3.165903e-01;5.036986e-02;1.305297e-02;7.846142e-02;1.352793e-02;2.779778e-01
8.128935e-02;2.294758e-02;2.241637e-02;9.716806e-02;9.124464e-03;2.912156e-02;3.152980e-01;1.138405e-01;2.519211e-02;8.235171e-02;7.637499e-03;1.936128e-01
1.080740e-01;1.244237e-02;3.095930e-02;7.118615e-02;6.339627e-03;4.071924e-02;3.396691e-01;1.542319e-01;4.440311e-02;5.943692e-02;1.125370e-02;1.212845e-01
1.280896e-01;1.552232e-02;6.339379e-02;5.053561e-02;1.742451e-02;4.701974e-02;3.373584e-01;1.630877e-01;4.709783e-02;3.257199e-02;1.563754e-02;8.226097e-02
1.159487e-01;1.543563e-02;1.501225e-01;4.394936e-02;4.013533e-02;4.731289e-02;2.675833e-01;1.293081e-01;6.027902e-02;3.380950e-02;2.584544e-02;7.027024e-02
9.027307e-02;4.123363e-02;1.827130e-01;5.160581e-02;6.066754e-02;5.302633e-02;2.085252e-01;6.392250e-02;7.888893e-02;5.141775e-02;4.095725e-02;7.676903e-02
7.461516e-02;4.857348e-02;1.541543e-01;4.060667e-02;6.578178e-02;6.488168e-02;2.185531e-01;4.841127e-02;1.002719e-01;7.125556e-02;4.274368e-02;7.015137e-02
3.908755e-02;4.298780e-02;9.874061e-02;4.900100e-02;6.381600e-02;5.385812e-02;2.576242e-01;1.037450e-01;8.345725e-02;1.084332e-01;3.798203e-02;6.126735e-02
3.671024e-02;4.379465e-02;7.058707e-02;5.591736e-02;6.084746e-02;1.003662e-01;2.209504e-01;1.269669e-01;7.971450e-02;1.084012e-01;2.866923e-02;6.707484e-02
5.080374e-02;6.081885e-02;3.476594e-02;5.710483e-02;8.064081e-02;1.331497e-01;1.534586e-01;1.051567e-01;1.277199e-01;7.901056e-02;2.950340e-02;8.786692e-02
4.824763e-02;6.987469e-02;5.246072e-02;6.796791e-02;8.166440e-02;1.007754e-01;1.647495e-01;1.078591e-01;1.090612e-01;6.584767e-02;2.685237e-02;1.046395e-01
5.965437e-02;7.097102e-02;6.875572e-02;6.168947e-02;7.972664e-02;8.101930e-02;2.073677e-01;1.267748e-01;7.038344e-02;6.822652e-02;2.603133e-02;7.939973e-02
6.236798e-02;5.241099e-02;6.815574e-02;6.242237e-02;7.042264e-02;6.991962e-02;1.825668e-01;1.758791e-01;7.943118e-02;8.948710e-02;3.995740e-02;4.697910e-02
6.276949e-02;1.038263e-01;5.349057e-02;7.514957e-02;7.999215e-02;7.493258e-02;1.068200e-01;1.521543e-01;1.027118e-01;6.646694e-02;5.885615e-02;6.283016e-02
4.949913e-02;1.114753e-01;4.015252e-02;8.553508e-02;8.380506e-02;6.461379e-02;8.784803e-02;1.256091e-01;1.356591e-01;7.565536e-02;8.930112e-02;5.084644e-02
4.183969e-02;6.368317e-02;4.353390e-02;5.504403e-02;1.235047e-01;5.189657e-02;1.065186e-01;1.131456e-01;1.567600e-01;1.072738e-01;7.388024e-02;6.291968e-02
4.385647e-02;5.925535e-02;5.114336e-02;2.955879e-02;1.657258e-01;8.960746e-02;7.770656e-02;7.675730e-02;1.522755e-01;1.302959e-01;4.258053e-02;8.123694e-02
6.097902e-02;4.304906e-02;9.839798e-02;4.272620e-02;1.461539e-01;1.060017e-01;9.686200e-02;6.341615e-02;1.201349e-01;1.099656e-01;3.018705e-02;8.212648e-02
8.071626e-02;6.630132e-02;1.252462e-01;6.169114e-02;7.373164e-02;8.621410e-02;1.313455e-01;8.441913e-02;9.551771e-02;9.900886e-02;3.947040e-02;5.633776e-02
7.758158e-02;9.738804e-02;9.218474e-02;4.887553e-02;5.270567e-02;8.296215e-02;1.339931e-01;7.064580e-02;8.422112e-02;1.379408e-01;6.052237e-02;6.097918e-02
6.585894e-02;7.695410e-02;1.088973e-01;3.686040e-02;6.220652e-02;7.927334e-02;1.554182e-01;6.218104e-02;8.289124e-02;1.760798e-01;4.235847e-02;5.102065e-02
4.655895e-02;5.169777e-02;1.053759e-01;3.422317e-02;6.917837e-02;9.588068e-02;1.781178e-01;6.170528e-02;9.817863e-02;1.796886e-01;3.755580e-02;4.183909e-02
7.461094e-02;4.946579e-02;8.928606e-02;4.882689e-02;6.391994e-02;8.922352e-02;2.501692e-01;5.309616e-02;7.671671e-02;1.221708e-01;5.712233e-02;2.539166e-02
5.908209e-02;4.837529e-02;8.487442e-02;2.761091e-02;7.322246e-02;7.257547e-02;4.060336e-01;6.286684e-02;3.905759e-02;5.440058e-02;5.160059e-02;2.030016e-02
3.076611e-02;3.670413e-02;9.005529e-02;1.997425e-02;1.121147e-01;1.151502e-01;4.353411e-01;5.641633e-02;2.247381e-02;2.864198e-02;3.048320e-02;2.187890e-02
2.262016e-02;2.159052e-02;1.002409e-01;2.496170e-02;1.731498e-01;1.701118e-01;3.816506e-01;3.647877e-02;1.698073e-02;1.580623e-02;1.253959e-02;2.386922e-02
3.173853e-02;1.155704e-02;6.376214e-02;2.128528e-02;1.371870e-01;1.760439e-01;4.312500e-01;5.130721e-02;2.013199e-02;3.129389e-02;8.143403e-03;1.629958e-02
2.627994e-02;1.311966e-02;3.763154e-02;1.899379e-02;8.151165e-02;1.209573e-01;5.559225e-01;5.949285e-02;3.606013e-02;3.286041e-02;6.948856e-03;1.022134e-02
1.202425e-02;1.257332e-02;2.516679e-02;1.123373e-02;4.644877e-02;6.229654e-02;6.498863e-01;8.959850e-02;5.056565e-02;2.612634e-02;7.801504e-03;6.278266e-03
5.029994e-03;9.514332e-03;4.407976e-02;9.074306e-03;2.570709e-02;5.357124e-02;5.467215e-01;1.581928e-01;7.424502e-02;5.222389e-02;1.017558e-02;1.146442e-02
1.830075e-02;1.230318e-02;5.099754e-02;2.210851e-02;2.314174e-02;7.418908e-02;3.780012e-01;1.631422e-01;1.151259e-01;9.040753e-02;2.931951e-02;2.296273e-02
3.481046e-02;1.824821e-02;3.996284e-02;3.396667e-02;2.563908e-02;7.665275e-02;3.646296e-01;1.230391e-01;1.153347e-01;8.905105e-02;4.383085e-02;3.483471e-02
2.186811e-02;3.002363e-02;4.037238e-02;3.288031e-02;2.275505e-02;5.262563e-02;3.899621e-01;9.134607e-02;9.041410e-02;9.772896e-02;8.061484e-02;4.940877e-02
4.617706e-02;3.505804e-02;3.996585e-02;1.450102e-02;1.767093e-02;7.279100e-02;2.684090e-01;5.207341e-02;5.689918e-02;1.018004e-01;2.230228e-01;7.163135e-02
4.542172e-02;3.237965e-02;4.939514e-02;1.426751e-02;2.111246e-02;1.068151e-01;1.015382e-01;4.676927e-02;3.370319e-02;1.085134e-01;3.658648e-01;7.421962e-02
4.738937e-02;4.011220e-02;4.431431e-02;1.873069e-02;2.382375e-02;1.026953e-01;7.761820e-02;3.801245e-02;2.928150e-02;1.036886e-01;4.023293e-01;7.200426e-02
1.295932e-01;7.797492e-02;1.009081e-01;2.743128e-02;2.178358e-02;7.845210e-02;6.712888e-02;3.057217e-02;3.951189e-02;9.358338e-02;2.444590e-01;8.860146e-02
2.336423e-01;9.565466e-02;9.325147e-02;2.380714e-02;1.814213e-02;3.471281e-02;6.966265e-02;2.566818e-02;3.486387e-02;5.472751e-02;1.208646e-01;1.950027e-01
2.168133e-01;8.352836e-02;6.883742e-02;2.258812e-02;1.525547e-02;1.603276e-02;6.086423e-02;2.839755e-02;3.360892e-02;4.750894e-02;1.599451e-01;2.466198e-01
1.583331e-01;5.500565e-02;4.576198e-02;2.037632e-02;1.003117e-02;2.456551e-02;4.509709e-02;2.480013e-02;3.359458e-02;4.132585e-02;2.222247e-01;3.188839e-01
5.731020e-02;3.111625e-02;2.126372e-02;1.391429e-02;1.674966e-02;5.771158e-02;2.446394e-02;1.430865e-02;3.724631e-02;2.960761e-02;3.308173e-01;3.654904e-01
2.651759e-02;2.024846e-02;3.553578e-02;1.732471e-02;1.815197e-02;8.622341e-02;2.370213e-02;1.736477e-02;3.372817e-02;2.887297e-02;4.720608e-01;2.202692e-01
1.945040e-02;3.027726e-02;3.949522e-02;2.510940e-02;1.790278e-02;1.177083e-01;1.838763e-02;1.197089e-02;3.995889e-02;4.136414e-02;5.430388e-01;9.533629e-02
3.060303e-02;2.902820e-02;2.953249e-02;2.703326e-02;2.187622e-02;1.084953e-01;2.132613e-02;1.491706e-02;4.324793e-02;3.586106e-02;5.026875e-01;1.353918e-01
4.884946e-02;2.337453e-02;2.455127e-02;2.592401e-02;2.548984e-02;6.519088e-02;3.405318e-02;1.553016e-02;3.864586e-02;3.185826e-02;4.457096e-01;2.208229e-01
5.199579e-02;2.680952e-02;2.311603e-02;2.066526e-02;2.254338e-02;3.586863e-02;3.777799e-02;1.553768e-02;2.875439e-02;3.453622e-02;4.400302e-01;2.623648e-01
4.260367e-02;1.706128e-02;1.345822e-02;1.330712e-02;1.742133e-02;3.888016e-02;4.155159e-02;1.988230e-02;3.438554e-02;4.138470e-02;4.652343e-01;2.548298e-01
5.136796e-02;1.453670e-02;1.383374e-02;1.053563e-02;1.021612e-02;4.573384e-02;4.573539e-02;1.757911e-02;5.458705e-02;3.123153e-02;4.705541e-01;2.340889e-01
3.829237e-02;6.468751e-03;2.171552e-02;8.186296e-03;1.179210e-02;9.378773e-02;2.483122e-02;1.377230e-02;8.235916e-02;7.641599e-02;4.663320e-01;1.560465e-01
3.772493e-02;1.339171e-02;1.839571e-02;1.253198e-02;3.447781e-02;9.698414e-02;7.662992e-02;2.517531e-02;9.747422e-02;1.986890e-01;3.197626e-01;6.876270e-02
2.531152e-02;1.410271e-02;2.064983e-02;2.053028e-02;4.707086e-02;5.353078e-02;2.706338e-01;6.790449e-02;1.252268e-01;2.077844e-01;1.313041e-01;1.595041e-02
1.550834e-02;2.103105e-02;2.238078e-02;1.667074e-02;4.974525e-02;4.855781e-02;4.891430e-01;9.266271e-02;9.440663e-02;9.653683e-02;4.097346e-02;1.238345e-02
2.708673e-02;2.280645e-02;3.171890e-02;1.095520e-02;7.937558e-02;8.760136e-02;5.578089e-01;8.142772e-02;4.088311e-02;3.172990e-02;1.704596e-02;1.156016e-02
4.148918e-02;1.749063e-02;5.422185e-02;1.725740e-02;1.567979e-01;1.529968e-01;4.267444e-01;4.991966e-02;3.198350e-02;1.808294e-02;1.048030e-02;2.253540e-02
2.725508e-02;1.421281e-02;9.224405e-02;2.655506e-02;2.376708e-01;1.926809e-01;2.498239e-01;3.896321e-02;4.930486e-02;2.378582e-02;9.508230e-03;3.799528e-02
3.079187e-02;1.852736e-02;3.756488e-02;1.527339e-02;1.183138e-01;1.237058e-01;4.804933e-01;6.564247e-02;5.269638e-02;2.982911e-02;8.065064e-03;1.909659e-02
2.203294e-02;2.513859e-02;2.275580e-02;1.271563e-02;5.776472e-02;7.874704e-02;4.843503e-01;1.061834e-01;1.030144e-01;5.862273e-02;1.799481e-02;1.067968e-02
2.366827e-02;2.023108e-02;3.713052e-02;2.244700e-02;3.360698e-02;4.386906e-02;3.085237e-01;1.616045e-01;1.986041e-01;1.029849e-01;3.463094e-02;1.269891e-02
2.379181e-02;3.346126e-02;8.432309e-02;2.896836e-02;4.263531e-02;5.151454e-02;1.336696e-01;1.926734e-01;2.539292e-01;9.359075e-02;3.973633e-02;2.170634e-02
1.502186e-02;9.707022e-02;8.456303e-02;2.594424e-02;5.270768e-02;4.958360e-02;1.842273e-01;1.892912e-01;1.878313e-01;5.762792e-02;3.519445e-02;2.093715e-02
1.872726e-02;2.054305e-01;5.983797e-02;2.219374e-02;5.184667e-02;3.582470e-02;2.647785e-01;1.361288e-01;1.089612e-01;4.920777e-02;3.122216e-02;1.584068e-02
4.421104e-02;3.109111e-01;5.810036e-02;2.606314e-02;3.358783e-02;4.412672e-02;3.020621e-01;5.854413e-02;4.516402e-02;3.588768e-02;3.105932e-02;1.028250e-02
1.154076e-01;2.463464e-01;4.606934e-02;5.473515e-02;2.231592e-02;1.246048e-01;2.345780e-01;2.830040e-02;1.825447e-02;7.641398e-02;2.604561e-02;6.928212e-03
1.974206e-01;8.610909e-02;2.159176e-02;7.483278e-02;3.960402e-02;2.524609e-01;1.309280e-01;2.286779e-02;1.045949e-02;1.386320e-01;1.366728e-02;1.142622e-02
2.267811e-01;1.749002e-02;8.855261e-03;7.754322e-02;3.366904e-02;3.268532e-01;7.591794e-02;2.242967e-02;1.805163e-02;1.661054e-01;1.203322e-02;1.427027e-02
2.310739e-01;1.702583e-02;5.906012e-03;7.107642e-02;2.610648e-02;3.480712e-01;7.131746e-02;2.201298e-02;2.180857e-02;1.661159e-01;4.849008e-03;1.463613e-02
2.256575e-01;2.476260e-02;1.131867e-02;8.921082e-02;2.671135e-02;3.228828e-01;9.145596e-02;1.631972e-02;1.677639e-02;1.571038e-01;4.127651e-03;1.367268e-02
2.260819e-01;5.124638e-02;2.305445e-02;1.079099e-01;2.509122e-02;2.560495e-01;1.297122e-01;1.419696e-02;1.679551e-02;1.291444e-01;7.012574e-03;1.370508e-02
2.851250e-01;7.385064e-02;1.920646e-02;1.036539e-01;1.897250e-02;1.877483e-01;1.752612e-01;1.358590e-02;1.056094e-02;8.785355e-02;8.130733e-03;1.605092e-02
3.601304e-01;6.829586e-02;2.216023e-02;1.012044e-01;1.820694e-02;1.568345e-01;1.737757e-01;8.891228e-03;9.607321e-03;5.861375e-02;4.044367e-03;1.823526e-02
3.356643e-01;4.837838e-02;2.778406e-02;1.472851e-01;3.109163e-02;1.500501e-01;1.576525e-01;1.705356e-02;1.301251e-02;4.497420e-02;4.478270e-03;2.257542e-02
2.232281e-01;2.889223e-02;4.452562e-02;1.867112e-01;6.262469e-02;1.785788e-01;1.400245e-01;2.600871e-02;1.644381e-02;6.893086e-02;9.731402e-03;1.430012e-02
1.320364e-01;3.913249e-02;6.380045e-02;1.925251e-01;9.000757e-02;1.678690e-01;1.802856e-01;2.789346e-02;1.692979e-02;5.854936e-02;1.406130e-02;1.690934e-02
6.521151e-02;4.502898e-02;7.571185e-02;1.674961e-01;1.098232e-01;1.360949e-01;2.952211e-01;2.300771e-02;1.412218e-02;3.794869e-02;1.236132e-02;1.797245e-02
6.308120e-02;2.218032e-02;1.381584e-01;1.345495e-01;1.386583e-01;1.196869e-01;2.860788e-01;1.469908e-02;1.965464e-02;2.503117e-02;6.827752e-03;3.139385e-02
3.434745e-02;3.688407e-02;2.270069e-01;1.124122e-01;1.668925e-01;9.697367e-02;1.722637e-01;2.517089e-02;2.765848e-02;3.331207e-02;1.932558e-02;4.775245e-02
3.504123e-02;5.319146e-02;1.917822e-01;9.090157e-02;1.503743e-01;1.126616e-01;1.713895e-01;4.132986e-02;3.461125e-02;4.426592e-02;4.128955e-02;3.316155e-02
6.937914e-02;3.256666e-02;1.023727e-01;8.664594e-02;1.365196e-01;1.734091e-01;2.175054e-01;3.831860e-02;3.267342e-02;5.102614e-02;2.831424e-02;3.126908e-02
9.424007e-02;1.819444e-02;3.812275e-02;1.738757e-01;8.261216e-02;1.870447e-01;2.661361e-01;3.612621e-02;1.753794e-02;6.032994e-02;1.034551e-02;1.543444e-02
1.317854e-01;2.520350e-02;1.346283e-02;2.100527e-01;4.513582e-02;1.550556e-01;3.313191e-01;2.052507e-02;6.152531e-03;5.180315e-02;3.110223e-03;6.393939e-03
1.358485e-01;3.967803e-02;1.307158e-02;1.379517e-01;4.335098e-02;1.368887e-01;4.011417e-01;1.457656e-02;4.563889e-03;5.584794e-02;9.929279e-03;7.151064e-03
8.972061e-02;4.571512e-02;1.176235e-02;6.814975e-02;4.865649e-02;1.592821e-01;4.342062e-01;1.521177e-02;7.499497e-03;9.148417e-02;1.858281e-02;9.729090e-03
8.691578e-02;2.901878e-02;2.000231e-02;5.373356e-02;7.862221e-02;2.173249e-01;3.615772e-01;1.143018e-02;1.211519e-02;9.866385e-02;1.612608e-02;1.446997e-02
9.743547e-02;1.745942e-02;6.088883e-02;4.707976e-02;1.338129e-01;2.300049e-01;2.501583e-01;1.467921e-02;2.599509e-02;6.123959e-02;1.570874e-02;4.553775e-02
6.125682e-02;2.221553e-02;1.542028e-01;7.195470e-02;1.709078e-01;1.519046e-01;1.509994e-01;2.890810e-02;3.868899e-02;2.267611e-02;4.023066e-02;8.605450e-02
2.256770e-02;2.702107e-02;3.170741e-01;1.200312e-01;1.189241e-01;5.993642e-02;8.366866e-02;3.771669e-02;3.161224e-02;2.874347e-02;7.849949e-02;7.420480e-02
2.110967e-02;2.770210e-02;4.936551e-01;9.597218e-02;4.613093e-02;4.366612e-02;5.863570e-02;3.683612e-02;3.004803e-02;4.356751e-02;6.881184e-02;3.386475e-02
3.196738e-02;2.624025e-02;5.097865e-01;6.311876e-02;7.452100e-02;5.738636e-02;8.086830e-02;2.445265e-02;4.191181e-02;4.194045e-02;3.190263e-02;1.590387e-02
4.338576e-02;2.454650e-02;3.959817e-01;7.500884e-02;9.871806e-02;7.041112e-02;1.348835e-01;2.258849e-02;4.028537e-02;4.097814e-02;3.058307e-02;2.262950e-02
3.318737e-02;4.551659e-02;2.421228e-01;6.323886e-02;6.416890e-02;1.125125e-01;2.415520e-01;3.569652e-02;4.529174e-02;5.128675e-02;2.545975e-02;3.996622e-02
3.986492e-02;5.102639e-02;1.352860e-01;4.092397e-02;8.297063e-02;1.117176e-01;2.868486e-01;3.259404e-02;6.008123e-02;3.611127e-02;3.290025e-02;8.967504e-02
3.139570e-02;3.021008e-02;1.167717e-01;3.824958e-02;1.891221e-01;9.644984e-02;2.016520e-01;1.809275e-02;7.246698e-02;1.888535e-02;3.047589e-02;1.562280e-01
8.269066e-02;1.361189e-02;1.085126e-01;2.983045e-02;2.099357e-01;1.315824e-01;1.570876e-01;1.066244e-02;6.128395e-02;2.060889e-02;2.144011e-02;1.527532e-01
1.825132e-01;1.533995e-02;6.688403e-02;2.227557e-02;1.545465e-01;2.089689e-01;1.595249e-01;1.997457e-02;3.587156e-02;3.357691e-02;1.178840e-02;8.873547e-02
2.863648e-01;2.191396e-02;2.196226e-02;1.309217e-02;9.651374e-02;2.801727e-01;1.568736e-01;2.576593e-02;2.049445e-02;3.888379e-02;9.907557e-03;2.805507e-02
3.261185e-01;2.803518e-02;1.632861e-02;9.438831e-03;7.979212e-02;3.067709e-01;1.307303e-01;2.829846e-02;1.840358e-02;3.367179e-02;1.363086e-02;8.780907e-03
3.071487e-01;1.949596e-02;1.906281e-02;2.325490e-02;7.535483e-02;3.420239e-01;1.191897e-01;3.407976e-02;1.253143e-02;2.961678e-02;1.033154e-02;7.909631e-03
2.591952e-01;7.514576e-03;1.086525e-02;6.971244e-02;5.656302e-02;3.725563e-01;1.340515e-01;3.237252e-02;3.310780e-03;4.449721e-02;4.087328e-03;5.273891e-03
1.930628e-01;1.092296e-02;8.435229e-03;1.530605e-01;4.258678e-02;3.315876e-01;1.728021e-01;2.278270e-02;3.831068e-03;5.428023e-02;2.243641e-03;4.404381e-03
1.217516e-01;1.685439e-02;7.371475e-03;2.478268e-01;3.753639e-02;2.514911e-01;2.421715e-01;1.235244e-02;5.589020e-03;5.043202e-02;3.109805e-03;3.513501e-03
8.819580e-02;2.688257e-02;2.167683e-02;2.810366e-01;4.095152e-02;1.874894e-01;2.710795e-01;1.785140e-02;6.178028e-03;4.964167e-02;3.723456e-03;5.293234e-03
1.257270e-01;2.180048e-02;8.222341e-02;2.067226e-01;6.001918e-02;1.848659e-01;2.065105e-01;2.549788e-02;1.073283e-02;5.024415e-02;6.282786e-03;1.937331e-02
1.091163e-01;4.581229e-02;1.868697e-01;1.262227e-01;8.847193e-02;1.464671e-01;1.476335e-01;2.957670e-02;2.091007e-02;3.430992e-02;1.899228e-02;4.561751e-02
6.324637e-02;9.307771e-02;2.984765e-01;7.536956e-02;9.425614e-02;8.543757e-02;1.040883e-01;2.546146e-02;4.038886e-02;2.997627e-02;3.230512e-02;5.791616e-02
4.905203e-02;1.132396e-01;3.608415e-01;3.901421e-02;6.575041e-02;5.819556e-02;9.112608e-02;3.528281e-02;7.754671e-02;5.459921e-02;2.363170e-02;3.172015e-02
4.772689e-02;9.419297e-02;4.062171e-01;4.346497e-02;5.359910e-02;3.562000e-02;6.313667e-02;3.330239e-02;8.168472e-02;8.795547e-02;3.007814e-02;2.302152e-02
6.119138e-02;5.477812e-02;4.829029e-01;5.010029e-02;3.733671e-02;1.897020e-02;4.178884e-02;2.082285e-02;8.367322e-02;9.654002e-02;3.625742e-02;1.563810e-02
5.574193e-02;2.284178e-02;5.964485e-01;5.191671e-02;2.524303e-02;1.897208e-02;4.254239e-02;9.268255e-03;6.202434e-02;8.393712e-02;2.207297e-02;8.990918e-03
4.318029e-02;1.744002e-02;6.507440e-01;5.412102e-02;4.496408e-02;2.279785e-02;5.463418e-02;7.798318e-03;1.998099e-02;6.591293e-02;1.276828e-02;5.658117e-03
4.033138e-02;4.599131e-02;6.256722e-01;3.826937e-02;5.317308e-02;2.581667e-02;4.910692e-02;1.544837e-02;1.811693e-02;5.531669e-02;1.904971e-02;1.370740e-02
4.249414e-02;7.008552e-02;5.799454e-01;2.262606e-02;5.478189e-02;3.568104e-02;6.855766e-02;1.751880e-02;2.313331e-02;3.554444e-02;2.234998e-02;2.728177e-02
3.373877e-02;3.013385e-02;6.968967e-01;4.130703e-02;4.694145e-02;2.280000e-02;4.081831e-02;1.046418e-02;1.948163e-02;2.698363e-02;1.081423e-02;1.962017e-02
3.272305e-02;5.888721e-02;7.278228e-01;4.229838e-02;2.973499e-02;1.644740e-02;1.164456e-02;9.267973e-03;3.042726e-02;2.001522e-02;6.722593e-03;1.400859e-02
5.039533e-02;1.234644e-01;6.426421e-01;3.357141e-02;1.399230e-02;3.599626e-02;9.754160e-03;1.068086e-02;4.975632e-02;9.415405e-03;3.724957e-03;1.660646e-02
6.934846e-02;1.788774e-01;4.945702e-01;3.434111e-02;1.890331e-02;5.373442e-02;3.276409e-02;1.773097e-02;6.607645e-02;1.210686e-02;7.730520e-03;1.381616e-02
7.891457e-02;1.792577e-01;3.459820e-01;3.005139e-02;4.608410e-02;4.267326e-02;8.913972e-02;4.206446e-02;5.704430e-02;6.234929e-02;1.404217e-02;1.239709e-02
1.065660e-01;1.443638e-01;2.694058e-01;2.418718e-02;5.245692e-02;6.221110e-02;1.082838e-01;4.353404e-02;6.050136e-02;1.078749e-01;9.913468e-03;1.070157e-02
1.287831e-01;1.506069e-01;2.139647e-01;1.870989e-02;3.400167e-02;7.554985e-02;1.248163e-01;3.143813e-02;7.535908e-02;1.309443e-01;1.066728e-02;5.158898e-03
1.843521e-01;1.575444e-01;1.545015e-01;1.014594e-02;5.350266e-02;4.086268e-02;1.732136e-01;4.106906e-02;4.995769e-02;1.120180e-01;1.403066e-02;8.801791e-03
2.725286e-01;1.422995e-01;1.118133e-01;7.404075e-03;9.527240e-02;1.290043e-02;1.532321e-01;9.472532e-02;2.932463e-02;5.065297e-02;1.473582e-02;1.511082e-02
3.423279e-01;1.141877e-01;7.238092e-02;8.251312e-03;8.964468e-02;4.829950e-02;9.127961e-02;1.299939e-01;4.236991e-02;1.946433e-02;1.317212e-02;2.862804e-02
3.399286e-01;8.229520e-02;4.275409e-02;2.214503e-02;4.218396e-02;1.167115e-01;8.093483e-02;1.060521e-01;5.812920e-02;4.728293e-02;8.971297e-03;5.261124e-02
2.891318e-01;5.583917e-02;2.054607e-02;4.867159e-02;1.040930e-02;1.251332e-01;1.638460e-01;6.467804e-02;4.518703e-02;7.762415e-02;1.063445e-02;8.829929e-02
2.214162e-01;4.260527e-02;1.022304e-02;6.885712e-02;6.268171e-03;6.544721e-02;3.118170e-01;3.860007e-02;2.411901e-02;7.001808e-02;1.515531e-02;1.254735e-01
1.447891e-01;3.716340e-02;1.449514e-02;6.660708e-02;8.922026e-03;3.238291e-02;4.524360e-01;2.794868e-02;1.365882e-02;3.474735e-02;2.053002e-02;1.463195e-01
1.042133e-01;3.750873e-02;1.089608e-02;5.178304e-02;1.678874e-02;2.987756e-02;5.017331e-01;3.133706e-02;1.310855e-02;2.204530e-02;3.006101e-02;1.506475e-01
7.688233e-02;2.621852e-02;1.252563e-02;3.271970e-02;4.424730e-02;3.999958e-02;4.489020e-01;7.126696e-02;1.736051e-02;2.043389e-02;5.213585e-02;1.573077e-01
8.001345e-02;2.068935e-02;1.720343e-02;1.573392e-02;8.314853e-02;5.275933e-02;3.138986e-01;1.250930e-01;2.223231e-02;2.014729e-02;8.055217e-02;1.685286e-01
9.351405e-02;1.967561e-02;2.743100e-02;1.315507e-02;1.262974e-01;5.537600e-02;1.756177e-01;1.555990e-01;5.116704e-02;2.269088e-02;1.038548e-01;1.556213e-01
6.144909e-02;6.609667e-03;4.117572e-02;1.052036e-02;1.620805e-01;6.700646e-02;1.140500e-01;1.497158e-01;9.876776e-02;3.168264e-02;1.274454e-01;1.294966e-01
4.150385e-02;6.010293e-03;5.051425e-02;5.181542e-03;1.373159e-01;1.289189e-01;7.182740e-02;1.006952e-01;1.418258e-01;8.511762e-02;1.439746e-01;8.711474e-02
2.503988e-02;1.672306e-02;7.144784e-02;1.506521e-02;8.040955e-02;2.308305e-01;5.775769e-02;4.474887e-02;1.233617e-01;1.494249e-01;1.306714e-01;5.451940e-02
6.241614e-02;2.920489e-02;9.135597e-02;3.486957e-02;5.274232e-02;2.595475e-01;6.681843e-02;2.673061e-02;7.637444e-02;1.534615e-01;1.002933e-01;4.618532e-02
9.175867e-02;3.957894e-02;1.099577e-01;4.869247e-02;5.722022e-02;2.256635e-01;1.055630e-01;3.427082e-02;3.835958e-02;1.218045e-01;7.902727e-02;4.810338e-02
6.386521e-02;3.031002e-02;1.426377e-01;4.940838e-02;7.857781e-02;1.164604e-01;2.194948e-01;4.062138e-02;7.215498e-02;5.873584e-02;8.015052e-02;4.758299e-02
5.570765e-02;4.072203e-02;1.365706e-01;4.122076e-02;1.245014e-01;9.546344e-02;2.337922e-01;3.751723e-02;5.732659e-02;6.212176e-02;7.627143e-02;3.878491e-02
3.233906e-02;2.845880e-02;1.048066e-01;3.456031e-02;1.420169e-01;1.074077e-01;2.574627e-01;3.104804e-02;6.665212e-02;6.269192e-02;9.158308e-02;4.097280e-02
3.864492e-02;2.201958e-02;8.885384e-02;5.698065e-02;1.201011e-01;1.198459e-01;2.252505e-01;2.112437e-02;7.741205e-02;7.981442e-02;1.055310e-01;4.442167e-02
3.157059e-02;3.449164e-02;9.399981e-02;6.043152e-02;1.184410e-01;1.276295e-01;1.748259e-01;3.952197e-02;7.192546e-02;9.308115e-02;1.075712e-01;4.651026e-02
4.069196e-02;3.535440e-02;1.295564e-01;5.675090e-02;1.050411e-01;8.700100e-02;1.740284e-01;8.034607e-02;7.746580e-02;1.000010e-01;8.546792e-02;2.829508e-02
3.080094e-02;2.400643e-02;1.031758e-01;6.352898e-02;1.142548e-01;6.002576e-02;1.923132e-01;7.667987e-02;7.891485e-02;1.398461e-01;8.948631e-02;2.696685e-02
6.168691e-02;2.863583e-02;7.922245e-02;5.638939e-02;9.382392e-02;9.057129e-02;1.438865e-01;5.054680e-02;6.528074e-02;1.453783e-01;1.331488e-01;5.142908e-02
6.599313e-02;2.941078e-02;1.055501e-01;3.273390e-02;8.758330e-02;1.331836e-01;8.797835e-02;4.194245e-02;5.371195e-02;9.885170e-02;1.876520e-01;7.540866e-02
6.619845e-02;5.331749e-02;1.260475e-01;2.557031e-02;9.035312e-02;9.874877e-02;1.040352e-01;4.484437e-02;5.942700e-02;7.539462e-02;1.861780e-01;6.988515e-02
5.209208e-02;6.783213e-02;1.507804e-01;3.774828e-02;7.922734e-02;9.229039e-02;1.177197e-01;4.481941e-02;6.035225e-02;7.468794e-02;1.642849e-01;5.816514e-02
4.701757e-02;8.526019e-02;1.689396e-01;5.493869e-02;6.564561e-02;9.093378e-02;1.411657e-01;4.762490e-02;5.389441e-02;7.206619e-02;1.366649e-01;3.584849e-02
4.223969e-02;1.045798e-01;1.934291e-01;7.032976e-02;5.856475e-02;7.942633e-02;1.459493e-01;4.741437e-02;3.299901e-02;8.089950e-02;1.169309e-01;2.723753e-02
7.859571e-02;8.667195e-02;2.427013e-01;6.460613e-02;5.409954e-02;6.472110e-02;1.495390e-01;2.877758e-02;6.985071e-02;5.182469e-02;8.610139e-02;2.251083e-02
9.835660e-02;4.801175e-02;2.760037e-01;5.413945e-02;5.687131e-02;6.004668e-02;1.633741e-01;1.907649e-02;9.069793e-02;3.660917e-02;5.845283e-02;3.835999e-02
8.614958e-02;4.910710e-02;2.472367e-01;5.759840e-02;5.889447e-02;4.851341e-02;1.976240e-01;3.019372e-02;6.396099e-02;4.198166e-02;4.695789e-02;7.178199e-02
1.536490e-01;8.637872e-02;2.041721e-01;6.502371e-02;4.352011e-02;3.681009e-02;1.924922e-01;2.865442e-02;3.004367e-02;4.008498e-02;4.990300e-02;6.926800e-02
2.076113e-01;1.185661e-01;1.901290e-01;4.982461e-02;5.457314e-02;3.598163e-02;1.510197e-01;2.545140e-02;2.555296e-02;3.897635e-02;4.947335e-02;5.284043e-02
