6.376214e-02;6.946475e-02;1.830164e-01;5.753058e-02;4.668254e-02;9.752458e-02;1.133592e-01;1.527832e-01;4.637971e-02;4.246456e-02;5.790717e-02;6.912513e-02
7.705114e-02;9.101532e-02;1.729181e-01;5.836019e-02;5.994906e-02;6.588348e-02;1.461685e-01;1.535096e-01;4.210936e-02;3.943721e-02;5.597691e-02;3.762106e-02
6.585517e-02;8.978932e-02;2.252274e-01;4.752528e-02;4.893437e-02;8.155382e-02;1.159281e-01;1.021414e-01;6.865113e-02;4.274516e-02;7.708455e-02;3.456429e-02
9.029044e-02;5.123198e-02;1.611082e-01;4.465860e-02;1.033790e-01;7.781159e-02;2.419289e-01;3.964692e-02;4.932776e-02;5.801769e-02;4.331376e-02;3.928525e-02
7.340828e-02;3.389672e-02;2.428051e-01;4.591023e-02;1.310928e-01;5.920845e-02;2.342147e-01;3.255231e-02;2.594854e-02;4.778618e-02;3.442123e-02;3.875552e-02
7.531996e-02;2.250965e-02;3.031395e-01;6.808151e-02;1.248249e-01;6.117922e-02;1.831334e-01;3.639203e-02;2.554949e-02;4.613031e-02;2.755406e-02;2.618603e-02
6.085914e-02;3.161024e-02;3.796795e-01;7.231984e-02;1.093490e-01;5.193106e-02;1.213897e-01;3.115863e-02;2.693143e-02;6.100045e-02;3.195678e-02;2.181415e-02
4.796757e-02;4.163341e-02;4.371617e-01;7.809951e-02;9.405649e-02;2.678500e-02;8.698073e-02;2.598942e-02;1.966503e-02;7.966702e-02;5.001941e-02;1.197476e-02
5.154034e-02;6.286978e-02;4.006342e-01;6.386965e-02;7.517532e-02;3.622473e-02;9.546171e-02;2.059019e-02;3.361784e-02;8.466495e-02;5.034763e-02;2.500362e-02
6.334994e-02;8.601502e-02;3.099168e-01;6.009297e-02;5.812941e-02;5.144587e-02;1.286832e-01;1.588892e-02;6.114897e-02;8.269042e-02;3.666479e-02;4.597373e-02
7.241489e-02;7.974118e-02;2.485639e-01;7.703079e-02;5.668991e-02;5.729726e-02;1.547476e-01;3.303697e-02;6.354986e-02;5.237903e-02;5.288519e-02;5.166337e-02
5.772408e-02;7.942667e-02;3.113284e-01;8.440996e-02;5.345878e-02;4.141116e-02;1.456625e-01;3.802552e-02;3.189543e-02;8.160656e-02;3.604176e-02;3.900917e-02
7.918521e-02;7.577609e-02;2.833242e-01;7.724803e-02;6.749462e-02;2.682945e-02;1.070268e-01;4.675082e-02;4.699182e-02;1.034147e-01;6.886230e-02;1.709589e-02
5.587029e-02;6.825142e-02;2.751399e-01;8.113973e-02;8.524050e-02;5.217470e-02;1.144817e-01;3.418813e-02;7.449339e-02;7.306322e-02;4.622637e-02;3.973056e-02
1.033028e-01;3.879661e-02;1.848962e-01;8.103836e-02;6.538620e-02;7.535879e-02;1.210819e-01;6.863567e-02;9.490145e-02;6.766548e-02;4.810247e-02;5.083404e-02
1.105046e-01;6.160014e-02;1.747238e-01;7.548970e-02;7.660763e-02;5.958135e-02;1.267275e-01;8.291770e-02;7.582321e-02;7.463185e-02;5.331108e-02;2.808140e-02
1.006326e-01;4.408910e-02;1.887555e-01;7.294089e-02;8.590644e-02;5.900260e-02;1.385618e-01;7.652863e-02;9.342810e-02;7.138773e-02;4.713568e-02;2.163080e-02
9.076937e-02;6.794322e-02;1.692459e-01;9.408423e-02;6.939584e-02;7.992690e-02;1.374280e-01;6.757539e-02;7.950953e-02;5.129294e-02;5.988757e-02;3.294108e-02
1.203945e-01;7.892864e-02;1.301121e-01;1.136563e-01;7.979758e-02;8.585906e-02;1.265769e-01;6.240476e-02;7.186977e-02;2.617894e-02;5.879182e-02;4.542968e-02
1.561371e-01;7.889459e-02;9.872316e-02;9.776872e-02;1.324980e-01;7.099500e-02;1.013762e-01;3.798275e-02;7.431621e-02;3.108326e-02;4.798862e-02;7.223638e-02
1.350465e-01;7.631119e-02;9.592604e-02;9.914322e-02;1.853775e-01;5.470126e-02;8.428461e-02;1.180775e-02;7.984821e-02;3.571730e-02;4.615232e-02;9.568407e-02
6.903490e-02;6.770505e-02;9.378145e-02;1.063140e-01;2.235236e-01;6.402025e-02;7.594419e-02;3.333508e-02;8.041662e-02;2.578490e-02;3.430167e-02;1.258383e-01
6.029185e-02;6.298199e-02;9.565200e-02;7.212082e-02;2.486518e-01;8.262122e-02;6.796221e-02;3.141209e-02;1.121921e-01;1.086995e-02;2.195783e-02;1.332861e-01
4.674091e-02;5.300375e-02;9.587703e-02;6.671534e-02;2.480977e-01;6.565369e-02;5.862195e-02;2.862042e-02;1.639711e-01;2.021717e-02;2.490996e-02;1.275709e-01
8.704394e-02;3.765162e-02;9.704573e-02;5.406634e-02;2.110602e-01;6.847116e-02;5.328751e-02;2.453954e-02;1.923174e-01;2.902773e-02;2.045918e-02;1.250296e-01
9.753957e-02;1.994591e-02;1.254483e-01;4.061890e-02;1.824263e-01;7.655624e-02;5.317026e-02;1.287610e-02;2.234962e-01;1.464832e-02;1.632519e-02;1.369488e-01
1.020448e-01;3.422771e-02;1.193554e-01;4.625945e-02;1.446995e-01;6.007602e-02;8.035555e-02;2.032640e-02;2.218740e-01;3.201850e-02;2.708945e-02;1.116732e-01
1.046007e-01;3.057607e-02;1.253317e-01;6.124338e-02;1.202919e-01;4.656258e-02;8.842154e-02;4.179779e-02;2.234956e-01;4.115942e-02;3.596782e-02;8.055144e-02
8.505213e-02;2.677105e-02;1.481661e-01;7.236414e-02;1.330951e-01;5.313079e-02;7.420706e-02;4.642299e-02;1.903611e-01;6.569338e-02;2.957970e-02;7.515647e-02
6.160510e-02;4.369153e-02;1.268578e-01;7.104313e-02;1.366115e-01;7.836138e-02;7.360603e-02;5.144143e-02;1.593986e-01;9.538116e-02;2.624414e-02;7.575817e-02
3.862119e-02;4.904302e-02;7.430176e-02;8.629548e-02;8.493920e-02;6.739029e-02;7.074877e-02;6.763982e-02;2.808758e-01;8.239229e-02;3.444816e-02;6.330430e-02
5.049359e-02;5.674867e-02;7.224569e-02;8.861226e-02;8.047436e-02;7.123680e-02;1.212706e-01;5.359460e-02;2.098554e-01;8.659074e-02;5.923135e-02;4.964595e-02
5.786289e-02;4.585196e-02;1.345874e-01;4.904839e-02;6.912856e-02;7.648477e-02;1.224745e-01;5.158596e-02;1.288568e-01;1.241632e-01;6.706212e-02;7.289353e-02
7.430051e-02;5.759942e-02;1.286236e-01;5.926709e-02;7.314063e-02;1.063153e-01;6.580809e-02;5.676212e-02;1.340713e-01;1.282871e-01;4.255988e-02;7.326503e-02
7.523895e-02;7.332010e-02;8.954035e-02;6.052598e-02;9.338513e-02;9.067253e-02;1.641307e-01;6.287268e-02;9.615367e-02;9.741454e-02;4.922532e-02;4.752012e-02
1.080943e-01;8.270542e-02;7.338212e-02;5.155915e-02;9.073709e-02;7.721332e-02;2.576348e-01;3.713932e-02;4.454665e-02;8.319458e-02;4.460381e-02;4.918953e-02
1.244079e-01;5.977497e-02;1.111532e-01;5.425502e-02;1.161793e-01;1.009405e-01;2.226941e-01;2.635198e-02;4.670067e-02;5.295808e-02;3.008345e-02;5.450092e-02
1.222527e-01;3.430323e-02;1.676046e-01;5.294000e-02;1.803054e-01;1.321030e-01;1.329165e-01;2.103833e-02;6.392858e-02;2.389456e-02;1.822223e-02;5.049096e-02
1.069599e-01;3.257648e-02;1.443921e-01;4.478884e-02;1.906234e-01;1.051990e-01;2.009602e-01;1.699919e-02;6.955013e-02;1.255945e-02;1.507480e-02;6.031657e-02
8.854777e-02;2.993865e-02;1.626076e-01;4.741576e-02;2.015626e-01;1.003586e-01;1.373561e-01;3.796565e-02;8.172814e-02;1.940354e-02;1.403351e-02;7.908212e-02
7.019418e-02;3.633016e-02;1.493479e-01;4.717608e-02;1.708361e-01;8.850453e-02;1.023355e-01;7.674143e-02;1.033409e-01;4.296574e-02;4.475953e-02;6.746797e-02
5.149469e-02;3.953860e-02;1.032429e-01;7.146703e-02;1.349081e-01;6.486377e-02;1.115593e-01;1.146618e-01;1.290014e-01;4.550472e-02;9.493092e-02;3.882676e-02
2.339740e-02;3.127404e-02;1.661947e-01;1.302951e-01;1.229649e-01;3.931665e-02;4.293578e-02;1.437541e-01;1.017838e-01;2.880943e-02;1.397759e-01;2.949831e-02
1.741695e-02;2.867065e-02;2.467507e-01;1.707500e-01;9.771963e-02;2.759473e-02;2.995206e-02;1.409221e-01;2.486993e-02;1.837905e-02;1.659222e-01;3.105201e-02
2.704809e-02;2.458666e-02;3.245864e-01;1.542768e-01;6.365338e-02;2.126577e-02;7.067479e-02;9.394457e-02;1.654316e-02;4.013586e-02;1.469597e-01;1.632477e-02
3.011099e-02;1.762133e-02;4.058836e-01;1.069240e-01;3.439550e-02;1.100228e-02;1.183204e-01;6.405053e-02;1.347845e-02;8.664649e-02;1.035686e-01;7.997866e-03
3.273034e-02;1.394608e-02;4.467837e-01;6.474356e-02;2.343693e-02;1.166821e-02;1.476065e-01;5.187085e-02;8.567201e-03;1.228170e-01;7.107409e-02;4.755569e-03
2.710288e-02;2.472689e-02;4.505913e-01;4.495545e-02;1.935623e-02;1.792498e-02;1.437931e-01;3.136401e-02;1.737461e-02;1.638087e-01;5.020532e-02;8.796459e-03
3.584033e-02;3.338686e-02;4.446423e-01;3.202219e-02;1.453146e-02;2.469614e-02;1.173803e-01;1.896953e-02;1.979428e-02;2.066903e-01;4.146510e-02;1.058119e-02
7.416205e-02;3.182677e-02;4.065478e-01;2.252174e-02;2.078778e-02;3.075961e-02;9.662830e-02;1.040140e-02;2.391284e-02;2.128588e-01;3.950673e-02;3.008624e-02
1.178939e-01;5.606624e-02;2.982960e-01;2.493793e-02;2.333811e-02;3.419731e-02;1.092298e-01;1.712734e-02;6.460840e-02;1.452352e-01;4.110213e-02;6.796771e-02
1.203043e-01;8.357804e-02;2.359773e-01;2.981643e-02;2.901737e-02;4.803240e-02;1.447431e-01;3.037997e-02;8.706157e-02;8.555305e-02;3.159595e-02;7.394055e-02
8.436259e-02;9.594812e-02;2.422962e-01;3.442664e-02;2.759876e-02;5.757535e-02;1.674370e-01;2.221100e-02;8.264703e-02;6.934496e-02;5.342526e-02;6.272710e-02
4.201132e-02;7.418487e-02;2.812575e-01;4.453254e-02;2.145106e-02;4.830116e-02;1.886566e-01;4.762407e-02;5.156566e-02;1.285305e-01;3.493949e-02;3.694536e-02
7.573657e-02;6.035886e-02;2.722105e-01;3.027589e-02;2.292561e-02;3.156928e-02;1.755604e-01;3.873200e-02;7.379211e-02;1.587760e-01;3.954969e-02;2.051308e-02
7.543281e-02;6.712022e-02;2.634313e-01;2.454305e-02;2.842874e-02;4.629777e-02;1.354777e-01;3.538550e-02;1.005602e-01;1.086460e-01;4.802487e-02;6.665178e-02
6.826285e-02;7.605824e-02;2.468546e-01;2.774301e-02;2.891293e-02;4.803812e-02;1.337557e-01;4.403663e-02;1.159742e-01;9.426668e-02;4.182949e-02;7.426751e-02
6.286349e-02;5.971066e-02;2.102803e-01;2.461639e-02;3.913132e-02;7.323304e-02;1.314797e-01;6.916482e-02;1.034462e-01;9.210867e-02;5.772579e-02;7.623958e-02
1.048402e-01;5.442908e-02;1.681157e-01;4.944376e-02;5.185964e-02;7.620527e-02;1.191163e-01;9.275469e-02;8.121980e-02;8.586571e-02;5.849039e-02;5.765952e-02
1.135037e-01;4.142864e-02;1.718213e-01;6.365349e-02;5.074297e-02;5.652812e-02;1.294860e-01;1.009380e-01;6.065139e-02;1.137111e-01;5.784520e-02;3.969003e-02
9.579298e-02;8.580011e-02;1.226189e-01;7.780747e-02;5.904246e-02;6.138921e-02;9.995689e-02;8.404947e-02;6.805645e-02;1.331786e-01;6.883126e-02;4.347616e-02
8.679941e-02;1.079344e-01;1.265510e-01;7.993475e-02;7.074873e-02;6.031513e-02;1.006243e-01;5.729705e-02;4.826852e-02;1.077760e-01;8.028443e-02;7.346631e-02
5.867864e-02;4.849853e-02;1.182069e-01;8.523465e-02;8.893402e-02;6.732275e-02;1.125027e-01;8.393814e-02;9.859475e-02;7.827306e-02;8.541533e-02;7.440048e-02
7.731146e-02;4.209600e-02;9.950334e-02;1.019608e-01;9.821533e-02;6.424461e-02;1.180858e-01;5.904165e-02;1.185982e-01;7.392724e-02;9.405193e-02;5.296370e-02
9.543421e-02;7.134102e-02;1.503144e-01;9.139328e-02;7.201805e-02;4.991721e-02;1.484090e-01;3.765225e-02;1.100417e-01;6.643586e-02;7.295366e-02;3.408929e-02
1.394082e-01;8.279373e-02;1.778177e-01;5.516703e-02;5.948369e-02;4.042371e-02;1.473358e-01;3.352032e-02;9.220904e-02;4.057625e-02;4.679704e-02;8.446733e-02
1.563981e-01;6.802468e-02;1.570515e-01;2.854326e-02;8.160254e-02;4.560390e-02;1.122169e-01;1.202247e-02;1.031399e-01;2.833939e-02;6.137457e-02;1.456827e-01
1.274194e-01;3.644958e-02;1.207272e-01;4.249733e-02;1.139498e-01;4.342985e-02;4.629891e-02;2.369230e-02;1.171351e-01;2.282717e-02;9.960517e-02;2.059682e-01
1.037924e-01;2.351905e-02;8.729924e-02;5.117200e-02;1.300608e-01;4.135516e-02;3.748519e-02;3.165542e-02;1.206577e-01;2.328122e-02;1.180502e-01;2.316715e-01
1.468073e-01;2.584119e-02;8.493703e-02;3.696918e-02;1.239704e-01;4.404813e-02;2.975580e-02;3.037323e-02;1.709042e-01;2.305174e-02;7.162118e-02;2.117206e-01
2.140081e-01;2.965738e-02;5.486234e-02;2.197724e-02;1.090192e-01;6.901225e-02;5.012290e-02;1.695952e-02;2.148450e-01;5.064506e-02;2.700975e-02;1.418813e-01
2.731355e-01;4.347997e-02;2.857477e-02;1.423246e-02;8.254829e-02;1.047049e-01;9.186669e-02;1.036385e-02;1.722828e-01;1.073373e-01;1.409555e-02;5.737786e-02
2.768238e-01;8.429033e-02;1.632988e-02;1.192683e-02;5.373152e-02;1.264115e-01;1.577380e-01;8.227520e-03;8.010565e-02;1.466520e-01;1.483705e-02;2.292592e-02
2.330512e-01;1.468389e-01;9.731983e-03;1.484722e-02;3.608254e-02;1.244793e-01;2.318845e-01;5.532585e-03;2.565724e-02;1.382446e-01;2.051639e-02;1.313342e-02
1.674229e-01;2.237437e-01;2.363605e-02;1.481169e-02;2.537873e-02;9.608956e-02;2.899417e-01;9.473896e-03;1.356103e-02;8.968757e-02;3.942507e-02;6.828097e-03
1.218976e-01;2.689742e-01;4.603242e-02;1.090514e-02;2.308770e-02;7.346516e-02;3.140678e-01;2.065078e-02;1.630481e-02;4.345997e-02;5.305382e-02;8.100572e-03
1.159830e-01;2.495620e-01;6.994379e-02;1.034665e-02;3.544304e-02;7.444762e-02;2.821295e-01;2.621107e-02;2.890486e-02;4.247439e-02;5.417788e-02;1.037621e-02
1.109438e-01;2.068161e-01;7.039817e-02;2.103151e-02;5.508628e-02;8.720912e-02;2.698087e-01;2.144970e-02;3.652168e-02;5.527611e-02;5.141417e-02;1.404465e-02
1.065087e-01;1.257449e-01;5.286065e-02;4.944959e-02;7.508752e-02;8.622906e-02;3.440392e-01;2.590775e-02;3.046877e-02;6.114621e-02;2.535779e-02;1.719992e-02
1.202275e-01;5.519820e-02;6.939709e-02;6.145344e-02;1.196519e-01;1.141194e-01;3.382786e-01;1.704775e-02;1.575592e-02;5.702912e-02;1.011002e-02;2.173098e-02
1.095324e-01;3.706270e-02;1.473090e-01;6.239322e-02;1.726023e-01;1.283360e-01;1.882969e-01;1.526386e-02;3.294007e-02;4.734756e-02;2.126689e-02;3.764902e-02
5.708767e-02;4.066138e-02;2.468350e-01;9.210455e-02;1.812590e-01;9.798532e-02;1.030233e-01;2.287054e-02;3.974030e-02;5.379312e-02;2.683283e-02;3.780709e-02
3.053149e-02;3.815435e-02;3.767191e-01;1.206118e-01;1.527765e-01;6.548033e-02;6.814069e-02;2.261162e-02;2.979148e-02;4.429356e-02;3.060421e-02;2.028481e-02
3.609046e-02;2.628566e-02;5.119298e-01;1.172148e-01;1.067456e-01;3.579949e-02;4.434130e-02;1.039422e-02;1.982578e-02;4.717424e-02;2.981002e-02;1.438858e-02
3.153830e-02;2.849047e-02;4.901411e-01;9.231336e-02;8.553955e-02;2.606331e-02;8.830000e-02;2.327000e-02;2.157606e-02;5.358977e-02;4.048892e-02;1.868915e-02
4.263417e-02;3.644954e-02;3.985677e-01;7.914322e-02;8.814756e-02;3.874911e-02;1.368470e-01;2.742875e-02;2.673817e-02;5.422010e-02;4.830595e-02;2.276871e-02
5.602867e-02;4.488660e-02;3.144285e-01;7.834523e-02;8.481412e-02;3.579152e-02;2.052353e-01;2.324457e-02;4.225845e-02;4.432198e-02;4.424808e-02;2.639703e-02
3.811102e-02;4.501182e-02;1.257285e-01;7.462850e-02;6.301676e-02;4.730142e-02;3.512858e-01;5.270169e-02;5.835234e-02;5.252703e-02;6.917035e-02;2.216475e-02
1.471421e-02;3.482869e-02;1.568588e-01;6.636088e-02;5.576586e-02;4.400893e-02;3.500946e-01;7.107493e-02;4.022105e-02;7.046807e-02;6.743445e-02;2.816960e-02
1.517453e-02;3.364181e-02;2.421038e-01;7.178410e-02;6.722709e-02;3.900550e-02;2.572734e-01;6.174426e-02;4.214561e-02;6.977960e-02;6.513464e-02;3.498565e-02
4.191244e-02;4.615215e-02;2.690654e-01;7.278575e-02;5.869328e-02;2.291254e-02;1.916194e-01;4.468462e-02;7.028235e-02;6.518281e-02;6.681950e-02;4.988983e-02
8.517978e-02;5.638046e-02;1.242303e-01;9.131040e-02;5.460040e-02;4.258188e-02;2.074994e-01;3.820184e-02;1.080268e-01;7.496328e-02;6.087026e-02;5.615526e-02
6.736577e-02;6.630664e-02;2.071939e-01;8.224600e-02;6.829870e-02;3.454667e-02;1.076821e-01;4.777524e-02;1.158877e-01;7.618839e-02;9.438601e-02;3.212289e-02
4.749989e-02;4.876984e-02;1.944828e-01;6.830192e-02;8.348324e-02;5.415320e-02;1.027730e-01;7.561517e-02;1.157747e-01;6.621920e-02;9.697419e-02;4.595288e-02
7.279603e-02;3.906316e-02;1.999591e-01;7.399083e-02;9.499676e-02;7.484704e-02;1.006117e-01;7.975236e-02;8.410392e-02;5.197958e-02;8.396162e-02;4.393791e-02
4.881127e-02;6.581722e-02;1.818664e-01;7.667399e-02;1.213968e-01;8.079113e-02;1.111557e-01;7.503172e-02;4.952937e-02;6.227741e-02;7.368417e-02;5.296484e-02
8.627297e-02;8.891159e-02;1.356256e-01;9.270304e-02;1.315467e-01;4.450309e-02;9.580068e-02;8.382232e-02;5.117281e-02;3.890849e-02;7.309361e-02;7.763913e-02
1.060550e-01;7.229111e-02;1.483307e-01;1.119833e-01;1.039822e-01;6.855246e-02;8.105987e-02;8.345247e-02;5.023599e-02;4.972930e-02;5.587667e-02;6.845092e-02
1.242339e-01;6.702093e-02;1.588341e-01;8.983570e-02;9.519939e-02;9.284914e-02;9.055769e-02;8.178344e-02;3.164817e-02;6.219916e-02;6.034147e-02;4.549696e-02
1.235491e-01;9.499995e-02;1.432750e-01;8.171447e-02;1.067403e-01;9.961390e-02;8.046336e-02;8.268985e-02;4.621939e-02;5.809595e-02;4.853881e-02;3.409980e-02
8.555701e-02;9.391552e-02;1.250109e-01;1.104702e-01;9.780409e-02;9.101640e-02;4.269635e-02;1.183493e-01;7.955986e-02;5.470741e-02;4.670422e-02;5.420875e-02
9.495047e-02;5.103634e-02;1.442642e-01;1.095051e-01;5.747855e-02;4.959224e-02;9.428243e-02;1.289919e-01;7.012513e-02;4.623207e-02;8.042805e-02;7.311350e-02
9.774660e-02;7.257604e-02;1.742800e-01;1.195295e-01;5.172326e-02;7.450403e-02;1.013247e-01;6.209890e-02;6.245765e-02;5.704879e-02;5.216956e-02;7.454102e-02
6.266955e-02;4.104233e-02;1.610882e-01;7.085854e-02;7.414712e-02;5.846346e-02;1.907519e-01;7.893690e-02;8.409254e-02;8.534821e-02;4.866916e-02;4.393210e-02
6.024421e-02;4.105909e-02;1.676124e-01;7.925822e-02;9.055916e-02;4.629641e-02;1.866861e-01;6.895832e-02;9.180287e-02;6.249246e-02;4.807144e-02;5.695934e-02
6.545895e-02;2.729353e-02;1.716245e-01;8.070397e-02;1.336873e-01;6.564919e-02;1.339004e-01;4.953306e-02;1.018120e-01;4.675523e-02;4.539736e-02;7.818449e-02
8.968583e-02;2.180065e-02;1.365804e-01;6.292630e-02;1.889881e-01;8.772228e-02;9.226412e-02;2.430731e-02;1.370451e-01;3.342738e-02;3.012307e-02;9.512950e-02
8.991281e-02;1.455112e-02;1.182143e-01;3.146917e-02;2.233315e-01;8.992986e-02;1.134122e-01;9.306888e-03;1.673007e-01;2.496972e-02;1.419157e-02;1.034102e-01
7.705452e-02;1.297992e-02;1.275187e-01;5.310689e-02;2.343830e-01;7.916258e-02;8.576797e-02;1.341201e-02;1.614963e-01;1.950077e-02;1.658753e-02;1.190298e-01
6.759892e-02;2.916613e-02;1.192224e-01;8.033281e-02;2.300537e-01;6.138695e-02;7.806052e-02;2.230927e-02;1.461727e-01;1.194602e-02;2.320617e-02;1.305443e-01
5.708658e-02;5.542564e-02;1.552677e-01;1.115430e-01;1.854033e-01;4.069118e-02;7.634671e-02;3.292488e-02;1.084572e-01;2.305852e-02;3.786221e-02;1.159331e-01
3.106934e-02;6.122578e-02;2.331531e-01;1.196633e-01;1.589763e-01;2.943599e-02;6.904979e-02;3.030234e-02;8.594757e-02;3.610294e-02;4.837963e-02;9.669399e-02
2.726085e-02;3.725044e-02;2.975941e-01;9.687164e-02;1.859333e-01;5.676818e-02;5.039010e-02;2.747544e-02;5.916387e-02;3.743585e-02;4.044922e-02;8.340697e-02
3.521096e-02;5.587550e-02;3.041491e-01;9.758137e-02;1.868059e-01;6.256917e-02;6.220296e-02;3.484073e-02;2.436463e-02;3.993078e-02;4.144338e-02;5.502550e-02
2.175489e-02;5.070276e-02;3.699321e-01;1.258631e-01;1.537349e-01;5.239189e-02;4.240802e-02;2.942401e-02;1.568105e-02;4.154594e-02;5.739207e-02;3.916919e-02
2.806124e-02;2.776788e-02;4.630680e-01;1.270832e-01;1.155078e-01;4.201487e-02;3.192665e-02;1.614247e-02;2.101835e-02;4.972440e-02;5.159190e-02;2.609319e-02
3.006686e-02;2.003393e-02;5.101326e-01;9.455544e-02;9.019326e-02;3.486247e-02;4.218762e-02;2.301296e-02;3.191731e-02;6.163000e-02;3.945967e-02;2.194785e-02
3.037157e-02;3.534272e-02;4.456344e-01;6.022481e-02;9.362999e-02;3.586920e-02;8.622924e-02;3.569997e-02;3.945079e-02;6.269641e-02;3.729275e-02;3.755812e-02
6.251622e-02;5.467090e-02;2.315023e-01;7.324494e-02;1.144900e-01;6.036357e-02;1.352822e-01;4.283470e-02;6.005745e-02;6.976140e-02;4.316036e-02;5.211590e-02
5.036348e-02;3.987103e-02;3.776980e-01;8.537698e-02;1.054655e-01;4.957261e-02;1.135247e-01;2.525926e-02;6.231831e-02;4.717136e-02;2.646306e-02;1.691562e-02
4.940083e-02;5.616120e-02;3.671785e-01;7.409435e-02;9.052130e-02;4.497221e-02;1.018359e-01;4.912934e-02;5.380165e-02;6.293611e-02;1.987915e-02;3.008946e-02
4.399558e-02;4.509522e-02;3.266490e-01;8.654930e-02;7.731625e-02;2.916036e-02;9.422515e-02;8.455553e-02;6.489442e-02;7.558942e-02;2.977793e-02;4.219185e-02
6.754281e-02;2.780455e-02;2.737471e-01;1.242729e-01;7.966585e-02;4.741289e-02;9.689172e-02;8.469988e-02;5.483603e-02;5.786458e-02;4.977071e-02;3.549098e-02
1.002233e-01;6.147312e-02;1.641563e-01;1.110468e-01;1.006610e-01;6.710289e-02;1.102044e-01;9.212601e-02;7.016522e-02;4.785747e-02;3.744021e-02;3.754320e-02
1.068628e-01;8.742344e-02;1.641454e-01;1.236641e-01;9.399310e-02;6.960209e-02;6.082061e-02;6.292839e-02;9.137123e-02;7.176556e-02;3.664671e-02;3.077654e-02
9.954873e-02;9.820085e-02;1.781913e-01;1.015104e-01;9.185821e-02;6.238382e-02;8.798708e-02;5.053672e-02;6.530800e-02;8.697692e-02;4.222427e-02;3.527378e-02
1.650461e-01;9.030510e-02;1.859860e-01;6.294535e-02;6.814791e-02;4.531571e-02;1.306563e-01;3.159308e-02;6.340506e-02;7.708541e-02;3.411134e-02;4.540272e-02
2.499958e-01;8.980212e-02;1.265151e-01;5.509100e-02;5.448732e-02;5.626694e-02;1.463360e-01;2.496894e-02;5.686447e-02;6.152921e-02;2.530895e-02;5.283423e-02
3.367252e-01;8.586063e-02;4.461813e-02;7.438046e-02;5.465833e-02;7.820843e-02;1.376595e-01;2.567448e-02;3.726695e-02;5.976663e-02;1.270240e-02;5.247875e-02
3.685525e-01;8.681652e-02;1.620654e-02;1.147917e-01;5.384155e-02;9.225799e-02;1.341730e-01;2.348148e-02;1.214718e-02;5.960425e-02;4.530291e-03;3.359699e-02
3.309084e-01;1.139116e-01;1.798517e-02;1.271146e-01;5.537925e-02;9.843838e-02;1.514822e-01;1.390537e-02;1.028339e-02;5.618948e-02;5.359631e-03;1.904258e-02
2.654966e-01;1.537323e-01;4.351932e-02;1.025036e-01;4.965170e-02;9.971261e-02;1.900497e-01;1.246061e-02;9.384423e-03;5.084650e-02;6.731869e-03;1.591090e-02
2.059449e-01;1.893597e-01;6.008230e-02;6.486088e-02;3.777332e-02;8.999743e-02;2.434239e-01;1.860450e-02;1.963438e-02;4.696384e-02;1.416128e-02;9.193514e-03
1.821571e-01;1.765767e-01;6.293996e-02;2.950990e-02;4.305945e-02;8.497696e-02;2.791388e-01;2.930681e-02;3.579063e-02;3.650938e-02;2.751229e-02;1.252189e-02
1.367023e-01;1.383837e-01;1.071395e-01;3.217726e-02;5.523542e-02;8.438743e-02;2.790935e-01;2.794446e-02;4.417986e-02;4.232037e-02;3.329544e-02;1.914070e-02
5.742374e-02;1.207737e-01;1.207953e-01;4.225253e-02;6.047935e-02;7.340561e-02;3.559143e-01;2.682244e-02;4.015630e-02;4.043147e-02;4.356384e-02;1.798139e-02
6.072566e-02;1.220665e-01;8.976621e-02;2.445297e-02;5.647066e-02;4.676920e-02;4.556793e-01;4.034960e-02;2.686002e-02;1.781930e-02;4.673693e-02;1.230378e-02
4.997451e-02;1.133716e-01;7.140861e-02;1.056976e-02;6.526725e-02;3.723729e-02;5.145015e-01;4.985520e-02;2.302637e-02;1.674208e-02;4.322388e-02;4.821862e-03
5.391351e-02;8.677081e-02;8.143912e-02;1.096802e-02;6.508525e-02;2.509206e-02;5.126711e-01;5.531871e-02;3.264334e-02;2.927911e-02;4.089804e-02;5.920945e-03
4.698540e-02;6.096773e-02;1.076482e-01;1.608059e-02;5.659328e-02;2.530931e-02;4.742532e-01;6.256503e-02;4.581945e-02;4.149102e-02;5.042786e-02;1.185891e-02
3.322761e-02;8.861404e-02;9.810176e-02;1.002354e-02;5.488875e-02;3.109149e-02;4.804112e-01;5.678412e-02;4.215762e-02;3.014898e-02;6.667720e-02;7.873697e-03
2.124376e-02;1.208673e-01;9.058784e-02;5.206112e-03;4.940894e-02;2.453988e-02;4.994318e-01;5.016815e-02;3.827833e-02;1.472252e-02;7.978571e-02;5.759640e-03
5.141496e-02;1.396600e-01;7.912154e-02;1.647448e-02;4.453124e-02;3.569389e-02;4.615135e-01;3.924081e-02;3.112067e-02;1.700201e-02;7.955866e-02;4.668295e-03
1.009407e-01;1.430219e-01;5.722465e-02;3.947214e-02;4.530014e-02;5.089955e-02;3.900545e-01;3.174199e-02;2.646792e-02;3.788975e-02;6.752754e-02;9.459240e-03
1.679855e-01;1.217933e-01;3.635279e-02;6.427468e-02;6.783582e-02;7.940979e-02;2.704699e-01;2.508022e-02;3.622944e-02;6.658056e-02;4.794300e-02;1.604494e-02
1.768862e-01;9.889063e-02;9.204088e-02;7.428544e-02;9.788418e-02;9.755287e-02;1.242769e-01;2.057458e-02;6.719688e-02;6.956764e-02;3.696055e-02;4.388323e-02
8.765469e-02;8.598833e-02;2.062016e-01;7.519551e-02;1.336538e-01;9.302086e-02;3.752559e-02;2.989812e-02;1.037289e-01;4.079942e-02;2.919851e-02;7.713476e-02
1.096531e-01;8.687195e-02;2.080246e-01;8.677959e-02;1.126675e-01;5.567421e-02;8.719815e-02;2.709892e-02;7.468815e-02;5.022322e-02;3.524939e-02;6.587130e-02
7.927237e-02;8.019054e-02;2.162306e-01;9.474776e-02;9.597241e-02;4.835247e-02;1.276321e-01;3.948409e-02;5.385173e-02;6.697881e-02;6.112466e-02;3.616248e-02
9.953912e-02;7.378628e-02;1.503996e-01;6.532600e-02;1.019279e-01;6.037746e-02;1.263836e-01;2.338823e-02;8.418868e-02;5.184757e-02;1.064563e-01;5.637937e-02
1.413311e-01;8.837181e-02;5.838249e-02;3.027404e-02;1.009182e-01;8.930948e-02;1.359067e-01;3.614732e-02;8.723314e-02;3.610549e-02;7.976463e-02;1.162556e-01
2.371375e-01;8.999776e-02;5.844569e-02;3.429337e-02;6.862999e-02;1.185399e-01;1.632666e-01;1.430224e-02;4.746353e-02;6.181603e-02;2.708001e-02;7.902738e-02
2.658268e-01;1.001641e-01;4.960832e-02;3.940685e-02;4.454191e-02;1.497843e-01;1.763082e-01;1.062511e-02;1.724889e-02;8.793498e-02;2.090420e-02;3.764646e-02
2.682304e-01;8.992234e-02;2.709031e-02;4.584567e-02;3.053406e-02;1.750751e-01;1.648991e-01;1.755835e-02;2.294358e-02;1.286792e-01;1.458418e-02;1.463774e-02
2.521605e-01;6.525323e-02;1.500089e-02;5.173180e-02;3.354264e-02;1.971764e-01;1.374976e-01;2.277459e-02;3.405971e-02;1.645407e-01;1.136660e-02;1.489537e-02
2.356966e-01;4.332860e-02;1.583776e-02;4.714701e-02;4.310259e-02;2.155695e-01;1.049609e-01;2.920805e-02;4.757677e-02;1.865751e-01;9.310284e-03;2.168685e-02
2.337025e-01;3.002530e-02;1.489445e-02;3.876111e-02;5.954052e-02;2.342607e-01;9.566983e-02;2.424618e-02;4.522887e-02;1.824346e-01;8.557797e-03;3.267816e-02
2.560196e-01;3.651371e-02;1.714497e-02;3.312267e-02;7.452717e-02;2.438109e-01;7.630464e-02;2.142025e-02;4.289564e-02;1.584028e-01;6.096362e-03;3.374124e-02
2.810237e-01;5.045181e-02;1.590659e-02;3.490682e-02;7.938629e-02;2.400813e-01;7.797340e-02;1.957672e-02;3.322719e-02;1.298029e-01;6.998137e-03;3.066520e-02
3.019992e-01;6.253180e-02;1.066862e-02;3.770720e-02;7.996345e-02;2.427902e-01;9.340540e-02;1.555139e-02;1.264289e-02;1.148108e-01;6.444531e-03;2.148456e-02
2.897872e-01;6.850260e-02;1.562506e-02;3.971759e-02;7.780071e-02;2.328494e-01;1.055847e-01;1.704360e-02;2.029145e-02;1.098993e-01;5.547562e-03;1.735085e-02
2.801182e-01;7.174336e-02;7.436159e-03;4.357868e-02;7.170790e-02;2.305088e-01;1.165941e-01;2.220302e-02;1.809642e-02;1.157547e-01;3.325906e-03;1.893269e-02
2.657778e-01;7.016346e-02;1.450151e-02;4.236025e-02;6.279138e-02;2.374554e-01;1.212084e-01;2.287636e-02;1.758890e-02;1.190117e-01;5.551579e-03;2.071335e-02
2.491526e-01;5.769280e-02;1.884764e-02;3.371776e-02;6.403118e-02;2.602448e-01;1.122375e-01;2.506814e-02;3.744643e-02;1.153158e-01;7.835279e-03;1.840999e-02
2.224456e-01;4.653297e-02;1.709791e-02;2.800417e-02;6.188070e-02;2.819338e-01;1.199823e-01;2.221761e-02;4.462392e-02;1.238550e-01;1.403377e-02;1.739222e-02
1.796777e-01;4.181588e-02;2.442110e-02;1.988753e-02;6.182616e-02;2.923270e-01;1.310363e-01;1.757991e-02;5.823658e-02;1.358293e-01;2.251194e-02;1.485050e-02
1.381570e-01;3.128205e-02;2.845092e-02;1.625591e-02;6.684384e-02;2.808038e-01;1.084763e-01;2.164593e-02;9.590466e-02;1.559021e-01;3.928870e-02;1.698872e-02
1.281611e-01;3.003936e-02;3.338370e-02;2.043571e-02;7.591892e-02;2.551972e-01;7.798897e-02;2.417941e-02;1.102683e-01;1.660865e-01;6.153071e-02;1.681019e-02
1.080944e-01;2.668675e-02;4.880952e-02;2.067882e-02;9.279870e-02;1.999333e-01;7.049692e-02;1.398375e-02;1.681672e-01;1.344459e-01;9.011982e-02;2.578489e-02
7.993096e-02;2.444992e-02;7.110120e-02;1.578995e-02;1.131751e-01;1.332627e-01;5.737563e-02;1.586239e-02;2.584995e-01;8.572337e-02;1.088392e-01;3.599006e-02
5.629677e-02;2.090345e-02;9.258638e-02;3.919475e-02;1.372286e-01;8.900289e-02;4.781270e-02;1.575892e-02;3.071907e-01;5.093008e-02;9.116253e-02;5.193220e-02
4.052631e-02;1.692135e-02;1.165294e-01;6.624784e-02;1.448937e-01;6.608001e-02;6.182732e-02;2.665489e-02;3.077526e-01;2.444605e-02;6.015252e-02;6.796792e-02
1.295087e-02;2.143843e-02;1.604592e-01;8.186331e-02;1.453687e-01;6.140454e-02;7.707188e-02;2.495651e-02;2.576749e-01;3.828338e-02;5.180313e-02;6.672514e-02
5.437749e-02;2.607763e-02;1.585201e-01;6.402963e-02;1.843512e-01;9.945824e-02;1.092556e-01;1.998178e-02;1.439601e-01;3.650144e-02;4.820003e-02;5.528682e-02
8.158874e-02;2.422853e-02;1.420339e-01;5.298612e-02;2.645470e-01;1.520280e-01;9.790004e-02;1.465093e-02;3.620192e-02;2.096470e-02;3.536994e-02;7.750010e-02
7.247128e-02;2.375284e-02;1.484630e-01;5.966906e-02;2.701582e-01;1.493698e-01;8.579005e-02;1.500160e-02;5.435359e-02;9.510308e-03;2.661812e-02;8.484218e-02
6.059946e-02;4.133153e-02;1.747546e-01;6.696896e-02;2.378933e-01;1.208688e-01;6.607258e-02;1.983393e-02;8.883626e-02;1.759326e-02;2.770168e-02;7.754558e-02
4.456017e-02;5.262830e-02;2.379974e-01;8.511207e-02;2.234631e-01;8.735924e-02;3.893507e-02;2.794369e-02;7.135618e-02;2.773257e-02;3.906577e-02;6.384653e-02
3.255758e-02;5.827427e-02;2.907948e-01;1.011800e-01;2.248796e-01;6.833242e-02;2.553695e-02;3.637591e-02;1.649257e-02;2.679079e-02;5.632112e-02;6.246395e-02
3.030556e-02;6.001855e-02;3.006414e-01;1.003114e-01;2.148505e-01;6.088246e-02;2.514311e-02;3.693719e-02;2.841586e-02;2.545704e-02;5.796769e-02;5.906930e-02
3.286928e-02;5.244683e-02;2.998094e-01;9.953001e-02;2.237072e-01;6.420958e-02;2.458642e-02;3.641992e-02;2.885429e-02;2.535266e-02;5.196326e-02;6.025113e-02
4.819660e-02;4.904393e-02;2.628813e-01;8.562423e-02;2.465190e-01;7.728576e-02;3.518629e-02;2.969428e-02;3.311425e-02;2.214797e-02;4.005146e-02;7.025491e-02
5.094543e-02;4.485896e-02;2.348129e-01;6.909063e-02;2.648057e-01;8.916374e-02;3.912664e-02;2.850580e-02;5.164344e-02;1.862988e-02;3.010455e-02;7.831234e-02
5.719312e-02;3.559723e-02;2.128693e-01;7.148080e-02;2.677266e-01;9.237336e-02;7.152043e-02;2.523273e-02;5.332855e-02;1.297681e-02;2.294207e-02;7.675905e-02
3.739799e-02;3.995427e-02;2.366711e-01;8.122111e-02;2.618208e-01;9.114564e-02;6.676691e-02;2.545528e-02;5.050279e-02;1.419155e-02;2.518360e-02;6.968891e-02
4.261448e-02;2.987812e-02;2.349943e-01;7.092836e-02;2.850808e-01;1.092594e-01;4.292249e-02;2.167602e-02;5.659668e-02;9.884786e-03;2.465674e-02;7.150789e-02
8.212392e-02;2.460054e-02;1.783666e-01;5.479661e-02;2.694243e-01;1.182733e-01;1.017125e-01;1.524400e-02;6.567343e-02;1.015689e-02;1.676513e-02;6.286281e-02
1.419895e-01;3.148489e-02;1.305844e-01;4.023954e-02;2.110738e-01;1.241355e-01;1.799732e-01;1.063797e-02;5.059872e-02;1.952265e-02;1.347289e-02;4.628697e-02
1.729147e-01;3.663391e-02;5.905506e-02;4.181019e-02;1.578830e-01;1.510978e-01;2.797976e-01;1.069913e-02;2.637275e-02;3.312454e-02;6.478261e-03;2.413300e-02
1.510185e-01;5.099493e-02;2.157329e-02;6.558361e-02;1.280309e-01;1.432119e-01;3.619401e-01;1.052322e-02;1.323351e-02;3.605127e-02;4.267692e-03;1.357120e-02
1.078317e-01;7.477128e-02;1.721589e-02;7.348608e-02;9.605343e-02;1.096363e-01;4.510077e-01;1.172920e-02;9.078289e-03;3.005904e-02;9.833518e-03;9.297586e-03
7.502602e-02;1.006606e-01;2.082346e-02;4.809123e-02;5.906827e-02;7.647543e-02;5.400288e-01;2.131072e-02;1.406803e-02;1.899800e-02;1.750038e-02;7.949118e-03
4.699308e-02;9.937041e-02;5.046662e-02;2.045838e-02;5.136719e-02;7.271446e-02;5.565445e-01;3.040565e-02;2.001258e-02;1.784428e-02;2.642740e-02;7.395387e-03
2.895675e-02;7.085984e-02;9.625403e-02;1.140965e-02;5.572087e-02;6.319039e-02;5.393619e-01;4.787475e-02;2.308704e-02;2.479408e-02;2.717013e-02;1.132057e-02
1.133326e-02;3.300904e-02;1.550752e-01;2.186454e-02;4.240374e-02;3.858942e-02;5.133173e-01;7.783734e-02;3.421525e-02;3.227002e-02;1.866976e-02;2.141503e-02
5.945246e-03;1.160503e-02;1.964264e-01;3.233074e-02;2.784066e-02;2.227443e-02;4.776086e-01;9.418061e-02;4.582994e-02;4.242703e-02;1.077346e-02;3.275789e-02
1.253418e-02;2.531706e-02;2.220437e-01;3.447393e-02;1.815193e-02;2.367038e-02;4.297864e-01;8.906850e-02;5.110607e-02;4.273827e-02;1.098069e-02;4.012893e-02
1.809943e-02;2.690882e-02;2.322815e-01;3.151426e-02;2.358627e-02;3.418594e-02;4.013544e-01;8.060953e-02;4.867046e-02;3.949222e-02;2.024924e-02;4.304788e-02
1.366220e-02;1.427144e-02;2.319487e-01;5.064453e-02;3.131161e-02;3.763874e-02;3.495236e-01;7.744666e-02;5.699235e-02;6.855614e-02;3.031604e-02;3.768801e-02
8.852751e-03;1.205515e-02;2.459124e-01;6.132372e-02;2.937789e-02;3.865881e-02;2.832373e-01;8.880084e-02;7.676050e-02;8.952668e-02;3.062629e-02;3.486772e-02
9.093422e-03;8.232982e-03;2.621668e-01;5.227894e-02;2.314630e-02;3.669292e-02;2.644970e-01;9.502895e-02;8.054779e-02;9.357727e-02;2.705709e-02;4.768058e-02
1.052003e-02;1.432856e-02;2.450572e-01;6.050360e-02;2.686306e-02;2.913999e-02;2.671075e-01;9.465110e-02;8.163778e-02;9.194855e-02;2.957141e-02;4.867124e-02
1.639342e-02;1.801603e-02;2.432441e-01;5.380243e-02;3.026752e-02;2.854391e-02;2.594053e-01;1.032205e-01;7.351413e-02;8.924677e-02;3.240830e-02;5.193754e-02
2.219382e-02;3.666597e-02;2.518919e-01;4.829640e-02;3.711305e-02;2.406565e-02;1.878286e-01;1.249420e-01;6.907844e-02;1.022506e-01;4.720029e-02;4.847321e-02
2.527514e-02;5.403521e-02;2.423085e-01;3.865348e-02;3.625533e-02;1.928518e-02;2.374375e-01;1.155066e-01;6.090820e-02;8.316071e-02;5.765334e-02;2.952079e-02
1.544534e-02;4.354826e-02;2.690425e-01;2.222915e-02;2.739756e-02;1.523298e-02;2.921071e-01;1.373996e-01;4.882286e-02;5.607374e-02;4.708362e-02;2.561720e-02
7.312733e-03;3.045145e-02;2.998725e-01;1.141825e-02;1.554061e-02;1.650616e-02;2.973430e-01;1.654050e-01;3.686150e-02;4.526000e-02;2.941702e-02;4.461172e-02
9.025101e-03;5.001329e-02;2.997955e-01;1.424168e-02;1.381569e-02;1.780065e-02;2.905574e-01;1.510247e-01;3.009298e-02;4.106381e-02;3.025665e-02;5.231258e-02
1.880182e-02;7.862606e-02;2.557127e-01;1.677155e-02;2.246780e-02;1.658680e-02;3.423324e-01;1.221282e-01;2.303424e-02;3.090699e-02;3.329337e-02;3.933807e-02
4.425746e-02;1.271863e-01;1.592233e-01;1.280019e-02;3.392142e-02;1.879422e-02;3.898785e-01;8.604579e-02;2.139049e-02;1.884722e-02;6.484538e-02;2.280974e-02
8.178066e-02;1.705007e-01;6.495126e-02;6.253643e-03;3.338612e-02;2.658888e-02;4.211720e-01;5.608949e-02;2.789560e-02;1.278982e-02;8.790076e-02;1.069106e-02
1.331773e-01;1.810429e-01;3.585921e-02;7.576803e-03;3.461642e-02;3.726233e-02;3.969828e-01;3.338733e-02;2.992441e-02;2.033482e-02;7.802730e-02;1.180839e-02
2.090840e-01;1.696262e-01;2.010555e-02;1.441105e-02;4.764617e-02;5.886941e-02;3.366669e-01;1.696942e-02;2.079813e-02;3.629281e-02;5.188825e-02;1.764215e-02
2.796969e-01;1.271023e-01;3.085244e-02;2.370762e-02;7.339722e-02;9.042831e-02;2.214646e-01;1.634851e-02;1.837464e-02;5.703193e-02;2.890834e-02;3.268711e-02
2.971826e-01;6.006547e-02;6.998222e-02;2.766552e-02;1.071802e-01;1.110022e-01;1.424794e-01;1.744620e-02;3.340650e-02;5.283750e-02;2.642326e-02;5.432899e-02
2.867933e-01;5.986733e-02;5.423851e-02;2.426580e-02;1.270411e-01;9.391008e-02;1.341092e-01;2.460501e-02;4.378996e-02;3.563780e-02;4.579432e-02;6.994752e-02
2.631831e-01;7.180079e-02;6.388979e-02;3.100254e-02;1.275904e-01;8.054077e-02;9.714749e-02;2.950918e-02;4.705942e-02;4.539276e-02;5.617555e-02;8.670825e-02
1.850931e-01;3.468663e-02;1.054531e-01;5.093013e-02;1.361957e-01;7.545013e-02;1.239050e-01;1.909715e-02;5.896144e-02;4.401639e-02;6.077380e-02;1.054373e-01
1.189539e-01;2.694388e-02;1.770172e-01;8.122360e-02;1.336610e-01;5.127504e-02;9.778625e-02;2.892218e-02;7.558028e-02;4.374626e-02;6.992018e-02;9.497022e-02
6.307018e-02;3.162650e-02;1.953708e-01;1.120920e-01;1.471132e-01;5.281053e-02;4.894077e-02;4.697610e-02;8.110533e-02;6.960848e-02;8.379715e-02;6.748899e-02
3.610145e-02;3.158365e-02;1.637842e-01;1.083916e-01;1.533309e-01;5.577851e-02;7.308587e-02;5.515281e-02;8.538430e-02;8.390018e-02;7.460318e-02;7.890331e-02
6.312300e-02;5.909942e-02;1.101958e-01;7.341328e-02;1.564191e-01;6.981779e-02;9.388655e-02;7.077935e-02;1.079332e-01;8.297525e-02;4.870505e-02;6.365217e-02
8.346567e-02;4.614674e-02;7.857052e-02;6.902544e-02;1.745577e-01;7.179786e-02;9.093089e-02;5.136575e-02;1.408916e-01;8.547785e-02;4.202460e-02;6.574535e-02
9.199344e-02;2.687383e-02;7.902831e-02;6.363637e-02;1.840930e-01;8.126424e-02;1.081774e-01;2.634725e-02;1.540736e-01;6.185268e-02;4.706245e-02;7.559750e-02
1.254409e-01;2.655205e-02;1.206459e-01;4.740911e-02;1.727390e-01;9.231340e-02;1.147274e-01;2.145758e-02;1.270980e-01;4.155033e-02;3.908435e-02;7.098190e-02
1.485441e-01;1.681614e-02;8.768632e-02;4.335836e-02;1.793947e-01;1.083554e-01;1.873304e-01;1.601699e-02;1.012022e-01;3.216038e-02;2.187611e-02;5.725887e-02
1.367772e-01;1.471161e-02;1.266367e-01;3.503906e-02;1.808226e-01;1.115341e-01;2.099427e-01;1.114266e-02;8.198279e-02;2.473124e-02;1.375460e-02;5.292475e-02
1.426962e-01;1.469961e-02;1.641371e-01;3.787032e-02;2.020757e-01;1.096704e-01;1.510331e-01;8.484779e-03;7.935030e-02;1.765434e-02;1.557391e-02;5.675421e-02
1.416239e-01;1.529158e-02;1.694105e-01;3.236764e-02;2.170165e-01;1.130491e-01;1.336906e-01;6.813964e-03;8.210704e-02;1.819072e-02;1.216528e-02;5.827308e-02
1.417838e-01;6.996667e-03;1.662767e-01;4.104561e-02;2.247339e-01;1.179063e-01;1.048665e-01;9.071609e-03;8.915639e-02;1.921941e-02;1.466331e-02;6.427984e-02
1.565302e-01;1.624355e-02;1.623766e-01;3.744434e-02;2.249011e-01;1.088998e-01;1.046960e-01;1.017982e-02;8.645406e-02;1.266338e-02;1.266851e-02;6.694272e-02
1.593243e-01;1.503032e-02;1.308005e-01;3.805105e-02;2.261948e-01;1.134808e-01;1.462987e-01;8.947583e-03;7.618517e-02;1.064254e-02;1.172403e-02;6.332020e-02
1.622793e-01;1.354765e-02;1.215136e-01;3.642138e-02;2.321913e-01;1.173111e-01;1.384080e-01;8.312369e-03;7.000533e-02;1.247766e-02;1.686144e-02;7.067091e-02
1.331434e-01;1.686103e-02;1.525833e-01;4.294142e-02;2.202638e-01;1.063280e-01;1.454545e-01;9.036325e-03;5.366987e-02;1.553520e-02;2.612689e-02;7.805632e-02
1.012900e-01;1.702318e-02;2.297688e-01;6.168864e-02;2.131851e-01;9.532920e-02;8.667076e-02;1.348935e-02;3.180035e-02;1.803559e-02;4.896503e-02;8.275406e-02
7.994585e-02;2.247006e-02;3.258533e-01;7.340595e-02;1.659499e-01;7.528857e-02;8.448202e-02;1.409390e-02;1.061205e-02;2.425766e-02;5.633764e-02;6.730311e-02
4.352673e-02;3.781849e-02;3.710163e-01;7.283803e-02;1.171218e-01;7.848735e-02;6.609646e-02;2.088901e-02;4.055629e-02;3.785880e-02;5.641517e-02;5.737559e-02
4.495666e-02;6.371544e-02;2.528701e-01;5.068710e-02;6.484280e-02;7.239825e-02;1.730298e-01;4.723958e-02;6.554187e-02;4.464877e-02;6.017400e-02;5.989565e-02
6.868909e-02;5.318131e-02;1.997762e-01;5.000102e-02;1.138023e-01;6.638797e-02;1.074380e-01;7.017244e-02;1.111043e-01;6.672291e-02;4.805248e-02;4.467189e-02
8.485302e-02;3.892467e-02;2.419958e-01;5.594721e-02;1.159236e-01;5.248779e-02;1.080300e-01;7.241527e-02;8.536783e-02;6.756194e-02;3.417652e-02;4.231640e-02
8.387995e-02;5.889585e-02;1.793331e-01;4.734848e-02;1.172770e-01;7.855157e-02;7.125035e-02;1.071201e-01;8.200110e-02;7.409283e-02;3.873517e-02;6.151441e-02
4.416883e-02;3.476728e-02;1.331470e-01;3.934684e-02;1.121373e-01;1.059607e-01;1.114361e-01;1.397453e-01;6.054782e-02;1.304367e-01;5.811385e-02;3.019235e-02
5.325176e-02;5.135034e-02;1.018262e-01;4.629791e-02;9.761128e-02;8.096030e-02;1.327968e-01;1.215145e-01;6.485226e-02;1.425353e-01;7.896750e-02;2.803583e-02
5.731119e-02;6.117085e-02;8.785062e-02;4.892886e-02;8.628233e-02;5.293353e-02;1.550461e-01;1.054673e-01;9.300838e-02;1.196951e-01;9.547905e-02;3.682676e-02
5.919893e-02;6.787531e-02;8.844821e-02;5.405798e-02;6.205540e-02;8.143699e-02;1.376889e-01;9.574319e-02;1.136736e-01;1.034574e-01;9.656187e-02;3.980228e-02
8.591332e-02;4.740561e-02;1.139195e-01;5.710900e-02;5.741378e-02;1.035048e-01;1.303762e-01;6.487256e-02;9.582283e-02;1.094679e-01;7.922336e-02;5.497123e-02
1.083071e-01;5.902367e-02;1.138407e-01;4.868337e-02;7.772570e-02;1.111342e-01;1.300620e-01;3.548562e-02;6.670100e-02;1.030291e-01;8.125539e-02;6.475204e-02
1.291757e-01;6.983098e-02;2.491957e-01;5.782141e-02;6.177879e-02;6.844705e-02;1.204401e-01;3.198270e-02;3.688927e-02;7.662258e-02;4.814863e-02;4.966706e-02
1.026697e-01;4.556368e-02;2.568808e-01;4.195752e-02;6.355395e-02;6.457397e-02;1.388670e-01;2.142367e-02;2.876071e-02;8.684593e-02;1.002425e-01;4.866063e-02
8.372030e-02;3.096716e-02;2.028714e-01;3.242234e-02;5.957079e-02;1.148292e-01;9.732232e-02;1.139943e-02;2.645994e-02;1.194537e-01;1.652483e-01;5.573505e-02
4.444340e-02;2.040395e-02;1.460086e-01;2.158361e-02;4.063534e-02;2.024655e-01;4.206037e-02;8.130884e-03;2.802551e-02;1.443019e-01;2.446884e-01;5.725259e-02
2.441430e-02;1.114803e-02;1.432953e-01;9.467331e-03;1.916079e-02;2.677425e-01;4.033506e-02;3.536099e-03;2.539425e-02;1.308740e-01;2.740682e-01;5.056407e-02
3.840119e-02;3.245503e-03;1.384000e-01;5.656051e-03;1.977959e-02;2.767493e-01;4.082600e-02;4.355481e-03;2.695254e-02;1.246825e-01;2.662179e-01;5.473404e-02
3.323003e-02;6.806397e-03;1.582798e-01;9.064663e-03;1.991818e-02;2.573287e-01;4.040089e-02;6.665555e-03;3.421380e-02;1.148347e-01;2.605942e-01;5.866311e-02
2.690261e-02;8.469541e-03;1.653282e-01;1.098737e-02;1.792766e-02;2.109613e-01;6.586673e-02;1.056352e-02;5.394223e-02;1.044949e-01;2.488478e-01;7.570808e-02
5.374939e-02;6.236394e-03;1.941060e-01;1.703253e-02;1.904939e-02;1.425877e-01;1.168140e-01;1.399697e-02;6.362996e-02;7.630219e-02;2.064342e-01;9.006119e-02
