1.122520e-01;1.027819e-01;1.439333e-01;5.154809e-02;5.670352e-02;1.064980e-01;8.709206e-02;7.430742e-02;7.488500e-02;7.025144e-02;6.236454e-02;5.738268e-02
1.449727e-01;1.032635e-01;1.192846e-01;3.588523e-02;5.404800e-02;6.014638e-02;1.242602e-01;6.920989e-02;7.070139e-02;7.806749e-02;6.879593e-02;7.136463e-02
1.490257e-01;1.006541e-01;1.071889e-01;2.742994e-02;7.231584e-02;4.786553e-02;1.246084e-01;5.313750e-02;8.480068e-02;9.067299e-02;7.623076e-02;6.606971e-02
1.036573e-01;9.612720e-02;1.113652e-01;4.895352e-02;1.044089e-01;4.494975e-02;1.126662e-01;4.111908e-02;8.465361e-02;1.095942e-01;8.387098e-02;5.863399e-02
3.771805e-02;8.580053e-02;1.039640e-01;8.549996e-02;1.494963e-01;4.141860e-02;7.249227e-02;3.986056e-02;8.580022e-02;1.588412e-01;9.028006e-02;4.882831e-02
6.079656e-02;5.248412e-02;1.019729e-01;1.677891e-01;1.292633e-01;3.268430e-02;6.397627e-02;3.716597e-02;1.023840e-01;1.596446e-01;4.634789e-02;4.549106e-02
8.231837e-02;4.613600e-02;1.286487e-01;1.819510e-01;8.997414e-02;3.177938e-02;8.770124e-02;3.096528e-02;9.702062e-02;1.107380e-01;4.756264e-02;6.520461e-02
3.310519e-02;5.294594e-02;2.029756e-01;1.371493e-01;5.697298e-02;5.771814e-02;9.588206e-02;4.969773e-02;7.097278e-02;1.003754e-01;6.243308e-02;7.977185e-02
6.320505e-02;3.124150e-02;1.795808e-01;6.866977e-02;3.417709e-02;6.491595e-02;1.033631e-01;6.318250e-02;1.178336e-01;1.189266e-01;6.505171e-02;8.985236e-02
7.268417e-02;4.366976e-02;1.516285e-01;1.204401e-01;3.625845e-02;6.908046e-02;8.075910e-02;5.172978e-02;1.310169e-01;9.462037e-02;5.014195e-02;9.797037e-02
8.828298e-02;5.606567e-02;1.293702e-01;1.153829e-01;5.848253e-02;6.738602e-02;9.490509e-02;4.432958e-02;1.044711e-01;9.907047e-02;5.633147e-02;8.592202e-02
6.211355e-02;5.562453e-02;1.188403e-01;6.526037e-02;8.149483e-02;4.125661e-02;1.551696e-01;7.566162e-02;9.292655e-02;1.313068e-01;6.408792e-02;5.625733e-02
4.284271e-02;3.308288e-02;1.034169e-01;3.345041e-02;6.939230e-02;2.020522e-02;2.771271e-01;9.591252e-02;9.690941e-02;1.159205e-01;7.067985e-02;4.106026e-02
3.212500e-02;1.890238e-02;1.182232e-01;3.616123e-02;5.475318e-02;2.373971e-02;3.762980e-01;1.056306e-01;5.902311e-02;8.743653e-02;5.555598e-02;3.215111e-02
3.559010e-02;2.905715e-02;9.860795e-02;3.682019e-02;6.396297e-02;3.086495e-02;4.442184e-01;9.585762e-02;4.621217e-02;5.757846e-02;3.954196e-02;2.168811e-02
9.398925e-02;6.233080e-02;6.370661e-02;4.004923e-02;6.639612e-02;3.536902e-02;3.163175e-01;7.478612e-02;7.973471e-02;7.337010e-02;5.907790e-02;3.487265e-02
1.491826e-01;1.185925e-01;9.559996e-02;4.048529e-02;4.101829e-02;3.300007e-02;1.218260e-01;4.246211e-02;7.383343e-02;1.215988e-01;1.006742e-01;6.172678e-02
1.578677e-01;1.099651e-01;9.357232e-02;3.177318e-02;3.019661e-02;3.450288e-02;6.991607e-02;3.773187e-02;6.315514e-02;1.184716e-01;1.576024e-01;9.524501e-02
1.389608e-01;6.460623e-02;9.970700e-02;2.244584e-02;2.018401e-02;3.922157e-02;7.453397e-02;2.871342e-02;4.019532e-02;9.218205e-02;2.248056e-01;1.544442e-01
1.015939e-01;2.633261e-02;1.296105e-01;1.725148e-02;1.131846e-02;5.561955e-02;9.768664e-02;1.609084e-02;2.228864e-02;4.403742e-02;2.701766e-01;2.079934e-01
5.798504e-02;2.433883e-02;1.457825e-01;1.578091e-02;7.624610e-03;7.799552e-02;9.048884e-02;8.723610e-03;2.938571e-02;2.701285e-02;3.300552e-01;1.848264e-01
5.446543e-02;3.805581e-02;1.317674e-01;1.265354e-02;1.929856e-02;8.403885e-02;5.525972e-02;7.697575e-03;2.524294e-02;9.061386e-02;3.660858e-01;1.148205e-01
3.764744e-02;3.962264e-02;1.043393e-01;2.415909e-02;5.150149e-02;6.030955e-02;3.313095e-02;1.865629e-02;4.914622e-02;2.333794e-01;2.809406e-01;6.716699e-02
5.420207e-02;3.368378e-02;8.430264e-02;6.177947e-02;6.383872e-02;2.648668e-02;6.265582e-02;3.750388e-02;1.161173e-01;2.871846e-01;1.385083e-01;3.373674e-02
8.112417e-02;2.710667e-02;1.073147e-01;9.129190e-02;5.456515e-02;3.087321e-02;1.322739e-01;5.312429e-02;1.287887e-01;2.031357e-01;6.423037e-02;2.617132e-02
5.726815e-02;4.337923e-02;1.510608e-01;8.161839e-02;4.950239e-02;5.611181e-02;2.044274e-01;6.195054e-02;7.830428e-02;9.194632e-02;7.065465e-02;5.377610e-02
6.409191e-02;4.811085e-02;1.429515e-01;5.494570e-02;5.195614e-02;6.223987e-02;1.987917e-01;5.165051e-02;1.256972e-01;8.393983e-02;8.066214e-02;3.496260e-02
1.232979e-01;2.732068e-02;1.003634e-01;4.443625e-02;5.734098e-02;5.293398e-02;1.307004e-01;6.568056e-02;1.500108e-01;1.195414e-01;1.039104e-01;2.446324e-02
1.623477e-01;3.648962e-02;7.549875e-02;5.650956e-02;3.989846e-02;4.614747e-02;1.487060e-01;1.068444e-01;1.021656e-01;1.153494e-01;8.768760e-02;2.235534e-02
1.399302e-01;6.263627e-02;6.394501e-02;6.620567e-02;3.128780e-02;3.605261e-02;1.728016e-01;1.168442e-01;9.567343e-02;1.191614e-01;7.671431e-02;1.874763e-02
9.100968e-02;6.318400e-02;6.148379e-02;7.360276e-02;4.289022e-02;8.005182e-02;1.988935e-01;9.090130e-02;8.636385e-02;1.000473e-01;8.956430e-02;2.200741e-02
5.984535e-02;3.866066e-02;8.647761e-02;5.690759e-02;5.508334e-02;1.524617e-01;2.755951e-01;6.119205e-02;6.119864e-02;6.612023e-02;6.692396e-02;1.953375e-02
4.563035e-02;2.201889e-02;9.290150e-02;2.762615e-02;5.932576e-02;1.538281e-01;3.825538e-01;4.311714e-02;4.304901e-02;4.693829e-02;5.733737e-02;2.567368e-02
6.303272e-02;3.301405e-02;9.285091e-02;1.904216e-02;8.569894e-02;1.152402e-01;4.162266e-01;2.796407e-02;2.807175e-02;3.986460e-02;5.746344e-02;2.153050e-02
5.497401e-02;2.898172e-02;1.195106e-01;4.362720e-02;1.081105e-01;1.182302e-01;3.475529e-01;3.558907e-02;1.687684e-02;5.477614e-02;4.273987e-02;2.903091e-02
6.851187e-02;7.599104e-02;1.554188e-01;4.971388e-02;7.724760e-02;6.442259e-02;2.480960e-01;3.458552e-02;3.202775e-02;6.771263e-02;6.468482e-02;6.158749e-02
9.697068e-02;7.580751e-02;1.421291e-01;4.541154e-02;7.182266e-02;6.080156e-02;2.831996e-01;3.980568e-02;3.422148e-02;5.446484e-02;5.094752e-02;4.441781e-02
8.559015e-02;5.923305e-02;1.719617e-01;5.456225e-02;5.503688e-02;5.080034e-02;3.296531e-01;6.286890e-02;3.077732e-02;4.462755e-02;3.113442e-02;2.375439e-02
5.041754e-02;4.143821e-02;2.646400e-01;5.528270e-02;2.704108e-02;2.834473e-02;3.164741e-01;1.021623e-01;3.181450e-02;5.150290e-02;1.323861e-02;1.764332e-02
2.199787e-02;4.769517e-02;3.115238e-01;4.425514e-02;2.832315e-02;3.882774e-02;2.487808e-01;1.197981e-01;4.035372e-02;6.377356e-02;7.788773e-03;2.688209e-02
1.893585e-02;7.482201e-02;2.705109e-01;5.783249e-02;6.554520e-02;6.485932e-02;1.864514e-01;9.487820e-02;5.988825e-02;5.703959e-02;2.180848e-02;2.742833e-02
3.127462e-02;8.148029e-02;1.609353e-01;1.352924e-01;7.849032e-02;4.718561e-02;1.398115e-01;8.354903e-02;1.205698e-01;6.354602e-02;4.501394e-02;1.285117e-02
3.938929e-02;4.751733e-02;1.359555e-01;1.728116e-01;5.687948e-02;3.234844e-02;1.110455e-01;9.537024e-02;1.428612e-01;9.205978e-02;5.894325e-02;1.481843e-02
4.283641e-02;3.096195e-02;1.524818e-01;1.381800e-01;6.811892e-02;7.873854e-02;8.668394e-02;7.817019e-02;1.038136e-01;1.376677e-01;5.219225e-02;3.015479e-02
2.346141e-02;6.512763e-02;1.258734e-01;9.715782e-02;1.001995e-01;9.303132e-02;6.229787e-02;5.145870e-02;9.592428e-02;1.830571e-01;5.930271e-02;4.310833e-02
2.826716e-02;7.165048e-02;7.575688e-02;1.239491e-01;7.678399e-02;7.190655e-02;8.522160e-02;7.770907e-02;8.302142e-02;1.636809e-01;1.079423e-01;3.411044e-02
6.321129e-02;4.477260e-02;9.287958e-02;1.292884e-01;3.484619e-02;1.085425e-01;1.083518e-01;5.983442e-02;3.990758e-02;1.124451e-01;1.799125e-01;2.600796e-02
9.196483e-02;2.249406e-02;1.686637e-01;7.530668e-02;1.259129e-02;1.483361e-01;9.024177e-02;2.083495e-02;4.330786e-02;8.131877e-02;2.098107e-01;3.512923e-02
1.249458e-01;1.489938e-02;1.885167e-01;2.830483e-02;2.268320e-02;1.326524e-01;7.468842e-02;1.624491e-02;5.008825e-02;7.592452e-02;2.111793e-01;5.987228e-02
1.605719e-01;2.850853e-02;1.370652e-01;1.924575e-02;3.356336e-02;9.029461e-02;9.562545e-02;3.066080e-02;4.064971e-02;9.440481e-02;1.923561e-01;7.705370e-02
1.629948e-01;4.513890e-02;1.151460e-01;4.278543e-02;3.960242e-02;6.981614e-02;1.099870e-01;4.292379e-02;3.315746e-02;1.015827e-01;1.549842e-01;8.188113e-02
1.189597e-01;4.529905e-02;1.268494e-01;8.538514e-02;3.541379e-02;5.561015e-02;1.123965e-01;5.260802e-02;5.899162e-02;1.092153e-01;1.311725e-01;6.809884e-02
8.296147e-02;5.365362e-02;8.834168e-02;5.378502e-02;6.744227e-02;4.027439e-02;7.723310e-02;4.510808e-02;1.061492e-01;2.236675e-01;9.264496e-02;6.873868e-02
7.354073e-02;6.063173e-02;4.424661e-02;3.064714e-02;7.337651e-02;3.854907e-02;6.193459e-02;1.021695e-01;7.185336e-02;3.332367e-01;5.190748e-02;5.790664e-02
3.318237e-02;5.350588e-02;2.882012e-02;2.653104e-02;6.146407e-02;4.760992e-02;5.350284e-02;1.741474e-01;5.229719e-02;3.431286e-01;7.983645e-02;4.597414e-02
3.068028e-02;4.532864e-02;2.074331e-02;2.840531e-02;5.163747e-02;5.798594e-02;5.134108e-02;2.392190e-01;3.828382e-02;2.660195e-01;1.337727e-01;3.658295e-02
3.191882e-02;4.819056e-02;1.147637e-02;3.369312e-02;8.082512e-02;4.525155e-02;6.477723e-02;2.366800e-01;6.471220e-02;2.264895e-01;1.123418e-01;4.364377e-02
3.080525e-02;5.669266e-02;2.811759e-02;5.321140e-02;9.660248e-02;3.869710e-02;9.936053e-02;1.761467e-01;1.026346e-01;2.199693e-01;5.813898e-02;3.962351e-02
4.546026e-02;4.209589e-02;8.598705e-02;7.333802e-02;7.359859e-02;5.572160e-02;1.873760e-01;1.026037e-01;1.298833e-01;1.311356e-01;4.544554e-02;2.735455e-02
2.947339e-02;4.394646e-02;1.470114e-01;6.568313e-02;4.535712e-02;6.789440e-02;2.149204e-01;7.923153e-02;9.183966e-02;1.350113e-01;4.903447e-02;3.059675e-02
4.985080e-02;8.458772e-02;1.280172e-01;4.125214e-02;5.929727e-02;4.940775e-02;2.315352e-01;6.604432e-02;6.459215e-02;1.241886e-01;6.156215e-02;3.966473e-02
5.731665e-02;1.026302e-01;7.759298e-02;3.811921e-02;6.551350e-02;4.860095e-02;2.449669e-01;7.629705e-02;7.110494e-02;1.117658e-01;6.198170e-02;4.411007e-02
6.652185e-02;1.174933e-01;7.254796e-02;4.706560e-02;4.907811e-02;5.048843e-02;2.458739e-01;5.670766e-02;5.123506e-02;9.717460e-02;9.487186e-02;5.094163e-02
3.367532e-02;1.047270e-01;9.540167e-02;3.832420e-02;6.001011e-02;5.302789e-02;1.999212e-01;4.547879e-02;8.762295e-02;1.199161e-01;1.081886e-01;5.370612e-02
4.488985e-02;6.859516e-02;1.220092e-01;4.517918e-02;4.503996e-02;5.900218e-02;8.843477e-02;9.078877e-02;7.241396e-02;1.621957e-01;1.191085e-01;8.234281e-02
7.073472e-02;2.832878e-02;9.854303e-02;6.918990e-02;2.973927e-02;3.820237e-02;6.562254e-02;8.090489e-02;1.159932e-01;1.358218e-01;1.907980e-01;7.612145e-02
7.776842e-02;1.513499e-02;9.160823e-02;8.226810e-02;3.876804e-02;3.265073e-02;9.800588e-02;7.405587e-02;1.058354e-01;1.136706e-01;1.961220e-01;7.411171e-02
6.847055e-02;1.860408e-02;7.150081e-02;8.077480e-02;5.891365e-02;6.196872e-02;1.076008e-01;5.078321e-02;9.326197e-02;1.540788e-01;1.185895e-01;1.154531e-01
7.023174e-02;1.543810e-02;4.677651e-02;7.814471e-02;6.358684e-02;7.661593e-02;1.208014e-01;3.938379e-02;1.088461e-01;1.680579e-01;1.013254e-01;1.107917e-01
8.923306e-02;1.634083e-02;6.313469e-02;9.170133e-02;4.895480e-02;5.473012e-02;1.231232e-01;5.007682e-02;1.185490e-01;1.127747e-01;1.747275e-01;5.665393e-02
7.323239e-02;2.855439e-02;1.074272e-01;7.691028e-02;3.522311e-02;4.589539e-02;1.425396e-01;5.766733e-02;7.364979e-02;1.033522e-01;1.478331e-01;1.077152e-01
6.977151e-02;5.396658e-02;1.384816e-01;5.987299e-02;4.463867e-02;5.042296e-02;1.831834e-01;5.300831e-02;3.863568e-02;9.657504e-02;1.102493e-01;1.011940e-01
8.942162e-02;7.542645e-02;1.388121e-01;5.698672e-02;7.146131e-02;5.810899e-02;1.321751e-01;3.635616e-02;6.133781e-02;9.055839e-02;1.156652e-01;7.369015e-02
9.804438e-02;7.760429e-02;1.183760e-01;6.179302e-02;9.334307e-02;7.345000e-02;7.010415e-02;3.987992e-02;5.072962e-02;9.029375e-02;1.150378e-01;1.113440e-01
9.535326e-02;5.687428e-02;1.142043e-01;7.051330e-02;6.294304e-02;6.770570e-02;1.132384e-01;6.298919e-02;8.092947e-02;8.396544e-02;8.694614e-02;1.043375e-01
9.482855e-02;4.654120e-02;1.063468e-01;5.955730e-02;7.643719e-02;6.229325e-02;1.387376e-01;6.047005e-02;1.101592e-01;9.675259e-02;6.700701e-02;8.086931e-02
1.070450e-01;5.576107e-02;9.647256e-02;3.894889e-02;8.175265e-02;6.732672e-02;1.098759e-01;3.804458e-02;1.179498e-01;1.182935e-01;7.404990e-02;9.447943e-02
1.246972e-01;6.396576e-02;1.030883e-01;3.584851e-02;5.598898e-02;5.548640e-02;9.720200e-02;5.249935e-02;9.698842e-02;8.793766e-02;1.202250e-01;1.060725e-01
9.897066e-02;4.448381e-02;1.399332e-01;6.817305e-02;4.754101e-02;4.780897e-02;1.944867e-01;5.350584e-02;7.666393e-02;4.926377e-02;1.240868e-01;5.508219e-02
8.792108e-02;5.005444e-02;1.435282e-01;7.548212e-02;5.249878e-02;5.889362e-02;1.100855e-01;4.530482e-02;8.920365e-02;6.998840e-02;1.374942e-01;7.954513e-02
1.679899e-01;9.871562e-02;1.560282e-01;2.847668e-02;4.320946e-02;3.711843e-02;8.196326e-02;4.435225e-02;6.055033e-02;6.535560e-02;1.311884e-01;8.505190e-02
1.970926e-01;1.028917e-01;1.395103e-01;2.414751e-02;2.908505e-02;3.537859e-02;8.943057e-02;4.613273e-02;5.961702e-02;4.823775e-02;1.397940e-01;8.868214e-02
1.904010e-01;9.595859e-02;1.128005e-01;2.135215e-02;2.430250e-02;4.480099e-02;8.988357e-02;5.103463e-02;8.062956e-02;5.016166e-02;1.495516e-01;8.912326e-02
1.139231e-01;7.103861e-02;7.933582e-02;1.489518e-02;3.494184e-02;8.783624e-02;7.807693e-02;1.175948e-01;1.069201e-01;6.661064e-02;1.637622e-01;6.506451e-02
4.782278e-02;5.145049e-02;5.834588e-02;2.439872e-02;8.599860e-02;1.055810e-01;7.653398e-02;1.982374e-01;7.881755e-02;9.947386e-02;1.474288e-01;2.591101e-02
5.683957e-02;6.868953e-02;4.745809e-02;3.674655e-02;1.737079e-01;5.884511e-02;6.798714e-02;1.616264e-01;4.866897e-02;1.515031e-01;1.035635e-01;2.436408e-02
6.313913e-02;7.026280e-02;2.916230e-02;2.140510e-02;2.565889e-01;4.699143e-02;5.302487e-02;9.940237e-02;4.421214e-02;1.983717e-01;9.294204e-02;2.449723e-02
2.794679e-02;6.532537e-02;3.786560e-02;2.516672e-02;2.975650e-01;7.866939e-02;3.854915e-02;6.930208e-02;3.604063e-02;2.380203e-01;6.340012e-02;2.214881e-02
1.223041e-02;5.001317e-02;2.083211e-02;1.546043e-02;2.339288e-01;1.435173e-01;2.936604e-02;1.244250e-01;4.027441e-02;2.450531e-01;5.472195e-02;3.017725e-02
1.657953e-02;4.813322e-02;1.647401e-02;1.915761e-02;1.532587e-01;1.008957e-01;2.693418e-02;1.812230e-01;8.079413e-02;2.119001e-01;1.172670e-01;2.738279e-02
3.576048e-02;4.632016e-02;1.635157e-02;2.533673e-02;9.878773e-02;4.679460e-02;3.054618e-02;1.633404e-01;9.302431e-02;1.829819e-01;2.222035e-01;3.855238e-02
6.251664e-02;3.502806e-02;1.542901e-02;3.354889e-02;6.585371e-02;4.322674e-02;3.793026e-02;1.229559e-01;5.764797e-02;1.618057e-01;2.950738e-01;6.898329e-02
8.159464e-02;3.788630e-02;3.715441e-02;7.038833e-02;7.118542e-02;4.655786e-02;5.177219e-02;1.274071e-01;3.807321e-02;1.633169e-01;2.049221e-01;6.974158e-02
5.353361e-02;5.256760e-02;7.207543e-02;1.076873e-01;9.280376e-02;3.855899e-02;9.279554e-02;1.346560e-01;3.292999e-02;1.784663e-01;1.145415e-01;2.938390e-02
6.030650e-02;4.064563e-02;7.384710e-02;7.714724e-02;1.142258e-01;6.182553e-02;1.326906e-01;1.084336e-01;3.403338e-02;1.485409e-01;1.171836e-01;3.112004e-02
7.940326e-02;4.000979e-02;1.014744e-01;7.183781e-02;9.433965e-02;1.098714e-01;1.449462e-01;9.087761e-02;3.064147e-02;1.095256e-01;9.174100e-02;3.533194e-02
6.025197e-02;3.734564e-02;1.221745e-01;7.436415e-02;6.528293e-02;1.553725e-01;1.593228e-01;8.721632e-02;3.836116e-02;1.216122e-01;5.007734e-02;2.861843e-02
5.769945e-02;5.202816e-02;1.322718e-01;4.443355e-02;7.407395e-02;1.429778e-01;1.044627e-01;7.161026e-02;4.279508e-02;1.568423e-01;8.691707e-02;3.388784e-02
7.919946e-02;2.231797e-02;9.869925e-02;4.491792e-02;8.462830e-02;7.872166e-02;8.978058e-02;9.003130e-02;4.652764e-02;1.946172e-01;1.298855e-01;4.067316e-02
5.349860e-02;3.477845e-02;5.618348e-02;3.647137e-02;6.550241e-02;5.931622e-02;1.243830e-01;1.088913e-01;3.422257e-02;2.042619e-01;1.831209e-01;3.936975e-02
5.985827e-02;5.076748e-02;4.626185e-02;3.177874e-02;6.071615e-02;8.266120e-02;1.083350e-01;1.042405e-01;3.905989e-02;1.874844e-01;1.747533e-01;5.408324e-02
8.644839e-02;3.696559e-02;7.272208e-02;4.961181e-02;7.186862e-02;7.064608e-02;1.196093e-01;8.043228e-02;5.880045e-02;1.528416e-01;1.330343e-01;6.701953e-02
7.710365e-02;5.597236e-02;9.812637e-02;5.400210e-02;5.882357e-02;8.453831e-02;1.323982e-01;7.588937e-02;6.756721e-02;1.317071e-01;1.012676e-01;6.260418e-02
7.835510e-02;5.653149e-02;1.624851e-01;5.932496e-02;8.047353e-02;9.262632e-02;9.071405e-02;6.228246e-02;6.452461e-02;1.231183e-01;7.495844e-02;5.460558e-02
8.855784e-02;4.334064e-02;1.927697e-01;6.049385e-02;7.245312e-02;9.979484e-02;1.021558e-01;3.229285e-02;6.273372e-02;1.279514e-01;7.576788e-02;4.168840e-02
7.444733e-02;5.134603e-02;1.249718e-01;9.467120e-02;4.908984e-02;1.049085e-01;1.051510e-01;5.005519e-02;5.643686e-02;1.409331e-01;1.028211e-01;4.516803e-02
4.256413e-02;8.124144e-02;7.442495e-02;1.283464e-01;4.962707e-02;7.659743e-02;8.572595e-02;9.159728e-02;4.210934e-02;1.458295e-01;1.215223e-01;6.041416e-02
9.157335e-02;9.263616e-02;7.372759e-02;8.757670e-02;6.812117e-02;4.598445e-02;8.007550e-02;7.848082e-02;4.799927e-02;1.476106e-01;1.181496e-01;6.806479e-02
1.289815e-01;9.483229e-02;8.770812e-02;4.291177e-02;7.133903e-02;5.857931e-02;1.156590e-01;5.047749e-02;5.008244e-02;1.321073e-01;1.000024e-01;6.731943e-02
1.232421e-01;9.480423e-02;1.360908e-01;3.145256e-02;7.013588e-02;6.671862e-02;1.567355e-01;4.319779e-02;5.371438e-02;1.303739e-01;5.389714e-02;3.963701e-02
1.165398e-01;6.111653e-02;1.321980e-01;5.549317e-02;1.008930e-01;5.438017e-02;7.125323e-02;3.703929e-02;6.586841e-02;1.708727e-01;8.201256e-02;5.233315e-02
1.044617e-01;4.598652e-02;1.104120e-01;7.638335e-02;9.884829e-02;4.879773e-02;4.889364e-02;2.464113e-02;6.086378e-02;1.549234e-01;1.499590e-01;7.582936e-02
6.820060e-02;9.438349e-02;8.159750e-02;5.710201e-02;7.521512e-02;4.807261e-02;8.898659e-02;6.567030e-02;6.486441e-02;1.379534e-01;1.401883e-01;7.776555e-02
1.106775e-01;1.138429e-01;8.118090e-02;5.503997e-02;6.785715e-02;5.086410e-02;4.244271e-02;9.087957e-02;6.977583e-02;1.319780e-01;9.329088e-02;9.217043e-02
9.849428e-02;1.097069e-01;5.353133e-02;8.566726e-02;6.940279e-02;3.787396e-02;4.958552e-02;7.808798e-02;5.551224e-02;1.392445e-01;1.248811e-01;9.801207e-02
9.141768e-02;1.061500e-01;5.904507e-02;1.163388e-01;7.725229e-02;3.801340e-02;9.247661e-02;6.344857e-02;5.761302e-02;9.874743e-02;1.083119e-01;9.118532e-02
7.256088e-02;8.802026e-02;3.608736e-02;9.387638e-02;7.039895e-02;3.603947e-02;1.465009e-01;8.941175e-02;4.845025e-02;1.116013e-01;1.220579e-01;8.499457e-02
8.702653e-02;8.527540e-02;5.342852e-02;6.387827e-02;5.726094e-02;4.627461e-02;1.794712e-01;8.947443e-02;4.348591e-02;1.128677e-01;1.144568e-01;6.709970e-02
9.955061e-02;6.309427e-02;9.437336e-02;5.066596e-02;5.514722e-02;7.131311e-02;1.611283e-01;6.736623e-02;8.180101e-02;1.130519e-01;9.763914e-02;4.486888e-02
6.764091e-02;4.983612e-02;7.878261e-02;7.072347e-02;8.653157e-02;9.750506e-02;1.185183e-01;6.550685e-02;9.491213e-02;1.096517e-01;1.051664e-01;5.522487e-02
6.381347e-02;5.160210e-02;1.191871e-01;6.188378e-02;5.460362e-02;7.481205e-02;1.591415e-01;7.569651e-02;1.208743e-01;9.675767e-02;7.882736e-02;4.280050e-02
5.602296e-02;4.983095e-02;7.768402e-02;2.813353e-02;6.804495e-02;7.037389e-02;2.359902e-01;1.361209e-01;1.312644e-01;5.840104e-02;5.839811e-02;2.973512e-02
5.128883e-02;5.083032e-02;6.516331e-02;2.126239e-02;7.058322e-02;6.375987e-02;2.293385e-01;1.616859e-01;1.416482e-01;5.216416e-02;6.920213e-02;2.307316e-02
4.665627e-02;4.259410e-02;5.100094e-02;2.307934e-02;7.000563e-02;6.835575e-02;1.784576e-01;1.633839e-01;1.900897e-01;6.858428e-02;7.642854e-02;2.136391e-02
3.604015e-02;3.538013e-02;4.508226e-02;3.446861e-02;7.509495e-02;6.894036e-02;8.208147e-02;1.459645e-01;2.543649e-01;1.180797e-01;7.168462e-02;3.281841e-02
2.409215e-02;6.757905e-02;4.808599e-02;5.727610e-02;7.471932e-02;4.992107e-02;5.614963e-02;1.357669e-01;2.369312e-01;1.304536e-01;5.715161e-02;6.187326e-02
5.285572e-02;6.305298e-02;4.451416e-02;4.641942e-02;3.953212e-02;3.756598e-02;3.826375e-02;1.330979e-01;2.143632e-01;1.387886e-01;8.784748e-02;1.036986e-01
3.872286e-02;5.967830e-02;5.459156e-02;3.317943e-02;4.064993e-02;4.322144e-02;4.398034e-02;1.350202e-01;2.090105e-01;1.371002e-01;7.475051e-02;1.300948e-01
5.480348e-02;5.825332e-02;6.080906e-02;3.760561e-02;4.213460e-02;6.714615e-02;7.235559e-02;1.551720e-01;1.676527e-01;9.826610e-02;7.903618e-02;1.067652e-01
9.603012e-02;5.229397e-02;7.117017e-02;4.944066e-02;2.997355e-02;7.991814e-02;7.639009e-02;1.464093e-01;1.127616e-01;9.777910e-02;1.003171e-01;8.751622e-02
1.199343e-01;3.768836e-02;8.719230e-02;3.585346e-02;3.158477e-02;1.080144e-01;3.644805e-02;7.903791e-02;1.465705e-01;1.018057e-01;1.372614e-01;7.860886e-02
1.348550e-01;3.501047e-02;9.379557e-02;2.727834e-02;2.849554e-02;1.293215e-01;4.208480e-02;5.809517e-02;1.139843e-01;1.169342e-01;1.614610e-01;5.868406e-02
1.071062e-01;3.350250e-02;8.113268e-02;2.024444e-02;1.982470e-02;1.304695e-01;6.799904e-02;8.200438e-02;1.370852e-01;9.130570e-02;1.710376e-01;5.828800e-02
6.947959e-02;3.017611e-02;4.580456e-02;1.205652e-02;1.452206e-02;1.326503e-01;6.439397e-02;6.956668e-02;1.867092e-01;5.459249e-02;2.274380e-01;9.261049e-02
3.641243e-02;2.794483e-02;2.761317e-02;1.979922e-02;1.262235e-02;8.080947e-02;1.475898e-01;5.402861e-02;1.787402e-01;4.515317e-02;2.112070e-01;1.580798e-01
3.178479e-02;3.382101e-02;4.456361e-02;5.353457e-02;1.044112e-02;5.993867e-02;2.339871e-01;4.838028e-02;9.910414e-02;5.113013e-02;1.476264e-01;1.856882e-01
4.288800e-02;3.947786e-02;4.093974e-02;8.631238e-02;2.283999e-02;6.485923e-02;2.966591e-01;5.444259e-02;2.558010e-02;7.034502e-02;9.055363e-02;1.651023e-01
6.681786e-02;4.787028e-02;5.361658e-02;9.440031e-02;4.332436e-02;5.835821e-02;2.804696e-01;7.038509e-02;3.370479e-02;7.630353e-02;7.262973e-02;1.021197e-01
8.609894e-02;6.025732e-02;1.027488e-01;8.700945e-02;5.328493e-02;5.387431e-02;1.933650e-01;6.415365e-02;4.866167e-02;7.151860e-02;8.092909e-02;9.809823e-02
9.743971e-02;3.420079e-02;9.678492e-02;4.189771e-02;3.080932e-02;3.158418e-02;1.214981e-01;4.047601e-02;4.879157e-02;1.062797e-01;1.502736e-01;1.999645e-01
1.215953e-01;3.055690e-02;5.383553e-02;2.891181e-02;1.307910e-02;3.524319e-02;1.011460e-01;3.587782e-02;7.120052e-02;1.227683e-01;2.044068e-01;1.813788e-01
1.150789e-01;3.941161e-02;8.104701e-02;5.753539e-02;1.811251e-02;4.373855e-02;9.127562e-02;5.083489e-02;7.409137e-02;1.073439e-01;2.177521e-01;1.037781e-01
9.179968e-02;3.709434e-02;7.519785e-02;6.830424e-02;3.460163e-02;4.033121e-02;1.107191e-01;4.666992e-02;4.658313e-02;1.042699e-01;2.643304e-01;8.009853e-02
7.495431e-02;3.473529e-02;6.219939e-02;5.826065e-02;7.618004e-02;4.465696e-02;1.029798e-01;5.177014e-02;6.558718e-02;1.464741e-01;2.258903e-01;5.631191e-02
4.403575e-02;3.741493e-02;5.537871e-02;4.292671e-02;1.165827e-01;6.529339e-02;7.832698e-02;8.434869e-02;1.029690e-01;1.406257e-01;1.755614e-01;5.653605e-02
6.299968e-02;2.568659e-02;3.923769e-02;3.317586e-02;1.041324e-01;1.200189e-01;4.442540e-02;8.419257e-02;1.200160e-01;1.365241e-01;1.844104e-01;4.518034e-02
8.965100e-02;2.590888e-02;7.474865e-02;2.964330e-02;6.810039e-02;1.391268e-01;4.176157e-02;5.553490e-02;9.841689e-02;1.139830e-01;1.940981e-01;6.902648e-02
8.984054e-02;5.406399e-02;1.090985e-01;3.677093e-02;8.851670e-02;1.233337e-01;5.895565e-02;3.892769e-02;6.305468e-02;1.173308e-01;1.470637e-01;7.304306e-02
5.999462e-02;5.295136e-02;1.295558e-01;5.691869e-02;1.393015e-01;1.005061e-01;8.041418e-02;3.272603e-02;5.877157e-02;1.288063e-01;1.162232e-01;4.383059e-02
4.643353e-02;3.945239e-02;1.066589e-01;6.313929e-02;1.470044e-01;8.729325e-02;1.017859e-01;4.631905e-02;7.902819e-02;1.178672e-01;1.104026e-01;5.461526e-02
5.305360e-02;6.331331e-02;8.884943e-02;4.696694e-02;1.332136e-01;1.054253e-01;1.234969e-01;4.519597e-02;8.277288e-02;7.799931e-02;8.743273e-02;9.228012e-02
5.536737e-02;8.026478e-02;9.712021e-02;5.467109e-02;1.020171e-01;7.370427e-02;1.278419e-01;5.920625e-02;7.867525e-02;6.943307e-02;9.457985e-02;1.071190e-01
7.177556e-02;5.597791e-02;1.000960e-01;5.062290e-02;6.218996e-02;7.091537e-02;1.297831e-01;4.617094e-02;1.022373e-01;9.483697e-02;1.130878e-01;1.023062e-01
5.923519e-02;7.213954e-02;7.011681e-02;6.383496e-02;8.484722e-02;6.763064e-02;7.504124e-02;8.694925e-02;7.524816e-02;1.138360e-01;9.797363e-02;1.331474e-01
7.765167e-02;9.881708e-02;5.851136e-02;7.954279e-02;8.366929e-02;1.048049e-01;7.080619e-02;8.827889e-02;3.257656e-02;1.083497e-01;6.384807e-02;1.331435e-01
1.014016e-01;9.338058e-02;7.455069e-02;6.460351e-02;7.582650e-02;9.696181e-02;8.346750e-02;7.287791e-02;5.128238e-02;9.436821e-02;7.363881e-02;1.176405e-01
1.044114e-01;9.730945e-02;8.596919e-02;4.951253e-02;7.882611e-02;7.044116e-02;7.713977e-02;6.704740e-02;6.120044e-02;8.555126e-02;9.099122e-02;1.316001e-01
7.494368e-02;7.607517e-02;8.224461e-02;8.522599e-02;1.118166e-01;1.008045e-01;1.005700e-01;5.308321e-02;5.884457e-02;8.887861e-02;8.070952e-02;8.680363e-02
7.211699e-02;8.093030e-02;1.377317e-01;1.272316e-01;1.207760e-01;1.075637e-01;1.081723e-01;6.931684e-02;3.815750e-02;6.508578e-02;4.417236e-02;2.874497e-02
9.590539e-02;4.169140e-02;1.620176e-01;1.120493e-01;8.777109e-02;5.560714e-02;8.926503e-02;6.512833e-02;6.642008e-02;8.917841e-02;7.428317e-02;6.068313e-02
8.809166e-02;5.118025e-02;1.012332e-01;7.718239e-02;7.197790e-02;7.821985e-02;1.101199e-01;6.650550e-02;8.949640e-02;8.707226e-02;8.631503e-02;9.260564e-02
7.913002e-02;6.870429e-02;9.452107e-02;1.043235e-01;7.626155e-02;6.768318e-02;1.025588e-01;6.370987e-02;8.259953e-02;8.414868e-02;7.460508e-02;1.017544e-01
9.398219e-02;9.704026e-02;1.281673e-01;1.479277e-01;6.275348e-02;3.544547e-02;7.962189e-02;6.018807e-02;7.232065e-02;8.053949e-02;4.858451e-02;9.342907e-02
1.700558e-01;7.037728e-02;1.335781e-01;9.603138e-02;3.817239e-02;4.086720e-02;7.951198e-02;4.095093e-02;4.174050e-02;6.533165e-02;1.270797e-01;9.630305e-02
1.522285e-01;3.041095e-02;9.388146e-02;3.347777e-02;1.952440e-02;5.276915e-02;6.562028e-02;3.000329e-02;2.728700e-02;7.734022e-02;2.751672e-01;1.422897e-01
1.090836e-01;1.752431e-02;5.625524e-02;7.431036e-03;1.263811e-02;7.664395e-02;6.749701e-02;1.918898e-02;2.456526e-02;8.668636e-02;4.165213e-01;1.059648e-01
5.474536e-02;2.364258e-02;4.389050e-02;1.098780e-02;1.692212e-02;9.941367e-02;6.375068e-02;1.038978e-02;1.929426e-02;1.446552e-01;4.401539e-01;7.215412e-02
3.323371e-02;2.599045e-02;2.101197e-02;1.712678e-02;2.221547e-02;1.198565e-01;3.465860e-02;9.130490e-03;2.949420e-02;2.364272e-01;4.002828e-01;5.057186e-02
3.221184e-02;1.776150e-02;4.409771e-02;1.749148e-02;3.234715e-02;1.389136e-01;1.977469e-02;9.337182e-03;4.826636e-02;2.574527e-01;3.480597e-01;3.428609e-02
4.200422e-02;2.101729e-02;5.577949e-02;1.476561e-02;3.938585e-02;1.860308e-01;2.590885e-02;9.242058e-03;4.197614e-02;1.901570e-01;3.215565e-01;5.217622e-02
4.427778e-02;1.204867e-02;7.852493e-02;1.026127e-02;4.032398e-02;2.286117e-01;3.202207e-02;6.084175e-03;2.345658e-02;1.459110e-01;3.150352e-01;6.344271e-02
4.289713e-02;1.098267e-02;7.609510e-02;1.340077e-02;3.824990e-02;2.578326e-01;2.669118e-02;9.036385e-03;1.766070e-02;1.369159e-01;3.252831e-01;4.495465e-02
3.714905e-02;9.051167e-03;9.414677e-02;9.751342e-03;2.905192e-02;2.669285e-01;5.306382e-02;9.081410e-03;2.892826e-02;1.272732e-01;2.995922e-01;3.598235e-02
4.586446e-02;8.330931e-03;9.739192e-02;1.275121e-02;3.052468e-02;2.170935e-01;1.168224e-01;1.087358e-02;3.875216e-02;1.219359e-01;2.224291e-01;7.723021e-02
7.226954e-02;1.687578e-02;5.867237e-02;2.728578e-02;2.592642e-02;1.332894e-01;2.206910e-01;1.728323e-02;2.903942e-02;8.592181e-02;1.772449e-01;1.355003e-01
1.184879e-01;2.589043e-02;2.901099e-02;4.112437e-02;1.547994e-02;7.557706e-02;3.066185e-01;3.354973e-02;1.470688e-02;5.148228e-02;1.125216e-01;1.755503e-01
1.866000e-01;3.664257e-02;4.629720e-02;4.699798e-02;1.016997e-02;4.949686e-02;2.808391e-01;6.645398e-02;8.627908e-03;4.309104e-02;6.424111e-02;1.605423e-01
2.626517e-01;4.898860e-02;7.292475e-02;3.468805e-02;1.626838e-02;3.788389e-02;1.716698e-01;1.175306e-01;1.487771e-02;4.065207e-02;6.659377e-02;1.152706e-01
2.755009e-01;6.329975e-02;8.900690e-02;2.442291e-02;2.354797e-02;4.477480e-02;8.498072e-02;1.547870e-01;2.595011e-02;4.549009e-02;6.008178e-02;1.081571e-01
1.668694e-01;6.663617e-02;1.252582e-01;3.184012e-02;2.814704e-02;7.618902e-02;4.660815e-02;1.730416e-01;4.875923e-02;7.062295e-02;5.727211e-02;1.087560e-01
1.053803e-01;3.886791e-02;1.701944e-01;6.193976e-02;2.593328e-02;8.254417e-02;6.897514e-02;1.406149e-01;2.510756e-02;9.260404e-02;5.320885e-02;1.346297e-01
1.958915e-01;2.919315e-02;1.011561e-01;9.398300e-02;1.522479e-02;5.934625e-02;8.993052e-02;9.166441e-02;1.698698e-02;9.437201e-02;4.484232e-02;1.674089e-01
2.288695e-01;4.449251e-02;4.529348e-02;1.406796e-01;1.218469e-02;3.450192e-02;1.008811e-01;5.613045e-02;9.537441e-03;7.229789e-02;4.289592e-02;2.122356e-01
1.884400e-01;5.157818e-02;3.591185e-02;1.840997e-01;2.144916e-02;3.131052e-02;1.172848e-01;2.548368e-02;1.147652e-02;5.013305e-02;4.289730e-02;2.399352e-01
1.037752e-01;5.646525e-02;6.644128e-02;1.618124e-01;5.610285e-02;7.043102e-02;1.662716e-01;4.171475e-02;2.679466e-02;4.852474e-02;6.584960e-02;1.358168e-01
5.829088e-02;3.733174e-02;8.752535e-02;8.133916e-02;6.010976e-02;8.956312e-02;2.717724e-01;8.484515e-02;4.590552e-02;5.798863e-02;6.138690e-02;6.394133e-02
3.504337e-02;2.211242e-02;5.044815e-02;5.339357e-02;4.099483e-02;6.228254e-02;2.919818e-01;1.016579e-01;9.566454e-02;6.385530e-02;6.366877e-02;1.188968e-01
2.740183e-02;1.249891e-02;5.992518e-02;4.176994e-02;1.971550e-02;6.787236e-02;1.872493e-01;6.976205e-02;1.895734e-01;7.103456e-02;1.417722e-01;1.114248e-01
3.802267e-02;7.235593e-03;7.719024e-02;2.170820e-02;1.169469e-02;1.083757e-01;6.538380e-02;3.411470e-02;2.142842e-01;5.413723e-02;2.962578e-01;7.159517e-02
4.280197e-02;1.821055e-02;4.829581e-02;1.593146e-02;1.853337e-02;1.266665e-01;3.136750e-02;4.781743e-02;1.270468e-01;5.760538e-02;4.186300e-01;4.709319e-02
2.287157e-02;4.066851e-02;2.904848e-02;3.245538e-02;2.252173e-02;9.327987e-02;3.959908e-02;1.397509e-01;6.298807e-02;9.344025e-02;3.881336e-01;3.524252e-02
1.722283e-02;7.629674e-02;2.268052e-02;5.097548e-02;5.284366e-02;5.241308e-02;2.869892e-02;2.190696e-01;6.132219e-02;1.712476e-01;1.945187e-01;5.271062e-02
1.400980e-02;9.555243e-02;1.465699e-02;3.266502e-02;1.032777e-01;2.524190e-02;1.539490e-02;2.072176e-01;6.638435e-02;2.596771e-01;6.438001e-02;1.015422e-01
4.094329e-02;7.418761e-02;1.629473e-02;4.163862e-02;1.154208e-01;1.504489e-02;3.398244e-02;1.318846e-01;1.189834e-01;2.572077e-01;5.465681e-02;9.975514e-02
8.219008e-02;3.033350e-02;3.517735e-02;8.676524e-02;8.747461e-02;2.331273e-02;6.376150e-02;9.050932e-02;2.074903e-01;1.281876e-01;9.773312e-02;6.706457e-02
6.320623e-02;2.659358e-02;6.239819e-02;7.319952e-02;6.353268e-02;2.849128e-02;8.208975e-02;1.010499e-01;1.780006e-01;8.252002e-02;1.413677e-01;9.755064e-02
6.732837e-02;3.972743e-02;6.965379e-02;4.942409e-02;6.308123e-02;2.887407e-02;1.231638e-01;8.330420e-02;1.127992e-01;8.794150e-02;1.474540e-01;1.272483e-01
8.995478e-02;2.417142e-02;7.922424e-02;5.951270e-02;5.401669e-02;4.831383e-02;1.062738e-01;1.071247e-01;1.355047e-01;1.222938e-01;9.885471e-02;7.475458e-02
6.346098e-02;1.440935e-02;1.086261e-01;4.550395e-02;5.842427e-02;4.180436e-02;8.124592e-02;8.291749e-02;2.157482e-01;1.178521e-01;1.007973e-01;6.920996e-02
3.025953e-02;9.940296e-03;1.376470e-01;3.535381e-02;6.667467e-02;2.108302e-02;8.204178e-02;4.606066e-02;2.990728e-01;5.344307e-02;8.365596e-02;1.347674e-01
2.998649e-02;1.504867e-02;1.622256e-01;2.621765e-02;7.678471e-02;2.030486e-02;6.688913e-02;4.281238e-02;3.180181e-01;2.290772e-02;5.723248e-02;1.615722e-01
3.951237e-02;1.771783e-02;1.906575e-01;1.644942e-02;6.822349e-02;2.275821e-02;6.565164e-02;2.941009e-02;2.653512e-01;4.717092e-02;9.872398e-02;1.383733e-01
1.023838e-01;2.115024e-02;1.463436e-01;3.710239e-02;4.381010e-02;5.393016e-02;5.845821e-02;8.594374e-02;1.585047e-01;1.027381e-01;1.028418e-01;8.679309e-02
1.385957e-01;3.435853e-02;6.454302e-02;8.946165e-02;2.311825e-02;7.399184e-02;5.469393e-02;1.282283e-01;8.299503e-02;1.891960e-01;5.864771e-02;6.217008e-02
1.058632e-01;5.883459e-02;2.152230e-02;1.024059e-01;2.499780e-02;5.919824e-02;1.033595e-01;9.000935e-02;1.185206e-01;1.906628e-01;7.288413e-02;5.174151e-02
6.004495e-02;8.411737e-02;3.546477e-02;5.803757e-02;6.889603e-02;3.392665e-02;1.523365e-01;4.177081e-02;1.702965e-01;9.963287e-02;1.614804e-01;3.399555e-02
3.178025e-02;6.850950e-02;5.320530e-02;2.675702e-02;1.001949e-01;2.536743e-02;1.402669e-01;6.336094e-02;1.569806e-01;9.524386e-02;1.841211e-01;5.421216e-02
1.724784e-02;3.163523e-02;1.008645e-01;1.476341e-02;7.367685e-02;4.591893e-02;8.216368e-02;1.270331e-01;7.238106e-02;1.727397e-01;1.184525e-01;1.431233e-01
1.688951e-02;2.134376e-02;1.237572e-01;1.014172e-02;2.496849e-02;8.743693e-02;3.661423e-02;1.631637e-01;4.467878e-02;1.914760e-01;6.932366e-02;2.102060e-01
3.139889e-02;2.751459e-02;1.045897e-01;4.545861e-02;1.061389e-02;1.133634e-01;2.633117e-02;1.389934e-01;9.100930e-02;1.389010e-01;7.483697e-02;1.969892e-01
9.410671e-02;2.698608e-02;4.432561e-02;9.916127e-02;1.181451e-02;7.441873e-02;4.431477e-02;6.782956e-02;1.934040e-01;8.295220e-02;1.600143e-01;1.006722e-01
1.415319e-01;1.518338e-02;2.130447e-02;1.128827e-01;1.132358e-02;2.602901e-02;6.988275e-02;3.494582e-02;2.731380e-01;4.006242e-02;1.942727e-01;5.944325e-02
1.652137e-01;8.685006e-03;1.507236e-02;1.014157e-01;1.106974e-02;1.934120e-02;1.145099e-01;4.308769e-02;2.892110e-01;3.315924e-02;1.677017e-01;3.153267e-02
1.987371e-01;1.224142e-02;2.637332e-02;8.980081e-02;1.981383e-02;1.883345e-02;1.819689e-01;3.565770e-02;2.500354e-01;4.392752e-02;1.083777e-01;1.423292e-02
2.306041e-01;1.862311e-02;2.919339e-02;6.736547e-02;2.828022e-02;1.733492e-02;2.316329e-01;3.136909e-02;2.108067e-01;5.809776e-02;6.702273e-02;9.669634e-03
2.267185e-01;1.458616e-02;3.108063e-02;5.682667e-02;2.325834e-02;1.498382e-02;2.323341e-01;2.774130e-02;2.518394e-01;7.111191e-02;4.395377e-02;5.565493e-03
2.311155e-01;2.237993e-02;3.590721e-02;4.574738e-02;3.512681e-02;1.733185e-02;2.234502e-01;2.364977e-02;2.189211e-01;8.143956e-02;5.099025e-02;1.394035e-02
2.254358e-01;3.274838e-02;3.348360e-02;3.326988e-02;3.216804e-02;2.252214e-02;2.018526e-01;2.257026e-02;2.245335e-01;1.189665e-01;3.604336e-02;1.640599e-02
2.391065e-01;1.753603e-02;2.596716e-02;5.309168e-02;1.828852e-02;1.078833e-02;1.926331e-01;2.496567e-02;2.809346e-01;7.417204e-02;3.843907e-02;2.407730e-02
2.587969e-01;1.292901e-02;1.685983e-02;5.101187e-02;1.577394e-02;7.015232e-03;1.917453e-01;1.810937e-02;2.995389e-01;6.018616e-02;5.573444e-02;1.229905e-02
2.623319e-01;1.550702e-02;1.603215e-02;4.880758e-02;1.693689e-02;5.597795e-03;1.850315e-01;1.885755e-02;3.009978e-01;7.363039e-02;4.779397e-02;8.475383e-03
2.784905e-01;1.309448e-02;1.731356e-02;4.408895e-02;2.056233e-02;5.969752e-03;1.791496e-01;2.077474e-02;3.099542e-01;6.462441e-02;3.630380e-02;9.673663e-03
2.777457e-01;1.394307e-02;1.436920e-02;4.835289e-02;1.982826e-02;8.210525e-03;1.435357e-01;3.362036e-02;3.165825e-01;6.327725e-02;4.810236e-02;1.243210e-02
2.385805e-01;1.043170e-02;1.330771e-02;6.342219e-02;1.526103e-02;6.819190e-03;1.031143e-01;4.527682e-02;3.606019e-01;6.848215e-02;6.117698e-02;1.352558e-02
1.878082e-01;6.405648e-03;1.275439e-02;8.207173e-02;1.157225e-02;9.390372e-03;6.912901e-02;4.899243e-02;3.849674e-01;5.037863e-02;1.257055e-01;1.082440e-02
1.195288e-01;7.398209e-03;3.595396e-02;9.107476e-02;1.205316e-02;3.003907e-02;4.591716e-02;8.392178e-02;3.539712e-01;2.729389e-02;1.656570e-01;2.719108e-02
3.878773e-02;1.663221e-02;8.366828e-02;6.105154e-02;1.393703e-02;6.672160e-02;5.929684e-02;1.746597e-01;2.307616e-01;7.472137e-02;1.143203e-01;6.544180e-02
2.816145e-02;2.228399e-02;1.080281e-01;1.765111e-02;2.339160e-02;6.309679e-02;1.164725e-01;2.396332e-01;1.102898e-01;1.572850e-01;4.270468e-02;7.100176e-02
3.698850e-02;4.685324e-02;9.160140e-02;1.637131e-02;4.198565e-02;4.351846e-02;2.097370e-01;1.862201e-01;8.776134e-02;1.574145e-01;4.005286e-02;4.149573e-02
7.890017e-02;7.394802e-02;6.057842e-02;3.050875e-02;5.599975e-02;5.975889e-02;2.547789e-01;1.087528e-01;1.372700e-01;6.723934e-02;4.535907e-02;2.690591e-02
1.196791e-01;7.166112e-02;2.139409e-02;4.011139e-02;6.335200e-02;1.000460e-01;1.888956e-01;9.904105e-02;1.197963e-01;8.850347e-02;4.230034e-02;4.521939e-02
1.290368e-01;4.574101e-02;7.073723e-02;5.474740e-02;7.169647e-02;1.037493e-01;1.373152e-01;9.685866e-02;9.726680e-02;8.528872e-02;4.923105e-02;5.833137e-02
1.106979e-01;4.097947e-02;1.283689e-01;5.698306e-02;7.346416e-02;5.972881e-02;1.411304e-01;1.066927e-01;8.842298e-02;8.978725e-02;5.575117e-02;4.799313e-02
6.322713e-02;5.507038e-02;2.017572e-01;4.577490e-02;5.041670e-02;4.208263e-02;1.770424e-01;1.039791e-01;9.210216e-02;7.946274e-02;6.047738e-02;2.860737e-02
4.452463e-02;6.129251e-02;1.976805e-01;3.716698e-02;4.598296e-02;6.730707e-02;1.203762e-01;1.459087e-01;1.227556e-01;6.682731e-02;6.392574e-02;2.625178e-02
7.945970e-02;7.614547e-02;1.599371e-01;4.069873e-02;4.741486e-02;6.793568e-02;1.411979e-01;1.437955e-01;1.071700e-01;6.871835e-02;4.273833e-02;2.478833e-02
8.762641e-02;6.405656e-02;1.151843e-01;5.109833e-02;5.317031e-02;7.349009e-02;2.285777e-01;1.006010e-01;8.353956e-02;7.446545e-02;4.101892e-02;2.717132e-02
8.471045e-02;6.139876e-02;9.915429e-02;4.704638e-02;6.108488e-02;6.106048e-02;2.051059e-01;9.436912e-02;6.889946e-02;1.319146e-01;5.839786e-02;2.685781e-02
1.280884e-01;9.353328e-02;1.070072e-01;5.243645e-02;6.644588e-02;4.408184e-02;9.738364e-02;1.054384e-01;1.302904e-01;9.353881e-02;5.016404e-02;3.159170e-02
1.203161e-01;7.937610e-02;9.077135e-02;3.761823e-02;4.416932e-02;3.638709e-02;1.638001e-01;1.103460e-01;1.571955e-01;8.058600e-02;4.603079e-02;3.340347e-02
9.449510e-02;4.843758e-02;9.540088e-02;4.453483e-02;2.976376e-02;6.417322e-02;2.910188e-01;7.395135e-02;1.267649e-01;6.432536e-02;3.125660e-02;3.587766e-02
6.399487e-02;3.264706e-02;9.683316e-02;4.688255e-02;3.945680e-02;8.656248e-02;3.695065e-01;4.912488e-02;7.003697e-02;6.011823e-02;4.720251e-02;3.763399e-02
6.042362e-02;2.742918e-02;1.133838e-01;3.112791e-02;5.478588e-02;1.077017e-01;3.590524e-01;4.773160e-02;5.429585e-02;4.660906e-02;5.412917e-02;4.332985e-02
6.915840e-02;2.730292e-02;6.958015e-02;3.713648e-02;6.084106e-02;1.071983e-01;3.623710e-01;4.000232e-02;4.881642e-02;4.529984e-02;6.887855e-02;6.341460e-02
7.075219e-02;3.689924e-02;7.592890e-02;4.463016e-02;8.986448e-02;9.026685e-02;3.038744e-01;4.907478e-02;3.992620e-02;6.171963e-02;8.039039e-02;5.667272e-02
4.430325e-02;4.382622e-02;8.233978e-02;6.950401e-02;9.027362e-02;9.338137e-02;2.622872e-01;3.773367e-02;6.694669e-02;7.911625e-02;7.546678e-02;5.482119e-02
2.960741e-02;4.259197e-02;8.631477e-02;5.764993e-02;1.082347e-01;6.242971e-02;2.400818e-01;3.716460e-02;9.734488e-02;9.166909e-02;8.330227e-02;6.360890e-02
3.647147e-02;3.358869e-02;9.066897e-02;5.045384e-02;1.004736e-01;7.901484e-02;2.185711e-01;4.967567e-02;1.092586e-01;1.037794e-01;6.803848e-02;6.000528e-02
5.527613e-02;3.135752e-02;8.894033e-02;5.401463e-02;7.860088e-02;8.911096e-02;1.707482e-01;4.483796e-02;1.815824e-01;9.914746e-02;6.813281e-02;3.825063e-02
5.500874e-02;2.951711e-02;9.463476e-02;6.031488e-02;5.399747e-02;5.896231e-02;1.180846e-01;6.775010e-02;2.256059e-01;1.470792e-01;5.093190e-02;3.811298e-02
4.767317e-02;2.749829e-02;9.717590e-02;5.630348e-02;4.546181e-02;4.437326e-02;8.951045e-02;6.565161e-02;2.110381e-01;2.098772e-01;4.437969e-02;6.105712e-02
4.862224e-02;3.723171e-02;1.073885e-01;3.888308e-02;4.470285e-02;3.559830e-02;7.941186e-02;8.794276e-02;1.464289e-01;2.555060e-01;5.712385e-02;6.115992e-02
5.955950e-02;3.595460e-02;8.089586e-02;3.440098e-02;4.751255e-02;4.694818e-02;7.554071e-02;1.083756e-01;8.526071e-02;2.640684e-01;1.264504e-01;3.503247e-02
6.954999e-02;2.407180e-02;6.681979e-02;4.795573e-02;5.777577e-02;5.053592e-02;7.883210e-02;7.108742e-02;9.932099e-02;2.256149e-01;1.551517e-01;5.328394e-02
7.233821e-02;2.810977e-02;8.084273e-02;6.744099e-02;6.594500e-02;4.889525e-02;7.476106e-02;4.504998e-02;1.300765e-01;1.589835e-01;1.216827e-01;1.058743e-01
5.446388e-02;5.366558e-02;7.708957e-02;5.100932e-02;6.564916e-02;5.987291e-02;1.465222e-01;5.108165e-02;1.287439e-01;1.528451e-01;7.180780e-02;8.724893e-02
