2.689004e-02;1.842218e-01;2.956325e-01;3.520850e-02;2.782351e-02;8.866429e-02;1.857060e-02;2.214718e-01;4.094611e-02;2.240139e-02;1.012403e-02;2.804547e-02
3.766889e-02;1.587405e-01;2.162001e-01;6.140108e-02;3.241238e-02;1.043588e-01;5.244489e-02;1.794549e-01;7.483499e-02;2.123177e-02;2.543899e-02;3.581264e-02
5.723757e-02;1.419447e-01;1.778026e-01;6.364091e-02;5.041953e-02;1.148676e-01;1.163805e-01;9.888672e-02;6.495731e-02;3.358935e-02;3.642514e-02;4.384813e-02
5.719333e-02;1.212490e-01;1.813149e-01;3.570602e-02;4.797620e-02;1.336913e-01;1.418843e-01;8.942728e-02;7.959462e-02;5.363470e-02;2.709453e-02;3.123374e-02
5.194237e-02;1.110499e-01;1.863473e-01;4.821073e-02;4.493408e-02;1.070114e-01;1.138068e-01;1.213078e-01;8.262052e-02;7.397738e-02;3.320681e-02;2.558488e-02
4.826549e-02;7.755515e-02;1.563247e-01;7.914824e-02;4.505122e-02;1.307326e-01;9.430495e-02;1.096079e-01;7.064995e-02;7.903555e-02;6.252632e-02;4.679793e-02
4.181744e-02;6.784435e-02;1.397168e-01;1.314596e-01;5.969967e-02;1.135655e-01;1.192398e-01;7.471789e-02;7.476000e-02;6.132956e-02;6.108701e-02;5.476242e-02
3.248180e-02;9.431125e-02;1.596479e-01;1.403106e-01;7.619610e-02;8.711875e-02;1.054094e-01;8.978217e-02;7.200737e-02;5.507750e-02;4.361837e-02;4.403888e-02
5.432114e-02;1.101378e-01;1.387195e-01;9.525417e-02;1.151914e-01;1.013093e-01;1.089682e-01;8.557415e-02;5.472272e-02;6.457350e-02;2.920187e-02;4.202618e-02
4.045627e-02;7.931866e-02;1.295412e-01;8.454105e-02;9.443805e-02;9.981701e-02;1.530901e-01;1.124239e-01;5.723203e-02;6.901648e-02;3.658049e-02;4.354465e-02
2.789281e-02;7.659402e-02;1.283897e-01;7.110645e-02;8.263542e-02;1.122144e-01;1.422528e-01;1.059948e-01;8.408408e-02;6.788909e-02;4.935100e-02;5.159535e-02
3.066749e-02;8.629923e-02;1.062176e-01;5.784121e-02;3.325666e-02;1.178391e-01;9.172026e-02;1.887752e-01;1.191429e-01;4.188972e-02;6.753672e-02;5.881403e-02
1.878051e-02;6.047133e-02;9.503956e-02;1.113663e-01;1.853473e-02;1.063758e-01;4.770515e-02;2.481929e-01;1.483104e-01;4.220371e-02;5.464311e-02;4.837658e-02
1.024973e-02;3.288335e-02;1.565503e-01;1.455057e-01;1.927640e-02;8.097937e-02;2.647479e-02;2.651874e-01;1.472292e-01;3.429823e-02;2.694176e-02;5.442373e-02
1.776334e-02;1.653945e-02;2.610178e-01;1.249466e-01;1.636927e-02;5.447435e-02;2.195963e-02;2.765583e-01;1.049431e-01;2.347390e-02;1.009794e-02;7.185634e-02
1.852599e-02;2.738891e-02;3.886007e-01;5.911291e-02;1.008778e-02;4.297349e-02;2.354979e-02;2.904741e-01;5.843787e-02;1.374189e-02;7.802145e-03;5.930443e-02
1.782376e-02;5.044411e-02;4.421649e-01;2.735343e-02;1.607836e-02;2.974374e-02;4.376506e-02;2.794242e-01;2.724370e-02;1.334171e-02;1.976370e-02;3.285337e-02
1.752840e-02;1.336353e-01;3.708273e-01;1.762412e-02;1.789159e-02;3.165955e-02;6.828544e-02;2.501932e-01;1.495074e-02;2.025552e-02;3.533318e-02;2.181564e-02
2.111879e-02;2.105895e-01;2.444115e-01;1.520024e-02;1.556453e-02;5.988497e-02;7.847208e-02;2.430680e-01;3.021107e-02;1.861103e-02;3.714495e-02;2.572340e-02
3.468069e-02;1.895292e-01;2.315559e-01;1.594497e-02;1.737261e-02;1.019731e-01;8.114073e-02;2.004916e-01;3.763621e-02;2.153085e-02;3.760876e-02;3.053537e-02
3.163112e-02;1.410419e-01;2.864569e-01;4.222672e-02;2.347566e-02;1.223255e-01;8.487710e-02;1.386565e-01;5.216074e-02;1.795833e-02;3.084209e-02;2.834741e-02
1.416383e-02;7.477119e-02;3.759048e-01;5.377696e-02;1.503756e-02;6.922242e-02;6.752177e-02;1.691220e-01;6.927098e-02;1.775868e-02;3.513667e-02;3.831322e-02
4.437498e-02;8.926976e-02;3.790110e-01;2.892244e-02;2.062054e-02;4.478848e-02;3.802549e-02;1.991595e-01;7.851850e-02;2.339232e-02;2.792966e-02;2.598728e-02
3.020789e-02;8.616885e-02;3.907090e-01;3.942927e-02;1.493193e-02;4.900799e-02;3.760009e-02;1.923472e-01;8.723684e-02;3.347556e-02;2.243360e-02;1.645177e-02
5.469612e-02;1.214343e-01;2.832412e-01;4.999159e-02;2.816142e-02;9.237137e-02;6.457056e-02;1.579333e-01;7.345940e-02;3.307964e-02;2.156246e-02;1.949867e-02
1.072954e-01;7.440563e-02;8.958533e-02;3.399460e-02;3.687907e-02;1.767558e-01;2.224861e-01;1.460046e-01;3.813580e-02;2.503764e-02;2.865547e-02;2.076452e-02
1.165894e-01;7.067233e-02;5.990919e-02;3.713179e-02;1.817793e-02;2.109942e-01;2.925528e-01;1.128111e-01;1.874240e-02;4.344027e-02;1.491492e-02;4.063687e-03
1.438873e-01;5.244229e-02;4.391874e-02;2.810572e-02;7.978336e-03;2.773260e-01;2.694289e-01;7.938748e-02;1.712976e-02;7.167906e-02;5.268168e-03;3.448157e-03
1.858045e-01;2.023748e-02;4.115212e-02;1.934591e-02;8.265092e-03;3.576497e-01;1.726407e-01;5.689666e-02;1.786679e-02;1.124308e-01;4.158613e-03;3.551557e-03
1.966666e-01;1.705044e-02;4.750490e-02;1.288953e-02;2.713465e-02;3.953736e-01;7.492632e-02;5.592043e-02;1.415486e-02;1.455792e-01;3.928791e-03;8.870665e-03
1.558512e-01;3.161661e-02;6.910285e-02;3.802504e-02;7.983345e-02;3.304810e-01;4.601142e-02;4.672796e-02;2.418415e-02;1.450662e-01;6.495558e-03;2.660459e-02
1.010825e-01;6.436844e-02;1.153939e-01;7.432470e-02;1.190490e-01;2.262557e-01;4.711446e-02;4.964124e-02;4.435171e-02;1.010936e-01;1.012952e-02;4.719536e-02
7.618459e-02;9.857823e-02;1.250542e-01;9.458532e-02;9.581558e-02;1.894826e-01;5.877618e-02;8.802935e-02;5.697291e-02;5.878328e-02;1.649516e-02;4.124262e-02
9.950040e-02;1.796252e-01;2.222143e-01;6.510133e-02;2.992561e-02;1.218855e-01;7.080036e-02;1.086780e-01;4.179389e-02;3.083476e-02;1.191621e-02;1.772451e-02
1.152620e-01;2.068122e-01;2.713237e-01;3.702088e-02;1.226379e-02;1.052152e-01;7.526480e-02;8.130556e-02;2.752531e-02;4.590230e-02;1.181662e-02;1.028755e-02
1.035689e-01;1.916159e-01;1.997835e-01;5.016971e-02;4.384984e-02;1.597876e-01;8.394968e-02;5.866948e-02;1.623758e-02;6.533083e-02;1.138022e-02;1.565672e-02
6.508790e-02;1.337225e-01;2.236843e-01;5.194153e-02;8.093731e-02;1.585356e-01;1.024061e-01;3.678264e-02;1.480853e-02;6.417087e-02;4.899460e-02;1.892822e-02
3.718290e-02;4.940168e-02;1.387512e-01;9.647177e-02;1.136186e-01;1.834005e-01;8.998246e-02;5.768212e-02;2.156660e-02;5.409579e-02;1.201880e-01;3.765834e-02
3.196087e-02;3.376055e-02;5.910244e-02;1.236046e-01;1.198136e-01;1.822329e-01;8.583454e-02;7.922734e-02;2.193468e-02;3.835699e-02;1.712437e-01;5.292781e-02
3.515394e-02;3.399998e-02;2.541940e-02;1.362170e-01;8.896022e-02;1.555173e-01;8.540428e-02;1.181748e-01;1.822709e-02;1.854042e-02;2.406664e-01;4.371927e-02
2.869747e-02;4.091152e-02;5.033794e-02;1.469129e-01;4.486967e-02;9.347160e-02;4.995371e-02;1.279944e-01;1.267586e-02;1.075291e-02;3.495529e-01;4.386914e-02
2.024996e-02;4.050178e-02;8.517686e-02;1.592617e-01;2.311890e-02;4.278803e-02;1.595156e-02;1.201062e-01;1.148888e-02;3.368792e-02;4.306373e-01;1.703092e-02
1.590319e-02;4.368803e-02;1.299846e-01;1.501778e-01;4.209420e-02;7.186660e-02;2.417482e-02;6.404832e-02;1.058647e-02;7.126630e-02;3.642797e-01;1.192993e-02
4.020453e-02;3.959255e-02;1.642348e-01;9.976923e-02;6.566148e-02;8.000697e-02;5.031685e-02;4.579200e-02;1.879913e-02;1.279956e-01;2.415038e-01;2.612310e-02
6.145818e-02;6.011720e-02;2.061424e-01;6.907700e-02;5.290973e-02;5.157647e-02;7.791666e-02;5.490703e-02;2.073869e-02;1.823606e-01;1.418008e-01;2.099518e-02
7.451887e-02;1.040632e-01;2.289170e-01;7.829720e-02;3.593813e-02;7.278486e-02;1.000399e-01;3.792257e-02;2.732661e-02;1.767862e-01;4.928072e-02;1.412473e-02
6.924185e-02;1.334290e-01;2.187504e-01;9.020416e-02;3.264339e-02;1.088773e-01;9.159439e-02;3.227500e-02;2.442872e-02;1.271623e-01;5.922787e-02;1.216554e-02
6.144410e-02;1.271855e-01;2.943771e-01;5.981038e-02;5.873219e-02;6.246084e-02;6.710180e-02;4.862362e-02;2.120900e-02;9.762420e-02;8.911469e-02;1.231653e-02
7.138196e-02;1.520749e-01;3.283680e-01;5.607685e-02;5.600124e-02;4.579890e-02;5.853144e-02;5.233502e-02;1.731569e-02;9.985112e-02;5.349141e-02;8.773493e-03
7.324954e-02;1.564366e-01;2.958318e-01;7.462513e-02;5.946578e-02;6.848931e-02;7.571409e-02;5.094396e-02;1.162564e-02;7.903410e-02;4.603177e-02;8.552279e-03
6.370419e-02;1.509039e-01;2.765092e-01;5.758972e-02;7.720711e-02;1.057768e-01;7.130243e-02;6.232972e-02;1.916530e-02;3.057381e-02;6.691568e-02;1.802206e-02
4.585356e-02;1.377561e-01;2.801456e-01;2.319731e-02;7.075929e-02;8.617397e-02;3.232490e-02;6.894830e-02;4.143389e-02;1.108523e-01;8.509336e-02;1.746138e-02
3.308211e-02;1.268525e-01;2.898173e-01;4.164859e-02;5.058007e-02;5.350020e-02;2.030302e-02;6.049944e-02;7.120751e-02;1.877790e-01;4.751005e-02;1.722023e-02
2.959257e-02;1.391078e-01;3.185320e-01;3.889834e-02;2.661378e-02;4.824013e-02;5.663234e-02;3.115777e-02;5.097906e-02;2.158796e-01;3.251797e-02;1.184864e-02
3.259020e-02;1.063112e-01;3.318480e-01;2.486826e-02;2.615066e-02;3.913602e-02;9.380187e-02;2.518012e-02;2.354972e-02;2.438457e-01;4.086403e-02;1.185422e-02
4.107688e-02;6.979587e-02;3.181539e-01;3.662354e-02;2.789278e-02;3.731620e-02;1.077248e-01;3.197102e-02;1.502731e-02;2.518030e-01;4.621167e-02;1.640311e-02
6.383974e-02;5.124775e-02;3.389199e-01;3.068030e-02;1.788048e-02;5.435441e-02;1.065933e-01;3.251381e-02;2.750293e-02;2.417728e-01;1.987230e-02;1.482218e-02
8.102440e-02;4.505955e-02;3.219970e-01;5.826609e-02;2.327143e-02;6.921549e-02;7.211514e-02;2.051244e-02;5.655036e-02;1.604371e-01;7.697903e-02;1.457207e-02
6.416938e-02;4.777504e-02;3.050341e-01;1.493981e-01;2.527133e-02;8.291797e-02;4.391795e-02;2.587201e-02;1.011000e-01;8.332609e-02;5.756481e-02;1.365333e-02
3.070190e-02;6.369635e-02;2.952415e-01;2.203675e-01;1.784402e-02;1.129279e-01;3.161642e-02;4.256942e-02;1.069698e-01;2.998830e-02;4.351926e-02;4.557799e-03
9.191123e-03;6.617022e-02;2.649341e-01;2.364219e-01;2.410479e-02;1.264335e-01;2.839752e-02;6.693254e-02;6.356848e-02;4.978681e-02;5.734230e-02;6.716689e-03
7.569494e-03;6.840400e-02;1.942130e-01;1.945222e-01;8.710138e-02;1.262910e-01;8.117311e-02;5.862221e-02;3.157703e-02;8.586103e-02;3.875484e-02;2.591066e-02
1.421795e-02;6.258074e-02;1.157798e-01;1.013471e-01;1.228305e-01;1.284217e-01;1.908114e-01;3.899141e-02;5.562518e-02;7.650972e-02;4.340013e-02;4.948442e-02
1.965915e-02;5.574343e-02;1.405046e-01;3.953570e-02;1.051594e-01;1.369223e-01;2.186865e-01;5.082288e-02;6.946763e-02;6.850597e-02;4.140981e-02;5.358263e-02
1.913780e-02;6.712984e-02;2.482963e-01;1.055981e-01;7.953155e-02;1.067066e-01;1.452975e-01;5.222245e-02;4.122205e-02;7.397177e-02;2.133561e-02;3.955049e-02
2.108938e-02;1.010557e-01;3.420688e-01;1.375413e-01;6.317039e-02;8.262560e-02;6.679268e-02;4.235648e-02;2.073545e-02;3.992840e-02;6.321713e-02;1.941865e-02
2.326433e-02;1.138729e-01;3.195778e-01;9.373401e-02;3.206142e-02;9.802452e-02;4.538291e-02;4.875457e-02;2.461175e-02;8.378460e-02;1.110236e-01;5.907627e-03
4.411426e-02;1.317284e-01;2.381380e-01;3.423232e-02;6.072966e-02;1.140263e-01;5.496384e-02;6.466138e-02;3.152982e-02;1.094049e-01;9.827273e-02;1.819834e-02
6.672841e-02;1.581121e-01;1.833813e-01;7.787269e-02;8.446789e-02;6.868318e-02;7.373904e-02;6.338999e-02;3.707092e-02;8.842827e-02;6.053713e-02;3.758914e-02
6.312466e-02;1.487903e-01;2.107776e-01;9.172667e-02;5.184032e-02;1.227589e-01;4.415967e-02;4.542660e-02;2.349871e-02;6.691922e-02;1.032176e-01;2.775980e-02
5.029868e-02;1.361131e-01;1.756698e-01;7.951338e-02;3.472083e-02;1.550700e-01;3.963849e-02;3.938124e-02;2.301103e-02;9.998520e-02;1.414566e-01;2.514171e-02
4.119115e-02;1.170156e-01;2.011277e-01;6.996663e-02;5.342530e-02;1.527174e-01;4.147555e-02;4.808636e-02;3.204617e-02;1.242286e-01;1.009835e-01;1.773603e-02
4.130754e-02;1.056829e-01;2.919890e-01;4.376500e-02;5.609259e-02;1.365812e-01;5.436990e-02;5.249630e-02;3.770562e-02;1.116441e-01;4.470049e-02;2.366543e-02
3.849329e-02;9.127180e-02;2.857352e-01;7.066814e-02;5.244379e-02;1.608011e-01;4.878355e-02;7.673222e-02;3.005696e-02;7.546187e-02;3.277907e-02;3.677296e-02
2.549955e-02;6.828497e-02;2.159832e-01;8.118388e-02;7.500729e-02;2.458047e-01;4.816018e-02;6.632836e-02;2.716756e-02;5.296218e-02;3.759537e-02;5.602277e-02
2.216035e-02;4.947591e-02;1.408131e-01;1.005143e-01;1.200496e-01;2.726641e-01;4.189033e-02;5.447698e-02;2.234179e-02;6.577076e-02;4.708424e-02;6.275854e-02
2.122520e-02;9.448850e-02;2.127278e-01;8.886636e-02;1.040517e-01;2.047596e-01;3.603902e-02;6.456979e-02;2.407035e-02;6.851438e-02;3.948460e-02;4.120273e-02
2.329188e-02;1.500417e-01;3.277937e-01;4.414197e-02;6.098196e-02;1.244873e-01;3.826386e-02;7.453540e-02;2.987783e-02;6.980331e-02;3.129121e-02;2.548981e-02
3.596927e-02;1.500358e-01;3.630277e-01;4.470477e-02;3.189451e-02;1.117923e-01;5.145488e-02;4.813231e-02;2.665595e-02;6.669759e-02;4.616388e-02;2.347104e-02
3.398661e-02;1.299797e-01;2.553706e-01;9.624690e-02;4.632422e-02;1.387001e-01;6.418789e-02;4.607572e-02;1.992203e-02;8.050504e-02;6.767102e-02;2.103014e-02
3.467738e-02;1.251769e-01;3.045532e-01;1.158417e-01;6.714973e-02;5.228308e-02;3.936322e-02;5.581404e-02;3.191302e-02;9.014198e-02;6.423361e-02;1.885221e-02
4.032092e-02;1.153910e-01;2.933604e-01;1.100087e-01;4.765312e-02;1.100973e-01;4.325412e-02;5.606588e-02;3.923969e-02;7.611409e-02;4.666953e-02;2.182524e-02
4.238529e-02;1.375186e-01;2.337062e-01;1.064389e-01;3.627226e-02;1.308774e-01;6.175127e-02;7.431800e-02;4.941280e-02;7.708671e-02;2.254824e-02;2.768436e-02
3.117750e-02;1.543457e-01;2.167652e-01;9.970179e-02;5.327151e-02;1.497882e-01;5.490040e-02;7.986649e-02;5.711431e-02;6.610500e-02;1.004122e-02;2.692263e-02
2.044258e-02;1.157559e-01;2.725246e-01;6.775648e-02;4.495364e-02;1.829134e-01;4.635358e-02;7.506339e-02;6.884371e-02;5.844638e-02;1.745024e-02;2.949604e-02
1.797849e-02;9.939332e-02;2.492931e-01;6.049204e-02;3.752760e-02;8.087176e-02;4.955411e-02;1.860894e-01;1.065422e-01;5.107439e-02;2.866749e-02;3.251621e-02
1.710928e-02;5.478647e-02;1.251489e-01;4.189053e-02;2.173592e-02;1.416243e-01;5.725324e-02;3.272166e-01;1.100614e-01;6.078398e-02;2.528886e-02;1.710049e-02
1.444261e-02;3.462065e-02;9.384459e-02;2.173574e-02;1.720519e-02;1.359957e-01;4.244647e-02;4.048527e-01;1.126802e-01;9.042238e-02;1.729131e-02;1.446247e-02
1.110933e-02;2.736262e-02;1.152657e-01;1.660972e-02;3.044784e-02;1.296549e-01;3.032125e-02;4.012578e-01;1.185580e-01;8.835458e-02;1.348196e-02;1.757630e-02
1.004421e-02;3.106706e-02;1.637310e-01;3.417774e-02;3.455614e-02;9.484905e-02;2.608840e-02;3.859135e-01;1.048386e-01;7.199187e-02;2.409559e-02;1.864686e-02
1.692354e-02;3.372464e-02;1.816324e-01;4.989158e-02;3.470000e-02;1.871565e-01;2.771736e-02;3.176670e-01;4.506462e-02;6.537306e-02;1.972927e-02;2.041994e-02
1.704369e-02;5.362599e-02;2.090428e-01;5.829633e-02;4.016872e-02;1.218350e-01;2.539664e-02;2.817129e-01;5.297582e-02;7.187441e-02;4.179891e-02;2.622873e-02
2.275774e-02;8.235355e-02;2.241032e-01;8.501779e-02;2.172562e-02;1.491725e-01;2.499803e-02;1.970829e-01;4.474596e-02;6.982783e-02;5.832492e-02;1.989006e-02
3.507517e-02;9.477697e-02;1.479503e-01;8.810728e-02;6.812529e-02;1.495521e-01;2.492805e-02;9.771169e-02;6.323680e-02;7.460897e-02;1.221387e-01;3.378874e-02
2.770760e-02;4.609044e-02;8.124231e-02;4.200012e-02;4.891246e-02;1.798015e-01;1.718162e-02;5.310826e-02;4.025038e-02;4.393033e-02;3.305032e-01;8.927175e-02
2.940886e-02;3.262787e-02;5.754624e-02;1.632019e-02;2.827563e-02;1.666565e-01;2.205757e-02;3.047780e-02;2.867181e-02;5.506363e-02;4.357061e-01;9.718782e-02
2.011888e-02;5.018589e-02;4.369780e-02;1.043995e-02;7.295537e-02;1.235561e-01;1.668194e-02;3.546539e-02;2.525614e-02;1.232135e-01;4.191653e-01;5.926380e-02
6.794069e-03;9.095036e-02;2.887751e-02;8.400626e-03;1.606209e-01;7.256188e-02;1.101422e-02;4.888310e-02;2.837049e-02;2.681928e-01;2.519878e-01;2.334625e-02
7.286480e-03;1.276792e-01;2.203018e-02;8.079810e-03;2.245276e-01;3.865705e-02;9.418041e-03;4.863926e-02;4.602792e-02;3.792808e-01;8.228537e-02;6.088310e-03
7.777649e-03;1.344957e-01;2.424815e-02;9.440942e-03;2.328070e-01;1.372147e-02;1.028636e-02;2.717833e-02;8.670168e-02;4.179072e-01;2.657757e-02;8.857910e-03
1.144032e-02;9.398773e-02;2.437852e-02;3.077096e-02;1.858967e-01;2.439123e-02;9.875493e-03;4.829337e-02;1.738025e-01;3.754926e-01;1.245750e-02;9.213024e-03
2.741729e-02;5.486924e-02;3.242001e-02;5.727597e-02;9.654406e-02;1.787950e-02;2.385974e-02;7.100367e-02;3.090421e-01;2.645324e-01;2.822326e-02;1.693270e-02
4.250731e-02;4.774224e-02;4.963978e-02;8.392604e-02;5.531991e-02;1.986292e-02;3.651257e-02;8.992285e-02;3.740889e-01;1.551767e-01;2.921110e-02;1.608964e-02
3.533361e-02;2.992250e-02;6.525331e-02;8.815134e-02;4.968544e-02;5.711834e-02;3.421091e-02;2.043075e-01;2.826501e-01;9.985873e-02;4.026387e-02;1.324434e-02
1.552567e-02;4.192374e-02;7.449565e-02;6.527110e-02;8.933987e-02;1.132687e-01;2.956634e-02;2.495499e-01;1.717207e-01;8.130256e-02;4.650433e-02;2.153141e-02
1.550918e-02;6.246997e-02;8.237124e-02;4.117423e-02;1.257500e-01;1.263835e-01;1.711497e-02;1.284267e-01;1.151330e-01;1.675397e-01;1.014043e-01;1.672324e-02
1.910953e-02;6.626932e-02;8.505198e-02;4.443762e-02;1.119003e-01;1.286791e-01;1.454616e-02;8.806195e-02;1.259291e-01;1.723280e-01;1.225172e-01;2.116971e-02
2.307054e-02;1.091046e-01;1.146866e-01;4.657359e-02;1.839940e-01;8.645283e-02;2.567680e-02;1.266408e-01;1.220974e-01;8.487076e-02;6.482031e-02;1.201182e-02
2.728025e-02;1.089126e-01;1.216642e-01;3.308484e-02;1.983514e-01;5.933338e-02;3.327658e-02;8.618636e-02;7.498176e-02;1.248649e-01;1.029269e-01;2.913672e-02
2.841649e-02;7.280123e-02;1.158714e-01;4.323860e-02;1.474188e-01;7.494065e-02;2.844340e-02;6.492142e-02;7.337054e-02;2.094930e-01;1.008153e-01;4.026926e-02
2.936061e-02;6.385478e-02;9.048192e-02;5.239950e-02;7.501961e-02;1.128972e-01;2.855270e-02;1.001488e-01;9.908364e-02;2.524510e-01;6.500237e-02;3.074786e-02
3.920643e-02;7.297424e-02;6.399185e-02;3.005514e-02;6.501669e-02;1.063366e-01;3.058133e-02;1.865390e-01;9.143081e-02;1.985070e-01;7.932550e-02;3.603543e-02
1.241471e-01;7.264186e-02;5.452891e-02;2.705747e-02;3.737435e-02;2.158721e-01;8.515838e-02;1.463552e-01;5.454751e-02;9.573273e-02;3.889972e-02;4.768465e-02
1.569603e-01;5.711972e-02;4.747865e-02;2.400169e-02;4.042931e-02;2.680931e-01;7.774735e-02;1.038267e-01;5.713728e-02;7.249444e-02;2.638004e-02;6.833143e-02
1.351865e-01;3.719629e-02;3.069922e-02;2.527602e-02;8.071731e-02;2.369991e-01;5.523046e-02;7.527976e-02;6.714768e-02;5.623617e-02;2.491907e-02;1.751124e-01
6.353737e-02;2.951887e-02;3.634864e-02;3.511110e-02;1.140302e-01;1.568818e-01;4.062994e-02;4.086205e-02;7.346477e-02;5.061888e-02;7.311779e-02;2.858786e-01
4.105001e-02;4.506221e-02;5.681251e-02;8.915036e-02;8.535645e-02;6.504467e-02;2.154147e-02;5.503674e-02;4.507592e-02;3.697355e-02;2.230423e-01;2.358539e-01
5.358698e-02;6.164722e-02;9.348281e-02;1.309447e-01;3.976290e-02;3.721081e-02;1.741417e-02;7.224035e-02;2.850140e-02;5.391996e-02;3.065908e-01;1.046979e-01
5.928327e-02;7.381975e-02;1.993857e-01;1.170882e-01;2.254630e-02;2.555609e-02;3.313433e-02;6.023212e-02;2.735434e-02;1.021913e-01;2.311555e-01;4.825323e-02
5.361870e-02;1.131339e-01;3.304518e-01;5.357517e-02;2.078555e-02;3.918365e-02;6.087637e-02;3.255455e-02;3.449520e-02;1.456087e-01;8.340693e-02;3.230951e-02
3.178368e-02;1.808308e-01;3.412925e-01;3.972571e-02;3.264913e-02;3.285405e-02;5.954648e-02;2.489217e-02;3.389397e-02;1.219724e-01;7.117056e-02;2.938853e-02
3.346792e-02;2.400371e-01;2.874244e-01;6.084228e-02;4.273848e-02;6.479330e-02;5.303577e-02;3.540181e-02;2.807250e-02;7.564724e-02;3.979586e-02;3.874343e-02
5.981120e-02;2.690544e-01;1.908640e-01;5.888434e-02;3.536604e-02;7.764341e-02;4.777556e-02;5.768428e-02;4.127542e-02;6.103740e-02;4.143672e-02;5.916722e-02
6.463104e-02;1.831870e-01;1.907256e-01;3.301764e-02;3.833083e-02;8.020192e-02;7.467601e-02;8.139610e-02;4.491049e-02;6.535787e-02;8.249475e-02;6.107070e-02
5.327457e-02;1.201601e-01;1.959397e-01;4.500268e-02;4.245216e-02;7.358620e-02;1.210705e-01;7.459629e-02;3.820711e-02;4.792072e-02;1.160890e-01;7.170095e-02
7.398012e-02;6.203651e-02;1.828662e-01;7.962767e-02;3.415645e-02;6.683111e-02;1.163441e-01;5.166340e-02;5.949093e-02;5.712708e-02;1.270626e-01;8.881384e-02
6.710306e-02;1.102984e-01;1.380166e-01;5.908005e-02;7.588053e-02;9.527446e-02;6.692665e-02;6.071573e-02;5.937983e-02;6.727300e-02;1.237924e-01;7.625936e-02
2.934049e-02;1.017623e-01;1.606265e-01;4.923858e-02;9.630777e-02;1.161295e-01;3.784354e-02;6.746619e-02;6.636937e-02;7.294188e-02;1.082702e-01;9.370364e-02
3.277164e-02;7.201409e-02;1.537576e-01;6.465878e-02;8.410732e-02;1.071598e-01;1.368987e-02;1.201454e-01;8.260152e-02;1.082302e-01;5.092240e-02;1.099414e-01
4.572976e-02;8.637429e-02;1.166125e-01;6.034468e-02;4.982138e-02;8.985099e-02;3.109959e-02;1.199554e-01;8.489604e-02;1.127575e-01;9.576444e-02;1.067934e-01
7.889756e-02;1.536744e-01;1.893262e-01;5.155191e-02;5.938771e-02;7.419965e-02;5.045086e-02;7.803891e-02;5.139358e-02;7.624176e-02;5.987275e-02;7.696477e-02
9.503210e-02;2.615888e-01;2.307907e-01;3.037336e-02;9.863479e-02;3.492368e-02;3.800655e-02;6.244001e-02;2.889996e-02;3.351776e-02;4.257386e-02;4.321847e-02
1.032554e-01;2.588558e-01;1.695945e-01;3.749462e-02;1.270953e-01;8.171505e-02;1.898522e-02;7.312310e-02;3.657945e-02;3.191135e-02;3.084270e-02;3.054745e-02
8.700395e-02;1.753884e-01;1.009836e-01;8.545049e-02;9.859431e-02;1.275966e-01;9.504513e-02;5.414180e-02;5.123583e-02;5.407166e-02;1.961699e-02;5.087124e-02
5.393040e-02;1.254665e-01;8.884283e-02;9.059243e-02;4.341245e-02;1.434897e-01;1.892058e-01;5.939665e-02;4.710105e-02;5.182625e-02;2.703545e-02;7.970048e-02
3.719023e-02;4.370635e-02;9.204537e-02;5.105940e-02;6.856721e-02;1.930173e-01;1.835601e-01;6.933246e-02;6.540818e-02;6.740510e-02;6.495679e-02;6.375141e-02
2.839762e-02;3.846983e-02;1.049569e-01;3.381081e-02;4.975753e-02;2.620589e-01;1.552194e-01;4.956466e-02;6.667984e-02;8.384116e-02;7.598480e-02;5.125856e-02
1.939576e-02;7.001327e-02;9.644678e-02;4.530962e-02;8.453765e-02;2.010322e-01;1.649903e-01;8.003008e-02;6.647424e-02;8.764324e-02;4.741360e-02;3.671318e-02
2.991568e-02;6.820399e-02;9.029219e-02;6.241841e-02;1.313991e-01;1.232562e-01;1.390423e-01;1.033195e-01;1.166666e-01;9.230899e-02;1.998671e-02;2.319048e-02
4.660502e-02;8.273347e-02;5.362798e-02;1.108234e-01;1.103578e-01;8.868772e-02;1.295229e-01;9.283245e-02;1.583499e-01;8.141996e-02;1.330046e-02;3.173881e-02
3.996873e-02;5.519046e-02;1.202263e-01;1.405631e-01;6.964172e-02;5.727829e-02;8.438566e-02;1.202115e-01;1.750752e-01;8.566601e-02;1.907668e-02;3.271642e-02
1.911811e-02;4.462235e-02;2.158185e-01;1.046210e-01;3.734333e-02;5.617280e-02;7.380074e-02;1.850557e-01;1.366669e-01;7.411612e-02;2.552511e-02;2.713927e-02
1.422610e-02;7.591664e-02;2.961123e-01;5.221747e-02;2.534580e-02;5.869977e-02;8.152699e-02;1.880911e-01;8.483437e-02;6.322423e-02;3.224808e-02;2.755711e-02
2.178840e-02;1.016119e-01;3.337578e-01;6.022006e-02;4.227549e-02;2.836834e-02;5.737847e-02;1.636208e-01;7.791688e-02;5.168011e-02;2.490705e-02;3.647472e-02
1.970918e-02;1.501106e-01;2.852571e-01;8.428498e-02;6.423559e-02;6.750483e-02;5.320796e-02;1.093882e-01;5.692168e-02;3.946552e-02;3.786843e-02;3.204601e-02
2.491539e-02;2.287113e-01;1.999331e-01;5.107199e-02;5.040789e-02;8.813658e-02;8.496205e-02;1.045134e-01;4.412345e-02;4.583742e-02;6.171974e-02;1.566765e-02
1.598565e-02;2.275001e-01;1.911787e-01;2.044825e-02;4.168268e-02;1.627557e-01;9.108584e-02;1.082446e-01;2.630300e-02;3.961029e-02;5.969853e-02;1.550669e-02
8.202664e-03;2.090040e-01;1.904577e-01;2.553051e-02;5.569024e-02;1.765841e-01;7.658821e-02;1.006799e-01;5.195390e-02;3.984593e-02;4.994943e-02;1.551339e-02
2.350628e-02;1.860624e-01;1.676940e-01;6.564359e-02;3.880286e-02;1.542778e-01;6.306970e-02;1.265754e-01;8.001674e-02;3.052380e-02;3.672134e-02;2.710611e-02
2.866205e-02;1.051747e-01;1.911074e-01;9.841344e-02;9.004820e-02;1.181839e-01;5.641073e-02;1.453208e-01;9.258262e-02;2.965092e-02;1.879129e-02;2.565402e-02
2.728312e-02;1.439512e-01;1.897449e-01;9.888541e-02;1.100081e-01;1.168289e-01;5.597521e-02;1.055013e-01;7.958142e-02;3.398819e-02;2.084736e-02;1.740491e-02
3.642534e-02;1.484912e-01;1.663817e-01;9.646069e-02;9.826344e-02;1.402105e-01;4.913083e-02;1.024228e-01;6.673463e-02;4.071495e-02;2.886761e-02;2.589630e-02
