6.420156e-02;7.930171e-02;1.322103e-01;8.330537e-02;5.381776e-02;6.611666e-02;1.040491e-01;7.099514e-02;1.134609e-01;6.631663e-02;9.170434e-02;7.452048e-02
4.619573e-02;1.159798e-01;1.485474e-01;1.051532e-01;4.785195e-02;4.913826e-02;1.074411e-01;7.656798e-02;1.159209e-01;6.176936e-02;7.945365e-02;4.598073e-02
4.684336e-02;1.105762e-01;1.357805e-01;1.111203e-01;4.244373e-02;4.188726e-02;1.082095e-01;1.122260e-01;1.078594e-01;5.867841e-02;7.003938e-02;5.433598e-02
6.064966e-02;6.509343e-02;1.111360e-01;9.562542e-02;5.094815e-02;4.177562e-02;1.103298e-01;1.202971e-01;1.313085e-01;6.848712e-02;5.860222e-02;8.574691e-02
8.480760e-02;3.409948e-02;7.635006e-02;4.483824e-02;7.418936e-02;6.649569e-02;1.012321e-01;1.146731e-01;1.556355e-01;8.213763e-02;7.167874e-02;9.386250e-02
1.047307e-01;4.032074e-02;6.806322e-02;5.192846e-02;6.366858e-02;5.623178e-02;1.050793e-01;1.143586e-01;1.367469e-01;1.027657e-01;8.315469e-02;7.295144e-02
8.512080e-02;4.505793e-02;1.236200e-01;7.339916e-02;4.966419e-02;6.102911e-02;9.588698e-02;1.050069e-01;1.277465e-01;8.664505e-02;7.494357e-02;7.187972e-02
5.202922e-02;4.752703e-02;1.174147e-01;1.258756e-01;7.168822e-02;7.788277e-02;1.063410e-01;9.943084e-02;9.643199e-02;7.911845e-02;6.294096e-02;6.331924e-02
4.627153e-02;5.743530e-02;7.852473e-02;1.476430e-01;9.243418e-02;8.618359e-02;1.205449e-01;1.159289e-01;8.154073e-02;7.333921e-02;5.837226e-02;4.178157e-02
3.418255e-02;6.627094e-02;7.892550e-02;1.176858e-01;9.449939e-02;6.102661e-02;1.234034e-01;1.390027e-01;1.257009e-01;6.547140e-02;6.128482e-02;3.254592e-02
3.655851e-02;5.091155e-02;1.052372e-01;1.025671e-01;8.332124e-02;7.533675e-02;1.277067e-01;1.080089e-01;1.278944e-01;9.355397e-02;5.462653e-02;3.427725e-02
7.346923e-02;7.017048e-02;1.122054e-01;8.286862e-02;8.401430e-02;7.175997e-02;8.722690e-02;1.052007e-01;1.013413e-01;8.028103e-02;8.365875e-02;4.780335e-02
8.982860e-02;5.870792e-02;1.254617e-01;5.683255e-02;7.737814e-02;7.282084e-02;1.184192e-01;7.175259e-02;8.561229e-02;7.596619e-02;9.626155e-02;7.095843e-02
9.104581e-02;9.356832e-02;1.688466e-01;5.041406e-02;4.146704e-02;6.774635e-02;1.109150e-01;6.263011e-02;1.690025e-01;6.930421e-02;3.842517e-02;3.663484e-02
8.630203e-02;1.166000e-01;1.780518e-01;4.483372e-02;3.265522e-02;7.365065e-02;6.977800e-02;5.044809e-02;2.343077e-01;6.938659e-02;1.334752e-02;3.063863e-02
5.131370e-02;1.344938e-01;1.477829e-01;2.931963e-02;1.776524e-02;8.527116e-02;2.464071e-02;2.772000e-02;3.399127e-01;1.124300e-01;6.574453e-03;2.277576e-02
2.242564e-02;1.309086e-01;7.507657e-02;1.263500e-02;5.266353e-03;9.435657e-02;9.678585e-03;1.357497e-02;4.766444e-01;1.427379e-01;5.058683e-03;1.163676e-02
3.511466e-02;1.357850e-01;3.466935e-02;1.137935e-02;9.613186e-03;9.394133e-02;8.379684e-03;2.015084e-02;5.195351e-01;1.076752e-01;1.225295e-02;1.150332e-02
6.655546e-02;1.542798e-01;2.288965e-02;1.117750e-02;2.955683e-02;7.450171e-02;2.174623e-02;5.415980e-02;4.738446e-01;6.156041e-02;1.738977e-02;1.233834e-02
1.086994e-01;1.588993e-01;2.063188e-02;1.081319e-02;6.936158e-02;3.775261e-02;4.254157e-02;1.224753e-01;3.472338e-01;3.242321e-02;3.924463e-02;9.923395e-03
1.180244e-01;1.285801e-01;1.570600e-02;1.283345e-02;9.543844e-02;1.483907e-02;6.171384e-02;2.118161e-01;2.615474e-01;2.138722e-02;5.052821e-02;7.585721e-03
9.258304e-02;9.324545e-02;2.702861e-02;1.626103e-02;8.643389e-02;3.473286e-02;1.054198e-01;2.483846e-01;2.234702e-01;1.491724e-02;4.105751e-02;1.646576e-02
7.110517e-02;7.460115e-02;4.028629e-02;2.167568e-02;7.945293e-02;4.863010e-02;1.502714e-01;2.191324e-01;2.114944e-01;1.641490e-02;3.463448e-02;3.230114e-02
9.590043e-02;4.752241e-02;5.099152e-02;2.931221e-02;7.656789e-02;5.462149e-02;1.668680e-01;1.524250e-01;1.875784e-01;5.356203e-02;3.828368e-02;4.636705e-02
1.007132e-01;7.099941e-02;6.938300e-02;4.753194e-02;4.145394e-02;4.415508e-02;1.136562e-01;1.047790e-01;1.883426e-01;1.177432e-01;6.647597e-02;3.476650e-02
8.037826e-02;7.225277e-02;9.408057e-02;3.568034e-02;8.937576e-02;6.621025e-02;5.006500e-02;8.442421e-02;2.098911e-01;9.106727e-02;8.995820e-02;3.661632e-02
6.551571e-02;3.279958e-02;8.936087e-02;1.911145e-02;9.449726e-02;4.614489e-02;7.077245e-02;1.536562e-01;2.394866e-01;4.882780e-02;1.017431e-01;3.808408e-02
7.984515e-02;4.942726e-02;1.012789e-01;1.965837e-02;5.468929e-02;5.912407e-02;8.608115e-02;1.482698e-01;2.328625e-01;3.967556e-02;4.941452e-02;7.967348e-02
1.591076e-01;7.411555e-02;1.030355e-01;7.264824e-02;2.350507e-02;4.163668e-02;1.000330e-01;1.115897e-01;1.106086e-01;3.644423e-02;4.416309e-02;1.231128e-01
2.447834e-01;6.904241e-02;6.993994e-02;1.344914e-01;1.814532e-02;2.028306e-02;1.204552e-01;7.414439e-02;3.867152e-02;3.358833e-02;2.154825e-02;1.549068e-01
2.499313e-01;4.276090e-02;2.785896e-02;1.548557e-01;1.696298e-02;1.169260e-02;1.714372e-01;1.026642e-01;1.945282e-02;3.595310e-02;1.017615e-02;1.562541e-01
1.738502e-01;1.982175e-02;8.219079e-03;1.590889e-01;2.230212e-02;1.857567e-02;2.624255e-01;1.208952e-01;2.120548e-02;3.650124e-02;8.369314e-03;1.487455e-01
9.418108e-02;1.292970e-02;1.018613e-02;1.727150e-01;1.862971e-02;2.659195e-02;3.577573e-01;8.730970e-02;2.097820e-02;3.224684e-02;1.965287e-02;1.468215e-01
4.921960e-02;1.027216e-02;3.522306e-02;1.448270e-01;1.536577e-02;7.521144e-02;3.755698e-01;6.569166e-02;2.861583e-02;2.351506e-02;5.239560e-02;1.240930e-01
2.966600e-02;7.996932e-03;7.564529e-02;7.929464e-02;2.368888e-02;1.522415e-01;2.733360e-01;5.481387e-02;6.510839e-02;2.928105e-02;1.232186e-01;8.570887e-02
2.329752e-02;1.872304e-02;8.639067e-02;3.000467e-02;4.970400e-02;1.901395e-01;1.564675e-01;6.089189e-02;8.634244e-02;6.783252e-02;1.777373e-01;5.246906e-02
2.480498e-02;3.466481e-02;8.064254e-02;4.802017e-02;6.389114e-02;1.412526e-01;1.137062e-01;9.538609e-02;8.447506e-02;1.102574e-01;1.734684e-01;2.943065e-02
3.694705e-02;4.354475e-02;9.342649e-02;8.459380e-02;5.484088e-02;6.721114e-02;1.023684e-01;1.106923e-01;9.553765e-02;1.118437e-01;1.536744e-01;4.531940e-02
4.144917e-02;3.598295e-02;9.940787e-02;9.875923e-02;2.759447e-02;4.854873e-02;1.441909e-01;9.563176e-02;1.332383e-01;9.050862e-02;1.340498e-01;5.063810e-02
8.649182e-02;2.154683e-02;1.088809e-01;7.262412e-02;3.341675e-02;7.287827e-02;1.581967e-01;8.007887e-02;1.387243e-01;7.455596e-02;9.477808e-02;5.782739e-02
8.652055e-02;1.690678e-02;9.383620e-02;6.476658e-02;5.737786e-02;8.565794e-02;1.077766e-01;7.518104e-02;1.736134e-01;1.276921e-01;5.886285e-02;5.180816e-02
7.155443e-02;2.920766e-02;5.298579e-02;4.875617e-02;9.840401e-02;6.968465e-02;1.242569e-01;7.573122e-02;1.654760e-01;1.640950e-01;5.869552e-02;4.115263e-02
4.769636e-02;4.882198e-02;4.317666e-02;4.349213e-02;1.705241e-01;8.198075e-02;9.354577e-02;8.987322e-02;1.001606e-01;1.983464e-01;4.400599e-02;3.837601e-02
1.505498e-02;6.568548e-02;2.190094e-02;3.677840e-02;2.598577e-01;9.960792e-02;4.767154e-02;1.044807e-01;2.789173e-02;2.491468e-01;2.875309e-02;4.317077e-02
1.102825e-02;6.081871e-02;1.646339e-02;5.275605e-02;2.638628e-01;9.345099e-02;3.344303e-02;8.669378e-02;5.455565e-02;2.637613e-01;2.402647e-02;3.913959e-02
2.842726e-02;4.194523e-02;3.562188e-02;7.963754e-02;1.988250e-01;7.224606e-02;1.047144e-01;6.235939e-02;8.770046e-02;2.503322e-01;1.139392e-02;2.679658e-02
4.600770e-02;1.971621e-02;4.378368e-02;1.016173e-01;1.043438e-01;4.849740e-02;1.843255e-01;4.046256e-02;1.868961e-01;1.914396e-01;1.632735e-02;1.658269e-02
6.135297e-02;5.704264e-03;5.749322e-02;1.296056e-01;6.597322e-02;2.542263e-02;2.324623e-01;2.490772e-02;2.505334e-01;1.252828e-01;1.180334e-02;9.458582e-03
7.320572e-02;1.228172e-02;6.629568e-02;1.494912e-01;5.642768e-02;1.613079e-02;2.308795e-01;3.862765e-02;2.486112e-01;7.955235e-02;2.118295e-02;7.313495e-03
7.643279e-02;2.146177e-02;1.134673e-01;1.537705e-01;3.238481e-02;2.398290e-02;1.996724e-01;6.484404e-02;2.075618e-01;5.737457e-02;3.499574e-02;1.405139e-02
6.935279e-02;2.503051e-02;1.326281e-01;1.386094e-01;3.764407e-02;2.952904e-02;1.680084e-01;1.011033e-01;1.773198e-01;5.512218e-02;4.980594e-02;1.584659e-02
4.627835e-02;2.007354e-02;7.326575e-02;1.185872e-01;6.015922e-02;2.852479e-02;1.195032e-01;1.396399e-01;2.256234e-01;9.901318e-02;5.031474e-02;1.901680e-02
3.300845e-02;9.929948e-03;2.567324e-02;1.568516e-01;6.821003e-02;2.437923e-02;1.076618e-01;1.510909e-01;2.311036e-01;1.354199e-01;4.489321e-02;1.177805e-02
3.317563e-02;2.764786e-02;4.269511e-02;1.548695e-01;1.005194e-01;4.049839e-02;1.719471e-01;1.283205e-01;1.314273e-01;1.120979e-01;4.097144e-02;1.582979e-02
3.491276e-02;6.551552e-02;4.554361e-02;9.763911e-02;1.760447e-01;7.215034e-02;1.276203e-01;1.005777e-01;7.145047e-02;1.314875e-01;5.592047e-02;2.113746e-02
1.897026e-02;6.367590e-02;4.608672e-02;5.715756e-02;1.891660e-01;1.558334e-01;6.239607e-02;8.727261e-02;6.817536e-02;1.382995e-01;9.413593e-02;1.883077e-02
1.611464e-02;3.829141e-02;6.019793e-02;3.423758e-02;1.122576e-01;3.169683e-01;3.041741e-02;5.677219e-02;6.371322e-02;9.840745e-02;1.580893e-01;1.453293e-02
1.726550e-02;9.666785e-03;8.723003e-02;1.494317e-02;4.660241e-02;3.802234e-01;4.637851e-02;1.796017e-02;8.558774e-02;5.848478e-02;2.123363e-01;2.332117e-02
2.379675e-02;8.424134e-03;8.715587e-02;1.155292e-02;4.016096e-02;2.608037e-01;9.606271e-02;3.439545e-02;1.336090e-01;4.391351e-02;2.103481e-01;4.977695e-02
3.245196e-02;6.200289e-03;7.593334e-02;1.012166e-02;4.096667e-02;1.394722e-01;1.443532e-01;7.647243e-02;1.428885e-01;4.598290e-02;1.939589e-01;9.119802e-02
4.696408e-02;1.332235e-02;6.135824e-02;2.420396e-02;3.965387e-02;1.177621e-01;1.843788e-01;1.261033e-01;8.818075e-02;4.195047e-02;1.328221e-01;1.233000e-01
2.165294e-02;1.580972e-02;4.452614e-02;3.666609e-02;3.559888e-02;8.601683e-02;2.167274e-01;1.230164e-01;5.389084e-02;1.076398e-01;8.886322e-02;1.695919e-01
8.604120e-02;2.757803e-02;5.191968e-02;3.798484e-02;3.963404e-02;6.471173e-02;1.277764e-01;4.899964e-02;6.982655e-02;1.370714e-01;1.115648e-01;1.968916e-01
1.332486e-01;3.248762e-02;5.192023e-02;2.820944e-02;5.895847e-02;5.756652e-02;8.441763e-02;2.175317e-02;5.788522e-02;8.199512e-02;1.209500e-01;2.706079e-01
1.180789e-01;3.505900e-02;4.346075e-02;1.705528e-02;8.394435e-02;4.585675e-02;8.686829e-02;1.671238e-02;4.436400e-02;3.335018e-02;1.267593e-01;3.484909e-01
6.736007e-02;9.361948e-02;5.225840e-02;1.817244e-02;1.117565e-01;5.014838e-02;6.881489e-02;2.406694e-02;4.976736e-02;3.016532e-02;1.428197e-01;2.910506e-01
4.317510e-02;2.010309e-01;3.953299e-02;4.032060e-02;1.108720e-01;4.505513e-02;8.655129e-02;3.355135e-02;3.964009e-02;3.817975e-02;1.462802e-01;1.758106e-01
5.729371e-02;2.164161e-01;4.398088e-02;9.665495e-02;6.009301e-02;4.639901e-02;1.337518e-01;2.862134e-02;3.106744e-02;5.037947e-02;1.007432e-01;1.345991e-01
1.153850e-01;1.467400e-01;5.976603e-02;1.508392e-01;2.882317e-02;5.271871e-02;1.445716e-01;3.890301e-02;2.846201e-02;5.381598e-02;5.862068e-02;1.213547e-01
1.201519e-01;9.091459e-02;6.069707e-02;1.853176e-01;3.195271e-02;4.118531e-02;1.696491e-01;8.540909e-02;3.142117e-02;4.567366e-02;3.558080e-02;1.020470e-01
8.667530e-02;7.514915e-02;8.591189e-02;1.517057e-01;4.007396e-02;4.105048e-02;1.553748e-01;1.472957e-01;7.158569e-02;3.743680e-02;3.380553e-02;7.393508e-02
2.487428e-02;1.180242e-01;1.187208e-01;7.615516e-02;4.160955e-02;5.103412e-02;1.032961e-01;1.581763e-01;1.056509e-01;6.069379e-02;4.879990e-02;9.296490e-02
7.222292e-02;1.028462e-01;1.206355e-01;7.321845e-02;4.672214e-02;6.456560e-02;8.460911e-02;6.158833e-02;7.719762e-02;7.062031e-02;9.233160e-02;1.334422e-01
5.097336e-02;9.621201e-02;7.937793e-02;1.082520e-01;3.575625e-02;4.747986e-02;9.605180e-02;6.053182e-02;6.179560e-02;6.191132e-02;1.441092e-01;1.575488e-01
9.044952e-02;7.303714e-02;5.221545e-02;1.008609e-01;3.615857e-02;4.207205e-02;1.047954e-01;5.935590e-02;5.505079e-02;7.064775e-02;1.516682e-01;1.636883e-01
1.352697e-01;9.497581e-02;3.814879e-02;8.831983e-02;5.345136e-02;4.660298e-02;1.257595e-01;3.971737e-02;4.587138e-02;5.142868e-02;1.211482e-01;1.593063e-01
1.000023e-01;1.187521e-01;2.801721e-02;5.616986e-02;6.176596e-02;5.771160e-02;1.329513e-01;5.009551e-02;9.145739e-02;8.131920e-02;9.475133e-02;1.270063e-01
5.683170e-02;8.947882e-02;6.412323e-02;4.014396e-02;4.381754e-02;5.630567e-02;1.487822e-01;1.494556e-01;1.175338e-01;1.236098e-01;4.850644e-02;6.141123e-02
4.789951e-02;8.857330e-02;8.607498e-02;4.834080e-02;5.673575e-02;5.255721e-02;1.158628e-01;2.043542e-01;9.216140e-02;1.406132e-01;2.283251e-02;4.399434e-02
3.875845e-02;7.267101e-02;1.123292e-01;6.775625e-02;4.518993e-02;6.663836e-02;1.553418e-01;1.793918e-01;8.028112e-02;1.016743e-01;3.455131e-02;4.541650e-02
5.851314e-02;1.173844e-01;9.752215e-02;5.893978e-02;4.299317e-02;5.109603e-02;2.163619e-01;1.301799e-01;8.913039e-02;5.882968e-02;4.091204e-02;3.813754e-02
5.909977e-02;1.968555e-01;1.162538e-01;5.581099e-02;4.619687e-02;6.381464e-02;1.194187e-01;8.587711e-02;9.571248e-02;8.362205e-02;5.027897e-02;2.705901e-02
8.890382e-02;1.960817e-01;1.607266e-01;7.732888e-02;5.928933e-02;4.630741e-02;9.047812e-02;4.512570e-02;5.267120e-02;7.036451e-02;5.685983e-02;5.586294e-02
1.174021e-01;1.416196e-01;1.399538e-01;9.357271e-02;5.885703e-02;5.903189e-02;9.236509e-02;3.663356e-02;3.517372e-02;7.125776e-02;8.067533e-02;7.345742e-02
1.007332e-01;7.399472e-02;1.007621e-01;1.120808e-01;5.778086e-02;6.942019e-02;1.287897e-01;3.784191e-02;5.158902e-02;9.406448e-02;1.003976e-01;7.254540e-02
8.083326e-02;7.919223e-02;1.121195e-01;9.555032e-02;6.412395e-02;7.198037e-02;1.514747e-01;5.757780e-02;7.739823e-02;7.496525e-02;8.100103e-02;5.378325e-02
1.040721e-01;9.666902e-02;1.065100e-01;9.176651e-02;6.939274e-02;6.379137e-02;1.410549e-01;6.306808e-02;7.827590e-02;5.903266e-02;7.302947e-02;5.333723e-02
1.211911e-01;7.789639e-02;9.458032e-02;1.157641e-01;6.436359e-02;5.401451e-02;1.587305e-01;4.897724e-02;6.900492e-02;7.751303e-02;7.272241e-02;4.524192e-02
6.551114e-02;6.338807e-02;1.161960e-01;8.681611e-02;5.305463e-02;4.846374e-02;1.485805e-01;6.453314e-02;1.297087e-01;1.059515e-01;7.556414e-02;4.223234e-02
8.408482e-02;5.381208e-02;1.111265e-01;7.044961e-02;6.333851e-02;4.189171e-02;1.375351e-01;7.285227e-02;1.621437e-01;1.484316e-01;1.936316e-02;3.497094e-02
6.733207e-02;5.616907e-02;1.133376e-01;8.155508e-02;5.727106e-02;3.496074e-02;1.288961e-01;7.400634e-02;1.560669e-01;1.715089e-01;3.175868e-02;2.713750e-02
5.558671e-02;4.618448e-02;1.160645e-01;8.123431e-02;5.069249e-02;2.825182e-02;1.317785e-01;7.736090e-02;1.408116e-01;1.865925e-01;5.191886e-02;3.352339e-02
7.090674e-02;5.704561e-02;1.092383e-01;6.801644e-02;5.215727e-02;4.001333e-02;1.338095e-01;7.125469e-02;1.269092e-01;1.538856e-01;6.613749e-02;5.062574e-02
7.907730e-02;5.354245e-02;1.352177e-01;5.756275e-02;5.189557e-02;4.926952e-02;1.509266e-01;9.321409e-02;1.045008e-01;1.204660e-01;6.372984e-02;4.059743e-02
6.686912e-02;4.264055e-02;2.015176e-01;6.300003e-02;6.675742e-02;4.070748e-02;1.412670e-01;9.979214e-02;1.218885e-01;9.099523e-02;3.100740e-02;3.355749e-02
5.604153e-02;3.064221e-02;1.803421e-01;6.622620e-02;6.450242e-02;3.341980e-02;1.189244e-01;1.297664e-01;1.696200e-01;5.172131e-02;5.133605e-02;4.745761e-02
4.695527e-02;3.034900e-02;1.509597e-01;6.356616e-02;6.066195e-02;2.992143e-02;1.148599e-01;1.774501e-01;1.546679e-01;4.168529e-02;5.489612e-02;7.402720e-02
6.895287e-02;3.481945e-02;1.682729e-01;3.748803e-02;9.967402e-02;2.635586e-02;1.130235e-01;1.956757e-01;7.409865e-02;2.680391e-02;5.688877e-02;9.794632e-02
1.356305e-01;4.022538e-02;1.219548e-01;1.752685e-02;1.673120e-01;3.400455e-02;1.015395e-01;1.290318e-01;3.997798e-02;2.268640e-02;7.494557e-02;1.151647e-01
2.146039e-01;6.235255e-02;7.064468e-02;2.199821e-02;1.611638e-01;4.007091e-02;6.473595e-02;6.050834e-02;4.503057e-02;3.442768e-02;1.280335e-01;9.642990e-02
2.011189e-01;4.175300e-02;6.072460e-02;2.428559e-02;1.225699e-01;6.796926e-02;5.254751e-02;4.640689e-02;5.164510e-02;8.098391e-02;1.806647e-01;6.933066e-02
1.308829e-01;3.961048e-02;5.567398e-02;3.621892e-02;1.050499e-01;9.188892e-02;5.933533e-02;4.892623e-02;4.445776e-02;1.491039e-01;1.968028e-01;4.204891e-02
7.927384e-02;6.019909e-02;6.150255e-02;5.034384e-02;1.322117e-01;8.092484e-02;8.194292e-02;5.489551e-02;4.414853e-02;1.664047e-01;1.448989e-01;4.325356e-02
8.116981e-02;4.826249e-02;5.158148e-02;4.564167e-02;1.365616e-01;9.135363e-02;1.087424e-01;4.747500e-02;5.881369e-02;1.387902e-01;1.439998e-01;4.760817e-02
5.013651e-02;6.997924e-02;8.065316e-02;4.767129e-02;9.990945e-02;6.159883e-02;1.007293e-01;2.784048e-02;8.089760e-02;1.545210e-01;1.760001e-01;5.006307e-02
7.973853e-02;7.514957e-02;1.259751e-01;3.803787e-02;6.240808e-02;3.564047e-02;6.877910e-02;3.758657e-02;8.921181e-02;1.364598e-01;1.772991e-01;7.371405e-02
1.574628e-01;8.505964e-02;1.195594e-01;5.030939e-02;5.568055e-02;5.306559e-02;1.016138e-01;6.472674e-02;7.060869e-02;7.379885e-02;1.106378e-01;5.747681e-02
1.847373e-01;1.317413e-01;1.385887e-01;4.269732e-02;4.474781e-02;5.458938e-02;4.812204e-02;9.471804e-02;1.232525e-01;3.932324e-02;4.469725e-02;5.278508e-02
1.469994e-01;1.587435e-01;1.691246e-01;3.532166e-02;3.819961e-02;5.825927e-02;2.532186e-02;6.924283e-02;2.019898e-01;4.423188e-02;2.314683e-02;2.941863e-02
1.044389e-01;1.748801e-01;1.534202e-01;3.405365e-02;2.610250e-02;6.527364e-02;1.599823e-02;3.889408e-02;3.174081e-01;3.640255e-02;1.823415e-02;1.489391e-02
5.916531e-02;1.775809e-01;9.192168e-02;3.143046e-02;1.215286e-02;6.128892e-02;1.608649e-02;1.297799e-02;4.815655e-01;3.659844e-02;7.138061e-03;1.209339e-02
4.038875e-02;1.366014e-01;5.060454e-02;2.708651e-02;6.422308e-03;4.273276e-02;2.541349e-02;2.655355e-02;5.584684e-01;5.754680e-02;1.118000e-02;1.700150e-02
5.008860e-02;1.029146e-01;3.751642e-02;2.255845e-02;1.088052e-02;2.910144e-02;2.683818e-02;5.308942e-02;5.817811e-01;3.721277e-02;3.117774e-02;1.684074e-02
6.755927e-02;7.898705e-02;2.439181e-02;1.685469e-02;2.130088e-02;1.992964e-02;3.915995e-02;1.232531e-01;4.990139e-01;2.196014e-02;7.857734e-02;9.012213e-03
8.266874e-02;6.226422e-02;2.093480e-02;9.380223e-03;2.821619e-02;9.839766e-03;6.756481e-02;2.231168e-01;3.242995e-01;1.315542e-02;1.484622e-01;1.009733e-02
9.557620e-02;5.232320e-02;2.388522e-02;4.668886e-03;4.198267e-02;6.027789e-03;7.116610e-02;2.860441e-01;1.852806e-01;7.967230e-03;2.151932e-01;9.884814e-03
1.255866e-01;3.828849e-02;3.701118e-02;3.077182e-03;6.952039e-02;1.249568e-02;7.300834e-02;3.156130e-01;9.092381e-02;9.001902e-03;2.056598e-01;1.981363e-02
1.586564e-01;3.368036e-02;5.740788e-02;5.889484e-03;7.039408e-02;1.574889e-02;8.892482e-02;3.232425e-01;5.052249e-02;3.067014e-02;1.408125e-01;2.405041e-02
1.639449e-01;3.200540e-02;5.362684e-02;1.993912e-02;4.097281e-02;3.905436e-02;1.545139e-01;2.683753e-01;5.355379e-02;8.370964e-02;5.782341e-02;3.248060e-02
1.320506e-01;2.576249e-02;4.135058e-02;3.640356e-02;2.074625e-02;6.984187e-02;2.074853e-01;1.856289e-01;6.644294e-02;1.047686e-01;5.630538e-02;5.321361e-02
1.115429e-01;2.110543e-02;4.656238e-02;4.488482e-02;3.503235e-02;8.641897e-02;1.948664e-01;9.698743e-02;7.843483e-02;9.963922e-02;1.296403e-01;5.488506e-02
9.779496e-02;3.014719e-02;4.742247e-02;3.011327e-02;4.435723e-02;5.140401e-02;9.339394e-02;1.407862e-01;1.528056e-01;6.694688e-02;2.236122e-01;2.121605e-02
8.159805e-02;3.672136e-02;2.979106e-02;7.665757e-03;2.386282e-02;2.858520e-02;6.139054e-02;2.713229e-01;1.825418e-01;6.375100e-02;1.960526e-01;1.671688e-02
7.170908e-02;3.174868e-02;3.616002e-02;1.023533e-02;2.017060e-02;4.573920e-02;4.274552e-02;3.539194e-01;1.473873e-01;6.858543e-02;1.456523e-01;2.594715e-02
4.352809e-02;4.222289e-02;2.784818e-02;1.180468e-02;2.667141e-02;3.027327e-02;9.727184e-02;2.686491e-01;1.724943e-01;9.003811e-02;1.626923e-01;2.650581e-02
5.418326e-02;4.876639e-02;4.897851e-02;2.027319e-02;3.424137e-02;2.777598e-02;1.253843e-01;1.119196e-01;2.222422e-01;6.813726e-02;1.891193e-01;4.897846e-02
6.545715e-02;4.465850e-02;6.344333e-02;2.716069e-02;3.405658e-02;4.039736e-02;1.015944e-01;1.690485e-01;2.128386e-01;3.979282e-02;1.433689e-01;5.818322e-02
5.469902e-02;7.584390e-02;1.023002e-01;5.241789e-02;7.750129e-02;9.392706e-02;1.157816e-01;1.059556e-01;1.410889e-01;7.487541e-02;7.545405e-02;3.015511e-02
4.840495e-02;9.010951e-02;9.582999e-02;5.461961e-02;1.376358e-01;1.194023e-01;1.065561e-01;7.816019e-02;7.451211e-02;1.267045e-01;4.571633e-02;2.234861e-02
3.320179e-02;8.369850e-02;5.857813e-02;4.922382e-02;2.035569e-01;1.169151e-01;7.162747e-02;7.909515e-02;6.704571e-02;1.843372e-01;3.266215e-02;2.005820e-02
3.854232e-02;6.226272e-02;2.080435e-02;6.830802e-02;2.304084e-01;8.994975e-02;5.668950e-02;6.365223e-02;1.067521e-01;2.206094e-01;2.414530e-02;1.787596e-02
5.586307e-02;3.517225e-02;4.169282e-02;1.134144e-01;1.459671e-01;4.357350e-02;1.214225e-01;4.691936e-02;1.989920e-01;1.649428e-01;1.807906e-02;1.396097e-02
6.748958e-02;1.257658e-02;7.719057e-02;1.575722e-01;6.112839e-02;1.646087e-02;1.494681e-01;5.942976e-02;2.791733e-01;8.789263e-02;2.171570e-02;9.902412e-03
5.540021e-02;2.067616e-02;1.646104e-01;1.649862e-01;3.634939e-02;1.923963e-02;1.166335e-01;7.060956e-02;2.827908e-01;3.546935e-02;2.202458e-02;1.121029e-02
3.842612e-02;4.503189e-02;2.957658e-01;1.286703e-01;3.031681e-02;3.993819e-02;7.129383e-02;8.670418e-02;1.979274e-01;2.112518e-02;2.089442e-02;2.390583e-02
4.020947e-02;7.820632e-02;3.195536e-01;6.653212e-02;2.887977e-02;5.198566e-02;1.151009e-01;1.371736e-01;1.035519e-01;1.824434e-02;1.065145e-02;2.991091e-02
4.200313e-02;1.098484e-01;2.146993e-01;2.102035e-02;4.167930e-02;4.098687e-02;2.241002e-01;1.617415e-01;7.505567e-02;2.815795e-02;1.764238e-02;2.306491e-02
7.560421e-02;1.535819e-01;4.113970e-02;3.721724e-02;5.762978e-02;3.626861e-02;3.214119e-01;1.146495e-01;9.279644e-02;3.476253e-02;2.508281e-02;9.855465e-03
1.157113e-01;1.224679e-01;1.032211e-01;6.803293e-02;5.469204e-02;4.503504e-02;2.764529e-01;7.191490e-02;8.538457e-02;2.469863e-02;2.287735e-02;9.511345e-03
1.458614e-01;9.098447e-02;8.595143e-02;7.253204e-02;6.447869e-02;5.569504e-02;2.324171e-01;7.612015e-02;8.193047e-02;4.882206e-02;3.043116e-02;1.477602e-02
1.641778e-01;5.779460e-02;7.652183e-02;4.715579e-02;8.034816e-02;6.579579e-02;1.705757e-01;1.256163e-01;7.998721e-02;7.975040e-02;2.417688e-02;2.809953e-02
1.788587e-01;1.462321e-02;9.488095e-02;5.154971e-02;9.514048e-02;6.284713e-02;1.220613e-01;1.404505e-01;9.706943e-02;7.541627e-02;1.054511e-02;5.655721e-02
1.371427e-01;5.666548e-02;1.167364e-01;3.656045e-02;7.223355e-02;5.991098e-02;1.010889e-01;1.237536e-01;1.502232e-01;6.061374e-02;2.226937e-02;6.280152e-02
6.861914e-02;5.983973e-02;1.795444e-01;6.846688e-02;6.258672e-02;4.307775e-02;1.018055e-01;8.742190e-02;1.249357e-01;1.055348e-01;5.104599e-02;4.712144e-02
2.494407e-02;3.799834e-02;1.957429e-01;1.130288e-01;6.663138e-02;4.134559e-02;1.213988e-01;1.005653e-01;7.157995e-02;1.199723e-01;8.006574e-02;2.672692e-02
3.962228e-02;3.602327e-02;1.551895e-01;1.063855e-01;5.695103e-02;5.434652e-02;1.253148e-01;1.088221e-01;6.572940e-02;9.654266e-02;1.206345e-01;3.443835e-02
3.888959e-02;3.400664e-02;1.332275e-01;9.632813e-02;6.557951e-02;7.067319e-02;1.103023e-01;8.726539e-02;6.808913e-02;6.508472e-02;1.783744e-01;5.217954e-02
4.261565e-02;2.261439e-02;2.130365e-01;7.876428e-02;5.329914e-02;4.276543e-02;8.311532e-02;5.903903e-02;5.564737e-02;7.842340e-02;1.781029e-01;9.257659e-02
7.230594e-02;2.614349e-02;2.635282e-01;5.819965e-02;3.690936e-02;2.510373e-02;6.388065e-02;5.082966e-02;6.401556e-02;7.606256e-02;1.191568e-01;1.438643e-01
1.170958e-01;2.822098e-02;2.848791e-01;3.786533e-02;3.163172e-02;2.629945e-02;8.271739e-02;4.530537e-02;5.948339e-02;6.759580e-02;6.887182e-02;1.500338e-01
1.420572e-01;4.888650e-02;2.657674e-01;3.674060e-02;3.549013e-02;3.541319e-02;1.319588e-01;5.048687e-02;4.055298e-02;6.408072e-02;5.558671e-02;9.297887e-02
1.271278e-01;7.117432e-02;2.542051e-01;4.220539e-02;4.006356e-02;5.214035e-02;1.649574e-01;3.774569e-02;3.528827e-02;7.391610e-02;4.917717e-02;5.199885e-02
9.510640e-02;8.865490e-02;2.540739e-01;4.461460e-02;3.419880e-02;5.719378e-02;1.691840e-01;2.810171e-02;5.366549e-02;8.090153e-02;4.961557e-02;4.468930e-02
1.207156e-01;1.555447e-01;1.999903e-01;3.763179e-02;3.654687e-02;6.616643e-02;1.368861e-01;3.372603e-02;6.297614e-02;5.978968e-02;3.086833e-02;5.915811e-02
1.661184e-01;2.085588e-01;1.463693e-01;3.031957e-02;3.455342e-02;6.655547e-02;1.260102e-01;4.314356e-02;4.541571e-02;4.605529e-02;3.786824e-02;4.903206e-02
2.376355e-01;1.908451e-01;1.040028e-01;4.250146e-02;4.538243e-02;3.779883e-02;1.229324e-01;5.576988e-02;2.819041e-02;4.009314e-02;4.739757e-02;4.745051e-02
2.630607e-01;1.237523e-01;9.688783e-02;5.827207e-02;4.669627e-02;6.275762e-02;1.152427e-01;4.870301e-02;2.621608e-02;4.339324e-02;4.516361e-02;6.985461e-02
2.385310e-01;9.094558e-02;1.227342e-01;6.278591e-02;4.318835e-02;7.994360e-02;1.186713e-01;3.495388e-02;3.954664e-02;3.795817e-02;4.761901e-02;8.312231e-02
1.764455e-01;7.165646e-02;1.909181e-01;7.182042e-02;5.958167e-02;7.523870e-02;1.044029e-01;2.924552e-02;4.814881e-02;3.818959e-02;5.902311e-02;7.532920e-02
1.438327e-01;6.048342e-02;2.398782e-01;6.213001e-02;4.944352e-02;9.167499e-02;8.021267e-02;3.410628e-02;3.674297e-02;4.237369e-02;7.716466e-02;8.195683e-02
1.257280e-01;1.163165e-01;2.239773e-01;4.261469e-02;6.626753e-02;8.091930e-02;6.312259e-02;3.986508e-02;4.022991e-02;4.422438e-02;7.098435e-02;8.575033e-02
1.358633e-01;1.538827e-01;1.800152e-01;4.280078e-02;8.516619e-02;5.919046e-02;4.983191e-02;4.423543e-02;3.636390e-02;6.599548e-02;6.089346e-02;8.576114e-02
1.763338e-01;1.714943e-01;1.179609e-01;3.004656e-02;7.628308e-02;6.610143e-02;5.825297e-02;4.930405e-02;2.686658e-02;7.945629e-02;6.838740e-02;7.951266e-02
1.124881e-01;1.497972e-01;1.970612e-01;5.066129e-02;4.794783e-02;6.542219e-02;7.355459e-02;4.273904e-02;3.994147e-02;7.577139e-02;7.669430e-02;6.792136e-02
6.575012e-02;1.092166e-01;2.440975e-01;7.926036e-02;4.459919e-02;5.166977e-02;9.269785e-02;3.380572e-02;6.214140e-02;7.919068e-02;6.130033e-02;7.627054e-02
1.233014e-01;1.075491e-01;1.421281e-01;7.163373e-02;4.816246e-02;4.895997e-02;1.008379e-01;3.086540e-02;9.005520e-02;8.674295e-02;5.337950e-02;9.638436e-02
9.260123e-02;1.140281e-01;1.237701e-01;5.361662e-02;4.811247e-02;6.066880e-02;1.275046e-01;4.670796e-02;9.064593e-02;7.645284e-02;6.274594e-02;1.031453e-01
1.503168e-01;1.415586e-01;1.690470e-01;4.905039e-02;3.463252e-02;4.145359e-02;1.114438e-01;2.345604e-02;5.884974e-02;3.362655e-02;1.092844e-01;7.728054e-02
1.626339e-01;1.311435e-01;1.530192e-01;6.528737e-02;2.271984e-02;3.560529e-02;7.527125e-02;2.368330e-02;7.957407e-02;6.162580e-02;1.022163e-01;8.722023e-02
1.381607e-01;7.127304e-02;1.298784e-01;8.162120e-02;3.050970e-02;3.764528e-02;6.091842e-02;2.773339e-02;1.085686e-01;8.671085e-02;1.165711e-01;1.104092e-01
1.400652e-01;7.056966e-02;7.642058e-02;5.636873e-02;5.281951e-02;4.380821e-02;6.403856e-02;3.924645e-02;9.752120e-02;1.010269e-01;1.173667e-01;1.407484e-01
1.483035e-01;9.283701e-02;7.321545e-02;3.903848e-02;5.151966e-02;5.193223e-02;1.030106e-01;6.448297e-02;7.024603e-02;8.379944e-02;8.205083e-02;1.395637e-01
1.352603e-01;7.906661e-02;5.935359e-02;5.775303e-02;4.617487e-02;4.269673e-02;1.086320e-01;6.989347e-02;7.913883e-02;9.379105e-02;8.717899e-02;1.410605e-01
