1.657771e-02;9.691362e-02;8.190197e-02;1.619044e-02;1.028372e-02;2.919294e-01;7.036331e-02;3.254234e-01;3.859079e-02;2.030115e-02;1.837730e-02;1.314710e-02
1.323734e-02;8.654240e-02;5.119104e-02;1.667622e-02;1.713903e-02;3.364398e-01;6.506924e-02;2.852418e-01;7.381631e-02;1.958148e-02;2.369953e-02;1.136582e-02
1.651383e-02;7.827570e-02;5.783630e-02;2.714495e-02;2.660009e-02;3.720291e-01;5.353525e-02;2.026671e-01;8.594723e-02;2.608236e-02;3.412751e-02;1.924054e-02
2.176427e-02;7.470196e-02;7.236876e-02;5.588199e-02;3.190297e-02;3.673064e-01;3.568385e-02;1.726836e-01;8.485626e-02;2.792940e-02;3.394536e-02;2.097514e-02
3.024968e-02;7.193033e-02;7.366356e-02;7.090427e-02;2.114420e-02;2.648923e-01;3.291240e-02;2.943952e-01;8.773768e-02;2.059272e-02;2.040365e-02;1.117400e-02
5.330040e-02;8.721880e-02;1.168015e-01;7.116897e-02;3.493340e-02;1.260985e-01;2.542314e-02;2.929893e-01;5.348940e-02;2.665472e-02;5.357230e-02;5.834954e-02
1.004028e-01;6.291360e-02;1.246159e-01;5.433218e-02;4.487382e-02;1.067182e-01;4.211123e-02;2.355985e-01;5.938277e-02;3.093988e-02;4.554386e-02;9.256729e-02
9.075481e-02;7.918891e-02;1.406545e-01;6.863862e-02;4.214169e-02;1.347802e-01;4.025806e-02;2.000356e-01;1.160226e-01;1.448273e-02;1.508957e-02;5.795261e-02
6.804386e-02;7.171126e-02;1.368959e-01;8.309693e-02;3.771941e-02;1.077901e-01;5.473641e-02;1.884150e-01;1.368594e-01;3.687759e-02;3.222013e-02;4.563395e-02
5.330517e-02;8.495440e-02;1.029189e-01;9.320878e-02;5.114328e-02;8.622203e-02;7.221057e-02;1.828643e-01;1.371289e-01;4.697370e-02;3.950121e-02;4.956869e-02
5.529585e-02;1.037667e-01;7.708621e-02;1.149471e-01;8.929175e-02;6.584253e-02;6.995326e-02;1.941853e-01;9.871079e-02;4.457471e-02;3.384808e-02;5.249766e-02
7.205177e-02;1.258339e-01;6.438308e-02;1.089907e-01;7.701042e-02;8.094501e-02;1.022037e-01;2.398208e-01;4.447560e-02;2.969531e-02;1.204554e-02;4.254414e-02
7.443788e-02;1.163436e-01;6.740941e-02;1.180218e-01;3.977597e-02;1.131711e-01;1.174850e-01;2.344640e-01;3.011198e-02;1.937884e-02;9.569912e-03;5.983062e-02
4.844029e-02;6.819461e-02;3.543884e-02;1.525226e-01;3.643038e-02;9.151880e-02;3.026344e-01;1.440418e-01;2.185683e-02;1.746027e-02;1.291780e-02;6.854337e-02
2.704449e-02;3.937933e-02;6.405435e-02;1.220286e-01;2.373476e-02;9.371353e-02;3.955130e-01;8.668496e-02;4.093320e-02;1.852273e-02;3.290057e-02;5.549049e-02
2.200270e-02;2.872445e-02;8.588607e-02;5.194097e-02;3.592361e-02;1.710493e-01;3.084075e-01;1.079448e-01;6.361156e-02;2.096390e-02;6.703493e-02;3.651025e-02
1.772274e-02;5.294902e-02;7.074818e-02;2.769687e-02;5.458950e-02;1.955434e-01;1.975026e-01;1.612114e-01;8.127864e-02;3.061114e-02;7.579103e-02;3.435547e-02
2.110779e-02;9.981598e-02;4.141619e-02;3.529274e-02;8.262176e-02;1.096246e-01;9.076934e-02;2.865994e-01;1.080932e-01;4.499295e-02;5.092327e-02;2.874278e-02
2.837255e-02;9.724717e-02;4.658441e-02;4.137948e-02;1.074642e-01;6.549174e-02;9.251884e-02;2.571277e-01;1.488380e-01;5.750791e-02;3.067095e-02;2.679699e-02
3.082263e-02;6.496423e-02;4.766374e-02;5.291265e-02;1.047184e-01;1.041844e-01;1.730714e-01;1.583018e-01;1.588816e-01;5.564122e-02;3.015845e-02;1.867941e-02
5.458689e-02;8.325808e-02;4.649669e-02;1.126819e-01;7.111035e-02;8.885317e-02;1.436801e-01;1.451965e-01;1.485964e-01;4.443978e-02;2.756472e-02;3.353546e-02
5.861565e-02;8.277592e-02;9.606370e-02;1.653140e-01;3.792673e-02;8.467679e-02;6.675999e-02;1.731536e-01;1.555011e-01;2.346921e-02;2.414777e-02;3.159555e-02
8.000426e-02;6.958713e-02;9.814068e-02;8.990995e-02;9.480131e-02;1.036045e-01;1.239570e-01;1.283259e-01;1.309270e-01;2.838323e-02;2.675495e-02;2.560403e-02
8.504646e-02;7.156090e-02;1.290118e-01;1.008777e-01;9.343280e-02;1.296722e-01;1.402678e-01;8.229915e-02;6.399863e-02;2.412250e-02;4.740272e-02;3.230732e-02
7.648923e-02;1.118612e-01;1.043031e-01;1.775194e-01;7.778344e-02;1.145226e-01;1.422497e-01;8.325086e-02;2.174464e-02;1.443379e-02;3.175182e-02;4.409034e-02
1.238099e-01;1.313684e-01;7.765186e-02;1.783246e-01;1.060478e-01;7.461770e-02;1.195145e-01;1.122649e-01;1.448169e-02;1.082881e-02;1.905574e-02;3.203410e-02
2.161167e-01;1.339250e-01;5.557929e-02;1.323600e-01;1.423508e-01;2.520601e-02;7.269607e-02;1.629619e-01;2.031298e-02;6.629725e-03;1.263241e-02;1.922915e-02
3.402218e-01;1.032938e-01;5.181875e-02;5.022640e-02;1.337233e-01;1.340131e-02;2.702578e-02;2.223859e-01;2.443714e-02;5.995110e-03;9.276819e-03;1.819374e-02
4.038922e-01;7.743637e-02;5.075540e-02;1.070484e-02;8.761553e-02;1.139727e-02;4.037091e-02;2.458444e-01;1.894619e-02;5.777181e-03;7.862136e-03;3.939753e-02
3.956202e-01;4.642897e-02;3.335926e-02;1.781825e-02;5.557088e-02;1.416707e-02;2.507476e-02;2.726049e-01;1.118247e-02;6.087985e-03;1.622889e-02;1.058564e-01
2.758011e-01;5.814542e-02;2.917450e-02;1.749311e-02;3.121953e-02;2.683268e-02;9.490107e-02;2.751553e-01;1.546328e-02;1.093788e-02;2.644528e-02;1.384309e-01
1.837528e-01;5.787734e-02;2.277263e-02;2.100265e-02;2.038655e-02;3.549173e-02;1.882075e-01;3.100807e-01;2.459998e-02;1.492728e-02;3.216629e-02;8.873443e-02
1.290720e-01;6.918708e-02;2.892136e-02;3.408910e-02;1.628201e-02;6.907877e-02;2.045643e-01;3.009281e-01;3.192963e-02;2.673628e-02;2.213635e-02;6.707505e-02
1.020731e-01;8.226001e-02;3.639350e-02;8.757409e-02;3.822722e-02;6.147582e-02;1.328031e-01;2.681815e-01;4.194214e-02;4.083047e-02;1.834366e-02;8.989546e-02
1.272791e-01;1.051430e-01;4.782582e-02;1.321741e-01;3.838543e-02;4.453366e-02;8.154175e-02;1.990480e-01;3.988670e-02;4.044177e-02;1.583052e-02;1.279102e-01
1.400532e-01;9.543204e-02;5.073494e-02;1.503490e-01;3.595335e-02;4.138445e-02;1.206849e-01;1.272293e-01;3.566094e-02;2.898787e-02;7.408482e-03;1.661215e-01
1.173695e-01;1.077494e-01;3.958553e-02;1.643209e-01;4.332532e-02;2.633475e-02;1.726449e-01;1.207490e-01;2.896066e-02;2.098419e-02;6.243126e-03;1.517328e-01
1.544511e-01;1.080984e-01;2.124307e-02;1.382960e-01;5.143603e-02;4.947359e-02;1.661748e-01;1.244636e-01;3.749745e-02;1.757705e-02;1.526671e-02;1.160222e-01
2.273080e-01;1.270046e-01;3.802420e-02;6.650951e-02;7.007624e-02;6.197092e-02;1.324438e-01;1.073375e-01;5.629520e-02;2.495507e-02;1.747353e-02;7.060137e-02
2.280915e-01;1.232008e-01;5.646876e-02;2.849961e-02;7.392775e-02;6.594899e-02;6.783582e-02;1.687993e-01;8.313670e-02;2.840185e-02;2.540104e-02;5.028786e-02
1.559192e-01;1.181669e-01;7.290478e-02;2.474712e-02;5.394262e-02;6.146295e-02;9.942347e-02;2.509488e-01;8.649606e-02;3.724664e-02;1.323076e-02;2.551079e-02
1.161459e-01;1.337263e-01;4.831231e-02;2.895450e-02;5.116716e-02;4.852065e-02;1.264277e-01;2.247355e-01;7.761673e-02;5.646674e-02;4.901404e-02;3.891246e-02
1.168489e-01;1.690585e-01;1.077155e-01;3.707929e-02;3.972009e-02;7.327627e-02;1.056750e-01;8.255574e-02;3.803516e-02;6.611703e-02;1.074314e-01;5.648705e-02
1.213666e-01;2.288665e-01;1.122611e-01;3.629430e-02;6.431232e-02;6.029438e-02;8.432310e-02;4.249386e-02;1.996186e-02;5.314040e-02;1.246703e-01;5.201538e-02
1.020061e-01;3.200311e-01;9.841535e-02;4.784713e-02;8.222669e-02;3.677689e-02;7.715187e-02;4.022795e-02;1.908401e-02;2.914443e-02;1.123391e-01;3.474937e-02
7.591699e-02;3.602078e-01;8.128496e-02;1.686409e-01;5.855373e-02;3.305719e-02;7.226121e-02;2.085067e-02;2.421732e-02;1.198674e-02;7.529575e-02;1.772680e-02
4.937229e-02;3.189038e-01;6.056127e-02;2.785044e-01;2.529412e-02;8.208275e-02;5.888899e-02;3.361489e-02;3.474091e-02;8.307092e-03;3.150376e-02;1.822571e-02
2.652753e-02;2.946598e-01;1.234376e-01;2.295648e-01;2.813451e-02;1.049923e-01;4.393263e-02;7.153537e-02;2.997676e-02;1.267520e-02;8.294445e-03;2.626907e-02
1.520817e-02;2.843121e-01;2.217758e-01;1.261685e-01;3.649354e-02;6.249701e-02;4.291483e-02;1.217647e-01;3.088167e-02;2.200695e-02;4.074336e-03;3.190234e-02
1.952861e-02;2.274805e-01;3.188772e-01;4.480017e-02;1.165290e-01;2.477791e-02;3.237279e-02;1.207223e-01;3.292827e-02;3.546802e-02;2.396646e-03;2.411860e-02
1.831215e-02;1.020751e-01;3.847486e-01;2.627552e-02;2.516734e-01;1.925062e-02;5.903729e-02;5.960117e-02;2.034871e-02;4.591316e-02;3.109963e-03;9.654238e-03
3.267627e-02;7.835513e-02;3.768103e-01;4.571902e-02;2.394325e-01;1.384961e-02;1.215435e-01;2.084635e-02;2.279150e-02;3.696870e-02;6.367330e-03;4.639715e-03
5.105973e-02;5.077015e-02;3.686244e-01;9.128137e-02;1.429086e-01;3.856262e-02;1.494729e-01;1.454745e-02;3.713062e-02;3.146808e-02;1.974764e-02;4.426433e-03
4.759135e-02;5.380698e-02;3.016298e-01;1.745679e-01;7.018115e-02;1.094023e-01;9.546053e-02;2.321112e-02;3.477141e-02;2.659223e-02;5.534547e-02;7.439858e-03
2.665666e-02;5.943039e-02;1.844665e-01;2.408758e-01;8.384238e-02;1.863352e-01;2.717238e-02;4.524318e-02;2.230644e-02;1.367608e-02;9.334834e-02;1.664664e-02
4.852510e-02;6.552287e-02;1.111679e-01;2.126682e-01;9.907845e-02;2.021140e-01;3.113998e-02;5.632263e-02;1.860699e-02;2.232315e-02;1.010571e-01;3.147370e-02
7.785080e-02;1.005276e-01;6.968985e-02;1.465247e-01;1.019448e-01;1.778694e-01;5.040746e-02;8.010280e-02;3.308743e-02;3.588106e-02;6.780767e-02;5.830633e-02
6.379878e-02;1.127099e-01;7.480846e-02;1.263333e-01;7.545801e-02;9.670338e-02;5.727699e-02;1.084943e-01;5.582630e-02;3.908154e-02;8.939353e-02;1.001155e-01
4.788220e-02;7.946770e-02;6.913313e-02;1.639303e-01;9.045123e-02;1.394216e-01;3.871373e-02;9.612282e-02;3.329978e-02;3.018448e-02;1.391191e-01;7.227388e-02
3.894956e-02;5.376241e-02;1.089694e-01;2.229923e-01;8.520420e-02;1.604158e-01;2.313194e-02;8.938117e-02;1.065747e-02;1.171480e-02;1.766817e-01;1.813923e-02
2.674669e-02;5.697457e-02;1.395359e-01;2.548305e-01;6.919733e-02;1.573854e-01;1.810126e-02;6.741385e-02;7.258107e-03;1.178313e-02;1.765489e-01;1.422440e-02
2.966187e-02;5.761553e-02;1.751775e-01;2.481958e-01;6.874772e-02;1.425963e-01;2.648802e-02;4.491043e-02;8.174893e-03;2.252877e-02;1.568410e-01;1.906221e-02
4.160787e-02;1.185880e-01;2.465406e-01;1.663429e-01;6.636792e-02;8.811828e-02;4.124155e-02;2.231129e-02;1.550976e-02;5.860151e-02;9.974484e-02;3.502548e-02
4.175936e-02;1.840689e-01;2.392962e-01;8.656535e-02;4.925024e-02;6.457911e-02;4.157420e-02;2.681810e-02;3.039179e-02;7.973006e-02;7.273538e-02;8.323129e-02
5.483212e-02;2.197143e-01;1.806360e-01;7.811222e-02;4.391447e-02;6.865837e-02;5.071852e-02;4.205248e-02;4.694012e-02;5.923413e-02;6.069248e-02;9.449477e-02
1.025823e-01;2.075950e-01;1.901152e-01;1.152517e-01;7.424551e-02;3.215350e-02;6.422487e-02;4.849746e-02;4.551515e-02;2.107371e-02;4.824886e-02;5.049678e-02
1.012225e-01;2.065478e-01;1.791784e-01;1.469527e-01;1.013005e-01;3.275779e-02;3.714773e-02;5.267372e-02;3.127025e-02;1.287147e-02;4.754624e-02;5.053090e-02
8.447082e-02;1.724469e-01;1.384826e-01;1.683337e-01;9.745735e-02;4.086456e-02;6.202071e-02;5.312450e-02;2.962180e-02;2.656183e-02;6.827843e-02;5.833676e-02
7.871241e-02;2.030789e-01;1.952141e-01;1.187432e-01;2.881305e-02;4.992562e-02;8.075649e-02;4.320438e-02;2.430853e-02;3.381445e-02;8.058842e-02;6.284037e-02
1.113585e-01;2.233388e-01;1.966315e-01;8.014259e-02;2.245784e-02;7.670645e-02;8.869009e-02;4.722465e-02;1.899718e-02;3.291162e-02;7.042054e-02;3.112022e-02
2.317822e-01;1.740341e-01;1.269008e-01;4.041781e-02;4.638032e-02;7.662880e-02;7.184949e-02;6.881837e-02;2.367152e-02;3.151397e-02;8.588511e-02;2.211742e-02
2.489521e-01;1.843439e-01;1.068310e-01;3.012494e-02;5.600259e-02;4.413250e-02;6.026596e-02;7.973738e-02;2.256843e-02;1.779936e-02;1.246440e-01;2.459785e-02
1.466850e-01;2.426588e-01;1.643571e-01;2.945683e-02;3.956963e-02;4.935082e-02;8.306225e-02;6.714948e-02;2.124889e-02;8.822449e-03;1.282100e-01;1.942869e-02
1.012995e-01;3.040314e-01;1.897924e-01;2.118779e-02;2.114685e-02;5.307502e-02;7.888288e-02;5.800539e-02;2.558612e-02;4.853620e-03;1.218039e-01;2.033509e-02
1.128405e-01;3.156228e-01;2.064426e-01;1.497835e-02;1.353079e-02;4.562069e-02;9.386206e-02;3.641577e-02;2.690434e-02;6.763755e-03;1.014859e-01;2.553241e-02
1.408330e-01;2.843788e-01;1.830915e-01;1.648545e-02;1.298642e-02;3.925356e-02;1.012060e-01;4.999187e-02;2.966111e-02;1.297015e-02;8.411475e-02;4.502744e-02
1.223554e-01;2.652853e-01;1.271559e-01;2.426749e-02;1.870092e-02;7.333817e-02;8.954448e-02;8.544458e-02;2.881636e-02;2.542158e-02;6.197680e-02;7.769310e-02
8.419693e-02;2.631829e-01;1.268370e-01;3.187740e-02;3.246549e-02;1.214523e-01;4.985121e-02;1.037346e-01;3.221096e-02;3.191435e-02;5.524341e-02;6.703341e-02
7.734105e-02;2.244628e-01;2.007868e-01;5.952404e-02;3.011002e-02;9.224794e-02;8.197578e-02;5.575069e-02;2.831288e-02;3.008164e-02;4.662723e-02;7.277906e-02
6.043408e-02;1.787888e-01;2.221736e-01;8.513751e-02;3.355332e-02;6.354477e-02;1.247906e-01;5.708503e-02;2.105010e-02;3.535094e-02;4.373129e-02;7.435999e-02
4.714690e-02;1.519007e-01;2.696640e-01;6.953134e-02;4.175287e-02;7.179651e-02;1.072943e-01;9.448669e-02;3.036804e-02;3.490789e-02;3.435709e-02;4.679355e-02
3.957595e-02;1.501746e-01;2.524952e-01;3.086323e-02;4.994412e-02;9.403177e-02;8.571789e-02;1.345481e-01;5.602483e-02;3.798044e-02;3.874358e-02;2.990035e-02
5.633316e-02;1.657222e-01;2.367975e-01;3.388251e-02;3.636227e-02;1.095198e-01;6.529831e-02;1.119686e-01;7.559104e-02;3.395738e-02;5.196632e-02;2.260087e-02
8.385774e-02;1.998626e-01;1.768016e-01;4.688438e-02;4.117765e-02;8.705240e-02;8.149071e-02;7.805306e-02;6.840120e-02;4.436440e-02;5.069159e-02;4.136268e-02
7.673717e-02;1.694400e-01;1.440971e-01;6.672795e-02;4.183906e-02;8.694553e-02;1.073998e-01;9.479007e-02;7.197960e-02;5.908927e-02;4.380583e-02;3.714862e-02
5.701390e-02;1.546094e-01;1.473804e-01;7.301632e-02;3.296737e-02;7.733250e-02;1.053480e-01;1.093246e-01;9.603357e-02;8.083545e-02;2.930135e-02;3.683721e-02
2.059500e-02;1.951554e-01;1.703281e-01;7.044259e-02;3.549161e-02;1.121944e-01;7.101077e-02;1.202180e-01;8.976278e-02;8.110895e-02;1.972030e-02;1.397216e-02
2.559694e-02;2.262877e-01;1.899335e-01;5.455081e-02;3.545723e-02;1.228655e-01;4.444684e-02;1.160726e-01;1.083993e-01;5.785783e-02;8.314081e-03;1.021777e-02
2.816079e-02;2.875350e-01;1.568064e-01;3.349869e-02;3.530284e-02;1.281958e-01;2.682335e-02;1.123320e-01;1.389109e-01;3.899170e-02;5.778595e-03;7.663847e-03
2.418863e-02;3.509942e-01;9.610174e-02;2.931719e-02;8.110534e-02;1.307531e-01;2.581110e-02;7.896452e-02;1.576729e-01;1.380196e-02;7.502310e-03;3.787059e-03
3.527742e-02;3.805245e-01;6.744971e-02;4.381114e-02;1.142006e-01;1.285163e-01;1.883041e-02;4.166931e-02;1.469101e-01;1.156789e-02;5.988204e-03;5.254375e-03
4.789898e-02;4.355049e-01;7.415303e-02;3.844224e-02;5.311814e-02;1.604855e-01;8.332341e-03;2.290345e-02;1.259025e-01;2.178781e-02;4.387661e-03;7.083483e-03
2.737896e-02;4.707477e-01;1.155936e-01;2.267181e-02;1.041059e-02;1.728686e-01;7.712110e-03;1.635404e-02;1.100153e-01;2.784855e-02;4.104223e-03;1.429448e-02
1.511325e-02;4.501429e-01;1.560563e-01;2.605703e-02;1.106675e-02;1.718114e-01;6.118159e-03;1.726871e-02;1.031007e-01;2.368957e-02;3.467385e-03;1.610790e-02
1.001110e-02;4.105030e-01;1.626087e-01;4.054051e-02;8.078370e-03;1.956451e-01;1.131410e-02;1.465691e-02;1.112907e-01;1.592084e-02;5.487299e-03;1.394328e-02
1.150650e-02;3.364917e-01;1.036155e-01;4.004379e-02;9.062627e-03;2.757515e-01;5.451926e-02;1.661029e-02;1.342483e-01;4.572837e-03;6.113612e-03;7.463937e-03
2.042090e-02;2.268354e-01;4.277510e-02;2.594645e-02;1.470113e-02;2.954122e-01;1.008523e-01;3.301115e-02;1.985813e-01;2.133728e-02;7.424010e-03;1.270272e-02
2.674634e-02;1.732430e-01;3.809696e-02;1.461791e-02;1.851879e-02;1.895052e-01;8.371709e-02;5.780217e-02;2.928800e-01;5.528273e-02;1.397208e-02;3.561763e-02
4.991090e-02;1.789647e-01;4.053956e-02;1.239848e-02;1.907637e-02;4.608781e-02;4.382219e-02;7.741123e-02;2.807259e-01;7.646355e-02;6.673030e-02;1.078691e-01
8.697677e-02;1.946218e-01;2.685069e-02;2.430989e-02;4.224280e-02;4.784086e-02;4.919898e-02;1.078698e-01;1.202662e-01;3.602303e-02;1.145719e-01;1.492273e-01
8.794025e-02;2.144754e-01;5.928321e-02;5.922904e-02;5.685220e-02;7.295080e-02;6.019079e-02;1.018316e-01;9.685442e-02;2.610306e-02;8.674317e-02;7.754614e-02
7.268994e-02;2.367064e-01;9.869082e-02;8.434383e-02;4.886688e-02;9.049220e-02;4.905632e-02;9.421755e-02;1.011814e-01;2.473300e-02;4.494848e-02;5.407320e-02
5.680182e-02;2.957800e-01;1.330521e-01;5.817358e-02;4.194301e-02;1.053330e-01;4.796086e-02;8.478457e-02;7.949580e-02;2.988672e-02;2.185933e-02;4.492922e-02
4.419088e-02;2.935192e-01;1.228369e-01;2.358411e-02;3.485788e-02;9.926522e-02;6.534418e-02;8.735466e-02;1.173567e-01;4.398064e-02;2.094260e-02;4.676707e-02
4.313454e-02;2.778844e-01;6.627982e-02;4.221593e-02;2.993849e-02;1.100739e-01;7.894433e-02;8.916836e-02;1.717778e-01;3.687625e-02;1.652849e-02;3.717760e-02
4.106183e-02;2.582053e-01;1.213340e-01;3.727485e-02;2.885867e-02;1.008184e-01;6.314451e-02;7.532945e-02;1.829820e-01;5.523723e-02;2.023229e-02;1.552151e-02
4.807168e-02;1.972433e-01;8.880774e-02;1.978202e-02;2.949904e-02;1.017599e-01;3.437584e-02;7.580902e-02;2.248662e-01;1.201856e-01;2.786840e-02;3.173123e-02
5.493063e-02;1.538918e-01;8.568530e-02;2.024523e-02;2.187406e-02;8.635644e-02;2.016866e-02;7.436838e-02;2.601146e-01;1.488705e-01;2.706415e-02;4.643026e-02
6.411157e-02;1.488614e-01;1.025335e-01;2.839473e-02;2.520886e-02;6.947222e-02;3.381702e-02;1.210227e-01;2.089859e-01;1.215262e-01;2.278863e-02;5.327723e-02
6.913021e-02;1.591238e-01;9.463827e-02;2.900763e-02;3.334765e-02;8.077649e-02;8.682851e-02;1.251334e-01;1.364896e-01;1.103599e-01;2.585356e-02;4.931096e-02
6.135504e-02;1.495788e-01;9.701630e-02;4.226730e-02;5.238903e-02;1.062411e-01;1.170422e-01;8.899994e-02;8.097861e-02;1.356729e-01;2.492796e-02;4.353090e-02
5.807351e-02;1.246102e-01;1.276869e-01;4.416035e-02;6.387289e-02;1.190836e-01;1.101031e-01;1.258435e-01;5.731180e-02;9.279298e-02;2.801607e-02;4.844523e-02
9.340870e-02;8.161050e-02;1.175302e-01;7.202645e-02;4.231409e-02;1.225149e-01;1.063106e-01;1.641644e-01;5.473435e-02;3.592284e-02;4.543217e-02;6.403083e-02
1.186439e-01;7.677632e-02;1.119772e-01;6.156515e-02;2.645560e-02;1.581521e-01;9.955578e-02;1.133771e-01;8.521676e-02;2.631917e-02;5.791254e-02;6.404844e-02
1.046155e-01;9.077162e-02;1.074350e-01;3.771778e-02;3.795896e-02;1.441721e-01;1.074977e-01;1.058285e-01;1.201135e-01;3.196799e-02;5.157593e-02;6.034542e-02
7.606191e-02;1.401873e-01;1.152273e-01;3.391617e-02;3.764911e-02;1.178563e-01;1.090624e-01;1.237920e-01;1.390630e-01;2.524922e-02;3.643246e-02;4.550288e-02
4.811465e-02;2.128876e-01;1.492373e-01;4.192616e-02;2.170615e-02;1.069961e-01;7.842363e-02;1.327014e-01;1.386979e-01;2.257219e-02;2.662153e-02;2.011544e-02
2.784479e-02;2.815362e-01;1.620235e-01;4.379347e-02;1.758155e-02;8.076753e-02;5.920912e-02;1.161985e-01;1.185609e-01;3.438034e-02;2.316835e-02;3.493585e-02
3.616284e-02;3.352994e-01;1.664094e-01;3.960370e-02;8.908930e-03;4.359391e-02;7.891089e-02;8.505183e-02;8.568486e-02;4.302432e-02;2.864284e-02;4.870702e-02
5.125061e-02;3.137418e-01;1.485897e-01;2.747802e-02;1.733890e-02;8.163425e-02;7.620610e-02;8.657854e-02;9.509486e-02;4.059468e-02;1.873673e-02;4.275578e-02
4.363728e-02;2.362828e-01;1.545064e-01;3.714205e-02;1.993378e-02;1.126624e-01;4.541016e-02;1.264747e-01;1.231628e-01;3.486745e-02;1.947423e-02;4.644587e-02
3.871972e-02;1.735183e-01;1.599996e-01;4.104173e-02;3.784940e-02;1.872392e-01;4.646205e-02;1.007656e-01;9.837082e-02;3.775344e-02;3.044994e-02;4.783003e-02
6.760746e-02;1.875782e-01;1.497411e-01;4.400017e-02;4.921646e-02;1.891317e-01;7.770997e-02;6.382293e-02;8.790094e-02;2.687151e-02;2.831267e-02;2.810683e-02
4.830132e-02;1.551174e-01;7.116860e-02;5.124874e-02;5.300814e-02;1.360352e-01;9.853117e-02;1.011833e-01;1.223138e-01;5.681306e-02;5.954143e-02;4.673778e-02
4.259854e-02;5.618459e-02;6.789413e-02;7.589617e-02;9.820616e-02;1.206620e-01;1.481683e-01;1.889105e-01;9.696031e-02;5.521451e-02;9.516412e-03;3.978837e-02
1.636181e-02;5.952547e-02;6.198231e-02;8.235607e-02;8.521145e-02;7.301357e-02;1.615445e-01;2.129773e-01;8.699166e-02;5.498517e-02;2.434272e-02;8.070788e-02
1.649984e-02;5.076597e-02;4.747849e-02;9.380384e-02;5.229128e-02;3.552902e-02;2.361875e-01;1.994160e-01;6.420638e-02;3.848367e-02;1.812760e-02;1.472104e-01
1.738075e-02;3.416333e-02;2.343077e-02;8.782069e-02;1.837730e-02;4.416724e-02;3.149596e-01;1.220115e-01;2.676502e-02;4.006606e-02;2.820375e-02;2.426539e-01
2.292290e-02;2.204335e-02;1.139494e-02;5.546558e-02;1.014200e-02;3.355936e-02;3.504587e-01;5.061970e-02;1.928268e-02;7.274675e-02;1.615310e-02;3.352109e-01
2.850652e-02;2.037648e-02;1.043701e-02;4.941335e-02;1.482850e-02;2.495435e-02;3.261053e-01;4.118607e-02;2.123191e-02;8.921824e-02;1.037272e-02;3.633696e-01
6.801794e-02;1.809411e-02;1.082834e-02;5.937380e-02;2.208660e-02;3.423785e-02;2.454516e-01;9.842344e-02;1.803164e-02;1.111068e-01;7.041968e-03;3.073059e-01
2.335720e-01;2.069031e-02;1.223920e-02;3.190858e-02;2.658256e-02;5.694246e-02;1.114238e-01;1.964062e-01;1.742350e-02;8.404516e-02;3.293979e-02;1.758265e-01
3.711621e-01;2.126089e-02;1.200262e-02;1.409891e-02;4.921589e-02;3.966976e-02;4.261665e-02;2.696951e-01;1.756023e-02;3.940596e-02;6.741938e-02;5.589246e-02
4.206361e-01;2.276192e-02;1.027808e-02;7.929243e-03;6.784575e-02;2.407301e-02;4.146367e-02;2.494361e-01;2.387010e-02;2.636040e-02;9.451105e-02;1.083453e-02
3.663146e-01;5.723635e-02;1.207418e-02;1.228611e-02;9.461296e-02;2.825613e-02;6.738677e-02;1.762996e-01;3.920016e-02;2.210198e-02;1.132115e-01;1.101962e-02
2.712195e-01;6.578553e-02;1.233552e-02;1.136859e-02;1.128894e-01;2.760561e-02;9.759812e-02;1.471326e-01;6.578249e-02;2.138638e-02;1.283417e-01;3.855453e-02
1.760390e-01;7.255542e-02;1.228917e-02;1.056606e-02;9.723078e-02;4.849249e-02;8.890954e-02;1.983160e-01;1.079470e-01;1.211274e-02;1.132289e-01;6.231293e-02
8.392899e-02;8.171433e-02;9.016359e-03;1.332218e-02;5.964603e-02;8.904415e-02;8.013176e-02;2.310732e-01;2.137281e-01;1.831153e-02;6.826851e-02;5.181487e-02
6.636586e-02;7.376220e-02;9.809540e-03;1.389070e-02;3.234188e-02;1.161302e-01;7.240036e-02;1.985319e-01;2.871901e-01;3.275996e-02;3.756443e-02;5.925283e-02
5.665972e-02;7.497661e-02;1.088365e-02;1.633061e-02;2.623325e-02;1.204971e-01;7.096907e-02;1.771282e-01;2.892544e-01;4.916843e-02;2.928994e-02;7.860903e-02
9.025989e-02;5.875646e-02;1.582551e-02;1.542414e-02;3.086092e-02;6.675538e-02;9.058040e-02;2.544817e-01;1.906548e-01;4.940625e-02;5.134117e-02;8.565332e-02
1.312296e-01;3.510390e-02;1.082993e-02;1.103827e-02;5.035649e-02;4.730755e-02;2.163553e-01;1.813254e-01;1.070640e-01;5.791343e-02;7.073104e-02;8.074512e-02
1.040273e-01;2.157194e-02;1.148127e-02;6.500957e-03;3.773047e-02;5.007535e-02;2.874865e-01;2.211518e-01;7.623624e-02;4.178784e-02;5.739517e-02;8.455510e-02
1.109437e-01;2.083109e-02;1.530981e-02;9.766486e-03;1.957607e-02;5.604509e-02;2.801744e-01;2.207217e-01;1.069864e-01;2.644530e-02;3.993939e-02;9.326067e-02
1.667073e-01;2.145256e-02;1.218748e-02;1.039992e-02;2.062487e-02;4.086445e-02;3.077901e-01;1.485844e-01;1.300304e-01;3.300803e-02;2.948614e-02;7.886443e-02
1.522591e-01;3.610789e-02;1.228009e-02;2.266559e-02;2.589380e-02;4.232460e-02;2.827411e-01;1.980474e-01;1.291630e-01;3.970021e-02;3.417522e-02;2.464206e-02
5.776789e-02;9.124156e-02;2.999327e-02;2.461650e-02;1.795479e-02;5.996836e-02;2.249904e-01;2.354011e-01;1.417708e-01;3.800989e-02;4.501456e-02;3.327091e-02
1.640719e-01;7.912828e-02;2.949824e-02;1.513707e-02;1.586275e-02;3.926237e-02;1.973250e-01;3.175114e-01;7.500275e-02;1.947917e-02;2.507071e-02;2.265036e-02
2.113408e-01;7.874194e-02;3.809292e-02;1.484048e-02;2.457961e-02;2.529038e-02;2.680649e-01;2.405339e-01;4.282026e-02;1.684096e-02;1.145791e-02;2.739588e-02
2.408349e-01;8.524783e-02;3.373037e-02;8.906499e-03;1.995833e-02;3.136857e-02;2.979264e-01;1.684937e-01;6.431022e-02;1.616774e-02;1.276869e-02;2.028671e-02
2.338551e-01;7.010935e-02;2.570905e-02;1.355145e-02;1.455202e-02;4.026952e-02;2.783164e-01;1.546996e-01;9.348233e-02;1.793613e-02;1.412552e-02;4.339353e-02
1.561728e-01;5.231865e-02;1.982223e-02;1.500191e-02;1.301961e-02;1.786461e-02;2.536876e-01;1.987135e-01;8.862495e-02;1.854723e-02;1.592294e-02;1.503039e-01
1.161420e-01;5.605039e-02;2.242296e-02;1.481847e-02;1.028056e-02;1.826474e-02;2.401851e-01;1.806606e-01;6.036338e-02;3.070520e-02;2.130391e-02;2.288027e-01
1.682336e-01;7.707065e-02;3.091583e-02;2.098165e-02;9.777660e-03;2.101316e-02;1.787645e-01;1.381064e-01;4.904051e-02;4.047521e-02;1.947731e-02;2.461436e-01
1.874425e-01;7.021136e-02;3.597190e-02;1.949930e-02;1.236345e-02;1.787445e-02;1.174790e-01;2.319812e-01;4.265208e-02;3.463579e-02;2.184809e-02;2.080409e-01
2.092687e-01;7.464249e-02;3.550173e-02;1.217901e-02;2.655035e-02;2.898851e-02;1.134000e-01;2.300146e-01;4.629633e-02;2.402337e-02;2.309703e-02;1.760379e-01
1.369704e-01;1.177353e-01;3.578892e-02;1.978950e-02;2.994292e-02;3.899031e-02;1.617563e-01;1.894077e-01;5.020169e-02;2.392869e-02;1.586119e-02;1.796272e-01
1.593675e-01;1.011912e-01;3.231134e-02;2.787835e-02;2.214392e-02;1.766453e-02;1.575333e-01;2.188816e-01;3.546767e-02;2.971411e-02;1.006956e-02;1.877770e-01
2.280774e-01;6.839368e-02;5.560583e-02;1.301287e-02;1.153706e-02;2.154612e-02;1.306658e-01;1.878339e-01;4.243294e-02;2.213922e-02;9.284648e-03;2.094706e-01
7.743495e-02;1.212613e-01;5.531666e-02;1.411694e-02;2.843230e-02;3.518150e-02;1.826120e-01;1.395987e-01;3.945425e-02;1.160196e-02;1.588854e-02;2.791008e-01
2.377997e-01;1.164018e-01;5.127423e-02;4.658753e-02;4.174617e-02;3.070790e-02;1.201373e-01;8.427830e-02;3.077873e-02;1.001733e-02;2.116675e-02;2.091043e-01
2.084704e-01;1.318062e-01;5.436260e-02;6.943564e-02;5.264053e-02;4.714134e-02;5.189587e-02;8.016303e-02;2.275823e-02;4.240400e-02;4.392116e-02;1.950010e-01
7.709024e-02;1.273761e-01;1.925969e-01;8.893182e-02;5.418234e-02;4.841657e-02;2.120784e-02;5.562833e-02;1.701485e-02;1.005685e-01;6.086835e-02;1.561182e-01
2.176155e-02;9.735298e-02;3.072512e-01;1.098569e-01;4.553531e-02;4.074457e-02;2.712951e-02;3.752725e-02;7.344129e-03;1.481006e-01;9.113595e-02;6.625999e-02
2.543763e-02;9.770466e-02;3.828257e-01;8.270629e-02;3.046610e-02;1.474942e-02;2.868963e-02;1.638682e-02;1.499032e-02;2.081939e-01;7.726333e-02;2.058617e-02
1.540269e-02;9.440757e-02;4.088135e-01;4.631130e-02;1.546143e-02;6.405409e-03;2.779981e-02;1.287223e-02;3.621881e-02;2.757739e-01;5.486971e-02;5.663661e-03
1.105513e-02;1.271707e-01;3.573798e-01;2.343726e-02;1.214919e-02;8.336248e-03;1.692041e-02;2.151828e-02;8.601699e-02;2.875263e-01;4.069867e-02;7.791053e-03
1.921715e-02;1.659828e-01;2.735670e-01;9.203139e-03;1.128443e-02;1.041324e-02;5.937620e-03;3.453135e-02;1.653575e-01;2.438594e-01;4.971790e-02;1.092841e-02
4.008086e-02;1.916263e-01;2.324965e-01;1.859399e-02;9.127731e-03;1.832305e-02;5.409510e-03;4.526768e-02;2.408767e-01;1.244291e-01;5.283141e-02;2.093713e-02
4.034508e-02;2.340868e-01;1.735662e-01;2.791350e-02;6.995759e-03;3.575797e-02;7.912671e-03;4.510047e-02;2.370185e-01;1.156697e-01;3.459631e-02;4.103707e-02
4.258452e-02;2.938181e-01;1.329562e-01;5.812116e-02;4.672948e-03;4.899675e-02;2.232723e-02;3.447802e-02;2.241860e-01;8.287504e-02;9.956565e-03;4.502748e-02
6.356091e-02;2.953857e-01;1.855444e-01;8.691249e-02;3.738456e-03;5.067206e-02;2.663435e-02;2.007231e-02;2.006704e-01;1.922987e-02;2.625116e-02;2.132792e-02
5.996724e-02;2.977581e-01;1.686388e-01;9.628426e-02;4.781764e-03;3.633558e-02;2.339481e-02;1.481236e-02;1.927059e-01;3.477342e-02;3.127171e-02;3.927608e-02
5.773635e-02;3.371262e-01;1.336487e-01;9.874073e-02;8.321133e-03;3.143227e-02;2.197212e-02;2.175729e-02;1.966281e-01;7.995295e-03;2.980115e-02;5.484070e-02
6.586108e-02;3.494828e-01;1.338759e-01;6.759756e-02;6.131864e-03;2.914442e-02;1.848620e-02;3.019517e-02;1.550341e-01;4.611296e-02;3.347240e-02;6.460558e-02
7.274268e-02;3.420978e-01;1.169908e-01;5.072124e-02;1.272955e-02;3.228283e-02;1.696314e-02;3.565685e-02;1.559163e-01;6.334801e-02;2.548670e-02;7.506422e-02
6.968259e-02;3.021012e-01;9.745062e-02;5.405768e-02;2.726991e-02;3.583869e-02;1.359483e-02;4.536698e-02;1.919409e-01;4.984324e-02;3.429064e-02;7.856265e-02
6.619959e-02;2.769878e-01;9.009201e-02;5.070786e-02;2.880631e-02;4.131014e-02;2.940328e-02;3.408706e-02;2.022370e-01;4.782082e-02;5.199788e-02;8.035027e-02
7.562188e-02;2.660750e-01;1.019933e-01;2.774761e-02;4.031886e-02;2.822335e-02;4.692689e-02;4.237563e-02;1.505161e-01;7.841372e-02;6.817906e-02;7.360858e-02
1.009365e-01;2.688403e-01;1.847682e-01;2.943386e-02;6.847320e-02;1.686734e-02;3.774843e-02;7.740792e-02;7.067980e-02;2.388359e-02;8.384834e-02;3.711255e-02
1.066304e-01;2.597228e-01;2.083936e-01;3.006785e-02;9.375276e-02;1.812718e-02;2.689293e-02;6.779338e-02;4.314267e-02;4.094452e-02;9.593391e-02;8.597990e-03
1.402627e-01;2.211164e-01;1.743261e-01;3.185312e-02;1.171968e-01;1.370776e-02;1.547482e-02;7.065034e-02;3.964381e-02;5.254799e-02;1.115170e-01;1.170324e-02
1.679249e-01;1.881416e-01;1.333614e-01;2.432491e-02;1.765922e-01;1.266430e-02;8.940199e-03;1.079162e-01;2.985783e-02;2.936702e-02;1.151483e-01;5.761205e-03
1.587448e-01;1.374911e-01;1.263850e-01;1.417340e-02;2.172863e-01;1.438128e-02;8.063777e-03;1.631161e-01;4.814129e-02;2.554464e-02;7.481600e-02;1.185636e-02
1.415286e-01;9.677780e-02;1.364519e-01;1.761995e-02;1.920668e-01;3.385813e-02;2.584573e-02;1.918586e-01;5.628386e-02;3.116819e-02;4.053500e-02;3.600542e-02
9.166936e-02;5.730179e-02;9.613203e-02;7.248748e-02;1.221399e-01;7.598127e-02;1.242302e-01;1.967778e-01;3.956156e-02;2.900321e-02;1.613048e-02;7.858489e-02
6.576274e-02;4.465362e-02;4.845680e-02;1.020663e-01;1.490204e-01;7.352110e-02;1.482206e-01;1.991628e-01;3.068787e-02;3.955925e-02;1.715139e-02;8.173717e-02
4.112685e-02;3.238728e-02;2.077513e-02;1.294665e-01;1.266329e-01;7.122048e-02;2.064520e-01;2.068163e-01;2.426248e-02;3.427121e-02;1.582590e-02;9.076295e-02
2.256978e-02;2.141152e-02;2.877765e-02;1.279222e-01;5.355311e-02;8.252567e-02;3.196888e-01;1.712966e-01;3.384588e-02;1.700799e-02;1.797368e-02;1.034271e-01
2.483748e-02;2.864251e-02;7.058073e-02;7.027302e-02;2.998568e-02;1.638111e-01;2.989136e-01;9.137122e-02;5.840095e-02;1.079088e-02;7.308719e-02;7.930566e-02
3.212427e-02;6.762935e-02;8.456402e-02;2.466281e-02;7.194687e-02;2.343444e-01;1.454925e-01;8.632006e-02;6.329855e-02;4.552092e-02;1.170796e-01;2.701667e-02
5.341913e-02;9.943300e-02;5.074858e-02;4.300363e-02;1.157233e-01;1.747425e-01;6.217627e-02;1.176576e-01;5.986848e-02;1.244562e-01;8.709500e-02;1.167644e-02
1.149907e-01;7.515968e-02;3.052322e-02;7.162853e-02;1.116080e-01;7.200035e-02;9.636292e-02;1.008137e-01;1.064741e-01;1.373274e-01;4.730622e-02;3.580528e-02
1.188872e-01;3.159344e-02;7.897457e-02;8.531536e-02;5.462134e-02;5.561822e-02;1.061667e-01;8.133873e-02;1.310514e-01;7.992379e-02;8.217831e-02;9.433094e-02
5.109659e-02;2.627571e-02;1.228017e-01;4.972288e-02;2.623039e-02;7.751849e-02;9.658534e-02;1.732726e-01;8.255430e-02;6.503248e-02;9.824872e-02;1.306608e-01
1.008357e-02;7.192275e-02;1.100267e-01;2.765410e-02;5.875298e-02;5.489998e-02;1.357697e-01;1.668021e-01;3.844852e-02;5.743930e-02;1.663024e-01;1.018979e-01
2.556530e-02;1.096925e-01;5.301565e-02;3.389135e-02;7.189164e-02;2.978718e-02;1.930204e-01;8.534683e-02;6.161509e-02;6.298482e-02;2.314801e-01;4.170911e-02
1.702733e-02;1.033632e-01;4.287453e-02;6.837724e-02;5.171232e-02;6.642450e-02;1.926453e-01;5.445759e-02;6.894870e-02;7.001952e-02;2.067035e-01;5.744625e-02
6.733955e-02;6.326350e-02;3.828698e-02;1.153053e-01;4.315843e-02;1.156655e-01;1.480728e-01;5.789144e-02;3.782672e-02;1.268903e-01;1.203790e-01;6.592043e-02
1.206135e-01;3.362204e-02;1.628667e-02;1.237521e-01;5.041426e-02;1.433359e-01;9.483296e-02;6.187198e-02;3.209213e-02;2.220413e-01;6.208141e-02;3.905576e-02
1.902902e-01;2.618757e-02;1.558303e-02;1.052902e-01;4.001942e-02;1.612347e-01;4.691213e-02;6.900860e-02;1.972043e-02;2.742772e-01;3.349030e-02;1.798623e-02
2.189763e-01;1.544387e-02;1.966650e-02;5.562652e-02;2.432642e-02;1.654185e-01;2.404761e-02;1.053511e-01;3.621575e-02;2.778180e-01;3.595895e-02;2.115057e-02
2.188271e-01;9.129312e-03;2.524971e-02;5.760336e-02;2.185492e-02;1.708266e-01;1.880558e-02;1.063920e-01;4.029032e-02;2.570931e-01;4.402862e-02;2.989930e-02
2.021260e-01;1.079322e-02;3.413199e-02;5.982998e-02;1.978219e-02;1.824734e-01;4.197442e-02;9.277067e-02;4.648057e-02;2.129650e-01;5.589362e-02;4.077886e-02
1.887538e-01;2.174998e-02;3.432158e-02;2.698732e-02;2.816415e-02;1.952890e-01;5.610634e-02;9.870927e-02;5.888212e-02;1.596515e-01;9.125553e-02;4.012940e-02
1.556358e-01;2.634985e-02;5.456023e-02;2.514811e-02;3.536314e-02;1.461694e-01;5.035091e-02;8.692157e-02;7.132952e-02;1.019275e-01;1.605296e-01;8.571430e-02
1.175714e-01;3.002241e-02;6.988644e-02;3.152791e-02;2.583762e-02;8.091832e-02;4.587058e-02;4.784236e-02;8.899102e-02;1.440216e-01;1.971708e-01;1.203396e-01
7.363931e-02;2.208040e-02;9.818739e-02;3.171531e-02;3.721661e-02;7.345256e-02;5.105548e-02;5.039744e-02;1.310594e-01;9.566058e-02;2.366995e-01;9.883600e-02
4.201378e-02;2.059106e-02;1.231317e-01;3.164943e-02;6.743616e-02;7.319107e-02;7.826678e-02;2.663078e-02;1.671222e-01;5.160794e-02;2.147554e-01;1.036037e-01
8.305240e-03;3.581370e-02;1.214114e-01;2.001986e-02;9.059578e-02;6.351274e-02;8.749350e-02;3.338752e-02;1.846278e-01;8.604868e-02;1.493680e-01;1.194157e-01
2.025881e-02;3.083354e-02;8.232117e-02;2.319253e-02;9.822845e-02;1.361574e-01;8.471420e-02;6.316061e-02;1.745788e-01;6.477714e-02;1.396526e-01;8.212470e-02
5.192620e-02;1.442214e-02;4.684925e-02;2.974934e-02;1.332797e-01;1.748945e-01;5.940720e-02;5.458988e-02;1.561072e-01;8.928898e-02;1.244838e-01;6.500180e-02
7.844131e-02;1.508062e-02;5.070727e-02;5.889419e-02;1.535642e-01;1.670746e-01;8.175068e-02;3.283077e-02;1.020016e-01;7.777859e-02;9.458698e-02;8.728924e-02
8.054149e-02;3.128012e-02;7.497650e-02;7.322286e-02;1.368545e-01;1.534332e-01;1.076597e-01;5.237941e-02;5.910626e-02;7.178470e-02;7.160952e-02;8.715168e-02
6.626547e-02;5.862245e-02;8.070111e-02;7.095048e-02;9.330992e-02;9.141738e-02;1.043440e-01;1.067355e-01;7.637104e-02;1.485589e-01;5.254679e-02;5.017691e-02
5.825470e-02;5.964763e-02;7.081337e-02;7.238302e-02;7.925230e-02;1.947482e-01;5.224740e-02;8.416660e-02;4.820572e-02;1.020330e-01;1.028272e-01;7.542083e-02
4.672500e-02;3.911652e-02;5.809922e-02;6.306786e-02;9.482417e-02;2.683626e-01;7.177159e-02;6.199520e-02;4.125714e-02;8.719701e-02;9.935510e-02;6.822854e-02
6.396548e-02;2.950332e-02;7.427600e-02;3.806734e-02;9.806536e-02;2.936140e-01;7.743988e-02;4.831277e-02;5.237218e-02;8.750970e-02;9.333700e-02;4.353701e-02
9.765974e-02;4.214938e-02;1.199694e-01;4.454033e-02;9.989779e-02;2.395355e-01;1.056533e-01;4.426031e-02;6.260332e-02;5.683222e-02;7.708818e-02;9.810524e-03
1.099273e-01;7.279895e-02;1.318483e-01;8.136890e-02;7.650118e-02;1.341492e-01;1.042538e-01;5.376561e-02;6.421600e-02;6.739309e-02;7.375813e-02;3.001954e-02
1.378089e-01;8.305980e-02;1.286418e-01;7.534491e-02;3.346196e-02;1.809977e-01;7.998577e-02;5.197533e-02;5.989257e-02;5.914701e-02;4.844315e-02;6.124100e-02
1.436159e-01;9.785493e-02;1.264249e-01;5.305772e-02;4.977854e-02;2.011759e-01;4.245752e-02;7.832050e-02;7.700616e-02;3.768455e-02;2.599783e-02;6.662555e-02
5.128285e-02;9.527639e-02;1.538619e-01;4.094903e-02;5.715411e-02;2.559839e-01;2.487466e-02;8.274769e-02;1.163277e-01;6.389000e-02;3.098623e-02;2.666552e-02
5.642099e-02;6.534636e-02;1.643749e-01;2.879381e-02;4.784521e-02;2.490568e-01;2.397636e-02;8.036093e-02;1.442534e-01;9.263405e-02;2.184230e-02;2.509489e-02
3.144493e-02;6.295970e-02;1.149371e-01;2.596031e-02;3.929543e-02;2.253568e-01;2.632659e-02;7.863596e-02;1.573570e-01;1.377734e-01;5.618378e-02;4.376893e-02
7.032121e-02;1.214312e-01;9.978747e-02;3.100615e-02;4.474276e-02;1.799472e-01;3.521958e-02;7.516926e-02;8.315255e-02;1.359307e-01;5.077306e-02;7.251885e-02
7.897398e-02;1.174576e-01;6.639081e-02;4.278832e-02;8.917715e-02;1.883157e-01;5.755194e-02;5.964300e-02;3.802766e-02;1.052823e-01;5.360430e-02;1.027872e-01
5.110485e-02;1.118707e-01;6.398106e-02;7.364116e-02;1.270601e-01;1.561704e-01;6.090856e-02;5.491508e-02;3.388618e-02;8.099157e-02;9.182214e-02;9.364806e-02
3.010939e-02;1.132086e-01;8.932468e-02;1.268262e-01;1.681624e-01;1.134510e-01;5.972294e-02;5.477888e-02;7.184747e-02;4.961336e-02;5.965526e-02;6.329978e-02
2.914157e-02;9.506933e-02;8.333535e-02;1.403205e-01;1.856441e-01;8.246511e-02;5.139194e-02;7.091206e-02;5.857014e-02;9.968652e-02;4.833052e-02;5.513293e-02
7.751554e-02;8.490784e-02;4.913314e-02;9.560075e-02;1.481967e-01;7.248454e-02;3.764927e-02;9.619196e-02;5.904824e-02;1.357075e-01;5.730496e-02;8.625962e-02
1.328748e-01;9.049454e-02;4.149795e-02;9.940836e-02;1.097391e-01;6.113895e-02;5.307551e-02;8.627198e-02;7.658429e-02;1.288387e-01;2.686999e-02;9.320584e-02
1.346376e-01;9.171009e-02;5.637050e-02;1.009164e-01;1.046724e-01;6.472254e-02;7.108504e-02;4.343043e-02;6.337322e-02;1.208885e-01;7.383704e-02;7.435625e-02
1.290550e-01;1.058658e-01;1.095334e-01;8.268766e-02;7.937462e-02;5.134941e-02;8.527540e-02;7.460335e-02;8.194245e-02;6.034886e-02;8.888387e-02;5.108019e-02
1.600290e-01;7.398387e-02;7.276832e-02;7.305801e-02;5.098638e-02;8.421011e-02;9.055239e-02;8.036266e-02;1.036669e-01;1.433064e-01;5.097748e-02;1.609858e-02
1.367978e-01;4.558484e-02;8.066447e-02;4.510283e-02;7.036221e-02;3.811805e-02;1.108066e-01;4.774311e-02;8.881031e-02;2.287622e-01;9.012096e-02;1.712647e-02
1.008198e-01;5.415909e-02;1.063577e-01;5.475619e-02;6.486717e-02;6.607727e-02;1.214090e-01;5.918219e-02;6.409697e-02;1.678301e-01;1.059283e-01;3.451627e-02
6.246104e-02;6.658811e-02;1.272151e-01;6.610367e-02;4.455226e-02;8.472762e-02;1.649323e-01;9.103536e-02;8.293516e-02;9.133856e-02;8.373432e-02;3.437649e-02
2.197537e-02;6.838880e-02;9.372785e-02;4.037897e-02;5.948423e-02;1.583785e-01;1.947787e-01;1.012984e-01;7.910450e-02;8.523931e-02;5.955779e-02;3.768760e-02
5.124552e-02;4.010936e-02;8.675943e-02;3.691336e-02;6.511144e-02;1.854358e-01;1.711632e-01;8.277754e-02;8.288489e-02;9.272949e-02;6.557722e-02;3.929276e-02
5.686432e-02;3.905664e-02;1.036604e-01;8.450066e-02;6.927653e-02;2.130764e-01;1.049848e-01;9.933539e-02;6.114327e-02;7.135238e-02;5.164345e-02;4.510585e-02
5.363781e-02;6.026866e-02;1.194088e-01;6.822470e-02;8.143502e-02;2.133719e-01;1.145761e-01;9.163552e-02;4.985298e-02;6.156084e-02;6.187835e-02;2.414930e-02
