1.091343e-01;6.425229e-02;1.181940e-01;9.023901e-02;9.708530e-02;8.147526e-02;7.718848e-02;8.196162e-02;8.077459e-02;6.574856e-02;6.177502e-02;7.217151e-02
8.842751e-02;6.911509e-02;1.276452e-01;8.237185e-02;7.572562e-02;7.849745e-02;1.116455e-01;8.874180e-02;8.574919e-02;4.565294e-02;7.325944e-02;7.316847e-02
6.734949e-02;7.909685e-02;1.022224e-01;3.865651e-02;4.481861e-02;7.968552e-02;1.585259e-01;1.250158e-01;1.329817e-01;7.030710e-02;4.454955e-02;5.679065e-02
6.138246e-02;4.662352e-02;5.153083e-02;2.462869e-02;2.966051e-02;5.507488e-02;2.522791e-01;2.151243e-01;1.079256e-01;7.016543e-02;2.605277e-02;5.955193e-02
4.521666e-02;2.861896e-02;3.767516e-02;1.599227e-02;2.757084e-02;4.605777e-02;2.789942e-01;2.996547e-01;7.726324e-02;6.299540e-02;2.835010e-02;5.161072e-02
2.664917e-02;1.704756e-02;4.743474e-02;8.733013e-03;2.162371e-02;4.349887e-02;2.409127e-01;4.068823e-01;5.481182e-02;5.091675e-02;3.613009e-02;4.535929e-02
1.106958e-02;7.510917e-03;7.740444e-02;9.081176e-03;1.996267e-02;1.819426e-02;1.773802e-01;4.715163e-01;9.626986e-02;3.015035e-02;4.025941e-02;4.120080e-02
6.298562e-03;9.257646e-03;1.014554e-01;7.475458e-03;1.691517e-02;1.061341e-02;1.207371e-01;4.775665e-01;7.633168e-02;4.228164e-02;6.594779e-02;6.511964e-02
4.552021e-03;6.252244e-03;1.253741e-01;6.210168e-03;9.378457e-03;1.619322e-02;6.717152e-02;5.218271e-01;4.532286e-02;4.647020e-02;4.372093e-02;1.075271e-01
4.136763e-03;2.996483e-03;1.309039e-01;6.901562e-03;4.624429e-03;2.523304e-02;4.275392e-02;5.735773e-01;4.027965e-02;3.676860e-02;1.842329e-02;1.134010e-01
3.820789e-03;1.135799e-02;1.112088e-01;6.381653e-03;1.113546e-02;2.850436e-02;1.396620e-01;5.429550e-01;2.261848e-02;3.679715e-02;1.472418e-02;7.083418e-02
1.057888e-02;3.315216e-02;8.454247e-02;1.138457e-02;3.321434e-02;6.106067e-02;3.102184e-01;3.638131e-01;1.379323e-02;2.520015e-02;2.943522e-02;2.360675e-02
2.070739e-02;4.297197e-02;8.911745e-02;2.252071e-02;5.728742e-02;1.033780e-01;3.714689e-01;2.070897e-01;2.139811e-02;1.633167e-02;3.520552e-02;1.252323e-02
3.369004e-02;4.878936e-02;1.341897e-01;3.148576e-02;7.742880e-02;1.281418e-01;3.099279e-01;1.437520e-01;3.107686e-02;2.308660e-02;2.619955e-02;1.223161e-02
3.348579e-02;5.914385e-02;1.876787e-01;3.185306e-02;8.020122e-02;1.133302e-01;1.736848e-01;1.958518e-01;3.202801e-02;2.966739e-02;2.974553e-02;3.332966e-02
2.133419e-02;4.329376e-02;1.683029e-01;2.053123e-02;1.061456e-01;9.500758e-02;1.549853e-01;2.490704e-01;3.091491e-02;1.795846e-02;3.099911e-02;6.145655e-02
2.747313e-02;3.539033e-02;2.236255e-01;4.394655e-02;1.159058e-01;8.080588e-02;1.721124e-01;1.813902e-01;1.564977e-02;2.021873e-02;2.286855e-02;6.061326e-02
1.961355e-02;2.987686e-02;3.259561e-01;5.913769e-02;7.406040e-02;4.164578e-02;1.321494e-01;2.233933e-01;2.321129e-02;1.406607e-02;2.076467e-02;3.612486e-02
8.236790e-03;4.017960e-02;3.891611e-01;3.399735e-02;3.613509e-02;3.224739e-02;1.373960e-01;2.434854e-01;1.852150e-02;1.802064e-02;1.751844e-02;2.510071e-02
2.162152e-02;5.883365e-02;3.795296e-01;2.823989e-02;2.566580e-02;3.684651e-02;1.613764e-01;2.022854e-01;3.416517e-02;2.118673e-02;1.159895e-02;1.865041e-02
2.733442e-02;5.811843e-02;2.492474e-01;7.570820e-02;8.601504e-02;6.933493e-02;1.483679e-01;1.347251e-01;8.683769e-02;2.882170e-02;2.003362e-02;1.545572e-02
2.468912e-02;3.935718e-02;1.223869e-01;1.043341e-01;1.708278e-01;7.571828e-02;1.196296e-01;1.109165e-01;1.591281e-01;2.605297e-02;2.421463e-02;2.274479e-02
1.629668e-02;2.496258e-02;6.590497e-02;1.000419e-01;2.458619e-01;6.860806e-02;8.815262e-02;7.842010e-02;2.418373e-01;1.649608e-02;1.535190e-02;3.806585e-02
6.252200e-03;1.437307e-02;7.263666e-02;1.008983e-01;2.834825e-01;4.990986e-02;5.019256e-02;4.702297e-02;3.025532e-01;1.131443e-02;9.630994e-03;5.173335e-02
4.941351e-03;1.159605e-02;9.152406e-02;1.066134e-01;2.636464e-01;3.803929e-02;4.442724e-02;4.154484e-02;2.940264e-01;2.089604e-02;2.510152e-02;5.764348e-02
2.056153e-02;2.289556e-02;1.725806e-01;9.181395e-02;1.954536e-01;3.441166e-02;6.760418e-02;6.419490e-02;2.097282e-01;3.840243e-02;4.324016e-02;3.911319e-02
5.992239e-02;6.029608e-02;2.249658e-01;4.012319e-02;1.423990e-01;2.324571e-02;7.802864e-02;7.468966e-02;1.725119e-01;4.681037e-02;5.267020e-02;2.433710e-02
1.330196e-01;7.803142e-02;1.719555e-01;5.673712e-02;1.098156e-01;2.374653e-02;6.229776e-02;7.485723e-02;1.772735e-01;4.005503e-02;3.975409e-02;3.245665e-02
1.209120e-01;3.916168e-02;1.474078e-01;9.103166e-02;7.348578e-02;4.962490e-02;9.282777e-02;3.941007e-02;1.849928e-01;7.430603e-02;3.936343e-02;4.747599e-02
5.314800e-02;6.585357e-02;2.954853e-01;9.079362e-02;4.791741e-02;4.824034e-02;9.747725e-02;2.583406e-02;1.323498e-01;9.415641e-02;2.775324e-02;2.099107e-02
4.724422e-02;4.477530e-02;3.825941e-01;1.158445e-01;4.759554e-02;3.218342e-02;1.002739e-01;2.048982e-02;8.570484e-02;7.535707e-02;3.715667e-02;1.078059e-02
4.192566e-02;2.255950e-02;4.250339e-01;1.401986e-01;4.531430e-02;1.520624e-02;1.208443e-01;1.798807e-02;3.870772e-02;9.060348e-02;3.626588e-02;5.352282e-03
2.991439e-02;2.456876e-02;4.430289e-01;1.185594e-01;3.858950e-02;6.500385e-03;1.411564e-01;1.186006e-02;1.102733e-02;1.477980e-01;2.299236e-02;4.004616e-03
1.913285e-02;3.523686e-02;4.729103e-01;7.033261e-02;2.497230e-02;1.609636e-02;1.408290e-01;1.209525e-02;2.226621e-02;1.641175e-01;1.572885e-02;6.281852e-03
1.056116e-02;8.324151e-02;4.637071e-01;2.282954e-02;1.633823e-02;5.312034e-02;1.026364e-01;1.580099e-02;6.628411e-02;1.435454e-01;6.906684e-03;1.502863e-02
3.969945e-02;1.607915e-01;3.274883e-01;2.450094e-02;9.492762e-03;1.130618e-01;3.729217e-02;1.808798e-02;1.650784e-01;7.535354e-02;4.867025e-03;2.428613e-02
9.513336e-02;2.197419e-01;1.698112e-01;2.631165e-02;1.272903e-02;1.263520e-01;1.051458e-02;2.341378e-02;2.408671e-01;4.517003e-02;7.236220e-03;2.271914e-02
1.945421e-01;2.220156e-01;9.610344e-02;1.957114e-02;3.775451e-02;7.081968e-02;1.872473e-02;7.230499e-02;1.885585e-01;3.891185e-02;2.424529e-02;1.644812e-02
2.873291e-01;1.588113e-01;8.678819e-02;1.625856e-02;7.077006e-02;1.543035e-02;2.777545e-02;1.623502e-01;9.120157e-02;2.212835e-02;3.386522e-02;2.729165e-02
2.738858e-01;6.538822e-02;9.689362e-02;3.297858e-02;6.408129e-02;2.159658e-02;6.271835e-02;1.942284e-01;6.897170e-02;3.160685e-02;3.393263e-02;5.371795e-02
2.238518e-01;3.439125e-02;1.225089e-01;5.818802e-02;4.814438e-02;2.987997e-02;1.285023e-01;1.504759e-01;3.984907e-02;4.704817e-02;3.901182e-02;7.814854e-02
1.887675e-01;6.545800e-02;1.365024e-01;5.236910e-02;6.565191e-02;3.665882e-02;1.165835e-01;1.072307e-01;8.425834e-02;3.088888e-02;5.056698e-02;6.506395e-02
1.874687e-01;9.726308e-02;1.255643e-01;2.617144e-02;5.969846e-02;6.296527e-02;6.673138e-02;8.749881e-02;1.078928e-01;4.440260e-02;7.208601e-02;6.225710e-02
1.282420e-01;8.638450e-02;9.452141e-02;2.583775e-02;5.292267e-02;1.670867e-01;4.713093e-02;5.998586e-02;1.029368e-01;7.569958e-02;1.163566e-01;4.289517e-02
7.242607e-02;8.188645e-02;9.921969e-02;4.331315e-02;5.869443e-02;2.016727e-01;5.693067e-02;7.643636e-02;6.151519e-02;9.531463e-02;1.227144e-01;2.987629e-02
3.534108e-02;8.629362e-02;5.948167e-02;5.877698e-02;1.380678e-01;1.086573e-01;6.199150e-02;1.079835e-01;7.039125e-02;1.256196e-01;1.045008e-01;4.289496e-02
9.827454e-02;5.678402e-02;6.935120e-02;7.948323e-02;1.570285e-01;3.265763e-02;1.042452e-01;6.822287e-02;1.056160e-01;1.066309e-01;7.629216e-02;4.541370e-02
1.245468e-01;3.395098e-02;6.575592e-02;1.335475e-01;1.470545e-01;3.656546e-02;1.237629e-01;4.573575e-02;1.325105e-01;9.348761e-02;4.047905e-02;2.260303e-02
1.239874e-01;1.798563e-02;4.409735e-02;2.176448e-01;1.110842e-01;2.139910e-02;9.697286e-02;4.418636e-02;1.842105e-01;8.540612e-02;3.705218e-02;1.597356e-02
9.173197e-02;9.894284e-03;1.251318e-01;2.322176e-01;5.990067e-02;5.197533e-02;7.517464e-02;4.377163e-02;1.644650e-01;7.220013e-02;4.096397e-02;3.257301e-02
3.966534e-02;2.315608e-02;2.292771e-01;1.493527e-01;3.672122e-02;1.305950e-01;7.328468e-02;8.308402e-02;9.357382e-02;5.603503e-02;2.299950e-02;6.225543e-02
1.666566e-02;4.114645e-02;2.741395e-01;5.227783e-02;2.395299e-02;1.684108e-01;1.034811e-01;1.151554e-01;6.196329e-02;4.739798e-02;2.186622e-02;7.354275e-02
2.701308e-02;7.372393e-02;2.563415e-01;1.479704e-02;5.401168e-02;1.460367e-01;1.588669e-01;9.989896e-02;3.387203e-02;4.092982e-02;4.268687e-02;5.182154e-02
5.987254e-02;1.270191e-01;1.768927e-01;2.360972e-02;7.324746e-02;7.911909e-02;2.174713e-01;8.415924e-02;6.342983e-02;2.001724e-02;5.498569e-02;2.017603e-02
1.125748e-01;1.687894e-01;8.805635e-02;2.886258e-02;5.171922e-02;3.866040e-02;2.290960e-01;6.739956e-02;1.086818e-01;4.126033e-02;4.265221e-02;2.224742e-02
2.002219e-01;1.656443e-01;3.280476e-02;2.920350e-02;3.104172e-02;4.930764e-02;1.884221e-01;3.338563e-02;1.002158e-01;7.731735e-02;4.844502e-02;4.399028e-02
2.704349e-01;1.121526e-01;4.608662e-02;2.269008e-02;4.100537e-02;5.639100e-02;1.527332e-01;2.986803e-02;5.309071e-02;9.534299e-02;4.997975e-02;7.022466e-02
3.015789e-01;6.385366e-02;6.624454e-02;2.252382e-02;4.567107e-02;5.871232e-02;1.548386e-01;3.270799e-02;4.834968e-02;7.286341e-02;3.676369e-02;9.589230e-02
2.639837e-01;8.739343e-02;9.706140e-02;3.314199e-02;6.154446e-02;4.869197e-02;1.302750e-01;3.069513e-02;7.082552e-02;3.322139e-02;4.699326e-02;9.617288e-02
1.646850e-01;8.917111e-02;1.381878e-01;5.925827e-02;8.826681e-02;4.962422e-02;1.049603e-01;6.568813e-02;7.511996e-02;2.998800e-02;4.901632e-02;8.603407e-02
5.750823e-02;7.813892e-02;1.818991e-01;8.608872e-02;1.124355e-01;5.938758e-02;9.925641e-02;9.199965e-02;6.215713e-02;3.332381e-02;5.427283e-02;8.353212e-02
1.037502e-01;5.688644e-02;1.973295e-01;1.150781e-01;9.722336e-02;4.664984e-02;1.002016e-01;5.059242e-02;6.784518e-02;5.147892e-02;4.986229e-02;6.310224e-02
4.788022e-02;3.495999e-02;2.597270e-01;1.247866e-01;9.449406e-02;4.458719e-02;9.900535e-02;3.872974e-02;6.385916e-02;8.059660e-02;5.279659e-02;5.857752e-02
9.379184e-02;6.879999e-02;2.268770e-01;9.085641e-02;7.447265e-02;5.554970e-02;1.273764e-01;3.261154e-02;5.603412e-02;8.683313e-02;3.210801e-02;5.468915e-02
1.271658e-01;1.237983e-01;1.270227e-01;6.366574e-02;3.701781e-02;4.646261e-02;1.684762e-01;3.311801e-02;6.116338e-02;7.804573e-02;6.308012e-02;7.098366e-02
1.951081e-01;8.678357e-02;1.936423e-01;3.100371e-02;4.952691e-02;3.519531e-02;1.491407e-01;3.143265e-02;3.803416e-02;4.819039e-02;6.167888e-02;8.026337e-02
1.556313e-01;3.025519e-02;2.358474e-01;4.096132e-02;5.540417e-02;4.485774e-02;1.527077e-01;3.741719e-02;4.512699e-02;5.635104e-02;7.022174e-02;7.521816e-02
1.144034e-01;9.605343e-02;1.211122e-01;7.035933e-02;5.940606e-02;5.837432e-02;1.812397e-01;4.120357e-02;4.230934e-02;6.955232e-02;7.698584e-02;6.900041e-02
1.115583e-01;8.244407e-02;1.069074e-01;5.802037e-02;5.583991e-02;5.999833e-02;1.438259e-01;8.476469e-02;5.087551e-02;8.748698e-02;8.390725e-02;7.437140e-02
9.366941e-02;6.686251e-02;9.269181e-02;5.733950e-02;5.357574e-02;6.074966e-02;1.155633e-01;1.103333e-01;7.386066e-02;1.097278e-01;8.964702e-02;7.597928e-02
7.887047e-02;6.392611e-02;9.267069e-02;6.251062e-02;6.824005e-02;6.887722e-02;9.916624e-02;1.262401e-01;7.598520e-02;1.302028e-01;6.956427e-02;6.374632e-02
6.874938e-02;6.604303e-02;1.208129e-01;6.300199e-02;8.171356e-02;4.282290e-02;1.037636e-01;1.190510e-01;8.052938e-02;1.790654e-01;3.310695e-02;4.133989e-02
6.599380e-02;6.260187e-02;1.182612e-01;4.287174e-02;7.258303e-02;4.682705e-02;9.206470e-02;7.292996e-02;1.252228e-01;2.250470e-01;3.769130e-02;3.790551e-02
9.278613e-02;5.732979e-02;1.253091e-01;2.686109e-02;6.083300e-02;6.999739e-02;1.046776e-01;5.374729e-02;1.405999e-01;1.833384e-01;4.845419e-02;3.606610e-02
9.352938e-02;5.492143e-02;1.520539e-01;5.152797e-02;6.200390e-02;6.834457e-02;9.164093e-02;8.635124e-02;1.020140e-01;1.622756e-01;4.348575e-02;3.185121e-02
9.225637e-02;6.966847e-02;1.845154e-01;6.239958e-02;6.569286e-02;4.966155e-02;9.703803e-02;8.107533e-02;8.921442e-02;1.436162e-01;3.472036e-02;3.014140e-02
1.044539e-01;8.575138e-02;1.794249e-01;5.712532e-02;4.915915e-02;3.243460e-02;1.445221e-01;4.902271e-02;7.713254e-02;1.397168e-01;4.342877e-02;3.782795e-02
8.510832e-02;9.661499e-02;1.494153e-01;3.828238e-02;5.115354e-02;4.045109e-02;2.497679e-01;3.852732e-02;5.796144e-02;1.114279e-01;5.053591e-02;3.075383e-02
9.068095e-02;9.294315e-02;1.484756e-01;5.248852e-02;7.225237e-02;5.214558e-02;2.826798e-01;3.675564e-02;3.999721e-02;5.833759e-02;4.383280e-02;2.941083e-02
9.348565e-02;9.224403e-02;1.638435e-01;7.200217e-02;7.151685e-02;6.548266e-02;1.779176e-01;3.682661e-02;4.851444e-02;8.808067e-02;5.060794e-02;3.947787e-02
1.003981e-01;9.663163e-02;1.647220e-01;5.023925e-02;4.795860e-02;4.550515e-02;1.563322e-01;3.363718e-02;6.966781e-02;1.440716e-01;5.976149e-02;3.107490e-02
1.005958e-01;9.387732e-02;1.265499e-01;3.299447e-02;2.988181e-02;3.754528e-02;2.271189e-01;3.661546e-02;8.010739e-02;1.309508e-01;6.742065e-02;3.634224e-02
1.095196e-01;8.702835e-02;1.113190e-01;3.817079e-02;4.301986e-02;4.726815e-02;2.168600e-01;4.231027e-02;9.671602e-02;9.992281e-02;6.064324e-02;4.722192e-02
1.133667e-01;1.018679e-01;1.407273e-01;5.062301e-02;3.643734e-02;4.428052e-02;1.640343e-01;4.030712e-02;1.071434e-01;7.663902e-02;6.656787e-02;5.800547e-02
1.287744e-01;1.035123e-01;1.013270e-01;4.799255e-02;2.894591e-02;2.287424e-02;1.844719e-01;4.649106e-02;1.055836e-01;1.123457e-01;6.197007e-02;5.571130e-02
6.759866e-02;6.488632e-02;9.190084e-02;4.273456e-02;4.578021e-02;3.940634e-02;2.782571e-01;4.535954e-02;1.139474e-01;1.229497e-01;3.409860e-02;5.308076e-02
4.739672e-02;5.040528e-02;7.057714e-02;9.070981e-02;5.795146e-02;7.083423e-02;2.322123e-01;5.362483e-02;7.780761e-02;9.748892e-02;7.231949e-02;7.867215e-02
7.982729e-02;5.284248e-02;9.319321e-02;1.293676e-01;3.723265e-02;6.223996e-02;2.142727e-01;7.655752e-02;7.426901e-02;7.786278e-02;5.393125e-02;4.840356e-02
6.262495e-02;4.757622e-02;1.221680e-01;1.586676e-01;5.414286e-02;4.773422e-02;1.787786e-01;8.457325e-02;1.222145e-01;5.635890e-02;2.918466e-02;3.597624e-02
6.707948e-02;2.181819e-02;1.089113e-01;1.847731e-01;7.261311e-02;3.302799e-02;1.474090e-01;7.252352e-02;1.538938e-01;8.336717e-02;3.035196e-02;2.423141e-02
1.073990e-01;2.696005e-02;5.750381e-02;1.461226e-01;8.298564e-02;5.503101e-02;8.249531e-02;4.024997e-02;1.099256e-01;1.287898e-01;9.335995e-02;6.917729e-02
1.898900e-01;5.139233e-02;2.782178e-02;8.434542e-02;5.751682e-02;6.285232e-02;4.902329e-02;2.243065e-02;4.981621e-02;1.223062e-01;1.412642e-01;1.413408e-01
2.004876e-01;4.972587e-02;3.908900e-02;4.376111e-02;2.051544e-02;5.466577e-02;9.897003e-02;3.154368e-02;4.270396e-02;9.534089e-02;1.406633e-01;1.825334e-01
1.062467e-01;3.729455e-02;5.841390e-02;1.858017e-02;6.168799e-02;9.035455e-02;2.258882e-01;5.033838e-02;4.921490e-02;7.808243e-02;9.515379e-02;1.287444e-01
7.239341e-02;5.359566e-02;7.968643e-02;6.105299e-02;6.892584e-02;1.054162e-01;2.593484e-01;4.363830e-02;5.495923e-02;6.857533e-02;6.031051e-02;7.209770e-02
1.927937e-01;5.851479e-02;1.087186e-01;7.515746e-02;6.271078e-02;4.672830e-02;8.616235e-02;1.952781e-02;6.114896e-02;8.560226e-02;8.155005e-02;1.213849e-01
1.136897e-01;4.692625e-02;1.071243e-01;5.653463e-02;5.105121e-02;3.172690e-02;9.879778e-02;1.680667e-02;4.264896e-02;1.342242e-01;1.541117e-01;1.463578e-01
6.889223e-02;3.662053e-02;3.755762e-02;7.549442e-02;5.422073e-02;3.062546e-02;2.133051e-01;3.935160e-02;4.244544e-02;1.352572e-01;1.337303e-01;1.324994e-01
1.100927e-01;5.000782e-02;6.201720e-02;6.049302e-02;3.864511e-02;3.912804e-02;2.141672e-01;7.304893e-02;8.451502e-02;1.168793e-01;5.322997e-02;9.777573e-02
9.385729e-02;8.402092e-02;7.008406e-02;4.046389e-02;3.912784e-02;6.365049e-02;1.366120e-01;1.280161e-01;1.118894e-01;1.320834e-01;4.985514e-02;5.033945e-02
5.468597e-02;8.126219e-02;9.263946e-02;4.670014e-02;4.422844e-02;7.554667e-02;1.501130e-01;1.349500e-01;1.089650e-01;1.352248e-01;3.546981e-02;4.021437e-02
4.038537e-02;6.511165e-02;8.686653e-02;4.933956e-02;7.110123e-02;1.001627e-01;2.431991e-01;1.000392e-01;9.181635e-02;1.029948e-01;2.054123e-02;2.844221e-02
3.593955e-02;2.587621e-02;1.145774e-01;3.626611e-02;1.334952e-01;1.297411e-01;3.397809e-01;5.041426e-02;6.146227e-02;4.367803e-02;1.074648e-02;1.802245e-02
3.040488e-02;1.961950e-02;1.362896e-01;2.972197e-02;1.546943e-01;1.319705e-01;3.314148e-01;4.064573e-02;5.042971e-02;2.089214e-02;1.559805e-02;3.831877e-02
1.792566e-02;2.180300e-02;1.428628e-01;4.435548e-02;1.643901e-01;9.518587e-02;2.774177e-01;4.004917e-02;6.385621e-02;1.429982e-02;4.842102e-02;6.943324e-02
1.928508e-02;1.593164e-02;1.988367e-01;7.288528e-02;1.199732e-01;5.695051e-02;2.254554e-01;6.006265e-02;4.788726e-02;3.188994e-02;8.573651e-02;6.510580e-02
2.334170e-02;4.082053e-02;3.036740e-01;7.292998e-02;5.706913e-02;5.837853e-02;1.842216e-01;6.484529e-02;3.312423e-02;6.065064e-02;7.328176e-02;2.766256e-02
2.008836e-02;9.961830e-02;3.183556e-01;3.303787e-02;4.777097e-02;1.258048e-01;1.219011e-01;3.977738e-02;1.023331e-01;4.837565e-02;1.785921e-02;2.507770e-02
1.623606e-02;1.500637e-01;2.936844e-01;2.403152e-02;2.604777e-02;1.818831e-01;6.529542e-02;2.053818e-02;1.546566e-01;3.066014e-02;9.391410e-03;2.751169e-02
2.139597e-02;1.512327e-01;3.288693e-01;4.039914e-02;1.845989e-02;1.478929e-01;3.311475e-02;2.086744e-02;1.503609e-01;3.375334e-02;1.567669e-02;3.797694e-02
4.587824e-02;1.538932e-01;2.937381e-01;4.199362e-02;2.441246e-02;1.086062e-01;5.627378e-02;3.039535e-02;1.216896e-01;6.036984e-02;1.555625e-02;4.719331e-02
8.043156e-02;1.591839e-01;1.967780e-01;3.409595e-02;2.986321e-02;1.019801e-01;4.562490e-02;3.582118e-02;1.800575e-01;5.640132e-02;4.470086e-02;3.506147e-02
1.400428e-01;1.345885e-01;1.075988e-01;2.204075e-02;5.652288e-02;6.045539e-02;5.005162e-02;8.959304e-02;1.726698e-01;3.260777e-02;1.160921e-01;1.773653e-02
1.802407e-01;7.769009e-02;4.994949e-02;1.944814e-02;7.115231e-02;2.999247e-02;7.630627e-02;1.710277e-01;9.464215e-02;4.791104e-02;1.585738e-01;2.306588e-02
1.457384e-01;3.534278e-02;4.216605e-02;4.423298e-02;4.772085e-02;4.524761e-02;1.361235e-01;1.741690e-01;4.189687e-02;1.129856e-01;9.994973e-02;7.442659e-02
8.972274e-02;4.294195e-02;2.396442e-02;7.052126e-02;2.331111e-02;4.980904e-02;2.219166e-01;1.072820e-01;2.179051e-02;1.548527e-01;3.050260e-02;1.633851e-01
6.214375e-02;5.104922e-02;2.624463e-02;6.481129e-02;2.464668e-02;4.830077e-02;2.442717e-01;7.460864e-02;3.771488e-02;1.048307e-01;3.586157e-02;2.255163e-01
6.480697e-02;3.583960e-02;6.021207e-02;4.352400e-02;4.378872e-02;9.144423e-02;1.952989e-01;7.120480e-02;7.178465e-02;4.887305e-02;9.160974e-02;1.816134e-01
1.281888e-01;4.512702e-02;7.957029e-02;4.040649e-02;6.075738e-02;1.159953e-01;1.312586e-01;8.542083e-02;7.543335e-02;6.096369e-02;1.049902e-01;7.188810e-02
1.160170e-01;5.606316e-02;8.587074e-02;6.891020e-02;7.170135e-02;8.912250e-02;1.307376e-01;8.158562e-02;6.860276e-02;1.028385e-01;7.263516e-02;5.591540e-02
1.263250e-01;6.554377e-02;7.228936e-02;7.757322e-02;7.310668e-02;3.805396e-02;1.646052e-01;6.669725e-02;6.712757e-02;8.715954e-02;8.207143e-02;7.944714e-02
9.758585e-02;7.578720e-02;8.158394e-02;5.535574e-02;8.090153e-02;3.640598e-02;6.950079e-02;1.219792e-01;7.080072e-02;6.806087e-02;6.730283e-02;1.747353e-01
1.035027e-01;8.728155e-02;8.114809e-02;4.151879e-02;6.364792e-02;2.449183e-02;1.179341e-01;1.227780e-01;7.731112e-02;5.685030e-02;5.304233e-02;1.704933e-01
1.024485e-01;8.686568e-02;8.167419e-02;4.151689e-02;5.163016e-02;3.313030e-02;1.308279e-01;1.229748e-01;1.005759e-01;3.666954e-02;6.692658e-02;1.447595e-01
8.726095e-02;8.200474e-02;6.751168e-02;4.894774e-02;5.106379e-02;4.337446e-02;9.648933e-02;1.568328e-01;1.164354e-01;6.404318e-02;9.087477e-02;9.516126e-02
5.634160e-02;7.739888e-02;6.139692e-02;3.091297e-02;5.143809e-02;3.463932e-02;1.265354e-01;1.596036e-01;1.050114e-01;7.307513e-02;1.747004e-01;4.894637e-02
9.424086e-02;7.056130e-02;1.038007e-01;4.236844e-02;5.545858e-02;2.814637e-02;9.854872e-02;9.865105e-02;1.231439e-01;7.485808e-02;1.387318e-01;7.149020e-02
1.056831e-01;6.240110e-02;1.206707e-01;4.933286e-02;4.579505e-02;3.887738e-02;1.241487e-01;6.577365e-02;8.303116e-02;1.053975e-01;9.664974e-02;1.022391e-01
9.569486e-02;4.397633e-02;1.095496e-01;4.375191e-02;3.533667e-02;7.059830e-02;1.345170e-01;5.044308e-02;1.009366e-01;9.276344e-02;1.282201e-01;9.421203e-02
7.712869e-02;2.438566e-02;9.311369e-02;3.817749e-02;4.357701e-02;1.091805e-01;1.160798e-01;4.047345e-02;1.259380e-01;1.034461e-01;1.758446e-01;5.265497e-02
5.835554e-02;3.033663e-02;8.162845e-02;4.784224e-02;5.878650e-02;8.656854e-02;9.553991e-02;7.750033e-02;1.193456e-01;1.555645e-01;1.476915e-01;4.084028e-02
5.529894e-02;3.806390e-02;1.201350e-01;6.046068e-02;5.768489e-02;3.997432e-02;6.733572e-02;1.224452e-01;1.490861e-01;1.506549e-01;9.074689e-02;4.811346e-02
5.229710e-02;5.953680e-02;1.680878e-01;4.282974e-02;3.830654e-02;2.788882e-02;1.050694e-01;1.311642e-01;1.187400e-01;1.272700e-01;7.099775e-02;5.781166e-02
9.793096e-02;1.175430e-01;1.495450e-01;1.687195e-02;3.877538e-02;2.513564e-02;1.669100e-01;9.246461e-02;9.441090e-02;9.182226e-02;6.787045e-02;4.071982e-02
1.581081e-01;1.401602e-01;8.815945e-02;1.663855e-02;4.473862e-02;3.269569e-02;1.915794e-01;6.613520e-02;1.180601e-01;4.776360e-02;7.334652e-02;2.261456e-02
1.883619e-01;1.067950e-01;3.701765e-02;3.120765e-02;5.644448e-02;5.591976e-02;1.690616e-01;7.546654e-02;8.565450e-02;8.174517e-02;5.512837e-02;5.719741e-02
1.435104e-01;5.846886e-02;9.363724e-02;4.149164e-02;6.000983e-02;6.045816e-02;1.275886e-01;6.838940e-02;1.194883e-01;9.866535e-02;4.933461e-02;7.895759e-02
1.360771e-01;8.152469e-02;1.301333e-01;4.947061e-02;4.984309e-02;3.541336e-02;1.113487e-01;5.947619e-02;1.326113e-01;8.550148e-02;6.951041e-02;5.908972e-02
1.369622e-01;9.697033e-02;1.944091e-01;5.456676e-02;5.140023e-02;1.711761e-02;1.181844e-01;3.800780e-02;9.679239e-02;7.052123e-02;7.801831e-02;4.704960e-02
1.598942e-01;1.274250e-01;1.782707e-01;4.483227e-02;4.800478e-02;3.182252e-02;1.052207e-01;4.194467e-02;8.184480e-02;6.716099e-02;4.611961e-02;6.745970e-02
1.096749e-01;1.459762e-01;1.377310e-01;4.346229e-02;4.009374e-02;1.995289e-02;1.499723e-01;8.566707e-02;6.941513e-02;8.231311e-02;5.168870e-02;6.405272e-02
1.082982e-01;1.093917e-01;1.265218e-01;4.079688e-02;4.647153e-02;2.730567e-02;1.784397e-01;9.476233e-02;4.995342e-02;9.800790e-02;7.715255e-02;4.289823e-02
1.139091e-01;7.686900e-02;9.343026e-02;3.775367e-02;6.368203e-02;2.988179e-02;2.193058e-01;7.093906e-02;4.329610e-02;7.645379e-02;9.833389e-02;7.614551e-02
2.008557e-01;3.956503e-02;7.995946e-02;3.047753e-02;7.000227e-02;4.382206e-02;1.913721e-01;5.391968e-02;6.685027e-02;4.460516e-02;5.450992e-02;1.240608e-01
2.568926e-01;5.807664e-02;1.094168e-01;3.220547e-02;7.345513e-02;3.721984e-02;9.155580e-02;6.089681e-02;5.998779e-02;4.820229e-02;5.528744e-02;1.168034e-01
2.462052e-01;1.125942e-01;1.156954e-01;4.173671e-02;6.606273e-02;3.486495e-02;9.284241e-02;6.236973e-02;4.200153e-02;4.672766e-02;5.815899e-02;8.074055e-02
2.463695e-01;1.206222e-01;1.384469e-01;4.137962e-02;4.486723e-02;3.126847e-02;1.254674e-01;7.016957e-02;3.444958e-02;4.122004e-02;3.981778e-02;6.592178e-02
2.202223e-01;1.049207e-01;1.346329e-01;5.291948e-02;3.973137e-02;2.917129e-02;1.844664e-01;6.269461e-02;3.212817e-02;3.655859e-02;3.141958e-02;7.113463e-02
1.357193e-01;7.862835e-02;1.425091e-01;6.017641e-02;5.220523e-02;3.813921e-02;2.502490e-01;4.219073e-02;4.572223e-02;3.829423e-02;4.683204e-02;6.933409e-02
4.218353e-02;3.122591e-02;1.657448e-01;6.489153e-02;6.760836e-02;6.323189e-02;2.831658e-01;3.434514e-02;5.927791e-02;5.013514e-02;7.276924e-02;6.542085e-02
6.497490e-02;5.497941e-02;1.582642e-01;6.519546e-02;6.908289e-02;7.314234e-02;2.137655e-01;3.125579e-02;5.833408e-02;5.555659e-02;9.659807e-02;5.885078e-02
9.072434e-02;1.042306e-01;1.255260e-01;6.697550e-02;7.350396e-02;5.249731e-02;1.727662e-01;2.552012e-02;7.047309e-02;7.381177e-02;9.220193e-02;5.176923e-02
2.187889e-01;1.138014e-01;1.506733e-01;6.495086e-02;5.886009e-02;2.220665e-02;1.071775e-01;2.246258e-02;5.141228e-02;7.349813e-02;5.292697e-02;6.324131e-02
2.677164e-01;9.356754e-02;1.918897e-01;6.678359e-02;5.906795e-02;1.948648e-02;5.365705e-02;2.719994e-02;3.804154e-02;6.149179e-02;3.661687e-02;8.448114e-02
1.949313e-01;5.373721e-02;1.100007e-01;5.014171e-02;6.316175e-02;4.127409e-02;1.708822e-01;3.585294e-02;6.856689e-02;5.582381e-02;5.067230e-02;1.049551e-01
1.926624e-01;7.823518e-02;1.068141e-01;5.096591e-02;5.502659e-02;3.602980e-02;1.480593e-01;3.731817e-02;8.037753e-02;6.072543e-02;6.359033e-02;9.019519e-02
1.146361e-01;1.527063e-01;1.310868e-01;7.459567e-02;7.037543e-02;3.675207e-02;6.365301e-02;4.037065e-02;7.577644e-02;6.123960e-02;8.038221e-02;9.842561e-02
1.109896e-01;1.501905e-01;1.861623e-01;5.717856e-02;6.601157e-02;3.441526e-02;1.842462e-01;2.684311e-02;4.398436e-02;4.995642e-02;3.567746e-02;5.434461e-02
1.088648e-01;1.597421e-01;1.660869e-01;3.390356e-02;6.823877e-02;4.921424e-02;2.287694e-01;1.705176e-02;2.857036e-02;5.030382e-02;4.767834e-02;4.157604e-02
1.592717e-01;1.647203e-01;1.299136e-01;2.365182e-02;8.616769e-02;6.566188e-02;1.378163e-01;2.728678e-02;5.548779e-02;4.989930e-02;5.499438e-02;4.512840e-02
1.318143e-01;1.970942e-01;1.121285e-01;3.519704e-02;8.098095e-02;5.605429e-02;9.433394e-02;3.992512e-02;6.782068e-02;6.279060e-02;8.057518e-02;4.128522e-02
1.458187e-01;1.916902e-01;1.314890e-01;4.583475e-02;4.807894e-02;3.986338e-02;8.415582e-02;3.779159e-02;6.427244e-02;7.091537e-02;8.597273e-02;5.411715e-02
9.836175e-02;1.475237e-01;1.352213e-01;5.089330e-02;5.026428e-02;4.912172e-02;1.006980e-01;4.163947e-02;7.075489e-02;7.236107e-02;1.071882e-01;7.597219e-02
1.281716e-01;1.126505e-01;1.115116e-01;5.017200e-02;5.343733e-02;4.634624e-02;1.421759e-01;4.565769e-02;6.210336e-02;5.976205e-02;1.345097e-01;5.350208e-02
1.504634e-01;9.927545e-02;6.913462e-02;6.815936e-02;4.755649e-02;5.468303e-02;1.377529e-01;5.989950e-02;6.045943e-02;5.352041e-02;1.346486e-01;6.444681e-02
1.856042e-01;6.548505e-02;6.643476e-02;6.668633e-02;6.330047e-02;7.013308e-02;9.772002e-02;6.866357e-02;7.561844e-02;5.851193e-02;1.035017e-01;7.834047e-02
1.698666e-01;9.667931e-02;1.259847e-01;5.373835e-02;6.602576e-02;7.168199e-02;9.115844e-02;5.915840e-02;7.625244e-02;5.739938e-02;6.915033e-02;6.290431e-02
