6.626444e-02;5.384453e-02;1.518775e-01;5.483485e-02;8.681569e-02;3.860768e-02;1.258166e-01;7.965714e-02;1.234254e-01;1.425904e-01;3.122390e-02;4.504177e-02
5.133377e-02;5.418162e-02;1.084461e-01;3.358166e-02;9.728529e-02;7.717925e-02;1.181990e-01;9.886639e-02;1.350990e-01;1.418535e-01;3.236839e-02;5.160600e-02
8.303702e-02;4.575615e-02;8.986931e-02;4.721376e-02;9.457746e-02;8.790696e-02;6.383812e-02;9.972779e-02;1.662274e-01;1.368780e-01;3.549660e-02;4.947144e-02
1.044144e-01;6.896827e-02;8.746065e-02;7.894839e-02;8.499644e-02;8.064368e-02;8.817233e-02;8.767235e-02;1.388972e-01;9.464371e-02;4.653556e-02;3.864710e-02
9.525710e-02;8.563315e-02;1.299310e-01;7.584039e-02;9.036640e-02;7.579716e-02;1.145784e-01;1.184637e-01;8.613395e-02;6.197193e-02;3.564187e-02;3.038485e-02
6.564697e-02;8.859748e-02;1.322265e-01;4.913788e-02;7.911141e-02;8.289775e-02;9.949732e-02;1.196669e-01;1.142839e-01;9.908215e-02;2.879979e-02;4.105201e-02
5.310037e-02;5.788822e-02;8.296724e-02;8.924513e-02;9.490883e-02;7.421660e-02;8.535934e-02;1.354908e-01;1.315876e-01;1.111352e-01;4.166724e-02;4.243346e-02
4.637212e-02;3.073232e-02;1.234646e-01;1.150134e-01;1.023180e-01;7.989930e-02;7.800530e-02;1.424182e-01;8.248504e-02;9.191748e-02;6.613040e-02;4.124379e-02
6.816144e-02;5.332674e-02;1.783969e-01;1.086741e-01;8.191159e-02;7.442641e-02;8.792926e-02;1.028409e-01;6.734064e-02;6.919199e-02;6.278156e-02;4.501843e-02
5.950414e-02;7.969722e-02;1.376768e-01;1.079023e-01;9.426401e-02;8.006574e-02;1.134412e-01;5.439689e-02;7.616071e-02;7.893669e-02;6.555852e-02;5.239574e-02
5.112766e-02;5.811875e-02;1.313181e-01;1.251839e-01;9.276541e-02;9.211939e-02;1.048832e-01;8.134136e-02;5.812028e-02;7.411356e-02;8.139780e-02;4.951061e-02
9.330608e-02;6.901372e-02;6.660060e-02;7.510459e-02;9.464138e-02;9.235344e-02;1.520796e-01;9.265803e-02;5.671688e-02;6.048517e-02;8.794396e-02;5.909650e-02
9.980032e-02;1.012973e-01;8.528744e-02;3.167031e-02;5.822342e-02;5.726933e-02;2.134215e-01;1.105810e-01;6.616689e-02;6.794342e-02;5.692338e-02;5.141566e-02
6.612047e-02;8.168562e-02;1.395376e-01;2.496215e-02;3.727198e-02;3.542988e-02;1.858222e-01;1.549933e-01;1.123494e-01;7.131038e-02;4.825044e-02;4.226645e-02
3.141715e-02;4.290539e-02;2.262028e-01;1.797021e-02;2.116108e-02;1.889498e-02;1.187892e-01;1.873353e-01;1.554103e-01;9.351292e-02;4.153602e-02;4.486461e-02
1.107971e-02;2.529058e-02;3.298936e-01;1.228455e-02;1.174490e-02;1.139361e-02;8.518511e-02;1.997522e-01;1.206704e-01;1.086456e-01;2.920196e-02;5.485788e-02
5.133902e-03;1.496745e-02;3.859770e-01;2.196916e-02;6.740592e-03;2.946795e-02;7.279647e-02;1.988374e-01;6.022970e-02;9.609383e-02;1.547789e-02;9.230871e-02
5.121569e-03;1.278087e-02;3.231521e-01;8.346003e-02;3.842058e-03;5.536546e-02;4.701697e-02;1.859808e-01;9.209122e-02;6.807116e-02;7.003256e-03;1.161146e-01
1.563531e-02;1.446355e-02;1.748414e-01;1.995385e-01;6.629114e-03;5.732603e-02;4.345775e-02;1.726879e-01;2.100494e-01;3.428817e-02;4.271429e-03;6.681138e-02
2.569497e-02;1.670692e-02;8.383693e-02;2.571601e-01;9.325209e-03;2.453547e-02;4.596430e-02;1.540908e-01;3.171438e-01;2.385223e-02;4.844042e-03;3.684530e-02
1.263213e-02;9.831385e-03;1.137436e-01;1.901230e-01;5.080306e-03;2.031144e-02;6.591716e-02;1.738046e-01;2.848863e-01;2.104303e-02;5.883258e-03;9.674376e-02
1.706250e-02;1.321672e-02;9.938950e-02;1.249786e-01;9.956919e-03;1.865827e-02;1.340227e-01;1.654072e-01;2.431356e-01;2.143284e-02;1.008667e-02;1.426523e-01
1.494842e-02;1.864417e-02;8.423375e-02;6.970002e-02;2.020599e-02;2.900420e-02;2.529416e-01;1.441926e-01;2.015364e-01;2.214673e-02;1.505671e-02;1.273894e-01
1.198542e-02;2.038966e-02;9.694681e-02;6.819979e-02;3.125770e-02;5.481077e-02;3.411160e-01;1.179986e-01;1.428906e-01;3.135752e-02;2.256037e-02;6.048672e-02
1.549604e-02;1.411582e-02;1.020003e-01;9.457809e-02;4.727261e-02;1.020968e-01;3.064303e-01;7.243633e-02;1.286144e-01;4.690160e-02;1.687370e-02;5.318393e-02
1.753248e-02;2.620789e-02;9.262469e-02;9.053340e-02;6.008731e-02;1.157549e-01;2.989564e-01;5.785017e-02;1.416642e-01;4.258844e-02;2.004116e-02;3.615897e-02
1.693766e-02;4.173730e-02;6.963354e-02;5.849949e-02;4.337821e-02;7.063492e-02;2.971167e-01;1.494630e-01;1.143451e-01;4.536191e-02;2.717893e-02;6.571338e-02
1.150109e-02;3.219486e-02;1.049764e-01;4.592013e-02;2.245704e-02;4.742884e-02;1.861915e-01;2.367752e-01;1.156830e-01;6.368330e-02;2.409691e-02;1.090917e-01
1.188650e-02;1.202548e-02;1.425320e-01;3.015085e-02;1.579656e-02;6.007159e-02;1.061337e-01;2.892428e-01;1.517057e-01;5.036782e-02;1.654371e-02;1.135432e-01
9.212133e-03;4.033782e-03;1.443159e-01;2.049676e-02;9.312335e-03;5.452661e-02;1.029592e-01;3.374425e-01;1.570645e-01;3.390915e-02;6.583763e-03;1.201434e-01
4.680290e-03;5.463275e-03;1.467771e-01;1.255562e-02;5.608665e-03;3.517560e-02;1.389560e-01;3.535851e-01;1.120908e-01;4.339516e-02;5.338659e-03;1.363737e-01
5.296507e-03;1.329046e-02;1.316941e-01;5.337420e-03;1.107435e-02;2.416838e-02;2.340887e-01;3.095804e-01;6.894754e-02;4.975375e-02;3.453663e-02;1.122318e-01
1.069905e-02;2.935913e-02;9.076219e-02;8.155819e-03;3.277664e-02;4.042311e-02;3.206412e-01;1.790079e-01;3.720705e-02;5.109962e-02;1.180245e-01;8.184370e-02
1.986527e-02;3.619503e-02;8.745482e-02;2.545493e-02;6.233833e-02;6.374986e-02;2.565606e-01;1.061661e-01;3.521403e-02;6.111463e-02;1.623671e-01;8.351921e-02
2.322225e-02;2.341680e-02;1.474304e-01;5.808812e-02;8.951072e-02;6.778028e-02;1.366296e-01;1.606831e-01;4.175233e-02;7.703971e-02;1.191855e-01;5.526115e-02
1.362057e-02;8.087559e-03;2.311247e-01;9.405706e-02;7.939951e-02;4.628860e-02;7.126874e-02;1.913393e-01;5.257926e-02;6.077020e-02;9.844045e-02;5.302402e-02
8.530692e-03;1.083891e-02;3.379990e-01;1.077641e-01;4.908882e-02;2.593653e-02;8.131309e-02;1.465513e-01;4.454129e-02;3.353467e-02;7.079184e-02;8.310983e-02
6.244378e-03;1.340051e-02;4.479577e-01;9.954919e-02;6.219987e-02;3.334467e-02;7.384980e-02;7.174564e-02;3.420891e-02;3.264444e-02;5.424547e-02;7.060945e-02
1.666661e-02;1.828269e-02;5.319993e-01;8.501729e-02;6.565056e-02;3.107429e-02;5.863940e-02;6.072015e-02;1.928330e-02;3.872655e-02;4.095536e-02;3.298448e-02
2.242931e-02;1.528628e-02;4.098259e-01;8.491970e-02;1.013267e-01;3.873458e-02;4.769390e-02;8.664966e-02;3.577825e-02;3.566697e-02;6.120753e-02;6.048129e-02
2.698250e-02;1.159852e-02;2.367193e-01;6.822956e-02;1.518069e-01;6.725398e-02;9.137937e-02;8.336164e-02;5.928842e-02;2.669488e-02;6.736849e-02;1.093165e-01
6.308337e-02;1.680060e-02;1.279033e-01;4.278698e-02;1.400194e-01;1.124029e-01;2.044978e-01;4.624788e-02;6.024388e-02;5.475583e-02;3.448858e-02;9.676941e-02
9.006441e-02;5.282912e-02;6.351675e-02;2.590049e-02;7.240557e-02;1.087256e-01;3.453942e-01;4.374187e-02;3.965216e-02;8.310103e-02;4.636174e-02;2.830713e-02
5.324599e-02;8.364669e-02;5.162363e-02;1.743223e-02;5.266485e-02;6.311908e-02;3.746942e-01;8.916175e-02;4.093711e-02;6.308082e-02;8.744889e-02;2.294474e-02
2.075988e-02;6.306806e-02;7.759053e-02;9.754322e-03;3.795628e-02;2.197310e-02;3.673848e-01;1.994056e-01;3.931499e-02;3.160956e-02;7.726965e-02;5.391323e-02
1.041454e-02;3.008660e-02;9.025005e-02;5.026320e-03;2.277294e-02;1.990332e-02;3.775935e-01;2.849291e-01;3.983502e-02;2.064884e-02;3.202578e-02;6.651401e-02
6.630762e-03;8.531144e-02;6.124991e-02;4.667050e-03;3.078395e-02;1.971843e-02;4.085923e-01;2.385498e-01;2.088867e-02;1.338253e-02;7.201338e-02;3.821186e-02
7.540629e-03;1.638249e-01;2.713913e-02;2.845182e-03;3.408278e-02;3.129974e-02;4.512242e-01;1.274649e-01;2.249369e-02;7.383332e-03;1.094811e-01;1.522037e-02
1.376198e-02;2.170208e-01;1.348266e-02;4.061908e-03;2.471707e-02;5.702905e-02;4.773698e-01;4.420707e-02;2.757562e-02;7.543003e-03;1.049870e-01;8.244058e-03
2.679959e-02;2.015972e-01;2.225207e-02;8.682628e-03;3.130088e-02;8.776050e-02;4.462898e-01;5.747302e-02;3.495666e-02;1.808687e-02;5.555275e-02;9.247985e-03
7.174641e-02;1.219654e-01;5.593229e-02;1.207209e-02;6.726178e-02;1.076793e-01;3.595468e-01;7.975747e-02;3.880674e-02;5.559929e-02;1.345192e-02;1.618052e-02
1.114237e-01;5.964233e-02;4.379607e-02;1.414654e-02;1.028954e-01;1.176824e-01;3.547638e-01;5.721381e-02;2.092640e-02;6.764913e-02;3.326135e-02;1.659906e-02
1.018345e-01;5.497368e-02;2.998592e-02;1.285772e-02;1.138630e-01;1.482784e-01;3.918153e-01;3.747614e-02;1.273801e-02;4.475839e-02;4.076953e-02;1.064943e-02
9.856246e-02;4.058049e-02;2.369457e-02;7.403593e-03;1.291538e-01;1.601143e-01;4.345723e-01;2.895983e-02;1.394168e-02;2.811308e-02;2.885084e-02;6.052994e-03
9.601398e-02;2.232147e-02;2.169582e-02;1.108789e-02;1.227686e-01;1.602961e-01;4.530205e-01;2.805489e-02;1.143503e-02;3.894821e-02;2.694881e-02;7.408808e-03
7.352713e-02;1.623322e-02;1.817805e-02;2.186671e-02;1.077204e-01;1.493737e-01;4.930632e-01;2.776502e-02;1.049522e-02;5.393402e-02;2.060325e-02;7.240060e-03
4.350685e-02;2.520872e-02;3.248873e-02;2.478132e-02;8.421689e-02;1.037716e-01;5.010597e-01;4.009380e-02;1.374273e-02;6.640839e-02;4.165299e-02;2.306825e-02
4.188921e-02;4.493508e-02;6.408945e-02;2.729255e-02;5.422302e-02;5.241388e-02;3.721690e-01;8.126108e-02;6.143604e-02;4.637153e-02;8.051676e-02;7.340235e-02
1.303135e-01;3.962168e-02;6.307156e-02;5.763569e-02;3.194131e-02;2.778697e-02;1.477529e-01;1.044957e-01;1.821235e-01;2.700593e-02;7.819230e-02;1.100589e-01
2.514885e-01;1.639316e-02;2.648336e-02;8.147686e-02;1.728248e-02;1.875659e-02;9.582457e-02;6.856736e-02;2.855599e-01;4.708778e-02;3.361915e-02;5.746032e-02
2.852381e-01;4.233136e-02;1.284727e-02;7.211664e-02;3.152065e-02;1.637120e-02;4.921803e-02;3.420852e-02;3.067576e-01;1.059576e-01;2.555803e-02;1.787494e-02
1.529401e-01;9.871352e-02;1.262465e-02;4.722563e-02;1.027235e-01;1.404587e-02;6.520968e-02;1.855518e-02;2.083314e-01;2.213914e-01;2.573528e-02;3.250368e-02
3.005734e-02;1.372319e-01;1.559895e-02;2.131722e-02;2.076564e-01;1.013253e-02;3.863260e-02;3.253879e-02;9.961428e-02;3.427880e-01;4.608263e-02;1.834933e-02
2.752711e-02;1.632201e-01;1.282337e-02;1.129802e-02;1.929858e-01;2.842546e-02;1.563700e-02;5.186236e-02;6.154384e-02;3.547974e-01;6.361245e-02;1.626712e-02
3.889253e-02;1.253213e-01;2.226536e-02;9.898457e-03;1.227802e-01;1.296648e-01;1.780122e-02;5.571156e-02;3.736732e-02;2.928115e-01;1.229274e-01;2.455831e-02
3.465738e-02;4.766614e-02;6.165404e-02;1.404729e-02;5.568727e-02;2.884998e-01;2.985120e-02;3.405197e-02;4.196509e-02;1.463919e-01;2.113280e-01;3.419979e-02
2.960214e-02;1.587823e-02;9.435471e-02;1.693512e-02;4.716612e-02;3.003817e-01;2.431805e-02;1.959581e-02;7.787500e-02;7.021055e-02;2.476305e-01;5.605212e-02
5.593899e-02;3.231458e-02;7.806991e-02;1.422412e-02;4.974059e-02;1.802672e-01;2.631430e-02;2.881535e-02;1.151683e-01;8.073852e-02;2.411917e-01;9.721635e-02
9.668678e-02;3.042669e-02;5.252415e-02;1.269807e-02;3.277070e-02;1.204842e-01;2.662994e-02;3.125942e-02;1.148993e-01;1.054298e-01;2.372500e-01;1.389409e-01
1.338610e-01;2.228552e-02;7.007623e-02;1.683338e-02;3.996649e-02;1.276129e-01;3.830610e-02;2.911013e-02;9.228548e-02;1.111069e-01;1.846604e-01;1.338955e-01
1.599112e-01;6.471539e-02;7.369076e-02;2.504446e-02;5.956291e-02;1.097341e-01;8.165633e-02;3.047989e-02;8.110628e-02;9.723576e-02;1.331420e-01;8.372100e-02
1.635110e-01;7.752981e-02;7.534658e-02;3.760443e-02;7.016937e-02;1.517759e-01;5.393540e-02;4.167960e-02;9.100729e-02;8.910736e-02;9.140281e-02;5.693046e-02
9.924040e-02;9.489451e-02;4.916808e-02;4.371769e-02;8.260405e-02;1.608244e-01;5.003143e-02;4.113133e-02;1.319587e-01;9.907848e-02;1.036521e-01;4.369880e-02
8.926241e-02;7.362704e-02;7.019432e-02;3.991992e-02;6.415121e-02;1.587352e-01;5.727080e-02;5.037975e-02;1.187518e-01;1.127697e-01;1.186003e-01;4.633750e-02
7.820700e-02;7.733374e-02;7.262323e-02;5.687820e-02;3.573030e-02;1.422852e-01;9.758012e-02;5.801257e-02;8.512224e-02;1.327721e-01;1.095415e-01;5.391381e-02
5.365134e-02;8.515301e-02;5.591405e-02;8.135349e-02;5.870207e-02;1.238362e-01;1.225556e-01;4.794608e-02;9.614766e-02;1.365762e-01;8.241468e-02;5.574957e-02
6.359794e-02;5.051402e-02;3.626806e-02;8.458270e-02;9.508432e-02;1.753072e-01;1.202318e-01;5.539675e-02;1.156179e-01;1.123510e-01;4.287438e-02;4.817383e-02
4.026365e-02;6.906804e-02;6.934626e-02;6.004790e-02;1.226503e-01;1.711435e-01;9.541357e-02;6.543383e-02;7.561421e-02;1.315964e-01;5.155672e-02;4.786563e-02
4.473718e-02;6.299144e-02;9.110001e-02;7.830225e-02;1.040210e-01;1.755178e-01;9.349670e-02;5.395238e-02;7.042382e-02;1.396423e-01;2.594659e-02;5.986847e-02
8.833596e-02;1.407627e-01;7.069896e-02;8.046830e-02;6.777258e-02;1.305271e-01;7.489290e-02;6.770348e-02;8.181246e-02;1.117620e-01;3.124616e-02;5.401742e-02
8.993500e-02;1.679862e-01;6.254762e-02;8.647910e-02;7.809435e-02;1.140206e-01;7.419994e-02;7.561648e-02;7.699595e-02;9.475596e-02;4.409316e-02;3.527566e-02
6.562001e-02;9.136491e-02;1.072953e-01;9.171578e-02;4.746391e-02;1.271824e-01;1.009226e-01;7.553566e-02;9.740739e-02;8.312049e-02;6.754379e-02;4.482783e-02
1.104213e-01;7.023861e-02;7.675695e-02;8.768892e-02;3.368305e-02;1.108690e-01;1.527955e-01;5.794015e-02;9.073140e-02;6.750210e-02;7.187303e-02;6.949998e-02
1.455838e-01;8.769352e-02;6.251606e-02;6.399656e-02;3.389824e-02;8.372551e-02;1.223009e-01;5.778045e-02;1.026252e-01;1.219455e-01;6.599909e-02;5.193514e-02
1.432919e-01;1.003056e-01;7.650910e-02;6.571415e-02;3.631235e-02;7.253817e-02;9.498546e-02;7.128936e-02;1.018025e-01;1.359844e-01;6.622986e-02;3.503710e-02
1.449885e-01;1.119273e-01;7.342475e-02;6.336803e-02;4.310850e-02;7.886865e-02;9.145086e-02;7.437304e-02;1.127166e-01;1.218170e-01;5.829192e-02;2.566487e-02
1.274642e-01;9.803600e-02;7.971187e-02;7.128472e-02;4.386450e-02;7.151873e-02;1.178204e-01;9.401488e-02;9.692556e-02;1.196700e-01;3.517433e-02;4.451475e-02
1.236581e-01;1.094852e-01;1.635575e-01;9.521369e-02;4.416315e-02;6.766088e-02;9.936196e-02;6.986147e-02;8.854449e-02;8.385248e-02;1.526425e-02;3.937682e-02
1.235739e-01;1.127337e-01;3.290614e-01;1.217456e-01;4.505903e-02;3.752374e-02;6.284910e-02;3.260166e-02;5.640290e-02;3.192702e-02;2.074561e-02;2.577650e-02
1.058343e-01;6.392593e-02;3.978288e-01;1.827923e-01;4.979166e-02;2.254876e-02;5.243463e-02;2.117979e-02;3.448820e-02;2.744118e-02;1.937651e-02;2.235794e-02
7.187875e-02;2.432102e-02;4.060941e-01;2.494747e-01;7.216784e-02;2.568434e-02;3.433767e-02;3.045456e-02;2.642239e-02;2.594124e-02;1.367256e-02;1.955083e-02
4.034306e-02;2.588225e-02;3.578204e-01;2.475547e-01;6.344607e-02;3.776086e-02;4.247259e-02;4.538817e-02;4.488453e-02;3.531116e-02;2.878627e-02;3.034993e-02
4.379923e-02;3.688889e-02;2.872398e-01;1.847523e-01;6.856546e-02;4.991906e-02;5.108603e-02;6.517781e-02;4.869847e-02;5.473199e-02;5.721573e-02;5.192522e-02
2.393037e-02;4.081468e-02;2.256374e-01;1.574061e-01;1.422303e-01;5.321407e-02;6.463310e-02;6.906086e-02;6.408793e-02;4.827879e-02;5.899027e-02;5.171614e-02
5.996196e-02;4.625589e-02;1.523293e-01;1.740272e-01;1.553294e-01;4.972823e-02;9.872162e-02;4.960212e-02;7.734192e-02;4.203433e-02;4.451552e-02;5.015259e-02
5.586419e-02;4.299434e-02;1.051756e-01;1.604235e-01;1.658420e-01;4.501891e-02;1.046637e-01;6.254473e-02;7.389063e-02;6.216956e-02;5.614788e-02;6.526493e-02
3.013614e-02;2.642477e-02;7.320982e-02;1.594564e-01;1.603537e-01;5.558410e-02;1.203691e-01;9.795895e-02;5.187608e-02;5.236641e-02;7.981319e-02;9.245136e-02
1.933740e-02;2.217723e-02;8.512476e-02;2.299088e-01;1.756466e-01;7.906406e-02;7.685035e-02;6.605479e-02;2.292673e-02;1.714086e-02;5.047270e-02;1.552957e-01
2.626610e-02;2.303605e-02;6.862935e-02;2.501191e-01;1.717507e-01;7.622738e-02;5.925410e-02;6.530301e-02;1.736586e-02;1.312620e-02;4.745315e-02;1.814689e-01
2.755084e-02;4.188491e-02;5.463802e-02;3.469021e-01;1.167039e-01;4.046987e-02;3.547843e-02;1.093190e-01;1.858688e-02;1.661500e-02;6.008324e-02;1.317677e-01
2.052501e-02;4.508506e-02;5.562046e-02;4.865202e-01;5.865062e-02;1.841656e-02;1.603907e-02;1.214372e-01;1.244135e-02;2.121563e-02;7.373503e-02;7.031383e-02
1.096980e-02;2.565122e-02;5.791266e-02;6.062662e-01;3.916309e-02;1.561475e-02;9.162293e-03;9.434698e-02;6.800656e-03;2.170138e-02;6.183876e-02;5.057222e-02
8.262886e-03;1.272697e-02;7.355465e-02;6.935211e-01;3.002519e-02;1.107655e-02;1.003520e-02;6.366172e-02;1.053472e-02;1.828951e-02;3.943110e-02;2.888040e-02
6.942148e-03;1.764025e-02;1.198844e-01;6.712170e-01;2.366178e-02;1.200652e-02;1.186561e-02;2.659454e-02;1.543369e-02;2.090702e-02;5.413374e-02;1.971342e-02
2.019140e-02;1.849482e-02;1.772401e-01;5.666196e-01;2.306764e-02;1.285669e-02;1.744694e-02;2.544635e-02;2.522689e-02;3.131158e-02;6.379111e-02;1.830685e-02
2.221253e-02;1.113371e-02;2.732384e-01;4.061581e-01;3.151625e-02;1.584351e-02;3.714614e-02;3.728149e-02;3.656858e-02;5.195675e-02;5.079506e-02;2.614958e-02
1.527340e-02;2.615778e-02;3.963401e-01;2.784540e-01;2.842417e-02;1.912698e-02;5.363490e-02;3.455070e-02;2.503183e-02;4.169613e-02;5.800514e-02;2.330481e-02
1.943974e-02;6.857961e-02;5.037208e-01;1.490691e-01;2.344879e-02;1.463648e-02;5.789098e-02;2.657055e-02;1.832596e-02;3.829944e-02;5.938378e-02;2.063479e-02
4.848030e-02;1.177009e-01;4.315629e-01;1.826590e-01;2.326965e-02;1.038208e-02;4.864927e-02;1.672067e-02;2.434542e-02;4.076457e-02;4.478123e-02;1.068404e-02
7.907237e-02;1.675008e-01;2.678659e-01;2.577689e-01;2.264464e-02;1.567034e-02;3.793368e-02;2.141522e-02;3.407361e-02;3.157158e-02;4.475726e-02;1.972571e-02
5.153174e-02;1.513784e-01;1.843921e-01;3.408951e-01;1.881422e-02;1.750777e-02;2.815738e-02;3.506466e-02;3.010148e-02;5.115572e-02;7.679340e-02;1.420805e-02
2.560105e-02;1.298966e-01;2.502376e-01;3.041073e-01;2.673368e-02;2.153388e-02;3.857319e-02;3.733975e-02;2.032804e-02;3.539618e-02;9.320924e-02;1.704347e-02
3.934827e-02;1.322422e-01;1.925446e-01;2.792611e-01;2.712148e-02;3.532623e-02;6.239282e-02;3.881726e-02;3.278346e-02;5.663782e-02;8.263774e-02;2.088702e-02
4.976559e-02;1.142363e-01;1.470426e-01;3.062668e-01;2.968464e-02;4.580841e-02;6.418800e-02;4.281957e-02;3.570054e-02;6.272892e-02;7.395414e-02;2.780450e-02
7.591812e-02;1.751587e-01;1.592096e-01;2.194354e-01;2.960886e-02;3.820710e-02;5.825537e-02;3.653746e-02;3.231762e-02;9.173984e-02;5.896377e-02;2.464823e-02
1.210964e-01;2.415897e-01;1.144617e-01;1.645065e-01;3.070045e-02;2.553366e-02;7.673234e-02;2.737428e-02;4.093581e-02;7.356405e-02;5.588385e-02;2.762132e-02
2.270966e-01;2.541691e-01;9.975319e-02;1.137538e-01;3.669558e-02;2.069795e-02;5.437052e-02;3.710132e-02;4.137268e-02;3.889565e-02;4.266842e-02;3.342516e-02
3.618160e-01;3.426636e-01;5.407608e-02;6.664492e-02;2.614813e-02;1.250408e-02;2.140103e-02;2.437625e-02;3.314180e-02;2.261882e-02;1.640521e-02;1.820417e-02
3.624473e-01;3.942747e-01;8.229426e-02;3.660624e-02;1.206785e-02;7.935132e-03;1.250841e-02;1.282909e-02;4.412293e-02;1.024362e-02;9.389592e-03;1.528095e-02
4.100047e-01;3.702545e-01;6.399166e-02;2.479145e-02;1.493055e-02;6.957585e-03;9.535208e-03;1.741741e-02;3.926419e-02;1.355757e-02;7.080219e-03;2.221498e-02
5.456470e-01;2.462179e-01;3.598046e-02;1.782345e-02;2.362635e-02;4.162436e-03;1.044521e-02;3.857586e-02;2.837639e-02;1.438015e-02;3.051703e-03;3.171311e-02
6.117405e-01;1.253440e-01;3.131912e-02;1.315579e-02;2.403853e-02;3.237563e-03;1.774935e-02;5.015280e-02;1.807218e-02;1.892397e-02;8.956620e-03;7.730950e-02
5.337962e-01;7.989374e-02;3.128054e-02;1.733861e-02;1.840587e-02;6.548041e-03;2.840596e-02;3.877531e-02;1.421133e-02;3.713237e-02;3.247719e-02;1.617348e-01
3.781833e-01;1.071924e-01;5.377289e-02;1.992757e-02;1.104827e-02;1.822108e-02;3.000678e-02;2.277545e-02;2.810886e-02;5.031839e-02;8.997474e-02;1.904702e-01
2.263841e-01;1.172784e-01;9.016699e-02;1.178657e-02;1.485756e-02;4.892059e-02;2.095615e-02;2.272299e-02;4.887668e-02;9.414988e-02;1.826304e-01;1.212697e-01
1.094136e-01;8.354642e-02;8.701456e-02;2.506844e-02;3.181253e-02;5.720836e-02;2.023035e-02;3.324171e-02;5.205936e-02;1.962180e-01;2.049010e-01;9.928571e-02
8.853404e-02;6.191866e-02;4.206673e-02;4.066080e-02;4.028304e-02;4.003720e-02;3.982146e-02;5.039833e-02;1.018069e-01;2.785621e-01;1.294359e-01;8.647498e-02
1.299485e-01;4.840857e-02;4.144225e-02;5.188151e-02;2.760689e-02;4.364476e-02;9.746819e-02;6.660937e-02;1.867156e-01;2.053618e-01;5.424022e-02;4.667233e-02
1.397677e-01;5.172263e-02;4.420948e-02;4.930058e-02;1.315441e-02;4.160500e-02;2.100320e-01;9.022500e-02;1.861717e-01;1.010615e-01;3.483939e-02;3.791059e-02
9.502033e-02;4.539986e-02;6.805447e-02;2.789523e-02;2.081654e-02;3.192152e-02;3.651942e-01;1.240024e-01;1.128289e-01;3.802837e-02;2.433325e-02;4.650494e-02
5.052996e-02;4.780538e-02;5.795669e-02;1.753662e-02;1.655339e-02;2.613981e-02;5.156924e-01;1.157149e-01;6.826174e-02;3.926232e-02;2.023665e-02;2.431018e-02
4.090114e-02;8.639891e-02;3.188304e-02;1.071025e-02;1.303234e-02;2.118370e-02;6.057998e-01;8.060946e-02;4.915217e-02;3.112885e-02;2.054412e-02;8.656168e-03
3.594127e-02;1.279172e-01;2.568818e-02;2.212363e-02;1.960474e-02;2.884873e-02;5.823374e-01;5.797893e-02;4.310255e-02;3.018462e-02;1.556730e-02;1.070547e-02
3.927869e-02;1.254701e-01;2.937307e-02;3.705668e-02;2.581063e-02;4.941334e-02;5.169972e-01;5.290858e-02;5.031158e-02;4.570729e-02;1.501888e-02;1.265394e-02
5.602348e-02;8.714058e-02;5.214987e-02;8.520348e-02;3.635301e-02;1.039802e-01;4.139322e-01;4.800293e-02;4.444792e-02;4.580708e-02;1.104461e-02;1.591459e-02
9.071887e-02;3.834672e-02;4.530782e-02;1.326822e-01;6.218314e-02;1.841512e-01;2.732021e-01;4.576453e-02;3.005993e-02;7.656054e-02;7.362091e-03;1.366074e-02
1.078470e-01;1.238562e-02;3.858853e-02;1.216879e-01;1.067770e-01;2.566410e-01;1.648665e-01;4.372512e-02;3.252092e-02;8.962096e-02;5.086755e-03;2.025273e-02
6.577008e-02;8.949410e-03;7.377175e-02;5.943676e-02;2.212146e-01;2.134347e-01;1.080767e-01;2.450372e-02;7.569095e-02;5.274368e-02;1.032977e-02;8.607791e-02
2.725905e-02;1.146754e-02;7.607327e-02;6.929320e-02;2.779347e-01;1.300497e-01;9.525251e-02;1.949069e-02;7.485678e-02;7.158171e-02;2.730184e-02;1.194390e-01
1.300807e-02;2.661046e-02;7.513859e-02;1.258993e-01;2.130521e-01;1.094850e-01;5.746065e-02;4.484568e-02;4.265499e-02;1.218330e-01;7.433562e-02;9.567653e-02
6.495784e-03;3.495792e-02;1.358159e-01;1.977556e-01;7.898623e-02;1.475448e-01;2.405962e-02;7.122607e-02;2.559520e-02;1.163476e-01;1.251258e-01;3.608933e-02
2.013195e-02;2.544329e-02;2.439253e-01;1.766433e-01;4.968245e-02;1.330318e-01;3.264010e-02;5.139405e-02;5.335640e-02;1.011418e-01;9.808843e-02;1.452115e-02
2.789285e-02;3.921228e-02;3.552705e-01;9.047949e-02;6.081042e-02;6.264232e-02;6.878948e-02;2.102580e-02;7.793032e-02;1.325797e-01;4.643775e-02;1.692912e-02
4.166840e-02;9.860142e-02;3.365317e-01;3.751305e-02;5.141878e-02;4.231289e-02;5.963977e-02;3.401087e-02;1.227547e-01;1.278470e-01;3.064765e-02;1.705376e-02
1.003408e-01;1.697943e-01;2.081291e-01;4.321931e-02;3.329507e-02;5.942775e-02;3.588570e-02;5.489415e-02;1.863868e-01;7.534217e-02;1.347625e-02;1.980866e-02
2.057219e-01;1.707533e-01;6.730660e-02;3.830239e-02;4.520044e-02;4.272917e-02;4.971448e-02;1.217241e-01;1.833997e-01;4.650259e-02;1.030845e-02;1.833696e-02
2.590452e-01;8.688956e-02;7.995628e-02;2.882021e-02;4.840981e-02;1.875081e-02;7.910332e-02;2.001950e-01;1.163996e-01;3.672968e-02;1.460300e-02;3.109755e-02
2.238956e-01;1.814741e-02;5.163029e-02;4.184027e-02;2.390894e-02;3.216625e-02;1.811022e-01;1.786556e-01;7.656680e-02;8.380395e-02;1.452072e-02;7.376194e-02
1.624143e-01;5.372056e-02;3.237639e-02;5.012750e-02;1.907198e-02;4.212359e-02;2.696610e-01;9.898999e-02;4.307996e-02;9.989312e-02;2.186879e-02;1.066728e-01
9.988040e-02;4.938301e-02;2.684218e-02;3.951241e-02;5.003566e-02;7.542527e-02;2.925669e-01;5.868768e-02;4.991493e-02;9.292831e-02;5.254854e-02;1.122748e-01
2.678853e-02;3.866887e-02;6.220977e-02;3.181725e-02;7.814144e-02;9.278081e-02;2.606969e-01;4.123716e-02;7.928167e-02;1.202436e-01;8.539132e-02;8.274259e-02
6.690419e-02;4.244882e-02;7.613201e-02;3.742606e-02;7.601099e-02;6.330147e-02;2.370253e-01;4.466018e-02;7.762958e-02;1.482488e-01;8.487062e-02;4.534200e-02
4.369506e-02;6.323735e-02;1.082564e-01;2.690933e-02;7.273854e-02;6.830923e-02;2.255841e-01;6.887855e-02;5.775127e-02;1.177318e-01;9.565060e-02;5.125789e-02
6.128782e-02;5.821408e-02;1.004708e-01;4.047459e-02;5.651754e-02;8.203577e-02;2.733593e-01;5.802842e-02;4.689331e-02;9.529305e-02;6.791827e-02;5.950707e-02
1.066064e-01;6.832749e-02;6.635665e-02;4.119685e-02;4.434580e-02;6.781363e-02;3.114099e-01;5.605063e-02;4.183016e-02;7.354076e-02;4.933923e-02;7.318250e-02
1.000513e-01;5.548517e-02;9.157051e-02;2.471763e-02;3.945044e-02;5.512405e-02;2.816380e-01;5.767652e-02;5.668091e-02;6.670820e-02;8.741012e-02;8.348720e-02
2.803998e-02;3.162376e-02;9.638095e-02;1.666447e-02;4.813172e-02;6.392805e-02;2.556961e-01;6.476796e-02;5.605580e-02;8.680876e-02;1.662706e-01;8.563189e-02
7.124496e-02;4.739847e-02;9.311819e-02;1.545482e-02;3.505887e-02;5.644669e-02;1.644055e-01;5.878162e-02;3.991956e-02;1.365892e-01;2.019259e-01;7.965630e-02
6.068248e-02;5.632678e-02;8.027332e-02;3.335076e-02;3.340200e-02;6.223987e-02;1.668896e-01;3.954843e-02;3.364043e-02;1.700406e-01;1.901174e-01;7.348833e-02
6.620267e-02;2.719779e-02;8.884680e-02;4.936713e-02;5.936711e-02;6.271004e-02;1.741472e-01;3.872975e-02;3.477468e-02;1.603794e-01;1.570064e-01;8.127105e-02
5.719600e-02;3.615147e-02;9.696905e-02;6.192379e-02;7.748146e-02;5.358151e-02;1.562662e-01;7.526653e-02;8.439802e-02;1.204834e-01;1.004342e-01;7.984836e-02
8.134695e-02;6.574177e-02;1.850017e-01;8.284313e-02;6.034906e-02;5.429626e-02;9.180223e-02;6.320810e-02;9.624006e-02;1.014547e-01;5.438494e-02;6.333102e-02
7.339026e-02;7.565612e-02;1.835579e-01;1.066187e-01;6.629370e-02;6.925616e-02;1.151717e-01;4.815809e-02;7.252230e-02;8.808319e-02;5.222198e-02;4.906994e-02
6.123002e-02;5.108142e-02;1.668430e-01;9.032717e-02;7.453158e-02;5.797184e-02;1.550108e-01;7.233088e-02;9.111806e-02;8.081214e-02;5.448579e-02;4.425728e-02
8.583473e-02;6.051179e-02;1.453318e-01;5.793827e-02;4.920830e-02;6.709025e-02;1.949707e-01;5.801288e-02;1.014468e-01;8.636262e-02;4.505225e-02;4.823964e-02
1.129620e-01;6.576213e-02;9.778672e-02;5.987864e-02;2.783099e-02;7.944303e-02;1.709511e-01;6.790694e-02;1.367224e-01;8.514947e-02;5.153431e-02;4.407235e-02
1.061466e-01;7.413152e-02;1.207049e-01;3.961129e-02;5.176004e-02;8.794685e-02;1.175141e-01;9.355853e-02;1.374726e-01;8.428240e-02;5.055816e-02;3.631299e-02
8.509287e-02;6.903648e-02;1.153407e-01;5.684149e-02;8.889894e-02;7.457130e-02;1.078965e-01;8.676755e-02;1.271203e-01;9.704956e-02;5.892852e-02;3.245570e-02
7.727803e-02;5.940704e-02;9.254073e-02;8.614679e-02;7.904534e-02;7.507757e-02;1.522806e-01;6.597266e-02;1.205830e-01;1.037101e-01;6.689090e-02;2.106723e-02
8.144625e-02;5.583659e-02;1.376534e-01;5.834106e-02;7.602613e-02;6.380276e-02;1.420720e-01;7.666262e-02;8.126426e-02;1.086144e-01;8.113009e-02;3.715033e-02
9.098136e-02;5.561020e-02;1.658524e-01;4.571319e-02;6.188743e-02;4.360383e-02;1.281957e-01;8.201027e-02;8.747859e-02;8.892470e-02;7.440172e-02;7.534052e-02
9.484116e-02;4.900784e-02;1.126329e-01;7.034248e-02;5.436376e-02;5.305111e-02;1.299271e-01;8.196305e-02;1.251892e-01;9.013750e-02;5.440877e-02;8.413506e-02
6.692501e-02;6.016716e-02;7.974143e-02;6.661203e-02;6.838883e-02;6.517339e-02;1.046875e-01;8.341713e-02;1.790151e-01;1.015895e-01;6.750716e-02;5.677572e-02
7.663139e-02;5.915324e-02;6.008813e-02;5.738723e-02;9.278979e-02;7.735924e-02;7.615490e-02;1.493787e-01;1.622034e-01;8.523833e-02;6.049091e-02;4.312466e-02
8.444876e-02;3.616465e-02;1.203504e-01;6.805400e-02;7.218366e-02;6.962887e-02;7.184453e-02;1.950762e-01;1.272999e-01;8.093131e-02;4.328743e-02;3.073027e-02
7.184017e-02;5.026490e-02;1.764869e-01;8.625224e-02;3.287289e-02;4.999228e-02;4.803502e-02;1.578676e-01;1.130073e-01;1.163812e-01;5.037934e-02;4.662020e-02
7.878187e-02;7.138657e-02;1.593275e-01;8.462055e-02;4.925346e-02;4.675075e-02;1.033937e-01;1.154369e-01;1.101070e-01;9.077966e-02;4.647070e-02;4.369144e-02
6.922131e-02;7.871571e-02;8.654390e-02;7.157828e-02;5.775048e-02;8.267296e-02;1.573685e-01;1.057180e-01;1.146253e-01;1.031621e-01;4.487500e-02;2.776846e-02
