1.491317e-01;7.633296e-02;1.326569e-01;6.680586e-02;1.119240e-01;6.345242e-02;9.792069e-02;5.400728e-02;8.520875e-02;4.681237e-02;6.911980e-02;4.662721e-02
1.417087e-01;9.274662e-02;1.513814e-01;7.388293e-02;1.157184e-01;6.003131e-02;7.208398e-02;5.810134e-02;6.771905e-02;5.727172e-02;6.760918e-02;4.174536e-02
1.444582e-01;1.089614e-01;1.476322e-01;6.684061e-02;1.095190e-01;6.202856e-02;8.118223e-02;6.655314e-02;5.416901e-02;6.390327e-02;6.221602e-02;3.253632e-02
1.272904e-01;1.075054e-01;1.540879e-01;5.512068e-02;8.272494e-02;6.697647e-02;1.125844e-01;8.256236e-02;5.855661e-02;7.540927e-02;4.923089e-02;2.795064e-02
9.151147e-02;9.744604e-02;1.666647e-01;6.633069e-02;6.561597e-02;7.834946e-02;5.321658e-02;7.428355e-02;8.222576e-02;1.373146e-01;4.485387e-02;4.218735e-02
9.860383e-02;6.420108e-02;1.365985e-01;7.602310e-02;5.265452e-02;9.065032e-02;7.183462e-02;5.125064e-02;8.730542e-02;1.586522e-01;5.894523e-02;5.328052e-02
7.821416e-02;7.329243e-02;1.169413e-01;8.641082e-02;2.966200e-02;1.072838e-01;7.996327e-02;5.280047e-02;1.113631e-01;1.536054e-01;5.152849e-02;5.893473e-02
6.108347e-02;7.825568e-02;1.084206e-01;8.366676e-02;3.455929e-02;1.106396e-01;1.130437e-01;6.983104e-02;1.166354e-01;1.255149e-01;4.512650e-02;5.322309e-02
4.766976e-02;5.502409e-02;1.089295e-01;8.768295e-02;6.444370e-02;1.053732e-01;1.367559e-01;8.258357e-02;1.040782e-01;8.418156e-02;6.109140e-02;6.218618e-02
4.786557e-02;6.381311e-02;1.030499e-01;1.095637e-01;9.285601e-02;6.493996e-02;1.347026e-01;7.705432e-02;1.144804e-01;7.323005e-02;3.987797e-02;7.856645e-02
3.370196e-02;8.269073e-02;9.524205e-02;1.044109e-01;1.005557e-01;7.521643e-02;1.450103e-01;9.192745e-02;9.736003e-02;8.856978e-02;3.764858e-02;4.766618e-02
6.082935e-02;5.680903e-02;6.922937e-02;1.151262e-01;1.203436e-01;8.230558e-02;1.352072e-01;9.313449e-02;9.324564e-02;6.698687e-02;4.630845e-02;6.047431e-02
7.482141e-02;6.098282e-02;5.341752e-02;1.449316e-01;7.317384e-02;6.143498e-02;1.349631e-01;1.031825e-01;1.114049e-01;6.317384e-02;3.151230e-02;8.700123e-02
8.412555e-02;4.659820e-02;5.058078e-02;1.628418e-01;2.630108e-02;5.267453e-02;1.021491e-01;9.478846e-02;1.171490e-01;1.104212e-01;4.979878e-02;1.025715e-01
7.069101e-02;3.389131e-02;8.383079e-02;1.280161e-01;6.349735e-02;5.323251e-02;1.104870e-01;8.998054e-02;9.327344e-02;9.905133e-02;5.307389e-02;1.209747e-01
4.350089e-02;3.516772e-02;1.265621e-01;8.819512e-02;1.202478e-01;5.883080e-02;1.271435e-01;1.029902e-01;6.976920e-02;8.171622e-02;4.714964e-02;9.872685e-02
6.386739e-02;7.056620e-02;1.224762e-01;6.048997e-02;9.023104e-02;5.296353e-02;1.794308e-01;1.048203e-01;1.011171e-01;6.416686e-02;5.512528e-02;3.474537e-02
5.708610e-02;4.449328e-02;7.718989e-02;5.070591e-02;9.979820e-02;7.494117e-02;1.898877e-01;8.953603e-02;1.075512e-01;4.960680e-02;5.321015e-02;1.059936e-01
4.320288e-02;3.198049e-02;6.463501e-02;6.599908e-02;1.187269e-01;7.833061e-02;1.591480e-01;9.461550e-02;8.770066e-02;3.773139e-02;6.300915e-02;1.549203e-01
2.800858e-02;2.489205e-02;7.744375e-02;7.615442e-02;1.071857e-01;5.794535e-02;1.068745e-01;8.943049e-02;6.041054e-02;5.294900e-02;1.480296e-01;1.706760e-01
2.911853e-02;2.382958e-02;1.581160e-01;6.642586e-02;6.600343e-02;3.184954e-02;8.123887e-02;6.722420e-02;4.229768e-02;1.199231e-01;1.930247e-01;1.209486e-01
2.908122e-02;5.821060e-02;2.370397e-01;4.134525e-02;3.226261e-02;4.758471e-02;7.178497e-02;3.782013e-02;7.113684e-02;1.650702e-01;1.220287e-01;8.663501e-02
1.749565e-02;1.530780e-01;2.050768e-01;2.147683e-02;1.380300e-02;1.150881e-01;3.397864e-02;2.370621e-02;1.855735e-01;1.024275e-01;2.981172e-02;9.848400e-02
1.599956e-02;2.449421e-01;9.344716e-02;1.863007e-02;7.555215e-03;1.566105e-01;1.250864e-02;1.724683e-02;3.206901e-01;2.231593e-02;5.683114e-03;8.437078e-02
4.795215e-02;2.636871e-01;4.588811e-02;2.561449e-02;1.845408e-02;1.324421e-01;1.223390e-02;2.250844e-02;3.558415e-01;9.840341e-03;2.483668e-02;4.070111e-02
1.303547e-01;2.184050e-01;3.796967e-02;2.182741e-02;4.143513e-02;9.427946e-02;1.455996e-02;7.070266e-02;2.748133e-01;1.088239e-02;4.913990e-02;3.563046e-02
1.908656e-01;1.442172e-01;5.617106e-02;2.020271e-02;3.639239e-02;5.245373e-02;2.633773e-02;1.364562e-01;2.218987e-01;1.497704e-02;4.728611e-02;5.274150e-02
1.485434e-01;1.116678e-01;6.307735e-02;1.325336e-02;4.950504e-02;2.780908e-02;2.128386e-02;1.583288e-01;3.111668e-01;2.259796e-02;3.454142e-02;3.822531e-02
1.855125e-01;1.094396e-01;3.999908e-02;6.080387e-03;1.061476e-01;1.866125e-02;1.968736e-02;1.666334e-01;2.827635e-01;9.405164e-03;3.236765e-02;2.330247e-02
2.201097e-01;1.050420e-01;3.090177e-02;4.734640e-03;1.458019e-01;1.511518e-02;1.707554e-02;1.962134e-01;2.098724e-01;1.119095e-02;3.085449e-02;1.308796e-02
1.974132e-01;8.292695e-02;3.423198e-02;9.204702e-03;1.813118e-01;2.067051e-02;2.378789e-02;2.119772e-01;1.731657e-01;1.388370e-02;3.591322e-02;1.551312e-02
1.744664e-01;1.294919e-01;2.878397e-02;1.240562e-02;2.327778e-01;2.220256e-02;2.137786e-02;1.953887e-01;1.147984e-01;9.750545e-03;3.977872e-02;1.877757e-02
1.805623e-01;1.300061e-01;2.368206e-02;5.541550e-03;2.548600e-01;4.399603e-02;1.841186e-02;1.653387e-01;9.744512e-02;9.054651e-03;6.134719e-02;9.754435e-03
1.590092e-01;1.026451e-01;2.775669e-02;9.145550e-03;2.521669e-01;5.349102e-02;2.578260e-02;1.325773e-01;1.262562e-01;2.003190e-02;8.080954e-02;1.032800e-02
8.172086e-02;1.614971e-01;2.397755e-02;1.937569e-02;1.354076e-01;1.559830e-01;1.909970e-02;5.860653e-02;2.440576e-01;1.933482e-02;5.266890e-02;2.827058e-02
2.823847e-02;1.999069e-01;3.750845e-02;2.220907e-02;4.181902e-02;2.487851e-01;9.531668e-03;2.196387e-02;2.902284e-01;1.696054e-02;1.494135e-02;6.790717e-02
1.366094e-02;1.934714e-01;8.311110e-02;1.954445e-02;1.092409e-02;2.592966e-01;9.133754e-03;2.369781e-02;2.280566e-01;4.759958e-02;4.900619e-03;1.066030e-01
1.037963e-02;1.891050e-01;1.819290e-01;1.230568e-02;1.350550e-02;1.791254e-01;2.324341e-02;3.386020e-02;1.279001e-01;1.274450e-01;5.767408e-03;9.543361e-02
1.551622e-02;2.037931e-01;2.641171e-01;4.826306e-03;1.910654e-02;8.036336e-02;3.425207e-02;2.957887e-02;9.624176e-02;2.057954e-01;5.361489e-03;4.104777e-02
2.588236e-02;1.675705e-01;2.746152e-01;8.530231e-03;1.670570e-02;3.616181e-02;3.957409e-02;2.443368e-02;1.316016e-01;2.469605e-01;6.946330e-03;2.101811e-02
4.481785e-02;1.056981e-01;2.485721e-01;1.599773e-02;1.815031e-02;2.089077e-02;5.307020e-02;2.927152e-02;1.769174e-01;2.430282e-01;1.953634e-02;2.404950e-02
7.210971e-02;9.091117e-02;2.242101e-01;2.998740e-02;1.959124e-02;1.529486e-02;5.920374e-02;4.120914e-02;1.886106e-01;2.000750e-01;3.246940e-02;2.632767e-02
1.013198e-01;1.064480e-01;2.174002e-01;3.602472e-02;2.890480e-02;2.543046e-02;5.815882e-02;4.034146e-02;1.636418e-01;1.449752e-01;4.005001e-02;3.730475e-02
1.300911e-01;1.119923e-01;2.003192e-01;3.540725e-02;3.257205e-02;5.517650e-02;5.817287e-02;4.478320e-02;1.120432e-01;1.099798e-01;6.078025e-02;4.868226e-02
8.819131e-02;9.071670e-02;1.616109e-01;1.475635e-02;2.801644e-02;4.810625e-02;6.024377e-02;6.185799e-02;1.681199e-01;1.625309e-01;3.576126e-02;8.008830e-02
1.429433e-01;1.114693e-01;1.192535e-01;3.529653e-02;4.669584e-02;5.386684e-02;7.959891e-02;3.426179e-02;1.326917e-01;1.187309e-01;6.912906e-02;5.606228e-02
1.128037e-01;1.555270e-01;2.736602e-01;4.431954e-02;3.252670e-02;4.455716e-02;4.723490e-02;4.076996e-02;7.659275e-02;5.873327e-02;5.356030e-02;5.971454e-02
4.545414e-02;1.712558e-01;3.742611e-01;4.175847e-02;2.128802e-02;4.189671e-02;2.296948e-02;4.346664e-02;9.402103e-02;4.195968e-02;2.383312e-02;7.783585e-02
2.881294e-02;1.773538e-01;4.642795e-01;3.652247e-02;1.403525e-02;3.193356e-02;1.080255e-02;4.093610e-02;7.937034e-02;4.091705e-02;6.868694e-03;6.816768e-02
6.952234e-02;2.085235e-01;4.718539e-01;3.023457e-02;9.009005e-03;2.160317e-02;8.589449e-03;3.959317e-02;5.530420e-02;3.667525e-02;3.415452e-03;4.567603e-02
1.098464e-01;2.350479e-01;4.341072e-01;1.828063e-02;8.743796e-03;1.814069e-02;8.061039e-03;3.755795e-02;4.387777e-02;4.319244e-02;4.002928e-03;3.914123e-02
1.159217e-01;2.319154e-01;4.142216e-01;1.929668e-02;1.820056e-02;1.303206e-02;1.085334e-02;3.828685e-02;4.383380e-02;5.306201e-02;1.053118e-02;3.084476e-02
1.095312e-01;2.153632e-01;3.383802e-01;3.577897e-02;3.106745e-02;3.302873e-02;3.215735e-02;4.263103e-02;5.270670e-02;5.002292e-02;2.344730e-02;3.588497e-02
1.316436e-01;1.616462e-01;2.223437e-01;4.714150e-02;4.521318e-02;5.736677e-02;6.387627e-02;3.808746e-02;5.354808e-02;4.974363e-02;6.092278e-02;6.846690e-02
5.955732e-02;7.337649e-02;1.944253e-01;3.806802e-02;2.148088e-02;5.528199e-02;1.159538e-01;3.375732e-02;5.849198e-02;9.101388e-02;1.451210e-01;1.134720e-01
2.675061e-02;5.808836e-02;1.508673e-01;3.025497e-02;2.866238e-02;7.564060e-02;1.078983e-01;4.306961e-02;4.167709e-02;1.213839e-01;2.201758e-01;9.553102e-02
2.913712e-02;4.966618e-02;1.361716e-01;3.531684e-02;4.597737e-02;1.003446e-01;8.011722e-02;5.390319e-02;5.948744e-02;1.289463e-01;2.085167e-01;7.241555e-02
5.740870e-02;3.886812e-02;1.131811e-01;3.917406e-02;5.068005e-02;1.115449e-01;1.024475e-01;5.346846e-02;7.084545e-02;1.264791e-01;1.513711e-01;8.453149e-02
1.240864e-01;5.399027e-02;1.555791e-01;4.560321e-02;6.668723e-02;1.093840e-01;9.344585e-02;3.085877e-02;6.568338e-02;9.232059e-02;8.334933e-02;7.901184e-02
1.849800e-01;8.522621e-02;1.964021e-01;3.425973e-02;5.918614e-02;1.007631e-01;8.456264e-02;4.159445e-02;4.306256e-02;7.725915e-02;4.251314e-02;5.019087e-02
1.929277e-01;1.177800e-01;2.324823e-01;2.198851e-02;5.102129e-02;6.560789e-02;1.163043e-01;2.980788e-02;3.352527e-02;9.310420e-02;2.316739e-02;2.228327e-02
1.859453e-01;1.481018e-01;2.194352e-01;1.732906e-02;4.895512e-02;2.963792e-02;1.526430e-01;2.865795e-02;3.461025e-02;1.112725e-01;1.568487e-02;7.727074e-03
1.882058e-01;1.405271e-01;1.607120e-01;1.753157e-02;1.093283e-01;7.797011e-03;1.602320e-01;7.376520e-02;3.673754e-02;7.778934e-02;1.709669e-02;1.027733e-02
1.917317e-01;1.200011e-01;1.519635e-01;2.967798e-02;1.439496e-01;1.157946e-02;1.233955e-01;1.095372e-01;3.938271e-02;3.862774e-02;2.060091e-02;1.955264e-02
1.894651e-01;1.044077e-01;1.637387e-01;4.453938e-02;1.300459e-01;2.088759e-02;1.033417e-01;1.125553e-01;3.663909e-02;3.022160e-02;2.417800e-02;3.997992e-02
1.046850e-01;7.992990e-02;1.981093e-01;5.258703e-02;6.836611e-02;5.027412e-02;1.393639e-01;9.590416e-02;3.977967e-02;4.174386e-02;3.813435e-02;9.112256e-02
1.993916e-01;5.261742e-02;1.473793e-01;4.450953e-02;5.183703e-02;8.218369e-02;1.363777e-01;5.593706e-02;2.753193e-02;6.137777e-02;4.222114e-02;9.863595e-02
2.975712e-01;4.737243e-02;1.013263e-01;2.925403e-02;4.422930e-02;1.137714e-01;7.085384e-02;7.133915e-02;3.059855e-02;6.289648e-02;3.989996e-02;9.088731e-02
3.014674e-01;3.146377e-02;1.040540e-01;3.918348e-02;2.909474e-02;1.256802e-01;7.560457e-02;6.870398e-02;3.385026e-02;6.730068e-02;3.898605e-02;8.461091e-02
3.017921e-01;2.801169e-02;9.759396e-02;3.682678e-02;2.860996e-02;1.136584e-01;7.819671e-02;1.018670e-01;3.438404e-02;6.152014e-02;4.345581e-02;7.408331e-02
3.053477e-01;4.208400e-02;1.370938e-01;1.831971e-02;6.051553e-02;6.060169e-02;4.660515e-02;1.839832e-01;2.138492e-02;3.043148e-02;4.015543e-02;5.347734e-02
1.920102e-01;7.815944e-02;1.458069e-01;4.904929e-02;8.458821e-02;2.982882e-02;5.592405e-02;1.652392e-01;6.324941e-02;5.825969e-02;3.249270e-02;4.539220e-02
1.190893e-01;9.300365e-02;1.234550e-01;5.810218e-02;8.716111e-02;3.513478e-02;7.707549e-02;1.508178e-01;7.074803e-02;7.115366e-02;7.121053e-02;4.304840e-02
1.276829e-01;1.022204e-01;9.687578e-02;3.907209e-02;1.005118e-01;3.010864e-02;7.156505e-02;1.323870e-01;7.060317e-02;6.182706e-02;1.283270e-01;3.881902e-02
1.319980e-01;1.196071e-01;6.678302e-02;1.638351e-02;1.126524e-01;2.185656e-02;6.488827e-02;9.643460e-02;7.611631e-02;5.599261e-02;2.139560e-01;2.333155e-02
9.358356e-02;1.482157e-01;3.676179e-02;1.896914e-02;8.107652e-02;8.250857e-02;5.288095e-02;4.213979e-02;1.727022e-01;4.225060e-02;2.092763e-01;1.963493e-02
4.637010e-02;1.764589e-01;3.948435e-02;2.600774e-02;3.200232e-02;1.726397e-01;3.004784e-02;2.600004e-02;2.779619e-01;3.326915e-02;8.951946e-02;5.023850e-02
2.357714e-02;1.558915e-01;8.811610e-02;2.465346e-02;1.286978e-02;2.042678e-01;3.305361e-02;2.591257e-02;2.585788e-01;6.830024e-02;2.166656e-02;8.311238e-02
2.416708e-02;8.488154e-02;1.954714e-01;1.639498e-02;1.757316e-02;1.233418e-01;1.038549e-01;3.167035e-02;1.284117e-01;1.920123e-01;1.530753e-02;6.691330e-02
3.445137e-02;2.838472e-02;2.353838e-01;6.418679e-02;1.959459e-02;4.298863e-02;1.485651e-01;4.712775e-02;5.961425e-02;2.302205e-01;6.714318e-02;2.233925e-02
2.631998e-02;1.553547e-02;1.603552e-01;1.648116e-01;2.812375e-02;2.628740e-02;1.032937e-01;1.095882e-01;4.444382e-02;1.268753e-01;1.745370e-01;1.982873e-02
2.039622e-02;2.239949e-02;6.146512e-02;1.962816e-01;9.749211e-02;3.728280e-02;3.752828e-02;1.451464e-01;6.152993e-02;3.967270e-02;2.014305e-01;7.937482e-02
7.054021e-02;2.166796e-02;2.711785e-02;1.094391e-01;1.684488e-01;1.062244e-01;3.788093e-02;8.959533e-02;9.415305e-02;5.030739e-02;1.062779e-01;1.183471e-01
1.240065e-01;4.555235e-02;1.913876e-02;3.688183e-02;1.336129e-01;2.026484e-01;1.112472e-01;4.052360e-02;7.491382e-02;9.815870e-02;3.692017e-02;7.639573e-02
9.863050e-02;1.159789e-01;3.022912e-02;2.238603e-02;5.046253e-02;1.753003e-01;2.420114e-01;3.997719e-02;3.513551e-02;9.869228e-02;7.338930e-02;1.780692e-02
3.292161e-02;1.429448e-01;8.801670e-02;4.827135e-02;2.654264e-02;6.981219e-02;2.631472e-01;8.255093e-02;7.001806e-02;5.722528e-02;1.071596e-01;1.138960e-02
1.503383e-02;9.240280e-02;1.310565e-01;1.140378e-01;4.570095e-02;3.651758e-02;1.476639e-01;8.417469e-02;1.623888e-01;7.075053e-02;8.313377e-02;1.713885e-02
2.508749e-02;4.168504e-02;1.039776e-01;1.726141e-01;7.127485e-02;2.590263e-02;1.142950e-01;2.863413e-02;2.386971e-01;1.046383e-01;5.931424e-02;1.387951e-02
3.718664e-02;3.838540e-02;9.718759e-02;1.289121e-01;7.422674e-02;3.807134e-02;1.871135e-01;8.805174e-02;1.756306e-01;7.233241e-02;4.495402e-02;1.794781e-02
5.210015e-02;5.935438e-02;1.374354e-01;5.938328e-02;9.339394e-02;7.532685e-02;2.154362e-01;1.131573e-01;8.282108e-02;3.960649e-02;4.204422e-02;2.994075e-02
6.570329e-02;4.623806e-02;9.541065e-02;7.871806e-02;1.072771e-01;9.877571e-02;1.678352e-01;5.262104e-02;9.415951e-02;7.794692e-02;7.176271e-02;4.355181e-02
9.613713e-02;7.324682e-02;1.588985e-01;1.039387e-01;6.293616e-02;5.695778e-02;1.472899e-01;5.289846e-02;6.763958e-02;7.314990e-02;5.519572e-02;5.171144e-02
9.672838e-02;7.723817e-02;1.043343e-01;1.325369e-01;3.933683e-02;5.512709e-02;1.418725e-01;6.408050e-02;1.001194e-01;8.261040e-02;5.751190e-02;4.850360e-02
7.271543e-02;7.938236e-02;7.829936e-02;9.771424e-02;5.646636e-02;7.855466e-02;1.447099e-01;1.029951e-01;1.002174e-01;6.856196e-02;5.779862e-02;6.258461e-02
1.088040e-01;7.039004e-02;1.122785e-01;6.238227e-02;5.212831e-02;8.003806e-02;1.268017e-01;6.794497e-02;1.149060e-01;6.822700e-02;5.858837e-02;7.751079e-02
6.058653e-02;2.702400e-02;5.487376e-02;3.868073e-02;3.412960e-02;4.524213e-02;2.492864e-01;1.600188e-01;1.490927e-01;7.136600e-02;6.529286e-02;4.440650e-02
2.809314e-02;2.211954e-02;5.672557e-02;2.089539e-02;2.909286e-02;3.470470e-02;3.314497e-01;2.438985e-01;1.009227e-01;5.270074e-02;5.654834e-02;2.284875e-02
1.495347e-02;2.481984e-02;8.388543e-02;1.011529e-02;1.597874e-02;2.219251e-02;3.455341e-01;3.406417e-01;4.549377e-02;2.730688e-02;4.797177e-02;2.110654e-02
6.020631e-03;1.304648e-02;1.240830e-01;6.605893e-03;5.815154e-03;1.008288e-02;2.713780e-01;4.454227e-01;3.917890e-02;1.136173e-02;2.153102e-02;4.547368e-02
5.712357e-03;8.957977e-03;1.551701e-01;3.762736e-03;2.790788e-03;5.221252e-03;2.197001e-01;4.956714e-01;2.648591e-02;1.329042e-02;8.361999e-03;5.487490e-02
4.161505e-03;1.198120e-02;1.475289e-01;2.937257e-03;3.648059e-03;7.138462e-03;2.483390e-01;4.584257e-01;3.251963e-02;1.745168e-02;5.177996e-03;6.069056e-02
3.073316e-03;1.508342e-02;1.208000e-01;1.177456e-02;1.082841e-02;2.691409e-02;3.029417e-01;3.709863e-01;5.274522e-02;1.870615e-02;1.044552e-02;5.570128e-02
9.862941e-03;2.097813e-02;1.156054e-01;2.092744e-02;2.762572e-02;5.005572e-02;3.144436e-01;2.900009e-01;6.492750e-02;2.382649e-02;2.086705e-02;4.087916e-02
1.885230e-02;2.739898e-02;1.483375e-01;3.664372e-02;4.406269e-02;6.891720e-02;2.147880e-01;2.531691e-01;9.115643e-02;3.023147e-02;3.279790e-02;3.364478e-02
3.016768e-02;1.605438e-02;1.819003e-01;2.518806e-02;4.051864e-02;4.276604e-02;1.924019e-01;2.657309e-01;7.154139e-02;4.333493e-02;3.654905e-02;5.384674e-02
1.256728e-02;1.271244e-02;1.359434e-01;2.896813e-02;2.617431e-02;3.419012e-02;2.004807e-01;3.122467e-01;8.216740e-02;4.722017e-02;3.774374e-02;6.958570e-02
1.292128e-02;1.795295e-02;1.012421e-01;2.432967e-02;2.538664e-02;4.389758e-02;2.059121e-01;3.510535e-01;5.715609e-02;4.368565e-02;3.002389e-02;8.643859e-02
8.241303e-03;1.359340e-02;1.211000e-01;2.030923e-02;2.960901e-02;4.213997e-02;2.531482e-01;3.323708e-01;3.205764e-02;1.790573e-02;2.848892e-02;1.010358e-01
1.458540e-02;1.817899e-02;1.543463e-01;1.629408e-02;3.205153e-02;2.266833e-02;2.116291e-01;3.525904e-01;3.423400e-02;1.862677e-02;3.262772e-02;9.216744e-02
2.527445e-02;4.168189e-02;1.605698e-01;5.916171e-02;4.990080e-02;5.508829e-02;1.520989e-01;1.876560e-01;7.241654e-02;8.974466e-02;5.405707e-02;5.234975e-02
6.133785e-02;5.059195e-02;1.273959e-01;8.324352e-02;7.364838e-02;4.130136e-02;1.196967e-01;1.082252e-01;1.101845e-01;8.922737e-02;7.083699e-02;6.431036e-02
1.077555e-01;6.905820e-02;6.888703e-02;3.706518e-02;7.592276e-02;6.532437e-02;1.534013e-01;1.134507e-01;1.190875e-01;6.651939e-02;5.318269e-02;7.034539e-02
1.437107e-01;5.476220e-02;4.915164e-02;3.380609e-02;8.775231e-02;8.726073e-02;1.504364e-01;9.060211e-02;1.214846e-01;5.451693e-02;4.206694e-02;8.444936e-02
1.689602e-01;3.746453e-02;3.559852e-02;2.135968e-02;1.391766e-01;8.912808e-02;1.174848e-01;5.708495e-02;1.294795e-01;3.514722e-02;3.027622e-02;1.388396e-01
1.369917e-01;1.777397e-02;1.928298e-02;2.017209e-02;2.352347e-01;6.439721e-02;7.152615e-02;2.922811e-02;1.515148e-01;1.513460e-02;8.740871e-03;2.300029e-01
5.942582e-02;1.419111e-02;1.895830e-02;6.882218e-02;2.704892e-01;3.210195e-02;4.652386e-02;4.267505e-02;1.312322e-01;1.692915e-02;5.464260e-02;2.440086e-01
1.687353e-02;3.138195e-02;2.944861e-02;1.767482e-01;2.026289e-01;1.243276e-02;2.788964e-02;1.214194e-01;6.333352e-02;2.564878e-02;1.397618e-01;1.524328e-01
6.872030e-03;4.803089e-02;3.846459e-02;2.648422e-01;9.362672e-02;1.365597e-02;1.264574e-02;1.941328e-01;1.274078e-02;2.815812e-02;2.182663e-01;6.856392e-02
1.061186e-02;4.150253e-02;4.008494e-02;2.386923e-01;7.947111e-02;1.769498e-02;1.470197e-02;1.805972e-01;2.034398e-02;2.538104e-02;2.148037e-01;1.161144e-01
1.107300e-02;3.360312e-02;4.052993e-02;1.633365e-01;1.463096e-01;2.148817e-02;2.889182e-02;1.179124e-01;3.662441e-02;1.701173e-02;1.699790e-01;2.132403e-01
8.619018e-03;2.457779e-02;4.787309e-02;1.263954e-01;1.692513e-01;1.868358e-02;3.022568e-02;6.896309e-02;3.043582e-02;1.837465e-02;1.981120e-01;2.584886e-01
8.910800e-03;2.213586e-02;7.502824e-02;1.221695e-01;1.412436e-01;2.127101e-02;3.386622e-02;4.673212e-02;2.511159e-02;1.871394e-02;2.675868e-01;2.172304e-01
2.488452e-02;3.353080e-02;1.590160e-01;1.103528e-01;1.143958e-01;2.274721e-02;3.283678e-02;3.256519e-02;2.234112e-02;2.058383e-02;2.772567e-01;1.494893e-01
3.980063e-02;4.833415e-02;2.586774e-01;1.006570e-01;9.128326e-02;3.175487e-02;4.637510e-02;3.647789e-02;1.726918e-02;4.156901e-02;2.045105e-01;8.329106e-02
5.625302e-02;6.280114e-02;2.939044e-01;7.750763e-02;7.395450e-02;3.686608e-02;6.519432e-02;6.458259e-02;3.135189e-02;5.784563e-02;9.963318e-02;8.010564e-02
5.348258e-02;7.384948e-02;2.219739e-01;6.051870e-02;9.017909e-02;4.047015e-02;7.416146e-02;1.013970e-01;4.784704e-02;6.311172e-02;1.012661e-01;7.174288e-02
6.946913e-02;5.670891e-02;1.125023e-01;8.099759e-02;1.266792e-01;6.754684e-02;8.794198e-02;1.113509e-01;8.308566e-02;9.115296e-02;7.785496e-02;3.470957e-02
9.632415e-02;6.993141e-02;1.060382e-01;5.282546e-02;9.268322e-02;6.842528e-02;1.202846e-01;8.777318e-02;9.741124e-02;8.569395e-02;6.780180e-02;5.480757e-02
7.802258e-02;7.602039e-02;2.028544e-01;6.330733e-02;8.032941e-02;6.266107e-02;1.320342e-01;6.936467e-02;6.643587e-02;5.205036e-02;5.666513e-02;6.025462e-02
3.614724e-02;5.931391e-02;3.377494e-01;9.701139e-02;9.907205e-02;6.032419e-02;1.446748e-01;4.898220e-02;3.201476e-02;3.218920e-02;2.032725e-02;3.219372e-02
1.618119e-02;5.115819e-02;4.461337e-01;1.187135e-01;1.062744e-01;5.684723e-02;1.027907e-01;2.712528e-02;1.842675e-02;2.998322e-02;8.698163e-03;1.766765e-02
2.140670e-02;5.909519e-02;5.190713e-01;1.021130e-01;8.579167e-02;4.189454e-02;7.179024e-02;1.713340e-02;1.439615e-02;3.638112e-02;1.527305e-02;1.565365e-02
3.797513e-02;6.575155e-02;5.561819e-01;5.162993e-02;5.597452e-02;3.198930e-02;6.703999e-02;1.827255e-02;3.408751e-02;4.225721e-02;2.125642e-02;1.758402e-02
6.285892e-02;4.124962e-02;6.130521e-01;3.253873e-02;2.839532e-02;1.571997e-02;3.508506e-02;4.391769e-02;5.245023e-02;2.452697e-02;3.206089e-02;1.814453e-02
9.311035e-02;3.956776e-02;4.673395e-01;3.008181e-02;3.164060e-02;1.367783e-02;6.536088e-02;1.072055e-01;4.363265e-02;2.066543e-02;4.527924e-02;4.243850e-02
1.308212e-01;3.475324e-02;3.132019e-01;2.519982e-02;2.431416e-02;1.693550e-02;1.188864e-01;1.437074e-01;1.758643e-02;3.574274e-02;7.240409e-02;6.644714e-02
1.015800e-01;3.199243e-02;2.136292e-01;3.177287e-02;3.416152e-02;3.946999e-02;1.596244e-01;1.140333e-01;2.726643e-02;6.408102e-02;1.005268e-01;8.186197e-02
7.737572e-02;7.866953e-02;2.054072e-01;5.716880e-02;9.326123e-02;6.693825e-02;6.848960e-02;6.915143e-02;6.306666e-02;7.849684e-02;8.074922e-02;6.122553e-02
8.742882e-02;8.779904e-02;3.493453e-01;5.922785e-02;9.904809e-02;4.149891e-02;4.103351e-02;4.326753e-02;5.944746e-02;5.903584e-02;4.078887e-02;3.207877e-02
6.875262e-02;7.343604e-02;4.486549e-01;6.498122e-02;9.584178e-02;3.638922e-02;4.002604e-02;2.482922e-02;4.570761e-02;6.421375e-02;2.175017e-02;1.541741e-02
4.324454e-02;3.464485e-02;5.285828e-01;7.995211e-02;8.518118e-02;5.077194e-02;3.928191e-02;1.085909e-02;3.244415e-02;5.581769e-02;3.017753e-02;9.042312e-03
4.618620e-02;3.552815e-02;5.631166e-01;7.860271e-02;6.674299e-02;5.070236e-02;3.513701e-02;1.108988e-02;2.505457e-02;4.489112e-02;3.490052e-02;8.047962e-03
7.493968e-02;7.756934e-02;5.051765e-01;5.876807e-02;4.994588e-02;3.825457e-02;4.627339e-02;1.482113e-02;2.811943e-02;5.772606e-02;3.552855e-02;1.287747e-02
8.951618e-02;8.740287e-02;3.610614e-01;5.357644e-02;5.490619e-02;4.823844e-02;4.046093e-02;4.383216e-02;6.180851e-02;9.050812e-02;5.045361e-02;1.823518e-02
7.019070e-02;4.879121e-02;1.722059e-01;6.997947e-02;6.783324e-02;5.924728e-02;6.220211e-02;8.727977e-02;1.346669e-01;1.296365e-01;6.465733e-02;3.330971e-02
4.514771e-02;4.188924e-02;1.288843e-01;8.202588e-02;8.296447e-02;6.721790e-02;6.268365e-02;1.026230e-01;1.658591e-01;1.380392e-01;5.048018e-02;3.218554e-02
3.395464e-02;4.263610e-02;2.375821e-01;7.283998e-02;7.725343e-02;7.159215e-02;1.127159e-01;8.044553e-02;1.066565e-01;1.069444e-01;3.756835e-02;1.981093e-02
4.553314e-02;6.293688e-02;1.513008e-01;6.327095e-02;7.669003e-02;1.081836e-01;1.515874e-01;1.134148e-01;9.420399e-02;7.180598e-02;3.231353e-02;2.875881e-02
5.619095e-02;5.822180e-02;9.161921e-02;5.727969e-02;9.011798e-02;1.309411e-01;1.693860e-01;1.161189e-01;1.024462e-01;7.334459e-02;2.628496e-02;2.804856e-02
5.992255e-02;5.797770e-02;8.924603e-02;6.238501e-02;8.853187e-02;1.285758e-01;1.799223e-01;1.109402e-01;9.655489e-02;7.040513e-02;2.702157e-02;2.851693e-02
7.138152e-02;5.318293e-02;8.608061e-02;7.559978e-02;8.843464e-02;1.299391e-01;1.906405e-01;9.198388e-02;8.141407e-02;6.042348e-02;3.367077e-02;3.724869e-02
7.200557e-02;2.051626e-02;1.271020e-01;9.230535e-02;8.529352e-02;7.565536e-02;1.972502e-01;7.179540e-02;5.559043e-02;6.100878e-02;6.558577e-02;7.589133e-02
5.986870e-02;2.901737e-02;1.923775e-01;7.957134e-02;6.952138e-02;5.972919e-02;1.499448e-01;5.417240e-02;4.746279e-02;8.533497e-02;1.094602e-01;6.353931e-02
5.563452e-02;2.826241e-02;2.817809e-01;7.082190e-02;5.845594e-02;3.917605e-02;1.016824e-01;3.057362e-02;5.032494e-02;1.394271e-01;1.024909e-01;4.136917e-02
4.151216e-02;1.017725e-01;2.927620e-01;4.810164e-02;3.463151e-02;3.590439e-02;6.281204e-02;2.425192e-02;1.042791e-01;1.619248e-01;5.457611e-02;3.747186e-02
7.285959e-02;1.861419e-01;1.868999e-01;3.334781e-02;2.783016e-02;5.072103e-02;4.373380e-02;4.377700e-02;1.762539e-01;1.076581e-01;2.935863e-02;4.141813e-02
1.873146e-01;1.779864e-01;9.753359e-02;2.386940e-02;5.425445e-02;4.016745e-02;4.337195e-02;1.039064e-01;1.612042e-01;4.224810e-02;3.675751e-02;3.138589e-02
2.976522e-01;8.527711e-02;9.347400e-02;1.561036e-02;7.415586e-02;2.105722e-02;6.076388e-02;1.944814e-01;7.794072e-02;1.222042e-02;3.410271e-02;3.326404e-02
2.878064e-01;2.262838e-02;1.255009e-01;1.441506e-02;5.057026e-02;3.187213e-02;1.102179e-01;2.518719e-01;2.576010e-02;1.261733e-02;1.650488e-02;5.023486e-02
2.002252e-01;2.083631e-02;1.418752e-01;2.211774e-02;2.588582e-02;4.900495e-02;1.846978e-01;2.540913e-01;2.518982e-02;1.734479e-02;8.653359e-03;5.007761e-02
1.581727e-01;1.481651e-02;1.470289e-01;1.967279e-02;4.415578e-02;4.854088e-02;2.295709e-01;2.491102e-01;2.020399e-02;1.557546e-02;7.982441e-03;4.516942e-02
1.549189e-01;1.826484e-02;1.555249e-01;1.596088e-02;6.730228e-02;3.284640e-02;2.307510e-01;2.462576e-01;1.259196e-02;1.395140e-02;1.055025e-02;4.107961e-02
1.575236e-01;2.004766e-02;1.417284e-01;2.695234e-02;6.158569e-02;5.014598e-02;2.004707e-01;2.233711e-01;3.613068e-02;2.082501e-02;1.413248e-02;4.708640e-02
1.546953e-01;4.482738e-02;1.110290e-01;7.994712e-02;3.276126e-02;7.481739e-02;1.525805e-01;1.630858e-01;3.940380e-02;5.278594e-02;2.564187e-02;6.842462e-02
1.321961e-01;8.137791e-02;1.080347e-01;1.316146e-01;3.711195e-02;7.601801e-02;9.550757e-02;1.146635e-01;3.014565e-02;7.528180e-02;4.396285e-02;7.408550e-02
8.321083e-02;8.412722e-02;1.092985e-01;1.267217e-01;5.535820e-02;5.982509e-02;1.662057e-01;9.464056e-02;3.220972e-02;7.297553e-02;5.824078e-02;5.718624e-02
6.967745e-02;3.310680e-02;1.024675e-01;6.239866e-02;6.671662e-02;1.003503e-01;2.450433e-01;5.322631e-02;3.809514e-02;8.638265e-02;9.785323e-02;4.468208e-02
1.006729e-01;2.593117e-02;5.084653e-02;3.439126e-02;7.060001e-02;1.007270e-01;2.143884e-01;1.201988e-01;2.916931e-02;9.622429e-02;1.074155e-01;4.943473e-02
7.188552e-02;3.931662e-02;1.520471e-01;4.142885e-02;3.418937e-02;7.526956e-02;1.872882e-01;1.257132e-01;4.879946e-02;6.902848e-02;9.903724e-02;5.599634e-02
8.502412e-02;5.002648e-02;3.125900e-01;4.704229e-02;4.258286e-02;5.009209e-02;1.219108e-01;7.778423e-02;4.483783e-02;5.351330e-02;6.233028e-02;5.226569e-02
5.840251e-02;7.016087e-02;5.134341e-01;4.106548e-02;2.998530e-02;2.786706e-02;6.264880e-02;4.841304e-02;4.057157e-02;3.678206e-02;4.196308e-02;2.870614e-02
5.007658e-02;5.904462e-02;6.079720e-01;6.310710e-02;4.084555e-02;2.935393e-02;3.009409e-02;2.103405e-02;2.714415e-02;4.403054e-02;1.500693e-02;1.229044e-02
3.796880e-02;2.728371e-02;4.573480e-01;1.392247e-01;6.935553e-02;5.950608e-02;3.980266e-02;3.317761e-02;2.528141e-02;4.727407e-02;4.809488e-02;1.568251e-02
2.261426e-02;2.743030e-02;2.779012e-01;1.968412e-01;8.524103e-02;7.982569e-02;3.715036e-02;6.884931e-02;2.735927e-02;7.216480e-02;8.536734e-02;1.925522e-02
1.152680e-02;3.852594e-02;1.492751e-01;1.849371e-01;1.220020e-01;7.178287e-02;7.345558e-02;8.298355e-02;1.753592e-02;1.116648e-01;9.250265e-02;4.380761e-02
7.440218e-03;2.783602e-02;8.355335e-02;1.043724e-01;1.910625e-01;5.302794e-02;1.912176e-01;4.831903e-02;4.725146e-02;1.045404e-01;5.621123e-02;8.516788e-02
2.596261e-02;1.169696e-02;6.038784e-02;5.124576e-02;2.112849e-01;9.445374e-02;2.601250e-01;4.702708e-02;7.345596e-02;5.694588e-02;2.005161e-02;8.736266e-02
5.800916e-02;8.229022e-03;3.965930e-02;4.159530e-02;1.486936e-01;1.919481e-01;2.438986e-01;9.934521e-02;5.312043e-02;5.950850e-02;8.450636e-03;4.754214e-02
6.090159e-02;2.491052e-02;1.721695e-02;4.304541e-02;7.354027e-02;2.202815e-01;3.240048e-01;1.067767e-01;3.524668e-02;7.316238e-02;6.725970e-03;1.418727e-02
2.838437e-02;5.793143e-02;1.224675e-02;2.606879e-02;3.297194e-02;1.207631e-01;5.333831e-01;6.445125e-02;7.122450e-02;3.386340e-02;1.416729e-02;4.544101e-03
9.306918e-03;7.436538e-02;8.642257e-03;6.717744e-03;2.751055e-02;5.066774e-02;6.347400e-01;5.147688e-02;9.611454e-02;1.585330e-02;2.136293e-02;3.241768e-03
5.817580e-03;8.015941e-02;5.450487e-03;4.527505e-03;2.237874e-02;3.257535e-02;6.685287e-01;3.994817e-02;1.012326e-01;1.440557e-02;2.264782e-02;2.328039e-03
7.366024e-03;8.688111e-02;9.471097e-03;1.105558e-02;1.855059e-02;4.593989e-02;6.605214e-01;3.126893e-02;9.586528e-02;1.215140e-02;1.940880e-02;1.519882e-03
1.482009e-02;8.361918e-02;1.396174e-02;6.554786e-02;2.674031e-02;8.240081e-02;5.953340e-01;2.187824e-02;6.683286e-02;1.221285e-02;1.373289e-02;2.919185e-03
3.414464e-02;7.368325e-02;4.645267e-02;1.447826e-01;5.016628e-02;1.015521e-01;4.416899e-01;3.316266e-02;3.154244e-02;2.376667e-02;1.170559e-02;7.351221e-03
5.468982e-02;6.276862e-02;9.393872e-02;1.553327e-01;5.873721e-02;9.218109e-02;3.115642e-01;5.219984e-02;3.636737e-02;4.045936e-02;2.298358e-02;1.877756e-02
9.963269e-02;3.473296e-02;1.012110e-01;7.387798e-02;5.020554e-02;1.094493e-01;3.263609e-01;5.681666e-02;3.742496e-02;5.441952e-02;2.534289e-02;3.052573e-02
1.515301e-01;5.120148e-02;5.372493e-02;7.600289e-02;2.659028e-02;1.488709e-01;3.222077e-01;4.917652e-02;1.871148e-02;6.350940e-02;1.691972e-02;2.155453e-02
2.006231e-01;3.964444e-02;1.866693e-02;6.314911e-02;3.862958e-02;2.080828e-01;2.642955e-01;3.345332e-02;1.790566e-02;6.587368e-02;1.057751e-02;3.909835e-02
1.739542e-01;2.092626e-02;3.230629e-02;3.981161e-02;9.436835e-02;2.130574e-01;1.644318e-01;2.163563e-02;5.195952e-02;4.813116e-02;1.326244e-02;1.261553e-01
8.601464e-02;1.224986e-02;4.301180e-02;3.878395e-02;1.798957e-01;1.384182e-01;1.049544e-01;1.210448e-02;8.861325e-02;2.353852e-02;1.772307e-02;2.546921e-01
2.903816e-02;7.468098e-03;5.984621e-02;6.966478e-02;2.351876e-01;5.298676e-02;9.524652e-02;8.925963e-03;1.047607e-01;8.798014e-03;2.701051e-02;3.010667e-01
2.801768e-02;1.043223e-02;9.512372e-02;8.886270e-02;2.219850e-01;6.504295e-02;9.440345e-02;1.680139e-02;1.163419e-01;1.737633e-02;2.917478e-02;2.164379e-01
4.039752e-02;1.335724e-02;1.335886e-01;6.744691e-02;2.044656e-01;9.237286e-02;9.944871e-02;1.919481e-02;1.437238e-01;2.870819e-02;2.464113e-02;1.326546e-01
3.006066e-02;9.369260e-03;1.760804e-01;4.011400e-02;2.100940e-01;6.326313e-02;1.133603e-01;2.927968e-02;1.375988e-01;1.703681e-02;2.677620e-02;1.469668e-01
1.697239e-02;2.603205e-02;2.512052e-01;7.148031e-02;1.674368e-01;3.953333e-02;1.220398e-01;4.951586e-02;7.077050e-02;1.551173e-02;4.374970e-02;1.257523e-01
1.290795e-02;2.970054e-02;3.539948e-01;1.069070e-01;1.185379e-01;6.590290e-02;6.220435e-02;8.940568e-02;1.616019e-02;9.500788e-03;6.219360e-02;7.258426e-02
1.812392e-02;2.533389e-02;3.596776e-01;1.288384e-01;1.038940e-01;7.666242e-02;2.981905e-02;9.855120e-02;1.899595e-02;1.674977e-02;7.621762e-02;4.713617e-02
2.788451e-02;4.487250e-02;2.392321e-01;1.191199e-01;1.019792e-01;7.718275e-02;5.667461e-02;1.036552e-01;3.275840e-02;3.305271e-02;9.247027e-02;7.111791e-02
2.342071e-02;4.987184e-02;1.166539e-01;9.993325e-02;1.482684e-01;7.575306e-02;9.025531e-02;9.414818e-02;3.176535e-02;3.772137e-02;9.304168e-02;1.391671e-01
1.752093e-02;3.008778e-02;1.003596e-01;7.671544e-02;2.118785e-01;6.506029e-02;1.101011e-01;5.492648e-02;4.206463e-02;2.415362e-02;5.174547e-02;2.153862e-01
8.004341e-03;3.239051e-02;9.193321e-02;5.887638e-02;2.649531e-01;5.205593e-02;1.178305e-01;1.948881e-02;5.117980e-02;2.215311e-02;1.736607e-02;2.637681e-01
6.013424e-03;1.094351e-01;9.632020e-02;6.788979e-02;2.218011e-01;3.577813e-02;7.579458e-02;2.045419e-02;4.353742e-02;6.217541e-02;4.817751e-02;2.126232e-01
9.842780e-03;2.294343e-01;9.146842e-02;8.130741e-02;1.682930e-01;2.583754e-02;2.300402e-02;2.124310e-02;1.702219e-02;1.087930e-01;6.682906e-02;1.569252e-01
1.418903e-02;2.846760e-01;8.620469e-02;8.194666e-02;1.295224e-01;2.349447e-02;1.429867e-02;1.960080e-02;1.395025e-02;1.340249e-01;7.691240e-02;1.211797e-01
1.153872e-02;2.442454e-01;9.250984e-02;8.925635e-02;1.171116e-01;2.514330e-02;1.587423e-02;2.767686e-02;1.093933e-02;1.465364e-01;1.064777e-01;1.126903e-01
8.827843e-03;1.582949e-01;1.178632e-01;1.062566e-01;1.056050e-01;2.205757e-02;1.022848e-02;4.251172e-02;5.038661e-03;1.380068e-01;1.817343e-01;1.035749e-01
1.001638e-02;8.225770e-02;1.661491e-01;9.870163e-02;8.873563e-02;2.348953e-02;3.250210e-02;5.663646e-02;6.985581e-03;9.739280e-02;2.396745e-01;9.745859e-02
1.408015e-02;4.514925e-02;2.562424e-01;8.243591e-02;6.333005e-02;2.333631e-02;5.770287e-02;7.187433e-02;1.083487e-02;6.819665e-02;2.299846e-01;7.683257e-02
1.357446e-02;2.708749e-02;4.345989e-01;6.982177e-02;5.443349e-02;2.823997e-02;6.712703e-02;6.257256e-02;2.313959e-02;4.598742e-02;1.328920e-01;4.052540e-02
9.539495e-03;2.159768e-02;6.476558e-01;6.900954e-02;5.479686e-02;1.944403e-02;3.390860e-02;2.482270e-02;3.433598e-02;3.932676e-02;3.622165e-02;9.340932e-03
1.246919e-02;2.321004e-02;7.178652e-01;6.412651e-02;4.570975e-02;1.125891e-02;2.458657e-02;8.561803e-03;2.725429e-02;3.940953e-02;2.106452e-02;4.483779e-03
1.558585e-02;3.455476e-02;7.206833e-01;5.770828e-02;4.346459e-02;1.409343e-02;2.581921e-02;6.627173e-03;1.868409e-02;4.158245e-02;1.518957e-02;6.007305e-03
2.915885e-02;5.528781e-02;6.813205e-01;4.759976e-02;3.841832e-02;1.472434e-02;2.343485e-02;1.904548e-02;2.194952e-02;3.903867e-02;2.043877e-02;9.583050e-03
7.345071e-02;8.421254e-02;4.997177e-01;3.948861e-02;4.151908e-02;2.223451e-02;5.187187e-02;3.955715e-02;2.976516e-02;5.166949e-02;3.910277e-02;2.741049e-02
8.495963e-02;8.317984e-02;2.340375e-01;5.643757e-02;7.546656e-02;5.659405e-02;1.575142e-01;4.023685e-02;6.757890e-02;6.823951e-02;4.148630e-02;3.426914e-02
4.797899e-02;4.736648e-02;3.098738e-01;8.499698e-02;7.989414e-02;4.630823e-02;1.315459e-01;3.154830e-02;6.691239e-02;6.045564e-02;6.484166e-02;2.827750e-02
2.556838e-02;2.690579e-02;3.693989e-01;1.087993e-01;6.200137e-02;3.307128e-02;1.168108e-01;3.591792e-02;7.095166e-02;5.720343e-02;7.648237e-02;1.688883e-02
1.087171e-02;1.143621e-02;4.558449e-01;9.881956e-02;3.712650e-02;1.505123e-02;1.308594e-01;2.406360e-02;7.778084e-02;7.194178e-02;6.138014e-02;4.824118e-03
1.530200e-02;5.259670e-02;5.011226e-01;5.670286e-02;2.314007e-02;2.693513e-02;1.239423e-01;1.631038e-02;6.419065e-02;8.752419e-02;2.910866e-02;3.124508e-03
3.174910e-02;1.434923e-01;4.556143e-01;3.030373e-02;1.337826e-02;7.439371e-02;6.787540e-02;2.256777e-02;7.644182e-02;6.775834e-02;1.038014e-02;6.045207e-03
8.644939e-02;2.535515e-01;3.078614e-01;2.261007e-02;1.173925e-02;1.186936e-01;2.029934e-02;2.220017e-02;1.144952e-01;2.936033e-02;4.538097e-03;8.201748e-03
1.767271e-01;3.108245e-01;1.853268e-01;1.900534e-02;2.059748e-02;1.067500e-01;1.734615e-02;1.831760e-02;1.180965e-01;1.312430e-02;5.512355e-03;8.371863e-03
2.954096e-01;2.832783e-01;1.203346e-01;9.194152e-03;4.505035e-02;7.136247e-02;3.074023e-02;2.853942e-02;7.845173e-02;1.191812e-02;1.314254e-02;1.257856e-02
3.685171e-01;2.268488e-01;1.017760e-01;8.173401e-03;5.488930e-02;4.667786e-02;4.391286e-02;3.756995e-02;6.261818e-02;9.490990e-03;2.085808e-02;1.866748e-02
3.679369e-01;2.172798e-01;1.089339e-01;7.127723e-03;3.541925e-02;2.066878e-02;5.510109e-02;3.644833e-02;7.993365e-02;1.441330e-02;2.408831e-02;3.264891e-02
3.170259e-01;2.380259e-01;1.143276e-01;1.587060e-02;2.456409e-02;8.868467e-03;7.923604e-02;4.006256e-02;7.458128e-02;2.075150e-02;1.951867e-02;4.716741e-02
2.654883e-01;1.988049e-01;1.006629e-01;3.650826e-02;7.099475e-02;1.560535e-02;7.653630e-02;1.123299e-01;4.803086e-02;1.686348e-02;2.391900e-02;3.425603e-02
2.590997e-01;1.241383e-01;7.413828e-02;3.649966e-02;1.025714e-01;1.874558e-02;5.151722e-02;2.434770e-01;3.006203e-02;1.155097e-02;2.100519e-02;2.719466e-02
2.467676e-01;6.294792e-02;6.199636e-02;1.773751e-02;7.965145e-02;1.568894e-02;5.820198e-02;3.372261e-01;5.739193e-02;1.940123e-02;1.219726e-02;3.079175e-02
2.196341e-01;3.501952e-02;4.765673e-02;8.290497e-03;3.609475e-02;3.212757e-02;5.379176e-02;3.036063e-01;1.476956e-01;5.738558e-02;1.144735e-02;4.725030e-02
1.827602e-01;2.167872e-02;3.966531e-02;1.758527e-02;1.088115e-02;4.992634e-02;8.560940e-02;1.772624e-01;1.943727e-01;1.187591e-01;2.078810e-02;8.071127e-02
1.474622e-01;1.230923e-02;2.752944e-02;3.380724e-02;7.637899e-03;4.022581e-02;1.887806e-01;9.545878e-02;1.250684e-01;1.527552e-01;3.437684e-02;1.345885e-01
1.090248e-01;1.290976e-02;3.023351e-02;2.978785e-02;1.925304e-02;1.982156e-02;2.177118e-01;1.797107e-01;7.736607e-02;8.982946e-02;6.386407e-02;1.504874e-01
5.823935e-02;8.358868e-03;3.293347e-02;1.293139e-02;3.091167e-02;3.630880e-02;1.117706e-01;2.494282e-01;2.167731e-01;5.368948e-02;9.349106e-02;9.516393e-02
3.153883e-02;7.333443e-03;5.429150e-02;5.951818e-03;3.120242e-02;6.904949e-02;5.126067e-02;1.763626e-01;3.293121e-01;8.159783e-02;1.189728e-01;4.312657e-02
3.625759e-02;8.766695e-03;7.797150e-02;1.579402e-02;2.529455e-02;1.093177e-01;5.462543e-02;8.377394e-02;3.069757e-01;1.087129e-01;1.478604e-01;2.464962e-02
3.605229e-02;2.556614e-02;7.104365e-02;4.551752e-02;2.360158e-02;1.155271e-01;1.030541e-01;9.696150e-02;1.713099e-01;1.211226e-01;1.667893e-01;2.345441e-02
1.737230e-02;5.026014e-02;2.937717e-02;6.490011e-02;4.514914e-02;6.612524e-02;1.102633e-01;1.969925e-01;1.037868e-01;1.470826e-01;1.423780e-01;2.631273e-02
6.216859e-03;7.846276e-02;2.136728e-02;5.096438e-02;6.152694e-02;3.555477e-02;5.523276e-02;2.311652e-01;1.345305e-01;1.839723e-01;1.197534e-01;2.125286e-02
6.043862e-03;9.732883e-02;2.064057e-02;3.494339e-02;7.655989e-02;3.890404e-02;2.429865e-02;2.101022e-01;1.138398e-01;2.253917e-01;1.309843e-01;2.096274e-02
1.355806e-02;1.004486e-01;3.231729e-02;2.657429e-02;8.873453e-02;3.709409e-02;3.449711e-02;1.533974e-01;1.221074e-01;2.332068e-01;1.330531e-01;2.501125e-02
2.249578e-02;1.019249e-01;3.891539e-02;2.528119e-02;1.008611e-01;4.485191e-02;5.339092e-02;1.022349e-01;1.417550e-01;2.252955e-01;1.105507e-01;3.244279e-02
3.655138e-02;1.003401e-01;7.389633e-02;3.793444e-02;9.466624e-02;7.106610e-02;8.240272e-02;6.759512e-02;9.803068e-02;1.954796e-01;1.027528e-01;3.928453e-02
4.544356e-02;8.917415e-02;1.060068e-01;5.880899e-02;8.519641e-02;7.675263e-02;1.132220e-01;8.039900e-02;6.185899e-02;1.603736e-01;8.216169e-02;4.060218e-02
5.427104e-02;8.579179e-02;1.142118e-01;5.311630e-02;9.280572e-02;8.159713e-02;1.332394e-01;9.418350e-02;4.017719e-02;1.465123e-01;6.876467e-02;3.532915e-02
7.702623e-02;7.621090e-02;1.383861e-01;4.873607e-02;1.114982e-01;7.719845e-02;1.113313e-01;8.077893e-02;6.253716e-02;1.274127e-01;5.408105e-02;3.480290e-02
5.382849e-02;4.757085e-02;3.849774e-01;4.971140e-02;1.144012e-01;5.809304e-02;5.509714e-02;4.299081e-02;5.171387e-02;7.382031e-02;3.719821e-02;3.059724e-02
7.695182e-02;6.211763e-02;3.735236e-01;3.924032e-02;1.174983e-01;6.041795e-02;1.068286e-01;2.605348e-02;2.580090e-02;4.997760e-02;3.659696e-02;2.499280e-02
8.741174e-02;6.300740e-02;3.652456e-01;3.171983e-02;8.025340e-02;7.070506e-02;1.059614e-01;3.785224e-02;4.356288e-02;3.795922e-02;4.363490e-02;3.268632e-02
9.530370e-02;8.053894e-02;2.457914e-01;4.512649e-02;4.068283e-02;7.153178e-02;1.347381e-01;4.779775e-02;7.212385e-02;5.971801e-02;6.130718e-02;4.533994e-02
1.038261e-01;9.117278e-02;1.504994e-01;5.176460e-02;5.057378e-02;7.411437e-02;1.841947e-01;4.901915e-02;7.787888e-02;6.228404e-02;6.114044e-02;4.353185e-02
1.059777e-01;9.716832e-02;1.138970e-01;5.877377e-02;6.066141e-02;6.021992e-02;2.305880e-01;5.574777e-02;7.719184e-02;5.113947e-02;5.561092e-02;3.302383e-02
