1.042477e-01;9.732511e-02;1.181905e-01;7.634070e-02;6.211365e-02;4.348375e-02;5.266276e-02;7.339214e-02;1.064902e-01;1.012674e-01;7.779948e-02;8.668651e-02
8.691137e-02;7.932547e-02;9.125938e-02;6.985351e-02;7.422215e-02;5.552405e-02;7.533386e-02;8.124383e-02;1.350928e-01;9.791641e-02;8.203908e-02;7.127810e-02
5.420613e-02;5.681794e-02;8.109404e-02;4.867231e-02;6.441874e-02;5.002827e-02;1.070906e-01;1.183263e-01;1.451924e-01;1.303801e-01;8.043507e-02;6.333815e-02
3.683578e-02;3.052244e-02;1.226664e-01;3.362173e-02;4.510085e-02;3.098500e-02;1.222055e-01;2.049520e-01;1.210060e-01;1.050111e-01;6.312412e-02;8.396897e-02
2.434569e-02;5.106468e-02;1.438942e-01;1.714650e-02;4.088040e-02;2.093591e-02;2.235201e-01;2.442938e-01;4.994467e-02;4.377200e-02;7.079808e-02;6.940401e-02
5.508599e-02;8.211701e-02;9.832577e-02;2.237334e-02;6.046040e-02;7.840109e-02;2.786428e-01;1.329228e-01;3.451477e-02;3.361084e-02;8.711086e-02;3.643433e-02
7.941800e-02;5.773361e-02;1.011944e-01;5.216626e-02;9.636202e-02;1.031084e-01;1.831765e-01;5.213275e-02;4.641101e-02;5.022937e-02;6.007104e-02;1.179966e-01
6.481577e-02;6.064793e-02;1.424790e-01;6.724601e-02;1.169050e-01;6.989989e-02;1.042758e-01;3.103332e-02;5.398925e-02;5.492257e-02;5.583406e-02;1.779514e-01
6.843131e-02;9.651761e-02;1.693421e-01;5.903938e-02;9.374077e-02;3.095096e-02;7.920702e-02;3.229157e-02;5.690722e-02;5.280787e-02;9.403383e-02;1.667303e-01
7.286941e-02;1.174554e-01;1.803417e-01;3.966220e-02;7.887291e-02;4.212839e-02;1.313120e-01;4.251830e-02;6.590625e-02;4.235769e-02;8.594907e-02;1.006266e-01
3.633135e-02;7.779309e-02;2.362586e-01;4.928045e-02;8.660811e-02;5.563365e-02;1.748413e-01;4.703196e-02;6.952871e-02;3.428460e-02;6.128793e-02;7.112033e-02
4.783214e-02;7.010265e-02;2.407709e-01;7.619725e-02;7.975051e-02;2.840744e-02;1.434054e-01;8.961988e-02;5.817059e-02;2.681900e-02;5.707775e-02;8.184654e-02
6.196627e-02;6.012253e-02;1.511124e-01;8.088281e-02;7.993720e-02;4.744398e-02;2.023170e-01;1.185463e-01;4.513234e-02;1.656503e-02;6.372929e-02;7.224488e-02
1.461542e-01;1.383730e-01;1.021863e-01;5.151225e-02;4.692387e-02;3.605446e-02;1.227065e-01;8.171362e-02;7.878410e-02;7.990473e-02;3.669560e-02;7.899138e-02
1.698823e-01;1.552564e-01;9.194987e-02;5.344315e-02;3.841054e-02;2.778571e-02;6.545161e-02;6.516296e-02;1.247120e-01;1.056470e-01;5.263069e-02;4.966782e-02
1.365989e-01;1.320171e-01;1.002571e-01;5.117198e-02;4.501510e-02;3.663277e-02;6.523556e-02;6.276809e-02;1.322379e-01;1.247993e-01;7.607370e-02;3.719255e-02
9.581511e-02;7.013770e-02;8.891291e-02;3.655383e-02;9.060942e-02;7.893959e-02;1.039824e-01;5.946252e-02;1.090016e-01;1.229528e-01;6.198922e-02;8.164295e-02
8.353639e-02;2.087764e-02;4.983720e-02;2.210766e-02;1.720432e-01;8.934223e-02;9.805106e-02;3.241321e-02;9.948203e-02;6.962151e-02;3.677490e-02;2.259129e-01
3.170831e-02;8.361244e-03;3.445341e-02;3.114863e-02;2.580462e-01;5.736035e-02;6.603120e-02;1.488794e-02;9.616644e-02;2.488089e-02;1.906916e-02;3.578862e-01
9.187149e-03;8.596531e-03;3.047051e-02;6.341612e-02;2.798826e-01;3.078615e-02;4.483934e-02;3.364907e-02;9.484698e-02;1.078081e-02;5.196598e-02;3.415788e-01
9.596294e-03;2.438034e-02;6.882694e-02;1.349702e-01;2.238511e-01;1.823805e-02;3.162983e-02;1.102954e-01;6.871057e-02;1.376139e-02;1.013665e-01;1.943734e-01
1.273148e-02;4.139448e-02;1.487469e-01;1.902201e-01;1.412358e-01;2.144292e-02;3.097187e-02;1.820875e-01;3.300098e-02;1.254014e-02;1.281020e-01;5.752593e-02
2.071463e-02;5.008168e-02;2.171650e-01;1.684981e-01;7.033399e-02;4.409707e-02;6.103020e-02;1.637599e-01;3.628888e-02;2.094649e-02;9.970821e-02;4.737584e-02
2.622475e-02;5.743000e-02;2.384175e-01;1.104595e-01;6.552983e-02;7.104812e-02;7.907562e-02;1.034123e-01;7.062671e-02;3.538836e-02;4.353702e-02;9.885033e-02
5.453674e-02;5.815073e-02;2.089797e-01;6.732597e-02;1.096096e-01;6.677487e-02;6.094556e-02;9.341818e-02;8.440069e-02;3.272722e-02;2.813189e-02;1.349989e-01
5.260678e-02;3.613907e-02;2.098252e-01;1.308817e-01;1.336012e-01;3.062052e-02;5.079693e-02;8.183271e-02;4.712114e-02;2.144319e-02;8.217700e-02;1.229546e-01
2.551491e-02;2.381090e-02;1.660597e-01;1.530733e-01;1.243807e-01;4.897006e-02;4.768820e-02;6.874181e-02;1.155802e-01;4.931815e-02;9.861015e-02;7.825200e-02
2.824939e-02;2.452024e-02;2.681654e-01;1.077869e-01;5.511186e-02;4.997411e-02;8.639657e-02;4.684149e-02;1.254666e-01;9.587063e-02;6.575531e-02;4.586144e-02
3.221852e-02;3.340942e-02;2.439504e-01;1.496126e-01;4.227247e-02;4.257412e-02;8.478662e-02;9.672260e-02;6.887966e-02;9.660111e-02;8.653504e-02;2.243740e-02
2.249111e-02;2.337836e-02;1.830509e-01;2.435507e-01;5.532280e-02;3.704678e-02;3.805183e-02;1.791210e-01;3.166463e-02;3.512604e-02;1.390564e-01;1.213946e-02
1.662399e-02;1.527959e-02;1.988640e-01;2.413106e-01;4.287561e-02;2.675603e-02;4.981441e-02;1.753626e-01;2.479371e-02;4.674846e-02;1.485110e-01;1.305999e-02
2.334339e-02;1.516672e-02;2.593352e-01;1.584338e-01;2.932327e-02;2.744020e-02;9.518388e-02;9.844510e-02;3.827802e-02;1.437675e-01;9.838282e-02;1.290006e-02
3.509130e-02;4.403980e-02;2.856920e-01;6.765627e-02;1.871825e-02;5.170352e-02;8.109144e-02;4.312189e-02;8.302491e-02;2.261589e-01;4.130206e-02;2.239965e-02
5.576680e-02;7.314371e-02;2.247852e-01;2.805694e-02;2.794424e-02;9.033488e-02;3.475619e-02;5.383429e-02;1.559726e-01;2.013530e-01;2.015652e-02;3.389570e-02
7.702608e-02;7.753620e-02;1.661401e-01;4.189515e-02;4.472116e-02;1.008875e-01;3.421592e-02;7.591973e-02;1.748472e-01;1.337111e-01;2.498196e-02;4.811786e-02
7.079206e-02;8.323289e-02;2.010520e-01;1.026547e-01;6.452153e-02;6.453158e-02;5.247191e-02;6.606226e-02;8.037924e-02;9.095736e-02;6.018514e-02;6.315931e-02
4.630636e-02;7.869655e-02;1.926651e-01;7.070467e-02;4.250914e-02;4.647944e-02;3.686081e-02;5.040544e-02;1.525924e-01;1.507539e-01;1.058276e-01;2.619868e-02
8.667158e-02;9.646590e-02;1.829474e-01;4.975890e-02;5.217310e-02;5.805975e-02;4.419300e-02;8.735682e-02;1.663967e-01;5.558480e-02;9.203577e-02;2.835626e-02
8.474719e-02;7.125197e-02;2.040133e-01;4.676626e-02;3.852041e-02;3.592313e-02;4.559642e-02;5.404534e-02;1.586577e-01;1.517006e-01;8.104497e-02;2.773269e-02
5.212740e-02;7.365333e-02;2.070528e-01;6.524645e-02;4.664837e-02;6.134477e-02;4.382643e-02;5.818026e-02;1.172520e-01;1.780914e-01;6.603546e-02;3.054137e-02
6.987864e-02;8.709265e-02;1.554130e-01;8.247437e-02;6.541552e-02;7.117509e-02;7.852080e-02;4.993550e-02;8.941518e-02;1.409403e-01;5.421736e-02;5.552159e-02
8.682143e-02;8.429932e-02;1.343747e-01;6.613052e-02;4.159464e-02;6.879348e-02;9.429575e-02;7.264270e-02;1.099934e-01;1.279378e-01;6.537933e-02;4.773698e-02
8.846571e-02;7.168813e-02;1.141799e-01;5.919407e-02;4.277681e-02;7.671396e-02;1.163231e-01;1.045839e-01;1.042221e-01;1.275511e-01;7.037171e-02;2.392954e-02
8.890455e-02;7.963776e-02;1.077068e-01;7.250386e-02;8.599690e-02;8.214338e-02;1.346921e-01;8.197039e-02;9.730241e-02;1.179818e-01;3.032498e-02;2.083512e-02
7.230146e-02;8.821343e-02;1.240529e-01;7.562901e-02;8.726108e-02;6.296715e-02;1.408616e-01;4.683695e-02;1.142536e-01;1.137065e-01;5.267567e-02;2.124059e-02
8.348686e-02;1.047163e-01;9.361727e-02;7.897877e-02;9.320908e-02;4.557992e-02;1.344076e-01;8.620773e-02;1.198643e-01;7.723313e-02;6.147522e-02;2.122391e-02
9.532123e-02;1.084920e-01;1.114353e-01;7.551353e-02;8.797394e-02;3.605023e-02;7.718418e-02;9.000225e-02;1.162139e-01;9.841818e-02;6.395749e-02;3.943782e-02
1.114556e-01;1.006483e-01;1.309193e-01;6.405622e-02;6.158277e-02;4.693030e-02;8.356526e-02;9.121183e-02;9.096989e-02;8.851980e-02;7.503550e-02;5.510528e-02
7.290071e-02;1.474092e-01;2.032181e-01;4.555454e-02;3.764097e-02;4.935437e-02;7.536332e-02;7.552674e-02;1.185863e-01;6.380288e-02;5.613128e-02;5.451145e-02
1.789290e-01;1.690706e-01;1.719176e-01;2.818393e-02;3.944072e-02;3.903054e-02;5.010246e-02;9.161874e-02;1.170566e-01;4.420517e-02;3.329046e-02;3.715419e-02
3.165569e-01;1.572947e-01;1.045774e-01;9.400544e-03;4.149630e-02;2.300477e-02;4.946811e-02;1.166793e-01;7.411090e-02;2.230061e-02;1.938355e-02;6.572690e-02
3.797285e-01;1.123030e-01;4.895351e-02;1.812808e-02;3.232739e-02;1.255878e-02;7.565740e-02;1.229333e-01;2.767040e-02;1.708568e-02;9.689447e-03;1.429645e-01
2.886944e-01;4.830298e-02;1.846791e-02;3.944201e-02;1.651633e-02;1.119724e-02;1.596165e-01;9.691085e-02;1.842005e-02;2.520920e-02;1.204764e-02;2.651748e-01
1.391855e-01;1.646386e-02;1.324398e-02;5.918029e-02;7.125759e-03;1.838204e-02;2.645513e-01;5.595750e-02;8.814983e-03;2.106228e-02;2.705705e-02;3.689755e-01
6.435979e-02;2.957288e-02;2.027237e-02;6.818406e-02;2.724406e-03;1.886297e-02;3.207025e-01;2.368052e-02;1.413176e-02;1.527692e-02;3.426294e-02;3.879688e-01
1.279398e-01;3.184261e-02;6.913677e-03;6.517009e-02;4.567864e-03;1.882958e-02;3.005426e-01;7.531548e-02;1.549072e-02;2.018342e-02;2.302823e-02;3.101759e-01
2.529384e-01;2.767004e-02;1.155902e-02;4.572001e-02;1.555988e-02;1.511688e-02;2.208736e-01;1.605951e-01;1.265951e-02;1.964497e-02;1.169342e-02;2.059691e-01
3.483014e-01;7.721625e-02;2.353034e-02;1.719739e-02;3.799221e-02;1.247406e-02;1.075462e-01;2.110274e-01;4.767762e-02;1.088271e-02;1.217044e-02;9.398399e-02
3.087605e-01;1.888441e-01;5.173022e-02;5.241218e-03;4.078026e-02;2.673146e-02;4.352589e-02;1.528867e-01;1.240458e-01;1.208256e-02;1.051891e-02;3.485238e-02
1.779086e-01;2.438949e-01;1.544774e-01;7.724780e-03;2.168819e-02;4.566707e-02;3.364507e-02;5.990914e-02;1.786833e-01;4.594475e-02;7.996682e-03;2.246009e-02
5.935926e-02;1.699058e-01;3.405768e-01;1.965521e-02;1.135465e-02;3.605291e-02;5.669677e-02;1.807438e-02;1.364996e-01;1.222173e-01;1.249633e-02;1.711102e-02
2.932232e-02;7.961376e-02;4.271121e-01;6.636557e-02;1.363839e-02;1.387069e-02;8.531489e-02;2.923780e-02;4.204894e-02;1.641692e-01;4.186026e-02;7.446060e-03
4.162653e-02;4.901810e-02;3.184441e-01;1.603050e-01;1.761930e-02;1.360257e-02;7.464661e-02;6.679115e-02;2.943045e-02;1.105343e-01;1.131439e-01;4.837963e-03
3.095171e-02;3.908173e-02;1.465293e-01;2.743574e-01;2.532264e-02;2.752160e-02;3.590536e-02;1.600146e-01;1.725174e-02;3.955582e-02;1.940685e-01;9.439475e-03
2.111300e-02;3.232224e-02;8.565439e-02;2.723862e-01;3.114770e-02;3.533238e-02;1.369514e-02;2.319227e-01;2.459614e-02;2.855838e-02;2.033031e-01;1.996870e-02
2.028136e-02;3.665453e-02;7.693004e-02;2.415179e-01;4.214986e-02;2.918540e-02;9.334003e-03;2.607016e-01;1.918533e-02;1.732334e-02;2.124568e-01;3.427972e-02
2.194531e-02;4.560591e-02;8.699259e-02;2.179457e-01;4.683555e-02;3.540603e-02;9.421316e-03;2.490726e-01;1.425695e-02;1.458985e-02;2.267127e-01;3.121550e-02
1.996627e-02;3.286923e-02;1.149671e-01;2.284412e-01;3.431035e-02;4.628660e-02;1.387376e-02;2.224810e-01;1.442571e-02;1.530421e-02;2.353297e-01;2.174479e-02
2.515778e-02;3.776902e-02;1.921701e-01;1.924793e-01;2.811028e-02;3.863340e-02;3.687171e-02;1.520157e-01;1.879723e-02;6.303627e-02;2.004520e-01;1.450708e-02
5.499431e-02;6.160383e-02;2.498598e-01;1.116724e-01;3.244865e-02;2.725921e-02;6.676368e-02;7.996819e-02;3.209497e-02;1.382471e-01;1.258094e-01;1.927850e-02
8.597386e-02;9.238821e-02;2.032997e-01;8.067547e-02;3.960985e-02;3.045780e-02;7.532894e-02;4.864131e-02;4.122047e-02;1.763036e-01;8.852194e-02;3.757891e-02
9.504361e-02;8.111489e-02;1.693781e-01;1.464661e-01;3.966095e-02;4.205497e-02;4.641159e-02;4.746053e-02;5.878577e-02;1.098413e-01;9.560253e-02;6.817958e-02
1.356016e-01;6.031678e-02;1.328128e-01;1.339878e-01;2.878723e-02;3.909832e-02;4.511312e-02;7.067144e-02;7.893179e-02;1.114092e-01;1.062442e-01;5.702569e-02
1.761844e-01;7.921507e-02;1.136533e-01;1.004398e-01;2.478751e-02;3.654235e-02;4.188576e-02;9.585661e-02;8.908990e-02;9.449013e-02;1.118091e-01;3.604612e-02
1.619615e-01;8.508951e-02;9.326461e-02;1.005694e-01;3.020628e-02;3.468914e-02;4.990988e-02;1.184293e-01;8.624920e-02;6.762889e-02;1.229036e-01;4.909874e-02
9.238513e-02;6.277462e-02;1.624556e-01;1.199033e-01;1.871639e-02;2.347081e-02;4.837365e-02;1.242632e-01;4.580955e-02;8.402058e-02;1.751823e-01;4.264475e-02
3.143217e-02;6.339214e-02;1.844083e-01;1.176537e-01;2.761044e-02;2.612605e-02;2.907572e-02;1.001749e-01;2.605757e-02;9.474955e-02;2.568829e-01;4.243647e-02
7.178191e-02;6.928409e-02;1.551062e-01;1.049683e-01;3.546403e-02;3.024073e-02;4.079399e-02;7.034332e-02;3.275249e-02;7.111008e-02;2.734189e-01;4.473594e-02
7.861578e-02;5.991375e-02;1.374115e-01;8.210622e-02;3.297257e-02;2.500542e-02;4.551935e-02;7.214060e-02;5.129141e-02;1.035645e-01;2.646309e-01;4.682800e-02
7.781497e-02;5.887201e-02;1.334342e-01;6.789359e-02;3.370150e-02;1.676725e-02;4.444487e-02;1.093346e-01;5.357958e-02;1.444539e-01;2.145700e-01;4.513352e-02
1.004271e-01;7.065851e-02;1.669284e-01;9.525103e-02;4.042643e-02;2.973538e-02;6.667449e-02;1.096279e-01;5.903781e-02;1.055991e-01;1.101227e-01;4.551113e-02
1.030477e-01;8.297195e-02;1.124376e-01;1.106516e-01;6.154262e-02;4.028146e-02;6.256884e-02;8.005123e-02;8.739802e-02;1.127573e-01;7.934593e-02;6.694582e-02
7.196135e-02;6.593983e-02;9.784066e-02;8.066221e-02;7.786781e-02;4.490039e-02;8.206527e-02;9.967311e-02;1.008299e-01;1.514464e-01;7.291535e-02;5.389771e-02
3.654069e-02;4.991150e-02;1.115249e-01;4.822070e-02;5.836773e-02;3.538069e-02;1.076656e-01;1.043892e-01;1.356152e-01;2.517696e-01;3.779113e-02;2.282303e-02
3.667253e-02;3.554984e-02;1.075513e-01;2.960565e-02;7.798436e-02;5.888031e-02;6.785033e-02;1.205976e-01;1.744709e-01;2.387666e-01;2.393177e-02;2.813882e-02
2.534793e-02;3.678904e-02;1.403075e-01;2.930768e-02;1.197292e-01;6.881796e-02;4.236084e-02;1.273867e-01;2.242192e-01;1.254942e-01;2.867644e-02;3.156333e-02
2.078435e-02;2.361361e-02;1.501718e-01;2.085087e-02;1.144768e-01;5.481374e-02;4.470163e-02;6.840567e-02;3.122277e-01;1.309967e-01;3.146039e-02;2.749676e-02
2.848863e-02;3.039315e-02;1.369954e-01;2.805438e-02;8.147267e-02;3.668676e-02;4.221121e-02;5.884263e-02;3.810447e-01;9.951959e-02;4.177264e-02;3.451826e-02
3.531909e-02;7.707509e-02;1.132191e-01;4.239779e-02;7.623424e-02;4.008297e-02;1.226497e-01;6.901663e-02;2.403120e-01;8.860132e-02;5.561499e-02;3.947699e-02
7.792430e-02;8.835819e-02;1.004398e-01;6.819972e-02;9.657162e-02;5.253704e-02;2.315748e-01;5.304656e-02;8.248477e-02;7.457560e-02;4.229075e-02;3.199684e-02
1.139204e-01;7.486098e-02;1.028714e-01;7.466020e-02;1.081029e-01;6.074259e-02;2.321198e-01;6.226889e-02;6.606001e-02;4.443082e-02;2.541121e-02;3.455079e-02
8.755839e-02;7.056112e-02;1.605231e-01;7.559493e-02;1.149699e-01;5.425419e-02;1.554038e-01;7.719359e-02;8.600713e-02;3.924806e-02;2.893675e-02;4.974897e-02
4.334641e-02;7.261615e-02;2.507344e-01;5.801326e-02;8.949357e-02;4.636061e-02;9.018283e-02;8.102142e-02;9.705759e-02;6.660692e-02;4.695480e-02;5.761209e-02
7.845409e-02;7.882275e-02;2.069897e-01;5.856802e-02;6.367201e-02;4.438391e-02;2.069101e-01;4.995907e-02;6.189236e-02;6.373008e-02;3.940492e-02;4.721288e-02
4.988974e-02;1.038835e-01;1.630869e-01;4.770086e-02;8.360137e-02;4.884152e-02;2.688477e-01;5.041452e-02;3.048202e-02;6.738339e-02;4.061113e-02;4.525734e-02
7.036632e-02;1.096036e-01;2.384909e-01;5.488236e-02;6.709509e-02;3.741541e-02;1.590275e-01;5.722412e-02;5.935182e-02;8.071228e-02;2.410292e-02;4.172767e-02
1.002358e-01;1.100567e-01;2.018241e-01;6.152656e-02;7.147590e-02;3.343788e-02;8.400404e-02;5.293178e-02;8.810712e-02;9.633886e-02;5.545293e-02;4.460837e-02
8.670650e-02;9.555240e-02;8.351697e-02;6.528399e-02;9.420165e-02;4.299967e-02;1.941602e-01;6.586720e-02;8.825967e-02;8.360430e-02;5.691373e-02;4.293371e-02
1.143877e-01;8.701611e-02;1.004309e-01;7.706310e-02;7.425591e-02;5.014316e-02;2.490965e-01;7.211802e-02;4.068134e-02;6.509124e-02;3.471144e-02;3.500462e-02
1.012165e-01;7.905409e-02;1.440595e-01;6.510349e-02;5.827840e-02;3.944838e-02;2.186776e-01;7.191572e-02;5.526645e-02;8.074038e-02;5.080280e-02;3.543677e-02
7.156071e-02;8.380600e-02;1.864352e-01;5.167617e-02;6.562421e-02;3.081982e-02;1.189151e-01;7.859521e-02;1.000906e-01;1.216400e-01;3.923170e-02;5.160525e-02
5.741318e-02;7.995835e-02;1.422598e-01;4.248894e-02;6.722049e-02;3.717817e-02;1.435509e-01;8.370365e-02;1.276177e-01;1.208826e-01;3.590534e-02;6.182091e-02
7.656752e-02;7.417119e-02;1.193573e-01;3.756784e-02;6.604183e-02;6.421760e-02;2.032389e-01;8.326503e-02;1.152997e-01;7.243157e-02;3.775256e-02;5.008902e-02
5.085114e-02;6.651114e-02;1.474029e-01;5.457673e-02;8.588246e-02;8.225714e-02;2.103484e-01;7.562070e-02;1.075133e-01;5.458217e-02;3.347533e-02;3.097853e-02
5.134854e-02;7.639904e-02;9.986624e-02;8.397844e-02;1.173387e-01;8.623648e-02;1.762664e-01;7.432618e-02;1.146740e-01;4.967147e-02;3.683402e-02;3.306045e-02
9.069178e-02;9.195739e-02;1.437190e-01;7.071740e-02;1.063144e-01;1.126703e-01;8.156534e-02;6.361649e-02;1.112483e-01;3.905631e-02;5.044547e-02;3.799789e-02
7.132273e-02;6.026604e-02;2.126790e-01;4.718626e-02;9.007635e-02;9.751544e-02;1.232872e-01;5.560181e-02;8.670578e-02;4.163251e-02;7.117979e-02;4.254700e-02
9.683836e-02;5.890422e-02;1.604256e-01;5.295924e-02;8.143765e-02;5.702870e-02;1.479760e-01;7.687145e-02;7.464826e-02;6.339447e-02;7.747345e-02;5.204258e-02
1.251190e-01;7.193701e-02;8.807560e-02;4.368337e-02;5.011640e-02;7.354434e-02;1.354273e-01;7.596381e-02;1.280236e-01;7.614271e-02;6.866977e-02;6.329704e-02
7.370059e-02;6.605191e-02;8.376722e-02;5.253820e-02;3.636304e-02;6.576464e-02;1.000528e-01;1.489865e-01;1.776084e-01;7.485647e-02;5.334555e-02;6.696466e-02
7.050003e-02;6.428668e-02;9.840798e-02;5.016815e-02;3.161840e-02;6.375688e-02;1.280909e-01;1.488049e-01;1.702569e-01;6.608020e-02;4.853753e-02;5.949154e-02
4.746514e-02;6.965886e-02;1.268104e-01;7.650044e-02;7.185978e-02;6.827179e-02;1.619814e-01;1.157086e-01;1.139190e-01;6.105369e-02;4.949263e-02;3.727831e-02
5.707788e-02;3.045173e-02;2.365456e-01;1.349601e-01;9.392096e-02;6.137443e-02;1.318979e-01;6.735717e-02;4.822436e-02;6.842758e-02;4.893411e-02;2.082815e-02
6.794385e-02;4.856032e-02;3.220795e-01;1.394180e-01;7.856283e-02;4.755403e-02;9.042815e-02;3.785254e-02;4.627635e-02;7.329122e-02;3.170486e-02;1.632832e-02
4.807280e-02;9.392539e-02;3.414469e-01;1.036501e-01;6.516451e-02;4.516362e-02;6.239871e-02;2.540660e-02;6.506097e-02;8.572142e-02;2.283516e-02;4.115374e-02
3.135370e-02;1.344008e-01;2.742949e-01;6.005320e-02;4.184726e-02;5.958465e-02;4.080212e-02;3.953976e-02;1.186282e-01;8.626062e-02;1.815983e-02;9.507494e-02
4.036963e-02;1.172519e-01;1.736359e-01;2.335048e-02;2.054668e-02;6.207825e-02;3.633691e-02;3.537875e-02;1.865754e-01;1.110009e-01;1.903102e-02;1.744442e-01
3.130534e-02;5.303893e-02;1.565083e-01;1.524744e-02;3.521832e-02;3.267513e-02;6.364816e-02;4.334138e-02;1.677820e-01;2.075676e-01;2.146034e-02;1.722070e-01
4.489325e-02;2.614648e-02;2.284533e-01;1.784403e-02;5.040235e-02;1.368271e-02;9.905348e-02;2.600703e-02;1.012173e-01;2.929318e-01;1.409986e-02;8.526836e-02
6.584489e-02;5.300955e-02;2.766379e-01;1.787137e-02;4.088951e-02;1.348491e-02;1.115378e-01;1.525331e-02;8.144088e-02;2.845630e-01;1.042893e-02;2.903791e-02
8.387324e-02;8.926124e-02;2.466829e-01;2.465872e-02;2.908651e-02;3.264490e-02;9.636137e-02;2.899173e-02;1.102050e-01;1.976135e-01;1.636585e-02;4.425516e-02
7.853992e-02;1.252979e-01;1.888619e-01;3.792260e-02;3.735525e-02;5.799703e-02;7.706656e-02;4.990891e-02;1.323714e-01;1.248300e-01;3.191390e-02;5.793456e-02
7.574011e-02;1.382006e-01;1.571318e-01;3.886300e-02;4.857319e-02;6.018880e-02;6.378675e-02;6.635944e-02;1.795767e-01;8.571856e-02;4.687117e-02;3.898995e-02
1.033565e-01;1.187721e-01;1.787435e-01;3.545287e-02;4.020949e-02;5.981972e-02;7.221259e-02;6.441808e-02;1.865287e-01;6.600390e-02;3.453518e-02;3.994746e-02
1.167635e-01;1.113445e-01;1.833143e-01;3.328529e-02;6.217017e-02;7.321840e-02;7.270207e-02;5.127407e-02;1.580050e-01;7.436615e-02;2.452084e-02;3.903575e-02
1.189697e-01;1.000425e-01;1.648210e-01;7.668348e-02;1.054876e-01;7.500003e-02;8.627015e-02;5.176058e-02;9.685422e-02;5.096165e-02;3.029262e-02;4.285638e-02
7.001294e-02;9.043954e-02;2.016140e-01;1.273783e-01;1.282938e-01;5.952216e-02;9.116676e-02;4.942182e-02;5.560983e-02;3.606569e-02;3.765762e-02;5.281754e-02
9.574418e-02;9.958207e-02;2.315101e-01;1.133489e-01;1.114615e-01;3.818286e-02;6.197688e-02;3.255963e-02;6.480761e-02;7.971674e-02;3.089134e-02;4.021812e-02
1.692404e-01;1.316236e-01;1.779957e-01;7.619046e-02;8.709434e-02;3.557331e-02;5.325145e-02;3.686963e-02;6.650758e-02;1.077636e-01;2.695394e-02;3.093598e-02
1.579982e-01;1.273319e-01;1.190034e-01;6.675466e-02;7.972389e-02;2.406234e-02;6.085923e-02;3.571165e-02;1.300880e-01;1.061308e-01;4.316122e-02;4.917466e-02
1.312709e-01;1.164394e-01;8.222002e-02;7.010757e-02;6.963794e-02;4.373151e-02;6.172843e-02;4.436078e-02;8.530925e-02;8.501991e-02;9.747216e-02;1.127022e-01
1.487854e-01;1.023399e-01;6.010405e-02;5.528147e-02;6.578786e-02;4.418773e-02;1.013437e-01;4.942261e-02;7.801656e-02;6.681533e-02;1.131575e-01;1.147579e-01
1.343366e-01;7.801067e-02;6.410090e-02;4.790894e-02;6.872807e-02;4.889166e-02;2.183548e-01;3.924255e-02;6.763820e-02;4.686309e-02;1.075895e-01;7.833510e-02
1.436995e-01;3.804119e-02;6.342454e-02;3.012261e-02;7.036678e-02;7.008724e-02;2.996404e-01;2.882509e-02;3.568733e-02;4.309816e-02;8.193922e-02;9.506791e-02
1.412958e-01;1.936131e-02;5.746830e-02;2.022380e-02;7.567205e-02;1.025022e-01;3.563168e-01;1.183515e-02;1.288538e-02;4.058196e-02;6.407261e-02;9.778466e-02
9.764752e-02;2.715327e-02;3.214051e-02;1.049004e-02;6.627365e-02;1.174896e-01;5.145150e-01;2.276869e-02;1.710194e-02;2.505976e-02;3.105175e-02;3.830823e-02
4.510560e-02;3.550021e-02;2.252363e-02;9.132182e-03;5.171321e-02;1.290755e-01;6.174369e-01;3.371768e-02;1.427531e-02;1.194442e-02;1.742540e-02;1.214990e-02
4.218889e-02;2.723357e-02;2.763454e-02;1.229853e-02;8.182161e-02;1.641491e-01;5.667835e-01;2.705592e-02;7.154076e-03;1.534332e-02;1.098514e-02;1.735178e-02
4.429051e-02;1.731567e-02;7.405928e-02;1.868681e-02;1.362742e-01;1.719556e-01;4.533987e-01;1.609051e-02;1.131628e-02;1.216623e-02;1.520196e-02;2.924427e-02
2.307028e-02;1.207166e-02;1.984491e-01;4.003178e-02;1.554684e-01;1.129827e-01;3.222632e-01;1.445321e-02;1.862377e-02;1.207530e-02;2.923045e-02;6.128023e-02
1.548466e-02;1.631598e-02;3.577227e-01;7.788362e-02;1.122569e-01;4.037227e-02;1.997509e-01;1.867136e-02;1.815268e-02;9.187003e-03;6.900191e-02;6.519999e-02
2.227490e-02;1.800377e-02;4.412654e-01;9.293497e-02;1.126490e-01;6.609716e-02;9.240752e-02;2.387070e-02;1.011163e-02;1.048862e-02;8.913627e-02;2.076011e-02
2.312652e-02;1.498030e-02;5.241164e-01;8.228691e-02;1.007320e-01;6.269491e-02;4.213320e-02;2.277914e-02;9.556058e-03;1.255678e-02;7.352274e-02;3.151502e-02
2.178224e-02;3.258750e-02;5.526171e-01;6.201904e-02;6.694402e-02;5.052326e-02;8.085351e-02;2.096571e-02;1.935163e-02;2.075719e-02;4.072794e-02;3.087084e-02
3.049222e-02;5.030164e-02;4.411913e-01;3.685674e-02;5.623880e-02;5.833983e-02;1.658177e-01;3.051267e-02;3.542882e-02;2.624362e-02;3.321987e-02;3.535680e-02
3.101304e-02;5.294184e-02;3.745438e-01;2.272967e-02;8.175290e-02;6.460917e-02;2.153507e-01;2.461650e-02;3.989094e-02;2.010239e-02;3.607159e-02;3.637746e-02
2.921516e-02;4.203681e-02;4.724972e-01;3.970496e-02;7.283869e-02;5.921453e-02;1.788085e-01;1.231704e-02;2.268168e-02;1.682134e-02;3.801748e-02;1.584670e-02
2.431744e-02;3.372357e-02;4.216912e-01;4.085977e-02;6.266809e-02;6.120711e-02;2.321374e-01;1.733498e-02;1.577251e-02;1.873946e-02;4.200930e-02;2.953911e-02
3.618238e-02;4.246381e-02;1.308471e-01;3.622719e-02;8.358637e-02;1.093327e-01;3.964481e-01;2.452488e-02;2.659918e-02;2.578286e-02;5.885873e-02;2.914677e-02
5.834024e-02;4.275599e-02;3.116883e-01;3.086631e-02;3.235025e-02;8.111837e-02;3.157227e-01;2.202310e-02;1.401621e-02;1.540740e-02;5.048846e-02;2.522266e-02
4.893705e-02;3.818827e-02;3.827988e-01;3.911586e-02;6.302185e-02;8.345170e-02;2.262234e-01;1.847564e-02;1.453593e-02;1.659070e-02;4.399079e-02;2.467001e-02
2.769236e-02;3.745141e-02;4.212897e-01;5.526382e-02;2.724197e-02;8.280285e-02;2.007830e-01;2.039138e-02;2.127101e-02;1.788827e-02;6.582936e-02;2.209491e-02
3.484654e-02;4.243232e-02;3.903378e-01;6.471965e-02;9.349455e-02;9.274357e-02;9.514049e-02;2.455576e-02;2.998750e-02;2.708181e-02;8.368554e-02;2.097444e-02
3.950857e-02;5.212324e-02;1.380724e-01;6.232858e-02;1.329674e-01;1.099542e-01;2.237761e-01;2.849850e-02;3.590589e-02;4.071995e-02;9.241089e-02;4.373441e-02
5.608977e-02;5.106477e-02;1.586619e-01;5.807270e-02;1.021077e-01;1.434579e-01;1.861462e-01;4.146614e-02;6.801365e-02;4.646033e-02;4.768172e-02;4.077722e-02
7.010706e-02;4.962770e-02;1.824316e-01;8.144601e-02;9.411069e-02;1.047313e-01;1.987152e-01;5.081085e-02;5.650309e-02;4.835147e-02;3.687885e-02;2.628625e-02
6.351263e-02;8.068947e-02;2.518191e-01;8.179213e-02;7.010940e-02;5.877410e-02;1.962788e-01;3.730434e-02;6.777524e-02;5.276598e-02;2.294932e-02;1.622944e-02
3.630069e-02;1.322242e-01;2.938125e-01;6.648466e-02;3.805751e-02;4.051017e-02;1.833020e-01;2.729772e-02;1.081701e-01;5.039508e-02;1.127012e-02;1.217515e-02
4.807068e-02;1.937891e-01;2.079520e-01;3.380492e-02;1.493702e-02;7.945885e-02;1.173891e-01;3.698185e-02;2.138225e-01;3.410545e-02;8.171748e-03;1.151674e-02
9.940547e-02;2.569165e-01;9.923407e-02;1.758294e-02;9.396125e-03;8.452979e-02;3.876103e-02;3.564262e-02;3.212591e-01;1.870078e-02;7.133462e-03;1.143820e-02
1.352738e-01;2.889721e-01;9.636641e-02;1.869046e-02;8.699969e-03;4.164651e-02;1.973500e-02;3.081300e-02;3.317636e-01;1.726239e-02;4.993042e-03;5.783631e-03
1.483375e-01;2.930468e-01;1.051988e-01;2.052685e-02;9.076118e-03;3.428073e-02;1.340661e-02;2.633765e-02;3.219798e-01;1.550496e-02;7.426120e-03;4.878177e-03
1.503894e-01;3.156504e-01;8.480252e-02;1.827346e-02;7.250554e-03;3.551254e-02;1.167508e-02;2.551426e-02;3.264042e-01;1.234362e-02;6.591596e-03;5.592355e-03
1.598976e-01;3.481825e-01;9.614184e-02;1.475528e-02;1.203641e-02;4.256549e-02;1.185334e-02;1.589447e-02;2.818265e-01;8.435150e-03;3.767875e-03;4.643524e-03
1.708507e-01;3.625603e-01;1.265565e-01;9.509183e-03;3.841858e-02;5.665443e-02;1.069923e-02;7.722164e-03;2.021373e-01;7.560914e-03;2.743899e-03;4.586862e-03
2.108382e-01;3.811472e-01;1.031142e-01;1.168805e-02;7.630947e-02;4.747053e-02;8.515619e-03;6.888987e-03;1.419775e-01;3.763840e-03;3.063395e-03;5.223027e-03
2.563304e-01;4.075125e-01;9.039020e-02;1.265686e-02;6.880499e-02;2.700443e-02;8.938119e-03;9.289266e-03;1.032842e-01;4.012207e-03;2.902706e-03;8.874059e-03
2.816803e-01;4.216626e-01;1.234395e-01;1.120381e-02;2.611923e-02;2.547450e-02;7.098378e-03;1.070725e-02;7.262436e-02;5.361654e-03;2.086448e-03;1.254205e-02
2.480539e-01;4.112280e-01;1.658066e-01;1.332212e-02;1.114957e-02;2.684967e-02;1.024157e-02;1.390163e-02;6.519328e-02;9.400164e-03;6.111516e-03;1.874200e-02
1.791936e-01;3.871847e-01;1.942140e-01;1.946908e-02;1.777161e-02;2.536537e-02;1.915589e-02;1.762627e-02;9.950116e-02;1.078418e-02;1.141361e-02;1.832052e-02
1.915040e-01;3.186880e-01;1.863487e-01;2.007876e-02;1.505756e-02;2.542254e-02;1.497429e-02;2.764362e-02;1.644432e-01;1.514808e-02;1.112607e-02;9.565235e-03
1.983044e-01;2.792333e-01;2.031397e-01;1.693853e-02;1.129998e-02;2.358030e-02;1.232685e-02;3.508661e-02;1.914156e-01;1.263655e-02;5.297469e-03;1.074071e-02
2.127836e-01;2.625121e-01;1.912228e-01;1.633943e-02;7.910257e-03;2.572481e-02;2.124617e-02;4.927074e-02;1.847456e-01;1.168149e-02;7.906920e-03;8.656086e-03
2.082207e-01;2.245053e-01;2.210710e-01;1.504595e-02;1.778718e-02;3.522084e-02;3.759496e-02;4.835489e-02;1.439138e-01;1.972518e-02;1.830155e-02;1.025855e-02
1.839617e-01;1.759658e-01;2.911290e-01;1.303970e-02;3.569036e-02;4.050564e-02;4.690178e-02;4.296060e-02;1.133582e-01;2.190272e-02;2.554188e-02;9.042715e-03
1.415390e-01;1.530855e-01;3.700797e-01;2.169018e-02;2.421356e-02;4.277900e-02;3.552356e-02;3.554776e-02;1.251359e-01;1.578655e-02;2.201200e-02;1.260721e-02
1.028620e-01;1.516374e-01;4.564806e-01;3.332129e-02;1.036966e-02;3.023694e-02;2.302659e-02;2.440852e-02;1.365688e-01;1.179930e-02;8.264149e-03;1.102484e-02
7.825010e-02;1.558165e-01;4.952570e-01;3.734227e-02;4.772389e-03;3.165140e-02;9.202904e-03;2.153251e-02;1.290871e-01;1.347114e-02;9.186377e-03;1.443026e-02
6.116426e-02;1.334085e-01;5.338137e-01;3.577983e-02;1.746979e-02;4.057183e-02;2.198708e-02;1.416381e-02;1.007656e-01;1.730595e-02;1.210782e-02;1.146184e-02
6.039545e-02;1.154760e-01;5.925411e-01;3.495423e-02;2.433440e-02;3.247318e-02;2.201495e-02;8.255174e-03;7.834857e-02;1.545555e-02;8.686277e-03;7.065088e-03
6.537527e-02;1.212424e-01;6.031182e-01;3.152340e-02;2.095723e-02;2.102309e-02;2.041002e-02;7.636617e-03;8.007713e-02;1.494602e-02;7.682184e-03;6.008469e-03
8.864994e-02;1.270614e-01;5.170727e-01;3.116419e-02;2.876533e-02;3.072014e-02;2.027757e-02;1.426337e-02;1.113255e-01;1.574496e-02;6.685460e-03;8.269410e-03
1.220604e-01;1.221196e-01;4.214619e-01;2.717755e-02;2.863806e-02;2.615737e-02;3.589132e-02;2.046453e-02;1.522008e-01;2.117112e-02;9.434725e-03;1.322264e-02
1.307844e-01;1.296054e-01;3.707047e-01;3.179704e-02;1.911767e-02;3.346530e-02;4.052031e-02;2.273946e-02;1.701115e-01;1.982599e-02;1.607797e-02;1.525038e-02
1.349842e-01;1.481502e-01;3.293780e-01;3.401105e-02;1.962897e-02;3.779121e-02;2.118770e-02;2.789284e-02;1.936323e-01;1.579684e-02;2.007519e-02;1.747145e-02
1.175861e-01;1.720289e-01;3.081925e-01;2.958995e-02;1.739050e-02;3.163474e-02;2.335821e-02;2.861737e-02;2.109334e-01;1.322311e-02;2.482773e-02;2.261760e-02
8.143410e-02;1.662340e-01;3.195684e-01;3.047085e-02;1.948279e-02;2.783594e-02;4.067981e-02;2.510800e-02;2.225330e-01;1.884648e-02;2.235497e-02;2.545157e-02
2.951850e-02;1.592484e-01;3.558619e-01;3.889186e-02;2.841164e-02;2.349669e-02;4.919466e-02;3.020364e-02;2.092353e-01;2.940684e-02;2.120426e-02;2.532629e-02
1.152039e-01;1.910582e-01;2.788523e-01;4.477398e-02;2.740111e-02;4.742554e-02;4.304196e-02;2.394322e-02;1.519541e-01;1.785181e-02;2.669778e-02;3.179608e-02
1.994706e-01;2.298728e-01;1.333167e-01;3.539426e-02;3.546122e-02;5.221122e-02;3.352764e-02;1.754224e-02;1.480416e-01;3.773557e-02;3.816732e-02;3.925886e-02
1.716485e-01;1.837963e-01;1.738316e-01;3.463688e-02;4.578946e-02;4.902601e-02;4.293209e-02;2.240271e-02;1.450830e-01;5.607806e-02;2.855805e-02;4.621721e-02
1.318429e-01;1.361732e-01;2.138160e-01;5.194898e-02;4.234179e-02;4.234092e-02;6.296352e-02;4.106046e-02;1.418424e-01;4.549465e-02;4.012615e-02;5.004901e-02
