8.060700e-02;6.584112e-02;1.268837e-01;6.857602e-02;7.630233e-02;5.767231e-02;1.741765e-01;9.867013e-02;6.720004e-02;8.228369e-02;4.640510e-02;5.538214e-02
8.745698e-02;8.800020e-02;2.138163e-01;7.159357e-02;6.946591e-02;6.471548e-02;1.168292e-01;6.899040e-02;6.764869e-02;5.689230e-02;4.692252e-02;4.766842e-02
8.220629e-02;7.751085e-02;2.803479e-01;6.577323e-02;5.748198e-02;5.069959e-02;1.167615e-01;5.585289e-02;5.743160e-02;7.257172e-02;4.666809e-02;3.669433e-02
6.436942e-02;5.653917e-02;3.972048e-01;5.425996e-02;4.030377e-02;2.938993e-02;1.176573e-01;3.537046e-02;4.553782e-02;1.026502e-01;3.666610e-02;2.005102e-02
5.046844e-02;2.845850e-02;5.131083e-01;4.006439e-02;3.253217e-02;1.137630e-02;1.181018e-01;1.931298e-02;2.807049e-02;1.154651e-01;3.595720e-02;7.084335e-03
4.701538e-02;2.424806e-02;5.173327e-01;4.832318e-02;3.492351e-02;1.317683e-02;1.134550e-01;1.391639e-02;3.234908e-02;9.654437e-02;5.332501e-02;5.390483e-03
4.881578e-02;2.721611e-02;5.299601e-01;7.227867e-02;3.772656e-02;1.264460e-02;8.698489e-02;1.436605e-02;4.119458e-02;6.785870e-02;5.610481e-02;4.849146e-03
4.504078e-02;2.111507e-02;5.349002e-01;1.209951e-01;4.470829e-02;1.478498e-02;6.072485e-02;9.386671e-03;5.193656e-02;4.499762e-02;4.607432e-02;5.335467e-03
4.022039e-02;2.391767e-02;5.412711e-01;1.753179e-01;5.298889e-02;1.742294e-02;3.820554e-02;1.174241e-02;4.169881e-02;1.761902e-02;3.245531e-02;7.140091e-03
3.718208e-02;2.051817e-02;4.550145e-01;1.955712e-01;7.364608e-02;3.091656e-02;4.934650e-02;1.322638e-02;4.377837e-02;4.987480e-02;2.172414e-02;9.201270e-03
3.451600e-02;2.502947e-02;3.467250e-01;1.297386e-01;7.315367e-02;3.935838e-02;1.073593e-01;2.547527e-02;4.004757e-02;1.219045e-01;4.669655e-02;9.995681e-03
3.628254e-02;2.080869e-02;3.212052e-01;8.338308e-02;5.027790e-02;3.429460e-02;1.108732e-01;3.129689e-02;2.862121e-02;1.720939e-01;9.834771e-02;1.251508e-02
4.378724e-02;1.642393e-02;3.109382e-01;4.615258e-02;2.245092e-02;1.821334e-02;8.648960e-02;3.060172e-02;2.468190e-02;2.182349e-01;1.698049e-01;1.222069e-02
4.264638e-02;1.186022e-02;2.541815e-01;5.033718e-02;1.150879e-02;1.317973e-02;4.932226e-02;1.769394e-02;6.515083e-02;2.588214e-01;2.078888e-01;1.740894e-02
3.288019e-02;1.435632e-02;1.697154e-01;8.651269e-02;2.565562e-02;2.744345e-02;5.652654e-02;4.161245e-02;8.737548e-02;2.342488e-01;1.989766e-01;2.469644e-02
3.196663e-02;2.279232e-02;1.255685e-01;1.012848e-01;3.748157e-02;3.688544e-02;9.834738e-02;7.203545e-02;9.158707e-02;1.490282e-01;2.002221e-01;3.280047e-02
3.650535e-02;2.906558e-02;1.398481e-01;7.176077e-02;3.845959e-02;4.743773e-02;1.576633e-01;7.974634e-02;1.018933e-01;8.434729e-02;1.889198e-01;2.435289e-02
4.129644e-02;3.136459e-02;1.594933e-01;3.982460e-02;4.011527e-02;4.701953e-02;1.672280e-01;7.010388e-02;1.142637e-01;1.041520e-01;1.626166e-01;2.252203e-02
5.772677e-02;3.581965e-02;1.838897e-01;3.254072e-02;3.951662e-02;2.535127e-02;1.298337e-01;4.309160e-02;1.290873e-01;1.562530e-01;1.482458e-01;1.864390e-02
6.756154e-02;3.421690e-02;1.797948e-01;4.236243e-02;3.288591e-02;1.753830e-02;9.114172e-02;9.687058e-02;1.130930e-01;1.950523e-01;1.174066e-01;1.207600e-02
5.709011e-02;2.368729e-02;1.832732e-01;6.610977e-02;3.234639e-02;2.632993e-02;9.645858e-02;1.269263e-01;9.833301e-02;2.289572e-01;4.763429e-02;1.285392e-02
4.405177e-02;1.384853e-02;1.620511e-01;8.885624e-02;2.987719e-02;2.275751e-02;8.761399e-02;1.176239e-01;7.618255e-02;2.356625e-01;9.557495e-02;2.589978e-02
5.121038e-02;2.066929e-02;1.346037e-01;8.981930e-02;4.365671e-02;2.425211e-02;8.314165e-02;9.443305e-02;1.016029e-01;2.430494e-01;8.261907e-02;3.094243e-02
6.603165e-02;1.945266e-02;9.752563e-02;1.071664e-01;7.803459e-02;4.589577e-02;7.803815e-02;7.146974e-02;1.022046e-01;2.273953e-01;7.749566e-02;2.928983e-02
5.560394e-02;3.826880e-02;8.772110e-02;1.294360e-01;1.034621e-01;8.463166e-02;6.907511e-02;4.206609e-02;7.667361e-02;2.024665e-01;7.828917e-02;3.230591e-02
4.233902e-02;5.633188e-02;7.459906e-02;1.028242e-01;8.842421e-02;9.472678e-02;1.004023e-01;4.210682e-02;5.827540e-02;2.276510e-01;9.078491e-02;2.153437e-02
4.638708e-02;6.311641e-02;7.525258e-02;4.672254e-02;5.325924e-02;9.027794e-02;1.358041e-01;8.394048e-02;1.034658e-01;1.603726e-01;9.335077e-02;4.805040e-02
5.600097e-02;5.620235e-02;7.510950e-02;4.196895e-02;1.013466e-01;8.644504e-02;1.467306e-01;9.193213e-02;9.028617e-02;9.983403e-02;6.181929e-02;9.232433e-02
3.973841e-02;4.680747e-02;7.269747e-02;9.447460e-02;1.066805e-01;8.043778e-02;1.264249e-01;7.777143e-02;6.836897e-02;7.412785e-02;1.079218e-01;1.045488e-01
1.576370e-02;2.693515e-02;1.313102e-01;1.390794e-01;6.751203e-02;5.393687e-02;8.135424e-02;6.835470e-02;4.996704e-02;9.953710e-02;1.889407e-01;7.730894e-02
1.523866e-02;6.059483e-02;2.118798e-01;1.027011e-01;2.391335e-02;3.035738e-02;4.503869e-02;5.281088e-02;6.865691e-02;1.876400e-01;1.616049e-01;3.956343e-02
1.171259e-02;1.530828e-01;1.967534e-01;4.095992e-02;1.458032e-02;5.523170e-02;2.842604e-02;5.281514e-02;1.098107e-01;1.976456e-01;7.665825e-02;6.232345e-02
1.260586e-02;2.724467e-01;8.989521e-02;2.774456e-02;9.722826e-03;9.436894e-02;1.672140e-02;4.185734e-02;1.873927e-01;1.000516e-01;3.743586e-02;1.097571e-01
1.570978e-02;3.399536e-01;5.878845e-02;4.084520e-02;8.734291e-03;1.032584e-01;1.656022e-02;1.851938e-02;2.294993e-01;2.889903e-02;2.623794e-02;1.129944e-01
2.411808e-02;3.546396e-01;5.725112e-02;6.676019e-02;7.177663e-03;8.642747e-02;9.530739e-03;1.428437e-02;2.636683e-01;1.556326e-02;1.925203e-02;8.132725e-02
3.445931e-02;2.985592e-01;5.456629e-02;1.169254e-01;7.656331e-03;7.627454e-02;9.346414e-03;2.159497e-02;2.978500e-01;2.308403e-02;1.517159e-02;4.451196e-02
2.294486e-02;2.117954e-01;5.770020e-02;1.528483e-01;9.296402e-03;7.843839e-02;2.388269e-02;6.535783e-02;3.189027e-01;2.467469e-02;1.636617e-02;1.779225e-02
3.402864e-02;1.435918e-01;7.108193e-02;1.325976e-01;1.098499e-02;6.486300e-02;6.225003e-02;1.171797e-01;2.955751e-01;3.690629e-02;1.459990e-02;1.634086e-02
5.267808e-02;1.216170e-01;8.516464e-02;1.008780e-01;1.520787e-02;4.280188e-02;9.240373e-02;1.158193e-01;2.809691e-01;3.627845e-02;2.214578e-02;3.403617e-02
7.258178e-02;1.294810e-01;1.091534e-01;7.622416e-02;1.875882e-02;4.041778e-02;9.129222e-02;8.217032e-02;2.521886e-01;4.665485e-02;3.340621e-02;4.767095e-02
6.203931e-02;1.696044e-01;2.293379e-01;6.474312e-02;3.687944e-02;5.158442e-02;5.178043e-02;8.534922e-02;1.486507e-01;4.541566e-02;2.593970e-02;2.867568e-02
4.118419e-02;1.415467e-01;3.235309e-01;5.063016e-02;7.180203e-02;3.572299e-02;5.191389e-02;9.553658e-02;8.614251e-02;6.066697e-02;1.484805e-02;2.647503e-02
3.138228e-02;9.868259e-02;3.507433e-01;4.884892e-02;8.190948e-02;2.079022e-02;7.626497e-02;6.729799e-02;1.039701e-01;8.457962e-02;9.476527e-03;2.605399e-02
2.508114e-02;6.289236e-02;2.780922e-01;1.063431e-01;5.901680e-02;6.194626e-02;7.219783e-02;3.866486e-02;1.779990e-01;7.343801e-02;2.669304e-02;1.763532e-02
1.864685e-02;3.733247e-02;1.641128e-01;1.872818e-01;4.764167e-02;1.597397e-01;2.635612e-02;1.032692e-01;1.456735e-01;3.777456e-02;5.598949e-02;1.618183e-02
1.020501e-02;2.604690e-02;1.024777e-01;2.252568e-01;6.936669e-02;1.919016e-01;7.217123e-03;1.599998e-01;7.014252e-02;3.086194e-02;7.438999e-02;3.213394e-02
9.098913e-03;2.180980e-02;7.087015e-02;2.366797e-01;1.347196e-01;1.255876e-01;1.652356e-02;1.429781e-01;5.212670e-02;6.485777e-02;7.156502e-02;5.318317e-02
9.425663e-03;2.478181e-02;9.602709e-02;1.796220e-01;2.582230e-01;6.844094e-02;5.221627e-02;6.655291e-02;5.745096e-02;7.761113e-02;3.189765e-02;7.775050e-02
2.573092e-02;3.610203e-02;1.097603e-01;9.751703e-02;3.241074e-01;1.035666e-01;7.104442e-02;2.239924e-02;8.142002e-02;4.162604e-02;7.911730e-03;7.881437e-02
5.182808e-02;3.876577e-02;9.907191e-02;6.224054e-02;2.487362e-01;2.053446e-01;1.180219e-01;2.253670e-02;6.638001e-02;2.305344e-02;9.824093e-03;5.419683e-02
6.243035e-02;4.683014e-02;7.952523e-02;6.039763e-02;1.141901e-01;2.497451e-01;2.476878e-01;3.289036e-02;3.580480e-02;2.970809e-02;9.673201e-03;3.111714e-02
4.298526e-02;5.914898e-02;4.431543e-02;6.158090e-02;6.282464e-02;1.756614e-01;4.043745e-01;5.063457e-02;3.191138e-02;3.242330e-02;1.719005e-02;1.694952e-02
2.389199e-02;6.667172e-02;2.787224e-02;4.341457e-02;6.272717e-02;1.027044e-01;5.105444e-01;4.917680e-02;4.159487e-02;2.739210e-02;2.988045e-02;1.412935e-02
2.962196e-02;4.785755e-02;2.553368e-02;3.636893e-02;6.670509e-02;6.112029e-02;5.898535e-01;3.896368e-02;3.923295e-02;2.083106e-02;2.739373e-02;1.651761e-02
3.501225e-02;3.173218e-02;2.584655e-02;4.094697e-02;6.567813e-02;6.719679e-02;6.013808e-01;4.173768e-02;3.894893e-02;1.567144e-02;2.121678e-02;1.463156e-02
4.120030e-02;2.606096e-02;3.636532e-02;4.488331e-02;7.454656e-02;9.667136e-02;5.350208e-01;4.034569e-02;4.819602e-02;1.628977e-02;2.258633e-02;1.783360e-02
4.383392e-02;3.621794e-02;6.983809e-02;5.885813e-02;1.063399e-01;1.062871e-01;3.997859e-01;3.926101e-02;6.236824e-02;2.749950e-02;2.482498e-02;2.488530e-02
2.376933e-02;3.367833e-02;9.108540e-02;8.707210e-02;1.027150e-01;8.874754e-02;3.625311e-01;4.823552e-02;8.578300e-02;3.667258e-02;1.539006e-02;2.432013e-02
3.729235e-02;5.020479e-02;6.264815e-02;8.323990e-02;5.613532e-02;7.065742e-02;4.258709e-01;6.004464e-02;8.455241e-02;2.859431e-02;1.991102e-02;2.084875e-02
4.491520e-02;5.297744e-02;5.664127e-02;8.611950e-02;6.441896e-02;5.284132e-02;4.254210e-01;7.092295e-02;7.686399e-02;2.035819e-02;2.394797e-02;2.457230e-02
2.810400e-02;4.016295e-02;8.995769e-02;9.235228e-02;1.131634e-01;8.409525e-02;3.449371e-01;5.933693e-02;6.131184e-02;3.303959e-02;3.018999e-02;2.334892e-02
3.991630e-02;3.179968e-02;1.024692e-01;7.935002e-02;8.957290e-02;6.823355e-02;3.179615e-01;9.480003e-02;7.324801e-02;5.063756e-02;3.145527e-02;2.055597e-02
2.819869e-02;2.496815e-02;8.052380e-02;4.870953e-02;1.048379e-01;4.957742e-02;3.916512e-01;1.141561e-01;7.688100e-02;4.369834e-02;1.751020e-02;1.928772e-02
1.288081e-02;3.128341e-02;4.710214e-02;3.756490e-02;1.301679e-01;3.430336e-02;4.929098e-01;9.292923e-02;6.854621e-02;2.709971e-02;1.142638e-02;1.378618e-02
1.182992e-02;3.732341e-02;1.930374e-02;2.169561e-02;1.303449e-01;6.319258e-02;5.694489e-01;5.137806e-02;6.532465e-02;1.410872e-02;8.335412e-03;7.714054e-03
2.159926e-02;2.964821e-02;1.752324e-02;3.879415e-02;9.323393e-02;1.335334e-01;5.277634e-01;5.037690e-02;4.760208e-02;2.572064e-02;7.898003e-03;6.306718e-03
3.272400e-02;1.218865e-02;2.033899e-02;5.890957e-02;9.523738e-02;2.382694e-01;3.495743e-01;1.067356e-01;1.935734e-02;4.951306e-02;8.405578e-03;8.746227e-03
4.465955e-02;1.462918e-02;4.483733e-02;3.733457e-02;1.212176e-01;2.319658e-01;2.871834e-01;1.314626e-01;2.804234e-02;4.069053e-02;3.514665e-03;1.446251e-02
3.617726e-02;1.577691e-02;1.035752e-01;2.939776e-02;1.431084e-01;1.493956e-01;3.177648e-01;9.474679e-02;4.376021e-02;2.306889e-02;8.639680e-03;3.458862e-02
2.585311e-02;2.217483e-02;1.966236e-01;6.276726e-02;1.460375e-01;7.721994e-02;2.716440e-01;6.020911e-02;4.055189e-02;2.496687e-02;2.266504e-02;4.928678e-02
4.626599e-02;3.061648e-02;2.237662e-01;5.994435e-02;1.053794e-01;9.525543e-02;2.546568e-01;5.501762e-02;3.223676e-02;3.105524e-02;2.741779e-02;3.838801e-02
6.869538e-02;3.878523e-02;1.632190e-01;5.232119e-02;1.122592e-01;1.349300e-01;2.247277e-01;7.104516e-02;5.481966e-02;2.828671e-02;2.840516e-02;2.250561e-02
5.156064e-02;3.459154e-02;1.202653e-01;4.792275e-02;1.576354e-01;1.403980e-01;2.388936e-01;7.361408e-02;6.555352e-02;2.446191e-02;2.487439e-02;2.022884e-02
1.836031e-02;2.877532e-02;1.537673e-01;3.721974e-02;1.258615e-01;1.193241e-01;3.543595e-01;5.467159e-02;3.924468e-02;2.541474e-02;2.475573e-02;1.824548e-02
1.720740e-02;3.202598e-02;1.085984e-01;3.316817e-02;1.370252e-01;1.210638e-01;3.504127e-01;6.495478e-02;5.296909e-02;3.364517e-02;2.718574e-02;2.174355e-02
2.476820e-02;2.525371e-02;1.041219e-01;5.788025e-02;1.116175e-01;1.345561e-01;3.461843e-01;7.077310e-02;4.945131e-02;3.997941e-02;1.904166e-02;1.637261e-02
3.229211e-02;1.416848e-02;1.270890e-01;1.004171e-01;1.164643e-01;1.137438e-01;2.810867e-01;5.803278e-02;7.387388e-02;5.000000e-02;1.606585e-02;1.676593e-02
4.440433e-02;3.081760e-02;8.978445e-02;1.507909e-01;1.121412e-01;9.490827e-02;2.592559e-01;3.510058e-02;1.016853e-01;4.693337e-02;1.972762e-02;1.445040e-02
4.994724e-02;3.576050e-02;1.077421e-01;1.516210e-01;1.118725e-01;6.560493e-02;2.734842e-01;3.613232e-02;9.355707e-02;3.914149e-02;2.380181e-02;1.133488e-02
9.815874e-02;8.658947e-02;2.395142e-01;8.286805e-02;8.962842e-02;4.314383e-02;1.852953e-01;3.642096e-02;4.182107e-02;4.175430e-02;2.785181e-02;2.695389e-02
1.469274e-01;1.044660e-01;2.321991e-01;4.886651e-02;8.962928e-02;3.847593e-02;1.383392e-01;6.176020e-02;4.667447e-02;2.756959e-02;2.459451e-02;4.049787e-02
1.761921e-01;1.230453e-01;1.910950e-01;5.113336e-02;8.451635e-02;2.567634e-02;1.272852e-01;7.237023e-02;5.217714e-02;2.529444e-02;2.781905e-02;4.339544e-02
1.415649e-01;1.631989e-01;1.485163e-01;5.828994e-02;6.739049e-02;4.600527e-02;1.357355e-01;7.294810e-02;5.769900e-02;3.477668e-02;4.304853e-02;3.082631e-02
1.011478e-01;1.236862e-01;9.070495e-02;1.044356e-01;5.369152e-02;5.577520e-02;1.603221e-01;1.091048e-01;6.305810e-02;3.282857e-02;4.418923e-02;6.105580e-02
2.045011e-01;7.589426e-02;4.510695e-02;9.317026e-02;5.278212e-02;6.557335e-02;1.254929e-01;1.194468e-01;9.403860e-02;2.886899e-02;2.805753e-02;6.706715e-02
2.482666e-01;6.349247e-02;3.391174e-02;6.539816e-02;2.874187e-02;8.028004e-02;9.988791e-02;1.293854e-01;1.524184e-01;2.168912e-02;1.491487e-02;6.161339e-02
2.173177e-01;3.774687e-02;3.428076e-02;3.045667e-02;1.486472e-02;9.213926e-02;1.265573e-01;1.463333e-01;2.044013e-01;2.216396e-02;1.530388e-02;5.843434e-02
1.784546e-01;1.466420e-02;4.188737e-02;1.541198e-02;2.229891e-02;9.974416e-02;1.457324e-01;1.612906e-01;2.257082e-01;2.370478e-02;1.651859e-02;5.458431e-02
2.175994e-01;3.348343e-02;2.533826e-02;1.352693e-02;3.190607e-02;8.876599e-02;1.283440e-01;1.798356e-01;2.002048e-01;1.827251e-02;1.434832e-02;4.837477e-02
2.674769e-01;5.227270e-02;5.397359e-02;1.318969e-02;6.053824e-02;5.388450e-02;8.188751e-02;2.094510e-01;1.312677e-01;1.938038e-02;1.505079e-02;4.162699e-02
2.968012e-01;9.154537e-02;8.512641e-02;1.494363e-02;9.633633e-02;2.896119e-02;7.000891e-02;1.830785e-01;6.656068e-02;2.702864e-02;1.325472e-02;2.635440e-02
2.655303e-01;1.430272e-01;9.785924e-02;1.759785e-02;7.980535e-02;3.827876e-02;9.101005e-02;1.115234e-01;7.529959e-02;5.545732e-02;1.224065e-02;1.237031e-02
2.239945e-01;1.939011e-01;1.380529e-01;2.279255e-02;3.074196e-02;5.777802e-02;6.444248e-02;6.257446e-02;1.302764e-01;5.715445e-02;8.157812e-03;1.013325e-02
2.051225e-01;2.381516e-01;1.940679e-01;2.447865e-02;1.144187e-02;6.661455e-02;3.933725e-02;4.032106e-02;1.297925e-01;3.235107e-02;5.358083e-03;1.296300e-02
1.687429e-01;2.553773e-01;3.045091e-01;2.398115e-02;1.197601e-02;4.268386e-02;2.887774e-02;4.807829e-02;7.072909e-02;2.619760e-02;4.868465e-03;1.397852e-02
1.087374e-01;2.356009e-01;4.559108e-01;2.227793e-02;1.203261e-02;1.554993e-02;2.041920e-02;5.321276e-02;1.645315e-02;4.236803e-02;7.234068e-03;1.020323e-02
7.245375e-02;1.426078e-01;5.357939e-01;2.619081e-02;2.655652e-02;1.798171e-02;3.286371e-02;4.539111e-02;2.648624e-02;5.843823e-02;7.024818e-03;8.211372e-03
6.178639e-02;4.695340e-02;5.868616e-01;2.776834e-02;4.128390e-02;1.604235e-02;4.474242e-02;3.496815e-02;2.859694e-02;9.596209e-02;5.135740e-03;9.898678e-03
4.661837e-02;4.134923e-02;5.646948e-01;2.990400e-02;5.095551e-02;1.319726e-02;5.631152e-02;1.445317e-02;2.466902e-02;1.440320e-01;5.038239e-03;8.776885e-03
3.691309e-02;1.393914e-02;5.545043e-01;3.275687e-02;4.949818e-02;2.417075e-02;6.877493e-02;1.662164e-02;3.150745e-02;1.593048e-01;6.141666e-03;5.867188e-03
3.770833e-02;3.001198e-02;5.580682e-01;4.095797e-02;3.899048e-02;2.581947e-02;7.898675e-02;2.107298e-02;2.888758e-02;1.255046e-01;8.902993e-03;5.088670e-03
5.153607e-02;3.796643e-02;5.786659e-01;5.196366e-02;3.538964e-02;2.107884e-02;7.328205e-02;1.179083e-02;3.473781e-02;7.812893e-02;1.801969e-02;7.440155e-03
6.425390e-02;4.383931e-02;5.725787e-01;5.938613e-02;3.700896e-02;2.478981e-02;4.994297e-02;9.611788e-03;4.024940e-02;6.893536e-02;1.768245e-02;1.172115e-02
4.987943e-02;3.703034e-02;5.468169e-01;6.038153e-02;5.616130e-02;4.061957e-02;4.924802e-02;1.356965e-02;3.762239e-02;7.608046e-02;2.282312e-02;9.767311e-03
2.805805e-02;3.745124e-02;5.440004e-01;5.814112e-02;8.591509e-02;3.533025e-02;4.960173e-02;2.565682e-02;2.571203e-02;7.841860e-02;2.186435e-02;9.850275e-03
3.291907e-02;4.774661e-02;5.426915e-01;4.854500e-02;9.662089e-02;2.464267e-02;5.245655e-02;3.416222e-02;3.137473e-02;6.928810e-02;1.135880e-02;8.193854e-03
6.640543e-02;8.104197e-02;5.092913e-01;4.934415e-02;7.637290e-02;2.307248e-02;6.231789e-02;2.504620e-02;3.152809e-02;5.562224e-02;8.715524e-03;1.124183e-02
8.596955e-02;9.141549e-02;4.739529e-01;6.260530e-02;5.241757e-02;1.607249e-02;7.318299e-02;2.502198e-02;3.946114e-02;5.280973e-02;1.476534e-02;1.232558e-02
6.978168e-02;5.425244e-02;5.336297e-01;6.937803e-02;4.784960e-02;2.835220e-02;4.135724e-02;2.694283e-02;5.281854e-02;4.618695e-02;1.372432e-02;1.572649e-02
8.089982e-02;7.963646e-02;5.531180e-01;5.498448e-02;2.707722e-02;3.973457e-02;2.836056e-02;3.325650e-02;4.131143e-02;2.781924e-02;1.223838e-02;2.156334e-02
1.305381e-01;9.827928e-02;4.774527e-01;4.437890e-02;2.902269e-02;5.036872e-02;3.546109e-02;2.826260e-02;3.858270e-02;2.616854e-02;1.885301e-02;2.263165e-02
1.625964e-01;8.531304e-02;3.956418e-01;3.926266e-02;3.531275e-02;4.636258e-02;5.848773e-02;3.981471e-02;3.352256e-02;3.596230e-02;3.429147e-02;3.343201e-02
1.459074e-01;7.152136e-02;3.206556e-01;5.191853e-02;5.670877e-02;2.785334e-02;8.551738e-02;4.288585e-02;3.538098e-02;5.143080e-02;5.412376e-02;5.609623e-02
9.132791e-02;3.627970e-02;2.306968e-01;6.158859e-02;6.345392e-02;3.088023e-02;1.321218e-01;3.010774e-02;6.106977e-02;8.347249e-02;8.807832e-02;9.092275e-02
5.016791e-02;4.632001e-02;2.478348e-01;4.360527e-02;3.836253e-02;5.347449e-02;1.477052e-01;3.572679e-02;6.889340e-02;7.797022e-02;1.049867e-01;8.495266e-02
3.461554e-02;4.728859e-02;1.853508e-01;5.566026e-02;4.550565e-02;6.308120e-02;1.393119e-01;4.880693e-02;6.199105e-02;8.804067e-02;1.461158e-01;8.423162e-02
7.126059e-02;4.442875e-02;1.805656e-01;5.248246e-02;5.509998e-02;5.242376e-02;9.279554e-02;5.530810e-02;6.486029e-02;8.981138e-02;1.324286e-01;1.085350e-01
8.636325e-02;3.562316e-02;1.536139e-01;4.995393e-02;5.984156e-02;3.865305e-02;6.562261e-02;8.586475e-02;8.078392e-02;1.008774e-01;9.877893e-02;1.440236e-01
1.029049e-01;4.513537e-02;1.386904e-01;6.386422e-02;3.690579e-02;3.185365e-02;1.004774e-01;6.593490e-02;5.417437e-02;8.588831e-02;1.085838e-01;1.655870e-01
8.920648e-02;6.961223e-02;1.025915e-01;6.667303e-02;3.498180e-02;5.013680e-02;1.196990e-01;7.670319e-02;5.080384e-02;9.208605e-02;1.023731e-01;1.451329e-01
1.454590e-01;6.040746e-02;8.427675e-02;5.640617e-02;3.949087e-02;4.665462e-02;9.338328e-02;8.729655e-02;6.712457e-02;1.132406e-01;5.924615e-02;1.470140e-01
1.725756e-01;5.167046e-02;9.381409e-02;4.381504e-02;4.431232e-02;5.942014e-02;5.234585e-02;6.164830e-02;8.801848e-02;8.955175e-02;6.287517e-02;1.799529e-01
1.293197e-01;4.507048e-02;1.166414e-01;3.737555e-02;4.883813e-02;8.542243e-02;8.671284e-02;4.305362e-02;8.478030e-02;5.730704e-02;9.150648e-02;1.739719e-01
1.487667e-01;4.464167e-02;1.554611e-01;2.593300e-02;3.793084e-02;7.836864e-02;9.947679e-02;7.920299e-02;5.606785e-02;4.582794e-02;1.040162e-01;1.243063e-01
1.135320e-01;7.319859e-02;3.142798e-01;3.149548e-02;4.085934e-02;4.488665e-02;7.000665e-02;9.216043e-02;5.826593e-02;4.658026e-02;7.407835e-02;4.065653e-02
4.878521e-02;5.912571e-02;3.459338e-01;5.302642e-02;7.660098e-02;4.777934e-02;8.488914e-02;7.011957e-02;5.625701e-02;6.925037e-02;5.263642e-02;3.559603e-02
3.805286e-02;2.437123e-02;1.799870e-01;5.291206e-02;1.200177e-01;8.586268e-02;1.822749e-01;5.689967e-02;5.159032e-02;1.109020e-01;5.234175e-02;4.478784e-02
4.772509e-02;1.609863e-02;3.782275e-02;3.319786e-02;1.103766e-01;1.131104e-01;2.929237e-01;9.361872e-02;4.678209e-02;1.378462e-01;3.323460e-02;3.726326e-02
4.643303e-02;2.822169e-02;1.468359e-02;1.680783e-02;6.235250e-02;1.152809e-01;4.397912e-01;8.046356e-02;6.524255e-02;1.045667e-01;1.349001e-02;1.266644e-02
1.968623e-02;4.486958e-02;1.774700e-02;7.786944e-03;3.591760e-02;7.455774e-02;5.944982e-01;4.682400e-02;1.112279e-01;3.534715e-02;9.211330e-03;2.326347e-03
1.263132e-02;3.676593e-02;2.552459e-02;4.718966e-03;2.818194e-02;4.086411e-02;6.742285e-01;6.416488e-02;8.463582e-02;1.561993e-02;1.013925e-02;2.524744e-03
1.105572e-02;2.305710e-02;3.905200e-02;3.271036e-03;1.659005e-02;3.156226e-02;6.669254e-01;1.244916e-01;3.410114e-02;3.937647e-02;4.835959e-03;5.681339e-03
1.001963e-02;8.955066e-03;4.448066e-02;5.556931e-03;1.778191e-02;3.716025e-02;5.780405e-01;1.756293e-01;2.670510e-02;7.519883e-02;7.329769e-03;1.314195e-02
1.348670e-02;6.106592e-03;5.433832e-02;1.885123e-02;1.547312e-02;4.753483e-02;4.778927e-01;1.906757e-01;5.603032e-02;8.979949e-02;7.951363e-03;2.185974e-02
1.754687e-02;1.069958e-02;5.367184e-02;4.743740e-02;1.608847e-02;4.269869e-02;4.463725e-01;1.409141e-01;1.134726e-01;7.855066e-02;9.579955e-03;2.296734e-02
2.298960e-02;1.674734e-02;4.730897e-02;5.162610e-02;2.381785e-02;2.735804e-02;4.514835e-01;8.590727e-02;1.142108e-01;1.152347e-01;2.452854e-02;1.878730e-02
2.189851e-02;1.501167e-02;4.351144e-02;3.641102e-02;4.901971e-02;2.347603e-02;4.224774e-01;5.817787e-02;6.539682e-02;1.776482e-01;7.130402e-02;1.566730e-02
3.293256e-02;1.399968e-02;3.786087e-02;2.092120e-02;5.374420e-02;5.600229e-02;3.583646e-01;4.592023e-02;3.219488e-02;1.611608e-01;1.610941e-01;2.580455e-02
2.095979e-02;1.547943e-02;4.810089e-02;1.466201e-02;2.957867e-02;1.001619e-01;2.980783e-01;4.309065e-02;3.079171e-02;1.135067e-01;2.420404e-01;4.354950e-02
2.742358e-02;1.114468e-02;3.446619e-02;2.308870e-02;1.718372e-02;1.267664e-01;2.590890e-01;4.814858e-02;4.854565e-02;7.210837e-02;2.714087e-01;6.062642e-02
3.681114e-02;1.391300e-02;3.591741e-02;2.868374e-02;2.168272e-02;1.397942e-01;2.404842e-01;4.266189e-02;4.116137e-02;6.517895e-02;2.676184e-01;6.609298e-02
4.981815e-02;2.033797e-02;3.132574e-02;2.305091e-02;3.022318e-02;1.063279e-01;2.248865e-01;3.447166e-02;3.853747e-02;1.273301e-01;2.390543e-01;7.463621e-02
4.195539e-02;2.021596e-02;3.038754e-02;1.529808e-02;4.047330e-02;7.850338e-02;2.760614e-01;5.664868e-02;6.536242e-02;1.423921e-01;1.789255e-01;5.377633e-02
3.980298e-02;2.043331e-02;2.049690e-02;1.356387e-02;4.302742e-02;8.837604e-02;3.821578e-01;6.847793e-02;8.210035e-02;8.941860e-02;1.207013e-01;3.144351e-02
2.205730e-02;1.809464e-02;2.823347e-02;1.435916e-02;4.005565e-02;9.515626e-02;4.398289e-01;6.368959e-02;8.040070e-02;7.116932e-02;1.038592e-01;2.309586e-02
2.777362e-02;2.117901e-02;3.304114e-02;2.365568e-02;4.651310e-02;8.788428e-02;4.319679e-01;4.914889e-02;8.013359e-02;6.333474e-02;1.167202e-01;1.864784e-02
3.289866e-02;1.980211e-02;3.764727e-02;3.381606e-02;4.409721e-02;5.604060e-02;3.336131e-01;5.888367e-02;8.598796e-02;1.350093e-01;1.367369e-01;2.546723e-02
1.987112e-02;1.457734e-02;3.512531e-02;3.770045e-02;4.001384e-02;4.501668e-02;2.268034e-01;1.145104e-01;1.598195e-01;1.388289e-01;1.296071e-01;3.812588e-02
3.138442e-02;2.273081e-02;4.022775e-02;4.357934e-02;4.622877e-02;6.317293e-02;2.088344e-01;1.210499e-01;1.616275e-01;1.245763e-01;9.567222e-02;4.091566e-02
5.436424e-02;3.310703e-02;6.944986e-02;5.273600e-02;7.912318e-02;6.236972e-02;2.087560e-01;8.159892e-02;9.557747e-02;1.517301e-01;5.472273e-02;5.646473e-02
3.503040e-02;2.340596e-02;6.106247e-02;5.982699e-02;1.359095e-01;4.469562e-02;2.438250e-01;8.677384e-02;5.113200e-02;1.339414e-01;7.510290e-02;4.929392e-02
4.429352e-02;2.637444e-02;4.934871e-02;5.244837e-02;1.224754e-01;6.825946e-02;2.759083e-01;8.436053e-02;6.872216e-02;1.051018e-01;7.138183e-02;3.132550e-02
5.710993e-02;4.514528e-02;8.585849e-02;7.526805e-02;9.340189e-02;9.447321e-02;2.115999e-01;6.851587e-02;6.746890e-02;9.836568e-02;6.566665e-02;3.712616e-02
1.133717e-01;5.164848e-02;8.579855e-02;8.502610e-02;8.447705e-02;4.273014e-02;1.166551e-01;6.534710e-02;1.257730e-01;1.295397e-01;6.325666e-02;3.637652e-02
9.726440e-02;4.526184e-02;5.708241e-02;8.991114e-02;5.637114e-02;2.438778e-02;1.828338e-01;7.604741e-02;1.520343e-01;1.348955e-01;5.199019e-02;3.192008e-02
4.851245e-02;3.323722e-02;6.320490e-02;8.568700e-02;2.720769e-02;2.066311e-02;2.578061e-01;1.365110e-01;1.480660e-01;1.234862e-01;2.774958e-02;2.786873e-02
1.654563e-02;2.949040e-02;6.595195e-02;3.620206e-02;1.816617e-02;3.554878e-02;4.424034e-01;1.621865e-01;7.667897e-02;8.529383e-02;1.044045e-02;2.109181e-02
1.627512e-02;3.446491e-02;3.470985e-02;1.075670e-02;3.695377e-02;5.857068e-02;5.731916e-01;1.126143e-01;4.883205e-02;5.223982e-02;9.445681e-03;1.194545e-02
2.773218e-02;2.789013e-02;4.748904e-02;2.225581e-02;7.002302e-02;9.089100e-02;5.412084e-01;6.133107e-02;3.719376e-02;4.825525e-02;1.006055e-02;1.566982e-02
2.666304e-02;2.966854e-02;1.478274e-01;5.347805e-02;1.130238e-01;1.009962e-01;3.267729e-01;5.916454e-02;2.754223e-02;6.267076e-02;2.207722e-02;3.011529e-02
2.846746e-02;4.112431e-02;2.516581e-01;6.750005e-02;8.006637e-02;4.729544e-02;2.123084e-01;9.683070e-02;4.961384e-02;5.799277e-02;3.295263e-02;3.418992e-02
3.434380e-02;3.898652e-02;1.925882e-01;4.169104e-02;4.125148e-02;3.029493e-02;3.987218e-01;8.094135e-02;5.553500e-02;3.041456e-02;2.610767e-02;2.912368e-02
3.913921e-02;3.387967e-02;8.842237e-02;3.230126e-02;3.715776e-02;4.624121e-02;5.268925e-01;6.342298e-02;3.588033e-02;3.748513e-02;2.817641e-02;3.100119e-02
3.674503e-02;2.559066e-02;5.307565e-02;3.883911e-02;7.033607e-02;6.536527e-02;5.147254e-01;6.151320e-02;3.461700e-02;4.530277e-02;2.671351e-02;2.717631e-02
2.592313e-02;2.167425e-02;8.119272e-02;3.822260e-02;6.667971e-02;7.233938e-02;4.164690e-01;7.524887e-02;6.988519e-02;5.221809e-02;3.780385e-02;4.234325e-02
4.577791e-02;2.423066e-02;6.486090e-02;5.590910e-02;6.158908e-02;5.335018e-02;3.425785e-01;8.994978e-02;1.000507e-01;6.344789e-02;5.242320e-02;4.583204e-02
6.108642e-02;2.195428e-02;1.021549e-01;6.703024e-02;4.808903e-02;4.047528e-02;3.448840e-01;8.566576e-02;8.347461e-02;6.667050e-02;5.047279e-02;2.804212e-02
5.199337e-02;2.611903e-02;1.012285e-01;5.376009e-02;6.145978e-02;5.534615e-02;3.620565e-01;7.975201e-02;6.451831e-02;7.368277e-02;4.126350e-02;2.881988e-02
5.101106e-02;3.084201e-02;9.256706e-02;3.648083e-02;7.222717e-02;5.128020e-02;3.719379e-01;7.887748e-02;7.864220e-02;6.882164e-02;3.044965e-02;3.686278e-02
5.753770e-02;3.824523e-02;7.219701e-02;6.260195e-02;7.501874e-02;7.707139e-02;3.027649e-01;7.079392e-02;9.533784e-02;6.744438e-02;3.423009e-02;4.675687e-02
4.636363e-02;4.308017e-02;1.151460e-01;7.668505e-02;5.967235e-02;7.551260e-02;2.457384e-01;9.930309e-02;7.941315e-02;6.319147e-02;5.392148e-02;4.197264e-02
7.759682e-02;7.527117e-02;1.322483e-01;6.514836e-02;8.217752e-02;6.957413e-02;1.661290e-01;1.199099e-01;7.099652e-02;4.565335e-02;3.632718e-02;5.896765e-02
8.770227e-02;6.058730e-02;1.059962e-01;5.169561e-02;1.035165e-01;1.167513e-01;2.136896e-01;5.251684e-02;4.315931e-02;4.782257e-02;3.714237e-02;7.942007e-02
6.115565e-02;4.460804e-02;8.990936e-02;3.658433e-02;1.352518e-01;1.390549e-01;2.412714e-01;3.921070e-02;3.625574e-02;4.203134e-02;3.854756e-02;9.611914e-02
3.679601e-02;3.387475e-02;6.101029e-02;2.264249e-02;1.618347e-01;1.280434e-01;2.122931e-01;4.443477e-02;4.114427e-02;4.422879e-02;4.411615e-02;1.695812e-01
2.024078e-02;2.450036e-02;3.868248e-02;3.950074e-02;1.590554e-01;7.388367e-02;1.288179e-01;4.893927e-02;3.400649e-02;7.551771e-02;5.819148e-02;2.986637e-01
1.592161e-02;2.013578e-02;3.545432e-02;4.790031e-02;1.179844e-01;2.518958e-02;5.318259e-02;3.534560e-02;1.689809e-02;1.222574e-01;5.233405e-02;4.573962e-01
1.075668e-02;2.321348e-02;2.629288e-02;5.359001e-02;6.225209e-02;1.737379e-02;3.182181e-02;2.481225e-02;1.304293e-02;1.530037e-01;6.513672e-02;5.187036e-01
1.106145e-02;3.267335e-02;1.875759e-02;5.363079e-02;5.808775e-02;1.072693e-02;2.703871e-02;3.015761e-02;1.098713e-02;1.815011e-01;1.281524e-01;4.372252e-01
9.322134e-03;3.374726e-02;2.599045e-02;5.559955e-02;8.980122e-02;1.167445e-02;3.533897e-02;3.456169e-02;1.742611e-02;1.944969e-01;1.733673e-01;3.186740e-01
1.721563e-02;1.771884e-02;4.122223e-02;3.612189e-02;1.584629e-01;1.441885e-02;5.235891e-02;2.524982e-02;6.013653e-02;1.180387e-01;1.267255e-01;3.323301e-01
4.917312e-02;1.031313e-02;6.047695e-02;2.572184e-02;1.596157e-01;2.606654e-02;5.817027e-02;1.291932e-02;9.306926e-02;4.978781e-02;6.599171e-02;3.886944e-01
1.208176e-01;1.336982e-02;7.192639e-02;2.514156e-02;1.085127e-01;5.853415e-02;5.354541e-02;1.613926e-02;8.342165e-02;3.535654e-02;4.932536e-02;3.639095e-01
2.003347e-01;1.124613e-02;5.578911e-02;2.926015e-02;6.063898e-02;1.353677e-01;5.124467e-02;5.678315e-02;4.460990e-02;5.175909e-02;2.725617e-02;2.757103e-01
1.944782e-01;1.287357e-02;3.201707e-02;7.366914e-02;3.420451e-02;1.950582e-01;6.557720e-02;7.794733e-02;2.620405e-02;1.034955e-01;1.687535e-02;1.675999e-01
1.602846e-01;1.506943e-02;2.463209e-02;1.220696e-01;4.263215e-02;2.246488e-01;9.094478e-02;5.323945e-02;2.166707e-02;1.404083e-01;2.757247e-02;7.683133e-02
7.775225e-02;2.152728e-02;4.288247e-02;1.241569e-01;7.644384e-02;1.989476e-01;2.009813e-01;5.691991e-02;3.229261e-02;1.004916e-01;1.908965e-02;4.851469e-02
5.228840e-02;2.803984e-02;5.107830e-02;7.444663e-02;8.466619e-02;1.228363e-01;2.984394e-01;8.036479e-02;4.922643e-02;6.355505e-02;3.041014e-02;6.464849e-02
8.513042e-02;3.629962e-02;7.603876e-02;3.944220e-02;7.851434e-02;8.272604e-02;2.857509e-01;8.476967e-02;4.284285e-02;8.088198e-02;3.629461e-02;7.130870e-02
1.010882e-01;4.118424e-02;1.613372e-01;3.888924e-02;6.973077e-02;8.712778e-02;1.886377e-01;6.374667e-02;3.427433e-02;8.981609e-02;2.850419e-02;9.566369e-02
1.062520e-01;2.971694e-02;2.201164e-01;6.186404e-02;6.978385e-02;7.703999e-02;9.902301e-02;6.132544e-02;3.668501e-02;7.162284e-02;2.274085e-02;1.438297e-01
6.094934e-02;3.123632e-02;1.255763e-01;7.014158e-02;6.275909e-02;7.384974e-02;1.769826e-01;6.812925e-02;4.493894e-02;5.221243e-02;4.477327e-02;1.884511e-01
2.690569e-02;2.797783e-02;5.583657e-02;6.847090e-02;4.141148e-02;7.458625e-02;2.026598e-01;5.394109e-02;3.391749e-02;9.043070e-02;5.144398e-02;2.724183e-01
2.707503e-02;2.121582e-02;7.267594e-02;6.460441e-02;5.497886e-02;6.236488e-02;1.819405e-01;4.226451e-02;2.888620e-02;1.170686e-01;5.817849e-02;2.687468e-01
3.882389e-02;3.715051e-02;5.525476e-02;5.594338e-02;8.586042e-02;5.653657e-02;1.344531e-01;4.707446e-02;4.172333e-02;1.502681e-01;7.848625e-02;2.184252e-01
1.144737e-01;5.176789e-02;5.443799e-02;4.071645e-02;8.737572e-02;7.008114e-02;7.241140e-02;4.756999e-02;4.642564e-02;1.418314e-01;9.458881e-02;1.783199e-01
1.344093e-01;4.220841e-02;6.928425e-02;4.943543e-02;7.540306e-02;5.758595e-02;7.716303e-02;4.293976e-02;4.200219e-02;7.465135e-02;6.825487e-02;2.666624e-01
1.187270e-01;3.680536e-02;8.000786e-02;5.489631e-02;6.813921e-02;6.825570e-02;1.209605e-01;3.772802e-02;3.092790e-02;6.212787e-02;6.431226e-02;2.571120e-01
7.378234e-02;3.243742e-02;8.883072e-02;6.040097e-02;8.761416e-02;9.394982e-02;1.281903e-01;4.152281e-02;5.556392e-02;6.583578e-02;3.676854e-02;2.351033e-01
1.370676e-01;3.640083e-02;9.425710e-02;7.561127e-02;1.029897e-01;1.054098e-01;6.336340e-02;4.758359e-02;6.652886e-02;5.663434e-02;1.528937e-02;1.988641e-01
1.448249e-01;3.655398e-02;9.361169e-02;9.588030e-02;1.187980e-01;1.064093e-01;8.015782e-02;4.685017e-02;5.325968e-02;7.002694e-02;2.161390e-02;1.320133e-01
1.100009e-01;3.548213e-02;6.198649e-02;6.207946e-02;8.488442e-02;7.054881e-02;2.501862e-01;7.299182e-02;5.754375e-02;9.463476e-02;3.416298e-02;6.549826e-02
6.698056e-02;2.438997e-02;3.977503e-02;3.243024e-02;6.094323e-02;8.930724e-02;3.341434e-01;8.618566e-02;5.966554e-02;1.419845e-01;2.143412e-02;4.276048e-02
5.430987e-02;1.579542e-02;2.706572e-02;4.185905e-02;7.065499e-02;1.339735e-01;3.290547e-01;7.666102e-02;3.801624e-02;1.789249e-01;1.753537e-02;1.614925e-02
4.665972e-02;1.556300e-02;6.394614e-02;4.593621e-02;1.234010e-01;1.603533e-01;2.253202e-01;5.237959e-02;2.628211e-02;1.579608e-01;1.332155e-02;6.887640e-02
6.363437e-02;1.579133e-02;1.004474e-01;4.105566e-02;1.983695e-01;1.338426e-01;1.340663e-01;3.648319e-02;3.420091e-02;8.036292e-02;2.165568e-02;1.400902e-01
3.814099e-02;1.438300e-02;9.662472e-02;3.087215e-02;2.455378e-01;9.254108e-02;1.749756e-01;2.482399e-02;2.191440e-02;7.386612e-02;2.334324e-02;1.629769e-01
4.181442e-02;6.616846e-03;6.903272e-02;3.259482e-02;2.585754e-01;7.941712e-02;2.246328e-01;1.929314e-02;2.483368e-02;5.410770e-02;1.940595e-02;1.696754e-01
5.184548e-02;1.852830e-02;6.141025e-02;3.215066e-02;2.897994e-01;7.839106e-02;1.722356e-01;1.804753e-02;3.740061e-02;3.166633e-02;1.505471e-02;1.934701e-01
4.447405e-02;2.879057e-02;1.006210e-01;4.030361e-02;3.378051e-01;5.764173e-02;5.118607e-02;3.091347e-02;4.431805e-02;3.523092e-02;2.142258e-02;2.072928e-01
2.438202e-02;2.643684e-02;8.494402e-02;1.247687e-01;2.631673e-01;6.692223e-02;5.551985e-02;6.131149e-02;3.624512e-02;4.824352e-02;1.037593e-01;1.042996e-01
1.187776e-02;1.954604e-02;6.943744e-02;1.738666e-01;2.497991e-01;7.465789e-02;4.863681e-02;8.325583e-02;2.518367e-02;5.060411e-02;1.397616e-01;5.337316e-02
6.080016e-03;9.150521e-03;5.387717e-02;1.588690e-01;2.664685e-01;5.597239e-02;3.968976e-02;8.933722e-02;2.097232e-02;6.968595e-02;1.166188e-01;1.132785e-01
8.948238e-03;5.596454e-03;4.361188e-02;1.551592e-01;2.276948e-01;2.925151e-02;2.668486e-02;1.075186e-01;1.855378e-02;9.831292e-02;1.097464e-01;1.689214e-01
6.745167e-03;8.656310e-03;5.806997e-02;1.821162e-01;1.773037e-01;2.429445e-02;1.220710e-02;9.251676e-02;1.531800e-02;1.039252e-01;1.545077e-01;1.643394e-01
6.029669e-03;9.639774e-03;6.986796e-02;1.936485e-01;1.636148e-01;2.520194e-02;1.026943e-02;8.119805e-02;1.623264e-02;9.286086e-02;2.006093e-01;1.308270e-01
1.360546e-02;8.777305e-03;6.210781e-02;1.577494e-01;2.258275e-01;3.904444e-02;3.013468e-02;6.393640e-02;1.880257e-02;6.039732e-02;1.634836e-01;1.561335e-01
2.158732e-02;8.322704e-03;4.867154e-02;1.167137e-01;2.732491e-01;7.370412e-02;6.227991e-02;5.467078e-02;4.472570e-02;4.232024e-02;9.454736e-02;1.592075e-01
3.637614e-02;1.344693e-02;4.269752e-02;8.989986e-02;2.576432e-01;1.000457e-01;7.900105e-02;7.833050e-02;9.226823e-02;4.370029e-02;4.045032e-02;1.261403e-01
2.891403e-02;1.701310e-02;1.218501e-01;8.490280e-02;1.737277e-01;8.522955e-02;6.163241e-02;1.032408e-01;1.098566e-01;6.164357e-02;4.635760e-02;1.056317e-01
2.639255e-02;1.512284e-02;2.403838e-01;1.131065e-01;1.469918e-01;4.558641e-02;5.706296e-02;8.063517e-02;8.873024e-02;6.164321e-02;6.422347e-02;6.012107e-02
3.724768e-02;1.591274e-02;3.299284e-01;1.274128e-01;1.480471e-01;2.066951e-02;4.054789e-02;6.239787e-02;4.412596e-02;5.323390e-02;6.995157e-02;5.052456e-02
4.288289e-02;1.782668e-02;3.194411e-01;1.021212e-01;1.383122e-01;3.400200e-02;5.556326e-02;6.310157e-02;2.984485e-02;7.565141e-02;7.002521e-02;5.122767e-02
3.492971e-02;2.064051e-02;3.141325e-01;7.609288e-02;1.228205e-01;5.147214e-02;5.785742e-02;7.474486e-02;4.119231e-02;1.131301e-01;4.603704e-02;4.695006e-02
1.517432e-02;2.575232e-02;3.389484e-01;7.938272e-02;1.346541e-01;4.754531e-02;4.869955e-02;9.804471e-02;4.558621e-02;9.330814e-02;2.534010e-02;4.756416e-02
2.569401e-02;2.755988e-02;2.660483e-01;1.167785e-01;1.701556e-01;5.137609e-02;5.367967e-02;9.488453e-02;4.482498e-02;5.546209e-02;5.720213e-02;3.633426e-02
4.020159e-02;1.829144e-02;1.140922e-01;9.978507e-02;1.925625e-01;1.008142e-01;1.674354e-01;7.250775e-02;6.132746e-02;4.456089e-02;4.586213e-02;4.255937e-02
4.597961e-02;3.780412e-02;5.801005e-02;5.698405e-02;1.107118e-01;1.254821e-01;2.940504e-01;9.382591e-02;6.611677e-02;5.802122e-02;3.095016e-02;2.206376e-02
2.561183e-02;4.614069e-02;5.860041e-02;3.315081e-02;5.145944e-02;8.566874e-02;3.926732e-01;1.308663e-01;8.380828e-02;4.203266e-02;3.079436e-02;1.919327e-02
9.864619e-03;3.549267e-02;1.018107e-01;1.769280e-02;5.055648e-02;3.737235e-02;3.737393e-01;2.053063e-01;6.997781e-02;5.926408e-02;2.365001e-02;1.527282e-02
7.430797e-03;2.220948e-02;1.519262e-01;1.827131e-02;3.108668e-02;2.056793e-02;2.696421e-01;2.852094e-01;5.935068e-02;1.044712e-01;1.186053e-02;1.797371e-02
1.117408e-02;1.154960e-02;1.673677e-01;6.285117e-02;2.366505e-02;3.014930e-02;1.714583e-01;2.586594e-01;1.385931e-01;1.048715e-01;7.339225e-03;1.232165e-02
2.563768e-02;1.979624e-02;1.059271e-01;1.724861e-01;3.364025e-02;2.770283e-02;1.078516e-01;1.243982e-01;2.878387e-01;7.024585e-02;1.157949e-02;1.289589e-02
3.791051e-02;1.549480e-02;4.114076e-02;1.723224e-01;6.809477e-02;1.807207e-02;1.162029e-01;9.561642e-02;2.906846e-01;1.163510e-01;1.304804e-02;1.506178e-02
3.403103e-02;3.507458e-02;2.988050e-02;7.931414e-02;1.402260e-01;2.139365e-02;1.023012e-01;1.013931e-01;1.857153e-01;2.182388e-01;4.135544e-02;1.107632e-02
2.506212e-02;5.270121e-02;3.088031e-02;2.877587e-02;1.687588e-01;3.390899e-02;9.141434e-02;1.009038e-01;1.044553e-01;2.668681e-01;8.007596e-02;1.619525e-02
4.466650e-02;4.302386e-02;3.210866e-02;2.649613e-02;1.287970e-01;4.130347e-02;1.007585e-01;9.180450e-02;1.047932e-01;2.564673e-01;1.043392e-01;2.544168e-02
3.756984e-02;3.004732e-02;3.788468e-02;3.266011e-02;8.847216e-02;3.873913e-02;1.156889e-01;9.047138e-02;1.547174e-01;2.336222e-01;1.139458e-01;2.618101e-02
2.476915e-02;3.184620e-02;5.171622e-02;6.841803e-02;5.461639e-02;4.297279e-02;1.182139e-01;1.002055e-01;1.909184e-01;2.121647e-01;9.054646e-02;1.361226e-02
1.986248e-02;5.035255e-02;5.741329e-02;7.861762e-02;7.115915e-02;4.239947e-02;1.810507e-01;1.084831e-01;1.410039e-01;1.682053e-01;6.152410e-02;1.992834e-02
2.855949e-02;5.615781e-02;5.925097e-02;4.995947e-02;6.226232e-02;4.689422e-02;3.028731e-01;1.169890e-01;5.530148e-02;1.536859e-01;4.964761e-02;1.841862e-02
2.901209e-02;3.026398e-02;5.515523e-02;4.806539e-02;8.847735e-02;5.066688e-02;2.623699e-01;1.044888e-01;9.490840e-02;1.748903e-01;4.063179e-02;2.106990e-02
3.941965e-02;3.327397e-02;6.680690e-02;4.761621e-02;1.221591e-01;4.454862e-02;2.025070e-01;1.144122e-01;8.103825e-02;1.676707e-01;6.251726e-02;1.802999e-02
7.573649e-02;4.801473e-02;5.610887e-02;7.192213e-02;1.381075e-01;3.748602e-02;1.400368e-01;1.110000e-01;1.055389e-01;1.439479e-01;5.262530e-02;1.947536e-02
1.239087e-01;7.598504e-02;1.341796e-01;9.286856e-02;1.079673e-01;6.025858e-02;1.090624e-01;7.406894e-02;8.564352e-02;7.501532e-02;3.057199e-02;3.047002e-02
1.160084e-01;9.829797e-02;1.724504e-01;1.130257e-01;8.833212e-02;4.895436e-02;8.482506e-02;3.841479e-02;9.723295e-02;7.806346e-02;4.111993e-02;2.327480e-02
7.574411e-02;7.171404e-02;1.626630e-01;1.396823e-01;9.764617e-02;3.512888e-02;1.028310e-01;6.123352e-02;9.763923e-02;9.876169e-02;3.215587e-02;2.480028e-02
3.567296e-02;5.045712e-02;1.713178e-01;1.334354e-01;1.003773e-01;4.741700e-02;1.671271e-01;8.741613e-02;6.893616e-02;9.187797e-02;2.051050e-02;2.545455e-02
3.350786e-02;4.637287e-02;1.185779e-01;1.288210e-01;9.989315e-02;6.449530e-02;2.565967e-01;8.921861e-02;5.089640e-02;7.405259e-02;1.981855e-02;1.774905e-02
3.051851e-02;5.265741e-02;5.660270e-02;8.516710e-02;1.014545e-01;6.997373e-02;3.474123e-01;6.114601e-02;9.141871e-02;6.163875e-02;2.732307e-02;1.468730e-02
2.818187e-02;5.043210e-02;4.001151e-02;2.743914e-02;1.063403e-01;5.401978e-02;4.143181e-01;5.901507e-02;1.359919e-01;4.822308e-02;2.847006e-02;7.557068e-03
1.878878e-02;4.014296e-02;4.340568e-02;2.241969e-02;8.654387e-02;4.251276e-02;4.659962e-01;5.136201e-02;1.613353e-01;3.535813e-02;2.351481e-02;8.619710e-03
1.668890e-02;3.699052e-02;4.360161e-02;3.531572e-02;5.844391e-02;6.274386e-02;5.009942e-01;2.764560e-02;1.630063e-01;2.637708e-02;1.771611e-02;1.047619e-02
1.513766e-02;3.549698e-02;4.651784e-02;3.428471e-02;4.406506e-02;6.595027e-02;5.317608e-01;2.569184e-02;1.589085e-01;1.966328e-02;1.247060e-02;1.005241e-02
1.313755e-02;2.112932e-02;4.191713e-02;2.873549e-02;4.233268e-02;8.113166e-02;5.428438e-01;3.383731e-02;1.503796e-01;2.221313e-02;1.157698e-02;1.076539e-02
1.463369e-02;1.445781e-02;5.430435e-02;3.586472e-02;7.360763e-02;1.138425e-01;4.794288e-01;3.757666e-02;1.166902e-01;3.567765e-02;1.146980e-02;1.244620e-02
