1.076344e-01;6.047807e-02;3.763309e-02;4.422977e-02;1.231888e-01;1.405554e-01;1.097973e-01;6.321692e-02;9.852856e-02;8.957709e-02;6.808666e-02;5.707394e-02
1.079506e-01;6.611641e-02;7.049058e-02;5.716615e-02;7.420838e-02;1.117964e-01;1.336950e-01;8.832124e-02;9.263519e-02;7.639308e-02;6.417542e-02;5.705154e-02
8.879516e-02;6.327617e-02;8.557235e-02;7.257000e-02;5.583379e-02;7.693694e-02;1.786731e-01;8.800394e-02;1.446001e-01;8.234263e-02;3.583967e-02;2.755613e-02
8.068600e-02;5.885243e-02;1.195418e-01;6.830428e-02;6.547700e-02;6.024100e-02;1.480370e-01;4.432352e-02;1.398965e-01;8.337910e-02;4.901199e-02;8.224939e-02
7.208811e-02;7.682371e-02;1.398267e-01;5.219647e-02;5.190576e-02;4.524161e-02;1.365871e-01;9.684407e-02;9.013659e-02;6.425261e-02;8.028964e-02;9.380764e-02
5.980431e-02;9.414387e-02;1.368455e-01;3.947554e-02;6.365376e-02;3.717985e-02;1.559646e-01;1.075160e-01;5.630670e-02;4.807858e-02;1.395143e-01;6.151689e-02
5.582774e-02;9.326494e-02;1.080384e-01;3.143962e-02;8.268350e-02;3.472130e-02;1.812516e-01;1.287391e-01;3.575043e-02;2.993607e-02;1.977857e-01;2.056160e-02
4.508601e-02;5.535125e-02;1.168403e-01;2.556214e-02;6.562715e-02;2.447080e-02;1.647061e-01;1.884421e-01;2.702846e-02;2.400278e-02;1.612126e-01;1.016702e-01
3.055088e-02;2.300384e-02;1.476189e-01;2.502491e-02;2.832563e-02;5.422622e-02;1.261309e-01;2.027585e-01;5.480738e-02;4.116996e-02;7.260208e-02;1.937809e-01
3.002688e-02;2.056508e-02;1.567445e-01;4.460606e-02;1.649212e-02;8.498104e-02;8.435702e-02;1.563521e-01;1.137056e-01;4.162714e-02;3.110782e-02;2.194347e-01
6.500860e-02;1.469250e-02;1.289060e-01;9.291295e-02;2.488510e-02;7.169211e-02;5.309206e-02;1.041778e-01;2.376612e-01;3.265111e-02;5.771964e-02;1.166009e-01
9.672311e-02;8.240079e-03;7.671450e-02;1.313052e-01;2.894862e-02;3.286599e-02;5.325496e-02;8.138311e-02;3.570402e-01;3.891465e-02;6.646635e-02;2.814317e-02
9.610108e-02;1.287600e-02;4.086007e-02;1.386574e-01;3.717500e-02;1.873271e-02;7.127153e-02;5.906868e-02;3.906188e-01;5.931091e-02;5.292057e-02;2.240720e-02
7.831757e-02;2.781511e-02;2.231084e-02;1.474950e-01;6.918360e-02;2.423307e-02;8.423273e-02;3.748207e-02;3.626496e-01;8.268284e-02;4.157772e-02;2.201987e-02
9.394522e-02;3.563971e-02;8.536289e-02;1.502042e-01;8.215868e-02;3.258653e-02;9.412337e-02;3.002145e-02;2.608297e-01;9.945046e-02;2.180043e-02;1.387735e-02
9.161077e-02;3.075522e-02;1.813669e-01;1.471402e-01;5.055311e-02;3.035510e-02;1.044085e-01;4.297714e-02;1.944688e-01;6.574751e-02;3.140908e-02;2.920760e-02
5.768154e-02;5.100451e-02;2.660179e-01;1.260280e-01;3.599642e-02;3.764887e-02;1.289214e-01;6.320924e-02;1.217181e-01;2.785675e-02;3.588555e-02;4.803175e-02
4.478243e-02;6.431276e-02;2.682953e-01;6.762075e-02;5.096839e-02;4.246012e-02;1.774403e-01;6.745678e-02;1.125597e-01;2.671194e-02;3.523511e-02;4.215649e-02
6.988171e-02;4.908849e-02;1.433465e-01;4.278855e-02;5.440408e-02;3.025289e-02;1.642064e-01;7.986940e-02;2.568721e-01;5.525430e-02;3.086685e-02;2.316870e-02
4.455094e-02;5.096008e-02;7.625452e-02;9.195117e-02;6.291244e-02;2.619515e-02;1.128390e-01;1.056720e-01;2.420374e-01;9.442431e-02;4.059695e-02;5.160600e-02
4.653285e-02;6.143420e-02;1.146830e-01;8.475854e-02;5.331186e-02;3.756310e-02;7.942152e-02;9.227126e-02;2.433192e-01;9.203872e-02;3.516000e-02;5.950577e-02
5.151119e-02;4.927104e-02;1.624299e-01;4.331482e-02;4.905289e-02;4.293601e-02;1.271300e-01;9.369523e-02;2.587483e-01;5.630273e-02;2.187946e-02;4.372830e-02
6.376152e-02;2.487538e-02;2.249449e-01;9.194898e-02;5.516780e-02;3.615053e-02;9.363928e-02;7.792296e-02;1.858698e-01;8.189324e-02;3.388135e-02;2.994433e-02
9.203276e-02;2.938502e-02;1.726088e-01;1.798548e-01;6.483982e-02;2.305020e-02;6.344163e-02;4.544279e-02;2.202561e-01;5.901686e-02;3.109236e-02;1.897887e-02
1.007906e-01;1.062827e-02;1.390921e-01;2.118461e-01;6.718827e-02;3.593520e-02;5.285045e-02;4.417043e-02;2.237277e-01;3.965903e-02;2.824428e-02;4.586763e-02
6.584591e-02;1.048728e-02;1.877685e-01;1.710287e-01;4.519982e-02;6.828730e-02;5.543484e-02;9.710100e-02;1.777834e-01;3.035559e-02;1.825959e-02;7.244805e-02
2.866683e-02;2.104616e-02;2.607305e-01;1.058396e-01;3.322886e-02;7.287804e-02;7.305456e-02;1.525339e-01;1.204625e-01;2.132487e-02;1.878209e-02;9.145213e-02
1.489977e-02;5.293033e-02;2.824070e-01;5.219081e-02;4.797597e-02;4.379406e-02;1.341355e-01;1.598224e-01;6.313847e-02;2.034166e-02;4.087324e-02;8.749083e-02
3.293307e-02;1.116116e-01;2.124265e-01;2.180794e-02;7.232412e-02;2.172616e-02;2.270242e-01;1.030242e-01;2.894016e-02;2.152622e-02;7.855171e-02;6.810424e-02
6.297914e-02;1.459129e-01;9.404113e-02;2.386402e-02;6.967366e-02;4.161554e-02;2.926922e-01;8.215494e-02;1.687952e-02;3.660359e-02;9.527727e-02;3.830614e-02
8.980276e-02;1.346927e-01;5.496132e-02;3.986878e-02;5.417656e-02;5.954456e-02;2.813452e-01;1.000896e-01;3.058912e-02;6.237590e-02;6.962860e-02;2.292497e-02
8.393334e-02;9.092999e-02;1.026606e-01;6.504414e-02;6.222610e-02;8.014188e-02;1.821828e-01;7.456281e-02;7.112280e-02;7.188486e-02;5.998239e-02;5.532829e-02
7.251316e-02;8.074763e-02;1.630638e-01;7.034902e-02;5.015891e-02;7.721104e-02;1.441253e-01;7.039087e-02;8.929372e-02;4.138155e-02;7.478826e-02;6.597679e-02
1.016053e-01;9.998453e-02;1.603954e-01;4.737685e-02;7.515553e-02;7.910534e-02;1.298261e-01;6.659579e-02;4.508364e-02;8.677024e-02;5.910099e-02;4.900036e-02
1.393649e-01;8.697812e-02;9.841649e-02;5.823412e-02;8.665557e-02;6.037236e-02;7.773963e-02;9.298318e-02;8.532038e-02;1.069861e-01;6.918468e-02;3.776456e-02
9.439823e-02;5.339047e-02;9.177183e-02;7.529160e-02;8.277747e-02;6.978807e-02;1.426328e-01;6.953481e-02;8.666819e-02;1.145703e-01;7.849409e-02;4.068210e-02
5.540701e-02;5.270113e-02;1.124450e-01;6.270859e-02;7.040797e-02;8.227443e-02;1.867382e-01;1.316178e-01;4.955713e-02;9.340300e-02;5.456195e-02;4.817771e-02
6.791561e-02;6.453774e-02;1.007752e-01;5.244458e-02;7.351335e-02;8.917005e-02;1.759263e-01;1.121892e-01;8.318207e-02;7.281822e-02;5.714161e-02;5.038620e-02
5.927994e-02;8.569385e-02;9.796961e-02;6.875807e-02;8.558363e-02;9.515539e-02;1.704820e-01;6.739753e-02;1.321734e-01;5.892016e-02;3.726437e-02;4.132205e-02
6.428447e-02;8.878550e-02;1.023979e-01;7.362723e-02;7.904833e-02;7.361083e-02;1.142738e-01;7.122677e-02;1.161243e-01;6.325638e-02;6.362555e-02;8.973895e-02
8.369749e-02;5.967733e-02;1.094245e-01;1.028864e-01;8.118699e-02;9.259766e-02;9.850081e-02;6.770992e-02;7.800473e-02;7.180690e-02;6.732564e-02;8.718167e-02
1.445587e-01;9.961186e-02;1.398977e-01;5.399677e-02;5.034230e-02;6.889136e-02;9.152948e-02;8.612626e-02;1.121588e-01;3.875054e-02;3.670377e-02;7.743238e-02
1.363482e-01;1.110176e-01;1.676922e-01;6.630886e-02;5.155798e-02;4.954322e-02;9.816765e-02;7.960053e-02;1.282005e-01;3.129637e-02;3.253184e-02;4.773504e-02
1.327608e-01;1.016314e-01;1.661489e-01;1.173217e-01;6.395323e-02;4.039853e-02;8.862409e-02;5.309375e-02;1.588241e-01;2.505284e-02;2.085398e-02;3.133666e-02
1.341641e-01;7.620788e-02;1.420511e-01;1.879356e-01;6.713741e-02;3.068258e-02;7.139771e-02;1.303287e-02;2.134955e-01;2.843486e-02;1.268766e-02;2.277277e-02
1.225935e-01;4.180945e-02;1.185803e-01;2.395306e-01;5.221992e-02;2.282042e-02;6.351498e-02;3.657225e-02;2.518831e-01;2.432084e-02;1.384678e-02;1.230788e-02
9.852955e-02;1.946834e-02;1.008260e-01;2.505161e-01;8.506652e-02;1.192480e-02;5.568225e-02;3.310021e-02;2.501567e-01;6.955089e-02;1.564092e-02;9.537734e-03
5.663974e-02;4.879067e-02;6.408060e-02;2.026023e-01;1.532021e-01;2.012855e-02;4.122592e-02;6.095240e-02;1.762149e-01;1.329731e-01;2.748595e-02;1.570385e-02
4.933790e-02;7.591238e-02;4.082072e-02;1.560221e-01;1.737005e-01;4.225421e-02;3.931408e-02;6.774958e-02;9.369912e-02;1.740160e-01;6.626599e-02;2.090732e-02
1.051470e-01;7.643691e-02;7.739855e-02;1.358608e-01;1.028704e-01;3.826251e-02;5.977336e-02;4.288667e-02;6.063053e-02;1.458201e-01;1.234532e-01;3.145995e-02
1.486298e-01;6.334856e-02;1.122998e-01;1.019950e-01;4.180730e-02;4.437703e-02;8.300256e-02;3.344066e-02;9.252296e-02;8.290736e-02;1.369393e-01;5.872972e-02
1.183432e-01;5.251453e-02;1.364410e-01;7.288997e-02;5.561028e-02;4.246816e-02;7.841042e-02;3.898341e-02;1.356223e-01;9.734559e-02;1.017637e-01;6.960742e-02
7.651336e-02;3.917858e-02;9.663504e-02;9.245755e-02;9.937838e-02;3.507505e-02;9.794845e-02;6.459909e-02;1.468688e-01;1.406568e-01;6.092782e-02;4.976110e-02
7.031038e-02;4.241477e-02;7.192140e-02;1.084878e-01;1.235292e-01;4.934295e-02;9.933309e-02;7.914600e-02;1.338761e-01;1.393012e-01;5.460409e-02;2.773296e-02
8.331509e-02;6.161528e-02;6.379312e-02;8.304754e-02;6.987423e-02;6.368084e-02;7.369027e-02;6.991300e-02;1.693246e-01;1.957346e-01;3.664399e-02;2.936743e-02
1.004875e-01;7.272127e-02;8.150224e-02;6.879517e-02;3.924003e-02;6.819399e-02;6.749342e-02;7.313164e-02;1.409812e-01;1.616371e-01;7.587863e-02;4.993776e-02
1.061512e-01;8.983248e-02;1.043483e-01;7.200100e-02;4.867151e-02;7.535020e-02;8.110970e-02;7.476606e-02;1.139607e-01;8.536594e-02;8.184202e-02;6.660093e-02
1.149549e-01;7.472282e-02;7.874144e-02;6.757089e-02;5.199863e-02;6.899718e-02;8.677919e-02;8.416121e-02;1.615036e-01;9.766502e-02;5.599203e-02;5.691308e-02
1.060365e-01;6.123161e-02;7.471184e-02;6.802490e-02;3.082917e-02;7.495015e-02;1.122079e-01;7.130932e-02;1.713664e-01;1.710934e-01;1.896986e-02;3.926903e-02
1.450327e-01;5.846619e-02;7.153965e-02;8.466034e-02;2.712978e-02;6.473307e-02;1.523255e-01;5.183146e-02;1.354676e-01;1.302048e-01;4.369896e-02;3.491000e-02
1.362064e-01;6.265531e-02;6.844121e-02;8.574727e-02;6.434350e-02;5.018135e-02;1.557183e-01;5.793674e-02;1.532247e-01;7.531476e-02;6.447070e-02;2.575985e-02
1.046875e-01;4.619649e-02;7.335418e-02;9.635734e-02;7.730062e-02;5.151041e-02;1.434459e-01;7.177553e-02;1.448222e-01;1.029062e-01;6.392771e-02;2.371595e-02
8.114114e-02;4.762421e-02;6.941412e-02;1.167000e-01;7.661867e-02;7.662296e-02;1.079015e-01;8.797246e-02;1.013865e-01;1.276098e-01;7.055498e-02;3.645362e-02
6.389241e-02;5.359720e-02;7.776628e-02;7.352918e-02;1.295723e-01;1.346188e-01;9.985203e-02;9.320662e-02;6.560382e-02;6.949092e-02;7.623980e-02;6.263059e-02
5.898623e-02;4.471969e-02;7.146220e-02;4.845615e-02;1.440674e-01;1.364089e-01;1.120450e-01;9.982000e-02;7.816073e-02;7.564411e-02;6.212125e-02;6.810823e-02
8.729800e-02;7.000512e-02;1.803288e-01;7.167186e-02;7.852819e-02;9.156920e-02;1.221769e-01;3.349812e-02;9.704851e-02;6.245946e-02;5.175059e-02;5.366530e-02
1.181862e-01;9.702484e-02;2.206640e-01;7.558239e-02;5.546020e-02;7.111723e-02;1.117147e-01;3.567681e-02;5.364398e-02;5.487900e-02;6.726205e-02;3.878858e-02
1.135066e-01;9.702063e-02;1.961264e-01;7.099217e-02;5.414131e-02;8.933210e-02;1.046334e-01;2.986180e-02;3.481967e-02;6.796581e-02;1.010562e-01;4.054382e-02
7.175827e-02;9.879018e-02;1.847137e-01;5.832772e-02;3.998065e-02;9.740762e-02;1.050284e-01;4.011531e-02;4.862859e-02;6.990659e-02;1.140717e-01;7.127126e-02
1.185955e-01;9.562129e-02;2.634889e-01;5.966535e-02;4.142256e-02;5.674468e-02;6.486762e-02;3.987858e-02;6.873159e-02;6.079343e-02;5.646455e-02;7.372597e-02
6.009929e-02;4.952884e-02;3.656180e-01;8.440495e-02;4.775586e-02;4.432680e-02;5.245722e-02;2.531619e-02;5.143984e-02;8.543751e-02;6.751880e-02;6.609679e-02
6.274995e-02;5.163930e-02;4.230180e-01;7.416282e-02;3.710484e-02;3.554100e-02;6.487752e-02;1.497637e-02;3.622162e-02;9.827173e-02;5.174365e-02;4.969323e-02
1.150997e-01;1.176206e-01;3.525212e-01;3.943257e-02;2.252288e-02;3.118313e-02;6.517331e-02;2.857128e-02;8.000641e-02;7.698351e-02;2.865021e-02;4.223517e-02
1.875944e-01;1.573367e-01;2.331062e-01;2.475297e-02;1.069242e-02;2.632890e-02;5.040060e-02;4.543350e-02;1.257653e-01;4.707345e-02;3.212073e-02;5.939494e-02
2.382577e-01;1.308530e-01;1.551652e-01;2.382560e-02;1.317621e-02;1.500706e-02;6.385437e-02;5.094828e-02;1.195538e-01;6.341822e-02;4.641484e-02;7.952571e-02
1.754896e-01;9.329025e-02;1.436916e-01;3.230094e-02;2.745713e-02;2.875371e-02;9.707639e-02;2.760727e-02;8.310234e-02;1.069695e-01;9.013811e-02;9.412316e-02
1.200014e-01;8.609381e-02;1.121877e-01;4.170826e-02;3.786152e-02;3.728886e-02;1.341974e-01;6.960177e-02;4.463426e-02;1.172315e-01;9.373806e-02;1.054554e-01
1.250897e-01;1.077580e-01;1.091677e-01;4.589655e-02;3.501175e-02;3.795942e-02;1.161862e-01;7.604116e-02;8.868875e-02;9.057610e-02;5.610225e-02;1.115225e-01
5.660274e-02;1.102276e-01;2.089746e-01;6.062188e-02;2.870557e-02;2.712600e-02;8.365767e-02;5.150295e-02;9.083198e-02;9.484945e-02;5.672345e-02;1.301762e-01
1.492417e-01;1.360196e-01;1.428536e-01;8.230391e-02;3.228676e-02;3.127350e-02;4.616134e-02;4.611796e-02;1.059266e-01;7.266600e-02;3.940851e-02;1.157405e-01
2.102087e-01;1.749679e-01;7.712181e-02;1.294220e-01;4.397054e-02;3.269910e-02;3.904543e-02;3.555653e-02;8.487654e-02;3.085528e-02;4.397637e-02;9.729980e-02
1.649541e-01;1.627047e-01;1.203581e-01;1.195629e-01;4.815587e-02;2.942719e-02;6.407002e-02;1.481014e-02;8.456068e-02;2.373271e-02;5.526819e-02;1.123954e-01
1.399974e-01;1.149374e-01;1.711967e-01;5.963506e-02;6.573677e-02;4.245658e-02;8.512244e-02;2.329509e-02;4.259782e-02;7.612508e-02;8.578848e-02;9.311109e-02
1.273632e-01;7.641751e-02;1.233963e-01;5.031557e-02;7.266517e-02;5.671623e-02;6.717630e-02;3.314108e-02;5.056977e-02;1.465068e-01;1.229870e-01;7.274505e-02
7.942805e-02;7.790945e-02;6.601882e-02;4.515402e-02;8.034476e-02;5.529584e-02;4.431323e-02;3.690279e-02;1.278916e-01;2.032115e-01;1.238870e-01;5.964287e-02
2.832480e-02;6.431869e-02;4.057352e-02;5.800962e-02;8.081258e-02;3.752937e-02;5.194788e-02;4.275250e-02;2.878734e-01;2.031056e-01;6.582104e-02;3.893101e-02
3.787873e-02;2.801926e-02;6.254437e-02;1.146843e-01;6.238351e-02;1.680844e-02;6.775687e-02;8.231439e-02;3.884797e-01;9.656302e-02;2.024046e-02;2.232692e-02
2.407399e-02;1.401866e-02;9.841654e-02;1.869810e-01;5.940530e-02;1.263830e-02;6.530822e-02;8.818164e-02;3.601445e-01;6.377058e-02;1.487926e-02;1.218202e-02
2.555292e-02;1.181712e-02;1.882607e-01;2.449828e-01;5.024696e-02;1.283094e-02;7.617436e-02;2.978255e-02;2.254527e-01;9.235687e-02;3.259632e-02;9.945826e-03
3.151882e-02;2.067118e-02;2.566692e-01;2.569112e-01;5.860476e-02;7.950662e-03;6.964051e-02;6.148057e-02;9.050538e-02;1.098070e-01;2.903587e-02;7.204876e-03
4.497422e-02;1.416664e-02;2.230910e-01;2.232447e-01;6.746588e-02;8.753589e-03;6.842498e-02;4.718232e-02;1.400957e-01;1.250717e-01;2.681447e-02;1.071470e-02
5.822922e-02;1.519978e-02;1.470038e-01;1.710150e-01;8.577275e-02;1.718011e-02;7.371940e-02;3.830634e-02;1.765203e-01;1.503609e-01;5.462846e-02;1.206389e-02
8.004525e-02;1.038878e-02;8.845504e-02;1.824368e-01;7.598329e-02;1.339795e-02;7.335907e-02;2.721364e-02;2.150560e-01;1.542792e-01;6.688782e-02;1.249712e-02
7.997923e-02;1.876179e-02;9.389336e-02;2.075327e-01;5.395786e-02;1.716456e-02;7.139960e-02;3.984489e-02;1.965361e-01;1.448305e-01;5.936784e-02;1.673156e-02
5.344885e-02;1.873232e-02;1.857694e-01;1.864213e-01;4.025442e-02;1.735709e-02;1.434839e-01;4.928024e-02;1.255711e-01;1.133336e-01;3.951344e-02;2.683432e-02
3.505563e-02;1.859069e-02;2.260738e-01;1.375100e-01;4.948341e-02;2.107904e-02;2.692738e-01;5.683851e-02;5.265216e-02;7.956363e-02;3.181606e-02;2.206333e-02
3.850500e-02;3.294433e-02;1.599807e-01;9.733868e-02;6.157491e-02;3.096929e-02;3.565967e-01;5.772989e-02;4.934532e-02;7.305612e-02;2.323757e-02;1.872149e-02
3.717428e-02;5.192693e-02;9.663188e-02;8.051492e-02;7.992768e-02;3.423221e-02;3.854779e-01;5.021144e-02;6.143638e-02;8.772330e-02;2.002623e-02;1.471689e-02
4.911883e-02;4.311433e-02;1.327866e-01;1.033043e-01;7.074308e-02;2.680234e-02;2.472636e-01;4.014065e-02;1.161875e-01;8.526858e-02;5.605530e-02;2.921486e-02
6.007530e-02;2.889325e-02;1.390714e-01;9.864482e-02;6.322562e-02;2.827839e-02;1.598907e-01;5.578191e-02;1.607331e-01;1.131300e-01;6.176111e-02;3.051441e-02
2.611603e-02;3.317408e-02;1.135613e-01;7.799971e-02;7.927206e-02;5.333257e-02;1.347275e-01;1.007870e-01;1.402448e-01;1.412461e-01;6.934667e-02;3.019210e-02
7.855598e-02;5.258390e-02;9.559915e-02;1.046271e-01;7.781229e-02;8.238231e-02;1.052786e-01;1.260491e-01;9.410656e-02;1.014870e-01;4.210028e-02;3.941760e-02
8.961895e-02;6.915312e-02;1.179265e-01;8.606093e-02;8.541244e-02;6.953177e-02;9.522259e-02;9.658562e-02;1.097707e-01;8.094137e-02;5.888687e-02;4.088917e-02
1.101443e-01;6.507438e-02;9.218325e-02;6.455304e-02;8.672846e-02;4.941931e-02;1.706238e-01;9.020652e-02;8.531988e-02;8.592751e-02;7.112430e-02;2.869524e-02
6.333218e-02;4.205317e-02;8.763850e-02;5.832713e-02;1.021905e-01;7.742035e-02;1.206642e-01;7.421942e-02;1.392390e-01;9.656415e-02;7.490929e-02;6.344195e-02
1.412930e-01;6.143291e-02;1.215599e-01;6.154030e-02;6.608275e-02;5.100431e-02;1.405374e-01;9.731533e-02;5.311665e-02;8.335038e-02;6.526539e-02;5.750168e-02
1.473380e-01;9.131213e-02;1.904406e-01;7.341168e-02;6.702422e-02;4.070355e-02;9.549791e-02;7.132763e-02;3.975726e-02;6.010014e-02;5.973224e-02;6.335467e-02
1.275246e-01;9.036369e-02;2.292601e-01;8.478341e-02;8.286044e-02;3.710788e-02;6.813920e-02;4.935772e-02;6.020741e-02;3.809512e-02;5.563499e-02;7.666545e-02
1.220563e-01;6.050354e-02;2.525047e-01;8.648558e-02;1.105780e-01;5.759933e-02;5.338098e-02;2.384030e-02;7.704951e-02;2.655361e-02;4.154548e-02;8.790259e-02
1.373311e-01;5.901219e-02;2.147692e-01;7.921825e-02;1.369758e-01;9.160350e-02;3.402302e-02;1.961009e-02;7.908471e-02;4.041039e-02;2.503881e-02;8.292300e-02
8.538179e-02;8.076362e-02;2.004587e-01;1.119547e-01;1.095873e-01;9.547275e-02;9.462415e-02;2.816601e-02;6.676206e-02;4.815388e-02;3.881031e-02;3.986474e-02
1.016159e-01;1.195482e-01;2.552869e-01;7.653087e-02;6.067870e-02;7.354762e-02;1.249892e-01;5.015217e-02;5.466700e-02;3.168092e-02;3.795666e-02;1.334586e-02
1.401407e-01;1.510121e-01;2.284215e-01;3.544865e-02;6.210784e-02;8.298693e-02;1.195206e-01;5.936041e-02;3.694657e-02;2.301423e-02;3.923005e-02;2.181041e-02
1.662497e-01;1.329618e-01;1.343243e-01;4.775391e-02;5.976159e-02;9.886135e-02;1.206657e-01;3.808342e-02;7.400324e-02;3.814775e-02;4.363876e-02;4.554847e-02
1.078271e-01;8.622673e-02;1.108322e-01;4.203827e-02;4.737741e-02;7.728315e-02;1.477266e-01;4.887956e-02;1.029821e-01;3.877157e-02;9.992777e-02;9.012756e-02
5.623101e-02;5.790539e-02;1.418055e-01;4.953299e-02;3.650140e-02;5.409079e-02;1.153679e-01;7.635246e-02;1.067022e-01;6.496827e-02;1.490542e-01;9.148774e-02
5.736205e-02;3.034202e-02;1.610866e-01;4.592514e-02;3.834218e-02;5.726215e-02;1.045314e-01;9.239078e-02;1.676625e-01;4.816223e-02;1.474799e-01;4.945303e-02
3.615597e-02;1.839706e-02;1.560584e-01;3.238670e-02;5.271742e-02;6.424114e-02;9.692655e-02;7.892889e-02;2.540316e-01;1.055535e-01;9.108700e-02;1.351578e-02
1.272601e-02;2.444102e-02;1.469974e-01;4.745891e-02;6.200517e-02;5.658656e-02;1.305150e-01;9.744014e-02;2.740394e-01;7.723527e-02;5.615241e-02;1.440267e-02
2.507174e-02;3.140610e-02;1.172584e-01;6.213956e-02;7.948694e-02;4.719958e-02;1.784645e-01;8.431427e-02;2.641588e-01;4.089910e-02;5.699849e-02;1.260252e-02
3.394286e-02;3.498494e-02;9.076311e-02;6.592911e-02;1.065128e-01;8.976235e-02;2.680818e-01;3.736769e-02;1.278178e-01;3.810614e-02;8.015027e-02;2.658106e-02
2.679764e-02;3.676073e-02;1.475873e-01;6.464768e-02;8.990349e-02;8.225665e-02;1.596599e-01;9.732850e-02;1.328044e-01;6.185406e-02;6.313649e-02;3.726317e-02
2.850829e-02;3.608791e-02;1.679932e-01;4.874116e-02;6.521704e-02;6.130019e-02;1.463068e-01;1.248378e-01;1.669316e-01;5.368931e-02;6.008039e-02;4.030621e-02
3.451436e-02;4.639998e-02;1.541150e-01;4.323880e-02;7.042856e-02;4.381914e-02;1.183354e-01;1.155390e-01;1.771201e-01;6.445671e-02;9.492724e-02;3.710569e-02
4.343922e-02;6.358706e-02;1.457126e-01;5.446621e-02;6.319502e-02;4.771166e-02;1.067637e-01;6.869256e-02;2.074845e-01;5.295487e-02;1.174637e-01;2.852886e-02
6.147790e-02;9.083301e-02;1.008749e-01;6.181595e-02;7.915863e-02;5.390626e-02;1.513277e-01;4.272253e-02;1.518738e-01;6.437643e-02;1.176191e-01;2.401385e-02
5.779747e-02;8.090471e-02;1.273900e-01;6.504198e-02;1.008002e-01;4.638254e-02;1.123972e-01;8.430417e-02;9.105169e-02;1.114699e-01;9.582257e-02;2.663751e-02
5.365514e-02;4.004217e-02;1.737907e-01;6.486923e-02;1.035513e-01;6.558424e-02;8.290383e-02;1.303240e-01;8.872968e-02;8.485413e-02;6.733643e-02;4.435917e-02
8.870494e-02;6.272896e-02;1.508001e-01;6.889191e-02;7.826061e-02;8.001674e-02;6.976190e-02;1.200703e-01;8.809460e-02;6.173698e-02;6.676403e-02;6.416890e-02
