6.608467e-02;9.012384e-02;1.528269e-01;6.960395e-02;6.212474e-02;7.925076e-02;1.386869e-01;9.215593e-02;5.939665e-02;7.095486e-02;5.903063e-02;5.976021e-02
7.003934e-02;6.826660e-02;1.680021e-01;8.386764e-02;5.340093e-02;6.142549e-02;1.947167e-01;6.673799e-02;6.914726e-02;4.665979e-02;5.192337e-02;6.581274e-02
7.073142e-02;6.578614e-02;1.559092e-01;8.428710e-02;7.330040e-02;6.713640e-02;1.897231e-01;5.773608e-02;5.695752e-02;5.692470e-02;6.842022e-02;5.308782e-02
4.473712e-02;8.069153e-02;1.699630e-01;8.094341e-02;6.467278e-02;6.366928e-02;2.225309e-01;4.849443e-02;6.072605e-02;5.249099e-02;7.921661e-02;3.186383e-02
4.730593e-02;7.350220e-02;1.636705e-01;6.312816e-02;6.778980e-02;7.150029e-02;2.352017e-01;5.385302e-02;6.680929e-02;5.423107e-02;6.616561e-02;3.684250e-02
6.354438e-02;8.982100e-02;2.019494e-01;7.062257e-02;9.111827e-02;6.926149e-02;1.727625e-01;4.913970e-02;5.747128e-02;6.352194e-02;4.539327e-02;2.539417e-02
8.780144e-02;6.204177e-02;2.444291e-01;6.116368e-02;9.388617e-02;5.654863e-02;1.586909e-01;2.746583e-02;1.937111e-02;3.956504e-02;7.318734e-02;7.584909e-02
1.197466e-01;7.361198e-02;2.083030e-01;4.910430e-02;8.189532e-02;5.149912e-02;1.504206e-01;2.843156e-02;2.323644e-02;4.250032e-02;6.516768e-02;1.060832e-01
1.240489e-01;9.399965e-02;1.937220e-01;4.459866e-02;8.346967e-02;4.300246e-02;1.091654e-01;3.050495e-02;2.049892e-02;5.773986e-02;5.715429e-02;1.420952e-01
1.402260e-01;1.255613e-01;1.914088e-01;3.360553e-02;6.907556e-02;2.827663e-02;8.989234e-02;3.176725e-02;3.276995e-02;5.719034e-02;4.954069e-02;1.506857e-01
2.779066e-01;1.283693e-01;1.405912e-01;1.934975e-02;3.598326e-02;1.553984e-02;9.941478e-02;6.232194e-02;3.955131e-02;2.630229e-02;5.553211e-02;9.913766e-02
4.134003e-01;1.238676e-01;7.157833e-02;7.017760e-03;1.755005e-02;1.032830e-02;8.566482e-02;9.738391e-02;2.297251e-02;1.385853e-02;5.165960e-02;8.471823e-02
3.259439e-01;1.158887e-01;9.631211e-02;7.194018e-03;1.158215e-02;1.984982e-02;7.319186e-02;9.462368e-02;3.007299e-02;3.578960e-02;4.170850e-02;1.478426e-01
1.796393e-01;1.199832e-01;1.285302e-01;2.109588e-02;2.832297e-02;3.117339e-02;6.933087e-02;9.151965e-02;3.382900e-02;7.551935e-02;1.078520e-01;1.132042e-01
2.274607e-01;9.363668e-02;1.196209e-01;3.586175e-02;3.195204e-02;1.866730e-02;9.092119e-02;8.050428e-02;3.523423e-02;8.248558e-02;9.423800e-02;8.941741e-02
1.404226e-01;9.069931e-02;1.143057e-01;5.699775e-02;3.743194e-02;2.755965e-02;1.221931e-01;9.608144e-02;6.985538e-02;9.056531e-02;6.725565e-02;8.663229e-02
1.481671e-01;7.446619e-02;9.830052e-02;4.709533e-02;3.299462e-02;3.298409e-02;1.682621e-01;1.015916e-01;5.791539e-02;6.675589e-02;5.511745e-02;1.163498e-01
1.805656e-01;6.544040e-02;1.234963e-01;2.758125e-02;2.545088e-02;2.223881e-02;2.445398e-01;8.624393e-02;3.207096e-02;5.023366e-02;4.613677e-02;9.600168e-02
1.663923e-01;4.429570e-02;1.376193e-01;1.601677e-02;3.612367e-02;3.022646e-02;3.189426e-01;5.754776e-02;3.457754e-02;4.248763e-02;3.077975e-02;8.499063e-02
1.783518e-01;8.018110e-02;9.996599e-02;1.493482e-02;4.843770e-02;5.092737e-02;3.459365e-01;2.316388e-02;3.123602e-02;3.247525e-02;3.114635e-02;6.324319e-02
1.495818e-01;8.301181e-02;1.199970e-01;4.260790e-02;7.956900e-02;6.242153e-02;2.603763e-01;2.524268e-02;4.084649e-02;3.907081e-02;3.514389e-02;6.213075e-02
1.239310e-01;1.154267e-01;1.748131e-01;8.384155e-02;7.223869e-02;4.731716e-02;1.324494e-01;4.407996e-02;4.766511e-02;6.314116e-02;3.672831e-02;5.836792e-02
9.421656e-02;1.678327e-01;1.710785e-01;1.115972e-01;4.894822e-02;4.249448e-02;1.031891e-01;5.831407e-02;6.010698e-02;6.712377e-02;4.178919e-02;3.330912e-02
6.263395e-02;1.665559e-01;1.114494e-01;1.336207e-01;5.267525e-02;4.830430e-02;1.131460e-01;6.714902e-02;6.854232e-02;6.431415e-02;6.737176e-02;4.423731e-02
5.262366e-02;1.257246e-01;1.087592e-01;1.261774e-01;5.797460e-02;7.840325e-02;1.195935e-01;7.219785e-02;6.041795e-02;7.979351e-02;7.254592e-02;4.578854e-02
7.045320e-02;8.303305e-02;1.432029e-01;6.221713e-02;4.454082e-02;1.108572e-01;1.359412e-01;9.097995e-02;5.762916e-02;7.615323e-02;8.139925e-02;4.359287e-02
7.235069e-02;3.574799e-02;1.195414e-01;2.870759e-02;3.255200e-02;9.571363e-02;2.407407e-01;1.224594e-01;7.020033e-02;4.107116e-02;8.431423e-02;5.660079e-02
4.151320e-02;2.801410e-02;6.127734e-02;2.458541e-02;2.256675e-02;4.832338e-02;3.420396e-01;1.490449e-01;6.454012e-02;3.568289e-02;5.191070e-02;1.305016e-01
3.487641e-02;4.928911e-02;2.005789e-02;4.088210e-02;1.049499e-02;2.008081e-02;3.473844e-01;9.356298e-02;3.542019e-02;8.321065e-02;1.839320e-02;2.463472e-01
6.290320e-02;4.292065e-02;1.236147e-02;6.560680e-02;1.177130e-02;9.469533e-03;2.705380e-01;4.726979e-02;1.538701e-02;1.715634e-01;1.726227e-02;2.729465e-01
1.294139e-01;2.892129e-02;1.697646e-02;5.998653e-02;2.645214e-02;8.407681e-03;1.720662e-01;1.337806e-01;8.979131e-03;2.058683e-01;1.837016e-02;1.907776e-01
2.352308e-01;2.261796e-02;2.970148e-02;3.479056e-02;6.220179e-02;6.113916e-03;9.119806e-02;2.430221e-01;1.590075e-02;1.283151e-01;4.535903e-02;8.554845e-02
2.846144e-01;2.865046e-02;3.394759e-02;1.865510e-02;9.470282e-02;6.376446e-03;5.651519e-02;2.801191e-01;2.973781e-02;4.288118e-02;8.774083e-02;3.605907e-02
2.565155e-01;4.096521e-02;3.142337e-02;1.383408e-02;1.053133e-01;1.080100e-02;5.068899e-02;2.694597e-01;5.733313e-02;1.331055e-02;1.232621e-01;2.709310e-02
1.659924e-01;9.840218e-02;3.728082e-02;9.885251e-03;7.661480e-02;2.588884e-02;6.437542e-02;2.178882e-01;1.541753e-01;1.176642e-02;1.211849e-01;1.654547e-02
1.079451e-01;1.813426e-01;5.719296e-02;1.167499e-02;2.694148e-02;4.278942e-02;4.333880e-02;1.105862e-01;2.997561e-01;1.418574e-02;6.659726e-02;3.764932e-02
6.583967e-02;2.185498e-01;9.894017e-02;1.595370e-02;1.709790e-02;4.435511e-02;2.115942e-02;4.982450e-02;3.441920e-01;4.273048e-02;2.267703e-02;5.868016e-02
4.180230e-02;1.773175e-01;1.814451e-01;1.585522e-02;2.879043e-02;3.648014e-02;2.393917e-02;6.504577e-02;2.557234e-01;8.954379e-02;1.505802e-02;6.899914e-02
4.221492e-02;1.072819e-01;3.049353e-01;2.197594e-02;3.945309e-02;2.016755e-02;4.393497e-02;6.326611e-02;1.611790e-01;1.292074e-01;1.584767e-02;5.053615e-02
6.368443e-02;5.441051e-02;3.383881e-01;2.522441e-02;4.569559e-02;2.902221e-02;6.092367e-02;4.319384e-02;1.112337e-01;1.277660e-01;2.105077e-02;7.940690e-02
7.668502e-02;6.718300e-02;2.868243e-01;2.723963e-02;3.908112e-02;4.680702e-02;7.590000e-02;4.607708e-02;1.276592e-01;7.870212e-02;2.637137e-02;1.014700e-01
8.898347e-02;6.182715e-02;2.495275e-01;3.956752e-02;4.980494e-02;3.839158e-02;7.451621e-02;4.803841e-02;2.088777e-01;3.044605e-02;2.730223e-02;8.271728e-02
7.251140e-02;9.098314e-02;2.144901e-01;3.795570e-02;4.440102e-02;3.181680e-02;4.394539e-02;6.396183e-02;2.618318e-01;4.789600e-02;4.038485e-02;4.982184e-02
7.010708e-02;1.156987e-01;1.866901e-01;2.356448e-02;1.830209e-02;3.236942e-02;4.275130e-02;8.542015e-02;2.584486e-01;5.127870e-02;3.387817e-02;8.149122e-02
1.066381e-01;1.270488e-01;1.774431e-01;1.829423e-02;3.545832e-02;2.656449e-02;6.217286e-02;9.175103e-02;2.170842e-01;5.215821e-02;2.005569e-02;6.533112e-02
1.161981e-01;9.260344e-02;1.673047e-01;4.064582e-02;6.076161e-02;2.984729e-02;5.344478e-02;7.847198e-02;2.317394e-01;6.185138e-02;2.884154e-02;3.828993e-02
1.294863e-01;6.722337e-02;1.408412e-01;9.048145e-02;9.603254e-02;4.348547e-02;7.003715e-02;4.846006e-02;1.382267e-01;7.415555e-02;5.053639e-02;5.103382e-02
1.160020e-01;4.544821e-02;1.613841e-01;1.175636e-01;8.659487e-02;5.744598e-02;1.003659e-01;5.917716e-02;6.056264e-02;8.312276e-02;5.138144e-02;6.095139e-02
5.952040e-02;7.196789e-02;3.003674e-01;1.062418e-01;7.844660e-02;6.017917e-02;1.120741e-01;4.490836e-02;4.691019e-02;4.881905e-02;3.331227e-02;3.725274e-02
4.757612e-02;8.146270e-02;4.043864e-01;6.628539e-02;8.586584e-02;4.446395e-02;8.419689e-02;2.650538e-02;5.344696e-02;5.410527e-02;1.954366e-02;3.216143e-02
7.926623e-02;1.250972e-01;4.182601e-01;6.971676e-02;6.616244e-02;2.860526e-02;3.856634e-02;1.306480e-02;6.924406e-02;4.851107e-02;8.538599e-03;3.496719e-02
1.414948e-01;1.727513e-01;3.723082e-01;6.968076e-02;3.189912e-02;2.149119e-02;1.560295e-02;1.331702e-02;8.073498e-02;3.600137e-02;8.714446e-03;3.600378e-02
2.483214e-01;1.671188e-01;3.018158e-01;4.734947e-02;3.457214e-02;1.845553e-02;1.750487e-02;2.343222e-02;5.396367e-02;3.017873e-02;1.737540e-02;3.991196e-02
2.788877e-01;1.515430e-01;2.545969e-01;5.927963e-02;4.173787e-02;1.323212e-02;2.077885e-02;2.724811e-02;2.000969e-02;4.317230e-02;4.009809e-02;4.941567e-02
1.600119e-01;1.280085e-01;2.023710e-01;1.277314e-01;5.847306e-02;2.124393e-02;3.101980e-02;3.496830e-02;3.511496e-02;8.060594e-02;6.192401e-02;5.852734e-02
5.210521e-02;1.319989e-01;2.304466e-01;1.496936e-01;8.153839e-02;2.303750e-02;3.917132e-02;4.839329e-02;4.647062e-02;9.687787e-02;5.876737e-02;4.149933e-02
6.570252e-02;1.536358e-01;2.013963e-01;1.563951e-01;6.404659e-02;3.323901e-02;5.924432e-02;5.806117e-02;5.247690e-02;8.306269e-02;3.907765e-02;3.366197e-02
7.081360e-02;1.411708e-01;1.376054e-01;1.769435e-01;4.958677e-02;6.866258e-02;8.915137e-02;7.699158e-02;6.292743e-02;5.003442e-02;3.328081e-02;4.283176e-02
1.460442e-01;9.246293e-02;9.064563e-02;1.437211e-01;5.930220e-02;8.046734e-02;8.492609e-02;8.031875e-02;7.835053e-02;4.792700e-02;4.740242e-02;4.843178e-02
1.719521e-01;9.108849e-02;1.684276e-01;9.101519e-02;4.787861e-02;6.409333e-02;6.068304e-02;6.921462e-02;7.712583e-02;5.432457e-02;4.148560e-02;6.271107e-02
1.371346e-01;1.073606e-01;2.333780e-01;7.501177e-02;4.889363e-02;5.304302e-02;4.948589e-02;6.510932e-02;6.424283e-02;5.511963e-02;5.446891e-02;5.675179e-02
9.698839e-02;1.083702e-01;2.790349e-01;5.723649e-02;6.405421e-02;4.173689e-02;6.200627e-02;4.861137e-02;5.661428e-02;6.769209e-02;8.306145e-02;3.459341e-02
1.332647e-01;1.190962e-01;2.583863e-01;4.403036e-02;8.207457e-02;4.313975e-02;7.430492e-02;3.508318e-02;3.391467e-02;7.224906e-02;5.880198e-02;4.565438e-02
2.143151e-01;1.655156e-01;1.072615e-01;6.464698e-02;7.072520e-02;5.414180e-02;8.108684e-02;4.757234e-02;3.862837e-02;6.285051e-02;3.570396e-02;5.755175e-02
9.095320e-02;9.915642e-02;1.257251e-01;8.759952e-02;1.119473e-01;8.810561e-02;1.038001e-01;6.861373e-02;8.023866e-02;8.699136e-02;3.304549e-02;2.382349e-02
7.980587e-02;8.908748e-02;1.047463e-01;9.071279e-02;1.139607e-01;8.672518e-02;1.599997e-01;8.426853e-02;5.640535e-02;8.186339e-02;3.365011e-02;1.877461e-02
8.491084e-02;6.756002e-02;7.466918e-02;7.312868e-02;8.703798e-02;8.561328e-02;2.236018e-01;1.081262e-01;5.906792e-02;6.752709e-02;4.215551e-02;2.660149e-02
7.843201e-02;4.937446e-02;3.363179e-02;4.386834e-02;4.734619e-02;9.582008e-02;3.150656e-01;1.409819e-01;4.573994e-02;7.292867e-02;3.975574e-02;3.705527e-02
1.402528e-01;3.058620e-02;1.925361e-02;2.333283e-02;2.109805e-02;1.280263e-01;3.102046e-01;1.489349e-01;2.374572e-02;8.830655e-02;2.664783e-02;3.961073e-02
2.011105e-01;2.867873e-02;1.831687e-02;1.998835e-02;2.428890e-02;1.704826e-01;1.776173e-01;1.165895e-01;4.656679e-02;1.197458e-01;4.114133e-02;3.547334e-02
1.837948e-01;5.746325e-02;1.210423e-02;3.272534e-02;2.658066e-02;1.940230e-01;1.395144e-01;7.628289e-02;3.070846e-02;1.742117e-01;4.152393e-02;3.106739e-02
1.114068e-01;5.908317e-02;9.961339e-03;4.167308e-02;2.555722e-02;2.135971e-01;2.281101e-01;5.968388e-02;9.576807e-03;1.984556e-01;2.353518e-02;1.935978e-02
1.484151e-01;3.739918e-02;1.954460e-02;3.368022e-02;6.048052e-02;2.383600e-01;2.042484e-01;4.712033e-02;2.451393e-02;1.546250e-01;1.282812e-02;1.878458e-02
1.692276e-01;2.532762e-02;4.274585e-02;2.984536e-02;1.386819e-01;2.008320e-01;1.378692e-01;4.442566e-02;6.520710e-02;8.175230e-02;2.873589e-02;3.534954e-02
1.306942e-01;2.184111e-02;6.030529e-02;3.881435e-02;2.334502e-01;1.258014e-01;1.339834e-01;4.446651e-02;9.801149e-02;3.618564e-02;2.804053e-02;4.840591e-02
8.271047e-02;1.888116e-02;6.554440e-02;2.684171e-02;2.849796e-01;1.330700e-01;1.586619e-01;5.206508e-02;9.355811e-02;4.040556e-02;1.474391e-02;2.853810e-02
4.799560e-02;2.341404e-02;5.488219e-02;2.043712e-02;1.940883e-01;2.435077e-01;1.820557e-01;4.308783e-02;9.200996e-02;2.520300e-02;3.417987e-02;3.913864e-02
6.802750e-02;1.429959e-02;3.431591e-02;2.328321e-02;1.019066e-01;3.866786e-01;1.946201e-01;3.963279e-02;6.756622e-02;1.727977e-02;2.999583e-02;2.239384e-02
6.338673e-02;2.465257e-02;1.440659e-02;4.293835e-02;6.670070e-02;3.846224e-01;2.731810e-01;3.836084e-02;3.044898e-02;2.091954e-02;2.136817e-02;1.901409e-02
3.079708e-02;3.752451e-02;2.388274e-02;4.361406e-02;6.430344e-02;2.221176e-01;4.443508e-01;3.321436e-02;1.885825e-02;3.228498e-02;2.865987e-02;2.039224e-02
1.346117e-02;3.864177e-02;2.560022e-02;1.376438e-02;6.142851e-02;9.698958e-02;5.840901e-01;7.220005e-02;1.680404e-02;3.112084e-02;3.507371e-02;1.082564e-02
8.905845e-03;4.167920e-02;5.224128e-02;1.984148e-02;3.515625e-02;5.301535e-02;5.361719e-01;1.641789e-01;2.054276e-02;2.580324e-02;3.225711e-02;1.020666e-02
6.742904e-03;3.276108e-02;1.051969e-01;2.696856e-02;1.076552e-02;2.459870e-02;4.042636e-01;2.917170e-01;1.857092e-02;3.840644e-02;2.119897e-02;1.880946e-02
6.963941e-03;1.215066e-02;1.465018e-01;1.480672e-02;1.735695e-02;1.416942e-02;2.382327e-01;4.112420e-01;4.021201e-02;5.896510e-02;7.296905e-03;3.210175e-02
4.244117e-03;1.180757e-02;1.081351e-01;1.981780e-02;2.254926e-02;1.291195e-02;1.838361e-01;4.811336e-01;4.724959e-02;6.710836e-02;9.048966e-03;3.215766e-02
4.228438e-03;5.682115e-03;3.292621e-02;1.451881e-02;2.246340e-02;1.972900e-02;3.162513e-01;4.607902e-01;3.937446e-02;5.234048e-02;1.241776e-02;1.927782e-02
4.441800e-03;1.210645e-02;1.599796e-02;6.160713e-03;2.084612e-02;2.735166e-02;5.285643e-01;3.113389e-01;1.756944e-02;2.586262e-02;1.854547e-02;1.121456e-02
1.003001e-02;2.506765e-02;1.222495e-02;4.365105e-03;1.918392e-02;5.970995e-02;6.735521e-01;1.389358e-01;1.625966e-02;1.142795e-02;2.230410e-02;6.938831e-03
1.002051e-02;2.499518e-02;1.582582e-02;6.147262e-03;2.242138e-02;1.335594e-01;6.804547e-01;4.056140e-02;1.963631e-02;2.354628e-02;1.690385e-02;5.927808e-03
1.751269e-02;1.601668e-02;2.053431e-02;1.154762e-02;4.748221e-02;2.351971e-01;5.047485e-01;5.950232e-02;1.625367e-02;5.754640e-02;6.847869e-03;6.810523e-03
3.688587e-02;1.408843e-02;3.351960e-02;2.150536e-02;1.191305e-01;2.950898e-01;3.154480e-01;5.526577e-02;9.968103e-03;7.394586e-02;7.727465e-03;1.742528e-02
3.823926e-02;7.652001e-03;6.249910e-02;3.234160e-02;2.801642e-01;2.134132e-01;2.199491e-01;3.647968e-02;1.297210e-02;4.127084e-02;1.026857e-02;4.475030e-02
1.816884e-02;4.449578e-03;9.385951e-02;6.138602e-02;4.333072e-01;1.168455e-01;1.112068e-01;2.339711e-02;1.748068e-02;1.429889e-02;1.853270e-02;8.706713e-02
5.399914e-03;6.103099e-03;1.319459e-01;1.138673e-01;3.457959e-01;6.621508e-02;1.439269e-01;2.829446e-02;1.045212e-02;1.493829e-02;4.454518e-02;8.851592e-02
1.175108e-02;8.400798e-03;2.055061e-01;2.101476e-01;2.120340e-01;5.619863e-02;8.174092e-02;3.244815e-02;5.009464e-03;1.598054e-02;9.769816e-02;6.308455e-02
9.215984e-03;9.486347e-03;2.609231e-01;3.022892e-01;1.145242e-01;4.152729e-02;4.070523e-02;3.556601e-02;4.736308e-03;8.972691e-03;1.409764e-01;3.107711e-02
6.188089e-03;1.307356e-02;2.610319e-01;3.363965e-01;8.851140e-02;5.237741e-02;3.979047e-02;2.817933e-02;1.154568e-02;1.450211e-02;1.267086e-01;2.169501e-02
1.999583e-02;2.450473e-02;2.294800e-01;2.837496e-01;9.064639e-02;7.314228e-02;6.500217e-02;6.856522e-02;2.826073e-02;2.614707e-02;7.269761e-02;1.780836e-02
3.109675e-02;2.808875e-02;2.353570e-01;1.963640e-01;8.425125e-02;6.646126e-02;7.414128e-02;1.153439e-01;5.949152e-02;3.848160e-02;5.955727e-02;1.136545e-02
2.855589e-02;1.668044e-02;2.757087e-01;1.780601e-01;6.350306e-02;3.736958e-02;4.959444e-02;1.250228e-01;8.237655e-02;4.699061e-02;8.685914e-02;9.278676e-03
2.038665e-02;1.244368e-02;3.209986e-01;2.321661e-01;4.562344e-02;1.637189e-02;3.074235e-02;6.433929e-02;6.363945e-02;6.153931e-02;1.244234e-01;7.325802e-03
1.281084e-02;1.111587e-02;2.775755e-01;2.888787e-01;4.543856e-02;1.156535e-02;1.869928e-02;5.171478e-02;2.753820e-02;4.643621e-02;2.000829e-01;8.143822e-03
9.188066e-03;2.810821e-02;1.666817e-01;3.003151e-01;7.196364e-02;1.495781e-02;1.738818e-02;8.006143e-02;1.684345e-02;3.433188e-02;2.435934e-01;1.656719e-02
3.767364e-03;4.104468e-02;1.133467e-01;2.784730e-01;1.255377e-01;1.538449e-02;1.280265e-02;8.482850e-02;1.769328e-02;3.843730e-02;2.141854e-01;5.449902e-02
5.985231e-03;3.287712e-02;7.862894e-02;2.103875e-01;2.301907e-01;2.803036e-02;1.539737e-02;5.104611e-02;5.155441e-02;4.096526e-02;1.225055e-01;1.324315e-01
1.213913e-02;1.408593e-02;5.278565e-02;1.290510e-01;3.363307e-01;5.350437e-02;2.600880e-02;1.790361e-02;1.021229e-01;2.491419e-02;4.740479e-02;1.837489e-01
3.686545e-02;6.173130e-03;4.097412e-02;8.630747e-02;3.495159e-01;1.169907e-01;4.453599e-02;1.374191e-02;1.023662e-01;2.652494e-02;4.340779e-02;1.325964e-01
7.606940e-02;1.432322e-02;3.059954e-02;5.716375e-02;2.403569e-01;2.017172e-01;1.230896e-01;1.600549e-02;5.357801e-02;9.136300e-02;4.559191e-02;5.014204e-02
8.016065e-02;2.710454e-02;1.397712e-02;3.764893e-02;1.405286e-01;2.050636e-01;2.203278e-01;2.854039e-02;3.113602e-02;1.541228e-01;2.610627e-02;3.528338e-02
5.232649e-02;2.771059e-02;3.213206e-02;4.175606e-02;1.780339e-01;1.736052e-01;1.802622e-01;4.815590e-02;5.063185e-02;1.567129e-01;1.850425e-02;4.016858e-02
3.191381e-02;2.441843e-02;7.803909e-02;5.369283e-02;2.020760e-01;1.599491e-01;2.377683e-01;3.154466e-02;6.347471e-02;7.028686e-02;1.442436e-02;3.241182e-02
1.706426e-02;1.407923e-02;1.111054e-01;5.757899e-02;2.323312e-01;1.628046e-01;2.445159e-01;2.276207e-02;5.441438e-02;4.312309e-02;1.265810e-02;2.756270e-02
8.921032e-03;8.523241e-03;1.297201e-01;5.029543e-02;2.659067e-01;1.650024e-01;2.006646e-01;2.114110e-02;3.748547e-02;3.635690e-02;1.819019e-02;5.779283e-02
9.485465e-03;1.379236e-02;2.103575e-01;6.138198e-02;2.844895e-01;1.485797e-01;1.384038e-01;1.775228e-02;2.220960e-02;1.773791e-02;2.160530e-02;5.420458e-02
7.536771e-03;1.845524e-02;3.024297e-01;7.159484e-02;2.402486e-01;1.087546e-01;1.267483e-01;1.932336e-02;1.456748e-02;2.537178e-02;2.358939e-02;4.137997e-02
1.343825e-02;2.079748e-02;3.934970e-01;7.921027e-02;1.919971e-01;9.585978e-02;7.862426e-02;2.144310e-02;1.127250e-02;3.088946e-02;3.879384e-02;2.417698e-02
2.420570e-02;2.565829e-02;4.499058e-01;7.105241e-02;1.509443e-01;7.631778e-02;4.756346e-02;2.737966e-02;2.707613e-02;3.164285e-02;4.839527e-02;1.985832e-02
2.836472e-02;2.185519e-02;4.990855e-01;8.034533e-02;1.125826e-01;5.876341e-02;5.213999e-02;2.956964e-02;2.702234e-02;3.497354e-02;4.036139e-02;1.493642e-02
2.491876e-02;2.431347e-02;6.148829e-01;7.349188e-02;6.531371e-02;3.288481e-02;3.641313e-02;2.077319e-02;1.777980e-02;4.260749e-02;4.115964e-02;5.461272e-03
2.935156e-02;6.317285e-02;6.566132e-01;4.814985e-02;2.697039e-02;2.120765e-02;3.834922e-02;1.452721e-02;2.438052e-02;3.987277e-02;2.780077e-02;9.604017e-03
9.894346e-02;1.040507e-01;5.601177e-01;2.837228e-02;2.781731e-02;3.387218e-02;3.163015e-02;2.350024e-02;3.065052e-02;2.737447e-02;1.963354e-02;1.403745e-02
2.129645e-01;1.075867e-01;3.954354e-01;1.571302e-02;2.760080e-02;2.326490e-02;3.603881e-02;5.653796e-02;2.176103e-02;2.629804e-02;4.177265e-02;3.502625e-02
2.510404e-01;8.633069e-02;2.376238e-01;2.203471e-02;2.393573e-02;1.434496e-02;7.441521e-02;7.143145e-02;2.005965e-02;4.619563e-02;6.291100e-02;8.967679e-02
1.752848e-01;5.000918e-02;1.091308e-01;3.296519e-02;2.172972e-02;3.255741e-02;1.455176e-01;5.817423e-02;4.309023e-02;7.493594e-02;1.049779e-01;1.516270e-01
2.788563e-02;4.538940e-02;1.142166e-01;3.287242e-02;5.005778e-02;7.021968e-02;1.392906e-01;6.206749e-02;6.686401e-02;1.272646e-01;1.580148e-01;1.058568e-01
6.197390e-02;6.891774e-02;8.586138e-02;2.204806e-02;8.911466e-02;7.707835e-02;1.051473e-01;9.089717e-02;4.633446e-02;1.723791e-01;1.066118e-01;7.363608e-02
5.192602e-02;5.753639e-02;3.765902e-02;1.551125e-02;1.204103e-01;8.143409e-02;7.948831e-02;8.070385e-02;4.266814e-02;2.282283e-01;9.973218e-02;1.047022e-01
4.780364e-02;3.817375e-02;2.859179e-02;3.341647e-02;1.259578e-01;5.797791e-02;7.355286e-02;5.282196e-02;8.521061e-02;2.450679e-01;7.944335e-02;1.319820e-01
8.078490e-02;2.432258e-02;4.100880e-02;7.170323e-02;9.511124e-02;2.963732e-02;8.874096e-02;2.920596e-02;1.684893e-01;1.874869e-01;7.481918e-02;1.086895e-01
1.161674e-01;1.671737e-02;7.124654e-02;1.055634e-01;4.976367e-02;2.168007e-02;1.083576e-01;1.877122e-02;2.478066e-01;1.155203e-01;9.111229e-02;3.729366e-02
1.088914e-01;2.757050e-02;8.936410e-02;9.987168e-02;3.813545e-02;2.911189e-02;1.277496e-01;4.270494e-02;2.313293e-01;7.816036e-02;1.000990e-01;2.701171e-02
1.081776e-01;4.259014e-02;8.515590e-02;8.641109e-02;6.210767e-02;3.892735e-02;1.560160e-01;6.356613e-02;1.670339e-01;5.539957e-02;1.004948e-01;3.411984e-02
9.979873e-02;3.886756e-02;8.123944e-02;6.589267e-02;8.138585e-02;4.928750e-02;1.601344e-01;6.514409e-02;1.374337e-01;1.068674e-01;8.028772e-02;3.366094e-02
8.888292e-02;4.025562e-02;7.240245e-02;3.285108e-02;7.951975e-02;5.398163e-02;1.393351e-01;3.986683e-02;2.113147e-01;1.272162e-01;6.839734e-02;4.597640e-02
8.133599e-02;3.614341e-02;6.893726e-02;5.094964e-02;4.546246e-02;5.479775e-02;1.171748e-01;4.577391e-02;2.323951e-01;1.122338e-01;8.752551e-02;6.727030e-02
5.210289e-02;3.025314e-02;5.297163e-02;7.403975e-02;7.442504e-02;6.032700e-02;1.293055e-01;3.607897e-02;2.511740e-01;9.782707e-02;7.003330e-02;7.146171e-02
7.348405e-02;2.708786e-02;6.638046e-02;8.649971e-02;6.748518e-02;4.767858e-02;1.023818e-01;4.804840e-02;2.457713e-01;1.105906e-01;7.516294e-02;4.942917e-02
8.118135e-02;1.487131e-02;6.405525e-02;9.583722e-02;7.586192e-02;4.435672e-02;5.805288e-02;4.731368e-02;2.241208e-01;1.454636e-01;7.615535e-02;7.272993e-02
8.555293e-02;2.808498e-02;5.619328e-02;8.183700e-02;8.794098e-02;4.602713e-02;8.631435e-02;3.977454e-02;1.479435e-01;1.436459e-01;8.199155e-02;1.146938e-01
8.022679e-02;3.158371e-02;9.064980e-02;6.870552e-02;9.499352e-02;5.690337e-02;8.938134e-02;4.210118e-02;1.137273e-01;1.483873e-01;6.152857e-02;1.218116e-01
7.276744e-02;5.123165e-02;1.373865e-01;8.521206e-02;7.142120e-02;5.930830e-02;1.205047e-01;5.338612e-02;1.067710e-01;7.534449e-02;5.563406e-02;1.110324e-01
1.146551e-01;4.664455e-02;1.411642e-01;1.138832e-01;6.321137e-02;4.964266e-02;9.722219e-02;4.075057e-02;1.351759e-01;7.205395e-02;4.912900e-02;7.646732e-02
1.043616e-01;6.877926e-02;1.709057e-01;7.981846e-02;5.096194e-02;4.255467e-02;1.086917e-01;4.604020e-02;6.274265e-02;1.108552e-01;9.245557e-02;6.183302e-02
1.234125e-01;7.835493e-02;1.455354e-01;5.572425e-02;5.823426e-02;5.281923e-02;9.586818e-02;3.812291e-02;5.893819e-02;1.230229e-01;1.110362e-01;5.893100e-02
1.196764e-01;6.342851e-02;1.055758e-01;5.090618e-02;8.778086e-02;7.608741e-02;1.036279e-01;3.551898e-02;6.321366e-02;1.335552e-01;1.092553e-01;5.137366e-02
9.225124e-02;3.852373e-02;8.413554e-02;7.477889e-02;9.285386e-02;8.148858e-02;9.767364e-02;5.486450e-02;1.011252e-01;1.606886e-01;8.517069e-02;3.644552e-02
5.706933e-02;2.501852e-02;7.931561e-02;1.091299e-01;8.063285e-02;6.280135e-02;1.120306e-01;7.612755e-02;1.444758e-01;1.788701e-01;5.712622e-02;1.740212e-02
4.578324e-02;3.124966e-02;1.069729e-01;1.111347e-01;9.099755e-02;4.976628e-02;1.505403e-01;7.655360e-02;1.384200e-01;1.415256e-01;3.731792e-02;1.973818e-02
2.616278e-02;3.626328e-02;1.327531e-01;8.478547e-02;1.264499e-01;5.744164e-02;1.797089e-01;8.170804e-02;1.173838e-01;1.078808e-01;2.980674e-02;1.965542e-02
2.095615e-02;3.675079e-02;1.375882e-01;7.798140e-02;1.282605e-01;4.928425e-02;2.172332e-01;8.815286e-02;1.142735e-01;8.614986e-02;2.550658e-02;1.786272e-02
2.086177e-02;3.694907e-02;1.351185e-01;7.075477e-02;1.050906e-01;6.088306e-02;2.551269e-01;9.086093e-02;1.099725e-01;7.185826e-02;2.135315e-02;2.117051e-02
1.418019e-02;3.883720e-02;1.221949e-01;4.846343e-02;6.927320e-02;1.035525e-01;3.182727e-01;1.012769e-01;8.549428e-02;5.860646e-02;1.658852e-02;2.325967e-02
7.563491e-03;3.151093e-02;1.192673e-01;2.606570e-02;3.796164e-02;1.296049e-01;3.820646e-01;1.094521e-01;6.501717e-02;5.214569e-02;1.102892e-02;2.831755e-02
6.988775e-03;1.613747e-02;1.157031e-01;1.538911e-02;1.897739e-02;1.073061e-01;4.412490e-01;1.170405e-01;6.329098e-02;5.350652e-02;1.033118e-02;3.407989e-02
3.943852e-03;1.276431e-02;1.084224e-01;8.797661e-03;1.288984e-02;7.222325e-02;4.811737e-01;1.310017e-01;6.709674e-02;6.029926e-02;7.387121e-03;3.400017e-02
5.759372e-03;9.168360e-03;1.059340e-01;9.618240e-03;8.035129e-03;5.962871e-02;4.866131e-01;1.379050e-01;6.979122e-02;6.632482e-02;6.577733e-03;3.464433e-02
5.332849e-03;5.449534e-03;1.117996e-01;1.251114e-02;8.207119e-03;4.372200e-02;4.820264e-01;1.417538e-01;7.704571e-02;6.936816e-02;7.201910e-03;3.558176e-02
3.521226e-03;8.600374e-03;1.219032e-01;1.097443e-02;1.109884e-02;3.034741e-02;4.680502e-01;1.438041e-01;7.991053e-02;8.050434e-02;7.607187e-03;3.367818e-02
5.327536e-03;9.186231e-03;1.414990e-01;9.548220e-03;9.653888e-03;2.651597e-02;4.314192e-01;1.551987e-01;8.479644e-02;9.207780e-02;5.015362e-03;2.976170e-02
5.956482e-03;1.386861e-02;1.683940e-01;1.403423e-02;1.088802e-02;1.722463e-02;3.918994e-01;1.535228e-01;8.759080e-02;1.008284e-01;7.671372e-03;2.812122e-02
1.457242e-02;3.609459e-02;1.797721e-01;2.648881e-02;2.761682e-02;2.280456e-02;3.849194e-01;1.182047e-01;7.206021e-02;8.015133e-02;1.271712e-02;2.459786e-02
4.176658e-02;6.413843e-02;1.713858e-01;3.840677e-02;6.597696e-02;3.677131e-02;3.651366e-01;7.529299e-02;4.960508e-02;5.260255e-02;2.216750e-02;1.674942e-02
8.144918e-02;8.795756e-02;1.932376e-01;4.940770e-02;9.787535e-02;5.676381e-02;2.334402e-01;6.891534e-02;3.567196e-02;4.656057e-02;3.129246e-02;1.742826e-02
1.299743e-01;9.129000e-02;1.426946e-01;4.315104e-02;8.091433e-02;6.589268e-02;2.096373e-01;6.948765e-02;4.212745e-02;5.203118e-02;3.241617e-02;4.038331e-02
7.391881e-02;7.632488e-02;1.528459e-01;5.609536e-02;4.680422e-02;4.363650e-02;2.461676e-01;6.300406e-02;6.241614e-02;7.019747e-02;3.493495e-02;7.365415e-02
2.750950e-02;3.661002e-02;2.238094e-01;6.959697e-02;4.565366e-02;2.705393e-02;2.195397e-01;7.828048e-02;6.483079e-02;8.998278e-02;2.527333e-02;9.185946e-02
4.773371e-02;5.372929e-02;2.134919e-01;6.945847e-02;4.312310e-02;1.429042e-02;2.089761e-01;7.753218e-02;6.634986e-02;7.721327e-02;4.564532e-02;8.245644e-02
6.097627e-02;1.082817e-01;1.396947e-01;5.102061e-02;5.356796e-02;2.717923e-02;2.391304e-01;7.324333e-02;5.701758e-02;5.856051e-02;7.711278e-02;5.421484e-02
8.194495e-02;1.419862e-01;9.038515e-02;4.527765e-02;6.053567e-02;4.935664e-02;2.491560e-01;6.156124e-02;5.072772e-02;5.593817e-02;7.289241e-02;4.023821e-02
1.484680e-01;1.043397e-01;1.350040e-01;4.439485e-02;6.017799e-02;6.797172e-02;2.232083e-01;4.564886e-02;4.527644e-02;4.818120e-02;4.119093e-02;3.613803e-02
1.971623e-01;1.066263e-01;1.063314e-01;2.938177e-02;5.246255e-02;6.894368e-02;1.775644e-01;5.207752e-02;4.699816e-02;3.632694e-02;7.238174e-02;5.374322e-02
1.713148e-01;1.564776e-01;8.266249e-02;3.016491e-02;4.906428e-02;5.680926e-02;1.296676e-01;7.294714e-02;4.913844e-02;5.582853e-02;9.198769e-02;5.393717e-02
1.288549e-01;1.411291e-01;1.213018e-01;2.804193e-02;4.034102e-02;5.511400e-02;1.329758e-01;7.784556e-02;5.191993e-02;8.441375e-02;6.731594e-02;7.074627e-02
1.203627e-01;1.193800e-01;1.211767e-01;1.973141e-02;6.769910e-02;5.513626e-02;1.566367e-01;6.551334e-02;4.068540e-02;9.986793e-02;4.081984e-02;9.299068e-02
