1.166207e-01;7.148177e-02;2.009755e-01;8.097897e-02;5.140031e-02;1.032200e-01;9.669042e-02;5.759242e-02;6.018899e-02;6.211632e-02;4.566557e-02;5.306892e-02
1.020792e-01;8.949012e-02;2.026221e-01;6.433720e-02;6.995334e-02;8.115480e-02;1.501803e-01;3.759161e-02;3.398114e-02;6.420127e-02;4.132973e-02;6.307925e-02
1.325762e-01;8.226962e-02;2.533246e-01;3.719281e-02;5.206586e-02;4.510329e-02;1.250296e-01;2.171418e-02;3.092008e-02;6.518802e-02;8.849704e-02;6.611870e-02
1.127710e-01;7.509391e-02;2.053139e-01;2.324921e-02;4.906643e-02;5.562772e-02;1.166706e-01;2.821937e-02;3.090730e-02;9.074079e-02;1.414998e-01;7.083997e-02
7.043108e-02;8.782514e-02;1.253461e-01;2.130883e-02;6.278307e-02;9.424949e-02;8.303607e-02;4.362843e-02;3.340587e-02;1.324239e-01;1.898217e-01;5.574032e-02
1.732390e-02;8.601042e-02;1.072311e-01;2.474049e-02;8.248929e-02;1.627084e-01;5.151995e-02;5.173161e-02;3.193715e-02;1.426015e-01;1.993123e-01;4.239383e-02
7.092403e-02;5.271522e-02;9.062573e-02;1.978141e-02;5.618166e-02;1.799673e-01;6.350080e-02;4.588888e-02;6.448654e-02;9.005997e-02;2.103068e-01;5.556172e-02
1.009506e-01;2.019622e-02;6.312274e-02;9.727477e-03;2.676834e-02;1.657839e-01;6.199262e-02;3.177746e-02;1.399031e-01;5.841257e-02;2.545792e-01;6.678586e-02
6.457328e-02;1.638210e-02;5.603498e-02;1.177299e-02;2.768474e-02;1.418777e-01;5.277640e-02;2.479605e-02;1.696861e-01;1.029476e-01;2.716605e-01;5.980756e-02
3.634111e-02;4.684265e-02;4.191576e-02;2.520116e-02;4.640875e-02;1.087389e-01;2.724900e-02;4.811469e-02;1.013152e-01;1.959718e-01;2.788129e-01;4.308815e-02
5.261052e-02;6.841788e-02;3.492583e-02;3.471735e-02;5.985013e-02;6.191818e-02;3.257013e-02;5.213824e-02;4.852326e-02;2.760883e-01;2.446764e-01;3.356378e-02
4.166989e-02;6.618323e-02;6.107531e-02;4.485602e-02;6.094136e-02;3.799046e-02;8.657637e-02;3.695346e-02;5.603620e-02;2.828741e-01;1.723160e-01;5.252766e-02
3.925557e-02;6.340618e-02;9.467053e-02;4.035240e-02;5.087647e-02;5.003504e-02;1.184342e-01;3.795871e-02;8.722360e-02;1.987386e-01;1.483083e-01;7.074028e-02
7.606744e-02;8.765914e-02;1.259524e-01;2.311365e-02;5.787402e-02;4.735448e-02;9.182784e-02;6.242730e-02;1.024973e-01;1.092834e-01;1.358473e-01;8.009567e-02
6.572094e-02;9.224916e-02;1.419327e-01;4.162317e-02;6.857182e-02;6.070880e-02;6.173625e-02;6.401370e-02;7.396495e-02;1.077315e-01;1.451622e-01;7.658485e-02
3.962208e-02;5.828021e-02;1.189747e-01;5.811803e-02;7.016935e-02;7.679317e-02;7.592910e-02;4.523673e-02;7.078688e-02;1.223029e-01;1.540816e-01;1.097053e-01
4.894066e-02;4.764704e-02;8.665994e-02;6.929554e-02;7.890461e-02;1.003454e-01;9.315939e-02;5.327714e-02;9.053589e-02;8.213678e-02;1.336456e-01;1.154520e-01
7.513626e-02;7.205276e-02;8.727012e-02;6.787230e-02;6.236370e-02;1.163207e-01;6.761973e-02;5.781147e-02;1.057996e-01;1.135203e-01;8.877424e-02;8.545892e-02
7.598904e-02;1.087781e-01;7.610480e-02;1.072229e-01;4.842804e-02;1.016882e-01;5.963566e-02;5.019638e-02;1.133088e-01;1.105529e-01;5.941003e-02;8.868507e-02
9.091850e-02;9.930300e-02;1.100253e-01;9.175725e-02;5.508985e-02;6.174464e-02;3.998683e-02;3.684184e-02;9.165383e-02;9.943751e-02;7.553346e-02;1.477080e-01
1.247449e-01;9.825365e-02;1.211390e-01;6.092195e-02;5.393584e-02;4.988840e-02;5.066575e-02;4.013709e-02;6.099154e-02;1.085104e-01;6.532378e-02;1.654877e-01
1.420236e-01;7.526354e-02;1.233450e-01;7.066478e-02;5.744662e-02;4.355402e-02;6.664243e-02;6.891754e-02;6.365346e-02;9.613129e-02;5.119912e-02;1.411586e-01
1.527430e-01;1.145871e-01;1.378423e-01;5.864253e-02;7.778899e-02;3.893692e-02;8.025391e-02;9.267883e-02;5.075523e-02;5.269250e-02;7.235040e-02;7.072832e-02
1.330405e-01;9.277339e-02;1.314216e-01;7.408205e-02;5.960780e-02;8.201112e-02;1.028395e-01;6.652035e-02;6.134060e-02;4.912836e-02;8.007727e-02;6.715751e-02
1.312662e-01;5.229487e-02;1.328583e-01;7.099573e-02;7.242428e-02;1.058486e-01;9.925559e-02;6.901094e-02;1.082880e-01;6.067245e-02;5.688397e-02;4.020112e-02
9.854867e-02;1.311389e-01;1.775620e-01;8.336600e-02;6.017087e-02;5.943891e-02;6.039398e-02;7.001117e-02;9.648675e-02;7.752807e-02;5.566772e-02;2.968693e-02
4.813335e-02;1.925638e-01;2.070899e-01;6.547512e-02;8.051362e-02;4.442618e-02;6.690893e-02;3.986384e-02;9.175383e-02;6.856001e-02;7.267117e-02;2.204016e-02
5.525966e-02;1.606069e-01;1.642402e-01;8.141387e-02;9.558173e-02;4.708630e-02;9.270091e-02;1.519931e-02;1.136131e-01;8.695361e-02;5.148499e-02;3.585948e-02
1.053785e-01;1.496774e-01;2.585494e-01;4.922812e-02;7.193184e-02;4.534612e-02;8.843584e-02;1.784582e-02;8.533043e-02;7.716087e-02;2.108767e-02;3.002810e-02
1.293366e-01;1.891165e-01;2.936330e-01;4.075809e-02;4.928335e-02;4.840425e-02;6.550826e-02;1.965296e-02;6.720395e-02;4.677099e-02;1.426219e-02;3.606994e-02
1.150851e-01;2.365534e-01;3.176041e-01;5.779216e-02;2.315033e-02;4.490858e-02;3.161377e-02;2.702240e-02;7.141530e-02;2.477443e-02;1.093224e-02;3.914826e-02
6.708454e-02;2.174531e-01;4.272428e-01;5.435665e-02;2.967543e-02;4.041317e-02;1.468824e-02;3.973691e-02;4.875670e-02;2.789648e-02;5.872419e-03;2.682362e-02
2.854937e-02;1.201073e-01;5.665544e-01;4.279525e-02;7.491951e-02;2.296616e-02;2.050615e-02;3.509213e-02;2.634701e-02;4.729622e-02;4.891577e-03;9.974896e-03
2.112771e-02;5.438493e-02;5.854545e-01;6.219988e-02;1.066857e-01;6.938020e-03;3.535080e-02;1.547479e-02;3.505372e-02;5.889091e-02;1.243934e-02;5.999724e-03
2.947442e-02;4.340560e-02;4.806876e-01;1.416769e-01;9.503136e-02;1.280395e-02;2.928543e-02;2.029002e-02;5.257356e-02;4.083095e-02;4.803296e-02;5.907270e-03
2.425146e-02;4.767758e-02;3.209438e-01;2.534132e-01;8.977945e-02;3.285991e-02;1.915564e-02;4.335964e-02;4.129831e-02;1.989741e-02;9.793004e-02;9.433595e-03
3.168123e-02;5.132126e-02;2.185342e-01;3.003866e-01;1.036167e-01;4.439339e-02;2.196826e-02;6.076118e-02;1.625928e-02;1.253433e-02;1.239985e-01;1.454509e-02
3.518353e-02;4.219779e-02;3.364431e-01;2.386190e-01;8.390380e-02;3.867538e-02;1.751629e-02;4.463458e-02;2.200568e-02;1.975730e-02;1.014647e-01;1.959887e-02
2.635787e-02;2.396107e-02;4.669456e-01;1.538874e-01;4.534210e-02;2.422812e-02;4.324802e-02;2.167102e-02;3.085924e-02;5.727383e-02;7.931212e-02;2.691356e-02
3.017960e-02;3.357030e-02;5.244194e-01;7.507040e-02;2.298762e-02;1.116303e-02;6.204398e-02;3.226944e-02;2.332455e-02;9.293702e-02;6.588009e-02;2.615464e-02
2.716123e-02;6.013117e-02;5.059447e-01;6.105462e-02;1.605549e-02;1.487645e-02;4.472981e-02;5.824545e-02;3.819671e-02;8.186574e-02;6.655362e-02;2.518503e-02
2.492527e-02;7.848132e-02;5.043050e-01;5.519499e-02;1.632049e-02;2.320835e-02;2.208847e-02;7.868712e-02;8.771936e-02;4.371106e-02;5.117451e-02;1.418407e-02
1.865705e-02;5.197946e-02;4.616383e-01;4.433595e-02;1.569521e-02;2.410617e-02;2.022856e-02;6.317405e-02;1.151289e-01;1.388793e-01;2.592916e-02;2.024785e-02
2.347581e-02;7.665563e-02;3.709495e-01;4.207669e-02;1.355591e-02;1.895506e-02;2.072284e-02;4.231857e-02;1.499085e-01;1.838136e-01;2.234604e-02;3.522173e-02
4.667835e-02;1.455978e-01;2.357552e-01;3.481480e-02;1.131549e-02;3.515900e-02;1.869059e-02;5.347528e-02;2.153232e-01;1.316261e-01;2.246919e-02;4.909495e-02
1.068816e-01;1.975415e-01;1.341437e-01;2.626001e-02;2.874022e-02;3.536085e-02;2.333147e-02;9.791471e-02;2.176542e-01;5.998491e-02;2.367674e-02;4.851012e-02
2.247462e-01;1.644684e-01;9.373212e-02;1.318809e-02;7.072262e-02;1.875976e-02;4.317372e-02;1.637030e-01;1.236594e-01;1.799236e-02;2.861184e-02;3.724249e-02
3.049272e-01;1.052768e-01;9.545709e-02;1.096009e-02;1.078976e-01;1.833764e-02;4.460078e-02;2.041649e-01;4.112334e-02;8.517259e-03;1.943645e-02;3.930090e-02
3.044405e-01;5.406827e-02;8.201782e-02;1.609496e-02;1.152608e-01;3.646696e-02;5.481152e-02;1.965458e-01;2.485171e-02;1.851445e-02;2.197959e-02;7.494758e-02
3.147658e-01;5.391852e-02;1.050409e-01;1.903374e-02;7.519340e-02;3.842826e-02;3.805219e-02;1.541423e-01;4.118589e-02;2.680509e-02;3.860144e-02;9.483251e-02
3.159736e-01;9.791170e-02;1.252223e-01;2.206448e-02;5.404034e-02;2.086120e-02;3.883504e-02;1.129256e-01;6.169778e-02;3.424160e-02;4.190147e-02;7.432491e-02
1.929509e-01;1.365690e-01;1.322305e-01;2.510336e-02;4.970699e-02;2.931593e-02;6.328261e-02;1.240189e-01;9.521572e-02;4.583746e-02;4.190934e-02;6.385940e-02
1.475286e-01;1.550530e-01;1.563846e-01;2.250847e-02;4.271331e-02;2.306418e-02;6.881319e-02;1.205947e-01;9.610289e-02;4.722965e-02;4.333971e-02;7.666769e-02
3.277003e-01;9.085993e-02;1.601824e-01;1.452231e-02;4.483192e-02;2.067284e-02;6.196849e-02;6.289938e-02;4.535225e-02;3.801997e-02;3.510985e-02;9.788033e-02
3.562259e-01;5.791267e-02;1.653713e-01;1.538518e-02;4.392416e-02;2.418840e-02;5.010459e-02;3.737959e-02;5.762867e-02;2.839679e-02;3.504595e-02;1.284368e-01
3.620046e-01;5.700774e-02;1.681498e-01;1.869903e-02;2.583667e-02;2.330183e-02;4.211840e-02;4.204722e-02;6.652468e-02;3.098787e-02;3.480216e-02;1.285199e-01
3.355163e-01;1.034827e-01;1.226315e-01;2.692457e-02;3.385775e-02;3.041076e-02;5.386286e-02;6.403784e-02;7.366577e-02;3.762344e-02;3.390498e-02;8.408152e-02
1.881522e-01;7.230238e-02;8.456913e-02;6.193568e-02;7.086677e-02;7.620548e-02;1.063417e-01;1.015089e-01;7.704640e-02;7.577930e-02;4.095276e-02;4.433931e-02
1.164750e-01;6.195207e-02;2.046981e-01;6.186187e-02;5.812714e-02;7.353368e-02;1.094828e-01;9.922719e-02;6.981281e-02;6.987527e-02;2.848527e-02;4.646872e-02
1.967898e-01;1.138716e-01;2.688889e-01;4.736986e-02;4.596367e-02;4.386032e-02;8.315928e-02;5.933501e-02;3.291996e-02;3.943662e-02;2.590932e-02;4.249563e-02
2.203473e-01;1.549206e-01;2.154991e-01;5.094188e-02;3.852630e-02;3.618542e-02;7.416695e-02;3.509754e-02;2.477331e-02;3.931415e-02;4.966782e-02;6.055957e-02
1.553997e-01;1.565304e-01;1.401744e-01;4.572104e-02;3.742244e-02;5.524729e-02;1.137846e-01;4.306082e-02;5.382790e-02;3.915272e-02;6.934551e-02;9.033311e-02
1.398073e-01;1.053139e-01;8.162821e-02;3.883753e-02;3.330519e-02;6.478093e-02;1.950197e-01;5.667615e-02;6.721225e-02;2.797326e-02;5.742086e-02;1.320248e-01
1.488194e-01;6.085838e-02;5.861489e-02;2.926350e-02;2.596514e-02;8.002211e-02;2.154047e-01;5.537523e-02;6.105856e-02;2.860799e-02;8.817787e-02;1.478323e-01
1.462705e-01;3.456434e-02;7.136853e-02;2.433405e-02;4.267312e-02;1.428969e-01;1.601135e-01;3.854269e-02;5.554067e-02;4.054694e-02;1.602549e-01;8.289398e-02
1.416240e-01;6.819229e-02;4.816791e-02;4.329229e-02;9.689920e-02;1.359878e-01;8.483297e-02;3.324787e-02;3.669561e-02;8.644230e-02;1.371684e-01;8.744934e-02
9.421571e-02;8.526742e-02;6.779920e-02;9.536306e-02;1.384457e-01;7.309361e-02;4.723121e-02;3.700858e-02;4.985480e-02;1.183870e-01;5.678208e-02;1.365515e-01
1.216790e-01;6.409429e-02;1.594282e-01;1.237824e-01;9.773941e-02;2.740050e-02;7.449163e-02;2.880029e-02;6.816104e-02;8.026460e-02;5.135081e-02;1.028078e-01
1.628479e-01;8.828806e-02;1.849203e-01;9.095263e-02;5.650156e-02;3.790592e-02;1.396782e-01;2.793526e-02;5.536319e-02;4.107586e-02;4.624131e-02;6.828985e-02
1.748831e-01;1.239074e-01;1.387483e-01;4.800482e-02;5.542857e-02;4.635424e-02;2.177524e-01;3.450404e-02;3.022273e-02;3.417460e-02;4.490807e-02;5.111174e-02
1.625428e-01;9.737142e-02;1.353332e-01;4.374341e-02;7.754108e-02;4.910631e-02;2.153567e-01;2.420012e-02;2.802698e-02;4.180143e-02;7.540955e-02;4.956701e-02
1.173756e-01;1.076564e-01;1.936963e-01;5.809117e-02;8.700411e-02;7.010934e-02;1.701172e-01;2.752350e-02;3.718505e-02;3.634150e-02;3.587428e-02;5.902563e-02
7.285651e-02;1.158874e-01;1.421033e-01;9.334007e-02;9.340606e-02;9.389272e-02;1.671528e-01;3.737907e-02;3.663717e-02;5.623392e-02;3.494066e-02;5.617035e-02
1.126140e-01;9.423735e-02;9.288552e-02;8.640547e-02;8.279903e-02;1.065710e-01;1.755479e-01;4.001456e-02;4.743626e-02;6.734978e-02;4.077336e-02;5.336567e-02
1.244000e-01;6.625493e-02;1.430034e-01;5.807679e-02;1.069667e-01;1.181898e-01;1.199349e-01;3.975272e-02;5.691845e-02;7.521784e-02;2.429875e-02;6.698577e-02
1.368270e-01;6.884667e-02;1.093249e-01;9.425171e-02;9.057597e-02;9.311081e-02;1.416465e-01;4.365376e-02;6.076802e-02;7.655779e-02;3.364757e-02;5.078928e-02
6.897838e-02;5.665759e-02;1.325246e-01;1.305286e-01;7.580265e-02;6.535343e-02;1.742444e-01;6.195247e-02;4.231105e-02;8.768321e-02;6.517038e-02;3.879317e-02
4.736733e-02;5.549009e-02;1.453420e-01;1.120210e-01;8.841957e-02;4.617217e-02;2.165775e-01;6.557917e-02;5.023788e-02;9.744515e-02;4.757991e-02;2.776817e-02
4.847956e-02;5.102842e-02;9.213103e-02;1.006354e-01;9.863836e-02;6.092214e-02;2.267654e-01;6.141660e-02;7.413860e-02;1.135132e-01;4.545168e-02;2.687955e-02
4.569339e-02;3.044223e-02;6.275939e-02;9.664035e-02;8.325283e-02;8.937143e-02;1.909523e-01;5.775182e-02;9.068601e-02;1.648716e-01;6.235534e-02;2.522326e-02
3.436390e-02;3.671901e-02;4.902980e-02;5.572648e-02;1.503230e-01;1.000667e-01;9.040660e-02;4.230941e-02;7.535252e-02;2.397941e-01;8.846208e-02;3.744645e-02
1.297413e-02;6.010683e-02;2.481670e-02;3.567231e-02;2.020129e-01;6.059626e-02;3.210102e-02;5.024415e-02;8.020763e-02;2.609939e-01;1.315083e-01;4.876599e-02
2.362411e-02;5.534677e-02;2.812007e-02;6.439459e-02;1.361199e-01;5.634837e-02;5.798576e-02;6.050851e-02;7.516044e-02;1.994745e-01;1.922475e-01;5.066958e-02
3.925334e-02;3.459238e-02;8.288174e-02;6.103439e-02;5.863810e-02;1.195806e-01;8.276480e-02;4.136299e-02;4.437504e-02;1.376240e-01;2.270532e-01;7.083942e-02
6.762475e-02;2.959138e-02;8.798432e-02;3.377993e-02;8.769277e-02;1.169821e-01;1.192193e-01;3.981940e-02;4.500674e-02;9.037541e-02;1.656769e-01;1.162469e-01
1.291222e-01;6.982907e-02;5.147786e-02;6.006831e-02;7.505420e-02;6.602503e-02;1.679668e-01;4.810421e-02;2.862178e-02;5.781371e-02;9.065096e-02;1.552659e-01
2.050991e-01;1.195094e-01;7.362164e-02;5.560804e-02;3.159672e-02;4.503135e-02;1.165364e-01;4.176772e-02;3.349678e-02;7.208751e-02;7.179639e-02;1.338489e-01
2.506391e-01;1.219927e-01;1.965723e-01;4.300811e-02;3.199331e-02;2.483299e-02;5.318326e-02;4.286233e-02;3.671618e-02;6.946150e-02;6.372391e-02;6.501433e-02
1.549050e-01;1.466132e-01;3.387191e-01;7.570937e-02;3.516172e-02;1.842296e-02;3.620930e-02;2.747570e-02;3.288839e-02;7.641208e-02;3.553049e-02;2.195269e-02
1.007775e-01;1.039594e-01;4.065216e-01;1.211364e-01;3.893012e-02;1.644014e-02;3.611184e-02;1.826345e-02;2.892105e-02;8.330724e-02;2.458773e-02;2.104352e-02
7.939821e-02;4.670782e-02;4.157648e-01;1.913990e-01;3.227350e-02;1.802357e-02;3.089890e-02;1.577066e-02;4.120604e-02;7.455391e-02;3.864557e-02;1.535795e-02
4.834551e-02;4.812438e-02;3.099583e-01;2.537199e-01;5.726992e-02;3.062268e-02;3.100369e-02;2.706767e-02;3.459876e-02;5.694684e-02;7.631605e-02;2.602630e-02
2.077736e-02;4.873237e-02;1.776547e-01;2.915958e-01;1.470523e-01;4.095911e-02;3.311813e-02;3.012733e-02;2.107334e-02;5.465137e-02;7.762511e-02;5.663318e-02
2.686976e-02;1.990873e-02;2.068337e-01;2.334096e-01;2.041424e-01;4.844407e-02;7.024938e-02;3.037368e-02;1.741422e-02;4.701596e-02;2.956064e-02;6.577785e-02
2.689835e-02;2.213601e-02;2.955030e-01;1.415769e-01;1.592759e-01;5.270695e-02;1.019751e-01;5.864294e-02;3.448182e-02;4.313353e-02;3.017920e-02;3.349030e-02
4.315978e-02;3.554634e-02;3.254051e-01;8.264851e-02;1.102110e-01;6.009502e-02;8.955467e-02;6.118511e-02;4.134626e-02;4.430326e-02;7.352383e-02;3.302104e-02
4.730001e-02;2.918611e-02;2.796964e-01;1.280174e-01;8.583647e-02;5.222293e-02;5.802305e-02;3.467032e-02;3.634154e-02;4.851046e-02;1.366705e-01;6.352486e-02
4.246469e-02;3.798998e-02;1.791105e-01;1.909771e-01;1.152073e-01;4.568847e-02;7.504095e-02;2.266042e-02;2.014672e-02;7.013131e-02;1.418703e-01;5.871230e-02
6.494072e-02;3.083478e-02;2.014972e-01;1.823911e-01;1.235235e-01;4.080477e-02;9.169038e-02;2.212008e-02;1.807330e-02;7.453973e-02;1.028135e-01;4.677087e-02
8.020861e-02;4.987117e-02;2.213262e-01;7.092043e-02;8.472931e-02;5.223794e-02;1.098694e-01;3.785549e-02;9.082400e-02;1.092414e-01;4.738547e-02;4.553050e-02
6.729624e-02;5.569703e-02;1.052931e-01;5.297410e-02;6.968418e-02;6.610173e-02;1.474672e-01;6.195691e-02;1.565504e-01;1.354017e-01;3.495197e-02;4.662539e-02
6.630881e-02;5.652201e-02;5.775754e-02;3.457635e-02;6.204505e-02;7.025891e-02;1.786570e-01;7.172614e-02;1.647740e-01;1.321563e-01;4.341966e-02;6.179824e-02
7.829495e-02;4.979862e-02;7.813495e-02;3.718200e-02;4.666599e-02;7.058387e-02;1.979687e-01;8.171375e-02;1.317707e-01;1.048963e-01;5.670799e-02;6.628219e-02
1.007437e-01;6.183378e-02;1.438660e-01;6.998386e-02;4.614573e-02;6.338127e-02;1.647591e-01;9.708586e-02;7.753961e-02;7.802641e-02;4.956085e-02;4.707382e-02
8.363044e-02;5.927249e-02;2.141742e-01;1.029731e-01;9.756945e-02;7.195729e-02;9.945129e-02;6.179752e-02;5.037525e-02;6.852968e-02;6.153710e-02;2.873220e-02
1.009521e-01;8.636068e-02;2.029632e-01;6.926806e-02;7.263457e-02;5.849741e-02;5.341738e-02;9.434452e-02;9.445505e-02;6.309295e-02;6.682322e-02;3.719090e-02
1.513640e-01;9.174412e-02;1.479209e-01;4.375731e-02;4.750988e-02;4.102560e-02;6.428991e-02;1.469176e-01;1.127176e-01;5.976730e-02;5.519671e-02;3.778905e-02
1.750028e-01;5.969942e-02;7.485449e-02;2.772383e-02;2.638010e-02;2.601351e-02;1.747114e-01;1.852725e-01;9.249775e-02;5.789950e-02;3.219688e-02;6.774779e-02
1.114115e-01;3.652272e-02;2.422001e-02;4.036317e-02;1.940574e-02;5.165907e-02;3.322554e-01;1.361230e-01;5.858787e-02;4.821059e-02;1.583407e-02;1.254069e-01
4.842984e-02;3.174619e-02;2.552955e-02;4.272441e-02;2.182680e-02;9.283144e-02;4.380836e-01;4.615085e-02;5.050709e-02;3.631385e-02;2.611482e-02;1.397415e-01
3.944146e-02;1.858507e-02;5.717697e-02;1.249202e-02;1.716507e-02;1.718073e-01;3.534123e-01;5.323083e-02;9.804831e-02;2.804800e-02;6.872955e-02;8.186318e-02
3.404237e-02;1.050399e-02;8.461116e-02;8.503187e-03;2.115027e-02;2.875123e-01;1.999044e-01;3.219867e-02;1.268229e-01;2.281248e-02;1.305567e-01;4.138160e-02
4.561076e-02;1.390671e-02;7.972553e-02;7.443352e-03;3.495712e-02;3.707336e-01;1.098079e-01;2.650869e-02;7.148769e-02;3.422448e-02;1.712951e-01;3.429908e-02
5.110394e-02;2.371641e-02;5.953010e-02;2.162737e-02;3.920559e-02;3.750231e-01;5.964389e-02;3.507770e-02;6.465551e-02;5.536252e-02;1.806498e-01;3.440401e-02
3.765716e-02;3.356380e-02;5.055028e-02;3.271149e-02;3.991831e-02;2.671860e-01;1.100080e-01;4.991665e-02;8.180720e-02;7.840422e-02;1.942593e-01;2.401763e-02
3.329778e-02;5.037576e-02;2.848452e-02;4.852043e-02;8.925295e-02;1.798857e-01;1.037118e-01;7.015792e-02;5.192452e-02;1.074674e-01;2.175692e-01;1.935212e-02
2.582598e-02;7.089771e-02;3.363744e-02;7.374092e-02;1.061117e-01;7.763369e-02;8.458713e-02;8.457888e-02;4.345959e-02;1.608217e-01;2.006367e-01;3.806856e-02
2.610936e-02;6.389018e-02;6.397574e-02;7.379352e-02;9.699085e-02;5.266612e-02;9.319155e-02;8.340096e-02;6.954813e-02;1.629013e-01;1.498397e-01;6.369256e-02
4.703816e-02;5.404983e-02;5.563730e-02;4.424662e-02;6.965120e-02;1.255641e-01;1.234284e-01;8.855430e-02;6.617340e-02;1.043812e-01;1.587953e-01;6.248023e-02
4.250958e-02;6.029842e-02;4.367477e-02;3.747071e-02;5.257363e-02;2.061969e-01;1.170526e-01;8.415730e-02;6.772111e-02;9.585930e-02;1.503909e-01;4.209476e-02
3.782905e-02;7.489003e-02;5.413729e-02;3.433647e-02;3.068368e-02;2.342361e-01;6.937601e-02;6.655153e-02;7.823060e-02;1.100074e-01;1.594834e-01;5.023843e-02
2.812371e-02;7.183497e-02;5.247702e-02;3.212148e-02;5.510348e-02;2.630689e-01;1.366059e-01;6.816128e-02;5.565304e-02;6.192483e-02;1.399463e-01;3.497909e-02
2.330034e-02;6.262429e-02;5.415204e-02;5.027677e-02;5.646448e-02;2.610414e-01;1.789161e-01;8.449531e-02;4.153533e-02;5.538109e-02;1.027071e-01;2.910573e-02
3.000042e-02;6.252384e-02;6.533018e-02;5.837668e-02;6.375387e-02;2.135344e-01;1.504712e-01;6.645966e-02;7.307366e-02;1.140687e-01;7.126438e-02;3.114307e-02
3.587287e-02;4.012462e-02;7.353574e-02;3.917625e-02;7.861885e-02;2.554576e-01;1.418431e-01;4.270618e-02;6.743980e-02;1.087577e-01;7.949202e-02;3.697527e-02
7.857628e-02;8.427126e-02;9.397884e-02;5.908245e-02;7.231370e-02;1.975283e-01;1.513263e-01;3.321806e-02;6.726107e-02;4.049838e-02;6.635632e-02;5.558909e-02
1.156063e-01;1.684904e-01;1.132108e-01;6.909406e-02;6.546911e-02;6.602149e-02;1.003764e-01;3.256458e-02;6.024544e-02;4.971314e-02;1.057282e-01;5.348005e-02
1.132649e-01;2.113828e-01;1.068626e-01;8.055116e-02;5.091450e-02;5.068954e-02;9.304780e-02;3.718820e-02;5.279719e-02;5.143126e-02;1.220588e-01;2.981131e-02
1.104183e-01;1.907246e-01;8.911552e-02;1.179423e-01;4.950073e-02;6.948347e-02;6.905586e-02;5.120948e-02;4.648934e-02;3.542472e-02;1.047775e-01;6.585810e-02
1.732816e-01;1.323474e-01;1.496293e-01;9.028357e-02;4.724744e-02;6.895302e-02;5.132302e-02;5.310604e-02;4.048384e-02;3.717344e-02;5.986173e-02;9.630952e-02
1.973442e-01;9.179673e-02;1.626393e-01;8.553509e-02;4.039694e-02;6.645401e-02;7.824358e-02;4.059673e-02;3.613749e-02;4.392955e-02;6.850556e-02;8.842069e-02
1.812224e-01;5.300913e-02;1.482401e-01;9.208218e-02;3.652157e-02;1.071727e-01;6.245996e-02;2.806778e-02;2.840664e-02;5.447219e-02;1.244955e-01;8.384980e-02
1.063407e-01;3.214613e-02;1.008754e-01;6.216232e-02;4.868690e-02;2.083908e-01;7.581511e-02;2.114398e-02;2.771087e-02;7.245348e-02;1.918997e-01;5.237463e-02
5.203044e-02;2.760583e-02;9.574424e-02;2.150996e-02;4.374414e-02;2.491934e-01;1.117808e-01;1.180571e-02;7.010330e-02;7.490044e-02;2.147413e-01;2.684040e-02
4.303052e-02;2.706445e-02;1.104598e-01;2.358236e-02;3.522952e-02;1.853156e-01;1.239599e-01;2.518598e-02;8.791637e-02;5.983739e-02;1.816455e-01;9.677253e-02
1.013163e-01;5.097459e-02;7.188775e-02;5.363363e-02;2.893855e-02;1.065159e-01;1.656114e-01;3.001527e-02;5.732997e-02;3.084752e-02;1.152454e-01;1.876838e-01
1.972968e-01;5.081034e-02;4.755873e-02;7.874557e-02;2.496283e-02;6.557363e-02;1.707843e-01;3.948533e-02;2.658243e-02;3.080935e-02;5.126099e-02;2.161298e-01
3.047034e-01;8.196350e-02;1.197275e-01;5.534518e-02;2.948300e-02;3.766142e-02;9.236448e-02;4.108477e-02;3.294139e-02;2.454687e-02;3.923604e-02;1.409425e-01
3.223280e-01;1.932534e-01;1.550204e-01;3.410117e-02;2.534482e-02;2.705462e-02;4.008051e-02;2.631670e-02;4.717306e-02;2.104147e-02;3.717706e-02;7.110883e-02
2.241676e-01;2.873808e-01;1.776074e-01;3.059645e-02;2.093682e-02;3.595032e-02;2.970810e-02;1.572100e-02;7.845861e-02;2.219825e-02;2.717706e-02;5.009760e-02
1.769312e-01;3.041561e-01;1.654612e-01;3.189240e-02;2.370478e-02;3.967394e-02;4.001310e-02;2.566586e-02;9.289478e-02;2.202873e-02;2.647591e-02;5.110208e-02
2.851014e-01;2.274075e-01;1.499124e-01;1.747600e-02;2.255357e-02;3.998007e-02;5.114209e-02;2.296106e-02;5.319272e-02;2.457128e-02;3.089468e-02;7.480727e-02
7.229447e-02;2.246016e-01;2.529735e-01;3.125963e-02;2.336613e-02;4.114356e-02;6.653574e-02;1.272458e-02;5.905560e-02;3.065211e-02;4.018785e-02;1.452053e-01
1.871241e-01;1.259697e-01;2.865863e-01;3.669358e-02;3.896728e-02;2.116871e-02;4.455152e-02;1.936321e-02;4.362404e-02;3.012814e-02;3.615800e-02;1.296655e-01
1.760438e-01;6.662269e-02;2.435028e-01;5.172078e-02;8.982737e-02;4.997553e-02;9.569699e-02;2.510085e-02;3.032690e-02;3.472939e-02;6.049705e-02;7.595582e-02
1.313350e-01;5.390792e-02;1.344415e-01;3.431359e-02;1.362124e-01;1.071179e-01;1.887672e-01;2.312242e-02;4.704675e-02;4.488621e-02;5.993170e-02;3.891752e-02
1.271554e-01;4.717138e-02;6.972139e-02;2.230331e-02;1.609108e-01;1.493464e-01;2.093924e-01;2.480151e-02;4.331990e-02;4.289562e-02;4.435020e-02;5.863168e-02
1.421949e-01;5.933337e-02;9.908390e-02;2.711072e-02;1.930061e-01;1.616877e-01;1.354402e-01;2.074361e-02;3.889344e-02;2.528748e-02;2.508238e-02;7.213620e-02
9.527373e-02;4.233594e-02;2.049577e-01;4.124107e-02;2.128480e-01;1.386983e-01;1.153802e-01;1.344549e-02;5.810157e-02;1.376288e-02;8.401209e-03;5.555401e-02
4.902111e-02;4.247155e-02;2.865621e-01;5.876697e-02;1.695773e-01;8.074643e-02;1.213105e-01;1.699619e-02;7.708099e-02;2.496911e-02;1.886866e-02;5.362897e-02
5.597873e-02;6.143902e-02;3.017361e-01;5.794320e-02;1.381091e-01;6.425322e-02;1.094388e-01;2.413634e-02;6.821266e-02;3.664070e-02;3.766481e-02;4.444721e-02
6.612951e-02;7.352222e-02;2.143083e-01;3.402928e-02;1.462964e-01;1.060184e-01;7.717196e-02;2.897735e-02;7.175963e-02;5.043685e-02;5.164406e-02;7.970603e-02
5.581809e-02;4.808849e-02;1.457682e-01;2.799690e-02;1.543863e-01;1.442292e-01;1.408127e-01;2.775815e-02;6.563972e-02;3.591701e-02;4.510747e-02;1.084778e-01
6.649992e-02;5.231107e-02;1.305017e-01;3.188294e-02;1.140387e-01;1.450527e-01;9.694176e-02;7.330423e-02;8.467815e-02;6.247290e-02;3.634024e-02;1.059758e-01
6.950364e-02;6.071547e-02;9.971049e-02;5.141604e-02;8.549213e-02;1.603642e-01;1.287543e-01;8.916229e-02;8.058824e-02;6.344815e-02;2.280521e-02;8.803979e-02
1.223536e-01;6.914852e-02;5.698275e-02;7.048602e-02;6.681396e-02;1.298959e-01;1.699333e-01;5.562142e-02;9.348349e-02;6.107522e-02;3.710355e-02;6.710216e-02
1.347797e-01;6.276857e-02;9.027930e-02;8.100826e-02;5.132349e-02;1.017120e-01;1.621237e-01;7.406925e-02;8.554726e-02;6.692683e-02;3.294760e-02;5.651400e-02
9.699077e-02;5.964510e-02;2.041585e-01;8.487333e-02;7.324646e-02;8.682460e-02;1.298998e-01;8.053847e-02;6.533238e-02;5.926289e-02;2.570985e-02;3.351784e-02
6.123446e-02;9.497061e-02;3.348179e-01;6.008235e-02;6.548878e-02;5.428218e-02;7.958809e-02;5.148562e-02;9.149658e-02;4.922373e-02;3.626464e-02;2.106512e-02
1.114261e-01;1.424503e-01;3.158740e-01;3.338263e-02;3.916221e-02;3.595166e-02;3.981626e-02;5.527490e-02;1.282833e-01;3.984760e-02;3.161355e-02;2.691752e-02
2.057627e-01;1.559342e-01;1.935980e-01;1.554262e-02;3.738975e-02;3.056876e-02;2.799448e-02;1.346800e-01;1.108093e-01;2.642841e-02;3.062201e-02;3.066973e-02
2.608276e-01;1.092911e-01;1.025751e-01;2.546551e-02;3.575033e-02;2.591841e-02;8.927845e-02;1.950822e-01;5.104318e-02;2.548411e-02;3.219317e-02;4.709099e-02
1.753008e-01;7.954560e-02;7.277748e-02;4.860299e-02;1.674442e-02;3.570461e-02;1.940634e-01;1.671449e-01;2.819596e-02;4.189464e-02;4.498700e-02;9.503827e-02
4.605144e-02;5.379284e-02;7.481139e-02;5.168066e-02;2.218156e-02;9.891617e-02;2.310315e-01;9.490386e-02;5.696357e-02;5.975017e-02;9.686001e-02;1.130569e-01
7.273541e-02;3.834575e-02;9.600855e-02;1.844354e-02;4.937774e-02;1.635320e-01;1.359590e-01;6.391613e-02;7.555790e-02;8.468883e-02;1.354341e-01;6.600102e-02
4.631533e-02;6.325638e-02;6.813160e-02;2.564815e-02;1.103836e-01;1.515823e-01;7.722753e-02;9.713412e-02;5.939088e-02;1.459736e-01;1.215023e-01;3.345417e-02
9.343555e-02;6.535554e-02;5.983511e-02;6.301562e-02;1.442254e-01;6.072223e-02;6.719893e-02;8.904859e-02;8.507768e-02;1.703210e-01;7.280744e-02;2.895702e-02
1.546042e-01;4.137795e-02;6.361270e-02;1.199145e-01;1.086137e-01;2.605683e-02;6.122498e-02;5.495346e-02;1.301905e-01;1.550271e-01;4.940295e-02;3.502101e-02
1.553525e-01;3.491671e-02;8.908202e-02;1.764795e-01;5.592795e-02;2.540656e-02;8.427151e-02;4.443213e-02;1.479151e-01;1.030468e-01;4.989319e-02;3.327605e-02
1.042615e-01;2.605531e-02;1.227807e-01;2.123908e-01;7.515574e-02;3.334428e-02;1.152074e-01;4.839812e-02;1.191606e-01;7.238942e-02;3.989568e-02;3.096049e-02
9.035636e-02;1.975007e-02;1.046504e-01;2.105426e-01;1.003897e-01;3.061309e-02;1.264714e-01;6.148713e-02;1.131858e-01;8.510974e-02;3.405423e-02;2.338945e-02
8.279082e-02;1.713108e-02;6.036201e-02;1.869118e-01;9.540112e-02;1.747945e-02;1.280518e-01;8.076748e-02;1.212990e-01;1.526866e-01;4.074312e-02;1.637578e-02
8.702339e-02;1.504940e-02;4.536858e-02;1.371424e-01;9.585688e-02;2.043364e-02;1.004359e-01;7.088964e-02;1.112766e-01;2.359519e-01;5.264302e-02;2.792864e-02
1.079224e-01;1.713090e-02;6.815033e-02;1.049285e-01;6.155282e-02;1.696470e-02;1.124255e-01;4.675991e-02;1.561326e-01;1.892746e-01;9.184210e-02;2.691551e-02
8.951848e-02;2.742116e-02;9.476285e-02;7.907283e-02;2.733225e-02;1.923494e-02;1.362767e-01;4.760299e-02;1.835434e-01;1.330902e-01;1.317654e-01;3.037865e-02
7.281372e-02;3.861143e-02;1.136528e-01;5.138433e-02;3.358842e-02;3.396068e-02;1.696041e-01;6.293065e-02;1.504195e-01;1.124746e-01;1.171270e-01;4.343275e-02
9.909313e-02;5.095022e-02;1.039223e-01;5.783887e-02;5.376388e-02;4.131940e-02;1.562907e-01;8.302984e-02;1.041216e-01;1.236442e-01;8.269384e-02;4.333194e-02
1.343672e-01;4.520079e-02;9.094797e-02;8.045597e-02;7.966023e-02;3.360856e-02;9.859807e-02;9.022253e-02;8.040411e-02;1.221834e-01;8.175458e-02;6.259666e-02
9.488335e-02;4.280033e-02;1.025612e-01;6.566569e-02;7.468206e-02;4.129587e-02;1.267921e-01;6.743386e-02;1.427115e-01;1.035447e-01;7.282839e-02;6.480091e-02
7.739088e-02;5.071909e-02;8.895977e-02;6.680834e-02;6.975217e-02;5.739703e-02;1.537268e-01;5.194212e-02;1.905421e-01;7.502905e-02;6.332327e-02;5.440930e-02
6.779907e-02;6.338555e-02;9.365837e-02;8.964740e-02;6.406343e-02;5.182765e-02;1.156096e-01;6.268946e-02;1.570625e-01;8.375526e-02;7.500946e-02;7.549223e-02
8.101206e-02;6.928154e-02;1.267568e-01;1.213953e-01;4.820212e-02;6.564772e-02;8.618426e-02;8.507160e-02;7.484035e-02;8.001613e-02;7.383870e-02;8.775329e-02
7.737793e-02;8.328456e-02;1.118085e-01;1.085664e-01;4.049538e-02;9.348252e-02;9.737735e-02;7.461483e-02;7.544207e-02;7.989764e-02;6.257962e-02;9.507311e-02
4.722381e-02;7.378103e-02;6.802772e-02;1.231169e-01;8.317072e-02;1.274961e-01;7.020529e-02;6.269219e-02;9.661002e-02;1.101957e-01;6.097395e-02;7.650661e-02
3.768422e-02;1.031202e-01;5.795844e-02;1.078749e-01;1.137368e-01;1.029511e-01;8.727383e-02;7.599183e-02;1.086482e-01;1.150604e-01;3.772816e-02;5.197172e-02
9.819453e-02;7.929742e-02;6.701742e-02;1.076737e-01;1.030562e-01;5.359619e-02;1.025760e-01;8.087606e-02;9.682591e-02;1.133869e-01;5.409117e-02;4.340856e-02
1.874988e-01;8.143111e-02;7.452372e-02;8.588546e-02;7.755535e-02;4.486102e-02;8.529209e-02;7.618427e-02;8.417960e-02;1.145346e-01;3.908010e-02;4.897387e-02
1.561348e-01;1.046321e-01;1.161768e-01;7.529598e-02;6.198089e-02;6.513184e-02;7.284717e-02;6.866965e-02;8.806674e-02;8.949671e-02;5.831733e-02;4.325008e-02
1.076202e-01;1.095417e-01;1.347367e-01;7.640221e-02;8.250054e-02;6.934340e-02;8.180953e-02;7.436578e-02;8.487740e-02;7.325700e-02;6.688677e-02;3.865888e-02
8.878504e-02;1.168762e-01;1.958080e-01;6.597565e-02;8.324715e-02;7.004672e-02;1.078066e-01;5.377305e-02;5.218397e-02;6.408294e-02;5.083301e-02;5.058167e-02
5.994162e-02;9.573869e-02;3.117068e-01;9.403139e-02;7.454434e-02;5.391445e-02;1.132178e-01;2.784782e-02;4.052860e-02;5.477910e-02;4.546678e-02;2.828254e-02
6.193506e-02;6.805206e-02;3.752038e-01;1.442993e-01;5.491748e-02;3.142130e-02;8.628867e-02;2.184857e-02;4.171003e-02;5.566513e-02;4.207324e-02;1.658532e-02
6.377158e-02;4.253197e-02;3.858412e-01;2.349650e-01;4.256953e-02;2.913929e-02;4.136956e-02;1.415199e-02;4.278225e-02;4.817911e-02;4.584123e-02;8.857306e-03
3.035395e-02;2.255027e-02;2.801506e-01;3.619077e-01;6.405686e-02;5.010351e-02;1.950513e-02;3.323783e-02;3.217033e-02;3.362869e-02;6.871065e-02;3.624466e-03
1.383518e-02;2.081208e-02;1.665769e-01;4.016410e-01;1.258020e-01;5.416401e-02;1.691987e-02;5.729148e-02;1.819615e-02;3.505565e-02;7.570352e-02;1.400221e-02
1.166222e-02;2.287624e-02;1.276577e-01;2.750902e-01;2.477834e-01;4.984888e-02;4.797005e-02;4.919112e-02;2.493932e-02;3.774311e-02;4.772780e-02;5.751003e-02
3.132742e-02;7.922767e-03;1.064635e-01;1.197748e-01;3.168762e-01;1.074822e-01;9.575441e-02;2.877133e-02;5.215143e-02;2.720468e-02;2.122308e-02;8.504813e-02
7.465554e-02;9.217279e-03;7.114492e-02;5.639293e-02;2.167147e-01;2.332065e-01;1.484954e-01;4.232421e-02;4.932757e-02;3.779450e-02;1.119970e-02;4.952686e-02
1.011377e-01;3.493053e-02;3.417600e-02;3.045029e-02;8.652757e-02;3.014826e-01;2.463496e-01;4.682036e-02;2.404329e-02;6.318174e-02;1.460550e-02;1.629472e-02
5.228610e-02;5.762031e-02;2.015007e-02;1.660172e-02;3.950230e-02;2.018271e-01;4.418973e-01;6.510419e-02;2.145939e-02;4.589880e-02;2.440873e-02;1.324402e-02
9.404035e-03;4.828859e-02;4.353961e-02;1.311790e-02;3.563011e-02;1.147110e-01;4.701429e-01;1.715553e-01;3.674867e-02;2.352119e-02;1.954418e-02;1.379653e-02
1.564336e-02;2.662871e-02;6.160328e-02;2.071314e-02;2.998536e-02;9.599329e-02;3.185493e-01;2.631620e-01;1.000492e-01;2.965674e-02;1.382560e-02;2.419011e-02
2.980628e-02;1.038349e-02;4.374421e-02;5.911875e-02;3.053443e-02;1.105992e-01;1.428401e-01;2.305672e-01;2.613431e-01;3.884174e-02;1.290648e-02;2.931509e-02
6.714725e-02;1.124735e-02;2.711545e-02;9.582242e-02;2.190674e-02;7.173634e-02;9.797022e-02;1.450701e-01;3.753593e-01;5.293990e-02;1.430362e-02;1.938129e-02
7.392378e-02;1.133884e-02;2.038653e-02;8.670341e-02;2.722828e-02;3.432301e-02;1.751615e-01;1.118674e-01;3.600681e-01;6.411094e-02;1.588428e-02;1.900390e-02
5.574617e-02;1.134121e-02;2.564438e-02;7.571957e-02;2.945433e-02;7.262003e-02;2.112032e-01;9.248681e-02;3.203712e-01;8.049098e-02;1.218157e-02;1.274052e-02
5.671898e-02;2.117825e-02;3.034927e-02;8.780751e-02;5.934246e-02;1.435087e-01;1.732711e-01;5.548328e-02;1.894306e-01;1.433263e-01;2.532665e-02;1.425693e-02
5.251179e-02;2.150904e-02;3.343542e-02;6.310986e-02;6.377497e-02;1.100929e-01;1.131963e-01;9.070867e-02;2.188982e-01;1.805919e-01;3.565831e-02;1.651256e-02
3.477639e-02;1.912266e-02;3.874924e-02;7.151327e-02;3.259696e-02;7.021684e-02;1.518959e-01;6.867284e-02;3.325699e-01;1.365495e-01;3.027221e-02;1.306436e-02
3.990046e-02;2.682800e-02;4.576774e-02;7.593744e-02;3.528595e-02;9.047599e-02;1.669491e-01;3.145982e-02;3.879729e-01;5.916716e-02;2.906599e-02;1.118945e-02
4.935757e-02;3.022731e-02;2.972203e-02;7.492561e-02;3.170850e-02;8.340200e-02;1.359635e-01;8.929037e-02;3.499712e-01;7.066476e-02;2.618632e-02;2.858083e-02
