7.300642e-02;2.416036e-02;1.036529e-01;4.156067e-02;7.037406e-02;4.441451e-02;1.775844e-01;9.719209e-02;1.289093e-01;9.263442e-02;5.207227e-02;9.443860e-02
3.835433e-02;5.694282e-02;1.071574e-01;6.250630e-02;4.335675e-02;6.279059e-02;1.068048e-01;1.324398e-01;1.645354e-01;1.249918e-01;4.819237e-02;5.192760e-02
9.893688e-02;7.348938e-02;9.621690e-02;9.813293e-02;4.847096e-02;5.514334e-02;7.073195e-02;1.251039e-01;1.258104e-01;9.006658e-02;5.136038e-02;6.653644e-02
1.224349e-01;8.553546e-02;1.061220e-01;9.591837e-02;5.961421e-02;5.362517e-02;8.384763e-02;9.440407e-02;8.992765e-02;6.868932e-02;7.171390e-02;6.816735e-02
1.298096e-01;7.232169e-02;1.232244e-01;7.723076e-02;6.424820e-02;6.033091e-02;8.490653e-02;6.998506e-02;1.040339e-01;8.563679e-02;8.363032e-02;4.464185e-02
1.161529e-01;8.104650e-02;1.432215e-01;4.754051e-02;7.380578e-02;5.981055e-02;1.159651e-01;7.488355e-02;9.199240e-02;6.515201e-02;6.821624e-02;6.221303e-02
9.779809e-02;8.373637e-02;1.534112e-01;6.400023e-02;8.439984e-02;3.492289e-02;1.091529e-01;9.983467e-02;8.806737e-02;5.211151e-02;4.952463e-02;8.304033e-02
6.505919e-02;7.325624e-02;1.600869e-01;5.503437e-02;8.379360e-02;2.748280e-02;1.534327e-01;1.071303e-01;7.182571e-02;3.535380e-02;8.635976e-02;8.118467e-02
3.523792e-02;1.032685e-01;1.324524e-01;3.858208e-02;8.645523e-02;2.593799e-02;2.351534e-01;8.498026e-02;4.797089e-02;2.406046e-02;1.343173e-01;5.158362e-02
2.205886e-02;1.503631e-01;6.178395e-02;2.437948e-02;8.321016e-02;2.911635e-02;3.208339e-01;6.402673e-02;3.556084e-02;2.072384e-02;1.644331e-01;2.350961e-02
2.443068e-02;1.782532e-01;2.369339e-02;1.973102e-02;6.938499e-02;3.438281e-02;3.797192e-01;4.879427e-02;2.330324e-02;3.662487e-02;1.465168e-01;1.516548e-02
4.762609e-02;1.699546e-01;3.024295e-02;4.528059e-02;5.965284e-02;6.644345e-02;3.607069e-01;2.486014e-02;2.477946e-02;4.803044e-02;1.105759e-01;1.184670e-02
1.076093e-01;1.160636e-01;3.780793e-02;1.004039e-01;4.729047e-02;1.272333e-01;2.390751e-01;2.011602e-02;1.704387e-02;9.425262e-02;7.494901e-02;1.815489e-02
1.934495e-01;6.050450e-02;3.453149e-02;1.186393e-01;4.589112e-02;1.857170e-01;1.197582e-01;2.667186e-02;3.207164e-02;1.313874e-01;3.369270e-02;1.768541e-02
2.739782e-01;4.748746e-02;3.439215e-02;8.625727e-02;4.989971e-02;2.050901e-01;7.662287e-02;2.285435e-02;3.752521e-02;1.297641e-01;1.377255e-02;2.235597e-02
2.994806e-01;6.519461e-02;2.218799e-02;9.797531e-02;3.229911e-02;1.920544e-01;1.248613e-01;1.169789e-02;2.309424e-02;1.138517e-01;4.105770e-03;1.319717e-02
3.020595e-01;6.115417e-02;1.750187e-02;1.197469e-01;2.763940e-02;1.815520e-01;1.240482e-01;1.412775e-02;1.824410e-02;1.120413e-01;4.674876e-03;1.720985e-02
2.646966e-01;9.798677e-02;2.170159e-02;1.178009e-01;2.751138e-02;1.640855e-01;1.397145e-01;8.969317e-03;1.631401e-02;1.047852e-01;2.219441e-02;1.423976e-02
1.704739e-01;1.605458e-01;2.503065e-02;8.203236e-02;2.975260e-02;1.181175e-01;2.498523e-01;1.841805e-02;1.547306e-02;7.312103e-02;4.857646e-02;8.606250e-03
8.630667e-02;1.638891e-01;8.698943e-02;3.805753e-02;4.469014e-02;7.939319e-02;2.640354e-01;6.726414e-02;2.623274e-02;4.016178e-02;8.122233e-02;2.175759e-02
4.561742e-02;9.469226e-02;1.771653e-01;1.876065e-02;3.912427e-02;8.638620e-02;1.609171e-01;1.593045e-01;4.078970e-02;2.593994e-02;8.167341e-02;6.962924e-02
1.876116e-02;2.572298e-02;2.128109e-01;2.214945e-02;2.672774e-02;9.931710e-02;1.064535e-01;2.346176e-01;3.520961e-02;2.063843e-02;5.940049e-02;1.381912e-01
1.064025e-02;1.805494e-02;2.175175e-01;1.304447e-02;1.285748e-02;1.101277e-01;8.739986e-02;2.522708e-01;3.252917e-02;1.903522e-02;3.479197e-02;1.917307e-01
2.073284e-02;2.164546e-02;2.040888e-01;2.301965e-02;1.349501e-02;1.350696e-01;5.884503e-02;2.175280e-01;8.226983e-02;2.594679e-02;9.406973e-03;1.879520e-01
5.365365e-02;1.787450e-02;1.583086e-01;6.584019e-02;1.583765e-02;1.194244e-01;5.543537e-02;1.612174e-01;1.904126e-01;2.870890e-02;1.702516e-02;1.162615e-01
1.075708e-01;1.209134e-02;8.357459e-02;1.087138e-01;1.791513e-02;6.657939e-02;4.996667e-02;1.044795e-01;3.577830e-01;2.601124e-02;2.179984e-02;4.351477e-02
1.406282e-01;9.854101e-03;3.294969e-02;1.076139e-01;2.041615e-02;2.277566e-02;7.129424e-02;7.882714e-02;4.378651e-01;3.677969e-02;1.719702e-02;2.379903e-02
1.510685e-01;1.375384e-02;1.785710e-02;9.048381e-02;3.328331e-02;1.163575e-02;1.016884e-01;4.689612e-02;4.485947e-01;5.729127e-02;1.590932e-02;1.153785e-02
1.158097e-01;2.462462e-02;2.452122e-02;9.259904e-02;6.084251e-02;1.481698e-02;1.148094e-01;2.027609e-02;4.124548e-01;9.366371e-02;1.321670e-02;1.236528e-02
6.644145e-02;4.597884e-02;7.514616e-02;1.001155e-01;7.996712e-02;1.594305e-02;1.130334e-01;2.613571e-02;3.373194e-01;1.150553e-01;1.404789e-02;1.081633e-02
7.569528e-02;5.585518e-02;1.255013e-01;1.045566e-01;7.253712e-02;1.977249e-02;1.282152e-01;3.538033e-02;2.512868e-01;8.901490e-02;2.313758e-02;1.904723e-02
7.483424e-02;4.336152e-02;1.775617e-01;1.139807e-01;6.105202e-02;2.656213e-02;1.674547e-01;5.099084e-02;1.890837e-01;4.664653e-02;2.397812e-02;2.449375e-02
6.181614e-02;1.421568e-02;1.587059e-01;5.988950e-02;3.762140e-02;3.045299e-02;1.461713e-01;7.681037e-02;2.893924e-01;6.857933e-02;2.401844e-02;3.232644e-02
4.020662e-02;2.015117e-02;1.279739e-01;3.260034e-02;3.633784e-02;3.403922e-02;1.488042e-01;1.029627e-01;2.901129e-01;1.066286e-01;2.426942e-02;3.591307e-02
7.353254e-02;3.291324e-02;1.546476e-01;5.490907e-02;4.379374e-02;3.209769e-02;1.017219e-01;1.710170e-01;1.769337e-01;7.316346e-02;4.592891e-02;3.934130e-02
6.019824e-02;4.234742e-02;2.052493e-01;9.317081e-02;6.045859e-02;5.592383e-02;1.041968e-01;1.644964e-01;7.182404e-02;6.379000e-02;4.405973e-02;3.428481e-02
4.418096e-02;3.283642e-02;1.782286e-01;1.459788e-01;5.779054e-02;4.517283e-02;8.051749e-02;1.018243e-01;1.765281e-01;6.147379e-02;4.474275e-02;3.072539e-02
4.754363e-02;1.113023e-02;1.512849e-01;2.202312e-01;6.645669e-02;3.102617e-02;4.495185e-02;5.474519e-02;2.509634e-01;5.162229e-02;5.334103e-02;1.670338e-02
4.987372e-02;1.441639e-02;2.152854e-01;2.355990e-01;5.377628e-02;1.304374e-02;4.505745e-02;3.286304e-02;2.253779e-01;4.082466e-02;5.596694e-02;1.791550e-02
4.502895e-02;3.398141e-02;3.201465e-01;1.753931e-01;3.438265e-02;1.985849e-02;8.078727e-02;4.651871e-02;1.436406e-01;2.684372e-02;4.628633e-02;2.713230e-02
5.106816e-02;7.321774e-02;3.399526e-01;1.040784e-01;2.789382e-02;3.270404e-02;1.479002e-01;6.367583e-02;7.556091e-02;2.297183e-02;2.999563e-02;3.098082e-02
7.861151e-02;9.350143e-02;2.837697e-01;6.898925e-02;3.458803e-02;3.887006e-02;1.955490e-01;5.702670e-02;6.074461e-02;2.990013e-02;2.516359e-02;3.328599e-02
9.386223e-02;9.879699e-02;2.232899e-01;6.754921e-02;4.860221e-02;4.347108e-02;2.035318e-01;3.743878e-02;9.184971e-02;3.206256e-02;3.501100e-02;2.453445e-02
1.211983e-01;8.693655e-02;1.212831e-01;1.078611e-01;6.321350e-02;4.588389e-02;1.519761e-01;7.225120e-02;9.920398e-02;5.250873e-02;4.818271e-02;2.950074e-02
1.373579e-01;1.062355e-01;1.621732e-01;1.041276e-01;7.983596e-02;5.292857e-02;1.324302e-01;4.848320e-02;5.268487e-02;4.207738e-02;4.863660e-02;3.302909e-02
8.095406e-02;9.737092e-02;2.582128e-01;1.118500e-01;1.149196e-01;6.737126e-02;4.646565e-02;4.566487e-02;4.905762e-02;3.622347e-02;4.949056e-02;4.241920e-02
9.145287e-02;7.603446e-02;2.502660e-01;7.377125e-02;9.641024e-02;7.410694e-02;8.186898e-02;5.313259e-02;8.508083e-02;4.613481e-02;2.696982e-02;4.477114e-02
7.286998e-02;5.258218e-02;1.597473e-01;6.683221e-02;7.307791e-02;8.330664e-02;1.261726e-01;8.010881e-02;1.331846e-01;8.771469e-02;3.137361e-02;3.302941e-02
1.186897e-01;5.312974e-02;9.786784e-02;5.886145e-02;6.113120e-02;7.095018e-02;1.946483e-01;7.194125e-02;1.159901e-01;8.664209e-02;4.456013e-02;2.558807e-02
1.449720e-01;6.643701e-02;4.328907e-02;3.145301e-02;7.488894e-02;6.889698e-02;3.114251e-01;5.285355e-02;6.858099e-02;6.611730e-02;4.050300e-02;3.058311e-02
1.296137e-01;4.879622e-02;3.787846e-02;2.351258e-02;7.822537e-02;9.985008e-02;3.948173e-01;3.838426e-02;4.344722e-02;6.139894e-02;2.190972e-02;2.216615e-02
1.384019e-01;4.690438e-02;2.048677e-02;3.362715e-02;8.141325e-02;1.292206e-01;4.254964e-01;2.475186e-02;2.356796e-02;5.727934e-02;8.474802e-03;1.037552e-02
1.571033e-01;4.944658e-02;2.224222e-02;3.376764e-02;8.967227e-02;1.388022e-01;3.879628e-01;2.039903e-02;1.745884e-02;5.439400e-02;1.478558e-02;1.396553e-02
1.645561e-01;4.466870e-02;6.215773e-02;3.298988e-02;1.241555e-01;1.351348e-01;2.821324e-01;1.906454e-02;3.589496e-02;4.672270e-02;2.017892e-02;3.234369e-02
1.453189e-01;4.405176e-02;1.433695e-01;3.589104e-02;1.870544e-01;1.249471e-01;1.278961e-01;1.447837e-02;6.008301e-02;3.131337e-02;3.124562e-02;5.435081e-02
1.019784e-01;2.826160e-02;1.848788e-01;3.173825e-02;2.019317e-01;1.121217e-01;1.839906e-01;9.383399e-03;5.752900e-02;1.876151e-02;2.654909e-02;4.287592e-02
1.157908e-01;3.097164e-02;1.479578e-01;4.091242e-02;1.968042e-01;1.281700e-01;1.950625e-01;1.352081e-02;5.677697e-02;8.469938e-03;1.901977e-02;4.654310e-02
8.388496e-02;2.947735e-02;1.820277e-01;5.100052e-02;2.177310e-01;1.168484e-01;1.312441e-01;1.627993e-02;6.130395e-02;8.328348e-03;2.169934e-02;8.017442e-02
5.054118e-02;4.692643e-02;2.295887e-01;6.183055e-02;2.161396e-01;9.132013e-02;8.781861e-02;2.866648e-02;4.795891e-02;1.293972e-02;3.779010e-02;8.847968e-02
4.309561e-02;6.816642e-02;3.004069e-01;8.713258e-02;1.815997e-01;6.803294e-02;5.049154e-02;3.756115e-02;1.978045e-02;1.342980e-02;6.797525e-02;6.232769e-02
2.515746e-02;5.595049e-02;3.869295e-01;1.099844e-01;1.367206e-01;4.712920e-02;3.882556e-02;3.809397e-02;1.326475e-02;1.699880e-02;9.681658e-02;3.412856e-02
3.550734e-02;3.263039e-02;4.905044e-01;1.178584e-01;9.417737e-02;2.754962e-02;2.621523e-02;2.443522e-02;1.293555e-02;2.569437e-02;9.023350e-02;2.225861e-02
4.737920e-02;2.153213e-02;5.536488e-01;9.862508e-02;7.182996e-02;1.487237e-02;3.252544e-02;2.065081e-02;1.375360e-02;3.972968e-02;7.259259e-02;1.286032e-02
5.829450e-02;1.727333e-02;5.812824e-01;7.903860e-02;6.315578e-02;1.313719e-02;2.987311e-02;1.927290e-02;1.381730e-02;5.422338e-02;6.362186e-02;7.009672e-03
6.225336e-02;1.404508e-02;6.008449e-01;6.933094e-02;5.425990e-02;1.283360e-02;3.711210e-02;1.787932e-02;1.962089e-02;5.774481e-02;4.515759e-02;8.917555e-03
5.466565e-02;1.316971e-02;5.443950e-01;7.579836e-02;6.719181e-02;2.366017e-02;3.901967e-02;3.101432e-02;2.983844e-02;5.409267e-02;4.328267e-02;2.387161e-02
6.442785e-02;5.882410e-02;2.616340e-01;9.624436e-02;9.154249e-02;4.827027e-02;1.143549e-01;8.284229e-02;5.679295e-02;2.723458e-02;4.925140e-02;4.858083e-02
5.386315e-02;9.504990e-02;1.592919e-01;1.201949e-01;8.637415e-02;5.414028e-02;9.774557e-02;1.373607e-01;6.524727e-02;2.420372e-02;6.491028e-02;4.161812e-02
2.613368e-02;1.032654e-01;1.411050e-01;1.418800e-01;7.294819e-02;5.136206e-02;8.417895e-02;1.896266e-01;6.391700e-02;2.249747e-02;6.877922e-02;3.430638e-02
1.676005e-02;1.230648e-01;1.139040e-01;1.375993e-01;6.244319e-02;3.886481e-02;6.863157e-02;2.357840e-01;5.850100e-02;1.239437e-02;8.899857e-02;4.305429e-02
1.421347e-02;1.362882e-01;7.942452e-02;9.009313e-02;7.014894e-02;1.411137e-02;2.791446e-02;2.096207e-01;1.719951e-01;1.737090e-02;7.964251e-02;8.917672e-02
2.230300e-02;8.444903e-02;8.186133e-02;4.105294e-02;7.936967e-02;1.528731e-02;3.002653e-02;1.292100e-01;3.165364e-01;1.583797e-02;4.530783e-02;1.387579e-01
4.102320e-02;3.486126e-02;1.071326e-01;2.004203e-02;7.131751e-02;2.143826e-02;4.060722e-02;7.385935e-02;4.065427e-01;3.153830e-02;3.039412e-02;1.212435e-01
9.271325e-02;1.488145e-02;1.111298e-01;2.569323e-02;4.930213e-02;4.064547e-02;4.910155e-02;5.960216e-02;3.815622e-01;8.675256e-02;2.589531e-02;6.272087e-02
1.549270e-01;2.622944e-02;7.775965e-02;3.988337e-02;2.794765e-02;7.784905e-02;7.742824e-02;6.026401e-02;2.362498e-01;1.805469e-01;2.068474e-02;2.023014e-02
1.481282e-01;4.779590e-02;4.005464e-02;4.959131e-02;2.781878e-02;9.202547e-02;1.355489e-01;4.864955e-02;1.126926e-01;2.290815e-01;5.266927e-02;1.594398e-02
7.069796e-02;8.417125e-02;3.272337e-02;3.807322e-02;4.482869e-02;6.287865e-02;2.048440e-01;4.741805e-02;9.405046e-02;1.524759e-01;1.562236e-01;1.161480e-02
1.972464e-02;1.045015e-01;4.367182e-02;1.275690e-02;7.588999e-02;2.795661e-02;2.524698e-01;6.151697e-02;7.122064e-02;6.074383e-02;2.405657e-01;2.898162e-02
3.229300e-02;7.309914e-02;9.270552e-02;1.199182e-02;8.446533e-02;1.679157e-02;2.403506e-01;9.477972e-02;4.946385e-02;4.461557e-02;2.032322e-01;5.621161e-02
3.993936e-02;5.793604e-02;1.314216e-01;1.215315e-02;6.133915e-02;2.191328e-02;2.160847e-01;1.544995e-01;4.320889e-02;6.071166e-02;1.200258e-01;8.076688e-02
5.404925e-02;2.683202e-02;1.350033e-01;2.075126e-02;4.730539e-02;2.923909e-02;1.701566e-01;1.723524e-01;6.088626e-02;6.325131e-02;9.902734e-02;1.211458e-01
5.676074e-02;3.387260e-02;1.200197e-01;2.202771e-02;4.777265e-02;2.759935e-02;1.457103e-01;1.602303e-01;6.712134e-02;6.148028e-02;9.971615e-02;1.576889e-01
4.226495e-02;3.072177e-02;1.100254e-01;2.705391e-02;3.441289e-02;4.906338e-02;1.416999e-01;1.536317e-01;6.656540e-02;5.217946e-02;9.050396e-02;2.018773e-01
3.293971e-02;4.240825e-02;1.151471e-01;3.238428e-02;2.055874e-02;5.333205e-02;1.648669e-01;1.414729e-01;6.896403e-02;4.583516e-02;8.184698e-02;2.002439e-01
5.434966e-02;5.873358e-02;9.158230e-02;2.525277e-02;5.078012e-02;4.226712e-02;2.594002e-01;8.934867e-02;1.224603e-01;4.248178e-02;4.801365e-02;1.153298e-01
6.911990e-02;5.620833e-02;9.277748e-02;2.936695e-02;5.551837e-02;4.821914e-02;2.811475e-01;1.123368e-01;1.322121e-01;3.741887e-02;2.881773e-02;5.685683e-02
7.288867e-02;5.458667e-02;1.471816e-01;5.400926e-02;5.002478e-02;4.683098e-02;1.791386e-01;1.450520e-01;6.294621e-02;6.329627e-02;3.821282e-02;8.583210e-02
5.453699e-02;3.766937e-02;1.765403e-01;5.796918e-02;4.001338e-02;3.268522e-02;9.302425e-02;1.125126e-01;8.176909e-02;8.998553e-02;9.170596e-02;1.315882e-01
6.392663e-02;5.535083e-02;1.196340e-01;5.188467e-02;3.292025e-02;5.275368e-02;1.130070e-01;7.733407e-02;1.138493e-01;7.835284e-02;1.116396e-01;1.293472e-01
8.118802e-02;5.495970e-02;8.178855e-02;7.956090e-02;4.827690e-02;7.743487e-02;9.992828e-02;9.014747e-02;1.081455e-01;8.702248e-02;1.149235e-01;7.662387e-02
7.058891e-02;7.487054e-02;8.219213e-02;7.425612e-02;8.885848e-02;9.009425e-02;1.036481e-01;9.785996e-02;1.323141e-01;8.637054e-02;3.667842e-02;6.226841e-02
7.828505e-02;7.785331e-02;9.429494e-02;3.386063e-02;8.269481e-02;6.978526e-02;8.873289e-02;8.227364e-02;1.400839e-01;9.146740e-02;7.056667e-02;9.010156e-02
7.028627e-02;6.125239e-02;7.657417e-02;4.313334e-02;5.428401e-02;5.386156e-02;7.591054e-02;1.115126e-01;1.681324e-01;1.031442e-01;1.209131e-01;6.099556e-02
6.177201e-02;6.374206e-02;5.721426e-02;4.255267e-02;4.960907e-02;6.314378e-02;1.105690e-01;1.200547e-01;1.699687e-01;8.767968e-02;1.167094e-01;5.698473e-02
7.304378e-02;9.927279e-02;1.109960e-01;6.062178e-02;3.626369e-02;6.510447e-02;1.263934e-01;1.056907e-01;1.086195e-01;6.934354e-02;1.048536e-01;3.979665e-02
9.804188e-02;7.925394e-02;1.139721e-01;7.001131e-02;5.923006e-02;9.698476e-02;1.245847e-01;5.533337e-02;4.818084e-02;8.485623e-02;1.277705e-01;4.178021e-02
8.788481e-02;9.108463e-02;1.208166e-01;5.648651e-02;7.238818e-02;8.579078e-02;1.690960e-01;5.665780e-02;4.517736e-02;6.737635e-02;1.057703e-01;4.147068e-02
6.881417e-02;1.192490e-01;1.288858e-01;4.899076e-02;6.657273e-02;6.302343e-02;2.472204e-01;7.126458e-02;2.564340e-02;4.062994e-02;9.511810e-02;2.458757e-02
8.611449e-02;1.145449e-01;8.468227e-02;6.011427e-02;5.378873e-02;9.073880e-02;2.702770e-01;7.159428e-02;1.824282e-02;6.647503e-02;6.951003e-02;1.391736e-02
1.157155e-01;7.081213e-02;5.179827e-02;7.491331e-02;4.834636e-02;1.460835e-01;2.040057e-01;5.084994e-02;6.420130e-02;1.026666e-01;4.288006e-02;2.772724e-02
1.005824e-01;3.549340e-02;8.171696e-02;6.565021e-02;6.119389e-02;1.592498e-01;1.138530e-01;5.707059e-02;1.380344e-01;1.003412e-01;3.638103e-02;5.043311e-02
8.924440e-02;5.478796e-02;8.746997e-02;2.877139e-02;7.904039e-02;1.345763e-01;8.964419e-02;5.042325e-02;1.838860e-01;7.838644e-02;4.940262e-02;7.436711e-02
1.092823e-01;7.354161e-02;6.768893e-02;5.574118e-02;7.568397e-02;1.031523e-01;1.314497e-01;4.884322e-02;1.421415e-01;8.917746e-02;4.308388e-02;6.021390e-02
1.047734e-01;6.353057e-02;9.523263e-02;7.645499e-02;9.971201e-02;1.026032e-01;1.210484e-01;4.491753e-02;9.241696e-02;1.056880e-01;4.660291e-02;4.701932e-02
7.363860e-02;5.268267e-02;7.970805e-02;4.988206e-02;7.934284e-02;1.311104e-01;1.493052e-01;8.746964e-02;1.046716e-01;1.103301e-01;3.479315e-02;4.706576e-02
5.934178e-02;5.665864e-02;5.884465e-02;3.691355e-02;5.416244e-02;1.113371e-01;1.846967e-01;6.039011e-02;1.618390e-01;1.223933e-01;7.163786e-02;2.178493e-02
8.987383e-02;3.505994e-02;5.851909e-02;3.793538e-02;4.074867e-02;1.246024e-01;2.066426e-01;6.340751e-02;1.636398e-01;6.770361e-02;8.189660e-02;2.997052e-02
1.112550e-01;2.945816e-02;8.465544e-02;5.952472e-02;5.852180e-02;1.234306e-01;2.154128e-01;7.047421e-02;1.074743e-01;3.798898e-02;6.242343e-02;3.938063e-02
1.305586e-01;3.981933e-02;1.382648e-01;6.354246e-02;7.638789e-02;7.298969e-02;1.699674e-01;9.311203e-02;6.881911e-02;5.918658e-02;4.215756e-02;4.519453e-02
1.188385e-01;7.666909e-02;1.040252e-01;5.478726e-02;9.085811e-02;6.410210e-02;8.059936e-02;1.157352e-01;1.211928e-01;8.407409e-02;3.539153e-02;5.372679e-02
7.507950e-02;9.756202e-02;7.951611e-02;7.545090e-02;6.603183e-02;6.204470e-02;1.225058e-01;1.102810e-01;1.407452e-01;8.056912e-02;4.130770e-02;4.890617e-02
6.401192e-02;9.635890e-02;9.566630e-02;8.668113e-02;6.724537e-02;4.977955e-02;1.740889e-01;9.262911e-02;1.405287e-01;5.563274e-02;3.153832e-02;4.583903e-02
6.340691e-02;6.278814e-02;1.363691e-01;7.991831e-02;9.097552e-02;5.685947e-02;1.927947e-01;7.021156e-02;1.027699e-01;5.184929e-02;3.831109e-02;5.374601e-02
8.145361e-02;4.661909e-02;1.477490e-01;6.523207e-02;6.656836e-02;6.452363e-02;1.514737e-01;1.166281e-01;8.401813e-02;5.281812e-02;5.641847e-02;6.649765e-02
8.632004e-02;8.435701e-02;1.347046e-01;7.550029e-02;5.129325e-02;6.721151e-02;1.235111e-01;1.322427e-01;5.488962e-02;6.196219e-02;5.670026e-02;7.130738e-02
3.938290e-02;4.737467e-02;1.140430e-01;3.861444e-02;8.512144e-02;1.096830e-01;2.187135e-01;9.927277e-02;7.126597e-02;5.564415e-02;6.777774e-02;5.310652e-02
5.516378e-02;6.308600e-02;1.157934e-01;6.622303e-02;9.053561e-02;1.123337e-01;2.384081e-01;7.946532e-02;3.350172e-02;5.201245e-02;5.748023e-02;3.599663e-02
5.810789e-02;5.853061e-02;9.092870e-02;6.548553e-02;6.765663e-02;1.231662e-01;2.533605e-01;1.140995e-01;3.320011e-02;4.363333e-02;6.452319e-02;2.730782e-02
4.323308e-02;5.253313e-02;5.378011e-02;5.057053e-02;5.898213e-02;1.132424e-01;2.487142e-01;1.452992e-01;7.621083e-02;4.294077e-02;8.220341e-02;3.229012e-02
2.729900e-02;6.737988e-02;3.533856e-02;2.856298e-02;5.787585e-02;7.713149e-02;2.611717e-01;1.240897e-01;1.071703e-01;4.013938e-02;1.438650e-01;2.997615e-02
2.169519e-02;8.921124e-02;2.272417e-02;1.121550e-02;3.090989e-02;4.817256e-02;3.197627e-01;6.046137e-02;9.917071e-02;1.189449e-02;2.693766e-01;1.540551e-02
1.677392e-02;7.737049e-02;3.102522e-02;1.032945e-02;2.723591e-02;3.071003e-02;3.150053e-01;6.585609e-02;5.652272e-02;1.248653e-02;3.244652e-01;3.221910e-02
2.237030e-02;6.030478e-02;5.776407e-02;1.280266e-02;5.347869e-02;3.154247e-02;2.661720e-01;5.749776e-02;4.659094e-02;2.577788e-02;2.931947e-01;7.250381e-02
4.889917e-02;3.644326e-02;8.918361e-02;2.293864e-02;5.006190e-02;2.832729e-02;1.728316e-01;1.071038e-01;6.278546e-02;3.468506e-02;1.746445e-01;1.720957e-01
1.044401e-01;2.528435e-02;1.019246e-01;3.757202e-02;4.438476e-02;3.265473e-02;9.257663e-02;8.779740e-02;1.532757e-01;6.624227e-02;4.639572e-02;2.074517e-01
9.918928e-02;6.580057e-02;9.851310e-02;4.621870e-02;7.056475e-02;2.553764e-02;9.337063e-02;5.156657e-02;1.797006e-01;6.110597e-02;1.081397e-01;1.002925e-01
5.929974e-02;6.455758e-02;9.215395e-02;8.713225e-02;1.108913e-01;4.654428e-02;1.189466e-01;4.466125e-02;9.712940e-02;4.687315e-02;1.007638e-01;1.310468e-01
6.374259e-02;6.434007e-02;1.081659e-01;1.188685e-01;1.076398e-01;4.679411e-02;1.192723e-01;2.883899e-02;4.189217e-02;7.169479e-02;6.175543e-02;1.669953e-01
4.959784e-02;7.363000e-02;1.427941e-01;1.279886e-01;6.514549e-02;5.152339e-02;8.294654e-02;3.555389e-02;4.969962e-02;5.937435e-02;1.606606e-01;1.010856e-01
5.207835e-02;9.470552e-02;2.247121e-01;9.765753e-02;3.815133e-02;4.125078e-02;7.261092e-02;4.081966e-02;8.209093e-02;9.606178e-02;1.272143e-01;3.264677e-02
8.675972e-02;1.161071e-01;2.285483e-01;4.357484e-02;2.358576e-02;5.171219e-02;7.568903e-02;6.507494e-02;1.436329e-01;8.396917e-02;3.791262e-02;4.343336e-02
1.014863e-01;9.896905e-02;1.798216e-01;2.407209e-02;4.581926e-02;5.713814e-02;1.032467e-01;7.787353e-02;1.656799e-01;2.808047e-02;4.893746e-02;6.887553e-02
9.635455e-02;7.686730e-02;1.850545e-01;2.321435e-02;5.322123e-02;6.501810e-02;1.202879e-01;7.794200e-02;1.089467e-01;5.544587e-02;8.621009e-02;5.143736e-02
1.481893e-01;8.380916e-02;1.280760e-01;3.835353e-02;5.312231e-02;6.165172e-02;6.973057e-02;9.915229e-02;1.039165e-01;6.753080e-02;1.155573e-01;3.091056e-02
1.351452e-01;1.012636e-01;9.402005e-02;3.816907e-02;3.686889e-02;7.666206e-02;9.025683e-02;7.809690e-02;1.173200e-01;5.840645e-02;9.823339e-02;7.555754e-02
9.498037e-02;1.092784e-01;1.283893e-01;6.394054e-02;2.755428e-02;8.892599e-02;6.984042e-02;5.116808e-02;1.155973e-01;5.490348e-02;1.112574e-01;8.416434e-02
4.483547e-02;9.454411e-02;7.580061e-02;7.258106e-02;4.086178e-02;6.551847e-02;1.177063e-01;4.729347e-02;1.610191e-01;5.147148e-02;1.678405e-01;6.052769e-02
3.756211e-02;8.067817e-02;9.296186e-02;6.670262e-02;5.128717e-02;4.730646e-02;1.034215e-01;8.180029e-02;1.425061e-01;5.578079e-02;1.468408e-01;9.315211e-02
6.015312e-02;5.838135e-02;9.892509e-02;7.046333e-02;6.196826e-02;4.404978e-02;1.154081e-01;1.246193e-01;7.620396e-02;8.691210e-02;1.151246e-01;8.779094e-02
7.954334e-02;6.775339e-02;9.575104e-02;5.728846e-02;4.508797e-02;3.329583e-02;1.153513e-01;1.663428e-01;1.008435e-01;8.411720e-02;8.095789e-02;7.366726e-02
6.430582e-02;1.069367e-01;1.199379e-01;4.608196e-02;6.574330e-02;5.099694e-02;8.598097e-02;1.483451e-01;7.207292e-02;1.056940e-01;7.031064e-02;6.359389e-02
9.502905e-02;7.367896e-02;1.374286e-01;5.714377e-02;7.463638e-02;6.855386e-02;1.120927e-01;8.263056e-02;7.544798e-02;6.434801e-02;7.843400e-02;8.057616e-02
1.097544e-01;7.880425e-02;1.511599e-01;4.970344e-02;7.105418e-02;6.866913e-02;1.303465e-01;9.011228e-02;6.590542e-02;6.043378e-02;8.541428e-02;3.864252e-02
1.180786e-01;7.895647e-02;1.337819e-01;5.205082e-02;7.107358e-02;7.969343e-02;1.114117e-01;7.055627e-02;1.010062e-01;5.923426e-02;7.479680e-02;4.936006e-02
1.028211e-01;6.047760e-02;1.522441e-01;9.418543e-02;6.048587e-02;5.653702e-02;1.036430e-01;5.092453e-02;1.553593e-01;6.360128e-02;6.160896e-02;3.811179e-02
7.920542e-02;3.798797e-02;1.628625e-01;1.564338e-01;5.084631e-02;2.726279e-02;8.291010e-02;3.663214e-02;2.281323e-01;6.680913e-02;5.255041e-02;1.836717e-02
5.805895e-02;1.809009e-02;1.452462e-01;2.165297e-01;4.790262e-02;1.140214e-02;4.908343e-02;3.972740e-02;2.867382e-01;5.604300e-02;6.020913e-02;1.096918e-02
7.782834e-02;1.064836e-02;1.331375e-01;2.315510e-01;4.711947e-02;7.990607e-03;4.057414e-02;3.555649e-02;2.857309e-01;5.625908e-02;6.477979e-02;8.824307e-03
8.926607e-02;8.137114e-03;1.213962e-01;2.219823e-01;4.956005e-02;6.919605e-03;6.147022e-02;3.685210e-02;2.758951e-01;6.535675e-02;4.991763e-02;1.324672e-02
9.938812e-02;1.091935e-02;1.401245e-01;1.698772e-01;4.238775e-02;1.407999e-02;1.336243e-01;4.521675e-02;2.260824e-01;6.469734e-02;4.001255e-02;1.358981e-02
9.518992e-02;2.516029e-02;1.765230e-01;1.183636e-01;3.508659e-02;1.869913e-02;1.958381e-01;4.851715e-02;1.689478e-01;5.437395e-02;4.208406e-02;2.121635e-02
8.340085e-02;3.129829e-02;2.129161e-01;8.445384e-02;3.085086e-02;2.175644e-02;2.631681e-01;5.752572e-02;1.046380e-01;4.897354e-02;3.514022e-02;2.587811e-02
6.635602e-02;3.956021e-02;2.081323e-01;5.968330e-02;2.903080e-02;1.622665e-02;3.372429e-01;6.144775e-02;1.046749e-01;3.823093e-02;2.552691e-02;1.388736e-02
8.284738e-02;4.869788e-02;9.629410e-02;5.698194e-02;3.220444e-02;1.530234e-02;3.926612e-01;4.177006e-02;1.413569e-01;3.810698e-02;4.008573e-02;1.369102e-02
7.314938e-02;7.112505e-02;1.073077e-01;5.638850e-02;3.463183e-02;2.882249e-02;3.791738e-01;3.436592e-02;9.234602e-02;4.678418e-02;4.723474e-02;2.867037e-02
5.089853e-02;7.291605e-02;1.206058e-01;5.236652e-02;3.845298e-02;4.006222e-02;3.491418e-01;3.666855e-02;9.205181e-02;6.473538e-02;4.605232e-02;3.604797e-02
3.399478e-02;7.431766e-02;1.340700e-01;4.425868e-02;3.087297e-02;3.139303e-02;4.011922e-01;3.870902e-02;9.677955e-02;6.317508e-02;2.561369e-02;2.562329e-02
2.694574e-02;6.638367e-02;1.473434e-01;2.440335e-02;4.119467e-02;3.447100e-02;4.248820e-01;4.602056e-02;9.167331e-02;6.286854e-02;2.440149e-02;9.412294e-03
1.866361e-02;5.002350e-02;1.957780e-01;3.941425e-02;3.874244e-02;4.108392e-02;3.442489e-01;6.318796e-02;8.251802e-02;7.098445e-02;3.161879e-02;2.373613e-02
2.247200e-02;3.988261e-02;2.577218e-01;7.131958e-02;4.393443e-02;3.610990e-02;1.943157e-01;7.668924e-02;1.032068e-01;1.003289e-01;2.747872e-02;2.654028e-02
2.957612e-02;2.164471e-02;2.334628e-01;1.087026e-01;3.683123e-02;2.597995e-02;9.965581e-02;6.523452e-02;1.573486e-01;1.553443e-01;4.178609e-02;2.443325e-02
4.113799e-02;1.203992e-02;1.662218e-01;1.106555e-01;4.281294e-02;2.121075e-02;1.102760e-01;5.328672e-02;1.833011e-01;1.868555e-01;5.928602e-02;1.291572e-02
3.996785e-02;3.329434e-02;1.246153e-01;7.384583e-02;7.251403e-02;2.621725e-02;8.214410e-02;3.479590e-02;1.587802e-01;2.446197e-01;9.125755e-02;1.794798e-02
3.265740e-02;4.350500e-02;8.550312e-02;2.841167e-02;8.901824e-02;4.075707e-02;4.640423e-02;3.309672e-02;1.006804e-01;3.145677e-01;1.567677e-01;2.863079e-02
3.213338e-02;4.135664e-02;9.397262e-02;3.290457e-02;5.207812e-02;7.011240e-02;6.272108e-02;3.910881e-02;4.525549e-02;2.594752e-01;2.266181e-01;4.426360e-02
4.370547e-02;2.579682e-02;1.041681e-01;4.179017e-02;4.621890e-02;7.889485e-02;6.325971e-02;3.508108e-02;4.483187e-02;2.113261e-01;2.448961e-01;6.003084e-02
3.261674e-02;2.764090e-02;4.305103e-02;5.391265e-02;6.889351e-02;6.579065e-02;1.283019e-01;4.078838e-02;7.061020e-02;2.260769e-01;1.910039e-01;5.131315e-02
1.958434e-02;3.508822e-02;9.304611e-02;6.056486e-02;7.211047e-02;4.876731e-02;2.228115e-01;5.282151e-02;6.913006e-02;1.769674e-01;1.118288e-01;3.727952e-02
2.521655e-02;4.271783e-02;1.382054e-01;7.178821e-02;9.115992e-02;4.018533e-02;2.549408e-01;5.096348e-02;5.406041e-02;1.410467e-01;6.604822e-02;2.366706e-02
4.130271e-02;4.081364e-02;1.740008e-01;4.869148e-02;6.958777e-02;4.948378e-02;2.012556e-01;5.825905e-02;5.304137e-02;1.293112e-01;1.027923e-01;3.146013e-02
3.025689e-02;3.757180e-02;1.554863e-01;5.041192e-02;6.011823e-02;6.747570e-02;1.467497e-01;7.914069e-02;7.846170e-02;1.282558e-01;1.335307e-01;3.254050e-02
4.570474e-02;5.501593e-02;9.834662e-02;6.015554e-02;7.239661e-02;5.225658e-02;1.262857e-01;1.119672e-01;8.558764e-02;1.343931e-01;1.156903e-01;4.220003e-02
6.764234e-02;8.661027e-02;9.584610e-02;4.145523e-02;6.234812e-02;4.560067e-02;9.321841e-02;1.152649e-01;9.453730e-02;1.714187e-01;6.281704e-02;6.324094e-02
7.789663e-02;7.287166e-02;9.016579e-02;8.832233e-02;8.310236e-02;9.260327e-02;1.225246e-01;6.899139e-02;6.639592e-02;1.002526e-01;8.814260e-02;4.873091e-02
9.590493e-02;6.179031e-02;1.008228e-01;1.015874e-01;9.379353e-02;1.114151e-01;1.089006e-01;5.836403e-02;5.639912e-02;6.104911e-02;8.113116e-02;6.884194e-02
1.187804e-01;8.017408e-02;1.277432e-01;9.168207e-02;1.107529e-01;9.895308e-02;1.044432e-01;4.214258e-02;4.955266e-02;6.178365e-02;5.171419e-02;6.227795e-02
1.127530e-01;8.313193e-02;1.461799e-01;7.695872e-02;8.244180e-02;9.289878e-02;9.731039e-02;6.454168e-02;4.627849e-02;6.596767e-02;6.900790e-02;6.252982e-02
9.508557e-02;9.614293e-02;1.378383e-01;7.940667e-02;6.721640e-02;9.949189e-02;1.097903e-01;5.752650e-02;5.532867e-02;6.351745e-02;7.706696e-02;6.158832e-02
9.577939e-02;1.083404e-01;1.988382e-01;7.415012e-02;6.782203e-02;9.109737e-02;1.282892e-01;3.579108e-02;4.941994e-02;3.231047e-02;5.383820e-02;6.432375e-02
1.239189e-01;7.368212e-02;2.292973e-01;1.040938e-01;8.261076e-02;3.432145e-02;1.237638e-01;3.269887e-02;5.655187e-02;5.492262e-02;4.196232e-02;4.217610e-02
1.163055e-01;4.839014e-02;1.933693e-01;1.445438e-01;9.116908e-02;3.845168e-02;1.068809e-01;3.430311e-02;8.401269e-02;6.219094e-02;4.725783e-02;3.312493e-02
9.919274e-02;2.468733e-02;1.241345e-01;2.164408e-01;1.175698e-01;3.222029e-02;6.758934e-02;2.547424e-02;1.465800e-01;6.432749e-02;5.551276e-02;2.627067e-02
8.941058e-02;1.659425e-02;6.061996e-02;2.353007e-01;1.140526e-01;3.770152e-02;4.028000e-02;6.262167e-02;2.097001e-01;5.097593e-02;5.127080e-02;3.147190e-02
4.943911e-02;2.796118e-02;1.743796e-01;1.597277e-01;6.288655e-02;6.778053e-02;5.015420e-02;1.009311e-01;1.764502e-01;3.715118e-02;3.385734e-02;5.928137e-02
1.950293e-02;2.574651e-02;2.558666e-01;9.480300e-02;2.610719e-02;8.489130e-02;7.328426e-02;1.555582e-01;1.130465e-01;4.284777e-02;2.511469e-02;8.323111e-02
1.269966e-02;2.800306e-02;2.792427e-01;4.537393e-02;1.877580e-02;6.742445e-02;1.110938e-01;2.003054e-01;6.678621e-02;5.971812e-02;3.324859e-02;7.732821e-02
2.511262e-02;3.712565e-02;2.621308e-01;3.220447e-02;2.714995e-02;4.232331e-02;1.635464e-01;2.079337e-01;3.632214e-02;6.867445e-02;3.753885e-02;5.993773e-02
4.543099e-02;5.441809e-02;2.101928e-01;3.188058e-02;3.962678e-02;3.206958e-02;2.155523e-01;1.965188e-01;3.465978e-02;5.998077e-02;3.310546e-02;4.656409e-02
5.515051e-02;7.013799e-02;1.692810e-01;2.981655e-02;3.839298e-02;3.071349e-02;2.663592e-01;2.045269e-01;3.179587e-02;4.185684e-02;3.016925e-02;3.179941e-02
6.733169e-02;8.473712e-02;1.592636e-01;3.043287e-02;3.989189e-02;2.485923e-02;3.019311e-01;1.918316e-01;1.954658e-02;3.010219e-02;1.713662e-02;3.293553e-02
9.536624e-02;1.059984e-01;1.460319e-01;2.922000e-02;4.204864e-02;1.662434e-02;3.167168e-01;1.591782e-01;1.864212e-02;2.059365e-02;2.108383e-02;2.849594e-02
1.369670e-01;1.291878e-01;1.223971e-01;2.314715e-02;5.123803e-02;1.359758e-02;3.255844e-01;1.175168e-01;1.212557e-02;9.131568e-03;3.658338e-02;2.252357e-02
1.899589e-01;1.467976e-01;8.575764e-02;1.356029e-02;5.722097e-02;1.892000e-02;3.272331e-01;7.241957e-02;1.504488e-02;6.972696e-03;4.679579e-02;1.931857e-02
2.210398e-01;1.560511e-01;6.520229e-02;7.356371e-03;5.769903e-02;2.246584e-02;3.303601e-01;5.262544e-02;1.432568e-02;7.463626e-03;5.146253e-02;1.394820e-02
2.151981e-01;1.543566e-01;5.798909e-02;8.764405e-03;6.113984e-02;3.375247e-02;3.418607e-01;4.633604e-02;1.456918e-02;9.607711e-03;4.501562e-02;1.141021e-02
1.809454e-01;1.458295e-01;6.863806e-02;1.945817e-02;6.592578e-02;5.560537e-02;3.196926e-01;4.318010e-02;2.843118e-02;2.125803e-02;3.164096e-02;1.939487e-02
1.621066e-01;1.512179e-01;6.242975e-02;1.898200e-02;6.707503e-02;9.058917e-02;2.454330e-01;5.319630e-02;4.839710e-02;3.849219e-02;3.197980e-02;3.010119e-02
1.383531e-01;9.176578e-02;7.142623e-02;2.020882e-02;7.272624e-02;8.689248e-02;3.897886e-01;3.564524e-02;2.625380e-02;1.510683e-02;2.189059e-02;2.994232e-02
9.584761e-02;6.532691e-02;3.041380e-02;2.429234e-02;6.745309e-02;8.069009e-02;5.432989e-01;2.164098e-02;1.228935e-02;1.935188e-02;2.179145e-02;1.760361e-02
5.147503e-02;6.250472e-02;1.699792e-02;1.730917e-02;4.607223e-02;6.411501e-02;6.404073e-01;2.246732e-02;1.675492e-02;1.708067e-02;3.625532e-02;8.560413e-03
2.878884e-02;7.155087e-02;1.688044e-02;1.099799e-02;4.253234e-02;5.002179e-02;6.716017e-01;2.635056e-02;2.023031e-02;1.369395e-02;4.103028e-02;6.320926e-03
2.375830e-02;6.614020e-02;2.607314e-02;9.472130e-03;4.490734e-02;4.603601e-02;6.569168e-01;3.241049e-02;2.212554e-02;1.597682e-02;4.628973e-02;9.893515e-03
2.257217e-02;4.448925e-02;6.863362e-02;1.505295e-02;4.277478e-02;3.803242e-02;5.900995e-01;5.594494e-02;3.055906e-02;2.591699e-02;5.067880e-02;1.524549e-02
2.731544e-02;4.196240e-02;1.204198e-01;2.028819e-02;3.134088e-02;2.519319e-02;5.163348e-01;7.402594e-02;3.982503e-02;3.158412e-02;4.968012e-02;2.203003e-02
3.286686e-02;4.298329e-02;1.362590e-01;1.956448e-02;2.794807e-02;2.576713e-02;5.034614e-01;8.970471e-02;4.030844e-02;2.233360e-02;3.032577e-02;2.847719e-02
1.970721e-02;2.515602e-02;1.739870e-01;1.929178e-02;1.679405e-02;1.426314e-02;4.667751e-01;1.094956e-01;4.974652e-02;4.369756e-02;1.609604e-02;4.498990e-02
9.878897e-03;1.505591e-02;2.210224e-01;1.496763e-02;1.177889e-02;1.252708e-02;4.364838e-01;1.131511e-01;4.521119e-02;5.314028e-02;1.037756e-02;5.640521e-02
9.247887e-03;1.669109e-02;2.515176e-01;1.123928e-02;7.448067e-03;1.572658e-02;4.070965e-01;1.082664e-01;4.783050e-02;5.270483e-02;1.182865e-02;6.040264e-02
7.966097e-03;1.952870e-02;2.737471e-01;2.299684e-02;7.171832e-03;2.650106e-02;3.568226e-01;1.095683e-01;5.915256e-02;5.354580e-02;5.705125e-03;5.729397e-02
1.584189e-02;3.095713e-02;2.649409e-01;5.566640e-02;1.516293e-02;3.269288e-02;2.784644e-01;1.044835e-01;9.057476e-02;6.127196e-02;8.249985e-03;4.169326e-02
3.933585e-02;3.185196e-02;2.154308e-01;1.142927e-01;2.544729e-02;2.369336e-02;1.777004e-01;8.840176e-02;1.491408e-01;8.927403e-02;2.162752e-02;2.380349e-02
7.725985e-02;2.120979e-02;1.377272e-01;1.652860e-01;4.130629e-02;1.246678e-02;9.914688e-02;6.985779e-02;2.050862e-01;1.224643e-01;3.633912e-02;1.184972e-02
1.142314e-01;2.459335e-02;9.118880e-02;1.703710e-01;6.068636e-02;1.215667e-02;8.253139e-02;5.078526e-02;2.132616e-01;1.382750e-01;3.776814e-02;4.151042e-03
1.377703e-01;3.690203e-02;6.333371e-02;1.484070e-01;9.666488e-02;2.545685e-02;7.524117e-02;3.284931e-02;1.680196e-01;1.680061e-01;3.686058e-02;1.048841e-02
1.316668e-01;4.986269e-02;3.422430e-02;1.134333e-01;1.208375e-01;4.896042e-02;7.300966e-02;2.429791e-02;1.234701e-01;2.010947e-01;5.386634e-02;2.527638e-02
1.114188e-01;4.933726e-02;4.396451e-02;7.623800e-02;9.475563e-02;5.282189e-02;1.248252e-01;3.265740e-02;1.249447e-01;1.645508e-01;8.371244e-02;4.077332e-02
9.511346e-02;5.037447e-02;7.666077e-02;7.384718e-02;6.277294e-02;4.642973e-02;1.886029e-01;3.400468e-02;1.533238e-01;9.202895e-02;8.874597e-02;3.809509e-02
6.643673e-02;3.793447e-02;8.303879e-02;8.686266e-02;6.192143e-02;3.633332e-02;1.324212e-01;3.581091e-02;1.980214e-01;1.327200e-01;8.177982e-02;4.671929e-02
8.421079e-02;5.030539e-02;6.890856e-02;8.516680e-02;1.089693e-01;3.823731e-02;7.777816e-02;2.168258e-02;1.545624e-01;1.985345e-01;8.355743e-02;2.808682e-02
5.642094e-02;7.363748e-02;7.054232e-02;7.450145e-02;1.706051e-01;4.891206e-02;5.483755e-02;2.686529e-02;8.106716e-02;2.446123e-01;6.725154e-02;3.074678e-02
7.238446e-02;5.764743e-02;5.269335e-02;1.128835e-01;1.984953e-01;5.178390e-02;4.681098e-02;1.770853e-02;1.180297e-01;2.108111e-01;3.803517e-02;2.271656e-02
1.039104e-01;3.135490e-02;5.458791e-02;1.846099e-01;1.645772e-01;3.628994e-02;6.431604e-02;1.414299e-02;1.864678e-01;1.204837e-01;2.483685e-02;1.442238e-02
1.082835e-01;1.710183e-02;1.324449e-01;2.228429e-01;1.018891e-01;1.630454e-02;6.592562e-02;2.089432e-02;2.254620e-01;6.234013e-02;1.726088e-02;9.250418e-03
9.664853e-02;7.090312e-03;2.049148e-01;2.287433e-01;6.092580e-02;1.106047e-02;6.967893e-02;2.122723e-02;2.299632e-01;4.607384e-02;1.769155e-02;5.981973e-03
7.359853e-02;1.266271e-02;2.270517e-01;1.900888e-01;4.399345e-02;2.881356e-02;1.248961e-01;3.015012e-02;1.960036e-01;4.235171e-02;1.884382e-02;1.154596e-02
4.961956e-02;1.537662e-02;2.217610e-01;1.466443e-01;5.419844e-02;5.441949e-02;1.905711e-01;3.593145e-02;1.566603e-01;3.712782e-02;2.197397e-02;1.571586e-02
2.895180e-02;2.575961e-02;2.030527e-01;8.730475e-02;6.851016e-02;7.000744e-02;2.504605e-01;5.429344e-02;1.008179e-01;5.763629e-02;3.006725e-02;2.313817e-02
2.347976e-02;2.029327e-02;1.843040e-01;8.240441e-02;4.247711e-02;4.673223e-02;2.544126e-01;8.820830e-02;1.099360e-01;6.863295e-02;2.360482e-02;5.551446e-02
1.702273e-02;1.765476e-02;2.107065e-01;6.442371e-02;2.908259e-02;4.622151e-02;2.674644e-01;8.878251e-02;1.164693e-01;6.196218e-02;1.849388e-02;6.171580e-02
2.284802e-02;1.761488e-02;2.223885e-01;2.005414e-02;2.949211e-02;5.387967e-02;2.750984e-01;9.854250e-02;1.088676e-01;5.724869e-02;2.431228e-02;6.965316e-02
3.727347e-02;4.021801e-02;2.835541e-01;3.586832e-02;3.275046e-02;5.275435e-02;1.108578e-01;1.303561e-01;8.412392e-02;7.198940e-02;3.237192e-02;8.788212e-02
3.070660e-02;4.449647e-02;2.756635e-01;3.687345e-02;2.091593e-02;3.277146e-02;2.486287e-01;1.190124e-01;4.532062e-02;5.165002e-02;2.439003e-02;6.957086e-02
9.926622e-03;2.594493e-02;2.990457e-01;3.686393e-02;1.203743e-02;2.423413e-02;3.234225e-01;1.225532e-01;4.322573e-02;3.093492e-02;1.044478e-02;6.136617e-02
3.527265e-03;1.269451e-02;3.263924e-01;2.853362e-02;5.710472e-03;2.213612e-02;3.404470e-01;1.305347e-01;3.880383e-02;2.549150e-02;5.798063e-03;5.993052e-02
4.176728e-03;2.374311e-02;3.291841e-01;2.276197e-02;5.490232e-03;1.884316e-02;3.476817e-01;1.275430e-01;3.438942e-02;2.419051e-02;7.262997e-03;5.473309e-02
9.677965e-03;2.697795e-02;3.252909e-01;2.037871e-02;5.998606e-03;1.528916e-02;3.710130e-01;1.146890e-01;2.984869e-02;2.214058e-02;9.531592e-03;4.916386e-02
2.318002e-02;3.929773e-02;2.755268e-01;2.361968e-02;1.350144e-02;1.574820e-02;4.078846e-01;8.738956e-02;3.091411e-02;2.100711e-02;1.980493e-02;4.212580e-02
2.755905e-02;5.098447e-02;2.038736e-01;3.147608e-02;3.140560e-02;2.515169e-02;4.459598e-01;6.367936e-02;2.824808e-02;2.470693e-02;3.173855e-02;3.521673e-02
1.517314e-02;4.733185e-02;1.144022e-01;3.564673e-02;3.589067e-02;2.649856e-02;5.439772e-01;6.419882e-02;2.188780e-02;2.941265e-02;3.379013e-02;3.179033e-02
7.988094e-03;4.429775e-02;6.904397e-02;2.552920e-02;3.397933e-02;2.460516e-02;6.137278e-01;7.456787e-02;2.361985e-02;2.805904e-02;2.719226e-02;2.738966e-02
1.342152e-02;5.548381e-02;7.384565e-02;1.162636e-02;3.771301e-02;3.656929e-02;6.288683e-01;5.602650e-02;2.073326e-02;1.603710e-02;3.109177e-02;1.858343e-02
1.462501e-02;5.585679e-02;5.673269e-02;1.184047e-02;4.812231e-02;5.865437e-02;6.305186e-01;3.955502e-02;1.817094e-02;2.059105e-02;3.280282e-02;1.252994e-02
2.291045e-02;3.987315e-02;6.006525e-02;1.701867e-02;6.347348e-02;7.721470e-02;6.128506e-01;2.703305e-02;1.792559e-02;2.480032e-02;2.525862e-02;1.157615e-02
5.742335e-02;4.725154e-02;7.289990e-02;2.745144e-02;7.447314e-02;9.463057e-02;5.195571e-01;2.683445e-02;2.008032e-02;2.785674e-02;1.797714e-02;1.356427e-02
1.362867e-01;6.049979e-02;1.029444e-01;5.854262e-02;1.361427e-01;1.471745e-01;2.076804e-01;2.643614e-02;3.134253e-02;4.446742e-02;2.176750e-02;2.671528e-02
1.117352e-01;5.263413e-02;1.571323e-01;5.056912e-02;1.285801e-01;1.335346e-01;2.250455e-01;2.643174e-02;4.091851e-02;3.533885e-02;1.519540e-02;2.288448e-02
9.929962e-02;4.436255e-02;1.448809e-01;3.801085e-02;8.024348e-02;9.118197e-02;3.282667e-01;3.105883e-02;5.509856e-02;5.098730e-02;1.309746e-02;2.351181e-02
1.070791e-01;3.187532e-02;1.074416e-01;3.598267e-02;9.199888e-02;1.026765e-01;3.608471e-01;2.581204e-02;5.383842e-02;5.280804e-02;1.081524e-02;1.882500e-02
1.341436e-01;2.800896e-02;9.713707e-02;3.337185e-02;1.010948e-01;1.295810e-01;3.341520e-01;1.720380e-02;4.185124e-02;6.034489e-02;8.252215e-03;1.485866e-02
1.744574e-01;3.073590e-02;8.637592e-02;2.328065e-02;1.129167e-01;1.555160e-01;2.740867e-01;1.428987e-02;2.625952e-02;7.531933e-02;5.883954e-03;2.087806e-02
1.980723e-01;2.624044e-02;6.220744e-02;1.795537e-02;1.221443e-01;1.556896e-01;2.417197e-01;1.357900e-02;4.633738e-02;8.086851e-02;6.275495e-03;2.891049e-02
1.933134e-01;2.331139e-02;4.940196e-02;1.698860e-02;1.419019e-01;1.436804e-01;2.060231e-01;1.051159e-02;9.368203e-02;7.025304e-02;6.509629e-03;4.442304e-02
1.684458e-01;1.556812e-02;8.386906e-02;1.836309e-02;1.633923e-01;1.189130e-01;1.509130e-01;9.521376e-03;1.505355e-01;4.262123e-02;6.404517e-03;7.145309e-02
1.275504e-01;8.050396e-03;1.261805e-01;2.302758e-02;1.866302e-01;1.036468e-01;1.220319e-01;5.764593e-03;1.827113e-01;1.577699e-02;7.839134e-03;9.079024e-02
8.297689e-02;9.048516e-03;1.689568e-01;3.683396e-02;2.057353e-01;9.395080e-02;1.104641e-01;1.116198e-02;1.728210e-01;7.600757e-03;9.832584e-03;9.061743e-02
4.794696e-02;1.184622e-02;2.162442e-01;5.343701e-02;2.242685e-01;8.972609e-02;8.585140e-02;2.140854e-02;1.372072e-01;1.435763e-02;1.907694e-02;7.862939e-02
