8.751605e-02;1.668290e-01;1.087254e-01;7.978383e-02;4.644902e-02;4.850331e-02;8.001347e-02;5.710254e-02;1.495636e-01;3.492393e-02;1.042677e-01;3.632211e-02
1.225831e-02;2.284418e-01;5.814401e-02;6.774314e-02;4.743304e-02;5.078718e-02;1.155412e-01;5.087661e-02;1.532589e-01;4.028177e-02;1.365100e-01;3.872394e-02
5.245727e-02;2.045131e-01;5.483399e-02;7.744429e-02;6.191565e-02;4.726280e-02;9.436177e-02;7.294329e-02;1.067565e-01;3.168702e-02;1.511623e-01;4.466207e-02
5.053744e-02;1.226622e-01;1.351049e-01;9.079172e-02;7.427686e-02;3.020896e-02;6.532789e-02;1.333821e-01;4.492524e-02;7.996770e-02;1.073231e-01;6.549184e-02
3.385244e-02;8.902627e-02;1.435571e-01;6.339459e-02;7.294136e-02;2.426927e-02;7.751181e-02;1.599590e-01;1.627179e-02;1.221322e-01;1.484588e-01;4.862534e-02
3.740367e-02;7.406984e-02;8.946402e-02;4.105990e-02;6.425039e-02;3.500614e-02;1.393217e-01;1.355210e-01;2.217568e-02;1.193844e-01;2.100814e-01;3.226181e-02
3.902488e-02;3.722293e-02;5.490531e-02;3.150301e-02;5.569572e-02;6.124352e-02;1.892839e-01;1.144251e-01;3.640778e-02;1.152905e-01;2.054400e-01;5.955726e-02
3.778253e-02;6.229226e-02;4.902436e-02;3.284821e-02;4.679803e-02;9.278451e-02;1.885042e-01;1.047003e-01;6.703816e-02;8.755843e-02;1.607074e-01;6.996162e-02
2.418034e-02;1.069615e-01;8.871300e-02;6.281369e-02;3.704422e-02;1.093315e-01;1.680350e-01;7.425024e-02;8.600374e-02;5.790409e-02;1.268892e-01;5.787345e-02
1.494406e-02;8.041965e-02;1.361559e-01;9.317874e-02;3.572674e-02;7.520410e-02;1.152917e-01;1.317298e-01;5.826230e-02;8.349471e-02;1.457267e-01;2.986552e-02
1.780507e-02;8.775857e-02;1.016161e-01;6.243640e-02;8.120210e-02;6.073388e-02;7.764432e-02;1.783121e-01;4.237404e-02;8.964364e-02;1.816638e-01;1.881004e-02
1.286011e-02;1.152852e-01;8.335620e-02;2.978850e-02;6.735764e-02;5.741500e-02;1.286499e-01;1.500890e-01;3.739102e-02;1.041045e-01;1.846902e-01;2.901271e-02
3.093988e-02;8.275074e-02;8.663522e-02;5.301524e-02;3.620157e-02;3.204792e-02;1.854778e-01;1.486914e-01;3.568774e-02;9.846616e-02;1.643517e-01;4.573466e-02
7.554054e-02;4.741842e-02;6.959961e-02;7.065250e-02;4.702090e-02;3.742946e-02;2.311507e-01;1.859487e-01;4.587564e-02;3.724044e-02;1.120122e-01;4.011086e-02
8.220184e-02;4.506962e-02;6.995320e-02;8.622492e-02;7.307486e-02;4.111986e-02;1.643262e-01;1.508051e-01;4.463523e-02;3.087737e-02;1.780382e-01;3.367359e-02
1.619269e-01;4.007026e-02;7.111134e-02;1.040376e-01;5.680855e-02;6.703083e-02;8.731546e-02;9.048960e-02;3.655889e-02;3.076067e-02;1.868901e-01;6.699974e-02
1.922233e-01;1.010206e-01;6.179396e-02;9.592817e-02;3.338961e-02;9.465606e-02;6.519083e-02;6.770995e-02;1.849631e-02;4.910243e-02;1.285679e-01;9.192099e-02
1.202696e-01;1.198193e-01;6.909752e-02;7.740426e-02;2.662116e-02;1.280725e-01;1.285152e-01;1.066393e-01;1.904773e-02;6.648940e-02;9.186047e-02;4.616356e-02
2.035570e-02;2.137520e-01;1.115143e-01;3.744927e-02;4.388570e-02;1.043575e-01;1.629345e-01;1.259854e-01;2.026564e-02;3.656153e-02;1.013308e-01;2.160765e-02
7.714373e-03;2.863219e-01;1.634224e-01;1.576861e-02;4.437065e-02;6.253008e-02;1.491331e-01;9.797148e-02;1.856937e-02;1.115421e-02;1.125914e-01;3.045238e-02
8.092693e-03;2.962925e-01;2.388660e-01;2.095461e-02;3.441216e-02;3.401653e-02;1.231524e-01;8.268555e-02;1.215710e-02;1.635605e-02;1.068240e-01;2.619041e-02
1.160754e-02;2.873801e-01;2.701552e-01;1.801651e-02;3.298255e-02;2.197243e-02;1.374649e-01;9.137745e-02;8.028008e-03;1.224639e-02;9.631101e-02;1.245793e-02
1.358963e-02;3.034054e-01;2.140703e-01;1.960229e-02;4.545781e-02;3.084010e-02;1.925061e-01;7.165864e-02;8.225789e-03;7.112513e-03;8.939365e-02;4.137770e-03
1.025736e-02;3.140541e-01;1.207327e-01;1.639210e-02;6.477232e-02;4.637711e-02;2.610337e-01;5.049650e-02;1.177173e-02;5.159702e-03;9.337897e-02;5.573729e-03
9.661407e-03;2.629774e-01;8.515750e-02;1.062344e-02;1.049517e-01;3.199298e-02;2.861617e-01;8.450753e-02;1.259691e-02;4.900734e-03;9.407381e-02;1.239487e-02
1.093273e-02;1.762737e-01;1.187098e-01;2.635308e-02;1.337634e-01;2.786900e-02;2.389580e-01;1.612372e-01;1.497293e-02;2.786026e-03;8.385402e-02;4.290272e-03
7.467462e-03;9.978596e-02;1.925596e-01;3.643049e-02;1.015905e-01;3.616487e-02;1.476414e-01;2.653044e-01;1.632747e-02;1.254931e-02;4.637460e-02;3.780403e-02
2.184880e-03;5.536127e-02;2.248445e-01;3.242772e-02;4.732797e-02;9.444869e-02;8.668414e-02;3.185339e-01;1.886410e-02;1.607434e-02;2.945765e-02;7.379081e-02
9.094596e-03;3.562245e-02;1.884391e-01;4.901834e-02;3.666333e-02;1.563697e-01;6.194201e-02;2.879817e-01;4.709869e-02;1.762853e-02;2.803297e-02;8.210850e-02
2.790222e-02;3.374522e-02;1.189857e-01;1.044057e-01;4.284056e-02;1.350713e-01;9.784482e-02;2.019878e-01;1.173071e-01;3.465979e-02;2.888126e-02;5.636857e-02
4.784384e-02;2.231050e-02;4.855805e-02;1.395372e-01;8.093665e-02;6.588901e-02;1.755358e-01;1.067214e-01;1.609465e-01;9.252022e-02;3.487584e-02;2.432496e-02
4.271263e-02;3.758887e-02;1.874478e-02;1.110911e-01;1.482720e-01;5.634194e-02;1.585422e-01;5.592432e-02;1.167286e-01;1.884848e-01;5.171714e-02;1.385146e-02
2.085833e-02;4.760459e-02;2.081225e-02;7.116091e-02;1.643622e-01;1.386609e-01;6.746171e-02;8.605891e-02;5.109281e-02;1.991630e-01;1.135768e-01;1.918761e-02
1.796350e-02;4.150363e-02;5.472971e-02;4.692931e-02;1.067253e-01;2.717038e-01;4.333261e-02;5.969832e-02;3.784638e-02;1.008928e-01;2.020974e-01;1.657728e-02
1.736397e-02;2.435044e-02;8.439481e-02;2.515731e-02;5.929188e-02;3.551563e-01;9.430765e-02;3.212875e-02;4.936207e-02;3.264782e-02;2.039399e-01;2.189908e-02
1.249961e-02;2.576759e-02;6.738321e-02;2.302900e-02;4.520076e-02;3.479316e-01;1.956389e-01;1.892080e-02;4.753023e-02;2.949212e-02;1.244335e-01;6.217267e-02
1.291588e-02;3.874238e-02;3.722609e-02;4.245317e-02;4.875756e-02;2.905096e-01;2.742278e-01;4.346922e-02;3.245792e-02;3.753268e-02;4.030627e-02;1.014015e-01
2.956995e-02;6.047704e-02;2.941974e-02;4.779588e-02;4.523794e-02;2.263702e-01;2.645712e-01;6.572542e-02;2.518489e-02;5.282962e-02;4.886827e-02;1.039498e-01
8.527567e-02;8.582290e-02;5.569888e-02;4.350704e-02;4.150987e-02;1.347761e-01;2.147756e-01;1.180274e-01;4.010960e-02;5.280311e-02;5.926837e-02;6.842545e-02
1.442378e-01;6.288306e-02;6.819604e-02;3.039714e-02;4.798634e-02;9.018461e-02;1.391291e-01;2.187028e-01;5.073040e-02;4.178801e-02;4.861567e-02;5.714902e-02
1.788635e-01;3.741227e-02;8.560250e-02;1.934662e-02;5.924616e-02;7.469542e-02;6.370752e-02;3.088362e-01;3.389160e-02;3.814551e-02;5.531561e-02;4.493715e-02
1.735039e-01;3.429465e-02;8.559696e-02;8.187164e-03;9.895408e-02;5.771924e-02;3.172541e-02;3.376164e-01;4.140534e-02;3.311132e-02;7.643609e-02;2.144943e-02
1.091964e-01;8.598118e-02;6.447502e-02;1.428179e-02;1.037658e-01;6.198053e-02;5.976250e-02;2.945892e-01;9.252100e-02;1.353366e-02;9.318899e-02;6.723892e-03
5.831128e-02;1.549462e-01;3.043052e-02;3.863417e-02;5.416907e-02;1.056475e-01;7.164194e-02;1.606698e-01;1.760784e-01;4.054205e-02;9.677714e-02;1.215189e-02
3.585775e-02;1.884556e-01;7.804946e-02;5.982119e-02;1.364877e-02;1.496438e-01;9.341712e-02;7.093945e-02;1.887282e-01;2.087093e-02;7.209203e-02;2.847579e-02
2.983195e-02;1.684265e-01;1.113957e-01;5.498737e-02;1.420143e-02;1.493125e-01;1.033716e-01;7.141653e-02;1.182264e-01;8.099384e-02;2.519840e-02;7.263783e-02
6.215937e-02;1.580309e-01;9.672457e-02;4.616232e-02;2.035796e-02;1.365410e-01;6.282330e-02;8.066338e-02;7.036984e-02;1.136730e-01;7.153120e-02;8.096321e-02
7.905031e-02;1.568034e-01;7.341842e-02;4.370132e-02;1.889378e-02;1.438537e-01;9.423441e-02;1.195311e-01;6.014021e-02;5.895330e-02;7.410052e-02;7.731955e-02
7.228485e-02;1.181291e-01;9.383575e-02;4.164488e-02;1.736081e-02;1.623983e-01;1.302132e-01;1.107125e-01;5.835633e-02;5.321764e-02;7.970133e-02;6.214547e-02
5.189783e-02;6.943160e-02;1.018785e-01;3.459509e-02;3.605166e-02;1.486562e-01;1.738279e-01;6.690945e-02;7.141221e-02;1.123683e-01;8.630894e-02;4.666238e-02
5.273513e-02;8.157325e-02;1.028396e-01;3.306399e-02;4.357972e-02;1.310801e-01;2.330856e-01;9.527955e-02;4.560981e-02;9.239907e-02;4.944139e-02;3.931266e-02
3.648204e-02;7.061727e-02;6.361540e-02;1.731794e-02;2.690174e-02;1.832206e-01;1.874296e-01;1.516696e-01;1.135879e-01;6.790511e-02;6.262874e-02;1.862405e-02
4.845516e-02;7.610404e-02;4.739799e-02;3.676388e-02;9.048933e-02;1.940750e-01;1.258189e-01;1.018284e-01;1.201179e-01;1.602163e-02;1.080904e-01;3.483745e-02
9.595021e-02;6.527500e-02;6.111438e-02;8.980204e-02;7.966660e-02;1.487557e-01;6.669729e-02;9.346019e-02;1.101101e-01;7.472588e-02;6.755716e-02;4.688545e-02
4.474537e-02;1.875194e-01;3.641259e-02;8.452356e-02;1.258617e-01;1.041181e-01;4.685025e-02;5.730401e-02;9.058148e-02;1.233748e-01;4.283520e-02;5.587356e-02
2.504704e-02;2.482074e-01;9.126209e-02;5.827926e-02;1.163771e-01;1.115388e-01;3.729800e-02;3.449710e-02;6.524238e-02;1.038207e-01;8.416187e-02;2.426828e-02
1.899813e-02;1.969436e-01;2.112492e-01;2.997513e-02;6.442823e-02;1.409982e-01;5.206287e-02;2.445829e-02;3.680824e-02;4.761969e-02;1.511490e-01;2.530949e-02
7.517434e-03;1.000506e-01;3.011311e-01;2.234403e-02;2.216869e-02;1.860681e-01;6.400197e-02;1.583963e-02;2.050008e-02;2.337391e-02;1.998021e-01;3.720227e-02
6.543472e-03;9.894392e-02;2.985948e-01;1.580008e-02;2.047709e-02;2.148232e-01;5.948453e-02;7.297108e-03;1.236386e-02;3.663955e-02;2.046115e-01;2.442092e-02
1.262457e-02;2.114851e-01;2.026422e-01;1.242613e-02;4.216091e-02;1.859722e-01;3.337058e-02;9.837173e-03;2.643084e-02;8.634269e-02;1.649624e-01;1.174526e-02
1.881627e-02;2.204149e-01;9.226935e-02;1.650333e-02;6.272475e-02;1.298519e-01;2.339169e-02;1.248268e-02;6.166897e-02;1.943226e-01;1.576426e-01;9.910880e-03
1.875353e-02;1.558181e-01;3.483687e-02;1.689226e-02;7.621296e-02;8.080004e-02;2.536532e-02;4.932372e-02;1.280182e-01;2.866085e-01;1.114887e-01;1.588187e-02
2.016119e-02;9.065485e-02;5.041973e-02;2.767103e-02;7.517882e-02;5.137071e-02;3.091466e-02;1.080195e-01;1.993114e-01;2.960396e-01;3.076474e-02;1.949382e-02
2.329529e-02;6.870792e-02;8.070908e-02;3.101577e-02;6.102596e-02;5.019356e-02;3.687728e-02;1.449733e-01;1.952755e-01;2.278784e-01;6.274379e-02;1.730412e-02
3.905030e-02;1.040314e-01;1.062513e-01;1.659315e-02;1.977216e-02;1.477482e-01;5.047608e-02;1.406167e-01;1.257134e-01;1.292583e-01;1.060907e-01;1.439826e-02
3.102956e-02;8.631166e-02;1.069919e-01;1.454502e-02;5.063343e-02;1.940439e-01;1.423704e-02;7.301136e-02;9.812036e-02;1.573527e-01;1.483099e-01;2.541319e-02
1.949495e-02;4.939006e-02;1.262132e-01;1.142180e-02;6.984984e-02;1.856102e-01;8.533425e-03;5.177956e-02;7.341458e-02;1.662162e-01;2.232990e-01;1.477712e-02
1.745083e-02;3.891837e-02;1.009659e-01;1.689360e-02;7.039166e-02;1.992467e-01;1.632058e-02;3.492854e-02;3.202825e-02;1.649445e-01;2.840467e-01;2.386433e-02
7.979480e-03;5.504401e-02;5.772567e-02;1.858950e-02;4.334064e-02;1.737633e-01;5.253667e-02;6.268571e-02;6.904430e-02;1.526986e-01;2.827034e-01;2.388872e-02
1.008270e-02;7.136995e-02;5.752787e-02;1.567481e-02;9.290989e-03;7.540812e-02;8.107530e-02;1.208629e-01;1.327668e-01;1.654953e-01;2.359646e-01;2.448063e-02
2.862113e-02;9.455760e-02;3.977036e-02;1.314826e-02;3.145075e-02;6.275448e-02;6.744578e-02;1.247382e-01;1.422821e-01;1.986736e-01;1.711284e-01;2.542935e-02
1.016810e-01;1.525468e-01;6.986044e-02;1.725370e-02;1.768910e-02;9.664732e-02;8.246271e-02;7.999714e-02;8.971924e-02;8.807480e-02;1.322417e-01;7.182612e-02
2.266424e-01;1.670385e-01;5.634903e-02;9.974581e-03;2.174009e-02;4.806810e-02;8.598374e-02;1.418747e-01;5.159382e-02;2.319638e-02;4.703346e-02;1.205051e-01
2.476055e-01;2.481894e-01;8.171356e-02;7.630918e-03;1.734247e-02;2.428027e-02;6.939348e-02;1.296898e-01;2.727233e-02;2.699206e-02;1.171634e-02;1.081739e-01
1.609545e-01;4.010680e-01;1.744217e-01;8.993947e-03;1.281168e-02;3.217858e-02;3.493639e-02;6.231367e-02;3.347654e-02;1.910353e-02;8.305739e-03;5.143574e-02
6.470726e-02;4.499898e-01;2.480167e-01;2.240861e-02;5.696983e-03;8.139934e-02;1.922804e-02;1.323290e-02;5.426128e-02;1.898884e-02;7.050090e-03;1.502015e-02
2.683408e-02;3.883940e-01;2.128927e-01;3.394479e-02;9.266241e-03;1.275181e-01;5.783025e-02;1.966086e-02;8.056416e-02;3.150293e-02;5.017025e-03;6.574892e-03
1.539758e-02;3.212839e-01;1.423457e-01;2.536442e-02;8.130639e-03;1.527409e-01;1.156453e-01;3.438193e-02;1.047020e-01;6.174177e-02;5.672275e-03;1.259355e-02
1.515508e-02;2.309430e-01;1.410485e-01;1.450045e-02;1.005735e-02;1.342777e-01;1.072891e-01;4.792002e-02;1.010302e-01;1.710522e-01;1.092810e-02;1.579818e-02
1.830591e-02;1.181515e-01;2.148900e-01;6.808892e-03;4.093534e-02;6.974437e-02;8.193572e-02;3.111900e-02;6.531893e-02;3.092639e-01;2.678656e-02;1.673980e-02
3.130206e-02;7.189764e-02;2.330622e-01;3.212423e-02;7.456524e-02;3.681289e-02;9.721917e-02;1.744712e-02;3.770548e-02;3.175526e-01;4.151093e-02;8.800487e-03
3.226971e-02;8.067879e-02;1.862467e-01;5.259123e-02;1.076815e-01;5.239911e-02;1.116646e-01;3.461029e-02;3.390480e-02;2.349461e-01;5.479566e-02;1.821155e-02
2.889348e-02;6.815218e-02;1.025197e-01;9.331900e-02;1.450999e-01;1.033299e-01;1.045221e-01;7.965381e-02;3.769309e-02;1.065590e-01;1.034834e-01;2.677448e-02
1.745179e-02;4.682977e-02;6.921721e-02;1.860401e-01;1.232139e-01;1.414232e-01;5.383257e-02;7.565805e-02;1.923822e-02;4.764114e-02;1.830470e-01;3.640705e-02
2.815340e-02;4.804306e-02;1.013240e-01;1.876739e-01;9.997367e-02;1.095307e-01;3.854712e-02;4.717932e-02;1.512104e-02;5.748688e-02;2.370663e-01;2.990065e-02
6.234456e-02;4.039437e-02;1.368674e-01;1.568777e-01;4.783110e-02;5.800397e-02;4.067379e-02;1.930026e-02;2.342714e-02;1.202085e-01;2.708579e-01;2.321332e-02
1.052819e-01;4.684920e-02;2.139069e-01;8.466919e-02;1.551391e-02;1.972319e-02;5.353019e-02;2.690209e-02;1.886686e-02;1.526227e-01;2.363295e-01;2.580432e-02
9.719937e-02;6.391095e-02;2.700959e-01;4.965200e-02;1.665294e-02;3.129209e-02;6.034296e-02;2.155079e-02;1.188285e-02;1.587021e-01;1.877341e-01;3.098395e-02
7.462813e-02;9.779438e-02;2.790791e-01;5.262612e-02;1.836387e-02;4.315517e-02;7.459506e-02;2.202591e-02;1.826790e-02;1.656330e-01;1.354611e-01;1.837023e-02
5.446745e-02;1.155730e-01;2.413988e-01;5.481858e-02;4.744542e-02;6.079955e-02;9.050053e-02;2.027403e-02;1.312755e-02;1.538172e-01;1.244804e-01;2.329753e-02
3.028364e-02;1.262217e-01;1.469741e-01;1.067513e-01;8.167902e-02;7.740540e-02;9.255809e-02;1.527449e-02;2.577235e-02;1.570369e-01;1.124465e-01;2.759648e-02
5.095680e-02;1.327591e-01;7.934753e-02;1.373326e-01;6.134712e-02;9.136736e-02;9.331366e-02;1.849316e-02;4.755055e-02;1.640895e-01;1.040496e-01;1.939307e-02
5.995693e-02;9.386892e-02;7.970055e-02;9.546425e-02;3.684657e-02;9.245848e-02;9.298603e-02;3.728010e-02;5.676338e-02;1.443332e-01;1.940440e-01;1.629758e-02
6.081618e-02;7.405161e-02;1.418886e-01;5.945714e-02;3.795755e-02;8.886164e-02;8.819136e-02;3.583502e-02;4.911648e-02;9.021684e-02;2.460546e-01;2.755307e-02
7.826254e-02;7.554992e-02;1.789012e-01;7.705317e-02;7.809715e-02;6.693240e-02;6.674409e-02;3.409575e-02;3.679812e-02;3.926319e-02;2.324559e-01;3.584662e-02
5.859411e-02;8.792335e-02;1.441576e-01;1.413095e-01;6.102578e-02;6.623062e-02;5.614262e-02;2.332500e-02;3.778202e-02;1.488850e-01;1.412117e-01;3.341264e-02
4.305329e-02;1.418856e-01;1.671069e-01;1.270685e-01;5.109556e-02;5.943912e-02;3.890778e-02;2.383795e-02;9.319192e-02;1.464757e-01;6.044175e-02;4.749595e-02
4.394874e-02;1.991689e-01;1.462462e-01;1.094680e-01;3.793867e-02;6.128981e-02;1.878951e-02;2.731381e-02;1.646613e-01;1.140734e-01;3.024241e-02;4.685917e-02
3.308436e-02;2.077398e-01;7.992012e-02;9.059576e-02;2.920462e-02;6.473869e-02;2.185270e-02;8.353204e-02;1.995442e-01;6.267761e-02;7.126448e-02;5.584556e-02
4.585318e-02;1.422940e-01;4.305721e-02;6.058438e-02;4.389130e-02;5.525184e-02;3.892791e-02;2.116379e-01;1.566831e-01;2.591637e-02;1.295701e-01;4.633273e-02
9.458297e-02;6.169346e-02;4.889740e-02;2.599546e-02;7.627676e-02;2.949878e-02;7.443535e-02;3.063928e-01;7.033056e-02;3.883795e-02;1.361527e-01;3.690587e-02
1.077542e-01;5.165061e-02;6.559451e-02;2.838674e-02;8.303522e-02;3.663195e-02;1.097322e-01;2.959170e-01;4.984307e-02;3.917778e-02;1.034250e-01;2.885176e-02
8.698151e-02;7.048981e-02;9.586727e-02;7.067742e-02;8.514903e-02;8.840758e-02;1.173116e-01;2.055231e-01;3.804344e-02;2.899680e-02;6.907213e-02;4.348022e-02
3.062745e-02;1.299847e-01;1.400162e-01;6.557582e-02;5.715195e-02;1.216653e-01;4.749442e-02;1.565960e-01;7.080419e-02;6.435374e-02;6.110242e-02;5.462782e-02
4.163618e-02;1.052261e-01;9.186625e-02;6.132492e-02;4.013148e-02;8.837283e-02;8.208496e-02;2.451070e-01;8.583400e-02;5.448586e-02;7.547227e-02;2.845817e-02
5.511067e-02;8.377607e-02;6.858025e-02;7.276140e-02;3.326651e-02;1.190646e-01;7.278273e-02;1.840646e-01;5.608039e-02;9.309611e-02;1.183909e-01;4.302575e-02
5.084066e-02;8.259813e-02;9.876090e-02;8.252177e-02;2.833526e-02;1.116537e-01;1.086054e-01;8.073758e-02;8.049395e-02;1.045628e-01;1.274661e-01;4.342381e-02
4.153761e-02;1.151848e-01;1.062374e-01;1.282830e-01;2.841914e-02;6.343373e-02;1.429524e-01;1.150732e-01;8.397844e-02;7.338350e-02;6.183415e-02;3.968265e-02
3.539139e-02;1.199898e-01;8.869225e-02;1.649492e-01;5.078193e-02;6.887949e-02;1.902074e-01;7.943763e-02;4.832136e-02;3.819294e-02;4.861970e-02;6.653690e-02
3.180822e-02;8.750834e-02;5.107439e-02;1.557762e-01;5.120747e-02;7.359351e-02;2.213037e-01;1.193830e-01;4.861931e-02;4.186384e-02;4.957823e-02;6.828377e-02
3.663002e-02;6.463097e-02;3.179548e-02;1.242510e-01;4.332338e-02;6.905113e-02;2.187802e-01;1.491809e-01;7.822648e-02;6.745555e-02;4.766884e-02;6.900603e-02
3.512696e-02;6.635124e-02;7.202008e-02;5.791899e-02;5.736225e-02;4.762943e-02;1.758657e-01;1.875694e-01;1.141258e-01;4.374159e-02;7.525228e-02;6.703634e-02
2.708898e-02;6.759878e-02;1.498737e-01;2.742982e-02;5.907050e-02;5.409035e-02;1.167010e-01;1.902751e-01;9.901278e-02;6.445961e-02;7.756372e-02;6.683557e-02
3.114168e-02;6.333756e-02;2.326101e-01;3.482313e-02;4.328514e-02;8.179135e-02;8.718705e-02;1.498192e-01;5.777413e-02;7.248180e-02;9.771532e-02;4.803353e-02
4.462397e-02;7.305656e-02;2.484227e-01;4.379629e-02;3.447153e-02;1.116121e-01;5.674308e-02;1.462264e-01;5.819509e-02;3.263816e-02;1.218630e-01;2.835121e-02
4.066326e-02;1.185058e-01;1.719597e-01;3.201517e-02;1.281185e-02;1.056667e-01;9.203875e-02;1.648498e-01;1.103052e-01;3.421141e-02;8.383150e-02;3.314085e-02
3.662223e-02;1.174265e-01;8.696314e-02;3.277652e-02;1.908680e-02;9.508698e-02;1.045242e-01;1.637884e-01;1.637516e-01;7.460707e-02;7.082786e-02;3.453872e-02
3.445149e-02;7.270956e-02;6.630591e-02;4.544097e-02;2.919056e-02;8.887567e-02;1.057144e-01;1.684010e-01;2.013724e-01;8.465704e-02;7.574304e-02;2.713791e-02
4.269228e-02;9.022914e-02;7.780354e-02;3.935367e-02;2.888569e-02;6.599760e-02;1.062460e-01;1.500543e-01;1.973140e-01;7.849906e-02;9.830210e-02;2.462273e-02
3.159659e-02;5.572303e-02;8.667387e-02;3.690286e-02;2.521803e-02;5.953074e-02;1.375455e-01;2.232672e-01;1.627496e-01;7.606544e-02;8.434404e-02;2.038311e-02
2.625696e-02;7.547610e-02;1.129129e-01;3.704637e-02;2.624362e-02;5.255364e-02;1.216105e-01;2.683932e-01;1.413131e-01;6.226852e-02;4.472133e-02;3.120368e-02
3.914322e-02;9.485579e-02;1.314930e-01;3.982874e-02;1.736826e-02;3.469035e-02;1.141257e-01;2.475333e-01;9.879188e-02;8.840548e-02;5.461397e-02;3.915034e-02
5.918304e-02;1.295305e-01;8.597818e-02;3.468208e-02;2.741848e-02;4.756671e-02;9.604855e-02;2.354732e-01;9.717853e-02;4.892473e-02;1.034172e-01;3.459875e-02
6.787808e-02;2.116251e-01;6.555774e-02;2.764158e-02;3.689457e-02;6.232233e-02;8.189933e-02;1.452534e-01;1.202774e-01;6.260030e-02;9.806641e-02;1.998373e-02
8.462089e-02;1.723087e-01;1.406615e-01;5.147704e-02;2.431607e-02;6.727109e-02;1.231622e-01;9.354862e-02;9.561922e-02;6.833500e-02;4.779589e-02;3.088378e-02
7.504579e-02;8.419666e-02;1.788502e-01;8.609092e-02;3.781024e-02;1.014341e-01;1.522989e-01;7.294267e-02;7.358822e-02;4.298759e-02;3.582555e-02;5.892910e-02
5.759855e-02;8.859025e-02;1.329856e-01;1.691291e-01;4.481280e-02;7.511044e-02;1.600941e-01;8.395275e-02;3.761658e-02;3.625733e-02;3.102263e-02;8.282985e-02
6.495996e-02;1.182769e-01;7.631253e-02;1.982225e-01;4.149304e-02;5.417676e-02;1.789795e-01;5.581102e-02;3.745787e-02;5.028285e-02;1.731507e-02;1.067119e-01
7.563277e-02;7.234801e-02;6.418391e-02;1.670922e-01;3.481797e-02;9.297380e-02;1.546446e-01;1.020234e-01;7.200896e-02;5.682434e-02;9.730658e-03;9.771940e-02
8.368814e-02;2.709132e-02;6.350003e-02;1.602021e-01;3.311557e-02;1.438114e-01;1.206675e-01;1.278437e-01;1.019723e-01;5.256138e-02;1.127842e-02;7.426814e-02
1.072817e-01;7.926162e-02;8.045302e-02;8.519714e-02;8.571366e-02;1.353280e-01;7.996225e-02;1.606531e-01;9.491224e-02;3.127454e-02;1.036056e-02;4.960221e-02
1.193391e-01;1.107312e-01;1.156407e-01;2.705748e-02;1.992305e-01;5.776811e-02;6.290329e-02;1.871402e-01;6.008068e-02;1.425787e-02;1.487155e-02;3.097932e-02
9.824082e-02;1.653629e-01;1.127912e-01;2.362696e-02;2.481998e-01;2.500504e-02;7.866646e-02;1.525864e-01;3.620955e-02;1.475519e-02;2.606824e-02;1.848746e-02
6.740859e-02;2.715416e-01;7.826915e-02;6.210891e-02;1.756021e-01;3.231493e-02;1.065640e-01;9.003064e-02;4.903118e-02;2.582212e-02;3.119485e-02;1.011190e-02
4.251871e-02;3.533817e-01;8.065404e-02;1.448356e-01;4.924389e-02;7.198965e-02;8.615818e-02;3.669159e-02;7.539401e-02;2.756874e-02;1.860765e-02;1.295618e-02
3.090517e-02;3.755766e-01;1.361024e-01;1.669980e-01;1.882511e-02;7.960950e-02;4.978492e-02;1.637418e-02;6.858817e-02;2.844818e-02;1.027064e-02;1.851715e-02
2.554784e-02;3.743636e-01;2.281485e-01;1.203933e-01;2.066498e-02;5.763169e-02;2.811940e-02;2.709282e-02;4.690728e-02;4.266819e-02;7.515434e-03;2.094695e-02
2.340805e-02;3.512259e-01;3.128336e-01;5.986482e-02;2.492164e-02;3.120832e-02;4.420936e-02;3.538913e-02;3.113446e-02;5.329482e-02;1.433580e-02;1.817420e-02
6.529503e-02;3.102843e-01;2.776038e-01;4.412502e-02;4.045014e-02;5.726025e-02;5.647483e-02;3.893786e-02;2.282387e-02;3.725688e-02;3.108263e-02;1.840541e-02
1.314794e-01;2.632363e-01;1.576824e-01;8.227435e-02;3.831250e-02;7.597165e-02;4.375960e-02;5.571657e-02;5.401680e-02;1.445050e-02;4.347211e-02;3.962781e-02
1.443383e-01;2.453389e-01;1.169585e-01;5.973863e-02;4.495081e-02;6.722033e-02;8.238429e-02;5.194757e-02;5.361918e-02;2.944002e-02;4.202496e-02;6.203853e-02
1.203199e-01;2.112468e-01;1.499752e-01;4.403483e-02;6.536544e-02;7.235637e-02;1.045882e-01;6.012910e-02;3.197230e-02;2.342077e-02;4.579438e-02;7.079667e-02
1.106410e-01;2.331707e-01;1.419006e-01;7.323719e-02;5.302451e-02;5.905684e-02;9.051649e-02;5.224966e-02;6.849970e-02;3.109994e-02;2.456278e-02;6.204055e-02
8.292427e-02;3.086235e-01;1.153152e-01;7.574283e-02;3.257928e-02;4.120809e-02;9.121472e-02;7.375764e-02;9.911823e-02;2.729901e-02;1.537388e-02;3.684330e-02
4.917286e-02;2.664240e-01;2.017539e-01;5.446364e-02;2.566689e-02;6.000223e-02;1.202461e-01;7.568987e-02;8.936288e-02;1.996220e-02;7.085684e-03;3.016982e-02
3.293630e-02;2.293993e-01;2.812409e-01;2.714589e-02;2.326372e-02;9.055521e-02;8.437589e-02;8.960186e-02;6.970475e-02;2.906148e-02;1.725857e-02;2.545615e-02
3.463240e-02;3.218207e-01;2.831858e-01;3.040763e-02;1.828565e-02;7.698093e-02;4.993751e-02;5.788749e-02;6.831224e-02;3.276146e-02;1.094376e-02;1.484450e-02
4.999781e-02;4.205227e-01;2.458783e-01;3.103383e-02;1.352418e-02;4.719656e-02;3.664245e-02;2.831009e-02;7.953689e-02;2.811462e-02;5.512004e-03;1.373050e-02
7.274232e-02;4.276762e-01;2.283136e-01;2.490037e-02;1.444975e-02;2.912878e-02;5.477208e-02;4.101267e-02;6.951506e-02;1.532431e-02;6.260328e-03;1.590450e-02
9.429440e-02;3.829200e-01;2.050443e-01;1.594222e-02;1.435370e-02;3.088717e-02;7.957433e-02;8.345286e-02;4.209916e-02;1.447558e-02;1.050834e-02;2.644802e-02
9.718204e-02;3.262034e-01;1.654299e-01;2.289554e-02;1.770784e-02;2.608630e-02;1.084236e-01;1.063306e-01;4.775042e-02;3.638636e-02;1.036166e-02;3.524234e-02
1.048487e-01;2.222592e-01;1.619142e-01;3.493428e-02;2.644001e-02;5.084565e-02;1.064690e-01;9.657377e-02;8.968248e-02;4.692626e-02;2.125924e-02;3.784729e-02
1.145058e-01;2.707405e-01;1.856883e-01;3.908759e-02;2.117431e-02;6.773873e-02;4.366904e-02;8.262691e-02;8.254580e-02;2.847582e-02;3.560804e-02;2.813913e-02
7.894224e-02;2.744463e-01;2.043423e-01;4.115038e-02;1.927431e-02;5.791617e-02;4.658768e-02;7.551220e-02;7.321401e-02;4.550116e-02;3.938180e-02;4.373147e-02
6.832134e-02;2.685383e-01;1.982989e-01;4.143631e-02;2.239429e-02;6.044577e-02;8.357640e-02;7.239364e-02;7.159862e-02;5.174685e-02;3.125888e-02;2.999069e-02
5.914346e-02;2.384246e-01;2.294912e-01;4.401441e-02;2.745058e-02;4.411187e-02;6.268496e-02;9.532956e-02;7.598644e-02;8.503762e-02;1.727867e-02;2.104669e-02
6.994464e-02;2.348732e-01;2.017718e-01;2.610436e-02;3.318040e-02;3.159085e-02;7.547718e-02;1.257286e-01;6.942192e-02;9.191517e-02;1.751038e-02;2.248157e-02
8.333199e-02;2.053220e-01;1.306887e-01;2.956842e-02;3.624844e-02;3.547642e-02;1.302262e-01;1.357752e-01;5.614338e-02;8.782513e-02;3.457770e-02;3.481639e-02
1.056818e-01;2.032046e-01;1.030945e-01;4.046989e-02;3.302377e-02;6.119099e-02;1.158651e-01;9.282736e-02;7.104812e-02;5.996589e-02;4.289572e-02;7.073227e-02
1.172283e-01;1.868664e-01;8.789992e-02;4.378075e-02;2.256322e-02;7.640877e-02;1.438690e-01;1.145217e-01;7.853655e-02;3.221386e-02;2.668899e-02;6.942251e-02
1.310486e-01;9.894443e-02;9.470677e-02;4.785935e-02;2.791868e-02;1.268866e-01;1.532568e-01;1.182840e-01;7.620753e-02;5.208480e-02;1.294424e-02;5.985815e-02
8.312394e-02;9.660936e-02;7.483451e-02;5.334389e-02;1.658480e-02;5.260089e-02;2.390741e-01;1.367026e-01;3.795278e-02;5.017796e-02;3.725866e-02;1.217365e-01
5.384750e-02;5.563572e-02;5.421872e-02;6.154693e-02;1.085388e-02;5.764551e-02;3.190219e-01;1.287195e-01;2.424859e-02;4.517958e-02;4.268250e-02;1.463997e-01
3.182032e-02;2.243916e-02;5.058655e-02;6.076874e-02;1.014352e-02;1.136857e-01;3.638136e-01;9.927095e-02;3.126000e-02;3.850656e-02;7.312375e-02;1.045811e-01
2.923714e-02;1.480128e-02;6.579018e-02;3.924315e-02;1.634715e-02;1.931230e-01;3.083387e-01;6.100059e-02;3.775187e-02;2.777492e-02;1.626274e-01;4.396464e-02
3.188160e-02;2.891229e-02;6.671565e-02;2.260077e-02;2.451851e-02;2.447904e-01;2.106259e-01;3.878287e-02;2.935795e-02;2.697932e-02;2.445753e-01;3.025946e-02
3.931651e-02;7.139009e-02;4.023926e-02;3.628322e-02;5.265249e-02;1.975238e-01;1.189865e-01;3.740650e-02;2.357958e-02;1.143073e-01;2.530087e-01;1.530601e-02
3.742407e-02;1.205081e-01;1.882895e-02;5.331388e-02;8.658391e-02;7.825928e-02;6.871533e-02;5.546882e-02;3.603291e-02;2.352708e-01;1.860708e-01;2.352319e-02
2.508126e-02;1.355315e-01;1.691819e-02;8.059210e-02;1.396727e-01;5.888247e-02;4.857966e-02;5.951848e-02;3.592590e-02;2.427532e-01;1.211506e-01;3.539397e-02
1.819704e-02;1.082272e-01;2.705715e-02;1.494441e-01;1.994260e-01;1.217203e-01;7.258471e-02;5.373421e-02;2.070633e-02;1.578686e-01;4.787417e-02;2.316017e-02
2.189585e-02;5.713071e-02;7.470042e-02;1.507211e-01;1.933516e-01;2.121790e-01;9.027293e-02;5.163509e-02;2.308553e-02;9.109411e-02;1.461052e-02;1.932310e-02
1.836465e-02;3.138508e-02;1.065839e-01;9.067895e-02;1.805967e-01;2.720091e-01;8.622015e-02;5.903108e-02;2.922795e-02;7.129196e-02;3.993418e-02;1.467630e-02
2.127274e-02;3.085533e-02;1.007244e-01;3.818543e-02;2.731639e-01;2.366709e-01;5.037173e-02;8.545677e-02;3.764746e-02;6.200806e-02;4.503983e-02;1.860343e-02
2.367174e-02;2.818538e-02;7.690377e-02;2.721959e-02;3.422624e-01;1.164412e-01;1.032098e-01;1.062921e-01;4.142039e-02;5.362742e-02;3.851962e-02;4.224658e-02
2.984010e-02;4.890802e-02;5.392094e-02;5.596074e-02;2.442636e-01;1.110900e-01;1.113196e-01;9.460092e-02;4.376074e-02;6.449275e-02;8.316106e-02;5.868151e-02
4.609699e-02;1.303511e-01;5.009645e-02;6.358941e-02;1.309069e-01;1.310055e-01;1.207761e-01;6.747698e-02;4.827785e-02;7.004946e-02;9.594586e-02;4.542745e-02
4.169365e-02;1.966491e-01;8.312517e-02;7.047814e-02;6.610145e-02;1.399628e-01;1.581033e-01;4.691988e-02;4.392282e-02;6.760804e-02;6.744710e-02;1.798844e-02
1.816536e-02;1.698315e-01;1.405668e-01;7.738671e-02;7.358489e-02;2.171607e-01;7.600570e-02;7.975676e-02;4.484031e-02;5.808299e-02;3.683441e-02;7.783892e-03
7.701077e-03;1.155593e-01;2.076140e-01;4.599314e-02;2.073483e-01;1.720813e-01;4.924793e-02;9.112341e-02;2.964700e-02;3.647084e-02;2.879270e-02;8.421078e-03
1.287874e-02;5.433573e-02;2.178347e-01;5.697443e-02;3.023666e-01;9.269159e-02;1.168464e-01;3.849395e-02;4.352135e-02;2.691034e-02;3.277276e-02;4.373410e-03
1.665893e-02;4.139395e-02;1.868954e-01;1.277331e-01;2.744353e-01;8.069293e-02;1.294787e-01;2.988946e-02;5.039367e-02;1.540167e-02;4.470523e-02;2.321716e-03
1.242444e-02;3.888531e-02;1.369950e-01;2.648229e-01;1.706119e-01;1.188279e-01;8.265480e-02;4.591541e-02;3.597879e-02;1.110505e-02;7.473662e-02;7.041856e-03
1.366826e-02;4.274144e-02;1.151912e-01;3.246736e-01;1.206049e-01;1.329781e-01;5.797557e-02;5.267010e-02;2.005208e-02;1.870888e-02;8.704902e-02;1.368689e-02
1.991185e-02;7.629378e-02;1.181372e-01;2.511722e-01;1.357339e-01;1.173016e-01;1.086062e-01;4.888001e-02;1.340638e-02;4.734515e-02;4.517903e-02;1.803279e-02
2.421851e-02;7.913732e-02;1.110694e-01;1.241826e-01;1.121597e-01;1.433953e-01;2.015678e-01;5.818062e-02;1.562733e-02;6.770660e-02;4.081011e-02;2.194459e-02
2.098707e-02;6.470574e-02;7.670680e-02;6.459492e-02;9.051430e-02;1.214345e-01;2.903947e-01;7.508464e-02;1.681312e-02;8.173099e-02;8.024322e-02;1.679002e-02
1.694988e-02;4.828678e-02;6.757230e-02;9.510730e-02;8.642570e-02;1.161364e-01;2.869794e-01;7.298712e-02;2.513459e-02;9.460211e-02;7.059688e-02;1.922153e-02
2.049279e-02;5.890731e-02;6.904678e-02;1.187076e-01;1.054423e-01;1.778298e-01;2.025270e-01;8.315793e-02;2.426513e-02;8.633790e-02;2.316901e-02;3.011651e-02
2.476966e-02;7.865029e-02;8.863510e-02;1.505356e-01;1.343384e-01;1.623708e-01;1.192057e-01;5.419459e-02;1.473370e-02;6.697679e-02;6.916820e-02;3.642116e-02
1.238207e-02;5.674782e-02;1.043989e-01;1.857749e-01;1.560812e-01;1.143554e-01;4.844303e-02;8.617833e-02;3.632152e-02;6.771903e-02;9.905733e-02;3.254035e-02
6.046286e-03;5.264163e-02;1.828514e-01;1.983807e-01;1.144780e-01;7.566516e-02;4.433515e-02;8.737884e-02;2.728576e-02;9.304025e-02;1.036023e-01;1.429457e-02
4.696917e-03;4.635750e-02;2.635104e-01;1.735018e-01;8.256366e-02;4.936558e-02;5.323805e-02;5.995131e-02;1.392195e-02;1.541191e-01;9.366012e-02;5.113544e-03
3.219211e-03;5.467443e-02;3.368115e-01;1.098965e-01;5.076236e-02;2.324282e-02;5.623055e-02;2.600034e-02;2.004387e-02;2.543206e-01;6.141220e-02;3.385621e-03
3.776493e-03;8.212256e-02;3.566207e-01;4.177017e-02;3.407769e-02;1.799463e-02;4.484129e-02;1.194682e-02;3.304477e-02;3.295123e-01;3.792078e-02;6.371801e-03
6.899296e-03;1.310140e-01;3.017743e-01;2.572438e-02;3.633811e-02;2.291107e-02;2.846698e-02;1.756592e-02;6.305239e-02;3.094266e-01;4.891237e-02;7.914589e-03
9.883805e-03;1.515314e-01;2.281433e-01;4.659648e-02;5.425708e-02;4.748232e-02;3.499158e-02;3.587382e-02;8.987740e-02;2.163403e-01;7.164208e-02;1.338049e-02
2.059832e-02;1.079015e-01;2.147072e-01;1.028511e-01;6.136372e-02;6.480065e-02;5.986847e-02;4.907094e-02;7.326412e-02;1.178023e-01;9.890813e-02;2.886362e-02
2.765768e-02;1.207635e-01;2.205004e-01;1.013527e-01;8.693962e-02;8.088825e-02;3.901881e-02;2.612184e-02;6.454442e-02;1.438546e-01;5.335142e-02;3.500678e-02
2.078521e-02;1.743604e-01;2.302504e-01;7.315107e-02;5.846645e-02;8.554742e-02;1.956145e-02;1.039435e-02;1.190150e-01;1.371172e-01;3.702734e-02;3.432369e-02
1.682523e-02;2.350198e-01;1.924153e-01;5.321828e-02;3.326365e-02;1.174258e-01;5.639581e-03;1.032722e-02;1.822138e-01;8.878713e-02;3.010830e-02;3.475591e-02
1.515278e-02;2.904836e-01;1.266881e-01;3.723367e-02;4.809710e-02;1.769125e-01;5.435050e-03;9.353091e-03;1.920067e-01;5.991387e-02;1.062881e-02;2.809476e-02
2.232035e-02;2.877349e-01;1.167607e-01;4.580657e-02;1.031827e-01;1.866992e-01;1.022355e-02;2.549186e-02;1.371052e-01;4.169607e-02;9.122649e-03;1.385628e-02
4.201535e-02;2.579111e-01;1.169139e-01;5.792080e-02;1.221464e-01;1.698503e-01;1.627683e-02;3.497281e-02;9.906559e-02;5.551722e-02;1.687066e-02;1.053905e-02
4.706087e-02;2.399745e-01;8.570115e-02;7.737198e-02;1.126375e-01;1.824694e-01;2.613566e-02;4.082132e-02;7.730014e-02;6.349013e-02;2.519729e-02;2.184019e-02
4.996890e-02;2.686328e-01;1.544951e-01;9.214758e-02;2.967067e-02;1.537857e-01;4.568269e-02;2.636262e-02;6.366456e-02;6.507705e-02;2.238596e-02;2.812637e-02
3.900420e-02;2.873827e-01;1.924983e-01;7.473563e-02;2.899116e-02;8.251600e-02;6.815571e-02;2.272093e-02;9.860177e-02;4.979799e-02;2.471622e-02;3.087951e-02
7.860847e-02;1.831055e-01;1.747555e-01;6.011723e-02;9.350102e-02;8.460623e-02;9.076513e-02;5.568426e-02;6.825168e-02;4.307340e-02;5.073142e-02;1.680028e-02
1.087201e-01;1.790034e-01;1.323333e-01;5.302298e-02;1.346066e-01;9.735746e-02;7.382762e-02;9.889014e-02;4.962112e-02;3.270970e-02;2.775379e-02;1.215379e-02
9.102675e-02;1.915556e-01;1.011412e-01;4.088258e-02;1.441543e-01;1.386251e-01;4.549416e-02;1.025987e-01;9.594697e-02;2.741754e-02;1.679839e-02;4.358620e-03
7.205735e-02;1.555774e-01;5.734896e-02;2.475181e-02;1.463324e-01;2.253309e-01;2.279893e-02;9.946315e-02;1.548156e-01;2.689278e-02;1.171255e-02;2.918112e-03
8.054744e-02;1.092354e-01;3.009602e-02;1.239092e-02;1.460771e-01;2.721836e-01;1.074917e-02;1.250229e-01;1.817330e-01;1.167518e-02;1.627457e-02;4.014604e-03
9.539592e-02;1.201310e-01;3.534048e-02;1.146021e-02;1.546942e-01;1.937748e-01;1.554657e-02;1.920593e-01;1.532269e-01;7.664101e-03;1.510692e-02;5.599512e-03
1.081394e-01;1.240275e-01;3.606606e-02;1.444032e-02;1.392165e-01;1.023649e-01;6.820015e-02;2.713164e-01;1.032387e-01;1.130020e-02;1.239977e-02;9.290100e-03
1.093448e-01;1.231246e-01;4.644391e-02;2.754172e-02;8.930645e-02;7.640485e-02;1.263290e-01;2.890876e-01;5.995936e-02;2.160259e-02;1.502050e-02;1.583461e-02
9.177663e-02;1.195911e-01;6.758272e-02;4.165607e-02;9.364639e-02;1.460682e-01;1.509763e-01;1.583517e-01;6.881054e-02;2.634605e-02;1.277934e-02;2.241493e-02
6.145227e-02;9.273646e-02;9.057337e-02;2.193823e-02;1.379533e-01;1.817570e-01;4.061880e-02;1.955634e-01;1.243278e-01;2.646942e-02;1.183791e-02;1.477213e-02
4.673920e-02;8.604835e-02;9.029315e-02;3.082741e-02;1.141140e-01;1.031091e-01;4.190434e-02;3.126780e-01;1.300371e-01;1.929423e-02;1.701500e-02;7.940006e-03
4.304852e-02;8.754744e-02;8.990283e-02;4.899970e-02;5.736834e-02;1.110162e-01;5.210500e-02;2.577661e-01;1.302836e-01;2.379882e-02;7.248686e-02;2.567662e-02
5.039010e-02;7.082608e-02;1.013453e-01;8.138295e-02;8.773170e-02;5.668768e-02;6.025502e-02;1.647601e-01;9.547044e-02;4.903309e-02;1.301603e-01;5.195729e-02
5.054081e-02;5.443971e-02;1.148351e-01;9.383947e-02;1.004169e-01;8.568198e-02;3.878248e-02;1.004151e-01;8.214473e-02;5.667929e-02;1.625779e-01;5.964651e-02
5.682557e-02;1.197960e-01;1.030044e-01;8.386444e-02;6.045968e-02;8.089121e-02;4.989235e-02;1.054970e-01;9.755784e-02;6.692002e-02;1.349767e-01;4.031479e-02
1.347678e-01;1.109539e-01;6.904772e-02;2.727147e-02;8.457922e-02;6.654710e-02;5.402142e-02;2.162626e-01;9.092860e-02;5.757218e-02;7.289574e-02;1.515230e-02
1.753404e-01;7.919148e-02;5.602885e-02;1.074383e-02;1.042143e-01;3.504539e-02;2.456150e-02;3.287740e-01;6.965146e-02;2.274093e-02;7.245182e-02;2.125600e-02
1.702461e-01;4.400261e-02;4.402164e-02;6.758454e-03;9.703702e-02;1.531486e-02;6.937408e-02;4.266025e-01;3.835708e-02;2.276697e-02;4.791794e-02;1.760074e-02
1.352856e-01;2.004842e-02;3.969582e-02;1.279967e-02;8.471013e-02;8.404136e-03;1.562755e-01;4.545836e-01;2.072821e-02;2.794528e-02;2.707198e-02;1.245166e-02
9.804646e-02;2.697100e-02;3.815975e-02;1.403482e-02;6.171568e-02;1.638225e-02;2.235720e-01;4.127468e-01;2.357800e-02;4.028374e-02;2.355809e-02;2.095135e-02
6.286098e-02;3.464468e-02;4.060365e-02;1.496064e-02;3.788827e-02;2.512885e-02;2.778722e-01;3.723341e-01;3.397108e-02;4.332277e-02;1.844740e-02;3.796539e-02
3.205162e-02;3.328299e-02;3.856749e-02;1.748627e-02;6.095761e-02;4.684436e-02;1.802228e-01;3.900454e-01;6.545614e-02;5.844508e-02;1.926731e-02;5.737292e-02
8.791053e-02;6.332017e-02;7.337580e-02;1.856927e-02;6.079424e-02;6.837454e-02;1.067483e-01;3.729115e-01;5.916997e-02;2.663557e-02;2.306538e-02;3.912480e-02
1.231961e-01;1.272013e-01;1.123617e-01;1.578796e-02;9.350973e-02;4.689312e-02;3.900272e-02;3.310039e-01;4.043294e-02;3.135589e-02;1.963507e-02;1.961950e-02
1.138775e-01;1.413194e-01;1.267347e-01;1.015508e-02;1.052333e-01;4.936287e-02;8.026748e-02;2.497018e-01;4.821764e-02;3.943984e-02;2.817704e-02;7.513447e-03
1.022688e-01;1.367749e-01;1.276924e-01;2.102074e-02;1.281871e-01;3.977761e-02;1.035953e-01;2.051767e-01;6.128785e-02;4.041338e-02;2.597355e-02;7.831575e-03
8.604646e-02;1.604237e-01;1.202070e-01;3.302589e-02;9.777392e-02;5.617467e-02;1.171437e-01;2.255532e-01;4.362302e-02;2.847654e-02;1.832516e-02;1.322680e-02
5.998304e-02;1.342670e-01;8.838972e-02;3.140000e-02;1.031724e-01;7.317144e-02;1.220736e-01;2.716230e-01;5.675433e-02;2.099187e-02;8.978695e-03;2.919492e-02
6.864843e-02;9.821412e-02;5.201196e-02;1.989491e-02;9.062999e-02;8.627647e-02;1.072998e-01;2.788833e-01;8.087821e-02;6.008221e-02;6.138928e-03;5.104164e-02
7.256214e-02;6.734723e-02;3.983073e-02;2.168303e-02;4.541869e-02;8.567844e-02;1.414897e-01;2.428176e-01;6.391153e-02;1.333002e-01;9.335252e-03;7.662547e-02
4.083011e-02;3.736917e-02;4.331981e-02;2.480878e-02;3.758503e-02;8.087784e-02;2.037393e-01;2.527671e-01;3.425489e-02;1.373429e-01;1.547266e-02;9.163250e-02
5.591138e-02;2.561933e-02;3.689656e-02;1.282379e-02;3.914298e-02;7.884525e-02;2.131933e-01;3.241719e-01;3.739664e-02;6.567590e-02;3.633541e-02;7.398749e-02
8.284455e-02;4.385314e-02;3.856552e-02;9.338449e-03;4.918271e-02;9.981254e-02;9.870248e-02;3.786157e-01;6.431845e-02;3.701303e-02;5.897535e-02;3.877804e-02
8.000074e-02;6.466882e-02;4.485008e-02;1.844904e-02;3.649933e-02;1.066810e-01;1.580890e-01;3.000157e-01;7.708623e-02;3.850441e-02;5.337384e-02;2.178183e-02
7.519506e-02;4.634566e-02;3.357945e-02;1.883650e-02;4.453736e-02;8.777178e-02;1.732941e-01;2.995555e-01;1.149746e-01;5.144496e-02;3.888515e-02;1.557992e-02
6.221649e-02;2.547941e-02;3.235946e-02;1.880672e-02;4.315037e-02;7.525857e-02;1.458294e-01;3.348802e-01;1.847626e-01;3.494947e-02;2.964976e-02;1.265744e-02
3.675943e-02;3.525355e-02;5.559380e-02;2.841961e-02;3.575655e-02;7.946758e-02;1.053659e-01;3.464519e-01;1.919390e-01;3.497322e-02;1.899967e-02;3.101983e-02
3.596056e-02;8.208924e-02;9.811005e-02;4.480806e-02;4.750175e-02;7.308812e-02;1.013426e-01;2.962612e-01;1.078622e-01;3.454295e-02;4.407110e-02;3.436220e-02
3.426533e-02;9.592096e-02;1.377520e-01;6.225693e-02;5.885279e-02;7.689467e-02;1.501253e-01;1.850609e-01;5.782960e-02;3.598031e-02;8.471373e-02;2.034751e-02
3.212307e-02;1.048348e-01;1.348548e-01;1.258788e-01;5.409324e-02;1.142602e-01;1.689909e-01;1.094350e-01;3.917238e-02;2.352474e-02;7.671613e-02;1.611594e-02
6.408671e-02;9.187683e-02;9.237949e-02;1.372147e-01;5.592243e-02;1.790732e-01;1.683756e-01;8.571099e-02;2.079599e-02;4.344304e-02;4.095047e-02;2.017046e-02
8.024354e-02;9.864613e-02;5.680439e-02;9.954908e-02;5.293036e-02;2.421219e-01;1.499369e-01;5.721417e-02;2.769603e-02;6.688273e-02;3.494568e-02;3.302909e-02
5.860575e-02;8.327331e-02;7.749759e-02;6.237314e-02;6.084770e-02;2.238960e-01;1.311475e-01;4.713325e-02;6.289613e-02;5.746297e-02;5.474282e-02;8.012380e-02
4.140885e-02;5.965913e-02;1.000073e-01;5.622085e-02;9.224790e-02;1.223951e-01;1.228920e-01;5.268529e-02;1.065485e-01;4.466521e-02;7.101019e-02;1.302597e-01
2.924971e-02;6.778108e-02;8.123629e-02;6.419583e-02;1.026080e-01;5.135660e-02;1.116598e-01;8.069707e-02;1.287309e-01;5.122555e-02;9.362350e-02;1.376357e-01
5.701713e-02;1.302295e-01;4.837720e-02;7.885023e-02;7.167602e-02;5.288230e-02;8.413806e-02;1.510222e-01;8.539409e-02;6.084029e-02;1.032246e-01;7.634840e-02
5.706338e-02;1.321237e-01;3.491214e-02;1.256241e-01;4.722187e-02;6.603920e-02;4.927199e-02;1.767175e-01;3.152164e-02;4.178987e-02;1.696723e-01;6.804231e-02
6.493375e-02;9.170834e-02;5.086521e-02;1.244914e-01;3.562604e-02;8.341671e-02;5.380869e-02;1.695104e-01;3.824065e-02;3.517228e-02;2.088469e-01;4.337963e-02
7.898041e-02;6.125202e-02;6.813501e-02;1.049874e-01;4.458465e-02;8.475400e-02;6.359063e-02;1.335213e-01;6.083493e-02;5.773742e-02;1.989668e-01;4.265541e-02
7.989015e-02;5.146138e-02;6.461810e-02;7.285837e-02;5.791112e-02;6.154940e-02;1.165478e-01;1.049453e-01;9.948855e-02;6.731789e-02;1.732235e-01;5.018848e-02
