6.267124e-02;5.710619e-02;1.449677e-01;5.612554e-02;6.313945e-02;7.341982e-02;1.334814e-01;9.449183e-02;1.110329e-01;1.075641e-01;4.066131e-02;5.533855e-02
8.370347e-02;5.857004e-02;1.283080e-01;8.018220e-02;5.280291e-02;8.871310e-02;7.256821e-02;1.322640e-01;1.187386e-01;8.419615e-02;5.522755e-02;4.472583e-02
7.054058e-02;5.824482e-02;1.214691e-01;6.699704e-02;5.093287e-02;8.693698e-02;1.438083e-01;1.248260e-01;7.610536e-02;9.125450e-02;7.160041e-02;3.728405e-02
6.379406e-02;7.168785e-02;1.457042e-01;6.417257e-02;6.447196e-02;9.255460e-02;1.204491e-01;9.316281e-02;7.156796e-02;9.639087e-02;7.743758e-02;3.860649e-02
7.290309e-02;7.677197e-02;1.219401e-01;3.897817e-02;8.969694e-02;7.258877e-02;1.394476e-01;7.182978e-02;1.228299e-01;8.855134e-02;6.986625e-02;3.459606e-02
5.533218e-02;8.319502e-02;1.422775e-01;4.951986e-02;7.756709e-02;7.302918e-02;1.185507e-01;7.841575e-02;1.205087e-01;8.490386e-02;6.820676e-02;4.849341e-02
4.994115e-02;8.479572e-02;1.223704e-01;6.258112e-02;7.944706e-02;9.714719e-02;8.147173e-02;8.567325e-02;1.286017e-01;7.373877e-02;5.785813e-02;7.637376e-02
6.014712e-02;6.542077e-02;1.091239e-01;7.896516e-02;7.885994e-02;8.988865e-02;1.228787e-01;5.753291e-02;9.984186e-02;1.105232e-01;5.251941e-02;7.429837e-02
4.995186e-02;5.438935e-02;1.255234e-01;8.800425e-02;8.859001e-02;7.143406e-02;1.484579e-01;1.012334e-01;8.645344e-02;1.140744e-01;1.572291e-02;5.616498e-02
4.969946e-02;4.503857e-02;1.110548e-01;7.492879e-02;9.752537e-02;6.074633e-02;1.468499e-01;1.020151e-01;7.054650e-02;1.117418e-01;6.546341e-02;6.439004e-02
5.433258e-02;4.335815e-02;9.743425e-02;6.365386e-02;1.092038e-01;6.984260e-02;1.066982e-01;7.018171e-02;7.323623e-02;1.428465e-01;8.624481e-02;8.296728e-02
7.026390e-02;5.907245e-02;1.023673e-01;7.946607e-02;1.112123e-01;7.816067e-02;4.601039e-02;7.721619e-02;9.755392e-02;1.346899e-01;7.078619e-02;7.320075e-02
7.612436e-02;7.787009e-02;1.058770e-01;1.160925e-01;7.720394e-02;5.836670e-02;9.184232e-02;9.115215e-02;1.121471e-01;8.501325e-02;4.772452e-02;6.058603e-02
7.129326e-02;8.383214e-02;1.265486e-01;1.376154e-01;5.363413e-02;3.100092e-02;1.140228e-01;6.797958e-02;1.106068e-01;6.483500e-02;3.286641e-02;1.057650e-01
3.928792e-02;8.435633e-02;1.268802e-01;1.221914e-01;6.439856e-02;5.498624e-02;1.103805e-01;7.464556e-02;9.540533e-02;6.871261e-02;5.727027e-02;1.014851e-01
2.470956e-02;7.607467e-02;9.217544e-02;1.305576e-01;1.023580e-01;7.145571e-02;9.744597e-02;1.024484e-01;6.487297e-02;1.070764e-01;7.952742e-02;5.129790e-02
6.997260e-02;8.669855e-02;8.850771e-02;1.208218e-01;1.035806e-01;4.504833e-02;1.091657e-01;9.462158e-02;6.077411e-02;1.134653e-01;5.409700e-02;5.324667e-02
1.194972e-01;1.198552e-01;1.539609e-01;8.515482e-02;7.004297e-02;3.424172e-02;9.251935e-02;6.902962e-02;7.403175e-02;7.530432e-02;3.155346e-02;7.480869e-02
1.062075e-01;9.495702e-02;1.241534e-01;6.996301e-02;5.852361e-02;5.606357e-02;1.310442e-01;5.582209e-02;1.062299e-01;8.879544e-02;3.380978e-02;7.443044e-02
5.777313e-02;5.114150e-02;1.289486e-01;4.933635e-02;6.588596e-02;6.553418e-02;1.276818e-01;1.115972e-01;1.438335e-01;8.556622e-02;6.864958e-02;4.405195e-02
6.897500e-02;4.907613e-02;1.219165e-01;4.544467e-02;5.791704e-02;6.037551e-02;1.680309e-01;1.063189e-01;1.177529e-01;7.202464e-02;7.255916e-02;5.960863e-02
6.545777e-02;5.142498e-02;1.301568e-01;4.834589e-02;5.773224e-02;5.624698e-02;1.887935e-01;8.910753e-02;1.187776e-01;8.597954e-02;5.994174e-02;4.803538e-02
6.466013e-02;6.089044e-02;1.202779e-01;3.585638e-02;4.927247e-02;4.913043e-02;1.937892e-01;5.196647e-02;1.094795e-01;1.259559e-01;7.175950e-02;6.696173e-02
8.540175e-02;6.991329e-02;1.072404e-01;3.131127e-02;4.857379e-02;4.651882e-02;1.399325e-01;9.649151e-02;1.058383e-01;1.286052e-01;7.369884e-02;6.647430e-02
8.234353e-02;6.382118e-02;1.162179e-01;3.822184e-02;5.650273e-02;4.962163e-02;1.524659e-01;7.551558e-02;1.056844e-01;1.320752e-01;7.405411e-02;5.347597e-02
6.557024e-02;6.003062e-02;9.504579e-02;5.363734e-02;6.456301e-02;4.560025e-02;1.797842e-01;6.860638e-02;1.288700e-01;1.003559e-01;9.435417e-02;4.358209e-02
7.218808e-02;5.480343e-02;7.170159e-02;7.009763e-02;7.265159e-02;5.785384e-02;1.840936e-01;8.730241e-02;1.551289e-01;6.064313e-02;9.269065e-02;2.084519e-02
7.899830e-02;4.680557e-02;6.859084e-02;7.945808e-02;6.519523e-02;7.547279e-02;1.455303e-01;1.194420e-01;1.444133e-01;8.242259e-02;4.162005e-02;5.205106e-02
5.722861e-02;6.237073e-02;9.508676e-02;4.338514e-02;5.692964e-02;6.486559e-02;1.478263e-01;1.319920e-01;1.827166e-01;5.802302e-02;6.631730e-02;3.325831e-02
9.940528e-02;8.040716e-02;8.388268e-02;3.702473e-02;5.125828e-02;5.383500e-02;9.574399e-02;1.544225e-01;1.848314e-01;4.356240e-02;6.917197e-02;4.645453e-02
1.008990e-01;6.467710e-02;5.806241e-02;5.707487e-02;3.613008e-02;4.133751e-02;1.274301e-01;1.553585e-01;1.365404e-01;9.150004e-02;6.554248e-02;6.544746e-02
1.506982e-01;4.269520e-02;6.052395e-02;4.285714e-02;5.639524e-02;3.300874e-02;8.875936e-02;1.723501e-01;1.027719e-01;8.129151e-02;1.046200e-01;6.402867e-02
2.019486e-01;2.183115e-02;6.531534e-02;3.431472e-02;4.884975e-02;5.194132e-02;9.298962e-02;1.811497e-01;7.933516e-02;9.963490e-02;8.290894e-02;3.978073e-02
1.573449e-01;4.471395e-02;6.371329e-02;5.662166e-02;3.776283e-02;4.897270e-02;1.059681e-01;1.086412e-01;9.772442e-02;1.449830e-01;6.746778e-02;6.608614e-02
9.636189e-02;6.930448e-02;5.670311e-02;7.850216e-02;3.104135e-02;3.288744e-02;9.608987e-02;5.154687e-02;1.557145e-01;1.475954e-01;8.962590e-02;9.462698e-02
1.229878e-01;3.977370e-02;5.276389e-02;5.729275e-02;2.343008e-02;5.177782e-02;7.932468e-02;7.199296e-02;1.611928e-01;1.070887e-01;1.488334e-01;8.354147e-02
1.358888e-01;3.456572e-02;8.231058e-02;3.265110e-02;2.085908e-02;9.294097e-02;4.622802e-02;7.047357e-02;1.099667e-01;8.496299e-02;2.502624e-01;3.889004e-02
9.886758e-02;2.736169e-02;8.266715e-02;2.832252e-02;2.414131e-02;1.239414e-01;4.026321e-02;5.340667e-02;6.806532e-02;1.080971e-01;3.030108e-01;4.185528e-02
5.862861e-02;2.654797e-02;8.096652e-02;1.912526e-02;3.502454e-02;1.401834e-01;3.314075e-02;3.930451e-02;5.829013e-02;1.629470e-01;3.200045e-01;2.583675e-02
3.491669e-02;3.960773e-02;5.799589e-02;2.394676e-02;7.048046e-02;1.337420e-01;2.519541e-02;3.784790e-02;4.413820e-02;2.346019e-01;2.802343e-01;1.729271e-02
2.840204e-02;6.708035e-02;7.796502e-02;5.327313e-02;9.955100e-02;1.085020e-01;3.123252e-02;4.948046e-02;3.398073e-02;2.250911e-01;2.004722e-01;2.496956e-02
3.509969e-02;7.246136e-02;1.056916e-01;8.134890e-02;1.124428e-01;8.426313e-02;4.273269e-02;6.350593e-02;3.069952e-02;1.936757e-01;1.519577e-01;2.612097e-02
4.375016e-02;5.541075e-02;9.511992e-02;8.647607e-02;1.209028e-01;6.589279e-02;9.040977e-02;7.576210e-02;6.080684e-02;1.621033e-01;1.141002e-01;2.926535e-02
9.130767e-02;4.786601e-02;1.074680e-01;4.077923e-02;1.066346e-01;1.073111e-01;5.379785e-02;6.272461e-02;5.223123e-02;1.510112e-01;1.369911e-01;4.187742e-02
7.905088e-02;4.164368e-02;1.264313e-01;3.643108e-02;7.871148e-02;9.025916e-02;1.193291e-01;4.713487e-02;3.869647e-02;1.020656e-01;1.748141e-01;6.543222e-02
5.869634e-02;5.483343e-02;1.017851e-01;5.676621e-02;5.465785e-02;6.893717e-02;1.329966e-01;4.432831e-02;4.809879e-02;1.256788e-01;1.866726e-01;6.654883e-02
1.242282e-01;9.217110e-02;1.202506e-01;4.566927e-02;5.409928e-02;5.492641e-02;1.067947e-01;4.413742e-02;8.121912e-02;1.274882e-01;7.824904e-02;7.076665e-02
1.689856e-01;9.283303e-02;1.114298e-01;6.464703e-02;5.623440e-02;4.267555e-02;1.246234e-01;5.971801e-02;8.338977e-02;8.206313e-02;3.854084e-02;7.485946e-02
1.401801e-01;9.115297e-02;1.242273e-01;7.400092e-02;5.841347e-02;4.445073e-02;1.582402e-01;5.152514e-02;8.881842e-02;7.040424e-02;3.084408e-02;6.774236e-02
9.855942e-02;6.294905e-02;1.458638e-01;7.620180e-02;5.192818e-02;8.801921e-02;1.549700e-01;3.967713e-02;9.681355e-02;6.108024e-02;6.614693e-02;5.779064e-02
6.576022e-02;4.474443e-02;1.249502e-01;7.750653e-02;7.047612e-02;1.417781e-01;1.061486e-01;5.264209e-02;8.572078e-02;7.546502e-02;1.186784e-01;3.612947e-02
4.112385e-02;4.326880e-02;8.376668e-02;6.490840e-02;1.135219e-01;2.112364e-01;4.061141e-02;4.114345e-02;5.647430e-02;9.706602e-02;1.901258e-01;1.675303e-02
2.731006e-02;2.076797e-02;8.453512e-02;3.572857e-02;1.112267e-01;2.332934e-01;4.545951e-02;2.333029e-02;2.315268e-02;1.283260e-01;2.398463e-01;2.702352e-02
3.383003e-02;2.422267e-02;8.765151e-02;2.548699e-02;7.492334e-02;1.661092e-01;7.187851e-02;3.284006e-02;3.606095e-02;1.971360e-01;2.228019e-01;2.705886e-02
3.964008e-02;5.312086e-02;8.531183e-02;4.192488e-02;4.658547e-02;9.065294e-02;9.545947e-02;3.671973e-02;6.266723e-02;2.443318e-01;1.837806e-01;1.980509e-02
3.882624e-02;5.963627e-02;8.421618e-02;5.713204e-02;3.498468e-02;5.720158e-02;1.004559e-01;3.423906e-02;6.792926e-02;2.607203e-01;1.792917e-01;2.536676e-02
6.968452e-02;3.330914e-02;1.193232e-01;5.570736e-02;5.940257e-02;8.105997e-02;4.101516e-02;2.930467e-02;5.509840e-02;2.501755e-01;1.650706e-01;4.084896e-02
4.204107e-02;3.616639e-02;1.074709e-01;6.132662e-02;4.135711e-02;8.143678e-02;8.620845e-02;4.633376e-02;6.421380e-02;2.212630e-01;1.689916e-01;4.319056e-02
3.169140e-02;4.063004e-02;1.495201e-01;6.358652e-02;3.671684e-02;1.036679e-01;8.379721e-02;6.287412e-02;4.838960e-02;1.634455e-01;1.560448e-01;5.963605e-02
4.096506e-02;3.905395e-02;1.730139e-01;4.864118e-02;6.418494e-02;9.306314e-02;8.177622e-02;6.429341e-02;7.632104e-02;1.510570e-01;1.113089e-01;5.632125e-02
9.044846e-02;3.883874e-02;1.494626e-01;4.856574e-02;6.474739e-02;7.487896e-02;8.086023e-02;5.946608e-02;7.836169e-02;1.490684e-01;1.101832e-01;5.511860e-02
1.069306e-01;4.868159e-02;1.553456e-01;4.641487e-02;3.990619e-02;4.433517e-02;9.464488e-02;6.729736e-02;5.923304e-02;1.855657e-01;1.008792e-01;5.076580e-02
4.601634e-02;2.191095e-02;1.174931e-01;3.792017e-02;3.700221e-02;5.950395e-02;1.451499e-01;5.887091e-02;7.163621e-02;2.417773e-01;1.047530e-01;5.796586e-02
4.889282e-02;1.208441e-02;8.485998e-02;2.344736e-02;3.659413e-02;6.668442e-02;1.782141e-01;5.104107e-02;9.694812e-02;2.223353e-01;1.110288e-01;6.786947e-02
5.544197e-02;3.177811e-02;1.153146e-01;3.156627e-02;4.991169e-02;5.585073e-02;1.931694e-01;4.904034e-02;8.358068e-02;1.524179e-01;1.122112e-01;6.971715e-02
8.773193e-02;5.597727e-02;1.569508e-01;5.500583e-02;5.410115e-02;3.688576e-02;2.032117e-01;3.551080e-02;6.046115e-02;8.136082e-02;9.611678e-02;7.668605e-02
8.008604e-02;6.698035e-02;7.565297e-02;7.731929e-02;3.272574e-02;2.836774e-02;2.213748e-01;5.898540e-02;5.320593e-02;9.471793e-02;1.126143e-01;9.796951e-02
7.739460e-02;6.575735e-02;1.796132e-01;5.418605e-02;2.381329e-02;4.264151e-02;1.200392e-01;6.243287e-02;5.447024e-02;1.153008e-01;1.380790e-01;6.627196e-02
8.772539e-02;6.093860e-02;1.148970e-01;3.318826e-02;4.164547e-02;6.027481e-02;1.766607e-01;4.305791e-02;4.120056e-02;1.045556e-01;1.581068e-01;7.774884e-02
8.629680e-02;4.914251e-02;1.160203e-01;2.443724e-02;4.851737e-02;6.184762e-02;2.201349e-01;4.006490e-02;4.945432e-02;8.819602e-02;1.173063e-01;9.858172e-02
7.507294e-02;5.480251e-02;9.507111e-02;2.294109e-02;5.244922e-02;6.083640e-02;2.297969e-01;5.310786e-02;5.128007e-02;7.785000e-02;1.153915e-01;1.114004e-01
6.073067e-02;3.875937e-02;9.433750e-02;2.322764e-02;6.025370e-02;5.030467e-02;2.474093e-01;7.167348e-02;5.452787e-02;7.047179e-02;1.125114e-01;1.157925e-01
6.435420e-02;4.229821e-02;1.072948e-01;2.930402e-02;5.853922e-02;4.498624e-02;2.389221e-01;7.747438e-02;5.267679e-02;6.374370e-02;1.091786e-01;1.112277e-01
6.498216e-02;5.616538e-02;1.101171e-01;3.675875e-02;5.818982e-02;5.596368e-02;2.116234e-01;5.746510e-02;5.744535e-02;7.896591e-02;1.065153e-01;1.058081e-01
7.992426e-02;5.190886e-02;1.165394e-01;3.701915e-02;5.458118e-02;7.476509e-02;1.442853e-01;4.588800e-02;4.662096e-02;1.136356e-01;1.528454e-01;8.198682e-02
5.646529e-02;2.833275e-02;1.174517e-01;2.667781e-02;6.165684e-02;7.822059e-02;1.577960e-01;4.001236e-02;5.229197e-02;1.179432e-01;1.978286e-01;6.532277e-02
6.345186e-02;4.120291e-02;1.371104e-01;2.560958e-02;7.300082e-02;7.676526e-02;1.189746e-01;4.784344e-02;5.171460e-02;1.094391e-01;1.950156e-01;5.987180e-02
2.542925e-02;2.566249e-02;1.028339e-01;4.659440e-02;6.942500e-02;9.401894e-02;1.163212e-01;5.675701e-02;4.258652e-02;1.509154e-01;2.208873e-01;4.856870e-02
1.941302e-02;2.242689e-02;1.034829e-01;6.237225e-02;6.996883e-02;8.692715e-02;1.649344e-01;3.886197e-02;3.129474e-02;1.543724e-01;2.123822e-01;3.356320e-02
2.481328e-02;3.194551e-02;7.623054e-02;7.220135e-02;7.840719e-02;7.877261e-02;1.554364e-01;2.724416e-02;2.988808e-02;1.781037e-01;2.120133e-01;3.494387e-02
5.831743e-02;6.158806e-02;8.063178e-02;7.710200e-02;6.553856e-02;5.896792e-02;1.908193e-01;3.065308e-02;4.555978e-02;1.367142e-01;1.575845e-01;3.652339e-02
9.170481e-02;7.298715e-02;9.391161e-02;5.650263e-02;7.687906e-02;7.356159e-02;1.346346e-01;4.498490e-02;7.204263e-02;1.087808e-01;1.108766e-01;6.313374e-02
9.125700e-02;6.593256e-02;7.632104e-02;3.598497e-02;7.944958e-02;6.970447e-02;1.377244e-01;6.622986e-02;8.138802e-02;1.364120e-01;7.565659e-02;8.393939e-02
7.256963e-02;6.893972e-02;5.281772e-02;3.082573e-02;8.015818e-02;4.648513e-02;1.201099e-01;9.493440e-02;5.851505e-02;2.125773e-01;4.140819e-02;1.206591e-01
5.391453e-02;7.578670e-02;4.777406e-02;2.687651e-02;7.243270e-02;4.920755e-02;8.117875e-02;8.980083e-02;5.410788e-02;2.431190e-01;5.071114e-02;1.550904e-01
5.720448e-02;6.510350e-02;6.513172e-02;3.382410e-02;5.895860e-02;6.225897e-02;9.027688e-02;7.215443e-02;6.151552e-02;2.113953e-01;5.324566e-02;1.689309e-01
7.025233e-02;4.920984e-02;7.906131e-02;3.383553e-02;4.462389e-02;7.178317e-02;1.041882e-01;5.543930e-02;5.821563e-02;1.711630e-01;7.334640e-02;1.888813e-01
6.579200e-02;4.477301e-02;8.940837e-02;3.379619e-02;4.268291e-02;7.822762e-02;1.220811e-01;5.071287e-02;7.410692e-02;1.378887e-01;7.894713e-02;1.815832e-01
6.009664e-02;4.881670e-02;1.033496e-01;2.918682e-02;4.298868e-02;7.968613e-02;1.327746e-01;5.329755e-02;8.307367e-02;1.108433e-01;9.206497e-02;1.638213e-01
5.662888e-02;4.363785e-02;1.128296e-01;2.807818e-02;4.246464e-02;8.532260e-02;1.473614e-01;5.009233e-02;8.468869e-02;1.089740e-01;7.894527e-02;1.609766e-01
5.664798e-02;3.119086e-02;1.183659e-01;2.967984e-02;3.940991e-02;9.244897e-02;1.506786e-01;5.421598e-02;8.617070e-02;9.760315e-02;8.395654e-02;1.596316e-01
7.893295e-02;3.150585e-02;1.084931e-01;3.547689e-02;3.141648e-02;8.273199e-02;1.273511e-01;6.358860e-02;1.165598e-01;8.246887e-02;1.192022e-01;1.222722e-01
1.030423e-01;3.988931e-02;8.872074e-02;4.365066e-02;2.417915e-02;5.943465e-02;9.474930e-02;8.728879e-02;1.666112e-01;6.802212e-02;1.523456e-01;7.206614e-02
1.316128e-01;3.577567e-02;6.344125e-02;5.323524e-02;2.520833e-02;3.035428e-02;9.652624e-02;1.063589e-01;2.201763e-01;5.837859e-02;1.470103e-01;3.192212e-02
1.452543e-01;2.497285e-02;5.068437e-02;5.561789e-02;2.431652e-02;2.452224e-02;1.105667e-01;8.971586e-02;2.458608e-01;7.450249e-02;1.174558e-01;3.653020e-02
1.394949e-01;2.537140e-02;5.338617e-02;4.845402e-02;3.201893e-02;4.782434e-02;1.363715e-01;6.377497e-02;2.299968e-01;9.132740e-02;8.765601e-02;4.432356e-02
1.192659e-01;4.503407e-02;5.175462e-02;3.927753e-02;5.602698e-02;7.016670e-02;1.449187e-01;2.764182e-02;1.806809e-01;1.386140e-01;6.919962e-02;5.741917e-02
7.302461e-02;7.414930e-02;3.739857e-02;2.657658e-02;8.303263e-02;5.628129e-02;9.362681e-02;4.911266e-02;1.225711e-01;2.233155e-01;6.416409e-02;9.674682e-02
4.545231e-02;1.000262e-01;1.650212e-02;1.367663e-02;1.014863e-01;3.346873e-02;4.291498e-02;1.009663e-01;8.148814e-02;2.893263e-01;6.010326e-02;1.145888e-01
2.559234e-02;1.069175e-01;1.630224e-02;2.474220e-02;9.443879e-02;2.173505e-02;3.085252e-02;1.554162e-01;5.495939e-02;3.005491e-01;7.624631e-02;9.224834e-02
2.412310e-02;7.954408e-02;3.179823e-02;3.217638e-02;6.469492e-02;6.152523e-02;4.409647e-02;1.695299e-01;4.787735e-02;2.473102e-01;1.415412e-01;5.578291e-02
5.155592e-02;4.214168e-02;5.423016e-02;2.199254e-02;2.713698e-02;1.262424e-01;4.762426e-02;1.006053e-01;4.319400e-02;1.591363e-01;2.873447e-01;3.879578e-02
6.674811e-02;2.479039e-02;7.962807e-02;6.136380e-03;1.188666e-02;1.950286e-01;2.782612e-02;4.423375e-02;4.413987e-02;7.961991e-02;3.929025e-01;2.705972e-02
6.108179e-02;1.025455e-02;1.011680e-01;1.027854e-02;1.073332e-02;1.903426e-01;4.084531e-02;2.087868e-02;8.573989e-02;3.869641e-02;3.899596e-01;4.002126e-02
4.669458e-02;1.414455e-02;8.495232e-02;2.316476e-02;1.274680e-02;1.367853e-01;1.156195e-01;1.299484e-02;1.025696e-01;3.345425e-02;2.995456e-01;1.173279e-01
2.978568e-02;2.588259e-02;4.569869e-02;5.105390e-02;1.005627e-02;5.773611e-02;2.459569e-01;2.281680e-02;6.480245e-02;2.952545e-02;1.588310e-01;2.578542e-01
2.586463e-02;3.082756e-02;1.636732e-02;8.241386e-02;3.670478e-03;2.603492e-02;3.294457e-01;3.157117e-02;2.011128e-02;3.776174e-02;7.268797e-02;3.232433e-01
3.563194e-02;2.430332e-02;8.455176e-03;1.061053e-01;4.329438e-03;1.771740e-02;3.586382e-01;3.960316e-02;1.416327e-02;6.183049e-02;2.169329e-02;3.075290e-01
5.603604e-02;1.516894e-02;1.475973e-02;1.189066e-01;6.710509e-03;2.262798e-02;3.359146e-01;5.794384e-02;2.303033e-02;7.843549e-02;2.267417e-02;2.477919e-01
6.568840e-02;7.844648e-03;1.256787e-02;1.416882e-01;8.974067e-03;1.583066e-02;3.236876e-01;7.848091e-02;2.120814e-02;9.336063e-02;2.986960e-02;2.007993e-01
7.874902e-02;6.975809e-03;1.447948e-02;1.847307e-01;1.087387e-02;9.100867e-03;3.207808e-01;1.055187e-01;7.276893e-03;9.050947e-02;1.351933e-02;1.574850e-01
5.807243e-02;1.200234e-02;1.387872e-02;2.059355e-01;6.732557e-03;1.236439e-02;3.190792e-01;8.228396e-02;8.674061e-03;6.883359e-02;1.739852e-02;1.947448e-01
4.143130e-02;1.638900e-02;1.374220e-02;1.949425e-01;8.872557e-03;9.329122e-03;3.326468e-01;5.061096e-02;9.844424e-03;4.490997e-02;2.386174e-02;2.534195e-01
3.675881e-02;2.359734e-02;2.685896e-02;1.505706e-01;1.266280e-02;1.894479e-02;3.238006e-01;3.336376e-02;1.571761e-02;2.539474e-02;3.912959e-02;2.932005e-01
3.508455e-02;2.665645e-02;3.397724e-02;1.208951e-01;8.670518e-03;3.484035e-02;2.993546e-01;2.540655e-02;1.682608e-02;2.775619e-02;5.316588e-02;3.173665e-01
4.360668e-02;2.285741e-02;2.221923e-02;1.118833e-01;7.193239e-03;5.054399e-02;2.697318e-01;2.008832e-02;1.923384e-02;4.003164e-02;7.701287e-02;3.155976e-01
5.173851e-02;2.476392e-02;7.316589e-02;8.407829e-02;1.902040e-02;6.570856e-02;2.098204e-01;3.883595e-02;3.369568e-02;5.381050e-02;1.119081e-01;2.334537e-01
6.407591e-02;1.749422e-02;1.337313e-01;4.469015e-02;2.821195e-02;6.561331e-02;1.393154e-01;2.701924e-02;4.269736e-02;9.366774e-02;1.593634e-01;1.841200e-01
6.032127e-02;3.318223e-02;1.153037e-01;3.395273e-02;2.913205e-02;6.335966e-02;9.203357e-02;9.708994e-02;6.701683e-02;9.523255e-02;1.157633e-01;1.976121e-01
7.231555e-02;6.080326e-02;7.616679e-02;3.049839e-02;4.446831e-02;6.341324e-02;1.314997e-01;1.172402e-01;8.675261e-02;7.554684e-02;5.295847e-02;1.883366e-01
7.506224e-02;5.943124e-02;6.786977e-02;5.511729e-02;5.217951e-02;5.201527e-02;1.475031e-01;7.949877e-02;9.208847e-02;8.432507e-02;4.932433e-02;1.855849e-01
7.328725e-02;3.404631e-02;8.817675e-02;9.087367e-02;4.067866e-02;4.901379e-02;1.505262e-01;4.776868e-02;1.213254e-01;9.650558e-02;5.326908e-02;1.545286e-01
9.256518e-02;2.528749e-02;1.012281e-01;6.879889e-02;4.068776e-02;4.267571e-02;1.336244e-01;7.645190e-02;1.276651e-01;1.410168e-01;5.261996e-02;9.737871e-02
7.556541e-02;4.220298e-02;7.705998e-02;5.642392e-02;3.140377e-02;5.987628e-02;1.376728e-01;1.208482e-01;1.028476e-01;1.367379e-01;6.695405e-02;9.240712e-02
4.308767e-02;5.772768e-02;9.365205e-02;5.622282e-02;3.115107e-02;9.353918e-02;1.200072e-01;1.118740e-01;9.842329e-02;1.363581e-01;6.115872e-02;9.679819e-02
4.169808e-02;4.858268e-02;1.662857e-01;5.109522e-02;5.907648e-02;7.250670e-02;1.262692e-01;6.535108e-02;9.678470e-02;1.322372e-01;6.134688e-02;7.876617e-02
3.636514e-02;4.814858e-02;1.556013e-01;9.363035e-02;7.018335e-02;6.719103e-02;1.380191e-01;4.641220e-02;1.413346e-01;8.141582e-02;7.323480e-02;4.846364e-02
1.715590e-02;5.400092e-02;9.336301e-02;1.130791e-01;6.269099e-02;1.011826e-01;1.308549e-01;3.344690e-02;1.604675e-01;8.479968e-02;1.011878e-01;4.777069e-02
5.193881e-02;7.652023e-02;6.411754e-02;6.486132e-02;6.390036e-02;1.041653e-01;9.867735e-02;6.460994e-02;1.278423e-01;1.185394e-01;1.089703e-01;5.585714e-02
7.502797e-02;9.414902e-02;6.659753e-02;7.035992e-02;7.278578e-02;1.007592e-01;4.154819e-02;1.102562e-01;1.150688e-01;1.167891e-01;7.996728e-02;5.669099e-02
1.057330e-01;7.160442e-02;1.035364e-01;7.142301e-02;5.761125e-02;7.087401e-02;1.022683e-01;1.040868e-01;1.212804e-01;7.385500e-02;5.246575e-02;6.526156e-02
1.098723e-01;7.501077e-02;1.151458e-01;9.408098e-02;5.582158e-02;6.533683e-02;9.697864e-02;7.125533e-02;1.121530e-01;9.644601e-02;4.628035e-02;6.161838e-02
7.540739e-02;6.872655e-02;1.925101e-01;9.268779e-02;6.397334e-02;5.214997e-02;1.495411e-01;5.484238e-02;5.797060e-02;8.114677e-02;8.222796e-02;2.881611e-02
9.089199e-02;5.389202e-02;1.713041e-01;5.902073e-02;7.990231e-02;5.930771e-02;1.694494e-01;8.134490e-02;4.985448e-02;6.128594e-02;7.561471e-02;4.813167e-02
1.272425e-01;5.969426e-02;1.310565e-01;4.649194e-02;9.614055e-02;4.089818e-02;1.434371e-01;1.128356e-01;4.050295e-02;4.931171e-02;9.519030e-02;5.719839e-02
1.541666e-01;6.669828e-02;1.193067e-01;3.094308e-02;1.094518e-01;4.510836e-02;8.365607e-02;1.210719e-01;4.644157e-02;3.138068e-02;1.391327e-01;5.264234e-02
1.514653e-01;5.815395e-02;1.276824e-01;3.906515e-02;1.009884e-01;4.148516e-02;8.880377e-02;1.066002e-01;5.327784e-02;3.948310e-02;1.425439e-01;5.045085e-02
1.315922e-01;4.536609e-02;1.228626e-01;6.465624e-02;8.418585e-02;4.255781e-02;1.298174e-01;8.700491e-02;5.491745e-02;7.164758e-02;1.086139e-01;5.677795e-02
1.127500e-01;4.970909e-02;1.110758e-01;7.865556e-02;8.130692e-02;5.497644e-02;1.822099e-01;7.467433e-02;3.445538e-02;8.975665e-02;7.339934e-02;5.703059e-02
8.856956e-02;5.667480e-02;1.778787e-01;5.963379e-02;8.910073e-02;6.113823e-02;1.667853e-01;7.424746e-02;2.723284e-02;8.646308e-02;6.166534e-02;5.061015e-02
1.633181e-01;7.978479e-02;2.467344e-01;2.889693e-02;7.212909e-02;4.160770e-02;6.919188e-02;7.320627e-02;3.432933e-02;7.518817e-02;7.635214e-02;3.926125e-02
2.003553e-01;7.675018e-02;2.014313e-01;3.814645e-02;7.017257e-02;2.358927e-02;7.439651e-02;9.622339e-02;5.263250e-02;5.877209e-02;6.937493e-02;3.815556e-02
1.804474e-01;7.990406e-02;1.718784e-01;5.442959e-02;7.995049e-02;2.780657e-02;9.844036e-02;9.727309e-02;5.298427e-02;4.778263e-02;7.460692e-02;3.449621e-02
1.802044e-01;8.791830e-02;1.670105e-01;4.540882e-02;6.220542e-02;3.917648e-02;1.367028e-01;8.711966e-02;4.945994e-02;5.873572e-02;6.288005e-02;2.317794e-02
1.431616e-01;7.918564e-02;2.423214e-01;4.060878e-02;2.667416e-02;3.621831e-02;1.298340e-01;5.807981e-02;5.634548e-02;7.697181e-02;7.588934e-02;3.470964e-02
8.190885e-02;7.004558e-02;2.467676e-01;4.971922e-02;3.265935e-02;1.931728e-02;1.390234e-01;7.930810e-02;6.204359e-02;7.932772e-02;8.429122e-02;5.558814e-02
3.851959e-02;8.049151e-02;2.405196e-01;5.978010e-02;5.189895e-02;2.732930e-02;1.339950e-01;9.012908e-02;6.524947e-02;9.173247e-02;7.007729e-02;5.027762e-02
7.719109e-02;6.504676e-02;1.840463e-01;5.671722e-02;6.973463e-02;5.417719e-02;1.023792e-01;7.532606e-02;1.025944e-01;8.401003e-02;6.534446e-02;6.343273e-02
3.567565e-02;7.420690e-02;1.432699e-01;6.967282e-02;7.462415e-02;4.798058e-02;1.358090e-01;5.989566e-02;1.087339e-01;8.303495e-02;8.645429e-02;8.064210e-02
5.537626e-02;6.057790e-02;1.526297e-01;4.398195e-02;8.196677e-02;7.423022e-02;1.301220e-01;5.987258e-02;1.194257e-01;8.795463e-02;8.657499e-02;4.728721e-02
7.496508e-02;4.435341e-02;1.193698e-01;3.174682e-02;8.240037e-02;7.298622e-02;1.439042e-01;6.326661e-02;1.446191e-01;6.800142e-02;9.894334e-02;5.544362e-02
7.874583e-02;4.997827e-02;6.875893e-02;4.544615e-02;5.942056e-02;5.562532e-02;1.855014e-01;8.289631e-02;1.270649e-01;7.576416e-02;7.612448e-02;9.467366e-02
7.167288e-02;7.400271e-02;4.913505e-02;6.538058e-02;3.124981e-02;4.122169e-02;2.321273e-01;5.377139e-02;5.556809e-02;1.398131e-01;5.992268e-02;1.261347e-01
7.363757e-02;8.399968e-02;6.862140e-02;5.531378e-02;1.764476e-02;3.916974e-02;1.985437e-01;6.483454e-02;1.046024e-01;1.235071e-01;6.256976e-02;1.075556e-01
7.118361e-02;9.174449e-02;7.618038e-02;5.108235e-02;1.922652e-02;3.052206e-02;1.947308e-01;5.915137e-02;1.334625e-01;1.128321e-01;6.325287e-02;9.663099e-02
8.206378e-02;8.600838e-02;8.751977e-02;4.387874e-02;3.168211e-02;6.100320e-02;1.680346e-01;5.554296e-02;1.275811e-01;1.053892e-01;7.162358e-02;7.967255e-02
6.810071e-02;7.012171e-02;1.113616e-01;3.942938e-02;5.635477e-02;7.042038e-02;1.280110e-01;7.619680e-02;1.552721e-01;8.985773e-02;7.833558e-02;5.653819e-02
1.055996e-01;6.584101e-02;1.376515e-01;2.465291e-02;8.065142e-02;6.814185e-02;7.744140e-02;7.131603e-02;1.430692e-01;7.447111e-02;9.638254e-02;5.478140e-02
1.276703e-01;7.538823e-02;1.064288e-01;4.367393e-02;6.244976e-02;7.806022e-02;8.780462e-02;4.287480e-02;7.552151e-02;1.222195e-01;7.358177e-02;1.043265e-01
8.265559e-02;9.128414e-02;1.691205e-01;3.322686e-02;3.322546e-02;5.865150e-02;1.001319e-01;6.987256e-02;1.058948e-01;1.001451e-01;4.803443e-02;1.077572e-01
7.298171e-02;8.480550e-02;1.042361e-01;1.870752e-02;3.638409e-02;3.836667e-02;1.387602e-01;9.276295e-02;1.219819e-01;9.424280e-02;7.831050e-02;1.184601e-01
9.743899e-02;6.901110e-02;7.872979e-02;3.189294e-02;5.435885e-02;3.783726e-02;1.623703e-01;9.085380e-02;1.085375e-01;9.789094e-02;7.128530e-02;9.979323e-02
9.188151e-02;7.439760e-02;1.412584e-01;5.079655e-02;4.345739e-02;4.183675e-02;1.550298e-01;7.493398e-02;9.114113e-02;9.946411e-02;5.974524e-02;7.605758e-02
9.724336e-02;7.483017e-02;1.364838e-01;6.207727e-02;7.093384e-02;8.905509e-02;7.967509e-02;7.990824e-02;6.085917e-02;1.075401e-01;6.711768e-02;7.427619e-02
8.915146e-02;8.003809e-02;1.141235e-01;6.948946e-02;6.917314e-02;7.710632e-02;1.093477e-01;6.457190e-02;9.514077e-02;1.164718e-01;6.475288e-02;5.063301e-02
9.706141e-02;8.774469e-02;1.206449e-01;6.234026e-02;6.016339e-02;7.196919e-02;1.245748e-01;4.618558e-02;1.007796e-01;1.187725e-01;7.131343e-02;3.845029e-02
8.067399e-02;9.826093e-02;1.546142e-01;4.191745e-02;5.271303e-02;4.369270e-02;1.464307e-01;4.826157e-02;9.669897e-02;1.189747e-01;8.359827e-02;3.416345e-02
9.529451e-02;8.551802e-02;2.149273e-01;6.522141e-02;4.258421e-02;4.943066e-02;1.457122e-01;5.559897e-02;8.504446e-02;5.850881e-02;5.148759e-02;5.067182e-02
1.246715e-01;8.100637e-02;1.858334e-01;5.123267e-02;4.569323e-02;5.493593e-02;1.287867e-01;8.686101e-02;7.420612e-02;6.991154e-02;4.119546e-02;5.566593e-02
1.519342e-01;6.538594e-02;1.309777e-01;5.752317e-02;6.232643e-02;4.984744e-02;1.256406e-01;1.094675e-01;5.400639e-02;7.719968e-02;6.397919e-02;5.171186e-02
1.863695e-01;4.741139e-02;1.096134e-01;8.679149e-02;9.239071e-02;2.943664e-02;9.481941e-02;1.210011e-01;2.556500e-02;7.873853e-02;8.083889e-02;4.702389e-02
1.962459e-01;5.532926e-02;1.326422e-01;9.708460e-02;1.070684e-01;1.810780e-02;9.922825e-02;1.005666e-01;2.223938e-02;5.548739e-02;7.047016e-02;4.553008e-02
1.808668e-01;4.889870e-02;1.432629e-01;1.057153e-01;9.977694e-02;2.286535e-02;1.336935e-01;6.618961e-02;3.096592e-02;5.971016e-02;5.809496e-02;4.995994e-02
1.535841e-01;3.429062e-02;1.549717e-01;1.116202e-01;8.375522e-02;2.313068e-02;1.805468e-01;4.513351e-02;3.875446e-02;6.997328e-02;4.848903e-02;5.575046e-02
8.939658e-02;6.077968e-02;1.910594e-01;8.875170e-02;6.891535e-02;2.942448e-02;1.874971e-01;3.263463e-02;7.277008e-02;6.623185e-02;5.815561e-02;5.438357e-02
8.752271e-02;8.498958e-02;1.942347e-01;6.604119e-02;5.212107e-02;3.404977e-02;1.408700e-01;4.560268e-02;7.529175e-02;7.120873e-02;9.431661e-02;5.375117e-02
1.856298e-01;6.610675e-02;1.791735e-01;7.212280e-02;6.286673e-02;3.438262e-02;1.046329e-01;7.303920e-02;3.441052e-02;5.814516e-02;7.955234e-02;4.993760e-02
1.505253e-01;5.868086e-02;1.995977e-01;9.836852e-02;7.098729e-02;4.771369e-02;9.757997e-02;7.172339e-02;4.510070e-02;6.480502e-02;3.484385e-02;6.007361e-02
7.474572e-02;5.686807e-02;2.001881e-01;8.337907e-02;5.664939e-02;4.647389e-02;1.272402e-01;7.557425e-02;9.379442e-02;8.165308e-02;4.575652e-02;5.767731e-02
8.249962e-02;3.976931e-02;1.528874e-01;6.904363e-02;5.725093e-02;3.114835e-02;1.371631e-01;6.741500e-02;9.095895e-02;1.521568e-01;5.669787e-02;6.300891e-02
7.148651e-02;6.631739e-02;1.134290e-01;7.391552e-02;5.665459e-02;5.139764e-02;9.553638e-02;4.588281e-02;1.092749e-01;2.149262e-01;4.716042e-02;5.401867e-02
5.144221e-02;5.213449e-02;9.728622e-02;8.482391e-02;4.986307e-02;7.695919e-02;1.061490e-01;6.212878e-02;9.295806e-02;2.682554e-01;2.826758e-02;2.973198e-02
2.965844e-02;2.906446e-02;7.483473e-02;6.459834e-02;5.934208e-02;5.263402e-02;1.061769e-01;6.002661e-02;1.454391e-01;3.240389e-01;2.606889e-02;2.811758e-02
1.925965e-02;1.298843e-02;5.222075e-02;4.515258e-02;3.377844e-02;2.032829e-02;9.523981e-02;5.779171e-02;2.397355e-01;3.664881e-01;3.199633e-02;2.502041e-02
3.860205e-02;1.781648e-02;7.441359e-02;4.187436e-02;3.292263e-02;1.604959e-02;9.991886e-02;6.953532e-02;2.606862e-01;2.794683e-01;4.024772e-02;2.846491e-02
6.915999e-02;4.829891e-02;9.592827e-02;3.712365e-02;3.967417e-02;2.610034e-02;9.493497e-02;8.373293e-02;2.222455e-01;1.720975e-01;6.188204e-02;4.882165e-02
9.700113e-02;6.956305e-02;9.672607e-02;4.027284e-02;3.661312e-02;3.416555e-02;7.767588e-02;7.968839e-02;2.038518e-01;1.320461e-01;7.351033e-02;5.888568e-02
1.135850e-01;7.743956e-02;7.651584e-02;4.506811e-02;3.740280e-02;4.477054e-02;8.207169e-02;8.041587e-02;2.069533e-01;1.103023e-01;7.097226e-02;5.450266e-02
9.114032e-02;4.743722e-02;1.345500e-01;4.568737e-02;5.655928e-02;8.085954e-02;1.225853e-01;7.971264e-02;1.188244e-01;1.265516e-01;4.648721e-02;4.960509e-02
1.167435e-01;8.338754e-02;1.068183e-01;4.971780e-02;5.437819e-02;7.997473e-02;1.049663e-01;8.757979e-02;9.018653e-02;1.573408e-01;2.684747e-02;4.205906e-02
9.091667e-02;6.701797e-02;9.848335e-02;6.316408e-02;6.584918e-02;8.431046e-02;1.247658e-01;9.811182e-02;1.143225e-01;1.085997e-01;5.586850e-02;2.859000e-02
8.016589e-02;7.515364e-02;1.035174e-01;5.975771e-02;7.921218e-02;8.556333e-02;1.213762e-01;8.762017e-02;1.108592e-01;9.509500e-02;5.922367e-02;4.245561e-02
8.507115e-02;8.151911e-02;1.016087e-01;5.828202e-02;8.951224e-02;8.389777e-02;1.170429e-01;7.893921e-02;1.239374e-01;8.009381e-02;5.008032e-02;5.001538e-02
9.259222e-02;9.070910e-02;1.063437e-01;5.669053e-02;1.144003e-01;9.185825e-02;1.067432e-01;6.525618e-02;1.515158e-01;4.829621e-02;3.050427e-02;4.509021e-02
9.343283e-02;5.640350e-02;1.013336e-01;8.390608e-02;1.043138e-01;1.035581e-01;7.678173e-02;7.102604e-02;1.031427e-01;8.232303e-02;6.199750e-02;6.178115e-02
8.121970e-02;1.014895e-01;1.038859e-01;1.292506e-01;6.829127e-02;6.947621e-02;9.660435e-02;6.414004e-02;4.233054e-02;8.997887e-02;8.657076e-02;6.676225e-02
5.246340e-02;1.601750e-01;1.139620e-01;1.318914e-01;6.240514e-02;6.422962e-02;6.739618e-02;6.095922e-02;4.283756e-02;1.202542e-01;9.709773e-02;2.632849e-02
6.093683e-02;1.160871e-01;1.508643e-01;8.255947e-02;6.793936e-02;6.948201e-02;7.596380e-02;7.036663e-02;7.131726e-02;1.413841e-01;5.425416e-02;3.884483e-02
7.935549e-02;1.005336e-01;1.611770e-01;7.300951e-02;4.731308e-02;5.838783e-02;6.403681e-02;5.405815e-02;9.406111e-02;1.086970e-01;1.062403e-01;5.313011e-02
7.624201e-02;9.363750e-02;1.868612e-01;5.380326e-02;6.422499e-02;4.877913e-02;6.804357e-02;4.845442e-02;8.093087e-02;7.981488e-02;1.278564e-01;7.135172e-02
6.177464e-02;8.157520e-02;1.804547e-01;6.613823e-02;6.685439e-02;4.538337e-02;9.059130e-02;4.224931e-02;8.945135e-02;5.017575e-02;1.256557e-01;9.969604e-02
3.031154e-02;1.054063e-01;1.434118e-01;1.063335e-01;4.274155e-02;3.173561e-02;1.181751e-01;2.227125e-02;1.016694e-01;8.150324e-02;9.592442e-02;1.205162e-01
2.993399e-02;1.659028e-01;1.117793e-01;1.108113e-01;1.555101e-02;1.746944e-02;1.358904e-01;1.276025e-02;9.250300e-02;1.039921e-01;6.910580e-02;1.343006e-01
4.237188e-02;1.846146e-01;7.662734e-02;1.002608e-01;1.573239e-02;2.435400e-02;1.396465e-01;1.873675e-02;1.131936e-01;1.142429e-01;3.770124e-02;1.325181e-01
6.097032e-02;1.521903e-01;6.283610e-02;6.673350e-02;2.407115e-02;2.751402e-02;1.247298e-01;2.032519e-02;2.098013e-01;1.048966e-01;4.142508e-02;1.045066e-01
6.958450e-02;1.084786e-01;6.239193e-02;4.183910e-02;4.639100e-02;3.808634e-02;1.107301e-01;3.505872e-02;2.640853e-01;6.348444e-02;7.796410e-02;8.190580e-02
6.897555e-02;7.227656e-02;7.893661e-02;4.579162e-02;6.515433e-02;4.189785e-02;8.296070e-02;6.956438e-02;2.283937e-01;7.998946e-02;1.041244e-01;6.193486e-02
8.750942e-02;6.111615e-02;1.538037e-01;5.144883e-02;5.995528e-02;3.291784e-02;3.322595e-02;8.716000e-02;1.336280e-01;1.322825e-01;1.187790e-01;4.817337e-02
1.174234e-01;7.210762e-02;1.565853e-01;4.728877e-02;5.301330e-02;3.678645e-02;6.751031e-02;4.535367e-02;7.038238e-02;1.647274e-01;1.274119e-01;4.140946e-02
7.200208e-02;8.746648e-02;6.924499e-02;4.409414e-02;7.616377e-02;4.026820e-02;3.543051e-02;3.637300e-02;8.616854e-02;2.440863e-01;1.603577e-01;4.834434e-02
3.444427e-02;7.623455e-02;7.238293e-02;2.134315e-02;7.796384e-02;2.873964e-02;4.266046e-02;3.162066e-02;7.062512e-02;3.132093e-01;1.872587e-01;4.351736e-02
3.800076e-02;8.469174e-02;5.292797e-02;1.970545e-02;1.020275e-01;2.064045e-02;3.031529e-02;4.097972e-02;6.808213e-02;3.367767e-01;1.824474e-01;2.340486e-02
2.653116e-02;9.568687e-02;2.682550e-02;2.403078e-02;1.212986e-01;2.274748e-02;2.678783e-02;4.202416e-02;8.426410e-02;3.393486e-01;1.639175e-01;2.653751e-02
2.096240e-02;8.541881e-02;3.537724e-02;2.746421e-02;1.321905e-01;1.952970e-02;1.694946e-02;4.218434e-02;8.627503e-02;3.505872e-01;1.593388e-01;2.372244e-02
1.516209e-02;7.649975e-02;3.289431e-02;2.381267e-02;1.376023e-01;2.467933e-02;1.948613e-02;3.382945e-02;7.721740e-02;3.782147e-01;1.502572e-01;3.034468e-02
2.887767e-02;6.600157e-02;4.110977e-02;2.834027e-02;1.332957e-01;2.380826e-02;3.835335e-02;3.246212e-02;5.970515e-02;3.673182e-01;1.459779e-01;3.475016e-02
2.506544e-02;6.061705e-02;3.244895e-02;2.575868e-02;1.355459e-01;1.577894e-02;2.033235e-02;3.287489e-02;7.074380e-02;3.865244e-01;1.595262e-01;3.478339e-02
3.320616e-02;5.921680e-02;2.837887e-02;3.229921e-02;1.344320e-01;1.371566e-02;5.566217e-02;2.728453e-02;6.402993e-02;3.750878e-01;1.538910e-01;2.279585e-02
2.498988e-02;7.631721e-02;3.645885e-02;2.856894e-02;1.518751e-01;1.448727e-02;2.636296e-02;3.253052e-02;5.932819e-02;3.795327e-01;1.510495e-01;1.849882e-02
1.153151e-02;7.542647e-02;3.289480e-02;2.295784e-02;1.500503e-01;1.860361e-02;4.118279e-02;3.331222e-02;6.050148e-02;3.821349e-01;1.520495e-01;1.935459e-02
2.093148e-02;7.462394e-02;2.546177e-02;2.430248e-02;1.526796e-01;1.455280e-02;3.236331e-02;2.654076e-02;5.309134e-02;3.899553e-01;1.621766e-01;2.332048e-02
2.111978e-02;8.118248e-02;1.834539e-02;1.639457e-02;1.551455e-01;1.420957e-02;4.940540e-02;3.571394e-02;5.356424e-02;3.791211e-01;1.519297e-01;2.386831e-02
3.353184e-02;8.197917e-02;2.570033e-02;1.345247e-02;1.613181e-01;1.868500e-02;1.486666e-02;4.345484e-02;5.126188e-02;3.610136e-01;1.653304e-01;2.940567e-02
4.649869e-02;6.826993e-02;4.507786e-02;3.539796e-02;1.516045e-01;1.757689e-02;3.215567e-02;2.922658e-02;6.626537e-02;3.123780e-01;1.561620e-01;3.938650e-02
5.359848e-02;6.832380e-02;3.428751e-02;6.152225e-02;1.683999e-01;3.452425e-02;3.444695e-02;1.711203e-02;6.560385e-02;3.056865e-01;1.270528e-01;2.944173e-02
6.845513e-02;8.093911e-02;4.581128e-02;8.342561e-02;1.479526e-01;4.077554e-02;4.371845e-02;3.530087e-02;8.393122e-02;2.534149e-01;8.828694e-02;2.798838e-02
8.060883e-02;9.352481e-02;1.136386e-01;7.117028e-02;9.408832e-02;5.137451e-02;9.754664e-02;3.804607e-02;8.790413e-02;1.549436e-01;9.331206e-02;2.384217e-02
1.010511e-01;8.798388e-02;2.145911e-01;3.710777e-02;4.874836e-02;5.184225e-02;1.316664e-01;2.657078e-02;8.856051e-02;7.867050e-02;1.027361e-01;3.047127e-02
5.437078e-02;6.859291e-02;2.416020e-01;3.191984e-02;3.065697e-02;5.040633e-02;1.916823e-01;2.011026e-02;9.999736e-02;5.840681e-02;9.512825e-02;5.712621e-02
1.055114e-01;4.233362e-02;1.898922e-01;4.719955e-02;3.998778e-02;4.636751e-02;1.792280e-01;2.957492e-02;8.808211e-02;7.769851e-02;8.084805e-02;7.327636e-02
1.310640e-01;4.306808e-02;1.917393e-01;4.039163e-02;5.879377e-02;6.009064e-02;1.115134e-01;3.899670e-02;8.275435e-02;8.293415e-02;9.957541e-02;5.907861e-02
5.149254e-02;7.376384e-02;1.984662e-01;3.322310e-02;7.132810e-02;6.860794e-02;1.068037e-01;5.344092e-02;8.605415e-02;1.024055e-01;1.097220e-01;4.469199e-02
1.195192e-01;1.069829e-01;1.710306e-01;3.779259e-02;8.459470e-02;6.184112e-02;7.426427e-02;5.146943e-02;6.703969e-02;9.645224e-02;8.400898e-02;4.500422e-02
1.026774e-01;7.656632e-02;2.306880e-01;3.890588e-02;8.677610e-02;5.629893e-02;1.283058e-01;3.923522e-02;5.473689e-02;9.963258e-02;5.363516e-02;3.254170e-02
4.941666e-02;2.113061e-02;2.133388e-01;3.784220e-02;6.566340e-02;5.867793e-02;1.667097e-01;4.458954e-02;8.605848e-02;1.133361e-01;9.142502e-02;5.181153e-02
6.476501e-02;4.404956e-02;1.631488e-01;5.825949e-02;4.386818e-02;4.499660e-02;2.381252e-01;3.272739e-02;9.162569e-02;7.844347e-02;7.164072e-02;6.834983e-02
1.079664e-01;5.914391e-02;1.644956e-01;6.175715e-02;2.822435e-02;3.215060e-02;2.539667e-01;2.244254e-02;8.115846e-02;5.695063e-02;5.248756e-02;7.925607e-02
5.199616e-02;4.932380e-02;1.831411e-01;9.994874e-02;2.969339e-02;2.468208e-02;2.789148e-01;1.425070e-02;5.768531e-02;7.217893e-02;4.504285e-02;9.314217e-02
1.146635e-01;3.240163e-02;1.450903e-01;1.203173e-01;3.838910e-02;2.773907e-02;2.566375e-01;2.075389e-02;4.573683e-02;7.223833e-02;3.901282e-02;8.701972e-02
9.846178e-02;3.523015e-02;2.091195e-01;8.803127e-02;5.005785e-02;4.393483e-02;1.729753e-01;2.228819e-02;8.991932e-02;6.373385e-02;6.556520e-02;6.068270e-02
5.585726e-02;2.827863e-02;2.457353e-01;4.980334e-02;4.782214e-02;7.237336e-02;1.290254e-01;2.831020e-02;1.194113e-01;7.020253e-02;1.003949e-01;5.278564e-02
5.441394e-02;2.802332e-02;2.168140e-01;3.899699e-02;4.392312e-02;8.543010e-02;1.382535e-01;3.433442e-02;1.111372e-01;6.395551e-02;1.148332e-01;6.988464e-02
6.174372e-02;2.561546e-02;1.610477e-01;5.362767e-02;3.355183e-02;7.892957e-02;1.970678e-01;3.772246e-02;8.209516e-02;5.224009e-02;9.822517e-02;1.181333e-01
9.441697e-02;2.726005e-02;1.279526e-01;7.131977e-02;2.669706e-02;5.188589e-02;2.468583e-01;4.327986e-02;4.630875e-02;5.639742e-02;6.081489e-02;1.468085e-01
1.356289e-01;2.725881e-02;9.665645e-02;8.184863e-02;2.293061e-02;2.728811e-02;2.800234e-01;5.567283e-02;2.534697e-02;5.775633e-02;3.224259e-02;1.573464e-01
1.825493e-01;1.663538e-02;7.671528e-02;7.559058e-02;1.370803e-02;2.482873e-02;2.856149e-01;7.609194e-02;1.490460e-02;6.237824e-02;2.017328e-02;1.508097e-01
2.479677e-01;2.650427e-02;5.574813e-02;5.328996e-02;5.774314e-03;3.108352e-02;2.469714e-01;1.160325e-01;1.297892e-02;5.876531e-02;1.621224e-02;1.286717e-01
2.986659e-01;3.016892e-02;3.680836e-02;3.806980e-02;6.806088e-03;3.821602e-02;2.039613e-01;1.643206e-01;1.301743e-02;4.421838e-02;1.714761e-02;1.085996e-01
3.346049e-01;2.224035e-02;3.834296e-02;2.926901e-02;1.625835e-02;3.882663e-02;1.653762e-01;2.034335e-01;1.680492e-02;2.475097e-02;1.285658e-02;9.723562e-02
3.647804e-01;4.971249e-02;5.610753e-02;1.573438e-02;2.145029e-02;2.551995e-02;1.134282e-01;2.281949e-01;2.067690e-02;1.746075e-02;1.340095e-02;7.353321e-02
3.932221e-01;5.631669e-02;5.916079e-02;1.100025e-02;4.464981e-02;1.967309e-02;7.229843e-02;2.513245e-01;1.526133e-02;1.549306e-02;1.099399e-02;5.060590e-02
3.995833e-01;7.028060e-02;6.772008e-02;1.008582e-02;6.870696e-02;1.022425e-02;3.513988e-02;2.564782e-01;2.351167e-02;1.221020e-02;1.209224e-02;3.396681e-02
3.986409e-01;8.431950e-02;7.841133e-02;7.489138e-03;8.765838e-02;5.914280e-03;3.363807e-02;2.394386e-01;1.465310e-02;8.676839e-03;1.291293e-02;2.824697e-02
3.994785e-01;9.509002e-02;8.518846e-02;5.642069e-03;1.015000e-01;9.636235e-03;1.313148e-02;2.142290e-01;2.769502e-02;8.650271e-03;1.332082e-02;2.643810e-02
4.146386e-01;9.158604e-02;8.639482e-02;5.820326e-03;1.024272e-01;1.059600e-02;1.828769e-02;2.034747e-01;1.261261e-02;9.403681e-03;1.402372e-02;3.073462e-02
4.135201e-01;9.338731e-02;9.976753e-02;7.398021e-03;9.669004e-02;7.764751e-03;1.599405e-02;1.917801e-01;2.070444e-02;6.632519e-03;1.292465e-02;3.343647e-02
