2.628431e-02;1.322729e-01;1.468402e-01;2.467986e-02;4.373891e-02;1.288859e-01;4.362151e-02;1.643715e-01;1.524901e-01;3.900490e-02;3.744359e-02;6.036635e-02
5.147167e-02;1.563800e-01;8.220566e-02;3.729476e-02;4.987361e-02;1.027052e-01;5.839851e-02;1.043126e-01;2.056729e-01;6.270406e-02;3.216887e-02;5.681218e-02
4.050896e-02;1.360326e-01;1.439879e-01;5.119411e-02;7.163817e-02;9.875276e-02;4.013347e-02;1.212569e-01;1.707371e-01;5.282011e-02;3.242569e-02;4.051229e-02
2.509833e-02;9.873918e-02;1.113455e-01;7.958895e-02;9.950732e-02;1.025713e-01;3.489192e-02;1.512242e-01;2.072780e-01;5.192670e-02;2.231560e-02;1.551300e-02
1.247426e-02;4.668064e-02;5.322510e-02;1.188870e-01;1.292736e-01;5.982099e-02;4.188781e-02;1.764697e-01;2.827687e-01;4.911513e-02;1.537765e-02;1.401946e-02
1.413976e-02;2.697444e-02;3.926977e-02;1.400494e-01;1.077641e-01;1.954736e-02;3.866332e-02;2.041091e-01;3.349599e-01;4.499900e-02;1.464478e-02;1.487914e-02
1.519226e-02;1.039533e-02;3.673435e-02;1.255014e-01;6.465103e-02;4.093620e-02;3.626549e-02;2.435559e-01;3.516785e-01;4.530596e-02;1.815811e-02;1.162548e-02
1.351728e-02;9.936979e-03;4.964500e-02;9.887028e-02;3.904938e-02;4.777871e-02;2.614975e-02;3.221503e-01;3.271436e-01;3.370355e-02;2.307239e-02;8.982829e-03
7.640015e-03;2.486676e-02;6.455404e-02;6.504108e-02;3.827414e-02;3.997582e-02;1.393222e-02;3.856927e-01;2.941891e-01;2.405875e-02;2.982175e-02;1.195359e-02
8.986156e-03;3.658247e-02;8.936334e-02;1.655841e-02;4.375441e-02;6.406979e-02;1.253901e-02;3.901193e-01;2.665180e-01;3.198823e-02;2.678782e-02;1.273312e-02
9.371824e-03;4.606763e-02;1.275859e-01;5.446658e-02;5.174476e-02;3.354955e-02;1.081829e-02;3.429401e-01;2.427779e-01;4.071448e-02;2.708026e-02;1.288281e-02
1.029321e-02;4.944266e-02;1.458729e-01;5.976780e-02;5.170121e-02;4.293175e-02;8.364431e-03;3.144306e-01;2.293610e-01;5.040075e-02;1.548717e-02;2.194654e-02
1.715522e-02;5.109826e-02;9.212121e-02;3.352473e-02;3.414744e-02;3.698966e-02;1.612029e-02;3.459937e-01;2.891766e-01;4.601820e-02;1.364441e-02;2.401028e-02
2.122117e-02;2.906556e-02;4.674210e-02;7.540863e-02;6.385434e-02;6.277116e-02;4.267620e-02;2.371361e-01;3.053648e-01;6.186820e-02;3.265454e-02;2.123728e-02
1.332234e-02;2.239213e-02;2.994608e-02;9.341733e-02;1.627239e-01;8.809010e-02;4.220235e-02;1.189145e-01;2.443810e-01;1.191569e-01;3.558381e-02;2.986955e-02
8.256541e-03;2.536413e-02;1.836741e-02;8.086824e-02;2.192131e-01;1.263396e-01;6.828646e-02;8.935109e-02;1.719775e-01;1.374602e-01;2.387953e-02;3.063611e-02
7.005538e-03;1.787218e-02;5.280424e-03;9.319609e-02;2.532977e-01;1.257719e-01;1.019414e-01;7.963849e-02;1.565666e-01;1.195417e-01;1.903001e-02;2.085789e-02
6.594554e-03;1.422289e-02;2.165049e-02;1.187700e-01;2.350612e-01;8.801405e-02;1.237936e-01;1.119639e-01;1.707051e-01;8.067565e-02;1.447698e-02;1.407157e-02
1.155933e-02;2.422882e-02;4.797807e-02;1.264731e-01;1.710815e-01;6.421316e-02;1.125592e-01;1.799121e-01;1.818893e-01;5.215906e-02;1.343711e-02;1.450921e-02
1.135437e-02;3.773209e-02;7.409272e-02;1.089718e-01;1.188558e-01;7.374962e-02;9.078278e-02;2.757855e-01;1.171165e-01;5.471055e-02;2.233926e-02;1.450896e-02
1.323378e-02;4.729870e-02;7.642909e-02;9.319071e-02;1.623197e-01;9.919315e-02;6.217726e-02;1.796390e-01;1.758922e-01;5.726904e-02;2.064315e-02;1.271415e-02
1.506923e-02;2.735448e-02;3.851439e-02;1.052543e-01;2.157850e-01;7.246923e-02;4.387356e-02;1.108675e-01;2.439246e-01;7.071159e-02;3.729966e-02;1.887631e-02
1.029916e-02;3.578516e-02;4.848446e-02;1.202142e-01;1.914949e-01;4.607346e-02;2.832041e-02;1.865896e-01;2.147745e-01;6.521621e-02;3.382963e-02;1.891831e-02
1.225818e-02;4.308378e-02;6.737276e-02;1.321393e-01;2.232526e-01;7.322449e-02;2.823169e-02;1.519723e-01;1.288600e-01;7.210982e-02;4.075739e-02;2.673768e-02
1.047661e-02;5.522934e-02;5.071021e-02;7.384073e-02;1.899444e-01;1.127658e-01;5.408871e-02;1.417933e-01;1.602692e-01;8.244907e-02;3.977561e-02;2.865704e-02
1.173685e-02;2.529957e-02;3.367027e-02;7.773329e-02;1.028176e-01;9.172986e-02;6.190479e-02;2.107257e-01;2.395154e-01;8.595435e-02;3.379053e-02;2.512171e-02
2.631497e-02;5.265402e-02;1.046614e-01;8.652381e-02;4.537938e-02;5.651379e-02;4.923572e-02;2.112752e-01;2.175409e-01;8.780254e-02;3.953446e-02;2.256378e-02
4.323256e-02;9.988481e-02;1.221477e-01;4.163504e-02;9.537897e-02;1.736418e-01;4.078419e-02;1.466937e-01;1.383308e-01;3.994348e-02;2.352936e-02;3.479753e-02
5.465016e-02;8.546056e-02;6.471699e-02;3.153985e-02;8.859037e-02;2.583160e-01;5.682222e-02;1.092688e-01;1.310584e-01;4.225760e-02;3.399175e-02;4.332734e-02
4.937472e-02;8.919509e-02;4.459107e-02;4.398992e-02;1.025730e-01;2.477059e-01;4.782435e-02;1.180355e-01;1.198020e-01;6.464601e-02;3.623191e-02;3.603059e-02
2.749295e-02;1.148742e-01;4.165625e-02;5.872336e-02;1.889398e-01;1.736861e-01;1.878726e-02;1.018141e-01;1.059215e-01;9.691101e-02;2.732569e-02;4.386778e-02
1.040960e-02;9.312157e-02;3.345647e-02;7.130843e-02;2.900494e-01;1.157181e-01;2.493547e-02;6.522530e-02;1.205953e-01;1.086795e-01;1.738082e-02;4.912012e-02
8.999038e-03;4.221758e-02;5.697907e-02;1.055214e-01;3.335001e-01;1.263932e-01;3.377881e-02;6.176355e-02;1.145639e-01;7.685129e-02;9.856245e-03;2.957581e-02
2.409366e-02;2.265543e-02;6.965120e-02;1.590800e-01;2.932137e-01;1.441645e-01;4.719770e-02;6.347761e-02;1.096909e-01;4.406356e-02;1.234479e-02;1.036695e-02
4.173520e-02;2.727923e-02;8.139925e-02;2.102145e-01;2.253134e-01;1.040653e-01;5.051501e-02;5.777453e-02;1.329549e-01;3.973376e-02;2.070357e-02;8.311295e-03
5.288766e-02;5.667644e-02;1.283387e-01;2.125326e-01;1.268468e-01;4.082021e-02;4.920537e-02;8.855788e-02;1.557460e-01;4.610382e-02;3.008139e-02;1.220316e-02
4.793509e-02;9.513318e-02;1.718331e-01;1.623931e-01;4.251758e-02;4.004551e-02;4.612860e-02;1.503901e-01;1.373324e-01;4.527875e-02;3.913967e-02;2.187290e-02
2.532913e-02;1.007353e-01;1.286790e-01;8.711743e-02;9.146512e-02;9.274431e-02;2.887819e-02;1.745673e-01;1.587020e-01;2.919873e-02;4.331875e-02;3.926476e-02
8.104757e-02;6.024445e-02;4.646034e-02;7.645216e-02;9.578181e-02;1.364424e-01;5.675929e-02;1.093007e-01;1.986970e-01;6.435501e-02;5.204074e-02;2.241856e-02
1.258449e-01;2.503216e-02;6.919514e-02;8.442300e-02;7.338850e-02;1.003295e-01;9.459992e-02;7.762746e-02;1.834949e-01;1.098863e-01;4.288257e-02;1.329570e-02
1.763308e-01;2.002946e-02;5.086380e-02;6.627835e-02;4.442307e-02;4.894844e-02;1.022280e-01;7.374220e-02;1.931672e-01;1.643090e-01;4.952953e-02;1.015026e-02
2.113520e-01;1.751480e-02;2.724154e-02;7.635495e-02;3.249882e-02;1.884322e-02;8.140915e-02;7.551036e-02;2.254297e-01;1.472752e-01;7.642887e-02;1.014131e-02
2.439966e-01;1.159653e-02;2.394758e-02;9.946972e-02;2.118905e-02;1.350491e-02;7.492640e-02;7.653569e-02;2.378284e-01;8.782289e-02;9.880397e-02;1.037825e-02
2.686200e-01;1.156499e-02;2.125455e-02;1.163907e-01;2.368475e-02;1.484855e-02;6.869952e-02;7.538190e-02;2.205531e-01;4.219805e-02;1.294206e-01;7.383242e-03
2.759590e-01;9.682154e-03;1.710782e-02;1.121740e-01;4.236145e-02;1.507980e-02;7.027793e-02;7.526587e-02;1.898995e-01;3.074495e-02;1.519911e-01;9.456418e-03
2.764076e-01;1.538634e-02;1.438261e-02;1.046062e-01;4.545890e-02;1.939927e-02;8.633859e-02;7.538585e-02;1.682703e-01;2.522016e-02;1.492047e-01;1.993950e-02
2.644342e-01;2.619541e-02;2.693090e-02;9.930898e-02;3.600031e-02;1.981418e-02;1.070708e-01;7.022452e-02;1.688351e-01;4.466005e-02;1.185607e-01;1.796492e-02
1.880807e-01;6.587220e-02;4.436656e-02;6.432826e-02;5.284683e-02;2.524479e-02;9.023020e-02;7.113798e-02;1.490671e-01;1.119234e-01;7.860569e-02;5.829630e-02
5.942470e-02;1.371371e-01;4.490197e-02;3.821322e-02;1.047419e-01;3.421216e-02;4.640775e-02;7.671777e-02;1.103980e-01;2.101042e-01;3.844240e-02;9.929885e-02
2.523828e-02;1.505866e-01;2.500935e-02;4.372057e-02;1.155702e-01;6.274862e-02;2.317447e-02;9.472956e-02;8.474641e-02;2.504503e-01;3.712606e-02;8.689956e-02
5.304199e-02;8.641920e-02;2.589206e-02;5.074937e-02;9.233805e-02;1.250353e-01;2.508685e-02;9.073627e-02;9.281276e-02;2.286941e-01;8.363307e-02;4.556092e-02
7.411145e-02;3.351257e-02;4.256419e-02;6.958722e-02;9.653136e-02;1.978113e-01;3.477369e-02;5.919968e-02;9.604003e-02;1.676041e-01;1.076377e-01;2.062677e-02
6.284614e-02;8.368046e-02;7.243204e-02;9.753931e-02;1.149201e-01;1.993196e-01;5.368236e-02;3.147900e-02;8.970397e-02;8.140323e-02;9.395202e-02;1.904174e-02
7.263451e-02;1.305327e-01;9.614496e-02;9.042063e-02;1.083417e-01;1.263317e-01;6.084833e-02;7.487373e-02;1.094352e-01;5.833374e-02;5.021374e-02;2.188910e-02
9.942863e-02;1.301394e-01;7.345918e-02;7.341698e-02;5.440693e-02;9.073344e-02;6.982573e-02;7.268711e-02;1.266624e-01;9.835464e-02;8.449273e-02;2.639290e-02
8.108856e-02;1.403990e-01;3.619002e-02;8.722501e-02;9.028634e-02;1.014458e-01;5.479016e-02;6.064749e-02;1.228233e-01;1.029263e-01;8.392309e-02;3.825499e-02
6.326107e-02;1.178899e-01;3.055837e-02;8.325241e-02;1.441153e-01;1.147336e-01;3.829211e-02;6.094690e-02;1.150705e-01;1.361734e-01;6.123698e-02;3.446951e-02
6.231876e-02;8.274588e-02;2.793180e-02;7.903878e-02;1.577215e-01;9.938705e-02;3.102136e-02;7.517944e-02;1.587382e-01;1.353194e-01;5.881513e-02;3.178279e-02
8.772209e-02;5.028114e-02;3.916213e-02;8.648270e-02;1.486815e-01;3.711262e-02;3.206696e-02;1.013684e-01;2.167077e-01;1.281778e-01;5.048651e-02;2.175031e-02
1.136185e-01;5.218100e-02;4.358248e-02;1.021664e-01;9.335173e-02;3.978188e-02;4.706676e-02;1.423771e-01;2.291121e-01;7.142604e-02;3.908933e-02;2.624667e-02
1.327776e-01;6.235392e-02;4.367719e-02;1.059644e-01;4.641648e-02;5.232127e-02;4.868146e-02;1.702491e-01;2.316293e-01;4.215419e-02;3.612089e-02;2.765427e-02
1.378512e-01;4.570204e-02;3.468545e-02;1.003069e-01;7.781602e-02;6.558681e-02;4.303874e-02;1.511677e-01;1.948120e-01;6.768086e-02;5.734903e-02;2.400324e-02
1.290813e-01;4.162486e-02;2.647605e-02;1.014506e-01;9.789495e-02;4.167090e-02;3.734859e-02;1.347642e-01;2.137604e-01;8.489424e-02;7.390862e-02;1.712530e-02
9.133262e-02;4.794319e-02;3.899974e-02;1.106664e-01;1.123579e-01;3.302199e-02;2.088183e-02;1.303973e-01;2.636933e-01;6.150463e-02;7.583444e-02;1.336666e-02
7.385586e-02;5.267626e-02;4.467372e-02;1.009542e-01;9.801833e-02;1.970527e-02;8.689042e-03;1.461127e-01;2.633220e-01;1.245012e-01;5.189615e-02;1.559519e-02
8.267242e-02;6.048063e-02;5.258301e-02;9.052044e-02;8.143714e-02;3.494191e-02;1.347661e-02;1.914259e-01;2.465432e-01;9.811859e-02;1.879940e-02;2.900073e-02
9.992235e-02;5.909382e-02;4.478491e-02;6.095609e-02;5.810571e-02;7.909156e-02;2.741849e-02;2.017204e-01;2.230445e-01;9.382937e-02;2.574202e-02;2.629076e-02
1.078320e-01;5.199790e-02;5.268675e-02;5.108649e-02;3.736575e-02;1.196334e-01;6.396628e-02;1.629733e-01;2.234432e-01;6.246106e-02;4.840381e-02;1.815002e-02
8.751319e-02;5.648836e-02;5.850096e-02;4.490816e-02;7.805091e-02;8.515690e-02;8.354303e-02;1.203647e-01;2.394115e-01;7.371190e-02;5.552128e-02;1.682918e-02
7.904629e-02;6.044303e-02;6.705905e-02;3.435129e-02;5.685445e-02;6.871367e-02;5.201671e-02;2.636437e-01;2.226823e-01;5.925160e-02;2.495654e-02;1.098145e-02
7.760910e-02;4.930592e-02;7.133074e-02;3.215365e-02;2.608614e-02;6.875982e-02;3.506501e-02;3.501268e-01;1.833500e-01;7.057654e-02;2.558238e-02;1.005382e-02
6.517439e-02;2.858848e-02;7.828078e-02;4.316937e-02;1.626635e-02;4.429722e-02;2.775067e-02;3.881379e-01;1.582936e-01;1.057434e-01;3.228170e-02;1.201603e-02
4.942362e-02;3.691933e-02;7.976215e-02;2.818493e-02;2.942191e-02;7.547475e-02;3.042955e-02;3.697085e-01;1.231944e-01;1.168005e-01;4.048775e-02;2.019264e-02
4.555888e-02;3.136554e-02;8.018541e-02;6.259657e-02;2.990149e-02;6.795473e-02;2.927735e-02;2.968083e-01;1.802463e-01;9.396056e-02;5.843008e-02;2.371482e-02
9.240421e-02;2.094175e-02;7.030805e-02;1.234508e-01;5.551096e-02;3.185717e-02;3.794074e-02;1.827564e-01;2.381737e-01;6.461187e-02;6.720243e-02;1.484185e-02
1.234601e-01;2.293344e-02;5.948777e-02;1.641883e-01;8.685321e-02;2.212565e-02;3.420820e-02;1.424578e-01;2.126118e-01;5.524736e-02;6.668083e-02;9.745616e-03
1.229776e-01;1.730146e-02;5.209481e-02;2.032118e-01;1.247772e-01;1.324337e-02;3.371169e-02;1.100380e-01;2.029509e-01;6.187064e-02;4.954299e-02;8.279366e-03
9.924444e-02;1.885694e-02;5.606155e-02;2.051155e-01;1.657933e-01;2.948569e-02;3.710043e-02;1.074621e-01;1.827687e-01;6.066948e-02;3.059223e-02;6.849628e-03
1.017391e-01;2.922475e-02;5.540742e-02;1.876735e-01;1.661472e-01;2.405007e-02;3.979903e-02;1.364882e-01;1.809122e-01;4.165784e-02;2.954888e-02;7.351955e-03
1.022241e-01;2.359863e-02;6.254438e-02;1.783610e-01;1.270022e-01;2.987058e-02;3.668663e-02;1.490665e-01;1.921371e-01;3.290199e-02;6.085041e-02;4.756534e-03
6.546115e-02;1.954769e-02;8.426498e-02;1.779762e-01;8.563423e-02;3.377443e-02;3.023728e-02;1.719662e-01;1.943315e-01;4.344286e-02;8.011271e-02;1.325070e-02
4.285973e-02;4.124044e-02;1.062686e-01;1.360855e-01;8.003312e-02;4.620471e-02;1.990708e-02;2.235854e-01;1.795711e-01;4.964413e-02;5.153833e-02;2.306180e-02
5.700907e-02;3.791325e-02;1.158898e-01;7.158896e-02;7.355928e-02;7.281973e-02;2.161035e-02;2.671157e-01;1.743283e-01;5.364589e-02;2.181549e-02;3.270426e-02
7.836929e-02;2.878049e-02;9.805512e-02;7.614314e-02;7.618507e-02;7.354296e-02;2.928483e-02;2.150804e-01;1.846746e-01;8.236839e-02;2.074941e-02;3.676635e-02
8.102212e-02;3.070286e-02;7.201496e-02;8.436131e-02;1.061077e-01;4.970253e-02;2.517080e-02;1.879170e-01;2.293314e-01;8.462200e-02;2.434978e-02;2.469760e-02
6.086859e-02;2.740443e-02;6.061796e-02;4.299697e-02;8.953857e-02;7.750171e-02;1.585270e-02;2.978107e-01;2.384979e-01;5.379950e-02;2.156663e-02;1.354438e-02
6.073968e-02;3.433662e-02;8.126775e-02;2.759621e-02;4.562757e-02;9.432752e-02;2.011309e-02;3.132615e-01;2.378564e-01;3.922238e-02;2.816365e-02;1.748757e-02
6.597205e-02;2.899017e-02;7.758510e-02;9.786900e-02;3.732891e-02;7.738072e-02;2.889286e-02;2.358988e-01;2.444215e-01;4.872588e-02;3.215995e-02;2.477505e-02
6.398153e-02;2.064779e-02;5.532351e-02;1.432612e-01;1.003391e-01;5.917633e-02;6.986839e-02;1.640926e-01;2.224826e-01;5.012555e-02;3.666944e-02;1.403186e-02
5.334391e-02;1.671958e-02;4.133622e-02;1.383351e-01;1.453992e-01;5.831362e-02;1.290025e-01;1.265714e-01;2.012607e-01;5.172217e-02;2.727072e-02;1.072495e-02
4.527741e-02;1.699374e-02;3.074201e-02;1.371852e-01;1.619052e-01;6.087888e-02;1.724637e-01;9.010555e-02;1.898513e-01;6.754491e-02;1.954987e-02;7.502286e-03
4.179391e-02;1.273579e-02;3.013385e-02;1.773446e-01;1.531483e-01;3.527243e-02;1.816343e-01;9.228274e-02;1.821708e-01;7.720546e-02;1.129108e-02;4.986745e-03
3.198959e-02;1.786921e-02;3.171888e-02;2.136076e-01;1.344500e-01;2.546866e-02;1.602042e-01;1.257198e-01;1.903895e-01;5.366090e-02;1.033914e-02;4.582545e-03
2.789055e-02;2.564266e-02;8.471524e-02;2.205443e-01;8.941857e-02;2.832166e-02;1.264664e-01;1.491030e-01;1.974436e-01;2.151626e-02;2.107686e-02;7.860929e-03
2.739758e-02;2.757863e-02;9.145927e-02;1.895682e-01;5.398851e-02;4.246851e-02;1.086506e-01;1.805804e-01;2.158133e-01;3.162616e-02;2.494641e-02;5.922514e-03
2.681548e-02;3.417117e-02;5.291238e-02;1.404153e-01;1.189250e-01;4.292328e-02;9.895708e-02;1.777901e-01;2.433514e-01;3.887574e-02;1.900450e-02;5.858602e-03
2.438862e-02;3.420630e-02;3.465004e-02;1.159487e-01;1.596495e-01;5.526834e-02;7.460266e-02;1.625354e-01;2.682665e-01;4.658800e-02;1.464277e-02;9.253136e-03
1.959639e-02;2.840743e-02;3.711623e-02;1.238796e-01;1.958962e-01;2.697645e-02;4.791696e-02;1.440385e-01;2.978318e-01;4.700746e-02;1.791129e-02;1.342161e-02
3.411753e-02;3.650932e-02;5.222287e-02;9.354748e-02;1.655440e-01;4.377537e-02;3.370107e-02;1.633040e-01;2.833278e-01;6.302664e-02;2.339038e-02;7.533477e-03
4.266248e-02;4.209242e-02;4.940470e-02;5.810339e-02;1.006859e-01;4.246912e-02;3.480608e-02;2.516041e-01;2.767910e-01;6.963960e-02;2.489471e-02;6.846491e-03
4.193865e-02;2.574947e-02;3.092958e-02;7.526217e-02;6.857278e-02;3.278613e-02;4.017745e-02;2.739282e-01;3.014498e-01;7.155816e-02;2.750240e-02;1.014523e-02
4.530099e-02;2.567316e-02;3.989362e-02;8.966509e-02;7.512094e-02;4.311940e-02;4.064009e-02;2.260038e-01;3.039619e-01;6.470042e-02;2.632396e-02;1.959668e-02
6.832620e-02;4.510062e-02;4.687509e-02;9.073809e-02;7.123632e-02;6.294749e-02;4.862922e-02;1.433976e-01;2.525645e-01;9.657555e-02;3.079819e-02;4.281110e-02
7.747076e-02;8.182882e-02;5.022909e-02;9.233883e-02;7.023507e-02;8.147783e-02;4.730927e-02;9.370252e-02;1.801686e-01;1.176427e-01;4.790046e-02;5.969612e-02
5.405401e-02;9.260964e-02;7.764716e-02;8.780401e-02;9.083933e-02;1.005392e-01;4.569997e-02;1.296360e-01;1.629739e-01;8.462448e-02;3.281096e-02;4.076136e-02
4.509395e-02;6.648286e-02;8.162164e-02;5.684911e-02;8.346875e-02;1.240038e-01;6.453916e-02;1.836531e-01;1.882534e-01;6.861875e-02;1.898774e-02;1.842775e-02
3.116279e-02;3.864541e-02;5.161558e-02;3.404683e-02;1.160229e-01;1.298753e-01;7.848931e-02;2.066923e-01;2.065015e-01;7.357344e-02;1.991520e-02;1.345948e-02
1.652844e-02;2.299515e-02;4.037252e-02;9.540523e-02;1.921195e-01;8.433492e-02;8.168727e-02;1.879163e-01;1.856358e-01;6.538507e-02;1.262674e-02;1.499294e-02
1.792941e-02;2.309119e-02;2.963742e-02;1.929925e-01;2.353319e-01;3.063626e-02;7.237001e-02;1.582939e-01;1.619937e-01;4.708474e-02;1.394717e-02;1.669182e-02
4.306477e-02;2.545085e-02;2.240128e-02;2.279456e-01;1.655042e-01;5.123554e-02;7.122287e-02;1.389697e-01;1.838384e-01;4.068970e-02;1.693065e-02;1.274634e-02
6.755335e-02;2.215110e-02;2.687864e-02;2.266423e-01;9.289256e-02;5.321840e-02;7.674395e-02;1.523822e-01;1.893309e-01;5.966378e-02;1.881862e-02;1.372419e-02
6.817682e-02;1.660355e-02;4.917106e-02;2.172953e-01;1.239295e-01;4.994056e-02;6.568687e-02;1.626050e-01;1.559762e-01;5.999602e-02;1.849151e-02;1.212769e-02
4.744269e-02;2.018782e-02;5.808919e-02;2.154028e-01;1.740122e-01;5.939276e-02;7.428708e-02;1.311063e-01;1.488481e-01;5.197885e-02;1.295643e-02;6.295838e-03
2.708223e-02;2.131889e-02;4.213100e-02;1.976043e-01;1.886119e-01;3.364189e-02;8.115616e-02;1.404966e-01;1.971975e-01;5.201095e-02;1.316781e-02;5.580779e-03
2.382533e-02;2.629831e-02;2.330164e-02;1.549401e-01;1.576353e-01;4.836999e-02;7.466432e-02;1.659920e-01;2.494190e-01;5.606550e-02;1.400010e-02;5.488480e-03
3.168646e-02;2.090142e-02;3.773491e-02;1.308492e-01;1.192281e-01;4.798111e-02;7.512920e-02;1.815599e-01;2.861517e-01;4.590258e-02;1.689159e-02;5.983921e-03
4.045621e-02;2.503982e-02;3.568035e-02;1.204819e-01;8.378784e-02;3.133896e-02;8.161449e-02;2.150176e-01;3.042031e-01;3.199241e-02;1.969998e-02;1.068736e-02
3.875225e-02;3.038179e-02;5.858591e-02;9.585439e-02;7.105478e-02;2.534549e-02;6.957117e-02;2.518778e-01;3.069437e-01;1.992276e-02;2.294913e-02;8.760833e-03
1.912638e-02;3.399496e-02;7.006930e-02;5.131016e-02;7.619851e-02;3.930884e-02;3.853957e-02;2.784421e-01;3.201149e-01;3.773388e-02;2.853055e-02;6.630862e-03
1.847073e-02;3.163945e-02;5.645189e-02;5.226836e-02;7.688835e-02;7.486980e-02;1.979677e-02;2.548814e-01;3.202679e-01;5.049032e-02;3.479552e-02;9.179498e-03
1.896110e-02;2.725058e-02;2.861271e-02;8.285334e-02;8.401352e-02;8.502704e-02;3.016940e-02;2.393732e-01;2.965772e-01;6.340819e-02;3.462731e-02;9.126494e-03
1.819414e-02;2.473311e-02;2.718269e-02;9.036934e-02;8.226494e-02;7.511799e-02;5.892933e-02;2.652367e-01;2.588632e-01;5.689229e-02;3.211553e-02;1.010072e-02
1.588660e-02;3.377999e-02;3.784558e-02;9.040571e-02;6.370428e-02;4.820849e-02;5.402429e-02;2.739677e-01;2.796775e-01;5.478442e-02;3.099778e-02;1.671767e-02
1.578241e-02;3.641010e-02;4.170413e-02;9.295349e-02;5.747945e-02;2.879282e-02;3.708525e-02;2.802398e-01;3.316102e-01;4.517805e-02;2.155579e-02;1.120854e-02
1.978247e-02;2.595831e-02;4.817367e-02;1.003939e-01;6.745233e-02;5.696882e-02;2.087633e-02;2.595561e-01;3.185906e-01;5.424507e-02;1.787864e-02;1.012362e-02
2.004948e-02;3.456852e-02;6.436443e-02;1.093121e-01;9.687806e-02;8.381367e-02;2.284971e-02;1.793790e-01;2.787881e-01;8.139377e-02;1.734958e-02;1.125369e-02
1.841426e-02;3.678757e-02;5.919363e-02;9.816165e-02;1.091034e-01;7.827331e-02;3.052395e-02;1.562028e-01;2.909116e-01;8.835050e-02;2.090519e-02;1.317219e-02
2.523173e-02;4.192122e-02;4.424131e-02;6.477860e-02;8.622777e-02;5.181692e-02;3.552130e-02;2.048168e-01;3.227441e-01;6.064988e-02;3.420945e-02;2.784085e-02
2.824568e-02;3.901484e-02;4.228485e-02;3.773483e-02;5.608068e-02;5.134176e-02;3.760351e-02;2.674414e-01;3.093438e-01;5.514972e-02;4.601294e-02;2.974603e-02
4.383216e-02;3.336799e-02;3.701694e-02;1.819335e-02;4.988600e-02;5.702677e-02;3.279345e-02;2.971869e-01;2.860160e-01;7.002060e-02;4.959125e-02;2.506853e-02
4.552912e-02;3.780542e-02;4.254795e-02;5.897954e-02;6.282865e-02;5.514039e-02;5.749013e-02;2.702117e-01;2.310352e-01;6.446351e-02;4.606323e-02;2.790510e-02
2.966871e-02;4.555609e-02;6.115148e-02;9.957657e-02;4.370215e-02;5.946280e-02;6.875024e-02;2.212611e-01;2.379720e-01;6.256569e-02;3.969792e-02;3.063525e-02
2.258179e-02;4.705382e-02;5.341357e-02;1.160744e-01;4.896023e-02;1.142831e-01;5.825188e-02;1.422276e-01;2.867616e-01;6.358232e-02;2.842136e-02;1.838838e-02
1.686120e-02;6.024035e-02;7.778195e-02;1.207760e-01;9.440358e-02;1.277388e-01;4.455223e-02;1.224023e-01;2.653671e-01;3.782753e-02;2.275613e-02;9.292853e-03
2.415701e-02;6.237214e-02;9.480925e-02;1.158871e-01;1.154095e-01;6.938608e-02;3.091111e-02;2.097374e-01;2.182469e-01;3.572478e-02;8.784493e-03;1.457425e-02
3.217168e-02;4.399848e-02;8.532900e-02;1.298702e-01;1.188266e-01;5.465972e-02;3.174122e-02;1.952247e-01;2.302188e-01;4.455200e-02;1.635881e-02;1.704879e-02
3.374847e-02;2.947600e-02;5.586167e-02;1.456445e-01;9.710819e-02;4.869492e-02;4.162175e-02;1.539607e-01;2.938523e-01;5.698607e-02;2.468229e-02;1.836312e-02
2.897555e-02;3.088977e-02;3.564996e-02;1.452017e-01;7.317776e-02;3.793982e-02;4.990519e-02;1.873115e-01;3.316594e-01;4.367774e-02;1.887582e-02;1.673573e-02
2.979195e-02;2.629412e-02;6.123251e-02;1.304349e-01;8.363813e-02;5.616851e-02;4.035701e-02;2.032820e-01;2.921331e-01;3.682673e-02;2.432944e-02;1.551168e-02
4.271539e-02;5.535660e-02;7.936717e-02;1.164861e-01;1.111339e-01;8.160868e-02;3.584641e-02;1.573464e-01;2.540354e-01;3.570450e-02;1.908560e-02;1.131400e-02
4.447811e-02;7.740731e-02;9.007490e-02;9.316099e-02;8.413377e-02;8.551759e-02;2.785340e-02;2.027120e-01;2.381694e-01;3.393643e-02;1.731969e-02;5.236456e-03
3.372824e-02;1.028526e-01;8.401936e-02;7.430543e-02;5.774870e-02;1.077824e-01;4.505114e-02;1.973547e-01;2.217524e-01;4.152062e-02;2.186139e-02;1.202297e-02
2.590321e-02;1.200853e-01;1.456788e-01;3.936316e-02;3.809015e-02;1.454893e-01;5.108397e-02;2.415513e-01;1.306936e-01;3.734537e-02;9.735511e-03;1.498033e-02
1.464627e-02;1.098611e-01;1.706353e-01;4.662867e-02;2.581860e-02;1.372149e-01;2.926609e-02;2.965542e-01;1.005773e-01;5.043618e-02;7.026687e-03;1.133472e-02
9.020891e-03;1.100600e-01;1.836957e-01;3.946219e-02;2.822205e-02;1.081362e-01;4.150252e-02;3.382679e-01;7.778753e-02;4.962505e-02;6.054527e-03;8.165406e-03
9.240047e-03;1.345100e-01;1.522465e-01;2.348427e-02;3.493329e-02;1.020822e-01;7.818152e-02;3.334514e-01;7.257250e-02;4.593748e-02;9.075417e-03;4.285391e-03
7.614540e-03;1.422222e-01;9.598769e-02;1.605288e-02;2.597150e-02;1.333001e-01;1.148434e-01;2.673050e-01;1.084149e-01;7.505036e-02;1.037027e-02;2.867133e-03
9.493001e-03;1.473740e-01;6.905790e-02;1.616406e-02;1.366744e-02;1.731793e-01;1.526642e-01;2.141408e-01;1.067920e-01;8.546168e-02;9.235373e-03;2.770271e-03
1.243741e-02;1.455114e-01;4.157125e-02;1.472578e-02;1.046260e-02;2.052837e-01;1.647180e-01;2.286709e-01;1.033102e-01;6.372617e-02;6.177151e-03;3.405422e-03
1.412995e-02;1.610518e-01;4.300776e-02;1.477541e-02;1.397796e-02;2.024270e-01;1.676766e-01;2.338962e-01;9.290042e-02;4.299955e-02;8.335727e-03;4.821557e-03
1.176783e-02;1.640129e-01;5.632220e-02;1.131804e-02;1.637537e-02;1.683909e-01;1.538383e-01;2.575602e-01;9.933972e-02;4.995759e-02;8.881065e-03;2.235844e-03
1.048765e-02;1.540263e-01;7.569423e-02;8.804904e-03;1.658507e-02;1.654295e-01;1.466565e-01;2.477314e-01;1.075331e-01;5.697433e-02;7.946945e-03;2.130102e-03
9.136868e-03;1.640443e-01;7.356408e-02;8.900823e-03;1.951188e-02;1.827643e-01;1.568609e-01;2.060132e-01;1.024635e-01;6.639526e-02;9.196206e-03;1.148743e-03
1.204244e-02;1.788985e-01;7.717299e-02;7.238462e-03;1.761921e-02;1.663775e-01;1.397064e-01;2.125350e-01;9.640040e-02;7.818208e-02;1.152715e-02;2.299735e-03
1.126331e-02;1.949313e-01;1.058531e-01;9.815278e-03;1.723331e-02;1.455100e-01;1.163395e-01;2.239057e-01;9.109297e-02;6.766352e-02;1.356422e-02;2.827850e-03
1.623980e-02;2.058463e-01;1.436599e-01;1.069359e-02;1.722490e-02;1.451167e-01;1.081923e-01;2.172107e-01;7.019235e-02;4.570715e-02;1.716951e-02;2.746758e-03
1.689378e-02;1.684957e-01;1.521687e-01;1.298208e-02;1.483533e-02;1.820641e-01;1.014490e-01;2.257721e-01;7.529122e-02;2.684066e-02;1.684986e-02;6.357437e-03
2.400486e-02;9.950809e-02;1.575899e-01;7.591949e-03;1.481218e-02;2.254656e-01;1.005722e-01;2.325689e-01;8.399199e-02;2.731324e-02;1.452934e-02;1.205160e-02
3.078066e-02;1.199670e-01;1.545970e-01;1.429538e-02;1.358863e-02;1.937127e-01;1.082639e-01;1.954147e-01;1.017007e-01;3.633183e-02;1.430089e-02;1.704673e-02
2.017650e-02;1.735751e-01;9.938895e-02;1.717234e-02;1.484522e-02;1.630791e-01;7.102727e-02;2.403660e-01;1.221438e-01;4.935472e-02;1.534155e-02;1.352932e-02
2.042626e-02;1.256841e-01;6.778684e-02;1.668955e-02;1.724690e-02;2.760144e-01;9.348604e-02;1.719900e-01;1.279836e-01;5.511221e-02;1.401590e-02;1.356423e-02
1.234919e-02;8.728335e-02;7.161705e-02;1.172968e-02;1.305810e-02;2.707745e-01;1.117129e-01;2.618447e-01;1.108921e-01;3.655344e-02;4.022430e-03;8.162431e-03
9.555047e-03;7.657462e-02;7.029419e-02;1.837551e-02;1.760622e-02;2.950286e-01;1.283201e-01;2.501329e-01;8.793949e-02;3.410635e-02;4.290563e-03;7.776489e-03
1.637773e-02;7.502569e-02;4.829341e-02;2.265958e-02;2.238714e-02;3.941363e-01;1.209597e-01;1.384581e-01;9.222407e-02;5.349987e-02;8.489933e-03;7.488451e-03
2.686126e-02;8.180791e-02;4.105812e-02;2.275963e-02;1.751177e-02;3.766564e-01;7.491056e-02;1.808524e-01;9.914609e-02;6.390754e-02;1.074627e-02;3.782133e-03
2.357065e-02;1.317409e-01;8.199080e-02;3.138503e-02;2.601386e-02;3.084393e-01;1.206042e-01;7.927126e-02;1.077941e-01;6.958231e-02;1.385111e-02;5.756418e-03
1.814427e-02;1.576201e-01;9.789903e-02;2.575788e-02;4.167579e-02;2.207397e-01;1.306030e-01;1.252764e-01;1.030143e-01;5.057077e-02;1.581467e-02;1.288397e-02
2.207362e-02;1.615712e-01;9.752677e-02;2.526431e-02;4.424722e-02;2.489642e-01;1.084393e-01;1.207987e-01;1.076874e-01;3.042365e-02;1.879133e-02;1.421241e-02
2.193249e-02;1.301442e-01;9.410077e-02;3.256985e-02;3.068308e-02;2.648644e-01;9.296747e-02;1.571652e-01;1.057819e-01;2.443602e-02;2.509234e-02;2.026232e-02
2.501373e-02;9.039457e-02;8.586563e-02;4.867180e-02;2.841106e-02;2.430873e-01;8.699775e-02;1.743740e-01;9.987079e-02;3.718285e-02;3.533978e-02;4.479079e-02
3.265037e-02;9.168212e-02;1.352358e-01;4.369036e-02;3.203042e-02;2.720978e-01;8.461489e-02;9.575877e-02;7.558464e-02;4.231483e-02;2.928148e-02;6.505854e-02
3.849575e-02;8.864968e-02;1.120535e-01;3.209815e-02;4.172525e-02;3.486161e-01;8.125885e-02;8.418611e-02;7.374928e-02;3.471754e-02;1.635811e-02;4.809171e-02
4.553189e-02;1.269387e-01;6.922441e-02;2.083803e-02;2.915624e-02;4.170160e-01;5.830000e-02;9.693877e-02;6.482469e-02;3.522366e-02;1.077753e-02;2.523016e-02
4.234049e-02;1.197874e-01;5.574277e-02;1.565271e-02;1.793451e-02;4.191929e-01;6.260942e-02;1.378914e-01;6.247651e-02;3.392534e-02;2.044438e-02;1.200226e-02
3.156148e-02;9.758578e-02;2.743276e-02;1.870302e-02;1.880504e-02;3.648990e-01;7.167299e-02;2.078212e-01;7.854279e-02;3.557839e-02;3.234203e-02;1.505555e-02
2.027063e-02;1.142747e-01;3.209775e-02;2.143431e-02;2.821549e-02;3.417068e-01;4.330041e-02;2.406232e-01;7.873451e-02;3.562056e-02;2.694058e-02;1.678113e-02
1.975988e-02;1.264932e-01;6.788521e-02;1.945662e-02;2.459594e-02;2.771976e-01;3.498315e-02;2.739506e-01;8.747942e-02;2.792466e-02;1.945115e-02;2.082267e-02
2.346626e-02;1.261657e-01;7.217571e-02;1.933291e-02;1.644425e-02;2.271377e-01;5.720101e-02;2.729669e-01;9.890329e-02;3.236669e-02;3.205970e-02;2.177973e-02
2.061298e-02;1.114599e-01;9.734764e-02;2.107790e-02;3.144148e-02;1.682584e-01;4.491094e-02;2.994771e-01;1.120814e-01;2.954051e-02;4.080421e-02;2.298742e-02
2.079442e-02;7.926514e-02;1.003601e-01;3.056050e-02;4.427790e-02;1.448086e-01;2.807148e-02;3.060595e-01;1.665830e-01;2.161022e-02;4.032922e-02;1.727982e-02
1.697515e-02;6.452890e-02;1.095409e-01;4.364245e-02;4.080025e-02;2.130964e-01;2.230902e-02;2.210168e-01;1.937681e-01;3.145761e-02;2.428802e-02;1.857644e-02
2.012452e-02;5.625624e-02;8.149861e-02;3.503683e-02;3.056141e-02;2.262373e-01;4.508530e-02;2.778945e-01;1.589406e-01;3.672922e-02;1.468186e-02;1.695360e-02
2.620348e-02;3.143637e-02;6.568717e-02;3.077692e-02;3.840239e-02;2.250266e-01;8.123388e-02;2.431513e-01;1.927464e-01;3.649804e-02;2.081518e-02;8.022343e-03
2.703654e-02;7.585296e-02;6.119576e-02;3.355536e-02;2.724789e-02;1.603601e-01;6.180253e-02;3.338968e-01;1.690603e-01;2.519868e-02;1.530925e-02;9.483825e-03
3.154487e-02;1.011296e-01;6.145162e-02;3.254452e-02;1.762099e-02;1.100539e-01;6.418587e-02;3.761976e-01;1.556696e-01;2.740168e-02;1.247256e-02;9.727230e-03
3.850782e-02;1.237924e-01;6.246575e-02;2.880019e-02;2.069743e-02;1.020625e-01;7.208429e-02;3.144436e-01;1.707678e-01;3.512979e-02;1.566323e-02;1.558515e-02
2.542707e-02;1.013141e-01;6.647846e-02;1.703523e-02;2.551138e-02;2.285552e-01;6.398014e-02;2.844481e-01;1.395895e-01;2.374813e-02;1.135188e-02;1.256073e-02
1.800322e-02;1.081172e-01;9.529218e-02;1.364591e-02;2.638065e-02;2.711362e-01;7.227480e-02;2.117956e-01;1.432627e-01;1.620572e-02;1.326321e-02;1.062257e-02
2.607003e-02;1.185830e-01;8.743402e-02;1.773465e-02;2.349424e-02;2.057526e-01;5.430855e-02;2.625281e-01;1.652735e-01;1.446934e-02;1.342188e-02;1.093013e-02
3.201296e-02;1.034838e-01;1.358690e-01;1.884960e-02;1.944236e-02;6.850896e-02;4.131741e-02;3.642414e-01;1.662505e-01;2.645339e-02;1.032371e-02;1.324692e-02
2.971275e-02;7.775652e-02;1.184280e-01;1.217045e-02;1.927798e-02;2.245728e-01;8.803744e-02;2.507143e-01;1.237858e-01;3.049665e-02;9.446444e-03;1.560092e-02
2.379346e-02;1.175431e-01;1.034546e-01;1.571640e-02;2.306276e-02;2.035895e-01;1.082473e-01;2.457965e-01;1.107531e-01;2.040822e-02;9.555645e-03;1.807941e-02
1.838674e-02;1.581777e-01;1.064448e-01;1.618081e-02;2.168506e-02;1.992816e-01;8.636118e-02;2.083547e-01;1.341575e-01;1.417818e-02;1.760823e-02;1.918338e-02
2.223663e-02;1.709339e-01;9.992195e-02;1.934923e-02;2.134014e-02;2.710870e-01;5.949928e-02;1.783209e-01;1.198863e-01;9.980765e-03;1.238576e-02;1.505811e-02
2.463270e-02;1.720751e-01;8.947928e-02;1.732335e-02;1.998705e-02;2.365411e-01;4.570085e-02;2.530196e-01;1.040553e-01;1.479590e-02;1.134665e-02;1.104306e-02
3.141087e-02;1.947278e-01;1.041212e-01;1.753881e-02;2.907598e-02;2.051837e-01;6.159939e-02;2.152434e-01;8.790398e-02;2.387591e-02;1.266829e-02;1.665057e-02
2.087692e-02;1.438729e-01;1.392755e-01;1.970441e-02;2.673735e-02;2.207305e-01;8.201976e-02;2.060840e-01;8.234973e-02;2.290361e-02;1.373404e-02;2.171131e-02
1.510268e-02;9.272150e-02;8.994507e-02;1.260014e-02;2.146198e-02;2.701157e-01;8.124882e-02;2.656084e-01;8.859819e-02;1.776643e-02;2.453109e-02;2.029997e-02
1.845274e-02;7.324854e-02;7.059354e-02;1.308595e-02;2.597691e-02;3.076194e-01;6.779975e-02;2.732473e-01;8.811732e-02;2.159113e-02;2.524470e-02;1.502271e-02
2.175684e-02;7.025334e-02;1.007936e-01;2.293923e-02;2.852587e-02;3.097040e-01;6.554039e-02;2.227074e-01;1.036232e-01;2.313140e-02;1.434432e-02;1.668044e-02
2.147847e-02;6.532042e-02;1.353854e-01;3.662100e-02;2.629871e-02;2.949389e-01;7.123972e-02;1.803021e-01;1.152228e-01;2.449022e-02;1.147778e-02;1.722446e-02
2.252538e-02;8.350375e-02;1.507229e-01;4.396441e-02;2.293908e-02;2.742971e-01;4.037987e-02;1.484141e-01;1.263452e-01;2.563321e-02;2.046785e-02;4.080714e-02
2.053542e-02;9.579851e-02;9.648874e-02;4.533968e-02;2.529838e-02;2.250885e-01;3.485022e-02;2.460905e-01;9.424586e-02;2.470917e-02;2.831433e-02;6.324071e-02
1.274660e-02;7.862859e-02;9.543906e-02;2.957146e-02;2.670791e-02;1.893502e-01;4.717253e-02;3.021447e-01;9.997826e-02;3.433814e-02;2.958441e-02;5.433819e-02
