8.353177e-02;1.059543e-01;1.266698e-01;5.241930e-02;3.526996e-02;5.031538e-02;1.118464e-01;3.066183e-02;1.363826e-01;5.314473e-02;4.460785e-02;1.691962e-01
8.649596e-02;5.815060e-02;1.155891e-01;5.115751e-02;5.451972e-02;6.275386e-02;1.561591e-01;6.772010e-02;2.660135e-02;9.220806e-02;1.229480e-01;1.056966e-01
9.681972e-02;7.057194e-02;1.274642e-01;5.385247e-02;6.215899e-02;7.406623e-02;1.471848e-01;5.125059e-02;2.221050e-02;6.586929e-02;1.156369e-01;1.129144e-01
1.057975e-01;7.833834e-02;1.380275e-01;6.898412e-02;4.863534e-02;7.553028e-02;1.466133e-01;5.532683e-02;2.678622e-02;4.444120e-02;1.109859e-01;1.005334e-01
1.105859e-01;6.941144e-02;1.513936e-01;9.035428e-02;4.794300e-02;7.479847e-02;1.344873e-01;5.077713e-02;4.902703e-02;2.636489e-02;9.808490e-02;9.677207e-02
1.352989e-01;5.041264e-02;1.612116e-01;7.886643e-02;9.892336e-02;7.369997e-02;9.736817e-02;3.168540e-02;7.204600e-02;4.335355e-02;6.041840e-02;9.671558e-02
2.353586e-01;6.749403e-02;1.063524e-01;3.939975e-02;9.937541e-02;9.963843e-02;9.699560e-02;2.124235e-02;8.141170e-02;5.671132e-02;2.988429e-02;6.613615e-02
3.279422e-01;2.770404e-02;4.718073e-02;2.380968e-02;8.846040e-02;1.124234e-01;1.028817e-01;2.568594e-02;9.700230e-02;5.815110e-02;2.815015e-02;6.060842e-02
3.621581e-01;5.771923e-02;2.847724e-02;1.841311e-02;6.243323e-02;1.030375e-01;1.207623e-01;2.364063e-02;6.776665e-02;7.209256e-02;2.352079e-02;5.997865e-02
3.823909e-01;8.460155e-02;3.100746e-02;1.271195e-02;5.494503e-02;1.013426e-01;1.237154e-01;2.307150e-02;3.357594e-02;8.796670e-02;1.188662e-02;5.278437e-02
3.013854e-01;1.014668e-01;8.673971e-02;2.976143e-02;8.025022e-02;1.049190e-01;9.401092e-02;1.689782e-02;2.417998e-02;9.124138e-02;1.424812e-02;5.489923e-02
2.110669e-01;1.153150e-01;1.476635e-01;6.577810e-02;1.055643e-01;8.000782e-02;5.268487e-02;5.796833e-03;5.953845e-02;5.776136e-02;1.871301e-02;8.010976e-02
1.966768e-01;7.013966e-02;1.304436e-01;8.080483e-02;1.381155e-01;8.113277e-02;6.067602e-02;1.207789e-02;9.584385e-02;2.076397e-02;1.243632e-02;1.008889e-01
1.234074e-01;3.110518e-02;1.199315e-01;6.743261e-02;1.855070e-01;1.121436e-01;7.654110e-02;1.879747e-02;1.139894e-01;1.506068e-02;8.179724e-03;1.279043e-01
1.606183e-01;4.116155e-02;1.095704e-01;4.635387e-02;1.534076e-01;9.466437e-02;1.220116e-01;5.408973e-02;9.220767e-02;1.898246e-02;1.364134e-02;9.329121e-02
2.107827e-01;1.159096e-01;8.055910e-02;2.885187e-02;7.452767e-02;8.238222e-02;1.644993e-01;6.768906e-02;5.815399e-02;4.897837e-02;2.542094e-02;4.224519e-02
1.497350e-01;1.725406e-01;1.348797e-01;3.018886e-02;2.800526e-02;5.782388e-02;2.123018e-01;4.308723e-02;4.497563e-02;5.467800e-02;5.096774e-02;2.081631e-02
7.398500e-02;1.714130e-01;1.793833e-01;2.108950e-02;1.480933e-02;3.459163e-02;2.633234e-01;5.596213e-02;4.967925e-02;3.331316e-02;8.590037e-02;1.655000e-02
4.400979e-02;1.419454e-01;1.582338e-01;1.223682e-02;2.577593e-02;2.640704e-02;3.082788e-01;9.172040e-02;5.540693e-02;1.429977e-02;1.083008e-01;1.338457e-02
2.747369e-02;1.170209e-01;1.165392e-01;8.379874e-03;4.208795e-02;1.703711e-02;3.498183e-01;1.466790e-01;4.087336e-02;1.384852e-02;1.077926e-01;1.244944e-02
2.897056e-02;8.686782e-02;1.234521e-01;9.756186e-03;4.126516e-02;1.139762e-02;3.388040e-01;2.246129e-01;2.766660e-02;2.206578e-02;7.521956e-02;9.921737e-03
2.857701e-02;5.432423e-02;1.733382e-01;1.758670e-02;3.080636e-02;2.419983e-02;2.481555e-01;2.967781e-01;3.173855e-02;5.379825e-02;3.116304e-02;9.534184e-03
1.716229e-02;3.332814e-02;2.385963e-01;1.882989e-02;1.486313e-02;3.570805e-02;1.205140e-01;3.459153e-01;3.001087e-02;1.017940e-01;1.230746e-02;3.097069e-02
9.310480e-03;2.872217e-02;2.477128e-01;1.513923e-02;8.640682e-03;3.337135e-02;6.869766e-02;3.255270e-01;5.854671e-02;1.205379e-01;1.072189e-02;7.307208e-02
5.303570e-03;2.610905e-02;2.263737e-01;1.239338e-02;9.862526e-03;1.841143e-02;1.007616e-01;2.955563e-01;6.043618e-02;1.151172e-01;2.068479e-02;1.089902e-01
6.086107e-03;2.440057e-02;2.317966e-01;1.189938e-02;7.911292e-03;9.715629e-03;1.252925e-01;2.695463e-01;3.494507e-02;1.149192e-01;3.368924e-02;1.297981e-01
9.354443e-03;3.397350e-02;2.542962e-01;1.195144e-02;8.107291e-03;2.543043e-02;1.350698e-01;2.229452e-01;2.374627e-02;1.095309e-01;3.584548e-02;1.297491e-01
2.598974e-02;6.165956e-02;2.750232e-01;2.684635e-02;1.764495e-02;3.328730e-02;1.365556e-01;1.559667e-01;3.939423e-02;9.510856e-02;2.909300e-02;1.034308e-01
5.221966e-02;8.542112e-02;2.852958e-01;4.835713e-02;2.636836e-02;3.944585e-02;1.486181e-01;7.362650e-02;8.028399e-02;6.707823e-02;2.807009e-02;6.521510e-02
7.185252e-02;8.276696e-02;2.578796e-01;5.153466e-02;2.790516e-02;3.667874e-02;1.654554e-01;1.313265e-01;9.895973e-02;3.252575e-02;1.858754e-02;2.452751e-02
6.884671e-02;4.155068e-02;1.910338e-01;4.655037e-02;3.272786e-02;4.578805e-02;1.548586e-01;2.678083e-01;4.355247e-02;3.804440e-02;1.818472e-02;5.105402e-02
3.337746e-02;4.914337e-02;1.046985e-01;1.949678e-02;2.528691e-02;3.791228e-02;1.109194e-01;3.293810e-01;1.113034e-01;4.845057e-02;2.400942e-02;1.060210e-01
4.376798e-02;4.920160e-02;1.023373e-01;1.947352e-02;2.298283e-02;3.406209e-02;1.218920e-01;2.850145e-01;1.017709e-01;5.373912e-02;4.744257e-02;1.183157e-01
5.769980e-02;7.033054e-02;1.591406e-01;5.329231e-02;3.686313e-02;4.640375e-02;1.276445e-01;1.913240e-01;5.292268e-02;6.209346e-02;4.517521e-02;9.710995e-02
5.145111e-02;9.323299e-02;2.006024e-01;4.633225e-02;4.609917e-02;7.580307e-02;1.007984e-01;1.037621e-01;9.935610e-02;7.081291e-02;4.874582e-02;6.300362e-02
4.270970e-02;8.192646e-02;1.612062e-01;4.269197e-02;3.385790e-02;9.217057e-02;1.284596e-01;1.243106e-01;1.106673e-01;7.396379e-02;5.462256e-02;5.341334e-02
6.163713e-02;6.806932e-02;1.941093e-01;5.077925e-02;5.252988e-02;5.632598e-02;1.078493e-01;1.092047e-01;8.732131e-02;5.644707e-02;7.425653e-02;8.147030e-02
5.151514e-02;5.660647e-02;2.338235e-01;4.090538e-02;4.432837e-02;5.157018e-02;1.444402e-01;8.594885e-02;6.047878e-02;7.779326e-02;6.456155e-02;8.802824e-02
5.176643e-02;5.614457e-02;2.637626e-01;3.487368e-02;2.041963e-02;4.301121e-02;1.678506e-01;8.844432e-02;6.114623e-02;8.220347e-02;4.009214e-02;9.028514e-02
7.092529e-02;1.097225e-01;2.134407e-01;2.192160e-02;3.372899e-02;3.740578e-02;2.197037e-01;5.736990e-02;5.794000e-02;4.633637e-02;7.159714e-02;5.990811e-02
1.101512e-01;1.417970e-01;1.469227e-01;2.023950e-02;4.746350e-02;4.757599e-02;2.414714e-01;3.163157e-02;4.689468e-02;4.200384e-02;8.569162e-02;3.815701e-02
1.594798e-01;1.222296e-01;1.035656e-01;3.061464e-02;6.905492e-02;7.044163e-02;1.853403e-01;3.313566e-02;5.735788e-02;5.872937e-02;6.202336e-02;4.802721e-02
1.622607e-01;7.099736e-02;1.485712e-01;4.051080e-02;9.828354e-02;8.079887e-02;6.431557e-02;6.897847e-02;8.810489e-02;5.984081e-02;5.491373e-02;6.242411e-02
7.372952e-02;7.522833e-02;2.128812e-01;4.373393e-02;9.772054e-02;6.216743e-02;7.620060e-02;7.223957e-02;7.391282e-02;9.937788e-02;6.447928e-02;4.832888e-02
9.426926e-02;9.791888e-02;1.532887e-01;3.803340e-02;6.204978e-02;4.376426e-02;8.183143e-02;4.283349e-02;1.229746e-01;1.515270e-01;3.999136e-02;7.151783e-02
6.694635e-02;7.874075e-02;1.382750e-01;5.981857e-02;5.775297e-02;3.535489e-02;8.309595e-02;5.310953e-02;1.588264e-01;1.221040e-01;6.793880e-02;7.803686e-02
8.140516e-02;8.139247e-02;1.503961e-01;6.888815e-02;8.426932e-02;3.778783e-02;8.039205e-02;7.218628e-02;1.060940e-01;8.968639e-02;7.321204e-02;7.429021e-02
1.332003e-01;1.063052e-01;1.500792e-01;5.986677e-02;7.486811e-02;5.852689e-02;4.772145e-02;7.891888e-02;1.062198e-01;7.633618e-02;5.024852e-02;5.770866e-02
1.205276e-01;9.225530e-02;1.152271e-01;2.945147e-02;6.352550e-02;7.014090e-02;1.173245e-01;9.091996e-02;1.430436e-01;8.468657e-02;3.418993e-02;3.870763e-02
9.881698e-02;8.952230e-02;1.004768e-01;3.960277e-02;6.526150e-02;4.375753e-02;1.060996e-01;7.235037e-02;1.390854e-01;1.133315e-01;5.218823e-02;7.950694e-02
1.275387e-01;1.028079e-01;1.357781e-01;4.189721e-02;7.423250e-02;3.740956e-02;1.096087e-01;3.667943e-02;8.711618e-02;7.188374e-02;1.183543e-01;5.669372e-02
1.217555e-01;7.616477e-02;1.143643e-01;5.809532e-02;8.058671e-02;7.571218e-02;1.387018e-01;7.020204e-02;9.179200e-02;5.203845e-02;8.947425e-02;3.111274e-02
9.864107e-02;7.486928e-02;8.788697e-02;6.083264e-02;1.128815e-01;8.249559e-02;1.210964e-01;5.668484e-02;1.159763e-01;8.675165e-02;6.652566e-02;3.535820e-02
8.460783e-02;5.434964e-02;4.362550e-02;1.048531e-01;1.311120e-01;7.800011e-02;1.163304e-01;4.294907e-02;1.821890e-01;9.728632e-02;4.115603e-02;2.354091e-02
6.063472e-02;2.746089e-02;1.034141e-01;1.202775e-01;8.851747e-02;7.837497e-02;8.314744e-02;9.045203e-02;2.285500e-01;6.909338e-02;1.828753e-02;3.178988e-02
3.092374e-02;2.203489e-02;1.835790e-01;7.924830e-02;3.411152e-02;8.593489e-02;8.179490e-02;2.039387e-01;1.694318e-01;3.378969e-02;1.286594e-02;6.234659e-02
2.226785e-02;3.193986e-02;2.094949e-01;4.673607e-02;2.721905e-02;8.495149e-02;1.054091e-01;2.566012e-01;8.868960e-02;2.791507e-02;2.696930e-02;7.180653e-02
3.661760e-02;6.725872e-02;1.335171e-01;3.258961e-02;5.081386e-02;6.849060e-02;1.941091e-01;1.637017e-01;9.968389e-02;2.431513e-02;7.351840e-02;5.538432e-02
6.702854e-02;1.060252e-01;6.148991e-02;3.528791e-02;5.774201e-02;5.232295e-02;2.804444e-01;6.635243e-02;6.760652e-02;3.869110e-02;1.147605e-01;5.224856e-02
1.049335e-01;9.147963e-02;3.874418e-02;6.552307e-02;4.107105e-02;7.725533e-02;2.505975e-01;9.202988e-02;2.764115e-02;7.653607e-02;8.549196e-02;4.869667e-02
1.467521e-01;6.897929e-02;5.079252e-02;1.070255e-01;4.869960e-02;1.112895e-01;1.584753e-01;6.773969e-02;5.828108e-02;1.080004e-01;3.039465e-02;4.357051e-02
1.532335e-01;8.222946e-02;8.235900e-02;1.152157e-01;8.482786e-02;1.421024e-01;1.096104e-01;2.163346e-02;6.419694e-02;8.059277e-02;3.670557e-02;2.729291e-02
1.445773e-01;1.025854e-01;1.080376e-01;7.639001e-02;8.166448e-02;9.090821e-02;1.492997e-01;2.222061e-02;6.802770e-02;2.833773e-02;7.634411e-02;5.160712e-02
8.509309e-02;8.313434e-02;1.988664e-01;2.462951e-02;6.390751e-02;4.824311e-02;1.782549e-01;6.165702e-02;6.261612e-02;3.125132e-02;1.212419e-01;4.110468e-02
4.127760e-02;4.891850e-02;2.535875e-01;1.254486e-02;4.298301e-02;3.075597e-02;2.097561e-01;1.172681e-01;3.704152e-02;2.110439e-02;9.732625e-02;8.743627e-02
3.610268e-02;9.399050e-02;2.455375e-01;1.008051e-02;1.861735e-02;1.727001e-02;2.289693e-01;1.104373e-01;2.612737e-02;1.188343e-02;1.054050e-01;9.557903e-02
2.233991e-02;1.218579e-01;2.227806e-01;1.152701e-02;1.612032e-02;1.149682e-02;2.390892e-01;9.945665e-02;2.050925e-02;1.475202e-02;1.537994e-01;6.627092e-02
3.737008e-02;1.024556e-01;2.329748e-01;1.338557e-02;2.151757e-02;1.879369e-02;1.931269e-01;1.233473e-01;2.364600e-02;3.188767e-02;1.244577e-01;7.703707e-02
3.646405e-02;6.074413e-02;2.933536e-01;2.389259e-02;1.806359e-02;1.647495e-02;1.210374e-01;1.400213e-01;3.767100e-02;3.852438e-02;5.895494e-02;1.547980e-01
3.125412e-02;8.645128e-02;2.840545e-01;2.037208e-02;1.712196e-02;1.429167e-02;1.588235e-01;1.046229e-01;1.467098e-02;2.684264e-02;9.027866e-02;1.512157e-01
5.127118e-02;1.716735e-01;1.846561e-01;1.381228e-02;1.991662e-02;1.994495e-02;2.212528e-01;6.864849e-02;1.147998e-02;1.526174e-02;1.509026e-01;7.117980e-02
6.231975e-02;2.247218e-01;1.399760e-01;1.351686e-02;1.863686e-02;1.692570e-02;2.307235e-01;6.758545e-02;1.534896e-02;9.770920e-03;1.772198e-01;2.325435e-02
7.728020e-02;2.608791e-01;1.315677e-01;1.157340e-02;1.175173e-02;1.705448e-02;2.194361e-01;6.288516e-02;1.686394e-02;9.466968e-03;1.755066e-01;5.734533e-03
7.178801e-02;2.748019e-01;1.030282e-01;1.001388e-02;1.487594e-02;1.758139e-02;2.310545e-01;5.132175e-02;2.171124e-02;1.542763e-02;1.615698e-01;2.682577e-02
6.084143e-02;2.906729e-01;9.413114e-02;7.784906e-03;1.586694e-02;1.716796e-02;2.720471e-01;3.817333e-02;1.845033e-02;1.627402e-02;1.411631e-01;2.742686e-02
8.241440e-02;3.328568e-01;4.518567e-02;6.469478e-03;1.417371e-02;2.739248e-02;3.011627e-01;2.967834e-02;1.286469e-02;2.467376e-02;1.064741e-01;1.665390e-02
1.230051e-01;3.589931e-01;1.967992e-02;1.051945e-02;1.418260e-02;3.586588e-02;2.982856e-01;1.528759e-02;1.164686e-02;3.011248e-02;7.091825e-02;1.150316e-02
1.315563e-01;3.648127e-01;2.231954e-02;9.889737e-03;1.724375e-02;4.187622e-02;2.887709e-01;1.110153e-02;7.350084e-03;2.966510e-02;6.807208e-02;7.341986e-03
9.834202e-02;3.765230e-01;3.507960e-02;9.499270e-03;2.467936e-02;3.895772e-02;3.082686e-01;1.160410e-02;1.293602e-02;2.309441e-02;5.700400e-02;4.011865e-03
5.329284e-02;3.252451e-01;1.001129e-01;1.146951e-02;4.790909e-02;3.188863e-02;3.105610e-01;1.690724e-02;1.946003e-02;1.663663e-02;5.929899e-02;7.218155e-03
1.330671e-02;2.080055e-01;2.003325e-01;2.197968e-02;6.793465e-02;3.592491e-02;2.785833e-01;5.414281e-02;1.047298e-02;8.644608e-03;7.733051e-02;2.334188e-02
1.643406e-02;1.169484e-01;2.470490e-01;2.328617e-02;6.277917e-02;4.535725e-02;2.394886e-01;1.127749e-01;1.379176e-02;1.115141e-02;6.820578e-02;4.273354e-02
9.683026e-03;6.744412e-02;2.845929e-01;1.473185e-02;4.242089e-02;3.805804e-02;2.057404e-01;1.879991e-01;1.749375e-02;1.676229e-02;5.016737e-02;6.490630e-02
1.084284e-02;6.480351e-02;3.048308e-01;9.499250e-03;2.561880e-02;1.240934e-02;1.817816e-01;2.399597e-01;1.594018e-02;2.493067e-02;3.420620e-02;7.517704e-02
9.891607e-03;5.341258e-02;3.065610e-01;8.410747e-03;2.101217e-02;2.030984e-02;1.703816e-01;2.515804e-01;1.719736e-02;2.916002e-02;3.387725e-02;7.820541e-02
7.888080e-03;4.488218e-02;3.120145e-01;9.267057e-03;2.017009e-02;2.827054e-02;1.537688e-01;2.509676e-01;2.349902e-02;3.483607e-02;2.982705e-02;8.460900e-02
7.675132e-03;3.144960e-02;3.265434e-01;1.129520e-02;1.618172e-02;3.993674e-02;1.353319e-01;2.391145e-01;3.152467e-02;3.879344e-02;2.097296e-02;1.011808e-01
2.038460e-03;2.159720e-02;3.596765e-01;1.835260e-02;7.135937e-03;5.999302e-02;1.106167e-01;2.183505e-01;3.987686e-02;3.526062e-02;7.180975e-03;1.199205e-01
4.256167e-03;2.415855e-02;3.903831e-01;2.145976e-02;7.071412e-03;6.468167e-02;1.099812e-01;1.820770e-01;3.817632e-02;2.701054e-02;5.877809e-03;1.248664e-01
1.045186e-02;4.516655e-02;4.023733e-01;2.302068e-02;1.362629e-02;5.272028e-02;1.384615e-01;1.266059e-01;3.787626e-02;2.303245e-02;1.109190e-02;1.155730e-01
2.349894e-02;6.754305e-02;3.884626e-01;2.469025e-02;2.351420e-02;4.126313e-02;1.769542e-01;6.588175e-02;4.166123e-02;2.108936e-02;2.261912e-02;1.028222e-01
2.780449e-02;6.545880e-02;3.287039e-01;3.044014e-02;2.728343e-02;2.710064e-02;2.447931e-01;7.849797e-02;5.122250e-02;2.074303e-02;1.489518e-02;8.305690e-02
2.479192e-02;5.754232e-02;2.204756e-01;2.443234e-02;1.609664e-02;3.013422e-02;3.495945e-01;1.222537e-01;5.931717e-02;2.580831e-02;2.016107e-02;4.939215e-02
2.073357e-02;8.413244e-02;9.233820e-02;1.448384e-02;4.617053e-02;5.827845e-02;4.257033e-01;1.246739e-01;4.238065e-02;2.369217e-02;4.172881e-02;2.568417e-02
3.263985e-02;1.026244e-01;6.073267e-02;1.971605e-02;5.924010e-02;6.877148e-02;4.124321e-01;1.066048e-01;3.024095e-02;2.526379e-02;3.418471e-02;4.754898e-02
5.708772e-02;6.846845e-02;1.232560e-01;4.444028e-02;8.166007e-02;9.013631e-02;2.942682e-01;8.106611e-02;3.768020e-02;3.582704e-02;2.415190e-02;6.195776e-02
7.255103e-02;3.669739e-02;1.744458e-01;5.727301e-02;1.377136e-01;1.256598e-01;1.574231e-01;5.263605e-02;7.479855e-02;3.854910e-02;2.405104e-02;4.820152e-02
6.412894e-02;2.710373e-02;1.657866e-01;7.322124e-02;1.370224e-01;1.306418e-01;2.219160e-01;3.896229e-02;5.921512e-02;3.250510e-02;3.151004e-02;1.798669e-02
8.267224e-02;2.397618e-02;9.060309e-02;9.820728e-02;8.468069e-02;1.084817e-01;3.324104e-01;3.061270e-02;4.352408e-02;5.912539e-02;3.030931e-02;1.539702e-02
5.382270e-02;8.942005e-02;6.931815e-02;7.495493e-02;6.061052e-02;7.042506e-02;3.992356e-01;3.745653e-02;3.102992e-02;5.749718e-02;4.275239e-02;1.347700e-02
2.821725e-02;1.319831e-01;1.092985e-01;3.950410e-02;8.394203e-02;3.587826e-02;3.763540e-01;4.252939e-02;2.781003e-02;3.548900e-02;8.029566e-02;8.698678e-03
1.347563e-02;1.402628e-01;1.533380e-01;1.743784e-02;1.134349e-01;1.658154e-02;3.439389e-01;4.774811e-02;2.314197e-02;1.695741e-02;1.014926e-01;1.219028e-02
1.533767e-02;1.310433e-01;1.619360e-01;1.692659e-02;1.305500e-01;1.228849e-02;3.107004e-01;7.005931e-02;1.474461e-02;8.480245e-03;1.106329e-01;1.730034e-02
1.147991e-02;1.292356e-01;1.203490e-01;1.119959e-02;1.325459e-01;1.904763e-02;3.024127e-01;1.070389e-01;1.866540e-02;1.209455e-02;1.217162e-01;1.421466e-02
1.222445e-02;1.267440e-01;6.357412e-02;5.441111e-03;1.215756e-01;2.256350e-02;3.270544e-01;1.246292e-01;3.090760e-02;1.913005e-02;1.352517e-01;1.090419e-02
1.707837e-02;1.325093e-01;2.994472e-02;5.386041e-03;1.031477e-01;2.015359e-02;3.965757e-01;1.047211e-01;2.888957e-02;1.059774e-02;1.467547e-01;4.241448e-03
1.906776e-02;1.363837e-01;1.586671e-02;9.418854e-03;7.097749e-02;2.416937e-02;4.491393e-01;7.116863e-02;2.540005e-02;2.671448e-02;1.446147e-01;7.078991e-03
4.172681e-02;1.207647e-01;1.629754e-02;2.587519e-02;4.595838e-02;5.461442e-02;4.109873e-01;5.353220e-02;2.937107e-02;7.675697e-02;1.156161e-01;8.499359e-03
8.309156e-02;8.370800e-02;2.383776e-02;4.805612e-02;5.225631e-02;1.075714e-01;2.624698e-01;4.643141e-02;6.138208e-02;1.346308e-01;7.546061e-02;2.110422e-02
9.837051e-02;5.660658e-02;5.894386e-02;5.744135e-02;7.735467e-02;1.409258e-01;8.572592e-02;4.555649e-02;1.363410e-01;1.574273e-01;3.618692e-02;4.911958e-02
4.997543e-02;4.928045e-02;1.071557e-01;5.020567e-02;8.483101e-02;9.872077e-02;8.316952e-02;6.741501e-02;1.837771e-01;9.888044e-02;3.771516e-02;8.887377e-02
5.630976e-02;7.350004e-02;1.379561e-01;6.086956e-02;6.405804e-02;5.287135e-02;1.078891e-01;6.019736e-02;1.666989e-01;4.743981e-02;6.165264e-02;1.105573e-01
4.986857e-02;8.072835e-02;1.268035e-01;7.706348e-02;4.274717e-02;4.493628e-02;1.984944e-01;5.365707e-02;1.271347e-01;4.110919e-02;4.553673e-02;1.119206e-01
7.796860e-02;4.811108e-02;7.430925e-02;5.735780e-02;4.974743e-02;7.477872e-02;2.522201e-01;1.077077e-01;1.412285e-01;5.112046e-02;3.005608e-02;3.539420e-02
7.602476e-02;4.738266e-02;1.086160e-01;7.264529e-02;8.491001e-02;5.610452e-02;1.968240e-01;5.062762e-02;1.682489e-01;5.865846e-02;4.118402e-02;3.877371e-02
6.870303e-02;6.347524e-02;1.373222e-01;4.579303e-02;9.256358e-02;8.689774e-02;1.400070e-01;8.185074e-02;1.249647e-01;3.709978e-02;3.634628e-02;8.497663e-02
5.842164e-02;5.746896e-02;7.678714e-02;3.627384e-02;8.838031e-02;9.510729e-02;1.479890e-01;4.746879e-02;1.748077e-01;4.650148e-02;5.514066e-02;1.156532e-01
4.733666e-02;6.805621e-02;7.006240e-02;3.999908e-02;8.830518e-02;4.987415e-02;2.263065e-01;3.816866e-02;1.551179e-01;6.958615e-02;5.348272e-02;9.370439e-02
6.551781e-02;6.952206e-02;7.412901e-02;3.214689e-02;8.112098e-02;6.519457e-02;2.337371e-01;5.483539e-02;1.209330e-01;9.029277e-02;6.007185e-02;5.249859e-02
8.851733e-02;4.342628e-02;9.576379e-02;4.912341e-02;6.573504e-02;8.799638e-02;1.817379e-01;8.608017e-02;8.263534e-02;3.215848e-02;1.433230e-01;4.350286e-02
4.484149e-02;5.084604e-02;1.067652e-01;4.176683e-02;6.804585e-02;1.025425e-01;1.188675e-01;9.530882e-02;9.567869e-02;1.166634e-01;1.149246e-01;4.374902e-02
6.009062e-02;6.005406e-02;1.130723e-01;5.772792e-02;5.886831e-02;7.679297e-02;1.801042e-01;9.391904e-02;1.116510e-01;9.944194e-02;4.812593e-02;4.015166e-02
7.824542e-02;1.006392e-01;1.709290e-01;4.235577e-02;5.768387e-02;6.331184e-02;1.041804e-01;6.916569e-02;9.286691e-02;8.646944e-02;6.392280e-02;7.022974e-02
1.085297e-01;8.981721e-02;2.188458e-01;3.870082e-02;3.849737e-02;4.254479e-02;1.407697e-01;3.371836e-02;6.313710e-02;8.304355e-02;8.424682e-02;5.814873e-02
1.117829e-01;8.364642e-02;1.841785e-01;3.278773e-02;4.132944e-02;3.778276e-02;2.457625e-01;3.322369e-02;4.559722e-02;7.256157e-02;7.171196e-02;3.963534e-02
1.050091e-01;1.234011e-01;1.167665e-01;2.402237e-02;4.520688e-02;5.180074e-02;3.467480e-01;3.051394e-02;3.447670e-02;4.653407e-02;4.783122e-02;2.768927e-02
9.850414e-02;1.390595e-01;7.291484e-02;1.947328e-02;4.397859e-02;6.868840e-02;4.384032e-01;1.467502e-02;2.710337e-02;2.804382e-02;2.546955e-02;2.368633e-02
1.145431e-01;1.116438e-01;6.577560e-02;2.920465e-02;5.163166e-02;8.911446e-02;4.381294e-01;1.219582e-02;1.315796e-02;3.827699e-02;1.348723e-02;2.283929e-02
1.608063e-01;8.173610e-02;4.811168e-02;3.161608e-02;6.867100e-02;1.147828e-01;3.809450e-01;1.528877e-02;1.256406e-02;6.050257e-02;7.703566e-03;1.727202e-02
2.154581e-01;7.019366e-02;3.159751e-02;2.481140e-02;8.192812e-02;1.338556e-01;3.054847e-01;2.382245e-02;2.794185e-02;6.564351e-02;3.830057e-03;1.543302e-02
2.584631e-01;8.340409e-02;2.303411e-02;1.690211e-02;9.423261e-02;1.372509e-01;2.374085e-01;2.366546e-02;3.878254e-02;5.283271e-02;8.057757e-03;2.596622e-02
2.783083e-01;1.173894e-01;4.186193e-02;1.315006e-02;1.007988e-01;1.189300e-01;1.780566e-01;1.590344e-02;4.509204e-02;3.194896e-02;1.616366e-02;4.239677e-02
3.077441e-01;1.261966e-01;5.532904e-02;1.263167e-02;1.035459e-01;9.605999e-02;1.345561e-01;6.441976e-03;5.512635e-02;1.853696e-02;2.304584e-02;6.078555e-02
3.417670e-01;1.215824e-01;6.001702e-02;1.059465e-02;9.493206e-02;7.926641e-02;9.933142e-02;7.403439e-03;7.045241e-02;1.701619e-02;2.429264e-02;7.334440e-02
3.724851e-01;1.008925e-01;5.833352e-02;1.114748e-02;8.452700e-02;5.784484e-02;8.154960e-02;1.066453e-02;8.865527e-02;1.551350e-02;2.235938e-02;9.602729e-02
4.040461e-01;7.696106e-02;5.642138e-02;1.055121e-02;8.121918e-02;4.251534e-02;5.959829e-02;1.253754e-02;1.034544e-01;6.993839e-03;1.480171e-02;1.308999e-01
3.983489e-01;6.540878e-02;3.978267e-02;1.826917e-02;8.366394e-02;3.511758e-02;3.876544e-02;2.316343e-02;1.179623e-01;9.961721e-03;1.271861e-02;1.568375e-01
3.333558e-01;5.500335e-02;4.378819e-02;3.705118e-02;9.640040e-02;3.490055e-02;2.669239e-02;3.422218e-02;1.255449e-01;1.506086e-02;2.800109e-02;1.699791e-01
2.088248e-01;4.211218e-02;5.666417e-02;7.424439e-02;1.250131e-01;3.114566e-02;3.061599e-02;6.314861e-02;1.120207e-01;2.612679e-02;6.072921e-02;1.693544e-01
1.012236e-01;3.192820e-02;1.243675e-01;1.075529e-01;1.164624e-01;2.625537e-02;2.681955e-02;1.090309e-01;8.607797e-02;4.352361e-02;1.086246e-01;1.181334e-01
4.848577e-02;2.925739e-02;1.996887e-01;1.029378e-01;7.311150e-02;2.499082e-02;8.745950e-02;1.055287e-01;7.513689e-02;5.576783e-02;1.179440e-01;7.969102e-02
5.277192e-02;5.458291e-02;2.668268e-01;8.668899e-02;4.651487e-02;2.505675e-02;9.460440e-02;6.623681e-02;8.530667e-02;5.795851e-02;8.755444e-02;7.589698e-02
8.148172e-02;7.793597e-02;2.886997e-01;8.430418e-02;5.915161e-02;3.002258e-02;7.186882e-02;6.135640e-02;8.003015e-02;4.113351e-02;6.810533e-02;5.591000e-02
1.243716e-01;6.064102e-02;3.062323e-01;6.143842e-02;4.891990e-02;2.002015e-02;9.127299e-02;4.503422e-02;4.204026e-02;5.560122e-02;9.203769e-02;5.239024e-02
1.109914e-01;8.290002e-02;3.360355e-01;5.563410e-02;4.259386e-02;2.333395e-02;9.931587e-02;2.647299e-02;3.243477e-02;5.896981e-02;9.499210e-02;3.632558e-02
1.092362e-01;5.476904e-02;2.871844e-01;9.597935e-02;7.100870e-02;5.155795e-02;6.652568e-02;3.285721e-02;6.329236e-02;4.553577e-02;9.077515e-02;3.127816e-02
9.689171e-02;1.194822e-01;2.115350e-01;9.272356e-02;5.113401e-02;8.102430e-02;4.609819e-02;2.827743e-02;8.376765e-02;5.230572e-02;6.114971e-02;7.561053e-02
8.006053e-02;1.078503e-01;3.094735e-01;5.272285e-02;4.303076e-02;6.629226e-02;5.451607e-02;5.349981e-02;4.459522e-02;4.924630e-02;5.578049e-02;8.293189e-02
9.496316e-02;7.082375e-02;2.397621e-01;4.898294e-02;5.921390e-02;3.867559e-02;1.275931e-01;5.521368e-02;4.843474e-02;3.970392e-02;8.788876e-02;8.874428e-02
1.235026e-01;9.810632e-02;1.060968e-01;6.784511e-02;6.551883e-02;5.485511e-02;1.279018e-01;3.349029e-02;6.454511e-02;6.614475e-02;9.300836e-02;9.898481e-02
1.191253e-01;9.146807e-02;1.672109e-01;5.635253e-02;8.093885e-02;7.630444e-02;8.276056e-02;2.032600e-02;5.311326e-02;9.250940e-02;6.280141e-02;9.708926e-02
7.112700e-02;6.926605e-02;2.487872e-01;4.741762e-02;6.880090e-02;8.750174e-02;4.615277e-02;4.801778e-02;3.813174e-02;1.280947e-01;5.976513e-02;8.693734e-02
1.052776e-01;5.215872e-02;1.900323e-01;5.665270e-02;4.465976e-02;6.769567e-02;5.560593e-02;5.024938e-02;7.536043e-02;8.518536e-02;1.073940e-01;1.097280e-01
1.202511e-01;2.801205e-02;1.721735e-01;3.946067e-02;7.029670e-02;3.674187e-02;5.806585e-02;7.183538e-02;7.379640e-02;6.578187e-02;1.216850e-01;1.418997e-01
1.004708e-01;3.401924e-02;1.417887e-01;6.326406e-02;7.095002e-02;4.512241e-02;4.956156e-02;8.304626e-02;1.219713e-01;1.132720e-01;3.858526e-02;1.379485e-01
6.125623e-02;6.126781e-02;1.300923e-01;5.436887e-02;5.368074e-02;4.380858e-02;1.180302e-01;7.796799e-02;1.039741e-01;6.944776e-02;1.221466e-01;1.039587e-01
7.573596e-02;7.233083e-02;1.203628e-01;2.410009e-02;4.084856e-02;5.544799e-02;1.760199e-01;7.257429e-02;8.371651e-02;6.913443e-02;1.416930e-01;6.803563e-02
7.327575e-02;5.910194e-02;9.041435e-02;2.478452e-02;4.035636e-02;6.650953e-02;2.265221e-01;8.742484e-02;1.156458e-01;8.811396e-02;8.765157e-02;4.019925e-02
6.046222e-02;5.840348e-02;1.002281e-01;2.430770e-02;6.037250e-02;7.543209e-02;2.291361e-01;9.402451e-02;1.174208e-01;7.576452e-02;7.357612e-02;3.087191e-02
7.442885e-02;6.993540e-02;1.392908e-01;3.100412e-02;7.384962e-02;8.560077e-02;1.289281e-01;5.449744e-02;7.573275e-02;7.731581e-02;1.223726e-01;6.704374e-02
1.119045e-01;5.473658e-02;1.646188e-01;5.456885e-02;4.655382e-02;7.216644e-02;6.042882e-02;1.112606e-01;4.875553e-02;7.675746e-02;1.059201e-01;9.232853e-02
9.857922e-02;4.004261e-02;1.727948e-01;5.093313e-02;8.070879e-02;8.099518e-02;1.213367e-01;9.732004e-02;6.575356e-02;8.785114e-02;5.353142e-02;5.015338e-02
