8.739923e-02;5.429121e-02;1.210802e-01;7.692015e-02;6.114131e-02;8.558679e-02;9.120712e-02;1.262397e-01;6.731657e-02;1.048141e-01;9.020666e-02;3.379692e-02
6.300459e-02;6.549627e-02;8.850832e-02;6.476261e-02;5.533077e-02;7.775898e-02;1.151737e-01;1.438959e-01;5.855751e-02;1.340546e-01;8.677187e-02;4.668487e-02
5.710257e-02;7.320981e-02;8.409078e-02;4.923707e-02;6.258453e-02;7.881577e-02;1.280684e-01;1.223347e-01;7.474831e-02;1.314579e-01;8.510196e-02;5.324825e-02
7.234441e-02;7.096646e-02;1.138159e-01;9.478954e-02;6.718402e-02;7.142779e-02;1.131874e-01;7.948571e-02;1.072705e-01;1.106381e-01;6.551603e-02;3.337400e-02
5.313845e-02;6.989641e-02;1.495736e-01;9.570419e-02;7.480761e-02;8.362648e-02;1.199387e-01;4.368667e-02;8.123856e-02;9.630141e-02;7.861844e-02;5.346945e-02
5.288904e-02;5.920903e-02;1.107847e-01;7.548800e-02;6.269197e-02;9.445097e-02;1.902464e-01;5.037248e-02;5.124981e-02;9.319808e-02;9.476978e-02;6.464965e-02
5.639088e-02;7.498954e-02;1.089654e-01;7.279588e-02;5.310984e-02;6.536511e-02;1.782885e-01;6.141965e-02;1.038466e-01;1.018800e-01;7.521400e-02;4.773447e-02
4.876708e-02;8.543897e-02;1.231268e-01;7.311772e-02;5.647667e-02;9.199645e-02;1.729512e-01;7.133179e-02;1.046565e-01;7.190912e-02;6.932836e-02;3.089937e-02
5.126722e-02;5.209188e-02;1.012378e-01;8.449191e-02;7.047295e-02;1.134479e-01;1.866849e-01;5.623241e-02;1.221885e-01;6.180238e-02;7.448677e-02;2.559533e-02
7.460804e-02;6.681388e-02;9.261828e-02;4.632047e-02;8.709546e-02;8.488370e-02;1.554199e-01;6.151447e-02;1.411969e-01;8.194639e-02;5.200813e-02;5.557442e-02
9.823282e-02;1.022553e-01;8.396718e-02;4.554026e-02;6.738532e-02;4.870749e-02;1.260875e-01;6.281640e-02;1.247102e-01;8.431844e-02;7.362401e-02;8.235506e-02
1.108445e-01;9.329968e-02;9.955771e-02;5.794058e-02;4.295539e-02;5.118513e-02;1.046996e-01;8.234935e-02;8.138781e-02;1.073725e-01;7.881225e-02;8.959544e-02
8.157553e-02;7.801106e-02;1.280392e-01;5.730771e-02;6.747764e-02;6.056206e-02;1.110956e-01;8.391882e-02;1.010616e-01;9.790086e-02;6.159381e-02;7.145616e-02
7.343288e-02;4.236348e-02;1.051616e-01;7.603649e-02;6.215475e-02;8.400665e-02;1.374088e-01;5.465085e-02;8.064561e-02;5.947213e-02;1.236380e-01;1.010287e-01
9.131981e-02;5.957556e-02;7.998101e-02;8.798967e-02;1.051104e-01;6.966922e-02;1.076414e-01;6.007197e-02;8.094797e-02;1.058380e-01;9.958410e-02;5.227096e-02
7.553510e-02;6.245939e-02;8.438649e-02;8.438628e-02;1.062397e-01;7.631247e-02;9.916908e-02;7.135081e-02;8.663198e-02;1.089472e-01;9.503422e-02;4.954728e-02
6.411650e-02;6.089323e-02;8.741124e-02;8.521797e-02;1.135021e-01;8.219549e-02;9.374686e-02;6.773695e-02;8.816279e-02;1.111440e-01;9.866349e-02;4.720934e-02
5.329737e-02;5.149003e-02;9.171481e-02;8.194905e-02;1.330677e-01;7.970560e-02;7.755764e-02;5.789086e-02;9.626232e-02;1.250774e-01;1.075234e-01;4.446387e-02
4.945075e-02;3.214439e-02;9.659708e-02;4.761958e-02;1.420758e-01;6.230028e-02;7.906298e-02;5.328242e-02;1.181460e-01;1.468457e-01;1.015922e-01;7.088286e-02
8.085471e-02;5.288399e-02;9.770390e-02;7.037491e-02;9.310769e-02;9.101149e-02;9.059191e-02;4.999053e-02;8.729552e-02;1.245144e-01;1.056934e-01;5.597750e-02
6.433931e-02;5.622786e-02;8.100959e-02;1.023643e-01;3.576624e-02;1.143561e-01;1.343901e-01;5.503998e-02;1.126191e-01;6.873558e-02;1.077717e-01;6.738009e-02
5.188733e-02;4.881259e-02;5.595617e-02;6.786256e-02;8.248666e-02;1.014531e-01;1.320682e-01;4.658646e-02;1.515965e-01;8.217829e-02;1.038178e-01;7.529432e-02
4.149475e-02;6.576856e-02;6.426031e-02;7.075323e-02;1.135110e-01;8.380639e-02;1.352808e-01;4.051313e-02;1.926975e-01;7.546110e-02;5.106584e-02;6.538726e-02
4.572321e-02;6.101643e-02;9.050781e-02;1.112676e-01;9.310862e-02;7.088362e-02;1.005794e-01;5.557738e-02;1.501026e-01;9.174335e-02;1.003048e-01;2.918527e-02
5.537184e-02;4.053057e-02;1.108254e-01;7.670625e-02;1.506836e-01;6.367643e-02;6.323091e-02;7.961480e-02;1.234840e-01;1.041274e-01;1.064758e-01;2.527301e-02
6.851447e-02;2.936118e-02;1.292291e-01;4.155008e-02;1.670538e-01;3.661204e-02;5.531199e-02;7.055962e-02;1.343534e-01;1.262493e-01;1.057036e-01;3.550129e-02
8.947041e-02;5.001633e-02;6.486516e-02;6.015567e-02;1.160792e-01;3.949174e-02;9.947499e-02;7.703360e-02;1.233643e-01;1.315024e-01;1.006311e-01;4.791508e-02
9.218753e-02;6.814414e-02;9.446612e-02;3.151405e-02;7.528268e-02;5.101933e-02;8.590712e-02;6.702889e-02;1.401741e-01;1.527179e-01;8.786969e-02;5.368849e-02
7.853217e-02;6.128804e-02;1.483270e-01;4.048838e-02;6.706814e-02;6.479010e-02;6.288850e-02;6.942630e-02;1.277681e-01;1.464282e-01;8.780425e-02;4.519087e-02
6.569985e-02;5.772414e-02;1.514603e-01;3.616836e-02;6.309017e-02;8.650733e-02;8.154348e-02;8.410639e-02;9.832847e-02;1.440455e-01;8.856727e-02;4.275875e-02
6.923489e-02;4.788909e-02;1.029832e-01;3.945662e-02;1.089080e-01;7.891113e-02;7.008622e-02;9.762496e-02;1.049996e-01;1.422172e-01;7.813215e-02;5.955702e-02
6.641255e-02;4.205181e-02;6.658517e-02;4.370683e-02;1.201007e-01;6.166383e-02;9.493730e-02;1.230249e-01;1.293209e-01;1.055402e-01;4.056388e-02;1.060919e-01
6.694435e-02;7.190346e-02;6.942008e-02;4.484324e-02;6.057582e-02;6.235356e-02;9.769343e-02;1.172462e-01;6.907113e-02;1.389090e-01;7.746448e-02;1.235753e-01
5.450439e-02;9.575973e-02;7.404201e-02;5.621569e-02;4.222615e-02;4.093721e-02;9.024799e-02;1.254035e-01;9.541079e-02;1.781109e-01;4.386536e-02;1.032762e-01
4.673581e-02;8.884902e-02;6.310948e-02;5.711713e-02;6.694073e-02;6.807406e-02;8.950508e-02;1.224975e-01;1.166707e-01;1.668744e-01;5.708807e-02;5.653792e-02
5.917764e-02;1.165539e-01;7.299358e-02;6.695777e-02;7.195839e-02;1.223327e-01;7.954475e-02;1.019025e-01;9.074355e-02;1.400730e-01;4.995606e-02;2.780612e-02
3.797325e-02;1.175688e-01;9.248987e-02;9.335654e-02;6.146092e-02;1.173299e-01;8.496278e-02;1.021297e-01;1.079591e-01;1.257596e-01;3.998351e-02;1.902593e-02
4.836328e-02;9.657611e-02;7.336622e-02;8.633456e-02;8.270964e-02;6.208607e-02;1.065400e-01;1.257951e-01;7.852498e-02;1.536019e-01;5.253894e-02;3.356326e-02
8.344987e-02;7.641482e-02;6.306880e-02;4.069362e-02;1.266537e-01;6.900395e-02;8.761103e-02;1.146536e-01;6.487598e-02;1.576573e-01;6.179743e-02;5.411985e-02
9.410563e-02;7.191449e-02;1.066512e-01;5.655120e-02;8.841646e-02;1.093295e-01;1.070142e-01;7.432964e-02;6.613179e-02;8.316629e-02;5.551605e-02;8.687348e-02
6.273449e-02;5.443130e-02;1.093120e-01;8.793931e-02;7.343214e-02;1.135448e-01;1.089547e-01;1.017463e-01;7.202673e-02;8.083218e-02;6.970390e-02;6.534217e-02
5.979653e-02;4.787067e-02;1.047354e-01;1.103388e-01;6.606118e-02;1.186506e-01;8.011863e-02;1.185167e-01;8.903605e-02;9.507129e-02;5.850764e-02;5.129643e-02
6.997697e-02;2.643222e-02;9.710230e-02;8.740124e-02;6.576088e-02;1.395406e-01;6.707240e-02;1.276246e-01;8.815662e-02;1.318637e-01;4.934036e-02;4.972809e-02
5.996323e-02;3.028154e-02;7.919102e-02;5.847719e-02;8.554678e-02;1.085756e-01;7.901501e-02;1.135600e-01;1.107303e-01;1.449365e-01;5.147427e-02;7.824854e-02
9.066790e-02;3.828045e-02;8.962630e-02;7.146934e-02;1.000880e-01;7.322001e-02;8.242768e-02;8.718905e-02;9.660777e-02;1.150071e-01;6.644124e-02;8.897504e-02
6.611404e-02;6.364574e-02;1.086477e-01;6.673175e-02;1.227225e-01;9.229340e-02;9.365779e-02;8.185955e-02;7.515362e-02;8.553071e-02;8.242678e-02;6.121641e-02
5.668560e-02;7.562500e-02;1.470219e-01;7.123578e-02;1.253826e-01;6.546137e-02;9.119747e-02;8.520353e-02;9.338477e-02;8.559173e-02;6.785426e-02;3.535597e-02
6.600747e-02;4.719123e-02;2.187301e-01;9.070466e-02;1.078988e-01;6.205788e-02;1.999217e-01;4.842300e-02;5.588260e-02;4.763622e-02;3.023577e-02;2.531061e-02
1.181638e-01;1.027117e-01;3.081624e-01;8.010897e-02;7.030622e-02;5.532183e-02;1.204853e-01;2.752591e-02;4.693476e-02;2.045523e-02;2.089125e-02;2.893267e-02
1.407396e-01;1.589370e-01;3.349680e-01;6.314158e-02;5.750003e-02;4.591794e-02;7.541832e-02;1.883301e-02;5.372455e-02;1.079577e-02;1.560948e-02;2.441476e-02
1.450984e-01;2.280310e-01;3.445826e-01;3.774945e-02;3.952027e-02;3.658526e-02;4.684434e-02;1.651925e-02;6.641232e-02;8.706463e-03;1.237138e-02;1.757925e-02
8.322485e-02;3.092391e-01;3.594966e-01;2.503975e-02;2.249883e-02;3.604114e-02;3.021074e-02;1.161783e-02;8.538094e-02;1.602912e-02;9.864929e-03;1.135621e-02
8.481543e-02;3.363337e-01;3.346828e-01;2.675843e-02;1.136813e-02;4.672151e-02;2.321232e-02;8.597256e-03;9.197889e-02;1.418314e-02;9.438122e-03;1.191027e-02
1.329481e-01;3.712079e-01;2.477607e-01;2.448158e-02;1.530179e-02;5.986564e-02;2.039625e-02;4.407716e-03;9.913205e-02;7.295438e-03;7.288708e-03;9.914043e-03
1.235421e-01;3.526331e-01;2.745196e-01;1.624614e-02;1.680854e-02;7.383651e-02;1.779454e-02;4.800919e-03;1.001228e-01;7.845405e-03;4.545824e-03;7.304524e-03
9.963463e-02;2.998344e-01;3.443644e-01;1.879699e-02;1.652078e-02;7.574967e-02;1.505173e-02;9.121683e-03;9.204186e-02;1.844086e-02;3.371794e-03;7.071257e-03
4.603594e-02;2.345408e-01;4.664009e-01;2.771919e-02;8.124527e-03;4.837555e-02;3.251601e-02;1.287591e-02;6.703945e-02;4.153808e-02;7.601536e-03;7.232093e-03
2.367237e-02;1.731828e-01;5.569075e-01;2.597792e-02;1.159713e-02;2.713937e-02;4.203449e-02;1.227434e-02;4.255856e-02;6.718075e-02;8.447249e-03;9.027572e-03
3.270782e-02;1.080963e-01;6.032717e-01;2.406427e-02;1.322613e-02;2.140026e-02;3.286435e-02;1.285719e-02;3.484885e-02;1.027840e-01;7.162168e-03;6.717050e-03
2.497272e-02;5.790240e-02;6.105261e-01;3.439456e-02;1.738828e-02;1.620738e-02;5.609350e-02;1.579060e-02;2.090405e-02;1.327000e-01;4.920737e-03;8.199637e-03
3.306026e-02;4.877040e-02;5.922064e-01;4.130651e-02;1.740864e-02;1.384868e-02;6.913885e-02;1.402861e-02;1.981073e-02;1.268590e-01;1.479606e-02;8.765864e-03
4.332365e-02;2.922537e-02;6.028615e-01;5.634790e-02;2.112740e-02;8.269294e-03;6.330446e-02;8.770058e-03;2.299869e-02;1.027735e-01;2.956260e-02;1.143557e-02
4.869492e-02;3.859125e-02;6.177210e-01;6.861793e-02;3.135242e-02;1.426589e-02;4.906076e-02;7.359037e-03;2.138146e-02;6.332047e-02;2.334345e-02;1.629142e-02
4.355428e-02;6.531905e-02;6.017278e-01;6.747147e-02;3.155034e-02;1.820249e-02;4.650367e-02;1.049179e-02;1.889385e-02;6.362658e-02;2.018271e-02;1.247592e-02
4.585456e-02;1.566433e-01;5.285265e-01;4.668805e-02;2.525090e-02;1.906546e-02;3.238709e-02;1.557113e-02;1.928154e-02;6.138932e-02;1.777486e-02;3.156740e-02
5.211605e-02;1.970571e-01;5.039247e-01;2.320099e-02;1.747846e-02;1.725678e-02;2.572474e-02;1.360434e-02;3.783662e-02;4.043768e-02;2.122320e-02;5.013931e-02
6.260712e-02;1.923658e-01;4.931220e-01;3.334579e-02;2.397309e-02;1.990916e-02;1.839761e-02;1.024341e-02;4.063914e-02;4.325241e-02;2.072011e-02;4.142432e-02
1.519268e-01;2.162621e-01;3.877512e-01;3.991895e-02;2.858489e-02;1.992939e-02;2.578939e-02;1.144685e-02;3.178161e-02;3.650778e-02;1.545577e-02;3.464524e-02
2.938896e-01;2.435158e-01;2.120543e-01;4.027675e-02;3.199155e-02;1.500344e-02;3.611692e-02;1.629808e-02;2.117560e-02;3.063779e-02;2.231387e-02;3.672639e-02
2.530512e-01;1.704352e-01;2.701084e-01;4.361547e-02;3.611442e-02;1.535088e-02;4.990631e-02;1.402958e-02;3.268136e-02;3.852968e-02;3.329081e-02;4.288668e-02
1.781093e-01;1.099526e-01;2.715462e-01;5.208177e-02;5.482234e-02;2.745759e-02;7.506725e-02;3.070571e-02;2.932001e-02;7.184311e-02;3.802234e-02;6.107171e-02
1.354307e-01;1.134629e-01;2.600548e-01;6.354371e-02;6.308194e-02;3.340581e-02;5.965817e-02;5.657046e-02;3.569018e-02;8.185261e-02;3.474925e-02;6.249943e-02
1.045523e-01;1.170664e-01;2.574553e-01;6.879650e-02;6.542613e-02;4.831682e-02;6.629628e-02;4.900515e-02;5.793007e-02;9.373968e-02;2.882384e-02;4.259152e-02
5.875188e-02;9.567422e-02;2.739133e-01;8.919302e-02;6.433956e-02;5.730597e-02;9.628410e-02;3.616908e-02;7.732439e-02;9.744526e-02;3.472295e-02;1.887628e-02
5.678093e-02;1.016162e-01;2.924738e-01;7.696642e-02;5.252543e-02;5.564616e-02;9.938276e-02;4.424284e-02;6.794588e-02;7.461832e-02;3.180741e-02;4.599397e-02
7.793451e-02;8.942912e-02;2.498544e-01;8.340321e-02;5.903985e-02;4.252663e-02;7.312266e-02;6.521115e-02;4.122520e-02;8.710267e-02;5.245496e-02;7.869564e-02
8.542600e-02;6.686132e-02;2.000211e-01;7.697375e-02;5.319794e-02;4.609109e-02;8.380628e-02;7.947952e-02;6.456618e-02;9.547084e-02;5.107547e-02;9.703045e-02
5.918347e-02;9.645970e-02;1.409423e-01;6.877149e-02;5.208810e-02;7.734141e-02;1.211897e-01;5.255296e-02;9.655594e-02;9.536000e-02;5.604889e-02;8.350604e-02
4.502851e-02;7.864297e-02;1.206070e-01;6.433984e-02;6.966572e-02;9.451547e-02;1.115203e-01;5.990423e-02;7.787506e-02;1.019727e-01;8.456848e-02;9.135968e-02
2.289352e-02;7.481253e-02;1.124458e-01;5.782463e-02;1.009599e-01;1.081713e-01;9.728746e-02;4.423636e-02;7.604586e-02;1.386232e-01;8.052997e-02;8.616948e-02
3.402878e-02;9.849540e-02;1.834776e-01;4.742347e-02;7.331830e-02;8.321880e-02;1.126720e-01;3.373078e-02;9.143462e-02;1.375083e-01;5.307081e-02;5.162117e-02
6.410833e-02;9.969092e-02;3.457318e-01;6.870196e-02;7.239616e-02;5.129100e-02;8.218488e-02;4.250912e-02;4.469937e-02;6.153587e-02;3.422417e-02;3.292638e-02
8.022188e-02;7.674655e-02;3.987435e-01;7.761223e-02;6.816679e-02;4.914762e-02;9.200513e-02;4.233659e-02;2.664189e-02;3.785653e-02;2.349413e-02;2.702715e-02
6.130356e-02;3.317784e-02;4.815769e-01;7.419165e-02;5.294742e-02;3.806641e-02;1.000806e-01;4.798594e-02;2.122236e-02;4.044571e-02;2.375669e-02;2.524497e-02
6.734839e-02;6.841531e-02;4.996962e-01;5.681226e-02;4.330670e-02;3.262973e-02;9.163473e-02;4.280204e-02;1.968506e-02;3.331323e-02;1.789670e-02;2.645964e-02
6.057905e-02;1.132155e-01;5.217578e-01;2.934428e-02;3.640535e-02;4.185407e-02;8.042692e-02;3.197153e-02;1.479661e-02;2.840666e-02;1.336932e-02;2.787292e-02
1.058187e-01;1.669924e-01;4.460677e-01;3.987578e-02;3.045092e-02;3.946855e-02;5.869971e-02;2.652818e-02;2.308753e-02;2.538471e-02;1.558148e-02;2.204429e-02
1.780740e-01;2.488594e-01;3.530493e-01;2.748764e-02;1.930967e-02;3.861355e-02;2.535735e-02;1.688641e-02;4.663762e-02;2.180139e-02;9.968876e-03;1.395475e-02
2.896041e-01;2.370049e-01;2.325857e-01;1.887629e-02;2.352059e-02;2.717565e-02;3.388394e-02;3.087158e-02;4.306725e-02;1.522520e-02;1.279175e-02;3.539295e-02
3.893822e-01;1.758595e-01;1.288575e-01;2.677680e-02;2.490337e-02;2.098948e-02;3.294709e-02;4.021257e-02;2.817838e-02;2.544277e-02;3.654116e-02;6.990917e-02
3.439317e-01;5.744498e-02;1.528324e-01;5.791049e-02;4.782603e-02;3.086982e-02;2.911257e-02;4.049340e-02;2.532901e-02;4.584752e-02;6.920142e-02;9.920064e-02
1.762531e-01;6.649088e-02;2.245158e-01;9.094827e-02;8.137210e-02;4.893869e-02;5.344133e-02;2.755441e-02;3.654658e-02;7.370495e-02;6.658218e-02;5.365168e-02
9.271041e-02;5.414953e-02;1.829493e-01;9.796531e-02;9.757854e-02;7.943048e-02;8.764260e-02;5.196982e-02;5.693771e-02;1.038677e-01;6.676321e-02;2.803544e-02
6.386244e-02;3.350747e-02;1.719292e-01;8.226847e-02;9.479089e-02;8.724448e-02;9.162816e-02;8.115096e-02;9.091335e-02;1.055327e-01;5.996281e-02;3.720909e-02
5.597732e-02;5.205843e-02;1.622218e-01;8.520905e-02;9.782216e-02;8.227336e-02;7.754502e-02;8.089779e-02;1.055425e-01;1.050423e-01;5.571364e-02;3.969654e-02
5.701697e-02;8.443768e-02;1.013184e-01;8.926623e-02;1.086500e-01;8.518250e-02;8.384721e-02;9.789697e-02;9.427711e-02;9.637453e-02;5.061046e-02;5.112188e-02
9.853756e-02;1.091258e-01;8.417208e-02;6.605114e-02;9.502976e-02;8.283488e-02;1.062239e-01;8.817817e-02;7.768516e-02;6.728284e-02;6.545524e-02;5.942355e-02
1.174496e-01;1.077103e-01;1.367263e-01;7.436906e-02;7.923803e-02;6.355634e-02;8.462710e-02;4.444262e-02;8.259732e-02;5.802938e-02;8.542762e-02;6.582632e-02
1.336366e-01;1.363922e-01;1.524884e-01;5.592026e-02;4.504007e-02;5.276958e-02;9.181817e-02;5.005293e-02;9.692510e-02;4.959073e-02;7.945654e-02;5.590943e-02
1.502549e-01;1.421969e-01;1.552818e-01;3.647069e-02;5.409779e-02;5.264429e-02;1.091195e-01;4.222125e-02;9.395994e-02;4.566440e-02;6.642299e-02;5.166548e-02
1.276695e-01;1.253005e-01;1.480486e-01;4.232538e-02;8.475770e-02;8.003997e-02;1.181324e-01;3.435043e-02;7.786172e-02;5.601737e-02;6.747441e-02;3.802205e-02
1.136056e-01;1.321466e-01;1.097415e-01;5.173450e-02;1.080830e-01;8.176066e-02;1.459811e-01;4.135986e-02;5.258214e-02;6.858604e-02;7.071473e-02;2.370413e-02
1.151987e-01;1.187232e-01;1.460412e-01;6.119995e-02;9.150131e-02;6.324657e-02;1.332537e-01;4.308054e-02;6.010130e-02;6.055662e-02;7.923190e-02;2.786510e-02
1.359436e-01;1.443474e-01;1.461789e-01;5.090262e-02;3.878016e-02;4.568626e-02;5.489623e-02;5.784083e-02;1.217072e-01;8.423173e-02;4.779557e-02;7.168939e-02
1.244923e-01;1.368568e-01;1.395136e-01;4.505040e-02;4.248197e-02;5.769220e-02;7.298785e-02;6.485025e-02;1.119524e-01;8.419147e-02;5.890361e-02;6.102725e-02
1.065176e-01;1.010541e-01;1.833281e-01;4.441209e-02;4.912693e-02;6.664056e-02;1.008706e-01;6.862336e-02;9.036012e-02;7.302628e-02;6.464195e-02;5.139818e-02
9.738334e-02;7.415085e-02;2.734264e-01;3.991394e-02;4.519704e-02;4.726806e-02;1.179765e-01;7.228422e-02;7.473690e-02;4.925533e-02;5.578304e-02;5.262430e-02
1.320845e-01;8.139503e-02;2.461340e-01;4.482039e-02;3.786471e-02;1.887059e-02;1.381846e-01;1.053262e-01;6.065147e-02;2.764783e-02;4.714709e-02;5.987359e-02
2.087841e-01;5.806956e-02;1.268360e-01;4.694853e-02;5.076873e-02;1.866301e-02;1.268819e-01;1.790881e-01;4.637688e-02;3.399708e-02;5.188164e-02;5.170440e-02
2.241963e-01;7.422747e-02;8.183866e-02;2.718035e-02;7.355107e-02;2.334984e-02;6.489952e-02;1.921283e-01;1.096528e-01;4.005634e-02;5.959194e-02;2.932732e-02
1.538718e-01;1.163533e-01;1.214594e-01;3.734233e-02;4.750131e-02;3.649849e-02;3.968092e-02;1.187992e-01;1.956968e-01;4.316914e-02;5.477150e-02;3.485575e-02
9.312363e-02;1.361500e-01;1.395191e-01;6.264492e-02;3.064870e-02;6.197564e-02;3.824414e-02;7.857171e-02;2.270547e-01;4.417369e-02;5.205800e-02;3.583579e-02
6.298345e-02;1.130918e-01;1.911648e-01;7.156266e-02;4.069886e-02;7.187140e-02;4.765106e-02;5.570799e-02;1.757421e-01;4.379812e-02;7.490538e-02;5.082236e-02
8.006433e-02;8.895381e-02;2.436377e-01;7.359634e-02;5.016655e-02;7.085015e-02;4.997958e-02;3.815768e-02;1.337344e-01;4.217697e-02;7.655136e-02;5.213113e-02
9.332749e-02;9.431984e-02;2.420242e-01;6.700956e-02;6.852248e-02;6.667843e-02;7.359550e-02;1.319257e-02;1.131832e-01;6.102962e-02;7.376248e-02;3.335461e-02
4.953631e-02;1.005618e-01;1.297730e-01;4.570231e-02;6.770824e-02;5.160277e-02;1.181591e-01;8.234869e-02;1.516586e-01;1.048627e-01;6.714361e-02;3.094300e-02
5.622234e-02;9.152135e-02;8.938694e-02;5.057352e-02;3.832433e-02;6.889214e-02;4.710868e-02;1.233265e-01;2.375536e-01;9.565085e-02;5.242617e-02;4.901356e-02
7.223953e-02;6.709257e-02;8.258803e-02;6.366307e-02;8.270036e-02;7.016548e-02;8.095202e-02;8.178478e-02;2.081586e-01;7.476486e-02;5.844409e-02;5.744655e-02
9.650791e-02;7.275260e-02;7.548442e-02;7.114992e-02;8.431901e-02;7.501991e-02;9.405753e-02;7.980441e-02;1.571209e-01;6.757251e-02;6.019190e-02;6.601902e-02
9.636691e-02;5.262345e-02;1.208028e-01;5.075901e-02;5.036039e-02;6.642035e-02;8.510441e-02;8.445039e-02;1.864666e-01;4.547494e-02;6.040482e-02;1.007659e-01
1.007960e-01;5.972048e-02;1.153527e-01;4.546613e-02;5.385793e-02;6.723590e-02;8.807866e-02;5.094541e-02;2.031145e-01;7.668109e-02;6.468890e-02;7.406234e-02
1.266558e-01;1.109261e-01;9.898961e-02;4.637317e-02;4.804844e-02;5.152658e-02;8.282889e-02;5.784148e-02;1.259204e-01;9.010909e-02;9.186069e-02;6.891976e-02
1.211429e-01;1.275100e-01;1.162516e-01;5.806898e-02;4.507063e-02;4.499774e-02;6.260771e-02;3.677057e-02;1.170969e-01;9.721270e-02;1.117209e-01;6.154935e-02
9.697780e-02;1.243831e-01;1.433480e-01;7.397399e-02;5.246746e-02;5.107803e-02;5.006135e-02;3.211097e-02;1.323319e-01;8.000543e-02;1.228158e-01;4.044620e-02
8.692460e-02;7.184031e-02;2.306334e-01;5.886148e-02;7.198248e-02;4.076627e-02;9.686588e-02;6.392945e-02;9.798653e-02;5.438685e-02;8.711823e-02;3.870457e-02
9.139320e-02;1.083780e-01;3.963091e-01;3.995042e-02;5.276768e-02;2.754926e-02;4.844000e-02;2.767965e-02;8.458102e-02;4.679623e-02;4.039477e-02;3.576067e-02
9.527398e-02;1.449927e-01;3.840134e-01;4.839125e-02;4.007683e-02;2.894411e-02;1.757425e-02;3.504400e-02;1.038076e-01;4.626976e-02;3.485109e-02;2.076096e-02
1.322296e-01;1.691982e-01;3.367726e-01;3.842184e-02;2.557873e-02;2.407334e-02;4.208047e-02;2.908432e-02;1.102689e-01;4.382978e-02;3.009254e-02;1.836972e-02
1.888688e-01;1.656783e-01;2.885863e-01;2.166901e-02;1.727595e-02;2.354982e-02;4.780468e-02;4.095713e-02;1.027100e-01;3.620907e-02;4.601836e-02;2.067266e-02
1.748071e-01;1.261897e-01;3.089993e-01;2.765092e-02;3.216863e-02;3.531514e-02;5.091695e-02;4.459347e-02;5.591121e-02;4.431179e-02;6.798861e-02;3.114713e-02
1.049741e-01;9.395856e-02;3.076213e-01;6.096286e-02;5.189558e-02;4.716224e-02;4.230332e-02;3.434419e-02;6.093843e-02;6.436796e-02;8.238765e-02;4.908378e-02
5.930015e-02;6.918638e-02;1.631365e-01;7.367272e-02;7.913973e-02;8.102918e-02;1.366649e-01;7.803369e-02;7.707787e-02;7.933081e-02;5.318401e-02;5.024412e-02
4.457194e-02;8.687242e-02;1.836214e-01;6.331279e-02;7.976462e-02;8.220726e-02;1.440916e-01;7.849573e-02;6.523258e-02;7.089381e-02;5.087629e-02;5.005956e-02
1.469744e-01;1.334241e-01;2.675458e-01;3.714425e-02;6.189746e-02;5.122343e-02;9.450970e-02;3.694254e-02;3.145639e-02;4.541942e-02;3.651811e-02;5.694438e-02
2.431491e-01;1.162025e-01;2.267971e-01;1.991817e-02;3.801076e-02;2.817592e-02;1.149132e-01;3.552632e-02;1.868192e-02;3.349853e-02;4.464942e-02;8.047703e-02
1.862446e-01;6.802782e-02;1.254098e-01;1.702253e-02;2.734080e-02;5.905069e-02;2.111139e-01;4.299979e-02;4.410144e-02;4.718366e-02;7.091640e-02;1.005886e-01
5.724824e-02;3.674661e-02;8.394758e-02;2.350331e-02;3.134963e-02;1.005996e-01;3.312987e-01;3.885013e-02;5.359299e-02;5.823737e-02;8.605434e-02;9.857148e-02
6.954581e-02;1.862830e-02;9.992880e-02;3.220043e-02;3.886147e-02;9.485956e-02;3.473199e-01;3.698983e-02;3.068746e-02;5.571433e-02;8.648233e-02;8.878182e-02
6.800595e-02;4.295104e-02;8.353170e-02;3.580998e-02;5.259420e-02;1.134260e-01;2.832998e-01;3.637089e-02;2.740579e-02;6.041788e-02;8.416995e-02;1.120169e-01
6.184639e-02;6.142767e-02;1.259873e-01;2.701610e-02;5.233866e-02;1.253005e-01;1.794334e-01;4.438614e-02;4.146166e-02;7.843015e-02;8.520087e-02;1.171711e-01
6.454951e-02;7.972188e-02;1.818417e-01;6.243947e-02;4.372730e-02;9.373493e-02;8.929981e-02;3.997771e-02;3.427253e-02;1.028327e-01;9.344780e-02;1.141547e-01
3.739768e-02;7.697456e-02;1.702172e-01;9.524073e-02;8.499091e-02;7.540246e-02;9.342089e-02;3.819345e-02;4.048084e-02;1.128065e-01;9.205473e-02;8.282003e-02
5.077997e-02;8.961637e-02;1.572383e-01;7.725675e-02;9.580977e-02;1.047349e-01;1.249370e-01;3.014752e-02;5.609259e-02;1.076228e-01;6.309429e-02;4.266977e-02
7.612469e-02;8.379023e-02;1.085147e-01;7.214424e-02;7.461983e-02;1.053907e-01;1.456651e-01;5.426466e-02;7.696222e-02;1.034325e-01;6.711157e-02;3.197954e-02
7.423856e-02;6.736340e-02;9.129435e-02;8.344889e-02;5.706993e-02;7.264896e-02;1.253150e-01;1.011305e-01;7.900811e-02;1.081346e-01;7.940892e-02;6.093884e-02
8.382569e-02;6.778218e-02;8.168181e-02;7.171462e-02;5.644921e-02;8.187364e-02;1.219779e-01;9.580141e-02;1.153371e-01;8.972207e-02;6.187295e-02;7.196141e-02
8.967558e-02;6.037877e-02;7.701500e-02;5.291454e-02;6.503092e-02;1.071447e-01;1.719010e-01;8.564036e-02;1.120986e-01;7.598340e-02;4.441660e-02;5.780055e-02
8.899238e-02;6.721247e-02;7.531127e-02;2.766966e-02;6.603067e-02;1.018129e-01;1.676320e-01;7.269131e-02;7.497038e-02;1.073101e-01;7.937161e-02;7.099533e-02
7.157438e-02;8.220974e-02;7.938723e-02;6.164991e-02;6.019384e-02;8.455435e-02;1.508287e-01;6.304283e-02;7.107885e-02;1.471442e-01;8.685004e-02;4.148585e-02
8.545618e-02;6.596044e-02;7.916284e-02;4.961719e-02;7.212279e-02;6.554359e-02;1.166120e-01;7.345738e-02;9.293135e-02;1.379213e-01;1.000565e-01;6.115849e-02
8.710276e-02;7.841563e-02;7.640946e-02;4.803630e-02;6.345110e-02;5.510308e-02;1.030619e-01;1.106236e-01;9.840231e-02;1.272817e-01;8.753904e-02;6.457313e-02
9.907401e-02;6.124273e-02;9.547974e-02;5.424669e-02;6.470317e-02;4.863043e-02;1.357533e-01;1.329889e-01;7.006874e-02;1.139843e-01;7.696466e-02;4.686332e-02
8.545129e-02;4.623935e-02;1.301688e-01;5.620945e-02;7.510573e-02;5.494260e-02;1.392682e-01;1.153071e-01;5.792128e-02;1.040515e-01;9.968404e-02;3.565063e-02
7.267636e-02;6.644326e-02;1.312092e-01;6.458271e-02;7.626032e-02;5.312698e-02;1.305144e-01;1.213393e-01;8.444531e-02;9.688098e-02;7.393502e-02;2.858616e-02
8.731326e-02;9.110855e-02;1.871870e-01;5.915992e-02;6.628884e-02;6.187971e-02;9.842157e-02;1.066538e-01;1.057192e-01;7.000300e-02;3.888212e-02;2.738314e-02
8.679753e-02;7.940138e-02;1.539666e-01;5.538737e-02;7.034334e-02;7.356326e-02;1.299606e-01;1.091907e-01;7.904109e-02;8.125832e-02;5.580424e-02;2.528565e-02
9.374306e-02;7.231139e-02;1.036298e-01;5.064006e-02;7.067816e-02;1.043187e-01;1.134533e-01;9.756145e-02;4.544182e-02;1.332499e-01;7.673012e-02;3.824216e-02
9.428660e-02;7.571426e-02;5.848707e-02;4.736349e-02;8.621795e-02;1.219348e-01;1.179275e-01;7.653277e-02;5.083650e-02;1.523577e-01;6.616713e-02;5.217423e-02
1.023504e-01;4.726294e-02;1.383280e-01;5.593490e-02;8.224040e-02;1.196831e-01;1.086729e-01;4.320893e-02;6.641293e-02;1.162499e-01;5.520556e-02;6.445005e-02
8.517144e-02;9.164532e-02;1.474326e-01;5.305253e-02;6.908598e-02;6.320416e-02;8.937353e-02;8.960234e-02;6.020600e-02;1.100042e-01;6.584997e-02;7.537200e-02
8.605283e-02;9.711301e-02;1.412988e-01;6.054229e-02;7.388894e-02;3.487600e-02;1.295760e-01;1.009792e-01;5.192392e-02;1.048356e-01;5.653099e-02;6.238243e-02
1.310907e-01;7.806750e-02;1.194985e-01;6.718475e-02;7.843208e-02;3.915612e-02;1.491437e-01;8.644009e-02;6.291045e-02;8.962964e-02;5.461286e-02;4.383359e-02
1.295935e-01;7.818745e-02;1.019954e-01;4.213900e-02;6.230276e-02;7.379463e-02;1.487384e-01;6.132415e-02;7.126255e-02;7.385831e-02;1.041279e-01;5.267585e-02
7.569080e-02;6.412639e-02;1.260384e-01;4.786094e-02;5.572959e-02;9.216135e-02;1.550449e-01;5.698125e-02;4.283061e-02;9.514840e-02;1.289743e-01;5.941310e-02
2.384820e-02;7.731231e-02;3.697153e-01;6.313528e-02;7.948843e-02;5.319462e-02;9.918008e-02;3.835676e-02;3.123726e-02;6.040117e-02;5.746816e-02;4.666239e-02
7.345656e-02;9.145693e-02;4.785071e-01;5.379839e-02;6.455784e-02;2.868120e-02;7.912876e-02;2.424461e-02;2.397814e-02;2.450162e-02;2.731752e-02;3.037129e-02
1.424670e-01;1.369377e-01;4.392436e-01;3.796815e-02;5.114166e-02;2.447739e-02;4.686416e-02;2.529487e-02;1.954139e-02;2.301360e-02;2.232081e-02;3.072971e-02
2.129259e-01;2.062558e-01;3.120840e-01;1.649631e-02;3.691879e-02;2.407381e-02;3.532207e-02;3.026762e-02;5.056710e-02;3.563907e-02;1.274750e-02;2.670201e-02
1.870642e-01;2.295128e-01;3.195832e-01;2.131511e-02;2.350054e-02;2.244909e-02;1.900858e-02;2.086769e-02;8.879568e-02;3.615708e-02;1.376818e-02;1.797789e-02
1.027804e-01;2.054190e-01;4.463471e-01;2.544444e-02;1.639563e-02;2.276869e-02;2.245951e-02;1.240013e-02;9.058309e-02;2.856890e-02;1.265762e-02;1.417550e-02
5.723275e-02;1.489484e-01;5.795380e-01;3.713179e-02;1.206620e-02;1.731062e-02;2.364394e-02;1.933529e-02;5.173042e-02;3.071998e-02;1.046334e-02;1.187920e-02
2.765636e-02;7.510362e-02;6.484029e-01;4.996669e-02;2.873477e-02;1.651292e-02;3.452215e-02;2.206024e-02;2.787603e-02;4.246706e-02;1.541079e-02;1.128652e-02
1.196105e-02;3.767474e-02;6.385441e-01;6.888931e-02;3.267181e-02;1.513132e-02;5.711421e-02;3.937550e-02;2.373478e-02;4.132084e-02;2.237164e-02;1.121061e-02
1.835224e-02;3.241518e-02;6.151490e-01;8.629529e-02;3.693393e-02;1.864112e-02;6.320936e-02;4.789696e-02;1.459745e-02;3.159941e-02;2.132906e-02;1.358097e-02
2.338062e-02;3.209325e-02;6.289420e-01;8.133562e-02;3.979101e-02;2.410529e-02;6.502546e-02;2.677883e-02;1.351273e-02;3.532434e-02;1.828313e-02;1.142771e-02
1.584095e-02;1.676708e-02;6.936744e-01;8.426753e-02;3.603748e-02;1.748263e-02;5.434889e-02;1.099536e-02;1.354050e-02;3.247884e-02;1.525896e-02;9.307337e-03
1.285084e-02;1.783111e-02;7.308080e-01;8.053724e-02;2.803053e-02;1.151656e-02;3.557741e-02;9.129812e-03;1.854504e-02;3.510692e-02;1.187571e-02;8.190817e-03
1.343942e-02;1.282504e-02;7.459036e-01;7.618605e-02;2.787679e-02;1.269694e-02;2.417927e-02;7.989917e-03;1.563826e-02;4.328271e-02;1.239723e-02;7.584714e-03
1.884895e-02;2.821939e-02;7.389553e-01;7.164951e-02;2.702019e-02;1.283375e-02;2.039807e-02;1.047901e-02;1.496790e-02;4.477722e-02;5.664360e-03;6.186365e-03
1.010656e-02;2.780225e-02;7.573938e-01;5.464939e-02;2.154884e-02;1.145558e-02;3.370989e-02;8.951354e-03;9.718288e-03;5.100101e-02;8.660004e-03;5.003052e-03
9.431128e-03;2.755841e-02;7.655472e-01;4.767019e-02;2.194789e-02;1.198555e-02;3.551657e-02;7.330748e-03;5.824273e-03;5.160103e-02;1.055890e-02;5.028124e-03
5.516498e-03;4.856733e-02;7.580934e-01;4.746720e-02;1.875509e-02;8.889329e-03;3.310655e-02;6.813287e-03;5.494758e-03;5.044019e-02;1.028782e-02;6.568572e-03
1.900968e-02;6.906439e-02;7.590749e-01;3.649017e-02;1.383452e-02;7.707539e-03;1.737051e-02;1.116503e-02;5.393920e-03;4.654894e-02;8.523170e-03;5.817228e-03
1.798840e-02;7.654005e-02;7.493297e-01;3.343967e-02;1.751284e-02;7.774019e-03;2.168786e-02;8.826896e-03;1.139981e-02;4.506475e-02;7.105649e-03;3.330325e-03
3.544014e-02;1.173921e-01;6.744426e-01;3.125536e-02;1.885623e-02;1.234568e-02;2.432693e-02;7.541735e-03;2.610068e-02;3.646942e-02;7.441559e-03;8.387592e-03
2.546961e-02;1.545176e-01;6.117781e-01;3.806482e-02;1.862577e-02;2.088421e-02;2.355065e-02;1.189586e-02;4.771225e-02;2.064440e-02;1.095984e-02;1.589688e-02
4.865683e-02;1.810595e-01;5.008186e-01;3.282483e-02;1.487271e-02;3.149573e-02;3.954842e-02;1.569404e-02;8.255442e-02;1.621317e-02;1.002503e-02;2.623674e-02
5.449945e-02;2.092790e-01;4.300836e-01;3.783319e-02;1.240859e-02;3.605357e-02;3.073743e-02;7.820264e-03;1.177390e-01;2.519866e-02;1.265202e-02;2.569529e-02
6.997398e-02;2.142534e-01;4.946173e-01;2.921068e-02;8.791849e-03;2.466934e-02;1.748748e-02;5.922578e-03;1.024181e-01;1.149858e-02;8.506930e-03;1.264981e-02
1.186940e-01;2.353064e-01;4.430546e-01;2.780670e-02;1.201657e-02;1.762847e-02;1.314481e-02;9.592665e-03;8.913974e-02;1.188981e-02;5.699894e-03;1.602620e-02
1.686953e-01;2.553644e-01;3.456019e-01;3.243629e-02;1.629120e-02;1.909678e-02;2.963800e-02;1.391061e-02;8.103513e-02;9.731658e-03;1.506202e-02;1.313661e-02
2.457241e-01;2.309735e-01;2.526681e-01;2.867361e-02;2.433584e-02;3.107967e-02;2.707195e-02;4.909666e-02;5.203985e-02;1.293352e-02;2.893160e-02;1.647152e-02
3.297922e-01;1.601871e-01;1.875477e-01;1.435891e-02;2.821341e-02;2.302574e-02;4.577361e-02;9.427378e-02;2.573918e-02;1.510140e-02;4.127289e-02;3.471411e-02
3.955398e-01;6.835215e-02;1.278202e-01;1.107113e-02;3.445331e-02;2.200499e-02;6.584951e-02;1.188301e-01;3.854891e-02;2.060124e-02;4.097249e-02;5.595618e-02
3.818965e-01;8.098699e-02;1.560134e-01;1.296949e-02;3.766127e-02;3.120958e-02;4.210854e-02;9.461056e-02;2.990766e-02;2.560868e-02;3.506317e-02;7.196414e-02
3.579226e-01;8.119761e-02;1.367495e-01;1.458062e-02;3.095899e-02;3.711556e-02;7.577141e-02;6.975567e-02;2.609664e-02;3.630059e-02;4.762210e-02;8.592877e-02
3.542542e-01;4.334698e-02;1.334117e-01;3.661861e-02;2.798030e-02;3.102947e-02;9.341259e-02;3.903705e-02;4.982582e-02;5.060413e-02;5.594542e-02;8.453369e-02
2.634676e-01;6.986268e-02;1.487535e-01;5.414073e-02;2.653880e-02;3.121058e-02;1.012607e-01;6.897720e-02;6.022142e-02;4.996881e-02;4.230458e-02;8.329353e-02
1.849258e-01;6.096270e-02;7.997051e-02;5.550150e-02;2.390175e-02;3.888233e-02;2.112092e-01;9.614648e-02;4.994018e-02;5.074898e-02;4.441700e-02;1.033935e-01
1.053958e-01;3.479154e-02;4.934385e-02;4.910238e-02;2.279061e-02;4.113255e-02;3.360837e-01;8.678574e-02;3.778743e-02;6.249102e-02;5.608745e-02;1.182079e-01
7.971724e-02;2.889813e-02;5.221692e-02;4.922818e-02;1.475961e-02;3.386733e-02;3.543471e-01;8.029990e-02;4.379998e-02;7.168307e-02;6.429541e-02;1.268871e-01
7.677571e-02;2.024142e-02;5.172760e-02;5.783149e-02;2.247097e-02;2.230040e-02;3.285639e-01;6.253660e-02;5.341494e-02;9.496502e-02;6.615424e-02;1.430177e-01
8.040708e-02;1.651729e-02;6.431714e-02;6.599633e-02;2.988104e-02;3.366197e-02;2.699201e-01;2.594073e-02;5.113580e-02;1.088567e-01;9.431309e-02;1.590527e-01
9.577359e-02;3.081533e-02;6.901864e-02;6.441309e-02;2.781260e-02;1.793423e-02;2.414648e-01;5.389242e-02;4.523482e-02;8.678079e-02;1.041375e-01;1.627222e-01
9.495533e-02;4.289002e-02;7.232833e-02;5.435273e-02;2.202611e-02;4.899848e-02;2.385570e-01;4.312867e-02;5.265160e-02;6.514607e-02;1.142483e-01;1.507173e-01
4.246961e-02;4.777401e-02;9.492975e-02;5.313318e-02;3.356938e-02;7.393467e-02;2.355194e-01;3.536793e-02;5.572118e-02;7.898904e-02;1.128395e-01;1.357523e-01
8.614305e-02;5.625510e-02;7.345270e-02;4.694911e-02;4.535488e-02;7.114352e-02;2.424705e-01;3.323665e-02;4.967212e-02;9.009156e-02;9.642567e-02;1.088052e-01
7.292047e-02;5.405769e-02;8.754431e-02;8.056241e-02;4.709822e-02;5.335461e-02;2.761675e-01;3.948777e-02;4.171298e-02;8.336870e-02;6.920505e-02;9.452029e-02
9.857535e-02;6.304921e-02;6.078849e-02;8.590911e-02;4.940685e-02;4.854205e-02;2.747659e-01;7.241146e-02;5.566840e-02;5.370232e-02;5.379355e-02;8.338730e-02
1.471492e-01;8.576209e-02;1.155870e-01;4.104508e-02;6.558163e-02;6.477103e-02;1.860889e-01;7.644027e-02;6.929990e-02;5.952062e-02;4.687285e-02;4.188141e-02
1.689820e-01;1.153400e-01;2.117756e-01;3.406081e-02;7.409544e-02;5.905237e-02;1.173323e-01;5.890986e-02;4.817360e-02;6.515844e-02;2.779893e-02;1.932067e-02
2.052562e-01;1.420137e-01;2.223471e-01;4.561128e-02;7.717515e-02;3.807931e-02;8.167009e-02;4.296019e-02;3.220113e-02;5.259985e-02;3.268230e-02;2.740376e-02
2.594589e-01;1.567421e-01;1.945924e-01;3.466219e-02;7.376959e-02;4.274941e-02;6.083070e-02;5.133651e-02;3.430818e-02;3.232904e-02;3.421453e-02;2.500640e-02
3.139862e-01;1.417429e-01;1.402909e-01;3.603248e-02;6.911359e-02;2.846229e-02;1.015912e-01;5.258959e-02;2.334182e-02;2.855701e-02;3.214373e-02;3.214836e-02
3.683939e-01;1.231586e-01;9.813406e-02;3.743760e-02;7.322612e-02;2.527551e-02;9.602139e-02;6.100790e-02;2.520961e-02;2.258063e-02;2.528200e-02;4.427267e-02
3.771088e-01;8.083825e-02;1.202043e-01;3.649581e-02;6.808395e-02;2.935515e-02;1.179193e-01;5.587923e-02;1.554544e-02;1.862220e-02;2.094714e-02;5.900041e-02
3.543227e-01;5.452729e-02;1.177699e-01;4.254305e-02;5.271348e-02;3.102633e-02;1.651649e-01;4.485283e-02;1.422690e-02;1.809977e-02;2.769533e-02;7.705746e-02
3.030713e-01;6.764653e-02;4.885560e-02;4.847262e-02;4.834927e-02;3.857215e-02;2.169419e-01;2.951825e-02;1.290502e-02;3.849708e-02;4.577542e-02;1.013949e-01
1.560214e-01;5.738430e-02;7.237844e-02;5.704572e-02;2.941264e-02;3.812542e-02;2.751850e-01;2.572651e-02;3.308692e-02;5.650353e-02;7.372836e-02;1.254017e-01
1.098363e-01;3.951029e-02;1.370445e-01;5.215859e-02;2.599088e-02;3.010493e-02;2.644496e-01;4.325933e-02;4.939204e-02;4.789882e-02;7.760859e-02;1.227461e-01
1.711041e-01;2.144044e-02;1.311935e-01;4.457031e-02;1.799385e-02;2.322762e-02;2.673425e-01;2.272735e-02;3.479704e-02;5.926714e-02;8.331646e-02;1.230197e-01
1.951174e-01;2.796697e-02;1.166866e-01;4.090328e-02;3.396202e-02;3.126599e-02;2.453712e-01;4.624470e-02;2.636200e-02;6.440857e-02;7.009640e-02;1.016149e-01
2.803880e-01;6.547467e-02;1.087385e-01;3.648869e-02;3.601510e-02;2.314576e-02;2.097504e-01;4.820415e-02;2.944140e-02;3.739065e-02;4.499759e-02;7.996517e-02
3.238374e-01;8.794373e-02;1.355955e-01;2.739416e-02;3.625973e-02;2.202347e-02;1.916035e-01;4.679337e-02;2.074100e-02;2.054689e-02;3.033536e-02;5.692585e-02
3.370577e-01;9.965652e-02;1.907386e-01;1.548432e-02;3.786279e-02;2.424452e-02;1.417369e-01;4.997249e-02;1.893468e-02;1.913198e-02;2.366340e-02;4.151612e-02
3.495790e-01;1.037991e-01;1.801048e-01;2.349934e-02;3.620470e-02;1.956573e-02;1.379937e-01;4.836315e-02;2.076642e-02;1.450089e-02;2.188271e-02;4.374051e-02
3.598413e-01;8.613805e-02;1.293529e-01;2.553840e-02;3.782089e-02;1.514399e-02;1.572298e-01;4.553405e-02;2.117911e-02;2.680633e-02;3.101163e-02;6.440347e-02
3.239422e-01;5.185015e-02;9.449424e-02;3.544664e-02;4.299725e-02;2.575431e-02;2.013525e-01;4.071735e-02;2.075878e-02;4.123729e-02;4.401769e-02;7.743167e-02
2.391571e-01;6.647807e-02;9.343485e-02;4.647113e-02;4.780991e-02;3.531916e-02;2.438285e-01;3.614362e-02;1.999938e-02;4.277413e-02;4.699385e-02;8.159035e-02
6.637308e-02;8.888368e-02;5.192069e-02;5.789852e-02;4.705733e-02;3.470281e-02;3.059288e-01;3.638188e-02;4.333811e-02;7.962965e-02;8.213161e-02;1.057538e-01
1.411670e-01;7.694653e-02;1.229601e-01;5.498546e-02;4.478638e-02;3.695088e-02;2.484644e-01;3.553140e-02;2.777192e-02;6.393071e-02;6.137240e-02;8.513294e-02
7.862943e-02;5.512527e-02;1.757683e-01;6.756423e-02;3.282692e-02;3.860584e-02;2.715207e-01;1.600828e-02;3.894871e-02;6.779375e-02;7.678462e-02;8.042392e-02
1.053539e-01;3.126247e-02;1.295767e-01;7.524100e-02;4.146641e-02;2.487106e-02;3.296788e-01;2.530961e-02;4.103167e-02;6.509808e-02;5.849246e-02;7.261781e-02
1.446038e-01;2.780336e-02;7.544617e-02;7.723581e-02;4.197993e-02;3.533319e-02;3.488706e-01;3.587938e-02;2.752633e-02;5.189881e-02;5.693731e-02;7.648518e-02
1.954992e-01;4.306719e-02;1.035657e-01;8.213669e-02;3.400866e-02;2.814543e-02;3.047288e-01;2.167936e-02;2.312133e-02;3.786836e-02;4.808925e-02;7.809004e-02
2.242947e-01;6.847126e-02;1.051768e-01;8.736315e-02;5.112953e-02;2.935203e-02;2.399557e-01;3.063195e-02;3.786955e-02;3.336187e-02;3.357160e-02;5.882193e-02
1.886064e-01;6.361718e-02;8.106968e-02;1.024214e-01;9.739634e-02;3.779890e-02;2.282837e-01;4.607566e-02;4.113315e-02;3.959693e-02;2.553636e-02;4.846440e-02
1.089693e-01;3.309259e-02;1.084286e-01;1.299487e-01;1.106834e-01;4.404860e-02;2.467777e-01;6.269640e-02;2.566962e-02;5.070135e-02;2.994964e-02;4.903409e-02
5.495965e-02;3.132441e-02;9.501153e-02;1.250219e-01;9.023256e-02;3.950599e-02;2.767214e-01;9.916781e-02;2.373285e-02;5.430200e-02;4.053895e-02;6.948090e-02
5.343087e-02;4.047007e-02;9.921966e-02;9.466691e-02;6.195873e-02;3.405568e-02;2.952632e-01;1.067418e-01;1.583111e-02;4.227745e-02;5.225777e-02;1.038267e-01
6.808362e-02;5.631050e-02;1.054138e-01;8.608168e-02;3.681076e-02;5.367822e-02;2.902444e-01;7.526468e-02;1.767205e-02;4.576532e-02;5.219196e-02;1.124830e-01
7.172546e-02;7.508977e-02;1.085254e-01;9.223263e-02;4.464300e-02;8.779648e-02;2.474537e-01;3.330091e-02;4.706975e-02;5.407025e-02;5.425088e-02;8.384170e-02
8.826444e-02;7.440009e-02;6.468219e-02;8.481987e-02;4.390472e-02;1.123838e-01;2.144966e-01;3.482429e-02;7.035217e-02;6.600780e-02;7.164375e-02;7.422020e-02
1.078398e-01;5.927261e-02;1.041543e-01;9.382254e-02;8.197802e-02;1.050185e-01;1.644840e-01;4.908989e-02;5.623541e-02;5.731239e-02;7.857063e-02;4.222200e-02
1.297365e-01;3.431112e-02;8.817541e-02;9.045985e-02;1.075476e-01;7.099951e-02;1.585509e-01;6.076227e-02;5.888103e-02;6.863736e-02;7.454228e-02;5.739626e-02
1.209943e-01;3.739661e-02;9.914354e-02;7.013655e-02;1.017950e-01;4.070264e-02;1.841156e-01;7.936329e-02;6.746449e-02;6.865945e-02;8.338514e-02;4.684345e-02
6.990547e-02;5.259383e-02;8.499589e-02;6.076154e-02;6.560075e-02;7.596062e-02;1.888996e-01;8.538670e-02;9.025238e-02;8.080783e-02;7.942578e-02;6.540965e-02
6.870368e-02;5.811553e-02;9.102751e-02;6.743091e-02;6.011212e-02;1.133978e-01;1.743150e-01;5.622533e-02;8.587391e-02;7.403547e-02;9.137202e-02;5.939073e-02
7.901769e-02;7.992680e-02;6.679308e-02;7.529865e-02;8.429342e-02;1.197332e-01;1.535437e-01;4.619820e-02;7.884642e-02;9.003877e-02;8.808692e-02;3.822319e-02
1.054191e-01;8.683003e-02;8.722731e-02;6.816771e-02;1.122836e-01;7.456559e-02;1.198140e-01;7.005456e-02;8.581691e-02;7.328485e-02;7.369682e-02;4.283961e-02
1.430608e-01;6.717359e-02;1.331680e-01;5.826161e-02;9.427652e-02;7.571725e-02;1.008099e-01;9.518136e-02;7.804404e-02;3.626835e-02;7.196137e-02;4.607721e-02
1.386621e-01;6.522227e-02;1.705796e-01;4.785459e-02;9.053683e-02;9.760013e-02;5.542462e-02;8.587761e-02;7.154597e-02;6.466586e-02;6.798737e-02;4.404300e-02
1.236891e-01;7.191862e-02;1.883876e-01;3.578406e-02;7.549766e-02;7.672798e-02;7.431518e-02;8.426886e-02;6.450947e-02;6.895778e-02;8.244474e-02;5.349895e-02
1.452515e-01;7.134321e-02;1.860454e-01;5.084942e-02;4.608079e-02;4.973897e-02;1.103531e-01;8.364847e-02;5.020449e-02;3.994374e-02;9.336955e-02;7.317131e-02
1.590763e-01;6.141292e-02;1.623595e-01;7.603043e-02;6.290777e-02;5.584549e-02;8.253541e-02;8.823866e-02;5.660091e-02;6.354747e-02;6.777118e-02;6.367391e-02
1.736918e-01;5.179062e-02;1.569654e-01;1.083095e-01;5.003233e-02;6.437358e-02;6.752475e-02;9.505200e-02;6.203388e-02;6.296445e-02;3.966539e-02;6.759637e-02
