1.266839e-01;1.074952e-01;3.759355e-02;3.143336e-02;3.108011e-02;9.633067e-02;2.572372e-01;1.461370e-01;2.058197e-02;2.703473e-02;9.573624e-02;2.265606e-02
1.812691e-01;1.380040e-01;3.058697e-02;3.081889e-02;3.088183e-02;9.470516e-02;2.473356e-01;1.092220e-01;1.103643e-02;2.017146e-02;8.915671e-02;1.681188e-02
1.630727e-01;1.289143e-01;2.254038e-02;2.145530e-02;3.173300e-02;8.926843e-02;3.252309e-01;1.274972e-01;1.385176e-02;1.461138e-02;4.513077e-02;1.669378e-02
1.461279e-01;8.172631e-02;1.588319e-02;1.953922e-02;3.043924e-02;1.107082e-01;4.041499e-01;1.154084e-01;1.891090e-02;1.635285e-02;2.930807e-02;1.144585e-02
1.347482e-01;3.715178e-02;1.033986e-02;1.849649e-02;3.095384e-02;1.382296e-01;4.357148e-01;9.660289e-02;2.133753e-02;3.089373e-02;3.883882e-02;6.692437e-03
1.172469e-01;2.672361e-02;8.131471e-03;2.473066e-02;3.172537e-02;1.594067e-01;4.300944e-01;9.712312e-02;2.433006e-02;3.984975e-02;3.659460e-02;4.043376e-03
1.027208e-01;3.260697e-02;1.381674e-02;2.389927e-02;3.249485e-02;1.684659e-01;4.186744e-01;9.949002e-02;2.787726e-02;3.817069e-02;3.667840e-02;5.104687e-03
9.560417e-02;3.471378e-02;1.323166e-02;2.097620e-02;2.729844e-02;1.566593e-01;4.349935e-01;1.138200e-01;2.006262e-02;3.757504e-02;3.699353e-02;8.071695e-03
1.232990e-01;7.907547e-02;1.185973e-02;1.238417e-02;1.490350e-02;1.064617e-01;3.901006e-01;1.654775e-01;1.655472e-02;2.930314e-02;4.614462e-02;4.435827e-03
1.840891e-01;1.163866e-01;1.145678e-02;6.970288e-03;1.585781e-02;9.143308e-02;3.365166e-01;1.267066e-01;1.728989e-02;2.540373e-02;6.414659e-02;3.743022e-03
2.455328e-01;1.126639e-01;7.018219e-03;1.864334e-02;1.895609e-02;9.800801e-02;3.208757e-01;6.954636e-02;1.370002e-02;3.087075e-02;5.813528e-02;6.049408e-03
2.572766e-01;1.046081e-01;4.728717e-03;2.617253e-02;1.797860e-02;9.134812e-02;3.209405e-01;7.673735e-02;1.059213e-02;3.484118e-02;4.804882e-02;6.727299e-03
2.592615e-01;1.105492e-01;3.677434e-03;2.899595e-02;1.498372e-02;8.941273e-02;3.125062e-01;8.634141e-02;9.700138e-03;4.017534e-02;3.831104e-02;6.085432e-03
2.699683e-01;1.091333e-01;4.058889e-03;3.045685e-02;1.647071e-02;8.726276e-02;3.173932e-01;7.336240e-02;5.601908e-03;3.836186e-02;4.054395e-02;7.386017e-03
2.852145e-01;9.586981e-02;3.660577e-03;3.190245e-02;1.685104e-02;8.761140e-02;3.243937e-01;8.262172e-02;6.119054e-03;3.488014e-02;2.125067e-02;9.624939e-03
3.019394e-01;9.188437e-02;4.825866e-03;2.820305e-02;1.732568e-02;8.786222e-02;3.124294e-01;9.073567e-02;4.515230e-03;2.833881e-02;1.915758e-02;1.278268e-02
2.926218e-01;9.423724e-02;8.409599e-03;2.954855e-02;1.951152e-02;9.867629e-02;3.078666e-01;5.200619e-02;6.945248e-03;2.613078e-02;5.065750e-02;1.338865e-02
1.689930e-01;4.352558e-02;9.026335e-03;1.952462e-02;1.839990e-02;9.027009e-02;4.041012e-01;1.490877e-01;1.116159e-02;1.696750e-02;6.082076e-02;8.121710e-03
8.900230e-02;4.989456e-02;6.567555e-03;8.533545e-03;1.485667e-02;7.707735e-02;4.770031e-01;2.200674e-01;1.415421e-02;9.487891e-03;3.013642e-02;3.219000e-03
4.753768e-02;6.779347e-02;4.756017e-03;2.392015e-03;1.487356e-02;6.553327e-02;5.078850e-01;2.502995e-01;1.333784e-02;6.188270e-03;1.733111e-02;2.072220e-03
9.312980e-03;6.879079e-02;4.230325e-03;3.944835e-03;2.208661e-02;5.829670e-02;5.246198e-01;2.818034e-01;1.083444e-02;3.734787e-03;1.171551e-02;6.298349e-04
1.123516e-02;6.077659e-02;5.046268e-03;3.312801e-03;3.053772e-02;5.395127e-02;5.029087e-01;3.039407e-01;9.022131e-03;2.785429e-03;1.475719e-02;1.726092e-03
2.265432e-02;5.335711e-02;5.253637e-03;5.720508e-03;3.679313e-02;4.880376e-02;4.349447e-01;3.425271e-01;7.737643e-03;6.017017e-03;3.083570e-02;5.355416e-03
2.313816e-02;5.745464e-02;1.682518e-02;1.003583e-02;3.310131e-02;3.529102e-02;3.025084e-01;3.898843e-01;1.515778e-02;1.603875e-02;8.309168e-02;1.747299e-02
5.802808e-02;1.251644e-01;3.168755e-02;1.251400e-02;1.488510e-02;2.145329e-02;2.302753e-01;3.643661e-01;1.559094e-02;1.717603e-02;8.743291e-02;2.142631e-02
4.429691e-02;1.383416e-01;4.186306e-02;1.087026e-02;7.555891e-03;2.453325e-02;2.742890e-01;3.706638e-01;1.451028e-02;1.036914e-02;4.035630e-02;2.235048e-02
1.559660e-02;1.080282e-01;5.311297e-02;1.375220e-02;9.547366e-03;2.381497e-02;2.827963e-01;4.268112e-01;1.466665e-02;9.472913e-03;1.527344e-02;2.712719e-02
1.261263e-02;7.913605e-02;6.333579e-02;2.094636e-02;1.353943e-02;1.977694e-02;2.455110e-01;4.626657e-01;1.825073e-02;1.319633e-02;1.786237e-02;3.316668e-02
1.281861e-02;5.070912e-02;6.699818e-02;2.973098e-02;2.735366e-02;1.403634e-02;2.101541e-01;4.898719e-01;3.481024e-02;1.546926e-02;1.568405e-02;3.236350e-02
2.408437e-02;4.008533e-02;5.754335e-02;4.187830e-02;2.853256e-02;1.973361e-02;1.948093e-01;4.556345e-01;5.904130e-02;2.886194e-02;2.199633e-02;2.779909e-02
4.672764e-02;2.793516e-02;4.522057e-02;5.611943e-02;2.245644e-02;1.321874e-02;1.545083e-01;4.179748e-01;9.866486e-02;6.336645e-02;3.308801e-02;2.071958e-02
4.819609e-02;2.135662e-02;2.430818e-02;5.195571e-02;1.697229e-02;9.289857e-03;1.709959e-01;3.914606e-01;1.152912e-01;8.997025e-02;4.783387e-02;1.236947e-02
4.738659e-02;1.416292e-02;1.726633e-02;4.608325e-02;1.515557e-02;8.385568e-03;1.777527e-01;4.298760e-01;1.104321e-01;9.148880e-02;3.177867e-02;1.023156e-02
4.445004e-02;2.640176e-02;1.450635e-02;3.040694e-02;1.424886e-02;2.158043e-02;2.377082e-01;3.468603e-01;6.432859e-02;5.948673e-02;1.328610e-01;7.160726e-03
4.344996e-02;4.530288e-02;1.448048e-02;2.439434e-02;1.288664e-02;3.468263e-02;3.030176e-01;2.523764e-01;3.369787e-02;4.181964e-02;1.853215e-01;8.570003e-03
6.172149e-02;6.332506e-02;1.308235e-02;1.912757e-02;1.655747e-02;4.535179e-02;3.155632e-01;2.116309e-01;1.479747e-02;2.915172e-02;1.905918e-01;1.909920e-02
1.201493e-01;1.228015e-01;2.810116e-02;2.082834e-02;3.151757e-02;5.683613e-02;1.995334e-01;2.285677e-01;3.286733e-02;3.192793e-02;8.312496e-02;4.374481e-02
1.377763e-01;1.036508e-01;4.301633e-02;4.559285e-02;3.424489e-02;6.602170e-02;2.036503e-01;1.148255e-01;4.880059e-02;6.461376e-02;1.039572e-01;3.384988e-02
1.018215e-01;4.077900e-02;3.202011e-02;4.770257e-02;2.162514e-02;3.541625e-02;2.772685e-01;2.535322e-01;2.121059e-02;4.055911e-02;8.356875e-02;4.449626e-02
1.193456e-01;8.126126e-02;4.582254e-02;5.532099e-02;3.166683e-02;6.518431e-02;2.250757e-01;1.702834e-01;3.875277e-02;5.602164e-02;7.447120e-02;3.679377e-02
1.440479e-01;1.259909e-01;5.237999e-02;5.171901e-02;4.197899e-02;8.199879e-02;1.830293e-01;7.448822e-02;6.408101e-02;6.270023e-02;9.815741e-02;1.942823e-02
1.400330e-01;1.226754e-01;4.268913e-02;4.496483e-02;3.696984e-02;7.244657e-02;1.761925e-01;9.113886e-02;7.498319e-02;7.424044e-02;9.022341e-02;3.344290e-02
1.229836e-01;8.317639e-02;4.955204e-02;5.220115e-02;3.270210e-02;5.618076e-02;1.790259e-01;1.238988e-01;4.579758e-02;1.267937e-01;6.725185e-02;6.043607e-02
1.311965e-01;5.860421e-02;4.480904e-02;2.672227e-02;3.923335e-02;5.730854e-02;1.719776e-01;1.373023e-01;5.418487e-02;1.276355e-01;8.457936e-02;6.644651e-02
8.956833e-02;1.031771e-01;3.920121e-02;4.204723e-02;4.290766e-02;4.526632e-02;1.816806e-01;8.844407e-02;5.130002e-02;7.365764e-02;1.691085e-01;7.364146e-02
7.315343e-02;1.021653e-01;3.473439e-02;2.034537e-02;3.985123e-02;4.988611e-02;2.537127e-01;1.308463e-01;3.982406e-02;3.289074e-02;1.633009e-01;5.928944e-02
1.413304e-01;8.120864e-02;2.725488e-02;2.747918e-02;3.393376e-02;4.748689e-02;2.620434e-01;1.506308e-01;2.513163e-02;3.674733e-02;1.380671e-01;2.868603e-02
1.426497e-01;9.742638e-02;1.824980e-02;1.555255e-02;2.483919e-02;4.234426e-02;3.368140e-01;1.666266e-01;2.161013e-02;3.108500e-02;8.863984e-02;1.416252e-02
1.203780e-01;7.565165e-02;1.782911e-02;1.417293e-02;2.289487e-02;6.294709e-02;3.773158e-01;1.583687e-01;2.202446e-02;2.024822e-02;9.015457e-02;1.801471e-02
1.167434e-01;6.705175e-02;9.509249e-03;1.343189e-02;1.948490e-02;6.101493e-02;3.639279e-01;2.126220e-01;1.599643e-02;1.561147e-02;8.745503e-02;1.715115e-02
1.540421e-01;9.276868e-02;7.000192e-03;8.741261e-03;1.280693e-02;6.084744e-02;3.556803e-01;2.117299e-01;8.054118e-03;1.291907e-02;6.620105e-02;9.208879e-03
1.957904e-01;1.500281e-01;5.404001e-03;6.661976e-03;1.181180e-02;6.989101e-02;3.387482e-01;1.621168e-01;4.886715e-03;1.340305e-02;3.579257e-02;5.465358e-03
2.691284e-01;2.076825e-01;5.417906e-03;8.634856e-03;1.124336e-02;6.942013e-02;2.900083e-01;9.702171e-02;3.931249e-03;1.425565e-02;1.920570e-02;4.050300e-03
3.358855e-01;2.261498e-01;5.871108e-03;9.925447e-03;1.130186e-02;6.560985e-02;2.413091e-01;6.827489e-02;3.780350e-03;1.494776e-02;1.282228e-02;4.122012e-03
3.462523e-01;1.984241e-01;5.786639e-03;9.274236e-03;1.158952e-02;6.132130e-02;2.157516e-01;7.747468e-02;6.572425e-03;1.423621e-02;4.753011e-02;5.786885e-03
3.083842e-01;1.636389e-01;9.302671e-03;1.351674e-02;1.354823e-02;5.866283e-02;2.067922e-01;9.372324e-02;9.482304e-03;1.277841e-02;1.033267e-01;6.843464e-03
2.660852e-01;1.473441e-01;2.015106e-02;1.617596e-02;2.048337e-02;4.693532e-02;2.045232e-01;1.163698e-01;1.311460e-02;1.038847e-02;1.345458e-01;3.883234e-03
3.274964e-01;7.562447e-02;2.945092e-02;1.186799e-02;1.575725e-02;1.872948e-02;2.068843e-01;1.257679e-01;9.195848e-03;1.415512e-02;1.569993e-01;8.071025e-03
3.739959e-01;1.675089e-01;3.111251e-02;1.719094e-02;1.204296e-02;3.641544e-02;1.786323e-01;6.621126e-02;3.690052e-03;1.311201e-02;9.049683e-02;9.590896e-03
2.446745e-01;1.776224e-01;3.230523e-02;2.015189e-02;2.382486e-02;7.048323e-02;2.393321e-01;7.343833e-02;5.077053e-03;1.454195e-02;8.800516e-02;1.054332e-02
1.746301e-01;1.261535e-01;2.114221e-02;1.262758e-02;1.786892e-02;7.622757e-02;2.804069e-01;1.164003e-01;6.788987e-03;1.565593e-02;1.408602e-01;1.123780e-02
1.761432e-01;8.053682e-02;2.202075e-02;1.300302e-02;1.815612e-02;7.964869e-02;2.946732e-01;1.367816e-01;8.428189e-03;1.600889e-02;1.389480e-01;1.565150e-02
1.319024e-01;1.217266e-01;2.943855e-02;1.561308e-02;2.048777e-02;8.601575e-02;2.867608e-01;1.237888e-01;1.266714e-02;2.281106e-02;1.281133e-01;2.067474e-02
1.800629e-01;1.415171e-01;3.497684e-02;3.437563e-02;1.842281e-02;6.341423e-02;2.463575e-01;8.044937e-02;1.306326e-02;3.643848e-02;1.182310e-01;3.269091e-02
1.470611e-01;1.224154e-01;3.671950e-02;3.770192e-02;2.415837e-02;4.826069e-02;1.982113e-01;1.188143e-01;2.732817e-02;4.417932e-02;1.691742e-01;2.597577e-02
1.020297e-01;1.066854e-01;5.137366e-02;5.239401e-02;3.568944e-02;6.474023e-02;2.082791e-01;1.367818e-01;2.523639e-02;3.667433e-02;1.412129e-01;3.890299e-02
1.112211e-01;1.122434e-01;5.574617e-02;5.770993e-02;4.194512e-02;6.488663e-02;1.867057e-01;1.365542e-01;2.306476e-02;4.483837e-02;1.276192e-01;3.746546e-02
1.132378e-01;1.072116e-01;5.301344e-02;6.055343e-02;4.661805e-02;6.109587e-02;1.847175e-01;1.373459e-01;2.551420e-02;4.797906e-02;1.314144e-01;3.129883e-02
1.389820e-01;6.698523e-02;4.608021e-02;3.779437e-02;3.406523e-02;7.679345e-02;1.481497e-01;1.741256e-01;3.859998e-02;5.322724e-02;1.733456e-01;1.185145e-02
9.774443e-02;8.287401e-02;2.547826e-02;1.681002e-02;8.897590e-03;4.308937e-02;2.459617e-01;2.483816e-01;2.532346e-02;3.012011e-02;1.189867e-01;5.633274e-02
4.293792e-02;7.100782e-02;2.851333e-02;1.648809e-02;8.304949e-03;2.372583e-02;2.602825e-01;3.721391e-01;2.060723e-02;2.206665e-02;5.505492e-02;7.887169e-02
3.941612e-02;5.042756e-02;3.027427e-02;1.904031e-02;6.162437e-03;1.009848e-02;2.243897e-01;4.660192e-01;2.744128e-02;1.566327e-02;2.978173e-02;8.128565e-02
5.317439e-02;2.231074e-02;3.406027e-02;3.291024e-02;6.933941e-03;1.518725e-02;2.046208e-01;4.817266e-01;3.974139e-02;1.757538e-02;4.362724e-02;4.813177e-02
8.099970e-02;8.449757e-03;3.287715e-02;5.874680e-02;9.017950e-03;2.070818e-02;1.892403e-01;4.952039e-01;5.731263e-02;2.177025e-02;1.434936e-02;1.132407e-02
8.435117e-02;8.522397e-03;2.411428e-02;9.533022e-02;1.360388e-02;1.111760e-02;1.498203e-01;4.460293e-01;8.084489e-02;2.886521e-02;4.932683e-02;8.073897e-03
8.915999e-02;1.594504e-02;2.415148e-02;1.454719e-01;3.316599e-02;6.988439e-03;1.264371e-01;3.958835e-01;8.764967e-02;3.270512e-02;3.726636e-02;5.175457e-03
7.863031e-02;1.252477e-02;2.529331e-02;1.703961e-01;5.608948e-02;9.711764e-03;1.327931e-01;3.364585e-01;7.752027e-02;3.041372e-02;6.912028e-02;1.048446e-03
6.347988e-02;2.323176e-02;3.212870e-02;1.558932e-01;5.206103e-02;1.456384e-02;1.811687e-01;3.374866e-01;7.682468e-02;2.590812e-02;3.292561e-02;4.327946e-03
5.183451e-02;1.076538e-02;4.136138e-02;1.051846e-01;3.150907e-02;1.569790e-02;2.186009e-01;3.646735e-01;9.063391e-02;2.338377e-02;4.037957e-02;5.975431e-03
4.526149e-02;2.843854e-02;5.305398e-02;6.636710e-02;2.618970e-02;1.810631e-02;2.066873e-01;3.876112e-01;1.028089e-01;2.203562e-02;3.640684e-02;7.032949e-03
2.191625e-02;5.359990e-02;6.730916e-02;6.267561e-02;2.760399e-02;3.500588e-02;1.802178e-01;4.027723e-01;7.690486e-02;1.489779e-02;3.829451e-02;1.880193e-02
2.162607e-02;6.130440e-02;7.299796e-02;4.127363e-02;1.927369e-02;6.772864e-02;1.941015e-01;4.218528e-01;3.492410e-02;1.109783e-02;2.711470e-02;2.670475e-02
2.107399e-02;9.217142e-02;7.141337e-02;2.767287e-02;1.062706e-02;8.023683e-02;2.154848e-01;3.998302e-01;1.988883e-02;1.615811e-02;1.450548e-02;3.093699e-02
2.622978e-02;1.101797e-01;6.916424e-02;1.571134e-02;4.719967e-03;5.508050e-02;2.493507e-01;3.976169e-01;1.427647e-02;1.770176e-02;1.408342e-02;2.588523e-02
1.793135e-02;1.334943e-01;6.205363e-02;1.015663e-02;4.841552e-03;2.676744e-02;2.965600e-01;3.867063e-01;1.265908e-02;1.370978e-02;1.756143e-02;1.755858e-02
3.379892e-02;1.589469e-01;4.146841e-02;1.111709e-02;1.102575e-02;3.216382e-02;3.405547e-01;3.221469e-01;9.950488e-03;8.534556e-03;2.185227e-02;8.440249e-03
5.908612e-02;1.569301e-01;2.154191e-02;1.079348e-02;1.154556e-02;5.252401e-02;3.850262e-01;2.531828e-01;1.320967e-02;9.410415e-03;2.395029e-02;2.799493e-03
9.550305e-02;1.305438e-01;2.184105e-02;1.577004e-02;1.241929e-02;7.533152e-02;3.971536e-01;1.913057e-01;1.700304e-02;1.091736e-02;2.674248e-02;5.468998e-03
1.409102e-01;1.084636e-01;3.620599e-02;2.594090e-02;1.970777e-02;1.090961e-01;3.767127e-01;1.388091e-01;1.881154e-02;9.325375e-03;1.037957e-02;5.637142e-03
1.434137e-01;7.506058e-02;4.497755e-02;2.726226e-02;3.000045e-02;1.314511e-01;3.438222e-01;9.394526e-02;2.089745e-02;1.315521e-02;6.625708e-02;9.757165e-03
1.344843e-01;5.994374e-02;4.623533e-02;2.905248e-02;4.065087e-02;1.237150e-01;3.580265e-01;5.648313e-02;2.588519e-02;2.150558e-02;8.559111e-02;1.842675e-02
9.573922e-02;4.906442e-02;4.673906e-02;2.437916e-02;4.038826e-02;8.982795e-02;3.533497e-01;1.946240e-01;2.754254e-02;2.741932e-02;3.006615e-02;2.086017e-02
7.805612e-02;7.554547e-02;5.222193e-02;2.396423e-02;3.201180e-02;6.703003e-02;2.600568e-01;2.181778e-01;1.888058e-02;1.954301e-02;1.305762e-01;2.393614e-02
8.275215e-02;7.406329e-02;4.339845e-02;1.982795e-02;2.646372e-02;7.569645e-02;3.051382e-01;1.959182e-01;1.486805e-02;1.322965e-02;1.307067e-01;1.793711e-02
8.696423e-02;7.840046e-02;5.282688e-02;1.953499e-02;2.157328e-02;7.500842e-02;2.992272e-01;1.422200e-01;1.579642e-02;2.848242e-02;1.583817e-01;2.158407e-02
6.016760e-02;8.945774e-02;6.140561e-02;2.781146e-02;2.813765e-02;5.765008e-02;2.645356e-01;8.620413e-02;2.828226e-02;3.414364e-02;2.385103e-01;2.369393e-02
7.950030e-02;5.046681e-02;3.708123e-02;3.208337e-02;3.165610e-02;2.329423e-02;2.862810e-01;1.871741e-01;5.918837e-02;2.400359e-02;1.608795e-01;2.839133e-02
1.479407e-01;5.699976e-02;3.340413e-02;2.871437e-02;2.590831e-02;8.107009e-02;3.189332e-01;1.180852e-01;4.705080e-02;1.477945e-02;9.563205e-02;3.148198e-02
2.089438e-01;7.923938e-02;3.317563e-02;1.886090e-02;2.573832e-02;1.041565e-01;3.001303e-01;5.698619e-02;2.477038e-02;1.240253e-02;1.198664e-01;1.572966e-02
2.137622e-01;8.204173e-02;1.906485e-02;1.202054e-02;2.239780e-02;9.557661e-02;3.080188e-01;1.215482e-01;1.448189e-02;9.854540e-03;9.528233e-02;5.950585e-03
2.782105e-01;9.651460e-02;1.146498e-02;6.081811e-03;1.974009e-02;9.724987e-02;2.870483e-01;1.096757e-01;1.813803e-02;1.204801e-02;6.003411e-02;3.793954e-03
3.833253e-01;9.709379e-02;1.727261e-02;8.535963e-03;2.030518e-02;1.061789e-01;2.466956e-01;6.397177e-02;2.395116e-02;1.407474e-02;1.106207e-02;7.532981e-03
3.752553e-01;6.834474e-02;1.622342e-02;7.549563e-03;1.959248e-02;1.073578e-01;2.307317e-01;5.955309e-02;3.303480e-02;1.492299e-02;6.010012e-02;7.333992e-03
2.840254e-01;6.151100e-02;8.310599e-03;7.542906e-03;2.090067e-02;1.174144e-01;2.712935e-01;8.348975e-02;4.223311e-02;1.818054e-02;7.857433e-02;6.523762e-03
1.592025e-01;9.219214e-02;1.941942e-02;1.078977e-02;2.289576e-02;1.090134e-01;2.929338e-01;1.069959e-01;3.832929e-02;2.119902e-02;1.196886e-01;7.340432e-03
1.425088e-01;9.275280e-02;2.493519e-02;1.414851e-02;2.625604e-02;7.665271e-02;2.919984e-01;1.296092e-01;2.681090e-02;2.201980e-02;1.402012e-01;1.210644e-02
1.993877e-01;6.113238e-02;1.821399e-02;1.570949e-02;2.765654e-02;3.651511e-02;2.896892e-01;1.824779e-01;2.167430e-02;2.993319e-02;1.006656e-01;1.694464e-02
1.553305e-01;6.694601e-02;2.656994e-02;1.812075e-02;2.948032e-02;8.898374e-02;2.681371e-01;1.751771e-01;3.317760e-02;2.985585e-02;8.761483e-02;2.060624e-02
8.575449e-02;6.358658e-02;2.715465e-02;2.355020e-02;2.377252e-02;9.046933e-02;3.432372e-01;2.210009e-01;2.472118e-02;2.472045e-02;5.772343e-02;1.430906e-02
1.021453e-01;8.318254e-02;2.098862e-02;1.677395e-02;1.352350e-02;6.800734e-02;3.813839e-01;2.453651e-01;1.174381e-02;1.300064e-02;3.675478e-02;7.130558e-03
9.707651e-02;8.354677e-02;1.919060e-02;1.386448e-02;1.115310e-02;6.759382e-02;4.142065e-01;2.325942e-01;9.773071e-03;1.031192e-02;3.748134e-02;3.207683e-03
1.121808e-01;9.185600e-02;2.085067e-02;2.403641e-02;1.475954e-02;7.601164e-02;4.073903e-01;2.039965e-01;9.398219e-03;9.007656e-03;2.739557e-02;3.116732e-03
1.332366e-01;1.124972e-01;2.855616e-02;3.626617e-02;2.197130e-02;8.057441e-02;3.351757e-01;1.638165e-01;1.676511e-02;1.555378e-02;4.161500e-02;1.397205e-02
1.352076e-01;1.192945e-01;4.047783e-02;4.183861e-02;2.837407e-02;9.026837e-02;2.904947e-01;1.014746e-01;3.753185e-02;2.439934e-02;5.472213e-02;3.591639e-02
1.192843e-01;8.432756e-02;3.074972e-02;3.293852e-02;1.958270e-02;6.519646e-02;3.125385e-01;1.874543e-01;3.197893e-02;2.211705e-02;6.247742e-02;3.135454e-02
1.407034e-01;1.038149e-01;4.044221e-02;3.613281e-02;1.868420e-02;4.275741e-02;3.319199e-01;2.146377e-01;1.335036e-02;1.781120e-02;2.213471e-02;1.761129e-02
7.940262e-02;7.128520e-02;3.843711e-02;3.186833e-02;2.490699e-02;7.964802e-02;3.319780e-01;2.026068e-01;1.296086e-02;1.731469e-02;8.199595e-02;2.759546e-02
7.691024e-02;8.198956e-02;2.949272e-02;3.933503e-02;2.612382e-02;1.001675e-01;3.782661e-01;1.164921e-01;2.118632e-02;2.027330e-02;7.704851e-02;3.271478e-02
8.635294e-02;8.359315e-02;1.768951e-02;4.062160e-02;2.857866e-02;8.191398e-02;3.766991e-01;1.786992e-01;2.533637e-02;2.112090e-02;3.837607e-02;2.101847e-02
3.281123e-02;8.241044e-02;2.285666e-02;3.913978e-02;2.651031e-02;6.580526e-02;3.053940e-01;2.601719e-01;3.037776e-02;2.097855e-02;9.177877e-02;2.176539e-02
1.270145e-01;1.211961e-01;3.334380e-02;2.836899e-02;2.242303e-02;6.565404e-02;1.315930e-01;1.940597e-01;7.221747e-02;3.185389e-02;1.318991e-01;4.037625e-02
8.144314e-02;1.027469e-01;2.813963e-02;2.200925e-02;3.130754e-02;7.226121e-02;1.698912e-01;1.594377e-01;9.617546e-02;4.514618e-02;1.511435e-01;4.029826e-02
9.077984e-02;9.988473e-02;2.880338e-02;9.566088e-03;3.332654e-02;7.097991e-02;1.727527e-01;1.468281e-01;9.956080e-02;4.967996e-02;1.585719e-01;3.926599e-02
9.233443e-02;1.369635e-01;2.953778e-02;1.648852e-02;2.987967e-02;5.825735e-02;1.481314e-01;1.126262e-01;8.394460e-02;4.901640e-02;2.094005e-01;3.341965e-02
1.192290e-01;1.303452e-01;1.777960e-02;1.384259e-02;3.621305e-02;4.364941e-02;1.988422e-01;1.564728e-01;3.728270e-02;4.102734e-02;1.927025e-01;1.261345e-02
9.618375e-02;1.474142e-01;2.322968e-02;1.370692e-02;3.637702e-02;3.383175e-02;2.609554e-01;2.133655e-01;2.243100e-02;2.607564e-02;1.120088e-01;1.442031e-02
4.886731e-02;2.078445e-01;2.218048e-02;1.231595e-02;2.847133e-02;4.298259e-02;3.248440e-01;2.040618e-01;3.009945e-02;2.038166e-02;4.812586e-02;9.825133e-03
5.745588e-02;2.376769e-01;1.486934e-02;5.319528e-03;1.622107e-02;4.562431e-02;3.483074e-01;1.630518e-01;4.176560e-02;1.928620e-02;4.615606e-02;4.265985e-03
8.262045e-02;2.367952e-01;9.526494e-03;1.028699e-02;1.156899e-02;4.808290e-02;3.581086e-01;1.305554e-01;5.314063e-02;1.534325e-02;3.741620e-02;6.554926e-03
1.264285e-01;2.218511e-01;7.886532e-03;1.085782e-02;1.118062e-02;5.602654e-02;3.538240e-01;1.133112e-01;5.766467e-02;1.090061e-02;2.526581e-02;4.802678e-03
1.792754e-01;1.877035e-01;1.197788e-02;1.357212e-02;7.087031e-03;6.908426e-02;3.271565e-01;1.206785e-01;4.880220e-02;8.454120e-03;2.184457e-02;4.363891e-03
2.268049e-01;1.281835e-01;1.524850e-02;3.118044e-02;1.920607e-02;9.641062e-02;3.107918e-01;6.385026e-02;3.370735e-02;1.034226e-02;5.529837e-02;8.976018e-03
1.539815e-01;2.637512e-02;1.042312e-02;3.322246e-02;2.924282e-02;1.065354e-01;3.963902e-01;1.430413e-01;1.510747e-02;1.080661e-02;6.815206e-02;6.721999e-03
6.809185e-02;5.867890e-02;5.724415e-03;7.672581e-03;2.317612e-02;8.247948e-02;4.749135e-01;2.168381e-01;1.845749e-02;7.944621e-03;3.236271e-02;3.660275e-03
3.249760e-02;6.835224e-02;5.143246e-03;4.278268e-03;1.892421e-02;7.451519e-02;4.937575e-01;2.525332e-01;1.527504e-02;6.170401e-03;2.639767e-02;2.155518e-03
1.888440e-02;7.382987e-02;4.146992e-03;2.796882e-03;1.739316e-02;7.489046e-02;4.959028e-01;2.588183e-01;2.030810e-02;6.960895e-03;2.374115e-02;2.326986e-03
2.829135e-02;8.251610e-02;5.599964e-03;4.596451e-03;1.298800e-02;7.126296e-02;4.839871e-01;2.518930e-01;2.227286e-02;8.412703e-03;2.622423e-02;1.955364e-03
2.797445e-02;8.837616e-02;7.047619e-03;6.996653e-03;7.882088e-03;6.466483e-02;5.024914e-01;2.305908e-01;2.331957e-02;9.661486e-03;2.676398e-02;4.231046e-03
3.495289e-02;8.522277e-02;7.889409e-03;6.518110e-03;9.212211e-03;6.606474e-02;5.184262e-01;2.175994e-01;2.272016e-02;7.237133e-03;1.931416e-02;4.842866e-03
3.978628e-02;7.959467e-02;8.564851e-03;5.384512e-03;1.089804e-02;7.195477e-02;5.263399e-01;2.100328e-01;2.101357e-02;4.112037e-03;1.824490e-02;4.073618e-03
4.652217e-02;8.016768e-02;1.263131e-02;4.785301e-03;1.032489e-02;7.536132e-02;5.302182e-01;1.880156e-01;1.969339e-02;5.289181e-03;2.055270e-02;6.438290e-03
5.155591e-02;7.267404e-02;1.596431e-02;6.025611e-03;8.673443e-03;8.305215e-02;5.353608e-01;1.866369e-01;1.545489e-02;4.256889e-03;1.315670e-02;7.188329e-03
6.020449e-02;6.740016e-02;1.431571e-02;1.060992e-02;1.066737e-02;8.775431e-02;5.283924e-01;1.809727e-01;1.383473e-02;5.241376e-03;1.278847e-02;7.818334e-03
5.743847e-02;5.660032e-02;1.470055e-02;1.390790e-02;1.155491e-02;8.995455e-02;5.442740e-01;1.805051e-01;8.922846e-03;5.002160e-03;9.593708e-03;7.545560e-03
5.996336e-02;5.167884e-02;1.356893e-02;1.838817e-02;1.186652e-02;8.927433e-02;5.389314e-01;1.863906e-01;6.095889e-03;5.512608e-03;1.075617e-02;7.573167e-03
5.375718e-02;5.130391e-02;1.447793e-02;1.677722e-02;1.630133e-02;8.646093e-02;5.448883e-01;1.789227e-01;9.086428e-03;7.879906e-03;1.282084e-02;7.323322e-03
4.303348e-02;5.864079e-02;1.100919e-02;1.221819e-02;1.448520e-02;7.589147e-02;5.268549e-01;2.108701e-01;1.475726e-02;1.266058e-02;1.287105e-02;6.707731e-03
5.859463e-02;7.391712e-02;7.703131e-03;1.526047e-02;1.498448e-02;7.175331e-02;4.954135e-01;2.188342e-01;1.330515e-02;1.514006e-02;9.693567e-03;5.400371e-03
7.379708e-02;1.043553e-01;1.029479e-02;1.883124e-02;1.672298e-02;7.276303e-02;4.676379e-01;2.021676e-01;8.754641e-03;8.022243e-03;1.318759e-02;3.465638e-03
9.551097e-02;1.418077e-01;1.490676e-02;1.716040e-02;1.111605e-02;7.007313e-02;4.498907e-01;1.718877e-01;6.120552e-03;5.106897e-03;1.059023e-02;5.828990e-03
1.109592e-01;1.767024e-01;1.594728e-02;1.241301e-02;7.263669e-03;6.467409e-02;4.197621e-01;1.630448e-01;7.584705e-03;5.381949e-03;8.395538e-03;7.871295e-03
1.181572e-01;2.033534e-01;1.367444e-02;1.419369e-02;8.082716e-03;5.988445e-02;3.939564e-01;1.476080e-01;8.759863e-03;1.253712e-02;1.080590e-02;8.986805e-03
1.292236e-01;2.319288e-01;9.860453e-03;1.505416e-02;7.219696e-03;5.733410e-02;3.744492e-01;1.295826e-01;1.079700e-02;1.740237e-02;1.080097e-02;6.347084e-03
1.413233e-01;2.431997e-01;6.839664e-03;1.526720e-02;6.668265e-03;5.451331e-02;3.542365e-01;1.364393e-01;1.244814e-02;1.296949e-02;1.292625e-02;3.168893e-03
1.552599e-01;2.429508e-01;5.882527e-03;1.777289e-02;6.267971e-03;5.520558e-02;3.449131e-01;1.406610e-01;1.087397e-02;5.716320e-03;1.214104e-02;2.354901e-03
1.682411e-01;2.398718e-01;4.534568e-03;2.256742e-02;5.378080e-03;5.565520e-02;3.423442e-01;1.295658e-01;1.212602e-02;6.086275e-03;1.124651e-02;2.382957e-03
1.647657e-01;2.411862e-01;3.538183e-03;2.237814e-02;6.336036e-03;6.008945e-02;3.504934e-01;1.149193e-01;1.399851e-02;4.937875e-03;1.402003e-02;3.337235e-03
1.496473e-01;2.434367e-01;3.432602e-03;2.029983e-02;8.170628e-03;5.916794e-02;3.526693e-01;1.242561e-01;1.436603e-02;4.388582e-03;1.778729e-02;2.377645e-03
1.072629e-01;2.543523e-01;6.074453e-03;1.376081e-02;2.745547e-02;5.222807e-02;3.539414e-01;1.430590e-01;1.127936e-02;3.555105e-03;2.507245e-02;1.958682e-03
7.125077e-02;2.685766e-01;8.831169e-03;6.844783e-03;5.415873e-02;4.124114e-02;3.339466e-01;1.765175e-01;7.758760e-03;3.957923e-03;2.381636e-02;3.099723e-03
4.799515e-02;2.695111e-01;1.505487e-02;4.972365e-03;7.032654e-02;3.000408e-02;2.971945e-01;2.251373e-01;5.082355e-03;4.425550e-03;2.229987e-02;7.996296e-03
2.698847e-02;2.370213e-01;3.453546e-02;9.078674e-03;5.615185e-02;2.229682e-02;2.579985e-01;3.108139e-01;6.335030e-03;7.557686e-03;1.373828e-02;1.748399e-02
1.591088e-02;1.555510e-01;5.154718e-02;9.211793e-03;1.604434e-02;6.333939e-02;2.484035e-01;3.813875e-01;9.493290e-03;9.697076e-03;8.759215e-03;3.065486e-02
1.238505e-02;7.803740e-02;5.214613e-02;3.078902e-02;2.238674e-02;9.476761e-02;2.479604e-01;3.986083e-01;1.573744e-02;9.551300e-03;5.023821e-03;3.260677e-02
3.033486e-02;3.083079e-02;5.101117e-02;7.099237e-02;2.882055e-02;8.532626e-02;2.277054e-01;3.930996e-01;2.870482e-02;1.262491e-02;1.852020e-02;2.202910e-02
5.841308e-02;1.272336e-02;4.705526e-02;1.587612e-01;3.786910e-02;4.737598e-02;1.633777e-01;3.421127e-01;5.598108e-02;2.332429e-02;3.777219e-02;1.523404e-02
8.136914e-02;2.730100e-02;2.557283e-02;2.057777e-01;5.280079e-02;5.018526e-02;1.341072e-01;2.357249e-01;7.220185e-02;4.202736e-02;5.745804e-02;1.547401e-02
8.403706e-02;4.799255e-02;2.077871e-02;1.786058e-01;6.934053e-02;3.420212e-02;1.251372e-01;1.625088e-01;7.811836e-02;7.145176e-02;1.130056e-01;1.482145e-02
6.748532e-02;4.169771e-02;3.102934e-02;1.230185e-01;1.033452e-01;1.475416e-02;1.164328e-01;1.282808e-01;7.630942e-02;1.207448e-01;1.648991e-01;1.200289e-02
4.324817e-02;2.377830e-02;1.859615e-02;7.734016e-02;9.290242e-02;2.700662e-02;9.695839e-02;1.137196e-01;6.798226e-02;1.747102e-01;2.487825e-01;1.497515e-02
5.232962e-02;2.339040e-02;1.339697e-02;4.721971e-02;9.012977e-02;2.319977e-02;8.907122e-02;1.174372e-01;4.105516e-02;1.785474e-01;3.148406e-01;9.382205e-03
6.664104e-02;4.163342e-02;1.311704e-02;3.210383e-02;1.086697e-01;3.489281e-02;6.373904e-02;8.675333e-02;1.562751e-02;1.410589e-01;3.893116e-01;6.451836e-03
9.478753e-02;5.111061e-02;2.481675e-02;2.511583e-02;6.396426e-02;5.850737e-02;7.403129e-02;7.556701e-02;1.772828e-02;9.770678e-02;3.980604e-01;1.860381e-02
1.353756e-01;6.105407e-02;3.044709e-02;2.597982e-02;2.116859e-02;9.118491e-02;7.400568e-02;5.408102e-02;1.395777e-02;5.158073e-02;4.108157e-01;3.034900e-02
1.812455e-01;6.396484e-02;1.753136e-02;2.779029e-02;4.417637e-02;7.772586e-02;6.064643e-02;4.307648e-02;1.705713e-02;4.029376e-02;3.863122e-01;4.017973e-02
2.124486e-01;6.264878e-02;1.310140e-02;3.561614e-02;5.540112e-02;4.268932e-02;8.322582e-02;3.518495e-02;2.657536e-02;5.346423e-02;3.483092e-01;3.133512e-02
2.494969e-01;4.953618e-02;1.815110e-02;2.806712e-02;6.013178e-02;4.797625e-02;1.025611e-01;7.113747e-02;2.450080e-02;5.847384e-02;2.674017e-01;2.256577e-02
3.478931e-01;9.864523e-02;2.795730e-02;1.853058e-02;4.159943e-02;4.690319e-02;1.080254e-01;9.284917e-02;1.279616e-02;6.784516e-02;1.162262e-01;2.072909e-02
3.190137e-01;1.209615e-01;2.077353e-02;3.021320e-02;2.728207e-02;5.888164e-02;1.091540e-01;9.458819e-02;3.334988e-02;6.390669e-02;8.068404e-02;4.119166e-02
2.584894e-01;1.005462e-01;2.023403e-02;3.855671e-02;3.845381e-02;7.221400e-02;1.166321e-01;7.446741e-02;4.715657e-02;6.194314e-02;1.096755e-01;6.163118e-02
1.944471e-01;1.037108e-01;2.659794e-02;2.208301e-02;2.399165e-02;6.432606e-02;1.003569e-01;8.197389e-02;4.520963e-02;5.103362e-02;2.259484e-01;6.032097e-02
1.914812e-01;1.101555e-01;3.941825e-02;2.349051e-02;2.058059e-02;2.758365e-02;1.368399e-01;8.802215e-02;3.963102e-02;3.254180e-02;2.625452e-01;2.771018e-02
1.704989e-01;1.111841e-01;3.101374e-02;2.224400e-02;2.438681e-02;5.487427e-02;1.194630e-01;1.142881e-01;3.999790e-02;3.842578e-02;2.345755e-01;3.904787e-02
1.980394e-01;9.290401e-02;2.518927e-02;2.610319e-02;2.693778e-02;5.899889e-02;8.721069e-02;1.284146e-01;3.583438e-02;3.689194e-02;2.370075e-01;4.646837e-02
1.920511e-01;9.266268e-02;2.279094e-02;3.200220e-02;4.537827e-02;4.746953e-02;1.037842e-01;1.411422e-01;3.417353e-02;4.210882e-02;2.062872e-01;4.014924e-02
1.647889e-01;1.235785e-01;4.018666e-02;3.215684e-02;3.975223e-02;4.507397e-02;1.320119e-01;1.304557e-01;3.667540e-02;4.798838e-02;1.698221e-01;3.750939e-02
1.654143e-01;1.020496e-01;3.537187e-02;2.331002e-02;2.189093e-02;5.261787e-02;1.475961e-01;1.078504e-01;4.139873e-02;5.996897e-02;1.947465e-01;4.778483e-02
1.405756e-01;9.072497e-02;3.235194e-02;4.203177e-02;2.056096e-02;5.991137e-02;1.564636e-01;1.238521e-01;2.767494e-02;6.421402e-02;1.968281e-01;4.481063e-02
1.395760e-01;1.037403e-01;4.664212e-02;5.974208e-02;3.447065e-02;5.660493e-02;1.549805e-01;1.424117e-01;3.872455e-02;6.066747e-02;1.299010e-01;3.253885e-02
1.430358e-01;8.146767e-02;3.196573e-02;4.357591e-02;4.136102e-02;6.233463e-02;2.113104e-01;1.730464e-01;4.922813e-02;4.676149e-02;8.675326e-02;2.915954e-02
1.017045e-01;4.659653e-02;3.881172e-02;3.013350e-02;5.516282e-02;5.468609e-02;1.996172e-01;1.706285e-01;6.387497e-02;5.680560e-02;1.057351e-01;7.624345e-02
1.239132e-01;1.070891e-01;3.710477e-02;2.222216e-02;3.970646e-02;4.649635e-02;1.196800e-01;1.078303e-01;5.753787e-02;4.723601e-02;1.985110e-01;9.267278e-02
7.169388e-02;6.723738e-02;1.993860e-02;1.665179e-02;2.091702e-02;6.459535e-02;2.748644e-01;2.490675e-01;2.473574e-02;4.169920e-02;1.162445e-01;3.235463e-02
8.521368e-02;7.879037e-02;1.697055e-02;1.174053e-02;2.040491e-02;8.459730e-02;3.172596e-01;1.504748e-01;1.195514e-02;5.153503e-02;1.558113e-01;1.524673e-02
7.780523e-02;7.423117e-02;1.732606e-02;1.165103e-02;1.940301e-02;6.991038e-02;3.247370e-01;1.750095e-01;1.667944e-02;4.372206e-02;1.599171e-01;9.607931e-03
4.016452e-02;5.901534e-02;1.250445e-02;8.201192e-03;1.078424e-02;5.167470e-02;3.602929e-01;2.822682e-01;2.261640e-02;3.006388e-02;1.135759e-01;8.838227e-03
1.874584e-02;6.455358e-02;1.255077e-02;7.369437e-03;8.421645e-03;4.934220e-02;4.146133e-01;3.023886e-01;2.304759e-02;2.048305e-02;6.833696e-02;1.014706e-02
6.824303e-02;8.473453e-02;1.289020e-02;5.612749e-03;1.295752e-02;5.633613e-02;4.260041e-01;2.734711e-01;1.698971e-02;1.273673e-02;1.996034e-02;1.006390e-02
1.217573e-01;1.308505e-01;1.948670e-02;7.055770e-03;2.482496e-02;7.018621e-02;2.656622e-01;2.834030e-01;1.724376e-02;2.064462e-02;3.036678e-02;8.518084e-03
7.875938e-02;5.318147e-02;1.275007e-02;9.882832e-03;2.221088e-02;6.520948e-02;4.238116e-01;2.273072e-01;1.093386e-02;1.427985e-02;6.484362e-02;1.682983e-02
7.769781e-02;8.526736e-02;1.742602e-02;1.842347e-02;2.214287e-02;5.074510e-02;4.192152e-01;2.186769e-01;2.243365e-02;1.510665e-02;3.701193e-02;1.585305e-02
6.406896e-02;8.590276e-02;2.203049e-02;2.329060e-02;2.312570e-02;4.363837e-02;3.746738e-01;2.355060e-01;3.344519e-02;2.606802e-02;5.040017e-02;1.784989e-02
6.990286e-02;1.026347e-01;1.548988e-02;2.609618e-02;4.558213e-02;8.234982e-02;2.838304e-01;1.387038e-01;6.612071e-02;7.503669e-02;8.089403e-02;1.335882e-02
6.679124e-02;9.399640e-02;2.245764e-02;2.912967e-02;4.701719e-02;7.874731e-02;1.868301e-01;1.296718e-01;8.806431e-02;1.022547e-01;1.436676e-01;1.137209e-02
1.148828e-01;9.383979e-02;2.541772e-02;2.346882e-02;3.426167e-02;6.124646e-02;1.616058e-01;1.551562e-01;7.775407e-02;8.458304e-02;1.554823e-01;1.230132e-02
1.593099e-01;9.956977e-02;3.130569e-02;2.334327e-02;2.700213e-02;4.726673e-02;1.592889e-01;1.357910e-01;6.386548e-02;6.649122e-02;1.687957e-01;1.797022e-02
1.389980e-01;7.849405e-02;3.501574e-02;2.272869e-02;3.142897e-02;5.264854e-02;2.116444e-01;1.464415e-01;4.745967e-02;5.783314e-02;1.558141e-01;2.149322e-02
8.230095e-02;6.889229e-02;2.875198e-02;2.084619e-02;5.031103e-02;5.591962e-02;2.037261e-01;2.319948e-01;4.282321e-02;6.197924e-02;1.394246e-01;1.302993e-02
6.223473e-02;8.149024e-02;2.828954e-02;1.539107e-02;3.332262e-02;4.089072e-02;2.737186e-01;2.818646e-01;3.518708e-02;3.465804e-02;1.043374e-01;8.615445e-03
3.448681e-02;7.910894e-02;3.115987e-02;1.569493e-02;2.140726e-02;3.979027e-02;3.051906e-01;3.526701e-01;2.108519e-02;1.835157e-02;6.925687e-02;1.179759e-02
1.461686e-02;5.706706e-02;4.059860e-02;1.210106e-02;8.844830e-03;3.601398e-02;3.007089e-01;4.303100e-01;1.568991e-02;1.429379e-02;5.273139e-02;1.702366e-02
2.432518e-02;6.828402e-02;3.955083e-02;1.484658e-02;2.632060e-02;4.663916e-02;3.071637e-01;4.220615e-01;1.185680e-02;1.335055e-02;1.115093e-02;1.445010e-02
2.862542e-02;1.137694e-01;3.181858e-02;1.119704e-02;3.576374e-02;4.957936e-02;3.320703e-01;3.491763e-01;8.864888e-03;9.682257e-03;2.105660e-02;8.396065e-03
5.071080e-02;1.456256e-01;2.481291e-02;1.141707e-02;3.620907e-02;5.231100e-02;3.487143e-01;2.801332e-01;9.598929e-03;8.636641e-03;2.537495e-02;6.455539e-03
9.987738e-02;1.571340e-01;2.196012e-02;1.714609e-02;2.958633e-02;6.184802e-02;3.116678e-01;2.398993e-01;1.285109e-02;1.049692e-02;2.959420e-02;7.938740e-03
1.555423e-01;1.623503e-01;2.638380e-02;2.829432e-02;5.211773e-02;7.528722e-02;1.612818e-01;2.254351e-01;1.589100e-02;1.463382e-02;6.969662e-02;1.308591e-02
8.536263e-02;9.524716e-02;3.530476e-02;2.101202e-02;5.558524e-02;5.877947e-02;3.547766e-01;1.908906e-01;9.430788e-03;1.775151e-02;6.261116e-02;1.324809e-02
6.266040e-02;8.100893e-02;3.184676e-02;2.202824e-02;4.741213e-02;4.346271e-02;3.508648e-01;2.666247e-01;1.076403e-02;1.772940e-02;5.435301e-02;1.124493e-02
5.898600e-02;4.496458e-02;2.549278e-02;1.598829e-02;3.510361e-02;6.436191e-02;3.596952e-01;2.746501e-01;2.065536e-02;2.439459e-02;5.300260e-02;2.270492e-02
9.201743e-02;6.533859e-02;1.869144e-02;1.387617e-02;2.752610e-02;9.063835e-02;2.915892e-01;1.832808e-01;4.699596e-02;4.030558e-02;8.636061e-02;4.337966e-02
1.049578e-01;7.546240e-02;2.402459e-02;1.444883e-02;3.228300e-02;8.832616e-02;2.269427e-01;1.532881e-01;5.925201e-02;4.826749e-02;1.203474e-01;5.239945e-02
1.746518e-01;1.094664e-01;2.189533e-02;1.403563e-02;2.001796e-02;4.866248e-02;1.380780e-01;1.284069e-01;1.695504e-02;3.262639e-02;2.645489e-01;3.065512e-02
1.424159e-01;8.312772e-02;2.270214e-02;1.091260e-02;1.817402e-02;3.937692e-02;1.444974e-01;1.609787e-01;1.495213e-02;3.201160e-02;3.113813e-01;1.946953e-02
1.001280e-01;4.503264e-02;2.849539e-02;1.627353e-02;1.866758e-02;4.195540e-02;1.519408e-01;2.060139e-01;2.427002e-02;4.375093e-02;3.101986e-01;1.327320e-02
5.956104e-02;2.030369e-02;4.933041e-02;3.956449e-02;2.265466e-02;4.309903e-02;1.623270e-01;2.804941e-01;4.830377e-02;6.363998e-02;2.032631e-01;7.458834e-03
7.558110e-02;3.626737e-02;7.898457e-02;4.839575e-02;2.334854e-02;3.080543e-02;1.952612e-01;2.847066e-01;6.151720e-02;6.220204e-02;9.770467e-02;5.225555e-03
7.058669e-02;3.372030e-02;9.381472e-02;3.799568e-02;2.495088e-02;2.077115e-02;1.854968e-01;2.753951e-01;5.823889e-02;6.641634e-02;1.285621e-01;4.051327e-03
7.136322e-02;3.203249e-02;7.313973e-02;2.805111e-02;2.253681e-02;1.941011e-02;1.875389e-01;2.693215e-01;5.094207e-02;7.087878e-02;1.688898e-01;5.895519e-03
6.467087e-02;1.325328e-02;6.884467e-02;2.720212e-02;2.472585e-02;2.592145e-02;1.866312e-01;2.828236e-01;5.151808e-02;7.594794e-02;1.687728e-01;9.688213e-03
7.131352e-02;1.055580e-02;5.300076e-02;2.595507e-02;1.811991e-02;2.160832e-02;1.937009e-01;2.781739e-01;5.053759e-02;6.544758e-02;2.012763e-01;1.031038e-02
1.127177e-01;3.207831e-02;4.512363e-02;2.728773e-02;1.556343e-02;1.116122e-02;1.640261e-01;3.018786e-01;5.346677e-02;6.851235e-02;1.615421e-01;6.642079e-03
1.057038e-01;2.431842e-02;3.926191e-02;2.966252e-02;1.438712e-02;1.844478e-02;1.941484e-01;3.224246e-01;6.140122e-02;7.086678e-02;1.073873e-01;1.199314e-02
7.286205e-02;4.533860e-02;3.647828e-02;2.221193e-02;1.694889e-02;3.035133e-02;2.680262e-01;2.923030e-01;6.133295e-02;6.677200e-02;6.205753e-02;2.531728e-02
5.263804e-02;7.595605e-02;4.109076e-02;2.007090e-02;2.309254e-02;3.431538e-02;3.203393e-01;2.088311e-01;6.616412e-02;6.861225e-02;5.436836e-02;3.452130e-02
4.900213e-02;6.002230e-02;4.669699e-02;4.145169e-02;2.997317e-02;2.634758e-02;2.775293e-01;2.764815e-01;6.392425e-02;6.830373e-02;2.519262e-02;3.507471e-02
8.902646e-02;4.775479e-02;3.850523e-02;6.249067e-02;4.775446e-02;2.971206e-02;1.808054e-01;2.750300e-01;5.844864e-02;4.596330e-02;7.336890e-02;5.114011e-02
1.112150e-01;7.540740e-02;2.646204e-02;5.808724e-02;5.321977e-02;5.264242e-02;1.781503e-01;1.542536e-01;5.262616e-02;5.597390e-02;1.049845e-01;7.697767e-02
9.048530e-02;7.343929e-02;1.542382e-02;5.213037e-02;4.761742e-02;5.745004e-02;1.965487e-01;1.626769e-01;8.382995e-02;7.192462e-02;1.058668e-01;4.260691e-02
8.031096e-02;6.763709e-02;2.476038e-02;5.424336e-02;7.211111e-02;6.999935e-02;2.069019e-01;9.110672e-02;9.979263e-02;6.711930e-02;1.244948e-01;4.152243e-02
6.321751e-02;6.325615e-02;4.081399e-02;7.698455e-02;6.545955e-02;7.420655e-02;1.708165e-01;1.229554e-01;7.776027e-02;6.096524e-02;1.085884e-01;7.497589e-02
6.526554e-02;7.196312e-02;5.028519e-02;6.841632e-02;5.298954e-02;6.270441e-02;1.221516e-01;1.723326e-01;5.074267e-02;9.833012e-02;8.350836e-02;1.013106e-01
9.942645e-02;8.195380e-02;5.374092e-02;3.704048e-02;5.702038e-02;6.293651e-02;6.940847e-02;1.158388e-01;8.046778e-02;1.772856e-01;8.582167e-02;7.905916e-02
1.272086e-01;6.674929e-02;6.102271e-02;4.829388e-02;5.411272e-02;9.125917e-02;6.556556e-02;1.190379e-01;6.934064e-02;1.870393e-01;3.799826e-02;7.237193e-02
1.171481e-01;6.992052e-02;4.615701e-02;8.306628e-02;4.803786e-02;1.184720e-01;1.371759e-01;1.007957e-01;4.534775e-02;1.342079e-01;4.477475e-02;5.489623e-02
8.382846e-02;6.530819e-02;5.381349e-02;7.289036e-02;6.324922e-02;1.044019e-01;1.901020e-01;1.047369e-01;8.011225e-02;9.327227e-02;3.997598e-02;4.830891e-02
1.204529e-01;7.813538e-02;3.949965e-02;4.697831e-02;6.241967e-02;4.388834e-02;1.475670e-01;1.097883e-01;9.970813e-02;1.242424e-01;9.948281e-02;2.783700e-02
1.856521e-01;8.800422e-02;1.699150e-02;3.332845e-02;1.795151e-02;4.382120e-02;1.467463e-01;1.172475e-01;3.638887e-02;6.872658e-02;2.370336e-01;8.108178e-03
1.911156e-01;7.371521e-02;1.394757e-02;8.997643e-03;2.481696e-02;4.024201e-02;1.667370e-01;1.341840e-01;1.159517e-02;3.201612e-02;2.968158e-01;5.817026e-03
2.176713e-01;6.087953e-02;1.438117e-02;1.056930e-02;3.144553e-02;4.102967e-02;1.659749e-01;9.753894e-02;1.772159e-02;2.170352e-02;3.103130e-01;1.077150e-02
2.662238e-01;3.152826e-02;1.718775e-02;1.296264e-02;4.285325e-02;5.301010e-02;1.666343e-01;4.104936e-02;2.666298e-02;1.191046e-02;3.111352e-01;1.884193e-02
1.930702e-01;4.341475e-02;1.589208e-02;2.643358e-02;4.406176e-02;5.541390e-02;1.182204e-01;4.996443e-02;2.186583e-02;1.154500e-02;3.975355e-01;2.258250e-02
8.951432e-02;4.615911e-02;1.684470e-02;4.410374e-02;2.564036e-02;5.493547e-02;7.302178e-02;5.936704e-02;1.102647e-02;1.504449e-02;5.498695e-01;1.447303e-02
1.125846e-01;3.973197e-02;2.945153e-02;4.691650e-02;2.591396e-02;5.325315e-02;5.599081e-02;4.223724e-02;5.967563e-03;2.259068e-02;5.577987e-01;7.563310e-03
1.429639e-01;9.359173e-02;5.180250e-02;3.085446e-02;6.241559e-02;3.558945e-02;7.261697e-02;3.557712e-02;1.138222e-02;3.829129e-02;4.182963e-01;6.618453e-03
1.231599e-01;1.492805e-01;7.900971e-02;2.845602e-02;1.197604e-01;2.869130e-02;1.073470e-01;3.192825e-02;1.392462e-02;5.194372e-02;2.593930e-01;7.105545e-03
7.564730e-02;1.655570e-01;7.473660e-02;2.832151e-02;1.353555e-01;2.969405e-02;9.046107e-02;5.310051e-02;6.709620e-03;5.063580e-02;2.774845e-01;1.229655e-02
