1.570827e-01;7.596751e-02;1.189383e-01;5.617615e-02;4.710100e-02;4.152922e-02;1.355876e-01;1.092403e-01;2.890610e-02;4.498665e-02;8.577103e-02;9.871344e-02
1.778377e-01;7.209440e-02;9.735074e-02;3.655056e-02;4.182510e-02;4.390012e-02;1.138983e-01;1.237873e-01;5.990984e-02;5.866424e-02;9.461032e-02;7.957131e-02
1.356395e-01;7.559774e-02;8.716229e-02;3.515379e-02;3.146054e-02;5.370163e-02;8.782561e-02;1.272920e-01;9.354093e-02;8.057239e-02;9.116642e-02;1.008872e-01
8.414383e-02;1.062689e-01;1.315153e-01;3.860722e-02;2.303885e-02;4.281712e-02;5.775264e-02;1.086528e-01;1.485823e-01;7.470272e-02;9.778713e-02;8.613122e-02
6.324647e-02;1.035335e-01;1.564899e-01;5.120289e-02;5.092528e-02;3.202628e-02;6.854228e-02;1.102460e-01;1.248674e-01;7.695179e-02;1.081441e-01;5.382415e-02
8.020007e-02;9.710384e-02;1.499462e-01;5.966329e-02;6.552774e-02;5.681861e-02;1.029124e-01;8.969773e-02;7.783558e-02;7.608058e-02;1.033527e-01;4.086129e-02
9.813187e-02;1.141595e-01;1.134626e-01;7.090692e-02;5.139263e-02;6.729772e-02;9.996581e-02;6.500136e-02;1.242128e-01;8.957785e-02;5.743355e-02;4.845745e-02
1.050366e-01;1.098604e-01;7.928169e-02;4.255700e-02;5.472712e-02;5.018965e-02;1.079562e-01;9.640048e-02;1.514226e-01;6.991208e-02;6.158654e-02;7.106962e-02
9.968837e-02;1.162557e-01;1.024134e-01;4.688405e-02;5.067001e-02;4.210546e-02;1.241356e-01;7.847131e-02;1.612979e-01;4.563877e-02;5.214629e-02;8.029318e-02
9.291399e-02;1.274196e-01;1.340669e-01;7.719735e-02;4.069233e-02;3.229137e-02;1.032074e-01;6.458745e-02;1.348286e-01;6.707579e-02;5.091478e-02;7.480432e-02
1.130245e-01;1.000079e-01;1.175931e-01;7.187211e-02;5.494531e-02;3.373178e-02;8.205349e-02;1.021005e-01;1.006075e-01;8.490823e-02;6.590329e-02;7.325237e-02
1.042902e-01;9.109452e-02;1.296199e-01;6.780380e-02;5.863927e-02;5.310206e-02;7.679111e-02;1.072215e-01;1.106994e-01;7.002278e-02;4.557885e-02;8.513659e-02
1.031477e-01;6.142490e-02;1.807767e-01;6.237384e-02;2.864113e-02;6.976529e-02;8.587396e-02;8.749416e-02;1.054887e-01;9.321202e-02;5.558865e-02;6.621306e-02
1.375171e-01;4.418372e-02;1.953788e-01;5.630068e-02;4.556451e-02;6.860718e-02;9.274335e-02;9.454049e-02;5.244374e-02;7.241906e-02;8.878180e-02;5.151952e-02
1.471534e-01;6.901107e-02;1.459628e-01;4.734848e-02;5.915241e-02;5.177653e-02;1.022626e-01;7.989977e-02;6.542052e-02;9.678302e-02;8.849280e-02;4.673654e-02
1.147339e-01;8.711091e-02;1.187848e-01;7.862800e-02;5.454589e-02;3.751451e-02;9.057399e-02;7.227592e-02;9.383505e-02;1.211689e-01;7.304507e-02;5.778294e-02
6.442580e-02;9.799948e-02;1.655899e-01;8.474778e-02;4.425055e-02;5.120498e-02;7.965581e-02;6.302624e-02;1.022441e-01;1.196424e-01;6.153533e-02;6.567765e-02
1.072378e-01;1.036898e-01;1.517513e-01;4.428905e-02;4.493631e-02;3.865189e-02;7.087677e-02;6.110549e-02;8.031989e-02;1.048077e-01;8.562791e-02;1.067061e-01
1.038115e-01;1.275948e-01;1.379747e-01;5.396327e-02;4.273095e-02;2.035975e-02;6.428067e-02;5.800835e-02;8.499536e-02;1.144757e-01;8.888278e-02;1.029222e-01
6.912621e-02;1.098142e-01;1.541418e-01;8.389018e-02;7.071021e-02;4.585214e-02;9.822907e-02;6.272455e-02;7.868969e-02;1.121929e-01;4.521616e-02;6.941279e-02
5.509024e-02;9.155402e-02;1.565268e-01;9.156976e-02;7.457744e-02;5.497653e-02;9.351280e-02;6.752961e-02;8.563252e-02;9.036767e-02;6.416629e-02;7.449631e-02
1.047887e-01;1.190702e-01;1.299214e-01;8.248339e-02;7.527406e-02;5.978895e-02;7.328359e-02;6.240518e-02;7.142661e-02;7.579233e-02;6.093322e-02;8.483233e-02
1.471533e-01;9.688765e-02;1.429626e-01;9.864645e-02;8.336685e-02;4.830325e-02;8.218782e-02;4.381676e-02;5.115383e-02;5.800415e-02;7.393546e-02;7.358189e-02
1.518239e-01;6.201804e-02;1.324084e-01;1.508969e-01;9.529250e-02;2.996807e-02;7.954651e-02;2.934888e-02;1.088243e-01;3.933822e-02;7.232995e-02;4.820438e-02
1.443083e-01;2.287212e-02;6.182720e-02;2.123325e-01;1.079342e-01;1.697763e-02;5.967125e-02;2.388760e-02;2.092547e-01;4.297741e-02;7.873981e-02;1.921725e-02
1.028744e-01;8.617966e-03;4.844476e-02;2.466025e-01;7.746284e-02;1.422378e-02;2.863427e-02;1.836811e-02;3.231867e-01;3.686273e-02;8.673692e-02;7.984969e-03
6.995478e-02;7.685374e-03;6.893059e-02;2.465465e-01;4.222450e-02;1.097272e-02;2.390170e-02;2.441286e-02;3.937153e-01;3.256770e-02;6.899706e-02;1.009095e-02
5.111970e-02;1.352390e-02;1.079094e-01;2.249918e-01;3.080276e-02;1.364971e-02;2.648789e-02;4.529597e-02;3.896953e-01;2.774682e-02;5.114667e-02;1.762999e-02
4.329368e-02;1.808031e-02;1.686417e-01;2.016508e-01;2.661654e-02;2.090618e-02;2.533327e-02;6.036702e-02;3.453685e-01;2.311099e-02;4.002659e-02;2.660441e-02
3.725637e-02;2.533102e-02;2.415591e-01;1.660992e-01;2.071096e-02;2.998377e-02;2.511504e-02;9.309032e-02;2.822340e-01;1.787567e-02;2.609080e-02;3.465379e-02
3.175621e-02;2.847227e-02;3.076712e-01;1.243927e-01;1.830949e-02;3.853314e-02;3.127440e-02;1.240724e-01;2.123709e-01;1.746647e-02;1.924617e-02;4.643477e-02
1.880560e-02;2.947749e-02;3.480145e-01;8.427242e-02;1.029583e-02;3.957775e-02;5.545200e-02;1.607114e-01;1.426668e-01;1.983173e-02;1.218649e-02;7.870799e-02
1.951053e-02;5.022255e-02;3.291564e-01;5.649439e-02;1.533017e-02;3.018669e-02;1.082212e-01;1.627940e-01;8.153520e-02;2.533753e-02;2.818238e-02;9.302909e-02
4.607195e-02;9.076802e-02;2.587070e-01;3.712758e-02;2.639717e-02;2.386960e-02;1.738355e-01;1.058959e-01;5.827000e-02;2.786186e-02;6.843703e-02;8.275843e-02
7.817625e-02;1.113695e-01;1.583917e-01;3.537117e-02;4.234527e-02;3.081143e-02;2.187447e-01;5.917037e-02;8.431298e-02;3.681169e-02;8.815716e-02;5.633785e-02
1.240137e-01;7.606195e-02;1.423917e-01;4.704474e-02;5.217110e-02;5.461194e-02;1.580356e-01;1.074122e-01;9.537959e-02;5.849509e-02;4.460407e-02;3.977826e-02
1.171662e-01;6.768056e-02;1.833147e-01;6.718139e-02;6.400841e-02;7.094868e-02;4.595035e-02;8.354017e-02;1.219339e-01;7.093712e-02;4.853279e-02;5.880577e-02
9.378836e-02;7.183637e-02;1.919601e-01;5.731559e-02;7.763062e-02;6.587631e-02;1.123032e-01;5.456983e-02;8.727317e-02;6.854261e-02;4.664924e-02;7.225452e-02
1.128238e-01;1.260592e-01;1.144207e-01;3.745154e-02;5.572601e-02;6.318827e-02;2.562305e-01;4.091518e-02;4.530418e-02;6.820954e-02;3.286307e-02;4.680806e-02
8.875662e-02;1.606206e-01;1.103481e-01;2.059013e-02;3.626612e-02;4.881896e-02;3.238716e-01;5.004196e-02;3.078199e-02;4.429402e-02;7.275175e-02;1.285813e-02
4.438518e-02;1.304677e-01;1.874269e-01;2.442771e-02;3.780887e-02;1.995443e-02;2.867187e-01;7.344455e-02;2.993661e-02;2.494564e-02;1.128128e-01;2.767107e-02
4.378523e-02;1.150639e-01;2.008296e-01;2.549792e-02;3.836198e-02;1.247245e-02;2.594025e-01;8.342291e-02;2.330102e-02;1.665572e-02;1.343195e-01;4.688729e-02
2.566162e-02;1.031704e-01;1.823516e-01;1.581327e-02;3.816580e-02;9.941064e-03;2.724133e-01;1.001516e-01;1.976717e-02;1.880448e-02;1.571540e-01;5.660568e-02
1.762288e-02;1.026637e-01;1.372773e-01;5.791918e-03;3.882870e-02;1.351221e-02;3.132937e-01;1.028005e-01;1.613260e-02;1.616710e-02;1.823295e-01;5.358000e-02
3.959258e-02;1.157236e-01;8.670766e-02;9.289206e-03;3.706066e-02;1.961330e-02;3.452535e-01;7.840035e-02;1.446493e-02;1.836356e-02;1.935795e-01;4.195122e-02
7.357787e-02;1.336129e-01;4.162061e-02;1.987248e-02;3.626166e-02;3.538033e-02;3.440427e-01;4.803068e-02;2.716426e-02;4.173231e-02;1.574481e-01;4.125611e-02
1.280228e-01;1.388222e-01;2.955346e-02;3.574257e-02;3.924699e-02;6.038465e-02;2.851730e-01;3.350403e-02;4.439838e-02;7.655670e-02;1.005684e-01;2.802689e-02
1.779499e-01;1.154976e-01;4.293518e-02;5.913963e-02;5.354999e-02;8.127955e-02;1.673508e-01;2.806944e-02;5.423611e-02;1.137582e-01;8.175748e-02;2.447626e-02
1.705518e-01;8.915980e-02;7.775059e-02;7.940879e-02;9.046097e-02;9.013102e-02;7.438838e-02;3.949507e-02;5.260703e-02;1.160202e-01;8.677505e-02;3.325123e-02
1.059217e-01;9.192077e-02;1.346023e-01;8.906986e-02;1.102462e-01;6.378027e-02;8.015226e-02;1.471797e-02;6.089327e-02;9.528711e-02;1.012023e-01;5.220603e-02
7.338751e-02;1.370908e-01;1.505651e-01;8.459970e-02;6.818984e-02;5.231370e-02;8.301826e-02;4.047482e-02;5.857971e-02;8.923629e-02;1.316891e-01;3.085519e-02
4.821280e-02;1.145087e-01;1.917488e-01;9.072994e-02;4.598293e-02;6.271581e-02;9.759853e-02;4.706451e-02;6.394666e-02;9.935435e-02;1.130837e-01;2.505323e-02
4.416322e-02;1.032255e-01;1.206510e-01;1.102576e-01;5.049557e-02;8.618113e-02;1.300976e-01;8.851082e-02;5.076889e-02;8.282980e-02;7.078319e-02;6.203574e-02
7.471075e-02;1.204194e-01;6.080818e-02;7.017932e-02;5.317587e-02;8.684751e-02;1.265926e-01;8.865923e-02;6.244916e-02;1.134504e-01;4.837812e-02;9.432943e-02
1.042463e-01;1.064546e-01;9.455612e-02;3.222589e-02;3.617170e-02;6.314792e-02;6.677257e-02;5.173894e-02;9.191537e-02;1.526009e-01;9.106177e-02;1.091079e-01
9.979642e-02;5.983561e-02;1.055642e-01;6.097163e-02;4.489512e-02;5.741112e-02;8.028296e-02;5.187389e-02;1.160841e-01;1.588700e-01;8.255403e-02;8.186095e-02
9.374154e-02;4.165328e-02;1.665989e-01;5.441092e-02;6.074112e-02;5.708580e-02;1.402503e-01;4.526098e-02;9.677520e-02;1.192979e-01;8.230563e-02;4.187845e-02
8.686442e-02;5.192667e-02;2.381597e-01;5.830218e-02;4.704759e-02;5.207210e-02;1.440618e-01;5.393194e-02;4.939504e-02;1.020057e-01;6.759275e-02;4.864016e-02
7.333445e-02;4.996444e-02;2.641434e-01;6.565890e-02;5.924581e-02;6.451479e-02;9.783837e-02;4.285489e-02;4.534574e-02;9.037649e-02;8.106770e-02;6.565504e-02
4.673382e-02;5.664845e-02;2.672696e-01;5.961172e-02;7.372913e-02;7.875112e-02;7.306592e-02;4.575684e-02;5.329543e-02;7.179894e-02;9.258087e-02;8.075818e-02
5.372905e-02;8.814782e-02;1.314920e-01;5.138449e-02;7.099741e-02;8.385725e-02;1.291192e-01;6.476230e-02;5.104700e-02;8.881314e-02;9.805581e-02;8.859454e-02
1.133720e-01;7.326158e-02;1.584571e-01;8.296667e-02;4.891258e-02;5.143591e-02;9.464945e-02;7.300212e-02;8.262090e-02;6.571072e-02;6.485100e-02;9.075996e-02
1.290250e-01;4.521560e-02;1.946161e-01;1.421356e-01;4.906674e-02;3.329716e-02;6.782546e-02;6.573199e-02;1.200393e-01;4.822499e-02;3.746917e-02;6.735284e-02
1.541079e-01;2.087276e-02;1.861966e-01;2.184722e-01;4.503747e-02;1.913790e-02;3.899263e-02;4.851737e-02;1.674471e-01;4.028673e-02;2.058783e-02;4.034348e-02
1.838002e-01;2.044863e-02;1.239720e-01;2.612182e-01;6.260641e-02;1.539793e-02;2.843557e-02;3.008927e-02;2.023700e-01;4.107671e-02;1.584890e-02;1.473628e-02
2.165805e-01;1.195218e-02;5.368626e-02;2.887228e-01;7.662130e-02;1.156484e-02;1.824443e-02;2.096874e-02;2.397294e-01;3.955882e-02;1.611082e-02;6.259956e-03
2.023327e-01;1.003738e-02;6.026360e-02;2.746378e-01;8.338966e-02;9.760904e-03;2.447622e-02;2.275363e-02;2.436672e-01;4.482720e-02;1.388807e-02;9.965638e-03
1.825727e-01;1.855936e-02;6.722648e-02;2.506045e-01;1.128102e-01;6.492817e-03;2.031024e-02;1.903042e-02;2.409157e-01;5.929547e-02;1.671913e-02;5.462882e-03
1.529926e-01;3.559443e-02;3.520725e-02;2.086420e-01;1.919809e-01;1.017075e-02;1.894848e-02;1.117237e-02;2.106271e-01;1.076264e-01;1.371373e-02;3.323986e-03
9.057212e-02;7.067782e-02;2.748988e-02;1.516184e-01;2.762899e-01;1.696774e-02;1.967878e-02;1.416335e-02;1.423810e-01;1.680869e-01;1.334275e-02;8.731370e-03
4.535321e-02;1.198895e-01;2.421794e-02;8.286551e-02;3.285872e-01;3.296125e-02;1.894676e-02;2.198947e-02;7.077964e-02;2.251399e-01;1.621169e-02;1.305794e-02
1.916264e-02;1.534539e-01;2.483537e-02;5.215789e-02;3.358520e-01;4.081740e-02;1.157760e-02;3.588269e-02;1.614941e-02;2.670149e-01;2.575446e-02;1.734168e-02
1.281020e-02;1.570393e-01;2.001314e-02;4.663465e-02;2.918555e-01;3.998002e-02;1.493163e-02;6.435362e-02;3.763052e-02;2.696350e-01;2.819856e-02;1.691793e-02
1.418075e-02;1.694141e-01;1.238268e-02;4.555997e-02;2.645294e-01;4.809274e-02;1.007135e-02;9.429820e-02;1.882492e-02;2.664947e-01;3.588646e-02;2.026471e-02
2.139921e-02;1.787857e-01;1.366901e-02;6.865614e-02;2.459750e-01;3.462329e-02;1.207753e-02;9.749081e-02;3.077514e-02;2.418535e-01;3.227847e-02;2.241626e-02
1.471490e-02;1.955495e-01;1.967623e-02;8.910961e-02;2.361899e-01;3.814790e-02;1.115031e-02;7.557908e-02;3.719705e-02;2.175811e-01;3.917448e-02;2.593001e-02
1.335778e-02;2.085920e-01;9.909165e-03;7.736806e-02;2.231246e-01;5.602447e-02;1.795269e-02;5.134166e-02;3.018208e-02;2.226961e-01;6.409989e-02;2.535158e-02
1.291014e-02;2.085214e-01;1.392252e-02;5.476009e-02;2.006311e-01;5.404482e-02;1.119555e-02;3.366334e-02;2.740854e-02;2.668748e-01;7.890301e-02;3.716464e-02
2.661465e-02;1.711939e-01;3.566867e-02;5.932363e-02;1.544373e-01;3.973629e-02;4.155441e-02;2.042574e-02;4.930094e-02;2.657741e-01;8.353480e-02;5.243555e-02
4.576044e-02;1.349745e-01;6.224938e-02;8.503684e-02;1.383434e-01;2.992087e-02;6.969781e-02;3.837859e-02;7.177346e-02;2.090312e-01;6.643424e-02;4.839919e-02
4.571079e-02;1.317997e-01;8.788168e-02;7.914139e-02;1.532559e-01;4.793936e-02;1.357504e-01;5.632580e-02;4.156778e-02;1.230963e-01;5.936592e-02;3.816493e-02
3.044161e-02;1.331092e-01;1.424226e-01;3.863760e-02;1.161769e-01;6.187890e-02;1.293742e-01;6.978130e-02;5.573331e-02;1.031599e-01;6.411995e-02;5.516459e-02
4.252135e-02;1.187287e-01;1.032500e-01;4.202494e-02;5.535146e-02;5.268002e-02;6.651597e-02;8.895130e-02;8.924460e-02;2.280130e-01;6.283670e-02;4.988198e-02
3.276939e-02;5.843246e-02;5.917498e-02;4.833917e-02;7.049537e-02;5.691924e-02;4.382138e-02;1.010081e-01;7.057220e-02;3.868834e-01;3.772332e-02;3.386097e-02
5.617798e-02;4.399389e-02;9.517669e-02;8.946470e-02;6.954107e-02;4.548639e-02;7.308343e-02;9.640262e-02;5.522709e-02;3.079998e-01;2.619808e-02;4.124819e-02
1.402615e-01;7.152805e-02;1.878284e-01;7.496767e-02;4.048656e-02;4.128462e-02;1.002592e-01;5.224722e-02;4.190765e-02;1.307524e-01;5.024438e-02;6.823239e-02
1.653540e-01;8.401448e-02;2.077455e-01;5.545733e-02;4.316698e-02;2.949160e-02;9.565730e-02;3.589209e-02;4.133084e-02;9.550278e-02;7.458866e-02;7.179847e-02
1.486237e-01;5.463883e-02;2.496166e-01;6.630875e-02;4.348694e-02;1.912325e-02;1.024897e-01;4.523606e-02;6.249523e-02;8.213460e-02;7.204247e-02;5.380397e-02
1.042650e-01;4.694707e-02;2.837375e-01;7.810301e-02;4.570266e-02;1.973942e-02;1.585750e-01;4.933064e-02;7.242894e-02;6.508056e-02;4.783541e-02;2.825488e-02
7.440022e-02;9.649141e-02;2.714995e-01;6.740730e-02;4.503176e-02;2.974411e-02;1.998913e-01;4.038971e-02;6.348753e-02;5.946185e-02;3.297148e-02;1.922373e-02
8.341485e-02;9.048197e-02;2.596228e-01;5.724387e-02;5.571081e-02;4.129997e-02;1.988676e-01;3.145834e-02;6.243622e-02;6.796953e-02;1.955795e-02;3.193612e-02
6.194806e-02;7.786322e-02;2.285954e-01;5.953817e-02;9.067030e-02;4.792989e-02;1.390650e-01;5.208048e-02;7.782462e-02;9.075015e-02;2.402424e-02;4.971046e-02
5.144887e-02;8.268981e-02;2.533742e-01;8.640991e-02;8.617470e-02;3.537202e-02;7.825687e-02;2.829333e-02;6.426298e-02;1.296647e-01;7.606825e-02;2.798440e-02
8.429585e-02;4.857250e-02;1.827971e-01;9.112466e-02;9.347269e-02;3.516703e-02;7.675731e-02;5.517200e-02;7.891495e-02;9.991678e-02;9.519797e-02;5.861120e-02
1.085230e-01;8.647487e-02;8.099672e-02;6.032377e-02;7.843170e-02;5.289689e-02;1.028157e-01;8.883902e-02;9.089834e-02;8.427299e-02;8.982351e-02;7.570355e-02
8.409960e-02;1.154183e-01;1.147714e-01;4.677775e-02;4.502870e-02;6.897938e-02;9.366188e-02;9.540845e-02;9.812418e-02;9.316458e-02;7.206496e-02;7.250085e-02
5.853242e-02;1.086621e-01;1.068248e-01;8.099100e-02;5.324257e-02;7.458210e-02;1.373898e-01;7.987564e-02;9.153730e-02;1.099349e-01;4.453155e-02;5.389582e-02
1.013359e-01;8.182622e-02;2.209892e-01;7.838492e-02;6.822190e-02;4.207397e-02;1.251047e-01;3.806478e-02;6.231929e-02;8.517512e-02;4.774208e-02;4.876202e-02
9.698489e-02;9.788790e-02;1.678091e-01;9.826922e-02;9.952519e-02;2.960011e-02;8.428659e-02;2.727461e-02;7.917232e-02;1.064240e-01;5.815104e-02;5.461501e-02
9.573721e-02;5.609413e-02;1.518068e-01;1.492923e-01;1.127809e-01;3.173316e-02;5.032716e-02;2.641735e-02;1.150666e-01;1.021429e-01;6.471767e-02;4.388386e-02
9.303404e-02;3.235727e-02;2.285691e-01;1.887070e-01;8.394149e-02;2.776985e-02;5.303530e-02;3.558533e-02;1.085199e-01;6.064656e-02;4.953370e-02;3.830038e-02
5.863900e-02;3.423777e-02;3.188132e-01;1.960761e-01;5.268174e-02;3.537988e-02;4.795839e-02;5.589891e-02;7.628372e-02;3.108265e-02;2.698974e-02;6.595888e-02
1.772796e-02;3.390140e-02;4.225104e-01;1.472256e-01;2.363358e-02;3.471887e-02;4.540446e-02;8.340726e-02;5.259412e-02;2.420282e-02;1.221076e-02;1.024627e-01
7.546474e-03;4.439295e-02;4.813093e-01;8.268285e-02;1.097779e-02;2.058378e-02;6.169065e-02;1.076511e-01;3.529880e-02;2.874949e-02;1.105184e-02;1.080649e-01
1.798984e-02;7.081576e-02;4.859989e-01;4.583196e-02;9.406785e-03;9.845626e-03;9.191806e-02;1.078436e-01;2.442349e-02;2.899725e-02;2.307156e-02;8.385725e-02
3.773296e-02;1.218465e-01;4.351728e-01;2.753912e-02;1.312412e-02;6.709566e-03;1.469590e-01;8.306861e-02;1.572907e-02;1.884739e-02;4.221799e-02;5.105283e-02
4.896718e-02;1.751463e-01;3.572878e-01;1.839178e-02;1.789030e-02;8.727311e-03;1.874366e-01;7.290270e-02;1.545472e-02;1.297407e-02;5.238440e-02;3.243688e-02
8.399265e-02;2.043844e-01;2.604536e-01;1.573191e-02;2.316605e-02;1.940995e-02;2.104381e-01;6.571459e-02;1.241225e-02;2.035224e-02;6.081027e-02;2.313393e-02
1.561354e-01;1.844527e-01;1.545647e-01;2.035786e-02;3.311519e-02;4.631462e-02;2.035964e-01;3.626650e-02;1.834195e-02;4.644693e-02;6.398296e-02;3.642483e-02
1.859349e-01;1.186231e-01;9.189958e-02;3.859339e-02;4.844957e-02;6.797726e-02;1.588926e-01;2.901374e-02;4.418479e-02;7.681955e-02;7.453058e-02;6.508092e-02
1.149225e-01;6.671617e-02;1.518780e-01;5.350881e-02;6.086500e-02;6.893931e-02;1.472152e-01;2.794348e-02;5.163899e-02;9.848972e-02;7.961491e-02;7.826784e-02
3.313805e-02;7.955045e-02;2.462993e-01;4.644152e-02;3.492324e-02;4.163792e-02;2.404596e-01;5.552602e-02;2.802497e-02;6.375910e-02;8.465762e-02;4.558223e-02
9.667878e-02;1.327316e-01;1.927675e-01;4.167471e-02;3.496394e-02;3.961358e-02;2.467977e-01;3.835361e-02;3.446254e-02;3.788351e-02;6.604645e-02;3.802607e-02
1.569148e-01;1.378566e-01;1.269977e-01;3.577776e-02;5.932574e-02;4.619310e-02;2.341711e-01;2.772984e-02;2.895359e-02;4.947864e-02;5.300726e-02;4.359372e-02
1.566550e-01;7.651409e-02;1.161167e-01;2.667946e-02;7.304963e-02;4.148297e-02;1.893651e-01;7.052413e-02;6.335846e-02;7.930864e-02;4.928372e-02;5.766202e-02
7.970322e-02;9.317273e-02;1.741447e-01;4.466522e-02;4.970408e-02;4.440817e-02;1.821838e-01;5.263808e-02;1.095283e-01;4.998779e-02;7.547986e-02;4.438412e-02
6.146530e-02;9.034576e-02;1.875546e-01;4.166565e-02;5.622120e-02;5.876477e-02;2.296581e-01;4.775817e-02;7.803538e-02;4.868618e-02;7.517657e-02;2.466830e-02
5.299169e-02;8.416688e-02;2.100544e-01;5.910995e-02;5.928688e-02;5.428566e-02;2.148050e-01;4.836614e-02;5.981857e-02;4.197999e-02;8.178481e-02;3.334999e-02
7.559579e-02;1.017108e-01;1.921846e-01;1.121379e-01;6.292595e-02;4.082656e-02;1.279991e-01;6.236783e-02;8.603239e-02;4.332481e-02;6.137108e-02;3.352321e-02
1.311300e-01;1.013576e-01;2.042917e-01;1.149615e-01;7.321125e-02;2.466417e-02;6.598257e-02;5.370406e-02;7.762809e-02;5.150832e-02;5.686290e-02;4.469774e-02
1.146935e-01;1.661011e-01;2.078591e-01;6.356431e-02;6.365100e-02;2.329621e-02;3.207425e-02;3.932239e-02;6.703937e-02;6.005297e-02;1.040827e-01;5.826301e-02
8.240778e-02;1.280997e-01;2.269950e-01;5.113145e-02;4.199487e-02;1.847318e-02;8.543960e-02;4.942820e-02;8.271146e-02;8.268273e-02;8.032510e-02;7.031097e-02
5.991319e-02;8.639716e-02;2.479175e-01;4.596311e-02;3.360933e-02;2.097164e-02;1.374436e-01;6.191972e-02;7.265370e-02;6.871273e-02;1.040371e-01;6.046117e-02
1.509712e-02;1.052818e-01;2.564988e-01;3.712225e-02;2.327281e-02;2.333243e-02;2.245426e-01;6.057967e-02;4.400164e-02;3.198846e-02;1.216138e-01;5.666858e-02
5.566790e-02;1.397764e-01;1.992061e-01;1.868345e-02;2.422005e-02;2.643257e-02;3.289676e-01;3.678638e-02;1.556467e-02;1.749169e-02;1.016392e-01;3.556404e-02
8.170452e-02;1.573733e-01;1.124086e-01;8.676128e-03;3.188280e-02;5.258114e-02;4.165987e-01;3.290349e-02;1.068962e-02;2.178848e-02;5.808861e-02;1.530454e-02
1.053034e-01;1.568465e-01;5.600456e-02;7.550864e-03;3.708963e-02;7.850746e-02;4.507278e-01;3.936787e-02;2.087490e-02;1.740675e-02;2.404109e-02;6.279231e-03
1.219743e-01;1.589593e-01;5.251674e-02;1.255012e-02;4.017851e-02;7.241940e-02;4.266432e-01;3.937288e-02;3.022422e-02;1.416876e-02;2.494404e-02;6.048604e-03
8.152711e-02;1.451820e-01;1.215132e-01;1.088150e-02;4.306324e-02;4.178300e-02;3.970080e-01;5.414239e-02;3.690727e-02;1.517649e-02;3.735031e-02;1.546544e-02
3.745265e-02;1.035488e-01;1.923362e-01;1.248214e-02;3.724245e-02;2.329469e-02;4.033687e-01;7.575252e-02;2.714639e-02;2.038887e-02;4.280039e-02;2.418626e-02
1.368372e-02;7.644784e-02;2.358836e-01;1.144748e-02;3.241687e-02;1.426158e-02;4.127400e-01;9.010902e-02;1.976149e-02;2.255323e-02;4.502231e-02;2.567294e-02
2.153119e-02;9.172604e-02;2.182705e-01;1.085234e-02;3.713699e-02;1.509422e-02;4.063058e-01;8.872928e-02;1.909048e-02;2.298065e-02;4.794093e-02;2.034154e-02
3.305829e-02;1.260649e-01;1.577808e-01;9.754936e-03;4.758172e-02;1.853474e-02;4.121326e-01;7.386240e-02;1.994987e-02;2.630772e-02;5.826821e-02;1.670391e-02
6.872676e-02;1.469741e-01;8.438893e-02;1.382627e-02;4.799021e-02;3.442864e-02;4.251633e-01;5.156983e-02;2.215868e-02;2.987269e-02;6.347234e-02;1.142826e-02
1.178134e-01;1.320380e-01;3.709988e-02;2.383848e-02;5.522881e-02;6.052647e-02;4.173507e-01;3.593991e-02;2.068010e-02;3.724330e-02;5.293117e-02;9.309748e-03
1.483757e-01;9.628318e-02;3.956509e-02;3.344719e-02;9.059250e-02;8.909130e-02;3.514351e-01;2.699590e-02;2.100842e-02;4.396617e-02;3.687230e-02;2.236716e-02
1.210373e-01;6.336071e-02;1.231226e-01;4.414715e-02;1.506342e-01;1.071883e-01;2.040373e-01;2.298502e-02;3.909763e-02;4.741670e-02;3.384487e-02;4.312819e-02
5.428280e-02;5.722948e-02;2.406513e-01;5.994498e-02;1.710276e-01;8.479397e-02;1.241638e-01;2.895305e-02;4.088478e-02;3.885849e-02;4.239392e-02;5.681586e-02
3.808897e-02;7.369077e-02;3.876890e-01;5.593994e-02;1.245235e-01;5.642636e-02;8.715061e-02;2.508191e-02;2.673271e-02;2.784402e-02;4.168344e-02;5.514879e-02
2.835822e-02;7.989972e-02;3.882051e-01;5.898963e-02;7.265029e-02;3.976467e-02;1.249510e-01;2.880437e-02;3.618738e-02;4.480793e-02;4.515473e-02;5.222700e-02
4.877717e-02;7.472848e-02;3.075650e-01;7.303067e-02;6.497841e-02;3.380989e-02;1.752361e-01;3.650128e-02;3.844681e-02;5.415805e-02;4.812968e-02;4.463841e-02
3.670971e-02;7.412947e-02;2.844110e-01;8.268983e-02;1.072784e-01;3.540454e-02;1.581304e-01;3.426794e-02;5.384103e-02;4.194208e-02;5.590393e-02;3.529170e-02
4.865937e-02;6.953207e-02;1.862226e-01;8.008555e-02;1.398838e-01;7.242804e-02;1.474310e-01;2.562611e-02;8.370342e-02;4.179792e-02;8.394156e-02;2.068858e-02
6.460983e-02;9.375679e-02;1.514367e-01;9.914351e-02;1.241000e-01;7.678425e-02;1.041099e-01;2.702780e-02;9.937954e-02;4.563414e-02;8.432471e-02;2.969269e-02
5.342714e-02;7.991800e-02;1.860100e-01;6.849237e-02;8.673140e-02;8.312399e-02;1.437445e-01;4.141485e-02;8.058114e-02;5.960485e-02;8.828311e-02;2.866863e-02
4.497451e-02;8.057860e-02;2.096034e-01;3.240882e-02;9.488410e-02;7.541219e-02;1.590877e-01;4.452912e-02;5.565059e-02;5.644080e-02;1.039472e-01;4.248297e-02
5.028358e-02;9.359015e-02;1.814839e-01;6.134704e-02;8.777142e-02;6.071073e-02;1.589156e-01;6.787340e-02;5.180481e-02;6.283867e-02;8.465278e-02;3.872800e-02
5.161717e-02;9.645724e-02;1.746148e-01;7.811727e-02;9.419885e-02;7.312850e-02;1.135855e-01;7.670262e-02;4.164770e-02;7.463708e-02;6.322727e-02;6.206591e-02
6.105041e-02;9.050433e-02;1.901079e-01;6.426082e-02;1.132441e-01;5.842141e-02;1.064066e-01;7.127360e-02;5.725409e-02;7.949609e-02;6.508502e-02;4.289555e-02
5.467667e-02;7.305335e-02;7.209510e-02;6.571916e-02;5.658457e-02;8.971502e-02;1.710548e-01;1.212328e-01;1.189848e-01;9.581622e-02;4.830203e-02;3.276544e-02
6.595702e-02;6.384993e-02;1.494608e-01;4.010643e-02;5.685473e-02;8.220394e-02;1.220137e-01;8.423196e-02;1.501589e-01;5.905829e-02;9.305648e-02;3.304787e-02
1.590167e-01;1.149649e-01;1.586669e-01;3.325045e-02;2.759187e-02;4.636986e-02;1.266110e-01;6.724740e-02;7.319158e-02;4.164312e-02;5.708676e-02;9.435952e-02
1.649391e-01;1.464835e-01;1.875242e-01;4.439238e-02;2.810555e-02;3.864931e-02;1.103079e-01;5.062966e-02;2.390763e-02;4.688371e-02;5.738151e-02;1.007955e-01
1.501487e-01;1.392973e-01;1.837346e-01;7.310834e-02;4.881531e-02;5.455237e-02;8.737932e-02;3.030356e-02;4.030278e-02;4.846715e-02;5.367015e-02;9.022040e-02
1.797020e-01;9.440678e-02;1.514770e-01;1.013194e-01;9.399293e-02;7.847943e-02;4.980134e-02;1.224237e-02;8.410781e-02;4.029189e-02;3.656482e-02;7.761420e-02
1.591185e-01;2.471964e-02;1.335688e-01;9.585148e-02;1.676491e-01;1.024420e-01;3.710387e-02;1.242945e-02;1.405143e-01;1.849627e-02;1.956100e-02;8.854547e-02
1.393642e-01;2.378067e-02;1.230610e-01;4.666910e-02;1.856510e-01;9.747015e-02;4.827374e-02;1.607091e-02;1.703469e-01;2.208792e-02;1.550588e-02;1.117184e-01
1.134881e-01;9.086862e-03;9.427151e-02;3.871598e-02;2.288422e-01;7.551970e-02;6.554540e-02;1.277442e-02;2.044103e-01;1.195868e-02;1.762665e-02;1.277602e-01
1.070875e-01;1.617175e-02;7.022328e-02;4.302173e-02;2.519258e-01;5.171747e-02;7.834937e-02;1.602513e-02;1.987290e-01;1.166594e-02;1.822109e-02;1.368620e-01
9.128514e-02;1.493330e-02;6.898743e-02;5.002227e-02;2.655173e-01;4.771201e-02;7.431830e-02;2.161023e-02;1.824825e-01;7.258471e-03;2.403147e-02;1.518416e-01
8.568058e-02;2.368580e-02;6.928134e-02;4.630162e-02;2.763579e-01;5.198734e-02;6.365444e-02;2.319932e-02;1.685298e-01;7.520227e-03;2.378016e-02;1.600214e-01
8.038841e-02;1.748663e-02;8.979949e-02;4.212995e-02;2.827959e-01;5.107020e-02;5.574270e-02;2.028238e-02;1.684741e-01;5.511184e-03;2.459357e-02;1.617255e-01
7.289914e-02;2.310523e-02;9.859035e-02;5.965003e-02;2.764030e-01;4.498624e-02;4.249243e-02;1.339165e-02;1.766193e-01;6.715473e-03;2.408032e-02;1.610668e-01
6.250677e-02;7.244298e-02;9.832652e-02;8.020995e-02;2.471665e-01;3.842131e-02;3.473511e-02;1.288924e-02;1.692834e-01;4.095652e-03;1.807184e-02;1.618506e-01
6.066326e-02;1.404765e-01;9.881422e-02;6.471631e-02;2.043312e-01;3.425556e-02;3.387409e-02;2.199340e-02;1.527632e-01;5.539990e-03;1.777904e-02;1.647933e-01
7.008996e-02;1.367616e-01;8.684620e-02;4.457369e-02;1.803191e-01;3.855017e-02;3.103061e-02;2.266430e-02;1.481142e-01;7.214592e-03;6.380456e-02;1.700310e-01
5.095899e-02;6.133887e-02;8.962719e-02;4.860861e-02;1.771710e-01;3.806870e-02;3.054926e-02;4.740632e-02;1.434237e-01;2.898926e-02;1.295580e-01;1.543001e-01
3.845438e-02;1.472391e-02;9.225084e-02;5.348656e-02;1.916698e-01;4.658447e-02;3.532064e-02;1.029101e-01;1.521890e-01;3.912037e-02;1.080295e-01;1.252605e-01
4.774444e-02;1.403960e-02;8.029591e-02;5.583254e-02;2.032795e-01;6.291999e-02;7.889888e-02;1.277888e-01;1.859430e-01;1.966163e-02;3.526629e-02;8.832940e-02
5.007313e-02;1.173824e-02;1.086337e-01;1.020536e-01;2.324402e-01;6.498163e-02;8.095153e-02;8.642335e-02;1.668875e-01;1.001126e-02;1.943792e-02;6.636801e-02
3.382131e-02;1.736119e-02;1.922874e-01;1.790108e-01;2.414778e-01;4.631060e-02;4.077836e-02;3.965176e-02;1.021824e-01;1.425826e-02;3.601899e-02;5.684097e-02
2.399801e-02;2.266736e-02;2.592391e-01;2.168467e-01;1.956807e-01;3.852859e-02;2.394823e-02;5.437380e-02;6.131150e-02;1.905630e-02;4.385144e-02;4.049831e-02
9.058129e-03;2.247399e-02;3.008744e-01;2.265094e-01;1.495779e-01;3.546663e-02;1.307793e-02;7.825877e-02;5.728079e-02;1.697504e-02;6.300161e-02;2.744538e-02
1.323250e-02;2.122735e-02;3.321062e-01;2.184346e-01;1.199717e-01;3.508238e-02;2.557893e-02;7.948962e-02;3.902966e-02;2.013949e-02;7.431303e-02;2.139443e-02
1.656818e-02;1.263751e-02;4.347677e-01;1.856330e-01;9.331089e-02;2.588654e-02;4.379837e-02;4.643093e-02;2.842578e-02;3.433459e-02;6.394300e-02;1.426349e-02
1.874664e-02;1.677100e-02;5.248264e-01;1.297603e-01;6.773647e-02;2.023583e-02;7.413000e-02;3.068520e-02;1.620771e-02;5.193218e-02;4.091643e-02;8.051805e-03
2.696243e-02;4.155738e-02;5.259207e-01;7.839113e-02;5.133482e-02;2.696842e-02;7.160126e-02;3.174124e-02;3.731444e-02;6.359793e-02;2.838231e-02;1.622794e-02
5.023797e-02;8.710690e-02;4.673405e-01;5.205910e-02;3.803046e-02;3.851576e-02;7.456207e-02;2.351916e-02;5.248584e-02;6.744884e-02;2.340395e-02;2.528947e-02
7.583841e-02;1.051261e-01;4.025818e-01;3.732719e-02;3.359506e-02;4.055892e-02;9.766839e-02;2.474378e-02;5.595808e-02;6.397086e-02;2.648253e-02;3.614881e-02
7.627125e-02;6.803714e-02;4.015524e-01;4.089867e-02;5.741143e-02;4.357855e-02;1.033553e-01;3.243093e-02;5.759793e-02;5.869340e-02;3.169781e-02;2.847513e-02
