7.071651e-02;2.336405e-01;2.217996e-01;1.583220e-02;1.939132e-02;1.175214e-01;4.082597e-02;6.874880e-02;9.266403e-02;3.087634e-02;3.654500e-02;5.143837e-02
6.388568e-02;2.329052e-01;1.727678e-01;1.866889e-02;1.729849e-02;9.311119e-02;7.625031e-02;7.188584e-02;8.646078e-02;3.313241e-02;4.101204e-02;9.262139e-02
6.436235e-02;2.136023e-01;6.851007e-02;3.396351e-02;2.291208e-02;5.226993e-02;1.543912e-01;7.712219e-02;8.270628e-02;4.805279e-02;4.280538e-02;1.393019e-01
5.833056e-02;1.802105e-01;1.179023e-01;2.984270e-02;1.727030e-02;5.368626e-02;1.862962e-01;7.353007e-02;7.762874e-02;4.314131e-02;4.128361e-02;1.208774e-01
4.723937e-02;1.189281e-01;4.873922e-02;3.297262e-02;1.367211e-02;6.456248e-02;2.983195e-01;7.369922e-02;6.830496e-02;3.788441e-02;4.701933e-02;1.486586e-01
3.512366e-02;9.882605e-02;3.336457e-02;4.962241e-02;5.414858e-03;6.507678e-02;3.890719e-01;6.179836e-02;3.796318e-02;2.471400e-02;3.065346e-02;1.683708e-01
3.920909e-02;7.966737e-02;3.896008e-02;7.094180e-02;6.884308e-03;5.501823e-02;3.961455e-01;6.402424e-02;2.900169e-02;2.481375e-02;1.680120e-02;1.785328e-01
4.373499e-02;8.518438e-02;7.530059e-02;8.194304e-02;1.009217e-02;4.988825e-02;3.253475e-01;6.297700e-02;2.582360e-02;2.953492e-02;1.733734e-02;1.928362e-01
5.002310e-02;8.786891e-02;7.242662e-02;7.690626e-02;1.063155e-02;4.041276e-02;2.408628e-01;8.246793e-02;4.248862e-02;4.233106e-02;2.788636e-02;2.256940e-01
1.038787e-01;1.415223e-01;1.093914e-01;4.268277e-02;7.072646e-03;5.209633e-02;1.513509e-01;7.236318e-02;5.158092e-02;4.333667e-02;2.237651e-02;2.023477e-01
1.351012e-01;1.820807e-01;1.181869e-01;3.721634e-02;6.101388e-03;4.855103e-02;1.274919e-01;4.718958e-02;5.259030e-02;3.086932e-02;2.374410e-02;1.908772e-01
9.403032e-02;1.514681e-01;9.594999e-02;5.027683e-02;4.459478e-03;4.362287e-02;1.560709e-01;6.352595e-02;9.105484e-02;3.345750e-02;5.067299e-02;1.654102e-01
6.694050e-02;1.618053e-01;7.798425e-02;6.783055e-02;8.583920e-03;7.107297e-02;2.029774e-01;8.161955e-02;1.035260e-01;2.631985e-02;4.054780e-02;9.079189e-02
4.765624e-02;1.751784e-01;9.479065e-02;5.673088e-02;7.513276e-03;6.833574e-02;2.384107e-01;9.071877e-02;6.131821e-02;2.036476e-02;1.944521e-02;1.195372e-01
4.512161e-02;1.476088e-01;1.136711e-01;4.025486e-02;7.849997e-03;3.823821e-02;3.030756e-01;8.490842e-02;4.617180e-02;2.138930e-02;1.769373e-02;1.340166e-01
4.408589e-02;6.042008e-02;9.586956e-02;2.689358e-02;1.133365e-02;7.769451e-02;3.461490e-01;7.082903e-02;6.968584e-02;2.798938e-02;2.993722e-02;1.391122e-01
5.409599e-02;1.004401e-01;1.167843e-01;2.121974e-02;1.404029e-02;7.320188e-02;3.048286e-01;9.364093e-02;5.967308e-02;2.461974e-02;2.418862e-02;1.132667e-01
7.663964e-02;1.875411e-01;1.511141e-01;2.979294e-02;1.392454e-02;4.761401e-02;2.225947e-01;9.516862e-02;6.189880e-02;2.176844e-02;1.464687e-02;7.729627e-02
9.046504e-02;2.121210e-01;1.038567e-01;3.001201e-02;1.656862e-02;7.861111e-02;1.905214e-01;9.754467e-02;5.652257e-02;3.837051e-02;2.413511e-02;6.127131e-02
6.637417e-02;1.612708e-01;1.433214e-01;3.094527e-02;3.025144e-02;7.480113e-02;1.192787e-01;9.598947e-02;1.045520e-01;1.013151e-01;3.099150e-02;4.090909e-02
5.687826e-02;8.519722e-02;1.196829e-01;4.550847e-02;4.653206e-02;8.002859e-02;9.595560e-02;1.325313e-01;1.302366e-01;1.205123e-01;4.053705e-02;4.639958e-02
5.995924e-02;1.485737e-01;1.786541e-01;3.917221e-02;2.670101e-02;6.481916e-02;6.977113e-02;1.184220e-01;1.138802e-01;9.192526e-02;4.514483e-02;4.297713e-02
5.851261e-02;2.765199e-01;2.212023e-01;3.372162e-02;8.443754e-03;3.570428e-02;4.117939e-02;8.830764e-02;1.218032e-01;5.629555e-02;2.582430e-02;3.248553e-02
5.824418e-02;2.426663e-01;1.743785e-01;4.472679e-02;2.162923e-02;5.064369e-02;4.282899e-02;8.981540e-02;1.292014e-01;7.662077e-02;3.511777e-02;3.412695e-02
4.326139e-02;2.032278e-01;9.810169e-02;6.089977e-02;4.323811e-02;7.618494e-02;4.236353e-02;1.098709e-01;1.070587e-01;1.280898e-01;4.758778e-02;4.011562e-02
4.358851e-02;2.006951e-01;1.387728e-01;4.848607e-02;4.118061e-02;5.592806e-02;3.871319e-02;8.821547e-02;1.411055e-01;1.478888e-01;3.516110e-02;2.026492e-02
3.434011e-02;2.083694e-01;1.174470e-01;3.128933e-02;2.670717e-02;4.743504e-02;4.146720e-02;6.636220e-02;2.146982e-01;1.593307e-01;3.844178e-02;1.411187e-02
9.956313e-02;1.801860e-01;6.589449e-02;1.498862e-02;4.962945e-02;3.865597e-02;4.514571e-02;1.128125e-01;1.939178e-01;1.128943e-01;6.067362e-02;2.563841e-02
1.954026e-01;1.348317e-01;4.937542e-02;1.035113e-02;7.694662e-02;2.027230e-02;4.429133e-02;1.929665e-01;1.072730e-01;5.619524e-02;9.356399e-02;1.853025e-02
2.627946e-01;8.037233e-02;4.866673e-02;7.438228e-03;7.997558e-02;1.708093e-02;4.400680e-02;2.388015e-01;5.845926e-02;3.773849e-02;1.077911e-01;1.687442e-02
3.476354e-01;8.618865e-02;3.646955e-02;7.899052e-03;7.643589e-02;9.096581e-03;3.285581e-02;2.516559e-01;3.009808e-02;2.379907e-02;8.530493e-02;1.256111e-02
4.149922e-01;7.681578e-02;4.779291e-02;1.076180e-02;6.597088e-02;1.326029e-02;2.442089e-02;2.463859e-01;2.011345e-02;9.300798e-03;6.352857e-02;6.656517e-03
4.476485e-01;7.055249e-02;4.363335e-02;7.666722e-03;5.312573e-02;1.248970e-02;1.949265e-02;2.589334e-01;1.677775e-02;4.784345e-03;5.256255e-02;1.233286e-02
4.294043e-01;5.884614e-02;3.595211e-02;7.941275e-03;3.485442e-02;1.552364e-02;3.411974e-02;2.862315e-01;1.761082e-02;8.118422e-03;3.429128e-02;3.710639e-02
3.519166e-01;7.424153e-02;5.210488e-02;9.848122e-03;1.684833e-02;1.587393e-02;6.019295e-02;3.074049e-01;2.466484e-02;1.094116e-02;1.652882e-02;5.943390e-02
2.539092e-01;8.834147e-02;4.889104e-02;2.332580e-02;1.545719e-02;2.891294e-02;9.765854e-02;2.766293e-01;3.352626e-02;2.309542e-02;2.421859e-02;8.603426e-02
1.778414e-01;9.657766e-02;5.349170e-02;4.657214e-02;2.590207e-02;3.881535e-02;1.512790e-01;1.864942e-01;3.498094e-02;3.600986e-02;5.104301e-02;1.009926e-01
1.414303e-01;1.358417e-01;1.027626e-01;5.263599e-02;2.891268e-02;2.843375e-02;1.560644e-01;9.187369e-02;4.646878e-02;3.215738e-02;7.892279e-02;1.044959e-01
1.274497e-01;1.093874e-01;9.008583e-02;2.889464e-02;1.971381e-02;3.558560e-02;1.064145e-01;1.503097e-01;7.047143e-02;2.633874e-02;6.982966e-02;1.655190e-01
2.371525e-01;1.320900e-01;3.504281e-02;1.248703e-02;3.043943e-02;2.964645e-02;7.287088e-02;1.872409e-01;9.337866e-02;2.479266e-02;4.278184e-02;1.020768e-01
2.650455e-01;1.454594e-01;5.990186e-02;1.748733e-02;3.738474e-02;2.090511e-02;6.630705e-02;2.000756e-01;9.860232e-02;1.573970e-02;3.420232e-02;3.888904e-02
2.432124e-01;9.813154e-02;8.166718e-02;1.517242e-02;3.899897e-02;1.949837e-02;6.759623e-02;2.075606e-01;9.686675e-02;2.818869e-02;6.511999e-02;3.798691e-02
1.359417e-01;1.618212e-01;1.056547e-01;1.008916e-02;2.884459e-02;2.734740e-02;5.212817e-02;2.636358e-01;7.560173e-02;2.334381e-02;7.506954e-02;4.052219e-02
2.057364e-01;2.055323e-01;1.174254e-01;1.145129e-02;2.617076e-02;1.743537e-02;3.670441e-02;2.188060e-01;5.436951e-02;2.210291e-02;6.172768e-02;2.253796e-02
2.607813e-01;1.578297e-01;1.116791e-01;1.291155e-02;2.506020e-02;2.462438e-02;6.360592e-02;1.623367e-01;3.703403e-02;3.228898e-02;7.424857e-02;3.759949e-02
2.784354e-01;1.250583e-01;4.978993e-02;1.311821e-02;2.474087e-02;3.566099e-02;1.060356e-01;1.548058e-01;6.495397e-02;2.918445e-02;8.623809e-02;3.197827e-02
2.059264e-01;1.466364e-01;6.619685e-02;1.722746e-02;3.186908e-02;3.919028e-02;1.142746e-01;1.858527e-01;8.098376e-02;2.190235e-02;6.679840e-02;2.314178e-02
1.446223e-01;1.508153e-01;6.380808e-02;1.802519e-02;2.840525e-02;4.744787e-02;8.735104e-02;2.590180e-01;7.555753e-02;2.754355e-02;7.441379e-02;2.299209e-02
9.896411e-02;1.350277e-01;6.395490e-02;1.661714e-02;2.416166e-02;6.439700e-02;6.166346e-02;3.127015e-01;8.940803e-02;3.485390e-02;7.933851e-02;1.891211e-02
1.081370e-01;1.295338e-01;6.057448e-02;1.729377e-02;3.071775e-02;3.322095e-02;8.808517e-02;3.004156e-01;8.770002e-02;4.078732e-02;7.605832e-02;2.747576e-02
1.837693e-01;1.369943e-01;4.386292e-02;1.749418e-02;3.700618e-02;5.296039e-02;9.853404e-02;2.148332e-01;6.926917e-02;5.368476e-02;5.518604e-02;3.640550e-02
1.951925e-01;2.212393e-01;1.529217e-01;1.666672e-02;3.085883e-02;4.335811e-02;7.477214e-02;9.535249e-02;4.701698e-02;3.489898e-02;3.383672e-02;5.388552e-02
1.520499e-01;3.319989e-01;2.303954e-01;1.401130e-02;1.811277e-02;1.915201e-02;4.326293e-02;7.238197e-02;4.064840e-02;2.158651e-02;2.379283e-02;3.260716e-02
1.270156e-01;3.582161e-01;2.179978e-01;1.351187e-02;2.266934e-02;1.297952e-02;3.476555e-02;9.389149e-02;5.167535e-02;2.326491e-02;1.803871e-02;2.597378e-02
1.521534e-01;3.418508e-01;1.742291e-01;1.131275e-02;2.907753e-02;1.297789e-02;2.652639e-02;1.079946e-01;5.758347e-02;2.817095e-02;3.282469e-02;2.529844e-02
2.534168e-01;2.961742e-01;1.332864e-01;6.865341e-03;3.649064e-02;1.691753e-02;4.041319e-02;8.627645e-02;4.810110e-02;2.721759e-02;3.097371e-02;2.386700e-02
3.870831e-01;2.337092e-01;1.058845e-01;6.617172e-03;4.203004e-02;2.664598e-02;3.497079e-02;6.470276e-02;3.122212e-02;2.965673e-02;2.170536e-02;1.577218e-02
3.971071e-01;1.451147e-01;8.845960e-02;1.090626e-02;3.585377e-02;5.014106e-02;3.119178e-02;7.057608e-02;3.594416e-02;1.789971e-02;3.715885e-02;7.964694e-02
1.920588e-01;9.178323e-02;9.855875e-02;2.807030e-02;2.236135e-02;9.556907e-02;1.019279e-01;8.542422e-02;2.519860e-02;2.149366e-02;4.234990e-02;1.952043e-01
5.009527e-02;7.771713e-02;6.438015e-02;2.745299e-02;1.548764e-02;9.434453e-02;2.151919e-01;8.596206e-02;1.910128e-02;2.444433e-02;7.135104e-02;2.544717e-01
4.851282e-02;5.941458e-02;4.126468e-02;1.602674e-02;1.068244e-02;7.470910e-02;3.206681e-01;6.219986e-02;2.898666e-02;2.569685e-02;7.601092e-02;2.358273e-01
3.995089e-02;6.799287e-02;4.420998e-02;1.132924e-02;7.210011e-03;8.688854e-02;3.279040e-01;7.300588e-02;2.443248e-02;2.779386e-02;6.898063e-02;2.203017e-01
6.300351e-02;7.663026e-02;5.347616e-02;1.785049e-02;9.869254e-03;1.287621e-01;2.268619e-01;9.221549e-02;3.308559e-02;2.405248e-02;1.068702e-01;1.673226e-01
5.891561e-02;9.371459e-02;4.224190e-02;1.297092e-02;9.348288e-03;1.917211e-01;1.269214e-01;8.985513e-02;4.645928e-02;2.357477e-02;2.063786e-01;9.789839e-02
5.214470e-02;8.298642e-02;5.085726e-02;5.321612e-03;1.329337e-02;2.186686e-01;3.569827e-02;5.796581e-02;5.449291e-02;2.571853e-02;3.276729e-01;7.517968e-02
4.358809e-02;3.995732e-02;2.918516e-02;3.047787e-03;1.755191e-02;2.143811e-01;9.187314e-02;3.848045e-02;4.021185e-02;2.460061e-02;4.150086e-01;4.211407e-02
4.091906e-02;4.929693e-02;4.236259e-02;5.304801e-03;1.734536e-02;1.620242e-01;8.128986e-02;4.971331e-02;4.716725e-02;4.256860e-02;4.362611e-01;2.574696e-02
3.166173e-02;8.169730e-02;6.653895e-02;3.157517e-03;1.177036e-02;1.077508e-01;5.027103e-02;5.042651e-02;4.201302e-02;5.324196e-02;4.298211e-01;7.164969e-02
2.155827e-02;8.489434e-02;7.619836e-02;8.334771e-03;1.159792e-02;9.379117e-02;6.201703e-02;6.038162e-02;4.800609e-02;3.906291e-02;3.952478e-01;9.890971e-02
3.464409e-02;8.046217e-02;8.217523e-02;2.064254e-02;1.719323e-02;1.076616e-01;1.049386e-01;6.286833e-02;6.435516e-02;3.860629e-02;3.058544e-01;8.059835e-02
7.575462e-02;8.045185e-02;7.890954e-02;3.320143e-02;1.874813e-02;1.340461e-01;1.287436e-01;9.583822e-02;9.748428e-02;2.419917e-02;1.609683e-01;7.165472e-02
1.194579e-01;8.340936e-02;6.445439e-02;1.603132e-02;9.053553e-03;1.707651e-01;1.395787e-01;1.193793e-01;9.218723e-02;3.793237e-02;7.654974e-02;7.120112e-02
1.569806e-01;1.313930e-01;9.245990e-02;6.525171e-03;1.854469e-02;1.519788e-01;9.863561e-02;1.127843e-01;6.074162e-02;3.569597e-02;8.393813e-02;5.032212e-02
1.879223e-01;1.926476e-01;1.339159e-01;8.918128e-03;1.828869e-02;1.056502e-01;2.677665e-02;8.064108e-02;5.137146e-02;3.914563e-02;9.773724e-02;5.698505e-02
1.799939e-01;2.227721e-01;1.364932e-01;1.169018e-02;1.912022e-02;5.303831e-02;4.950728e-02;5.972027e-02;5.603374e-02;3.760605e-02;9.582029e-02;7.820450e-02
1.591428e-01;2.253562e-01;1.322496e-01;1.224465e-02;2.446047e-02;8.037729e-02;2.832487e-02;8.531081e-02;4.789769e-02;3.550033e-02;6.535099e-02;1.037843e-01
9.926967e-02;1.979980e-01;1.052577e-01;1.202140e-02;1.570073e-02;1.482833e-01;5.718358e-02;1.199187e-01;6.324892e-02;2.375205e-02;5.580645e-02;1.015595e-01
6.343348e-02;1.690263e-01;9.628233e-02;1.293133e-02;1.447024e-02;2.131756e-01;9.916496e-02;1.136310e-01;5.682579e-02;2.758738e-02;4.851191e-02;8.495973e-02
1.271809e-01;1.361346e-01;9.891158e-02;1.410581e-02;1.568206e-02;2.027835e-01;1.464033e-01;7.656866e-02;3.758603e-02;3.015152e-02;6.104937e-02;5.344264e-02
1.841973e-01;1.112781e-01;6.021550e-02;1.247691e-02;1.674686e-02;1.618412e-01;1.649584e-01;7.145567e-02;5.275561e-02;3.244251e-02;8.894248e-02;4.268944e-02
1.956905e-01;9.041706e-02;6.859585e-02;1.341661e-02;2.964313e-02;7.981633e-02;1.283640e-01;1.108953e-01;9.371569e-02;3.605291e-02;9.155924e-02;6.183341e-02
1.527458e-01;1.220656e-01;6.832307e-02;2.031413e-02;2.941083e-02;9.377122e-02;7.061198e-02;1.093202e-01;9.122407e-02;2.794235e-02;1.104390e-01;1.038319e-01
1.287371e-01;1.144347e-01;6.465243e-02;2.038925e-02;2.279125e-02;1.219910e-01;4.413736e-02;9.458694e-02;7.430626e-02;2.427317e-02;1.370906e-01;1.526100e-01
1.092740e-01;1.424481e-01;9.908900e-02;2.552466e-02;3.318699e-02;1.136164e-01;7.298094e-02;1.076213e-01;6.369153e-02;2.639433e-02;1.060606e-01;1.001120e-01
8.211760e-02;1.342142e-01;1.252871e-01;4.722232e-02;2.641391e-02;1.398609e-01;8.983436e-02;1.291995e-01;5.119859e-02;2.402609e-02;9.318808e-02;5.743727e-02
4.025089e-02;2.606309e-01;2.192112e-01;4.342453e-02;3.940067e-02;1.109922e-01;5.769797e-02;1.097209e-01;4.119818e-02;1.360560e-02;4.186006e-02;2.200688e-02
9.272280e-02;3.309023e-01;2.081357e-01;2.744257e-02;5.818171e-02;5.477185e-02;4.193742e-02;1.007351e-01;3.698361e-02;9.056967e-03;2.479524e-02;1.433469e-02
1.572419e-01;3.375306e-01;1.215176e-01;2.159808e-02;8.830364e-02;3.408669e-02;3.668712e-02;1.260331e-01;3.228750e-02;6.658352e-03;2.824754e-02;9.807834e-03
2.209024e-01;2.495803e-01;5.843895e-02;2.501596e-02;1.014753e-01;3.086797e-02;4.248828e-02;1.854127e-01;2.128893e-02;1.174146e-02;2.999060e-02;2.279711e-02
2.786191e-01;1.526579e-01;3.817511e-02;2.325776e-02;8.656271e-02;2.731193e-02;4.452004e-02;2.581231e-01;1.455289e-02;1.167445e-02;3.053211e-02;3.401290e-02
3.284931e-01;7.204068e-02;5.491043e-02;2.162712e-02;6.861052e-02;2.080080e-02;2.711500e-02;3.293055e-01;1.069404e-02;1.352647e-02;2.598618e-02;2.689016e-02
2.970039e-01;1.204091e-01;4.370511e-02;1.261021e-02;8.728183e-02;1.279531e-02;3.030133e-02;3.150714e-01;1.734525e-02;1.556902e-02;2.205980e-02;2.584772e-02
2.761807e-01;1.592523e-01;4.810906e-02;7.058581e-03;1.047110e-01;2.237754e-02;6.592364e-03;2.928097e-01;2.447755e-02;1.930037e-02;2.260912e-02;1.652165e-02
2.365350e-01;1.742586e-01;3.286400e-02;1.072328e-02;1.183362e-01;2.340837e-02;1.904951e-02;2.645957e-01;5.810417e-02;2.194968e-02;2.160940e-02;1.856608e-02
1.516357e-01;2.269041e-01;5.717355e-02;1.299145e-02;1.024184e-01;3.776535e-02;2.745945e-02;2.191433e-01;1.081358e-01;1.690290e-02;1.851589e-02;2.095399e-02
4.885452e-02;3.115401e-01;7.528682e-02;1.446288e-02;5.117470e-02;9.966154e-02;4.081899e-02;1.594350e-01;1.649289e-01;5.905874e-03;1.647103e-02;1.145961e-02
6.234705e-02;3.309009e-01;9.476062e-02;1.091000e-02;3.279446e-02;1.377582e-01;2.655484e-02;6.858823e-02;1.824957e-01;2.928443e-02;1.311364e-02;1.049189e-02
6.737331e-02;3.567720e-01;1.348200e-01;9.322174e-03;2.087281e-02;1.290863e-01;9.813628e-03;2.471378e-02;1.813569e-01;4.821748e-02;5.128791e-03;1.252287e-02
6.021232e-02;3.528281e-01;1.843589e-01;1.220598e-02;1.607080e-02;8.570915e-02;1.311599e-02;4.165663e-02;1.443487e-01;7.195298e-02;7.601488e-03;9.938983e-03
5.714908e-02;3.183153e-01;2.212544e-01;2.075131e-02;1.550845e-02;7.640154e-02;1.508418e-02;5.669656e-02;8.962908e-02;1.081854e-01;1.299376e-02;8.030814e-03
4.835127e-02;2.154643e-01;3.116869e-01;2.567338e-02;3.044537e-02;8.751685e-02;5.600953e-02;4.656756e-02;3.283275e-02;1.148876e-01;2.115588e-02;9.408587e-03
4.534050e-02;1.798744e-01;4.172475e-01;3.279208e-02;2.096944e-02;4.890121e-02;7.389891e-02;3.840021e-02;2.131495e-02;8.184623e-02;2.279631e-02;1.661822e-02
4.742609e-02;2.566596e-01;4.518743e-01;3.729970e-02;1.460165e-02;2.228008e-02;5.189757e-02;2.795575e-02;3.694824e-02;3.456270e-02;1.019576e-02;8.298505e-03
6.457575e-02;2.514218e-01;3.847410e-01;3.893898e-02;2.175609e-02;3.641321e-02;2.839005e-02;4.627074e-02;4.409188e-02;4.393952e-02;2.598512e-02;1.347579e-02
6.260351e-02;2.427429e-01;3.493870e-01;5.055324e-02;2.661270e-02;5.726933e-02;3.640902e-02;6.808613e-02;2.573634e-02;3.158237e-02;3.709305e-02;1.192444e-02
5.705643e-02;2.566267e-01;3.058473e-01;6.857093e-02;2.661588e-02;7.862663e-02;3.227390e-02;5.858185e-02;5.824141e-02;1.528763e-02;3.431179e-02;7.959642e-03
4.679720e-02;2.356630e-01;2.745762e-01;9.536991e-02;3.369547e-02;9.975411e-02;3.715609e-02;2.885771e-02;7.541897e-02;2.563121e-02;3.962607e-02;7.454140e-03
2.546474e-02;1.828530e-01;2.215358e-01;1.204570e-01;6.335410e-02;9.386405e-02;3.467691e-02;6.413069e-02;4.584078e-02;4.695822e-02;9.184559e-02;9.019113e-03
1.708929e-02;1.369521e-01;2.681338e-01;1.345047e-01;5.301271e-02;4.261313e-02;1.815682e-02;1.012873e-01;5.326907e-02;2.134972e-02;1.432784e-01;1.035297e-02
1.384531e-02;9.107148e-02;2.130837e-01;1.487842e-01;4.401034e-02;8.679862e-02;1.488427e-02;1.096655e-01;6.760731e-02;2.279065e-02;1.836522e-01;3.806387e-03
1.960559e-02;1.022109e-01;2.470426e-01;1.316288e-01;5.996101e-02;8.390178e-02;2.077990e-02;8.834714e-02;5.076230e-02;1.444027e-02;1.603552e-01;2.096460e-02
3.455589e-02;1.611672e-01;2.827975e-01;1.116721e-01;5.409132e-02;5.427232e-02;2.909005e-02;6.843898e-02;3.755867e-02;1.107028e-02;1.266971e-01;2.858851e-02
3.406160e-02;1.771782e-01;4.282316e-01;7.497429e-02;3.440806e-02;4.371566e-02;2.732770e-02;5.451088e-02;2.884660e-02;2.003660e-02;6.495412e-02;1.175473e-02
2.964062e-02;1.876072e-01;5.100215e-01;5.960918e-02;2.331677e-02;3.870891e-02;2.482288e-02;4.843127e-02;2.485015e-02;3.414798e-02;1.027656e-02;8.567004e-03
3.024315e-02;2.739653e-01;4.675786e-01;5.102796e-02;2.153257e-02;4.854931e-02;1.024594e-02;2.893670e-02;2.804796e-02;2.391225e-02;8.829977e-03;7.130176e-03
3.439007e-02;3.008203e-01;4.619674e-01;4.097033e-02;2.510808e-02;5.061639e-02;1.160148e-02;2.812427e-02;2.472593e-02;1.264940e-02;6.498561e-03;2.527744e-03
4.012441e-02;2.604223e-01;4.060664e-01;4.188437e-02;3.173236e-02;8.246668e-02;2.589726e-02;4.547212e-02;2.535546e-02;1.984688e-02;1.238075e-02;8.350925e-03
4.998012e-02;2.099025e-01;3.136559e-01;5.419739e-02;3.681336e-02;1.110901e-01;3.068626e-02;7.184327e-02;6.356077e-02;2.526377e-02;2.618815e-02;6.818504e-03
5.779430e-02;2.304076e-01;1.858400e-01;4.986414e-02;4.184317e-02;1.218730e-01;2.182963e-02;1.081761e-01;1.063848e-01;1.962801e-02;3.794632e-02;1.841297e-02
5.588442e-02;2.486019e-01;1.778076e-01;6.118775e-02;3.941916e-02;1.138851e-01;2.650611e-02;9.972096e-02;8.841860e-02;3.470768e-02;3.049472e-02;2.336609e-02
3.384246e-02;2.321563e-01;3.528885e-01;5.202344e-02;3.125553e-02;9.674832e-02;3.361932e-02;5.701075e-02;4.933485e-02;2.182996e-02;1.885783e-02;2.043270e-02
4.746453e-02;2.422067e-01;3.823572e-01;4.436064e-02;2.915463e-02;5.516804e-02;3.061188e-02;6.444848e-02;3.984613e-02;2.363058e-02;2.477813e-02;1.597314e-02
5.717960e-02;2.484038e-01;3.620960e-01;4.662442e-02;2.506062e-02;5.238848e-02;1.819176e-02;8.460385e-02;3.689643e-02;2.558435e-02;2.694804e-02;1.602263e-02
5.231664e-02;2.453874e-01;3.645462e-01;3.871611e-02;2.644392e-02;6.485485e-02;1.464839e-02;8.254407e-02;4.208890e-02;2.807570e-02;2.838395e-02;1.199383e-02
5.072210e-02;2.024203e-01;3.163608e-01;3.201842e-02;2.778169e-02;7.421422e-02;1.047429e-02;8.930379e-02;7.779799e-02;5.002733e-02;4.868871e-02;2.019038e-02
6.257987e-02;1.871038e-01;2.572502e-01;7.812551e-02;3.697171e-02;5.605013e-02;2.398192e-02;1.041936e-01;9.578866e-02;2.011703e-02;5.657195e-02;2.126562e-02
7.375140e-02;1.858694e-01;1.977149e-01;1.081541e-01;4.094270e-02;6.555624e-02;2.902035e-02;9.738296e-02;7.307943e-02;3.931504e-02;5.980157e-02;2.941188e-02
7.920058e-02;1.723207e-01;1.564066e-01;1.207766e-01;5.666538e-02;7.393067e-02;4.132672e-02;9.636185e-02;5.415240e-02;3.824984e-02;6.333549e-02;4.727325e-02
6.761459e-02;2.085902e-01;2.867581e-01;7.785197e-02;4.177361e-02;5.438614e-02;3.544548e-02;6.691480e-02;4.351134e-02;4.137879e-02;4.117588e-02;3.459910e-02
5.569066e-02;2.296258e-01;3.649966e-01;5.073754e-02;4.419769e-02;6.406609e-02;1.966797e-02;6.167611e-02;2.642501e-02;2.485648e-02;4.016815e-02;1.789193e-02
5.805254e-02;2.058132e-01;3.947244e-01;3.994256e-02;2.966561e-02;6.525867e-02;2.600648e-02;6.673403e-02;3.778987e-02;1.578855e-02;4.657934e-02;1.364485e-02
6.224389e-02;2.343864e-01;3.985741e-01;2.756727e-02;2.258777e-02;5.666026e-02;1.833693e-02;6.073426e-02;4.170019e-02;2.584993e-02;3.557817e-02;1.578089e-02
6.018895e-02;2.611132e-01;3.621934e-01;2.366786e-02;3.694052e-02;5.908748e-02;2.170192e-02;6.553376e-02;4.073721e-02;2.934472e-02;2.172045e-02;1.777054e-02
7.076426e-02;2.127786e-01;3.069808e-01;6.381859e-02;5.030213e-02;7.987244e-02;1.243129e-02;7.508463e-02;4.514473e-02;3.582757e-02;2.939477e-02;1.760020e-02
7.309065e-02;1.865331e-01;2.493421e-01;1.093938e-01;5.470691e-02;8.282541e-02;2.063146e-02;7.449603e-02;7.721750e-02;2.139781e-02;3.440557e-02;1.595969e-02
3.812923e-02;2.418201e-01;2.214915e-01;9.070399e-02;5.530091e-02;9.179067e-02;2.859747e-02;8.024693e-02;8.584374e-02;3.803839e-02;1.359177e-02;1.444524e-02
7.607699e-02;2.509814e-01;1.139502e-01;4.867391e-02;4.383000e-02;1.280127e-01;2.853143e-02;9.430058e-02;7.665364e-02;3.767464e-02;4.932962e-02;5.198491e-02
6.198367e-02;1.185406e-01;1.097321e-01;5.162526e-02;3.877513e-02;1.517095e-01;7.812221e-02;9.642780e-02;6.955968e-02;6.635070e-02;6.945845e-02;8.771493e-02
5.655839e-02;6.072186e-02;5.260883e-02;6.265768e-02;2.760128e-02;1.135087e-01;1.764374e-01;1.113140e-01;6.793924e-02;8.300772e-02;6.294598e-02;1.246989e-01
6.449937e-02;4.782348e-02;4.137667e-02;5.233362e-02;2.168754e-02;9.511257e-02;2.345752e-01;1.251675e-01;5.355920e-02;8.421365e-02;4.236707e-02;1.372841e-01
8.681872e-02;6.373805e-02;2.740666e-02;3.579267e-02;2.717412e-02;5.643038e-02;2.136963e-01;2.153445e-01;4.378112e-02;8.474341e-02;2.996241e-02;1.151116e-01
1.294434e-01;8.529215e-02;4.610287e-02;2.258687e-02;3.223535e-02;2.890773e-02;1.109116e-01;3.424048e-01;2.943887e-02;6.329874e-02;3.434006e-02;7.503753e-02
1.594515e-01;1.202547e-01;6.977167e-02;1.841586e-02;3.796022e-02;2.680706e-02;3.590662e-02;3.910128e-01;2.177530e-02;4.145547e-02;3.779513e-02;3.939359e-02
1.690625e-01;1.381601e-01;6.971096e-02;9.018126e-03;3.953381e-02;2.572385e-02;7.111847e-02;3.700212e-01;2.187242e-02;2.556428e-02;4.133677e-02;1.887754e-02
1.979493e-01;1.497067e-01;7.721595e-02;6.105985e-03;4.247440e-02;1.792804e-02;5.619793e-02;3.694177e-01;1.457971e-02;1.591560e-02;3.421549e-02;1.829327e-02
2.202156e-01;1.618756e-01;7.943798e-02;8.878252e-03;4.717140e-02;1.857699e-02;1.212232e-02;3.631316e-01;2.677269e-02;1.997184e-02;2.341902e-02;1.842663e-02
2.260465e-01;1.655033e-01;8.497020e-02;7.545723e-03;5.084242e-02;1.664775e-02;1.862869e-02;3.338333e-01;3.039607e-02;2.267989e-02;1.957506e-02;2.333114e-02
2.205319e-01;1.730553e-01;8.460672e-02;1.323842e-02;5.043376e-02;3.750041e-02;2.958524e-02;2.863640e-01;3.759594e-02;1.883398e-02;2.189443e-02;2.635990e-02
1.741612e-01;1.586579e-01;1.394350e-01;2.370978e-02;3.259143e-02;7.824969e-02;7.466087e-02;1.877716e-01;5.369798e-02;1.842357e-02;2.708461e-02;3.155634e-02
7.632198e-02;3.122166e-01;2.575012e-01;1.901280e-02;1.180556e-02;5.909285e-02;6.827226e-02;1.106991e-01;3.196791e-02;1.490409e-02;1.400587e-02;2.419994e-02
6.927889e-02;3.711641e-01;2.762777e-01;1.355999e-02;9.509552e-03;3.367159e-02;5.067531e-02;1.137184e-01;1.701920e-02;2.132448e-02;1.168458e-02;1.211628e-02
6.104653e-02;3.931091e-01;2.865490e-01;1.117708e-02;1.103109e-02;2.372305e-02;3.030189e-02;1.134611e-01;2.080416e-02;2.447297e-02;1.019728e-02;1.412675e-02
5.559869e-02;3.645881e-01;2.668449e-01;1.328662e-02;1.487630e-02;2.264675e-02;3.704063e-02;1.208160e-01;4.334684e-02;2.833815e-02;7.414922e-03;2.520211e-02
7.507046e-02;2.572943e-01;2.083141e-01;1.832833e-02;1.866620e-02;4.045022e-02;6.392835e-02;1.537043e-01;6.613286e-02;3.542005e-02;1.677568e-02;4.591512e-02
1.101616e-01;1.897584e-01;1.696613e-01;2.040034e-02;1.737614e-02;4.078953e-02;7.760324e-02;1.963616e-01;5.068135e-02;3.666244e-02;2.631202e-02;6.423194e-02
1.134634e-01;2.567609e-01;2.125257e-01;1.687638e-02;1.379097e-02;1.728581e-02;9.904347e-02;1.643223e-01;3.156988e-02;1.983238e-02;1.872035e-02;3.580860e-02
1.047172e-01;2.713511e-01;2.288609e-01;1.280335e-02;1.555572e-02;3.066099e-02;6.426647e-02;1.683521e-01;3.978428e-02;1.273186e-02;2.356537e-02;2.735065e-02
1.044901e-01;2.606440e-01;2.152118e-01;1.194641e-02;2.055257e-02;3.699426e-02;3.547369e-02;1.895940e-01;4.685243e-02;1.488267e-02;2.996072e-02;3.339750e-02
1.284654e-01;2.261772e-01;1.445632e-01;1.389471e-02;2.641014e-02;6.572305e-02;3.077399e-02;2.346909e-01;4.533859e-02;2.980957e-02;2.123286e-02;3.292050e-02
1.225306e-01;2.813591e-01;8.721835e-02;1.719165e-02;1.980789e-02;5.776358e-02;1.309199e-02;2.307941e-01;4.943896e-02;2.729708e-02;4.958084e-02;4.392588e-02
6.853837e-02;2.065989e-01;1.127681e-01;3.716536e-02;2.547540e-02;9.957800e-02;3.478181e-02;1.599396e-01;7.436771e-02;5.248690e-02;6.775002e-02;6.054978e-02
2.492390e-02;1.521778e-01;1.347968e-01;4.972510e-02;2.958348e-02;1.329134e-01;4.675733e-02;1.282022e-01;8.440097e-02;1.140572e-01;3.829455e-02;6.416730e-02
2.626552e-02;2.016494e-01;1.699896e-01;3.489958e-02;2.068070e-02;1.123303e-01;1.959807e-02;6.404249e-02;1.134865e-01;1.556370e-01;4.457580e-02;3.684500e-02
2.191437e-02;2.788132e-01;1.617567e-01;2.009832e-02;1.195168e-02;1.006292e-01;1.931102e-02;2.674752e-02;1.653582e-01;1.528343e-01;2.529117e-02;1.529437e-02
2.775076e-02;3.568974e-01;1.066319e-01;1.161909e-02;7.309730e-03;9.631334e-02;1.144367e-02;3.681200e-02;2.135751e-01;1.049289e-01;1.839004e-02;8.328005e-03
4.548372e-02;4.211049e-01;8.699085e-02;9.285438e-03;1.555516e-02;9.405255e-02;1.266966e-02;3.992947e-02;2.206066e-01;3.027803e-02;9.067641e-03;1.497609e-02
3.973235e-02;4.451049e-01;8.890845e-02;7.540138e-03;2.229849e-02;9.367728e-02;1.116720e-02;3.428370e-02;2.056159e-01;2.245747e-02;4.796826e-03;2.441739e-02
5.675583e-02;4.123628e-01;8.988262e-02;6.828904e-03;1.136792e-02;6.781729e-02;1.438799e-02;4.999691e-02;2.208575e-01;2.927986e-02;1.226831e-02;2.819403e-02
6.653041e-02;3.386755e-01;7.227061e-02;1.527935e-02;1.927903e-02;3.969102e-02;3.143932e-02;1.020575e-01;2.577910e-01;2.415928e-02;1.257343e-02;2.025348e-02
9.412906e-02;2.493676e-01;6.122324e-02;1.709559e-02;4.313599e-02;4.893695e-02;4.749136e-02;1.421344e-01;2.356518e-01;1.851690e-02;2.881683e-02;1.350038e-02
1.393011e-01;2.238233e-01;7.685076e-02;7.753610e-03;5.995338e-02;2.621048e-02;4.828481e-02;1.913392e-01;1.583685e-01;1.483372e-02;4.745144e-02;5.829663e-03
1.386460e-01;2.229840e-01;9.679267e-02;6.040319e-03;5.968683e-02;2.558805e-02;5.602341e-02;2.367165e-01;8.613220e-02;1.179855e-02;5.153492e-02;8.056567e-03
1.191055e-01;2.168456e-01;9.777874e-02;8.235491e-03;5.502198e-02;4.292979e-02;8.813046e-02;2.402492e-01;4.665667e-02;3.075135e-02;4.332434e-02;1.097090e-02
9.359629e-02;2.232111e-01;1.166379e-01;9.602570e-03;4.493954e-02;6.301191e-02;8.128645e-02;1.893850e-01;7.038099e-02;5.016881e-02;4.128917e-02;1.649036e-02
7.401560e-02;2.991003e-01;1.653579e-01;1.080446e-02;3.308180e-02;5.987566e-02;4.589383e-02;1.323501e-01;8.311190e-02;4.468352e-02;3.628470e-02;1.544032e-02
6.632677e-02;3.987481e-01;1.990766e-01;9.122958e-03;2.004215e-02;3.198716e-02;3.422037e-02;1.069934e-01;8.356892e-02;2.200096e-02;1.878459e-02;9.128019e-03
5.553762e-02;3.961775e-01;2.341363e-01;1.924351e-02;9.946906e-03;4.243525e-02;2.203342e-02;1.029778e-01;5.575954e-02;2.851595e-02;2.052053e-02;1.271556e-02
4.324922e-02;2.977045e-01;2.611630e-01;2.516696e-02;2.225935e-02;8.094095e-02;2.836770e-02;9.459960e-02;5.183940e-02;3.113738e-02;4.400449e-02;1.956739e-02
6.448418e-02;2.847437e-01;2.287444e-01;2.762705e-02;2.744345e-02;7.806452e-02;4.873288e-02;7.564957e-02;7.307507e-02;1.436473e-02;5.870256e-02;1.836788e-02
8.111135e-02;3.200367e-01;1.743929e-01;2.758179e-02;2.038262e-02;6.770018e-02;4.419219e-02;3.877091e-02;1.224181e-01;3.217753e-02;6.267688e-02;8.558814e-03
8.207972e-02;3.326555e-01;1.456230e-01;1.990595e-02;1.439307e-02;6.720226e-02;2.686791e-02;4.684770e-02;1.703815e-01;3.500474e-02;5.063909e-02;8.399701e-03
6.989115e-02;3.410929e-01;1.691078e-01;1.724053e-02;1.239028e-02;5.185090e-02;2.381757e-02;8.394446e-02;1.809757e-01;1.070032e-02;2.850943e-02;1.047893e-02
6.993537e-02;3.348959e-01;2.125243e-01;1.405291e-02;1.312487e-02;3.972094e-02;3.084597e-02;8.688657e-02;1.607394e-01;1.292508e-02;1.419447e-02;1.015418e-02
9.100471e-02;3.137393e-01;1.704243e-01;1.423881e-02;2.693800e-02;3.183139e-02;2.677835e-02;1.550549e-01;1.326749e-01;9.365771e-03;1.551490e-02;1.243472e-02
1.040901e-01;3.420318e-01;1.176307e-01;1.359235e-02;3.936418e-02;4.100515e-02;2.791764e-02;1.814201e-01;8.296915e-02;1.793961e-02;1.457084e-02;1.746831e-02
7.894601e-02;3.768817e-01;1.181976e-01;2.100619e-02;2.639166e-02;8.096210e-02;1.530349e-02;1.244918e-01;9.142835e-02;2.947960e-02;2.048186e-02;1.642965e-02
4.417187e-02;4.168645e-01;1.119672e-01;2.579525e-02;1.354731e-02;8.503648e-02;1.842668e-02;8.032326e-02;1.100579e-01;4.804001e-02;2.579148e-02;1.997818e-02
3.456493e-02;2.933668e-01;2.241873e-01;2.911906e-02;1.549759e-02;3.954732e-02;1.912870e-02;5.105050e-02;9.545416e-02;1.482122e-01;2.879901e-02;2.107245e-02
2.506756e-02;1.995514e-01;2.856604e-01;2.832631e-02;1.365178e-02;2.476668e-02;2.181628e-02;3.121608e-02;6.670190e-02;2.516066e-01;3.791075e-02;1.372428e-02
2.757181e-02;1.230919e-01;3.026700e-01;2.001314e-02;1.062262e-02;2.128211e-02;2.303586e-02;2.441967e-02;4.657201e-02;3.580558e-01;3.219980e-02;1.046532e-02
2.774837e-02;1.627895e-01;2.614782e-01;1.266248e-02;7.972596e-03;1.222981e-02;2.123667e-02;3.095697e-02;5.958520e-02;3.789697e-01;1.414037e-02;1.023017e-02
1.954377e-02;1.684989e-01;2.282690e-01;9.594282e-03;6.132864e-03;1.616397e-02;1.256342e-02;3.786458e-02;1.001679e-01;3.728335e-01;1.855576e-02;9.812200e-03
1.613357e-02;1.159149e-01;2.235930e-01;1.191853e-02;3.115028e-03;2.380257e-02;1.365551e-02;5.312346e-02;1.395050e-01;3.712923e-01;1.700433e-02;1.094180e-02
1.965121e-02;1.309879e-01;2.131272e-01;1.005656e-02;5.791525e-03;2.088842e-02;9.797113e-03;6.619646e-02;1.481217e-01;3.382161e-01;1.965054e-02;1.751524e-02
1.959768e-02;1.523050e-01;2.191724e-01;9.138405e-03;4.876463e-03;1.435895e-02;1.670736e-02;6.413475e-02;1.453186e-01;3.201182e-01;1.478206e-02;1.949001e-02
1.728218e-02;1.721934e-01;2.264937e-01;8.527980e-03;4.364379e-03;1.558838e-02;1.338714e-02;5.752689e-02;1.316661e-01;3.240560e-01;8.035250e-03;2.087858e-02
1.273529e-02;1.837211e-01;2.416860e-01;1.001064e-02;3.795777e-03;2.922326e-02;1.452316e-02;5.217014e-02;1.282484e-01;2.932156e-01;9.951669e-03;2.071896e-02
1.901519e-02;1.893470e-01;2.508122e-01;1.141581e-02;3.661342e-03;2.437580e-02;1.459414e-02;4.632976e-02;1.384767e-01;2.697372e-01;1.187472e-02;2.036013e-02
1.783066e-02;1.595248e-01;2.524868e-01;1.530520e-02;7.212346e-03;2.358896e-02;1.039170e-02;3.656857e-02;1.335325e-01;3.058514e-01;1.536410e-02;2.234296e-02
1.586391e-02;1.446663e-01;2.376167e-01;1.569072e-02;6.813139e-03;1.830816e-02;1.748359e-02;2.861274e-02;1.303396e-01;3.443504e-01;1.977624e-02;2.047837e-02
1.101886e-02;1.382049e-01;2.421452e-01;1.160388e-02;9.159026e-03;1.653286e-02;1.742228e-02;3.595689e-02;1.256048e-01;3.587504e-01;2.046995e-02;1.313094e-02
1.470486e-02;1.427488e-01;2.500941e-01;1.060704e-02;1.231874e-02;1.233150e-02;1.969820e-02;3.571200e-02;1.202588e-01;3.508155e-01;1.902988e-02;1.168062e-02
1.184958e-02;1.568357e-01;2.512936e-01;1.528927e-02;1.280420e-02;1.870551e-02;1.925427e-02;2.940120e-02;1.394509e-01;3.142436e-01;1.083323e-02;2.003905e-02
2.088886e-02;2.030420e-01;2.466005e-01;2.048186e-02;1.073784e-02;3.447289e-02;1.239359e-02;3.646679e-02;1.373708e-01;2.383158e-01;1.744759e-02;2.178133e-02
2.669095e-02;2.793082e-01;3.398069e-01;2.401579e-02;1.172072e-02;4.610042e-02;8.660962e-03;3.526633e-02;7.251146e-02;1.305743e-01;9.024575e-03;1.631931e-02
2.474166e-02;3.163133e-01;4.555965e-01;1.912751e-02;8.914090e-03;3.663578e-02;1.003513e-02;3.129330e-02;1.665833e-02;5.520033e-02;1.251322e-02;1.297085e-02
2.223162e-02;3.169245e-01;5.008807e-01;1.810733e-02;6.497800e-03;1.805192e-02;7.484173e-03;2.600733e-02;2.906769e-02;3.724128e-02;8.526115e-03;8.979502e-03
2.550125e-02;3.357896e-01;5.037774e-01;1.357447e-02;5.607511e-03;1.863100e-02;5.287083e-03;2.133330e-02;2.265356e-02;3.216105e-02;4.627815e-03;1.105600e-02
2.978071e-02;3.580069e-01;4.818409e-01;1.452573e-02;5.823975e-03;1.949656e-02;5.349890e-03;2.625783e-02;1.652961e-02;2.627136e-02;6.207969e-03;9.908492e-03
3.059214e-02;3.662252e-01;4.646335e-01;1.269197e-02;4.197465e-03;2.130080e-02;5.818642e-03;2.963951e-02;2.034797e-02;2.934419e-02;6.537135e-03;8.671523e-03
3.078500e-02;3.742062e-01;4.332174e-01;1.138573e-02;4.354563e-03;2.251250e-02;6.916385e-03;2.816695e-02;3.141822e-02;4.318494e-02;6.442674e-03;7.409560e-03
3.288724e-02;3.724560e-01;4.041224e-01;1.171870e-02;6.656970e-03;2.804806e-02;1.170284e-02;2.540108e-02;3.794128e-02;5.503413e-02;4.713143e-03;9.318113e-03
4.026168e-02;3.666174e-01;3.916695e-01;9.870446e-03;8.341420e-03;2.136710e-02;2.278132e-02;2.359756e-02;3.197801e-02;6.644027e-02;7.134787e-03;9.940446e-03
5.125025e-02;3.242506e-01;3.187211e-01;1.177678e-02;8.334112e-03;4.749102e-02;4.272437e-02;3.974819e-02;4.404940e-02;8.195946e-02;1.804705e-02;1.164764e-02
8.269225e-02;2.792541e-01;1.915469e-01;1.266437e-02;1.698676e-02;6.045797e-02;6.273426e-02;8.431260e-02;7.367891e-02;9.539824e-02;1.791516e-02;2.235856e-02
1.268707e-01;2.416563e-01;1.341151e-01;1.893077e-02;2.271516e-02;7.382851e-02;5.207049e-02;1.228304e-01;7.801434e-02;8.391493e-02;1.170962e-02;3.334366e-02
1.519759e-01;2.592543e-01;1.869405e-01;1.695975e-02;2.296513e-02;4.392814e-02;2.651948e-02;1.391934e-01;6.331876e-02;5.138624e-02;8.664121e-03;2.889430e-02
1.413984e-01;2.791542e-01;2.274244e-01;1.526604e-02;1.815627e-02;3.446649e-02;2.528482e-02;1.315549e-01;5.385091e-02;3.759767e-02;1.213320e-02;2.371264e-02
1.161428e-01;2.369418e-01;2.199587e-01;1.435851e-02;1.329054e-02;4.577073e-02;3.015341e-02;1.004959e-01;8.706710e-02;8.278989e-02;8.007746e-03;4.502291e-02
9.974472e-02;1.639192e-01;1.855106e-01;2.498787e-02;1.175037e-02;8.247867e-02;3.426687e-02;6.110926e-02;9.816488e-02;1.559143e-01;8.342901e-03;7.381031e-02
9.020335e-02;2.007858e-01;1.493068e-01;3.553720e-02;1.061779e-02;8.363926e-02;4.283695e-02;7.486851e-02;4.941117e-02;1.663864e-01;1.419378e-02;8.221296e-02
1.007369e-01;1.987650e-01;1.450194e-01;5.764656e-02;8.523959e-03;7.577785e-02;6.272165e-02;6.898595e-02;5.263953e-02;1.350881e-01;7.679954e-03;8.641528e-02
9.988285e-02;1.351531e-01;1.422751e-01;8.566912e-02;7.842219e-03;7.095296e-02;9.570854e-02;6.573818e-02;6.670900e-02;1.119244e-01;1.060348e-02;1.075410e-01
1.117610e-01;2.126535e-01;2.029938e-01;5.993135e-02;6.799418e-03;4.845187e-02;6.538793e-02;4.384397e-02;6.270799e-02;7.947075e-02;1.408082e-02;9.191757e-02
8.450530e-02;3.032036e-01;2.737500e-01;2.749372e-02;5.734409e-03;4.815998e-02;3.287056e-02;4.010247e-02;5.429150e-02;4.294856e-02;1.248724e-02;7.445262e-02
8.546336e-02;3.551894e-01;2.683127e-01;2.521182e-02;8.462472e-03;5.335291e-02;1.669242e-02;5.061186e-02;5.127732e-02;1.826415e-02;1.656703e-02;5.059453e-02
1.267027e-01;3.122906e-01;1.599960e-01;3.295569e-02;1.050106e-02;6.733891e-02;2.724765e-02;3.744091e-02;8.995989e-02;6.397962e-02;1.262182e-02;5.896506e-02
1.373509e-01;2.307132e-01;1.810032e-01;2.885547e-02;7.304484e-03;6.010211e-02;2.560176e-02;5.661145e-02;9.724797e-02;8.581696e-02;2.033344e-02;6.905910e-02
1.496109e-01;2.489538e-01;1.648122e-01;2.578469e-02;7.818352e-03;7.528971e-02;3.790368e-02;6.960553e-02;7.167444e-02;7.500236e-02;2.042935e-02;5.311494e-02
1.554853e-01;2.240815e-01;1.035087e-01;3.414959e-02;1.051137e-02;7.498737e-02;8.688524e-02;7.631772e-02;6.213266e-02;4.676542e-02;1.247505e-02;1.127000e-01
1.161938e-01;2.371953e-01;8.219159e-02;3.738865e-02;1.001468e-02;5.329878e-02;1.166047e-01;4.314677e-02;6.177555e-02;6.829026e-02;2.122597e-02;1.526739e-01
8.080363e-02;2.476115e-01;1.456987e-01;2.855201e-02;1.048529e-02;2.828365e-02;1.091801e-01;3.314256e-02;5.298260e-02;8.372372e-02;2.333901e-02;1.561972e-01
9.200703e-02;2.433655e-01;1.371447e-01;2.019730e-02;8.239313e-03;4.038022e-02;8.633870e-02;4.840568e-02;5.489764e-02;9.841914e-02;2.215509e-02;1.484498e-01
1.356396e-01;2.329819e-01;1.506059e-01;1.720684e-02;8.924064e-03;4.296688e-02;5.476146e-02;4.619161e-02;6.354023e-02;1.106712e-01;1.976084e-02;1.167494e-01
1.745954e-01;2.387063e-01;6.945223e-02;1.766092e-02;6.500300e-03;3.617959e-02;5.229001e-02;5.448158e-02;7.298765e-02;1.626185e-01;2.046609e-02;9.406150e-02
1.241777e-01;2.799194e-01;1.624039e-01;2.048342e-02;9.740864e-03;2.762420e-02;4.273373e-02;3.202105e-02;7.175169e-02;1.607912e-01;2.794953e-02;4.040321e-02
8.935317e-02;3.017965e-01;2.360786e-01;2.832423e-02;6.560318e-03;2.371618e-02;3.443903e-02;3.613248e-02;7.182413e-02;1.174662e-01;2.022630e-02;3.408284e-02
1.144253e-01;2.517022e-01;1.775250e-01;3.532782e-02;5.620985e-03;4.690387e-02;3.364485e-02;7.093589e-02;8.482408e-02;1.024262e-01;1.949161e-02;5.717218e-02
1.057141e-01;2.971998e-01;2.238238e-01;2.469710e-02;6.873132e-03;2.637534e-02;3.082709e-02;6.165400e-02;6.943334e-02;7.967036e-02;2.005074e-02;5.368121e-02
8.546385e-02;3.728858e-01;2.828736e-01;1.384817e-02;4.239280e-03;3.137717e-02;4.272145e-02;1.258313e-02;3.977380e-02;6.003840e-02;1.480316e-02;3.939221e-02
7.439762e-02;3.612776e-01;2.721210e-01;1.147028e-02;7.900371e-03;3.879813e-02;4.940773e-02;3.438295e-02;2.976995e-02;6.844623e-02;1.115648e-02;4.087165e-02
9.678780e-02;4.085645e-01;1.745052e-01;1.310955e-02;1.074707e-02;3.634119e-02;5.181453e-02;4.171827e-02;2.502674e-02;8.439808e-02;1.752528e-02;3.946172e-02
1.169418e-01;4.328724e-01;1.402722e-01;1.492466e-02;1.335831e-02;3.347770e-02;5.114893e-02;3.382762e-02;4.053041e-02;7.155756e-02;1.994992e-02;3.113841e-02
6.705917e-02;4.183065e-01;2.495678e-01;1.558102e-02;7.668774e-03;4.312054e-02;3.593169e-02;2.911520e-02;3.816238e-02;6.384237e-02;1.445883e-02;1.718574e-02
4.957565e-02;4.597654e-01;2.741860e-01;1.363376e-02;4.950809e-03;2.347426e-02;1.906407e-02;2.161309e-02;4.926463e-02;5.955768e-02;9.453890e-03;1.546079e-02
5.929006e-02;5.026748e-01;2.697370e-01;1.170551e-02;2.814041e-03;1.381987e-02;1.267375e-02;1.425239e-02;4.262990e-02;4.673245e-02;6.756424e-03;1.691382e-02
7.805295e-02;5.101589e-01;2.616152e-01;1.044749e-02;4.589869e-03;1.784929e-02;1.372703e-02;2.103229e-02;2.204756e-02;3.677314e-02;4.832577e-03;1.887367e-02
8.448350e-02;4.938470e-01;2.552807e-01;8.718209e-03;7.700661e-03;2.243732e-02;1.369313e-02;2.091633e-02;3.069583e-02;3.834156e-02;5.754210e-03;1.813151e-02
8.266672e-02;4.595732e-01;2.200655e-01;1.221713e-02;1.090188e-02;3.519434e-02;1.890569e-02;2.439888e-02;4.681338e-02;4.862868e-02;1.446949e-02;2.616499e-02
1.174588e-01;4.301490e-01;1.594362e-01;1.272153e-02;9.601750e-03;2.326557e-02;3.370689e-02;4.696798e-02;5.493618e-02;4.564141e-02;1.946683e-02;4.664782e-02
1.225929e-01;4.448107e-01;1.178837e-01;1.538283e-02;1.091187e-02;2.977767e-02;3.302277e-02;3.344739e-02;6.505126e-02;4.868390e-02;2.489142e-02;5.354363e-02
9.378586e-02;4.382668e-01;1.547917e-01;8.537807e-03;1.115840e-02;3.801703e-02;2.169357e-02;4.540696e-02;7.408328e-02;6.077400e-02;1.620708e-02;3.727756e-02
7.697063e-02;4.874096e-01;2.074512e-01;1.323512e-02;8.470562e-03;2.444872e-02;1.356530e-02;3.398676e-02;4.625826e-02;5.580053e-02;1.093907e-02;2.146426e-02
7.933819e-02;4.859495e-01;2.540704e-01;1.378253e-02;8.040081e-03;5.947191e-03;9.899828e-03;3.411892e-02;3.347787e-02;5.067657e-02;8.803139e-03;1.589572e-02
8.074216e-02;4.900326e-01;2.745893e-01;1.200604e-02;5.127259e-03;1.262312e-02;1.021481e-02;2.187397e-02;2.223014e-02;4.137043e-02;1.034233e-02;1.884793e-02
7.790890e-02;4.873802e-01;2.734556e-01;1.283069e-02;6.166009e-03;1.090296e-02;1.346472e-02;1.590119e-02;1.899125e-02;4.233368e-02;1.535061e-02;2.531420e-02
