1.058263e-01;8.748654e-02;1.798914e-01;6.966586e-02;5.800082e-02;8.519819e-02;1.212231e-01;4.242783e-02;6.779809e-02;5.039274e-02;5.560870e-02;7.648048e-02
9.668351e-02;5.847804e-02;1.282461e-01;8.593311e-02;8.955567e-02;1.018439e-01;1.468727e-01;6.754541e-02;4.790298e-02;5.519927e-02;5.955277e-02;6.218658e-02
9.636758e-02;6.847882e-02;8.928523e-02;6.572371e-02;7.629441e-02;9.198962e-02;1.287769e-01;7.442652e-02;4.750481e-02;7.680760e-02;5.047677e-02;1.338680e-01
1.043177e-01;8.949001e-02;8.172689e-02;6.839000e-02;6.799408e-02;7.526888e-02;8.591949e-02;4.549255e-02;4.939989e-02;9.026212e-02;7.539668e-02;1.663416e-01
1.111386e-01;9.952191e-02;1.092138e-01;6.308930e-02;6.800576e-02;4.546748e-02;7.889687e-02;5.928387e-02;6.860679e-02;6.029229e-02;5.434776e-02;1.821355e-01
8.538143e-02;8.116186e-02;1.245892e-01;6.118660e-02;7.092392e-02;4.368230e-02;7.496615e-02;5.694376e-02;8.147258e-02;8.796318e-02;9.183148e-02;1.398976e-01
8.448812e-02;6.362123e-02;1.151118e-01;7.519709e-02;7.494434e-02;6.398176e-02;8.070501e-02;5.595215e-02;7.448088e-02;1.133883e-01;1.312093e-01;6.692007e-02
7.284120e-02;7.215210e-02;1.029150e-01;7.252034e-02;7.485987e-02;6.962661e-02;7.509551e-02;4.494672e-02;8.775711e-02;1.122417e-01;1.421541e-01;7.288975e-02
8.837820e-02;7.341515e-02;9.797578e-02;5.989556e-02;7.075775e-02;7.219638e-02;6.734853e-02;3.759430e-02;1.078480e-01;1.038553e-01;1.533099e-01;6.742510e-02
1.268299e-01;6.236841e-02;1.309855e-01;5.033938e-02;5.148960e-02;5.798129e-02;7.953315e-02;5.197669e-02;8.904999e-02;1.090582e-01;1.284215e-01;6.196638e-02
1.181840e-01;6.879594e-02;1.543595e-01;5.791293e-02;3.705219e-02;5.166721e-02;1.038233e-01;4.775156e-02;6.919452e-02;9.738091e-02;1.159140e-01;7.796398e-02
1.162990e-01;5.926597e-02;1.540370e-01;6.610155e-02;3.454750e-02;5.922017e-02;1.165225e-01;4.282916e-02;4.502821e-02;8.973435e-02;1.361247e-01;8.028977e-02
1.471460e-01;5.203664e-02;1.477031e-01;5.585359e-02;4.296888e-02;6.159655e-02;1.022169e-01;3.522579e-02;2.586474e-02;8.180165e-02;1.727637e-01;7.482237e-02
1.555528e-01;4.372405e-02;1.159156e-01;5.728953e-02;6.520761e-02;5.195859e-02;7.455233e-02;2.533235e-02;7.355648e-02;5.731838e-02;1.829501e-01;9.664215e-02
1.391685e-01;4.794144e-02;1.304692e-01;6.827825e-02;4.874670e-02;4.596032e-02;7.898109e-02;4.660124e-02;7.705864e-02;1.097424e-01;1.013312e-01;1.057210e-01
1.550603e-01;5.789566e-02;1.252053e-01;6.473193e-02;3.952105e-02;4.469129e-02;1.246561e-01;3.664482e-02;6.494756e-02;1.132309e-01;5.544166e-02;1.179735e-01
1.676310e-01;6.491023e-02;1.080043e-01;3.758087e-02;5.231616e-02;7.004382e-02;1.116729e-01;1.737936e-02;7.040548e-02;8.447691e-02;9.266760e-02;1.229114e-01
1.217747e-01;7.831293e-02;9.719072e-02;4.045993e-02;4.839426e-02;1.033874e-01;1.342082e-01;3.327202e-02;9.683906e-02;7.292657e-02;8.496497e-02;8.826929e-02
1.149857e-01;8.449592e-02;1.318757e-01;6.182143e-02;4.220535e-02;8.167124e-02;1.549773e-01;4.206863e-02;8.460488e-02;7.398278e-02;4.837935e-02;7.893179e-02
7.070674e-02;1.663067e-01;1.955260e-01;1.168037e-01;4.143340e-02;5.298586e-02;6.635843e-02;4.944551e-02;6.389131e-02;3.550585e-02;6.526161e-02;7.577489e-02
5.230121e-02;1.638115e-01;2.038636e-01;1.214596e-01;3.927449e-02;5.644383e-02;6.855177e-02;5.667140e-02;7.128344e-02;3.646539e-02;6.792960e-02;6.194422e-02
3.983676e-02;1.764841e-01;2.070531e-01;1.145954e-01;3.755969e-02;5.673926e-02;8.526244e-02;6.106162e-02;7.016291e-02;4.294879e-02;5.796386e-02;5.033209e-02
7.694907e-02;2.048598e-01;1.726690e-01;7.307445e-02;4.358795e-02;4.818565e-02;9.754263e-02;6.338682e-02;4.853243e-02;6.425375e-02;4.604814e-02;6.091036e-02
1.000096e-01;1.670907e-01;9.118499e-02;5.475222e-02;5.408139e-02;6.404960e-02;1.279992e-01;5.728294e-02;4.050571e-02;8.644723e-02;7.339535e-02;8.320098e-02
1.007284e-01;1.122079e-01;8.152039e-02;5.563279e-02;5.846162e-02;6.941218e-02;1.241833e-01;4.475038e-02;8.911461e-02;8.334137e-02;8.839416e-02;9.225282e-02
9.356835e-02;6.740855e-02;9.108561e-02;5.582318e-02;8.216057e-02;6.224277e-02;9.650078e-02;2.943768e-02;1.637355e-01;6.526083e-02;5.478734e-02;1.379888e-01
6.248162e-02;3.377417e-02;8.587906e-02;5.610425e-02;9.929039e-02;4.485269e-02;8.931936e-02;3.221278e-02;2.270270e-01;6.891502e-02;4.830372e-02;1.518399e-01
6.481978e-02;3.133456e-02;8.987597e-02;5.507305e-02;8.835153e-02;4.951336e-02;7.888691e-02;3.192511e-02;2.509522e-01;4.772401e-02;7.955856e-02;1.319849e-01
8.890831e-02;3.493520e-02;6.019226e-02;4.270277e-02;7.173148e-02;5.784905e-02;1.079305e-01;3.519494e-02;2.187629e-01;4.440090e-02;1.279532e-01;1.094385e-01
1.176303e-01;4.091184e-02;2.731983e-02;3.687556e-02;6.547485e-02;7.996617e-02;1.515564e-01;5.208758e-02;1.355970e-01;7.996221e-02;1.244991e-01;8.811916e-02
1.374926e-01;4.227451e-02;2.187880e-02;4.383052e-02;7.353979e-02;9.781452e-02;1.562008e-01;4.578339e-02;8.430588e-02;1.194994e-01;8.469118e-02;9.268863e-02
1.518335e-01;4.221059e-02;4.648997e-02;6.104060e-02;9.129465e-02;1.012263e-01;1.352181e-01;3.970693e-02;3.995751e-02;1.196673e-01;6.951138e-02;1.018432e-01
1.652527e-01;4.124140e-02;9.028541e-02;6.054277e-02;1.076046e-01;8.416182e-02;9.263507e-02;3.506677e-02;7.168408e-02;8.934482e-02;5.809552e-02;1.040851e-01
1.142293e-01;6.801566e-02;1.163720e-01;6.017812e-02;1.207810e-01;6.605472e-02;6.263809e-02;4.392765e-02;1.010235e-01;8.845363e-02;6.422263e-02;9.410363e-02
5.692016e-02;7.160985e-02;1.344002e-01;7.617427e-02;1.592680e-01;8.690192e-02;5.053001e-02;5.329876e-02;5.921217e-02;9.803264e-02;5.505006e-02;9.860200e-02
1.025409e-01;6.999947e-02;1.065347e-01;4.135066e-02;1.230296e-01;7.718433e-02;1.296059e-01;3.780866e-02;9.380106e-02;9.007928e-02;4.996830e-02;7.809716e-02
1.643934e-01;9.098782e-02;6.627619e-02;3.458552e-02;7.038014e-02;7.787264e-02;1.759804e-01;3.337704e-02;7.555640e-02;1.146973e-01;5.137658e-02;4.451655e-02
1.627612e-01;1.047901e-01;7.204658e-02;4.157020e-02;4.246235e-02;7.772935e-02;1.869135e-01;3.666502e-02;4.684057e-02;1.367399e-01;4.057606e-02;5.090520e-02
1.390013e-01;1.029433e-01;7.388327e-02;5.091091e-02;3.619763e-02;7.823177e-02;2.049876e-01;3.077481e-02;3.737803e-02;1.322028e-01;3.816653e-02;7.532204e-02
1.285079e-01;6.852676e-02;5.396788e-02;4.760220e-02;4.382518e-02;9.025875e-02;1.887493e-01;4.248632e-02;7.419041e-02;1.121041e-01;5.821773e-02;9.156350e-02
1.170685e-01;3.490034e-02;6.889114e-02;3.932210e-02;6.746330e-02;8.439745e-02;1.490561e-01;3.451265e-02;1.511664e-01;7.992114e-02;8.400308e-02;8.929783e-02
1.010852e-01;5.156156e-02;1.028621e-01;5.392892e-02;6.715617e-02;6.420872e-02;1.142741e-01;4.709980e-02;1.592912e-01;6.340655e-02;9.888115e-02;7.624456e-02
1.107757e-01;5.756162e-02;9.238581e-02;6.914665e-02;7.610290e-02;5.738676e-02;1.531040e-01;6.049987e-02;1.069283e-01;8.424209e-02;9.067848e-02;4.118773e-02
1.247264e-01;5.049460e-02;7.129899e-02;5.315429e-02;7.428191e-02;6.490138e-02;1.327391e-01;6.796195e-02;1.279207e-01;1.288633e-01;4.724774e-02;5.640958e-02
8.866125e-02;7.049889e-02;1.386522e-01;5.227299e-02;7.120341e-02;8.201519e-02;8.921830e-02;9.064064e-02;1.047719e-01;1.128738e-01;2.730566e-02;7.188573e-02
6.628929e-02;8.234333e-02;1.252067e-01;5.274102e-02;1.026350e-01;9.715401e-02;1.038646e-01;9.219231e-02;9.314606e-02;8.568700e-02;3.157298e-02;6.716771e-02
9.346963e-02;9.621003e-02;8.776613e-02;4.924373e-02;8.573590e-02;8.597973e-02;1.393111e-01;7.543532e-02;1.013555e-01;5.753029e-02;4.787542e-02;8.008734e-02
1.468126e-01;1.113678e-01;8.902542e-02;5.479933e-02;5.872774e-02;7.429436e-02;1.388791e-01;5.710544e-02;7.620072e-02;4.057216e-02;3.740921e-02;1.148062e-01
1.294580e-01;1.030925e-01;9.771002e-02;9.293772e-02;5.333737e-02;4.971308e-02;9.731486e-02;7.886893e-02;6.644077e-02;6.500180e-02;6.176879e-02;1.043562e-01
6.696312e-02;9.397107e-02;1.381882e-01;1.370160e-01;5.958585e-02;5.844813e-02;7.287084e-02;7.399441e-02;8.230934e-02;9.903210e-02;5.843792e-02;5.918300e-02
6.667435e-02;7.807367e-02;1.728002e-01;1.620733e-01;6.399968e-02;5.967277e-02;1.031225e-01;7.281650e-02;4.830388e-02;1.046844e-01;4.177302e-02;2.600580e-02
6.008578e-02;4.888491e-02;1.593092e-01;1.548470e-01;6.100262e-02;5.068648e-02;1.193190e-01;6.836423e-02;3.301561e-02;1.013478e-01;1.040431e-01;3.909428e-02
6.697922e-02;3.089572e-02;1.204528e-01;1.522281e-01;8.695467e-02;5.621208e-02;1.259076e-01;7.452397e-02;2.121933e-02;1.087822e-01;1.058185e-01;5.002578e-02
9.164242e-02;4.589198e-02;8.833829e-02;1.307729e-01;9.701478e-02;5.655330e-02;1.454177e-01;9.545362e-02;5.317580e-02;6.992675e-02;5.330309e-02;7.250935e-02
6.977547e-02;9.524497e-02;9.081028e-02;1.390193e-01;6.405955e-02;5.516931e-02;1.230519e-01;8.711147e-02;9.191030e-02;3.843441e-02;5.910246e-02;8.631067e-02
5.763865e-02;1.133453e-01;7.838098e-02;1.303536e-01;4.752348e-02;6.515645e-02;1.377470e-01;7.619023e-02;1.090108e-01;5.770052e-02;4.608926e-02;8.086369e-02
7.234541e-02;1.150070e-01;3.675719e-02;1.400353e-01;8.856188e-02;6.637751e-02;1.136666e-01;5.155791e-02;1.050598e-01;9.037635e-02;5.724812e-02;6.300695e-02
6.430848e-02;1.113973e-01;7.475568e-02;1.241229e-01;8.271919e-02;7.637984e-02;9.353518e-02;5.017223e-02;9.603912e-02;1.097026e-01;6.609637e-02;5.077113e-02
8.399799e-02;9.902667e-02;1.180859e-01;9.558055e-02;5.556050e-02;8.261759e-02;9.742003e-02;8.318669e-02;9.325535e-02;9.935516e-02;4.823368e-02;4.367989e-02
7.399527e-02;9.506639e-02;1.182726e-01;1.045954e-01;6.088978e-02;6.811626e-02;9.647622e-02;9.614065e-02;6.359659e-02;9.245897e-02;7.995702e-02;5.043489e-02
5.218989e-02;6.465185e-02;1.412612e-01;8.434952e-02;5.540572e-02;5.099994e-02;1.424670e-01;6.863127e-02;4.388122e-02;1.141667e-01;9.358718e-02;8.840841e-02
4.722354e-02;5.669051e-02;1.595828e-01;6.501117e-02;6.858506e-02;4.956960e-02;1.652354e-01;6.713288e-02;5.872024e-02;1.278216e-01;7.330359e-02;6.112366e-02
9.164574e-02;8.422385e-02;1.382970e-01;5.675552e-02;6.400309e-02;4.729272e-02;1.695531e-01;8.242963e-02;5.205923e-02;7.139071e-02;8.565330e-02;5.669619e-02
9.286266e-02;9.211142e-02;1.584410e-01;5.125201e-02;3.981148e-02;4.890903e-02;1.787726e-01;9.591053e-02;3.822157e-02;3.773929e-02;9.653100e-02;6.943742e-02
9.072222e-02;7.859786e-02;1.640595e-01;6.630730e-02;4.654684e-02;3.956351e-02;1.518802e-01;9.968458e-02;3.647991e-02;3.158417e-02;1.096583e-01;8.491562e-02
7.675645e-02;4.515129e-02;1.499382e-01;8.298913e-02;8.813269e-02;2.469853e-02;1.024502e-01;7.880496e-02;7.461750e-02;3.767085e-02;1.014296e-01;1.373606e-01
7.886054e-02;2.604125e-02;1.064829e-01;7.625633e-02;1.412863e-01;3.735904e-02;6.321720e-02;3.681795e-02;1.455778e-01;4.179292e-02;3.254854e-02;2.137592e-01
1.385770e-01;4.042394e-02;9.716819e-02;4.304175e-02;1.254627e-01;6.806773e-02;4.110429e-02;3.362259e-02;1.738281e-01;3.383179e-02;3.713699e-02;1.677349e-01
2.375688e-01;3.302677e-02;1.139011e-01;3.327116e-02;9.679814e-02;1.139444e-01;5.142537e-02;1.921933e-02;1.625522e-01;3.468927e-02;2.323288e-02;8.037055e-02
2.690914e-01;3.688311e-02;9.096041e-02;7.303257e-02;8.317494e-02;1.462534e-01;4.336821e-02;8.805103e-03;1.302727e-01;4.804026e-02;1.391296e-02;5.620511e-02
2.541615e-01;4.927105e-02;7.295269e-02;1.106014e-01;6.688438e-02;1.776647e-01;4.890145e-02;2.089863e-02;8.403631e-02;5.545519e-02;1.358710e-02;4.558549e-02
2.291896e-01;6.439356e-02;7.616426e-02;1.102923e-01;6.360441e-02;2.331687e-01;4.231779e-02;2.481050e-02;5.212020e-02;5.556793e-02;1.166559e-02;3.670530e-02
1.909619e-01;8.663101e-02;7.178560e-02;7.341060e-02;7.127589e-02;2.635472e-01;4.731346e-02;3.705705e-02;5.205734e-02;4.491322e-02;2.308688e-02;3.795988e-02
1.698786e-01;1.089393e-01;6.955894e-02;4.431371e-02;8.046445e-02;2.273092e-01;5.833442e-02;8.582231e-02;4.796699e-02;3.584104e-02;3.702194e-02;3.454912e-02
2.172301e-01;1.202880e-01;5.600754e-02;2.529334e-02;6.611918e-02;1.580467e-01;7.011337e-02;1.378944e-01;2.798029e-02;5.661618e-02;3.284993e-02;3.156095e-02
2.591459e-01;9.245214e-02;5.547406e-02;3.052287e-02;4.595660e-02;1.023694e-01;8.232219e-02;1.297301e-01;2.224375e-02;1.124149e-01;2.599471e-02;4.137344e-02
2.527618e-01;6.517133e-02;8.489110e-02;4.611005e-02;3.980663e-02;7.205696e-02;1.167493e-01;8.248059e-02;1.714806e-02;1.253584e-01;2.579417e-02;7.167151e-02
2.152940e-01;7.161818e-02;1.309531e-01;4.887699e-02;3.965158e-02;4.737151e-02;1.262854e-01;5.237896e-02;1.632378e-02;8.833516e-02;5.248301e-02;1.104284e-01
2.188573e-01;7.573866e-02;1.868081e-01;5.090028e-02;4.085894e-02;3.579094e-02;1.006350e-01;7.067794e-02;1.172149e-02;6.845760e-02;3.678097e-02;1.027727e-01
2.146794e-01;5.587429e-02;2.037247e-01;5.581928e-02;4.087999e-02;3.533442e-02;8.497782e-02;1.269976e-01;2.156867e-02;6.504379e-02;3.910581e-02;5.599421e-02
1.406995e-01;9.015303e-02;1.498117e-01;6.566972e-02;3.824916e-02;5.566033e-02;8.470395e-02;1.832779e-01;2.674411e-02;6.370214e-02;5.166245e-02;4.966608e-02
8.310538e-02;9.694362e-02;9.559969e-02;6.602964e-02;3.700161e-02;7.974900e-02;1.445450e-01;1.793056e-01;2.095599e-02;6.733490e-02;4.631389e-02;8.311567e-02
1.519688e-01;5.498795e-02;8.225609e-02;4.788766e-02;4.864637e-02;8.639111e-02;1.755607e-01;1.264830e-01;4.970465e-02;5.271997e-02;4.849840e-02;7.489529e-02
2.006654e-01;2.654139e-02;7.527344e-02;3.658336e-02;6.453466e-02;1.050814e-01;1.739793e-01;9.858111e-02;4.993289e-02;4.688774e-02;4.519614e-02;7.674322e-02
1.685096e-01;4.376822e-02;6.331307e-02;4.166047e-02;9.314124e-02;1.044215e-01;1.452410e-01;6.494822e-02;9.137446e-02;1.007681e-01;2.885069e-02;5.400341e-02
8.510575e-02;3.776482e-02;7.140768e-02;6.358111e-02;1.045297e-01;1.113840e-01;1.365780e-01;7.847695e-02;1.229000e-01;1.185648e-01;3.762466e-02;3.208254e-02
7.332582e-02;4.059511e-02;6.555467e-02;7.528706e-02;1.003845e-01;1.091385e-01;1.391661e-01;8.172570e-02;1.206378e-01;1.184774e-01;4.213230e-02;3.357511e-02
1.199359e-01;5.054099e-02;5.778337e-02;8.598401e-02;7.760365e-02;1.024346e-01;1.365977e-01;6.764681e-02;1.036427e-01;1.142627e-01;4.402649e-02;3.954111e-02
1.622968e-01;4.914158e-02;8.213417e-02;6.977581e-02;5.334249e-02;1.025441e-01;1.302130e-01;8.510489e-02;7.704755e-02;1.043978e-01;3.691578e-02;4.708599e-02
1.454113e-01;5.464942e-02;1.202176e-01;5.490071e-02;7.281225e-02;9.255861e-02;1.368586e-01;7.914204e-02;5.875843e-02;7.971175e-02;3.950232e-02;6.547690e-02
1.525834e-01;4.673652e-02;1.266942e-01;4.216662e-02;1.056493e-01;5.008811e-02;1.398465e-01;5.481133e-02;7.736949e-02;7.158770e-02;4.168110e-02;9.078562e-02
8.740553e-02;6.201880e-02;1.154102e-01;5.771113e-02;6.106670e-02;1.113281e-01;9.091257e-02;7.014222e-02;9.206032e-02;1.304079e-01;4.492533e-02;7.661118e-02
8.366124e-02;5.441278e-02;1.325812e-01;6.260461e-02;7.880521e-02;1.060598e-01;8.521468e-02;4.914548e-02;1.044861e-01;1.316810e-01;4.482403e-02;6.652381e-02
7.054410e-02;6.613820e-02;1.514313e-01;5.193878e-02;7.813998e-02;8.623697e-02;1.045092e-01;3.852785e-02;1.223910e-01;1.166803e-01;5.841761e-02;5.504473e-02
4.360215e-02;8.284769e-02;1.532488e-01;5.504791e-02;7.067201e-02;7.542139e-02;1.231492e-01;4.704742e-02;1.324348e-01;9.288330e-02;7.346963e-02;5.017569e-02
2.453644e-02;9.481312e-02;1.481239e-01;1.033860e-01;5.723443e-02;7.535866e-02;1.276749e-01;7.657757e-02;9.245074e-02;8.792203e-02;5.827971e-02;5.364245e-02
7.080424e-02;1.035389e-01;2.033322e-01;6.379735e-02;4.888075e-02;6.039926e-02;1.982619e-01;4.908798e-02;4.778051e-02;7.137196e-02;4.444355e-02;3.830135e-02
1.057269e-01;1.212216e-01;2.012199e-01;6.057174e-02;4.846938e-02;5.085104e-02;2.150698e-01;3.613977e-02;3.283108e-02;5.756420e-02;3.515544e-02;3.517920e-02
1.678434e-01;1.234107e-01;1.353684e-01;8.192468e-02;5.596849e-02;7.455835e-02;1.789534e-01;3.570555e-02;2.988339e-02;6.153541e-02;1.563569e-02;3.921246e-02
1.943032e-01;1.571720e-01;6.233739e-02;6.724854e-02;7.290395e-02;8.668214e-02;1.340907e-01;3.828286e-02;5.048866e-02;6.042272e-02;2.703722e-02;4.903056e-02
1.435737e-01;1.433217e-01;1.100106e-01;4.439874e-02;1.061965e-01;8.641868e-02;9.806966e-02;2.500539e-02;7.688023e-02;3.558475e-02;4.536240e-02;8.517759e-02
1.480732e-01;8.943795e-02;1.082216e-01;5.074103e-02;1.294796e-01;8.596724e-02;5.199116e-02;3.090574e-02;8.301067e-02;4.992905e-02;5.480189e-02;1.174409e-01
1.146158e-01;5.384921e-02;1.402725e-01;9.257741e-02;9.725422e-02;8.073729e-02;9.074027e-02;5.188778e-02;3.899900e-02;9.339475e-02;6.758340e-02;7.808836e-02
7.513653e-02;8.924829e-02;1.573021e-01;1.131445e-01;7.201824e-02;6.917453e-02;1.138410e-01;6.881320e-02;4.666094e-02;1.043041e-01;6.162072e-02;2.873582e-02
6.610101e-02;9.158717e-02;1.121659e-01;1.096087e-01;7.975037e-02;6.280362e-02;1.455371e-01;1.017360e-01;4.911420e-02;8.558377e-02;5.677604e-02;3.923603e-02
1.124952e-01;1.247897e-01;1.691426e-01;8.470090e-02;5.846826e-02;3.986878e-02;1.231557e-01;9.434945e-02;4.539694e-02;4.954361e-02;2.848904e-02;6.959989e-02
1.273906e-01;1.180773e-01;1.728402e-01;8.054739e-02;5.142079e-02;4.232800e-02;1.035745e-01;5.613353e-02;3.975128e-02;5.577232e-02;3.886507e-02;1.132990e-01
1.353161e-01;6.852264e-02;1.085208e-01;7.658919e-02;5.883252e-02;5.629794e-02;1.222865e-01;7.179277e-02;4.742502e-02;6.049729e-02;6.850056e-02;1.254187e-01
1.124962e-01;5.381304e-02;1.138126e-01;8.645005e-02;7.624938e-02;6.285524e-02;1.267037e-01;8.642159e-02;9.017624e-02;3.850833e-02;6.795602e-02;8.455759e-02
1.084698e-01;4.569488e-02;9.027599e-02;6.846927e-02;8.977103e-02;7.991572e-02;1.578452e-01;7.647251e-02;1.276944e-01;4.300892e-02;5.873915e-02;5.364322e-02
8.337123e-02;5.027304e-02;1.088525e-01;5.210604e-02;7.287221e-02;7.579745e-02;1.691166e-01;7.876000e-02;1.317137e-01;7.447369e-02;5.916041e-02;4.350308e-02
6.406058e-02;4.163208e-02;1.165530e-01;6.266186e-02;6.697179e-02;6.466553e-02;1.998316e-01;9.195448e-02;1.137305e-01;7.516813e-02;6.510708e-02;3.766329e-02
7.100366e-02;6.295881e-02;1.791473e-01;5.115493e-02;5.985425e-02;3.613278e-02;2.757753e-01;6.824683e-02;5.964707e-02;6.661556e-02;4.880300e-02;2.066062e-02
7.185107e-02;8.766770e-02;1.539749e-01;2.994455e-02;7.296508e-02;3.885113e-02;3.447950e-01;5.246819e-02;3.379329e-02;4.377258e-02;5.273084e-02;1.718561e-02
5.701907e-02;1.051264e-01;1.035537e-01;1.988035e-02;7.316670e-02;5.339343e-02;4.116541e-01;4.896440e-02;2.583038e-02;2.825750e-02;5.424945e-02;1.890454e-02
5.394761e-02;9.547564e-02;6.188155e-02;3.104240e-02;9.572684e-02;7.553872e-02;3.919770e-01;4.996295e-02;2.751962e-02;3.470581e-02;5.063693e-02;3.158500e-02
7.688525e-02;6.284616e-02;6.610361e-02;5.132020e-02;1.470909e-01;1.123282e-01;2.769268e-01;4.510742e-02;4.597902e-02;4.281567e-02;4.000168e-02;3.259511e-02
7.186430e-02;5.136241e-02;9.958858e-02;5.895844e-02;1.897411e-01;1.045949e-01;1.956129e-01;3.717526e-02;6.021897e-02;3.059513e-02;5.259119e-02;4.769684e-02
6.885403e-02;5.323512e-02;1.775033e-01;7.298262e-02;2.133533e-01;8.153204e-02;6.367086e-02;3.185176e-02;7.580748e-02;4.427568e-02;5.734387e-02;5.958991e-02
3.969982e-02;6.823256e-02;2.225216e-01;7.345577e-02;1.760415e-01;6.945167e-02;1.299196e-01;5.861587e-02;5.412996e-02;4.484553e-02;3.417060e-02;2.891553e-02
5.044632e-02;6.625995e-02;2.661023e-01;7.683614e-02;1.310372e-01;4.734145e-02;1.307143e-01;6.202836e-02;5.752165e-02;3.298515e-02;5.267396e-02;2.605324e-02
6.894875e-02;6.528434e-02;2.363835e-01;8.212224e-02;1.091738e-01;3.575097e-02;1.063675e-01;5.781566e-02;5.960293e-02;4.147669e-02;9.494167e-02;4.213194e-02
8.045395e-02;4.370021e-02;1.751196e-01;7.839966e-02;8.636093e-02;3.860102e-02;1.057065e-01;8.217385e-02;7.376828e-02;5.090896e-02;1.231795e-01;6.162746e-02
6.888806e-02;5.223228e-02;1.356997e-01;6.935495e-02;7.340487e-02;5.531808e-02;1.318878e-01;1.062010e-01;9.142289e-02;5.653015e-02;1.065781e-01;5.248214e-02
6.513582e-02;6.119281e-02;1.525693e-01;7.038291e-02;8.854499e-02;7.462274e-02;1.220241e-01;1.116947e-01;7.987443e-02;5.918357e-02;7.450595e-02;4.026859e-02
6.591955e-02;7.983935e-02;1.839548e-01;6.369544e-02;8.646580e-02;6.415644e-02;1.396145e-01;1.245922e-01;5.999351e-02;5.205379e-02;5.680982e-02;2.290478e-02
4.949253e-02;9.027648e-02;1.408040e-01;4.766610e-02;1.049280e-01;7.750642e-02;1.379033e-01;9.472014e-02;8.687674e-02;7.252698e-02;5.441378e-02;4.288553e-02
4.325242e-02;5.504577e-02;1.340692e-01;6.009894e-02;1.317465e-01;7.352059e-02;1.840586e-01;8.242597e-02;8.716413e-02;5.376254e-02;4.509005e-02;4.976525e-02
3.383947e-02;7.600687e-02;1.142544e-01;6.606291e-02;1.149642e-01;6.413855e-02;1.734246e-01;8.140627e-02;1.082887e-01;4.980123e-02;4.341090e-02;7.440199e-02
4.745952e-02;6.342547e-02;1.194524e-01;5.917219e-02;1.022210e-01;5.091038e-02;1.317368e-01;5.219995e-02;1.190320e-01;8.758298e-02;7.035501e-02;9.645213e-02
4.747923e-02;9.094793e-02;1.066121e-01;4.740642e-02;8.822200e-02;5.281212e-02;1.543901e-01;7.256777e-02;8.807741e-02;9.305003e-02;8.461398e-02;7.382090e-02
6.966652e-02;1.055648e-01;1.100198e-01;4.229999e-02;8.257475e-02;4.621700e-02;1.999170e-01;6.880207e-02;7.329832e-02;8.561457e-02;6.521101e-02;5.081414e-02
7.052311e-02;5.807040e-02;1.351025e-01;4.025283e-02;1.135081e-01;6.221880e-02;1.803335e-01;5.538085e-02;6.242181e-02;1.101480e-01;6.293454e-02;4.910564e-02
9.789170e-02;7.770732e-02;1.443702e-01;4.933047e-02;6.991440e-02;4.916972e-02;2.128377e-01;6.207779e-02;5.001270e-02;8.503471e-02;5.371604e-02;4.793730e-02
9.764434e-02;9.203183e-02;1.671171e-01;5.678822e-02;7.959458e-02;6.587776e-02;1.460778e-01;7.306034e-02;5.191519e-02;8.032677e-02;5.294711e-02;3.661885e-02
1.222869e-01;1.146628e-01;1.334462e-01;7.444502e-02;1.349394e-01;5.568782e-02;9.117016e-02;6.065467e-02;5.825613e-02;7.132490e-02;5.190463e-02;3.122132e-02
1.272590e-01;1.065328e-01;1.285758e-01;6.992939e-02;1.485345e-01;7.814815e-02;1.123475e-01;4.891748e-02;5.568887e-02;4.345200e-02;4.089306e-02;3.972140e-02
1.138245e-01;8.054147e-02;2.163088e-01;6.193458e-02;1.060990e-01;8.890394e-02;1.244077e-01;4.443352e-02;4.252883e-02;4.951216e-02;3.992465e-02;3.158080e-02
7.815824e-02;4.231457e-02;3.376011e-01;7.211506e-02;5.310512e-02;7.092871e-02;1.634519e-01;3.351756e-02;2.461746e-02;7.091553e-02;3.749351e-02;1.578134e-02
4.723173e-02;2.066855e-02;3.942070e-01;5.926941e-02;6.414671e-02;4.535070e-02;2.115362e-01;2.612129e-02;1.501473e-02;8.517567e-02;2.112917e-02;1.014882e-02
3.266634e-02;3.626911e-02;4.076888e-01;4.280395e-02;6.611023e-02;3.301521e-02;2.107540e-01;2.547418e-02;1.751027e-02;9.426577e-02;1.904619e-02;1.439591e-02
2.326492e-02;5.594919e-02;4.258798e-01;3.387642e-02;5.303150e-02;3.895304e-02;1.604828e-01;4.284567e-02;1.629055e-02;9.959717e-02;3.110861e-02;1.872029e-02
3.405548e-02;6.674512e-02;4.207470e-01;3.003987e-02;5.473536e-02;4.749323e-02;1.414272e-01;3.922905e-02;1.929372e-02;9.640172e-02;2.735639e-02;2.247576e-02
6.032739e-02;5.396445e-02;4.017989e-01;4.323524e-02;7.120927e-02;4.418483e-02;1.518736e-01;3.020591e-02;1.756478e-02;8.839235e-02;2.263111e-02;1.461220e-02
7.442458e-02;2.502740e-02;4.017472e-01;6.127187e-02;9.042250e-02;3.744233e-02;1.604518e-01;2.493436e-02;1.176639e-02;8.445890e-02;1.779681e-02;1.025590e-02
7.845996e-02;2.650372e-02;4.050961e-01;7.989469e-02;7.689058e-02;2.562962e-02;1.328394e-01;4.056643e-02;1.789916e-02;6.894898e-02;3.340410e-02;1.386730e-02
9.569622e-02;3.399212e-02;4.074395e-01;9.336935e-02;5.359003e-02;2.710135e-02;8.289938e-02;6.523076e-02;1.588548e-02;4.575507e-02;5.394404e-02;2.509664e-02
9.114794e-02;2.816151e-02;3.505552e-01;1.009446e-01;7.857540e-02;3.564293e-02;5.434698e-02;9.759744e-02;1.484063e-02;2.788970e-02;7.396203e-02;4.633561e-02
5.522265e-02;3.306292e-02;2.642035e-01;9.433267e-02;9.992870e-02;3.432100e-02;5.856746e-02;1.225555e-01;4.494820e-02;5.618969e-02;8.530196e-02;5.136572e-02
2.244042e-02;2.540390e-02;2.105566e-01;1.142573e-01;9.878086e-02;3.611439e-02;1.165245e-01;1.314716e-01;7.626498e-02;6.824175e-02;7.427958e-02;2.566418e-02
3.614207e-02;2.115585e-02;2.838742e-01;1.364210e-01;8.897697e-02;3.694787e-02;1.312932e-01;8.946583e-02;4.532394e-02;5.359405e-02;6.108048e-02;1.572451e-02
6.803595e-02;3.540121e-02;2.877131e-01;1.400084e-01;9.892596e-02;3.639899e-02;8.689329e-02;7.108337e-02;3.294901e-02;6.259231e-02;5.869599e-02;2.130244e-02
8.338896e-02;4.803481e-02;1.932270e-01;1.320629e-01;1.058657e-01;3.141290e-02;4.994453e-02;1.023207e-01;5.511503e-02;8.645077e-02;7.824770e-02;3.392895e-02
9.463247e-02;3.001750e-02;1.220267e-01;1.249536e-01;8.982440e-02;3.874997e-02;7.154875e-02;1.161675e-01;4.363993e-02;8.784626e-02;1.163303e-01;6.426257e-02
1.019754e-01;3.709669e-02;1.923746e-01;1.251305e-01;5.887096e-02;3.123632e-02;5.502990e-02;9.094077e-02;5.176189e-02;8.194722e-02;1.101424e-01;6.349339e-02
7.901065e-02;5.852620e-02;2.188679e-01;1.407262e-01;6.499956e-02;2.579435e-02;9.141605e-02;7.333656e-02;4.803134e-02;6.292371e-02;8.817137e-02;4.819614e-02
4.314794e-02;4.677197e-02;2.383638e-01;1.520380e-01;6.934239e-02;5.094967e-02;1.017356e-01;5.621637e-02;7.174703e-02;6.998513e-02;7.330967e-02;2.639243e-02
