4.624682e-02;1.708836e-01;2.031075e-01;2.883101e-02;1.922312e-02;1.443285e-01;3.312236e-02;1.403110e-01;9.730918e-02;4.406533e-02;3.128422e-02;4.128730e-02
4.568892e-02;1.508341e-01;1.669226e-01;3.117879e-02;3.858317e-02;1.651162e-01;3.472549e-02;1.256168e-01;1.150407e-01;5.117564e-02;2.983789e-02;4.527961e-02
6.035826e-02;2.009284e-01;1.490289e-01;5.152520e-02;5.916894e-02;8.414776e-02;5.036085e-02;7.638472e-02;9.541377e-02;8.062559e-02;3.552426e-02;5.653340e-02
6.853817e-02;2.377357e-01;8.556023e-02;4.470978e-02;4.353698e-02;1.105415e-01;5.690756e-02;1.264436e-01;7.595364e-02;8.062311e-02;2.975210e-02;3.969755e-02
4.212531e-02;1.508439e-01;1.635881e-01;3.808576e-02;1.781937e-02;1.765037e-01;3.204454e-02;1.890880e-01;1.082647e-01;4.378204e-02;1.249362e-02;2.536086e-02
3.134280e-02;1.403446e-01;1.704770e-01;3.342984e-02;1.659844e-02;1.624280e-01;3.452845e-02;1.945571e-01;1.218774e-01;4.468525e-02;2.334763e-02;2.638337e-02
6.045965e-02;1.648979e-01;1.286428e-01;2.960363e-02;2.442200e-02;1.169969e-01;4.398376e-02;1.557230e-01;1.409894e-01;5.329859e-02;4.116710e-02;3.981519e-02
7.443714e-02;2.244781e-01;5.600806e-02;2.068469e-02;2.769009e-02;8.240819e-02;5.638916e-02;1.323128e-01;1.706486e-01;6.069515e-02;4.990786e-02;4.434011e-02
5.125790e-02;2.861399e-01;6.834240e-02;1.804115e-02;2.484209e-02;6.121659e-02;5.903530e-02;1.109649e-01;1.930306e-01;4.595406e-02;4.378059e-02;3.739443e-02
5.060169e-02;3.445556e-01;8.322541e-02;2.919959e-02;1.583621e-02;7.347456e-02;3.810423e-02;6.047651e-02;2.362106e-01;1.520154e-02;2.272607e-02;3.038792e-02
3.509304e-02;3.446918e-01;7.719716e-02;2.778828e-02;7.375589e-03;9.322958e-02;2.276379e-02;3.514633e-02;2.782992e-01;3.342735e-02;1.561421e-02;2.937359e-02
2.354130e-02;2.966746e-01;9.945074e-02;1.933445e-02;7.833777e-03;1.077385e-01;1.566935e-02;3.011661e-02;2.938941e-01;6.620709e-02;1.368316e-02;2.585637e-02
2.600639e-02;2.424405e-01;1.447404e-01;8.523514e-03;8.686343e-03;9.680805e-02;2.111461e-02;4.961424e-02;2.644198e-01;1.073084e-01;1.161100e-02;1.872668e-02
3.933048e-02;2.289676e-01;1.764351e-01;8.883559e-03;1.159323e-02;7.354362e-02;2.870081e-02;7.439791e-02;1.880091e-01;1.353882e-01;1.869682e-02;1.605366e-02
6.109493e-02;2.557546e-01;1.444651e-01;1.556537e-02;2.082360e-02;7.211023e-02;2.535705e-02;6.940956e-02;1.320463e-01;1.371502e-01;3.099644e-02;3.522665e-02
8.497198e-02;2.098457e-01;1.193389e-01;3.424145e-02;3.838542e-02;1.079391e-01;2.819985e-02;5.999163e-02;1.565915e-01;9.559628e-02;3.454182e-02;3.035634e-02
7.255940e-02;2.926359e-01;1.292628e-01;2.414373e-02;4.231638e-02;6.900518e-02;2.168622e-02;5.758785e-02;2.034889e-01;3.929504e-02;2.787320e-02;2.014539e-02
8.337270e-02;3.464409e-01;1.973336e-01;2.540783e-02;3.154582e-02;5.153677e-02;2.312657e-02;4.645838e-02;1.235772e-01;3.536283e-02;2.226603e-02;1.357135e-02
4.863690e-02;3.312935e-01;3.214925e-01;4.341889e-02;2.981718e-02;4.901689e-02;2.950570e-02;2.330296e-02;6.402609e-02;3.448766e-02;1.480541e-02;1.019627e-02
2.520457e-02;2.117789e-01;3.366928e-01;9.265733e-02;3.408942e-02;3.747191e-02;4.147534e-02;2.735209e-02;5.435326e-02;8.088353e-02;4.969179e-02;8.349066e-03
1.851394e-02;1.364483e-01;3.119866e-01;1.477877e-01;3.363229e-02;4.160050e-02;3.750854e-02;3.243128e-02;4.289778e-02;7.713284e-02;1.137233e-01;6.336948e-03
1.036402e-02;1.031103e-01;3.303588e-01;1.813700e-01;2.157848e-02;3.696821e-02;1.861748e-02;3.710851e-02;2.882068e-02;5.916835e-02;1.653461e-01;7.188948e-03
1.604890e-02;1.253226e-01;3.269882e-01;1.710002e-01;1.385349e-02;3.006919e-02;1.463650e-02;2.711542e-02;4.083132e-02;6.053862e-02;1.603855e-01;1.321012e-02
1.390267e-02;1.597322e-01;3.211288e-01;1.406838e-01;2.129282e-02;6.765683e-02;1.999388e-02;3.424919e-02;4.460647e-02;3.339517e-02;1.201040e-01;2.325408e-02
1.724213e-02;1.832439e-01;2.811257e-01;1.075779e-01;2.791411e-02;1.124687e-01;2.354120e-02;4.429898e-02;6.499588e-02;2.910967e-02;7.521827e-02;3.326359e-02
4.253393e-02;2.255937e-01;1.834853e-01;9.593046e-02;1.746074e-02;1.230746e-01;3.066447e-02;6.686144e-02;9.968297e-02;3.278620e-02;4.594951e-02;3.597672e-02
5.738307e-02;2.445194e-01;1.826024e-01;8.675359e-02;1.315031e-02;8.344142e-02;3.626433e-02;5.896694e-02;1.191936e-01;3.961776e-02;4.898096e-02;2.912623e-02
7.337849e-02;2.779489e-01;1.198853e-01;5.618747e-02;1.927711e-02;9.676773e-02;3.301311e-02;6.309859e-02;1.350732e-01;4.774934e-02;4.871586e-02;2.890481e-02
3.849957e-02;2.244138e-01;2.572930e-01;8.383198e-02;2.780584e-02;1.031594e-01;2.685024e-02;4.941807e-02;9.880611e-02;4.034676e-02;3.164583e-02;1.792940e-02
1.704778e-02;1.273685e-01;2.339224e-01;1.311209e-01;7.108691e-02;1.391174e-01;2.942424e-02;3.806861e-02;6.652711e-02;2.964628e-02;9.682788e-02;1.984190e-02
1.365701e-02;1.012572e-01;1.399082e-01;1.673620e-01;8.990205e-02;1.333504e-01;2.403494e-02;3.919339e-02;4.381121e-02;2.953845e-02;1.939214e-01;2.406377e-02
8.770849e-03;5.994280e-02;1.732825e-01;1.813239e-01;6.643371e-02;7.765085e-02;1.812942e-02;3.632201e-02;3.714287e-02;3.554754e-02;2.874729e-01;1.798064e-02
1.125666e-02;7.756810e-02;2.114982e-01;1.588907e-01;2.404946e-02;5.741865e-02;1.368192e-02;1.986454e-02;4.184835e-02;4.833914e-02;3.268539e-01;8.730479e-03
2.116778e-02;3.472434e-02;2.519080e-01;1.325285e-01;1.008695e-02;4.335975e-02;2.169374e-02;2.431763e-02;4.907984e-02;1.151484e-01;2.849762e-01;1.100897e-02
2.992942e-02;1.300614e-01;3.264378e-01;8.566322e-02;1.169386e-02;2.610581e-02;3.235378e-02;1.953273e-02;3.871287e-02;1.473377e-01;1.421119e-01;1.005955e-02
2.778335e-02;1.480559e-01;4.065695e-01;6.846432e-02;1.746498e-02;2.932718e-02;3.900261e-02;1.805063e-02;3.813791e-02;1.543865e-01;4.769199e-02;5.065090e-03
1.886815e-02;1.638823e-01;4.323402e-01;5.607209e-02;1.617376e-02;3.083788e-02;4.038665e-02;2.846155e-02;2.756712e-02;1.378096e-01;3.877472e-02;8.825989e-03
1.842585e-02;2.184543e-01;4.112559e-01;3.387662e-02;8.566301e-03;4.265860e-02;3.439132e-02;4.060213e-02;3.460505e-02;9.677061e-02;4.579681e-02;1.459652e-02
1.807959e-02;2.114042e-01;4.196981e-01;2.588384e-02;1.481868e-02;6.514249e-02;3.283253e-02;3.321963e-02;3.455418e-02;8.251756e-02;4.415645e-02;1.769277e-02
1.240413e-02;1.783620e-01;4.488561e-01;2.368863e-02;2.419544e-02;6.566685e-02;3.749660e-02;2.613189e-02;3.112107e-02;8.906690e-02;4.822245e-02;1.478797e-02
2.355529e-02;2.395168e-01;4.389181e-01;1.572857e-02;1.995622e-02;5.348017e-02;2.446573e-02;1.893418e-02;3.107712e-02;7.973463e-02;4.457922e-02;1.005387e-02
2.359250e-02;2.685485e-01;4.462383e-01;2.257799e-02;1.410487e-02;3.802581e-02;1.545249e-02;1.623572e-02;3.344037e-02;8.255976e-02;3.434576e-02;4.877945e-03
1.868800e-02;2.780031e-01;4.770841e-01;1.816432e-02;9.132183e-03;2.298573e-02;1.238190e-02;2.077016e-02;2.883497e-02;7.413310e-02;3.092510e-02;8.897315e-03
2.139696e-02;2.835864e-01;4.967222e-01;2.825311e-02;1.311144e-02;1.959977e-02;1.402042e-02;3.051972e-02;2.429317e-02;2.728014e-02;2.956473e-02;1.165189e-02
2.684360e-02;2.464801e-01;4.582770e-01;3.169770e-02;2.188458e-02;3.716836e-02;1.364650e-02;3.387945e-02;3.342831e-02;5.911049e-02;2.598547e-02;1.159841e-02
2.443858e-02;2.217551e-01;4.208831e-01;3.241945e-02;2.696087e-02;5.177352e-02;1.554608e-02;3.616798e-02;5.997792e-02;7.969638e-02;1.695006e-02;1.343098e-02
1.941760e-02;2.885807e-01;3.925427e-01;1.726673e-02;2.119421e-02;4.199533e-02;8.789423e-03;3.070644e-02;7.617096e-02;7.719395e-02;1.341200e-02;1.272991e-02
2.338254e-02;3.275231e-01;3.464946e-01;2.116759e-02;1.015957e-02;5.868998e-02;8.350704e-03;2.442312e-02;8.569282e-02;5.967453e-02;1.908446e-02;1.535705e-02
2.297626e-02;3.408305e-01;2.889418e-01;1.913733e-02;7.304548e-03;7.530361e-02;9.960796e-03;2.001549e-02;1.029146e-01;7.300077e-02;2.252603e-02;1.708818e-02
1.792845e-02;3.309494e-01;2.703777e-01;2.070809e-02;1.227742e-02;8.090299e-02;1.201126e-02;1.891806e-02;1.230368e-01;6.171452e-02;2.796503e-02;2.321035e-02
1.768382e-02;3.301963e-01;2.751729e-01;1.508426e-02;1.264307e-02;7.035395e-02;9.415881e-03;1.575607e-02;1.254002e-01;6.523457e-02;3.169032e-02;3.136871e-02
2.287123e-02;3.338929e-01;2.925212e-01;1.726141e-02;9.823420e-03;5.425279e-02;1.007102e-02;2.045623e-02;1.066768e-01;6.980234e-02;2.443451e-02;3.793617e-02
3.336270e-02;3.541693e-01;2.963380e-01;2.027480e-02;8.772868e-03;3.562216e-02;1.118518e-02;3.104983e-02;9.079084e-02;5.743878e-02;1.740833e-02;4.358730e-02
3.344231e-02;3.522477e-01;3.202512e-01;1.619373e-02;8.322576e-03;4.119500e-02;9.501519e-03;5.160905e-02;6.869902e-02;4.639602e-02;1.768145e-02;3.446043e-02
2.200952e-02;3.329415e-01;3.855129e-01;1.482705e-02;1.651651e-02;3.558353e-02;1.157553e-02;6.270719e-02;4.658711e-02;3.981611e-02;1.355598e-02;1.836703e-02
1.726297e-02;3.268672e-01;4.068490e-01;1.810342e-02;3.341544e-02;3.423315e-02;1.423784e-02;5.506279e-02;2.614450e-02;4.797430e-02;1.209465e-02;7.754740e-03
1.545493e-02;2.965877e-01;4.176402e-01;1.871542e-02;6.350490e-02;1.598929e-02;2.520933e-02;3.811901e-02;2.426578e-02;6.916230e-02;8.443785e-03;6.907410e-03
1.576247e-02;2.554987e-01;4.318949e-01;2.906756e-02;6.265005e-02;1.621507e-02;3.235205e-02;2.050048e-02;4.813092e-02;7.099429e-02;1.223135e-02;4.702200e-03
1.802937e-02;2.357123e-01;4.770327e-01;3.776156e-02;3.893819e-02;1.950364e-02;2.503797e-02;1.345212e-02;7.570428e-02;3.663139e-02;1.785569e-02;4.340770e-03
1.688921e-02;2.079155e-01;4.545127e-01;6.192961e-02;2.678686e-02;5.573215e-02;1.376850e-02;2.598665e-02;7.213911e-02;1.780557e-02;3.790733e-02;8.626807e-03
1.491678e-02;2.212668e-01;3.614317e-01;8.333553e-02;2.636735e-02;1.183905e-01;7.535804e-03;1.550304e-02;5.778427e-02;1.961038e-02;6.251992e-02;1.133783e-02
1.434536e-02;2.229228e-01;3.586593e-01;7.083065e-02;1.555246e-02;1.127533e-01;1.222758e-02;1.469970e-02;6.254423e-02;3.990349e-02;6.334423e-02;1.221679e-02
1.762478e-02;2.842111e-01;3.332794e-01;4.939412e-02;2.466373e-02;8.023110e-02;1.771354e-02;2.637554e-02;7.452951e-02;3.028979e-02;5.033899e-02;1.134835e-02
2.357278e-02;3.696523e-01;2.899195e-01;3.810124e-02;3.414756e-02;4.552601e-02;1.533684e-02;2.598747e-02;5.780162e-02;6.067256e-02;2.567182e-02;1.361038e-02
2.209654e-02;3.535882e-01;3.680880e-01;4.094955e-02;2.999875e-02;5.441932e-02;1.074245e-02;2.630905e-02;3.371008e-02;2.683691e-02;1.816081e-02;1.510035e-02
1.848437e-02;3.671097e-01;3.593083e-01;3.205562e-02;3.260486e-02;4.842287e-02;7.112607e-03;1.834075e-02;2.516794e-02;5.149737e-02;2.340982e-02;1.648575e-02
1.725689e-02;3.423126e-01;3.831477e-01;2.282152e-02;2.481050e-02;6.323420e-02;8.860995e-03;1.991587e-02;2.160756e-02;6.251365e-02;1.957041e-02;1.394811e-02
1.590756e-02;3.072037e-01;4.346240e-01;3.948111e-02;2.319557e-02;7.153129e-02;1.253199e-02;1.462276e-02;2.622646e-02;4.155892e-02;3.793485e-03;9.323087e-03
2.009211e-02;3.201931e-01;4.380603e-01;3.064868e-02;3.057442e-02;4.576174e-02;1.557794e-02;2.259615e-02;3.576644e-02;2.080864e-02;1.598237e-02;3.938137e-03
1.653833e-02;3.106997e-01;4.439391e-01;2.822037e-02;3.199103e-02;2.267236e-02;1.122029e-02;3.129163e-02;5.159061e-02;2.958311e-02;1.636679e-02;5.886662e-03
1.372748e-02;2.754984e-01;4.290192e-01;4.831310e-02;2.928777e-02;2.803108e-02;1.457150e-02;2.616071e-02;6.104106e-02;4.047761e-02;2.227338e-02;1.159877e-02
1.152413e-02;2.636846e-01;3.917900e-01;6.874123e-02;3.318130e-02;3.865888e-02;1.666181e-02;3.691319e-02;5.313269e-02;4.534188e-02;2.160991e-02;1.876035e-02
1.779906e-02;2.686099e-01;4.256219e-01;6.691848e-02;1.868789e-02;4.121743e-02;1.228059e-02;3.252089e-02;3.440120e-02;4.507421e-02;1.578030e-02;2.108817e-02
1.933732e-02;2.928855e-01;4.102298e-01;5.467142e-02;2.528255e-02;3.412172e-02;1.178586e-02;2.641814e-02;3.466678e-02;4.204340e-02;2.268387e-02;2.587366e-02
1.701894e-02;2.740138e-01;3.923390e-01;3.763022e-02;2.317494e-02;3.174507e-02;1.760421e-02;2.469842e-02;5.695004e-02;6.507540e-02;3.706729e-02;2.268269e-02
1.808422e-02;2.703747e-01;4.210025e-01;3.965275e-02;2.098521e-02;3.663222e-02;2.014003e-02;1.556267e-02;5.526055e-02;4.343902e-02;3.959180e-02;1.927431e-02
1.948203e-02;2.807395e-01;4.291249e-01;3.194027e-02;2.469587e-02;2.467378e-02;1.757286e-02;1.861531e-02;4.473230e-02;5.588429e-02;3.461601e-02;1.792292e-02
1.538439e-02;2.633946e-01;4.040331e-01;3.549177e-02;2.450052e-02;4.466367e-02;1.387806e-02;3.664274e-02;4.636818e-02;7.943440e-02;2.396622e-02;1.224237e-02
1.574614e-02;2.649878e-01;3.561358e-01;4.801001e-02;3.181824e-02;3.622593e-02;1.221004e-02;5.957180e-02;6.421867e-02;8.058178e-02;1.807153e-02;1.242214e-02
1.623380e-02;2.509542e-01;2.891794e-01;4.588060e-02;4.446452e-02;4.117368e-02;1.751628e-02;5.310689e-02;7.969341e-02;1.216889e-01;2.489067e-02;1.521761e-02
1.108977e-02;1.744335e-01;2.733201e-01;2.522793e-02;5.686384e-02;2.123791e-02;3.011677e-02;4.960544e-02;1.165670e-01;1.877264e-01;4.084993e-02;1.296139e-02
1.498386e-02;1.304203e-01;2.396576e-01;7.762244e-02;5.333599e-02;1.532449e-02;3.476805e-02;5.518814e-02;1.426077e-01;1.757236e-01;4.230580e-02;1.806200e-02
1.392896e-02;1.477072e-01;2.993807e-01;1.079508e-01;3.388834e-02;3.865517e-02;2.601641e-02;5.503793e-02;1.460336e-01;8.576671e-02;2.553405e-02;2.010013e-02
2.174450e-02;2.069327e-01;3.496698e-01;8.889087e-02;2.358738e-02;4.858303e-02;1.512618e-02;4.791983e-02;1.061842e-01;6.204987e-02;1.397722e-02;1.533454e-02
2.805511e-02;2.784836e-01;3.716782e-01;6.203188e-02;2.547455e-02;3.849184e-02;1.467519e-02;3.476434e-02;7.749761e-02;3.818092e-02;1.732848e-02;1.333827e-02
2.569456e-02;3.068986e-01;4.462211e-01;3.883354e-02;2.578880e-02;2.821847e-02;8.104539e-03;1.552698e-02;5.014981e-02;2.628187e-02;1.943146e-02;8.850248e-03
1.869217e-02;2.932685e-01;4.903592e-01;2.876287e-02;1.656195e-02;3.707707e-02;8.047463e-03;2.088708e-02;3.761598e-02;2.274880e-02;1.743155e-02;8.547405e-03
1.897597e-02;3.074462e-01;4.743710e-01;2.239610e-02;1.808782e-02;4.870594e-02;7.120133e-03;2.111484e-02;3.730594e-02;1.814195e-02;1.681061e-02;9.523515e-03
3.155258e-02;3.150696e-01;4.584079e-01;2.190139e-02;1.799217e-02;4.718399e-02;6.484031e-03;1.633131e-02;3.614093e-02;1.914180e-02;1.447526e-02;1.531905e-02
3.503059e-02;2.496565e-01;4.622148e-01;3.345523e-02;1.688517e-02;6.192500e-02;9.525587e-03;2.166787e-02;4.514411e-02;2.982530e-02;1.239718e-02;2.227266e-02
2.130715e-02;2.829883e-01;4.352190e-01;3.838630e-02;1.404397e-02;4.017153e-02;7.899201e-03;4.357465e-02;6.267972e-02;2.651752e-02;8.536666e-03;1.867600e-02
2.772574e-02;3.460758e-01;3.824022e-01;3.419856e-02;1.217395e-02;3.267205e-02;6.335588e-03;3.911293e-02;5.626579e-02;3.556919e-02;1.456586e-02;1.290232e-02
2.273344e-02;3.280134e-01;4.501666e-01;3.356829e-02;1.180649e-02;2.116675e-02;4.149737e-03;1.543232e-02;4.740428e-02;4.259921e-02;1.501269e-02;7.946765e-03
1.442120e-02;2.980826e-01;4.926272e-01;4.680038e-02;1.324345e-02;1.789890e-02;3.486897e-03;1.731202e-02;4.984297e-02;2.020730e-02;1.688667e-02;9.190401e-03
3.286102e-02;3.500624e-01;4.080150e-01;4.554358e-02;1.403607e-02;2.835306e-02;5.395514e-03;1.846240e-02;4.292173e-02;2.813601e-02;1.449647e-02;1.171677e-02
3.159840e-02;3.440775e-01;4.306388e-01;4.152571e-02;1.134432e-02;2.883718e-02;9.693911e-03;1.750900e-02;4.550357e-02;1.557449e-02;1.113775e-02;1.255941e-02
2.334535e-02;2.720830e-01;3.580711e-01;5.062281e-02;2.256784e-02;5.884740e-02;1.815506e-02;4.294521e-02;5.985462e-02;6.395023e-02;1.468882e-02;1.486854e-02
2.348126e-02;2.075499e-01;1.957114e-01;6.084761e-02;4.806091e-02;6.379931e-02;5.496611e-02;8.294116e-02;9.640367e-02;1.310070e-01;1.433899e-02;2.089261e-02
3.467019e-02;1.866455e-01;1.556221e-01;5.502840e-02;5.082528e-02;6.267536e-02;7.732569e-02;9.514370e-02;1.029701e-01;1.371029e-01;1.641965e-02;2.557118e-02
3.826126e-02;1.885335e-01;2.088720e-01;4.796687e-02;3.887734e-02;7.895588e-02;6.466594e-02;1.084281e-01;8.345683e-02;1.056528e-01;1.588393e-02;2.044562e-02
2.202369e-02;1.108245e-01;3.488135e-01;4.234862e-02;3.750344e-02;1.528888e-01;3.695826e-02;1.050132e-01;5.556542e-02;5.929993e-02;1.805608e-02;1.070460e-02
1.774053e-02;1.688081e-01;3.628083e-01;5.504091e-02;4.898590e-02;1.220232e-01;3.527657e-02;8.055637e-02;3.787304e-02;4.980302e-02;1.449196e-02;6.591941e-03
2.327958e-02;2.110262e-01;4.196165e-01;6.341062e-02;4.628904e-02;4.358301e-02;2.792611e-02;5.999070e-02;3.012336e-02;5.288595e-02;1.396845e-02;7.900456e-03
3.141324e-02;2.409124e-01;3.938704e-01;4.538105e-02;2.746850e-02;4.737438e-02;2.343771e-02;6.160450e-02;5.672019e-02;4.742240e-02;1.182072e-02;1.257452e-02
3.801280e-02;3.012992e-01;3.458595e-01;2.952535e-02;1.713366e-02;5.468887e-02;1.621187e-02;6.789752e-02;7.113216e-02;3.806026e-02;7.470998e-03;1.270776e-02
5.473375e-02;3.601080e-01;2.976041e-01;2.598821e-02;1.682546e-02;5.140738e-02;1.753159e-02;7.624283e-02;5.642175e-02;2.745598e-02;8.193343e-03;7.487633e-03
7.600951e-02;3.638637e-01;2.553737e-01;2.071662e-02;3.336852e-02;6.012706e-02;2.223034e-02;9.090931e-02;3.521243e-02;1.712471e-02;1.537663e-02;9.687547e-03
8.226722e-02;2.028259e-01;3.116277e-01;3.524598e-02;4.995362e-02;4.378988e-02;3.733466e-02;1.036634e-01;4.779474e-02;3.908645e-02;2.865175e-02;1.775870e-02
8.353291e-02;1.926927e-01;3.281769e-01;4.086001e-02;4.004358e-02;6.922444e-02;2.664779e-02;8.481917e-02;4.684605e-02;4.309400e-02;2.499245e-02;1.907012e-02
7.033571e-02;3.002133e-01;3.282607e-01;3.266046e-02;3.839404e-02;4.653890e-02;9.153595e-03;8.360833e-02;4.412587e-02;2.352910e-02;8.870561e-03;1.430947e-02
6.253407e-02;3.250584e-01;2.888343e-01;3.355621e-02;3.444112e-02;7.170417e-02;8.527967e-03;8.489843e-02;4.933267e-02;1.687235e-02;9.475772e-03;1.476455e-02
6.143242e-02;4.072375e-01;2.590288e-01;2.952526e-02;2.097803e-02;5.863763e-02;9.069513e-03;6.671297e-02;4.559621e-02;1.584874e-02;1.242003e-02;1.351289e-02
4.205340e-02;4.276691e-01;2.883806e-01;2.420140e-02;9.930364e-03;6.186682e-02;4.615603e-03;4.110214e-02;6.130968e-02;1.895479e-02;6.408020e-03;1.350805e-02
2.852418e-02;3.951420e-01;3.411609e-01;1.905710e-02;5.807812e-03;5.593508e-02;8.529332e-03;2.614863e-02;6.677317e-02;3.314277e-02;4.446411e-03;1.533260e-02
2.156859e-02;3.295991e-01;4.009364e-01;1.765483e-02;4.681470e-03;4.422300e-02;1.333402e-02;1.401599e-02;6.683380e-02;6.497271e-02;6.379107e-03;1.580091e-02
1.565512e-02;2.684737e-01;4.262722e-01;2.119420e-02;8.969515e-03;2.388898e-02;1.878024e-02;1.728178e-02;6.446703e-02;1.152872e-01;7.149083e-03;1.258112e-02
1.934646e-02;2.566668e-01;4.183373e-01;1.579304e-02;1.144264e-02;1.531548e-02;1.825475e-02;2.063940e-02;5.633639e-02;1.572230e-01;2.222536e-03;8.422211e-03
2.163599e-02;2.682832e-01;4.161113e-01;1.423873e-02;1.133378e-02;9.156424e-03;1.589601e-02;1.948250e-02;4.771395e-02;1.664711e-01;5.374655e-03;4.302419e-03
2.121714e-02;2.774880e-01;4.317601e-01;2.065123e-02;9.569229e-03;1.946397e-02;1.526577e-02;1.018541e-02;4.089600e-02;1.456711e-01;3.714635e-03;4.117414e-03
2.330504e-02;2.988121e-01;4.261611e-01;1.551642e-02;1.007839e-02;2.108183e-02;1.701837e-02;1.991074e-02;5.283593e-02;9.954429e-02;6.327298e-03;9.408488e-03
3.853130e-02;3.388663e-01;3.919877e-01;1.884401e-02;1.492297e-02;2.804516e-02;1.383489e-02;3.370740e-02;6.021724e-02;4.421556e-02;6.052984e-03;1.077447e-02
2.943404e-02;3.196009e-01;3.836495e-01;2.673176e-02;1.135282e-02;3.591938e-02;1.234209e-02;4.146783e-02;5.931569e-02;5.162191e-02;1.007874e-02;1.848537e-02
2.400278e-02;2.947351e-01;3.798632e-01;3.329299e-02;1.030920e-02;4.550356e-02;1.598916e-02;6.003119e-02;3.565802e-02;6.878591e-02;1.686101e-02;1.496789e-02
3.806896e-02;2.641459e-01;3.497638e-01;2.879343e-02;2.105846e-02;2.627966e-02;2.172602e-02;8.006060e-02;6.513245e-02;7.667809e-02;1.799264e-02;1.029997e-02
3.234872e-02;2.170112e-01;3.408191e-01;2.579693e-02;2.079156e-02;4.538574e-02;2.537561e-02;6.927305e-02;1.085513e-01;8.763047e-02;1.295334e-02;1.406298e-02
3.171528e-02;2.873864e-01;3.706548e-01;2.350195e-02;1.322923e-02;3.804736e-02;2.535529e-02;3.292340e-02;9.906229e-02;5.955552e-02;7.938466e-03;1.062999e-02
3.312608e-02;2.917249e-01;3.243878e-01;2.121007e-02;8.811678e-03;5.947759e-02;2.088526e-02;3.603186e-02;8.875448e-02;9.278265e-02;1.351287e-02;9.294808e-03
3.122856e-02;2.882584e-01;2.825517e-01;2.699592e-02;1.622041e-02;8.537640e-02;1.408262e-02;2.964632e-02;8.029314e-02;1.192540e-01;1.551796e-02;1.057456e-02
2.791996e-02;3.228627e-01;3.703831e-01;2.301707e-02;1.393994e-02;4.101842e-02;1.543814e-02;4.390823e-02;4.743067e-02;6.814706e-02;1.476047e-02;1.117426e-02
2.716156e-02;3.565456e-01;4.264072e-01;1.412990e-02;1.372890e-02;2.322293e-02;1.057707e-02;3.928243e-02;2.637268e-02;4.316936e-02;1.226871e-02;7.133573e-03
2.997565e-02;3.418919e-01;4.368322e-01;1.914749e-02;1.297990e-02;2.854856e-02;1.131642e-02;3.718283e-02;1.955142e-02;4.591319e-02;8.533257e-03;8.127226e-03
2.441500e-02;2.851933e-01;4.602917e-01;2.502679e-02;1.390534e-02;1.794139e-02;1.807424e-02;4.688370e-02;2.623384e-02;6.098964e-02;1.513108e-02;5.913893e-03
1.692964e-02;2.341153e-01;4.667619e-01;2.082924e-02;1.745141e-02;4.360117e-02;2.033461e-02;4.652034e-02;2.521427e-02;7.200321e-02;2.403159e-02;1.220742e-02
3.926427e-02;2.424614e-01;2.883692e-01;4.186800e-02;4.232144e-02;9.437715e-02;1.845959e-02;6.790574e-02;4.309519e-02;7.725461e-02;2.300595e-02;2.161749e-02
4.218250e-02;2.165499e-01;2.320324e-01;7.682570e-02;4.860300e-02;1.128088e-01;2.822336e-02;7.166728e-02;5.363414e-02;7.120726e-02;2.273421e-02;2.353138e-02
3.235754e-02;2.595353e-01;2.769670e-01;7.525584e-02;3.906248e-02;7.128332e-02;2.105552e-02;5.532697e-02;6.605425e-02;6.561911e-02;1.625499e-02;2.122781e-02
3.615921e-02;3.427536e-01;2.404877e-01;5.737188e-02;3.084333e-02;3.558079e-02;3.284810e-02;5.735800e-02;7.950088e-02;5.609244e-02;1.457035e-02;1.643364e-02
7.508974e-02;3.947304e-01;1.332592e-01;2.620374e-02;2.996929e-02;2.798828e-02;6.224040e-02;9.326480e-02;8.210452e-02;3.110683e-02;3.268819e-02;1.135460e-02
1.340197e-01;3.343882e-01;1.004913e-01;2.081589e-02;3.080270e-02;3.807560e-02;6.816842e-02;1.115241e-01;5.985769e-02;2.675987e-02;5.757274e-02;1.752392e-02
1.551091e-01;2.717849e-01;9.714684e-02;2.199217e-02;3.955748e-02;3.542352e-02;7.360945e-02;9.390818e-02;6.388028e-02;4.698016e-02;6.812579e-02;3.248211e-02
1.361496e-01;2.235535e-01;1.456123e-01;2.724160e-02;4.883647e-02;4.612890e-02;5.264871e-02;7.971264e-02;7.272550e-02;6.148511e-02;6.707157e-02;3.883411e-02
1.282749e-01;2.521392e-01;9.249066e-02;2.106936e-02;4.785113e-02;6.225607e-02;3.027670e-02;9.598365e-02;7.239571e-02;8.555473e-02;5.688502e-02;5.482294e-02
9.065653e-02;2.416424e-01;1.448028e-01;3.993028e-02;2.892687e-02;1.039561e-01;4.545112e-02;7.064718e-02;7.263155e-02;6.209758e-02;3.724399e-02;6.201357e-02
6.626991e-02;2.970333e-01;2.177364e-01;4.659741e-02;1.798658e-02;6.331028e-02;4.419116e-02;8.994757e-02;3.718245e-02;4.642346e-02;2.604404e-02;4.727741e-02
7.269857e-02;3.605696e-01;1.955652e-01;3.704358e-02;1.833566e-02;5.369871e-02;2.806083e-02;8.561114e-02;2.936965e-02;4.864680e-02;3.754000e-02;3.286018e-02
1.128391e-01;3.853270e-01;9.053496e-02;3.323602e-02;3.546283e-02;4.241053e-02;1.874760e-02;8.732177e-02;4.297546e-02;5.707375e-02;6.452341e-02;2.954754e-02
1.110829e-01;3.928829e-01;1.442257e-01;2.304703e-02;3.977644e-02;2.586880e-02;1.840227e-02;7.585858e-02;3.492156e-02;4.139156e-02;6.988931e-02;2.265297e-02
1.133543e-01;3.946341e-01;1.534035e-01;2.771760e-02;3.847846e-02;2.263326e-02;2.446239e-02;7.805029e-02;2.362301e-02;2.664195e-02;7.656683e-02;2.043440e-02
1.346663e-01;3.411740e-01;9.240384e-02;2.699328e-02;4.618428e-02;2.687320e-02;3.844180e-02;1.233062e-01;3.531022e-02;2.412258e-02;9.155975e-02;1.896459e-02
1.375938e-01;3.056225e-01;1.340681e-01;2.015612e-02;3.802260e-02;3.032035e-02;3.545026e-02;1.300223e-01;4.247936e-02;2.933426e-02;7.651462e-02;2.041573e-02
1.034504e-01;3.093401e-01;2.119839e-01;1.898373e-02;3.217309e-02;2.660931e-02;2.516455e-02;1.013805e-01;5.335120e-02;3.786285e-02;5.498869e-02;2.471170e-02
4.660936e-02;2.727906e-01;2.358709e-01;3.429563e-02;2.736910e-02;3.371067e-02;3.475672e-02;9.226728e-02;7.278401e-02;4.312855e-02;6.577362e-02;4.064350e-02
4.898685e-02;2.273451e-01;2.421122e-01;2.264016e-02;2.249778e-02;3.619433e-02;3.032245e-02;1.280576e-01;7.903084e-02;6.234933e-02;6.605618e-02;3.440719e-02
6.949715e-02;2.692639e-01;1.729758e-01;2.966839e-02;2.586249e-02;2.864094e-02;2.269427e-02;1.573464e-01;8.508299e-02;7.043989e-02;3.049319e-02;3.803455e-02
6.586678e-02;3.174658e-01;1.291213e-01;4.359473e-02;3.045440e-02;3.154532e-02;2.995870e-02;1.511118e-01;4.724827e-02;6.706619e-02;5.136079e-02;3.520595e-02
5.167024e-02;3.631577e-01;2.530827e-01;3.038489e-02;1.819402e-02;4.015204e-02;1.355632e-02;8.803575e-02;3.386242e-02;4.330289e-02;4.734893e-02;1.725215e-02
7.425678e-02;3.737910e-01;2.642642e-01;4.526714e-02;1.729280e-02;2.526212e-02;1.829590e-02;7.500979e-02;2.922934e-02;4.489334e-02;2.076316e-02;1.167433e-02
9.124005e-02;3.218702e-01;2.689547e-01;4.906685e-02;2.827674e-02;3.398318e-02;1.950957e-02;5.741970e-02;2.504199e-02;6.861264e-02;2.129433e-02;1.473003e-02
1.141331e-01;3.222908e-01;2.438241e-01;2.424667e-02;2.589947e-02;3.743382e-02;2.290577e-02;5.534905e-02;3.145554e-02;7.064530e-02;3.201409e-02;1.980232e-02
1.019880e-01;3.722925e-01;2.020047e-01;3.002580e-02;2.004509e-02;3.362405e-02;1.804780e-02;6.909356e-02;3.626275e-02;6.761530e-02;2.999580e-02;1.900459e-02
7.594262e-02;3.334564e-01;2.334650e-01;4.406422e-02;2.367556e-02;1.874191e-02;2.149911e-02;9.327937e-02;4.334302e-02;6.510291e-02;2.465411e-02;2.277577e-02
5.609185e-02;3.111429e-01;2.273710e-01;3.759207e-02;3.749822e-02;6.794935e-02;4.963516e-02;8.133242e-02;4.727080e-02;4.709941e-02;1.666827e-02;2.034852e-02
4.991305e-02;2.108746e-01;1.314129e-01;4.118584e-02;2.297606e-02;1.471671e-01;1.066413e-01;8.852430e-02;5.795778e-02;4.525065e-02;4.891304e-02;4.918342e-02
3.787175e-02;1.279625e-01;1.044172e-01;3.304255e-02;4.291894e-02;2.177916e-01;1.077274e-01;6.780012e-02;7.228824e-02;4.390190e-02;9.227204e-02;5.200579e-02
2.739749e-02;1.007691e-01;7.334274e-02;1.928151e-02;6.902280e-02;2.860189e-01;7.999469e-02;4.430194e-02;8.448245e-02;3.754250e-02;1.340917e-01;4.375410e-02
2.744660e-02;1.244018e-01;9.557325e-02;3.157600e-02;8.472563e-02;2.400964e-01;5.012873e-02;7.079448e-02;8.941238e-02;5.511220e-02;1.079353e-01;2.279723e-02
2.124280e-02;1.307469e-01;1.071577e-01;2.293067e-02;8.956840e-02;2.087147e-01;7.216424e-02;6.708566e-02;1.172432e-01;6.379776e-02;8.849598e-02;1.085204e-02
3.563128e-02;1.474235e-01;9.476355e-02;2.876068e-02;7.157753e-02;1.585158e-01;7.898369e-02;6.362259e-02;1.376060e-01;6.286848e-02;9.834503e-02;2.190201e-02
5.497876e-02;1.661574e-01;9.511942e-02;4.060205e-02;3.970622e-02;7.339293e-02;6.636972e-02;8.302303e-02;1.797826e-01;8.569885e-02;9.273852e-02;2.243051e-02
5.274300e-02;1.338091e-01;1.059357e-01;3.702560e-02;3.997103e-02;7.733738e-02;4.655997e-02;9.720499e-02;2.345244e-01;6.464109e-02;8.299039e-02;2.725730e-02
3.031481e-02;9.417029e-02;9.826745e-02;2.205290e-02;4.922243e-02;1.314042e-01;3.422141e-02;1.333965e-01;2.556921e-01;6.770609e-02;5.756926e-02;2.598259e-02
2.035843e-02;8.955661e-02;1.172678e-01;3.650099e-02;2.506464e-02;1.600740e-01;3.905160e-02;1.250347e-01;2.429403e-01;5.664285e-02;5.440984e-02;3.309816e-02
3.459297e-02;1.266409e-01;1.271650e-01;3.159126e-02;4.203833e-02;1.690420e-01;4.930643e-02;1.313916e-01;1.964579e-01;3.433572e-02;4.033912e-02;1.709873e-02
3.456041e-02;1.192147e-01;1.135682e-01;1.683483e-02;4.933430e-02;1.751622e-01;4.289259e-02;1.677748e-01;1.948961e-01;3.365450e-02;3.640521e-02;1.570217e-02
3.617837e-02;9.211376e-02;9.305165e-02;1.337649e-02;3.451343e-02;2.033273e-01;3.870098e-02;1.778551e-01;2.106990e-01;3.385032e-02;4.480297e-02;2.153063e-02
4.357674e-02;1.212583e-01;1.008567e-01;1.866651e-02;1.846536e-02;2.142193e-01;2.624101e-02;1.389157e-01;2.074319e-01;5.007753e-02;3.834046e-02;2.195032e-02
4.807403e-02;1.819843e-01;1.277464e-01;2.120023e-02;1.468660e-02;2.127676e-01;2.606223e-02;1.153756e-01;1.401955e-01;3.966527e-02;4.123459e-02;3.100770e-02
6.188205e-02;1.466462e-01;9.630217e-02;1.960377e-02;3.234525e-02;1.943730e-01;3.137461e-02;1.148930e-01;1.194654e-01;4.897552e-02;7.687737e-02;5.726171e-02
9.547965e-02;1.457036e-01;8.265037e-02;2.266918e-02;2.621625e-02;1.476408e-01;5.895991e-02;6.488819e-02;1.182452e-01;4.679408e-02;1.189082e-01;7.184448e-02
9.231492e-02;1.202176e-01;1.208381e-01;1.100342e-02;1.769516e-02;1.753027e-01;7.405934e-02;5.182299e-02;8.615752e-02;3.647419e-02;1.403887e-01;7.372537e-02
8.140102e-02;4.505929e-02;1.209893e-01;7.382332e-03;1.834148e-02;2.584886e-01;6.922270e-02;5.205655e-02;7.867464e-02;4.829445e-02;1.594560e-01;6.063364e-02
8.548371e-02;3.499737e-02;1.276821e-01;1.184297e-02;1.326684e-02;3.130622e-01;5.584771e-02;4.147296e-02;6.395862e-02;4.859738e-02;1.644141e-01;3.937409e-02
8.300234e-02;4.080737e-02;1.247819e-01;2.302855e-02;1.692936e-02;3.228485e-01;7.131826e-02;3.527700e-02;4.881816e-02;4.817566e-02;1.600799e-01;2.493304e-02
8.165728e-02;4.417256e-02;1.267124e-01;2.791553e-02;9.406304e-03;3.166198e-01;7.085175e-02;4.785612e-02;4.996747e-02;4.628428e-02;1.522013e-01;2.635526e-02
8.133273e-02;3.579065e-02;1.162774e-01;1.783565e-02;2.830637e-02;3.208294e-01;5.595997e-02;5.692536e-02;4.629213e-02;4.861366e-02;1.570567e-01;3.477992e-02
7.660565e-02;3.574361e-02;1.336270e-01;2.364728e-02;3.207100e-02;2.978355e-01;3.426792e-02;5.414506e-02;5.762984e-02;4.159333e-02;1.629349e-01;4.989888e-02
6.880321e-02;4.812843e-02;1.485008e-01;1.975912e-02;2.176239e-02;2.672020e-01;8.036390e-02;3.415830e-02;5.845723e-02;4.714093e-02;1.591384e-01;4.658518e-02
5.387975e-02;3.448340e-02;1.538386e-01;1.557002e-02;4.393770e-02;2.040384e-01;1.146980e-01;3.519599e-02;6.806624e-02;4.769162e-02;1.536384e-01;7.496188e-02
4.664255e-02;9.039453e-02;1.454780e-01;2.048060e-02;6.074169e-02;8.877978e-02;1.581395e-01;5.993533e-02;7.647181e-02;3.887565e-02;1.070234e-01;1.070373e-01
5.209188e-02;1.327775e-01;1.064567e-01;2.723776e-02;3.654533e-02;1.057363e-01;1.973253e-01;6.741555e-02;4.633069e-02;3.368028e-02;6.135180e-02;1.330510e-01
4.847553e-02;1.237266e-01;7.058669e-02;2.275891e-02;2.875773e-02;1.744913e-01;2.260068e-01;4.526911e-02;3.775695e-02;3.232386e-02;4.122489e-02;1.486216e-01
5.763339e-02;1.598601e-01;6.072462e-02;2.575815e-02;3.311779e-02;1.503595e-01;1.953061e-01;4.527468e-02;5.802460e-02;3.545657e-02;4.849803e-02;1.299864e-01
8.666948e-02;1.430168e-01;6.731766e-02;2.911463e-02;4.936996e-02;1.652817e-01;1.421128e-01;5.249291e-02;8.664668e-02;3.628253e-02;4.736083e-02;9.433399e-02
8.467313e-02;1.518423e-01;9.960262e-02;2.826289e-02;3.827588e-02;2.418838e-01;7.108098e-02;6.071196e-02;7.606884e-02;2.972111e-02;5.646953e-02;6.140691e-02
7.952734e-02;1.286430e-01;7.110947e-02;2.377684e-02;2.401347e-02;2.936850e-01;1.269517e-01;3.050186e-02;5.731108e-02;1.888327e-02;5.555764e-02;9.003928e-02
7.568341e-02;1.173665e-01;5.736458e-02;1.826662e-02;3.337011e-02;3.271025e-01;1.445730e-01;3.812430e-02;4.426149e-02;1.150087e-02;3.913447e-02;9.325212e-02
8.312434e-02;1.462309e-01;9.459889e-02;1.505151e-02;1.873539e-02;2.891066e-01;8.658112e-02;5.539547e-02;6.690817e-02;2.176670e-02;4.411284e-02;7.838802e-02
9.144382e-02;1.349656e-01;7.032827e-02;1.061603e-02;2.315646e-02;2.591790e-01;3.804914e-02;6.838186e-02;1.188103e-01;3.652787e-02;7.058038e-02;7.796124e-02
7.701044e-02;1.244333e-01;6.764676e-02;1.074218e-02;2.301761e-02;2.173473e-01;9.244558e-02;5.887611e-02;1.254636e-01;3.840657e-02;8.486646e-02;7.974412e-02
7.897245e-02;1.094987e-01;8.694820e-02;1.712773e-02;2.940594e-02;1.700494e-01;1.214613e-01;7.994294e-02;1.202560e-01;2.307710e-02;8.919290e-02;7.406723e-02
7.936076e-02;7.527295e-02;1.279831e-01;3.395295e-02;3.627826e-02;1.666712e-01;1.088653e-01;6.888793e-02;1.079957e-01;3.437615e-02;9.365352e-02;6.670220e-02
7.062814e-02;1.251802e-01;1.486637e-01;3.069125e-02;2.024429e-02;2.230457e-01;3.913630e-02;7.288184e-02;6.597486e-02;4.099662e-02;9.884056e-02;6.371653e-02
6.480555e-02;1.383930e-01;1.210813e-01;2.878791e-02;3.415531e-02;1.655304e-01;7.642023e-02;1.048765e-01;8.372019e-02;4.157048e-02;7.903532e-02;6.162374e-02
5.987237e-02;1.189746e-01;1.126168e-01;4.191583e-02;4.302211e-02;1.122812e-01;9.841833e-02;1.279659e-01;1.086516e-01;4.721811e-02;7.210669e-02;5.695650e-02
