7.818782e-02;1.147845e-01;2.603026e-01;5.107131e-02;4.439115e-02;3.388118e-02;8.217690e-02;4.149859e-02;6.884515e-02;9.862064e-02;7.819125e-02;4.804892e-02
1.010727e-01;1.004118e-01;2.333385e-01;5.818264e-02;4.630210e-02;2.430940e-02;1.045953e-01;6.979448e-02;8.496360e-02;8.994207e-02;5.788734e-02;2.920003e-02
1.254427e-01;7.638486e-02;1.763445e-01;4.359427e-02;4.863115e-02;2.536706e-02;1.492508e-01;1.202666e-01;7.477638e-02;7.095858e-02;5.657811e-02;3.240504e-02
1.296039e-01;3.660755e-02;1.108818e-01;5.219936e-02;3.740082e-02;2.481630e-02;2.318522e-01;1.496752e-01;4.101342e-02;7.056129e-02;5.195161e-02;6.343648e-02
9.201062e-02;3.556467e-02;5.673124e-02;8.091892e-02;2.356113e-02;2.364290e-02;3.167296e-01;1.161809e-01;2.671794e-02;8.234073e-02;4.015876e-02;1.054427e-01
5.364985e-02;3.884495e-02;3.486915e-02;8.559258e-02;1.641611e-02;5.410746e-02;3.908311e-01;7.192411e-02;2.276297e-02;8.434257e-02;3.060331e-02;1.160559e-01
3.762092e-02;3.612404e-02;4.311091e-02;6.066079e-02;1.675405e-02;1.118756e-01;3.736545e-01;7.227590e-02;4.800120e-02;6.677389e-02;4.574085e-02;8.740730e-02
4.384336e-02;2.559064e-02;6.836976e-02;2.535180e-02;3.323575e-02;1.811026e-01;2.612508e-01;6.910335e-02;8.323046e-02;5.417589e-02;8.153550e-02;7.321016e-02
4.265691e-02;1.609132e-02;1.071157e-01;2.543289e-02;6.360683e-02;1.917442e-01;1.739549e-01;5.531777e-02;9.730147e-02;7.046793e-02;1.039391e-01;5.237095e-02
2.129521e-02;3.059850e-02;9.423437e-02;2.322800e-02;8.478676e-02;1.824453e-01;1.261359e-01;5.191592e-02;9.374870e-02;1.049530e-01;1.191415e-01;6.751673e-02
4.766540e-02;5.224492e-02;6.434969e-02;5.077539e-02;8.372276e-02;1.321631e-01;1.371647e-01;5.147618e-02;5.210496e-02;1.264247e-01;1.152423e-01;8.666589e-02
7.044552e-02;3.792324e-02;6.721126e-02;5.749604e-02;5.582193e-02;5.991672e-02;1.805887e-01;6.293774e-02;5.824790e-02;1.199517e-01;1.112414e-01;1.182178e-01
5.311977e-02;2.214711e-02;6.751895e-02;5.554269e-02;4.127437e-02;7.151165e-02;2.195112e-01;6.919518e-02;7.858300e-02;1.080026e-01;9.236689e-02;1.212265e-01
4.338194e-02;3.049037e-02;6.735040e-02;6.036131e-02;5.347520e-02;8.052932e-02;1.887812e-01;6.042353e-02;6.872834e-02;1.169364e-01;1.029750e-01;1.265669e-01
6.650756e-02;4.798789e-02;7.587154e-02;8.650000e-02;6.109041e-02;7.112851e-02;1.319092e-01;8.337915e-02;7.679826e-02;1.008045e-01;9.396735e-02;1.040557e-01
9.442750e-02;5.148017e-02;6.976966e-02;1.150362e-01;6.092617e-02;6.888744e-02;1.084376e-01;9.615370e-02;6.122374e-02;9.431875e-02;7.294750e-02;1.063915e-01
1.001422e-01;6.082362e-02;1.299448e-01;1.109936e-01;8.480947e-02;6.096401e-02;7.115602e-02;6.727499e-02;4.690368e-02;7.946964e-02;8.214203e-02;1.053760e-01
1.344602e-01;7.592537e-02;1.310429e-01;9.615150e-02;8.048735e-02;7.295246e-02;1.069883e-01;5.056446e-02;3.547406e-02;5.554789e-02;7.192931e-02;8.847624e-02
1.354301e-01;7.250227e-02;1.084855e-01;5.272704e-02;6.535675e-02;1.571646e-01;1.067152e-01;3.592442e-02;3.042161e-02;6.008349e-02;1.079266e-01;6.726247e-02
8.009817e-02;3.859001e-02;6.633587e-02;2.127874e-02;4.933525e-02;2.869313e-01;1.352509e-01;2.554400e-02;2.440340e-02;6.960007e-02;1.587929e-01;4.383941e-02
3.245907e-02;1.183424e-02;6.217888e-02;1.496859e-02;3.346814e-02;3.455448e-01;2.126927e-01;2.108017e-02;3.257645e-02;4.350991e-02;1.580519e-01;3.163511e-02
2.814778e-02;6.662794e-03;7.992646e-02;1.059329e-02;1.942305e-02;3.554064e-01;2.425262e-01;5.638529e-03;4.034809e-02;2.856506e-02;1.540908e-01;2.867156e-02
2.771663e-02;1.018391e-02;1.007910e-01;6.118142e-03;2.388717e-02;3.338793e-01;2.197505e-01;2.001555e-02;5.494244e-02;3.003434e-02;1.512832e-01;2.139779e-02
2.550480e-02;7.104827e-03;1.151127e-01;9.382113e-03;2.137577e-02;3.090633e-01;2.092516e-01;1.690912e-02;9.629962e-02;2.230246e-02;1.366532e-01;3.104043e-02
1.279154e-02;4.722099e-03;1.104640e-01;1.754002e-02;1.681633e-02;2.472541e-01;2.800765e-01;2.289438e-02;1.172022e-01;2.158394e-02;9.487256e-02;5.378245e-02
7.094792e-03;6.878670e-03;9.786600e-02;3.427456e-02;2.029763e-02;1.867754e-01;3.802851e-01;2.302677e-02;1.052458e-01;1.595283e-02;3.402388e-02;8.827852e-02
1.843522e-02;1.656862e-02;6.154219e-02;7.332093e-02;1.428797e-02;1.150408e-01;4.224555e-01;2.602469e-02;5.847463e-02;1.266392e-02;4.268945e-02;1.384961e-01
2.193695e-02;1.865367e-02;2.754365e-02;1.251473e-01;7.028466e-03;6.209530e-02;4.340623e-01;4.650466e-02;2.274574e-02;2.281144e-02;4.070144e-02;1.707691e-01
3.304563e-02;1.904871e-02;1.500763e-02;1.515923e-01;4.487492e-03;2.390127e-02;4.322336e-01;7.267959e-02;7.902123e-03;3.795005e-02;2.710054e-02;1.750511e-01
5.032017e-02;1.390303e-02;1.617219e-02;1.407880e-01;5.123753e-03;3.334014e-02;3.986609e-01;1.027401e-01;1.238395e-02;4.510768e-02;1.957063e-02;1.618895e-01
1.062700e-01;1.282725e-02;1.850078e-02;1.191813e-01;1.857336e-02;2.742229e-02;3.246873e-01;1.559016e-01;3.702565e-02;4.181091e-02;1.394831e-02;1.238513e-01
1.836403e-01;5.016441e-02;3.087775e-02;6.934403e-02;5.516805e-02;1.291223e-02;1.942817e-01;2.095126e-01;1.018373e-01;2.365723e-02;1.434454e-02;5.425981e-02
1.692098e-01;1.349790e-01;5.447195e-02;2.896825e-02;6.336092e-02;2.535263e-02;8.410458e-02;1.545791e-01;2.355637e-01;1.762821e-02;1.623029e-02;1.555146e-02
7.799202e-02;1.827232e-01;1.168079e-01;1.659023e-02;3.160850e-02;3.283094e-02;5.619730e-02;4.798345e-02;3.206725e-01;6.040133e-02;1.148910e-02;4.470356e-02
4.832047e-02;1.327576e-01;2.112795e-01;1.684343e-02;1.796695e-02;1.659020e-02;5.248260e-02;5.015142e-02;2.539376e-01;1.471825e-01;1.429270e-02;3.819513e-02
4.626282e-02;6.117852e-02;2.794623e-01;3.453963e-02;1.600768e-02;2.209979e-02;6.247898e-02;4.913463e-02;1.534599e-01;2.245370e-01;3.303240e-02;1.780628e-02
5.395499e-02;2.737462e-02;2.362154e-01;8.450390e-02;1.865582e-02;2.497134e-02;5.992863e-02;4.809279e-02;1.129917e-01;2.037001e-01;1.078359e-01;2.177489e-02
4.194814e-02;5.106468e-02;1.297183e-01;1.391512e-01;3.976747e-02;3.915057e-02;4.883977e-02;6.555959e-02;1.261549e-01;1.003040e-01;1.827202e-01;3.562107e-02
2.798635e-02;7.187246e-02;1.069915e-01;1.503268e-01;5.576821e-02;3.884062e-02;5.199751e-02;8.994021e-02;1.267494e-01;4.242720e-02;2.100674e-01;2.703235e-02
2.530501e-02;6.728087e-02;7.276344e-02;1.140057e-01;1.070596e-01;3.493670e-02;5.564222e-02;8.883144e-02;8.988634e-02;6.413484e-02;1.690213e-01;1.111326e-01
3.960579e-02;4.608037e-02;1.386821e-01;1.007525e-01;1.574969e-01;3.435576e-02;3.909547e-02;5.893955e-02;4.052198e-02;6.153325e-02;1.090808e-01;1.738556e-01
3.948934e-02;3.567212e-02;1.509356e-01;1.112190e-01;1.655973e-01;2.596992e-02;3.021878e-02;3.544498e-02;4.727626e-02;6.439205e-02;1.344053e-01;1.593793e-01
2.894058e-02;8.063538e-02;1.618832e-01;1.200088e-01;1.242109e-01;2.739419e-02;6.080327e-02;4.471027e-02;4.342505e-02;6.097988e-02;1.428757e-01;1.041326e-01
2.899359e-02;8.442897e-02;2.418112e-01;1.050960e-01;9.717254e-02;3.060762e-02;7.649872e-02;5.814829e-02;3.162825e-02;7.647484e-02;1.132778e-01;5.586221e-02
3.805806e-02;6.205862e-02;3.426752e-01;7.472007e-02;7.408942e-02;2.518995e-02;5.720118e-02;7.274360e-02;4.267089e-02;1.069389e-01;7.648075e-02;2.717331e-02
6.162616e-02;7.538439e-02;3.951006e-01;8.274926e-02;6.022782e-02;1.926380e-02;2.272219e-02;5.040225e-02;6.671238e-02;9.291673e-02;2.830024e-02;4.459416e-02
6.425763e-02;1.380720e-01;3.617014e-01;6.298708e-02;5.160093e-02;2.080129e-02;3.939357e-02;3.509458e-02;6.830679e-02;4.474666e-02;4.476858e-02;6.826954e-02
1.196880e-01;1.834334e-01;2.742213e-01;6.322886e-02;4.186904e-02;2.058074e-02;3.644744e-02;3.502013e-02;5.662742e-02;6.039088e-02;5.909455e-02;4.939823e-02
2.029623e-01;1.650320e-01;1.767951e-01;5.691587e-02;3.837945e-02;2.083940e-02;5.303311e-02;5.680949e-02;3.902000e-02;6.742305e-02;6.844562e-02;5.434461e-02
2.060664e-01;9.234355e-02;1.346283e-01;6.009074e-02;4.260484e-02;1.981884e-02;1.098841e-01;7.472482e-02;4.593364e-02;6.249027e-02;7.770708e-02;7.370744e-02
1.211528e-01;5.714651e-02;1.572136e-01;7.524214e-02;4.647224e-02;1.356070e-02;1.964430e-01;7.096886e-02;4.165364e-02;5.082663e-02;5.929825e-02;1.100217e-01
9.709579e-02;6.442710e-02;1.475097e-01;5.815803e-02;3.349936e-02;3.717959e-02;2.520553e-01;4.045757e-02;5.642417e-02;5.695231e-02;5.034114e-02;1.059000e-01
7.522392e-02;5.561681e-02;1.172485e-01;5.404618e-02;3.037817e-02;7.550889e-02;2.480700e-01;7.320879e-02;5.159826e-02;6.198515e-02;6.874769e-02;8.836769e-02
7.852767e-02;5.119958e-02;1.272913e-01;6.381352e-02;4.545420e-02;1.091523e-01;1.612662e-01;6.534812e-02;6.557993e-02;6.164602e-02;1.018142e-01;6.890700e-02
8.428638e-02;6.945428e-02;1.515315e-01;5.320148e-02;3.846942e-02;1.468897e-01;1.026001e-01;4.677755e-02;6.602768e-02;6.366489e-02;1.299116e-01;4.718548e-02
5.611651e-02;5.407713e-02;1.281295e-01;5.431239e-02;5.200841e-02;1.803511e-01;6.497660e-02;3.964833e-02;6.114909e-02;7.373849e-02;1.562799e-01;7.921246e-02
5.370443e-02;4.114199e-02;9.867094e-02;4.108759e-02;6.409690e-02;1.652313e-01;1.086788e-01;5.275062e-02;7.098056e-02;5.773471e-02;1.592527e-01;8.666940e-02
6.560963e-02;5.189798e-02;1.159492e-01;3.471680e-02;6.848353e-02;1.356181e-01;9.345464e-02;5.771731e-02;7.665194e-02;7.884186e-02;1.502140e-01;7.084498e-02
6.331475e-02;4.053926e-02;9.753493e-02;4.087163e-02;1.274452e-01;1.276878e-01;7.543211e-02;6.669709e-02;8.413317e-02;8.545005e-02;1.319257e-01;5.896841e-02
8.357509e-02;6.303437e-02;5.517336e-02;4.744047e-02;1.453324e-01;1.014719e-01;5.259418e-02;6.383048e-02;7.941236e-02;1.173533e-01;1.152102e-01;7.557200e-02
9.269898e-02;6.551064e-02;9.224045e-02;6.580108e-02;1.387225e-01;7.181632e-02;5.334584e-02;4.423998e-02;5.986359e-02;1.517037e-01;9.426141e-02;6.979555e-02
8.952341e-02;6.901760e-02;1.211118e-01;7.666001e-02;1.073404e-01;4.267401e-02;6.192337e-02;4.319797e-02;5.360331e-02;1.675627e-01;6.155235e-02;1.058331e-01
1.044775e-01;7.324918e-02;9.845897e-02;9.664833e-02;5.937027e-02;3.929580e-02;7.715036e-02;5.629453e-02;8.106327e-02;1.408980e-01;7.595165e-02;9.714217e-02
9.089192e-02;6.326702e-02;7.228124e-02;1.199768e-01;5.926161e-02;5.303610e-02;9.692937e-02;6.071844e-02;1.035892e-01;1.376611e-01;8.922685e-02;5.316038e-02
6.076981e-02;3.687635e-02;1.608234e-01;1.079724e-01;6.003907e-02;5.780897e-02;1.193590e-01;6.707337e-02;7.961626e-02;1.098200e-01;8.773687e-02;5.210453e-02
7.781555e-02;5.338082e-02;1.402204e-01;9.084886e-02;7.506078e-02;5.867447e-02;8.685550e-02;6.232518e-02;5.798754e-02;1.258682e-01;1.073722e-01;6.359043e-02
7.639129e-02;7.255475e-02;8.193236e-02;5.893551e-02;1.507665e-01;8.453517e-02;3.802265e-02;4.893772e-02;6.262912e-02;1.498047e-01;1.109271e-01;6.456313e-02
5.076824e-02;8.896301e-02;6.896737e-02;3.745203e-02;1.786193e-01;1.194738e-01;3.790538e-02;4.875689e-02;4.135649e-02;1.474996e-01;1.145472e-01;6.569069e-02
3.358500e-02;8.635966e-02;7.220969e-02;1.424309e-02;1.791516e-01;1.421035e-01;3.792294e-02;4.332353e-02;3.588016e-02;1.829541e-01;1.347712e-01;3.749565e-02
3.549029e-02;8.181122e-02;5.261165e-02;4.527543e-02;2.204515e-01;1.363392e-01;2.474485e-02;4.639133e-02;3.383584e-02;2.101078e-01;9.773760e-02;1.520335e-02
3.738573e-02;5.890961e-02;7.441488e-02;8.938122e-02;2.064315e-01;9.976391e-02;4.705314e-02;4.579934e-02;5.482311e-02;1.898219e-01;7.897184e-02;1.724382e-02
3.830210e-02;1.878037e-02;9.169500e-02;1.311148e-01;1.514171e-01;6.846911e-02;1.350972e-01;4.804188e-02;8.090910e-02;1.611484e-01;5.753884e-02;1.748609e-02
5.720090e-02;3.219445e-02;7.327121e-02;1.226103e-01;8.331324e-02;5.117019e-02;2.267959e-01;6.393690e-02;9.177534e-02;1.069982e-01;5.524277e-02;3.549064e-02
5.654528e-02;4.127350e-02;7.837763e-02;9.888867e-02;1.147370e-01;4.101743e-02;2.244730e-01;6.027863e-02;7.453692e-02;9.035424e-02;8.426442e-02;3.525336e-02
6.986072e-02;4.163017e-02;1.462115e-01;5.400379e-02;8.467765e-02;4.276451e-02;1.165798e-01;7.092668e-02;8.335641e-02;1.247432e-01;1.181018e-01;4.714368e-02
6.071242e-02;6.020640e-02;1.242238e-01;7.026571e-02;9.806848e-02;3.480086e-02;1.521230e-01;5.470980e-02;7.601894e-02;1.248675e-01;9.365309e-02;5.034990e-02
5.770444e-02;4.858893e-02;1.256546e-01;1.139453e-01;1.047658e-01;7.988942e-02;1.474306e-01;3.672578e-02;7.630733e-02;1.185187e-01;5.109973e-02;3.936930e-02
5.229003e-02;4.167389e-02;1.589989e-01;1.332876e-01;9.056097e-02;8.667405e-02;1.634409e-01;3.773973e-02;6.139087e-02;8.818904e-02;4.459344e-02;4.116060e-02
5.464062e-02;6.122563e-02;1.626513e-01;1.192063e-01;1.487779e-01;6.101437e-02;1.505145e-01;4.453982e-02;4.770593e-02;7.465795e-02;4.320889e-02;3.185671e-02
5.817778e-02;5.241543e-02;1.735275e-01;1.052540e-01;1.732158e-01;4.490607e-02;1.039465e-01;6.301580e-02;6.332836e-02;8.741699e-02;5.269016e-02;2.210564e-02
7.073367e-02;5.164689e-02;1.158206e-01;6.359977e-02;1.283049e-01;6.133083e-02;1.062893e-01;7.268567e-02;8.386447e-02;1.175557e-01;6.445166e-02;6.371654e-02
8.689333e-02;6.120764e-02;9.367665e-02;6.398077e-02;1.015202e-01;5.822765e-02;1.129165e-01;7.130033e-02;7.389439e-02;1.043421e-01;7.293545e-02;9.910503e-02
9.602185e-02;6.695299e-02;1.982664e-01;6.726203e-02;9.513084e-02;7.532519e-02;1.785902e-01;2.602251e-02;3.674549e-02;6.576885e-02;4.442882e-02;4.948472e-02
8.578652e-02;6.746230e-02;1.932461e-01;7.102720e-02;1.014430e-01;1.094198e-01;1.679918e-01;3.400831e-02;4.707968e-02;4.901896e-02;5.146157e-02;2.205488e-02
6.747797e-02;4.260341e-02;1.521250e-01;5.890381e-02;7.962192e-02;1.622176e-01;2.010525e-01;3.142365e-02;6.560184e-02;4.248147e-02;7.044786e-02;2.604295e-02
3.337777e-02;1.743432e-02;1.110809e-01;4.077883e-02;3.940117e-02;2.371504e-01;2.636926e-01;3.423150e-02;9.307217e-02;2.933993e-02;8.257775e-02;1.786275e-02
2.050034e-02;9.629834e-03;8.420482e-02;2.366249e-02;2.762365e-02;2.508856e-01;2.973729e-01;3.500352e-02;1.246018e-01;4.000619e-02;6.621350e-02;2.029530e-02
1.768045e-02;1.099412e-02;6.497792e-02;1.547560e-02;1.966330e-02;2.262871e-01;3.488751e-01;4.319961e-02;1.233091e-01;5.061162e-02;4.859000e-02;3.033610e-02
1.385074e-02;1.737598e-02;6.848150e-02;2.373481e-02;4.420823e-02;2.143241e-01;3.498967e-01;3.338043e-02;1.004943e-01;4.906762e-02;4.142067e-02;4.376507e-02
4.131847e-02;2.139016e-02;8.210648e-02;4.184037e-02;6.553000e-02;1.718083e-01;2.853079e-01;6.485073e-02;8.769467e-02;4.211117e-02;4.603355e-02;5.000823e-02
7.594919e-02;2.168803e-02;9.088830e-02;3.248567e-02;6.373943e-02;1.382919e-01;2.461899e-01;6.388304e-02;7.936139e-02;5.571773e-02;6.842411e-02;6.338128e-02
7.151964e-02;3.513476e-02;7.496683e-02;2.643324e-02;3.480510e-02;1.195058e-01;2.810103e-01;5.414617e-02;7.118979e-02;5.619552e-02;6.739291e-02;1.076999e-01
3.439527e-02;5.733429e-02;4.192803e-02;4.142608e-02;2.184481e-02;7.937086e-02;3.607597e-01;5.400302e-02;6.328988e-02;4.442254e-02;2.444030e-02;1.767852e-01
2.935966e-02;7.376850e-02;2.399663e-02;5.616694e-02;1.633001e-02;2.904032e-02;4.140800e-01;7.853750e-02;3.119485e-02;3.177549e-02;2.173267e-02;1.940174e-01
4.172041e-02;7.834270e-02;2.978813e-02;5.983713e-02;1.464318e-02;3.230817e-02;4.246165e-01;9.866910e-02;1.490405e-02;4.208240e-02;1.876979e-02;1.443184e-01
7.138598e-02;7.940882e-02;5.155879e-02;4.236994e-02;1.898975e-02;4.642332e-02;3.898184e-01;1.213106e-01;3.013452e-02;4.615303e-02;1.997373e-02;8.247312e-02
7.674704e-02;7.220045e-02;5.590611e-02;5.969126e-02;2.113841e-02;5.017895e-02;3.546807e-01;1.302513e-01;3.567863e-02;4.255849e-02;2.956791e-02;7.140063e-02
6.240523e-02;7.824681e-02;5.292736e-02;9.058577e-02;2.730135e-02;7.253931e-02;3.355589e-01;1.050726e-01;2.393765e-02;4.243777e-02;3.385533e-02;7.513191e-02
7.407828e-02;9.684460e-02;7.242642e-02;9.979992e-02;4.142306e-02;7.045914e-02;2.646168e-01;8.780952e-02;3.096934e-02;4.406545e-02;3.434652e-02;8.316094e-02
9.344687e-02;7.111215e-02;9.202374e-02;8.427819e-02;3.968223e-02;4.119991e-02;1.606714e-01;1.217015e-01;3.717181e-02;5.683850e-02;4.267167e-02;1.592019e-01
3.419365e-02;7.363538e-02;7.076126e-02;6.251090e-02;2.984110e-02;7.406746e-02;2.508766e-01;1.281821e-01;4.178528e-02;4.395595e-02;5.184071e-02;1.383496e-01
4.868918e-02;1.091844e-01;6.667612e-02;5.285095e-02;3.215861e-02;8.584300e-02;3.155715e-01;7.544631e-02;4.668462e-02;3.821940e-02;4.658467e-02;8.209126e-02
7.330125e-02;1.412985e-01;7.378127e-02;7.315124e-02;4.693735e-02;7.511882e-02;2.879167e-01;5.829894e-02;3.683924e-02;3.876964e-02;4.940037e-02;4.518666e-02
6.331401e-02;1.456284e-01;7.975078e-02;8.282018e-02;4.993306e-02;5.991454e-02;2.876981e-01;8.845666e-02;3.074403e-02;4.397581e-02;3.757257e-02;3.019185e-02
8.123477e-02;1.030547e-01;1.039157e-01;6.727488e-02;4.441351e-02;5.497496e-02;2.967401e-01;1.011858e-01;3.458736e-02;4.466306e-02;2.658608e-02;4.136900e-02
1.406655e-01;1.050476e-01;1.325592e-01;6.458751e-02;3.702915e-02;4.296703e-02;1.917234e-01;8.750262e-02;4.324705e-02;3.152715e-02;3.676245e-02;8.638127e-02
1.770128e-01;1.313736e-01;1.031627e-01;4.710109e-02;3.775834e-02;2.918419e-02;1.225946e-01;7.257154e-02;4.472902e-02;5.401436e-02;5.899658e-02;1.215012e-01
1.273009e-01;7.277982e-02;1.066083e-01;5.107144e-02;5.546485e-02;5.023206e-02;1.938541e-01;6.243324e-02;4.685684e-02;4.484110e-02;4.984016e-02;1.387171e-01
1.553324e-01;6.069164e-02;1.183440e-01;2.747091e-02;5.661210e-02;4.945409e-02;1.764209e-01;1.133282e-01;6.124185e-02;3.575999e-02;4.729561e-02;9.804833e-02
1.893188e-01;4.729291e-02;1.036826e-01;2.040664e-02;5.615224e-02;3.248799e-02;1.779740e-01;1.668096e-01;6.723565e-02;2.400292e-02;2.948298e-02;8.515369e-02
1.883792e-01;2.937120e-02;6.003239e-02;1.887420e-02;4.285154e-02;4.450992e-02;2.480040e-01;2.044539e-01;4.443569e-02;3.008923e-02;1.512526e-02;7.387347e-02
1.378381e-01;1.064368e-02;2.760914e-02;2.311211e-02;2.919486e-02;8.197493e-02;3.635709e-01;1.725127e-01;3.151354e-02;3.827413e-02;2.686339e-02;5.689247e-02
1.026907e-01;3.196200e-02;2.845420e-02;2.620591e-02;3.667552e-02;1.003460e-01;3.934766e-01;1.284777e-01;4.192011e-02;3.578411e-02;3.278842e-02;4.121868e-02
1.042403e-01;4.440891e-02;4.474537e-02;2.879559e-02;4.180496e-02;7.678415e-02;3.321354e-01;1.640326e-01;4.313555e-02;5.001639e-02;3.762862e-02;3.227225e-02
1.217490e-01;3.667019e-02;8.106063e-02;2.886694e-02;3.887375e-02;6.013487e-02;1.657125e-01;2.139085e-01;4.379717e-02;7.012613e-02;7.118814e-02;6.791221e-02
9.428237e-02;2.556718e-02;8.163979e-02;2.004499e-02;3.423513e-02;9.771100e-02;2.153599e-01;1.741001e-01;2.932759e-02;5.002963e-02;1.031041e-01;7.459825e-02
9.667373e-02;4.925759e-02;6.595270e-02;3.595868e-02;3.256591e-02;8.912170e-02;2.802232e-01;1.262861e-01;1.922242e-02;5.919996e-02;7.635582e-02;6.918229e-02
1.048978e-01;6.198722e-02;4.715734e-02;5.929291e-02;3.163778e-02;6.907894e-02;2.883619e-01;8.842637e-02;4.498181e-02;4.656897e-02;5.391285e-02;1.036960e-01
7.058503e-02;4.694510e-02;4.303793e-02;6.783767e-02;5.511675e-02;8.255907e-02;2.739264e-01;9.757514e-02;3.517982e-02;5.985727e-02;6.678610e-02;1.005937e-01
9.959148e-02;4.170329e-02;1.063885e-01;4.606697e-02;5.612583e-02;9.570072e-02;1.859531e-01;7.363872e-02;2.742841e-02;1.016114e-01;8.018522e-02;8.560638e-02
1.105194e-01;4.741326e-02;1.213770e-01;3.062946e-02;3.642301e-02;1.022250e-01;1.667951e-01;3.974853e-02;3.701970e-02;1.210492e-01;1.082048e-01;7.859536e-02
6.866711e-02;3.104407e-02;1.135062e-01;2.378941e-02;3.200985e-02;1.096878e-01;1.268454e-01;6.958015e-02;7.096282e-02;1.454084e-01;1.522562e-01;5.624253e-02
6.960749e-02;1.183138e-02;1.150930e-01;1.947937e-02;3.023518e-02;9.182150e-02;1.378325e-01;8.853169e-02;8.714981e-02;1.417401e-01;1.581089e-01;4.856918e-02
7.456208e-02;2.113316e-02;1.087196e-01;3.244283e-02;4.517967e-02;9.725341e-02;1.218880e-01;1.053813e-01;8.274456e-02;1.161365e-01;1.642471e-01;3.031186e-02
7.887827e-02;3.099493e-02;7.367125e-02;4.796229e-02;5.489636e-02;7.340385e-02;1.205559e-01;1.085446e-01;6.019600e-02;1.179556e-01;1.878915e-01;4.504945e-02
6.753153e-02;3.747335e-02;5.294810e-02;5.628952e-02;5.470598e-02;4.176055e-02;1.596276e-01;8.403616e-02;6.360862e-02;1.426050e-01;1.753381e-01;6.407551e-02
7.055251e-02;3.074118e-02;5.970751e-02;5.277893e-02;5.815097e-02;5.040204e-02;1.929909e-01;6.460422e-02;5.632333e-02;1.427811e-01;1.393673e-01;8.159997e-02
1.101164e-01;3.479222e-02;6.058692e-02;6.040833e-02;6.349507e-02;5.172941e-02;1.873714e-01;7.598626e-02;6.860451e-02;9.207363e-02;9.570842e-02;9.912740e-02
9.882145e-02;3.768867e-02;5.803898e-02;4.640310e-02;5.898948e-02;5.063652e-02;1.862662e-01;1.296392e-01;7.632314e-02;9.728514e-02;8.684842e-02;7.305971e-02
6.119505e-02;3.353034e-02;6.067090e-02;3.268989e-02;4.112236e-02;4.271609e-02;2.417141e-01;1.600640e-01;5.936439e-02;1.243633e-01;7.959267e-02;6.297690e-02
6.157574e-02;2.438171e-02;6.733383e-02;4.298463e-02;4.899761e-02;3.482742e-02;2.732987e-01;1.457227e-01;5.213332e-02;1.044495e-01;9.652124e-02;4.777369e-02
8.019199e-02;2.477531e-02;1.007234e-01;5.751534e-02;4.839208e-02;3.882263e-02;2.860243e-01;8.505491e-02;3.494894e-02;9.465653e-02;8.798309e-02;6.091150e-02
1.021152e-01;2.826994e-02;1.145687e-01;6.054218e-02;4.096665e-02;5.783086e-02;2.409855e-01;5.416113e-02;3.374662e-02;1.119913e-01;7.954388e-02;7.527804e-02
1.126036e-01;5.346957e-02;1.835786e-01;5.580771e-02;2.843246e-02;5.028935e-02;1.807198e-01;5.368875e-02;6.383791e-02;9.022310e-02;6.686521e-02;6.048397e-02
8.210052e-02;9.503493e-02;2.615537e-01;6.553380e-02;4.691997e-02;5.800102e-02;8.356526e-02;2.546872e-02;9.543857e-02;7.105177e-02;7.011214e-02;4.521955e-02
7.593752e-02;8.254571e-02;1.802185e-01;9.728228e-02;5.444833e-02;6.082655e-02;7.634808e-02;3.741025e-02;1.192837e-01;9.853531e-02;8.567371e-02;3.148995e-02
1.091911e-01;5.274479e-02;9.366234e-02;1.286651e-01;4.848261e-02;6.287421e-02;7.855969e-02;4.422753e-02;1.100439e-01;1.067216e-01;1.144594e-01;5.036765e-02
1.183062e-01;4.215469e-02;7.299175e-02;1.137075e-01;5.430345e-02;1.020300e-01;9.353586e-02;4.154707e-02;7.811091e-02;1.020657e-01;1.288222e-01;5.242467e-02
7.477502e-02;7.629668e-02;5.509353e-02;1.053739e-01;9.990802e-02;1.028885e-01;7.862581e-02;7.001541e-02;9.687998e-02;1.048898e-01;1.097513e-01;2.550204e-02
4.228212e-02;9.845762e-02;4.405222e-02;8.371707e-02;1.351625e-01;1.107868e-01;4.861492e-02;1.000977e-01;1.063821e-01;1.204175e-01;9.171831e-02;1.831125e-02
3.397871e-02;8.430678e-02;5.323260e-02;6.934036e-02;1.318770e-01;1.797826e-01;8.938322e-02;8.535404e-02;6.965154e-02;9.818962e-02;8.849682e-02;1.640662e-02
5.369209e-02;5.497082e-02;7.096130e-02;4.394294e-02;1.067816e-01;2.401994e-01;1.211770e-01;5.062812e-02;8.266339e-02;6.686274e-02;8.304724e-02;2.507344e-02
7.847651e-02;4.747022e-02;6.519506e-02;5.234456e-02;8.896706e-02;1.718455e-01;1.914498e-01;4.568115e-02;1.158305e-01;3.635546e-02;5.421248e-02;5.217181e-02
8.858311e-02;5.288064e-02;5.276340e-02;1.006464e-01;5.742378e-02;8.855507e-02;2.498070e-01;6.810383e-02;8.657939e-02;4.681633e-02;3.599384e-02;7.184722e-02
1.042356e-01;6.632079e-02;7.043135e-02;1.207285e-01;2.994303e-02;5.251408e-02;2.665111e-01;8.506633e-02;4.738125e-02;5.025139e-02;3.593741e-02;7.067914e-02
1.126671e-01;9.149840e-02;9.244674e-02;8.256783e-02;4.124013e-02;5.045027e-02;2.580332e-01;7.623246e-02;5.322698e-02;4.987683e-02;4.584029e-02;4.591985e-02
8.612307e-02;9.207688e-02;1.315764e-01;6.833521e-02;5.811308e-02;3.695401e-02;2.408244e-01;7.935988e-02;4.638302e-02;6.240641e-02;6.449363e-02;3.335398e-02
8.628095e-02;5.985053e-02;1.240690e-01;6.614388e-02;6.962009e-02;7.405815e-02;1.572637e-01;9.692776e-02;6.690721e-02;6.491940e-02;6.689283e-02;6.706662e-02
9.860331e-02;5.885163e-02;8.056944e-02;5.324973e-02;4.368795e-02;1.022947e-01;1.594600e-01;8.603081e-02;8.168104e-02;8.510044e-02;6.715691e-02;8.331405e-02
9.470765e-02;7.705718e-02;8.818616e-02;6.313197e-02;6.697138e-02;6.553189e-02;1.950441e-01;5.542121e-02;7.951048e-02;8.185875e-02;5.172145e-02;8.085772e-02
6.259006e-02;7.103432e-02;8.549754e-02;5.743849e-02;7.823152e-02;1.000761e-01;2.226557e-01;4.896496e-02;6.035741e-02;7.629308e-02;6.380133e-02;7.305951e-02
5.587307e-02;6.647573e-02;1.044193e-01;4.804365e-02;8.811327e-02;1.257330e-01;1.625321e-01;9.246267e-02;5.539611e-02;7.612120e-02;6.472806e-02;6.010186e-02
7.357074e-02;1.019635e-01;1.249215e-01;6.407873e-02;1.035489e-01;1.098977e-01;1.180027e-01;6.376651e-02;7.374194e-02;5.466443e-02;5.530731e-02;5.653606e-02
1.073526e-01;1.225295e-01;1.276394e-01;8.121813e-02;8.744745e-02;8.479712e-02;1.187634e-01;4.635098e-02;6.486529e-02;5.865548e-02;5.252247e-02;4.785822e-02
7.269362e-02;1.056615e-01;2.417586e-01;7.672941e-02;6.104829e-02;7.037281e-02;1.597106e-01;4.353664e-02;3.393751e-02;5.033920e-02;4.097632e-02;4.323551e-02
7.805317e-02;1.056793e-01;3.066527e-01;6.048068e-02;6.082978e-02;6.634619e-02;1.784011e-01;2.412684e-02;2.788029e-02;2.676519e-02;3.229300e-02;3.249185e-02
1.272110e-01;1.091934e-01;2.553065e-01;4.914738e-02;4.465690e-02;5.996203e-02;1.785093e-01;3.430623e-02;3.901372e-02;3.235598e-02;3.256043e-02;3.777725e-02
1.224404e-01;9.014878e-02;1.944725e-01;5.627520e-02;3.817790e-02;8.394893e-02;1.787930e-01;3.166462e-02;5.413165e-02;4.032519e-02;4.939418e-02;6.022768e-02
7.436220e-02;7.929877e-02;1.558111e-01;6.486938e-02;6.456666e-02;1.050394e-01;1.170652e-01;4.798691e-02;8.512860e-02;6.232135e-02;6.281863e-02;8.073178e-02
9.975363e-02;9.701820e-02;1.093132e-01;5.812840e-02;8.794559e-02;7.445665e-02;1.131090e-01;6.770290e-02;8.454312e-02;8.573239e-02;6.443814e-02;5.785879e-02
8.060992e-02;9.688748e-02;1.335965e-01;5.838470e-02;9.509360e-02;7.060777e-02;1.630718e-01;6.235435e-02;4.979213e-02;9.047012e-02;5.817762e-02;4.095405e-02
7.415896e-02;7.877108e-02;1.558296e-01;4.236636e-02;8.752943e-02;7.663406e-02;1.947463e-01;7.870134e-02;4.136854e-02;7.907920e-02;5.866677e-02;3.214844e-02
7.445413e-02;6.261800e-02;1.779568e-01;7.979598e-02;6.545714e-02;6.635863e-02;1.714430e-01;1.015338e-01;5.452462e-02;5.515640e-02;4.352304e-02;4.717848e-02
7.147530e-02;6.683631e-02;1.860690e-01;8.663629e-02;4.244459e-02;7.117378e-02;1.921439e-01;6.723819e-02;5.928231e-02;6.331675e-02;3.794947e-02;5.543410e-02
8.147953e-02;4.793047e-02;1.813096e-01;6.979682e-02;2.686187e-02;7.581316e-02;2.163824e-01;7.465713e-02;5.938055e-02;5.385689e-02;4.505404e-02;6.747755e-02
9.206599e-02;3.305185e-02;1.534306e-01;8.717962e-02;4.419572e-02;8.888476e-02;1.705951e-01;8.657899e-02;4.706454e-02;4.851337e-02;6.545103e-02;8.298843e-02
1.002069e-01;5.960907e-02;1.220928e-01;1.086320e-01;6.128899e-02;9.228200e-02;8.867286e-02;6.307725e-02;7.493663e-02;7.057294e-02;9.396699e-02;6.466152e-02
8.195718e-02;5.580368e-02;1.481800e-01;5.939521e-02;6.857282e-02;7.808381e-02;1.926984e-01;7.672941e-02;7.991648e-02;6.008726e-02;3.863836e-02;5.993748e-02
5.886541e-02;5.569591e-02;1.618316e-01;5.094080e-02;5.862115e-02;7.166906e-02;2.030179e-01;1.020041e-01;6.562859e-02;9.193300e-02;4.321769e-02;3.657477e-02
6.180130e-02;5.977094e-02;1.745727e-01;4.849264e-02;4.582641e-02;5.200791e-02;1.686527e-01;9.370536e-02;9.287938e-02;1.322864e-01;4.135408e-02;2.865019e-02
4.728477e-02;1.205688e-01;1.656142e-01;4.028676e-02;2.456151e-02;4.435357e-02;1.075961e-01;6.727306e-02;1.459049e-01;1.573593e-01;3.322196e-02;4.597516e-02
4.707604e-02;2.024162e-01;1.119847e-01;2.933503e-02;1.705599e-02;3.571129e-02;5.710049e-02;2.154520e-02;2.562781e-01;1.494707e-01;2.203939e-02;4.998699e-02
7.640083e-02;2.415001e-01;7.460743e-02;1.733243e-02;2.009102e-02;1.970263e-02;4.803415e-02;3.234531e-02;3.050730e-01;1.158886e-01;2.243004e-02;2.659450e-02
1.243357e-01;2.546300e-01;5.424923e-02;1.299873e-02;1.494197e-02;2.990804e-02;6.036028e-02;2.309928e-02;2.501544e-01;9.981340e-02;4.021082e-02;3.529813e-02
1.667061e-01;2.464193e-01;3.832287e-02;1.317505e-02;2.419657e-02;2.158587e-02;7.750651e-02;6.772717e-02;1.936601e-01;8.227097e-02;3.824370e-02;3.018580e-02
2.109248e-01;2.041723e-01;4.357845e-02;2.154007e-02;6.529095e-02;1.849431e-02;9.054268e-02;1.357878e-01;9.877449e-02;5.923765e-02;2.799798e-02;2.365844e-02
2.006207e-01;1.051646e-01;4.292426e-02;2.917469e-02;1.119788e-01;1.674143e-02;1.192964e-01;2.297352e-01;6.052139e-02;4.280277e-02;2.048143e-02;2.055828e-02
1.562909e-01;4.199484e-02;6.320154e-02;2.176376e-02;1.427220e-01;2.364948e-02;1.766094e-01;2.622852e-01;5.393451e-02;3.304797e-02;1.175578e-02;1.274465e-02
1.474324e-01;3.501232e-02;6.952017e-02;1.098056e-02;1.580573e-01;4.754583e-02;1.953573e-01;2.358527e-01;3.880430e-02;3.576746e-02;9.200518e-03;1.646919e-02
1.638188e-01;5.242580e-02;6.442048e-02;8.824668e-03;1.442525e-01;8.502198e-02;1.668320e-01;1.406818e-01;6.858975e-02;4.937700e-02;2.054522e-02;3.521004e-02
1.649343e-01;6.290860e-02;4.598841e-02;2.535389e-02;7.345224e-02;1.250153e-01;1.268163e-01;1.307132e-01;8.736619e-02;7.149989e-02;3.226635e-02;5.368532e-02
1.090835e-01;7.603413e-02;3.418361e-02;3.967606e-02;4.537360e-02;9.986202e-02;1.617718e-01;1.851451e-01;7.861291e-02;6.944034e-02;4.105599e-02;5.976094e-02
5.315593e-02;7.043868e-02;5.519428e-02;3.226523e-02;7.123687e-02;4.397086e-02;2.171482e-01;1.794460e-01;8.817530e-02;6.476280e-02;6.218100e-02;6.202495e-02
1.173569e-01;5.912210e-02;5.641722e-02;2.116764e-02;7.655562e-02;5.022819e-02;2.247585e-01;1.485849e-01;5.922583e-02;8.088106e-02;5.020009e-02;5.550194e-02
1.359325e-01;6.083576e-02;5.263464e-02;2.227934e-02;6.269381e-02;4.925606e-02;2.733556e-01;1.122005e-01;3.755252e-02;7.293423e-02;5.345134e-02;6.687367e-02
9.000611e-02;5.617762e-02;4.347035e-02;1.902988e-02;7.157119e-02;4.603793e-02;2.965811e-01;1.168819e-01;6.766935e-02;5.007616e-02;5.674534e-02;8.575300e-02
1.082486e-01;8.027516e-02;3.650580e-02;1.972965e-02;1.003410e-01;4.765068e-02;1.991534e-01;1.407452e-01;9.165531e-02;5.831828e-02;4.290280e-02;7.447419e-02
1.627788e-01;7.814509e-02;3.686782e-02;2.602677e-02;1.137482e-01;7.195482e-02;1.223716e-01;9.626495e-02;9.520094e-02;6.366701e-02;5.974551e-02;7.322845e-02
1.208622e-01;4.219423e-02;4.313544e-02;1.879482e-02;1.242357e-01;7.147660e-02;1.430858e-01;1.262780e-01;1.044833e-01;6.105464e-02;7.704328e-02;6.735604e-02
1.059160e-01;2.861114e-02;3.726533e-02;9.904145e-03;1.349334e-01;9.917063e-02;1.666906e-01;1.315207e-01;9.175847e-02;6.016403e-02;6.006443e-02;7.400118e-02
1.327502e-01;5.147922e-02;5.321034e-02;1.296602e-02;1.116621e-01;1.151177e-01;1.015087e-01;1.401816e-01;6.993409e-02;6.197111e-02;6.458508e-02;8.463387e-02
1.445559e-01;9.053591e-02;8.792959e-02;1.959096e-02;6.652856e-02;7.610431e-02;1.400033e-01;1.254642e-01;5.939052e-02;5.950357e-02;6.203908e-02;6.835408e-02
1.325867e-01;1.255003e-01;1.009450e-01;2.595508e-02;4.881128e-02;5.855368e-02;1.285457e-01;1.243725e-01;7.231657e-02;6.428644e-02;5.199713e-02;6.612962e-02
5.912912e-02;1.079906e-01;8.090760e-02;4.177963e-02;6.674429e-02;7.019554e-02;1.165730e-01;1.116560e-01;1.293956e-01;8.991581e-02;6.708961e-02;5.862322e-02
8.582503e-02;8.212794e-02;8.222827e-02;4.087237e-02;7.792731e-02;7.444076e-02;1.219324e-01;9.259581e-02;1.546930e-01;8.247697e-02;4.499332e-02;5.988672e-02
1.306090e-01;9.032992e-02;6.644839e-02;3.312616e-02;7.092011e-02;6.343978e-02;1.297574e-01;1.309016e-01;1.111575e-01;6.756701e-02;3.805243e-02;6.769069e-02
1.129838e-01;8.096042e-02;4.349233e-02;3.028032e-02;8.457185e-02;3.236521e-02;1.140122e-01;1.980259e-01;1.152863e-01;7.783847e-02;4.621440e-02;6.396875e-02
7.447571e-02;6.109009e-02;3.319405e-02;2.609538e-02;9.324849e-02;1.813398e-02;1.601689e-01;1.924836e-01;1.491836e-01;9.017968e-02;5.135379e-02;5.039268e-02
8.881086e-02;5.279466e-02;4.173270e-02;3.367158e-02;1.143225e-01;3.981460e-02;1.797808e-01;1.175866e-01;1.496890e-01;8.784847e-02;5.595985e-02;3.798836e-02
1.117983e-01;5.231621e-02;1.071387e-01;5.433971e-02;8.806922e-02;6.161895e-02;1.142904e-01;6.951315e-02;1.221956e-01;8.187047e-02;6.239800e-02;7.445128e-02
1.139435e-01;7.623871e-02;1.135996e-01;5.294357e-02;5.375261e-02;6.758752e-02;1.267592e-01;7.326116e-02;1.001587e-01;7.290410e-02;6.179330e-02;8.705811e-02
6.212176e-02;1.069822e-01;2.329061e-01;4.461516e-02;5.081025e-02;5.897733e-02;1.307390e-01;7.808065e-02;5.454420e-02;5.670212e-02;5.590371e-02;6.761748e-02
1.347111e-01;1.147190e-01;2.837835e-01;4.669452e-02;6.350838e-02;4.683232e-02;1.388331e-01;2.784630e-02;1.310313e-02;4.086341e-02;5.086071e-02;3.824443e-02
1.052906e-01;1.011304e-01;1.790101e-01;4.027640e-02;4.651286e-02;6.364126e-02;2.314031e-01;5.033863e-02;3.449485e-02;4.807715e-02;5.676034e-02;4.306428e-02
7.865973e-02;8.045243e-02;8.832940e-02;7.412352e-02;4.985809e-02;7.935385e-02;2.599642e-01;8.213777e-02;3.326507e-02;6.279778e-02;6.854304e-02;4.251508e-02
7.988554e-02;5.892178e-02;1.058417e-01;7.728494e-02;6.719260e-02;8.725243e-02;1.755618e-01;8.954546e-02;5.349032e-02;9.801656e-02;8.021816e-02;2.678869e-02
4.224725e-02;7.126043e-02;1.032444e-01;5.732777e-02;1.259158e-01;8.129398e-02;1.044059e-01;7.664511e-02;7.750455e-02;1.324282e-01;9.178334e-02;3.594332e-02
4.506537e-02;6.409717e-02;8.650113e-02;6.339519e-02;1.723408e-01;7.549607e-02;1.148275e-01;3.915059e-02;6.417757e-02;1.543180e-01;7.535344e-02;4.527723e-02
7.494175e-02;5.730619e-02;8.498574e-02;4.451727e-02;1.704231e-01;7.525279e-02;1.190132e-01;4.616382e-02;5.576601e-02;1.648116e-01;6.349506e-02;4.332354e-02
1.152382e-01;5.617902e-02;6.705951e-02;9.849522e-02;1.256389e-01;8.650132e-02;9.443894e-02;3.811052e-02;1.011827e-01;1.173221e-01;6.163392e-02;3.819976e-02
1.123094e-01;5.185835e-02;2.469856e-02;1.440409e-01;1.169994e-01;9.896231e-02;1.163816e-01;3.213172e-02;1.456400e-01;9.233163e-02;4.245771e-02;2.218843e-02
7.180202e-02;7.808334e-02;4.855191e-02;1.445398e-01;1.482337e-01;6.839390e-02;1.053118e-01;3.647739e-02;1.323422e-01;1.290902e-01;2.188687e-02;1.528692e-02
2.570349e-02;1.201162e-01;3.559815e-02;1.247315e-01;1.625246e-01;6.000043e-02;9.042934e-02;5.276605e-02;8.447347e-02;1.657416e-01;4.589453e-02;3.202070e-02
6.012122e-02;1.116565e-01;6.178299e-02;1.076981e-01;1.256423e-01;6.653249e-02;1.124565e-01;6.694862e-02;5.170717e-02;1.493188e-01;5.918647e-02;2.694869e-02
5.116757e-02;6.984108e-02;1.042107e-01;1.066409e-01;8.940025e-02;8.210249e-02;1.298643e-01;6.811990e-02;8.247679e-02;1.242652e-01;6.732492e-02;2.458599e-02
4.888069e-02;6.605486e-02;9.573961e-02;1.068996e-01;1.325620e-01;8.143772e-02;1.530917e-01;4.280892e-02;9.383488e-02;8.452573e-02;5.625129e-02;3.791298e-02
8.341245e-02;8.102863e-02;8.377966e-02;1.003255e-01;1.495754e-01;6.674931e-02;1.598275e-01;3.824657e-02;7.337365e-02;5.953627e-02;3.492126e-02;6.922373e-02
9.262087e-02;6.333891e-02;5.794675e-02;8.194532e-02;1.481996e-01;4.739268e-02;1.327654e-01;5.812791e-02;6.358346e-02;3.915848e-02;2.621650e-02;1.887041e-01
9.315578e-02;6.518222e-02;1.016448e-01;7.439109e-02;1.157912e-01;3.259598e-02;9.307649e-02;6.500021e-02;7.704893e-02;3.796312e-02;3.140178e-02;2.127483e-01
9.191422e-02;5.862581e-02;1.137190e-01;7.259960e-02;1.303791e-01;3.771706e-02;8.557432e-02;6.944676e-02;7.785751e-02;5.111659e-02;2.820926e-02;1.828408e-01
8.268414e-02;8.101499e-02;1.033423e-01;5.472689e-02;1.512626e-01;6.354685e-02;8.768768e-02;7.366322e-02;7.875106e-02;7.755527e-02;5.738755e-02;8.837742e-02
1.031122e-01;1.217254e-01;1.044610e-01;5.881027e-02;9.800157e-02;5.456096e-02;1.148898e-01;6.913399e-02;7.873524e-02;6.156367e-02;6.110536e-02;7.390051e-02
1.152638e-01;9.771349e-02;1.678760e-01;6.534488e-02;7.722092e-02;5.498291e-02;1.360501e-01;6.737929e-02;7.454798e-02;5.268368e-02;4.554116e-02;4.539581e-02
9.070258e-02;7.874519e-02;1.693031e-01;6.496269e-02;8.777410e-02;8.502308e-02;1.421414e-01;5.150528e-02;5.921044e-02;5.851769e-02;5.884551e-02;5.326895e-02
6.950183e-02;5.241023e-02;1.370490e-01;6.243943e-02;1.057565e-01;1.227224e-01;1.680375e-01;3.333105e-02;4.440753e-02;7.180324e-02;6.852684e-02;6.401443e-02
3.606849e-02;2.340981e-02;1.315488e-01;7.248854e-02;1.059655e-01;1.462687e-01;1.705597e-01;2.593079e-02;3.818096e-02;1.081769e-01;8.432272e-02;5.707905e-02
2.413164e-02;4.225110e-02;1.231955e-01;6.541717e-02;6.892696e-02;1.079330e-01;1.199592e-01;5.919380e-02;5.712668e-02;1.371249e-01;1.533503e-01;4.138976e-02
2.362362e-02;5.230698e-02;6.685108e-02;4.528709e-02;7.185403e-02;4.032046e-02;9.665877e-02;7.169075e-02;6.086000e-02;1.785855e-01;2.443971e-01;4.756463e-02
3.517100e-02;3.736978e-02;6.863140e-02;4.758697e-02;9.130219e-02;4.708493e-02;1.030003e-01;7.184611e-02;4.134634e-02;1.806907e-01;2.361983e-01;3.977201e-02
3.875398e-02;4.732099e-02;6.667312e-02;3.383172e-02;1.013300e-01;6.412965e-02;1.045965e-01;7.794595e-02;2.669265e-02;1.952621e-01;1.878898e-01;5.557347e-02
4.416947e-02;7.657963e-02;5.939456e-02;2.497635e-02;1.122987e-01;5.355597e-02;7.834157e-02;6.246081e-02;3.888145e-02;2.334734e-01;1.663030e-01;4.956509e-02
6.613281e-02;8.834308e-02;7.847015e-02;4.283575e-02;1.371411e-01;3.111044e-02;9.466540e-02;3.236229e-02;3.479927e-02;2.286679e-01;1.200053e-01;4.546652e-02
5.908558e-02;7.442998e-02;6.225929e-02;7.234683e-02;1.548788e-01;3.985894e-02;7.090843e-02;2.909769e-02;5.232855e-02;2.441657e-01;1.062628e-01;3.437742e-02
1.948569e-02;5.449749e-02;4.422243e-02;1.100610e-01;1.602578e-01;4.844423e-02;2.740604e-02;4.209293e-02;8.997583e-02;2.784149e-01;1.055614e-01;1.958024e-02
5.791698e-02;3.367426e-02;3.919947e-02;1.223420e-01;1.460305e-01;5.520344e-02;4.534937e-02;4.073805e-02;8.624197e-02;2.585039e-01;9.407838e-02;2.072174e-02
6.902250e-02;3.594882e-02;5.572336e-02;1.296567e-01;1.233955e-01;5.983243e-02;5.357181e-02;4.356720e-02;8.419257e-02;2.367332e-01;9.373318e-02;1.462277e-02
5.407967e-02;3.388434e-02;3.782279e-02;1.519323e-01;1.090796e-01;6.269482e-02;1.127201e-01;4.217402e-02;9.017491e-02;2.069183e-01;8.106484e-02;1.745430e-02
7.623660e-02;3.501351e-02;4.341294e-02;1.628403e-01;1.244326e-01;7.632815e-02;1.302153e-01;4.068578e-02;9.246244e-02;1.521725e-01;5.257054e-02;1.362946e-02
9.003684e-02;3.359734e-02;4.942283e-02;1.756474e-01;1.357937e-01;5.895944e-02;1.371521e-01;4.461029e-02;9.449945e-02;1.279653e-01;3.724029e-02;1.507502e-02
6.180050e-02;4.087475e-02;6.462070e-02;1.817529e-01;1.514322e-01;4.605098e-02;1.123475e-01;4.175483e-02;1.015995e-01;1.388027e-01;4.492259e-02;1.404088e-02
6.681076e-02;4.249234e-02;7.073884e-02;2.171314e-01;1.569543e-01;2.225075e-02;8.829755e-02;4.719540e-02;9.809933e-02;1.300876e-01;5.021977e-02;9.722020e-03
6.081703e-02;2.062831e-02;8.800722e-02;2.282548e-01;1.568495e-01;2.384739e-02;1.059834e-01;4.927193e-02;7.637858e-02;1.238075e-01;5.104247e-02;1.511192e-02
4.619047e-02;1.882849e-02;6.393989e-02;2.457366e-01;1.440285e-01;3.944026e-02;9.003605e-02;4.726774e-02;8.909534e-02;1.338865e-01;5.652475e-02;2.502538e-02
3.941138e-02;3.299562e-02;6.943315e-02;2.533844e-01;1.182604e-01;4.310467e-02;9.343774e-02;5.168360e-02;8.746821e-02;1.361485e-01;5.289832e-02;2.177400e-02
3.681369e-02;3.865700e-02;5.501510e-02;2.472003e-01;1.005121e-01;5.282389e-02;8.325013e-02;5.226241e-02;1.101787e-01;1.453775e-01;5.481241e-02;2.309676e-02
4.106212e-02;2.981956e-02;8.901651e-02;2.304821e-01;9.129928e-02;4.583850e-02;7.752167e-02;4.643146e-02;1.346314e-01;1.421041e-01;5.065776e-02;2.113556e-02
4.244867e-02;2.733497e-02;8.197006e-02;2.124110e-01;6.635501e-02;5.056659e-02;1.220034e-01;4.371415e-02;1.384038e-01;1.425768e-01;4.772824e-02;2.448730e-02
6.741007e-02;5.169838e-02;7.444128e-02;2.022736e-01;4.054651e-02;4.653106e-02;6.469449e-02;5.685950e-02;1.537778e-01;1.593386e-01;5.377322e-02;2.865550e-02
6.398547e-02;6.643212e-02;1.250787e-01;1.764029e-01;5.312542e-02;4.164615e-02;8.293586e-02;5.742209e-02;1.460101e-01;1.264532e-01;3.496026e-02;2.554771e-02
7.826408e-02;6.851771e-02;1.279924e-01;1.835500e-01;5.667530e-02;3.137705e-02;7.951422e-02;5.290646e-02;1.537042e-01;1.062639e-01;3.717178e-02;2.406291e-02
1.031054e-01;7.797380e-02;1.034456e-01;1.830236e-01;6.271105e-02;2.686653e-02;5.674843e-02;3.852388e-02;1.589323e-01;1.077013e-01;4.201423e-02;3.895390e-02
1.161248e-01;1.003096e-01;1.056866e-01;1.473727e-01;6.433785e-02;2.537141e-02;8.427389e-02;3.226449e-02;1.470140e-01;1.030372e-01;4.025071e-02;3.395674e-02
1.399972e-01;8.489699e-02;9.325051e-02;1.529835e-01;7.497533e-02;2.305252e-02;5.075366e-02;3.627426e-02;1.724055e-01;1.091584e-01;4.058440e-02;2.166779e-02
1.541830e-01;5.381563e-02;7.592221e-02;1.625103e-01;5.986566e-02;3.023845e-02;5.042801e-02;4.267262e-02;1.944523e-01;1.109408e-01;4.747319e-02;1.749787e-02
1.550340e-01;3.967620e-02;8.403306e-02;1.579915e-01;5.664694e-02;3.047808e-02;3.701541e-02;4.202491e-02;1.957840e-01;1.210623e-01;5.654617e-02;2.370743e-02
1.225687e-01;4.241404e-02;1.305206e-01;1.282788e-01;5.631700e-02;2.380804e-02;8.771380e-02;3.653899e-02;1.684075e-01;1.198643e-01;5.447228e-02;2.909603e-02
