5.916186e-02;9.830359e-02;1.731551e-01;8.935067e-02;1.017578e-01;8.992603e-02;1.004144e-01;2.512550e-02;9.417695e-02;6.906131e-02;4.879140e-02;5.077544e-02
1.017381e-01;7.464245e-02;1.840074e-01;8.921190e-02;1.108105e-01;6.231545e-02;9.200609e-02;2.092506e-02;8.133121e-02;5.413039e-02;4.636817e-02;8.251331e-02
1.101542e-01;9.285980e-02;2.036600e-01;6.630948e-02;6.140127e-02;5.043460e-02;1.415157e-01;3.309190e-02;3.964697e-02;5.654374e-02;7.413372e-02;7.024855e-02
1.103648e-01;9.873684e-02;1.696533e-01;6.752356e-02;8.074619e-02;6.401359e-02;1.515648e-01;3.267253e-02;4.070430e-02;5.634686e-02;7.136428e-02;5.630895e-02
1.029257e-01;8.083527e-02;1.377886e-01;7.932246e-02;1.232331e-01;7.385486e-02;1.368677e-01;2.361292e-02;6.387603e-02;4.686349e-02;5.702423e-02;7.379558e-02
1.017238e-01;4.143032e-02;1.644987e-01;8.231615e-02;1.806250e-01;7.899217e-02;6.683665e-02;1.180449e-02;1.054099e-01;2.654542e-02;3.020418e-02;1.096132e-01
1.286609e-01;3.675039e-02;1.578002e-01;4.294629e-02;1.841431e-01;8.439677e-02;8.539965e-02;1.106085e-02;1.203200e-01;1.973710e-02;2.398649e-02;1.047983e-01
1.453892e-01;3.310223e-02;1.525734e-01;2.101388e-02;1.635715e-01;1.081114e-01;1.058872e-01;1.364554e-02;1.131983e-01;2.530416e-02;2.844414e-02;8.975911e-02
1.382880e-01;1.993653e-02;1.896981e-01;3.142035e-02;1.419212e-01;1.147763e-01;9.663884e-02;1.287389e-02;9.898950e-02;2.940355e-02;3.147520e-02;9.457860e-02
1.122763e-01;1.047022e-02;2.073414e-01;2.813095e-02;1.744164e-01;9.296099e-02;7.700989e-02;9.815161e-03;9.675823e-02;2.723130e-02;2.976390e-02;1.338252e-01
1.096815e-01;1.353933e-02;1.814229e-01;2.975376e-02;2.026437e-01;7.652590e-02;9.358640e-02;9.581494e-03;1.047539e-01;2.199174e-02;2.117642e-02;1.353430e-01
1.088720e-01;2.854433e-02;1.780343e-01;3.992446e-02;1.914889e-01;6.208776e-02;1.133816e-01;1.747398e-02;9.707662e-02;2.224870e-02;2.726851e-02;1.135989e-01
7.675079e-02;6.157738e-02;2.144529e-01;6.852645e-02;1.429527e-01;5.554134e-02;1.109465e-01;2.833352e-02;6.741153e-02;2.618969e-02;5.008839e-02;9.722883e-02
5.457350e-02;8.797210e-02;2.950862e-01;1.006024e-01;9.879293e-02;4.879334e-02;6.071652e-02;3.436029e-02;3.489108e-02;2.144324e-02;7.525230e-02;8.751606e-02
7.829837e-02;6.938392e-02;4.454977e-01;9.884630e-02;4.851183e-02;3.541088e-02;4.437396e-02;2.195305e-02;2.015496e-02;2.055464e-02;5.956900e-02;5.744536e-02
5.051691e-02;2.999711e-02;5.766515e-01;7.248165e-02;6.558841e-02;3.049997e-02;6.225061e-02;2.025038e-02;2.403786e-02;2.833783e-02;2.216412e-02;1.722363e-02
3.312667e-02;2.041248e-02;6.372001e-01;5.762300e-02;6.501981e-02;2.344975e-02;5.391149e-02;1.556510e-02;1.170910e-02;3.802355e-02;2.322355e-02;2.073540e-02
5.981953e-02;3.721841e-02;4.852706e-01;5.099030e-02;5.860933e-02;3.609418e-02;9.308220e-02;2.980190e-02;2.850197e-02;3.259921e-02;4.138794e-02;4.662440e-02
1.006354e-01;8.189318e-02;1.825978e-01;5.179734e-02;1.077478e-01;6.137726e-02;1.327255e-01;1.861446e-02;1.012057e-01;2.073038e-02;3.690589e-02;1.037692e-01
1.860232e-01;8.340773e-02;8.144236e-02;3.496804e-02;9.349278e-02;5.748183e-02;1.440028e-01;2.148823e-02;1.418931e-01;2.625476e-02;1.645872e-02;1.130864e-01
2.375936e-01;8.756079e-02;8.276953e-02;2.319664e-02;7.431637e-02;5.782010e-02;9.407097e-02;2.347531e-02;1.557908e-01;4.277771e-02;1.818693e-02;1.024412e-01
2.757509e-01;8.689931e-02;7.244572e-02;1.703749e-02;6.674274e-02;8.068060e-02;6.500976e-02;1.622972e-02;1.513496e-01;7.176746e-02;1.449360e-02;8.159309e-02
2.834473e-01;5.829035e-02;6.415275e-02;1.814795e-02;7.871240e-02;1.280471e-01;6.956854e-02;1.111527e-02;1.443310e-01;9.083319e-02;1.194944e-02;4.140468e-02
2.484540e-01;2.220424e-02;4.944105e-02;1.169359e-02;9.476898e-02;1.760208e-01;7.456367e-02;1.366486e-02;1.493069e-01;8.796240e-02;1.034553e-02;6.157399e-02
2.757941e-01;3.631128e-02;3.585946e-02;1.702378e-02;8.585710e-02;1.921977e-01;8.738972e-02;1.442846e-02;9.877243e-02;9.977818e-02;1.072969e-02;4.585806e-02
3.393548e-01;3.589609e-02;1.336243e-02;1.952497e-02;6.640850e-02;2.034864e-01;1.125545e-01;1.789203e-02;4.058540e-02;1.246839e-01;4.475904e-03;2.177496e-02
3.646078e-01;3.077015e-02;4.388965e-03;1.889756e-02;5.941344e-02;2.056421e-01;1.202016e-01;2.103849e-02;2.109827e-02;1.349723e-01;1.697355e-03;1.727191e-02
3.455257e-01;3.028624e-02;1.168821e-02;1.749880e-02;5.985573e-02;1.891833e-01;1.205009e-01;1.852111e-02;4.672268e-02;1.340280e-01;6.272961e-03;1.991641e-02
2.923043e-01;4.056136e-02;2.900073e-02;2.108088e-02;7.483186e-02;1.649772e-01;1.150875e-01;2.279685e-02;5.912191e-02;1.314539e-01;1.164879e-02;3.713468e-02
2.148554e-01;6.003688e-02;7.147304e-02;2.804131e-02;9.759477e-02;1.409643e-01;7.006989e-02;2.815135e-02;7.672233e-02;1.235819e-01;3.327275e-02;5.523603e-02
1.516029e-01;6.767527e-02;9.245013e-02;2.384599e-02;1.137062e-01;1.061837e-01;2.051390e-01;2.797986e-02;7.088628e-02;6.652111e-02;2.685265e-02;4.715682e-02
1.614988e-01;6.310719e-02;6.762708e-02;3.956975e-02;1.447681e-01;1.053835e-01;2.931776e-01;2.373764e-02;3.144817e-02;2.293313e-02;1.537504e-02;3.137405e-02
1.306055e-01;4.255247e-02;1.327483e-01;5.982225e-02;1.797242e-01;1.316192e-01;2.049033e-01;2.127780e-02;2.026264e-02;2.849927e-02;1.763847e-02;3.034643e-02
1.077261e-01;2.895575e-02;2.094335e-01;6.459457e-02;2.238448e-01;1.534679e-01;8.838952e-02;1.710569e-02;2.087570e-02;4.013433e-02;1.265578e-02;3.281638e-02
1.095722e-01;3.110429e-02;1.674558e-01;5.201694e-02;2.623832e-01;1.669973e-01;7.442302e-02;1.918273e-02;3.735298e-02;4.430377e-02;1.032293e-02;2.488483e-02
9.019007e-02;4.241607e-02;1.321007e-01;4.311281e-02;2.142399e-01;1.294746e-01;1.610994e-01;2.689506e-02;5.192243e-02;3.550123e-02;2.864559e-02;4.440218e-02
5.434481e-02;4.917169e-02;1.582327e-01;6.140859e-02;8.555613e-02;3.755094e-02;2.101651e-01;7.909464e-02;8.500584e-02;5.887255e-02;7.128850e-02;4.930855e-02
6.334437e-02;4.577272e-02;1.856067e-01;9.673464e-02;4.786294e-02;1.814675e-02;1.260811e-01;7.210419e-02;1.388088e-01;6.736957e-02;8.470012e-02;5.346810e-02
9.858958e-02;4.713215e-02;1.770014e-01;1.256233e-01;5.237357e-02;1.517889e-02;1.000824e-01;4.671112e-02;1.550964e-01;7.104016e-02;6.824343e-02;4.292770e-02
9.464694e-02;5.750356e-02;1.442997e-01;1.316997e-01;9.312674e-02;1.735728e-02;5.904924e-02;2.690216e-02;1.427951e-01;1.257390e-01;6.263676e-02;4.424385e-02
5.588981e-02;1.299347e-01;7.828264e-02;9.009235e-02;1.316895e-01;3.590297e-02;2.470380e-02;3.037223e-02;7.445417e-02;2.018926e-01;7.724144e-02;6.954377e-02
5.476471e-02;1.485724e-01;4.788881e-02;4.629814e-02;1.116731e-01;9.058715e-02;2.468439e-02;3.347364e-02;3.310448e-02;2.011260e-01;1.446424e-01;6.318471e-02
1.296915e-01;7.989820e-02;8.617003e-02;3.038769e-02;5.703389e-02;1.396720e-01;5.237944e-02;1.759185e-02;2.861234e-02;1.097273e-01;2.130144e-01;5.582139e-02
1.888190e-01;9.086829e-02;8.197328e-02;2.812222e-02;2.601016e-02;1.056916e-01;1.209409e-01;2.407964e-02;2.516239e-02;4.232624e-02;1.505600e-01;1.154463e-01
2.529122e-01;1.337006e-01;4.144449e-02;4.088940e-02;1.658803e-02;5.106236e-02;1.497089e-01;5.679165e-02;1.924561e-02;2.720795e-02;5.749763e-02;1.529512e-01
3.726122e-01;1.337889e-01;3.793864e-02;3.266326e-02;1.993742e-02;1.606256e-02;1.057652e-01;1.048101e-01;1.732878e-02;1.971833e-02;2.002173e-02;1.193529e-01
4.817034e-01;1.220297e-01;4.908078e-02;1.289668e-02;3.406115e-02;5.586883e-03;4.718348e-02;1.275056e-01;2.793418e-02;9.385343e-03;3.102270e-02;5.161011e-02
4.883632e-01;1.521888e-01;5.039071e-02;3.304807e-03;3.992890e-02;5.371880e-03;2.047462e-02;1.093548e-01;4.675713e-02;5.059163e-03;5.788299e-02;2.092297e-02
4.349428e-01;1.793890e-01;5.586003e-02;3.528868e-03;3.888023e-02;3.972958e-03;1.122393e-02;9.801673e-02;6.478754e-02;3.622629e-03;9.165122e-02;1.412407e-02
4.039483e-01;1.544696e-01;4.141776e-02;4.130577e-03;4.113942e-02;3.374054e-03;1.198441e-02;1.245025e-01;7.051888e-02;8.533641e-03;1.113637e-01;2.461713e-02
3.635228e-01;1.171321e-01;5.537878e-02;1.111217e-02;4.111946e-02;6.702274e-03;3.119832e-02;1.241386e-01;6.741589e-02;3.367134e-02;1.040247e-01;4.458357e-02
2.783058e-01;9.923340e-02;7.608280e-02;2.984686e-02;3.680862e-02;1.342118e-02;6.757741e-02;8.584423e-02;7.206783e-02;7.401913e-02;9.197638e-02;7.481636e-02
1.347492e-01;8.753029e-02;8.727375e-02;6.159477e-02;2.891095e-02;2.483266e-02;1.455489e-01;7.819621e-02;6.965702e-02;8.261611e-02;7.797657e-02;1.211136e-01
1.700964e-01;6.653875e-02;6.074419e-02;6.684422e-02;1.474626e-02;2.484753e-02;1.627735e-01;9.636912e-02;5.148054e-02;1.126482e-01;4.068298e-02;1.322283e-01
3.299320e-01;9.036183e-02;4.213681e-02;3.977583e-02;1.955882e-02;1.467551e-02;1.000811e-01;8.475465e-02;4.250257e-02;1.178201e-01;2.380019e-02;9.460054e-02
4.255114e-01;1.003017e-01;5.501508e-02;1.638288e-02;3.026089e-02;8.334782e-03;5.020146e-02;1.461519e-01;2.418604e-02;5.079701e-02;2.130617e-02;7.155064e-02
3.902451e-01;8.593130e-02;5.899413e-02;3.347749e-02;2.965051e-02;8.003043e-03;6.664024e-02;1.346591e-01;2.063448e-02;4.954307e-02;2.561966e-02;9.660199e-02
2.600103e-01;5.078952e-02;6.928777e-02;5.801708e-02;2.325448e-02;2.034730e-02;1.307510e-01;9.843554e-02;2.109639e-02;8.360249e-02;4.536112e-02;1.390470e-01
1.314870e-01;2.249003e-02;9.595326e-02;5.559699e-02;2.413096e-02;6.424475e-02;1.442466e-01;7.332585e-02;4.814620e-02;8.952100e-02;9.572076e-02;1.551365e-01
8.569577e-02;3.690320e-02;1.110488e-01;2.847145e-02;4.685915e-02;1.156291e-01;8.166418e-02;6.858119e-02;6.180068e-02;9.021100e-02;1.512164e-01;1.219191e-01
5.769483e-02;8.454471e-02;7.862737e-02;3.538839e-02;9.642568e-02;1.206248e-01;3.062737e-02;7.801134e-02;6.490408e-02;1.452594e-01;1.367568e-01;7.113524e-02
3.746895e-02;1.159665e-01;6.723021e-02;5.090506e-02;1.319389e-01;7.055037e-02;3.461694e-02;7.490254e-02;4.527179e-02;2.324552e-01;9.543616e-02;4.325739e-02
3.862115e-02;8.741613e-02;8.033794e-02;6.423717e-02;1.319642e-01;2.595859e-02;2.769936e-02;5.671730e-02;6.208857e-02;2.863525e-01;1.025899e-01;3.601719e-02
2.682770e-02;8.113550e-02;4.469874e-02;4.901737e-02;1.464191e-01;4.946061e-02;2.687974e-02;4.627358e-02;4.973139e-02;2.925286e-01;1.373209e-01;4.970682e-02
3.544840e-02;1.220293e-01;4.524899e-02;2.044455e-02;1.164940e-01;1.041074e-01;4.077908e-02;4.077474e-02;4.122313e-02;1.959318e-01;2.001276e-01;3.739102e-02
7.637108e-02;8.744831e-02;9.778573e-02;1.239294e-02;7.487312e-02;1.440867e-01;4.088724e-02;3.105908e-02;2.155946e-02;1.068795e-01;2.687695e-01;3.788741e-02
1.143876e-01;4.108023e-02;1.127841e-01;1.271575e-02;4.667891e-02;1.591446e-01;3.633543e-02;2.025771e-02;2.890725e-02;8.909125e-02;2.920193e-01;4.659798e-02
1.110108e-01;2.275470e-02;8.350512e-02;1.296173e-02;5.258208e-02;1.583895e-01;4.415436e-02;2.758113e-02;2.587820e-02;1.191853e-01;2.961898e-01;4.580726e-02
8.257723e-02;6.151276e-02;6.480054e-02;2.140299e-02;7.446162e-02;1.325352e-01;2.455971e-02;4.873203e-02;1.664690e-02;1.766265e-01;2.449413e-01;5.120309e-02
5.429300e-02;9.977821e-02;3.709839e-02;3.630916e-02;1.115922e-01;9.093616e-02;3.040333e-02;5.545615e-02;3.102570e-02;2.252677e-01;1.598478e-01;6.799214e-02
4.286698e-02;9.603181e-02;4.808822e-02;6.968110e-02;1.295804e-01;5.667698e-02;2.063629e-02;4.461627e-02;7.451464e-02;2.357430e-01;1.091074e-01;7.245686e-02
5.814873e-02;6.335018e-02;1.237519e-01;1.091499e-01;9.542116e-02;3.315402e-02;6.697198e-02;3.463943e-02;1.129291e-01;1.659981e-01;7.708873e-02;5.939670e-02
5.143819e-02;6.457394e-02;2.151772e-01;1.061116e-01;5.562885e-02;2.407237e-02;1.465278e-01;3.854387e-02;1.142467e-01;9.043047e-02;5.263010e-02;4.061893e-02
4.787643e-02;6.236715e-02;2.467109e-01;7.810997e-02;4.624192e-02;3.530193e-02;2.266475e-01;4.678803e-02;9.200830e-02;5.838402e-02;4.199755e-02;1.756630e-02
5.314344e-02;5.915163e-02;1.769375e-01;6.097624e-02;7.205158e-02;4.347201e-02;2.470490e-01;6.204269e-02;8.306390e-02;5.907751e-02;5.052790e-02;3.250647e-02
5.924437e-02;7.135304e-02;1.326065e-01;5.300471e-02;1.120804e-01;4.696172e-02;1.858162e-01;7.311943e-02;9.523265e-02;6.455442e-02;7.003012e-02;3.599645e-02
6.107541e-02;6.958153e-02;1.883480e-01;8.261950e-02;9.759957e-02;4.842506e-02;1.103081e-01;7.353003e-02;8.185840e-02;7.482427e-02;7.363655e-02;3.819356e-02
5.867599e-02;6.355439e-02;2.166115e-01;1.046229e-01;7.082804e-02;6.021189e-02;7.564773e-02;6.652897e-02;5.544346e-02;8.838800e-02;8.876968e-02;5.071754e-02
5.643864e-02;4.811814e-02;2.601923e-01;5.184573e-02;6.240244e-02;6.146568e-02;8.378459e-02;5.572015e-02;5.881895e-02;7.284939e-02;1.010038e-01;8.736017e-02
6.286769e-02;6.880652e-02;2.761988e-01;6.886999e-02;5.956998e-02;4.762276e-02;4.683217e-02;6.052573e-02;6.439587e-02;7.131293e-02;9.474014e-02;7.825737e-02
5.465148e-02;8.839604e-02;2.304973e-01;8.982650e-02;5.303317e-02;3.264055e-02;1.094842e-01;4.921005e-02;9.613692e-02;8.761097e-02;6.183102e-02;4.668179e-02
1.238198e-01;1.020222e-01;1.991038e-01;4.695305e-02;4.824403e-02;4.528125e-02;1.114420e-01;7.391639e-02;7.663272e-02;6.542410e-02;6.969985e-02;3.746071e-02
1.773493e-01;9.883418e-02;1.702942e-01;3.788338e-02;4.160366e-02;3.594331e-02;1.341335e-01;7.554243e-02;5.393359e-02;4.373344e-02;5.943615e-02;7.131287e-02
1.977665e-01;8.422634e-02;1.094775e-01;4.634672e-02;2.777554e-02;3.102064e-02;1.830376e-01;6.592563e-02;3.757539e-02;4.046848e-02;5.509957e-02;1.212801e-01
1.696001e-01;4.790419e-02;6.342685e-02;4.809525e-02;1.452733e-02;4.973717e-02;2.434876e-01;5.208562e-02;3.568362e-02;3.568563e-02;7.045753e-02;1.693091e-01
8.723888e-02;1.702913e-02;7.711013e-02;3.030432e-02;1.221544e-02;1.178130e-01;2.246331e-01;3.455314e-02;6.375833e-02;3.154464e-02;1.494525e-01;1.543475e-01
3.364058e-02;7.244855e-03;1.184206e-01;1.121993e-02;2.113242e-02;1.987245e-01;1.196628e-01;2.317192e-02;9.013007e-02;3.269051e-02;2.588189e-01;8.514300e-02
3.962919e-02;1.516267e-02;1.144593e-01;9.723987e-03;3.295539e-02;2.332948e-01;6.276306e-02;1.094007e-02;6.111692e-02;5.492250e-02;3.340510e-01;3.098112e-02
6.131676e-02;3.456985e-02;7.521679e-02;8.430879e-03;5.140992e-02;1.917011e-01;5.221718e-02;2.140524e-02;2.652229e-02;1.076627e-01;3.356978e-01;3.384956e-02
5.126075e-02;9.339329e-02;4.116869e-02;1.879160e-02;7.101416e-02;1.135395e-01;2.693506e-02;4.012851e-02;2.536552e-02;1.980677e-01;2.754564e-01;4.487885e-02
5.078092e-02;1.462895e-01;3.913208e-02;2.979508e-02;7.176083e-02;4.482813e-02;5.814324e-02;5.666072e-02;5.459241e-02;2.453682e-01;1.490082e-01;5.364065e-02
6.756628e-02;1.492830e-01;7.206967e-02;4.384632e-02;4.703372e-02;3.217680e-02;1.341829e-01;5.056971e-02;8.473150e-02;2.029885e-01;6.990044e-02;4.565116e-02
7.669206e-02;1.102711e-01;1.174184e-01;4.513563e-02;4.240676e-02;4.365454e-02;1.988911e-01;3.909580e-02;9.326840e-02;1.358801e-01;5.593595e-02;4.135021e-02
6.205129e-02;9.158695e-02;1.604971e-01;3.785351e-02;6.725194e-02;5.930228e-02;2.022779e-01;3.305479e-02;9.025154e-02;8.307730e-02;7.406306e-02;3.873235e-02
7.838441e-02;8.650343e-02;9.792054e-02;3.069220e-02;8.961374e-02;6.853513e-02;1.513014e-01;4.787581e-02;9.668709e-02;1.197792e-01;8.501774e-02;4.768926e-02
5.788219e-02;1.269978e-01;6.951226e-02;4.397621e-02;8.519116e-02;9.837216e-02;1.038250e-01;5.154453e-02;1.153546e-01;1.477440e-01;6.784509e-02;3.175495e-02
5.865950e-02;1.723468e-01;5.947015e-02;5.772522e-02;6.942184e-02;7.364068e-02;1.018921e-01;9.093594e-02;9.803320e-02;1.481678e-01;4.029788e-02;2.940892e-02
5.286785e-02;1.322463e-01;9.658410e-02;6.109949e-02;6.456989e-02;3.687511e-02;7.800887e-02;9.612162e-02;1.293667e-01;1.692382e-01;4.987802e-02;3.314397e-02
4.067290e-02;1.144321e-01;1.313257e-01;5.963005e-02;8.662908e-02;4.100423e-02;1.039738e-01;7.223165e-02;1.056985e-01;1.480785e-01;6.704750e-02;2.927604e-02
1.078517e-01;7.980087e-02;2.479469e-01;4.821092e-02;7.124899e-02;4.637270e-02;1.275546e-01;4.978266e-02;6.381317e-02;6.767648e-02;4.501313e-02;4.472789e-02
1.003576e-01;9.940360e-02;2.286656e-01;4.564146e-02;5.130894e-02;3.432753e-02;1.173719e-01;4.306696e-02;5.733816e-02;8.762075e-02;7.266760e-02;6.222982e-02
8.758362e-02;1.291498e-01;1.318895e-01;5.731399e-02;5.458462e-02;2.718668e-02;1.105787e-01;4.607656e-02;5.478700e-02;1.305781e-01;9.432279e-02;7.594862e-02
1.162546e-01;1.106493e-01;1.408595e-01;7.273760e-02;4.987177e-02;2.921695e-02;1.136726e-01;5.321525e-02;6.943837e-02;1.049665e-01;7.402440e-02;6.509325e-02
1.089368e-01;5.949497e-02;1.875113e-01;8.854625e-02;5.350630e-02;3.823705e-02;1.640525e-01;5.624269e-02;6.718478e-02;6.246843e-02;6.071031e-02;5.310865e-02
7.780558e-02;8.247524e-02;1.597553e-01;8.084648e-02;5.967047e-02;5.888749e-02;2.561752e-01;4.021613e-02;4.618240e-02;4.707346e-02;5.285179e-02;3.806036e-02
4.317738e-02;1.054199e-01;1.573825e-01;7.733753e-02;8.284910e-02;7.498255e-02;2.505826e-01;5.637098e-02;2.169343e-02;4.563716e-02;4.612018e-02;3.844665e-02
4.007708e-02;8.964443e-02;1.610408e-01;8.231547e-02;5.658529e-02;5.590874e-02;1.268650e-01;9.937999e-02;1.201933e-01;6.596559e-02;5.599759e-02;4.602680e-02
6.144940e-02;6.965315e-02;1.755458e-01;8.655311e-02;7.842822e-02;4.116770e-02;1.100132e-01;5.244499e-02;9.367154e-02;1.001626e-01;5.555014e-02;7.536019e-02
6.968959e-02;5.706573e-02;1.553897e-01;9.842271e-02;1.102705e-01;6.070063e-02;5.766758e-02;4.864106e-02;6.239886e-02;9.292457e-02;9.928156e-02;8.754760e-02
7.481828e-02;5.624874e-02;2.018850e-01;6.873874e-02;9.151641e-02;4.157275e-02;8.268474e-02;6.621616e-02;7.918823e-02;8.274698e-02;9.459759e-02;5.978630e-02
7.120424e-02;5.251777e-02;1.517184e-01;8.926606e-02;1.032278e-01;5.184215e-02;1.298067e-01;9.289333e-02;5.537005e-02;8.488552e-02;8.826952e-02;2.899843e-02
6.056353e-02;7.738409e-02;1.448522e-01;1.103489e-01;9.786223e-02;5.514738e-02;1.030346e-01;6.091266e-02;5.901733e-02;9.201340e-02;1.054202e-01;3.344341e-02
3.737751e-02;7.220932e-02;1.406928e-01;8.515566e-02;1.116015e-01;3.713354e-02;1.261903e-01;7.633142e-02;6.573708e-02;9.979283e-02;1.124884e-01;3.528960e-02
7.129377e-02;9.317786e-02;1.132222e-01;6.557689e-02;1.097097e-01;4.970418e-02;5.583073e-02;6.897279e-02;1.103914e-01;1.046817e-01;1.062243e-01;5.121455e-02
1.686620e-01;6.748947e-02;1.334506e-01;6.301986e-02;4.146508e-02;6.180183e-02;1.166984e-01;6.781839e-02;7.873192e-02;4.842659e-02;7.514687e-02;7.728904e-02
1.286021e-01;6.725709e-02;1.081637e-01;4.934848e-02;4.661835e-02;4.554795e-02;8.389837e-02;6.798498e-02;1.173162e-01;9.798590e-02;9.626915e-02;9.100779e-02
9.586146e-02;7.239173e-02;1.032936e-01;6.855670e-02;5.913443e-02;3.973585e-02;6.982259e-02;4.535428e-02;1.707385e-01;1.042313e-01;8.131041e-02;8.956903e-02
8.631805e-02;7.068147e-02;8.499018e-02;1.151299e-01;6.877717e-02;2.997893e-02;5.801792e-02;3.313562e-02;2.562751e-01;7.253440e-02;4.987879e-02;7.428250e-02
1.041821e-01;4.874957e-02;7.902657e-02;1.384336e-01;7.667382e-02;1.700027e-02;5.886365e-02;3.634951e-02;2.974643e-01;7.438368e-02;3.459233e-02;3.428073e-02
9.303027e-02;2.631730e-02;6.229790e-02;1.137007e-01;1.077528e-01;2.837894e-02;6.424778e-02;2.521559e-02;2.554206e-01;1.751750e-01;3.976277e-02;8.700442e-03
4.282866e-02;3.949610e-02;4.472449e-02;5.801447e-02;1.530900e-01;3.330269e-02;5.079715e-02;5.235346e-02;1.402443e-01;3.390334e-01;2.952415e-02;1.659114e-02
7.649926e-03;3.763689e-02;2.424363e-02;3.744535e-02;1.601459e-01;2.228656e-02;3.864696e-02;4.466439e-02;1.035168e-01;4.799891e-01;3.190354e-02;1.187104e-02
1.241668e-02;2.670608e-02;1.099723e-02;3.550426e-02;1.722164e-01;1.483232e-02;2.814656e-02;5.506454e-02;1.943211e-02;5.680426e-01;3.373598e-02;2.290530e-02
1.429351e-02;5.179960e-02;8.719834e-03;2.387656e-02;1.393787e-01;2.211084e-02;1.218992e-02;8.293683e-02;6.904353e-02;4.767815e-01;6.909982e-02;2.976935e-02
1.565916e-02;5.944135e-02;2.893744e-02;2.510702e-02;9.175862e-02;5.440040e-02;1.043312e-02;1.030125e-01;6.933251e-02;3.367738e-01;1.838581e-01;2.128606e-02
2.043322e-02;4.660488e-02;7.121734e-02;2.026322e-02;3.344769e-02;9.238742e-02;2.443314e-02;7.192872e-02;7.832617e-02;1.601607e-01;3.395678e-01;4.122977e-02
2.189808e-02;2.923296e-02;7.919188e-02;2.230258e-02;2.359939e-02;8.361211e-02;9.460240e-02;2.887160e-02;7.105342e-02;6.986658e-02;3.067077e-01;1.690613e-01
4.870835e-02;2.274918e-02;3.925804e-02;4.060892e-02;2.235253e-02;4.181087e-02;1.795786e-01;3.722733e-02;4.358904e-02;7.093322e-02;1.285057e-01;3.246782e-01
1.356981e-01;1.785492e-02;2.171373e-02;3.441757e-02;1.835054e-02;1.577177e-02;1.952476e-01;1.085360e-01;1.455721e-02;7.936376e-02;2.453638e-02;3.339523e-01
2.765533e-01;1.634912e-02;3.325627e-02;1.359730e-02;3.629717e-02;7.387775e-03;1.246396e-01;2.155038e-01;1.413354e-02;5.754355e-02;3.425115e-02;1.704874e-01
3.805288e-01;2.103136e-02;3.889337e-02;3.749097e-03;7.017405e-02;5.242065e-03;6.448030e-02;2.783709e-01;2.732424e-02;2.206223e-02;5.305273e-02;3.509086e-02
4.000802e-01;3.404293e-02;3.592934e-02;3.778431e-03;9.725410e-02;3.250788e-03;2.315808e-02;2.608049e-01;4.124010e-02;1.074846e-02;7.874545e-02;1.096726e-02
3.582539e-01;4.707615e-02;3.363966e-02;7.093049e-03;1.006814e-01;4.664008e-03;1.253687e-02;2.217238e-01;6.882742e-02;1.173802e-02;1.146981e-01;1.906762e-02
3.028218e-01;6.489061e-02;3.289847e-02;6.384801e-03;8.070054e-02;6.994578e-03;2.520106e-02;2.105734e-01;1.117967e-01;1.062640e-02;1.258079e-01;2.130368e-02
2.339465e-01;1.049382e-01;3.579412e-02;4.121869e-03;5.549411e-02;9.282949e-03;2.083263e-02;2.031016e-01;2.147379e-01;8.917006e-03;1.026812e-01;6.151899e-03
1.327114e-01;1.419128e-01;3.752695e-02;6.364500e-03;3.717646e-02;8.757854e-03;3.211083e-02;2.010365e-01;3.150940e-01;1.088458e-02;6.529788e-02;1.112628e-02
9.858401e-02;1.579398e-01;4.206779e-02;7.917884e-03;2.180623e-02;1.955664e-02;1.934135e-02;1.892149e-01;3.870468e-01;1.124060e-02;3.716461e-02;8.119490e-03
8.778454e-02;1.512281e-01;5.007550e-02;1.169808e-02;8.748270e-03;3.636093e-02;2.409380e-02;1.624014e-01;4.317898e-01;1.150780e-02;1.826366e-02;6.048176e-03
9.740798e-02;1.359944e-01;6.020747e-02;1.433477e-02;5.206692e-03;4.695623e-02;1.856559e-02;1.406926e-01;4.402620e-01;1.553674e-02;1.474926e-02;1.008626e-02
1.258435e-01;1.150722e-01;6.565745e-02;1.542706e-02;1.937015e-02;4.358330e-02;3.907597e-02;1.694360e-01;3.455374e-01;2.019969e-02;2.273643e-02;1.806079e-02
1.339596e-01;1.080361e-01;6.696665e-02;1.948422e-02;4.699140e-02;3.801516e-02;6.578413e-02;2.330173e-01;1.802467e-01;2.512047e-02;3.816833e-02;4.421004e-02
7.715581e-02;8.226826e-02;5.430643e-02;2.793421e-02;5.017192e-02;3.671343e-02;7.792944e-02;2.128641e-01;2.514552e-01;3.181132e-02;4.063914e-02;5.675069e-02
7.009079e-02;7.855852e-02;3.344515e-02;3.907245e-02;2.293641e-02;3.418874e-02;8.442786e-02;2.089860e-01;2.877402e-01;4.175099e-02;4.786761e-02;5.093523e-02
3.450138e-02;9.474690e-02;4.934645e-02;3.193519e-02;2.919549e-02;8.026997e-02;6.579072e-02;1.788361e-01;2.560900e-01;5.995065e-02;7.637978e-02;4.295740e-02
2.640784e-02;7.353240e-02;5.535354e-02;3.532823e-02;5.208243e-02;8.136177e-02;3.138742e-02;1.449947e-01;2.971072e-01;1.024489e-01;7.453619e-02;2.545931e-02
1.692993e-02;5.994375e-02;5.764403e-02;5.685167e-02;6.283379e-02;5.454403e-02;4.553896e-02;1.263921e-01;2.839256e-01;1.511119e-01;6.554443e-02;1.873981e-02
6.017988e-02;4.454129e-02;6.195745e-02;8.847008e-02;8.688016e-02;3.508139e-02;1.131823e-01;1.393235e-01;1.121590e-01;1.661302e-01;6.005974e-02;3.203510e-02
8.116694e-02;6.810851e-02;6.553672e-02;8.122532e-02;1.230986e-01;3.654867e-02;1.012439e-01;8.765897e-02;9.070519e-02;1.629120e-01;7.194353e-02;2.985165e-02
5.958886e-02;1.067278e-01;3.233840e-02;4.718776e-02;1.560425e-01;3.182601e-02;7.401684e-02;7.207524e-02;1.155288e-01;1.787648e-01;9.372082e-02;3.218219e-02
4.088559e-02;1.102909e-01;7.572706e-02;1.350746e-02;1.319988e-01;8.756336e-02;5.234923e-02;7.184137e-02;6.804208e-02;1.543016e-01;1.539541e-01;3.953845e-02
3.447614e-02;6.238743e-02;1.494654e-01;1.216422e-02;6.850474e-02;1.501212e-01;5.186469e-02;4.437962e-02;3.180850e-02;9.846375e-02;2.226896e-01;7.367464e-02
5.751283e-02;3.341042e-02;2.049390e-01;2.066985e-02;2.411274e-02;1.567122e-01;5.584033e-02;2.287361e-02;2.973430e-02;5.381121e-02;2.322977e-01;1.080858e-01
6.804080e-02;3.813900e-02;1.950641e-01;2.609586e-02;3.107688e-02;1.388629e-01;7.519480e-02;2.600199e-02;4.000307e-02;6.204400e-02;1.902654e-01;1.092111e-01
7.360538e-02;5.181719e-02;1.523688e-01;3.659436e-02;3.849124e-02;1.259682e-01;7.753181e-02;2.337794e-02;5.087631e-02;1.090263e-01;1.669501e-01;9.339226e-02
7.722943e-02;6.547721e-02;1.606766e-01;3.480510e-02;3.770976e-02;8.067384e-02;6.711905e-02;4.570263e-02;5.554575e-02;1.407988e-01;1.577712e-01;7.649066e-02
1.012913e-01;3.777621e-02;1.303119e-01;4.838739e-02;3.832037e-02;6.198691e-02;9.519897e-02;8.052370e-02;5.486160e-02;1.437375e-01;1.123182e-01;9.528603e-02
1.093246e-01;8.822351e-02;1.158508e-01;8.993720e-02;3.242956e-02;2.714540e-02;1.411602e-01;1.066556e-01;4.865036e-02;9.826749e-02;6.760519e-02;7.475001e-02
9.292911e-02;1.122207e-01;1.349126e-01;4.890989e-02;3.649323e-02;4.584054e-02;9.379245e-02;8.729564e-02;8.405161e-02;7.003357e-02;1.312875e-01;6.223316e-02
6.714790e-02;7.853169e-02;1.571447e-01;8.751629e-02;4.214946e-02;4.952815e-02;9.820275e-02;7.734259e-02;9.460700e-02;7.504019e-02;9.920432e-02;7.358494e-02
5.400983e-02;6.822356e-02;1.580276e-01;7.845948e-02;4.462150e-02;6.017936e-02;8.276864e-02;7.353827e-02;8.820383e-02;1.167137e-01;1.193695e-01;5.588466e-02
4.913567e-02;5.234145e-02;1.658734e-01;2.695686e-02;3.874809e-02;5.987813e-02;5.919829e-02;8.500633e-02;1.247039e-01;1.443578e-01;1.500524e-01;4.374767e-02
4.838252e-02;3.572851e-02;1.847640e-01;6.624950e-02;3.709771e-02;4.056048e-02;6.711663e-02;1.071456e-01;1.154473e-01;1.282489e-01;1.016044e-01;6.765437e-02
4.775613e-02;4.058968e-02;1.848513e-01;8.294214e-02;3.815532e-02;3.162177e-02;7.954339e-02;1.108351e-01;9.429039e-02;1.511946e-01;5.813530e-02;8.008477e-02
5.755694e-02;9.248880e-02;6.858035e-02;7.003283e-02;5.144774e-02;8.094184e-02;1.059435e-01;8.091055e-02;7.152230e-02;1.750015e-01;4.590389e-02;9.966978e-02
5.114241e-02;1.342816e-01;1.106117e-01;7.910357e-02;5.067885e-02;4.635363e-02;1.188765e-01;6.430966e-02;6.946524e-02;1.110861e-01;6.277326e-02;1.013175e-01
1.262572e-01;1.334435e-01;8.653249e-02;7.800367e-02;5.383970e-02;3.547674e-02;1.687714e-01;4.121368e-02;5.189211e-02;8.155878e-02;9.003396e-02;5.297665e-02
1.044693e-01;1.165126e-01;1.980885e-01;6.310043e-02;5.520675e-02;4.854421e-02;1.259780e-01;2.223758e-02;5.415557e-02;6.622963e-02;7.258312e-02;7.289441e-02
1.671466e-01;1.142386e-01;1.959569e-01;4.524574e-02;4.078641e-02;3.476799e-02;1.071896e-01;3.368147e-02;4.827569e-02;4.574423e-02;5.803191e-02;1.089349e-01
2.227611e-01;1.113518e-01;1.233815e-01;2.802495e-02;2.011044e-02;1.678897e-02;1.077081e-01;4.104674e-02;3.449398e-02;3.185173e-02;8.286478e-02;1.796159e-01
1.759839e-01;7.661688e-02;3.374737e-02;2.002802e-02;1.164799e-02;2.811296e-02;1.488851e-01;3.975251e-02;2.527570e-02;3.118181e-02;1.614446e-01;2.473231e-01
6.028582e-02;3.557854e-02;3.926716e-02;1.180399e-02;1.061779e-02;6.758319e-02;2.185415e-01;2.604380e-02;1.900044e-02;3.974690e-02;2.557575e-01;2.157734e-01
2.781681e-02;1.305233e-02;3.278941e-02;9.253699e-03;1.214823e-02;1.172161e-01;2.826946e-01;1.406558e-02;1.113303e-02;2.822133e-02;2.801221e-01;1.714868e-01
2.940098e-02;9.054869e-03;3.449259e-02;9.133901e-03;1.674634e-02;1.828881e-01;2.487350e-01;1.057195e-02;1.609970e-02;2.819526e-02;2.610719e-01;1.536095e-01
1.517743e-02;1.015448e-02;4.031800e-02;5.453027e-03;3.095850e-02;2.608518e-01;1.599450e-01;1.040331e-02;1.336687e-02;4.471357e-02;3.127037e-01;9.595435e-02
1.497631e-02;1.269440e-02;3.745617e-02;4.536075e-03;5.957233e-02;3.085450e-01;8.347561e-02;1.804119e-02;2.539112e-02;8.071113e-02;3.134501e-01;4.115059e-02
1.460000e-02;1.573296e-02;2.619544e-02;1.062799e-02;1.051146e-01;3.002951e-01;6.371573e-02;1.462291e-02;3.048268e-02;1.197814e-01;2.756625e-01;2.316886e-02
8.756279e-03;2.088042e-02;2.492184e-02;3.468162e-02;1.499058e-01;2.342894e-01;6.101219e-02;2.197277e-02;3.193467e-02;1.499429e-01;2.470380e-01;1.466408e-02
1.727053e-02;4.199632e-02;4.830549e-02;5.227813e-02;1.486392e-01;1.681655e-01;5.950263e-02;3.408115e-02;3.524171e-02;1.378176e-01;2.347963e-01;2.190545e-02
2.645451e-02;9.539698e-02;7.083687e-02;3.795338e-02;8.285533e-02;1.098567e-01;6.434314e-02;3.539141e-02;3.223006e-02;2.597068e-01;1.506256e-01;3.434915e-02
2.736019e-02;1.063022e-01;3.405092e-02;1.852742e-02;4.906477e-02;5.107911e-02;4.681981e-02;2.676463e-02;3.281154e-02;4.547196e-01;1.111776e-01;4.132220e-02
1.017250e-02;7.564206e-02;1.890705e-02;2.135185e-02;7.930353e-02;3.985387e-02;2.825099e-02;2.628606e-02;5.648573e-02;5.140209e-01;9.787834e-02;3.184712e-02
2.421462e-02;6.016494e-02;1.424784e-02;2.541699e-02;1.139106e-01;4.031598e-02;1.659517e-02;2.118922e-02;5.869823e-02;5.121567e-01;8.723070e-02;2.585902e-02
3.846462e-02;6.608142e-02;1.319917e-02;3.587719e-02;1.256917e-01;3.380773e-02;3.152335e-02;3.521901e-02;4.449592e-02;4.525430e-01;9.107932e-02;3.201763e-02
6.928122e-02;6.973381e-02;7.586648e-02;1.465559e-02;8.072031e-02;3.587628e-02;8.514851e-02;4.629644e-02;1.520416e-01;2.105823e-01;1.128700e-01;4.692751e-02
6.595681e-02;1.196896e-01;9.993798e-02;3.668033e-02;4.575616e-02;3.182722e-02;6.702450e-02;2.993189e-02;1.960919e-01;1.815188e-01;8.700553e-02;3.857923e-02
7.013606e-02;1.319368e-01;1.114970e-01;4.882590e-02;7.256420e-02;2.279211e-02;5.225335e-02;1.134202e-02;2.115226e-01;1.860344e-01;5.141426e-02;2.968125e-02
8.618643e-02;8.709797e-02;8.708929e-02;7.016706e-02;1.036908e-01;2.530921e-02;5.702798e-02;1.611364e-02;2.383255e-01;1.842408e-01;2.646743e-02;1.828397e-02
1.053259e-01;3.229063e-02;3.902552e-02;7.252692e-02;8.206516e-02;2.071930e-02;9.269753e-02;3.353511e-02;3.303712e-01;1.588916e-01;2.320093e-02;9.350231e-03
1.115246e-01;1.363188e-02;2.515258e-02;8.876062e-02;3.061267e-02;6.917537e-03;1.069824e-01;3.876209e-02;4.340466e-01;1.082873e-01;2.680623e-02;8.515529e-03
9.588099e-02;7.759762e-03;2.815332e-02;1.109027e-01;1.517213e-02;6.920109e-03;7.975365e-02;3.743366e-02;4.990176e-01;7.258153e-02;3.127757e-02;1.514698e-02
7.032117e-02;9.492126e-03;4.920537e-02;1.091453e-01;1.636367e-02;1.430988e-02;5.012910e-02;7.103396e-02;4.865552e-01;4.350524e-02;3.235929e-02;4.757966e-02
3.677524e-02;1.515198e-02;1.082403e-01;7.092678e-02;1.294007e-02;1.931774e-02;6.776704e-02;1.466087e-01;3.117578e-01;5.632478e-02;2.766018e-02;1.265293e-01
1.620915e-02;3.026614e-02;1.395532e-01;3.791790e-02;1.940389e-02;1.662039e-02;1.432994e-01;2.009611e-01;8.750474e-02;6.483236e-02;7.190716e-02;1.715246e-01
2.754673e-02;5.187019e-02;9.458972e-02;2.158705e-02;3.250725e-02;1.440378e-02;2.190860e-01;1.304780e-01;6.443498e-02;5.809084e-02;1.648747e-01;1.205308e-01
3.113228e-02;7.061528e-02;5.827346e-02;1.728334e-02;3.693116e-02;2.273874e-02;2.703569e-01;5.922722e-02;9.758490e-02;4.635903e-02;2.255621e-01;6.393559e-02
3.480000e-02;6.287501e-02;5.555553e-02;3.015251e-02;3.716704e-02;3.954301e-02;2.388992e-01;1.128853e-01;9.304923e-02;7.430409e-02;1.935723e-01;2.719684e-02
5.436220e-02;5.161894e-02;6.689671e-02;4.442503e-02;5.547932e-02;7.257479e-02;1.277144e-01;9.896759e-02;8.625612e-02;1.412201e-01;1.495092e-01;5.097563e-02
1.292033e-01;5.938213e-02;6.718381e-02;3.917666e-02;6.585839e-02;7.006777e-02;7.195710e-02;6.118165e-02;1.988973e-01;8.026034e-02;9.359148e-02;6.324013e-02
1.207636e-01;4.523933e-02;8.172356e-02;1.807213e-02;6.616051e-02;6.170950e-02;8.242391e-02;4.720762e-02;2.431790e-01;1.086028e-01;6.607076e-02;5.884719e-02
5.200479e-02;2.430419e-02;8.072533e-02;3.173565e-02;5.732161e-02;3.765605e-02;3.960504e-02;9.367907e-02;2.624805e-01;8.467714e-02;1.077381e-01;1.280725e-01
2.940596e-02;2.965138e-02;8.479733e-02;5.455277e-02;3.819993e-02;2.589065e-02;3.896625e-02;1.445248e-01;1.789250e-01;5.558509e-02;2.077819e-01;1.117190e-01
4.573535e-02;2.259753e-02;1.046956e-01;6.137984e-02;2.733866e-02;2.053558e-02;7.492523e-02;1.475169e-01;8.455012e-02;7.870375e-02;2.667472e-01;6.527433e-02
7.687207e-02;1.070782e-02;1.379300e-01;5.289269e-02;2.518616e-02;1.246446e-02;1.310620e-01;9.664153e-02;6.132111e-02;1.266459e-01;2.281510e-01;4.012535e-02
9.170060e-02;1.080331e-02;1.667636e-01;3.305046e-02;1.899193e-02;9.680575e-03;1.767381e-01;5.976045e-02;8.248411e-02;1.903284e-01;1.402277e-01;1.947079e-02
7.694057e-02;1.742218e-02;2.010201e-01;2.189255e-02;2.278591e-02;1.296110e-02;1.866203e-01;5.160761e-02;5.297080e-02;2.591544e-01;8.394402e-02;1.268043e-02
5.084977e-02;2.580272e-02;2.210524e-01;2.166793e-02;3.092649e-02;2.456293e-02;1.600814e-01;3.258881e-02;4.852671e-02;3.029750e-01;4.492721e-02;3.603864e-02
2.671331e-02;4.114306e-02;1.933800e-01;1.462650e-02;2.655031e-02;3.972557e-02;9.734020e-02;4.099777e-02;1.205914e-01;2.594061e-01;4.772954e-02;9.179617e-02
1.915249e-02;7.442394e-02;1.496870e-01;1.384848e-02;1.666651e-02;5.888005e-02;3.664666e-02;4.124025e-02;2.240843e-01;1.473818e-01;3.627871e-02;1.817099e-01
2.800987e-02;9.281446e-02;9.696381e-02;2.473917e-02;1.039447e-02;6.048648e-02;2.913333e-02;2.967009e-02;2.985906e-01;7.278965e-02;4.051261e-02;2.158954e-01
3.212796e-02;8.493108e-02;7.346768e-02;2.616527e-02;1.445007e-02;4.649017e-02;2.405976e-02;3.309347e-02;3.034669e-01;6.552117e-02;1.101051e-01;1.861215e-01
3.388577e-02;6.086595e-02;7.605390e-02;2.585176e-02;2.425032e-02;2.565405e-02;4.408888e-02;6.063830e-02;2.446553e-01;7.309444e-02;2.084138e-01;1.225475e-01
3.745690e-02;3.893610e-02;8.305934e-02;3.812489e-02;2.475365e-02;3.013852e-02;5.955256e-02;7.353187e-02;1.908358e-01;9.913103e-02;2.455565e-01;7.892278e-02
3.093296e-02;5.080072e-02;7.836159e-02;4.111735e-02;1.902915e-02;5.282180e-02;1.870661e-02;4.312471e-02;3.191310e-01;3.304375e-02;1.407433e-01;1.721870e-01
1.986826e-02;5.507743e-02;8.716944e-02;2.239884e-02;2.060985e-02;5.009489e-02;3.250175e-02;4.141162e-02;3.066798e-01;9.331001e-02;8.987939e-02;1.809987e-01
1.778188e-02;4.515916e-02;1.067879e-01;1.651580e-02;1.957238e-02;4.933844e-02;5.209057e-02;3.425704e-02;2.747028e-01;1.392565e-01;1.041937e-01;1.403438e-01
4.338183e-02;4.868857e-02;8.660442e-02;1.898685e-02;1.814817e-02;4.524148e-02;6.090038e-02;5.363413e-02;2.994243e-01;1.017398e-01;1.272294e-01;9.602072e-02
5.735359e-02;5.006131e-02;7.378113e-02;1.511157e-02;2.851352e-02;2.632188e-02;5.922856e-02;1.404217e-01;2.412065e-01;9.103356e-02;1.566200e-01;6.034675e-02
6.720190e-02;3.068732e-02;8.576166e-02;1.403751e-02;3.903106e-02;1.589195e-02;1.118188e-01;2.611201e-01;9.876058e-02;7.937943e-02;1.459781e-01;5.033159e-02
5.729597e-02;3.346140e-02;1.040750e-01;2.060280e-02;4.302232e-02;2.442244e-02;1.167070e-01;2.816927e-01;5.163576e-02;9.934853e-02;1.233834e-01;4.435268e-02
3.980322e-02;5.428797e-02;1.258088e-01;2.670078e-02;4.287441e-02;4.877397e-02;7.698131e-02;1.805745e-01;1.425097e-01;9.413937e-02;1.197906e-01;4.775538e-02
4.095846e-02;7.846586e-02;1.181231e-01;3.587314e-02;3.375457e-02;7.155686e-02;5.110544e-02;6.466974e-02;2.846168e-01;9.689435e-02;5.445146e-02;6.953017e-02
4.851767e-02;9.040570e-02;9.606662e-02;3.714823e-02;2.870974e-02;7.431228e-02;5.527963e-02;4.584119e-02;2.908370e-01;6.294405e-02;7.181122e-02;9.812665e-02
5.161301e-02;9.073032e-02;8.928728e-02;3.496411e-02;2.743832e-02;7.464142e-02;6.959441e-02;6.600197e-02;2.430284e-01;5.608641e-02;5.912412e-02;1.374902e-01
3.670202e-02;8.163141e-02;8.497751e-02;2.303498e-02;2.687963e-02;7.129666e-02;1.049945e-01;7.300998e-02;1.881582e-01;6.850071e-02;8.851297e-02;1.523015e-01
4.366582e-02;8.311016e-02;1.150245e-01;1.739484e-02;5.009158e-02;5.872093e-02;1.077783e-01;7.367210e-02;1.539997e-01;4.217628e-02;1.141967e-01;1.401691e-01
5.203318e-02;7.519411e-02;1.093677e-01;3.493284e-02;7.156218e-02;6.802301e-02;1.145726e-01;8.366840e-02;1.322112e-01;5.300242e-02;7.121515e-02;1.342173e-01
5.446510e-02;5.837562e-02;1.066373e-01;6.211019e-02;7.583153e-02;8.220905e-02;8.692769e-02;1.080974e-01;1.477299e-01;3.533529e-02;4.650913e-02;1.357718e-01
4.049730e-02;6.022916e-02;1.644568e-01;7.080583e-02;9.059211e-02;6.093488e-02;4.429385e-02;8.991386e-02;1.844317e-01;4.682686e-02;3.699192e-02;1.100258e-01
7.145567e-02;7.965806e-02;1.393442e-01;7.518908e-02;9.411953e-02;5.217522e-02;7.389205e-02;7.492744e-02;1.466750e-01;5.907318e-02;2.846912e-02;1.050215e-01
8.982838e-02;9.155196e-02;1.819832e-01;6.789850e-02;8.203380e-02;4.680594e-02;9.340953e-02;7.992528e-02;7.320929e-02;6.706284e-02;4.303108e-02;8.326017e-02
7.857235e-02;7.047269e-02;2.430972e-01;8.058669e-02;6.107018e-02;4.390925e-02;1.017870e-01;4.446429e-02;9.510101e-02;7.098153e-02;5.829791e-02;5.165988e-02
