9.555346e-02;7.501842e-02;1.077627e-01;8.060907e-02;5.126475e-02;8.869845e-02;1.067938e-01;3.228143e-02;1.331379e-01;1.013204e-01;3.482139e-02;9.273821e-02
1.135082e-01;6.029845e-02;1.011130e-01;6.227367e-02;4.086927e-02;8.438762e-02;1.909296e-01;8.130459e-02;6.863691e-02;9.888145e-02;4.663734e-02;5.115988e-02
9.374695e-02;6.591151e-02;1.012629e-01;4.244113e-02;5.148764e-02;6.646895e-02;1.244372e-01;9.644745e-02;9.925245e-02;7.633906e-02;8.211374e-02;1.000910e-01
1.139233e-01;5.296929e-02;9.842512e-02;4.716190e-02;4.688555e-02;6.129770e-02;1.136694e-01;9.413710e-02;9.887362e-02;6.560776e-02;8.662278e-02;1.204265e-01
1.524665e-01;3.114488e-02;1.036382e-01;4.087780e-02;4.128420e-02;6.158768e-02;1.039536e-01;9.200977e-02;8.365344e-02;3.921287e-02;9.267709e-02;1.574939e-01
1.307461e-01;7.247835e-02;8.058202e-02;2.931453e-02;3.888627e-02;5.184203e-02;9.547674e-02;1.088774e-01;1.035085e-01;6.067118e-02;7.385870e-02;1.537583e-01
6.096960e-02;8.169831e-02;7.913006e-02;2.582900e-02;3.983868e-02;6.616294e-02;1.217784e-01;1.119964e-01;1.212578e-01;7.453819e-02;6.401081e-02;1.527898e-01
3.982588e-02;8.024856e-02;6.952704e-02;1.943302e-02;4.303446e-02;6.973489e-02;1.520140e-01;1.144045e-01;8.316567e-02;7.551861e-02;5.480013e-02;1.982932e-01
8.959847e-02;6.194992e-02;3.330833e-02;2.022874e-02;6.466565e-02;4.500674e-02;1.630711e-01;1.214443e-01;7.430018e-02;5.521267e-02;7.306902e-02;1.981448e-01
1.074004e-01;6.033691e-02;4.370574e-02;2.097592e-02;8.151481e-02;5.391437e-02;1.420175e-01;1.045125e-01;1.062089e-01;3.623353e-02;8.690203e-02;1.562774e-01
1.253145e-01;6.208161e-02;7.355455e-02;3.618870e-02;8.121726e-02;6.889608e-02;1.294336e-01;7.796237e-02;9.975456e-02;4.713394e-02;9.039058e-02;1.080723e-01
1.145183e-01;7.181708e-02;8.030001e-02;3.971900e-02;6.054267e-02;8.309998e-02;1.458969e-01;7.507834e-02;8.207373e-02;5.669421e-02;9.117761e-02;9.908206e-02
8.904371e-02;8.619300e-02;5.601723e-02;3.376117e-02;5.081401e-02;7.782573e-02;1.636886e-01;7.522736e-02;6.836157e-02;5.390621e-02;1.052342e-01;1.399273e-01
7.617985e-02;7.563360e-02;5.650092e-02;3.807922e-02;5.527749e-02;5.789751e-02;1.685922e-01;8.196399e-02;8.615087e-02;8.132321e-02;6.385905e-02;1.585421e-01
7.643445e-02;4.026336e-02;5.498308e-02;5.251598e-02;6.387553e-02;5.409643e-02;1.549128e-01;1.116124e-01;8.292456e-02;9.213963e-02;8.843208e-02;1.278098e-01
5.068306e-02;6.052577e-02;7.786501e-02;8.903953e-02;5.606222e-02;5.960990e-02;1.124723e-01;1.269150e-01;5.133386e-02;1.284502e-01;9.491598e-02;9.212714e-02
7.474589e-02;7.746566e-02;1.206022e-01;8.072059e-02;6.383260e-02;7.278522e-02;1.011252e-01;1.007660e-01;1.198811e-01;1.031597e-01;4.716974e-02;3.774605e-02
8.838471e-02;6.227620e-02;1.262155e-01;6.210460e-02;5.677716e-02;6.870473e-02;1.224456e-01;7.496013e-02;1.484554e-01;8.805807e-02;4.915016e-02;5.246787e-02
8.532714e-02;4.215833e-02;1.128279e-01;5.796792e-02;6.034112e-02;5.852894e-02;1.323704e-01;5.948484e-02;1.263449e-01;8.229236e-02;8.862472e-02;9.373146e-02
6.873673e-02;5.586870e-02;8.557306e-02;7.456460e-02;7.130607e-02;6.283037e-02;1.654353e-01;7.448120e-02;8.393155e-02;7.098927e-02;1.048068e-01;8.147642e-02
7.644918e-02;6.613756e-02;9.456338e-02;5.726805e-02;6.621617e-02;1.011656e-01;1.566559e-01;9.684468e-02;9.956424e-02;4.620878e-02;1.107840e-01;2.814245e-02
7.011056e-02;5.760207e-02;7.383304e-02;3.655901e-02;8.864111e-02;1.237850e-01;1.203647e-01;1.197785e-01;1.170555e-01;2.659076e-02;1.356995e-01;2.998021e-02
7.545503e-02;4.460595e-02;5.506690e-02;1.617702e-02;1.224517e-01;1.189839e-01;8.420948e-02;1.669512e-01;1.122548e-01;1.790711e-02;1.653110e-01;2.062584e-02
8.219040e-02;4.349442e-02;5.389699e-02;3.327793e-02;1.305926e-01;7.956780e-02;5.908680e-02;1.882461e-01;1.126940e-01;2.837315e-02;1.591518e-01;2.942807e-02
1.028670e-01;5.355100e-02;5.007365e-02;4.037155e-02;1.241087e-01;5.168108e-02;8.260234e-02;1.844168e-01;1.137836e-01;3.284990e-02;1.426682e-01;2.102623e-02
1.202309e-01;5.471238e-02;7.390296e-02;6.111377e-02;1.065946e-01;3.546213e-02;1.063974e-01;1.666476e-01;9.782881e-02;3.288904e-02;1.159731e-01;2.824735e-02
1.296659e-01;5.107467e-02;1.028935e-01;8.574834e-02;8.245548e-02;4.644624e-02;1.101997e-01;1.497761e-01;8.580104e-02;3.212972e-02;8.995992e-02;3.384937e-02
9.783413e-02;5.398636e-02;9.038959e-02;8.312023e-02;5.043945e-02;7.240270e-02;1.893917e-01;1.332813e-01;6.296621e-02;4.004610e-02;7.810719e-02;4.803503e-02
6.860354e-02;3.572052e-02;6.609335e-02;5.986146e-02;5.949679e-02;6.920778e-02;2.855785e-01;1.344810e-01;3.360190e-02;5.059319e-02;8.696328e-02;4.979876e-02
7.934517e-02;1.266375e-02;5.635503e-02;6.542864e-02;6.152878e-02;4.456694e-02;2.822102e-01;1.455237e-01;3.241111e-02;6.166449e-02;1.006853e-01;5.761686e-02
6.121884e-02;3.002517e-02;4.003542e-02;8.968440e-02;7.531895e-02;2.903243e-02;2.538339e-01;1.712541e-01;3.261827e-02;6.398520e-02;9.908460e-02;5.390867e-02
6.466117e-02;3.636159e-02;4.694723e-02;8.403832e-02;8.286429e-02;3.110612e-02;2.497014e-01;1.683716e-01;4.089965e-02;7.011408e-02;7.820603e-02;4.672856e-02
1.066811e-01;4.979236e-02;8.307978e-02;5.538465e-02;9.137008e-02;4.189499e-02;2.282994e-01;1.110713e-01;6.716544e-02;6.618204e-02;6.399323e-02;3.508563e-02
1.772872e-01;7.412954e-02;1.050198e-01;2.990385e-02;9.723943e-02;2.944948e-02;1.804442e-01;8.646844e-02;5.260147e-02;5.914057e-02;7.522404e-02;3.309207e-02
2.300717e-01;1.115948e-01;9.530786e-02;3.394252e-02;9.628822e-02;3.990372e-02;1.119015e-01;1.080197e-01;5.290372e-02;4.695363e-02;5.447214e-02;1.864055e-02
2.064265e-01;1.671128e-01;1.168688e-01;3.331831e-02;5.647316e-02;4.699722e-02;9.485699e-02;1.086562e-01;5.840136e-02;3.557483e-02;5.831294e-02;1.700092e-02
1.638354e-01;1.874587e-01;1.417873e-01;2.922422e-02;4.492953e-02;4.800421e-02;1.045252e-01;7.516804e-02;5.663346e-02;3.364728e-02;8.795970e-02;2.682699e-02
1.825707e-01;1.748361e-01;1.445869e-01;2.603575e-02;7.527392e-02;3.604287e-02;9.321367e-02;6.272937e-02;5.409582e-02;2.129229e-02;1.057277e-01;2.359494e-02
2.017234e-01;1.343625e-01;1.256321e-01;2.492365e-02;9.667514e-02;4.312945e-02;7.465350e-02;9.706305e-02;4.299595e-02;2.573392e-02;1.127430e-01;2.036431e-02
1.880199e-01;8.708137e-02;9.760409e-02;4.302717e-02;9.424481e-02;5.301327e-02;1.048906e-01;1.231371e-01;4.639797e-02;3.463408e-02;1.026514e-01;2.529824e-02
1.414917e-01;7.210701e-02;1.069931e-01;6.233671e-02;7.867317e-02;4.894358e-02;1.423004e-01;1.134013e-01;6.602667e-02;5.314526e-02;8.492100e-02;2.966011e-02
8.298028e-02;7.799823e-02;1.190179e-01;7.722469e-02;6.083930e-02;5.547147e-02;1.796360e-01;8.266921e-02;7.043042e-02;6.472571e-02;6.825361e-02;6.075319e-02
1.168035e-01;8.671963e-02;1.303086e-01;4.264243e-02;7.693900e-02;4.716580e-02;1.635322e-01;7.700415e-02;6.789590e-02;7.999206e-02;4.069745e-02;7.029931e-02
1.070620e-01;6.269893e-02;6.870536e-02;3.852566e-02;9.415233e-02;3.543349e-02;1.499975e-01;8.706048e-02;1.102557e-01;8.392835e-02;5.650852e-02;1.056717e-01
7.588056e-02;4.555983e-02;7.271822e-02;3.010511e-02;9.410418e-02;7.637735e-02;1.588507e-01;7.394531e-02;1.248543e-01;8.375873e-02;9.170091e-02;7.214484e-02
1.143833e-01;6.729995e-02;6.349565e-02;2.952636e-02;5.767359e-02;9.673877e-02;1.534552e-01;1.058530e-01;1.056976e-01;8.533289e-02;8.386637e-02;3.667733e-02
1.588389e-01;4.952273e-02;7.328811e-02;5.632011e-02;3.538437e-02;7.167727e-02;1.250076e-01;1.240802e-01;8.965409e-02;8.819899e-02;5.783631e-02;7.019130e-02
1.365919e-01;4.623833e-02;8.187320e-02;8.855098e-02;5.771023e-02;5.885034e-02;1.296671e-01;1.066045e-01;1.099467e-01;9.368075e-02;4.191697e-02;4.836908e-02
1.001422e-01;7.509855e-02;9.333500e-02;8.859855e-02;7.511172e-02;4.702777e-02;1.285161e-01;1.177674e-01;1.128417e-01;6.943568e-02;5.052638e-02;4.159898e-02
1.135475e-01;1.084696e-01;8.130631e-02;7.434094e-02;7.889652e-02;5.231973e-02;1.197219e-01;1.234043e-01;8.702514e-02;6.902738e-02;3.860416e-02;5.333649e-02
1.463636e-01;1.200577e-01;1.109865e-01;6.752452e-02;5.343711e-02;4.000800e-02;8.651977e-02;1.169484e-01;9.092379e-02;8.363942e-02;3.619352e-02;4.739772e-02
1.258766e-01;8.413820e-02;1.385777e-01;9.050158e-02;3.260651e-02;4.806021e-02;6.491837e-02;1.414250e-01;1.069483e-01;7.830334e-02;3.100060e-02;5.764355e-02
9.667134e-02;8.113641e-02;1.274012e-01;1.077657e-01;5.288433e-02;5.189571e-02;6.505854e-02;1.315428e-01;1.203122e-01;7.591210e-02;3.267267e-02;5.674694e-02
1.003625e-01;1.023623e-01;1.197858e-01;7.705856e-02;4.939939e-02;5.690353e-02;8.538940e-02;8.749653e-02;8.974945e-02;9.124973e-02;8.459309e-02;5.564965e-02
8.715558e-02;7.940163e-02;1.330101e-01;3.865416e-02;6.409566e-02;6.205185e-02;1.268153e-01;8.424879e-02;5.612253e-02;9.581850e-02;1.158284e-01;5.679752e-02
1.481109e-01;1.253390e-01;1.325725e-01;3.423858e-02;5.805010e-02;5.668009e-02;8.459496e-02;6.744486e-02;7.402138e-02;3.603733e-02;9.604118e-02;8.686898e-02
1.838551e-01;1.623955e-01;1.334133e-01;1.588685e-02;5.009012e-02;4.917141e-02;4.445339e-02;7.015759e-02;7.603046e-02;2.892732e-02;1.078804e-01;7.773853e-02
2.355345e-01;1.590584e-01;1.063583e-01;2.646476e-02;6.069005e-02;3.829088e-02;3.572752e-02;7.776064e-02;4.846797e-02;3.808503e-02;1.234044e-01;5.015758e-02
3.099034e-01;1.148140e-01;8.157545e-02;4.011648e-02;8.672266e-02;2.525125e-02;4.138446e-02;9.213573e-02;2.566625e-02;4.190612e-02;1.102907e-01;3.023360e-02
3.374715e-01;6.183488e-02;9.550709e-02;6.160552e-02;1.181870e-01;1.732758e-02;5.954826e-02;1.001113e-01;1.453440e-02;4.826210e-02;6.025044e-02;2.535994e-02
3.022673e-01;3.343470e-02;1.596512e-01;8.240386e-02;1.467094e-01;1.577873e-02;5.339787e-02;1.052612e-01;7.481805e-03;5.021662e-02;1.992393e-02;2.347327e-02
2.365744e-01;2.653710e-02;1.769379e-01;8.430132e-02;1.597146e-01;2.167415e-02;5.011485e-02;1.158557e-01;1.143564e-02;3.978280e-02;6.289297e-02;1.417862e-02
1.878509e-01;2.868270e-02;1.597065e-01;8.268367e-02;1.852475e-01;3.124161e-02;3.462375e-02;1.344378e-01;2.236703e-02;3.283045e-02;8.858599e-02;1.174211e-02
1.611628e-01;2.831205e-02;1.247702e-01;7.226212e-02;2.121241e-01;4.050658e-02;4.338054e-02;1.498731e-01;2.552035e-02;2.760153e-02;1.037633e-01;1.072329e-02
1.456497e-01;4.089588e-02;9.008546e-02;7.350298e-02;2.145375e-01;3.609041e-02;6.722644e-02;1.382347e-01;4.298829e-02;2.304705e-02;1.123754e-01;1.536621e-02
1.202910e-01;8.694695e-02;8.470927e-02;7.346810e-02;1.707553e-01;6.333911e-02;5.736153e-02;1.103059e-01;7.946553e-02;2.508421e-02;9.347501e-02;3.479813e-02
9.170340e-02;1.314631e-01;1.275124e-01;5.573294e-02;9.619819e-02;1.124342e-01;8.007076e-02;8.000335e-02;8.529723e-02;2.876130e-02;6.049608e-02;5.032698e-02
1.167711e-01;1.524050e-01;1.573107e-01;4.954609e-02;4.879070e-02;1.153593e-01;7.296593e-02;6.010013e-02;9.034295e-02;4.146837e-02;4.269388e-02;5.224581e-02
1.627803e-01;1.747815e-01;1.414099e-01;4.686810e-02;4.400923e-02;1.069035e-01;5.829801e-02;5.134240e-02;1.004781e-01;4.022814e-02;3.114838e-02;4.175258e-02
1.452007e-01;1.455682e-01;1.584474e-01;4.351531e-02;7.423168e-02;8.291657e-02;8.544739e-02;6.364908e-02;8.387140e-02;5.632938e-02;3.570931e-02;2.511356e-02
1.096476e-01;1.152889e-01;1.581210e-01;6.263914e-02;1.013805e-01;5.426669e-02;1.336419e-01;6.171465e-02;4.961503e-02;3.990776e-02;5.899731e-02;5.477962e-02
9.764334e-02;1.176496e-01;1.124272e-01;7.470233e-02;1.221392e-01;5.012625e-02;1.026111e-01;1.021364e-01;3.062646e-02;4.520440e-02;6.699296e-02;7.774064e-02
1.208785e-01;9.229869e-02;1.357294e-01;5.553833e-02;1.181113e-01;4.890567e-02;7.514597e-02;1.052658e-01;4.944127e-02;8.874254e-02;5.333604e-02;5.660644e-02
1.033162e-01;4.955936e-02;1.194173e-01;4.658872e-02;1.138065e-01;5.706445e-02;8.770776e-02;1.094688e-01;9.894480e-02;1.247161e-01;4.969557e-02;3.971452e-02
6.782907e-02;3.447180e-02;8.510950e-02;4.838943e-02;7.498084e-02;6.176499e-02;1.246221e-01;1.133774e-01;1.494464e-01;1.760647e-01;2.902949e-02;3.491417e-02
4.039560e-02;1.675900e-02;5.524324e-02;2.336250e-02;4.608974e-02;5.542808e-02;1.863500e-01;1.715923e-01;1.460449e-01;2.042393e-01;1.598608e-02;3.850916e-02
3.266665e-02;1.781420e-02;3.927699e-02;2.435598e-02;3.195267e-02;9.093755e-02;2.339801e-01;1.901207e-01;9.625734e-02;1.743733e-01;2.353509e-02;4.472939e-02
2.512125e-02;2.065547e-02;4.097571e-02;3.010535e-02;2.911662e-02;1.278138e-01;2.806969e-01;2.105883e-01;4.587799e-02;1.216688e-01;3.467913e-02;3.270065e-02
4.061906e-02;4.652887e-02;6.361259e-02;3.602857e-02;3.356075e-02;1.522516e-01;2.577257e-01;1.938708e-01;3.421667e-02;7.003593e-02;4.945027e-02;2.209917e-02
5.338721e-02;8.011600e-02;5.129412e-02;2.931063e-02;6.938550e-02;1.549460e-01;2.194969e-01;1.391738e-01;4.514690e-02;7.185870e-02;5.088602e-02;3.499826e-02
5.057072e-02;8.013923e-02;3.541824e-02;2.025734e-02;1.238808e-01;1.523147e-01;1.949037e-01;1.167172e-01;5.380864e-02;8.894631e-02;3.934870e-02;4.369443e-02
4.435747e-02;7.936455e-02;6.479825e-02;2.847157e-02;1.265153e-01;1.594769e-01;1.200574e-01;1.180441e-01;6.754467e-02;9.728634e-02;4.621248e-02;4.787101e-02
5.695918e-02;8.755017e-02;9.060510e-02;3.735688e-02;9.249917e-02;1.367723e-01;8.750473e-02;8.591912e-02;1.241944e-01;1.030838e-01;5.190695e-02;4.564819e-02
7.428455e-02;9.254321e-02;9.669661e-02;2.737263e-02;1.662678e-01;8.604705e-02;8.527333e-02;5.827883e-02;1.410203e-01;8.370089e-02;4.626054e-02;4.225427e-02
8.603916e-02;8.201041e-02;8.070578e-02;3.813866e-02;1.822866e-01;9.283745e-02;1.036342e-01;6.361174e-02;8.728451e-02;8.866082e-02;3.444146e-02;6.034923e-02
6.858200e-02;4.229870e-02;1.191934e-01;5.073831e-02;1.446621e-01;8.864962e-02;1.465103e-01;6.849931e-02;4.789256e-02;1.112082e-01;4.059599e-02;7.116956e-02
6.194531e-02;3.317186e-02;1.355927e-01;2.502342e-02;1.155585e-01;1.028123e-01;1.839226e-01;8.313666e-02;5.383078e-02;9.384102e-02;2.905174e-02;8.211314e-02
5.517338e-02;5.218176e-02;5.973058e-02;4.766731e-02;7.644179e-02;8.143182e-02;1.000370e-01;1.255836e-01;1.642434e-01;1.531637e-01;4.565972e-02;3.868600e-02
6.854934e-02;4.086807e-02;7.392728e-02;6.646860e-02;7.993263e-02;6.854547e-02;7.801569e-02;6.948038e-02;1.993423e-01;1.809071e-01;4.123767e-02;3.272548e-02
7.750010e-02;4.098203e-02;7.828437e-02;7.255971e-02;7.049706e-02;5.485609e-02;6.747551e-02;8.476786e-02;2.106275e-01;1.801090e-01;3.515840e-02;2.718239e-02
7.673337e-02;4.305436e-02;7.326174e-02;6.939434e-02;5.039912e-02;4.266032e-02;7.786775e-02;1.661953e-01;1.772887e-01;1.668484e-01;2.335727e-02;3.293943e-02
1.057457e-01;7.412731e-02;1.453154e-01;5.853826e-02;4.114724e-02;5.917836e-02;1.098276e-01;1.463577e-01;7.149594e-02;1.067224e-01;3.291417e-02;4.862994e-02
1.543318e-01;8.509250e-02;2.453964e-01;5.756542e-02;4.787873e-02;4.970553e-02;1.488106e-01;4.178249e-02;3.706456e-02;5.484849e-02;3.644817e-02;4.107532e-02
1.437734e-01;5.600784e-02;3.342645e-01;7.183930e-02;4.066634e-02;2.873196e-02;1.359124e-01;4.241664e-02;2.158623e-02;5.845599e-02;3.532083e-02;3.102458e-02
1.173413e-01;4.018506e-02;4.014539e-01;8.215147e-02;3.837373e-02;3.701713e-02;1.192865e-01;3.101693e-02;1.456980e-02;7.499653e-02;2.840018e-02;1.520749e-02
8.742657e-02;3.419769e-02;4.300152e-01;7.188913e-02;4.225351e-02;4.378222e-02;1.220089e-01;1.481054e-02;1.436956e-02;8.616312e-02;3.760112e-02;1.548240e-02
6.586195e-02;5.393432e-02;4.398212e-01;6.288160e-02;4.236100e-02;3.441146e-02;1.215339e-01;1.827051e-02;1.585023e-02;8.548950e-02;4.594620e-02;1.363814e-02
6.474261e-02;9.610792e-02;4.043150e-01;4.584515e-02;3.369128e-02;4.050094e-02;1.157687e-01;2.809404e-02;3.528993e-02;7.395732e-02;4.353353e-02;1.815358e-02
9.265798e-02;1.318454e-01;3.347686e-01;2.960114e-02;3.239151e-02;5.139050e-02;1.190089e-01;2.876657e-02;5.119218e-02;5.739738e-02;4.496124e-02;2.601859e-02
1.230429e-01;1.338153e-01;2.666132e-01;3.382172e-02;4.751414e-02;5.854072e-02;1.451945e-01;3.669638e-02;3.966841e-02;4.531778e-02;4.618950e-02;2.358553e-02
1.436915e-01;1.051412e-01;2.199599e-01;3.541928e-02;6.387389e-02;6.003508e-02;1.615864e-01;6.606050e-02;1.878802e-02;4.382620e-02;4.731553e-02;3.430245e-02
1.322183e-01;1.059627e-01;1.793974e-01;7.096964e-02;5.050315e-02;6.342343e-02;1.132394e-01;3.940849e-02;5.653539e-02;1.017707e-01;4.446083e-02;4.211061e-02
1.263468e-01;1.023560e-01;1.743891e-01;4.195611e-02;3.508694e-02;6.839332e-02;1.400915e-01;6.779099e-02;5.155665e-02;8.628360e-02;7.161630e-02;3.413272e-02
9.468862e-02;1.082481e-01;1.463275e-01;6.716673e-02;5.783611e-02;5.473910e-02;1.241277e-01;1.114433e-01;3.493969e-02;4.368178e-02;9.165196e-02;6.514931e-02
1.040306e-01;1.257751e-01;1.775575e-01;8.315261e-02;6.098706e-02;5.078997e-02;8.822957e-02;8.763537e-02;4.767378e-02;3.957677e-02;7.451712e-02;6.007448e-02
1.228531e-01;1.519224e-01;1.665461e-01;7.372151e-02;5.703423e-02;4.960663e-02;1.178318e-01;7.064842e-02;5.459512e-02;3.074755e-02;4.571177e-02;5.878140e-02
1.146532e-01;1.519625e-01;1.616928e-01;5.897617e-02;4.096668e-02;5.615078e-02;1.197783e-01;6.908399e-02;3.650615e-02;2.012195e-02;8.374108e-02;8.636635e-02
9.297529e-02;7.794461e-02;1.593029e-01;5.987073e-02;4.598142e-02;5.850584e-02;1.126706e-01;8.516915e-02;5.972819e-02;5.130957e-02;1.230999e-01;7.344182e-02
6.757634e-02;5.538000e-02;1.491612e-01;8.006296e-02;8.717316e-02;4.678517e-02;8.555437e-02;1.021623e-01;7.037707e-02;4.676304e-02;1.372467e-01;7.175773e-02
3.316312e-02;2.845770e-02;1.196619e-01;9.744810e-02;1.514656e-01;3.374841e-02;4.172248e-02;1.268695e-01;9.892151e-02;2.995114e-02;1.447367e-01;9.385385e-02
2.380584e-02;1.117046e-02;7.832547e-02;8.360321e-02;2.172586e-01;5.288691e-02;3.475127e-02;1.441245e-01;1.608511e-01;9.266583e-03;8.677404e-02;9.718198e-02
2.321622e-02;2.876320e-03;7.556377e-02;7.502683e-02;2.501242e-01;7.418150e-02;8.599202e-02;1.141191e-01;1.826323e-01;1.282977e-02;3.192591e-02;7.151205e-02
3.848690e-02;3.240612e-03;8.163355e-02;8.123121e-02;2.720115e-01;1.078903e-01;1.133530e-01;5.835620e-02;1.543078e-01;1.863892e-02;1.684130e-02;5.400862e-02
7.340819e-02;1.553572e-02;8.306070e-02;7.461755e-02;2.632030e-01;1.359913e-01;1.160936e-01;3.563902e-02;1.063561e-01;3.228852e-02;2.419275e-02;3.961354e-02
7.735857e-02;2.951446e-02;1.187026e-01;6.396618e-02;2.043938e-01;1.486122e-01;7.788397e-02;3.913431e-02;1.039008e-01;5.466575e-02;4.022911e-02;4.163819e-02
5.191656e-02;2.899420e-02;1.137362e-01;5.833889e-02;1.713914e-01;1.682251e-01;1.214555e-01;4.136880e-02;1.017076e-01;7.271927e-02;4.071459e-02;2.943195e-02
4.703941e-02;1.989654e-02;6.962243e-02;3.267343e-02;1.809171e-01;1.522442e-01;1.979641e-01;3.552373e-02;1.243098e-01;7.636455e-02;3.707792e-02;2.636679e-02
5.201553e-02;1.762859e-02;7.510415e-02;2.675982e-02;1.738241e-01;1.214798e-01;2.137224e-01;4.709483e-02;1.258234e-01;6.900501e-02;3.625545e-02;4.128686e-02
4.628977e-02;2.546986e-02;1.180367e-01;3.593208e-02;1.586033e-01;9.175983e-02;1.881789e-01;6.434987e-02;1.422580e-01;4.547323e-02;3.491506e-02;4.873333e-02
3.460699e-02;4.390987e-02;1.917224e-01;5.163978e-02;1.401061e-01;6.399385e-02;1.553146e-01;4.837276e-02;1.279744e-01;4.442415e-02;4.565154e-02;5.228344e-02
4.723556e-02;4.737245e-02;2.425675e-01;6.035155e-02;1.249592e-01;5.532104e-02;1.595449e-01;1.940499e-02;7.786841e-02;5.230853e-02;5.235963e-02;6.070628e-02
6.771468e-02;3.590205e-02;1.875123e-01;5.875237e-02;1.684217e-01;9.167689e-02;1.108485e-01;4.646921e-02;4.515927e-02;5.402106e-02;6.297193e-02;7.054994e-02
8.041622e-02;4.329702e-02;1.219357e-01;5.890143e-02;1.643490e-01;1.046372e-01;9.793826e-02;5.781414e-02;7.855655e-02;4.319034e-02;7.433713e-02;7.462698e-02
7.857852e-02;6.410351e-02;1.110551e-01;8.412409e-02;1.633235e-01;8.872239e-02;1.434258e-01;4.726713e-02;4.945045e-02;4.909686e-02;6.606482e-02;5.478775e-02
4.733723e-02;6.313038e-02;1.323955e-01;7.909320e-02;1.448230e-01;8.074754e-02;1.467896e-01;6.041973e-02;7.623417e-02;7.133059e-02;5.929032e-02;3.840886e-02
6.810784e-02;5.675491e-02;1.209127e-01;6.547514e-02;6.648754e-02;7.472508e-02;1.332659e-01;8.954175e-02;1.011036e-01;9.589070e-02;7.385302e-02;5.388189e-02
6.537545e-02;5.253937e-02;1.201105e-01;6.392352e-02;6.075313e-02;7.289117e-02;1.520344e-01;9.481020e-02;9.511697e-02;9.175926e-02;7.349639e-02;5.718970e-02
6.937322e-02;7.280739e-02;9.185507e-02;5.180318e-02;6.042125e-02;7.569442e-02;1.835949e-01;7.405954e-02;7.984971e-02;8.915985e-02;8.235700e-02;6.902452e-02
1.346640e-01;1.028399e-01;2.377685e-01;6.788711e-02;3.437717e-02;4.584407e-02;1.209620e-01;3.508214e-02;4.778160e-02;6.731395e-02;4.777369e-02;5.770589e-02
1.256653e-01;8.402422e-02;3.734125e-01;6.694183e-02;4.106228e-02;2.506547e-02;8.927274e-02;2.568296e-02;3.471233e-02;7.002392e-02;2.709245e-02;3.704395e-02
9.709229e-02;5.662743e-02;4.975334e-01;6.153786e-02;3.694630e-02;2.526861e-02;6.590823e-02;2.002619e-02;1.091044e-02;7.332425e-02;1.489126e-02;3.993377e-02
5.577060e-02;1.089093e-01;4.175425e-01;5.944484e-02;2.998462e-02;5.615970e-02;5.718929e-02;2.533771e-02;5.195915e-02;5.195895e-02;1.441818e-02;7.132516e-02
4.005031e-02;1.598092e-01;2.940674e-01;6.366246e-02;2.919677e-02;1.009494e-01;7.384954e-02;2.088883e-02;8.059096e-02;3.221589e-02;1.912424e-02;8.559504e-02
5.803341e-02;1.766221e-01;1.735367e-01;9.541509e-02;4.252839e-02;1.486243e-01;7.802175e-02;2.475550e-02;9.030120e-02;2.069873e-02;3.507427e-02;5.638864e-02
1.032756e-01;1.507909e-01;1.002764e-01;9.913184e-02;8.393211e-02;1.794347e-01;5.823500e-02;4.532457e-02;7.626089e-02;1.732720e-02;7.350048e-02;1.251022e-02
1.301364e-01;9.537647e-02;1.024349e-01;4.383441e-02;1.291707e-01;1.665740e-01;4.227513e-02;6.982441e-02;6.548772e-02;1.735999e-02;1.153145e-01;2.221138e-02
1.487352e-01;5.979921e-02;1.523486e-01;3.929613e-02;1.381303e-01;1.102385e-01;4.070320e-02;8.804739e-02;6.334917e-02;1.399726e-02;1.287340e-01;1.662100e-02
1.773839e-01;4.354903e-02;1.743831e-01;3.742854e-02;1.339481e-01;5.360888e-02;3.848456e-02;1.073789e-01;6.296806e-02;6.606749e-03;1.462457e-01;1.801449e-02
2.172929e-01;3.299677e-02;1.361664e-01;3.514290e-02;1.278081e-01;2.769284e-02;3.649209e-02;1.271989e-01;5.136647e-02;1.988188e-02;1.619566e-01;2.600406e-02
2.302901e-01;3.281816e-02;7.022569e-02;4.272819e-02;1.205666e-01;2.287786e-02;5.008658e-02;1.398820e-01;3.158242e-02;4.488648e-02;1.420466e-01;7.200923e-02
1.939477e-01;3.935201e-02;5.264623e-02;5.324543e-02;1.216655e-01;1.284594e-02;4.991565e-02;1.578669e-01;4.184030e-02;7.151269e-02;1.192587e-01;8.590296e-02
1.443956e-01;3.813883e-02;5.879662e-02;4.536696e-02;1.306136e-01;2.262668e-02;8.693165e-02;2.190379e-01;4.142392e-02;5.644079e-02;9.976411e-02;5.646339e-02
1.188241e-01;5.306751e-02;8.498988e-02;5.164321e-02;1.421903e-01;2.132472e-02;1.270964e-01;2.449881e-01;4.325184e-02;1.845621e-02;6.408338e-02;3.008436e-02
1.329993e-01;6.658391e-02;1.097249e-01;5.844000e-02;1.782299e-01;3.448596e-02;8.886560e-02;1.999099e-01;5.451490e-02;1.753356e-02;3.750654e-02;2.120562e-02
1.504912e-01;7.149903e-02;1.485475e-01;7.728460e-02;2.129924e-01;4.412016e-02;6.095368e-02;1.275195e-01;4.508445e-02;1.886047e-02;2.107619e-02;2.157073e-02
1.461932e-01;6.843595e-02;1.623491e-01;8.375900e-02;2.162429e-01;5.994146e-02;9.140787e-02;6.778744e-02;3.786457e-02;1.886186e-02;2.856915e-02;1.858746e-02
1.338799e-01;6.715036e-02;1.985912e-01;7.543644e-02;2.087146e-01;3.866638e-02;8.551806e-02;3.351928e-02;4.518133e-02;2.378661e-02;6.100331e-02;2.855243e-02
1.145976e-01;5.970062e-02;2.017522e-01;5.579513e-02;1.860419e-01;6.660414e-02;1.048678e-01;2.750827e-02;4.345611e-02;3.294071e-02;8.250938e-02;2.422622e-02
9.291657e-02;5.560400e-02;1.912005e-01;4.951117e-02;1.540907e-01;8.730378e-02;1.373829e-01;3.437710e-02;3.663360e-02;2.999401e-02;9.419213e-02;3.679362e-02
