4.367239e-02;6.708620e-02;2.417340e-01;3.102220e-02;2.610502e-02;1.352332e-01;3.431242e-02;2.999875e-02;8.638195e-02;4.257715e-02;2.363240e-01;2.555272e-02
2.867820e-02;4.970191e-02;2.696185e-01;1.908351e-02;2.048582e-02;1.330111e-01;3.018534e-02;2.384022e-02;6.939775e-02;4.319542e-02;2.835993e-01;2.920289e-02
3.782481e-02;5.157032e-02;2.491608e-01;2.764543e-02;1.558760e-02;1.255898e-01;2.270539e-02;3.180749e-02;6.427444e-02;3.085701e-02;2.886406e-01;5.433624e-02
4.607160e-02;6.853078e-02;1.970300e-01;3.778285e-02;1.435850e-02;9.896190e-02;5.178757e-02;3.397496e-02;5.824719e-02;2.717755e-02;2.710125e-01;9.506471e-02
6.578500e-02;6.464520e-02;1.236388e-01;3.758437e-02;2.379214e-02;7.787242e-02;6.232540e-02;5.743305e-02;8.614355e-02;5.156296e-02;2.585364e-01;9.068066e-02
7.440513e-02;7.342425e-02;3.857964e-02;3.555784e-02;3.137298e-02;1.180174e-01;5.043974e-02;9.045967e-02;1.707478e-01;5.974037e-02;1.892225e-01;6.803258e-02
5.267323e-02;7.812575e-02;1.267478e-01;4.283379e-02;3.758673e-02;1.557547e-01;3.335714e-02;1.155956e-01;1.675975e-01;3.633977e-02;8.007790e-02;7.331006e-02
7.866684e-02;7.397620e-02;1.508520e-01;3.021583e-02;3.560695e-02;1.545959e-01;6.861088e-02;1.180239e-01;1.363651e-01;3.861528e-02;6.940968e-02;4.506147e-02
8.017069e-02;8.079547e-02;1.336194e-01;1.485757e-02;2.563228e-02;1.717018e-01;5.416569e-02;1.022665e-01;1.360315e-01;5.715911e-02;1.144410e-01;2.915894e-02
4.989791e-02;7.394358e-02;1.372645e-01;2.979236e-02;2.760291e-02;1.553845e-01;5.596688e-02;9.275906e-02;1.130438e-01;6.342922e-02;1.367649e-01;6.415044e-02
2.420212e-02;8.089007e-02;1.604975e-01;3.822028e-02;3.789646e-02;1.417651e-01;4.949233e-02;9.089470e-02;9.625804e-02;7.472894e-02;1.234967e-01;8.165769e-02
3.515428e-02;1.070690e-01;1.158998e-01;3.048368e-02;3.021987e-02;1.402319e-01;4.206390e-02;9.960876e-02;1.346651e-01;9.505839e-02;8.966796e-02;7.987742e-02
2.177889e-02;1.369242e-01;1.459877e-01;2.882294e-02;3.238857e-02;1.541699e-01;4.098595e-02;1.044000e-01;1.125141e-01;8.720934e-02;7.848324e-02;5.633516e-02
2.395459e-02;1.396755e-01;2.012748e-01;2.718667e-02;2.208662e-02;1.894791e-01;6.391239e-02;1.084205e-01;7.095493e-02;5.837753e-02;5.736449e-02;3.731288e-02
3.516807e-02;1.232266e-01;1.841684e-01;1.871261e-02;3.037292e-02;1.809640e-01;3.817488e-02;1.094106e-01;7.666604e-02;4.680268e-02;9.535947e-02;6.097384e-02
4.680051e-02;8.335523e-02;1.520919e-01;2.298829e-02;1.986192e-02;1.409759e-01;3.744210e-02;1.220239e-01;1.018311e-01;6.413972e-02;1.568711e-01;5.161840e-02
4.629580e-02;9.481364e-02;1.604581e-01;3.008938e-02;1.981105e-02;9.497068e-02;5.796928e-02;1.149635e-01;1.183226e-01;7.750344e-02;1.539103e-01;3.089220e-02
5.237746e-02;8.795115e-02;1.825970e-01;3.527928e-02;2.132621e-02;8.706976e-02;5.579140e-02;1.168465e-01;1.136265e-01;6.569342e-02;1.310284e-01;5.041292e-02
5.914924e-02;6.196171e-02;1.780010e-01;4.548257e-02;3.414235e-02;9.241332e-02;4.920332e-02;1.365808e-01;1.150756e-01;3.375249e-02;1.405419e-01;5.369574e-02
5.352044e-02;1.192684e-01;2.040497e-01;7.261442e-02;4.927882e-02;9.841014e-02;3.151683e-02;8.946820e-02;5.311741e-02;6.650932e-02;1.177758e-01;4.447048e-02
4.336802e-02;1.707994e-01;2.695225e-01;6.204248e-02;3.166765e-02;7.754897e-02;2.165134e-02;5.672279e-02;5.895368e-02;9.408880e-02;7.411739e-02;3.951700e-02
2.970647e-02;2.486696e-01;3.307432e-01;4.263371e-02;1.400367e-02;4.279190e-02;1.701403e-02;3.260029e-02;7.846300e-02;1.033492e-01;3.720281e-02;2.282202e-02
2.087289e-02;3.505173e-01;3.265415e-01;2.311623e-02;5.899884e-03;3.255533e-02;1.123881e-02;1.466066e-02;1.046909e-01;8.394835e-02;1.625224e-02;9.705970e-03
2.068964e-02;4.292845e-01;2.404901e-01;2.190208e-02;5.640785e-03;5.817265e-02;8.561741e-03;1.215531e-02;1.244313e-01;5.587586e-02;1.329724e-02;9.498756e-03
3.123495e-02;4.628089e-01;1.858259e-01;2.008361e-02;1.244305e-02;7.657164e-02;1.238174e-02;1.263044e-02;1.343990e-01;2.539925e-02;1.865097e-02;7.570508e-03
3.799289e-02;4.624664e-01;1.590749e-01;1.998933e-02;1.210472e-02;9.834120e-02;8.971522e-03;3.578018e-02;1.353609e-01;6.799006e-03;1.843688e-02;4.682033e-03
4.121323e-02;4.323541e-01;1.445486e-01;1.806863e-02;1.669085e-02;1.012165e-01;1.645974e-02;4.592597e-02;1.426147e-01;1.459595e-02;2.362808e-02;2.683713e-03
6.030946e-02;4.004815e-01;1.077937e-01;1.292985e-02;1.980823e-02;5.984795e-02;2.445625e-02;8.396032e-02;1.672503e-01;1.785792e-02;3.662980e-02;8.674722e-03
8.986445e-02;3.802002e-01;5.089037e-02;1.052322e-02;2.146455e-02;4.259627e-02;1.994561e-02;1.197267e-01;1.982393e-01;1.732518e-02;4.317768e-02;6.046460e-03
8.722940e-02;3.866660e-01;1.094266e-01;1.282866e-02;2.217911e-02;3.677246e-02;1.835561e-02;9.823480e-02;1.619594e-01;1.560228e-02;3.918363e-02;1.156217e-02
8.246228e-02;4.353009e-01;1.163106e-01;1.653765e-02;2.798022e-02;2.307440e-02;1.366985e-02;9.042449e-02;1.271056e-01;1.641489e-02;3.598402e-02;1.473516e-02
9.567513e-02;4.524714e-01;1.383239e-01;1.775512e-02;2.343812e-02;1.770718e-02;2.409165e-02;6.925786e-02;8.600704e-02;2.336080e-02;3.275078e-02;1.916096e-02
1.080046e-01;4.687348e-01;1.539425e-01;1.590593e-02;2.571511e-02;3.089854e-02;2.463154e-02;4.783748e-02;5.599747e-02;1.773256e-02;3.009628e-02;2.050315e-02
1.049595e-01;4.390804e-01;1.843803e-01;2.132959e-02;2.750010e-02;3.479148e-02;2.336726e-02;3.619352e-02;6.651610e-02;1.813332e-02;2.415829e-02;1.959009e-02
7.926473e-02;4.373509e-01;2.035676e-01;3.705779e-02;1.625070e-02;4.730667e-02;1.338773e-02;2.313427e-02;9.066647e-02;2.022303e-02;1.897082e-02;1.281932e-02
4.618316e-02;4.109350e-01;2.245408e-01;3.021411e-02;1.078543e-02;6.550113e-02;1.223969e-02;3.647736e-02;1.028100e-01;1.934786e-02;2.946622e-02;1.149922e-02
7.498493e-02;3.981901e-01;1.331904e-01;3.441784e-02;2.100735e-02;5.314155e-02;1.083246e-02;6.909836e-02;1.112813e-01;2.108273e-02;4.783300e-02;2.493996e-02
6.847818e-02;3.990118e-01;1.674463e-01;2.427698e-02;1.471373e-02;4.044360e-02;1.463105e-02;6.474190e-02;1.072988e-01;3.191878e-02;4.215542e-02;2.488346e-02
5.998771e-02;4.365973e-01;1.875349e-01;2.163124e-02;1.092476e-02;3.653781e-02;1.617884e-02;5.375328e-02;1.051779e-01;2.664882e-02;2.196045e-02;2.306691e-02
6.604895e-02;4.557446e-01;1.602289e-01;2.778760e-02;1.682197e-02;3.358535e-02;1.265651e-02;5.563989e-02;1.121470e-01;1.614848e-02;2.671343e-02;1.647734e-02
7.587928e-02;4.199972e-01;1.866287e-01;2.084989e-02;1.566355e-02;2.994033e-02;1.323210e-02;6.349441e-02;1.146517e-01;1.115029e-02;3.564941e-02;1.286311e-02
8.650048e-02;3.650870e-01;1.246210e-01;1.984102e-02;2.381053e-02;5.800538e-02;2.052719e-02;1.035871e-01;1.229254e-01;1.602322e-02;4.247737e-02;1.659439e-02
6.694172e-02;3.283942e-01;1.161722e-01;1.955573e-02;2.994485e-02;1.102600e-01;2.476595e-02;1.257040e-01;1.129261e-01;1.986449e-02;3.300050e-02;1.247030e-02
5.733437e-02;3.287287e-01;1.912708e-01;2.139295e-02;1.875076e-02;1.136439e-01;1.687406e-02;1.262813e-01;7.068627e-02;2.590344e-02;2.317966e-02;5.953677e-03
7.267766e-02;3.132485e-01;2.553804e-01;3.282861e-02;1.842426e-02;4.714857e-02;2.669799e-02;1.111759e-01;6.096052e-02;2.190590e-02;2.582452e-02;1.372722e-02
6.050818e-02;3.023213e-01;2.548859e-01;3.439817e-02;2.349029e-02;6.476263e-02;3.444503e-02;8.633358e-02;8.215982e-02;1.957940e-02;2.635899e-02;1.075668e-02
5.082706e-02;2.937918e-01;2.264169e-01;3.019138e-02;2.281746e-02;6.153812e-02;3.081217e-02;1.229446e-01;1.030475e-01;1.779904e-02;2.825292e-02;1.156102e-02
2.928689e-02;3.098013e-01;1.290952e-01;2.301686e-02;2.684891e-02;1.379752e-01;1.916490e-02;1.420461e-01;1.156528e-01;1.747697e-02;2.811506e-02;2.151978e-02
4.844333e-02;3.490068e-01;1.675238e-01;1.796546e-02;2.202083e-02;1.024447e-01;2.609280e-02;1.045128e-01;1.006654e-01;2.042998e-02;2.512365e-02;1.577048e-02
5.084318e-02;3.851382e-01;2.300932e-01;1.845923e-02;1.770926e-02;3.753320e-02;2.206280e-02;1.048091e-01;8.503431e-02;2.235296e-02;1.665202e-02;9.312554e-03
5.051037e-02;3.542977e-01;2.060517e-01;1.231302e-02;1.487316e-02;3.807978e-02;1.662673e-02;1.315866e-01;9.327161e-02;5.198550e-02;1.547556e-02;1.492826e-02
4.852059e-02;3.337606e-01;2.465035e-01;2.008127e-02;1.011441e-02;5.368813e-02;1.806827e-02;1.048956e-01;8.131746e-02;5.474199e-02;1.468935e-02;1.361878e-02
5.753524e-02;3.609222e-01;2.283113e-01;2.547385e-02;2.083292e-02;6.123157e-02;1.913427e-02;6.979875e-02;7.790555e-02;3.732930e-02;2.827005e-02;1.325494e-02
7.083397e-02;3.584459e-01;1.333914e-01;3.940276e-02;2.918657e-02;6.523194e-02;2.488186e-02;8.903577e-02;9.564631e-02;3.097149e-02;2.992759e-02;3.304446e-02
5.343252e-02;2.454533e-01;1.696006e-01;2.344439e-02;4.209521e-02;8.626550e-02;5.121017e-02;1.088990e-01;9.415811e-02;5.256757e-02;4.330721e-02;2.956629e-02
1.138190e-01;1.509204e-01;1.273648e-01;2.579415e-02;5.266473e-02;8.492642e-02;3.987929e-02;1.553243e-01;1.059884e-01;6.073377e-02;6.144884e-02;2.113587e-02
2.069319e-01;1.372623e-01;9.182757e-02;1.774858e-02;5.600290e-02;4.355162e-02;2.746733e-02;2.040308e-01;9.227625e-02;4.760045e-02;5.929972e-02;1.600065e-02
2.949216e-01;1.002323e-01;6.802359e-02;9.865455e-03;4.753447e-02;1.503727e-02;4.409133e-02;2.632852e-01;5.506894e-02;3.300362e-02;4.233035e-02;2.660594e-02
3.212298e-01;5.684846e-02;4.519415e-02;1.355167e-02;2.872046e-02;2.813812e-02;7.208273e-02;2.798584e-01;2.734195e-02;2.956985e-02;2.448890e-02;7.297552e-02
2.360190e-01;7.176003e-02;5.769762e-02;2.617575e-02;2.053445e-02;5.013332e-02;1.245080e-01;2.102242e-01;3.073560e-02;3.837157e-02;2.181815e-02;1.120224e-01
1.562889e-01;8.769253e-02;8.079243e-02;4.024694e-02;2.565138e-02;8.328510e-02;1.643583e-01;1.366853e-01;3.112882e-02;5.145482e-02;2.400032e-02;1.184151e-01
1.065164e-01;8.892633e-02;1.113232e-01;5.523798e-02;3.720989e-02;1.027601e-01;1.498472e-01;8.954424e-02;4.607523e-02;6.200436e-02;3.877566e-02;1.117794e-01
1.205236e-01;1.738317e-01;1.297826e-01;4.052113e-02;3.168992e-02;7.227360e-02;1.034713e-01;1.024124e-01;6.814922e-02;5.641272e-02;3.434459e-02;6.658722e-02
1.640051e-01;2.329953e-01;1.109668e-01;1.434722e-02;1.933507e-02;3.483838e-02;8.924495e-02;1.552222e-01;8.426411e-02;3.243376e-02;3.111357e-02;3.123350e-02
1.836751e-01;2.515351e-01;7.915673e-02;1.968187e-02;1.795891e-02;2.826955e-02;9.985048e-02;1.665682e-01;7.040285e-02;1.858550e-02;3.572827e-02;2.858749e-02
1.754370e-01;2.556691e-01;1.363458e-01;2.089925e-02;1.497211e-02;4.411448e-02;6.703977e-02;1.407699e-01;5.874617e-02;2.270290e-02;2.139038e-02;4.191314e-02
1.766556e-01;2.319199e-01;1.345215e-01;1.673756e-02;2.672489e-02;8.265856e-02;3.091160e-02;1.394449e-01;4.094771e-02;3.827326e-02;2.053212e-02;6.067238e-02
1.876093e-01;1.225242e-01;1.309633e-01;2.220013e-02;3.296101e-02;1.137863e-01;5.688335e-02;1.483125e-01;5.910052e-02;4.974945e-02;2.207776e-02;5.383218e-02
1.498672e-01;1.263828e-01;1.318119e-01;2.477819e-02;3.254633e-02;8.333489e-02;1.199870e-01;9.622505e-02;1.214674e-01;5.498569e-02;4.010929e-02;1.850435e-02
1.233518e-01;9.887452e-02;1.224537e-01;3.892201e-02;4.983024e-02;8.082500e-02;1.184803e-01;1.039182e-01;1.200159e-01;5.661489e-02;4.349132e-02;4.322225e-02
1.286288e-01;7.225020e-02;8.023918e-02;4.865072e-02;4.327639e-02;6.032281e-02;1.191005e-01;1.731997e-01;8.230164e-02;6.481128e-02;2.474303e-02;1.024757e-01
1.125850e-01;5.410592e-02;5.168084e-02;5.715019e-02;2.542216e-02;4.626476e-02;1.684550e-01;1.714781e-01;4.268898e-02;5.531044e-02;2.636873e-02;1.884898e-01
5.944368e-02;6.259585e-02;4.336134e-02;5.193036e-02;1.860699e-02;7.757216e-02;2.167260e-01;1.000360e-01;3.023517e-02;3.791846e-02;6.246027e-02;2.391137e-01
2.731720e-02;6.445727e-02;5.569246e-02;3.522989e-02;2.926948e-02;1.097683e-01;2.130995e-01;9.096768e-02;4.806153e-02;2.817528e-02;1.043191e-01;1.936423e-01
2.723344e-02;5.707940e-02;7.683181e-02;3.255573e-02;4.355579e-02;1.122906e-01;1.839030e-01;1.413114e-01;7.814095e-02;2.391708e-02;1.195317e-01;1.036491e-01
5.490161e-02;9.445708e-02;1.026192e-01;2.584310e-02;5.530220e-02;1.405423e-01;7.446150e-02;9.004837e-02;1.002323e-01;6.053132e-02;1.383873e-01;6.267360e-02
6.282216e-02;8.046097e-02;9.847760e-02;1.944734e-02;2.742734e-02;1.983598e-01;1.268054e-01;8.959188e-02;5.978492e-02;3.413008e-02;1.520471e-01;5.064541e-02
7.595355e-02;5.913693e-02;6.792615e-02;1.393407e-02;2.237540e-02;2.417205e-01;1.258409e-01;7.531261e-02;3.952624e-02;3.509524e-02;2.032308e-01;3.994773e-02
1.042781e-01;4.990704e-02;6.445538e-02;1.193243e-02;2.723036e-02;2.971511e-01;4.894630e-02;4.688617e-02;2.897935e-02;3.297708e-02;2.560156e-01;3.124104e-02
1.068310e-01;5.260982e-02;6.638765e-02;9.644878e-03;4.149492e-02;2.974346e-01;5.722142e-02;2.829508e-02;2.698422e-02;2.981890e-02;2.461953e-01;3.708217e-02
9.414287e-02;5.727559e-02;7.072310e-02;9.176677e-03;5.839042e-02;2.872218e-01;6.514689e-02;3.502715e-02;3.523888e-02;2.578108e-02;2.211547e-01;4.072083e-02
6.772327e-02;5.917841e-02;7.557956e-02;2.111303e-02;5.557963e-02;2.678892e-01;8.474726e-02;5.194740e-02;5.010773e-02;3.615230e-02;1.832697e-01;4.671244e-02
5.949283e-02;7.945805e-02;9.051370e-02;2.557885e-02;2.828693e-02;2.513956e-01;1.104588e-01;6.124237e-02;4.982938e-02;4.818978e-02;1.490013e-01;4.655237e-02
5.427055e-02;1.105961e-01;1.061297e-01;1.685935e-02;2.230095e-02;2.334331e-01;8.139439e-02;7.509086e-02;8.065259e-02;5.055941e-02;1.014062e-01;6.730675e-02
5.543906e-02;9.756565e-02;1.008807e-01;2.334965e-02;2.275648e-02;2.589326e-01;7.901491e-02;8.770094e-02;8.649958e-02;4.412715e-02;8.056816e-02;6.316514e-02
6.172313e-02;7.887966e-02;9.569658e-02;2.399421e-02;3.449411e-02;3.067332e-01;5.838003e-02;1.022471e-01;6.595729e-02;3.740985e-02;8.538546e-02;4.909937e-02
6.039346e-02;9.052949e-02;3.957823e-02;2.678992e-02;4.033740e-02;3.289334e-01;7.918595e-02;1.454084e-01;4.339585e-02;4.845557e-02;5.510306e-02;4.188935e-02
3.835769e-02;9.511524e-02;8.419888e-02;2.064356e-02;2.026814e-02;3.277126e-01;6.067795e-02;1.691280e-01;6.473567e-02;4.494526e-02;4.467941e-02;2.953757e-02
2.906052e-02;9.151674e-02;9.526651e-02;2.884813e-02;4.422941e-02;3.446444e-01;5.258175e-02;1.410545e-01;5.224361e-02;3.520389e-02;5.499290e-02;3.035759e-02
5.045019e-02;1.025066e-01;8.829181e-02;4.102756e-02;4.595412e-02;3.613386e-01;3.243493e-02;1.311633e-01;6.350689e-02;2.427324e-02;3.117882e-02;2.787393e-02
4.517000e-02;1.129796e-01;1.065293e-01;2.355916e-02;2.447926e-02;3.558465e-01;4.862089e-02;1.240009e-01;7.390820e-02;1.556618e-02;3.619090e-02;3.314913e-02
3.642928e-02;1.057339e-01;1.036314e-01;1.479735e-02;3.364153e-02;3.430138e-01;5.738309e-02;1.193823e-01;8.495746e-02;1.448409e-02;5.872113e-02;2.782470e-02
3.172391e-02;5.422732e-02;1.083059e-01;1.641206e-02;2.405083e-02;2.749370e-01;8.637621e-02;1.768155e-01;1.002199e-01;3.329030e-02;5.635408e-02;3.728693e-02
3.717010e-02;8.034544e-02;9.212921e-02;1.419728e-02;4.235062e-02;2.601413e-01;8.994920e-02;1.315031e-01;7.756082e-02;3.831655e-02;8.120535e-02;5.513098e-02
5.573518e-02;1.189881e-01;9.082264e-02;2.167780e-02;3.085831e-02;2.287810e-01;1.051747e-01;1.046849e-01;5.467999e-02;2.914229e-02;1.180754e-01;4.137961e-02
6.098633e-02;8.761365e-02;6.057609e-02;3.123696e-02;2.901087e-02;2.231941e-01;8.429474e-02;1.591849e-01;6.449655e-02;3.323236e-02;1.185170e-01;4.765646e-02
8.160722e-02;5.015503e-02;2.907230e-02;3.230828e-02;2.096109e-02;2.522958e-01;5.231018e-02;1.813646e-01;6.265540e-02;4.771502e-02;1.379327e-01;5.162243e-02
1.143512e-01;3.526800e-02;4.472176e-02;2.362120e-02;5.209601e-02;2.690345e-01;7.723136e-02;9.684217e-02;5.622103e-02;4.048770e-02;1.373702e-01;5.275482e-02
1.172611e-01;5.408920e-02;7.099560e-02;1.874478e-02;4.883729e-02;2.763461e-01;5.577368e-02;6.441146e-02;6.364535e-02;4.017742e-02;1.235293e-01;6.618870e-02
8.529761e-02;1.051110e-01;8.036719e-02;2.336571e-02;3.981641e-02;2.817514e-01;5.852896e-02;1.006771e-01;5.701331e-02;5.342910e-02;8.274367e-02;3.189851e-02
4.658744e-02;1.248711e-01;1.031692e-01;2.328591e-02;3.712846e-02;2.546136e-01;8.114019e-02;1.400910e-01;6.584619e-02;5.299427e-02;4.271898e-02;2.755369e-02
3.424738e-02;7.489607e-02;1.806070e-01;2.121622e-02;4.769343e-02;2.227043e-01;4.957184e-02;1.728685e-01;7.633564e-02;4.693301e-02;3.297801e-02;3.994858e-02
2.833288e-02;1.442894e-01;2.580397e-01;2.589743e-02;4.334200e-02;1.895625e-01;2.339306e-02;1.018917e-01;7.707086e-02;5.990367e-02;2.408460e-02;2.419217e-02
2.550108e-02;2.593657e-01;3.223580e-01;2.196239e-02;2.332043e-02;1.218947e-01;1.503367e-02;6.483638e-02;6.715970e-02;5.255732e-02;1.472851e-02;1.128209e-02
2.664699e-02;3.526066e-01;3.399146e-01;1.455281e-02;1.385429e-02;8.853661e-02;1.147275e-02;4.184479e-02;5.338731e-02;3.365240e-02;8.724994e-03;1.480589e-02
2.983987e-02;4.096134e-01;3.363113e-01;1.192564e-02;1.018141e-02;8.481350e-02;1.680518e-02;2.972641e-02;3.971209e-02;1.386573e-02;5.888416e-03;1.131711e-02
3.490359e-02;4.116560e-01;3.420804e-01;1.705947e-02;8.824450e-03;7.936525e-02;1.845560e-02;2.112708e-02;3.260591e-02;1.772850e-02;1.061432e-02;5.579444e-03
3.216289e-02;4.057887e-01;3.427851e-01;1.071029e-02;1.155007e-02;8.959711e-02;1.707930e-02;2.104502e-02;3.384255e-02;1.501724e-02;1.316408e-02;7.257718e-03
2.986402e-02;3.975570e-01;3.466749e-01;1.431284e-02;1.067155e-02;8.111446e-02;6.185111e-03;2.340966e-02;5.190508e-02;1.696306e-02;1.258200e-02;8.760330e-03
2.924193e-02;4.063253e-01;3.378407e-01;2.103681e-02;9.696717e-03;7.006359e-02;6.807471e-03;1.694984e-02;6.252165e-02;1.289380e-02;1.383360e-02;1.278870e-02
3.760181e-02;4.180105e-01;2.816340e-01;3.698586e-02;1.107401e-02;6.810337e-02;1.350994e-02;2.114808e-02;5.806797e-02;1.518856e-02;1.883053e-02;1.984530e-02
5.115446e-02;4.954171e-01;1.635862e-01;4.179062e-02;1.427543e-02;7.951922e-02;1.440546e-02;3.448914e-02;4.623148e-02;1.152152e-02;2.058354e-02;2.702577e-02
4.358888e-02;4.555532e-01;2.654815e-01;2.541317e-02;8.093808e-03;7.008082e-02;1.831170e-02;3.278880e-02;3.683448e-02;7.742898e-03;1.829951e-02;1.781123e-02
4.562455e-02;4.549660e-01;3.077815e-01;1.588572e-02;4.210148e-03;6.418490e-02;1.306723e-02;2.538756e-02;3.291653e-02;8.195847e-03;1.668995e-02;1.109011e-02
4.106857e-02;4.566433e-01;3.176682e-01;1.718280e-02;3.500473e-03;7.169705e-02;9.963510e-03;1.912124e-02;3.254988e-02;6.654978e-03;1.447517e-02;9.474827e-03
3.071641e-02;4.589415e-01;3.098217e-01;1.654113e-02;3.800010e-03;6.501988e-02;1.920906e-02;2.694063e-02;3.842235e-02;1.087449e-02;1.089290e-02;8.819907e-03
2.891548e-02;4.621416e-01;3.222846e-01;1.996403e-02;3.733242e-03;5.503971e-02;1.501860e-02;2.136280e-02;3.784892e-02;1.063066e-02;9.638689e-03;1.342157e-02
3.085061e-02;4.696929e-01;3.297766e-01;1.723171e-02;4.187892e-03;4.949284e-02;1.175436e-02;1.450112e-02;3.587160e-02;8.569221e-03;1.073305e-02;1.733810e-02
3.112767e-02;4.551026e-01;3.144044e-01;2.135246e-02;1.100542e-02;7.115508e-02;1.038265e-02;2.103826e-02;3.318908e-02;7.991479e-03;7.499916e-03;1.575102e-02
2.718389e-02;3.988660e-01;2.998188e-01;3.233728e-02;1.883867e-02;7.233336e-02;3.498099e-02;4.782747e-02;3.656402e-02;1.142318e-02;5.504236e-03;1.432212e-02
4.405401e-02;3.780388e-01;2.721395e-01;4.208973e-02;1.900086e-02;5.558348e-02;5.188005e-02;6.022600e-02;4.109652e-02;2.156016e-02;3.599169e-03;1.073175e-02
7.305242e-02;3.974457e-01;2.228502e-01;3.584247e-02;1.308067e-02;3.526835e-02;6.449120e-02;5.367555e-02;4.694232e-02;3.956308e-02;8.042332e-03;9.745687e-03
1.123732e-01;3.437962e-01;1.591658e-01;2.409594e-02;1.235302e-02;3.752840e-02;1.013744e-01;5.613477e-02;4.808868e-02;8.373182e-02;1.571552e-02;5.642347e-03
1.395423e-01;3.345625e-01;5.899210e-02;1.052760e-02;1.842356e-02;4.144473e-02;1.466110e-01;4.558337e-02;3.992428e-02;1.267158e-01;2.193654e-02;1.573625e-02
1.366502e-01;3.453515e-01;1.320820e-01;9.315376e-03;1.656564e-02;4.877732e-02;1.204739e-01;2.938253e-02;2.779210e-02;1.001404e-01;1.981067e-02;1.365834e-02
1.275206e-01;3.650818e-01;1.714372e-01;1.259933e-02;1.029936e-02;4.751139e-02;1.075655e-01;2.515064e-02;2.136425e-02;7.675964e-02;1.559845e-02;1.911180e-02
8.705974e-02;4.139467e-01;2.256984e-01;1.661152e-02;7.738494e-03;3.279987e-02;7.894639e-02;2.519989e-02;2.184939e-02;7.132955e-02;6.904724e-03;1.191539e-02
6.815974e-02;4.472528e-01;2.245196e-01;1.462754e-02;4.079591e-03;2.539160e-02;8.489206e-02;2.534320e-02;2.019715e-02;7.201332e-02;4.914421e-03;8.609029e-03
8.265965e-02;4.372901e-01;1.544142e-01;8.871838e-03;1.676275e-02;4.706839e-02;1.255957e-01;4.049852e-02;2.237902e-02;4.739142e-02;6.517844e-03;1.055059e-02
1.038424e-01;4.576778e-01;5.321122e-02;6.820032e-03;4.545094e-02;6.466933e-02;1.387510e-01;5.379090e-02;3.426161e-02;2.877575e-02;6.408606e-03;6.340354e-03
9.757923e-02;4.339523e-01;1.414070e-01;1.176293e-02;6.150311e-02;3.815882e-02;6.834771e-02;7.190969e-02;3.422252e-02;2.724184e-02;6.120633e-03;7.794308e-03
1.038903e-01;3.999712e-01;1.700229e-01;1.124319e-02;7.563006e-02;2.549247e-02;1.688013e-02;1.233705e-01;2.963551e-02;2.083192e-02;8.375386e-03;1.465641e-02
1.109452e-01;3.001075e-01;1.698794e-01;1.309525e-02;8.005702e-02;2.375166e-02;1.594195e-02;1.922920e-01;4.652315e-02;1.912526e-02;1.009321e-02;1.818839e-02
1.290404e-01;1.971366e-01;2.014361e-01;1.111883e-02;6.742819e-02;2.018267e-02;2.041974e-02;2.308338e-01;7.652950e-02;2.157813e-02;1.101031e-02;1.328578e-02
1.756986e-01;1.592310e-01;1.924003e-01;1.562920e-02;6.093020e-02;1.821806e-02;2.390387e-02;2.214558e-01;7.864072e-02;2.439235e-02;2.005785e-02;9.442020e-03
2.350190e-01;1.412269e-01;1.830979e-01;1.858277e-02;7.982348e-02;1.662149e-02;1.485722e-02;2.046192e-01;5.663501e-02;1.577251e-02;2.846230e-02;5.282291e-03
2.860478e-01;1.241085e-01;1.864924e-01;1.436709e-02;9.132172e-02;9.199996e-03;1.661759e-02;1.955824e-01;2.881375e-02;1.279504e-02;2.935712e-02;5.296616e-03
3.223152e-01;1.183939e-01;1.750676e-01;1.469493e-02;8.737223e-02;9.588680e-03;1.708542e-02;1.909531e-01;1.426642e-02;1.060848e-02;2.653909e-02;1.311483e-02
3.285921e-01;1.261054e-01;1.650945e-01;1.514022e-02;7.160590e-02;9.287901e-03;1.755098e-02;2.097438e-01;1.720074e-02;7.394319e-03;1.813354e-02;1.415059e-02
3.088807e-01;1.388521e-01;1.538586e-01;1.501573e-02;5.654599e-02;1.142685e-02;2.754257e-02;2.360582e-01;1.995736e-02;8.990184e-03;9.678529e-03;1.319318e-02
2.507993e-01;1.536457e-01;1.422987e-01;1.274740e-02;3.903821e-02;2.418006e-02;6.254419e-02;2.380987e-01;2.077335e-02;8.089749e-03;7.240593e-03;4.054401e-02
1.888617e-01;1.711677e-01;1.398770e-01;1.242097e-02;2.627872e-02;3.344637e-02;1.138284e-01;2.062112e-01;2.727739e-02;1.251223e-02;1.141709e-02;5.670127e-02
1.485061e-01;1.655689e-01;1.073605e-01;1.978856e-02;2.587650e-02;3.893542e-02;1.864835e-01;1.753336e-01;3.939701e-02;1.775608e-02;7.513497e-03;6.748031e-02
1.209796e-01;1.364763e-01;8.689888e-02;2.180163e-02;2.383153e-02;6.511659e-02;2.297744e-01;1.704093e-01;4.668192e-02;2.232694e-02;1.167135e-02;6.403147e-02
1.342687e-01;1.356445e-01;1.003472e-01;1.844993e-02;2.414432e-02;8.878703e-02;1.784207e-01;1.600140e-01;4.927461e-02;4.306483e-02;1.447266e-02;5.311149e-02
1.935828e-01;1.465164e-01;1.387184e-01;2.659346e-02;2.796294e-02;7.782283e-02;9.023213e-02;1.020989e-01;5.940070e-02;5.459961e-02;2.200868e-02;6.046308e-02
1.921879e-01;1.561978e-01;1.490982e-01;3.681445e-02;3.227554e-02;6.929965e-02;6.125596e-02;1.113123e-01;5.473431e-02;5.630745e-02;1.606163e-02;6.445485e-02
1.525250e-01;1.649821e-01;1.331549e-01;4.178188e-02;3.131202e-02;9.652055e-02;5.707559e-02;8.125784e-02;5.148054e-02;7.155414e-02;2.405112e-02;9.430435e-02
1.487292e-01;1.689510e-01;7.876001e-02;3.342286e-02;2.989654e-02;1.004192e-01;6.487629e-02;1.129280e-01;5.103802e-02;7.288466e-02;2.800726e-02;1.100869e-01
1.478594e-01;2.263860e-01;9.844163e-02;2.316785e-02;2.176621e-02;8.974420e-02;4.514609e-02;1.049856e-01;5.648392e-02;5.340282e-02;2.436887e-02;1.082473e-01
1.727492e-01;2.770102e-01;1.719847e-01;1.580247e-02;2.179804e-02;6.420563e-02;3.725214e-02;6.079819e-02;3.902689e-02;3.404107e-02;2.012856e-02;8.520301e-02
2.117097e-01;2.277327e-01;1.954898e-01;1.155452e-02;2.055851e-02;5.110744e-02;8.550452e-02;7.073020e-02;2.377369e-02;2.519676e-02;1.207030e-02;6.457184e-02
1.990317e-01;2.175702e-01;1.122278e-01;2.136079e-02;2.193362e-02;5.808915e-02;1.139439e-01;1.324173e-01;2.513104e-02;2.940524e-02;8.200521e-03;6.068872e-02
1.503969e-01;2.024799e-01;6.118007e-02;4.137437e-02;2.950142e-02;5.891510e-02;1.193524e-01;1.620048e-01;3.139473e-02;4.262781e-02;1.895178e-02;8.182063e-02
1.441801e-01;2.191692e-01;9.234086e-02;5.848060e-02;2.743338e-02;3.131007e-02;9.770089e-02;1.237943e-01;3.336946e-02;4.012723e-02;2.340835e-02;1.086855e-01
1.558950e-01;2.430967e-01;5.472868e-02;5.438593e-02;2.157038e-02;4.100463e-02;9.769779e-02;1.184217e-01;4.448622e-02;3.567814e-02;3.806046e-02;9.497438e-02
1.463694e-01;2.859560e-01;9.930470e-02;3.040661e-02;2.132040e-02;4.493705e-02;6.789508e-02;1.143195e-01;5.195562e-02;2.403885e-02;4.243959e-02;7.105727e-02
1.383514e-01;3.251255e-01;1.339042e-01;1.982748e-02;1.871135e-02;5.222679e-02;1.909262e-02;9.361242e-02;5.982786e-02;3.113064e-02;3.737317e-02;7.081649e-02
1.201201e-01;3.241842e-01;1.108419e-01;2.131481e-02;1.166216e-02;7.802078e-02;2.671583e-02;9.048819e-02;7.859594e-02;3.470879e-02;4.115988e-02;6.218735e-02
9.344038e-02;3.068979e-01;1.203837e-01;2.846908e-02;2.279628e-02;7.635942e-02;2.937401e-02;1.161792e-01;9.486751e-02;4.115552e-02;2.936564e-02;4.071138e-02
1.082794e-01;2.845187e-01;1.637202e-01;3.183850e-02;2.830316e-02;5.403794e-02;2.789501e-02;1.120584e-01;9.545115e-02;4.565466e-02;2.451126e-02;2.373167e-02
1.266235e-01;2.252191e-01;1.762588e-01;1.998247e-02;2.664084e-02;6.372340e-02;4.993296e-02;9.553219e-02;1.185839e-01;4.721236e-02;2.300720e-02;2.728333e-02
1.349703e-01;2.307439e-01;1.012503e-01;1.776497e-02;3.139309e-02;5.996475e-02;6.157447e-02;1.160512e-01;1.282927e-01;4.213508e-02;3.625460e-02;3.960468e-02
1.067568e-01;2.088496e-01;9.419779e-02;2.437767e-02;4.035545e-02;1.084439e-01;4.656722e-02;1.396068e-01;1.087328e-01;3.776310e-02;4.055957e-02;4.378916e-02
8.765175e-02;1.575918e-01;1.452022e-01;2.373720e-02;4.370899e-02;1.419123e-01;2.550392e-02;1.029468e-01;8.264790e-02;4.305023e-02;8.142702e-02;6.461989e-02
7.561307e-02;1.086490e-01;1.352935e-01;2.403945e-02;5.841986e-02;1.470168e-01;9.120563e-02;6.989770e-02;8.234752e-02;3.498222e-02;8.898187e-02;8.355331e-02
6.184845e-02;8.810461e-02;1.445602e-01;1.907959e-02;7.097664e-02;1.507616e-01;1.260048e-01;3.829376e-02;7.717190e-02;4.020525e-02;1.027126e-01;8.028058e-02
7.214265e-02;9.837311e-02;1.989323e-01;1.692177e-02;5.344148e-02;2.113687e-01;5.299658e-02;4.786932e-02;4.738083e-02;3.759565e-02;1.157666e-01;4.721098e-02
7.959288e-02;9.386188e-02;1.885411e-01;3.805987e-02;3.426070e-02;2.592316e-01;4.087815e-02;4.477638e-02;4.375383e-02;3.289022e-02;1.119090e-01;3.224434e-02
6.105809e-02;1.034764e-01;1.132200e-01;1.017838e-01;4.560651e-02;2.556669e-01;5.957177e-02;4.731449e-02;5.778890e-02;3.707029e-02;9.726606e-02;2.017680e-02
3.773373e-02;1.382591e-01;7.339691e-02;1.575021e-01;8.495471e-02;1.929474e-01;6.842680e-02;5.444760e-02;7.021631e-02;5.196620e-02;5.869528e-02;1.145392e-02
2.724489e-02;1.588725e-01;7.024810e-02;1.422420e-01;1.507740e-01;1.400169e-01;5.611265e-02;7.629344e-02;7.739256e-02;6.723749e-02;1.706409e-02;1.650139e-02
2.946449e-02;1.390101e-01;5.620022e-02;8.978247e-02;2.282863e-01;8.774962e-02;4.475268e-02;8.314499e-02;1.036092e-01;8.943025e-02;2.529924e-02;2.327044e-02
2.897599e-02;1.159595e-01;7.699638e-02;8.101016e-02;2.618198e-01;6.369297e-02;3.294946e-02;7.083154e-02;1.136941e-01;9.971095e-02;2.673317e-02;2.762598e-02
2.529163e-02;1.006888e-01;1.156790e-01;8.515958e-02;2.155738e-01;1.048089e-01;2.781068e-02;7.483955e-02;1.128463e-01;8.573122e-02;2.352246e-02;2.804812e-02
3.453419e-02;9.755011e-02;1.105300e-01;1.080290e-01;1.721049e-01;9.578214e-02;4.588867e-02;9.144862e-02;1.306403e-01;6.849878e-02;2.336215e-02;2.163118e-02
3.724567e-02;9.446575e-02;8.034134e-02;9.266641e-02;1.388159e-01;1.192522e-01;4.422478e-02;1.221512e-01;1.676959e-01;5.568139e-02;2.908451e-02;1.837493e-02
6.087478e-02;9.989876e-02;5.368276e-02;4.573860e-02;9.941480e-02;1.401974e-01;3.734584e-02;1.483997e-01;2.132514e-01;5.190682e-02;2.497896e-02;2.431021e-02
8.627634e-02;1.435093e-01;7.397807e-02;1.651324e-02;5.636969e-02;1.575047e-01;2.052593e-02;1.200854e-01;2.259622e-01;4.613084e-02;2.066820e-02;3.247613e-02
8.545568e-02;1.463593e-01;6.857648e-02;2.368757e-02;4.048972e-02;1.616847e-01;5.031113e-02;1.190758e-01;2.045265e-01;5.626136e-02;2.428681e-02;1.928498e-02
6.802490e-02;1.398813e-01;5.289859e-02;4.685784e-02;6.879279e-02;1.602425e-01;4.794719e-02;1.100440e-01;1.963415e-01;6.269833e-02;2.696390e-02;1.930709e-02
4.217985e-02;1.479691e-01;8.980175e-02;4.541667e-02;7.896231e-02;9.951569e-02;3.540318e-02;1.295774e-01;2.174094e-01;7.468949e-02;1.858883e-02;2.048634e-02
4.947988e-02;1.300410e-01;8.939347e-02;4.218961e-02;7.389521e-02;6.213532e-02;2.175720e-02;1.556384e-01;2.406657e-01;8.391760e-02;2.927596e-02;2.161068e-02
5.517421e-02;1.113072e-01;4.559574e-02;4.145513e-02;9.997593e-02;5.668948e-02;3.655365e-02;1.433547e-01;2.460044e-01;9.736851e-02;3.619561e-02;3.032544e-02
5.238482e-02;1.223044e-01;3.770046e-02;4.366497e-02;1.042041e-01;4.559946e-02;3.886247e-02;1.212925e-01;2.454852e-01;1.212326e-01;4.678146e-02;2.048767e-02
4.873794e-02;1.125618e-01;3.912533e-02;3.966318e-02;8.308074e-02;8.072948e-02;2.375565e-02;1.362603e-01;2.360195e-01;1.198431e-01;5.100954e-02;2.921343e-02
4.750224e-02;9.624796e-02;4.880069e-02;2.721610e-02;6.415157e-02;1.267603e-01;5.687131e-02;1.489323e-01;1.943991e-01;1.021338e-01;5.482605e-02;3.215852e-02
3.503002e-02;1.146742e-01;1.080172e-01;5.277422e-02;9.832332e-02;1.221067e-01;5.667330e-02;1.456458e-01;1.107533e-01;7.949313e-02;3.931344e-02;3.719541e-02
2.326336e-02;1.083145e-01;1.042768e-01;7.059906e-02;1.470765e-01;1.056065e-01;4.769234e-02;1.145753e-01;1.439854e-01;8.195335e-02;2.066783e-02;3.198889e-02
3.650866e-02;8.782560e-02;5.681387e-02;6.708916e-02;1.817909e-01;1.151480e-01;4.128193e-02;9.183178e-02;1.808820e-01;1.065098e-01;1.677864e-02;1.753975e-02
4.116323e-02;7.475199e-02;3.961546e-02;5.822316e-02;1.803014e-01;1.062529e-01;3.471614e-02;9.207636e-02;1.886370e-01;1.382743e-01;3.013344e-02;1.585466e-02
3.562295e-02;6.939873e-02;2.999699e-02;5.318949e-02;1.790343e-01;1.306463e-01;1.791921e-02;1.142820e-01;1.803835e-01;1.339839e-01;3.206529e-02;2.347731e-02
3.214097e-02;6.217068e-02;2.983072e-02;5.615084e-02;1.859220e-01;1.642664e-01;2.980593e-02;1.235319e-01;1.579121e-01;1.238832e-01;1.701820e-02;1.736704e-02
2.280649e-02;6.228245e-02;4.511379e-02;6.244955e-02;1.916022e-01;1.412547e-01;2.300882e-02;1.244666e-01;1.601515e-01;1.393254e-01;1.692487e-02;1.061355e-02
3.054214e-02;6.789961e-02;3.024176e-02;5.458282e-02;1.941967e-01;7.519138e-02;1.063961e-02;1.253626e-01;2.036548e-01;1.740467e-01;1.421704e-02;1.942497e-02
2.894967e-02;7.150267e-02;3.582563e-02;6.108007e-02;1.948147e-01;5.980415e-02;1.859702e-02;1.083148e-01;2.146167e-01;1.711926e-01;1.365594e-02;2.164603e-02
3.102660e-02;9.109187e-02;3.561160e-02;6.088771e-02;2.045928e-01;8.193622e-02;1.507038e-02;7.921528e-02;2.103282e-01;1.482349e-01;2.191275e-02;2.009163e-02
2.576870e-02;9.705569e-02;4.386015e-02;5.477630e-02;2.181836e-01;6.758828e-02;1.466185e-02;9.393032e-02;2.101943e-01;1.432892e-01;2.072290e-02;9.968559e-03
1.668669e-02;7.170963e-02;4.134967e-02;5.451813e-02;2.405001e-01;5.867873e-02;1.185501e-02;8.915706e-02;2.310134e-01;1.509012e-01;2.049851e-02;1.313184e-02
2.122402e-02;5.980058e-02;3.426600e-02;5.809252e-02;2.217913e-01;5.293104e-02;1.915717e-02;9.378637e-02;2.494033e-01;1.431806e-01;2.406503e-02;2.230219e-02
1.983082e-02;6.139418e-02;3.289800e-02;4.524843e-02;1.656230e-01;7.705630e-02;1.540589e-02;1.559926e-01;2.736396e-01;1.123962e-01;2.165064e-02;1.886436e-02
2.073056e-02;8.816160e-02;7.852238e-02;1.670940e-02;1.231207e-01;9.979229e-02;1.943271e-02;2.145371e-01;2.513089e-01;5.885934e-02;1.718850e-02;1.163661e-02
2.714548e-02;1.099352e-01;8.224592e-02;3.326141e-02;1.220559e-01;1.134499e-01;2.470413e-02;1.720692e-01;2.364937e-01;4.823035e-02;1.453852e-02;1.587023e-02
3.912450e-02;9.377271e-02;6.300594e-02;4.376993e-02;1.095259e-01;9.113235e-02;6.434882e-02;1.416343e-01;2.439468e-01;5.796029e-02;2.090488e-02;3.087358e-02
4.191396e-02;1.008089e-01;7.622541e-02;3.083160e-02;9.847526e-02;6.807456e-02;6.843038e-02;1.401534e-01;2.370096e-01;6.514231e-02;3.799858e-02;3.493597e-02
3.207644e-02;1.102233e-01;9.678706e-02;4.605565e-02;1.132825e-01;7.123423e-02;3.877194e-02;1.385994e-01;2.071652e-01;7.822814e-02;3.988368e-02;2.769250e-02
3.098958e-02;1.114258e-01;7.273786e-02;3.535686e-02;1.231673e-01;6.604790e-02;2.325575e-02;1.548386e-01;2.318250e-01;8.531113e-02;3.923435e-02;2.580975e-02
3.522201e-02;1.060348e-01;3.840304e-02;2.689870e-02;1.287420e-01;5.610058e-02;2.282994e-02;1.699929e-01;2.578503e-01;9.384795e-02;3.829774e-02;2.578016e-02
2.801549e-02;1.072513e-01;7.001715e-02;3.329248e-02;1.260551e-01;1.181640e-01;1.501487e-02;1.156551e-01;1.793282e-01;1.153500e-01;4.146639e-02;5.038984e-02
3.262995e-02;8.775015e-02;9.015030e-02;4.614258e-02;1.029659e-01;1.192077e-01;2.435044e-02;1.243528e-01;1.507258e-01;1.147716e-01;4.551252e-02;6.144033e-02
2.776781e-02;7.242761e-02;6.583638e-02;4.841355e-02;1.050929e-01;1.147747e-01;2.666908e-02;1.138617e-01;2.394635e-01;1.059389e-01;3.679221e-02;4.296172e-02
