1.119345e-01;8.009953e-02;2.699398e-02;3.380344e-02;5.254602e-02;4.905905e-02;2.182237e-01;1.592538e-01;2.971112e-02;5.608819e-02;1.338393e-01;4.844727e-02
1.392899e-01;1.099123e-01;2.929688e-02;2.544366e-02;5.723590e-02;6.603697e-02;2.195530e-01;1.256347e-01;3.910041e-02;4.505774e-02;9.460317e-02;4.883540e-02
1.846050e-01;7.347888e-02;2.477916e-02;3.414900e-02;4.511112e-02;1.315031e-01;1.630304e-01;1.286798e-01;6.117475e-02;4.965372e-02;7.645944e-02;2.737551e-02
1.702553e-01;2.509341e-02;4.480711e-02;3.537853e-02;4.509012e-02;1.366328e-01;1.724460e-01;9.348863e-02;1.019688e-01;6.390420e-02;7.742242e-02;3.351266e-02
1.221702e-01;2.320984e-02;6.621721e-02;3.597338e-02;7.625958e-02;8.354265e-02;1.504778e-01;6.760646e-02;1.621343e-01;3.716758e-02;8.634104e-02;8.889992e-02
8.273643e-02;2.881580e-02;7.531125e-02;3.601101e-02;8.061757e-02;4.973302e-02;1.283813e-01;6.939844e-02;2.167439e-01;1.578615e-02;9.352043e-02;1.229446e-01
1.111882e-01;2.482952e-02;6.989894e-02;3.477607e-02;4.911591e-02;6.812047e-02;1.207085e-01;7.651059e-02;2.325941e-01;3.505749e-02;6.774087e-02;1.094592e-01
1.137940e-01;1.984573e-02;6.336037e-02;2.075799e-02;7.405670e-02;6.401304e-02;1.309917e-01;1.044009e-01;2.216025e-01;4.044757e-02;7.325218e-02;7.347738e-02
1.012043e-01;2.381161e-02;5.440610e-02;2.493040e-02;8.022217e-02;4.967150e-02;1.563638e-01;8.374889e-02;1.678321e-01;2.942889e-02;1.770439e-01;5.133626e-02
8.462992e-02;4.959032e-02;4.292214e-02;3.239208e-02;5.249325e-02;4.422091e-02;1.587372e-01;7.354818e-02;1.066160e-01;2.791234e-02;2.918961e-01;3.504154e-02
5.556012e-02;1.076296e-01;4.711937e-02;3.002575e-02;1.511172e-02;4.251750e-02;1.294316e-01;1.148902e-01;4.584356e-02;3.428631e-02;3.540899e-01;2.349433e-02
9.617575e-02;1.267994e-01;6.614953e-02;2.648701e-02;5.055248e-02;5.920373e-02;1.501509e-01;1.006673e-01;2.270951e-02;3.251663e-02;2.423816e-01;2.620616e-02
1.311476e-01;9.634931e-02;8.651917e-02;3.727622e-02;8.388081e-02;8.571663e-02;1.671106e-01;1.038413e-01;3.267200e-02;2.851751e-02;1.228416e-01;2.412724e-02
1.467311e-01;1.030045e-01;7.592168e-02;4.404287e-02;9.314851e-02;1.060606e-01;2.123611e-01;1.011776e-01;3.125685e-02;2.239228e-02;3.931112e-02;2.459180e-02
1.496214e-01;5.152638e-02;5.156916e-02;3.175866e-02;8.666663e-02;1.470791e-01;2.908081e-01;4.554902e-02;4.814633e-02;1.276536e-02;6.834783e-02;1.616201e-02
1.248832e-01;4.793637e-02;4.168179e-02;3.041879e-02;5.212712e-02;1.378355e-01;3.001764e-01;4.996019e-02;3.281546e-02;1.549263e-02;1.437615e-01;2.291098e-02
1.003509e-01;6.022627e-02;4.385521e-02;2.565030e-02;4.636538e-02;1.346213e-01;3.186680e-01;6.116416e-02;2.471511e-02;2.041090e-02;1.432263e-01;2.074607e-02
1.858428e-01;1.029132e-01;5.308647e-02;5.441261e-02;5.048889e-02;1.122113e-01;1.795750e-01;7.144442e-02;2.286491e-02;1.383587e-02;1.080403e-01;4.528419e-02
2.430829e-01;9.922399e-02;5.816571e-02;4.601074e-02;2.609444e-02;6.976537e-02;1.771266e-01;9.091634e-02;1.461869e-02;1.244705e-02;1.196073e-01;4.294081e-02
2.974256e-01;9.081007e-02;4.671529e-02;2.113398e-02;1.312913e-02;6.526349e-02;2.398129e-01;9.085054e-02;5.284568e-03;1.039388e-02;9.154240e-02;2.763813e-02
2.663161e-01;2.052418e-01;2.077511e-02;2.468227e-02;1.086400e-02;5.790056e-02;2.647021e-01;1.010046e-01;3.198496e-03;8.819641e-03;2.477972e-02;1.171557e-02
1.788555e-01;3.001932e-01;1.583712e-02;2.255533e-02;1.466511e-02;4.079219e-02;2.563720e-01;1.286131e-01;2.324646e-03;4.936554e-03;2.869188e-02;6.163424e-03
1.071406e-01;3.270600e-01;4.659792e-02;8.995386e-03;1.716620e-02;2.770602e-02;2.338441e-01;1.786352e-01;4.755803e-03;3.707319e-03;3.125276e-02;1.313877e-02
4.734787e-02;2.668310e-01;1.024206e-01;3.168557e-02;1.441158e-02;3.016538e-02;1.796935e-01;2.488281e-01;1.094805e-02;5.434873e-03;3.131517e-02;3.091825e-02
3.178796e-02;1.466720e-01;1.280071e-01;1.302054e-01;1.468519e-02;3.617891e-02;1.373516e-01;2.709236e-01;3.726453e-02;8.536032e-03;1.816530e-02;4.022244e-02
6.211349e-02;2.828281e-02;7.409894e-02;2.583669e-01;5.460086e-02;2.996740e-02;1.250810e-01;1.934061e-01;7.073194e-02;2.987364e-02;4.490789e-02;2.856891e-02
6.175224e-02;4.029394e-02;2.988302e-02;2.113892e-01;1.537339e-01;2.296875e-02;1.151891e-01;8.259911e-02;7.564685e-02;7.097970e-02;1.185516e-01;1.701260e-02
4.206702e-02;5.095531e-02;3.235784e-02;2.960221e-02;1.971066e-01;7.605035e-02;1.015496e-01;5.850421e-02;4.437907e-02;7.295408e-02;2.848155e-01;9.658370e-03
3.818157e-02;3.469500e-02;6.140333e-02;4.752409e-02;1.076536e-01;1.403392e-01;9.982169e-02;4.551211e-02;2.264685e-02;3.664407e-02;3.597682e-01;5.810268e-03
7.725362e-02;2.228330e-02;6.632280e-02;3.923484e-02;4.024935e-02;1.473833e-01;1.951805e-01;2.510512e-02;1.764072e-02;1.590304e-02;3.384911e-01;1.495227e-02
1.081505e-01;2.239511e-02;3.451278e-02;8.253866e-02;3.223134e-02;7.661819e-02;3.206314e-01;4.940163e-02;1.312054e-02;1.004007e-02;2.243493e-01;2.601043e-02
1.358129e-01;2.126683e-02;1.025021e-02;1.273758e-01;2.815091e-02;3.296860e-02;3.637664e-01;1.258020e-01;4.825086e-03;1.005947e-02;1.112303e-01;2.849144e-02
1.763759e-01;2.798910e-02;5.057742e-03;1.194715e-01;1.354448e-02;2.641992e-02;3.146727e-01;2.247058e-01;3.360384e-03;8.759466e-03;5.773976e-02;2.190314e-02
2.049166e-01;4.015629e-02;4.126542e-03;6.199463e-02;2.161231e-02;2.153765e-02;2.230012e-01;3.628420e-01;2.849820e-03;6.113633e-03;3.850497e-02;1.234443e-02
1.978197e-01;5.054722e-02;6.310004e-03;2.773365e-02;5.691647e-02;1.383640e-02;1.533948e-01;4.386880e-01;5.740568e-03;3.705475e-03;3.870353e-02;6.604061e-03
2.146605e-01;7.038874e-02;4.828003e-03;1.624965e-02;9.226361e-02;9.469881e-03;7.167672e-02;4.538245e-01;1.659772e-02;4.169623e-03;4.059063e-02;5.280395e-03
2.554838e-01;7.860066e-02;5.681560e-03;1.727984e-03;1.202765e-01;1.411442e-02;2.515136e-02;4.455698e-01;2.465752e-02;4.268209e-03;2.005068e-02;4.417434e-03
2.486832e-01;6.975632e-02;6.198272e-03;4.270808e-03;1.077909e-01;1.490272e-02;4.580528e-02;4.620928e-01;2.458457e-02;4.505013e-03;7.307084e-03;4.103040e-03
2.253651e-01;5.426147e-02;4.121329e-03;4.592770e-03;7.907314e-02;1.405568e-02;7.480336e-02;5.079976e-01;1.686196e-02;5.079898e-03;8.689921e-03;5.097741e-03
2.008302e-01;4.203437e-02;4.608299e-03;1.827154e-02;5.107718e-02;1.793811e-02;1.416871e-01;4.735894e-01;1.046686e-02;7.061783e-03;1.928574e-02;1.314948e-02
1.667424e-01;3.863573e-02;5.599592e-03;3.896157e-02;3.466087e-02;2.736126e-02;2.582280e-01;3.562848e-01;6.791393e-03;1.636438e-02;2.223065e-02;2.813942e-02
1.191166e-01;2.953831e-02;5.697386e-03;6.090939e-02;2.362922e-02;3.446093e-02;3.841777e-01;2.299030e-01;4.270325e-03;2.593932e-02;3.279736e-02;4.956035e-02
8.946086e-02;2.507873e-02;6.817827e-03;5.534536e-02;1.723909e-02;4.630795e-02;4.125138e-01;1.728369e-01;5.723598e-03;2.269307e-02;8.222034e-02;6.376261e-02
1.104793e-01;2.427582e-02;1.398160e-02;3.151564e-02;1.611161e-02;7.236812e-02;2.959208e-01;1.318139e-01;1.571896e-02;1.726102e-02;2.111712e-01;5.938207e-02
1.345850e-01;5.182904e-02;2.293525e-02;3.056224e-02;2.156521e-02;8.529539e-02;1.466838e-01;1.208966e-01;2.226724e-02;2.640597e-02;2.997022e-01;3.727202e-02
6.799923e-02;9.168383e-02;3.173498e-02;3.047178e-02;3.487067e-02;8.121841e-02;2.164717e-01;2.017405e-01;2.194623e-02;5.598085e-02;1.453002e-01;2.058175e-02
1.541940e-01;6.606919e-02;1.627530e-02;2.591594e-02;3.649314e-02;2.884009e-02;7.051021e-02;1.323184e-01;1.272347e-02;5.693240e-02;3.598385e-01;3.988935e-02
1.303204e-01;4.097049e-02;2.625648e-02;2.853420e-02;4.673887e-02;2.616313e-02;9.210189e-02;1.083770e-01;2.380799e-02;5.842473e-02;3.712475e-01;4.705722e-02
5.031504e-02;6.108588e-02;5.059806e-02;4.956236e-02;4.128179e-02;4.367028e-02;1.790167e-01;2.449907e-01;4.644690e-02;4.732605e-02;1.538089e-01;3.189739e-02
5.774394e-02;9.693006e-02;5.921913e-02;3.764346e-02;1.972750e-02;4.482017e-02;1.990205e-01;3.076356e-01;3.210277e-02;3.371087e-02;7.240609e-02;3.903989e-02
2.715198e-02;2.002915e-01;5.758269e-02;1.711071e-02;1.461575e-02;3.605207e-02;2.394586e-01;2.991618e-01;1.953253e-02;2.234169e-02;3.220525e-02;3.449547e-02
6.977247e-02;2.684828e-01;3.242039e-02;7.872648e-03;1.397297e-02;3.208727e-02;2.738927e-01;2.199990e-01;2.346784e-02;1.162029e-02;3.318171e-02;1.322987e-02
1.180256e-01;2.819980e-01;1.498553e-02;6.035874e-03;1.188045e-02;4.590485e-02;2.802667e-01;1.739786e-01;2.691788e-02;9.874733e-03;2.486887e-02;5.262877e-03
2.046902e-01;2.420116e-01;7.580360e-03;1.336402e-02;1.319279e-02;7.811952e-02;2.432721e-01;1.331533e-01;2.086487e-02;1.541889e-02;2.337347e-02;4.958857e-03
2.927656e-01;1.558294e-01;1.682756e-02;2.267023e-02;2.027937e-02;1.291400e-01;2.006597e-01;8.332777e-02;1.771715e-02;2.053336e-02;3.091367e-02;9.336170e-03
2.825736e-01;2.085876e-02;3.943242e-02;2.415574e-02;4.103301e-02;1.530840e-01;2.453255e-01;9.608516e-02;2.282790e-02;1.627643e-02;4.104292e-02;1.730464e-02
1.610743e-01;5.792303e-02;5.061181e-02;1.787301e-02;6.555229e-02;1.062166e-01;2.842206e-01;1.303947e-01;2.649911e-02;1.977677e-02;5.548095e-02;2.437680e-02
7.520113e-02;3.965826e-02;6.805169e-02;1.476702e-02;1.007742e-01;9.442348e-02;2.730709e-01;1.464414e-01;3.957687e-02;2.930800e-02;6.828392e-02;5.044306e-02
1.613603e-01;7.256314e-02;4.190947e-02;2.032876e-02;7.858489e-02;6.684956e-02;1.900938e-01;1.173038e-01;4.120924e-02;2.976307e-02;1.288855e-01;5.114849e-02
1.960311e-01;5.235595e-02;5.715875e-02;1.821838e-02;7.581866e-02;6.628677e-02;1.964860e-01;9.066385e-02;4.971372e-02;3.308990e-02;1.078515e-01;5.632539e-02
2.541746e-01;3.068821e-02;8.713656e-02;4.470994e-02;6.800880e-02;7.458697e-02;1.718589e-01;3.939266e-02;6.403729e-02;4.300034e-02;7.541669e-02;4.698898e-02
2.797984e-01;5.034599e-02;5.228826e-02;2.268449e-02;4.751221e-02;1.038101e-01;2.230246e-01;6.207733e-02;5.661738e-02;5.696558e-02;1.812943e-02;2.674628e-02
2.705140e-01;7.269996e-02;9.634271e-03;4.208178e-02;2.149941e-02;1.045931e-01;2.640407e-01;9.858163e-02;3.032648e-02;4.392743e-02;2.994746e-02;1.215379e-02
3.003504e-01;8.740689e-02;1.491132e-02;5.890980e-02;1.587780e-02;1.017207e-01;2.731377e-01;7.530792e-02;1.453536e-02;2.871499e-02;2.358581e-02;5.541306e-03
3.451259e-01;9.428506e-02;1.161016e-02;6.204731e-02;1.834661e-02;9.927394e-02;2.636397e-01;5.656828e-02;9.065703e-03;2.051476e-02;9.869291e-03;9.653240e-03
3.939663e-01;7.841252e-02;9.402550e-03;4.700754e-02;1.796145e-02;1.051250e-01;2.494551e-01;5.090014e-02;9.842698e-03;1.941946e-02;6.261619e-03;1.224568e-02
3.982892e-01;7.055621e-02;1.928689e-02;4.188200e-02;1.664807e-02;1.041756e-01;2.342981e-01;4.779823e-02;1.389855e-02;2.043707e-02;2.121668e-02;1.151333e-02
3.361067e-01;5.784506e-02;3.103231e-02;3.231784e-02;2.154436e-02;9.968663e-02;2.150578e-01;4.755854e-02;2.312597e-02;2.092417e-02;8.744179e-02;2.735888e-02
2.076197e-01;6.865030e-02;3.716637e-02;1.947258e-02;3.302798e-02;8.963029e-02;2.042455e-01;4.727932e-02;3.141223e-02;2.032893e-02;1.808564e-01;6.031036e-02
1.400518e-01;9.294976e-02;3.186589e-02;2.052568e-02;3.187669e-02;6.589271e-02;1.504786e-01;6.890473e-02;3.137268e-02;1.771769e-02;2.723202e-01;7.604351e-02
2.660855e-01;1.095614e-01;2.728508e-02;1.740597e-02;1.910395e-02;4.651222e-02;8.955856e-02;6.319766e-02;2.258608e-02;2.191499e-02;2.587365e-01;5.805196e-02
2.690080e-01;1.569571e-01;4.200713e-02;2.233312e-02;2.099271e-02;6.619888e-02;1.917826e-01;3.933823e-02;1.183765e-02;2.234638e-02;1.388482e-01;1.834997e-02
7.593516e-02;1.558881e-01;6.309724e-02;3.198449e-02;2.509353e-02;8.025959e-02;2.430793e-01;6.970372e-02;2.287748e-02;2.258225e-02;1.737285e-01;3.577058e-02
1.408786e-01;1.053074e-01;5.178127e-02;1.739450e-02;2.389943e-02;7.584992e-02;2.162303e-01;1.041342e-01;2.224271e-02;1.961610e-02;1.898097e-01;3.285589e-02
7.170537e-02;1.043212e-01;4.606762e-02;4.151697e-02;4.134793e-02;7.533085e-02;1.828847e-01;1.057386e-01;2.639880e-02;3.009445e-02;2.483142e-01;2.627936e-02
1.754543e-01;1.100315e-01;5.455828e-02;6.326332e-02;3.380539e-02;7.182577e-02;1.171646e-01;9.746003e-02;3.751291e-02;3.424719e-02;1.740592e-01;3.061741e-02
1.028770e-01;1.015758e-01;5.750763e-02;7.025305e-02;7.035764e-02;8.559994e-02;1.346780e-01;1.571081e-01;4.684846e-02;5.597729e-02;8.716664e-02;3.005047e-02
9.471553e-02;1.090391e-01;4.860716e-02;7.673501e-02;6.986102e-02;9.325990e-02;1.440397e-01;1.479416e-01;4.335218e-02;5.255393e-02;9.812168e-02;2.177319e-02
9.396818e-02;1.121182e-01;3.653208e-02;7.728165e-02;6.276746e-02;9.724835e-02;1.717219e-01;1.538794e-01;3.146842e-02;4.223151e-02;1.025251e-01;1.825778e-02
1.706188e-01;1.477884e-01;2.359070e-02;2.371775e-02;2.693780e-02;7.455464e-02;1.972811e-01;1.504840e-01;2.024401e-02;1.750620e-02;1.280984e-01;1.917831e-02
1.458597e-01;1.830828e-01;2.697739e-02;9.309025e-03;3.447900e-02;8.860326e-02;1.987560e-01;1.567350e-01;1.643129e-02;1.884091e-02;1.104222e-01;1.050342e-02
2.028876e-01;1.964316e-01;2.074121e-02;1.295335e-02;2.405763e-02;9.980726e-02;1.834654e-01;1.294634e-01;2.213754e-02;2.451803e-02;7.627980e-02;7.257076e-03
2.958454e-01;1.712735e-01;1.630310e-02;1.469510e-02;1.635370e-02;1.097964e-01;1.674466e-01;1.076511e-01;3.536394e-02;3.588908e-02;2.344407e-02;5.938028e-03
2.787869e-01;8.086998e-02;2.419194e-02;1.203078e-02;2.001344e-02;9.492473e-02;1.712302e-01;1.075861e-01;4.251001e-02;4.278987e-02;1.156897e-01;9.376292e-03
1.699858e-01;5.978350e-02;2.550671e-02;1.351074e-02;2.615443e-02;6.981112e-02;1.911227e-01;1.727592e-01;4.384907e-02;3.602554e-02;1.815207e-01;9.970566e-03
2.316027e-01;1.355245e-01;2.044002e-02;1.187312e-02;2.525110e-02;5.003564e-02;1.747250e-01;1.538109e-01;4.684480e-02;2.210302e-02;1.166178e-01;1.117143e-02
2.814375e-01;1.421357e-01;3.242168e-02;1.855590e-02;3.532176e-02;7.067677e-02;1.393380e-01;8.600122e-02;5.861896e-02;3.041517e-02;8.525316e-02;1.982421e-02
2.745532e-01;9.198669e-02;5.444302e-02;2.367261e-02;5.536275e-02;9.991459e-02;1.146448e-01;3.883085e-02;8.587475e-02;2.908086e-02;1.022387e-01;2.939715e-02
2.047355e-01;3.191813e-02;7.424548e-02;2.396301e-02;7.682009e-02;1.235305e-01;1.332735e-01;3.433840e-02;1.244655e-01;2.719239e-02;1.015945e-01;4.392307e-02
1.443799e-01;2.906743e-02;7.899444e-02;2.420827e-02;8.386736e-02;1.126051e-01;1.281435e-01;4.011275e-02;1.332221e-01;5.656066e-02;1.097219e-01;5.911661e-02
1.421240e-01;4.686859e-02;6.855344e-02;2.410693e-02;8.312973e-02;7.957023e-02;1.576510e-01;6.756153e-02;1.059093e-01;6.391428e-02;1.003013e-01;6.030965e-02
1.701566e-01;3.520239e-02;4.925273e-02;1.959595e-02;6.807490e-02;8.308140e-02;2.047210e-01;6.731269e-02;7.474442e-02;5.961201e-02;1.240280e-01;4.421789e-02
1.391271e-01;4.257020e-02;3.937180e-02;2.583163e-02;5.697037e-02;8.985712e-02;1.896985e-01;3.056601e-02;5.389524e-02;4.119812e-02;2.601245e-01;3.078940e-02
7.377750e-02;6.300668e-02;3.619972e-02;2.164506e-02;4.282133e-02;7.686143e-02;2.011462e-01;8.432731e-02;4.996330e-02;2.713968e-02;3.015566e-01;2.155511e-02
9.528304e-02;7.482401e-02;4.166789e-02;2.119319e-02;2.497414e-02;8.164463e-02;1.912349e-01;1.243439e-01;3.360566e-02;4.232502e-02;2.463185e-01;2.258507e-02
1.672397e-01;1.164084e-01;6.076125e-02;2.265614e-02;3.705847e-02;9.453887e-02;1.287626e-01;1.218444e-01;2.892033e-02;4.664969e-02;1.433180e-01;3.184221e-02
1.084658e-01;9.999491e-02;5.915464e-02;2.714168e-02;4.211027e-02;7.438930e-02;1.031890e-01;8.896489e-02;2.766982e-02;2.803729e-02;3.109185e-01;2.996394e-02
1.338179e-01;7.242745e-02;5.837685e-02;2.946507e-02;3.660968e-02;7.355311e-02;7.845198e-02;7.482503e-02;2.253166e-02;3.667422e-02;3.533742e-01;2.989297e-02
1.453581e-01;5.737182e-02;3.581696e-02;4.455052e-02;2.720369e-02;3.940725e-02;1.300897e-01;1.085936e-01;4.826514e-02;7.045877e-02;2.363193e-01;5.656528e-02
1.124863e-01;3.944942e-02;2.792238e-02;5.552428e-02;1.714228e-02;4.145445e-02;1.465148e-01;1.447527e-01;7.997468e-02;9.702992e-02;1.688586e-01;6.889009e-02
1.007227e-01;4.402163e-02;3.284597e-02;5.691246e-02;2.459892e-02;5.551188e-02;1.740885e-01;1.252166e-01;9.837887e-02;7.778434e-02;1.598841e-01;5.003396e-02
4.658893e-02;1.121857e-01;3.197879e-02;3.598260e-02;3.232609e-02;4.955893e-02;2.094580e-01;1.713974e-01;5.909853e-02;4.763017e-02;1.815529e-01;2.224210e-02
1.205085e-01;1.405697e-01;2.393306e-02;2.023872e-02;2.204554e-02;5.755928e-02;2.284037e-01;1.675459e-01;1.962943e-02;5.352541e-02;1.245000e-01;2.154069e-02
1.989737e-01;1.533736e-01;1.781094e-02;2.474777e-02;1.930051e-02;8.631136e-02;2.365810e-01;1.288847e-01;1.124336e-02;5.606919e-02;5.018174e-02;1.652225e-02
2.007591e-01;1.285941e-01;1.688051e-02;2.329797e-02;2.984760e-02;1.202508e-01;1.875612e-01;1.119262e-01;1.138496e-02;4.419306e-02;1.101038e-01;1.520071e-02
1.323550e-01;9.100205e-02;1.601337e-02;1.759513e-02;3.129473e-02;1.370142e-01;2.585939e-01;1.343386e-01;8.266067e-03;2.661251e-02;1.327568e-01;1.415751e-02
1.675915e-01;4.016881e-02;1.293270e-02;1.563104e-02;2.954864e-02;1.490453e-01;3.516226e-01;1.230240e-01;7.059472e-03;2.385975e-02;7.120816e-02;8.308070e-03
1.932037e-01;3.373276e-02;1.386101e-02;1.537618e-02;3.364678e-02;1.830564e-01;3.584681e-01;9.939738e-02;1.105962e-02;1.796626e-02;3.468048e-02;5.551295e-03
2.002884e-01;2.028144e-02;1.398278e-02;1.463510e-02;3.376645e-02;1.855821e-01;3.632585e-01;9.753639e-02;1.003496e-02;1.886609e-02;3.346141e-02;8.306346e-03
2.084840e-01;3.045790e-02;1.288543e-02;1.359321e-02;3.097828e-02;1.789905e-01;3.717003e-01;1.089475e-01;8.268594e-03;2.093667e-02;9.860689e-03;4.896943e-03
1.991400e-01;3.549725e-02;9.607683e-03;1.296464e-02;3.148746e-02;1.836315e-01;3.711645e-01;9.402847e-02;6.569772e-03;2.083102e-02;2.955792e-02;5.519769e-03
1.961334e-01;2.397672e-02;7.315015e-03;1.233610e-02;3.270761e-02;1.884779e-01;3.833880e-01;1.001516e-01;5.187841e-03;2.585746e-02;1.949165e-02;4.976726e-03
1.886409e-01;3.104864e-02;6.336615e-03;1.650133e-02;3.130411e-02;1.695184e-01;3.896208e-01;1.144511e-01;6.913267e-03;2.845217e-02;1.171535e-02;5.497368e-03
2.131090e-01;4.820574e-02;6.757620e-03;1.580880e-02;2.834327e-02;1.513268e-01;3.597004e-01;1.170849e-01;8.693985e-03;2.549051e-02;1.839627e-02;7.082735e-03
2.546652e-01;5.250712e-02;9.313553e-03;1.179307e-02;2.724078e-02;1.486329e-01;3.405395e-01;7.283993e-02;1.283248e-02;2.021957e-02;4.155843e-02;7.857504e-03
2.686810e-01;3.217404e-02;1.893720e-02;1.147105e-02;3.692076e-02;1.515867e-01;3.393633e-01;6.218353e-02;1.896218e-02;1.664645e-02;3.183403e-02;1.123986e-02
1.869903e-01;3.745180e-02;3.223307e-02;1.661657e-02;5.362089e-02;1.404487e-01;3.267562e-01;5.938849e-02;3.100479e-02;1.698839e-02;7.652175e-02;2.197903e-02
6.136331e-02;4.776365e-02;4.104121e-02;2.679156e-02;7.057668e-02;1.252204e-01;2.791613e-01;5.718246e-02;3.582162e-02;1.580958e-02;2.084934e-01;3.077486e-02
1.371970e-01;5.361904e-02;3.444989e-02;2.340436e-02;5.803775e-02;7.809500e-02;1.948094e-01;4.562925e-02;1.855252e-02;1.220076e-02;3.122763e-01;3.172869e-02
1.432686e-01;7.967309e-02;3.995987e-02;2.495711e-02;3.174846e-02;4.141864e-02;1.281178e-01;4.409086e-02;8.970682e-03;1.678231e-02;4.221754e-01;1.883718e-02
6.689706e-02;9.665789e-02;4.457396e-02;3.286594e-02;2.801644e-02;3.427470e-02;1.067273e-01;3.398129e-02;1.255129e-02;2.433798e-02;5.105512e-01;8.564987e-03
5.527303e-02;1.104796e-01;4.771405e-02;3.633585e-02;3.604156e-02;4.010407e-02;1.150593e-01;5.407307e-02;1.123650e-02;2.224976e-02;4.579423e-01;1.349082e-02
6.845249e-02;1.354055e-01;5.527490e-02;3.430280e-02;3.668077e-02;2.568297e-02;1.049253e-01;6.823658e-02;1.240458e-02;2.326506e-02;4.235529e-01;1.181616e-02
1.059971e-01;1.436627e-01;5.733690e-02;2.796893e-02;3.311712e-02;4.113590e-02;7.440145e-02;5.766502e-02;1.173526e-02;2.067461e-02;4.112600e-01;1.504499e-02
1.198809e-01;1.214251e-01;4.839916e-02;2.173796e-02;3.604450e-02;4.713609e-02;1.072491e-01;5.049489e-02;1.899442e-02;2.006480e-02;3.806488e-01;2.792425e-02
1.542776e-01;7.920076e-02;5.008611e-02;2.057938e-02;5.148672e-02;6.841398e-02;1.342831e-01;7.351293e-02;2.806761e-02;2.547806e-02;2.687446e-01;4.586924e-02
2.252339e-01;7.293031e-02;3.102811e-02;1.798267e-02;4.924681e-02;8.461936e-02;2.183554e-01;6.200599e-02;4.176079e-02;2.239497e-02;1.239453e-01;5.049625e-02
2.847170e-01;8.191156e-02;2.051621e-02;1.377655e-02;3.285217e-02;8.591866e-02;2.527398e-01;6.273893e-02;3.054067e-02;1.737150e-02;8.754058e-02;2.937632e-02
2.415270e-01;1.014103e-01;1.716878e-02;9.952719e-03;2.481523e-02;8.872275e-02;3.044195e-01;1.102680e-01;1.814521e-02;1.981775e-02;5.434166e-02;9.411084e-03
1.351941e-01;1.484898e-01;1.717986e-02;8.503309e-03;1.306488e-02;7.284968e-02;3.648224e-01;1.756835e-01;1.826272e-02;1.297045e-02;2.877326e-02;4.206068e-03
7.653788e-02;1.821160e-01;1.833401e-02;6.314685e-03;8.738492e-03;5.030760e-02;3.759350e-01;2.351243e-01;1.795029e-02;6.626737e-03;1.884125e-02;3.173719e-03
4.758288e-02;1.885048e-01;2.377685e-02;6.778946e-03;8.750920e-03;3.091715e-02;3.520625e-01;2.950660e-01;1.575238e-02;6.937950e-03;1.760970e-02;6.259941e-03
1.282110e-02;1.633814e-01;4.091648e-02;8.979194e-03;5.230299e-03;1.855212e-02;3.135252e-01;3.706385e-01;2.517548e-02;1.156115e-02;1.667318e-02;1.254580e-02
1.137201e-02;1.090281e-01;5.968430e-02;9.827366e-03;3.709716e-03;1.686488e-02;2.703820e-01;4.233618e-01;4.113872e-02;1.723456e-02;1.807385e-02;1.932275e-02
1.337736e-02;6.041671e-02;6.148043e-02;1.219241e-02;4.827736e-03;2.355256e-02;2.634261e-01;4.689112e-01;4.393940e-02;1.772032e-02;1.044035e-02;1.971538e-02
1.236478e-02;5.205221e-02;4.664970e-02;1.758499e-02;8.455283e-03;3.617637e-02;2.669537e-01;4.858456e-01;3.009949e-02;1.780711e-02;1.131384e-02;1.469691e-02
1.931083e-02;3.685855e-02;4.742011e-02;3.943648e-02;1.433896e-02;3.098030e-02;2.282599e-01;4.824462e-01;4.476018e-02;2.842498e-02;1.866108e-02;9.102493e-03
3.940348e-02;3.610788e-02;4.641899e-02;1.010687e-01;2.021783e-02;2.336158e-02;1.263497e-01;4.176721e-01;1.153834e-01;4.474071e-02;2.286033e-02;6.415304e-03
3.420788e-02;3.226255e-02;2.225254e-02;1.147833e-01;1.920063e-02;1.124761e-02;1.344478e-01;3.486965e-01;1.485585e-01;5.382873e-02;7.450238e-02;6.011442e-03
3.571530e-02;2.241082e-02;2.253686e-02;9.392892e-02;2.348836e-02;9.367655e-03;1.398452e-01;3.210308e-01;1.335749e-01;6.487554e-02;1.282173e-01;5.008262e-03
3.335939e-02;1.607732e-02;4.277368e-02;6.288073e-02;2.942834e-02;1.234305e-02;1.424061e-01;2.775360e-01;1.008885e-01;8.599625e-02;1.928449e-01;3.465741e-03
3.294740e-02;1.830914e-02;6.111798e-02;3.828635e-02;3.040492e-02;2.159409e-02;1.265783e-01;2.383780e-01;6.476420e-02;1.133949e-01;2.469466e-01;7.278138e-03
2.477232e-02;2.236697e-02;5.321819e-02;2.068450e-02;3.330893e-02;3.323159e-02;1.036208e-01;1.991564e-01;4.986310e-02;1.220312e-01;3.279587e-01;9.787199e-03
3.724308e-02;2.209011e-02;4.561700e-02;1.776051e-02;4.281759e-02;3.799533e-02;7.607541e-02;1.630300e-01;4.885035e-02;1.271718e-01;3.788239e-01;2.524967e-03
3.390196e-02;1.570964e-02;4.136589e-02;1.597345e-02;5.040765e-02;4.107590e-02;7.602386e-02;1.402307e-01;3.663491e-02;1.308112e-01;4.126946e-01;5.170296e-03
2.575362e-02;1.397420e-02;4.539388e-02;1.731821e-02;5.197646e-02;4.243195e-02;7.465769e-02;1.247145e-01;3.664814e-02;1.275760e-01;4.335207e-01;6.034548e-03
2.559752e-02;7.253343e-03;5.832294e-02;2.162962e-02;5.469284e-02;4.359037e-02;8.553672e-02;1.193071e-01;4.169770e-02;1.217456e-01;4.123502e-01;8.276097e-03
2.465581e-02;1.530413e-02;6.610513e-02;2.159264e-02;4.807764e-02;3.701827e-02;1.171716e-01;1.510431e-01;5.092179e-02;1.224715e-01;3.385983e-01;7.039917e-03
3.629518e-02;1.058413e-02;6.646813e-02;3.046506e-02;3.650462e-02;2.389277e-02;1.428354e-01;1.932866e-01;5.224959e-02;1.048964e-01;2.999453e-01;2.576843e-03
4.611967e-02;6.890690e-03;6.251173e-02;5.086810e-02;3.123956e-02;1.276666e-02;1.553287e-01;2.626002e-01;6.820695e-02;8.209589e-02;2.165477e-01;4.824180e-03
5.797336e-02;1.341755e-02;4.188050e-02;6.482448e-02;2.034271e-02;1.173119e-02;1.485299e-01;3.489620e-01;8.733013e-02;6.625582e-02;1.355900e-01;3.162334e-03
4.876556e-02;3.636493e-02;3.216795e-02;5.972461e-02;1.636118e-02;1.519176e-02;1.614280e-01;4.145833e-01;8.769332e-02;5.406510e-02;7.018120e-02;3.473183e-03
3.111811e-02;6.091406e-02;2.846971e-02;3.498911e-02;1.484793e-02;3.206566e-02;2.646207e-01;4.146548e-01;5.858171e-02;3.510264e-02;1.577677e-02;8.858832e-03
5.285959e-02;8.620057e-02;2.560732e-02;2.080971e-02;1.348018e-02;4.625437e-02;3.382727e-01;3.209587e-01;2.990540e-02;2.471409e-02;3.036687e-02;1.057054e-02
8.037784e-02;1.030793e-01;2.213210e-02;1.790276e-02;1.848037e-02;5.439375e-02;3.545111e-01;2.551960e-01;2.083388e-02;2.184882e-02;4.518139e-02;6.062707e-03
1.131381e-01;6.749774e-02;2.338028e-02;3.224315e-02;3.326195e-02;5.905015e-02;1.888130e-01;3.663749e-01;3.377138e-02;3.209156e-02;4.355273e-02;6.824993e-03
7.648665e-02;8.373366e-02;2.965795e-02;4.707281e-02;2.992120e-02;6.229519e-02;2.145151e-01;2.775361e-01;2.985902e-02;4.065277e-02;9.025210e-02;1.801749e-02
8.260154e-02;1.076171e-01;4.130333e-02;6.161758e-02;3.837498e-02;5.397400e-02;2.991325e-01;5.788228e-02;3.129665e-02;5.403313e-02;1.410329e-01;3.113407e-02
7.715047e-02;5.951906e-02;3.116440e-02;2.464638e-02;2.993584e-02;5.341100e-02;2.393550e-01;2.822234e-01;2.974647e-02;4.500824e-02;1.092215e-01;1.861823e-02
9.352402e-02;5.525416e-02;6.041164e-02;4.066074e-02;6.145129e-02;1.096350e-01;1.795334e-01;1.590482e-01;6.024264e-02;5.474439e-02;9.863205e-02;2.686254e-02
8.045390e-02;1.014343e-01;7.284172e-02;3.259604e-02;7.270226e-02;1.052769e-01;1.566903e-01;1.493173e-01;7.183754e-02;4.288580e-02;7.941599e-02;3.454791e-02
1.119018e-01;1.740420e-01;4.891635e-02;3.269063e-02;5.775527e-02;6.652754e-02;1.301345e-01;1.741977e-01;6.071759e-02;4.970157e-02;6.026612e-02;3.314899e-02
2.295809e-01;2.023117e-01;2.270870e-02;1.741360e-02;2.425294e-02;3.209675e-02;1.636577e-01;1.362401e-01;2.455401e-02;3.540568e-02;9.510993e-02;1.666802e-02
2.442932e-01;1.938210e-01;2.733170e-02;1.481738e-02;1.269258e-02;3.470235e-02;1.946858e-01;1.217787e-01;2.443256e-02;2.535691e-02;9.727139e-02;8.816514e-03
2.553076e-01;1.857205e-01;3.268329e-02;2.162358e-02;1.179222e-02;4.581832e-02;2.195998e-01;1.069737e-01;2.824782e-02;2.218989e-02;6.476361e-02;5.279693e-03
3.214381e-01;1.486206e-01;2.858015e-02;3.067113e-02;1.760843e-02;6.436369e-02;2.222013e-01;8.449288e-02;2.671905e-02;2.533735e-02;2.206846e-02;7.898756e-03
3.758280e-01;8.151744e-02;2.437534e-02;2.573104e-02;2.371454e-02;8.190506e-02;1.975142e-01;4.552647e-02;3.366653e-02;3.109946e-02;6.855582e-02;1.056605e-02
3.657746e-01;5.157324e-02;2.075204e-02;2.220740e-02;2.736194e-02;9.315974e-02;2.159101e-01;7.960688e-02;4.603134e-02;3.102120e-02;3.729669e-02;9.304855e-03
3.667243e-01;5.349353e-02;1.448012e-02;2.125208e-02;3.263627e-02;1.067702e-01;2.315215e-01;6.197509e-02;4.802955e-02;2.693927e-02;2.803281e-02;8.145359e-03
3.173227e-01;5.709924e-02;1.627957e-02;2.283565e-02;4.409768e-02;1.186772e-01;2.368084e-01;4.746368e-02;5.961530e-02;4.381576e-02;2.420354e-02;1.178130e-02
2.142295e-01;2.614113e-02;2.373547e-02;3.031751e-02;5.093743e-02;1.407080e-01;2.639702e-01;6.520151e-02;7.255412e-02;5.160782e-02;4.566490e-02;1.493244e-02
1.109371e-01;5.753980e-02;3.072166e-02;3.548312e-02;4.495817e-02;1.309132e-01;2.837923e-01;6.119255e-02;7.543103e-02;2.948150e-02;1.271959e-01;1.235363e-02
4.767470e-02;6.692132e-02;2.951738e-02;3.463009e-02;5.488072e-02;1.239814e-01;3.208001e-01;7.572152e-02;7.365895e-02;1.874891e-02;1.384366e-01;1.502832e-02
1.048175e-01;4.590248e-02;2.845946e-02;2.449378e-02;5.450421e-02;1.229448e-01;3.186727e-01;7.120770e-02;4.847423e-02;2.256269e-02;1.409258e-01;1.703465e-02
1.001461e-01;3.541420e-02;2.695902e-02;2.326273e-02;5.003611e-02;1.032627e-01;2.733988e-01;1.046957e-01;4.757741e-02;3.921570e-02;1.763953e-01;1.963622e-02
8.593970e-02;7.901485e-02;5.101974e-02;2.843172e-02;4.210574e-02;7.789308e-02;1.973570e-01;1.267404e-01;5.907842e-02;7.111846e-02;1.627815e-01;1.851935e-02
7.280168e-02;1.291779e-01;7.635977e-02;5.468418e-02;4.719444e-02;7.267970e-02;1.076389e-01;1.754624e-01;7.775576e-02;9.606330e-02;5.647861e-02;3.370335e-02
1.032858e-01;1.251235e-01;6.674162e-02;8.606686e-02;2.953437e-02;4.773563e-02;1.331346e-01;1.541325e-01;6.548788e-02;9.774641e-02;7.009769e-02;2.091324e-02
1.181742e-01;1.021013e-01;6.242550e-02;9.534179e-02;3.186486e-02;5.538026e-02;1.322153e-01;1.446781e-01;7.923950e-02;9.079210e-02;5.979888e-02;2.798835e-02
1.057654e-01;1.074541e-01;6.932072e-02;5.471690e-02;4.240419e-02;5.732551e-02;1.200542e-01;1.325059e-01;1.150234e-01;7.171293e-02;7.507402e-02;4.864267e-02
8.263233e-02;1.035333e-01;5.734029e-02;4.555797e-02;5.474541e-02;4.854550e-02;1.533029e-01;1.393046e-01;1.045259e-01;9.564809e-02;7.780667e-02;3.705690e-02
7.084329e-02;8.207990e-02;6.155103e-02;7.995123e-02;8.882243e-02;6.676353e-02;1.552812e-01;1.522530e-01;6.851370e-02;9.666118e-02;5.015237e-02;2.712714e-02
9.375881e-02;1.381433e-01;6.268748e-02;9.197458e-02;9.063099e-02;6.409445e-02;9.977514e-02;1.593602e-01;6.049743e-02;7.157182e-02;4.937494e-02;1.813083e-02
1.239457e-01;1.651683e-01;3.839933e-02;2.454647e-02;3.670179e-02;4.890141e-02;1.623960e-01;2.122660e-01;3.449081e-02;4.145279e-02;8.588275e-02;2.584868e-02
1.275084e-01;1.565356e-01;3.191584e-02;1.366199e-02;2.868691e-02;5.509850e-02;2.188054e-01;1.999201e-01;2.519851e-02;3.292229e-02;8.464899e-02;2.509762e-02
1.549237e-01;1.301933e-01;2.232642e-02;2.116592e-02;2.779392e-02;8.522932e-02;2.253589e-01;1.691429e-01;3.437146e-02;4.150749e-02;6.848715e-02;1.949955e-02
2.165391e-01;7.671333e-02;1.082264e-02;2.670012e-02;2.445375e-02;1.336461e-01;2.062598e-01;1.417909e-01;4.026438e-02;5.967984e-02;4.297486e-02;2.015509e-02
2.657825e-01;1.692274e-02;5.723015e-03;2.596335e-02;1.960412e-02;1.812279e-01;1.791763e-01;1.671267e-01;3.437910e-02;7.384349e-02;1.915530e-02;1.109549e-02
2.435834e-01;4.325160e-02;6.462540e-03;2.229522e-02;1.803007e-02;1.708419e-01;1.902132e-01;1.856933e-01;4.132164e-02;6.338917e-02;1.092998e-02;3.987963e-03
2.529925e-01;6.209775e-02;1.778644e-02;2.012835e-02;2.606343e-02;1.578753e-01;1.799977e-01;1.521557e-01;4.192251e-02;5.543831e-02;2.662199e-02;6.920014e-03
2.970769e-01;7.731765e-02;3.542129e-02;1.794531e-02;4.347648e-02;1.559543e-01;1.527979e-01;8.206291e-02;4.274625e-02;4.730544e-02;3.460491e-02;1.329069e-02
3.216491e-01;6.397298e-02;5.737667e-02;1.929324e-02;5.455149e-02;1.420085e-01;1.542671e-01;3.635501e-02;4.219976e-02;4.449352e-02;4.404676e-02;1.978585e-02
3.268448e-01;3.230346e-02;6.199322e-02;1.155723e-02;5.606516e-02;1.176012e-01;1.794479e-01;4.899523e-02;4.913790e-02;3.783684e-02;5.852829e-02;1.968875e-02
3.731347e-01;3.475014e-02;4.649437e-02;1.467464e-02;4.754385e-02;1.118260e-01;1.851610e-01;3.913153e-02;4.872724e-02;2.607583e-02;5.492944e-02;1.755127e-02
4.114888e-01;3.663317e-02;2.757748e-02;1.283165e-02;3.860701e-02;9.809057e-02;1.814055e-01;4.139598e-02;4.989875e-02;3.038943e-02;5.906750e-02;1.261414e-02
4.759750e-01;2.962825e-02;1.602656e-02;8.878668e-03;3.263291e-02;9.058623e-02;1.819885e-01;2.529295e-02;4.247546e-02;2.834827e-02;5.628243e-02;1.188476e-02
4.684982e-01;3.634373e-02;5.764641e-03;7.011611e-03;2.624962e-02;9.034288e-02;1.915457e-01;4.948369e-02;4.201153e-02;2.698020e-02;4.482870e-02;1.093953e-02
4.316196e-01;4.363757e-02;4.143868e-03;1.106040e-02;2.642333e-02;9.264549e-02;2.031179e-01;5.301870e-02;4.974720e-02;3.317801e-02;4.309816e-02;8.309754e-03
3.758529e-01;5.702719e-02;4.111094e-03;1.293415e-02;3.211938e-02;9.211399e-02;2.302199e-01;5.937153e-02;4.617922e-02;3.719110e-02;4.652324e-02;6.356213e-03
2.958413e-01;8.018514e-02;7.852460e-03;1.423100e-02;3.280297e-02;8.550227e-02;2.787799e-01;9.433620e-02;3.306273e-02;3.229518e-02;4.014428e-02;4.966571e-03
2.402910e-01;1.235008e-01;1.564788e-02;1.518689e-02;2.733373e-02;7.920048e-02;2.829928e-01;1.270588e-01;1.722427e-02;2.321044e-02;4.313030e-02;5.222634e-03
2.615176e-01;1.640463e-01;2.346643e-02;1.605413e-02;2.445562e-02;6.252087e-02;2.385522e-01;1.268052e-01;8.479270e-03;1.678295e-02;4.970825e-02;7.611140e-03
3.896045e-01;1.111349e-01;2.730215e-02;1.418841e-02;2.534999e-02;5.900942e-02;1.771603e-01;1.035456e-01;1.543902e-02;2.343448e-02;3.066711e-02;2.316425e-02
3.635763e-01;1.426498e-01;3.910375e-02;2.794288e-02;4.059630e-02;5.698173e-02;1.482924e-01;5.949250e-02;2.327051e-02;2.497693e-02;4.340286e-02;2.971406e-02
2.936485e-01;8.857395e-02;3.668795e-02;3.417550e-02;5.695549e-02;6.237824e-02;1.937550e-01;1.331014e-01;2.781452e-02;2.050172e-02;3.345919e-02;1.894847e-02
1.552815e-01;8.107690e-02;2.976560e-02;3.953599e-02;2.839744e-02;7.210402e-02;2.977958e-01;1.678202e-01;2.918076e-02;2.025294e-02;6.080290e-02;1.798592e-02
8.160208e-02;8.744808e-02;2.246401e-02;2.320814e-02;3.250787e-02;1.004880e-01;3.474800e-01;1.634345e-01;4.152818e-02;3.438066e-02;4.506430e-02;2.039424e-02
1.771977e-01;1.018589e-01;1.997429e-02;1.399049e-02;2.555217e-02;9.267727e-02;2.681426e-01;1.334051e-01;4.685660e-02;3.840965e-02;5.349063e-02;2.844455e-02
1.669919e-01;8.994301e-02;3.253381e-02;2.079980e-02;2.171633e-02;7.348610e-02;2.661497e-01;1.574339e-01;5.507315e-02;3.769125e-02;5.250569e-02;2.567524e-02
1.789429e-01;1.403719e-01;2.714073e-02;2.735685e-02;2.149206e-02;4.600022e-02;2.475871e-01;1.984606e-01;4.484681e-02;2.823936e-02;2.859111e-02;1.097040e-02
2.213665e-01;1.945235e-01;2.128671e-02;3.363522e-02;1.393445e-02;5.861730e-02;2.316308e-01;1.241637e-01;3.746131e-02;3.526625e-02;1.315281e-02;1.496142e-02
2.080239e-01;2.059794e-01;1.655820e-02;3.114154e-02;1.799278e-02;5.780856e-02;2.128798e-01;1.203843e-01;3.924449e-02;3.695985e-02;4.119842e-02;1.182874e-02
1.463883e-01;2.427295e-01;2.063710e-02;2.216692e-02;2.611084e-02;4.299306e-02;1.436096e-01;1.673904e-01;4.326829e-02;4.350357e-02;9.196544e-02;9.237015e-03
1.296206e-01;2.238189e-01;2.231619e-02;1.231032e-02;2.210565e-02;8.856411e-02;2.035224e-01;1.698040e-01;2.175978e-02;5.137712e-02;4.492386e-02;9.877065e-03
2.211584e-01;1.597211e-01;2.436782e-02;1.749054e-02;2.311288e-02;1.165015e-01;1.970435e-01;1.181123e-01;2.535157e-02;5.153970e-02;3.079287e-02;1.480772e-02
2.895597e-01;1.084073e-01;2.248997e-02;1.997475e-02;2.696639e-02;1.232591e-01;1.885872e-01;8.378790e-02;3.890022e-02;4.055834e-02;3.972034e-02;1.778878e-02
2.707576e-01;2.616926e-02;2.550437e-02;1.902311e-02;3.008644e-02;1.307994e-01;2.272162e-01;1.116377e-01;6.014116e-02;3.812477e-02;3.962288e-02;2.091711e-02
2.500016e-01;3.947102e-02;2.104072e-02;1.562508e-02;2.203859e-02;1.552373e-01;2.223356e-01;1.451714e-01;5.148814e-02;4.094181e-02;2.037454e-02;1.627422e-02
2.385715e-01;4.163815e-02;2.367669e-02;2.962321e-02;3.616062e-02;1.577962e-01;2.238452e-01;1.215384e-01;2.663873e-02;3.747975e-02;4.592922e-02;1.710234e-02
1.846004e-01;2.797595e-02;3.088353e-02;2.534022e-02;5.103322e-02;1.345036e-01;2.727608e-01;1.210396e-01;3.223379e-02;3.113758e-02;6.394213e-02;2.454920e-02
1.084233e-01;4.742226e-02;3.190880e-02;1.506332e-02;4.655313e-02;1.367510e-01;2.868846e-01;1.317780e-01;4.684227e-02;2.775755e-02;9.392814e-02;2.668769e-02
5.855375e-02;7.276078e-02;2.997526e-02;2.204443e-02;5.805472e-02;1.089919e-01;2.487247e-01;9.348386e-02;5.666757e-02;2.663292e-02;1.945596e-01;2.955057e-02
1.316594e-01;8.238406e-02;3.413741e-02;2.656067e-02;3.803184e-02;7.724148e-02;1.963056e-01;4.158280e-02;4.451199e-02;3.364260e-02;2.680785e-01;2.586355e-02
1.280950e-01;1.087612e-01;4.195130e-02;2.548552e-02;2.488207e-02;1.226256e-01;1.972701e-01;6.317011e-02;4.658021e-02;3.755970e-02;1.827144e-01;2.090478e-02
7.496525e-02;1.093700e-01;4.170396e-02;3.946184e-02;5.336480e-02;1.664983e-01;1.887833e-01;1.220347e-01;6.357089e-02;5.579667e-02;6.821129e-02;1.623893e-02
1.145705e-01;8.189913e-02;3.902878e-02;5.656371e-02;6.752780e-02;1.165737e-01;1.516519e-01;8.152732e-02;4.188338e-02;1.104884e-01;9.255264e-02;4.573271e-02
1.086037e-01;7.109952e-02;3.006548e-02;4.980949e-02;6.866989e-02;5.845333e-02;1.655340e-01;1.447103e-01;6.690082e-02;1.366056e-01;4.619670e-02;5.335114e-02
7.563084e-02;5.593685e-02;2.650154e-02;5.157000e-02;6.304972e-02;5.487514e-02;1.657164e-01;1.691655e-01;7.597166e-02;1.170292e-01;9.211568e-02;5.243732e-02
1.214409e-01;7.242288e-02;3.323574e-02;5.969623e-02;4.042315e-02;7.947212e-02;1.510092e-01;9.552734e-02;7.830100e-02;6.926239e-02;1.492905e-01;4.991860e-02
1.166762e-01;1.139022e-01;3.696093e-02;1.770971e-02;2.738254e-02;5.508553e-02;2.265546e-01;1.623205e-01;3.026333e-02;4.223271e-02;1.296850e-01;4.122669e-02
1.059492e-01;1.268914e-01;3.063620e-02;1.515853e-02;2.839359e-02;4.980430e-02;2.535369e-01;1.753820e-01;2.473614e-02;4.272858e-02;1.126914e-01;3.409177e-02
1.728903e-01;1.205195e-01;2.033049e-02;2.158214e-02;2.682092e-02;8.061581e-02;2.540982e-01;1.330108e-01;2.258345e-02;5.313256e-02;7.454887e-02;1.986700e-02
2.583446e-01;8.819486e-02;1.969057e-02;2.351394e-02;2.533212e-02;1.278775e-01;2.393663e-01;9.090428e-02;1.900399e-02;5.539703e-02;3.936166e-02;1.301310e-02
2.076845e-01;4.115309e-02;3.166513e-02;2.165445e-02;4.663029e-02;1.278334e-01;2.152261e-01;7.440352e-02;3.942449e-02;4.037075e-02;1.307408e-01;2.321340e-02
3.826580e-02;4.168500e-02;4.109279e-02;2.345921e-02;7.032167e-02;1.044489e-01;1.694264e-01;8.287805e-02;5.500578e-02;4.491594e-02;3.031272e-01;2.537329e-02
1.734676e-01;4.289924e-02;2.303805e-02;1.358084e-02;4.187442e-02;1.081751e-01;2.255766e-01;9.503564e-02;3.107248e-02;1.940987e-02;2.122031e-01;1.366699e-02
2.189681e-01;3.430590e-02;1.254750e-02;1.168818e-02;3.240226e-02;1.246238e-01;3.417121e-01;1.015803e-01;1.929196e-02;2.241778e-02;7.315405e-02;7.308089e-03
1.871365e-01;3.729560e-02;1.054478e-02;1.431074e-02;3.804172e-02;1.610490e-01;4.069020e-01;8.864791e-02;1.135211e-02;2.589763e-02;1.218059e-02;6.641333e-03
1.564900e-01;2.866699e-02;1.152888e-02;1.471296e-02;3.891133e-02;1.808144e-01;4.195072e-01;7.057937e-02;8.929880e-03;2.564715e-02;3.695468e-02;7.257104e-03
1.648752e-01;1.637739e-02;8.782112e-03;1.321722e-02;3.232498e-02;1.881856e-01;4.203628e-01;8.172167e-02;7.732509e-03;2.546210e-02;3.471506e-02;6.243321e-03
1.600143e-01;3.074826e-02;9.815697e-03;1.515022e-02;2.965687e-02;1.877334e-01;4.180906e-01;8.725691e-02;8.170319e-03;2.856036e-02;1.953358e-02;5.269499e-03
1.494279e-01;2.176415e-02;1.357041e-02;1.877402e-02;3.415322e-02;1.867985e-01;4.296696e-01;1.034396e-01;8.863296e-03;2.501680e-02;3.713246e-03;4.809209e-03
1.416180e-01;2.859830e-02;1.489482e-02;2.238398e-02;3.126020e-02;1.684172e-01;4.230210e-01;1.148327e-01;1.165261e-02;2.583569e-02;1.192799e-02;5.557536e-03
1.620439e-01;2.540911e-02;1.481650e-02;2.103005e-02;2.586227e-02;1.626128e-01;4.168111e-01;9.491029e-02;1.391975e-02;2.933561e-02;2.600082e-02;7.247901e-03
1.707131e-01;2.822101e-02;9.105491e-03;1.639797e-02;2.323172e-02;1.597176e-01;4.294291e-01;1.098852e-01;6.368618e-03;2.180192e-02;1.770213e-02;7.426129e-03
1.804969e-01;2.020642e-02;8.973948e-03;1.380585e-02;2.689387e-02;1.630725e-01;4.373319e-01;9.983542e-02;1.052619e-02;1.555746e-02;1.387829e-02;9.421238e-03
1.702098e-01;3.323761e-02;1.021768e-02;9.357599e-03;2.991938e-02;1.590434e-01;4.441977e-01;9.623411e-02;1.421404e-02;1.429171e-02;1.094464e-02;8.132328e-03
1.704579e-01;1.825385e-02;1.175562e-02;8.867172e-03;3.070417e-02;1.571685e-01;4.478623e-01;9.157450e-02;1.613155e-02;1.200247e-02;2.670683e-02;8.515151e-03
1.825680e-01;2.103081e-02;1.847597e-02;1.072134e-02;3.549884e-02;1.529911e-01;4.461710e-01;7.803987e-02;2.015628e-02;1.537218e-02;9.979433e-03;8.995092e-03
1.978413e-01;3.228892e-02;2.767933e-02;1.089283e-02;3.631787e-02;1.443391e-01;3.963433e-01;6.426920e-02;2.389487e-02;2.183013e-02;2.742602e-02;1.687717e-02
2.047912e-01;1.657471e-02;3.520015e-02;1.522890e-02;4.252345e-02;1.534797e-01;3.609713e-01;5.011613e-02;3.286931e-02;3.637917e-02;3.015908e-02;2.170701e-02
2.004545e-01;3.111813e-02;3.856723e-02;1.454717e-02;5.396406e-02;1.461134e-01;3.275530e-01;5.135538e-02;4.425015e-02;3.612147e-02;2.525340e-02;3.070210e-02
1.787958e-01;4.040464e-02;4.322403e-02;2.272583e-02;6.809631e-02;1.265861e-01;2.986694e-01;4.336667e-02;5.135402e-02;3.069905e-02;4.646796e-02;4.961020e-02
8.163314e-02;6.460295e-02;4.659788e-02;4.185439e-02;7.791428e-02;9.594949e-02;2.413708e-01;7.210781e-02;4.668210e-02;5.985745e-02;1.172804e-01;5.414934e-02
5.270285e-02;7.344374e-02;4.732640e-02;7.987859e-02;5.362558e-02;4.914787e-02;1.200826e-01;1.538641e-01;2.442881e-02;8.685569e-02;2.243952e-01;3.424863e-02
7.586978e-02;7.664754e-02;4.742279e-02;9.187750e-02;2.399021e-02;2.743187e-02;7.541465e-02;2.086502e-01;1.745085e-02;6.712113e-02;2.680016e-01;2.012186e-02
