5.324306e-02;1.490972e-01;8.602001e-02;2.509401e-02;7.990094e-02;1.748172e-01;1.410792e-01;4.967941e-02;7.317182e-02;5.876148e-02;3.637343e-02;7.276230e-02
5.221872e-02;1.389187e-01;8.474924e-02;3.552912e-02;6.661543e-02;1.794935e-01;1.224615e-01;6.196621e-02;7.145038e-02;6.170454e-02;5.147436e-02;7.341842e-02
9.513178e-02;8.209551e-02;8.372250e-02;5.923237e-02;8.913714e-02;1.036818e-01;7.080603e-02;8.155029e-02;7.926142e-02;1.081860e-01;5.457985e-02;9.261530e-02
8.772089e-02;8.337437e-02;8.631777e-02;9.867319e-02;6.838831e-02;3.127465e-02;9.362729e-02;9.319378e-02;1.196978e-01;1.191228e-01;1.983518e-02;9.877393e-02
4.889530e-02;1.007627e-01;7.930508e-02;8.336312e-02;8.449730e-02;8.187612e-02;1.114927e-01;1.154544e-01;8.308093e-02;9.316779e-02;3.207231e-02;8.603220e-02
6.403437e-02;5.742919e-02;6.816478e-02;6.771858e-02;1.535993e-01;1.372882e-01;9.942542e-02;9.561631e-02;6.421159e-02;3.880782e-02;6.971940e-02;8.398507e-02
5.784499e-02;3.511136e-02;1.089687e-01;1.208165e-01;1.591152e-01;9.730546e-02;8.709385e-02;6.866554e-02;7.846982e-02;3.887787e-02;8.354298e-02;6.418770e-02
6.783509e-02;3.482589e-02;1.319312e-01;1.213429e-01;1.505071e-01;9.949586e-02;9.717158e-02;6.086826e-02;7.270498e-02;4.531080e-02;6.879656e-02;4.920977e-02
7.114883e-02;3.128793e-02;1.535275e-01;6.370442e-02;2.075772e-01;8.308698e-02;1.018628e-01;5.402128e-02;5.040497e-02;6.672052e-02;6.006875e-02;5.658896e-02
6.858733e-02;2.617778e-02;1.626013e-01;8.829726e-02;2.389291e-01;5.345525e-02;7.016713e-02;5.265108e-02;2.991435e-02;7.994226e-02;6.276537e-02;6.651180e-02
5.842331e-02;2.634282e-02;2.580256e-01;1.311207e-01;1.628338e-01;4.520859e-02;5.736341e-02;3.263833e-02;4.064823e-02;8.466821e-02;5.494389e-02;4.778301e-02
5.267625e-02;1.897047e-02;4.210255e-01;8.397587e-02;7.271818e-02;2.962559e-02;7.277688e-02;1.703558e-02;4.029842e-02;1.177846e-01;4.816527e-02;2.494740e-02
4.588002e-02;5.744999e-02;5.006266e-01;4.226553e-02;2.475503e-02;1.082698e-02;6.928684e-02;8.268854e-03;4.543332e-02;1.671190e-01;1.583869e-02;1.224909e-02
4.092002e-02;1.394946e-01;4.135166e-01;2.001034e-02;1.738151e-02;2.264446e-02;4.524318e-02;1.703622e-02;1.008082e-01;1.447827e-01;2.042629e-02;1.773582e-02
5.711642e-02;2.100412e-01;2.988178e-01;2.296789e-02;2.479413e-02;3.151924e-02;3.632016e-02;3.712345e-02;1.610595e-01;7.572073e-02;2.782818e-02;1.669122e-02
7.986256e-02;2.191930e-01;2.330408e-01;3.550567e-02;1.952054e-02;2.350108e-02;5.338921e-02;5.126986e-02;1.672733e-01;5.676536e-02;2.383744e-02;3.684123e-02
7.804505e-02;1.668830e-01;2.075132e-01;5.561066e-02;2.588682e-02;3.120618e-02;8.437824e-02;6.405615e-02;1.278193e-01;7.339538e-02;3.325025e-02;5.195578e-02
7.638190e-02;8.180396e-02;2.014908e-01;7.465318e-02;6.968164e-02;6.740168e-02;1.062001e-01;5.710011e-02;6.928589e-02;7.755049e-02;7.829838e-02;4.015186e-02
7.524507e-02;7.831724e-02;1.765690e-01;8.703288e-02;8.783934e-02;6.155348e-02;1.184585e-01;3.920273e-02;7.788941e-02;6.750114e-02;8.534142e-02;4.504975e-02
7.152538e-02;1.011654e-01;1.796883e-01;8.689516e-02;9.213623e-02;4.917448e-02;1.204330e-01;4.096795e-02;8.798735e-02;7.285351e-02;4.532935e-02;5.184383e-02
5.210818e-02;1.005219e-01;1.513124e-01;6.052395e-02;6.884197e-02;3.294874e-02;1.114432e-01;7.851224e-02;1.353988e-01;8.089148e-02;5.245948e-02;7.503765e-02
6.119741e-02;8.808090e-02;1.313322e-01;5.911189e-02;4.667682e-02;5.811983e-02;1.041561e-01;8.286350e-02;1.289847e-01;6.869330e-02;8.689200e-02;8.389137e-02
7.399087e-02;1.103852e-01;1.150622e-01;7.732218e-02;6.521723e-02;1.056878e-01;1.049310e-01;7.058512e-02;7.381858e-02;6.513578e-02;6.481681e-02;7.304719e-02
7.846011e-02;1.072775e-01;1.442104e-01;6.147935e-02;9.293780e-02;1.048848e-01;9.206139e-02;6.731092e-02;6.431875e-02;7.261314e-02;5.768891e-02;5.675691e-02
4.008004e-02;1.084717e-01;1.619800e-01;7.887039e-02;9.130043e-02;7.710961e-02;9.089532e-02;6.618965e-02;5.564463e-02;8.478641e-02;6.889595e-02;7.577591e-02
8.293341e-02;1.178169e-01;1.083268e-01;7.208102e-02;6.681395e-02;8.534110e-02;1.490089e-01;6.734633e-02;7.805259e-02;8.678922e-02;3.695820e-02;4.853152e-02
9.020785e-02;1.019691e-01;1.429599e-01;5.202685e-02;6.887300e-02;7.882376e-02;1.657681e-01;5.816941e-02;9.622816e-02;7.684017e-02;2.728733e-02;4.084636e-02
8.148843e-02;4.760321e-02;2.044702e-01;6.110431e-02;9.166447e-02;6.437854e-02;1.394649e-01;5.214222e-02;9.363099e-02;5.734460e-02;4.245001e-02;6.425816e-02
8.447687e-02;5.753581e-02;1.684193e-01;7.124729e-02;9.667359e-02;6.188113e-02;9.579834e-02;5.541075e-02;7.745422e-02;5.649971e-02;8.096524e-02;9.363779e-02
9.883274e-02;7.316013e-02;1.017486e-01;6.797317e-02;7.950086e-02;4.534630e-02;1.057287e-01;6.463443e-02;5.164139e-02;1.052166e-01;1.017886e-01;1.044285e-01
9.418850e-02;8.391631e-02;9.679129e-02;7.792287e-02;6.288751e-02;5.386844e-02;9.555061e-02;8.838636e-02;4.793611e-02;8.799336e-02;9.357245e-02;1.169862e-01
8.602669e-02;6.856001e-02;8.453930e-02;8.969084e-02;7.005264e-02;9.248143e-02;1.260705e-01;7.221181e-02;6.238654e-02;7.592949e-02;1.031107e-01;6.894011e-02
6.320122e-02;8.021697e-02;1.033034e-01;8.243740e-02;7.885239e-02;7.266782e-02;1.936607e-01;5.058052e-02;5.962532e-02;8.192829e-02;8.440276e-02;4.912328e-02
8.170388e-02;8.776414e-02;8.836007e-02;6.774687e-02;6.661789e-02;7.691582e-02;2.199323e-01;5.286719e-02;5.897434e-02;7.816748e-02;6.637879e-02;5.457123e-02
1.196047e-01;8.898260e-02;6.354526e-02;4.745220e-02;9.193183e-02;8.977976e-02;2.052185e-01;4.207109e-02;5.632418e-02;7.202066e-02;3.470306e-02;8.836618e-02
1.918279e-01;6.538163e-02;5.197210e-02;3.530089e-02;1.098124e-01;1.370841e-01;1.702568e-01;3.189919e-02;5.033917e-02;5.555535e-02;1.190930e-02;8.866113e-02
2.424748e-01;6.577738e-02;3.803408e-02;1.687532e-02;7.511801e-02;1.879678e-01;2.215751e-01;2.582412e-02;2.540829e-02;4.403413e-02;8.945626e-03;4.796531e-02
1.783417e-01;1.700532e-01;1.922483e-02;1.136834e-02;3.392489e-02;1.594522e-01;3.469245e-01;1.739218e-02;1.211100e-02;3.186307e-02;6.380127e-03;1.296401e-02
7.481408e-02;2.439090e-01;2.373917e-02;1.104566e-02;1.778305e-02;9.186737e-02;4.417226e-01;5.580083e-02;1.428572e-02;1.309755e-02;9.500288e-03;2.434699e-03
2.086658e-02;2.099885e-01;7.710310e-02;6.934598e-03;1.217397e-02;4.125580e-02;4.342750e-01;1.515654e-01;1.797318e-02;7.674350e-03;1.539600e-02;4.793572e-03
9.165841e-03;1.059481e-01;1.606438e-01;5.651565e-03;1.099738e-02;1.580294e-02;3.240458e-01;3.066924e-01;2.956646e-02;1.074064e-02;1.246214e-02;8.282905e-03
5.106193e-03;2.888545e-02;1.982024e-01;5.143712e-03;6.195307e-03;1.322736e-02;2.006929e-01;4.214255e-01;8.612516e-02;1.337342e-02;5.974689e-03;1.564789e-02
7.514419e-03;1.177271e-02;1.614676e-01;1.061963e-02;8.480120e-03;1.765387e-02;1.280749e-01;3.898470e-01;2.242089e-01;1.743963e-02;3.943634e-03;1.897759e-02
9.396637e-03;9.617109e-03;9.125022e-02;1.895634e-02;1.088737e-02;1.592352e-02;9.934170e-02;2.714615e-01;4.217282e-01;2.472205e-02;1.007582e-02;1.663958e-02
3.008363e-02;6.760420e-03;2.752082e-02;5.515923e-02;1.139917e-02;1.000161e-02;7.325723e-02;1.574034e-01;5.436299e-01;5.130193e-02;2.104583e-02;1.243681e-02
5.493112e-02;8.044479e-03;2.595489e-02;1.119191e-01;8.402131e-03;1.005781e-02;8.757084e-02;1.514406e-01;4.502638e-01;5.070020e-02;2.651698e-02;1.419801e-02
5.202972e-02;1.332506e-02;6.038194e-02;1.075618e-01;1.672664e-02;1.982260e-02;1.619243e-01;1.790650e-01;2.848249e-01;5.902855e-02;2.628847e-02;1.902103e-02
3.705392e-02;3.199131e-02;1.014618e-01;6.111131e-02;3.476205e-02;3.658906e-02;2.328358e-01;1.769677e-01;1.690779e-01;6.700452e-02;3.186437e-02;1.928033e-02
5.436724e-02;6.097933e-02;1.461206e-01;5.903604e-02;5.754071e-02;4.690172e-02;2.223992e-01;1.098544e-01;8.656927e-02;8.434013e-02;3.152551e-02;4.036591e-02
1.125061e-01;8.368261e-02;2.030210e-01;6.483618e-02;7.195473e-02;6.096816e-02;1.217980e-01;5.846993e-02;6.866263e-02;6.431540e-02;4.318584e-02;4.659934e-02
1.178344e-01;9.052924e-02;2.022668e-01;5.738041e-02;4.607521e-02;5.340467e-02;1.497208e-01;5.814168e-02;7.984003e-02;6.468373e-02;4.830802e-02;3.181495e-02
9.848081e-02;9.542488e-02;1.872525e-01;6.235623e-02;5.186475e-02;6.648377e-02;1.503186e-01;4.647763e-02;8.073141e-02;7.759015e-02;5.416932e-02;2.884993e-02
5.419379e-02;1.115238e-01;1.528997e-01;8.525797e-02;7.473145e-02;8.577180e-02;1.019322e-01;4.210661e-02;7.155154e-02;1.090367e-01;7.637540e-02;3.461892e-02
7.201634e-02;9.009563e-02;1.425474e-01;1.410479e-01;7.435160e-02;5.984623e-02;9.334794e-02;2.923305e-02;7.457538e-02;8.885869e-02;8.626772e-02;4.781210e-02
9.507914e-02;6.403391e-02;1.107683e-01;1.820153e-01;7.367976e-02;8.045936e-02;8.737428e-02;5.483723e-02;8.720466e-02;6.464875e-02;5.430118e-02;4.559821e-02
8.787045e-02;9.262113e-02;1.569023e-01;2.017470e-01;7.020862e-02;7.824728e-02;6.102091e-02;3.608289e-02;7.434545e-02;5.971455e-02;4.612253e-02;3.511701e-02
8.378542e-02;8.474491e-02;1.719903e-01;1.305265e-01;5.470805e-02;5.953443e-02;1.363403e-01;3.761514e-02;6.591890e-02;8.494563e-02;6.117193e-02;2.871849e-02
1.005184e-01;5.465484e-02;1.020883e-01;6.418318e-02;3.322147e-02;2.662008e-02;1.886449e-01;6.117230e-02;1.267412e-01;1.279426e-01;7.060163e-02;4.361106e-02
7.442110e-02;3.832532e-02;8.985353e-02;4.290875e-02;2.571156e-02;1.737472e-02;2.760842e-01;9.976251e-02;1.358642e-01;1.115143e-01;5.613827e-02;3.204156e-02
4.799310e-02;5.540557e-02;7.750517e-02;2.750810e-02;1.810664e-02;3.082342e-02;4.330663e-01;1.163627e-01;9.529232e-02;5.998814e-02;2.395567e-02;1.399290e-02
6.075404e-02;1.066961e-01;6.118053e-02;2.055358e-02;4.035742e-02;7.086002e-02;4.866650e-01;7.310344e-02;3.912946e-02;2.262286e-02;9.713280e-03;8.364268e-03
8.045847e-02;1.191393e-01;8.395131e-02;2.329564e-02;7.851635e-02;1.136553e-01;3.838978e-01;2.077706e-02;2.949317e-02;2.755647e-02;2.018970e-02;1.906941e-02
8.165944e-02;8.938774e-02;1.746243e-01;3.466338e-02;1.099700e-01;1.271300e-01;2.602204e-01;1.907961e-02;1.808063e-02;3.066815e-02;1.950620e-02;3.501014e-02
4.762681e-02;4.392540e-02;2.840053e-01;5.626517e-02;1.164339e-01;1.158569e-01;1.879275e-01;2.431271e-02;2.163740e-02;2.682248e-02;2.512478e-02;5.006165e-02
4.622437e-02;8.600369e-02;1.727386e-01;5.352365e-02;6.848811e-02;7.260669e-02;2.898318e-01;2.875536e-02;5.742719e-02;5.460124e-02;3.730179e-02;3.249751e-02
1.117077e-01;8.345740e-02;1.069581e-01;5.099136e-02;6.751738e-02;6.188168e-02;1.432027e-01;4.834878e-02;9.306380e-02;8.158126e-02;7.032705e-02;8.096273e-02
1.193410e-01;5.562819e-02;7.261053e-02;5.133308e-02;5.035488e-02;3.980485e-02;1.542176e-01;1.060597e-01;1.252319e-01;5.942665e-02;9.880717e-02;6.718438e-02
1.387993e-01;5.341770e-02;4.551107e-02;2.086140e-02;5.240445e-02;7.869119e-02;2.184715e-01;1.058675e-01;9.218958e-02;5.698062e-02;6.160352e-02;7.520220e-02
1.767549e-01;4.872965e-02;2.897451e-02;1.202619e-02;6.710406e-02;1.144751e-01;2.083414e-01;8.525030e-02;7.278141e-02;5.388403e-02;3.480002e-02;9.687851e-02
1.700585e-01;2.966440e-02;2.729976e-02;1.228602e-02;1.139205e-01;1.171812e-01;1.344143e-01;4.696489e-02;6.763609e-02;3.299142e-02;1.350523e-02;2.340776e-01
1.027506e-01;1.305045e-02;2.055068e-02;2.109385e-02;1.702586e-01;7.556625e-02;4.732102e-02;1.422203e-02;5.367848e-02;1.450764e-02;1.676480e-02;4.502356e-01
3.146709e-02;1.061371e-02;2.240587e-02;3.710984e-02;1.906064e-01;3.079499e-02;1.896136e-02;1.200202e-02;4.295363e-02;9.031648e-03;5.333443e-02;5.407190e-01
1.407039e-02;1.300105e-02;2.991561e-02;7.081354e-02;1.683238e-01;1.375556e-02;1.065476e-02;2.918587e-02;2.677628e-02;1.637649e-02;1.600904e-01;4.470362e-01
7.763757e-03;1.723762e-02;5.785914e-02;9.842679e-02;1.249310e-01;1.087846e-02;9.152958e-03;4.398638e-02;1.447487e-02;4.709650e-02;2.913847e-01;2.768078e-01
2.091675e-02;2.271117e-02;1.136291e-01;9.100232e-02;8.546329e-02;1.160253e-02;1.534646e-02;4.380967e-02;2.562906e-02;8.958860e-02;3.320470e-01;1.482541e-01
3.238497e-02;3.578676e-02;1.835736e-01;7.423086e-02;6.973255e-02;1.661192e-02;4.067916e-02;4.226851e-02;2.981760e-02;1.038393e-01;2.686972e-01;1.023776e-01
4.143378e-02;4.856146e-02;2.411017e-01;5.078891e-02;6.445710e-02;2.205802e-02;7.048084e-02;3.850768e-02;1.771227e-02;9.767939e-02;1.594778e-01;1.477410e-01
4.886764e-02;4.949662e-02;2.426386e-01;7.771609e-02;7.905965e-02;2.179294e-02;4.810046e-02;2.647959e-02;3.799814e-02;2.976279e-02;2.080395e-01;1.300479e-01
6.121246e-02;1.993433e-02;1.179816e-01;7.643943e-02;9.611031e-02;1.880513e-02;2.712720e-02;1.892222e-02;2.824898e-02;3.193487e-02;1.996315e-01;3.036520e-01
6.189824e-02;2.025249e-02;7.627665e-02;8.010669e-02;8.131267e-02;2.257388e-02;2.643826e-02;2.982118e-02;3.203949e-02;6.034784e-02;1.571124e-01;3.518202e-01
4.983162e-02;2.410898e-02;7.969142e-02;6.205262e-02;7.421581e-02;3.785747e-02;4.762879e-02;4.809187e-02;9.933437e-02;1.151492e-01;1.065224e-01;2.555155e-01
4.438151e-02;2.596302e-02;1.172676e-01;3.663948e-02;6.106661e-02;7.960173e-02;1.737259e-01;7.030015e-02;1.244448e-01;8.257829e-02;7.438302e-02;1.096478e-01
5.107838e-02;2.234358e-02;9.860311e-02;6.298929e-02;9.219501e-02;9.757683e-02;1.534176e-01;5.422182e-02;6.421282e-02;2.082633e-02;1.143649e-01;1.681704e-01
4.400576e-02;1.578520e-02;8.925585e-02;8.865956e-02;9.380131e-02;6.954244e-02;9.749381e-02;6.300037e-02;4.435674e-02;1.873600e-02;1.738454e-01;2.015176e-01
1.920127e-02;8.629140e-03;9.053750e-02;1.397852e-01;7.484320e-02;3.527315e-02;4.299920e-02;6.678957e-02;2.493429e-02;1.093574e-02;2.959775e-01;1.900942e-01
6.167481e-03;9.745988e-03;9.972013e-02;1.924399e-01;4.645330e-02;1.587467e-02;1.627881e-02;6.957137e-02;1.192934e-02;2.232636e-02;3.871297e-01;1.223629e-01
1.954850e-02;1.232233e-02;1.361047e-01;2.285018e-01;2.279124e-02;1.487344e-02;1.473359e-02;6.272396e-02;1.756378e-02;3.685561e-02;3.845255e-01;4.945555e-02
4.053471e-02;1.428263e-02;1.865879e-01;2.212578e-01;1.453995e-02;1.346697e-02;2.386706e-02;4.156519e-02;2.862006e-02;8.721016e-02;3.071691e-01;2.089845e-02
7.191726e-02;1.222272e-02;2.897124e-01;1.397490e-01;1.614377e-02;6.849308e-03;5.585811e-02;1.527744e-02;3.824388e-02;1.626017e-01;1.806316e-01;1.079285e-02
7.257569e-02;1.793269e-02;3.906077e-01;5.328019e-02;2.235597e-02;3.479981e-03;8.197346e-02;8.299550e-03;3.081095e-02;2.401045e-01;7.122137e-02;7.357940e-03
4.604785e-02;3.212133e-02;4.102545e-01;2.018000e-02;2.993609e-02;8.980470e-03;8.115554e-02;1.694813e-02;5.946773e-02;2.629085e-01;2.497763e-02;7.022171e-03
3.317612e-02;6.383375e-02;3.394908e-01;2.335972e-02;3.178845e-02;2.068401e-02;7.848761e-02;3.149284e-02;1.053468e-01;2.260657e-01;1.912679e-02;2.714735e-02
4.602626e-02;9.249978e-02;2.909439e-01;4.696500e-02;3.747062e-02;2.813822e-02;9.352727e-02;4.065433e-02;1.006547e-01;1.502534e-01;3.603493e-02;3.683150e-02
3.386243e-02;8.196599e-02;2.838591e-01;4.920732e-02;3.895215e-02;3.161965e-02;4.836119e-02;3.522334e-02;8.871138e-02;2.130996e-01;7.649859e-02;1.863924e-02
2.331289e-02;1.358548e-01;2.228687e-01;3.701897e-02;2.067252e-02;5.144316e-02;2.305114e-02;2.979091e-02;1.540054e-01;2.061543e-01;5.999580e-02;3.583139e-02
2.413476e-02;2.326433e-01;1.312247e-01;4.742569e-02;8.566406e-03;8.426115e-02;1.428443e-02;2.290056e-02;2.457445e-01;1.178428e-01;2.919941e-02;4.177228e-02
4.668671e-02;3.034697e-01;6.834453e-02;6.994180e-02;7.763390e-03;8.744965e-02;1.200656e-02;2.895431e-02;2.945726e-01;3.488716e-02;1.277550e-02;3.314815e-02
1.057449e-01;2.859200e-01;6.689294e-02;5.743006e-02;2.028142e-02;5.439642e-02;1.988085e-02;5.609754e-02;2.563842e-01;3.728478e-02;2.140056e-02;1.828638e-02
1.777606e-01;2.278231e-01;6.581008e-02;3.211456e-02;2.741700e-02;2.181867e-02;2.820113e-02;1.068329e-01;2.269946e-01;5.134092e-02;2.300898e-02;1.087738e-02
2.391949e-01;1.565129e-01;7.782177e-02;1.941388e-02;3.768550e-02;1.615107e-02;3.678184e-02;1.617775e-01;1.768395e-01;3.598991e-02;2.608770e-02;1.574348e-02
2.807665e-01;1.085004e-01;1.092605e-01;1.646823e-02;4.648475e-02;1.666885e-02;6.285266e-02;1.842542e-01;8.875583e-02;2.141718e-02;3.446867e-02;3.010217e-02
2.563290e-01;7.583355e-02;1.531735e-01;3.067427e-02;4.375975e-02;2.562087e-02;1.028772e-01;1.508783e-01;3.066050e-02;2.662726e-02;4.560706e-02;5.795876e-02
1.779205e-01;7.650506e-02;1.870939e-01;3.713885e-02;4.642621e-02;3.373110e-02;1.171487e-01;9.866415e-02;7.570902e-02;4.156229e-02;5.039659e-02;5.770361e-02
1.419107e-01;8.978561e-02;1.851806e-01;2.882312e-02;7.756672e-02;5.324375e-02;1.314038e-01;6.936921e-02;8.348010e-02;4.864239e-02;4.853751e-02;4.205653e-02
1.352111e-01;1.189850e-01;1.507456e-01;3.305554e-02;1.030687e-01;5.569765e-02;1.387400e-01;4.415822e-02;7.487959e-02;6.872586e-02;4.343653e-02;3.329621e-02
1.032015e-01;1.476572e-01;7.128045e-02;5.775300e-02;9.847860e-02;7.826140e-02;1.282902e-01;5.014867e-02;7.781775e-02;6.983085e-02;6.666738e-02;5.061298e-02
1.021042e-01;1.383346e-01;1.090463e-01;8.479872e-02;5.501397e-02;9.135646e-02;9.862662e-02;4.584515e-02;7.452992e-02;6.392705e-02;7.939893e-02;5.701807e-02
1.474574e-01;9.880061e-02;1.113231e-01;5.658867e-02;6.561079e-02;6.280809e-02;9.168747e-02;6.293501e-02;6.557111e-02;7.881904e-02;8.132205e-02;7.707665e-02
1.161945e-01;9.517194e-02;1.664374e-01;6.429499e-02;8.289561e-02;3.548434e-02;7.552281e-02;3.197936e-02;9.075591e-02;9.151479e-02;7.619111e-02;7.355723e-02
9.318355e-02;9.581803e-02;1.699630e-01;8.455288e-02;8.434375e-02;6.129383e-02;7.626596e-02;3.955420e-02;8.386122e-02;9.321821e-02;7.108060e-02;4.686472e-02
8.235133e-02;7.927499e-02;1.391313e-01;9.452038e-02;7.242968e-02;7.044531e-02;9.907615e-02;5.161167e-02;9.336852e-02;8.319017e-02;9.046024e-02;4.414027e-02
7.674693e-02;6.517461e-02;1.343667e-01;5.667910e-02;9.077077e-02;7.709920e-02;8.525235e-02;6.172349e-02;1.087432e-01;6.447384e-02;1.125746e-01;6.639510e-02
5.662376e-02;7.058989e-02;1.345033e-01;5.463538e-02;9.601507e-02;1.204079e-01;8.666158e-02;6.738797e-02;9.344949e-02;6.886370e-02;9.913224e-02;5.172969e-02
5.848030e-02;5.549708e-02;9.006821e-02;4.800030e-02;1.134514e-01;1.034824e-01;1.459413e-01;8.074333e-02;9.322885e-02;9.337740e-02;5.979680e-02;5.793261e-02
7.302509e-02;5.983236e-02;5.172454e-02;5.230431e-02;1.470361e-01;8.023969e-02;1.320968e-01;7.763319e-02;1.141115e-01;6.978819e-02;6.987762e-02;7.233063e-02
7.039399e-02;6.071488e-02;7.538760e-02;4.802744e-02;1.534380e-01;1.171501e-01;9.915112e-02;5.218334e-02;1.124012e-01;8.241864e-02;6.650418e-02;6.222947e-02
5.593744e-02;4.784103e-02;9.392789e-02;6.439185e-02;1.408982e-01;8.965572e-02;7.996161e-02;5.274669e-02;1.374268e-01;9.836965e-02;8.523454e-02;5.360867e-02
5.772318e-02;4.344618e-02;1.281134e-01;7.114162e-02;1.034382e-01;9.454375e-02;6.533663e-02;5.923717e-02;1.619062e-01;8.287194e-02;8.273206e-02;4.950966e-02
8.723069e-02;7.891507e-02;1.210617e-01;4.344578e-02;6.841027e-02;1.060812e-01;5.909937e-02;6.460089e-02;1.436409e-01;8.597033e-02;7.274570e-02;6.879825e-02
1.211995e-01;1.069459e-01;1.221637e-01;2.672873e-02;4.370119e-02;1.059629e-01;8.652555e-02;9.374777e-02;7.967437e-02;1.091961e-01;4.708881e-02;5.706541e-02
1.203032e-01;9.784925e-02;1.536608e-01;3.489376e-02;8.821514e-02;8.946450e-02;8.465020e-02;8.398665e-02;5.718591e-02;9.501277e-02;4.145927e-02;5.331858e-02
8.166159e-02;8.345846e-02;1.533624e-01;4.439930e-02;1.077212e-01;9.357922e-02;6.867199e-02;7.795542e-02;6.172766e-02;9.017769e-02;6.545212e-02;7.183298e-02
7.639739e-02;8.235896e-02;1.095076e-01;5.003079e-02;8.907375e-02;1.084186e-01;9.334929e-02;8.560699e-02;9.193586e-02;1.034127e-01;5.804722e-02;5.186090e-02
8.439655e-02;9.409410e-02;8.742628e-02;4.137064e-02;7.374064e-02;1.003697e-01;1.493063e-01;8.533705e-02;1.026071e-01;9.013684e-02;5.493184e-02;3.628300e-02
9.060019e-02;9.240291e-02;9.005634e-02;6.360256e-02;6.440223e-02;8.627906e-02;1.385532e-01;8.670858e-02;8.836085e-02;8.363143e-02;7.881956e-02;3.658311e-02
5.256323e-02;7.437695e-02;1.306187e-01;5.903567e-02;6.929944e-02;8.596135e-02;2.435600e-01;8.066959e-02;6.263202e-02;7.668581e-02;3.817392e-02;2.642329e-02
4.107679e-02;3.485902e-02;1.853422e-01;4.561296e-02;1.157241e-01;9.110615e-02;3.205895e-01;4.407474e-02;3.315084e-02;4.549089e-02;2.040484e-02;2.256797e-02
2.281913e-02;1.850359e-02;2.090345e-01;5.257984e-02;1.715028e-01;9.744093e-02;2.894515e-01;2.943497e-02;3.445215e-02;3.398987e-02;1.077391e-02;3.001677e-02
1.632020e-02;1.304931e-02;2.055453e-01;5.763207e-02;2.347682e-01;1.032864e-01;2.203975e-01;1.933992e-02;6.041474e-02;2.743805e-02;5.721319e-03;3.608695e-02
1.355404e-02;7.346970e-03;1.350575e-01;3.822299e-02;2.341492e-01;1.160849e-01;2.576146e-01;2.370217e-02;1.048316e-01;2.875896e-02;7.477449e-03;3.319967e-02
2.315580e-02;4.254926e-03;6.869967e-02;2.520944e-02;1.679745e-01;1.692774e-01;3.307227e-01;6.084079e-02;8.428581e-02;4.443922e-02;5.093163e-03;1.604649e-02
3.789077e-02;4.729044e-03;3.251118e-02;2.958227e-02;1.021750e-01;2.001469e-01;3.802428e-01;9.898746e-02;3.938482e-02;6.505186e-02;2.863047e-03;6.434794e-03
5.229136e-02;1.074837e-02;3.263086e-02;4.521703e-02;7.768292e-02;1.886798e-01;3.817987e-01;8.641472e-02;3.298316e-02;7.066061e-02;8.546656e-03;1.234578e-02
6.661045e-02;2.335023e-02;4.275999e-02;5.171764e-02;6.993275e-02;1.613962e-01;3.930377e-01;5.972255e-02;3.748298e-02;5.832192e-02;1.683448e-02;1.883317e-02
4.027365e-02;4.074686e-02;2.851787e-02;2.829037e-02;4.852635e-02;9.656336e-02;5.589657e-01;5.679639e-02;3.756329e-02;2.984567e-02;2.077140e-02;1.313914e-02
1.204155e-02;3.265169e-02;3.613629e-02;8.514346e-03;2.807741e-02;4.690006e-02;7.119570e-01;6.976778e-02;2.321871e-02;9.571249e-03;1.476991e-02;6.393965e-03
5.725832e-03;1.546652e-02;5.409994e-02;5.805326e-03;1.199792e-02;2.452487e-02;7.568409e-01;7.690039e-02;2.492748e-02;1.190764e-02;7.651289e-03;4.151906e-03
6.499644e-03;8.631300e-03;5.375029e-02;4.662855e-03;1.321350e-02;2.388449e-02;7.688301e-01;7.623283e-02;2.424525e-02;1.007751e-02;5.163455e-03;4.808832e-03
3.659426e-03;1.678568e-02;4.601108e-02;3.340328e-03;1.179713e-02;2.441844e-02;7.834988e-01;6.782395e-02;2.578945e-02;9.681399e-03;3.031704e-03;4.162715e-03
3.482473e-03;2.477010e-02;2.691228e-02;3.150097e-03;1.292752e-02;2.830370e-02;8.011896e-01;6.140162e-02;2.407767e-02;8.008138e-03;3.497431e-03;2.279428e-03
4.727151e-03;2.726393e-02;2.769254e-02;4.326168e-03;1.030012e-02;2.877932e-02;7.935898e-01;5.830253e-02;2.106278e-02;1.158355e-02;5.344613e-03;7.027577e-03
4.695775e-03;3.036127e-02;2.230002e-02;4.861181e-03;1.840617e-02;3.050873e-02;7.800714e-01;5.942018e-02;2.153556e-02;1.265108e-02;8.148042e-03;7.040645e-03
2.063688e-02;3.600058e-02;6.606937e-02;3.678520e-02;3.314029e-02;4.364982e-02;5.200059e-01;9.896132e-02;7.944641e-02;3.692191e-02;1.522843e-02;1.315388e-02
3.441324e-02;2.932990e-02;1.920893e-01;7.795575e-02;2.996395e-02;3.806327e-02;1.775553e-01;1.800065e-01;1.282966e-01;7.010486e-02;2.016724e-02;2.205412e-02
1.921911e-02;2.300916e-02;2.959494e-01;8.760256e-02;1.742607e-02;2.184802e-02;9.194396e-02;2.398525e-01;1.083503e-01;5.587684e-02;1.340513e-02;2.551693e-02
6.714402e-03;1.786293e-02;3.717360e-01;6.950169e-02;7.586798e-03;1.348054e-02;1.088327e-01;2.756171e-01;4.851123e-02;2.991008e-02;8.509523e-03;4.173706e-02
5.294554e-03;1.298269e-02;3.984166e-01;3.854619e-02;6.609381e-03;1.025877e-02;1.217219e-01;2.949849e-01;1.557601e-02;1.682828e-02;8.345775e-03;7.043494e-02
1.248658e-02;3.447304e-02;3.319232e-01;1.328901e-02;1.603252e-02;1.085575e-02;1.749946e-01;2.825870e-01;1.358602e-02;1.043983e-02;1.505279e-02;8.427965e-02
1.716892e-02;6.983627e-02;2.420638e-01;9.208774e-03;2.474073e-02;1.709061e-02;2.495019e-01;2.624381e-01;1.980277e-02;1.147625e-02;1.919684e-02;5.747494e-02
1.823578e-02;9.913506e-02;2.112410e-01;1.163914e-02;3.164027e-02;1.744184e-02;2.801131e-01;2.315636e-01;1.638123e-02;7.899819e-03;3.268475e-02;4.202434e-02
1.616644e-02;1.551585e-01;2.062785e-01;1.054832e-02;3.659241e-02;1.189465e-02;2.990439e-01;1.937794e-01;9.767567e-03;7.692217e-03;2.597801e-02;2.710004e-02
1.019518e-02;2.262687e-01;1.940503e-01;5.282016e-03;3.041515e-02;1.062174e-02;3.271966e-01;1.527686e-01;8.836239e-03;6.590640e-03;1.870106e-02;9.073908e-03
5.032081e-03;2.786726e-01;1.192272e-01;4.430319e-03;3.870394e-02;1.034770e-02;3.891151e-01;1.222064e-01;8.414371e-03;5.808641e-03;1.224440e-02;5.797219e-03
7.118260e-03;2.592429e-01;6.021209e-02;3.632251e-03;5.175063e-02;1.677419e-02;4.726156e-01;8.988519e-02;7.538115e-03;4.651605e-03;2.197000e-02;4.609084e-03
2.166200e-03;2.018471e-01;2.500093e-02;4.328366e-03;5.668212e-02;3.712625e-02;5.513571e-01;6.729872e-02;1.281377e-02;5.622993e-03;3.247932e-02;3.277125e-03
7.352338e-03;1.500272e-01;1.461666e-02;5.017671e-03;4.858597e-02;7.171562e-02;5.757884e-01;4.978885e-02;3.268497e-02;9.775192e-03;3.044989e-02;4.197288e-03
1.024400e-02;1.112021e-01;1.438855e-02;9.326142e-03;4.554065e-02;1.180890e-01;5.333014e-01;5.906521e-02;5.312824e-02;2.103339e-02;2.064964e-02;4.031797e-03
2.970597e-02;5.927470e-02;3.395858e-02;1.889446e-02;8.633923e-02;1.681888e-01;3.673278e-01;1.215207e-01;4.718187e-02;4.010018e-02;1.299722e-02;1.451053e-02
3.709063e-02;3.023301e-02;1.025671e-01;4.081542e-02;1.556976e-01;1.496766e-01;1.821960e-01;1.623557e-01;5.395757e-02;4.067298e-02;1.050552e-02;3.423178e-02
3.261978e-02;2.963425e-02;2.054638e-01;6.984457e-02;1.759335e-01;6.647494e-02;1.508655e-01;1.004866e-01;6.467485e-02;3.762072e-02;2.085323e-02;4.552826e-02
3.062393e-02;1.905575e-02;3.098551e-01;9.705473e-02;1.338635e-01;3.652190e-02;9.470011e-02;8.077556e-02;1.102964e-01;2.737090e-02;2.906142e-02;3.082075e-02
1.501839e-02;1.229520e-02;3.839903e-01;1.165189e-01;1.090767e-01;3.807187e-02;2.950300e-02;9.174966e-02;1.294148e-01;2.433929e-02;3.896251e-02;1.105927e-02
5.362594e-03;7.616395e-03;4.660879e-01;1.288589e-01;1.054289e-01;4.721545e-02;4.326527e-02;7.284045e-02;6.883591e-02;1.344609e-02;3.588872e-02;5.153335e-03
3.992554e-03;8.588204e-03;5.837452e-01;1.374294e-01;1.075269e-01;4.100292e-02;1.387249e-02;4.349201e-02;2.047022e-02;5.796712e-03;3.076475e-02;3.318683e-03
2.029647e-03;1.010535e-02;6.342777e-01;1.342390e-01;1.017075e-01;3.222487e-02;2.548296e-02;2.072670e-02;1.196492e-02;4.560085e-03;2.098275e-02;1.698431e-03
3.692822e-03;7.128048e-03;6.630308e-01;1.366869e-01;9.692979e-02;2.835116e-02;1.356543e-02;1.313650e-02;1.929121e-02;4.518138e-03;9.924565e-03;3.744614e-03
2.750819e-03;8.042069e-03;6.461943e-01;1.364857e-01;1.055873e-01;2.611132e-02;1.747347e-02;1.531755e-02;2.398743e-02;3.690505e-03;1.110717e-02;3.252331e-03
3.091944e-03;8.331538e-03;6.306297e-01;1.382514e-01;1.144181e-01;3.285859e-02;1.979194e-02;1.415192e-02;1.563524e-02;4.698715e-03;1.548201e-02;2.658752e-03
3.507396e-03;8.294704e-03;6.113020e-01;1.379199e-01;1.245064e-01;3.697190e-02;2.156816e-02;1.293866e-02;1.080401e-02;5.490425e-03;2.440134e-02;2.295025e-03
5.157893e-03;6.584270e-03;5.906776e-01;1.397972e-01;1.348268e-01;3.703190e-02;1.827592e-02;1.331352e-02;1.070252e-02;7.048105e-03;3.286458e-02;3.719583e-03
5.519568e-03;6.981432e-03;5.507833e-01;1.329478e-01;1.481023e-01;4.293066e-02;1.483531e-02;2.156727e-02;1.841315e-02;1.085092e-02;4.069447e-02;6.373946e-03
5.487737e-03;6.796763e-03;4.944831e-01;1.158458e-01;1.745364e-01;5.688633e-02;2.342667e-02;3.397611e-02;2.584105e-02;1.107443e-02;4.416822e-02;7.477419e-03
6.655462e-03;1.106570e-02;3.945313e-01;8.678165e-02;2.100348e-01;8.903840e-02;6.291460e-02;3.919822e-02;2.133343e-02;1.597126e-02;3.878873e-02;2.368643e-02
2.145970e-02;7.963066e-03;1.946140e-01;4.173901e-02;1.928832e-01;1.248804e-01;2.906104e-01;2.752357e-02;2.530884e-02;2.233371e-02;1.451493e-02;3.616906e-02
4.915277e-02;6.140122e-03;6.350683e-02;1.692349e-02;1.316194e-01;1.693154e-01;4.292194e-01;4.894523e-02;2.560648e-02;2.921804e-02;1.006984e-02;2.028310e-02
6.469323e-02;8.100399e-03;3.070243e-02;8.732712e-03;9.450086e-02;2.134970e-01;4.210766e-01;7.717336e-02;2.533753e-02;2.473467e-02;1.122675e-02;2.022445e-02
8.051929e-02;1.284185e-02;4.474821e-02;1.287370e-02;1.048504e-01;1.992492e-01;3.079703e-01;8.899882e-02;4.819841e-02;2.004743e-02;8.284818e-03;7.141758e-02
1.130117e-01;1.198337e-02;5.730867e-02;1.969253e-02;1.403358e-01;1.482629e-01;1.790978e-01;6.445222e-02;4.928707e-02;2.422775e-02;2.179214e-02;1.705482e-01
1.253161e-01;2.250980e-02;6.010611e-02;3.986046e-02;1.791922e-01;8.502753e-02;8.329523e-02;3.562002e-02;3.814641e-02;2.299245e-02;3.364392e-02;2.742897e-01
9.347053e-02;3.346121e-02;6.632393e-02;1.111424e-01;1.748956e-01;4.439929e-02;3.608657e-02;4.691138e-02;2.800983e-02;2.890229e-02;9.576144e-02;2.406354e-01
5.645983e-02;2.636252e-02;8.663738e-02;2.286232e-01;1.406246e-01;4.162913e-02;2.009369e-02;8.565243e-02;1.698396e-02;2.754681e-02;1.724658e-01;9.692066e-02
4.830986e-02;2.589543e-02;1.353412e-01;2.570008e-01;8.862756e-02;3.594375e-02;5.359429e-02;9.304821e-02;2.046446e-02;3.856933e-02;1.730291e-01;3.017599e-02
8.789778e-02;3.754816e-02;2.045504e-01;1.606947e-01;4.290893e-02;2.466095e-02;1.317797e-01;4.601768e-02;3.279941e-02;7.756349e-02;1.050882e-01;4.849068e-02
1.130315e-01;3.748436e-02;2.083611e-01;6.802003e-02;4.014678e-02;5.550275e-02;1.364849e-01;4.307250e-02;3.303573e-02;8.841585e-02;1.089785e-01;6.746599e-02
9.397398e-02;4.919584e-02;1.921008e-01;5.446307e-02;5.342147e-02;9.162661e-02;6.300871e-02;3.769070e-02;6.899869e-02;9.137134e-02;1.474971e-01;5.665162e-02
4.307143e-02;8.006208e-02;1.230212e-01;7.805154e-02;9.983180e-02;7.810867e-02;6.411188e-02;3.479812e-02;8.622713e-02;8.456860e-02;1.578990e-01;7.024854e-02
8.158809e-02;6.960559e-02;7.241563e-02;4.505556e-02;1.479652e-01;1.172599e-01;8.409896e-02;3.115332e-02;8.800890e-02;6.159076e-02;7.518891e-02;1.260691e-01
1.602812e-01;6.787316e-02;4.015085e-02;1.629177e-02;1.048681e-01;2.200333e-01;1.423413e-01;3.764639e-02;4.277856e-02;4.761643e-02;2.992664e-02;9.019224e-02
1.360111e-01;1.749250e-01;2.470980e-02;1.468535e-02;3.327017e-02;1.908979e-01;2.677471e-01;3.122622e-02;2.359784e-02;2.555278e-02;3.812639e-02;3.925049e-02
5.869002e-02;3.061345e-01;1.926134e-02;1.834950e-02;3.327115e-02;8.318663e-02;3.387383e-01;3.462784e-02;2.357937e-02;1.192049e-02;5.637826e-02;1.586260e-02
1.846883e-02;3.619799e-01;6.133794e-02;1.425941e-02;3.043302e-02;3.154220e-02;3.117906e-01;7.481239e-02;2.250653e-02;8.272041e-03;5.351858e-02;1.107857e-02
1.302499e-02;2.966168e-01;1.913399e-01;8.676885e-03;1.954764e-02;1.263855e-02;2.016673e-01;1.743045e-01;1.628922e-02;1.663355e-02;2.856084e-02;2.069986e-02
1.904045e-02;1.277333e-01;2.688875e-01;1.055880e-02;9.665211e-03;2.200112e-02;1.624494e-01;2.686327e-01;3.406865e-02;3.059427e-02;7.652532e-03;3.871609e-02
2.048857e-02;3.011260e-02;2.066391e-01;2.107790e-02;1.445291e-02;4.567054e-02;2.250925e-01;2.809066e-01;7.218343e-02;3.564144e-02;9.636913e-03;3.809753e-02
2.078635e-02;1.595362e-02;1.141722e-01;3.454855e-02;2.070583e-02;6.026468e-02;3.048368e-01;2.590299e-01;7.897542e-02;4.531077e-02;1.682444e-02;2.859149e-02
1.587215e-02;1.381333e-02;1.000850e-01;3.775600e-02;2.384971e-02;4.966520e-02;4.527931e-01;1.874683e-01;4.103436e-02;3.317364e-02;1.430162e-02;3.018755e-02
5.976599e-03;2.042077e-02;7.513494e-02;1.379380e-02;3.610086e-02;4.202214e-02;6.304665e-01;1.022957e-01;3.213051e-02;1.141013e-02;1.259691e-02;1.765119e-02
1.480528e-02;3.567136e-02;2.984515e-02;1.633643e-02;6.396069e-02;6.759663e-02;6.674597e-01;4.632715e-02;1.557724e-02;1.469771e-02;1.832593e-02;9.396734e-03
3.530203e-02;3.612218e-02;4.606817e-02;3.834031e-02;8.142922e-02;1.017779e-01;5.491161e-01;2.222889e-02;1.763642e-02;2.995923e-02;2.040670e-02;2.161293e-02
4.176740e-02;4.535996e-02;7.146497e-02;3.929346e-02;6.213700e-02;8.731593e-02;4.787835e-01;5.437017e-02;2.752878e-02;3.096423e-02;3.381611e-02;2.719855e-02
2.457157e-02;3.709268e-02;6.038328e-02;2.403211e-02;3.225753e-02;5.042975e-02;5.612863e-01;9.373719e-02;3.612677e-02;2.302840e-02;4.002245e-02;1.703196e-02
6.288015e-03;3.103493e-02;4.728720e-02;1.160304e-02;1.312361e-02;2.481123e-02;6.527083e-01;1.268410e-01;2.905122e-02;1.811677e-02;3.334451e-02;5.790221e-03
7.533083e-03;3.710142e-02;3.556734e-02;8.214230e-03;1.138257e-02;2.369243e-02;6.930422e-01;1.219113e-01;1.838198e-02;1.006807e-02;2.619993e-02;6.905482e-03
6.924339e-03;5.203106e-02;2.316801e-02;4.578903e-03;1.812069e-02;3.242975e-02;7.231322e-01;8.977102e-02;1.775125e-02;8.671374e-03;1.738135e-02;6.040064e-03
8.031652e-03;6.972028e-02;1.729728e-02;4.521670e-03;2.986229e-02;5.615392e-02;7.193475e-01;5.279339e-02;2.145040e-02;1.080753e-02;6.434894e-03;3.579241e-03
2.475533e-02;7.485425e-02;1.645800e-02;5.294886e-03;4.622664e-02;1.084107e-01;6.587800e-01;2.445463e-02;1.723703e-02;8.627199e-03;1.107127e-02;3.829939e-03
6.732149e-02;5.042334e-02;1.947886e-02;7.952325e-03;8.392880e-02;1.922605e-01;4.981122e-01;2.088069e-02;1.333364e-02;2.236681e-02;1.389325e-02;1.004810e-02
1.116748e-01;1.261625e-02;4.747223e-02;1.741179e-02;1.410632e-01;2.416497e-01;3.289440e-01;1.524743e-02;1.625878e-02;3.384338e-02;1.240138e-02;2.141701e-02
1.012294e-01;1.915883e-02;8.716522e-02;3.302692e-02;1.874914e-01;1.946526e-01;2.241887e-01;1.802319e-02;2.733414e-02;4.068926e-02;1.450492e-02;5.253540e-02
6.739239e-02;2.906946e-02;1.510461e-01;5.232620e-02;1.943538e-01;1.233816e-01;1.193819e-01;3.319862e-02;6.083376e-02;5.391421e-02;2.855224e-02;8.654974e-02
6.627123e-02;3.546236e-02;1.835924e-01;6.737612e-02;1.721199e-01;1.174303e-01;1.005252e-01;3.379980e-02;6.964858e-02;5.790355e-02;2.557322e-02;7.029728e-02
4.439606e-02;2.831406e-02;2.487108e-01;9.268269e-02;1.611490e-01;8.846979e-02;1.115905e-01;4.651929e-02;4.876434e-02;6.389507e-02;2.945809e-02;3.605033e-02
2.947213e-02;2.490313e-02;2.737446e-01;1.002348e-01;1.179062e-01;6.747629e-02;9.456857e-02;7.839171e-02;5.178120e-02;9.891513e-02;3.630161e-02;2.630456e-02
6.301462e-02;5.035118e-02;2.029006e-01;7.478917e-02;7.922119e-02;8.024513e-02;1.238539e-01;9.941985e-02;4.816891e-02;1.159797e-01;3.072408e-02;3.133170e-02
1.168730e-01;8.444494e-02;1.115813e-01;7.174353e-02;7.065272e-02;5.858907e-02;1.244872e-01;1.321600e-01;7.097944e-02;9.397669e-02;3.002060e-02;3.449161e-02
1.414283e-01;6.888813e-02;7.736787e-02;7.653200e-02;5.347270e-02;9.205739e-02;8.199221e-02;1.065349e-01;1.356597e-01;9.056561e-02;3.914496e-02;3.635627e-02
1.131944e-01;8.637708e-02;9.219594e-02;3.938485e-02;5.540163e-02;8.765563e-02;1.246167e-01;7.105107e-02;1.102845e-01;1.099814e-01;7.048482e-02;3.937197e-02
1.011444e-01;6.054109e-02;1.020851e-01;3.468208e-02;8.418288e-02;1.049929e-01;2.585041e-01;3.508546e-02;3.970266e-02;1.023061e-01;2.306576e-02;5.370749e-02
8.504567e-02;2.958422e-02;8.715212e-02;3.341828e-02;1.198888e-01;1.400214e-01;2.572349e-01;2.569836e-02;4.581600e-02;9.269128e-02;2.128956e-02;6.215936e-02
6.896791e-02;1.544454e-02;8.258066e-02;2.917964e-02;1.712462e-01;1.715486e-01;2.098439e-01;1.799523e-02;5.532803e-02;8.517292e-02;1.748974e-02;7.520261e-02
4.980296e-02;1.442878e-02;1.077822e-01;2.796477e-02;2.434651e-01;1.850614e-01;1.226750e-01;1.009549e-02;7.119789e-02;5.007984e-02;1.522505e-02;1.022214e-01
5.223113e-02;1.222770e-02;1.302065e-01;3.292926e-02;2.815329e-01;2.007169e-01;7.211348e-02;7.846927e-03;7.456136e-02;1.813393e-02;9.026992e-03;1.084729e-01
1.288501e-01;9.995656e-03;9.770112e-02;2.301487e-02;2.384265e-01;2.662589e-01;8.425620e-02;1.349115e-02;5.094787e-02;1.304082e-02;3.895815e-03;7.012099e-02
2.263943e-01;8.892569e-03;3.874971e-02;1.866320e-02;1.456037e-01;3.395632e-01;1.176308e-01;2.801727e-02;1.571258e-02;3.462636e-02;2.598095e-03;2.354825e-02
2.571934e-01;9.048149e-03;1.485116e-02;2.815867e-02;7.629681e-02;3.787598e-01;1.338372e-01;3.394921e-02;6.951604e-03;5.102821e-02;2.599432e-03;7.326302e-03
2.398738e-01;1.406520e-02;9.921531e-03;5.351847e-02;4.777224e-02;3.829862e-01;1.470970e-01;2.686126e-02;6.244049e-03;6.353955e-02;4.073308e-03;4.047254e-03
2.108516e-01;2.104334e-02;1.945868e-02;8.555390e-02;4.511376e-02;3.475766e-01;1.715616e-01;1.466311e-02;5.741299e-03;6.652854e-02;4.369089e-03;7.538432e-03
1.882934e-01;1.928255e-02;2.239993e-02;1.213503e-01;4.942026e-02;3.003436e-01;2.084502e-01;7.930267e-03;3.754651e-03;6.679861e-02;3.792489e-03;8.183645e-03
1.732211e-01;1.804415e-02;1.524938e-02;1.436183e-01;5.558930e-02;2.504725e-01;2.564588e-01;9.872460e-03;3.027841e-03;6.639323e-02;3.658757e-03;4.394193e-03
1.913856e-01;1.567453e-02;4.083958e-02;1.246293e-01;7.196691e-02;2.032436e-01;2.663386e-01;1.453029e-02;5.970372e-03;5.292171e-02;3.177350e-03;9.322233e-03
1.879764e-01;2.966577e-02;1.234863e-01;9.134094e-02;8.723214e-02;1.479365e-01;2.204429e-01;1.626201e-02;1.205222e-02;3.514987e-02;1.017945e-02;3.827542e-02
1.395549e-01;7.614401e-02;1.482128e-01;7.758496e-02;9.808581e-02;7.268688e-02;2.124805e-01;2.516130e-02;1.946141e-02;2.409369e-02;4.097568e-02;6.555803e-02
9.256506e-02;8.152136e-02;6.273448e-02;5.362994e-02;1.012346e-01;1.064891e-01;3.048497e-01;4.843546e-02;1.493365e-02;3.017788e-02;4.801169e-02;5.541709e-02
9.347131e-02;4.168846e-02;1.177061e-01;4.022124e-02;1.151553e-01;1.342458e-01;3.075630e-01;3.942089e-02;1.279447e-02;2.726394e-02;2.369422e-02;4.677521e-02
7.855687e-02;1.678781e-02;2.275474e-01;5.272606e-02;1.235363e-01;1.180845e-01;2.348582e-01;2.708413e-02;1.384544e-02;2.003699e-02;2.230716e-02;6.462912e-02
5.006939e-02;2.706459e-02;3.836142e-01;7.289746e-02;8.489013e-02;7.388505e-02;1.405225e-01;1.999490e-02;1.381526e-02;2.235267e-02;4.028374e-02;7.061017e-02
3.814853e-02;3.137152e-02;5.730228e-01;9.401628e-02;3.090454e-02;3.961605e-02;4.163202e-02;1.780229e-02;1.365979e-02;3.790945e-02;4.676479e-02;3.515192e-02
4.855442e-02;3.546761e-02;3.774214e-01;7.207308e-02;7.209475e-02;5.275557e-02;2.001176e-01;2.127802e-02;2.218727e-02;4.830654e-02;3.067820e-02;1.906557e-02
2.709641e-02;2.075708e-02;3.411450e-01;6.434087e-02;1.274926e-01;6.634858e-02;2.419984e-01;2.055890e-02;2.232796e-02;2.975674e-02;2.170881e-02;1.646857e-02
9.259610e-03;1.345697e-02;5.315167e-01;7.436012e-02;1.074880e-01;4.739374e-02;1.397948e-01;1.381609e-02;1.385575e-02;1.918593e-02;2.046279e-02;9.409495e-03
9.023042e-03;1.213956e-02;7.126596e-01;7.779159e-02;6.576682e-02;1.969791e-02;4.536666e-02;7.229520e-03;1.021025e-02;2.353643e-02;1.423892e-02;2.339719e-03
1.396963e-02;2.162848e-02;7.790759e-01;6.235769e-02;4.135488e-02;1.121068e-02;1.664537e-02;6.696825e-03;5.800414e-03;3.039488e-02;7.546468e-03;3.318796e-03
1.041923e-02;3.636551e-02;7.964240e-01;4.660821e-02;3.065165e-02;7.580742e-03;1.325226e-02;5.371751e-03;1.133013e-02;3.323667e-02;3.423306e-03;5.336503e-03
7.995761e-03;6.132227e-02;7.900738e-01;3.689413e-02;2.227721e-02;7.073003e-03;1.154640e-02;5.978372e-03;1.784967e-02;2.490478e-02;3.121046e-03;1.096354e-02
1.942833e-02;1.009794e-01;7.323857e-01;2.816449e-02;1.527651e-02;1.480968e-02;1.495831e-02;1.118119e-02;3.000650e-02;1.205291e-02;3.563747e-03;1.719322e-02
3.381251e-02;1.441253e-01;6.568171e-01;2.626722e-02;7.559490e-03;2.657907e-02;1.757356e-02;8.733255e-03;4.333404e-02;1.100373e-02;4.868240e-03;1.932655e-02
4.941210e-02;1.781768e-01;5.955189e-01;2.190563e-02;8.809282e-03;3.577961e-02;1.568828e-02;8.616650e-03;5.062385e-02;1.093440e-02;7.319394e-03;1.721517e-02
5.080708e-02;1.719980e-01;5.053298e-01;3.906750e-02;2.807845e-02;4.836696e-02;2.224648e-02;2.716256e-02;4.471917e-02;3.306119e-02;1.091762e-02;1.824514e-02
2.620324e-02;1.371064e-01;4.467795e-01;4.948071e-02;4.416497e-02;5.174601e-02;3.582479e-02;6.135026e-02;5.161805e-02;6.739958e-02;1.122213e-02;1.710428e-02
2.676539e-02;1.178478e-01;4.508377e-01;3.896011e-02;3.167049e-02;4.360525e-02;2.702392e-02;9.128485e-02;6.360295e-02;8.645667e-02;5.709499e-03;1.623543e-02
1.212425e-02;1.176382e-01;4.955674e-01;2.406068e-02;1.387337e-02;3.255673e-02;2.382824e-02;1.246067e-01;6.637601e-02;6.935634e-02;4.054752e-03;1.595735e-02
1.558367e-02;1.279933e-01;5.033308e-01;1.648441e-02;4.900998e-03;3.761547e-02;1.450828e-02;1.574415e-01;6.527423e-02;4.121923e-02;1.679346e-03;1.396878e-02
1.602197e-02;1.244465e-01;5.160631e-01;1.479342e-02;6.482066e-03;3.241352e-02;8.134522e-03;1.674632e-01;5.538788e-02;4.328026e-02;2.934673e-03;1.257887e-02
1.067529e-02;1.098316e-01;5.800909e-01;1.823692e-02;1.396768e-02;1.821081e-02;9.740641e-03;1.259612e-01;4.022741e-02;6.144020e-02;3.404526e-03;8.212776e-03
8.787575e-03;9.728867e-02;6.481122e-01;2.037321e-02;2.174611e-02;1.009705e-02;1.399694e-02;6.402448e-02;2.674961e-02;8.292169e-02;2.589177e-03;3.313319e-03
7.213534e-03;8.640425e-02;6.614787e-01;2.248125e-02;3.165494e-02;5.901685e-03;1.830011e-02;3.278755e-02;2.058292e-02;1.074016e-01;3.125580e-03;2.667867e-03
