1.071761e-01;1.620471e-01;1.853946e-01;4.350964e-02;7.727236e-02;3.333616e-02;6.163231e-02;4.378394e-02;6.834749e-02;4.605077e-02;3.759447e-02;1.338551e-01
9.777439e-02;1.303051e-01;2.155016e-01;5.087833e-02;8.692609e-02;6.912415e-02;1.093119e-01;4.108764e-02;4.793930e-02;3.939092e-02;2.212325e-02;8.963729e-02
6.914293e-02;1.154947e-01;1.311409e-01;6.303833e-02;5.800578e-02;1.125781e-01;2.363459e-01;7.372399e-02;2.238012e-02;2.697228e-02;2.814620e-02;6.303084e-02
5.714919e-02;1.162201e-01;7.740880e-02;5.405322e-02;5.501362e-02;9.094688e-02;3.098927e-01;9.713352e-02;1.777730e-02;1.949884e-02;3.287860e-02;7.202725e-02
4.663102e-02;9.350615e-02;7.528093e-02;3.864550e-02;7.383949e-02;6.839421e-02;3.436664e-01;1.045010e-01;2.101709e-02;1.157236e-02;4.640478e-02;7.654103e-02
4.385922e-02;4.715524e-02;1.442392e-01;2.267625e-02;8.303501e-02;1.044913e-01;2.866012e-01;8.102904e-02;3.839358e-02;1.208906e-02;7.123906e-02;6.519184e-02
5.380498e-02;2.464018e-02;2.310129e-01;9.988544e-03;7.774264e-02;1.865983e-01;1.347823e-01;7.439608e-02;5.314366e-02;1.286360e-02;9.456696e-02;4.645990e-02
7.718683e-02;5.559357e-02;2.350057e-01;1.856659e-02;6.585208e-02;2.376832e-01;6.589457e-02;6.501030e-02;5.426390e-02;3.132965e-02;7.039753e-02;2.321604e-02
8.573014e-02;7.539413e-02;1.806681e-01;2.344106e-02;7.632387e-02;2.422786e-01;6.501506e-02;5.895860e-02;4.704368e-02;5.250751e-02;4.662760e-02;4.601164e-02
6.185988e-02;7.772139e-02;9.711698e-02;2.474809e-02;6.569334e-02;1.972985e-01;1.665902e-01;5.830164e-02;4.800762e-02;6.003119e-02;9.074865e-02;5.188255e-02
8.186039e-02;5.397930e-02;1.102386e-01;4.023063e-02;7.337081e-02;1.288124e-01;1.955575e-01;5.151876e-02;5.164778e-02;6.545032e-02;1.202212e-01;2.711225e-02
6.356030e-02;5.971534e-02;1.286696e-01;4.444136e-02;7.194877e-02;9.351794e-02;1.893518e-01;4.225061e-02;5.500573e-02;5.898599e-02;1.550297e-01;3.752282e-02
3.154796e-02;5.815043e-02;1.363091e-01;3.481464e-02;7.482702e-02;1.301200e-01;1.203136e-01;5.983561e-02;3.873014e-02;7.635438e-02;1.468806e-01;9.211652e-02
3.332953e-02;3.624959e-02;1.488411e-01;2.648867e-02;9.111978e-02;1.262931e-01;1.209632e-01;7.321047e-02;3.054936e-02;7.704535e-02;1.235291e-01;1.123808e-01
3.332009e-02;3.517780e-02;1.351160e-01;4.170583e-02;8.822918e-02;1.391052e-01;1.172863e-01;8.895967e-02;3.775524e-02;5.868658e-02;1.400306e-01;8.462753e-02
4.423837e-02;3.082196e-02;1.175803e-01;4.621807e-02;8.387789e-02;1.479503e-01;1.440529e-01;9.422888e-02;5.175984e-02;5.609754e-02;1.397106e-01;4.346338e-02
7.441452e-02;3.181584e-02;8.541158e-02;4.464959e-02;7.452922e-02;1.426446e-01;1.429262e-01;9.971765e-02;5.134154e-02;8.486095e-02;1.247768e-01;4.291147e-02
5.642193e-02;4.380650e-02;6.097239e-02;3.256830e-02;7.041169e-02;1.089706e-01;2.016948e-01;1.038490e-01;7.967944e-02;9.297983e-02;9.525768e-02;5.338775e-02
4.635379e-02;5.219890e-02;1.113481e-01;2.842976e-02;6.163460e-02;7.557091e-02;1.960541e-01;9.637572e-02;8.739978e-02;1.054088e-01;8.002418e-02;5.920142e-02
4.819604e-02;8.015276e-02;1.245288e-01;5.536529e-02;6.497366e-02;8.200765e-02;1.175097e-01;6.526837e-02;7.494566e-02;1.379755e-01;3.918142e-02;1.098951e-01
2.606982e-02;8.801559e-02;1.220789e-01;9.135482e-02;7.174660e-02;1.110016e-01;8.605783e-02;5.552752e-02;9.837705e-02;1.166191e-01;3.290747e-02;1.002436e-01
3.415762e-02;3.585305e-02;1.128742e-01;1.153424e-01;8.392435e-02;1.093485e-01;1.314986e-01;9.957261e-02;1.209470e-01;8.499496e-02;2.258987e-02;4.889682e-02
3.633504e-02;4.344247e-02;8.853021e-02;8.777592e-02;7.552554e-02;1.005239e-01;1.487884e-01;1.230314e-01;1.519180e-01;9.370704e-02;2.365463e-02;2.676746e-02
3.911501e-02;3.847088e-02;9.753161e-02;7.179251e-02;5.179445e-02;9.545831e-02;1.320053e-01;1.578296e-01;1.673601e-01;8.663294e-02;3.729051e-02;2.471868e-02
5.508325e-02;4.327209e-02;1.439745e-01;6.575479e-02;4.474008e-02;9.187971e-02;1.649266e-01;1.711873e-01;1.110722e-01;5.475444e-02;2.837686e-02;2.497821e-02
1.091684e-01;6.291812e-02;2.093060e-01;4.857332e-02;5.532040e-02;8.279374e-02;1.936032e-01;7.077407e-02;5.057314e-02;4.933356e-02;3.018585e-02;3.745021e-02
1.213239e-01;8.109071e-02;2.191551e-01;4.008028e-02;5.976615e-02;7.268736e-02;1.520118e-01;6.148665e-02;5.127105e-02;4.369443e-02;5.215331e-02;4.527923e-02
8.708819e-02;6.781240e-02;2.048047e-01;2.744981e-02;6.494962e-02;6.830800e-02;1.160233e-01;1.091332e-01;7.664390e-02;4.304680e-02;8.437922e-02;5.036092e-02
2.613587e-02;3.317191e-02;2.068824e-01;1.426152e-02;6.338374e-02;7.999163e-02;6.378993e-02;1.395953e-01;1.429157e-01;4.885168e-02;1.102627e-01;7.075766e-02
5.605665e-02;1.224093e-02;2.301037e-01;6.621219e-03;5.452150e-02;1.074093e-01;2.183272e-02;7.536358e-02;2.175252e-01;4.968759e-02;1.026338e-01;6.600380e-02
7.351134e-02;1.117914e-02;2.120315e-01;8.437912e-03;5.386743e-02;1.097400e-01;4.990022e-02;2.785848e-02;2.573564e-01;5.892123e-02;8.670238e-02;5.049395e-02
5.116173e-02;1.096587e-02;2.057232e-01;9.504114e-03;4.938336e-02;1.238955e-01;7.226557e-02;1.924063e-02;2.848827e-01;6.078693e-02;7.976131e-02;3.242911e-02
3.385739e-02;1.226752e-02;2.148147e-01;8.072386e-03;4.282835e-02;1.517653e-01;7.089114e-02;1.246230e-02;2.999040e-01;5.526707e-02;7.616463e-02;2.170508e-02
1.975622e-02;1.280493e-02;2.010868e-01;1.285566e-02;6.410762e-02;1.521967e-01;1.040047e-01;2.536475e-02;2.883585e-01;3.982339e-02;5.890981e-02;2.073089e-02
2.220264e-02;1.285908e-02;1.575018e-01;1.547530e-02;1.079563e-01;1.373716e-01;1.496068e-01;5.000556e-02;2.613064e-01;2.199815e-02;3.832017e-02;2.539613e-02
2.737525e-02;1.978299e-02;1.014736e-01;1.614876e-02;1.219097e-01;1.316452e-01;2.053163e-01;9.682222e-02;1.915070e-01;1.344877e-02;3.591543e-02;3.865478e-02
6.104903e-02;4.594718e-02;1.029764e-01;2.257491e-02;7.638049e-02;1.254387e-01;2.261655e-01;1.265576e-01;9.138467e-02;2.546002e-02;4.540795e-02;5.065754e-02
9.048551e-02;7.244749e-02;1.183890e-01;3.162617e-02;6.392949e-02;1.201584e-01;1.919908e-01;1.207630e-01;5.937700e-02;4.175707e-02;4.817360e-02;4.090232e-02
7.231237e-02;8.029617e-02;9.075538e-02;4.412121e-02;6.048160e-02;1.304852e-01;1.522387e-01;1.212666e-01;8.788285e-02;4.836571e-02;7.672547e-02;3.506875e-02
1.169405e-01;1.187257e-01;7.932553e-02;4.924813e-02;3.184335e-02;7.787319e-02;1.712437e-01;8.578277e-02;8.642536e-02;2.604607e-02;5.714548e-02;9.940019e-02
8.594395e-02;1.401823e-01;4.886424e-02;6.134221e-02;1.645518e-02;3.196495e-02;2.807453e-01;9.314990e-02;4.789266e-02;2.366859e-02;2.944997e-02;1.403408e-01
5.058791e-02;1.105963e-01;2.335165e-02;6.543279e-02;9.424459e-03;2.327321e-02;3.794317e-01;1.155494e-01;1.964743e-02;2.658300e-02;2.327689e-02;1.528452e-01
4.655864e-02;7.222731e-02;2.486279e-02;4.826390e-02;1.648523e-02;5.491189e-02;3.830214e-01;1.360534e-01;2.569969e-02;2.881394e-02;3.769559e-02;1.254063e-01
4.143406e-02;4.710823e-02;5.183754e-02;3.241982e-02;3.135162e-02;9.269580e-02;3.458642e-01;1.416217e-01;3.529547e-02;3.940560e-02;5.441635e-02;8.654959e-02
4.363341e-02;3.254873e-02;7.039668e-02;4.059391e-02;5.179013e-02;1.041108e-01;2.967842e-01;1.596591e-01;3.446583e-02;5.340448e-02;4.822281e-02;6.438991e-02
4.896441e-02;3.090123e-02;5.557178e-02;4.430212e-02;7.773558e-02;1.034211e-01;1.853042e-01;2.091229e-01;7.505867e-02;5.449894e-02;6.797312e-02;4.714582e-02
6.255981e-02;3.676515e-02;4.786029e-02;2.699815e-02;7.350523e-02;8.950900e-02;1.688488e-01;1.781151e-01;7.614940e-02;5.671401e-02;7.258528e-02;1.103898e-01
6.422006e-02;3.589657e-02;7.541903e-02;4.188248e-02;5.045964e-02;5.750924e-02;2.516402e-01;1.119495e-01;4.731939e-02;5.902387e-02;6.047067e-02;1.442093e-01
5.440837e-02;5.178668e-02;9.586462e-02;6.635674e-02;5.771373e-02;8.224054e-02;2.677989e-01;5.666870e-02;3.560770e-02;4.946020e-02;4.719295e-02;1.349009e-01
4.967719e-02;6.237283e-02;9.650062e-02;7.330908e-02;5.672846e-02;6.847529e-02;2.300775e-01;8.470950e-02;5.869609e-02;5.580163e-02;5.853430e-02;1.051175e-01
7.199118e-02;5.219783e-02;9.360655e-02;7.265437e-02;5.251317e-02;5.951400e-02;1.829389e-01;1.088812e-01;6.952754e-02;6.031865e-02;6.286243e-02;1.129942e-01
7.760344e-02;6.730875e-02;5.948592e-02;7.742539e-02;4.428856e-02;6.283477e-02;2.130160e-01;9.077729e-02;7.170018e-02;4.567041e-02;5.379131e-02;1.360980e-01
7.023949e-02;7.995438e-02;4.130111e-02;7.599431e-02;4.135181e-02;7.745332e-02;2.373829e-01;7.880502e-02;7.029810e-02;4.241380e-02;5.034922e-02;1.344565e-01
8.686131e-02;6.953184e-02;5.264086e-02;6.765950e-02;3.497298e-02;6.475870e-02;2.153099e-01;1.072498e-01;6.683084e-02;6.172162e-02;4.029714e-02;1.321655e-01
9.083422e-02;5.497419e-02;1.400841e-01;5.075311e-02;6.741916e-02;6.822103e-02;1.288795e-01;1.026187e-01;7.324640e-02;6.936075e-02;5.121389e-02;1.023948e-01
7.720698e-02;6.044120e-02;1.133668e-01;5.326562e-02;5.093202e-02;7.011607e-02;1.809682e-01;9.078504e-02;5.286355e-02;8.001442e-02;3.729362e-02;1.327465e-01
6.420780e-02;5.423595e-02;7.131013e-02;7.202846e-02;2.983515e-02;4.693037e-02;2.407901e-01;8.982438e-02;2.270704e-02;1.029227e-01;2.241736e-02;1.827905e-01
4.818137e-02;6.376443e-02;3.048579e-02;8.883771e-02;1.064256e-02;1.708362e-02;3.030725e-01;6.701806e-02;1.552547e-02;1.057574e-01;1.784238e-02;2.317888e-01
3.276150e-02;1.046161e-01;1.529267e-02;8.091835e-02;1.560578e-02;3.607596e-02;3.252819e-01;5.112061e-02;1.596707e-02;6.948135e-02;1.659197e-02;2.362867e-01
2.572473e-02;1.567272e-01;3.323487e-02;5.456517e-02;3.814571e-02;7.041227e-02;2.797397e-01;6.081322e-02;2.725539e-02;3.064487e-02;2.325908e-02;1.994778e-01
1.461193e-02;1.678967e-01;6.682707e-02;2.807929e-02;8.880912e-02;1.469483e-01;1.644236e-01;6.622880e-02;4.721137e-02;4.634465e-02;3.479996e-02;1.278193e-01
1.678644e-02;7.962507e-02;1.028103e-01;2.890617e-02;1.409340e-01;2.486029e-01;6.815299e-02;4.692927e-02;7.972433e-02;7.971099e-02;3.736931e-02;7.044823e-02
1.749961e-02;1.296947e-02;1.176001e-01;2.505639e-02;1.284803e-01;2.762080e-01;1.267296e-01;3.330038e-02;8.963977e-02;8.148531e-02;3.489981e-02;5.613134e-02
2.638948e-02;1.007707e-02;1.133812e-01;2.723032e-02;9.782228e-02;2.957612e-01;1.401643e-01;1.874059e-02;7.318237e-02;1.019106e-01;3.367272e-02;6.166796e-02
2.201240e-02;1.734987e-02;7.709208e-02;5.997194e-02;8.472224e-02;2.419121e-01;1.327965e-01;3.859743e-02;4.346254e-02;1.219579e-01;7.165974e-02;8.846530e-02
1.499529e-02;3.720245e-02;4.088277e-02;8.638178e-02;8.342033e-02;1.667915e-01;1.089660e-01;5.475574e-02;6.936996e-02;1.391628e-01;9.150890e-02;1.065626e-01
2.521753e-02;5.626953e-02;3.536989e-02;8.168694e-02;8.352774e-02;1.471327e-01;6.301820e-02;6.187638e-02;1.060945e-01;1.472239e-01;7.763682e-02;1.149458e-01
3.216931e-02;5.365220e-02;5.206859e-02;5.990114e-02;6.444502e-02;1.241714e-01;1.252956e-01;5.615323e-02;8.694958e-02;1.502372e-01;7.452593e-02;1.204308e-01
4.291071e-02;4.363654e-02;5.856018e-02;5.601139e-02;7.724705e-02;1.370858e-01;1.287719e-01;5.756756e-02;4.867968e-02;1.514158e-01;7.613278e-02;1.219806e-01
3.751748e-02;5.565110e-02;5.434118e-02;5.457651e-02;9.493294e-02;1.819115e-01;1.499970e-01;4.135237e-02;3.276281e-02;1.266035e-01;3.676244e-02;1.335911e-01
3.411578e-02;7.450042e-02;5.091221e-02;2.894654e-02;6.991597e-02;2.041804e-01;1.995293e-01;4.058833e-02;3.176540e-02;8.612466e-02;5.142844e-02;1.279926e-01
3.213478e-02;6.008160e-02;6.519844e-02;3.615568e-02;6.518403e-02;1.714740e-01;2.284598e-01;4.454979e-02;3.349560e-02;7.124252e-02;5.890135e-02;1.331224e-01
4.092159e-02;4.303084e-02;5.979560e-02;8.699905e-02;7.207330e-02;1.265670e-01;2.076373e-01;3.032915e-02;4.371374e-02;8.194632e-02;5.179584e-02;1.551903e-01
3.388683e-02;3.955031e-02;6.173471e-02;1.034745e-01;6.530757e-02;1.487870e-01;1.605846e-01;3.779338e-02;4.798797e-02;7.911086e-02;3.296575e-02;1.888165e-01
2.024209e-02;6.311065e-02;7.780304e-02;7.001299e-02;9.194170e-02;1.908357e-01;1.095807e-01;4.813972e-02;4.752535e-02;5.942325e-02;3.193494e-02;1.894499e-01
2.791292e-02;8.399883e-02;7.488949e-02;4.358132e-02;8.168097e-02;1.914656e-01;1.410008e-01;5.363359e-02;5.174265e-02;7.617431e-02;2.654632e-02;1.473733e-01
4.750913e-02;7.107031e-02;8.847390e-02;4.724037e-02;7.524882e-02;1.690039e-01;1.940205e-01;4.633534e-02;5.434294e-02;6.383108e-02;2.648420e-02;1.164395e-01
4.497551e-02;9.764004e-02;9.002709e-02;4.620617e-02;8.569954e-02;1.864375e-01;1.828313e-01;5.494277e-02;5.407881e-02;4.155778e-02;2.849617e-02;8.710729e-02
2.939598e-02;1.073970e-01;8.150496e-02;5.912421e-02;6.394445e-02;1.783400e-01;2.008619e-01;6.467971e-02;5.185840e-02;6.768028e-02;3.742317e-02;5.778991e-02
8.673739e-02;6.916346e-02;1.477698e-01;5.099336e-02;5.350961e-02;1.265257e-01;2.050475e-01;3.963305e-02;3.759112e-02;6.166138e-02;4.856726e-02;7.280034e-02
1.172492e-01;7.070339e-02;2.028524e-01;3.909678e-02;5.175680e-02;8.687201e-02;1.739963e-01;3.486989e-02;3.046255e-02;6.763565e-02;6.380489e-02;6.070009e-02
8.997890e-02;5.684172e-02;1.863223e-01;2.981530e-02;3.757421e-02;1.145988e-01;1.477406e-01;3.380124e-02;4.148439e-02;8.984363e-02;1.145394e-01;5.745959e-02
3.509805e-02;3.593701e-02;1.340957e-01;2.756969e-02;3.125551e-02;2.214335e-01;1.184587e-01;2.727441e-02;3.986614e-02;1.037002e-01;1.789592e-01;4.635185e-02
3.619804e-02;4.303126e-02;1.166760e-01;3.088398e-02;2.714393e-02;2.461777e-01;8.558898e-02;3.624153e-02;3.710559e-02;1.050544e-01;1.911002e-01;4.479836e-02
3.203941e-02;6.083847e-02;1.047117e-01;3.656274e-02;3.911161e-02;2.057053e-01;8.871665e-02;4.767635e-02;3.486033e-02;1.241975e-01;1.805614e-01;4.501857e-02
5.613258e-02;7.307463e-02;6.619377e-02;4.522509e-02;5.516839e-02;1.317869e-01;1.188143e-01;8.249994e-02;2.288716e-02;1.472589e-01;1.513574e-01;4.960094e-02
3.279670e-02;6.705856e-02;6.293004e-02;5.002017e-02;7.395320e-02;1.009201e-01;1.123075e-01;1.157029e-01;3.743323e-02;1.730132e-01;1.383432e-01;3.552125e-02
1.105828e-02;7.266746e-02;6.156918e-02;3.550984e-02;1.031793e-01;1.204966e-01;6.897698e-02;1.138883e-01;5.572904e-02;1.972389e-01;1.266704e-01;3.301578e-02
2.178507e-02;9.046774e-02;4.918918e-02;2.091254e-02;1.491793e-01;9.670717e-02;4.398043e-02;9.983797e-02;7.502963e-02;2.093745e-01;1.072851e-01;3.625143e-02
2.680573e-02;1.034202e-01;2.314341e-02;2.006489e-02;1.833604e-01;7.766936e-02;6.333106e-02;7.016253e-02;8.750740e-02;2.169370e-01;8.409060e-02;4.350731e-02
1.965751e-02;1.049328e-01;3.628315e-02;3.587077e-02;2.019074e-01;6.212940e-02;4.134634e-02;5.922493e-02;9.748507e-02;2.231421e-01;7.630064e-02;4.171985e-02
2.012020e-02;9.746796e-02;2.998675e-02;4.783979e-02;2.289188e-01;4.219783e-02;3.752180e-02;5.203174e-02;9.270735e-02;2.355102e-01;8.500166e-02;3.069593e-02
2.100055e-02;8.705964e-02;1.705366e-02;5.703279e-02;2.592131e-01;4.645962e-02;4.005018e-02;4.631557e-02;8.705587e-02;2.329305e-01;7.504317e-02;3.078545e-02
1.856869e-02;8.554579e-02;1.047297e-02;7.552020e-02;2.877567e-01;3.912999e-02;3.155876e-02;4.044902e-02;7.088866e-02;2.390874e-01;6.487044e-02;3.615143e-02
1.852992e-02;7.966872e-02;3.137925e-02;7.844592e-02;2.957475e-01;3.731017e-02;2.811050e-02;3.232943e-02;5.521316e-02;2.398694e-01;6.490005e-02;3.849597e-02
2.741840e-02;8.084151e-02;4.205453e-02;6.442297e-02;2.734939e-01;6.932433e-02;3.534867e-02;4.392098e-02;6.031156e-02;2.069982e-01;6.182729e-02;3.403766e-02
3.110160e-02;8.803813e-02;5.016087e-02;5.036521e-02;2.323940e-01;8.377361e-02;7.813683e-02;5.604529e-02;6.102493e-02;1.616424e-01;7.781546e-02;2.950175e-02
3.609962e-02;7.467738e-02;5.406368e-02;5.247821e-02;1.869082e-01;8.604214e-02;1.180484e-01;4.483419e-02;4.837500e-02;1.486777e-01;1.121682e-01;3.762719e-02
3.463417e-02;4.215147e-02;6.527638e-02;2.951171e-02;1.206335e-01;1.947954e-01;1.038300e-01;2.670567e-02;3.482645e-02;1.195702e-01;1.641420e-01;6.392314e-02
3.535984e-02;1.306713e-02;8.894505e-02;2.961960e-02;7.275949e-02;2.526741e-01;1.042395e-01;2.523464e-02;5.012420e-02;7.552611e-02;1.594208e-01;9.302950e-02
4.330678e-02;1.574187e-02;8.178478e-02;7.334875e-02;5.027590e-02;2.086285e-01;1.691673e-01;3.415671e-02;6.826127e-02;5.084725e-02;1.074910e-01;9.698989e-02
7.581086e-02;2.902297e-02;5.967399e-02;9.093531e-02;5.215602e-02;1.316262e-01;2.466341e-01;4.045080e-02;5.844240e-02;3.181995e-02;7.231260e-02;1.111148e-01
1.036564e-01;4.109969e-02;3.231215e-02;7.809565e-02;3.532945e-02;6.445166e-02;2.916014e-01;4.497021e-02;3.375031e-02;4.215714e-02;7.510506e-02;1.574709e-01
1.250700e-01;5.175756e-02;3.185502e-02;9.317978e-02;2.844799e-02;3.835955e-02;2.670124e-01;4.415358e-02;1.911187e-02;5.626814e-02;7.666253e-02;1.681217e-01
1.991806e-01;5.199656e-02;2.788088e-02;8.472266e-02;2.024724e-02;4.250215e-02;2.118580e-01;5.971972e-02;3.488606e-02;5.326192e-02;7.002158e-02;1.437226e-01
3.331841e-01;7.996434e-02;5.760887e-02;4.207962e-02;2.618010e-02;3.859041e-02;1.398299e-01;7.234803e-02;4.083656e-02;3.001563e-02;4.097193e-02;9.839060e-02
3.917434e-01;1.166194e-01;9.114625e-02;2.500914e-02;3.947716e-02;3.484765e-02;1.137829e-01;4.274963e-02;3.531278e-02;1.410090e-02;2.994829e-02;6.526244e-02
3.818170e-01;1.578275e-01;1.340420e-01;1.959270e-02;3.539567e-02;2.101235e-02;1.040252e-01;1.923979e-02;3.097879e-02;1.734875e-02;3.385100e-02;4.486925e-02
3.238664e-01;1.784849e-01;1.823248e-01;2.077982e-02;2.483877e-02;2.014416e-02;9.146389e-02;2.604679e-02;3.530164e-02;1.576971e-02;3.414810e-02;4.683105e-02
2.496761e-01;1.725816e-01;2.341292e-01;1.499350e-02;3.804440e-02;3.761111e-02;9.373285e-02;2.322583e-02;2.819433e-02;1.383956e-02;3.573546e-02;5.823612e-02
1.881396e-01;1.695943e-01;2.902989e-01;2.089953e-02;4.154363e-02;3.748532e-02;1.096597e-01;1.343695e-02;2.311630e-02;2.018906e-02;3.874440e-02;4.689223e-02
2.162843e-01;1.435131e-01;2.891628e-01;2.748454e-02;6.010345e-02;1.787306e-02;8.740553e-02;2.553424e-02;1.963160e-02;2.697140e-02;3.532672e-02;5.070924e-02
2.450465e-01;1.096596e-01;2.474117e-01;2.433596e-02;8.524344e-02;3.741139e-02;5.735946e-02;5.170695e-02;2.547114e-02;2.866638e-02;3.100093e-02;5.668644e-02
2.293585e-01;8.338550e-02;1.817609e-01;2.251467e-02;6.724484e-02;4.942527e-02;1.010091e-01;6.400055e-02;3.446292e-02;3.638305e-02;4.469627e-02;8.575854e-02
3.336819e-01;1.115035e-01;8.770578e-02;5.149239e-02;4.480685e-02;4.954234e-02;9.795426e-02;3.427542e-02;2.637422e-02;3.715326e-02;4.236882e-02;8.314126e-02
4.204294e-01;1.303079e-01;5.542912e-02;5.498797e-02;4.413163e-02;3.557956e-02;6.823577e-02;1.550973e-02;2.747344e-02;3.422767e-02;3.906604e-02;7.462178e-02
4.089430e-01;1.461206e-01;5.617651e-02;4.778575e-02;3.768690e-02;3.126579e-02;5.912652e-02;3.797425e-02;3.489486e-02;3.408168e-02;4.086870e-02;6.507549e-02
3.170311e-01;1.255710e-01;9.517135e-02;4.639711e-02;3.939961e-02;5.243523e-02;8.439559e-02;5.338732e-02;4.456415e-02;3.244681e-02;3.766895e-02;7.153184e-02
1.619738e-01;1.038666e-01;1.872128e-01;6.036848e-02;4.664840e-02;7.595073e-02;1.232168e-01;5.497848e-02;4.836521e-02;3.810200e-02;4.006170e-02;5.925497e-02
9.348554e-02;8.997529e-02;2.129768e-01;7.101311e-02;3.969060e-02;6.204695e-02;1.467668e-01;7.332197e-02;6.837539e-02;4.312884e-02;3.673612e-02;6.248263e-02
1.530689e-01;8.624177e-02;1.996119e-01;5.401079e-02;6.442616e-02;3.515413e-02;1.064572e-01;7.843080e-02;6.596740e-02;4.811475e-02;3.072856e-02;7.778765e-02
1.503660e-01;8.337194e-02;1.849580e-01;3.886303e-02;8.960708e-02;3.146291e-02;1.243175e-01;4.993393e-02;5.139954e-02;6.011702e-02;4.521369e-02;9.038936e-02
1.182057e-01;6.649653e-02;1.391272e-01;4.513507e-02;8.070289e-02;4.641455e-02;1.833619e-01;3.720986e-02;3.916803e-02;8.971910e-02;7.114957e-02;8.330964e-02
9.513238e-02;6.370175e-02;1.445878e-01;6.555005e-02;5.371587e-02;5.993033e-02;1.866221e-01;7.038089e-02;2.972954e-02;8.618744e-02;7.665835e-02;6.780354e-02
1.774410e-01;6.573658e-02;1.564405e-01;5.973045e-02;3.948170e-02;5.205316e-02;1.578283e-01;4.418302e-02;3.818792e-02;6.853849e-02;5.994513e-02;8.043383e-02
2.196629e-01;9.424692e-02;1.558493e-01;5.214137e-02;5.129487e-02;5.814432e-02;1.056635e-01;3.282690e-02;4.989100e-02;6.734201e-02;5.785374e-02;5.508309e-02
1.631504e-01;1.124182e-01;1.565339e-01;7.813413e-02;6.199198e-02;7.359182e-02;8.197398e-02;5.186208e-02;4.517912e-02;5.953230e-02;3.512682e-02;8.050536e-02
9.909562e-02;1.159474e-01;1.319504e-01;1.018157e-01;6.559611e-02;8.126007e-02;7.975495e-02;5.387861e-02;5.209532e-02;7.710178e-02;3.934542e-02;1.021585e-01
6.857944e-02;1.132910e-01;1.635722e-01;9.612054e-02;8.461411e-02;6.712545e-02;8.087146e-02;5.270911e-02;7.367759e-02;6.188164e-02;4.837798e-02;8.917945e-02
1.158043e-01;1.235084e-01;1.192034e-01;8.824649e-02;8.784148e-02;7.256045e-02;5.113677e-02;4.815664e-02;1.249449e-01;5.264232e-02;4.387154e-02;7.208335e-02
1.405840e-01;9.989614e-02;1.335581e-01;7.885609e-02;5.570262e-02;5.831437e-02;4.238735e-02;5.453254e-02;1.366403e-01;6.230620e-02;5.958138e-02;7.764094e-02
9.994075e-02;9.442183e-02;2.033252e-01;6.021167e-02;4.378770e-02;3.399614e-02;5.593160e-02;7.639841e-02;1.158950e-01;6.944821e-02;7.612684e-02;7.051663e-02
6.923115e-02;1.200370e-01;2.851079e-01;6.617115e-02;5.153074e-02;4.845378e-02;6.569549e-02;6.481347e-02;6.242428e-02;3.786723e-02;8.042788e-02;4.823986e-02
6.102948e-02;1.091354e-01;3.721682e-01;4.866668e-02;4.274405e-02;6.083003e-02;5.507306e-02;6.647299e-02;6.598185e-02;3.007723e-02;4.469058e-02;4.313047e-02
7.261514e-02;9.107174e-02;4.526705e-01;3.450676e-02;2.918772e-02;3.974240e-02;4.903127e-02;5.175545e-02;5.741098e-02;2.870325e-02;3.995921e-02;5.334557e-02
9.579268e-02;6.177345e-02;4.258549e-01;2.669343e-02;3.351612e-02;2.248990e-02;8.422706e-02;3.780815e-02;4.217707e-02;4.446992e-02;6.017955e-02;6.501782e-02
9.116991e-02;4.853478e-02;3.181177e-01;3.693738e-02;3.995145e-02;2.028381e-02;1.354043e-01;3.430440e-02;3.875532e-02;6.430019e-02;8.766081e-02;8.457989e-02
6.534626e-02;4.662838e-02;2.019603e-01;5.974908e-02;4.458969e-02;3.041121e-02;2.186995e-01;1.572650e-02;4.807594e-02;6.526634e-02;1.037076e-01;9.983923e-02
5.132204e-02;2.354107e-02;1.806574e-01;6.929380e-02;3.023685e-02;4.690302e-02;2.194372e-01;4.125801e-02;4.583536e-02;6.643789e-02;1.218624e-01;1.032149e-01
7.546243e-02;4.006800e-02;1.686410e-01;4.869159e-02;4.170998e-02;5.837014e-02;1.910795e-01;4.058180e-02;5.661059e-02;6.995181e-02;1.299189e-01;7.891426e-02
1.297183e-01;5.475813e-02;2.311517e-01;3.881193e-02;4.079174e-02;5.576139e-02;1.319733e-01;6.749045e-02;3.987638e-02;4.372512e-02;1.068159e-01;5.912565e-02
1.230572e-01;4.707785e-02;2.772146e-01;3.944745e-02;3.743987e-02;4.409171e-02;1.031486e-01;7.117987e-02;4.708323e-02;4.873208e-02;8.868987e-02;7.283772e-02
1.542067e-01;9.961679e-02;1.805468e-01;5.717881e-02;5.289311e-02;4.246126e-02;1.127307e-01;7.934485e-02;3.535413e-02;5.417440e-02;5.474888e-02;7.674361e-02
1.624771e-01;1.415062e-01;2.796882e-01;4.745184e-02;4.905002e-02;3.251502e-02;8.657455e-02;6.810414e-02;3.214066e-02;3.193285e-02;2.698864e-02;4.157078e-02
1.658361e-01;2.001650e-01;2.567394e-01;3.143935e-02;4.502914e-02;3.285606e-02;5.618080e-02;5.215617e-02;9.538907e-02;2.236210e-02;1.584231e-02;2.600444e-02
1.276720e-01;2.567607e-01;2.143663e-01;2.098320e-02;3.303720e-02;4.227830e-02;4.102048e-02;3.812375e-02;1.922843e-01;1.116893e-02;9.181581e-03;1.312322e-02
1.039675e-01;2.667377e-01;1.895694e-01;1.833370e-02;1.559637e-02;4.772875e-02;3.614676e-02;2.187989e-02;2.615280e-01;1.774843e-02;1.078283e-02;9.980607e-03
1.350342e-01;2.476900e-01;1.567368e-01;1.357261e-02;1.580771e-02;4.300353e-02;2.810998e-02;3.500849e-02;2.700948e-01;2.189464e-02;1.707409e-02;1.597316e-02
1.828369e-01;2.082855e-01;1.237605e-01;1.108779e-02;3.423997e-02;3.970952e-02;2.545863e-02;5.285148e-02;2.635364e-01;1.951992e-02;2.278068e-02;1.593275e-02
2.318903e-01;1.580799e-01;1.185234e-01;9.705869e-03;5.918374e-02;2.695655e-02;2.461841e-02;9.785478e-02;2.105975e-01;1.897148e-02;3.193180e-02;1.168628e-02
2.831130e-01;1.071530e-01;1.096243e-01;1.614187e-02;9.745952e-02;1.888459e-02;2.077121e-02;1.595720e-01;1.161037e-01;1.156406e-02;4.148376e-02;1.812889e-02
2.856938e-01;6.499259e-02;9.994021e-02;2.167929e-02;1.066799e-01;1.423435e-02;3.117273e-02;2.138789e-01;6.018509e-02;1.636036e-02;5.470269e-02;3.048012e-02
2.198644e-01;3.836711e-02;8.427282e-02;3.484240e-02;7.016175e-02;1.843194e-02;1.019072e-01;2.210159e-01;7.429794e-02;3.069378e-02;5.283673e-02;5.330815e-02
1.560450e-01;4.171553e-02;6.455812e-02;6.734370e-02;2.652496e-02;2.015578e-02;2.102012e-01;1.350297e-01;8.856498e-02;4.731586e-02;4.705512e-02;9.549003e-02
1.364392e-01;6.703193e-02;3.719461e-02;8.562310e-02;1.982658e-02;2.209851e-02;2.863085e-01;5.197818e-02;8.080867e-02;5.703457e-02;3.585068e-02;1.198054e-01
8.448322e-02;7.964279e-02;3.525689e-02;7.629757e-02;1.089306e-02;3.775720e-02;3.100095e-01;1.070290e-01;6.324131e-02;4.781324e-02;2.768692e-02;1.198893e-01
3.937655e-02;9.193855e-02;5.302390e-02;6.902444e-02;1.845501e-02;6.488810e-02;3.208018e-01;7.255385e-02;5.606137e-02;4.078282e-02;3.824131e-02;1.348524e-01
6.988121e-02;9.600208e-02;6.874964e-02;4.877116e-02;2.705767e-02;1.148594e-01;2.530349e-01;4.502893e-02;4.884516e-02;3.051432e-02;5.586500e-02;1.413904e-01
7.100522e-02;6.959240e-02;7.726638e-02;2.648298e-02;6.451531e-02;1.565170e-01;1.753233e-01;6.313837e-02;4.889940e-02;5.903665e-02;7.652472e-02;1.116983e-01
7.579403e-02;4.922309e-02;1.134377e-01;3.661187e-02;1.136923e-01;1.542563e-01;9.205095e-02;6.924814e-02;6.220051e-02;8.326893e-02;7.548441e-02;7.473182e-02
1.146486e-01;6.766669e-02;8.421587e-02;3.314226e-02;1.010387e-01;1.109843e-01;1.594701e-01;6.071633e-02;7.720135e-02;8.090837e-02;4.947279e-02;6.053475e-02
1.321726e-01;4.576152e-02;6.236703e-02;4.673312e-02;4.848012e-02;6.607976e-02;2.600247e-01;5.212623e-02;9.681108e-02;9.098368e-02;4.959364e-02;4.886658e-02
1.023567e-01;3.660124e-02;6.836304e-02;8.017481e-02;2.880059e-02;7.143354e-02;2.262641e-01;5.730357e-02;9.696073e-02;1.149563e-01;6.772167e-02;4.906369e-02
8.685520e-02;5.904600e-02;9.523392e-02;1.112822e-01;2.758154e-02;7.630251e-02;1.106239e-01;9.447630e-02;7.759280e-02;1.120724e-01;6.997483e-02;7.895833e-02
8.151974e-02;5.115654e-02;1.285196e-01;1.188842e-01;2.443897e-02;4.706648e-02;1.158699e-01;1.056926e-01;6.041520e-02;1.078809e-01;5.775074e-02;1.008052e-01
7.130727e-02;3.068365e-02;1.245284e-01;9.319953e-02;3.283369e-02;3.729830e-02;1.664040e-01;1.149002e-01;6.745064e-02;1.009103e-01;7.305023e-02;8.743387e-02
4.306540e-02;4.830631e-02;1.321246e-01;6.986842e-02;3.038373e-02;5.867505e-02;2.145023e-01;1.312065e-01;6.566010e-02;8.669740e-02;6.056784e-02;5.894236e-02
4.217598e-02;4.591500e-02;9.610474e-02;4.101049e-02;4.133694e-02;6.141121e-02;2.863678e-01;9.464733e-02;8.462203e-02;8.460248e-02;4.910393e-02;7.270208e-02
5.557150e-02;4.282927e-02;9.281033e-02;3.527591e-02;4.761279e-02;5.622963e-02;2.822037e-01;8.242836e-02;1.137381e-01;7.627016e-02;4.382845e-02;7.120179e-02
7.116002e-02;4.347330e-02;1.383001e-01;4.202476e-02;5.947137e-02;3.931742e-02;2.131693e-01;6.499780e-02;1.490712e-01;7.340221e-02;4.649834e-02;5.911419e-02
6.441757e-02;4.972893e-02;1.554937e-01;3.401270e-02;6.223171e-02;6.269630e-02;1.223392e-01;1.015489e-01;1.430324e-01;9.041329e-02;5.184007e-02;6.224521e-02
6.050033e-02;4.700839e-02;1.157434e-01;3.550038e-02;5.366492e-02;8.177041e-02;1.010860e-01;1.404042e-01;1.114219e-01;1.238578e-01;6.457841e-02;6.446383e-02
5.593548e-02;3.774135e-02;5.869299e-02;5.120546e-02;4.640114e-02;6.535555e-02;1.540367e-01;1.266606e-01;1.228384e-01;1.477955e-01;6.865773e-02;6.467908e-02
3.903844e-02;4.644499e-02;9.279353e-02;6.819823e-02;5.528147e-02;6.066610e-02;1.447208e-01;7.665708e-02;1.135892e-01;1.638942e-01;6.924503e-02;6.947091e-02
5.202652e-02;4.625407e-02;9.000337e-02;8.443645e-02;6.076567e-02;5.267213e-02;1.485268e-01;5.996616e-02;9.243153e-02;1.622664e-01;8.296186e-02;6.768907e-02
8.356249e-02;4.837068e-02;2.549271e-02;9.714525e-02;5.676337e-02;4.279976e-02;2.301581e-01;6.040239e-02;9.528475e-02;1.382360e-01;7.658843e-02;4.519600e-02
9.582647e-02;5.397847e-02;5.300554e-02;7.961740e-02;4.311924e-02;5.296441e-02;1.882629e-01;8.767637e-02;1.062647e-01;1.161226e-01;7.219569e-02;5.096621e-02
6.827609e-02;4.212159e-02;1.056695e-01;6.212795e-02;4.076288e-02;5.383006e-02;1.148047e-01;1.078255e-01;1.149144e-01;1.563048e-01;7.692500e-02;5.643754e-02
5.810428e-02;4.063238e-02;1.416125e-01;6.395494e-02;4.137099e-02;5.094616e-02;1.048137e-01;1.127663e-01;1.087390e-01;1.646703e-01;7.333653e-02;3.905286e-02
5.387016e-02;4.099170e-02;1.333156e-01;6.144840e-02;3.687858e-02;4.055873e-02;1.809528e-01;1.000676e-01;9.374361e-02;1.481880e-01;7.922968e-02;3.075518e-02
4.482929e-02;4.798933e-02;9.915648e-02;5.114608e-02;3.751716e-02;2.941892e-02;2.780496e-01;9.347685e-02;9.145159e-02;1.280166e-01;7.372031e-02;2.522782e-02
3.927652e-02;4.697846e-02;7.093444e-02;3.696591e-02;3.743643e-02;4.333205e-02;3.299531e-01;8.803358e-02;9.362759e-02;1.171774e-01;6.510399e-02;3.118054e-02
2.401214e-02;4.474429e-02;9.875591e-02;4.216608e-02;4.976797e-02;5.426193e-02;2.909622e-01;1.000929e-01;8.979329e-02;1.135792e-01;4.804139e-02;4.382268e-02
2.802853e-02;5.882824e-02;9.927698e-02;6.147863e-02;5.650350e-02;5.712200e-02;2.003714e-01;9.532406e-02;9.417873e-02;1.385286e-01;6.035829e-02;5.000101e-02
6.882116e-02;8.012660e-02;4.936436e-02;5.609868e-02;6.361373e-02;5.353194e-02;1.263465e-01;1.101087e-01;1.247068e-01;1.461443e-01;6.357387e-02;5.756332e-02
7.809391e-02;5.715265e-02;1.006847e-01;4.694723e-02;7.893367e-02;5.796853e-02;9.680402e-02;1.092878e-01;1.276910e-01;1.118331e-01;7.490634e-02;5.969717e-02
5.034539e-02;3.910430e-02;1.114109e-01;3.279660e-02;5.705082e-02;6.634896e-02;2.136396e-01;8.756824e-02;1.173272e-01;8.425239e-02;7.492439e-02;6.523118e-02
7.199982e-02;3.909063e-02;1.148861e-01;4.697204e-02;4.109718e-02;8.750190e-02;2.358655e-01;7.918466e-02;9.225188e-02;7.192916e-02;5.759698e-02;6.162421e-02
6.743604e-02;5.303745e-02;1.127986e-01;6.460135e-02;4.893921e-02;9.146797e-02;2.311533e-01;6.913435e-02;8.305838e-02;7.127018e-02;5.012087e-02;5.698225e-02
5.637708e-02;7.559036e-02;1.576879e-01;7.121665e-02;6.461352e-02;7.102718e-02;1.749394e-01;7.815615e-02;7.313105e-02;7.204228e-02;5.045196e-02;5.476644e-02
9.294510e-02;1.080682e-01;1.680092e-01;8.153205e-02;6.678539e-02;5.960078e-02;1.108087e-01;8.041629e-02;7.492141e-02;6.163407e-02;4.133524e-02;5.394366e-02
