1.532746e-01;1.450993e-01;4.841244e-02;8.384294e-02;2.383562e-02;3.794459e-02;7.988162e-02;9.002886e-02;1.331198e-01;4.664712e-02;1.388329e-01;1.908024e-02
1.370048e-01;1.128416e-01;6.416199e-02;6.679270e-02;2.764386e-02;5.945823e-02;1.159581e-01;8.458803e-02;8.263069e-02;7.235891e-02;1.482314e-01;2.832966e-02
1.662879e-01;1.776592e-01;4.387126e-02;2.673350e-02;2.205792e-02;4.631156e-02;1.553433e-01;1.457510e-01;2.870270e-02;3.100243e-02;1.394108e-01;1.686850e-02
2.162362e-01;2.626418e-01;3.572920e-02;1.575613e-02;1.541098e-02;3.315303e-02;1.273772e-01;1.269298e-01;2.507818e-02;1.587963e-02;1.150199e-01;1.078801e-02
2.913637e-01;2.966462e-01;2.945867e-02;1.241367e-02;1.138486e-02;2.396982e-02;9.291111e-02;9.171809e-02;2.241728e-02;1.252963e-02;1.033920e-01;1.179498e-02
3.527437e-01;2.412534e-01;1.533076e-02;1.072259e-02;7.401609e-03;1.883369e-02;8.680525e-02;7.063057e-02;1.753408e-02;1.036700e-02;1.447084e-01;2.366897e-02
2.450171e-01;1.183783e-01;1.050855e-02;1.280304e-02;6.336969e-03;2.856474e-02;1.264552e-01;5.889265e-02;1.607671e-02;1.847279e-02;3.174495e-01;4.104449e-02
1.702219e-01;8.065095e-02;9.619844e-03;1.859801e-02;3.724633e-03;2.433368e-02;1.351774e-01;3.082517e-02;2.098399e-02;2.299084e-02;4.310842e-01;5.178940e-02
2.161463e-01;3.648001e-02;8.365269e-03;1.459944e-02;5.530556e-03;2.553186e-02;1.113546e-01;2.296636e-02;2.833086e-02;2.282196e-02;4.548341e-01;5.303879e-02
2.162267e-01;4.231317e-02;1.074655e-02;6.650198e-03;1.190050e-02;3.666491e-02;9.884826e-02;2.442768e-02;2.137499e-02;2.224517e-02;4.599945e-01;4.860744e-02
2.487417e-01;8.303960e-02;9.492854e-03;1.730693e-02;1.752936e-02;3.395682e-02;7.746849e-02;3.504775e-02;1.449233e-02;1.585635e-02;4.042754e-01;4.279247e-02
2.530470e-01;1.020163e-01;1.372263e-02;3.405191e-02;2.328428e-02;4.181150e-02;6.103559e-02;3.602902e-02;1.267289e-02;2.481641e-02;3.606099e-01;3.690254e-02
2.439105e-01;6.739202e-02;2.459652e-02;5.554881e-02;5.328303e-02;6.005688e-02;9.204660e-02;8.096728e-02;1.692898e-02;4.132231e-02;2.205841e-01;4.336301e-02
3.108298e-01;6.167552e-02;1.710134e-02;3.329869e-02;5.297405e-02;2.714913e-02;9.424495e-02;4.496591e-02;1.327281e-02;3.704765e-02;2.742075e-01;3.323266e-02
3.267251e-01;5.672508e-02;8.411109e-03;1.750978e-02;3.126782e-02;1.922567e-02;8.634990e-02;5.072298e-02;1.637723e-02;1.880328e-02;3.381154e-01;2.976662e-02
3.118888e-01;9.075149e-02;1.664591e-02;2.328683e-02;3.447888e-02;1.940429e-02;7.175691e-02;3.660217e-02;2.041967e-02;2.307795e-02;3.155281e-01;3.615905e-02
3.189266e-01;1.387853e-01;1.888573e-02;1.441161e-02;3.826935e-02;2.604538e-02;7.691380e-02;6.026212e-02;2.744661e-02;3.774887e-02;1.997306e-01;4.257400e-02
3.753961e-01;1.757252e-01;2.490314e-02;2.432537e-02;4.183694e-02;4.715808e-02;9.229546e-02;3.898435e-02;2.914034e-02;4.138499e-02;5.473624e-02;5.411381e-02
3.002560e-01;6.654315e-02;5.290887e-02;4.055278e-02;5.842187e-02;2.807654e-02;5.406209e-02;8.866064e-02;2.855114e-02;4.406463e-02;1.764307e-01;6.147163e-02
1.681018e-01;8.155584e-02;6.748246e-02;7.736685e-02;6.571885e-02;5.933617e-02;1.215190e-01;8.545783e-02;3.683977e-02;4.157858e-02;1.465874e-01;4.845548e-02
1.021953e-01;6.554487e-02;5.830118e-02;9.303273e-02;5.996421e-02;6.291895e-02;1.553363e-01;1.256056e-01;4.698510e-02;4.555470e-02;1.412129e-01;4.334822e-02
8.813224e-02;5.599527e-02;4.751958e-02;9.248348e-02;4.528408e-02;7.135907e-02;1.654542e-01;1.530139e-01;5.144552e-02;5.005929e-02;1.385394e-01;4.071394e-02
1.823615e-01;1.730708e-01;3.444470e-02;4.730828e-02;2.091267e-02;5.517153e-02;1.339827e-01;1.431609e-01;2.898614e-02;2.832130e-02;1.292064e-01;2.307299e-02
2.995512e-01;1.961323e-01;1.987505e-02;1.404711e-02;1.248096e-02;3.912288e-02;1.225469e-01;1.060380e-01;1.949594e-02;1.955799e-02;1.449486e-01;6.202999e-03
3.268742e-01;1.388310e-01;1.420477e-02;1.232612e-02;8.986436e-03;3.168619e-02;1.128186e-01;1.054427e-01;2.453546e-02;1.566901e-02;1.986582e-01;9.967410e-03
3.076144e-01;7.079548e-02;1.106876e-02;1.216367e-02;9.461849e-03;2.556530e-02;1.037382e-01;9.008907e-02;2.957849e-02;2.078145e-02;3.061383e-01;1.300509e-02
2.508840e-01;1.030710e-01;1.405506e-02;1.296539e-02;1.441815e-02;2.542323e-02;6.629794e-02;6.216769e-02;2.919194e-02;3.031566e-02;3.805781e-01;1.063185e-02
1.993336e-01;1.196209e-01;1.713247e-02;1.924623e-02;1.758437e-02;2.438052e-02;7.894474e-02;5.795880e-02;2.953224e-02;4.196505e-02;3.832535e-01;1.104758e-02
2.174717e-01;1.188100e-01;2.768253e-02;2.852391e-02;1.935122e-02;2.934670e-02;2.300221e-01;9.821273e-02;3.720753e-02;4.789300e-02;1.296258e-01;1.585293e-02
2.074374e-01;5.042547e-02;3.288332e-02;3.540381e-02;1.346928e-02;1.942523e-02;1.991475e-01;1.046911e-01;3.537519e-02;5.002430e-02;2.293719e-01;2.234544e-02
1.541779e-01;9.968852e-02;2.941774e-02;4.958260e-02;2.597583e-02;3.881042e-02;1.984996e-01;1.406277e-01;3.728658e-02;8.403772e-02;1.281863e-01;1.370916e-02
2.991571e-02;3.519131e-02;1.785610e-02;2.738785e-02;3.329411e-02;3.395839e-02;1.509212e-01;1.258096e-01;3.354218e-02;8.708086e-02;4.153216e-01;9.721075e-03
4.175542e-02;2.508002e-02;8.543723e-03;1.788173e-02;3.170733e-02;1.552372e-02;7.260435e-02;4.184457e-02;3.517758e-02;8.045603e-02;6.253295e-01;4.096046e-03
4.379724e-02;2.969838e-02;6.851821e-03;1.298805e-02;2.194980e-02;1.111494e-02;2.864774e-02;1.829921e-02;3.213275e-02;7.362887e-02;7.164315e-01;4.459721e-03
4.163142e-02;2.826338e-02;1.308413e-02;5.802324e-03;2.533241e-02;8.908715e-03;1.621628e-02;2.745906e-02;2.566518e-02;8.032506e-02;7.210026e-01;6.309509e-03
3.885390e-02;3.116685e-02;1.452647e-02;2.912732e-03;3.515169e-02;6.452493e-03;2.494816e-02;3.297886e-02;2.230583e-02;8.952770e-02;6.903988e-01;1.077655e-02
3.339080e-02;3.773629e-02;1.019547e-02;3.621011e-03;5.096139e-02;9.073447e-03;2.890119e-02;2.501207e-02;2.341016e-02;1.065826e-01;6.500818e-01;2.103375e-02
2.362676e-02;2.617537e-02;5.795705e-03;6.567912e-03;6.595930e-02;9.215364e-03;4.083527e-02;4.504937e-02;2.059998e-02;1.327892e-01;5.928888e-01;3.049699e-02
3.567464e-02;2.721114e-02;4.663778e-03;7.955383e-03;7.118252e-02;9.426712e-03;4.379167e-02;4.021699e-02;1.680392e-02;1.570508e-01;5.558851e-01;3.013739e-02
3.741126e-02;2.386844e-02;5.895929e-03;8.797561e-03;7.847318e-02;1.127924e-02;4.979692e-02;5.727139e-02;2.529687e-02;1.599946e-01;5.208604e-01;2.105428e-02
3.603313e-02;2.685810e-02;6.653841e-03;1.233544e-02;9.793822e-02;2.114313e-02;7.823953e-02;6.328157e-02;3.195734e-02;1.630384e-01;4.436902e-01;1.883111e-02
5.129390e-02;2.656025e-02;1.147259e-02;1.906621e-02;9.630942e-02;3.555927e-02;1.124005e-01;9.971865e-02;4.360189e-02;1.650973e-01;3.239065e-01;1.501347e-02
4.388219e-02;2.452049e-02;1.981672e-02;1.319692e-02;8.083269e-02;4.366457e-02;1.464660e-01;1.418457e-01;5.237097e-02;1.534782e-01;2.686251e-01;1.130042e-02
5.889942e-02;2.217653e-02;1.570675e-02;2.599793e-02;4.953850e-02;3.608365e-02;1.687788e-01;1.826251e-01;4.842833e-02;1.105246e-01;2.676910e-01;1.354948e-02
7.146595e-02;4.492319e-02;1.324499e-02;2.655437e-02;2.606006e-02;3.501237e-02;2.081983e-01;2.394484e-01;4.095869e-02;8.328680e-02;2.010137e-01;9.833211e-03
1.069031e-01;6.037451e-02;1.344008e-02;2.127970e-02;4.539375e-02;3.342612e-02;1.842721e-01;2.203305e-01;3.939644e-02;1.107840e-01;1.581951e-01;6.204640e-03
8.929419e-02;2.858458e-02;1.255983e-02;9.153312e-03;5.643965e-02;3.034834e-02;1.543396e-01;6.175362e-02;3.266154e-02;1.541437e-01;3.552991e-01;1.542257e-02
7.168775e-02;2.667512e-02;1.221657e-02;1.116566e-02;4.561442e-02;2.895711e-02;1.541085e-01;1.254185e-01;3.130200e-02;1.482660e-01;3.309760e-01;1.361231e-02
4.048983e-02;1.486347e-02;1.151833e-02;1.161801e-02;5.139966e-02;4.212082e-02;1.736974e-01;1.318642e-01;4.392088e-02;1.493960e-01;3.221201e-01;6.991253e-03
6.592880e-02;4.075694e-02;1.327904e-02;9.891625e-03;4.587042e-02;5.319589e-02;1.429937e-01;1.085521e-01;3.600747e-02;1.590513e-01;3.145367e-01;9.935990e-03
9.304868e-02;4.755197e-02;1.151303e-02;1.093066e-02;2.629422e-02;4.483171e-02;1.411381e-01;8.964788e-02;2.395824e-02;1.045605e-01;3.972990e-01;9.226027e-03
8.303808e-02;3.684358e-02;1.076435e-02;1.040507e-02;1.785740e-02;3.538525e-02;1.557668e-01;1.059188e-01;2.508895e-02;8.427483e-02;4.276915e-01;6.965301e-03
4.619854e-02;2.195346e-02;1.665967e-02;1.410544e-02;2.218876e-02;3.392020e-02;1.872464e-01;1.552455e-01;3.793530e-02;1.057841e-01;3.496637e-01;9.098934e-03
4.271693e-02;1.566842e-02;2.035409e-02;1.857485e-02;4.988717e-02;3.362130e-02;1.765184e-01;1.186170e-01;4.296724e-02;1.277640e-01;3.433453e-01;9.965204e-03
5.640518e-02;2.005292e-02;1.521360e-02;9.620469e-03;6.188644e-02;3.274282e-02;1.326554e-01;1.123845e-01;3.323560e-02;1.392937e-01;3.757923e-01;1.071722e-02
3.252530e-02;1.955259e-02;8.077101e-03;9.792544e-03;7.442285e-02;2.680704e-02;1.127483e-01;1.134888e-01;2.590778e-02;1.386736e-01;4.259899e-01;1.201414e-02
3.419221e-02;1.389065e-02;7.662281e-03;7.909684e-03;9.793914e-02;2.021609e-02;8.741172e-02;9.252223e-02;2.304058e-02;1.464335e-01;4.538363e-01;1.494562e-02
3.641461e-02;2.304159e-02;6.954282e-03;1.114626e-02;1.153188e-01;1.368868e-02;5.910520e-02;6.755944e-02;2.113208e-02;1.478869e-01;4.833423e-01;1.440996e-02
4.104022e-02;1.961043e-02;3.435143e-03;7.166919e-03;1.275435e-01;1.043969e-02;5.627885e-02;5.817665e-02;2.155091e-02;1.442259e-01;4.991127e-01;1.141898e-02
3.789239e-02;1.796437e-02;3.373611e-03;1.174792e-02;1.335341e-01;1.307117e-02;4.207976e-02;5.194485e-02;2.060728e-02;1.466319e-01;5.091767e-01;1.197589e-02
3.035192e-02;1.867531e-02;3.388348e-03;1.286695e-02;1.300640e-01;1.338573e-02;5.573061e-02;6.056193e-02;2.190441e-02;1.501861e-01;4.895452e-01;1.333955e-02
3.634986e-02;2.643064e-02;5.194965e-03;2.235779e-02;1.214752e-01;1.285453e-02;6.503521e-02;7.216819e-02;2.108016e-02;1.451849e-01;4.593175e-01;1.255116e-02
4.235743e-02;2.313603e-02;7.641990e-03;1.746891e-02;1.103093e-01;1.842430e-02;7.828541e-02;1.254378e-01;2.751904e-02;1.342239e-01;4.084469e-01;6.749114e-03
2.792794e-02;2.847060e-02;1.395695e-02;1.437182e-02;9.415818e-02;2.679315e-02;1.443953e-01;2.322534e-01;3.811829e-02;1.207414e-01;2.521880e-01;6.624919e-03
8.413135e-02;5.635968e-02;1.705513e-02;1.125774e-02;8.226147e-02;3.050746e-02;1.585664e-01;2.027155e-01;3.432165e-02;1.305068e-01;1.809287e-01;1.138808e-02
6.830788e-02;2.698727e-02;1.673488e-02;9.963527e-03;5.764983e-02;3.285639e-02;1.276947e-01;8.554360e-02;3.309888e-02;1.249988e-01;4.042960e-01;1.186817e-02
5.918223e-02;2.320526e-02;1.649560e-02;2.310702e-02;3.200475e-02;3.608418e-02;1.670421e-01;1.595423e-01;3.929417e-02;1.062067e-01;3.310407e-01;6.794985e-03
4.009951e-02;2.332512e-02;1.270187e-02;3.344517e-02;2.129813e-02;2.984395e-02;2.145597e-01;2.377337e-01;4.753175e-02;9.264139e-02;2.390663e-01;7.753439e-03
4.293770e-02;3.024191e-02;1.206379e-02;5.732988e-02;2.023051e-02;1.548504e-02;2.280579e-01;3.139057e-01;7.028744e-02;7.938360e-02;1.196441e-01;1.043238e-02
7.421199e-02;1.275357e-02;9.765682e-03;7.246912e-02;1.173514e-02;1.778278e-02;2.622813e-01;3.048130e-01;7.107612e-02;5.642543e-02;1.031950e-01;3.490881e-03
1.327489e-01;6.438560e-02;1.272927e-02;5.355092e-02;2.025872e-02;2.867522e-02;2.056116e-01;1.031870e-01;5.217652e-02;4.864508e-02;2.644137e-01;1.361741e-02
1.124549e-01;8.385888e-02;2.006672e-02;2.280620e-02;1.811548e-02;3.197647e-02;1.813964e-01;2.201614e-01;3.784629e-02;3.296326e-02;2.213399e-01;1.701407e-02
5.759810e-02;5.491935e-02;3.716522e-02;1.877048e-02;1.165914e-02;4.737242e-02;2.104281e-01;3.725588e-01;4.256767e-02;2.085498e-02;9.968119e-02;2.642459e-02
4.085843e-02;5.892228e-02;5.638262e-02;2.166333e-02;6.738098e-03;5.531833e-02;2.178629e-01;4.350719e-01;2.835786e-02;2.076659e-02;1.639970e-02;4.165797e-02
3.193560e-02;7.763159e-02;6.539557e-02;1.639231e-02;4.418355e-03;4.744683e-02;2.408377e-01;4.053479e-01;1.459324e-02;2.635285e-02;1.464337e-02;5.500462e-02
1.249525e-02;1.108517e-01;6.388427e-02;1.181016e-02;1.850488e-03;2.983268e-02;2.470575e-01;4.037848e-01;1.334918e-02;2.777487e-02;1.718347e-02;6.012561e-02
8.211363e-03;1.521282e-01;5.803781e-02;1.051037e-02;2.812136e-03;2.046159e-02;2.455208e-01;3.924454e-01;1.336769e-02;2.477656e-02;1.841499e-02;5.331309e-02
1.501808e-02;1.774319e-01;4.772355e-02;1.008097e-02;2.655720e-03;2.026357e-02;2.590057e-01;3.807889e-01;1.197335e-02;1.993904e-02;1.830849e-02;3.681071e-02
2.951740e-02;1.777182e-01;3.446837e-02;8.582897e-03;6.095401e-03;2.361579e-02;2.981912e-01;3.444024e-01;1.047252e-02;1.611968e-02;2.958738e-02;2.122881e-02
6.382132e-02;1.526129e-01;2.071487e-02;9.513058e-03;9.597378e-03;4.061355e-02;3.102295e-01;2.914372e-01;1.454959e-02;2.301184e-02;5.445044e-02;9.448454e-03
8.622281e-02;1.630483e-01;1.843744e-02;1.101384e-02;1.141325e-02;4.957811e-02;2.911588e-01;2.221892e-01;2.204878e-02;3.788661e-02;6.701072e-02;1.999211e-02
6.918027e-02;1.029097e-01;2.557147e-02;1.560119e-02;1.426627e-02;4.445577e-02;2.983645e-01;2.305413e-01;4.022235e-02;6.471438e-02;5.686256e-02;3.731034e-02
6.044187e-02;7.771183e-02;1.483802e-02;8.420235e-03;1.552160e-02;4.955425e-02;3.604433e-01;2.907794e-01;2.411562e-02;3.945448e-02;4.250967e-02;1.620979e-02
4.639709e-02;8.246254e-02;8.426490e-03;5.814289e-03;1.709516e-02;5.060390e-02;4.150662e-01;3.043090e-01;1.211130e-02;1.666573e-02;3.076255e-02;1.028572e-02
2.623093e-02;8.717782e-02;8.604017e-03;4.397861e-03;1.825076e-02;4.074359e-02;4.282523e-01;3.326283e-01;1.041107e-02;9.156156e-03;2.622406e-02;7.923104e-03
1.560245e-02;8.827258e-02;6.566696e-03;2.658804e-03;1.864428e-02;4.136648e-02;4.448130e-01;3.390413e-01;1.065544e-02;6.401706e-03;2.107533e-02;4.901987e-03
2.866825e-02;9.781126e-02;5.141278e-03;1.665651e-03;1.765684e-02;4.519859e-02;4.455184e-01;3.143872e-01;1.061642e-02;4.932339e-03;2.386474e-02;4.539009e-03
2.713473e-02;1.025584e-01;5.077041e-03;2.964288e-03;1.613760e-02;4.853129e-02;4.647283e-01;2.937556e-01;1.059901e-02;3.279061e-03;2.264215e-02;2.592449e-03
2.305282e-02;9.729561e-02;4.810608e-03;3.166344e-03;1.518053e-02;5.265340e-02;4.795714e-01;2.834975e-01;1.272218e-02;5.670024e-03;1.922065e-02;3.158920e-03
3.139831e-02;8.008634e-02;5.826581e-03;2.859523e-03;1.496334e-02;6.324091e-02;4.929024e-01;2.551231e-01;1.766385e-02;9.136666e-03;2.400327e-02;2.795771e-03
5.687629e-02;7.310807e-02;6.726010e-03;5.287335e-03;1.688611e-02;7.814971e-02;5.002504e-01;1.946588e-01;1.936842e-02;1.044479e-02;3.145112e-02;6.792825e-03
6.024712e-02;9.247755e-02;4.896105e-03;6.985784e-03;1.798491e-02;8.794032e-02;5.036526e-01;1.449035e-01;1.761946e-02;9.982768e-03;4.575485e-02;7.555043e-03
6.438319e-02;9.962749e-02;6.309323e-03;7.608450e-03;1.657312e-02;8.697999e-02;4.934337e-01;1.601955e-01;1.168595e-02;9.473946e-03;3.700358e-02;6.725807e-03
6.851600e-02;9.436213e-02;9.159730e-03;8.896969e-03;1.639032e-02;9.067830e-02;4.844959e-01;1.651675e-01;7.895882e-03;1.531954e-02;3.094497e-02;8.172755e-03
8.781480e-02;7.548475e-02;1.171511e-02;6.602247e-03;1.906560e-02;9.493870e-02;4.825423e-01;1.572554e-01;9.825711e-03;1.707327e-02;3.061814e-02;7.063971e-03
7.179257e-02;5.278229e-02;1.485196e-02;1.625497e-02;2.311514e-02;8.417550e-02;5.122286e-01;1.720994e-01;1.238708e-02;1.382309e-02;2.019301e-02;6.296435e-03
5.707807e-02;2.585646e-02;1.514679e-02;2.127575e-02;1.829400e-02;4.870568e-02;5.208367e-01;2.268192e-01;1.030219e-02;1.494204e-02;3.064526e-02;1.009780e-02
5.543996e-02;1.976348e-02;1.661611e-02;1.989020e-02;2.058181e-02;6.764004e-02;4.807820e-01;2.131058e-01;1.471554e-02;2.903725e-02;5.056653e-02;1.186132e-02
6.461991e-02;5.737460e-02;1.597553e-02;1.415309e-02;2.583660e-02;1.048375e-01;4.682886e-01;1.379108e-01;1.498616e-02;2.615714e-02;5.890418e-02;1.095592e-02
6.331058e-02;6.871575e-02;2.244733e-02;2.021767e-02;2.754564e-02;9.901133e-02;4.196303e-01;1.811986e-01;2.044384e-02;2.424937e-02;3.484960e-02;1.838002e-02
7.732464e-02;8.985963e-02;2.737085e-02;1.616832e-02;3.132930e-02;8.504336e-02;3.373882e-01;1.894083e-01;5.916245e-02;4.127594e-02;3.129366e-02;1.437533e-02
7.019114e-02;8.930225e-02;3.011022e-02;3.372826e-02;3.293934e-02;8.133609e-02;2.575325e-01;1.098000e-01;1.048236e-01;7.531077e-02;7.535507e-02;3.957075e-02
9.764310e-02;1.110437e-01;4.175476e-02;3.249545e-02;2.220112e-02;5.100558e-02;2.077931e-01;1.471486e-01;6.660390e-02;6.752791e-02;1.091125e-01;4.567025e-02
5.658100e-02;1.455599e-01;3.252694e-02;1.731212e-02;2.021759e-02;3.388706e-02;2.710529e-01;1.991610e-01;3.193343e-02;5.090441e-02;1.143974e-01;2.646616e-02
1.107924e-01;6.075172e-02;2.266453e-02;1.714766e-02;8.387341e-03;3.232435e-02;2.431908e-01;2.739076e-01;2.169592e-02;2.962632e-02;1.637505e-01;1.576085e-02
1.005396e-01;1.301824e-01;2.904453e-02;1.571579e-02;9.439321e-03;2.390899e-02;2.267138e-01;2.862464e-01;1.990232e-02;2.173659e-02;1.196360e-01;1.693430e-02
5.951795e-02;2.621171e-01;3.434090e-02;1.405631e-02;1.128847e-02;1.750638e-02;2.403107e-01;2.637764e-01;1.401423e-02;1.510389e-02;5.558496e-02;1.238268e-02
5.032830e-02;3.668425e-01;2.946091e-02;1.184274e-02;1.186159e-02;2.325680e-02;2.411116e-01;2.034896e-01;1.144266e-02;1.367837e-02;3.196441e-02;4.720522e-03
1.066864e-01;3.964337e-01;1.940553e-02;7.425798e-03;9.622119e-03;2.496942e-02;2.268541e-01;1.532831e-01;1.136159e-02;1.424288e-02;2.566197e-02;4.053353e-03
1.847185e-01;3.618056e-01;1.151689e-02;4.074660e-03;1.048139e-02;2.664013e-02;2.102384e-01;1.406088e-01;1.076352e-02;1.085834e-02;2.494241e-02;3.351323e-03
2.228355e-01;2.948206e-01;1.109206e-02;6.117181e-03;1.474675e-02;3.441328e-02;2.046660e-01;1.554369e-01;1.035292e-02;1.068622e-02;2.594413e-02;8.888360e-03
2.685833e-01;2.204035e-01;2.030904e-02;1.362252e-02;2.176492e-02;6.380073e-02;1.868916e-01;1.571606e-01;1.003134e-02;1.303210e-02;1.127406e-02;1.312630e-02
1.919447e-01;8.229920e-02;1.620599e-02;1.475982e-02;1.808221e-02;8.210060e-02;3.367108e-01;1.937622e-01;7.767165e-03;1.612214e-02;2.655730e-02;1.368780e-02
9.489795e-02;1.018952e-01;1.163589e-02;1.346256e-02;1.289052e-02;6.588693e-02;4.165812e-01;2.229606e-01;9.050542e-03;1.418520e-02;2.261366e-02;1.393980e-02
3.844468e-02;1.355574e-01;1.058176e-02;7.696354e-03;5.559308e-03;5.444098e-02;4.260574e-01;2.529742e-01;2.076173e-02;1.562325e-02;2.189760e-02;1.040526e-02
4.674391e-02;1.658989e-01;8.740553e-03;3.902866e-03;7.852828e-03;4.881823e-02;3.885915e-01;2.495995e-01;2.416500e-02;2.198990e-02;2.686774e-02;6.829073e-03
5.225965e-02;1.827113e-01;1.161883e-02;5.071076e-03;1.054422e-02;5.668153e-02;3.718868e-01;2.280726e-01;2.008295e-02;2.157676e-02;2.834256e-02;1.115163e-02
8.828927e-02;1.841335e-01;1.045198e-02;9.223597e-03;1.007839e-02;6.555923e-02;3.532225e-01;1.974734e-01;1.719568e-02;1.950231e-02;2.637376e-02;1.849623e-02
1.391553e-01;1.756874e-01;1.404604e-02;1.394498e-02;1.463127e-02;7.517691e-02;3.131122e-01;1.607076e-01;1.780020e-02;2.029397e-02;3.235439e-02;2.308980e-02
1.619120e-01;1.679505e-01;2.004219e-02;1.397521e-02;1.863072e-02;9.852953e-02;2.829534e-01;9.623282e-02;2.477642e-02;2.186662e-02;7.317930e-02;1.995128e-02
8.129454e-02;9.147806e-02;1.423298e-02;2.072110e-02;1.401197e-02;9.184075e-02;3.528987e-01;1.751523e-01;2.908658e-02;3.878580e-02;6.636761e-02;2.412964e-02
7.113317e-02;7.184310e-02;2.102636e-02;1.872836e-02;1.270225e-02;7.258219e-02;3.325862e-01;2.257192e-01;4.135893e-02;5.708829e-02;5.797169e-02;1.726026e-02
9.498793e-02;8.887745e-02;3.439185e-02;2.653406e-02;2.124619e-02;8.071969e-02;2.799462e-01;2.008528e-01;3.905698e-02;5.315180e-02;5.712669e-02;2.310840e-02
9.528944e-02;9.489066e-02;3.771372e-02;3.665171e-02;3.375747e-02;1.016708e-01;2.482608e-01;1.662442e-01;5.190332e-02;6.079669e-02;5.013036e-02;2.269085e-02
9.875693e-02;7.504597e-02;3.816868e-02;4.686440e-02;5.664841e-02;9.211091e-02;2.104742e-01;1.305234e-01;6.116650e-02;1.021879e-01;6.380004e-02;2.425257e-02
1.041586e-01;5.671552e-02;4.120766e-02;3.106822e-02;7.171517e-02;1.138761e-01;1.674896e-01;1.485811e-01;6.635375e-02;1.096084e-01;5.398451e-02;3.524137e-02
1.168444e-01;4.617658e-02;3.050436e-02;4.830182e-02;3.703217e-02;1.096395e-01;1.216798e-01;2.103014e-01;7.594589e-02;7.819828e-02;7.863671e-02;4.673916e-02
9.822389e-02;4.399073e-02;2.952131e-02;7.539289e-02;5.384096e-02;1.101584e-01;1.489162e-01;1.990571e-01;5.518851e-02;6.677084e-02;6.415445e-02;5.478467e-02
6.411035e-02;5.593094e-02;4.644443e-02;6.497539e-02;4.124429e-02;1.523434e-01;1.573391e-01;1.845927e-01;5.609549e-02;7.047843e-02;6.493779e-02;4.150774e-02
7.400399e-02;6.278072e-02;4.516696e-02;3.687332e-02;3.111308e-02;1.290553e-01;1.495011e-01;1.960317e-01;7.899080e-02;1.153137e-01;5.680008e-02;2.436921e-02
9.746960e-02;8.218599e-02;3.848659e-02;7.102515e-02;2.041083e-02;7.718398e-02;1.850490e-01;1.606794e-01;4.725891e-02;8.732853e-02;1.066375e-01;2.628456e-02
1.296688e-01;8.293860e-02;1.615836e-02;4.482875e-02;5.251434e-02;8.078028e-02;2.098030e-01;1.692389e-01;2.964117e-02;3.747949e-02;1.275997e-01;1.934859e-02
7.940645e-02;9.375734e-02;2.869911e-02;3.298178e-02;5.735108e-02;8.356917e-02;2.544728e-01;2.272289e-01;2.098381e-02;2.353228e-02;8.338363e-02;1.463366e-02
3.518100e-02;1.273472e-01;2.588853e-02;1.854810e-02;6.295154e-02;8.231724e-02;3.191989e-01;2.534489e-01;1.572407e-02;1.191337e-02;3.461134e-02;1.286978e-02
2.647858e-02;1.556322e-01;1.386457e-02;7.266292e-03;6.673191e-02;6.259292e-02;3.511285e-01;2.737658e-01;1.217156e-02;8.769249e-03;1.341300e-02;8.185366e-03
2.116705e-02;1.679628e-01;1.090185e-02;7.847769e-03;5.366197e-02;3.529980e-02;3.624091e-01;2.880594e-01;2.199090e-02;1.195737e-02;1.337481e-02;5.367161e-03
2.803073e-02;1.781842e-01;7.260532e-03;5.042314e-03;3.903812e-02;2.976143e-02;3.837055e-01;2.555785e-01;2.681963e-02;1.941433e-02;2.223371e-02;4.931083e-03
3.996004e-02;1.922543e-01;6.495545e-03;5.537625e-03;3.737559e-02;2.700864e-02;3.959958e-01;2.229695e-01;2.241400e-02;2.305392e-02;2.357988e-02;3.355123e-03
5.487530e-02;2.049575e-01;7.423908e-03;4.833478e-03;4.502735e-02;2.536287e-02;3.800536e-01;2.138733e-01;1.990238e-02;1.484109e-02;2.482435e-02;4.024739e-03
9.106719e-02;2.085049e-01;7.164135e-03;5.162778e-03;4.643852e-02;2.759849e-02;3.604371e-01;2.093702e-01;1.464450e-02;6.942504e-03;1.695231e-02;5.717360e-03
1.177112e-01;1.946425e-01;7.005888e-03;8.293003e-03;4.423994e-02;3.245850e-02;3.532008e-01;2.046231e-01;1.052870e-02;7.302893e-03;1.574033e-02;4.253153e-03
1.140624e-01;1.742929e-01;5.768226e-03;1.072749e-02;4.245581e-02;4.038101e-02;3.747111e-01;1.921405e-01;1.399358e-02;7.739144e-03;1.992839e-02;3.799414e-03
8.043882e-02;1.527615e-01;4.540873e-03;1.039472e-02;4.959672e-02;4.874076e-02;4.388342e-01;1.660745e-01;1.568014e-02;9.040702e-03;2.175971e-02;2.137402e-03
3.430222e-02;1.065002e-01;4.832922e-03;7.243525e-03;4.961006e-02;4.807920e-02;4.653082e-01;2.351304e-01;1.459345e-02;1.381824e-02;1.837981e-02;2.201682e-03
2.199859e-02;8.513253e-02;4.052166e-03;4.057856e-03;4.570910e-02;4.172233e-02;4.689705e-01;2.747480e-01;1.751400e-02;1.201654e-02;2.277184e-02;1.306557e-03
2.445403e-02;8.273416e-02;6.890289e-03;3.727768e-03;4.120660e-02;4.065716e-02;4.630851e-01;2.804570e-01;1.712503e-02;8.795875e-03;2.837083e-02;2.496135e-03
1.735782e-02;8.989303e-02;6.912905e-03;6.708208e-03;3.669897e-02;4.854500e-02;4.621978e-01;2.618513e-01;2.066511e-02;7.687611e-03;3.660508e-02;4.877227e-03
6.966755e-02;9.962231e-02;1.295570e-02;1.410673e-02;3.421918e-02;5.978109e-02;4.056417e-01;2.199383e-01;2.574445e-02;1.660523e-02;3.575343e-02;5.964357e-03
1.246718e-01;1.036755e-01;2.792839e-02;3.083187e-02;4.926450e-02;7.560514e-02;2.427248e-01;1.810791e-01;4.614118e-02;3.714079e-02;5.889054e-02;2.204640e-02
8.130795e-02;6.829842e-02;2.832977e-02;4.245675e-02;5.274950e-02;7.524243e-02;2.877863e-01;1.717527e-01;6.281713e-02;5.713603e-02;4.983132e-02;2.229171e-02
1.089421e-01;6.576987e-02;3.767449e-02;6.232713e-02;3.096332e-02;6.687500e-02;2.642103e-01;1.543034e-01;5.604812e-02;5.995668e-02;7.224322e-02;2.068634e-02
1.056262e-01;5.813682e-02;4.065169e-02;7.274570e-02;3.537346e-02;6.299925e-02;2.240350e-01;1.498306e-01;5.869282e-02;6.178378e-02;1.008011e-01;2.932368e-02
9.716272e-02;5.419490e-02;4.225931e-02;6.537610e-02;4.482510e-02;5.736214e-02;2.224499e-01;1.608422e-01;6.106632e-02;7.095101e-02;9.142091e-02;3.208941e-02
1.039538e-01;9.532040e-02;4.045802e-02;8.053933e-02;7.724641e-02;5.389469e-02;1.383616e-01;1.812446e-01;7.897488e-02;8.045755e-02;3.960481e-02;2.994400e-02
9.189305e-02;6.238892e-02;2.899415e-02;8.287189e-02;9.035583e-02;6.487788e-02;1.058498e-01;1.547010e-01;1.083316e-01;1.148481e-01;7.143920e-02;2.344854e-02
1.071541e-01;4.055794e-02;4.265542e-02;4.717744e-02;6.745725e-02;6.590112e-02;1.562876e-01;1.584094e-01;1.096840e-01;9.817448e-02;7.355607e-02;3.298510e-02
1.245477e-01;9.117148e-02;6.878974e-02;1.752668e-02;4.050939e-02;4.419537e-02;1.618997e-01;1.499333e-01;9.254561e-02;9.446326e-02;7.318548e-02;4.123223e-02
1.227133e-01;1.268293e-01;8.508491e-02;3.036888e-02;2.344249e-02;3.814947e-02;1.289150e-01;1.428176e-01;8.277801e-02;9.014729e-02;8.320678e-02;4.554695e-02
9.626970e-02;1.230298e-01;9.392557e-02;2.652156e-02;5.143376e-02;5.352449e-02;1.095310e-01;1.638046e-01;6.667179e-02;7.769870e-02;8.896381e-02;4.862528e-02
1.565241e-01;6.901628e-02;4.930308e-02;4.774177e-02;4.436375e-02;4.968389e-02;1.880364e-01;1.474847e-01;3.678825e-02;5.026914e-02;1.011713e-01;5.961726e-02
1.449873e-01;7.220599e-02;2.131874e-02;2.686254e-02;1.711389e-02;3.091593e-02;2.228845e-01;2.084617e-01;2.047406e-02;3.909094e-02;1.715863e-01;2.409814e-02
1.068400e-01;5.098999e-02;1.985351e-02;1.815834e-02;2.034882e-02;3.749976e-02;2.609512e-01;2.537816e-01;2.077575e-02;3.076985e-02;1.649172e-01;1.511385e-02
7.382154e-02;8.294050e-02;1.595961e-02;1.139722e-02;2.432561e-02;4.489935e-02;3.329293e-01;2.636171e-01;2.183738e-02;1.810922e-02;1.014027e-01;8.760460e-03
5.658579e-02;1.382478e-01;8.535415e-03;5.049422e-03;2.183311e-02;5.083020e-02;3.924330e-01;2.401632e-01;2.617075e-02;1.113949e-02;4.612597e-02;2.885912e-03
6.160033e-02;1.757463e-01;4.438395e-03;9.669762e-04;1.724565e-02;4.977531e-02;4.073886e-01;2.123851e-01;3.245430e-02;8.422905e-03;2.674144e-02;2.834704e-03
7.081904e-02;1.900671e-01;5.898559e-03;4.276624e-03;1.482170e-02;5.294361e-02;3.976424e-01;1.885289e-01;3.672818e-02;8.725434e-03;2.736822e-02;2.180243e-03
8.842541e-02;1.893392e-01;6.419251e-03;5.225270e-03;1.183633e-02;5.488284e-02;4.020086e-01;1.690361e-01;3.725623e-02;7.074976e-03;2.529655e-02;3.199309e-03
1.034850e-01;1.727337e-01;5.439642e-03;3.200114e-03;6.869403e-03;5.848875e-02;4.186314e-01;1.628843e-01;3.494530e-02;6.260574e-03;2.281101e-02;4.250880e-03
1.181075e-01;1.477944e-01;1.042948e-02;7.637621e-03;8.700586e-03;6.383335e-02;4.265849e-01;1.573180e-01;2.851599e-02;5.342639e-03;1.856995e-02;7.165601e-03
1.325906e-01;1.177271e-01;1.396031e-02;1.051198e-02;9.080435e-03;7.092706e-02;4.322692e-01;1.526719e-01;2.036559e-02;5.736516e-03;2.141066e-02;1.274853e-02
1.279817e-01;8.466097e-02;1.676233e-02;1.968826e-02;1.023501e-02;7.884882e-02;4.405616e-01;1.545286e-01;1.507366e-02;7.192140e-03;2.343359e-02;2.103337e-02
1.451153e-01;6.182831e-02;1.716439e-02;3.427068e-02;1.532036e-02;8.583196e-02;4.300532e-01;1.306387e-01;1.318502e-02;1.404779e-02;2.074330e-02;3.180092e-02
1.670121e-01;5.517750e-02;1.720577e-02;3.623672e-02;1.690035e-02;9.034964e-02;4.212298e-01;1.031245e-01;1.175033e-02;2.210988e-02;1.842576e-02;4.047771e-02
1.861282e-01;7.384408e-02;1.639950e-02;2.648450e-02;1.724579e-02;8.940530e-02;3.850278e-01;1.082809e-01;1.170893e-02;2.714767e-02;2.534803e-02;3.297937e-02
2.219677e-01;5.886465e-02;1.509978e-02;2.636389e-02;2.149033e-02;9.119693e-02;3.525548e-01;1.045037e-01;2.554522e-02;3.085106e-02;2.151836e-02;3.004359e-02
2.508669e-01;3.868784e-02;1.760620e-02;3.259104e-02;3.310597e-02;6.951362e-02;2.764426e-01;1.166388e-01;3.567505e-02;5.159156e-02;2.915765e-02;4.812276e-02
2.388623e-01;3.863962e-02;3.401597e-02;4.346099e-02;4.165542e-02;7.970619e-02;2.261313e-01;1.166361e-01;4.569572e-02;5.629453e-02;2.575496e-02;5.314682e-02
1.820809e-01;5.114769e-02;4.022094e-02;3.023205e-02;2.815613e-02;9.171112e-02;2.919992e-01;9.737344e-02;4.966440e-02;6.889886e-02;4.069808e-02;2.781717e-02
1.688299e-01;4.745945e-02;2.105116e-02;2.947474e-02;2.579808e-02;9.162409e-02;3.490960e-01;1.048290e-01;3.413158e-02;6.351148e-02;3.834366e-02;2.585091e-02
1.750354e-01;5.051902e-02;8.257735e-03;2.971713e-02;1.944809e-02;1.039795e-01;3.908235e-01;1.059780e-01;2.095678e-02;4.532802e-02;3.489470e-02;1.506212e-02
1.691432e-01;6.453137e-02;9.050835e-03;3.518092e-02;1.445962e-02;9.819045e-02;3.928901e-01;1.011501e-01;1.650895e-02;4.930042e-02;3.607854e-02;1.351559e-02
1.554231e-01;7.328005e-02;7.517522e-03;3.948833e-02;1.200440e-02;8.583345e-02;4.075465e-01;1.186809e-01;1.240961e-02;5.286559e-02;2.198993e-02;1.296068e-02
1.534869e-01;9.021398e-02;6.988914e-03;3.928828e-02;1.216385e-02;7.773547e-02;4.084008e-01;1.255239e-01;1.787579e-02;4.516471e-02;1.410023e-02;9.057283e-03
1.579179e-01;9.323437e-02;6.331821e-03;3.722099e-02;1.286914e-02;8.459109e-02;4.057350e-01;1.260190e-01;1.731636e-02;3.378034e-02;1.634414e-02;8.639775e-03
1.673366e-01;1.008224e-01;4.369149e-03;3.847367e-02;1.486055e-02;9.203193e-02;3.921263e-01;1.258023e-01;1.031923e-02;2.994479e-02;1.421292e-02;9.700212e-03
1.806237e-01;1.066509e-01;3.404245e-03;4.500474e-02;1.350655e-02;9.759828e-02;3.690760e-01;1.177085e-01;1.015141e-02;3.412338e-02;1.403282e-02;8.119482e-03
1.911292e-01;1.126595e-01;3.174871e-03;5.249670e-02;1.242522e-02;9.559438e-02;3.526070e-01;1.182452e-01;7.174514e-03;3.561484e-02;1.080881e-02;8.069788e-03
1.844594e-01;1.157398e-01;6.411318e-03;5.894803e-02;1.452480e-02;8.226863e-02;3.356614e-01;1.309813e-01;8.766906e-03;3.784842e-02;1.403723e-02;1.035285e-02
1.799085e-01;1.020126e-01;8.280207e-03;6.087151e-02;1.581120e-02;8.386382e-02;3.221310e-01;1.523750e-01;1.325261e-02;3.557617e-02;1.798552e-02;7.931703e-03
1.875672e-01;7.987671e-02;9.035803e-03;6.950061e-02;1.725437e-02;9.673623e-02;3.069524e-01;1.581606e-01;1.304041e-02;3.507000e-02;1.870020e-02;8.105517e-03
1.935804e-01;8.203231e-02;9.916037e-03;7.312233e-02;1.992414e-02;1.097719e-01;2.976955e-01;1.251160e-01;1.351661e-02;4.022137e-02;2.664214e-02;8.461333e-03
1.986448e-01;7.175601e-02;7.178824e-03;7.398146e-02;1.676095e-02;1.416427e-01;2.835724e-01;1.185623e-01;1.269225e-02;4.595629e-02;2.466062e-02;4.591349e-03
2.008684e-01;5.961296e-02;7.271750e-03;7.537151e-02;2.083835e-02;1.692187e-01;2.645918e-01;1.154187e-01;1.395495e-02;4.800421e-02;1.813445e-02;6.714166e-03
2.200490e-01;4.268645e-02;4.369103e-03;7.822683e-02;2.165923e-02;1.846627e-01;2.612075e-01;1.105758e-01;1.137130e-02;5.014452e-02;1.184425e-02;3.203353e-03
2.225868e-01;4.077495e-02;8.251447e-03;7.465865e-02;2.135922e-02;1.876025e-01;2.462827e-01;1.143808e-01;1.079709e-02;5.071139e-02;1.611159e-02;6.482857e-03
2.220169e-01;4.101590e-02;1.436706e-02;5.545268e-02;2.126914e-02;1.961123e-01;2.368426e-01;1.246939e-01;1.823032e-02;5.124893e-02;1.151961e-02;7.230760e-03
2.288898e-01;2.556195e-02;9.980830e-03;3.862803e-02;1.815666e-02;2.138355e-01;2.508328e-01;1.231617e-01;2.015294e-02;5.208735e-02;1.239217e-02;6.320349e-03
2.263576e-01;2.538995e-02;1.065349e-02;4.032949e-02;2.247628e-02;2.273525e-01;2.529035e-01;1.042181e-01;1.895276e-02;5.106265e-02;1.453673e-02;5.767072e-03
2.229613e-01;2.771364e-02;2.382616e-02;1.930146e-02;2.126807e-02;2.451436e-01;2.554657e-01;8.891630e-02;2.448877e-02;5.201419e-02;1.229851e-02;6.602349e-03
2.263738e-01;1.644043e-02;2.907126e-02;1.366297e-02;3.277031e-02;2.508108e-01;2.529083e-01;8.088304e-02;3.211143e-02;4.642156e-02;1.331361e-02;5.232411e-03
2.185448e-01;2.041094e-02;3.638854e-02;1.255455e-02;3.457564e-02;2.558195e-01;2.533056e-01;7.063422e-02;3.514588e-02;4.152178e-02;1.051624e-02;1.058238e-02
2.049483e-01;1.869799e-02;4.970590e-02;1.361746e-02;4.802956e-02;2.413201e-01;2.516632e-01;5.201703e-02;4.435549e-02;3.787406e-02;1.900199e-02;1.876887e-02
1.666706e-01;1.705145e-02;7.517524e-02;1.763606e-02;8.322722e-02;1.895293e-01;2.523735e-01;5.601350e-02;5.737348e-02;3.477414e-02;2.064463e-02;2.953089e-02
1.550853e-01;1.732031e-02;9.806909e-02;2.671892e-02;1.192920e-01;1.622230e-01;2.331345e-01;2.954895e-02;6.822064e-02;3.603749e-02;3.030314e-02;2.404660e-02
1.398413e-01;2.145005e-02;1.116883e-01;2.061820e-02;1.484035e-01;1.270590e-01;2.083972e-01;3.383608e-02;7.826114e-02;3.284858e-02;4.368095e-02;3.391562e-02
1.123212e-01;2.005167e-02;1.155017e-01;2.034296e-02;1.862562e-01;9.060766e-02;1.958293e-01;3.950621e-02;9.257783e-02;3.051405e-02;4.617765e-02;5.031346e-02
1.215431e-01;1.857086e-02;1.185245e-01;2.173098e-02;1.692209e-01;7.857436e-02;1.847853e-01;2.022065e-02;1.056924e-01;3.057163e-02;7.191426e-02;5.865096e-02
1.430467e-01;2.495202e-02;1.159038e-01;4.054794e-02;1.152598e-01;7.794631e-02;1.844971e-01;2.650991e-02;1.109762e-01;3.078445e-02;5.225124e-02;7.732444e-02
1.403201e-01;2.166791e-02;1.054102e-01;3.997459e-02;9.586794e-02;7.549050e-02;1.651820e-01;2.106972e-02;1.234768e-01;3.508346e-02;6.698517e-02;1.094716e-01
1.472301e-01;3.694045e-02;7.794511e-02;3.204594e-02;8.649593e-02;6.794135e-02;1.560375e-01;3.012986e-02;1.172699e-01;3.342441e-02;7.492574e-02;1.396137e-01
1.616088e-01;2.706758e-02;5.520305e-02;4.112528e-02;7.897267e-02;6.521722e-02;1.619726e-01;2.840203e-02;1.140638e-01;2.874206e-02;7.177892e-02;1.658459e-01
1.448956e-01;2.206782e-02;3.171238e-02;3.822859e-02;6.916234e-02;5.517728e-02;1.595031e-01;3.378354e-02;1.063457e-01;2.841552e-02;1.148277e-01;1.958804e-01
1.129788e-01;2.237789e-02;1.906890e-02;4.051384e-02;6.997732e-02;5.803427e-02;1.853602e-01;3.804491e-02;8.766950e-02;2.931780e-02;1.297927e-01;2.068638e-01
1.327437e-01;9.866007e-03;2.519578e-02;4.138483e-02;6.947264e-02;4.765752e-02;1.805041e-01;4.194201e-02;7.195783e-02;2.507373e-02;1.865413e-01;1.676606e-01
1.713975e-01;3.615147e-02;3.600681e-02;3.867791e-02;5.808829e-02;3.498583e-02;1.627610e-01;4.337019e-02;5.945458e-02;2.836095e-02;2.364621e-01;9.428333e-02
1.314455e-01;5.777636e-02;3.083294e-02;3.295122e-02;5.221931e-02;3.194893e-02;1.529999e-01;6.084023e-02;4.514642e-02;4.909915e-02;3.210391e-01;3.370086e-02
1.037692e-01;5.026920e-02;2.748012e-02;3.411339e-02;3.882556e-02;2.574472e-02;1.451081e-01;7.482962e-02;2.978630e-02;5.801200e-02;3.576536e-01;5.440813e-02
1.205731e-01;4.530622e-02;3.581695e-02;2.381773e-02;3.462304e-02;2.898066e-02;1.551581e-01;8.163205e-02;1.887558e-02;5.971697e-02;3.097639e-01;8.573574e-02
9.890424e-02;5.278261e-02;3.492381e-02;3.329065e-02;3.806991e-02;3.878794e-02;2.167839e-01;9.818683e-02;3.235909e-02;6.302010e-02;2.303309e-01;6.256004e-02
1.737547e-01;5.991511e-02;3.951180e-02;3.600961e-02;4.378631e-02;4.411517e-02;2.058667e-01;1.009160e-01;3.892767e-02;5.074951e-02;1.638101e-01;4.263732e-02
1.782630e-01;8.441639e-02;5.398990e-02;3.854794e-02;5.103189e-02;4.636232e-02;2.102572e-01;1.164712e-01;2.382671e-02;5.026581e-02;1.173490e-01;2.921864e-02
1.408942e-01;1.277937e-01;7.569942e-02;2.724946e-02;3.688038e-02;5.762684e-02;2.024677e-01;7.690305e-02;2.915596e-02;1.012437e-01;9.184502e-02;3.224060e-02
1.567900e-01;1.525339e-01;6.721318e-02;3.424340e-02;5.164537e-02;5.608084e-02;1.449757e-01;5.442466e-02;4.070928e-02;7.690057e-02;1.412747e-01;2.320841e-02
1.302113e-01;1.385995e-01;6.453288e-02;5.127817e-02;6.080471e-02;6.976995e-02;1.838561e-01;8.421183e-02;4.623470e-02;4.511631e-02;8.486534e-02;4.051929e-02
1.009005e-01;1.434455e-01;8.233614e-02;4.935326e-02;5.569371e-02;6.257704e-02;1.752069e-01;9.790277e-02;4.428721e-02;6.890397e-02;4.690116e-02;7.249194e-02
8.770902e-02;1.408618e-01;6.967724e-02;5.643239e-02;4.492265e-02;5.935330e-02;1.490250e-01;1.171449e-01;5.105915e-02;7.906387e-02;6.790146e-02;7.684916e-02
