6.816652e-02;2.866398e-02;1.672669e-01;3.523133e-02;7.133102e-02;5.488168e-02;1.693420e-01;8.345032e-02;1.044938e-01;9.985110e-02;7.799172e-02;3.932953e-02
1.052306e-01;4.881503e-02;1.615187e-01;4.056813e-02;8.809020e-02;5.863534e-02;2.532224e-01;3.841529e-02;4.421988e-02;6.559844e-02;5.213843e-02;4.354752e-02
1.574164e-01;6.664319e-02;9.467021e-02;3.313411e-02;9.056484e-02;8.543106e-02;2.950240e-01;2.040870e-02;2.633980e-02;6.133756e-02;3.388453e-02;3.514566e-02
1.515853e-01;8.655887e-02;6.227802e-02;4.303319e-02;7.332695e-02;9.221211e-02;2.886958e-01;3.392208e-02;2.591572e-02;7.762498e-02;4.401741e-02;2.082952e-02
1.319425e-01;8.855212e-02;6.809773e-02;4.453707e-02;4.983504e-02;7.603149e-02;3.157927e-01;4.148106e-02;3.447919e-02;7.910442e-02;4.228149e-02;2.786521e-02
1.057843e-01;1.185165e-01;7.812930e-02;2.181211e-02;5.847537e-02;5.224978e-02;3.784418e-01;3.646693e-02;3.564992e-02;5.466303e-02;4.580891e-02;1.400201e-02
7.720355e-02;1.363851e-01;9.013600e-02;1.361598e-02;5.776405e-02;5.460152e-02;3.915875e-01;4.449636e-02;3.446877e-02;3.552908e-02;5.220557e-02;1.200651e-02
6.835048e-02;1.479960e-01;9.732766e-02;1.509365e-02;5.078656e-02;4.554232e-02;3.705432e-01;7.102977e-02;4.585854e-02;2.540872e-02;4.814639e-02;1.391670e-02
1.357144e-01;1.430954e-01;7.045364e-02;2.918746e-02;6.446365e-02;4.332512e-02;2.660689e-01;7.568458e-02;8.185896e-02;3.515398e-02;2.764503e-02;2.734886e-02
1.850328e-01;1.136389e-01;8.155646e-02;4.977188e-02;8.261984e-02;5.264865e-02;1.447340e-01;7.464785e-02;7.620641e-02;5.889350e-02;3.846416e-02;4.178568e-02
1.123693e-01;9.075958e-02;8.622929e-02;5.225481e-02;8.999867e-02;6.696320e-02;1.461203e-01;1.209055e-01;7.314833e-02;6.492394e-02;4.821270e-02;4.811438e-02
9.182032e-02;8.842797e-02;5.922787e-02;3.577876e-02;7.789468e-02;7.134295e-02;1.773552e-01;1.225190e-01;1.061642e-01;9.092996e-02;3.628335e-02;4.225563e-02
9.961772e-02;7.181337e-02;8.059828e-02;3.657575e-02;5.987098e-02;5.971143e-02;2.029398e-01;7.475457e-02;1.002964e-01;1.095311e-01;5.862214e-02;4.566841e-02
6.304023e-02;8.840007e-02;1.001000e-01;6.609663e-02;6.861021e-02;5.164497e-02;1.864050e-01;6.620251e-02;9.131539e-02;8.774153e-02;4.439431e-02;8.604917e-02
1.143363e-01;1.082961e-01;1.168384e-01;4.446029e-02;1.052264e-01;5.684644e-02;1.094845e-01;4.985781e-02;6.730319e-02;4.249708e-02;9.004626e-02;9.480722e-02
1.595233e-01;1.074199e-01;1.024368e-01;8.107388e-02;9.806355e-02;9.489660e-02;7.752427e-02;4.081405e-02;5.847682e-02;6.074525e-02;7.783732e-02;4.118813e-02
1.553056e-01;9.625091e-02;1.703702e-01;1.297248e-01;8.749932e-02;7.863791e-02;5.607609e-02;2.442824e-02;7.068308e-02;6.721321e-02;3.945037e-02;2.436024e-02
1.171858e-01;1.014278e-01;2.717787e-01;1.735014e-01;6.223015e-02;4.905177e-02;3.681648e-02;2.158448e-02;8.891349e-02;4.700582e-02;1.616130e-02;1.434287e-02
4.917815e-02;1.033189e-01;3.432330e-01;1.749356e-01;2.980127e-02;5.491303e-02;3.414785e-02;2.138438e-02;9.745821e-02;5.910933e-02;1.764335e-02;1.487700e-02
4.382428e-02;8.213153e-02;2.663292e-01;1.459013e-01;4.076556e-02;5.603469e-02;6.698371e-02;3.078235e-02;1.018838e-01;9.017064e-02;5.173634e-02;2.345667e-02
8.170151e-02;4.072515e-02;1.801891e-01;8.857455e-02;7.102580e-02;4.322783e-02;1.511680e-01;3.720159e-02;8.510766e-02;1.132106e-01;7.730117e-02;3.056717e-02
5.891642e-02;4.897498e-02;1.864314e-01;1.082963e-01;6.454206e-02;3.167668e-02;1.743008e-01;6.136183e-02;8.080750e-02;9.758446e-02;5.933642e-02;2.777115e-02
4.993622e-02;5.057677e-02;2.051421e-01;8.972303e-02;5.306528e-02;4.420539e-02;2.438033e-01;7.213932e-02;5.482297e-02;6.376400e-02;3.565273e-02;3.716890e-02
5.957630e-02;8.240180e-02;1.768151e-01;5.451006e-02;4.940467e-02;4.969833e-02;3.126214e-01;5.499386e-02;3.939744e-02;4.218099e-02;4.696083e-02;3.143922e-02
6.345820e-02;1.413921e-01;9.305014e-02;3.457912e-02;6.188185e-02;4.986290e-02;3.524119e-01;3.470622e-02;4.513396e-02;4.637988e-02;5.987403e-02;1.726977e-02
5.844522e-02;1.700168e-01;8.723193e-02;3.517922e-02;6.910211e-02;3.805380e-02;3.022387e-01;4.298305e-02;5.026918e-02;4.342912e-02;6.839507e-02;3.465579e-02
6.179873e-02;1.494604e-01;7.138213e-02;2.300188e-02;7.044222e-02;3.139924e-02;3.164222e-01;5.939110e-02;5.051258e-02;3.988097e-02;9.094940e-02;3.535907e-02
5.282606e-02;8.959699e-02;1.445535e-01;4.739574e-02;6.379735e-02;3.961644e-02;2.075670e-01;7.959469e-02;8.488803e-02;5.783548e-02;7.795795e-02;5.437083e-02
7.989181e-02;4.473481e-02;1.404804e-01;1.014132e-01;6.472642e-02;4.806524e-02;1.082912e-01;7.648690e-02;1.186413e-01;7.893422e-02;6.373685e-02;7.459772e-02
9.090281e-02;3.234895e-02;1.002526e-01;1.265794e-01;8.515909e-02;5.287415e-02;7.045557e-02;4.696703e-02;1.141615e-01;1.325087e-01;6.152807e-02;8.626211e-02
5.600341e-02;4.465236e-02;9.198859e-02;1.332085e-01;1.266915e-01;6.116428e-02;4.892313e-02;1.807576e-02;7.860221e-02;1.754729e-01;5.393380e-02;1.112835e-01
4.534772e-02;6.602346e-02;5.590480e-02;1.307836e-01;1.701442e-01;5.964548e-02;3.489930e-02;1.744562e-02;5.232995e-02;1.895029e-01;5.467461e-02;1.232984e-01
3.174187e-02;8.403531e-02;4.981177e-02;1.278079e-01;1.993744e-01;5.761628e-02;2.978899e-02;2.451292e-02;4.781287e-02;2.030710e-01;5.649707e-02;8.792970e-02
3.012902e-02;6.474586e-02;8.307322e-02;1.075085e-01;1.714010e-01;6.322243e-02;6.944375e-02;3.249144e-02;7.366942e-02;1.940134e-01;6.231277e-02;4.798920e-02
4.953240e-02;4.397433e-02;1.336304e-01;1.017637e-01;1.054886e-01;6.036421e-02;1.584985e-01;3.950310e-02;7.736307e-02;1.278491e-01;6.396916e-02;3.806336e-02
5.925102e-02;3.097829e-02;1.332668e-01;1.187831e-01;9.590986e-02;5.926571e-02;2.119786e-01;4.577975e-02;6.355517e-02;8.348476e-02;5.401313e-02;4.373376e-02
7.612474e-02;5.163523e-02;8.714112e-02;1.549079e-01;1.461698e-01;5.579649e-02;1.676086e-01;3.098787e-02;4.973483e-02;6.403814e-02;5.130500e-02;6.455027e-02
8.133513e-02;5.152291e-02;1.037445e-01;1.847611e-01;1.979913e-01;2.798994e-02;4.970087e-02;2.969027e-02;4.046709e-02;9.128185e-02;7.345495e-02;6.806005e-02
5.552938e-02;3.979440e-02;8.201873e-02;1.495659e-01;1.450482e-01;3.292492e-02;1.527589e-01;4.364066e-02;5.493962e-02;1.287776e-01;6.254947e-02;5.245226e-02
6.895728e-02;3.684197e-02;7.643367e-02;9.766792e-02;1.115140e-01;7.422112e-02;1.729304e-01;4.449297e-02;8.229508e-02;1.235001e-01;4.823788e-02;6.290770e-02
8.264580e-02;9.020747e-02;6.891063e-02;7.642476e-02;9.219879e-02;1.101158e-01;1.425391e-01;3.576739e-02;8.956388e-02;1.083901e-01;4.431229e-02;5.892397e-02
1.353089e-01;1.525847e-01;1.127201e-01;6.392092e-02;6.628133e-02;7.277102e-02;1.178069e-01;3.904612e-02;6.648307e-02;7.727846e-02;5.160610e-02;4.419239e-02
1.670843e-01;1.251507e-01;1.508137e-01;7.035293e-02;4.815176e-02;3.415733e-02;1.192804e-01;3.047461e-02;6.439950e-02;6.808739e-02;7.601438e-02;4.603311e-02
1.407543e-01;8.723772e-02;1.633542e-01;8.011873e-02;3.198648e-02;3.188992e-02;1.238462e-01;3.487115e-02;6.765043e-02;7.612454e-02;7.516702e-02;8.699926e-02
8.574720e-02;4.996381e-02;2.150984e-01;6.094113e-02;2.124466e-02;4.305179e-02;1.190404e-01;6.754740e-02;4.489557e-02;7.877733e-02;4.756350e-02;1.661288e-01
4.156005e-02;3.674053e-02;2.873737e-01;4.579332e-02;1.606441e-02;4.155847e-02;1.227773e-01;8.242989e-02;2.989123e-02;7.258037e-02;3.159255e-02;1.916382e-01
7.048303e-02;6.123424e-02;3.147819e-01;5.197331e-02;1.854540e-02;2.552282e-02;1.353945e-01;6.801696e-02;2.226088e-02;5.308301e-02;4.631305e-02;1.323908e-01
1.308396e-01;1.210728e-01;2.453331e-01;4.096495e-02;3.281589e-02;2.060382e-02;1.757599e-01;4.101576e-02;2.165318e-02;2.819291e-02;9.246278e-02;4.928539e-02
1.541421e-01;2.058979e-01;1.219421e-01;1.742746e-02;3.551435e-02;3.056736e-02;2.112511e-01;2.958839e-02;3.461884e-02;1.902084e-02;1.218393e-01;1.819038e-02
1.760418e-01;2.146608e-01;8.820495e-02;1.287240e-02;3.562067e-02;3.899619e-02;1.958807e-01;2.314196e-02;3.754058e-02;2.125841e-02;9.814132e-02;5.764017e-02
2.002577e-01;1.615741e-01;1.061240e-01;2.621072e-02;4.834665e-02;5.125706e-02;1.529626e-01;2.140294e-02;2.861255e-02;3.971243e-02;6.915648e-02;9.438282e-02
1.840932e-01;1.215326e-01;7.257901e-02;3.832924e-02;7.745172e-02;5.782936e-02;1.522078e-01;2.565389e-02;2.133507e-02;4.329606e-02;8.026562e-02;1.254265e-01
1.538895e-01;1.424281e-01;1.424432e-01;3.729925e-02;7.340940e-02;2.865993e-02;1.442578e-01;2.229860e-02;3.083228e-02;3.818705e-02;7.744175e-02;1.088531e-01
6.686474e-02;1.549626e-01;2.437753e-01;4.298627e-02;6.420314e-02;3.350358e-02;1.629528e-01;3.478500e-02;2.472320e-02;3.956322e-02;5.996083e-02;7.171931e-02
5.525031e-02;1.411460e-01;3.079391e-01;3.924135e-02;4.568676e-02;3.514525e-02;1.553306e-01;3.883347e-02;3.339137e-02;3.810922e-02;5.484859e-02;5.507787e-02
1.053131e-01;1.796880e-01;3.043866e-01;4.283801e-02;4.297300e-02;2.441452e-02;8.795629e-02;2.505722e-02;4.277150e-02;2.691580e-02;5.243497e-02;6.525096e-02
9.703753e-02;1.991901e-01;2.809479e-01;5.383012e-02;7.817426e-02;3.393441e-02;7.298826e-02;1.909641e-02;5.286553e-02;4.151843e-02;3.022856e-02;4.018855e-02
4.901159e-02;1.482746e-01;2.299811e-01;8.455876e-02;1.252272e-01;6.201303e-02;9.962558e-02;2.969447e-02;5.796565e-02;5.530257e-02;2.386150e-02;3.448388e-02
1.277449e-01;7.196113e-02;1.263246e-01;6.372197e-02;1.528838e-01;9.095944e-02;1.856392e-01;2.314168e-02;5.355455e-02;4.382996e-02;2.486263e-02;3.537615e-02
1.001665e-01;5.754539e-02;7.430590e-02;3.462893e-02;1.483569e-01;9.276246e-02;3.268056e-01;3.296375e-02;4.154230e-02;4.577236e-02;2.001595e-02;2.513406e-02
5.314322e-02;5.378647e-02;8.656453e-02;3.217432e-02;1.213943e-01;7.358661e-02;3.964888e-01;5.205245e-02;4.269738e-02;4.544589e-02;1.989503e-02;2.277097e-02
1.793442e-02;3.920764e-02;1.271100e-01;3.612107e-02;7.894368e-02;7.137004e-02;3.894406e-01;7.786110e-02;5.464865e-02;6.069146e-02;1.782059e-02;2.885078e-02
1.448299e-02;3.983011e-02;1.274803e-01;5.897978e-02;1.261127e-01;9.023788e-02;2.605943e-01;8.023331e-02;8.023168e-02;7.281861e-02;1.746937e-02;3.152891e-02
3.718837e-02;3.164700e-02;7.201510e-02;1.456437e-01;2.018328e-01;6.009553e-02;1.242543e-01;5.935146e-02;1.176519e-01;9.155253e-02;3.991478e-02;1.885259e-02
7.068288e-02;1.253692e-02;6.002631e-02;2.276735e-01;1.577387e-01;2.074367e-02;1.059888e-01;5.301404e-02;1.240603e-01;1.033743e-01;5.242937e-02;1.173112e-02
9.958166e-02;3.586824e-02;7.763894e-02;2.516765e-01;7.660958e-02;1.790659e-02;1.062307e-01;5.134562e-02;1.108816e-01;9.545774e-02;5.813862e-02;1.866427e-02
1.029484e-01;1.070858e-01;1.036070e-01;1.767062e-01;4.275717e-02;2.485779e-02;1.275961e-01;4.940633e-02;1.048390e-01;6.689886e-02;5.408749e-02;3.920984e-02
8.966391e-02;1.592349e-01;1.498527e-01;1.018233e-01;5.563658e-02;4.520004e-02;9.229573e-02;4.698926e-02;1.028565e-01;6.406730e-02;4.136196e-02;5.101775e-02
6.219857e-02;9.596586e-02;1.693622e-01;8.661125e-02;7.330041e-02;6.219606e-02;4.777000e-02;3.984383e-02;1.175534e-01;1.383388e-01;5.595571e-02;5.090392e-02
2.814749e-02;1.631072e-01;1.119169e-01;7.107152e-02;1.013682e-01;4.983246e-02;3.794985e-02;4.760896e-02;9.832940e-02;1.767806e-01;6.076523e-02;5.312214e-02
2.149990e-02;1.804247e-01;6.129222e-02;1.151261e-01;1.107280e-01;4.040811e-02;2.710418e-02;8.517938e-02;7.632972e-02;1.686489e-01;6.054617e-02;5.271263e-02
2.867084e-02;1.140334e-01;7.374477e-02;1.471860e-01;1.236720e-01;5.751166e-02;7.903984e-02;7.890699e-02;6.506406e-02;1.200159e-01;5.759861e-02;5.455589e-02
5.458051e-02;5.423741e-02;1.335948e-01;1.560386e-01;1.031346e-01;6.974273e-02;1.073602e-01;5.254750e-02;7.577667e-02;8.320397e-02;4.293516e-02;6.684790e-02
6.264944e-02;5.642079e-02;1.580427e-01;1.687298e-01;1.222102e-01;8.928549e-02;9.625048e-02;4.385302e-02;6.268894e-02;5.863083e-02;2.589750e-02;5.534077e-02
6.529748e-02;6.506031e-02;1.556872e-01;1.533235e-01;1.446367e-01;9.144825e-02;8.398341e-02;5.913428e-02;5.616836e-02;5.743504e-02;3.136037e-02;3.646517e-02
8.498313e-02;9.710578e-02;9.897193e-02;1.099123e-01;9.290846e-02;7.376982e-02;5.149706e-02;8.170695e-02;7.540479e-02;8.807040e-02;7.811633e-02;6.755302e-02
8.224393e-02;6.965049e-02;9.877971e-02;8.988551e-02;1.470423e-01;3.737082e-02;9.003313e-02;8.498753e-02;6.872341e-02;7.866598e-02;9.246708e-02;6.015009e-02
6.774191e-02;5.714294e-02;1.281791e-01;8.950718e-02;1.780064e-01;4.912814e-02;7.725964e-02;1.036474e-01;5.933983e-02;4.914584e-02;8.002827e-02;6.087333e-02
6.285752e-02;6.656013e-02;1.359346e-01;6.820027e-02;1.810191e-01;7.031228e-02;6.604732e-02;1.254382e-01;5.372546e-02;3.760012e-02;7.154094e-02;6.076409e-02
9.029690e-02;1.189011e-01;1.017356e-01;4.947183e-02;1.254182e-01;7.862435e-02;7.502466e-02;7.847334e-02;2.961085e-02;1.028020e-01;8.049733e-02;6.914394e-02
1.071402e-01;1.014702e-01;8.910299e-02;8.725593e-02;1.059064e-01;6.837617e-02;4.019481e-02;3.225044e-02;9.299804e-02;1.355937e-01;5.980517e-02;7.990579e-02
8.253346e-02;3.751012e-02;1.215144e-01;1.307634e-01;7.129149e-02;6.494175e-02;5.928058e-02;6.556940e-02;1.425681e-01;9.806037e-02;6.055009e-02;6.541675e-02
4.190145e-02;3.335511e-02;1.869567e-01;1.037341e-01;5.399717e-02;6.506625e-02;1.044468e-01;1.263336e-01;1.116210e-01;5.235032e-02;4.805115e-02;7.218644e-02
3.351530e-02;6.478669e-02;1.753437e-01;4.984807e-02;6.828397e-02;5.067782e-02;1.931653e-01;1.406717e-01;5.593637e-02;5.022014e-02;6.338220e-02;5.416866e-02
5.997497e-02;1.024866e-01;1.000229e-01;3.353867e-02;7.678415e-02;5.196582e-02;2.715793e-01;9.080672e-02;5.656223e-02;4.626450e-02;8.535827e-02;2.465591e-02
1.073009e-01;9.861709e-02;4.479836e-02;6.639633e-02;6.619446e-02;7.981015e-02;2.526240e-01;5.326297e-02;5.186832e-02;8.325603e-02;5.427889e-02;4.159253e-02
1.484639e-01;6.667814e-02;4.890877e-02;7.933006e-02;6.655194e-02;1.228093e-01;1.580692e-01;7.014731e-02;4.595561e-02;1.201788e-01;3.931590e-02;3.359121e-02
1.385894e-01;4.130786e-02;5.880476e-02;6.886983e-02;8.054560e-02;1.185845e-01;1.307525e-01;7.714928e-02;1.137266e-01;8.343790e-02;5.129182e-02;3.694001e-02
1.049621e-01;5.013691e-02;9.039126e-02;6.888316e-02;9.932471e-02;7.328361e-02;9.913299e-02;7.167205e-02;1.575963e-01;5.366745e-02;6.367074e-02;6.727868e-02
8.131258e-02;6.980601e-02;8.583643e-02;5.380812e-02;9.831543e-02;5.707991e-02;1.193868e-01;8.809088e-02;1.147917e-01;1.031784e-01;7.280839e-02;5.558524e-02
8.035638e-02;7.245825e-02;1.328144e-01;6.029345e-02;7.081711e-02;6.424370e-02;1.146791e-01;8.880917e-02;9.539739e-02;9.063039e-02;7.033511e-02;5.916554e-02
7.828025e-02;6.776738e-02;1.713625e-01;5.277106e-02;5.093144e-02;5.316549e-02;1.207256e-01;1.281396e-01;1.136242e-01;3.527151e-02;6.350902e-02;6.445196e-02
1.180228e-01;1.053269e-01;1.202688e-01;3.731060e-02;6.943235e-02;9.092335e-02;1.212651e-01;1.242909e-01;9.113813e-02;2.461424e-02;5.661719e-02;4.078966e-02
1.269688e-01;9.080905e-02;6.035265e-02;5.633367e-02;7.815515e-02;1.267238e-01;1.506909e-01;8.067536e-02;1.076289e-01;5.312491e-02;2.905179e-02;3.948494e-02
1.003898e-01;7.289067e-02;6.286539e-02;6.639840e-02;8.290630e-02;1.127216e-01;1.851156e-01;5.321413e-02;1.005107e-01;6.019521e-02;3.684679e-02;6.594542e-02
6.799709e-02;7.714049e-02;6.450750e-02;1.026590e-01;7.990161e-02;9.012745e-02;1.674576e-01;9.647656e-02;5.073921e-02;6.790151e-02;5.800270e-02;7.708932e-02
5.191163e-02;7.094753e-02;1.281369e-01;9.635346e-02;5.904139e-02;7.963311e-02;1.305956e-01;1.219419e-01;7.239114e-02;7.010488e-02;7.671247e-02;4.222998e-02
1.048769e-01;5.833283e-02;1.120481e-01;6.738545e-02;5.058885e-02;6.206391e-02;1.828971e-01;7.603957e-02;1.255963e-01;4.588735e-02;5.644712e-02;5.783651e-02
1.321465e-01;3.647565e-02;8.623165e-02;5.007124e-02;4.181705e-02;9.792683e-02;1.973730e-01;5.144962e-02;1.421676e-01;5.318883e-02;6.297366e-02;4.817828e-02
1.182560e-01;4.212678e-02;1.017799e-01;4.637847e-02;5.765830e-02;1.258864e-01;1.542010e-01;5.369548e-02;1.261986e-01;6.337705e-02;5.073217e-02;5.970988e-02
8.016687e-02;4.802161e-02;1.442265e-01;5.218849e-02;7.366177e-02;1.022280e-01;1.660187e-01;6.517114e-02;8.381218e-02;6.178412e-02;5.574178e-02;6.697883e-02
8.540855e-02;4.893474e-02;1.147479e-01;4.937427e-02;5.985338e-02;8.839088e-02;1.910522e-01;1.132353e-01;1.066289e-01;7.018642e-02;4.112729e-02;3.106027e-02
8.190642e-02;8.242980e-02;1.079414e-01;5.398512e-02;5.752498e-02;9.803191e-02;1.846980e-01;8.056637e-02;1.251302e-01;4.082832e-02;3.605860e-02;5.089880e-02
1.044263e-01;8.419750e-02;9.666000e-02;5.457665e-02;5.680912e-02;9.845632e-02;1.951932e-01;3.141318e-02;1.509116e-01;4.173852e-02;2.762889e-02;5.798867e-02
1.200314e-01;6.446536e-02;9.109746e-02;6.802797e-02;5.229767e-02;7.564197e-02;1.506611e-01;5.252255e-02;1.550402e-01;6.805681e-02;2.953196e-02;7.262558e-02
1.105853e-01;3.507403e-02;1.291872e-01;6.779682e-02;4.158717e-02;5.086705e-02;1.887885e-01;5.638869e-02;1.030584e-01;8.044586e-02;4.021569e-02;9.600535e-02
7.345178e-02;4.421712e-02;1.999461e-01;4.038818e-02;3.472507e-02;3.725789e-02;2.732747e-01;7.143576e-02;4.189907e-02;5.387102e-02;3.256741e-02;9.696594e-02
5.700159e-02;4.559070e-02;2.357914e-01;5.858274e-02;2.356500e-02;3.613966e-02;2.905219e-01;8.839682e-02;3.078274e-02;2.918166e-02;2.255851e-02;8.188716e-02
4.030993e-02;3.909856e-02;2.065171e-01;1.496447e-01;4.939658e-02;3.791225e-02;2.136448e-01;7.796771e-02;7.762656e-02;4.056970e-02;2.058803e-02;4.672416e-02
4.750641e-02;1.993008e-02;1.170081e-01;2.133687e-01;9.119070e-02;3.324017e-02;1.535153e-01;7.508270e-02;1.220604e-01;7.370626e-02;2.739863e-02;2.599257e-02
4.877863e-02;2.372323e-02;6.191693e-02;1.550601e-01;8.524315e-02;4.746366e-02;1.203077e-01;1.205576e-01;1.064702e-01;1.451327e-01;4.289469e-02;4.245143e-02
3.066468e-02;3.690027e-02;3.707482e-02;8.618543e-02;9.708522e-02;4.448019e-02;6.674787e-02;1.676432e-01;8.679771e-02;2.140264e-01;8.169170e-02;5.070248e-02
3.444296e-02;4.453087e-02;3.903819e-02;6.444688e-02;8.740804e-02;4.225449e-02;5.513395e-02;1.446158e-01;6.435543e-02;2.225025e-01;1.565352e-01;4.473565e-02
7.207971e-02;3.311562e-02;7.949659e-02;6.084451e-02;4.051847e-02;6.792077e-02;7.373603e-02;7.649226e-02;4.118655e-02;1.870191e-01;2.149158e-01;5.267461e-02
1.051617e-01;5.512847e-02;1.079523e-01;5.143303e-02;3.108516e-02;6.204966e-02;1.163007e-01;4.356556e-02;5.981214e-02;1.269879e-01;1.650157e-01;7.550755e-02
1.535038e-01;7.518064e-02;7.946081e-02;4.577571e-02;5.190330e-02;5.174100e-02;1.150533e-01;5.604003e-02;5.515926e-02;1.007881e-01;1.281325e-01;8.726151e-02
1.378508e-01;6.280003e-02;6.421992e-02;5.558340e-02;4.728079e-02;3.192548e-02;8.294254e-02;6.744260e-02;6.516820e-02;1.478168e-01;1.315458e-01;1.054236e-01
9.078342e-02;4.802851e-02;7.258213e-02;7.994622e-02;6.015323e-02;3.458547e-02;8.367129e-02;6.793992e-02;8.305731e-02;1.616387e-01;1.212500e-01;9.636373e-02
8.047514e-02;4.029790e-02;8.842917e-02;6.978873e-02;6.509674e-02;4.963858e-02;1.241588e-01;6.605932e-02;8.149818e-02;1.565973e-01;1.187428e-01;5.921742e-02
7.354700e-02;4.539675e-02;1.118466e-01;7.498398e-02;4.049823e-02;5.499199e-02;1.252239e-01;6.760769e-02;6.730758e-02;1.623969e-01;8.538795e-02;9.081136e-02
7.618252e-02;5.763864e-02;1.023278e-01;7.768275e-02;3.903122e-02;5.380208e-02;9.015436e-02;5.239670e-02;5.746130e-02;1.480837e-01;9.173171e-02;1.535073e-01
8.796309e-02;5.285108e-02;1.011442e-01;5.042786e-02;3.377927e-02;4.432322e-02;8.267456e-02;5.179576e-02;6.186331e-02;1.273239e-01;1.249182e-01;1.809355e-01
1.464585e-01;4.004271e-02;9.956010e-02;3.521634e-02;2.573100e-02;3.283053e-02;8.082076e-02;7.277767e-02;7.620647e-02;8.706938e-02;1.441222e-01;1.591644e-01
1.772603e-01;2.621143e-02;6.918934e-02;4.661286e-02;2.813877e-02;2.493100e-02;1.015418e-01;8.917493e-02;8.306371e-02;9.043792e-02;1.370165e-01;1.264214e-01
2.083204e-01;6.859676e-02;9.398743e-02;7.720380e-02;3.152809e-02;4.435467e-02;1.270246e-01;6.018094e-02;5.026309e-02;7.658099e-02;8.435077e-02;7.760848e-02
1.497422e-01;1.034874e-01;1.490557e-01;8.937007e-02;3.440269e-02;5.803373e-02;1.320465e-01;4.402180e-02;5.270354e-02;4.567235e-02;1.014122e-01;4.005191e-02
1.014677e-01;8.522578e-02;1.417261e-01;9.476784e-02;5.822981e-02;5.925560e-02;1.390238e-01;4.293919e-02;5.872757e-02;3.854784e-02;1.288431e-01;5.124561e-02
1.060628e-01;5.580583e-02;1.028088e-01;8.234519e-02;7.702404e-02;4.551843e-02;1.401690e-01;6.006607e-02;8.960097e-02;6.868177e-02;1.085447e-01;6.337243e-02
5.972486e-02;3.063422e-02;1.295983e-01;7.898511e-02;8.971286e-02;4.551879e-02;1.233295e-01;5.359826e-02;1.433691e-01;1.202369e-01;8.172952e-02;4.356255e-02
4.755326e-02;3.643485e-02;1.027600e-01;9.869765e-02;9.073550e-02;4.207926e-02;9.880618e-02;5.000014e-02;1.418221e-01;1.456456e-01;1.223630e-01;2.310237e-02
5.632731e-02;2.871942e-02;8.464643e-02;1.496254e-01;7.365602e-02;3.271317e-02;6.269627e-02;4.988505e-02;1.740259e-01;1.516753e-01;1.151389e-01;2.089087e-02
3.930623e-02;2.508984e-02;1.397837e-01;1.586727e-01;5.013206e-02;2.676751e-02;1.118196e-01;5.715209e-02;1.627696e-01;1.254671e-01;7.452075e-02;2.851883e-02
1.148980e-02;3.496990e-02;2.123544e-01;9.697251e-02;3.673348e-02;4.151110e-02;2.147820e-01;8.374258e-02;9.635404e-02;8.493425e-02;4.226033e-02;4.389555e-02
2.879020e-02;5.944126e-02;1.948813e-01;3.818200e-02;2.958205e-02;4.290330e-02;3.409316e-01;9.366853e-02;4.401371e-02;5.350782e-02;3.162374e-02;4.247448e-02
4.653064e-02;8.303978e-02;1.171762e-01;2.727947e-02;4.460931e-02;4.822883e-02;4.420075e-01;7.607144e-02;3.571692e-02;3.205762e-02;2.694078e-02;2.034148e-02
8.291632e-02;9.419363e-02;7.144345e-02;3.102731e-02;6.526233e-02;6.469085e-02;4.102212e-01;5.411336e-02;4.230196e-02;3.706953e-02;2.597070e-02;2.078939e-02
1.075020e-01;8.119651e-02;9.227004e-02;3.557413e-02;1.093802e-01;8.361312e-02;2.635977e-01;4.258166e-02;6.426433e-02;4.826003e-02;3.580940e-02;3.595092e-02
9.984717e-02;5.811848e-02;1.365972e-01;5.249506e-02;1.320833e-01;7.417422e-02;2.045079e-01;3.973004e-02;7.883106e-02;4.568287e-02;3.462866e-02;4.330401e-02
9.683838e-02;8.568331e-02;1.275918e-01;6.886074e-02;1.137118e-01;4.350663e-02;1.845750e-01;5.835032e-02;7.457128e-02;4.259134e-02;3.971136e-02;6.400800e-02
8.452769e-02;9.477918e-02;1.012780e-01;5.602921e-02;1.134670e-01;6.532347e-02;1.211515e-01;7.176056e-02;1.035505e-01;4.673240e-02;4.495674e-02;9.644381e-02
8.450377e-02;6.964145e-02;1.185629e-01;5.452863e-02;1.368727e-01;8.038709e-02;6.185892e-02;5.330975e-02;1.266572e-01;4.853179e-02;4.952765e-02;1.156181e-01
8.303833e-02;3.520282e-02;1.245800e-01;6.090285e-02;1.407099e-01;7.674846e-02;1.036236e-01;5.648169e-02;1.155397e-01;2.511067e-02;6.950342e-02;1.085587e-01
6.704926e-02;5.626792e-02;1.507873e-01;9.257123e-02;1.250400e-01;4.825812e-02;9.629472e-02;8.432314e-02;6.985364e-02;4.330437e-02;8.730012e-02;7.895017e-02
6.994335e-02;7.994609e-02;1.882263e-01;1.312726e-01;8.508470e-02;3.845626e-02;1.063521e-01;6.608260e-02;1.847785e-02;6.293973e-02;8.184192e-02;7.137645e-02
9.059432e-02;7.859503e-02;1.078457e-01;1.537198e-01;9.455681e-02;7.663698e-02;1.265827e-01;3.698929e-02;4.019866e-02;8.618250e-02;4.304379e-02;6.505437e-02
7.588302e-02;5.598353e-02;7.860496e-02;1.407459e-01;1.050295e-01;1.287961e-01;1.016425e-01;7.517464e-02;4.684775e-02;8.028484e-02;5.491662e-02;5.609066e-02
6.007870e-02;3.765841e-02;7.830089e-02;1.304376e-01;1.163431e-01;1.385976e-01;1.190622e-01;1.013279e-01;5.971434e-02;7.647819e-02;4.460255e-02;3.739851e-02
8.464371e-02;4.720253e-02;6.440236e-02;1.576687e-01;1.361144e-01;1.044533e-01;9.421945e-02;1.276544e-01;5.014313e-02;5.149788e-02;5.096116e-02;3.103902e-02
8.710382e-02;4.040708e-02;6.397089e-02;1.554926e-01;1.194269e-01;1.069996e-01;8.471864e-02;1.236226e-01;6.079989e-02;5.002205e-02;5.887261e-02;4.856336e-02
9.789876e-02;7.746056e-02;7.242189e-02;1.217380e-01;9.130869e-02;7.019165e-02;1.089440e-01;1.026705e-01;4.854887e-02;8.086689e-02;5.764722e-02;7.030299e-02
8.621999e-02;9.369720e-02;7.158856e-02;8.783597e-02;7.338843e-02;5.756163e-02;1.158815e-01;1.101362e-01;5.988158e-02;1.090859e-01;5.618344e-02;7.853957e-02
5.653349e-02;7.927874e-02;7.289127e-02;6.678832e-02;7.096542e-02;6.638145e-02;1.428956e-01;1.078029e-01;9.144883e-02;1.137876e-01;4.622671e-02;8.499961e-02
3.261989e-02;1.060346e-01;8.135819e-02;7.166167e-02;1.131341e-01;7.598630e-02;1.485418e-01;8.236799e-02;7.380913e-02;1.094291e-01;4.257505e-02;6.248219e-02
4.281261e-02;6.387033e-02;9.364302e-02;7.609274e-02;1.247583e-01;9.226878e-02;1.193988e-01;6.274498e-02;1.199193e-01;1.166355e-01;3.847002e-02;4.938566e-02
8.844271e-02;5.687372e-02;6.591497e-02;5.884884e-02;8.978123e-02;1.073867e-01;1.031126e-01;5.462036e-02;8.339985e-02;1.238205e-01;1.017087e-01;6.608978e-02
7.229394e-02;8.648019e-02;6.858972e-02;1.014824e-01;7.722113e-02;1.144692e-01;8.064049e-02;4.400039e-02;4.497201e-02;1.074872e-01;1.235400e-01;7.882340e-02
6.541688e-02;9.232599e-02;1.021736e-01;1.450495e-01;5.414690e-02;1.379299e-01;6.871964e-02;5.401394e-02;6.604394e-02;7.477330e-02;7.603381e-02;6.337252e-02
6.789932e-02;6.253619e-02;9.887771e-02;1.450099e-01;7.407852e-02;1.221552e-01;6.044568e-02;4.589965e-02;6.180786e-02;7.716842e-02;7.978998e-02;1.043315e-01
1.311292e-01;6.434567e-02;7.764178e-02;9.064309e-02;7.336051e-02;9.577763e-02;6.566361e-02;3.881016e-02;4.563605e-02;8.154337e-02;1.240278e-01;1.114211e-01
1.833981e-01;8.099566e-02;1.054645e-01;7.283715e-02;7.841055e-02;6.938937e-02;8.526418e-02;5.380285e-02;4.919747e-02;4.931973e-02;1.185332e-01;5.338716e-02
1.719308e-01;6.014331e-02;1.345782e-01;7.198998e-02;6.334194e-02;8.187559e-02;9.286633e-02;7.671548e-02;4.605454e-02;5.127910e-02;9.364926e-02;5.557540e-02
1.805386e-01;6.675567e-02;1.591854e-01;7.451994e-02;5.828389e-02;7.133008e-02;9.713937e-02;7.283019e-02;4.330495e-02;7.072780e-02;7.144415e-02;3.394004e-02
1.172077e-01;6.103420e-02;2.644072e-01;9.992384e-02;6.534100e-02;2.247187e-02;1.294002e-01;3.974320e-02;4.264395e-02;8.218368e-02;4.980821e-02;2.583491e-02
7.909388e-02;6.013169e-02;2.199411e-01;1.217501e-01;7.258765e-02;2.027278e-02;1.407216e-01;3.571506e-02;6.042555e-02;1.012205e-01;5.083988e-02;3.730017e-02
5.820190e-02;5.220998e-02;1.384773e-01;1.566652e-01;7.258941e-02;2.946315e-02;1.569944e-01;5.246422e-02;8.980439e-02;1.180816e-01;4.418584e-02;3.086260e-02
5.640892e-02;2.323445e-02;8.421192e-02;1.835723e-01;4.731702e-02;5.168498e-02;1.446661e-01;7.024810e-02;1.346709e-01;1.553110e-01;3.516820e-02;1.350606e-02
5.614987e-02;8.469133e-03;7.456543e-02;1.392352e-01;5.847006e-02;1.490896e-01;1.023628e-01;5.785210e-02;1.129565e-01;1.854572e-01;4.590598e-02;9.486184e-03
4.012187e-02;3.050399e-02;7.109946e-02;6.933182e-02;1.308675e-01;2.026181e-01;6.009794e-02;3.673872e-02;8.077113e-02;2.070221e-01;5.484201e-02;1.598526e-02
3.520174e-02;4.493022e-02;4.061666e-02;5.403376e-02;1.468981e-01;1.621433e-01;5.924467e-02;5.927091e-02;6.778305e-02;2.072251e-01;9.475385e-02;2.789866e-02
9.002870e-02;4.352497e-02;4.314840e-02;5.645328e-02;7.254879e-02;1.626624e-01;8.634868e-02;6.891844e-02;4.116235e-02;1.390804e-01;1.282316e-01;6.789193e-02
1.852930e-01;4.728182e-02;3.935597e-02;5.739326e-02;5.729891e-02;1.139857e-01;1.380500e-01;6.273339e-02;3.704274e-02;7.243706e-02;8.581498e-02;1.033132e-01
2.623124e-01;6.909382e-02;6.179837e-02;4.659325e-02;4.895349e-02;9.439128e-02;1.161602e-01;7.563240e-02;3.693301e-02;6.301589e-02;3.959119e-02;8.552474e-02
2.665457e-01;1.039330e-01;1.334816e-01;2.807329e-02;5.820163e-02;6.857803e-02;7.477392e-02;6.754198e-02;6.074233e-02;6.357893e-02;3.470795e-02;3.984172e-02
1.758192e-01;1.433350e-01;2.263936e-01;3.993244e-02;4.343632e-02;6.249407e-02;6.106671e-02;3.386478e-02;1.023925e-01;6.437021e-02;1.788279e-02;2.901240e-02
3.694080e-02;1.556374e-01;3.228643e-01;4.845465e-02;2.278871e-02;1.322544e-01;3.645260e-02;2.435870e-02;1.105420e-01;5.418317e-02;1.797086e-02;3.755245e-02
6.282573e-02;1.489679e-01;3.411623e-01;4.122296e-02;2.093555e-02;1.563561e-01;3.155276e-02;2.486842e-02;7.428393e-02;4.260458e-02;2.272824e-02;3.249157e-02
3.412437e-02;1.561218e-01;3.591635e-01;3.921125e-02;2.816879e-02;1.339778e-01;6.383774e-02;2.925438e-02;5.648481e-02;4.854999e-02;2.374678e-02;2.735882e-02
7.293524e-02;1.377009e-01;3.007077e-01;3.786170e-02;4.001198e-02;1.008231e-01;8.643412e-02;3.936153e-02;5.462437e-02;6.117882e-02;3.502941e-02;3.333110e-02
1.067607e-01;1.105084e-01;2.467552e-01;3.943081e-02;4.121245e-02;6.766487e-02;8.227380e-02;5.300334e-02;6.030381e-02;8.215597e-02;5.159507e-02;5.833557e-02
7.316711e-02;5.061819e-02;2.938129e-01;4.175094e-02;4.316321e-02;4.125943e-02;7.721280e-02;6.565189e-02;7.151014e-02;8.801997e-02;6.636053e-02;8.747287e-02
7.451319e-02;8.904611e-02;2.847525e-01;6.099830e-02;7.208733e-02;5.489229e-02;6.952209e-02;5.942620e-02;3.815134e-02;6.576508e-02;6.260385e-02;6.824175e-02
1.085444e-01;1.346163e-01;1.936823e-01;5.773069e-02;9.718619e-02;5.047494e-02;6.870949e-02;6.656634e-02;4.859401e-02;7.010962e-02;3.959633e-02;6.418940e-02
9.152919e-02;1.420101e-01;1.475830e-01;4.072981e-02;8.957639e-02;2.935687e-02;6.978045e-02;6.519938e-02;7.373749e-02;1.005338e-01;6.677598e-02;8.318755e-02
1.035006e-01;1.347997e-01;1.407549e-01;5.336758e-02;7.389963e-02;3.657667e-02;7.989673e-02;5.710262e-02;6.868787e-02;9.864564e-02;7.218079e-02;8.058735e-02
