7.570115e-02;4.827918e-02;1.022324e-01;3.352363e-02;6.492512e-02;9.889174e-02;6.884095e-02;5.133360e-02;7.352902e-02;1.559896e-01;1.632977e-01;6.345598e-02
3.729666e-02;5.210525e-02;6.781434e-02;3.836533e-02;1.035358e-01;6.441848e-02;7.200252e-02;5.989167e-02;9.731250e-02;1.949982e-01;1.604556e-01;5.180373e-02
3.622357e-02;5.184743e-02;7.564922e-02;4.581003e-02;9.491921e-02;3.695179e-02;7.847834e-02;9.847975e-02;1.332340e-01;1.966277e-01;1.130198e-01;3.875921e-02
4.885953e-02;4.149095e-02;1.179387e-01;7.472497e-02;5.721005e-02;7.225730e-02;4.550027e-02;1.008705e-01;1.390838e-01;2.050136e-01;7.078400e-02;2.626636e-02
1.469325e-01;6.231779e-02;1.251514e-01;5.294162e-02;3.105162e-02;7.407624e-02;7.471012e-02;7.019509e-02;7.438742e-02;1.072393e-01;1.031160e-01;7.788090e-02
2.486380e-01;8.410926e-02;1.195924e-01;4.266658e-02;2.389702e-02;5.725630e-02;9.806161e-02;8.161256e-02;4.026417e-02;5.963159e-02;8.194476e-02;6.232581e-02
2.654648e-01;8.286957e-02;9.524964e-02;7.107184e-02;3.018151e-02;4.038169e-02;1.205690e-01;7.555623e-02;2.435275e-02;3.457342e-02;5.312653e-02;1.066029e-01
2.102761e-01;6.395441e-02;6.251818e-02;1.024654e-01;3.001037e-02;3.679709e-02;1.514158e-01;6.407205e-02;1.361427e-02;3.525074e-02;7.037952e-02;1.592461e-01
1.134477e-01;4.358179e-02;6.123485e-02;8.982163e-02;3.182469e-02;7.580137e-02;1.541188e-01;4.282633e-02;3.226631e-02;5.254710e-02;1.378535e-01;1.646760e-01
4.619439e-02;3.386148e-02;6.523506e-02;5.925831e-02;7.479811e-02;1.194293e-01;1.117682e-01;2.269114e-02;6.581242e-02;1.071501e-01;1.811888e-01;1.126126e-01
2.598450e-02;4.258073e-02;7.091893e-02;7.139298e-02;1.219745e-01;1.102187e-01;8.781669e-02;2.099363e-02;8.885700e-02;1.524458e-01;1.496557e-01;5.716085e-02
3.167930e-02;4.068959e-02;1.398363e-01;6.747810e-02;1.292852e-01;6.890761e-02;1.129398e-01;3.000192e-02;8.867469e-02;1.450318e-01;1.131120e-01;3.236362e-02
5.627152e-02;4.376213e-02;1.957366e-01;6.328066e-02;9.038569e-02;4.164259e-02;1.789659e-01;2.216599e-02;6.369326e-02;9.482332e-02;1.008441e-01;4.842827e-02
3.257873e-02;5.719611e-02;1.537065e-01;8.781678e-02;9.907708e-02;8.972189e-02;1.808085e-01;1.983009e-02;8.761302e-02;8.301155e-02;4.978829e-02;5.885136e-02
5.370540e-02;4.667787e-02;1.176475e-01;1.327182e-01;1.118781e-01;1.136443e-01;1.119425e-01;4.758489e-02;8.456621e-02;7.169873e-02;7.294612e-02;3.499014e-02
3.967851e-02;4.511701e-02;1.482837e-01;1.098821e-01;8.532082e-02;9.299826e-02;1.364028e-01;6.781977e-02;1.002767e-01;5.616324e-02;6.803680e-02;5.002032e-02
2.196652e-02;4.315963e-02;1.954030e-01;7.113871e-02;7.095086e-02;4.801225e-02;1.083201e-01;7.777004e-02;1.094803e-01;7.312293e-02;9.130404e-02;8.937165e-02
7.398330e-02;5.077970e-02;1.912123e-01;5.872470e-02;6.948021e-02;4.122081e-02;8.594278e-02;9.571163e-02;8.379611e-02;6.471016e-02;9.022772e-02;9.421057e-02
5.227134e-02;6.228201e-02;1.893417e-01;6.863360e-02;6.720738e-02;4.133679e-02;1.089875e-01;9.318064e-02;1.091796e-01;1.381826e-01;4.813097e-02;2.126591e-02
7.236901e-02;6.570603e-02;1.275463e-01;7.470973e-02;8.110271e-02;4.375589e-02;1.166413e-01;9.068380e-02;1.072626e-01;1.407615e-01;4.766329e-02;3.179773e-02
1.227253e-01;1.014808e-01;2.280093e-01;6.328201e-02;7.454975e-02;3.365005e-02;5.209545e-02;6.891947e-02;8.937291e-02;9.917112e-02;3.776975e-02;2.897414e-02
1.912419e-01;1.265240e-01;2.543649e-01;3.905922e-02;4.888653e-02;3.572338e-02;7.901333e-02;4.602709e-02;5.698597e-02;5.084268e-02;3.151306e-02;3.981784e-02
2.078308e-01;1.238700e-01;2.105634e-01;4.156227e-02;4.004819e-02;5.065701e-02;9.491429e-02;3.937169e-02;4.579787e-02;3.907521e-02;4.605947e-02;6.024975e-02
1.752962e-01;9.343077e-02;1.597009e-01;3.922644e-02;2.939528e-02;9.013812e-02;9.937763e-02;3.571912e-02;5.761670e-02;4.540231e-02;9.534714e-02;7.934936e-02
5.541702e-02;4.378092e-02;1.333712e-01;1.949373e-02;3.408098e-02;2.073876e-01;7.350006e-02;3.922299e-02;6.399036e-02;7.732351e-02;1.816359e-01;7.079580e-02
3.974373e-02;1.922561e-02;9.186619e-02;2.360271e-02;5.147932e-02;2.933605e-01;5.178692e-02;3.719944e-02;3.124223e-02;1.019437e-01;2.131834e-01;4.536616e-02
4.004437e-02;3.192152e-02;7.028037e-02;2.772617e-02;6.727017e-02;3.383647e-01;5.233897e-02;3.392139e-02;1.933450e-02;8.829871e-02;2.002933e-01;3.020586e-02
2.078586e-02;6.735789e-02;4.956122e-02;2.494471e-02;1.204009e-01;3.337420e-01;5.523492e-02;3.977909e-02;1.743889e-02;9.536181e-02;1.508889e-01;2.450380e-02
1.271171e-02;9.973854e-02;3.179136e-02;3.088810e-02;1.675373e-01;3.045183e-01;3.480040e-02;5.902144e-02;2.015355e-02;1.302953e-01;9.245027e-02;1.609381e-02
2.053493e-02;1.152874e-01;2.671056e-02;6.135330e-02;2.083302e-01;2.155936e-01;3.170290e-02;6.126644e-02;2.889478e-02;1.471849e-01;6.268217e-02;2.045882e-02
3.460076e-02;1.099601e-01;8.591751e-02;8.970371e-02;1.979521e-01;1.315904e-01;4.677483e-02;4.858007e-02;4.044942e-02;1.303116e-01;6.114982e-02;2.300965e-02
6.926022e-02;9.857706e-02;1.441755e-01;1.040858e-01;1.521671e-01;1.100698e-01;7.928954e-02;4.033450e-02;4.482725e-02;8.113179e-02;4.042416e-02;3.565725e-02
8.126285e-02;7.542725e-02;1.155059e-01;8.559149e-02;9.363326e-02;1.048181e-01;9.498750e-02;5.798201e-02;7.053880e-02;1.167916e-01;7.312313e-02;3.033818e-02
7.164370e-02;6.054628e-02;1.006875e-01;5.895663e-02;6.528667e-02;6.278349e-02;1.022571e-01;8.121647e-02;4.455562e-02;1.664188e-01;1.312601e-01;5.438766e-02
1.044174e-01;6.325642e-02;7.498381e-02;5.446855e-02;7.191939e-02;4.881791e-02;9.211691e-02;7.334600e-02;4.774471e-02;1.833059e-01;1.338674e-01;5.175560e-02
1.132245e-01;1.145301e-01;7.340285e-02;5.860970e-02;6.910976e-02;3.245327e-02;6.768655e-02;5.599297e-02;1.164710e-01;1.907823e-01;8.626259e-02;2.147443e-02
8.364762e-02;2.069321e-01;8.966926e-02;6.252331e-02;7.083329e-02;2.705322e-02;5.313396e-02;4.147694e-02;1.124708e-01;1.773766e-01;3.747637e-02;3.740659e-02
3.914091e-02;2.588620e-01;5.886624e-02;7.432909e-02;1.242139e-01;2.206325e-02;4.126237e-02;4.443846e-02;5.234467e-02;1.597159e-01;4.907067e-02;7.569255e-02
3.446085e-02;2.209202e-01;4.462091e-02;9.231278e-02;1.593242e-01;4.244667e-02;2.980533e-02;5.535728e-02;4.468988e-02;1.546513e-01;5.481059e-02;6.660008e-02
6.218547e-02;1.851727e-01;6.469999e-02;7.000756e-02;1.405466e-01;7.671488e-02;3.537215e-02;7.915741e-02;3.363084e-02;1.345889e-01;6.934421e-02;4.857932e-02
7.318145e-02;1.503302e-01;1.042347e-01;2.658622e-02;1.388744e-01;1.074433e-01;6.701323e-02;7.443751e-02;3.791689e-02;1.106866e-01;6.973506e-02;3.956040e-02
6.776523e-02;1.447404e-01;8.078332e-02;6.498411e-02;1.591026e-01;8.066451e-02;7.634869e-02;4.545436e-02;5.027531e-02;1.169834e-01;4.966598e-02;6.323217e-02
6.242837e-02;2.078303e-01;4.356325e-02;8.411314e-02;1.510806e-01;4.729912e-02;6.120725e-02;5.289646e-02;4.870088e-02;1.314653e-01;3.569040e-02;7.372485e-02
2.540332e-02;3.160510e-01;4.284209e-02;6.874720e-02;1.066505e-01;2.728782e-02;3.563233e-02;1.004480e-01;2.684045e-02;1.524418e-01;3.324085e-02;6.441460e-02
4.647625e-02;3.228526e-01;3.308960e-02;7.927368e-02;3.803092e-02;3.713554e-02;4.409193e-02;1.131858e-01;2.784134e-02;1.778183e-01;4.614746e-02;3.405666e-02
4.671279e-02;2.302345e-01;4.860438e-02;9.337003e-02;7.252444e-02;4.562306e-02;5.231949e-02;9.848351e-02;5.493244e-02;2.055944e-01;3.812994e-02;1.347099e-02
4.140789e-02;1.285669e-01;5.965744e-02;9.687428e-02;8.702932e-02;7.298160e-02;6.397349e-02;8.429997e-02;7.266384e-02;2.136413e-01;5.090078e-02;2.800315e-02
4.512389e-02;5.173551e-02;7.904503e-02;1.364133e-01;1.067859e-01;9.461702e-02;8.700103e-02;5.727856e-02;4.426842e-02;1.903555e-01;8.159911e-02;2.577682e-02
4.172531e-02;8.227970e-02;1.059186e-01;1.709867e-01;1.225738e-01;9.571225e-02;9.370484e-02;4.811329e-02;2.289842e-02;1.198474e-01;7.356291e-02;2.267677e-02
4.181875e-02;9.205160e-02;1.352508e-01;1.593833e-01;1.111971e-01;9.221726e-02;1.100793e-01;4.959339e-02;3.703428e-02;7.578133e-02;6.871586e-02;2.687700e-02
4.305296e-02;8.721483e-02;1.491006e-01;1.327355e-01;1.041423e-01;8.293099e-02;1.030385e-01;5.505169e-02;5.432051e-02;8.944210e-02;6.654207e-02;3.242803e-02
9.092160e-02;6.729929e-02;7.947448e-02;7.140219e-02;7.365376e-02;6.692377e-02;1.215444e-01;6.943473e-02;9.659633e-02;1.204405e-01;7.723301e-02;6.507591e-02
1.419870e-01;6.842063e-02;1.432998e-01;6.316728e-02;7.504410e-02;5.847342e-02;1.167615e-01;5.098102e-02;7.290468e-02;7.983942e-02;6.092777e-02;6.819329e-02
1.860892e-01;9.469709e-02;1.994228e-01;4.767055e-02;6.290936e-02;3.704975e-02;8.213331e-02;2.689399e-02;5.196390e-02;5.518189e-02;7.828186e-02;7.770629e-02
1.310273e-01;1.041790e-01;1.892448e-01;3.729960e-02;4.922800e-02;4.509791e-02;4.143718e-02;3.213273e-02;4.956500e-02;8.354525e-02;1.377334e-01;9.950971e-02
1.115101e-01;8.809554e-02;1.554873e-01;2.847220e-02;3.440573e-02;4.001410e-02;6.177475e-02;3.158468e-02;5.262693e-02;8.500746e-02;1.729240e-01;1.380973e-01
1.428338e-01;5.206962e-02;1.057549e-01;2.249485e-02;2.870015e-02;2.894025e-02;4.656873e-02;2.852285e-02;5.401289e-02;7.033749e-02;2.265194e-01;1.932450e-01
1.352193e-01;4.062814e-02;8.721548e-02;2.129775e-02;2.171496e-02;3.906117e-02;3.584173e-02;2.879735e-02;6.240302e-02;8.294745e-02;2.785856e-01;1.662881e-01
1.043141e-01;3.656349e-02;1.038316e-01;1.657172e-02;2.275181e-02;5.704818e-02;4.128927e-02;2.952083e-02;5.610562e-02;1.036305e-01;3.142959e-01;1.140769e-01
5.399949e-02;3.250589e-02;9.307491e-02;2.212265e-02;2.371234e-02;8.080743e-02;3.161051e-02;2.305521e-02;3.616742e-02;1.521303e-01;3.538197e-01;9.699417e-02
3.534076e-02;6.119658e-02;5.894638e-02;2.182621e-02;3.531926e-02;8.514711e-02;4.314076e-02;2.277689e-02;3.712702e-02;2.086142e-01;3.121670e-01;7.839777e-02
4.309844e-02;7.662547e-02;8.250553e-02;3.935514e-02;5.431711e-02;6.548198e-02;5.633792e-02;2.811519e-02;4.708938e-02;2.341527e-01;2.164203e-01;5.650084e-02
3.763961e-02;8.404530e-02;7.790045e-02;5.238914e-02;6.688169e-02;5.448881e-02;6.734495e-02;4.525866e-02;7.045754e-02;2.312283e-01;1.585785e-01;5.378713e-02
6.018229e-02;5.796533e-02;8.610958e-02;5.714132e-02;5.879670e-02;4.466127e-02;7.428194e-02;4.506801e-02;8.514406e-02;2.171806e-01;1.353276e-01;7.814129e-02
8.000787e-02;4.205029e-02;7.152048e-02;5.426795e-02;5.722770e-02;5.880987e-02;1.068488e-01;5.686411e-02;1.048986e-01;1.956537e-01;1.191163e-01;5.273436e-02
1.015541e-01;6.013917e-02;8.756755e-02;4.703055e-02;6.529853e-02;9.055547e-02;1.486444e-01;6.257562e-02;1.082878e-01;9.472059e-02;7.500648e-02;5.861974e-02
9.910534e-02;6.086405e-02;8.700389e-02;5.210127e-02;6.371287e-02;9.035056e-02;1.684815e-01;6.296074e-02;1.186018e-01;8.274614e-02;6.283903e-02;5.123272e-02
8.944445e-02;7.003710e-02;1.111156e-01;7.672383e-02;6.202127e-02;7.160827e-02;1.568570e-01;6.595406e-02;1.010977e-01;1.047138e-01;5.268154e-02;3.774532e-02
7.697171e-02;7.172430e-02;1.452090e-01;7.662572e-02;6.816376e-02;1.079081e-01;9.951556e-02;6.464842e-02;9.091016e-02;1.078901e-01;4.258457e-02;4.784864e-02
8.313552e-02;9.079774e-02;2.359629e-01;7.036952e-02;5.232010e-02;7.889763e-02;9.082187e-02;3.993458e-02;6.416530e-02;6.075643e-02;6.809683e-02;6.474157e-02
1.355887e-01;8.312027e-02;2.776420e-01;4.754558e-02;4.942964e-02;5.005672e-02;1.168568e-01;2.604924e-02;4.046268e-02;5.322155e-02;5.686785e-02;6.315890e-02
1.434739e-01;7.739092e-02;2.184832e-01;3.375571e-02;4.476745e-02;5.490146e-02;1.215222e-01;2.465744e-02;4.369634e-02;7.641517e-02;9.390127e-02;6.703490e-02
1.584551e-01;8.592780e-02;8.134573e-02;3.337204e-02;4.313736e-02;7.101826e-02;6.697185e-02;3.948863e-02;6.812924e-02;1.279418e-01;1.698235e-01;5.438872e-02
1.780143e-01;9.967701e-02;5.981913e-02;4.484400e-02;5.785438e-02;6.807613e-02;6.283422e-02;4.723867e-02;5.427559e-02;1.086543e-01;1.393074e-01;7.940496e-02
1.854588e-01;6.975694e-02;5.986027e-02;3.468539e-02;5.119072e-02;1.178003e-01;6.615899e-02;4.363418e-02;3.126109e-02;9.960727e-02;1.618605e-01;7.872567e-02
1.313635e-01;4.068112e-02;7.540056e-02;3.094666e-02;5.191466e-02;1.715884e-01;7.256735e-02;2.900871e-02;2.125272e-02;1.075212e-01;2.101118e-01;5.764332e-02
7.286489e-02;3.412078e-02;8.197010e-02;2.713142e-02;6.733308e-02;2.098725e-01;6.190917e-02;2.321317e-02;2.155601e-02;1.263969e-01;2.418100e-01;3.182193e-02
5.055700e-02;3.619197e-02;7.132778e-02;2.453303e-02;7.659975e-02;2.048588e-01;5.159186e-02;4.705860e-02;3.184781e-02;1.455039e-01;2.206194e-01;3.931014e-02
3.468814e-02;5.140177e-02;5.980303e-02;3.525965e-02;9.396870e-02;1.729155e-01;4.153264e-02;7.346344e-02;3.702418e-02;1.955613e-01;1.732448e-01;3.113686e-02
2.453131e-02;6.887911e-02;4.189202e-02;2.089783e-02;1.199774e-01;1.224560e-01;5.001384e-02;1.118213e-01;4.429729e-02;2.400940e-01;1.323869e-01;2.275304e-02
3.929309e-02;8.029760e-02;3.257943e-02;2.728607e-02;1.419564e-01;7.496352e-02;4.202544e-02;1.168259e-01;3.278071e-02;2.526079e-01;1.317229e-01;2.766092e-02
3.667584e-02;9.862234e-02;2.324553e-02;2.218449e-02;1.490003e-01;5.664828e-02;3.827857e-02;1.086672e-01;3.754255e-02;2.515369e-01;1.422054e-01;3.539245e-02
2.655830e-02;9.425995e-02;3.685194e-02;2.521541e-02;1.581374e-01;5.511855e-02;3.126839e-02;1.004876e-01;4.299986e-02;2.617282e-01;1.359009e-01;3.147341e-02
1.952650e-02;7.912765e-02;4.265673e-02;3.144564e-02;1.291340e-01;9.819531e-02;2.696177e-02;7.902417e-02;3.772756e-02;2.302750e-01;1.861752e-01;3.975055e-02
2.917476e-02;5.738682e-02;7.574281e-02;2.079865e-02;7.808217e-02;1.636384e-01;2.568972e-02;6.429111e-02;3.107398e-02;1.589760e-01;2.560222e-01;3.912335e-02
3.160745e-02;5.555433e-02;8.536615e-02;1.656006e-02;4.055073e-02;1.908261e-01;2.999589e-02;3.864011e-02;2.902815e-02;1.352564e-01;3.151424e-01;3.147230e-02
2.872504e-02;4.468938e-02;1.092682e-01;1.513791e-02;2.161641e-02;1.708175e-01;2.664680e-02;1.508480e-02;2.772391e-02;1.446641e-01;3.491327e-01;4.649329e-02
1.998382e-02;2.519954e-02;1.295157e-01;1.541275e-02;3.692723e-02;1.968609e-01;3.305531e-02;1.545897e-02;1.474856e-02;1.148878e-01;3.573301e-01;4.061925e-02
2.086259e-02;1.969235e-02;1.630057e-01;1.485657e-02;3.786417e-02;2.474243e-01;3.609453e-02;1.705812e-02;1.172874e-02;7.595433e-02;3.236849e-01;3.177371e-02
2.091737e-02;2.963872e-02;1.516747e-01;2.087578e-02;4.317898e-02;2.691278e-01;5.479992e-02;3.300597e-02;1.301979e-02;7.013348e-02;2.622921e-01;3.133540e-02
1.602017e-02;6.681995e-02;1.003451e-01;2.335118e-02;5.159383e-02;2.392600e-01;6.917427e-02;6.461900e-02;1.600523e-02;1.109266e-01;2.130410e-01;2.884365e-02
1.656058e-02;1.058973e-01;4.267397e-02;1.250714e-02;7.089084e-02;1.463845e-01;6.046855e-02;1.094528e-01;2.708709e-02;1.905868e-01;1.939255e-01;2.356488e-02
2.041951e-02;1.164318e-01;3.238775e-02;1.585068e-02;1.234422e-01;8.984074e-02;4.865580e-02;1.197738e-01;2.594981e-02;2.247278e-01;1.625885e-01;1.993176e-02
3.841349e-02;9.079848e-02;7.735427e-02;2.178385e-02;1.326698e-01;1.225688e-01;5.582781e-02;7.374818e-02;2.318981e-02;1.752269e-01;1.641182e-01;2.430038e-02
5.436058e-02;7.555548e-02;1.048326e-01;3.039755e-02;1.249184e-01;1.136416e-01;5.483774e-02;4.291721e-02;3.623256e-02;1.529658e-01;1.707314e-01;3.860912e-02
6.033251e-02;4.999880e-02;1.611349e-01;2.958609e-02;8.597147e-02;1.015101e-01;6.715976e-02;2.296122e-02;3.158159e-02;1.475107e-01;1.938243e-01;4.842855e-02
4.699733e-02;3.228157e-02;1.165846e-01;2.776066e-02;5.485493e-02;8.038747e-02;6.498890e-02;3.721100e-02;4.756905e-02;1.870624e-01;2.395064e-01;6.479567e-02
7.536794e-02;3.776679e-02;7.820624e-02;4.033535e-02;6.678434e-02;6.115496e-02;1.061198e-01;6.581564e-02;5.675779e-02;1.774195e-01;1.538404e-01;8.043123e-02
1.040224e-01;5.919025e-02;1.457737e-01;5.681711e-02;5.882522e-02;5.351996e-02;1.246424e-01;6.612060e-02;6.034061e-02;1.105581e-01;8.119018e-02;7.899938e-02
7.800275e-02;7.658650e-02;1.135728e-01;7.924518e-02;7.822799e-02;7.055414e-02;8.717930e-02;9.467305e-02;9.256427e-02;1.024576e-01;7.291254e-02;5.402380e-02
5.389543e-02;5.407097e-02;7.222401e-02;8.948492e-02;8.554009e-02;8.505201e-02;9.557667e-02;9.066818e-02;1.458395e-01;9.152548e-02;7.552312e-02;6.059960e-02
7.284188e-02;4.390388e-02;6.236541e-02;9.374770e-02;7.900321e-02;8.997218e-02;1.061345e-01;9.277260e-02;1.502226e-01;7.239046e-02;7.447232e-02;6.217329e-02
1.046181e-01;7.132401e-02;9.865485e-02;9.574475e-02;5.529439e-02;8.706318e-02;1.313289e-01;9.764009e-02;1.109037e-01;4.360777e-02;6.234352e-02;4.147672e-02
1.409908e-01;7.808105e-02;1.275189e-01;9.547123e-02;3.442351e-02;7.651543e-02;1.649015e-01;8.456272e-02;5.377942e-02;3.153226e-02;4.098548e-02;7.123774e-02
1.584047e-01;4.711590e-02;9.496070e-02;1.126799e-01;2.301850e-02;6.653249e-02;1.887596e-01;8.708719e-02;3.262727e-02;3.726769e-02;4.248365e-02;1.090624e-01
1.926495e-01;3.554764e-02;9.488040e-02;1.058552e-01;2.473673e-02;4.458185e-02;1.729405e-01;8.698621e-02;3.095980e-02;4.882507e-02;3.728353e-02;1.247536e-01
1.801208e-01;5.701072e-02;1.087898e-01;6.361153e-02;2.771162e-02;3.054035e-02;1.638358e-01;6.946272e-02;7.834679e-02;7.427710e-02;3.454032e-02;1.117524e-01
8.680965e-02;6.314445e-02;1.223785e-01;4.552613e-02;3.212365e-02;1.981846e-02;1.869496e-01;5.196055e-02;1.299056e-01;8.230573e-02;7.059189e-02;1.084858e-01
6.993922e-02;5.356573e-02;1.171120e-01;5.520554e-02;3.782523e-02;2.334820e-02;2.018527e-01;6.051653e-02;1.199519e-01;4.364765e-02;9.088521e-02;1.261500e-01
1.412368e-01;3.940047e-02;7.144169e-02;4.973016e-02;2.933061e-02;1.258300e-02;1.986735e-01;6.128376e-02;6.113193e-02;7.074301e-02;8.560880e-02;1.788363e-01
9.144224e-02;2.337069e-02;6.477739e-02;2.681503e-02;1.748838e-02;2.083951e-02;1.605929e-01;6.908333e-02;4.102261e-02;8.424485e-02;1.566569e-01;2.436661e-01
2.801491e-02;2.598073e-02;9.844491e-02;1.334927e-02;9.415003e-03;3.068928e-02;9.272369e-02;4.415461e-02;6.409868e-02;1.098997e-01;2.773323e-01;2.058968e-01
4.816490e-02;1.827760e-02;1.285619e-01;1.726186e-02;1.183787e-02;3.615525e-02;4.491227e-02;1.550212e-02;6.151332e-02;1.371050e-01;3.592412e-01;1.214667e-01
2.950126e-02;3.634179e-02;1.165624e-01;9.537573e-03;1.934763e-02;3.515634e-02;4.276807e-02;1.927045e-02;4.394957e-02;2.103021e-01;3.708995e-01;6.636330e-02
3.290069e-02;5.503958e-02;8.219309e-02;1.498142e-02;3.422800e-02;2.756581e-02;4.910235e-02;1.845276e-02;3.804687e-02;2.651408e-01;3.185161e-01;6.383259e-02
3.227978e-02;5.471088e-02;1.112548e-01;2.889937e-02;4.847389e-02;3.816721e-02;8.643913e-02;4.866660e-02;5.278932e-02;2.125893e-01;2.104067e-01;7.532310e-02
6.572074e-02;5.734055e-02;9.672266e-02;5.267302e-02;6.861080e-02;7.982873e-02;1.134644e-01;7.839089e-02;8.849321e-02;1.316595e-01;1.037091e-01;6.338633e-02
7.925996e-02;5.984334e-02;9.524375e-02;5.625919e-02;7.628635e-02;1.052340e-01;1.166120e-01;8.555268e-02;1.006569e-01;9.860113e-02;7.265601e-02;5.379472e-02
9.215163e-02;5.302463e-02;1.169402e-01;4.927515e-02;7.911731e-02;1.237949e-01;7.948013e-02;7.596996e-02;1.044654e-01;1.044581e-01;6.806534e-02;5.325727e-02
9.156495e-02;4.464961e-02;1.343031e-01;6.793348e-02;9.643739e-02;9.941897e-02;1.133140e-01;5.588035e-02;7.576829e-02;1.036961e-01;6.037319e-02;5.666060e-02
8.123811e-02;6.758409e-02;1.064030e-01;6.772459e-02;1.333697e-01;1.027352e-01;1.257513e-01;4.694770e-02;7.901338e-02;7.819692e-02;4.781069e-02;6.322530e-02
5.391721e-02;1.041425e-01;1.093951e-01;4.823922e-02;7.541788e-02;1.154140e-01;8.153556e-02;5.873456e-02;9.349512e-02;1.192138e-01;4.466822e-02;9.582680e-02
9.117866e-02;9.286549e-02;9.064246e-02;7.566030e-02;5.428152e-02;9.600224e-02;7.043123e-02;7.757255e-02;1.078364e-01;1.043037e-01;5.072537e-02;8.850005e-02
9.393290e-02;5.429087e-02;8.296615e-02;9.922003e-02;5.423642e-02;1.428011e-01;6.611767e-02;6.503015e-02;1.172508e-01;9.504634e-02;6.070889e-02;6.839868e-02
6.540756e-02;6.827010e-02;7.367774e-02;1.168370e-01;6.649040e-02;1.533348e-01;6.539938e-02;4.320082e-02;1.060632e-01;8.614945e-02;7.211395e-02;8.305565e-02
6.197903e-02;9.070570e-02;1.247094e-01;9.474944e-02;6.781883e-02;1.176543e-01;8.947120e-02;4.218086e-02;1.110689e-01;6.919219e-02;6.067893e-02;6.979130e-02
9.564204e-02;1.101204e-01;1.281736e-01;5.310963e-02;9.665913e-02;9.251053e-02;8.685947e-02;4.651937e-02;1.052488e-01;6.250855e-02;3.982657e-02;8.282185e-02
7.919555e-02;1.426928e-01;1.294421e-01;4.777360e-02;8.626205e-02;8.863722e-02;1.165260e-01;5.729790e-02;6.265660e-02;6.091497e-02;3.081303e-02;9.778833e-02
6.905403e-02;1.166851e-01;1.415934e-01;8.968037e-02;1.041166e-01;6.608672e-02;1.277079e-01;7.117347e-02;6.366204e-02;5.645146e-02;1.863853e-02;7.515036e-02
9.110781e-02;7.986642e-02;1.195899e-01;1.014027e-01;1.411459e-01;7.122136e-02;1.062792e-01;6.631612e-02;7.586870e-02;4.836564e-02;3.333256e-02;6.550368e-02
9.325203e-02;6.492861e-02;1.446467e-01;1.260243e-01;1.212950e-01;9.615160e-02;9.698678e-02;4.790790e-02;6.119583e-02;7.211772e-02;3.073358e-02;4.475994e-02
6.007143e-02;9.489431e-02;1.295221e-01;1.468702e-01;7.913259e-02;1.059925e-01;9.851708e-02;4.318860e-02;4.910753e-02;9.475674e-02;4.691152e-02;5.103542e-02
7.655273e-02;1.453282e-01;8.210246e-02;7.604931e-02;6.160209e-02;1.131308e-01;1.120279e-01;6.109775e-02;6.156873e-02;9.544460e-02;4.836229e-02;6.673323e-02
5.914466e-02;1.171053e-01;1.080424e-01;1.067013e-01;5.962302e-02;1.169364e-01;1.225202e-01;7.944412e-02;7.250064e-02;6.382678e-02;3.655108e-02;5.760412e-02
7.589786e-02;7.599737e-02;1.246009e-01;1.123893e-01;6.812964e-02;1.158516e-01;1.566216e-01;7.325272e-02;6.347825e-02;6.480172e-02;3.669324e-02;3.228571e-02
1.008543e-01;7.366437e-02;1.390639e-01;1.089151e-01;7.362232e-02;1.407357e-01;1.386944e-01;6.529728e-02;4.140660e-02;5.333590e-02;3.220811e-02;3.220203e-02
9.351882e-02;5.326390e-02;2.601060e-01;7.780512e-02;1.214244e-01;9.151933e-02;1.199911e-01;5.184543e-02;3.323769e-02;4.236810e-02;3.339967e-02;2.152052e-02
1.336953e-01;8.222748e-02;2.687735e-01;4.916969e-02;8.144104e-02;4.959550e-02;1.517697e-01;2.333375e-02;3.293051e-02;4.420741e-02;4.708179e-02;3.577434e-02
1.601857e-01;7.322931e-02;2.109425e-01;4.298990e-02;6.309532e-02;4.639486e-02;1.635401e-01;2.439611e-02;4.227267e-02;5.766903e-02;6.028508e-02;5.499947e-02
2.082652e-01;4.849911e-02;1.092587e-01;4.498411e-02;4.919410e-02;4.355268e-02;1.688273e-01;5.122808e-02;4.463122e-02;6.587537e-02;7.030896e-02;9.537514e-02
3.018944e-01;6.800546e-02;6.906620e-02;4.573381e-02;2.805624e-02;3.355720e-02;1.383343e-01;5.930848e-02;2.464653e-02;6.321929e-02;4.162270e-02;1.265554e-01
3.101825e-01;4.585123e-02;5.064774e-02;4.690453e-02;2.615810e-02;3.627769e-02;1.275251e-01;5.032861e-02;4.198425e-02;7.197518e-02;3.780058e-02;1.543646e-01
2.537189e-01;2.596789e-02;4.906862e-02;4.665402e-02;2.108101e-02;3.084617e-02;1.537088e-01;4.416691e-02;6.069872e-02;6.138917e-02;5.687103e-02;1.958288e-01
2.477069e-01;2.376208e-02;3.409880e-02;4.099118e-02;1.342526e-02;1.972834e-02;1.853756e-01;3.309859e-02;5.600825e-02;5.080096e-02;6.448123e-02;2.305228e-01
2.558359e-01;2.974051e-02;4.249870e-02;3.186879e-02;1.366546e-02;2.148079e-02;1.977504e-01;3.409583e-02;2.972916e-02;3.837740e-02;6.631523e-02;2.386418e-01
2.310214e-01;2.747282e-02;3.700082e-02;3.008064e-02;1.638314e-02;2.387536e-02;2.043924e-01;3.734430e-02;1.669168e-02;5.049217e-02;7.665322e-02;2.485920e-01
1.996763e-01;2.854217e-02;2.686984e-02;3.399190e-02;1.984027e-02;2.802491e-02;2.431119e-01;3.642365e-02;1.012482e-02;6.060601e-02;7.203674e-02;2.407515e-01
1.647217e-01;2.994728e-02;2.570806e-02;3.691785e-02;3.986655e-02;3.781300e-02;2.743154e-01;3.910143e-02;9.131349e-03;4.519080e-02;6.010990e-02;2.371767e-01
1.508195e-01;3.896305e-02;2.750807e-02;4.900118e-02;4.426425e-02;2.775367e-02;2.887655e-01;4.539340e-02;1.290030e-02;4.205349e-02;4.879829e-02;2.237794e-01
1.509268e-01;5.167555e-02;6.713510e-02;5.268396e-02;3.138824e-02;4.578781e-02;2.420705e-01;5.745431e-02;2.747358e-02;4.792352e-02;5.126506e-02;1.742155e-01
1.292703e-01;4.599274e-02;1.181454e-01;3.564095e-02;3.815711e-02;1.093021e-01;1.508252e-01;4.690351e-02;4.896038e-02;5.499378e-02;1.094700e-01;1.123386e-01
1.118194e-01;4.799613e-02;1.367504e-01;1.616998e-02;3.497136e-02;1.665140e-01;8.026994e-02;2.489509e-02;5.423390e-02;6.985502e-02;1.998977e-01;5.662706e-02
1.240133e-01;3.772317e-02;1.253058e-01;2.220991e-02;2.923210e-02;1.682840e-01;5.757992e-02;1.532180e-02;5.883613e-02;8.423610e-02;2.523219e-01;2.493567e-02
1.248180e-01;5.543908e-02;1.188473e-01;3.255136e-02;4.106760e-02;9.731629e-02;1.068390e-01;2.626208e-02;6.849220e-02;8.743867e-02;1.837650e-01;5.716341e-02
1.192283e-01;7.688572e-02;1.201615e-01;2.662620e-02;5.144370e-02;5.702315e-02;1.429605e-01;4.126899e-02;6.685675e-02;1.021562e-01;1.153840e-01;8.000511e-02
9.269280e-02;8.077561e-02;1.854202e-01;3.886256e-02;6.341442e-02;4.369145e-02;1.338721e-01;4.556267e-02;6.491724e-02;1.142735e-01;6.560726e-02;7.091027e-02
2.788769e-02;5.258013e-02;2.912405e-01;5.518574e-02;8.346623e-02;5.821757e-02;1.241334e-01;3.510102e-02;6.651654e-02;9.354685e-02;7.593534e-02;3.618897e-02
2.152722e-02;2.487707e-02;2.677999e-01;3.683558e-02;9.552264e-02;9.602202e-02;1.469585e-01;4.639835e-02;4.796892e-02;7.238746e-02;1.095867e-01;3.411558e-02
3.705328e-02;3.105631e-02;1.464443e-01;2.165191e-02;8.329447e-02;1.158572e-01;1.606632e-01;3.764864e-02;3.827674e-02;1.112398e-01;1.571384e-01;5.967579e-02
3.857706e-02;3.555405e-02;2.417892e-01;3.096371e-02;4.425965e-02;9.510576e-02;1.411423e-01;1.644970e-02;3.299685e-02;1.277346e-01;1.418790e-01;5.354802e-02
7.255609e-02;4.116402e-02;2.592927e-01;4.413715e-02;4.175006e-02;6.041209e-02;1.109201e-01;4.404368e-02;6.056992e-02;1.090826e-01;1.023253e-01;5.374644e-02
8.952755e-02;7.313950e-02;1.587912e-01;6.823615e-02;7.019365e-02;8.116466e-02;1.149557e-01;6.944533e-02;7.893622e-02;7.645039e-02;6.636013e-02;5.279954e-02
7.547620e-02;8.159688e-02;1.446693e-01;6.618866e-02;7.384370e-02;1.002711e-01;1.003285e-01;7.961186e-02;7.212715e-02;7.806887e-02;7.539373e-02;5.242413e-02
7.917962e-02;7.741524e-02;1.367319e-01;4.615052e-02;6.172431e-02;9.980077e-02;7.590631e-02;7.449850e-02;9.275758e-02;1.142162e-01;8.507433e-02;5.654462e-02
1.013331e-01;6.622718e-02;1.321475e-01;3.075778e-02;5.253052e-02;7.351168e-02;8.154908e-02;7.670041e-02;1.139284e-01;1.381828e-01;8.668310e-02;4.644838e-02
8.728273e-02;7.939002e-02;1.338671e-01;3.224315e-02;6.549735e-02;4.426701e-02;4.761638e-02;1.395737e-01;1.028932e-01;1.228424e-01;7.361003e-02;7.091679e-02
7.011145e-02;9.737786e-02;1.817498e-01;4.378258e-02;7.145739e-02;3.159410e-02;7.536533e-02;1.402786e-01;9.581300e-02;7.577626e-02;4.862934e-02;6.806434e-02
8.395919e-02;7.352671e-02;2.702500e-01;5.067937e-02;4.924684e-02;4.193211e-02;9.143537e-02;8.947089e-02;7.318542e-02;7.246378e-02;4.698352e-02;5.686678e-02
7.436766e-02;6.588359e-02;2.753346e-01;6.061042e-02;6.175100e-02;7.786230e-02;8.499276e-02;5.363173e-02;7.966159e-02;6.069142e-02;5.368870e-02;5.152423e-02
9.061116e-02;7.600204e-02;1.601408e-01;5.149661e-02;8.944593e-02;1.125123e-01;1.277685e-01;6.778941e-02;8.323898e-02;3.315586e-02;5.164734e-02;5.619108e-02
