7.039044e-02;9.775484e-02;1.166635e-01;7.969894e-02;9.008340e-02;8.775627e-02;1.147232e-01;9.799829e-02;7.148928e-02;6.362576e-02;2.754443e-02;8.227162e-02
1.285396e-01;8.071342e-02;1.253681e-01;7.465143e-02;7.315020e-02;6.949127e-02;9.625141e-02;8.385695e-02;7.079832e-02;4.004238e-02;2.948841e-02;1.276485e-01
1.530474e-01;9.077342e-02;1.531034e-01;8.550856e-02;6.329895e-02;5.996835e-02;6.607331e-02;6.494951e-02;5.693637e-02;4.765874e-02;3.102615e-02;1.276558e-01
9.816591e-02;8.053452e-02;1.813334e-01;7.149991e-02;6.514721e-02;6.286280e-02;1.167817e-01;5.275531e-02;5.785516e-02;7.331994e-02;3.885879e-02;1.008854e-01
6.226265e-02;6.760449e-02;1.542940e-01;6.217195e-02;5.855628e-02;5.563687e-02;1.795561e-01;7.117812e-02;7.716472e-02;7.800290e-02;4.340101e-02;9.017093e-02
5.435285e-02;6.633204e-02;7.130815e-02;4.159557e-02;5.004599e-02;5.473588e-02;3.034751e-01;9.486206e-02;1.076864e-01;7.416381e-02;3.882359e-02;4.261859e-02
1.034134e-01;6.731986e-02;7.736377e-02;4.294486e-02;6.287158e-02;6.810447e-02;3.065848e-01;5.822818e-02;7.473312e-02;5.786838e-02;3.340304e-02;4.716457e-02
1.220353e-01;7.559115e-02;6.697730e-02;3.972884e-02;6.673462e-02;9.396031e-02;2.994962e-01;3.967584e-02;5.462014e-02;5.670575e-02;2.864038e-02;5.583423e-02
1.234483e-01;7.908247e-02;4.127793e-02;3.060110e-02;7.088017e-02;1.328783e-01;3.285781e-01;2.095021e-02;3.933560e-02;4.979624e-02;2.501224e-02;5.815930e-02
8.905949e-02;6.919941e-02;4.912412e-02;2.485611e-02;7.423978e-02;1.698755e-01;3.579856e-01;3.030061e-02;3.415891e-02;3.795722e-02;2.168524e-02;4.155798e-02
5.206768e-02;4.653028e-02;9.804884e-02;3.586601e-02;1.127418e-01;1.918962e-01;3.207926e-01;3.002414e-02;3.243879e-02;3.614625e-02;2.380562e-02;1.964178e-02
7.269556e-02;3.844924e-02;1.863460e-01;5.415876e-02;1.221994e-01;1.257868e-01;2.189681e-01;2.510729e-02;4.326973e-02;4.888317e-02;4.292215e-02;2.121381e-02
9.016164e-02;4.318412e-02;2.452743e-01;4.782408e-02;6.247143e-02;6.819356e-02;2.284526e-01;3.115148e-02;6.908248e-02;5.951105e-02;3.563407e-02;1.905911e-02
9.849623e-02;7.017027e-02;1.922399e-01;4.230751e-02;3.005723e-02;9.079227e-02;2.836868e-01;1.922739e-02;5.929992e-02;6.579043e-02;3.224282e-02;1.568922e-02
1.019172e-01;1.347379e-01;1.074746e-01;5.223610e-02;6.971951e-02;1.159286e-01;2.418207e-01;1.782711e-02;4.701728e-02;5.108973e-02;3.676557e-02;2.346572e-02
1.403260e-01;1.518110e-01;1.304561e-01;5.484313e-02;6.896519e-02;9.184591e-02;1.401911e-01;1.962274e-02;5.371138e-02;6.661943e-02;4.820134e-02;3.340674e-02
1.704413e-01;1.134670e-01;1.001723e-01;3.832352e-02;3.905442e-02;6.531226e-02;7.768668e-02;4.099249e-02;5.878131e-02;1.412234e-01;1.018970e-01;5.264826e-02
1.413620e-01;1.056733e-01;7.983556e-02;1.790979e-02;2.897007e-02;5.646573e-02;6.417111e-02;5.197746e-02;6.067763e-02;1.713730e-01;1.652630e-01;5.632132e-02
5.852249e-02;7.575192e-02;9.068952e-02;1.209005e-02;2.339875e-02;8.454700e-02;5.531923e-02;4.696888e-02;5.274544e-02;1.838875e-01;2.766199e-01;3.945939e-02
3.650275e-02;4.657558e-02;9.346833e-02;8.089839e-03;2.035936e-02;1.676418e-01;5.259570e-02;2.303648e-02;2.408871e-02;1.428379e-01;3.471180e-01;3.768558e-02
3.151489e-02;3.375772e-02;1.086079e-01;9.215046e-03;2.305371e-02;2.274945e-01;3.483143e-02;1.425556e-02;2.319748e-02;1.046735e-01;3.441481e-01;4.525020e-02
4.108445e-02;1.911473e-02;1.274434e-01;1.003706e-02;1.803771e-02;2.711019e-01;3.397873e-02;8.862705e-03;3.164957e-02;7.251081e-02;3.231024e-01;4.307649e-02
2.010946e-02;1.200942e-02;1.114182e-01;1.106244e-02;1.711202e-02;2.538299e-01;6.708478e-02;1.557701e-02;2.581265e-02;1.139120e-01;3.084643e-01;4.360776e-02
5.386867e-02;2.067367e-02;5.086937e-02;9.884513e-03;2.695819e-02;1.405442e-01;1.578998e-01;3.532842e-02;6.381002e-02;1.616915e-01;2.324123e-01;4.605943e-02
5.479450e-02;2.984666e-02;3.492904e-02;1.318467e-02;3.239908e-02;8.077469e-02;2.782688e-01;5.728697e-02;7.753807e-02;1.522381e-01;1.552201e-01;3.351943e-02
4.330606e-02;2.079373e-02;3.444680e-02;2.258284e-02;3.002572e-02;9.065138e-02;3.477979e-01;6.111468e-02;6.601116e-02;1.161464e-01;1.512663e-01;1.585705e-02
2.938952e-02;1.276049e-02;4.353507e-02;3.898698e-02;4.071229e-02;6.426918e-02;2.851051e-01;6.860027e-02;8.844685e-02;1.285055e-01;1.746105e-01;2.507831e-02
2.019079e-02;9.118914e-03;5.155113e-02;3.132786e-02;4.436480e-02;6.489845e-02;1.350073e-01;5.294304e-02;1.372153e-01;2.622173e-01;1.707797e-01;2.038541e-02
2.057556e-02;9.906471e-03;4.433551e-02;2.308030e-02;4.222250e-02;7.336000e-02;9.453972e-02;3.597135e-02;1.608358e-01;3.540070e-01;1.318117e-01;9.354133e-03
2.110288e-02;1.384475e-02;3.410602e-02;1.367290e-02;4.874936e-02;5.768792e-02;1.602890e-01;3.940599e-02;1.502582e-01;3.477751e-01;1.053242e-01;7.783657e-03
1.248486e-02;1.473429e-02;3.066717e-02;1.428139e-02;3.278536e-02;4.289831e-02;2.544287e-01;3.176316e-02;1.520678e-01;3.058983e-01;9.726201e-02;1.072856e-02
4.100025e-02;3.306957e-02;4.765568e-02;2.677565e-02;2.840978e-02;3.405176e-02;3.000659e-01;3.308120e-02;1.580635e-01;2.222012e-01;6.445126e-02;1.117415e-02
6.333800e-02;4.893284e-02;5.650332e-02;3.231343e-02;4.027102e-02;3.813211e-02;2.665218e-01;3.573866e-02;1.801137e-01;1.657488e-01;5.828344e-02;1.410286e-02
6.465519e-02;5.035254e-02;5.266650e-02;2.544590e-02;5.379772e-02;3.210223e-02;1.909137e-01;2.422259e-02;2.070596e-01;2.235495e-01;6.101122e-02;1.422333e-02
4.632255e-02;3.732248e-02;4.044862e-02;5.380934e-02;4.876443e-02;2.204460e-02;1.315544e-01;2.197774e-02;2.454265e-01;2.779620e-01;5.982903e-02;1.453832e-02
7.368910e-02;2.111944e-02;2.140281e-02;9.668112e-02;4.384787e-02;1.350996e-02;8.120608e-02;2.370888e-02;3.224768e-01;2.473918e-01;4.779207e-02;7.174117e-03
8.159560e-02;1.682739e-02;2.855102e-02;1.073795e-01;4.143671e-02;1.958672e-02;3.651083e-02;2.219732e-02;4.157533e-01;1.800404e-01;4.049650e-02;9.624692e-03
6.285860e-02;1.864027e-02;2.527662e-02;1.623951e-01;2.502623e-02;1.581697e-02;6.349044e-02;2.749575e-02;4.627801e-01;9.944557e-02;3.221218e-02;4.562129e-03
5.100798e-02;1.471816e-02;2.217379e-02;2.144303e-01;1.401339e-02;9.825597e-03;7.214411e-02;3.799590e-02;4.729539e-01;6.288693e-02;2.453005e-02;3.319884e-03
3.834965e-02;7.584259e-03;1.477903e-02;2.294820e-01;1.499627e-02;1.264511e-02;9.375422e-02;5.229857e-02;4.358724e-01;7.353978e-02;2.042043e-02;6.278238e-03
4.347188e-02;1.555094e-02;2.447860e-02;1.949064e-01;1.124431e-02;2.273485e-02;1.141892e-01;8.341186e-02;3.766279e-01;7.833789e-02;2.786324e-02;7.182926e-03
4.451739e-02;1.924719e-02;7.152532e-02;9.933329e-02;1.073977e-02;4.985802e-02;2.508408e-01;1.323345e-01;2.378718e-01;5.049606e-02;2.020309e-02;1.303282e-02
2.612376e-02;9.813730e-03;1.041550e-01;2.977152e-02;1.150124e-02;4.997322e-02;3.748780e-01;1.621192e-01;1.563340e-01;4.233771e-02;1.588010e-02;1.711255e-02
1.064137e-02;9.930837e-03;8.974046e-02;4.815050e-02;1.491732e-02;3.128227e-02;4.858620e-01;1.382351e-01;1.259172e-01;2.936710e-02;7.877602e-03;8.078245e-03
1.928430e-02;2.588118e-02;6.066104e-02;3.962752e-02;2.971017e-02;2.863172e-02;5.897310e-01;8.783636e-02;8.775671e-02;1.637189e-02;1.074923e-02;3.758923e-03
3.044973e-02;6.206867e-02;3.448742e-02;2.225578e-02;3.260800e-02;4.347349e-02;6.243153e-01;6.343860e-02;5.249910e-02;1.292883e-02;1.656342e-02;4.911711e-03
2.814106e-02;8.585573e-02;2.396487e-02;1.333185e-02;2.270583e-02;6.068922e-02;6.166065e-01;6.366921e-02;4.567695e-02;1.689591e-02;1.883897e-02;3.623858e-03
3.826286e-02;1.027235e-01;1.578330e-02;2.462202e-02;2.553267e-02;1.005320e-01;5.354792e-01;5.181626e-02;5.735256e-02;2.384517e-02;2.068756e-02;3.362837e-03
5.409310e-02;8.994250e-02;2.411864e-02;4.551773e-02;4.230736e-02;1.694465e-01;4.338222e-01;4.536182e-02;4.177837e-02;3.476102e-02;1.485361e-02;3.997160e-03
5.751806e-02;5.017308e-02;2.728722e-02;4.442313e-02;5.297877e-02;2.064897e-01;4.378830e-01;5.199283e-02;1.592311e-02;4.180964e-02;8.590119e-03;4.931314e-03
5.198847e-02;2.833777e-02;2.822039e-02;3.907675e-02;6.513693e-02;2.631555e-01;3.921836e-01;5.193319e-02;1.826137e-02;4.464098e-02;9.382057e-03;7.683045e-03
4.009763e-02;1.417276e-02;4.132529e-02;3.756271e-02;1.285844e-01;3.354544e-01;2.648774e-01;3.991447e-02;4.209119e-02;3.220197e-02;9.216510e-03;1.450125e-02
2.266182e-02;6.870655e-03;5.321897e-02;3.102569e-02;2.227756e-01;3.095881e-01;1.894416e-01;2.652359e-02;8.783299e-02;2.021146e-02;6.857438e-03;2.299210e-02
1.827682e-02;1.101262e-02;7.097398e-02;4.626445e-02;2.775085e-01;2.189398e-01;1.770642e-01;2.000010e-02;9.554005e-02;2.103126e-02;6.213764e-03;3.717442e-02
2.469020e-02;2.272171e-02;1.049064e-01;6.719430e-02;2.786970e-01;1.113914e-01;2.093646e-01;2.570810e-02;7.060057e-02;2.587820e-02;6.363838e-03;5.248370e-02
2.870571e-02;4.448034e-02;1.840218e-01;8.233275e-02;1.677782e-01;1.249125e-01;1.672948e-01;3.320347e-02;7.523075e-02;3.337271e-02;1.355548e-02;4.511147e-02
4.275465e-02;5.346008e-02;2.785295e-01;1.509169e-01;1.029431e-01;8.180697e-02;7.797592e-02;2.341139e-02;9.349068e-02;3.868716e-02;3.497180e-02;2.105182e-02
2.614930e-02;3.967731e-02;3.253215e-01;1.760143e-01;8.715337e-02;5.529131e-02;8.895060e-02;1.894907e-02;8.374441e-02;3.870610e-02;4.820700e-02;1.183577e-02
2.647025e-02;3.377842e-02;3.799193e-01;1.454666e-01;7.824763e-02;3.932186e-02;8.025498e-02;1.480815e-02;7.886980e-02;4.761163e-02;5.963351e-02;1.561785e-02
4.608358e-02;5.844031e-02;4.450659e-01;7.814100e-02;6.070294e-02;2.790265e-02;8.107021e-02;7.582471e-03;6.298330e-02;8.070798e-02;3.775664e-02;1.356299e-02
8.254301e-02;1.095278e-01;4.241379e-01;2.612997e-02;4.768236e-02;2.383554e-02;8.850570e-02;1.208154e-02;3.360513e-02;9.659231e-02;3.799293e-02;1.736586e-02
9.123329e-02;1.382068e-01;4.238832e-01;2.440841e-02;5.069828e-02;2.079573e-02;7.237796e-02;1.783630e-02;2.988501e-02;7.852954e-02;2.981436e-02;2.233113e-02
4.348721e-02;1.330054e-01;4.101740e-01;8.070063e-02;6.877510e-02;2.734903e-02;6.604254e-02;2.144756e-02;3.953906e-02;5.646956e-02;2.673790e-02;2.627211e-02
1.227390e-01;6.822661e-02;2.746312e-01;1.150831e-01;8.140747e-02;4.758257e-02;3.256814e-02;4.956215e-02;7.868753e-02;6.989478e-02;2.499539e-02;3.462209e-02
1.163550e-01;1.121863e-01;3.765698e-01;3.456405e-02;3.692990e-02;4.481445e-02;6.462780e-02;3.621276e-02;8.590443e-02;5.680895e-02;1.724453e-02;1.778204e-02
9.118964e-02;1.481017e-01;4.482651e-01;2.778569e-02;2.831092e-02;2.774646e-02;5.432898e-02;2.452292e-02;6.304350e-02;5.848264e-02;1.162361e-02;1.659881e-02
4.741320e-02;1.056250e-01;4.858184e-01;5.740677e-02;3.431217e-02;1.656675e-02;4.631403e-02;1.944601e-02;8.956257e-02;6.414008e-02;1.964942e-02;1.374561e-02
2.673766e-02;4.724199e-02;4.572541e-01;8.244474e-02;4.375729e-02;3.213423e-02;6.158454e-02;1.719937e-02;1.471465e-01;4.520024e-02;3.054742e-02;8.751951e-03
3.749412e-02;4.847347e-02;4.419200e-01;6.320550e-02;4.450686e-02;3.813408e-02;6.240987e-02;1.990167e-02;1.529469e-01;5.406874e-02;2.905966e-02;7.879139e-03
9.576535e-02;9.738289e-02;4.035018e-01;3.951420e-02;3.769381e-02;3.662580e-02;6.040585e-02;2.775894e-02;9.634009e-02;7.269605e-02;1.933197e-02;1.298328e-02
1.119353e-01;1.157303e-01;3.940751e-01;5.656341e-02;3.770379e-02;2.758923e-02;7.087089e-02;2.388902e-02;3.614428e-02;6.785890e-02;3.427903e-02;2.336073e-02
6.344005e-02;9.640859e-02;4.034181e-01;9.041031e-02;5.930831e-02;2.608149e-02;6.218046e-02;2.427714e-02;3.909086e-02;5.789402e-02;5.053709e-02;2.695349e-02
7.750567e-02;6.892859e-02;4.846745e-01;7.854770e-02;5.793114e-02;2.791542e-02;3.979471e-02;2.033405e-02;4.663728e-02;5.433168e-02;2.628614e-02;1.711309e-02
8.251186e-02;3.740400e-02;4.863194e-01;5.242054e-02;4.680255e-02;2.779737e-02;3.384922e-02;3.370273e-02;8.225176e-02;7.717793e-02;1.936374e-02;2.039893e-02
6.732424e-02;5.615200e-02;4.361886e-01;6.329244e-02;5.238465e-02;3.958757e-02;5.355054e-02;3.921765e-02;6.995045e-02;9.088137e-02;1.648165e-02;1.498881e-02
7.125705e-02;6.236438e-02;4.057465e-01;8.988141e-02;5.153054e-02;4.530603e-02;5.998556e-02;2.986292e-02;7.445277e-02;7.584056e-02;2.325246e-02;1.051988e-02
7.857924e-02;7.358867e-02;3.381780e-01;8.427770e-02;3.929379e-02;6.243737e-02;8.800428e-02;3.082515e-02;8.634448e-02;6.535934e-02;3.775863e-02;1.535330e-02
8.880690e-02;5.187152e-02;2.602411e-01;7.918912e-02;6.254178e-02;7.998952e-02;8.054213e-02;4.699506e-02;6.782833e-02;1.091565e-01;5.086645e-02;2.197163e-02
8.008140e-02;3.658896e-02;2.934394e-01;8.294314e-02;9.692782e-02;8.068523e-02;1.306216e-01;4.230607e-02;4.791225e-02;6.072281e-02;2.954378e-02;1.822756e-02
6.889228e-02;6.450142e-02;3.447134e-01;7.170466e-02;8.295884e-02;5.943026e-02;1.368466e-01;3.034201e-02;4.368151e-02;5.727268e-02;2.571328e-02;1.394311e-02
9.933785e-02;9.940995e-02;3.817619e-01;7.851672e-02;6.152775e-02;4.205721e-02;7.584118e-02;2.391255e-02;4.109912e-02;4.817954e-02;3.663065e-02;1.172556e-02
1.075886e-01;1.126968e-01;4.304647e-01;8.346476e-02;4.399210e-02;3.809693e-02;3.535286e-02;1.871798e-02;4.111036e-02;2.536052e-02;4.551572e-02;1.763862e-02
3.497657e-02;8.793824e-02;4.538287e-01;9.664994e-02;4.900531e-02;3.329974e-02;4.626893e-02;2.325662e-02;5.799382e-02;3.095725e-02;5.033955e-02;3.548529e-02
6.985606e-02;3.887289e-02;3.493756e-01;1.075860e-01;6.172661e-02;5.225338e-02;7.238326e-02;3.534460e-02;6.253310e-02;4.136296e-02;5.841303e-02;5.029255e-02
1.006039e-01;5.674271e-02;3.006055e-01;8.481507e-02;6.723184e-02;5.836324e-02;1.141454e-01;3.504995e-02;5.347100e-02;3.794188e-02;5.297355e-02;3.805597e-02
9.539273e-02;6.335761e-02;3.028681e-01;6.706769e-02;7.371885e-02;6.544679e-02;9.811750e-02;4.430392e-02;4.924687e-02;5.794996e-02;4.679376e-02;3.573628e-02
6.339905e-02;4.625858e-02;3.101198e-01;7.752468e-02;8.492357e-02;5.859517e-02;7.629423e-02;4.569872e-02;5.855208e-02;1.140799e-01;3.557398e-02;2.898019e-02
6.730846e-02;7.272508e-02;2.258713e-01;7.167763e-02;6.767858e-02;7.174698e-02;1.007298e-01;2.834665e-02;1.028415e-01;1.444363e-01;2.571014e-02;2.092757e-02
6.438011e-02;5.405622e-02;2.173234e-01;7.272928e-02;7.975243e-02;1.011112e-01;1.353724e-01;4.491978e-02;8.095577e-02;9.443590e-02;2.363119e-02;3.133223e-02
4.972306e-02;4.027637e-02;2.846513e-01;9.433290e-02;8.990088e-02;7.086161e-02;1.387456e-01;4.356304e-02;7.276570e-02;6.035097e-02;3.775150e-02;1.707699e-02
4.105925e-02;4.759331e-02;3.575667e-01;1.023398e-01;7.929938e-02;5.412829e-02;1.082776e-01;2.450401e-02;5.845269e-02;8.805914e-02;3.167966e-02;7.040204e-03
3.568102e-02;5.960502e-02;4.178364e-01;8.374422e-02;5.038035e-02;3.270814e-02;6.255598e-02;1.643823e-02;8.549745e-02;1.291402e-01;2.014840e-02;6.264526e-03
3.623863e-02;1.189056e-01;3.929672e-01;4.346162e-02;1.923615e-02;3.847549e-02;2.619830e-02;2.601359e-02;1.400215e-01;1.337052e-01;1.222642e-02;1.255041e-02
4.755059e-02;1.941712e-01;3.253413e-01;3.264239e-02;1.329153e-02;5.113432e-02;1.059262e-02;2.542868e-02;2.016563e-01;7.370484e-02;7.974627e-03;1.651154e-02
1.122364e-01;2.344292e-01;2.577381e-01;2.696022e-02;1.160141e-02;4.907478e-02;2.381068e-02;1.570893e-02;2.022712e-01;3.837949e-02;5.776956e-03;2.201272e-02
1.471574e-01;2.098385e-01;2.339802e-01;3.058502e-02;2.073728e-02;3.975293e-02;3.889786e-02;1.905420e-02;1.820334e-01;3.956814e-02;1.065867e-02;2.773641e-02
1.256720e-01;1.657454e-01;3.085527e-01;4.351650e-02;2.556116e-02;2.915292e-02;4.069541e-02;1.811212e-02;1.609846e-01;3.832456e-02;1.729081e-02;2.639182e-02
6.882397e-02;1.600466e-01;3.798659e-01;3.103420e-02;2.517760e-02;2.456067e-02;3.347074e-02;1.277176e-02;1.812200e-01;3.424279e-02;1.769142e-02;3.109426e-02
1.280729e-01;2.046574e-01;2.729682e-01;3.916785e-02;3.341657e-02;2.949191e-02;2.141538e-02;3.082348e-02;1.555199e-01;4.223685e-02;8.812666e-03;3.341690e-02
2.346275e-01;2.495547e-01;1.680779e-01;3.124750e-02;4.135229e-02;2.241039e-02;3.168431e-02;5.507514e-02;6.782991e-02;5.108447e-02;1.234249e-02;3.471341e-02
2.592653e-01;2.597684e-01;1.345834e-01;1.542172e-02;3.528942e-02;1.082126e-02;3.751414e-02;5.445021e-02;7.713201e-02;8.156818e-02;1.353023e-02;2.065562e-02
2.674999e-01;2.463027e-01;1.546183e-01;1.235821e-02;3.947929e-02;1.360517e-02;3.752276e-02;6.682587e-02;5.906445e-02;7.956544e-02;1.086208e-02;1.229587e-02
2.793103e-01;2.054140e-01;2.218684e-01;1.176454e-02;4.944567e-02;1.044626e-02;4.139896e-02;9.570669e-02;1.716756e-02;4.036658e-02;1.208429e-02;1.502671e-02
2.362501e-01;1.287271e-01;2.349517e-01;3.539238e-02;4.525365e-02;2.351186e-02;5.373581e-02;9.606525e-02;6.476734e-02;5.363753e-02;1.142674e-02;1.628055e-02
1.688901e-01;1.413292e-01;2.275348e-01;5.826334e-02;2.840155e-02;3.389103e-02;6.529468e-02;7.912849e-02;8.951797e-02;6.771903e-02;2.061019e-02;1.941968e-02
6.537600e-02;1.793191e-01;2.645440e-01;6.709728e-02;3.077353e-02;2.959573e-02;7.735481e-02;1.036057e-01;6.741223e-02;5.477721e-02;3.688645e-02;2.325793e-02
1.823482e-01;1.656669e-01;2.230690e-01;5.105243e-02;2.875658e-02;2.315477e-02;6.467068e-02;1.007838e-01;6.085553e-02;3.637800e-02;3.410757e-02;2.915650e-02
2.719696e-01;1.676074e-01;1.775911e-01;4.923043e-02;3.397506e-02;1.766475e-02;3.820341e-02;8.522417e-02;6.454641e-02;3.529909e-02;2.735644e-02;3.133223e-02
3.053364e-01;1.823730e-01;2.018114e-01;3.646452e-02;4.626272e-02;1.297965e-02;2.833591e-02;8.034915e-02;3.813023e-02;2.367293e-02;2.387935e-02;2.040475e-02
2.909763e-01;1.326782e-01;1.775451e-01;3.055062e-02;7.072110e-02;3.041187e-02;3.906755e-02;6.825652e-02;6.618214e-02;3.208242e-02;3.306048e-02;2.846767e-02
2.260199e-01;1.334420e-01;2.334449e-01;3.144399e-02;7.467813e-02;3.487051e-02;4.822538e-02;4.611772e-02;6.928804e-02;3.539309e-02;3.795448e-02;2.912189e-02
1.593325e-01;1.381592e-01;2.911170e-01;4.339553e-02;6.107973e-02;2.683435e-02;6.070300e-02;5.793928e-02;5.096553e-02;4.812297e-02;3.543917e-02;2.691172e-02
1.306975e-01;7.116526e-02;3.040976e-01;7.297789e-02;6.065429e-02;3.100212e-02;7.673720e-02;4.211770e-02;5.013456e-02;8.853656e-02;4.593904e-02;2.594032e-02
1.158659e-01;1.212889e-01;2.278229e-01;8.285476e-02;8.720147e-02;3.134991e-02;6.908739e-02;3.966811e-02;3.445973e-02;1.220956e-01;3.028749e-02;3.801796e-02
4.857850e-02;1.575578e-01;1.855849e-01;7.958263e-02;9.736136e-02;3.705459e-02;6.329101e-02;8.251470e-02;6.898502e-02;1.058182e-01;2.194364e-02;5.172772e-02
1.199651e-01;1.130657e-01;2.331808e-01;6.174705e-02;6.940011e-02;3.814065e-02;3.946192e-02;8.684940e-02;1.029314e-01;7.202335e-02;2.095881e-02;4.227573e-02
1.956608e-01;1.070960e-01;1.902355e-01;4.217760e-02;3.652402e-02;4.436346e-02;3.876244e-02;8.279493e-02;1.154820e-01;7.800671e-02;2.031296e-02;4.858360e-02
2.461554e-01;1.213674e-01;1.370858e-01;1.850983e-02;5.049630e-02;4.023455e-02;6.519055e-02;6.227427e-02;1.125217e-01;7.554962e-02;2.789984e-02;4.271485e-02
2.493390e-01;1.222480e-01;7.632902e-02;3.007650e-02;5.497115e-02;5.738057e-02;7.472471e-02;7.075378e-02;9.953241e-02;8.137376e-02;3.897826e-02;4.429281e-02
2.355413e-01;1.184989e-01;9.030614e-02;6.374624e-02;4.006685e-02;6.149456e-02;7.750183e-02;7.881682e-02;6.234361e-02;7.774010e-02;4.478008e-02;4.916349e-02
2.361338e-01;1.171930e-01;1.174901e-01;6.631045e-02;4.513792e-02;5.093389e-02;5.751698e-02;6.201491e-02;5.396044e-02;7.402483e-02;6.007109e-02;5.921258e-02
2.115238e-01;1.337418e-01;1.348166e-01;6.279039e-02;4.613168e-02;5.009168e-02;8.086533e-02;5.587882e-02;6.209647e-02;4.886639e-02;6.323357e-02;4.996339e-02
2.060157e-01;1.018453e-01;1.236600e-01;7.425682e-02;4.272176e-02;5.518194e-02;8.938871e-02;8.271724e-02;7.689562e-02;5.726825e-02;5.736282e-02;3.268568e-02
2.157144e-01;1.046908e-01;1.331358e-01;7.903942e-02;4.203612e-02;5.124683e-02;8.545789e-02;6.724563e-02;6.637882e-02;6.375991e-02;6.490523e-02;2.638910e-02
1.766853e-01;1.630353e-01;1.692491e-01;5.777068e-02;5.034776e-02;4.455978e-02;8.613759e-02;3.292731e-02;7.621171e-02;4.831161e-02;6.125414e-02;3.350976e-02
8.223266e-02;8.929293e-02;2.742397e-01;8.591073e-02;5.238534e-02;4.075956e-02;1.085351e-01;4.992055e-02;8.826695e-02;4.108784e-02;4.861259e-02;3.875604e-02
8.501420e-02;8.256117e-02;1.883496e-01;9.928479e-02;3.842448e-02;5.633443e-02;1.659525e-01;7.244389e-02;6.365197e-02;4.360220e-02;4.731854e-02;5.706219e-02
6.998089e-02;7.183729e-02;1.239696e-01;9.547753e-02;2.961532e-02;8.230492e-02;2.658875e-01;6.825470e-02;3.882279e-02;3.218086e-02;4.331877e-02;7.834978e-02
2.895101e-02;3.694456e-02;1.520927e-01;4.361780e-02;2.561971e-02;1.387278e-01;3.382218e-01;3.340510e-02;2.311359e-02;1.840440e-02;7.990070e-02;8.100084e-02
1.411394e-02;1.487785e-02;2.088256e-01;6.546735e-02;2.131404e-02;1.898493e-01;2.693061e-01;1.497588e-02;2.539871e-02;1.781535e-02;1.116065e-01;4.644933e-02
1.570204e-02;6.104158e-03;2.383178e-01;9.107453e-02;1.893490e-02;2.372788e-01;1.854580e-01;1.322996e-02;2.528232e-02;1.724896e-02;1.323350e-01;1.903355e-02
2.138947e-02;9.947535e-03;2.309876e-01;4.892643e-02;2.494497e-02;3.110355e-01;1.326302e-01;1.228025e-02;1.510452e-02;2.241560e-02;1.626930e-01;7.644864e-03
2.905478e-02;1.165086e-02;1.700023e-01;1.078182e-02;3.415596e-02;3.772937e-01;8.406581e-02;5.692896e-03;2.173341e-02;3.628775e-02;2.041473e-01;1.513343e-02
2.152998e-02;1.779020e-02;1.152404e-01;1.775132e-02;4.105419e-02;3.511304e-01;7.962254e-02;7.032476e-03;5.065660e-02;4.880223e-02;2.398579e-01;9.531872e-03
2.994104e-02;2.535949e-02;8.772194e-02;2.175101e-02;5.661903e-02;2.813371e-01;6.363553e-02;8.142418e-03;6.333508e-02;6.993935e-02;2.805805e-01;1.163747e-02
5.522492e-02;2.069256e-02;8.363777e-02;2.193505e-02;8.369613e-02;2.679218e-01;4.311579e-02;1.104067e-02;3.250231e-02;7.886413e-02;2.747535e-01;2.661531e-02
7.190970e-02;2.410009e-02;9.138407e-02;2.960846e-02;1.169015e-01;2.682297e-01;3.505453e-02;1.509405e-02;3.199116e-02;5.641335e-02;2.298686e-01;2.944482e-02
6.670602e-02;2.863259e-02;5.960266e-02;3.889963e-02;1.467667e-01;2.807846e-01;4.121005e-02;2.075963e-02;4.672032e-02;4.543288e-02;1.922523e-01;3.223257e-02
7.176185e-02;3.608845e-02;5.081932e-02;7.274462e-02;1.322820e-01;2.390829e-01;4.155841e-02;2.515518e-02;6.169955e-02;9.921360e-02;1.359610e-01;3.363319e-02
7.495918e-02;3.127765e-02;8.498831e-02;8.463345e-02;9.901930e-02;1.670184e-01;9.523195e-02;4.167233e-02;8.475143e-02;1.217121e-01;8.100173e-02;3.373413e-02
7.746358e-02;1.902459e-02;1.006551e-01;6.706297e-02;7.359319e-02;1.207816e-01;1.509617e-01;4.693374e-02;8.955850e-02;8.970039e-02;1.195671e-01;4.469745e-02
8.140865e-02;2.596101e-02;9.576487e-02;4.998583e-02;5.158591e-02;1.428563e-01;1.500005e-01;3.499006e-02;6.986149e-02;7.388184e-02;1.845730e-01;3.913051e-02
7.701931e-02;2.823894e-02;6.300367e-02;5.527022e-02;2.940570e-02;1.388464e-01;1.297175e-01;3.591734e-02;8.093452e-02;1.038052e-01;2.180420e-01;3.979924e-02
5.342438e-02;3.634859e-02;6.515500e-02;4.310016e-02;6.410614e-02;1.128466e-01;1.255415e-01;5.651027e-02;8.811351e-02;1.126429e-01;1.988737e-01;4.333730e-02
4.591622e-02;3.842484e-02;7.340045e-02;4.123091e-02;1.067918e-01;1.403705e-01;1.076608e-01;4.636896e-02;7.379121e-02;1.256134e-01;1.694064e-01;3.102453e-02
3.633428e-02;2.228122e-02;7.715356e-02;5.334597e-02;1.134627e-01;1.660634e-01;1.052878e-01;2.837091e-02;7.642373e-02;1.672769e-01;1.340095e-01;1.998995e-02
5.719450e-02;1.347208e-02;8.252535e-02;6.694127e-02;8.913016e-02;1.665691e-01;9.572140e-02;3.517211e-02;7.044123e-02;2.013770e-01;1.014049e-01;2.005082e-02
7.697377e-02;1.531967e-02;6.188830e-02;7.429318e-02;8.142638e-02;1.846903e-01;5.805502e-02;5.174568e-02;9.233544e-02;2.226372e-01;6.134618e-02;1.928884e-02
7.110844e-02;2.521768e-02;4.986763e-02;8.037358e-02;8.270897e-02;1.572501e-01;4.098186e-02;5.201810e-02;1.193314e-01;2.139133e-01;9.224080e-02;1.498820e-02
4.699957e-02;3.027564e-02;6.822159e-02;8.002171e-02;1.050293e-01;1.274219e-01;1.034262e-01;4.447103e-02;1.000870e-01;1.756606e-01;1.050668e-01;1.331855e-02
4.144721e-02;3.608689e-02;5.353320e-02;6.889819e-02;1.019933e-01;1.164620e-01;1.464108e-01;4.952709e-02;1.087558e-01;1.517604e-01;1.049587e-01;2.016632e-02
4.728911e-02;2.663432e-02;4.481503e-02;5.481336e-02;1.170793e-01;1.528734e-01;1.590767e-01;4.234134e-02;9.511677e-02;1.244939e-01;1.128533e-01;2.261343e-02
2.500291e-02;2.462695e-02;7.250825e-02;6.361061e-02;7.956930e-02;1.818116e-01;1.366828e-01;3.452355e-02;1.116529e-01;1.252220e-01;1.225255e-01;2.226374e-02
5.674246e-02;3.234670e-02;5.926271e-02;8.541057e-02;5.233848e-02;1.536773e-01;1.242263e-01;4.121428e-02;1.284576e-01;1.299695e-01;1.085094e-01;2.784475e-02
9.316475e-02;4.031800e-02;6.822098e-02;9.428558e-02;5.465853e-02;1.268230e-01;1.289533e-01;5.122951e-02;1.195974e-01;1.088316e-01;7.053960e-02;4.337781e-02
7.565336e-02;2.961046e-02;1.310866e-01;9.261178e-02;4.547460e-02;1.118503e-01;1.267292e-01;4.678281e-02;9.624963e-02;1.384624e-01;7.620876e-02;2.928017e-02
5.427547e-02;5.195472e-02;9.400541e-02;7.909667e-02;4.810551e-02;8.962914e-02;1.416083e-01;6.074840e-02;1.308766e-01;1.470512e-01;7.755447e-02;2.509412e-02
5.068679e-02;5.314687e-02;5.105053e-02;4.894864e-02;5.557030e-02;8.853532e-02;1.284260e-01;6.895191e-02;1.639766e-01;1.626674e-01;1.021662e-01;2.587341e-02
5.078429e-02;5.935889e-02;4.485771e-02;3.787134e-02;9.027498e-02;8.104178e-02;7.889879e-02;4.115896e-02;1.650031e-01;2.074432e-01;1.161236e-01;2.718342e-02
5.559893e-02;6.811594e-02;4.294320e-02;3.607383e-02;1.057893e-01;6.604371e-02;7.148495e-02;4.846489e-02;1.532055e-01;2.083548e-01;1.104183e-01;3.350660e-02
6.181033e-02;6.715558e-02;6.343146e-02;3.660208e-02;1.111101e-01;7.705306e-02;9.614561e-02;3.366961e-02;1.191230e-01;1.933390e-01;1.046738e-01;3.588643e-02
6.689175e-02;4.618172e-02;8.135794e-02;4.456950e-02;8.873890e-02;6.281696e-02;1.414981e-01;3.914375e-02;9.316775e-02;1.825543e-01;1.123871e-01;4.069218e-02
5.786717e-02;2.513178e-02;8.343095e-02;8.469512e-02;7.712546e-02;6.487144e-02;1.538254e-01;5.005236e-02;9.664334e-02;1.678097e-01;8.737360e-02;5.117366e-02
5.677699e-02;1.795805e-02;9.796231e-02;8.299721e-02;7.519366e-02;8.238796e-02;1.370285e-01;5.530054e-02;1.043098e-01;1.557008e-01;9.694204e-02;3.744218e-02
6.991208e-02;3.351348e-02;1.167746e-01;5.686709e-02;6.223511e-02;9.957390e-02;1.426767e-01;7.601197e-02;9.037925e-02;1.343938e-01;8.681607e-02;3.084598e-02
1.002250e-01;6.449578e-02;1.019168e-01;6.005353e-02;7.553141e-02;8.800807e-02;1.138521e-01;7.719292e-02;5.999527e-02;1.242185e-01;9.837794e-02;3.613276e-02
9.117448e-02;7.481566e-02;8.488847e-02;7.077723e-02;7.414054e-02;9.860640e-02;1.264494e-01;6.307361e-02;8.879768e-02;1.197198e-01;7.551184e-02;3.204481e-02
8.338977e-02;6.293793e-02;1.015076e-01;5.173768e-02;8.077683e-02;1.088893e-01;1.343283e-01;5.547372e-02;9.950710e-02;1.194395e-01;5.592297e-02;4.608922e-02
1.147346e-01;2.177005e-02;1.082390e-01;7.438043e-02;1.182830e-01;1.185327e-01;1.065432e-01;7.138783e-02;9.025911e-02;8.581149e-02;3.209386e-02;5.796472e-02
1.155260e-01;4.296679e-02;6.041877e-02;8.993921e-02;1.138723e-01;8.941887e-02;1.247759e-01;1.053740e-01;9.778992e-02;7.506273e-02;4.055982e-02;4.429573e-02
8.943149e-02;6.083022e-02;1.070170e-01;6.439543e-02;7.712141e-02;7.452980e-02;1.490900e-01;8.920759e-02;9.085105e-02;1.211361e-01;3.883725e-02;3.755276e-02
6.822403e-02;7.045760e-02;1.193681e-01;5.262582e-02;6.030755e-02;6.527600e-02;1.568758e-01;8.928672e-02;1.098258e-01;1.340789e-01;3.412259e-02;3.955117e-02
6.384282e-02;7.850281e-02;1.362622e-01;6.329899e-02;5.637103e-02;6.020673e-02;9.765510e-02;1.030948e-01;1.134203e-01;1.087653e-01;6.074009e-02;5.783973e-02
1.015823e-01;9.525935e-02;2.631382e-01;5.487144e-02;5.073149e-02;5.792316e-02;1.458068e-01;4.450344e-02;5.533167e-02;4.476858e-02;4.868459e-02;3.739905e-02
1.078400e-01;1.165116e-01;2.507110e-01;4.618175e-02;5.249572e-02;6.096532e-02;1.092436e-01;6.284225e-02;5.587694e-02;5.038702e-02;4.755124e-02;3.939356e-02
9.891421e-02;1.406437e-01;2.349896e-01;5.539488e-02;6.508891e-02;6.441057e-02;6.247126e-02;7.427928e-02;5.787476e-02;6.422210e-02;5.051731e-02;3.119346e-02
8.244622e-02;1.489567e-01;1.885436e-01;4.752417e-02;1.036782e-01;5.917313e-02;5.923937e-02;7.597160e-02;5.061244e-02;9.999872e-02;5.274855e-02;3.110728e-02
6.329654e-02;1.230253e-01;1.342552e-01;8.250508e-02;1.521023e-01;5.213250e-02;4.822687e-02;6.750409e-02;3.763660e-02;1.614447e-01;4.812041e-02;2.975048e-02
6.726842e-02;6.027747e-02;1.310754e-01;1.297431e-01;1.671705e-01;4.454990e-02;4.728508e-02;5.161647e-02;4.551936e-02;1.838913e-01;4.043671e-02;3.116620e-02
6.989402e-02;4.313081e-02;8.394091e-02;1.595598e-01;1.427450e-01;3.474015e-02;8.729932e-02;5.227201e-02;7.787614e-02;1.755669e-01;3.914461e-02;3.383033e-02
7.055727e-02;7.247294e-02;1.331751e-01;1.211467e-01;1.383205e-01;2.976357e-02;8.159102e-02;4.953879e-02;6.209344e-02;1.531718e-01;4.693526e-02;4.123359e-02
7.782870e-02;6.045024e-02;1.202693e-01;7.900096e-02;1.553295e-01;3.013414e-02;6.647342e-02;3.713043e-02;4.586173e-02;2.241266e-01;5.427661e-02;4.911843e-02
6.897296e-02;4.397288e-02;9.375620e-02;6.116104e-02;1.547598e-01;3.592900e-02;5.451522e-02;3.088103e-02;3.342507e-02;3.045646e-01;6.184497e-02;5.621721e-02
4.053193e-02;4.798445e-02;7.946457e-02;3.966659e-02;1.414824e-01;3.021597e-02;3.929041e-02;4.455112e-02;4.977870e-02;3.466779e-01;7.509892e-02;6.525706e-02
4.178064e-02;5.468572e-02;9.200613e-02;3.847779e-02;1.102576e-01;3.420395e-02;5.348867e-02;5.363486e-02;4.735796e-02;3.299294e-01;8.424576e-02;5.993161e-02
4.947424e-02;5.348424e-02;8.603750e-02;4.371447e-02;1.002608e-01;3.087638e-02;6.112183e-02;5.936930e-02;8.303372e-02;3.012270e-01;7.736234e-02;5.403817e-02
3.395341e-02;4.865739e-02;7.072829e-02;4.799266e-02;8.604234e-02;3.844850e-02;9.016140e-02;6.931201e-02;1.122217e-01;2.930392e-01;6.373044e-02;4.571272e-02
2.786708e-02;5.210099e-02;6.040919e-02;3.837404e-02;7.921633e-02;4.887921e-02;9.842654e-02;7.412169e-02;9.743980e-02;2.955462e-01;7.244682e-02;5.517211e-02
5.390265e-02;6.346893e-02;9.447724e-02;2.832729e-02;9.974765e-02;6.208048e-02;5.828254e-02;6.846756e-02;6.196245e-02;2.621083e-01;9.061604e-02;5.655886e-02
6.659649e-02;5.585163e-02;9.010532e-02;4.399499e-02;9.778961e-02;4.913292e-02;1.124634e-01;7.095934e-02;5.643257e-02;2.103055e-01;9.071992e-02;5.564832e-02
5.070001e-02;4.617821e-02;8.447390e-02;7.105581e-02;9.735595e-02;3.549809e-02;9.983439e-02;9.118289e-02;1.056373e-01;1.849437e-01;8.085681e-02;5.228291e-02
2.695611e-02;3.410805e-02;8.463816e-02;1.062347e-01;1.193675e-01;4.774389e-02;6.615530e-02;1.009374e-01;1.448881e-01;1.702479e-01;5.929437e-02;3.942872e-02
1.730585e-02;2.082368e-02;1.115889e-01;1.311799e-01;1.358680e-01;5.058796e-02;7.962026e-02;1.177665e-01;1.211837e-01;1.455219e-01;4.998755e-02;1.856579e-02
4.676082e-02;4.018370e-02;8.752354e-02;9.626205e-02;1.303138e-01;2.859668e-02;7.968070e-02;1.400027e-01;9.121472e-02;1.936241e-01;4.285425e-02;2.298284e-02
4.624331e-02;6.235976e-02;1.027830e-01;2.458511e-02;1.214785e-01;3.801912e-02;9.543026e-02;1.273989e-01;8.239649e-02;2.209700e-01;4.490407e-02;3.343158e-02
4.665250e-02;4.818452e-02;7.670387e-02;5.681725e-02;1.000117e-01;3.129809e-02;1.568731e-01;1.531667e-01;8.792906e-02;1.546185e-01;4.471700e-02;4.302770e-02
4.633644e-02;3.920260e-02;5.297503e-02;6.605797e-02;8.463498e-02;3.571941e-02;2.064566e-01;1.254921e-01;1.005038e-01;1.370997e-01;5.950194e-02;4.601940e-02
3.711691e-02;5.064890e-02;7.131318e-02;6.727044e-02;9.534714e-02;4.561480e-02;2.316729e-01;6.174408e-02;7.557723e-02;1.489298e-01;7.488523e-02;3.987942e-02
4.062685e-02;7.023003e-02;8.049977e-02;6.459659e-02;1.275842e-01;5.921958e-02;1.553861e-01;6.868467e-02;5.515326e-02;1.535044e-01;7.853716e-02;4.597732e-02
6.065216e-02;7.673873e-02;9.008088e-02;5.821791e-02;1.488247e-01;7.408430e-02;6.564521e-02;5.766328e-02;4.948176e-02;1.836978e-01;8.395911e-02;5.095417e-02
4.020961e-02;6.119980e-02;8.235604e-02;7.646192e-02;1.459285e-01;6.935922e-02;8.268997e-02;5.245210e-02;6.775241e-02;2.112922e-01;7.554039e-02;3.475785e-02
4.039859e-02;3.808588e-02;7.003569e-02;1.251709e-01;1.426863e-01;6.053333e-02;9.475925e-02;4.705497e-02;8.523143e-02;1.883607e-01;6.500261e-02;4.268035e-02
6.224325e-02;3.680849e-02;8.107930e-02;1.498701e-01;1.209488e-01;5.175244e-02;1.242166e-01;5.022570e-02;6.849311e-02;1.637364e-01;4.499629e-02;4.562942e-02
5.393339e-02;3.695269e-02;1.201934e-01;1.142055e-01;1.247383e-01;6.418768e-02;1.159431e-01;4.568746e-02;6.214854e-02;1.653967e-01;5.893365e-02;3.767965e-02
6.252395e-02;4.158682e-02;1.042956e-01;1.328807e-01;1.465383e-01;7.966555e-02;1.185362e-01;3.289051e-02;7.607727e-02;1.241852e-01;6.030260e-02;2.051714e-02
5.298649e-02;3.290512e-02;1.112364e-01;2.166882e-01;1.253201e-01;8.598760e-02;1.109818e-01;3.441805e-02;8.771525e-02;9.196453e-02;3.591561e-02;1.388074e-02
3.419051e-02;2.485728e-02;1.513490e-01;2.863883e-01;9.883533e-02;5.816513e-02;1.075149e-01;3.669367e-02;1.004878e-01;6.960705e-02;1.983919e-02;1.207179e-02
2.901231e-02;1.020400e-02;1.289447e-01;3.438466e-01;1.061963e-01;4.072707e-02;1.034108e-01;3.342146e-02;1.233567e-01;5.630778e-02;1.526301e-02;9.309327e-03
4.192169e-02;1.320591e-02;9.271631e-02;3.246886e-01;1.159675e-01;3.938889e-02;1.279042e-01;2.958543e-02;1.320007e-01;5.670442e-02;1.507207e-02;1.084431e-02
5.362708e-02;2.339497e-02;7.245148e-02;2.852181e-01;1.380738e-01;3.856707e-02;1.244105e-01;2.220429e-02;1.445021e-01;6.669609e-02;2.166884e-02;9.185690e-03
8.865265e-02;2.520562e-02;5.125021e-02;2.530975e-01;1.302823e-01;4.345866e-02;1.219743e-01;2.067255e-02;1.496950e-01;7.309331e-02;2.696536e-02;1.565252e-02
1.095015e-01;2.692561e-02;5.245103e-02;2.413590e-01;1.292122e-01;2.430808e-02;1.116635e-01;3.036677e-02;1.380235e-01;9.200312e-02;2.614878e-02;1.803684e-02
1.074400e-01;3.075698e-02;5.918450e-02;2.670677e-01;1.349171e-01;3.265593e-02;9.584007e-02;3.013829e-02;1.195247e-01;8.315498e-02;2.679532e-02;1.252441e-02
9.977999e-02;5.614790e-02;7.792143e-02;2.432109e-01;1.314315e-01;3.319712e-02;1.069096e-01;2.935351e-02;7.932251e-02;9.032247e-02;3.879935e-02;1.360368e-02
7.733276e-02;7.848023e-02;6.675949e-02;1.912012e-01;1.872382e-01;4.688894e-02;8.785508e-02;3.492871e-02;5.092680e-02;1.309172e-01;3.303072e-02;1.444066e-02
6.603717e-02;5.323124e-02;6.948180e-02;2.089074e-01;2.185457e-01;3.497092e-02;5.651465e-02;3.280087e-02;8.324882e-02;1.312316e-01;3.223940e-02;1.279047e-02
5.523204e-02;6.645598e-02;9.473714e-02;1.953025e-01;2.006442e-01;3.964844e-02;6.713607e-02;2.868817e-02;8.318995e-02;1.074303e-01;4.029924e-02;2.123600e-02
7.240432e-02;5.057384e-02;8.368570e-02;1.764068e-01;2.146377e-01;4.116847e-02;8.773152e-02;1.785244e-02;7.727525e-02;1.092583e-01;5.096196e-02;1.804364e-02
7.822217e-02;5.536869e-02;6.877212e-02;1.609612e-01;2.288372e-01;3.836128e-02;7.949010e-02;2.328660e-02;6.413343e-02;1.316825e-01;5.704702e-02;1.383775e-02
6.721099e-02;6.593985e-02;6.248030e-02;1.391128e-01;2.427635e-01;4.188782e-02;5.280619e-02;2.471626e-02;4.515990e-02;1.727669e-01;6.341545e-02;2.174005e-02
6.256878e-02;5.961678e-02;1.071370e-01;9.867833e-02;1.518298e-01;4.650345e-02;7.262781e-02;4.513324e-02;5.568363e-02;1.863640e-01;9.301510e-02;2.084211e-02
7.634239e-02;5.358976e-02;1.110682e-01;9.300108e-02;8.117754e-02;4.690378e-02;8.985780e-02;6.176578e-02;9.611551e-02;1.815149e-01;9.020586e-02;1.845734e-02
7.473632e-02;3.538642e-02;7.201020e-02;9.188469e-02;8.543583e-02;5.571354e-02;1.492293e-01;7.627852e-02;1.035224e-01;1.540525e-01;7.221584e-02;2.953446e-02
4.474179e-02;7.370408e-02;4.529404e-02;1.049826e-01;1.210232e-01;7.140982e-02;1.540907e-01;8.324887e-02;7.339180e-02;1.234393e-01;7.171368e-02;3.296008e-02
3.307762e-02;6.940542e-02;4.142674e-02;1.094964e-01;1.332281e-01;6.155720e-02;1.677056e-01;8.476035e-02;6.656111e-02;1.159003e-01;7.849570e-02;3.838545e-02
5.628575e-02;6.988990e-02;6.875466e-02;1.417761e-01;1.552940e-01;6.469840e-02;1.119325e-01;8.425861e-02;5.780022e-02;8.816489e-02;6.389205e-02;3.725292e-02
4.948226e-02;7.093093e-02;1.373120e-01;1.628556e-01;1.740890e-01;5.374265e-02;9.066698e-02;5.880914e-02;7.380401e-02;6.717687e-02;4.064181e-02;2.048881e-02
4.826925e-02;3.842336e-02;1.561573e-01;1.554389e-01;1.792306e-01;3.609568e-02;9.895325e-02;5.318273e-02;9.186103e-02;7.324034e-02;3.240819e-02;3.673925e-02
6.399062e-02;5.816512e-02;1.378899e-01;1.169808e-01;1.643929e-01;5.486587e-02;7.372537e-02;4.777897e-02;1.040131e-01;7.952730e-02;4.518346e-02;5.348661e-02
8.596171e-02;6.818625e-02;1.349232e-01;1.092678e-01;1.485350e-01;7.925798e-02;5.251730e-02;6.429569e-02;1.045003e-01;8.487873e-02;3.105582e-02;3.662017e-02
6.093596e-02;8.246238e-02;1.177725e-01;9.401170e-02;1.484751e-01;7.554530e-02;7.506348e-02;8.658474e-02;9.174223e-02;9.164808e-02;4.933353e-02;2.642502e-02
7.966878e-02;1.143932e-01;1.246420e-01;1.089245e-01;1.471452e-01;5.535838e-02;3.774408e-02;8.197998e-02;7.450936e-02;8.480960e-02;4.594790e-02;4.487709e-02
