7.596739e-02;4.655531e-02;1.064499e-01;5.869997e-02;5.211493e-02;4.360544e-02;8.082788e-02;5.956129e-02;1.158986e-01;1.707294e-01;1.068200e-01;8.276989e-02
8.448248e-02;4.741963e-02;1.529717e-01;8.418375e-02;5.025771e-02;5.915105e-02;1.344978e-01;6.637206e-02;7.908127e-02;1.055599e-01;3.660358e-02;9.941913e-02
7.522678e-02;4.950565e-02;1.569922e-01;8.571757e-02;6.872447e-02;7.209780e-02;1.182668e-01;8.449453e-02;5.984601e-02;1.113965e-01;4.976041e-02;6.797125e-02
6.336778e-02;4.477629e-02;1.407466e-01;9.595917e-02;8.169331e-02;6.973665e-02;1.315693e-01;6.861214e-02;5.982853e-02;1.201847e-01;4.150265e-02;8.202288e-02
4.267987e-02;4.058899e-02;1.191525e-01;6.496435e-02;9.218112e-02;8.410302e-02;1.444143e-01;6.737798e-02;7.465820e-02;7.622449e-02;6.754702e-02;1.261082e-01
8.969675e-02;4.625783e-02;1.266947e-01;3.471574e-02;1.173554e-01;9.372164e-02;1.196100e-01;6.704229e-02;7.518511e-02;5.876400e-02;1.053992e-01;6.555729e-02
9.175215e-02;4.436178e-02;1.682731e-01;4.809341e-02;1.204523e-01;7.147124e-02;1.240250e-01;6.518529e-02;5.218092e-02;7.928011e-02;8.671188e-02;4.821290e-02
3.654839e-02;5.436197e-02;3.376043e-01;6.596056e-02;1.012375e-01;5.701020e-02;1.144909e-01;5.495131e-02;5.442861e-02;5.330524e-02;5.013370e-02;1.996727e-02
4.577457e-02;5.785374e-02;4.544038e-01;5.902454e-02;6.839009e-02;5.752141e-02;1.192465e-01;3.475317e-02;2.849462e-02;2.750532e-02;3.123070e-02;1.580150e-02
5.653542e-02;7.147554e-02;4.468985e-01;3.759836e-02;7.119042e-02;4.843255e-02;1.194987e-01;3.150488e-02;1.953595e-02;4.028569e-02;3.965005e-02;1.739384e-02
5.064357e-02;8.328722e-02;3.631149e-01;3.733943e-02;9.063904e-02;5.952626e-02;1.378361e-01;3.275532e-02;3.308620e-02;4.590014e-02;3.817048e-02;2.770139e-02
3.574342e-02;8.215987e-02;3.867976e-01;5.564597e-02;1.011415e-01;6.780127e-02;6.766669e-02;4.756012e-02;3.362276e-02;3.597262e-02;4.228698e-02;4.360110e-02
7.139367e-02;5.612560e-02;3.525253e-01;4.270031e-02;6.796375e-02;4.741066e-02;1.627190e-01;4.988695e-02;3.373430e-02;3.444476e-02;4.417469e-02;3.692100e-02
1.025603e-01;6.710771e-02;3.110690e-01;3.296627e-02;6.917958e-02;4.255044e-02;1.481422e-01;6.092755e-02;4.965105e-02;3.992773e-02;5.051029e-02;2.540805e-02
1.064938e-01;7.475298e-02;3.255799e-01;3.015477e-02;5.131090e-02;3.808263e-02;1.330855e-01;6.698442e-02;5.537331e-02;3.912437e-02;4.482975e-02;3.422764e-02
8.708420e-02;4.360940e-02;3.829709e-01;3.817229e-02;5.047953e-02;3.589981e-02;1.752675e-01;3.887885e-02;4.470914e-02;3.218056e-02;3.576595e-02;3.498191e-02
5.775752e-02;3.802585e-02;5.304838e-01;3.649716e-02;5.450161e-02;3.522257e-02;1.000058e-01;2.923122e-02;4.199696e-02;1.848757e-02;2.501072e-02;3.277927e-02
5.610326e-02;6.292665e-02;5.995645e-01;3.076263e-02;3.636357e-02;2.832136e-02;4.285767e-02;3.144668e-02;3.141116e-02;1.929284e-02;2.766527e-02;3.328437e-02
3.951617e-02;5.925998e-02;5.984123e-01;3.772268e-02;3.230917e-02;2.034587e-02;6.854603e-02;2.746447e-02;4.576581e-02;3.157067e-02;1.826640e-02;2.082052e-02
9.359619e-02;6.539259e-02;3.938796e-01;3.893702e-02;4.182124e-02;3.170283e-02;9.195232e-02;5.109193e-02;6.558695e-02;5.049403e-02;4.167104e-02;3.387425e-02
1.434282e-01;9.520385e-02;2.468111e-01;5.062440e-02;7.456869e-02;5.308884e-02;4.922108e-02;5.807954e-02;6.378251e-02;3.873963e-02;7.490537e-02;5.154678e-02
1.434395e-01;1.070289e-01;2.430786e-01;5.744717e-02;7.052778e-02;6.011678e-02;6.186328e-02;4.605220e-02;5.544432e-02;3.615460e-02;7.278179e-02;4.606514e-02
1.485333e-01;1.498155e-01;2.247715e-01;6.097201e-02;6.005910e-02;5.703528e-02;5.458321e-02;4.465842e-02;7.643693e-02;2.458276e-02;5.999843e-02;3.855352e-02
1.515832e-01;2.101860e-01;2.131848e-01;5.210619e-02;5.008566e-02;5.002106e-02;3.168577e-02;3.713788e-02;1.193074e-01;1.424568e-02;3.824361e-02;3.221275e-02
1.416393e-01;2.694037e-01;2.154552e-01;3.347498e-02;3.182893e-02;4.616785e-02;1.866525e-02;1.478850e-02;1.722756e-01;1.754122e-02;1.828778e-02;2.047170e-02
1.771836e-01;2.723088e-01;1.875900e-01;2.484927e-02;1.931763e-02;3.927648e-02;1.914936e-02;2.883790e-02;1.877612e-01;1.862684e-02;1.237778e-02;1.272117e-02
2.199946e-01;2.486712e-01;1.912115e-01;1.726873e-02;1.365344e-02;3.212092e-02;1.399239e-02;4.119282e-02;1.817819e-01;1.727614e-02;1.172973e-02;1.110660e-02
2.343549e-01;2.333322e-01;2.302636e-01;1.490001e-02;1.165120e-02;1.203145e-02;1.620393e-02;4.456806e-02;1.582896e-01;1.523383e-02;1.461427e-02;1.455706e-02
2.762473e-01;2.028376e-01;2.077542e-01;1.261364e-02;2.354731e-02;1.363166e-02;2.564433e-02;7.164707e-02;1.020617e-01;1.549216e-02;2.519974e-02;2.332334e-02
3.388234e-01;1.624492e-01;1.669932e-01;1.103983e-02;5.293588e-02;7.208181e-03;2.580930e-02;9.318814e-02;5.180264e-02;1.500561e-02;3.287400e-02;4.187056e-02
3.422775e-01;1.189391e-01;1.643998e-01;1.472326e-02;7.866509e-02;1.266356e-02;2.400410e-02;1.040353e-01;2.869367e-02;1.339102e-02;3.862199e-02;5.958558e-02
2.698235e-01;5.584073e-02;2.563448e-01;1.419727e-02;8.049347e-02;1.568857e-02;3.060486e-02;1.234085e-01;3.954526e-02;2.386698e-02;3.805577e-02;5.213035e-02
2.753397e-01;4.216815e-02;2.574026e-01;8.181204e-03;6.711487e-02;2.356666e-02;3.474259e-02;1.419439e-01;4.034914e-02;2.926086e-02;3.711465e-02;4.281573e-02
2.970009e-01;6.180429e-02;2.183941e-01;1.206968e-02;8.113750e-02;1.953875e-02;3.086594e-02;1.476699e-01;3.150719e-02;2.413972e-02;3.417948e-02;4.169248e-02
3.098750e-01;6.715903e-02;1.889650e-01;7.717201e-03;8.930565e-02;1.875742e-02;2.317976e-02;1.678992e-01;2.114881e-02;2.785739e-02;3.272351e-02;4.541210e-02
3.117814e-01;6.397666e-02;1.859758e-01;9.534033e-03;7.840544e-02;1.169390e-02;2.516399e-02;1.760451e-01;1.664998e-02;2.967927e-02;3.868359e-02;5.241074e-02
3.019559e-01;6.647617e-02;1.629710e-01;1.209188e-02;4.892280e-02;9.657978e-03;5.669856e-02;1.623480e-01;1.667623e-02;4.173639e-02;4.589518e-02;7.456990e-02
2.418266e-01;6.070474e-02;1.596754e-01;2.026690e-02;2.547114e-02;1.110318e-02;9.427401e-02;1.337297e-01;1.765184e-02;6.840014e-02;5.938574e-02;1.075106e-01
9.396987e-02;7.078291e-02;1.625840e-01;3.316215e-02;2.898549e-02;3.439829e-02;1.540169e-01;9.388224e-02;2.717257e-02;8.734930e-02;8.413292e-02;1.295634e-01
1.914513e-01;8.887255e-02;1.485928e-01;3.404969e-02;5.041092e-02;4.038507e-02;1.182976e-01;6.757384e-02;3.953994e-02;7.405997e-02;5.865667e-02;8.810959e-02
2.618888e-01;8.383729e-02;8.241808e-02;3.728549e-02;4.239422e-02;4.169495e-02;1.194236e-01;7.272053e-02;4.223595e-02;8.687402e-02;4.482620e-02;8.440082e-02
2.717815e-01;6.315868e-02;5.935189e-02;5.031000e-02;2.544114e-02;4.208246e-02;1.285509e-01;9.641606e-02;4.904357e-02;1.011412e-01;2.634521e-02;8.637743e-02
2.518062e-01;2.910413e-02;6.169972e-02;4.906881e-02;2.261456e-02;4.927775e-02;1.380158e-01;1.503314e-01;6.287834e-02;8.973822e-02;1.740676e-02;7.805832e-02
2.501272e-01;1.658204e-02;6.047292e-02;2.697145e-02;3.161761e-02;5.010897e-02;1.267718e-01;2.129803e-01;9.923781e-02;4.544850e-02;1.743735e-02;6.224397e-02
2.718136e-01;3.606636e-02;7.236989e-02;1.266775e-02;4.257084e-02;3.392104e-02;9.988181e-02;2.427586e-01;9.180289e-02;3.247960e-02;1.386038e-02;4.980716e-02
2.845580e-01;4.453205e-02;7.831272e-02;1.485354e-02;7.951374e-02;2.604397e-02;6.842035e-02;2.620544e-01;5.985666e-02;2.587710e-02;1.477318e-02;4.120432e-02
2.761004e-01;6.337538e-02;8.643090e-02;1.263049e-02;1.746829e-01;1.219418e-02;3.890308e-02;2.389778e-01;4.043184e-02;1.499605e-02;1.570160e-02;2.557545e-02
2.700395e-01;8.241259e-02;8.990091e-02;7.685684e-03;2.494257e-01;6.567483e-03;2.903847e-02;1.818459e-01;3.401081e-02;1.566945e-02;1.741097e-02;1.599264e-02
2.810113e-01;1.114487e-01;8.548502e-02;8.410625e-03;2.534796e-01;8.541129e-03;3.364870e-02;1.261488e-01;3.708370e-02;1.845185e-02;1.948419e-02;1.680640e-02
3.012133e-01;1.317489e-01;1.037150e-01;1.321769e-02;1.928594e-01;9.244082e-03;3.879710e-02;9.853194e-02;4.800329e-02;2.082131e-02;2.260645e-02;1.924142e-02
3.305310e-01;1.196445e-01;1.130849e-01;1.530950e-02;1.570482e-01;1.533316e-02;2.920387e-02;1.050888e-01;4.734822e-02;1.597260e-02;2.337533e-02;2.805987e-02
3.331410e-01;1.141059e-01;1.398323e-01;1.301990e-02;1.290850e-01;1.958989e-02;2.311793e-02;1.069469e-01;3.878263e-02;2.260388e-02;2.241625e-02;3.735844e-02
2.850639e-01;1.373614e-01;1.703399e-01;1.385802e-02;1.133434e-01;2.532079e-02;2.780660e-02;8.977031e-02;4.173346e-02;3.077117e-02;3.121739e-02;3.341371e-02
2.402348e-01;1.448836e-01;1.246953e-01;2.549369e-02;1.353996e-01;3.476901e-02;5.446572e-02;7.528187e-02;5.539676e-02;4.530134e-02;4.311946e-02;2.095895e-02
2.265144e-01;7.507457e-02;1.863270e-01;3.246619e-02;1.420731e-01;3.813698e-02;5.016062e-02;9.175655e-02;4.169378e-02;5.896823e-02;3.675050e-02;2.007811e-02
1.424165e-01;5.931346e-02;3.420377e-01;3.189772e-02;1.061421e-01;2.950430e-02;8.760556e-02;5.794470e-02;3.261429e-02;4.464014e-02;3.375727e-02;3.212623e-02
1.068406e-01;1.019191e-01;4.041845e-01;4.263867e-02;5.071392e-02;2.525517e-02;6.731270e-02;5.038106e-02;4.877151e-02;3.755171e-02;3.315083e-02;3.128036e-02
9.287354e-02;8.363569e-02;4.686234e-01;4.396388e-02;3.685530e-02;2.286935e-02;6.048176e-02;3.892459e-02;3.057633e-02;5.941783e-02;3.483272e-02;2.694566e-02
7.799968e-02;2.723699e-02;5.371150e-01;4.696989e-02;4.858224e-02;2.035684e-02;7.065137e-02;2.026044e-02;1.980326e-02;7.876020e-02;3.897083e-02;1.329331e-02
7.254475e-02;3.968041e-02;4.940227e-01;5.675675e-02;5.339526e-02;1.559732e-02;7.103728e-02;2.512361e-02;3.181712e-02;7.061462e-02;4.855828e-02;2.085190e-02
4.812545e-02;2.683252e-02;4.729203e-01;7.842103e-02;5.880043e-02;1.935320e-02;6.175151e-02;4.017551e-02;4.082113e-02;6.045731e-02;6.445225e-02;2.788939e-02
2.810817e-02;1.894436e-02;4.651641e-01;9.891459e-02;6.844470e-02;2.996059e-02;4.487962e-02;4.739121e-02;3.305069e-02;5.019107e-02;8.128101e-02;3.366990e-02
2.032541e-02;1.986909e-02;4.339146e-01;1.097702e-01;8.217757e-02;3.890013e-02;5.898019e-02;5.225706e-02;1.976657e-02;4.585796e-02;9.171414e-02;2.646706e-02
2.019506e-02;2.148679e-02;4.537041e-01;1.199201e-01;8.264942e-02;3.701932e-02;4.162356e-02;5.094413e-02;1.438227e-02;4.183368e-02;9.235732e-02;2.388432e-02
1.728298e-02;1.671780e-02;5.024081e-01;1.097089e-01;7.674930e-02;3.537107e-02;4.047251e-02;4.084245e-02;1.407778e-02;4.451859e-02;8.071566e-02;2.113479e-02
1.198596e-02;1.175006e-02;5.331585e-01;1.025432e-01;8.228698e-02;3.609024e-02;3.076464e-02;3.158879e-02;1.475321e-02;5.085443e-02;7.817617e-02;1.604779e-02
1.762149e-02;1.495567e-02;5.457724e-01;8.947459e-02;7.256714e-02;3.369290e-02;3.559204e-02;2.843296e-02;2.626684e-02;4.695704e-02;6.667253e-02;2.199437e-02
1.919350e-02;2.126537e-02;5.994747e-01;7.974245e-02;5.450363e-02;2.298303e-02;3.007277e-02;1.843206e-02;3.394273e-02;4.886224e-02;5.458844e-02;1.693910e-02
2.303557e-02;2.533271e-02;6.069172e-01;7.801978e-02;5.120561e-02;2.062570e-02;4.166719e-02;1.625207e-02;2.728375e-02;5.458796e-02;4.307490e-02;1.199759e-02
4.112846e-02;3.589544e-02;5.632696e-01;6.772934e-02;4.585566e-02;2.919164e-02;6.402043e-02;2.306607e-02;1.674058e-02;6.050980e-02;4.464234e-02;7.950655e-03
4.995847e-02;3.931119e-02;4.789855e-01;4.929503e-02;2.272656e-02;3.802780e-02;1.537573e-01;2.960447e-02;2.571020e-02;5.322488e-02;4.171198e-02;1.768654e-02
4.611002e-02;3.868018e-02;3.952160e-01;4.376547e-02;6.954452e-02;5.504752e-02;1.999668e-01;3.906294e-02;2.583169e-02;3.961258e-02;3.093742e-02;1.622485e-02
4.690745e-02;4.549100e-02;3.967780e-01;3.255247e-02;8.466493e-02;7.293411e-02;1.657670e-01;4.217710e-02;3.974314e-02;3.157445e-02;2.598950e-02;1.542087e-02
3.169602e-02;3.679878e-02;4.973239e-01;5.567461e-02;1.106388e-01;7.641448e-02;5.560739e-02;3.470540e-02;3.855869e-02;2.467456e-02;2.233205e-02;1.557531e-02
2.576798e-02;2.752422e-02;4.729923e-01;5.354003e-02;9.688904e-02;6.350682e-02;1.494848e-01;2.308058e-02;2.370515e-02;2.420538e-02;2.233116e-02;1.697258e-02
3.517634e-02;1.893528e-02;4.966084e-01;4.589996e-02;6.043920e-02;5.206669e-02;1.815177e-01;2.006098e-02;1.851732e-02;3.237815e-02;2.006855e-02;1.833144e-02
4.232851e-02;3.655313e-02;5.421242e-01;5.707246e-02;7.184355e-02;4.845396e-02;8.984876e-02;1.989907e-02;1.965898e-02;3.857643e-02;1.818325e-02;1.545776e-02
5.339780e-02;5.078540e-02;4.866821e-01;5.285563e-02;8.013816e-02;4.809200e-02;9.921976e-02;2.363708e-02;2.165057e-02;3.756365e-02;2.810823e-02;1.786967e-02
7.015444e-02;4.727623e-02;3.549831e-01;4.154281e-02;9.744276e-02;5.552677e-02;1.327471e-01;4.153186e-02;4.769230e-02;5.139081e-02;2.706705e-02;3.264473e-02
5.777526e-02;3.732520e-02;2.777043e-01;4.919659e-02;1.230545e-01;7.008506e-02;9.200446e-02;6.187382e-02;7.520748e-02;7.990212e-02;4.464793e-02;3.122321e-02
3.848705e-02;3.886443e-02;2.907853e-01;6.962997e-02;1.056031e-01;5.598697e-02;7.610526e-02;5.815048e-02;8.295187e-02;9.462718e-02;6.060735e-02;2.820099e-02
3.296327e-02;5.295413e-02;3.072811e-01;6.164465e-02;8.002054e-02;5.756037e-02;7.926448e-02;5.015162e-02;6.018159e-02;1.357252e-01;4.050304e-02;4.174996e-02
3.434194e-02;4.429005e-02;2.138070e-01;5.555329e-02;8.177590e-02;7.146686e-02;1.143500e-01;5.556289e-02;9.544687e-02;1.201500e-01;6.831055e-02;4.494470e-02
5.715300e-02;4.013625e-02;1.744698e-01;3.475992e-02;7.939295e-02;7.511272e-02;1.209530e-01;5.737275e-02;1.037878e-01;1.062525e-01;1.145141e-01;3.609527e-02
8.041364e-02;4.863000e-02;1.586389e-01;4.269820e-02;4.676069e-02;7.909703e-02;9.803294e-02;6.205804e-02;1.047086e-01;8.495309e-02;1.266988e-01;6.731004e-02
4.489385e-02;6.093973e-02;1.338562e-01;5.431468e-02;8.230276e-02;6.990563e-02;1.084975e-01;1.079790e-01;1.204789e-01;6.732791e-02;8.919308e-02;6.031074e-02
1.891108e-02;5.588999e-02;1.322697e-01;4.044067e-02;1.062126e-01;9.810985e-02;9.775787e-02;1.204361e-01;1.534463e-01;6.198265e-02;5.242127e-02;6.212201e-02
3.913625e-02;4.202245e-02;1.523217e-01;6.479539e-02;7.678439e-02;1.012918e-01;9.515199e-02;8.199797e-02;1.322130e-01;5.081095e-02;9.801003e-02;6.546413e-02
7.027817e-02;7.402781e-02;1.577811e-01;5.541434e-02;5.094738e-02;7.919862e-02;1.069216e-01;7.473996e-02;7.615302e-02;7.610342e-02;1.049289e-01;7.350552e-02
8.953166e-02;1.210479e-01;1.123426e-01;3.478838e-02;8.677199e-02;5.850711e-02;1.112180e-01;8.088011e-02;5.976201e-02;1.041986e-01;7.563437e-02;6.531724e-02
7.473879e-02;1.252523e-01;7.252140e-02;5.062595e-02;9.895257e-02;7.343803e-02;9.867539e-02;7.870645e-02;6.723975e-02;1.331462e-01;7.982239e-02;4.688080e-02
7.017954e-02;1.226267e-01;8.194554e-02;5.739224e-02;7.519593e-02;9.357428e-02;1.115814e-01;7.693581e-02;9.066413e-02;1.073118e-01;6.612073e-02;4.647193e-02
5.599787e-02;1.097906e-01;1.392719e-01;7.442647e-02;5.834656e-02;6.801879e-02;1.431450e-01;7.559998e-02;1.076865e-01;5.670061e-02;6.061783e-02;5.039791e-02
6.995586e-02;7.931987e-02;1.517417e-01;7.129213e-02;4.278563e-02;5.543091e-02;1.623460e-01;7.502063e-02;1.125714e-01;7.879469e-02;5.187594e-02;4.886520e-02
8.016833e-02;6.102190e-02;1.186611e-01;7.256022e-02;8.107661e-02;6.939846e-02;1.560737e-01;6.918515e-02;6.874219e-02;1.497909e-01;2.934547e-02;4.397603e-02
6.371696e-02;6.407176e-02;9.882235e-02;5.962244e-02;1.107895e-01;8.245007e-02;1.332389e-01;4.256281e-02;7.387519e-02;1.633008e-01;5.674928e-02;5.079986e-02
6.251486e-02;8.378061e-02;8.581877e-02;1.022655e-01;1.121606e-01;8.289438e-02;1.225589e-01;4.878996e-02;6.595705e-02;1.297914e-01;4.684862e-02;5.661929e-02
5.818982e-02;8.099147e-02;8.719560e-02;1.111441e-01;7.856987e-02;7.984260e-02;1.049258e-01;6.272968e-02;8.861239e-02;1.022292e-01;7.516301e-02;7.040637e-02
6.569578e-02;5.657931e-02;7.346962e-02;3.777597e-02;5.501444e-02;9.365820e-02;9.609037e-02;9.574864e-02;1.069975e-01;1.453812e-01;9.198904e-02;8.159992e-02
7.431689e-02;6.268751e-02;7.892265e-02;2.244566e-02;5.445505e-02;9.853786e-02;9.806339e-02;1.016008e-01;1.272935e-01;1.318035e-01;8.095789e-02;6.891532e-02
1.031433e-01;7.361434e-02;1.978509e-01;3.436487e-02;4.720218e-02;7.056084e-02;8.639605e-02;7.382210e-02;1.208500e-01;8.124249e-02;7.175504e-02;3.919784e-02
1.439942e-01;9.218398e-02;2.406670e-01;4.282417e-02;4.543437e-02;2.707045e-02;9.737226e-02;8.115087e-02;8.616102e-02;5.879953e-02;4.532571e-02;3.901640e-02
1.764499e-01;8.121748e-02;1.678129e-01;3.961321e-02;3.696373e-02;2.726793e-02;1.128914e-01;1.231179e-01;6.248419e-02;6.267386e-02;3.824317e-02;7.126431e-02
1.993817e-01;4.973930e-02;8.746661e-02;3.535490e-02;3.091637e-02;2.979403e-02;1.339239e-01;1.687374e-01;4.779164e-02;8.185913e-02;4.438370e-02;9.065123e-02
1.475502e-01;3.242483e-02;7.014730e-02;4.992486e-02;2.109569e-02;3.790849e-02;1.876186e-01;1.500027e-01;5.231113e-02;1.012927e-01;4.892381e-02;1.007996e-01
1.081659e-01;2.724388e-02;5.525113e-02;7.723274e-02;2.166920e-02;4.467252e-02;2.430929e-01;1.210549e-01;2.974941e-02;9.516504e-02;4.515314e-02;1.315493e-01
7.737121e-02;3.032495e-02;6.469517e-02;1.136263e-01;1.906343e-02;4.011969e-02;2.654791e-01;6.421994e-02;2.407101e-02;7.141382e-02;4.614296e-02;1.834725e-01
9.552117e-02;2.433406e-02;5.260446e-02;1.420927e-01;2.393547e-02;2.513731e-02;2.311136e-01;4.290700e-02;2.876659e-02;6.988515e-02;5.003008e-02;2.136725e-01
2.028496e-01;3.351793e-02;8.578286e-02;9.962966e-02;2.176757e-02;1.655892e-02;1.302672e-01;1.087820e-01;3.474589e-02;7.586794e-02;3.544906e-02;1.547814e-01
3.134011e-01;4.691697e-02;8.735178e-02;4.247328e-02;3.044275e-02;1.514233e-02;7.960536e-02;1.554070e-01;5.150924e-02;6.105741e-02;2.394794e-02;9.274480e-02
3.602909e-01;5.575049e-02;8.835544e-02;1.446342e-02;4.923750e-02;1.251718e-02;6.774731e-02;1.944153e-01;4.098712e-02;3.048364e-02;2.433005e-02;6.142161e-02
3.426298e-01;6.037959e-02;1.019017e-01;1.705118e-02;5.571534e-02;1.288181e-02;5.021923e-02;2.222332e-01;2.657632e-02;3.260552e-02;3.215910e-02;4.564723e-02
3.489162e-01;6.612051e-02;1.129969e-01;1.281314e-02;5.908467e-02;7.988821e-03;3.188673e-02;2.460335e-01;1.760928e-02;2.272931e-02;4.101861e-02;3.280238e-02
3.562438e-01;7.654654e-02;1.040631e-01;1.183282e-02;6.907166e-02;5.473792e-03;2.768965e-02;2.325194e-01;3.263645e-02;1.198249e-02;4.840119e-02;2.353905e-02
3.346010e-01;1.069292e-01;1.152663e-01;1.038225e-02;6.723107e-02;8.965623e-03;4.330052e-02;1.741702e-01;3.708060e-02;3.815037e-02;4.148170e-02;2.244120e-02
2.934126e-01;1.346391e-01;1.319576e-01;6.745385e-03;5.677980e-02;5.972994e-03;8.217627e-02;1.126049e-01;5.635561e-02;7.272062e-02;2.745761e-02;1.917745e-02
2.713403e-01;1.493355e-01;1.340885e-01;6.053717e-03;4.594804e-02;3.397060e-03;1.077682e-01;8.885120e-02;6.607662e-02;9.467413e-02;1.597881e-02;1.648785e-02
2.873534e-01;1.585692e-01;1.322914e-01;7.700150e-03;3.132704e-02;3.748354e-03;9.299008e-02;7.131409e-02;6.361786e-02;1.243364e-01;1.177619e-02;1.497590e-02
3.180242e-01;1.594732e-01;1.549145e-01;8.379309e-03;1.666637e-02;4.010994e-03;6.149450e-02;5.662005e-02;6.206220e-02;1.264011e-01;1.136666e-02;2.058695e-02
3.363963e-01;1.582725e-01;1.739849e-01;8.555392e-03;1.171839e-02;4.560341e-03;4.355475e-02;4.638740e-02;5.463951e-02;1.089206e-01;2.163642e-02;3.137350e-02
3.354302e-01;1.560955e-01;1.820393e-01;9.593643e-03;1.326626e-02;7.892868e-03;5.401341e-02;3.585944e-02;4.269805e-02;8.623092e-02;3.770290e-02;3.917749e-02
2.904281e-01;1.510422e-01;1.437764e-01;1.455772e-02;1.580104e-02;1.895339e-02;1.014782e-01;5.046597e-02;4.504639e-02;8.583950e-02;5.163487e-02;3.097626e-02
2.458069e-01;1.231792e-01;1.795702e-01;1.989707e-02;3.064295e-02;3.074194e-02;1.267243e-01;4.287250e-02;3.145795e-02;8.908780e-02;4.549016e-02;3.452912e-02
2.629904e-01;1.010745e-01;2.143501e-01;1.949005e-02;2.181726e-02;3.150151e-02;1.030727e-01;6.116489e-02;3.717060e-02;6.820976e-02;3.496807e-02;4.419012e-02
2.810824e-01;1.152769e-01;2.168701e-01;2.245406e-02;1.780776e-02;2.567778e-02;4.787103e-02;8.245097e-02;5.364171e-02;6.814180e-02;2.616110e-02;4.256447e-02
2.431229e-01;1.079401e-01;2.010679e-01;3.854628e-02;2.654248e-02;3.786090e-02;7.881298e-02;7.850915e-02;5.859067e-02;7.998855e-02;1.683502e-02;3.218299e-02
1.958832e-01;8.738083e-02;1.706827e-01;4.519484e-02;4.058136e-02;5.445606e-02;7.461308e-02;8.317070e-02;6.699069e-02;1.207848e-01;3.278625e-02;2.747547e-02
1.555459e-01;7.649384e-02;1.593384e-01;4.118136e-02;4.765325e-02;4.045390e-02;8.026654e-02;6.784878e-02;5.807531e-02;2.025991e-01;3.298346e-02;3.756015e-02
1.055425e-01;6.053551e-02;1.646506e-01;5.028039e-02;5.134927e-02;3.504276e-02;8.734695e-02;6.229495e-02;8.060523e-02;2.425513e-01;2.537056e-02;3.442998e-02
4.143867e-02;4.150313e-02;3.004096e-01;4.602647e-02;7.124040e-02;4.848224e-02;1.919081e-01;5.213757e-02;5.682530e-02;1.175524e-01;1.846562e-02;1.401058e-02
4.291369e-02;4.064482e-02;3.543761e-01;3.681673e-02;6.582381e-02;4.686102e-02;2.036802e-01;5.305052e-02;4.520902e-02;7.400679e-02;2.315050e-02;1.346680e-02
2.909812e-02;5.430066e-02;3.866366e-01;3.001161e-02;4.765861e-02;4.156058e-02;1.626013e-01;6.356379e-02;6.358869e-02;8.317794e-02;2.346754e-02;1.433465e-02
2.341293e-02;8.030214e-02;3.917855e-01;2.302513e-02;2.678506e-02;3.945374e-02;1.189744e-01;7.950085e-02;8.122956e-02;9.542090e-02;2.375941e-02;1.635043e-02
6.763785e-02;1.211208e-01;3.572050e-01;2.307793e-02;2.811301e-02;3.656695e-02;6.097278e-02;9.270989e-02;9.406026e-02;7.544845e-02;2.436917e-02;1.871792e-02
1.242646e-01;1.146773e-01;2.926176e-01;2.926390e-02;3.551010e-02;3.172035e-02;1.296199e-01;7.394078e-02;7.725269e-02;4.946625e-02;2.248118e-02;1.918536e-02
1.719545e-01;8.504673e-02;2.181640e-01;3.268244e-02;4.252341e-02;2.877539e-02;2.024900e-01;5.297688e-02;4.960733e-02;4.768874e-02;3.648657e-02;3.160410e-02
1.782917e-01;8.436112e-02;1.358532e-01;3.002206e-02;4.699973e-02;3.347197e-02;2.381829e-01;4.464875e-02;4.618772e-02;6.258776e-02;5.593577e-02;4.345730e-02
1.325213e-01;1.047778e-01;1.451190e-01;2.717401e-02;5.248427e-02;4.251524e-02;1.776880e-01;4.528737e-02;5.631502e-02;8.919451e-02;8.782732e-02;3.909606e-02
1.023113e-01;7.075766e-02;3.095033e-01;4.197125e-02;5.115934e-02;4.526198e-02;8.911314e-02;4.491187e-02;6.108614e-02;8.197179e-02;7.116552e-02;3.078670e-02
1.226148e-01;6.218386e-02;3.018036e-01;6.242352e-02;4.260740e-02;4.134991e-02;8.234780e-02;4.351190e-02;5.118809e-02;6.565379e-02;7.464209e-02;4.967318e-02
1.344022e-01;8.545514e-02;2.283758e-01;6.113098e-02;4.642226e-02;6.353116e-02;1.061436e-01;5.064903e-02;3.705268e-02;5.578165e-02;7.057824e-02;6.047722e-02
1.206607e-01;7.993130e-02;1.853288e-01;5.942960e-02;6.187765e-02;8.167468e-02;1.268625e-01;6.742638e-02;6.186280e-02;5.441881e-02;4.748503e-02;5.304176e-02
1.017575e-01;4.193707e-02;2.741950e-01;5.016861e-02;7.396107e-02;8.030014e-02;1.140006e-01;7.447639e-02;7.549288e-02;4.292163e-02;3.395934e-02;3.682971e-02
1.047113e-01;6.312464e-02;2.619171e-01;4.910111e-02;7.448805e-02;8.007361e-02;8.872525e-02;7.270730e-02;7.434317e-02;5.287392e-02;3.715117e-02;4.078345e-02
1.138717e-01;7.718008e-02;1.947236e-01;5.650524e-02;6.746814e-02;8.219860e-02;7.745366e-02;7.961311e-02;7.122806e-02;7.118255e-02;5.060974e-02;5.796553e-02
8.431168e-02;7.039607e-02;1.961200e-01;7.540061e-02;4.357407e-02;6.825548e-02;9.549817e-02;8.745819e-02;7.913116e-02;1.091991e-01;4.239606e-02;4.825943e-02
7.740673e-02;7.533428e-02;1.266181e-01;7.943535e-02;7.598241e-02;7.708956e-02;1.185521e-01;7.594570e-02;7.856717e-02;1.093278e-01;5.708004e-02;4.866071e-02
8.452239e-02;6.193529e-02;1.416503e-01;7.898857e-02;7.495060e-02;5.698288e-02;1.464230e-01;8.614320e-02;8.822466e-02;7.679382e-02;5.302075e-02;5.036457e-02
8.245026e-02;7.318337e-02;1.246762e-01;6.607110e-02;7.864705e-02;7.385431e-02;1.635308e-01;9.631074e-02;7.824361e-02;6.937455e-02;4.990696e-02;4.375104e-02
1.154717e-01;7.998821e-02;1.204947e-01;4.991644e-02;8.412189e-02;7.016706e-02;1.419935e-01;9.613069e-02;9.714241e-02;6.036288e-02;5.419647e-02;3.001397e-02
1.115170e-01;7.481172e-02;1.360884e-01;4.601364e-02;5.713570e-02;6.310015e-02;9.055768e-02;7.664330e-02;1.043549e-01;6.250011e-02;9.180779e-02;8.546959e-02
7.399664e-02;6.012073e-02;1.192203e-01;7.515023e-02;3.382642e-02;4.567200e-02;1.179841e-01;5.806240e-02;7.838832e-02;5.720559e-02;1.136163e-01;1.667570e-01
4.106566e-02;4.684396e-02;9.745795e-02;1.039389e-01;3.556456e-02;3.273747e-02;1.365532e-01;4.963936e-02;5.401490e-02;4.379240e-02;1.155526e-01;2.428389e-01
3.715675e-02;3.521491e-02;1.098117e-01;1.058872e-01;2.975756e-02;3.746695e-02;1.256657e-01;4.541034e-02;5.845734e-02;3.102254e-02;1.232368e-01;2.609123e-01
2.210507e-02;2.964153e-02;1.052081e-01;1.088151e-01;2.053669e-02;4.230814e-02;1.431362e-01;5.416211e-02;5.904851e-02;2.718605e-02;1.083792e-01;2.794733e-01
1.691593e-02;3.021581e-02;7.221456e-02;1.366107e-01;2.696781e-02;3.397506e-02;1.660609e-01;5.254943e-02;3.113615e-02;2.855946e-02;8.195123e-02;3.228430e-01
1.978430e-02;2.644512e-02;6.362399e-02;1.338217e-01;2.660315e-02;3.080771e-02;1.710665e-01;4.771908e-02;2.914195e-02;2.121353e-02;7.768063e-02;3.520923e-01
2.734940e-02;2.450122e-02;6.629758e-02;1.605308e-01;1.414316e-02;2.119392e-02;1.882175e-01;3.613793e-02;2.369181e-02;3.214629e-02;6.041152e-02;3.453789e-01
4.044992e-02;1.700300e-02;3.874033e-02;1.803203e-01;8.138198e-03;1.033254e-02;2.090338e-01;3.217858e-02;1.409177e-02;5.142860e-02;3.822495e-02;3.600580e-01
6.096926e-02;1.368159e-02;1.908926e-02;1.557951e-01;7.857668e-03;1.105770e-02;2.122936e-01;5.042545e-02;1.488007e-02;7.313672e-02;2.922631e-02;3.515873e-01
1.079565e-01;1.178821e-02;2.856932e-02;8.454657e-02;1.710468e-02;1.380162e-02;2.116245e-01;1.121416e-01;2.694590e-02;6.527837e-02;3.924785e-02;2.809949e-01
1.856716e-01;2.253507e-02;4.626985e-02;2.129333e-02;3.665060e-02;1.053006e-02;2.089820e-01;2.051981e-01;2.440657e-02;3.598762e-02;3.542598e-02;1.670492e-01
2.269401e-01;3.077845e-02;7.180685e-02;1.291522e-02;4.274445e-02;1.614759e-02;2.020058e-01;2.427355e-01;2.080092e-02;3.002962e-02;2.850287e-02;7.459269e-02
2.258337e-01;3.470803e-02;9.697454e-02;2.427665e-02;4.159508e-02;1.759916e-02;1.733633e-01;2.191209e-01;2.900615e-02;3.873289e-02;4.139820e-02;5.739148e-02
1.954921e-01;4.798629e-02;1.287470e-01;3.061734e-02;3.998531e-02;1.968187e-02;1.603843e-01;1.689834e-01;3.469576e-02;5.104231e-02;4.607626e-02;7.630809e-02
1.020710e-01;5.755829e-02;1.943187e-01;4.495527e-02;4.015332e-02;2.723821e-02;1.717840e-01;8.898805e-02;4.759524e-02;6.513242e-02;4.974608e-02;1.104593e-01
7.872652e-02;5.354084e-02;1.866788e-01;5.366931e-02;3.544278e-02;3.984327e-02;1.263596e-01;9.139104e-02;5.136199e-02;6.922302e-02;5.117578e-02;1.625871e-01
1.344395e-01;5.699737e-02;1.335521e-01;3.317678e-02;2.497392e-02;4.361175e-02;1.050887e-01;1.472294e-01;7.484160e-02;6.506749e-02;2.993700e-02;1.510844e-01
1.070568e-01;5.114144e-02;1.581925e-01;5.890693e-02;4.583206e-02;5.027569e-02;8.753151e-02;1.358664e-01;7.402415e-02;7.738294e-02;1.988894e-02;1.339006e-01
7.085419e-02;5.097635e-02;1.539361e-01;8.599164e-02;4.638705e-02;4.764093e-02;1.177940e-01;1.221224e-01;7.357943e-02;8.531276e-02;5.020799e-02;9.519707e-02
9.521873e-02;5.491850e-02;1.724128e-01;8.672632e-02;4.675576e-02;3.990401e-02;1.244073e-01;9.859601e-02;5.714681e-02;8.267096e-02;5.816431e-02;8.307847e-02
1.184950e-01;5.925973e-02;1.387461e-01;5.737120e-02;3.549360e-02;6.089721e-02;1.072121e-01;7.709340e-02;8.564250e-02;1.009266e-01;6.849319e-02;9.036940e-02
7.596795e-02;6.610016e-02;1.366761e-01;9.702104e-02;6.168163e-02;6.587046e-02;9.838919e-02;7.896451e-02;1.085387e-01;1.263147e-01;3.224818e-02;5.222743e-02
4.920936e-02;7.500395e-02;1.057271e-01;1.056589e-01;8.841063e-02;4.856155e-02;1.365896e-01;9.892256e-02;1.189956e-01;9.541655e-02;2.960376e-02;4.790040e-02
4.669672e-02;8.778455e-02;8.204328e-02;8.878164e-02;9.314240e-02;4.769347e-02;1.461241e-01;1.436672e-01;9.605600e-02;7.715094e-02;4.232690e-02;4.853277e-02
7.788786e-02;6.749188e-02;8.139991e-02;6.344395e-02;7.761788e-02;5.486790e-02;8.921574e-02;1.608162e-01;1.080648e-01;9.094362e-02;5.350543e-02;7.474477e-02
7.035848e-02;5.473828e-02;5.286146e-02;5.609779e-02;5.834336e-02;3.188705e-02;1.294244e-01;8.899156e-02;1.402477e-01;1.646953e-01;7.209045e-02;8.026411e-02
7.168584e-02;3.563128e-02;7.326829e-02;3.855044e-02;5.187573e-02;4.815196e-02;1.169683e-01;7.433936e-02;1.319457e-01;2.162085e-01;8.434200e-02;5.703275e-02
4.793913e-02;3.325881e-02;1.072041e-01;4.693487e-02;4.904515e-02;4.413433e-02;1.226895e-01;1.327548e-01;1.110678e-01;1.714549e-01;8.749428e-02;4.602233e-02
6.703596e-02;3.944311e-02;9.232742e-02;5.026723e-02;6.502702e-02;6.839242e-02;1.255883e-01;1.364322e-01;8.522658e-02;1.318950e-01;7.777672e-02;6.058810e-02
7.947287e-02;4.146373e-02;1.230314e-01;5.859634e-02;6.463470e-02;9.100275e-02;1.063125e-01;9.352135e-02;1.269491e-01;1.144654e-01;5.452254e-02;4.602743e-02
1.015857e-01;6.055715e-02;1.082548e-01;7.769479e-02;7.070914e-02;8.691020e-02;1.319166e-01;6.231593e-02;9.984570e-02;1.084366e-01;4.179234e-02;4.998102e-02
1.068952e-01;6.474443e-02;9.132483e-02;8.365016e-02;9.646652e-02;7.696280e-02;1.242844e-01;6.342117e-02;8.098221e-02;1.001135e-01;5.231427e-02;5.884054e-02
6.330172e-02;6.230682e-02;8.558255e-02;8.918671e-02;1.034832e-01;8.529856e-02;9.663870e-02;8.263479e-02;8.336810e-02;1.171083e-01;7.937139e-02;5.171926e-02
7.636425e-02;6.173132e-02;1.439485e-01;7.500231e-02;7.763475e-02;9.544770e-02;1.118618e-01;6.553335e-02;9.860327e-02;9.117279e-02;5.709152e-02;4.560846e-02
1.082780e-01;4.886780e-02;1.480061e-01;5.964691e-02;6.146398e-02;7.215167e-02;1.237914e-01;5.763330e-02;1.540351e-01;5.215289e-02;5.285033e-02;6.112259e-02
1.163696e-01;5.435201e-02;1.547229e-01;6.094878e-02;4.186837e-02;5.879636e-02;1.247663e-01;9.100919e-02;1.635370e-01;3.639922e-02;3.443037e-02;6.279982e-02
9.977558e-02;4.972205e-02;1.501454e-01;9.770120e-02;4.808078e-02;5.387909e-02;1.212271e-01;1.139922e-01;1.381313e-01;4.700467e-02;2.813529e-02;5.220538e-02
7.589831e-02;7.694624e-02;1.408634e-01;1.148238e-01;7.360719e-02;5.904574e-02;9.918807e-02;1.194402e-01;1.007000e-01;3.853486e-02;5.006363e-02;5.088864e-02
7.821202e-02;1.178363e-01;1.452683e-01;8.257094e-02;7.944523e-02;6.116151e-02;7.961822e-02;9.056984e-02;8.226195e-02;4.310310e-02;7.233368e-02;6.761891e-02
5.778479e-02;8.335702e-02;2.992479e-01;3.983568e-02;5.240917e-02;3.553754e-02;1.047091e-01;5.539905e-02;8.849666e-02;4.796669e-02;7.831345e-02;5.694300e-02
7.103579e-02;6.770416e-02;3.311473e-01;3.799483e-02;4.996053e-02;3.862941e-02;1.122733e-01;5.585731e-02;1.018075e-01;5.129206e-02;3.148548e-02;5.081233e-02
8.973672e-02;8.329511e-02;2.699888e-01;3.540140e-02;5.214700e-02;3.433284e-02;9.976586e-02;6.577080e-02;1.143837e-01;3.965533e-02;6.533345e-02;5.018890e-02
1.339623e-01;9.178388e-02;2.074059e-01;2.513235e-02;5.423161e-02;2.569954e-02;7.402301e-02;8.232218e-02;9.636381e-02;6.724035e-02;9.780634e-02;4.402870e-02
2.094084e-01;7.952346e-02;1.822876e-01;1.576736e-02;5.993644e-02;1.547279e-02;9.964973e-02;1.125688e-01;4.218435e-02;7.305252e-02;8.211680e-02;2.803170e-02
2.417039e-01;7.688987e-02;1.718841e-01;2.735188e-02;5.133043e-02;2.022250e-02;1.288954e-01;1.156754e-01;3.714667e-02;4.776904e-02;4.774479e-02;3.338588e-02
2.479432e-01;6.893417e-02;1.221847e-01;3.365494e-02;3.661833e-02;3.351652e-02;1.877353e-01;9.393342e-02;3.044878e-02;3.615646e-02;4.331999e-02;6.555419e-02
2.116923e-01;3.438034e-02;1.359671e-01;4.264010e-02;2.638325e-02;4.253310e-02;2.090156e-01;6.247699e-02;3.151956e-02;4.783099e-02;5.857566e-02;9.698495e-02
1.737888e-01;3.720589e-02;1.166768e-01;4.971461e-02;3.153091e-02;4.210250e-02;1.868204e-01;3.793697e-02;3.610228e-02;5.859781e-02;9.722843e-02;1.322946e-01
1.434283e-01;4.327317e-02;7.447665e-02;4.600438e-02;4.206661e-02;2.964329e-02;1.771751e-01;5.753596e-02;3.303494e-02;7.176451e-02;1.249842e-01;1.566128e-01
1.413491e-01;4.037984e-02;1.399800e-01;3.736468e-02;2.764599e-02;2.758495e-02;1.528000e-01;5.876691e-02;3.250351e-02;7.376536e-02;1.118919e-01;1.559677e-01
1.105365e-01;3.734002e-02;7.196281e-02;4.689203e-02;2.955119e-02;3.334963e-02;2.012529e-01;4.135157e-02;2.874741e-02;9.859519e-02;1.378231e-01;1.625976e-01
5.139541e-02;2.780349e-02;1.695002e-01;5.480223e-02;1.859428e-02;2.001703e-02;1.875089e-01;7.666223e-02;4.098242e-02;9.871077e-02;1.145431e-01;1.394799e-01
5.690048e-02;2.675645e-02;1.417473e-01;5.219528e-02;2.190538e-02;2.399281e-02;1.850346e-01;1.020532e-01;4.770305e-02;1.043058e-01;1.002571e-01;1.371486e-01
1.107609e-01;2.485855e-02;1.260627e-01;3.372506e-02;2.473648e-02;3.402767e-02;1.460930e-01;1.431392e-01;6.153664e-02;1.015379e-01;8.107631e-02;1.124456e-01
1.639422e-01;2.734356e-02;2.327597e-01;2.368897e-02;2.142105e-02;2.709470e-02;8.808294e-02;1.527417e-01;6.315318e-02;6.376129e-02;6.199000e-02;7.402071e-02
2.213812e-01;4.094396e-02;2.575643e-01;2.224779e-02;3.599282e-02;2.212970e-02;5.677465e-02;1.562517e-01;4.217268e-02;3.648720e-02;5.603214e-02;5.202183e-02
1.953743e-01;7.224019e-02;2.850345e-01;1.938030e-02;5.619699e-02;1.865798e-02;3.315961e-02;1.383005e-01;5.162832e-02;4.009854e-02;4.694135e-02;4.298738e-02
1.520759e-01;1.102526e-01;2.839448e-01;2.776797e-02;5.761767e-02;2.605927e-02;5.263751e-02;1.128830e-01;8.512875e-02;2.629012e-02;3.756283e-02;2.777953e-02
2.043214e-01;1.183833e-01;2.161380e-01;2.403056e-02;6.349288e-02;2.880807e-02;4.381126e-02;1.260455e-01;1.060991e-01;2.106083e-02;2.409440e-02;2.371473e-02
2.663671e-01;9.173958e-02;1.253878e-01;1.425736e-02;7.369886e-02;2.441817e-02;4.635539e-02;2.026508e-01;1.047681e-01;1.761073e-02;1.320970e-02;1.953655e-02
3.174824e-01;3.937891e-02;9.038381e-02;9.561544e-03;6.669327e-02;1.173003e-02;4.647390e-02;3.188636e-01;4.322118e-02;1.284365e-02;1.837957e-02;2.498822e-02
3.150193e-01;3.627997e-02;8.189591e-02;9.094465e-03;3.907231e-02;8.821283e-03;5.127597e-02;3.596883e-01;2.976915e-02;2.408032e-02;1.588172e-02;2.912123e-02
3.221211e-01;2.418908e-02;6.184005e-02;9.829103e-03;3.474156e-02;8.181562e-03;6.847395e-02;3.671488e-01;1.966570e-02;1.743920e-02;2.064494e-02;4.572493e-02
3.405337e-01;2.286518e-02;6.346937e-02;7.475284e-03;4.333085e-02;1.062187e-02;5.790221e-02;3.610325e-01;1.850110e-02;1.699382e-02;2.890941e-02;2.836481e-02
3.182509e-01;3.208402e-02;7.104122e-02;6.663305e-03;5.095807e-02;1.167917e-02;4.365649e-02;3.112835e-01;2.545737e-02;2.319872e-02;6.520200e-02;4.052526e-02
2.481049e-01;4.635481e-02;7.956430e-02;1.342763e-02;4.522059e-02;1.802385e-02;4.546760e-02;2.281487e-01;5.520355e-02;5.304317e-02;1.173946e-01;5.004631e-02
1.748310e-01;5.130489e-02;9.278399e-02;2.416540e-02;3.340307e-02;1.882192e-02;6.264776e-02;1.510204e-01;7.826999e-02;9.296563e-02;1.735023e-01;4.628363e-02
1.082649e-01;8.165652e-02;1.013147e-01;3.521654e-02;1.829404e-02;1.798728e-02;7.604805e-02;8.617200e-02;1.098854e-01;1.297762e-01;1.900703e-01;4.531411e-02
1.032720e-01;1.198201e-01;1.000261e-01;3.467128e-02;2.265234e-02;1.857251e-02;5.519603e-02;5.513346e-02;1.771080e-01;1.240832e-01;1.442425e-01;4.522244e-02
1.128895e-01;1.297276e-01;9.555241e-02;2.882910e-02;1.935083e-02;1.442869e-02;4.670979e-02;9.009734e-02;1.999609e-01;1.000395e-01;1.248778e-01;3.753639e-02
1.499872e-01;1.122860e-01;9.242912e-02;1.938912e-02;3.125957e-02;9.701320e-03;4.570523e-02;1.318279e-01;1.623583e-01;6.163110e-02;1.508758e-01;3.254941e-02
2.010148e-01;8.970540e-02;8.685126e-02;1.203644e-02;5.499076e-02;6.965316e-03;3.752596e-02;1.700270e-01;1.250106e-01;3.274592e-02;1.544472e-01;2.867933e-02
2.669137e-01;5.788406e-02;7.993638e-02;7.858380e-03;7.114506e-02;6.237300e-03;3.448055e-02;2.305751e-01;7.514134e-02;2.298753e-02;1.212292e-01;2.561130e-02
3.099119e-01;3.755329e-02;8.244098e-02;8.814090e-03;6.852426e-02;6.802949e-03;3.828758e-02;2.927804e-01;2.361990e-02;2.554309e-02;7.450526e-02;3.121627e-02
2.865141e-01;3.378958e-02;7.593486e-02;1.917720e-02;4.959888e-02;9.934305e-03;6.440608e-02;2.934861e-01;3.426581e-02;4.814525e-02;3.251512e-02;5.223269e-02
1.829408e-01;3.352161e-02;5.410878e-02;3.736767e-02;2.401563e-02;1.509242e-02;1.427670e-01;2.063782e-01;3.847085e-02;8.211740e-02;4.507838e-02;1.381413e-01
7.286637e-02;4.031590e-02;4.807050e-02;4.752104e-02;9.416633e-03;2.512296e-02;1.889293e-01;1.140781e-01;5.519032e-02;7.874636e-02;8.352187e-02;2.362206e-01
2.966398e-02;3.508207e-02;5.491705e-02;3.211246e-02;1.163041e-02;6.690433e-02;1.405933e-01;6.292199e-02;1.056271e-01;6.449908e-02;1.707416e-01;2.253066e-01
5.399114e-02;3.286226e-02;6.735160e-02;1.948231e-02;2.339325e-02;1.055622e-01;5.506591e-02;7.310293e-02;1.106770e-01;9.115813e-02;2.547804e-01;1.125728e-01
5.135180e-02;6.813761e-02;5.519857e-02;1.626519e-02;6.005333e-02;8.378763e-02;2.925721e-02;1.511509e-01;5.669484e-02;1.698970e-01;2.009508e-01;5.725506e-02
4.275760e-02;9.146877e-02;3.664213e-02;1.707477e-02;1.079114e-01;3.914162e-02;1.931450e-02;1.629980e-01;5.521252e-02;2.717908e-01;9.366869e-02;6.201921e-02
5.673443e-02;8.225435e-02;2.787504e-02;2.483810e-02;1.157119e-01;1.749795e-02;5.050822e-02;1.034040e-01;9.638752e-02;2.935731e-01;6.092810e-02;7.028744e-02
1.021211e-01;5.435724e-02;2.479541e-02;5.521907e-02;7.292365e-02;8.140355e-03;1.065185e-01;6.695778e-02;1.879278e-01;2.135730e-01;4.989705e-02;5.756897e-02
1.550939e-01;2.066983e-02;2.650765e-02;9.048107e-02;2.455102e-02;6.289184e-03;1.349475e-01;3.912006e-02;3.062410e-01;1.085017e-01;5.249253e-02;3.510452e-02
1.646288e-01;1.036109e-02;2.823730e-02;1.108920e-01;2.063837e-02;9.737146e-03;9.945103e-02;3.087374e-02;3.640082e-01;6.986164e-02;6.226851e-02;2.904216e-02
1.467820e-01;8.997891e-03;2.628363e-02;1.229747e-01;1.678099e-02;3.120803e-02;7.655583e-02;4.647852e-02;3.581845e-01;7.756671e-02;6.141080e-02;2.677649e-02
1.199064e-01;1.664795e-02;4.253979e-02;1.305442e-01;1.427182e-02;4.326766e-02;6.098672e-02;5.500157e-02;3.355483e-01;7.338414e-02;5.743581e-02;5.046567e-02
7.900846e-02;2.096512e-02;6.686308e-02;1.018656e-01;2.351743e-02;1.042276e-01;6.189991e-02;8.007901e-02;2.747406e-01;7.068723e-02;3.857863e-02;7.756735e-02
4.243890e-02;3.320786e-02;8.681794e-02;5.117149e-02;3.283047e-02;1.683864e-01;6.068397e-02;1.205328e-01;1.875402e-01;7.340635e-02;3.736131e-02;1.056222e-01
3.676250e-02;4.419728e-02;1.095085e-01;4.021785e-02;3.330673e-02;1.821898e-01;6.723642e-02;1.133254e-01;1.076422e-01;8.060510e-02;4.711264e-02;1.378956e-01
3.321199e-02;4.429929e-02;1.282167e-01;3.897047e-02;3.370028e-02;2.110619e-01;6.533416e-02;1.097238e-01;7.461900e-02;8.175373e-02;4.097681e-02;1.381319e-01
2.921803e-02;3.816793e-02;1.118173e-01;6.260194e-02;2.851195e-02;2.418889e-01;8.907755e-02;9.427152e-02;1.105343e-01;5.243962e-02;3.345071e-02;1.080202e-01
4.655741e-02;3.512563e-02;9.445942e-02;8.520117e-02;2.574999e-02;2.156855e-01;8.403293e-02;9.063662e-02;1.556227e-01;5.427717e-02;3.690552e-02;7.574602e-02
6.576285e-02;3.304482e-02;6.309188e-02;1.492748e-01;2.582745e-02;1.312136e-01;7.365028e-02;7.714448e-02;2.278676e-01;5.164475e-02;4.938284e-02;5.209473e-02
1.217446e-01;2.516328e-02;3.576380e-02;2.334563e-01;1.816365e-02;4.071517e-02;6.919812e-02;3.611189e-02;2.771443e-01;4.687350e-02;6.970388e-02;2.596136e-02
1.520165e-01;2.350744e-02;2.983152e-02;2.395538e-01;3.181364e-02;2.738290e-02;7.067722e-02;2.953486e-02;2.709095e-01;4.740252e-02;6.404303e-02;1.332703e-02
1.583818e-01;3.401656e-02;2.044688e-02;2.092906e-01;3.423092e-02;3.058546e-02;8.413228e-02;3.397220e-02;2.601897e-01;6.963482e-02;5.099963e-02;1.411910e-02
1.679387e-01;2.431091e-02;3.079055e-02;1.709007e-01;2.407949e-02;2.681261e-02;9.777654e-02;4.147980e-02;2.645141e-01;8.999504e-02;4.496552e-02;1.643597e-02
1.660405e-01;4.326924e-02;3.171960e-02;1.092800e-01;5.813105e-02;2.619935e-02;7.258438e-02;3.172376e-02;2.215682e-01;1.619022e-01;4.446680e-02;3.311493e-02
1.232014e-01;8.288919e-02;2.588979e-02;4.133264e-02;9.780504e-02;2.246759e-02;4.333163e-02;3.017435e-02;1.643677e-01;2.680725e-01;5.677823e-02;4.368985e-02
8.755687e-02;1.105907e-01;2.465843e-02;2.944953e-02;9.860202e-02;2.432161e-02;3.800532e-02;2.846432e-02;1.562157e-01;3.103364e-01;5.438722e-02;3.741189e-02
7.406307e-02;1.251873e-01;2.104564e-02;2.557974e-02;8.307899e-02;3.652120e-02;6.400213e-02;4.026407e-02;1.338367e-01;2.969210e-01;4.017895e-02;5.932118e-02
5.513070e-02;1.138786e-01;4.070247e-02;4.058111e-02;7.314949e-02;4.328267e-02;9.190965e-02;5.921585e-02;1.094601e-01;2.363633e-01;6.311471e-02;7.321144e-02
6.418312e-02;8.819367e-02;9.504556e-02;5.673679e-02;6.656284e-02;3.897984e-02;1.349212e-01;7.729482e-02;9.654122e-02;1.558429e-01;5.609939e-02;6.959859e-02
9.022370e-02;4.299000e-02;1.458341e-01;4.477013e-02;7.099708e-02;3.992993e-02;1.570036e-01;8.592656e-02;8.311135e-02;1.026181e-01;7.290383e-02;6.369168e-02
