8.147053e-02;9.090278e-02;1.076952e-01;1.033979e-01;7.981878e-02;1.002421e-01;1.061138e-01;8.380140e-02;7.849344e-02;6.349647e-02;4.781460e-02;5.675299e-02
8.571290e-02;1.028092e-01;1.493891e-01;1.071008e-01;7.232724e-02;5.063319e-02;8.710396e-02;6.648672e-02;8.046421e-02;6.824131e-02;6.499714e-02;6.473428e-02
9.152257e-02;1.103091e-01;1.609018e-01;1.073536e-01;7.037567e-02;4.920259e-02;7.560998e-02;6.138729e-02;7.519441e-02;6.409405e-02;6.358792e-02;7.046108e-02
1.068190e-01;1.226445e-01;1.689314e-01;1.089776e-01;6.703965e-02;4.098489e-02;7.276189e-02;6.033083e-02;7.492553e-02;5.739795e-02;5.368552e-02;6.550123e-02
1.483191e-01;1.343278e-01;1.139056e-01;8.326045e-02;6.223143e-02;4.415416e-02;8.598708e-02;6.077360e-02;8.205643e-02;5.215002e-02;3.502695e-02;9.780747e-02
1.173293e-01;1.205280e-01;1.284998e-01;4.309761e-02;7.076047e-02;4.645497e-02;7.047985e-02;5.094988e-02;7.559928e-02;7.908817e-02;5.314218e-02;1.440704e-01
6.352207e-02;1.006819e-01;1.383061e-01;3.979640e-02;7.048109e-02;2.769566e-02;6.454837e-02;5.792858e-02;1.289821e-01;8.100671e-02;5.830162e-02;1.687493e-01
5.153399e-02;1.143160e-01;1.620652e-01;2.641993e-02;3.755897e-02;2.231285e-02;5.242541e-02;5.837229e-02;2.060893e-01;1.159401e-01;4.916525e-02;1.038007e-01
4.213880e-02;8.785001e-02;2.636397e-01;1.142310e-02;8.413328e-03;1.172344e-02;3.304205e-02;3.704680e-02;2.501290e-01;1.926660e-01;2.326038e-02;3.866741e-02
4.175618e-02;8.923380e-02;2.538373e-01;1.870539e-02;2.110058e-02;3.852620e-02;1.872768e-02;3.856087e-02;2.647835e-01;1.839363e-01;1.314893e-02;1.768327e-02
8.249304e-02;1.288835e-01;1.864398e-01;2.077422e-02;3.986454e-02;5.355428e-02;2.879504e-02;5.747289e-02;2.250313e-01;1.222459e-01;3.078857e-02;2.365695e-02
1.428240e-01;1.022135e-01;1.719358e-01;2.884855e-02;6.517946e-02;5.174219e-02;6.609137e-02;6.701349e-02;1.315296e-01;8.338120e-02;5.824994e-02;3.099102e-02
1.001228e-01;6.179402e-02;1.438086e-01;3.689484e-02;5.049504e-02;4.336653e-02;1.050612e-01;7.440988e-02;1.112191e-01;1.610630e-01;5.387784e-02;5.788716e-02
5.115785e-02;9.322111e-02;9.786583e-02;3.958439e-02;3.564749e-02;3.831444e-02;1.218059e-01;7.944556e-02;1.583784e-01;1.560865e-01;6.222731e-02;6.626523e-02
3.964324e-02;8.122245e-02;1.020623e-01;5.046424e-02;5.453709e-02;4.857948e-02;1.658588e-01;9.043092e-02;1.806789e-01;9.818038e-02;5.744400e-02;3.089826e-02
5.373469e-02;7.290129e-02;1.480635e-01;5.017203e-02;4.945596e-02;4.868402e-02;1.382129e-01;1.123399e-01;1.780827e-01;9.015280e-02;3.550036e-02;2.269983e-02
6.988993e-02;6.334463e-02;1.423390e-01;4.178539e-02;3.301813e-02;5.112488e-02;9.713423e-02;9.054919e-02;2.041393e-01;1.217494e-01;3.031785e-02;5.460801e-02
8.668888e-02;5.385416e-02;1.426998e-01;3.317786e-02;3.612448e-02;5.133390e-02;1.029141e-01;9.221425e-02;1.634929e-01;1.482953e-01;2.333848e-02;6.586596e-02
8.871637e-02;5.905190e-02;1.328399e-01;3.973861e-02;4.737411e-02;6.069292e-02;1.055835e-01;9.947462e-02;1.330937e-01;1.457350e-01;4.853166e-02;3.916775e-02
6.058121e-02;6.561082e-02;1.239914e-01;4.915441e-02;3.631872e-02;5.604866e-02;1.085570e-01;9.376950e-02;1.240702e-01;1.588882e-01;6.347144e-02;5.953847e-02
6.809758e-02;3.302176e-02;1.594363e-01;4.846039e-02;5.451602e-02;7.705892e-02;1.306726e-01;8.654837e-02;1.168699e-01;1.116582e-01;6.315703e-02;5.050297e-02
4.935692e-02;1.741350e-02;1.790202e-01;7.443687e-02;1.461505e-01;6.853609e-02;1.583724e-01;4.691991e-02;4.955439e-02;5.513774e-02;7.117627e-02;8.392528e-02
2.495101e-02;5.627925e-03;1.592573e-01;1.151139e-01;2.309908e-01;6.669652e-02;1.144583e-01;2.674579e-02;1.926882e-02;3.278739e-02;8.120997e-02;1.228922e-01
1.360222e-02;4.931367e-03;1.074860e-01;1.116322e-01;3.220782e-01;8.475892e-02;5.999149e-02;1.165854e-02;3.053811e-02;2.364889e-02;6.211403e-02;1.675601e-01
1.828203e-02;5.402093e-03;5.754064e-02;7.078458e-02;3.650741e-01;1.124547e-01;7.174975e-02;5.710034e-03;6.043988e-02;1.716995e-02;2.098975e-02;1.944025e-01
1.268412e-02;7.409256e-03;4.472594e-02;3.480770e-02;3.680582e-01;1.227558e-01;6.430051e-02;8.764709e-03;1.023245e-01;2.816067e-02;6.193114e-03;1.998153e-01
2.314763e-02;6.306384e-03;4.238531e-02;2.928814e-02;3.439058e-01;1.399233e-01;6.478806e-02;1.353157e-02;1.202975e-01;3.752156e-02;6.638173e-03;1.722666e-01
4.158816e-02;6.627594e-03;4.582277e-02;4.113588e-02;3.385713e-01;1.722872e-01;7.982331e-02;9.424137e-03;9.944143e-02;2.908852e-02;4.872818e-03;1.313168e-01
7.285917e-02;1.253115e-02;5.609599e-02;4.283479e-02;3.266363e-01;1.893500e-01;1.231015e-01;9.737501e-03;5.263894e-02;1.806558e-02;5.972961e-03;9.017606e-02
7.795191e-02;1.781941e-02;1.349568e-01;5.906278e-02;2.312430e-01;1.430458e-01;1.809855e-01;1.585216e-02;3.875676e-02;1.726789e-02;9.180353e-03;7.387765e-02
6.333748e-02;2.136393e-02;2.647728e-01;7.049861e-02;1.555899e-01;8.953276e-02;1.635364e-01;1.220252e-02;4.871333e-02;2.281976e-02;1.849111e-02;6.914147e-02
3.985358e-02;1.369388e-02;4.781544e-01;5.504634e-02;1.009361e-01;6.683333e-02;1.001644e-01;1.780607e-02;3.483031e-02;3.161387e-02;1.901383e-02;4.205403e-02
1.605063e-02;2.762358e-02;4.920266e-01;6.457912e-02;1.043345e-01;5.873743e-02;9.115301e-02;1.918464e-02;2.860351e-02;6.317259e-02;2.084331e-02;1.369111e-02
1.458249e-02;3.143850e-02;4.521244e-01;6.461343e-02;8.363162e-02;5.493177e-02;8.856593e-02;2.948648e-02;3.852614e-02;1.082066e-01;1.350995e-02;2.038264e-02
4.721946e-02;3.808731e-02;3.964702e-01;4.698049e-02;6.787836e-02;6.159078e-02;7.315281e-02;5.341812e-02;4.715193e-02;1.282021e-01;1.769185e-02;2.215656e-02
6.566608e-02;3.199540e-02;2.088948e-01;5.749619e-02;7.694624e-02;7.290869e-02;1.131600e-01;6.294731e-02;8.545913e-02;1.519981e-01;3.816350e-02;3.436454e-02
7.204739e-02;3.738167e-02;1.255239e-01;5.373438e-02;9.733205e-02;8.440264e-02;1.314915e-01;7.098051e-02;9.177058e-02;1.348560e-01;4.438852e-02;5.609074e-02
6.667865e-02;7.035389e-02;1.894743e-01;4.677077e-02;7.159330e-02;6.325071e-02;1.479969e-01;4.873449e-02;1.109399e-01;7.410812e-02;2.929664e-02;8.080241e-02
8.370253e-02;6.004138e-02;1.881791e-01;5.642156e-02;3.668541e-02;9.711074e-02;1.003514e-01;7.585928e-02;9.139721e-02;9.485246e-02;4.231996e-02;7.307895e-02
8.392388e-02;2.633246e-02;1.537965e-01;6.833618e-02;5.514319e-02;8.889555e-02;1.049334e-01;1.030528e-01;9.486059e-02;1.180756e-01;5.127253e-02;5.137727e-02
7.710721e-02;2.819201e-02;1.271114e-01;8.366924e-02;8.349585e-02;8.290272e-02;1.285834e-01;1.033325e-01;6.787740e-02;1.032951e-01;5.369036e-02;6.074281e-02
6.419712e-02;3.352244e-02;8.403841e-02;7.218774e-02;8.115486e-02;7.830995e-02;1.012611e-01;8.574046e-02;1.312710e-01;1.534916e-01;4.637437e-02;6.845096e-02
5.759767e-02;3.209168e-02;7.419748e-02;7.813904e-02;7.109494e-02;7.238505e-02;8.105263e-02;9.610451e-02;1.216125e-01;1.909528e-01;6.522965e-02;5.954211e-02
6.982710e-02;3.385236e-02;7.358099e-02;9.771775e-02;8.427667e-02;5.164870e-02;1.022218e-01;6.949913e-02;1.213714e-01;1.997309e-01;5.498503e-02;4.128828e-02
6.013194e-02;3.573204e-02;7.166342e-02;6.981281e-02;8.144868e-02;6.270213e-02;1.044707e-01;7.918751e-02;1.794690e-01;1.614543e-01;5.833791e-02;3.558959e-02
4.197473e-02;4.760689e-02;9.805498e-02;8.375108e-02;7.053374e-02;6.147619e-02;1.104229e-01;9.232015e-02;1.708676e-01;1.352010e-01;5.571954e-02;3.207118e-02
4.807355e-02;6.721786e-02;1.102397e-01;8.675950e-02;8.012839e-02;6.694459e-02;1.458889e-01;6.900746e-02;1.083308e-01;1.387937e-01;5.761441e-02;2.100126e-02
7.848075e-02;6.329793e-02;7.850491e-02;1.011147e-01;7.335725e-02;5.149816e-02;1.427022e-01;8.493139e-02;1.386046e-01;1.035111e-01;5.684347e-02;2.715356e-02
9.464862e-02;7.487105e-02;7.621828e-02;1.083520e-01;6.638619e-02;4.341054e-02;9.162247e-02;1.001113e-01;1.497604e-01;8.361726e-02;6.101494e-02;4.998694e-02
6.703693e-02;5.162178e-02;6.215037e-02;1.041733e-01;1.341345e-01;3.413636e-02;9.125844e-02;9.145796e-02;1.466964e-01;6.911877e-02;8.003654e-02;6.817876e-02
4.399826e-02;2.642426e-02;8.031298e-02;8.181532e-02;1.597886e-01;3.782606e-02;9.517495e-02;8.524129e-02;1.578080e-01;7.656763e-02;6.900380e-02;8.603877e-02
4.003503e-02;3.452292e-02;8.641203e-02;7.583597e-02;1.033237e-01;6.336782e-02;9.196770e-02;1.019108e-01;1.446538e-01;1.307743e-01;3.498751e-02;9.220847e-02
5.799444e-02;2.615059e-02;8.266060e-02;7.646925e-02;5.707475e-02;7.865112e-02;1.154060e-01;1.126483e-01;1.144423e-01;1.801445e-01;2.628026e-02;7.207797e-02
5.312178e-02;4.068226e-02;1.037463e-01;5.248708e-02;8.489372e-02;8.072831e-02;1.384021e-01;9.803341e-02;1.147556e-01;1.466196e-01;3.720346e-02;4.932637e-02
5.672147e-02;7.009022e-02;1.409534e-01;5.450949e-02;1.217470e-01;7.008950e-02;1.286010e-01;8.650779e-02;1.099399e-01;8.736253e-02;4.206987e-02;3.140785e-02
7.668112e-02;5.966346e-02;1.216793e-01;7.425254e-02;9.778786e-02;8.473358e-02;1.394979e-01;7.365918e-02;6.503043e-02;1.022967e-01;5.036068e-02;5.435719e-02
5.878596e-02;6.570756e-02;1.081713e-01;5.382145e-02;8.611621e-02;1.127956e-01;1.951669e-01;8.456996e-02;6.021648e-02;9.365639e-02;4.888406e-02;3.210815e-02
6.439146e-02;7.851784e-02;1.134747e-01;6.051359e-02;7.216638e-02;1.119380e-01;1.717200e-01;1.265832e-01;4.555637e-02;8.384036e-02;4.287567e-02;2.842241e-02
7.108159e-02;6.524991e-02;7.996594e-02;3.432458e-02;4.763479e-02;9.571978e-02;3.126701e-01;1.518147e-01;4.138649e-02;5.606150e-02;2.378751e-02;2.030313e-02
9.468010e-02;5.947087e-02;4.027213e-02;1.662949e-02;3.451665e-02;9.733879e-02;3.934732e-01;1.475155e-01;3.294563e-02;5.539682e-02;1.594178e-02;1.181905e-02
1.679771e-01;5.672068e-02;1.584458e-02;9.414025e-03;3.915039e-02;1.181828e-01;3.623071e-01;1.302192e-01;1.251970e-02;5.669176e-02;1.128484e-02;1.968793e-02
2.257801e-01;3.772937e-02;2.640068e-02;9.407809e-03;7.842804e-02;1.267314e-01;2.242753e-01;8.815719e-02;3.603652e-02;4.120705e-02;1.353628e-02;9.231019e-02
1.662419e-01;1.378934e-02;4.644184e-02;1.656176e-02;1.567135e-01;9.194021e-02;9.502134e-02;3.787316e-02;7.182994e-02;2.082588e-02;9.502977e-03;2.732582e-01
6.384111e-02;1.493239e-02;4.969712e-02;4.988427e-02;1.771227e-01;4.028701e-02;5.668764e-02;2.595920e-02;6.488002e-02;1.984893e-02;7.638735e-02;3.604723e-01
2.218786e-02;2.004393e-02;5.776208e-02;1.096041e-01;1.346879e-01;1.864718e-02;2.575985e-02;5.411906e-02;3.828855e-02;2.574821e-02;2.170414e-01;2.761099e-01
1.185961e-02;2.297428e-02;8.359359e-02;1.717574e-01;6.616025e-02;1.560920e-02;1.694468e-02;8.648638e-02;1.421164e-02;2.730056e-02;3.543689e-01;1.287335e-01
9.754111e-03;1.949312e-02;1.302826e-01;1.879420e-01;3.424054e-02;1.218014e-02;2.128875e-02;8.477455e-02;1.232223e-02;5.785561e-02;3.729304e-01;5.693598e-02
2.592160e-02;3.078378e-02;1.963198e-01;1.537083e-01;3.693341e-02;1.853393e-02;3.793810e-02;6.457469e-02;2.897062e-02;1.036062e-01;2.803226e-01;2.238690e-02
5.335802e-02;5.272130e-02;2.264680e-01;9.682645e-02;4.545841e-02;3.024283e-02;5.386241e-02;5.397600e-02;5.225916e-02;1.260207e-01;1.550646e-01;5.374213e-02
8.281775e-02;9.192315e-02;1.706866e-01;6.162802e-02;7.224321e-02;5.218222e-02;6.555317e-02;4.631793e-02;6.858798e-02;1.154648e-01;4.883171e-02;1.237635e-01
6.501336e-02;5.083953e-02;2.772530e-01;9.449558e-02;6.826528e-02;4.526593e-02;5.886203e-02;3.424446e-02;4.124413e-02;5.012153e-02;1.057123e-01;1.086830e-01
7.085834e-02;7.470541e-02;2.226572e-01;8.787544e-02;5.004784e-02;2.567303e-02;8.042587e-02;7.990868e-02;3.720395e-02;7.881612e-02;1.363754e-01;5.545272e-02
9.117251e-02;7.641645e-02;1.015877e-01;6.779679e-02;8.285842e-02;5.113555e-02;1.152658e-01;7.625829e-02;4.684892e-02;7.355452e-02;1.441621e-01;7.294290e-02
7.287856e-02;3.881012e-02;2.308991e-01;7.681840e-02;9.869653e-02;6.245387e-02;1.317660e-01;5.498898e-02;3.942462e-02;3.529226e-02;7.673411e-02;8.123758e-02
6.028846e-02;5.387567e-02;2.321885e-01;7.355100e-02;9.783889e-02;5.898653e-02;1.153870e-01;6.118055e-02;2.679545e-02;5.643547e-02;7.293858e-02;9.053398e-02
5.395420e-02;6.594678e-02;1.259409e-01;7.770545e-02;7.613481e-02;6.913397e-02;6.111435e-02;7.935738e-02;6.296702e-02;1.106167e-01;1.025277e-01;1.146008e-01
4.231010e-02;6.346535e-02;1.396662e-01;6.334653e-02;4.480327e-02;7.234190e-02;1.164621e-01;8.706106e-02;7.408906e-02;1.209705e-01;9.283005e-02;8.265392e-02
4.439391e-02;4.067182e-02;1.769501e-01;5.353312e-02;6.899492e-02;6.555375e-02;1.783297e-01;6.017196e-02;5.526019e-02;8.322688e-02;9.771936e-02;7.519425e-02
4.429461e-02;3.252769e-02;2.346676e-01;7.777812e-02;8.255218e-02;6.123289e-02;1.610518e-01;4.737797e-02;3.131680e-02;7.744937e-02;9.473243e-02;5.501853e-02
5.027938e-02;2.869520e-02;2.941280e-01;7.776698e-02;6.464014e-02;3.713989e-02;1.314720e-01;4.951259e-02;4.748382e-02;1.052576e-01;8.351447e-02;3.010991e-02
6.253798e-02;5.541658e-02;3.024012e-01;6.475950e-02;4.210136e-02;2.618536e-02;1.066906e-01;3.995401e-02;8.363407e-02;1.272273e-01;6.630943e-02;2.278264e-02
6.916041e-02;9.082347e-02;2.410872e-01;5.669457e-02;4.940432e-02;3.527822e-02;1.010120e-01;1.825856e-02;1.196607e-01;1.400324e-01;5.361415e-02;2.497403e-02
3.540426e-02;9.121826e-02;3.110300e-01;5.330924e-02;5.885843e-02;3.791080e-02;7.715528e-02;3.345028e-02;1.029040e-01;1.398698e-01;3.563925e-02;2.325040e-02
2.110681e-02;5.068979e-02;4.118608e-01;5.395165e-02;4.532905e-02;2.781235e-02;6.393067e-02;2.886980e-02;5.564929e-02;1.826810e-01;4.535667e-02;1.276213e-02
1.535352e-02;3.939317e-02;4.747549e-01;3.190793e-02;2.967421e-02;1.219574e-02;5.022788e-02;1.823371e-02;4.703106e-02;2.532880e-01;2.549876e-02;2.441081e-03
9.549521e-03;4.571661e-02;4.967159e-01;1.777809e-02;1.731515e-02;6.697220e-03;3.235074e-02;1.360412e-02;5.951063e-02;2.797106e-01;1.060038e-02;1.045108e-02
1.228033e-02;5.222600e-02;4.964431e-01;1.714219e-02;1.875327e-02;6.204549e-03;2.584026e-02;9.786043e-03;7.089067e-02;2.648838e-01;1.511161e-02;1.043813e-02
1.030439e-02;6.040998e-02;5.154830e-01;1.958462e-02;1.623507e-02;7.940625e-03;2.258490e-02;1.228062e-02;8.757634e-02;2.309172e-01;6.882899e-03;9.800271e-03
5.276416e-03;5.889226e-02;5.405324e-01;1.953640e-02;1.370679e-02;7.022764e-03;2.193955e-02;1.016035e-02;8.510268e-02;2.229948e-01;7.227825e-03;7.607806e-03
1.215347e-02;7.865918e-02;5.513868e-01;1.976859e-02;1.614025e-02;5.289280e-03;2.385221e-02;9.425413e-03;6.491022e-02;2.045646e-01;5.817922e-03;8.032168e-03
5.297221e-02;1.260785e-01;5.056871e-01;1.958605e-02;2.053975e-02;1.028071e-02;2.499802e-02;1.096413e-02;7.013500e-02;1.427973e-01;5.444107e-03;1.051714e-02
1.015434e-01;1.634812e-01;4.408189e-01;1.902320e-02;2.248656e-02;1.571320e-02;3.221269e-02;1.651032e-02;7.511012e-02;7.972121e-02;1.390845e-02;1.947081e-02
1.274060e-01;1.487495e-01;4.155930e-01;2.280657e-02;2.590992e-02;2.274925e-02;4.487252e-02;1.556141e-02;5.330670e-02;6.579929e-02;2.027360e-02;3.697223e-02
1.035255e-01;9.856398e-02;3.864194e-01;3.500119e-02;3.106756e-02;3.830893e-02;6.125341e-02;2.524707e-02;4.965767e-02;7.456196e-02;3.932638e-02;5.706700e-02
9.112973e-02;1.378794e-01;3.286337e-01;3.992876e-02;4.141407e-02;6.082214e-02;2.185551e-02;5.868192e-02;4.156241e-02;8.725230e-02;2.418083e-02;6.665926e-02
9.283198e-02;7.450206e-02;3.195768e-01;3.473828e-02;5.995570e-02;5.689333e-02;4.827094e-02;7.857319e-02;6.267623e-02;9.692370e-02;2.695977e-02;4.809804e-02
8.453865e-02;4.868244e-02;3.235547e-01;5.848706e-02;8.387335e-02;6.307608e-02;5.379227e-02;6.106366e-02;6.502397e-02;7.608935e-02;4.584000e-02;3.597848e-02
5.279418e-02;4.572782e-02;2.832235e-01;7.344706e-02;8.362994e-02;7.914439e-02;8.895727e-02;4.484507e-02;9.807497e-02;6.961112e-02;5.872403e-02;2.182070e-02
5.841591e-02;6.059106e-02;2.040526e-01;5.443479e-02;7.965938e-02;8.396582e-02;1.095926e-01;5.461914e-02;1.076986e-01;1.022187e-01;6.255656e-02;2.219497e-02
8.268506e-02;5.049803e-02;2.012917e-01;5.078465e-02;1.052548e-01;7.481442e-02;1.191505e-01;4.524573e-02;8.922172e-02;9.134458e-02;5.503997e-02;3.466884e-02
7.847492e-02;4.660327e-02;2.584532e-01;5.536671e-02;8.743326e-02;4.118414e-02;1.021022e-01;4.392097e-02;9.956735e-02;1.044780e-01;3.101337e-02;5.140252e-02
5.311303e-02;6.775539e-02;2.728912e-01;6.986650e-02;5.856850e-02;6.543810e-02;9.182896e-02;6.409386e-02;8.692022e-02;8.845565e-02;5.039943e-02;3.066918e-02
6.040701e-02;4.241796e-02;2.078805e-01;7.085025e-02;7.818550e-02;8.244762e-02;9.825665e-02;8.650611e-02;6.631809e-02;1.131010e-01;7.119154e-02;2.243776e-02
9.077410e-02;4.984973e-02;1.448448e-01;4.262887e-02;6.927005e-02;9.568869e-02;1.377926e-01;7.428623e-02;8.443051e-02;1.232952e-01;6.041844e-02;2.672068e-02
1.027400e-01;6.749185e-02;1.213599e-01;5.878655e-02;4.068264e-02;1.149660e-01;1.466291e-01;7.533001e-02;1.111387e-01;1.020767e-01;3.362180e-02;2.517677e-02
5.794461e-02;5.934105e-02;1.238690e-01;3.697475e-02;4.462812e-02;1.062273e-01;1.659310e-01;9.457418e-02;1.364396e-01;1.174797e-01;1.988634e-02;3.670442e-02
3.820316e-02;6.258391e-02;1.354960e-01;1.991094e-02;5.638958e-02;8.937861e-02;1.789241e-01;1.105822e-01;1.188450e-01;1.272093e-01;1.800746e-02;4.446969e-02
4.960195e-02;3.813475e-02;1.591596e-01;4.368791e-02;6.645255e-02;8.486052e-02;1.872343e-01;9.095459e-02;8.535572e-02;1.127453e-01;3.278723e-02;4.902550e-02
5.581488e-02;4.955288e-02;1.242787e-01;3.954718e-02;5.891741e-02;5.789293e-02;1.105282e-01;1.092809e-01;1.335999e-01;1.239126e-01;6.542911e-02;7.124539e-02
7.545967e-02;6.013598e-02;8.551728e-02;5.269700e-02;3.961896e-02;5.159743e-02;8.797120e-02;1.098262e-01;1.712973e-01;1.428476e-01;6.075749e-02;6.227380e-02
7.295279e-02;6.434850e-02;6.335867e-02;6.225098e-02;3.458010e-02;5.566769e-02;7.992224e-02;9.753861e-02;2.172630e-01;1.373568e-01;6.097814e-02;5.378250e-02
6.245936e-02;6.067935e-02;4.818578e-02;6.197890e-02;4.228629e-02;6.217882e-02;1.526906e-01;7.644872e-02;2.442869e-01;9.027685e-02;5.753888e-02;4.098959e-02
4.588493e-02;5.533698e-02;1.040952e-01;2.632313e-02;7.624916e-02;7.450718e-02;3.664790e-01;4.543023e-02;8.667105e-02;5.957768e-02;4.015772e-02;1.928777e-02
6.707530e-02;4.383833e-02;1.148790e-01;2.546705e-02;1.145902e-01;8.567275e-02;3.601863e-01;2.333046e-02;3.470409e-02;4.278899e-02;3.959480e-02;4.787273e-02
5.823184e-02;2.822174e-02;1.176564e-01;3.320294e-02;1.767003e-01;1.207052e-01;2.751266e-01;1.324141e-02;3.399689e-02;3.742504e-02;3.136154e-02;7.413023e-02
6.011650e-02;9.312090e-03;1.032438e-01;2.893690e-02;2.284626e-01;1.729813e-01;2.515921e-01;7.076070e-03;3.035920e-02;2.111894e-02;1.632543e-02;7.047504e-02
7.536929e-02;9.812579e-03;4.896438e-02;1.604443e-02;1.867723e-01;1.970603e-01;3.755092e-01;1.032382e-02;1.710247e-02;2.755021e-02;5.876839e-03;2.961423e-02
6.865344e-02;1.881732e-02;2.414300e-02;9.017267e-03;1.214498e-01;1.746940e-01;5.060255e-01;1.229187e-02;7.667745e-03;4.487069e-02;4.647379e-03;7.721987e-03
3.763153e-02;3.588477e-02;1.074335e-02;4.660193e-03;7.622565e-02;1.275481e-01;6.490836e-01;1.504425e-02;6.457711e-03;3.003890e-02;2.523817e-03;4.158078e-03
2.386393e-02;5.801586e-02;7.173231e-03;2.968465e-03;4.530737e-02;7.944006e-02;7.252853e-01;2.510163e-02;1.424996e-02;1.162487e-02;5.195773e-03;1.773627e-03
1.036714e-02;7.322870e-02;1.694327e-02;5.610190e-03;2.266228e-02;3.729344e-02;7.538457e-01;4.528830e-02;1.581381e-02;7.147029e-03;7.303593e-03;4.496602e-03
7.727509e-03;5.050479e-02;3.085662e-02;6.952185e-03;1.352704e-02;2.459031e-02;7.509249e-01;7.611135e-02;1.601933e-02;1.068781e-02;8.638198e-03;3.459913e-03
4.965763e-03;2.707806e-02;5.729743e-02;3.456898e-03;2.198729e-02;2.859698e-02;6.855413e-01;1.176995e-01;2.321797e-02;2.126805e-02;5.363460e-03;3.527313e-03
6.322640e-03;1.569800e-02;9.117924e-02;4.525923e-03;1.729357e-02;1.304591e-02;5.955837e-01;1.762399e-01;3.611970e-02;3.534672e-02;4.489266e-03;4.155452e-03
7.831503e-03;5.810542e-03;1.123159e-01;4.870469e-03;1.943184e-02;1.428608e-02;5.368240e-01;1.928058e-01;5.320845e-02;3.831779e-02;7.598655e-03;6.698953e-03
7.562226e-03;6.281157e-03;1.122326e-01;7.885330e-03;1.824866e-02;2.426718e-02;5.099211e-01;1.913713e-01;7.648773e-02;3.493790e-02;2.776494e-03;8.028410e-03
1.159919e-02;1.284547e-02;1.085375e-01;1.876297e-02;1.431461e-02;1.928550e-02;4.046915e-01;2.200657e-01;1.137498e-01;5.870166e-02;7.683900e-03;9.762244e-03
1.396631e-02;1.447851e-02;8.926166e-02;2.056230e-02;1.316496e-02;2.084530e-02;3.857931e-01;2.139501e-01;1.405502e-01;7.170293e-02;7.076967e-03;8.647655e-03
1.245415e-02;7.870845e-03;9.414691e-02;1.705068e-02;8.909769e-03;2.147694e-02;3.971478e-01;2.105253e-01;1.552674e-01;6.482402e-02;4.473024e-03;5.853090e-03
1.241902e-02;1.379989e-02;7.210749e-02;2.303753e-02;1.273978e-02;2.285365e-02;4.273527e-01;1.879388e-01;1.503920e-01;5.818057e-02;1.060989e-02;8.568738e-03
1.134400e-02;1.572827e-02;6.914818e-02;2.675440e-02;1.001915e-02;1.491712e-02;4.659394e-01;1.833694e-01;1.281518e-01;5.058427e-02;1.309429e-02;1.094973e-02
2.291899e-02;1.537874e-02;6.881419e-02;1.826635e-02;1.813209e-02;1.627151e-02;5.106645e-01;1.582624e-01;9.971233e-02;3.447633e-02;2.414092e-02;1.296170e-02
3.078699e-02;1.347832e-02;5.974036e-02;2.648759e-02;2.432516e-02;1.842164e-02;4.661622e-01;1.067075e-01;1.030403e-01;1.114510e-01;3.191672e-02;7.482236e-03
3.211567e-02;2.117011e-02;4.911503e-02;4.073000e-02;3.280743e-02;2.322325e-02;2.812323e-01;8.011664e-02;1.040595e-01;2.487644e-01;7.604910e-02;1.061655e-02
3.042878e-02;2.119697e-02;4.769082e-02;1.578092e-02;8.441386e-02;2.096668e-02;6.306364e-02;5.819957e-02;7.476273e-02;3.848691e-01;1.760648e-01;2.256219e-02
3.592329e-02;8.089098e-03;2.226891e-02;1.366620e-02;8.806287e-02;3.396177e-02;7.885867e-02;2.964064e-02;2.927425e-02;3.966713e-01;2.320613e-01;3.152166e-02
3.313236e-02;1.425465e-02;2.617868e-02;1.124612e-02;4.876221e-02;2.276830e-02;1.129261e-01;3.879518e-02;5.916787e-02;4.102241e-01;1.977662e-01;2.477824e-02
1.710173e-02;2.151218e-02;3.777359e-02;4.113620e-02;2.182321e-02;1.089939e-02;1.768023e-01;6.944604e-02;1.032428e-01;3.694053e-01;1.192417e-01;1.161559e-02
5.448116e-02;4.541739e-02;6.383067e-02;4.152569e-02;2.081921e-02;3.149043e-02;2.973020e-01;8.487573e-02;9.218691e-02;1.859484e-01;5.050693e-02;3.161538e-02
1.078532e-01;6.107857e-02;1.035689e-01;3.145678e-02;2.237027e-02;4.282859e-02;2.281091e-01;5.384497e-02;1.258541e-01;1.176084e-01;5.509875e-02;5.032843e-02
1.438069e-01;5.707904e-02;1.078704e-01;5.847995e-02;2.415528e-02;3.652602e-02;1.086704e-01;4.594839e-02;2.137117e-01;9.594419e-02;6.918672e-02;3.862102e-02
1.449014e-01;3.234876e-02;5.988601e-02;9.268747e-02;3.120091e-02;2.696460e-02;6.204427e-02;4.938572e-02;3.387373e-01;6.306677e-02;7.019437e-02;2.858241e-02
1.021171e-01;1.692397e-02;7.464010e-02;8.784878e-02;2.250854e-02;2.751830e-02;7.283706e-02;7.740311e-02;3.704135e-01;4.022140e-02;5.708436e-02;5.048374e-02
6.732613e-02;2.438999e-02;9.544344e-02;5.612195e-02;1.593226e-02;4.515804e-02;1.002377e-01;1.374224e-01;2.928372e-01;3.562769e-02;3.163792e-02;9.786534e-02
3.364800e-02;2.433569e-02;1.118235e-01;2.942669e-02;8.514469e-03;5.987561e-02;1.100593e-01;2.082921e-01;1.884973e-01;3.572669e-02;1.527641e-02;1.745242e-01
2.169773e-02;1.629613e-02;1.233553e-01;1.501859e-02;6.911315e-03;5.316436e-02;1.371354e-01;2.628596e-01;9.440725e-02;4.906882e-02;1.249150e-02;2.075939e-01
1.355202e-02;1.497958e-02;1.301699e-01;1.052894e-02;6.735182e-03;3.732643e-02;1.699465e-01;2.943840e-01;4.317058e-02;5.993677e-02;1.858664e-02;2.006835e-01
6.630805e-03;1.127164e-02;1.338038e-01;7.703375e-03;6.299927e-03;2.424455e-02;1.760633e-01;3.257399e-01;4.649139e-02;6.563872e-02;1.307892e-02;1.830337e-01
1.107812e-02;2.012166e-02;1.181196e-01;7.077880e-03;1.091437e-02;1.574486e-02;2.082608e-01;3.152796e-01;4.602371e-02;5.785672e-02;3.754260e-02;1.519801e-01
1.380907e-02;2.033392e-02;1.083322e-01;1.013716e-02;1.683169e-02;1.134390e-02;2.719847e-01;3.138689e-01;2.527441e-02;3.749460e-02;4.384003e-02;1.267494e-01
1.724868e-02;2.460616e-02;8.772249e-02;1.321026e-02;3.052073e-02;1.111167e-02;3.534813e-01;2.621328e-01;2.019949e-02;2.005048e-02;7.987227e-02;7.984362e-02
2.003602e-02;4.550902e-02;6.484067e-02;1.552434e-02;4.000663e-02;1.762572e-02;4.389093e-01;1.822516e-01;8.917153e-03;1.105104e-02;1.163124e-01;3.901609e-02
1.462669e-02;6.456305e-02;5.378440e-02;1.111845e-02;4.498556e-02;2.458648e-02;5.027474e-01;1.003268e-01;1.389040e-02;1.038197e-02;1.400097e-01;1.897917e-02
1.878292e-02;7.551476e-02;5.527643e-02;6.030871e-03;4.205386e-02;3.118670e-02;5.103173e-01;7.221752e-02;1.710411e-02;2.035947e-02;1.419555e-01;9.200597e-03
1.932010e-02;8.898090e-02;5.436332e-02;6.830440e-03;3.376430e-02;2.833730e-02;5.101409e-01;6.618749e-02;1.985207e-02;2.590210e-02;1.394564e-01;6.864650e-03
2.765618e-02;1.000291e-01;5.508434e-02;5.159890e-03;2.991058e-02;3.097144e-02;4.918674e-01;5.899677e-02;2.742112e-02;4.344329e-02;1.245430e-01;4.916877e-03
3.496459e-02;1.085860e-01;5.002529e-02;4.518574e-03;2.857929e-02;3.685017e-02;4.776381e-01;4.637880e-02;3.312231e-02;5.943886e-02;1.153761e-01;4.521985e-03
3.098577e-02;1.113716e-01;5.428407e-02;5.934539e-03;2.807144e-02;3.833813e-02;4.760531e-01;4.766601e-02;3.116700e-02;5.703853e-02;1.133815e-01;5.708336e-03
3.046463e-02;1.094932e-01;6.812808e-02;3.969193e-03;2.786293e-02;3.486155e-02;4.790278e-01;5.822342e-02;3.229953e-02;4.368508e-02;1.103855e-01;1.599102e-03
2.443487e-02;1.046380e-01;8.438031e-02;4.563943e-03;3.013825e-02;3.508475e-02;4.745707e-01;5.858520e-02;3.068681e-02;4.242239e-02;1.073233e-01;3.171487e-03
1.980527e-02;9.441457e-02;8.144726e-02;3.857467e-03;3.791102e-02;3.686950e-02;4.625697e-01;7.824314e-02;2.888955e-02;4.429325e-02;1.042766e-01;7.422614e-03
1.674314e-02;9.226163e-02;6.706229e-02;3.021283e-03;4.219696e-02;3.301895e-02;4.611157e-01;1.042015e-01;2.231541e-02;3.904964e-02;1.118830e-01;7.130397e-03
1.434772e-02;8.918904e-02;4.907556e-02;3.326460e-03;3.980939e-02;3.047822e-02;4.400613e-01;1.460097e-01;2.885628e-02;3.906951e-02;1.158426e-01;3.934234e-03
1.060708e-02;9.099519e-02;3.289070e-02;4.503427e-03;3.825600e-02;3.176569e-02;4.117651e-01;1.694779e-01;2.802010e-02;3.930132e-02;1.352222e-01;7.195336e-03
7.884749e-03;1.085855e-01;2.300624e-02;6.371725e-03;4.050770e-02;2.625657e-02;3.830271e-01;1.495057e-01;4.182460e-02;3.927011e-02;1.663598e-01;7.400260e-03
1.188767e-02;1.358879e-01;2.117839e-02;5.295140e-03;5.503130e-02;2.711814e-02;3.392679e-01;8.333852e-02;6.644569e-02;4.154473e-02;2.065669e-01;6.437695e-03
1.054332e-02;1.619544e-01;2.779726e-02;8.222240e-03;7.861766e-02;3.333942e-02;2.823785e-01;3.011790e-02;7.912763e-02;3.927980e-02;2.247858e-01;2.383608e-02
1.566963e-02;1.863723e-01;2.811653e-02;8.298913e-03;9.427120e-02;3.750404e-02;2.388738e-01;3.028471e-02;9.120530e-02;3.664396e-02;2.189969e-01;1.376283e-02
2.455554e-02;2.055272e-01;1.722251e-02;1.990766e-02;1.029554e-01;3.764520e-02;2.208059e-01;2.443757e-02;9.729683e-02;3.860589e-02;1.961901e-01;1.485020e-02
1.379992e-02;2.063016e-01;1.379958e-02;2.318661e-02;1.113306e-01;3.443951e-02;2.190063e-01;2.975759e-02;8.726434e-02;5.111428e-02;1.969784e-01;1.302114e-02
1.019759e-02;1.961246e-01;1.110339e-02;8.563469e-03;1.210727e-01;2.977224e-02;2.333893e-01;3.354874e-02;7.293949e-02;4.434879e-02;2.232331e-01;1.570667e-02
1.898597e-02;1.797512e-01;1.469829e-02;9.539913e-03;1.166575e-01;2.396193e-02;2.459734e-01;3.664530e-02;6.784322e-02;4.636266e-02;2.302645e-01;9.316053e-03
4.177560e-02;1.580319e-01;2.198656e-02;2.002393e-02;9.297056e-02;3.066721e-02;2.446673e-01;3.999198e-02;6.615099e-02;7.266680e-02;1.875109e-01;2.355627e-02
8.957385e-02;1.205085e-01;2.834463e-02;4.928245e-02;6.230734e-02;6.378771e-02;2.187098e-01;2.918758e-02;7.250600e-02;1.377234e-01;9.701288e-02;3.105589e-02
1.358889e-01;7.171152e-02;3.229359e-02;7.104027e-02;4.732312e-02;1.134580e-01;1.916645e-01;3.058284e-02;6.364363e-02;1.879271e-01;1.549967e-02;3.896679e-02
1.371471e-01;6.340492e-02;3.452224e-02;6.609788e-02;6.287573e-02;1.366600e-01;2.351420e-01;2.191492e-02;2.800717e-02;1.472319e-01;3.152928e-02;3.546679e-02
1.252258e-01;5.779371e-02;4.394695e-02;5.517425e-02;9.877644e-02;1.519032e-01;2.788244e-01;1.749832e-02;1.749543e-02;9.926771e-02;2.512657e-02;2.896727e-02
1.206209e-01;3.669979e-02;5.243145e-02;3.851626e-02;1.162802e-01;1.617097e-01;3.197262e-01;2.143638e-02;2.307079e-02;6.276266e-02;2.075713e-02;2.598859e-02
9.893090e-02;3.778493e-02;4.281258e-02;2.401669e-02;1.672669e-01;1.763631e-01;3.276534e-01;1.729129e-02;2.075215e-02;4.779131e-02;1.818437e-02;2.115236e-02
5.704092e-02;2.980965e-02;9.119011e-02;2.772099e-02;2.350724e-01;1.822114e-01;2.756210e-01;1.070928e-02;1.845288e-02;3.152533e-02;1.525808e-02;2.538788e-02
2.558196e-02;2.109841e-02;1.511511e-01;3.688638e-02;2.830198e-01;1.711422e-01;1.798331e-01;7.722998e-03;4.121567e-02;2.571688e-02;9.750252e-03;4.688129e-02
3.881664e-02;1.378035e-02;1.325920e-01;2.924810e-02;2.524211e-01;1.708385e-01;1.962501e-01;1.344611e-02;5.751800e-02;2.783397e-02;7.225065e-03;6.003006e-02
7.051110e-02;1.452672e-02;7.216273e-02;2.364326e-02;1.684064e-01;1.907911e-01;2.911229e-01;3.613472e-02;4.041020e-02;4.004022e-02;1.066905e-02;4.158161e-02
1.102431e-01;1.182316e-02;2.859499e-02;1.624879e-02;1.030338e-01;2.075022e-01;3.535537e-01;5.709523e-02;2.291761e-02;5.775476e-02;1.312221e-02;1.811039e-02
1.187835e-01;1.836634e-02;1.711183e-02;1.229081e-02;8.347043e-02;2.143953e-01;4.002564e-01;4.014912e-02;9.735432e-03;6.253085e-02;1.271132e-02;1.019882e-02
1.190931e-01;2.303340e-02;1.892170e-02;1.139927e-02;8.282134e-02;2.266392e-01;4.147420e-01;1.856776e-02;5.001758e-03;6.376599e-02;1.138522e-02;4.629207e-03
1.240271e-01;2.098844e-02;1.322028e-02;8.663734e-03;9.458834e-02;2.496957e-01;3.751078e-01;2.562122e-02;7.644305e-03;6.315651e-02;9.390630e-03;7.895959e-03
1.206470e-01;1.017703e-02;2.802871e-02;8.839455e-03;1.333495e-01;2.537594e-01;3.195961e-01;4.178778e-02;1.694870e-02;4.564227e-02;6.626531e-03;1.459758e-02
9.144627e-02;1.435617e-02;4.470349e-02;1.994506e-02;2.055863e-01;2.265773e-01;2.568205e-01;3.596136e-02;4.103924e-02;1.984221e-02;9.054545e-03;3.466758e-02
4.989447e-02;1.239974e-02;9.541386e-02;3.389557e-02;2.649055e-01;1.592412e-01;1.903310e-01;1.944356e-02;7.046916e-02;1.810590e-02;5.868330e-03;8.003170e-02
2.312992e-02;1.004591e-02;1.357566e-01;5.497970e-02;2.874903e-01;1.092368e-01;1.363725e-01;1.791071e-02;8.091827e-02;2.839127e-02;1.497390e-02;1.007942e-01
2.544170e-02;1.021387e-02;1.831911e-01;7.654940e-02;2.706294e-01;9.149521e-02;1.273514e-01;2.752820e-02;5.813619e-02;3.251076e-02;1.890124e-02;7.805154e-02
1.769055e-02;1.553496e-02;2.678921e-01;1.131124e-01;2.436061e-01;6.767529e-02;1.055821e-01;3.614553e-02;3.770039e-02;2.327581e-02;2.124969e-02;5.053522e-02
1.408979e-02;1.177106e-02;2.803178e-01;1.353209e-01;2.152911e-01;5.656107e-02;1.042269e-01;2.845229e-02;4.664266e-02;2.535847e-02;4.115779e-02;4.081012e-02
8.897165e-03;9.036456e-03;1.982377e-01;8.944379e-02;2.632498e-01;8.436927e-02;1.327195e-01;2.191652e-02;4.624858e-02;1.915477e-02;3.482199e-02;9.190436e-02
1.135244e-02;7.779721e-03;1.170444e-01;5.099064e-02;3.080686e-01;1.093761e-01;1.471706e-01;1.596834e-02;6.332777e-02;2.011135e-02;1.585830e-02;1.329519e-01
1.614704e-02;4.678290e-03;8.674394e-02;3.307423e-02;3.050850e-01;1.342972e-01;1.663079e-01;1.291652e-02;8.092113e-02;1.095367e-02;7.808913e-03;1.410662e-01
1.846647e-02;4.853482e-03;8.416900e-02;1.937633e-02;3.178475e-01;1.594897e-01;1.410937e-01;1.408648e-02;8.021706e-02;1.042346e-02;9.601259e-03;1.403756e-01
1.778465e-02;7.728142e-03;7.999199e-02;2.238758e-02;3.137231e-01;1.752397e-01;1.328692e-01;2.070639e-02;7.698835e-02;7.525690e-03;5.645114e-03;1.394101e-01
2.135941e-02;7.676176e-03;8.437174e-02;1.844936e-02;3.080337e-01;1.901875e-01;1.056586e-01;2.035533e-02;7.318968e-02;5.330617e-03;8.289143e-03;1.570988e-01
2.203275e-02;8.846927e-03;8.334448e-02;3.433212e-02;3.090696e-01;1.782561e-01;8.562373e-02;1.197070e-02;7.537823e-02;5.765017e-03;5.386181e-03;1.799942e-01
7.936003e-03;8.692315e-03;7.702906e-02;5.731843e-02;3.316135e-01;1.395769e-01;6.753864e-02;9.055171e-03;7.869812e-02;8.751383e-03;7.775315e-03;2.060152e-01
7.813127e-03;6.649658e-03;6.614556e-02;9.067377e-02;3.533930e-01;9.008951e-02;6.886625e-02;1.030228e-02;7.949354e-02;9.084655e-03;7.179216e-03;2.103094e-01
7.142784e-03;7.557249e-03;1.002293e-01;1.483311e-01;3.348402e-01;6.554358e-02;6.399510e-02;8.326048e-03;6.618994e-02;9.165916e-03;4.987953e-03;1.836909e-01
1.164828e-02;1.639435e-02;1.641010e-01;1.811390e-01;2.591024e-01;5.025753e-02;6.502900e-02;2.256605e-02;5.047304e-02;2.040364e-02;2.629258e-02;1.325931e-01
2.264532e-02;2.016474e-02;3.007412e-01;1.483956e-01;1.502511e-01;3.427478e-02;7.659815e-02;4.211654e-02;3.893903e-02;3.825388e-02;5.242065e-02;7.519895e-02
2.539597e-02;1.671687e-02;4.091334e-01;1.179380e-01;8.792648e-02;4.179152e-02;6.668643e-02;3.394780e-02;5.425959e-02;4.674508e-02;7.500976e-02;2.444912e-02
1.403039e-02;1.484891e-02;3.952364e-01;1.660380e-01;8.644877e-02;5.048989e-02;3.129906e-02;2.468406e-02;3.781329e-02;3.378753e-02;1.264569e-01;1.886669e-02
7.663136e-03;1.387159e-02;4.484617e-01;1.825621e-01;7.312378e-02;5.225989e-02;1.680115e-02;1.847262e-02;1.380800e-02;1.373516e-02;1.483282e-01;1.091260e-02
1.386118e-02;1.721914e-02;5.392799e-01;1.391080e-01;4.447142e-02;3.587746e-02;1.946747e-02;1.468390e-02;8.373611e-03;3.800299e-02;1.106778e-01;1.897702e-02
1.411345e-02;2.578468e-02;6.402036e-01;9.049822e-02;1.940802e-02;1.562449e-02;2.630677e-02;8.985628e-03;1.032594e-02;7.851088e-02;5.672181e-02;1.351649e-02
9.495962e-03;2.730054e-02;6.923523e-01;6.208041e-02;2.280000e-02;7.479787e-03;2.929648e-02;6.957976e-03;1.433501e-02;1.047670e-01;1.507283e-02;8.061679e-03
1.215921e-02;3.492390e-02;7.075689e-01;4.472695e-02;2.253382e-02;7.307121e-03;2.458597e-02;3.937570e-03;1.434873e-02;1.143693e-01;4.794403e-03;8.744101e-03
1.067471e-02;3.341655e-02;7.246088e-01;3.640212e-02;1.779264e-02;1.066951e-02;1.555185e-02;5.155430e-03;1.206683e-02;1.179372e-01;9.697258e-03;6.027000e-03
9.965907e-03;3.989191e-02;7.405590e-01;3.520290e-02;1.526510e-02;1.279394e-02;1.374718e-02;4.755550e-03;1.104773e-02;1.054560e-01;5.920508e-03;5.394289e-03
9.903637e-03;4.729307e-02;7.405838e-01;3.276085e-02;1.281218e-02;1.144544e-02;1.938221e-02;3.098895e-03;2.307697e-02;9.064563e-02;4.686031e-03;4.311326e-03
7.155147e-03;6.391950e-02;7.328535e-01;2.960075e-02;1.888382e-02;1.297457e-02;1.251442e-02;6.865819e-03;3.317246e-02;7.352772e-02;3.887458e-03;4.644799e-03
1.316432e-02;9.567206e-02;7.016984e-01;2.702682e-02;1.500036e-02;1.714186e-02;7.461274e-03;1.222346e-02;4.197524e-02;5.369409e-02;6.169961e-03;8.772161e-03
3.671833e-02;1.158935e-01;6.189640e-01;2.636487e-02;1.168427e-02;2.200193e-02;2.205321e-02;1.654628e-02;7.101362e-02;3.455838e-02;9.412048e-03;1.478953e-02
7.729882e-02;1.078602e-01;5.302633e-01;2.644399e-02;1.541953e-02;3.094734e-02;2.908938e-02;2.484813e-02;1.010892e-01;2.147113e-02;1.309391e-02;2.217498e-02
1.173478e-01;1.895728e-01;4.127233e-01;2.765633e-02;1.442424e-02;3.774604e-02;2.081386e-02;2.288966e-02;1.176182e-01;1.774954e-02;8.142976e-03;1.331521e-02
1.214731e-01;2.761397e-01;3.523206e-01;1.667500e-02;8.061830e-03;4.896900e-02;1.013643e-02;1.329393e-02;1.309985e-01;9.108078e-03;4.714662e-03;8.109297e-03
9.220384e-02;3.383935e-01;3.107245e-01;1.001492e-02;6.142905e-03;5.840340e-02;6.154604e-03;8.118670e-03;1.528573e-01;9.569019e-03;2.554577e-03;4.862737e-03
1.044130e-01;3.589572e-01;2.684816e-01;1.050257e-02;3.402327e-03;4.945389e-02;5.794625e-03;9.034988e-03;1.744871e-01;9.950244e-03;2.140957e-03;3.381580e-03
1.530554e-01;3.723916e-01;2.042021e-01;6.758749e-03;4.796213e-03;3.589220e-02;9.475275e-03;9.359044e-03;1.888458e-01;9.382661e-03;3.334067e-03;2.506897e-03
2.258183e-01;3.329101e-01;1.520847e-01;6.996393e-03;1.167421e-02;2.439283e-02;1.291062e-02;2.984042e-02;1.746420e-01;1.777367e-02;3.499739e-03;7.457026e-03
3.065706e-01;2.715027e-01;1.166616e-01;4.678076e-03;2.258190e-02;1.309297e-02;3.112213e-02;5.476050e-02;1.431270e-01;1.615847e-02;8.084191e-03;1.165987e-02
3.409909e-01;2.436747e-01;1.078197e-01;1.074224e-02;2.324892e-02;1.072304e-02;4.286465e-02;6.428955e-02;1.114953e-01;1.727531e-02;1.054842e-02;1.632717e-02
3.183736e-01;2.871938e-01;1.184445e-01;1.001850e-02;1.407849e-02;1.154551e-02;3.516114e-02;4.387655e-02;1.225008e-01;2.124171e-02;6.308946e-03;1.125641e-02
2.625536e-01;3.296627e-01;1.533934e-01;7.750275e-03;6.664967e-03;1.272394e-02;1.918784e-02;1.943204e-02;1.594192e-01;1.843293e-02;4.163091e-03;6.616049e-03
2.234250e-01;3.530123e-01;1.677684e-01;6.283253e-03;4.627688e-03;1.119678e-02;1.187050e-02;1.537771e-02;1.866305e-01;1.093074e-02;4.498919e-03;4.378144e-03
2.248863e-01;3.404292e-01;1.505403e-01;6.113136e-03;4.814625e-03;1.195434e-02;1.750338e-02;2.820664e-02;1.897014e-01;1.446801e-02;5.476181e-03;5.906517e-03
2.471145e-01;3.330826e-01;1.294085e-01;5.492132e-03;7.261308e-03;1.051921e-02;2.209173e-02;2.940201e-02;1.799832e-01;2.390024e-02;5.293319e-03;6.451303e-03
2.559242e-01;3.261859e-01;1.389750e-01;1.091365e-02;7.744950e-03;1.156789e-02;2.774046e-02;1.938855e-02;1.519417e-01;3.886469e-02;5.022323e-03;5.730705e-03
2.607244e-01;3.259445e-01;1.437395e-01;8.406867e-03;4.371039e-03;1.042512e-02;3.667233e-02;2.136829e-02;1.243600e-01;5.152486e-02;5.049010e-03;7.414084e-03
2.652038e-01;3.208826e-01;1.200484e-01;4.967130e-03;8.970335e-03;9.258847e-03;3.991731e-02;2.294137e-02;1.185227e-01;7.893820e-02;5.022541e-03;5.326678e-03
2.712744e-01;2.946493e-01;1.030950e-01;5.349542e-03;7.256273e-03;9.517401e-03;4.713605e-02;2.683498e-02;1.133699e-01;1.087443e-01;5.976964e-03;6.795831e-03
2.879527e-01;2.713190e-01;9.404653e-02;4.699623e-03;7.617917e-03;7.746129e-03;4.574917e-02;3.015595e-02;1.047572e-01;1.336369e-01;5.106427e-03;7.212455e-03
3.183214e-01;2.463724e-01;9.367806e-02;5.403093e-03;7.865586e-03;8.608237e-03;4.679187e-02;2.782335e-02;8.819436e-02;1.395873e-01;6.014440e-03;1.133983e-02
3.619274e-01;2.231166e-01;9.884630e-02;4.727370e-03;1.102621e-02;8.124169e-03;4.186520e-02;2.226103e-02;7.273445e-02;1.279855e-01;8.101031e-03;1.928483e-02
4.046812e-01;1.769280e-01;8.905842e-02;5.057765e-03;2.373390e-02;1.446246e-02;3.630600e-02;3.562738e-02;5.948389e-02;1.048878e-01;1.614398e-02;3.362925e-02
4.167167e-01;9.596184e-02;1.233553e-01;1.362518e-02;3.583287e-02;2.537176e-02;4.589806e-02;5.158881e-02;4.881622e-02;6.996535e-02;2.420481e-02;4.866301e-02
4.012050e-01;1.052230e-01;1.856082e-01;1.714110e-02;3.627130e-02;2.466660e-02;4.238694e-02;5.840143e-02;3.087746e-02;3.275796e-02;1.970599e-02;4.575503e-02
4.217225e-01;1.169231e-01;1.863179e-01;1.521351e-02;3.941818e-02;1.975297e-02;2.858407e-02;6.711385e-02;1.801261e-02;2.613350e-02;2.167779e-02;3.912991e-02
4.162757e-01;1.136517e-01;1.961593e-01;1.369899e-02;4.478250e-02;1.751021e-02;2.880740e-02;6.953754e-02;1.193531e-02;2.950791e-02;2.150296e-02;3.663047e-02
4.082117e-01;1.236960e-01;2.030211e-01;1.629530e-02;4.126728e-02;1.225805e-02;3.069008e-02;6.743170e-02;1.146332e-02;2.114497e-02;2.259842e-02;4.192214e-02
4.258463e-01;1.208363e-01;1.862826e-01;2.082361e-02;2.479859e-02;1.367773e-02;2.554665e-02;6.898239e-02;1.612508e-02;1.665197e-02;2.483259e-02;5.559618e-02
3.953575e-01;9.803943e-02;1.874610e-01;1.928141e-02;2.736712e-02;1.720335e-02;3.092439e-02;7.182176e-02;2.919446e-02;2.217907e-02;3.377574e-02;6.739484e-02
3.483934e-01;4.752261e-02;1.998704e-01;2.415041e-02;3.556129e-02;1.742242e-02;4.289789e-02;7.469628e-02;6.289059e-02;3.413653e-02;4.072716e-02;7.173111e-02
3.591258e-01;1.223380e-01;1.068691e-01;2.535820e-02;4.027894e-02;2.267930e-02;6.558035e-02;6.448282e-02;7.387864e-02;3.823884e-02;3.476557e-02;4.640444e-02
3.647381e-01;1.892461e-01;1.598246e-01;1.641716e-02;3.235941e-02;1.836846e-02;3.853327e-02;6.092075e-02;3.394279e-02;2.788525e-02;2.468266e-02;3.308143e-02
4.151343e-01;1.958012e-01;1.638878e-01;1.196427e-02;2.816551e-02;9.788793e-03;1.902679e-02;6.207963e-02;1.334388e-02;2.249654e-02;2.312338e-02;3.518784e-02
4.587452e-01;1.607246e-01;1.194063e-01;8.703534e-03;2.705066e-02;1.094589e-02;3.263035e-02;7.239202e-02;1.812202e-02;2.020066e-02;2.517195e-02;4.590683e-02
4.565640e-01;1.224239e-01;1.084189e-01;7.297533e-03;3.313820e-02;1.390586e-02;3.757280e-02;8.235883e-02;2.314138e-02;2.198541e-02;3.620619e-02;5.698707e-02
3.749465e-01;1.067839e-01;1.310984e-01;7.504404e-03;5.298739e-02;2.575307e-02;6.751113e-02;6.363472e-02;3.213967e-02;3.787221e-02;5.269553e-02;4.707300e-02
2.550790e-01;9.527957e-02;2.141489e-01;1.732504e-02;6.029679e-02;4.922861e-02;7.722455e-02;4.822820e-02;4.104762e-02;5.136395e-02;5.842521e-02;3.235254e-02
