7.972296e-02;5.617866e-02;1.003369e-01;3.561906e-02;6.079983e-02;5.406345e-02;1.852329e-01;1.054207e-01;7.654754e-02;1.237345e-01;7.566278e-02;4.668064e-02
5.814761e-02;5.175084e-02;1.750572e-01;3.899990e-02;7.661255e-02;6.711791e-02;2.862331e-01;6.071659e-02;5.805247e-02;4.471661e-02;4.272927e-02;3.986595e-02
3.276755e-02;3.499494e-02;2.412002e-01;6.643270e-02;9.925914e-02;6.480220e-02;2.270582e-01;5.978453e-02;4.308522e-02;4.122236e-02;3.976941e-02;4.962350e-02
2.590116e-02;2.775409e-02;3.078012e-01;1.117204e-01;1.053397e-01;5.236670e-02;1.384519e-01;6.124296e-02;2.812448e-02;3.692297e-02;7.325648e-02;3.111796e-02
1.610078e-02;1.770813e-02;3.671767e-01;1.724521e-01;1.142753e-01;3.555970e-02;4.704972e-02;6.271926e-02;1.478304e-02;2.930745e-02;1.077283e-01;1.513960e-02
8.945396e-03;1.366043e-02;3.786805e-01;2.055424e-01;1.195636e-01;3.398876e-02;3.162447e-02;4.400590e-02;9.690752e-03;1.690531e-02;1.184095e-01;1.898299e-02
8.350845e-03;1.552588e-02;4.290255e-01;1.848466e-01;1.073563e-01;3.832078e-02;2.979547e-02;2.355647e-02;1.177890e-02;2.436438e-02;1.083290e-01;1.875002e-02
7.530449e-03;3.109871e-02;5.021578e-01;1.209882e-01;8.322246e-02;3.243225e-02;4.426145e-02;1.200664e-02;1.913727e-02;4.203263e-02;8.555460e-02;1.957757e-02
2.493306e-02;5.324572e-02;5.768423e-01;4.434280e-02;5.599255e-02;3.266491e-02;4.336890e-02;1.008427e-02;3.705427e-02;4.685951e-02;5.917424e-02;1.543747e-02
2.658507e-02;5.328627e-02;6.666605e-01;5.543956e-02;2.962704e-02;2.419746e-02;3.173313e-02;1.580724e-02;4.434111e-02;1.459309e-02;2.640340e-02;1.132613e-02
2.553134e-02;2.381015e-02;7.532803e-01;7.390686e-02;2.247028e-02;1.500923e-02;2.060715e-02;1.067237e-02;2.832866e-02;6.228122e-03;1.119193e-02;8.963645e-03
1.442611e-02;2.783580e-02;6.860108e-01;8.194411e-02;5.060792e-02;1.890355e-02;3.571294e-02;2.182057e-02;1.498670e-02;1.877929e-02;1.925111e-02;9.721063e-03
1.990070e-02;3.873136e-02;5.349455e-01;1.026976e-01;8.224883e-02;3.552374e-02;4.237105e-02;2.858851e-02;2.785862e-02;3.602520e-02;2.598488e-02;2.512399e-02
5.106738e-02;6.940991e-02;1.314654e-01;7.795567e-02;1.215894e-01;6.335965e-02;1.047863e-01;6.498977e-02;9.593028e-02;7.266802e-02;6.674761e-02;8.003061e-02
6.849954e-02;7.451583e-02;1.161083e-01;8.412911e-02;1.109198e-01;8.258756e-02;9.059201e-02;6.715089e-02;8.772445e-02;8.188260e-02;5.356586e-02;8.232395e-02
6.816188e-02;8.855765e-02;1.250529e-01;1.019340e-01;6.958161e-02;9.490792e-02;9.765633e-02;8.444938e-02;7.503294e-02;8.525074e-02;3.810090e-02;7.131368e-02
4.321833e-02;8.776732e-02;1.155933e-01;9.565508e-02;6.091996e-02;9.861373e-02;1.215365e-01;9.748802e-02;8.862749e-02;8.315209e-02;5.686492e-02;5.056331e-02
4.868823e-02;6.186463e-02;1.471078e-01;6.699636e-02;1.229605e-01;1.048311e-01;2.072767e-01;4.299446e-02;8.504865e-02;5.470884e-02;3.010072e-02;2.742193e-02
3.747261e-02;3.519273e-02;1.402069e-01;8.500034e-02;1.965719e-01;1.025699e-01;1.857700e-01;3.090079e-02;6.579316e-02;2.937035e-02;2.342939e-02;6.772178e-02
1.921727e-02;1.716981e-02;9.501836e-02;1.168529e-01;2.588422e-01;1.208514e-01;1.213032e-01;3.031432e-02;7.720490e-02;2.484394e-02;1.820997e-02;1.001717e-01
2.557967e-02;1.750865e-02;1.248024e-01;1.049137e-01;2.174977e-01;1.272543e-01;1.123241e-01;4.853676e-02;9.851957e-02;2.442876e-02;1.994211e-02;7.869238e-02
2.953717e-02;2.232306e-02;1.380105e-01;6.073748e-02;1.920154e-01;1.284999e-01;1.018048e-01;6.493331e-02;1.140835e-01;2.097270e-02;5.397632e-02;7.310589e-02
2.225608e-02;2.199695e-02;1.001685e-01;6.979263e-02;2.038499e-01;1.066498e-01;1.094912e-01;3.946745e-02;1.015992e-01;2.170168e-02;3.925211e-02;1.637744e-01
1.725843e-02;2.448286e-02;6.070989e-02;9.699053e-02;2.019264e-01;7.655605e-02;7.129851e-02;4.091458e-02;7.753825e-02;1.630284e-02;7.778283e-02;2.382389e-01
1.332935e-02;1.801012e-02;5.883257e-02;1.191758e-01;1.547114e-01;3.419729e-02;3.487973e-02;4.816319e-02;3.384219e-02;9.295507e-03;1.219440e-01;3.536189e-01
8.431837e-03;1.034321e-02;4.292091e-02;9.153893e-02;1.586166e-01;1.989420e-02;2.076991e-02;3.520776e-02;1.969352e-02;9.993314e-03;9.781827e-02;4.847715e-01
1.444257e-02;7.218566e-03;3.580270e-02;6.242711e-02;1.587363e-01;2.425844e-02;2.488602e-02;1.572949e-02;3.486303e-02;9.665983e-03;6.932074e-02;5.426490e-01
1.855574e-02;9.222842e-03;4.810670e-02;6.277882e-02;1.583904e-01;2.846726e-02;2.358433e-02;1.039549e-02;3.922723e-02;1.454168e-02;3.864263e-02;5.480869e-01
2.290668e-02;1.645829e-02;6.594144e-02;8.442947e-02;1.599180e-01;2.698722e-02;2.018618e-02;1.000874e-02;2.146827e-02;2.030051e-02;9.166874e-02;4.597265e-01
1.798779e-02;1.910834e-02;1.172053e-01;1.115062e-01;1.605434e-01;2.974912e-02;2.690568e-02;1.889928e-02;1.844082e-02;2.748575e-02;1.824543e-01;2.697141e-01
2.220833e-02;1.439926e-02;1.793815e-01;1.450998e-01;1.400938e-01;4.069576e-02;3.220194e-02;2.485375e-02;2.549402e-02;3.188357e-02;2.502622e-01;9.342609e-02
3.529501e-02;3.002237e-02;2.632028e-01;1.420926e-01;1.100051e-01;3.388949e-02;3.511626e-02;2.573665e-02;2.321991e-02;4.260164e-02;2.364074e-01;2.241089e-02
9.191600e-02;7.114377e-02;2.515928e-01;7.905577e-02;7.155263e-02;3.710024e-02;7.955698e-02;2.944821e-02;2.349892e-02;5.006174e-02;1.531638e-01;6.190905e-02
1.339972e-01;9.558171e-02;1.785197e-01;4.254077e-02;4.113747e-02;4.117633e-02;1.567909e-01;4.459348e-02;4.478522e-02;6.052823e-02;9.076759e-02;6.958138e-02
1.331722e-01;8.936073e-02;1.720317e-01;4.807569e-02;5.039093e-02;3.709287e-02;1.739295e-01;4.231364e-02;4.930992e-02;6.848846e-02;7.666794e-02;5.916630e-02
1.143544e-01;7.958741e-02;1.995582e-01;4.865643e-02;6.185330e-02;3.520869e-02;1.651947e-01;4.229440e-02;4.525989e-02;7.133080e-02;7.628008e-02;6.042168e-02
4.179340e-02;4.794139e-02;1.635584e-01;9.378959e-02;8.491001e-02;6.505442e-02;1.024144e-01;7.378834e-02;6.440099e-02;9.062438e-02;7.865193e-02;9.307277e-02
4.185508e-02;5.786817e-02;1.380065e-01;1.390021e-01;9.586842e-02;8.863726e-02;1.035985e-01;7.038306e-02;8.397157e-02;8.054493e-02;5.909370e-02;4.117068e-02
7.066175e-02;6.877051e-02;1.239846e-01;1.413940e-01;8.678630e-02;8.220887e-02;5.997845e-02;9.795207e-02;8.325121e-02;8.836932e-02;6.057172e-02;3.607116e-02
7.816701e-02;8.171280e-02;1.318236e-01;1.175631e-01;6.105065e-02;6.583768e-02;8.998238e-02;1.102329e-01;6.583146e-02;1.155249e-01;6.045683e-02;2.181671e-02
8.197847e-02;8.303023e-02;1.289855e-01;1.019661e-01;6.680637e-02;8.052458e-02;1.047252e-01;9.863487e-02;6.661370e-02;1.030747e-01;4.937815e-02;3.428213e-02
1.125718e-01;8.619176e-02;1.151126e-01;6.732146e-02;6.291667e-02;1.107089e-01;1.152816e-01;7.489371e-02;8.009071e-02;9.308955e-02;3.556189e-02;4.625922e-02
7.771303e-02;6.875195e-02;1.508608e-01;3.710874e-02;7.891981e-02;1.120665e-01;2.272809e-01;4.308993e-02;5.885705e-02;8.863292e-02;2.199658e-02;3.472181e-02
2.163081e-02;2.994844e-02;2.610200e-01;4.135993e-02;1.307199e-01;9.567620e-02;2.640320e-01;2.551898e-02;3.765677e-02;5.184248e-02;2.120574e-02;1.938880e-02
1.433665e-02;1.531555e-02;4.011984e-01;6.923858e-02;1.409170e-01;7.245994e-02;1.882235e-01;1.940059e-02;2.609686e-02;2.119370e-02;2.009796e-02;1.152122e-02
1.257905e-02;1.183112e-02;5.502790e-01;1.086839e-01;1.251906e-01;4.287668e-02;7.498228e-02;1.447632e-02;1.327726e-02;9.145260e-03;2.731691e-02;9.361637e-03
7.882505e-03;9.283143e-03;6.397733e-01;1.288633e-01;9.535589e-02;2.545344e-02;3.124085e-02;1.030775e-02;1.056011e-02;5.983409e-03;3.113460e-02;4.161774e-03
8.641927e-03;8.650212e-03;6.938413e-01;1.135819e-01;7.337230e-02;2.104440e-02;1.795077e-02;4.588719e-03;1.305435e-02;1.161338e-02;3.011486e-02;3.545899e-03
4.223285e-02;4.538805e-02;5.450853e-01;7.916790e-02;5.560584e-02;2.210198e-02;4.505299e-02;1.949477e-02;4.787400e-02;5.989416e-02;2.406962e-02;1.403250e-02
6.193279e-02;7.220653e-02;3.674030e-01;8.228438e-02;5.808600e-02;3.367214e-02;6.054129e-02;2.789226e-02;5.405167e-02;1.075197e-01;6.079856e-02;1.361170e-02
5.317978e-02;6.596728e-02;3.501254e-01;1.034881e-01;4.763650e-02;2.258080e-02;4.449195e-02;2.300747e-02;4.046797e-02;1.325331e-01;1.027605e-01;1.376122e-02
2.318931e-02;3.751387e-02;3.983457e-01;1.356896e-01;3.670238e-02;1.077368e-02;2.680700e-02;1.212187e-02;2.103819e-02;1.627895e-01;1.272274e-01;7.801351e-03
2.893763e-02;3.188710e-02;4.964037e-01;9.842690e-02;2.304284e-02;5.990984e-03;2.478407e-02;7.448973e-03;1.122218e-02;1.863347e-01;7.989617e-02;5.624754e-03
3.170598e-02;4.803603e-02;5.664423e-01;5.030006e-02;1.125882e-02;4.071242e-03;2.861504e-02;3.169890e-03;1.669406e-02;2.022032e-01;3.262980e-02;4.873521e-03
3.123153e-02;6.706301e-02;5.910630e-01;3.290799e-02;8.033233e-03;2.042545e-03;2.721535e-02;1.833758e-03;2.028211e-02;2.019354e-01;8.715617e-03;7.676423e-03
2.823355e-02;6.137785e-02;6.106690e-01;2.778825e-02;9.920862e-03;4.424271e-03;2.110896e-02;5.022451e-03;1.167225e-02;1.982726e-01;1.452701e-02;6.982889e-03
1.819940e-02;3.084430e-02;6.403987e-01;3.691525e-02;1.155912e-02;4.221370e-03;2.042714e-02;3.667295e-03;1.166940e-02;2.031609e-01;1.246701e-02;6.470181e-03
1.372654e-02;1.765192e-02;6.372644e-01;4.600964e-02;1.117071e-02;4.274339e-03;2.320438e-02;3.210175e-03;9.259834e-03;2.032785e-01;2.283152e-02;8.118040e-03
1.360045e-02;2.920289e-02;6.432620e-01;4.811745e-02;1.285706e-02;4.585771e-03;2.132011e-02;2.639747e-03;5.214385e-03;1.892413e-01;2.419510e-02;5.763723e-03
7.197541e-03;3.991696e-02;6.674799e-01;4.840691e-02;1.294691e-02;4.842001e-03;1.888102e-02;3.035319e-03;6.260512e-03;1.628268e-01;2.418595e-02;4.020192e-03
1.972933e-02;7.564937e-02;6.507819e-01;4.876868e-02;1.405316e-02;5.640995e-03;2.465755e-02;4.420890e-03;1.123302e-02;1.227504e-01;1.705931e-02;5.255291e-03
5.641755e-02;1.243107e-01;5.725071e-01;4.339038e-02;2.160425e-02;1.062406e-02;3.715345e-02;5.897119e-03;2.337034e-02;8.054138e-02;1.445153e-02;9.732117e-03
9.701098e-02;1.503614e-01;4.591028e-01;4.195910e-02;3.590811e-02;1.892173e-02;6.404418e-02;7.525690e-03;3.678435e-02;5.748747e-02;1.565302e-02;1.524112e-02
1.329166e-01;1.406304e-01;3.405087e-01;6.236699e-02;4.737482e-02;3.748031e-02;8.485991e-02;7.139451e-03;3.806157e-02;4.447695e-02;3.792369e-02;2.626061e-02
1.059042e-01;6.071637e-02;3.730790e-01;4.273194e-02;5.404149e-02;4.282640e-02;8.742811e-02;3.229643e-02;3.146066e-02;9.017685e-02;5.209913e-02;2.723941e-02
6.369277e-02;6.082667e-02;4.212895e-01;5.759360e-02;5.089311e-02;3.635028e-02;5.706271e-02;2.170386e-02;4.956521e-02;9.790723e-02;4.573224e-02;3.738280e-02
4.230379e-02;4.906058e-02;3.791732e-01;7.630419e-02;4.702678e-02;4.433712e-02;5.573392e-02;1.856179e-02;6.630281e-02;1.211959e-01;6.518419e-02;3.481567e-02
3.165720e-02;6.196396e-02;4.208654e-01;5.810382e-02;3.590421e-02;4.795707e-02;5.078553e-02;2.925860e-02;5.547101e-02;1.361728e-01;4.399372e-02;2.786659e-02
3.158416e-02;7.727538e-02;4.634807e-01;3.880551e-02;3.318957e-02;2.893542e-02;5.829497e-02;3.484963e-02;3.797990e-02;1.229468e-01;3.678482e-02;3.587311e-02
7.267229e-02;7.694194e-02;1.351060e-01;7.377127e-02;8.848276e-02;9.713043e-02;1.212860e-01;6.193502e-02;7.106610e-02;7.162652e-02;7.152220e-02;5.845940e-02
7.574440e-02;7.984349e-02;9.978750e-02;5.409387e-02;1.013959e-01;1.109201e-01;1.290765e-01;6.264991e-02;7.700306e-02;8.339211e-02;6.903420e-02;5.705890e-02
6.991882e-02;7.969224e-02;1.051316e-01;4.172246e-02;1.266150e-01;1.233646e-01;1.071990e-01;5.893790e-02;7.326218e-02;8.491116e-02;7.551667e-02;5.372845e-02
4.891347e-02;6.097603e-02;1.518027e-01;6.095289e-02;1.506925e-01;1.112118e-01;1.759262e-01;3.292394e-02;4.476684e-02;4.861160e-02;5.863459e-02;5.458739e-02
4.410501e-02;3.853428e-02;1.906423e-01;1.335478e-01;1.572781e-01;6.157025e-02;1.244075e-01;2.356195e-02;3.064130e-02;2.880934e-02;8.420253e-02;8.269960e-02
2.997589e-02;3.343814e-02;1.742328e-01;1.980294e-01;1.948338e-01;4.604308e-02;5.384852e-02;1.840612e-02;1.468154e-02;1.986928e-02;1.133148e-01;1.033267e-01
1.617913e-02;2.314469e-02;1.269201e-01;2.292930e-01;2.518854e-01;3.934325e-02;2.484207e-02;1.080648e-02;1.052659e-02;2.723255e-02;1.252360e-01;1.145908e-01
1.210763e-02;1.786838e-02;9.823453e-02;1.822388e-01;3.116825e-01;4.021786e-02;2.243491e-02;9.771924e-03;1.227513e-02;2.937588e-02;9.121400e-02;1.725784e-01
2.955947e-02;2.487581e-02;9.610232e-02;1.311466e-01;2.897997e-01;6.593844e-02;5.152759e-02;2.156806e-02;2.260093e-02;2.276952e-02;2.534865e-02;2.187629e-01
3.964306e-02;2.618524e-02;8.249960e-02;9.074027e-02;2.713207e-01;6.339170e-02;5.508295e-02;2.535438e-02;2.158107e-02;1.930705e-02;4.668845e-02;2.582055e-01
2.253247e-02;1.626467e-02;7.041103e-02;7.804081e-02;3.018564e-01;4.312493e-02;4.199071e-02;1.661382e-02;1.233112e-02;1.380227e-02;7.298596e-02;3.100457e-01
5.284192e-03;1.072700e-02;6.477316e-02;6.175244e-02;3.725407e-01;3.158867e-02;2.934271e-02;6.401671e-03;1.599996e-02;9.331459e-03;4.691729e-02;3.453407e-01
4.714923e-03;1.180307e-02;6.412829e-02;5.810285e-02;3.862704e-01;3.162828e-02;2.393076e-02;5.287924e-03;2.540226e-02;8.574042e-03;3.738583e-02;3.427714e-01
5.775989e-03;5.639096e-03;6.858301e-02;5.549664e-02;3.764465e-01;3.491573e-02;2.819503e-02;3.660167e-03;3.867160e-02;1.113609e-02;2.769543e-02;3.437847e-01
8.277328e-03;7.734572e-03;6.963448e-02;4.939707e-02;3.555671e-01;4.423824e-02;4.367016e-02;3.511566e-03;5.308235e-02;1.292407e-02;1.453920e-02;3.374238e-01
1.564569e-02;1.332459e-02;9.822775e-02;5.124041e-02;2.990099e-01;5.546961e-02;7.780295e-02;1.011118e-02;6.546985e-02;1.494923e-02;1.352423e-02;2.852246e-01
3.562363e-02;2.101488e-02;1.661875e-01;6.787690e-02;2.235789e-01;5.645559e-02;9.861885e-02;2.180340e-02;6.052465e-02;1.486513e-02;3.035254e-02;2.030981e-01
3.514390e-02;2.393764e-02;2.772701e-01;9.091953e-02;1.864155e-01;5.095480e-02;9.805616e-02;2.631337e-02;4.013136e-02;2.333907e-02;3.659547e-02;1.109230e-01
1.674383e-02;3.306588e-02;3.339993e-01;1.187227e-01;1.705862e-01;5.562787e-02;5.880627e-02;4.107826e-02;1.677974e-02;2.520330e-02;8.630671e-02;4.307986e-02
1.307624e-02;5.009346e-02;3.108872e-01;1.385861e-01;1.574825e-01;5.069165e-02;1.660553e-02;5.454775e-02;1.602244e-02;2.176375e-02;1.252370e-01;4.500642e-02
2.440283e-02;6.429652e-02;2.638260e-01;1.456901e-01;1.661163e-01;6.125894e-02;3.214936e-02;3.850869e-02;2.160777e-02;2.996826e-02;1.183678e-01;3.380735e-02
3.233152e-02;4.696527e-02;1.459696e-01;1.264778e-01;1.879822e-01;6.931946e-02;8.261513e-02;3.475327e-02;2.656000e-02;3.402353e-02;9.144155e-02;1.215607e-01
1.960742e-02;2.143310e-02;1.285677e-01;1.098258e-01;2.329015e-01;6.771196e-02;8.624449e-02;2.957830e-02;2.661910e-02;2.275486e-02;7.440839e-02;1.803474e-01
7.450063e-03;1.211595e-02;1.436073e-01;1.188229e-01;2.691877e-01;5.259852e-02;3.738774e-02;2.070711e-02;2.078110e-02;1.773241e-02;8.519125e-02;2.144180e-01
8.980297e-03;1.675924e-02;1.622040e-01;1.588854e-01;2.238332e-01;3.761587e-02;2.319832e-02;2.864100e-02;9.003835e-03;2.126985e-02;1.398115e-01;1.697976e-01
2.614954e-03;1.966427e-02;1.838762e-01;2.054341e-01;1.650642e-01;3.300738e-02;2.135586e-02;3.659943e-02;7.115075e-03;2.045632e-02;1.929773e-01;1.118348e-01
6.118106e-03;1.883885e-02;2.002754e-01;2.496371e-01;1.129935e-01;2.913403e-02;1.475481e-02;4.912278e-02;4.912317e-03;1.265426e-02;2.368466e-01;6.471228e-02
6.904575e-03;1.799755e-02;2.256636e-01;2.716935e-01;8.641999e-02;2.435847e-02;6.724710e-03;5.549372e-02;4.070761e-03;7.402212e-03;2.618147e-01;3.145616e-02
3.665903e-03;1.226732e-02;2.888901e-01;2.606260e-01;7.219374e-02;2.410424e-02;8.993457e-03;4.255228e-02;2.326877e-03;1.415062e-02;2.581773e-01;1.205215e-02
4.553047e-03;8.450970e-03;3.845546e-01;2.235608e-01;6.685558e-02;2.321471e-02;1.126111e-02;2.366428e-02;1.462684e-03;2.660890e-02;2.215042e-01;4.309079e-03
8.585298e-03;1.662618e-02;4.960499e-01;1.584352e-01;5.905778e-02;2.257054e-02;1.974458e-02;1.369477e-02;7.188572e-03;3.361146e-02;1.577120e-01;6.723670e-03
1.199014e-02;1.734237e-02;6.435535e-01;9.696641e-02;2.529548e-02;1.845081e-02;3.256316e-02;5.126214e-03;6.159777e-03;4.474651e-02;9.074423e-02;7.061385e-03
1.339936e-02;1.444529e-02;7.398964e-01;7.066315e-02;3.070795e-02;1.366122e-02;3.636671e-02;4.923945e-03;5.651672e-03;3.938355e-02;2.706722e-02;3.833569e-03
7.139181e-03;2.224790e-02;7.991446e-01;5.710893e-02;3.107574e-02;7.839737e-03;1.765159e-02;6.199296e-03;5.675287e-03;3.081395e-02;9.968209e-03;5.135500e-03
7.383966e-03;2.812352e-02;8.001398e-01;5.054379e-02;3.354978e-02;7.230061e-03;1.804039e-02;5.493568e-03;6.259572e-03;2.881034e-02;1.028893e-02;4.136213e-03
1.350633e-02;3.555456e-02;7.687243e-01;4.413961e-02;3.736179e-02;1.157102e-02;2.398809e-02;8.596277e-03;1.434890e-02;2.209638e-02;1.330181e-02;6.810905e-03
2.197616e-02;3.500115e-02;7.442005e-01;5.098172e-02;3.462549e-02;7.714300e-03;2.951101e-02;1.059458e-02;1.743210e-02;1.746819e-02;2.150808e-02;8.986777e-03
5.599314e-02;2.342111e-02;5.655650e-01;4.198010e-02;5.581567e-02;2.794677e-02;5.113422e-02;2.404215e-02;3.979244e-02;3.995904e-02;4.122852e-02;3.312183e-02
8.734550e-02;7.482243e-02;3.417313e-01;4.362788e-02;7.617495e-02;4.137425e-02;5.648335e-02;4.349400e-02;5.345444e-02;6.818452e-02;6.047881e-02;5.282863e-02
6.875965e-02;1.094947e-01;2.703363e-01;5.689942e-02;7.787506e-02;4.195159e-02;4.589475e-02;5.065861e-02;6.694538e-02;8.680928e-02;7.328296e-02;5.109241e-02
8.627618e-02;1.046607e-01;2.702332e-01;5.230895e-02;7.185474e-02;2.712027e-02;1.054959e-01;4.282055e-02;5.526634e-02;7.199399e-02;5.533613e-02;5.663304e-02
8.652751e-02;6.846074e-02;1.184467e-01;5.860205e-02;5.572447e-02;6.218259e-02;1.002847e-01;8.157677e-02;1.106331e-01;9.254408e-02;8.124528e-02;8.377198e-02
8.547528e-02;9.892797e-02;8.975432e-02;5.492024e-02;3.848168e-02;7.745374e-02;1.320860e-01;9.449192e-02;1.084880e-01;8.876783e-02;5.986152e-02;7.129155e-02
6.594747e-02;8.597456e-02;1.156779e-01;7.945997e-02;5.334444e-02;8.218345e-02;1.293103e-01;8.818027e-02;9.442797e-02;8.388367e-02;5.816273e-02;6.344727e-02
3.746502e-02;5.328414e-02;1.635119e-01;9.953996e-02;1.158095e-01;9.760196e-02;1.550147e-01;5.259300e-02;4.853130e-02;4.849610e-02;6.278794e-02;6.536434e-02
3.944116e-02;3.786570e-02;2.255333e-01;1.305691e-01;1.661597e-01;6.869464e-02;1.107011e-01;3.104507e-02;2.130773e-02;2.988991e-02;7.953285e-02;5.925979e-02
2.557347e-02;2.884268e-02;2.194846e-01;2.107231e-01;1.929127e-01;4.572636e-02;4.797770e-02;3.408497e-02;8.146059e-03;2.119472e-02;1.190326e-01;4.630100e-02
8.137732e-03;2.492348e-02;1.373673e-01;3.232826e-01;1.883662e-01;2.984000e-02;1.554743e-02;5.217818e-02;6.324049e-03;1.377604e-02;1.761816e-01;2.407542e-02
1.225383e-02;2.257014e-02;1.373575e-01;3.467029e-01;1.447981e-01;2.297354e-02;1.202431e-02;7.333849e-02;6.690083e-03;9.140867e-03;1.910149e-01;2.113533e-02
7.227302e-03;2.193615e-02;1.530965e-01;3.515019e-01;1.288280e-01;1.912263e-02;9.415941e-03;7.878656e-02;8.601360e-03;1.632984e-02;1.763762e-01;2.877756e-02
9.145082e-03;2.336564e-02;1.381393e-01;3.340785e-01;1.660312e-01;2.203409e-02;1.269717e-02;6.143286e-02;1.334079e-02;2.913626e-02;1.250846e-01;6.551453e-02
1.017276e-02;1.810687e-02;1.245719e-01;2.582471e-01;2.276924e-01;3.656902e-02;3.771897e-02;3.239096e-02;2.665723e-02;3.806432e-02;6.201904e-02;1.277894e-01
1.382695e-02;1.347041e-02;1.483899e-01;1.586741e-01;2.502793e-01;6.332246e-02;6.398755e-02;1.912698e-02;5.404393e-02;2.756930e-02;2.489562e-02;1.624135e-01
2.153918e-02;1.483450e-02;1.737435e-01;8.517438e-02;2.450121e-01;7.038658e-02;8.757904e-02;1.397249e-02;6.414449e-02;1.679861e-02;2.370373e-02;1.831114e-01
1.708806e-02;1.914215e-02;2.053303e-01;6.680121e-02;2.084505e-01;6.110170e-02;1.158967e-01;1.221538e-02;7.034492e-02;1.625619e-02;2.668590e-02;1.806870e-01
2.105050e-02;1.471440e-02;2.743672e-01;7.636307e-02;2.011641e-01;5.608711e-02;1.022886e-01;1.568396e-02;4.980242e-02;4.372725e-02;1.205413e-02;1.326973e-01
1.285018e-02;2.932916e-02;2.243132e-01;6.225510e-02;2.653702e-01;8.120972e-02;8.440702e-02;1.434203e-02;4.056932e-02;6.333187e-02;3.054338e-02;9.147885e-02
2.295834e-02;1.902374e-02;1.383957e-01;3.645113e-02;2.550379e-01;1.033577e-01;1.666258e-01;1.354428e-02;7.150739e-02;3.612514e-02;2.142909e-02;1.155438e-01
3.452408e-02;1.233128e-02;1.844753e-01;2.754168e-02;2.252300e-01;1.232009e-01;1.772927e-01;1.021991e-02;7.480384e-02;1.677945e-02;5.421520e-03;1.081791e-01
3.420722e-02;5.847550e-03;1.808701e-01;2.835848e-02;2.301440e-01;1.252291e-01;1.671014e-01;8.570003e-03;6.782438e-02;9.145085e-03;8.620890e-03;1.340818e-01
2.161271e-02;6.779213e-03;1.621054e-01;5.244562e-02;2.391261e-01;9.554029e-02;1.574097e-01;1.658594e-02;6.240446e-02;9.023001e-03;2.059271e-02;1.563748e-01
1.672962e-02;1.399604e-02;2.239753e-01;9.243318e-02;1.963932e-01;6.442368e-02;1.284194e-01;3.048316e-02;3.947873e-02;1.530311e-02;4.425854e-02;1.341060e-01
1.802580e-02;2.685799e-02;3.724406e-01;1.204678e-01;1.249260e-01;3.188283e-02;9.367640e-02;4.307907e-02;1.451692e-02;1.657303e-02;6.103339e-02;7.652018e-02
2.941810e-02;2.949548e-02;5.052156e-01;9.341164e-02;8.283148e-02;3.156870e-02;6.828798e-02;3.945324e-02;2.354572e-02;2.232983e-02;5.211391e-02;2.232832e-02
6.752615e-02;5.724518e-02;3.760362e-01;6.351491e-02;6.475848e-02;6.256046e-02;7.856972e-02;4.768843e-02;5.510318e-02;4.645213e-02;3.244311e-02;4.810204e-02
8.508330e-02;4.756468e-02;1.029341e-01;6.138784e-02;7.642087e-02;8.154635e-02;1.741319e-01;9.843603e-02;7.739697e-02;5.143638e-02;5.100331e-02;9.265827e-02
5.796837e-02;2.633466e-02;8.479048e-02;7.513791e-02;9.363119e-02;8.008198e-02;1.532604e-01;7.613368e-02;7.613600e-02;5.489985e-02;1.112846e-01;1.103408e-01
3.782549e-02;2.285424e-02;9.984583e-02;1.029396e-01;9.507155e-02;6.618804e-02;9.953310e-02;7.042721e-02;6.769410e-02;3.317071e-02;2.020712e-01;1.023790e-01
2.155694e-02;1.467459e-02;1.283897e-01;1.309767e-01;7.313313e-02;3.782031e-02;4.524934e-02;5.616306e-02;4.603712e-02;2.448734e-02;3.427935e-01;7.871830e-02
1.313633e-02;1.215949e-02;1.753470e-01;1.253210e-01;3.317539e-02;1.172328e-02;1.173545e-02;2.748907e-02;2.598105e-02;7.065518e-02;4.616449e-01;3.163185e-02
2.552163e-02;1.314556e-02;2.103630e-01;1.120492e-01;2.079151e-02;7.109964e-03;1.302755e-02;1.287773e-02;3.531270e-02;1.083298e-01;4.305380e-01;1.093328e-02
3.611005e-02;2.049842e-02;2.236720e-01;1.218093e-01;2.005744e-02;7.268195e-03;1.492902e-02;9.176943e-03;3.720675e-02;1.305809e-01;3.687212e-01;9.969834e-03
2.818183e-02;1.379968e-02;2.066307e-01;1.500942e-01;1.873070e-02;1.322058e-02;1.493699e-02;1.579774e-02;3.388113e-02;1.056326e-01;3.915867e-01;7.507257e-03
1.360220e-02;1.147651e-02;1.822970e-01;1.891558e-01;2.074382e-02;1.827356e-02;1.052064e-02;1.855165e-02;2.735820e-02;8.079585e-02;4.177315e-01;9.493344e-03
1.974978e-02;1.095520e-02;1.573080e-01;2.187794e-01;2.329754e-02;2.386891e-02;8.524109e-03;2.534301e-02;2.148932e-02;6.605870e-02;4.208046e-01;3.821430e-03
1.275730e-02;1.201752e-02;1.193923e-01;2.642398e-01;2.013000e-02;3.916338e-02;8.439016e-03;3.858043e-02;1.206851e-02;4.402918e-02;4.202180e-01;8.964607e-03
8.065216e-03;1.802752e-02;1.016669e-01;3.001979e-01;1.959912e-02;4.684674e-02;8.316008e-03;4.913627e-02;1.055618e-02;3.002854e-02;3.798133e-01;2.774630e-02
1.363986e-02;1.396941e-02;9.285422e-02;3.664992e-01;1.553253e-02;4.770537e-02;6.806639e-03;5.308092e-02;8.875542e-03;1.019954e-02;3.589807e-01;1.185607e-02
1.703439e-02;1.171549e-02;8.405355e-02;4.178611e-01;1.603097e-02;4.202233e-02;6.058612e-03;4.624343e-02;6.894541e-03;1.193582e-02;3.334175e-01;6.732250e-03
8.429370e-03;2.589995e-02;7.768763e-02;4.301646e-01;1.596219e-02;3.559094e-02;4.458881e-03;5.090319e-02;6.283729e-03;9.019998e-03;3.228520e-01;1.274754e-02
4.367926e-03;3.472331e-02;7.948995e-02;4.135903e-01;2.041163e-02;3.166291e-02;4.599574e-03;5.410722e-02;5.380167e-03;1.252956e-02;3.251958e-01;1.394164e-02
4.796895e-03;3.837886e-02;9.266226e-02;3.877557e-01;1.886063e-02;3.054715e-02;4.025278e-03;5.841784e-02;4.913552e-03;1.434028e-02;3.378989e-01;7.402761e-03
7.918224e-03;4.083493e-02;1.289202e-01;3.271759e-01;2.694626e-02;2.847795e-02;6.296015e-03;5.629557e-02;6.340145e-03;2.789938e-02;3.349044e-01;7.990989e-03
1.185006e-02;4.529649e-02;1.942798e-01;2.524412e-01;3.045904e-02;2.730205e-02;1.122546e-02;4.763980e-02;1.115499e-02;5.934284e-02;3.000700e-01;8.938135e-03
1.689114e-02;5.201452e-02;2.925456e-01;1.785134e-01;3.215113e-02;2.960209e-02;3.698444e-02;3.845577e-02;1.765114e-02;7.580250e-02;2.209023e-01;8.485892e-03
2.331551e-02;4.631485e-02;4.591124e-01;1.282265e-01;2.602574e-02;2.375128e-02;5.933585e-02;2.428152e-02;1.719121e-02;6.039936e-02;1.187178e-01;1.332796e-02
2.056367e-02;3.015838e-02;6.434981e-01;1.114154e-01;4.008401e-02;1.635185e-02;4.128858e-02;1.114262e-02;1.390527e-02;3.952033e-02;1.950445e-02;1.256737e-02
8.521546e-03;2.674729e-02;7.478443e-01;9.665123e-02;2.771494e-02;8.501894e-03;1.273810e-02;1.331610e-02;8.764101e-03;3.673534e-02;1.010544e-02;2.359655e-03
8.665112e-03;4.168298e-02;7.648051e-01;6.598174e-02;2.322712e-02;7.811911e-03;1.067159e-02;1.585723e-02;1.497287e-02;2.971072e-02;1.292203e-02;3.691587e-03
1.514468e-02;6.649109e-02;7.509901e-01;4.764693e-02;1.512121e-02;8.163862e-03;1.371182e-02;1.545041e-02;2.664292e-02;1.857007e-02;1.499697e-02;7.069953e-03
2.771602e-02;9.638914e-02;7.209250e-01;3.811546e-02;1.070521e-02;1.259822e-02;1.783617e-02;1.042044e-02;3.874633e-02;7.217849e-03;1.412022e-02;5.209980e-03
5.395577e-02;1.148353e-01;6.853303e-01;3.663687e-02;6.682233e-03;1.221973e-02;9.298603e-03;5.982012e-03;4.828057e-02;8.247030e-03;1.307909e-02;5.452443e-03
7.253281e-02;1.240210e-01;6.449611e-01;3.545187e-02;5.036000e-03;7.364606e-03;1.312506e-02;1.262667e-02;5.283234e-02;8.051883e-03;1.574492e-02;8.251717e-03
9.020326e-02;1.377363e-01;6.361650e-01;3.000370e-02;7.845466e-03;6.890513e-03;5.852376e-03;1.072970e-02;4.262327e-02;7.974723e-03;1.390628e-02;1.006944e-02
1.166705e-01;1.395584e-01;5.998185e-01;2.302730e-02;8.778390e-03;7.120198e-03;1.198256e-02;1.315598e-02;4.088748e-02;1.161702e-02;1.481995e-02;1.256383e-02
1.336845e-01;1.462825e-01;5.920232e-01;2.243937e-02;7.141604e-03;6.352322e-03;1.325103e-02;1.223659e-02;3.074748e-02;8.500773e-03;1.517146e-02;1.216917e-02
1.346332e-01;1.552518e-01;5.752596e-01;2.243335e-02;6.115797e-03;4.992368e-03;1.442095e-02;1.167320e-02;3.667132e-02;8.286363e-03;1.680438e-02;1.345774e-02
1.227340e-01;1.624962e-01;5.799885e-01;2.312251e-02;7.910172e-03;5.830624e-03;1.585430e-02;6.034595e-03;4.170737e-02;8.874342e-03;1.232954e-02;1.311790e-02
1.093483e-01;1.672410e-01;5.916638e-01;2.153360e-02;5.620640e-03;7.710943e-03;1.047944e-02;6.502350e-03;5.485911e-02;7.754738e-03;8.042196e-03;9.243899e-03
8.240163e-02;1.643552e-01;6.125754e-01;2.115231e-02;5.549571e-03;1.059089e-02;8.209337e-03;7.749551e-03;6.294215e-02;6.540970e-03;7.939433e-03;9.993583e-03
5.122506e-02;1.444451e-01;6.690359e-01;2.298021e-02;5.349417e-03;1.241303e-02;1.111639e-02;7.645481e-03;4.921963e-02;9.117075e-03;6.057023e-03;1.139568e-02
2.792469e-02;9.631259e-02;7.153088e-01;3.293493e-02;1.269598e-02;1.053908e-02;1.975587e-02;9.890838e-03;3.047435e-02;2.598393e-02;5.465099e-03;1.271380e-02
6.927071e-03;5.328605e-02;7.049740e-01;4.820265e-02;2.884923e-02;1.276942e-02;2.443855e-02;1.420275e-02;4.091312e-02;4.863793e-02;6.440370e-03;1.035886e-02
7.270203e-03;2.788409e-02;6.642671e-01;6.072282e-02;4.197229e-02;1.397595e-02;2.452212e-02;1.179501e-02;7.860110e-02;4.973682e-02;1.344006e-02;5.812441e-03
5.226502e-03;1.199675e-02;6.265161e-01;8.248016e-02;6.221656e-02;1.860378e-02;1.419879e-02;8.158672e-03;1.081194e-01;3.073292e-02;2.758055e-02;4.169850e-03
4.596304e-03;9.089295e-03;5.336540e-01;1.109862e-01;9.587874e-02;3.613611e-02;1.555470e-02;2.812142e-02;7.800676e-02;2.903908e-02;5.323512e-02;5.702300e-03
6.719809e-03;1.064997e-02;4.197375e-01;1.172206e-01;1.491956e-01;5.175910e-02;1.222402e-02;4.481070e-02;2.774612e-02;7.592655e-02;5.905920e-02;2.495085e-02
4.968018e-03;9.342179e-03;2.621233e-01;8.877900e-02;2.129834e-01;7.042684e-02;7.746457e-02;2.931437e-02;2.341552e-02;1.142518e-01;4.004971e-02;6.688137e-02
7.996814e-03;5.429609e-03;1.383248e-01;5.484429e-02;2.585478e-01;9.337746e-02;1.618569e-01;3.396010e-02;5.345596e-02;6.949912e-02;1.891016e-02;1.037970e-01
1.945210e-02;5.614638e-03;1.020027e-01;3.528667e-02;2.597189e-01;1.077501e-01;2.479048e-01;2.529474e-02;6.876282e-02;1.771259e-02;6.310410e-03;1.041896e-01
3.067883e-02;9.364528e-03;1.284756e-01;4.455910e-02;2.536745e-01;9.961230e-02;2.431618e-01;1.899670e-02;5.651117e-02;1.275007e-02;7.277327e-03;9.493805e-02
4.017352e-02;1.229843e-02;1.619082e-01;5.872981e-02;2.755407e-01;9.047453e-02;1.573922e-01;2.102299e-02;4.426743e-02;1.946003e-02;1.192349e-02;1.068086e-01
3.388372e-02;1.142118e-02;1.206906e-01;4.192396e-02;2.710719e-01;1.279187e-01;1.843059e-01;1.769621e-02;3.984040e-02;2.504472e-02;1.984394e-02;1.063587e-01
2.088088e-02;1.394184e-02;9.261622e-02;3.315222e-02;2.826445e-01;1.581495e-01;1.929995e-01;1.332585e-02;4.039622e-02;2.330040e-02;2.313385e-02;1.054591e-01
1.457740e-02;7.026387e-03;9.795641e-02;3.203120e-02;3.096676e-01;1.694257e-01;2.049527e-01;1.040880e-02;3.663336e-02;1.558429e-02;1.581401e-02;8.592214e-02
2.274123e-02;1.222549e-02;1.219583e-01;3.573418e-02;3.250073e-01;1.711313e-01;1.553655e-01;8.978265e-03;4.314670e-02;9.401148e-03;1.161332e-02;8.269743e-02
5.413300e-02;3.686645e-02;1.454920e-01;5.358728e-02;2.489732e-01;1.526806e-01;1.327704e-01;2.307794e-02;4.663096e-02;2.280609e-02;1.817748e-02;6.480468e-02
1.180553e-01;3.673057e-02;9.863066e-02;3.487992e-02;1.579179e-01;1.462661e-01;2.266253e-01;2.666719e-02;3.767813e-02;3.432654e-02;2.558000e-02;5.664228e-02
1.717562e-01;1.956773e-02;7.024849e-02;1.468020e-02;1.410270e-01;1.728114e-01;2.337724e-01;1.547972e-02;3.180645e-02;2.155745e-02;1.566003e-02;9.163297e-02
1.603280e-01;1.021425e-02;6.574852e-02;1.448689e-02;1.837484e-01;1.615917e-01;1.571786e-01;6.548582e-03;4.253425e-02;9.883733e-03;7.869934e-03;1.798671e-01
8.826146e-02;7.107465e-03;7.168362e-02;2.209812e-02;2.212580e-01;1.018163e-01;8.303506e-02;5.874279e-03;5.466840e-02;6.400662e-03;1.701627e-02;3.207805e-01
3.037308e-02;7.087993e-03;7.150848e-02;3.318417e-02;2.359775e-01;6.235272e-02;4.601343e-02;4.029693e-03;4.894312e-02;7.782316e-03;3.367823e-02;4.190693e-01
1.104056e-02;1.603892e-02;8.011223e-02;7.216769e-02;2.252876e-01;4.374444e-02;3.560244e-02;7.045205e-03;3.221866e-02;1.195036e-02;7.365105e-02;3.911408e-01
1.443348e-02;3.730308e-02;1.531395e-01;1.396544e-01;1.809890e-01;3.077416e-02;1.829191e-02;1.410821e-02;1.165405e-02;1.285703e-02;1.455734e-01;2.412218e-01
1.433423e-02;5.574246e-02;2.891782e-01;1.664910e-01;1.173806e-01;2.309895e-02;1.897114e-02;2.244683e-02;1.057596e-02;1.915704e-02;1.757291e-01;8.689444e-02
1.008218e-02;5.536140e-02;4.330044e-01;1.389259e-01;7.830591e-02;2.311420e-02;2.659047e-02;2.090850e-02;1.582834e-02;1.839132e-02;1.485065e-01;3.098099e-02
2.858833e-02;7.122861e-02;5.275084e-01;8.121714e-02;5.194413e-02;1.672905e-02;2.815228e-02;1.247818e-02;1.993941e-02;4.280359e-02;9.824736e-02;2.116345e-02
6.098929e-02;1.268628e-01;4.955007e-01;4.150128e-02;3.002874e-02;1.684244e-02;2.437487e-02;1.545438e-02;3.341537e-02;6.488317e-02;6.433025e-02;2.581659e-02
1.041526e-01;1.718339e-01;3.777035e-01;4.783729e-02;2.639939e-02;2.647131e-02;2.391994e-02;1.949670e-02;6.637377e-02;5.052589e-02;5.358032e-02;3.170544e-02
1.498773e-01;1.456722e-01;2.907723e-01;6.353226e-02;5.444654e-02;4.166894e-02;3.353781e-02;2.744887e-02;5.537144e-02;3.163644e-02;5.280700e-02;5.322890e-02
1.005944e-01;9.355492e-02;2.992375e-01;8.350424e-02;6.694461e-02;5.005026e-02;7.631321e-02;2.942954e-02;4.033510e-02;5.179063e-02;5.890345e-02;4.934214e-02
4.024502e-02;7.671146e-02;4.596539e-01;6.583184e-02;5.211191e-02;3.569440e-02;6.780904e-02;2.715035e-02;4.824177e-02;5.676763e-02;4.200554e-02;2.777716e-02
3.642978e-02;4.436031e-02;4.855078e-01;7.312974e-02;8.063879e-02;4.101400e-02;9.004842e-02;1.869114e-02;3.171352e-02;4.591901e-02;3.166001e-02;2.088749e-02
4.228996e-02;5.305061e-02;4.675640e-01;8.980169e-02;6.411621e-02;4.598919e-02;9.041918e-02;1.660997e-02;2.433837e-02;5.982982e-02;2.771298e-02;1.827798e-02
4.018880e-02;4.871559e-02;4.971008e-01;9.496178e-02;5.425062e-02;5.247874e-02;4.697992e-02;1.547588e-02;3.589530e-02;6.862863e-02;3.355779e-02;1.176619e-02
2.597298e-02;2.544368e-02;5.175781e-01;9.487499e-02;5.810731e-02;7.331982e-02;2.045620e-02;2.267431e-02;5.801613e-02;5.812614e-02;4.109113e-02;4.339159e-03
2.575707e-02;2.585792e-02;5.111152e-01;7.435716e-02;4.325480e-02;6.362029e-02;4.246893e-02;3.057700e-02;7.963511e-02;6.122238e-02;3.709371e-02;5.040454e-03
2.325730e-02;5.280383e-02;5.624406e-01;4.222161e-02;3.245602e-02;3.504162e-02;4.276820e-02;2.618423e-02;8.524236e-02;6.285055e-02;2.784899e-02;6.884704e-03
1.261707e-02;6.330878e-02;6.738676e-01;3.317457e-02;2.843511e-02;1.422840e-02;3.055429e-02;2.909250e-02;4.962109e-02;4.026521e-02;1.506848e-02;9.766899e-03
1.529474e-02;5.562617e-02;7.228217e-01;4.226055e-02;2.983719e-02;1.299034e-02;1.201561e-02;1.650577e-02;2.465448e-02;4.944334e-02;9.485520e-03;9.064650e-03
5.656375e-03;4.316885e-02;7.566946e-01;4.226812e-02;2.669440e-02;9.440632e-03;1.237045e-02;7.722527e-03;1.653149e-02;6.792581e-02;5.907563e-03;5.619135e-03
7.662299e-03;3.683882e-02;7.689281e-01;3.807449e-02;2.742566e-02;6.122950e-03;1.236216e-02;5.435023e-03;1.186542e-02;7.877088e-02;3.056220e-03;3.457977e-03
5.935994e-03;2.962740e-02;7.824792e-01;4.135765e-02;2.826178e-02;5.680652e-03;1.618921e-02;4.743851e-03;5.785700e-03;7.287090e-02;3.956143e-03;3.111485e-03
3.580459e-03;2.126695e-02;7.964864e-01;4.825712e-02;3.282511e-02;8.163081e-03;1.456336e-02;3.514263e-03;5.335947e-03;5.874522e-02;3.210527e-03;4.051565e-03
9.415132e-03;3.023974e-02;7.754108e-01;5.019697e-02;3.801230e-02;1.011282e-02;1.455360e-02;6.649303e-03;6.637880e-03;4.455351e-02;5.555993e-03;8.661964e-03
2.540505e-02;4.181839e-02;7.484193e-01;4.463213e-02;3.422857e-02;9.775531e-03;1.616480e-02;9.685144e-03;1.330246e-02;3.240965e-02;9.701586e-03;1.445737e-02
3.234035e-02;4.627461e-02;6.795043e-01;4.156408e-02;2.545989e-02;1.200824e-02;4.268515e-02;1.731151e-02;2.644646e-02;3.336402e-02;3.030710e-02;1.273426e-02
1.802799e-02;4.573205e-02;5.687935e-01;4.533443e-02;4.010091e-02;2.515853e-02;6.578015e-02;2.254031e-02;3.841507e-02;5.481248e-02;4.955472e-02;2.574989e-02
6.124318e-02;5.484764e-02;4.789563e-01;5.419424e-02;4.972129e-02;2.989498e-02;3.950117e-02;3.007965e-02;5.256019e-02;5.482342e-02;5.456576e-02;3.961222e-02
8.338512e-02;4.718893e-02;3.948797e-01;5.646278e-02;6.253310e-02;3.109577e-02;7.049476e-02;3.210991e-02;6.711035e-02;5.264724e-02;5.991943e-02;4.217289e-02
1.211413e-01;9.053190e-02;3.201948e-01;5.033300e-02;5.777979e-02;4.326154e-02;6.571402e-02;3.420347e-02;5.437993e-02;6.286728e-02;5.418976e-02;4.540325e-02
1.045911e-01;1.059186e-01;2.665952e-01;4.613326e-02;4.538128e-02;4.923014e-02;1.160214e-01;5.933854e-02;3.712917e-02;5.978607e-02;4.943566e-02;6.043953e-02
1.423005e-01;4.952836e-02;2.681535e-01;5.092094e-02;3.887492e-02;4.523517e-02;8.358424e-02;8.407039e-02;5.556430e-02;5.379895e-02;5.282234e-02;7.514640e-02
1.337739e-01;6.572277e-02;1.592541e-01;8.107092e-02;5.468421e-02;4.773794e-02;7.572153e-02;1.014527e-01;7.756888e-02;6.584051e-02;6.938093e-02;6.779149e-02
1.232468e-01;6.896020e-02;9.138826e-02;6.498601e-02;7.803260e-02;6.618943e-02;8.547744e-02;7.931172e-02;9.151640e-02;9.263623e-02;8.666739e-02;7.158755e-02
1.257147e-01;7.721052e-02;7.713675e-02;4.960958e-02;6.796797e-02;6.770798e-02;8.309306e-02;8.197053e-02;1.050249e-01;1.153286e-01;7.908522e-02;7.015024e-02
1.085099e-01;1.008944e-01;1.602928e-01;6.558127e-02;6.094273e-02;6.656468e-02;9.514333e-02;1.025601e-01;9.068321e-02;5.741891e-02;3.441636e-02;5.699236e-02
9.250084e-02;1.053422e-01;1.732246e-01;6.413014e-02;7.113689e-02;5.270096e-02;1.080642e-01;1.180937e-01;7.716502e-02;6.560452e-02;2.945090e-02;4.258601e-02
1.029380e-01;8.981091e-02;1.574581e-01;3.717312e-02;6.470837e-02;6.880924e-02;7.934511e-02;1.097154e-01;9.183194e-02;1.014196e-01;4.376386e-02;5.302636e-02
6.198665e-02;7.037633e-02;9.635523e-02;7.443930e-02;8.864695e-02;1.024937e-01;1.010507e-01;7.526831e-02;7.622771e-02;1.238307e-01;7.836030e-02;5.096406e-02
6.790631e-02;5.939632e-02;9.796391e-02;8.233100e-02;8.473668e-02;1.192401e-01;9.865332e-02;5.335651e-02;7.246322e-02;1.280709e-01;7.386392e-02;6.201788e-02
6.581608e-02;5.303825e-02;9.817989e-02;9.132729e-02;9.145556e-02;1.223189e-01;9.453873e-02;5.076265e-02;6.249247e-02;1.304997e-01;8.712092e-02;5.244956e-02
7.082412e-02;5.619871e-02;1.011418e-01;9.488897e-02;1.157101e-01;9.150697e-02;8.746073e-02;4.735944e-02;5.073650e-02;1.305924e-01;1.108401e-01;4.274008e-02
6.271263e-02;6.433018e-02;9.480596e-02;7.128468e-02;1.199171e-01;7.563025e-02;1.102091e-01;4.482888e-02;7.919706e-02;1.225072e-01;7.751392e-02;7.706317e-02
8.692937e-02;7.393201e-02;1.354847e-01;4.900052e-02;8.781401e-02;6.152324e-02;1.178039e-01;6.122957e-02;9.226222e-02;1.203445e-01;4.557673e-02;6.809925e-02
8.900849e-02;9.042581e-02;1.914145e-01;3.969510e-02;7.767192e-02;5.293933e-02;1.298857e-01;5.722002e-02;9.155273e-02;1.010782e-01;4.442789e-02;3.468028e-02
9.506238e-02;9.191879e-02;1.975323e-01;5.576529e-02;7.311291e-02;3.183136e-02;1.837029e-01;4.150105e-02;7.590229e-02;8.249812e-02;4.044141e-02;3.073126e-02
7.653686e-02;9.238780e-02;2.281972e-01;5.387327e-02;6.566739e-02;3.562745e-02;1.802763e-01;3.525404e-02;8.869445e-02;8.503263e-02;3.777632e-02;2.067631e-02
4.892386e-02;8.224311e-02;2.313976e-01;5.627405e-02;6.786160e-02;4.990096e-02;1.664033e-01;5.366162e-02;9.501692e-02;8.609945e-02;4.010947e-02;2.210812e-02
5.500051e-02;6.763779e-02;1.852781e-01;6.286870e-02;6.640624e-02;6.517032e-02;1.563648e-01;7.445618e-02;9.438008e-02;8.608136e-02;4.674164e-02;3.961430e-02
7.084083e-02;8.771538e-02;1.038420e-01;5.271863e-02;7.951748e-02;4.961997e-02;1.369556e-01;6.529776e-02;1.154681e-01;1.244762e-01;7.101730e-02;4.253077e-02
1.231170e-01;9.732039e-02;7.848886e-02;4.307941e-02;8.404133e-02;5.490605e-02;1.142653e-01;6.356423e-02;8.457239e-02;1.633858e-01;6.228907e-02;3.097019e-02
1.370886e-01;8.592635e-02;9.121227e-02;3.683975e-02;6.573494e-02;5.972346e-02;1.588876e-01;6.913944e-02;7.167102e-02;1.450068e-01;3.824700e-02;4.052277e-02
8.358995e-02;4.283891e-02;6.259508e-02;3.025719e-02;6.857461e-02;7.668307e-02;3.747166e-01;7.128760e-02;5.971041e-02;7.568009e-02;3.292003e-02;2.114650e-02
3.213955e-02;2.482999e-02;5.399834e-02;1.778315e-02;8.654593e-02;8.786485e-02;5.312690e-01;4.194527e-02;3.414368e-02;4.535606e-02;2.438799e-02;1.973617e-02
3.216804e-02;2.062120e-02;6.337029e-02;1.488894e-02;1.061922e-01;1.114780e-01;5.254209e-01;2.071046e-02;1.553104e-02;5.368286e-02;2.193048e-02;1.400559e-02
5.306399e-02;1.324531e-02;4.366504e-02;1.641587e-02;1.193980e-01;1.417654e-01;5.176648e-01;1.220471e-02;8.407035e-03;5.388076e-02;1.481315e-02;5.475888e-03
5.305651e-02;1.176928e-02;1.984963e-02;1.758907e-02;1.066786e-01;1.487669e-01;5.635499e-01;1.541928e-02;8.216131e-03;4.224787e-02;7.185058e-03;5.671796e-03
3.310841e-02;1.954381e-02;1.512374e-02;1.118938e-02;8.004743e-02;1.274161e-01;6.546006e-01;1.563569e-02;9.823309e-03;2.668375e-02;2.842600e-03;3.985253e-03
1.707365e-02;3.865565e-02;1.749471e-02;8.271091e-03;5.101832e-02;9.184410e-02;7.217323e-01;2.244291e-02;1.353829e-02;1.008249e-02;3.227195e-03;4.619271e-03
6.455232e-03;5.081792e-02;1.535464e-02;6.788966e-03;3.454957e-02;6.558596e-02;7.583683e-01;2.878596e-02;1.653936e-02;7.213198e-03;6.102593e-03;3.438301e-03
6.605045e-03;4.994280e-02;2.100452e-02;4.761092e-03;2.848426e-02;4.634820e-02;7.573696e-01;4.856168e-02;1.601137e-02;1.051431e-02;7.952223e-03;2.444922e-03
6.009951e-03;3.167113e-02;3.067116e-02;4.680610e-03;1.455452e-02;2.762375e-02;7.534838e-01;7.988322e-02;2.808555e-02;1.055894e-02;7.059538e-03;5.717793e-03
6.138278e-03;1.590754e-02;3.906259e-02;6.228233e-03;1.104319e-02;2.172331e-02;7.215976e-01;1.070296e-01;3.890692e-02;1.991291e-02;6.557956e-03;5.891898e-03
9.437002e-03;1.134946e-02;3.918752e-02;6.077238e-03;8.641168e-03;1.838429e-02;6.952116e-01;1.372239e-01;3.805380e-02;2.520561e-02;4.658252e-03;6.570203e-03
2.097483e-02;1.585804e-02;3.105159e-02;1.500858e-02;1.665347e-02;2.499840e-02;6.269468e-01;1.564904e-01;3.967066e-02;2.798473e-02;1.256142e-02;1.180100e-02
3.756853e-02;2.613527e-02;3.698189e-02;2.410321e-02;2.170313e-02;2.531572e-02;5.024192e-01;1.566186e-01;5.435335e-02;4.756454e-02;3.080804e-02;3.642860e-02
