8.603295e-02;7.941461e-02;1.320155e-01;1.209846e-01;7.845411e-02;6.608454e-02;1.027839e-01;5.330323e-02;1.121577e-01;4.870325e-02;5.489682e-02;6.516888e-02
8.043905e-02;8.590516e-02;1.247176e-01;1.240702e-01;7.359985e-02;7.496214e-02;1.022133e-01;6.149839e-02;8.488164e-02;7.541829e-02;7.327621e-02;3.901814e-02
9.864715e-02;6.376848e-02;1.800826e-01;6.966963e-02;6.861299e-02;6.156000e-02;1.182592e-01;6.037331e-02;8.580097e-02;6.974231e-02;7.052032e-02;5.296292e-02
5.854516e-02;7.204600e-02;1.871776e-01;5.495551e-02;6.542683e-02;5.484783e-02;2.099322e-01;8.922525e-02;6.678203e-02;3.938416e-02;5.991412e-02;4.176324e-02
4.143041e-02;7.417811e-02;1.688783e-01;5.103797e-02;6.150495e-02;5.580182e-02;2.550142e-01;1.017209e-01;6.568737e-02;2.543890e-02;5.942082e-02;3.988623e-02
4.021680e-02;6.673103e-02;1.748941e-01;4.410047e-02;6.189975e-02;5.325482e-02;2.709723e-01;1.008252e-01;5.864329e-02;3.444326e-02;5.728414e-02;3.673479e-02
3.870969e-02;5.177094e-02;2.457773e-01;4.024282e-02;8.504067e-02;6.470243e-02;2.220900e-01;7.987711e-02;4.800574e-02;3.844883e-02;5.303177e-02;3.230273e-02
4.268559e-02;4.083753e-02;2.861489e-01;5.268886e-02;9.009748e-02;4.789813e-02;1.673977e-01;7.416702e-02;6.943940e-02;5.198867e-02;5.247724e-02;2.417339e-02
3.751231e-02;3.541794e-02;2.738853e-01;6.813992e-02;1.438391e-01;5.467045e-02;9.832725e-02;6.659800e-02;1.008104e-01;4.012450e-02;4.818386e-02;3.249095e-02
3.973715e-02;2.589227e-02;2.618732e-01;6.740256e-02;2.115192e-01;6.986302e-02;4.962727e-02;5.211579e-02;1.204489e-01;2.615338e-02;3.524176e-02;4.012542e-02
3.953025e-02;2.641975e-02;2.160257e-01;4.628086e-02;2.361436e-01;8.932668e-02;5.891316e-02;5.197553e-02;1.365784e-01;2.749694e-02;2.783076e-02;4.347838e-02
7.133908e-02;3.527192e-02;1.292082e-01;2.504127e-02;1.581001e-01;8.686927e-02;1.332610e-01;4.430608e-02;1.881115e-01;6.386595e-02;2.823833e-02;3.638735e-02
8.310297e-02;2.688665e-02;5.803131e-02;1.539884e-02;1.148122e-01;8.235172e-02;1.393272e-01;1.904098e-02;2.730621e-01;9.825513e-02;3.818418e-02;5.154661e-02
1.027675e-01;1.077029e-02;4.471058e-02;1.899175e-02;1.068965e-01;7.311232e-02;7.579005e-02;2.979312e-02;3.367760e-01;8.159053e-02;3.490111e-02;8.390022e-02
1.355836e-01;1.349252e-02;5.210477e-02;1.459522e-02;1.111531e-01;7.309626e-02;5.656053e-02;1.109743e-02;3.493299e-01;2.465053e-02;2.307660e-02;1.352596e-01
1.233382e-01;1.145860e-02;4.148211e-02;1.703970e-02;1.188700e-01;6.938009e-02;4.473830e-02;7.059496e-03;3.395635e-01;1.851606e-02;2.248543e-02;1.860685e-01
1.159824e-01;1.294777e-02;3.992797e-02;1.758611e-02;1.185156e-01;6.680430e-02;4.613579e-02;1.289984e-02;3.242691e-01;2.709642e-02;1.926008e-02;1.985747e-01
1.346455e-01;1.749949e-02;5.602388e-02;1.958004e-02;1.268826e-01;7.673845e-02;5.101553e-02;1.068966e-02;2.893413e-01;3.780092e-02;1.312820e-02;1.666546e-01
1.722885e-01;2.823769e-02;6.226439e-02;2.807717e-02;1.284684e-01;9.210379e-02;6.417204e-02;1.042632e-02;2.381207e-01;5.531124e-02;1.430643e-02;1.062232e-01
1.782059e-01;3.826706e-02;9.436216e-02;3.761096e-02;1.255546e-01;1.099557e-01;2.971885e-02;1.578046e-02;1.961069e-01;8.027668e-02;2.485095e-02;6.930972e-02
1.634687e-01;4.327079e-02;8.813022e-02;4.870853e-02;1.145329e-01;1.106792e-01;1.710657e-01;2.113145e-02;1.241084e-01;4.165431e-02;3.035673e-02;4.289291e-02
1.607693e-01;4.848523e-02;5.466006e-02;7.649381e-02;1.105985e-01;1.068050e-01;2.922267e-01;1.465954e-02;6.562112e-02;2.595265e-02;1.223589e-02;3.149220e-02
1.226439e-01;7.492713e-02;2.404224e-02;8.565968e-02;8.771527e-02;9.822861e-02;3.800459e-01;1.561406e-02;4.223300e-02;3.222670e-02;1.593137e-02;2.073218e-02
7.602933e-02;7.867131e-02;8.422818e-02;6.271014e-02;7.267238e-02;6.857035e-02;3.918087e-01;4.494974e-02;2.266098e-02;3.623393e-02;3.921373e-02;2.225115e-02
4.295104e-02;3.408746e-02;1.812912e-01;5.763983e-02;5.829154e-02;4.022335e-02;2.720153e-01;1.173629e-01;4.607544e-02;4.745889e-02;4.753351e-02;5.506959e-02
2.647631e-02;4.017019e-02;2.258842e-01;4.786859e-02;3.411152e-02;1.716570e-02;2.014572e-01;1.718592e-01;5.148260e-02;5.633038e-02;4.347415e-02;8.371994e-02
1.245357e-02;2.993031e-02;2.608717e-01;2.962057e-02;1.340636e-02;1.940543e-02;1.701486e-01;2.112447e-01;5.063814e-02;5.471344e-02;2.518059e-02;1.223866e-01
8.391363e-03;2.205755e-02;2.746796e-01;2.343809e-02;7.234244e-03;3.154846e-02;1.298940e-01;2.224512e-01;7.733511e-02;4.795621e-02;1.199501e-02;1.430192e-01
1.428906e-02;3.252612e-02;2.634432e-01;3.337168e-02;1.254183e-02;3.814170e-02;1.211622e-01;2.040381e-01;1.018536e-01;4.332377e-02;1.002041e-02;1.252882e-01
4.333236e-02;3.055255e-02;1.953980e-01;8.404384e-02;2.530954e-02;2.880704e-02;8.641151e-02;1.477721e-01;2.119417e-01;4.832101e-02;2.915614e-02;6.895421e-02
8.085784e-02;1.970277e-02;1.140841e-01;1.291814e-01;4.114733e-02;1.417947e-02;5.129191e-02;9.045651e-02;3.260884e-01;6.457971e-02;4.660490e-02;2.182565e-02
9.045573e-02;2.929961e-02;4.799225e-02;1.307460e-01;7.667518e-02;1.698996e-02;5.736132e-02;6.450234e-02;2.867613e-01;1.316342e-01;5.416086e-02;1.342128e-02
5.115461e-02;6.690449e-02;3.814728e-02;7.887807e-02;1.360063e-01;2.959420e-02;3.617056e-02;5.419599e-02;1.709995e-01;2.489194e-01;5.369065e-02;3.533886e-02
2.080016e-02;9.223703e-02;3.789675e-02;3.166796e-02;1.600556e-01;4.734655e-02;2.461116e-02;6.058145e-02;1.067930e-01;3.121437e-01;6.781025e-02;3.805645e-02
1.232065e-02;9.975929e-02;5.454140e-02;6.220170e-02;1.515668e-01;6.254896e-02;2.917876e-02;6.424025e-02;5.629669e-02;2.945085e-01;8.999641e-02;2.284057e-02
2.215547e-02;9.954644e-02;7.874548e-02;8.127305e-02;1.218930e-01;6.809913e-02;5.696383e-02;6.898203e-02;5.052707e-02;2.404415e-01;8.230267e-02;2.907024e-02
3.169449e-02;9.013674e-02;1.072358e-01;7.467340e-02;6.692961e-02;6.413637e-02;1.121746e-01;8.172706e-02;1.195219e-01;1.460482e-01;7.194852e-02;3.377334e-02
4.910752e-02;6.970287e-02;1.368795e-01;5.624034e-02;7.095409e-02;5.616138e-02;2.017903e-01;8.037534e-02;1.391094e-01;8.949257e-02;3.533303e-02;1.485364e-02
4.905757e-02;8.538260e-02;9.967835e-02;5.540169e-02;1.109450e-01;7.689317e-02;1.689213e-01;8.700352e-02;8.672243e-02;1.025821e-01;2.969275e-02;4.771957e-02
3.303210e-02;1.072126e-01;6.502613e-02;5.301383e-02;8.860219e-02;9.803507e-02;1.735430e-01;7.417259e-02;1.287861e-01;7.337541e-02;2.583840e-02;7.936255e-02
3.089583e-02;1.053874e-01;8.810137e-02;4.909122e-02;6.112006e-02;9.389000e-02;1.444704e-01;5.225737e-02;1.584717e-01;8.369930e-02;5.324498e-02;7.937031e-02
2.582153e-02;1.106176e-01;1.057276e-01;5.415747e-02;6.718622e-02;7.838394e-02;8.943734e-02;8.269878e-02;1.548018e-01;1.126468e-01;5.594329e-02;6.257767e-02
8.558175e-02;1.004481e-01;1.111420e-01;4.356795e-02;9.496468e-02;6.306464e-02;6.005554e-02;9.582247e-02;1.327202e-01;1.175269e-01;4.302832e-02;5.207741e-02
1.197035e-01;8.840181e-02;1.967183e-01;4.819929e-02;7.693232e-02;5.207018e-02;9.306453e-02;4.876355e-02;7.578089e-02;9.467731e-02;6.478485e-02;4.090350e-02
9.888445e-02;9.297792e-02;1.625699e-01;4.769611e-02;8.960276e-02;6.843344e-02;1.582830e-01;4.801359e-02;4.969144e-02;7.011278e-02;6.808894e-02;4.564570e-02
5.911389e-02;7.114071e-02;2.478182e-01;5.144049e-02;1.203165e-01;7.166327e-02;1.642639e-01;4.881861e-02;4.270804e-02;3.843534e-02;4.756100e-02;3.671996e-02
3.091503e-02;2.982555e-02;4.079362e-01;4.996704e-02;9.326959e-02;5.110539e-02;1.504995e-01;2.689512e-02;2.841213e-02;6.417076e-02;4.680868e-02;2.019505e-02
1.881299e-02;1.555384e-02;4.494402e-01;4.772734e-02;6.615433e-02;4.801403e-02;1.672710e-01;2.701027e-02;4.365737e-02;5.630571e-02;4.534189e-02;1.471096e-02
3.696818e-02;2.874534e-02;4.619099e-01;5.293633e-02;3.842361e-02;3.155698e-02;1.639950e-01;3.512933e-02;4.220344e-02;4.521863e-02;4.157287e-02;2.134038e-02
7.753459e-02;6.428292e-02;2.817750e-01;5.379727e-02;7.343736e-02;4.912951e-02;1.832608e-01;5.456014e-02;3.665777e-02;4.955929e-02;4.163998e-02;3.436548e-02
1.481884e-01;7.802829e-02;9.490946e-02;2.463922e-02;8.116797e-02;7.586942e-02;2.641224e-01;6.509920e-02;4.633550e-02;5.578518e-02;2.563111e-02;4.022386e-02
1.968484e-01;7.268089e-02;4.883675e-02;1.935900e-02;6.218608e-02;8.850465e-02;2.869281e-01;5.380897e-02;5.239071e-02;5.892483e-02;1.938219e-02;4.014939e-02
2.384525e-01;9.402501e-02;3.213822e-02;2.171577e-02;5.043091e-02;9.020909e-02;2.724808e-01;4.441940e-02;3.363250e-02;6.933504e-02;1.766796e-02;3.549290e-02
2.808180e-01;1.202538e-01;4.193505e-02;2.249177e-02;4.610444e-02;8.664210e-02;2.289261e-01;3.693546e-02;2.168657e-02;6.964343e-02;1.294370e-02;3.161953e-02
3.025548e-01;1.124206e-01;6.272008e-02;2.626732e-02;5.927432e-02;7.636689e-02;1.625029e-01;2.654552e-02;4.645773e-02;5.863410e-02;1.920012e-02;4.705569e-02
2.707613e-01;9.796645e-02;1.191560e-01;3.397510e-02;6.687190e-02;5.798590e-02;1.098005e-01;1.956697e-02;6.560518e-02;5.421059e-02;4.055193e-02;6.354830e-02
1.594025e-01;8.846425e-02;2.406209e-01;5.854099e-02;5.857234e-02;4.258554e-02;9.042771e-02;1.304730e-02;6.714417e-02;6.277762e-02;5.595969e-02;6.245694e-02
7.279565e-02;5.206267e-02;3.179619e-01;7.252198e-02;5.668390e-02;5.135554e-02;1.214944e-01;4.101455e-02;5.684850e-02;6.242609e-02;4.826814e-02;4.656667e-02
8.601129e-02;9.147202e-02;2.390134e-01;7.154754e-02;5.093971e-02;6.815562e-02;9.615046e-02;7.177145e-02;8.048399e-02;5.493284e-02;3.699954e-02;5.252211e-02
1.252732e-01;1.017103e-01;1.734965e-01;5.958914e-02;8.287176e-02;7.433280e-02;6.422640e-02;6.171541e-02;8.168490e-02;5.940427e-02;5.123264e-02;6.446262e-02
1.065718e-01;1.378132e-01;1.326055e-01;4.798077e-02;9.002009e-02;6.953176e-02;1.501208e-01;3.359554e-02;6.855125e-02;4.687795e-02;5.967914e-02;5.665219e-02
1.016966e-01;9.049288e-02;1.743461e-01;6.298826e-02;9.103705e-02;5.904767e-02;1.799132e-01;3.428211e-02;8.731337e-02;4.291054e-02;3.819870e-02;3.777355e-02
7.852598e-02;5.307304e-02;1.888224e-01;6.438871e-02;1.031996e-01;7.421132e-02;1.381223e-01;4.492657e-02;9.766379e-02;7.292671e-02;3.006212e-02;5.407741e-02
7.554476e-02;4.680871e-02;1.988463e-01;5.270275e-02;8.769462e-02;9.015514e-02;1.259761e-01;3.685717e-02;9.340616e-02;1.023897e-01;3.195845e-02;5.766018e-02
1.326053e-01;5.660903e-02;1.827676e-01;8.001760e-02;6.732596e-02;7.951169e-02;9.665341e-02;5.420884e-02;8.308660e-02;8.738513e-02;3.578071e-02;4.404815e-02
9.569047e-02;5.855178e-02;8.585989e-02;5.281283e-02;5.072044e-02;5.582649e-02;1.424123e-01;9.763318e-02;1.182571e-01;9.862237e-02;7.570728e-02;6.790588e-02
1.093245e-01;7.028222e-02;8.343551e-02;4.862662e-02;4.891161e-02;4.424243e-02;1.695417e-01;7.793260e-02;1.170448e-01;1.018572e-01;5.366401e-02;7.513673e-02
1.112228e-01;7.958405e-02;1.023666e-01;4.952749e-02;5.442204e-02;3.405335e-02;1.515299e-01;4.386362e-02;1.254589e-01;1.348321e-01;6.185188e-02;5.128729e-02
1.133164e-01;7.572278e-02;8.808069e-02;7.086159e-02;7.009118e-02;2.789373e-02;7.894906e-02;2.396960e-02;1.457107e-01;2.074608e-01;6.946202e-02;2.848139e-02
1.053338e-01;6.670464e-02;6.168967e-02;8.283073e-02;7.133809e-02;1.733026e-02;4.091711e-02;3.127815e-02;1.729657e-01;2.736978e-01;5.711637e-02;1.879773e-02
7.527825e-02;9.080717e-02;4.891979e-02;6.437672e-02;7.497520e-02;2.089724e-02;1.533723e-02;2.549932e-02;1.438850e-01;3.523973e-01;6.613366e-02;2.149312e-02
2.874218e-02;1.170213e-01;3.067645e-02;3.863009e-02;7.841989e-02;3.105622e-02;1.306016e-02;3.475535e-02;7.878061e-02;4.106594e-01;1.141298e-01;2.406865e-02
1.388496e-02;1.120526e-01;3.181478e-02;1.958239e-02;6.450453e-02;5.389157e-02;1.632194e-02;3.817035e-02;3.468770e-02;3.759234e-01;2.170399e-01;2.212589e-02
1.052835e-02;7.788829e-02;8.007836e-02;1.451993e-02;4.455844e-02;9.766903e-02;2.566993e-02;2.029712e-02;1.405116e-02;2.391440e-01;3.468321e-01;2.876328e-02
1.032038e-02;2.679631e-02;1.645635e-01;1.034434e-02;2.640624e-02;1.470053e-01;4.055035e-02;4.513669e-03;1.587854e-02;1.093292e-01;4.019362e-01;4.235591e-02
1.910404e-02;1.150188e-02;2.158305e-01;3.913986e-02;2.308164e-02;1.583848e-01;7.564238e-02;4.492508e-03;1.925394e-02;4.218872e-02;3.238184e-01;6.756125e-02
3.128735e-02;1.271354e-02;1.976407e-01;1.276945e-01;2.352441e-02;1.359728e-01;1.238953e-01;7.479130e-03;1.826360e-02;1.947733e-02;2.108569e-01;9.119438e-02
2.717160e-02;1.325746e-02;1.352239e-01;1.842887e-01;3.169103e-02;1.131985e-01;1.993075e-01;8.807356e-03;1.592552e-02;1.668392e-02;1.383996e-01;1.160449e-01
5.094172e-02;1.489498e-02;6.534557e-02;1.243171e-01;3.195732e-02;8.919008e-02;3.182066e-01;2.030583e-02;1.123134e-02;1.299130e-02;9.561576e-02;1.650024e-01
8.837314e-02;1.785528e-02;2.663107e-02;8.496406e-02;1.443684e-02;4.968188e-02;3.941822e-01;4.129699e-02;9.104582e-03;1.486757e-02;6.088938e-02;1.977171e-01
1.390755e-01;2.185356e-02;1.467937e-02;9.983154e-02;6.040623e-03;1.818763e-02;3.695972e-01;7.467647e-02;6.198242e-03;3.230738e-02;3.816411e-02;1.793884e-01
2.118559e-01;2.241055e-02;2.248596e-02;8.396106e-02;6.836663e-03;1.499678e-02;3.100826e-01;1.020912e-01;1.331870e-02;5.223464e-02;1.819113e-02;1.415348e-01
2.905327e-01;2.429159e-02;2.345771e-02;5.513686e-02;5.576058e-03;2.542414e-02;2.456336e-01;1.198680e-01;1.736297e-02;6.042996e-02;1.358949e-02;1.186969e-01
3.639452e-01;3.689336e-02;1.636118e-02;3.295783e-02;8.257201e-03;2.887814e-02;1.712733e-01;1.486442e-01;2.064319e-02;5.257231e-02;1.170413e-02;1.078699e-01
4.129229e-01;3.261259e-02;1.295748e-02;2.193597e-02;8.438343e-03;3.137388e-02;1.415345e-01;1.602026e-01;2.196875e-02;4.865286e-02;8.523558e-03;9.887666e-02
4.261735e-01;3.682663e-02;1.914669e-02;2.442917e-02;9.724782e-03;2.763565e-02;1.306359e-01;1.490891e-01;2.340065e-02;4.617359e-02;8.941111e-03;9.782318e-02
4.548938e-01;4.010427e-02;2.296858e-02;1.735236e-02;1.028275e-02;2.682214e-02;1.083022e-01;1.409139e-01;2.620148e-02;3.972410e-02;1.091077e-02;1.015237e-01
4.710806e-01;4.190145e-02;2.090042e-02;1.745394e-02;1.052376e-02;2.784004e-02;9.524012e-02;1.264229e-01;2.348338e-02;3.926871e-02;1.064230e-02;1.152424e-01
4.174518e-01;4.613871e-02;1.697685e-02;2.849213e-02;8.626863e-03;2.748287e-02;1.226681e-01;8.729689e-02;2.102904e-02;5.760536e-02;1.174548e-02;1.544858e-01
3.046664e-01;5.288200e-02;1.754284e-02;4.649860e-02;5.789114e-03;2.652933e-02;1.776589e-01;5.664179e-02;1.451990e-02;6.316328e-02;2.242318e-02;2.116847e-01
2.021355e-01;5.648105e-02;2.266119e-02;4.792606e-02;7.371660e-03;3.353882e-02;2.068376e-01;4.961651e-02;1.695674e-02;4.522033e-02;6.002107e-02;2.512335e-01
1.401758e-01;4.128465e-02;4.443769e-02;3.129742e-02;1.621624e-02;7.079890e-02;1.631222e-01;5.048239e-02;3.717466e-02;3.887380e-02;1.495218e-01;2.166145e-01
1.154530e-01;2.920912e-02;6.779316e-02;1.880065e-02;2.397677e-02;1.190370e-01;8.458524e-02;4.141772e-02;4.706349e-02;7.989617e-02;2.510475e-01;1.217202e-01
8.260505e-02;5.988229e-02;5.433021e-02;2.077289e-02;5.250152e-02;1.109725e-01;7.079759e-02;4.677013e-02;3.564677e-02;1.564685e-01;2.375539e-01;7.169856e-02
5.886775e-02;9.678350e-02;3.887973e-02;4.950400e-02;8.084986e-02;6.293794e-02;8.301059e-02;6.309617e-02;6.358065e-02;2.074858e-01;1.242991e-01;7.070495e-02
6.721609e-02;7.066766e-02;1.290036e-01;9.439912e-02;5.491734e-02;3.291675e-02;1.089839e-01;5.055936e-02;1.120535e-01;1.547128e-01;7.103799e-02;5.353192e-02
7.036799e-02;4.860178e-02;2.470996e-01;8.555099e-02;2.366988e-02;2.766129e-02;1.765280e-01;6.615935e-02;9.800530e-02;6.270290e-02;4.217278e-02;5.148013e-02
6.761327e-02;1.031837e-01;2.817785e-01;5.286952e-02;2.523857e-02;2.295590e-02;2.442883e-01;5.379789e-02;4.604858e-02;1.960169e-02;4.478524e-02;3.783892e-02
1.373075e-01;1.447471e-01;1.836215e-01;3.991605e-02;4.671483e-02;4.475239e-02;2.492604e-01;3.075707e-02;2.918160e-02;2.172930e-02;4.566381e-02;2.634848e-02
2.574145e-01;1.083344e-01;7.068499e-02;3.359469e-02;8.511247e-02;9.118268e-02;1.539902e-01;4.401184e-02;4.480032e-02;2.806947e-02;4.016673e-02;4.263777e-02
2.955408e-01;4.783809e-02;8.880221e-02;3.155879e-02;1.194098e-01;1.121496e-01;7.390165e-02;2.291693e-02;4.311867e-02;5.022604e-02;3.440489e-02;8.013257e-02
2.988386e-01;6.269956e-02;6.610174e-02;2.717911e-02;8.477641e-02;9.164067e-02;1.676585e-01;2.848829e-02;1.240950e-02;7.088415e-02;2.060110e-02;6.872244e-02
2.645329e-01;1.349591e-01;3.657081e-02;2.372725e-02;4.978691e-02;6.462402e-02;2.396451e-01;2.745524e-02;1.750589e-02;7.009239e-02;2.567104e-02;4.542935e-02
1.637416e-01;1.680401e-01;7.867806e-02;2.142940e-02;3.262183e-02;3.216620e-02;2.990534e-01;4.848782e-02;2.076602e-02;4.698095e-02;5.636858e-02;3.166595e-02
9.792979e-02;1.340630e-01;1.782868e-01;1.645269e-02;2.718993e-02;1.885762e-02;2.844258e-01;7.925946e-02;2.721563e-02;3.491694e-02;5.574870e-02;4.565361e-02
5.226780e-02;8.765712e-02;2.654697e-01;2.953944e-02;1.663392e-02;2.467487e-02;2.325606e-01;1.096506e-01;3.964386e-02;3.663126e-02;2.915093e-02;7.611992e-02
2.320773e-02;6.938264e-02;3.243929e-01;5.038572e-02;1.002429e-02;3.120784e-02;1.877463e-01;1.139271e-01;5.611852e-02;3.611186e-02;1.083887e-02;8.665626e-02
1.482610e-02;9.081785e-02;3.459024e-01;7.550149e-02;1.146005e-02;3.059246e-02;1.468488e-01;1.034390e-01;7.805558e-02;3.142367e-02;6.533353e-03;6.459926e-02
1.456113e-02;1.051873e-01;3.327009e-01;1.025347e-01;1.522170e-02;2.334257e-02;1.197815e-01;1.024208e-01;1.085733e-01;3.277412e-02;7.944976e-03;3.495705e-02
2.354983e-02;9.039070e-02;3.050872e-01;1.271121e-01;1.910228e-02;2.049269e-02;1.126297e-01;1.016693e-01;1.300536e-01;3.489397e-02;7.081741e-03;2.793688e-02
2.441438e-02;7.702952e-02;3.012061e-01;1.396747e-01;1.780258e-02;1.575014e-02;1.101736e-01;9.405269e-02;1.448815e-01;3.707012e-02;1.177984e-02;2.616480e-02
2.236221e-02;7.603041e-02;3.152502e-01;1.446119e-01;1.683175e-02;1.664863e-02;9.968678e-02;8.390974e-02;1.450136e-01;3.582235e-02;1.082227e-02;3.301010e-02
3.145439e-02;7.430188e-02;3.222174e-01;1.346366e-01;1.891249e-02;2.067426e-02;1.008107e-01;8.118521e-02;1.238051e-01;3.188983e-02;1.144109e-02;4.867097e-02
2.617141e-02;8.214922e-02;3.003568e-01;1.026648e-01;2.317066e-02;2.477065e-02;1.511227e-01;8.733941e-02;8.891960e-02;3.009753e-02;1.358477e-02;6.965237e-02
4.199321e-02;7.141973e-02;2.357344e-01;7.048810e-02;2.664943e-02;2.929535e-02;2.476940e-01;7.395735e-02;6.023054e-02;3.168427e-02;4.072039e-02;7.013320e-02
4.180780e-02;4.924473e-02;1.438370e-01;4.939121e-02;2.797588e-02;3.594850e-02;4.207550e-01;4.493850e-02;4.270224e-02;2.719464e-02;6.737696e-02;4.882767e-02
2.767024e-02;4.344616e-02;2.351928e-02;3.062209e-02;4.103481e-02;5.214640e-02;5.782980e-01;5.360122e-02;4.094985e-02;3.199208e-02;5.897152e-02;1.774830e-02
3.024710e-02;2.996201e-02;4.672726e-02;2.639536e-02;5.640016e-02;8.120513e-02;5.394947e-01;3.959283e-02;3.688301e-02;5.368020e-02;3.098506e-02;2.842716e-02
6.392140e-02;3.906416e-02;8.104832e-02;2.897240e-02;7.507075e-02;1.142401e-01;3.680530e-01;3.096233e-02;3.940451e-02;9.355403e-02;2.711322e-02;3.859582e-02
1.114443e-01;8.559386e-02;9.986749e-02;3.462910e-02;6.933926e-02;1.094351e-01;2.452685e-01;4.216542e-02;4.952586e-02;9.223885e-02;2.875475e-02;3.173750e-02
1.364076e-01;9.470869e-02;9.510335e-02;3.839391e-02;6.285611e-02;8.684038e-02;2.865012e-01;3.991060e-02;4.415705e-02;6.643005e-02;1.899127e-02;2.969976e-02
1.484472e-01;8.998127e-02;1.256428e-01;3.939366e-02;8.120440e-02;8.066237e-02;2.382774e-01;2.786241e-02;5.396346e-02;5.715057e-02;2.522794e-02;3.218647e-02
1.270726e-01;8.348890e-02;2.428112e-01;4.305948e-02;9.310150e-02;6.115394e-02;1.112163e-01;3.760020e-02;5.886758e-02;4.838971e-02;4.018358e-02;5.305502e-02
8.914285e-02;6.613436e-02;3.662372e-01;6.414787e-02;8.347645e-02;4.596417e-02;7.044804e-02;3.580354e-02;2.795492e-02;5.541246e-02;4.265976e-02;5.261838e-02
6.424958e-02;8.462222e-02;2.392503e-01;8.436210e-02;6.480025e-02;5.699860e-02;1.348603e-01;4.659350e-02;7.847036e-02;7.858145e-02;2.878768e-02;3.842358e-02
6.929854e-02;1.164849e-01;1.235996e-01;9.096074e-02;7.080182e-02;8.637424e-02;1.883998e-01;4.293527e-02;9.735622e-02;6.982542e-02;2.405713e-02;1.990617e-02
6.167854e-02;1.111355e-01;1.959156e-01;7.047471e-02;9.361605e-02;7.273751e-02;2.131513e-01;3.376341e-02;4.940558e-02;4.545367e-02;2.211191e-02;3.055609e-02
4.918405e-02;7.782409e-02;1.608583e-01;6.208117e-02;1.166551e-01;8.478507e-02;1.935132e-01;3.505987e-02;8.317829e-02;6.129120e-02;2.758370e-02;4.798599e-02
7.909039e-02;8.233687e-02;1.122116e-01;6.713029e-02;8.580304e-02;7.437051e-02;1.700979e-01;3.363050e-02;8.698106e-02;8.887443e-02;5.136148e-02;6.811204e-02
8.394668e-02;1.114571e-01;1.136800e-01;6.878680e-02;7.129472e-02;4.402766e-02;6.074264e-02;6.329527e-02;1.179181e-01;9.938265e-02;7.513949e-02;9.032892e-02
8.891199e-02;1.030399e-01;1.212719e-01;4.600947e-02;7.220456e-02;4.497276e-02;4.218939e-02;6.923223e-02;1.330051e-01;9.274317e-02;8.993403e-02;9.648550e-02
6.914495e-02;1.060515e-01;1.638811e-01;5.368612e-02;5.381334e-02;4.647867e-02;1.145063e-01;6.940428e-02;8.923309e-02;6.477719e-02;9.108083e-02;7.794262e-02
1.134215e-01;1.224176e-01;1.535704e-01;5.575458e-02;3.199238e-02;7.169942e-02;1.521636e-01;4.852089e-02;3.728984e-02;3.028070e-02;9.631547e-02;8.657372e-02
1.214401e-01;1.016525e-01;1.300972e-01;4.726330e-02;3.439520e-02;1.132597e-01;1.540106e-01;3.683772e-02;3.117005e-02;3.934642e-02;1.231777e-01;6.734945e-02
9.628078e-02;7.653452e-02;1.014547e-01;3.712376e-02;4.997545e-02;1.636163e-01;1.460232e-01;3.522654e-02;2.118750e-02;7.981258e-02;1.542145e-01;3.855017e-02
4.099383e-02;8.392771e-02;4.359079e-02;3.681323e-02;9.107707e-02;1.600018e-01;8.155283e-02;5.277525e-02;2.081054e-02;2.174007e-01;1.354853e-01;3.557100e-02
1.156980e-02;1.055522e-01;1.421418e-02;3.043439e-02;1.369437e-01;8.270893e-02;2.313576e-02;6.192280e-02;5.072146e-02;3.578377e-01;7.182968e-02;5.312930e-02
1.303140e-02;9.712237e-02;1.627434e-02;2.679206e-02;1.397699e-01;4.206453e-02;2.611554e-02;7.494912e-02;6.636694e-02;3.868498e-01;5.607102e-02;5.459293e-02
1.234023e-02;6.447848e-02;2.936258e-02;1.975738e-02;1.152168e-01;1.131543e-01;5.185448e-02;7.089079e-02;3.017410e-02;2.992250e-01;1.630438e-01;3.050211e-02
1.609511e-02;3.052820e-02;4.794661e-02;1.131195e-02;1.085026e-01;1.984025e-01;5.534967e-02;4.091997e-02;1.498185e-02;1.798411e-01;2.811033e-01;1.501722e-02
2.236032e-02;3.768341e-02;4.812931e-02;2.320544e-02;1.306365e-01;1.977656e-01;5.971735e-02;3.699353e-02;2.310979e-02;1.365438e-01;2.624334e-01;2.142152e-02
2.972705e-02;5.872373e-02;4.168088e-02;5.525951e-02;1.553867e-01;1.218543e-01;4.648647e-02;4.493000e-02;5.284394e-02;2.105480e-01;1.429985e-01;3.956095e-02
4.892079e-02;5.271624e-02;6.238122e-02;1.048333e-01;1.314456e-01;6.735922e-02;4.521772e-02;3.952855e-02;1.227382e-01;2.119916e-01;6.742863e-02;4.543892e-02
6.657368e-02;3.741812e-02;1.091526e-01;1.411373e-01;6.963059e-02;4.271080e-02;6.580627e-02;2.716077e-02;2.109756e-01;1.318600e-01;5.510714e-02;4.246714e-02
6.817716e-02;5.114391e-02;1.142529e-01;1.261685e-01;7.519761e-02;3.726848e-02;7.054192e-02;3.428016e-02;2.360026e-01;8.688948e-02;7.108343e-02;2.899391e-02
5.161108e-02;6.052623e-02;1.269003e-01;6.416922e-02;9.212406e-02;3.906929e-02;6.563165e-02;3.604924e-02;1.691722e-01;1.780405e-01;9.462531e-02;2.208077e-02
5.391848e-02;3.852258e-02;1.582326e-01;3.516557e-02;6.296165e-02;6.746524e-02;1.230184e-01;2.310797e-02;1.033906e-01;1.208892e-01;1.479460e-01;6.538171e-02
5.986341e-02;1.441691e-02;1.729313e-01;2.507666e-02;5.107350e-02;9.316806e-02;1.409427e-01;2.279809e-02;8.458409e-02;6.229647e-02;1.686628e-01;1.041860e-01
5.025097e-02;1.239424e-02;1.775970e-01;2.999167e-02;4.178957e-02;1.354401e-01;1.005905e-01;1.272686e-02;6.979336e-02;5.374794e-02;2.328944e-01;8.278334e-02
4.622175e-02;3.387612e-02;1.502896e-01;3.193956e-02;5.755966e-02;1.530876e-01;6.064861e-02;1.720855e-02;4.829971e-02;9.640798e-02;2.544287e-01;5.003208e-02
3.688821e-02;8.575132e-02;7.692673e-02;4.251345e-02;9.801620e-02;1.147546e-01;3.095650e-02;3.655626e-02;3.573539e-02;1.959727e-01;2.121966e-01;3.373203e-02
1.647131e-02;1.227479e-01;2.646722e-02;4.776974e-02;1.414132e-01;5.210994e-02;2.106650e-02;4.626650e-02;3.311323e-02;2.784648e-01;1.624419e-01;5.166780e-02
2.099209e-02;1.094268e-01;2.558810e-02;4.189496e-02;1.595509e-01;3.328188e-02;1.632281e-02;4.036819e-02;4.932245e-02;3.251561e-01;1.164222e-01;6.167358e-02
3.864326e-02;7.114908e-02;2.293491e-02;6.591211e-02;1.505583e-01;3.630204e-02;2.140664e-02;2.848145e-02;5.595065e-02;3.361211e-01;1.039486e-01;6.859183e-02
6.737416e-02;3.595116e-02;7.726014e-02;8.668409e-02;9.361943e-02;2.715215e-02;8.731812e-02;2.731618e-02;9.793261e-02;2.517445e-01;8.194229e-02;6.570519e-02
9.090197e-02;4.417326e-02;1.400048e-01;7.091872e-02;5.878945e-02;2.997630e-02;1.800419e-01;3.231156e-02;9.620617e-02;1.391481e-01;6.909278e-02;4.843498e-02
8.708023e-02;4.818343e-02;1.541407e-01;5.080191e-02;6.339512e-02;4.109552e-02;1.932746e-01;3.724730e-02;1.062559e-01;1.079517e-01;6.362341e-02;4.695018e-02
5.603563e-02;4.098951e-02;1.097261e-01;5.145529e-02;7.078674e-02;4.441666e-02;1.296998e-01;6.346164e-02;1.516824e-01;1.365919e-01;6.108446e-02;8.406986e-02
3.925071e-02;4.971373e-02;5.791336e-02;5.022372e-02;4.780648e-02;3.431688e-02;1.083464e-01;1.639828e-01;1.365494e-01;1.679001e-01;4.552030e-02;9.847620e-02
6.490894e-02;7.193006e-02;1.715509e-01;4.113957e-02;5.653127e-02;3.359874e-02;1.156394e-01;1.469434e-01;7.770181e-02;7.816531e-02;6.256550e-02;7.932518e-02
1.273327e-01;8.225349e-02;2.229999e-01;3.080329e-02;5.459352e-02;5.514186e-02;1.266649e-01;5.306721e-02;4.680395e-02;4.258353e-02;8.621736e-02;7.153831e-02
1.240076e-01;6.315725e-02;2.082473e-01;3.172263e-02;4.053690e-02;8.556000e-02;1.079225e-01;3.383401e-02;3.206465e-02;6.586929e-02;1.393192e-01;6.775863e-02
9.492368e-02;3.200319e-02;1.691019e-01;2.455943e-02;3.506585e-02;1.490114e-01;7.102346e-02;2.806053e-02;2.925661e-02;9.424454e-02;2.146491e-01;5.810034e-02
5.671853e-02;5.077781e-02;1.094525e-01;2.007343e-02;8.513442e-02;1.883566e-01;5.851517e-02;1.965214e-02;2.643304e-02;1.136704e-01;2.212907e-01;4.992528e-02
3.183975e-02;9.775256e-02;5.807330e-02;3.960055e-02;2.051376e-01;1.543436e-01;4.153529e-02;3.114468e-02;2.414608e-02;1.415316e-01;1.455167e-01;2.937821e-02
1.467498e-02;1.445929e-01;2.489583e-02;6.185789e-02;3.041246e-01;1.152385e-01;1.570189e-02;3.701789e-02;1.435725e-02;1.608776e-01;9.404482e-02;1.261585e-02
1.099987e-02;1.879679e-01;4.231387e-02;5.901648e-02;2.486563e-01;1.256603e-01;9.025404e-03;2.571884e-02;7.447121e-03;1.536113e-01;1.218058e-01;7.776719e-03
1.040798e-02;2.072438e-01;1.044470e-01;3.439147e-02;1.289519e-01;1.643727e-01;2.005392e-02;1.390055e-02;7.052352e-03;1.208640e-01;1.743975e-01;1.391679e-02
2.543441e-02;1.646924e-01;2.337012e-01;9.716166e-03;7.021973e-02;1.622114e-01;1.948249e-02;7.363301e-03;5.122920e-03;7.981220e-02;2.052575e-01;1.698634e-02
4.472846e-02;7.738441e-02;3.434078e-01;2.077960e-02;4.571654e-02;1.407330e-01;1.136423e-02;9.683028e-03;1.473032e-02;4.426439e-02;2.161071e-01;3.110106e-02
5.461287e-02;2.845311e-02;3.442611e-01;2.741435e-02;3.133484e-02;1.249105e-01;4.427299e-02;1.001037e-02;2.350132e-02;2.975215e-02;2.149679e-01;6.650846e-02
3.739265e-02;1.114203e-02;2.888342e-01;1.861176e-02;1.955594e-02;1.195868e-01;1.263041e-01;4.680570e-03;3.119378e-02;2.136320e-02;2.030244e-01;1.183105e-01
4.771807e-02;9.527785e-03;1.940418e-01;1.674194e-02;1.188927e-02;1.022375e-01;2.240669e-01;1.355189e-02;4.019478e-02;1.408667e-02;1.696970e-01;1.562463e-01
4.143113e-02;1.010106e-02;1.177635e-01;1.358656e-02;1.458538e-02;1.200766e-01;2.201018e-01;2.217920e-02;7.476603e-02;2.862297e-02;1.893486e-01;1.474373e-01
4.232555e-02;1.373921e-02;1.030397e-01;4.758206e-03;1.831483e-02;1.434392e-01;1.341260e-01;1.740520e-02;1.170377e-01;6.117328e-02;2.367197e-01;1.079214e-01
3.499851e-02;2.109799e-02;1.118724e-01;7.547901e-03;3.155079e-02;1.435685e-01;7.949390e-02;2.170117e-02;1.228176e-01;1.086237e-01;2.386227e-01;7.810485e-02
7.432803e-02;4.873755e-02;1.049072e-01;1.776817e-02;4.806418e-02;1.191788e-01;7.439867e-02;3.747500e-02;9.550406e-02;1.284909e-01;1.797140e-01;7.143345e-02
8.832098e-02;6.589119e-02;1.122675e-01;2.723114e-02;6.592771e-02;9.844448e-02;1.171354e-01;5.085220e-02;6.671656e-02;1.415316e-01;9.456407e-02;7.111719e-02
7.544777e-02;4.641886e-02;1.343469e-01;3.732373e-02;6.462775e-02;5.551699e-02;2.222615e-01;3.817350e-02;5.616321e-02;8.492436e-02;1.475498e-01;3.724558e-02
4.103121e-02;2.540945e-02;1.285232e-01;2.344249e-02;6.181086e-02;1.043157e-01;1.923422e-01;2.892054e-02;6.846813e-02;6.161592e-02;1.947700e-01;6.935024e-02
1.766577e-02;2.695940e-02;1.467132e-01;3.608263e-02;7.390308e-02;8.790239e-02;1.164850e-01;3.924430e-02;7.832376e-02;6.764660e-02;2.212146e-01;8.785927e-02
5.539880e-02;3.053168e-02;6.778218e-02;5.483726e-02;7.002028e-02;5.363356e-02;1.046376e-01;6.127323e-02;8.684187e-02;1.105674e-01;2.170658e-01;8.741031e-02
9.961183e-02;7.228831e-02;1.340304e-01;7.243551e-02;5.605582e-02;3.729599e-02;1.140055e-01;7.983745e-02;6.576269e-02;9.628932e-02;1.047716e-01;6.761564e-02
1.400580e-01;1.002610e-01;1.723160e-01;5.342838e-02;5.465175e-02;3.844759e-02;1.160572e-01;5.637427e-02;9.205671e-02;5.597306e-02;6.083815e-02;5.953779e-02
1.251866e-01;9.596740e-02;1.399401e-01;4.926695e-02;7.037466e-02;3.597706e-02;1.234669e-01;3.652866e-02;1.113478e-01;9.531821e-02;6.764064e-02;4.898502e-02
8.561965e-02;7.967301e-02;8.256628e-02;6.194311e-02;8.192128e-02;4.638392e-02;1.635345e-01;3.915843e-02;1.213095e-01;1.214447e-01;7.266596e-02;4.377970e-02
5.255196e-02;7.690821e-02;1.276938e-01;5.566353e-02;5.804070e-02;6.051288e-02;1.999773e-01;7.736547e-02;1.111274e-01;9.162825e-02;4.423428e-02;4.429623e-02
3.628948e-02;9.838630e-02;1.818945e-01;3.536749e-02;8.642351e-02;3.363489e-02;2.535917e-01;8.478078e-02;7.135749e-02;3.828075e-02;5.449212e-02;2.550094e-02
5.513444e-02;1.256544e-01;1.723733e-01;3.572150e-02;9.504889e-02;1.935702e-02;2.734605e-01;5.043741e-02;5.439912e-02;3.240149e-02;7.277888e-02;1.323294e-02
6.428637e-02;1.481785e-01;1.752068e-01;2.627958e-02;8.988753e-02;3.718848e-02;2.562192e-01;1.693581e-02;5.039060e-02;3.602223e-02;7.666777e-02;2.273713e-02
1.039549e-01;1.258564e-01;1.853564e-01;3.016462e-02;9.031869e-02;6.279293e-02;1.812678e-01;4.199882e-02;2.459902e-02;5.626962e-02;6.136997e-02;3.605086e-02
9.740905e-02;9.603940e-02;2.432680e-01;3.834129e-02;9.319875e-02;6.629685e-02;9.785161e-02;5.416287e-02;5.272617e-02;7.074609e-02;5.002452e-02;3.993541e-02
2.888146e-02;1.154543e-01;2.112752e-01;4.169532e-02;8.520414e-02;3.864095e-02;1.730507e-01;4.342422e-02;5.494832e-02;7.846007e-02;8.241519e-02;4.655005e-02
4.972213e-02;1.283216e-01;1.207985e-01;3.096302e-02;1.119329e-01;4.102767e-02;2.255375e-01;4.532764e-02;4.711813e-02;8.081272e-02;7.953109e-02;3.890704e-02
8.063102e-02;1.403146e-01;1.250848e-01;5.705037e-02;1.085153e-01;8.001757e-02;1.415840e-01;7.249792e-02;6.007775e-02;7.739495e-02;3.765660e-02;1.917511e-02
6.158071e-02;6.544496e-02;1.942089e-01;7.188978e-02;4.486939e-02;4.025267e-02;1.817464e-01;9.202992e-02;9.804075e-02;7.448553e-02;4.387899e-02;3.157198e-02
7.554175e-02;6.910506e-02;2.000775e-01;4.814809e-02;3.365401e-02;3.100186e-02;2.530194e-01;8.589447e-02;7.219935e-02;5.418070e-02;4.179252e-02;3.538526e-02
8.439636e-02;1.271316e-01;1.671018e-01;2.047975e-02;4.503995e-02;2.447885e-02;2.988415e-01;6.851055e-02;4.479960e-02;3.262378e-02;5.908249e-02;2.751372e-02
1.045950e-01;1.792632e-01;1.282968e-01;1.391638e-02;3.632283e-02;2.574581e-02;3.120749e-01;4.518718e-02;4.886008e-02;2.976110e-02;5.776137e-02;1.821528e-02
1.729963e-01;2.147102e-01;8.203384e-02;1.665387e-02;2.964473e-02;4.401745e-02;2.778701e-01;2.341022e-02;4.544529e-02;4.136027e-02;3.754029e-02;1.431752e-02
2.794250e-01;2.008653e-01;2.933602e-02;2.430341e-02;3.136107e-02;6.584513e-02;1.970412e-01;2.314423e-02;2.737986e-02;7.414740e-02;1.974298e-02;2.740835e-02
3.041281e-01;1.424366e-01;4.250168e-02;2.790318e-02;5.336757e-02;6.899213e-02;1.131289e-01;3.179330e-02;5.948948e-02;7.414285e-02;2.799993e-02;5.411630e-02
2.337445e-01;8.264944e-02;8.388311e-02;4.324364e-02;8.314806e-02;6.157295e-02;7.170336e-02;4.914058e-02;1.111704e-01;4.484478e-02;4.315651e-02;9.174261e-02
1.293124e-01;4.740436e-02;1.810300e-01;7.361748e-02;7.443897e-02;4.797330e-02;6.649235e-02;6.785848e-02;1.149196e-01;5.514530e-02;5.960366e-02;8.220409e-02
7.982832e-02;6.033094e-02;2.938229e-01;8.184313e-02;4.188331e-02;3.156742e-02;7.629856e-02;5.439535e-02;8.234436e-02;7.042532e-02;7.850616e-02;4.875432e-02
4.065855e-02;8.335816e-02;3.743922e-01;7.765410e-02;3.618121e-02;4.093019e-02;9.193816e-02;3.902765e-02;5.436398e-02;7.279900e-02;5.326868e-02;3.542812e-02
6.066064e-02;9.480397e-02;2.975698e-01;5.632202e-02;4.974948e-02;5.743324e-02;7.710405e-02;5.867985e-02;1.034392e-01;4.613169e-02;4.256341e-02;5.554258e-02
1.064002e-01;9.012393e-02;1.878995e-01;5.654065e-02;7.597181e-02;6.401807e-02;5.826655e-02;6.097537e-02;9.028491e-02;7.625479e-02;4.411378e-02;8.915040e-02
1.267888e-01;8.069823e-02;1.368801e-01;6.834070e-02;7.263660e-02;4.501573e-02;7.547621e-02;8.527329e-02;7.684983e-02;9.349416e-02;6.087596e-02;7.767043e-02
1.235280e-01;5.634367e-02;1.543286e-01;6.268378e-02;6.113849e-02;3.541050e-02;1.060997e-01;8.671863e-02;9.968960e-02;7.248549e-02;8.334064e-02;5.823279e-02
8.010493e-02;6.728747e-02;1.679948e-01;6.311023e-02;4.919566e-02;4.976292e-02;1.148095e-01;7.828693e-02;1.056022e-01;8.189654e-02;9.048485e-02;5.146389e-02
7.284384e-02;8.714577e-02;1.187212e-01;5.728406e-02;4.832609e-02;5.096666e-02;1.142054e-01;1.268386e-01;1.008482e-01;8.077235e-02;6.473931e-02;7.730844e-02
3.423194e-02;1.037360e-01;1.154807e-01;4.156271e-02;3.081602e-02;4.915581e-02;1.167030e-01;1.756285e-01;9.927785e-02;8.289052e-02;9.195268e-02;5.856428e-02
6.358694e-02;1.054219e-01;1.390027e-01;5.214699e-02;3.251168e-02;4.362437e-02;1.103140e-01;9.436785e-02;1.267195e-01;1.016113e-01;9.758993e-02;3.310289e-02
7.306549e-02;6.325356e-02;1.879373e-01;7.204463e-02;4.372270e-02;3.765038e-02;1.657057e-01;3.960900e-02;1.356749e-01;7.374985e-02;4.869306e-02;5.889340e-02
8.017149e-02;9.623951e-02;2.409181e-01;6.553020e-02;4.914430e-02;4.132524e-02;1.418631e-01;3.108963e-02;7.543415e-02;7.853286e-02;5.207089e-02;4.768052e-02
8.605313e-02;1.036941e-01;3.053939e-01;5.684683e-02;5.014841e-02;4.828409e-02;1.069032e-01;2.693904e-02;3.548981e-02;8.471721e-02;5.424402e-02;4.128631e-02
8.951937e-02;7.114355e-02;3.772322e-01;7.225849e-02;7.086191e-02;4.711579e-02;7.075258e-02;2.248633e-02;1.812547e-02;8.835506e-02;4.235266e-02;2.979661e-02
1.443194e-01;1.031532e-01;3.332420e-01;6.812368e-02;8.090725e-02;4.318244e-02;4.610162e-02;2.391119e-02;2.243948e-02;5.810656e-02;5.827166e-02;1.824149e-02
2.113778e-01;1.859227e-01;1.725827e-01;2.566783e-02;7.192305e-02;3.287585e-02;7.392889e-02;2.158275e-02;4.763291e-02;4.251059e-02;7.566462e-02;3.833032e-02
2.173849e-01;1.689676e-01;8.819636e-02;5.701911e-02;5.005571e-02;1.313792e-02;1.190584e-01;2.085494e-02;6.284028e-02;6.296059e-02;7.922383e-02;6.030032e-02
1.641274e-01;8.773251e-02;1.137026e-01;8.301035e-02;5.279947e-02;3.580251e-02;1.391066e-01;2.879120e-02;7.799408e-02;8.540084e-02;6.437535e-02;6.715706e-02
1.708547e-01;9.962921e-02;1.400898e-01;8.215469e-02;3.981593e-02;4.368255e-02;1.209892e-01;3.296820e-02;6.333656e-02;7.081828e-02;4.728070e-02;8.838028e-02
2.104757e-01;7.765549e-02;2.026003e-01;9.579407e-02;3.743338e-02;4.514093e-02;6.437672e-02;2.616283e-02;2.472351e-02;6.237031e-02;5.764591e-02;9.562080e-02
1.697893e-01;1.094748e-01;1.935970e-01;6.607734e-02;6.116209e-02;2.761246e-02;1.086752e-01;5.324944e-02;7.283303e-02;4.849994e-02;3.150190e-02;5.752744e-02
1.254105e-01;9.906150e-02;1.584606e-01;7.122587e-02;6.148295e-02;3.721449e-02;1.625793e-01;4.888048e-02;1.112349e-01;2.301586e-02;5.110718e-02;5.032641e-02
9.832440e-02;8.757787e-02;1.630098e-01;1.164329e-01;3.980885e-02;3.620812e-02;1.187178e-01;3.057007e-02;1.056046e-01;3.391667e-02;1.099527e-01;5.987617e-02
6.240235e-02;1.039696e-01;2.125183e-01;1.011534e-01;5.680901e-02;3.974983e-02;9.592038e-02;4.735233e-02;5.095555e-02;4.483355e-02;1.041268e-01;8.020899e-02
8.617361e-02;7.610710e-02;2.031848e-01;1.233796e-01;6.036410e-02;5.118745e-02;1.112267e-01;3.130900e-02;3.445260e-02;8.563756e-02;5.826519e-02;7.871231e-02
