3.396809e-02;5.735696e-02;9.707244e-02;9.654526e-02;8.587316e-02;7.446714e-02;1.361957e-01;9.749426e-02;7.976638e-02;7.296181e-02;1.038478e-01;6.445096e-02
4.766560e-02;4.532608e-02;1.442379e-01;7.678056e-02;8.187514e-02;7.211947e-02;1.511484e-01;8.063252e-02;4.942371e-02;1.010289e-01;8.801807e-02;6.174365e-02
5.825092e-02;5.724680e-02;1.415098e-01;6.989790e-02;9.283600e-02;1.091810e-01;1.244922e-01;7.360724e-02;5.672174e-02;9.671725e-02;6.455847e-02;5.498079e-02
6.630753e-02;7.718913e-02;1.221227e-01;7.355173e-02;9.935953e-02;1.190870e-01;1.147871e-01;7.397952e-02;7.822215e-02;7.779507e-02;5.011862e-02;4.747984e-02
7.794307e-02;9.726621e-02;1.032761e-01;7.198323e-02;1.094669e-01;9.128785e-02;1.085747e-01;9.948772e-02;1.008508e-01;6.422672e-02;3.198479e-02;4.365183e-02
7.800978e-02;9.828300e-02;1.211618e-01;5.021840e-02;8.390231e-02;8.285834e-02;1.037899e-01;1.403078e-01;6.783745e-02;8.554352e-02;4.324416e-02;4.484347e-02
5.715213e-02;8.662575e-02;1.118727e-01;8.183821e-02;7.705382e-02;1.162004e-01;9.701811e-02;1.228910e-01;6.184378e-02;9.793755e-02;7.071942e-02;1.884716e-02
4.888273e-02;6.483596e-02;1.550078e-01;9.301355e-02;7.314583e-02;1.056469e-01;1.216704e-01;6.870195e-02;6.334709e-02;9.341152e-02;7.690813e-02;3.542812e-02
3.999059e-02;4.574287e-02;1.795867e-01;7.354587e-02;8.419996e-02;8.593405e-02;1.753003e-01;4.844102e-02;5.918096e-02;9.360867e-02;6.601404e-02;4.845502e-02
1.540593e-02;3.970036e-02;2.667449e-01;5.587981e-02;7.978746e-02;6.581642e-02;2.660889e-01;4.066709e-02;5.084573e-02;4.790273e-02;3.264245e-02;3.851820e-02
4.904551e-02;5.547621e-02;3.395222e-01;7.706977e-02;9.476313e-02;6.497717e-02;2.028937e-01;1.792591e-02;4.052023e-02;2.119372e-02;1.634140e-02;2.027106e-02
9.147590e-02;8.278500e-02;3.732988e-01;7.298140e-02;8.603827e-02;5.726712e-02;1.226018e-01;1.453251e-02;4.106313e-02;1.996964e-02;1.820024e-02;1.978616e-02
1.377274e-01;9.830341e-02;3.728818e-01;6.033754e-02;6.580082e-02;4.321670e-02;6.459091e-02;3.109225e-02;4.810315e-02;2.209357e-02;2.360366e-02;3.224879e-02
1.738229e-01;6.926163e-02;2.976468e-01;3.888261e-02;5.264595e-02;3.743326e-02;9.377756e-02;5.512139e-02;5.044530e-02;3.667031e-02;4.306697e-02;5.122531e-02
1.070875e-01;4.472911e-02;1.205555e-01;4.427825e-02;8.176069e-02;6.358199e-02;2.455745e-01;5.805409e-02;4.277284e-02;7.136512e-02;7.881747e-02;4.142294e-02
7.022545e-02;8.289608e-02;1.544293e-01;5.706378e-02;7.561189e-02;6.694195e-02;1.979889e-01;6.791520e-02;4.957254e-02;5.768470e-02;7.068563e-02;4.898455e-02
6.751510e-02;9.036864e-02;2.868698e-01;4.548119e-02;6.416744e-02;5.192657e-02;1.193466e-01;6.627837e-02;6.897184e-02;3.935883e-02;5.692280e-02;4.279280e-02
1.017435e-01;1.289853e-01;3.880403e-01;3.938808e-02;5.053291e-02;2.863021e-02;4.049364e-02;5.811195e-02;8.774626e-02;2.659225e-02;2.750273e-02;2.223286e-02
1.565729e-01;1.627510e-01;3.260558e-01;3.304302e-02;2.683836e-02;1.731836e-02;3.613307e-02;5.655693e-02;1.206098e-01;2.230863e-02;1.636158e-02;2.545057e-02
1.845750e-01;2.068056e-01;2.334172e-01;2.773373e-02;1.729592e-02;2.000439e-02;3.747866e-02;5.260099e-02;1.680464e-01;1.685221e-02;1.394846e-02;2.124141e-02
1.509533e-01;2.318976e-01;2.516466e-01;2.349550e-02;1.555091e-02;2.585969e-02;3.913733e-02;3.774935e-02;1.905047e-01;1.406308e-02;9.752981e-03;9.388993e-03
1.271785e-01;2.551947e-01;2.424931e-01;3.622676e-02;1.324965e-02;2.707111e-02;2.745221e-02;1.593586e-02;2.107695e-01;2.275212e-02;1.391377e-02;7.762716e-03
1.141741e-01;2.608240e-01;2.710596e-01;3.762909e-02;1.426742e-02;3.398041e-02;2.114156e-02;1.835359e-02;1.918725e-01;1.741296e-02;1.126349e-02;8.021313e-03
1.433029e-01;2.307881e-01;2.937024e-01;4.031451e-02;1.974685e-02;3.823955e-02;1.886153e-02;2.187584e-02;1.467672e-01;2.168582e-02;1.309252e-02;1.162275e-02
1.727909e-01;1.825523e-01;3.050356e-01;4.069048e-02;2.558623e-02;3.238424e-02;2.879847e-02;3.389298e-02;1.094851e-01;2.620699e-02;1.952161e-02;2.305500e-02
1.774490e-01;1.280917e-01;2.939050e-01;3.912037e-02;3.266570e-02;3.054532e-02;5.276332e-02;4.380713e-02;1.031737e-01;3.839379e-02;2.993897e-02;3.014596e-02
1.761759e-01;6.711306e-02;2.321518e-01;4.510527e-02;4.545687e-02;3.367637e-02;6.199737e-02;4.235867e-02;1.418957e-01;6.682802e-02;4.804657e-02;3.919443e-02
1.556926e-01;1.159480e-01;1.054148e-01;6.118967e-02;4.425526e-02;3.951729e-02;9.604402e-02;4.781580e-02;1.745282e-01;5.290135e-02;5.044775e-02;5.624513e-02
6.682696e-02;1.101404e-01;1.093087e-01;7.155984e-02;6.661652e-02;4.514226e-02;1.353172e-01;8.016374e-02;1.905176e-01;4.282070e-02;3.561300e-02;4.597308e-02
1.078835e-01;9.178967e-02;1.279896e-01;5.959093e-02;6.827666e-02;6.902986e-02;9.921526e-02;6.136732e-02;1.716631e-01;6.781287e-02;4.601597e-02;2.936535e-02
1.066476e-01;6.974079e-02;1.455081e-01;8.981096e-02;6.870043e-02;6.530183e-02;8.907386e-02;6.211094e-02;1.319238e-01;6.269807e-02;7.022063e-02;3.826287e-02
8.564988e-02;6.687802e-02;1.518262e-01;9.174504e-02;8.117682e-02;6.562398e-02;9.507211e-02;7.153401e-02;1.156521e-01;7.177785e-02;6.590983e-02;3.715421e-02
7.290429e-02;7.433199e-02;1.433974e-01;7.605730e-02;9.379062e-02;7.964367e-02;1.018868e-01;7.865480e-02;1.099180e-01;7.806526e-02;5.669466e-02;3.465525e-02
6.720379e-02;6.641379e-02;1.278894e-01;6.785327e-02;9.232764e-02;9.535664e-02;1.311447e-01;8.596680e-02;1.219094e-01;6.811406e-02;3.623265e-02;3.958778e-02
5.894711e-02;5.189340e-02;1.314855e-01;6.050014e-02;7.937516e-02;8.761783e-02;1.859913e-01;7.617796e-02;1.253738e-01;4.776320e-02;4.313809e-02;5.173649e-02
6.313036e-02;6.117702e-02;1.131376e-01;6.465339e-02;6.499074e-02;6.569505e-02;1.206902e-01;7.688685e-02;1.514525e-01;7.785212e-02;9.100030e-02;4.933397e-02
8.166555e-02;6.592243e-02;7.493746e-02;8.279573e-02;6.898573e-02;6.322596e-02;1.098147e-01;6.975710e-02;1.625773e-01;9.138545e-02;8.368741e-02;4.524524e-02
9.357657e-02;5.915892e-02;5.407392e-02;9.833176e-02;7.599415e-02;7.537624e-02;9.530382e-02;6.874617e-02;1.700882e-01;8.434557e-02;8.575919e-02;3.924548e-02
7.103196e-02;7.537322e-02;9.150093e-02;8.936336e-02;7.998917e-02;9.411347e-02;1.049060e-01;8.422544e-02;1.292435e-01;7.252821e-02;6.115201e-02;4.657282e-02
8.968165e-02;1.192955e-01;3.572681e-01;6.561977e-02;6.539185e-02;4.869207e-02;8.567082e-02;4.191039e-02;2.343035e-02;4.361460e-02;2.733444e-02;3.209053e-02
1.451875e-01;1.258354e-01;3.554509e-01;5.613876e-02;5.560034e-02;2.933286e-02;7.736825e-02;4.445043e-02;4.338356e-02;2.220233e-02;2.017592e-02;2.487375e-02
2.210840e-01;1.219285e-01;2.639915e-01;4.052468e-02;4.207909e-02;2.539893e-02;8.475800e-02;8.483207e-02;4.692291e-02;1.744320e-02;1.745551e-02;3.358163e-02
2.977571e-01;9.582075e-02;1.414463e-01;2.842645e-02;3.025418e-02;2.194095e-02;1.030571e-01;1.325630e-01;4.949085e-02;2.215192e-02;2.124766e-02;5.584366e-02
3.015492e-01;4.681025e-02;7.320619e-02;3.235738e-02;2.092584e-02;2.762290e-02;1.507131e-01;1.407872e-01;3.708595e-02;3.563833e-02;3.892251e-02;9.438120e-02
2.435451e-01;4.654979e-02;8.777537e-02;5.231187e-02;1.718258e-02;2.401038e-02;1.876335e-01;1.011854e-01;1.937392e-02;4.611599e-02;5.489250e-02;1.194236e-01
1.399478e-01;4.645632e-02;1.190143e-01;6.790074e-02;2.424097e-02;3.132537e-02;1.952748e-01;7.132626e-02;3.717020e-02;6.106909e-02;7.172066e-02;1.345535e-01
1.189299e-01;6.487212e-02;1.031184e-01;5.737424e-02;5.195691e-02;3.820598e-02;1.571468e-01;3.921822e-02;6.547551e-02;8.332902e-02;9.718551e-02;1.231874e-01
1.268505e-01;6.706409e-02;1.361956e-01;3.830088e-02;7.382362e-02;3.897221e-02;1.167905e-01;2.580789e-02;7.393141e-02;1.065858e-01;1.073667e-01;8.831073e-02
1.023229e-01;5.135844e-02;1.312341e-01;5.253591e-02;9.399733e-02;5.052608e-02;9.044092e-02;3.767927e-02;7.571447e-02;1.175085e-01;1.119880e-01;8.469401e-02
1.146321e-01;8.098599e-02;7.974943e-02;6.311364e-02;1.037325e-01;7.487368e-02;8.228730e-02;6.387632e-02;6.040058e-02;1.005566e-01;1.139949e-01;6.179677e-02
9.761935e-02;7.628992e-02;1.064740e-01;6.723570e-02;7.046372e-02;9.111331e-02;8.536673e-02;8.297344e-02;6.991541e-02;9.917753e-02;1.083087e-01;4.506224e-02
6.812061e-02;8.810528e-02;8.438598e-02;6.150778e-02;5.562793e-02;9.103981e-02;1.357443e-01;5.908603e-02;9.385964e-02;1.216585e-01;8.604210e-02;5.482206e-02
6.128697e-02;7.963309e-02;1.059567e-01;7.842346e-02;7.826497e-02;7.658570e-02;1.325180e-01;6.045831e-02;7.260205e-02;1.207037e-01;6.970099e-02;6.386603e-02
4.309098e-02;7.675336e-02;9.942654e-02;7.590941e-02;8.988087e-02;7.083576e-02;1.373945e-01;5.136432e-02;7.692830e-02;1.185859e-01;5.783161e-02;1.019985e-01
5.872533e-02;6.201000e-02;1.210473e-01;6.097066e-02;9.473416e-02;7.610551e-02;1.665942e-01;6.278683e-02;9.451642e-02;9.157477e-02;5.115105e-02;5.978378e-02
4.623479e-02;7.147827e-02;9.918451e-02;7.732274e-02;8.019524e-02;1.058861e-01;1.670032e-01;8.692075e-02;8.517423e-02;9.785390e-02;5.777504e-02;2.497120e-02
3.251885e-02;9.738152e-02;8.985801e-02;8.520713e-02;1.007673e-01;9.240134e-02;1.349824e-01;7.469173e-02;6.714798e-02;1.093086e-01;7.854417e-02;3.719085e-02
9.497692e-02;9.565159e-02;5.254515e-02;9.733188e-02;1.059350e-01;6.924663e-02;9.057266e-02;6.245908e-02;8.482872e-02;1.016604e-01;8.627804e-02;5.851387e-02
6.035243e-02;8.315583e-02;2.720660e-01;5.579577e-02;1.021122e-01;5.456661e-02;1.500544e-01;4.694397e-02;5.354990e-02;4.511653e-02;3.298483e-02;4.330145e-02
9.783549e-02;9.030697e-02;3.600443e-01;5.908734e-02;7.325958e-02;4.397393e-02;1.269496e-01;3.799836e-02;2.618748e-02;3.256300e-02;2.512318e-02;2.667075e-02
1.543196e-01;1.017657e-01;3.359309e-01;5.639074e-02;6.312720e-02;3.201882e-02;1.020003e-01;5.015343e-02;2.414376e-02;2.760133e-02;2.464194e-02;2.790641e-02
2.273318e-01;9.718284e-02;2.306254e-01;4.936560e-02;6.568882e-02;2.395175e-02;1.053137e-01;8.405220e-02;2.467773e-02;2.666586e-02;2.479967e-02;4.034462e-02
2.676033e-01;6.183498e-02;1.201293e-01;5.278261e-02;6.695800e-02;1.677980e-02;1.134646e-01;1.140262e-01;3.433840e-02;3.326695e-02;5.141371e-02;6.740224e-02
2.182386e-01;3.802256e-02;1.406011e-01;5.783910e-02;4.684046e-02;3.702892e-02;1.101322e-01;8.909595e-02;5.342262e-02;5.593256e-02;7.784361e-02;7.500229e-02
1.747912e-01;5.791860e-02;1.790127e-01;4.996251e-02;4.987834e-02;6.108154e-02;1.223522e-01;4.840883e-02;4.122293e-02;8.406130e-02;7.869098e-02;5.261887e-02
1.174494e-01;6.829230e-02;1.384187e-01;5.120842e-02;7.250213e-02;7.771961e-02;1.568583e-01;7.667284e-02;6.289681e-02;6.719346e-02;6.654076e-02;4.424739e-02
7.717743e-02;2.107791e-02;7.174129e-02;8.887853e-02;7.195227e-02;8.781128e-02;1.785569e-01;1.450998e-01;9.150717e-02;4.904399e-02;7.421003e-02;4.294337e-02
3.572425e-02;5.475703e-02;1.006056e-01;9.908146e-02;9.178460e-02;8.260489e-02;1.324454e-01;1.210750e-01;1.111225e-01;6.491185e-02;6.562711e-02;4.026033e-02
4.805319e-02;5.644787e-02;1.130839e-01;9.236936e-02;1.030646e-01;6.987442e-02;1.381454e-01;1.276186e-01;8.360519e-02;7.042886e-02;5.946771e-02;3.784093e-02
4.917018e-02;4.960769e-02;1.006759e-01;6.922216e-02;8.113389e-02;7.595176e-02;1.686239e-01;1.492454e-01;6.593856e-02;7.429021e-02;6.441534e-02;5.172508e-02
6.113106e-02;4.636987e-02;1.031422e-01;6.550967e-02;4.824640e-02;9.122860e-02;2.065553e-01;1.286990e-01;8.388890e-02;6.955466e-02;4.449732e-02;5.117704e-02
5.839100e-02;4.270751e-02;1.873423e-01;7.232035e-02;5.206330e-02;7.345865e-02;2.140602e-01;9.141629e-02;6.863099e-02;5.275637e-02;3.617644e-02;5.067657e-02
1.121696e-01;6.201424e-02;2.055950e-01;4.838672e-02;4.489386e-02;4.958151e-02;1.695391e-01;1.063095e-01;7.561049e-02;4.907694e-02;3.181043e-02;4.501252e-02
1.357251e-01;7.256387e-02;1.714372e-01;3.827311e-02;5.087794e-02;4.257555e-02;1.336274e-01;1.242619e-01;9.482929e-02;4.396434e-02;4.787998e-02;4.398436e-02
1.355922e-01;9.228063e-02;1.408014e-01;4.041535e-02;5.559387e-02;3.942633e-02;8.775533e-02;1.173149e-01;1.498750e-01;3.105133e-02;7.129458e-02;3.859914e-02
7.733096e-02;1.006519e-01;1.606267e-01;5.363280e-02;4.031460e-02;5.611961e-02;5.232598e-02;6.611019e-02;2.335694e-01;6.770782e-02;4.835783e-02;4.325233e-02
3.922390e-02;1.098056e-01;1.974108e-01;6.111163e-02;2.837275e-02;7.118016e-02;5.165632e-02;3.207396e-02;2.780843e-01;6.633606e-02;2.713332e-02;3.761112e-02
8.021064e-02;1.199185e-01;1.798999e-01;5.930047e-02;4.091891e-02;6.524987e-02;4.628824e-02;6.708242e-02;2.411344e-01;3.452371e-02;3.523647e-02;3.023644e-02
1.424016e-01;1.079348e-01;1.679427e-01;5.096549e-02;5.441953e-02;5.944076e-02;8.808468e-02;6.910140e-02;1.548437e-01;3.226899e-02;5.103481e-02;2.156141e-02
1.740753e-01;7.412511e-02;1.313080e-01;4.758203e-02;8.214514e-02;3.620495e-02;1.277215e-01;1.259633e-01;6.095457e-02;3.712185e-02;6.487530e-02;3.792297e-02
1.705339e-01;6.653661e-02;6.921569e-02;6.716925e-02;9.014922e-02;5.022060e-02;1.459244e-01;1.405933e-01;5.892247e-02;2.798124e-02;5.495144e-02;5.780189e-02
1.071514e-01;5.600857e-02;5.498221e-02;8.189269e-02;5.442372e-02;6.344048e-02;2.250779e-01;1.121138e-01;7.424854e-02;6.538743e-02;3.754079e-02;6.773249e-02
6.328890e-02;5.416123e-02;3.861807e-02;1.095672e-01;2.942571e-02;6.643555e-02;3.110293e-01;5.204314e-02;6.854418e-02;7.347213e-02;4.409922e-02;8.931536e-02
5.055962e-02;4.133452e-02;7.036380e-02;1.157885e-01;3.074871e-02;8.094445e-02;3.503144e-01;3.232625e-02;2.540157e-02;5.756756e-02;4.583641e-02;9.881426e-02
6.574441e-02;3.289922e-02;7.007197e-02;1.075415e-01;2.771781e-02;7.831271e-02;3.710274e-01;1.966157e-02;2.892896e-02;4.270262e-02;5.250285e-02;1.028890e-01
6.246170e-02;3.146982e-02;6.115489e-02;8.172610e-02;2.617822e-02;8.900547e-02;3.644326e-01;4.874713e-02;2.021850e-02;5.249040e-02;6.638107e-02;9.573416e-02
5.714857e-02;3.308503e-02;9.580003e-02;5.475318e-02;3.911533e-02;1.169827e-01;2.890946e-01;3.836538e-02;1.961207e-02;7.635220e-02;9.503081e-02;8.466007e-02
7.113883e-02;4.756882e-02;1.497789e-01;5.412830e-02;5.110949e-02;1.028635e-01;1.645093e-01;3.571451e-02;5.866361e-02;9.504559e-02;1.007168e-01;6.876235e-02
4.568489e-02;4.197539e-02;1.431230e-01;6.818508e-02;7.772332e-02;7.365017e-02;1.185107e-01;5.063675e-02;1.518758e-01;9.792269e-02;6.884149e-02;6.187064e-02
1.060789e-01;5.708948e-02;9.206823e-02;7.366367e-02;7.061292e-02;4.433101e-02;1.474173e-01;4.761337e-02;1.374470e-01;6.378384e-02;7.641774e-02;8.347657e-02
1.132306e-01;6.925271e-02;8.301123e-02;8.907355e-02;6.682052e-02;4.982473e-02;1.723051e-01;3.336680e-02;1.095667e-01;5.510101e-02;7.296559e-02;8.548143e-02
9.331106e-02;5.115645e-02;1.165977e-01;7.866995e-02;5.760274e-02;8.348923e-02;1.937964e-01;3.187621e-02;8.866819e-02;7.155548e-02;5.802639e-02;7.525017e-02
9.472683e-02;3.373841e-02;1.029963e-01;6.160743e-02;5.970367e-02;8.649074e-02;1.958696e-01;4.953938e-02;7.756115e-02;8.964664e-02;7.432014e-02;7.379977e-02
5.938705e-02;5.695982e-02;8.907334e-02;5.488139e-02;6.847760e-02;7.590020e-02;2.092066e-01;6.539737e-02;6.409039e-02;1.263033e-01;9.284487e-02;3.747804e-02
8.984971e-02;7.550418e-02;1.170279e-01;3.895340e-02;4.999273e-02;5.716803e-02;1.753445e-01;5.693178e-02;8.247474e-02;1.001469e-01;1.055977e-01;5.100832e-02
1.251451e-01;7.834118e-02;1.307866e-01;5.818775e-02;5.255378e-02;4.762486e-02;1.259920e-01;7.448912e-02;1.297984e-01;6.702421e-02;8.031657e-02;2.974044e-02
9.674437e-02;7.531253e-02;1.263562e-01;6.061190e-02;6.772204e-02;4.541495e-02;1.177889e-01;6.349492e-02;8.718170e-02;1.044633e-01;1.018818e-01;5.302742e-02
9.730949e-02;6.324425e-02;1.689913e-01;4.439878e-02;8.350725e-02;6.734421e-02;1.155285e-01;5.848976e-02;4.755605e-02;1.013076e-01;7.504717e-02;7.727566e-02
1.031154e-01;9.886917e-02;1.392944e-01;7.020407e-02;7.326528e-02;5.179450e-02;7.651602e-02;8.340319e-02;9.175781e-02;6.259818e-02;8.112364e-02;6.805836e-02
6.285416e-02;8.913833e-02;1.494544e-01;9.135767e-02;7.933567e-02;6.144107e-02;9.141332e-02;9.391300e-02;9.950464e-02;4.992909e-02;8.194797e-02;4.971067e-02
4.706513e-02;8.167183e-02;1.586520e-01;1.066054e-01;9.652685e-02;7.666753e-02;1.048816e-01;9.776328e-02;8.979577e-02;2.853188e-02;8.046345e-02;3.137529e-02
5.720473e-02;8.532835e-02;1.449996e-01;9.590065e-02;1.054813e-01;7.286590e-02;8.704236e-02;9.911503e-02;7.669476e-02;7.081966e-02;8.043045e-02;2.411716e-02
7.089076e-02;1.069423e-01;7.620380e-02;7.061480e-02;9.488802e-02;6.987898e-02;9.710707e-02;7.568381e-02;7.417773e-02;1.377848e-01;7.773427e-02;4.809375e-02
6.094724e-02;8.103956e-02;1.026035e-01;7.224546e-02;8.456021e-02;7.622288e-02;1.424009e-01;6.153306e-02;1.135268e-01;8.868451e-02;4.830809e-02;6.792777e-02
6.702589e-02;8.150516e-02;1.238916e-01;1.292393e-01;1.019277e-01;7.611996e-02;1.245714e-01;2.981841e-02;1.283971e-01;4.261402e-02;4.433391e-02;5.055561e-02
5.607096e-02;8.644927e-02;1.076241e-01;1.720161e-01;7.610393e-02;8.123999e-02;9.636147e-02;2.284200e-02;1.274768e-01;6.798836e-02;5.448892e-02;5.133811e-02
5.177936e-02;7.235502e-02;2.065253e-01;1.045713e-01;1.068399e-01;8.200219e-02;1.014182e-01;2.609216e-02;1.276558e-01;5.175994e-02;3.057076e-02;3.842992e-02
5.154211e-02;8.232359e-02;3.905694e-01;5.313518e-02;8.315918e-02;5.301318e-02;1.157438e-01;3.356976e-02;5.893759e-02;3.874328e-02;1.284164e-02;2.642127e-02
1.017068e-01;1.180800e-01;4.169405e-01;5.217455e-02;5.593492e-02;2.895629e-02;9.988948e-02;3.466662e-02;2.992130e-02;2.852882e-02;1.554843e-02;1.765238e-02
1.481262e-01;1.756978e-01;3.624862e-01;4.478262e-02;4.046430e-02;1.917036e-02;7.104636e-02;3.585813e-02;5.645438e-02;1.727940e-02;9.442554e-03;1.919172e-02
1.668610e-01;2.455014e-01;3.018079e-01;3.757514e-02;2.410550e-02;2.769787e-02;4.311367e-02;2.248290e-02;1.000476e-01;1.025631e-02;5.771088e-03;1.477967e-02
1.247207e-01;2.637795e-01;3.111617e-01;2.556623e-02;2.423305e-02;5.156056e-02;2.729196e-02;1.869567e-02;1.246364e-01;1.202498e-02;7.333262e-03;8.996023e-03
5.664655e-02;2.215364e-01;4.012432e-01;1.772515e-02;1.828968e-02;6.195855e-02;3.581151e-02;1.963902e-02;1.123129e-01;2.979607e-02;1.481302e-02;1.022789e-02
4.040777e-02;1.783879e-01;4.693769e-01;2.865719e-02;2.025278e-02;5.491132e-02;2.829929e-02;2.733606e-02;8.647706e-02;3.503538e-02;1.573228e-02;1.512609e-02
2.990425e-02;1.328408e-01;5.641409e-01;3.732101e-02;2.256925e-02;3.091011e-02;1.844942e-02;3.068913e-02;5.624096e-02;5.707627e-02;1.129616e-02;8.561717e-03
1.185167e-02;1.015411e-01;6.362155e-01;3.131242e-02;1.844989e-02;2.222834e-02;2.219612e-02;2.302069e-02;3.342949e-02;8.206431e-02;1.135478e-02;6.335662e-03
9.622211e-03;1.047948e-01;6.577840e-01;2.768487e-02;1.601954e-02;1.960170e-02;2.937072e-02;1.532912e-02;2.372482e-02;7.807597e-02;1.262305e-02;5.369239e-03
2.375251e-02;1.406707e-01;6.299238e-01;3.346907e-02;1.850912e-02;1.463230e-02;1.973895e-02;1.354227e-02;3.519543e-02;5.117272e-02;1.083112e-02;8.562074e-03
4.484269e-02;1.969305e-01;5.509257e-01;3.233940e-02;1.425194e-02;1.257591e-02;2.057975e-02;1.455955e-02;5.693699e-02;3.316582e-02;9.608207e-03;1.328349e-02
6.867000e-02;2.365726e-01;4.773591e-01;3.525970e-02;1.834109e-02;1.587023e-02;1.584081e-02;1.250245e-02;6.627317e-02;3.120802e-02;9.612734e-03;1.249008e-02
1.057445e-01;2.711067e-01;4.246488e-01;3.381810e-02;1.543155e-02;1.311016e-02;1.732529e-02;1.479179e-02;6.646876e-02;2.079977e-02;6.677103e-03;1.007738e-02
1.630198e-01;2.902085e-01;3.816654e-01;2.843962e-02;1.205624e-02;9.735116e-03;1.877843e-02;1.116474e-02;5.475150e-02;1.224523e-02;6.728110e-03;1.120730e-02
2.393026e-01;2.940521e-01;3.388364e-01;1.982912e-02;1.150775e-02;8.311877e-03;1.144214e-02;7.433538e-03;3.836778e-02;1.222051e-02;7.565694e-03;1.113034e-02
3.343068e-01;2.475479e-01;2.606375e-01;1.962985e-02;1.584124e-02;7.854390e-03;1.177732e-02;9.121393e-03;3.219526e-02;1.760756e-02;1.573998e-02;2.774088e-02
4.027949e-01;1.850968e-01;1.756195e-01;1.776400e-02;2.136011e-02;1.411926e-02;2.578403e-02;1.620561e-02;3.940233e-02;2.694871e-02;2.270803e-02;5.219683e-02
3.568937e-01;6.818637e-02;2.087699e-01;3.172092e-02;4.189623e-02;2.130704e-02;5.073690e-02;2.883361e-02;3.897411e-02;4.050899e-02;4.413216e-02;6.804008e-02
2.624677e-01;9.551341e-02;1.783796e-01;4.243859e-02;4.776902e-02;1.886244e-02;8.229975e-02;5.906190e-02;3.196964e-02;5.398791e-02;6.284228e-02;6.440780e-02
1.793535e-01;1.051782e-01;9.836005e-02;6.324657e-02;4.950791e-02;1.384524e-02;8.401515e-02;6.803813e-02;9.638064e-02;9.428913e-02;7.252471e-02;7.526075e-02
1.242924e-01;6.037494e-02;1.152727e-01;4.845652e-02;6.372456e-02;3.688962e-02;1.047488e-01;4.326949e-02;1.188320e-01;1.102328e-01;9.090686e-02;8.299932e-02
1.035820e-01;8.058195e-02;1.253351e-01;3.313558e-02;6.913564e-02;4.953885e-02;1.402211e-01;6.405856e-02;8.190819e-02;9.604021e-02;1.015221e-01;5.494069e-02
8.465329e-02;6.201535e-02;1.054311e-01;4.026604e-02;8.348951e-02;6.721058e-02;1.465264e-01;6.072729e-02;8.366535e-02;1.174829e-01;8.356289e-02;6.496932e-02
9.008269e-02;8.656945e-02;1.137041e-01;4.942082e-02;1.141799e-01;5.638299e-02;1.279364e-01;5.699805e-02;1.072987e-01;7.746030e-02;5.748744e-02;6.247915e-02
9.618825e-02;5.630442e-02;3.034793e-01;6.099821e-02;1.076849e-01;4.002779e-02;9.421632e-02;6.414970e-02;5.633592e-02;6.414994e-02;2.953885e-02;2.692637e-02
8.885965e-02;8.212651e-02;3.691944e-01;9.648652e-02;7.292949e-02;2.620795e-02;1.001604e-01;4.535399e-02;2.076733e-02;4.847776e-02;2.964654e-02;1.978948e-02
1.272404e-01;9.276211e-02;3.203368e-01;1.023295e-01;7.788268e-02;2.863221e-02;9.037700e-02;4.430680e-02;2.370277e-02;3.709418e-02;3.502534e-02;2.031016e-02
1.838985e-01;7.346467e-02;2.209829e-01;9.667144e-02;8.894389e-02;4.433268e-02;1.162772e-01;5.962234e-02;1.658581e-02;2.556242e-02;4.177618e-02;3.188180e-02
2.263792e-01;4.818838e-02;1.470508e-01;6.628732e-02;8.305995e-02;4.462143e-02;1.591468e-01;7.126269e-02;1.935841e-02;2.904723e-02;4.314163e-02;6.245617e-02
2.163211e-01;3.980927e-02;2.367896e-01;4.907012e-02;6.270250e-02;2.754202e-02;1.376981e-01;5.315302e-02;2.768407e-02;4.536301e-02;3.927202e-02;6.459517e-02
1.955753e-01;9.097518e-02;3.060134e-01;4.217710e-02;5.327408e-02;2.940800e-02;7.689735e-02;2.723650e-02;3.735604e-02;5.641356e-02;4.398071e-02;4.069281e-02
1.564407e-01;6.877711e-02;2.169631e-01;9.302029e-02;5.359146e-02;5.476728e-02;1.087932e-01;2.279865e-02;6.663535e-02;7.422993e-02;5.162976e-02;3.235311e-02
1.144025e-01;5.593232e-02;9.851218e-02;1.116301e-01;9.749226e-02;6.899974e-02;9.932111e-02;4.610589e-02;9.479181e-02;1.022000e-01;5.439075e-02;5.622137e-02
6.499822e-02;5.195418e-02;1.473867e-01;1.244775e-01;1.116535e-01;7.637630e-02;4.355986e-02;6.108087e-02;9.689809e-02;1.049871e-01;5.018410e-02;6.644361e-02
7.451525e-02;6.856114e-02;1.952460e-01;1.007838e-01;6.759690e-02;7.195024e-02;1.185235e-01;5.324937e-02;6.535918e-02;6.760976e-02;6.921613e-02;4.738883e-02
8.889234e-02;4.855050e-02;1.756078e-01;1.081677e-01;6.987602e-02;6.191599e-02;1.221106e-01;4.569415e-02;7.030123e-02;6.110552e-02;9.876899e-02;4.900911e-02
5.877404e-02;5.668772e-02;1.241886e-01;9.978629e-02;8.312962e-02;6.509430e-02;1.171127e-01;7.281812e-02;1.002230e-01;8.090576e-02;8.791020e-02;5.336968e-02
7.772443e-02;6.747447e-02;1.215616e-01;9.780607e-02;9.579930e-02;6.995456e-02;1.202302e-01;7.786940e-02;1.035814e-01;6.250637e-02;6.515497e-02;4.033721e-02
9.888836e-02;5.743930e-02;1.208372e-01;7.429615e-02;1.209414e-01;6.178588e-02;1.468118e-01;7.921582e-02;9.855480e-02;6.272634e-02;4.181902e-02;3.668393e-02
9.069189e-02;3.900937e-02;1.217620e-01;6.119051e-02;1.175997e-01;6.844425e-02;1.486494e-01;7.631058e-02;9.011026e-02;8.022721e-02;6.614528e-02;3.985940e-02
1.109720e-01;4.081676e-02;1.350519e-01;6.220451e-02;9.841149e-02;5.842260e-02;1.675987e-01;8.486445e-02;7.186951e-02;7.856453e-02;6.110236e-02;3.012121e-02
1.032491e-01;5.277383e-02;1.341927e-01;3.672941e-02;5.054384e-02;5.489830e-02;1.497425e-01;1.444699e-01;7.000376e-02;8.629645e-02;5.162748e-02;6.547279e-02
8.243035e-02;5.236597e-02;8.914621e-02;4.394208e-02;9.001726e-02;5.473967e-02;1.335862e-01;1.419884e-01;9.103733e-02;7.771382e-02;7.794325e-02;6.508941e-02
8.360820e-02;6.872007e-02;7.279540e-02;7.488174e-02;8.355829e-02;5.816133e-02;1.001844e-01;1.223129e-01;5.808290e-02;9.150024e-02;1.063256e-01;7.986895e-02
9.322965e-02;6.557015e-02;1.244229e-01;6.496957e-02;3.835066e-02;9.151433e-02;1.171080e-01;8.080775e-02;6.084522e-02;7.110887e-02;1.159418e-01;7.613100e-02
4.684843e-02;5.183184e-02;1.275554e-01;5.045474e-02;6.751104e-02;9.675959e-02;1.355611e-01;5.760334e-02;4.678359e-02;1.125725e-01;1.392569e-01;6.726158e-02
8.595866e-02;5.164040e-02;1.308912e-01;4.997609e-02;7.879498e-02;5.964250e-02;1.484282e-01;2.203298e-02;7.787590e-02;9.210265e-02;1.369833e-01;6.567323e-02
8.752885e-02;5.044974e-02;1.762994e-01;3.292092e-02;6.171206e-02;4.145552e-02;1.103552e-01;4.014864e-02;9.989183e-02;1.120147e-01;1.262164e-01;6.100678e-02
4.291508e-02;4.844004e-02;1.740203e-01;4.778527e-02;5.074320e-02;4.401365e-02;1.065926e-01;7.609957e-02;7.600540e-02;1.238400e-01;1.458710e-01;6.367383e-02
3.730362e-02;4.276253e-02;1.392721e-01;5.436890e-02;5.056060e-02;4.252906e-02;1.202393e-01;5.055082e-02;7.716209e-02;1.532513e-01;1.684558e-01;6.354390e-02
4.110971e-02;3.816275e-02;1.334338e-01;4.209965e-02;4.530861e-02;3.665276e-02;1.077399e-01;4.857859e-02;1.224013e-01;1.540783e-01;1.655382e-01;6.489645e-02
3.951063e-02;4.477068e-02;1.153558e-01;5.180577e-02;5.961462e-02;4.802400e-02;1.198280e-01;6.909309e-02;1.138419e-01;1.247337e-01;1.551880e-01;5.823384e-02
5.044145e-02;7.992946e-02;9.329978e-02;3.990433e-02;7.730113e-02;6.250827e-02;1.254481e-01;7.743479e-02;1.003752e-01;1.084440e-01;1.362005e-01;4.871297e-02
4.865211e-02;9.102364e-02;9.251957e-02;2.585745e-02;5.718737e-02;9.027863e-02;1.241391e-01;6.662754e-02;8.797812e-02;1.286920e-01;1.173102e-01;6.973431e-02
8.891691e-02;7.139330e-02;1.278820e-01;4.684181e-02;4.176834e-02;6.732010e-02;9.340561e-02;6.130582e-02;7.829753e-02;1.488534e-01;9.022105e-02;8.379412e-02
1.989767e-01;6.435240e-02;1.570959e-01;4.745659e-02;4.313938e-02;3.780402e-02;7.073330e-02;7.575009e-02;5.737434e-02;1.053540e-01;5.402012e-02;8.794317e-02
2.497703e-01;8.762512e-02;1.745283e-01;2.840942e-02;3.685240e-02;2.247993e-02;7.000956e-02;7.972687e-02;5.933873e-02;6.032886e-02;5.641508e-02;7.451548e-02
2.715849e-01;9.188170e-02;1.450709e-01;3.213411e-02;3.579564e-02;1.453588e-02;1.027633e-01;7.959062e-02;5.440998e-02;4.051527e-02;4.960292e-02;8.211475e-02
1.797756e-01;7.311380e-02;1.540240e-01;4.523306e-02;4.339977e-02;3.203976e-02;1.320900e-01;6.733309e-02;4.760004e-02;5.175403e-02;7.860773e-02;9.502911e-02
1.245073e-01;7.228176e-02;9.905708e-02;5.561902e-02;5.451136e-02;4.148977e-02;1.407552e-01;6.213326e-02;6.750256e-02;9.239218e-02;1.051041e-01;8.464643e-02
7.964852e-02;6.571069e-02;1.361633e-01;6.547449e-02;5.471597e-02;3.780950e-02;1.233115e-01;7.932601e-02;8.359563e-02;1.183338e-01;1.007512e-01;5.515931e-02
5.978879e-02;6.743652e-02;1.326660e-01;5.666022e-02;4.716748e-02;6.914828e-02;1.030207e-01;7.446930e-02;8.309750e-02;1.715829e-01;9.241889e-02;4.254339e-02
8.788945e-02;7.770718e-02;8.367473e-02;2.958717e-02;4.852773e-02;9.853029e-02;8.264580e-02;5.489832e-02;1.265712e-01;1.802307e-01;7.415865e-02;5.557877e-02
6.605846e-02;7.073040e-02;9.014819e-02;2.530298e-02;8.067621e-02;1.059801e-01;6.995395e-02;9.247362e-02;1.482854e-01;1.094646e-01;6.349856e-02;7.742750e-02
7.890318e-02;6.069158e-02;1.172465e-01;5.076408e-02;8.431488e-02;7.596663e-02;8.735743e-02;1.018703e-01;1.342287e-01;7.728785e-02;6.990559e-02;6.146338e-02
7.864207e-02;5.132757e-02;1.027503e-01;7.037897e-02;6.890536e-02;6.435604e-02;1.042529e-01;8.657745e-02;1.308219e-01;1.182306e-01;6.488454e-02;5.887225e-02
6.779094e-02;4.986611e-02;9.721811e-02;8.531296e-02;8.270983e-02;7.496868e-02;1.088887e-01;6.513099e-02;1.157873e-01;1.187449e-01;6.085879e-02;7.272271e-02
6.508664e-02;5.637854e-02;1.084951e-01;7.519682e-02;1.159507e-01;8.948088e-02;9.207325e-02;4.682356e-02;7.061708e-02;1.195099e-01;1.013657e-01;5.902176e-02
5.445802e-02;4.588250e-02;1.149976e-01;6.966954e-02;1.055914e-01;8.014899e-02;1.211873e-01;7.010253e-02;1.039380e-01;1.045829e-01;9.818108e-02;3.126019e-02
5.824469e-02;3.813495e-02;1.168345e-01;9.235367e-02;9.114583e-02;6.206460e-02;1.246912e-01;7.348568e-02;1.079163e-01;1.013998e-01;8.522370e-02;4.850510e-02
7.224533e-02;3.659459e-02;9.267362e-02;1.367361e-01;8.164495e-02;6.763223e-02;1.158031e-01;3.382847e-02;1.407201e-01;1.137691e-01;4.975436e-02;5.859805e-02
5.605783e-02;4.332696e-02;9.374135e-02;1.119290e-01;5.982169e-02;5.112324e-02;1.211569e-01;7.341813e-02;1.213342e-01;1.374847e-01;6.621650e-02;6.438954e-02
8.780781e-02;7.310750e-02;1.080477e-01;9.880522e-02;6.238106e-02;4.207693e-02;1.266690e-01;8.519841e-02;9.449403e-02;1.313870e-01;5.747489e-02;3.255050e-02
8.545597e-02;1.193055e-01;1.382745e-01;9.738924e-02;6.869595e-02;6.466035e-02;1.038818e-01;5.881774e-02;5.523950e-02;1.133709e-01;5.243817e-02;4.247040e-02
6.448215e-02;8.791482e-02;1.566498e-01;5.876852e-02;8.106188e-02;7.493950e-02;1.523923e-01;7.212108e-02;7.380088e-02;8.276729e-02;5.310468e-02;4.199709e-02
7.693486e-02;5.331650e-02;1.920649e-01;5.163767e-02;7.727486e-02;8.415233e-02;2.286399e-01;7.443956e-02;6.496791e-02;4.048895e-02;3.193671e-02;2.414575e-02
8.649990e-02;7.792532e-02;2.463482e-01;4.635041e-02;7.026830e-02;7.345898e-02;1.987039e-01;6.092103e-02;5.534507e-02;2.691904e-02;3.189552e-02;2.536429e-02
8.012580e-02;1.018873e-01;3.592431e-01;2.792461e-02;5.897219e-02;5.895262e-02;1.455574e-01;3.504905e-02;4.230599e-02;3.591805e-02;2.851305e-02;2.555089e-02
3.843031e-02;8.806169e-02;4.646245e-01;8.716572e-02;5.182980e-02;3.056553e-02;8.674434e-02;3.778148e-02;2.696145e-02;4.541352e-02;2.572262e-02;1.669900e-02
1.822170e-02;5.499797e-02;4.816711e-01;1.351502e-01;7.322967e-02;2.388378e-02;5.640172e-02;5.237160e-02;3.232851e-02;3.123771e-02;2.672749e-02;1.377852e-02
1.432157e-02;4.745800e-02;5.922240e-01;1.035445e-01;5.067065e-02;2.667912e-02;5.071976e-02;3.084385e-02;1.615560e-02;3.630606e-02;2.272652e-02;8.350439e-03
1.611527e-02;3.700448e-02;6.967316e-01;6.747125e-02;2.906006e-02;2.075091e-02;4.465753e-02;1.465020e-02;1.040781e-02;4.220410e-02;1.447108e-02;6.475711e-03
2.709052e-02;5.401839e-02;6.973851e-01;4.381569e-02;3.317289e-02;2.140072e-02;3.277347e-02;8.713312e-03;1.820978e-02;4.543660e-02;1.093299e-02;7.050538e-03
2.722924e-02;5.673378e-02;6.788703e-01;5.681884e-02;3.106822e-02;2.646491e-02;3.672380e-02;9.585582e-03;1.581530e-02;3.552497e-02;1.380262e-02;1.136254e-02
1.786309e-02;3.561238e-02;6.558664e-01;6.813589e-02;5.702795e-02;3.481236e-02;4.005212e-02;1.481017e-02;2.003167e-02;3.113458e-02;1.247851e-02;1.217481e-02
1.675351e-02;2.338972e-02;6.537833e-01;6.613743e-02;7.363945e-02;3.376408e-02;3.944755e-02;2.010433e-02;1.806927e-02;3.089448e-02;9.446254e-03;1.457060e-02
2.404969e-02;2.166071e-02;5.760707e-01;7.563301e-02;5.751523e-02;3.728791e-02;7.386164e-02;3.671023e-02;2.738442e-02;4.170275e-02;1.005025e-02;1.807338e-02
2.461297e-02;2.134660e-02;4.167849e-01;8.758248e-02;5.842188e-02;5.257472e-02;1.247413e-01;3.192162e-02;6.754863e-02;6.808451e-02;2.536502e-02;2.101531e-02
3.555848e-02;3.907745e-02;3.425634e-01;8.581629e-02;7.473624e-02;5.682752e-02;1.191536e-01;3.862190e-02;7.010859e-02;7.431662e-02;3.967730e-02;2.354265e-02
4.087409e-02;4.559465e-02;3.648899e-01;8.062227e-02;6.838230e-02;4.987548e-02;1.245802e-01;5.137085e-02;4.229409e-02;7.006369e-02;3.535902e-02;2.609349e-02
4.361031e-02;7.381161e-02;3.551804e-01;9.158366e-02;5.720218e-02;3.617381e-02;1.258443e-01;5.591008e-02;4.481469e-02;5.195608e-02;4.043889e-02;2.347397e-02
5.911177e-02;8.455569e-02;3.317261e-01;8.868009e-02;6.255625e-02;2.821415e-02;8.570331e-02;7.168673e-02;5.038197e-02;4.450894e-02;6.278662e-02;3.008840e-02
6.558412e-02;7.566574e-02;3.003656e-01;5.835592e-02;6.294357e-02;4.716656e-02;6.327035e-02;8.492050e-02;5.948693e-02;6.469011e-02;8.207405e-02;3.547656e-02
6.544182e-02;7.312590e-02;2.893348e-01;5.424479e-02;7.094014e-02;6.156641e-02;7.473179e-02;7.975890e-02;5.734443e-02;8.494382e-02;6.266328e-02;2.590393e-02
5.123506e-02;6.857401e-02;2.326256e-01;6.462327e-02;6.070095e-02;6.629653e-02;1.206279e-01;6.351576e-02;9.462842e-02;8.600768e-02;5.615432e-02;3.501046e-02
3.761882e-02;6.688204e-02;1.736324e-01;6.833341e-02;5.106048e-02;5.585644e-02;1.572728e-01;5.247622e-02;1.097913e-01;9.595795e-02;9.130505e-02;3.981305e-02
4.540749e-02;5.386756e-02;1.413572e-01;6.880750e-02;5.030867e-02;4.144071e-02;1.582059e-01;5.032333e-02;1.198597e-01;1.372693e-01;8.517835e-02;4.797427e-02
5.161146e-02;5.250638e-02;1.171776e-01;7.618685e-02;4.163943e-02;6.047337e-02;1.736787e-01;4.226030e-02;1.250833e-01;1.231143e-01;7.437743e-02;6.189078e-02
4.313099e-02;7.400106e-02;1.144373e-01;7.122800e-02;4.025030e-02;9.683328e-02;1.679276e-01;7.838177e-02;8.114479e-02;8.064851e-02;8.445357e-02;6.756280e-02
5.316162e-02;9.085436e-02;1.065093e-01;6.105978e-02;7.422985e-02;1.034483e-01;1.463510e-01;9.648347e-02;6.642925e-02;7.170940e-02;5.920858e-02;7.055514e-02
7.608406e-02;9.797578e-02;8.342837e-02;5.751585e-02;8.622143e-02;8.237296e-02;1.271418e-01;7.061256e-02;6.735069e-02;1.243936e-01;8.492265e-02;4.198031e-02
9.302261e-02;8.401148e-02;1.159941e-01;5.725405e-02;6.748141e-02;7.513326e-02;1.224759e-01;4.532924e-02;8.510611e-02;1.304096e-01;7.361200e-02;5.017025e-02
9.048359e-02;7.017077e-02;1.118449e-01;6.729224e-02;6.705008e-02;6.700063e-02;1.196903e-01;5.166019e-02;8.829399e-02;1.054053e-01;7.650358e-02;8.460439e-02
6.606934e-02;6.566379e-02;1.078270e-01;9.051488e-02;7.026550e-02;7.405014e-02;9.061009e-02;7.296406e-02;1.114271e-01;8.962940e-02;8.447265e-02;7.650601e-02
7.522106e-02;3.672773e-02;1.037558e-01;7.451521e-02;6.515464e-02;9.142393e-02;1.025971e-01;9.296368e-02;1.429632e-01;8.194350e-02;5.266997e-02;8.006428e-02
6.518247e-02;2.783489e-02;1.140044e-01;4.998690e-02;6.149737e-02;8.742765e-02;1.397520e-01;6.673103e-02;1.151693e-01;1.045015e-01;8.728325e-02;8.062930e-02
5.672449e-02;3.613054e-02;1.356375e-01;7.649074e-02;6.558412e-02;7.180980e-02;1.417422e-01;5.720912e-02;9.859203e-02;9.830838e-02;8.194786e-02;7.982323e-02
7.653911e-02;4.968667e-02;1.593720e-01;6.306557e-02;6.462013e-02;7.301521e-02;1.168324e-01;9.914868e-02;7.197137e-02;9.212681e-02;5.811519e-02;7.550687e-02
