1.039052e-01;1.458530e-01;1.080123e-01;3.644824e-02;9.460355e-03;5.602044e-02;1.034583e-01;9.188232e-02;5.430577e-02;7.200900e-02;3.892997e-02;1.797150e-01
8.014324e-02;1.340532e-01;1.099485e-01;3.705915e-02;1.841153e-02;7.965606e-02;1.639449e-01;5.836254e-02;4.033829e-02;5.315567e-02;7.316051e-02;1.517663e-01
4.673429e-02;9.153247e-02;7.392490e-02;1.910920e-02;2.041053e-02;1.059468e-01;2.133654e-01;9.584904e-02;5.091260e-02;3.333624e-02;1.461598e-01;1.027188e-01
3.194965e-02;7.382233e-02;6.070999e-02;2.105538e-02;1.247178e-02;1.360941e-01;1.751497e-01;6.341890e-02;5.115990e-02;1.818367e-02;1.612257e-01;1.947589e-01
3.731795e-02;6.572591e-02;7.664305e-02;2.085101e-02;1.329612e-02;1.806841e-01;1.507651e-01;4.527340e-02;5.613616e-02;1.557555e-02;1.641383e-01;1.735934e-01
3.168999e-02;5.328397e-02;7.489800e-02;2.133601e-02;1.616913e-02;2.181750e-01;1.541477e-01;4.966221e-02;7.909408e-02;2.098885e-02;1.720347e-01;1.085204e-01
2.818938e-02;4.162363e-02;7.546990e-02;2.652052e-02;2.116675e-02;2.084463e-01;1.379747e-01;4.771598e-02;8.902122e-02;2.706304e-02;1.752493e-01;1.215593e-01
4.226050e-02;6.854184e-02;1.189275e-01;2.487985e-02;2.043767e-02;1.551023e-01;1.053598e-01;5.588397e-02;1.132189e-01;2.957654e-02;1.467550e-01;1.190562e-01
5.922499e-02;1.371398e-01;1.267129e-01;3.321078e-02;2.730950e-02;8.005662e-02;1.668523e-01;6.675898e-02;8.278271e-02;3.454476e-02;7.087394e-02;1.145327e-01
6.614903e-02;1.697478e-01;8.281769e-02;6.235512e-02;1.844560e-02;8.553369e-02;2.717385e-01;5.067392e-02;4.501612e-02;3.148024e-02;4.475035e-02;7.129196e-02
6.553244e-02;1.788274e-01;6.145658e-02;7.219299e-02;1.216340e-02;1.018595e-01;2.809000e-01;2.578234e-02;4.002080e-02;2.596606e-02;5.992859e-02;7.536985e-02
6.566816e-02;2.056166e-01;6.601503e-02;6.219020e-02;8.051015e-03;9.455882e-02;2.591925e-01;3.686544e-02;4.506150e-02;2.378343e-02;5.275191e-02;8.024539e-02
5.977898e-02;2.047331e-01;8.655265e-02;5.240903e-02;6.207470e-03;9.228220e-02;2.538764e-01;3.561953e-02;3.994444e-02;2.551926e-02;4.116780e-02;1.019091e-01
6.742597e-02;1.927735e-01;5.711154e-02;4.864174e-02;1.847406e-02;7.583883e-02;2.551045e-01;4.767899e-02;5.991077e-02;3.116560e-02;3.459988e-02;1.112746e-01
6.619359e-02;2.012914e-01;1.266333e-01;3.182595e-02;4.074179e-02;5.875402e-02;1.807494e-01;5.941818e-02;5.555741e-02;2.928995e-02;4.428055e-02;1.052645e-01
5.183192e-02;1.848675e-01;1.207960e-01;2.469373e-02;6.748082e-02;1.228347e-01;1.285314e-01;7.248259e-02;4.988118e-02;2.774509e-02;6.366974e-02;8.518524e-02
3.904562e-02;1.451603e-01;9.755217e-02;3.534951e-02;1.193943e-01;1.571986e-01;9.861018e-02;8.581957e-02;5.917209e-02;2.633557e-02;8.543406e-02;5.092803e-02
3.182575e-02;1.013424e-01;1.163862e-01;2.837256e-02;1.535740e-01;1.549792e-01;6.963994e-02;9.761626e-02;8.499623e-02;2.537844e-02;9.732394e-02;3.856507e-02
2.010996e-02;7.284331e-02;1.140061e-01;1.481571e-02;1.232039e-01;1.610395e-01;5.801617e-02;1.173623e-01;1.172385e-01;3.363748e-02;1.121634e-01;5.556369e-02
1.346457e-02;5.562799e-02;8.903739e-02;9.790687e-03;5.785432e-02;2.290220e-01;7.947392e-02;1.070884e-01;1.245753e-01;4.955372e-02;1.301087e-01;5.440309e-02
2.417984e-02;7.870197e-02;7.201382e-02;2.175601e-02;2.118731e-02;2.709651e-01;8.532472e-02;8.223833e-02;1.030614e-01;5.698739e-02;1.293831e-01;5.420100e-02
3.551255e-02;1.234196e-01;8.167156e-02;4.555263e-02;3.294238e-02;2.016891e-01;6.078189e-02;6.618018e-02;1.170455e-01;6.092206e-02;1.097974e-01;6.448524e-02
4.682733e-02;1.215178e-01;8.504482e-02;5.357772e-02;4.019982e-02;8.249970e-02;9.848358e-02;8.554668e-02;1.291050e-01;6.782185e-02;1.236662e-01;6.570947e-02
4.744406e-02;1.265529e-01;8.573104e-02;3.446259e-02;4.065867e-02;1.288619e-01;1.128011e-01;6.480549e-02;1.283321e-01;5.061531e-02;9.661593e-02;8.311890e-02
4.916760e-02;1.855519e-01;1.360860e-01;2.794239e-02;3.669323e-02;1.308069e-01;9.194302e-02;8.101965e-02;9.636232e-02;2.901480e-02;4.817326e-02;8.723891e-02
6.465384e-02;2.329834e-01;1.335170e-01;4.000743e-02;4.053422e-02;1.094663e-01;6.687026e-02;8.552290e-02;6.439514e-02;4.600868e-02;3.984755e-02;7.619328e-02
6.092037e-02;2.206520e-01;1.303566e-01;5.573672e-02;5.103384e-02;1.158475e-01;8.879364e-02;4.957222e-02;6.457801e-02;6.014934e-02;5.678572e-02;4.557401e-02
6.031971e-02;2.028070e-01;1.157562e-01;5.058541e-02;6.434134e-02;1.052051e-01;1.336185e-01;4.504474e-02;6.528166e-02;5.378335e-02;5.826855e-02;4.498849e-02
5.773571e-02;2.065053e-01;1.483059e-01;3.848597e-02;7.126549e-02;1.006158e-01;8.893814e-02;6.226444e-02;8.120701e-02;4.162033e-02;5.086254e-02;5.219335e-02
5.508687e-02;1.801808e-01;1.451566e-01;2.896876e-02;6.232434e-02;1.610969e-01;4.889392e-02;8.730873e-02;8.451299e-02;4.093267e-02;4.957071e-02;5.596668e-02
4.928820e-02;1.148852e-01;1.351093e-01;2.720437e-02;5.410317e-02;1.985498e-01;8.192533e-02;9.741776e-02;1.123172e-01;4.442870e-02;4.675272e-02;3.801815e-02
3.986790e-02;1.297643e-01;9.578200e-02;2.358818e-02;4.253870e-02;1.792402e-01;1.357236e-01;9.850367e-02;1.255121e-01;3.199202e-02;5.681624e-02;4.067105e-02
4.503026e-02;1.336126e-01;9.834372e-02;2.897897e-02;2.793406e-02;1.087351e-01;1.555773e-01;1.102234e-01;1.357566e-01;4.442858e-02;6.288235e-02;4.849705e-02
4.177532e-02;1.023143e-01;8.677951e-02;3.987297e-02;3.464461e-02;9.514255e-02;1.497188e-01;1.380393e-01;1.563624e-01;5.959814e-02;6.163613e-02;3.411597e-02
4.117347e-02;5.892677e-02;5.185794e-02;3.675346e-02;5.106046e-02;1.101172e-01;9.277421e-02;1.569633e-01;1.788388e-01;5.083384e-02;8.364728e-02;8.705329e-02
3.437166e-02;1.250737e-01;7.586452e-02;2.764400e-02;7.110217e-02;1.303547e-01;2.682566e-02;1.272592e-01;1.433131e-01;4.677778e-02;5.115499e-02;1.402585e-01
5.361845e-02;1.040880e-01;8.442787e-02;1.514980e-02;4.761198e-02;1.547853e-01;8.084920e-02;6.977288e-02;1.127782e-01;5.218633e-02;1.176885e-01;1.070434e-01
5.547870e-02;7.367335e-02;7.882979e-02;8.893073e-03;3.131725e-02;1.790997e-01;1.199383e-01;5.697816e-02;8.937795e-02;4.164262e-02;1.752948e-01;8.947633e-02
5.461816e-02;4.742755e-02;7.898350e-02;1.375423e-02;2.970571e-02;2.172106e-01;1.334328e-01;3.845733e-02;7.235683e-02;3.317465e-02;2.000803e-01;8.079840e-02
5.855552e-02;2.495055e-02;7.421862e-02;9.672666e-03;1.710370e-02;2.743447e-01;1.290649e-01;3.124844e-02;7.116548e-02;3.451872e-02;2.223510e-01;5.280577e-02
5.594823e-02;3.712215e-02;9.080120e-02;1.004706e-02;2.482193e-02;2.706594e-01;9.142894e-02;3.902162e-02;6.786174e-02;3.366993e-02;2.342014e-01;4.441645e-02
4.535402e-02;4.616413e-02;8.411127e-02;1.441144e-02;4.227091e-02;2.211715e-01;4.925462e-02;8.087856e-02;1.114566e-01;5.146110e-02;2.149213e-01;3.854460e-02
3.571284e-02;5.863488e-02;1.008242e-01;2.386939e-02;5.233799e-02;1.924115e-01;1.794225e-02;1.359313e-01;1.464660e-01;5.160515e-02;1.555248e-01;2.873967e-02
3.032477e-02;8.233098e-02;1.118468e-01;1.788507e-02;4.569015e-02;1.823858e-01;3.725407e-02;1.336693e-01;1.711250e-01;3.129539e-02;9.273639e-02;6.345622e-02
4.653338e-02;8.449901e-02;8.343322e-02;2.352127e-02;4.112107e-02;1.634607e-01;5.892207e-02;1.042556e-01;1.604528e-01;3.121757e-02;1.162154e-01;8.636790e-02
5.647537e-02;8.827323e-02;6.036590e-02;1.734503e-02;3.299437e-02;1.836232e-01;7.292589e-02;8.963888e-02;1.443296e-01;3.631851e-02;1.317238e-01;8.598623e-02
6.354967e-02;1.554001e-01;1.187162e-01;1.555082e-02;2.487868e-02;1.378312e-01;4.546982e-02;9.389995e-02;1.223784e-01;3.558738e-02;1.064614e-01;8.027644e-02
8.043790e-02;1.565380e-01;1.146820e-01;2.042652e-02;4.160948e-02;1.425902e-01;2.795668e-02;1.205302e-01;7.870400e-02;3.457546e-02;1.075180e-01;7.443166e-02
8.326796e-02;1.007551e-01;8.960167e-02;1.750180e-02;6.980240e-02;1.720902e-01;1.838493e-02;1.377692e-01;1.031620e-01;2.710584e-02;1.070458e-01;7.351319e-02
7.283928e-02;1.090231e-01;1.009068e-01;1.858113e-02;4.519325e-02;1.941206e-01;3.752383e-02;1.301756e-01;9.756547e-02;2.228820e-02;8.231865e-02;8.946413e-02
6.060153e-02;1.305635e-01;8.231649e-02;2.372152e-02;5.640026e-02;2.377503e-01;6.171119e-02;1.067852e-01;8.775321e-02;2.455497e-02;6.001214e-02;6.782970e-02
5.923774e-02;1.101101e-01;3.224913e-02;2.697856e-02;5.291661e-02;3.019167e-01;6.235308e-02;8.655460e-02;7.898368e-02;3.279801e-02;6.755303e-02;8.834878e-02
5.527898e-02;1.232487e-01;7.693490e-02;1.937965e-02;3.015074e-02;2.593942e-01;7.177848e-02;8.785208e-02;7.674740e-02;4.262513e-02;6.971502e-02;8.689471e-02
5.716002e-02;1.024974e-01;4.981739e-02;2.885701e-02;5.175605e-02;1.946905e-01;1.289172e-01;1.023454e-01;8.090336e-02;6.632460e-02;8.461512e-02;5.211602e-02
6.865577e-02;1.646274e-01;1.360557e-01;4.410347e-02;3.625553e-02;1.014175e-01;9.949310e-02;1.293399e-01;6.467673e-02;7.858705e-02;4.049959e-02;3.628808e-02
1.015713e-01;2.746412e-01;1.718904e-01;2.999858e-02;3.120554e-02;5.745355e-02;5.113481e-02;1.177107e-01;5.991668e-02;4.855792e-02;2.714144e-02;2.877789e-02
1.244035e-01;3.689605e-01;1.550359e-01;1.367959e-02;2.990243e-02;3.565493e-02;4.956213e-02;8.908164e-02;6.559479e-02;2.578139e-02;2.011565e-02;2.222761e-02
1.127548e-01;4.149562e-01;1.348152e-01;7.453665e-03;3.006112e-02;5.392690e-02;4.568329e-02;6.673084e-02;8.418750e-02;2.027198e-02;1.620150e-02;1.295695e-02
8.146632e-02;4.424488e-01;1.290463e-01;1.005289e-02;1.688666e-02;7.363611e-02;3.567243e-02;5.938254e-02;1.160170e-01;1.287867e-02;1.094451e-02;1.156783e-02
5.144889e-02;4.555728e-01;1.242613e-01;1.358029e-02;1.268450e-02;7.052536e-02;2.507602e-02;3.963539e-02;1.675282e-01;1.098292e-02;1.609267e-02;1.261180e-02
4.200325e-02;4.413137e-01;1.324581e-01;2.174775e-02;1.001381e-02;6.125869e-02;2.027696e-02;2.043876e-02;1.913912e-01;2.623290e-02;1.547865e-02;1.738631e-02
3.697435e-02;4.302275e-01;1.556162e-01;2.229709e-02;8.799919e-03;5.657892e-02;1.473647e-02;3.147943e-02;1.782002e-01;2.659640e-02;8.581010e-03;2.991246e-02
3.087403e-02;4.219560e-01;1.856111e-01;1.914535e-02;6.824899e-03;6.621701e-02;1.283411e-02;2.948346e-02;1.521967e-01;2.744143e-02;6.318668e-03;4.109726e-02
2.186434e-02;3.957410e-01;2.279438e-01;1.209447e-02;7.450765e-03;7.058118e-02;1.257977e-02;4.773801e-02;1.214600e-01;3.942532e-02;7.129640e-03;3.599171e-02
2.019983e-02;3.856854e-01;2.807674e-01;1.937480e-02;4.805837e-03;5.384094e-02;1.431631e-02;5.737425e-02;9.252059e-02;3.961093e-02;7.487815e-03;2.401587e-02
2.071260e-02;3.874739e-01;3.118494e-01;1.125662e-02;6.536133e-03;4.082354e-02;1.417109e-02;6.964793e-02;7.786236e-02;3.379565e-02;6.262518e-03;1.960832e-02
1.897055e-02;4.062531e-01;3.347653e-01;1.208123e-02;8.525684e-03;2.684744e-02;1.205617e-02;5.963138e-02;5.777638e-02;4.000255e-02;6.215069e-03;1.687512e-02
2.672516e-02;4.216087e-01;3.687207e-01;8.817268e-03;1.313999e-02;1.261241e-02;1.205306e-02;4.328183e-02;3.535428e-02;3.791859e-02;8.345867e-03;1.142213e-02
3.110657e-02;3.821580e-01;4.084689e-01;1.902463e-02;1.934468e-02;1.385846e-02;2.117464e-02;2.284092e-02;2.883327e-02;3.684918e-02;8.756393e-03;7.584271e-03
3.314428e-02;3.156134e-01;4.437559e-01;3.523728e-02;1.807884e-02;2.342813e-02;2.498477e-02;1.673179e-02;3.907309e-02;2.966011e-02;1.217127e-02;8.121084e-03
3.085374e-02;2.501744e-01;4.699881e-01;5.228423e-02;1.541052e-02;2.828207e-02;2.368696e-02;1.794599e-02;6.388352e-02;2.133568e-02;1.511931e-02;1.103549e-02
2.138451e-02;2.351371e-01;4.923239e-01;4.839242e-02;1.312540e-02;1.985676e-02;2.616313e-02;3.139753e-02;4.596431e-02;4.351237e-02;1.038551e-02;1.235703e-02
1.662451e-02;1.829585e-01;5.240529e-01;4.622057e-02;2.158565e-02;3.233212e-02;3.239954e-02;2.773460e-02;3.738011e-02;4.810163e-02;1.179709e-02;1.881283e-02
1.116324e-02;1.777066e-01;5.204781e-01;3.077708e-02;2.519689e-02;3.480211e-02;2.840155e-02;2.953712e-02;6.134556e-02;4.553405e-02;1.311967e-02;2.193811e-02
2.226802e-02;2.958832e-01;4.449187e-01;1.853997e-02;1.538575e-02;2.163559e-02;1.243672e-02;2.908432e-02;6.825314e-02;4.637883e-02;8.309428e-03;1.690631e-02
4.133140e-02;3.835343e-01;3.978136e-01;1.368237e-02;8.389800e-03;1.445662e-02;7.369311e-03;2.758488e-02;5.976908e-02;2.682600e-02;9.432213e-03;9.810484e-03
5.751980e-02;3.576652e-01;4.031534e-01;2.028291e-02;9.191534e-03;2.304272e-02;1.606439e-02;2.577705e-02;5.193184e-02;1.118023e-02;1.247987e-02;1.171099e-02
6.991056e-02;3.111123e-01;3.823830e-01;2.281534e-02;1.472879e-02;2.231916e-02;2.669932e-02;3.720811e-02;4.451337e-02;3.744750e-02;1.333607e-02;1.752650e-02
6.499483e-02;3.121008e-01;3.095000e-01;2.126560e-02;1.202646e-02;5.253472e-02;2.118467e-02;5.725675e-02;5.118089e-02;4.651692e-02;2.152392e-02;2.991443e-02
4.795019e-02;3.937184e-01;3.610748e-01;2.102767e-02;8.233704e-03;2.424770e-02;1.622339e-02;2.945838e-02;3.596588e-02;3.099469e-02;1.552432e-02;1.558088e-02
7.350256e-02;4.517929e-01;2.817501e-01;2.588171e-02;1.595155e-02;3.001218e-02;8.677961e-03;1.591770e-02;4.007021e-02;2.482137e-02;1.590409e-02;1.571765e-02
6.020285e-02;5.172926e-01;2.169668e-01;3.576344e-02;1.774813e-02;2.096651e-02;1.481577e-02;2.884190e-02;4.929414e-02;1.089342e-02;1.360333e-02;1.361112e-02
3.048094e-02;4.477953e-01;3.626702e-01;2.241287e-02;7.160916e-03;2.392838e-02;5.524131e-03;3.874848e-02;4.210919e-02;7.430844e-03;5.669523e-03;6.069203e-03
2.534811e-02;3.798757e-01;4.409809e-01;1.797361e-02;3.612268e-03;1.222446e-02;3.949194e-03;4.680822e-02;3.651537e-02;2.386921e-02;4.836834e-03;4.006102e-03
1.871424e-02;3.386664e-01;4.601493e-01;1.945250e-02;5.039269e-03;1.192777e-02;3.944831e-03;5.783361e-02;3.499367e-02;3.754527e-02;3.313944e-03;8.419130e-03
1.990830e-02;3.489275e-01;4.452028e-01;1.270795e-02;9.767228e-03;1.267552e-02;5.759270e-03;5.875976e-02;2.618760e-02;4.582323e-02;4.989182e-03;9.291612e-03
2.847082e-02;3.690815e-01;4.118098e-01;1.511388e-02;1.125032e-02;2.335003e-02;6.108812e-03;5.557249e-02;2.024487e-02;4.192082e-02;9.171328e-03;7.905293e-03
3.882651e-02;3.440977e-01;3.877409e-01;1.866703e-02;1.040078e-02;5.014149e-02;1.144408e-02;5.589802e-02;3.186504e-02;2.777783e-02;1.074232e-02;1.239838e-02
3.185467e-02;2.619384e-01;3.807333e-01;2.104662e-02;1.089994e-02;7.404841e-02;3.532717e-02;7.919072e-02;5.555178e-02;2.122639e-02;1.035271e-02;1.782995e-02
3.145811e-02;3.093057e-01;3.928865e-01;1.838343e-02;1.114459e-02;3.295923e-02;6.004078e-02;5.739961e-02;4.993377e-02;1.983758e-02;5.078504e-03;1.157226e-02
4.353044e-02;3.631538e-01;3.486127e-01;1.299439e-02;6.381581e-03;2.519765e-02;6.875855e-02;4.579220e-02;4.621383e-02;2.620699e-02;4.926695e-03;8.231130e-03
4.966519e-02;4.056011e-01;2.987938e-01;1.553979e-02;9.004836e-03;1.282214e-02;7.619377e-02;4.692730e-02;4.168442e-02;2.713948e-02;7.854602e-03;8.773564e-03
5.974812e-02;4.153733e-01;2.011617e-01;2.409974e-02;2.358061e-02;4.297768e-02;7.297005e-02;7.752800e-02;3.394913e-02;2.026259e-02;1.522749e-02;1.312158e-02
6.732417e-02;4.021881e-01;1.275392e-01;4.104413e-02;3.722360e-02;7.027610e-02;4.669901e-02;9.129497e-02;5.901657e-02;1.742550e-02;1.805286e-02;2.191581e-02
5.069180e-02;3.940850e-01;1.864880e-01;5.215671e-02;1.941541e-02;6.992812e-02;2.425087e-02;4.873556e-02;1.020400e-01;2.482967e-02;1.103460e-02;1.634426e-02
5.137974e-02;4.410385e-01;2.256362e-01;4.108844e-02;6.658925e-03;4.227185e-02;1.675914e-02;2.678263e-02;1.054175e-01;2.724265e-02;4.390600e-03;1.133381e-02
6.458598e-02;5.045176e-01;2.091957e-01;3.235989e-02;7.375515e-03;2.044950e-02;1.105146e-02;2.107132e-02;8.843811e-02;2.623674e-02;6.285130e-03;8.433047e-03
6.845161e-02;5.110633e-01;2.148717e-01;2.676674e-02;9.121116e-03;2.466209e-02;1.698152e-02;2.221155e-02;6.347880e-02;3.059909e-02;4.606147e-03;7.186378e-03
8.085414e-02;5.271593e-01;1.680360e-01;1.832636e-02;2.342638e-02;1.908256e-02;3.678549e-02;3.072069e-02;4.176618e-02;4.196970e-02;4.407790e-03;7.465321e-03
9.367254e-02;4.243197e-01;2.257771e-01;2.099985e-02;3.801792e-02;2.238267e-02;4.976206e-02;3.731074e-02;3.810927e-02;3.341151e-02;5.056935e-03;1.117969e-02
9.688757e-02;3.891090e-01;2.528733e-01;2.098828e-02;4.109228e-02;2.272357e-02;6.296070e-02;4.225343e-02;3.291810e-02;1.890076e-02;6.596742e-03;1.269616e-02
8.930355e-02;4.227887e-01;2.244393e-01;2.022522e-02;3.269448e-02;2.513273e-02;7.932713e-02;4.367376e-02;2.832210e-02;1.828918e-02;7.576549e-03;8.227210e-03
9.182596e-02;4.506846e-01;1.736497e-01;1.575129e-02;3.131928e-02;2.650806e-02;9.837452e-02;4.599413e-02;2.790806e-02;1.716509e-02;8.051748e-03;1.276757e-02
7.473266e-02;4.229799e-01;1.868917e-01;1.004859e-02;3.299526e-02;3.221101e-02;1.230573e-01;4.647620e-02;2.926563e-02;2.266318e-02;7.312999e-03;1.136555e-02
5.752792e-02;3.540239e-01;2.701635e-01;6.740099e-03;4.153871e-02;3.680649e-02;1.133376e-01;4.673475e-02;4.016414e-02;1.943265e-02;4.875371e-03;8.654889e-03
6.827518e-02;3.744225e-01;2.681827e-01;9.748599e-03;4.268622e-02;2.742624e-02;7.473809e-02;5.350529e-02;4.563245e-02;1.946026e-02;4.498747e-03;1.142370e-02
9.124456e-02;3.984197e-01;2.224058e-01;7.568789e-03;3.875728e-02;2.807295e-02;4.310383e-02;9.254444e-02;4.127228e-02;1.632595e-02;6.256142e-03;1.402821e-02
8.562052e-02;3.371870e-01;2.387864e-01;1.337001e-02;2.188695e-02;3.912423e-02;3.042433e-02;1.156714e-01;6.765705e-02;1.872768e-02;1.189196e-02;1.965250e-02
8.179486e-02;2.449979e-01;2.557675e-01;2.150939e-02;1.126696e-02;6.134729e-02;2.424917e-02;1.098815e-01;1.124040e-01;2.793990e-02;1.739670e-02;3.144481e-02
7.301188e-02;3.976582e-01;2.112784e-01;1.288551e-02;2.124834e-02;4.481947e-02;2.294692e-02;7.226938e-02;7.982812e-02;2.292324e-02;1.434543e-02;2.678510e-02
7.651362e-02;4.496002e-01;2.722824e-01;1.695714e-02;2.125009e-02;2.224566e-02;2.612958e-02;4.421245e-02;2.424052e-02;2.373587e-02;7.378485e-03;1.545404e-02
1.042563e-01;4.183164e-01;2.507338e-01;1.740985e-02;1.841438e-02;3.371370e-02;2.518378e-02;4.283398e-02;3.655845e-02;1.883012e-02;9.410275e-03;2.433897e-02
1.214382e-01;3.830054e-01;2.320233e-01;1.488477e-02;1.780912e-02;3.907200e-02;3.873732e-02;4.701206e-02;4.197969e-02;1.928866e-02;1.673055e-02;2.801897e-02
1.188378e-01;3.535903e-01;2.137494e-01;2.129050e-02;2.087517e-02;4.563916e-02;6.032846e-02;5.658055e-02;4.672448e-02;2.676359e-02;1.388778e-02;2.173276e-02
1.055480e-01;2.992964e-01;2.485437e-01;3.063339e-02;3.611389e-02;3.161468e-02;5.185518e-02;5.880428e-02;4.443780e-02;4.893808e-02;2.016254e-02;2.405212e-02
7.651674e-02;3.278943e-01;2.336598e-01;4.945560e-02;5.670570e-02;4.744055e-02;2.740316e-02;4.178794e-02;3.725588e-02;4.423487e-02;2.733453e-02;3.031089e-02
6.381285e-02;3.135915e-01;2.451200e-01;6.787610e-02;5.962962e-02;5.041005e-02;3.186894e-02;4.172910e-02;3.334856e-02;3.273174e-02;2.522384e-02;3.465768e-02
5.536473e-02;3.142203e-01;2.911721e-01;6.152479e-02;4.841520e-02;3.919752e-02;3.529790e-02;4.273398e-02;2.998254e-02;2.497208e-02;1.378930e-02;4.332962e-02
6.718067e-02;2.309964e-01;2.401502e-01;4.358651e-02;4.387636e-02;1.121210e-01;3.901296e-02;6.908279e-02;4.683064e-02;2.931090e-02;3.974803e-02;3.810345e-02
8.156648e-02;1.972081e-01;1.537075e-01;4.579282e-02;4.313298e-02;1.184218e-01;2.578006e-02;8.781018e-02;8.248807e-02;6.847082e-02;6.873775e-02;2.688343e-02
7.581884e-02;2.782836e-01;1.301426e-01;4.710793e-02;3.270806e-02;7.679860e-02;2.015155e-02;7.757321e-02;1.133715e-01;6.673282e-02;6.351910e-02;1.779216e-02
6.131903e-02;3.570131e-01;1.029763e-01;3.681883e-02;2.355195e-02;4.654495e-02;2.389534e-02;8.268045e-02;1.555592e-01;4.419416e-02;4.840947e-02;1.703724e-02
6.388035e-02;3.554156e-01;1.121842e-01;2.804658e-02;2.472030e-02;5.283538e-02;2.493251e-02;1.380915e-01;1.556612e-01;1.155407e-02;2.260004e-02;1.007826e-02
8.217277e-02;3.254249e-01;1.012201e-01;1.450482e-02;3.340645e-02;4.186951e-02;4.830399e-02;1.720220e-01;1.272915e-01;1.678998e-02;2.540349e-02;1.159043e-02
9.582352e-02;2.980383e-01;1.216935e-01;1.422099e-02;4.576296e-02;3.116739e-02;5.559541e-02;1.554149e-01;1.112958e-01;2.359953e-02;3.333636e-02;1.405127e-02
9.253976e-02;2.909377e-01;2.344523e-01;2.016552e-02;3.800082e-02;3.260620e-02;4.290318e-02;9.323253e-02;8.954081e-02;2.223877e-02;2.364266e-02;1.973981e-02
7.029608e-02;3.894055e-01;3.051888e-01;2.169671e-02;1.915654e-02;4.613683e-02;1.473704e-02;4.836946e-02;4.094565e-02;1.821208e-02;1.125178e-02;1.460347e-02
6.208403e-02;4.336635e-01;3.223910e-01;1.266102e-02;9.669198e-03;2.574621e-02;1.500922e-02;4.041376e-02;2.768024e-02;1.686405e-02;1.993763e-02;1.388015e-02
6.492157e-02;4.509506e-01;3.056856e-01;1.208112e-02;7.892588e-03;1.872685e-02;1.408632e-02;4.615590e-02;2.699183e-02;1.013693e-02;2.480174e-02;1.756896e-02
7.217019e-02;4.605740e-01;2.711122e-01;1.438928e-02;1.085264e-02;1.159263e-02;1.443767e-02;4.772860e-02;4.138753e-02;1.238327e-02;2.634173e-02;1.703027e-02
7.059423e-02;4.450162e-01;2.880249e-01;1.103590e-02;8.562867e-03;1.748277e-02;1.860667e-02;3.399763e-02;5.420570e-02;1.658374e-02;2.423092e-02;1.165852e-02
6.191272e-02;4.415859e-01;3.137117e-01;1.621894e-02;8.416177e-03;3.023851e-02;2.200890e-02;2.583266e-02;4.300595e-02;1.114005e-02;1.744399e-02;8.484525e-03
6.260905e-02;4.427568e-01;2.793762e-01;1.911341e-02;9.918451e-03;4.902967e-02;2.068060e-02;3.578368e-02;4.017876e-02;2.093908e-02;1.046949e-02;9.144806e-03
6.718043e-02;4.741593e-01;2.186981e-01;1.830998e-02;6.665832e-03;5.096173e-02;1.502002e-02;3.253689e-02;7.531583e-02;2.669038e-02;6.964533e-03;7.496885e-03
6.964117e-02;5.164366e-01;1.970733e-01;1.467620e-02;6.468847e-03;2.968467e-02;1.353314e-02;3.696030e-02;7.877050e-02;2.346310e-02;6.966589e-03;6.325691e-03
7.564484e-02;5.383574e-01;2.055280e-01;1.254315e-02;5.633077e-03;1.351211e-02;1.149895e-02;3.890511e-02;5.720874e-02;3.126208e-02;3.659213e-03;6.247216e-03
7.792405e-02;5.288057e-01;2.093741e-01;1.069234e-02;1.042113e-02;1.976381e-02;1.600492e-02;3.692946e-02;4.468146e-02;3.052286e-02;7.357075e-03;7.523148e-03
8.013798e-02;5.218238e-01;2.024756e-01;1.016146e-02;1.113706e-02;2.033800e-02;1.841470e-02;4.546288e-02;4.293241e-02;3.305322e-02;6.434825e-03;7.628093e-03
7.699282e-02;5.285028e-01;2.023939e-01;1.786384e-02;9.105953e-03;1.577676e-02;3.171529e-02;3.381687e-02;4.355208e-02;2.553886e-02;5.965984e-03;8.774810e-03
8.287388e-02;5.522423e-01;1.973337e-01;1.447643e-02;1.179855e-02;7.607216e-03;4.384812e-02;1.811845e-02;3.614320e-02;1.854947e-02;9.419307e-03;7.589390e-03
9.047825e-02;5.407416e-01;2.180614e-01;7.106709e-03;1.241110e-02;1.410657e-02;4.745841e-02;1.928788e-02;2.012043e-02;1.034376e-02;1.269286e-02;7.191128e-03
1.001674e-01;5.221068e-01;2.141081e-01;8.655624e-03;2.233958e-02;1.472105e-02;3.773628e-02;3.318623e-02;1.828696e-02;1.012175e-02;9.805426e-03;8.764786e-03
1.188557e-01;4.879728e-01;1.896380e-01;1.045761e-02;3.877364e-02;1.361295e-02;2.500498e-02;7.243581e-02;1.754114e-02;9.523371e-03;6.142302e-03;1.004163e-02
1.384644e-01;4.325628e-01;1.965744e-01;9.143575e-03;4.504845e-02;1.392542e-02;1.310892e-02;1.132421e-01;1.648782e-02;5.298718e-03;3.153370e-03;1.298997e-02
1.560501e-01;3.574659e-01;1.939388e-01;1.300088e-02;3.548681e-02;1.400420e-02;1.712912e-02;1.598721e-01;2.497580e-02;6.641983e-03;6.620749e-03;1.481350e-02
1.587081e-01;2.898585e-01;1.931467e-01;1.586269e-02;3.085050e-02;8.883352e-03;2.416240e-02;2.114211e-01;2.966348e-02;9.837721e-03;1.178062e-02;1.582481e-02
1.657268e-01;2.542655e-01;1.750175e-01;1.249281e-02;4.139889e-02;1.129760e-02;1.431013e-02;2.500428e-01;2.884110e-02;1.508920e-02;1.229732e-02;1.922030e-02
1.676195e-01;2.417624e-01;1.259069e-01;1.014683e-02;4.835387e-02;2.071122e-02;2.196246e-02;2.879046e-01;2.627747e-02;1.556353e-02;1.659278e-02;1.719835e-02
1.715375e-01;2.196840e-01;1.055512e-01;1.088453e-02;5.478202e-02;1.740922e-02;3.946596e-02;3.266734e-01;1.980235e-02;8.558918e-03;9.623080e-03;1.602785e-02
1.888022e-01;1.700277e-01;8.236288e-02;1.145990e-02;7.962941e-02;2.086264e-02;3.827355e-02;3.656150e-01;1.333422e-02;1.137554e-02;9.508751e-03;8.748110e-03
1.936727e-01;1.247782e-01;7.600565e-02;6.682194e-03;1.038972e-01;2.144172e-02;3.147769e-02;3.833732e-01;2.384306e-02;8.955960e-03;9.558519e-03;1.631399e-02
1.772517e-01;1.254115e-01;1.013452e-01;8.347224e-03;1.254732e-01;1.789105e-02;2.311189e-02;3.692377e-01;2.653747e-02;6.732921e-03;9.594937e-03;9.065147e-03
1.900961e-01;1.452153e-01;1.052736e-01;1.200502e-02;1.317388e-01;8.319105e-03;1.854943e-02;3.452336e-01;1.818588e-02;6.064208e-03;7.771005e-03;1.154803e-02
2.211947e-01;1.656857e-01;8.847694e-02;1.483961e-02;1.254535e-01;1.241892e-02;1.894327e-02;3.136578e-01;1.546696e-02;5.613199e-03;9.702135e-03;8.547396e-03
2.341543e-01;1.821034e-01;8.536059e-02;9.497285e-03;1.147277e-01;1.343785e-02;1.688880e-02;2.871269e-01;1.961588e-02;7.592243e-03;1.385677e-02;1.563833e-02
2.217809e-01;2.287104e-01;1.100017e-01;6.920896e-03;1.012320e-01;1.462789e-02;1.307770e-02;2.527997e-01;1.724029e-02;8.937781e-03;1.321971e-02;1.145107e-02
1.988839e-01;2.533235e-01;1.242931e-01;8.158035e-03;9.222806e-02;1.857089e-02;1.464588e-02;2.425924e-01;1.907902e-02;6.901408e-03;1.102149e-02;1.030238e-02
1.915899e-01;2.364259e-01;1.170946e-01;1.000333e-02;8.698509e-02;1.914355e-02;1.855411e-02;2.681166e-01;2.626227e-02;6.121743e-03;8.819395e-03;1.088351e-02
2.105947e-01;1.932806e-01;9.517244e-02;1.352681e-02;8.712169e-02;1.683459e-02;1.532989e-02;3.103513e-01;2.917918e-02;7.057150e-03;8.577147e-03;1.297454e-02
2.278214e-01;1.465783e-01;9.166740e-02;1.181276e-02;1.024128e-01;1.593119e-02;2.293506e-02;3.191438e-01;2.093712e-02;1.055623e-02;1.197550e-02;1.822845e-02
2.103675e-01;1.978582e-01;1.218033e-01;1.302105e-02;1.064024e-01;1.847968e-02;1.281914e-02;2.633463e-01;1.674115e-02;8.393128e-03;1.148672e-02;1.928136e-02
2.072020e-01;2.424822e-01;1.306472e-01;9.730764e-03;9.474432e-02;1.448419e-02;3.132857e-02;2.013422e-01;1.576574e-02;1.066917e-02;1.337076e-02;2.823291e-02
2.407140e-01;2.263505e-01;1.063326e-01;1.500422e-02;8.085673e-02;3.118961e-02;4.731034e-02;1.409011e-01;2.051664e-02;1.218082e-02;1.373086e-02;6.491256e-02
2.665971e-01;1.121236e-01;8.357362e-02;2.505052e-02;5.033584e-02;3.562341e-02;6.878541e-02;1.717235e-01;4.401491e-02;2.086528e-02;1.968507e-02;1.016217e-01
2.311850e-01;1.162693e-01;8.004687e-02;1.703326e-02;2.997186e-02;5.849239e-02;5.602314e-02;2.088943e-01;3.742772e-02;2.880951e-02;3.695468e-02;9.889192e-02
1.922620e-01;2.358996e-01;1.042923e-01;1.156874e-02;3.278713e-02;5.057285e-02;3.502608e-02;1.656718e-01;3.646632e-02;1.876755e-02;2.675586e-02;8.992972e-02
1.859196e-01;2.712309e-01;1.152712e-01;1.497099e-02;3.823421e-02;5.866109e-02;2.976652e-02;1.364616e-01;3.204879e-02;1.431954e-02;1.810554e-02;8.501004e-02
1.466460e-01;2.628103e-01;1.529862e-01;2.733912e-02;4.486772e-02;6.893925e-02;3.964857e-02;9.883679e-02;3.340143e-02;1.718223e-02;1.021910e-02;9.712331e-02
9.852920e-02;2.130881e-01;1.163059e-01;4.861063e-02;4.728175e-02;6.904127e-02;8.446105e-02;1.006496e-01;3.398946e-02;2.280962e-02;1.504986e-02;1.501835e-01
1.131963e-01;1.866658e-01;7.368011e-02;6.311983e-02;3.136239e-02;3.161718e-02;1.511261e-01;1.084108e-01;3.261228e-02;2.297643e-02;1.476691e-02;1.704658e-01
1.091900e-01;1.979988e-01;6.218175e-02;5.240196e-02;2.051501e-02;3.422685e-02;1.972641e-01;8.754194e-02;3.325453e-02;1.825014e-02;1.759664e-02;1.695783e-01
9.989614e-02;1.985647e-01;9.484544e-02;2.906649e-02;1.350960e-02;3.066249e-02;2.017650e-01;9.061012e-02;4.541960e-02;2.178283e-02;2.555364e-02;1.483239e-01
8.824360e-02;2.001869e-01;1.065610e-01;1.591349e-02;2.757409e-02;2.687952e-02;1.705357e-01;1.247846e-01;5.860849e-02;2.123118e-02;3.462998e-02;1.248515e-01
8.830901e-02;1.795377e-01;8.441013e-02;1.244827e-02;4.739431e-02;2.296575e-02;1.140944e-01;1.609568e-01;7.940499e-02;2.356464e-02;4.950708e-02;1.374069e-01
9.189421e-02;1.507845e-01;7.208480e-02;2.033933e-02;5.408875e-02;3.359163e-02;4.712908e-02;1.779999e-01;9.877241e-02;3.929101e-02;7.416574e-02;1.398587e-01
7.842773e-02;9.595795e-02;6.447244e-02;1.857523e-02;4.986013e-02;6.076599e-02;5.104217e-02;1.634775e-01;1.302668e-01;5.977068e-02;1.043983e-01;1.229851e-01
7.211445e-02;1.007043e-01;9.018654e-02;1.244603e-02;3.377206e-02;9.731501e-02;4.159822e-02;1.163009e-01;1.056252e-01;9.804281e-02;1.228520e-01;1.090426e-01
7.537532e-02;1.291151e-01;1.049823e-01;1.085641e-02;2.735472e-02;1.265083e-01;3.643433e-02;6.978360e-02;8.886853e-02;1.318421e-01;1.206050e-01;7.827436e-02
7.852978e-02;1.611328e-01;1.125640e-01;9.166804e-03;2.457060e-02;1.385573e-01;5.326733e-02;4.539279e-02;8.025970e-02;1.300073e-01;1.176524e-01;4.889919e-02
7.050427e-02;1.867860e-01;1.089429e-01;1.592771e-02;3.082123e-02;1.242600e-01;9.245463e-02;4.705991e-02;9.123814e-02;8.943647e-02;1.055890e-01;3.697968e-02
6.605566e-02;1.907842e-01;9.073749e-02;1.968662e-02;3.382257e-02;1.030199e-01;1.149526e-01;8.052628e-02;1.042098e-01;5.851187e-02;8.804866e-02;4.964434e-02
7.174814e-02;1.859414e-01;8.574533e-02;2.493726e-02;4.813846e-02;1.004637e-01;9.154085e-02;9.918339e-02;1.189850e-01;7.197738e-02;6.089745e-02;4.044169e-02
7.267752e-02;1.468734e-01;3.817434e-02;1.716652e-02;6.864173e-02;7.704168e-02;6.432470e-02;1.350031e-01;1.839905e-01;1.198534e-01;3.889633e-02;3.735676e-02
5.712010e-02;1.744677e-01;7.159037e-02;1.784951e-02;8.013652e-02;1.365518e-02;3.218250e-02;1.106933e-01;2.194676e-01;1.655441e-01;3.024007e-02;2.705299e-02
4.794807e-02;1.759612e-01;8.630859e-02;1.488154e-02;7.474872e-02;4.457292e-02;1.655371e-02;1.072749e-01;2.060734e-01;1.725442e-01;3.713481e-02;1.599803e-02
4.923976e-02;1.675180e-01;6.395146e-02;1.553768e-02;8.414514e-02;5.420540e-02;1.979960e-02;8.315976e-02;2.098210e-01;1.816383e-01;3.774115e-02;3.324277e-02
4.214162e-02;1.523871e-01;6.169708e-02;1.993351e-02;8.914145e-02;3.083123e-02;2.317249e-02;1.178912e-01;2.278865e-01;1.619088e-01;3.278164e-02;4.022740e-02
4.032173e-02;1.231427e-01;7.403395e-02;2.752821e-02;1.002695e-01;4.426480e-02;1.668648e-02;1.194052e-01;2.672990e-01;1.322977e-01;2.015640e-02;3.459436e-02
3.835999e-02;6.996355e-02;4.290805e-02;3.380660e-02;1.109850e-01;8.397494e-02;2.284848e-02;1.318975e-01;2.873717e-01;1.168729e-01;3.123088e-02;2.978041e-02
3.437168e-02;8.513366e-02;7.146753e-02;3.463630e-02;1.099039e-01;7.691871e-02;3.214508e-02;1.346758e-01;2.773088e-01;9.461477e-02;1.539972e-02;3.342405e-02
3.996437e-02;9.853449e-02;7.467537e-02;2.481891e-02;1.127480e-01;4.619467e-02;2.194669e-02;1.445838e-01;2.811826e-01;7.483307e-02;3.768389e-02;4.283414e-02
4.000395e-02;1.147237e-01;3.966355e-02;2.635513e-02;1.020823e-01;4.690959e-02;3.653966e-02;1.615227e-01;2.911564e-01;6.949933e-02;4.217873e-02;2.936487e-02
3.288982e-02;9.710608e-02;7.327636e-02;2.830047e-02;7.904007e-02;4.164281e-02;5.007288e-02;2.124534e-01;2.511082e-01;4.934632e-02;3.274277e-02;5.202074e-02
4.297939e-02;9.389237e-02;8.997392e-02;2.544069e-02;6.891629e-02;4.868153e-02;5.506292e-02;2.100561e-01;1.965863e-01;4.337461e-02;3.933582e-02;8.570012e-02
6.432451e-02;6.671517e-02;1.104985e-01;2.728495e-02;9.690548e-02;7.386151e-02;6.247503e-02;1.413777e-01;1.434261e-01;6.470758e-02;4.001883e-02;1.084047e-01
6.920508e-02;1.676355e-01;1.321319e-01;2.225698e-02;7.616484e-02;3.543540e-02;5.165261e-02;1.136620e-01;1.304212e-01;6.705395e-02;3.708908e-02;9.729140e-02
8.118046e-02;1.952604e-01;1.028857e-01;1.008167e-02;5.511523e-02;4.431812e-02;5.889653e-02;1.141544e-01;1.531886e-01;6.731756e-02;5.716790e-02;6.043338e-02
7.732417e-02;2.005104e-01;8.290859e-02;1.348783e-02;4.647427e-02;5.449035e-02;4.404103e-02;1.513047e-01;1.862094e-01;6.450165e-02;4.561111e-02;3.313656e-02
8.951823e-02;2.114325e-01;1.339875e-01;1.637010e-02;2.832772e-02;3.847937e-02;3.020913e-02;1.572176e-01;1.576909e-01;4.620682e-02;3.370586e-02;5.685425e-02
1.220600e-01;2.273243e-01;1.199486e-01;1.157081e-02;1.741824e-02;4.106366e-02;4.215049e-02;1.563883e-01;1.246803e-01;4.697252e-02;1.854998e-02;7.187267e-02
1.136696e-01;2.089251e-01;6.635892e-02;1.271295e-02;2.743976e-02;3.152641e-02;4.045187e-02;1.515485e-01;1.724806e-01;6.337101e-02;4.769353e-02;6.382163e-02
8.242507e-02;1.780149e-01;8.198119e-02;1.628204e-02;4.222990e-02;4.834618e-02;3.535376e-02;1.053827e-01;1.902476e-01;5.354492e-02;6.636156e-02;9.983018e-02
5.194992e-02;1.183557e-01;9.265649e-02;2.648756e-02;6.833750e-02;9.174736e-02;4.213424e-02;1.036166e-01;1.908397e-01;3.367773e-02;5.891178e-02;1.212854e-01
3.735541e-02;8.016779e-02;6.876598e-02;2.904713e-02;7.557549e-02;9.200308e-02;4.647027e-02;1.371224e-01;2.205536e-01;6.249164e-02;5.815064e-02;9.229656e-02
3.816503e-02;8.994628e-02;8.920003e-02;4.080698e-02;6.481357e-02;8.435784e-02;3.888870e-02;1.185343e-01;2.208492e-01;8.901930e-02;5.348949e-02;7.192939e-02
3.273850e-02;1.066089e-01;8.826389e-02;5.087905e-02;5.446490e-02;1.084265e-01;4.702076e-02;1.287019e-01;1.781765e-01;8.880904e-02;4.008766e-02;7.582241e-02
4.773767e-02;1.445750e-01;9.659448e-02;3.499746e-02;4.372393e-02;5.300433e-02;5.873404e-02;1.812501e-01;1.562917e-01;6.449345e-02;5.021188e-02;6.838599e-02
6.588990e-02;2.306343e-01;1.802806e-01;3.635508e-02;3.255782e-02;6.689740e-02;5.334007e-02;1.199585e-01;7.616008e-02;3.956596e-02;4.171799e-02;5.664231e-02
6.693431e-02;2.378635e-01;1.562752e-01;3.507111e-02;2.976199e-02;6.000753e-02;5.333942e-02;1.169532e-01;9.402327e-02;3.822794e-02;4.642152e-02;6.512101e-02
6.922656e-02;1.874774e-01;9.802212e-02;2.650430e-02;3.110210e-02;6.780685e-02;3.950285e-02;1.634308e-01;1.576666e-01;4.123240e-02;5.332116e-02;6.470691e-02
6.530211e-02;1.919114e-01;1.372722e-01;3.836477e-02;3.260984e-02;5.448412e-02;3.982165e-02;1.153477e-01;1.662409e-01;4.321532e-02;5.968950e-02;5.574054e-02
5.303803e-02;1.756528e-01;1.264411e-01;3.550180e-02;3.906785e-02;1.174080e-01;5.512996e-02;1.275053e-01;1.208763e-01;3.355061e-02;6.411618e-02;5.171208e-02
5.255165e-02;1.422466e-01;9.515091e-02;3.265210e-02;4.232202e-02;1.419457e-01;5.038542e-02;1.218337e-01;1.514456e-01;4.708745e-02;7.398365e-02;4.839520e-02
5.942048e-02;8.526877e-02;8.010831e-02;2.756865e-02;3.225727e-02;1.388092e-01;3.822051e-02;1.493919e-01;2.152091e-01;5.498923e-02;7.738412e-02;4.137238e-02
6.649223e-02;1.410514e-01;1.108987e-01;1.223910e-02;2.047732e-02;8.794611e-02;1.913028e-02;1.992493e-01;1.991349e-01;4.620805e-02;3.932351e-02;5.784911e-02
6.832722e-02;2.282609e-01;1.571355e-01;1.114304e-02;2.029114e-02;3.918096e-02;1.594743e-02;1.726483e-01;1.322333e-01;4.341942e-02;3.601424e-02;7.539854e-02
7.986274e-02;3.016039e-01;1.152143e-01;1.303358e-02;2.329145e-02;3.962934e-02;1.213976e-02;8.505456e-02;1.526808e-01;5.285233e-02;4.483072e-02;7.980652e-02
6.214182e-02;3.137017e-01;1.110639e-01;1.661709e-02;1.548356e-02;7.316314e-02;3.243640e-02;1.116493e-01;1.345003e-01;4.666555e-02;3.735530e-02;4.522195e-02
7.623678e-02;2.945230e-01;1.063459e-01;1.666578e-02;1.732747e-02;9.818161e-02;4.150598e-02;1.262444e-01;1.084717e-01;3.986505e-02;3.113430e-02;4.349808e-02
8.299957e-02;2.528454e-01;6.817013e-02;1.808726e-02;4.066043e-02;1.386292e-01;3.073455e-02;1.114205e-01;1.288587e-01;4.379648e-02;3.481383e-02;4.898394e-02
7.104466e-02;1.850231e-01;8.226520e-02;3.448569e-02;5.138855e-02;1.180019e-01;4.148937e-02;1.309221e-01;1.548036e-01;5.064863e-02;4.017434e-02;3.975278e-02
5.942932e-02;1.717563e-01;1.161877e-01;5.339264e-02;4.828386e-02;8.522854e-02;5.605668e-02;1.131768e-01;1.215071e-01;7.254076e-02;4.348922e-02;5.895116e-02
5.231636e-02;1.780214e-01;1.049552e-01;6.264921e-02;4.896903e-02;1.303737e-01;5.550171e-02;8.742576e-02;1.114403e-01;5.498844e-02;3.492708e-02;7.843173e-02
3.914347e-02;1.561814e-01;1.247281e-01;5.117966e-02;7.341213e-02;1.143670e-01;2.943837e-02;1.324109e-01;1.271760e-01;5.584137e-02;3.302937e-02;6.309232e-02
3.131372e-02;1.284756e-01;6.974043e-02;4.535975e-02;1.040717e-01;6.744511e-02;2.528809e-02;1.579645e-01;1.795112e-01;1.024812e-01;3.590043e-02;5.244827e-02
2.736152e-02;1.187040e-01;3.996565e-02;3.324739e-02;1.156807e-01;7.783078e-02;2.737151e-02;1.280097e-01;2.218635e-01;1.398241e-01;3.069684e-02;3.944421e-02
2.157961e-02;1.199311e-01;6.275950e-02;2.786431e-02;9.474968e-02;6.894523e-02;2.412056e-02;1.305639e-01;2.274585e-01;1.405578e-01;4.583343e-02;3.563642e-02
2.887926e-02;1.251713e-01;3.272602e-02;2.448391e-02;9.237097e-02;4.739904e-02;1.302213e-02;1.641597e-01;2.431127e-01;1.277238e-01;5.618192e-02;4.476920e-02
3.032792e-02;1.329450e-01;7.268666e-02;4.374993e-02;7.468960e-02;4.097767e-02;1.437364e-02;1.927512e-01;2.373417e-01;9.291517e-02;3.213246e-02;3.510900e-02
3.873945e-02;1.211200e-01;7.644856e-02;4.535437e-02;6.297747e-02;2.128819e-02;1.573594e-02;2.293939e-01;2.389049e-01;7.025425e-02;4.055513e-02;3.922782e-02
5.144818e-02;1.392582e-01;8.212478e-02;2.600188e-02;6.412774e-02;5.236445e-02;2.756455e-02;1.827516e-01;2.301448e-01;6.951243e-02;4.105050e-02;3.365089e-02
5.766975e-02;1.732826e-01;9.322707e-02;3.476040e-02;5.307006e-02;7.122280e-02;3.990159e-02;1.259423e-01;1.927959e-01;6.666216e-02;4.118185e-02;5.028344e-02
4.965441e-02;1.741533e-01;7.575557e-02;3.571568e-02;4.529416e-02;1.192511e-01;4.162905e-02;1.408107e-01;1.550851e-01;5.986486e-02;4.802129e-02;5.476477e-02
5.707083e-02;1.926621e-01;1.222159e-01;2.490763e-02;4.417106e-02;8.712233e-02;3.601896e-02;1.345402e-01;1.375122e-01;6.821277e-02;5.009847e-02;4.546752e-02
6.362665e-02;1.756583e-01;7.594276e-02;2.574671e-02;3.338346e-02;8.004697e-02;4.016047e-02;1.607870e-01;1.607338e-01;1.089554e-01;3.780471e-02;3.715375e-02
4.240657e-02;1.493720e-01;1.401454e-01;2.741951e-02;3.011161e-02;8.959229e-02;3.256891e-02;1.720391e-01;1.515734e-01;1.006690e-01;3.503778e-02;2.906446e-02
4.458603e-02;1.417961e-01;1.079236e-01;3.048891e-02;3.103767e-02;9.051619e-02;2.917638e-02;2.090423e-01;1.220501e-01;9.573433e-02;4.146176e-02;5.618670e-02
5.137016e-02;1.530762e-01;9.057872e-02;2.871858e-02;4.055967e-02;7.860947e-02;3.840297e-02;2.292046e-01;8.604360e-02;8.245692e-02;4.773274e-02;7.324645e-02
5.197201e-02;1.486834e-01;9.338775e-02;2.611849e-02;6.388738e-02;7.217370e-02;3.428879e-02;1.795205e-01;1.785456e-01;6.508984e-02;2.561503e-02;6.071757e-02
5.539993e-02;1.461245e-01;9.427524e-02;4.769042e-02;5.987326e-02;7.451619e-02;4.322487e-02;1.019039e-01;2.046023e-01;7.986073e-02;3.037509e-02;6.215347e-02
6.210652e-02;1.505599e-01;8.438245e-02;3.672808e-02;3.090967e-02;1.050069e-01;3.817291e-02;1.280819e-01;1.843658e-01;7.768086e-02;4.173001e-02;6.027503e-02
8.204114e-02;2.037469e-01;1.597009e-01;3.275733e-02;3.728168e-02;9.784356e-02;3.127025e-02;5.504315e-02;1.140322e-01;6.638131e-02;4.344213e-02;7.645939e-02
6.642502e-02;1.148732e-01;1.555565e-01;4.293403e-02;6.762996e-02;9.033948e-02;7.100738e-02;1.372316e-01;7.693173e-02;5.183409e-02;5.774862e-02;6.748836e-02
4.369450e-02;1.254449e-01;1.342367e-01;4.095647e-02;7.977904e-02;1.527460e-01;6.743326e-02;1.216389e-01;8.626972e-02;5.422173e-02;5.432979e-02;3.924904e-02
3.560322e-02;1.135893e-01;9.152734e-02;2.436991e-02;1.265967e-01;1.616722e-01;5.690432e-02;9.967057e-02;1.151556e-01;9.013003e-02;5.733166e-02;2.744918e-02
2.174936e-02;8.523022e-02;3.295600e-02;6.848874e-02;1.921092e-01;1.262210e-01;3.536163e-02;8.961135e-02;1.572008e-01;1.345514e-01;4.310344e-02;1.341694e-02
2.762553e-02;5.226743e-02;2.157008e-02;1.218081e-01;2.057536e-01;7.201888e-02;2.007583e-02;9.804336e-02;2.034104e-01;1.361258e-01;2.878048e-02;1.252046e-02
5.090062e-02;3.594482e-02;2.644042e-02;1.595695e-01;1.897218e-01;6.142424e-02;1.484323e-02;9.516718e-02;2.189328e-01;1.100408e-01;2.390131e-02;1.311321e-02
7.217604e-02;3.572060e-02;2.752689e-02;1.769972e-01;1.861591e-01;4.824993e-02;1.436409e-02;8.111255e-02;2.300995e-01;9.878132e-02;2.137576e-02;7.436926e-03
7.804152e-02;4.116220e-02;3.803725e-02;1.629631e-01;1.613736e-01;3.960317e-02;1.815747e-02;9.659296e-02;2.468833e-01;9.764069e-02;1.058792e-02;8.956816e-03
8.995494e-02;3.100044e-02;3.131483e-02;1.386824e-01;1.259416e-01;4.924822e-02;1.445927e-02;1.159052e-01;2.755688e-01;1.069319e-01;1.246909e-02;8.523333e-03
9.664939e-02;4.876238e-02;2.651200e-02;1.246977e-01;1.086664e-01;5.373124e-02;1.506959e-02;1.173375e-01;2.801318e-01;1.131645e-01;1.251129e-02;2.766291e-03
9.557971e-02;4.440634e-02;2.941497e-02;1.176176e-01;1.220763e-01;5.243873e-02;1.502471e-02;1.141610e-01;2.821228e-01;1.109042e-01;1.081623e-02;5.437355e-03
8.538479e-02;4.705032e-02;2.311563e-02;1.032773e-01;1.301744e-01;4.535896e-02;1.428841e-02;1.049498e-01;2.746100e-01;1.415730e-01;1.907331e-02;1.114408e-02
5.333097e-02;5.126116e-02;2.519025e-02;8.095384e-02;1.272747e-01;6.871313e-02;1.712406e-02;1.092393e-01;2.500038e-01;1.770609e-01;2.812241e-02;1.172544e-02
2.115807e-02;7.189312e-02;4.690918e-02;6.402466e-02;8.899522e-02;7.720095e-02;1.794800e-02;1.077712e-01;2.648344e-01;1.961547e-01;2.628060e-02;1.682979e-02
