9.186248e-02;8.765430e-02;3.294842e-01;5.725449e-02;6.391046e-02;4.583990e-02;1.293144e-01;4.035491e-02;6.504107e-02;3.472118e-02;3.091034e-02;2.365225e-02
1.556553e-01;1.060984e-01;2.702110e-01;4.027535e-02;4.895874e-02;3.814916e-02;1.223391e-01;6.462705e-02;6.249246e-02;3.358732e-02;2.970589e-02;2.790025e-02
2.393904e-01;1.121693e-01;1.842395e-01;2.232254e-02;3.042532e-02;3.273844e-02;1.107820e-01;1.038203e-01;6.225667e-02;2.775388e-02;2.980892e-02;4.429271e-02
3.119218e-01;8.375593e-02;8.724273e-02;2.445506e-02;1.819536e-02;3.129824e-02;7.708312e-02;1.480694e-01;6.067458e-02;4.017077e-02;3.390606e-02;8.322695e-02
2.312774e-01;3.210400e-02;2.139704e-02;7.159223e-02;2.117374e-02;2.462785e-02;1.327650e-01;1.382094e-01;5.401288e-02;8.196312e-02;4.740511e-02;1.434721e-01
1.226380e-01;3.079700e-02;5.727096e-02;1.078663e-01;1.542776e-02;1.466093e-02;2.128434e-01;6.660609e-02;2.473830e-02;8.323433e-02;6.233424e-02;2.015826e-01
1.156592e-01;3.643947e-02;6.752661e-02;1.093933e-01;8.474849e-03;1.331220e-02;2.359057e-01;1.330904e-02;2.026265e-02;5.250007e-02;7.835173e-02;2.488652e-01
1.772966e-01;4.933888e-02;6.650814e-02;7.260390e-02;1.063966e-02;1.674219e-02;2.019389e-01;4.410441e-02;2.465376e-02;5.285465e-02;7.694261e-02;2.063763e-01
2.309172e-01;5.540639e-02;4.436679e-02;5.212998e-02;1.161193e-02;1.608190e-02;1.989258e-01;4.388183e-02;4.859553e-02;6.715480e-02;5.771743e-02;1.732105e-01
1.747462e-01;2.995500e-02;2.913458e-02;4.822187e-02;9.039522e-03;1.659185e-02;2.203183e-01;9.668645e-02;8.057155e-02;5.833078e-02;4.156710e-02;1.948369e-01
1.455016e-01;1.826397e-02;2.396656e-02;4.877090e-02;8.294508e-03;1.636402e-02;2.077232e-01;8.391388e-02;6.433020e-02;4.389565e-02;4.619936e-02;2.927761e-01
1.560733e-01;2.031131e-02;1.988775e-02;6.604911e-02;8.222171e-03;1.596710e-02;1.685772e-01;2.428130e-02;2.309559e-02;3.106240e-02;4.275068e-02;4.237221e-01
1.273468e-01;2.305702e-02;1.934438e-02;9.442265e-02;6.243717e-03;8.282263e-03;1.495328e-01;1.867296e-02;7.383919e-03;2.084267e-02;2.818517e-02;4.966857e-01
1.021722e-01;2.845360e-02;2.281354e-02;1.076727e-01;7.814812e-03;1.889910e-02;1.533595e-01;3.272607e-02;7.571059e-03;2.304255e-02;3.942179e-02;4.560531e-01
1.118693e-01;3.202246e-02;3.063484e-02;1.083364e-01;1.716521e-02;3.990384e-02;1.502037e-01;4.014878e-02;6.735528e-03;3.506030e-02;6.711718e-02;3.608025e-01
9.215774e-02;3.494949e-02;5.840157e-02;1.209492e-01;2.658228e-02;5.318990e-02;1.325566e-01;4.979333e-02;1.587011e-02;4.266292e-02;9.011726e-02;2.827697e-01
6.796270e-02;3.131100e-02;7.873819e-02;1.501358e-01;3.899107e-02;5.218308e-02;6.760264e-02;9.764872e-02;2.608328e-02;5.494731e-02;1.113672e-01;2.230290e-01
5.802045e-02;1.918852e-02;3.454089e-02;1.455300e-01;2.902264e-02;4.110646e-02;1.405297e-01;1.717567e-01;2.622758e-02;5.421906e-02;9.737808e-02;1.824800e-01
7.394338e-02;2.638538e-02;5.549151e-02;9.174176e-02;2.262431e-02;3.334964e-02;2.225062e-01;1.692342e-01;1.354256e-02;4.864457e-02;9.753604e-02;1.450005e-01
5.245131e-02;4.233639e-02;6.053524e-02;4.068585e-02;2.665183e-02;4.014078e-02;2.536375e-01;1.705961e-01;2.300407e-02;6.152677e-02;9.809494e-02;1.303393e-01
1.444171e-01;7.960372e-02;7.461278e-02;2.389116e-02;2.176762e-02;3.789793e-02;2.047386e-01;1.135888e-01;2.306712e-02;7.685582e-02;6.879067e-02;1.307687e-01
1.651379e-01;9.411737e-02;6.847708e-02;2.875274e-02;1.393564e-02;3.641416e-02;1.791150e-01;6.928226e-02;2.853260e-02;7.201806e-02;6.092192e-02;1.832952e-01
1.429289e-01;1.138237e-01;3.297669e-02;4.303598e-02;9.557702e-03;2.955121e-02;2.067680e-01;4.990062e-02;2.154011e-02;5.432526e-02;4.508071e-02;2.505111e-01
8.422825e-02;1.413831e-01;1.705853e-02;4.887426e-02;1.800800e-02;3.147254e-02;2.498171e-01;4.126146e-02;1.375086e-02;2.565695e-02;4.231210e-02;2.861769e-01
4.554017e-02;1.347505e-01;2.460899e-02;4.032630e-02;3.467087e-02;4.750714e-02;2.687463e-01;4.203385e-02;1.806458e-02;2.010608e-02;6.280640e-02;2.608389e-01
5.024265e-02;6.558695e-02;4.918186e-02;3.026669e-02;4.826707e-02;6.248066e-02;2.757002e-01;5.504202e-02;2.227799e-02;2.477655e-02;8.536978e-02;2.308075e-01
3.936642e-02;3.707809e-02;5.484072e-02;3.128936e-02;5.456892e-02;8.519004e-02;2.742278e-01;4.843058e-02;3.302585e-02;2.477090e-02;1.047310e-01;2.124805e-01
7.826397e-02;4.798954e-02;7.308888e-02;3.286168e-02;4.837733e-02;9.359889e-02;2.148698e-01;5.338958e-02;4.764294e-02;3.265273e-02;1.154569e-01;1.618077e-01
1.240392e-01;6.563500e-02;8.448866e-02;3.738999e-02;4.238620e-02;9.777158e-02;1.563071e-01;4.674519e-02;4.794367e-02;5.219106e-02;1.365423e-01;1.085601e-01
1.344244e-01;6.622780e-02;1.146953e-01;3.712741e-02;4.131738e-02;9.447747e-02;1.207317e-01;3.894323e-02;4.780116e-02;8.787517e-02;1.516947e-01;6.468415e-02
9.901817e-02;8.158617e-02;1.238072e-01;4.211662e-02;6.057533e-02;6.672450e-02;1.190610e-01;3.020268e-02;7.214820e-02;1.210748e-01;1.268476e-01;5.683771e-02
4.085266e-02;9.727508e-02;1.009576e-01;5.092145e-02;6.907323e-02;8.061125e-02;1.165821e-01;6.810030e-02;1.235609e-01;1.097961e-01;8.470413e-02;5.756530e-02
6.092370e-02;7.437901e-02;1.164915e-01;6.089033e-02;6.554182e-02;1.029272e-01;8.450218e-02;1.037558e-01;1.280694e-01;8.777967e-02;6.834768e-02;4.639172e-02
9.198918e-02;4.671969e-02;1.091423e-01;5.749681e-02;7.021411e-02;1.180479e-01;9.329273e-02;1.018544e-01;1.000327e-01;9.104317e-02;6.908321e-02;5.108381e-02
1.030842e-01;4.555467e-02;9.373448e-02;4.098942e-02;1.009407e-01;1.133529e-01;1.199311e-01;6.528246e-02;6.622188e-02;1.145102e-01;5.158868e-02;8.480935e-02
1.009837e-01;5.313351e-02;7.908240e-02;4.323145e-02;1.107522e-01;1.051559e-01;1.291103e-01;5.319396e-02;9.298916e-02;1.114838e-01;2.195691e-02;9.892669e-02
8.471913e-02;7.132072e-02;5.798787e-02;4.080959e-02;1.034952e-01;1.082987e-01;1.422711e-01;7.029536e-02;1.098619e-01;1.070400e-01;3.744981e-02;6.645052e-02
9.349826e-02;5.189099e-02;9.741236e-02;5.200768e-02;9.526830e-02;8.369248e-02;1.411089e-01;8.382505e-02;9.056769e-02;1.046369e-01;4.733232e-02;5.875914e-02
1.196492e-01;5.951482e-02;1.200970e-01;4.678733e-02;7.000578e-02;4.928546e-02;1.293651e-01;7.924310e-02;7.229861e-02;8.894918e-02;6.558927e-02;9.921516e-02
1.069224e-01;8.885957e-02;1.250807e-01;5.339843e-02;6.539478e-02;9.562106e-02;8.417843e-02;4.737488e-02;9.641825e-02;9.168696e-02;5.550499e-02;8.955958e-02
1.445835e-01;1.344299e-01;1.608488e-01;5.817214e-02;5.081256e-02;7.976722e-02;8.769628e-02;6.739311e-02;5.699914e-02;5.253443e-02;2.758692e-02;7.917605e-02
2.191943e-01;1.621379e-01;1.590650e-01;3.614652e-02;3.539209e-02;5.557784e-02;9.156798e-02;4.879738e-02;3.196202e-02;2.730876e-02;3.749897e-02;9.535118e-02
2.411790e-01;1.681458e-01;1.141025e-01;3.140635e-02;2.295763e-02;4.272372e-02;1.189617e-01;3.927975e-02;2.940520e-02;2.238386e-02;4.737427e-02;1.220802e-01
2.232451e-01;1.452200e-01;5.866399e-02;2.761674e-02;1.653374e-02;5.310202e-02;1.400516e-01;4.030982e-02;4.501361e-02;2.784457e-02;7.437102e-02;1.480278e-01
1.698348e-01;9.125021e-02;5.143516e-02;1.648370e-02;2.989771e-02;8.203609e-02;1.404639e-01;3.468686e-02;6.437393e-02;5.396460e-02;1.196235e-01;1.459495e-01
1.733850e-01;6.165005e-02;6.230838e-02;1.519175e-02;4.374499e-02;9.344734e-02;1.210557e-01;3.814301e-02;5.654831e-02;7.386056e-02;1.290357e-01;1.316292e-01
1.554163e-01;5.616227e-02;9.998422e-02;3.024780e-02;4.968327e-02;8.773205e-02;1.168226e-01;3.885976e-02;4.671241e-02;8.871364e-02;9.958117e-02;1.300845e-01
1.139694e-01;5.262043e-02;9.371474e-02;5.990687e-02;5.792143e-02;6.106159e-02;1.960296e-01;4.728452e-02;6.687542e-02;6.646493e-02;8.009452e-02;1.040565e-01
1.082325e-01;5.961393e-02;5.146255e-02;6.823876e-02;4.838187e-02;6.869560e-02;1.768623e-01;6.254990e-02;1.067865e-01;5.803011e-02;1.135572e-01;7.758873e-02
8.932568e-02;8.658456e-02;7.627238e-02;7.300645e-02;6.685457e-02;9.275886e-02;1.091241e-01;5.331519e-02;9.627969e-02;5.452065e-02;1.067833e-01;9.517457e-02
9.652514e-02;1.048550e-01;7.121705e-02;5.010488e-02;7.098122e-02;9.508874e-02;1.189879e-01;6.342458e-02;7.510410e-02;4.813593e-02;1.234447e-01;8.213077e-02
1.041609e-01;1.012148e-01;8.789968e-02;4.218526e-02;6.105613e-02;6.854168e-02;1.492528e-01;5.054994e-02;9.864198e-02;5.468214e-02;1.025511e-01;7.926359e-02
8.360574e-02;1.123707e-01;1.208416e-01;8.709038e-02;8.098870e-02;6.593406e-02;7.837582e-02;5.675250e-02;8.906553e-02;1.022239e-01;5.365208e-02;6.909902e-02
8.451366e-02;1.038982e-01;1.263450e-01;8.990629e-02;8.078976e-02;6.715057e-02;7.832377e-02;5.537656e-02;9.401716e-02;1.082031e-01;4.720196e-02;6.427398e-02
1.053509e-01;1.126388e-01;1.216015e-01;7.949053e-02;8.139175e-02;6.441849e-02;7.742155e-02;5.894112e-02;9.957647e-02;1.089950e-01;4.003663e-02;5.013711e-02
2.048160e-01;1.196308e-01;1.533667e-01;4.923463e-02;4.714456e-02;3.306564e-02;1.054856e-01;5.595685e-02;5.997831e-02;5.624505e-02;4.421738e-02;7.085849e-02
2.312412e-01;9.793214e-02;1.419024e-01;7.208675e-02;2.570527e-02;2.043008e-02;1.272683e-01;3.915652e-02;2.988138e-02;3.581428e-02;5.619391e-02;1.223878e-01
1.822333e-01;6.586460e-02;1.076975e-01;1.329593e-01;3.839632e-02;2.684902e-02;1.600507e-01;2.309254e-02;1.359433e-02;2.721900e-02;5.627816e-02;1.657652e-01
1.031925e-01;2.596421e-02;6.739512e-02;1.906130e-01;7.365841e-02;5.399717e-02;2.266112e-01;1.968104e-02;6.532907e-03;1.188165e-02;3.748158e-02;1.829912e-01
6.794263e-02;1.024006e-02;2.820207e-02;1.326716e-01;6.720180e-02;7.380641e-02;3.011628e-01;3.849345e-02;1.085089e-02;3.486785e-02;6.078406e-02;1.737763e-01
6.248010e-02;2.206497e-02;2.231308e-02;4.621689e-02;2.658927e-02;7.315147e-02;3.235066e-01;6.022510e-02;2.299814e-02;7.308333e-02;7.428193e-02;1.930891e-01
7.300092e-02;4.698532e-02;2.438358e-02;2.905615e-02;1.349799e-02;7.231296e-02;2.677967e-01;5.044270e-02;1.845039e-02;8.544052e-02;9.544501e-02;2.231878e-01
5.632928e-02;8.028232e-02;4.522045e-02;2.262316e-02;2.564470e-02;8.786781e-02;2.012233e-01;3.839429e-02;2.823454e-02;7.423826e-02;1.308228e-01;2.091192e-01
6.712089e-02;9.309681e-02;7.679460e-02;5.292172e-02;2.748776e-02;8.144733e-02;1.593028e-01;3.597024e-02;3.595456e-02;7.229838e-02;1.509674e-01;1.466375e-01
1.153042e-01;8.512149e-02;8.472250e-02;7.574104e-02;3.043935e-02;6.544396e-02;1.050136e-01;3.482699e-02;3.642101e-02;8.988891e-02;1.625738e-01;1.145030e-01
1.026933e-01;8.166802e-02;9.409200e-02;6.779939e-02;3.629122e-02;7.221002e-02;8.530144e-02;3.086281e-02;5.160700e-02;8.947147e-02;1.780799e-01;1.099234e-01
6.358381e-02;7.814463e-02;7.836853e-02;3.536208e-02;3.769733e-02;1.150230e-01;1.100547e-01;3.645783e-02;4.397504e-02;1.148263e-01;2.027742e-01;8.373252e-02
6.877946e-02;6.944192e-02;8.769479e-02;4.871303e-02;4.493989e-02;1.376962e-01;7.467934e-02;4.585689e-02;5.290004e-02;1.315367e-01;1.783002e-01;5.946150e-02
1.363457e-01;4.305728e-02;1.307923e-01;6.023780e-02;5.069986e-02;1.051397e-01;4.936667e-02;4.667159e-02;6.135827e-02;1.071030e-01;1.607796e-01;4.844827e-02
2.218881e-01;8.654233e-02;1.048727e-01;1.018983e-01;3.021212e-02;5.821563e-02;6.300111e-02;3.025517e-02;4.079471e-02;7.072479e-02;9.782998e-02;9.376512e-02
2.968546e-01;9.786949e-02;7.215028e-02;1.173664e-01;2.743198e-02;3.931543e-02;6.434751e-02;3.303212e-02;1.525506e-02;7.637873e-02;4.436100e-02;1.156374e-01
3.273762e-01;9.859771e-02;5.814812e-02;1.051667e-01;2.342156e-02;3.048449e-02;7.157924e-02;3.354441e-02;1.568787e-02;7.703719e-02;3.683314e-02;1.221234e-01
2.932475e-01;1.199232e-01;6.673732e-02;8.687921e-02;2.628959e-02;2.530726e-02;8.235271e-02;3.146279e-02;2.420130e-02;7.587479e-02;5.557045e-02;1.121539e-01
2.219616e-01;1.473207e-01;1.031689e-01;6.296208e-02;3.103218e-02;2.808348e-02;7.064749e-02;2.775283e-02;4.129288e-02;8.059768e-02;8.392438e-02;1.012558e-01
1.118271e-01;1.051389e-01;1.709440e-01;5.233912e-02;4.040965e-02;4.106430e-02;6.901760e-02;2.795283e-02;9.709462e-02;8.851934e-02;1.199084e-01;7.578401e-02
1.075993e-01;2.974995e-02;1.599848e-01;4.214447e-02;7.620011e-02;7.630325e-02;7.774846e-02;3.000345e-02;1.064897e-01;9.534955e-02;1.409238e-01;5.750317e-02
1.435642e-01;4.124138e-02;1.213813e-01;4.465243e-02;1.113106e-01;9.880083e-02;9.638375e-02;3.214236e-02;5.700120e-02;6.725636e-02;1.048421e-01;8.142342e-02
1.419339e-01;2.957605e-02;1.075974e-01;3.573945e-02;1.090513e-01;1.054715e-01;1.187832e-01;3.462682e-02;4.750500e-02;5.347682e-02;1.160085e-01;1.002301e-01
1.155922e-01;8.273346e-03;8.803260e-02;2.241205e-02;7.760300e-02;1.186779e-01;1.409205e-01;4.901882e-02;4.870854e-02;5.089328e-02;1.595215e-01;1.203462e-01
7.560671e-02;1.730458e-02;7.555510e-02;2.285082e-02;4.862415e-02;1.312035e-01;1.256467e-01;4.843824e-02;5.972319e-02;9.194322e-02;1.885927e-01;1.145110e-01
7.002418e-02;3.176624e-02;1.323143e-01;3.410539e-02;5.705204e-02;1.195622e-01;9.559999e-02;3.127754e-02;6.139966e-02;1.267624e-01;1.639521e-01;7.618400e-02
5.767770e-02;3.789320e-02;1.445050e-01;3.789699e-02;7.631589e-02;8.999986e-02;1.258983e-01;5.704318e-02;8.122036e-02;1.416605e-01;1.037072e-01;4.618183e-02
5.506002e-02;4.291275e-02;1.352034e-01;6.011525e-02;8.654903e-02;5.909301e-02;1.862570e-01;6.675611e-02;1.048118e-01;1.159488e-01;4.942279e-02;3.787009e-02
5.299537e-02;7.720089e-02;1.468538e-01;8.318397e-02;9.501446e-02;7.130266e-02;1.358929e-01;5.378544e-02;9.614464e-02;7.455466e-02;4.064095e-02;7.243022e-02
1.040573e-01;1.532541e-01;9.893727e-02;8.174009e-02;6.831826e-02;8.421239e-02;1.075924e-01;4.696977e-02;4.813115e-02;9.267590e-02;6.026483e-02;5.384654e-02
1.054635e-01;1.649137e-01;8.599229e-02;7.965492e-02;7.228631e-02;9.493732e-02;1.157969e-01;3.370024e-02;5.936119e-02;8.526796e-02;6.115747e-02;4.146817e-02
9.624358e-02;1.625069e-01;9.793622e-02;6.619082e-02;6.179551e-02;9.711538e-02;1.247002e-01;5.042857e-02;6.489885e-02;8.754626e-02;5.016784e-02;4.046986e-02
9.769316e-02;9.303522e-02;1.294490e-01;6.121400e-02;3.692820e-02;7.014949e-02;1.338457e-01;5.311433e-02;4.028254e-02;8.752195e-02;9.405128e-02;1.027151e-01
1.019364e-01;5.046536e-02;1.513595e-01;6.636962e-02;3.124813e-02;5.244942e-02;1.301812e-01;5.699693e-02;7.361156e-02;5.896750e-02;1.102427e-01;1.161717e-01
9.089095e-02;3.787836e-02;1.791407e-01;5.843776e-02;2.331656e-02;8.271860e-02;1.199343e-01;4.557005e-02;7.351993e-02;4.708209e-02;1.390893e-01;1.024213e-01
4.376119e-02;3.501493e-02;2.480711e-01;4.205118e-02;2.241943e-02;1.199252e-01;9.580253e-02;2.123281e-02;6.358029e-02;4.633238e-02;2.202607e-01;4.154833e-02
1.881144e-02;4.350858e-02;2.596398e-01;2.649302e-02;2.321380e-02;1.261054e-01;8.595917e-02;1.441114e-02;5.796124e-02;3.285715e-02;2.485248e-01;6.251445e-02
3.901871e-02;3.603995e-02;2.019595e-01;2.512037e-02;2.041775e-02;1.320888e-01;7.869966e-02;1.665854e-02;5.411555e-02;4.025212e-02;2.898271e-01;6.580188e-02
5.765541e-02;1.975799e-02;1.340321e-01;1.838579e-02;3.338077e-02;1.418891e-01;8.124821e-02;1.595935e-02;5.863948e-02;8.366831e-02;3.119920e-01;4.339143e-02
7.000161e-02;2.426261e-02;1.102419e-01;2.816734e-02;4.987824e-02;1.335622e-01;9.985206e-02;2.308956e-02;5.301306e-02;1.095356e-01;2.508337e-01;4.756203e-02
6.088414e-02;1.712055e-02;1.271553e-01;4.414623e-02;5.832917e-02;1.083497e-01;1.231950e-01;2.554962e-02;5.031153e-02;1.287233e-01;1.884877e-01;6.774773e-02
3.478806e-02;2.262549e-02;1.118289e-01;3.838304e-02;4.323447e-02;1.221762e-01;1.096456e-01;3.616383e-02;7.306056e-02;1.376498e-01;1.880802e-01;8.236391e-02
4.854279e-02;1.410000e-02;7.660158e-02;1.625502e-02;2.712479e-02;1.721912e-01;6.810691e-02;2.524132e-02;5.532406e-02;1.712697e-01;2.702749e-01;5.496779e-02
2.665327e-02;1.885871e-02;8.302619e-02;1.617049e-02;4.448564e-02;1.376122e-01;6.342429e-02;1.845699e-02;4.484135e-02;1.868386e-01;3.024957e-01;5.713658e-02
3.291495e-02;2.646559e-02;6.864565e-02;2.028321e-02;5.465039e-02;1.094840e-01;6.963897e-02;2.439217e-02;3.726775e-02;2.075283e-01;2.990846e-01;4.964440e-02
3.094712e-02;2.962493e-02;9.233044e-02;2.704905e-02;6.253020e-02;1.032947e-01;9.603982e-02;6.475885e-02;4.264678e-02;1.865984e-01;2.274302e-01;3.674946e-02
1.728295e-02;2.444247e-02;8.806940e-02;2.946875e-02;6.897528e-02;1.290935e-01;1.594564e-01;6.823932e-02;5.822773e-02;1.449448e-01;1.792693e-01;3.253008e-02
2.104021e-02;1.994676e-02;9.190533e-02;2.243661e-02;5.850612e-02;1.305397e-01;2.053664e-01;4.570221e-02;5.362897e-02;1.512013e-01;1.656597e-01;3.406665e-02
1.839985e-02;1.845490e-02;4.675469e-02;1.523056e-02;5.046433e-02;1.170839e-01;1.772957e-01;5.165040e-02;4.814753e-02;2.089398e-01;2.130267e-01;3.455161e-02
8.178560e-03;2.858743e-02;3.462674e-02;1.307661e-02;5.097637e-02;9.012769e-02;9.292298e-02;6.531767e-02;5.283105e-02;2.641005e-01;2.686203e-01;3.063410e-02
1.186405e-02;3.840018e-02;2.128595e-02;1.889580e-02;5.918212e-02;8.116275e-02;8.350567e-02;6.520630e-02;4.943864e-02;2.758915e-01;2.648488e-01;3.031831e-02
9.822311e-03;4.417633e-02;3.181951e-02;2.523640e-02;6.413776e-02;7.401069e-02;5.939005e-02;9.797816e-02;4.541668e-02;2.718585e-01;2.437348e-01;3.241880e-02
1.293491e-02;5.943297e-02;2.409830e-02;2.431570e-02;6.751269e-02;5.987972e-02;3.817508e-02;1.257448e-01;5.215427e-02;2.741133e-01;2.322938e-01;2.934450e-02
5.584222e-03;7.241917e-02;2.387127e-02;2.303150e-02;7.325116e-02;5.089749e-02;3.110554e-02;1.467432e-01;7.895887e-02;2.677168e-01;2.013286e-01;2.509213e-02
8.526440e-03;7.820171e-02;2.222222e-02;1.891870e-02;7.858764e-02;4.577814e-02;1.940133e-02;1.480015e-01;1.065642e-01;2.652268e-01;1.854645e-01;2.310678e-02
1.218107e-02;8.279873e-02;2.443756e-02;1.540070e-02;8.123279e-02;4.022480e-02;1.382349e-02;1.410423e-01;1.077099e-01;2.675860e-01;1.875797e-01;2.598301e-02
8.205442e-03;8.072962e-02;2.435924e-02;1.695353e-02;8.287062e-02;3.983806e-02;1.413063e-02;1.325789e-01;1.286604e-01;2.677120e-01;1.810952e-01;2.286629e-02
1.115539e-02;7.999423e-02;2.012957e-02;1.210032e-02;8.140291e-02;4.132525e-02;1.984103e-02;1.130597e-01;1.638655e-01;2.603995e-01;1.718778e-01;2.484886e-02
1.213370e-02;7.124724e-02;1.421034e-02;1.337778e-02;8.310916e-02;3.617166e-02;1.631692e-02;8.841129e-02;2.086208e-01;2.658772e-01;1.626402e-01;2.788374e-02
1.208309e-02;5.565699e-02;2.156372e-02;1.680473e-02;7.900482e-02;3.112966e-02;2.400491e-02;7.442128e-02;2.495971e-01;2.643571e-01;1.451177e-01;2.625885e-02
8.055227e-03;5.024870e-02;1.950052e-02;1.078803e-02;7.683132e-02;5.045112e-02;3.734247e-02;6.611293e-02;2.535004e-01;2.632920e-01;1.420762e-01;2.180104e-02
1.782143e-02;5.781340e-02;2.493688e-02;1.784009e-02;1.035682e-01;7.948887e-02;3.867022e-02;8.469527e-02;1.780879e-01;2.146945e-01;1.514567e-01;3.092657e-02
1.934085e-02;7.846265e-02;3.458693e-02;3.517791e-02;9.875593e-02;9.677003e-02;3.131672e-02;8.879489e-02;8.880937e-02;1.930587e-01;1.871325e-01;4.779350e-02
2.546286e-02;1.047175e-01;3.443372e-02;4.108349e-02;6.362151e-02;9.292354e-02;5.236778e-02;8.173033e-02;4.955984e-02;2.013639e-01;1.828476e-01;6.988795e-02
2.522775e-02;9.333530e-02;3.409801e-02;2.727326e-02;1.230872e-01;8.055083e-02;7.610340e-02;7.967032e-02;3.737941e-02;2.284367e-01;1.438487e-01;5.098910e-02
1.429520e-02;8.956361e-02;1.461370e-02;2.228865e-02;2.414712e-01;5.851656e-02;7.051109e-02;7.782052e-02;5.285737e-02;2.461481e-01;9.250402e-02;1.941005e-02
7.962657e-03;1.076351e-01;5.542733e-03;3.575975e-02;3.400391e-01;4.879018e-02;3.480604e-02;6.364259e-02;6.998669e-02;2.156799e-01;5.754969e-02;1.260561e-02
1.621298e-02;1.177609e-01;1.764619e-02;8.059063e-02;3.726506e-01;3.708718e-02;1.750875e-02;4.051476e-02;6.871067e-02;1.775767e-01;4.302193e-02;1.071868e-02
1.403650e-02;1.253693e-01;2.402312e-02;1.203398e-01;3.714684e-01;2.839289e-02;2.381054e-02;2.468655e-02;5.261740e-02;1.618884e-01;4.023511e-02;1.313198e-02
2.971542e-02;1.478595e-01;2.418221e-02;1.114222e-01;3.447724e-01;3.997110e-02;1.423979e-02;1.938192e-02;4.149771e-02;1.669045e-01;4.453237e-02;1.552097e-02
7.205153e-02;1.772295e-01;2.500864e-02;8.450024e-02;2.908569e-01;3.855690e-02;9.237402e-03;1.620711e-02;4.920244e-02;1.781887e-01;3.918615e-02;1.977448e-02
9.941316e-02;1.851935e-01;1.519753e-02;6.909730e-02;2.427627e-01;3.545909e-02;1.303616e-02;1.720103e-02;5.835934e-02;1.926409e-01;4.113804e-02;3.050125e-02
8.824026e-02;1.646331e-01;2.838496e-02;6.892587e-02;2.245625e-01;3.331161e-02;2.258345e-02;2.377841e-02;4.685173e-02;2.065121e-01;5.520311e-02;3.701292e-02
4.613117e-02;1.446483e-01;2.204934e-02;7.618265e-02;2.353821e-01;3.463189e-02;2.580298e-02;2.286609e-02;6.162997e-02;2.422928e-01;5.335292e-02;3.502978e-02
1.194996e-02;1.299098e-01;1.563588e-02;6.652106e-02;2.509213e-01;4.202233e-02;3.726676e-03;2.444996e-02;6.748625e-02;3.162221e-01;5.014994e-02;2.100475e-02
1.176897e-02;1.075971e-01;9.473164e-03;3.951525e-02;2.250057e-01;6.004932e-02;9.790208e-03;2.898949e-02;6.215335e-02;3.584989e-01;7.208351e-02;1.507501e-02
7.411404e-03;8.782268e-02;1.128588e-02;2.644589e-02;1.993085e-01;8.636038e-02;9.519265e-03;3.724667e-02;4.486128e-02;3.880942e-01;9.137332e-02;1.027056e-02
8.810113e-03;6.910355e-02;1.767514e-02;1.902801e-02;1.633032e-01;1.139486e-01;1.307461e-02;3.553380e-02;2.654094e-02;3.825694e-01;1.369241e-01;1.348852e-02
1.011184e-02;4.666099e-02;2.380462e-02;1.587690e-02;1.268885e-01;1.588880e-01;1.811662e-02;2.724052e-02;2.309254e-02;3.322522e-01;2.009098e-01;1.615757e-02
1.817038e-02;2.019117e-02;3.001413e-02;7.015696e-03;8.051632e-02;2.015380e-01;5.669555e-02;1.467620e-02;2.003540e-02;2.332686e-01;2.893957e-01;2.848295e-02
6.505699e-02;1.632418e-02;3.336710e-02;7.916235e-03;3.613135e-02;1.634193e-01;1.682875e-01;2.871825e-02;2.654663e-02;1.177029e-01;2.507826e-01;8.574695e-02
1.585521e-01;9.892702e-03;2.914311e-02;1.623561e-02;1.276442e-02;8.734021e-02;2.730571e-01;6.745324e-02;1.705405e-02;5.520100e-02;1.273632e-01;1.459432e-01
2.650318e-01;5.300324e-02;4.677759e-02;1.639600e-02;1.870993e-02;3.446224e-02;2.057950e-01;1.248489e-01;4.205612e-02;3.869435e-02;3.677751e-02;1.174473e-01
2.924214e-01;1.164429e-01;8.077405e-02;1.548532e-02;2.620621e-02;2.565535e-02;1.017826e-01;1.217887e-01;8.289442e-02;3.549211e-02;4.283950e-02;5.821745e-02
2.224888e-01;1.813833e-01;1.565430e-01;1.344585e-02;2.896840e-02;3.779200e-02;4.006816e-02;6.926703e-02;1.409953e-01;3.439258e-02;3.659790e-02;3.805765e-02
1.331554e-01;2.089889e-01;2.615092e-01;9.605208e-03;2.353260e-02;3.474833e-02;6.307867e-02;1.478726e-02;1.760093e-01;1.902908e-02;2.843652e-02;2.711952e-02
8.230153e-02;1.685037e-01;4.109901e-01;1.836034e-02;2.161916e-02;2.123481e-02;3.493880e-02;1.855071e-02;1.325203e-01;4.680318e-02;2.344438e-02;2.073279e-02
3.706875e-02;1.024420e-01;5.274600e-01;4.482520e-02;3.927136e-02;1.896197e-02;1.945658e-02;7.785812e-03;7.819643e-02;7.771246e-02;3.427083e-02;1.254852e-02
3.035970e-02;4.538080e-02;5.161200e-01;6.717853e-02;5.473482e-02;3.583879e-02;2.507761e-02;1.669636e-02;3.912546e-02;8.232531e-02;7.496803e-02;1.219460e-02
2.388978e-02;3.519001e-02;4.308217e-01;9.294231e-02;6.977182e-02;3.755141e-02;3.524488e-02;2.570137e-02;3.195519e-02;5.763899e-02;1.177422e-01;4.155031e-02
4.574952e-02;5.356921e-02;2.568488e-01;9.664684e-02;7.783118e-02;5.286517e-02;5.647472e-02;4.072136e-02;7.142086e-02;5.933740e-02;1.175928e-01;7.094220e-02
7.213707e-02;7.493278e-02;1.713990e-01;6.237344e-02;8.576228e-02;4.986516e-02;1.157026e-01;4.124984e-02;1.104516e-01;7.132821e-02;5.618568e-02;8.861240e-02
1.070958e-01;8.240443e-02;1.132992e-01;4.275075e-02;7.634207e-02;5.149727e-02;1.483369e-01;4.657768e-02;1.000866e-01;6.190800e-02;4.738580e-02;1.223155e-01
1.310497e-01;1.038379e-01;1.182441e-01;5.105165e-02;5.172367e-02;5.430605e-02;1.389447e-01;6.487389e-02;6.932678e-02;6.120977e-02;4.007060e-02;1.153612e-01
1.016098e-01;8.162455e-02;1.307063e-01;5.183737e-02;9.824529e-02;7.239879e-02;1.010727e-01;8.339872e-02;6.429744e-02;7.913631e-02;5.550708e-02;8.016565e-02
3.731925e-02;5.455316e-02;1.690922e-01;4.405337e-02;1.047538e-01;8.948023e-02;1.272614e-01;9.927186e-02;5.452822e-02;8.696139e-02;8.055669e-02;5.216848e-02
6.936894e-02;5.259001e-02;1.313213e-01;4.348352e-02;9.299176e-02;1.122729e-01;1.477588e-01;9.274308e-02;8.508959e-02;7.123395e-02;5.786988e-02;4.327616e-02
8.524680e-02;3.716669e-02;1.045215e-01;4.534607e-02;1.005756e-01;1.019236e-01;1.748060e-01;7.566275e-02;4.960040e-02;8.850227e-02;8.599202e-02;5.065617e-02
5.575477e-02;5.668133e-02;1.836165e-01;4.268421e-02;1.116630e-01;6.704596e-02;1.288649e-01;4.238089e-02;6.857893e-02;8.505651e-02;9.545705e-02;6.221597e-02
6.443715e-02;7.026963e-02;1.785957e-01;5.137357e-02;1.099357e-01;5.329937e-02;9.283028e-02;5.782415e-02;7.969140e-02;7.581891e-02;9.594641e-02;6.997778e-02
9.676361e-02;7.899509e-02;1.126071e-01;7.545096e-02;8.547706e-02;6.221065e-02;9.008109e-02;7.036100e-02;7.772872e-02;8.608816e-02;9.105118e-02;7.318546e-02
6.377854e-02;7.516361e-02;8.599322e-02;6.261047e-02;4.389449e-02;7.241284e-02;1.106519e-01;1.195886e-01;1.147895e-01;1.483289e-01;5.080851e-02;5.197949e-02
6.128119e-02;6.771333e-02;6.641690e-02;2.861932e-02;3.391687e-02;6.344483e-02;1.049088e-01;1.482275e-01;1.549379e-01;1.731520e-01;4.918475e-02;4.819658e-02
5.974619e-02;5.470826e-02;6.257532e-02;3.120270e-02;4.190497e-02;5.415887e-02;1.031827e-01;1.549492e-01;1.698120e-01;1.696427e-01;4.959232e-02;4.852478e-02
5.258981e-02;5.447848e-02;7.976048e-02;6.210992e-02;6.266908e-02;5.681388e-02;1.307091e-01;1.290546e-01;1.426278e-01;1.352573e-01;5.083800e-02;4.309162e-02
5.884973e-02;7.131298e-02;9.554987e-02;7.606719e-02;6.757016e-02;6.017630e-02;1.617101e-01;9.296633e-02;8.158921e-02;1.107822e-01;5.117315e-02;7.225279e-02
5.914317e-02;5.483190e-02;1.125274e-01;5.481978e-02;5.305686e-02;5.518191e-02;1.457775e-01;8.082251e-02;9.662795e-02;1.491712e-01;5.353317e-02;8.450663e-02
6.272271e-02;6.240405e-02;1.124884e-01;4.374324e-02;5.102926e-02;7.053024e-02;1.384472e-01;7.494877e-02;1.138005e-01;1.660214e-01;5.281811e-02;5.104620e-02
4.096391e-02;7.961670e-02;9.967224e-02;4.012312e-02;6.056226e-02;5.807122e-02;1.463924e-01;1.185482e-01;9.677810e-02;1.552664e-01;6.402852e-02;3.997696e-02
2.868577e-02;5.670305e-02;2.581289e-01;3.849704e-02;7.927005e-02;4.532926e-02;1.890777e-01;6.459579e-02;6.214234e-02;9.845501e-02;3.951062e-02;3.960448e-02
4.683229e-02;5.352300e-02;4.161519e-01;4.975465e-02;7.670314e-02;4.470906e-02;1.510586e-01;2.153546e-02;4.789614e-02;5.033696e-02;2.129433e-02;2.020448e-02
8.034165e-02;9.769816e-02;4.260978e-01;4.555632e-02;5.089257e-02;3.873051e-02;1.205699e-01;1.807902e-02;5.333759e-02;3.496176e-02;1.650707e-02;1.722761e-02
1.146980e-01;1.652157e-01;4.003001e-01;3.127437e-02;2.666645e-02;3.530129e-02;7.269154e-02;2.047497e-02;8.045968e-02;3.023764e-02;9.095901e-03;1.358437e-02
1.478868e-01;2.343473e-01;3.674279e-01;2.180739e-02;9.601059e-03;2.859650e-02;4.041107e-02;2.213452e-02;9.051481e-02;2.294918e-02;5.447671e-03;8.875785e-03
1.933177e-01;2.349113e-01;3.431885e-01;1.779371e-02;1.203979e-02;1.489494e-02;5.616652e-02;1.578184e-02;6.015217e-02;3.090046e-02;1.070380e-02;1.014923e-02
2.367584e-01;1.992088e-01;2.932626e-01;1.519453e-02;2.360918e-02;1.478386e-02;7.784554e-02;2.061852e-02;4.489201e-02;3.352972e-02;2.180264e-02;1.849422e-02
2.457204e-01;1.584187e-01;2.429269e-01;1.737214e-02;3.188596e-02;2.620507e-02;8.339134e-02;3.432189e-02;5.218227e-02;3.280906e-02;3.960505e-02;3.516113e-02
2.121477e-01;1.214373e-01;1.957012e-01;2.305581e-02;3.562491e-02;3.828727e-02;1.013384e-01;5.225892e-02;6.449795e-02;4.568901e-02;6.290255e-02;4.705904e-02
1.469310e-01;8.338434e-02;2.114642e-01;2.635401e-02;4.114389e-02;5.119637e-02;1.061528e-01;5.139681e-02;5.899189e-02;7.604549e-02;1.026353e-01;4.430385e-02
6.273413e-02;5.683789e-02;2.899972e-01;3.593177e-02;4.386986e-02;5.233794e-02;1.122513e-01;4.868584e-02;4.157065e-02;1.065166e-01;1.005659e-01;4.870101e-02
2.448070e-02;8.661798e-02;1.616361e-01;6.573598e-02;6.902146e-02;4.511079e-02;1.406846e-01;7.716891e-02;8.118745e-02;1.192880e-01;5.627920e-02;7.278880e-02
4.187969e-02;7.549667e-02;1.845287e-01;5.580557e-02;7.854061e-02;6.067656e-02;1.439676e-01;8.676230e-02;5.606754e-02;1.055301e-01;4.854592e-02;6.219881e-02
9.514540e-02;1.097337e-01;2.525506e-01;5.472440e-02;6.368501e-02;5.540534e-02;1.018617e-01;6.208499e-02;5.457374e-02;6.638193e-02;3.590930e-02;4.794384e-02
1.673899e-01;1.575342e-01;2.558303e-01;4.947764e-02;4.310774e-02;3.814826e-02;5.159908e-02;5.518322e-02;7.548785e-02;3.591479e-02;3.465305e-02;3.567405e-02
2.199777e-01;1.750411e-01;2.293258e-01;3.671014e-02;3.273883e-02;2.302464e-02;3.810597e-02;6.809215e-02;8.175743e-02;2.874428e-02;3.837118e-02;2.811084e-02
2.325593e-01;1.675565e-01;1.704571e-01;2.642839e-02;3.023673e-02;1.699272e-02;4.338786e-02;8.769377e-02;7.595903e-02;5.924908e-02;4.692701e-02;4.255249e-02
2.114586e-01;1.432418e-01;7.029080e-02;2.550067e-02;5.222461e-02;2.057155e-02;6.793097e-02;1.676211e-01;6.607880e-02;9.239803e-02;2.873172e-02;5.395143e-02
2.646396e-01;1.038252e-01;1.028469e-01;2.300796e-02;5.030921e-02;1.307616e-02;7.956517e-02;2.045870e-01;6.370225e-02;3.675892e-02;2.143394e-02;3.624768e-02
2.815558e-01;7.023308e-02;7.396905e-02;3.397549e-02;4.206192e-02;1.348738e-02;1.484098e-01;2.069695e-01;3.916478e-02;1.174314e-02;2.217079e-02;5.625930e-02
2.488454e-01;4.793255e-02;5.579369e-02;5.697633e-02;2.802008e-02;2.523898e-02;2.237666e-01;1.622504e-01;1.790307e-02;1.838470e-02;2.871511e-02;8.617310e-02
2.005678e-01;6.534074e-02;6.788211e-02;7.512946e-02;2.039160e-02;3.979845e-02;2.305797e-01;1.139142e-01;1.543738e-02;3.128948e-02;3.926489e-02;1.004042e-01
1.483454e-01;8.109134e-02;1.077662e-01;6.396593e-02;1.987325e-02;6.590063e-02;1.611688e-01;1.195434e-01;3.099998e-02;5.198680e-02;5.736616e-02;9.199207e-02
6.941050e-02;2.991111e-02;1.867303e-01;4.966560e-02;2.477196e-02;9.230924e-02;1.494713e-01;9.297648e-02;4.501987e-02;1.036111e-01;1.048036e-01;5.131901e-02
1.037759e-01;6.164583e-02;1.419178e-01;5.175022e-02;4.819024e-02;7.297862e-02;1.285838e-01;7.160886e-02;7.034591e-02;1.058903e-01;5.584408e-02;8.746846e-02
9.968952e-02;6.918207e-02;1.320464e-01;5.987319e-02;5.644268e-02;5.865726e-02;1.505431e-01;6.794602e-02;6.898095e-02;1.094749e-01;4.631071e-02;8.085318e-02
8.244444e-02;5.243092e-02;1.902176e-01;6.547491e-02;7.265038e-02;3.833364e-02;1.601229e-01;6.959728e-02;5.763512e-02;9.707282e-02;5.055859e-02;6.346143e-02
1.303725e-01;9.520216e-02;1.983047e-01;5.091480e-02;6.304545e-02;3.460920e-02;1.540575e-01;4.989817e-02;7.031216e-02;4.360171e-02;5.252939e-02;5.715225e-02
1.913876e-01;1.567226e-01;1.591343e-01;2.840992e-02;5.023737e-02;3.296820e-02;1.195274e-01;6.001841e-02;7.935964e-02;2.944838e-02;4.919530e-02;4.359080e-02
2.280520e-01;2.130551e-01;1.379108e-01;1.247170e-02;4.043090e-02;2.893187e-02;8.703680e-02;5.201074e-02;9.702367e-02;3.432672e-02;3.713958e-02;3.161008e-02
2.656459e-01;2.550066e-01;1.019771e-01;1.221917e-02;2.908390e-02;1.586232e-02;7.657362e-02;5.106600e-02;1.098451e-01;3.112601e-02;3.365899e-02;1.793534e-02
3.091782e-01;2.635286e-01;5.445232e-02;8.305569e-03;2.490504e-02;5.647200e-03;6.681022e-02;6.168710e-02;1.188151e-01;3.216820e-02;4.274968e-02;1.175279e-02
3.229063e-01;2.353159e-01;6.115930e-02;6.450037e-03;2.446901e-02;5.149125e-03;5.417280e-02;6.514593e-02;1.250364e-01;3.408263e-02;5.177077e-02;1.434181e-02
3.375834e-01;2.046362e-01;6.872285e-02;9.115390e-03;3.009797e-02;6.533541e-03;3.935285e-02;7.289899e-02;1.269512e-01;3.052404e-02;5.796502e-02;1.561857e-02
3.551410e-01;1.663466e-01;7.628293e-02;1.151492e-02;3.729023e-02;1.041926e-02;3.211195e-02;8.918889e-02;1.076408e-01;2.932695e-02;6.099255e-02;2.374386e-02
3.601183e-01;1.386293e-01;8.318078e-02;1.217452e-02;3.920227e-02;1.097847e-02;3.992897e-02;1.045242e-01;7.668857e-02;2.632900e-02;6.232572e-02;4.591987e-02
3.077026e-01;1.217320e-01;9.742564e-02;1.657762e-02;3.945765e-02;1.809018e-02;6.254968e-02;9.386948e-02;5.837703e-02;4.700151e-02;6.404097e-02;7.317566e-02
1.806639e-01;1.009064e-01;1.423358e-01;2.117022e-02;4.886983e-02;2.520175e-02;1.071645e-01;7.148559e-02;6.370226e-02;8.827875e-02;5.598084e-02;9.424014e-02
9.453908e-02;4.789460e-02;2.174934e-01;6.829203e-02;7.931033e-02;6.488925e-02;1.337605e-01;6.101108e-02;4.792369e-02;7.503515e-02;4.775864e-02;6.209218e-02
8.568563e-02;7.394317e-02;1.744482e-01;7.936113e-02;7.747833e-02;6.581250e-02;1.143790e-01;4.606117e-02;7.187976e-02;8.249763e-02;7.710737e-02;5.134610e-02
8.037768e-02;7.022277e-02;1.185947e-01;7.871887e-02;8.469680e-02;3.431728e-02;8.291899e-02;8.365565e-02;9.298874e-02;1.020800e-01;1.119862e-01;5.944237e-02
9.466574e-02;6.901900e-02;5.915172e-02;7.040036e-02;9.491374e-02;6.012237e-02;8.870608e-02;1.020056e-01;1.019873e-01;1.022284e-01;1.060604e-01;5.073927e-02
7.743622e-02;9.903370e-02;6.627563e-02;8.046117e-02;1.075208e-01;1.121496e-01;8.124091e-02;9.529435e-02;9.927031e-02;8.402853e-02;7.092622e-02;2.636265e-02
7.157913e-02;1.108837e-01;1.221731e-01;1.038605e-01;8.276401e-02;1.034067e-01;8.142547e-02;9.883796e-02;7.988316e-02;7.242663e-02;2.466894e-02;4.809070e-02
8.024851e-02;1.000111e-01;1.061946e-01;9.555294e-02;1.060033e-01;1.097340e-01;1.117548e-01;7.758772e-02;6.827918e-02;6.380338e-02;3.413517e-02;4.669525e-02
9.542884e-02;8.304974e-02;9.120886e-02;6.450633e-02;1.173093e-01;1.161074e-01;1.067301e-01;6.819113e-02;6.139181e-02;1.016934e-01;4.681225e-02;4.757090e-02
1.028619e-01;6.737281e-02;1.134069e-01;6.048046e-02;1.137367e-01;7.186027e-02;1.068362e-01;5.971854e-02;6.796015e-02;1.161766e-01;6.476069e-02;5.482890e-02
9.168950e-02;4.883075e-02;9.971552e-02;5.901499e-02;7.330906e-02;8.387142e-02;1.267764e-01;8.117045e-02;9.596907e-02;1.054027e-01;7.930219e-02;5.494797e-02
9.968815e-02;6.107545e-02;7.409819e-02;6.279856e-02;6.157586e-02;6.782385e-02;1.025706e-01;1.020793e-01;9.297840e-02;7.768911e-02;1.087004e-01;8.892203e-02
7.345773e-02;4.320226e-02;1.429901e-01;9.734885e-02;5.468242e-02;7.253369e-02;1.228578e-01;9.343141e-02;7.120248e-02;8.003118e-02;8.136255e-02;6.689962e-02
7.377192e-02;5.628582e-02;1.553215e-01;9.157009e-02;9.727661e-02;5.561098e-02;1.680168e-01;4.661117e-02;8.007062e-02;7.944178e-02;4.847884e-02;4.754383e-02
1.102102e-01;8.706189e-02;1.060019e-01;8.712894e-02;9.800656e-02;5.726047e-02;1.735297e-01;3.054808e-02;8.724560e-02;6.583707e-02;4.661610e-02;5.055341e-02
1.085973e-01;9.154344e-02;1.915137e-01;8.060011e-02;8.262141e-02;4.855713e-02;1.561693e-01;2.937274e-02;9.221095e-02;3.570700e-02;3.838322e-02;4.472372e-02
9.321269e-02;1.020281e-01;2.600914e-01;6.761130e-02;6.471504e-02;4.044008e-02;1.514478e-01;3.779348e-02;6.235312e-02;3.910964e-02;3.188358e-02;4.931373e-02
1.592128e-01;8.669807e-02;2.217302e-01;7.414386e-02;5.551643e-02;4.800988e-02;1.422536e-01;3.217982e-02;4.304760e-02;5.386758e-02;2.485247e-02;5.848771e-02
2.264989e-01;1.056822e-01;2.012704e-01;5.818630e-02;4.032449e-02;4.010235e-02;7.796519e-02;1.342647e-02;7.048510e-02;5.761550e-02;5.958897e-02;4.885416e-02
2.151692e-01;6.712598e-02;2.182654e-01;6.832530e-02;3.883145e-02;3.343631e-02;8.330268e-02;1.876816e-02;8.268359e-02;4.593541e-02;9.299375e-02;3.516275e-02
1.436103e-01;6.701893e-02;1.725029e-01;6.410511e-02;4.214069e-02;3.304113e-02;1.697770e-01;2.994675e-02;1.006617e-01;3.928361e-02;9.456209e-02;4.334960e-02
1.290401e-01;8.306119e-02;1.136834e-01;4.700714e-02;4.021788e-02;3.547288e-02;2.222911e-01;4.055850e-02;1.181094e-01;6.375899e-02;6.136131e-02;4.543807e-02
1.619087e-01;8.435305e-02;1.243422e-01;3.955405e-02;4.374406e-02;3.767281e-02;1.765042e-01;7.719604e-02;9.773833e-02;7.918621e-02;4.207330e-02;3.572697e-02
1.845430e-01;1.478260e-01;1.661774e-01;2.609264e-02;3.828282e-02;3.559640e-02;1.042572e-01;1.270186e-01;5.232522e-02;5.130421e-02;3.579300e-02;3.078336e-02
1.897900e-01;1.379229e-01;1.778738e-01;2.227865e-02;3.550112e-02;3.875319e-02;8.979841e-02;1.105349e-01;8.495942e-02;3.675571e-02;3.669296e-02;3.913892e-02
1.878367e-01;1.028465e-01;1.257576e-01;2.838156e-02;4.402237e-02;3.926096e-02;1.704042e-01;8.997763e-02;7.016356e-02;6.478041e-02;4.723416e-02;2.933436e-02
1.055722e-01;6.844606e-02;2.208834e-01;6.235166e-02;7.757584e-02;6.054298e-02;1.697630e-01;3.840562e-02;5.950338e-02;6.037873e-02;4.355197e-02;3.302510e-02
9.773156e-02;7.639311e-02;2.000678e-01;5.712003e-02;6.856354e-02;6.467320e-02;1.711477e-01;5.491839e-02;7.000776e-02;6.130676e-02;4.325864e-02;3.481148e-02
1.078911e-01;8.596862e-02;1.635164e-01;5.087210e-02;5.985492e-02;7.079561e-02;1.708652e-01;7.722472e-02;7.973220e-02;6.781475e-02;3.494699e-02;3.051740e-02
1.378440e-01;9.477044e-02;8.612845e-02;4.987124e-02;5.263373e-02;7.899629e-02;1.458250e-01;1.194723e-01;8.155137e-02;6.109708e-02;5.901050e-02;3.279961e-02
