4.702465e-02;8.107870e-02;1.082604e-01;6.720503e-02;7.452156e-02;1.020917e-01;1.044578e-01;7.126211e-02;1.144784e-01;6.431886e-02;7.533658e-02;8.996420e-02
5.483229e-02;7.023931e-02;1.199352e-01;6.373502e-02;1.110498e-01;5.661167e-02;1.030911e-01;4.524785e-02;1.400029e-01;1.035966e-01;6.239407e-02;6.926422e-02
4.779307e-02;9.570308e-02;1.543393e-01;7.848120e-02;7.881393e-02;6.111022e-02;1.262279e-01;8.458938e-02;1.051235e-01;8.842842e-02;4.939740e-02;2.999256e-02
5.273332e-02;7.997590e-02;1.651969e-01;1.090786e-01;4.929707e-02;6.442603e-02;1.438873e-01;1.211343e-01;7.535399e-02;5.218607e-02;4.443201e-02;4.229862e-02
5.813452e-02;6.273770e-02;1.591959e-01;1.277717e-01;5.735178e-02;6.202184e-02;1.315644e-01;1.260617e-01;6.734610e-02;4.847337e-02;3.027750e-02;6.906345e-02
6.117071e-02;5.131479e-02;2.376812e-01;1.140144e-01;6.808579e-02;5.653279e-02;1.674825e-01;4.607578e-02;5.296494e-02;5.619944e-02;2.709070e-02;6.138688e-02
1.244837e-01;8.899614e-02;2.563227e-01;7.148922e-02;5.676574e-02;4.898550e-02;1.676402e-01;3.369683e-02;1.810625e-02;4.174859e-02;4.139775e-02;5.036740e-02
1.590909e-01;1.096884e-01;2.148436e-01;6.186939e-02;4.321853e-02;5.705765e-02;1.439481e-01;3.263346e-02;1.601375e-02;4.642760e-02;5.893001e-02;5.627849e-02
1.617213e-01;1.114408e-01;1.751108e-01;5.651647e-02;2.921316e-02;6.500233e-02;1.213196e-01;3.242271e-02;2.542408e-02;6.488704e-02;9.726375e-02;5.967788e-02
1.084511e-01;6.786183e-02;1.516298e-01;4.349659e-02;3.783112e-02;8.082660e-02;9.295885e-02;4.543855e-02;6.129499e-02;9.798119e-02;1.587373e-01;5.349209e-02
9.762969e-02;3.421205e-02;1.384902e-01;2.593482e-02;4.413527e-02;1.000332e-01;9.745022e-02;4.867545e-02;7.741778e-02;9.328121e-02;1.733033e-01;6.943680e-02
1.119343e-01;5.306246e-02;1.026954e-01;4.060175e-02;5.278908e-02;1.254552e-01;8.074121e-02;4.368492e-02;8.202252e-02;8.724024e-02;1.574771e-01;6.229581e-02
1.053260e-01;5.867846e-02;9.643231e-02;3.264943e-02;6.143573e-02;9.657163e-02;1.127374e-01;5.052189e-02;6.699710e-02;9.910607e-02;1.562230e-01;6.332105e-02
7.025749e-02;5.351384e-02;1.073659e-01;2.648296e-02;7.641587e-02;7.124514e-02;8.975649e-02;7.244598e-02;7.781536e-02;1.311794e-01;1.775287e-01;4.599279e-02
5.478561e-02;7.575593e-02;1.361126e-01;2.232944e-02;7.888332e-02;8.577889e-02;5.052212e-02;9.586249e-02;9.085477e-02;1.342009e-01;1.540474e-01;2.086641e-02
8.976959e-02;4.456771e-02;1.139318e-01;3.994289e-02;7.803469e-02;1.365294e-01;4.982722e-02;8.666217e-02;6.617719e-02;9.642740e-02;1.697482e-01;2.838178e-02
1.091899e-01;4.474923e-02;5.845791e-02;2.841067e-02;7.345101e-02;1.882854e-01;8.154590e-02;5.476492e-02;3.821924e-02;7.612862e-02;1.779301e-01;6.886712e-02
1.126789e-01;4.455843e-02;8.411134e-02;2.669366e-02;3.854090e-02;1.519194e-01;1.530316e-01;4.302106e-02;4.473807e-02;6.977743e-02;1.166237e-01;1.143056e-01
2.486368e-01;5.548296e-02;7.409708e-02;5.255498e-02;2.557613e-02;7.020146e-02;1.602334e-01;5.693287e-02;3.017733e-02;5.576159e-02;4.996516e-02;1.203803e-01
3.788230e-01;1.001777e-01;5.235492e-02;3.779095e-02;3.007808e-02;2.605570e-02;1.044593e-01;7.458740e-02;3.204038e-02;5.304648e-02;1.965600e-02;9.093015e-02
4.483764e-01;1.231103e-01;3.830767e-02;1.700599e-02;3.479129e-02;1.484766e-02;6.008606e-02;9.959216e-02;4.661081e-02;3.403131e-02;1.623145e-02;6.700891e-02
4.108790e-01;1.015071e-01;3.166602e-02;2.358056e-02;3.441596e-02;1.636947e-02;9.482247e-02;1.157509e-01;5.052974e-02;2.273152e-02;1.302472e-02;8.472253e-02
3.273258e-01;5.459331e-02;3.178158e-02;5.925155e-02;2.259634e-02;2.516100e-02;1.641111e-01;1.064557e-01;3.934720e-02;4.488025e-02;2.566297e-02;9.883314e-02
2.532204e-01;3.031766e-02;5.790429e-02;7.348301e-02;2.252941e-02;4.915220e-02;2.344920e-01;6.523027e-02;3.048405e-02;5.949508e-02;4.498520e-02;7.870642e-02
2.420602e-01;5.409217e-02;7.112487e-02;4.690066e-02;3.185143e-02;5.247933e-02;2.308377e-01;9.024379e-02;2.936369e-02;6.369544e-02;5.152294e-02;3.582779e-02
2.805089e-01;6.725874e-02;4.676692e-02;2.902750e-02;3.127867e-02;4.290490e-02;1.668817e-01;1.377071e-01;3.393088e-02;6.596545e-02;5.416863e-02;4.360065e-02
2.833640e-01;9.139082e-02;5.723791e-02;4.736349e-02;2.728210e-02;3.785466e-02;1.117506e-01;1.296788e-01;2.956991e-02;4.994015e-02;5.056949e-02;8.399806e-02
1.800670e-01;1.028242e-01;7.177825e-02;5.853517e-02;3.233416e-02;4.610687e-02;1.129339e-01;8.133586e-02;3.233016e-02;6.941395e-02;7.381004e-02;1.385304e-01
1.498221e-01;9.238660e-02;8.617394e-02;6.249460e-02;4.747283e-02;5.404951e-02;1.872857e-01;5.168266e-02;3.121042e-02;7.963736e-02;5.990908e-02;9.787521e-02
3.071339e-01;8.356323e-02;4.192046e-02;3.901631e-02;4.791175e-02;4.786510e-02;1.698599e-01;5.593919e-02;3.741275e-02;6.344356e-02;3.267671e-02;7.325721e-02
3.544199e-01;7.038847e-02;3.837784e-02;4.093669e-02;3.604942e-02;3.133895e-02;1.495779e-01;6.846134e-02;3.535302e-02;6.972509e-02;2.731216e-02;7.805929e-02
3.128545e-01;8.230506e-02;9.693935e-02;3.553114e-02;3.656906e-02;2.239594e-02;8.435322e-02;9.470330e-02;4.655441e-02;6.201080e-02;2.997788e-02;9.580535e-02
2.118147e-01;8.881178e-02;2.128286e-01;4.386281e-02;5.370824e-02;3.450909e-02;8.642563e-02;8.414180e-02;5.539665e-02;4.654698e-02;2.823971e-02;5.371403e-02
1.598300e-01;1.971477e-01;2.416085e-01;4.092984e-02;4.036675e-02;4.024430e-02;1.088445e-01;4.571468e-02;4.999860e-02;2.575762e-02;1.449684e-02;3.506070e-02
2.057692e-01;2.407158e-01;2.229976e-01;2.446358e-02;4.363627e-02;2.555179e-02;8.739023e-02;5.473232e-02;4.128959e-02;1.620242e-02;8.437836e-03;2.881328e-02
2.535571e-01;2.066599e-01;1.886659e-01;1.298605e-02;5.775980e-02;1.538096e-02;5.293337e-02;1.328409e-01;3.915575e-02;1.101632e-02;8.117894e-03;2.092598e-02
2.233914e-01;1.051582e-01;1.786609e-01;1.538199e-02;4.954803e-02;3.667345e-02;6.885349e-02;2.125238e-01;6.508870e-02;1.178612e-02;7.436524e-03;2.549729e-02
1.308170e-01;3.496732e-02;1.306617e-01;3.391377e-02;2.503809e-02;6.883600e-02;1.266150e-01;2.407948e-01;1.252020e-01;3.425300e-02;1.261446e-02;3.628666e-02
8.795962e-02;4.618989e-02;6.056138e-02;7.146180e-02;1.014382e-02;6.550639e-02;2.185797e-01;2.075176e-01;1.199058e-01;5.818924e-02;9.351914e-03;4.463290e-02
7.564965e-02;8.006745e-02;3.362702e-02;9.384120e-02;6.720208e-03;3.526262e-02;3.103420e-01;1.841396e-01;6.061111e-02;6.000761e-02;7.043292e-03;5.268813e-02
4.086859e-02;1.001496e-01;1.841653e-02;9.718780e-02;4.709949e-03;2.663898e-02;3.982421e-01;1.680949e-01;2.468960e-02;6.152963e-02;7.708188e-03;5.176406e-02
1.850882e-02;1.140438e-01;2.001419e-02;7.910644e-02;1.070557e-02;6.157653e-02;4.275437e-01;1.415277e-01;1.769519e-02;5.947541e-02;5.261031e-03;4.454164e-02
4.554586e-02;1.156668e-01;3.522447e-02;5.812540e-02;2.300113e-02;8.424244e-02;3.580051e-01;1.417705e-01;3.106281e-02;5.267696e-02;1.665666e-02;3.802190e-02
6.928308e-02;8.935849e-02;6.396253e-02;6.098373e-02;3.269371e-02;8.136252e-02;2.602741e-01;1.736128e-01;5.225595e-02;5.541297e-02;2.534412e-02;3.545596e-02
9.316220e-02;5.152928e-02;1.060520e-01;7.281292e-02;4.808374e-02;8.013770e-02;1.836514e-01;1.693633e-01;4.100357e-02;7.166841e-02;3.076619e-02;5.176923e-02
1.223202e-01;8.972584e-02;1.106638e-01;4.572094e-02;4.126566e-02;5.959207e-02;7.865661e-02;1.915500e-01;6.662723e-02;8.447006e-02;2.277321e-02;8.663432e-02
1.001412e-01;1.243668e-01;6.888615e-02;6.452037e-02;1.414675e-02;2.564810e-02;7.880142e-02;2.026966e-01;9.784435e-02;9.496896e-02;1.180037e-02;1.161789e-01
9.396894e-02;9.797143e-02;2.717614e-02;7.449369e-02;1.135760e-02;3.820358e-02;1.052416e-01;2.026477e-01;1.209143e-01;1.127565e-01;8.318123e-03;1.069504e-01
1.254567e-01;6.335792e-02;1.606524e-02;6.605290e-02;1.371976e-02;5.166097e-02;1.297434e-01;1.893050e-01;1.414914e-01;1.063238e-01;7.691716e-03;8.913124e-02
2.294404e-01;2.972548e-02;2.724021e-02;5.567021e-02;1.548341e-02;5.283848e-02;1.205831e-01;1.590313e-01;1.765211e-01;6.433137e-02;9.387171e-03;5.974776e-02
3.872549e-01;2.153957e-02;4.694416e-02;3.103705e-02;1.757114e-02;3.837910e-02;8.794679e-02;1.459954e-01;1.500641e-01;3.194606e-02;9.125463e-03;3.219622e-02
4.891870e-01;2.810496e-02;6.344055e-02;1.663254e-02;4.301429e-02;1.857663e-02;5.790458e-02;1.397090e-01;7.782032e-02;2.639550e-02;8.748339e-03;3.046635e-02
5.408190e-01;2.747565e-02;6.966775e-02;2.005791e-02;8.542956e-02;1.100348e-02;2.655037e-02;1.399028e-01;3.165056e-02;2.345485e-02;9.104765e-03;1.488329e-02
5.328917e-01;2.640470e-02;7.699518e-02;1.025314e-02;1.227710e-01;8.461281e-03;1.055590e-02;1.401319e-01;2.332658e-02;1.426294e-02;1.337600e-02;2.056957e-02
5.046371e-01;2.467846e-02;7.272556e-02;4.783927e-03;1.412090e-01;9.683311e-03;2.311580e-02;1.487025e-01;1.503036e-02;9.397637e-03;3.066615e-02;1.537027e-02
4.483680e-01;5.142676e-02;5.773429e-02;7.803489e-03;1.140264e-01;9.713873e-03;3.821275e-02;1.539803e-01;2.830145e-02;3.157737e-02;5.012030e-02;8.735024e-03
3.347335e-01;1.449391e-01;5.165462e-02;1.679474e-02;4.665782e-02;1.360619e-02;4.646315e-02;1.256625e-01;7.021006e-02;8.214010e-02;4.610800e-02;2.103021e-02
2.125477e-01;2.067770e-01;3.976995e-02;3.606981e-02;4.178996e-02;1.995191e-02;6.123593e-02;1.213831e-01;9.873758e-02;1.048312e-01;3.943105e-02;1.747486e-02
1.603542e-01;1.608307e-01;5.530000e-02;5.335415e-02;2.305203e-02;4.051042e-02;9.450723e-02;1.581128e-01;1.205152e-01;8.492425e-02;3.704443e-02;1.149449e-02
1.483859e-01;1.295734e-01;8.300549e-02;5.261556e-02;1.525225e-02;4.948324e-02;1.199462e-01;1.567356e-01;1.204195e-01;5.346776e-02;4.955997e-02;2.155520e-02
1.874978e-01;1.038417e-01;9.111860e-02;4.225331e-02;3.121880e-02;4.328151e-02;1.306637e-01;1.375689e-01;9.488493e-02;4.741476e-02;6.718607e-02;2.306995e-02
2.664250e-01;5.930009e-02;9.693652e-02;3.089631e-02;7.350967e-02;2.582346e-02;1.102847e-01;1.463146e-01;6.201488e-02;4.517129e-02;6.291493e-02;2.040856e-02
2.591310e-01;4.650992e-02;1.666057e-01;3.726940e-02;9.508604e-02;2.217245e-02;8.222239e-02;1.626194e-01;4.436721e-02;3.487551e-02;3.596193e-02;1.317913e-02
1.902051e-01;7.073461e-02;3.320761e-01;4.044956e-02;7.958896e-02;1.760733e-02;4.537708e-02;8.649143e-02;7.125912e-02;2.783712e-02;2.336531e-02;1.500820e-02
1.489454e-01;7.889605e-02;4.154074e-01;5.244296e-02;5.798266e-02;1.573103e-02;2.462064e-02;5.421590e-02;7.005739e-02;2.741046e-02;3.617698e-02;1.811321e-02
1.505292e-01;5.600708e-02;4.131512e-01;6.099087e-02;5.035708e-02;2.751160e-02;3.155950e-02;7.127198e-02;6.001764e-02;2.160425e-02;4.306971e-02;1.392984e-02
1.790882e-01;8.578034e-02;3.651024e-01;4.929570e-02;5.602793e-02;2.635677e-02;3.266487e-02;8.585967e-02;3.989101e-02;2.643323e-02;4.009452e-02;1.340539e-02
2.130454e-01;1.374211e-01;3.007149e-01;3.587157e-02;3.575392e-02;1.927412e-02;3.373948e-02;9.132909e-02;3.733688e-02;2.919814e-02;4.677917e-02;1.953615e-02
2.737108e-01;1.387839e-01;2.499501e-01;4.101812e-02;3.067714e-02;1.673909e-02;4.045263e-02;7.120454e-02;3.602149e-02;3.817080e-02;4.140314e-02;2.186824e-02
2.799035e-01;7.521796e-02;2.557742e-01;4.389227e-02;5.818409e-02;1.619165e-02;4.560694e-02;7.192495e-02;5.753796e-02;3.100630e-02;3.968357e-02;2.507660e-02
2.660470e-01;6.072218e-02;2.351965e-01;3.956139e-02;7.434676e-02;1.952693e-02;3.184760e-02;1.022451e-01;5.022150e-02;4.005263e-02;5.040407e-02;2.982833e-02
2.409207e-01;6.303368e-02;2.781526e-01;2.330857e-02;6.093823e-02;1.944203e-02;5.332517e-02;9.836079e-02;3.974105e-02;3.847321e-02;5.264372e-02;3.166026e-02
2.049852e-01;9.461866e-02;3.108215e-01;3.191513e-02;4.821075e-02;1.793494e-02;6.760055e-02;8.605561e-02;4.218727e-02;2.909307e-02;4.340163e-02;2.317580e-02
1.760528e-01;1.461811e-01;3.014278e-01;4.101762e-02;3.772417e-02;2.333012e-02;5.809250e-02;6.776129e-02;5.326357e-02;2.319343e-02;4.270333e-02;2.925227e-02
8.756322e-02;1.808967e-01;3.776430e-01;4.145218e-02;3.486493e-02;2.354167e-02;4.109382e-02;4.012486e-02;5.154215e-02;4.411294e-02;3.684844e-02;4.031614e-02
7.410851e-02;1.137583e-01;5.040597e-01;7.028955e-02;3.093056e-02;1.385750e-02;2.302792e-02;2.215804e-02;3.820785e-02;6.089314e-02;1.460338e-02;3.410560e-02
1.319336e-01;5.938963e-02;5.290174e-01;8.144026e-02;3.514984e-02;8.116812e-03;2.438831e-02;9.726072e-03;1.799800e-02;7.454898e-02;1.150166e-02;1.678943e-02
1.420853e-01;2.583897e-02;5.326470e-01;7.565165e-02;3.441138e-02;7.671562e-03;3.565590e-02;1.699007e-02;1.495778e-02;9.564667e-02;1.012282e-02;8.320909e-03
1.136243e-01;8.029530e-02;4.849676e-01;4.835896e-02;3.176283e-02;9.680476e-03;3.160601e-02;2.409047e-02;3.253972e-02;1.076086e-01;7.342100e-03;2.812358e-02
1.230808e-01;1.675820e-01;3.892632e-01;2.477905e-02;2.614242e-02;1.532195e-02;2.210230e-02;1.809968e-02;7.550357e-02;7.315948e-02;5.635226e-03;5.933040e-02
1.762273e-01;2.081723e-01;3.072627e-01;3.324667e-02;2.252533e-02;1.447821e-02;1.512837e-02;3.201127e-02;8.189972e-02;3.708432e-02;1.205340e-02;5.991045e-02
1.776322e-01;1.354082e-01;3.131505e-01;5.568676e-02;2.739507e-02;2.483774e-02;4.301951e-02;4.187093e-02;5.414277e-02;6.180829e-02;2.617728e-02;3.887076e-02
9.819015e-02;2.492896e-02;4.432734e-01;6.102393e-02;2.640803e-02;3.616540e-02;6.006505e-02;3.168267e-02;4.773978e-02;9.631013e-02;3.934563e-02;3.486689e-02
1.087965e-01;8.075129e-02;4.754731e-01;3.297725e-02;2.689344e-02;3.257677e-02;4.244359e-02;2.668834e-02;4.884836e-02;7.449073e-02;3.109747e-02;1.896309e-02
1.390362e-01;7.472575e-02;4.731449e-01;4.069618e-02;2.149449e-02;2.311622e-02;2.981298e-02;3.155538e-02;5.152883e-02;6.615886e-02;2.593678e-02;2.279340e-02
1.791942e-01;3.442435e-02;4.199937e-01;5.332260e-02;2.919542e-02;2.469703e-02;2.861428e-02;3.725635e-02;4.560672e-02;8.237565e-02;1.810060e-02;4.721906e-02
2.054391e-01;5.755502e-02;3.091115e-01;5.719596e-02;3.614772e-02;2.697868e-02;6.085075e-02;3.953303e-02;3.465212e-02;8.745987e-02;2.338385e-02;6.169232e-02
1.789478e-01;6.023601e-02;2.581700e-01;5.937640e-02;4.916922e-02;3.760191e-02;7.364468e-02;6.579700e-02;5.444254e-02;8.760151e-02;2.233678e-02;5.267612e-02
1.975319e-01;8.419813e-02;1.720673e-01;4.164416e-02;6.037736e-02;2.933017e-02;7.790970e-02;1.230547e-01;9.320022e-02;7.042042e-02;1.332339e-02;3.694258e-02
2.004690e-01;1.412201e-01;1.295136e-01;2.359847e-02;5.928575e-02;2.580759e-02;5.762989e-02;1.347425e-01;1.434305e-01;4.390993e-02;1.459708e-02;2.579569e-02
1.561341e-01;2.157078e-01;1.415948e-01;1.403696e-02;3.477010e-02;3.823728e-02;4.094494e-02;7.900691e-02;2.248296e-01;3.472216e-02;6.995073e-03;1.302033e-02
1.012267e-01;2.581366e-01;1.799653e-01;1.364690e-02;1.274664e-02;5.449678e-02;2.658361e-02;3.593549e-02;2.766812e-01;2.165544e-02;4.649172e-03;1.427629e-02
7.636508e-02;2.674020e-01;2.099126e-01;1.584883e-02;1.094560e-02;6.104818e-02;1.918905e-02;2.554896e-02;2.629472e-01;2.263209e-02;4.489835e-03;2.367050e-02
7.738100e-02;2.731583e-01;2.142960e-01;1.403147e-02;8.033970e-03;5.926515e-02;7.247631e-03;2.581848e-02;2.658805e-01;2.580831e-02;2.581302e-03;2.649788e-02
1.127114e-01;2.677321e-01;2.114442e-01;1.500379e-02;8.735223e-03;5.209353e-02;9.280444e-03;2.356359e-02;2.502680e-01;2.383879e-02;3.713293e-03;2.161566e-02
1.956873e-01;2.245223e-01;1.938294e-01;1.463113e-02;1.835806e-02;4.490159e-02;1.670944e-02;3.196387e-02;2.057274e-01;2.610631e-02;4.993130e-03;2.257008e-02
2.356958e-01;1.822664e-01;1.786838e-01;1.351826e-02;2.551096e-02;5.060136e-02;2.529055e-02;3.588342e-02;1.863442e-01;3.032482e-02;7.376337e-03;2.850413e-02
1.387039e-01;2.044899e-01;2.238624e-01;2.038095e-02;2.274544e-02;6.574640e-02;2.267517e-02;3.354938e-02;1.949993e-01;3.295307e-02;7.662802e-03;3.223132e-02
1.110064e-01;2.388441e-01;2.806757e-01;2.383198e-02;1.937166e-02;6.473614e-02;2.287531e-02;2.220710e-02;1.593866e-01;2.514438e-02;5.264488e-03;2.665608e-02
2.068645e-01;2.306096e-01;2.660451e-01;2.644475e-02;1.405485e-02;4.373457e-02;2.816059e-02;2.008812e-02;1.101629e-01;2.465474e-02;8.713781e-03;2.046658e-02
2.690695e-01;2.068911e-01;1.915996e-01;3.036384e-02;9.015142e-03;3.035984e-02;4.536714e-02;3.859955e-02;9.889501e-02;3.728728e-02;1.452226e-02;2.802976e-02
2.609709e-01;1.751738e-01;1.666839e-01;3.013349e-02;1.701876e-02;3.507221e-02;5.398397e-02;5.126023e-02;1.057071e-01;4.207755e-02;2.597253e-02;3.594556e-02
2.077614e-01;1.503791e-01;1.393157e-01;3.366621e-02;2.748390e-02;5.251260e-02;5.439411e-02;6.742846e-02;1.443509e-01;5.826166e-02;2.835810e-02;3.608799e-02
1.447681e-01;1.785937e-01;1.726283e-01;3.983635e-02;3.397977e-02;7.099830e-02;5.230362e-02;7.114305e-02;1.139875e-01;5.918672e-02;2.357839e-02;3.899626e-02
1.176562e-01;1.558597e-01;2.098070e-01;4.293138e-02;5.471791e-02;5.948640e-02;7.624438e-02;5.872422e-02;1.120003e-01;5.429702e-02;2.506777e-02;3.320785e-02
3.263558e-02;1.263264e-01;2.627292e-01;6.927370e-02;7.189243e-02;7.374690e-02;1.216407e-01;6.804127e-02;7.302291e-02;4.694123e-02;2.926691e-02;2.448283e-02
6.306197e-02;1.218815e-01;2.745705e-01;6.550116e-02;6.516477e-02;7.308178e-02;1.285571e-01;4.745590e-02;7.887372e-02;3.967478e-02;1.622603e-02;2.595072e-02
7.481372e-02;1.736730e-01;2.779713e-01;5.039358e-02;4.465608e-02;6.230721e-02;9.437239e-02;2.607487e-02;1.243225e-01;3.628254e-02;9.908309e-03;2.522449e-02
1.188247e-01;2.641932e-01;2.447431e-01;2.843255e-02;2.117972e-02;4.262424e-02;5.162093e-02;1.411754e-02;1.574448e-01;2.861005e-02;6.853060e-03;2.135617e-02
2.254406e-01;2.851925e-01;1.804471e-01;1.838598e-02;3.714580e-02;3.086811e-02;2.687184e-02;3.063366e-02;1.236206e-01;1.826502e-02;6.717229e-03;1.641157e-02
3.428479e-01;2.144824e-01;1.086417e-01;1.309072e-02;8.597171e-02;2.248062e-02;3.093970e-02;5.265163e-02;8.619787e-02;1.394024e-02;9.585868e-03;1.916956e-02
4.034215e-01;1.334409e-01;7.163833e-02;1.497283e-02;1.302013e-01;2.003315e-02;3.455593e-02;9.475831e-02;5.216365e-02;8.896567e-03;9.370370e-03;2.654724e-02
3.777757e-01;8.450881e-02;8.222968e-02;1.343228e-02;1.369986e-01;2.096728e-02;4.220074e-02;1.291482e-01;5.758993e-02;8.347823e-03;9.758968e-03;3.704198e-02
3.947637e-01;1.078767e-02;1.112436e-01;7.825030e-03;1.343804e-01;2.104906e-02;4.053231e-02;1.622614e-01;4.507550e-02;8.607032e-03;1.563845e-02;4.783583e-02
3.980772e-01;8.302023e-02;1.060924e-01;1.441653e-02;1.120670e-01;2.411308e-02;2.617894e-02;1.330126e-01;3.427709e-02;8.320224e-03;1.205661e-02;4.836802e-02
3.759274e-01;1.616390e-01;9.389298e-02;1.494795e-02;8.256377e-02;2.766542e-02;2.299492e-02;9.286980e-02;6.390268e-02;1.360154e-02;1.342221e-02;3.657227e-02
2.770212e-01;2.233985e-01;1.767168e-01;2.007783e-02;3.205102e-02;3.552087e-02;2.655923e-02;6.313312e-02;9.347808e-02;1.478197e-02;1.042782e-02;2.683355e-02
1.229658e-01;2.457737e-01;2.846094e-01;2.596528e-02;3.922601e-02;5.706580e-02;2.454869e-02;5.159391e-02;9.690180e-02;1.424401e-02;9.361518e-03;2.774408e-02
1.214529e-01;2.287836e-01;3.165770e-01;2.569051e-02;6.303688e-02;6.110461e-02;1.689011e-02;5.263429e-02;7.077129e-02;1.268655e-02;8.627438e-03;2.174477e-02
2.328634e-01;2.114050e-01;2.627950e-01;2.339512e-02;5.998320e-02;5.091480e-02;9.054909e-03;5.610738e-02;4.812182e-02;1.641000e-02;1.059415e-02;1.835517e-02
2.847335e-01;1.997455e-01;2.006517e-01;2.103651e-02;6.251286e-02;4.977303e-02;1.834377e-02;6.385783e-02;4.953390e-02;1.816158e-02;1.429894e-02;1.735090e-02
3.007039e-01;2.040710e-01;1.465756e-01;3.028626e-02;5.902348e-02;4.919708e-02;3.790395e-02;6.083335e-02;5.806193e-02;1.539726e-02;1.788766e-02;2.005841e-02
2.940773e-01;1.909929e-01;1.230001e-01;3.660201e-02;5.474661e-02;3.824404e-02;6.670134e-02;5.335714e-02;5.323099e-02;2.382613e-02;2.398462e-02;4.123680e-02
2.068831e-01;1.507174e-01;1.371312e-01;6.396741e-02;8.136088e-02;5.077373e-02;9.157326e-02;5.908562e-02;5.039395e-02;3.193257e-02;2.453348e-02;5.164734e-02
1.603296e-01;1.249628e-01;1.572834e-01;7.665305e-02;6.956083e-02;5.824950e-02;1.040484e-01;8.199941e-02;4.944960e-02;3.600997e-02;2.923571e-02;5.221774e-02
2.220255e-01;9.783138e-02;2.231781e-01;6.201272e-02;3.983536e-02;3.941347e-02;7.321340e-02;7.283417e-02;4.570196e-02;4.265991e-02;3.310884e-02;4.818515e-02
2.239720e-01;6.046564e-02;2.559893e-01;4.745347e-02;5.393711e-02;3.369164e-02;7.218864e-02;7.323736e-02;5.758528e-02;4.579702e-02;3.824681e-02;3.743581e-02
2.187303e-01;9.608156e-02;2.357014e-01;3.357245e-02;6.128351e-02;4.740680e-02;5.806785e-02;8.749143e-02;4.783900e-02;3.481407e-02;3.674112e-02;4.227046e-02
2.168254e-01;1.149588e-01;2.346500e-01;2.453098e-02;5.945338e-02;5.328770e-02;5.699968e-02;7.984577e-02;3.881917e-02;2.683569e-02;3.836896e-02;5.542448e-02
2.017012e-01;6.838863e-02;2.360711e-01;4.183668e-02;7.929467e-02;6.666879e-02;5.862236e-02;5.832936e-02;6.536819e-02;2.452620e-02;4.736212e-02;5.183067e-02
2.076775e-01;1.237271e-01;1.456536e-01;5.438147e-02;8.773545e-02;5.867222e-02;6.193776e-02;7.195073e-02;6.866494e-02;3.279457e-02;4.215481e-02;4.464989e-02
1.996994e-01;1.674824e-01;1.324495e-01;4.609932e-02;8.659339e-02;3.946092e-02;8.752662e-02;7.154392e-02;4.522303e-02;4.189918e-02;4.005709e-02;4.196526e-02
1.723938e-01;1.466114e-01;1.527145e-01;3.451810e-02;8.946788e-02;3.051421e-02;1.199626e-01;6.716318e-02;5.831406e-02;3.820772e-02;4.297578e-02;4.715684e-02
1.524894e-01;1.108768e-01;1.533419e-01;5.383652e-02;9.216096e-02;4.024922e-02;1.126866e-01;6.014333e-02;9.496905e-02;3.225965e-02;3.669472e-02;6.029194e-02
1.638952e-01;5.485313e-02;1.588661e-01;8.414008e-02;8.736794e-02;6.060134e-02;8.475398e-02;6.308978e-02;9.325955e-02;5.397458e-02;2.847998e-02;6.671828e-02
1.408705e-01;8.017050e-02;1.637571e-01;9.025891e-02;6.883942e-02;8.018727e-02;8.208451e-02;7.894826e-02;6.695254e-02;7.001369e-02;3.290829e-02;4.500898e-02
1.267471e-01;5.344759e-02;1.433987e-01;7.349553e-02;5.791504e-02;1.047761e-01;1.213581e-01;1.017405e-01;7.860949e-02;5.498704e-02;4.099476e-02;4.253005e-02
1.298361e-01;4.290460e-02;1.541678e-01;5.802012e-02;5.009608e-02;1.130536e-01;1.525069e-01;8.762097e-02;8.301874e-02;4.973941e-02;3.485415e-02;4.418165e-02
1.088029e-01;8.108252e-02;1.814490e-01;5.981719e-02;3.547893e-02;9.517649e-02;1.423311e-01;7.333313e-02;7.970247e-02;6.019885e-02;4.125637e-02;4.137111e-02
8.838680e-02;7.962444e-02;1.523457e-01;6.563205e-02;4.086621e-02;6.044147e-02;1.448787e-01;1.135165e-01;8.945378e-02;6.996409e-02;4.136143e-02;5.352896e-02
1.193268e-01;8.606669e-02;1.206873e-01;6.010471e-02;6.175855e-02;3.863263e-02;1.290706e-01;1.306713e-01;9.434723e-02;8.141637e-02;3.752741e-02;4.039036e-02
1.064570e-01;1.080979e-01;6.811987e-02;5.592371e-02;9.635118e-02;4.500423e-02;1.372698e-01;1.195268e-01;8.201794e-02;1.080460e-01;4.651097e-02;2.667459e-02
1.139429e-01;1.067871e-01;2.262325e-01;5.373406e-02;9.601264e-02;4.266461e-02;1.509774e-01;5.539810e-02;5.069729e-02;4.885973e-02;2.458134e-02;3.011237e-02
1.592656e-01;1.146584e-01;2.610188e-01;5.833640e-02;5.801358e-02;4.868816e-02;1.089399e-01;2.884500e-02;4.221759e-02;4.975030e-02;3.668086e-02;3.358538e-02
1.656128e-01;1.009827e-01;2.237236e-01;4.900151e-02;5.569308e-02;7.689197e-02;6.618576e-02;1.562258e-02;5.363180e-02;7.181895e-02;7.335538e-02;4.747995e-02
1.016830e-01;4.756749e-02;1.624460e-01;3.292838e-02;9.114134e-02;1.588773e-01;5.942931e-02;1.395847e-02;7.695874e-02;8.829332e-02;1.218786e-01;4.483816e-02
4.703047e-02;1.593169e-02;1.028233e-01;2.800113e-02;1.270257e-01;2.558149e-01;7.640838e-02;1.365423e-02;6.806561e-02;9.799940e-02;1.481061e-01;1.913911e-02
5.297234e-02;1.624903e-02;6.363424e-02;3.533968e-02;1.050970e-01;2.947673e-01;1.002107e-01;2.760083e-02;3.767340e-02;8.662477e-02;1.590198e-01;2.081101e-02
3.471727e-02;3.341119e-02;5.941401e-02;3.945537e-02;6.968032e-02;2.669912e-01;1.490330e-01;4.470471e-02;2.568584e-02;9.514228e-02;1.634657e-01;1.829917e-02
3.959006e-02;3.085483e-02;4.579168e-02;3.589619e-02;7.507792e-02;2.280647e-01;1.798363e-01;2.877863e-02;2.769429e-02;1.169359e-01;1.643247e-01;2.715493e-02
3.441169e-02;2.352962e-02;5.526261e-02;2.481007e-02;6.118943e-02;2.430626e-01;1.495077e-01;1.703060e-02;4.410923e-02;1.375682e-01;1.895550e-01;1.996332e-02
5.828203e-02;2.854718e-02;5.790518e-02;2.215094e-02;3.493453e-02;3.094204e-01;7.618174e-02;1.717074e-02;4.556804e-02;1.224652e-01;1.908503e-01;3.652374e-02
5.446330e-02;1.106586e-02;5.182632e-02;1.147498e-02;4.195607e-02;3.932357e-01;5.668330e-02;1.752478e-02;6.422437e-02;1.028026e-01;1.529845e-01;4.175824e-02
2.008625e-02;8.755951e-03;5.685604e-02;7.297651e-03;7.135994e-02;3.572715e-01;1.201392e-01;3.723956e-02;1.101668e-01;6.515550e-02;1.076845e-01;3.798712e-02
4.565255e-02;1.795912e-02;5.737509e-02;2.208752e-02;1.134267e-01;1.987532e-01;2.142339e-01;7.606803e-02;1.019599e-01;3.741840e-02;6.619918e-02;4.886647e-02
5.448837e-02;5.276818e-02;5.822888e-02;6.409942e-02;1.129366e-01;7.616448e-02;3.050778e-01;8.779301e-02;5.304879e-02;3.020858e-02;3.639565e-02;6.879021e-02
7.969145e-02;8.262073e-02;7.519253e-02;9.445522e-02;4.694153e-02;4.331120e-02;2.838608e-01;9.266388e-02;5.896860e-02;4.171275e-02;2.788866e-02;7.269268e-02
1.311847e-01;9.805758e-02;6.563000e-02;8.840022e-02;3.474479e-02;2.534335e-02;2.510535e-01;9.736977e-02;5.606457e-02;5.263519e-02;2.499407e-02;7.452224e-02
2.050219e-01;1.172898e-01;6.811363e-02;6.266813e-02;3.389940e-02;3.640401e-02;2.013982e-01;9.158538e-02;5.542782e-02;3.580138e-02;1.603807e-02;7.635225e-02
2.553993e-01;1.085200e-01;8.684237e-02;4.356956e-02;3.567736e-02;7.422365e-02;1.393733e-01;7.698819e-02;5.123051e-02;2.945724e-02;3.684896e-02;6.186959e-02
2.442294e-01;8.429040e-02;9.583870e-02;4.526126e-02;3.849598e-02;1.234690e-01;8.140117e-02;7.062679e-02;4.324561e-02;4.112387e-02;6.903702e-02;6.298078e-02
1.810631e-01;5.520199e-02;8.806857e-02;6.446622e-02;6.292436e-02;1.219099e-01;1.052561e-01;8.350999e-02;4.577073e-02;5.703977e-02;6.985349e-02;6.493582e-02
1.306511e-01;7.000963e-02;1.038065e-01;5.568337e-02;8.251893e-02;9.945733e-02;1.355942e-01;8.455534e-02;4.060743e-02;3.875513e-02;8.340793e-02;7.495297e-02
1.108531e-01;7.432690e-02;9.876538e-02;3.172182e-02;7.974188e-02;1.295262e-01;1.318392e-01;7.433359e-02;6.105709e-02;3.434136e-02;1.081000e-01;6.539346e-02
7.105415e-02;6.154548e-02;1.191196e-01;3.752029e-02;5.649736e-02;1.686697e-01;1.587051e-01;4.382603e-02;7.063463e-02;4.074963e-02;1.086316e-01;6.304632e-02
4.135337e-02;5.663784e-02;9.558957e-02;5.567332e-02;4.953470e-02;1.870021e-01;1.959282e-01;4.971379e-02;7.091547e-02;5.623155e-02;8.056707e-02;6.085293e-02
1.188957e-01;7.428429e-02;8.984914e-02;5.772489e-02;3.938017e-02;1.322980e-01;1.865663e-01;7.431189e-02;6.734641e-02;5.631531e-02;4.815095e-02;5.487698e-02
1.673421e-01;8.621779e-02;1.020360e-01;5.901475e-02;4.257425e-02;8.753334e-02;1.504840e-01;8.999940e-02;4.466169e-02;7.033475e-02;5.257338e-02;4.722851e-02
1.417254e-01;6.904881e-02;9.817434e-02;6.317457e-02;6.210791e-02;8.102181e-02;1.247462e-01;8.376919e-02;5.201646e-02;1.026283e-01;6.674891e-02;5.483823e-02
1.011622e-01;6.991934e-02;9.790143e-02;5.414264e-02;8.403562e-02;8.306153e-02;1.345492e-01;7.693808e-02;5.421316e-02;1.029849e-01;6.945346e-02;7.163848e-02
1.588201e-01;5.927321e-02;1.145486e-01;3.005305e-02;7.119188e-02;9.609340e-02;1.275121e-01;8.277183e-02;5.268015e-02;6.668144e-02;7.322005e-02;6.715422e-02
2.297442e-01;7.922448e-02;1.692116e-01;3.522623e-02;3.715047e-02;9.773065e-02;5.831012e-02;7.473723e-02;4.033784e-02;4.448327e-02;5.933604e-02;7.450785e-02
2.031423e-01;8.675195e-02;1.709651e-01;3.831210e-02;2.704541e-02;7.241216e-02;1.069685e-01;6.777904e-02;3.982973e-02;4.613430e-02;4.688738e-02;9.377193e-02
