8.564252e-02;5.731497e-02;1.289389e-01;7.221977e-02;5.292803e-02;3.933623e-02;1.379060e-01;8.700597e-02;9.043273e-02;8.663464e-02;9.896135e-02;6.267902e-02
6.013491e-02;5.149677e-02;1.394089e-01;4.239864e-02;4.318384e-02;5.252555e-02;1.466452e-01;8.736479e-02;1.218712e-01;8.958722e-02;9.036116e-02;7.502188e-02
5.966911e-02;6.793734e-02;1.359726e-01;4.105373e-02;4.808737e-02;6.628444e-02;1.052753e-01;1.054216e-01;1.366774e-01;7.863989e-02;7.062324e-02;8.435804e-02
7.346023e-02;6.852500e-02;1.435377e-01;6.735373e-02;4.589891e-02;7.705916e-02;1.111477e-01;8.934253e-02;1.203192e-01;8.126059e-02;5.028539e-02;7.180974e-02
7.234363e-02;5.178541e-02;1.195362e-01;6.174728e-02;5.715449e-02;1.078831e-01;1.310610e-01;8.089494e-02;9.997319e-02;7.337014e-02;6.251312e-02;8.173755e-02
6.621236e-02;6.263125e-02;1.264372e-01;4.756308e-02;7.766778e-02;8.970816e-02;2.228573e-01;6.129719e-02;7.278544e-02;5.128874e-02;8.110482e-02;4.044667e-02
6.968157e-02;5.057810e-02;1.734136e-01;4.285445e-02;9.061775e-02;8.863616e-02;2.694049e-01;5.981825e-02;3.762054e-02;4.930656e-02;3.863994e-02;2.942811e-02
8.025207e-02;4.082697e-02;1.930342e-01;7.418392e-02;1.188870e-01;7.736520e-02;2.001747e-01;5.791343e-02;4.538380e-02;4.268404e-02;3.252383e-02;3.677079e-02
1.023121e-01;1.884305e-02;2.246281e-01;1.074976e-01;1.697874e-01;7.189152e-02;8.579195e-02;5.333725e-02;5.482367e-02;2.941268e-02;4.073082e-02;4.094395e-02
1.294525e-01;4.849331e-02;1.449476e-01;7.724953e-02;1.750975e-01;1.069327e-01;1.052238e-01;3.856184e-02;6.301973e-02;3.476055e-02;3.631464e-02;3.994646e-02
1.524146e-01;4.766380e-02;3.770849e-02;4.276035e-02;1.852567e-01;1.669302e-01;1.383226e-01;2.624403e-02;7.770620e-02;4.539829e-02;3.694072e-02;4.265389e-02
1.349908e-01;1.624588e-02;5.653764e-02;4.497615e-02;2.066769e-01;1.798548e-01;1.578088e-01;2.793815e-02;6.430000e-02;3.007904e-02;3.561834e-02;4.497343e-02
1.068909e-01;3.625580e-02;1.231388e-01;2.941295e-02;2.010433e-01;1.472613e-01;1.918100e-01;3.213424e-02;4.731699e-02;2.278988e-02;2.557430e-02;3.637162e-02
7.179939e-02;2.987731e-02;2.352388e-01;8.170395e-02;1.956172e-01;1.054942e-01;1.385271e-01;3.305295e-02;4.281936e-02;2.565635e-02;1.296869e-02;2.724476e-02
5.169518e-02;1.737614e-02;3.534428e-01;1.045791e-01;1.830785e-01;7.816526e-02;7.679479e-02;2.611498e-02;4.039100e-02;2.688634e-02;2.133210e-02;2.014392e-02
6.455326e-02;3.517416e-02;2.906321e-01;5.600000e-02;1.051316e-01;8.349832e-02;1.329054e-01;3.688623e-02;5.200411e-02;4.018977e-02;5.691164e-02;4.611341e-02
7.108972e-02;4.983830e-02;1.256406e-01;6.989354e-02;9.698515e-02;7.711399e-02;1.358672e-01;6.681008e-02;8.415934e-02;5.929056e-02;8.928686e-02;7.402467e-02
7.081988e-02;5.163887e-02;1.182317e-01;6.428023e-02;8.835493e-02;7.738116e-02;1.606070e-01;7.224783e-02;8.522835e-02;4.949381e-02;8.381412e-02;7.790203e-02
1.006112e-01;7.495983e-02;2.050358e-01;6.065000e-02;8.212902e-02;9.958211e-02;1.116466e-01;6.391855e-02;5.454490e-02;4.433587e-02;5.739378e-02;4.519235e-02
1.096776e-01;9.857108e-02;2.050543e-01;5.404862e-02;9.301701e-02;8.589006e-02;9.301423e-02;6.046825e-02;5.025029e-02;5.900356e-02;6.645837e-02;2.454663e-02
1.045722e-01;7.838041e-02;1.734096e-01;5.156260e-02;1.132100e-01;6.542756e-02;8.711804e-02;6.165249e-02;5.645616e-02;9.669224e-02;7.663591e-02;3.488282e-02
7.156534e-02;7.211757e-02;1.380507e-01;5.239200e-02;1.074142e-01;7.309494e-02;9.657248e-02;7.402845e-02;8.743102e-02;1.302122e-01;5.771945e-02;3.940157e-02
7.851265e-02;8.317978e-02;1.087468e-01;3.880193e-02;8.817569e-02;7.530785e-02;8.752247e-02;9.847864e-02;1.119812e-01;1.348243e-01;5.409592e-02;4.037283e-02
1.030163e-01;8.438842e-02;7.181933e-02;3.505538e-02;7.635079e-02;7.247858e-02;7.782356e-02;1.057730e-01;1.372621e-01;1.451372e-01;4.468490e-02;4.621045e-02
8.067812e-02;6.774811e-02;8.228803e-02;7.871291e-02;9.305670e-02;8.967727e-02;1.153331e-01;1.036887e-01;1.060333e-01;8.956196e-02;4.174539e-02;5.147642e-02
6.254770e-02;6.903622e-02;1.014361e-01;7.709110e-02;8.635984e-02;9.324984e-02;1.236833e-01;1.059171e-01;9.352274e-02;8.508366e-02;5.062324e-02;5.144919e-02
5.934983e-02;7.092403e-02;1.085731e-01;6.950451e-02;8.703610e-02;9.347242e-02;1.229038e-01;1.029102e-01;9.281108e-02;8.542835e-02;5.315188e-02;5.393470e-02
6.600460e-02;7.611626e-02;1.224454e-01;5.583199e-02;9.016667e-02;9.463084e-02;1.247721e-01;9.429992e-02;8.588554e-02;8.184616e-02;5.265533e-02;5.534519e-02
8.256369e-02;9.360022e-02;1.753764e-01;6.907247e-02;9.846286e-02;1.011174e-01;1.004055e-01;8.233827e-02;6.127985e-02;7.061846e-02;2.192906e-02;4.323572e-02
5.201438e-02;2.949369e-02;2.646336e-01;4.214387e-02;1.400957e-01;1.064368e-01;1.750933e-01;5.190213e-02;4.055232e-02;4.883379e-02;2.688874e-02;2.191159e-02
2.427087e-02;1.924865e-02;2.327549e-01;3.472359e-02;1.798408e-01;1.052433e-01;3.008550e-01;2.437280e-02;1.647412e-02;3.150783e-02;2.119768e-02;9.510359e-03
1.523127e-02;1.475565e-02;2.177561e-01;4.415549e-02;2.025025e-01;1.192976e-01;3.134281e-01;1.749909e-02;1.148174e-02;1.880371e-02;1.317422e-02;1.191461e-02
1.425661e-02;1.368336e-02;3.185806e-01;7.365803e-02;1.953212e-01;1.015148e-01;2.220154e-01;1.512668e-02;9.832202e-03;1.532607e-02;9.914462e-03;1.077055e-02
1.748988e-02;2.239242e-02;4.885565e-01;9.366978e-02;1.411863e-01;6.167864e-02;1.186852e-01;1.424346e-02;1.079263e-02;1.271276e-02;6.699975e-03;1.189234e-02
1.538077e-02;1.910778e-02;7.016836e-01;7.722772e-02;6.194853e-02;2.868119e-02;3.087983e-02;1.179641e-02;6.840963e-03;1.951989e-02;1.289317e-02;1.404011e-02
1.185757e-02;2.579935e-02;6.694230e-01;5.168907e-02;3.833045e-02;1.564603e-02;1.184790e-01;1.008495e-02;1.808218e-02;2.263034e-02;6.238747e-03;1.173942e-02
5.390661e-02;5.811962e-02;3.820817e-01;6.416360e-02;9.278925e-02;4.933805e-02;1.718671e-01;2.026885e-02;2.886050e-02;3.564007e-02;2.558048e-02;1.738424e-02
9.121632e-02;9.436015e-02;1.833534e-01;5.857726e-02;1.487568e-01;7.689498e-02;1.802222e-01;3.314221e-02;2.760178e-02;4.587776e-02;4.046641e-02;1.953060e-02
6.913584e-02;1.043907e-01;1.502434e-01;3.299456e-02;1.607406e-01;1.193428e-01;2.015549e-01;3.781175e-02;2.154040e-02;4.461525e-02;4.680872e-02;1.082108e-02
3.379960e-02;8.584737e-02;1.828396e-01;2.411393e-02;1.578936e-01;1.459182e-01;1.943824e-01;3.690382e-02;2.621725e-02;4.748441e-02;5.225385e-02;1.234594e-02
3.749912e-02;8.173924e-02;1.839021e-01;2.437858e-02;1.535400e-01;1.498823e-01;2.094770e-01;2.887327e-02;2.791138e-02;4.053666e-02;4.996342e-02;1.229695e-02
5.730634e-02;7.079650e-02;1.852227e-01;3.985294e-02;1.694039e-01;1.404686e-01;1.841157e-01;3.191235e-02;2.984936e-02;3.457867e-02;4.073895e-02;1.575389e-02
3.650492e-02;4.226680e-02;1.581176e-01;5.183524e-02;2.331085e-01;1.792989e-01;1.676466e-01;2.818409e-02;2.888859e-02;3.111159e-02;3.046975e-02;1.256746e-02
3.828185e-02;1.357036e-02;6.692339e-02;2.512466e-02;2.150085e-01;2.351967e-01;3.253628e-01;2.143356e-02;1.530743e-02;1.543564e-02;1.537395e-02;1.298111e-02
4.152228e-02;1.992453e-02;3.704394e-02;1.876646e-02;1.318749e-01;2.046888e-01;4.817015e-01;2.200896e-02;1.148795e-02;1.629798e-02;8.282479e-03;6.400244e-03
4.358984e-02;2.006130e-02;3.999325e-02;1.009075e-02;7.388440e-02;1.318373e-01;6.063438e-01;2.509991e-02;1.984879e-02;1.682417e-02;5.869932e-03;6.556607e-03
3.188308e-02;1.522467e-02;4.806627e-02;8.444989e-03;4.854404e-02;7.869246e-02;6.843002e-01;3.732629e-02;1.881386e-02;1.183952e-02;1.009684e-02;6.767791e-03
2.250021e-02;2.924285e-02;6.253828e-02;5.295260e-03;3.244096e-02;4.103026e-02;6.892027e-01;7.147015e-02;2.095422e-02;1.139977e-02;9.641249e-03;4.284089e-03
1.322517e-02;2.043165e-02;6.489402e-02;1.079312e-02;3.695152e-02;4.734640e-02;6.035362e-01;1.236097e-01;3.816897e-02;2.504791e-02;7.712733e-03;8.282576e-03
1.912249e-02;9.220561e-03;6.783316e-02;2.946365e-02;4.329564e-02;5.621228e-02;4.263351e-01;1.418782e-01;1.287676e-01;6.055256e-02;5.666850e-03;1.165185e-02
3.111385e-02;2.005167e-02;4.698912e-02;7.911813e-02;5.170897e-02;6.151645e-02;5.825949e-02;1.294118e-01;3.165570e-01;1.659997e-01;2.162367e-02;1.765010e-02
3.480615e-02;3.010719e-02;2.408358e-02;6.737265e-02;4.057807e-02;3.583222e-02;1.900798e-01;6.615981e-02;2.432110e-01;2.169872e-01;2.996986e-02;2.081257e-02
4.229011e-02;3.334796e-02;3.536373e-02;3.936968e-02;5.914908e-02;3.420990e-02;1.437386e-01;5.911067e-02;1.848481e-01;3.006842e-01;4.123940e-02;2.664861e-02
4.553972e-02;3.983151e-02;3.287939e-02;2.256901e-02;7.838935e-02;2.539869e-02;9.596141e-02;5.452586e-02;1.591431e-01;3.458632e-01;7.966370e-02;2.023510e-02
8.634013e-02;4.899224e-02;2.800005e-02;2.151685e-02;7.731379e-02;2.469492e-02;7.251798e-02;4.582575e-02;1.734224e-01;3.090920e-01;8.659209e-02;2.569176e-02
9.720568e-02;5.484487e-02;3.378155e-02;3.183468e-02;5.351570e-02;2.150459e-02;7.547781e-02;3.677850e-02;2.493742e-01;2.549205e-01;6.552837e-02;2.523362e-02
6.868792e-02;3.319982e-02;1.913151e-02;4.592812e-02;2.505241e-02;1.855091e-02;4.240802e-02;3.144256e-02;3.979443e-01;2.560008e-01;5.359830e-02;8.055285e-03
3.838036e-02;1.706447e-02;1.430339e-02;5.459341e-02;2.503972e-02;9.591978e-03;4.773074e-02;3.285834e-02;4.815505e-01;2.201355e-01;4.464245e-02;1.410916e-02
2.550863e-02;1.689221e-02;1.892003e-02;1.148281e-01;1.126857e-02;9.185700e-03;2.120524e-02;3.046186e-02;5.317346e-01;1.652226e-01;3.841241e-02;1.636012e-02
1.773701e-02;1.434330e-02;2.270366e-02;1.707473e-01;9.583112e-03;1.033906e-02;5.736712e-02;4.483309e-02;5.006629e-01;1.165872e-01;2.630753e-02;8.788775e-03
2.162600e-02;1.080622e-02;2.783242e-02;1.891948e-01;1.013857e-02;1.106048e-02;7.537434e-02;9.326751e-02;4.591536e-01;8.192343e-02;1.079657e-02;8.826056e-03
1.993315e-02;8.812146e-03;7.470068e-02;1.360889e-01;1.228604e-02;1.020969e-02;1.703322e-01;1.701063e-01;3.175434e-01;5.003718e-02;1.194065e-02;1.800970e-02
1.644983e-02;1.844057e-02;1.240457e-01;5.252186e-02;1.217415e-02;1.643492e-02;3.301665e-01;2.310138e-01;1.389134e-01;3.068514e-02;1.359772e-02;1.555646e-02
1.291536e-02;4.960807e-02;1.034702e-01;1.401110e-02;2.043043e-02;4.680805e-02;4.870525e-01;1.714007e-01;5.065206e-02;2.025358e-02;1.142449e-02;1.197349e-02
2.872736e-02;6.348698e-02;5.703869e-02;1.783774e-02;3.974761e-02;9.472476e-02;5.321180e-01;7.784671e-02;3.503313e-02;2.657517e-02;1.549626e-02;1.136761e-02
5.664239e-02;4.998246e-02;4.509443e-02;2.567748e-02;8.776478e-02;1.528527e-01;4.441486e-01;2.747937e-02;4.704304e-02;2.516154e-02;1.316917e-02;2.498405e-02
5.040038e-02;3.113728e-02;6.924760e-02;4.091094e-02;1.791216e-01;1.650730e-01;2.906234e-01;2.190982e-02;7.227336e-02;2.198039e-02;1.823853e-02;3.908366e-02
2.746801e-02;1.446042e-02;1.356979e-01;6.959203e-02;3.012428e-01;1.353111e-01;1.066448e-01;3.034189e-02;8.691429e-02;2.466901e-02;1.888205e-02;4.877566e-02
2.460791e-02;1.230804e-02;2.010090e-01;9.428480e-02;2.927110e-01;1.026702e-01;1.067207e-01;3.588121e-02;5.509273e-02;1.030977e-02;2.002481e-02;4.437982e-02
2.054102e-02;2.124092e-02;2.778865e-01;1.132626e-01;2.098855e-01;7.426636e-02;1.502540e-01;3.335251e-02;3.250943e-02;1.218973e-02;2.978810e-02;2.482341e-02
1.111195e-02;2.236140e-02;4.267366e-01;1.355205e-01;1.333013e-01;4.419370e-02;9.394114e-02;4.052501e-02;2.079048e-02;1.467074e-02;4.600548e-02;1.084178e-02
4.646662e-03;2.410399e-02;5.065315e-01;1.284240e-01;1.080859e-01;4.522428e-02;6.561389e-02;3.319883e-02;1.919893e-02;1.249779e-02;4.180771e-02;1.066650e-02
6.961009e-03;1.092373e-02;4.875492e-01;1.231729e-01;1.509307e-01;5.832872e-02;7.326921e-02;2.640040e-02;1.710120e-02;1.234617e-02;2.345492e-02;9.561804e-03
9.766713e-03;6.562720e-03;4.786067e-01;1.297731e-01;1.675100e-01;5.725545e-02;4.810813e-02;3.045076e-02;2.318375e-02;1.358566e-02;1.750756e-02;1.768946e-02
1.020300e-02;1.153346e-02;5.128114e-01;1.354787e-01;1.512768e-01;4.251103e-02;5.063941e-02;1.972585e-02;1.458314e-02;1.784858e-02;1.753269e-02;1.585600e-02
1.525589e-02;1.952234e-02;5.456588e-01;1.379365e-01;1.397273e-01;3.264581e-02;2.435991e-02;1.818136e-02;1.819455e-02;1.501289e-02;2.366070e-02;9.844036e-03
2.550669e-02;2.964086e-02;4.358105e-01;1.237815e-01;1.438967e-01;5.029859e-02;6.546650e-02;2.977514e-02;2.276709e-02;1.801266e-02;3.826453e-02;1.677925e-02
3.152204e-02;3.093041e-02;3.953531e-01;1.234786e-01;1.450770e-01;5.089860e-02;7.433738e-02;3.238706e-02;2.959746e-02;1.822678e-02;4.519391e-02;2.299757e-02
2.156531e-02;1.830017e-02;5.218003e-01;1.406834e-01;1.227617e-01;3.366750e-02;2.289058e-02;1.743427e-02;2.309801e-02;1.567978e-02;4.951033e-02;1.260871e-02
1.041665e-02;1.248351e-02;6.638978e-01;1.329061e-01;6.942583e-02;1.852376e-02;1.580605e-02;7.693646e-03;1.187955e-02;2.008854e-02;3.333865e-02;3.539892e-03
1.148486e-02;1.890892e-02;7.106913e-01;1.049010e-01;4.184743e-02;1.093678e-02;3.399632e-02;9.554477e-03;1.097287e-02;2.590013e-02;1.570180e-02;5.104079e-03
1.292810e-02;1.016214e-02;7.221559e-01;8.921999e-02;3.809205e-02;9.115092e-03;3.794802e-02;1.377364e-02;1.110264e-02;2.476297e-02;1.911598e-02;1.162356e-02
1.426278e-02;1.205015e-02;7.260067e-01;7.382848e-02;5.257604e-02;1.421108e-02;3.080588e-02;1.612551e-02;1.658107e-02;1.851922e-02;1.213542e-02;1.289757e-02
9.527121e-03;1.176838e-02;7.279878e-01;6.361887e-02;5.407886e-02;1.615231e-02;4.473840e-02;1.190061e-02;1.904058e-02;1.890025e-02;1.384252e-02;8.444215e-03
1.117465e-02;1.539327e-02;7.793363e-01;5.972093e-02;4.020913e-02;9.785922e-03;2.332051e-02;6.847754e-03;1.695334e-02;1.934330e-02;1.143900e-02;6.475913e-03
1.459862e-02;1.916851e-02;7.852610e-01;6.395859e-02;3.296311e-02;6.983118e-03;2.762000e-02;3.742847e-03;1.428707e-02;1.803370e-02;8.349236e-03;5.034175e-03
8.483617e-03;1.886667e-02;7.710875e-01;6.872053e-02;3.308664e-02;8.663232e-03;3.253252e-02;5.416569e-03;2.012759e-02;2.079776e-02;7.639281e-03;4.578112e-03
1.360610e-02;3.381117e-02;7.279351e-01;6.738268e-02;3.845694e-02;1.506900e-02;3.153531e-02;8.107954e-03;2.704407e-02;2.111519e-02;7.897398e-03;8.039045e-03
2.803776e-02;5.252733e-02;6.536283e-01;5.811716e-02;3.960114e-02;2.061845e-02;4.754595e-02;1.593000e-02;4.146734e-02;2.160472e-02;1.041149e-02;1.051026e-02
1.836017e-02;6.366159e-02;5.631309e-01;5.850057e-02;3.787966e-02;2.504781e-02;6.015719e-02;1.818116e-02;6.184957e-02;3.351001e-02;3.677999e-02;2.294134e-02
6.542426e-02;6.645330e-02;3.157817e-01;7.292381e-02;4.679060e-02;3.681659e-02;1.043110e-01;3.714980e-02;6.304166e-02;6.602517e-02;8.155634e-02;4.372570e-02
6.366791e-02;6.656668e-02;2.162659e-01;6.876637e-02;5.862292e-02;5.744702e-02;1.181159e-01;6.479950e-02;6.724407e-02;6.243402e-02;9.176380e-02;6.430589e-02
4.211735e-02;7.456222e-02;2.228475e-01;4.559864e-02;6.481851e-02;5.895821e-02;1.163734e-01;5.184506e-02;8.133232e-02;6.040378e-02;9.495362e-02;8.618947e-02
5.605779e-02;6.568994e-02;2.527322e-01;5.256513e-02;5.421421e-02;3.628657e-02;1.221278e-01;3.254884e-02;6.310485e-02;5.958046e-02;1.029846e-01;1.021076e-01
1.090550e-01;9.003267e-02;2.988880e-01;5.265653e-02;3.851685e-02;2.565327e-02;1.106324e-01;4.106589e-02;3.903176e-02;5.363471e-02;6.563785e-02;7.519498e-02
1.532652e-01;8.117098e-02;3.811975e-01;3.667469e-02;4.910894e-02;3.920885e-02;9.028037e-02;3.814093e-02;5.179620e-02;2.204614e-02;2.587795e-02;3.123232e-02
1.808960e-01;8.412252e-02;3.914552e-01;2.963163e-02;4.230364e-02;3.296085e-02;5.987576e-02;3.148412e-02;5.201382e-02;3.397746e-02;2.502549e-02;3.625350e-02
2.086065e-01;7.472322e-02;2.855613e-01;2.780098e-02;3.694909e-02;3.613326e-02;9.281600e-02;3.437212e-02;4.666097e-02;4.650678e-02;3.792404e-02;7.194573e-02
2.586783e-01;7.776238e-02;8.751392e-02;3.677905e-02;3.343000e-02;3.317058e-02;1.736537e-01;4.512499e-02;3.933216e-02;6.532911e-02;5.520564e-02;9.402014e-02
2.668541e-01;1.433866e-01;1.188148e-01;3.800930e-02;3.814244e-02;3.501315e-02;1.337349e-01;4.483692e-02;3.532891e-02;6.112914e-02;4.523094e-02;3.951876e-02
2.278329e-01;1.923253e-01;2.199185e-01;3.629778e-02;3.014357e-02;3.136751e-02;1.036547e-01;2.671436e-02;2.104799e-02;4.332862e-02;4.460438e-02;2.276440e-02
1.973136e-01;2.321107e-01;2.360515e-01;2.415450e-02;2.382063e-02;2.379320e-02;1.273230e-01;1.881532e-02;1.694207e-02;4.044653e-02;4.614126e-02;1.308779e-02
1.925460e-01;2.321020e-01;1.836266e-01;2.667998e-02;3.253126e-02;2.599954e-02;1.560053e-01;1.772322e-02;1.617658e-02;4.772480e-02;5.003453e-02;1.885018e-02
2.089185e-01;1.663380e-01;1.912937e-01;3.582695e-02;3.859142e-02;3.617870e-02;1.480166e-01;3.070481e-02;2.894861e-02;4.930028e-02;3.783165e-02;2.805084e-02
2.397002e-01;8.875802e-02;1.281791e-01;3.213305e-02;4.329813e-02;4.803309e-02;1.621434e-01;5.737460e-02;4.953728e-02;6.004210e-02;3.831613e-02;5.248497e-02
2.059654e-01;3.368942e-02;8.454791e-02;3.402192e-02;3.746503e-02;5.041240e-02;1.960715e-01;5.533505e-02;5.128844e-02;7.851569e-02;9.515277e-02;7.753447e-02
1.241594e-01;5.335140e-02;1.041158e-01;3.477920e-02;4.420510e-02;7.072967e-02;1.773643e-01;2.756445e-02;3.401072e-02;1.198654e-01;1.441520e-01;6.570270e-02
9.933042e-02;3.087209e-02;1.001071e-01;4.272150e-02;3.201482e-02;7.186576e-02;1.649515e-01;2.284574e-02;3.973070e-02;1.449738e-01;1.661438e-01;8.444284e-02
8.152979e-02;6.656729e-02;9.269273e-02;4.187091e-02;4.023212e-02;7.394866e-02;1.173498e-01;2.272506e-02;5.299726e-02;1.529127e-01;1.668073e-01;9.036642e-02
4.384346e-02;7.587385e-02;1.700515e-01;2.483113e-02;5.806153e-02;6.915989e-02;8.039199e-02;2.923835e-02;3.112658e-02;1.528447e-01;1.645970e-01;9.997998e-02
8.686895e-02;6.926230e-02;1.586507e-01;3.449399e-02;6.249169e-02;4.840586e-02;7.168019e-02;3.487435e-02;5.022812e-02;1.593039e-01;1.572590e-01;6.648093e-02
8.359397e-02;5.773425e-02;7.916445e-02;4.197728e-02;6.453027e-02;3.430824e-02;9.601963e-02;3.816582e-02;7.681857e-02;1.909660e-01;1.723350e-01;6.438657e-02
5.937308e-02;5.574190e-02;7.804265e-02;6.077508e-02;6.505565e-02;4.193879e-02;1.111491e-01;5.178342e-02;7.308614e-02;1.795488e-01;1.710035e-01;5.250178e-02
3.035112e-02;4.907973e-02;1.299742e-01;6.262416e-02;6.566843e-02;5.440030e-02;1.095203e-01;4.418124e-02;5.744829e-02;1.863326e-01;1.704337e-01;3.998592e-02
5.128060e-02;5.214201e-02;1.027348e-01;5.744440e-02;5.790431e-02;7.549180e-02;1.156456e-01;3.530316e-02;6.030866e-02;1.964937e-01;1.518588e-01;4.339213e-02
8.679337e-02;5.354528e-02;1.558576e-01;5.739256e-02;3.921919e-02;5.417538e-02;9.470084e-02;4.422734e-02;4.435171e-02;1.976571e-01;1.130976e-01;5.898196e-02
1.032677e-01;6.621764e-02;1.300082e-01;4.324225e-02;3.812620e-02;4.356309e-02;8.175865e-02;5.141326e-02;5.644938e-02;2.084537e-01;1.164052e-01;6.109463e-02
1.017844e-01;3.987630e-02;7.171275e-02;3.374843e-02;4.533973e-02;3.820684e-02;1.095379e-01;6.094839e-02;8.458210e-02;2.112540e-01;1.549566e-01;4.805250e-02
8.280229e-02;4.995763e-02;6.757282e-02;4.318440e-02;6.209078e-02;4.445568e-02;1.143436e-01;6.303524e-02;1.000606e-01;2.091483e-01;1.146920e-01;4.865666e-02
8.749243e-02;7.337643e-02;7.627820e-02;5.485703e-02;6.571343e-02;6.057352e-02;1.213069e-01;7.637037e-02;1.224466e-01;1.238082e-01;8.246866e-02;5.530811e-02
9.176993e-02;7.950184e-02;1.229279e-01;5.487451e-02;7.149858e-02;7.054053e-02;9.118784e-02;9.385675e-02;1.194425e-01;7.561975e-02;6.590300e-02;6.287689e-02
9.225595e-02;6.166907e-02;9.684234e-02;7.806458e-02;8.032463e-02;7.114109e-02;1.198323e-01;9.980198e-02;7.603812e-02;7.453322e-02;9.561597e-02;5.388069e-02
7.249502e-02;4.140444e-02;1.172135e-01;8.519243e-02;8.932739e-02;7.621448e-02;1.275369e-01;7.811551e-02;5.676119e-02;9.198879e-02;1.084749e-01;5.527552e-02
9.908269e-02;6.604096e-02;1.112104e-01;7.517997e-02;5.871065e-02;8.218985e-02;1.335423e-01;3.208525e-02;9.039045e-02;8.478501e-02;1.055636e-01;6.121894e-02
1.033843e-01;7.809877e-02;1.140807e-01;6.348264e-02;5.117346e-02;7.576372e-02;1.254235e-01;4.767624e-02;9.072600e-02;9.308980e-02;9.688700e-02;6.021388e-02
1.053824e-01;8.149821e-02;1.120243e-01;6.212328e-02;5.447987e-02;8.077465e-02;1.436937e-01;4.809720e-02;8.463898e-02;9.290492e-02;8.917005e-02;4.521245e-02
6.437962e-02;8.316016e-02;1.725256e-01;5.052306e-02;7.006092e-02;8.869489e-02;2.105331e-01;4.154499e-02;8.606720e-02;6.617690e-02;3.887612e-02;2.745745e-02
8.978006e-02;1.020592e-01;3.370818e-01;8.089108e-02;7.212134e-02;4.335602e-02;1.093693e-01;2.915714e-02;5.728568e-02;3.364630e-02;2.727441e-02;1.797770e-02
1.071978e-01;1.451931e-01;4.205683e-01;7.962295e-02;5.806342e-02;2.877341e-02;4.757937e-02;1.547976e-02;5.346590e-02;1.701407e-02;1.273478e-02;1.430709e-02
1.105350e-01;2.086616e-01;4.459015e-01;6.869810e-02;3.793119e-02;1.489813e-02;1.626784e-02;8.184222e-03;5.662293e-02;1.701231e-02;7.295409e-03;7.991826e-03
1.361031e-01;3.045641e-01;3.598004e-01;4.101261e-02;1.812094e-02;1.162710e-02;1.328631e-02;9.378465e-03;7.939351e-02;1.464547e-02;4.747836e-03;7.320228e-03
2.518472e-01;3.664199e-01;1.808201e-01;2.091733e-02;7.699386e-03;1.441469e-02;1.461880e-02;1.016503e-02;9.486441e-02;1.410663e-02;8.176067e-03;1.595043e-02
3.022455e-01;2.702078e-01;1.888785e-01;2.604084e-02;1.838606e-02;1.623715e-02;2.606872e-02;2.872721e-02;5.953716e-02;1.712037e-02;1.761592e-02;2.893484e-02
2.563424e-01;1.830748e-01;2.389708e-01;4.183061e-02;2.809813e-02;2.778728e-02;3.023340e-02;5.232416e-02;2.899640e-02;3.313666e-02;3.183906e-02;4.736631e-02
1.446788e-01;9.354468e-02;2.706513e-01;3.372738e-02;4.186257e-02;5.414035e-02;1.115131e-01;6.674791e-02;4.840717e-02;4.483002e-02;3.326325e-02;5.663346e-02
2.651514e-01;5.575791e-02;1.915692e-01;1.890930e-02;5.080096e-02;4.797507e-02;1.257694e-01;7.888133e-02;4.206132e-02;3.704197e-02;2.836058e-02;5.772153e-02
3.678298e-01;1.127642e-01;1.512226e-01;2.248103e-02;4.360409e-02;3.090480e-02;6.365456e-02;8.490618e-02;1.767864e-02;3.024425e-02;2.308957e-02;5.162036e-02
3.009612e-01;1.976143e-01;2.076754e-01;2.842837e-02;3.252593e-02;2.244024e-02;5.747829e-02;7.218562e-02;2.304259e-02;1.921331e-02;2.009864e-02;1.833612e-02
3.429035e-01;2.289325e-01;1.657192e-01;2.116100e-02;2.130581e-02;1.635952e-02;5.037317e-02;7.606063e-02;1.458370e-02;1.290822e-02;1.519300e-02;3.449970e-02
4.643310e-01;2.016231e-01;9.754173e-02;1.179040e-02;1.431462e-02;8.968350e-03;2.174780e-02;9.153426e-02;1.388895e-02;1.454625e-02;8.189484e-03;5.152407e-02
4.986635e-01;1.095085e-01;6.396855e-02;1.729222e-02;1.596436e-02;1.343214e-02;6.161813e-02;1.008676e-01;6.980032e-03;2.213051e-02;1.416738e-02;7.540697e-02
4.595154e-01;4.162855e-02;4.999927e-02;2.890300e-02;1.409719e-02;1.666923e-02;1.178596e-01;9.216939e-02;1.563821e-02;3.140071e-02;2.243004e-02;1.096895e-01
3.731475e-01;9.743690e-02;5.554773e-02;2.524208e-02;1.358431e-02;2.277742e-02;1.387407e-01;6.706148e-02;2.501385e-02;3.629069e-02;4.122090e-02;1.039365e-01
2.665440e-01;1.364696e-01;1.002064e-01;2.513685e-02;2.527758e-02;3.596336e-02;1.351831e-01;5.938614e-02;2.763912e-02;5.188878e-02;7.062729e-02;6.567759e-02
2.022206e-01;1.199383e-01;8.601828e-02;2.505768e-02;4.803824e-02;5.432639e-02;1.289960e-01;5.864932e-02;5.617515e-02;9.262174e-02;9.426383e-02;3.369452e-02
1.738016e-01;6.036376e-02;1.568082e-01;2.823273e-02;4.675497e-02;3.970030e-02;1.246355e-01;4.624900e-02;6.431632e-02;1.086494e-01;8.816832e-02;6.231990e-02
9.413213e-02;1.254979e-01;2.300949e-01;3.732126e-02;2.882782e-02;5.618889e-02;1.117938e-01;2.341448e-02;6.912035e-02;8.264262e-02;7.388362e-02;6.708214e-02
1.002749e-01;1.166495e-01;1.615566e-01;3.250245e-02;6.828352e-02;6.493913e-02;8.664732e-02;5.441533e-02;1.152363e-01;8.211934e-02;5.867498e-02;5.870070e-02
9.401798e-02;1.042028e-01;9.808499e-02;4.094307e-02;8.749929e-02;6.191916e-02;9.158411e-02;7.505641e-02;1.387692e-01;9.214912e-02;5.201486e-02;6.375904e-02
2.095354e-01;9.848105e-02;9.852304e-02;4.502141e-02;6.214661e-02;3.782493e-02;8.347955e-02;5.729849e-02;1.142247e-01;9.231854e-02;4.162136e-02;5.952483e-02
2.192496e-01;7.666795e-02;7.539326e-02;7.027598e-02;5.137879e-02;4.318067e-02;1.403891e-01;5.274027e-02;8.558592e-02;7.497730e-02;3.414058e-02;7.602065e-02
1.734722e-01;7.268170e-02;6.783795e-02;8.316369e-02;5.968356e-02;6.554315e-02;1.360380e-01;4.728274e-02;1.098657e-01;6.510349e-02;3.328080e-02;8.604702e-02
1.607286e-01;8.866818e-02;9.937009e-02;7.342730e-02;8.356614e-02;8.573120e-02;8.469336e-02;5.195640e-02;7.925036e-02;8.906575e-02;3.341720e-02;7.012544e-02
1.156966e-01;8.701108e-02;9.829642e-02;6.167481e-02;9.327484e-02;1.043841e-01;1.034946e-01;5.055886e-02;6.559084e-02;1.061715e-01;7.121246e-02;4.263398e-02
8.626885e-02;6.519422e-02;1.255340e-01;4.656112e-02;7.492258e-02;1.042215e-01;1.178708e-01;3.968264e-02;7.825547e-02;1.088044e-01;1.049052e-01;4.777923e-02
7.828527e-02;4.898305e-02;1.495513e-01;3.658649e-02;4.743613e-02;1.117937e-01;1.200084e-01;3.681998e-02;6.551173e-02;1.233142e-01;1.177538e-01;6.395591e-02
5.778569e-02;5.159584e-02;1.612598e-01;5.940890e-02;6.883034e-02;1.122710e-01;1.287981e-01;4.053731e-02;7.657500e-02;8.978304e-02;9.089708e-02;6.225783e-02
6.514572e-02;5.324786e-02;1.764569e-01;7.335125e-02;8.158261e-02;9.751728e-02;1.488116e-01;5.534550e-02;8.272337e-02;5.174882e-02;6.244004e-02;5.162899e-02
4.079990e-02;5.855348e-02;2.025264e-01;8.130607e-02;6.888036e-02;7.896968e-02;1.841848e-01;7.282914e-02;6.338324e-02;5.741658e-02;5.319639e-02;3.795390e-02
2.236027e-02;5.305632e-02;2.590498e-01;7.592303e-02;5.210497e-02;6.436933e-02;1.638014e-01;7.237019e-02;8.726602e-02;8.792233e-02;3.342368e-02;2.835262e-02
2.329855e-02;4.404883e-02;3.597653e-01;6.132266e-02;3.304205e-02;4.096782e-02;1.164039e-01;5.744087e-02;9.550046e-02;1.297309e-01;1.949129e-02;1.898739e-02
1.736194e-02;1.982429e-02;4.755322e-01;4.193702e-02;2.162190e-02;1.583523e-02;9.548032e-02;2.721115e-02;5.662799e-02;1.698453e-01;5.204259e-02;6.680012e-03
1.600141e-02;1.879171e-02;5.073683e-01;3.096704e-02;1.570386e-02;1.109017e-02;1.206992e-01;2.105718e-02;1.521333e-02;2.002251e-01;3.056839e-02;1.231433e-02
2.129314e-02;2.892867e-02;4.573803e-01;2.936039e-02;1.619274e-02;1.099650e-02;1.415074e-01;3.562196e-02;1.787440e-02;2.131718e-01;1.765919e-02;1.001350e-02
1.543477e-02;2.218731e-02;4.659957e-01;3.071747e-02;1.955489e-02;1.103020e-02;1.369005e-01;3.642478e-02;2.268134e-02;2.146820e-01;2.111365e-02;3.277529e-03
2.829789e-02;2.414680e-02;5.050407e-01;3.094810e-02;1.700933e-02;1.514689e-02;1.035682e-01;2.280274e-02;1.605725e-02;2.020398e-01;2.799894e-02;6.943294e-03
4.741491e-02;5.531029e-02;4.930565e-01;3.245873e-02;1.637230e-02;1.699627e-02;8.835702e-02;1.818496e-02;3.260550e-02;1.671931e-01;2.209352e-02;9.956898e-03
6.597193e-02;9.637941e-02;4.960643e-01;3.759080e-02;1.934082e-02;2.144821e-02;7.687785e-02;1.894528e-02;3.538486e-02;9.915635e-02;2.518461e-02;7.655610e-03
3.169159e-02;9.331727e-02;6.109087e-01;4.348867e-02;2.410779e-02;2.394766e-02;5.561155e-02;1.948692e-02;1.767250e-02;5.303641e-02;1.721486e-02;9.516032e-03
1.485420e-02;8.467089e-02;6.634877e-01;3.976135e-02;2.244300e-02;1.545648e-02;4.647251e-02;1.233606e-02;1.807201e-02;6.132715e-02;1.149628e-02;9.622280e-03
1.753260e-02;1.124530e-01;6.396677e-01;3.381665e-02;1.725958e-02;1.339408e-02;4.008953e-02;8.327004e-03;3.416707e-02;6.148299e-02;1.103088e-02;1.077885e-02
3.493792e-02;1.479711e-01;6.093197e-01;2.555747e-02;1.567063e-02;1.342033e-02;3.110865e-02;1.008019e-02;5.404302e-02;4.089014e-02;7.387003e-03;9.613820e-03
4.134993e-02;1.685498e-01;5.842304e-01;2.001352e-02;1.239301e-02;1.417149e-02;3.197427e-02;8.650498e-03;6.996997e-02;2.570901e-02;8.663441e-03;1.432468e-02
5.341103e-02;1.949429e-01;5.313426e-01;2.420188e-02;1.604012e-02;1.610933e-02;2.700091e-02;6.672316e-03;8.126223e-02;2.817205e-02;8.011512e-03;1.283317e-02
1.367309e-01;2.220969e-01;3.962325e-01;2.755781e-02;1.669553e-02;1.456623e-02;3.062997e-02;2.797251e-02;8.177441e-02;2.087976e-02;1.161939e-02;1.324412e-02
3.011922e-01;2.355964e-01;2.012276e-01;2.505811e-02;1.938066e-02;1.146383e-02;1.948391e-02;6.300315e-02;6.095970e-02;2.433472e-02;1.352854e-02;2.477122e-02
3.916157e-01;1.748606e-01;1.812352e-01;1.984632e-02;1.104608e-02;1.218158e-02;1.891948e-02;8.324458e-02;2.588608e-02;2.483503e-02;2.107888e-02;3.525046e-02
4.249848e-01;1.289619e-01;1.758063e-01;1.737337e-02;9.699083e-03;1.006929e-02;3.358097e-02;9.805845e-02;1.276940e-02;2.026476e-02;2.197664e-02;4.645504e-02
4.436055e-01;1.042102e-01;1.204586e-01;1.654007e-02;1.093981e-02;1.048378e-02;5.710615e-02;1.120519e-01;1.408006e-02;2.212510e-02;2.396024e-02;6.443872e-02
4.378056e-01;9.291203e-02;6.291918e-02;1.627776e-02;1.223382e-02;1.808311e-02;8.855720e-02;1.213943e-01;1.172774e-02;2.178593e-02;2.527639e-02;9.102698e-02
3.341862e-01;7.360938e-02;7.823974e-02;2.083645e-02;1.790188e-02;2.675271e-02;1.253487e-01;1.234975e-01;1.435547e-02;3.104267e-02;4.230685e-02;1.119225e-01
2.065145e-01;4.174308e-02;1.942818e-01;2.852109e-02;2.588447e-02;3.004871e-02;1.155405e-01;1.087857e-01;2.720498e-02;3.768402e-02;6.774681e-02;1.160443e-01
1.127659e-01;4.755394e-02;1.707834e-01;3.464097e-02;2.731639e-02;5.217920e-02;1.381539e-01;8.135436e-02;3.594901e-02;6.266499e-02;1.268728e-01;1.097651e-01
4.162784e-02;4.334058e-02;1.190951e-01;4.963142e-02;2.842635e-02;7.725651e-02;1.182004e-01;6.208755e-02;4.362905e-02;1.335804e-01;1.964879e-01;8.663693e-02
6.436787e-02;4.972707e-02;1.345884e-01;4.115345e-02;5.218192e-02;5.279907e-02;8.171673e-02;4.607495e-02;5.034854e-02;1.916368e-01;1.907079e-01;4.469723e-02
7.567261e-02;6.732074e-02;1.266784e-01;2.705149e-02;6.931789e-02;3.964119e-02;7.831233e-02;5.136817e-02;5.885809e-02;2.015820e-01;1.706135e-01;3.358356e-02
6.124387e-02;7.157792e-02;8.455066e-02;1.727502e-02;6.451426e-02;6.459288e-02;1.042034e-01;5.970971e-02;5.438285e-02;2.003737e-01;1.626707e-01;5.490495e-02
8.425345e-02;6.367955e-02;1.328822e-01;4.541074e-02;5.041661e-02;6.314520e-02;1.060549e-01;6.950796e-02;8.836143e-02;1.242783e-01;9.486731e-02;7.714231e-02
1.007682e-01;6.457441e-02;1.248301e-01;5.760231e-02;7.108668e-02;5.754973e-02;1.341788e-01;6.084628e-02;9.996393e-02;7.122637e-02;8.941945e-02;6.795363e-02
9.340411e-02;6.312424e-02;1.395599e-01;6.546298e-02;7.750726e-02;6.809688e-02;1.238499e-01;7.743482e-02;1.067176e-01;3.788365e-02;8.331808e-02;6.364061e-02
8.640751e-02;8.927202e-02;2.697119e-01;5.762398e-02;8.465332e-02;7.154796e-02;6.167473e-02;5.596832e-02;7.913435e-02;4.852779e-02;5.069072e-02;4.478744e-02
1.462008e-01;1.078015e-01;3.487947e-01;5.908072e-02;6.360285e-02;3.784065e-02;9.250090e-02;2.181597e-02;2.013720e-02;2.867534e-02;3.546124e-02;3.808811e-02
2.389756e-01;9.646652e-02;2.892377e-01;4.354269e-02;5.226381e-02;2.577465e-02;8.662876e-02;2.885282e-02;1.484594e-02;2.471296e-02;3.455382e-02;6.414469e-02
3.662990e-01;6.705155e-02;1.685240e-01;2.742741e-02;4.016616e-02;2.578515e-02;8.917218e-02;4.632508e-02;1.855704e-02;2.888436e-02;3.046332e-02;9.134480e-02
3.986603e-01;6.520776e-02;9.574643e-02;1.751908e-02;2.208891e-02;2.599479e-02;9.946711e-02;6.498341e-02;1.441638e-02;4.439415e-02;3.668990e-02;1.148318e-01
3.300625e-01;4.414158e-02;7.719166e-02;2.331530e-02;2.044781e-02;2.646479e-02;1.414459e-01;6.682316e-02;1.437163e-02;6.176944e-02;6.502227e-02;1.289438e-01
1.617850e-01;6.714210e-02;9.219421e-02;2.966630e-02;3.991899e-02;4.970815e-02;1.791438e-01;5.435920e-02;2.034637e-02;7.915910e-02;1.031582e-01;1.234186e-01
4.833868e-02;6.840177e-02;1.427430e-01;3.299473e-02;5.414196e-02;7.967702e-02;1.074890e-01;4.722979e-02;2.509781e-02;1.071462e-01;1.452124e-01;1.415277e-01
1.028775e-01;8.612289e-02;1.377639e-01;3.759858e-02;5.426805e-02;7.846628e-02;6.690253e-02;4.314348e-02;2.619136e-02;1.062641e-01;1.498377e-01;1.105636e-01
1.216511e-01;6.868161e-02;1.002975e-01;5.722219e-02;5.338570e-02;7.781801e-02;8.436631e-02;6.017777e-02;3.763409e-02;1.115493e-01;1.362166e-01;9.099986e-02
1.429262e-01;7.081743e-02;6.928474e-02;8.842719e-02;4.995840e-02;6.441515e-02;1.057493e-01;8.060172e-02;5.273807e-02;1.150377e-01;8.123081e-02;7.881321e-02
1.143029e-01;1.037929e-01;1.286300e-01;1.012444e-01;4.618428e-02;5.695651e-02;9.638745e-02;6.275724e-02;7.006662e-02;1.147122e-01;5.667975e-02;4.828572e-02
7.850941e-02;6.922471e-02;1.531631e-01;8.842734e-02;6.904703e-02;5.911094e-02;9.715427e-02;5.172566e-02;8.208584e-02;1.238134e-01;6.986426e-02;5.787406e-02
1.220477e-01;5.324497e-02;1.364693e-01;7.047441e-02;6.523960e-02;6.043003e-02;1.107795e-01;5.755990e-02;1.064185e-01;1.139653e-01;3.630584e-02;6.706490e-02
1.561587e-01;8.610435e-02;8.570236e-02;7.367312e-02;5.987044e-02;4.167145e-02;9.614421e-02;7.589152e-02;1.021955e-01;9.116580e-02;6.808206e-02;6.334052e-02
1.141426e-01;1.002397e-01;9.742416e-02;5.713136e-02;7.322850e-02;4.021789e-02;1.037225e-01;5.844487e-02;1.158081e-01;8.871420e-02;8.059426e-02;7.033187e-02
7.435195e-02;9.101177e-02;1.346874e-01;9.141340e-02;7.782850e-02;6.409754e-02;5.548867e-02;7.329792e-02;1.241894e-01;8.702629e-02;6.543414e-02;6.117300e-02
9.320261e-02;7.515554e-02;1.546699e-01;7.060406e-02;6.154236e-02;6.609809e-02;9.968795e-02;8.022039e-02;8.116477e-02;9.198706e-02;8.011185e-02;4.555544e-02
9.103104e-02;9.058079e-02;1.876287e-01;2.922495e-02;7.220443e-02;5.924867e-02;1.576350e-01;5.953756e-02;4.656135e-02;9.390864e-02;7.405541e-02;3.838347e-02
7.188597e-02;7.192297e-02;1.709342e-01;7.047883e-02;9.494791e-02;4.209436e-02;2.039581e-01;4.379468e-02;6.519070e-02;9.810907e-02;4.330002e-02;2.338314e-02
5.303651e-02;6.284732e-02;2.750103e-01;7.405843e-02;8.846663e-02;5.176789e-02;1.266836e-01;7.795380e-02;8.047122e-02;6.827898e-02;2.165828e-02;1.976712e-02
1.004802e-01;1.030706e-01;3.971589e-01;5.551515e-02;6.844898e-02;3.603303e-02;8.640701e-02;4.135972e-02;3.984016e-02;3.118447e-02;2.051424e-02;1.998760e-02
1.484948e-01;1.156818e-01;3.468533e-01;6.527130e-02;6.623139e-02;3.948556e-02;8.613405e-02;3.055474e-02;3.277632e-02;2.634699e-02;1.966011e-02;2.250965e-02
1.958685e-01;1.143669e-01;2.538691e-01;6.272427e-02;6.116991e-02;5.052657e-02;9.625977e-02;3.398629e-02;2.748054e-02;3.604962e-02;2.766213e-02;4.003632e-02
2.108626e-01;8.730344e-02;1.180418e-01;6.197894e-02;3.625651e-02;4.648597e-02;1.614911e-01;4.371104e-02;3.149106e-02;5.558099e-02;4.658221e-02;1.002143e-01
1.231164e-01;8.473941e-02;7.870744e-02;5.041084e-02;3.466683e-02;4.141381e-02;2.474144e-01;2.979335e-02;3.147886e-02;5.438478e-02;6.818958e-02;1.556843e-01
9.805463e-02;1.150106e-01;7.980087e-02;2.793840e-02;4.724863e-02;4.911672e-02;2.639207e-01;3.010431e-02;3.682489e-02;3.635757e-02;7.400454e-02;1.416182e-01
1.079407e-01;9.688802e-02;8.687761e-02;2.392244e-02;4.559824e-02;4.680623e-02;2.617510e-01;3.747936e-02;4.661262e-02;4.016434e-02;7.384522e-02;1.321143e-01
6.971802e-02;5.908161e-02;7.010674e-02;2.158201e-02;5.036132e-02;7.558755e-02;2.466227e-01;5.331166e-02;4.885897e-02;5.354283e-02;1.098894e-01;1.413372e-01
5.098695e-02;5.131634e-02;8.992523e-02;3.533220e-02;4.416280e-02;8.252267e-02;1.993581e-01;5.550046e-02;3.308665e-02;6.851368e-02;1.477609e-01;1.415340e-01
1.114873e-01;5.901807e-02;1.023276e-01;4.595391e-02;3.179908e-02;8.242439e-02;1.411208e-01;4.010060e-02;2.430815e-02;7.842475e-02;1.424156e-01;1.406198e-01
1.645024e-01;6.149805e-02;8.203999e-02;4.955971e-02;3.905978e-02;8.654655e-02;6.178943e-02;6.437345e-02;5.359111e-02;8.533186e-02;1.301929e-01;1.215148e-01
9.675352e-02;3.220363e-02;1.562173e-01;4.360545e-02;3.579637e-02;7.556406e-02;1.056674e-01;8.017535e-02;8.119547e-02;9.617199e-02;1.132366e-01;8.341290e-02
6.677774e-02;3.076689e-02;1.334879e-01;3.707338e-02;4.038502e-02;7.571639e-02;1.150941e-01;8.316280e-02;1.236939e-01;1.331766e-01;1.048393e-01;5.582599e-02
5.518470e-02;3.516022e-02;1.139477e-01;2.332452e-02;4.229933e-02;7.323972e-02;8.912177e-02;9.875774e-02;1.452418e-01;1.772547e-01;1.074077e-01;3.906012e-02
5.314711e-02;3.642688e-02;1.002967e-01;4.394619e-02;3.971923e-02;5.068291e-02;7.838381e-02;1.278506e-01;1.280082e-01;1.967367e-01;1.045019e-01;4.029972e-02
5.706083e-02;4.583380e-02;8.125835e-02;5.794362e-02;4.624519e-02;6.870145e-02;6.686424e-02;1.647405e-01;1.230791e-01;1.516775e-01;7.992087e-02;5.667449e-02
6.337028e-02;5.971603e-02;7.722107e-02;5.638847e-02;6.899740e-02;1.153285e-01;7.541826e-02;1.119489e-01;1.655608e-01;1.033097e-01;4.887048e-02;5.387010e-02
7.682196e-02;5.891587e-02;7.819498e-02;7.517620e-02;6.953887e-02;1.127848e-01;9.535073e-02;7.294248e-02;1.561364e-01;9.725535e-02;4.955204e-02;5.733023e-02
7.476417e-02;4.139860e-02;6.189521e-02;7.666069e-02;4.993757e-02;1.207739e-01;1.219509e-01;1.147948e-01;1.073667e-01;1.236909e-01;5.222739e-02;5.453924e-02
5.250088e-02;4.635756e-02;7.736559e-02;6.754873e-02;5.571813e-02;1.155466e-01;1.648764e-01;1.143598e-01;7.972086e-02;1.178739e-01;5.654759e-02;5.158389e-02
8.255759e-02;7.886672e-02;1.491755e-01;6.225015e-02;5.104696e-02;6.732786e-02;1.369073e-01;9.653044e-02;5.692419e-02;8.084189e-02;6.707105e-02;7.050037e-02
1.855205e-01;8.149623e-02;2.075258e-01;3.650697e-02;3.484695e-02;4.347939e-02;1.211491e-01;3.549072e-02;3.798490e-02;5.107401e-02;7.617096e-02;8.875449e-02
2.168197e-01;5.487652e-02;1.670080e-01;3.810678e-02;3.386929e-02;3.340447e-02;1.367631e-01;3.227532e-02;5.994809e-02;5.767469e-02;8.150624e-02;8.774786e-02
2.598712e-01;5.105716e-02;7.281975e-02;5.452621e-02;4.246067e-02;3.206325e-02;1.612602e-01;3.601820e-02;9.539500e-02;6.217886e-02;5.068136e-02;8.166815e-02
2.420850e-01;1.041988e-01;1.882792e-01;4.370608e-02;4.890317e-02;3.199512e-02;1.111557e-01;2.382409e-02;8.715562e-02;4.309828e-02;3.433583e-02;4.126325e-02
2.281985e-01;8.393078e-02;2.745930e-01;3.735019e-02;6.294452e-02;4.171402e-02;6.578035e-02;2.814914e-02;7.046280e-02;4.027054e-02;3.580466e-02;3.080155e-02
2.413364e-01;4.915602e-02;2.453188e-01;3.450045e-02;8.615008e-02;4.537481e-02;1.063605e-01;3.698883e-02;4.086063e-02;2.643129e-02;3.253336e-02;5.498886e-02
2.176550e-01;6.385284e-02;2.001268e-01;5.189943e-02;7.339917e-02;6.587193e-02;1.501901e-01;4.300591e-02;2.706018e-02;3.433362e-02;2.451405e-02;4.809098e-02
2.459497e-01;6.659159e-02;9.614013e-02;5.418830e-02;6.672158e-02;9.936911e-02;1.557860e-01;5.892738e-02;2.591582e-02;5.559159e-02;3.460047e-02;4.021834e-02
1.913361e-01;1.332292e-01;1.473891e-01;3.368800e-02;5.699306e-02;7.422424e-02;1.924922e-01;4.052099e-02;2.756106e-02;4.065972e-02;3.553371e-02;2.637265e-02
1.647551e-01;1.867273e-01;1.380119e-01;3.165675e-02;3.919682e-02;6.623588e-02;1.823075e-01;3.695302e-02;6.706477e-02;3.055846e-02;3.438822e-02;2.214432e-02
1.514366e-01;2.061577e-01;1.707783e-01;4.058436e-02;3.330120e-02;8.102895e-02;1.118719e-01;3.968205e-02;1.023331e-01;2.144023e-02;2.104189e-02;2.034377e-02
9.933761e-02;2.116192e-01;2.488141e-01;3.332920e-02;2.625342e-02;8.673867e-02;7.703220e-02;3.823958e-02;1.256252e-01;3.010417e-02;1.124629e-02;1.166041e-02
4.807892e-02;1.641139e-01;3.856292e-01;2.863529e-02;1.945417e-02;6.299951e-02;4.704076e-02;3.357306e-02;1.149339e-01;7.950686e-02;6.867127e-03;9.167371e-03
9.751499e-03;9.338254e-02;5.084952e-01;4.207571e-02;1.756859e-02;2.563838e-02;5.753380e-02;2.440063e-02;6.771130e-02;1.379761e-01;6.823310e-03;8.642984e-03
8.467723e-03;5.295050e-02;5.466987e-01;4.030735e-02;1.975194e-02;1.207212e-02;7.481094e-02;2.590011e-02;3.316572e-02;1.686259e-01;9.087658e-03;8.161347e-03
2.009275e-02;3.197034e-02;5.425091e-01;3.659308e-02;1.976881e-02;1.321272e-02;9.027093e-02;2.642332e-02;2.104153e-02;1.729438e-01;1.705646e-02;8.117221e-03
2.026797e-02;1.581649e-02;5.403031e-01;3.145064e-02;2.450053e-02;1.515197e-02;8.651741e-02;2.280689e-02;2.398377e-02;1.781180e-01;3.019502e-02;1.088822e-02
1.882357e-02;2.569465e-02;5.564954e-01;3.401749e-02;2.410705e-02;7.701600e-03;8.335568e-02;1.348614e-02;1.430601e-02;1.851879e-01;2.634653e-02;1.047800e-02
1.873313e-02;3.795509e-02;5.597709e-01;3.095245e-02;2.196664e-02;1.154481e-02;7.280345e-02;8.495261e-03;2.144826e-02;1.888603e-01;1.950727e-02;7.962414e-03
1.327293e-02;6.811468e-02;5.263080e-01;2.887474e-02;2.031991e-02;3.733576e-02;5.118476e-02;1.205303e-02;6.484165e-02;1.587375e-01;9.964983e-03;8.992136e-03
2.954646e-02;1.177982e-01;4.232654e-01;3.465784e-02;2.256137e-02;6.458706e-02;3.762188e-02;1.529303e-02;1.486043e-01;8.684462e-02;6.645917e-03;1.257400e-02
8.320434e-02;1.641311e-01;3.041482e-01;3.288288e-02;1.470099e-02;6.335836e-02;4.406970e-02;2.204243e-02;2.231278e-01;2.761572e-02;9.006199e-03;1.171229e-02
1.611297e-01;1.669100e-01;2.088820e-01;2.692110e-02;2.249129e-02;4.094517e-02;3.902870e-02;6.366256e-02;2.110286e-01;2.674354e-02;1.907837e-02;1.317904e-02
2.319370e-01;1.267049e-01;1.612387e-01;2.143977e-02;3.764955e-02;2.268218e-02;4.504887e-02;1.277243e-01;1.241494e-01;4.286831e-02;3.442532e-02;2.413176e-02
