3.826557e-02;1.380513e-01;1.535769e-01;6.136613e-02;4.148281e-02;1.304166e-01;1.663824e-01;1.235467e-01;5.296959e-02;5.256387e-02;1.295533e-02;2.842271e-02
3.884985e-02;1.142941e-01;1.227448e-01;7.001576e-02;4.513884e-02;1.728528e-01;2.240047e-01;6.810281e-02;5.050063e-02;4.310516e-02;1.878739e-02;3.160309e-02
3.678343e-02;1.022644e-01;7.336596e-02;6.302455e-02;3.567135e-02;1.743672e-01;2.928399e-01;7.549450e-02;4.573815e-02;3.860800e-02;1.225293e-02;4.958956e-02
3.360733e-02;1.058692e-01;4.651291e-02;5.532345e-02;1.674333e-02;1.498800e-01;3.729013e-01;7.103839e-02;3.164604e-02;2.532529e-02;1.603254e-02;7.512015e-02
5.243564e-02;1.024040e-01;3.628835e-02;5.090922e-02;1.260366e-02;1.209268e-01;3.779789e-01;5.710275e-02;3.249117e-02;3.991695e-02;1.669846e-02;1.002442e-01
6.211796e-02;1.108086e-01;5.608171e-02;4.962642e-02;2.044016e-02;8.296428e-02;2.857093e-01;1.037564e-01;3.986033e-02;5.088948e-02;3.346691e-02;1.042784e-01
7.248928e-02;1.398760e-01;9.521338e-02;4.586408e-02;4.198629e-02;6.169974e-02;1.817966e-01;1.221417e-01;7.637191e-02;4.896736e-02;3.784749e-02;7.574622e-02
5.657332e-02;1.048671e-01;8.996786e-02;6.286334e-02;5.293104e-02;6.043483e-02;1.516548e-01;1.012628e-01;1.033531e-01;6.120027e-02;7.683967e-02;7.805188e-02
6.534445e-02;5.835622e-02;4.662341e-02;6.175343e-02;3.911746e-02;1.387356e-01;2.019143e-01;1.034479e-01;7.706520e-02;5.246151e-02;9.581800e-02;5.936253e-02
1.246197e-01;5.376948e-02;3.161149e-02;4.764834e-02;3.113651e-02;1.470379e-01;2.502206e-01;8.121653e-02;4.966183e-02;3.258446e-02;9.669202e-02;5.380115e-02
1.106805e-01;6.273079e-02;4.613413e-02;6.813024e-02;4.300433e-02;9.486508e-02;2.417935e-01;9.712642e-02;7.120399e-02;3.376794e-02;7.473994e-02;5.582320e-02
5.709008e-02;5.501306e-02;6.704871e-02;7.421992e-02;6.701316e-02;1.252303e-01;1.960525e-01;9.501802e-02;1.078030e-01;5.612564e-02;4.450431e-02;5.488120e-02
3.977765e-02;7.702947e-02;7.491174e-02;6.959677e-02;5.200632e-02;1.444414e-01;1.717265e-01;9.774399e-02;1.113291e-01;6.338827e-02;3.792104e-02;6.012773e-02
2.780234e-02;9.555646e-02;8.843639e-02;6.007406e-02;3.450000e-02;1.339922e-01;1.786793e-01;9.131875e-02;1.062230e-01;9.580445e-02;3.134724e-02;5.626580e-02
3.952516e-02;9.215301e-02;8.640045e-02;4.896033e-02;2.233720e-02;1.120829e-01;1.643566e-01;9.362750e-02;1.284755e-01;1.340745e-01;3.409655e-02;4.391033e-02
3.452026e-02;1.110451e-01;1.574530e-01;3.408802e-02;1.784568e-02;1.130723e-01;1.066738e-01;1.035074e-01;1.105752e-01;1.435551e-01;3.253085e-02;3.513321e-02
3.044887e-02;2.152876e-01;3.035893e-01;2.808878e-02;1.581034e-02;9.682843e-02;6.081861e-02;6.847852e-02;5.515617e-02;9.821957e-02;1.395848e-02;1.331525e-02
1.947350e-02;2.216603e-01;3.762632e-01;1.749109e-02;1.717352e-02;4.358118e-02;7.016993e-02;5.295166e-02;4.183275e-02;1.268219e-01;6.498593e-03;6.082315e-03
1.185189e-02;1.807448e-01;3.892035e-01;2.934891e-02;2.066013e-02;3.705961e-02;8.810365e-02;3.027117e-02;3.488532e-02;1.670609e-01;5.805391e-03;5.004681e-03
1.386210e-02;1.975332e-01;4.109700e-01;2.574585e-02;1.692839e-02;3.533303e-02;8.161669e-02;1.948405e-02;2.974736e-02;1.619342e-01;2.631631e-03;4.213519e-03
1.590728e-02;2.486556e-01;4.196160e-01;1.747773e-02;1.702470e-02;4.557832e-02;6.056884e-02;3.617244e-02;2.126667e-02;1.106426e-01;1.606919e-03;5.482804e-03
2.656090e-02;2.755150e-01;3.627442e-01;3.425412e-02;2.146469e-02;6.917813e-02;4.439691e-02;5.770098e-02;4.177983e-02;5.432149e-02;3.619832e-03;8.463812e-03
4.127558e-02;2.634515e-01;3.170796e-01;3.568088e-02;2.128663e-02;8.015244e-02;5.282238e-02;8.073532e-02;4.685634e-02;3.392376e-02;8.369283e-03;1.836631e-02
3.474918e-02;2.017488e-01;3.302464e-01;2.744364e-02;1.365466e-02;6.653138e-02;1.111674e-01;7.728457e-02;3.969382e-02;4.517764e-02;1.199633e-02;4.030629e-02
2.088363e-02;1.763095e-01;3.153957e-01;2.286415e-02;2.181863e-02;7.631049e-02;1.313215e-01;4.838739e-02;8.158647e-02;4.470554e-02;1.428262e-02;4.613434e-02
3.276236e-02;2.290136e-01;2.771053e-01;2.490382e-02;2.363339e-02;7.023258e-02;7.762682e-02;7.982617e-02;1.211844e-01;3.325149e-02;6.653311e-03;2.380676e-02
2.643516e-02;2.540773e-01;3.270811e-01;1.639203e-02;1.895358e-02;6.111302e-02;4.171232e-02;8.317639e-02;1.071844e-01;4.658683e-02;4.896543e-03;1.239133e-02
2.074963e-02;2.558146e-01;4.233554e-01;1.332513e-02;3.124365e-02;2.335828e-02;2.993804e-02;4.785605e-02;5.848431e-02;8.305555e-02;4.355009e-03;8.464326e-03
1.644693e-02;2.317683e-01;4.793939e-01;1.869646e-02;4.160019e-02;9.642680e-03;3.879649e-02;2.479590e-02;2.038611e-02;1.092320e-01;3.620934e-03;5.620057e-03
1.411259e-02;2.112599e-01;4.867236e-01;2.665418e-02;4.188583e-02;2.260077e-02;4.507833e-02;2.101825e-02;1.210693e-02;1.081196e-01;1.584212e-03;8.855859e-03
1.356105e-02;1.876977e-01;5.247563e-01;3.476721e-02;3.076844e-02;1.390671e-02;4.606747e-02;1.524145e-02;1.055318e-02;1.102440e-01;2.719564e-03;9.716924e-03
1.411260e-02;1.487017e-01;5.225194e-01;4.548657e-02;1.750327e-02;2.611544e-02;4.875700e-02;1.878156e-02;1.406263e-02;1.246909e-01;8.491639e-03;1.077729e-02
2.713703e-02;1.444196e-01;4.748070e-01;5.618156e-02;1.463938e-02;1.551884e-02;6.063244e-02;2.248335e-02;1.544745e-02;1.470957e-01;9.376356e-03;1.226130e-02
4.128507e-02;1.510018e-01;4.159388e-01;6.232638e-02;1.406955e-02;3.017941e-02;7.424507e-02;2.224797e-02;1.645708e-02;1.411579e-01;1.185202e-02;1.923894e-02
3.952478e-02;1.648713e-01;3.563697e-01;5.314570e-02;3.502997e-02;6.979950e-02;7.256430e-02;2.944870e-02;2.101036e-02;1.116029e-01;2.487959e-02;2.175321e-02
2.583451e-02;1.281294e-01;3.131439e-01;5.592820e-02;5.928416e-02;1.116818e-01;6.179344e-02;4.377878e-02;2.882020e-02;1.036661e-01;5.518466e-02;1.275483e-02
2.903237e-02;1.195822e-01;2.211048e-01;1.201759e-01;5.625584e-02;8.163359e-02;7.174329e-02;5.926614e-02;4.442124e-02;8.291338e-02;1.075352e-01;6.336140e-03
2.291935e-02;1.624934e-01;4.179040e-01;9.072167e-02;2.338927e-02;1.991752e-02;6.498291e-02;3.487920e-02;2.783702e-02;4.334824e-02;8.325949e-02;8.347913e-03
1.545479e-02;1.796874e-01;4.554864e-01;7.140255e-02;1.853413e-02;3.948368e-02;6.392290e-02;1.892350e-02;1.933859e-02;5.788769e-02;5.384183e-02;6.036480e-03
1.199041e-02;1.602495e-01;4.523355e-01;7.143258e-02;1.366815e-02;4.925257e-02;8.621663e-02;1.806111e-02;2.559813e-02;5.769234e-02;4.996821e-02;3.534859e-03
1.326671e-02;1.585812e-01;3.494620e-01;8.106723e-02;1.628006e-02;5.744569e-02;1.262352e-01;3.706193e-02;4.331250e-02;5.556694e-02;5.732690e-02;4.393732e-03
1.189172e-02;1.300895e-01;2.699278e-01;8.409057e-02;4.234078e-02;8.602801e-02;1.184380e-01;7.167275e-02;6.507406e-02;8.088756e-02;3.199920e-02;7.560061e-03
1.179693e-02;9.878386e-02;2.672849e-01;7.797140e-02;4.846080e-02;7.536316e-02;9.762282e-02;6.321159e-02;6.570184e-02;1.657212e-01;1.889648e-02;9.184930e-03
1.330158e-02;9.739655e-02;3.022122e-01;5.788805e-02;2.822141e-02;3.989068e-02;7.609034e-02;3.168022e-02;4.763871e-02;2.751157e-01;1.685118e-02;1.371337e-02
8.597612e-03;1.416994e-01;3.566952e-01;3.240227e-02;1.461336e-02;2.262277e-02;6.457918e-02;1.682921e-02;2.507565e-02;2.911963e-01;1.047886e-02;1.521009e-02
8.876125e-03;1.834844e-01;3.619237e-01;2.414754e-02;1.413284e-02;4.393827e-02;3.819690e-02;1.917250e-02;3.523058e-02;2.448740e-01;1.616485e-02;9.858273e-03
9.200366e-03;1.892962e-01;3.758763e-01;3.553670e-02;1.698304e-02;9.466682e-02;4.431172e-02;1.768520e-02;3.659291e-02;1.575720e-01;1.633991e-02;5.938852e-03
9.046840e-03;2.181993e-01;4.166332e-01;4.284681e-02;1.925273e-02;9.874798e-02;3.401570e-02;1.637588e-02;3.774465e-02;8.214261e-02;1.749752e-02;7.496691e-03
1.626755e-02;2.442262e-01;3.869338e-01;2.761230e-02;1.895591e-02;6.936447e-02;6.828988e-02;2.411393e-02;2.748158e-02;8.043083e-02;2.724987e-02;9.073707e-03
1.081490e-02;2.315048e-01;4.004745e-01;2.588673e-02;2.268057e-02;4.980386e-02;1.049840e-01;2.649624e-02;1.932907e-02;7.495607e-02;2.679710e-02;6.272172e-03
1.062682e-02;2.131639e-01;4.318379e-01;1.543906e-02;1.863482e-02;3.340979e-02;1.294592e-01;1.587766e-02;1.532929e-02;8.994274e-02;2.104809e-02;5.230685e-03
1.252108e-02;1.996619e-01;4.302751e-01;2.253431e-02;1.726669e-02;2.929959e-02;1.326877e-01;1.900478e-02;1.350720e-02;1.051376e-01;1.260531e-02;5.498678e-03
1.315634e-02;1.894654e-01;4.338393e-01;2.332093e-02;1.361513e-02;2.657931e-02;1.312630e-01;2.358160e-02;2.118009e-02;1.157265e-01;4.198527e-03;4.073917e-03
1.114199e-02;1.817463e-01;4.448811e-01;1.613782e-02;1.221350e-02;2.172752e-02;1.370647e-01;1.981132e-02;1.708453e-02;1.280099e-01;6.964100e-03;3.217318e-03
1.002321e-02;1.680686e-01;4.344404e-01;3.166028e-02;1.314006e-02;2.736691e-02;1.242430e-01;1.980388e-02;2.592402e-02;1.333319e-01;8.239477e-03;3.758244e-03
1.268125e-02;1.575773e-01;4.039586e-01;3.056245e-02;2.333897e-02;4.069388e-02;1.183153e-01;4.435594e-02;3.361895e-02;1.188289e-01;7.320314e-03;8.748194e-03
1.486015e-02;1.539866e-01;2.991681e-01;1.924559e-02;3.313558e-02;8.831420e-02;1.170123e-01;6.913636e-02;6.350366e-02;1.023522e-01;1.078457e-02;2.850069e-02
1.889367e-02;1.681175e-01;2.421937e-01;2.653423e-02;3.192172e-02;7.832990e-02;6.443219e-02;6.373526e-02;1.154796e-01;1.217608e-01;1.751549e-02;5.108597e-02
3.215265e-02;2.011314e-01;2.489217e-01;2.416093e-02;1.734676e-02;5.716468e-02;1.533826e-02;3.418031e-02;1.238537e-01;1.384746e-01;1.466073e-02;9.261432e-02
3.147128e-02;2.374302e-01;2.453799e-01;1.697465e-02;9.090673e-03;6.120287e-02;1.761532e-02;2.785445e-02;1.182124e-01;1.015114e-01;9.665721e-03;1.235911e-01
2.420770e-02;2.857100e-01;2.304132e-01;8.391066e-03;1.379532e-02;7.753105e-02;1.263406e-02;2.195456e-02;1.499209e-01;5.600586e-02;1.366466e-02;1.057717e-01
2.971368e-02;2.957575e-01;2.368994e-01;1.761861e-02;1.746964e-02;7.249770e-02;1.291479e-02;2.241521e-02;1.681387e-01;4.024363e-02;1.664595e-02;6.968518e-02
3.653323e-02;2.404425e-01;2.316926e-01;3.056581e-02;2.629290e-02;8.312543e-02;1.525483e-02;5.346438e-02;1.496645e-01;5.708060e-02;3.431107e-02;4.157218e-02
6.399567e-02;2.056095e-01;2.028166e-01;2.027350e-02;3.678647e-02;7.553934e-02;3.506456e-02;1.050794e-01;1.034095e-01;8.338630e-02;4.299738e-02;2.504184e-02
7.031142e-02;2.206920e-01;2.399491e-01;2.367963e-02;3.458720e-02;4.317131e-02;4.468515e-02;1.018986e-01;9.958172e-02;7.862430e-02;2.644034e-02;1.637917e-02
5.923434e-02;2.536372e-01;2.707834e-01;2.202486e-02;2.667153e-02;5.354044e-02;2.875033e-02;6.985282e-02;1.051551e-01;7.083562e-02;2.313378e-02;1.638060e-02
4.956365e-02;3.022060e-01;3.111090e-01;3.637622e-02;1.122459e-02;5.241799e-02;1.172420e-02;4.292069e-02;7.033161e-02;8.487464e-02;1.337848e-02;1.387301e-02
4.507618e-02;3.351904e-01;3.316051e-01;2.768495e-02;7.388485e-03;2.311707e-02;1.860422e-02;3.553542e-02;6.973608e-02;8.759695e-02;1.080966e-02;7.655534e-03
4.801565e-02;3.309869e-01;3.365935e-01;1.869697e-02;7.736575e-03;2.158128e-02;1.677130e-02;3.446162e-02;6.676363e-02;9.740587e-02;9.313887e-03;1.167287e-02
5.751669e-02;3.276649e-01;3.379682e-01;2.554241e-02;9.179230e-03;1.952981e-02;1.876599e-02;2.616739e-02;4.456277e-02;9.916279e-02;7.552165e-03;2.638760e-02
5.430929e-02;3.219822e-01;2.978619e-01;2.561116e-02;1.175961e-02;2.730871e-02;1.838546e-02;6.039138e-02;5.444480e-02;8.037694e-02;1.409054e-02;3.347798e-02
4.161910e-02;2.534318e-01;2.521027e-01;2.039316e-02;1.283379e-02;3.460916e-02;6.644327e-02;8.610643e-02;7.923608e-02;9.859797e-02;1.724083e-02;3.738576e-02
3.466508e-02;2.677189e-01;2.258887e-01;1.902635e-02;1.249509e-02;8.350819e-02;9.449923e-02;6.163388e-02;7.476704e-02;8.137845e-02;1.472366e-02;2.969543e-02
3.722660e-02;2.756219e-01;2.528588e-01;1.574417e-02;1.232917e-02;1.060508e-01;6.880006e-02;3.197782e-02;8.223016e-02;6.560952e-02;2.823975e-02;2.331133e-02
3.783043e-02;2.197245e-01;2.413925e-01;1.856968e-02;1.123296e-02;1.186747e-01;7.368274e-02;4.349789e-02;8.458675e-02;9.291123e-02;3.486963e-02;2.302691e-02
4.112926e-02;2.372895e-01;2.277359e-01;1.421029e-02;1.188532e-02;1.214636e-01;9.100451e-02;4.251904e-02;7.228858e-02;9.989539e-02;2.021386e-02;2.036466e-02
3.590200e-02;2.418761e-01;2.314799e-01;1.986509e-02;9.568337e-03;1.114404e-01;1.355287e-01;3.321388e-02;6.325340e-02;7.919364e-02;1.582395e-02;2.285470e-02
2.927482e-02;2.589158e-01;2.764992e-01;2.561507e-02;1.025967e-02;6.224665e-02;1.438380e-01;2.509682e-02;6.804852e-02;5.130778e-02;2.101503e-02;2.788278e-02
3.207979e-02;2.797536e-01;2.841866e-01;1.950582e-02;4.488965e-03;3.694066e-02;1.108408e-01;4.473556e-02;7.607234e-02;5.884635e-02;1.975839e-02;3.279116e-02
4.006180e-02;2.746266e-01;2.893419e-01;1.639977e-02;6.237939e-03;2.958816e-02;1.085117e-01;4.377312e-02;7.172036e-02;7.143219e-02;1.658402e-02;3.172240e-02
2.580185e-02;2.280688e-01;3.013882e-01;2.304592e-02;1.441458e-02;6.948905e-02;1.164505e-01;5.135030e-02;6.919637e-02;5.055479e-02;2.420822e-02;2.603143e-02
3.091673e-02;2.175137e-01;2.897578e-01;2.512486e-02;2.622574e-02;9.267195e-02;7.700276e-02;6.168027e-02;8.522909e-02;4.508191e-02;2.201383e-02;2.678134e-02
1.666534e-02;2.344143e-01;3.570545e-01;2.460961e-02;2.756354e-02;6.074592e-02;3.757755e-02;5.485983e-02;9.168873e-02;5.293697e-02;1.746918e-02;2.441446e-02
3.891932e-02;3.042313e-01;3.959467e-01;1.561391e-02;1.307374e-02;2.174371e-02;3.063146e-02;3.185454e-02;6.596582e-02;5.089131e-02;9.517645e-03;2.161057e-02
4.472582e-02;3.084213e-01;3.790537e-01;1.839482e-02;1.073386e-02;3.992759e-02;3.847616e-02;3.523569e-02;4.656781e-02;5.122050e-02;1.054377e-02;1.669895e-02
3.883455e-02;2.736349e-01;3.713570e-01;2.501282e-02;2.176729e-02;6.264558e-02;5.427351e-02;2.920393e-02;4.714160e-02;5.371272e-02;1.563712e-02;6.778961e-03
2.937781e-02;2.396486e-01;3.485446e-01;2.624149e-02;2.872584e-02;7.190315e-02;7.514288e-02;6.682857e-02;4.707030e-02;4.092224e-02;1.515076e-02;1.044373e-02
5.032450e-02;2.277596e-01;3.056493e-01;2.655258e-02;2.451961e-02;7.777595e-02;5.352121e-02;1.330398e-01;4.917763e-02;2.559392e-02;8.896045e-03;1.718984e-02
8.230190e-02;2.151085e-01;2.566355e-01;1.857624e-02;1.876061e-02;4.669114e-02;6.286172e-02;1.909794e-01;4.971612e-02;3.356403e-02;7.729055e-03;1.707577e-02
9.532384e-02;1.497037e-01;1.814380e-01;1.652578e-02;2.201105e-02;4.118682e-02;1.085358e-01;2.374338e-01;5.903802e-02;5.372740e-02;1.143285e-02;2.364284e-02
8.730662e-02;6.843742e-02;1.342603e-01;2.296662e-02;2.634432e-02;5.045194e-02;1.307837e-01;2.633612e-01;6.653129e-02;7.720270e-02;1.291508e-02;5.943876e-02
5.224042e-02;8.848450e-02;9.903678e-02;3.460776e-02;2.325015e-02;8.952288e-02;2.001516e-01;1.755971e-01;5.494924e-02;8.873688e-02;1.526470e-02;7.815802e-02
3.104891e-02;1.085428e-01;1.058560e-01;3.947362e-02;1.960609e-02;1.265914e-01;2.258672e-01;1.166766e-01;5.206039e-02;8.081497e-02;2.222303e-02;7.123902e-02
3.059047e-02;1.156921e-01;1.538905e-01;2.894438e-02;1.926668e-02;1.342909e-01;2.108946e-01;9.948657e-02;7.226396e-02;5.541261e-02;2.556260e-02;5.370465e-02
4.219443e-02;2.105769e-01;2.044922e-01;1.868689e-02;9.784982e-03;6.094684e-02;2.122618e-01;6.055639e-02;5.863602e-02;4.022462e-02;1.743809e-02;6.420089e-02
3.793762e-02;2.193720e-01;1.762163e-01;4.015853e-02;1.084055e-02;4.915039e-02;2.429033e-01;5.660621e-02;3.816169e-02;4.836937e-02;1.275533e-02;6.752875e-02
2.305227e-02;1.563008e-01;1.411571e-01;4.328339e-02;2.269908e-02;9.485761e-02;2.865584e-01;6.019326e-02;3.320223e-02;5.607722e-02;1.679431e-02;6.582432e-02
2.029910e-02;1.298509e-01;1.069494e-01;4.567966e-02;2.506351e-02;1.101366e-01;3.588239e-01;4.716478e-02;2.723492e-02;4.247300e-02;1.599716e-02;7.032697e-02
1.723825e-02;9.223444e-02;7.887729e-02;5.123118e-02;2.405235e-02;1.226019e-01;4.174666e-01;4.675248e-02;3.425303e-02;2.942588e-02;1.881113e-02;6.705549e-02
1.646905e-02;6.815773e-02;8.245516e-02;4.029665e-02;3.179786e-02;1.459200e-01;3.972963e-01;7.180205e-02;3.730289e-02;3.386725e-02;2.250081e-02;5.213423e-02
1.917080e-02;5.359497e-02;1.024612e-01;3.374498e-02;3.872416e-02;2.079077e-01;2.854147e-01;7.306222e-02;5.681447e-02;5.225003e-02;3.698793e-02;3.986686e-02
2.426449e-02;6.377296e-02;1.393257e-01;2.651476e-02;5.336174e-02;3.154117e-01;1.031423e-01;6.097331e-02;9.065453e-02;4.717587e-02;4.305888e-02;3.234373e-02
2.843485e-02;1.207286e-01;1.643254e-01;2.334672e-02;3.249306e-02;2.461203e-01;1.351555e-01;6.560075e-02;9.118535e-02;3.812789e-02;2.303810e-02;3.144364e-02
2.559133e-02;1.487445e-01;1.908171e-01;2.098391e-02;2.453099e-02;1.384733e-01;2.225434e-01;7.475863e-02;6.791598e-02;3.357974e-02;2.109110e-02;3.096997e-02
2.676790e-02;1.464749e-01;2.099199e-01;2.516033e-02;2.972346e-02;9.469723e-02;2.511359e-01;6.439420e-02;4.940422e-02;2.437865e-02;4.170394e-02;3.623938e-02
3.381811e-02;1.545952e-01;1.806532e-01;1.384295e-02;2.897261e-02;1.057838e-01;2.589286e-01;6.897817e-02;5.106980e-02;3.120542e-02;3.939337e-02;3.275876e-02
3.909769e-02;1.393815e-01;1.685164e-01;1.619084e-02;2.031071e-02;1.083250e-01;2.281850e-01;7.979438e-02;8.272503e-02;5.505481e-02;2.951273e-02;3.290586e-02
3.013579e-02;1.295165e-01;1.742132e-01;2.274490e-02;2.709973e-02;8.769777e-02;1.363786e-01;1.160864e-01;1.208914e-01;5.032479e-02;5.244758e-02;5.246329e-02
3.886294e-02;1.416171e-01;1.663551e-01;2.890276e-02;2.845451e-02;8.120489e-02;9.158248e-02;1.155239e-01;1.164752e-01;7.159758e-02;6.248518e-02;5.693828e-02
4.286020e-02;9.238017e-02;1.621523e-01;5.240945e-02;2.757146e-02;8.182741e-02;1.166864e-01;1.266182e-01;1.008274e-01;8.534860e-02;4.390755e-02;6.741072e-02
5.601079e-02;1.278188e-01;1.816882e-01;4.475099e-02;2.343234e-02;8.408169e-02;5.983175e-02;1.254353e-01;1.086382e-01;8.172347e-02;3.291652e-02;7.367198e-02
5.504197e-02;1.639856e-01;1.939356e-01;3.313651e-02;2.578511e-02;8.012330e-02;8.183312e-02;1.092376e-01;1.018459e-01;5.234201e-02;3.430151e-02;6.843185e-02
3.372070e-02;1.800725e-01;2.110854e-01;2.732570e-02;2.394363e-02;7.211322e-02;1.485399e-01;1.052915e-01;7.820814e-02;3.852282e-02;2.713360e-02;5.404289e-02
3.750276e-02;1.785475e-01;2.282839e-01;2.579743e-02;1.755182e-02;3.348072e-02;1.975969e-01;9.684819e-02;5.673306e-02;4.598293e-02;3.215652e-02;4.951818e-02
3.795104e-02;1.604723e-01;2.086387e-01;3.375120e-02;2.263195e-02;4.425173e-02;2.102172e-01;1.016367e-01;4.424734e-02;5.038302e-02;2.684750e-02;5.897124e-02
4.123611e-02;1.290773e-01;1.537670e-01;4.708949e-02;3.615701e-02;6.873576e-02;2.419281e-01;1.073719e-01;5.445921e-02;4.395917e-02;2.775225e-02;4.846678e-02
3.375051e-02;6.049468e-02;9.083210e-02;6.528579e-02;3.175192e-02;1.754555e-01;3.118040e-01;7.264591e-02;4.094889e-02;2.642487e-02;4.767447e-02;4.293127e-02
1.791860e-02;3.177951e-02;7.280948e-02;6.602728e-02;2.337093e-02;2.462073e-01;3.581130e-01;3.235330e-02;3.554479e-02;1.539500e-02;5.550477e-02;4.497604e-02
7.759590e-03;2.816061e-02;9.146026e-02;5.831793e-02;1.625652e-02;2.836085e-01;3.294948e-01;3.198293e-02;3.925905e-02;1.189062e-02;7.082327e-02;3.098596e-02
7.579956e-03;2.550117e-02;1.065496e-01;3.326768e-02;1.773370e-02;4.195421e-01;2.216403e-01;1.592798e-02;3.528761e-02;1.770417e-02;8.092111e-02;1.834464e-02
7.783994e-03;2.955690e-02;9.367785e-02;1.464628e-02;2.880350e-02;5.429425e-01;1.481360e-01;1.248933e-02;2.677673e-02;1.167221e-02;7.380687e-02;9.707857e-03
6.474264e-03;2.956893e-02;7.724337e-02;1.030081e-02;4.430871e-02;6.032000e-01;1.031086e-01;1.957089e-02;2.512911e-02;1.416646e-02;5.476772e-02;1.216117e-02
7.715232e-03;3.807163e-02;6.099489e-02;2.314625e-02;5.640528e-02;5.467948e-01;1.088719e-01;1.968881e-02;5.371479e-02;2.016597e-02;4.862858e-02;1.580191e-02
9.959392e-03;5.011194e-02;5.134503e-02;2.738602e-02;5.150212e-02;4.295972e-01;1.265149e-01;2.865092e-02;9.693030e-02;3.398296e-02;7.793436e-02;1.608488e-02
2.659753e-02;4.257394e-02;4.035276e-02;3.553235e-02;1.090822e-01;2.960962e-01;1.115238e-01;5.443639e-02;9.087858e-02;6.303697e-02;1.084742e-01;2.141497e-02
4.749374e-02;3.736861e-02;3.523520e-02;5.436987e-02;1.643066e-01;2.699099e-01;8.389726e-02;6.507543e-02;5.486414e-02;5.527880e-02;9.737325e-02;3.482718e-02
4.012437e-02;5.475185e-02;5.237155e-02;8.614195e-02;1.937921e-01;1.812659e-01;8.182211e-02;8.637504e-02;8.312336e-02;5.060104e-02;6.021700e-02;2.941374e-02
2.487748e-02;5.031335e-02;6.254396e-02;8.098277e-02;1.686805e-01;1.094696e-01;1.256971e-01;9.575018e-02;1.291951e-01;6.599899e-02;7.331662e-02;1.317445e-02
3.048929e-02;6.084993e-02;9.244800e-02;3.494274e-02;7.815704e-02;2.745073e-01;1.254805e-01;5.903342e-02;9.183092e-02;5.379652e-02;7.415031e-02;2.431407e-02
1.640610e-02;5.408803e-02;1.116325e-01;5.840874e-02;2.795838e-02;2.876848e-01;1.003422e-01;6.100876e-02;9.626703e-02;6.463289e-02;9.901131e-02;2.255917e-02
1.198602e-02;5.889181e-02;1.134211e-01;8.161276e-02;1.025297e-01;2.131626e-01;5.386917e-02;6.177896e-02;1.119428e-01;7.236948e-02;1.006823e-01;1.775332e-02
1.174931e-02;5.944073e-02;9.967763e-02;8.029314e-02;1.448706e-01;2.114586e-01;4.412371e-02;6.604238e-02;1.144534e-01;7.849958e-02;6.465413e-02;2.473681e-02
1.905176e-02;7.191471e-02;9.667469e-02;4.625474e-02;1.597594e-01;2.077335e-01;3.323529e-02;7.391101e-02;1.491133e-01;9.460257e-02;2.812335e-02;1.962568e-02
1.823000e-02;5.068054e-02;8.336460e-02;2.138496e-02;1.589914e-01;1.585815e-01;2.159088e-02;8.873463e-02;2.206047e-01;1.198390e-01;4.314406e-02;1.485381e-02
1.883969e-02;4.451614e-02;8.485873e-02;3.956379e-02;1.550844e-01;1.062323e-01;1.271007e-02;9.896750e-02;2.555884e-01;1.160305e-01;5.036452e-02;1.724399e-02
1.264197e-02;3.389950e-02;7.110332e-02;5.834146e-02;1.513792e-01;9.357876e-02;1.244354e-02;1.408220e-01;2.623937e-01;1.085223e-01;3.891656e-02;1.595771e-02
1.514312e-02;2.658985e-02;5.598755e-02;5.213843e-02;1.224153e-01;1.326363e-01;2.984487e-02;1.809455e-01;2.384212e-01;9.013937e-02;4.440485e-02;1.133377e-02
2.528529e-02;5.719474e-02;6.597143e-02;3.586886e-02;8.204516e-02;1.668750e-01;3.476381e-02;2.152678e-01;1.926821e-01;5.446795e-02;5.617248e-02;1.340534e-02
1.997321e-02;7.429668e-02;1.073460e-01;2.108127e-02;5.215773e-02;1.690004e-01;4.351963e-02;2.239223e-01;1.548589e-01;5.884103e-02;5.930264e-02;1.570024e-02
1.705801e-02;7.715427e-02;1.081365e-01;3.143324e-02;5.299155e-02;1.742578e-01;1.004821e-01;1.564250e-01;1.733233e-01;4.557243e-02;5.121398e-02;1.195191e-02
1.667926e-02;8.191115e-02;1.092288e-01;3.097078e-02;7.221298e-02;1.883869e-01;1.214926e-01;9.227233e-02;2.009922e-01;4.084926e-02;2.775143e-02;1.725227e-02
1.101531e-02;7.521225e-02;1.063668e-01;3.817997e-02;7.196035e-02;1.691258e-01;7.524400e-02;1.651815e-01;1.919323e-01;4.037455e-02;4.068821e-02;1.471899e-02
1.092414e-02;5.890382e-02;9.042150e-02;4.283058e-02;6.508942e-02;2.287311e-01;7.457526e-02;1.628644e-01;1.568120e-01;4.793500e-02;4.899236e-02;1.192053e-02
1.482148e-02;5.325012e-02;7.539199e-02;3.218986e-02;3.599216e-02;2.850431e-01;1.096371e-01;1.400332e-01;1.358622e-01;5.063660e-02;4.751866e-02;1.962358e-02
1.657036e-02;3.080043e-02;5.133447e-02;3.243408e-02;5.974469e-02;3.041549e-01;1.058606e-01;1.155442e-01;1.654430e-01;4.802134e-02;4.446245e-02;2.562954e-02
2.505193e-02;6.890838e-02;7.585651e-02;3.262937e-02;8.211876e-02;2.366373e-01;3.249339e-02;8.050720e-02;2.312403e-01;4.978372e-02;5.404039e-02;3.073272e-02
1.425951e-02;6.625368e-02;8.991501e-02;3.596739e-02;6.464679e-02;1.208155e-01;1.062512e-01;1.525699e-01;2.034661e-01;5.321365e-02;6.276255e-02;2.987872e-02
1.707598e-02;6.380830e-02;8.401287e-02;3.339514e-02;5.648890e-02;2.259941e-01;1.452296e-01;1.354219e-01;1.199370e-01;4.087823e-02;4.902496e-02;2.873297e-02
1.847337e-02;6.998674e-02;8.827756e-02;2.647895e-02;3.298911e-02;2.231495e-01;1.406998e-01;1.348808e-01;1.444957e-01;6.112058e-02;3.247456e-02;2.697332e-02
2.246550e-02;9.477485e-02;1.098995e-01;3.102191e-02;3.211309e-02;1.275021e-01;1.004760e-01;1.400136e-01;1.912215e-01;7.458933e-02;5.481742e-02;2.110527e-02
2.060054e-02;1.043416e-01;1.211293e-01;4.666270e-02;7.739648e-02;1.364109e-01;5.779042e-02;1.190990e-01;1.955399e-01;5.210328e-02;3.405281e-02;3.487314e-02
1.129643e-02;7.413838e-02;9.019764e-02;3.619326e-02;6.436650e-02;1.932201e-01;9.350203e-02;1.243070e-01;1.275763e-01;7.329018e-02;7.757776e-02;3.433444e-02
1.566588e-02;4.772620e-02;8.055025e-02;2.868684e-02;4.095548e-02;1.991376e-01;1.276836e-01;1.317380e-01;1.233036e-01;8.004886e-02;9.826813e-02;2.623548e-02
1.950480e-02;4.999227e-02;7.806691e-02;3.234471e-02;6.380008e-02;1.977481e-01;1.159887e-01;1.137003e-01;1.644367e-01;7.727794e-02;6.679729e-02;2.034225e-02
2.387876e-02;8.650997e-02;9.499653e-02;5.382555e-02;9.541313e-02;1.260469e-01;8.394280e-02;1.103439e-01;1.976201e-01;5.577048e-02;5.333618e-02;1.831563e-02
1.667222e-02;7.643417e-02;9.408290e-02;4.231457e-02;7.200180e-02;2.298613e-01;5.143522e-02;1.090985e-01;1.610379e-01;5.286589e-02;7.876778e-02;1.542765e-02
1.774448e-02;6.626523e-02;9.634192e-02;3.871851e-02;3.623313e-02;3.296013e-01;1.069345e-01;7.855377e-02;1.044049e-01;5.761820e-02;5.177862e-02;1.580532e-02
2.339019e-02;7.767622e-02;6.880064e-02;5.112410e-02;9.590765e-02;2.386949e-01;1.035177e-01;9.035377e-02;1.285721e-01;5.026525e-02;4.435591e-02;2.734154e-02
4.248087e-02;8.724555e-02;5.577055e-02;9.425986e-02;1.503447e-01;1.077990e-01;6.310199e-02;9.807099e-02;1.538774e-01;7.006454e-02;3.939882e-02;3.758569e-02
6.503108e-02;5.722399e-02;8.886931e-02;1.490007e-01;1.522108e-01;6.088721e-02;4.251441e-02;1.136946e-01;1.557262e-01;5.723177e-02;3.147897e-02;2.613094e-02
7.717751e-02;2.403264e-02;7.681023e-02;2.040916e-01;1.425180e-01;1.242446e-02;6.175120e-02;1.253343e-01;1.659239e-01;4.073901e-02;4.949075e-02;1.970629e-02
6.689057e-02;1.506228e-02;5.352980e-02;2.218324e-01;9.858336e-02;3.664000e-02;6.668770e-02;1.321760e-01;1.813400e-01;3.277835e-02;8.443094e-02;1.004854e-02
4.154036e-02;2.317615e-02;7.508627e-02;2.097384e-01;5.490063e-02;4.536237e-02;4.963826e-02;1.493302e-01;2.035252e-01;3.607729e-02;1.055345e-01;6.090299e-03
2.846740e-02;1.198054e-02;6.382088e-02;1.782537e-01;6.746265e-02;5.058105e-02;3.209038e-02;1.789892e-01;2.396198e-01;3.453881e-02;1.064199e-01;7.775699e-03
1.906510e-02;1.148727e-02;4.096857e-02;1.178902e-01;5.649241e-02;6.824075e-02;3.946183e-02;2.189687e-01;2.872501e-01;3.951237e-02;9.385931e-02;6.803398e-03
1.566898e-02;1.676786e-02;4.026760e-02;5.905757e-02;3.518719e-02;6.802914e-02;3.916861e-02;2.478918e-01;3.334113e-01;4.641772e-02;8.891044e-02;9.221753e-03
3.302066e-02;2.734482e-02;5.435005e-02;2.256045e-02;4.781531e-02;4.784563e-02;2.223702e-02;2.759268e-01;3.324552e-01;3.793331e-02;8.816371e-02;1.034702e-02
5.051101e-02;3.216802e-02;5.778300e-02;2.973654e-02;5.720226e-02;3.793007e-02;3.570693e-02;2.723238e-01;3.005907e-01;3.128826e-02;8.123041e-02;1.352900e-02
5.290543e-02;2.452292e-02;4.550466e-02;3.750286e-02;5.064168e-02;6.771415e-02;4.787343e-02;2.546296e-01;3.158910e-01;2.890318e-02;6.212429e-02;1.178692e-02
3.962187e-02;2.775330e-02;4.818577e-02;5.824299e-02;1.855171e-02;7.186530e-02;3.938337e-02;2.597820e-01;3.577853e-01;3.134157e-02;3.391791e-02;1.356887e-02
2.362549e-02;3.333600e-02;5.025955e-02;7.133707e-02;4.294703e-02;4.675622e-02;2.005003e-02;2.745124e-01;3.579164e-01;3.534225e-02;3.227671e-02;1.164088e-02
2.644364e-02;2.307988e-02;5.563879e-02;7.015205e-02;3.883982e-02;3.833628e-02;2.271891e-02;3.087493e-01;3.379078e-01;3.836195e-02;2.654140e-02;1.323014e-02
3.562181e-02;2.992494e-02;6.083421e-02;5.149061e-02;3.552227e-02;2.757356e-02;2.987185e-02;3.344577e-01;3.304854e-01;4.013056e-02;1.442216e-02;9.664914e-03
3.152307e-02;5.010434e-02;7.977063e-02;4.288974e-02;4.837366e-02;3.575689e-02;3.275161e-02;2.768812e-01;3.105739e-01;4.800894e-02;3.060730e-02;1.275875e-02
3.638936e-02;7.541131e-02;1.151402e-01;5.035238e-02;4.435739e-02;4.091043e-02;3.982043e-02;1.517342e-01;3.228866e-01;6.367489e-02;4.606332e-02;1.325952e-02
3.050730e-02;7.269047e-02;1.039679e-01;2.999132e-02;1.619586e-02;5.611344e-02;6.599800e-02;2.384756e-01;2.734939e-01;4.742763e-02;4.811961e-02;1.701894e-02
2.144772e-02;5.770939e-02;8.732659e-02;3.024829e-02;2.181556e-02;6.937546e-02;7.381403e-02;3.012003e-01;2.420889e-01;2.680211e-02;5.279575e-02;1.537590e-02
2.484474e-02;4.949702e-02;8.633263e-02;2.768352e-02;2.080592e-02;6.317803e-02;6.495310e-02;3.111360e-01;2.474452e-01;4.374974e-02;5.131321e-02;9.060948e-03
2.809173e-02;5.915693e-02;1.271370e-01;2.472305e-02;1.899962e-02;7.118760e-02;5.488104e-02;2.645285e-01;2.404217e-01;4.768917e-02;5.221954e-02;1.096411e-02
3.353411e-02;4.838153e-02;1.730230e-01;2.913694e-02;1.717500e-02;7.302305e-02;3.385409e-02;2.656993e-01;2.299548e-01;4.817640e-02;2.931474e-02;1.872702e-02
2.479647e-02;3.410632e-02;1.451040e-01;3.923394e-02;2.933544e-02;5.877635e-02;2.352716e-02;3.494014e-01;2.100182e-01;3.177855e-02;1.368171e-02;4.024051e-02
9.213549e-03;2.063591e-02;1.139457e-01;3.136531e-02;2.950322e-02;7.836257e-02;2.106050e-02;3.946644e-01;2.116053e-01;2.224154e-02;1.168962e-02;5.571234e-02
1.166521e-02;2.455087e-02;1.081818e-01;1.869374e-02;1.032321e-02;7.622284e-02;1.558106e-02;4.097174e-01;2.248095e-01;3.808312e-02;8.493270e-03;5.367810e-02
1.066079e-02;3.310005e-02;1.343500e-01;4.903487e-02;2.051907e-02;7.659569e-02;1.616424e-02;3.890345e-01;1.878608e-01;3.945665e-02;1.027088e-02;3.295249e-02
8.771344e-03;2.974950e-02;1.914228e-01;6.021452e-02;2.634393e-02;9.327192e-02;2.656921e-02;4.002593e-01;1.003919e-01;2.955461e-02;9.640413e-03;2.381056e-02
4.968611e-03;4.501807e-02;2.210063e-01;2.847643e-02;1.521553e-02;8.936711e-02;3.913568e-02;3.981549e-01;1.028847e-01;1.934037e-02;9.851546e-03;2.658079e-02
5.512128e-03;5.065538e-02;2.272249e-01;2.698502e-02;2.831054e-02;6.916678e-02;3.414084e-02;3.743358e-01;1.312317e-01;1.682707e-02;1.204081e-02;2.356906e-02
4.983249e-03;4.399035e-02;2.517542e-01;2.732635e-02;3.751963e-02;5.664707e-02;2.611342e-02;3.704575e-01;1.293188e-01;1.785245e-02;8.673545e-03;2.536343e-02
5.192197e-03;3.770867e-02;2.853067e-01;2.636656e-02;2.685556e-02;5.266608e-02;3.000288e-02;3.568364e-01;1.184330e-01;2.263819e-02;7.768744e-03;3.022500e-02
5.669957e-03;3.943222e-02;3.326166e-01;4.997862e-02;1.320792e-02;7.272627e-02;1.553607e-02;3.354945e-01;6.941203e-02;2.289228e-02;9.172511e-03;3.386109e-02
3.261585e-03;4.478000e-02;3.346617e-01;6.325638e-02;1.422076e-02;9.090993e-02;2.284344e-02;3.135409e-01;5.302358e-02;1.826659e-02;8.749321e-03;3.248580e-02
4.201192e-03;5.488425e-02;3.028842e-01;5.188024e-02;7.815341e-03;1.198952e-01;1.564639e-02;3.234243e-01;6.775842e-02;1.648642e-02;7.881804e-03;2.724231e-02
5.845102e-03;5.523363e-02;2.561111e-01;3.317286e-02;1.706040e-02;1.133216e-01;3.647199e-02;3.526216e-01;7.736900e-02;1.842764e-02;1.159428e-02;2.277080e-02
5.907426e-03;7.764858e-02;2.220743e-01;2.099750e-02;3.509560e-02;8.295237e-02;5.868547e-02;3.764138e-01;6.974658e-02;1.507307e-02;1.445838e-02;2.094701e-02
6.380494e-03;9.139132e-02;2.164319e-01;2.039240e-02;5.387141e-02;2.997156e-02;9.184841e-02;3.927275e-01;4.352996e-02;1.391631e-02;2.110793e-02;1.843072e-02
7.351915e-03;9.154548e-02;1.918958e-01;2.084415e-02;7.835909e-02;3.130269e-02;1.324513e-01;3.542585e-01;3.128496e-02;1.300182e-02;2.973889e-02;1.796541e-02
6.701095e-03;9.869883e-02;1.527302e-01;1.751445e-02;1.071451e-01;3.351802e-02;1.534433e-01;3.404006e-01;3.368924e-02;1.097176e-02;2.855214e-02;1.663525e-02
7.592097e-03;1.136131e-01;1.287892e-01;1.739690e-02;1.398446e-01;5.264860e-02;1.274561e-01;3.104873e-01;3.384060e-02;1.240786e-02;3.830157e-02;1.762212e-02
8.927364e-03;1.153797e-01;1.590514e-01;2.349294e-02;1.474669e-01;5.623528e-02;1.274851e-01;2.571803e-01;3.236070e-02;1.163960e-02;4.435132e-02;1.642937e-02
5.606887e-03;1.143942e-01;2.030230e-01;2.295453e-02;1.004785e-01;4.265803e-02;1.239001e-01;2.882964e-01;4.235946e-02;1.261203e-02;3.676178e-02;6.955158e-03
2.780507e-03;1.261194e-01;2.344881e-01;1.470306e-02;4.192437e-02;5.555765e-02;8.683150e-02;3.229686e-01;5.732476e-02;1.649220e-02;1.673627e-02;2.407365e-02
6.672037e-03;1.264440e-01;2.581446e-01;2.617361e-02;1.919528e-02;4.848851e-02;6.273840e-02;3.235221e-01;5.725040e-02;1.376412e-02;2.650387e-02;3.110303e-02
7.883391e-03;1.144317e-01;2.774594e-01;2.189834e-02;1.439979e-02;5.703283e-02;3.617306e-02;3.165749e-01;6.349028e-02;1.677707e-02;4.784939e-02;2.602987e-02
9.740524e-03;9.882541e-02;2.240641e-01;1.998642e-02;1.449766e-02;6.723791e-02;3.792909e-02;3.445681e-01;9.253693e-02;1.405381e-02;4.584297e-02;3.071708e-02
1.356323e-02;8.037807e-02;1.854139e-01;1.844075e-02;2.952340e-02;5.859220e-02;2.553176e-02;3.921707e-01;1.177457e-01;1.189002e-02;3.227423e-02;3.447603e-02
1.312853e-02;5.114963e-02;1.862964e-01;1.968433e-02;2.762809e-02;5.284558e-02;3.265452e-02;4.289068e-01;1.258605e-01;1.270972e-02;1.691625e-02;3.221960e-02
1.238312e-02;4.008628e-02;2.100421e-01;2.519551e-02;1.433185e-02;6.281800e-02;4.652848e-02;4.413645e-01;7.704723e-02;2.534477e-02;1.531380e-02;2.954443e-02
6.291062e-03;4.551318e-02;2.221885e-01;1.859473e-02;2.726897e-02;6.503104e-02;3.411194e-02;4.191337e-01;9.715533e-02;2.207397e-02;1.459010e-02;2.804745e-02
5.269287e-03;6.475826e-02;2.226199e-01;3.950021e-02;3.231344e-02;4.350515e-02;3.107694e-02;3.638116e-01;1.467828e-01;1.129106e-02;1.507301e-02;2.399838e-02
8.419824e-03;7.786367e-02;2.012953e-01;5.627591e-02;3.519330e-02;3.157597e-02;2.261059e-02;3.088980e-01;1.999425e-01;1.501041e-02;2.173765e-02;2.117685e-02
1.327417e-02;9.176411e-02;1.327357e-01;5.507432e-02;3.822232e-02;2.863046e-02;2.189322e-02;3.134772e-01;2.322924e-01;2.145464e-02;2.749654e-02;2.368489e-02
9.168857e-03;9.492990e-02;7.204548e-02;3.192832e-02;3.856688e-02;4.172038e-02;4.751958e-02;3.455482e-01;2.237597e-01;2.533019e-02;2.813796e-02;4.134459e-02
6.777949e-03;9.978894e-02;1.617411e-01;1.430893e-02;3.365131e-02;4.499121e-02;8.811215e-02;2.919909e-01;1.729974e-01;2.166821e-02;2.658468e-02;3.738727e-02
1.338715e-02;9.019018e-02;1.987846e-01;2.081462e-02;2.473621e-02;4.893176e-02;8.532173e-02;2.900261e-01;1.614756e-01;1.974981e-02;3.396336e-02;1.261890e-02
8.923789e-03;6.935359e-02;1.725390e-01;1.922582e-02;3.223903e-02;4.294060e-02;4.248221e-02;3.676976e-01;1.771544e-01;1.840575e-02;3.451652e-02;1.452173e-02
6.347739e-03;6.147097e-02;1.251084e-01;1.754198e-02;2.963362e-02;3.972916e-02;5.553770e-02;4.253778e-01;1.695055e-01;1.559918e-02;2.913943e-02;2.500857e-02
7.417704e-03;5.405638e-02;9.368686e-02;1.824195e-02;1.642639e-02;4.161351e-02;5.524426e-02;4.822731e-01;1.578145e-01;1.321714e-02;2.687198e-02;3.313617e-02
6.980279e-03;5.700873e-02;9.265712e-02;2.145303e-02;2.617913e-02;6.551676e-02;3.701859e-02;5.003476e-01;1.240059e-01;8.532650e-03;1.944556e-02;4.085458e-02
9.063937e-03;6.714014e-02;1.083423e-01;2.198439e-02;3.562502e-02;6.713124e-02;5.605696e-02;4.825894e-01;6.981476e-02;1.402517e-02;2.157835e-02;4.664827e-02
7.572688e-03;5.575510e-02;8.494373e-02;1.368178e-02;3.781758e-02;6.420973e-02;6.413701e-02;4.775666e-01;1.228222e-01;1.335342e-02;1.286513e-02;4.527500e-02
6.639604e-03;5.410073e-02;7.416886e-02;2.158077e-02;2.700697e-02;8.695151e-02;7.025513e-02;4.269741e-01;1.616616e-01;1.720353e-02;1.403841e-02;3.941888e-02
8.387179e-03;7.473020e-02;1.549372e-01;4.550631e-02;3.090446e-02;8.798793e-02;3.635330e-02;3.272647e-01;1.457723e-01;2.400632e-02;2.790819e-02;3.624190e-02
7.318972e-03;1.002428e-01;2.463532e-01;4.965783e-02;4.962613e-02;7.546776e-02;5.219309e-02;2.122899e-01;1.185040e-01;1.987520e-02;2.912376e-02;3.934737e-02
1.454393e-02;1.082660e-01;2.701736e-01;2.112498e-02;6.071964e-02;3.019532e-02;5.128176e-02;2.177844e-01;1.415886e-01;1.988556e-02;2.355337e-02;4.088281e-02
1.212431e-02;5.202367e-02;2.088707e-01;3.577562e-02;5.499882e-02;5.296782e-02;1.606819e-02;2.770366e-01;2.003973e-01;2.249801e-02;2.732135e-02;3.991757e-02
