8.739853e-02;7.220127e-02;4.509688e-02;5.244284e-02;4.068400e-02;1.103949e-01;1.929403e-01;7.000756e-02;8.375678e-02;9.995885e-02;9.413504e-02;5.098306e-02
7.855434e-02;7.565501e-02;6.347764e-02;6.633712e-02;5.236632e-02;1.002267e-01;1.531434e-01;7.043328e-02;8.678341e-02;1.251233e-01;6.602088e-02;6.187857e-02
6.241982e-02;7.784263e-02;1.106321e-01;4.859516e-02;5.911371e-02;7.847769e-02;1.341458e-01;6.588059e-02;7.274569e-02;1.284346e-01;1.120278e-01;4.968448e-02
6.694169e-02;8.236265e-02;2.433464e-01;5.133106e-02;6.377509e-02;8.398444e-02;1.263952e-01;5.016212e-02;5.745793e-02;8.344795e-02;5.458359e-02;3.621189e-02
5.343212e-02;9.289815e-02;3.622955e-01;4.477691e-02;5.712511e-02;4.735415e-02;1.170171e-01;2.411236e-02;7.856870e-02;5.243873e-02;3.863721e-02;3.134393e-02
9.690372e-02;1.298562e-01;3.610729e-01;4.507932e-02;3.920047e-02;2.560690e-02;7.283537e-02;3.628347e-02;1.000877e-01;4.406877e-02;2.601308e-02;2.299217e-02
1.530604e-01;1.915897e-01;3.098837e-01;3.198055e-02;2.349911e-02;1.282796e-02;3.775327e-02;3.684658e-02;1.377126e-01;3.381341e-02;1.782831e-02;1.320445e-02
2.014686e-01;2.510831e-01;2.416617e-01;2.221402e-02;1.508839e-02;1.221033e-02;2.363428e-02;2.984158e-02;1.670327e-01;1.302962e-02;1.274009e-02;9.995502e-03
2.062741e-01;2.456253e-01;2.855593e-01;1.910133e-02;1.236946e-02;1.404238e-02;1.296884e-02;2.047598e-02;1.495325e-01;1.246574e-02;1.177331e-02;9.811724e-03
2.061040e-01;2.502575e-01;2.881821e-01;1.848306e-02;1.053242e-02;1.146986e-02;1.001304e-02;2.818774e-02;1.387717e-01;1.497547e-02;1.300076e-02;1.002241e-02
1.951526e-01;2.388836e-01;2.800129e-01;1.281934e-02;1.024594e-02;9.321711e-03;9.311805e-03;4.862325e-02;1.534543e-01;2.056357e-02;1.169588e-02;9.915192e-03
2.085593e-01;2.397082e-01;2.703806e-01;1.072517e-02;1.188686e-02;8.184290e-03;1.331604e-02;4.055687e-02;1.621177e-01;1.359563e-02;9.567223e-03;1.140214e-02
2.106412e-01;2.445834e-01;2.733989e-01;1.191745e-02;1.218774e-02;4.876426e-03;2.064906e-02;3.345339e-02;1.545652e-01;8.875126e-03;1.325940e-02;1.159274e-02
1.892210e-01;2.464367e-01;3.080247e-01;1.132902e-02;1.253366e-02;9.908155e-03;1.607825e-02;1.900556e-02;1.582365e-01;9.903578e-03;1.384682e-02;5.476038e-03
1.792302e-01;2.441048e-01;2.824365e-01;1.288502e-02;1.313647e-02;1.278022e-02;1.451610e-02;3.970899e-02;1.617191e-01;1.629743e-02;1.212616e-02;1.105901e-02
1.440020e-01;2.420099e-01;3.466663e-01;2.032796e-02;1.450407e-02;1.354979e-02;1.573983e-02;2.925510e-02;1.393015e-01;1.298923e-02;1.147785e-02;1.017654e-02
8.443559e-02;2.135373e-01;4.986487e-01;2.383286e-02;1.149787e-02;1.120173e-02;1.566258e-02;7.713520e-03;9.750798e-02;2.075458e-02;6.705127e-03;8.502112e-03
3.456094e-02;1.709138e-01;6.320231e-01;2.696107e-02;1.179284e-02;9.187135e-03;1.498236e-02;7.472437e-03;5.206231e-02;2.489537e-02;7.929747e-03;7.218843e-03
2.015397e-02;1.356964e-01;7.113608e-01;3.445220e-02;1.312844e-02;5.954145e-03;1.232131e-02;8.793757e-03;1.540015e-02;2.846902e-02;6.879535e-03;7.390290e-03
2.178702e-02;1.025392e-01;7.170461e-01;3.428432e-02;1.835255e-02;1.004568e-02;1.892054e-02;8.988288e-03;1.921964e-02;3.352194e-02;7.053354e-03;8.241374e-03
1.305703e-02;7.189317e-02;7.469487e-01;3.322684e-02;1.826626e-02;8.759966e-03;2.842108e-02;8.191584e-03;1.470277e-02;3.915555e-02;8.026468e-03;9.350676e-03
1.065008e-02;4.487491e-02;7.890829e-01;3.770753e-02;1.777732e-02;7.518580e-03;2.681065e-02;7.263780e-03;1.202342e-02;3.412234e-02;6.828925e-03;5.339605e-03
1.812056e-02;4.258206e-02;7.846487e-01;4.070644e-02;1.806350e-02;7.012183e-03;2.493998e-02;8.912965e-03;1.944055e-02;2.338825e-02;8.075686e-03;4.109113e-03
2.228674e-02;4.245348e-02;7.490301e-01;4.725793e-02;2.741794e-02;1.304703e-02;3.911156e-02;9.522958e-03;1.216564e-02;1.545423e-02;1.599571e-02;6.256720e-03
1.611944e-02;2.551408e-02;7.105615e-01;4.996017e-02;5.508824e-02;2.250431e-02;4.630453e-02;1.175475e-02;7.949687e-03;3.292574e-02;1.616318e-02;5.154394e-03
1.244807e-02;2.431985e-02;7.071313e-01;5.166857e-02;6.054401e-02;1.767780e-02;3.307978e-02;1.125799e-02;1.344382e-02;4.934187e-02;1.111716e-02;7.969769e-03
1.337774e-02;3.210694e-02;6.793080e-01;4.900188e-02;4.262023e-02;1.297349e-02;6.131698e-02;1.961988e-02;1.494827e-02;4.472544e-02;1.294139e-02;1.705975e-02
1.657513e-02;2.539148e-02;6.230085e-01;5.572269e-02;3.947606e-02;1.706473e-02;7.302742e-02;2.135339e-02;4.667789e-02;3.920125e-02;1.792989e-02;2.457158e-02
2.921410e-02;2.752374e-02;5.364246e-01;5.541798e-02;3.725750e-02;3.908120e-02;7.446945e-02;3.171348e-02;5.584360e-02;4.173206e-02;3.988710e-02;3.143518e-02
3.536249e-02;2.347996e-02;3.682143e-01;5.605749e-02;5.451569e-02;4.860920e-02;1.118972e-01;4.640458e-02;8.232000e-02;5.296228e-02;5.739439e-02;6.278240e-02
6.381860e-02;5.313678e-02;1.848177e-01;5.711860e-02;5.494179e-02;3.528259e-02;1.236470e-01;8.426094e-02;9.363688e-02;7.019671e-02;7.757322e-02;1.015692e-01
1.065626e-01;8.980794e-02;1.046238e-01;5.656872e-02;5.237908e-02;2.874203e-02;1.299826e-01;1.031870e-01;9.416920e-02;6.147694e-02;8.243080e-02;9.006915e-02
1.425015e-01;1.162118e-01;1.225487e-01;5.434880e-02;5.858307e-02;5.012966e-02;1.227940e-01;9.758745e-02;6.169566e-02;7.304527e-02;6.493564e-02;3.561848e-02
9.931750e-02;1.189948e-01;1.759195e-01;5.079401e-02;7.339487e-02;6.874774e-02;1.002161e-01;9.921700e-02;4.930328e-02;9.453526e-02;3.560240e-02;3.395751e-02
8.048088e-02;9.313307e-02;1.338520e-01;4.573771e-02;8.539839e-02;6.418885e-02;1.368929e-01;1.073697e-01;7.903455e-02;8.418491e-02;4.347951e-02;4.624748e-02
5.304421e-02;4.732894e-02;1.118234e-01;7.045154e-02;9.658644e-02;9.385194e-02;1.435554e-01;1.094870e-01;1.025317e-01;9.553818e-02;3.934827e-02;3.645295e-02
4.109719e-02;3.723153e-02;1.042272e-01;8.008922e-02;1.024338e-01;9.662241e-02;1.313814e-01;1.049986e-01;1.281089e-01;1.059358e-01;3.835572e-02;2.951843e-02
4.944273e-02;5.638733e-02;1.128337e-01;8.786251e-02;7.890087e-02;8.237688e-02;9.479886e-02;9.795547e-02;1.528431e-01;1.062674e-01;3.989541e-02;4.043578e-02
5.575353e-02;9.036390e-02;1.055509e-01;8.194797e-02;4.213715e-02;7.351948e-02;1.211771e-01;8.951114e-02;1.313472e-01;8.944306e-02;6.201855e-02;5.723006e-02
5.910753e-02;7.324062e-02;1.522748e-01;7.671515e-02;6.675620e-02;7.461613e-02;1.227565e-01;7.270402e-02;1.101462e-01;6.538326e-02;5.898169e-02;6.731803e-02
9.771281e-02;7.818095e-02;1.391251e-01;7.608469e-02;8.509626e-02;8.155738e-02;1.031005e-01;6.348968e-02;9.560773e-02;5.548400e-02;6.103290e-02;6.352799e-02
1.133335e-01;8.323257e-02;1.297043e-01;8.150385e-02;8.858203e-02;8.559016e-02;1.097334e-01;5.167574e-02;7.566391e-02;8.459692e-02;5.325649e-02;4.312710e-02
5.059434e-02;7.122334e-02;1.280051e-01;6.640144e-02;6.685161e-02;8.014578e-02;1.532607e-01;5.528351e-02;9.134461e-02;1.782441e-01;3.412766e-02;2.451784e-02
9.129713e-02;7.251880e-02;8.597720e-02;5.181400e-02;4.951764e-02;6.632185e-02;1.540960e-01;6.401997e-02;9.623592e-02;1.988489e-01;4.809576e-02;2.125685e-02
1.195326e-01;4.960965e-02;7.716762e-02;6.345921e-02;6.602988e-02;6.994732e-02;1.375000e-01;9.261296e-02;5.398101e-02;1.614092e-01;7.674623e-02;3.200432e-02
8.726665e-02;4.838104e-02;8.264635e-02;5.755482e-02;7.207626e-02;8.775490e-02;1.193600e-01;8.191945e-02;7.491396e-02;1.386299e-01;1.067784e-01;4.271832e-02
8.173794e-02;7.224105e-02;1.321082e-01;4.885890e-02;6.614197e-02;8.473951e-02;9.849437e-02;6.443650e-02;6.723637e-02;1.119689e-01;1.020358e-01;7.000047e-02
8.751971e-02;5.713874e-02;1.656618e-01;5.663777e-02;5.331362e-02;7.909144e-02;1.188159e-01;5.604637e-02;6.742994e-02;8.379863e-02;9.263817e-02;8.190796e-02
9.683995e-02;4.702311e-02;1.643638e-01;7.276057e-02;4.983108e-02;7.189763e-02;1.662311e-01;8.295678e-02;4.721636e-02;6.206708e-02;8.686936e-02;5.194314e-02
7.204633e-02;5.057437e-02;1.473740e-01;7.575277e-02;4.594456e-02;9.630183e-02;1.333806e-01;1.048700e-01;7.447662e-02;7.332065e-02;5.735875e-02;6.859960e-02
7.610680e-02;6.204249e-02;1.721566e-01;7.130279e-02;8.327524e-02;8.131456e-02;5.712183e-02;8.142200e-02;1.202694e-01;8.654193e-02;5.921783e-02;4.922856e-02
7.634296e-02;6.903380e-02;1.847681e-01;8.795402e-02;1.395257e-01;3.298178e-02;7.232734e-02;4.934962e-02;1.139045e-01;6.735132e-02;5.600162e-02;5.045929e-02
4.509508e-02;5.602266e-02;1.863555e-01;7.316943e-02;1.884634e-01;5.168789e-02;8.730660e-02;6.803823e-02;9.278969e-02;6.531814e-02;4.793409e-02;3.781937e-02
3.938157e-02;4.394143e-02;1.514218e-01;4.410908e-02;2.064750e-01;1.166019e-01;9.431788e-02;7.923989e-02;7.026260e-02;6.832500e-02;3.789125e-02;4.803259e-02
4.398232e-02;4.329916e-02;1.129458e-01;1.850150e-02;1.785048e-01;1.528237e-01;1.290009e-01;7.538314e-02;6.128136e-02;6.981107e-02;6.737726e-02;4.708899e-02
3.799571e-02;4.601790e-02;9.381555e-02;3.585472e-02;1.311043e-01;1.194731e-01;1.849667e-01;5.605071e-02;8.775043e-02;6.092221e-02;1.064531e-01;3.959571e-02
2.971964e-02;5.408902e-02;2.290057e-01;3.369529e-02;1.008146e-01;6.823101e-02;1.588863e-01;6.177516e-02;5.570447e-02;7.206114e-02;8.601791e-02;4.999980e-02
5.371445e-02;5.345791e-02;2.908592e-01;6.748485e-02;7.897829e-02;6.353813e-02;1.455162e-01;6.629016e-02;2.719054e-02;6.441166e-02;6.513938e-02;2.341931e-02
8.444999e-02;6.028730e-02;2.552356e-01;6.046701e-02;6.377234e-02;5.749636e-02;1.177509e-01;7.955391e-02;6.266692e-02;7.074557e-02;7.229970e-02;1.527444e-02
1.136870e-01;7.296224e-02;1.892128e-01;3.896030e-02;5.455660e-02;5.190674e-02;9.973865e-02;1.112967e-01;9.712025e-02;6.813296e-02;7.944883e-02;2.297698e-02
1.520935e-01;7.923089e-02;9.866478e-02;1.334883e-02;5.907338e-02;4.136131e-02;1.380870e-01;1.874519e-01;8.089299e-02;4.684405e-02;7.838371e-02;2.456768e-02
1.624300e-01;7.976282e-02;1.275377e-01;2.546629e-02;5.841936e-02;2.539175e-02;1.361334e-01;2.059571e-01;5.292590e-02;3.913246e-02;5.987652e-02;2.696664e-02
1.339218e-01;6.763610e-02;1.598258e-01;3.235279e-02;6.147667e-02;3.783906e-02;1.569661e-01;1.550253e-01;6.477759e-02;4.350447e-02;5.307840e-02;3.359592e-02
1.219400e-01;5.716375e-02;1.437860e-01;4.237048e-02;6.435643e-02;5.703791e-02;1.718756e-01;7.004374e-02;6.908432e-02;7.885403e-02;8.420750e-02;3.928029e-02
1.309086e-01;6.825034e-02;2.242896e-01;5.284304e-02;4.369191e-02;3.680103e-02;9.939037e-02;7.005759e-02;5.887112e-02;7.862081e-02;8.394539e-02;5.233020e-02
1.457659e-01;8.134583e-02;3.011586e-01;4.514227e-02;4.516924e-02;3.181168e-02;5.527344e-02;7.963952e-02;5.629235e-02;6.273390e-02;5.274219e-02;4.292506e-02
1.619931e-01;7.160421e-02;2.375990e-01;4.269920e-02;2.850096e-02;3.115304e-02;1.199199e-01;9.105859e-02;5.859651e-02;7.082944e-02;3.336160e-02;5.268456e-02
1.452620e-01;3.427178e-02;1.160332e-01;4.890979e-02;2.406794e-02;3.809898e-02;2.377270e-01;1.116910e-01;5.493605e-02;6.984885e-02;4.405829e-02;7.509526e-02
1.578482e-01;3.197076e-02;9.629019e-02;4.404642e-02;2.190743e-02;2.970601e-02;2.459980e-01;1.442293e-01;5.118929e-02;6.651742e-02;4.122234e-02;6.907462e-02
1.941239e-01;2.524246e-02;1.108281e-01;3.013396e-02;2.870592e-02;3.702993e-02;2.047852e-01;1.896288e-01;3.872001e-02;6.347318e-02;2.798351e-02;4.934512e-02
1.853746e-01;3.283095e-02;1.316160e-01;3.650469e-02;3.861780e-02;4.159738e-02;1.773224e-01;1.861361e-01;3.047510e-02;5.186607e-02;3.541769e-02;5.224116e-02
1.770501e-01;3.808319e-02;1.649064e-01;4.015798e-02;3.667547e-02;2.605816e-02;1.512842e-01;1.589678e-01;4.292987e-02;5.465002e-02;4.267116e-02;6.656565e-02
1.562569e-01;4.041253e-02;7.176185e-02;2.827144e-02;3.045763e-02;2.335643e-02;1.843367e-01;1.310646e-01;5.852637e-02;7.998230e-02;8.216863e-02;1.134047e-01
1.234911e-01;3.918919e-02;1.926357e-01;2.845152e-02;3.384104e-02;3.900584e-02;1.453936e-01;6.225885e-02;4.884551e-02;7.954586e-02;9.702928e-02;1.103126e-01
1.715716e-01;4.602545e-02;1.458903e-01;2.501420e-02;3.087460e-02;5.608456e-02;1.098974e-01;4.167699e-02;5.854846e-02;7.022085e-02;1.401776e-01;1.040179e-01
1.523515e-01;4.419720e-02;1.596678e-01;3.294594e-02;3.948257e-02;5.006857e-02;1.025443e-01;5.098054e-02;4.880817e-02;9.529008e-02;1.290218e-01;9.464145e-02
9.261759e-02;5.730063e-02;1.927207e-01;3.137527e-02;3.924456e-02;3.951104e-02;1.024748e-01;7.723591e-02;4.960739e-02;1.139690e-01;1.278138e-01;7.612927e-02
8.601840e-02;4.432647e-02;1.274437e-01;5.073501e-02;4.999218e-02;4.896752e-02;7.602858e-02;9.892648e-02;9.457579e-02;1.361256e-01;1.250362e-01;6.182410e-02
9.623900e-02;4.321637e-02;7.522818e-02;5.306128e-02;6.392859e-02;7.495362e-02;1.318843e-01;7.481141e-02;7.773419e-02;1.314069e-01;9.485576e-02;8.268043e-02
1.046517e-01;5.472196e-02;8.275807e-02;6.908566e-02;8.720811e-02;8.181354e-02;1.276480e-01;7.203636e-02;5.018797e-02;1.064098e-01;8.171410e-02;8.176472e-02
1.060028e-01;5.666587e-02;9.580965e-02;6.686726e-02;8.770118e-02;8.455601e-02;1.274283e-01;7.135094e-02;6.377446e-02;9.851255e-02;7.320522e-02;6.812580e-02
1.196878e-01;8.575231e-02;1.403795e-01;7.900620e-02;7.934456e-02;6.695027e-02;1.452429e-01;5.670408e-02;4.678813e-02;6.952475e-02;5.524202e-02;5.537746e-02
1.555752e-01;1.504134e-01;3.487307e-01;6.009641e-02;4.872979e-02;3.105623e-02;8.964369e-02;1.133731e-02;3.459706e-02;3.129990e-02;1.815886e-02;2.036152e-02
1.482184e-01;1.937390e-01;3.754039e-01;5.099904e-02;3.992241e-02;2.586613e-02;6.260241e-02;1.135358e-02;3.998977e-02;2.453461e-02;1.232443e-02;1.504626e-02
1.421800e-01;2.566426e-01;3.348234e-01;3.589459e-02;2.985059e-02;3.557162e-02;6.617309e-02;1.327212e-02;3.906491e-02;2.539561e-02;7.513795e-03;1.361769e-02
2.560689e-01;2.388885e-01;2.507611e-01;2.145633e-02;2.737612e-02;3.260198e-02;6.132166e-02;2.019676e-02;2.848488e-02;2.236011e-02;1.576612e-02;2.471753e-02
3.523276e-01;1.716138e-01;1.812784e-01;1.850170e-02;2.863932e-02;2.398563e-02;7.476580e-02;2.908609e-02;2.157164e-02;2.879687e-02;2.323762e-02;4.619535e-02
3.466023e-01;9.056985e-02;1.497354e-01;3.897676e-02;3.230483e-02;2.201312e-02;1.062153e-01;3.368750e-02;1.804638e-02;3.627575e-02;4.718773e-02;7.838501e-02
3.085780e-01;2.886319e-02;8.039150e-02;4.643453e-02;4.397019e-02;3.474290e-02;1.141191e-01;4.205173e-02;1.685347e-02;6.528118e-02;1.031388e-01;1.155755e-01
2.147700e-01;2.874269e-02;1.229765e-01;2.458703e-02;5.664950e-02;4.024113e-02;8.914349e-02;3.744863e-02;3.838414e-02;1.157814e-01;1.318136e-01;9.946188e-02
1.318897e-01;5.356334e-02;1.366318e-01;2.944576e-02;5.506190e-02;5.320190e-02;9.499847e-02;3.969061e-02;6.879254e-02;1.428214e-01;1.306696e-01;6.323287e-02
1.128292e-01;7.095364e-02;1.348215e-01;3.768655e-02;8.059186e-02;6.306542e-02;1.096682e-01;8.699140e-02;6.463841e-02;1.150760e-01;7.840669e-02;4.527117e-02
8.970243e-02;7.797524e-02;1.616607e-01;4.202769e-02;9.187564e-02;5.065656e-02;1.095281e-01;1.055557e-01;8.504976e-02;8.044368e-02;4.669337e-02;5.883119e-02
1.571800e-01;7.322246e-02;1.682353e-01;5.561415e-02;7.134044e-02;6.780354e-02;1.106319e-01;6.775616e-02;5.999916e-02;4.625874e-02;4.960877e-02;7.234939e-02
1.737120e-01;9.490582e-02;1.255355e-01;3.593142e-02;6.233237e-02;7.775874e-02;1.060241e-01;7.920793e-02;6.503784e-02;5.569309e-02;5.262360e-02;7.123754e-02
9.829023e-02;8.935031e-02;1.127109e-01;5.055697e-02;6.146737e-02;8.367550e-02;1.087211e-01;9.787939e-02;1.147399e-01;4.813768e-02;7.253998e-02;6.193061e-02
1.007303e-01;8.345940e-02;9.436246e-02;7.663786e-02;5.294100e-02;9.209018e-02;1.155902e-01;6.424291e-02;1.050866e-01;7.608153e-02;7.277730e-02;6.600033e-02
1.432975e-01;6.824752e-02;1.218520e-01;7.257786e-02;4.933166e-02;7.981025e-02;1.251459e-01;3.557254e-02;9.870476e-02;7.744143e-02;6.387105e-02;6.414755e-02
1.707799e-01;5.686631e-02;1.135499e-01;4.381996e-02;5.299581e-02;6.470716e-02;1.284669e-01;5.076582e-02;1.095006e-01;5.721007e-02;9.021086e-02;6.112669e-02
1.727878e-01;4.397106e-02;7.314660e-02;4.605493e-02;6.472669e-02;6.624742e-02;1.149922e-01;6.501316e-02;1.348857e-01;7.425295e-02;6.731449e-02;7.660700e-02
6.142665e-02;3.805342e-02;1.282997e-01;4.767347e-02;7.730541e-02;9.466076e-02;1.482984e-01;6.396378e-02;1.203968e-01;1.058192e-01;5.329633e-02;6.080608e-02
4.528408e-02;4.816545e-02;1.483175e-01;6.314376e-02;1.060089e-01;9.601507e-02;1.379104e-01;7.156197e-02;9.908040e-02;1.098509e-01;4.606869e-02;2.859280e-02
5.668703e-02;5.636574e-02;1.533797e-01;6.537151e-02;1.048817e-01;9.621704e-02;1.227159e-01;7.001028e-02;1.051907e-01;1.061345e-01;4.128040e-02;2.176551e-02
7.889059e-02;5.171393e-02;1.523932e-01;6.769150e-02;9.764450e-02;9.177294e-02;1.105197e-01;7.830447e-02;1.163916e-01;1.001160e-01;3.877283e-02;1.578875e-02
1.318456e-01;7.206884e-02;2.397199e-01;8.366881e-02;7.580582e-02;6.026198e-02;1.140204e-01;5.771016e-02;4.693102e-02;5.653878e-02;4.324863e-02;1.818001e-02
1.434537e-01;1.061007e-01;3.191193e-01;6.698443e-02;6.651975e-02;4.781048e-02;1.035615e-01;2.847187e-02;2.106832e-02;3.257988e-02;3.421114e-02;3.011894e-02
1.607896e-01;1.063864e-01;3.164017e-01;5.450865e-02;6.214366e-02;4.015265e-02;9.900282e-02;3.347176e-02;2.510460e-02;3.155293e-02;3.424152e-02;3.624368e-02
1.976325e-01;5.723690e-02;3.124275e-01;3.765266e-02;5.200160e-02;2.277855e-02;1.035558e-01;5.883520e-02;4.038873e-02;3.593087e-02;3.991174e-02;4.164797e-02
2.707548e-01;1.238499e-01;2.155922e-01;2.780681e-02;4.186632e-02;1.993277e-02;7.880217e-02;9.103546e-02;3.930880e-02;2.942662e-02;1.792816e-02;4.369595e-02
3.293786e-01;1.217413e-01;1.830842e-01;2.857037e-02;5.376545e-02;1.302109e-02;6.039636e-02;1.176935e-01;1.498808e-02;1.672161e-02;1.624120e-02;4.439818e-02
3.776690e-01;1.072988e-01;1.499834e-01;2.146372e-02;7.589693e-02;1.330044e-02;4.136056e-02;1.257998e-01;2.074465e-02;1.309730e-02;1.605498e-02;3.733037e-02
3.634835e-01;1.646941e-01;1.495944e-01;1.390597e-02;7.276613e-02;1.160061e-02;2.212233e-02;9.032245e-02;4.865322e-02;2.147909e-02;1.812103e-02;2.325710e-02
3.346440e-01;2.212291e-01;1.814800e-01;1.681287e-02;4.292407e-02;8.122540e-03;1.719286e-02;5.057291e-02;6.633106e-02;2.537291e-02;1.736933e-02;1.794834e-02
2.865763e-01;2.569671e-01;1.986511e-01;2.538329e-02;2.833998e-02;1.644904e-02;1.274037e-02;2.942921e-02;8.577743e-02;2.483837e-02;1.826264e-02;1.658512e-02
1.931072e-01;2.713273e-01;2.774276e-01;3.483203e-02;2.448788e-02;2.281538e-02;1.973500e-02;2.138382e-02;9.297916e-02;2.154473e-02;1.187103e-02;8.488799e-03
1.068081e-01;2.619931e-01;3.783134e-01;3.643168e-02;2.378879e-02;2.070348e-02;3.886396e-02;1.384444e-02;8.540285e-02;1.542449e-02;1.124791e-02;7.177870e-03
6.208218e-02;2.108525e-01;5.245965e-01;2.420420e-02;1.918310e-02;1.838857e-02;3.957880e-02;1.618306e-02;5.032369e-02;1.829246e-02;8.292751e-03;8.022229e-03
8.497598e-02;1.133433e-01;5.857887e-01;3.815727e-02;2.139823e-02;1.626359e-02;5.311844e-02;2.025204e-02;2.227740e-02;1.970428e-02;1.286770e-02;1.185304e-02
6.135653e-02;1.511084e-02;6.589037e-01;5.193618e-02;2.536949e-02;2.352939e-02;6.967295e-02;2.138636e-02;1.325991e-02;3.203282e-02;1.593009e-02;1.151178e-02
2.289624e-02;5.756648e-02;6.795834e-01;4.066886e-02;2.324422e-02;2.459658e-02;6.753234e-02;6.747863e-03;1.411844e-02;4.485092e-02;1.321425e-02;4.980468e-03
1.476820e-02;8.224314e-02;6.702824e-01;3.113623e-02;2.177010e-02;2.420387e-02;6.476876e-02;1.042226e-02;1.735085e-02;4.704470e-02;1.276907e-02;3.240424e-03
5.367366e-02;1.397139e-01;5.936249e-01;2.513102e-02;2.148714e-02;3.120152e-02;5.433283e-02;1.285649e-02;1.574626e-02;3.752669e-02;1.002034e-02;4.685284e-03
1.229414e-01;1.843388e-01;4.758062e-01;2.627623e-02;1.809950e-02;3.262379e-02;3.335220e-02;2.434211e-02;2.979970e-02;3.045676e-02;8.986071e-03;1.297725e-02
2.071602e-01;1.644053e-01;3.330845e-01;2.339703e-02;2.743413e-02;2.680424e-02;6.783240e-02;4.030546e-02;3.679879e-02;2.490663e-02;2.059430e-02;2.727700e-02
2.860727e-01;1.287259e-01;2.259314e-01;2.910315e-02;2.829193e-02;2.154843e-02;1.098954e-01;4.984081e-02;3.350567e-02;1.713184e-02;2.874898e-02;4.120387e-02
3.475547e-01;9.852775e-02;1.192998e-01;2.485049e-02;3.285757e-02;3.495062e-02;1.331610e-01;4.976609e-02;3.989424e-02;2.944072e-02;4.131947e-02;4.837754e-02
3.067978e-01;8.390702e-02;2.457787e-01;2.780061e-02;1.824492e-02;3.043439e-02;8.761599e-02;3.946537e-02;3.646537e-02;3.885133e-02;3.561392e-02;4.902450e-02
2.727901e-01;6.326818e-02;3.080612e-01;2.756311e-02;2.382318e-02;2.339927e-02;6.366818e-02;2.798977e-02;3.521486e-02;5.627724e-02;4.782764e-02;5.011719e-02
2.085121e-01;7.761324e-02;2.455770e-01;3.853938e-02;4.418661e-02;3.283321e-02;5.434165e-02;4.017837e-02;7.041586e-02;5.829638e-02;7.702728e-02;5.247886e-02
1.856162e-01;5.351781e-02;1.991573e-01;3.049763e-02;7.132386e-02;5.761845e-02;6.503977e-02;5.091392e-02;9.885942e-02;5.715926e-02;7.005151e-02;6.024490e-02
1.719589e-01;5.498175e-02;1.596275e-01;3.518005e-02;9.065529e-02;7.524922e-02;6.104087e-02;6.496790e-02;9.939418e-02;6.829525e-02;5.723985e-02;6.140921e-02
1.302756e-01;7.610592e-02;1.892188e-01;5.641202e-02;8.487517e-02;5.918016e-02;7.116564e-02;6.038154e-02;9.498269e-02;8.489396e-02;4.664722e-02;4.586132e-02
1.059491e-01;5.281229e-02;2.031176e-01;6.614254e-02;6.549606e-02;5.875252e-02;1.078789e-01;4.668692e-02;1.028767e-01;1.027400e-01;4.799585e-02;3.955147e-02
9.750836e-02;6.191451e-02;1.428012e-01;7.206713e-02;7.817657e-02;9.937903e-02;1.152174e-01;8.760803e-02;4.568034e-02;1.143131e-01;3.133329e-02;5.400108e-02
8.091861e-02;4.770875e-02;1.022143e-01;7.514949e-02;8.980832e-02;9.857329e-02;1.209843e-01;1.152373e-01;7.589363e-02;8.934779e-02;3.098852e-02;7.317580e-02
5.368567e-02;6.412707e-02;1.033122e-01;6.732950e-02;7.757802e-02;7.260066e-02;1.365873e-01;1.120967e-01;6.032880e-02;1.165641e-01;3.803388e-02;9.775614e-02
7.184675e-02;6.282032e-02;8.876169e-02;7.879134e-02;1.027583e-01;4.918510e-02;9.845131e-02;8.579027e-02;7.543948e-02;1.394832e-01;2.906774e-02;1.176045e-01
7.350138e-02;6.095124e-02;6.909065e-02;9.441543e-02;8.966308e-02;5.941689e-02;6.548972e-02;6.289271e-02;1.625908e-01;1.109789e-01;7.668661e-02;7.432257e-02
6.077322e-02;4.757645e-02;7.796691e-02;1.051601e-01;6.233176e-02;5.653653e-02;1.129111e-01;7.385326e-02;1.662475e-01;1.205506e-01;7.930332e-02;3.678928e-02
7.207207e-02;9.365729e-02;6.676697e-02;8.740260e-02;1.093210e-01;5.986536e-02;9.893261e-02;8.864804e-02;1.167573e-01;1.403673e-01;4.764222e-02;1.856726e-02
1.026844e-01;1.057031e-01;6.885584e-02;5.141804e-02;1.419973e-01;7.225471e-02;6.511104e-02;7.955622e-02;9.689815e-02;1.324822e-01;5.278570e-02;3.025326e-02
1.074284e-01;7.508988e-02;9.763955e-02;4.687124e-02;1.232164e-01;7.274497e-02;9.116361e-02;5.100773e-02;8.083869e-02;9.704428e-02;1.104565e-01;4.649870e-02
8.496799e-02;4.243251e-02;9.427074e-02;5.789913e-02;1.103416e-01;5.860547e-02;1.206457e-01;7.227880e-02;8.886749e-02;1.036203e-01;1.361559e-01;2.991436e-02
7.491843e-02;6.149089e-02;6.980167e-02;5.143035e-02;1.106839e-01;7.149099e-02;1.447435e-01;9.650791e-02;7.138111e-02;1.093849e-01;9.550138e-02;4.266501e-02
9.443258e-02;8.234816e-02;9.807140e-02;6.445391e-02;1.141807e-01;8.526593e-02;1.010630e-01;8.155495e-02;1.031519e-01;8.289319e-02;4.820849e-02;4.437577e-02
8.343834e-02;1.001298e-01;6.916554e-02;9.701962e-02;1.091286e-01;6.628542e-02;8.364772e-02;7.675282e-02;1.232343e-01;9.686940e-02;6.844176e-02;2.588661e-02
4.567765e-02;7.960103e-02;7.024217e-02;1.110135e-01;1.419392e-01;6.897668e-02;1.176748e-01;7.305396e-02;6.501491e-02;1.095766e-01;5.369470e-02;6.353480e-02
5.880043e-02;7.083605e-02;8.438846e-02;9.410511e-02;1.430082e-01;6.620193e-02;1.195108e-01;4.598500e-02;8.798556e-02;1.113420e-01;5.040168e-02;6.743472e-02
7.929522e-02;9.038749e-02;8.082352e-02;8.017403e-02;9.063578e-02;7.008141e-02;1.284976e-01;3.468795e-02;1.361750e-01;1.011482e-01;5.964076e-02;4.845309e-02
9.512287e-02;1.086123e-01;9.244204e-02;9.778252e-02;5.761130e-02;6.844345e-02;9.993234e-02;7.253522e-02;1.295142e-01;9.211197e-02;5.415347e-02;3.173836e-02
1.014059e-01;1.085467e-01;1.290693e-01;8.657683e-02;5.779757e-02;6.653977e-02;8.913092e-02;6.911598e-02;1.120282e-01;8.438170e-02;5.868221e-02;3.672483e-02
6.438076e-02;7.801054e-02;1.555427e-01;7.933065e-02;9.342352e-02;5.343876e-02;8.595777e-02;4.518844e-02;1.208551e-01;9.976102e-02;6.178953e-02;6.232117e-02
6.826315e-02;5.463843e-02;1.336118e-01;1.035981e-01;8.941004e-02;6.617065e-02;1.014851e-01;6.104199e-02;9.141821e-02;1.028877e-01;5.945254e-02;6.802215e-02
6.752732e-02;5.754885e-02;1.135738e-01;1.214812e-01;4.738032e-02;7.994664e-02;1.527187e-01;6.935141e-02;6.418545e-02;1.094292e-01;3.406280e-02;8.279432e-02
4.233379e-02;5.907993e-02;9.083463e-02;9.570147e-02;9.102093e-02;7.229995e-02;1.990119e-01;7.084920e-02;6.440940e-02;9.294622e-02;5.585919e-02;6.565334e-02
3.727425e-02;4.916317e-02;9.525698e-02;5.816635e-02;9.781887e-02;7.385824e-02;1.919011e-01;1.297561e-01;8.946575e-02;8.596115e-02;6.809180e-02;2.328622e-02
4.000251e-02;5.727168e-02;1.067807e-01;5.970407e-02;9.778742e-02;7.946221e-02;1.331229e-01;1.529887e-01;8.303345e-02;7.169881e-02;7.595004e-02;4.219752e-02
3.589084e-02;5.897742e-02;8.750689e-02;4.924155e-02;7.509288e-02;7.979275e-02;1.758518e-01;1.222010e-01;1.143537e-01;6.297327e-02;7.061559e-02;6.750229e-02
7.051045e-02;5.387536e-02;1.558645e-01;4.663433e-02;7.727031e-02;7.908876e-02;1.439829e-01;6.682109e-02;1.007740e-01;6.721003e-02;7.429972e-02;6.366862e-02
8.209067e-02;2.796185e-02;1.872829e-01;4.519104e-02;7.751500e-02;6.984576e-02;1.196641e-01;6.031845e-02;1.075225e-01;8.921438e-02;7.598932e-02;5.740401e-02
9.340918e-02;4.598784e-02;1.661763e-01;5.066810e-02;7.729833e-02;7.064274e-02;1.227818e-01;6.797706e-02;8.538710e-02;1.012795e-01;7.131162e-02;4.708040e-02
8.913363e-02;6.444024e-02;9.386810e-02;9.612323e-02;8.740630e-02;7.818089e-02;1.729626e-01;5.892950e-02;8.250533e-02;7.331087e-02;5.749477e-02;4.564455e-02
4.580590e-02;5.344817e-02;1.125020e-01;1.234876e-01;1.150763e-01;1.000252e-01;1.394784e-01;5.572847e-02;9.281231e-02;8.954632e-02;4.071434e-02;3.137507e-02
5.883338e-02;5.567094e-02;1.289116e-01;1.187271e-01;1.295997e-01;1.021176e-01;1.370351e-01;7.277897e-02;8.110014e-02;6.944280e-02;1.656106e-02;2.922173e-02
6.079499e-02;5.610915e-02;1.271947e-01;1.196786e-01;1.383155e-01;9.174020e-02;1.350350e-01;7.940337e-02;8.021869e-02;6.412399e-02;2.043583e-02;2.694990e-02
5.715790e-02;4.311921e-02;1.213799e-01;1.156029e-01;1.338640e-01;8.263021e-02;1.344437e-01;7.749517e-02;9.822678e-02;6.042139e-02;4.513138e-02;3.052742e-02
8.342588e-02;9.757099e-02;3.352359e-01;4.981578e-02;6.786062e-02;4.207899e-02;1.506791e-01;3.374216e-02;5.669064e-02;2.612251e-02;2.888354e-02;2.789395e-02
1.386607e-01;1.048238e-01;3.679918e-01;4.431604e-02;5.313778e-02;2.965679e-02;1.176673e-01;3.069019e-02;3.256626e-02;2.036917e-02;2.953095e-02;3.058919e-02
1.818948e-01;9.948960e-02;3.090455e-01;3.653032e-02;4.498905e-02;2.899645e-02;1.197938e-01;4.598193e-02;2.147314e-02;2.392086e-02;3.797018e-02;4.991451e-02
2.127761e-01;6.305466e-02;1.820648e-01;2.257879e-02;3.733752e-02;3.631231e-02;1.644913e-01;6.445529e-02;2.001522e-02;4.077467e-02;6.514402e-02;9.099529e-02
1.431168e-01;3.310068e-02;1.111506e-01;2.466054e-02;3.489058e-02;4.221831e-02;2.125857e-01;4.636725e-02;2.983118e-02;8.156148e-02;1.207122e-01;1.198047e-01
6.764479e-02;5.495577e-02;3.515863e-02;4.175323e-02;4.936935e-02;8.427876e-02;1.871886e-01;1.752712e-02;2.994132e-02;1.271646e-01;1.949522e-01;1.100656e-01
8.757456e-02;2.518211e-02;6.174597e-02;3.673044e-02;4.878619e-02;9.984033e-02;1.350385e-01;1.827891e-02;3.961474e-02;1.247962e-01;2.132180e-01;1.091939e-01
4.327071e-02;2.600431e-02;6.817643e-02;2.979136e-02;3.916173e-02;9.317719e-02;1.174305e-01;1.752671e-02;5.707440e-02;1.641752e-01;2.466684e-01;9.754302e-02
6.808838e-02;4.074552e-02;1.555154e-01;2.713687e-02;2.643937e-02;5.992094e-02;1.211149e-01;2.888153e-02;5.264081e-02;1.477882e-01;2.008080e-01;7.092015e-02
9.846029e-02;6.217758e-02;1.414612e-01;3.220432e-02;1.803152e-02;3.814761e-02;1.260437e-01;4.129568e-02;4.928794e-02;1.645712e-01;1.819756e-01;4.634351e-02
7.902452e-02;8.327337e-02;8.114227e-02;4.232129e-02;3.568765e-02;4.039051e-02;1.221177e-01;4.706354e-02;7.498120e-02;1.604334e-01;1.696349e-01;6.392962e-02
6.343989e-02;7.528424e-02;9.515955e-02;5.873765e-02;6.677761e-02;4.146218e-02;1.166012e-01;6.370156e-02;8.447105e-02;1.154116e-01;1.452706e-01;7.368280e-02
6.886676e-02;6.466308e-02;1.108817e-01;7.576295e-02;8.753986e-02;3.199816e-02;1.203122e-01;7.799068e-02;9.910601e-02;8.744863e-02;1.095715e-01;6.585839e-02
6.221046e-02;7.232159e-02;1.208802e-01;6.885799e-02;7.270066e-02;4.881701e-02;1.374821e-01;6.527259e-02;1.266379e-01;8.941945e-02;7.589158e-02;5.950841e-02
7.856705e-02;6.741438e-02;9.335038e-02;5.440205e-02;7.595423e-02;5.282174e-02;1.178371e-01;8.574225e-02;1.328840e-01;1.131393e-01;7.130217e-02;5.658546e-02
8.739486e-02;5.461375e-02;6.731727e-02;5.788831e-02;7.072251e-02;6.135299e-02;9.460238e-02;1.038974e-01;1.073685e-01;1.624880e-01;6.450416e-02;6.784981e-02
8.757357e-02;5.516397e-02;9.282274e-02;6.753287e-02;7.153162e-02;5.314119e-02;9.896733e-02;8.289039e-02;1.379956e-01;1.421525e-01;5.899822e-02;5.123004e-02
8.540178e-02;4.620254e-02;1.184718e-01;7.164484e-02;6.617375e-02;4.234711e-02;1.252914e-01;7.762361e-02;1.717526e-01;9.214003e-02;5.839925e-02;4.455128e-02
5.142431e-02;5.791423e-02;1.369297e-01;5.521253e-02;4.964744e-02;6.454697e-02;1.145926e-01;9.339812e-02;1.595458e-01;7.847001e-02;6.981486e-02;6.850336e-02
4.980093e-02;6.103343e-02;1.442644e-01;5.372955e-02;4.797309e-02;6.494404e-02;9.739199e-02;1.201644e-01;1.161422e-01;8.324118e-02;8.570537e-02;7.560942e-02
4.646769e-02;4.607259e-02;9.692257e-02;8.438177e-02;6.413406e-02;4.934099e-02;8.863054e-02;1.182673e-01;1.042523e-01;1.272086e-01;1.037663e-01;7.055528e-02
4.808881e-02;3.025329e-02;1.135849e-01;8.182467e-02;7.043651e-02;5.499913e-02;9.046970e-02;1.122947e-01;8.296880e-02;1.500302e-01;9.783211e-02;6.721721e-02
4.300028e-02;4.914479e-02;1.100217e-01;5.289955e-02;7.900826e-02;7.296988e-02;1.123548e-01;1.021428e-01;8.979553e-02;1.279604e-01;8.421130e-02;7.649063e-02
6.596404e-02;6.064567e-02;8.950202e-02;5.409935e-02;9.029238e-02;8.208153e-02;1.241970e-01;8.667593e-02;1.200727e-01;1.025545e-01;7.053596e-02;5.337892e-02
6.365267e-02;4.758639e-02;1.118591e-01;7.240590e-02;9.478360e-02;5.676378e-02;1.491018e-01;1.008346e-01;1.044715e-01;1.030318e-01;3.383727e-02;6.167163e-02
6.355853e-02;5.657016e-02;1.059649e-01;7.601064e-02;6.712781e-02;7.650981e-02;1.487920e-01;1.056056e-01;7.565815e-02;1.066210e-01;5.855543e-02;5.902589e-02
7.135263e-02;5.628747e-02;9.118032e-02;6.272174e-02;7.058153e-02;8.537164e-02;1.442992e-01;9.491674e-02;6.716965e-02;1.181531e-01;8.455592e-02;5.341003e-02
5.795525e-02;4.322072e-02;7.780430e-02;4.781799e-02;8.997816e-02;7.709653e-02;1.449858e-01;7.949045e-02;1.041711e-01;1.229797e-01;8.163963e-02;7.286049e-02
4.000654e-02;3.930286e-02;7.364795e-02;5.354055e-02;9.951969e-02;7.679910e-02;1.286726e-01;8.352283e-02;1.264988e-01;1.142078e-01;6.953549e-02;9.474589e-02
5.855965e-02;4.771267e-02;7.782192e-02;6.986996e-02;6.952944e-02;9.281363e-02;1.254533e-01;9.543698e-02;1.329985e-01;1.276098e-01;3.910886e-02;6.308527e-02
4.540179e-02;8.091892e-02;1.095170e-01;9.661985e-02;5.407286e-02;7.860731e-02;1.203841e-01;7.961091e-02;1.254454e-01;1.090394e-01;5.305503e-02;4.732750e-02
7.751338e-02;9.698657e-02;1.273115e-01;9.147742e-02;6.612212e-02;5.534288e-02;1.309558e-01;7.223077e-02;8.641501e-02;8.221219e-02;6.242920e-02;5.100313e-02
7.440365e-02;8.469987e-02;1.441594e-01;9.059702e-02;8.071698e-02;6.193621e-02;1.558737e-01;4.890640e-02;7.446718e-02;9.121665e-02;5.107009e-02;4.195293e-02
5.392267e-02;6.512178e-02;2.062755e-01;7.825534e-02;7.900899e-02;5.880522e-02;1.362117e-01;6.654204e-02;7.098962e-02;8.568382e-02;5.913245e-02;4.005088e-02
6.255137e-02;5.228052e-02;1.885150e-01;6.178359e-02;4.013483e-02;5.030904e-02;1.387017e-01;8.337978e-02;1.206146e-01;7.453779e-02;6.418040e-02;6.301136e-02
6.747077e-02;4.468098e-02;1.380593e-01;5.163515e-02;3.518468e-02;5.203248e-02;1.624829e-01;1.005706e-01;1.409102e-01;6.178163e-02;7.781551e-02;6.737580e-02
6.407329e-02;3.850861e-02;1.086668e-01;5.209372e-02;3.125301e-02;5.552055e-02;1.619645e-01;1.072753e-01;1.818936e-01;5.299008e-02;8.176038e-02;6.400014e-02
5.848481e-02;3.042965e-02;7.513253e-02;5.676503e-02;3.136268e-02;5.600711e-02;2.020137e-01;1.011136e-01;1.977588e-01;1.227198e-01;3.873167e-02;2.948065e-02
4.097996e-02;1.679310e-02;9.047735e-02;5.082493e-02;5.004874e-02;6.362680e-02;2.027830e-01;8.418037e-02;1.212051e-01;1.263199e-01;7.380684e-02;7.895388e-02
5.502706e-02;2.831763e-02;9.046646e-02;4.537078e-02;5.507675e-02;5.633555e-02;1.654639e-01;7.787219e-02;1.299768e-01;1.136871e-01;9.413411e-02;8.827163e-02
7.294771e-02;3.184238e-02;1.105300e-01;4.706079e-02;6.403547e-02;6.432220e-02;1.430939e-01;1.212062e-01;9.397563e-02;1.362632e-01;5.870417e-02;5.601837e-02
8.770312e-02;3.246487e-02;1.458785e-01;5.261950e-02;7.853188e-02;8.580099e-02;1.158545e-01;1.414256e-01;6.259848e-02;1.064796e-01;5.322695e-02;3.741590e-02
1.029675e-01;4.669503e-02;1.796391e-01;3.719786e-02;7.068426e-02;7.169216e-02;1.058409e-01;1.580186e-01;1.122456e-01;4.429153e-02;2.851215e-02;4.221527e-02
1.060706e-01;3.440730e-02;1.434267e-01;4.224036e-02;6.009522e-02;5.940161e-02;1.143674e-01;1.622980e-01;1.256829e-01;7.445617e-02;4.771762e-02;2.983609e-02
1.050259e-01;2.577049e-02;8.608776e-02;5.240194e-02;6.153224e-02;5.477823e-02;1.767679e-01;1.482622e-01;6.932441e-02;1.059318e-01;7.947940e-02;3.463770e-02
1.046563e-01;3.244805e-02;8.749421e-02;6.785977e-02;9.227437e-02;4.974641e-02;1.490197e-01;1.286978e-01;4.073976e-02;1.012954e-01;9.904819e-02;4.672007e-02
7.717264e-02;3.667232e-02;1.091747e-01;6.627806e-02;8.272334e-02;8.149916e-02;2.125999e-01;8.008620e-02;5.585035e-02;4.870420e-02;8.786108e-02;6.137807e-02
5.662297e-02;2.527779e-02;6.029130e-02;5.531187e-02;5.124725e-02;7.074693e-02;3.750128e-01;1.111896e-01;4.203396e-02;3.741982e-02;5.570588e-02;5.913980e-02
9.436634e-02;2.634964e-02;6.418632e-02;5.476141e-02;3.165311e-02;3.037172e-02;4.260612e-01;1.518857e-01;2.697588e-02;2.804473e-02;2.339545e-02;4.194847e-02
1.465123e-01;2.033369e-02;7.687463e-02;3.845389e-02;3.466310e-02;3.093973e-02;3.638148e-01;1.397968e-01;2.527089e-02;3.316542e-02;2.818831e-02;6.198650e-02
1.890239e-01;2.329041e-02;7.327934e-02;2.914760e-02;3.137748e-02;3.820629e-02;2.716009e-01;1.581956e-01;2.831921e-02;5.028735e-02;3.191480e-02;7.535714e-02
2.126672e-01;2.652344e-02;7.408092e-02;3.767950e-02;5.276750e-02;4.659631e-02;1.769220e-01;1.565353e-01;4.938548e-02;5.471245e-02;3.866396e-02;7.346598e-02
2.496968e-01;2.441442e-02;9.480152e-02;4.442495e-02;4.434657e-02;4.583214e-02;1.540585e-01;1.179195e-01;4.609945e-02;4.757970e-02;4.532609e-02;8.550049e-02
3.085994e-01;3.519580e-02;9.523519e-02;3.412244e-02;2.679677e-02;4.098556e-02;1.342403e-01;9.823990e-02;5.295690e-02;3.757020e-02;4.282841e-02;9.322914e-02
3.145598e-01;7.065200e-02;1.480353e-01;1.787133e-02;2.742185e-02;3.802118e-02;1.085955e-01;6.206030e-02;3.715573e-02;4.280893e-02;4.999223e-02;8.282584e-02
2.690360e-01;8.514961e-02;2.160770e-01;1.625542e-02;4.018119e-02;3.331264e-02;6.684092e-02;3.854274e-02;5.021119e-02;5.242738e-02;6.686506e-02;6.510090e-02
2.136342e-01;7.791382e-02;1.690291e-01;3.193609e-02;5.604376e-02;4.791101e-02;8.601536e-02;3.987497e-02;7.462263e-02;9.004140e-02;7.580861e-02;3.716908e-02
1.275577e-01;4.530099e-02;8.561684e-02;2.640484e-02;5.059000e-02;6.691374e-02;2.094536e-01;7.913152e-02;8.137872e-02;9.177860e-02;6.396598e-02;7.190748e-02
1.074729e-01;4.459302e-02;7.712989e-02;3.697440e-02;4.287467e-02;6.953533e-02;2.303044e-01;8.270910e-02;1.159056e-01;8.181792e-02;4.960061e-02;6.108213e-02
9.276056e-02;4.100505e-02;6.781823e-02;4.783347e-02;4.230382e-02;7.949193e-02;2.025118e-01;9.407577e-02;1.158415e-01;1.177355e-01;6.101716e-02;3.760532e-02
1.025179e-01;4.647542e-02;8.051691e-02;4.457525e-02;3.529846e-02;5.764458e-02;1.720327e-01;1.165219e-01;7.676896e-02;1.217287e-01;9.100349e-02;5.491578e-02
1.008540e-01;5.526397e-02;8.819129e-02;4.176013e-02;5.042391e-02;3.332096e-02;1.857110e-01;1.106987e-01;1.196851e-01;6.950203e-02;8.435765e-02;6.023121e-02
9.111229e-02;6.643067e-02;9.666885e-02;4.931586e-02;4.318038e-02;4.742756e-02;1.443461e-01;8.821047e-02;2.011472e-01;5.431517e-02;5.487816e-02;6.296732e-02
9.420305e-02;8.551092e-02;8.771934e-02;7.118344e-02;3.356370e-02;5.260036e-02;8.569117e-02;8.861371e-02;2.264523e-01;6.238647e-02;3.388389e-02;7.819166e-02
8.974948e-02;8.382776e-02;7.674935e-02;7.560578e-02;5.285925e-02;7.215776e-02;1.034202e-01;8.331900e-02;1.649702e-01;6.698573e-02;5.079029e-02;7.956526e-02
9.818777e-02;8.657978e-02;7.270273e-02;5.395459e-02;4.894577e-02;7.159065e-02;1.471295e-01;7.573033e-02;1.363812e-01;7.778269e-02;7.580372e-02;5.521125e-02
8.325261e-02;7.312696e-02;1.101986e-01;7.115252e-02;6.564353e-02;6.627737e-02;1.096216e-01;9.280562e-02;1.152027e-01;1.110927e-01;7.398859e-02;2.763717e-02
8.991946e-02;5.098967e-02;1.027302e-01;7.602052e-02;8.164450e-02;8.053908e-02;1.003344e-01;8.340197e-02;1.163151e-01;1.025037e-01;6.959368e-02;4.600762e-02
9.284278e-02;5.413492e-02;8.932053e-02;7.901327e-02;1.004390e-01;9.786244e-02;1.082139e-01;7.913388e-02;1.174612e-01;7.742679e-02;5.732249e-02;4.682876e-02
1.045267e-01;7.171135e-02;8.446714e-02;7.121014e-02;9.285831e-02;9.180614e-02;1.103840e-01;9.244464e-02;1.052144e-01;8.041781e-02;5.221277e-02;4.274653e-02
1.358612e-01;7.857671e-02;8.318301e-02;6.041745e-02;7.570115e-02;8.979990e-02;9.876166e-02;9.672197e-02;1.113725e-01;7.837982e-02;5.354241e-02;3.768222e-02
1.380862e-01;5.476012e-02;1.337894e-01;6.421830e-02;6.168858e-02;8.465760e-02;1.231151e-01;7.516939e-02;1.047500e-01;6.619673e-02;5.475302e-02;3.881548e-02
9.574974e-02;6.071676e-02;1.230227e-01;6.705756e-02;6.482194e-02;7.144293e-02;9.747308e-02;1.002648e-01;9.902557e-02;1.135493e-01;5.329297e-02;5.358263e-02
8.361904e-02;7.515876e-02;5.581384e-02;6.696952e-02;7.952982e-02;7.193386e-02;8.397358e-02;1.154667e-01;1.102423e-01;1.611580e-01;3.594539e-02;6.018927e-02
6.206335e-02;5.953649e-02;7.848161e-02;4.292532e-02;8.982596e-02;6.552341e-02;1.003841e-01;1.218499e-01;1.163590e-01;1.732457e-01;3.832615e-02;5.147907e-02
5.548028e-02;4.847816e-02;9.353631e-02;3.957951e-02;7.937704e-02;4.612591e-02;1.186534e-01;1.187543e-01;9.747782e-02;2.164185e-01;5.474888e-02;3.136980e-02
6.379902e-02;5.436984e-02;6.649746e-02;5.720652e-02;7.207385e-02;6.369879e-02;1.541370e-01;8.360270e-02;8.843204e-02;1.900129e-01;6.599730e-02;4.017254e-02
6.634032e-02;5.348207e-02;9.299199e-02;8.656143e-02;8.501592e-02;9.316339e-02;9.696107e-02;7.650436e-02;1.205134e-01;1.392051e-01;5.083123e-02;3.842971e-02
6.772055e-02;2.423139e-02;6.978090e-02;7.103334e-02;8.400614e-02;9.163082e-02;7.012399e-02;8.231614e-02;1.724326e-01;2.011009e-01;3.293346e-02;3.268980e-02
8.050200e-02;4.113435e-02;1.058187e-01;5.492944e-02;6.113976e-02;6.148210e-02;1.034981e-01;1.007358e-01;1.190065e-01;2.018016e-01;4.152712e-02;2.842454e-02
8.639917e-02;6.782529e-02;2.103783e-01;7.655262e-02;7.133601e-02;3.840959e-02;1.281980e-01;7.967799e-02;7.463685e-02;1.194658e-01;2.658821e-02;2.053208e-02
7.818841e-02;5.459724e-02;2.377244e-01;6.886286e-02;7.633166e-02;3.899791e-02;1.216977e-01;4.545100e-02;1.413007e-01;9.299313e-02;2.493203e-02;1.892290e-02
6.089563e-02;3.497312e-02;2.284263e-01;5.312081e-02;6.667914e-02;4.537834e-02;1.163624e-01;6.216370e-02;1.837694e-01;6.859656e-02;4.603855e-02;3.359606e-02
4.527260e-02;6.774180e-02;2.332106e-01;4.622402e-02;5.735093e-02;6.065924e-02;9.905708e-02;6.561454e-02;1.440301e-01;7.395194e-02;6.657401e-02;4.031311e-02
9.503206e-02;1.024074e-01;2.452350e-01;4.532801e-02;5.400279e-02;6.089183e-02;7.620692e-02;5.035406e-02;9.346912e-02;7.976401e-02;6.025022e-02;3.705859e-02
1.394643e-01;1.094761e-01;3.365920e-01;3.719350e-02;4.590807e-02;3.624808e-02;8.840352e-02;2.537834e-02;5.660490e-02;5.410499e-02;3.885630e-02;3.176986e-02
1.769556e-01;1.068124e-01;3.323498e-01;3.311419e-02;4.012674e-02;2.889759e-02;1.042255e-01;3.789843e-02;4.099040e-02;3.531438e-02;2.540221e-02;3.791272e-02
2.193517e-01;8.966510e-02;2.306477e-01;2.847772e-02;2.784864e-02;2.428682e-02;1.460001e-01;6.955186e-02;3.046574e-02;3.597463e-02;3.561098e-02;6.211893e-02
2.210377e-01;5.493775e-02;1.019694e-01;2.392153e-02;3.886048e-02;2.945571e-02;2.069495e-01;8.991770e-02;2.161807e-02;4.512607e-02;6.453300e-02;1.016731e-01
1.623756e-01;3.399730e-02;9.234663e-02;2.557223e-02;5.336450e-02;3.753651e-02;2.346026e-01;8.699609e-02;3.429531e-02;5.479180e-02;7.402422e-02;1.100972e-01
