1.087652e-01;8.156211e-02;1.084838e-01;8.154906e-02;8.791444e-02;5.960888e-02;1.159516e-01;9.701023e-02;1.017737e-01;5.414435e-02;5.705588e-02;4.618076e-02
1.156885e-01;5.680698e-02;8.043948e-02;5.910614e-02;1.138083e-01;5.671374e-02;1.168103e-01;1.214163e-01;9.006052e-02;5.744215e-02;6.380710e-02;6.790061e-02
9.442399e-02;5.865212e-02;6.857719e-02;3.407361e-02;1.043817e-01;8.428144e-02;1.341762e-01;1.319137e-01;8.551510e-02;5.521065e-02;6.882042e-02;7.997387e-02
4.825613e-02;5.794140e-02;8.974584e-02;8.855686e-02;1.139877e-01;1.252096e-01;1.177098e-01;9.393125e-02;7.388026e-02;6.998268e-02;6.651181e-02;5.428667e-02
5.301818e-02;5.689488e-02;8.938707e-02;8.123817e-02;1.058749e-01;1.261884e-01;1.192286e-01;8.944513e-02;7.720874e-02;7.243767e-02;7.666811e-02;5.241013e-02
5.401908e-02;7.375386e-02;1.028804e-01;4.503249e-02;1.054194e-01;1.278807e-01;1.490572e-01;8.620466e-02;5.636553e-02;7.017867e-02;8.243391e-02;4.677413e-02
3.743722e-02;5.455743e-02;9.000503e-02;8.993207e-02;9.559058e-02;1.159225e-01;1.415033e-01;7.789528e-02;6.789877e-02;1.245335e-01;6.041222e-02;4.431210e-02
3.572055e-02;4.976711e-02;9.566948e-02;5.783412e-02;1.365193e-01;1.082960e-01;1.263083e-01;8.732343e-02;7.995840e-02;1.273242e-01;5.303394e-02;4.224525e-02
2.620075e-02;8.193823e-02;6.169832e-02;8.558588e-02;1.415077e-01;1.235848e-01;9.749245e-02;9.187594e-02;1.068015e-01;8.039956e-02;4.019168e-02;6.272320e-02
4.242546e-02;9.200870e-02;9.313830e-02;1.226007e-01;7.615867e-02;1.199624e-01;5.317293e-02;9.246495e-02;9.828579e-02;6.504115e-02;4.579563e-02;9.894527e-02
6.122044e-02;9.469561e-02;1.123261e-01;1.148829e-01;6.606732e-02;9.394082e-02;5.370788e-02;9.098323e-02;7.472032e-02;8.560385e-02;6.433862e-02;8.751296e-02
7.423361e-02;1.109095e-01;1.225645e-01;8.467851e-02;8.670009e-02;9.909260e-02;3.478379e-02;8.166328e-02;4.750114e-02;9.659570e-02;1.083942e-01;5.288304e-02
8.971915e-02;1.419879e-01;1.115839e-01;4.656208e-02;6.706978e-02;1.056846e-01;5.129613e-02;6.003524e-02;6.358200e-02;1.207884e-01;1.026492e-01;3.904168e-02
7.885480e-02;1.351899e-01;7.893232e-02;6.075206e-02;5.527863e-02;7.936027e-02;5.147941e-02;6.186522e-02;9.269841e-02;1.350291e-01;6.194299e-02;1.086169e-01
9.015501e-02;1.100875e-01;6.070266e-02;1.287842e-01;6.266695e-02;5.844444e-02;5.458631e-02;7.736465e-02;9.187350e-02;1.312218e-01;4.190222e-02;9.221077e-02
7.021642e-02;6.546503e-02;5.281519e-02;1.466964e-01;5.041494e-02;4.794365e-02;5.981201e-02;4.534236e-02;1.245762e-01;1.318081e-01;9.457564e-02;1.103341e-01
6.987728e-02;5.220515e-02;1.142567e-01;7.306870e-02;5.171711e-02;6.932461e-02;6.136573e-02;5.300433e-02;7.641671e-02;1.166611e-01;1.870709e-01;7.503165e-02
9.454235e-02;5.125555e-02;1.164216e-01;7.412030e-02;6.551068e-02;5.606828e-02;7.695989e-02;4.846732e-02;5.049937e-02;1.224857e-01;1.637838e-01;7.988511e-02
1.062815e-01;4.665557e-02;1.199828e-01;5.726302e-02;9.023290e-02;7.363386e-02;8.984806e-02;5.425914e-02;5.819154e-02;1.109603e-01;1.260649e-01;6.662636e-02
7.572405e-02;4.147520e-02;1.132447e-01;8.147106e-02;9.994324e-02;1.060218e-01;8.499412e-02;5.656976e-02;9.806032e-02;7.007137e-02;6.956606e-02;1.028583e-01
1.277102e-01;8.932096e-02;1.203500e-01;8.155705e-02;7.796906e-02;9.055747e-02;9.377312e-02;6.520127e-02;9.094445e-02;6.006387e-02;4.442000e-02;5.813247e-02
1.315555e-01;9.627163e-02;8.668970e-02;8.017733e-02;7.204071e-02;6.541332e-02;1.347147e-01;7.018992e-02;7.025003e-02;4.926290e-02;4.446113e-02;9.897312e-02
7.729273e-02;4.900205e-02;1.043945e-01;1.099503e-01;5.160010e-02;5.751199e-02;1.957829e-01;4.162605e-02;4.048011e-02;2.445104e-02;6.724577e-02;1.806625e-01
3.584345e-02;2.825466e-02;9.489506e-02;1.204536e-01;2.961137e-02;5.308944e-02;2.314130e-01;1.384559e-02;1.399577e-02;3.006440e-02;9.188562e-02;2.566480e-01
3.078615e-02;2.118918e-02;5.312755e-02;9.184292e-02;2.423246e-02;6.069354e-02;2.338799e-01;1.422761e-02;1.292621e-02;3.226950e-02;1.569339e-01;2.678910e-01
3.861152e-02;2.170315e-02;3.951528e-02;6.818330e-02;3.498501e-02;8.557088e-02;2.048491e-01;2.484121e-02;2.107576e-02;4.523688e-02;1.944107e-01;2.210173e-01
5.088043e-02;3.198308e-02;6.384551e-02;6.048580e-02;5.367481e-02;9.958968e-02;1.680246e-01;3.332061e-02;3.654931e-02;5.950521e-02;1.747382e-01;1.674028e-01
5.938812e-02;4.160771e-02;9.706914e-02;5.924109e-02;7.821507e-02;8.942290e-02;1.527800e-01;3.173668e-02;4.497483e-02;8.077603e-02;1.484148e-01;1.163736e-01
6.596266e-02;4.330850e-02;1.063336e-01;3.930276e-02;5.765257e-02;7.198113e-02;1.447629e-01;3.963630e-02;7.092554e-02;1.324328e-01;1.733337e-01;5.436750e-02
8.466576e-02;5.744297e-02;7.744078e-02;5.014187e-02;2.387416e-02;6.975479e-02;8.900159e-02;9.067961e-02;4.529881e-02;1.248459e-01;1.217558e-01;1.650980e-01
9.413375e-02;5.666277e-02;9.254179e-02;4.157607e-02;2.658835e-02;5.983879e-02;9.083930e-02;1.094826e-01;6.249752e-02;7.917091e-02;1.320829e-01;1.545853e-01
5.691348e-02;4.999932e-02;8.302923e-02;2.212594e-02;3.835735e-02;7.537585e-02;1.440051e-01;1.156452e-01;9.066907e-02;7.566756e-02;1.219779e-01;1.262340e-01
1.162253e-01;5.192919e-02;9.291759e-02;3.446671e-02;2.971564e-02;6.060882e-02;1.388587e-01;7.648705e-02;9.574879e-02;5.225477e-02;1.071186e-01;1.436688e-01
1.849642e-01;4.951882e-02;3.377414e-02;4.290484e-02;1.183365e-02;2.870672e-02;2.062107e-01;1.048396e-01;6.508464e-02;5.161768e-02;6.202538e-02;1.585197e-01
1.670540e-01;5.148269e-02;2.889895e-02;5.667334e-02;5.335667e-03;7.611033e-03;2.399671e-01;1.589256e-01;3.322091e-02;6.894173e-02;2.454903e-02;1.573399e-01
1.221508e-01;4.050653e-02;1.741431e-02;6.629121e-02;3.996634e-03;1.262266e-02;2.747267e-01;1.859962e-01;3.458223e-02;7.218745e-02;1.596569e-02;1.535596e-01
7.123210e-02;2.334696e-02;1.139136e-02;7.114232e-02;4.242356e-03;1.664313e-02;3.240071e-01;1.692521e-01;4.215300e-02;5.985446e-02;2.064291e-02;1.860922e-01
2.447150e-02;1.432530e-02;1.908216e-02;6.556504e-02;5.534991e-03;4.008360e-02;3.415023e-01;1.006830e-01;4.227582e-02;3.535822e-02;5.624492e-02;2.548732e-01
1.395128e-02;1.151225e-02;4.239677e-02;4.212869e-02;6.459219e-03;8.531256e-02;2.627398e-01;3.455366e-02;4.910464e-02;1.785060e-02;1.488155e-01;2.851751e-01
1.396101e-02;1.067012e-02;6.435938e-02;1.616569e-02;9.835983e-03;1.373000e-01;1.680363e-01;2.096260e-02;5.080166e-02;2.422996e-02;2.625389e-01;2.211385e-01
2.026950e-02;1.154775e-02;6.743501e-02;1.027212e-02;2.733736e-02;1.650017e-01;1.219677e-01;2.550484e-02;4.457795e-02;4.235447e-02;3.258622e-01;1.378694e-01
1.160216e-02;3.270081e-02;6.585081e-02;2.502174e-02;7.109743e-02;1.667738e-01;8.944596e-02;3.116307e-02;4.397292e-02;8.396988e-02;3.112190e-01;6.718240e-02
3.011341e-02;5.379126e-02;5.624023e-02;5.476048e-02;1.104890e-01;1.218930e-01;9.356630e-02;6.972264e-02;5.789294e-02;1.117105e-01;1.832327e-01;5.658750e-02
6.915722e-02;5.146199e-02;1.104783e-01;6.218074e-02;8.899133e-02;9.708487e-02;1.364280e-01;8.035994e-02;5.206695e-02;9.507840e-02;8.066139e-02;7.605091e-02
9.454003e-02;7.016335e-02;1.761540e-01;5.442687e-02;4.861097e-02;9.629210e-02;1.692064e-01;5.425528e-02;4.674218e-02;6.271410e-02;6.665543e-02;6.023937e-02
8.339605e-02;5.859943e-02;1.505526e-01;7.579546e-02;7.120305e-02;8.764147e-02;1.612849e-01;6.848857e-02;6.218462e-02;7.580253e-02;5.760447e-02;4.744680e-02
5.487215e-02;5.497725e-02;1.817488e-01;9.363378e-02;8.325528e-02;8.643848e-02;1.292436e-01;6.940079e-02;6.431742e-02;8.985702e-02;3.285562e-02;5.939990e-02
4.878153e-02;7.113627e-02;2.113171e-01;8.272833e-02;8.259056e-02;8.543449e-02;1.013811e-01;6.278440e-02;5.953668e-02;8.967100e-02;5.154622e-02;5.309234e-02
7.491499e-02;7.067324e-02;1.972990e-01;5.460159e-02;7.483250e-02;8.458387e-02;1.117866e-01;4.917241e-02;6.032893e-02;9.330481e-02;7.152238e-02;5.697961e-02
8.627191e-02;5.242320e-02;1.573390e-01;7.386132e-02;6.550903e-02;8.956715e-02;1.091649e-01;6.151726e-02;4.944292e-02;1.078968e-01;7.719605e-02;6.981041e-02
8.497587e-02;5.626830e-02;8.633094e-02;7.584484e-02;1.197656e-01;9.705526e-02;1.069508e-01;6.895444e-02;8.999814e-02;9.143858e-02;5.148511e-02;7.093215e-02
6.466255e-02;8.317092e-02;7.767448e-02;9.826448e-02;1.056718e-01;7.043239e-02;1.312040e-01;3.344685e-02;1.281981e-01;8.202671e-02;7.656380e-02;4.868394e-02
4.878148e-02;8.988733e-02;7.314224e-02;8.169129e-02;9.044816e-02;5.390148e-02;1.833440e-01;5.857862e-02;9.014943e-02;1.021895e-01;8.741529e-02;4.047126e-02
5.311460e-02;9.794666e-02;1.524111e-01;5.359934e-02;9.404679e-02;7.239419e-02;1.548457e-01;6.087287e-02;6.492449e-02;7.221355e-02;6.745151e-02;5.617918e-02
6.385352e-02;8.404602e-02;2.658471e-01;7.450128e-02;7.050237e-02;4.943759e-02;1.292899e-01;4.060879e-02;5.628373e-02;5.513252e-02;5.585371e-02;5.464355e-02
1.044210e-01;7.685833e-02;2.258653e-01;7.494514e-02;5.810292e-02;3.155444e-02;1.573482e-01;4.770294e-02;7.669067e-02;6.706627e-02;5.411706e-02;2.532785e-02
1.594794e-01;8.885413e-02;1.288914e-01;5.758341e-02;4.376148e-02;3.525942e-02;1.456048e-01;1.090226e-01;8.507150e-02;5.110980e-02;4.917608e-02;4.618605e-02
1.441170e-01;6.795745e-02;7.802528e-02;7.731499e-02;3.050240e-02;4.414509e-02;2.199000e-01;1.056897e-01;5.548181e-02;3.409050e-02;3.708376e-02;1.056920e-01
9.141449e-02;3.173340e-02;5.085671e-02;1.148746e-01;1.623211e-02;5.720768e-02;3.240347e-01;6.885007e-02;2.462488e-02;2.221990e-02;3.075147e-02;1.672000e-01
3.615143e-02;1.083308e-02;5.923343e-02;1.359188e-01;1.468847e-02;7.302580e-02;3.629025e-01;4.456517e-02;1.388728e-02;1.353503e-02;5.827004e-02;1.769889e-01
1.440507e-02;1.057256e-02;8.580960e-02;1.250130e-01;2.364240e-02;9.001930e-02;3.639145e-01;2.954632e-02;1.631630e-02;7.693997e-03;8.608961e-02;1.469773e-01
8.784272e-03;7.677234e-03;1.326106e-01;7.705447e-02;3.426340e-02;1.156325e-01;3.221929e-01;2.145651e-02;2.848530e-02;1.313666e-02;1.257593e-01;1.129469e-01
4.428484e-03;7.387212e-03;1.683025e-01;2.575414e-02;2.689210e-02;1.428483e-01;3.008181e-01;2.243512e-02;3.761860e-02;1.295443e-02;1.509245e-01;9.963662e-02
6.745228e-03;5.694330e-03;1.657142e-01;3.434440e-02;1.915516e-02;1.494494e-01;3.077934e-01;1.634192e-02;4.657763e-02;1.346241e-02;1.447309e-01;8.999109e-02
7.242039e-03;4.062044e-03;1.562669e-01;3.177227e-02;1.303446e-02;1.451673e-01;2.984228e-01;1.845272e-02;6.466378e-02;1.461223e-02;1.528336e-01;9.346996e-02
8.808032e-03;5.571721e-03;1.453066e-01;1.326161e-02;8.372704e-03;1.572699e-01;2.687556e-01;1.402597e-02;8.232434e-02;1.205303e-02;1.638018e-01;1.204488e-01
8.307573e-03;1.101062e-02;1.138626e-01;1.732237e-02;7.512229e-03;1.500388e-01;2.652969e-01;1.749360e-02;9.465136e-02;2.471458e-02;1.446089e-01;1.451806e-01
1.370683e-02;3.157356e-02;6.649042e-02;4.154782e-02;6.425685e-03;1.155302e-01;3.137353e-01;1.449632e-02;6.985216e-02;5.738709e-02;9.307905e-02;1.761756e-01
2.652310e-02;5.303226e-02;2.827443e-02;6.840369e-02;4.160415e-03;8.072266e-02;3.480761e-01;2.604878e-02;3.233252e-02;9.320842e-02;4.437420e-02;1.948434e-01
3.825561e-02;5.508184e-02;1.485260e-02;7.926498e-02;3.414055e-03;7.120768e-02;3.471542e-01;4.060993e-02;1.779166e-02;1.134804e-01;2.802949e-02;1.908576e-01
6.646335e-02;5.006990e-02;2.801547e-02;7.455347e-02;7.086841e-03;6.942517e-02;3.151852e-01;5.750146e-02;1.851464e-02;1.191847e-01;2.808601e-02;1.659137e-01
1.257374e-01;4.974221e-02;7.974412e-02;5.738022e-02;2.165755e-02;6.417373e-02;2.418363e-01;7.503776e-02;2.860331e-02;1.054493e-01;3.484822e-02;1.157899e-01
1.685195e-01;5.368292e-02;1.229961e-01;5.901740e-02;4.461996e-02;6.324303e-02;1.571852e-01;8.554140e-02;3.300593e-02;8.518261e-02;4.838860e-02;7.861740e-02
8.543824e-02;4.703545e-02;1.233626e-01;6.316234e-02;6.264716e-02;9.208046e-02;1.126930e-01;4.451805e-02;7.793281e-02;1.445440e-01;8.110940e-02;6.547645e-02
6.149710e-02;6.185276e-02;1.468635e-01;6.602596e-02;8.079439e-02;8.262742e-02;1.111717e-01;5.901764e-02;7.613363e-02;1.266195e-01;8.014037e-02;4.725602e-02
4.976359e-02;5.368976e-02;2.050589e-01;8.273378e-02;9.185042e-02;8.214185e-02;9.142269e-02;4.873656e-02;7.399152e-02;1.030624e-01;6.570034e-02;5.184812e-02
3.746633e-02;6.189539e-02;2.043021e-01;8.531827e-02;9.142396e-02;7.191437e-02;1.471959e-01;4.305264e-02;7.003653e-02;1.000286e-01;3.938215e-02;4.798377e-02
2.269639e-02;6.802583e-02;9.875538e-02;7.725192e-02;5.885145e-02;6.814982e-02;2.279791e-01;4.418879e-02;5.384215e-02;1.405989e-01;3.851213e-02;1.011481e-01
6.293211e-02;5.097358e-02;1.083495e-01;6.059764e-02;6.228120e-02;9.819078e-02;1.165084e-01;1.026460e-01;9.347628e-02;1.181390e-01;4.893042e-02;7.697498e-02
6.888088e-02;6.112128e-02;1.032252e-01;5.497055e-02;6.771345e-02;9.312054e-02;1.416599e-01;1.068932e-01;1.035609e-01;8.626831e-02;5.552477e-02;5.706102e-02
1.029664e-01;3.823185e-02;9.384194e-02;5.938889e-02;6.113850e-02;9.436014e-02;1.572820e-01;7.648464e-02;1.329988e-01;5.768355e-02;6.598048e-02;5.964287e-02
1.039077e-01;7.253349e-02;1.142031e-01;6.395327e-02;6.014759e-02;6.278843e-02;1.368180e-01;8.900338e-02;1.011896e-01;6.144934e-02;6.342045e-02;7.058566e-02
9.831727e-02;7.668407e-02;1.283506e-01;6.042393e-02;7.409712e-02;6.244330e-02;1.265040e-01;8.877788e-02;8.427938e-02;7.483752e-02;4.997144e-02;7.531338e-02
7.923038e-02;6.689150e-02;1.514445e-01;4.846539e-02;9.555888e-02;8.208703e-02;1.120362e-01;8.874273e-02;5.771684e-02;1.076060e-01;3.552507e-02;7.469551e-02
6.125533e-02;5.687261e-02;1.483536e-01;4.899846e-02;8.563484e-02;8.509161e-02;1.200654e-01;9.701765e-02;6.781139e-02;9.849082e-02;6.306710e-02;6.734118e-02
6.372447e-02;8.400172e-02;9.875883e-02;6.137334e-02;6.687465e-02;8.439349e-02;1.417393e-01;8.702193e-02;9.929917e-02;8.499541e-02;7.700641e-02;5.081123e-02
7.351558e-02;7.523866e-02;2.452764e-01;6.798062e-02;6.407186e-02;7.332686e-02;1.047670e-01;4.638374e-02;7.955196e-02;7.966717e-02;6.087198e-02;2.934815e-02
1.019084e-01;6.942004e-02;3.421696e-01;4.742694e-02;5.805595e-02;5.098443e-02;9.807869e-02;3.081556e-02;4.505999e-02;6.742553e-02;5.524729e-02;3.340761e-02
1.110735e-01;7.463364e-02;3.318459e-01;3.930928e-02;5.844959e-02;4.351038e-02;8.395063e-02;4.873295e-02;3.959483e-02;6.460465e-02;5.977946e-02;4.451526e-02
1.114247e-01;7.336076e-02;2.530484e-01;5.606398e-02;7.227129e-02;4.564975e-02;5.168096e-02;7.075205e-02;4.678133e-02;9.964069e-02;7.346068e-02;4.586546e-02
1.152905e-01;5.722808e-02;1.076081e-01;8.603468e-02;8.432005e-02;5.425716e-02;1.152516e-01;6.525384e-02;8.813654e-02;1.040605e-01;7.271080e-02;4.984813e-02
9.394260e-02;5.994548e-02;9.062353e-02;9.156813e-02;9.393053e-02;7.532422e-02;1.068474e-01;7.098874e-02;9.977955e-02;8.826020e-02;5.960242e-02;6.918722e-02
5.896326e-02;7.576620e-02;1.028402e-01;7.847805e-02;9.610348e-02;1.065731e-01;6.528986e-02;7.741792e-02;1.012272e-01;1.159308e-01;5.887754e-02;6.253233e-02
7.493895e-02;5.143235e-02;1.267549e-01;5.179168e-02;1.142150e-01;8.908785e-02;1.149966e-01;8.931894e-02;1.023859e-01;8.635698e-02;5.304908e-02;4.567178e-02
6.749199e-02;5.662876e-02;8.670218e-02;5.064436e-02;7.957448e-02;7.193966e-02;1.570260e-01;9.611988e-02;1.143198e-01;9.406275e-02;5.068753e-02;7.480267e-02
4.446074e-02;5.227112e-02;1.304986e-01;4.570255e-02;5.549202e-02;7.043245e-02;1.048874e-01;1.612241e-01;1.408178e-01;1.228073e-01;3.981632e-02;3.158955e-02
5.243066e-02;5.357906e-02;1.201260e-01;4.854351e-02;4.854252e-02;7.297381e-02;1.003140e-01;1.716310e-01;1.366913e-01;1.132191e-01;5.326871e-02;2.868036e-02
7.145226e-02;8.291032e-02;1.599651e-01;4.773659e-02;5.253999e-02;7.110342e-02;1.210373e-01;1.266772e-01;9.731299e-02;8.588528e-02;4.053356e-02;4.284596e-02
1.228288e-01;1.121610e-01;2.513849e-01;5.322067e-02;5.703187e-02;5.633347e-02;1.081726e-01;7.419911e-02;5.681233e-02;5.146758e-02;2.406318e-02;3.232457e-02
1.697656e-01;1.125454e-01;2.355848e-01;4.886425e-02;4.887410e-02;4.268224e-02;1.142822e-01;9.110142e-02;5.334512e-02;2.832502e-02;1.865099e-02;3.597886e-02
1.731799e-01;8.623361e-02;1.486878e-01;4.684119e-02;3.654349e-02;4.009395e-02;2.044929e-01;1.191768e-01;3.727712e-02;1.698880e-02;2.075219e-02;6.973229e-02
9.854492e-02;3.049430e-02;6.527789e-02;3.869640e-02;3.355624e-02;6.375121e-02;3.526624e-01;1.176736e-01;3.324423e-02;1.820705e-02;4.668387e-02;1.012079e-01
3.385952e-02;7.380215e-03;8.399942e-02;2.555328e-02;4.021890e-02;1.243618e-01;3.447612e-01;7.180097e-02;4.935085e-02;2.189044e-02;1.056044e-01;9.121892e-02
3.222194e-02;7.152134e-03;1.539399e-01;1.478909e-02;3.497184e-02;2.022441e-01;2.044352e-01;2.488527e-02;5.921171e-02;2.672935e-02;1.809640e-01;5.845550e-02
5.339591e-02;1.116606e-02;1.955905e-01;9.154481e-03;2.429656e-02;2.649758e-01;8.499498e-02;1.245217e-02;4.471743e-02;3.364251e-02;2.383914e-01;2.722219e-02
7.412301e-02;1.103246e-02;2.026697e-01;5.396729e-03;2.643905e-02;2.893420e-01;5.403563e-02;7.056903e-03;3.269916e-02;3.692247e-02;2.389962e-01;2.128665e-02
8.787326e-02;1.436284e-02;1.855557e-01;9.049724e-03;5.234481e-02;2.864278e-01;5.342722e-02;9.704181e-03;2.949720e-02;4.347644e-02;2.073951e-01;2.088570e-02
9.685061e-02;2.370652e-02;1.648198e-01;3.573896e-02;8.252078e-02;2.644193e-01;4.576814e-02;1.600448e-02;2.818613e-02;5.001563e-02;1.709078e-01;2.106182e-02
7.733673e-02;5.715835e-02;1.441060e-01;7.348946e-02;1.103685e-01;1.992844e-01;6.177751e-02;3.172666e-02;3.149020e-02;6.162916e-02;1.242300e-01;2.740297e-02
6.092290e-02;1.043536e-01;1.135902e-01;1.000692e-01;1.261571e-01;1.089448e-01;1.048888e-01;4.427087e-02;4.015453e-02;7.543127e-02;7.184387e-02;4.937294e-02
7.778134e-02;9.124377e-02;1.679296e-01;7.039924e-02;1.129289e-01;9.310786e-02;8.845963e-02;5.408380e-02;6.536795e-02;3.990018e-02;6.886996e-02;6.992774e-02
1.057836e-01;7.157010e-02;1.959139e-01;3.879594e-02;7.260825e-02;6.198423e-02;9.093986e-02;4.983405e-02;6.012231e-02;7.050819e-02;1.043498e-01;7.758987e-02
1.181951e-01;7.732444e-02;1.730523e-01;3.871874e-02;4.493438e-02;6.662340e-02;6.613566e-02;6.550216e-02;5.057861e-02;9.414142e-02;1.209455e-01;8.384827e-02
1.164108e-01;8.629558e-02;1.368933e-01;4.172463e-02;4.970178e-02;8.852841e-02;6.533257e-02;7.552492e-02;5.532620e-02;9.352075e-02;1.174373e-01;7.330373e-02
1.003961e-01;8.896576e-02;1.335823e-01;4.497013e-02;8.098532e-02;9.676826e-02;8.185869e-02;8.079308e-02;7.186209e-02;7.462460e-02;1.022060e-01;4.298776e-02
1.190864e-01;5.261114e-02;1.523340e-01;7.358324e-02;1.149305e-01;1.040700e-01;8.663444e-02;6.572034e-02;7.107868e-02;5.294068e-02;6.361415e-02;4.339636e-02
8.773378e-02;6.171149e-02;1.676280e-01;6.122150e-02;9.234108e-02;1.247966e-01;4.984098e-02;6.712813e-02;6.291161e-02;5.992082e-02;7.828170e-02;8.648422e-02
8.172809e-02;7.101133e-02;9.446880e-02;4.988877e-02;4.055423e-02;3.691950e-02;4.862160e-02;6.337209e-02;1.207729e-01;1.169121e-01;1.526059e-01;1.231447e-01
7.765963e-02;5.714880e-02;7.301578e-02;6.550194e-02;4.430711e-02;4.907760e-02;8.859186e-02;6.058671e-02;8.201797e-02;1.488099e-01;1.605829e-01;9.269984e-02
6.686272e-02;5.960932e-02;8.165736e-02;7.930430e-02;4.228490e-02;5.983103e-02;1.175761e-01;5.577645e-02;5.714496e-02;1.635332e-01;1.459914e-01;7.042825e-02
6.063392e-02;6.425203e-02;1.116179e-01;9.613339e-02;3.962819e-02;5.971943e-02;1.375217e-01;4.312689e-02;6.740920e-02;1.459500e-01;1.028601e-01;7.114723e-02
5.360301e-02;9.654360e-02;1.551965e-01;9.553672e-02;3.406983e-02;4.887078e-02;1.176709e-01;4.233587e-02;1.039598e-01;6.265525e-02;9.556376e-02;9.399402e-02
1.120858e-01;9.380149e-02;2.174473e-01;5.273217e-02;3.746114e-02;3.607088e-02;7.802755e-02;6.323647e-02;1.062843e-01;5.334711e-02;7.386278e-02;7.564300e-02
1.429591e-01;1.067005e-01;2.119043e-01;4.593100e-02;3.866704e-02;2.801537e-02;6.777412e-02;6.657705e-02;8.631007e-02;5.196597e-02;8.561029e-02;6.758519e-02
1.442443e-01;1.004582e-01;1.360395e-01;3.850653e-02;3.217503e-02;4.648073e-02;6.418226e-02;6.003975e-02;8.554862e-02;7.668003e-02;1.397679e-01;7.587717e-02
9.552026e-02;7.066341e-02;7.339558e-02;2.529676e-02;4.310578e-02;7.512685e-02;6.282029e-02;4.600373e-02;7.048520e-02;1.544503e-01;2.233174e-01;5.981447e-02
2.753922e-02;6.794117e-02;2.563120e-02;2.232457e-02;7.571295e-02;7.235159e-02;4.138664e-02;6.576858e-02;5.114092e-02;2.652782e-01;2.500348e-01;3.489016e-02
1.012237e-02;8.705609e-02;1.730618e-02;1.671383e-02;8.395528e-02;4.953274e-02;3.041322e-02;9.179344e-02;8.564443e-02;2.985691e-01;1.996843e-01;2.920903e-02
1.682116e-02;9.800805e-02;2.069855e-02;2.199983e-02;9.385855e-02;3.529076e-02;1.996952e-02;8.684512e-02;1.163528e-01;2.978051e-01;1.624649e-01;2.988564e-02
1.650975e-02;8.621491e-02;1.532790e-02;3.206574e-02;1.018235e-01;2.966981e-02;3.382872e-02;4.923322e-02;1.255362e-01;3.131166e-01;1.566996e-01;3.997400e-02
2.179414e-02;6.331408e-02;3.198242e-02;4.017234e-02;8.564445e-02;3.055049e-02;5.859705e-02;3.305395e-02;9.814177e-02;3.206158e-01;1.731073e-01;4.302619e-02
5.481648e-02;5.360826e-02;3.957345e-02;3.979535e-02;6.856608e-02;2.935390e-02;5.069779e-02;4.838539e-02;9.353493e-02;3.080439e-01;1.748945e-01;3.872996e-02
9.596726e-02;6.051077e-02;9.128838e-02;2.633191e-02;3.707481e-02;3.406874e-02;1.009584e-01;6.891523e-02;8.759050e-02;2.128195e-01;1.369903e-01;4.748422e-02
1.357285e-01;6.095797e-02;1.044137e-01;2.993860e-02;2.772607e-02;3.945734e-02;1.275333e-01;7.339790e-02;8.679485e-02;1.395792e-01;1.141145e-01;6.035804e-02
1.690109e-01;5.630178e-02;1.462619e-01;3.557933e-02;3.188082e-02;3.504366e-02;9.105403e-02;7.825518e-02;7.603054e-02;1.121710e-01;9.184931e-02;7.656150e-02
1.592586e-01;8.802681e-02;1.853060e-01;3.531646e-02;4.088978e-02;3.894397e-02;7.059180e-02;8.917887e-02;6.645314e-02;9.754141e-02;6.221499e-02;6.627804e-02
8.061212e-02;1.296067e-01;1.605503e-01;4.494801e-02;6.727667e-02;4.737732e-02;9.567074e-02;8.526284e-02;6.358697e-02;8.931883e-02;6.516754e-02;7.062197e-02
4.921086e-02;1.186366e-01;1.025568e-01;4.720182e-02;9.569854e-02;4.700153e-02;1.129912e-01;6.425130e-02;7.468078e-02;8.613507e-02;1.028342e-01;9.880128e-02
5.722478e-02;8.550201e-02;1.165835e-01;7.292508e-02;9.045551e-02;6.639779e-02;1.191083e-01;8.126450e-02;9.843584e-02;7.387861e-02;7.370564e-02;6.451844e-02
3.162298e-02;4.052358e-02;1.320661e-01;7.581060e-02;1.010963e-01;7.393784e-02;1.392130e-01;7.228505e-02;9.110843e-02;1.065870e-01;6.994476e-02;6.580433e-02
6.853382e-02;6.576439e-02;1.129477e-01;8.477721e-02;8.986527e-02;6.094604e-02;1.561160e-01;8.031026e-02;6.565066e-02;9.278854e-02;7.600988e-02;4.629013e-02
6.493001e-02;3.751821e-02;1.521772e-01;6.571860e-02;7.611435e-02;6.441585e-02;1.530730e-01;9.084170e-02;9.740314e-02;9.257780e-02;7.012922e-02;3.510098e-02
7.120322e-02;3.014329e-02;1.775370e-01;5.963542e-02;7.013060e-02;5.915991e-02;1.578905e-01;9.577905e-02;1.083237e-01;7.521475e-02;6.934609e-02;2.563655e-02
7.858136e-02;5.193776e-02;1.873378e-01;5.780236e-02;6.881168e-02;5.213597e-02;1.420277e-01;9.436671e-02;1.134231e-01;5.085808e-02;6.899873e-02;3.371879e-02
6.421145e-02;9.258491e-02;1.677622e-01;6.663192e-02;4.985974e-02;5.507179e-02;1.282547e-01;7.657807e-02;1.051677e-01;5.529298e-02;7.370640e-02;6.487816e-02
5.335694e-02;9.896795e-02;2.114800e-01;8.168498e-02;3.781059e-02;1.257396e-01;1.085581e-01;3.288154e-02;5.467829e-02;5.326274e-02;7.297086e-02;6.860840e-02
2.939463e-02;5.970248e-02;2.006018e-01;6.646954e-02;8.585673e-02;2.484807e-01;8.474518e-02;2.834804e-02;1.258606e-02;6.525241e-02;8.789777e-02;3.066464e-02
1.148539e-02;1.159631e-01;8.929807e-02;3.895448e-02;1.877782e-01;2.608988e-01;4.479665e-02;5.660423e-02;1.072550e-02;1.070201e-01;6.553814e-02;1.093738e-02
4.431915e-03;1.521376e-01;1.935802e-02;3.480725e-02;3.214219e-01;1.721832e-01;1.997448e-02;7.052029e-02;1.520020e-02;1.326106e-01;4.784889e-02;9.505577e-03
4.553158e-03;1.582734e-01;6.039087e-03;3.455123e-02;4.196702e-01;9.814640e-02;1.544053e-02;5.629455e-02;2.204341e-02;1.401581e-01;3.367394e-02;1.115599e-02
8.146168e-03;1.660453e-01;5.713599e-03;6.207286e-02;4.458711e-01;5.579591e-02;9.678565e-03;3.738534e-02;2.226836e-02;1.473763e-01;2.695770e-02;1.268877e-02
1.029246e-02;1.827722e-01;1.835455e-02;8.559191e-02;3.483461e-01;5.441524e-02;2.427647e-02;3.613924e-02;2.532370e-02;1.557498e-01;3.984656e-02;1.889179e-02
5.075703e-02;2.037158e-01;2.654921e-02;5.664356e-02;2.025836e-01;5.762106e-02;4.891143e-02;4.162449e-02;1.491441e-02;1.952087e-01;7.358683e-02;2.788388e-02
7.071583e-02;2.038069e-01;2.322755e-02;2.156335e-02;1.050200e-01;3.212666e-02;2.928015e-02;4.661478e-02;4.833728e-02;2.935837e-01;9.863915e-02;2.708466e-02
4.199124e-02;1.570067e-01;1.770372e-02;1.759405e-02;8.841646e-02;2.741494e-02;1.464762e-02;5.353907e-02;1.180047e-01;3.617465e-01;8.167762e-02;2.025743e-02
1.298508e-02;1.296452e-01;1.362573e-02;4.380094e-02;1.208810e-01;3.992809e-02;1.893931e-02;7.185385e-02;1.209143e-01;3.346431e-01;7.991987e-02;1.286359e-02
8.895230e-03;1.365090e-01;2.126360e-02;6.139359e-02;1.583461e-01;4.939213e-02;2.133206e-02;8.000807e-02;7.928375e-02;2.579904e-01;1.060008e-01;1.958527e-02
8.326807e-03;1.519564e-01;2.209591e-02;4.009750e-02;1.472500e-01;5.409757e-02;2.300730e-02;8.126803e-02;5.353951e-02;2.761310e-01;1.144656e-01;2.776433e-02
1.231542e-02;1.572728e-01;3.420186e-02;1.544975e-02;1.069639e-01;4.980512e-02;3.311656e-02;8.332319e-02;5.083472e-02;2.928606e-01;1.354675e-01;2.838862e-02
2.069539e-02;1.295849e-01;3.925451e-02;2.411114e-02;8.775084e-02;4.171785e-02;4.191844e-02;7.316978e-02;4.636800e-02;2.665077e-01;1.894153e-01;3.950618e-02
2.651906e-02;8.889844e-02;6.574384e-02;2.533106e-02;7.137141e-02;4.956825e-02;4.885809e-02;4.387121e-02;3.494933e-02;2.306075e-01;2.645820e-01;4.969983e-02
2.380538e-02;8.228384e-02;6.817256e-02;2.691070e-02;7.553754e-02;6.604003e-02;3.392718e-02;3.270288e-02;3.508339e-02;2.179742e-01;2.885836e-01;4.897875e-02
3.883731e-02;8.434743e-02;9.977065e-02;3.455120e-02;7.002541e-02;6.148183e-02;2.707322e-02;3.202070e-02;4.461714e-02;2.174043e-01;2.460908e-01;4.378006e-02
6.514583e-02;6.326096e-02;1.437355e-01;4.709163e-02;5.613160e-02;3.986038e-02;5.397176e-02;2.660940e-02;5.187360e-02;2.133742e-01;1.882496e-01;5.069565e-02
8.880690e-02;4.471264e-02;1.451333e-01;7.011776e-02;8.197824e-02;3.623738e-02;8.299697e-02;3.715563e-02;5.982054e-02;1.760809e-01;1.310018e-01;4.595787e-02
8.681608e-02;6.096866e-02;1.822028e-01;8.521727e-02;8.332128e-02;6.140343e-02;9.683459e-02;4.617963e-02;5.796550e-02;9.879665e-02;1.035557e-01;3.673840e-02
1.008666e-01;8.922599e-02;1.783699e-01;5.580392e-02;4.788528e-02;8.248710e-02;1.157330e-01;4.803334e-02;8.077980e-02;8.331236e-02;9.591285e-02;2.158988e-02
