9.365287e-02;1.133107e-01;5.329361e-02;3.090247e-02;4.627779e-02;6.628084e-02;1.300643e-01;1.420729e-01;9.552177e-02;8.108449e-02;9.671012e-02;5.082824e-02
1.025272e-01;1.649669e-01;4.683109e-02;5.776108e-02;5.968705e-02;7.717791e-02;1.192896e-01;1.311603e-01;8.539733e-02;6.167107e-02;5.363147e-02;3.989892e-02
1.038579e-01;1.823699e-01;4.403161e-02;6.465477e-02;6.642871e-02;8.262727e-02;7.843870e-02;1.400774e-01;6.203014e-02;4.002341e-02;8.261008e-02;5.285012e-02
1.188701e-01;1.833519e-01;6.427565e-02;4.048069e-02;6.080499e-02;9.890622e-02;8.443221e-02;1.182713e-01;5.784576e-02;3.929290e-02;8.262489e-02;5.084346e-02
1.064755e-01;1.128868e-01;5.133109e-02;6.249083e-02;2.107304e-02;1.077216e-01;1.583742e-01;1.507774e-01;8.299455e-02;4.168799e-02;6.041827e-02;4.376874e-02
6.935082e-02;5.042154e-02;2.934723e-02;5.409641e-02;5.182328e-02;9.834344e-02;2.080610e-01;2.038972e-01;8.737278e-02;6.893458e-02;4.328131e-02;3.507045e-02
7.014734e-02;5.658494e-02;1.579310e-02;5.273711e-02;8.352394e-02;8.069882e-02;1.934992e-01;1.845908e-01;9.259889e-02;1.065647e-01;3.898009e-02;2.428111e-02
6.477198e-02;5.662918e-02;3.434670e-02;3.348741e-02;1.138740e-01;6.936411e-02;1.404906e-01;1.602845e-01;1.028332e-01;1.389795e-01;5.184611e-02;3.309285e-02
9.859160e-02;7.499655e-02;7.199873e-02;5.479490e-02;6.847341e-02;6.766347e-02;1.355421e-01;9.769814e-02;8.138700e-02;6.064441e-02;1.233294e-01;6.488022e-02
1.252197e-01;1.045330e-01;6.177859e-02;5.524722e-02;1.550057e-02;6.267961e-02;1.494737e-01;1.145160e-01;4.385519e-02;4.130432e-02;1.676012e-01;5.829087e-02
1.048195e-01;9.802850e-02;4.490829e-02;5.757321e-02;2.570276e-02;4.975966e-02;1.296175e-01;1.322604e-01;4.897254e-02;6.740309e-02;1.764414e-01;6.451320e-02
7.913101e-02;6.929090e-02;3.761674e-02;3.910202e-02;5.756754e-02;3.451578e-02;1.162100e-01;1.129795e-01;6.334268e-02;9.342385e-02;1.734448e-01;1.233751e-01
9.308594e-02;6.455904e-02;5.092535e-02;2.961108e-02;6.019308e-02;3.864961e-02;1.110995e-01;7.647812e-02;7.243139e-02;8.314206e-02;1.791668e-01;1.406580e-01
9.021317e-02;5.234041e-02;4.795279e-02;3.267097e-02;5.455590e-02;5.258914e-02;1.259303e-01;9.356214e-02;8.357003e-02;5.243136e-02;1.619703e-01;1.522134e-01
8.370347e-02;4.223724e-02;3.995567e-02;2.180387e-02;7.501325e-02;5.841411e-02;1.333062e-01;1.112156e-01;6.611188e-02;3.070855e-02;1.556048e-01;1.819254e-01
7.217725e-02;4.381271e-02;3.648328e-02;2.218417e-02;6.229907e-02;5.990253e-02;1.954573e-01;1.199783e-01;3.561388e-02;2.370999e-02;1.881581e-01;1.402235e-01
1.025697e-01;6.908143e-02;5.560423e-02;2.147287e-02;4.941791e-02;6.208039e-02;2.061704e-01;8.390764e-02;5.226411e-02;3.526725e-02;1.781112e-01;8.405289e-02
1.115136e-01;1.329229e-01;5.055011e-02;2.762728e-02;4.324947e-02;5.596498e-02;1.923304e-01;9.050775e-02;7.054234e-02;5.565960e-02;1.029011e-01;6.623036e-02
7.663091e-02;1.082765e-01;4.719962e-02;3.318511e-02;3.887433e-02;3.217670e-02;1.200881e-01;1.979064e-01;7.802697e-02;7.715285e-02;1.158960e-01;7.458659e-02
5.184888e-02;6.234457e-02;5.744176e-02;3.274632e-02;3.568562e-02;2.741911e-02;1.340389e-01;2.463987e-01;6.942887e-02;1.531976e-01;5.926679e-02;7.018289e-02
3.432329e-02;3.341723e-02;4.242014e-02;3.034041e-02;1.358198e-02;3.795075e-02;2.476813e-01;1.881458e-01;7.684392e-02;2.045524e-01;4.869833e-02;4.204448e-02
2.296078e-02;2.618783e-02;2.062552e-02;1.842329e-02;1.271618e-02;7.316542e-02;3.036993e-01;1.849470e-01;1.170564e-01;1.720346e-01;2.300643e-02;2.517716e-02
3.047768e-02;3.841777e-02;4.339206e-02;2.552434e-02;2.436072e-02;1.023955e-01;2.349261e-01;1.754152e-01;1.333891e-01;1.574255e-01;1.797512e-02;1.630085e-02
5.530140e-02;3.533376e-02;7.425266e-02;5.795554e-02;3.537935e-02;1.299568e-01;1.322125e-01;1.512720e-01;1.003119e-01;1.932865e-01;2.773485e-02;7.002824e-03
5.224609e-02;5.003850e-02;7.647227e-02;7.296865e-02;4.342161e-02;1.170487e-01;1.329924e-01;1.565738e-01;1.192224e-01;1.317652e-01;3.624937e-02;1.100086e-02
2.859771e-02;7.376639e-02;6.397910e-02;8.337089e-02;4.803869e-02;7.283463e-02;1.762965e-01;1.921613e-01;1.292415e-01;7.845718e-02;3.127999e-02;2.197615e-02
3.903353e-02;6.615050e-02;4.847038e-02;8.860668e-02;2.642770e-02;9.938810e-02;1.588187e-01;2.010469e-01;9.779421e-02;7.459966e-02;7.217406e-02;2.748949e-02
1.099279e-01;7.815154e-02;2.532533e-02;5.935024e-02;1.790811e-02;7.605794e-02;1.800465e-01;1.992383e-01;5.948620e-02;5.432910e-02;1.160487e-01;2.413025e-02
1.545231e-01;8.151391e-02;1.553980e-02;1.543513e-02;1.649965e-02;4.204980e-02;2.369261e-01;2.149880e-01;1.768407e-02;3.318528e-02;1.632120e-01;8.443206e-03
1.290929e-01;1.073005e-01;1.390636e-02;6.676718e-03;1.038388e-02;4.894301e-02;2.957826e-01;2.275373e-01;1.153771e-02;1.746150e-02;1.277737e-01;3.603697e-03
9.264021e-02;1.566007e-01;1.263224e-02;2.938079e-03;8.362697e-03;5.491133e-02;3.584096e-01;2.217697e-01;1.107636e-02;1.002561e-02;6.883523e-02;1.798253e-03
1.110593e-01;2.337695e-01;9.825981e-03;3.996592e-03;6.252227e-03;5.397193e-02;3.582474e-01;1.790651e-01;1.084939e-02;8.144760e-03;2.162082e-02;3.197028e-03
1.208557e-01;3.107310e-01;9.541218e-03;5.595260e-03;7.574618e-03;4.980146e-02;3.288516e-01;1.412350e-01;7.568804e-03;5.948098e-03;1.049269e-02;1.804666e-03
1.313923e-01;3.551911e-01;1.314859e-02;8.075773e-03;7.125609e-03;4.425422e-02;3.068033e-01;1.076984e-01;5.937878e-03;3.960720e-03;1.483806e-02;1.574144e-03
1.515952e-01;3.641639e-01;1.328414e-02;7.718872e-03;5.093699e-03;4.393438e-02;2.979580e-01;9.130115e-02;5.744074e-03;4.097693e-03;1.221580e-02;2.892945e-03
1.859530e-01;3.176437e-01;1.068590e-02;6.646598e-03;5.223822e-03;4.535772e-02;3.007774e-01;1.013839e-01;8.617502e-03;2.652884e-03;1.103816e-02;4.019476e-03
2.315286e-01;2.519490e-01;6.050362e-03;5.816828e-03;6.318262e-03;4.799917e-02;2.968386e-01;1.210499e-01;1.117747e-02;6.239657e-03;8.960341e-03;6.071849e-03
2.764501e-01;1.836756e-01;8.128499e-03;1.318832e-02;8.756555e-03;6.105140e-02;2.866811e-01;1.047044e-01;1.321435e-02;1.971614e-02;1.344392e-02;1.098963e-02
2.883755e-01;4.280008e-02;1.408384e-02;2.412701e-02;1.635109e-02;8.791257e-02;3.518518e-01;5.903860e-02;1.498646e-02;4.502964e-02;2.910518e-02;2.633817e-02
1.602942e-01;1.607731e-01;1.599499e-02;2.221881e-02;1.429879e-02;6.630764e-02;3.270935e-01;1.146240e-01;1.036829e-02;3.851482e-02;2.821154e-02;4.130050e-02
9.366826e-02;2.113899e-01;1.706524e-02;1.355973e-02;1.560678e-02;5.674987e-02;3.409161e-01;1.357591e-01;1.266018e-02;2.354660e-02;4.709419e-02;3.198406e-02
8.287983e-02;2.059301e-01;1.851062e-02;1.052227e-02;1.528278e-02;6.314395e-02;3.614409e-01;1.398076e-01;1.616534e-02;2.121762e-02;4.746264e-02;1.763635e-02
1.188848e-01;1.653650e-01;1.940066e-02;2.145349e-02;1.717859e-02;7.525524e-02;3.312204e-01;1.281402e-01;1.741345e-02;2.764585e-02;5.983508e-02;1.820734e-02
1.323064e-01;1.219922e-01;2.064520e-02;3.895735e-02;2.332667e-02;9.227481e-02;3.027833e-01;1.219786e-01;2.121480e-02;4.797567e-02;4.801164e-02;2.853329e-02
9.652242e-02;1.045366e-01;2.622059e-02;6.045115e-02;2.590762e-02;1.038522e-01;3.000669e-01;1.058451e-01;2.643064e-02;5.810213e-02;4.532858e-02;4.673605e-02
5.933149e-02;1.024378e-01;4.393640e-02;6.010335e-02;3.056805e-02;8.711825e-02;2.745903e-01;1.187751e-01;3.317754e-02;8.572081e-02;4.273989e-02;6.150106e-02
7.077935e-02;8.987115e-02;4.950829e-02;3.891295e-02;4.305609e-02;9.648747e-02;2.610164e-01;1.414352e-01;4.424164e-02;7.754102e-02;4.347642e-02;4.367398e-02
8.463863e-02;6.598438e-02;3.949971e-02;3.702370e-02;4.524998e-02;1.030512e-01;2.498979e-01;1.557675e-01;5.592531e-02;5.257212e-02;5.962341e-02;5.076627e-02
9.303224e-02;7.611988e-02;2.811106e-02;3.937050e-02;4.953732e-02;8.778343e-02;2.332146e-01;1.459881e-01;5.924818e-02;4.990357e-02;8.535870e-02;5.233237e-02
1.023697e-01;6.655930e-02;2.134538e-02;4.159655e-02;5.174837e-02;6.987336e-02;2.448933e-01;1.289921e-01;4.763338e-02;6.278282e-02;1.117689e-01;5.043675e-02
8.914290e-02;7.012299e-02;2.097916e-02;5.038004e-02;2.069166e-02;7.050544e-02;2.148649e-01;1.482488e-01;7.651923e-02;8.477233e-02;9.140398e-02;6.236861e-02
1.069327e-01;6.914171e-02;3.203129e-02;4.258359e-02;5.783244e-02;7.158078e-02;1.843512e-01;1.075753e-01;9.383982e-02;1.045818e-01;7.230622e-02;5.724324e-02
1.282728e-01;7.129715e-02;4.106083e-02;2.368000e-02;4.561633e-02;1.203553e-01;1.590370e-01;9.590893e-02;7.642309e-02;1.035793e-01;7.313962e-02;6.162953e-02
1.332516e-01;7.925200e-02;3.239616e-02;6.733926e-02;4.404050e-02;1.266088e-01;1.653673e-01;1.044075e-01;6.655102e-02;6.532525e-02;5.143913e-02;6.402140e-02
9.976912e-02;1.071801e-01;3.648530e-02;6.353936e-02;5.999997e-02;6.597762e-02;2.096851e-01;7.927186e-02;7.352509e-02;3.039497e-02;1.164213e-01;5.775028e-02
8.570900e-02;9.126751e-02;2.965471e-02;6.269182e-02;3.551428e-02;6.493293e-02;1.872542e-01;1.498389e-01;6.317277e-02;4.217924e-02;1.132243e-01;7.456043e-02
5.937631e-02;5.474216e-02;2.540117e-02;4.920823e-02;1.633350e-02;7.449976e-02;2.144714e-01;2.386587e-01;6.475902e-02;4.914097e-02;7.820854e-02;7.520025e-02
2.458552e-02;3.129853e-02;4.715857e-02;2.774644e-02;1.077031e-02;5.149493e-02;2.324760e-01;3.673793e-01;4.753271e-02;5.993978e-02;3.482869e-02;6.478921e-02
2.220308e-02;4.448176e-02;4.445545e-02;2.428438e-02;1.184138e-02;2.696250e-02;2.603707e-01;4.237499e-01;1.938093e-02;5.621259e-02;1.752234e-02;4.853499e-02
2.980176e-02;6.475303e-02;2.827757e-02;2.502113e-02;1.899171e-02;2.318186e-02;3.311140e-01;3.787396e-01;1.561059e-02;3.426629e-02;2.287912e-02;2.736327e-02
3.062329e-02;9.005183e-02;2.047226e-02;2.161117e-02;2.140122e-02;2.402353e-02;3.836836e-01;3.477658e-01;1.130124e-02;1.352205e-02;2.406178e-02;1.148219e-02
3.433328e-02;1.152529e-01;2.304579e-02;1.709395e-02;1.462358e-02;1.854059e-02;3.585640e-01;3.682092e-01;6.666165e-03;1.770966e-02;1.647866e-02;9.482069e-03
4.931931e-02;1.564574e-01;2.417604e-02;1.346470e-02;7.481008e-03;1.418018e-02;3.051243e-01;3.755484e-01;1.070748e-02;1.612370e-02;1.522321e-02;1.219431e-02
8.597181e-02;1.902844e-01;1.756682e-02;1.128542e-02;1.235062e-02;1.853228e-02;2.936880e-01;3.276145e-01;9.328566e-03;1.072236e-02;1.469615e-02;7.959059e-03
1.116621e-01;1.922681e-01;1.265813e-02;9.748469e-03;1.567933e-02;3.069648e-02;3.163474e-01;2.724242e-01;7.432163e-03;8.697058e-03;1.572161e-02;6.664925e-03
1.321478e-01;1.594703e-01;9.874182e-03;8.290319e-03;1.700518e-02;4.940045e-02;3.509378e-01;2.234889e-01;1.091546e-02;1.202743e-02;1.464280e-02;1.179929e-02
2.105117e-01;9.249853e-02;1.339074e-02;1.393388e-02;1.674873e-02;7.982697e-02;3.425236e-01;1.568884e-01;1.047122e-02;1.807184e-02;3.143791e-02;1.369657e-02
2.578851e-01;7.017527e-02;1.809743e-02;1.541691e-02;1.733090e-02;1.117257e-01;3.247314e-01;1.169654e-01;1.232463e-02;1.971516e-02;2.200677e-02;1.362528e-02
2.019914e-01;5.737305e-02;1.919921e-02;8.145072e-03;2.026461e-02;9.931625e-02;3.696275e-01;1.556763e-01;1.409475e-02;1.517994e-02;2.555119e-02;1.358071e-02
1.714352e-01;3.634247e-02;2.579971e-02;1.211507e-02;2.928448e-02;8.698554e-02;3.519682e-01;1.578857e-01;2.802001e-02;1.318623e-02;5.601213e-02;3.096514e-02
6.935128e-02;7.735332e-02;2.787166e-02;2.506358e-02;5.681966e-02;7.522138e-02;2.695234e-01;1.834538e-01;5.219138e-02;2.225094e-02;7.474070e-02;6.615892e-02
1.985959e-01;2.671671e-02;3.460877e-02;2.571871e-02;5.311321e-02;8.839613e-02;2.743818e-01;1.080802e-01;5.366322e-02;3.034743e-02;4.854266e-02;5.783519e-02
2.709676e-01;4.748960e-02;3.608706e-02;2.357747e-02;3.850459e-02;9.501151e-02;2.333401e-01;4.981661e-02;4.369087e-02;2.530487e-02;8.914275e-02;4.706693e-02
3.005404e-01;5.778100e-02;3.165104e-02;1.405447e-02;3.220748e-02;1.052282e-01;2.677767e-01;5.288910e-02;3.333323e-02;2.019767e-02;5.324383e-02;3.109687e-02
2.942997e-01;4.627767e-02;2.539416e-02;2.559315e-02;4.081288e-02;1.232706e-01;2.984502e-01;6.008530e-02;2.510749e-02;2.196497e-02;2.491954e-02;1.382437e-02
2.175930e-01;4.395334e-02;3.632450e-02;3.139771e-02;6.651763e-02;1.356003e-01;2.949377e-01;4.664497e-02;2.895484e-02;1.967293e-02;5.726994e-02;2.113320e-02
1.266795e-01;3.770930e-02;5.403353e-02;3.708185e-02;8.569600e-02;1.535572e-01;2.886056e-01;3.592617e-02;3.432153e-02;2.065789e-02;9.237646e-02;3.335502e-02
1.268248e-01;3.675467e-02;5.455320e-02;2.856274e-02;7.666477e-02;1.562314e-01;3.272009e-01;7.139109e-02;3.435887e-02;2.038444e-02;4.015919e-02;2.691390e-02
1.531496e-01;3.129875e-02;5.140166e-02;3.235314e-02;8.269334e-02;1.342346e-01;2.949459e-01;6.422958e-02;4.149150e-02;1.490573e-02;6.304207e-02;3.625423e-02
1.425647e-01;3.106174e-02;4.633089e-02;4.161057e-02;8.869231e-02;1.202529e-01;2.641710e-01;6.362446e-02;5.189249e-02;8.825829e-03;9.363690e-02;4.733622e-02
1.252047e-01;3.037863e-02;4.290736e-02;4.227129e-02;1.007358e-01;1.126768e-01;2.320255e-01;6.241649e-02;5.821861e-02;8.340951e-03;1.210366e-01;6.378724e-02
1.247149e-01;3.636101e-02;4.544354e-02;3.340860e-02;9.815270e-02;1.017535e-01;1.746785e-01;6.020300e-02;5.574199e-02;1.308084e-02;1.798181e-01;7.664336e-02
1.288140e-01;3.152125e-02;4.364489e-02;3.163290e-02;1.083947e-01;9.620422e-02;1.838413e-01;6.411541e-02;5.756809e-02;8.599257e-03;1.738442e-01;7.181967e-02
1.288384e-01;2.698140e-02;4.013196e-02;3.167897e-02;1.224291e-01;1.012074e-01;1.871027e-01;7.678271e-02;6.368688e-02;9.716318e-03;1.442891e-01;6.715497e-02
1.167691e-01;3.609179e-02;4.380187e-02;2.856260e-02;1.272804e-01;1.052084e-01;1.874704e-01;6.623555e-02;6.840074e-02;1.001268e-02;1.465112e-01;6.365523e-02
1.033575e-01;3.415813e-02;4.612345e-02;3.717898e-02;1.213250e-01;1.094930e-01;2.071801e-01;5.874558e-02;8.495020e-02;1.231277e-02;1.269283e-01;5.824693e-02
1.195964e-01;2.217378e-02;5.464615e-02;4.748503e-02;1.014323e-01;1.238764e-01;2.432555e-01;5.018488e-02;8.840677e-02;1.815617e-02;8.030297e-02;5.048363e-02
1.387579e-01;3.027504e-02;5.290666e-02;3.948421e-02;7.694820e-02;1.470173e-01;2.998911e-01;3.931312e-02;6.297883e-02;2.106895e-02;6.222358e-02;2.913504e-02
1.324506e-01;2.803229e-02;2.602174e-02;2.295098e-02;5.393986e-02;1.588102e-01;3.728168e-01;9.951667e-02;3.568636e-02;2.220435e-02;3.653127e-02;1.103891e-02
1.411796e-01;4.193002e-02;1.038783e-02;2.586487e-02;3.867422e-02;1.409949e-01;4.043245e-01;1.138595e-01;2.761758e-02;2.438791e-02;2.230841e-02;8.470701e-03
1.367300e-01;7.776387e-02;5.362097e-03;2.329813e-02;2.354489e-02;1.055991e-01;4.363942e-01;1.316952e-01;2.034090e-02;1.665417e-02;1.351792e-02;9.099599e-03
1.003417e-01;1.202558e-01;7.126124e-03;1.252875e-02;1.625765e-02;7.257121e-02;4.519018e-01;1.695358e-01;2.154941e-02;8.598584e-03;1.467453e-02;4.658602e-03
6.396309e-02;1.389720e-01;1.364438e-02;8.646487e-03;1.705166e-02;3.746190e-02;3.914121e-01;2.566705e-01;1.893573e-02;1.260026e-02;3.264906e-02;7.992779e-03
2.169771e-02;1.295508e-01;2.428206e-02;9.897573e-03;1.279394e-02;1.991604e-02;3.471020e-01;3.572743e-01;1.870468e-02;1.209250e-02;3.630558e-02;1.038279e-02
1.523193e-02;1.022711e-01;3.091135e-02;9.386339e-03;6.480153e-03;2.699409e-02;3.187861e-01;4.259398e-01;2.431715e-02;1.529590e-02;1.544304e-02;8.943137e-03
2.702746e-02;7.212529e-02;2.850526e-02;1.658364e-02;7.598975e-03;2.037799e-02;2.741482e-01;4.562721e-01;5.018261e-02;2.741954e-02;8.771775e-03;1.098713e-02
3.837953e-02;3.994887e-02;2.015447e-02;2.580203e-02;1.666394e-02;1.731343e-02;2.476007e-01;3.330544e-01;8.128463e-02;6.227585e-02;1.114054e-01;6.116778e-03
5.688415e-02;3.518289e-02;2.105915e-02;2.231298e-02;2.385128e-02;1.546149e-02;1.980193e-01;1.416423e-01;7.653022e-02;1.073819e-01;2.930057e-01;8.668663e-03
5.290890e-02;4.045188e-02;1.777362e-02;1.482030e-02;3.947728e-02;1.824789e-02;1.364684e-01;1.141781e-01;3.735760e-02;1.173547e-01;4.055144e-01;5.446936e-03
5.663121e-02;3.299947e-02;1.784560e-02;1.286940e-02;3.464795e-02;2.937818e-02;6.759675e-02;7.828074e-02;2.208663e-02;9.677939e-02;5.449582e-01;5.926383e-03
5.088352e-02;1.678198e-02;9.328674e-03;1.574859e-02;1.998920e-02;4.961345e-02;4.155976e-02;5.859629e-02;1.533263e-02;7.402367e-02;6.445917e-01;3.550562e-03
6.829505e-02;2.052730e-02;7.983553e-03;1.199684e-02;7.194260e-03;4.926732e-02;3.198668e-02;3.884559e-02;1.253811e-02;5.815853e-02;6.908465e-01;2.360281e-03
1.026098e-01;2.620471e-02;1.133873e-02;9.550804e-03;8.356021e-03;4.062180e-02;2.044983e-02;3.265426e-02;9.251807e-03;5.218018e-02;6.832371e-01;3.544952e-03
1.435307e-01;3.868218e-02;1.387281e-02;5.976686e-03;1.260158e-02;4.439405e-02;2.807578e-02;2.937764e-02;1.681025e-02;5.451727e-02;6.075861e-01;4.574930e-03
1.586214e-01;3.516713e-02;1.426041e-02;1.082043e-02;1.585139e-02;5.074426e-02;5.967678e-02;4.025775e-02;2.619471e-02;6.317890e-02;5.171925e-01;8.034281e-03
1.759186e-01;7.570071e-02;1.822671e-02;2.703863e-02;1.792414e-02;5.402418e-02;1.246588e-01;8.824736e-02;2.997150e-02;6.063488e-02;3.096023e-01;1.805220e-02
1.724503e-01;6.633018e-02;1.979109e-02;6.421912e-02;3.318518e-02;8.556627e-02;2.032100e-01;1.279133e-01;2.859875e-02;3.624583e-02;1.429418e-01;1.954822e-02
1.590936e-01;6.129905e-02;1.850671e-02;5.727875e-02;4.133468e-02;9.190158e-02;2.078049e-01;1.269370e-01;2.597171e-02;2.185079e-02;1.553999e-01;3.262131e-02
9.375346e-02;6.930188e-02;1.648524e-02;3.926385e-02;3.799952e-02;5.327284e-02;8.310024e-02;1.118130e-01;2.040114e-02;3.610949e-02;4.185983e-01;1.990112e-02
7.011662e-02;2.053826e-02;2.009799e-02;3.476648e-02;4.326126e-02;2.859784e-02;8.120529e-02;9.584364e-02;2.448582e-02;5.496278e-02;5.181718e-01;7.952170e-03
8.999405e-02;4.115328e-02;4.256005e-02;5.805801e-02;5.779360e-02;5.305361e-02;1.327071e-01;1.568163e-01;6.215177e-02;6.668017e-02;2.282468e-01;1.078528e-02
9.414828e-02;4.598136e-02;6.240746e-02;8.351261e-02;6.364876e-02;6.105298e-02;1.699374e-01;1.979849e-01;5.796270e-02;6.392708e-02;8.534509e-02;1.409138e-02
1.365654e-01;8.625415e-02;5.828954e-02;6.221078e-02;4.053169e-02;3.654798e-02;1.942571e-01;1.937417e-01;2.907455e-02;6.274525e-02;8.555480e-02;1.422706e-02
1.776976e-01;1.431457e-01;3.945925e-02;2.559649e-02;1.657882e-02;4.192958e-02;1.718478e-01;2.028778e-01;2.218883e-02;4.466593e-02;9.675412e-02;1.725786e-02
1.467962e-01;1.535136e-01;3.161179e-02;1.128591e-02;1.150806e-02;4.588597e-02;1.645128e-01;2.125686e-01;2.634718e-02;4.296108e-02;1.425592e-01;1.044968e-02
1.558132e-01;1.640257e-01;3.060180e-02;3.068975e-02;2.085305e-02;3.545253e-02;1.905134e-01;1.816783e-01;3.968356e-02;5.420901e-02;8.799107e-02;8.488552e-03
1.138496e-01;6.863326e-02;2.450161e-02;4.720671e-02;2.804646e-02;1.391517e-02;2.755876e-01;2.779526e-01;3.981089e-02;4.660835e-02;4.530845e-02;1.857935e-02
5.675917e-02;4.522255e-02;2.387106e-02;2.604470e-02;1.568735e-02;1.375298e-02;3.523598e-01;3.541371e-01;2.746570e-02;3.060143e-02;4.407908e-02;1.001907e-02
4.261716e-02;3.715963e-02;2.687012e-02;1.217629e-02;9.864763e-03;1.995331e-02;3.905790e-01;3.699341e-01;2.204888e-02;2.562509e-02;3.827899e-02;4.892754e-03
2.977276e-02;3.223914e-02;2.998249e-02;9.107894e-03;1.100942e-02;1.794533e-02;3.915860e-01;3.725032e-01;1.912561e-02;3.052907e-02;4.865753e-02;7.541541e-03
7.567921e-02;5.002353e-02;4.266959e-02;1.573312e-02;2.612618e-02;3.537840e-02;2.325171e-01;2.483538e-01;1.977130e-02;3.119084e-02;2.104003e-01;1.215659e-02
9.178660e-02;6.605899e-02;4.391554e-02;1.863199e-02;3.737105e-02;5.805155e-02;1.684541e-01;2.237229e-01;1.765615e-02;3.193038e-02;2.249128e-01;1.750780e-02
6.050241e-02;4.685628e-02;4.048394e-02;3.886380e-02;3.317911e-02;5.844923e-02;1.847038e-01;2.936833e-01;4.013891e-02;3.096710e-02;1.507253e-01;2.144677e-02
3.744939e-02;2.992651e-02;3.423024e-02;6.049767e-02;5.082465e-02;6.847963e-02;1.607458e-01;3.486489e-01;9.372669e-02;3.052301e-02;5.654204e-02;2.840547e-02
3.708470e-02;2.166946e-02;3.715847e-02;3.137672e-02;3.347049e-02;1.637553e-01;1.615885e-01;3.234417e-01;1.119857e-01;2.059405e-02;3.213180e-02;2.574300e-02
2.612686e-02;2.200656e-02;3.654758e-02;5.054587e-02;1.330003e-02;1.682502e-01;1.692093e-01;3.332348e-01;1.150960e-01;1.589675e-02;2.746292e-02;2.232301e-02
2.447102e-02;2.660497e-02;3.727993e-02;5.555753e-02;2.719998e-02;1.360520e-01;1.595619e-01;3.397202e-01;1.148678e-01;2.261784e-02;3.607436e-02;1.999253e-02
2.515972e-02;2.269842e-02;3.440732e-02;4.736261e-02;2.199100e-02;1.604050e-01;1.711057e-01;3.645561e-01;8.105866e-02;1.705480e-02;2.199113e-02;3.220958e-02
1.366287e-02;3.062389e-02;4.431162e-02;7.742196e-03;2.290123e-02;1.271488e-01;2.115075e-01;4.080311e-01;5.416216e-02;2.450492e-02;2.654188e-02;2.886185e-02
2.123070e-02;6.025442e-02;3.982238e-02;1.738439e-02;2.007330e-02;7.551600e-02;2.537404e-01;3.881822e-01;5.045326e-02;3.329898e-02;2.561101e-02;1.443298e-02
4.236794e-02;1.083667e-01;2.348157e-02;1.348856e-02;3.254843e-02;3.930790e-02;3.275181e-01;3.200800e-01;3.536347e-02;2.257703e-02;2.774062e-02;7.159694e-03
7.324362e-02;1.278003e-01;1.248490e-02;1.371924e-02;2.934503e-02;6.841352e-02;3.547955e-01;2.418437e-01;4.289049e-02;1.220878e-02;1.594128e-02;7.313634e-03
1.191934e-01;1.245033e-01;1.409947e-02;2.030821e-02;2.146753e-02;9.060983e-02;3.014920e-01;1.914198e-01;4.566386e-02;1.665582e-02;4.597291e-02;8.613795e-03
1.600843e-01;1.310216e-01;1.987127e-02;2.615247e-02;3.912796e-02;9.823564e-02;1.868554e-01;1.652239e-01;5.122114e-02;2.288539e-02;8.944485e-02;9.876207e-03
1.602351e-01;1.013923e-01;2.745791e-02;2.633483e-02;5.483196e-02;6.889003e-02;1.628361e-01;1.647549e-01;5.652539e-02;2.320465e-02;1.308674e-01;2.266945e-02
1.346540e-01;7.970431e-02;2.542004e-02;4.247998e-02;4.673553e-02;7.184326e-02;2.044618e-01;1.980345e-01;4.573128e-02;1.884640e-02;1.028273e-01;2.926162e-02
7.879734e-02;1.001051e-01;4.199557e-02;5.497762e-02;4.213298e-02;1.018604e-01;1.917775e-01;1.329115e-01;3.136148e-02;2.049063e-02;1.760385e-01;2.755141e-02
5.365341e-02;1.280630e-01;6.094928e-02;5.181425e-02;3.582463e-02;1.175250e-01;1.460829e-01;1.121172e-01;1.226142e-02;2.057226e-02;2.465259e-01;1.461066e-02
8.456987e-02;1.767652e-01;7.417901e-02;3.169849e-02;2.730343e-02;1.031608e-01;1.592280e-01;9.173803e-02;1.055243e-02;3.033627e-02;1.975118e-01;1.295665e-02
9.183916e-02;2.658001e-01;9.877073e-02;2.535604e-02;6.099628e-02;4.106840e-02;1.397209e-01;5.293945e-02;9.309735e-03;3.624040e-02;1.673395e-01;1.061938e-02
8.177543e-02;2.867070e-01;9.126315e-02;1.810512e-02;7.320695e-02;2.783479e-02;1.405796e-01;6.658289e-02;8.645105e-03;3.578014e-02;1.599805e-01;9.539293e-03
1.037321e-01;3.297403e-01;8.733990e-02;1.904958e-02;8.146901e-02;2.454461e-02;1.082432e-01;7.497516e-02;1.700697e-02;3.412066e-02;1.102036e-01;9.574803e-03
1.063137e-01;3.871233e-01;7.652526e-02;1.500055e-02;6.761287e-02;3.431418e-02;8.534881e-02;8.023699e-02;2.020286e-02;2.964615e-02;8.148762e-02;1.618768e-02
1.402805e-01;4.414703e-01;5.754140e-02;1.901002e-02;3.724742e-02;3.397495e-02;5.513659e-02;8.614805e-02;2.511793e-02;3.226772e-02;4.567964e-02;2.612555e-02
1.503028e-01;4.358761e-01;4.661310e-02;1.947868e-02;2.601591e-02;3.654069e-02;9.113053e-02;9.094513e-02;2.609488e-02;3.201928e-02;1.649881e-02;2.848406e-02
1.649719e-01;3.871493e-01;3.945050e-02;2.102646e-02;2.730860e-02;4.037716e-02;6.614213e-02;1.175807e-01;3.307484e-02;2.830669e-02;5.150496e-02;2.310673e-02
1.529965e-01;3.806166e-01;3.689890e-02;2.130456e-02;2.580460e-02;4.748593e-02;4.109153e-02;1.364767e-01;4.384700e-02;2.834895e-02;6.626590e-02;1.886286e-02
1.855908e-01;3.647031e-01;3.686634e-02;2.649897e-02;1.595727e-02;4.412343e-02;4.825288e-02;1.390532e-01;4.533396e-02;4.105270e-02;3.474485e-02;1.782252e-02
2.073488e-01;2.640730e-01;2.736047e-02;1.951811e-02;1.140950e-02;2.475828e-02;9.740203e-02;1.756666e-01;4.158383e-02;4.278196e-02;6.964565e-02;1.845181e-02
1.954316e-01;1.575379e-01;2.445475e-02;2.031309e-02;1.917700e-02;2.532738e-02;1.468066e-01;2.382140e-01;4.354708e-02;6.226912e-02;5.102221e-02;1.589926e-02
1.442934e-01;1.300662e-01;3.296546e-02;3.352595e-02;4.091478e-02;4.282963e-02;1.610861e-01;2.082005e-01;3.280430e-02;5.503904e-02;9.574845e-02;2.252614e-02
1.368888e-01;2.044080e-01;4.675753e-02;4.919373e-02;6.073222e-02;6.784277e-02;1.253602e-01;1.273919e-01;3.272042e-02;4.458418e-02;7.486254e-02;2.925781e-02
1.868769e-01;2.122035e-01;3.695292e-02;3.241016e-02;3.620059e-02;4.769939e-02;1.353300e-01;1.886518e-01;2.907730e-02;3.725679e-02;3.859492e-02;1.874579e-02
1.750019e-01;1.986925e-01;2.269560e-02;1.310727e-02;2.897657e-02;3.277289e-02;1.347150e-01;2.239569e-01;3.442347e-02;3.227252e-02;9.125750e-02;1.212777e-02
1.447920e-01;2.344483e-01;3.035041e-02;1.525741e-02;3.323876e-02;3.476733e-02;9.180973e-02;1.541099e-01;4.620670e-02;4.344511e-02;1.470011e-01;2.457329e-02
1.637961e-01;3.109140e-01;4.672126e-02;2.336651e-02;2.966957e-02;4.086945e-02;5.260454e-02;9.053106e-02;4.446254e-02;4.349678e-02;1.257429e-01;2.782525e-02
1.609055e-01;3.552560e-01;5.702199e-02;1.775486e-02;2.410183e-02;3.868660e-02;6.591801e-02;8.139598e-02;4.890939e-02;5.160963e-02;6.288460e-02;3.555562e-02
1.353568e-01;3.061629e-01;4.907390e-02;8.935736e-03;2.025009e-02;3.573478e-02;6.845495e-02;1.008471e-01;4.309717e-02;5.215805e-02;1.480364e-01;3.189217e-02
1.544478e-01;2.950628e-01;4.928015e-02;1.933747e-02;9.395671e-03;3.646475e-02;6.668937e-02;8.178806e-02;4.233520e-02;5.403765e-02;1.722839e-01;1.887723e-02
1.567017e-01;2.705801e-01;5.267703e-02;2.146595e-02;1.070699e-02;2.642479e-02;6.226879e-02;1.061877e-01;3.882971e-02;5.705753e-02;1.726001e-01;2.449960e-02
1.662877e-01;2.719406e-01;5.581100e-02;1.613460e-02;1.608184e-02;1.838613e-02;8.819929e-02;9.428079e-02;4.339877e-02;4.619825e-02;1.475136e-01;3.576744e-02
1.313506e-01;2.538874e-01;6.521444e-02;3.993710e-02;3.068154e-02;2.878075e-02;1.330732e-01;6.551559e-02;4.957243e-02;4.853927e-02;1.191758e-01;3.427187e-02
