5.773015e-02;7.313129e-02;1.263679e-01;8.294226e-02;6.182507e-02;7.146936e-02;1.358062e-01;6.903795e-02;9.208540e-02;7.559720e-02;7.592706e-02;7.808019e-02
1.087322e-01;5.736272e-02;1.030979e-01;7.626547e-02;5.723946e-02;7.164273e-02;1.377087e-01;5.484162e-02;1.737936e-01;7.368305e-02;5.948155e-02;2.615112e-02
1.138285e-01;6.003164e-02;6.807949e-02;5.867712e-02;6.310836e-02;5.212024e-02;8.786841e-02;7.945675e-02;2.032435e-01;1.130409e-01;4.412310e-02;5.642190e-02
1.166950e-01;5.742373e-02;6.537571e-02;5.267188e-02;5.808533e-02;5.278012e-02;8.341640e-02;1.021177e-01;1.831345e-01;1.031185e-01;6.557525e-02;5.960598e-02
1.567798e-01;6.452650e-02;6.283351e-02;4.943674e-02;5.670005e-02;6.003427e-02;8.076549e-02;1.100196e-01;1.613882e-01;6.407236e-02;6.014796e-02;7.329556e-02
1.220540e-01;8.014264e-02;6.107325e-02;2.465794e-02;3.900410e-02;5.707860e-02;1.715483e-01;6.977293e-02;1.300020e-01;6.397017e-02;9.950713e-02;8.118895e-02
7.718241e-02;6.215588e-02;5.519813e-02;2.103561e-02;3.418833e-02;3.722704e-02;1.923686e-01;9.158950e-02;1.411401e-01;7.629807e-02;1.131106e-01;9.850563e-02
6.814402e-02;5.557473e-02;4.165020e-02;3.190522e-02;4.396082e-02;4.837250e-02;1.815041e-01;9.069561e-02;1.829322e-01;8.158455e-02;8.483397e-02;8.884205e-02
1.027043e-01;5.044821e-02;7.099481e-02;3.689634e-02;8.076486e-02;6.605338e-02;8.751321e-02;1.506939e-01;1.813388e-01;4.691693e-02;8.208650e-02;4.358873e-02
1.287778e-01;2.360735e-02;9.287526e-02;3.628758e-02;9.315099e-02;7.167544e-02;6.402231e-02;1.830773e-01;1.238446e-01;2.382075e-02;1.259559e-01;3.290472e-02
1.342985e-01;4.548863e-02;9.011003e-02;5.507729e-02;9.038416e-02;7.201965e-02;7.500755e-02;1.799237e-01;4.883425e-02;2.577666e-02;1.545942e-01;2.848530e-02
1.042934e-01;5.219464e-02;6.779021e-02;6.420746e-02;8.740563e-02;7.623877e-02;1.243364e-01;1.696882e-01;3.463466e-02;4.855671e-02;1.492998e-01;2.135421e-02
6.920920e-02;3.228286e-02;8.667742e-02;6.355102e-02;1.031597e-01;8.482555e-02;1.043674e-01;2.071982e-01;2.768704e-02;4.307128e-02;1.422387e-01;3.573152e-02
7.680599e-02;3.681106e-02;7.948771e-02;5.720216e-02;7.997823e-02;7.021123e-02;1.150596e-01;1.805139e-01;5.090135e-02;6.001890e-02;1.373127e-01;5.569722e-02
9.636839e-02;3.631079e-02;6.567437e-02;3.277155e-02;7.964111e-02;9.960501e-02;1.194336e-01;1.047591e-01;5.841908e-02;9.403740e-02;1.304702e-01;8.250944e-02
1.079091e-01;5.877272e-02;9.616741e-02;3.454114e-02;6.184933e-02;1.109999e-01;1.428557e-01;8.837168e-02;7.069367e-02;8.515082e-02;1.002758e-01;4.241274e-02
1.192281e-01;6.288025e-02;9.176320e-02;3.245545e-02;3.882045e-02;9.703971e-02;1.543340e-01;1.267838e-01;7.360192e-02;6.435081e-02;1.087514e-01;2.999089e-02
1.175286e-01;4.694258e-02;8.384468e-02;3.863780e-02;5.253748e-02;7.744500e-02;1.297874e-01;1.509410e-01;7.347883e-02;7.568600e-02;1.209101e-01;3.226057e-02
1.115392e-01;5.328526e-02;9.973674e-02;4.539502e-02;6.495499e-02;5.804517e-02;8.858521e-02;1.365394e-01;6.979128e-02;8.052992e-02;1.003603e-01;9.123748e-02
1.106348e-01;7.772928e-02;7.408623e-02;4.992980e-02;8.450956e-02;7.260068e-02;7.308110e-02;1.281897e-01;5.124550e-02;7.778912e-02;6.942321e-02;1.307810e-01
9.078240e-02;6.241273e-02;5.867634e-02;5.031388e-02;7.677029e-02;1.058284e-01;9.837052e-02;1.189296e-01;9.592150e-02;8.554877e-02;5.480701e-02;1.016385e-01
8.116508e-02;4.285943e-02;5.946654e-02;5.448327e-02;7.687093e-02;1.175703e-01;8.367173e-02;1.116370e-01;1.530011e-01;9.548150e-02;5.875695e-02;6.503618e-02
7.453687e-02;5.500117e-02;7.238598e-02;6.264528e-02;9.775805e-02;9.759334e-02;1.067144e-01;9.339283e-02;1.308256e-01;9.017373e-02;5.773006e-02;6.124267e-02
6.044471e-02;4.467861e-02;1.044758e-01;7.052320e-02;1.138922e-01;7.428125e-02;1.453507e-01;1.101710e-01;1.057035e-01;7.111252e-02;3.827872e-02;6.108779e-02
5.252098e-02;4.417526e-02;1.124804e-01;9.296478e-02;1.041164e-01;6.521284e-02;1.353569e-01;1.497726e-01;7.782240e-02;8.036688e-02;3.792267e-02;4.728785e-02
4.820059e-02;8.845524e-02;1.053031e-01;1.155939e-01;7.178804e-02;8.463278e-02;1.223393e-01;1.253493e-01;7.046100e-02;7.048299e-02;4.945044e-02;4.794333e-02
8.041450e-02;8.213466e-02;9.118775e-02;1.004919e-01;7.171766e-02;8.046726e-02;1.497095e-01;1.018448e-01;5.289339e-02;8.620871e-02;5.574936e-02;4.718051e-02
1.169421e-01;9.357227e-02;1.828968e-01;5.503713e-02;7.029752e-02;4.429444e-02;1.352594e-01;1.076257e-01;3.625912e-02;6.542305e-02;3.916128e-02;5.323120e-02
1.751578e-01;1.062484e-01;1.494334e-01;4.305875e-02;5.468319e-02;3.353518e-02;1.383769e-01;6.259108e-02;6.362352e-02;7.047544e-02;3.127749e-02;7.153882e-02
1.369748e-01;8.902646e-02;1.674721e-01;4.344997e-02;4.253536e-02;3.830142e-02;1.649759e-01;4.416998e-02;4.744262e-02;9.266451e-02;5.436580e-02;7.862096e-02
1.150559e-01;5.701524e-02;2.427476e-01;3.850944e-02;3.327054e-02;3.716861e-02;1.594539e-01;4.041343e-02;2.294611e-02;1.172117e-01;6.490090e-02;7.130655e-02
1.060165e-01;4.481795e-02;3.374292e-01;2.642572e-02;2.225181e-02;1.869036e-02;1.390063e-01;2.437793e-02;2.015723e-02;1.491613e-01;5.088491e-02;6.078079e-02
8.335748e-02;4.634669e-02;3.652782e-01;1.946960e-02;1.549635e-02;3.336181e-02;1.220522e-01;8.411752e-03;3.476974e-02;1.533956e-01;4.176456e-02;7.629598e-02
6.985123e-02;6.045666e-02;3.535914e-01;1.509288e-02;1.034495e-02;4.742811e-02;1.048023e-01;1.489777e-02;4.717828e-02;1.386511e-01;3.151690e-02;1.061885e-01
5.231693e-02;8.372605e-02;3.229508e-01;1.192244e-02;8.218960e-03;6.030941e-02;8.898022e-02;1.321811e-02;6.915610e-02;1.084356e-01;1.687166e-02;1.638938e-01
4.485137e-02;9.269486e-02;3.204039e-01;1.150256e-02;9.213564e-03;6.669012e-02;7.272726e-02;1.605771e-02;7.027829e-02;8.024756e-02;1.395120e-02;2.013816e-01
7.121585e-02;7.966880e-02;3.419812e-01;1.315334e-02;1.118953e-02;6.052418e-02;7.679417e-02;1.424197e-02;5.413062e-02;7.661092e-02;2.168557e-02;1.788039e-01
8.326095e-02;7.722022e-02;3.826161e-01;1.409706e-02;1.376600e-02;5.385480e-02;9.251145e-02;1.392061e-02;4.153565e-02;6.843532e-02;2.153330e-02;1.372485e-01
5.226747e-02;6.849560e-02;4.611697e-01;2.093111e-02;1.440277e-02;4.980836e-02;9.622741e-02;1.304819e-02;2.902173e-02;7.064711e-02;2.033511e-02;1.036455e-01
4.344646e-02;6.245008e-02;4.978513e-01;3.597725e-02;2.268637e-02;4.260260e-02;9.837883e-02;1.093974e-02;1.805729e-02;8.386694e-02;2.118652e-02;6.255654e-02
5.601118e-02;4.994201e-02;4.902264e-01;4.662638e-02;3.213250e-02;3.752108e-02;1.167488e-01;1.031447e-02;1.212916e-02;8.773732e-02;2.734573e-02;3.326504e-02
3.724745e-02;2.114940e-02;4.995435e-01;6.498173e-02;3.250543e-02;2.528211e-02;1.371688e-01;2.606483e-02;1.360330e-02;8.170816e-02;4.542165e-02;1.532362e-02
2.851846e-02;2.388907e-02;4.800131e-01;6.253839e-02;2.934274e-02;1.386667e-02;1.429333e-01;5.377192e-02;2.059936e-02;6.434587e-02;7.176525e-02;8.415865e-03
5.570504e-02;1.656201e-02;4.165056e-01;7.360640e-02;3.768185e-02;1.963374e-02;1.435714e-01;5.436563e-02;2.942700e-02;5.099814e-02;8.685707e-02;1.508607e-02
5.990908e-02;4.607574e-02;3.329834e-01;6.225860e-02;4.695556e-02;3.231027e-02;1.509017e-01;4.717566e-02;4.692451e-02;5.228164e-02;1.037284e-01;1.849536e-02
6.378407e-02;6.732647e-02;2.449047e-01;3.589113e-02;6.590373e-02;3.885053e-02;1.457072e-01;7.092723e-02;7.515856e-02;4.969101e-02;1.064466e-01;3.540888e-02
6.253517e-02;3.969258e-02;2.139793e-01;3.689891e-02;7.060321e-02;5.491499e-02;1.511907e-01;8.422653e-02;9.157149e-02;7.186215e-02;8.639076e-02;3.613419e-02
4.063018e-02;3.972358e-02;1.888712e-01;3.177862e-02;5.471115e-02;6.561852e-02;1.021248e-01;7.943604e-02;1.246190e-01;1.456491e-01;7.827234e-02;4.856550e-02
6.238278e-02;4.815732e-02;1.148701e-01;2.899145e-02;5.354204e-02;4.752400e-02;1.214921e-01;1.084423e-01;1.251347e-01;1.600892e-01;8.425891e-02;4.511517e-02
8.125179e-02;4.507804e-02;8.059610e-02;3.803294e-02;9.059288e-02;4.544260e-02;1.771684e-01;1.096980e-01;6.995000e-02;1.230494e-01;8.039350e-02;5.874632e-02
7.086901e-02;4.345321e-02;7.873670e-02;5.228329e-02;8.437478e-02;6.878355e-02;1.831657e-01;1.097506e-01;5.987734e-02;1.051875e-01;6.727035e-02;7.624795e-02
7.786272e-02;3.521290e-02;5.977423e-02;4.899147e-02;6.450097e-02;8.933931e-02;1.651336e-01;7.655063e-02;1.073735e-01;1.244374e-01;6.861729e-02;8.220598e-02
7.250927e-02;2.775185e-02;1.019412e-01;3.838251e-02;5.401456e-02;6.937696e-02;1.282626e-01;4.848535e-02;1.128397e-01;1.480554e-01;1.093532e-01;8.902745e-02
4.255285e-02;5.955574e-02;1.491631e-01;4.586719e-02;3.865778e-02;6.574456e-02;1.234597e-01;9.026982e-02;1.090760e-01;9.299660e-02;1.106527e-01;7.200406e-02
5.832544e-02;7.978437e-02;1.266814e-01;4.187119e-02;5.171806e-02;6.663397e-02;1.452823e-01;1.124084e-01;9.517261e-02;7.844727e-02;6.726636e-02;7.640860e-02
5.516303e-02;7.533196e-02;8.953196e-02;4.285093e-02;5.513018e-02;5.216187e-02;1.842750e-01;1.406170e-01;8.479734e-02;1.068650e-01;3.879001e-02;7.448581e-02
9.539121e-02;9.170929e-02;1.653808e-01;4.558176e-02;4.784655e-02;4.713910e-02;1.850906e-01;7.199757e-02;5.089432e-02;7.008086e-02;6.870366e-02;6.018434e-02
8.785868e-02;7.606112e-02;2.675123e-01;5.419481e-02;4.894829e-02;4.641530e-02;1.388402e-01;4.671869e-02;4.269946e-02;6.765928e-02;7.501506e-02;4.807688e-02
8.184031e-02;7.806566e-02;3.117559e-01;5.181763e-02;4.166048e-02;4.520737e-02;1.123584e-01;4.371347e-02;3.584897e-02;6.253806e-02;7.770599e-02;5.748769e-02
1.247910e-01;1.482087e-01;2.588453e-01;3.374778e-02;2.623457e-02;5.030067e-02;8.219544e-02;3.353145e-02;6.046149e-02;4.478162e-02;7.283952e-02;6.406241e-02
1.815541e-01;2.117145e-01;1.565752e-01;2.523464e-02;2.914614e-02;5.725921e-02;6.985296e-02;3.050439e-02;7.636638e-02;2.841609e-02;6.464098e-02;6.873540e-02
2.348252e-01;2.244847e-01;9.661024e-02;2.236544e-02;3.732246e-02;5.083217e-02;9.170221e-02;4.218857e-02;7.357290e-02;2.774407e-02;5.506973e-02;4.328225e-02
2.321008e-01;2.136812e-01;1.066737e-01;1.913193e-02;3.718245e-02;4.258208e-02;1.028978e-01;4.158380e-02;7.416741e-02;3.547726e-02;5.293160e-02;4.158999e-02
1.915032e-01;2.157020e-01;1.726409e-01;2.582578e-02;3.552734e-02;4.449409e-02;8.173488e-02;3.382834e-02;8.691765e-02;3.541257e-02;3.640556e-02;4.000769e-02
1.728849e-01;1.867323e-01;1.755906e-01;2.623792e-02;3.367680e-02;3.936098e-02;1.243778e-01;4.712957e-02;7.441769e-02;3.611762e-02;4.118867e-02;4.228507e-02
1.809275e-01;1.303586e-01;1.506439e-01;3.237421e-02;3.809001e-02;3.664938e-02;1.807706e-01;5.137814e-02;4.685384e-02;3.411133e-02;5.088004e-02;6.696243e-02
1.573169e-01;7.479019e-02;1.257260e-01;4.457931e-02;4.678487e-02;6.720104e-02;2.206635e-01;6.037043e-02;2.530285e-02;3.974136e-02;5.706019e-02;8.046329e-02
9.460839e-02;5.783719e-02;9.801816e-02;3.819737e-02;5.073371e-02;7.914659e-02;2.196461e-01;8.098973e-02;7.337792e-02;7.154796e-02;5.321897e-02;8.267793e-02
7.617974e-02;6.697328e-02;1.058186e-01;3.574478e-02;4.311284e-02;5.331721e-02;1.823516e-01;8.438046e-02;9.600786e-02;8.102793e-02;7.047581e-02;1.046099e-01
6.458849e-02;6.621079e-02;1.326449e-01;3.724132e-02;4.835347e-02;4.736392e-02;1.638258e-01;8.853267e-02;1.145804e-01;8.070403e-02;5.565317e-02;1.003011e-01
6.028183e-02;6.245144e-02;1.107536e-01;4.345215e-02;6.008581e-02;7.171620e-02;1.110343e-01;8.317105e-02;1.478036e-01;7.756529e-02;7.885373e-02;9.283106e-02
7.422689e-02;8.244520e-02;1.002174e-01;4.661315e-02;7.069322e-02;7.246296e-02;8.900000e-02;6.773823e-02;1.405772e-01;8.266527e-02;9.319930e-02;8.016116e-02
6.439377e-02;1.130456e-01;1.218814e-01;4.457168e-02;7.880705e-02;6.405070e-02;7.666916e-02;5.980412e-02;1.198984e-01;7.597536e-02;9.060504e-02;9.029773e-02
9.445677e-02;1.227926e-01;1.239164e-01;5.391980e-02;7.882166e-02;5.855056e-02;6.085974e-02;6.872903e-02;1.043100e-01;7.042013e-02;6.906366e-02;9.415974e-02
8.030985e-02;1.168049e-01;1.064711e-01;6.046051e-02;8.278751e-02;6.990116e-02;8.885287e-02;5.120510e-02;7.425359e-02;1.132788e-01;7.633460e-02;7.934004e-02
8.771423e-02;9.968687e-02;9.564661e-02;5.488037e-02;8.157568e-02;8.060930e-02;9.031437e-02;4.339160e-02;7.650768e-02;1.155331e-01;1.135990e-01;6.054119e-02
1.020756e-01;9.682689e-02;6.311028e-02;6.392626e-02;6.033196e-02;9.321550e-02;6.871267e-02;7.636376e-02;1.164261e-01;9.963641e-02;9.899783e-02;6.037677e-02
8.136865e-02;4.306153e-02;5.312220e-02;6.994975e-02;7.253195e-02;1.062689e-01;9.554574e-02;1.580596e-01;1.196444e-01;1.016714e-01;6.293400e-02;3.584183e-02
5.635532e-02;4.670153e-02;8.463097e-02;5.698457e-02;6.160799e-02;1.013115e-01;1.127343e-01;1.700518e-01;1.132866e-01;8.204159e-02;5.934554e-02;5.494840e-02
5.944330e-02;6.389052e-02;1.551676e-01;4.884874e-02;5.360245e-02;1.147874e-01;9.700161e-02;1.639374e-01;8.724547e-02;6.181233e-02;3.978732e-02;5.447575e-02
6.113379e-02;8.063839e-02;1.747457e-01;3.046373e-02;3.234971e-02;1.019484e-01;2.105038e-01;9.306390e-02;5.500888e-02;8.030743e-02;4.455047e-02;3.528574e-02
4.748938e-02;6.453488e-02;1.846644e-01;2.942695e-02;4.013829e-02;9.662715e-02;2.618595e-01;7.175457e-02;5.554254e-02;7.871376e-02;3.898738e-02;3.026125e-02
2.920208e-02;4.043446e-02;2.184093e-01;2.087080e-02;4.122532e-02;9.271877e-02;3.278851e-01;6.020996e-02;3.252813e-02;8.353201e-02;2.550225e-02;2.748178e-02
2.169045e-02;3.285830e-02;2.072387e-01;1.544956e-02;3.214669e-02;8.580863e-02;3.494839e-01;6.198233e-02;6.714477e-02;9.210222e-02;1.852068e-02;1.557367e-02
1.753687e-02;4.212440e-02;1.801448e-01;9.085528e-03;2.448562e-02;1.311834e-01;3.204221e-01;5.358345e-02;8.132264e-02;9.553131e-02;1.651438e-02;2.806548e-02
1.030254e-02;5.736319e-02;1.639374e-01;1.042893e-02;1.673533e-02;1.820563e-01;2.624452e-01;5.535743e-02;9.751607e-02;8.467224e-02;1.511668e-02;4.406870e-02
8.623578e-03;7.919811e-02;1.468854e-01;1.709314e-02;1.546674e-02;2.416085e-01;1.849704e-01;4.958876e-02;1.128813e-01;6.924573e-02;1.228967e-02;6.214876e-02
2.221825e-02;9.130761e-02;1.337291e-01;2.865883e-02;3.391764e-02;2.682151e-01;1.460349e-01;4.394275e-02;9.897437e-02;4.978640e-02;1.329954e-02;6.991548e-02
5.119548e-02;1.140748e-01;1.133631e-01;4.852917e-02;6.648890e-02;2.598492e-01;1.140677e-01;2.646399e-02;8.421088e-02;3.348320e-02;1.702328e-02;7.125031e-02
8.420828e-02;1.172424e-01;8.125354e-02;6.923832e-02;9.179882e-02;2.212309e-01;1.259741e-01;2.413853e-02;7.045958e-02;2.976220e-02;1.900822e-02;6.568507e-02
8.923379e-02;9.451496e-02;9.713987e-02;6.788774e-02;1.016022e-01;1.710109e-01;1.832139e-01;2.612557e-02;6.072753e-02;2.716134e-02;2.388810e-02;5.749410e-02
4.065318e-02;7.290651e-02;1.308335e-01;7.006814e-02;7.623581e-02;1.277585e-01;2.627945e-01;4.505953e-02;6.690758e-02;3.133207e-02;2.885165e-02;4.659906e-02
4.672490e-02;9.055570e-02;9.823116e-02;8.957821e-02;4.261504e-02;1.209723e-01;2.633813e-01;6.463375e-02;4.557984e-02;4.223706e-02;3.163388e-02;6.385694e-02
5.205110e-02;8.149365e-02;1.194703e-01;6.719525e-02;6.840038e-02;1.143676e-01;2.199610e-01;3.859093e-02;7.967515e-02;4.022187e-02;3.484827e-02;8.372449e-02
4.328700e-02;5.047563e-02;1.428643e-01;4.973163e-02;8.212607e-02;9.674421e-02;1.950577e-01;4.797146e-02;1.023529e-01;6.790938e-02;4.599113e-02;7.548855e-02
6.882686e-02;7.854809e-02;1.393768e-01;6.095763e-02;5.518242e-02;9.590575e-02;1.269723e-01;7.870270e-02;1.202512e-01;6.366190e-02;5.861257e-02;5.300184e-02
1.092874e-01;9.395476e-02;1.071730e-01;4.330568e-02;4.587502e-02;8.217301e-02;1.443895e-01;9.832954e-02;9.360266e-02;7.453234e-02;5.253557e-02;5.484149e-02
1.122985e-01;9.024446e-02;9.194848e-02;3.756523e-02;4.504526e-02;8.678421e-02;1.659682e-01;1.009312e-01;9.734005e-02;6.983244e-02;5.040189e-02;5.164009e-02
9.940661e-02;7.007474e-02;1.008051e-01;3.380789e-02;4.310776e-02;1.056775e-01;1.912211e-01;8.991350e-02;9.368335e-02;6.563861e-02;6.105195e-02;4.561186e-02
7.224521e-02;9.254043e-02;1.674571e-01;8.289168e-02;8.009443e-02;1.292186e-01;1.318926e-01;3.110594e-02;7.346399e-02;4.748287e-02;5.189250e-02;3.971468e-02
5.790915e-02;1.221938e-01;1.661357e-01;7.278748e-02;6.663754e-02;1.753220e-01;1.226668e-01;1.272359e-02;9.995700e-02;2.838120e-02;3.352716e-02;4.175848e-02
3.969934e-02;1.392799e-01;1.210884e-01;4.703661e-02;2.852729e-02;2.301154e-01;1.340929e-01;2.643365e-02;1.528358e-01;1.177915e-02;2.075421e-02;4.835733e-02
4.296696e-02;1.309975e-01;7.679339e-02;4.055731e-02;3.268746e-02;2.418927e-01;1.065812e-01;4.020067e-02;2.048218e-01;1.657001e-02;1.954816e-02;4.638286e-02
5.541404e-02;1.176540e-01;4.679461e-02;4.417386e-02;5.743004e-02;2.250221e-01;7.137273e-02;5.001405e-02;2.366686e-01;2.866875e-02;3.174213e-02;3.504501e-02
7.640369e-02;9.000200e-02;4.917629e-02;4.456521e-02;9.124915e-02;1.629521e-01;6.970899e-02;9.864073e-02;1.944658e-01;4.193231e-02;5.709625e-02;2.380748e-02
8.466423e-02;6.825083e-02;7.714908e-02;5.407220e-02;1.020362e-01;1.013982e-01;1.216710e-01;1.198264e-01;1.283112e-01;4.925121e-02;6.569849e-02;2.767091e-02
7.378645e-02;6.247140e-02;1.178178e-01;6.623244e-02;9.996828e-02;1.029935e-01;1.218738e-01;1.057735e-01;9.596052e-02;4.666791e-02;7.285007e-02;3.360433e-02
1.188377e-01;1.231450e-01;1.321889e-01;2.881364e-02;7.724377e-02;9.993184e-02;9.845589e-02;7.200735e-02;7.124100e-02;6.422932e-02;7.769173e-02;3.621390e-02
1.525743e-01;1.211667e-01;1.575291e-01;3.860509e-02;7.219699e-02;7.597981e-02;8.506984e-02;9.400533e-02;6.931745e-02;4.814862e-02;5.868951e-02;2.671722e-02
1.756246e-01;1.035405e-01;1.090991e-01;5.097547e-02;1.158050e-01;8.444122e-02;6.755764e-02;1.224262e-01;4.697417e-02;3.149987e-02;6.595252e-02;2.610368e-02
1.968012e-01;6.955646e-02;7.546174e-02;5.203830e-02;1.559585e-01;6.812706e-02;6.162518e-02;1.588228e-01;2.086738e-02;3.422454e-02;7.418198e-02;3.233492e-02
1.956522e-01;4.633103e-02;6.953103e-02;6.639953e-02;1.675102e-01;4.643824e-02;4.992133e-02;1.861868e-01;3.100414e-02;3.557532e-02;7.125292e-02;3.419723e-02
1.735908e-01;2.737466e-02;7.368165e-02;9.121273e-02;1.394197e-01;3.503611e-02;9.415232e-02;1.874744e-01;3.712022e-02;4.450324e-02;6.005589e-02;3.637822e-02
1.696260e-01;2.808292e-02;9.103119e-02;1.125421e-01;9.375864e-02;3.161616e-02;1.101829e-01;1.932434e-01;4.573510e-02;4.997009e-02;4.255086e-02;3.166066e-02
1.613212e-01;4.519983e-02;7.623556e-02;1.161980e-01;7.045468e-02;2.799592e-02;1.236478e-01;1.859789e-01;5.960033e-02;5.600509e-02;3.815728e-02;3.920531e-02
9.640378e-02;4.464321e-02;1.082600e-01;1.041813e-01;7.021908e-02;3.508048e-02;1.889753e-01;1.191337e-01;6.317666e-02;5.839523e-02;5.430518e-02;5.722610e-02
3.514232e-02;5.357235e-02;1.690780e-01;8.978383e-02;6.573712e-02;6.181562e-02;2.153225e-01;6.518192e-02;6.562676e-02;5.680740e-02;5.491377e-02;6.701846e-02
7.992277e-02;5.890965e-02;1.584319e-01;9.220460e-02;8.842158e-02;6.954157e-02;1.739049e-01;8.447292e-02;5.547426e-02;4.513958e-02;5.444475e-02;3.913159e-02
9.044956e-02;6.519474e-02;1.016343e-01;8.749371e-02;9.393774e-02;7.798876e-02;1.074675e-01;1.246726e-01;5.392154e-02;7.755340e-02;9.092181e-02;2.876437e-02
6.973761e-02;4.182591e-02;8.179480e-02;7.193114e-02;5.553536e-02;6.677417e-02;1.024855e-01;1.624865e-01;9.346420e-02;1.103374e-01;8.640773e-02;5.721972e-02
6.608088e-02;3.009190e-02;8.056565e-02;7.401343e-02;5.209501e-02;4.577665e-02;1.051628e-01;1.460773e-01;9.410979e-02;1.196179e-01;1.145088e-01;7.189988e-02
9.019323e-02;4.987057e-02;7.092591e-02;8.010566e-02;5.784497e-02;3.185672e-02;9.702899e-02;1.079730e-01;8.915439e-02;1.114334e-01;1.327061e-01;8.090702e-02
1.111048e-01;6.009395e-02;9.231661e-02;5.677791e-02;5.022489e-02;3.195921e-02;1.025209e-01;8.385443e-02;1.057941e-01;8.369532e-02;1.226145e-01;9.904353e-02
1.277727e-01;4.758378e-02;8.617143e-02;3.275424e-02;3.526368e-02;7.004055e-02;1.387851e-01;1.038250e-01;1.172193e-01;9.536400e-02;7.615922e-02;6.906096e-02
1.138757e-01;5.331067e-02;5.602654e-02;4.142885e-02;5.327471e-02;8.218423e-02;1.512424e-01;1.141515e-01;1.063669e-01;1.173135e-01;5.182662e-02;5.899847e-02
9.878863e-02;4.160476e-02;5.971422e-02;5.270714e-02;4.856208e-02;5.164175e-02;1.160939e-01;1.098298e-01;8.686122e-02;9.977030e-02;1.081890e-01;1.262372e-01
9.024200e-02;4.442769e-02;4.760447e-02;7.636969e-02;4.073354e-02;3.962603e-02;9.540959e-02;1.189272e-01;7.763673e-02;1.021530e-01;1.178691e-01;1.490010e-01
5.309543e-02;4.590886e-02;4.243081e-02;6.941772e-02;3.279551e-02;5.942510e-02;1.107739e-01;1.082618e-01;5.544884e-02;1.316548e-01;1.485602e-01;1.422271e-01
7.055539e-02;4.356992e-02;5.834246e-02;3.873663e-02;4.487946e-02;7.457177e-02;1.752099e-01;8.336087e-02;5.183253e-02;8.882270e-02;9.948130e-02;1.706371e-01
1.442278e-01;7.487306e-02;6.430815e-02;3.608066e-02;5.186184e-02;7.565934e-02;1.845629e-01;8.343992e-02;5.861045e-02;4.863597e-02;5.589369e-02;1.218462e-01
1.675580e-01;7.236840e-02;8.518808e-02;3.349661e-02;4.849429e-02;8.369537e-02;1.615283e-01;9.005170e-02;6.042079e-02;6.502870e-02;7.525815e-02;5.691166e-02
1.189468e-01;5.397534e-02;1.838251e-01;3.280307e-02;5.183629e-02;6.853101e-02;1.119418e-01;1.364935e-01;4.920632e-02;6.313207e-02;7.421331e-02;5.509535e-02
5.620510e-02;5.055655e-02;2.666934e-01;3.782228e-02;5.298392e-02;5.157122e-02;1.402522e-01;1.330855e-01;6.625149e-02;5.296875e-02;5.031992e-02;4.128968e-02
8.388485e-02;8.405189e-02;2.949963e-01;4.236028e-02;4.284585e-02;5.708434e-02;9.985755e-02;8.755875e-02;1.030508e-01;4.416968e-02;3.172801e-02;2.841175e-02
1.060430e-01;1.298363e-01;2.878300e-01;4.725496e-02;3.205264e-02;6.638428e-02;4.778508e-02;4.316138e-02;1.427108e-01;4.959867e-02;2.703797e-02;2.030482e-02
1.060962e-01;1.544293e-01;2.360867e-01;5.199654e-02;3.372847e-02;6.900033e-02;5.314849e-02;5.859815e-02;1.343808e-01;6.197628e-02;3.115337e-02;9.405377e-03
6.964131e-02;1.461789e-01;2.839054e-01;5.950837e-02;4.091338e-02;7.744033e-02;3.826660e-02;3.955302e-02;1.480811e-01;5.329400e-02;1.767451e-02;2.554309e-02
4.340374e-02;1.306525e-01;3.087053e-01;5.643707e-02;3.655476e-02;9.602347e-02;2.593293e-02;2.159752e-02;1.652773e-01;7.710696e-02;6.226593e-03;3.208180e-02
3.262754e-02;1.106490e-01;2.838587e-01;4.531704e-02;3.242373e-02;1.022899e-01;4.415669e-02;2.287622e-02;1.489378e-01;1.325687e-01;7.978976e-03;3.631563e-02
2.731121e-02;8.712081e-02;2.838987e-01;3.311818e-02;2.492512e-02;9.000108e-02;7.512634e-02;5.523013e-02;1.196749e-01;1.560589e-01;7.044031e-03;4.049071e-02
2.368789e-02;6.200258e-02;3.465769e-01;2.948341e-02;2.103440e-02;7.589816e-02;9.347460e-02;8.679461e-02;8.523499e-02;1.293188e-01;1.056758e-02;3.592610e-02
1.734964e-02;3.528187e-02;4.085001e-01;5.617348e-02;3.670791e-02;7.413338e-02;1.010884e-01;6.489296e-02;6.290895e-02;1.091074e-01;1.119808e-02;2.265784e-02
3.287309e-02;2.712288e-02;4.288429e-01;6.743582e-02;4.271675e-02;7.130314e-02;1.174105e-01;2.422094e-02;3.723725e-02;1.169567e-01;1.552690e-02;1.835323e-02
4.663487e-02;1.796685e-02;4.043834e-01;6.586465e-02;4.319537e-02;6.919188e-02;1.401630e-01;3.935073e-02;1.719835e-02;1.022239e-01;3.178691e-02;2.204010e-02
5.045669e-02;2.319847e-02;4.085243e-01;5.544143e-02;4.110642e-02;5.473769e-02;1.483909e-01;4.954852e-02;2.126555e-02;8.534403e-02;4.119944e-02;2.078649e-02
4.767139e-02;2.014929e-02;4.696515e-01;4.095490e-02;3.590328e-02;3.880306e-02;1.449578e-01;3.885687e-02;3.621717e-02;6.481969e-02;3.339097e-02;2.862407e-02
3.042400e-02;1.878667e-02;5.071145e-01;8.153063e-02;7.061262e-02;3.177707e-02;1.047121e-01;2.211061e-02;3.017617e-02;4.019956e-02;3.137565e-02;3.118046e-02
1.476665e-02;1.697282e-02;5.242354e-01;1.130671e-01;7.001992e-02;3.346861e-02;4.809479e-02;4.057985e-02;2.436666e-02;4.017517e-02;4.741795e-02;2.683508e-02
1.749061e-02;1.513308e-02;5.061426e-01;1.239764e-01;7.555236e-02;3.813500e-02;3.625176e-02;4.241912e-02;3.172261e-02;3.972603e-02;5.157769e-02;2.187280e-02
2.859843e-02;1.951849e-02;4.964038e-01;1.136500e-01;7.485055e-02;3.770917e-02;6.182656e-02;3.905984e-02;2.873681e-02;3.065572e-02;4.866483e-02;2.032578e-02
4.536770e-02;2.364565e-02;4.864790e-01;1.022620e-01;6.785583e-02;3.668811e-02;4.266856e-02;4.860038e-02;3.071792e-02;3.311623e-02;5.755600e-02;2.504252e-02
6.537870e-02;4.868778e-02;3.472716e-01;1.054900e-01;8.309640e-02;3.130558e-02;7.742602e-02;5.991904e-02;3.380121e-02;4.021901e-02;8.604790e-02;2.135670e-02
5.527312e-02;5.774613e-02;2.688541e-01;1.216076e-01;8.617301e-02;3.217845e-02;1.318863e-01;6.600242e-02;2.431482e-02;4.646634e-02;9.494336e-02;1.455430e-02
5.036104e-02;4.007777e-02;2.599870e-01;1.449030e-01;6.590804e-02;3.252255e-02;1.287434e-01;8.745503e-02;2.416690e-02;3.939939e-02;1.112590e-01;1.521691e-02
4.150091e-02;2.145650e-02;2.661240e-01;1.576098e-01;4.573313e-02;2.930295e-02;1.043518e-01;1.221927e-01;2.071728e-02;3.646888e-02;1.405732e-01;1.396892e-02
2.899254e-02;1.886436e-02;2.594271e-01;1.410843e-01;4.767970e-02;4.487944e-02;6.926147e-02;1.648433e-01;2.615406e-02;2.561264e-02;1.563289e-01;1.687216e-02
2.394011e-02;2.844990e-02;2.312341e-01;1.257979e-01;5.110470e-02;5.513466e-02;7.447679e-02;1.943638e-01;2.093403e-02;2.822934e-02;1.495139e-01;1.682075e-02
2.269263e-02;4.203679e-02;2.133947e-01;1.183766e-01;5.018015e-02;5.808282e-02;8.870321e-02;2.146464e-01;2.734871e-02;2.114474e-02;1.251024e-01;1.829084e-02
2.399081e-02;5.403861e-02;2.272322e-01;1.165283e-01;5.526863e-02;6.099532e-02;7.210640e-02;2.455084e-01;1.208063e-02;1.951701e-02;1.002908e-01;1.244302e-02
1.986826e-02;5.237089e-02;2.457049e-01;1.095187e-01;5.505329e-02;5.617342e-02;7.034942e-02;2.640812e-01;2.534584e-02;2.011932e-02;6.818659e-02;1.322819e-02
2.845728e-02;5.371587e-02;2.435263e-01;1.017130e-01;7.141688e-02;5.674990e-02;8.787531e-02;2.377747e-01;2.094251e-02;2.931080e-02;4.408383e-02;2.443352e-02
4.606662e-02;7.269461e-02;2.123097e-01;8.058042e-02;9.873044e-02;5.351337e-02;9.226990e-02;1.575800e-01;4.668023e-02;4.818220e-02;6.976966e-02;2.162281e-02
5.830979e-02;8.022616e-02;1.736153e-01;6.569121e-02;1.031528e-01;4.514263e-02;8.296908e-02;9.794621e-02;8.772119e-02;7.153963e-02;8.140700e-02;5.227903e-02
7.009169e-02;6.309640e-02;1.541973e-01;5.640894e-02;7.307326e-02;4.018391e-02;9.580735e-02;8.465248e-02;1.116958e-01;7.548115e-02;1.003105e-01;7.500125e-02
7.466352e-02;5.225807e-02;1.529817e-01;5.404583e-02;6.961051e-02;3.923621e-02;1.206104e-01;8.410500e-02;9.654887e-02;4.163786e-02;1.334967e-01;8.080534e-02
6.027966e-02;6.598531e-02;1.215028e-01;5.784500e-02;6.010479e-02;6.065607e-02;1.540350e-01;7.072755e-02;8.625667e-02;5.850169e-02;1.032153e-01;1.008901e-01
6.192308e-02;6.855366e-02;1.159199e-01;7.661440e-02;5.693114e-02;8.880044e-02;1.655599e-01;7.720821e-02;7.863746e-02;4.833206e-02;4.570708e-02;1.158126e-01
6.012880e-02;7.339139e-02;1.100234e-01;8.480571e-02;5.552960e-02;8.526976e-02;1.213249e-01;8.342262e-02;1.026523e-01;6.500204e-02;6.405324e-02;9.439614e-02
7.757299e-02;8.125214e-02;1.140992e-01;5.295955e-02;6.320199e-02;6.901410e-02;1.217992e-01;6.057918e-02;1.189470e-01;1.023362e-01;8.140489e-02;5.683358e-02
5.900086e-02;6.268632e-02;6.891213e-02;4.035166e-02;7.877830e-02;5.024559e-02;1.810772e-01;6.423859e-02;1.617534e-01;1.221638e-01;5.768147e-02;5.311065e-02
4.859582e-02;4.915532e-02;1.453237e-01;4.617542e-02;7.881569e-02;5.491530e-02;2.065193e-01;6.391665e-02;1.432681e-01;1.004049e-01;2.869237e-02;3.421741e-02
9.146425e-02;5.767849e-02;2.086798e-01;5.422926e-02;8.401208e-02;6.155586e-02;1.155655e-01;5.253099e-02;1.033475e-01;1.215681e-01;3.291922e-02;1.644909e-02
9.082440e-02;7.371829e-02;2.677244e-01;4.291709e-02;9.587707e-02;7.606360e-02;1.468865e-01;2.874871e-02;4.216756e-02;7.837407e-02;3.100131e-02;2.569704e-02
5.450966e-02;7.724324e-02;3.438998e-01;4.356049e-02;8.078498e-02;7.155188e-02;1.459664e-01;2.255510e-02;5.412209e-02;5.433882e-02;2.641249e-02;2.505506e-02
3.707055e-02;8.923016e-02;4.241583e-01;5.124449e-02;6.308226e-02;6.505807e-02;6.373118e-02;3.020800e-02;8.075073e-02;5.571075e-02;1.796021e-02;2.179529e-02
5.552703e-02;9.278446e-02;3.668490e-01;4.646663e-02;4.932574e-02;5.414646e-02;6.704749e-02;4.716643e-02;8.953625e-02;8.937618e-02;2.559154e-02;1.618275e-02
7.866155e-02;8.101979e-02;2.798842e-01;3.944857e-02;5.735638e-02;4.865793e-02;8.424391e-02;5.499479e-02;1.023127e-01;1.171973e-01;3.773689e-02;1.848600e-02
7.667612e-02;6.281084e-02;1.879312e-01;3.326847e-02;5.536656e-02;3.912681e-02;1.862688e-01;6.640207e-02;1.051429e-01;1.188367e-01;4.690520e-02;2.126436e-02
5.157373e-02;4.911027e-02;1.140891e-01;3.255389e-02;4.123169e-02;3.983055e-02;3.414103e-01;8.358858e-02;9.046712e-02;9.482542e-02;3.666912e-02;2.465020e-02
4.105674e-02;3.379285e-02;8.597992e-02;4.511409e-02;5.002296e-02;4.472890e-02;3.652787e-01;1.228803e-01;8.364160e-02;8.753418e-02;1.776878e-02;2.220099e-02
6.153028e-02;3.621424e-02;1.387907e-01;5.693088e-02;6.105062e-02;2.657622e-02;2.723036e-01;1.277326e-01;7.429813e-02;9.162115e-02;2.595158e-02;2.700009e-02
1.167101e-01;6.694946e-02;1.301490e-01;4.489133e-02;5.853404e-02;2.173821e-02;2.328287e-01;1.138976e-01;6.529515e-02;8.888634e-02;2.752032e-02;3.259975e-02
1.996012e-01;1.027716e-01;9.085017e-02;4.004657e-02;5.090008e-02;2.274324e-02;1.808669e-01;1.341592e-01;3.409427e-02;8.032358e-02;3.092782e-02;3.271533e-02
2.349051e-01;1.315718e-01;8.739584e-02;4.454966e-02;5.929448e-02;3.019246e-02;1.535742e-01;1.080095e-01;3.663680e-02;5.961803e-02;2.547483e-02;2.877732e-02
1.963080e-01;1.033144e-01;8.426116e-02;6.579231e-02;8.519835e-02;4.484862e-02;1.484080e-01;9.104160e-02;4.165078e-02;6.474148e-02;3.099776e-02;4.343757e-02
1.253308e-01;4.971026e-02;5.235125e-02;7.739997e-02;1.102975e-01;6.488207e-02;1.553298e-01;1.370354e-01;4.082263e-02;8.648684e-02;4.458902e-02;5.576451e-02
7.432827e-02;1.594491e-02;2.938341e-02;7.752868e-02;9.536830e-02;6.776494e-02;1.850126e-01;2.192857e-01;3.882359e-02;9.599125e-02;3.963285e-02;6.093551e-02
7.300696e-02;1.391368e-02;1.960078e-02;7.041840e-02;5.297847e-02;5.187966e-02;2.142415e-01;2.506108e-01;4.104140e-02;9.621087e-02;4.198462e-02;7.411284e-02
5.960241e-02;2.367733e-02;2.027232e-02;6.518884e-02;2.782723e-02;4.433428e-02;2.661434e-01;2.215198e-01;3.826997e-02;1.056776e-01;3.163369e-02;9.585311e-02
5.924852e-02;2.711168e-02;2.059754e-02;6.550992e-02;2.056483e-02;5.033024e-02;2.915670e-01;1.777970e-01;2.911486e-02;1.270326e-01;2.297904e-02;1.081467e-01
9.849494e-02;2.678723e-02;2.933029e-02;6.007614e-02;2.865652e-02;6.244493e-02;2.316017e-01;1.680842e-01;3.383849e-02;1.250460e-01;3.881832e-02;9.682129e-02
1.349874e-01;1.994672e-02;4.209928e-02;5.459427e-02;2.746797e-02;6.215197e-02;1.847856e-01;1.973688e-01;3.880289e-02;1.200576e-01;2.629488e-02;9.144264e-02
1.403542e-01;2.964018e-02;6.739986e-02;4.054140e-02;3.434316e-02;4.983366e-02;1.519663e-01;2.224506e-01;5.013612e-02;1.057355e-01;3.439833e-02;7.320078e-02
1.771278e-01;2.598494e-02;8.837283e-02;2.414848e-02;6.139105e-02;2.479788e-02;9.553680e-02;2.719158e-01;3.278173e-02;7.532567e-02;7.708462e-02;4.553249e-02
1.946748e-01;2.083580e-02;7.937177e-02;1.943381e-02;7.801648e-02;1.498886e-02;7.460751e-02;2.967841e-01;2.967392e-02;5.730196e-02;1.041134e-01;3.019747e-02
2.009014e-01;2.020857e-02;6.012055e-02;2.202137e-02;8.243496e-02;1.850909e-02;5.685843e-02;3.025483e-01;3.449566e-02;5.293138e-02;1.211261e-01;2.784423e-02
2.001337e-01;2.118553e-02;4.445582e-02;2.297102e-02;8.359351e-02;2.165262e-02;4.148941e-02;3.267142e-01;5.233893e-02;3.979056e-02;1.138168e-01;3.185789e-02
1.909143e-01;2.488417e-02;3.917797e-02;2.330078e-02;8.530080e-02;2.506770e-02;7.480641e-02;3.463314e-01;2.556577e-02;4.100106e-02;9.097821e-02;3.267151e-02
1.644762e-01;2.923403e-02;4.242009e-02;3.403902e-02;8.572343e-02;3.391979e-02;1.131563e-01;3.135588e-01;4.547941e-02;3.331289e-02;7.701786e-02;2.766214e-02
1.465242e-01;4.174279e-02;6.269792e-02;5.454800e-02;8.934636e-02;3.566625e-02;1.160464e-01;2.553800e-01;5.400302e-02;3.321990e-02;7.979284e-02;3.103223e-02
1.438269e-01;4.989516e-02;9.091002e-02;6.341574e-02;8.838261e-02;4.413669e-02;8.635244e-02;1.908645e-01;6.114342e-02;3.386953e-02;1.059701e-01;4.123292e-02
1.588054e-01;2.218540e-02;1.303810e-01;4.220384e-02;6.598380e-02;2.807737e-02;1.563801e-01;1.435072e-01;4.263234e-02;3.734756e-02;1.269120e-01;4.558402e-02
1.685870e-01;7.308809e-02;1.508159e-01;2.322146e-02;5.374359e-02;2.739042e-02;1.719444e-01;1.021786e-01;2.563635e-02;4.093052e-02;1.247109e-01;3.775271e-02
1.296120e-01;8.191957e-02;1.800076e-01;2.909003e-02;6.136087e-02;4.516668e-02;1.372756e-01;8.446620e-02;4.420665e-02;4.109677e-02;1.309793e-01;3.481869e-02
1.112537e-01;6.228403e-02;1.730368e-01;2.642887e-02;5.077937e-02;6.251507e-02;1.458047e-01;5.070873e-02;7.201994e-02;3.573218e-02;1.454213e-01;6.401522e-02
1.269802e-01;7.196198e-02;1.598739e-01;3.577421e-02;4.656569e-02;6.872259e-02;1.125955e-01;6.176820e-02;7.406151e-02;5.556311e-02;1.071282e-01;7.900492e-02
1.086511e-01;8.106688e-02;1.887916e-01;4.321715e-02;5.156759e-02;5.951774e-02;1.163670e-01;8.135810e-02;5.990359e-02;7.498953e-02;7.740188e-02;5.716778e-02
4.841702e-02;9.256587e-02;2.771153e-01;5.343409e-02;5.502156e-02;8.429584e-02;7.036685e-02;7.365438e-02;8.049104e-02;8.327518e-02;4.326897e-02;3.809385e-02
5.117083e-02;1.007997e-01;2.982495e-01;5.358593e-02;4.495518e-02;9.749839e-02;6.423632e-02;4.841201e-02;8.956587e-02;7.259639e-02;2.897219e-02;4.995771e-02
5.281445e-02;1.044475e-01;2.810861e-01;6.235570e-02;4.165760e-02;9.940662e-02;7.462979e-02;4.920060e-02;9.869405e-02;6.657130e-02;2.945812e-02;3.967818e-02
5.813642e-02;9.612225e-02;2.475464e-01;7.094410e-02;4.791086e-02;8.956175e-02;1.091807e-01;5.406599e-02;9.173980e-02;5.904028e-02;4.333786e-02;3.241361e-02
7.460871e-02;7.530320e-02;2.142764e-01;5.928534e-02;6.706643e-02;8.502233e-02;1.488000e-01;6.218234e-02;6.547570e-02;5.761083e-02;5.469398e-02;3.567472e-02
1.077182e-01;6.483204e-02;1.685566e-01;5.146343e-02;8.367414e-02;7.867368e-02;1.674860e-01;6.696558e-02;5.228307e-02;4.512845e-02;8.568217e-02;2.753667e-02
1.155179e-01;5.489634e-02;1.342815e-01;3.538885e-02;1.004933e-01;5.445569e-02;1.977352e-01;8.435692e-02;4.816821e-02;3.367777e-02;1.074608e-01;3.356749e-02
1.361176e-01;4.851876e-02;1.287510e-01;3.130822e-02;1.090992e-01;3.188296e-02;1.999335e-01;1.063866e-01;3.382617e-02;3.263512e-02;1.055853e-01;3.595553e-02
1.603987e-01;3.637855e-02;1.044970e-01;4.584932e-02;1.018111e-01;3.067394e-02;2.020355e-01;1.253869e-01;4.085742e-02;4.382657e-02;7.915547e-02;2.912948e-02
1.669625e-01;1.971929e-02;9.715633e-02;5.080733e-02;9.328572e-02;4.285134e-02;1.875745e-01;1.414733e-01;4.450253e-02;5.438435e-02;5.114770e-02;5.013514e-02
1.528089e-01;4.074092e-02;6.199875e-02;4.761502e-02;8.498909e-02;4.480981e-02;2.016471e-01;1.581961e-01;6.795327e-02;5.878003e-02;4.051917e-02;3.994183e-02
1.377610e-01;5.619130e-02;6.997599e-02;4.473207e-02;8.809572e-02;4.770835e-02;1.465397e-01;1.622823e-01;7.419740e-02;6.974810e-02;6.246016e-02;4.030793e-02
1.308586e-01;5.470645e-02;7.136121e-02;4.136539e-02;9.775128e-02;3.392377e-02;1.256581e-01;1.421879e-01;8.790508e-02;5.494196e-02;1.040041e-01;5.533608e-02
1.247687e-01;6.402086e-02;9.817074e-02;4.570175e-02;1.022222e-01;3.422316e-02;1.259315e-01;1.057568e-01;6.064364e-02;7.231469e-02;1.327616e-01;3.348438e-02
1.316861e-01;1.034450e-01;1.292568e-01;4.097379e-02;8.493396e-02;4.375536e-02;1.171861e-01;6.852400e-02;4.038483e-02;9.088617e-02;1.267906e-01;2.217725e-02
1.661548e-01;1.391675e-01;1.293236e-01;2.927476e-02;6.677311e-02;5.212921e-02;8.116665e-02;5.687782e-02;5.006709e-02;9.183456e-02;1.001893e-01;3.704159e-02
1.932764e-01;1.668823e-01;1.137896e-01;2.401570e-02;5.545299e-02;4.776408e-02;5.486330e-02;5.894560e-02;7.351536e-02;9.674227e-02;8.987542e-02;2.487703e-02
2.182646e-01;1.973881e-01;1.263704e-01;2.231848e-02;4.683005e-02;3.525733e-02;4.488941e-02;4.742812e-02;7.752444e-02;8.329836e-02;8.238705e-02;1.804371e-02
2.357984e-01;2.282247e-01;1.177662e-01;2.190021e-02;3.694320e-02;3.008332e-02;3.983923e-02;4.170169e-02;8.261062e-02;7.612837e-02;7.439548e-02;1.460859e-02
2.190790e-01;2.516531e-01;1.172438e-01;3.180708e-02;3.206422e-02;3.229323e-02;5.087347e-02;3.522720e-02;9.338032e-02;7.373835e-02;5.014408e-02;1.249608e-02
2.347484e-01;2.650054e-01;1.243734e-01;3.307610e-02;2.982307e-02;3.412757e-02;4.186076e-02;3.845128e-02;9.272993e-02;6.502049e-02;2.733614e-02;1.344743e-02
2.493898e-01;2.546635e-01;1.223064e-01;1.909592e-02;2.374945e-02;2.776113e-02;4.839620e-02;4.463259e-02;8.581761e-02;6.044221e-02;4.631892e-02;1.742624e-02
2.682258e-01;2.378541e-01;9.956888e-02;1.208356e-02;2.142009e-02;2.234127e-02;6.159543e-02;4.929138e-02;7.626001e-02;5.760813e-02;7.434171e-02;1.940972e-02
2.897167e-01;2.134896e-01;8.018560e-02;1.285782e-02;2.330585e-02;2.381512e-02;6.817286e-02;4.700021e-02;5.580507e-02;5.065553e-02;1.101938e-01;2.480183e-02
2.982870e-01;1.800063e-01;7.867845e-02;1.493856e-02;2.448501e-02;2.350819e-02;7.129810e-02;4.408740e-02;5.151084e-02;3.727534e-02;1.390491e-01;3.687566e-02
2.989824e-01;1.607206e-01;8.138856e-02;1.587107e-02;2.858165e-02;2.247684e-02;6.848387e-02;5.053439e-02;4.980643e-02;3.025107e-02;1.514373e-01;4.146586e-02
2.881046e-01;1.342349e-01;1.032864e-01;2.075353e-02;3.378728e-02;2.130151e-02;7.963044e-02;6.774045e-02;4.304912e-02;3.145304e-02;1.240638e-01;5.259499e-02
2.615619e-01;1.070667e-01;1.159862e-01;3.489298e-02;3.457472e-02;2.391776e-02;1.226406e-01;8.686899e-02;4.330107e-02;2.966320e-02;7.470641e-02;6.481940e-02
1.881476e-01;8.006454e-02;9.818215e-02;4.530140e-02;5.291203e-02;3.903462e-02;2.042184e-01;9.160875e-02;4.728722e-02;3.472807e-02;4.754180e-02;7.097335e-02
1.577334e-01;7.791999e-02;1.031659e-01;3.951009e-02;5.276655e-02;3.879146e-02;2.351262e-01;1.060317e-01;3.593066e-02;3.723110e-02;5.760867e-02;5.818415e-02
2.242074e-01;9.418514e-02;1.300881e-01;2.882294e-02;4.975289e-02;2.259374e-02;1.483918e-01;1.173901e-01;2.768362e-02;3.946115e-02;7.166301e-02;4.576000e-02
2.139180e-01;8.928439e-02;1.535064e-01;4.449581e-02;5.400378e-02;2.138101e-02;1.063589e-01;1.278362e-01;3.015635e-02;4.713250e-02;7.502858e-02;3.689816e-02
1.951474e-01;7.163139e-02;1.207689e-01;5.276011e-02;4.522372e-02;2.909765e-02;1.679851e-01;1.376720e-01;3.640274e-02;4.455761e-02;5.780908e-02;4.094423e-02
1.588490e-01;4.116002e-02;1.008175e-01;5.380484e-02;3.505549e-02;3.826531e-02;2.314313e-01;1.425559e-01;5.091910e-02;5.579289e-02;4.605221e-02;4.529648e-02
1.198260e-01;1.634094e-02;9.864548e-02;6.083330e-02;3.430112e-02;4.347701e-02;2.653563e-01;1.193734e-01;4.919584e-02;7.263955e-02;6.622713e-02;5.378395e-02
1.200808e-01;3.269753e-02;7.177015e-02;6.616102e-02;4.159513e-02;4.509333e-02;2.883276e-01;9.334444e-02;4.186843e-02;8.430478e-02;5.635822e-02;5.839854e-02
1.103827e-01;4.406822e-02;6.227243e-02;9.060723e-02;3.854936e-02;3.510370e-02;3.140967e-01;5.027042e-02;4.055135e-02;1.005240e-01;5.580572e-02;5.776813e-02
9.897833e-02;3.786467e-02;9.688802e-02;8.620979e-02;4.646018e-02;3.792033e-02;2.944112e-01;6.156353e-02;3.621118e-02;1.154251e-01;4.383240e-02;4.423536e-02
9.307861e-02;5.123064e-02;1.297260e-01;8.696466e-02;4.486169e-02;3.878757e-02;2.532840e-01;6.114351e-02;4.234590e-02;9.445667e-02;4.914787e-02;5.497295e-02
9.164872e-02;5.354524e-02;1.156240e-01;1.096909e-01;3.688581e-02;3.845108e-02;2.961877e-01;3.165180e-02;3.771553e-02;5.935609e-02;5.281846e-02;7.642467e-02
9.921027e-02;5.822210e-02;1.156522e-01;1.049976e-01;2.488026e-02;3.828216e-02;3.394652e-01;2.573453e-02;3.124215e-02;3.735867e-02;3.838238e-02;8.657253e-02
9.930480e-02;5.573740e-02;1.318197e-01;8.221177e-02;2.362690e-02;6.542683e-02;3.312702e-01;3.474873e-02;3.571305e-02;3.832895e-02;2.623814e-02;7.557350e-02
8.209017e-02;5.646968e-02;1.554058e-01;6.022745e-02;3.054016e-02;1.081893e-01;3.153574e-01;2.547688e-02;4.038055e-02;4.832680e-02;2.232907e-02;5.520660e-02
6.591974e-02;4.670350e-02;1.835279e-01;4.967539e-02;4.144517e-02;1.266887e-01;2.916780e-01;3.831413e-02;6.077225e-02;4.203174e-02;2.037698e-02;3.286646e-02
3.930165e-02;5.030723e-02;2.151001e-01;3.833507e-02;4.309145e-02;1.415242e-01;2.515524e-01;2.932570e-02;8.081793e-02;4.032213e-02;4.073039e-02;2.959165e-02
7.672002e-02;7.948679e-02;2.107480e-01;2.425188e-02;4.011972e-02;1.459591e-01;1.945922e-01;3.002097e-02;6.764232e-02;4.142959e-02;5.911485e-02;2.991460e-02
1.103964e-01;1.032052e-01;1.987437e-01;1.378885e-02;3.749232e-02;1.591687e-01;1.320900e-01;3.446460e-02;4.993699e-02;5.072751e-02;7.693713e-02;3.304857e-02
9.705619e-02;8.989966e-02;1.758664e-01;1.686302e-02;4.043525e-02;1.487754e-01;1.603077e-01;4.759940e-02;4.485185e-02;5.631179e-02;8.470702e-02;3.732624e-02
8.393229e-02;7.444490e-02;1.490280e-01;1.185749e-02;5.819904e-02;1.335111e-01;1.858025e-01;5.307617e-02;5.312383e-02;6.104561e-02;9.244690e-02;4.353217e-02
