9.829052e-02;1.190340e-01;1.246126e-01;5.949308e-02;4.382712e-02;1.099708e-01;4.693973e-02;6.558155e-02;4.190480e-02;8.108827e-02;1.015118e-01;1.077457e-01
1.204288e-01;1.113101e-01;1.084783e-01;6.499548e-02;4.667576e-02;8.843841e-02;5.725965e-02;7.514053e-02;4.792717e-02;9.284799e-02;7.475808e-02;1.117397e-01
1.214807e-01;8.855833e-02;7.410293e-02;7.970516e-02;5.698950e-02;1.203406e-01;7.763148e-02;8.101965e-02;7.273289e-02;1.112986e-01;2.102794e-02;9.511213e-02
9.767771e-02;8.645796e-02;7.180127e-02;8.338542e-02;5.537615e-02;1.138159e-01;8.427075e-02;9.815511e-02;8.900853e-02;1.199795e-01;4.151671e-02;5.855495e-02
9.740140e-02;1.046918e-01;1.220735e-01;6.081756e-02;4.153905e-02;8.545863e-02;7.290617e-02;1.086265e-01;1.017621e-01;1.131190e-01;4.549994e-02;4.610428e-02
8.562168e-02;9.239047e-02;1.472002e-01;7.136780e-02;4.551167e-02;7.222803e-02;7.083122e-02;1.241294e-01;9.740013e-02;1.032348e-01;6.330454e-02;2.678007e-02
5.837937e-02;1.115468e-01;1.291156e-01;6.274287e-02;3.610631e-02;8.543240e-02;6.113358e-02;1.546406e-01;1.079826e-01;9.257339e-02;6.577761e-02;3.456883e-02
5.661329e-02;1.483562e-01;1.116033e-01;8.717553e-02;3.761502e-02;6.974199e-02;5.238454e-02;1.780543e-01;1.038977e-01;5.598305e-02;4.403969e-02;5.453528e-02
5.646024e-02;1.097836e-01;9.649254e-02;8.988667e-02;4.596571e-02;1.015496e-01;6.042301e-02;1.770756e-01;9.529352e-02;4.477556e-02;5.923291e-02;6.306098e-02
6.212489e-02;1.001652e-01;1.267000e-01;6.327735e-02;3.833440e-02;1.220669e-01;6.096893e-02;1.569935e-01;9.086838e-02;6.541772e-02;6.538028e-02;4.770248e-02
3.715735e-02;1.574847e-01;1.646375e-01;7.351345e-02;3.752093e-02;1.713327e-01;5.766377e-02;7.542909e-02;6.301341e-02;8.834271e-02;4.632056e-02;2.758393e-02
2.675104e-02;1.623893e-01;1.432293e-01;7.478420e-02;5.146650e-02;1.606864e-01;3.757448e-02;9.948430e-02;8.139794e-02;1.039959e-01;3.399665e-02;2.424396e-02
3.718981e-02;1.210202e-01;1.180585e-01;5.841856e-02;6.831766e-02;1.338333e-01;3.529113e-02;1.078346e-01;1.170017e-01;1.430642e-01;3.919671e-02;2.077357e-02
5.591785e-02;6.991617e-02;9.459106e-02;5.591246e-02;7.960103e-02;1.019563e-01;4.725190e-02;8.512614e-02;1.902910e-01;1.687078e-01;3.322156e-02;1.750673e-02
6.985903e-02;4.418779e-02;8.734112e-02;7.201418e-02;7.195541e-02;6.259819e-02;6.849672e-02;1.139950e-01;2.501034e-01;1.264869e-01;1.743885e-02;1.552332e-02
7.600470e-02;1.895084e-02;7.853956e-02;8.788560e-02;4.107413e-02;4.734159e-02;7.865874e-02;1.899239e-01;2.892652e-01;5.367031e-02;1.733643e-02;2.134902e-02
6.280905e-02;1.519046e-02;7.329164e-02;9.752340e-02;1.860308e-02;3.355955e-02;6.684417e-02;2.323354e-01;3.002559e-01;5.383021e-02;1.868227e-02;2.707492e-02
3.853022e-02;2.387483e-02;9.633804e-02;9.914032e-02;3.696271e-02;2.780011e-02;5.118788e-02;2.525610e-01;2.739624e-01;6.527355e-02;1.629633e-02;1.807266e-02
3.116641e-02;2.096955e-02;1.176742e-01;8.904657e-02;3.933989e-02;4.134619e-02;4.360390e-02;2.633035e-01;2.526126e-01;7.034527e-02;1.846893e-02;1.212303e-02
4.520416e-02;2.941919e-02;1.104803e-01;7.316361e-02;3.061232e-02;6.097722e-02;3.813211e-02;2.346849e-01;2.750705e-01;6.541968e-02;2.522974e-02;1.160622e-02
4.674648e-02;3.486776e-02;8.473792e-02;9.310425e-02;4.294235e-02;9.647351e-02;6.750502e-02;1.255597e-01;3.189824e-01;3.739033e-02;3.117152e-02;2.051880e-02
4.541808e-02;3.048378e-02;6.942955e-02;6.282032e-02;3.908827e-02;9.086426e-02;7.203399e-02;1.602145e-01;3.090048e-01;5.841211e-02;3.849062e-02;2.373968e-02
5.163321e-02;3.550968e-02;4.137672e-02;2.338472e-02;2.617281e-02;6.415769e-02;6.391753e-02;2.599821e-01;2.798635e-01;9.026465e-02;4.297896e-02;2.075838e-02
4.888665e-02;5.191684e-02;5.647752e-02;2.432069e-02;2.872711e-02;7.093886e-02;5.016301e-02;2.723276e-01;2.502927e-01;1.005861e-01;3.121573e-02;1.414714e-02
3.608153e-02;4.165921e-02;8.053228e-02;3.163715e-02;4.745337e-02;6.021131e-02;3.845573e-02;2.503498e-01;2.722823e-01;1.045444e-01;1.095709e-02;2.583595e-02
3.331716e-02;5.568326e-02;9.004119e-02;4.505297e-02;4.583501e-02;5.005602e-02;3.566371e-02;2.195453e-01;2.813306e-01;8.317906e-02;4.038993e-02;1.990575e-02
2.875451e-02;5.185727e-02;8.146561e-02;6.529702e-02;5.191671e-02;5.889391e-02;5.281302e-02;1.993335e-01;2.743498e-01;8.986327e-02;3.421214e-02;1.124323e-02
2.901941e-02;2.598764e-02;8.903830e-02;7.794537e-02;5.424529e-02;7.756961e-02;5.740550e-02;2.149042e-01;2.715985e-01;6.389620e-02;1.811635e-02;2.027363e-02
2.701254e-02;4.574342e-02;9.506166e-02;7.396324e-02;3.982644e-02;5.946973e-02;4.481458e-02;2.531897e-01;2.352219e-01;8.666085e-02;9.111278e-03;2.992468e-02
4.000191e-02;1.114442e-01;1.144635e-01;4.777932e-02;4.366007e-02;6.821208e-02;3.375804e-02;2.065924e-01;2.117945e-01;6.927267e-02;1.740172e-02;3.561968e-02
6.662036e-02;1.832576e-01;1.682958e-01;3.444511e-02;2.110726e-02;1.160362e-01;3.658373e-02;1.141004e-01;1.294413e-01;4.873617e-02;3.233004e-02;4.904605e-02
6.267349e-02;1.710722e-01;1.582444e-01;2.175389e-02;2.568678e-02;1.453930e-01;4.447937e-02;1.199690e-01;8.227389e-02;3.842566e-02;6.838415e-02;6.164415e-02
4.279527e-02;1.080960e-01;7.612210e-02;2.041226e-02;6.248655e-02;1.418815e-01;5.270576e-02;1.266485e-01;1.387278e-01;9.191442e-02;7.965396e-02;5.855594e-02
2.668654e-02;8.220699e-02;3.975614e-02;4.127217e-02;1.232649e-01;1.248306e-01;2.947342e-02;9.618416e-02;2.117695e-01;1.392369e-01;5.009066e-02;3.522800e-02
1.874438e-02;7.508017e-02;3.758433e-02;7.048570e-02;1.843092e-01;9.506182e-02;1.772163e-02;7.843297e-02;2.284845e-01;1.519717e-01;2.359519e-02;1.852839e-02
2.400137e-02;6.596109e-02;5.003788e-02;9.647830e-02;1.773375e-01;9.494349e-02;1.542232e-02;9.697001e-02;2.177179e-01;1.229389e-01;2.038496e-02;1.780625e-02
3.622180e-02;6.750780e-02;7.592608e-02;8.455420e-02;1.211342e-01;1.203154e-01;2.080340e-02;1.698001e-01;1.861168e-01;8.250985e-02;1.846620e-02;1.664424e-02
3.323246e-02;7.133103e-02;8.287627e-02;4.865969e-02;8.001053e-02;1.300562e-01;2.703780e-02;2.383132e-01;1.832016e-01;5.460443e-02;2.392138e-02;2.675540e-02
2.649578e-02;1.018721e-01;9.280989e-02;3.378632e-02;8.508652e-02;6.755406e-02;4.099007e-02;2.008596e-01;1.834815e-01;6.718656e-02;4.189055e-02;5.798703e-02
3.542482e-02;1.066644e-01;5.930877e-02;4.256657e-02;9.998960e-02;9.480879e-02;2.932388e-02;1.157735e-01;1.947519e-01;1.329328e-01;4.081122e-02;4.764371e-02
3.395757e-02;8.510503e-02;7.392175e-02;6.730057e-02;8.929550e-02;8.605248e-02;3.163114e-02;1.049246e-01;2.082573e-01;1.444324e-01;4.460920e-02;3.051247e-02
2.793438e-02;4.328875e-02;8.664569e-02;7.950007e-02;6.077757e-02;9.053936e-02;3.483099e-02;1.825518e-01;2.292739e-01;1.123759e-01;3.457011e-02;1.771143e-02
2.550726e-02;8.235802e-02;8.303643e-02;8.318201e-02;3.688159e-02;1.243371e-01;4.724852e-02;1.833612e-01;2.254221e-01;5.770172e-02;3.198496e-02;1.897911e-02
2.700978e-02;1.141643e-01;9.204778e-02;9.500895e-02;6.800929e-02;1.066466e-01;5.155446e-02;1.226810e-01;1.764562e-01;7.268846e-02;4.429713e-02;2.943608e-02
4.301531e-02;9.295308e-02;7.141916e-02;5.816075e-02;7.574661e-02;8.609685e-02;4.042917e-02;1.668477e-01;1.574286e-01;1.207415e-01;4.860270e-02;3.855849e-02
4.625484e-02;8.266222e-02;6.321522e-02;5.265228e-02;7.008512e-02;1.000633e-01;2.627156e-02;1.877610e-01;1.871576e-01;1.095632e-01;4.078232e-02;3.353126e-02
3.919232e-02;9.162877e-02;8.048591e-02;7.347587e-02;6.379894e-02;9.816471e-02;3.450679e-02;1.660690e-01;1.827648e-01;1.022736e-01;3.961939e-02;2.801986e-02
2.403728e-02;1.082739e-01;9.910775e-02;7.860266e-02;5.250482e-02;9.077650e-02;4.189014e-02;1.610334e-01;1.934093e-01;9.458887e-02;2.993204e-02;2.584330e-02
2.898927e-02;8.309323e-02;8.267292e-02;5.543068e-02;6.536932e-02;6.019642e-02;4.873459e-02;1.972522e-01;2.232474e-01;6.271355e-02;4.482343e-02;4.747692e-02
4.623964e-02;6.480273e-02;7.545695e-02;4.577090e-02;6.048328e-02;7.367969e-02;6.118653e-02;1.633557e-01;2.084887e-01;5.444245e-02;5.795483e-02;8.813865e-02
4.687383e-02;9.304495e-02;1.229953e-01;3.827336e-02;2.910870e-02;1.108224e-01;7.370425e-02;1.101853e-01;1.329453e-01;5.824326e-02;9.796543e-02;8.583790e-02
2.680093e-02;8.733414e-02;1.056239e-01;2.509430e-02;2.947117e-02;1.448843e-01;6.985097e-02;9.525209e-02;8.666085e-02;9.948309e-02;1.662737e-01;6.327055e-02
1.322528e-02;6.873674e-02;5.977360e-02;3.463495e-02;6.337341e-02;1.665634e-01;6.141051e-02;8.571322e-02;9.405990e-02;1.475178e-01;1.730129e-01;3.197819e-02
1.358394e-02;7.582522e-02;4.383463e-02;4.342077e-02;1.053464e-01;1.785609e-01;6.515511e-02;1.030276e-01;1.006316e-01;1.601455e-01;9.482917e-02;1.563925e-02
1.198763e-02;4.387856e-02;3.540748e-02;5.348110e-02;1.227742e-01;1.907566e-01;8.754189e-02;1.023483e-01;1.067852e-01;1.320184e-01;9.876588e-02;1.425474e-02
2.450379e-02;3.039439e-02;4.957356e-02;3.231899e-02;1.152221e-01;2.561408e-01;8.670934e-02;6.210799e-02;1.082316e-01;9.501588e-02;1.189147e-01;2.086690e-02
3.375765e-02;4.223100e-02;6.591968e-02;3.331024e-02;8.681412e-02;2.970999e-01;5.030024e-02;7.190432e-02;9.847461e-02;5.842510e-02;1.337317e-01;2.803141e-02
3.725968e-02;5.427479e-02;8.387487e-02;3.969833e-02;3.578927e-02;3.080373e-01;3.200554e-02;7.624736e-02;7.571004e-02;6.740862e-02;1.541846e-01;3.550959e-02
2.753692e-02;5.161235e-02;9.653396e-02;3.909440e-02;5.392921e-02;2.582507e-01;5.167333e-02;7.811423e-02;7.789467e-02;7.844488e-02;1.517424e-01;3.517298e-02
2.356448e-02;7.302763e-02;8.649684e-02;4.487952e-02;5.924986e-02;1.712310e-01;2.568303e-02;9.241519e-02;1.373285e-01;7.539652e-02;1.562980e-01;5.442947e-02
4.305178e-02;1.377586e-01;1.144167e-01;4.345021e-02;4.705507e-02;8.673368e-02;3.389750e-02;7.252711e-02;1.524095e-01;5.137341e-02;1.197666e-01;9.755982e-02
5.686808e-02;1.382404e-01;7.440924e-02;3.746912e-02;4.903957e-02;1.275077e-01;4.528141e-02;9.778442e-02;1.707301e-01;5.743812e-02;2.621234e-02;1.190196e-01
6.030716e-02;1.010515e-01;3.213451e-02;3.486893e-02;1.247554e-02;1.857519e-01;3.004943e-02;1.093659e-01;1.923470e-01;7.234737e-02;6.699666e-02;1.023040e-01
4.145563e-02;9.472071e-02;5.588773e-02;4.026702e-02;6.623920e-02;2.258187e-01;2.058546e-02;1.148101e-01;1.771068e-01;6.272347e-02;4.589582e-02;5.448942e-02
3.510633e-02;7.224748e-02;3.592100e-02;4.889108e-02;8.039817e-02;2.173159e-01;2.974373e-02;1.545400e-01;1.864926e-01;5.972546e-02;4.212481e-02;3.749343e-02
2.792419e-02;7.850070e-02;4.629580e-02;4.054416e-02;3.139665e-02;1.934449e-01;3.057017e-02;2.061927e-01;2.129581e-01;7.231694e-02;3.496748e-02;2.488824e-02
1.817991e-02;6.315091e-02;5.374610e-02;2.402148e-02;4.277694e-02;2.021016e-01;3.528606e-02;2.089216e-01;1.774050e-01;7.580055e-02;6.704015e-02;3.156965e-02
2.126227e-02;7.068484e-02;5.012833e-02;2.508750e-02;6.992725e-02;2.149207e-01;3.278258e-02;1.944104e-01;1.375385e-01;6.768798e-02;7.358554e-02;4.198407e-02
5.453953e-02;7.075571e-02;9.157257e-02;4.108714e-02;6.730872e-02;1.482182e-01;5.847040e-02;1.867880e-01;1.198594e-01;3.848318e-02;6.501535e-02;5.790170e-02
7.059771e-02;7.750387e-02;9.720695e-02;1.936181e-02;3.044747e-02;1.038197e-01;6.576597e-02;1.516385e-01;1.333225e-01;5.423735e-02;1.001634e-01;9.593473e-02
7.720260e-02;7.771106e-02;8.018591e-02;2.007467e-02;8.820717e-03;9.338828e-02;5.237878e-02;1.368296e-01;1.597707e-01;8.668528e-02;9.482931e-02;1.121231e-01
6.503309e-02;8.871077e-02;5.304386e-02;3.614100e-02;4.463231e-02;5.139771e-02;2.472866e-02;1.696715e-01;2.159539e-01;7.410567e-02;9.928963e-02;7.729192e-02
5.163717e-02;1.115231e-01;5.499583e-02;3.519662e-02;6.427918e-02;6.200193e-02;4.522121e-02;1.553656e-01;1.633097e-01;3.504718e-02;1.026775e-01;1.187449e-01
6.857209e-02;1.435658e-01;6.876723e-02;2.605323e-02;4.213408e-02;9.381214e-02;6.072180e-02;9.433941e-02;1.143790e-01;3.218671e-02;9.235337e-02;1.631151e-01
7.995025e-02;1.487704e-01;6.751096e-02;4.233557e-02;2.467328e-02;7.189783e-02;6.466944e-02;8.494628e-02;1.195795e-01;6.240124e-02;6.072752e-02;1.725377e-01
6.466241e-02;1.443185e-01;9.887562e-02;4.929653e-02;5.956550e-02;9.674936e-02;4.795368e-02;7.130346e-02;1.220738e-01;5.805391e-02;3.751417e-02;1.496330e-01
6.158739e-02;1.386802e-01;1.143633e-01;2.378366e-02;5.363664e-02;6.891676e-02;3.877518e-02;1.153932e-01;1.339069e-01;3.473974e-02;9.056179e-02;1.256552e-01
6.444454e-02;1.208847e-01;7.526283e-02;1.994125e-02;2.811595e-02;8.357683e-02;3.820821e-02;1.282810e-01;1.351459e-01;4.141853e-02;1.772418e-01;8.747846e-02
5.667217e-02;1.100694e-01;8.960330e-02;1.890521e-02;2.029032e-02;8.481689e-02;2.552368e-02;1.127757e-01;1.419461e-01;4.553726e-02;2.307149e-01;6.314506e-02
5.077749e-02;8.069362e-02;9.640676e-02;9.981233e-03;3.150088e-02;1.098750e-01;2.075301e-02;6.794454e-02;1.465470e-01;5.330948e-02;2.771262e-01;5.508475e-02
3.536870e-02;7.720147e-02;1.250233e-01;1.020514e-02;2.824131e-02;1.375635e-01;2.999522e-02;6.882087e-02;1.511821e-01;4.194404e-02;2.553656e-01;3.908874e-02
2.532074e-02;4.897891e-02;1.229374e-01;1.554182e-02;2.430578e-02;1.887483e-01;3.298372e-02;7.075753e-02;1.568426e-01;4.118014e-02;2.474488e-01;2.495423e-02
4.802107e-02;9.327172e-02;1.058361e-01;2.918321e-02;3.766236e-02;1.975230e-01;2.938223e-02;7.566218e-02;1.288048e-01;4.181186e-02;1.849819e-01;2.785948e-02
4.139260e-02;1.210621e-01;6.394225e-02;3.036073e-02;6.962028e-02;1.932518e-01;3.566844e-02;6.908199e-02;1.145458e-01;9.755278e-02;1.402686e-01;2.325259e-02
1.969821e-02;1.489105e-01;2.404076e-02;1.427341e-02;9.905781e-02;1.707153e-01;3.499718e-02;8.428863e-02;1.145106e-01;1.545054e-01;1.151795e-01;1.982257e-02
1.165571e-02;1.603520e-01;4.408655e-02;2.678857e-02;1.417868e-01;9.132553e-02;2.514286e-02;1.015220e-01;1.255928e-01;1.780825e-01;8.181135e-02;1.185340e-02
1.478230e-02;1.461756e-01;4.373290e-02;3.279448e-02;1.807982e-01;6.328525e-02;1.822150e-02;9.397821e-02;1.576516e-01;1.769205e-01;5.619365e-02;1.546589e-02
1.984085e-02;1.110318e-01;3.176265e-02;4.307084e-02;1.876706e-01;5.270192e-02;2.169915e-02;1.115160e-01;1.903243e-01;1.733884e-01;2.951360e-02;2.747986e-02
1.526507e-02;9.420570e-02;2.919749e-02;4.705760e-02;1.557240e-01;5.258400e-02;2.219359e-02;1.277205e-01;2.188651e-01;1.742482e-01;2.922818e-02;3.371055e-02
1.709174e-02;8.786240e-02;2.743292e-02;6.113352e-02;1.447053e-01;8.317750e-02;1.794158e-02;1.171755e-01;2.345567e-01;1.531846e-01;2.693138e-02;2.880680e-02
2.792253e-02;8.149096e-02;4.388609e-02;7.206626e-02;1.314606e-01;1.335294e-01;1.926148e-02;1.287282e-01;2.315596e-01;8.822099e-02;2.227068e-02;1.960316e-02
2.950494e-02;7.947625e-02;2.961629e-02;7.780354e-02;9.814383e-02;1.549736e-01;3.737050e-02;1.384019e-01;2.470484e-01;7.116143e-02;2.112096e-02;1.537839e-02
5.432706e-02;6.466737e-02;2.570239e-02;7.653844e-02;7.196878e-02;1.659358e-01;5.178425e-02;1.362303e-01;2.445899e-01;8.301819e-02;1.262154e-02;1.261603e-02
9.236182e-02;6.213072e-02;1.646850e-02;7.643113e-02;6.346936e-02;1.488333e-01;6.292159e-02;1.357949e-01;2.426160e-01;6.267200e-02;1.966989e-02;1.663083e-02
1.213978e-01;5.263732e-02;3.401369e-02;8.432742e-02;6.367468e-02;9.347262e-02;8.847547e-02;1.485915e-01;2.289735e-01;3.513678e-02;2.644595e-02;2.285334e-02
1.382279e-01;5.774083e-02;2.634591e-02;1.054265e-01;8.183886e-02;4.518425e-02;8.577878e-02;1.546905e-01;2.113310e-01;5.350039e-02;1.918453e-02;2.075045e-02
1.272026e-01;5.566847e-02;3.660898e-02;1.206890e-01;8.400606e-02;2.101761e-02;8.155800e-02;1.765330e-01;1.923633e-01;5.869630e-02;2.732351e-02;1.833317e-02
1.104127e-01;4.491793e-02;3.751924e-02;1.255420e-01;8.557004e-02;1.673711e-02;6.409562e-02;2.055010e-01;1.974221e-01;6.183769e-02;3.377078e-02;1.667376e-02
9.797545e-02;5.866922e-02;4.509823e-02;9.995726e-02;6.232336e-02;2.880736e-02;3.381084e-02;2.033376e-01;2.443522e-01;5.999405e-02;4.013551e-02;2.553893e-02
9.913412e-02;6.527307e-02;4.101085e-02;6.583928e-02;3.064128e-02;5.082746e-02;2.097786e-02;2.120038e-01;3.038755e-01;4.613379e-02;3.854315e-02;2.573992e-02
8.981378e-02;8.728904e-02;6.032181e-02;3.423384e-02;5.710553e-02;4.995580e-02;1.876296e-02;2.025297e-01;2.938364e-01;5.625944e-02;3.206765e-02;1.782401e-02
7.189487e-02;8.432281e-02;3.388963e-02;4.453884e-02;7.180259e-02;4.954324e-02;2.043312e-02;2.197913e-01;2.881133e-01;5.395029e-02;4.243787e-02;1.928212e-02
4.768904e-02;8.553026e-02;6.318278e-02;4.230296e-02;7.421573e-02;4.616855e-02;2.937974e-02;2.459623e-01;2.541569e-01;5.074042e-02;2.911725e-02;3.155409e-02
4.812497e-02;7.003267e-02;5.560222e-02;4.025431e-02;7.757072e-02;8.491263e-02;3.272411e-02;2.394221e-01;2.235901e-01;4.225767e-02;4.545908e-02;4.004952e-02
4.971791e-02;3.706928e-02;4.768278e-02;5.291548e-02;9.387718e-02;9.245346e-02;3.369416e-02;1.966052e-01;2.689136e-01;3.289278e-02;6.191821e-02;3.225993e-02
4.446794e-02;5.189553e-02;5.452382e-02;4.856664e-02;9.117004e-02;8.668167e-02;3.091537e-02;1.659462e-01;3.114624e-01;4.079267e-02;3.864064e-02;3.493706e-02
3.090021e-02;7.672913e-02;6.535311e-02;4.382557e-02;3.670884e-02;9.152681e-02;3.653815e-02;1.897577e-01;3.011806e-01;4.466416e-02;4.486697e-02;3.794880e-02
2.583611e-02;5.438698e-02;5.323849e-02;5.700159e-02;7.465024e-02;1.043371e-01;2.864984e-02;1.989783e-01;2.681563e-01;3.967281e-02;6.294810e-02;3.214416e-02
4.086388e-02;4.364747e-02;5.121463e-02;8.090037e-02;9.838876e-02;9.601448e-02;3.695458e-02;1.900414e-01;2.198283e-01;5.448965e-02;4.390670e-02;4.374979e-02
4.775617e-02;6.861659e-02;6.014793e-02;8.969455e-02;1.004592e-01;6.166332e-02;3.632522e-02;1.759064e-01;1.636029e-01;7.118319e-02;5.763511e-02;6.700937e-02
5.835985e-02;5.247934e-02;3.913841e-02;7.859520e-02;1.113244e-01;8.719709e-02;4.378711e-02;1.651723e-01;1.275777e-01;8.180428e-02;7.869286e-02;7.587156e-02
6.154619e-02;6.845827e-02;5.045610e-02;6.139328e-02;8.695421e-02;1.189996e-01;5.799956e-02;1.628407e-01;9.734239e-02;9.130309e-02;8.001156e-02;6.269494e-02
5.804253e-02;1.305834e-01;9.907692e-02;5.875834e-02;4.294896e-02;1.460816e-01;5.855911e-02;1.849778e-01;7.726727e-02;4.914103e-02;5.978578e-02;3.477716e-02
4.302554e-02;1.046582e-01;1.277046e-01;7.305814e-02;5.440885e-02;1.074560e-01;3.514550e-02;1.765546e-01;1.678967e-01;4.214588e-02;3.448329e-02;3.346276e-02
3.201759e-02;5.863666e-02;1.519235e-01;8.915364e-02;4.143424e-02;6.823297e-02;1.952417e-02;2.421061e-01;1.903611e-01;4.947717e-02;3.293778e-02;2.419512e-02
1.435515e-02;4.138891e-02;1.661636e-01;8.398038e-02;2.486084e-02;7.647201e-02;1.526117e-02;3.259422e-01;1.461229e-01;4.807050e-02;2.847206e-02;2.891028e-02
1.018883e-02;6.872459e-02;1.447212e-01;4.621670e-02;3.883056e-02;9.174109e-02;1.483855e-02;3.468687e-01;1.498347e-01;3.888538e-02;1.679229e-02;3.235739e-02
2.323296e-02;7.564706e-02;1.044626e-01;3.471909e-02;5.604089e-02;7.765852e-02;1.565579e-02;3.943686e-01;1.267930e-01;4.185704e-02;1.572867e-02;3.383586e-02
2.701036e-02;4.327163e-02;5.981486e-02;5.597932e-02;6.142783e-02;1.388826e-01;2.287444e-02;3.622959e-01;1.332531e-01;4.124287e-02;2.543467e-02;2.851241e-02
2.725959e-02;6.567965e-02;6.589007e-02;3.348776e-02;4.658381e-02;1.146925e-01;2.706198e-02;3.105343e-01;2.199807e-01;3.025080e-02;2.907518e-02;2.950354e-02
3.432652e-02;1.310876e-01;5.695425e-02;2.687206e-02;2.802125e-02;7.452482e-02;3.298176e-02;2.962450e-01;2.182531e-01;3.608631e-02;3.256273e-02;3.208458e-02
2.711828e-02;8.945040e-02;9.074045e-02;4.630602e-02;2.359398e-02;1.156218e-01;3.795945e-02;3.236411e-01;1.436715e-01;3.805863e-02;2.637992e-02;3.745851e-02
2.308059e-02;4.548870e-02;1.226214e-01;9.729427e-02;4.912986e-02;9.068805e-02;3.222566e-02;2.283294e-01;1.813006e-01;4.095681e-02;3.593647e-02;5.294827e-02
3.259558e-02;4.961449e-02;1.123275e-01;1.325176e-01;7.579969e-02;7.048060e-02;2.304667e-02;1.818985e-01;2.059709e-01;3.717453e-02;1.824526e-02;6.032874e-02
3.530597e-02;5.650293e-02;1.059948e-01;1.377051e-01;7.048267e-02;6.282817e-02;1.593664e-02;1.948276e-01;2.119412e-01;3.126460e-02;7.035168e-03;7.017512e-02
1.478882e-02;4.451730e-02;1.727822e-01;1.146744e-01;2.881855e-02;9.158145e-02;1.540553e-02;2.142003e-01;1.760565e-01;2.227751e-02;1.143538e-02;9.346223e-02
1.538851e-02;3.016221e-02;2.084244e-01;8.896825e-02;2.821717e-02;9.329196e-02;1.338447e-02;2.607517e-01;1.152057e-01;2.440087e-02;1.562830e-02;1.061765e-01
7.272906e-03;4.960124e-02;2.090289e-01;5.356111e-02;2.047782e-02;7.833868e-02;2.007945e-02;3.017642e-01;1.224226e-01;1.748637e-02;1.797054e-02;1.019963e-01
1.308848e-02;2.893088e-02;1.992616e-01;4.530861e-02;2.302095e-02;7.501250e-02;2.729086e-02;3.493653e-01;1.017566e-01;1.944861e-02;2.038513e-02;9.713052e-02
6.893307e-03;3.972248e-02;2.140653e-01;3.073975e-02;2.558344e-02;4.580344e-02;3.582446e-02;4.175367e-01;5.515208e-02;1.942569e-02;1.956857e-02;8.968472e-02
6.757705e-03;5.250927e-02;2.080471e-01;1.133228e-02;1.944531e-02;4.373596e-02;4.267432e-02;4.203213e-01;1.084505e-01;1.638852e-02;8.236346e-03;6.210138e-02
8.149152e-03;6.729397e-02;2.067079e-01;1.634931e-02;1.068167e-02;4.221113e-02;3.347772e-02;4.066805e-01;1.346159e-01;1.696565e-02;8.137431e-03;4.872981e-02
6.640519e-03;9.889326e-02;2.245684e-01;7.881028e-03;9.197501e-03;3.720268e-02;3.064915e-02;3.878968e-01;1.205988e-01;1.862098e-02;1.182926e-02;4.602161e-02
1.386357e-02;1.553763e-01;2.137916e-01;1.499154e-02;8.126320e-03;5.953796e-02;3.374376e-02;3.259305e-01;1.094246e-01;1.681288e-02;8.300227e-03;4.010076e-02
2.390212e-02;1.981478e-01;1.635722e-01;1.767504e-02;9.672917e-03;1.266581e-01;3.372596e-02;2.748411e-01;8.582694e-02;1.216979e-02;1.825264e-02;3.555540e-02
3.191001e-02;2.488741e-01;3.471940e-02;4.239572e-02;2.987915e-02;1.449071e-01;3.658391e-02;3.159148e-01;3.585918e-02;1.526315e-02;2.718622e-02;3.650727e-02
2.167289e-02;1.843433e-01;2.132839e-01;3.233473e-02;2.402252e-02;8.908526e-02;2.962936e-02;2.778347e-01;5.881989e-02;2.072888e-02;2.143473e-02;2.680985e-02
2.359010e-02;1.402775e-01;2.908687e-01;2.967555e-02;2.079033e-02;6.143391e-02;2.176688e-02;2.733801e-01;8.102819e-02;2.278830e-02;2.261969e-02;1.178063e-02
1.641443e-02;1.672203e-01;2.865090e-01;1.979802e-02;1.760925e-02;6.649260e-02;1.684705e-02;2.547266e-01;8.195499e-02;2.733155e-02;3.056480e-02;1.453139e-02
1.032786e-02;1.868521e-01;2.580279e-01;1.541959e-02;1.500073e-02;6.961160e-02;1.485939e-02;2.935285e-01;7.145701e-02;2.184416e-02;2.798308e-02;1.508800e-02
1.152741e-02;1.856178e-01;2.076578e-01;1.508393e-02;2.216305e-02;7.188561e-02;1.477806e-02;3.347308e-01;8.679610e-02;1.485446e-02;2.651386e-02;8.391016e-03
1.048669e-02;2.063383e-01;1.419690e-01;7.039192e-03;2.626671e-02;1.159454e-01;2.136567e-02;3.455949e-01;7.548130e-02;1.094234e-02;3.451995e-02;4.050611e-03
1.136793e-02;2.440196e-01;1.472177e-01;1.286749e-02;2.713601e-02;1.235196e-01;2.294349e-02;2.913461e-01;6.517777e-02;1.272572e-02;3.752611e-02;4.152423e-03
1.445320e-02;2.810980e-01;1.716210e-01;1.299694e-02;2.266524e-02;1.358338e-01;3.334076e-02;2.372216e-01;3.788865e-02;9.740763e-03;3.615018e-02;6.989928e-03
1.798484e-02;2.864146e-01;1.261339e-01;1.048030e-02;1.868680e-02;1.505179e-01;3.141612e-02;2.349887e-01;6.966125e-02;8.534155e-03;3.621611e-02;8.965358e-03
2.024093e-02;2.943992e-01;1.456219e-01;1.551438e-02;1.768387e-02;1.371778e-01;2.539393e-02;2.284163e-01;5.788956e-02;7.754680e-03;3.926962e-02;1.063789e-02
1.841086e-02;2.898504e-01;1.307300e-01;8.125538e-03;1.268232e-02;1.575423e-01;2.648981e-02;2.396990e-01;6.504963e-02;7.259370e-03;3.520842e-02;8.952369e-03
2.927049e-02;3.056401e-01;2.951412e-02;1.627531e-02;1.196937e-02;2.149827e-01;3.350409e-02;2.185463e-01;7.850180e-02;9.445027e-03;4.448013e-02;7.870598e-03
3.677073e-02;3.221750e-01;9.329227e-02;2.266541e-02;1.289214e-02;2.111826e-01;3.690587e-02;1.133178e-01;7.714012e-02;1.027650e-02;5.513756e-02;8.243917e-03
3.484552e-02;2.873783e-01;1.200679e-01;2.119640e-02;8.703815e-03;1.887699e-01;2.436102e-02;1.913587e-01;5.953170e-02;8.670921e-03;4.311935e-02;1.199645e-02
3.327723e-02;2.308928e-01;1.230688e-01;3.212534e-02;1.686225e-02;1.651102e-01;1.743534e-02;2.672462e-01;5.453204e-02;1.406206e-02;2.842268e-02;1.696509e-02
2.704687e-02;1.793423e-01;8.693592e-02;3.851553e-02;1.824015e-02;9.354403e-02;2.716099e-02;3.828009e-01;8.455788e-02;1.810589e-02;2.411471e-02;1.963478e-02
1.604713e-02;1.440630e-01;1.950505e-01;3.431739e-02;1.940302e-02;8.145958e-02;1.995860e-02;3.537676e-01;7.663021e-02;1.874830e-02;2.380886e-02;1.674575e-02
1.611118e-02;1.962950e-01;2.026451e-01;2.282977e-02;1.983291e-02;6.315331e-02;1.450439e-02;3.127197e-01;1.081132e-01;1.025785e-02;2.056565e-02;1.297196e-02
2.175280e-02;2.465062e-01;1.845757e-01;1.424426e-02;2.205307e-02;4.392948e-02;2.112693e-02;2.983931e-01;1.046824e-01;1.117384e-02;1.928538e-02;1.227683e-02
2.761352e-02;2.520425e-01;1.145210e-01;2.580373e-02;3.080464e-02;5.256733e-02;3.686851e-02;3.194573e-01;9.030020e-02;1.780990e-02;2.022361e-02;1.198771e-02
2.366210e-02;2.136264e-01;5.833286e-02;2.109879e-02;2.874346e-02;8.858041e-02;2.953607e-02;3.749897e-01;1.136889e-01;1.455820e-02;1.961123e-02;1.357188e-02
1.845416e-02;1.662131e-01;1.247520e-01;1.089874e-02;2.127671e-02;1.612070e-01;1.442234e-02;3.703435e-01;7.981165e-02;5.958246e-03;1.578959e-02;1.087294e-02
2.039127e-02;1.092142e-01;1.025881e-01;2.154594e-02;2.542291e-02;1.806712e-01;1.860359e-02;4.104731e-01;8.317903e-02;7.439133e-03;5.879100e-03;1.459249e-02
2.214569e-02;3.110491e-02;6.689882e-02;2.617253e-02;2.681851e-02;1.402612e-01;3.092990e-02;4.555725e-01;1.532094e-01;1.794910e-02;1.557496e-02;1.336247e-02
2.264825e-02;1.150504e-01;1.250032e-01;4.659767e-02;2.655055e-02;6.558646e-02;3.467030e-02;3.271308e-01;1.867710e-01;2.196666e-02;1.247329e-02;1.555146e-02
1.932163e-02;1.356350e-01;1.266025e-01;5.212807e-02;2.485489e-02;1.272747e-01;2.303192e-02;2.464799e-01;1.949340e-01;1.447580e-02;1.438345e-02;2.087813e-02
1.248873e-02;1.149577e-01;3.368513e-02;5.689664e-02;2.357457e-02;1.148297e-01;1.715934e-02;3.844953e-01;2.005044e-01;8.825457e-03;1.296100e-02;1.962196e-02
1.208666e-02;8.624575e-02;1.354940e-01;6.344082e-02;2.679789e-02;7.326143e-02;1.654157e-02;3.561718e-01;1.779130e-01;1.496581e-02;1.389526e-02;2.318596e-02
1.518598e-02;7.710878e-02;1.575267e-01;5.482196e-02;1.548894e-02;6.245098e-02;1.292488e-02;3.808289e-01;1.605192e-01;2.086434e-02;1.671211e-02;2.556730e-02
1.419287e-02;4.549246e-02;1.013510e-01;3.738402e-02;2.195533e-02;7.173251e-02;1.763110e-02;4.904830e-01;1.220596e-01;2.357399e-02;1.660633e-02;3.753781e-02
1.903510e-02;5.807879e-02;5.169082e-02;1.123566e-02;1.475472e-02;7.007711e-02;1.492411e-02;5.263184e-01;1.687378e-01;1.846483e-02;1.637217e-02;3.031040e-02
6.644268e-03;5.728726e-02;6.977132e-02;1.512028e-02;8.663662e-03;1.089387e-01;1.243781e-02;5.164589e-01;1.678923e-01;1.281859e-02;9.446722e-03;1.452026e-02
1.040093e-02;6.998131e-02;5.150411e-02;1.746757e-02;1.075206e-02;4.793015e-02;7.883006e-03;5.554425e-01;1.971238e-01;1.577430e-02;6.994897e-03;8.745309e-03
1.379055e-02;8.454423e-02;3.753818e-02;1.076251e-02;9.769666e-03;7.889730e-02;1.121439e-02;5.203924e-01;1.997632e-01;1.884031e-02;7.501597e-03;6.985762e-03
2.201500e-02;1.263804e-01;1.148642e-01;1.476787e-02;1.173517e-02;9.157050e-02;1.931777e-02;4.189931e-01;1.314805e-01;2.008842e-02;1.905588e-02;9.731236e-03
3.116520e-02;1.158160e-01;1.768818e-01;1.999428e-02;2.168392e-02;7.477465e-02;3.319659e-02;3.518628e-01;9.732261e-02;2.613327e-02;2.529900e-02;2.586993e-02
2.735694e-02;8.425096e-02;1.849841e-01;2.080669e-02;2.670815e-02;1.450440e-01;2.887650e-02;2.670289e-01;1.358625e-01;3.211797e-02;2.158306e-02;2.538017e-02
3.770214e-02;1.433078e-01;2.284364e-01;3.513534e-02;2.581578e-02;8.190805e-02;1.964887e-02;2.696131e-01;9.763820e-02;2.291916e-02;1.834810e-02;1.952708e-02
3.195877e-02;8.824376e-02;2.104827e-01;4.043293e-02;2.169827e-02;6.024028e-02;1.405626e-02;3.065442e-01;1.633911e-01;1.975384e-02;2.399232e-02;1.920548e-02
