1.899724e-02;5.181946e-02;1.195457e-01;5.075493e-02;9.213713e-02;5.674926e-02;3.497588e-02;2.435133e-01;1.981050e-01;7.527237e-02;3.118319e-02;2.694649e-02
3.018334e-02;5.656283e-02;8.540552e-02;5.028298e-02;7.902729e-02;7.543533e-02;6.245439e-02;1.776216e-01;2.332475e-01;9.154287e-02;3.316010e-02;2.507618e-02
2.724874e-02;5.265484e-02;6.294140e-02;7.282458e-02;1.139939e-01;1.483252e-01;6.396908e-02;1.428719e-01;1.983077e-01;7.705234e-02;2.233939e-02;1.747091e-02
2.453033e-02;7.039206e-02;5.958318e-02;6.799766e-02;1.205295e-01;1.882365e-01;5.797514e-02;1.591818e-01;1.511079e-01;6.068215e-02;2.891408e-02;1.086961e-02
2.946313e-02;4.672873e-02;7.522936e-02;6.637298e-02;6.573837e-02;1.811566e-01;6.066944e-02;2.206898e-01;1.389722e-01;4.822647e-02;4.518313e-02;2.156972e-02
3.397929e-02;8.549576e-02;9.310867e-02;4.028709e-02;5.192988e-02;2.323992e-01;3.993075e-02;2.125960e-01;1.102349e-01;3.428200e-02;4.259304e-02;2.316345e-02
3.339786e-02;9.853427e-02;8.728246e-02;1.887171e-02;7.191447e-02;2.901405e-01;3.476015e-02;1.751949e-01;8.481640e-02;2.731692e-02;4.601065e-02;3.175973e-02
2.732591e-02;1.000050e-01;9.177582e-02;3.409436e-02;9.745029e-02;3.227308e-01;3.394675e-02;1.155504e-01;5.874514e-02;1.994721e-02;5.295261e-02;4.547568e-02
2.005866e-02;9.521820e-02;1.196202e-01;4.556488e-02;1.203300e-01;3.090511e-01;3.050088e-02;8.975730e-02;3.627934e-02;3.722234e-02;4.282302e-02;5.357413e-02
2.433212e-02;8.056705e-02;1.270238e-01;5.946598e-02;1.190198e-01;2.691072e-01;2.653364e-02;8.492417e-02;4.205197e-02;7.907205e-02;3.041162e-02;5.749071e-02
2.017434e-02;6.032785e-02;1.016976e-01;6.208001e-02;1.184602e-01;2.597348e-01;4.037477e-02;8.029138e-02;5.242037e-02;9.498391e-02;4.277192e-02;6.668289e-02
2.127259e-02;3.345149e-02;7.918074e-02;4.592665e-02;1.430118e-01;2.656119e-01;4.703624e-02;5.981640e-02;7.116928e-02;6.070964e-02;5.088482e-02;1.219284e-01
3.137887e-02;3.204416e-02;8.579828e-02;4.287464e-02;1.516756e-01;2.434030e-01;4.621059e-02;4.345027e-02;7.994667e-02;2.223012e-02;8.631934e-02;1.346686e-01
3.079941e-02;4.020348e-02;9.217823e-02;3.550549e-02;1.312630e-01;2.606518e-01;3.552455e-02;2.582325e-02;8.288597e-02;1.965050e-02;1.553010e-01;9.021340e-02
3.440891e-02;6.442466e-02;9.714604e-02;3.313541e-02;1.039880e-01;2.766954e-01;2.354972e-02;2.148275e-02;7.079188e-02;2.115741e-02;1.950532e-01;5.816656e-02
3.982997e-02;7.894502e-02;9.604621e-02;2.791156e-02;9.418948e-02;2.858839e-01;2.075421e-02;2.554790e-02;5.662257e-02;1.795539e-02;1.989622e-01;5.735169e-02
4.552011e-02;7.730036e-02;8.316208e-02;1.593489e-02;7.751123e-02;3.024280e-01;1.602618e-02;4.624699e-02;5.388142e-02;2.750387e-02;1.964115e-01;5.807338e-02
4.590297e-02;7.758261e-02;8.313917e-02;3.000696e-02;9.066768e-02;2.636561e-01;2.296419e-02;4.660993e-02;6.983148e-02;3.380249e-02;1.742425e-01;6.159388e-02
4.066255e-02;6.341810e-02;9.330651e-02;5.293179e-02;9.965677e-02;2.078049e-01;2.555087e-02;4.446629e-02;8.742815e-02;4.346287e-02;1.504743e-01;9.083696e-02
2.906541e-02;7.373688e-02;1.239136e-01;7.542270e-02;7.943483e-02;1.629343e-01;2.871701e-02;6.823310e-02;9.741959e-02;5.256071e-02;1.296298e-01;7.893200e-02
2.937279e-02;1.109768e-01;1.523608e-01;8.490925e-02;6.229385e-02;1.724033e-01;2.987538e-02;5.109248e-02;1.126949e-01;4.936488e-02;9.670430e-02;4.795123e-02
4.905841e-02;8.357237e-02;1.196730e-01;5.907809e-02;5.416383e-02;2.579890e-01;1.702129e-02;7.838373e-02;9.403212e-02;5.977278e-02;6.663598e-02;6.061948e-02
4.182625e-02;3.326374e-02;5.722939e-02;3.654422e-02;1.036127e-01;3.378155e-01;3.059766e-02;9.916467e-02;7.381062e-02;4.038734e-02;7.224783e-02;7.350010e-02
6.210190e-02;3.647010e-02;7.392240e-02;3.096295e-02;1.153453e-01;3.263526e-01;4.508169e-02;9.193126e-02;5.337789e-02;3.741870e-02;9.270571e-02;3.432945e-02
6.729098e-02;7.464727e-02;9.899148e-02;4.979983e-02;1.046389e-01;2.731996e-01;4.632068e-02;6.068087e-02;4.274970e-02;3.185869e-02;9.329417e-02;5.652783e-02
5.518337e-02;9.577148e-02;9.759589e-02;5.639973e-02;6.485565e-02;2.282823e-01;4.926122e-02;8.173422e-02;6.067723e-02;4.820135e-02;9.669309e-02;6.534441e-02
5.269133e-02;1.168816e-01;9.589892e-02;4.165054e-02;4.497311e-02;2.210393e-01;3.540783e-02;1.193410e-01;6.361157e-02;6.341523e-02;9.752326e-02;4.756633e-02
5.484772e-02;1.287072e-01;1.145960e-01;3.349499e-02;5.301734e-02;2.193315e-01;3.260950e-02;1.120319e-01;5.284656e-02;5.911541e-02;9.355704e-02;4.584479e-02
4.924243e-02;1.234247e-01;1.216741e-01;4.311734e-02;6.603432e-02;2.077604e-01;2.783381e-02;1.083719e-01;5.457980e-02;5.762041e-02;1.040854e-01;3.625538e-02
4.162327e-02;1.045707e-01;1.277805e-01;5.167910e-02;6.126406e-02;2.122936e-01;2.866575e-02;1.100067e-01;6.231353e-02;6.113989e-02;1.040026e-01;3.466037e-02
4.468244e-02;1.135574e-01;1.080400e-01;3.084372e-02;8.292199e-02;1.818986e-01;6.582291e-02;1.065245e-01;8.181014e-02;6.703179e-02;6.652318e-02;5.034331e-02
3.200773e-02;7.457451e-02;1.015629e-01;5.058149e-02;1.358613e-01;2.096699e-01;6.858438e-02;6.559880e-02;9.216402e-02;3.860980e-02;4.399657e-02;8.678855e-02
4.430297e-02;5.611075e-02;7.169760e-02;5.660828e-02;1.802414e-01;1.857070e-01;6.165496e-02;5.452145e-02;8.783054e-02;4.298126e-02;4.981106e-02;1.085326e-01
5.297814e-02;7.183401e-02;5.874803e-02;8.610871e-02;2.034584e-01;1.383609e-01;4.666902e-02;6.215173e-02;6.303499e-02;8.722392e-02;3.796398e-02;9.146822e-02
3.837600e-02;9.343290e-02;7.221826e-02;1.434148e-01;1.845901e-01;9.625703e-02;3.381480e-02;7.663692e-02;2.857795e-02;1.028615e-01;8.184684e-02;4.797284e-02
2.008570e-02;9.136418e-02;8.555550e-02;1.846912e-01;1.495370e-01;1.051063e-01;2.438474e-02;7.936492e-02;1.185652e-02;8.104259e-02;1.348595e-01;3.215181e-02
1.909065e-02;7.629904e-02;1.358439e-01;2.032746e-01;1.084596e-01;9.948361e-02;2.033216e-02;7.686312e-02;1.684550e-02;4.948162e-02;1.685122e-01;2.551403e-02
2.567993e-02;5.880796e-02;1.845107e-01;1.935677e-01;7.365604e-02;1.004555e-01;1.303482e-02;6.936695e-02;2.844417e-02;2.516053e-02;1.950430e-01;3.227258e-02
2.021207e-02;7.089873e-02;2.131933e-01;1.613923e-01;5.637137e-02;8.417423e-02;3.036870e-02;6.915659e-02;3.206256e-02;3.707619e-02;2.017845e-01;2.330948e-02
2.376336e-02;5.733564e-02;1.929347e-01;1.034315e-01;7.648444e-02;9.153607e-02;4.798385e-02;7.049328e-02;6.134143e-02;4.719706e-02;1.776258e-01;4.987285e-02
2.538730e-02;7.050599e-02;1.722205e-01;7.865231e-02;1.180356e-01;1.351283e-01;5.881942e-02;5.679726e-02;7.112285e-02;4.987435e-02;1.078778e-01;5.557830e-02
2.086479e-02;8.820829e-02;2.063705e-01;1.230460e-01;1.239216e-01;1.221090e-01;4.678103e-02;5.962152e-02;5.697462e-02;4.205564e-02;5.271066e-02;5.733632e-02
3.147641e-02;1.041944e-01;2.329152e-01;1.152661e-01;8.839595e-02;1.011810e-01;3.088548e-02;6.948413e-02;5.367640e-02;3.125267e-02;7.093324e-02;7.033897e-02
3.119439e-02;9.619395e-02;2.106464e-01;1.032566e-01;5.495278e-02;1.294136e-01;3.499056e-02;7.608396e-02;5.264474e-02;4.696790e-02;8.723737e-02;7.641776e-02
3.360245e-02;9.476332e-02;2.267258e-01;9.741610e-02;3.593726e-02;1.653155e-01;4.202727e-02;7.327362e-02;3.804864e-02;4.423753e-02;7.662962e-02;7.202297e-02
2.994473e-02;7.764421e-02;2.083441e-01;7.061556e-02;4.939157e-02;2.002103e-01;3.736997e-02;7.648867e-02;4.000657e-02;4.248200e-02;9.868862e-02;6.881373e-02
2.400837e-02;8.560579e-02;1.998134e-01;6.629492e-02;6.328420e-02;2.476829e-01;4.072513e-02;8.096588e-02;3.200040e-02;4.267112e-02;6.997655e-02;4.697135e-02
2.542803e-02;1.152060e-01;2.191864e-01;4.615420e-02;7.778050e-02;2.730269e-01;2.384965e-02;6.704971e-02;3.928967e-02;4.267906e-02;4.582529e-02;2.452462e-02
3.246292e-02;1.435369e-01;1.677857e-01;8.226123e-02;9.250847e-02;1.932719e-01;2.469448e-02;7.485168e-02;5.412090e-02;3.256829e-02;4.478133e-02;5.715610e-02
5.183294e-02;1.143929e-01;1.312506e-01;1.589485e-01;1.119821e-01;1.040065e-01;3.090020e-02;1.012757e-01;4.190154e-02;2.032147e-02;4.545501e-02;8.773253e-02
8.803771e-02;8.723561e-02;7.800265e-02;9.313458e-02;1.031824e-01;2.283994e-01;6.156454e-02;1.164838e-01;3.033352e-02;2.724239e-02;2.349408e-02;6.288941e-02
7.422736e-02;1.127567e-01;1.043224e-01;6.525569e-02;7.040086e-02;2.125654e-01;9.136120e-02;1.475302e-01;2.914015e-02;2.078740e-02;1.420496e-02;5.744763e-02
4.549148e-02;1.751022e-01;1.051738e-01;3.365569e-02;5.161734e-02;1.883474e-01;1.270456e-01;1.651072e-01;3.567085e-02;1.304720e-02;2.132196e-02;3.841937e-02
3.289666e-02;1.966457e-01;9.785089e-02;2.046981e-02;6.327735e-02;1.641010e-01;1.388616e-01;1.777377e-01;3.565502e-02;1.521020e-02;4.031347e-02;1.698059e-02
3.432558e-02;1.907462e-01;1.278230e-01;2.925342e-02;8.669420e-02;1.269437e-01;1.146640e-01;1.760123e-01;3.292010e-02;1.520655e-02;5.727108e-02;8.139933e-03
3.654763e-02;2.272758e-01;1.545973e-01;2.392277e-02;9.329876e-02;1.025749e-01;1.083536e-01;1.454276e-01;2.466597e-02;1.215486e-02;6.555656e-02;5.624218e-03
2.794842e-02;2.762633e-01;1.571365e-01;2.483972e-02;6.774407e-02;9.239437e-02;1.342813e-01;1.131752e-01;2.404553e-02;7.534469e-03;6.375369e-02;1.088336e-02
2.179044e-02;3.056833e-01;1.672800e-01;1.568193e-02;3.388713e-02;1.149645e-01;1.256319e-01;9.832080e-02;2.486747e-02;1.438321e-02;5.466796e-02;2.284134e-02
3.774954e-02;2.526368e-01;1.656373e-01;4.330999e-02;2.085342e-02;1.637179e-01;8.020601e-02;9.837566e-02;2.574540e-02;3.384368e-02;4.045603e-02;3.746830e-02
5.978600e-02;1.756490e-01;1.437946e-01;6.569880e-02;3.043102e-02;2.222422e-01;4.641801e-02;1.140496e-01;2.788248e-02;4.325559e-02;2.752078e-02;4.327187e-02
5.482350e-02;1.663731e-01;1.215866e-01;6.377973e-02;4.563950e-02;2.296404e-01;3.870175e-02;1.314627e-01;4.586814e-02;3.893581e-02;2.598784e-02;3.720084e-02
3.689542e-02;1.428682e-01;1.458714e-01;5.513020e-02;4.183005e-02;2.722409e-01;2.563684e-02;1.493291e-01;5.303426e-02;2.537570e-02;2.826783e-02;2.352005e-02
2.868440e-02;1.193152e-01;1.489532e-01;4.419633e-02;5.428817e-02;2.958779e-01;3.336363e-02;1.808790e-01;3.872583e-02;8.511932e-03;3.436470e-02;1.283978e-02
1.625451e-02;1.726798e-01;1.335517e-01;2.624587e-02;5.755285e-02;2.433563e-01;3.381920e-02;2.170956e-01;2.796189e-02;2.293860e-02;3.725977e-02;1.128391e-02
2.161177e-02;1.880149e-01;6.959794e-02;4.046718e-02;5.438946e-02;2.418402e-01;3.207237e-02;2.114664e-01;4.575218e-02;3.751708e-02;3.692479e-02;2.034577e-02
4.796483e-02;1.638524e-01;1.038262e-01;7.759654e-02;6.019123e-02;1.347648e-01;4.576000e-02;1.519242e-01;7.121585e-02;5.279043e-02;3.119184e-02;5.892181e-02
6.016689e-02;1.054996e-01;8.802470e-02;9.497229e-02;8.650244e-02;1.216631e-01;6.963611e-02;1.175532e-01;7.969658e-02;5.902512e-02;4.634097e-02;7.091905e-02
7.029194e-02;8.760138e-02;6.481068e-02;8.346903e-02;9.427669e-02;1.508467e-01;7.578849e-02;1.194069e-01;6.847856e-02;5.523614e-02;6.273203e-02;6.706140e-02
5.535863e-02;1.260139e-01;7.561494e-02;5.045957e-02;6.693977e-02;1.921526e-01;7.624771e-02;1.167638e-01;5.733208e-02;5.470962e-02;6.634373e-02;6.206350e-02
4.026603e-02;1.187810e-01;1.034501e-01;7.625324e-02;5.129492e-02;1.975007e-01;7.835948e-02;1.284669e-01;5.570316e-02;5.200643e-02;5.789739e-02;4.002069e-02
3.482344e-02;1.059433e-01;1.127555e-01;1.112134e-01;8.237740e-02;1.919323e-01;4.947259e-02;1.323454e-01;4.100854e-02;3.854735e-02;5.787772e-02;4.170321e-02
1.745251e-02;1.107835e-01;1.247157e-01;1.593853e-01;8.173409e-02;1.765841e-01;1.898436e-02;1.312212e-01;2.757600e-02;2.295389e-02;8.613309e-02;4.247615e-02
1.797485e-02;1.084420e-01;1.546977e-01;1.929910e-01;3.896281e-02;1.713550e-01;2.847155e-02;1.286697e-01;1.584097e-02;1.329298e-02;1.019406e-01;2.736069e-02
4.255898e-02;9.255240e-02;1.918896e-01;1.901046e-01;1.663599e-02;1.545958e-01;3.454150e-02;1.337314e-01;2.457274e-02;1.519144e-02;8.735707e-02;1.626847e-02
4.995979e-02;8.277109e-02;1.756423e-01;2.011054e-01;3.204040e-02;1.250622e-01;6.226758e-02;1.193722e-01;3.742368e-02;1.923133e-02;7.114083e-02;2.398306e-02
4.303019e-02;6.771485e-02;1.471518e-01;2.029332e-01;5.055796e-02;1.691085e-01;6.366763e-02;1.220214e-01;3.325710e-02;2.119970e-02;6.387372e-02;1.548390e-02
3.587097e-02;6.479014e-02;9.110847e-02;1.914753e-01;7.189730e-02;1.805973e-01;7.017780e-02;1.744645e-01;2.342952e-02;1.271079e-02;7.165628e-02;1.182162e-02
3.968102e-02;7.459626e-02;1.110134e-01;1.561451e-01;4.691588e-02;1.389365e-01;1.044803e-01;1.887419e-01;2.826163e-02;2.260533e-02;7.574322e-02;1.287951e-02
4.597136e-02;8.048937e-02;1.664030e-01;1.126653e-01;3.375787e-02;9.217267e-02;1.394274e-01;1.699847e-01;4.043119e-02;2.935719e-02;7.346973e-02;1.587026e-02
4.766392e-02;6.389853e-02;2.155663e-01;7.235524e-02;6.175276e-02;8.587666e-02;1.436925e-01;1.423466e-01;6.262998e-02;3.250939e-02;5.708560e-02;1.462249e-02
3.200365e-02;1.067733e-01;2.208161e-01;7.058846e-02;4.706058e-02;1.693162e-01;8.798979e-02;1.079493e-01;7.414247e-02;2.479584e-02;4.115911e-02;1.740513e-02
2.360436e-02;6.405641e-02;1.387883e-01;1.165365e-01;6.893946e-02;1.800040e-01;7.120629e-02;1.767355e-01;6.590847e-02;3.115835e-02;3.652595e-02;2.653643e-02
2.718166e-02;8.712407e-02;1.234479e-01;1.468681e-01;7.513433e-02;1.504022e-01;6.002039e-02;1.951485e-01;4.014475e-02;4.729396e-02;2.246448e-02;2.476959e-02
1.738208e-02;1.393336e-01;1.258502e-01;8.804650e-02;6.860011e-02;2.032517e-01;3.863617e-02;1.843713e-01;3.695581e-02;3.794859e-02;3.432192e-02;2.530206e-02
1.913844e-02;1.292363e-01;1.100824e-01;7.853878e-02;5.874815e-02;3.061526e-01;3.120163e-02;1.466049e-01;4.057891e-02;2.271136e-02;3.616673e-02;2.083985e-02
1.754486e-02;8.769609e-02;1.014482e-01;1.336365e-01;4.090428e-02;3.131824e-01;6.712524e-02;1.344843e-01;2.715655e-02;1.281122e-02;4.712181e-02;1.688845e-02
4.176195e-02;8.502480e-02;1.070260e-01;1.165892e-01;1.925154e-02;2.325250e-01;9.820438e-02;5.992610e-02;5.793844e-02;3.895369e-02;1.054249e-01;3.737399e-02
6.785158e-02;6.555838e-02;1.479176e-01;9.188270e-02;4.422250e-02;1.307959e-01;7.149717e-02;8.334546e-02;6.739444e-02;1.781556e-02;1.370680e-01;7.465069e-02
9.296188e-02;6.912890e-02;1.372966e-01;5.999098e-02;4.133525e-02;1.046243e-01;6.599945e-02;8.738770e-02;7.413680e-02;4.818778e-02;1.243689e-01;9.458155e-02
7.731234e-02;1.074705e-01;1.553637e-01;5.545039e-02;4.792823e-02;1.108076e-01;6.295563e-02;9.879647e-02;7.149672e-02;5.501584e-02;7.493109e-02;8.247163e-02
6.122113e-02;1.217425e-01;1.690846e-01;5.993570e-02;5.202603e-02;1.315652e-01;6.154395e-02;9.259751e-02;6.765450e-02;5.034848e-02;6.091836e-02;7.136200e-02
5.008159e-02;1.646207e-01;1.526759e-01;4.460221e-02;5.778654e-02;1.640745e-01;5.597255e-02;9.713594e-02;5.973804e-02;4.021195e-02;6.175454e-02;5.134549e-02
3.120923e-02;2.326011e-01;1.070585e-01;2.653699e-02;5.489849e-02;1.559898e-01;9.173658e-02;1.243646e-01;5.726553e-02;2.031312e-02;8.129345e-02;1.673274e-02
2.109529e-02;2.558282e-01;1.074693e-01;1.535474e-02;7.294228e-02;1.128709e-01;9.671030e-02;1.383322e-01;5.218647e-02;1.418288e-02;1.039262e-01;9.101353e-03
2.217503e-02;2.478763e-01;9.645716e-02;1.698582e-02;8.930926e-02;1.149783e-01;8.686201e-02;1.323352e-01;4.268416e-02;1.250657e-02;1.240162e-01;1.381407e-02
2.886647e-02;2.325556e-01;7.584541e-02;1.424239e-02;7.806464e-02;1.495065e-01;8.733916e-02;1.324042e-01;4.720562e-02;1.286688e-02;1.208744e-01;2.022881e-02
2.967645e-02;1.944369e-01;7.688895e-02;2.539680e-02;5.096211e-02;1.864898e-01;7.614984e-02;1.313466e-01;5.052504e-02;2.112090e-02;9.261727e-02;6.438929e-02
5.539713e-02;1.301292e-01;6.847929e-02;4.706657e-02;3.825477e-02;2.501532e-01;5.261825e-02;1.198754e-01;3.767698e-02;5.110113e-02;5.184545e-02;9.740263e-02
7.428078e-02;8.627665e-02;6.042997e-02;5.720713e-02;5.663542e-02;3.207728e-01;3.833766e-02;1.041597e-01;2.943101e-02;6.919385e-02;2.600875e-02;7.726616e-02
6.128918e-02;5.398475e-02;6.458078e-02;4.562122e-02;4.698527e-02;3.870399e-01;3.224234e-02;1.125473e-01;3.818140e-02;5.928050e-02;6.189626e-02;3.635108e-02
3.078631e-02;1.569453e-01;6.799353e-02;2.435002e-02;3.287446e-02;3.537908e-01;4.154935e-02;1.198828e-01;5.102652e-02;2.933619e-02;6.805622e-02;2.340849e-02
3.303086e-02;2.200038e-01;1.046201e-01;2.824875e-02;5.834686e-02;2.261708e-01;6.018635e-02;1.238680e-01;4.770729e-02;2.364596e-02;2.772001e-02;4.645123e-02
3.058890e-02;2.107220e-01;8.413781e-02;4.551877e-02;6.159177e-02;2.142020e-01;5.160382e-02;1.399470e-01;4.029879e-02;3.785636e-02;3.219552e-02;5.133720e-02
4.416980e-02;1.670947e-01;8.730878e-02;3.956351e-02;6.035718e-02;2.976604e-01;3.623790e-02;1.239510e-01;3.459541e-02;3.401672e-02;2.068844e-02;5.435621e-02
5.042412e-02;1.516552e-01;1.238673e-01;3.405868e-02;6.059904e-02;2.348645e-01;3.040072e-02;1.392926e-01;4.864710e-02;3.350216e-02;3.102391e-02;6.166471e-02
4.110665e-02;1.558645e-01;1.566238e-01;3.636164e-02;5.475369e-02;7.345634e-02;2.548333e-02;2.197403e-01;9.656202e-02;4.429080e-02;4.310583e-02;5.265112e-02
2.914167e-02;1.484315e-01;1.313379e-01;2.498380e-02;3.495432e-02;2.127925e-01;2.133858e-02;2.091909e-01;9.490934e-02;3.809528e-02;3.162787e-02;2.319639e-02
4.482754e-02;1.932042e-01;1.049407e-01;2.383184e-02;3.854517e-02;2.817633e-01;2.044333e-02;1.466131e-01;4.802420e-02;2.517679e-02;4.365160e-02;2.897821e-02
8.112524e-02;2.485013e-01;9.136241e-02;5.510721e-02;4.787046e-02;1.909313e-01;2.014517e-02;1.193548e-01;4.219043e-02;2.643984e-02;4.116972e-02;3.580214e-02
1.144324e-01;2.340576e-01;9.070309e-02;1.029245e-01;5.440142e-02;1.413069e-01;3.111292e-02;8.339138e-02;3.516708e-02;2.482586e-02;4.239929e-02;4.527753e-02
1.196851e-01;2.233307e-01;1.165802e-01;1.122293e-01;6.115358e-02;1.048874e-01;4.726537e-02;5.462066e-02;3.338901e-02;2.854569e-02;5.742106e-02;4.089192e-02
8.579410e-02;1.849514e-01;1.535231e-01;7.853951e-02;4.366511e-02;1.915999e-01;4.766313e-02;3.864391e-02;2.682476e-02;2.553237e-02;8.147831e-02;4.178437e-02
4.903198e-02;1.101393e-01;1.176289e-01;3.075340e-02;3.989309e-02;3.224342e-01;4.581091e-02;8.342677e-02;4.631473e-02;2.367835e-02;6.497376e-02;6.591450e-02
4.832030e-02;1.259844e-01;1.184036e-01;1.398070e-02;3.758346e-02;3.253064e-01;4.671713e-02;1.057883e-01;6.398534e-02;4.161439e-02;1.649208e-02;5.582386e-02
4.264486e-02;1.321817e-01;1.259322e-01;3.522785e-02;4.530215e-02;2.854201e-01;3.652894e-02;1.201868e-01;5.795737e-02;3.197343e-02;3.579914e-02;5.084543e-02
3.402652e-02;1.724732e-01;1.520962e-01;6.639685e-02;5.676824e-02;1.603005e-01;3.243068e-02;1.323170e-01;4.573204e-02;1.880241e-02;7.851835e-02;5.013798e-02
2.006751e-02;1.674516e-01;1.960981e-01;7.660700e-02;4.895436e-02;1.504496e-01;3.249286e-02;1.434258e-01;2.403972e-02;1.676651e-02;9.094812e-02;3.269871e-02
1.676966e-02;1.401226e-01;2.049670e-01;7.131695e-02;3.728094e-02;1.663185e-01;2.838630e-02;1.654918e-01;1.594635e-02;1.994872e-02;1.118387e-01;2.161254e-02
1.926361e-02;1.153662e-01;2.073153e-01;6.773467e-02;3.290035e-02;1.715133e-01;2.977317e-02;1.471213e-01;2.264712e-02;2.781805e-02;1.412789e-01;1.726805e-02
4.254103e-02;9.957146e-02;2.221324e-01;5.729961e-02;2.854834e-02;1.739846e-01;6.133169e-02;1.153715e-01;1.804066e-02;2.726866e-02;1.338328e-01;2.007731e-02
6.752741e-02;9.724988e-02;2.511277e-01;6.885932e-02;3.371407e-02;7.381967e-02;8.971819e-02;1.323599e-01;2.096066e-02;2.494460e-02;1.190317e-01;2.068692e-02
5.835501e-02;9.535076e-02;2.383400e-01;9.185326e-02;3.481513e-02;1.231622e-01;8.132160e-02;1.248219e-01;3.525092e-02;2.382209e-02;7.541442e-02;1.749270e-02
4.441326e-02;9.829631e-02;2.387649e-01;1.260025e-01;2.959722e-02;1.350527e-01;8.687884e-02;9.799375e-02;3.111636e-02;3.857491e-02;5.765333e-02;1.565591e-02
2.557275e-02;8.334514e-02;2.138667e-01;1.430979e-01;3.020590e-02;1.783097e-01;7.771002e-02;1.019966e-01;1.200286e-02;4.124308e-02;7.276292e-02;1.988643e-02
2.215115e-02;9.771033e-02;2.509583e-01;1.499064e-01;3.160140e-02;1.406638e-01;4.207215e-02;1.096527e-01;2.426577e-02;2.576911e-02;8.326811e-02;2.198082e-02
4.208944e-02;9.466907e-02;2.461234e-01;1.411364e-01;2.173163e-02;1.412653e-01;5.018592e-02;1.052822e-01;3.828149e-02;2.065211e-02;7.990849e-02;1.867464e-02
5.199103e-02;1.078810e-01;2.775567e-01;1.243200e-01;4.181709e-02;1.025535e-01;6.994601e-02;7.539768e-02;3.863189e-02;3.020222e-02;6.716580e-02;1.253713e-02
4.544340e-02;1.117484e-01;2.934254e-01;8.411691e-02;4.822784e-02;1.270281e-01;8.316971e-02;6.525116e-02;5.047462e-02;3.361116e-02;5.174091e-02;5.762297e-03
3.472861e-02;9.424260e-02;2.787203e-01;5.315628e-02;4.359323e-02;1.572185e-01;9.819691e-02;4.934052e-02;9.067859e-02;3.957612e-02;4.006105e-02;2.048734e-02
2.112308e-02;1.016657e-01;1.586819e-01;5.798214e-02;4.841107e-02;1.629052e-01;7.044409e-02;1.759562e-01;1.223030e-01;4.011025e-02;1.736352e-02;2.305382e-02
2.694911e-02;7.663752e-02;8.413686e-02;5.819475e-02;3.741326e-02;2.088765e-01;6.877489e-02;2.436505e-01;1.087088e-01;4.738611e-02;1.701601e-02;2.225565e-02
3.140968e-02;7.601076e-02;9.681062e-02;5.544385e-02;3.870702e-02;2.854517e-01;4.905044e-02;1.950007e-01;7.570215e-02;6.012177e-02;2.133361e-02;1.495762e-02
2.789038e-02;6.302177e-02;8.478475e-02;5.213075e-02;3.133700e-02;3.551777e-01;3.689170e-02;1.476707e-01;5.366729e-02;6.822155e-02;5.279806e-02;2.640846e-02
4.720907e-02;7.824264e-02;7.606892e-02;6.729043e-02;2.909471e-02;3.288873e-01;3.494119e-02;1.090779e-01;3.578144e-02;8.846249e-02;6.376483e-02;4.117905e-02
7.226002e-02;1.098848e-01;9.813594e-02;6.348979e-02;3.306663e-02;2.793118e-01;4.448388e-02;1.173345e-01;5.471894e-02;5.837394e-02;3.780851e-02;3.113128e-02
1.027387e-01;1.080911e-01;1.046483e-01;5.676348e-02;3.689595e-02;2.675463e-01;4.699596e-02;8.504873e-02;6.533141e-02;3.626484e-02;5.529483e-02;3.438037e-02
7.704741e-02;1.105545e-01;8.287091e-02;5.813065e-02;4.893377e-02;2.611717e-01;3.244620e-02;1.177431e-01;8.765023e-02;4.209027e-02;2.196742e-02;5.939373e-02
9.816641e-02;1.238029e-01;9.228734e-02;3.754700e-02;4.889818e-02;2.043281e-01;2.889415e-02;1.380163e-01;7.757320e-02;3.146635e-02;1.299918e-02;1.060208e-01
1.108220e-01;1.129053e-01;1.261621e-01;5.092368e-02;5.250613e-02;1.344302e-01;5.038386e-02;1.094557e-01;9.972593e-02;2.995840e-02;2.766104e-02;9.506556e-02
4.267897e-02;1.110884e-01;1.306124e-01;5.175824e-02;5.198242e-02;7.752120e-02;5.558157e-02;2.001128e-01;1.314936e-01;4.034538e-02;4.207522e-02;6.474980e-02
4.577386e-02;1.053006e-01;1.601456e-01;4.721062e-02;3.664353e-02;6.453446e-02;4.516066e-02;2.414429e-01;1.039729e-01;3.619316e-02;3.711219e-02;7.650950e-02
3.415037e-02;8.922055e-02;2.187038e-01;4.266709e-02;2.066504e-02;6.147144e-02;4.494727e-02;2.720762e-01;7.687709e-02;3.243782e-02;2.276887e-02;8.401448e-02
1.693208e-02;6.759675e-02;2.624713e-01;4.476509e-02;1.579561e-02;4.916856e-02;5.668228e-02;2.727301e-01;7.017744e-02;3.402633e-02;6.276105e-03;1.033783e-01
1.815457e-02;7.863829e-02;2.555901e-01;3.879067e-02;1.532483e-02;6.496365e-02;6.692287e-02;2.311627e-01;7.056364e-02;3.289622e-02;1.499537e-02;1.119971e-01
1.355064e-02;8.693073e-02;2.494638e-01;4.788118e-02;1.428766e-02;8.100253e-02;5.422161e-02;2.164339e-01;6.896345e-02;3.255867e-02;1.787014e-02;1.168357e-01
7.115106e-03;7.635701e-02;2.643825e-01;5.400718e-02;1.427663e-02;6.803510e-02;4.705216e-02;2.291117e-01;6.853528e-02;3.778731e-02;1.731645e-02;1.160236e-01
8.872095e-03;7.554045e-02;2.876214e-01;5.520641e-02;1.282387e-02;5.075335e-02;5.071323e-02;2.427361e-01;6.614427e-02;3.831361e-02;1.469043e-02;9.658483e-02
8.224367e-03;8.243555e-02;2.954502e-01;5.174234e-02;2.339979e-02;5.226555e-02;4.654257e-02;2.592269e-01;5.965798e-02;3.618501e-02;2.344690e-02;6.142287e-02
1.410251e-02;1.216307e-01;2.390477e-01;4.312222e-02;3.001110e-02;7.632899e-02;6.839675e-02;2.493679e-01;5.676848e-02;3.043326e-02;4.824408e-02;2.254628e-02
5.664170e-02;1.275007e-01;1.453913e-01;4.242097e-02;3.104044e-02;1.137283e-01;9.161101e-02;2.008349e-01;5.498823e-02;3.695593e-02;5.869952e-02;4.018696e-02
1.370380e-01;1.100772e-01;1.261217e-01;3.474135e-02;4.593961e-02;1.329358e-01;7.142214e-02;1.382378e-01;5.020337e-02;5.041735e-02;3.994941e-02;6.291634e-02
1.351500e-01;1.210059e-01;1.417803e-01;4.075646e-02;5.879292e-02;1.173657e-01;5.333195e-02;1.394548e-01;6.047982e-02;4.711815e-02;2.405876e-02;6.070519e-02
8.686944e-02;9.195461e-02;1.640259e-01;6.324541e-02;6.706881e-02;8.536185e-02;6.492156e-02;1.964726e-01;7.651672e-02;2.756509e-02;2.366220e-02;5.233581e-02
8.097322e-02;1.005852e-01;2.566868e-01;4.951587e-02;4.452292e-02;6.827717e-02;6.964163e-02;1.776170e-01;5.792457e-02;2.177282e-02;1.415032e-02;5.833246e-02
9.289552e-02;1.157959e-01;3.262684e-01;3.272374e-02;4.680648e-02;4.493240e-02;5.227260e-02;1.484429e-01;4.216172e-02;2.057821e-02;2.214669e-02;5.497538e-02
6.946143e-02;1.291449e-01;3.238648e-01;2.861549e-02;5.289228e-02;5.115275e-02;4.520011e-02;1.615870e-01;5.308516e-02;1.438684e-02;2.457436e-02;4.603492e-02
3.971116e-02;1.018521e-01;2.736115e-01;3.623352e-02;3.548267e-02;1.140508e-01;5.600791e-02;2.157979e-01;5.357458e-02;1.517409e-02;2.267792e-02;3.582592e-02
2.778912e-02;5.768558e-02;2.485243e-01;4.629663e-02;2.371983e-02;1.377794e-01;5.181688e-02;2.619924e-01;6.628664e-02;1.973608e-02;1.292901e-02;4.544420e-02
1.775811e-02;1.218741e-01;2.892868e-01;4.653307e-02;2.022158e-02;1.134738e-01;4.145238e-02;2.164386e-01;6.759302e-02;2.123434e-02;8.488756e-03;3.564551e-02
2.358952e-02;1.370594e-01;3.072655e-01;4.082043e-02;2.609453e-02;1.638039e-01;3.121793e-02;1.526025e-01;6.292079e-02;2.097709e-02;8.886852e-03;2.476152e-02
2.206509e-02;1.206328e-01;2.858781e-01;3.505899e-02;1.999554e-02;1.864480e-01;3.554979e-02;1.728722e-01;6.913627e-02;1.554182e-02;1.032264e-02;2.649878e-02
2.012293e-02;1.490724e-01;2.583623e-01;2.516920e-02;1.614308e-02;1.754160e-01;2.651089e-02;1.890151e-01;7.046213e-02;1.837781e-02;1.436386e-02;3.698424e-02
2.238165e-02;9.821096e-02;1.874463e-01;2.719645e-02;2.346084e-02;1.849718e-01;1.873600e-02;2.582686e-01;1.073040e-01;1.870884e-02;1.131801e-02;4.199670e-02
2.088171e-02;8.569722e-02;1.185906e-01;3.669571e-02;3.197153e-02;2.139798e-01;2.801693e-02;3.120802e-01;8.209437e-02;1.728108e-02;1.668293e-02;3.602797e-02
2.391276e-02;7.621419e-02;1.243772e-01;2.472511e-02;2.297484e-02;3.213894e-01;2.273667e-02;2.638279e-01;5.395383e-02;2.515119e-02;1.045644e-02;3.028049e-02
2.583278e-02;1.318711e-01;1.519726e-01;1.605149e-02;1.475704e-02;2.840028e-01;3.181025e-02;2.117833e-01;5.653494e-02;2.563686e-02;1.570244e-02;3.404441e-02
1.967763e-02;1.597448e-01;1.439507e-01;1.783812e-02;1.773977e-02;1.404694e-01;5.149627e-02;2.808594e-01;8.069522e-02;3.132953e-02;1.397778e-02;4.222140e-02
1.501445e-02;1.324206e-01;1.100562e-01;1.875453e-02;1.974757e-02;1.230674e-01;7.297501e-02;3.505256e-01;6.462601e-02;3.077536e-02;2.032672e-02;4.171048e-02
1.759310e-02;1.334023e-01;5.844354e-02;3.077386e-02;2.469988e-02;1.175219e-01;7.543459e-02;3.834744e-01;7.581944e-02;1.965808e-02;2.389167e-02;3.928729e-02
1.676380e-02;1.310670e-01;1.573456e-01;3.016869e-02;2.695614e-02;1.111288e-01;3.552483e-02;3.648010e-01;5.582947e-02;1.129324e-02;2.027260e-02;3.884892e-02
1.330577e-02;1.227421e-01;1.857111e-01;3.699172e-02;2.273119e-02;1.343994e-01;1.181837e-02;3.397908e-01;6.529348e-02;1.235729e-02;1.932747e-02;3.553129e-02
