8.915424e-02;7.954267e-02;1.318997e-01;7.261545e-02;3.587799e-02;6.671020e-02;1.347038e-01;6.598566e-02;1.029681e-01;6.097995e-02;3.563708e-02;1.239251e-01
1.058185e-01;8.168656e-02;1.388553e-01;5.583921e-02;5.690812e-02;7.334949e-02;1.141589e-01;6.388057e-02;1.081498e-01;8.381405e-02;3.248113e-02;8.505827e-02
1.086755e-01;5.116488e-02;1.305363e-01;5.811115e-02;7.670941e-02;7.805485e-02;1.108864e-01;9.733306e-02;5.784198e-02;8.214235e-02;5.225090e-02;9.629331e-02
8.792029e-02;6.031501e-02;8.825901e-02;6.832361e-02;5.512981e-02;7.132812e-02;1.031792e-01;1.100689e-01;8.705384e-02;7.395443e-02;8.323874e-02;1.112291e-01
7.513195e-02;8.490859e-02;7.439345e-02;7.256120e-02;4.074334e-02;5.973426e-02;1.191812e-01;6.588393e-02;1.105117e-01;7.449996e-02;9.785683e-02;1.245936e-01
7.428075e-02;8.731629e-02;1.030430e-01;4.706408e-02;4.845100e-02;4.853404e-02;1.414230e-01;6.464684e-02;1.601913e-01;4.076092e-02;8.068741e-02;1.036013e-01
6.664971e-02;4.147470e-02;9.805903e-02;5.367056e-02;6.648283e-02;5.548225e-02;1.306794e-01;8.594853e-02;1.680166e-01;5.063744e-02;8.947273e-02;9.342618e-02
5.083238e-02;6.587258e-02;7.676874e-02;6.970074e-02;8.032843e-02;7.558294e-02;1.072221e-01;7.748300e-02;1.309820e-01;1.010327e-01;1.010758e-01;6.311859e-02
6.786276e-02;7.815833e-02;6.439803e-02;5.987490e-02;7.374781e-02;7.018453e-02;9.920574e-02;7.339271e-02;1.236219e-01;1.158792e-01;1.161829e-01;5.749113e-02
7.832795e-02;4.823861e-02;7.663250e-02;5.830678e-02;5.987240e-02;6.605405e-02;1.138894e-01;7.197233e-02;1.327884e-01;9.117172e-02;1.466464e-01;5.609958e-02
8.465341e-02;5.952803e-02;7.721408e-02;5.042610e-02;2.889867e-02;9.089147e-02;8.738454e-02;7.449751e-02;1.357622e-01;8.400749e-02;1.567311e-01;7.000539e-02
5.713582e-02;6.640914e-02;3.995758e-02;4.295901e-02;3.855484e-02;1.008334e-01;1.094205e-01;5.154056e-02;1.762567e-01;9.706303e-02;1.233522e-01;9.651721e-02
8.814640e-02;5.367943e-02;7.298794e-02;5.471734e-02;6.166092e-02;8.780058e-02;1.354545e-01;6.186398e-02;1.695990e-01;8.755182e-02;8.223382e-02;4.430422e-02
8.926075e-02;5.411519e-02;1.186175e-01;4.534147e-02;6.572453e-02;9.254043e-02;1.338107e-01;5.563361e-02;1.359890e-01;7.043567e-02;7.725495e-02;6.127618e-02
7.971424e-02;5.705971e-02;1.490924e-01;6.462044e-02;5.697981e-02;4.910771e-02;1.511496e-01;1.192530e-01;4.093251e-02;4.361337e-02;9.614347e-02;9.233373e-02
9.157372e-02;4.887339e-02;1.234262e-01;5.584281e-02;9.098635e-02;6.711636e-02;1.270480e-01;1.420915e-01;5.823709e-02;3.686808e-02;9.666239e-02;6.127414e-02
1.173700e-01;3.578436e-02;1.010022e-01;4.033699e-02;1.280572e-01;6.707644e-02;8.752991e-02;1.734807e-01;6.371075e-02;3.742332e-02;1.066592e-01;4.156895e-02
1.243649e-01;2.590841e-02;6.845839e-02;4.291439e-02;1.237538e-01;7.013995e-02;8.458944e-02;1.910198e-01;7.767638e-02;6.478049e-02;8.058392e-02;4.581015e-02
1.104438e-01;2.026998e-02;5.113161e-02;6.544846e-02;8.024107e-02;8.538298e-02;1.333223e-01;2.041685e-01;5.602200e-02;1.045605e-01;3.507891e-02;5.392987e-02
8.421037e-02;2.409654e-02;3.343111e-02;9.733930e-02;4.078583e-02;8.852934e-02;1.682395e-01;2.085093e-01;4.032165e-02;1.465088e-01;1.739564e-02;5.063270e-02
6.659025e-02;2.936646e-02;2.178049e-02;1.214317e-01;3.082940e-02;8.359373e-02;2.013777e-01;1.698058e-01;2.224433e-02;1.672852e-01;1.721454e-02;6.848036e-02
4.936309e-02;4.027322e-02;2.867641e-02;1.326614e-01;2.956595e-02;6.664639e-02;2.430481e-01;1.250957e-01;2.057445e-02;1.633332e-01;1.763479e-02;8.312733e-02
5.077969e-02;5.686693e-02;4.698652e-02;1.328005e-01;2.823265e-02;5.409344e-02;2.724550e-01;1.023884e-01;2.044069e-02;1.348587e-01;8.923896e-03;9.117372e-02
5.544914e-02;6.789779e-02;6.912572e-02;1.285116e-01;2.470065e-02;6.060079e-02;2.743610e-01;7.967593e-02;1.770307e-02;1.022275e-01;1.879605e-02;1.009508e-01
6.763445e-02;6.639513e-02;1.013979e-01;1.335540e-01;2.187984e-02;7.961850e-02;2.354461e-01;5.039202e-02;2.611726e-02;8.204079e-02;2.794262e-02;1.075813e-01
1.583254e-01;6.726132e-02;1.323374e-01;1.274180e-01;5.657363e-02;5.670890e-02;1.335977e-01;4.532247e-02;3.269228e-02;5.186903e-02;4.139338e-02;9.650045e-02
2.522286e-01;6.883625e-02;1.349018e-01;7.778925e-02;8.725957e-02;3.454757e-02;7.921535e-02;8.889785e-02;1.067652e-02;3.854509e-02;6.817071e-02;5.893142e-02
2.255349e-01;7.117023e-02;1.151468e-01;2.956108e-02;1.064437e-01;8.347870e-02;5.689517e-02;9.369591e-02;3.479029e-02;2.646747e-02;1.160455e-01;4.077013e-02
1.368720e-01;9.482449e-02;7.373100e-02;6.782311e-02;1.045321e-01;1.295334e-01;6.297009e-02;5.545811e-02;8.868826e-02;1.461050e-02;1.380042e-01;3.295265e-02
7.234879e-02;1.053027e-01;4.725810e-02;8.164202e-02;8.614311e-02;1.618805e-01;4.125900e-02;4.231431e-02;1.673199e-01;1.497440e-02;1.297485e-01;4.980870e-02
5.015483e-02;1.045304e-01;3.677119e-02;8.506897e-02;6.860935e-02;1.783885e-01;3.032329e-02;3.136027e-02;2.406401e-01;1.162949e-02;9.359875e-02;6.892495e-02
3.833013e-02;9.757165e-02;3.937943e-02;8.114964e-02;6.260905e-02;1.947166e-01;3.254085e-02;3.017830e-02;2.878449e-01;1.031137e-02;5.310602e-02;7.226210e-02
3.739813e-02;8.672138e-02;3.856295e-02;6.789583e-02;6.778009e-02;2.008254e-01;3.273305e-02;3.732572e-02;3.054042e-01;1.564450e-02;2.911699e-02;8.059185e-02
3.643590e-02;9.648385e-02;4.608191e-02;5.908569e-02;7.919364e-02;2.005353e-01;1.543329e-02;5.540259e-02;2.911589e-01;1.455902e-02;3.300432e-02;7.262554e-02
5.547396e-02;1.163104e-01;6.102059e-02;5.142312e-02;9.999644e-02;1.950368e-01;2.469853e-02;6.193311e-02;2.275882e-01;1.201025e-02;3.221459e-02;6.229413e-02
1.032083e-01;1.320795e-01;6.738346e-02;5.773424e-02;1.111501e-01;1.804390e-01;3.907209e-02;4.924811e-02;1.570936e-01;1.768192e-02;2.115479e-02;6.375487e-02
1.441569e-01;1.344890e-01;8.509123e-02;4.882404e-02;1.044011e-01;1.475819e-01;8.475044e-02;5.550221e-02;9.968962e-02;1.611221e-02;1.873751e-02;6.066369e-02
1.446575e-01;1.259815e-01;7.960636e-02;3.965818e-02;8.398902e-02;1.070756e-01;1.264605e-01;9.985279e-02;6.095097e-02;2.918156e-02;3.497164e-02;6.761439e-02
9.977779e-02;9.989166e-02;1.286830e-01;5.291652e-02;4.677856e-02;5.788995e-02;1.660131e-01;1.422847e-01;6.303035e-02;3.288855e-02;5.414037e-02;5.570533e-02
1.657753e-01;9.973045e-02;1.468677e-01;4.961981e-02;4.319313e-02;6.219795e-02;6.273045e-02;1.472227e-01;6.520000e-02;3.547203e-02;5.934872e-02;6.264188e-02
1.807856e-01;7.420685e-02;1.484500e-01;4.689968e-02;5.242394e-02;7.508011e-02;6.376710e-02;1.384815e-01;5.577954e-02;5.079733e-02;6.020645e-02;5.312195e-02
1.852401e-01;1.007733e-01;1.558156e-01;4.508039e-02;3.892531e-02;6.692864e-02;6.917972e-02;1.096877e-01;4.925802e-02;6.776661e-02;7.594176e-02;3.540289e-02
2.117443e-01;1.285519e-01;1.254760e-01;2.907444e-02;5.240628e-02;5.492945e-02;7.585525e-02;7.371918e-02;6.566271e-02;6.579230e-02;9.396954e-02;2.281873e-02
2.334050e-01;1.200178e-01;9.895381e-02;1.633441e-02;6.029060e-02;5.025653e-02;8.949953e-02;6.142500e-02;6.091650e-02;5.124124e-02;1.217042e-01;3.595537e-02
2.562836e-01;9.703505e-02;7.814598e-02;2.329485e-02;6.233454e-02;3.591651e-02;9.813027e-02;8.398829e-02;4.480416e-02;3.160147e-02;1.349802e-01;5.348504e-02
2.718867e-01;7.566816e-02;7.767287e-02;3.389809e-02;6.170802e-02;1.962193e-02;1.040259e-01;1.136170e-01;2.353702e-02;2.578821e-02;1.190185e-01;7.355762e-02
2.660336e-01;6.365967e-02;7.761993e-02;3.834777e-02;5.923357e-02;1.450926e-02;1.221791e-01;1.487403e-01;1.900940e-02;2.764180e-02;7.858390e-02;8.444167e-02
2.568874e-01;5.410255e-02;8.034354e-02;4.011544e-02;5.663884e-02;1.420615e-02;1.434724e-01;1.702102e-01;2.161161e-02;3.869187e-02;4.256362e-02;8.115645e-02
2.575318e-01;4.745639e-02;7.606892e-02;4.007565e-02;4.148417e-02;1.377691e-02;1.914074e-01;1.638887e-01;2.804060e-02;4.927143e-02;3.166826e-02;5.932986e-02
2.381003e-01;4.541466e-02;7.695615e-02;3.639397e-02;2.381936e-02;2.374528e-02;2.577804e-01;1.361685e-01;4.318183e-02;4.739584e-02;3.001470e-02;4.102899e-02
1.744464e-01;3.434321e-02;7.292541e-02;4.610359e-02;2.196762e-02;3.059867e-02;2.931082e-01;1.405414e-01;4.648524e-02;5.102562e-02;3.887414e-02;4.958053e-02
1.272805e-01;2.750043e-02;6.117462e-02;5.450906e-02;3.658557e-02;3.454616e-02;3.120659e-01;1.355657e-01;3.963675e-02;7.585817e-02;4.022583e-02;5.505134e-02
1.029525e-01;4.042803e-02;9.591273e-02;4.854412e-02;3.768285e-02;5.589007e-02;3.095548e-01;8.513838e-02;4.910145e-02;7.620130e-02;4.927710e-02;4.931662e-02
8.406704e-02;3.853703e-02;6.664415e-02;4.418090e-02;3.278760e-02;9.007846e-02;3.674592e-01;6.008861e-02;3.934745e-02;5.574353e-02;5.167592e-02;6.939012e-02
8.509333e-02;3.309801e-02;3.424109e-02;5.136840e-02;2.340052e-02;8.903217e-02;4.035084e-01;6.381277e-02;1.758352e-02;7.652692e-02;4.606672e-02;7.626813e-02
9.438338e-02;3.865285e-02;4.901637e-02;6.114847e-02;2.031561e-02;6.957106e-02;3.283191e-01;7.933400e-02;2.382964e-02;1.279919e-01;3.605171e-02;7.138597e-02
1.187046e-01;4.563989e-02;5.625910e-02;6.554818e-02;3.235153e-02;7.809930e-02;2.741338e-01;7.391689e-02;2.851423e-02;1.191610e-01;3.922370e-02;6.844785e-02
1.688657e-01;6.330878e-02;5.172180e-02;7.838307e-02;4.483286e-02;7.014976e-02;2.222819e-01;5.349351e-02;3.764273e-02;9.343160e-02;5.912175e-02;5.676650e-02
1.624745e-01;5.140707e-02;9.128219e-02;8.049082e-02;3.327285e-02;4.866957e-02;2.315538e-01;4.410952e-02;3.718991e-02;7.659418e-02;6.807289e-02;7.488275e-02
1.258253e-01;3.990282e-02;1.173813e-01;7.978763e-02;3.130582e-02;5.134917e-02;2.552727e-01;5.111964e-02;4.548984e-02;5.577285e-02;6.253555e-02;8.425739e-02
8.803655e-02;3.251289e-02;1.473422e-01;7.231700e-02;4.765739e-02;6.134288e-02;2.652327e-01;4.561324e-02;5.702654e-02;5.710676e-02;5.744726e-02;6.836466e-02
6.786314e-02;3.383693e-02;1.434123e-01;6.103016e-02;5.879917e-02;6.803296e-02;3.052451e-01;2.591888e-02;6.559072e-02;5.990696e-02;5.577710e-02;5.458660e-02
7.247439e-02;4.871392e-02;1.053250e-01;4.454435e-02;4.410535e-02;8.960996e-02;3.477765e-01;3.023848e-02;4.205961e-02;5.433133e-02;6.708516e-02;5.373598e-02
3.506988e-02;3.345669e-02;7.814323e-02;5.144605e-02;5.453594e-02;1.053380e-01;3.439095e-01;6.464793e-02;4.701854e-02;5.404836e-02;7.563540e-02;5.675039e-02
3.337579e-02;3.432376e-02;1.373202e-01;5.188152e-02;5.788226e-02;1.051710e-01;2.873625e-01;6.462801e-02;6.295480e-02;5.960029e-02;6.639490e-02;3.910506e-02
5.153994e-02;4.046499e-02;1.592150e-01;4.533890e-02;5.822577e-02;1.250294e-01;2.332988e-01;5.796822e-02;5.858889e-02;6.674915e-02;7.155180e-02;3.202907e-02
8.670737e-02;4.705499e-02;1.449898e-01;4.642138e-02;6.399541e-02;1.391015e-01;1.681474e-01;7.444022e-02;3.725956e-02;6.768310e-02;8.470892e-02;3.949042e-02
1.073798e-01;4.675842e-02;1.358762e-01;4.799889e-02;5.459696e-02;1.406331e-01;1.665502e-01;6.914324e-02;2.383794e-02;6.995539e-02;8.784422e-02;4.942567e-02
9.691135e-02;5.899375e-02;1.211076e-01;3.907931e-02;4.829101e-02;1.095013e-01;2.008162e-01;7.040183e-02;5.175752e-02;6.979142e-02;7.761860e-02;5.573005e-02
1.097520e-01;7.602885e-02;1.107061e-01;5.197107e-02;4.933674e-02;1.010743e-01;2.116054e-01;2.830216e-02;8.418928e-02;4.394273e-02;7.158478e-02;6.150660e-02
9.826414e-02;6.877346e-02;1.248540e-01;6.145697e-02;4.710793e-02;1.056397e-01;2.145563e-01;3.497488e-02;1.056231e-01;2.469771e-02;7.714525e-02;3.690670e-02
9.358884e-02;3.690099e-02;1.326043e-01;5.989810e-02;8.060461e-02;1.082162e-01;2.072748e-01;2.699380e-02;1.242634e-01;2.049016e-02;8.585613e-02;2.330871e-02
7.573029e-02;2.214208e-02;1.185245e-01;4.196373e-02;1.403731e-01;1.058186e-01;1.994072e-01;2.133878e-02;1.416968e-01;1.459571e-02;7.259679e-02;4.581238e-02
5.436791e-02;3.223158e-02;1.027582e-01;2.273835e-02;1.701185e-01;1.060557e-01;2.102793e-01;2.957647e-02;1.493992e-01;1.786291e-02;5.178048e-02;5.283136e-02
4.623750e-02;5.256829e-02;8.161920e-02;3.471713e-02;1.459479e-01;8.276503e-02;2.360089e-01;2.761881e-02;1.432939e-01;2.754680e-02;3.309179e-02;8.858477e-02
3.885625e-02;6.178973e-02;7.185590e-02;5.702990e-02;8.606813e-02;6.501047e-02;2.694740e-01;2.620511e-02;1.178187e-01;3.785313e-02;2.092516e-02;1.471135e-01
1.889747e-02;5.988635e-02;5.603927e-02;9.031738e-02;5.148871e-02;5.152463e-02;2.791325e-01;2.367947e-02;7.830578e-02;5.611004e-02;3.480685e-02;1.998116e-01
2.664618e-02;5.296311e-02;3.350892e-02;1.086996e-01;3.301916e-02;6.517551e-02;2.661123e-01;4.285997e-02;4.235686e-02;7.720618e-02;2.782539e-02;2.236269e-01
5.832040e-02;4.132644e-02;5.193857e-02;8.662558e-02;3.528079e-02;1.044396e-01;2.177415e-01;8.635088e-02;2.366241e-02;8.403436e-02;1.861411e-02;1.916654e-01
1.106627e-01;2.302434e-02;8.157690e-02;5.433058e-02;7.711168e-02;1.111503e-01;1.427318e-01;1.510792e-01;2.538313e-02;6.216836e-02;4.684011e-02;1.139408e-01
1.526871e-01;1.966741e-02;1.155792e-01;4.862328e-02;1.035133e-01;7.361768e-02;8.703070e-02;1.840260e-01;2.913150e-02;3.863681e-02;8.397582e-02;6.351130e-02
1.448493e-01;1.985539e-02;1.192144e-01;2.359595e-02;1.359110e-01;4.654834e-02;9.248226e-02;1.694682e-01;4.180109e-02;2.542344e-02;1.490561e-01;3.179454e-02
1.073020e-01;3.345223e-02;8.915142e-02;3.305717e-02;1.327620e-01;4.559239e-02;1.054462e-01;1.296113e-01;7.116979e-02;2.579593e-02;1.975890e-01;2.907061e-02
7.492743e-02;4.973815e-02;6.002071e-02;4.785671e-02;1.106700e-01;5.581852e-02;9.448002e-02;8.262806e-02;1.205275e-01;2.171621e-02;2.389701e-01;4.264653e-02
3.712495e-02;7.278813e-02;5.095493e-02;7.099930e-02;7.130335e-02;8.078280e-02;9.743667e-02;3.521157e-02;1.687999e-01;3.268936e-02;2.468319e-01;3.507719e-02
4.753564e-02;8.500453e-02;4.709446e-02;7.386278e-02;8.356939e-02;8.995426e-02;7.634370e-02;4.052781e-02;1.738704e-01;3.007573e-02;2.044865e-01;4.767478e-02
3.703649e-02;8.329335e-02;4.776736e-02;8.251017e-02;7.526698e-02;1.107741e-01;7.149988e-02;4.470574e-02;1.819868e-01;1.841040e-02;1.683267e-01;7.842208e-02
3.091860e-02;8.374707e-02;4.652100e-02;9.609319e-02;6.298685e-02;1.251979e-01;6.134546e-02;3.307878e-02;2.006038e-01;1.807215e-02;1.699546e-01;7.148062e-02
4.207600e-02;7.209763e-02;4.779970e-02;1.060786e-01;5.787604e-02;1.283147e-01;4.163693e-02;3.004006e-02;2.045229e-01;1.573979e-02;1.646194e-01;8.919817e-02
3.263460e-02;6.230830e-02;4.961185e-02;1.200942e-01;5.416368e-02;1.293215e-01;2.852494e-02;2.861575e-02;2.312110e-01;1.425492e-02;1.489103e-01;1.003489e-01
3.533625e-02;6.347933e-02;5.486880e-02;1.274459e-01;5.916534e-02;1.224687e-01;3.649845e-02;3.571919e-02;2.464868e-01;1.601838e-02;1.244645e-01;7.804844e-02
4.241411e-02;8.540730e-02;5.981586e-02;1.161553e-01;6.596867e-02;1.121556e-01;2.951350e-02;2.630417e-02;2.434963e-01;1.991882e-02;1.070898e-01;9.176052e-02
5.835542e-02;1.042619e-01;6.206990e-02;8.073765e-02;5.723811e-02;9.158053e-02;7.132550e-02;6.214514e-02;2.136940e-01;2.489107e-02;8.954638e-02;8.415443e-02
7.515796e-02;1.008278e-01;7.824329e-02;3.220908e-02;8.536144e-02;5.660535e-02;1.071661e-01;6.685479e-02;1.763637e-01;2.902752e-02;1.192365e-01;7.294649e-02
1.121180e-01;5.161491e-02;8.164082e-02;7.024263e-02;1.021410e-01;4.170327e-02;1.122548e-01;1.002842e-01;8.765042e-02;3.127351e-02;1.698689e-01;3.920757e-02
1.120573e-01;2.531110e-02;8.799060e-02;9.601135e-02;9.435902e-02;6.515481e-02;9.390525e-02;1.199979e-01;3.588608e-02;2.648539e-02;1.925644e-01;5.027680e-02
8.570397e-02;4.072959e-02;1.021417e-01;8.368173e-02;6.692412e-02;7.570750e-02;1.375974e-01;8.202498e-02;7.588979e-02;5.032883e-02;1.355737e-01;6.369670e-02
6.666723e-02;8.389750e-02;1.227382e-01;5.564506e-02;4.192794e-02;5.611957e-02;2.100386e-01;3.497725e-02;8.837789e-02;5.722738e-02;4.709769e-02;1.352857e-01
8.233511e-02;1.062580e-01;9.496228e-02;4.962919e-02;5.652078e-02;6.185158e-02;1.759277e-01;5.610264e-02;9.510483e-02;5.880158e-02;5.999061e-02;1.025158e-01
1.203709e-01;8.796410e-02;1.253443e-01;6.189830e-02;3.457724e-02;8.387171e-02;1.444088e-01;5.323138e-02;9.952407e-02;6.410515e-02;6.782296e-02;5.688109e-02
9.705712e-02;4.390096e-02;1.240633e-01;6.182666e-02;4.130774e-02;8.011749e-02;1.645589e-01;3.377754e-02;1.140704e-01;6.896481e-02;1.165492e-01;5.380598e-02
6.965385e-02;4.693424e-02;9.543603e-02;4.253728e-02;4.332592e-02;5.564570e-02;1.551434e-01;6.385273e-02;1.589538e-01;6.999773e-02;1.380063e-01;6.051312e-02
6.921650e-02;2.933383e-02;1.052734e-01;4.605903e-02;5.124744e-02;6.845208e-02;1.511474e-01;8.229446e-02;1.567895e-01;5.770777e-02;1.101266e-01;7.235190e-02
7.473479e-02;6.329560e-02;1.068627e-01;5.835016e-02;5.264487e-02;4.292013e-02;1.091403e-01;1.110390e-01;1.384370e-01;4.947167e-02;1.068536e-01;8.625025e-02
9.150822e-02;6.004834e-02;9.539774e-02;4.668713e-02;6.555455e-02;5.460663e-02;7.145701e-02;8.561070e-02;1.016604e-01;5.732994e-02;1.176271e-01;1.525123e-01
9.000251e-02;3.469927e-02;1.021071e-01;3.060526e-02;4.764970e-02;7.061921e-02;8.327514e-02;6.867704e-02;7.656097e-02;9.966323e-02;7.894904e-02;2.171915e-01
8.001196e-02;4.345391e-02;1.260198e-01;2.643176e-02;3.138220e-02;5.629667e-02;9.555259e-02;1.068538e-01;6.311493e-02;1.094628e-01;7.652419e-02;1.848954e-01
9.486604e-02;8.120446e-02;1.302676e-01;2.486043e-02;2.067895e-02;6.195002e-02;1.035462e-01;1.672769e-01;5.506255e-02;8.170206e-02;5.846895e-02;1.201158e-01
1.100502e-01;1.139804e-01;1.042699e-01;2.933910e-02;2.002980e-02;5.375555e-02;7.437803e-02;1.538861e-01;5.732118e-02;5.809056e-02;1.180383e-01;1.068609e-01
1.196414e-01;9.745613e-02;8.348271e-02;3.503923e-02;4.471739e-02;6.179322e-02;1.032284e-01;1.018944e-01;6.783950e-02;8.273096e-02;1.444744e-01;5.770233e-02
1.104925e-01;8.185062e-02;8.840042e-02;5.244452e-02;5.053703e-02;6.908312e-02;1.231079e-01;1.005563e-01;7.952163e-02;9.904394e-02;1.039761e-01;4.098586e-02
6.384034e-02;7.264066e-02;8.627124e-02;4.933007e-02;4.831386e-02;9.571136e-02;1.146360e-01;1.271759e-01;1.153139e-01;1.393156e-01;4.198417e-02;4.546691e-02
7.843353e-02;6.202502e-02;6.828976e-02;4.321456e-02;5.983314e-02;8.766631e-02;1.533443e-01;8.782259e-02;9.399542e-02;1.293160e-01;7.532159e-02;6.073786e-02
9.627376e-02;6.146653e-02;7.072050e-02;4.499364e-02;8.199111e-02;4.147233e-02;1.386692e-01;1.022173e-01;1.126740e-01;8.428811e-02;7.657140e-02;8.866212e-02
1.035389e-01;5.572248e-02;5.974654e-02;5.170694e-02;7.605245e-02;6.883267e-02;1.514397e-01;1.310643e-01;9.020224e-02;5.046768e-02;7.294039e-02;8.828560e-02
1.117405e-01;6.643473e-02;1.950750e-01;4.494570e-02;5.010284e-02;7.904846e-02;1.463140e-01;7.501098e-02;7.685018e-02;4.168646e-02;5.030986e-02;6.248131e-02
1.000692e-01;1.360057e-01;2.554542e-01;4.701504e-02;4.110282e-02;7.214690e-02;1.142788e-01;3.867260e-02;6.903663e-02;5.205366e-02;2.596973e-02;4.819469e-02
1.495588e-01;1.578852e-01;2.076106e-01;4.549092e-02;5.228727e-02;4.651684e-02;9.460441e-02;7.901377e-02;4.991945e-02;4.133101e-02;3.554239e-02;4.023927e-02
2.543176e-01;1.518465e-01;1.111917e-01;4.011072e-02;8.055126e-02;1.975127e-02;8.688877e-02;1.176704e-01;3.026970e-02;2.909136e-02;4.103413e-02;3.727664e-02
2.906621e-01;1.122804e-01;6.690227e-02;5.065002e-02;9.840936e-02;3.429700e-02;9.015702e-02;1.289453e-01;2.946266e-02;2.780985e-02;3.324807e-02;3.717594e-02
2.901241e-01;6.155869e-02;8.463974e-02;6.980185e-02;1.153054e-01;3.190378e-02;1.086834e-01;1.353904e-01;2.485548e-02;2.471714e-02;1.723032e-02;3.578967e-02
2.759942e-01;5.822001e-02;8.620872e-02;6.639362e-02;1.355476e-01;4.018420e-02;9.049403e-02;1.334568e-01;3.656949e-02;1.993592e-02;2.323896e-02;3.375635e-02
2.423282e-01;7.692368e-02;9.995406e-02;5.240086e-02;1.410129e-01;5.058982e-02;8.686067e-02;1.040132e-01;4.456422e-02;1.936375e-02;4.703014e-02;3.495840e-02
1.888635e-01;8.731183e-02;1.340965e-01;4.987871e-02;1.290299e-01;6.873289e-02;8.332671e-02;7.708389e-02;5.348781e-02;2.653510e-02;6.560554e-02;3.604754e-02
1.092830e-01;8.698395e-02;1.546675e-01;3.996833e-02;9.847760e-02;9.751393e-02;9.321380e-02;9.307337e-02;9.077388e-02;3.410350e-02;5.536064e-02;4.658043e-02
4.125821e-02;7.869351e-02;1.748493e-01;5.154271e-02;6.101498e-02;1.037838e-01;1.155360e-01;1.334076e-01;1.128172e-01;4.612849e-02;3.741151e-02;4.355670e-02
6.544028e-02;7.463970e-02;1.288511e-01;7.704010e-02;8.063925e-02;4.888888e-02;1.750149e-01;1.593639e-01;7.873844e-02;5.532685e-02;4.411175e-02;1.194477e-02
7.980050e-02;7.789668e-02;1.296154e-01;6.246320e-02;8.111219e-02;6.915609e-02;1.524291e-01;1.140305e-01;1.020937e-01;4.329684e-02;5.405375e-02;3.405203e-02
7.408984e-02;8.977549e-02;1.108877e-01;5.812626e-02;9.210467e-02;9.515643e-02;1.384617e-01;6.790230e-02;1.224737e-01;4.703952e-02;5.740872e-02;4.657373e-02
1.025969e-01;1.058443e-01;9.908007e-02;6.515547e-02;1.232770e-01;7.458672e-02;1.000911e-01;4.344962e-02;1.015576e-01;4.263401e-02;7.447752e-02;6.724958e-02
1.523112e-01;1.160911e-01;8.129181e-02;5.571844e-02;1.635038e-01;5.399567e-02;4.472645e-02;7.554782e-02;5.798808e-02;6.097596e-02;6.489764e-02;7.295202e-02
1.588646e-01;9.255265e-02;8.346999e-02;6.693422e-02;1.500091e-01;5.750873e-02;6.482068e-02;9.240671e-02;5.381053e-02;6.080498e-02;7.497269e-02;4.384508e-02
8.939981e-02;7.744473e-02;6.013519e-02;6.751887e-02;7.025762e-02;8.317191e-02;1.182581e-01;1.189151e-01;1.076615e-01;4.911723e-02;1.066442e-01;5.147566e-02
9.435312e-02;5.229981e-02;7.747389e-02;5.648900e-02;4.623499e-02;7.774112e-02;1.335225e-01;1.126204e-01;1.220722e-01;6.733740e-02;1.049814e-01;5.487423e-02
1.084482e-01;5.443112e-02;7.871719e-02;5.407472e-02;4.986173e-02;7.640722e-02;1.291302e-01;9.191984e-02;1.145810e-01;6.782049e-02;1.154399e-01;5.916835e-02
1.085702e-01;8.465803e-02;8.590534e-02;4.745700e-02;5.664031e-02;6.188675e-02;1.383213e-01;8.226559e-02;1.010451e-01;6.641079e-02;1.091884e-01;5.765120e-02
9.304217e-02;1.067201e-01;9.868436e-02;6.720933e-02;6.811205e-02;4.909105e-02;1.630860e-01;8.412880e-02;9.171159e-02;4.978030e-02;7.753989e-02;5.089433e-02
6.905131e-02;1.090887e-01;9.207039e-02;9.397391e-02;8.393747e-02;6.745102e-02;1.322249e-01;4.396747e-02;8.230776e-02;6.500705e-02;1.064647e-01;5.445531e-02
6.235769e-02;1.095556e-01;9.044283e-02;6.522013e-02;9.449647e-02;6.753206e-02;1.132692e-01;2.551687e-02;1.336134e-01;4.821322e-02;1.160558e-01;7.372675e-02
1.013027e-01;9.160849e-02;9.620053e-02;8.146875e-02;6.417810e-02;6.369281e-02;1.032744e-01;1.968137e-02;1.284923e-01;6.860171e-02;8.377154e-02;9.772728e-02
1.168282e-01;8.447219e-02;1.113002e-01;5.343033e-02;6.003227e-02;6.283859e-02;9.817155e-02;7.287995e-02;1.091538e-01;7.816780e-02;8.833350e-02;6.439168e-02
1.287574e-01;7.381525e-02;8.821671e-02;5.130055e-02;6.719289e-02;6.149961e-02;1.262985e-01;8.687824e-02;9.185091e-02;5.362325e-02;1.041066e-01;6.646019e-02
9.281523e-02;8.106681e-02;1.136433e-01;6.971695e-02;6.073615e-02;7.946721e-02;1.266447e-01;8.657684e-02;8.491834e-02;7.700561e-02;5.447209e-02;7.293677e-02
1.173688e-01;6.238591e-02;1.243156e-01;6.011429e-02;5.248823e-02;8.735207e-02;1.246462e-01;9.926789e-02;6.408301e-02;7.352889e-02;6.669600e-02;6.775314e-02
9.486654e-02;6.750371e-02;1.536588e-01;5.817873e-02;5.341528e-02;1.008291e-01;1.640756e-01;9.393898e-02;6.798322e-02;6.098107e-02;6.908719e-02;1.548183e-02
6.242091e-02;7.378098e-02;1.726295e-01;4.573549e-02;5.823069e-02;9.295434e-02;2.432549e-01;5.751963e-02;5.918662e-02;4.918287e-02;4.199861e-02;4.310549e-02
6.012107e-02;5.193739e-02;1.771139e-01;2.691073e-02;6.570736e-02;9.410352e-02;2.998868e-01;4.555304e-02;4.360709e-02;5.897658e-02;3.683555e-02;3.924702e-02
8.028502e-02;2.157583e-02;1.693367e-01;2.721962e-02;5.787418e-02;6.505907e-02;3.387752e-01;8.534110e-02;2.393957e-02;8.469015e-02;2.846061e-02;1.744297e-02
1.132186e-01;7.646506e-03;1.635771e-01;1.589571e-02;4.265888e-02;2.039459e-02;3.575422e-01;8.900113e-02;2.356832e-02;1.170493e-01;4.084501e-02;8.602667e-03
1.309948e-01;1.230345e-02;1.548507e-01;1.519127e-02;2.419806e-02;2.315869e-02;3.435720e-01;5.230693e-02;3.339498e-02;1.216333e-01;7.068399e-02;1.771187e-02
1.218529e-01;9.760275e-03;1.612466e-01;3.046785e-02;2.195814e-02;1.466730e-02;3.369973e-01;4.663713e-02;4.206229e-02;1.095171e-01;7.871436e-02;2.611873e-02
8.880544e-02;6.805179e-03;1.584940e-01;4.580642e-02;2.542781e-02;1.529916e-02;3.077506e-01;9.354022e-02;4.339734e-02;9.182271e-02;9.867429e-02;2.417683e-02
6.405305e-02;1.366384e-02;1.661708e-01;5.077505e-02;2.584490e-02;3.438765e-02;2.862467e-01;1.124375e-01;4.364583e-02;7.278865e-02;1.147762e-01;1.520980e-02
6.723880e-02;2.876653e-02;1.841717e-01;5.029310e-02;2.611382e-02;5.753685e-02;2.799246e-01;9.100161e-02;3.570284e-02;5.423876e-02;1.144101e-01;1.060132e-02
7.252929e-02;4.059387e-02;1.621656e-01;4.698575e-02;4.850501e-02;9.799135e-02;2.767170e-01;7.288756e-02;3.179612e-02;3.271655e-02;9.833398e-02;1.877791e-02
9.308259e-02;4.374529e-02;1.092502e-01;4.189925e-02;4.109135e-02;1.065467e-01;2.733475e-01;1.195926e-01;2.725133e-02;3.256716e-02;6.799925e-02;4.362676e-02
1.184576e-01;2.325237e-02;1.232468e-01;4.771258e-02;1.005785e-01;5.624621e-02;1.301373e-01;1.948125e-01;2.979399e-02;7.586164e-02;4.357613e-02;5.632434e-02
1.144308e-01;2.178033e-02;9.896579e-02;4.033247e-02;8.845275e-02;2.619622e-02;2.386044e-01;1.305282e-01;3.739625e-02;7.081757e-02;7.935502e-02;5.314026e-02
1.294199e-01;3.653803e-02;8.199450e-02;3.945272e-02;5.878908e-02;5.567389e-02;2.391014e-01;1.139174e-01;4.685109e-02;8.358495e-02;8.154334e-02;3.313370e-02
1.281078e-01;8.024377e-02;9.423815e-02;4.291509e-02;5.673302e-02;7.519596e-02;9.551100e-02;1.023954e-01;7.437955e-02;1.130023e-01;7.376085e-02;6.351709e-02
1.281074e-01;7.110858e-02;1.028045e-01;4.629911e-02;7.165269e-02;6.714870e-02;7.085282e-02;8.875344e-02;6.364183e-02;1.007450e-01;1.093038e-01;7.958214e-02
1.346792e-01;1.050192e-01;1.337684e-01;4.814811e-02;6.297603e-02;5.030379e-02;1.476493e-01;5.446669e-02;4.069068e-02;7.033976e-02;1.111367e-01;4.082210e-02
1.144629e-01;1.028975e-01;2.341048e-01;5.070977e-02;4.806629e-02;3.560342e-02;1.430119e-01;3.033538e-02;3.554869e-02;5.989801e-02;1.041089e-01;4.125248e-02
8.017363e-02;6.702480e-02;3.147544e-01;6.523900e-02;4.606976e-02;2.683760e-02;1.025477e-01;4.022904e-02;2.717897e-02;6.294270e-02;1.145738e-01;5.242866e-02
5.147947e-02;2.135212e-02;3.590972e-01;6.957379e-02;4.219424e-02;3.160457e-02;1.077434e-01;5.005796e-02;2.867535e-02;7.708834e-02;1.028671e-01;5.826643e-02
5.258883e-02;4.399662e-02;3.140050e-01;5.599859e-02;3.639452e-02;4.796077e-02;1.450772e-01;5.899289e-02;3.709830e-02;7.566198e-02;7.172448e-02;6.050083e-02
6.545628e-02;7.753538e-02;1.530453e-01;4.519371e-02;6.368876e-02;8.920649e-02;1.954173e-01;7.185259e-02;5.471472e-02;5.136155e-02;6.131181e-02;7.121606e-02
7.665467e-02;8.402578e-02;2.511905e-01;4.205043e-02;6.167182e-02;8.348470e-02;1.266754e-01;5.378809e-02;5.665646e-02;3.677689e-02;7.383003e-02;5.319527e-02
5.907877e-02;6.497964e-02;2.923672e-01;3.828532e-02;6.109366e-02;6.637931e-02;1.153086e-01;3.625045e-02;6.283347e-02;3.882254e-02;1.063224e-01;5.827874e-02
5.013433e-02;4.145730e-02;2.089845e-01;4.633915e-02;6.842992e-02;5.397947e-02;2.113136e-01;4.666058e-02;6.450599e-02;3.721751e-02;1.075667e-01;6.341097e-02
4.575511e-02;4.317015e-02;1.353934e-01;4.737850e-02;4.775183e-02;3.618523e-02;1.882825e-01;7.446225e-02;9.553673e-02;9.721874e-02;1.037396e-01;8.512590e-02
5.478639e-02;6.741884e-02;1.253797e-01;5.417609e-02;5.541174e-02;5.924550e-02;7.745814e-02;1.197519e-01;1.244958e-01;1.021136e-01;8.710730e-02;7.265502e-02
5.145250e-02;6.940231e-02;9.167054e-02;6.346293e-02;5.259603e-02;5.390840e-02;1.197039e-01;1.476491e-01;1.044680e-01;8.889026e-02;9.558614e-02;6.120988e-02
5.520508e-02;6.295515e-02;7.895971e-02;5.368347e-02;4.345779e-02;3.965656e-02;2.434071e-01;1.361374e-01;8.256369e-02;7.827052e-02;8.654568e-02;3.915790e-02
4.973075e-02;5.858034e-02;7.157706e-02;4.649221e-02;3.059478e-02;5.401788e-02;2.925796e-01;9.850220e-02;7.829929e-02;1.172922e-01;6.635491e-02;3.597882e-02
6.257533e-02;7.005452e-02;7.512800e-02;4.803415e-02;4.672512e-02;7.741660e-02;2.155618e-01;9.018301e-02;7.837573e-02;1.154780e-01;7.568906e-02;4.477860e-02
7.041107e-02;9.287910e-02;1.189963e-01;4.432650e-02;6.333987e-02;8.656769e-02;1.469353e-01;7.155249e-02;7.072944e-02;1.147238e-01;9.086151e-02;2.867691e-02
8.693686e-02;7.787728e-02;1.451841e-01;5.127210e-02;6.574680e-02;7.504395e-02;1.372401e-01;5.730313e-02;5.518695e-02;1.224207e-01;9.622025e-02;2.956773e-02
9.323829e-02;5.613518e-02;1.365735e-01;5.260336e-02;7.793850e-02;6.888647e-02;1.493913e-01;6.178085e-02;6.930821e-02;9.965175e-02;7.585306e-02;5.863959e-02
8.570361e-02;6.542013e-02;1.351083e-01;6.411950e-02;1.043156e-01;4.907432e-02;1.155682e-01;8.553142e-02;7.178850e-02;8.090340e-02;7.953522e-02;6.293178e-02
6.817982e-02;5.751360e-02;1.410379e-01;7.475112e-02;1.250429e-01;4.244812e-02;8.509948e-02;8.490188e-02;1.095088e-01;1.074293e-01;6.369165e-02;4.039549e-02
6.941581e-02;6.151516e-02;1.173846e-01;7.109337e-02;1.294938e-01;5.132943e-02;1.155009e-01;5.942703e-02;1.309658e-01;1.020360e-01;3.502583e-02;5.681239e-02
8.784867e-02;4.427749e-02;1.006153e-01;5.025867e-02;7.059780e-02;7.488687e-02;1.447807e-01;7.072642e-02;1.021712e-01;9.181771e-02;7.506455e-02;8.695463e-02
6.778599e-02;5.728609e-02;8.923475e-02;6.922673e-02;6.379695e-02;8.809000e-02;1.377051e-01;8.227581e-02;6.355961e-02;9.721018e-02;8.976413e-02;9.406459e-02
8.108296e-02;7.247941e-02;8.878765e-02;6.211872e-02;4.685181e-02;8.898817e-02;1.174854e-01;7.076615e-02;7.208273e-02;9.858927e-02;1.031836e-01;9.758406e-02
9.849540e-02;7.320818e-02;7.712505e-02;5.995746e-02;5.087067e-02;8.297712e-02;8.016201e-02;6.035220e-02;1.052043e-01;8.919947e-02;1.228354e-01;9.961273e-02
1.162601e-01;6.446981e-02;8.606328e-02;6.485693e-02;5.950123e-02;6.853636e-02;5.996250e-02;5.259117e-02;1.116282e-01;5.936670e-02;1.429904e-01;1.137734e-01
9.317623e-02;5.441317e-02;1.325023e-01;4.987864e-02;4.857992e-02;5.438808e-02;6.176235e-02;8.290974e-02;1.205601e-01;4.502644e-02;1.289553e-01;1.278477e-01
4.995506e-02;4.406742e-02;8.900419e-02;5.645127e-02;5.001013e-02;3.136930e-02;1.741551e-01;1.374939e-01;1.053369e-01;9.747528e-02;9.171481e-02;7.296663e-02
5.088338e-02;6.009251e-02;1.512446e-01;5.756714e-02;4.465320e-02;5.593319e-02;1.756582e-01;1.076357e-01;8.574141e-02;8.981118e-02;7.128749e-02;4.949210e-02
5.693565e-02;5.944072e-02;1.612088e-01;6.437152e-02;6.124431e-02;8.312289e-02;1.341537e-01;9.976896e-02;6.803222e-02;6.823581e-02;8.965449e-02;5.383094e-02
1.005481e-01;5.141275e-02;1.102483e-01;5.281861e-02;1.049234e-01;9.123768e-02;9.216658e-02;1.272046e-01;7.031546e-02;4.159761e-02;1.102985e-01;4.722848e-02
1.186492e-01;3.372155e-02;7.023735e-02;5.362227e-02;1.068595e-01;6.991006e-02;9.381515e-02;1.723525e-01;7.936998e-02;7.689538e-02;8.553638e-02;3.903060e-02
1.053365e-01;2.633373e-02;5.382413e-02;7.267904e-02;7.584274e-02;4.306472e-02;1.508303e-01;1.915468e-01;7.964139e-02;1.107750e-01;4.893797e-02;4.118771e-02
7.322804e-02;3.276682e-02;5.653513e-02;8.679298e-02;4.504782e-02;3.454903e-02;1.965797e-01;1.582644e-01;6.730647e-02;1.412446e-01;5.049142e-02;5.719357e-02
5.496049e-02;4.765914e-02;5.169081e-02;9.849371e-02;3.039764e-02;3.589303e-02;2.467024e-01;9.424043e-02;4.277791e-02;1.672729e-01;6.007453e-02;6.983699e-02
5.233698e-02;5.818581e-02;5.522659e-02;1.027054e-01;3.272263e-02;4.203890e-02;2.576536e-01;3.436017e-02;3.147893e-02;1.809408e-01;7.138900e-02;8.096118e-02
4.304444e-02;6.983232e-02;7.137664e-02;1.038610e-01;3.011134e-02;3.988479e-02;2.428260e-01;5.274094e-02;5.002603e-02;1.586923e-01;5.339121e-02;8.421297e-02
4.382657e-02;8.144771e-02;1.104474e-01;9.204905e-02;4.540958e-02;3.557071e-02;2.225926e-01;6.082407e-02;7.676623e-02;9.153210e-02;4.962384e-02;8.991011e-02
4.303274e-02;6.849524e-02;1.200202e-01;6.663433e-02;5.611044e-02;5.910061e-02;2.222517e-01;5.864398e-02;1.038033e-01;5.614389e-02;6.317440e-02;8.258922e-02
3.945029e-02;3.282457e-02;1.278341e-01;7.958928e-02;6.656738e-02;8.151645e-02;2.442747e-01;5.914974e-02;8.396710e-02;8.421035e-02;4.175860e-02;5.885743e-02
1.857420e-02;2.521666e-02;9.653272e-02;7.241504e-02;4.973245e-02;7.885841e-02;3.502200e-01;3.816006e-02;7.803885e-02;8.288965e-02;4.435898e-02;6.500300e-02
1.228939e-02;1.858503e-02;7.979453e-02;5.311287e-02;6.329454e-02;7.562725e-02;3.880562e-01;6.025566e-02;8.206566e-02;6.158107e-02;4.457599e-02;6.076178e-02
1.660119e-02;2.901790e-02;5.890779e-02;4.299749e-02;5.580584e-02;6.372798e-02;4.504112e-01;7.286546e-02;6.945166e-02;4.191128e-02;3.855750e-02;5.974469e-02
2.459321e-02;3.886288e-02;3.911481e-02;2.482174e-02;4.247091e-02;7.182373e-02;4.951936e-01;5.146336e-02;7.226223e-02;4.414515e-02;4.014378e-02;5.510457e-02
4.119824e-02;2.992343e-02;4.791351e-02;5.895605e-02;3.923955e-02;5.772964e-02;4.583635e-01;4.122787e-02;6.372334e-02;6.738352e-02;4.600352e-02;4.833786e-02
4.267920e-02;2.407462e-02;6.032839e-02;9.056612e-02;3.409659e-02;4.446397e-02;4.321794e-01;3.772385e-02;3.852678e-02;7.426259e-02;6.443985e-02;5.665861e-02
4.961349e-02;3.168944e-02;6.429027e-02;9.496386e-02;4.563973e-02;3.571581e-02;3.791051e-01;4.727065e-02;3.634143e-02;7.316881e-02;7.949796e-02;6.270347e-02
6.079720e-02;3.708619e-02;7.889748e-02;8.655357e-02;5.327647e-02;3.074362e-02;3.365414e-01;6.707219e-02;3.951767e-02;7.248826e-02;7.977685e-02;5.724908e-02
7.941932e-02;3.452780e-02;7.067417e-02;9.283198e-02;5.263688e-02;3.677316e-02;3.437708e-01;6.842687e-02;3.526498e-02;6.073108e-02;6.761914e-02;5.732381e-02
9.180120e-02;1.727158e-02;4.210809e-02;9.490081e-02;5.108871e-02;6.288679e-02;3.547734e-01;6.838170e-02;3.770909e-02;5.554129e-02;5.293034e-02;7.060699e-02
1.148654e-01;4.078093e-02;4.610517e-02;7.845172e-02;5.605320e-02;9.324215e-02;3.087811e-01;7.015072e-02;3.116663e-02;6.473726e-02;2.862476e-02;6.704096e-02
1.171383e-01;4.760944e-02;8.927346e-02;7.610985e-02;5.649656e-02;1.025198e-01;2.670422e-01;6.833615e-02;2.123364e-02;7.151767e-02;3.036678e-02;5.235603e-02
1.164333e-01;4.399248e-02;7.470097e-02;8.843352e-02;5.723080e-02;1.049541e-01;2.714552e-01;7.450341e-02;3.639880e-02;6.786297e-02;2.370782e-02;4.032653e-02
1.366392e-01;3.341403e-02;5.167376e-02;9.172520e-02;5.751135e-02;1.037918e-01;2.717911e-01;7.507507e-02;4.872498e-02;6.734199e-02;1.690367e-02;4.540792e-02
1.571068e-01;3.335953e-02;5.940914e-02;7.930809e-02;4.991170e-02;9.154049e-02;2.702546e-01;7.390963e-02;5.083913e-02;5.823697e-02;2.454743e-02;5.157655e-02
1.945955e-01;4.747112e-02;6.138151e-02;5.739280e-02;4.265419e-02;5.885695e-02;2.984769e-01;8.217675e-02;4.088390e-02;4.643632e-02;2.225185e-02;4.742226e-02
2.300350e-01;6.675797e-02;8.309875e-02;3.891081e-02;3.910516e-02;2.779592e-02;2.793255e-01;9.234511e-02;2.355435e-02;4.768433e-02;2.210708e-02;4.928002e-02
2.685458e-01;9.701693e-02;8.586055e-02;3.456069e-02;4.130387e-02;2.097948e-02;2.045975e-01;9.577449e-02;1.702208e-02;5.813789e-02;2.502975e-02;5.117098e-02
2.961262e-01;1.095908e-01;8.504467e-02;4.319075e-02;5.087139e-02;2.880434e-02;1.373901e-01;9.957029e-02;1.480629e-02;5.867027e-02;2.827302e-02;4.766195e-02
2.999192e-01;9.742970e-02;9.094686e-02;5.095547e-02;6.287609e-02;4.073325e-02;1.085577e-01;9.243509e-02;2.107974e-02;4.641731e-02;4.110862e-02;4.754096e-02
2.989297e-01;8.957847e-02;8.623740e-02;4.530998e-02;6.780100e-02;4.724081e-02;1.104047e-01;8.068866e-02;2.668875e-02;3.683705e-02;5.443609e-02;5.584739e-02
2.670554e-01;1.069659e-01;6.910743e-02;2.677618e-02;6.364308e-02;1.095115e-01;1.091312e-01;5.528406e-02;3.982456e-02;2.863011e-02;6.652292e-02;5.754767e-02
2.407199e-01;1.350895e-01;5.602430e-02;1.229078e-02;5.351079e-02;1.417600e-01;1.080795e-01;3.895766e-02;4.268789e-02;3.177530e-02;8.168671e-02;5.741776e-02
2.206201e-01;1.702318e-01;7.537504e-02;1.223202e-02;4.321342e-02;1.196013e-01;9.723106e-02;3.845001e-02;4.100376e-02;4.324483e-02;8.759072e-02;5.120587e-02
2.132282e-01;2.082820e-01;9.193173e-02;1.380861e-02;3.580154e-02;7.521409e-02;8.849068e-02;4.448228e-02;4.200551e-02;5.555435e-02;9.235246e-02;3.884861e-02
2.207787e-01;2.265214e-01;9.155872e-02;1.768229e-02;3.367214e-02;4.590307e-02;7.199411e-02;4.688831e-02;4.896899e-02;6.111353e-02;9.480090e-02;4.011793e-02
2.244945e-01;2.273897e-01;8.083737e-02;1.885666e-02;3.190254e-02;4.437301e-02;6.731883e-02;4.568103e-02;5.687346e-02;6.701229e-02;1.048275e-01;3.043320e-02
2.174449e-01;2.240147e-01;8.999503e-02;2.208973e-02;2.783141e-02;4.199228e-02;5.684436e-02;4.165735e-02;7.898349e-02;7.908092e-02;1.015893e-01;1.847648e-02
1.941511e-01;1.994456e-01;1.124595e-01;2.803136e-02;3.053420e-02;5.036028e-02;5.340211e-02;3.084169e-02;9.550550e-02;1.057131e-01;7.304063e-02;2.651501e-02
1.713884e-01;1.635106e-01;1.351116e-01;2.920838e-02;3.702620e-02;5.267410e-02;9.411704e-02;3.611215e-02;8.912200e-02;1.109252e-01;4.667124e-02;3.413297e-02
1.585441e-01;1.379481e-01;1.291221e-01;3.170072e-02;4.949898e-02;6.876360e-02;1.450242e-01;3.270186e-02;8.097158e-02;8.731230e-02;4.049732e-02;3.791513e-02
1.258025e-01;1.233903e-01;1.064697e-01;3.885145e-02;7.067993e-02;9.463014e-02;1.650861e-01;2.195891e-02;6.488765e-02;5.478928e-02;8.745477e-02;4.599935e-02
5.613205e-02;9.058329e-02;1.302204e-01;5.799150e-02;8.140206e-02;1.038210e-01;9.806558e-02;5.802671e-02;6.964214e-02;1.157392e-01;9.933928e-02;3.903677e-02
7.046258e-02;1.012160e-01;1.986165e-01;6.122521e-02;6.145276e-02;9.882679e-02;6.815533e-02;6.948318e-02;8.752669e-02;9.428746e-02;5.659888e-02;3.214854e-02
8.859538e-02;1.206306e-01;2.035682e-01;4.996479e-02;6.148073e-02;9.032579e-02;1.021940e-01;7.626478e-02;9.702451e-02;6.727827e-02;2.583788e-02;1.683504e-02
1.081604e-01;1.343974e-01;1.969632e-01;4.775147e-02;6.660011e-02;6.814929e-02;1.014873e-01;6.146665e-02;9.869948e-02;5.509316e-02;4.519870e-02;1.603278e-02
1.132376e-01;1.111490e-01;2.019129e-01;5.590696e-02;6.854432e-02;5.945908e-02;1.110612e-01;5.006662e-02;8.084321e-02;6.022334e-02;6.237513e-02;2.522063e-02
1.036012e-01;8.207916e-02;1.914355e-01;6.779347e-02;6.953800e-02;6.695615e-02;1.251743e-01;4.751593e-02;7.444072e-02;5.401829e-02;7.540814e-02;4.203911e-02
6.273171e-02;8.371089e-02;1.877871e-01;7.198516e-02;5.958029e-02;6.652247e-02;1.531618e-01;5.169817e-02;8.656979e-02;4.851291e-02;6.319696e-02;6.454271e-02
4.807276e-02;1.318840e-01;1.993355e-01;6.726088e-02;6.553183e-02;3.941089e-02;1.493758e-01;3.374751e-02;9.769498e-02;6.261237e-02;4.272638e-02;6.234714e-02
9.569445e-02;1.567493e-01;1.271734e-01;7.400272e-02;7.505374e-02;5.106591e-02;1.843348e-01;3.017437e-02;8.163147e-02;4.312196e-02;3.764360e-02;4.335424e-02
8.855324e-02;1.193852e-01;1.191445e-01;9.858610e-02;6.034594e-02;3.896865e-02;1.631814e-01;7.042705e-02;9.161229e-02;5.709024e-02;5.579798e-02;3.690747e-02
1.045900e-01;6.709162e-02;9.782460e-02;1.158616e-01;7.296183e-02;5.076832e-02;1.111014e-01;6.525282e-02;7.760818e-02;7.634729e-02;1.059669e-01;5.462544e-02
9.385875e-02;7.239697e-02;1.490534e-01;9.384406e-02;8.198822e-02;5.711886e-02;1.059743e-01;4.430083e-02;4.526148e-02;5.923367e-02;1.386818e-01;5.828764e-02
6.632842e-02;8.161522e-02;1.715347e-01;7.148410e-02;6.004841e-02;4.832260e-02;9.055175e-02;5.740780e-02;9.158532e-02;4.929887e-02;1.116248e-01;1.001980e-01
7.610933e-02;7.138820e-02;1.393744e-01;5.808049e-02;8.455498e-02;5.960732e-02;1.119573e-01;6.061604e-02;1.136766e-01;4.478379e-02;8.025718e-02;9.959426e-02
1.156120e-01;6.494394e-02;1.246835e-01;5.931354e-02;8.210386e-02;8.128863e-02;1.351227e-01;5.069375e-02;8.564581e-02;4.901955e-02;6.089185e-02;9.068096e-02
1.095225e-01;6.318749e-02;1.366325e-01;4.362139e-02;5.853221e-02;7.571239e-02;1.198853e-01;7.081718e-02;8.127140e-02;4.671790e-02;6.907482e-02;1.250249e-01
1.024837e-01;7.431415e-02;9.080976e-02;6.176331e-02;5.471075e-02;6.209971e-02;1.073607e-01;1.182472e-01;5.364053e-02;6.482530e-02;9.255390e-02;1.171910e-01
9.302653e-02;6.578581e-02;8.853246e-02;8.048627e-02;4.576301e-02;6.730427e-02;6.277000e-02;1.249792e-01;8.534414e-02;7.540155e-02;1.170980e-01;9.350877e-02
1.004409e-01;6.302851e-02;7.238943e-02;4.742463e-02;5.142945e-02;8.726049e-02;1.109578e-01;9.890012e-02;1.345831e-01;6.265771e-02;9.512921e-02;7.579865e-02
6.980609e-02;4.543696e-02;8.153229e-02;4.300557e-02;6.721644e-02;9.635576e-02;1.629583e-01;1.167196e-01;1.246325e-01;5.804693e-02;6.714146e-02;6.714815e-02
5.550725e-02;3.231321e-02;9.530506e-02;4.072291e-02;5.973171e-02;1.123835e-01;1.541982e-01;1.410296e-01;1.379384e-01;5.741329e-02;6.107691e-02;5.237981e-02
6.609935e-02;3.684181e-02;1.321093e-01;3.376224e-02;5.578204e-02;1.121573e-01;1.696562e-01;1.148452e-01;1.381327e-01;7.119942e-02;4.052467e-02;2.888974e-02
7.150992e-02;4.554288e-02;1.100857e-01;2.846994e-02;5.152841e-02;1.103522e-01;2.079669e-01;1.009905e-01;1.348068e-01;3.713848e-02;4.759934e-02;5.400885e-02
