1.073861e-01;1.069141e-01;4.199528e-02;6.182011e-02;4.094149e-02;5.818617e-02;1.632752e-01;1.613250e-01;4.021475e-02;6.086364e-02;1.140576e-01;4.302062e-02
9.225686e-02;5.708819e-02;3.110700e-02;3.648572e-02;4.031757e-02;5.194401e-02;1.353020e-01;1.778547e-01;5.230072e-02;5.077759e-02;2.213762e-01;5.318949e-02
7.538658e-02;5.541411e-02;3.106594e-02;2.100460e-02;3.634174e-02;3.529122e-02;1.352884e-01;1.960976e-01;7.138962e-02;5.127566e-02;2.379039e-01;5.354070e-02
1.047137e-01;7.913525e-02;3.864459e-02;2.401657e-02;4.947104e-02;6.257589e-02;2.104168e-01;1.970748e-01;5.987332e-02;4.656197e-02;6.934282e-02;5.817321e-02
8.751383e-02;6.345505e-02;2.998804e-02;2.044319e-02;6.040720e-02;5.681153e-02;1.937202e-01;1.828256e-01;4.980652e-02;4.222625e-02;1.584692e-01;5.433337e-02
6.504542e-02;6.091828e-02;2.804869e-02;4.128668e-02;5.950269e-02;6.419115e-02;1.333904e-01;1.600115e-01;4.723173e-02;4.861205e-02;2.389611e-01;5.280017e-02
1.393618e-01;6.448732e-02;5.496615e-02;3.635681e-02;4.906421e-02;8.485612e-02;1.293028e-01;1.419600e-01;5.564927e-02;5.488713e-02;1.388795e-01;5.022899e-02
1.535003e-01;5.080478e-02;5.810163e-02;5.211648e-02;4.705970e-02;4.643695e-02;1.472517e-01;1.510640e-01;7.030080e-02;5.153202e-02;1.228505e-01;4.898103e-02
1.493208e-01;6.519014e-02;4.621995e-02;6.902567e-02;4.566010e-02;4.551208e-02;1.621501e-01;1.422199e-01;6.809763e-02;5.139694e-02;1.364992e-01;1.870747e-02
1.069384e-01;1.101971e-01;4.403852e-02;5.458976e-02;3.795499e-02;2.852414e-02;1.612761e-01;1.583068e-01;4.461116e-02;5.113719e-02;1.594447e-01;4.298100e-02
8.637697e-02;1.190863e-01;4.772239e-02;4.777224e-02;3.262962e-02;5.924484e-02;1.520331e-01;1.677021e-01;3.672932e-02;5.845378e-02;1.623599e-01;2.988944e-02
1.488587e-01;1.052333e-01;1.916440e-02;9.346399e-03;1.885829e-02;5.360951e-02;1.568995e-01;1.361838e-01;6.060350e-02;5.513590e-02;1.807117e-01;5.539510e-02
1.126642e-01;8.629628e-02;2.070415e-02;2.337213e-02;1.821054e-02;4.866155e-02;1.784051e-01;1.421531e-01;4.461619e-02;5.649415e-02;2.233608e-01;4.506191e-02
8.122637e-02;7.131302e-02;1.668933e-02;2.614237e-02;3.975983e-02;3.913790e-02;1.781048e-01;1.487465e-01;3.943121e-02;8.261498e-02;2.408600e-01;3.597381e-02
4.526582e-02;4.735463e-02;1.142617e-02;2.390479e-02;8.633801e-02;2.602841e-02;1.287504e-01;1.345445e-01;4.584514e-02;1.872964e-01;2.352378e-01;2.800797e-02
3.987197e-02;4.806505e-02;7.690632e-03;2.194002e-02;1.307952e-01;1.938654e-02;5.104945e-02;8.172845e-02;5.170442e-02;2.684684e-01;2.570616e-01;2.223830e-02
3.716249e-02;4.338198e-02;6.986254e-03;2.495700e-02;1.469659e-01;1.731115e-02;5.661801e-02;7.595672e-02;4.477331e-02;2.462817e-01;2.779156e-01;2.168990e-02
4.258163e-02;4.120026e-02;5.197723e-03;1.852043e-02;1.642778e-01;2.326575e-02;6.626838e-02;8.731879e-02;3.145286e-02;1.950997e-01;3.064077e-01;1.840907e-02
5.115290e-02;4.451244e-02;1.164353e-02;2.585594e-02;1.470630e-01;1.906870e-02;9.953675e-02;1.387748e-01;3.856964e-02;1.256275e-01;2.854659e-01;1.272888e-02
5.776881e-02;5.035681e-02;1.659051e-02;6.397088e-02;9.627812e-02;1.760346e-02;1.621861e-01;2.043082e-01;5.503388e-02;6.923620e-02;1.993741e-01;7.292983e-03
5.085387e-02;3.986266e-02;1.380736e-02;8.920925e-02;6.187389e-02;1.979298e-02;1.773717e-01;3.005570e-01;6.893478e-02;3.700266e-02;1.318371e-01;8.896699e-03
1.918388e-02;2.227252e-02;2.085752e-02;6.421618e-02;6.050369e-02;2.727782e-02;1.870896e-01;3.761001e-01;7.441469e-02;4.533284e-02;8.692452e-02;1.582670e-02
1.842290e-02;1.790136e-02;2.594275e-02;4.179394e-02;5.117087e-02;4.596285e-02;2.393772e-01;4.035473e-01;6.598102e-02;4.484230e-02;2.675756e-02;1.830000e-02
1.819133e-02;4.478313e-02;2.416352e-02;7.422655e-02;4.199539e-02;4.240074e-02;2.598077e-01;2.850503e-01;6.833825e-02;5.500427e-02;6.832308e-02;1.771577e-02
4.757147e-02;4.423864e-02;1.348479e-02;6.944701e-02;4.848214e-02;3.099993e-02;2.240923e-01;1.448653e-01;6.657621e-02;7.999945e-02;2.133029e-01;1.693977e-02
6.680580e-02;3.464494e-02;4.828511e-03;1.935849e-02;6.842583e-02;2.266732e-02;1.209262e-01;1.301894e-01;3.799764e-02;9.181252e-02;3.924325e-01;9.910884e-03
6.192055e-02;2.453057e-02;3.973716e-03;1.031735e-02;6.549753e-02;1.675894e-02;5.564328e-02;1.189572e-01;2.577856e-02;9.774873e-02;5.090525e-01;9.821097e-03
6.606591e-02;3.214324e-02;3.634691e-03;1.075601e-02;5.076781e-02;1.509571e-02;4.708204e-02;1.030137e-01;2.527777e-02;1.038970e-01;5.333104e-01;8.955753e-03
7.474060e-02;2.767062e-02;4.201687e-03;6.397751e-03;4.083445e-02;1.494498e-02;8.545515e-02;1.388368e-01;3.032478e-02;1.164232e-01;4.485389e-01;1.163120e-02
9.804450e-02;2.571734e-02;1.039542e-02;1.956845e-02;4.498074e-02;1.785487e-02;1.843875e-01;2.098332e-01;4.048138e-02;1.315759e-01;2.057762e-01;1.138438e-02
4.508653e-02;1.983835e-02;1.184644e-02;2.320607e-02;7.072366e-02;2.356381e-02;1.906859e-01;1.595692e-01;4.663457e-02;1.228313e-01;2.694275e-01;1.658672e-02
4.751639e-02;1.729845e-02;1.423355e-02;2.277021e-02;4.322287e-02;1.476576e-02;1.821461e-01;8.890904e-02;4.726122e-02;1.133386e-01;4.031062e-01;5.431668e-03
4.725429e-02;2.252007e-02;1.569802e-02;1.866213e-02;5.982257e-02;1.668103e-02;1.444237e-01;3.521838e-02;4.066085e-02;1.317893e-01;4.584062e-01;8.863397e-03
4.566368e-02;2.202772e-02;1.458178e-02;1.550785e-02;7.187487e-02;2.686857e-02;1.438829e-01;9.455113e-02;3.582928e-02;1.293646e-01;3.905674e-01;9.280261e-03
5.216342e-02;1.822108e-02;1.646187e-02;3.138083e-02;6.522944e-02;2.811257e-02;1.696976e-01;1.388306e-01;4.784174e-02;1.107288e-01;3.111666e-01;1.016543e-02
6.292319e-02;1.448068e-02;1.703965e-02;4.867074e-02;6.781509e-02;2.671885e-02;1.987127e-01;1.600745e-01;8.028259e-02;9.967776e-02;2.115895e-01;1.201481e-02
7.043236e-02;1.311976e-02;2.314030e-02;7.170653e-02;5.062278e-02;1.753115e-02;1.990768e-01;1.986466e-01;1.263329e-01;8.295275e-02;1.369379e-01;9.500268e-03
7.485294e-02;1.834580e-02;2.748443e-02;8.484193e-02;3.787247e-02;1.396327e-02;2.021622e-01;2.402665e-01;1.450963e-01;5.945916e-02;8.988616e-02;5.768792e-03
6.355739e-02;1.407735e-02;3.441693e-02;8.812042e-02;2.405245e-02;9.167993e-03;2.009832e-01;2.993879e-01;1.360328e-01;4.949606e-02;7.478379e-02;5.923795e-03
5.788204e-02;2.720279e-02;4.189987e-02;7.148168e-02;1.165853e-02;2.583749e-02;2.349719e-01;3.476461e-01;1.001303e-01;3.577413e-02;2.973756e-02;1.577754e-02
5.988694e-02;6.649590e-02;3.559503e-02;4.631273e-02;1.109897e-02;4.549732e-02;2.794334e-01;3.238432e-01;5.101100e-02;2.469007e-02;3.691441e-02;1.922094e-02
7.667982e-02;6.862351e-02;2.605934e-02;4.085816e-02;1.580430e-02;4.052840e-02;2.876434e-01;3.006800e-01;5.297536e-02;3.267512e-02;4.487616e-02;1.259649e-02
7.868790e-02;4.072830e-02;1.095248e-02;3.529734e-02;1.406771e-02;2.137381e-02;2.625062e-01;2.864846e-01;7.976932e-02;5.781252e-02;1.078817e-01;4.438037e-03
5.502079e-02;1.769905e-02;1.238153e-02;3.488872e-02;1.212963e-02;1.825852e-02;2.935630e-01;2.867456e-01;1.017658e-01;8.977771e-02;7.039446e-02;7.375174e-03
4.094040e-02;2.864039e-02;1.532336e-02;4.228439e-02;8.795298e-03;2.349058e-02;3.250496e-01;2.529654e-01;1.016286e-01;1.040000e-01;4.474676e-02;1.213514e-02
6.684679e-02;3.607123e-02;1.207741e-02;5.485622e-02;1.164087e-02;1.456516e-02;2.802528e-01;1.790882e-01;9.006771e-02;1.041278e-01;1.376555e-01;1.275026e-02
8.717272e-02;4.026161e-02;1.264455e-02;7.217336e-02;1.719086e-02;1.540572e-02;2.297525e-01;1.098786e-01;8.356774e-02;9.972807e-02;2.172425e-01;1.498170e-02
7.678687e-02;2.857713e-02;1.537887e-02;8.369604e-02;3.691627e-02;1.352029e-02;2.246857e-01;1.544424e-01;9.396201e-02;1.032455e-01;1.598653e-01;8.923617e-03
8.774503e-02;1.869094e-02;2.343233e-02;6.021157e-02;4.673233e-02;2.222764e-02;2.189534e-01;1.533177e-01;8.964235e-02;1.216193e-01;1.493042e-01;8.123262e-03
6.670455e-02;3.054088e-02;2.623548e-02;3.341142e-02;4.583436e-02;2.009382e-02;2.041006e-01;1.228274e-01;6.584781e-02;1.290914e-01;2.368403e-01;1.847200e-02
6.509423e-02;5.579790e-02;1.671822e-02;2.580943e-02;6.024382e-02;1.829361e-02;1.207088e-01;9.056171e-02;4.616771e-02;1.483102e-01;3.262471e-01;2.604722e-02
5.237757e-02;6.903534e-02;9.651507e-03;1.116486e-02;6.515942e-02;1.109713e-02;9.825948e-02;8.395129e-02;3.768381e-02;1.464244e-01;3.929790e-01;2.221623e-02
5.807986e-02;7.818553e-02;7.395965e-03;8.566036e-03;5.583481e-02;1.190577e-02;7.389712e-02;5.067028e-02;3.576344e-02;1.293150e-01;4.770536e-01;1.333255e-02
6.405378e-02;5.269950e-02;1.179847e-02;7.909941e-03;3.315347e-02;1.491870e-02;4.434745e-02;4.771316e-02;2.583457e-02;1.077218e-01;5.825968e-01;7.252460e-03
8.414627e-02;4.569438e-02;1.315943e-02;9.767175e-03;2.251714e-02;1.285212e-02;4.620413e-02;4.432929e-02;2.297481e-02;1.125365e-01;5.788214e-01;6.997395e-03
1.126855e-01;5.159348e-02;9.646008e-03;1.898959e-02;2.774174e-02;1.334689e-02;6.364331e-02;9.060247e-02;2.813750e-02;1.377631e-01;4.393903e-01;6.460092e-03
1.115487e-01;3.367256e-02;9.495729e-03;3.354689e-02;3.338165e-02;2.029834e-02;8.065830e-02;1.002988e-01;4.918643e-02;2.028733e-01;3.146165e-01;1.042284e-02
7.604856e-02;2.672753e-02;9.831793e-03;4.972792e-02;2.437305e-02;2.725514e-02;1.674907e-01;1.873100e-01;8.788682e-02;2.054974e-01;1.313997e-01;6.451424e-03
7.845175e-02;4.285817e-02;1.368917e-02;5.056220e-02;2.061142e-02;3.402647e-02;1.801442e-01;2.320420e-01;9.140745e-02;1.817783e-01;6.612390e-02;8.304960e-03
9.887110e-02;5.821690e-02;2.976096e-02;4.924350e-02;2.808573e-02;5.704999e-02;1.874037e-01;1.699494e-01;7.213634e-02;1.526215e-01;7.030752e-02;2.635339e-02
7.489582e-02;6.612419e-02;3.416571e-02;4.814076e-02;4.870550e-02;7.314675e-02;1.782173e-01;1.954505e-01;4.717115e-02;8.869380e-02;1.126801e-01;3.260839e-02
7.054098e-02;5.533160e-02;3.316395e-02;4.612705e-02;4.849294e-02;6.836557e-02;1.614649e-01;1.835046e-01;4.593825e-02;7.425199e-02;1.775151e-01;3.530300e-02
7.201058e-02;3.982543e-02;3.753313e-02;4.636173e-02;3.774710e-02;5.144229e-02;1.391486e-01;1.989516e-01;4.599165e-02;6.086467e-02;2.311444e-01;3.897882e-02
1.246204e-01;5.675530e-02;3.481479e-02;2.324844e-02;5.053504e-02;3.385836e-02;1.720916e-01;1.708039e-01;2.640893e-02;6.259313e-02;2.206894e-01;2.358065e-02
1.147851e-01;7.382033e-02;4.357874e-02;4.691694e-02;3.583427e-02;7.944165e-02;1.017056e-01;1.995731e-01;1.017685e-01;1.284787e-01;5.638405e-02;1.771300e-02
9.175684e-02;7.776725e-02;3.561572e-02;5.192080e-02;3.694646e-02;5.992828e-02;8.456849e-02;1.481048e-01;1.141062e-01;1.811925e-01;9.584799e-02;2.224459e-02
8.602715e-02;7.928166e-02;3.106471e-02;4.778990e-02;3.809029e-02;4.774572e-02;8.654074e-02;1.280961e-01;1.158673e-01;2.196724e-01;1.009720e-01;1.885202e-02
6.694402e-02;8.750722e-02;2.539988e-02;4.751841e-02;3.799305e-02;4.624007e-02;9.532650e-02;1.274202e-01;1.122888e-01;2.426098e-01;9.665671e-02;1.409537e-02
2.057524e-01;1.535236e-01;2.524596e-02;3.934132e-02;2.370982e-02;4.306035e-02;8.708081e-02;9.849741e-02;6.231584e-02;1.325554e-01;1.172908e-01;1.162633e-02
3.675145e-01;1.844625e-01;2.313555e-02;2.452468e-02;1.426247e-02;2.337996e-02;6.933932e-02;4.035445e-02;1.847441e-02;3.566621e-02;1.838250e-01;1.506092e-02
4.414273e-01;1.358132e-01;1.396766e-02;1.386027e-02;1.207556e-02;1.290343e-02;7.578100e-02;2.647329e-02;6.733730e-03;1.978031e-02;2.097757e-01;3.140860e-02
4.664950e-01;8.106884e-02;7.186419e-03;1.181314e-02;1.014941e-02;1.205103e-02;1.077552e-01;3.667131e-02;7.137848e-03;1.535473e-02;1.845744e-01;5.974268e-02
4.234073e-01;8.234958e-02;6.833744e-03;1.985528e-02;6.575543e-03;1.197359e-02;1.429180e-01;3.822929e-02;7.652471e-03;1.804673e-02;1.581304e-01;8.402801e-02
4.003827e-01;7.564519e-02;4.703558e-03;3.846101e-02;4.486440e-03;8.955837e-03;1.633938e-01;3.975673e-02;5.751464e-03;2.093216e-02;1.495270e-01;8.800411e-02
3.734364e-01;7.747453e-02;5.093561e-03;5.840185e-02;2.849819e-03;1.104848e-02;1.841097e-01;4.826687e-02;4.242209e-03;2.242267e-02;1.333242e-01;7.932965e-02
3.329475e-01;8.562282e-02;6.366619e-03;7.707366e-02;3.591229e-03;9.439425e-03;2.193528e-01;6.047513e-02;3.343427e-03;2.562976e-02;1.012924e-01;7.486518e-02
2.876855e-01;8.797711e-02;5.361521e-03;8.593847e-02;3.876594e-03;1.239888e-02;2.570506e-01;5.799545e-02;3.995809e-03;2.456874e-02;1.010247e-01;7.212666e-02
2.637286e-01;8.313548e-02;4.420117e-03;8.361900e-02;5.788401e-03;1.587559e-02;2.658332e-01;5.703293e-02;5.402026e-03;2.373545e-02;1.117154e-01;7.971384e-02
2.551571e-01;7.918194e-02;4.817925e-03;7.272505e-02;7.242129e-03;2.042555e-02;2.393110e-01;5.133081e-02;8.139588e-03;2.214574e-02;1.409313e-01;9.859189e-02
2.531257e-01;6.981812e-02;7.376106e-03;5.939012e-02;8.333831e-03;3.402349e-02;1.823148e-01;3.201622e-02;1.527658e-02;2.119235e-02;2.102498e-01;1.068830e-01
2.487352e-01;6.539985e-02;7.151173e-03;4.502761e-02;8.008443e-03;5.523844e-02;1.210239e-01;2.670087e-02;2.337311e-02;3.144702e-02;2.729826e-01;9.491182e-02
2.824169e-01;6.743164e-02;1.102722e-02;4.012696e-02;1.689467e-02;6.669048e-02;9.330676e-02;4.260534e-02;2.873241e-02;4.992021e-02;2.264529e-01;7.439453e-02
3.280138e-01;8.420716e-02;1.722150e-02;4.083392e-02;2.707915e-02;4.657387e-02;8.897430e-02;7.166246e-02;3.457473e-02;6.430370e-02;1.178236e-01;7.873173e-02
3.044632e-01;9.311396e-02;7.335515e-03;1.444399e-02;2.963274e-02;2.366331e-02;1.113553e-01;5.717739e-02;3.770294e-02;6.166345e-02;1.768428e-01;8.260537e-02
2.740548e-01;1.018879e-01;1.501556e-02;2.079535e-02;2.485211e-02;4.986495e-02;1.356522e-01;8.470762e-02;3.308732e-02;6.607039e-02;1.093414e-01;8.467034e-02
2.516629e-01;1.017059e-01;1.599878e-02;3.846905e-02;3.126211e-02;5.704504e-02;1.421732e-01;7.026907e-02;4.864578e-02;7.441172e-02;9.156485e-02;7.679154e-02
2.337121e-01;1.043237e-01;1.690316e-02;5.550523e-02;4.610355e-02;5.873772e-02;1.250351e-01;9.863227e-02;7.956845e-02;5.014217e-02;8.407457e-02;4.726198e-02
2.017193e-01;1.167831e-01;2.016302e-02;4.141600e-02;5.021475e-02;6.654432e-02;1.136086e-01;1.336699e-01;8.298430e-02;5.156514e-02;7.830547e-02;4.302609e-02
1.500436e-01;1.641461e-01;3.370301e-02;2.120519e-02;3.789851e-02;6.294075e-02;1.306351e-01;1.460059e-01;4.953574e-02;6.068603e-02;1.016151e-01;4.158489e-02
2.079432e-01;1.791163e-01;3.529710e-02;3.675518e-02;3.941487e-02;4.508214e-02;1.140853e-01;1.150896e-01;3.050291e-02;5.394877e-02;1.196117e-01;2.315308e-02
2.453789e-01;1.252658e-01;1.625560e-02;4.140436e-02;2.760402e-02;4.326434e-02;1.357830e-01;8.426680e-02;1.897083e-02;4.048429e-02;1.931700e-01;2.815209e-02
2.038923e-01;6.423850e-02;9.765300e-03;3.811225e-02;2.049088e-02;4.327265e-02;1.657665e-01;6.080357e-02;2.624933e-02;3.771350e-02;2.953475e-01;3.434766e-02
1.340571e-01;3.050878e-02;2.226749e-02;2.074272e-02;1.427513e-02;5.886412e-02;1.414160e-01;3.458582e-02;3.976797e-02;3.593772e-02;4.412914e-01;2.628574e-02
1.171443e-01;1.746485e-02;2.892626e-02;1.193967e-02;1.172573e-02;8.979596e-02;7.792345e-02;2.322244e-02;3.160112e-02;3.378264e-02;5.428060e-01;1.366751e-02
9.840889e-02;2.581973e-02;2.218412e-02;1.295528e-02;1.665225e-02;8.886354e-02;6.238797e-02;2.910911e-02;1.643310e-02;4.086447e-02;5.785770e-01;7.744517e-03
7.768583e-02;2.538186e-02;1.093275e-02;1.482403e-02;2.984096e-02;5.483052e-02;6.553255e-02;6.947713e-02;1.522964e-02;6.919160e-02;5.542577e-01;1.281545e-02
6.148905e-02;3.139919e-02;6.457137e-03;1.451033e-02;3.033622e-02;2.167507e-02;8.136506e-02;1.550367e-01;2.349543e-02;8.699849e-02;4.653673e-01;2.187001e-02
4.827736e-02;2.481116e-02;1.014050e-02;1.277719e-02;1.873094e-02;1.980227e-02;1.310455e-01;2.525248e-01;3.638471e-02;7.260639e-02;3.503795e-01;2.251972e-02
4.268393e-02;3.331381e-02;1.952436e-02;2.521357e-02;1.772339e-02;1.326193e-02;1.838876e-01;3.898998e-01;5.044321e-02;5.555582e-02;1.517702e-01;1.672241e-02
4.934096e-02;3.941783e-02;1.828913e-02;1.784790e-02;1.437665e-02;2.900118e-02;2.445009e-01;4.158993e-01;3.578599e-02;3.842478e-02;8.112060e-02;1.599481e-02
3.637497e-02;4.850154e-02;2.033749e-02;8.971103e-03;1.163338e-02;2.498336e-02;3.385211e-01;3.858783e-01;2.017345e-02;1.861327e-02;6.110637e-02;2.490566e-02
3.070190e-02;7.208493e-02;1.467641e-02;4.914030e-03;1.113815e-02;2.434854e-02;3.683238e-01;3.449186e-01;1.515826e-02;1.765686e-02;7.604501e-02;2.003348e-02
3.954044e-02;1.148114e-01;1.158702e-02;5.895369e-03;1.231866e-02;3.225824e-02;3.768939e-01;3.024455e-01;1.251709e-02;1.160435e-02;7.349682e-02;6.631276e-03
7.129709e-02;1.478746e-01;1.110369e-02;1.097181e-02;1.003898e-02;4.524037e-02;3.952914e-01;2.306960e-01;1.275335e-02;8.806843e-03;4.837285e-02;7.553012e-03
1.147886e-01;1.606487e-01;1.153841e-02;1.412468e-02;8.279000e-03;5.578000e-02;4.129020e-01;1.544482e-01;1.290552e-02;1.167021e-02;3.810868e-02;4.806099e-03
1.309682e-01;1.404006e-01;8.508418e-03;1.488205e-02;1.281169e-02;6.516741e-02;4.298887e-01;1.500476e-01;1.984688e-02;1.250098e-02;9.314012e-03;5.663490e-03
1.514002e-01;1.172611e-01;7.474857e-03;1.535325e-02;1.696858e-02;7.665772e-02;4.113236e-01;1.412165e-01;1.850200e-02;2.008732e-02;1.799932e-02;5.755572e-03
1.977728e-01;1.082893e-01;8.933030e-03;1.365912e-02;1.829733e-02;9.410444e-02;3.801726e-01;1.202033e-01;1.204339e-02;2.171645e-02;2.074833e-02;4.059781e-03
2.718433e-01;1.003632e-01;1.009020e-02;1.395342e-02;2.062337e-02;1.012659e-01;3.398364e-01;8.747632e-02;1.229279e-02;1.772923e-02;1.953039e-02;4.995574e-03
3.143468e-01;8.578853e-02;2.092377e-02;1.547929e-02;3.013613e-02;9.420593e-02;2.922528e-01;6.579848e-02;2.792878e-02;1.711674e-02;2.254825e-02;1.347445e-02
2.679788e-01;6.970080e-02;3.582394e-02;2.056035e-02;4.685466e-02;8.677252e-02;2.256074e-01;6.278314e-02;5.725833e-02;1.796241e-02;8.092109e-02;2.777659e-02
1.185782e-01;5.509805e-02;5.541399e-02;2.704229e-02;7.454403e-02;9.502172e-02;1.505045e-01;8.268964e-02;9.024479e-02;1.455390e-02;1.804724e-01;5.583647e-02
1.575764e-01;3.408148e-02;4.665330e-02;1.959205e-02;7.157159e-02;7.815985e-02;1.682535e-01;7.356070e-02;7.249857e-02;1.304252e-02;2.042593e-01;6.075064e-02
2.027312e-01;5.665540e-02;3.722521e-02;2.213884e-02;5.300111e-02;6.006137e-02;1.579491e-01;6.925718e-02;4.778511e-02;1.152943e-02;2.406189e-01;4.104714e-02
1.295983e-01;3.942585e-02;3.297204e-02;3.035584e-02;4.882238e-02;3.579115e-02;1.477514e-01;7.554790e-02;3.596615e-02;2.053870e-02;3.756832e-01;2.754715e-02
9.209090e-02;4.844368e-02;3.605900e-02;3.061844e-02;3.919657e-02;2.680614e-02;1.335052e-01;1.072842e-01;2.673537e-02;1.990329e-02;4.191906e-01;2.016672e-02
1.033528e-01;5.199904e-02;4.202589e-02;3.207433e-02;4.200422e-02;3.271250e-02;1.253945e-01;1.110033e-01;2.058169e-02;1.983829e-02;3.950306e-01;2.398279e-02
8.452614e-02;7.085603e-02;5.078319e-02;5.208041e-02;4.760605e-02;2.918460e-02;9.749674e-02;1.135614e-01;2.691583e-02;3.298564e-02;3.665066e-01;2.749735e-02
8.077936e-02;1.017141e-01;5.229904e-02;5.279753e-02;4.657838e-02;3.896393e-02;1.325416e-01;8.762681e-02;4.791699e-02;4.158857e-02;2.813050e-01;3.588873e-02
1.295423e-01;1.062980e-01;6.008866e-02;3.677265e-02;4.170911e-02;4.135304e-02;1.990488e-01;8.503235e-02;5.659430e-02;3.833850e-02;1.456842e-01;5.953801e-02
1.433104e-01;9.198111e-02;7.991745e-02;3.824315e-02;3.238611e-02;4.812059e-02;2.694156e-01;8.376728e-02;4.994113e-02;2.570097e-02;6.822158e-02;6.899468e-02
1.182192e-01;1.005395e-01;8.605856e-02;4.843002e-02;4.022786e-02;3.798610e-02;2.542337e-01;9.117013e-02;5.090862e-02;3.204417e-02;8.801204e-02;5.217003e-02
1.352318e-01;8.795772e-02;7.461420e-02;6.928481e-02;3.034737e-02;2.708062e-02;2.132889e-01;1.535527e-01;4.733780e-02;3.705935e-02;8.497269e-02;3.927203e-02
1.765647e-01;7.621102e-02;5.817261e-02;7.971685e-02;4.069455e-02;3.318315e-02;2.293568e-01;1.580671e-01;4.021968e-02;2.615482e-02;5.604804e-02;2.561067e-02
1.920022e-01;8.586893e-02;5.363569e-02;7.018038e-02;4.343086e-02;3.734296e-02;2.154187e-01;1.284023e-01;4.553815e-02;3.882723e-02;7.851895e-02;1.083360e-02
