6.748222e-02;1.060696e-01;6.794867e-02;8.642932e-02;6.410027e-02;1.068744e-01;8.276154e-02;1.144592e-01;8.856270e-02;7.707838e-02;8.277718e-02;5.545656e-02
4.083204e-02;6.500378e-02;5.842320e-02;7.524733e-02;1.029129e-01;1.149891e-01;7.024876e-02;1.295329e-01;9.855959e-02;1.092486e-01;9.423316e-02;4.076865e-02
2.931908e-02;4.723520e-02;5.899404e-02;6.175746e-02;1.092782e-01;1.217253e-01;9.729613e-02;1.750413e-01;1.091418e-01;8.624963e-02;7.244118e-02;3.152064e-02
2.478455e-02;4.234317e-02;8.507674e-02;4.608519e-02;1.072030e-01;9.526926e-02;6.691550e-02;2.313566e-01;1.809709e-01;5.118796e-02;4.421211e-02;2.459508e-02
2.011301e-02;4.977365e-02;8.939092e-02;2.619007e-02;9.573224e-02;7.844107e-02;1.007794e-01;2.454934e-01;1.839460e-01;5.653726e-02;3.326900e-02;2.033401e-02
1.900999e-02;7.580820e-02;7.343581e-02;4.605879e-02;7.087338e-02;1.335692e-01;1.004690e-01;2.660557e-01;1.050616e-01;5.630806e-02;3.012468e-02;2.322559e-02
2.154179e-02;5.489503e-02;4.798259e-02;5.996995e-02;9.866986e-02;2.087597e-01;5.808466e-02;1.864316e-01;1.240498e-01;4.530546e-02;5.016830e-02;4.414126e-02
3.451612e-02;4.238082e-02;6.889488e-02;6.268628e-02;6.159362e-02;1.377106e-01;6.950074e-02;1.642390e-01;1.396810e-01;7.229968e-02;8.349530e-02;6.300208e-02
5.065719e-02;4.159338e-02;3.910754e-02;8.043593e-02;7.584237e-02;7.121938e-02;4.753252e-02;9.590064e-02;1.610187e-01;1.191341e-01;1.129779e-01;1.045803e-01
5.066709e-02;3.934620e-02;6.006321e-02;7.137537e-02;7.330287e-02;6.190524e-02;4.980259e-02;8.874484e-02;1.802084e-01;1.053341e-01;1.139593e-01;1.052907e-01
4.594533e-02;4.093878e-02;8.229301e-02;6.537776e-02;5.994364e-02;6.261186e-02;4.354811e-02;1.015591e-01;2.009291e-01;1.015908e-01;9.745080e-02;9.781171e-02
4.358684e-02;5.366839e-02;1.061046e-01;6.594847e-02;4.482830e-02;5.110556e-02;4.828303e-02;1.191726e-01;1.920006e-01;1.125971e-01;9.952854e-02;6.317591e-02
6.254656e-02;8.353700e-02;8.174926e-02;3.586529e-02;5.544871e-02;9.542044e-02;9.972429e-02;9.644154e-02;1.090183e-01;6.266958e-02;1.344920e-01;8.308706e-02
6.647992e-02;8.570892e-02;8.185675e-02;4.854580e-02;5.591780e-02;1.185227e-01;1.119244e-01;1.163718e-01;9.488022e-02;5.376326e-02;8.651578e-02;7.951263e-02
4.747726e-02;9.198374e-02;1.104169e-01;6.019028e-02;6.790267e-02;1.354804e-01;1.102130e-01;1.236042e-01;9.268013e-02;6.682517e-02;3.951002e-02;5.371625e-02
5.017065e-02;8.395026e-02;1.197711e-01;6.065063e-02;5.222929e-02;1.464844e-01;8.881056e-02;1.705141e-01;9.371061e-02;5.328628e-02;3.315436e-02;4.726780e-02
8.637442e-02;7.152206e-02;9.118810e-02;7.065830e-02;5.639161e-02;1.492063e-01;7.113845e-02;1.895068e-01;9.868193e-02;3.850363e-02;2.990850e-02;4.691989e-02
7.714979e-02;8.423371e-02;8.057585e-02;1.009854e-01;1.316023e-01;1.189466e-01;6.571019e-02;1.344678e-01;8.109567e-02;2.296323e-02;3.301031e-02;6.925905e-02
5.441038e-02;1.015693e-01;8.904603e-02;1.083070e-01;1.914806e-01;8.922704e-02;5.506875e-02;7.583955e-02;5.591536e-02;5.060604e-02;5.916958e-02;6.936036e-02
5.703115e-02;1.159442e-01;7.724688e-02;8.629997e-02;1.557921e-01;9.428133e-02;3.385445e-02;9.979264e-02;7.703003e-02;7.707461e-02;8.410759e-02;4.154505e-02
3.019043e-02;1.290135e-01;6.584686e-02;6.504542e-02;9.563299e-02;1.278402e-01;4.161493e-02;1.413663e-01;8.721252e-02;8.823721e-02;7.776997e-02;5.022964e-02
1.051254e-02;1.050228e-01;7.079725e-02;5.043767e-02;7.054283e-02;2.333812e-01;9.784971e-02;1.282523e-01;5.784217e-02;8.203711e-02;5.223426e-02;4.109010e-02
2.883627e-02;7.678536e-02;7.907684e-02;4.479127e-02;7.215490e-02;2.648846e-01;1.168926e-01;9.812504e-02;5.274960e-02;8.815487e-02;2.940435e-02;4.814439e-02
3.405385e-02;6.581112e-02;7.831725e-02;5.134199e-02;8.258089e-02;2.132099e-01;1.076260e-01;1.392159e-01;6.265026e-02;1.081290e-01;2.185810e-02;3.520568e-02
3.420368e-02;3.955249e-02;5.481979e-02;3.078350e-02;8.006185e-02;2.414298e-01;1.373346e-01;1.507398e-01;7.671794e-02;1.091697e-01;1.866905e-02;2.651775e-02
4.992132e-02;3.955567e-02;4.214979e-02;2.799487e-02;5.507751e-02;2.196154e-01;1.550560e-01;1.407998e-01;1.149995e-01;1.028099e-01;2.685910e-02;2.516114e-02
4.475215e-02;4.330794e-02;4.050992e-02;1.978184e-02;4.920441e-02;1.444878e-01;1.431581e-01;1.580674e-01;1.516375e-01;1.526500e-01;2.883075e-02;2.361225e-02
3.507546e-02;4.087927e-02;3.792250e-02;2.412877e-02;2.588422e-02;8.345227e-02;2.913186e-01;1.182126e-01;1.177647e-01;1.860749e-01;2.122886e-02;1.805777e-02
4.280704e-02;3.211911e-02;3.412706e-02;3.097995e-02;2.626114e-02;7.308543e-02;3.824767e-01;1.373310e-01;1.136913e-01;9.587175e-02;1.500614e-02;1.624331e-02
3.533294e-02;2.513950e-02;3.259720e-02;2.830424e-02;6.378892e-02;1.317155e-01;3.697100e-01;1.148245e-01;7.456956e-02;9.403049e-02;1.227007e-02;1.771699e-02
1.791598e-02;5.181019e-02;3.557589e-02;4.454848e-02;8.371431e-02;2.150274e-01;2.527227e-01;1.070563e-01;2.386592e-02;1.037430e-01;2.809879e-02;3.592096e-02
3.755208e-02;1.312877e-01;4.004057e-02;3.743661e-02;5.654653e-02;3.014932e-01;1.001456e-01;1.058551e-01;2.770417e-02;6.441346e-02;4.125568e-02;5.626937e-02
1.142666e-01;1.642393e-01;5.546676e-02;5.251517e-02;4.022688e-02;2.653030e-01;2.625584e-02;7.518974e-02;4.863204e-02;4.562789e-02;4.570934e-02;6.656751e-02
1.187401e-01;8.907014e-02;9.639847e-02;5.055714e-02;4.629404e-02;1.504500e-01;2.440840e-02;7.126188e-02;8.945762e-02;6.808747e-02;1.042037e-01;9.107104e-02
9.517775e-02;7.177421e-02;8.165146e-02;3.448509e-02;5.121412e-02;1.791820e-01;2.769570e-02;1.196368e-01;8.980867e-02;7.629130e-02;8.251592e-02;9.056706e-02
6.714950e-02;9.016632e-02;9.704871e-02;4.262230e-02;4.339039e-02;2.651283e-01;3.033066e-02;1.021404e-01;5.739791e-02;6.844823e-02;8.967451e-02;4.650288e-02
5.988797e-02;7.095709e-02;1.445456e-01;6.746593e-02;5.962194e-02;3.126111e-01;4.086480e-02;4.481605e-02;3.054812e-02;4.668607e-02;7.821383e-02;4.378143e-02
5.954050e-02;7.763642e-02;1.464324e-01;8.476858e-02;8.295377e-02;2.474734e-01;3.500366e-02;4.931562e-02;3.076435e-02;5.820293e-02;4.426315e-02;8.364519e-02
4.334666e-02;6.244675e-02;1.326381e-01;6.833938e-02;8.752203e-02;2.839769e-01;3.920671e-02;5.727990e-02;3.194862e-02;4.651104e-02;3.114060e-02;1.156433e-01
2.289652e-02;4.010329e-02;1.068037e-01;4.493381e-02;8.473960e-02;3.591250e-01;4.658581e-02;5.643329e-02;3.528578e-02;2.911632e-02;3.507791e-02;1.388989e-01
3.867374e-02;5.686776e-02;1.108921e-01;4.933590e-02;7.418357e-02;3.473282e-01;4.039770e-02;5.179119e-02;4.817428e-02;2.347097e-02;3.605423e-02;1.228305e-01
4.020955e-02;1.247660e-01;1.143777e-01;5.514394e-02;6.206774e-02;3.324077e-01;2.836199e-02;5.117217e-02;4.202016e-02;2.164333e-02;4.852910e-02;7.930060e-02
6.319314e-02;2.141029e-01;8.079965e-02;4.330980e-02;3.560021e-02;3.299614e-01;1.478504e-02;5.407364e-02;2.622151e-02;2.117488e-02;6.788961e-02;4.888827e-02
7.695137e-02;2.519687e-01;5.475774e-02;2.473658e-02;3.325202e-02;3.303813e-01;1.630911e-02;5.794330e-02;2.221432e-02;2.825182e-02;6.789298e-02;3.534079e-02
6.764636e-02;2.327088e-01;5.180344e-02;2.004862e-02;3.717566e-02;3.023958e-01;2.610383e-02;6.353144e-02;3.216595e-02;4.415197e-02;6.450754e-02;5.776056e-02
6.152064e-02;1.735616e-01;1.020025e-01;3.016222e-02;5.368010e-02;2.124730e-01;3.305657e-02;9.532427e-02;4.890634e-02;5.047290e-02;5.898128e-02;7.985865e-02
6.816031e-02;1.456961e-01;1.101186e-01;3.457708e-02;7.324922e-02;1.389618e-01;6.075588e-02;1.007422e-01;5.318914e-02;5.449446e-02;8.574124e-02;7.431398e-02
9.207072e-02;1.339226e-01;5.683902e-02;3.491880e-02;8.544365e-02;2.567034e-01;4.888123e-02;8.184950e-02;3.692327e-02;7.098963e-02;7.093166e-02;3.052650e-02
1.077639e-01;1.343496e-01;5.200252e-02;3.761298e-02;8.770835e-02;2.667926e-01;4.365226e-02;7.959099e-02;2.559457e-02;9.579382e-02;2.852488e-02;4.061356e-02
9.815573e-02;1.298262e-01;4.550535e-02;3.962367e-02;7.567438e-02;2.835567e-01;4.387259e-02;7.011583e-02;3.310556e-02;1.030604e-01;4.104423e-02;3.645931e-02
6.912237e-02;1.050887e-01;5.875001e-02;4.090054e-02;7.619825e-02;2.902724e-01;4.355619e-02;8.640855e-02;6.076324e-02;8.693929e-02;5.089442e-02;3.110593e-02
3.383147e-02;7.062781e-02;1.118176e-01;3.896415e-02;8.907044e-02;2.420846e-01;6.282952e-02;9.104288e-02;9.116001e-02;6.718721e-02;5.139187e-02;4.999251e-02
3.502591e-02;9.422829e-02;1.523203e-01;6.654209e-02;8.339486e-02;1.899464e-01;5.519714e-02;8.216732e-02;8.503827e-02;3.995619e-02;5.591733e-02;6.026596e-02
5.193347e-02;9.424592e-02;1.443322e-01;7.829862e-02;4.328973e-02;2.532190e-01;3.918208e-02;9.989939e-02;5.896247e-02;4.246475e-02;4.686465e-02;4.730770e-02
6.244279e-02;1.153148e-01;9.774321e-02;6.547008e-02;5.978606e-02;2.471336e-01;6.699874e-02;8.050180e-02;5.738940e-02;5.876457e-02;5.097755e-02;3.747744e-02
5.867003e-02;1.469946e-01;6.574396e-02;4.623271e-02;9.319152e-02;1.641290e-01;8.855724e-02;8.733331e-02;7.631883e-02;5.719329e-02;5.765953e-02;5.797594e-02
4.222270e-02;1.188398e-01;3.950089e-02;3.736443e-02;1.025051e-01;2.617138e-01;6.295282e-02;1.213809e-01;6.707406e-02;3.407326e-02;5.569261e-02;5.667960e-02
2.904345e-02;9.521106e-02;4.284574e-02;4.750712e-02;7.656710e-02;3.435165e-01;3.027186e-02;1.381404e-01;6.214725e-02;4.153287e-02;4.245228e-02;5.076446e-02
2.876529e-02;1.053675e-01;6.695417e-02;3.281127e-02;7.240344e-02;3.442025e-01;4.905672e-02;1.140687e-01;5.405691e-02;6.217651e-02;2.079694e-02;4.933999e-02
5.065431e-02;1.143335e-01;7.634033e-02;4.122413e-02;7.144463e-02;2.775495e-01;7.095958e-02;1.042894e-01;6.297968e-02;9.224121e-02;1.184722e-02;2.613645e-02
5.650317e-02;1.083751e-01;7.664765e-02;4.943085e-02;6.574377e-02;1.733817e-01;7.519752e-02;1.389623e-01;9.870882e-02;9.740133e-02;2.358349e-02;3.606439e-02
5.218289e-02;1.052074e-01;8.414379e-02;6.697217e-02;5.613248e-02;1.472872e-01;1.164903e-01;1.140889e-01;9.905349e-02;7.707854e-02;5.410708e-02;2.725584e-02
7.626957e-02;9.102904e-02;5.935052e-02;7.793824e-02;4.746686e-02;1.964595e-01;1.010215e-01;1.007164e-01;7.718061e-02;9.138642e-02;5.336490e-02;2.781644e-02
1.030512e-01;6.564542e-02;3.465715e-02;6.037175e-02;6.144013e-02;2.647433e-01;6.439894e-02;9.741585e-02;5.478630e-02;1.242205e-01;4.773981e-02;2.152967e-02
1.229347e-01;4.678882e-02;1.778111e-02;6.130629e-02;6.822120e-02;3.212684e-01;3.055447e-02;7.998046e-02;3.149796e-02;1.636266e-01;2.768658e-02;2.835336e-02
9.895314e-02;6.215469e-02;2.253080e-02;8.224560e-02;5.124739e-02;3.038655e-01;4.256039e-02;6.127558e-02;1.871886e-02;1.491721e-01;2.356983e-02;8.370610e-02
9.341900e-02;7.437938e-02;3.082086e-02;7.835972e-02;3.869084e-02;3.030877e-01;4.586108e-02;6.255329e-02;2.077025e-02;1.192003e-01;2.124211e-02;1.116154e-01
1.038319e-01;6.183606e-02;2.358593e-02;7.128950e-02;6.292821e-02;3.272707e-01;2.836961e-02;7.239117e-02;2.884454e-02;1.085451e-01;1.982313e-02;9.128407e-02
1.291174e-01;5.674705e-02;1.976593e-02;5.018601e-02;6.256948e-02;3.770179e-01;4.119245e-02;8.110174e-02;2.762201e-02;8.256619e-02;1.805270e-02;5.406110e-02
1.197504e-01;1.128016e-01;5.570618e-02;2.438653e-02;4.679766e-02;3.860730e-01;3.089117e-02;8.494455e-02;3.012060e-02;4.249638e-02;2.898458e-02;3.704740e-02
7.713505e-02;1.429903e-01;7.782747e-02;3.080134e-02;4.238060e-02;3.866476e-01;2.918053e-02;8.223683e-02;3.356880e-02;1.800429e-02;3.563660e-02;4.359068e-02
5.340749e-02;1.291463e-01;9.939042e-02;3.384703e-02;5.674290e-02;3.277328e-01;2.864849e-02;9.947276e-02;3.622587e-02;2.348420e-02;3.240971e-02;7.949201e-02
5.171623e-02;8.846475e-02;1.011370e-01;3.400056e-02;7.131067e-02;3.291022e-01;3.282598e-02;1.008694e-01;4.374440e-02;5.496965e-02;1.737683e-02;7.448225e-02
6.718898e-02;6.609152e-02;7.289699e-02;3.338496e-02;6.263302e-02;3.597109e-01;3.235842e-02;1.060639e-01;4.393712e-02;8.839656e-02;1.137972e-02;5.595790e-02
8.296639e-02;7.643616e-02;6.929123e-02;3.623686e-02;6.156518e-02;3.053151e-01;2.333447e-02;1.288198e-01;3.006855e-02;1.186736e-01;2.387506e-02;4.341764e-02
4.243586e-02;1.009720e-01;8.013269e-02;5.856146e-02;6.888948e-02;2.062404e-01;4.769091e-02;1.389952e-01;4.451605e-02;1.364216e-01;3.426916e-02;4.087517e-02
3.716038e-02;8.555844e-02;1.000802e-01;5.325053e-02;7.603493e-02;1.942426e-01;6.717110e-02;1.215879e-01;4.956574e-02;1.393521e-01;2.668036e-02;4.931580e-02
4.171162e-02;4.269277e-02;9.949908e-02;4.833737e-02;6.545388e-02;2.504172e-01;5.875066e-02;1.399520e-01;6.432667e-02;1.257531e-01;2.215195e-02;4.095376e-02
2.608100e-02;7.499961e-02;8.687833e-02;3.871768e-02;5.669992e-02;3.714590e-01;4.854134e-02;1.252061e-01;5.396584e-02;8.574106e-02;1.061396e-02;2.109622e-02
2.621426e-02;1.183724e-01;9.784098e-02;4.526079e-02;4.827485e-02;3.480992e-01;4.905067e-02;1.092890e-01;4.537696e-02;7.480032e-02;1.626503e-02;2.115552e-02
3.332768e-02;9.865569e-02;1.259193e-01;4.818242e-02;6.042782e-02;2.270089e-01;5.643950e-02;1.324139e-01;5.542757e-02;8.777527e-02;3.889350e-02;3.552853e-02
3.582639e-02;5.884424e-02;8.359272e-02;5.194954e-02;6.006596e-02;3.562673e-01;4.259779e-02;1.235740e-01;5.149277e-02;6.771154e-02;3.472912e-02;3.334858e-02
3.660799e-02;9.786173e-02;4.315498e-02;4.021453e-02;4.658094e-02;4.583110e-01;2.713490e-02;1.213540e-01;4.682427e-02;4.666058e-02;1.536808e-02;1.992699e-02
3.543912e-02;8.867747e-02;5.749699e-02;2.154217e-02;4.867892e-02;4.663410e-01;4.802948e-02;1.169676e-01;4.521633e-02;4.697211e-02;1.226042e-02;1.237834e-02
3.704537e-02;6.493019e-02;5.056194e-02;2.193647e-02;6.029113e-02;4.334492e-01;4.441921e-02;1.554493e-01;5.189244e-02;6.478234e-02;5.932772e-03;9.309612e-03
4.528549e-02;5.936416e-02;4.171326e-02;5.694810e-02;7.956108e-02;3.470344e-01;4.566422e-02;1.784997e-01;5.597238e-02;7.676859e-02;5.447941e-03;7.740638e-03
5.102246e-02;6.904741e-02;4.874421e-02;7.082637e-02;1.135509e-01;2.780305e-01;5.379986e-02;1.685659e-01;5.150928e-02;7.967471e-02;4.746236e-03;1.048210e-02
5.777178e-02;5.776256e-02;5.805505e-02;4.632068e-02;1.063923e-01;2.981549e-01;7.023694e-02;1.597160e-01;4.850787e-02;7.631420e-02;7.567994e-03;1.319981e-02
6.078499e-02;6.907373e-02;7.865220e-02;2.215033e-02;6.756500e-02;3.348593e-01;7.153846e-02;1.465281e-01;4.972406e-02;6.225399e-02;1.976410e-02;1.710575e-02
5.036720e-02;9.403316e-02;1.008736e-01;3.192806e-02;6.620577e-02;3.328699e-01;4.329034e-02;1.421653e-01;4.314697e-02;3.298522e-02;2.695292e-02;3.518160e-02
3.476521e-02;9.807856e-02;7.900359e-02;2.257599e-02;6.584233e-02;3.344731e-01;4.214828e-02;1.688005e-01;5.919493e-02;2.965673e-02;2.032213e-02;4.513859e-02
3.722412e-02;9.671134e-02;4.380330e-02;1.994491e-02;6.823993e-02;3.684739e-01;4.483864e-02;1.961160e-01;6.218839e-02;2.065315e-02;1.620143e-02;2.560489e-02
5.017180e-02;8.418107e-02;4.679975e-02;3.845746e-02;7.563675e-02;3.592477e-01;2.822383e-02;1.886874e-01;7.178127e-02;1.955252e-02;1.370208e-02;2.355827e-02
5.610502e-02;7.265586e-02;5.846560e-02;5.260361e-02;7.127820e-02;3.411427e-01;2.746934e-02;1.752737e-01;7.002639e-02;3.910977e-02;1.356260e-02;2.230715e-02
5.615632e-02;7.360788e-02;6.461857e-02;3.261949e-02;6.014315e-02;3.593836e-01;5.197063e-02;1.821115e-01;5.863196e-02;3.578699e-02;1.440803e-02;1.056199e-02
5.278319e-02;4.769800e-02;6.366032e-02;2.974365e-02;8.358080e-02;3.470706e-01;8.074690e-02;1.719590e-01;5.243637e-02;4.415867e-02;1.685272e-02;9.309744e-03
5.656642e-02;6.723401e-02;4.947175e-02;3.182463e-02;7.726768e-02;3.094098e-01;8.320744e-02;1.550962e-01;5.735003e-02;7.203105e-02;2.769460e-02;1.284635e-02
7.110682e-02;7.385110e-02;4.075370e-02;2.521501e-02;7.855888e-02;3.032543e-01;7.301931e-02;1.053507e-01;4.841491e-02;1.066946e-01;5.529716e-02;1.848350e-02
9.811709e-02;7.256367e-02;3.182193e-02;3.543086e-02;7.296618e-02;2.802323e-01;5.442926e-02;9.392471e-02;3.750830e-02;1.333099e-01;7.248503e-02;1.721080e-02
1.119794e-01;1.224542e-01;3.280288e-02;6.409749e-02;6.290482e-02;2.427867e-01;3.454641e-02;9.741257e-02;2.920229e-02;1.260878e-01;4.628798e-02;2.943742e-02
9.077672e-02;1.748615e-01;5.372566e-02;9.788892e-02;6.087806e-02;2.173266e-01;2.388893e-02;9.528760e-02;3.075255e-02;9.935661e-02;2.477497e-02;3.048184e-02
6.924585e-02;1.588878e-01;7.008243e-02;1.227154e-01;6.691664e-02;2.235051e-01;2.262084e-02;1.094666e-01;3.295184e-02;7.370429e-02;2.594681e-02;2.395647e-02
3.439598e-02;1.178279e-01;4.479950e-02;1.597053e-01;9.359602e-02;2.489723e-01;3.627290e-02;1.251512e-01;3.483583e-02;6.224896e-02;1.410723e-02;2.808694e-02
5.093056e-02;1.003285e-01;5.521883e-02;1.958167e-01;7.382552e-02;2.510771e-01;3.684318e-02;1.094777e-01;2.875457e-02;5.390162e-02;1.451138e-02;2.931445e-02
5.116609e-02;8.768395e-02;7.899906e-02;2.066827e-01;6.682703e-02;2.598106e-01;3.801931e-02;1.076213e-01;2.821214e-02;4.804700e-02;1.145384e-02;1.547693e-02
4.813393e-02;8.046539e-02;5.832188e-02;1.950469e-01;9.973990e-02;2.791057e-01;3.427782e-02;1.059333e-01;2.880314e-02;5.956011e-02;3.637321e-03;6.974600e-03
4.760669e-02;7.836367e-02;3.232905e-02;1.707364e-01;8.836689e-02;2.971061e-01;2.032614e-02;1.106737e-01;3.377560e-02;8.774737e-02;1.301141e-02;1.995709e-02
2.951944e-02;5.452821e-02;3.561648e-02;1.270109e-01;1.202416e-01;2.975796e-01;2.535372e-02;1.415727e-01;4.030543e-02;1.020885e-01;8.072131e-03;1.811134e-02
3.200410e-02;5.145874e-02;1.954283e-02;8.189783e-02;1.639110e-01;3.115936e-01;3.974949e-02;1.299863e-01;3.489105e-02;1.079680e-01;1.503263e-02;1.196456e-02
2.683294e-02;5.451250e-02;5.090902e-02;4.847618e-02;1.538633e-01;2.906735e-01;4.500107e-02;1.432149e-01;5.017029e-02;9.705669e-02;2.035684e-02;1.893287e-02
1.616078e-02;6.759888e-02;7.944917e-02;8.198517e-02;1.288689e-01;2.234553e-01;4.700556e-02;1.752248e-01;6.152189e-02;6.733923e-02;2.055992e-02;3.083045e-02
1.301294e-02;5.776252e-02;8.509917e-02;7.356951e-02;8.684121e-02;2.962204e-01;5.842941e-02;1.700672e-01;6.229927e-02;4.328531e-02;2.473110e-02;2.868196e-02
1.432855e-02;5.663709e-02;7.876869e-02;5.453466e-02;6.135887e-02;3.368632e-01;8.491296e-02;1.650853e-01;7.891306e-02;2.257417e-02;2.376601e-02;2.225748e-02
1.953979e-02;7.662947e-02;7.334977e-02;4.211376e-02;6.478206e-02;3.234810e-01;8.435068e-02;1.281569e-01;8.616129e-02;6.415237e-02;2.044123e-02;1.684167e-02
2.037708e-02;7.098071e-02;5.810223e-02;3.023856e-02;7.258394e-02;3.196059e-01;5.384383e-02;1.854471e-01;5.999850e-02;1.003413e-01;2.113232e-02;7.348448e-03
2.650432e-02;8.258378e-02;3.336800e-02;1.894975e-02;5.421465e-02;3.339104e-01;2.296065e-02;2.137298e-01;6.187404e-02;1.238470e-01;1.562269e-02;1.243498e-02
2.950981e-02;8.598321e-02;5.206822e-02;1.450876e-02;3.024213e-02;3.916870e-01;1.385236e-02;1.607367e-01;5.692522e-02;1.228450e-01;2.453586e-02;1.710580e-02
2.886342e-02;5.478249e-02;2.510247e-02;2.342593e-02;5.133056e-02;3.735160e-01;3.122959e-02;1.614302e-01;7.573762e-02;1.269849e-01;3.123150e-02;1.636536e-02
4.062489e-02;4.201747e-02;3.989446e-02;5.544824e-02;8.561547e-02;2.716319e-01;5.843756e-02;8.713588e-02;7.584968e-02;1.693773e-01;3.149974e-02;4.246738e-02
4.627936e-02;4.246948e-02;4.788632e-02;6.163150e-02;8.218390e-02;1.840726e-01;7.321869e-02;6.562863e-02;8.828504e-02;2.008421e-01;4.192621e-02;6.557621e-02
3.383195e-02;6.861271e-02;4.776442e-02;4.020745e-02;5.496683e-02;1.104636e-01;6.677081e-02;1.145803e-01;7.559377e-02;2.395923e-01;8.074615e-02;6.686975e-02
2.147663e-02;9.362236e-02;9.059310e-02;3.186079e-02;3.620971e-02;1.349608e-01;4.758185e-02;1.579796e-01;7.994803e-02;1.859616e-01;7.146151e-02;4.834410e-02
1.945348e-02;9.992117e-02;1.544234e-01;4.235957e-02;4.405884e-02;1.935486e-01;2.863803e-02;1.708808e-01;9.140092e-02;7.633881e-02;3.852557e-02;4.045083e-02
2.820314e-02;1.014688e-01;2.584278e-01;6.380851e-02;5.225112e-02;1.146818e-01;2.651782e-02;1.482050e-01;9.370703e-02;4.364809e-02;2.781666e-02;4.126420e-02
2.321424e-02;1.081660e-01;2.272322e-01;5.555086e-02;4.304292e-02;3.084706e-01;2.314340e-02;7.151595e-02;6.139141e-02;3.558193e-02;1.650647e-02;2.618410e-02
1.669551e-02;5.573800e-02;1.393086e-01;3.091571e-02;3.886851e-02;4.882209e-01;1.799023e-02;1.286318e-01;3.334138e-02;2.672655e-02;7.899485e-03;1.566324e-02
1.604590e-02;7.782943e-02;1.545517e-01;3.249261e-02;2.610786e-02;4.827631e-01;1.692924e-02;1.314716e-01;2.275386e-02;2.239227e-02;8.235640e-03;8.426880e-03
1.597311e-02;9.784854e-02;1.750108e-01;3.378923e-02;2.056250e-02;4.680656e-01;1.359440e-02;1.159706e-01;2.403700e-02;1.939785e-02;9.235415e-03;6.514968e-03
1.653562e-02;5.926864e-02;1.195523e-01;3.138692e-02;2.877894e-02;5.328848e-01;1.349269e-02;1.279081e-01;3.579642e-02;1.682151e-02;9.228104e-03;8.345938e-03
2.526671e-02;1.160916e-01;1.565681e-01;3.972677e-02;3.996003e-02;3.118102e-01;4.335425e-02;1.352192e-01;4.460579e-02;3.581012e-02;3.065964e-02;2.092756e-02
2.803407e-02;1.530938e-01;1.542263e-01;3.681938e-02;9.194738e-02;1.868065e-01;4.159008e-02;1.597395e-01;4.464637e-02;3.896250e-02;3.258230e-02;3.155188e-02
3.133456e-02;1.270861e-01;1.518424e-01;3.024920e-02;1.088251e-01;2.477983e-01;2.338037e-02;1.329440e-01;5.339487e-02;3.083674e-02;2.511917e-02;3.718920e-02
3.418879e-02;1.037142e-01;1.501229e-01;5.004656e-02;1.471948e-01;2.482108e-01;4.051874e-02;8.897405e-02;4.578343e-02;2.148793e-02;2.139959e-02;4.835823e-02
3.322132e-02;6.651944e-02;1.125894e-01;1.118132e-01;2.221544e-01;1.845948e-01;7.492603e-02;5.636537e-02;2.998499e-02;1.858003e-02;3.396299e-02;5.528801e-02
1.712231e-02;6.243500e-02;7.750764e-02;1.615820e-01;2.396985e-01;1.390397e-01;8.680879e-02;7.182401e-02;2.305670e-02;2.469193e-02;5.428587e-02;4.194754e-02
9.410538e-03;6.007244e-02;8.133635e-02;1.934465e-01;2.149563e-01;1.586393e-01;6.289812e-02;8.120061e-02;1.961949e-02;2.836876e-02;5.659843e-02;3.345316e-02
7.743115e-03;6.355014e-02;8.557384e-02;2.405210e-01;2.028879e-01;1.217836e-01;2.716046e-02;8.893855e-02;2.699773e-02;2.976941e-02;6.919196e-02;3.588228e-02
1.008273e-02;5.258498e-02;9.461603e-02;2.774270e-01;1.957791e-01;4.725447e-02;3.151058e-02;1.160093e-01;3.969433e-02;3.348709e-02;7.236983e-02;2.918450e-02
2.273556e-02;5.428113e-02;1.351137e-01;2.539592e-01;1.439224e-01;1.077958e-01;3.529115e-02;1.045125e-01;2.815981e-02;3.136765e-02;6.344381e-02;1.941737e-02
3.361432e-02;5.834807e-02;1.818535e-01;2.259145e-01;1.056155e-01;1.069426e-01;4.278392e-02;8.492783e-02;3.189996e-02;3.506799e-02;6.744169e-02;2.559020e-02
3.377822e-02;9.678121e-02;2.042239e-01;1.834718e-01;8.636361e-02;7.497645e-02;4.419198e-02;9.882460e-02;5.512044e-02;3.022774e-02;6.403015e-02;2.800977e-02
2.560505e-02;9.624507e-02;1.587829e-01;1.526459e-01;9.283767e-02;1.266353e-01;5.101805e-02;1.028209e-01;7.879549e-02;3.387416e-02;5.117410e-02;2.956535e-02
4.233809e-02;7.474008e-02;7.739751e-02;1.221054e-01;8.596298e-02;1.984931e-01;5.974741e-02;1.175380e-01;6.681966e-02;5.156334e-02;5.888470e-02;4.440973e-02
4.072373e-02;7.152072e-02;1.214675e-01;9.012172e-02;5.730483e-02;2.482346e-01;5.580643e-02;1.233825e-01;4.588255e-02;4.045914e-02;4.414247e-02;6.095385e-02
3.997163e-02;5.712761e-02;1.598668e-01;8.887302e-02;7.005791e-02;2.588100e-01;5.424737e-02;9.589943e-02;3.986390e-02;3.193635e-02;3.532400e-02;6.802201e-02
3.106859e-02;7.321552e-02;1.918207e-01;8.333789e-02;8.468061e-02;2.694276e-01;3.373052e-02;8.057656e-02;2.864467e-02;2.481413e-02;3.565318e-02;6.303004e-02
1.723062e-02;7.223624e-02;1.938483e-01;7.276707e-02;6.675826e-02;3.211089e-01;1.505197e-02;1.006129e-01;2.373182e-02;1.528187e-02;4.141480e-02;5.995729e-02
1.496420e-02;8.047484e-02;1.988289e-01;5.816291e-02;7.440419e-02;2.804028e-01;2.322406e-02;1.111554e-01;3.904707e-02;1.350612e-02;4.067965e-02;6.514980e-02
1.551780e-02;1.036959e-01;2.370916e-01;8.538740e-02;1.059742e-01;2.014443e-01;2.136657e-02;8.445572e-02;2.794781e-02;1.349682e-02;3.093734e-02;7.268456e-02
9.606275e-03;1.017737e-01;2.274725e-01;1.016642e-01;8.391459e-02;2.511278e-01;2.011284e-02;5.499606e-02;2.582731e-02;1.807449e-02;4.833603e-02;5.709422e-02
1.309533e-02;1.104523e-01;2.311353e-01;1.028215e-01;9.262781e-02;2.338426e-01;1.494101e-02;7.024585e-02;1.536723e-02;1.273475e-02;5.245619e-02;5.028008e-02
2.011226e-02;1.150861e-01;2.537261e-01;1.108461e-01;1.059136e-01;1.347730e-01;3.261220e-02;7.203275e-02;2.332547e-02;1.800842e-02;4.684151e-02;6.672242e-02
1.477330e-02;8.214492e-02;2.051582e-01;1.114662e-01;9.189978e-02;2.711193e-01;2.255885e-02;7.551251e-02;1.721605e-02;1.519450e-02;3.615719e-02;5.679914e-02
9.504674e-03;8.413661e-02;2.313814e-01;1.218867e-01;8.237841e-02;2.769222e-01;8.586210e-03;5.749571e-02;2.312646e-02;1.555025e-02;3.947339e-02;4.955796e-02
1.534740e-02;1.077330e-01;2.604345e-01;1.049001e-01;6.507756e-02;2.128107e-01;9.454785e-03;6.527498e-02;3.571420e-02;2.271297e-02;4.391076e-02;5.662917e-02
1.830936e-02;1.293473e-01;2.857761e-01;8.102142e-02;5.514641e-02;1.872269e-01;8.499351e-03;6.665885e-02;3.413279e-02;2.641595e-02;5.068932e-02;5.677620e-02
1.733689e-02;1.236943e-01;2.990553e-01;7.000063e-02;6.723677e-02;1.667902e-01;7.407554e-03;7.197325e-02;4.180085e-02;2.327855e-02;6.088647e-02;5.053911e-02
1.265809e-02;9.258033e-02;3.033779e-01;5.681160e-02;8.878550e-02;2.482499e-01;6.086353e-03;4.472205e-02;2.917088e-02;1.838905e-02;5.752852e-02;4.163979e-02
1.330609e-02;9.226469e-02;2.945155e-01;7.642155e-02;1.100580e-01;2.261906e-01;1.417348e-02;5.092180e-02;1.442770e-02;1.591821e-02;4.231681e-02;4.948554e-02
1.115942e-02;9.350155e-02;3.091531e-01;1.002363e-01;1.181792e-01;1.690438e-01;2.099685e-02;5.437150e-02;1.462344e-02;1.823726e-02;4.317867e-02;4.731899e-02
1.350799e-02;9.990648e-02;3.067913e-01;9.549576e-02;9.738530e-02;1.647887e-01;2.508325e-02;5.400465e-02;1.626605e-02;2.608212e-02;5.943282e-02;4.125558e-02
2.517590e-02;1.065671e-01;3.025606e-01;9.462264e-02;8.719532e-02;7.878099e-02;3.685734e-02;7.771888e-02;4.071866e-02;3.192415e-02;6.796967e-02;4.990872e-02
4.099069e-02;9.053206e-02;1.864178e-01;8.585151e-02;9.202823e-02;9.931343e-02;4.562486e-02;9.667002e-02;1.082224e-01;4.541607e-02;5.080914e-02;5.812373e-02
4.557752e-02;1.217616e-01;1.469057e-01;8.077377e-02;6.637895e-02;8.489995e-02;3.714468e-02;1.187020e-01;1.181079e-01;5.270496e-02;5.406822e-02;7.297466e-02
2.621320e-02;1.146572e-01;1.897149e-01;8.886991e-02;4.688399e-02;1.095802e-01;2.259262e-02;1.012677e-01;5.353984e-02;4.085876e-02;8.429786e-02;1.215239e-01
2.636190e-02;9.363406e-02;2.014685e-01;8.591002e-02;4.667399e-02;1.662998e-01;2.035907e-02;6.495843e-02;3.196390e-02;3.094243e-02;9.163528e-02;1.397927e-01
3.541487e-02;1.211797e-01;2.082398e-01;6.072594e-02;3.261675e-02;1.928044e-01;2.392494e-02;4.432513e-02;4.126996e-02;3.661516e-02;8.090688e-02;1.219764e-01
2.346294e-02;1.365547e-01;1.945391e-01;2.789963e-02;3.351833e-02;2.347852e-01;3.033073e-02;8.559451e-02;6.255567e-02;4.632301e-02;4.837580e-02;7.606038e-02
2.512837e-02;1.314105e-01;1.483408e-01;4.393242e-02;6.981203e-02;1.978028e-01;3.510310e-02;8.784865e-02;6.742314e-02;4.826025e-02;6.229704e-02;8.264078e-02
2.824384e-02;1.024016e-01;1.592989e-01;8.569250e-02;9.428762e-02;9.843392e-02;5.568101e-02;6.582262e-02;5.638354e-02;6.201642e-02;1.271190e-01;6.461909e-02
1.945135e-02;1.043066e-01;1.741279e-01;8.985657e-02;7.040164e-02;1.177671e-01;4.303168e-02;6.562281e-02;5.150937e-02;8.281323e-02;1.068046e-01;7.430710e-02
1.868016e-02;7.500723e-02;1.272471e-01;6.682228e-02;9.456130e-02;2.387194e-01;1.999414e-02;7.945161e-02;4.890023e-02;6.675880e-02;8.768184e-02;7.617599e-02
1.563584e-02;4.298249e-02;6.820527e-02;6.200906e-02;1.484540e-01;3.032613e-01;3.316633e-02;9.973819e-02;6.347419e-02;3.457670e-02;7.426953e-02;5.422708e-02
1.105328e-02;5.253243e-02;9.288245e-02;8.450642e-02;1.373984e-01;2.600809e-01;3.959948e-02;7.140435e-02;6.520379e-02;2.695071e-02;8.605772e-02;7.233004e-02
2.499437e-02;8.845142e-02;9.833581e-02;8.007175e-02;9.292979e-02;1.311567e-01;4.762983e-02;1.487385e-01;6.771013e-02;3.169272e-02;8.924809e-02;9.904092e-02
2.926657e-02;1.298914e-01;1.270434e-01;5.673330e-02;5.304984e-02;1.316763e-01;4.730305e-02;1.782082e-01;7.557725e-02;2.678820e-02;5.155709e-02;9.290539e-02
2.896446e-02;1.185457e-01;1.429527e-01;3.692882e-02;4.157061e-02;1.724040e-01;3.802021e-02;1.950355e-01;8.149220e-02;5.395473e-02;3.339363e-02;5.673745e-02
2.651557e-02;1.140167e-01;1.246745e-01;2.189798e-02;2.717100e-02;2.249526e-01;3.296861e-02;1.879561e-01;1.265785e-01;6.041722e-02;2.528823e-02;2.756304e-02
2.580780e-02;1.166240e-01;1.052640e-01;1.632120e-02;2.222246e-02;2.707704e-01;2.700738e-02;1.759124e-01;1.483769e-01;5.331123e-02;1.710805e-02;2.127424e-02
2.726939e-02;1.184767e-01;9.433178e-02;1.925508e-02;2.697780e-02;3.458445e-01;2.591719e-02;1.476289e-01;1.271489e-01;3.692540e-02;1.361111e-02;1.661312e-02
1.939110e-02;1.042346e-01;1.253536e-01;2.255080e-02;2.702087e-02;3.371249e-01;1.690266e-02;2.126628e-01;1.010327e-01;1.539622e-02;8.875338e-03;9.454342e-03
1.307301e-02;7.236028e-02;3.142271e-02;2.033611e-02;2.763802e-02;3.410771e-01;1.568945e-02;3.185398e-01;1.282868e-01;1.603801e-02;7.605826e-03;7.932850e-03
1.644646e-02;8.934005e-02;9.485146e-02;1.886577e-02;2.193132e-02;2.164938e-01;2.036289e-02;3.570328e-01;1.376937e-01;1.470964e-02;5.384068e-03;6.888094e-03
3.158484e-02;1.179411e-01;1.181945e-01;2.218832e-02;1.957637e-02;1.915185e-01;1.676486e-02;3.585431e-01;8.439491e-02;1.955545e-02;1.095840e-02;8.779684e-03
5.523330e-02;1.118654e-01;7.571269e-02;3.593482e-02;4.511355e-02;2.226849e-01;2.915594e-02;2.542969e-01;6.378305e-02;4.126391e-02;3.218830e-02;3.276725e-02
