6.797392e-02;5.280741e-02;8.709578e-02;6.634605e-02;7.398062e-02;5.579856e-02;1.366982e-01;1.014332e-01;1.447678e-01;9.329274e-02;5.037052e-02;6.943524e-02
1.076476e-01;7.218121e-02;1.016825e-01;7.661432e-02;7.103987e-02;7.727446e-02;1.372629e-01;7.998391e-02;1.025894e-01;8.247662e-02;2.404502e-02;6.720217e-02
1.209009e-01;6.529559e-02;8.976839e-02;4.245409e-02;6.848794e-02;7.295439e-02;1.502966e-01;7.039160e-02;9.702478e-02;9.961482e-02;4.074411e-02;8.206681e-02
1.024548e-01;6.801122e-02;8.392209e-02;3.778326e-02;6.806821e-02;6.520206e-02;1.387464e-01;7.155097e-02;9.892635e-02;6.940914e-02;1.120758e-01;8.384972e-02
8.506631e-02;6.625657e-02;8.299367e-02;6.344519e-02;7.989449e-02;7.211124e-02;1.367708e-01;6.792585e-02;9.973171e-02;5.482634e-02;1.283687e-01;6.260911e-02
8.103269e-02;7.919201e-02;9.271193e-02;8.077331e-02;7.701635e-02;6.777266e-02;1.223041e-01;9.409680e-02;8.572466e-02;7.292331e-02;1.002707e-01;4.618154e-02
7.441283e-02;6.994272e-02;8.343204e-02;7.619009e-02;5.808207e-02;8.311715e-02;1.441117e-01;1.012597e-01;8.436145e-02;6.155426e-02;1.107680e-01;5.276801e-02
1.027623e-01;6.961118e-02;8.466903e-02;6.691351e-02;5.584320e-02;1.210409e-01;1.150924e-01;5.915242e-02;8.948699e-02;7.254739e-02;9.214072e-02;7.073992e-02
1.366556e-01;9.016368e-02;1.142967e-01;4.590042e-02;3.636494e-02;1.172626e-01;7.571573e-02;7.689923e-02;7.657744e-02;8.704406e-02;4.313888e-02;9.998067e-02
1.693895e-01;8.712412e-02;1.252596e-01;3.204130e-02;3.259972e-02;7.986955e-02;1.071724e-01;5.242870e-02;6.508054e-02;7.935452e-02;7.616246e-02;9.351764e-02
1.475621e-01;6.683128e-02;1.356395e-01;5.348851e-02;5.522864e-02;8.511277e-02;1.204938e-01;4.631132e-02;4.925951e-02;7.231974e-02;8.852230e-02;7.923049e-02
6.922686e-02;5.745710e-02;1.132132e-01;8.797290e-02;4.516457e-02;8.870225e-02;1.535226e-01;5.965008e-02;7.023175e-02;8.892840e-02;7.297657e-02;9.295370e-02
5.195428e-02;5.041843e-02;8.042451e-02;9.144993e-02;5.242535e-02;8.081346e-02;1.676235e-01;7.265218e-02;7.097663e-02;8.272243e-02;6.793319e-02;1.306061e-01
9.214894e-02;7.180408e-02;9.060541e-02;6.324624e-02;7.088134e-02;7.394800e-02;1.272156e-01;8.816827e-02;6.072590e-02;7.028679e-02;5.568377e-02;1.352856e-01
7.535241e-02;7.922290e-02;1.150911e-01;7.568584e-02;7.356434e-02;6.214628e-02;7.110052e-02;1.036365e-01;9.420361e-02;6.538047e-02;1.002496e-01;8.436643e-02
6.469365e-02;7.124579e-02;9.033186e-02;7.410400e-02;9.062385e-02;5.402318e-02;8.278649e-02;1.089807e-01;1.242989e-01;6.147682e-02;9.815776e-02;7.927711e-02
1.121354e-01;4.822162e-02;1.480343e-01;7.707928e-02;1.000627e-01;5.937617e-02;7.139693e-02;8.744439e-02;8.829897e-02;6.688171e-02;5.194765e-02;8.912089e-02
8.893804e-02;3.354032e-02;1.546040e-01;7.725502e-02;1.029518e-01;9.501743e-02;1.169631e-01;9.588112e-02;7.888326e-02;4.550343e-02;6.555519e-02;4.490718e-02
7.349175e-02;3.077747e-02;1.264308e-01;8.640441e-02;8.899243e-02;7.509217e-02;1.883255e-01;1.646674e-01;6.981511e-02;2.700170e-02;4.260704e-02;2.639427e-02
6.315287e-02;2.285883e-02;1.347955e-01;7.021174e-02;6.889486e-02;4.578214e-02;2.646492e-01;1.655394e-01;6.660633e-02;4.529861e-02;2.651563e-02;2.569496e-02
4.793917e-02;2.081600e-02;1.543678e-01;3.805736e-02;4.657780e-02;8.012407e-02;3.503777e-01;1.162129e-01;3.151125e-02;6.986050e-02;1.459057e-02;2.956477e-02
3.037516e-02;2.886918e-02;1.466527e-01;1.665294e-02;2.991734e-02;1.131668e-01;3.747919e-01;6.326243e-02;4.716346e-02;8.695770e-02;1.936733e-02;4.282317e-02
1.414703e-02;2.904945e-02;1.330386e-01;8.187835e-03;2.666787e-02;1.703794e-01;3.353417e-01;3.884636e-02;8.180096e-02;8.476709e-02;1.528302e-02;6.249063e-02
1.723168e-02;4.093816e-02;1.278756e-01;1.438796e-02;2.749550e-02;2.319308e-01;2.815289e-01;2.337438e-02;7.162591e-02;6.745657e-02;1.634317e-02;7.981125e-02
2.355063e-02;7.241635e-02;1.093122e-01;2.833905e-02;4.189321e-02;2.716123e-01;2.004295e-01;3.593766e-02;6.183597e-02;4.798180e-02;1.691940e-02;8.977202e-02
5.666411e-02;1.027586e-01;1.054350e-01;3.755610e-02;6.650022e-02;2.629004e-01;1.586437e-01;3.855491e-02;2.889624e-02;3.321146e-02;1.687667e-02;9.200244e-02
8.144215e-02;1.224471e-01;1.050282e-01;4.396956e-02;7.102507e-02;2.264122e-01;1.517117e-01;2.913637e-02;2.041589e-02;2.729296e-02;1.857096e-02;1.025478e-01
8.618215e-02;1.284130e-01;1.287332e-01;4.039870e-02;5.501302e-02;1.683422e-01;1.484485e-01;3.486544e-02;2.705484e-02;3.263067e-02;1.872676e-02;1.311915e-01
2.292526e-02;1.031802e-01;2.701647e-01;3.770555e-02;2.829692e-02;8.041598e-02;1.284850e-01;4.033108e-02;4.156097e-02;6.128056e-02;1.863424e-02;1.670197e-01
1.645760e-02;8.416180e-02;3.511352e-01;3.706557e-02;1.566362e-02;6.620796e-02;1.175338e-01;2.545788e-02;1.592439e-02;6.622951e-02;2.599402e-02;1.781686e-01
1.404029e-02;6.715831e-02;3.457270e-01;2.442788e-02;1.419874e-02;7.910457e-02;1.341494e-01;2.661421e-02;3.059264e-02;7.031579e-02;2.887220e-02;1.647989e-01
4.386925e-02;5.139542e-02;3.506826e-01;2.083810e-02;1.992886e-02;7.821473e-02;1.553869e-01;2.200887e-02;3.589919e-02;7.460322e-02;2.444479e-02;1.227280e-01
6.010616e-02;3.840552e-02;3.874629e-01;2.611712e-02;2.104471e-02;7.005909e-02;1.693985e-01;1.993918e-02;2.157138e-02;7.727778e-02;2.220785e-02;8.640990e-02
6.499227e-02;4.355378e-02;4.342550e-01;2.381772e-02;2.187880e-02;5.969154e-02;1.750364e-01;8.848815e-03;1.664165e-02;7.709789e-02;1.903071e-02;5.515537e-02
5.697011e-02;4.911098e-02;4.631550e-01;2.514756e-02;3.072337e-02;5.382645e-02;1.626714e-01;1.711302e-02;1.908191e-02;7.514183e-02;1.859703e-02;2.846142e-02
4.625993e-02;9.030697e-02;4.291415e-01;2.365767e-02;4.289926e-02;6.314196e-02;1.306270e-01;2.228771e-02;3.060823e-02;6.577426e-02;1.944989e-02;3.584561e-02
4.887199e-02;1.367481e-01;3.646588e-01;1.730265e-02;4.960217e-02;7.836431e-02;1.096703e-01;3.306029e-02;3.734406e-02;5.445856e-02;1.691016e-02;5.300850e-02
7.162107e-02;1.466987e-01;2.728097e-01;2.124988e-02;4.713152e-02;8.865663e-02;1.429062e-01;3.742921e-02;4.511397e-02;4.399422e-02;1.927639e-02;6.311250e-02
8.428870e-02;1.285496e-01;1.954609e-01;3.019144e-02;5.154601e-02;1.019242e-01;1.896832e-01;4.159623e-02;5.048711e-02;3.865695e-02;2.532018e-02;6.229545e-02
8.140044e-02;9.969062e-02;1.762377e-01;4.402659e-02;7.365178e-02;1.053086e-01;1.991632e-01;4.343319e-02;4.817391e-02;2.812287e-02;3.618478e-02;6.460620e-02
1.269182e-01;7.506141e-02;2.732818e-01;4.916698e-02;8.874085e-02;4.682775e-02;1.150387e-01;5.120593e-02;1.844716e-02;2.513070e-02;4.754312e-02;8.263738e-02
1.258284e-01;6.036111e-02;1.624263e-01;5.601853e-02;8.193521e-02;4.417607e-02;1.800818e-01;7.483350e-02;5.068009e-02;3.549648e-02;5.574821e-02;7.241432e-02
1.172590e-01;9.737744e-02;1.760210e-01;3.455711e-02;8.378796e-02;6.643564e-02;1.500554e-01;8.655670e-02;6.903660e-02;4.364534e-02;4.831808e-02;2.694978e-02
1.348061e-01;1.325524e-01;1.899696e-01;3.223587e-02;9.222274e-02;5.771943e-02;1.431469e-01;7.486217e-02;4.798851e-02;2.939557e-02;4.616297e-02;1.893775e-02
1.807756e-01;1.394004e-01;1.751287e-01;2.690304e-02;1.132062e-01;4.310907e-02;9.572041e-02;9.498264e-02;3.829741e-02;2.359848e-02;4.802988e-02;2.084818e-02
1.977692e-01;1.059667e-01;1.315510e-01;5.222543e-02;1.472821e-01;5.945978e-02;6.138879e-02;1.218999e-01;2.818784e-02;3.092868e-02;4.309072e-02;2.024987e-02
1.767917e-01;5.430429e-02;7.197436e-02;8.689240e-02;1.816845e-01;6.838102e-02;1.075585e-01;1.307587e-01;2.853170e-02;4.117339e-02;3.231070e-02;1.963871e-02
1.235978e-01;2.539029e-02;4.555173e-02;1.220094e-01;1.841314e-01;5.780564e-02;1.582721e-01;1.316618e-01;3.868666e-02;5.813863e-02;2.350978e-02;3.124475e-02
7.757633e-02;1.763062e-02;4.303955e-02;1.463029e-01;1.444983e-01;4.279323e-02;1.947876e-01;1.499604e-01;3.577010e-02;7.655712e-02;2.190131e-02;4.918250e-02
4.573892e-02;2.669000e-02;3.175930e-02;1.434204e-01;8.923179e-02;5.705495e-02;2.637130e-01;1.472855e-01;2.766824e-02;8.258753e-02;1.539754e-02;6.945282e-02
3.594145e-02;3.485920e-02;4.496053e-02;1.291183e-01;3.777449e-02;5.393273e-02;3.397744e-01;1.134938e-01;2.312932e-02;7.667086e-02;1.844045e-02;9.190454e-02
2.846503e-02;4.327795e-02;7.673556e-02;1.188577e-01;2.857845e-02;4.800732e-02;3.681366e-01;6.091309e-02;2.889726e-02;6.275193e-02;2.412533e-02;1.112538e-01
2.758411e-02;4.349150e-02;1.018864e-01;1.096419e-01;4.524274e-02;5.653898e-02;3.626001e-01;2.525401e-02;4.106654e-02;4.977404e-02;2.402386e-02;1.128959e-01
3.149138e-02;4.116437e-02;1.040229e-01;8.225274e-02;6.338805e-02;5.458132e-02;3.869839e-01;1.699974e-02;5.023737e-02;3.822197e-02;3.392693e-02;9.672926e-02
5.363553e-02;2.225746e-02;8.331600e-02;4.580404e-02;5.020752e-02;3.819824e-02;4.480638e-01;3.900514e-02;4.177120e-02;4.755083e-02;5.590999e-02;7.428026e-02
6.344062e-02;3.387275e-02;4.836699e-02;6.045891e-02;3.055180e-02;3.200652e-02;4.729505e-01;4.770964e-02;3.936711e-02;4.751155e-02;6.500170e-02;5.876192e-02
4.326455e-02;3.716721e-02;7.563519e-02;7.076274e-02;3.532850e-02;4.405107e-02;4.001904e-01;6.402965e-02;6.814080e-02;4.347377e-02;5.802740e-02;5.992869e-02
5.562289e-02;3.496089e-02;8.027490e-02;9.974697e-02;5.230030e-02;2.880195e-02;3.542227e-01;6.929390e-02;7.298200e-02;4.035141e-02;5.010395e-02;6.133810e-02
4.861479e-02;3.520363e-02;7.873771e-02;1.017425e-01;4.525211e-02;3.042095e-02;3.591683e-01;6.314331e-02;7.768476e-02;5.288025e-02;4.861997e-02;5.853171e-02
4.275608e-02;3.853806e-02;7.704899e-02;7.398087e-02;3.992249e-02;3.564473e-02;4.029579e-01;5.324251e-02;8.600011e-02;5.681906e-02;4.040369e-02;5.268554e-02
4.727910e-02;3.199830e-02;7.850774e-02;6.843616e-02;3.153278e-02;3.877569e-02;4.158317e-01;5.162184e-02;8.021716e-02;5.890513e-02;3.906476e-02;5.782963e-02
7.901757e-02;4.863032e-02;8.309144e-02;8.722520e-02;3.798406e-02;2.375870e-02;3.253719e-01;6.369019e-02;5.681925e-02;8.030149e-02;3.981454e-02;7.429536e-02
7.332285e-02;6.112127e-02;9.802140e-02;1.162340e-01;5.111534e-02;3.175496e-02;2.821048e-01;6.459056e-02;3.451562e-02;7.570177e-02;2.820446e-02;8.331300e-02
5.886472e-02;5.584774e-02;6.433319e-02;1.552048e-01;6.228983e-02;3.766855e-02;3.086637e-01;5.601249e-02;2.236036e-02;6.959557e-02;2.366393e-02;8.549511e-02
8.178607e-02;4.220369e-02;7.875057e-02;1.586805e-01;7.361341e-02;3.226531e-02;2.854699e-01;6.490967e-02;1.964245e-02;6.382668e-02;2.911793e-02;6.973375e-02
1.369676e-01;3.887859e-02;9.455484e-02;1.403653e-01;1.057667e-01;2.502368e-02;2.186343e-01;7.847830e-02;2.165803e-02;5.286916e-02;2.996557e-02;5.683799e-02
1.883152e-01;3.739010e-02;9.593475e-02;9.984838e-02;1.534824e-01;2.809152e-02;1.530041e-01;8.311649e-02;2.563759e-02;3.651478e-02;5.721114e-02;4.145345e-02
1.915565e-01;8.448426e-02;1.009585e-01;5.525323e-02;1.624590e-01;6.130842e-02;9.439439e-02;6.805869e-02;4.479645e-02;2.463662e-02;8.280211e-02;2.929185e-02
1.382055e-01;1.439177e-01;1.129907e-01;3.927069e-02;1.168836e-01;1.287536e-01;5.811766e-02;4.734526e-02;7.537407e-02;2.977219e-02;6.845967e-02;4.090946e-02
7.654939e-02;1.664362e-01;1.652515e-01;4.406395e-02;6.183860e-02;1.711347e-01;6.355117e-02;3.704588e-02;8.100966e-02;3.324671e-02;3.254167e-02;6.733058e-02
3.965557e-02;1.392826e-01;2.663049e-01;2.750786e-02;2.796285e-02;1.486514e-01;1.061112e-01;4.269247e-02;6.029114e-02;4.887553e-02;2.263645e-02;7.002799e-02
4.804327e-02;8.294025e-02;3.484189e-01;2.832064e-02;2.765969e-02;8.987439e-02;1.593055e-01;3.065530e-02;5.043195e-02;6.363135e-02;2.784771e-02;4.287107e-02
5.543656e-02;4.117558e-02;3.833347e-01;4.412911e-02;2.408617e-02;4.765093e-02;1.722439e-01;4.078552e-02;4.559629e-02;6.172052e-02;4.658109e-02;3.725964e-02
4.909178e-02;3.290508e-02;3.875826e-01;6.594922e-02;2.630512e-02;2.543903e-02;1.296986e-01;5.799274e-02;3.844472e-02;4.489974e-02;9.274697e-02;4.894449e-02
4.542224e-02;3.871258e-02;3.260598e-01;1.013690e-01;4.859966e-02;4.705916e-02;7.125640e-02;8.373395e-02;2.349421e-02;3.021860e-02;1.333788e-01;5.069572e-02
5.158093e-02;5.089391e-02;2.515186e-01;1.253395e-01;7.164901e-02;6.322771e-02;4.501797e-02;1.143985e-01;1.392608e-02;3.038950e-02;1.526601e-01;2.939822e-02
6.159436e-02;6.662434e-02;2.123047e-01;1.118327e-01;8.469128e-02;4.830675e-02;5.055375e-02;1.258510e-01;3.413590e-02;3.758967e-02;1.363896e-01;3.012584e-02
4.806966e-02;8.790123e-02;2.384817e-01;9.545385e-02;9.567843e-02;3.220401e-02;3.325352e-02;1.259363e-01;3.719233e-02;4.874055e-02;1.195970e-01;3.749135e-02
2.504010e-02;8.843792e-02;2.816615e-01;8.854664e-02;9.758206e-02;3.228955e-02;4.496154e-02;1.228659e-01;3.595485e-02;4.567048e-02;1.028690e-01;3.412062e-02
7.382608e-03;6.858195e-02;3.273456e-01;8.918894e-02;8.998890e-02;3.327973e-02;5.634383e-02;1.307488e-01;2.834331e-02;3.540032e-02;1.066564e-01;2.673962e-02
7.699921e-03;4.465910e-02;3.549572e-01;8.554132e-02;9.096325e-02;3.606079e-02;7.894879e-02;1.380767e-01;2.628226e-02;2.642403e-02;8.719291e-02;2.319380e-02
1.636133e-02;3.185797e-02;4.112194e-01;7.881281e-02;8.921544e-02;3.078595e-02;6.631909e-02;1.303577e-01;2.129266e-02;3.746755e-02;6.652422e-02;1.978588e-02
2.113129e-02;3.241121e-02;4.657205e-01;6.791955e-02;8.079912e-02;2.763200e-02;7.007176e-02;9.031347e-02;2.299969e-02;5.843971e-02;4.376374e-02;1.879792e-02
2.356151e-02;4.854251e-02;4.461336e-01;6.884983e-02;6.729575e-02;2.402158e-02;5.874164e-02;9.195319e-02;4.928060e-02;6.844851e-02;4.067603e-02;1.249520e-02
3.428504e-02;6.308196e-02;3.377753e-01;6.798852e-02;6.675103e-02;2.844319e-02;6.008843e-02;1.091035e-01;7.883307e-02;7.437002e-02;5.762871e-02;2.165122e-02
4.390400e-02;8.195630e-02;1.935194e-01;6.560900e-02;6.555858e-02;4.225686e-02;6.427159e-02;9.762449e-02;1.372197e-01;8.092814e-02;8.155015e-02;4.560181e-02
5.265014e-02;6.980723e-02;1.551150e-01;4.440877e-02;5.096302e-02;5.349464e-02;9.575761e-02;9.889511e-02;1.493771e-01;8.835434e-02;7.504676e-02;6.613030e-02
6.730037e-02;5.201306e-02;9.789377e-02;4.003772e-02;4.946994e-02;8.038325e-02;1.423707e-01;1.328097e-01;1.125192e-01;1.230766e-01;4.252179e-02;5.960398e-02
7.662597e-02;5.261281e-02;8.712353e-02;3.831192e-02;4.401075e-02;8.733460e-02;1.741247e-01;1.393697e-01;9.985887e-02;1.211197e-01;2.629659e-02;5.321077e-02
6.742898e-02;5.229566e-02;8.036429e-02;3.593552e-02;4.758550e-02;9.280571e-02;2.368700e-01;1.146013e-01;9.337571e-02;9.388527e-02;4.920886e-02;3.564331e-02
3.150466e-02;4.258985e-02;8.455345e-02;3.466722e-02;5.037681e-02;8.833971e-02;2.343709e-01;1.410135e-01;1.054397e-01;6.653643e-02;7.708790e-02;4.351987e-02
2.698898e-02;2.702011e-02;7.433046e-02;3.757347e-02;4.949512e-02;6.191028e-02;2.111707e-01;2.295341e-01;8.806159e-02;1.051885e-01;5.016160e-02;3.856515e-02
2.793775e-02;1.539537e-02;5.093974e-02;3.294611e-02;2.605839e-02;6.052158e-02;2.343154e-01;2.635124e-01;9.769334e-02;1.471885e-01;2.074052e-02;2.275080e-02
2.294677e-02;2.341462e-02;3.590740e-02;2.278790e-02;2.692238e-02;5.373888e-02;1.832319e-01;2.735558e-01;1.471299e-01;1.594863e-01;2.481829e-02;2.605982e-02
2.093292e-02;4.132515e-02;4.635819e-02;2.262698e-02;5.820011e-02;4.546944e-02;1.551802e-01;1.964127e-01;1.530452e-01;1.977275e-01;2.425358e-02;3.846814e-02
2.778585e-02;5.743727e-02;6.185779e-02;3.331379e-02;6.998190e-02;7.766526e-02;1.740794e-01;1.487127e-01;9.673397e-02;1.831004e-01;1.918551e-02;5.014618e-02
2.444959e-02;4.101424e-02;4.893642e-02;3.298723e-02;4.039790e-02;7.885861e-02;1.835012e-01;2.588788e-01;9.064627e-02;1.309419e-01;2.007418e-02;4.931368e-02
2.493415e-02;2.641711e-02;6.121649e-02;3.415448e-02;4.403522e-02;5.953292e-02;1.761803e-01;3.301187e-01;9.463390e-02;7.971412e-02;2.573872e-02;4.332385e-02
4.264783e-02;3.919109e-02;1.017329e-01;3.816852e-02;7.200265e-02;7.624575e-02;1.252898e-01;2.541632e-01;8.295202e-02;1.055503e-01;2.613403e-02;3.592191e-02
5.757938e-02;4.101432e-02;7.352208e-02;2.294609e-02;9.724673e-02;7.921175e-02;9.690905e-02;2.183535e-01;6.522571e-02;1.988814e-01;3.787765e-02;1.123232e-02
6.934527e-02;4.691665e-02;3.644073e-02;2.323631e-02;1.117923e-01;4.940640e-02;1.552581e-01;1.240482e-01;8.379102e-02;2.252070e-01;3.651275e-02;3.804532e-02
5.613243e-02;3.858013e-02;5.152399e-02;1.719516e-02;8.006955e-02;1.227384e-01;2.963587e-01;1.085492e-01;7.297716e-02;1.103668e-01;1.457276e-02;3.093577e-02
3.184326e-02;3.891154e-02;4.686669e-02;3.056240e-02;4.670240e-02;1.756650e-01;2.851927e-01;1.486028e-01;8.135408e-02;7.696383e-02;2.167537e-02;1.565984e-02
3.233733e-02;3.192598e-02;5.574292e-02;4.507262e-02;3.990205e-02;1.589728e-01;2.464313e-01;1.591648e-01;8.090573e-02;8.403248e-02;3.206846e-02;3.344349e-02
3.225999e-02;3.620312e-02;4.031981e-02;3.650688e-02;4.256265e-02;1.378424e-01;3.652197e-01;1.427056e-01;4.258961e-02;6.018283e-02;3.469942e-02;2.890798e-02
4.464720e-02;4.526537e-02;5.021993e-02;3.171753e-02;3.773382e-02;1.553696e-01;3.315715e-01;1.282361e-01;5.016393e-02;6.061992e-02;3.726606e-02;2.718900e-02
5.705727e-02;5.710774e-02;5.313436e-02;3.485621e-02;3.698391e-02;1.616690e-01;2.168153e-01;1.609319e-01;8.451667e-02;5.819842e-02;4.946665e-02;2.926251e-02
7.167719e-02;4.793458e-02;4.683480e-02;3.492157e-02;2.212533e-02;9.324960e-02;3.767178e-01;1.333535e-01;6.503765e-02;3.077235e-02;4.326591e-02;3.410972e-02
7.692889e-02;5.182642e-02;4.161251e-02;3.165928e-02;4.404583e-02;4.237167e-02;4.286817e-01;9.109789e-02;8.270533e-02;4.609269e-02;2.574636e-02;3.723136e-02
6.745355e-02;6.044467e-02;3.045619e-02;2.460079e-02;7.154111e-02;8.264071e-02;3.609264e-01;1.062091e-01;7.857811e-02;5.117521e-02;1.990361e-02;4.607048e-02
4.005655e-02;6.678498e-02;3.656848e-02;2.052275e-02;1.038365e-01;1.764705e-01;2.514143e-01;1.163275e-01;6.303319e-02;5.116085e-02;2.519779e-02;4.862661e-02
7.359086e-02;4.868706e-02;4.309248e-02;2.718608e-02;1.030232e-01;2.167387e-01;1.740247e-01;8.995179e-02;7.401454e-02;5.553815e-02;3.505339e-02;5.909902e-02
1.191515e-01;5.463698e-02;7.502577e-02;2.889589e-02;7.432587e-02;1.897650e-01;1.698057e-01;4.383133e-02;6.610002e-02;5.953726e-02;5.667849e-02;6.224627e-02
1.259134e-01;6.554378e-02;9.806516e-02;3.327180e-02;7.779548e-02;1.254009e-01;1.571910e-01;5.080154e-02;5.902958e-02;7.891798e-02;7.569046e-02;5.237897e-02
1.359290e-01;8.009870e-02;1.185006e-01;3.928060e-02;6.032567e-02;7.332153e-02;1.620025e-01;5.255454e-02;5.343180e-02;6.908276e-02;8.160192e-02;7.387041e-02
1.006169e-01;5.477852e-02;7.048371e-02;5.011298e-02;7.470229e-02;7.577942e-02;2.100973e-01;5.522343e-02;8.293825e-02;7.028586e-02;7.096771e-02;8.401361e-02
1.094754e-01;3.177345e-02;6.472716e-02;3.686667e-02;7.533893e-02;5.549789e-02;1.885513e-01;5.809668e-02;1.231947e-01;8.176015e-02;7.717650e-02;9.754111e-02
9.765739e-02;4.967658e-02;9.135538e-02;4.088942e-02;8.190162e-02;4.948819e-02;1.051995e-01;5.581305e-02;9.185200e-02;1.003929e-01;1.143441e-01;1.214299e-01
7.675026e-02;9.245505e-02;9.691352e-02;6.536532e-02;6.664914e-02;4.370331e-02;8.146709e-02;9.254009e-02;8.373287e-02;9.477668e-02;9.145395e-02;1.141927e-01
9.669923e-02;1.024280e-01;1.179911e-01;9.743073e-02;3.637945e-02;4.939988e-02;1.246488e-01;7.781303e-02;4.591001e-02;6.372869e-02;1.005354e-01;8.703569e-02
9.376410e-02;1.146944e-01;1.570164e-01;9.794573e-02;6.450821e-02;7.034612e-02;1.029824e-01;3.428945e-02;4.535882e-02;5.032562e-02;9.287654e-02;7.589223e-02
9.292047e-02;1.122148e-01;1.811197e-01;8.024814e-02;6.609458e-02;5.230117e-02;8.149804e-02;2.588238e-02;7.170227e-02;5.841676e-02;8.458565e-02;9.301597e-02
9.520447e-02;5.759117e-02;1.086627e-01;5.855884e-02;8.488268e-02;7.828527e-02;1.104323e-01;2.765834e-02;7.264385e-02;6.968775e-02;9.867229e-02;1.377204e-01
8.430598e-02;6.826497e-02;1.094447e-01;4.666311e-02;6.970016e-02;5.117660e-02;1.493405e-01;5.082043e-02;6.575689e-02;8.208702e-02;1.015388e-01;1.209008e-01
9.854112e-02;6.016469e-02;1.188089e-01;4.056925e-02;6.100843e-02;5.053655e-02;1.478269e-01;5.137945e-02;6.375889e-02;7.063059e-02;1.079829e-01;1.287924e-01
1.041232e-01;4.548697e-02;1.082377e-01;3.128692e-02;7.455058e-02;6.333299e-02;1.211825e-01;3.017969e-02;6.477353e-02;6.742927e-02;1.343677e-01;1.550489e-01
8.147256e-02;4.013037e-02;1.603767e-01;2.813135e-02;7.424971e-02;6.826375e-02;6.630716e-02;7.130549e-02;7.637706e-02;4.128565e-02;1.442264e-01;1.478737e-01
8.711558e-02;1.682095e-02;2.390769e-01;3.679123e-02;5.133649e-02;5.770386e-02;9.386455e-02;7.377484e-02;7.513762e-02;3.182772e-02;8.972118e-02;1.468291e-01
8.874740e-02;4.841586e-02;2.849299e-01;2.860189e-02;3.786488e-02;5.114913e-02;1.261861e-01;3.644637e-02;5.959332e-02;4.442816e-02;5.615152e-02;1.374854e-01
9.356379e-02;4.853648e-02;3.243308e-01;3.611161e-02;3.780035e-02;4.554222e-02;1.216050e-01;2.322590e-02;2.656990e-02;6.493508e-02;6.918790e-02;1.085910e-01
8.838273e-02;3.922116e-02;3.323410e-01;3.785856e-02;4.483140e-02;4.106605e-02;1.117282e-01;4.689873e-02;4.109697e-02;6.894430e-02;8.813851e-02;5.949233e-02
7.618485e-02;6.068109e-02;3.077722e-01;3.690226e-02;4.963303e-02;4.952275e-02;1.302904e-01;5.442781e-02;7.343751e-02;4.406613e-02;8.679090e-02;3.029106e-02
3.530911e-02;7.424264e-02;2.139614e-01;4.293904e-02;5.746888e-02;6.033714e-02;1.343226e-01;8.476236e-02;8.115523e-02;5.929269e-02;7.335447e-02;8.285439e-02
6.410705e-02;5.874361e-02;1.043100e-01;3.412845e-02;9.201539e-02;8.482204e-02;1.292212e-01;1.095649e-01;9.155608e-02;1.049643e-01;6.187511e-02;6.469183e-02
5.241920e-02;5.371486e-02;7.824726e-02;3.856262e-02;8.317487e-02;1.281128e-01;1.710211e-01;9.719095e-02;1.059776e-01;9.509852e-02;4.909415e-02;4.738608e-02
6.214671e-02;5.974508e-02;7.283188e-02;4.534217e-02;8.155722e-02;1.401384e-01;1.759728e-01;9.848216e-02;9.960257e-02;8.065656e-02;3.888898e-02;4.463537e-02
5.616968e-02;6.551120e-02;7.372132e-02;4.595096e-02;7.992664e-02;1.403013e-01;1.413583e-01;1.130607e-01;1.320689e-01;7.415435e-02;3.926349e-02;3.851313e-02
4.851757e-02;5.793766e-02;5.888179e-02;3.264746e-02;6.290630e-02;1.090155e-01;1.215864e-01;1.105011e-01;1.922737e-01;1.485458e-01;3.659752e-02;2.058918e-02
5.069008e-02;3.348497e-02;6.433357e-02;3.253780e-02;5.855339e-02;7.781195e-02;1.546373e-01;1.029512e-01;1.695806e-01;1.760462e-01;3.269238e-02;4.668054e-02
4.084391e-02;2.992089e-02;6.632698e-02;3.071928e-02;5.709983e-02;7.721367e-02;1.538602e-01;1.656658e-01;1.638853e-01;1.276370e-01;1.876874e-02;6.805841e-02
5.561629e-02;2.520458e-02;1.043072e-01;3.261157e-02;4.077884e-02;5.627447e-02;2.368344e-01;1.656221e-01;1.312460e-01;7.634591e-02;3.157610e-02;4.358252e-02
8.578940e-02;6.597684e-02;1.343012e-01;2.775083e-02;5.339910e-02;5.607926e-02;2.947069e-01;8.756620e-02;6.001173e-02;5.589170e-02;4.124030e-02;3.728653e-02
1.255206e-01;9.560131e-02;9.649077e-02;2.494086e-02;5.921142e-02;7.538362e-02;2.950652e-01;4.879929e-02;2.913605e-02;5.839187e-02;3.514167e-02;5.631735e-02
1.733944e-01;9.990539e-02;6.862476e-02;2.528871e-02;6.877795e-02;9.334935e-02;2.617363e-01;3.796656e-02;2.044368e-02;5.936800e-02;3.570315e-02;5.544181e-02
2.155570e-01;8.363803e-02;5.810030e-02;2.258214e-02;1.074828e-01;1.206928e-01;2.051865e-01;2.657230e-02;2.846206e-02;4.264012e-02;3.890374e-02;5.018230e-02
2.001433e-01;5.707778e-02;9.090894e-02;2.215170e-02;1.651035e-01;1.370725e-01;1.332189e-01;2.659872e-02;4.013235e-02;2.523309e-02;2.801535e-02;7.434395e-02
1.388174e-01;2.441296e-02;8.620806e-02;3.820480e-02;2.212973e-01;1.267672e-01;1.050014e-01;3.239186e-02;6.010108e-02;2.735161e-02;3.905506e-02;1.003912e-01
9.341370e-02;3.959246e-02;8.517715e-02;5.330208e-02;2.451978e-01;9.337590e-02;1.058199e-01;2.975965e-02;9.712061e-02;2.606094e-02;4.615584e-02;8.502408e-02
7.123615e-02;4.351179e-02;8.662175e-02;5.120498e-02;2.606100e-01;7.141144e-02;1.110928e-01;4.475588e-02;1.065709e-01;4.814709e-02;3.079654e-02;7.404070e-02
1.642118e-01;5.379431e-02;9.244457e-02;3.296969e-02;2.240295e-01;1.034921e-01;1.018013e-01;3.993907e-02;4.114918e-02;3.248648e-02;2.185077e-02;9.183124e-02
2.239427e-01;5.737251e-02;6.600451e-02;2.560837e-02;1.499723e-01;1.367368e-01;1.158737e-01;3.505185e-02;7.156440e-02;2.728971e-02;1.969582e-02;7.088722e-02
2.540007e-01;7.501125e-02;5.284772e-02;2.147993e-02;1.104667e-01;1.568625e-01;9.424412e-02;2.617953e-02;1.065210e-01;2.800987e-02;1.928273e-02;5.509393e-02
2.233019e-01;7.289306e-02;5.423816e-02;2.393529e-02;1.169183e-01;1.511633e-01;7.956228e-02;2.421532e-02;1.330017e-01;2.946068e-02;1.728731e-02;7.402268e-02
1.510737e-01;4.981134e-02;6.780715e-02;3.169041e-02;1.570881e-01;1.337882e-01;7.516073e-02;3.183527e-02;1.555143e-01;2.682718e-02;1.787361e-02;1.015301e-01
7.489840e-02;3.076750e-02;4.786820e-02;6.102206e-02;2.046873e-01;1.101525e-01;7.291401e-02;5.673475e-02;1.718301e-01;3.028147e-02;1.952940e-02;1.193143e-01
3.867723e-02;3.580276e-02;6.409781e-02;1.223275e-01;1.965378e-01;6.916081e-02;5.457995e-02;1.041959e-01;1.346712e-01;4.827457e-02;4.516670e-02;8.650788e-02
2.196866e-02;4.184977e-02;1.125888e-01;1.673974e-01;1.333218e-01;5.381883e-02;6.567018e-02;1.695669e-01;7.388173e-02;5.239782e-02;7.769637e-02;2.984181e-02
2.072657e-02;3.026518e-02;1.792476e-01;1.734668e-01;7.498754e-02;4.615051e-02;1.027385e-01;1.918883e-01;3.458286e-02;4.369442e-02;8.723888e-02;1.501291e-02
3.863277e-02;2.060893e-02;2.702391e-01;1.364612e-01;4.107923e-02;2.771250e-02;1.374682e-01;1.634334e-01;3.877079e-02;4.651298e-02;6.052699e-02;1.855391e-02
4.811926e-02;3.080967e-02;3.252536e-01;9.929138e-02;3.663573e-02;2.524628e-02;1.463613e-01;1.238418e-01;4.128655e-02;6.651498e-02;3.608572e-02;2.055367e-02
5.626225e-02;4.790198e-02;3.307161e-01;8.203051e-02;5.924154e-02;3.519249e-02;1.226942e-01;9.120113e-02;2.302119e-02;6.897583e-02;6.264587e-02;2.011683e-02
6.545549e-02;7.194018e-02;2.859737e-01;5.347867e-02;6.499121e-02;5.396642e-02;1.204560e-01;8.093011e-02;2.797727e-02;6.072628e-02;7.757995e-02;3.652469e-02
7.076409e-02;7.341945e-02;1.920248e-01;9.078644e-02;5.323839e-02;7.199371e-02;1.707294e-01;3.589888e-02;6.597191e-02;4.850844e-02;4.380860e-02;8.285590e-02
8.338180e-02;7.946375e-02;1.376621e-01;1.179982e-01;6.202859e-02;7.120249e-02;1.189302e-01;8.611993e-02;7.418745e-02;5.599838e-02;4.172438e-02;7.130282e-02
8.451340e-02;9.498660e-02;1.400104e-01;1.499961e-01;7.157286e-02;5.301374e-02;6.641924e-02;1.003170e-01;5.830647e-02;8.577893e-02;4.711007e-02;4.797523e-02
7.085007e-02;6.635286e-02;1.319977e-01;1.068148e-01;6.589456e-02;3.963940e-02;6.297253e-02;8.072565e-02;1.391772e-01;6.813920e-02;5.682890e-02;1.106071e-01
6.224643e-02;4.609846e-02;1.184732e-01;7.894537e-02;5.110645e-02;4.505993e-02;1.066817e-01;1.114646e-01;1.468615e-01;5.440098e-02;4.622731e-02;1.324341e-01
6.565192e-02;6.694633e-02;7.905579e-02;6.900288e-02;6.169357e-02;3.464831e-02;1.097301e-01;1.025526e-01;9.475703e-02;6.759743e-02;8.910048e-02;1.592635e-01
8.638956e-02;9.232482e-02;5.963232e-02;7.766197e-02;6.614660e-02;4.277632e-02;7.633201e-02;8.544181e-02;7.004288e-02;7.055128e-02;1.218529e-01;1.508475e-01
5.693998e-02;9.020739e-02;1.133442e-01;7.042973e-02;4.246433e-02;6.847730e-02;4.293227e-02;1.147023e-01;1.180373e-01;8.970630e-02;1.071260e-01;8.563287e-02
7.460067e-02;6.439155e-02;1.528628e-01;7.057450e-02;6.989903e-02;4.863290e-02;8.904685e-02;1.411204e-01;6.997545e-02;9.164570e-02;8.115866e-02;4.609144e-02
8.835739e-02;7.359052e-02;2.562616e-01;9.425364e-02;6.536480e-02;3.345059e-02;1.338400e-01;7.974874e-02;3.042011e-02;4.148238e-02;6.244083e-02;4.078943e-02
8.183117e-02;5.751097e-02;2.980335e-01;8.392604e-02;6.738202e-02;5.830326e-02;1.399496e-01;5.788720e-02;2.221661e-02;3.794072e-02;5.983617e-02;3.518278e-02
1.247989e-01;1.142610e-01;2.505080e-01;5.039114e-02;5.893011e-02;8.351550e-02;1.086698e-01;4.599347e-02;4.326741e-02;3.267510e-02;5.063080e-02;3.635866e-02
1.903612e-01;1.591041e-01;1.599835e-01;3.073932e-02;5.637859e-02;8.408619e-02;1.004742e-01;5.723487e-02;5.040773e-02;2.679270e-02;5.269887e-02;3.173867e-02
2.448612e-01;1.354114e-01;9.222323e-02;1.774432e-02;6.819918e-02;6.298656e-02;1.455311e-01;6.871141e-02;4.418365e-02;2.141503e-02;6.768420e-02;3.104862e-02
2.619476e-01;8.525820e-02;8.606309e-02;1.637082e-02;7.336475e-02;4.378510e-02;1.919818e-01;7.466909e-02;3.392842e-02;2.609464e-02;7.424337e-02;3.229305e-02
2.336878e-01;4.687531e-02;7.364569e-02;3.442783e-02;6.288040e-02;3.382616e-02;2.338187e-01;1.081565e-01;2.735304e-02;3.493365e-02;6.384385e-02;4.655111e-02
2.054496e-01;1.755139e-02;7.087019e-02;4.264566e-02;3.855967e-02;3.441468e-02;2.894218e-01;1.161215e-01;4.358803e-02;4.466822e-02;4.060166e-02;5.610767e-02
1.752687e-01;3.416713e-02;8.474080e-02;5.249068e-02;3.690253e-02;3.719837e-02;3.217908e-01;7.982121e-02;4.868367e-02;5.327039e-02;2.665427e-02;4.901139e-02
1.468509e-01;2.766623e-02;5.490235e-02;5.986730e-02;3.714318e-02;3.725653e-02;3.605489e-01;5.162638e-02;5.056489e-02;6.323911e-02;4.267476e-02;6.765950e-02
1.199506e-01;2.749896e-02;3.794721e-02;5.712246e-02;2.253098e-02;3.512569e-02;4.100620e-01;4.644098e-02;4.495539e-02;6.053972e-02;6.115813e-02;7.666793e-02
1.028922e-01;3.083416e-02;5.896268e-02;5.777152e-02;2.017403e-02;3.605517e-02;4.205555e-01;6.057465e-02;3.058627e-02;5.303702e-02;6.435425e-02;6.420259e-02
9.118112e-02;3.304655e-02;4.527519e-02;6.554472e-02;2.763038e-02;3.929288e-02;4.395024e-01;4.861190e-02;2.706423e-02;5.513086e-02;6.518795e-02;6.253181e-02
8.327501e-02;3.004708e-02;5.023193e-02;6.601220e-02;2.953736e-02;3.959935e-02;4.411843e-01;3.028687e-02;3.008163e-02;6.182800e-02;6.382676e-02;7.408951e-02
7.510845e-02;2.418150e-02;6.024899e-02;6.053891e-02;2.573190e-02;3.309337e-02;4.235961e-01;4.306767e-02;3.629711e-02;7.499018e-02;6.137885e-02;8.176702e-02
1.172482e-01;4.228799e-02;2.579919e-02;5.542009e-02;1.883500e-02;2.619438e-02;4.103982e-01;4.896129e-02;2.871821e-02;8.255645e-02;6.225061e-02;8.133040e-02
1.198683e-01;3.400369e-02;6.248243e-02;5.162334e-02;1.861211e-02;2.731419e-02;3.917707e-01;3.334877e-02;2.292547e-02;8.179567e-02;7.213926e-02;8.411609e-02
1.110203e-01;2.604998e-02;4.503331e-02;5.733613e-02;1.936261e-02;3.615356e-02;3.939935e-01;3.406562e-02;2.369736e-02;6.896181e-02;8.421587e-02;1.001099e-01
1.036764e-01;2.522050e-02;7.215223e-02;6.028629e-02;2.104658e-02;3.329475e-02;3.686990e-01;3.010935e-02;2.763076e-02;4.282084e-02;1.045439e-01;1.105194e-01
1.046027e-01;2.770735e-02;8.659966e-02;5.806040e-02;2.065144e-02;4.108248e-02;3.447300e-01;2.356163e-02;3.101251e-02;4.644820e-02;1.101081e-01;1.054356e-01
9.960836e-02;2.554607e-02;1.019258e-01;5.670807e-02;2.512798e-02;7.284837e-02;3.257005e-01;2.228198e-02;3.522121e-02;4.183429e-02;9.187903e-02;1.013184e-01
7.712996e-02;1.940613e-02;1.295364e-01;5.040234e-02;3.672836e-02;9.291506e-02;3.055800e-01;3.059742e-02;5.289429e-02;3.678797e-02;6.918924e-02;9.883279e-02
4.984979e-02;1.594696e-02;1.772113e-01;5.199741e-02;4.657090e-02;8.641642e-02;2.862003e-01;3.424871e-02;7.076336e-02;3.504698e-02;6.742985e-02;7.831804e-02
4.116952e-02;2.026207e-02;2.146624e-01;5.423730e-02;4.505585e-02;7.715132e-02;2.344806e-01;2.790106e-02;8.121940e-02;5.093133e-02;7.887728e-02;7.405185e-02
4.554776e-02;2.614086e-02;2.022457e-01;4.420252e-02;3.939115e-02;9.450521e-02;1.867734e-01;1.891370e-02;7.366352e-02;6.535145e-02;1.122544e-01;9.101043e-02
4.423492e-02;3.962566e-02;1.718293e-01;2.888452e-02;4.828063e-02;1.047367e-01;1.780806e-01;2.151684e-02;4.399077e-02;7.013699e-02;1.387726e-01;1.099105e-01
5.496965e-02;4.799334e-02;1.295281e-01;2.670329e-02;4.370428e-02;9.838874e-02;2.016174e-01;3.392775e-02;2.126044e-02;6.453956e-02;1.414314e-01;1.359360e-01
5.134073e-02;5.051788e-02;1.352483e-01;3.333928e-02;4.402099e-02;7.871845e-02;1.926288e-01;4.707048e-02;5.177747e-02;5.320412e-02;1.195061e-01;1.426273e-01
9.088587e-02;5.162868e-02;1.725341e-01;3.610750e-02;5.524838e-02;8.390848e-02;1.269687e-01;3.991592e-02;6.102572e-02;4.971863e-02;9.691647e-02;1.351416e-01
1.079116e-01;4.714023e-02;1.897540e-01;3.968202e-02;6.690913e-02;8.527333e-02;7.891151e-02;3.627678e-02;5.202127e-02;5.805307e-02;8.613297e-02;1.519341e-01
7.797833e-02;7.322063e-02;1.910349e-01;5.690160e-02;8.089584e-02;8.928998e-02;5.085374e-02;4.004026e-02;4.768375e-02;6.392682e-02;9.174328e-02;1.364309e-01
