9.019883e-02;8.640296e-02;1.127169e-01;7.265021e-02;6.064088e-02;6.714822e-02;1.959275e-01;4.357732e-02;6.197855e-02;7.442508e-02;5.919068e-02;7.514282e-02
8.488877e-02;8.650400e-02;2.037424e-01;5.877492e-02;5.302597e-02;5.230100e-02;1.381795e-01;5.628384e-02;9.352388e-02;7.378222e-02;5.187549e-02;4.711798e-02
9.119488e-02;6.560560e-02;1.779143e-01;7.636148e-02;6.465903e-02;3.970503e-02;8.358011e-02;5.842894e-02;9.826339e-02;7.456958e-02;7.589793e-02;9.381972e-02
8.826787e-02;6.572068e-02;1.691264e-01;6.253072e-02;6.877103e-02;4.324161e-02;8.305091e-02;5.253168e-02;1.167194e-01;7.545948e-02;6.647127e-02;1.081090e-01
9.121991e-02;7.263091e-02;1.448886e-01;4.365376e-02;8.113843e-02;4.270998e-02;8.309809e-02;5.187130e-02;1.445478e-01;6.513114e-02;5.678427e-02;1.223258e-01
1.196721e-01;8.244983e-02;1.391100e-01;5.967135e-02;8.138844e-02;3.337074e-02;8.021753e-02;6.763981e-02;1.213017e-01;5.483534e-02;7.082086e-02;8.952236e-02
1.283951e-01;7.055436e-02;1.365597e-01;5.612156e-02;7.823905e-02;4.823976e-02;1.051162e-01;8.110213e-02;9.444163e-02;5.707166e-02;6.579284e-02;7.836591e-02
1.052529e-01;1.007372e-01;1.107090e-01;3.293622e-02;7.183718e-02;7.256386e-02;1.251435e-01;7.447842e-02;8.764388e-02;7.858849e-02;5.042269e-02;8.968671e-02
9.382848e-02;1.013025e-01;8.147316e-02;4.035679e-02;8.680399e-02;9.696508e-02;1.483903e-01;6.465190e-02;9.505532e-02;7.621554e-02;4.861354e-02;6.634334e-02
9.108716e-02;6.237806e-02;1.024745e-01;6.336977e-02;1.115608e-01;1.210134e-01;1.482009e-01;4.741304e-02;9.004418e-02;6.447776e-02;5.869863e-02;3.928185e-02
1.200571e-01;4.606957e-02;8.857404e-02;6.096563e-02;1.089877e-01;1.181031e-01;1.069873e-01;3.811125e-02;8.942474e-02;8.820402e-02;6.639650e-02;6.811910e-02
1.187459e-01;3.568901e-02;7.611786e-02;5.731990e-02;6.804454e-02;9.806058e-02;1.067989e-01;7.448918e-02;9.140284e-02;1.060757e-01;7.959910e-02;8.765651e-02
9.092747e-02;2.602389e-02;1.261664e-01;5.057056e-02;5.813987e-02;6.547564e-02;1.471069e-01;8.336838e-02;1.150848e-01;8.092490e-02;5.933911e-02;9.687198e-02
8.997114e-02;1.740497e-02;1.339839e-01;4.331160e-02;6.724479e-02;5.197711e-02;1.374490e-01;6.367428e-02;1.265791e-01;9.240868e-02;4.611654e-02;1.298790e-01
9.419224e-02;4.938697e-02;1.166566e-01;4.926224e-02;8.144910e-02;5.730514e-02;9.539361e-02;6.993083e-02;1.057185e-01;1.085113e-01;4.832986e-02;1.238637e-01
1.324623e-01;6.587045e-02;1.224463e-01;4.714096e-02;9.232451e-02;7.552166e-02;7.848022e-02;8.797583e-02;8.040867e-02;1.000356e-01;3.277624e-02;8.455733e-02
1.531004e-01;5.443990e-02;1.037960e-01;6.122770e-02;8.514310e-02;6.599242e-02;8.241513e-02;8.192828e-02;9.671433e-02;1.147194e-01;5.176647e-02;4.875684e-02
1.327422e-01;1.048945e-01;8.187719e-02;9.432317e-02;8.233041e-02;6.133801e-02;1.037805e-01;7.194722e-02;8.056235e-02;1.040941e-01;4.829494e-02;3.381534e-02
1.042493e-01;1.449779e-01;1.184303e-01;5.289857e-02;7.131723e-02;5.469514e-02;1.322909e-01;8.043485e-02;9.228148e-02;4.537841e-02;4.849112e-02;5.455469e-02
1.389748e-01;1.277057e-01;1.254760e-01;4.047045e-02;5.762242e-02;6.305062e-02;1.032066e-01;9.395254e-02;1.103254e-01;4.851525e-02;2.479374e-02;6.590638e-02
1.353080e-01;9.967833e-02;9.701137e-02;5.445756e-02;4.236393e-02;5.423132e-02;1.210794e-01;9.244355e-02;9.510709e-02;6.661549e-02;1.374966e-02;1.279543e-01
8.651190e-02;7.479873e-02;8.627671e-02;6.832145e-02;2.405770e-02;3.706747e-02;1.698551e-01;8.177472e-02;7.147563e-02;7.096576e-02;4.225024e-02;1.866446e-01
3.138634e-02;4.146487e-02;1.142185e-01;5.026142e-02;4.012914e-02;4.446547e-02;1.820358e-01;9.124299e-02;1.052042e-01;4.897765e-02;8.084662e-02;1.697671e-01
2.002815e-02;1.887515e-02;1.439193e-01;2.784411e-02;5.681605e-02;6.213156e-02;1.203670e-01;1.075471e-01;1.752350e-01;2.016474e-02;1.273434e-01;1.197285e-01
2.695915e-02;1.144928e-02;1.549735e-01;2.952523e-02;4.605244e-02;8.447425e-02;5.063131e-02;7.798880e-02;2.308327e-01;2.952693e-02;1.827784e-01;7.480803e-02
3.195714e-02;1.427847e-02;1.464264e-01;1.808193e-02;3.014348e-02;1.117450e-01;4.538647e-02;4.706872e-02;2.571031e-01;5.480820e-02;2.074684e-01;3.553268e-02
3.050568e-02;1.953661e-02;1.284472e-01;8.091630e-03;2.554492e-02;1.556263e-01;8.377105e-02;4.624202e-02;1.999447e-01;5.642082e-02;1.925674e-01;5.330164e-02
3.698356e-02;1.298749e-02;1.237444e-01;1.313714e-02;4.744981e-02;2.141368e-01;9.833206e-02;3.412862e-02;1.359180e-01;5.149573e-02;1.760855e-01;5.560093e-02
3.319061e-02;1.781817e-02;1.079824e-01;2.509719e-02;7.325786e-02;2.113190e-01;7.720165e-02;2.982361e-02;1.206154e-01;6.629830e-02;1.959964e-01;4.139951e-02
2.341166e-02;2.778932e-02;8.933038e-02;3.376625e-02;7.929388e-02;1.933290e-01;4.542891e-02;2.635633e-02;1.318925e-01;6.421339e-02;2.240690e-01;6.111932e-02
2.930226e-02;2.527948e-02;6.930630e-02;2.738068e-02;6.425519e-02;1.878777e-01;4.297963e-02;1.713937e-02;1.237988e-01;7.435155e-02;2.327797e-01;1.055494e-01
3.051393e-02;2.157716e-02;4.565347e-02;2.286343e-02;6.993822e-02;1.846814e-01;3.784756e-02;3.959674e-02;1.045265e-01;7.653221e-02;2.453243e-01;1.209451e-01
2.335250e-02;2.731154e-02;6.874439e-02;3.272760e-02;7.211533e-02;1.999507e-01;5.389944e-02;6.740386e-02;9.223366e-02;8.031644e-02;2.074438e-01;7.450082e-02
3.225859e-02;3.072240e-02;9.227627e-02;2.611395e-02;3.688557e-02;2.058364e-01;8.521258e-02;6.546987e-02;1.444922e-01;8.416953e-02;1.422671e-01;5.429547e-02
3.439054e-02;2.213339e-02;7.035302e-02;2.984206e-02;2.549246e-02;1.830280e-01;1.405841e-01;5.587332e-02;1.468560e-01;6.929428e-02;1.424559e-01;7.969686e-02
2.357365e-02;2.836943e-02;6.369367e-02;2.901498e-02;3.683941e-02;1.887775e-01;1.381975e-01;4.813058e-02;1.497158e-01;6.116334e-02;1.474442e-01;8.507998e-02
3.457743e-02;3.403716e-02;6.613808e-02;2.649399e-02;7.375489e-02;1.826215e-01;8.238770e-02;3.251842e-02;1.610689e-01;8.401384e-02;1.357188e-01;8.666925e-02
5.405800e-02;4.105561e-02;6.198024e-02;2.649893e-02;6.423856e-02;1.089111e-01;1.508366e-01;5.225200e-02;1.271123e-01;1.178911e-01;1.065230e-01;8.864248e-02
4.441702e-02;2.845567e-02;5.888743e-02;1.033828e-02;2.666190e-02;1.910551e-01;2.382341e-01;5.690574e-02;8.773821e-02;1.087267e-01;8.869220e-02;5.988763e-02
2.016755e-02;3.457312e-02;5.535123e-02;1.114057e-02;3.609085e-02;2.158170e-01;2.510863e-01;7.651950e-02;4.373731e-02;1.225447e-01;1.039176e-01;2.905427e-02
2.041978e-02;5.254071e-02;4.586232e-02;1.929326e-02;7.185966e-02;2.114606e-01;1.777156e-01;8.592009e-02;3.796885e-02;1.389017e-01;1.099519e-01;2.810556e-02
2.108026e-02;6.346523e-02;3.335958e-02;2.812221e-02;1.239159e-01;2.155944e-01;8.194508e-02;7.995357e-02;5.462332e-02;1.496386e-01;1.188061e-01;2.949584e-02
2.381487e-02;6.971163e-02;2.953641e-02;3.565850e-02;1.391068e-01;1.506046e-01;7.874636e-02;7.584017e-02;7.211898e-02;1.487808e-01;1.372070e-01;3.887384e-02
3.072304e-02;6.283864e-02;5.009519e-02;6.367956e-02;1.268572e-01;1.027655e-01;9.728496e-02;6.556428e-02;9.186690e-02;1.775794e-01;8.618759e-02;4.455777e-02
3.974361e-02;3.137537e-02;6.774079e-02;7.059748e-02;8.262707e-02;1.141919e-01;1.561496e-01;6.649645e-02;1.091198e-01;1.428039e-01;9.008516e-02;2.906895e-02
3.072575e-02;2.584675e-02;5.640342e-02;4.993683e-02;6.625692e-02;1.328480e-01;1.838860e-01;7.140133e-02;1.003987e-01;1.058628e-01;1.360220e-01;4.041156e-02
2.713450e-02;2.732939e-02;6.718083e-02;2.833413e-02;8.064107e-02;1.509995e-01;1.289643e-01;8.148302e-02;8.886819e-02;1.237724e-01;1.613906e-01;3.390203e-02
3.763316e-02;3.488449e-02;8.959680e-02;1.943083e-02;6.161136e-02;1.556504e-01;7.186353e-02;8.416522e-02;1.395932e-01;1.239344e-01;1.455955e-01;3.604110e-02
4.269038e-02;3.361817e-02;7.468406e-02;3.379046e-02;5.522543e-02;1.685726e-01;7.907543e-02;7.894201e-02;1.731118e-01;1.308277e-01;9.094075e-02;3.852130e-02
3.920487e-02;3.251110e-02;2.879728e-02;4.507429e-02;6.736571e-02;1.384631e-01;1.334480e-01;6.832854e-02;1.420969e-01;1.453222e-01;1.055759e-01;5.381206e-02
4.496053e-02;4.185954e-02;7.855594e-02;3.059329e-02;5.814316e-02;9.620342e-02;1.654666e-01;7.266100e-02;1.063777e-01;1.435575e-01;1.005053e-01;6.111589e-02
4.760048e-02;3.695016e-02;1.173259e-01;3.594575e-02;5.490775e-02;7.690919e-02;1.455492e-01;7.860018e-02;1.173905e-01;1.371373e-01;1.161456e-01;3.553792e-02
3.413720e-02;3.561592e-02;8.511319e-02;3.083331e-02;9.360850e-02;1.114920e-01;1.282799e-01;8.864411e-02;1.328391e-01;1.211612e-01;1.130975e-01;2.517807e-02
3.537148e-02;3.412279e-02;7.857100e-02;3.614985e-02;8.943725e-02;1.408084e-01;1.124312e-01;9.255909e-02;1.136109e-01;1.057257e-01;1.315331e-01;2.967918e-02
3.416674e-02;5.180523e-02;9.356678e-02;5.881402e-02;7.718099e-02;1.722528e-01;1.202548e-01;8.684479e-02;9.386341e-02;8.296825e-02;9.257080e-02;3.571137e-02
2.799056e-02;4.348536e-02;1.097839e-01;4.634070e-02;6.780431e-02;1.865858e-01;1.338954e-01;7.819714e-02;8.998194e-02;8.282281e-02;8.803311e-02;4.507887e-02
3.229456e-02;3.624763e-02;1.267023e-01;5.573463e-02;7.945216e-02;1.425345e-01;1.024882e-01;9.672206e-02;8.054883e-02;9.914070e-02;1.063603e-01;4.177414e-02
4.921127e-02;4.591525e-02;1.163265e-01;5.220952e-02;6.101133e-02;9.467012e-02;1.200566e-01;1.177501e-01;7.744020e-02;1.048054e-01;1.173011e-01;4.330266e-02
5.093599e-02;5.459179e-02;1.470574e-01;5.574084e-02;7.628891e-02;1.024214e-01;1.827510e-01;6.244796e-02;8.863842e-02;7.015067e-02;7.516089e-02;3.381476e-02
4.712393e-02;5.665207e-02;1.705147e-01;4.188471e-02;7.642054e-02;1.197944e-01;2.012715e-01;2.343894e-02;8.771405e-02;6.702178e-02;7.300173e-02;3.516169e-02
3.698811e-02;4.663753e-02;1.959984e-01;6.028139e-02;4.703194e-02;1.239240e-01;1.965862e-01;3.757582e-02;7.980995e-02;6.635233e-02;7.547976e-02;3.333451e-02
2.235343e-02;4.018653e-02;2.452432e-01;6.769298e-02;3.133697e-02;1.348283e-01;1.470741e-01;5.162420e-02;7.254945e-02;7.910205e-02;8.193646e-02;2.607227e-02
3.857698e-02;3.156402e-02;1.857297e-01;1.306397e-01;4.433664e-02;1.054612e-01;1.658950e-01;4.290173e-02;6.328205e-02;6.827548e-02;3.779499e-02;8.554244e-02
4.135654e-02;1.761851e-02;5.120403e-02;2.433662e-01;3.685733e-02;6.341028e-02;2.661115e-01;2.796023e-02;3.321926e-02;3.913284e-02;2.575135e-02;1.540119e-01
2.142651e-02;1.403843e-02;2.572391e-02;2.970061e-01;2.827135e-02;4.332020e-02;2.497485e-01;6.832417e-02;1.318033e-02;3.432445e-02;4.761773e-02;1.570183e-01
6.177936e-02;1.954028e-02;4.627009e-02;2.638251e-01;2.429148e-02;2.986838e-02;2.210983e-01;9.720575e-02;2.411140e-02;5.522867e-02;5.358280e-02;1.031984e-01
1.392027e-01;2.368588e-02;2.878055e-02;1.698756e-01;6.085035e-02;5.255445e-02;1.805182e-01;1.532470e-01;4.049677e-02;6.037624e-02;3.736824e-02;5.304419e-02
2.571232e-01;2.762116e-02;2.961995e-02;1.103278e-01;1.242879e-01;4.430602e-02;9.486379e-02;1.825131e-01;2.452167e-02;3.767470e-02;2.398225e-02;4.315851e-02
3.460560e-01;5.130728e-02;5.067145e-02;6.100564e-02;1.398565e-01;2.889447e-02;4.111978e-02;1.435150e-01;4.367466e-02;2.931452e-02;2.161505e-02;4.296957e-02
3.529260e-01;6.467973e-02;5.550559e-02;4.694227e-02;1.146513e-01;3.053523e-02;6.849167e-02;9.316327e-02;7.030617e-02;3.044276e-02;3.845656e-02;3.389941e-02
2.935565e-01;6.953011e-02;4.643714e-02;5.557510e-02;7.948671e-02;3.019735e-02;1.011136e-01;1.308489e-01;8.973113e-02;3.680294e-02;2.854156e-02;3.817894e-02
1.584077e-01;1.608749e-01;7.143117e-02;5.563791e-02;3.148773e-02;5.170010e-02;5.981183e-02;1.424490e-01;1.756379e-01;3.368025e-02;1.775083e-02;4.113064e-02
1.060428e-01;1.836309e-01;1.104955e-01;4.224074e-02;3.183864e-02;4.654046e-02;3.503962e-02;7.491481e-02;2.485416e-01;4.682854e-02;1.873651e-02;5.514990e-02
9.481546e-02;1.241393e-01;1.685406e-01;4.015850e-02;1.095850e-02;3.689520e-02;3.450816e-02;7.093236e-02;2.537907e-01;1.088814e-01;1.247557e-02;4.390427e-02
9.318279e-02;5.737384e-02;2.467176e-01;3.610146e-02;1.987264e-02;2.292577e-02;4.094903e-02;6.117420e-02;2.235744e-01;1.671544e-01;9.798573e-03;2.117529e-02
9.317797e-02;3.947983e-02;3.448819e-01;3.979664e-02;1.981743e-02;2.098995e-02;3.923739e-02;2.994062e-02;1.533428e-01;1.939338e-01;1.155608e-02;1.384558e-02
1.117061e-01;7.236762e-02;3.632986e-01;4.431191e-02;3.931925e-02;2.364509e-02;3.381347e-02;2.274184e-02;7.838532e-02;1.679003e-01;2.232345e-02;2.018697e-02
1.258734e-01;7.299885e-02;3.124406e-01;3.568371e-02;5.513584e-02;3.430923e-02;5.797001e-02;3.710308e-02;6.934683e-02;1.371813e-01;2.667729e-02;3.527981e-02
8.998362e-02;5.914260e-02;2.655146e-01;5.001756e-02;5.827415e-02;3.296811e-02;8.686829e-02;4.568115e-02;1.196801e-01;1.017394e-01;1.862276e-02;7.150767e-02
6.287984e-02;6.474768e-02;2.458762e-01;7.243671e-02;6.453712e-02;2.431250e-02;8.643778e-02;7.735644e-02;1.483046e-01;5.544478e-02;3.735406e-02;6.031229e-02
7.314620e-02;6.847546e-02;2.592697e-01;6.756061e-02;5.376002e-02;2.014538e-02;7.423194e-02;1.018988e-01;1.168935e-01;7.251351e-02;4.859652e-02;4.350829e-02
1.063090e-01;7.094464e-02;2.928616e-01;3.776939e-02;5.550718e-02;1.420338e-02;5.625393e-02;8.898759e-02;9.345293e-02;7.988665e-02;4.923538e-02;5.458833e-02
1.426134e-01;3.965375e-02;3.215384e-01;4.634911e-02;4.560622e-02;1.234011e-02;6.215581e-02;7.750466e-02;7.925814e-02;7.906675e-02;3.755280e-02;5.636087e-02
1.624394e-01;5.947064e-02;3.337405e-01;3.486579e-02;4.217918e-02;1.156031e-02;7.024193e-02;6.962166e-02;9.593326e-02;5.749824e-02;3.941106e-02;2.303802e-02
1.702806e-01;7.602461e-02;2.589760e-01;4.313757e-02;3.453243e-02;1.683277e-02;7.510675e-02;8.609390e-02;1.139664e-01;5.190523e-02;4.674764e-02;2.639608e-02
2.162113e-01;6.639130e-02;1.810567e-01;6.395945e-02;4.576282e-02;2.542970e-02;8.493469e-02;7.462773e-02;1.027212e-01;7.662497e-02;3.202884e-02;3.025133e-02
2.144634e-01;8.627890e-02;1.875513e-01;7.592708e-02;7.298560e-02;2.199314e-02;7.522034e-02;6.949452e-02;6.764125e-02;8.471629e-02;2.260390e-02;2.112418e-02
1.126174e-01;8.597579e-02;1.847436e-01;6.115074e-02;7.770290e-02;1.910830e-02;5.596001e-02;9.259582e-02;7.871336e-02;1.218010e-01;4.906125e-02;6.056983e-02
4.932321e-02;3.994286e-02;1.775294e-01;3.021347e-02;7.508299e-02;2.078459e-02;5.037771e-02;1.357231e-01;1.053239e-01;1.718158e-01;7.403129e-02;6.985175e-02
1.124540e-01;5.108473e-02;1.992138e-01;4.734153e-02;6.406804e-02;3.131260e-02;6.726124e-02;1.139076e-01;8.875570e-02;1.433996e-01;3.741588e-02;4.378529e-02
1.241660e-01;4.572617e-02;1.677917e-01;5.243716e-02;7.685509e-02;4.018644e-02;8.145029e-02;8.400062e-02;7.924843e-02;1.503505e-01;2.352538e-02;7.426208e-02
1.106805e-01;5.203547e-02;1.311878e-01;5.328123e-02;8.563470e-02;4.665999e-02;6.042792e-02;5.709375e-02;1.123977e-01;2.154146e-01;2.224583e-02;5.294049e-02
1.122636e-01;6.355484e-02;1.138181e-01;3.055853e-02;6.651349e-02;4.435886e-02;7.216072e-02;6.382097e-02;1.189461e-01;2.742754e-01;2.087567e-02;1.885369e-02
7.890077e-02;5.190968e-02;1.168623e-01;4.755772e-02;4.441837e-02;4.562324e-02;6.889046e-02;7.086366e-02;1.217315e-01;3.077559e-01;2.448616e-02;2.100021e-02
5.082282e-02;6.182857e-02;1.043017e-01;9.264843e-02;3.670968e-02;2.919738e-02;7.440837e-02;7.187057e-02;1.714422e-01;2.576264e-01;2.662460e-02;2.251921e-02
4.749598e-02;6.158057e-02;1.291546e-01;1.201057e-01;4.319874e-02;1.853002e-02;6.384567e-02;9.819141e-02;2.007720e-01;1.557062e-01;4.033708e-02;2.108200e-02
5.255289e-02;3.119896e-02;1.754327e-01;1.239148e-01;4.069151e-02;2.323418e-02;5.348813e-02;1.195549e-01;2.177009e-01;9.629836e-02;3.294502e-02;3.298773e-02
1.134871e-01;3.448912e-02;2.106235e-01;9.055302e-02;2.898125e-02;2.773413e-02;6.723905e-02;1.047394e-01;1.929415e-01;7.403249e-02;1.350260e-02;4.167675e-02
1.882662e-01;1.056979e-01;2.670248e-01;5.496698e-02;4.708870e-02;5.168457e-02;4.584322e-02;4.146966e-02;8.861289e-02;5.399908e-02;2.318085e-02;3.216506e-02
1.747774e-01;1.317922e-01;2.662765e-01;5.680055e-02;5.763408e-02;5.540898e-02;4.934919e-02;2.818580e-02;3.879106e-02;5.991358e-02;4.534445e-02;3.572618e-02
1.255932e-01;1.295102e-01;2.449431e-01;6.894489e-02;6.905717e-02;6.290552e-02;6.931192e-02;3.161712e-02;2.540901e-02;8.642353e-02;6.336543e-02;2.291898e-02
6.593599e-02;1.172046e-01;2.122418e-01;7.805806e-02;7.502855e-02;6.239208e-02;9.717583e-02;4.374593e-02;5.333227e-02;1.078843e-01;6.810632e-02;1.889429e-02
6.666254e-02;9.203560e-02;1.781809e-01;6.919773e-02;7.419197e-02;5.076297e-02;1.272455e-01;4.790317e-02;8.682927e-02;1.044413e-01;7.147722e-02;3.107184e-02
1.246727e-01;8.945912e-02;2.025654e-01;7.613754e-02;6.849155e-02;4.650955e-02;6.844676e-02;5.631410e-02;9.515943e-02;9.651215e-02;4.486085e-02;3.087090e-02
1.363284e-01;9.605630e-02;2.060813e-01;8.733021e-02;6.946023e-02;4.307633e-02;6.318004e-02;6.141167e-02;8.274632e-02;8.560207e-02;3.548303e-02;3.324417e-02
1.433248e-01;8.785836e-02;1.819713e-01;8.769134e-02;6.453323e-02;5.210079e-02;8.624865e-02;5.629287e-02;8.022384e-02;8.076216e-02;5.473681e-02;2.425584e-02
1.046301e-01;7.255691e-02;1.835830e-01;6.257126e-02;4.567356e-02;6.245362e-02;1.575415e-01;6.581710e-02;1.068403e-01;6.782482e-02;4.815879e-02;2.234902e-02
7.157615e-02;4.166739e-02;1.816383e-01;8.271652e-02;4.326743e-02;7.873449e-02;1.824716e-01;6.552406e-02;1.279147e-01;5.713375e-02;3.185793e-02;3.549768e-02
6.432053e-02;5.930748e-02;1.531673e-01;1.033600e-01;4.759590e-02;8.700987e-02;1.600367e-01;6.272887e-02;1.021489e-01;8.709900e-02;3.168529e-02;4.154019e-02
4.300595e-02;7.290482e-02;1.268990e-01;9.608562e-02;4.281956e-02;8.219241e-02;9.926067e-02;1.214341e-01;9.470887e-02;1.429998e-01;3.573572e-02;4.195340e-02
5.745152e-02;6.137254e-02;1.006360e-01;8.726947e-02;4.051320e-02;8.821057e-02;1.411919e-01;1.108936e-01;9.402215e-02;1.381313e-01;5.312898e-02;2.717879e-02
9.126153e-02;7.212674e-02;1.889281e-01;5.813419e-02;4.405990e-02;5.051897e-02;1.554976e-01;7.659849e-02;1.284082e-01;7.967965e-02;2.897218e-02;2.581436e-02
7.098758e-02;6.495416e-02;1.803211e-01;5.494984e-02;5.691548e-02;8.172496e-02;1.605630e-01;4.186089e-02;1.527780e-01;6.599261e-02;4.099545e-02;2.795693e-02
4.518417e-02;4.577115e-02;1.302333e-01;4.825669e-02;6.180516e-02;1.299998e-01;1.741344e-01;4.345533e-02;1.708969e-01;4.584210e-02;7.605775e-02;2.836319e-02
3.805013e-02;4.504774e-02;8.156981e-02;4.613032e-02;5.395467e-02;1.612218e-01;1.294529e-01;7.632917e-02;1.449873e-01;8.471778e-02;1.204375e-01;1.810091e-02
6.763136e-02;3.359871e-02;8.443175e-02;4.614101e-02;7.169152e-02;1.855881e-01;7.379978e-02;5.861108e-02;1.019940e-01;8.949129e-02;1.692836e-01;1.773776e-02
9.174683e-02;2.822612e-02;7.296970e-02;5.897403e-02;1.146318e-01;1.896097e-01;5.660152e-02;3.877902e-02;7.127230e-02;8.493100e-02;1.721584e-01;2.009961e-02
9.360687e-02;2.986507e-02;1.023433e-01;8.027546e-02;1.283366e-01;1.810666e-01;5.229929e-02;4.710837e-02;4.768520e-02;7.893141e-02;1.295268e-01;2.895495e-02
8.224008e-02;3.249928e-02;1.346900e-01;7.981425e-02;9.048043e-02;1.644370e-01;9.887814e-02;6.536304e-02;7.749517e-02;6.467000e-02;8.172162e-02;2.771105e-02
7.256240e-02;4.395305e-02;1.716714e-01;8.611971e-02;4.750407e-02;1.340721e-01;1.377162e-01;6.151199e-02;9.092422e-02;4.469893e-02;7.561719e-02;3.364878e-02
9.311112e-02;4.723984e-02;1.884116e-01;6.804260e-02;6.473584e-02;1.490609e-01;8.736884e-02;4.497646e-02;4.571265e-02;5.388194e-02;1.157691e-01;4.168917e-02
9.102421e-02;5.428625e-02;1.397097e-01;5.825867e-02;7.253187e-02;1.826395e-01;4.582244e-02;4.836175e-02;7.545429e-02;9.999645e-02;9.982465e-02;3.209024e-02
6.742774e-02;5.525482e-02;1.010763e-01;7.311305e-02;7.008725e-02;1.777074e-01;9.816519e-02;5.807682e-02;8.487221e-02;1.099762e-01;7.508852e-02;2.915451e-02
8.834279e-02;4.346564e-02;1.062867e-01;7.280567e-02;8.078555e-02;1.413167e-01;1.111677e-01;4.778381e-02;9.421187e-02;8.814591e-02;8.914877e-02;3.653881e-02
1.222300e-01;3.818548e-02;8.866093e-02;6.848218e-02;6.296940e-02;9.303706e-02;1.498593e-01;6.451721e-02;1.052122e-01;7.149778e-02;9.266388e-02;4.268449e-02
1.079057e-01;5.382616e-02;1.098300e-01;7.916391e-02;5.865461e-02;8.738617e-02;1.659142e-01;5.823720e-02;8.257654e-02;6.407176e-02;8.784167e-02;4.459216e-02
8.736965e-02;7.746450e-02;1.444458e-01;8.700730e-02;5.156671e-02;9.922691e-02;1.703291e-01;3.169457e-02;7.295236e-02;4.732600e-02;8.725510e-02;4.336198e-02
9.670209e-02;8.738171e-02;2.072159e-01;8.900809e-02;7.754020e-02;9.511461e-02;1.725988e-01;2.504339e-02;2.619967e-02;5.210429e-02;4.104750e-02;3.004381e-02
1.250113e-01;8.634780e-02;1.779428e-01;8.478754e-02;7.796416e-02;8.761372e-02;1.931534e-01;2.337412e-02;2.786576e-02;4.460165e-02;3.514412e-02;3.619364e-02
1.650551e-01;8.127312e-02;9.879850e-02;8.322611e-02;6.800065e-02;8.062199e-02;2.002906e-01;4.562848e-02;3.804171e-02;4.680327e-02;4.358728e-02;4.867328e-02
1.865849e-01;5.653607e-02;3.754498e-02;7.975947e-02;4.226178e-02;7.405387e-02;2.070181e-01;9.162938e-02;4.202097e-02;6.789669e-02;5.509080e-02;5.960305e-02
1.318761e-01;3.276914e-02;6.601844e-02;1.029492e-01;3.703447e-02;4.714819e-02;2.363147e-01;1.006902e-01;3.485120e-02;9.444482e-02;5.207313e-02;6.383039e-02
8.785368e-02;3.449913e-02;9.884430e-02;1.088734e-01;2.475437e-02;4.815960e-02;3.145168e-01;7.488621e-02;1.874406e-02;7.550751e-02;4.722921e-02;6.613166e-02
9.604738e-02;4.329318e-02;8.061235e-02;1.019572e-01;2.124122e-02;5.209767e-02;3.436708e-01;7.265490e-02;1.709868e-02;5.965091e-02;4.086493e-02;7.081071e-02
1.102598e-01;4.111688e-02;7.454104e-02;9.031747e-02;2.527164e-02;4.165657e-02;3.476291e-01;7.721929e-02;1.079882e-02;4.846254e-02;4.572866e-02;8.699826e-02
8.720165e-02;4.365446e-02;1.569460e-01;6.495633e-02;3.303123e-02;5.775320e-02;2.633584e-01;7.713564e-02;2.856538e-02;4.700262e-02;6.220010e-02;7.819496e-02
3.477533e-02;2.902923e-02;1.931945e-01;5.914059e-02;3.940969e-02;8.693764e-02;1.808067e-01;8.270593e-02;4.583440e-02;7.816629e-02;1.082824e-01;6.171732e-02
1.221859e-01;5.241530e-02;1.587297e-01;7.531710e-02;4.005725e-02;6.595281e-02;7.608224e-02;6.018937e-02;4.612940e-02;9.130091e-02;1.148066e-01;9.683342e-02
1.553992e-01;6.185577e-02;1.322045e-01;8.511969e-02;4.378147e-02;6.099098e-02;1.169796e-01;6.130588e-02;3.961429e-02;8.119034e-02;9.494742e-02;6.661086e-02
1.639679e-01;7.202622e-02;6.398295e-02;7.839290e-02;6.397700e-02;6.005017e-02;1.438129e-01;5.797909e-02;3.331277e-02;7.939652e-02;1.020481e-01;8.105349e-02
1.403152e-01;6.864691e-02;6.387628e-02;6.554997e-02;7.744186e-02;3.696186e-02;1.633946e-01;3.389812e-02;4.827716e-02;9.534550e-02;9.986553e-02;1.064270e-01
1.105044e-01;5.145113e-02;1.346182e-01;7.813630e-02;8.244119e-02;6.848263e-02;1.872589e-01;3.734459e-02;4.365776e-02;7.600499e-02;5.812709e-02;7.197288e-02
1.302662e-01;6.737759e-02;1.104885e-01;1.054110e-01;6.691758e-02;8.678974e-02;1.509601e-01;3.152050e-02;2.283343e-02;1.016168e-01;6.764551e-02;5.817311e-02
1.183019e-01;8.208564e-02;7.961004e-02;1.074955e-01;5.253539e-02;6.816074e-02;1.899310e-01;4.393873e-02;3.002755e-02;1.126672e-01;7.113059e-02;4.411568e-02
1.095502e-01;7.240400e-02;1.131593e-01;1.006690e-01;4.747288e-02;6.403612e-02;1.984385e-01;6.026828e-02;2.613377e-02;6.528008e-02;7.760588e-02;6.498200e-02
1.125585e-01;5.467340e-02;1.348553e-01;7.929716e-02;4.784732e-02;5.707359e-02;1.708495e-01;6.020099e-02;4.198152e-02;7.922126e-02;8.304517e-02;7.839624e-02
1.129440e-01;4.800917e-02;1.181500e-01;7.438850e-02;5.201880e-02;5.474119e-02;2.214824e-01;5.767444e-02;4.843708e-02;7.011088e-02;5.928490e-02;8.275863e-02
1.121261e-01;4.503149e-02;1.366443e-01;6.320563e-02;5.314343e-02;6.267104e-02;2.459966e-01;5.703853e-02;5.196990e-02;5.063850e-02;3.577689e-02;8.575762e-02
8.627465e-02;4.116071e-02;1.893236e-01;4.365178e-02;5.035003e-02;5.347902e-02;1.896669e-01;9.132229e-02;7.179797e-02;8.749136e-02;3.690583e-02;5.857589e-02
7.414839e-02;6.714396e-02;1.768375e-01;5.955126e-02;5.778907e-02;6.122351e-02;1.399029e-01;8.208869e-02;1.014668e-01;9.950327e-02;4.250361e-02;3.784097e-02
6.396495e-02;8.491593e-02;1.605703e-01;6.775818e-02;5.446391e-02;6.645589e-02;1.563655e-01;7.008034e-02;1.054791e-01;9.328818e-02;4.588548e-02;3.077231e-02
6.362616e-02;1.003272e-01;1.552565e-01;6.889528e-02;3.961514e-02;7.000574e-02;1.673469e-01;6.828193e-02;9.295601e-02;8.376269e-02;6.070979e-02;2.921679e-02
1.065419e-01;6.885199e-02;1.066302e-01;8.793552e-02;6.767733e-02;1.166965e-01;1.659877e-01;6.972878e-02;3.297896e-02;6.227504e-02;7.129738e-02;4.339872e-02
8.521193e-02;4.501858e-02;1.155472e-01;1.070429e-01;7.894023e-02;1.152230e-01;1.961583e-01;5.495667e-02;5.376681e-02;5.952451e-02;5.103290e-02;3.757703e-02
7.354876e-02;3.404922e-02;1.086674e-01;1.509217e-01;7.986718e-02;7.071770e-02;2.047972e-01;3.655008e-02;1.021195e-01;6.613439e-02;3.955008e-02;3.307687e-02
6.327544e-02;2.965996e-02;1.071360e-01;2.063207e-01;5.486855e-02;2.758273e-02;2.167475e-01;2.318596e-02;1.541607e-01;6.798392e-02;2.433644e-02;2.474206e-02
5.459195e-02;2.603449e-02;1.160706e-01;2.042403e-01;4.258015e-02;4.383794e-02;1.843604e-01;5.558513e-02;1.649929e-01;5.943411e-02;2.472872e-02;2.354342e-02
5.395913e-02;2.965002e-02;1.717590e-01;1.423574e-01;3.842409e-02;7.583028e-02;1.551052e-01;6.720242e-02;1.465542e-01;6.097829e-02;3.014636e-02;2.803356e-02
7.137487e-02;2.686816e-02;1.944943e-01;7.554197e-02;4.112410e-02;1.190489e-01;1.646608e-01;6.664243e-02;1.028850e-01;7.262376e-02;3.684979e-02;2.788607e-02
4.914650e-02;4.109138e-02;1.457940e-01;1.082483e-01;4.481048e-02;9.547027e-02;1.856372e-01;8.132882e-02;9.475513e-02;8.292939e-02;4.574111e-02;2.504746e-02
4.680192e-02;4.332906e-02;9.765772e-02;1.126087e-01;5.880564e-02;3.102357e-02;2.110204e-01;7.426014e-02;1.551990e-01;9.895963e-02;4.338698e-02;2.694732e-02
9.727333e-02;2.854886e-02;1.301807e-01;1.055801e-01;5.551044e-02;4.717805e-02;1.708136e-01;4.342361e-02;1.417464e-01;9.445231e-02;4.465032e-02;4.064227e-02
7.283551e-02;3.746187e-02;1.574429e-01;1.235205e-01;7.072387e-02;4.275458e-02;1.171192e-01;4.370615e-02;1.427028e-01;9.997677e-02;5.800147e-02;3.375432e-02
5.121591e-02;4.590524e-02;1.343423e-01;9.383453e-02;8.175460e-02;3.041847e-02;1.159866e-01;5.594603e-02;1.631099e-01;1.072656e-01;5.392116e-02;6.629962e-02
5.061509e-02;4.934093e-02;1.455321e-01;1.138320e-01;5.824834e-02;4.616436e-02;1.232355e-01;5.776909e-02;1.278498e-01;1.106897e-01;5.010283e-02;6.662025e-02
7.412469e-02;4.616443e-02;1.797148e-01;1.043032e-01;5.746511e-02;6.820754e-02;1.536365e-01;5.715181e-02;7.044575e-02;9.517390e-02;5.722386e-02;3.638835e-02
7.576822e-02;5.067882e-02;1.318102e-01;8.126698e-02;8.659579e-02;8.503816e-02;2.037593e-01;6.329504e-02;4.967282e-02;8.687507e-02;4.439944e-02;4.084011e-02
8.860701e-02;4.240533e-02;1.369699e-01;5.952752e-02;1.113811e-01;7.837803e-02;1.952217e-01;5.003259e-02;7.353622e-02;8.559223e-02;4.190963e-02;3.643864e-02
1.146892e-01;5.014271e-02;1.213680e-01;6.583805e-02;1.116974e-01;5.395237e-02;1.384056e-01;7.000443e-02;9.644234e-02;8.761188e-02;4.921965e-02;4.062834e-02
9.041871e-02;6.316241e-02;1.559600e-01;5.410204e-02;8.491769e-02;3.398287e-02;1.736146e-01;7.528103e-02;9.359159e-02;7.641090e-02;5.838137e-02;4.017679e-02
6.736678e-02;5.791099e-02;1.288116e-01;7.108727e-02;1.000201e-01;4.966227e-02;1.915221e-01;5.334891e-02;1.030982e-01;7.265316e-02;6.114759e-02;4.337098e-02
1.023622e-01;5.994830e-02;8.006434e-02;1.004761e-01;6.923574e-02;7.053125e-02;1.694843e-01;4.386511e-02;1.191919e-01;9.675260e-02;4.768165e-02;4.040652e-02
