7.625874e-02;1.494785e-01;3.528657e-01;2.938387e-02;3.713398e-02;9.188477e-02;8.945791e-02;2.396723e-02;5.410869e-02;4.855536e-02;2.779017e-02;1.911510e-02
5.759461e-02;1.600223e-01;4.695851e-01;1.730679e-02;1.472236e-02;7.929127e-02;8.852709e-02;1.465110e-02;4.296272e-02;4.053012e-02;8.735358e-03;6.071094e-03
2.077143e-02;1.134992e-01;5.495260e-01;2.357936e-02;1.871973e-02;5.030038e-02;1.160640e-01;9.042564e-03;3.135616e-02;5.402869e-02;8.182639e-03;4.929843e-03
9.662273e-03;6.513993e-02;5.751953e-01;2.935067e-02;2.624604e-02;3.135651e-02;1.426655e-01;1.623150e-02;2.245933e-02;6.534150e-02;1.078102e-02;5.570444e-03
7.318632e-03;3.502970e-02;5.772763e-01;5.480282e-02;3.001824e-02;1.965591e-02;1.511514e-01;2.525984e-02;1.415119e-02;6.242421e-02;1.881854e-02;4.093256e-03
1.143874e-02;1.897305e-02;5.362675e-01;8.265008e-02;4.050864e-02;1.827602e-02;1.329046e-01;4.206925e-02;2.088628e-02;4.971281e-02;3.918213e-02;7.130892e-03
1.067838e-02;1.929158e-02;4.720120e-01;1.221745e-01;6.248889e-02;1.778849e-02;8.019513e-02;6.989121e-02;2.363264e-02;3.904726e-02;6.872471e-02;1.407523e-02
1.168893e-02;2.019109e-02;3.917878e-01;1.475920e-01;1.157264e-01;2.933570e-02;3.851787e-02;8.602688e-02;2.920670e-02;2.609256e-02;8.330644e-02;2.052759e-02
1.639482e-02;2.299918e-02;3.203557e-01;1.328471e-01;1.816781e-01;4.533477e-02;3.391589e-02;7.318750e-02;3.959918e-02;3.384378e-02;6.709250e-02;3.275142e-02
1.956477e-02;2.062269e-02;2.907946e-01;1.008823e-01;2.381643e-01;6.199193e-02;5.313365e-02;4.521811e-02;5.528145e-02;3.295728e-02;3.560188e-02;4.578704e-02
2.821654e-02;1.578829e-02;2.354243e-01;7.577581e-02;2.941923e-01;8.579305e-02;5.851011e-02;2.185575e-02;9.166193e-02;2.394868e-02;1.452327e-02;5.431004e-02
3.500159e-02;6.655980e-03;1.479698e-01;5.065932e-02;3.086911e-01;1.115215e-01;1.162944e-01;1.802538e-02;1.141911e-01;3.048531e-02;6.377507e-03;5.412691e-02
4.358818e-02;9.758581e-03;1.148841e-01;4.095810e-02;2.967064e-01;1.226774e-01;1.172027e-01;1.732479e-02;1.250935e-01;5.248485e-02;1.026827e-02;4.905316e-02
5.861711e-02;5.999228e-03;1.025562e-01;3.546106e-02;2.752282e-01;1.355632e-01;1.245974e-01;1.070111e-02;1.148496e-01;7.955690e-02;1.471563e-02;4.215428e-02
7.468130e-02;1.543060e-02;7.699611e-02;2.339356e-02;2.426478e-01;1.566467e-01;1.710094e-01;9.271863e-03;9.714365e-02;7.835695e-02;1.514754e-02;3.927456e-02
7.951766e-02;1.659632e-02;5.948525e-02;2.141240e-02;2.316985e-01;1.714687e-01;2.164627e-01;7.247266e-03;8.960512e-02;5.564509e-02;1.377861e-02;3.708244e-02
7.076247e-02;1.056523e-02;4.344681e-02;2.356533e-02;2.485509e-01;1.612269e-01;2.175832e-01;8.636153e-03;1.009700e-01;5.889345e-02;9.470963e-03;4.632847e-02
5.933905e-02;7.537109e-03;5.668975e-02;2.985244e-02;2.667809e-01;1.510666e-01;1.564838e-01;1.028662e-02;1.240883e-01;8.132423e-02;8.945861e-03;4.760536e-02
4.980980e-02;1.075805e-02;7.381248e-02;3.172582e-02;2.646132e-01;1.349225e-01;1.264027e-01;1.486605e-02;1.419301e-01;9.376126e-02;8.247295e-03;4.915089e-02
4.873439e-02;1.230695e-02;7.892410e-02;3.186677e-02;2.487287e-01;1.269055e-01;1.358513e-01;1.779854e-02;1.458711e-01;9.356674e-02;1.012601e-02;4.931987e-02
5.880985e-02;8.081150e-03;6.080575e-02;2.855431e-02;2.494418e-01;1.402534e-01;1.460336e-01;1.019536e-02;1.461866e-01;9.720710e-02;8.108340e-03;4.632274e-02
5.227665e-02;6.462479e-03;6.237101e-02;2.329746e-02;2.533345e-01;1.451546e-01;1.508281e-01;5.934178e-03;1.527658e-01;9.238695e-02;6.635179e-03;4.855306e-02
4.778293e-02;8.320191e-03;6.925283e-02;2.679539e-02;2.479882e-01;1.341088e-01;1.563863e-01;1.288799e-02;1.580684e-01;7.913224e-02;6.643117e-03;5.263367e-02
3.124322e-02;8.228276e-03;8.113922e-02;3.353506e-02;2.676864e-01;1.265469e-01;1.173959e-01;1.313557e-02;1.740216e-01;7.241642e-02;7.905684e-03;6.674576e-02
2.483062e-02;7.778400e-03;1.015038e-01;4.169519e-02;2.819683e-01;1.147297e-01;8.921469e-02;2.520140e-02;1.800051e-01;4.857108e-02;9.433889e-03;7.506774e-02
3.636121e-02;9.772889e-03;1.110600e-01;4.850926e-02;2.921971e-01;1.036301e-01;8.800516e-02;2.575478e-02;1.701352e-01;2.672109e-02;1.029242e-02;7.756075e-02
4.740687e-02;4.611873e-03;1.221637e-01;5.186648e-02;3.009928e-01;1.002087e-01;7.257470e-02;3.567211e-02;1.544985e-01;2.409978e-02;1.077834e-02;7.512619e-02
5.163167e-02;1.189873e-02;1.546000e-01;6.067797e-02;3.092275e-01;9.684747e-02;4.395694e-02;3.317863e-02;1.289537e-01;2.338734e-02;1.530892e-02;7.033117e-02
5.209693e-02;1.317772e-02;1.930994e-01;6.996744e-02;2.908473e-01;8.810788e-02;6.377754e-02;3.186124e-02;9.777404e-02;1.740064e-02;1.672838e-02;6.516152e-02
3.547163e-02;1.259156e-02;2.155091e-01;7.556195e-02;2.854109e-01;8.493540e-02;4.384311e-02;3.238069e-02;1.046813e-01;2.588688e-02;2.025950e-02;6.346805e-02
4.100810e-02;1.622974e-02;2.164143e-01;7.807322e-02;2.491583e-01;9.300961e-02;6.662080e-02;3.398883e-02;1.052237e-01;2.938338e-02;2.191556e-02;4.897445e-02
2.373102e-02;2.364244e-02;2.621285e-01;8.136243e-02;2.326480e-01;9.034994e-02;6.273364e-02;4.169179e-02;6.950319e-02;4.622853e-02;3.272878e-02;3.325172e-02
2.182652e-02;3.296346e-02;2.946836e-01;7.389013e-02;2.144099e-01;8.560009e-02;4.518102e-02;6.001816e-02;5.722236e-02;5.660146e-02;3.390615e-02;2.369713e-02
1.521739e-02;3.124989e-02;2.974346e-01;7.460727e-02;2.085634e-01;8.670055e-02;5.257728e-02;5.976022e-02;6.231491e-02;5.975332e-02;2.835498e-02;2.346625e-02
2.257822e-02;3.063137e-02;2.933912e-01;7.899597e-02;2.065717e-01;8.678133e-02;8.782256e-02;5.452993e-02;5.280751e-02;4.642177e-02;2.310576e-02;1.636281e-02
2.322109e-02;3.718700e-02;3.379812e-01;8.565806e-02;2.290665e-01;8.461341e-02;4.266628e-02;4.805426e-02;4.421395e-02;2.569548e-02;1.988078e-02;2.176201e-02
2.500429e-02;4.075621e-02;3.319454e-01;9.282195e-02;2.320672e-01;7.786246e-02;3.693518e-02;4.605539e-02;3.602497e-02;2.679522e-02;3.053363e-02;2.319807e-02
2.331232e-02;5.897483e-02;2.889146e-01;9.758962e-02;2.116916e-01;7.281267e-02;5.253860e-02;4.680147e-02;4.804979e-02;3.561953e-02;4.612859e-02;1.756632e-02
4.357040e-02;6.423502e-02;2.183643e-01;7.981456e-02;1.841822e-01;6.291555e-02;9.791633e-02;4.593520e-02;5.970363e-02;5.110402e-02;4.654304e-02;4.571584e-02
3.972257e-02;4.672372e-02;1.433525e-01;6.539845e-02;1.572756e-01;5.824577e-02;1.660178e-01;7.277010e-02;5.395464e-02;6.195813e-02;7.162561e-02;6.295517e-02
6.285433e-02;4.940226e-02;1.275499e-01;6.482850e-02;1.217671e-01;8.924431e-02;1.412115e-01;8.722073e-02;6.699529e-02;4.225753e-02;8.390277e-02;6.276580e-02
7.277595e-02;4.872364e-02;1.656705e-01;6.517239e-02;1.535512e-01;8.316811e-02;1.467074e-01;8.769476e-02;4.463670e-02;6.205525e-02;3.723044e-02;3.261364e-02
7.024628e-02;5.061603e-02;1.859740e-01;7.411054e-02;1.457738e-01;6.056575e-02;1.106394e-01;9.750353e-02;7.236563e-02;5.743958e-02;2.997334e-02;4.479210e-02
6.684549e-02;7.357917e-02;1.526847e-01;7.413311e-02;9.862381e-02;8.497157e-02;1.176234e-01;1.058595e-01;7.667630e-02;5.534834e-02;3.865706e-02;5.499752e-02
8.304869e-02;6.594566e-02;1.289114e-01;4.354250e-02;9.199312e-02;8.919466e-02;1.613470e-01;8.029558e-02;8.013304e-02;6.894976e-02;4.928796e-02;5.735062e-02
1.018331e-01;6.111687e-02;1.823734e-01;4.632392e-02;7.622448e-02;6.957430e-02;1.519152e-01;5.312566e-02;7.239164e-02;7.174449e-02;6.152416e-02;5.185282e-02
1.289867e-01;5.615812e-02;2.058821e-01;4.455961e-02;8.249182e-02;7.157878e-02;1.307183e-01;4.795567e-02;4.342361e-02;8.063395e-02;6.125801e-02;4.635343e-02
1.288723e-01;4.759950e-02;1.505075e-01;4.429090e-02;9.368819e-02;7.787517e-02;1.325489e-01;5.739337e-02;6.339288e-02;8.976373e-02;5.160176e-02;6.246585e-02
9.239715e-02;9.603254e-02;9.213825e-02;4.616575e-02;8.734522e-02;7.502078e-02;1.567191e-01;6.280820e-02;9.280453e-02;8.592092e-02;4.882130e-02;6.382635e-02
7.061104e-02;8.179633e-02;1.241011e-01;3.937521e-02;7.339390e-02;7.939564e-02;1.591436e-01;5.878073e-02;1.056667e-01;6.524032e-02;6.968655e-02;7.280882e-02
6.371196e-02;6.751774e-02;1.175619e-01;4.184410e-02;6.529581e-02;7.642382e-02;1.192469e-01;1.215310e-01;1.026955e-01;5.970129e-02;7.630043e-02;8.816953e-02
6.199563e-02;8.071139e-02;1.126635e-01;3.422490e-02;6.474543e-02;5.544564e-02;1.389496e-01;1.438728e-01;9.127274e-02;6.684308e-02;6.883022e-02;8.044516e-02
7.056655e-02;7.237364e-02;1.535840e-01;4.202632e-02;6.767703e-02;5.194476e-02;1.806689e-01;9.991009e-02;5.201968e-02;6.595517e-02;6.940641e-02;7.386741e-02
3.913593e-02;7.988891e-02;1.731829e-01;6.547405e-02;6.175091e-02;4.504054e-02;1.702558e-01;6.213041e-02;6.741060e-02;8.959808e-02;7.779358e-02;6.833834e-02
4.582363e-02;5.561433e-02;1.454467e-01;7.010213e-02;7.321992e-02;5.245284e-02;1.295514e-01;9.725109e-02;1.000174e-01;1.019355e-01;8.754815e-02;4.103681e-02
6.682261e-02;6.233773e-02;1.705208e-01;7.311245e-02;5.154079e-02;7.143380e-02;1.436438e-01;9.039711e-02;6.275742e-02;7.404133e-02;8.750924e-02;4.588292e-02
9.623095e-02;7.714690e-02;1.790413e-01;6.673227e-02;8.306196e-02;6.426926e-02;9.898908e-02;4.384507e-02;9.469222e-02;5.152039e-02;7.711175e-02;6.735888e-02
8.222207e-02;4.934411e-02;1.561304e-01;1.005253e-01;1.081775e-01;4.965037e-02;7.175361e-02;5.070353e-02;1.297183e-01;5.125346e-02;7.599381e-02;7.452753e-02
6.175579e-02;5.540952e-02;1.096101e-01;9.727842e-02;1.046570e-01;5.439455e-02;7.846969e-02;7.000133e-02;1.415713e-01;9.931234e-02;7.715787e-02;5.038209e-02
6.891357e-02;6.571557e-02;1.129929e-01;7.217772e-02;9.699631e-02;6.173057e-02;7.802688e-02;7.446091e-02;1.277901e-01;9.654132e-02;1.043910e-01;4.026312e-02
7.571704e-02;7.480782e-02;1.110035e-01;6.526231e-02;1.239206e-01;6.776251e-02;7.910723e-02;8.814520e-02;7.280430e-02;7.102148e-02;1.067871e-01;6.366083e-02
5.959139e-02;8.219112e-02;8.586292e-02;6.681506e-02;1.414835e-01;7.981417e-02;9.597111e-02;6.679768e-02;9.184016e-02;4.970409e-02;9.043881e-02;8.948998e-02
9.747936e-02;5.493131e-02;1.192521e-01;7.803758e-02;9.220810e-02;8.662286e-02;1.393086e-01;7.663482e-02;9.719570e-02;6.255970e-02;4.336761e-02;5.240230e-02
8.597948e-02;6.268418e-02;1.393368e-01;6.640574e-02;6.585179e-02;7.804036e-02;1.666896e-01;8.587171e-02;1.043315e-01;5.315267e-02;4.527773e-02;4.637842e-02
8.018717e-02;6.443436e-02;1.364136e-01;6.798100e-02;6.941974e-02;8.954580e-02;1.660715e-01;8.526159e-02;1.156513e-01;5.034604e-02;4.713096e-02;2.755697e-02
7.099841e-02;6.676613e-02;1.059441e-01;6.654217e-02;6.012675e-02;9.764880e-02;1.648144e-01;8.074431e-02;1.265278e-01;5.146966e-02;6.407978e-02;4.433773e-02
1.149957e-01;1.024821e-01;1.151745e-01;3.580241e-02;4.243137e-02;8.784937e-02;2.028990e-01;2.913108e-02;1.077677e-01;3.738896e-02;4.856333e-02;7.551427e-02
1.026366e-01;9.060746e-02;2.447406e-01;6.081189e-02;4.770616e-02;6.365763e-02;1.378030e-01;2.190071e-02;7.709976e-02;6.219109e-02;3.223114e-02;5.861401e-02
6.737141e-02;8.178599e-02;3.027671e-01;7.549567e-02;4.952560e-02;6.350202e-02;1.213318e-01;1.632389e-02;7.112077e-02;5.192271e-02;2.982781e-02;6.902519e-02
4.427112e-02;9.372867e-02;2.706584e-01;7.376987e-02;4.907382e-02;1.093549e-01;1.299497e-01;1.984441e-02;7.948693e-02;3.432366e-02;1.654039e-02;7.899811e-02
3.100619e-02;1.098939e-01;1.654827e-01;5.596163e-02;5.079812e-02;1.998847e-01;1.370607e-01;1.098963e-02;1.173492e-01;2.302708e-02;1.874315e-02;7.980284e-02
3.157557e-02;9.991109e-02;7.517682e-02;4.311226e-02;5.632908e-02;2.562255e-01;1.224474e-01;1.577775e-02;1.611520e-01;2.196941e-02;4.728308e-02;6.904010e-02
3.866586e-02;8.592468e-02;4.072575e-02;3.672202e-02;7.391035e-02;2.620158e-01;8.632799e-02;3.517130e-02;2.218169e-01;1.530935e-02;5.560328e-02;4.780672e-02
4.164677e-02;8.375762e-02;4.392119e-02;2.929360e-02;9.040874e-02;2.407569e-01;3.000712e-02;3.733990e-02;2.894279e-01;1.851243e-02;5.225658e-02;4.267124e-02
4.344458e-02;8.957668e-02;4.612167e-02;2.865055e-02;1.018607e-01;2.118283e-01;2.097468e-02;3.236947e-02;3.098932e-01;1.594411e-02;4.764858e-02;5.168754e-02
5.486574e-02;9.621738e-02;5.422830e-02;3.830520e-02;1.146641e-01;1.955159e-01;2.173179e-02;4.811314e-02;2.616862e-01;1.789958e-02;4.935817e-02;4.741452e-02
8.584540e-02;9.813560e-02;6.142820e-02;6.205186e-02;1.338318e-01;1.742966e-01;3.287957e-02;5.315964e-02;1.823665e-01;1.813718e-02;4.958099e-02;4.828652e-02
1.098081e-01;9.289359e-02;1.102689e-01;7.608765e-02;1.331216e-01;1.401363e-01;5.326188e-02;4.409735e-02;1.109376e-01;2.695057e-02;4.865080e-02;5.378573e-02
1.344737e-01;6.505451e-02;1.356769e-01;7.894880e-02;1.316701e-01;1.180873e-01;6.691773e-02;3.681288e-02;6.855855e-02;4.377534e-02;5.293646e-02;6.708766e-02
1.014113e-01;1.133900e-01;2.336561e-01;6.855167e-02;8.774529e-02;8.212269e-02;2.759236e-02;3.882284e-02;8.254650e-02;3.869916e-02;5.320543e-02;7.225663e-02
9.707301e-02;1.392652e-01;2.681543e-01;4.841838e-02;5.027989e-02;1.035840e-01;3.673800e-02;2.926992e-02;7.865670e-02;3.255453e-02;3.289511e-02;8.311110e-02
8.309479e-02;1.541861e-01;2.874638e-01;3.101432e-02;3.996560e-02;1.092763e-01;5.365205e-02;2.341753e-02;5.730357e-02;3.599812e-02;2.064768e-02;1.039801e-01
7.341104e-02;1.564944e-01;3.149996e-01;2.276295e-02;2.261605e-02;9.686286e-02;8.063520e-02;3.662724e-02;4.871929e-02;4.188436e-02;1.033857e-02;9.464849e-02
6.226959e-02;1.582057e-01;3.511666e-01;1.449352e-02;1.667120e-02;7.433752e-02;7.862443e-02;6.306881e-02;4.355197e-02;4.259883e-02;1.094422e-02;8.406755e-02
3.161477e-02;1.410641e-01;4.063335e-01;1.522840e-02;1.286296e-02;6.475773e-02;8.856886e-02;7.484850e-02;3.673691e-02;3.884352e-02;1.355979e-02;7.558106e-02
3.109152e-02;1.135565e-01;4.764942e-01;2.178204e-02;1.396261e-02;5.587181e-02;8.743914e-02;5.526983e-02;3.693020e-02;3.552877e-02;1.416466e-02;5.790886e-02
2.771997e-02;7.558557e-02;5.312904e-01;3.883406e-02;1.944501e-02;5.340002e-02;7.883231e-02;3.101389e-02;4.475240e-02;3.733513e-02;1.485303e-02;4.693829e-02
2.805528e-02;7.462623e-02;5.089334e-01;3.662375e-02;2.165075e-02;6.014765e-02;1.034588e-01;3.149232e-02;3.375266e-02;3.893884e-02;1.470319e-02;4.761719e-02
3.183450e-02;8.939806e-02;4.615288e-01;2.570467e-02;2.305267e-02;7.527548e-02;1.140396e-01;2.371437e-02;4.453542e-02;4.512306e-02;1.600932e-02;4.978403e-02
4.179344e-02;9.563875e-02;4.071266e-01;2.873962e-02;2.488273e-02;7.976524e-02;1.028092e-01;2.735963e-02;6.512273e-02;4.540731e-02;1.592852e-02;6.542628e-02
4.588876e-02;1.104779e-01;3.797806e-01;2.443372e-02;2.284946e-02;8.171365e-02;9.111071e-02;2.848895e-02;8.359455e-02;4.099938e-02;1.642878e-02;7.423350e-02
3.663410e-02;1.217739e-01;4.353731e-01;2.346097e-02;2.477086e-02;7.567150e-02;6.433392e-02;2.344792e-02;7.894885e-02;3.473710e-02;1.810965e-02;6.273809e-02
2.154644e-02;1.016408e-01;5.369553e-01;3.394279e-02;3.348985e-02;6.225159e-02;3.928929e-02;2.209405e-02;6.749326e-02;3.726296e-02;9.652915e-03;3.438074e-02
3.030752e-02;8.791322e-02;5.379307e-01;3.728591e-02;2.960190e-02;4.868061e-02;6.216870e-02;1.785788e-02;7.328522e-02;4.010760e-02;1.384482e-02;2.101601e-02
5.511378e-02;7.755143e-02;4.360316e-01;3.925958e-02;4.200868e-02;4.171177e-02;1.132536e-01;2.476053e-02;8.438693e-02;2.924249e-02;2.823547e-02;2.844420e-02
7.614527e-02;6.583162e-02;3.018072e-01;4.280382e-02;5.629698e-02;4.198071e-02;1.773320e-01;4.260466e-02;7.895409e-02;2.571708e-02;4.859820e-02;4.192834e-02
7.281343e-02;7.380949e-02;2.164365e-01;4.474882e-02;6.839367e-02;5.784127e-02;1.740555e-01;7.031963e-02;5.237550e-02;4.597653e-02;5.986813e-02;6.336154e-02
6.859791e-02;8.367920e-02;1.189880e-01;6.725150e-02;9.539883e-02;9.555060e-02;8.722486e-02;1.130185e-01;1.147259e-01;6.105645e-02;4.518332e-02;4.932501e-02
9.872806e-02;6.097673e-02;1.077496e-01;7.040448e-02;8.781636e-02;9.800648e-02;1.192001e-01;1.110331e-01;1.072567e-01;5.214309e-02;4.798274e-02;3.870248e-02
1.103719e-01;5.557593e-02;1.150796e-01;7.005160e-02;7.714910e-02;9.892325e-02;1.270725e-01;9.396338e-02;1.010625e-01;5.586209e-02;5.693304e-02;3.795522e-02
8.321722e-02;7.277308e-02;1.145023e-01;6.243263e-02;6.320508e-02;9.170958e-02;1.725156e-01;6.386292e-02;9.284328e-02;7.673903e-02;7.349903e-02;3.270022e-02
8.085737e-02;7.224435e-02;2.112985e-01;4.558589e-02;5.225819e-02;5.892824e-02;1.880564e-01;6.222264e-02;5.835523e-02;7.294227e-02;5.918720e-02;3.806368e-02
3.896445e-02;9.712576e-02;2.828951e-01;3.200686e-02;4.410416e-02;7.804244e-02;1.374907e-01;5.910560e-02;4.925856e-02;8.278690e-02;5.010480e-02;4.811472e-02
7.671522e-02;1.224758e-01;2.471492e-01;3.025672e-02;3.749375e-02;8.758113e-02;1.145026e-01;5.876011e-02;7.644530e-02;7.218099e-02;3.524118e-02;4.119806e-02
9.510081e-02;1.439151e-01;1.945216e-01;3.203325e-02;3.956545e-02;7.917839e-02;1.175364e-01;9.523445e-02;9.712113e-02;5.797685e-02;2.484097e-02;2.297567e-02
7.701536e-02;1.182280e-01;1.898587e-01;2.995751e-02;4.680515e-02;6.051395e-02;1.167139e-01;1.858300e-01;9.524744e-02;4.409473e-02;2.224619e-02;1.348906e-02
5.293334e-02;9.344343e-02;1.942513e-01;2.888466e-02;4.026772e-02;5.095760e-02;1.133523e-01;2.216369e-01;8.999203e-02;7.195159e-02;2.031136e-02;2.201777e-02
6.455714e-02;8.143117e-02;1.968421e-01;2.894862e-02;3.187417e-02;4.419477e-02;1.390948e-01;1.971039e-01;7.669117e-02;1.045443e-01;1.934052e-02;1.537732e-02
8.837805e-02;7.783885e-02;1.766531e-01;2.877013e-02;3.733746e-02;4.179678e-02;1.600999e-01;1.379518e-01;9.086142e-02;1.144058e-01;3.436209e-02;1.154469e-02
1.130564e-01;6.256108e-02;1.758142e-01;3.979165e-02;5.105194e-02;3.828428e-02;1.612612e-01;1.077259e-01;1.250972e-01;6.585557e-02;4.068631e-02;1.881427e-02
1.156183e-01;4.674674e-02;1.855291e-01;5.366101e-02;4.887693e-02;3.141942e-02;1.912522e-01;1.288455e-01;9.599752e-02;3.737837e-02;3.574872e-02;2.892615e-02
9.695356e-02;3.370963e-02;1.837493e-01;6.132348e-02;4.148806e-02;5.009437e-02;2.587225e-01;9.065893e-02;6.509142e-02;2.871134e-02;4.144527e-02;4.805218e-02
8.890124e-02;6.393119e-02;1.598283e-01;5.059807e-02;5.002848e-02;8.039660e-02;2.471013e-01;5.477274e-02;6.353633e-02;3.493220e-02;5.186121e-02;5.411235e-02
7.465098e-02;6.707760e-02;1.256542e-01;4.736877e-02;5.559195e-02;9.788121e-02;2.195243e-01;7.883049e-02;7.061221e-02;4.109496e-02;6.309164e-02;5.862164e-02
4.635137e-02;5.233227e-02;1.420015e-01;5.249158e-02;6.899831e-02;1.077028e-01;2.022285e-01;8.288267e-02;7.014144e-02;4.427271e-02;7.660303e-02;5.399390e-02
4.381863e-02;4.535641e-02;1.755853e-01;8.869977e-02;6.111526e-02;8.526219e-02;1.704115e-01;8.897064e-02;6.666297e-02;6.237137e-02;8.385084e-02;2.789510e-02
5.288209e-02;6.149767e-02;1.646144e-01;9.347491e-02;2.989130e-02;3.758174e-02;1.734948e-01;1.029942e-01;8.259637e-02;5.009513e-02;8.931120e-02;6.156624e-02
3.899643e-02;6.740604e-02;1.407691e-01;7.548419e-02;3.384306e-02;5.616502e-02;1.926578e-01;7.918701e-02;8.510911e-02;8.105931e-02;8.200236e-02;6.732061e-02
7.593540e-02;8.725563e-02;1.587234e-01;5.210822e-02;4.359098e-02;8.311275e-02;1.568717e-01;8.130611e-02;8.566158e-02;9.628352e-02;4.709863e-02;3.205215e-02
7.856735e-02;1.025898e-01;1.391838e-01;7.135677e-02;2.912063e-02;6.870000e-02;1.068557e-01;8.741952e-02;1.008265e-01;1.010307e-01;6.678282e-02;4.756638e-02
8.159258e-02;6.681443e-02;1.505336e-01;8.194441e-02;5.315807e-02;6.269845e-02;8.467456e-02;9.667552e-02;1.129951e-01;5.955834e-02;8.204154e-02;6.731340e-02
1.261613e-01;6.070827e-02;9.163261e-02;4.039509e-02;6.225880e-02;7.105524e-02;1.064282e-01;8.931369e-02;9.773769e-02;1.170567e-01;4.821490e-02;8.903748e-02
1.341723e-01;6.944837e-02;7.003945e-02;3.241240e-02;5.122236e-02;6.456570e-02;1.080526e-01;8.586279e-02;9.761204e-02;1.153508e-01;5.367387e-02;1.175874e-01
1.115376e-01;6.192838e-02;1.063110e-01;4.318059e-02;5.271265e-02;4.963662e-02;1.468501e-01;7.214271e-02;1.161837e-01;7.804621e-02;5.357372e-02;1.078968e-01
1.127256e-01;6.417587e-02;1.384930e-01;5.735088e-02;5.722743e-02;4.748234e-02;1.774035e-01;6.094627e-02;1.254243e-01;6.324959e-02;3.509085e-02;6.043027e-02
1.731187e-01;7.197150e-02;1.617359e-01;4.628826e-02;4.045507e-02;5.310474e-02;1.571991e-01;4.082939e-02;9.320279e-02;5.955308e-02;5.437372e-02;4.816766e-02
1.670387e-01;9.523843e-02;1.986215e-01;3.824621e-02;2.966424e-02;8.171721e-02;1.224442e-01;4.735836e-02;4.846551e-02;5.608442e-02;5.869245e-02;5.642869e-02
1.492798e-01;1.148644e-01;1.931603e-01;3.176636e-02;2.734328e-02;1.012847e-01;1.280322e-01;4.566249e-02;3.714407e-02;6.624018e-02;5.548090e-02;4.974135e-02
1.355828e-01;9.948978e-02;1.512294e-01;2.192011e-02;3.077581e-02;1.074506e-01;1.654160e-01;5.433354e-02;4.039514e-02;6.862589e-02;7.015257e-02;5.462832e-02
1.016277e-01;7.716947e-02;9.456446e-02;2.943288e-02;3.727163e-02;1.088081e-01;2.027989e-01;6.492739e-02;5.882000e-02;6.276511e-02;8.581771e-02;7.599660e-02
1.011077e-01;5.268525e-02;1.284801e-01;3.879101e-02;5.003236e-02;8.031710e-02;2.238638e-01;5.709371e-02;5.407898e-02;6.836018e-02;6.055050e-02;8.463939e-02
1.715528e-01;1.060167e-01;1.794352e-01;2.960751e-02;7.304882e-02;7.186293e-02;1.138446e-01;3.220944e-02;4.930611e-02;7.246874e-02;5.923133e-02;4.141589e-02
1.880041e-01;1.398552e-01;1.238676e-01;2.573108e-02;6.367367e-02;8.739252e-02;1.353768e-01;4.824470e-02;4.202887e-02;6.173358e-02;5.088444e-02;3.320742e-02
1.985966e-01;1.799002e-01;9.119117e-02;1.879758e-02;5.046485e-02;8.547055e-02;1.554177e-01;6.427914e-02;4.380259e-02;5.082577e-02;4.048942e-02;2.076448e-02
2.027274e-01;2.241110e-01;9.767736e-02;1.948878e-02;4.435054e-02;7.313382e-02;1.176916e-01;7.949983e-02;5.051386e-02;4.438514e-02;3.169382e-02;1.472691e-02
1.963152e-01;2.609697e-01;1.042455e-01;2.116600e-02;4.164800e-02;7.549740e-02;7.892035e-02;8.102912e-02;5.682936e-02;4.092986e-02;2.242328e-02;2.002623e-02
1.656562e-01;2.595050e-01;1.347927e-01;2.653599e-02;4.036746e-02;9.251337e-02;7.612372e-02;5.466208e-02;7.284730e-02;3.625588e-02;1.247360e-02;2.826666e-02
1.276517e-01;2.365225e-01;1.822313e-01;2.917633e-02;3.367626e-02;9.800937e-02;6.920701e-02;6.048914e-02;8.253225e-02;4.403567e-02;7.261830e-03;2.920672e-02
1.150659e-01;1.734246e-01;2.340076e-01;2.708359e-02;3.206145e-02;8.197250e-02;8.460107e-02;8.028968e-02;6.887367e-02;5.328172e-02;1.766018e-02;3.167800e-02
7.013901e-02;1.060500e-01;3.069488e-01;2.947445e-02;2.977301e-02;7.074855e-02;1.274966e-01;7.602582e-02;4.620238e-02;7.811774e-02;3.031888e-02;2.870469e-02
3.224881e-02;7.940087e-02;3.590764e-01;3.540280e-02;2.301867e-02;6.352179e-02;1.433616e-01;5.116361e-02;4.535880e-02;1.164160e-01;3.079893e-02;2.023177e-02
4.025059e-02;6.173421e-02;3.374532e-01;3.617224e-02;2.305999e-02;4.542464e-02;1.506759e-01;9.770707e-02;3.645597e-02;1.201537e-01;3.533470e-02;1.557781e-02
5.091535e-02;3.673182e-02;3.272151e-01;4.106852e-02;2.440991e-02;2.226161e-02;1.231876e-01;1.343135e-01;5.889630e-02;1.079893e-01;5.456255e-02;1.844836e-02
5.809102e-02;2.063670e-02;3.639331e-01;4.852922e-02;3.194346e-02;1.316666e-02;8.200962e-02;1.145624e-01;8.463646e-02;9.943711e-02;6.557950e-02;1.747473e-02
5.616082e-02;2.044212e-02;4.131155e-01;4.897813e-02;3.368682e-02;1.116425e-02;6.290226e-02;1.057948e-01;8.392551e-02;9.014364e-02;5.768756e-02;1.599861e-02
5.331984e-02;3.162590e-02;4.421065e-01;4.766644e-02;3.352191e-02;9.688044e-03;6.980127e-02;1.196693e-01;6.151662e-02;7.370858e-02;4.758991e-02;9.785637e-03
4.625142e-02;2.907151e-02;4.561933e-01;4.244027e-02;2.881076e-02;7.878991e-03;6.685353e-02;1.639032e-01;4.938507e-02;6.342004e-02;3.821602e-02;7.575873e-03
3.699953e-02;2.462380e-02;4.612956e-01;4.154174e-02;2.588424e-02;1.175070e-02;6.560205e-02;1.754700e-01;6.300662e-02;5.510424e-02;3.177350e-02;6.948040e-03
2.902146e-02;1.885983e-02;4.836903e-01;4.563290e-02;2.824699e-02;1.328536e-02;6.727888e-02;1.662405e-01;6.244746e-02;5.051498e-02;2.866516e-02;6.116211e-03
3.427465e-02;1.550384e-02;4.870550e-01;4.605458e-02;2.914545e-02;1.860964e-02;8.263639e-02;1.693998e-01;4.130826e-02;4.672527e-02;2.190602e-02;7.381033e-03
2.809823e-02;2.255729e-02;5.016291e-01;4.614536e-02;3.332917e-02;2.044965e-02;9.456975e-02;1.365252e-01;3.791830e-02;5.769169e-02;1.739574e-02;3.690482e-03
1.866608e-02;2.315885e-02;5.435598e-01;5.646645e-02;3.439612e-02;2.960010e-02;1.111748e-01;7.220270e-02;2.709095e-02;6.552485e-02;1.460739e-02;3.551875e-03
1.764167e-02;1.978657e-02;5.302002e-01;7.714815e-02;4.461974e-02;3.724343e-02;1.059176e-01;4.449585e-02;3.814771e-02;6.319002e-02;1.345326e-02;8.155767e-03
1.953362e-02;2.807136e-02;5.030211e-01;9.167937e-02;4.376102e-02;3.699595e-02;1.000751e-01;5.996466e-02;3.610831e-02;6.219543e-02;1.041865e-02;8.175371e-03
1.451405e-02;3.651519e-02;5.446427e-01;9.340780e-02;3.127228e-02;3.027301e-02;7.446141e-02;6.870861e-02;2.020000e-02;6.285273e-02;1.549681e-02;7.655383e-03
1.870758e-02;5.154962e-02;5.635225e-01;7.420599e-02;2.686918e-02;2.834691e-02;5.765963e-02;6.444338e-02;3.236814e-02;5.013925e-02;1.811726e-02;1.407060e-02
1.921961e-02;6.890242e-02;5.413036e-01;5.661723e-02;3.888312e-02;3.488728e-02;4.990652e-02;5.941302e-02;4.136825e-02;5.223348e-02;1.610604e-02;2.115941e-02
3.487668e-02;8.155085e-02;4.119112e-01;4.594377e-02;3.679948e-02;4.316411e-02;5.705139e-02;1.196010e-01;5.296674e-02;6.392165e-02;2.776578e-02;2.444737e-02
4.891520e-02;6.914225e-02;2.631670e-01;5.403047e-02;3.710542e-02;5.657042e-02;1.129340e-01;1.503178e-01;7.096273e-02;7.249606e-02;3.221772e-02;3.214090e-02
6.341500e-02;5.320271e-02;1.855147e-01;4.975702e-02;3.981641e-02;5.450260e-02;1.170789e-01;1.375898e-01;8.079661e-02;1.165259e-01;3.941515e-02;6.238522e-02
8.394027e-02;6.252567e-02;1.423265e-01;3.116759e-02;1.938002e-02;6.276125e-02;1.217827e-01;1.589994e-01;7.702409e-02;1.400527e-01;3.255994e-02;6.747993e-02
1.050172e-01;7.772876e-02;1.253079e-01;3.143948e-02;2.943056e-02;5.524692e-02;1.180056e-01;1.297102e-01;9.282232e-02;1.015137e-01;8.142445e-02;5.235290e-02
1.174903e-01;6.717660e-02;1.213698e-01;4.317616e-02;4.650331e-02;5.123336e-02;1.226460e-01;1.376485e-01;7.247616e-02;6.330938e-02;1.019894e-01;5.498101e-02
1.245520e-01;5.309592e-02;1.060965e-01;5.995027e-02;5.727061e-02;6.177649e-02;1.125943e-01;1.714964e-01;5.049318e-02;5.663200e-02;8.082856e-02;6.521376e-02
8.657050e-02;8.701736e-02;1.035123e-01;6.380913e-02;4.222725e-02;7.297619e-02;1.109123e-01;1.682850e-01;7.907771e-02;6.533322e-02;5.461923e-02;6.565981e-02
7.478021e-02;1.149193e-01;1.432005e-01;5.347645e-02;4.957452e-02;5.836884e-02;7.071757e-02;1.435162e-01;8.473734e-02;8.410531e-02;5.082131e-02;7.178259e-02
9.105603e-02;9.459639e-02;1.390673e-01;2.875112e-02;4.917736e-02;6.653236e-02;7.076921e-02;1.053784e-01;1.442949e-01;9.565202e-02;4.644749e-02;6.827738e-02
1.063386e-01;7.756084e-02;1.245659e-01;3.273206e-02;4.113602e-02;9.845240e-02;7.308725e-02;9.421931e-02;1.511244e-01;7.931665e-02;3.177438e-02;8.969209e-02
1.340942e-01;8.222061e-02;9.507653e-02;4.376518e-02;4.029524e-02;9.380309e-02;1.177884e-01;7.323224e-02;7.557300e-02;1.076095e-01;2.900891e-02;1.075332e-01
1.692217e-01;8.774397e-02;8.578672e-02;2.811355e-02;4.255077e-02;6.863160e-02;1.282650e-01;8.341241e-02;8.638228e-02;1.033630e-01;5.890084e-02;5.762811e-02
1.346142e-01;7.207997e-02;8.438297e-02;3.651983e-02;4.730066e-02;5.637734e-02;1.405620e-01;1.154225e-01;1.019160e-01;6.883441e-02;1.002965e-01;4.169362e-02
9.084173e-02;6.436226e-02;1.048507e-01;2.405990e-02;6.228550e-02;9.098510e-02;1.675657e-01;1.094410e-01;8.022769e-02;5.296926e-02;1.066467e-01;4.576440e-02
8.387886e-02;4.224634e-02;1.202259e-01;2.506135e-02;5.940894e-02;1.058332e-01;1.605347e-01;7.696449e-02;1.063056e-01;9.758488e-02;7.405364e-02;4.790207e-02
9.220965e-02;5.688885e-02;9.547344e-02;2.198613e-02;4.489185e-02;9.026358e-02;1.807257e-01;6.583726e-02;1.146791e-01;1.050486e-01;6.474538e-02;6.725053e-02
8.339892e-02;4.913116e-02;4.717637e-02;2.983758e-02;5.659119e-02;7.507662e-02;2.016983e-01;1.003017e-01;1.014933e-01;8.468631e-02;6.747077e-02;1.031378e-01
8.975637e-02;4.161032e-02;6.460670e-02;3.600311e-02;5.784123e-02;6.170832e-02;1.872516e-01;1.474820e-01;1.014444e-01;6.467435e-02;7.918508e-02;6.843662e-02
9.589383e-02;6.123886e-02;8.358198e-02;4.060281e-02;6.132647e-02;6.543718e-02;1.822041e-01;1.485490e-01;8.082094e-02;5.315018e-02;9.076228e-02;3.643237e-02
5.961702e-02;8.072577e-02;6.237211e-02;4.902770e-02;4.692581e-02;7.303254e-02;1.596563e-01;1.207948e-01;8.840499e-02;6.027736e-02;1.348867e-01;6.427903e-02
7.515367e-02;8.861727e-02;6.433919e-02;4.446726e-02;4.374985e-02;5.467886e-02;1.332837e-01;9.460294e-02;1.493886e-01;7.575604e-02;1.269264e-01;4.903628e-02
5.944176e-02;7.396383e-02;8.444157e-02;3.874385e-02;5.282875e-02;6.529489e-02;1.495658e-01;1.007243e-01;1.652402e-01;8.713289e-02;5.790472e-02;6.471740e-02
6.075810e-02;5.854197e-02;1.124561e-01;5.234477e-02;4.179768e-02;6.358328e-02;1.959537e-01;1.247255e-01;9.794699e-02;8.562209e-02;3.250666e-02;7.376312e-02
6.794843e-02;8.854995e-02;1.269497e-01;4.800326e-02;4.302222e-02;6.801154e-02;1.852428e-01;1.349289e-01;3.623275e-02;8.143243e-02;5.337794e-02;6.630000e-02
4.957246e-02;8.096941e-02;1.069914e-01;3.241827e-02;4.605032e-02;9.898809e-02;1.357017e-01;1.440746e-01;4.486207e-02;9.866738e-02;5.742119e-02;1.042831e-01
4.840017e-02;7.915436e-02;8.865993e-02;3.444035e-02;4.853548e-02;8.441779e-02;1.447567e-01;1.108273e-01;1.030308e-01;8.092003e-02;8.136058e-02;9.549654e-02
1.014797e-01;7.523461e-02;1.042877e-01;3.765182e-02;6.109449e-02;7.386720e-02;1.282342e-01;8.261961e-02;1.190993e-01;4.734591e-02;9.668256e-02;7.240288e-02
1.069227e-01;4.720009e-02;1.064222e-01;6.217007e-02;6.672156e-02;8.433075e-02;1.414716e-01;6.760120e-02;1.164041e-01;7.315251e-02;6.049468e-02;6.710857e-02
8.363996e-02;4.621150e-02;9.246371e-02;7.527597e-02;6.413972e-02;8.685442e-02;1.946200e-01;8.142301e-02;1.054528e-01;1.114220e-01;2.955333e-02;2.894354e-02
8.083612e-02;4.394014e-02;1.161933e-01;5.190746e-02;5.321757e-02;7.983164e-02;1.773687e-01;4.646041e-02;9.491167e-02;1.532906e-01;5.739023e-02;4.465221e-02
1.105454e-01;4.954701e-02;1.028086e-01;5.618662e-02;4.892468e-02;5.268987e-02;1.051701e-01;5.870735e-02;1.336858e-01;1.350620e-01;4.835890e-02;9.831365e-02
1.308942e-01;5.273186e-02;7.687377e-02;6.591095e-02;7.663386e-02;4.750956e-02;1.030196e-01;6.179147e-02;1.002735e-01;1.081928e-01;5.353251e-02;1.226359e-01
1.265100e-01;5.931534e-02;1.132413e-01;7.828487e-02;6.849838e-02;6.480849e-02;9.106128e-02;5.361294e-02;9.820087e-02;7.216206e-02;1.002244e-01;7.408002e-02
9.139308e-02;6.213668e-02;9.723435e-02;9.081599e-02;5.953960e-02;8.596628e-02;7.481555e-02;3.998955e-02;8.452828e-02;5.871348e-02;1.437672e-01;1.111000e-01
6.431156e-02;7.277932e-02;6.355362e-02;9.350273e-02;7.984250e-02;9.120373e-02;8.112742e-02;6.244748e-02;6.752154e-02;2.537987e-02;1.523822e-01;1.459480e-01
5.496565e-02;8.571664e-02;8.135432e-02;4.953412e-02;7.369845e-02;6.872913e-02;9.882522e-02;7.937810e-02;6.971980e-02;6.113385e-02;1.261427e-01;1.508020e-01
5.778843e-02;9.556952e-02;9.290377e-02;3.300680e-02;6.128217e-02;6.047631e-02;1.641308e-01;7.093525e-02;9.868595e-02;8.887850e-02;6.227172e-02;1.140707e-01
5.720020e-02;1.007092e-01;9.221359e-02;4.154086e-02;4.196744e-02;6.864414e-02;1.996935e-01;6.467482e-02;1.259396e-01;8.897888e-02;4.707909e-02;7.135867e-02
6.567775e-02;8.699057e-02;7.685456e-02;5.451700e-02;6.362040e-02;7.890300e-02;1.513464e-01;5.979889e-02;1.409640e-01;5.429472e-02;8.595642e-02;8.107620e-02
8.196820e-02;6.798597e-02;7.510360e-02;6.856713e-02;9.325668e-02;8.647539e-02;1.204432e-01;7.384899e-02;1.449995e-01;4.419858e-02;7.778750e-02;6.536526e-02
8.378030e-02;3.276422e-02;1.008475e-01;5.077047e-02;1.265916e-01;8.754198e-02;1.122191e-01;7.350323e-02;1.063578e-01;7.402791e-02;8.112870e-02;7.046718e-02
8.414810e-02;4.239490e-02;1.075521e-01;6.454871e-02;1.302283e-01;1.055804e-01;9.639071e-02;6.998978e-02;8.805253e-02;7.471346e-02;5.430167e-02;8.209943e-02
9.262379e-02;5.448233e-02;1.403585e-01;5.007267e-02;6.627341e-02;9.818999e-02;1.487858e-01;6.411751e-02;9.045191e-02;6.936815e-02;5.346625e-02;7.180969e-02
7.719095e-02;5.606353e-02;1.854478e-01;5.672460e-02;8.002853e-02;7.702374e-02;2.271731e-01;3.261135e-02;6.234030e-02;4.205725e-02;4.346336e-02;5.987558e-02
6.776197e-02;6.463595e-02;2.495748e-01;5.399957e-02;9.983397e-02;5.816323e-02;1.924493e-01;2.683529e-02;4.935926e-02;4.188380e-02;3.662662e-02;5.887626e-02
4.625660e-02;6.023153e-02;3.540556e-01;4.760007e-02;8.589827e-02;4.707151e-02;1.441167e-01;1.831084e-02;5.328397e-02;4.827834e-02;3.613724e-02;5.875940e-02
3.250559e-02;7.901768e-02;4.281985e-01;3.593090e-02;5.787548e-02;5.342212e-02;8.856057e-02;1.510075e-02;6.963834e-02;4.450279e-02;2.804415e-02;6.720310e-02
5.705357e-02;1.075575e-01;3.856099e-01;3.449941e-02;4.747987e-02;5.534051e-02;6.084244e-02;2.390726e-02;8.636662e-02;4.188324e-02;1.863253e-02;8.082709e-02
7.942721e-02;1.201706e-01;3.674408e-01;5.117500e-02;4.263957e-02;4.968417e-02;3.583621e-02;2.857872e-02;9.324960e-02;3.411021e-02;1.758983e-02;8.009817e-02
7.992324e-02;1.196677e-01;3.886674e-01;4.825443e-02;2.893990e-02;3.404642e-02;3.899875e-02;2.284692e-02;8.718312e-02;3.306262e-02;2.417499e-02;9.423451e-02
6.245839e-02;1.032390e-01;4.507147e-01;3.552807e-02;3.055945e-02;2.721249e-02;3.291276e-02;1.848787e-02;6.793521e-02;4.386439e-02;3.228000e-02;9.480769e-02
4.027141e-02;8.677175e-02;5.082300e-01;3.583349e-02;4.535294e-02;2.255113e-02;5.424052e-02;1.424786e-02;3.858462e-02;5.356966e-02;3.316585e-02;6.718080e-02
4.255456e-02;6.056875e-02;5.263901e-01;5.174554e-02;5.194556e-02;2.729569e-02;7.720890e-02;1.823903e-02;1.503032e-02;5.289484e-02;3.774001e-02;3.838668e-02
3.328881e-02;2.945173e-02;5.247853e-01;7.935490e-02;5.315131e-02;3.064059e-02;9.562332e-02;3.280545e-02;1.211617e-02;4.071302e-02;4.857136e-02;1.949794e-02
1.694534e-02;3.073592e-02;4.695258e-01;1.053563e-01;8.964749e-02;3.439953e-02;8.714231e-02;4.932739e-02;2.030580e-02;2.844549e-02;5.583677e-02;1.233190e-02
1.051915e-02;3.416266e-02;3.956650e-01;1.097060e-01;1.493812e-01;4.863097e-02;6.030243e-02;5.534600e-02;2.331666e-02;4.186727e-02;4.764730e-02;2.345531e-02
1.837046e-02;2.843056e-02;3.273306e-01;1.010035e-01;2.105225e-01;7.174977e-02;3.798895e-02;4.413492e-02;3.971573e-02;5.397625e-02;2.650250e-02;4.027425e-02
2.632357e-02;1.825936e-02;2.724118e-01;8.443690e-02;2.430936e-01;9.290200e-02;6.179465e-02;2.869607e-02;6.803225e-02;3.889371e-02;1.385768e-02;5.129839e-02
3.076471e-02;1.422729e-02;2.179470e-01;6.623514e-02;2.603945e-01;1.062464e-01;1.060596e-01;1.831332e-02;8.622611e-02;2.429387e-02;1.960436e-02;4.968769e-02
2.867970e-02;1.214493e-02;1.495919e-01;7.453128e-02;2.847151e-01;1.179445e-01;1.205274e-01;1.716963e-02;1.032879e-01;1.177618e-02;2.067610e-02;5.895534e-02
3.628575e-02;1.217196e-02;1.520043e-01;7.379533e-02;2.911345e-01;1.136840e-01;1.048791e-01;1.087513e-02;1.025481e-01;2.263452e-02;2.007124e-02;5.991602e-02
4.332848e-02;1.288325e-02;1.374074e-01;6.167300e-02;2.920752e-01;1.245664e-01;1.177454e-01;1.794810e-02;9.301741e-02;2.300771e-02;1.870634e-02;5.764134e-02
3.632806e-02;1.163714e-02;1.503392e-01;6.512977e-02;2.948601e-01;1.245898e-01;1.354510e-01;2.069492e-02;7.572965e-02;2.034715e-02;1.440732e-02;5.048580e-02
2.182824e-02;1.100205e-02;2.365008e-01;8.108908e-02;2.679181e-01;1.038166e-01;1.145757e-01;3.289667e-02;5.131503e-02;2.270765e-02;2.428811e-02;3.206199e-02
2.046876e-02;1.360317e-02;3.744906e-01;8.504991e-02;2.086022e-01;7.685771e-02;8.537352e-02;4.265048e-02;2.238484e-02;3.063119e-02;2.618755e-02;1.370005e-02
2.720449e-02;2.239054e-02;4.149037e-01;8.073997e-02;1.812811e-01;5.859499e-02;5.970928e-02;3.465964e-02;2.587762e-02;3.502249e-02;4.181350e-02;1.780269e-02
4.394288e-02;2.825952e-02;2.955166e-01;7.374822e-02;1.897818e-01;8.153102e-02;8.823727e-02;3.557305e-02;3.260745e-02;4.230538e-02;5.589334e-02;3.260352e-02
4.931439e-02;3.287908e-02;2.152745e-01;6.765912e-02;1.935651e-01;1.153303e-01;5.870192e-02;5.707323e-02;4.811307e-02;6.055735e-02;5.358408e-02;4.794786e-02
5.032517e-02;4.649268e-02;1.287593e-01;5.838989e-02;1.473253e-01;1.137810e-01;8.446030e-02;7.530081e-02;7.979920e-02;8.099674e-02;5.570867e-02;7.866094e-02
5.841931e-02;4.479141e-02;1.290734e-01;5.022495e-02;1.072495e-01;1.048550e-01;1.444905e-01;7.554226e-02;7.788932e-02;9.053571e-02;5.440207e-02;6.252658e-02
4.966716e-02;4.320270e-02;1.281647e-01;3.702447e-02;9.237251e-02;9.885951e-02;1.285541e-01;1.034209e-01;9.352633e-02;1.412612e-01;4.188552e-02;4.206098e-02
2.204606e-02;5.300970e-02;1.120962e-01;3.130158e-02;5.542581e-02;7.922568e-02;8.967644e-02;2.018002e-01;9.828505e-02;1.845919e-01;4.201632e-02;3.052514e-02
7.168704e-02;5.990669e-02;7.657671e-02;3.746158e-02;5.502222e-02;7.736232e-02;1.149393e-01;1.840089e-01;8.573958e-02;1.474302e-01;5.007669e-02;3.978875e-02
1.113562e-01;7.125465e-02;7.669616e-02;3.418863e-02;5.208013e-02;7.906753e-02;1.693173e-01;1.377862e-01;6.445394e-02;1.086385e-01;6.039121e-02;3.476951e-02
1.196707e-01;8.927574e-02;8.202305e-02;2.746343e-02;4.225248e-02;4.893079e-02;1.500777e-01;1.765970e-01;7.980290e-02;7.932933e-02;6.530199e-02;3.927488e-02
1.271680e-01;6.667903e-02;1.764846e-01;5.782017e-02;6.149527e-02;3.683927e-02;1.286437e-01;1.233502e-01;5.176810e-02;7.084101e-02;6.044554e-02;3.846503e-02
1.058251e-01;5.345554e-02;3.127907e-01;6.741662e-02;6.410990e-02;3.427426e-02;1.254647e-01;5.639816e-02;3.362026e-02;5.764049e-02;5.814357e-02;3.086068e-02
7.405379e-02;9.082256e-02;3.716774e-01;4.829727e-02;4.720840e-02;3.988723e-02;8.016070e-02;4.141932e-02;4.726237e-02;5.388735e-02;6.767464e-02;3.764901e-02
1.050956e-01;1.176987e-01;2.635600e-01;2.611296e-02;4.296700e-02;4.076765e-02;1.091717e-01;7.591239e-02;7.159351e-02;5.410282e-02;6.839526e-02;2.462245e-02
1.375175e-01;1.159505e-01;1.758045e-01;2.898608e-02;3.924196e-02;2.773494e-02;1.370312e-01;1.125859e-01;7.884575e-02;5.290052e-02;6.007602e-02;3.332523e-02
1.578671e-01;1.047226e-01;1.349183e-01;3.054394e-02;3.531798e-02;2.274947e-02;1.818711e-01;1.069739e-01;7.455397e-02;4.309297e-02;6.000502e-02;4.738360e-02
1.193719e-01;7.705542e-02;1.038460e-01;3.178290e-02;4.582918e-02;3.320000e-02;2.167671e-01;1.000600e-01;8.868341e-02;3.729150e-02;1.002063e-01;4.590636e-02
5.847061e-02;6.514000e-02;9.576283e-02;3.325276e-02;4.489872e-02;5.215268e-02;2.218500e-01;1.372479e-01;7.138815e-02;3.855750e-02;1.204645e-01;6.081432e-02
5.562500e-02;6.590348e-02;7.489073e-02;2.913180e-02;3.966474e-02;5.714685e-02;1.543829e-01;1.940426e-01;6.857716e-02;4.623751e-02;1.318222e-01;8.257503e-02
7.991555e-02;5.397728e-02;8.863363e-02;3.021384e-02;4.997161e-02;4.546264e-02;9.104403e-02;1.887613e-01;8.277339e-02;8.686478e-02;1.142776e-01;8.810435e-02
8.898402e-02;4.509453e-02;6.242616e-02;3.421623e-02;5.272327e-02;5.034944e-02;8.455618e-02;1.216620e-01;1.031338e-01;1.511978e-01;9.897415e-02;1.066824e-01
6.068630e-02;3.534631e-02;7.719005e-02;4.482625e-02;5.501957e-02;5.350123e-02;8.265210e-02;8.621521e-02;8.994275e-02;1.911459e-01;1.206010e-01;1.028734e-01
3.516322e-02;4.625745e-02;1.068989e-01;5.780406e-02;3.570620e-02;4.692276e-02;8.105540e-02;7.419297e-02;8.878531e-02;1.855919e-01;1.312301e-01;1.103918e-01
3.435737e-02;5.777473e-02;9.283830e-02;6.991328e-02;3.106994e-02;7.653892e-02;9.867448e-02;8.885152e-02;1.095312e-01;1.460497e-01;1.002969e-01;9.410363e-02
9.899186e-02;5.981029e-02;7.401483e-02;8.777601e-02;5.009287e-02;7.696911e-02;9.189019e-02;9.833270e-02;7.991200e-02;1.199604e-01;1.124454e-01;4.980441e-02
9.945256e-02;6.029201e-02;5.852420e-02;8.120526e-02;5.184383e-02;5.832576e-02;8.848327e-02;8.773399e-02;9.460147e-02;9.709513e-02;1.129452e-01;1.094973e-01
1.240931e-01;4.769148e-02;8.336061e-02;5.294712e-02;3.614934e-02;7.310473e-02;1.183262e-01;7.501055e-02;8.395963e-02;9.119123e-02;1.048671e-01;1.092989e-01
8.107074e-02;5.049773e-02;7.644696e-02;4.705883e-02;2.226052e-02;5.984441e-02;1.204757e-01;1.137147e-01;9.180244e-02;1.140140e-01;1.246272e-01;9.818693e-02
5.737166e-02;5.255154e-02;8.101690e-02;5.797118e-02;3.702651e-02;4.821661e-02;9.207907e-02;8.983787e-02;8.448619e-02;1.566375e-01;1.074718e-01;1.353331e-01
6.973553e-02;4.988103e-02;1.062111e-01;4.452915e-02;5.068913e-02;3.916294e-02;1.084227e-01;8.443262e-02;6.083542e-02;1.351925e-01;9.133835e-02;1.595695e-01
8.248928e-02;5.134047e-02;1.060912e-01;4.292084e-02;3.565448e-02;4.662346e-02;8.958615e-02;1.249773e-01;6.858734e-02;1.292903e-01;1.004282e-01;1.220109e-01
9.053989e-02;5.795400e-02;7.983902e-02;5.110404e-02;2.699666e-02;5.681329e-02;4.595219e-02;1.556478e-01;8.461088e-02;1.310090e-01;1.187393e-01;1.007940e-01
9.785683e-02;7.168632e-02;7.235263e-02;3.997796e-02;4.230996e-02;5.612920e-02;6.756201e-02;1.836931e-01;7.903687e-02;7.895776e-02;8.708093e-02;1.233564e-01
