4.762532e-02;6.708959e-02;1.070846e-01;7.926174e-02;6.563682e-02;8.411149e-02;1.716779e-01;7.943931e-02;1.029139e-01;8.081982e-02;6.942448e-02;4.491500e-02
5.805327e-02;6.848221e-02;1.135558e-01;5.345168e-02;4.802444e-02;1.021093e-01;1.371752e-01;8.406106e-02;1.080515e-01;1.069753e-01;6.823474e-02;5.182548e-02
4.389732e-02;7.158469e-02;5.999887e-02;5.180260e-02;6.058720e-02;9.905296e-02;1.523581e-01;9.270807e-02;1.522632e-01;1.020148e-01;6.256705e-02;5.116513e-02
4.075979e-02;6.710896e-02;1.660107e-01;6.058605e-02;7.014820e-02;7.248102e-02;1.447105e-01;8.361150e-02;1.299648e-01;8.494141e-02;4.767048e-02;3.200668e-02
5.392655e-02;4.733119e-02;3.395556e-01;6.910720e-02;8.082404e-02;4.160341e-02;1.110643e-01;4.590840e-02;7.048447e-02;6.797498e-02;3.742380e-02;3.479615e-02
5.620087e-02;7.121637e-02;3.664679e-01;7.105727e-02;7.500146e-02;5.679876e-02;1.379950e-01;3.239153e-02;4.657687e-02;3.450849e-02;2.557171e-02;2.621379e-02
6.942895e-02;1.109368e-01;3.210763e-01;6.463139e-02;7.246343e-02;7.076219e-02;1.101040e-01;2.824873e-02;6.811561e-02;2.748001e-02;2.314459e-02;3.360797e-02
1.355943e-01;1.584689e-01;2.429152e-01;4.928025e-02;6.000094e-02;7.507092e-02;5.278608e-02;3.630922e-02;9.071181e-02;2.501587e-02;3.302243e-02;4.082404e-02
2.240601e-01;1.455452e-01;1.654978e-01;3.588710e-02;5.842438e-02;5.192781e-02;6.896970e-02;6.741931e-02;6.290042e-02;2.647609e-02;5.448643e-02;3.840567e-02
3.078114e-01;1.179190e-01;1.349960e-01;2.730904e-02;6.443030e-02;3.455159e-02;6.479768e-02;9.287287e-02;3.773719e-02;2.338475e-02;5.537878e-02;3.881148e-02
3.523749e-01;1.550318e-01;1.423108e-01;2.058083e-02;5.183991e-02;1.934042e-02;4.043600e-02;8.586906e-02;4.760370e-02;1.832853e-02;3.409148e-02;3.219262e-02
3.991551e-01;1.921069e-01;1.573406e-01;1.283352e-02;4.644073e-02;6.641164e-03;2.391091e-02;5.366401e-02;4.184141e-02;1.178748e-02;2.200119e-02;3.227700e-02
4.333098e-01;1.818317e-01;1.795401e-01;8.664927e-03;4.349685e-02;5.427824e-03;1.634436e-02;2.272409e-02;3.064479e-02;9.964432e-03;1.968012e-02;4.837106e-02
4.350460e-01;1.511873e-01;1.649531e-01;8.848488e-03;3.655257e-02;7.135416e-03;1.727633e-02;3.073321e-02;2.401777e-02;1.998690e-02;3.727353e-02;6.698939e-02
3.810254e-01;1.549419e-01;1.458544e-01;1.984020e-02;3.419214e-02;7.094185e-03;2.104149e-02;4.028200e-02;2.921221e-02;4.285039e-02;5.647041e-02;6.719533e-02
3.394876e-01;1.802385e-01;1.433985e-01;2.223697e-02;4.328825e-02;1.243395e-02;4.464779e-02;3.648265e-02;3.604107e-02;4.978818e-02;5.301486e-02;3.894177e-02
3.754950e-01;1.561878e-01;1.745709e-01;1.726811e-02;4.533843e-02;2.098189e-02;4.047475e-02;2.638222e-02;2.526343e-02;3.716836e-02;3.646705e-02;4.440200e-02
3.473461e-01;1.339637e-01;1.740806e-01;2.343155e-02;4.877173e-02;3.342687e-02;3.466615e-02;1.455871e-02;3.871427e-02;4.839604e-02;3.887442e-02;6.376978e-02
2.442987e-01;1.221646e-01;1.612976e-01;2.639270e-02;5.379013e-02;6.166182e-02;7.416954e-02;3.219322e-02;4.382157e-02;6.322897e-02;4.128619e-02;7.569498e-02
2.055251e-01;1.212330e-01;1.610603e-01;2.614725e-02;4.195063e-02;6.533629e-02;1.002793e-01;3.468553e-02;6.373166e-02;7.671120e-02;2.727572e-02;7.606391e-02
1.554066e-01;8.713646e-02;1.456137e-01;4.697336e-02;2.675788e-02;5.551697e-02;1.041242e-01;9.607074e-02;9.746895e-02;8.391026e-02;4.140514e-02;5.961570e-02
1.011828e-01;5.928373e-02;9.729853e-02;4.023001e-02;2.843548e-02;5.310893e-02;7.343672e-02;2.004650e-01;1.434148e-01;1.311266e-01;4.255577e-02;2.946167e-02
6.492567e-02;4.625589e-02;6.309025e-02;2.543347e-02;3.121068e-02;5.554765e-02;6.690370e-02;2.081853e-01;1.779948e-01;2.232001e-01;2.617914e-02;1.107334e-02
5.276654e-02;2.239221e-02;6.282961e-02;2.152555e-02;3.244667e-02;4.091057e-02;6.999882e-02;2.757108e-01;1.378493e-01;2.539688e-01;1.470207e-02;1.489903e-02
5.501363e-02;3.447600e-02;1.577170e-01;3.358332e-02;5.466592e-02;4.587229e-02;1.050494e-01;1.936403e-01;8.542850e-02;1.918944e-01;2.194839e-02;2.071087e-02
7.329403e-02;6.886607e-02;3.490843e-01;3.791153e-02;6.220308e-02;3.990441e-02;1.312437e-01;5.268589e-02;7.175279e-02;7.863474e-02;1.867134e-02;1.574808e-02
6.841022e-02;9.863372e-02;4.035621e-01;3.279673e-02;4.868200e-02;3.590189e-02;9.795855e-02;2.951839e-02;9.384013e-02;6.651277e-02;1.346081e-02;1.072269e-02
5.933238e-02;1.468321e-01;4.350104e-01;2.143001e-02;2.758430e-02;3.336534e-02;5.097808e-02;3.209669e-02;1.222884e-01;5.521178e-02;8.232174e-03;7.638307e-03
7.135110e-02;2.056874e-01;4.235247e-01;1.496987e-02;5.870253e-03;3.267118e-02;1.260478e-02;3.415892e-02;1.537321e-01;3.536746e-02;3.627929e-03;6.434246e-03
1.257940e-01;1.911116e-01;3.335607e-01;1.340164e-02;9.643135e-03;2.729753e-02;3.360800e-02;5.732102e-02;1.383938e-01;5.074574e-02;8.700275e-03;1.042251e-02
1.644900e-01;1.500256e-01;2.664336e-01;1.540124e-02;2.228131e-02;2.600782e-02;6.023295e-02;6.494267e-02;9.345718e-02;9.307586e-02;2.060261e-02;2.304925e-02
1.916308e-01;7.642012e-02;1.712705e-01;2.033037e-02;4.093445e-02;3.739301e-02;1.205857e-01;5.522372e-02;5.756782e-02;1.257505e-01;5.590086e-02;4.699216e-02
1.394006e-01;7.990008e-02;2.391394e-01;2.121264e-02;4.431418e-02;5.401800e-02;9.585534e-02;3.476590e-02;4.587666e-02;9.152990e-02;1.076874e-01;4.629995e-02
8.535007e-02;1.024504e-01;3.580922e-01;2.461215e-02;3.345153e-02;3.602076e-02;8.512103e-02;2.013639e-02;4.399383e-02;7.194795e-02;1.086458e-01;3.017782e-02
3.882857e-02;5.024074e-02;3.379004e-01;3.067501e-02;3.573959e-02;3.695075e-02;1.081000e-01;6.738183e-02;7.632202e-02;8.353972e-02;6.934451e-02;6.497685e-02
6.078939e-02;6.726271e-02;3.411201e-01;2.274374e-02;4.598159e-02;3.327023e-02;1.233105e-01;7.769954e-02;7.350706e-02;7.835789e-02;3.282480e-02;4.313251e-02
4.159307e-02;7.185611e-02;4.579953e-01;2.581478e-02;3.752747e-02;2.332671e-02;6.892554e-02;7.456149e-02;7.576650e-02;7.947883e-02;1.911731e-02;2.403694e-02
1.875990e-02;6.274205e-02;5.400618e-01;2.526773e-02;2.327440e-02;1.843736e-02;5.604998e-02;6.120287e-02;7.393267e-02;9.568597e-02;1.279097e-02;1.179432e-02
9.185192e-03;4.181033e-02;6.020325e-01;3.753289e-02;1.577799e-02;9.925134e-03;5.377568e-02;3.352453e-02;5.027897e-02;1.299494e-01;1.145585e-02;4.751532e-03
6.079668e-03;2.787645e-02;6.434065e-01;5.229076e-02;2.829050e-02;8.627145e-03;4.408808e-02;9.955480e-03;4.498623e-02;1.185964e-01;1.298192e-02;2.820855e-03
6.815705e-03;1.932175e-02;5.887315e-01;7.758773e-02;3.721783e-02;9.274120e-03;3.581114e-02;1.031513e-02;1.078123e-01;7.900272e-02;2.461223e-02;3.497840e-03
8.704314e-03;1.445777e-02;5.108005e-01;1.168197e-01;5.892957e-02;1.980731e-02;1.777300e-02;3.716958e-02;1.144302e-01;4.568966e-02;4.941577e-02;6.002681e-03
7.685466e-03;7.174858e-03;3.938999e-01;1.524641e-01;1.001226e-01;3.586467e-02;1.617851e-02;9.196513e-02;5.304509e-02;6.398598e-02;6.608396e-02;1.152964e-02
1.115924e-02;9.701093e-03;2.447179e-01;1.315071e-01;1.588120e-01;4.564327e-02;3.899823e-02;1.023030e-01;2.516241e-02;1.430025e-01;4.865757e-02;4.033576e-02
1.702967e-02;1.181202e-02;1.690729e-01;7.142632e-02;2.016229e-01;6.878544e-02;1.048448e-01;5.039271e-02;5.811034e-02;1.535347e-01;2.542345e-02;6.794471e-02
3.016290e-02;1.127839e-02;1.132356e-01;4.243941e-02;2.092113e-01;1.337378e-01;1.687868e-01;1.637476e-02;9.853533e-02;9.874259e-02;1.248503e-02;6.501018e-02
7.370404e-02;1.403152e-02;5.491187e-02;2.802787e-02;1.555236e-01;2.282011e-01;2.252313e-01;3.478786e-02;8.112125e-02;6.331288e-02;6.908484e-03;3.423816e-02
8.247370e-02;2.200878e-02;4.002121e-02;2.802359e-02;8.526985e-02;2.514489e-01;2.884150e-01;4.701780e-02;4.393598e-02;9.171443e-02;7.424021e-03;1.224667e-02
5.661099e-02;5.399172e-02;3.138789e-02;3.437798e-02;4.107606e-02;1.734831e-01;4.198880e-01;5.740393e-02;3.810236e-02;7.574890e-02;1.091271e-02;7.016301e-03
2.509064e-02;8.268176e-02;2.639055e-02;2.658693e-02;2.880576e-02;7.782824e-02;5.117359e-01;9.979249e-02;5.024605e-02;4.804883e-02;1.777132e-02;5.021558e-03
9.834309e-03;7.314653e-02;5.342862e-02;1.311354e-02;2.210737e-02;2.476560e-02;4.734426e-01;2.132116e-01;4.963117e-02;4.281467e-02;1.599640e-02;8.507557e-03
7.192838e-03;3.041342e-02;1.135926e-01;1.124952e-02;1.648694e-02;1.411421e-02;3.146289e-01;3.461187e-01;5.580639e-02;6.641553e-02;5.972467e-03;1.800848e-02
1.058988e-02;9.395295e-03;1.492736e-01;1.155467e-02;1.809178e-02;2.224659e-02;1.873476e-01;3.912340e-01;8.900967e-02;7.563725e-02;4.433078e-03;3.118659e-02
1.710559e-02;1.123237e-02;1.310320e-01;2.337401e-02;1.837797e-02;3.784424e-02;1.368986e-01;3.548451e-01;1.574765e-01;5.945880e-02;6.589799e-03;4.576495e-02
1.754438e-02;1.238507e-02;1.111187e-01;3.553781e-02;1.493497e-02;4.195280e-02;1.302247e-01;3.163027e-01;2.105354e-01;3.732098e-02;1.296246e-02;5.918003e-02
8.901151e-03;7.889505e-03;1.534190e-01;2.820827e-02;9.808092e-03;3.110464e-02;1.453496e-01;3.593433e-01;1.568148e-01;3.989248e-02;1.424531e-02;4.502390e-02
8.854716e-03;2.379737e-02;1.470032e-01;1.455831e-02;8.555138e-03;1.766957e-02;2.709813e-01;3.590980e-01;6.786711e-02;4.492071e-02;1.322381e-02;2.347082e-02
4.649130e-03;6.618538e-02;8.899363e-02;4.585821e-03;8.298096e-03;1.945782e-02;4.307370e-01;2.691172e-01;2.679786e-02;3.668817e-02;3.129572e-02;1.319412e-02
1.432036e-02;1.130238e-01;3.394375e-02;5.106767e-03;1.221028e-02;4.038431e-02;5.246849e-01;1.552670e-01;2.557112e-02;2.365962e-02;4.257685e-02;9.251278e-03
5.469665e-02;1.142002e-01;1.659420e-02;8.301175e-03;2.337280e-02;1.043055e-01;5.041239e-01;7.796470e-02;2.727016e-02;2.925265e-02;2.803816e-02;1.187996e-02
1.396749e-01;7.478884e-02;1.189100e-02;1.803469e-02;4.533171e-02;2.090608e-01;3.589002e-01;4.663656e-02;1.528354e-02;6.017460e-02;9.430560e-03;1.079262e-02
1.990790e-01;3.450244e-02;1.236563e-02;1.903358e-02;7.637180e-02;2.724197e-01;2.060029e-01;6.824513e-02;2.134034e-02;6.276009e-02;7.824458e-03;2.005496e-02
1.700336e-01;1.397362e-02;3.541835e-02;1.864149e-02;1.611676e-01;2.489891e-01;1.669523e-01;4.936888e-02;2.871430e-02;3.522763e-02;7.417533e-03;6.409551e-02
8.290716e-02;1.405344e-02;6.163679e-02;3.170806e-02;2.642145e-01;1.517522e-01;1.454631e-01;2.222851e-02;7.142574e-02;2.016847e-02;5.460959e-03;1.289811e-01
2.976728e-02;1.286614e-02;7.783531e-02;4.936782e-02;3.207435e-01;7.809021e-02;1.091550e-01;1.812832e-02;9.261098e-02;2.085172e-02;1.281129e-02;1.777724e-01
1.805441e-02;3.527370e-02;1.034708e-01;7.411173e-02;2.936019e-01;5.377215e-02;9.213172e-02;3.011564e-02;9.098123e-02;1.684997e-02;1.183805e-02;1.797988e-01
2.192030e-02;4.814360e-02;1.270539e-01;1.181129e-01;2.362714e-01;4.451182e-02;8.768458e-02;3.402176e-02;7.250450e-02;1.427336e-02;3.172509e-02;1.637768e-01
1.688299e-02;3.911070e-02;1.530643e-01;1.801192e-01;2.218522e-01;3.703550e-02;5.229614e-02;2.383171e-02;4.859638e-02;1.383243e-02;7.222402e-02;1.411544e-01
1.449735e-02;1.880211e-02;1.819045e-01;2.666456e-01;1.882498e-01;2.335396e-02;2.612439e-02;2.388848e-02;2.188079e-02;1.404340e-02;1.240620e-01;9.654763e-02
1.076846e-02;5.790073e-03;2.512765e-01;3.235900e-01;1.179526e-01;2.332220e-02;1.786724e-02;2.696930e-02;1.099308e-02;1.511536e-02;1.540702e-01;4.228496e-02
9.453436e-03;9.872592e-03;3.603739e-01;3.074756e-01;6.747250e-02;1.918917e-02;1.372259e-02;2.219200e-02;1.020653e-02;2.141787e-02;1.511359e-01;7.487923e-03
1.096718e-02;1.672731e-02;4.787308e-01;2.373723e-01;5.002221e-02;1.115803e-02;1.219079e-02;1.313053e-02;1.390910e-02;2.861910e-02;1.175587e-01;9.613972e-03
7.465447e-03;1.543617e-02;5.645974e-01;1.805098e-01;3.589130e-02;9.000725e-03;1.091646e-02;5.235760e-03;1.210977e-02;5.484873e-02;9.302825e-02;1.096016e-02
5.704747e-03;1.378722e-02;6.071070e-01;1.343090e-01;3.044475e-02;7.302821e-03;2.420694e-02;4.111029e-03;1.344391e-02;8.527805e-02;6.592498e-02;8.379578e-03
6.768069e-03;1.638994e-02;6.521304e-01;9.011754e-02;2.616907e-02;4.196713e-03;2.636003e-02;2.160844e-03;1.106323e-02;1.176013e-01;3.830028e-02;8.742708e-03
9.046119e-03;3.179504e-02;6.674742e-01;4.493747e-02;2.273872e-02;8.836277e-03;2.529621e-02;4.715887e-03;1.296588e-02;1.404479e-01;2.059092e-02;1.115536e-02
1.963052e-02;4.727908e-02;6.259277e-01;2.708732e-02;1.528499e-02;1.266955e-02;4.144778e-02;1.192911e-02;2.571690e-02;1.412210e-01;1.444328e-02;1.736276e-02
1.128629e-02;4.161811e-02;5.929841e-01;3.228687e-02;2.115104e-02;1.367053e-02;7.400974e-02;1.191283e-02;1.831806e-02;1.437437e-01;2.229977e-02;1.671894e-02
5.262492e-03;3.255732e-02;6.263803e-01;3.262895e-02;1.838488e-02;9.216657e-03;8.001908e-02;7.185218e-03;1.221165e-02;1.536708e-01;1.499219e-02;7.490492e-03
1.072347e-02;3.007647e-02;6.457024e-01;3.844545e-02;1.883793e-02;5.523451e-03;7.764930e-02;6.032250e-03;7.100997e-03;1.515768e-01;3.301002e-03;5.030468e-03
1.563602e-02;2.756697e-02;6.300672e-01;4.022724e-02;3.166033e-02;9.001052e-03;8.380713e-02;6.844752e-03;1.206441e-02;1.333525e-01;5.387452e-03;4.384873e-03
2.152161e-02;2.931353e-02;6.047394e-01;4.169016e-02;4.076436e-02;1.086391e-02;9.059095e-02;1.125305e-02;1.810713e-02;1.116471e-01;1.252820e-02;6.980651e-03
3.093894e-02;3.934548e-02;5.833796e-01;3.859464e-02;3.727702e-02;1.311988e-02;9.039511e-02;1.576443e-02;2.127028e-02;9.982101e-02;1.822444e-02;1.186924e-02
2.274216e-02;2.716313e-02;6.186613e-01;3.839836e-02;4.731797e-02;2.169707e-02;7.335512e-02;1.637272e-02;2.546502e-02;7.897605e-02;1.801206e-02;1.183909e-02
1.473217e-02;1.775799e-02;6.907561e-01;4.371031e-02;3.534031e-02;1.595354e-02;6.155020e-02;1.499497e-02;2.232748e-02;6.034889e-02;1.381485e-02;8.713200e-03
1.089651e-02;1.723463e-02;7.362884e-01;4.442434e-02;3.429775e-02;1.389063e-02;4.536413e-02;1.330168e-02;9.575480e-03;5.974168e-02;9.590544e-03;5.394257e-03
1.306825e-02;1.312130e-02;7.457034e-01;4.854476e-02;3.117253e-02;8.853896e-03;5.549530e-02;1.259572e-02;8.442756e-03;4.773321e-02;8.602221e-03;6.666672e-03
1.882305e-02;1.094083e-02;7.267221e-01;6.013647e-02;4.473048e-02;1.642253e-02;5.125345e-02;1.288074e-02;7.629690e-03;3.002133e-02;1.647526e-02;3.964090e-03
1.290362e-02;1.062084e-02;6.734358e-01;7.644788e-02;7.328606e-02;2.238285e-02;3.536292e-02;2.508535e-02;1.437803e-02;2.547067e-02;2.509101e-02;5.534996e-03
1.652268e-02;1.579503e-02;5.141504e-01;9.128244e-02;1.193078e-01;4.282346e-02;3.487079e-02;4.475950e-02;2.341248e-02;3.493618e-02;4.125481e-02;2.088443e-02
4.837135e-02;2.283362e-02;3.123334e-01;7.254768e-02;1.583621e-01;7.548273e-02;9.204064e-02;3.837581e-02;4.016618e-02;4.180546e-02;4.112192e-02;5.655912e-02
8.947613e-02;3.702443e-02;2.319128e-01;4.442345e-02;1.787358e-01;1.041633e-01;1.273506e-01;1.760960e-02;3.877302e-02;2.971489e-02;2.723460e-02;7.358133e-02
1.378039e-01;3.008450e-02;1.487783e-01;2.452583e-02;1.739553e-01;1.265744e-01;1.990520e-01;1.950337e-02;2.894138e-02;3.267716e-02;1.793381e-02;6.016998e-02
1.564987e-01;3.412524e-02;6.316791e-02;1.804074e-02;1.703979e-01;1.514802e-01;2.806599e-01;2.771074e-02;1.976715e-02;3.404760e-02;1.005527e-02;3.404858e-02
1.050148e-01;1.888091e-02;8.542017e-02;1.856341e-02;1.360778e-01;1.384659e-01;3.845590e-01;3.079297e-02;2.038360e-02;3.233851e-02;1.065800e-02;1.884490e-02
6.136540e-02;1.479487e-02;4.470639e-02;9.060709e-03;1.044273e-01;1.249331e-01;5.353826e-01;3.017552e-02;1.823711e-02;2.898669e-02;1.231499e-02;1.561532e-02
2.711455e-02;1.832947e-02;2.838335e-02;7.442047e-03;8.119695e-02;1.104991e-01;6.320650e-01;2.156038e-02;2.315013e-02;2.453345e-02;1.320612e-02;1.251943e-02
3.193429e-02;2.631203e-02;2.679919e-02;1.294674e-02;5.956164e-02;8.531326e-02;6.363705e-01;2.587052e-02;3.397183e-02;3.033255e-02;1.587930e-02;1.470811e-02
3.409000e-02;2.684801e-02;5.389477e-02;1.578479e-02;2.333072e-02;8.167849e-02;6.351907e-01;3.067123e-02;3.465941e-02;4.040932e-02;1.296681e-02;1.047574e-02
2.784206e-02;1.681411e-02;6.206651e-02;1.422746e-02;8.281817e-02;1.246409e-01;5.441878e-01;3.359293e-02;2.720545e-02;3.107623e-02;2.187627e-02;1.365204e-02
3.277187e-02;1.643288e-02;3.208283e-02;1.712479e-02;1.418021e-01;1.676123e-01;4.702314e-01;3.330829e-02;2.364196e-02;2.395982e-02;2.412562e-02;1.690616e-02
3.711651e-02;1.786231e-02;5.720102e-02;1.699307e-02;1.965937e-01;1.712889e-01;3.823406e-01;2.491903e-02;2.577576e-02;2.787275e-02;1.951258e-02;2.252371e-02
3.586585e-02;1.548844e-02;6.997035e-02;3.207001e-02;2.405100e-01;1.783412e-01;2.994844e-01;2.448270e-02;4.399198e-02;1.953835e-02;1.866571e-02;2.159102e-02
3.987302e-02;3.483257e-02;1.214101e-01;4.819344e-02;2.074430e-01;1.537969e-01;2.318875e-01;3.594641e-02;5.460441e-02;3.390114e-02;2.219209e-02;1.591943e-02
6.201125e-02;4.456024e-02;9.356101e-02;4.125572e-02;1.856433e-01;1.381094e-01;2.696293e-01;3.927612e-02;4.950173e-02;2.829487e-02;2.747069e-02;2.068640e-02
7.110390e-02;3.302762e-02;5.142828e-02;2.337386e-02;2.026603e-01;1.672326e-01;2.986324e-01;3.401636e-02;3.321709e-02;2.129781e-02;2.854988e-02;3.545993e-02
6.249326e-02;2.070004e-02;6.062750e-02;2.215259e-02;2.192752e-01;1.657390e-01;3.034559e-01;2.366528e-02;2.379160e-02;2.138819e-02;2.139560e-02;5.531582e-02
5.982674e-02;1.753076e-02;1.119327e-01;3.441711e-02;2.356906e-01;1.525955e-01;2.368221e-01;2.100456e-02;2.455907e-02;2.239001e-02;1.638418e-02;6.684675e-02
4.841925e-02;1.885638e-02;1.961072e-01;5.608302e-02;2.688504e-01;1.331484e-01;8.990390e-02;1.893878e-02;3.541569e-02;2.485152e-02;1.342653e-02;9.599886e-02
2.083329e-02;1.031633e-02;2.483528e-01;6.040700e-02;2.174008e-01;9.838535e-02;1.554541e-01;2.099892e-02;3.128927e-02;1.772702e-02;2.839199e-02;9.044309e-02
3.177959e-02;3.131295e-02;3.197924e-01;6.054086e-02;1.872771e-01;9.404257e-02;4.503019e-02;3.372113e-02;2.798275e-02;3.698727e-02;5.000538e-02;8.152790e-02
7.233552e-02;3.451648e-02;2.580491e-01;5.194521e-02;1.336787e-01;7.237446e-02;1.218761e-01;4.592985e-02;4.582412e-02;6.277173e-02;4.536871e-02;5.532999e-02
9.121579e-02;3.757609e-02;1.699607e-01;7.083084e-02;1.162053e-01;8.359845e-02;8.901120e-02;6.521077e-02;1.073980e-01;9.915278e-02;5.590264e-02;1.393738e-02
7.610258e-02;5.326058e-02;1.223137e-01;7.076785e-02;1.060855e-01;1.088291e-01;9.378794e-02;8.217937e-02;1.183216e-01;9.591713e-02;5.060649e-02;2.182811e-02
7.059476e-02;4.277856e-02;9.997423e-02;6.061079e-02;1.055530e-01;1.238416e-01;1.619029e-01;7.425418e-02;8.545849e-02;1.150591e-01;3.530008e-02;2.467230e-02
5.684330e-02;2.794592e-02;1.105159e-01;5.202216e-02;8.206002e-02;9.885120e-02;3.022997e-01;4.024158e-02;5.374683e-02;1.376057e-01;2.491895e-02;1.294874e-02
8.696965e-02;3.711578e-02;1.004984e-01;5.045344e-02;1.083382e-01;1.057908e-01;3.109528e-01;2.551102e-02;3.927904e-02;8.411004e-02;2.314056e-02;2.784039e-02
1.155893e-01;4.047184e-02;1.060628e-01;4.320048e-02;1.542595e-01;1.184953e-01;2.300702e-01;2.953903e-02;3.606010e-02;7.900386e-02;1.287935e-02;3.436824e-02
9.203021e-02;2.707226e-02;1.479669e-01;3.478703e-02;1.777355e-01;1.217598e-01;1.154719e-01;6.411796e-02;5.762337e-02;1.073697e-01;1.593649e-02;3.812892e-02
4.017244e-02;1.683903e-02;1.408439e-01;2.900069e-02;1.497817e-01;1.307202e-01;1.917088e-01;8.652084e-02;7.449388e-02;9.856270e-02;1.683323e-02;2.452252e-02
2.864824e-02;1.624137e-02;1.064319e-01;3.122096e-02;1.292821e-01;1.334889e-01;2.598322e-01;9.704543e-02;8.007011e-02;8.443780e-02;1.935543e-02;1.394548e-02
3.335999e-02;2.637482e-02;6.650522e-02;3.295840e-02;7.687160e-02;2.040334e-01;1.608112e-01;7.997587e-02;1.670343e-01;1.066158e-01;2.721812e-02;1.824114e-02
3.635275e-02;2.262473e-02;4.295660e-02;2.271552e-02;5.553593e-02;2.089495e-01;1.215389e-01;7.471562e-02;2.299190e-01;1.302256e-01;2.964652e-02;2.481940e-02
3.561121e-02;1.940159e-02;4.578511e-02;3.020986e-02;6.642379e-02;1.757436e-01;1.385465e-01;8.351515e-02;2.445737e-01;9.240427e-02;3.427675e-02;3.350847e-02
3.123791e-02;3.346667e-02;6.294262e-02;3.127168e-02;6.354941e-02;1.286719e-01;1.010872e-01;1.110617e-01;1.860459e-01;1.867793e-01;3.118822e-02;3.269745e-02
2.326782e-02;3.139580e-02;5.293865e-02;3.300590e-02;6.097084e-02;1.070516e-01;1.095231e-01;1.102331e-01;1.180961e-01;3.136985e-01;1.993437e-02;1.988416e-02
2.357106e-02;3.111054e-02;5.969664e-02;4.952875e-02;6.057101e-02;1.471725e-01;1.189602e-01;1.118710e-01;1.068472e-01;2.642178e-01;1.647222e-02;9.981118e-03
3.437915e-02;3.414171e-02;7.646856e-02;5.876019e-02;5.600052e-02;1.376423e-01;1.145484e-01;1.011392e-01;1.627723e-01;1.682694e-01;3.057086e-02;2.530753e-02
4.362798e-02;2.943837e-02;6.080729e-02;4.254349e-02;6.739462e-02;1.132121e-01;1.295058e-01;6.742994e-02;1.925386e-01;1.798440e-01;3.921751e-02;3.444032e-02
4.218002e-02;2.490774e-02;6.717599e-02;5.148132e-02;9.195127e-02;1.236283e-01;1.419870e-01;8.543484e-02;1.511255e-01;1.489029e-01;3.991636e-02;3.130873e-02
5.205991e-02;2.229098e-02;8.514456e-02;9.818500e-02;8.254445e-02;1.079337e-01;1.619920e-01;1.169034e-01;9.949163e-02;9.179589e-02;5.329844e-02;2.836008e-02
4.534648e-02;3.012991e-02;8.365043e-02;1.176191e-01;8.290256e-02;8.584080e-02;1.619894e-01;8.984429e-02;8.585655e-02;1.186652e-01;6.132498e-02;3.683026e-02
4.854652e-02;4.721757e-02;6.670440e-02;8.228330e-02;8.624246e-02;1.063331e-01;1.596848e-01;8.097168e-02;8.388806e-02;1.464771e-01;4.158391e-02;5.006701e-02
5.201950e-02;6.240343e-02;8.997786e-02;4.789858e-02;7.490972e-02;1.224875e-01;1.337629e-01;9.035800e-02;8.767026e-02;1.419225e-01;4.245577e-02;5.413406e-02
7.937712e-02;7.534856e-02;1.270341e-01;6.390475e-02;8.189943e-02;6.790188e-02;9.802213e-02;8.704225e-02;8.792675e-02;8.930699e-02;7.487293e-02;6.736311e-02
9.060366e-02;7.042287e-02;1.295583e-01;6.447650e-02;8.708010e-02;7.127959e-02;7.600649e-02;1.017293e-01;9.735316e-02;1.040333e-01;6.423805e-02;4.321867e-02
9.416853e-02;7.677523e-02;1.456113e-01;9.048086e-02;9.658981e-02;7.584085e-02;7.213756e-02;9.814896e-02;7.969471e-02;9.454411e-02;5.217765e-02;2.383037e-02
9.101175e-02;6.779300e-02;1.516955e-01;1.062044e-01;9.979797e-02;7.652889e-02;7.647837e-02;9.063191e-02;7.007603e-02;1.064330e-01;4.402604e-02;1.932315e-02
7.100452e-02;4.474569e-02;1.387605e-01;7.486304e-02;1.195197e-01;1.145147e-01;1.032170e-01;7.132653e-02;6.841976e-02;1.367905e-01;3.859347e-02;1.824459e-02
5.966622e-02;5.698686e-02;1.313126e-01;8.802951e-02;1.131234e-01;9.412610e-02;1.132078e-01;9.593644e-02;6.456336e-02;1.406309e-01;3.068155e-02;1.173516e-02
2.342411e-02;5.930072e-02;1.203160e-01;8.608115e-02;1.047061e-01;8.276365e-02;1.987353e-01;9.804296e-02;2.188681e-02;1.555121e-01;2.526969e-02;2.396134e-02
2.609674e-02;4.902865e-02;1.549242e-01;5.329791e-02;1.237434e-01;9.051712e-02;2.604997e-01;5.824910e-02;3.253208e-02;9.483389e-02;2.766548e-02;2.861169e-02
3.506240e-02;3.751384e-02;1.869270e-01;6.874394e-02;1.599303e-01;8.034698e-02;1.864556e-01;5.438852e-02;4.725780e-02;5.964513e-02;3.858409e-02;4.514441e-02
3.304396e-02;3.290087e-02;2.341500e-01;1.229205e-01;1.986645e-01;6.654358e-02;5.696413e-02;5.548848e-02;6.194052e-02;3.824911e-02;3.937469e-02;5.975959e-02
2.776591e-02;4.075160e-02;2.734273e-01;1.568447e-01;1.820863e-01;5.371640e-02;4.357869e-02;5.022917e-02;4.279306e-02;4.100114e-02;4.372207e-02;4.408357e-02
2.983698e-02;4.292055e-02;3.357298e-01;1.770867e-01;1.451346e-01;4.341808e-02;2.193559e-02;4.522038e-02;2.469118e-02;4.364987e-02;6.845631e-02;2.191994e-02
2.563060e-02;3.167104e-02;4.189127e-01;1.531317e-01;9.748822e-02;2.846388e-02;4.746992e-02;3.682003e-02;2.023551e-02;5.079830e-02;7.301361e-02;1.636452e-02
1.981939e-02;2.246224e-02;4.345806e-01;1.383136e-01;9.050843e-02;3.287715e-02;6.003530e-02;4.651732e-02;1.965260e-02;4.788458e-02;7.123148e-02;1.611728e-02
2.300745e-02;2.665768e-02;4.365850e-01;1.430395e-01;1.045572e-01;3.762091e-02;4.743756e-02;5.165797e-02;2.079169e-02;2.610431e-02;6.928071e-02;1.326011e-02
2.976557e-02;1.577100e-02;4.972193e-01;1.586945e-01;9.259043e-02;2.798264e-02;1.044975e-02;4.155738e-02;2.476437e-02;2.319467e-02;6.667831e-02;1.133210e-02
3.550589e-02;1.465036e-02;5.421951e-01;1.623978e-01;6.953933e-02;2.002119e-02;1.429934e-02;2.720286e-02;2.992646e-02;2.998584e-02;4.296944e-02;1.130630e-02
2.901962e-02;2.027162e-02;5.234767e-01;1.679791e-01;6.871106e-02;2.275508e-02;2.375801e-02;1.745663e-02;3.960907e-02;3.301271e-02;3.825602e-02;1.569434e-02
1.777538e-02;2.044787e-02;4.606272e-01;1.760253e-01;8.159537e-02;2.552038e-02;3.081229e-02;2.651053e-02;3.745649e-02;4.023480e-02;6.886209e-02;1.413223e-02
1.920328e-02;2.115178e-02;4.637926e-01;1.658314e-01;7.558722e-02;2.711057e-02;3.736520e-02;3.199938e-02;2.612058e-02;4.608200e-02;7.285878e-02;1.289727e-02
2.888196e-02;2.305946e-02;5.248882e-01;1.346621e-01;5.851047e-02;2.253930e-02;3.655151e-02;2.429824e-02;1.808850e-02;5.354035e-02;6.311125e-02;1.186860e-02
3.356116e-02;4.288952e-02;5.625361e-01;9.068628e-02;4.887857e-02;1.986024e-02;4.254716e-02;2.177157e-02;2.165892e-02;6.148816e-02;4.559997e-02;8.522385e-03
4.632237e-02;6.898032e-02;5.357459e-01;6.587292e-02;4.441645e-02;2.275996e-02;3.458302e-02;2.175022e-02;3.335093e-02;7.344235e-02;3.633178e-02;1.644378e-02
6.802568e-02;1.091488e-01;3.970155e-01;7.079700e-02;4.682796e-02;3.040004e-02;4.301684e-02;3.608821e-02;4.798933e-02;7.789409e-02;4.968391e-02;2.311258e-02
5.228091e-02;6.090973e-02;2.915499e-01;6.212600e-02;5.340317e-02;7.112075e-02;5.761706e-02;9.698809e-02;6.651024e-02;9.836493e-02;6.582946e-02;2.329975e-02
3.478016e-02;3.179997e-02;2.081084e-01;4.543383e-02;6.380189e-02;9.903874e-02;5.102450e-02;1.328334e-01;6.846412e-02;1.598277e-01;6.591252e-02;3.897471e-02
4.780642e-02;2.698119e-02;1.502230e-01;3.113456e-02;6.603546e-02;7.741424e-02;8.144108e-02;1.334393e-01;1.031975e-01;1.827316e-01;6.513772e-02;3.445802e-02
5.959745e-02;5.127792e-02;1.316535e-01;4.163559e-02;5.436798e-02;5.809809e-02;9.271057e-02;1.387468e-01;1.568036e-01;1.391192e-01;5.646591e-02;1.952335e-02
3.893739e-02;3.664860e-02;1.033261e-01;4.368931e-02;3.242904e-02;7.438928e-02;1.205279e-01;1.440197e-01;1.760112e-01;1.597257e-01;5.088729e-02;1.940843e-02
3.588429e-02;3.209099e-02;6.913481e-02;5.606016e-02;5.893005e-02;7.855537e-02;1.127852e-01;1.263035e-01;1.734138e-01;1.766538e-01;4.374178e-02;3.644629e-02
6.483461e-02;4.153571e-02;5.511501e-02;6.349836e-02;6.044784e-02;7.027514e-02;6.746367e-02;1.471503e-01;1.699333e-01;1.501089e-01;6.786679e-02;4.177041e-02
4.987612e-02;7.619759e-02;6.072871e-02;4.222500e-02;4.173583e-02;5.465093e-02;9.797058e-02;1.738322e-01;1.646274e-01;1.274841e-01;7.563788e-02;3.503368e-02
4.917063e-02;8.086523e-02;9.282737e-02;4.607385e-02;7.384919e-02;4.921123e-02;1.175991e-01;1.322297e-01;1.675603e-01;1.029351e-01;4.732873e-02;4.034967e-02
5.206203e-02;7.900950e-02;1.233406e-01;6.695841e-02;7.330372e-02;6.602003e-02;1.375657e-01;9.370048e-02;1.330133e-01;8.544655e-02;4.362858e-02;4.595098e-02
5.788018e-02;8.134235e-02;1.090961e-01;6.225523e-02;5.112264e-02;6.786181e-02;1.944295e-01;9.923442e-02;9.528767e-02;1.058663e-01;4.373082e-02;3.189288e-02
7.254461e-02;6.147065e-02;9.735357e-02;4.150519e-02;6.360626e-02;7.223137e-02;2.077206e-01;7.921461e-02;9.561406e-02;1.126340e-01;6.008310e-02;3.602193e-02
7.312118e-02;3.269573e-02;8.338695e-02;2.832122e-02;7.553575e-02;7.762261e-02;1.197211e-01;1.196520e-01;1.067193e-01;1.342218e-01;8.749127e-02;6.151115e-02
3.402371e-02;4.354272e-02;6.470966e-02;2.083834e-02;6.548380e-02;7.336818e-02;8.472412e-02;1.639494e-01;1.622979e-01;1.808549e-01;6.000826e-02;4.619890e-02
3.803844e-02;5.154219e-02;6.769886e-02;3.230666e-02;5.925613e-02;5.633960e-02;1.355155e-01;1.736295e-01;1.722834e-01;1.466646e-01;3.950179e-02;2.722335e-02
6.234121e-02;7.463478e-02;5.496008e-02;4.846969e-02;5.149055e-02;6.226997e-02;1.514366e-01;1.572676e-01;1.212122e-01;1.045534e-01;6.252143e-02;4.884253e-02
5.483550e-02;8.207329e-02;9.048290e-02;9.202758e-02;9.520106e-02;5.881821e-02;7.937606e-02;1.066380e-01;7.727620e-02;1.116455e-01;8.046698e-02;7.115869e-02
8.832490e-02;7.034147e-02;1.971340e-01;6.774028e-02;6.679924e-02;4.711765e-02;9.311584e-02;6.071413e-02;8.933412e-02;9.476068e-02;5.424500e-02;7.037266e-02
1.236491e-01;6.732589e-02;1.848047e-01;5.558351e-02;6.194846e-02;3.374868e-02;1.124223e-01;8.248129e-02;7.990589e-02;6.722096e-02;4.631880e-02;8.459038e-02
1.262312e-01;4.086167e-02;1.172770e-01;1.039372e-01;5.094135e-02;2.133639e-02;1.795998e-01;9.439209e-02;4.506602e-02;4.551385e-02;3.911627e-02;1.357272e-01
6.695264e-02;1.702149e-02;3.993899e-02;1.884378e-01;2.519489e-02;2.394019e-02;2.753684e-01;6.902405e-02;1.732103e-02;2.406442e-02;2.915526e-02;2.235809e-01
2.570257e-02;1.557631e-02;3.100980e-02;2.096027e-01;1.375822e-02;3.228920e-02;3.089731e-01;2.659628e-02;1.867289e-02;1.929488e-02;2.533966e-02;2.731844e-01
3.367097e-02;1.163265e-02;5.879218e-02;1.745419e-01;1.811636e-02;4.046372e-02;2.728029e-01;2.121649e-02;2.052552e-02;2.269981e-02;6.146143e-02;2.640761e-01
3.550396e-02;1.211229e-02;1.203619e-01;1.130154e-01;2.076312e-02;6.550157e-02;2.181148e-01;3.143391e-02;3.586492e-02;2.445493e-02;1.032170e-01;2.196562e-01
3.127662e-02;2.460642e-02;1.897092e-01;3.708393e-02;1.648295e-02;9.652713e-02;1.660489e-01;3.161595e-02;5.509752e-02;2.902828e-02;1.597045e-01;1.628186e-01
3.278906e-02;4.537059e-02;1.558564e-01;7.016641e-02;4.344828e-02;7.788098e-02;1.648692e-01;3.430126e-02;7.452917e-02;4.876824e-02;1.274606e-01;1.245597e-01
4.574553e-02;6.976006e-02;8.682383e-02;1.042128e-01;6.408619e-02;8.154061e-02;1.714438e-01;5.252318e-02;7.185922e-02;7.944395e-02;6.354709e-02;1.090137e-01
7.573424e-02;6.825003e-02;5.063505e-02;8.757741e-02;7.739642e-02;8.192754e-02;1.566695e-01;9.237166e-02;6.971990e-02;1.195620e-01;5.273715e-02;6.741910e-02
1.085461e-01;5.171971e-02;9.156448e-02;5.365661e-02;1.126691e-01;6.234374e-02;1.220578e-01;1.385809e-01;4.347166e-02;1.103781e-01;7.532604e-02;2.968579e-02
1.141690e-01;6.879332e-02;9.277702e-02;4.121700e-02;1.175853e-01;4.899820e-02;9.470595e-02;1.177403e-01;9.588528e-02;6.782796e-02;1.071905e-01;3.311025e-02
8.427983e-02;9.779770e-02;1.368824e-01;4.170003e-02;7.801389e-02;7.297119e-02;7.393116e-02;6.559166e-02;1.411843e-01;4.165124e-02;9.762819e-02;6.836838e-02
5.524360e-02;8.794098e-02;2.246875e-01;3.072190e-02;4.103747e-02;8.807715e-02;8.026436e-02;3.972325e-02;1.151028e-01;8.485532e-02;6.865566e-02;8.369005e-02
6.461380e-02;5.077572e-02;2.891497e-01;4.171253e-02;3.911799e-02;6.932620e-02;1.181404e-01;5.434022e-02;5.680316e-02;9.633563e-02;5.854011e-02;6.114455e-02
5.292884e-02;5.505569e-02;2.798605e-01;8.990060e-02;5.136811e-02;6.074879e-02;1.025741e-01;8.375950e-02;2.566634e-02;7.036626e-02;8.800361e-02;3.976777e-02
1.976978e-02;6.763866e-02;2.307342e-01;1.218203e-01;6.890347e-02;5.881927e-02;8.412846e-02;1.090891e-01;3.837844e-02;5.493191e-02;1.020629e-01;4.372346e-02
2.560146e-02;5.615128e-02;3.349047e-01;8.535014e-02;5.598467e-02;3.770152e-02;9.137571e-02;7.644936e-02;5.588495e-02;8.353140e-02;6.423292e-02;3.283181e-02
4.314209e-02;4.519491e-02;4.636391e-01;3.796150e-02;4.369373e-02;3.272663e-02;7.457351e-02;4.274316e-02;4.699671e-02;1.313249e-01;1.943921e-02;1.856453e-02
5.105711e-02;3.598221e-02;3.838914e-01;4.676187e-02;7.912151e-02;4.249982e-02;1.333297e-01;2.947986e-02;3.266848e-02;1.188964e-01;1.550074e-02;3.081075e-02
6.504804e-02;4.275827e-02;2.135388e-01;4.242734e-02;1.461012e-01;6.875210e-02;1.857273e-01;3.112457e-02;7.344777e-02;6.450555e-02;1.748435e-02;4.908471e-02
8.093373e-02;4.583018e-02;1.733336e-01;3.754522e-02;1.778624e-01;9.392824e-02;1.386259e-01;3.891067e-02;9.381443e-02;3.213343e-02;2.289318e-02;6.418906e-02
1.455075e-01;3.893360e-02;1.280487e-01;2.345096e-02;1.546346e-01;1.263496e-01;1.610723e-01;3.663184e-02;8.336027e-02;2.870665e-02;1.848147e-02;5.482249e-02
2.079803e-01;4.455345e-02;6.956188e-02;1.963383e-02;1.200360e-01;1.343928e-01;2.329417e-01;2.960266e-02;5.508698e-02;4.137586e-02;1.117159e-02;3.366290e-02
2.434893e-01;4.825875e-02;6.618214e-02;1.970474e-02;1.097513e-01;1.259018e-01;2.278022e-01;2.502276e-02;4.310736e-02;5.084449e-02;7.867027e-03;3.206816e-02
2.473433e-01;4.273247e-02;6.955019e-02;1.553711e-02;1.188774e-01;1.226155e-01;2.082569e-01;1.893518e-02;5.483373e-02;5.174713e-02;4.897324e-03;4.467372e-02
2.174992e-01;3.860189e-02;7.747673e-02;1.601152e-02;1.343843e-01;1.163447e-01;1.816274e-01;2.149018e-02;7.043023e-02;6.219664e-02;8.620399e-03;5.531675e-02
1.629343e-01;2.980103e-02;1.251508e-01;1.897155e-02;1.395150e-01;1.048841e-01;1.560854e-01;2.258130e-02;8.502631e-02;6.432016e-02;2.244490e-02;6.828520e-02
1.314857e-01;3.418631e-02;1.867323e-01;3.807151e-02;1.087363e-01;7.746709e-02;1.448502e-01;3.612600e-02;7.349615e-02;5.223790e-02;4.438757e-02;7.222295e-02
1.157577e-01;5.657566e-02;2.618928e-01;4.593795e-02;7.246019e-02;5.056922e-02;1.265758e-01;3.662841e-02;5.538153e-02;5.035843e-02;6.306985e-02;6.479236e-02
9.659246e-02;6.996693e-02;2.963925e-01;4.735532e-02;4.219766e-02;3.514045e-02;7.915293e-02;3.537222e-02;6.035291e-02;8.286463e-02;9.034044e-02;6.427151e-02
3.979308e-02;5.272764e-02;1.340837e-01;3.915118e-02;7.970535e-02;5.854290e-02;2.446210e-01;5.065133e-02;6.758860e-02;8.067910e-02;8.280963e-02;6.964652e-02
8.279271e-02;3.293670e-02;1.093938e-01;3.653439e-02;1.075040e-01;9.010144e-02;2.490642e-01;5.586842e-02;6.299915e-02;6.834094e-02;6.039570e-02;4.406852e-02
8.679680e-02;6.376965e-02;9.931076e-02;3.403163e-02;1.125375e-01;9.239206e-02;1.458197e-01;5.373355e-02;1.047634e-01;6.785715e-02;8.014221e-02;5.884562e-02
6.222728e-02;6.014683e-02;1.072893e-01;4.998495e-02;8.431593e-02;9.007529e-02;1.770604e-01;5.841826e-02;9.846858e-02;6.581540e-02;7.229203e-02;7.390572e-02
1.020610e-01;2.779685e-02;1.612544e-01;5.599549e-02;7.473136e-02;8.379754e-02;2.008867e-01;4.473675e-02;7.548721e-02;5.586840e-02;4.748999e-02;6.989426e-02
1.140167e-01;6.472241e-02;1.196280e-01;4.208212e-02;7.720125e-02;6.736603e-02;1.394188e-01;4.917992e-02;1.143196e-01;1.077589e-01;5.190912e-02;5.239706e-02
9.976534e-02;8.586884e-02;7.423234e-02;3.486722e-02;9.180745e-02;9.091681e-02;1.091489e-01;8.063152e-02;8.936043e-02;1.701129e-01;3.775622e-02;3.553205e-02
6.841535e-02;6.091182e-02;8.230423e-02;4.087116e-02;1.224048e-01;1.224186e-01;1.278606e-01;6.637412e-02;8.237116e-02;1.220989e-01;6.180228e-02;4.216699e-02
6.552666e-02;4.749129e-02;6.881002e-02;5.205919e-02;1.053720e-01;8.286247e-02;1.433814e-01;8.002780e-02;1.398733e-01;7.277571e-02;9.590857e-02;4.591158e-02
5.499871e-02;4.240055e-02;9.458535e-02;8.177537e-02;9.599987e-02;6.693934e-02;1.148916e-01;7.767800e-02;1.340626e-01;1.163896e-01;8.642609e-02;3.385300e-02
5.746167e-02;5.315069e-02;9.924606e-02;8.603604e-02;9.495980e-02;9.626223e-02;7.487603e-02;8.004138e-02;1.166313e-01;1.326030e-01;5.033853e-02;5.839322e-02
4.546082e-02;3.207913e-02;9.267756e-02;7.352940e-02;7.473758e-02;1.067338e-01;7.255589e-02;1.066449e-01;1.517420e-01;1.522075e-01;2.205993e-02;6.957158e-02
3.734230e-02;4.087650e-02;6.021769e-02;9.248290e-02;6.055864e-02;1.043870e-01;6.822955e-02;8.390622e-02;1.323597e-01;2.242305e-01;3.962428e-02;5.578472e-02
4.258214e-02;5.171531e-02;4.263955e-02;1.037249e-01;6.596223e-02;7.160806e-02;6.244267e-02;6.944092e-02;1.411020e-01;2.616082e-01;3.585029e-02;5.132372e-02
5.123780e-02;5.682268e-02;1.746421e-01;8.379397e-02;6.479843e-02;4.538729e-02;1.058443e-01;3.826648e-02;1.478350e-01;1.593252e-01;3.679043e-02;3.525629e-02
6.522045e-02;8.510946e-02;3.194197e-01;6.937910e-02;6.561355e-02;4.331147e-02;8.838154e-02;2.621266e-02;8.720871e-02;9.540395e-02;3.527718e-02;1.946223e-02
4.470264e-02;1.219558e-01;3.649476e-01;6.978434e-02;5.605411e-02;5.270670e-02;5.518255e-02;2.931097e-02;9.447308e-02;7.106380e-02;2.459775e-02;1.522075e-02
5.570641e-02;1.843346e-01;3.182043e-01;6.525719e-02;3.502713e-02;6.104478e-02;2.885044e-02;2.490867e-02;1.609034e-01;4.327531e-02;1.290007e-02;9.587632e-03
1.154436e-01;2.575806e-01;2.175583e-01;5.359882e-02;2.076909e-02;5.076439e-02;2.448520e-02;2.540722e-02;1.960244e-01;2.222567e-02;8.372972e-03;7.769711e-03
1.646009e-01;2.989838e-01;1.896193e-01;3.805388e-02;1.241174e-02;2.994531e-02;2.396164e-02;2.959316e-02;1.802737e-01;1.802771e-02;1.002572e-02;4.503211e-03
2.235691e-01;2.924146e-01;1.470382e-01;3.609963e-02;1.124911e-02;2.267473e-02;3.304951e-02;2.817571e-02;1.673601e-01;1.892114e-02;1.069079e-02;8.757420e-03
2.629864e-01;3.038918e-01;1.346436e-01;3.307379e-02;6.022801e-03;2.528076e-02;2.646901e-02;2.109906e-02;1.557064e-01;1.400944e-02;8.128436e-03;8.688503e-03
2.662485e-01;3.200352e-01;1.519012e-01;2.856622e-02;5.226020e-03;3.008112e-02;2.422862e-02;1.623040e-02;1.378794e-01;5.907852e-03;4.558918e-03;9.136558e-03
2.686486e-01;3.309892e-01;1.692844e-01;2.705751e-02;3.944830e-03;2.738089e-02;1.398520e-02;9.287319e-03;1.273423e-01;9.046226e-03;3.861973e-03;9.171573e-03
2.840298e-01;3.382757e-01;1.573117e-01;3.012203e-02;5.569672e-03;2.180681e-02;1.516004e-02;1.015780e-02;1.167294e-01;9.140114e-03;4.275561e-03;7.421307e-03
2.941116e-01;3.247436e-01;1.712517e-01;3.029998e-02;5.947719e-03;1.899844e-02;1.733234e-02;7.967605e-03;1.022518e-01;1.257769e-02;4.813030e-03;9.704484e-03
2.985725e-01;3.215524e-01;1.794350e-01;3.059291e-02;6.014572e-03;1.743283e-02;1.687682e-02;8.619408e-03;9.511196e-02;9.606347e-03;5.185572e-03;1.099973e-02
2.806016e-01;3.097847e-01;2.131467e-01;3.507530e-02;7.836657e-03;1.676550e-02;1.339855e-02;1.025620e-02;8.965252e-02;8.068922e-03;5.618512e-03;9.794782e-03
2.466931e-01;3.003045e-01;2.489767e-01;4.357512e-02;9.409341e-03;1.738780e-02;7.142453e-03;9.819625e-03;9.475199e-02;7.741471e-03;4.599665e-03;9.598163e-03
2.282799e-01;2.805656e-01;2.784621e-01;3.938144e-02;9.915359e-03;1.858137e-02;1.288985e-02;1.471856e-02;9.269066e-02;1.083534e-02;7.491584e-03;6.188125e-03
2.713033e-01;2.422146e-01;2.474733e-01;3.364082e-02;1.622501e-02;1.577660e-02;2.701302e-02;3.029080e-02;7.605141e-02;1.721369e-02;1.095279e-02;1.184460e-02
3.253668e-01;1.815224e-01;2.164925e-01;2.956827e-02;3.898013e-02;1.229947e-02;3.342720e-02;4.571021e-02;5.867662e-02;2.383369e-02;1.404149e-02;2.008125e-02
3.753516e-01;1.346171e-01;1.899975e-01;2.716795e-02;4.287402e-02;1.362521e-02;5.039409e-02;5.841948e-02;3.094037e-02;2.197363e-02;1.809161e-02;3.654742e-02
3.889220e-01;9.874859e-02;1.852060e-01;2.665895e-02;2.548035e-02;2.466745e-02;5.255068e-02;5.658579e-02;1.168558e-02;3.813059e-02;2.972563e-02;6.163831e-02
3.641758e-01;7.483786e-02;1.872282e-01;2.273731e-02;1.566022e-02;3.450257e-02;6.498108e-02;4.065303e-02;1.556928e-02;4.578365e-02;4.408769e-02;8.978329e-02
2.709258e-01;6.389403e-02;2.067057e-01;2.883234e-02;1.873212e-02;3.359899e-02;9.075045e-02;3.444219e-02;1.912317e-02;4.784700e-02;6.121124e-02;1.239370e-01
1.710075e-01;5.044562e-02;1.554983e-01;3.906803e-02;2.304224e-02;3.232570e-02;1.396717e-01;2.405173e-02;1.929474e-02;5.869175e-02;1.018523e-01;1.850505e-01
2.265086e-01;5.323477e-02;5.311091e-02;3.622170e-02;1.480812e-02;1.588414e-02;1.661578e-01;4.723292e-02;2.565457e-02;5.976955e-02;1.047180e-01;1.966990e-01
2.073706e-01;5.304643e-02;7.567594e-02;3.188264e-02;2.174840e-02;2.042676e-02;1.450932e-01;3.929160e-02;2.950752e-02;5.984453e-02;1.202934e-01;1.958189e-01
7.516161e-02;4.362534e-02;1.665453e-01;2.942900e-02;2.141174e-02;4.271694e-02;1.145148e-01;3.570343e-02;3.513383e-02;7.672995e-02;1.685956e-01;1.904324e-01
5.719733e-02;3.543154e-02;1.836511e-01;2.304918e-02;2.388933e-02;7.302222e-02;7.710963e-02;2.328550e-02;3.415320e-02;8.177761e-02;2.279876e-01;1.594458e-01
3.793592e-02;2.718179e-02;1.694963e-01;1.072547e-02;2.349109e-02;9.553856e-02;5.532676e-02;1.841499e-02;3.652094e-02;1.002725e-01;3.114291e-01;1.136666e-01
4.812565e-02;3.373903e-02;1.412638e-01;1.635617e-02;1.976754e-02;1.018387e-01;4.888611e-02;1.198370e-02;3.386948e-02;1.228782e-01;3.356743e-01;8.561720e-02
5.414212e-02;8.140697e-02;1.022235e-01;1.309879e-02;2.282237e-02;8.712914e-02;3.370796e-02;1.108458e-02;2.959451e-02;1.583774e-01;3.346901e-01;7.172254e-02
2.284793e-02;1.138645e-01;6.114171e-02;1.654706e-02;2.105751e-02;7.597435e-02;2.203027e-02;1.727890e-02;3.300551e-02;1.843500e-01;3.755143e-01;5.638802e-02
3.134733e-02;7.087669e-02;9.745304e-02;2.363302e-02;1.905817e-02;7.175568e-02;2.836795e-02;1.480674e-02;2.952206e-02;1.622816e-01;4.084860e-01;4.241174e-02
3.207370e-02;2.878064e-02;1.595542e-01;1.809785e-02;1.771773e-02;8.559537e-02;2.377819e-02;7.255632e-03;1.958602e-02;1.177784e-01;4.213125e-01;6.846969e-02
3.670532e-02;2.338931e-02;1.558404e-01;1.279584e-02;1.664321e-02;1.016491e-01;1.839211e-02;6.222088e-03;1.338355e-02;1.039513e-01;4.228217e-01;8.820615e-02
5.997871e-02;2.871225e-02;1.628233e-01;7.833017e-03;2.674426e-02;1.009854e-01;1.163646e-02;8.857423e-03;1.157099e-02;1.231733e-01;3.780073e-01;7.967763e-02
