1.499524e-01;1.067920e-01;1.513581e-01;9.135716e-02;7.109778e-02;4.326046e-02;8.417036e-02;6.707732e-02;6.177152e-02;9.866296e-02;3.487423e-02;3.962581e-02
1.378652e-01;1.382026e-01;9.715458e-02;9.173202e-02;5.873622e-02;4.464846e-02;7.459766e-02;6.828505e-02;6.863721e-02;1.026425e-01;3.667238e-02;8.082610e-02
7.383719e-02;1.011377e-01;9.026030e-02;1.102286e-01;6.374348e-02;6.362020e-02;1.134726e-01;7.582139e-02;8.685312e-02;1.004420e-01;4.503915e-02;7.554428e-02
6.592281e-02;1.183907e-01;1.054043e-01;9.607010e-02;6.760798e-02;5.070156e-02;1.243113e-01;7.329581e-02;9.625769e-02;8.988537e-02;6.188562e-02;5.026678e-02
9.642293e-02;1.451828e-01;1.267072e-01;4.863925e-02;5.016560e-02;6.540340e-02;9.010737e-02;8.006366e-02;7.516953e-02;5.975804e-02;5.943812e-02;1.029422e-01
1.038577e-01;1.083303e-01;1.393061e-01;5.668813e-02;3.496026e-02;7.349861e-02;1.153600e-01;8.090661e-02;7.806633e-02;5.237740e-02;5.199470e-02;1.046538e-01
7.827667e-02;8.668018e-02;1.411981e-01;5.688105e-02;4.362263e-02;7.210287e-02;1.694596e-01;6.227576e-02;8.403684e-02;5.478390e-02;6.260565e-02;8.807679e-02
5.156454e-02;7.910101e-02;1.063546e-01;6.604036e-02;6.834108e-02;8.291609e-02;1.444404e-01;5.230232e-02;9.742688e-02;8.097706e-02;8.117974e-02;8.935591e-02
8.050989e-02;8.687921e-02;7.017277e-02;5.878033e-02;4.734532e-02;7.417557e-02;1.506233e-01;8.807777e-02;8.368802e-02;8.628400e-02;9.024058e-02;8.322332e-02
1.336226e-01;8.129223e-02;1.111965e-01;6.010946e-02;4.393829e-02;6.233740e-02;1.320840e-01;7.667337e-02;7.272123e-02;6.897032e-02;9.890913e-02;5.814546e-02
1.417803e-01;6.919330e-02;1.609214e-01;6.761558e-02;5.769312e-02;4.277984e-02;1.268216e-01;7.455940e-02;7.242551e-02;6.087041e-02;8.510714e-02;4.023238e-02
1.200681e-01;7.401268e-02;1.609113e-01;7.103667e-02;4.780666e-02;6.141065e-02;1.068944e-01;1.111519e-01;6.446092e-02;7.931194e-02;7.835870e-02;2.457612e-02
1.136537e-01;8.386064e-02;1.297491e-01;6.438398e-02;7.356218e-02;7.700807e-02;6.137539e-02;1.049819e-01;9.904696e-02;1.186315e-01;3.909025e-02;3.465642e-02
1.181136e-01;6.798501e-02;1.302494e-01;6.760255e-02;4.543858e-02;5.724989e-02;8.216852e-02;1.021675e-01;1.362622e-01;1.208461e-01;4.572705e-02;2.618969e-02
1.328856e-01;9.592905e-02;1.242296e-01;7.924119e-02;5.789671e-02;4.319406e-02;6.912474e-02;1.159171e-01;1.140159e-01;8.642486e-02;3.844714e-02;4.269399e-02
1.475535e-01;1.175699e-01;1.332754e-01;7.013034e-02;7.236139e-02;3.663120e-02;7.817540e-02;7.878976e-02;7.618237e-02;9.598669e-02;3.947730e-02;5.386668e-02
1.379549e-01;9.128601e-02;1.190384e-01;4.485307e-02;4.560617e-02;7.440014e-02;9.771993e-02;6.537792e-02;6.849625e-02;8.351274e-02;6.700110e-02;1.047534e-01
1.203380e-01;7.752119e-02;9.296900e-02;5.912614e-02;5.588989e-02;1.018226e-01;9.616050e-02;7.612865e-02;4.732002e-02;7.142594e-02;9.122089e-02;1.100772e-01
1.566446e-01;1.276585e-01;1.334676e-01;4.954748e-02;4.995367e-02;6.820123e-02;7.467102e-02;7.425645e-02;4.224588e-02;5.747110e-02;7.650135e-02;8.938105e-02
1.464809e-01;1.211950e-01;1.746878e-01;4.905726e-02;5.401867e-02;3.826832e-02;1.118378e-01;6.113141e-02;4.658015e-02;5.159651e-02;6.264082e-02;8.250526e-02
1.361646e-01;1.088854e-01;1.940817e-01;4.851504e-02;5.034074e-02;4.129249e-02;1.766893e-01;3.939656e-02;3.261759e-02;5.334321e-02;5.668342e-02;6.199002e-02
1.582903e-01;7.532176e-02;2.217492e-01;5.451529e-02;5.012650e-02;5.411902e-02;1.533388e-01;2.839276e-02;3.502278e-02;7.224441e-02;4.590087e-02;5.097833e-02
1.791673e-01;8.482347e-02;2.105646e-01;5.042401e-02;4.736657e-02;6.693695e-02;1.681228e-01;2.907339e-02;2.478713e-02;7.117807e-02;3.315553e-02;3.440004e-02
1.436564e-01;1.655213e-01;1.067196e-01;4.794443e-02;4.149520e-02;5.999413e-02;2.462718e-01;4.030766e-02;2.273692e-02;4.657382e-02;4.908447e-02;2.969422e-02
9.263310e-02;1.941395e-01;1.351790e-01;4.753320e-02;3.456086e-02;4.332546e-02;2.676373e-01;4.797940e-02;3.368032e-02;1.535966e-02;6.223117e-02;2.574114e-02
1.369864e-01;1.380136e-01;1.375396e-01;5.025874e-02;4.906627e-02;8.280089e-02;2.040653e-01;4.016094e-02;3.806852e-02;5.931665e-02;4.612595e-02;1.759712e-02
2.209597e-01;7.127398e-02;1.067925e-01;6.890208e-02;7.825483e-02;1.261469e-01;6.143382e-02;3.864275e-02;2.443410e-02;9.896088e-02;5.235807e-02;5.184036e-02
1.672147e-01;1.004943e-01;1.263360e-01;5.860398e-02;5.563296e-02;7.526321e-02;1.325303e-01;3.414305e-02;6.215516e-02;7.607108e-02;7.188723e-02;3.966793e-02
9.941921e-02;9.826394e-02;1.629654e-01;4.435642e-02;4.422527e-02;4.408704e-02;1.364935e-01;4.692703e-02;1.026458e-01;8.599903e-02;7.953387e-02;5.508344e-02
8.070773e-02;6.816436e-02;1.053219e-01;5.053809e-02;8.875739e-02;4.995497e-02;1.034180e-01;4.572645e-02;1.319830e-01;1.194760e-01;8.579896e-02;7.015317e-02
1.071225e-01;7.248501e-02;7.790634e-02;4.441072e-02;8.863445e-02;5.197670e-02;1.334438e-01;4.396706e-02;1.407500e-01;1.156996e-01;7.569695e-02;4.790684e-02
1.250650e-01;7.430089e-02;1.028564e-01;4.929037e-02;4.702170e-02;4.811988e-02;1.412530e-01;8.489287e-02;1.257246e-01;8.878741e-02;6.222601e-02;5.046192e-02
1.047000e-01;5.510610e-02;1.417905e-01;5.341599e-02;3.615112e-02;3.438830e-02;1.244805e-01;1.090266e-01;1.342344e-01;7.366073e-02;5.369740e-02;7.934832e-02
1.222238e-01;7.938643e-02;1.514562e-01;5.962664e-02;4.644104e-02;2.554937e-02;8.787195e-02;6.358438e-02;1.367902e-01;6.784829e-02;5.170872e-02;1.075130e-01
1.378027e-01;5.375583e-02;1.184419e-01;4.495080e-02;5.225367e-02;3.314814e-02;9.849351e-02;4.689572e-02;1.238622e-01;8.133861e-02;9.716039e-02;1.118964e-01
1.312770e-01;1.122105e-01;1.324689e-01;3.116927e-02;5.622007e-02;3.978432e-02;9.793586e-02;5.489305e-02;7.687010e-02;6.042056e-02;1.159796e-01;9.077070e-02
1.242298e-01;1.177209e-01;1.758065e-01;3.070214e-02;5.309216e-02;4.490108e-02;8.652350e-02;2.420171e-02;8.948611e-02;5.497150e-02;1.096656e-01;8.869897e-02
9.999676e-02;8.724509e-02;1.577139e-01;5.877480e-02;4.095557e-02;4.166961e-02;7.385428e-02;3.535514e-02;1.866975e-01;8.746454e-02;5.221063e-02;7.806223e-02
8.178255e-02;5.864478e-02;1.232074e-01;1.084737e-01;7.173314e-02;3.136672e-02;8.126496e-02;4.004249e-02;2.308019e-01;7.044485e-02;5.676768e-02;4.546984e-02
8.919410e-02;4.023232e-02;1.809168e-01;1.340441e-01;7.929514e-02;2.419366e-02;8.590357e-02;4.256514e-02;2.110181e-01;4.489600e-02;5.111981e-02;1.662126e-02
1.008103e-01;4.107526e-02;2.771703e-01;1.381801e-01;4.863220e-02;2.076792e-02;7.069729e-02;2.526326e-02;1.768423e-01;5.794770e-02;2.906653e-02;1.354685e-02
1.121033e-01;4.553863e-02;3.083803e-01;1.319912e-01;2.463100e-02;2.401651e-02;9.170771e-02;2.605487e-02;1.416840e-01;5.184309e-02;2.090130e-02;2.114806e-02
1.028287e-01;4.277661e-02;2.813502e-01;1.226518e-01;3.175556e-02;3.038121e-02;1.161526e-01;3.163174e-02;1.262968e-01;4.892345e-02;2.808581e-02;3.716538e-02
9.027822e-02;5.889833e-02;2.678705e-01;9.085179e-02;5.173654e-02;4.540680e-02;1.263969e-01;2.656659e-02;1.206036e-01;5.404260e-02;2.347586e-02;4.387226e-02
7.314372e-02;6.383970e-02;1.785547e-01;1.083789e-01;9.276246e-02;5.020880e-02;7.187088e-02;4.565783e-02;1.857128e-01;7.318713e-02;2.898192e-02;2.770114e-02
7.591484e-02;2.688657e-02;2.137739e-01;1.437083e-01;5.655181e-02;3.442491e-02;5.493412e-02;3.700916e-02;2.232134e-01;7.833388e-02;3.521336e-02;2.003566e-02
6.213606e-02;3.904632e-02;2.636158e-01;1.167386e-01;3.881671e-02;3.091069e-02;5.781515e-02;4.559049e-02;2.280595e-01;6.194764e-02;2.768474e-02;2.763830e-02
8.833635e-02;3.482575e-02;3.022607e-01;1.007287e-01;4.419097e-02;3.401055e-02;6.042018e-02;4.527287e-02;2.238439e-01;3.840075e-02;9.928036e-03;1.778117e-02
1.204675e-01;3.208583e-02;2.520521e-01;1.225866e-01;6.426360e-02;3.967261e-02;6.329580e-02;3.064879e-02;1.718344e-01;5.695870e-02;1.687273e-02;2.926137e-02
1.520678e-01;7.247281e-02;1.832587e-01;1.272766e-01;8.290691e-02;4.423400e-02;5.661101e-02;3.669151e-02;1.242505e-01;6.500796e-02;3.055920e-02;2.466301e-02
1.557480e-01;1.006092e-01;1.071437e-01;6.269976e-02;7.310943e-02;5.580584e-02;7.915353e-02;5.245547e-02;9.508038e-02;1.132282e-01;6.569841e-02;3.926817e-02
1.036664e-01;7.364792e-02;1.348433e-01;6.854271e-02;7.136401e-02;4.927859e-02;8.721992e-02;5.079464e-02;1.129538e-01;1.240849e-01;6.843649e-02;5.516742e-02
4.436482e-02;7.436979e-02;1.455555e-01;6.528255e-02;7.264134e-02;6.309800e-02;1.077251e-01;5.584646e-02;8.485850e-02;1.542900e-01;7.708666e-02;5.488133e-02
5.679576e-02;5.900978e-02;1.038038e-01;5.599264e-02;8.393212e-02;7.977387e-02;1.114983e-01;5.748486e-02;7.560922e-02;1.768911e-01;9.258122e-02;4.662733e-02
6.161664e-02;3.528571e-02;9.916431e-02;5.599143e-02;8.204094e-02;8.081984e-02;1.208224e-01;5.838086e-02;1.037200e-01;1.705548e-01;8.854180e-02;4.306131e-02
7.887464e-02;3.776545e-02;1.666040e-01;5.412368e-02;6.825250e-02;8.168188e-02;1.324334e-01;7.612005e-02;8.648521e-02;1.157011e-01;6.578089e-02;3.617720e-02
8.136360e-02;3.647657e-02;1.776873e-01;1.138572e-01;5.408753e-02;5.970845e-02;9.461340e-02;9.126261e-02;1.452481e-01;7.000128e-02;4.282868e-02;3.286526e-02
5.597775e-02;2.624673e-02;9.028417e-02;1.460453e-01;1.084124e-01;4.340632e-02;6.631862e-02;7.628062e-02;2.336855e-01;9.462550e-02;3.303161e-02;2.568547e-02
4.935921e-02;2.334689e-02;6.221663e-02;1.612604e-01;1.135774e-01;3.535831e-02;8.690771e-02;7.073523e-02;2.585660e-01;9.726160e-02;2.837042e-02;1.304016e-02
3.906058e-02;1.788977e-02;1.019311e-01;1.664746e-01;6.834736e-02;3.088494e-02;5.731896e-02;6.581186e-02;3.423346e-01;6.004082e-02;2.728280e-02;2.262262e-02
1.420119e-02;2.390542e-02;1.832085e-01;1.251767e-01;2.472196e-02;3.150086e-02;3.982390e-02;1.442623e-01;2.934726e-01;4.484143e-02;2.359256e-02;5.129264e-02
1.145152e-02;3.759408e-02;2.516240e-01;6.079641e-02;1.244728e-02;2.362583e-02;8.103792e-02;2.309988e-01;1.329002e-01;5.789693e-02;2.932801e-02;7.029915e-02
2.231430e-02;7.072596e-02;2.132222e-01;2.322865e-02;2.035361e-02;2.021993e-02;1.950366e-01;1.884262e-01;5.591584e-02;6.216140e-02;7.038886e-02;5.800647e-02
5.360677e-02;1.074378e-01;1.101490e-01;1.811027e-02;2.243929e-02;5.303973e-02;3.015244e-01;7.029073e-02;5.945702e-02;6.725126e-02;1.009121e-01;3.578172e-02
9.312651e-02;9.218736e-02;4.169163e-02;3.208436e-02;2.727121e-02;1.124037e-01;2.779724e-01;7.942402e-02;4.870451e-02;1.064299e-01;7.068466e-02;1.801980e-02
1.130561e-01;5.026561e-02;5.282870e-02;3.027700e-02;5.903757e-02;1.572723e-01;1.302329e-01;6.957223e-02;1.294587e-01;1.302193e-01;4.486420e-02;3.291536e-02
8.320998e-02;3.346576e-02;9.366999e-02;4.402726e-02;1.128142e-01;1.508054e-01;3.171534e-02;3.845120e-02;2.360297e-01;8.382002e-02;3.832765e-02;5.366351e-02
1.113712e-01;3.618773e-02;1.013286e-01;5.747375e-02;1.288101e-01;9.943373e-02;5.491234e-02;3.577762e-02;2.349922e-01;4.934194e-02;2.516170e-02;6.520895e-02
1.998811e-01;4.630132e-02;9.138777e-02;4.917268e-02;1.113550e-01;7.519418e-02;4.179550e-02;6.134489e-02;1.416186e-01;7.161700e-02;2.838434e-02;8.194768e-02
1.609544e-01;3.270603e-02;1.156665e-01;3.186302e-02;9.905079e-02;9.114887e-02;1.034655e-01;3.825361e-02;1.555244e-01;4.213243e-02;3.549442e-02;9.374013e-02
1.120300e-01;3.771812e-02;1.355119e-01;6.701926e-02;7.445558e-02;5.899327e-02;1.117189e-01;5.806564e-02;1.789466e-01;4.042149e-02;5.469481e-02;7.042446e-02
8.129828e-02;6.518161e-02;1.580879e-01;1.164470e-01;6.173378e-02;5.806870e-02;9.175130e-02;9.367318e-02;1.179786e-01;4.003577e-02;7.267870e-02;4.306522e-02
5.909506e-02;4.987948e-02;2.025636e-01;1.190783e-01;8.147214e-02;6.120778e-02;7.757271e-02;8.899116e-02;1.172968e-01;4.947652e-02;6.757420e-02;2.579228e-02
7.538050e-02;4.406685e-02;2.947377e-01;8.545271e-02;5.159021e-02;4.306174e-02;8.898082e-02;4.490418e-02;1.441267e-01;5.603096e-02;4.854356e-02;2.312416e-02
9.809837e-02;6.548747e-02;3.130363e-01;6.658007e-02;5.530513e-02;4.573071e-02;6.740192e-02;2.713457e-02;1.103046e-01;6.152068e-02;4.846342e-02;4.093670e-02
7.609802e-02;1.059955e-01;2.455677e-01;5.517890e-02;6.262388e-02;7.584520e-02;5.109417e-02;4.816640e-02;8.294633e-02;7.109068e-02;5.671349e-02;6.867974e-02
5.162816e-02;8.608633e-02;3.050816e-01;5.723599e-02;6.475569e-02;5.835769e-02;6.803012e-02;5.092105e-02;6.871057e-02;8.511895e-02;4.949987e-02;5.457405e-02
5.139154e-02;4.190627e-02;3.321499e-01;7.990562e-02;6.143191e-02;1.934023e-02;6.541158e-02;6.262214e-02;8.153855e-02;1.222885e-01;4.504528e-02;3.696843e-02
6.870800e-02;4.798942e-02;1.913293e-01;9.375548e-02;7.301534e-02;4.187487e-02;7.848917e-02;8.053751e-02;7.034548e-02;8.958900e-02;8.163091e-02;8.273551e-02
1.341116e-01;6.926817e-02;8.043839e-02;6.201785e-02;9.702286e-02;6.394871e-02;1.294404e-01;5.620671e-02;8.916236e-02;4.966946e-02;6.416540e-02;1.045480e-01
1.878369e-01;1.144425e-01;8.170116e-02;3.794686e-02;6.210848e-02;6.928176e-02;1.809343e-01;2.573037e-02;6.214758e-02;5.032220e-02;5.177489e-02;7.577306e-02
1.501607e-01;1.838590e-01;1.068181e-01;2.264414e-02;3.624504e-02;5.566399e-02;2.350722e-01;3.729594e-02;3.558294e-02;4.025508e-02;5.802724e-02;3.837568e-02
7.671821e-02;2.446696e-01;1.692086e-01;1.215514e-02;2.629375e-02;3.353189e-02;2.742139e-01;3.157742e-02;2.611116e-02;2.392861e-02;6.683505e-02;1.475666e-02
5.252549e-02;2.675325e-01;2.321634e-01;9.621771e-03;2.203503e-02;1.789945e-02;2.530243e-01;3.172926e-02;2.989880e-02;1.870637e-02;5.451651e-02;1.034721e-02
6.894572e-02;2.716526e-01;2.668471e-01;1.933332e-02;1.777864e-02;3.096775e-02;2.184697e-01;1.728535e-02;2.461008e-02;2.380858e-02;2.580530e-02;1.449590e-02
7.879096e-02;2.690600e-01;2.308502e-01;3.358042e-02;1.718535e-02;3.720643e-02;2.294029e-01;1.127829e-02;2.734543e-02;2.303628e-02;2.454793e-02;1.771579e-02
9.228975e-02;2.475229e-01;7.990433e-02;3.300377e-02;3.112804e-02;2.480802e-02;2.590182e-01;7.575833e-02;2.518976e-02;1.694292e-02;7.767525e-02;3.675877e-02
9.430902e-02;1.242049e-01;1.864729e-01;2.316980e-02;2.458032e-02;1.625320e-02;1.605406e-01;1.403680e-01;5.750845e-02;1.805646e-02;6.906817e-02;8.546814e-02
8.474962e-02;4.603980e-02;2.104100e-01;5.684260e-02;2.739097e-02;2.295041e-02;7.028148e-02;1.252961e-01;1.418515e-01;5.334637e-02;5.528005e-02;1.055610e-01
7.585371e-02;8.039424e-02;1.509362e-01;8.697528e-02;4.465075e-02;2.745562e-02;3.215197e-02;7.449862e-02;1.881017e-01;1.251446e-01;3.678815e-02;7.704923e-02
7.293840e-02;1.172182e-01;7.503127e-02;8.290210e-02;4.801906e-02;3.870211e-02;4.423541e-02;6.179359e-02;1.260433e-01;1.821534e-01;7.875448e-02;7.220858e-02
1.173333e-01;7.267234e-02;1.785159e-01;4.993192e-02;4.007551e-02;3.775181e-02;6.446912e-02;6.485568e-02;4.821330e-02;1.413470e-01;9.604459e-02;8.878945e-02
1.276315e-01;7.425792e-02;1.725560e-01;6.269585e-02;4.072668e-02;2.949422e-02;7.631445e-02;4.855743e-02;1.010943e-01;1.024082e-01;8.372032e-02;8.054312e-02
9.875619e-02;1.208200e-01;2.031173e-01;5.429181e-02;3.976945e-02;2.796402e-02;1.067862e-01;6.469027e-02;9.436522e-02;7.926089e-02;4.935184e-02;6.082670e-02
5.669772e-02;1.819598e-01;2.064079e-01;6.370068e-02;3.683998e-02;4.295591e-02;1.192976e-01;7.495260e-02;6.294460e-02;4.494026e-02;3.647245e-02;7.283054e-02
8.818351e-02;1.821142e-01;1.212117e-01;7.681360e-02;5.046911e-02;5.825046e-02;1.146957e-01;6.740730e-02;7.535042e-02;7.551857e-02;4.171146e-02;4.827389e-02
8.050822e-02;1.175344e-01;8.614427e-02;7.577738e-02;5.876394e-02;6.006354e-02;1.005099e-01;1.066107e-01;1.286654e-01;7.850028e-02;5.612228e-02;5.079962e-02
1.244104e-01;1.009749e-01;1.228250e-01;8.432602e-02;5.534174e-02;5.485329e-02;7.623833e-02;1.066102e-01;6.099302e-02;6.748705e-02;7.054553e-02;7.539447e-02
9.642474e-02;1.034301e-01;1.531533e-01;8.166055e-02;4.619546e-02;5.504324e-02;8.518406e-02;6.911438e-02;1.226645e-01;7.910262e-02;4.450664e-02;6.352042e-02
1.194648e-01;1.479426e-01;1.330630e-01;3.127726e-02;4.569444e-02;3.913192e-02;8.350670e-02;7.676984e-02;1.402313e-01;9.475938e-02;4.334742e-02;4.481133e-02
1.329659e-01;1.242838e-01;1.267471e-01;3.405484e-02;4.614836e-02;4.150587e-02;8.970623e-02;8.390706e-02;1.181613e-01;1.129023e-01;4.187543e-02;4.774189e-02
1.406574e-01;1.125254e-01;1.327494e-01;5.556766e-02;4.432561e-02;5.881132e-02;7.482090e-02;8.011667e-02;9.017113e-02;1.466570e-01;2.654642e-02;3.705109e-02
1.090866e-01;1.027008e-01;1.127672e-01;6.689595e-02;5.351580e-02;5.355579e-02;6.058089e-02;8.361203e-02;1.322756e-01;1.300022e-01;4.479420e-02;5.021283e-02
1.250099e-01;1.537072e-01;9.127904e-02;5.132296e-02;4.946510e-02;8.369628e-02;1.068644e-01;7.144591e-02;9.538700e-02;8.121329e-02;3.867815e-02;5.193078e-02
1.527198e-01;1.586161e-01;8.417872e-02;5.688387e-02;6.305315e-02;7.036737e-02;9.730354e-02;8.102290e-02;7.883977e-02;6.890087e-02;4.507709e-02;4.303683e-02
1.616299e-01;1.513615e-01;1.058616e-01;5.965881e-02;8.099344e-02;4.895175e-02;9.349114e-02;8.341917e-02;6.292345e-02;5.924151e-02;5.430648e-02;3.816130e-02
1.706107e-01;1.048136e-01;1.409944e-01;7.067300e-02;8.520569e-02;3.201427e-02;9.328485e-02;7.789145e-02;7.663340e-02;5.261820e-02;6.232121e-02;3.293920e-02
1.138252e-01;5.119485e-02;2.353610e-01;6.989722e-02;5.364807e-02;2.979522e-02;1.166110e-01;8.433483e-02;1.160777e-01;4.617134e-02;4.736638e-02;3.571724e-02
1.012973e-01;8.138839e-02;3.170781e-01;5.629817e-02;3.374208e-02;1.423482e-02;1.165177e-01;7.839952e-02;8.604697e-02;5.280962e-02;3.526491e-02;2.692235e-02
5.866941e-02;1.277946e-01;3.907984e-01;5.078368e-02;2.688190e-02;1.318870e-02;1.318142e-01;5.649944e-02;4.271728e-02;3.311990e-02;4.105803e-02;2.667449e-02
3.255656e-02;1.516265e-01;3.981804e-01;4.722435e-02;2.973097e-02;2.254139e-02;1.577065e-01;3.976601e-02;2.546251e-02;1.805269e-02;5.789739e-02;1.925475e-02
4.674704e-02;1.837245e-01;3.569155e-01;2.739078e-02;2.788504e-02;2.422364e-02;1.675086e-01;4.950400e-02;2.049407e-02;1.614022e-02;7.120647e-02;8.260156e-03
4.244414e-02;2.005621e-01;2.981251e-01;2.020264e-02;3.447321e-02;1.936282e-02;1.793610e-01;7.191882e-02;1.775374e-02;1.264382e-02;9.396903e-02;9.183706e-03
2.855626e-02;2.137091e-01;1.857715e-01;1.547220e-02;4.882289e-02;2.405784e-02;2.121140e-01;9.315087e-02;2.403618e-02;1.689352e-02;1.219015e-01;1.551406e-02
3.424359e-02;1.872514e-01;7.218556e-02;1.251718e-02;5.303219e-02;2.641725e-02;2.721288e-01;1.210051e-01;2.745790e-02;2.372662e-02;1.512723e-01;1.876209e-02
3.410559e-02;1.308827e-01;4.893646e-02;9.917932e-03;5.098304e-02;2.382996e-02;3.256336e-01;1.373482e-01;2.135451e-02;1.775223e-02;1.764173e-01;2.283853e-02
1.563177e-02;1.019281e-01;3.868324e-02;4.798869e-03;5.233229e-02;1.942137e-02;3.821097e-01;1.251981e-01;2.411725e-02;1.471698e-02;2.118265e-01;9.235844e-03
1.556547e-02;9.967383e-02;3.450320e-02;7.853817e-03;4.857754e-02;1.723134e-02;4.000061e-01;1.014258e-01;2.681614e-02;1.291385e-02;2.162685e-01;1.916441e-02
2.446386e-02;1.104171e-01;2.541127e-02;9.961916e-03;4.506839e-02;2.813882e-02;4.041544e-01;8.160010e-02;3.699351e-02;2.224932e-02;1.903982e-01;2.114307e-02
2.824967e-02;1.388498e-01;3.036394e-02;1.193730e-02;4.120632e-02;3.907725e-02;4.143752e-01;5.360217e-02;3.533668e-02;2.573705e-02;1.678937e-01;1.337096e-02
4.297848e-02;1.665830e-01;2.547488e-02;3.796367e-02;3.522652e-02;4.998903e-02;3.791614e-01;4.983163e-02;2.814323e-02;2.718393e-02;1.455584e-01;1.190583e-02
8.375664e-02;1.899870e-01;2.236528e-02;7.630763e-02;2.673901e-02;7.297409e-02;3.118383e-01;2.474011e-02;2.462968e-02;3.533274e-02;1.211293e-01;1.020030e-02
1.456082e-01;2.061557e-01;3.573062e-02;8.358036e-02;1.634889e-02;7.805520e-02;2.507455e-01;1.401355e-02;2.183445e-02;4.552460e-02;9.277341e-02;9.629502e-03
1.739542e-01;2.145407e-01;2.630411e-02;6.222691e-02;1.680224e-02;7.870129e-02;2.410482e-01;2.149403e-02;1.889492e-02;6.742445e-02;6.740136e-02;1.120754e-02
1.806329e-01;2.003649e-01;2.479133e-02;5.936622e-02;1.667432e-02;8.443070e-02;2.111176e-01;2.123059e-02;1.743167e-02;1.115977e-01;5.936831e-02;1.299375e-02
1.898565e-01;2.002821e-01;2.868316e-02;6.186636e-02;2.331219e-02;8.626100e-02;1.874332e-01;1.308829e-02;1.569869e-02;1.376435e-01;4.259822e-02;1.327683e-02
1.106382e-01;2.558389e-01;3.574450e-02;3.572910e-02;3.714121e-02;5.470859e-02;2.242387e-01;3.127939e-02;1.569170e-02;9.331048e-02;9.235571e-02;1.332348e-02
4.695858e-02;2.297542e-01;9.474859e-02;1.524669e-02;5.417398e-02;4.145740e-02;2.112623e-01;7.929786e-02;2.304936e-02;3.805472e-02;1.341950e-01;3.180142e-02
3.112839e-02;1.336290e-01;1.825378e-01;2.675542e-02;3.914973e-02;5.987433e-02;1.400929e-01;1.257258e-01;4.770995e-02;2.185698e-02;9.868042e-02;9.285925e-02
5.711025e-02;5.913490e-02;1.982197e-01;5.637281e-02;1.458615e-02;7.420650e-02;8.069878e-02;1.172662e-01;1.619347e-01;1.398860e-02;4.201498e-02;1.244664e-01
1.254369e-01;3.001006e-02;1.267450e-01;9.986398e-02;1.783767e-02;4.925607e-02;6.637820e-02;6.135174e-02;3.030661e-01;3.299790e-02;1.378469e-02;7.327170e-02
1.466519e-01;7.598080e-02;6.290264e-02;8.441797e-02;5.626468e-02;2.852485e-02;5.490897e-02;6.379333e-02;2.706205e-01;1.126872e-01;2.414406e-02;1.910312e-02
9.859250e-02;1.586130e-01;3.573624e-02;4.034750e-02;1.039806e-01;2.404676e-02;4.523944e-02;7.438073e-02;1.335197e-01;2.107924e-01;5.462903e-02;2.012211e-02
4.733621e-02;1.595906e-01;6.042670e-02;1.399204e-02;9.026583e-02;6.064859e-02;3.669335e-02;8.183587e-02;6.956194e-02;2.010256e-01;1.482574e-01;3.036577e-02
5.691957e-02;9.486517e-02;1.463755e-01;2.375271e-02;3.932801e-02;1.079547e-01;3.345099e-02;3.780942e-02;4.787420e-02;1.192295e-01;2.398060e-01;5.263427e-02
5.349129e-02;5.499353e-02;1.706465e-01;4.033725e-02;4.944105e-02;9.774835e-02;7.121374e-02;3.330206e-02;4.125048e-02;7.120240e-02;2.048657e-01;1.115076e-01
6.603704e-02;3.128741e-02;1.524793e-01;6.363727e-02;4.481958e-02;6.511931e-02;1.231587e-01;5.564814e-02;7.266697e-02;5.811902e-02;9.777995e-02;1.692473e-01
9.569094e-02;6.716705e-02;1.746663e-01;6.106970e-02;3.942653e-02;3.978359e-02;1.314175e-01;6.577787e-02;8.994244e-02;6.001181e-02;3.021693e-02;1.448293e-01
1.025471e-01;6.480876e-02;1.871786e-01;5.057897e-02;7.732263e-02;2.956768e-02;1.266556e-01;5.736732e-02;8.761590e-02;6.676080e-02;5.463684e-02;9.495983e-02
1.219529e-01;3.739256e-02;1.183958e-01;5.983482e-02;8.285020e-02;5.943422e-02;1.289953e-01;8.117264e-02;8.144335e-02;5.757339e-02;9.120089e-02;7.975391e-02
1.392093e-01;6.289488e-02;8.130115e-02;7.388420e-02;5.324914e-02;8.085176e-02;9.887064e-02;1.030219e-01;6.376386e-02;5.306811e-02;8.031250e-02;1.095726e-01
1.164037e-01;5.004495e-02;7.111946e-02;7.101163e-02;4.899313e-02;8.895959e-02;8.781043e-02;5.910118e-02;8.709872e-02;9.174734e-02;9.708482e-02;1.306250e-01
6.480124e-02;5.454293e-02;7.674983e-02;4.953982e-02;7.950849e-02;9.474519e-02;1.136512e-01;7.014249e-02;1.230834e-01;8.428054e-02;8.209502e-02;1.068598e-01
8.664174e-02;6.312466e-02;7.522323e-02;3.993526e-02;7.996697e-02;9.902370e-02;1.430290e-01;8.041825e-02;1.527419e-01;3.168195e-02;7.866328e-02;6.955002e-02
1.015433e-01;7.274833e-02;7.716860e-02;5.365571e-02;6.423903e-02;1.015941e-01;1.312460e-01;8.240805e-02;1.413244e-01;6.853142e-02;4.959966e-02;5.594137e-02
1.224190e-01;7.095738e-02;6.747881e-02;6.308480e-02;6.705212e-02;1.039476e-01;1.083948e-01;7.451689e-02;1.018473e-01;1.015839e-01;7.970759e-02;3.900987e-02
9.009830e-02;8.624163e-02;1.000681e-01;3.967277e-02;6.307729e-02;8.958959e-02;9.739151e-02;7.877463e-02;1.139408e-01;6.276012e-02;1.257019e-01;5.268326e-02
8.720690e-02;5.900734e-02;1.264781e-01;5.255971e-02;8.721969e-02;6.282310e-02;7.483407e-02;5.469115e-02;8.346159e-02;1.189523e-01;1.195927e-01;7.317337e-02
9.535018e-02;7.047609e-02;7.437875e-02;4.790720e-02;8.858915e-02;6.697245e-02;1.033589e-01;5.270430e-02;1.026400e-01;1.191145e-01;1.204335e-01;5.807502e-02
9.892906e-02;8.755250e-02;9.362707e-02;6.844789e-02;6.158079e-02;6.042381e-02;1.104182e-01;4.932395e-02;1.232456e-01;9.833869e-02;8.917115e-02;5.894129e-02
1.108712e-01;8.143312e-02;1.358175e-01;7.854924e-02;5.392684e-02;4.447267e-02;1.087892e-01;4.683549e-02;9.131035e-02;9.336191e-02;7.684495e-02;7.778738e-02
7.734105e-02;1.225264e-01;1.573241e-01;6.738557e-02;8.339014e-02;8.089921e-02;1.166026e-01;3.775284e-02;6.428928e-02;6.569994e-02;5.132185e-02;7.546696e-02
1.205181e-01;1.274533e-01;1.388688e-01;7.174268e-02;7.730809e-02;7.924024e-02;9.211928e-02;5.596640e-02;7.550166e-02;4.982939e-02;5.907437e-02;5.237773e-02
1.510905e-01;7.409215e-02;1.310441e-01;7.760990e-02;7.122637e-02;4.953868e-02;8.174525e-02;6.052001e-02;1.468531e-01;4.395051e-02;7.516643e-02;3.716288e-02
1.307647e-01;5.959479e-02;1.474570e-01;8.910386e-02;5.871768e-02;4.739904e-02;9.877783e-02;3.732071e-02;1.546422e-01;7.533400e-02;5.760419e-02;4.328402e-02
1.220170e-01;6.700508e-02;9.837355e-02;1.266725e-01;5.299331e-02;5.569765e-02;8.817741e-02;5.955019e-02;1.308470e-01;9.269538e-02;5.360143e-02;5.236954e-02
1.008025e-01;7.025179e-02;1.337457e-01;1.100820e-01;4.586458e-02;5.990504e-02;1.115697e-01;9.783204e-02;8.991913e-02;8.680938e-02;4.702080e-02;4.619731e-02
7.933976e-02;6.617553e-02;1.508010e-01;7.043269e-02;4.408485e-02;5.976045e-02;1.694889e-01;1.166753e-01;8.867128e-02;4.577407e-02;4.809467e-02;6.070159e-02
8.688393e-02;1.143120e-01;1.275048e-01;6.110594e-02;4.808720e-02;5.073219e-02;1.334672e-01;8.518793e-02;7.127293e-02;7.768216e-02;4.906417e-02;9.469943e-02
6.854721e-02;1.332583e-01;1.329174e-01;6.483972e-02;5.849527e-02;5.187371e-02;8.703700e-02;7.384151e-02;3.996819e-02;1.040232e-01;6.923448e-02;1.159640e-01
6.115482e-02;9.453623e-02;1.213753e-01;6.031035e-02;6.819217e-02;4.479292e-02;1.167737e-01;7.722665e-02;6.134740e-02;1.323645e-01;6.280798e-02;9.911792e-02
7.626119e-02;5.105558e-02;9.034260e-02;5.566102e-02;6.305340e-02;8.675543e-02;1.845616e-01;1.186062e-01;6.956085e-02;4.724734e-02;8.006733e-02;7.682746e-02
6.079631e-02;3.426692e-02;6.129524e-02;4.415971e-02;5.946970e-02;9.470976e-02;2.505226e-01;1.555097e-01;7.359986e-02;3.353988e-02;7.729080e-02;5.483949e-02
6.796413e-02;3.752931e-02;9.721142e-02;5.446274e-02;5.109657e-02;7.289686e-02;2.494952e-01;1.204237e-01;1.096889e-01;3.224905e-02;7.214255e-02;3.483968e-02
8.988123e-02;6.863751e-02;1.525773e-01;5.334885e-02;4.699211e-02;6.326070e-02;2.121938e-01;7.271453e-02;1.113179e-01;3.626721e-02;7.112734e-02;2.168151e-02
8.918393e-02;7.279862e-02;1.561297e-01;3.947257e-02;5.784292e-02;4.159719e-02;2.321467e-01;7.641178e-02;9.139903e-02;4.106150e-02;8.489192e-02;1.706410e-02
4.588123e-02;4.277629e-02;1.026254e-01;4.554191e-02;8.144563e-02;8.261539e-02;1.926834e-01;4.911483e-02;1.777838e-01;9.056076e-02;6.599336e-02;2.297801e-02
5.271656e-02;3.349702e-02;1.310917e-01;4.558769e-02;7.022430e-02;8.394441e-02;6.966679e-02;8.906867e-02;2.533769e-01;1.290900e-01;1.630946e-02;2.542649e-02
9.329484e-02;5.874370e-02;1.762910e-01;5.636416e-02;5.045832e-02;3.530437e-02;6.243579e-02;8.292605e-02;1.876935e-01;1.229220e-01;4.695097e-02;2.661536e-02
1.043142e-01;8.126543e-02;2.381053e-01;7.913052e-02;3.818894e-02;3.179402e-02;4.226232e-02;5.896483e-02;8.172058e-02;1.495176e-01;6.085525e-02;3.388103e-02
6.909183e-02;6.325998e-02;2.096030e-01;7.429615e-02;5.159640e-02;4.224820e-02;6.589335e-02;4.445142e-02;4.799629e-02;2.068852e-01;7.533965e-02;4.933847e-02
4.005095e-02;6.169893e-02;9.058870e-02;4.861373e-02;7.969835e-02;5.283926e-02;1.067298e-01;3.855190e-02;7.031626e-02;2.735272e-01;9.236342e-02;4.502155e-02
5.599783e-02;5.960537e-02;8.872282e-02;2.498964e-02;6.664538e-02;6.053379e-02;1.229819e-01;3.431455e-02;6.824377e-02;2.760701e-01;1.057976e-01;3.609727e-02
8.036759e-02;3.614298e-02;9.985292e-02;8.236239e-02;6.907304e-02;7.443179e-02;1.073088e-01;5.078330e-02;8.424862e-02;1.824105e-01;8.945329e-02;4.356475e-02
7.903671e-02;3.207025e-02;1.921364e-01;1.374566e-01;5.181060e-02;5.602001e-02;1.074155e-01;7.626329e-02;8.012161e-02;1.064426e-01;4.942051e-02;3.180594e-02
6.708966e-02;2.892704e-02;2.937907e-01;1.177780e-01;3.748862e-02;1.802161e-02;1.999823e-01;7.878407e-02;6.257029e-02;6.210100e-02;1.777265e-02;1.569402e-02
7.024731e-02;8.149730e-02;2.614235e-01;5.595327e-02;3.576666e-02;2.591171e-02;3.017490e-01;6.890257e-02;4.480802e-02;3.168323e-02;1.028640e-02;1.177103e-02
8.216814e-02;1.202127e-01;1.800014e-01;1.526741e-02;3.684593e-02;3.510652e-02;4.195877e-01;4.275590e-02;2.925342e-02;1.674627e-02;1.281033e-02;9.244184e-03
1.096874e-01;1.072919e-01;7.049908e-02;1.865199e-02;4.360402e-02;6.012069e-02;5.014330e-01;1.664806e-02;2.615847e-02;1.993159e-02;9.581420e-03;1.639245e-02
1.094909e-01;5.914035e-02;4.266759e-02;1.276670e-02;4.879884e-02;1.030476e-01;4.907361e-01;1.725227e-02;1.881451e-02;6.849346e-02;1.929800e-02;9.493694e-03
5.607095e-02;3.928258e-02;5.191259e-02;1.639917e-02;4.982009e-02;1.076062e-01;4.604836e-01;8.614406e-03;9.696660e-03;1.216307e-01;6.586940e-02;1.261377e-02
1.176589e-02;3.456393e-02;2.521012e-02;1.172881e-02;3.310354e-02;8.415872e-02;4.492071e-01;1.295830e-02;1.435842e-02;1.266996e-01;1.630023e-01;3.324322e-02
4.377019e-02;5.143991e-02;2.039252e-02;8.200499e-03;2.671724e-02;5.385667e-02;4.265342e-01;1.537256e-02;1.103663e-02;7.324024e-02;2.046266e-01;6.481262e-02
6.667180e-02;8.717671e-02;4.880215e-02;9.600066e-03;3.057713e-02;3.785376e-02;4.471733e-01;1.489392e-02;8.753452e-03;3.124226e-02;1.613512e-01;5.590424e-02
5.697541e-02;1.180337e-01;8.610152e-02;1.790044e-02;4.957564e-02;3.857318e-02;4.868577e-01;2.027043e-02;1.016857e-02;1.315940e-02;8.352045e-02;1.886356e-02
4.145351e-02;9.929089e-02;7.746629e-02;1.754527e-02;6.242395e-02;5.402032e-02;5.323759e-01;3.402688e-02;1.099500e-02;7.354391e-03;5.115837e-02;1.188924e-02
2.577475e-02;6.473017e-02;6.420590e-02;8.742606e-03;5.054092e-02;5.351908e-02;5.874100e-01;6.578200e-02;1.232458e-02;1.300989e-02;3.904479e-02;1.491527e-02
1.997248e-02;3.190413e-02;6.151100e-02;8.140766e-03;3.390991e-02;4.065339e-02;6.152524e-01;8.793839e-02;2.820146e-02;2.244645e-02;2.475035e-02;2.531924e-02
2.404887e-02;2.125885e-02;5.735124e-02;2.318240e-02;3.532215e-02;3.893201e-02;5.606170e-01;7.668838e-02;6.313802e-02;4.960227e-02;2.298478e-02;2.687397e-02
4.153123e-02;2.231777e-02;6.436330e-02;4.476677e-02;4.464537e-02;3.294757e-02;4.322419e-01;5.641840e-02;9.937759e-02;1.025177e-01;3.826929e-02;2.060313e-02
5.259524e-02;3.853184e-02;6.410857e-02;4.872033e-02;6.712134e-02;2.544935e-02;2.636411e-01;5.195468e-02;9.996301e-02;1.949695e-01;6.839246e-02;2.455263e-02
4.540236e-02;5.794354e-02;7.970651e-02;2.560723e-02;6.399715e-02;4.352275e-02;1.600520e-01;4.893111e-02;7.065573e-02;2.262397e-01;1.446036e-01;3.333829e-02
6.426148e-02;4.468224e-02;7.829435e-02;2.159378e-02;5.071810e-02;7.830475e-02;1.333125e-01;7.363150e-02;7.691158e-02;1.657321e-01;1.757767e-01;3.678082e-02
9.292576e-02;3.880111e-02;2.348674e-01;3.668404e-02;5.168351e-02;6.041525e-02;1.045199e-01;5.943887e-02;7.923480e-02;1.018422e-01;1.015685e-01;3.801857e-02
7.411292e-02;4.044618e-02;3.589518e-01;5.482263e-02;6.876592e-02;5.310121e-02;1.035114e-01;3.982365e-02;5.456907e-02;6.492091e-02;5.666326e-02;3.031101e-02
3.825789e-02;3.587793e-02;4.736465e-01;6.545427e-02;7.707844e-02;4.747417e-02;1.024588e-01;2.909629e-02;2.979143e-02;3.890861e-02;3.768666e-02;2.426899e-02
1.406715e-02;3.077176e-02;5.949681e-01;5.736965e-02;6.112925e-02;2.803239e-02;7.627284e-02;3.409215e-02;2.427074e-02;4.212022e-02;2.150331e-02;1.540233e-02
2.335413e-02;3.189859e-02;5.356722e-01;5.463886e-02;5.470607e-02;2.969124e-02;6.467602e-02;7.092419e-02;3.084408e-02;4.726966e-02;2.991601e-02;2.640899e-02
2.851334e-02;2.855526e-02;2.811189e-01;5.088816e-02;6.254847e-02;3.206507e-02;1.065001e-01;1.343654e-01;9.933376e-02;7.629441e-02;5.874044e-02;4.107667e-02
2.714930e-02;3.472836e-02;2.364919e-01;4.435169e-02;6.368966e-02;3.291478e-02;1.181640e-01;1.230860e-01;1.505065e-01;1.060308e-01;3.445250e-02;2.843463e-02
7.399088e-02;4.404209e-02;1.799629e-01;4.304864e-02;4.328510e-02;3.867528e-02;1.440465e-01;9.988797e-02;1.184423e-01;1.217767e-01;4.519502e-02;4.764663e-02
8.071272e-02;4.742386e-02;1.866836e-01;4.802662e-02;3.433392e-02;3.751603e-02;1.360942e-01;1.127727e-01;9.576567e-02;8.360992e-02;6.560146e-02;7.145926e-02
5.071858e-02;4.361371e-02;3.505827e-01;4.558313e-02;5.674845e-02;4.199169e-02;1.158604e-01;4.592381e-02;7.907897e-02;6.043895e-02;5.127912e-02;5.818041e-02
5.066457e-02;4.925330e-02;4.472979e-01;4.630730e-02;5.117692e-02;2.690860e-02;9.112063e-02;2.183834e-02;6.664461e-02;8.187202e-02;3.319899e-02;3.371684e-02
3.819749e-02;4.729941e-02;5.231959e-01;6.068640e-02;4.158390e-02;1.413256e-02;4.794144e-02;2.140845e-02;4.377916e-02;1.008844e-01;4.449652e-02;1.639432e-02
1.727094e-02;3.039543e-02;5.223126e-01;9.560593e-02;5.449425e-02;1.615746e-02;2.670683e-02;1.851896e-02;2.407513e-02;8.792736e-02;9.798700e-02;8.548044e-03
1.622459e-02;1.515507e-02;4.318753e-01;1.377310e-01;7.482104e-02;1.965676e-02;1.457911e-02;2.118692e-02;1.802781e-02;5.417818e-02;1.776934e-01;1.887080e-02
3.202880e-02;2.419771e-02;3.010014e-01;1.510958e-01;9.486777e-02;3.288091e-02;2.151790e-02;3.529808e-02;2.255475e-02;3.714082e-02;2.050967e-01;4.231932e-02
6.065089e-02;3.848334e-02;2.110354e-01;1.211371e-01;1.311664e-01;6.146103e-02;4.327805e-02;4.499144e-02;4.642729e-02;3.239685e-02;1.384855e-01;7.048672e-02
7.717834e-02;4.434702e-02;1.509236e-01;6.128769e-02;1.579220e-01;1.153361e-01;1.222623e-01;3.208774e-02;5.490273e-02;3.314392e-02;5.398086e-02;9.662773e-02
1.435601e-01;3.179945e-02;6.925045e-02;2.128060e-02;1.415842e-01;1.778982e-01;2.303543e-01;2.118292e-02;3.623040e-02;3.479440e-02;4.017513e-02;5.188989e-02
1.619683e-01;2.639699e-02;5.068670e-02;2.866993e-02;1.420896e-01;1.866417e-01;2.715419e-01;2.170964e-02;1.764536e-02;2.490944e-02;3.377333e-02;3.396708e-02
1.060365e-01;2.374629e-02;1.321587e-01;5.067766e-02;1.496193e-01;1.432437e-01;2.420872e-01;2.041250e-02;3.003741e-02;2.295333e-02;3.755708e-02;4.147035e-02
6.865731e-02;2.948178e-02;2.555708e-01;6.780817e-02;1.285314e-01;1.080540e-01;1.674239e-01;2.097758e-02;4.152077e-02;3.113934e-02;5.079660e-02;3.003833e-02
6.605317e-02;3.906454e-02;2.841555e-01;6.906204e-02;1.121361e-01;1.137685e-01;1.157270e-01;3.510370e-02;4.968489e-02;3.195501e-02;4.032290e-02;4.296673e-02
9.283105e-02;4.141856e-02;1.528966e-01;4.447750e-02;1.536222e-01;1.526659e-01;1.177252e-01;4.006202e-02;5.116471e-02;3.535975e-02;8.604448e-02;3.173200e-02
9.816974e-02;3.297620e-02;1.449807e-01;4.657784e-02;1.637488e-01;1.581929e-01;1.096919e-01;4.642595e-02;3.730492e-02;3.225237e-02;9.400109e-02;3.567758e-02
8.826584e-02;4.053349e-02;1.830246e-01;5.920871e-02;1.554261e-01;1.459723e-01;1.487914e-01;3.536941e-02;3.527003e-02;2.908211e-02;4.976617e-02;2.928990e-02
1.078489e-01;5.977464e-02;1.529480e-01;7.996925e-02;1.103789e-01;1.233095e-01;1.653339e-01;4.319955e-02;3.996082e-02;3.814270e-02;2.995681e-02;4.917710e-02
1.267268e-01;8.894373e-02;7.384825e-02;7.486289e-02;1.060025e-01;9.561282e-02;1.727167e-01;5.636707e-02;6.182849e-02;4.509070e-02;4.578520e-02;5.221470e-02
5.507455e-02;5.716640e-02;6.825422e-02;5.165644e-02;4.990305e-02;3.054088e-02;1.305135e-01;8.443921e-02;1.131695e-01;1.158241e-01;1.539042e-01;8.955394e-02
6.421101e-02;3.985934e-02;5.230397e-02;2.995454e-02;3.426322e-02;1.831983e-02;1.031847e-01;5.862866e-02;1.712010e-01;1.412469e-01;1.880388e-01;9.878803e-02
7.200585e-02;4.446840e-02;3.080896e-02;2.516186e-02;4.257790e-02;2.501193e-02;1.279803e-01;1.771459e-02;2.124285e-01;1.232877e-01;2.087223e-01;6.983171e-02
4.196854e-02;5.766454e-02;1.061025e-01;3.679175e-02;6.105376e-02;6.827130e-02;1.955780e-01;5.669627e-02;1.699660e-01;3.687252e-02;1.252993e-01;4.373547e-02
5.505843e-02;6.271967e-02;2.628666e-01;5.985804e-02;6.912076e-02;5.204768e-02;1.616161e-01;6.132374e-02;9.431092e-02;5.183931e-02;4.893055e-02;2.030816e-02
4.435356e-02;5.691408e-02;3.913754e-01;8.669765e-02;5.855608e-02;2.581494e-02;1.168687e-01;4.929274e-02;6.445191e-02;5.539096e-02;3.584434e-02;1.443974e-02
1.218666e-02;5.057335e-02;4.883722e-01;1.217149e-01;6.067613e-02;2.841991e-02;8.223211e-02;2.401944e-02;3.237882e-02;4.818894e-02;3.804276e-02;1.319476e-02
1.172057e-02;5.736189e-02;5.689911e-01;1.205687e-01;5.904662e-02;2.784526e-02;5.081452e-02;1.070806e-02;1.957197e-02;4.008931e-02;2.852705e-02;4.754937e-03
3.542061e-02;9.576286e-02;6.226643e-01;7.019155e-02;2.862096e-02;1.598713e-02;2.168326e-02;6.169347e-03;3.813452e-02;4.492384e-02;1.551113e-02;4.930560e-03
4.354730e-02;1.307613e-01;6.392950e-01;3.403728e-02;1.071745e-02;9.740272e-03;7.820969e-03;8.850848e-03;4.993476e-02;5.200555e-02;6.021184e-03;7.268001e-03
2.163441e-02;1.051952e-01;6.819267e-01;3.451374e-02;1.382970e-02;6.174673e-03;6.854527e-03;7.302891e-03;3.636049e-02;7.456185e-02;5.026651e-03;6.619127e-03
1.024072e-02;5.618620e-02;7.137507e-01;5.882639e-02;1.986234e-02;4.454933e-03;8.313255e-03;4.349797e-03;1.938550e-02;8.925339e-02;1.172408e-02;3.652741e-03
1.081422e-02;2.917819e-02;6.896516e-01;1.039769e-01;3.081169e-02;5.332937e-03;7.352019e-03;2.393766e-03;1.384171e-02;6.877439e-02;3.479731e-02;3.075306e-03
6.607250e-03;1.701114e-02;6.422411e-01;1.492263e-01;4.306094e-02;6.765773e-03;1.085993e-02;4.404346e-03;1.961262e-02;3.428840e-02;6.159655e-02;4.325667e-03
1.077814e-02;1.608794e-02;5.856498e-01;1.409627e-01;5.515893e-02;1.689817e-02;3.669666e-02;6.174557e-03;2.521607e-02;3.507358e-02;6.601722e-02;5.286205e-03
2.773811e-02;4.105924e-02;5.197042e-01;9.588698e-02;5.355395e-02;2.489665e-02;8.382611e-02;1.368886e-02;4.531140e-02;3.902454e-02;4.546813e-02;9.841854e-03
8.020322e-02;7.870760e-02;4.628253e-01;5.226905e-02;3.862767e-02;2.089317e-02;7.779797e-02;2.961267e-02;9.183759e-02;3.071897e-02;2.197783e-02;1.452895e-02
7.183524e-02;5.944522e-02;3.941289e-01;4.515434e-02;5.224733e-02;3.188868e-02;1.056477e-01;3.654873e-02;9.200884e-02;4.889624e-02;3.248993e-02;2.970889e-02
4.672436e-02;4.407937e-02;1.930344e-01;5.213564e-02;9.195086e-02;5.315745e-02;1.585880e-01;4.066968e-02;6.465784e-02;1.157509e-01;1.077597e-01;3.149179e-02
2.782848e-02;2.024453e-02;2.844126e-01;8.197482e-02;7.583234e-02;3.272961e-02;6.886841e-02;2.443735e-02;3.609372e-02;9.404117e-02;2.069731e-01;4.656386e-02
3.840640e-02;2.192252e-02;3.396621e-01;1.147328e-01;5.828665e-02;2.321043e-02;3.126009e-02;1.168188e-02;2.502652e-02;2.738902e-02;2.409261e-01;6.749545e-02
3.466956e-02;2.995382e-02;3.754685e-01;1.389342e-01;4.117839e-02;1.599778e-02;2.564919e-02;9.210565e-03;2.231020e-02;3.441079e-02;2.206497e-01;5.156729e-02
2.095945e-02;1.883150e-02;4.046001e-01;2.008089e-01;4.710295e-02;1.197708e-02;1.370831e-02;8.756988e-03;1.324566e-02;4.284990e-02;1.983700e-01;1.878919e-02
1.465043e-02;2.550635e-02;3.411793e-01;2.610507e-01;7.679099e-02;1.583065e-02;9.474079e-03;2.320047e-02;7.408052e-03;2.076742e-02;1.920758e-01;1.206579e-02
2.276093e-02;3.539254e-02;2.644268e-01;2.463029e-01;1.050315e-01;2.107512e-02;2.029278e-02;3.366520e-02;7.009712e-03;8.144893e-03;1.885689e-01;4.732874e-02
1.690883e-02;4.675223e-02;1.966274e-01;2.034555e-01;1.436680e-01;3.906251e-02;1.452505e-02;4.261269e-02;1.463285e-02;1.929716e-02;1.718816e-01;9.057614e-02
4.204227e-02;5.785808e-02;1.996047e-01;1.372393e-01;1.255632e-01;4.590550e-02;4.893589e-02;4.588382e-02;4.338699e-02;2.307284e-02;1.107613e-01;1.197461e-01
5.426599e-02;7.452290e-02;2.491295e-01;9.162661e-02;1.040642e-01;4.241161e-02;7.321268e-02;4.796563e-02;5.841082e-02;2.723286e-02;5.103579e-02;1.261214e-01
3.546630e-02;6.222814e-02;3.433986e-01;9.413237e-02;9.877358e-02;3.917980e-02;4.871422e-02;4.553537e-02;5.154828e-02;2.040850e-02;7.526513e-02;8.534972e-02
3.449078e-02;6.416241e-02;4.148533e-01;9.692365e-02;7.513941e-02;2.940883e-02;4.504833e-02;4.538691e-02;4.580881e-02;1.735808e-02;7.922792e-02;5.219152e-02
4.567430e-02;6.403062e-02;3.227078e-01;9.188952e-02;6.109425e-02;3.483797e-02;4.211847e-02;7.433211e-02;1.092235e-01;3.619545e-02;6.284762e-02;5.504829e-02
4.880403e-02;3.886928e-02;1.337153e-01;6.834810e-02;7.606140e-02;4.450502e-02;7.784013e-02;9.639236e-02;2.198317e-01;8.557155e-02;5.958468e-02;5.047642e-02
5.663999e-02;4.084896e-02;1.509948e-01;8.705581e-02;6.507809e-02;5.705702e-02;5.271985e-02;8.879426e-02;2.109107e-01;8.082809e-02;5.775661e-02;5.131588e-02
7.206032e-02;4.050974e-02;1.185050e-01;1.116554e-01;8.553735e-02;5.636517e-02;5.483162e-02;8.890425e-02;1.497292e-01;7.943740e-02;7.989084e-02;6.257375e-02
5.710790e-02;4.418393e-02;1.378393e-01;8.596092e-02;7.732444e-02;6.711332e-02;8.388539e-02;6.432614e-02;1.288533e-01;1.088516e-01;9.132056e-02;5.323319e-02
7.340817e-02;5.351886e-02;1.389258e-01;8.143478e-02;5.399143e-02;5.964634e-02;8.412328e-02;7.248372e-02;1.225893e-01;1.097118e-01;9.921793e-02;5.094850e-02
