1.201998e-01;1.090698e-01;1.375457e-01;3.187960e-02;1.034051e-01;6.549674e-02;1.192672e-01;6.004668e-02;6.164906e-02;7.460590e-02;8.715998e-02;2.967445e-02
1.443641e-01;8.449729e-02;1.291770e-01;3.352598e-02;1.117117e-01;5.277971e-02;1.416697e-01;8.684815e-02;3.733283e-02;3.491455e-02;9.360771e-02;4.957124e-02
1.719613e-01;6.258547e-02;1.011385e-01;5.264594e-02;7.473643e-02;4.716983e-02;1.039032e-01;7.831148e-02;7.933451e-02;5.353240e-02;1.155534e-01;5.912757e-02
1.435439e-01;6.032175e-02;9.313373e-02;5.196250e-02;3.741985e-02;4.464566e-02;5.677457e-02;1.064190e-01;9.510093e-02;8.214648e-02;1.304722e-01;9.805942e-02
1.662350e-01;9.768336e-02;8.349723e-02;2.668479e-02;3.526884e-02;4.755498e-02;3.394941e-02;1.329921e-01;9.706779e-02;7.246096e-02;1.027382e-01;1.038674e-01
1.549515e-01;7.693467e-02;8.054018e-02;4.710854e-02;3.811231e-02;6.252363e-02;5.717796e-02;7.428373e-02;1.075931e-01;9.158357e-02;1.052827e-01;1.039081e-01
1.242672e-01;4.122659e-02;1.251397e-01;6.927671e-02;3.520516e-02;3.681996e-02;1.372927e-01;3.307988e-02;7.369496e-02;9.510477e-02;1.346335e-01;9.425889e-02
1.317169e-01;7.773023e-02;1.333297e-01;6.413168e-02;5.876373e-02;5.590974e-02;1.284413e-01;3.191596e-02;5.499178e-02;6.327454e-02;1.219244e-01;7.786999e-02
1.054997e-01;1.017783e-01;1.720155e-01;5.032244e-02;5.830090e-02;4.490074e-02;1.664077e-01;5.744445e-02;3.833144e-02;3.716002e-02;1.083474e-01;5.949135e-02
6.715453e-02;1.206827e-01;1.976621e-01;3.761648e-02;5.432022e-02;2.897349e-02;2.329061e-01;7.776108e-02;2.306833e-02;2.387978e-02;1.043926e-01;3.158261e-02
4.657365e-02;1.588035e-01;1.602562e-01;2.119370e-02;5.136652e-02;3.551077e-02;3.213032e-01;7.028610e-02;1.780299e-02;1.279789e-02;9.503792e-02;9.067590e-03
7.246134e-02;1.879662e-01;7.403293e-02;1.922728e-02;4.242947e-02;5.917986e-02;3.812381e-01;4.316544e-02;1.741676e-02;1.570694e-02;7.385006e-02;1.332566e-02
1.131260e-01;1.896441e-01;2.087876e-02;3.108719e-02;2.300065e-02;8.155387e-02;3.835787e-01;3.074591e-02;1.966138e-02;2.098492e-02;6.823718e-02;1.750131e-02
1.449535e-01;1.701960e-01;4.669395e-02;5.103799e-02;3.324467e-02;9.403163e-02;3.013739e-01;1.587512e-02;1.941419e-02;3.791482e-02;6.731518e-02;1.794904e-02
1.687062e-01;1.457932e-01;7.069688e-02;8.836273e-02;4.815583e-02;8.939453e-02;1.860584e-01;2.879801e-02;2.572047e-02;5.799792e-02;6.360795e-02;2.670782e-02
1.821894e-01;9.560271e-02;9.113976e-02;1.221737e-01;7.060956e-02;1.127638e-01;1.020308e-01;4.141020e-02;3.389569e-02;8.735987e-02;3.710985e-02;2.371465e-02
2.230944e-01;1.000801e-01;6.132542e-02;7.271658e-02;6.445950e-02;1.531014e-01;1.905120e-01;2.464472e-02;2.001829e-02;6.135699e-02;1.313671e-02;1.555394e-02
1.967521e-01;1.289051e-01;5.920636e-02;1.064288e-01;4.582426e-02;1.247548e-01;2.162216e-01;2.104224e-02;1.431664e-02;5.278064e-02;2.131115e-02;1.245620e-02
1.229215e-01;1.821418e-01;9.709452e-02;8.492181e-02;4.930972e-02;7.217558e-02;2.568706e-01;1.774069e-02;1.182934e-02;5.183771e-02;4.546349e-02;7.693300e-03
7.393521e-02;2.071574e-01;1.530156e-01;3.961782e-02;5.659958e-02;3.485263e-02;2.794726e-01;2.208185e-02;1.921747e-02;3.136742e-02;7.759033e-02;5.092101e-03
6.339239e-02;2.124526e-01;1.559777e-01;1.646483e-02;5.040792e-02;3.266892e-02;3.056849e-01;2.578440e-02;1.937429e-02;1.910120e-02;9.184314e-02;6.847826e-03
7.240786e-02;2.194990e-01;9.956423e-02;1.320267e-02;4.072496e-02;3.303184e-02;3.534976e-01;3.327943e-02;1.596547e-02;1.531362e-02;9.912489e-02;4.388489e-03
8.290912e-02;2.229532e-01;6.000307e-02;8.041902e-03;3.286426e-02;3.355221e-02;3.921907e-01;2.949695e-02;1.590482e-02;1.929774e-02;9.822607e-02;4.559978e-03
1.022459e-01;2.284089e-01;2.980091e-02;7.962462e-03;2.761809e-02;3.960953e-02;4.061236e-01;2.137358e-02;1.870096e-02;2.080500e-02;9.312230e-02;4.228845e-03
1.174402e-01;2.255850e-01;4.515517e-02;8.899841e-03;2.533878e-02;3.650182e-02;3.831779e-01;1.685289e-02;2.117982e-02;2.368273e-02;8.762334e-02;8.562445e-03
1.088386e-01;2.089622e-01;7.059882e-02;1.440109e-02;1.928223e-02;2.185638e-02;3.804441e-01;2.263899e-02;3.240845e-02;2.315786e-02;8.608144e-02;1.132984e-02
7.146658e-02;1.872022e-01;4.960053e-02;1.448033e-02;2.352824e-02;3.066097e-02;4.334286e-01;3.104923e-02;4.088273e-02;1.094871e-02;9.691356e-02;9.838233e-03
6.230780e-02;1.604937e-01;2.810650e-02;1.387240e-02;2.128364e-02;4.155698e-02;4.823745e-01;3.301772e-02;4.135762e-02;2.542436e-02;8.510697e-02;5.097784e-03
6.008513e-02;1.390458e-01;2.651034e-02;1.335209e-02;1.967803e-02;5.496574e-02;5.137721e-01;2.255727e-02;4.039053e-02;2.960959e-02;7.214035e-02;7.893051e-03
4.670271e-02;1.352035e-01;2.287681e-02;9.691284e-03;2.332998e-02;4.645986e-02;5.410995e-01;3.220177e-02;4.208950e-02;2.597265e-02;6.983797e-02;4.534546e-03
3.880953e-02;1.354037e-01;2.225609e-02;5.505675e-03;2.766537e-02;3.733570e-02;5.469524e-01;4.278137e-02;4.432524e-02;1.834136e-02;7.774856e-02;2.875016e-03
3.728701e-02;1.372567e-01;1.748997e-02;6.140460e-03;2.889948e-02;3.542626e-02;5.442926e-01;4.250912e-02;4.065592e-02;1.939773e-02;8.658563e-02;4.059144e-03
3.808625e-02;1.374803e-01;1.818219e-02;6.113790e-03;2.648036e-02;4.502047e-02;5.324618e-01;3.534130e-02;4.203063e-02;2.448565e-02;9.118141e-02;3.135817e-03
4.525393e-02;1.415312e-01;1.693611e-02;9.218765e-03;2.198646e-02;5.751146e-02;5.197026e-01;1.999846e-02;4.104892e-02;2.728081e-02;9.447183e-02;5.059531e-03
4.556952e-02;1.488096e-01;1.975865e-02;7.844725e-03;2.653298e-02;5.760470e-02;5.220058e-01;2.142949e-02;3.308349e-02;1.807832e-02;9.700906e-02;2.273711e-03
5.568498e-02;1.500914e-01;1.680966e-02;1.210506e-02;2.769922e-02;6.648444e-02;5.044298e-01;1.644786e-02;2.715580e-02;2.396529e-02;9.493820e-02;4.188255e-03
6.722753e-02;1.524107e-01;1.861715e-02;1.737659e-02;2.981042e-02;7.704878e-02;4.860635e-01;1.727205e-02;2.353966e-02;2.087188e-02;8.701212e-02;2.749646e-03
7.684390e-02;1.545113e-01;2.592785e-02;2.311859e-02;3.296604e-02;7.478952e-02;4.560825e-01;1.462008e-02;2.703270e-02;2.347519e-02;8.469237e-02;5.939926e-03
7.500008e-02;1.692646e-01;2.174206e-02;2.560576e-02;3.750403e-02;6.387167e-02;4.369719e-01;1.377234e-02;3.674561e-02;2.827352e-02;8.463696e-02;6.611483e-03
7.098620e-02;1.876341e-01;1.974718e-02;2.343101e-02;3.305000e-02;4.270408e-02;4.378441e-01;2.198351e-02;4.458344e-02;2.832490e-02;8.380057e-02;5.910832e-03
3.953012e-02;2.060986e-01;3.808584e-02;1.464103e-02;3.991336e-02;2.916695e-02;4.547057e-01;2.298736e-02;4.946423e-02;1.537021e-02;8.575734e-02;4.279246e-03
2.521483e-02;1.984795e-01;4.982087e-02;1.272395e-02;5.289156e-02;3.122491e-02;4.398391e-01;2.303373e-02;4.082908e-02;2.280996e-02;9.599712e-02;7.135356e-03
3.472542e-02;1.814159e-01;6.266163e-02;1.589138e-02;7.238979e-02;3.011713e-02;4.136785e-01;3.490951e-02;2.949833e-02;1.889221e-02;9.928473e-02;6.535524e-03
2.442458e-02;1.662531e-01;8.382209e-02;8.637370e-03;9.566826e-02;2.129352e-02;4.027422e-01;5.006376e-02;1.949669e-02;1.131483e-02;1.088333e-01;7.450290e-03
1.934266e-02;1.537401e-01;9.519487e-02;4.006708e-03;1.102365e-01;1.174639e-02;4.042273e-01;5.833440e-02;1.494126e-02;6.429163e-03;1.134887e-01;8.311907e-03
2.162273e-02;1.514961e-01;8.180224e-02;3.436938e-03;1.124567e-01;1.573403e-02;4.148727e-01;5.594353e-02;1.573173e-02;7.392240e-03;1.130265e-01;6.484534e-03
3.219477e-02;1.543468e-01;5.765146e-02;2.830577e-03;9.824220e-02;2.490476e-02;4.360281e-01;4.799702e-02;2.282472e-02;1.208388e-02;1.070309e-01;3.864805e-03
4.275269e-02;1.621488e-01;3.869890e-02;3.721017e-03;6.577825e-02;3.191468e-02;4.659702e-01;3.871064e-02;3.084132e-02;1.649752e-02;1.011510e-01;1.815027e-03
6.050978e-02;1.677198e-01;3.210778e-02;7.147060e-03;3.647487e-02;4.370395e-02;4.674635e-01;2.802123e-02;3.753641e-02;2.249082e-02;9.263656e-02;4.188211e-03
8.532575e-02;1.706157e-01;2.735321e-02;9.118751e-03;2.491239e-02;5.544535e-02;4.371138e-01;2.037968e-02;5.059581e-02;3.174568e-02;8.279867e-02;4.595226e-03
1.249069e-01;1.678939e-01;2.716487e-02;1.062859e-02;2.263637e-02;6.765819e-02;3.804773e-01;1.111012e-02;7.025129e-02;4.426754e-02;6.427862e-02;8.726258e-03
1.686175e-01;1.682492e-01;1.346094e-02;1.170517e-02;2.058323e-02;6.728341e-02;3.327794e-01;1.012534e-02;7.545643e-02;5.044112e-02;6.643992e-02;1.485825e-02
1.930778e-01;1.783190e-01;2.279996e-02;1.012092e-02;2.050031e-02;4.950446e-02;3.082782e-01;1.547425e-02;5.793081e-02;4.252863e-02;8.291063e-02;1.855503e-02
1.970048e-01;1.951421e-01;3.651945e-02;6.444014e-03;2.272062e-02;2.895150e-02;3.058552e-01;2.470935e-02;4.355402e-02;2.796220e-02;9.521974e-02;1.591699e-02
1.991795e-01;1.765917e-01;5.310379e-02;1.437520e-02;3.279699e-02;4.111220e-02;2.862259e-01;2.271064e-02;3.673929e-02;3.017072e-02;7.782634e-02;2.916769e-02
1.941502e-01;1.341049e-01;7.722831e-02;2.984510e-02;5.315417e-02;5.537709e-02;2.483504e-01;1.608952e-02;3.783324e-02;4.759321e-02;5.126049e-02;5.501339e-02
1.266820e-01;1.038702e-01;1.617052e-01;4.815397e-02;6.740417e-02;4.897819e-02;1.971503e-01;3.061141e-02;5.046325e-02;5.468675e-02;4.088220e-02;6.941245e-02
1.436663e-01;1.239571e-01;2.047649e-01;4.716466e-02;5.475706e-02;4.939055e-02;1.696742e-01;3.085918e-02;5.343793e-02;3.485332e-02;3.412411e-02;5.335080e-02
1.198666e-01;1.743148e-01;1.804409e-01;3.673116e-02;4.605947e-02;4.752600e-02;1.674646e-01;2.164712e-02;7.156555e-02;4.141206e-02;5.209929e-02;4.087237e-02
8.500859e-02;1.912889e-01;8.668420e-02;3.318132e-02;5.848998e-02;6.575611e-02;1.715029e-01;4.187175e-02;9.717421e-02;5.205277e-02;8.040155e-02;3.658768e-02
9.643693e-02;1.323267e-01;1.158723e-01;4.426748e-02;5.587991e-02;4.944502e-02;1.498711e-01;3.218191e-02;1.042612e-01;7.897961e-02;1.036878e-01;3.679010e-02
1.036872e-01;9.118336e-02;1.234121e-01;4.551853e-02;6.436566e-02;4.728763e-02;1.566564e-01;4.292060e-02;9.793761e-02;8.204498e-02;9.281974e-02;5.216633e-02
9.296917e-02;8.342493e-02;1.374408e-01;4.420689e-02;7.201928e-02;6.027490e-02;1.781275e-01;5.918897e-02;8.329504e-02;6.898592e-02;5.644773e-02;6.361882e-02
5.049836e-02;7.525291e-02;1.682263e-01;4.670258e-02;5.076309e-02;6.888604e-02;1.376124e-01;7.821318e-02;1.194696e-01;8.402277e-02;6.252909e-02;5.782370e-02
3.913173e-02;7.099237e-02;1.142070e-01;3.349812e-02;3.927685e-02;4.440447e-02;9.657117e-02;1.094982e-01;1.528119e-01;1.786791e-01;5.991853e-02;6.101049e-02
2.330298e-02;7.910839e-02;8.835414e-02;2.178493e-02;3.924733e-02;3.239799e-02;9.371836e-02;8.525202e-02;1.580518e-01;2.573840e-01;6.625971e-02;5.513838e-02
3.433071e-02;8.416575e-02;8.160386e-02;3.122039e-02;3.566718e-02;3.026602e-02;9.930412e-02;8.148595e-02;1.278892e-01;2.599098e-01;7.909245e-02;5.506452e-02
2.006818e-02;9.426737e-02;1.308137e-01;2.743384e-02;5.865756e-02;4.151736e-02;1.149438e-01;9.612679e-02;1.268877e-01;1.816131e-01;5.684738e-02;5.082326e-02
6.165129e-02;1.085189e-01;1.369317e-01;3.468378e-02;6.506988e-02;4.766765e-02;1.278096e-01;6.432885e-02;1.513234e-01;1.176139e-01;3.729386e-02;4.710735e-02
6.862853e-02;1.203413e-01;1.433987e-01;5.180923e-02;5.861858e-02;3.434817e-02;1.251550e-01;4.034802e-02;1.633883e-01;9.738059e-02;4.078105e-02;5.580252e-02
4.786760e-02;8.685852e-02;2.175605e-01;5.988042e-02;3.997259e-02;3.390476e-02;1.321966e-01;4.083450e-02;1.617208e-01;7.217447e-02;3.949920e-02;6.752996e-02
4.957605e-02;5.241771e-02;2.535989e-01;8.416195e-02;4.518733e-02;4.186085e-02;1.076280e-01;3.731523e-02;1.398359e-01;7.843141e-02;4.182829e-02;6.815833e-02
5.828300e-02;4.904816e-02;2.231071e-01;1.218425e-01;4.785364e-02;4.523113e-02;1.031071e-01;5.315712e-02;9.402182e-02;6.351034e-02;8.278702e-02;5.805100e-02
4.703758e-02;5.369677e-02;1.838422e-01;1.153307e-01;7.851136e-02;5.074871e-02;8.024219e-02;6.588216e-02;8.842283e-02;5.511120e-02;1.112371e-01;6.993721e-02
6.353471e-02;7.805740e-02;1.730464e-01;6.067164e-02;8.143888e-02;4.595465e-02;1.079859e-01;1.067450e-01;7.906600e-02;5.480742e-02;8.625033e-02;6.244165e-02
6.020420e-02;7.565318e-02;1.426315e-01;6.310466e-02;9.373692e-02;5.537628e-02;1.207169e-01;1.131937e-01;1.086290e-01;6.897725e-02;6.202211e-02;3.575432e-02
8.478233e-02;8.431915e-02;1.162989e-01;1.176161e-01;1.039878e-01;4.317805e-02;7.236614e-02;8.744217e-02;1.318237e-01;5.172202e-02;6.536952e-02;4.109398e-02
8.524848e-02;8.950339e-02;1.127756e-01;1.268370e-01;9.503621e-02;5.197450e-02;7.348127e-02;8.320861e-02;1.162018e-01;5.420231e-02;6.561640e-02;4.591444e-02
5.459053e-02;8.175138e-02;9.602394e-02;9.267555e-02;7.444573e-02;6.373037e-02;1.269967e-01;1.041044e-01;7.538261e-02;1.050119e-01;7.234769e-02;5.293927e-02
1.160952e-01;7.852309e-02;1.057875e-01;4.752560e-02;5.505860e-02;6.983580e-02;1.223545e-01;9.357829e-02;1.138353e-01;7.956591e-02;5.765187e-02;6.018833e-02
1.020527e-01;8.223939e-02;1.049886e-01;4.726081e-02;4.375309e-02;7.358388e-02;1.306165e-01;9.155443e-02;1.184644e-01;7.987069e-02;6.453951e-02;6.107608e-02
9.946886e-02;7.484722e-02;1.451591e-01;4.694249e-02;4.447834e-02;7.194142e-02;1.544254e-01;6.956625e-02;9.723183e-02;7.727013e-02;5.804334e-02;6.062558e-02
6.501035e-02;9.154780e-02;2.036506e-01;5.926172e-02;4.414572e-02;4.771199e-02;2.063094e-01;5.875663e-02;4.371826e-02;7.059833e-02;5.830974e-02;5.097945e-02
8.703171e-02;1.003707e-01;1.628831e-01;5.653207e-02;4.217192e-02;5.237677e-02;2.676519e-01;4.726561e-02;3.970664e-02;6.223483e-02;4.471770e-02;3.705712e-02
1.621713e-01;1.144914e-01;1.040830e-01;4.996786e-02;4.488273e-02;7.302580e-02;2.840331e-01;3.342486e-02;2.434822e-02;5.572423e-02;2.941997e-02;2.442746e-02
2.543451e-01;1.105205e-01;3.153184e-02;4.420015e-02;5.348310e-02;1.131209e-01;2.527010e-01;3.053054e-02;2.027699e-02;5.636709e-02;1.455073e-02;1.837206e-02
3.302775e-01;8.676098e-02;2.181946e-02;3.617531e-02;6.569403e-02;1.346647e-01;1.691885e-01;3.312795e-02;2.753979e-02;4.981746e-02;1.024996e-02;3.468442e-02
3.476298e-01;5.373722e-02;4.917930e-02;2.364391e-02;9.297696e-02;1.173255e-01;1.238811e-01;2.657448e-02;5.817640e-02;2.854843e-02;1.468010e-02;6.364676e-02
2.952899e-01;3.215437e-02;8.264609e-02;1.915622e-02;1.255628e-01;6.951346e-02;1.089756e-01;2.019227e-02;1.139348e-01;1.528767e-02;1.932453e-02;9.796228e-02
2.329915e-01;3.257915e-02;8.398195e-02;2.969931e-02;1.394087e-01;4.322257e-02;1.100297e-01;2.323727e-02;1.493689e-01;1.468164e-02;1.882179e-02;1.219775e-01
1.790907e-01;5.482786e-02;8.339345e-02;5.584512e-02;1.312108e-01;4.513105e-02;8.886789e-02;4.058863e-02;1.479860e-01;1.693312e-02;3.544052e-02;1.206848e-01
1.132854e-01;6.514654e-02;1.554597e-01;8.525927e-02;9.370864e-02;4.648707e-02;7.264488e-02;7.017509e-02;1.052350e-01;3.553368e-02;6.619980e-02;9.086496e-02
8.658539e-02;6.246451e-02;2.818798e-01;9.181074e-02;6.902781e-02;4.297065e-02;6.357108e-02;6.128510e-02;5.770678e-02;5.818498e-02;6.850319e-02;5.600993e-02
3.554413e-02;7.199013e-02;3.490564e-01;7.708392e-02;5.782802e-02;4.478916e-02;1.032147e-01;5.894786e-02;7.481310e-02;6.703852e-02;3.485252e-02;2.484155e-02
4.741025e-02;7.623739e-02;2.346192e-01;6.730904e-02;7.414282e-02;5.737390e-02;6.958576e-02;1.122292e-01;1.480149e-01;4.413817e-02;2.122202e-02;4.771725e-02
8.506292e-02;5.389922e-02;1.646843e-01;3.928284e-02;1.370052e-01;6.037800e-02;8.843609e-02;9.732458e-02;1.101991e-01;4.968824e-02;4.789335e-02;6.614620e-02
4.075099e-02;5.678854e-02;8.693405e-02;5.670156e-02;1.033759e-01;6.704762e-02;1.230808e-01;1.316053e-01;1.368121e-01;7.389437e-02;7.678781e-02;4.622095e-02
5.959718e-02;4.946319e-02;1.352602e-01;5.532866e-02;6.277985e-02;6.408264e-02;1.235747e-01;1.090881e-01;1.444486e-01;9.205405e-02;7.725985e-02;2.706295e-02
8.654857e-02;4.933842e-02;1.660577e-01;5.667292e-02;4.492689e-02;5.571531e-02;1.837553e-01;6.625003e-02;1.001249e-01;8.110158e-02;7.865589e-02;3.085262e-02
1.347149e-01;1.061649e-01;1.516954e-01;4.241958e-02;4.772690e-02;5.397354e-02;1.891061e-01;4.615547e-02;6.334455e-02;5.159586e-02;7.075013e-02;4.235261e-02
1.912477e-01;1.005755e-01;1.430419e-01;2.813495e-02;6.848523e-02;6.745606e-02;1.509888e-01;3.623301e-02;8.132087e-02;4.249657e-02;4.578755e-02;4.423193e-02
1.882341e-01;6.000486e-02;1.178217e-01;4.458711e-02;1.350388e-01;6.653809e-02;9.086783e-02;2.944271e-02;1.267720e-01;2.923016e-02;2.749253e-02;8.397008e-02
9.761155e-02;5.688611e-02;1.052173e-01;7.395384e-02;1.742174e-01;5.183825e-02;6.811383e-02;4.835468e-02;1.270019e-01;2.254130e-02;5.456425e-02;1.196995e-01
5.459386e-02;8.749344e-02;1.084877e-01;1.344994e-01;1.309184e-01;5.778257e-02;5.193299e-02;9.976546e-02;7.531643e-02;2.356900e-02;7.666108e-02;9.897979e-02
4.158006e-02;7.668055e-02;1.737007e-01;1.940795e-01;8.051831e-02;7.396042e-02;4.343331e-02;1.346779e-01;2.908094e-02;1.699642e-02;7.796905e-02;5.732283e-02
4.241405e-02;4.374049e-02;2.090246e-01;2.436363e-01;7.362329e-02;7.050800e-02;4.713269e-02;1.439688e-01;1.221432e-02;1.345058e-02;6.676977e-02;3.351711e-02
2.389896e-02;4.771914e-02;2.172728e-01;2.819321e-01;8.412800e-02;5.779437e-02;4.203066e-02;1.356993e-01;5.184688e-03;1.532104e-02;6.556854e-02;2.345033e-02
1.467390e-02;6.053708e-02;2.069821e-01;3.013978e-01;9.274884e-02;4.661104e-02;3.097398e-02;1.176849e-01;6.232216e-03;1.630710e-02;8.821117e-02;1.763985e-02
8.421244e-03;6.453130e-02;2.086960e-01;3.063931e-01;9.274375e-02;3.983302e-02;2.628075e-02;9.208859e-02;1.154807e-02;2.098811e-02;1.101205e-01;1.835552e-02
1.587313e-02;5.404545e-02;2.361070e-01;2.895240e-01;8.539807e-02;3.291224e-02;3.120759e-02;6.766610e-02;2.415205e-02;1.881609e-02;1.180800e-01;2.621820e-02
3.977881e-02;2.742537e-02;3.123423e-01;2.315015e-01;6.664354e-02;2.175989e-02;5.706142e-02;5.372860e-02;4.059516e-02;2.887547e-02;9.128167e-02;2.900626e-02
6.045530e-02;4.102971e-02;3.978604e-01;1.566510e-01;5.247117e-02;1.577925e-02;6.832417e-02;3.780394e-02;4.656837e-02;4.681376e-02;5.124257e-02;2.500027e-02
5.217144e-02;5.937929e-02;4.405365e-01;9.745247e-02;3.793623e-02;1.906324e-02;8.777303e-02;3.079036e-02;5.439090e-02;5.984065e-02;3.721238e-02;2.345352e-02
5.708930e-02;8.368341e-02;3.627050e-01;7.775029e-02;3.906548e-02;4.057254e-02;1.048354e-01;3.335778e-02;5.672223e-02;5.458636e-02;4.841769e-02;4.121451e-02
7.538333e-02;1.036346e-01;2.070806e-01;1.277713e-01;4.487605e-02;5.001339e-02;1.225203e-01;3.685796e-02;5.873223e-02;5.442965e-02;7.804543e-02;4.065502e-02
5.235191e-02;7.938180e-02;2.449701e-01;1.828186e-01;4.867245e-02;5.177886e-02;8.920148e-02;4.576386e-02;7.809635e-02;4.059559e-02;6.781040e-02;1.855854e-02
5.822380e-02;7.410882e-02;3.121122e-01;1.639505e-01;3.767989e-02;2.977961e-02;6.333075e-02;6.638335e-02;8.369804e-02;5.526569e-02;3.478397e-02;2.068330e-02
9.541966e-02;4.723477e-02;2.206428e-01;1.385794e-01;4.891450e-02;3.907032e-02;6.246809e-02;6.996316e-02;9.660038e-02;7.448728e-02;6.027235e-02;4.634731e-02
9.777664e-02;6.561507e-02;1.874256e-01;9.442519e-02;5.482196e-02;6.297515e-02;7.520782e-02;8.884894e-02;8.338294e-02;6.892702e-02;7.049817e-02;5.009548e-02
8.692333e-02;1.105809e-01;1.738581e-01;5.870009e-02;5.615583e-02;5.199514e-02;1.574364e-01;7.731335e-02;5.346971e-02;6.053742e-02;6.423929e-02;4.879043e-02
1.101306e-01;1.009623e-01;1.603625e-01;7.851165e-02;7.849826e-02;6.123993e-02;1.432286e-01;5.535271e-02;6.157347e-02;4.228752e-02;4.282215e-02;6.503027e-02
1.048754e-01;8.603910e-02;1.493438e-01;1.082384e-01;1.186009e-01;6.792615e-02;9.100360e-02;4.614050e-02;7.958875e-02;2.908558e-02;4.165094e-02;7.750684e-02
5.346974e-02;7.386836e-02;1.886481e-01;1.666515e-01;1.229897e-01;5.119029e-02;3.274239e-02;8.028767e-02;6.326564e-02;2.017243e-02;8.298867e-02;6.372548e-02
3.081041e-02;5.501221e-02;2.623715e-01;2.153206e-01;7.806393e-02;3.737439e-02;4.291682e-02;9.313823e-02;3.061808e-02;2.493764e-02;9.737228e-02;3.206380e-02
4.330454e-02;4.594991e-02;4.021495e-01;1.793261e-01;4.582242e-02;2.291993e-02;5.681207e-02;5.729133e-02;2.747572e-02;3.772712e-02;6.532521e-02;1.589617e-02
5.143632e-02;6.417400e-02;5.028719e-01;1.116860e-01;2.907062e-02;1.537020e-02;7.659170e-02;1.784853e-02;3.282567e-02;5.280468e-02;2.931234e-02;1.600792e-02
4.727760e-02;9.354888e-02;5.240428e-01;5.688743e-02;2.384721e-02;2.388296e-02;8.767297e-02;2.706917e-02;2.269446e-02;6.149232e-02;1.678074e-02;1.480347e-02
1.650811e-02;1.314717e-01;4.819079e-01;4.057259e-02;2.831184e-02;4.928858e-02;8.785211e-02;3.252663e-02;3.314620e-02;6.464983e-02;1.913423e-02;1.463034e-02
2.478474e-02;1.370108e-01;4.328556e-01;4.929154e-02;1.787055e-02;7.022619e-02;5.236743e-02;3.534461e-02;5.249229e-02;8.060039e-02;1.886418e-02;2.829173e-02
2.263661e-02;1.136292e-01;4.420447e-01;4.327141e-02;2.416201e-02;6.441934e-02;4.384074e-02;4.512105e-02;4.536840e-02;8.699297e-02;2.749161e-02;4.102193e-02
2.906937e-02;1.459480e-01;3.875784e-01;3.794372e-02;2.206414e-02;6.889770e-02;3.349949e-02;5.154093e-02;3.635139e-02;8.762556e-02;3.374385e-02;6.573736e-02
5.388555e-02;1.728360e-01;3.495426e-01;3.922512e-02;2.417951e-02;6.687068e-02;4.327225e-02;2.976253e-02;7.466700e-02;6.383061e-02;1.794591e-02;6.398235e-02
8.884840e-02;2.039089e-01;2.968493e-01;3.043971e-02;1.851194e-02;5.775984e-02;4.113773e-02;3.205239e-02;9.691761e-02;5.674084e-02;2.432636e-02;5.250704e-02
1.057065e-01;2.278363e-01;2.706070e-01;2.890003e-02;1.996226e-02;5.115322e-02;2.743056e-02;2.513525e-02;1.034146e-01;5.947560e-02;3.005537e-02;5.032337e-02
8.235760e-02;2.068512e-01;3.183573e-01;2.287762e-02;1.677541e-02;5.071525e-02;4.374866e-02;2.354238e-02;7.679076e-02;5.999875e-02;3.035573e-02;6.762940e-02
5.266481e-02;1.969174e-01;3.475180e-01;1.794878e-02;1.561313e-02;6.660429e-02;4.856690e-02;2.147309e-02;4.930983e-02;6.211992e-02;3.627224e-02;8.499161e-02
4.064483e-02;1.890476e-01;3.758246e-01;1.986643e-02;1.141979e-02;7.748434e-02;5.522710e-02;2.113661e-02;3.220665e-02;5.777298e-02;2.895350e-02;9.041553e-02
3.373643e-02;2.031365e-01;3.847940e-01;2.116773e-02;1.136460e-02;8.321366e-02;5.344281e-02;2.026370e-02;2.303374e-02;5.619637e-02;2.331353e-02;8.633705e-02
8.039445e-02;2.438885e-01;3.217620e-01;1.661833e-02;1.254339e-02;8.300848e-02;4.543774e-02;1.894583e-02;2.662909e-02;4.605093e-02;1.946876e-02;8.525246e-02
1.081177e-01;2.899497e-01;2.631783e-01;1.208139e-02;1.516503e-02;7.629203e-02;2.930705e-02;1.654791e-02;4.992071e-02;3.833953e-02;1.660112e-02;8.449954e-02
1.019704e-01;2.948228e-01;2.727973e-01;1.379314e-02;1.542683e-02;6.107188e-02;2.574741e-02;1.825341e-02;6.689651e-02;3.468778e-02;1.378320e-02;8.074940e-02
1.156936e-01;2.587382e-01;2.935786e-01;1.561225e-02;1.480059e-02;4.202469e-02;3.734950e-02;2.294868e-02;7.607047e-02;4.211686e-02;1.292278e-02;6.814376e-02
1.229142e-01;2.140739e-01;3.210851e-01;2.343795e-02;1.326147e-02;3.094257e-02;3.947210e-02;2.949070e-02;7.941303e-02;4.970642e-02;1.972394e-02;5.647863e-02
9.065069e-02;1.635713e-01;3.748727e-01;4.060855e-02;1.321885e-02;3.284395e-02;5.963282e-02;3.015543e-02;7.749172e-02;4.181362e-02;2.280042e-02;5.234003e-02
9.159798e-02;9.169526e-02;3.980467e-01;4.598662e-02;2.348852e-02;3.393904e-02;1.049012e-01;2.887364e-02;7.544063e-02;1.809422e-02;4.449787e-02;4.343832e-02
9.376951e-02;8.729138e-02;3.621745e-01;4.402391e-02;4.822824e-02;4.562625e-02;1.384409e-01;2.706999e-02;5.094272e-02;2.706534e-02;5.195728e-02;2.340991e-02
9.246087e-02;1.719453e-01;2.003497e-01;3.930141e-02;9.019789e-02;6.261645e-02;1.241429e-01;3.266471e-02;3.743108e-02;4.316757e-02;4.478926e-02;6.093288e-02
1.098687e-01;2.078468e-01;1.239419e-01;3.971770e-02;9.573006e-02;6.686708e-02;5.167957e-02;5.452975e-02;8.304841e-02;5.863223e-02;2.814009e-02;7.999776e-02
1.195831e-01;1.502656e-01;1.741994e-01;3.959893e-02;6.101633e-02;5.029313e-02;7.861788e-02;5.805074e-02;7.275445e-02;6.574193e-02;5.053458e-02;7.934392e-02
1.458253e-01;1.173808e-01;1.747000e-01;3.316693e-02;4.385334e-02;2.765189e-02;9.797615e-02;6.615170e-02;8.442057e-02;5.813985e-02;7.293496e-02;7.779851e-02
1.826471e-01;1.000248e-01;1.758611e-01;2.769302e-02;4.337219e-02;2.997227e-02;1.043070e-01;6.714264e-02;7.027158e-02;5.426632e-02;6.544629e-02;7.899569e-02
1.689543e-01;1.151017e-01;1.943958e-01;3.126675e-02;4.573339e-02;3.413206e-02;9.084988e-02;6.903154e-02;5.478771e-02;5.175275e-02;8.683371e-02;5.716031e-02
