1.228993e-01;5.089508e-02;9.045503e-02;3.206344e-02;3.938331e-02;3.780378e-02;6.447984e-02;1.061225e-01;8.118148e-02;7.260055e-02;1.738330e-01;1.282826e-01
1.386123e-01;6.044653e-02;7.775743e-02;5.771047e-02;3.683710e-02;3.894955e-02;6.315623e-02;8.922128e-02;6.899777e-02;7.043360e-02;1.735646e-01;1.243132e-01
1.364744e-01;6.693649e-02;5.261436e-02;5.929825e-02;6.140329e-02;5.875234e-02;6.937177e-02;8.063387e-02;6.663486e-02;1.086304e-01;1.408759e-01;9.837403e-02
8.771222e-02;5.758366e-02;6.695075e-02;4.378860e-02;6.129826e-02;5.973585e-02;7.187703e-02;8.076054e-02;7.446011e-02;1.325426e-01;1.717686e-01;9.152173e-02
7.463239e-02;4.534600e-02;5.906228e-02;3.455027e-02;5.152965e-02;6.158835e-02;6.927705e-02;8.848093e-02;7.603920e-02;1.328084e-01;2.007900e-01;1.058955e-01
6.576781e-02;3.589881e-02;5.565435e-02;3.126302e-02;4.425126e-02;5.973491e-02;9.866692e-02;8.848071e-02;8.377327e-02;1.499083e-01;1.931443e-01;9.345642e-02
7.786107e-02;4.360782e-02;6.370473e-02;4.228742e-02;3.747373e-02;5.501564e-02;1.130319e-01;7.226504e-02;8.035080e-02;1.609043e-01;1.795536e-01;7.394402e-02
8.248396e-02;5.315430e-02;9.239278e-02;5.074427e-02;3.660437e-02;5.731012e-02;1.036160e-01;5.295334e-02;6.511859e-02;1.208065e-01;1.653312e-01;1.194845e-01
9.827196e-02;5.582364e-02;1.206357e-01;5.416444e-02;4.974235e-02;6.375384e-02;1.014326e-01;5.088814e-02;3.399814e-02;9.644057e-02;1.431324e-01;1.317162e-01
1.505770e-01;5.934670e-02;1.129695e-01;4.083604e-02;4.249424e-02;5.214172e-02;1.071382e-01;5.284251e-02;5.947038e-02;5.650767e-02;1.386168e-01;1.270592e-01
1.325098e-01;7.091825e-02;8.642781e-02;3.135037e-02;3.529637e-02;5.018390e-02;1.214633e-01;5.461377e-02;8.272507e-02;4.850127e-02;1.671534e-01;1.188567e-01
7.669578e-02;6.445111e-02;9.633436e-02;3.925877e-02;4.926499e-02;6.428935e-02;1.398690e-01;7.560710e-02;6.067842e-02;9.462973e-02;1.496370e-01;8.928439e-02
8.186132e-02;7.651382e-02;1.198125e-01;3.871553e-02;3.844871e-02;7.405947e-02;1.477542e-01;7.483307e-02;6.316812e-02;1.101375e-01;9.561234e-02;7.908340e-02
6.872338e-02;8.633380e-02;1.055345e-01;4.182836e-02;2.259436e-02;5.665386e-02;1.624875e-01;7.406463e-02;8.866130e-02;7.122522e-02;1.375927e-01;8.430042e-02
1.225148e-01;9.434786e-02;8.224608e-02;4.382963e-02;3.162928e-02;3.561516e-02;1.347186e-01;6.941546e-02;7.869486e-02;4.639986e-02;1.639374e-01;9.665101e-02
2.157167e-01;5.357360e-02;9.083017e-02;4.455509e-02;3.244895e-02;3.051861e-02;6.547009e-02;6.264348e-02;7.347817e-02;3.263026e-02;1.032239e-01;1.949110e-01
2.321408e-01;4.993292e-02;9.897946e-02;4.597683e-02;2.975778e-02;3.097593e-02;4.792651e-02;5.906727e-02;6.199660e-02;3.461204e-02;9.828175e-02;2.103521e-01
2.035793e-01;5.740765e-02;1.162796e-01;4.930964e-02;4.508897e-02;3.717980e-02;5.004263e-02;5.158883e-02;4.225989e-02;5.622092e-02;1.094019e-01;1.816407e-01
1.227027e-01;8.447787e-02;1.238782e-01;5.886059e-02;6.005230e-02;6.141525e-02;8.124512e-02;5.989529e-02;5.401272e-02;6.154964e-02;1.136362e-01;1.182741e-01
9.722524e-02;9.319223e-02;1.545935e-01;5.991611e-02;5.043599e-02;7.154185e-02;9.480400e-02;5.573702e-02;7.424673e-02;4.881024e-02;9.984208e-02;9.965502e-02
1.124683e-01;7.524373e-02;9.782143e-02;6.979466e-02;6.314679e-02;6.876495e-02;1.025160e-01;8.219969e-02;9.076927e-02;9.537588e-02;5.903606e-02;8.286319e-02
8.881079e-02;4.353574e-02;9.525963e-02;1.024283e-01;5.111011e-02;6.032119e-02;1.384738e-01;8.183895e-02;7.153948e-02;1.354377e-01;5.063507e-02;8.060919e-02
7.348347e-02;4.427856e-02;1.712634e-01;1.045786e-01;3.363134e-02;4.375674e-02;1.561585e-01;7.455434e-02;3.772910e-02;1.186197e-01;6.823234e-02;7.371385e-02
5.907790e-02;7.107898e-02;2.313884e-01;7.485108e-02;3.097557e-02;4.430606e-02;1.536406e-01;8.360294e-02;6.458943e-02;7.037408e-02;6.291439e-02;5.320052e-02
5.068038e-02;9.167865e-02;2.303019e-01;5.208789e-02;5.029075e-02;5.470334e-02;1.527828e-01;7.958356e-02;8.020697e-02;4.258414e-02;8.336318e-02;3.173641e-02
3.456376e-02;1.135361e-01;2.023759e-01;4.380960e-02;6.869333e-02;5.641763e-02;1.566708e-01;7.246963e-02;7.954174e-02;6.175598e-02;8.389520e-02;2.627029e-02
6.879804e-02;9.352238e-02;1.727513e-01;5.586788e-02;8.197716e-02;4.210920e-02;1.490506e-01;6.555335e-02;7.485323e-02;8.279087e-02;7.387538e-02;3.885054e-02
5.921756e-02;9.231148e-02;1.275959e-01;5.273603e-02;1.075107e-01;6.296032e-02;1.780116e-01;6.176370e-02;4.035135e-02;1.018141e-01;6.958423e-02;4.614311e-02
6.017784e-02;5.662804e-02;1.003252e-01;2.810939e-02;9.947850e-02;9.313778e-02;1.958046e-01;8.094297e-02;8.174373e-02;7.715261e-02;8.292142e-02;4.357784e-02
1.050183e-01;5.145241e-02;1.753026e-01;4.841169e-02;6.298009e-02;5.029701e-02;1.462082e-01;1.010452e-01;8.270738e-02;5.276785e-02;6.464933e-02;5.915999e-02
1.187709e-01;4.275957e-02;1.560765e-01;6.680786e-02;5.878569e-02;4.623363e-02;1.481956e-01;9.410388e-02;8.200598e-02;5.205417e-02;6.847519e-02;6.573103e-02
9.516534e-02;2.826360e-02;1.813051e-01;7.430798e-02;5.990600e-02;5.878657e-02;1.024880e-01;7.560803e-02;1.102781e-01;8.044120e-02;7.946168e-02;5.398849e-02
9.644816e-02;6.936181e-02;2.053068e-01;5.677811e-02;7.129835e-02;6.093609e-02;6.147736e-02;8.060335e-02;1.039403e-01;8.074519e-02;6.459197e-02;4.851245e-02
9.989107e-02;8.210861e-02;2.040455e-01;4.386057e-02;6.946547e-02;5.832118e-02;8.310864e-02;6.830433e-02;1.007501e-01;8.817510e-02;5.987951e-02;4.208991e-02
1.111845e-01;4.517588e-02;2.058742e-01;7.436964e-02;6.418125e-02;5.422628e-02;1.149151e-01;3.764848e-02;8.088954e-02;7.504932e-02;7.450435e-02;6.198143e-02
1.212925e-01;5.704016e-02;1.762027e-01;6.090394e-02;6.651641e-02;5.015141e-02;1.357707e-01;5.612186e-02;4.685869e-02;9.598325e-02;6.015743e-02;7.300095e-02
9.501013e-02;1.075652e-01;1.221190e-01;4.581789e-02;4.361315e-02;4.589049e-02;1.106609e-01;7.258045e-02;1.304477e-01;9.593834e-02;7.600491e-02;5.435188e-02
7.756047e-02;1.168755e-01;1.100188e-01;4.613863e-02;4.682123e-02;4.320228e-02;1.190785e-01;1.002198e-01;1.287360e-01;6.712969e-02;7.672529e-02;6.749388e-02
6.040551e-02;8.596125e-02;1.253229e-01;6.456780e-02;5.340875e-02;3.728858e-02;1.186833e-01;1.407349e-01;1.017300e-01;7.857641e-02;6.749534e-02;6.582542e-02
4.656553e-02;6.275657e-02;1.466585e-01;7.580336e-02;5.010603e-02;5.327002e-02;1.255241e-01;1.526284e-01;6.568573e-02;8.380657e-02;8.840303e-02;4.879208e-02
3.989141e-02;6.228865e-02;1.441559e-01;8.588088e-02;3.994913e-02;6.121112e-02;1.470008e-01;1.155121e-01;8.164607e-02;7.815517e-02;1.038480e-01;4.046075e-02
6.330735e-02;8.445878e-02;1.083686e-01;7.145129e-02;4.828586e-02;5.022560e-02;1.150654e-01;1.145421e-01;8.820651e-02;9.638739e-02;7.452071e-02;8.518028e-02
8.119691e-02;6.971205e-02;8.569478e-02;4.850287e-02;7.115677e-02;6.551909e-02;9.440541e-02;1.399950e-01;1.161308e-01;7.850496e-02;6.600259e-02;8.317880e-02
9.578775e-02;5.002590e-02;6.032586e-02;8.569878e-02;7.095930e-02;8.201116e-02;1.091769e-01;1.159210e-01;1.081131e-01;8.013618e-02;9.378967e-02;4.805446e-02
8.000476e-02;9.239339e-02;7.656259e-02;1.061707e-01;4.600412e-02;6.039861e-02;1.130013e-01;7.898736e-02;8.606257e-02;9.912352e-02;7.948554e-02;8.180557e-02
5.756717e-02;7.113246e-02;9.807387e-02;7.347129e-02;5.252382e-02;6.638961e-02;1.095426e-01;8.428161e-02;1.038461e-01;8.370586e-02;7.995434e-02;1.195113e-01
6.373606e-02;5.171643e-02;1.133759e-01;4.215807e-02;6.954847e-02;8.882657e-02;1.068620e-01;8.696491e-02;8.310477e-02;1.114509e-01;8.828467e-02;9.397128e-02
6.410541e-02;6.137381e-02;9.414708e-02;7.050233e-02;9.891429e-02;8.430921e-02;7.932654e-02;1.127503e-01;6.298846e-02;1.604816e-01;6.469827e-02;4.640276e-02
3.412820e-02;5.816133e-02;5.464756e-02;8.249759e-02;1.006438e-01;5.317515e-02;6.634630e-02;1.430873e-01;8.578969e-02;1.866243e-01;7.323006e-02;6.166862e-02
1.869902e-02;5.279079e-02;9.806021e-02;8.729965e-02;1.106710e-01;5.815972e-02;7.677158e-02;1.293156e-01;8.725020e-02;1.269865e-01;7.436383e-02;7.963189e-02
4.113696e-02;7.595183e-02;1.053869e-01;6.612487e-02;7.398642e-02;6.578355e-02;9.286007e-02;1.146983e-01;9.833356e-02;1.145271e-01;4.650142e-02;1.047090e-01
5.887074e-02;5.926364e-02;7.093146e-02;7.693809e-02;5.644193e-02;4.140650e-02;1.102531e-01;1.135993e-01;1.362936e-01;9.397618e-02;6.276304e-02;1.192625e-01
6.640119e-02;5.228127e-02;3.949927e-02;9.137522e-02;4.944148e-02;7.691827e-02;1.172408e-01;1.038829e-01;1.507749e-01;6.475171e-02;7.029032e-02;1.171426e-01
8.764677e-02;6.847914e-02;5.335446e-02;8.831529e-02;4.478208e-02;1.216526e-01;1.174745e-01;9.875181e-02;1.410028e-01;5.870868e-02;3.840545e-02;8.142643e-02
9.692121e-02;9.459320e-02;5.763968e-02;5.456415e-02;5.238232e-02;1.442218e-01;1.071471e-01;7.640383e-02;9.811991e-02;9.292414e-02;6.910615e-02;5.597657e-02
8.630251e-02;9.214502e-02;1.094547e-01;6.056041e-02;5.921642e-02;8.882459e-02;1.432315e-01;6.643996e-02;7.565752e-02;9.511291e-02;5.895695e-02;6.409755e-02
1.541036e-01;9.947004e-02;1.518776e-01;5.779923e-02;8.315390e-02;5.262175e-02;9.398187e-02;6.807262e-02;5.368222e-02;6.550901e-02;6.857695e-02;5.115119e-02
1.679661e-01;1.163151e-01;1.214068e-01;5.403698e-02;1.032555e-01;5.540100e-02;8.453171e-02;7.748773e-02;4.257875e-02;6.453303e-02;5.943442e-02;5.305280e-02
1.162944e-01;1.421848e-01;9.552920e-02;4.703964e-02;1.148392e-01;7.653152e-02;9.253243e-02;8.353357e-02;4.455755e-02;7.852349e-02;2.659082e-02;8.184335e-02
1.144551e-01;9.108714e-02;1.042019e-01;5.553668e-02;8.681332e-02;6.820950e-02;1.379694e-01;7.304988e-02;7.352462e-02;6.388111e-02;6.634912e-02;6.492226e-02
1.376980e-01;5.831686e-02;1.134668e-01;8.521134e-02;6.577557e-02;4.593804e-02;1.662858e-01;6.457979e-02;1.052227e-01;4.656520e-02;8.158134e-02;2.935854e-02
1.035707e-01;8.418161e-02;1.364830e-01;7.847887e-02;6.188235e-02;7.113232e-02;1.468980e-01;5.634823e-02;1.189353e-01;4.293153e-02;6.865279e-02;3.050529e-02
7.606395e-02;1.317768e-01;1.298468e-01;6.765721e-02;7.047630e-02;9.129450e-02;1.014344e-01;5.602906e-02;1.385273e-01;3.869320e-02;5.406518e-02;4.413541e-02
8.169408e-02;1.337192e-01;9.458061e-02;9.008638e-02;6.351093e-02;8.492731e-02;8.601824e-02;6.149868e-02;1.650171e-01;3.193758e-02;6.589428e-02;4.111570e-02
9.186000e-02;1.113288e-01;1.152670e-01;9.685067e-02;6.500018e-02;7.030950e-02;1.566733e-01;2.143244e-02;1.459015e-01;3.133698e-02;7.441727e-02;1.962225e-02
7.794897e-02;1.225817e-01;9.904626e-02;6.043533e-02;7.952155e-02;4.676638e-02;1.536036e-01;1.134895e-01;7.901701e-02;5.739912e-02;5.937690e-02;5.081375e-02
4.961954e-02;1.191663e-01;9.700245e-02;8.007392e-02;8.503565e-02;6.016658e-02;8.925851e-02;1.780338e-01;7.987554e-02;4.680647e-02;5.689316e-02;5.806808e-02
2.096914e-02;7.105445e-02;1.313450e-01;7.163667e-02;7.714018e-02;8.528522e-02;8.634540e-02;1.627288e-01;1.415555e-01;3.971361e-02;6.025391e-02;5.197219e-02
3.050778e-02;3.922086e-02;1.132828e-01;9.180759e-02;6.483823e-02;7.230404e-02;1.319188e-01;1.222596e-01;1.488756e-01;6.945952e-02;5.020267e-02;6.532262e-02
5.230965e-02;3.489530e-02;5.843399e-02;1.239165e-01;7.748509e-02;5.411014e-02;1.797181e-01;1.016823e-01;9.816121e-02;9.686963e-02;3.816146e-02;8.425666e-02
5.070418e-02;4.819439e-02;8.649196e-02;1.051656e-01;7.260811e-02;6.524821e-02;1.559941e-01;1.227871e-01;6.274202e-02;1.156673e-01;3.149744e-02;8.289946e-02
4.959928e-02;4.426822e-02;1.641147e-01;6.357650e-02;4.125137e-02;9.800415e-02;1.701069e-01;1.071031e-01;8.669449e-02;7.984980e-02;3.625918e-02;5.917234e-02
5.588359e-02;3.101189e-02;1.766498e-01;8.773712e-02;4.789136e-02;8.765523e-02;1.877732e-01;1.081992e-01;5.258757e-02;6.440603e-02;6.118378e-02;3.902126e-02
3.754836e-02;4.415092e-02;1.175143e-01;1.050141e-01;7.318291e-02;8.245490e-02;1.511455e-01;1.714160e-01;6.022139e-02;4.346598e-02;8.579293e-02;2.809272e-02
3.020030e-02;4.861739e-02;6.824534e-02;9.376348e-02;1.019359e-01;6.486241e-02;9.573132e-02;1.820665e-01;1.433360e-01;4.371087e-02;6.132726e-02;6.620331e-02
3.921484e-02;2.931797e-02;7.462201e-02;6.033204e-02;1.321192e-01;4.657549e-02;1.179216e-01;1.165990e-01;2.467258e-01;2.957211e-02;2.774043e-02;7.925952e-02
4.306360e-02;2.237803e-02;9.437717e-02;5.750820e-02;1.581351e-01;4.803528e-02;1.188364e-01;3.935722e-02;2.774622e-01;2.330755e-02;4.628791e-02;7.125124e-02
6.516805e-02;2.956170e-02;1.311978e-01;8.192246e-02;1.333072e-01;3.875543e-02;6.984007e-02;6.335470e-02;2.043732e-01;3.985147e-02;8.135965e-02;6.130819e-02
6.865323e-02;5.089907e-02;2.182564e-01;9.509436e-02;9.380045e-02;2.875272e-02;4.268314e-02;7.605601e-02;1.320481e-01;5.984051e-02;9.002499e-02;4.389096e-02
5.750069e-02;5.024041e-02;3.236419e-01;7.595018e-02;6.654261e-02;2.912425e-02;9.243000e-02;6.105872e-02;8.424399e-02;6.252822e-02;7.057675e-02;2.616226e-02
4.726281e-02;3.337449e-02;3.540835e-01;5.214396e-02;6.931152e-02;4.433604e-02;7.693970e-02;5.853466e-02;1.215989e-01;6.230632e-02;4.892753e-02;3.118053e-02
6.590740e-02;5.107882e-02;2.995819e-01;5.028769e-02;5.412934e-02;5.264656e-02;5.920998e-02;3.409932e-02;1.512863e-01;6.581068e-02;7.473704e-02;4.122504e-02
5.927797e-02;8.473721e-02;1.696427e-01;4.732218e-02;5.474404e-02;4.636895e-02;8.328328e-02;5.027134e-02;1.631511e-01;7.704155e-02;1.134575e-01;5.070208e-02
6.021019e-02;9.512889e-02;1.079245e-01;5.314610e-02;6.659190e-02;5.818857e-02;9.864654e-02;6.256781e-02;1.430618e-01;9.985765e-02;1.062223e-01;4.845382e-02
7.255622e-02;1.021493e-01;8.622381e-02;5.576113e-02;6.841390e-02;5.798061e-02;8.792888e-02;7.400919e-02;1.678818e-01;9.468649e-02;9.227779e-02;4.013082e-02
8.812281e-02;1.461453e-01;1.491349e-01;4.404665e-02;6.630182e-02;4.304716e-02;7.949054e-02;5.117143e-02;1.565406e-01;5.881664e-02;6.747795e-02;4.970427e-02
9.163579e-02;1.374330e-01;1.810973e-01;3.632759e-02;6.519037e-02;5.540602e-02;8.998934e-02;4.294850e-02;1.312662e-01;5.244913e-02;5.755821e-02;5.869852e-02
1.028314e-01;9.501336e-02;2.162767e-01;3.622485e-02;6.359790e-02;5.670279e-02;9.367529e-02;5.883243e-02;1.102556e-01;5.490226e-02;4.478968e-02;6.689778e-02
8.071265e-02;8.053153e-02;2.160005e-01;7.165606e-02;5.513227e-02;3.303356e-02;9.882612e-02;5.029472e-02;1.695859e-01;4.903200e-02;4.658203e-02;4.861269e-02
5.738647e-02;5.304575e-02;1.646786e-01;8.486807e-02;4.570942e-02;5.013929e-02;1.169690e-01;5.574603e-02;2.207082e-01;4.963645e-02;6.709941e-02;3.401332e-02
4.176769e-02;7.270245e-02;1.364382e-01;8.825091e-02;5.173730e-02;7.218366e-02;1.013063e-01;5.672880e-02;2.141400e-01;7.277052e-02;6.270076e-02;2.927338e-02
5.970928e-02;1.154234e-01;1.392614e-01;1.039805e-01;5.391705e-02;5.789311e-02;3.907463e-02;7.002911e-02;1.960650e-01;8.176416e-02;4.818722e-02;3.469514e-02
4.702954e-02;1.110255e-01;1.372883e-01;6.907056e-02;5.866998e-02;6.361416e-02;7.359495e-02;7.563902e-02;1.404968e-01;9.608007e-02;6.727602e-02;6.021508e-02
4.725726e-02;7.869426e-02;1.128825e-01;4.971769e-02;5.783602e-02;5.374105e-02;9.513412e-02;7.422915e-02;1.160737e-01;1.451849e-01;8.506917e-02;8.418025e-02
5.114046e-02;6.205441e-02;1.477192e-01;4.460348e-02;4.085160e-02;6.014449e-02;1.002326e-01;9.948183e-02;9.142452e-02;1.499282e-01;7.401969e-02;7.839947e-02
3.715032e-02;4.014280e-02;1.396883e-01;3.141126e-02;3.988171e-02;6.493115e-02;7.919242e-02;1.372106e-01;1.669623e-01;1.628195e-01;5.619024e-02;4.441936e-02
2.289443e-02;6.652920e-02;1.144817e-01;3.199233e-02;3.543860e-02;4.606920e-02;7.960405e-02;1.299035e-01;2.682471e-01;1.653539e-01;2.521854e-02;1.426751e-02
3.549142e-02;6.303505e-02;1.063693e-01;3.683136e-02;2.739874e-02;3.619058e-02;9.499577e-02;2.018725e-01;2.229408e-01;1.162629e-01;3.240900e-02;2.620265e-02
5.963435e-02;7.034414e-02;9.658814e-02;4.275692e-02;2.162434e-02;3.922317e-02;9.485708e-02;2.509381e-01;1.357316e-01;9.063697e-02;5.587513e-02;4.179004e-02
5.601816e-02;1.750532e-01;1.902194e-01;4.700347e-02;2.405701e-02;3.552026e-02;6.813625e-02;1.530459e-01;1.154337e-01;5.551900e-02;5.043273e-02;2.956094e-02
7.899448e-02;1.923945e-01;2.207520e-01;4.913601e-02;5.031645e-02;4.976717e-02;5.192922e-02;8.255395e-02;9.075986e-02;4.952190e-02;6.211836e-02;2.175610e-02
1.266425e-01;8.841959e-02;2.130890e-01;5.268373e-02;6.712600e-02;6.155638e-02;1.182548e-01;4.630237e-02;5.328175e-02;6.179398e-02;7.095857e-02;3.989131e-02
1.167511e-01;7.417903e-02;2.184004e-01;5.445969e-02;6.227299e-02;4.260401e-02;2.104311e-01;4.886770e-02;2.842822e-02;5.443328e-02;4.825578e-02;4.091671e-02
9.538322e-02;7.373694e-02;2.451771e-01;4.651690e-02;5.908773e-02;4.974690e-02;2.184672e-01;4.331745e-02;3.360560e-02;6.281061e-02;3.555077e-02;3.659958e-02
7.678409e-02;7.742631e-02;2.892508e-01;3.507063e-02;5.314047e-02;5.395140e-02;1.436338e-01;4.179488e-02;5.643681e-02;9.114248e-02;5.348174e-02;2.788665e-02
7.815403e-02;7.545801e-02;2.693181e-01;2.931677e-02;4.025211e-02;5.204597e-02;1.706305e-01;5.386754e-02;5.659121e-02;8.869367e-02;5.481169e-02;3.086034e-02
8.469590e-02;4.567201e-02;2.091468e-01;3.861557e-02;4.557939e-02;3.917570e-02;2.137978e-01;6.605053e-02;6.502821e-02;8.780518e-02;6.469668e-02;3.973631e-02
5.677066e-02;6.085245e-02;1.323574e-01;4.237625e-02;6.882203e-02;5.263742e-02;2.158183e-01;7.473944e-02;8.706515e-02;9.514816e-02;7.443411e-02;3.897860e-02
4.228055e-02;1.321528e-01;1.024175e-01;7.580169e-02;6.720489e-02;3.560175e-02;1.373318e-01;8.826116e-02;9.886186e-02;8.738642e-02;8.212771e-02;5.057190e-02
9.515256e-02;1.290536e-01;1.112251e-01;8.205773e-02;6.394050e-02;3.660213e-02;1.233099e-01;9.103480e-02;9.618299e-02;8.365177e-02;3.126584e-02;5.652298e-02
1.189518e-01;1.166775e-01;9.002135e-02;6.682494e-02;8.031858e-02;4.490964e-02;1.178399e-01;7.813617e-02;9.113224e-02;9.376168e-02;4.157342e-02;5.985286e-02
1.067733e-01;1.036670e-01;9.784126e-02;7.176273e-02;8.785300e-02;4.852560e-02;1.448123e-01;6.886917e-02;7.097715e-02;1.025492e-01;4.748696e-02;4.888231e-02
9.289654e-02;8.409825e-02;2.720432e-01;6.892879e-02;6.531423e-02;4.711350e-02;1.204650e-01;6.181286e-02;4.651650e-02;6.493749e-02;4.662196e-02;2.925163e-02
1.267476e-01;1.382397e-01;2.762615e-01;4.998691e-02;4.985984e-02;4.039068e-02;8.400038e-02;5.709320e-02;5.118482e-02;5.285235e-02;4.488361e-02;2.849952e-02
1.891597e-01;1.425907e-01;2.149007e-01;3.653793e-02;5.126923e-02;4.202802e-02;6.293447e-02;5.720260e-02;4.837620e-02;4.276435e-02;5.769362e-02;5.454250e-02
2.503118e-01;1.119309e-01;1.124344e-01;2.409145e-02;7.802231e-02;4.452275e-02;5.193942e-02;6.222456e-02;4.631117e-02;2.287872e-02;8.258370e-02;1.127488e-01
2.519109e-01;8.184239e-02;5.634752e-02;3.487534e-02;9.144360e-02;3.380721e-02;5.613277e-02;7.880794e-02;4.158822e-02;1.661179e-02;9.199859e-02;1.646337e-01
2.174916e-01;7.636470e-02;5.643327e-02;3.682248e-02;8.294731e-02;2.346922e-02;5.748904e-02;7.598037e-02;3.736024e-02;3.133833e-02;1.194727e-01;1.848307e-01
1.947962e-01;8.379639e-02;5.664668e-02;3.068261e-02;6.486611e-02;2.231293e-02;5.919134e-02;6.248682e-02;4.755461e-02;7.140661e-02;1.444019e-01;1.618578e-01
1.853886e-01;1.007845e-01;9.591649e-02;2.675873e-02;4.792869e-02;2.661629e-02;7.231988e-02;5.264421e-02;6.960569e-02;1.115560e-01;1.151473e-01;9.533372e-02
1.990896e-01;9.235566e-02;1.079983e-01;2.681361e-02;4.319266e-02;2.859352e-02;8.882181e-02;6.064168e-02;7.086436e-02;1.128429e-01;1.069883e-01;6.179757e-02
2.145317e-01;6.768531e-02;1.071998e-01;4.447144e-02;4.435533e-02;3.214992e-02;1.002284e-01;6.757755e-02;6.045562e-02;8.830201e-02;1.099425e-01;6.310035e-02
1.965836e-01;7.556204e-02;1.302643e-01;5.096558e-02;5.143976e-02;5.345455e-02;8.907863e-02;6.768993e-02;5.951267e-02;8.382988e-02;9.556431e-02;4.605471e-02
1.053300e-01;8.533862e-02;6.431120e-02;3.486666e-02;4.839578e-02;7.646515e-02;1.790406e-01;9.840367e-02;1.063667e-01;1.103563e-01;4.284164e-02;4.828362e-02
6.085264e-02;5.594658e-02;5.904736e-02;2.526417e-02;4.577772e-02;7.786921e-02;1.814479e-01;1.552050e-01;1.198287e-01;1.135992e-01;5.395741e-02;5.120409e-02
6.095389e-02;4.648286e-02;5.954748e-02;2.346725e-02;4.468298e-02;8.262253e-02;1.767499e-01;1.729966e-01;1.188743e-01;1.142777e-01;4.977865e-02;4.956588e-02
9.420781e-02;6.865016e-02;6.157143e-02;2.316390e-02;4.193594e-02;8.190883e-02;1.664219e-01;1.584344e-01;9.924699e-02;1.144808e-01;4.874424e-02;4.123361e-02
1.533915e-01;1.124838e-01;9.349721e-02;2.795436e-02;3.790033e-02;5.933002e-02;1.470132e-01;8.632728e-02;6.127091e-02;8.141622e-02;1.071547e-01;3.226037e-02
1.544759e-01;1.076303e-01;1.157020e-01;3.537000e-02;2.428915e-02;5.412893e-02;1.330187e-01;6.510521e-02;8.596881e-02;6.977725e-02;1.117684e-01;4.276529e-02
8.349097e-02;1.206968e-01;1.293319e-01;8.026280e-02;7.330039e-02;5.044737e-02;7.637960e-02;4.245414e-02;1.015365e-01;7.310236e-02;1.000569e-01;6.894030e-02
1.317419e-01;9.301568e-02;1.434496e-01;6.959601e-02;8.757774e-02;4.203093e-02;7.566279e-02;4.419643e-02;7.773427e-02;6.860059e-02;9.203880e-02;7.435524e-02
1.581310e-01;7.696685e-02;1.367567e-01;6.056814e-02;1.002062e-01;3.255569e-02;8.598457e-02;6.047000e-02;7.421857e-02;5.554022e-02;8.823783e-02;7.036418e-02
1.568883e-01;9.753775e-02;1.717114e-01;6.884514e-02;8.792985e-02;4.053127e-02;1.087518e-01;5.293555e-02;5.695564e-02;4.187308e-02;7.243802e-02;4.360221e-02
1.343912e-01;1.358966e-01;1.391278e-01;2.398089e-02;5.255792e-02;3.478795e-02;2.553526e-01;2.799851e-02;3.588846e-02;6.020221e-02;7.236616e-02;2.744961e-02
1.226519e-01;1.583590e-01;1.189950e-01;1.261617e-02;4.585072e-02;4.171622e-02;3.120165e-01;1.832376e-02;3.315552e-02;6.058539e-02;6.253438e-02;1.319546e-02
1.055764e-01;1.730427e-01;9.256700e-02;9.156006e-03;3.796305e-02;4.370251e-02;3.475249e-01;2.002714e-02;2.836522e-02;5.559108e-02;7.917054e-02;7.313475e-03
7.147843e-02;1.820944e-01;1.166829e-01;1.024495e-02;3.249424e-02;3.653035e-02;3.716889e-01;2.777902e-02;1.980966e-02;4.069204e-02;8.270625e-02;7.798898e-03
6.969841e-02;1.861808e-01;1.432219e-01;1.084589e-02;3.749516e-02;3.268153e-02;3.667368e-01;3.337410e-02;1.696931e-02;2.625502e-02;6.467355e-02;1.186755e-02
9.825077e-02;1.848141e-01;1.120884e-01;6.852216e-03;4.584824e-02;4.075752e-02;3.781545e-01;2.817796e-02;1.849674e-02;2.421577e-02;4.846081e-02;1.388299e-02
1.181946e-01;1.662263e-01;6.697426e-02;9.447695e-03;4.895299e-02;5.209036e-02;4.232597e-01;2.664779e-02;1.681377e-02;2.520387e-02;3.183871e-02;1.434995e-02
1.071261e-01;1.454559e-01;4.438069e-02;1.299008e-02;4.815719e-02;5.965887e-02;4.638365e-01;2.959835e-02;1.915338e-02;2.630523e-02;3.292373e-02;1.041392e-02
1.208585e-01;1.370100e-01;4.037407e-02;1.291660e-02;6.436156e-02;6.811096e-02;4.538229e-01;1.438992e-02;1.976771e-02;2.187576e-02;3.300118e-02;1.351093e-02
9.500340e-02;1.219994e-01;5.473180e-02;1.462961e-02;6.291077e-02;6.735378e-02;4.791644e-01;2.160118e-02;1.967823e-02;2.328755e-02;3.265188e-02;6.988000e-03
7.381549e-02;8.918761e-02;6.405788e-02;1.237997e-02;4.924997e-02;5.253708e-02;5.057214e-01;2.912806e-02;2.758802e-02;3.481657e-02;4.511487e-02;1.640312e-02
4.854212e-02;6.750140e-02;6.950609e-02;1.143142e-02;4.719693e-02;3.610056e-02;5.206954e-01;3.983974e-02;3.057030e-02;4.011961e-02;6.354713e-02;2.494928e-02
4.491973e-02;5.897167e-02;6.613716e-02;1.682786e-02;5.738238e-02;4.363094e-02;4.893731e-01;5.291213e-02;3.192254e-02;3.435846e-02;7.799038e-02;2.557359e-02
4.592552e-02;7.172985e-02;1.141496e-01;2.132184e-02;7.233558e-02;6.044760e-02;4.007918e-01;3.944818e-02;4.265661e-02;2.879388e-02;8.445757e-02;1.794201e-02
7.617981e-02;9.428269e-02;1.246284e-01;4.699746e-02;7.173429e-02;6.971459e-02;2.481635e-01;4.051280e-02;4.893277e-02;4.765416e-02;9.722125e-02;3.397831e-02
1.248180e-01;9.932032e-02;1.326945e-01;4.558577e-02;7.501951e-02;8.019498e-02;9.134752e-02;5.652207e-02;6.308496e-02;7.832230e-02;9.013343e-02;6.295666e-02
1.493925e-01;9.311481e-02;1.563677e-01;6.038092e-02;7.895384e-02;6.417991e-02;9.643234e-02;5.085760e-02;6.025019e-02;7.486138e-02;6.612346e-02;4.908534e-02
2.022027e-01;1.031346e-01;1.225738e-01;9.096730e-02;8.112328e-02;4.910797e-02;8.109376e-02;5.207479e-02;6.972335e-02;6.920040e-02;4.459035e-02;3.420767e-02
2.404329e-01;8.814043e-02;1.273657e-01;1.150630e-01;7.244121e-02;2.938719e-02;6.947127e-02;6.752369e-02;7.302099e-02;5.497006e-02;3.757720e-02;2.460644e-02
2.362605e-01;6.517607e-02;1.414295e-01;1.128686e-01;6.964985e-02;2.992958e-02;8.817945e-02;7.567962e-02;5.744356e-02;5.493106e-02;3.772134e-02;3.073080e-02
2.043716e-01;9.892014e-02;1.050564e-01;9.164610e-02;1.126078e-01;6.302699e-02;8.129605e-02;6.467376e-02;3.763881e-02;7.103547e-02;2.754470e-02;4.218229e-02
1.240371e-01;1.217084e-01;1.163769e-01;6.766552e-02;1.720712e-01;7.908516e-02;4.463856e-02;4.953687e-02;3.459337e-02;1.007204e-01;4.004646e-02;4.952018e-02
5.679656e-02;1.277400e-01;1.356570e-01;3.508841e-02;1.854934e-01;7.696182e-02;5.742802e-02;6.326260e-02;3.309909e-02;1.153400e-01;5.044579e-02;6.268734e-02
3.410043e-02;1.080491e-01;1.364585e-01;4.718723e-02;1.392189e-01;9.637106e-02;1.113874e-01;5.368205e-02;3.747799e-02;9.791322e-02;8.158093e-02;5.657319e-02
4.964583e-02;8.581209e-02;1.779684e-01;3.104569e-02;9.064364e-02;1.031281e-01;1.670620e-01;3.847094e-02;6.253608e-02;7.219614e-02;8.140450e-02;4.008658e-02
4.458526e-02;6.816906e-02;1.812248e-01;3.457818e-02;7.320257e-02;8.763568e-02;2.565380e-01;3.954600e-02;7.537192e-02;4.085242e-02;5.815236e-02;4.014372e-02
6.737730e-02;4.668721e-02;1.671641e-01;6.596909e-02;6.862332e-02;6.613030e-02;3.071845e-01;2.566129e-02;4.994173e-02;4.070042e-02;4.696148e-02;4.759925e-02
4.397940e-02;4.944230e-02;1.317290e-01;8.391793e-02;6.127001e-02;6.110173e-02;3.269514e-01;5.071944e-02;2.669414e-02;6.432042e-02;5.151220e-02;4.836202e-02
6.443311e-02;5.327917e-02;1.484428e-01;7.014444e-02;7.353669e-02;6.630786e-02;2.646980e-01;6.432348e-02;4.214999e-02;6.081543e-02;5.307690e-02;3.879203e-02
8.167262e-02;6.627707e-02;2.572145e-01;5.328735e-02;8.787244e-02;7.148024e-02;1.267242e-01;6.786337e-02;5.286702e-02;4.056361e-02;5.722189e-02;3.695567e-02
5.099917e-02;8.170365e-02;3.373826e-01;3.835311e-02;6.906335e-02;7.457368e-02;1.286288e-01;5.316024e-02;5.157673e-02;4.933400e-02;3.138082e-02;3.384377e-02
