6.729783e-02;5.771641e-02;6.672505e-02;7.185170e-02;6.790651e-02;6.944364e-02;1.248804e-01;6.535803e-02;1.313091e-01;1.086699e-01;9.289930e-02;7.594215e-02
6.802630e-02;5.909724e-02;1.080458e-01;6.317871e-02;6.559636e-02;5.593928e-02;1.335520e-01;8.150797e-02;1.126095e-01;1.131147e-01;6.861748e-02;7.071462e-02
5.141621e-02;7.000608e-02;1.281135e-01;7.644281e-02;9.316790e-02;6.163155e-02;1.519280e-01;6.882517e-02;9.232827e-02;1.016630e-01;5.604078e-02;4.843677e-02
9.036501e-02;6.086066e-02;1.270970e-01;8.378986e-02;8.859888e-02;7.351433e-02;1.322418e-01;7.282506e-02;9.440223e-02;9.110976e-02;4.426275e-02;4.093264e-02
1.030130e-01;4.028969e-02;1.290310e-01;7.532214e-02;7.910396e-02;9.021958e-02;1.147335e-01;9.095635e-02;1.124113e-01;7.372662e-02;4.762467e-02;4.356818e-02
6.450265e-02;2.498045e-02;1.248056e-01;3.235104e-02;9.247030e-02;1.025232e-01;2.298062e-01;7.048984e-02;1.103303e-01;8.199643e-02;4.400738e-02;2.173651e-02
7.376922e-02;5.236335e-02;9.412933e-02;5.288507e-02;7.318367e-02;8.384658e-02;1.542522e-01;7.888864e-02;9.567842e-02;8.010534e-02;8.585713e-02;7.504109e-02
7.645507e-02;4.267170e-02;7.521048e-02;6.370252e-02;8.213156e-02;8.783174e-02;1.262986e-01;8.717664e-02;8.301714e-02;1.061691e-01;8.223209e-02;8.710337e-02
8.131959e-02;2.620412e-02;3.203194e-02;9.207482e-02;6.461459e-02;1.025980e-01;1.063688e-01;8.894088e-02;6.739981e-02;1.509892e-01;8.140228e-02;1.060561e-01
6.527963e-02;4.771763e-02;7.175611e-02;9.110727e-02;2.628875e-02;9.288999e-02;1.261484e-01;7.048512e-02;8.697339e-02;1.450737e-01;8.739699e-02;8.888306e-02
4.387326e-02;6.658564e-02;9.958898e-02;6.518018e-02;3.765419e-02;7.237276e-02;1.315706e-01;6.338394e-02;1.352289e-01;1.144633e-01;1.046912e-01;6.540702e-02
7.090403e-02;7.169276e-02;9.049357e-02;5.902221e-02;3.960937e-02;3.899806e-02;1.167286e-01;4.943632e-02;1.810903e-01;1.038509e-01;9.744439e-02;8.072954e-02
7.326136e-02;7.125565e-02;9.010466e-02;4.574014e-02;4.528147e-02;3.341420e-02;9.395033e-02;4.908147e-02;2.057350e-01;8.996639e-02;1.164806e-01;8.572876e-02
7.451703e-02;6.724854e-02;9.267481e-02;3.667764e-02;3.991736e-02;5.129053e-02;1.084416e-01;4.595736e-02;2.301793e-01;5.471738e-02;1.193373e-01;7.904117e-02
5.399645e-02;6.652776e-02;9.937946e-02;5.729139e-02;2.334513e-02;5.561104e-02;1.477726e-01;4.022126e-02;1.842399e-01;1.077618e-01;7.555385e-02;8.829939e-02
3.697198e-02;5.561573e-02;1.233092e-01;5.953784e-02;2.525167e-02;6.352727e-02;1.823944e-01;6.220192e-02;1.297814e-01;1.109041e-01;6.574293e-02;8.476160e-02
7.969870e-02;7.322568e-02;1.251975e-01;4.826530e-02;3.501726e-02;7.392605e-02;1.726381e-01;6.648651e-02;6.652346e-02;9.414466e-02;8.946815e-02;7.540860e-02
6.711262e-02;8.062450e-02;1.443062e-01;3.199240e-02;1.847263e-02;4.592691e-02;1.301912e-01;5.826201e-02;1.782054e-01;7.210701e-02;9.438930e-02;7.840966e-02
7.032330e-02;3.208701e-02;1.643036e-01;3.349887e-02;3.384522e-02;4.797307e-02;1.471747e-01;5.476623e-02;1.744124e-01;7.691055e-02;8.959075e-02;7.511438e-02
1.069664e-01;4.378092e-02;1.410788e-01;3.275227e-02;3.830497e-02;6.543799e-02;1.572223e-01;4.451645e-02;1.388797e-01;6.744652e-02;9.898689e-02;6.462678e-02
7.490441e-02;5.029570e-02;5.563626e-02;4.259857e-02;4.296491e-02;9.218951e-02;1.575288e-01;5.233330e-02;1.413276e-01;1.019476e-01;1.297225e-01;5.855078e-02
5.156843e-02;4.170659e-02;7.511380e-02;4.060425e-02;5.364834e-02;9.342542e-02;1.436630e-01;3.831400e-02;1.417666e-01;1.236180e-01;1.351774e-01;6.139411e-02
4.293493e-02;4.815987e-02;9.038597e-02;3.695021e-02;7.781604e-02;8.441194e-02;1.478911e-01;4.784364e-02;1.207560e-01;1.309723e-01;1.270582e-01;4.481984e-02
3.672920e-02;4.467675e-02;1.405127e-01;1.051292e-01;1.307179e-01;9.022044e-02;1.181301e-01;5.982405e-02;6.520941e-02;1.071210e-01;8.368342e-02;1.804584e-02
2.515599e-02;6.129725e-02;1.388365e-01;1.540162e-01;1.662397e-01;9.936932e-02;8.413791e-02;6.500532e-02;4.297525e-02;6.651844e-02;6.255186e-02;3.389630e-02
7.454245e-02;6.924106e-02;1.697774e-01;1.206484e-01;1.145790e-01;6.272848e-02;8.765031e-02;3.746412e-02;7.568026e-02;6.211754e-02;5.504426e-02;7.052675e-02
8.609685e-02;6.428312e-02;1.808317e-01;8.030462e-02;7.130268e-02;1.131220e-01;7.318637e-02;2.325306e-02;7.410260e-02;5.642654e-02;1.172750e-01;5.981553e-02
3.512665e-02;4.742908e-02;1.765117e-01;4.001833e-02;5.678185e-02;1.873322e-01;6.576948e-02;1.380173e-02;4.825858e-02;7.129155e-02;2.115056e-01;4.617323e-02
2.824377e-02;1.836593e-02;1.984809e-01;1.893555e-02;2.808692e-02;2.037781e-01;1.029351e-01;1.026429e-02;2.709770e-02;4.636392e-02;2.437094e-01;7.373846e-02
2.926558e-02;1.560650e-02;2.040838e-01;2.191156e-02;2.767861e-02;1.975020e-01;1.210356e-01;1.454730e-02;3.369151e-02;3.289551e-02;2.340518e-01;6.773029e-02
3.214772e-02;1.767519e-02;1.845016e-01;2.583223e-02;6.628092e-02;1.941998e-01;1.319195e-01;1.660565e-02;6.445869e-02;2.450488e-02;1.937329e-01;4.814093e-02
5.783938e-02;3.760918e-02;1.227177e-01;5.550841e-02;8.242763e-02;1.077175e-01;1.822241e-01;4.175748e-02;7.480991e-02;4.092984e-02;1.150454e-01;8.141352e-02
5.739403e-02;5.184936e-02;7.307016e-02;1.120805e-01;6.905619e-02;7.424653e-02;2.080303e-01;6.080558e-02;5.361243e-02;8.239105e-02;6.184853e-02;9.561528e-02
4.318908e-02;5.448675e-02;4.273133e-02;1.457327e-01;4.058246e-02;9.331927e-02;2.296866e-01;7.106087e-02;3.136388e-02;1.211127e-01;3.583882e-02;9.089553e-02
7.161206e-02;4.707378e-02;6.249958e-02;1.120845e-01;5.838272e-02;8.697166e-02;1.901811e-01;1.224528e-01;2.749605e-02;1.087460e-01;4.675432e-02;6.574550e-02
1.161973e-01;3.873723e-02;9.232120e-02;5.230589e-02;1.153559e-01;6.667107e-02;1.084428e-01;1.641706e-01;6.057203e-02;5.884251e-02;9.752521e-02;2.885826e-02
1.060132e-01;5.759285e-02;1.064156e-01;4.034169e-02;1.202872e-01;5.704536e-02;6.131931e-02;1.323052e-01;1.080989e-01;4.895401e-02;1.125217e-01;4.910507e-02
5.272929e-02;8.451604e-02;1.064237e-01;5.608335e-02;3.726298e-02;1.036663e-01;1.020142e-01;6.879085e-02;1.507498e-01;8.264554e-02;5.816313e-02;9.695491e-02
7.641648e-02;6.173825e-02;1.468967e-01;6.585855e-02;5.844767e-02;9.830945e-02;1.312712e-01;6.111019e-02;8.845289e-02;9.904646e-02;4.190069e-02;7.055152e-02
7.952045e-02;6.535007e-02;1.016376e-01;7.861020e-02;7.239355e-02;6.807936e-02;1.266577e-01;1.091396e-01;5.276707e-02;8.156426e-02;1.050589e-01;5.922117e-02
7.512166e-02;7.026800e-02;8.522903e-02;6.648443e-02;9.606433e-02;4.403314e-02;9.836890e-02;1.054958e-01;1.087004e-01;6.546860e-02;8.735450e-02;9.741120e-02
1.237230e-01;5.151651e-02;6.062672e-02;8.363853e-02;1.096555e-01;8.283439e-02;1.588196e-01;4.797031e-02;6.992883e-02;9.787005e-02;3.508426e-02;7.833235e-02
1.179670e-01;8.045940e-02;3.079768e-02;6.514557e-02;8.827491e-02;7.582988e-02;1.828929e-01;4.460220e-02;7.522662e-02;8.838988e-02;9.594401e-02;5.447002e-02
8.819191e-02;6.334905e-02;6.279503e-02;6.064480e-02;7.404917e-02;5.202759e-02;1.370608e-01;9.104448e-02;1.414839e-01;4.796369e-02;1.115771e-01;6.981250e-02
8.731837e-02;4.759101e-02;7.924565e-02;7.368583e-02;6.588165e-02;7.834223e-02;9.770967e-02;1.185750e-01;1.333310e-01;5.027768e-02;8.759015e-02;8.045173e-02
7.455914e-02;4.579764e-02;7.202891e-02;6.390062e-02;6.777234e-02;9.787767e-02;1.158198e-01;1.219394e-01;1.368365e-01;6.468919e-02;6.122019e-02;7.755853e-02
4.447119e-02;4.188848e-02;6.481994e-02;3.077278e-02;7.073684e-02;1.010045e-01;1.368898e-01;1.342952e-01;1.700823e-01;8.933431e-02;4.558689e-02;7.011771e-02
2.913159e-02;4.535507e-02;1.150976e-01;3.621737e-02;6.777740e-02;5.570270e-02;1.532766e-01;1.202821e-01;1.595875e-01;8.142240e-02;6.435451e-02;7.179518e-02
4.812107e-02;2.947406e-02;1.048779e-01;3.340339e-02;6.924741e-02;1.057690e-01;1.302315e-01;9.621491e-02;1.842120e-01;9.038889e-02;3.976131e-02;6.829865e-02
6.353841e-02;4.698784e-02;8.742455e-02;5.262048e-02;5.586743e-02;9.358142e-02;9.520528e-02;1.310877e-01;1.897945e-01;8.296229e-02;2.784807e-02;7.308210e-02
5.995541e-02;6.835046e-02;9.857775e-02;6.093072e-02;6.299756e-02;5.172554e-02;1.070663e-01;1.497358e-01;1.490525e-01;7.594839e-02;3.437961e-02;8.127992e-02
8.837663e-02;7.838991e-02;8.567815e-02;5.853566e-02;5.455966e-02;6.670980e-02;1.309053e-01;1.357677e-01;7.656812e-02;1.001719e-01;5.582698e-02;6.851019e-02
6.248966e-02;5.931689e-02;5.769644e-02;6.743164e-02;4.905033e-02;1.179398e-01;1.253230e-01;8.624692e-02;1.221657e-01;1.023656e-01;8.119998e-02;6.877407e-02
5.455491e-02;4.838460e-02;6.883463e-02;8.292589e-02;6.441050e-02;1.153703e-01;1.541303e-01;5.405202e-02;1.434274e-01;7.046641e-02;6.800295e-02;7.544013e-02
5.490924e-02;4.264515e-02;1.023270e-01;8.222644e-02;6.273530e-02;8.870059e-02;1.655074e-01;9.239286e-02;1.397436e-01;4.400719e-02;4.344245e-02;8.136280e-02
9.152153e-02;6.386133e-02;1.142913e-01;5.577596e-02;3.677737e-02;5.130563e-02;1.687618e-01;1.352983e-01;1.233577e-01;4.019882e-02;3.378465e-02;8.506562e-02
1.836455e-01;9.734350e-02;8.512752e-02;2.694833e-02;1.598398e-02;4.362695e-02;1.683653e-01;1.232221e-01;9.161495e-02;4.117042e-02;3.965738e-02;8.329405e-02
3.066989e-01;7.470804e-02;5.992209e-02;2.518838e-02;1.117689e-02;3.705004e-02;1.902217e-01;7.370936e-02;4.266357e-02;2.994965e-02;4.251481e-02;1.061966e-01
1.710408e-01;6.790451e-02;4.938158e-02;2.804988e-02;2.556977e-02;6.405478e-02;2.124207e-01;9.527978e-02;3.741139e-02;4.132907e-02;1.034485e-01;1.041091e-01
9.083933e-02;6.590585e-02;5.560360e-02;2.946163e-02;4.057369e-02;9.242314e-02;1.975628e-01;9.122671e-02;5.624725e-02;7.121876e-02;1.363260e-01;7.261127e-02
8.911628e-02;6.327376e-02;7.408911e-02;2.364454e-02;4.551403e-02;1.070756e-01;1.596971e-01;4.120522e-02;6.753045e-02;1.305933e-01;1.490873e-01;4.917322e-02
9.465916e-02;4.989773e-02;8.138822e-02;3.060951e-02;3.737557e-02;8.270561e-02;1.487955e-01;6.839795e-02;5.819123e-02;2.157815e-01;8.943378e-02;4.276427e-02
6.132332e-02;3.153395e-02;6.828303e-02;3.500262e-02;3.063853e-02;4.572957e-02;1.284775e-01;1.429450e-01;1.428810e-01;1.797242e-01;5.039640e-02;8.306488e-02
4.653359e-02;4.018425e-02;8.074138e-02;2.700405e-02;2.078316e-02;3.975622e-02;1.297167e-01;1.850411e-01;1.674670e-01;9.636664e-02;5.595671e-02;1.104492e-01
4.627584e-02;6.276564e-02;7.034046e-02;1.609277e-02;4.544196e-02;6.136576e-02;2.423198e-01;1.512905e-01;1.002394e-01;5.876929e-02;6.382290e-02;8.127568e-02
8.079827e-02;6.184940e-02;7.564905e-02;3.899712e-02;8.011972e-02;8.383483e-02;2.231446e-01;1.122002e-01;4.932349e-02;5.915922e-02;6.879538e-02;6.612874e-02
7.560327e-02;3.039070e-02;2.430288e-01;8.158760e-02;1.177594e-01;6.997567e-02;8.359560e-02;8.718496e-02;6.394157e-02;4.308211e-02;4.369483e-02;6.015557e-02
3.437110e-02;2.979016e-02;4.242527e-01;9.375406e-02;7.977530e-02;4.992197e-02;8.086608e-02;6.531169e-02;5.316743e-02;2.858016e-02;2.151084e-02;3.869852e-02
3.978432e-02;7.168883e-02;5.048716e-01;5.148263e-02;3.233594e-02;3.535916e-02;7.307510e-02;6.527699e-02;4.190513e-02;3.164352e-02;1.600695e-02;3.656983e-02
5.425596e-02;1.349926e-01;4.587556e-01;2.257846e-02;2.241324e-02;4.847180e-02;5.671189e-02;7.038902e-02;3.552062e-02;3.759231e-02;9.558826e-03;4.875979e-02
4.003956e-02;1.667577e-01;4.529707e-01;2.207978e-02;2.305023e-02;4.981584e-02;7.530084e-02;4.688283e-02;3.063194e-02;4.823313e-02;1.212854e-02;3.210894e-02
4.415473e-02;1.922244e-01;4.472919e-01;2.299414e-02;2.203863e-02;4.826197e-02;7.543519e-02;1.512591e-02;5.910768e-02;4.572293e-02;1.408129e-02;1.356125e-02
3.114251e-02;1.771674e-01;4.909042e-01;2.622285e-02;2.233960e-02;5.397520e-02;4.453979e-02;7.543292e-03;7.174683e-02;5.652113e-02;1.031373e-02;7.583421e-03
1.285253e-02;1.156960e-01;5.719582e-01;3.532495e-02;1.472115e-02;3.387090e-02;2.612812e-02;1.243002e-02;6.241252e-02;9.982692e-02;8.782008e-03;5.996725e-03
1.018704e-02;5.188870e-02;5.947628e-01;5.455257e-02;1.859855e-02;1.491622e-02;1.774543e-02;1.475409e-02;3.663260e-02;1.513906e-01;2.946054e-02;5.110857e-03
1.304227e-02;1.554325e-02;5.617132e-01;7.623603e-02;2.323777e-02;8.694062e-03;1.803877e-02;1.158025e-02;1.400449e-02;1.828664e-01;6.918465e-02;5.858853e-03
1.100073e-02;1.820419e-02;5.345883e-01;8.215775e-02;2.345941e-02;7.139083e-03;2.449837e-02;8.726075e-03;1.111521e-02;1.966071e-01;7.769654e-02;4.807210e-03
7.646469e-03;4.129549e-02;5.509287e-01;6.217898e-02;1.634396e-02;4.750308e-03;1.960788e-02;3.273952e-03;2.177692e-02;2.231225e-01;4.299933e-02;6.075507e-03
2.180044e-02;8.825259e-02;5.078415e-01;3.721359e-02;7.740504e-03;5.522459e-03;1.708324e-02;2.842383e-03;7.677484e-02;2.123829e-01;1.468948e-02;7.856087e-03
5.389355e-02;1.613512e-01;3.891437e-01;1.610332e-02;6.760579e-03;6.201175e-03;1.119446e-02;9.048827e-03;1.801495e-01;1.467233e-01;1.399110e-02;5.439216e-03
8.418402e-02;2.154540e-01;3.038962e-01;1.123573e-02;4.792345e-03;8.419933e-03;1.363142e-02;1.938806e-02;2.545874e-01;6.470941e-02;1.540662e-02;4.294813e-03
1.278910e-01;2.177724e-01;2.783313e-01;1.501253e-02;6.960664e-03;9.632913e-03;1.643760e-02;3.747267e-02;2.336790e-01;2.725330e-02;1.632967e-02;1.322699e-02
1.670612e-01;2.007447e-01;2.544850e-01;1.783312e-02;1.609444e-02;1.589473e-02;3.630182e-02;3.576956e-02;1.823599e-01;2.567551e-02;2.558642e-02;2.219359e-02
1.707792e-01;1.271359e-01;2.504333e-01;1.779633e-02;2.386125e-02;2.149131e-02;6.884398e-02;4.333093e-02;1.631290e-01;3.894396e-02;3.256245e-02;4.169241e-02
1.227146e-01;1.329742e-01;3.625342e-01;2.130840e-02;1.446323e-02;1.004706e-02;7.955702e-02;3.314493e-02;1.200292e-01;4.363339e-02;2.922468e-02;3.036914e-02
9.483285e-02;1.150580e-01;4.385878e-01;2.494776e-02;1.748821e-02;1.110676e-02;8.024005e-02;2.150886e-02;1.022973e-01;4.462366e-02;3.046211e-02;1.884656e-02
1.003014e-01;6.458332e-02;4.713218e-01;3.021107e-02;2.668471e-02;1.760779e-02;6.192292e-02;9.129703e-03;1.074085e-01;6.240569e-02;2.947485e-02;1.894823e-02
1.561605e-01;1.341779e-01;3.332951e-01;3.558999e-02;2.867239e-02;2.227217e-02;1.468075e-02;2.878921e-02;1.224801e-01;7.951642e-02;1.973044e-02;2.463487e-02
1.798842e-01;1.665456e-01;2.110558e-01;4.152821e-02;2.968609e-02;2.954006e-02;4.823226e-02;3.816873e-02;1.411474e-01;5.956999e-02;2.825046e-02;2.639122e-02
1.495890e-01;1.216393e-01;2.808391e-01;3.762586e-02;2.249600e-02;3.037371e-02;5.377925e-02;4.181237e-02;1.476244e-01;4.753601e-02;4.002185e-02;2.666301e-02
1.018708e-01;7.314420e-02;3.990571e-01;2.592975e-02;2.922866e-02;2.827858e-02;3.653270e-02;3.834176e-02;1.113197e-01;9.447131e-02;3.100753e-02;3.081781e-02
1.147918e-01;9.150872e-02;2.283859e-01;4.289545e-02;4.583389e-02;4.310352e-02;7.650388e-02;5.070055e-02;7.525005e-02;1.314458e-01;5.265109e-02;4.692933e-02
1.048254e-01;8.229479e-02;1.445855e-01;6.114009e-02;4.344002e-02;4.777692e-02;9.485669e-02;5.968443e-02;9.015034e-02;1.428304e-01;6.209479e-02;6.632054e-02
1.145524e-01;8.605979e-02;1.330491e-01;6.144452e-02;4.588744e-02;5.171009e-02;9.242421e-02;6.480110e-02;7.650910e-02;1.331315e-01;6.698661e-02;7.344414e-02
1.018196e-01;4.475211e-02;1.507576e-01;5.987087e-02;6.943920e-02;5.330336e-02;1.269799e-01;5.502813e-02;7.593216e-02;1.170161e-01;8.909190e-02;5.600898e-02
8.219243e-02;3.762721e-02;2.922132e-01;5.711882e-02;5.492787e-02;3.326790e-02;1.251672e-01;3.018643e-02;5.710982e-02;1.029177e-01;9.134504e-02;3.592632e-02
1.201794e-01;4.292598e-02;3.442803e-01;5.888070e-02;3.167086e-02;2.778978e-02;9.979337e-02;2.535172e-02;3.993945e-02;9.521589e-02;8.835420e-02;2.561836e-02
1.703915e-01;5.185982e-02;3.540190e-01;6.208600e-02;2.418651e-02;2.480994e-02;1.061651e-01;3.303901e-02;1.339871e-02;7.115605e-02;6.234829e-02;2.654013e-02
1.463124e-01;5.483182e-02;3.887219e-01;6.716020e-02;3.111976e-02;3.979089e-02;1.037973e-01;4.018490e-02;1.171817e-02;7.313444e-02;3.116314e-02;1.206500e-02
8.647729e-02;2.827302e-02;3.809052e-01;1.171818e-01;4.097801e-02;5.088006e-02;8.172051e-02;5.848084e-02;1.823992e-02;8.147692e-02;4.584171e-02;9.544809e-03
4.185624e-02;1.052110e-02;3.898690e-01;1.440929e-01;4.463831e-02;4.243597e-02;5.691508e-02;8.717380e-02;2.504697e-02;9.144176e-02;6.397115e-02;2.037724e-03
1.967819e-02;9.070678e-03;4.402708e-01;1.226507e-01;3.328681e-02;1.763877e-02;4.660512e-02;7.900973e-02;3.762089e-02;1.250626e-01;6.561545e-02;3.490321e-03
1.893915e-02;1.287629e-02;4.820893e-01;7.973358e-02;2.090972e-02;7.299974e-03;5.700678e-02;3.355167e-02;3.995263e-02;1.645449e-01;7.492843e-02;8.167571e-03
3.134649e-02;1.122347e-02;4.789314e-01;6.703598e-02;1.766274e-02;7.378609e-03;6.235340e-02;1.292775e-02;3.449852e-02;1.799571e-01;8.647813e-02;1.020650e-02
5.984177e-02;5.199610e-02;4.318943e-01;6.538764e-02;1.943388e-02;9.849962e-03;7.382660e-02;9.521991e-03;4.197764e-02;1.564588e-01;6.995966e-02;9.851663e-03
9.807894e-02;8.957705e-02;3.369864e-01;7.806265e-02;2.920492e-02;2.295673e-02;7.976947e-02;2.758580e-02;4.691807e-02;1.269322e-01;4.787204e-02;1.605572e-02
7.046047e-02;7.143755e-02;3.807297e-01;1.110174e-01;4.581903e-02;3.535900e-02;5.278474e-02;3.850991e-02;4.327557e-02;9.309953e-02;4.135442e-02;1.615268e-02
4.538201e-02;2.314424e-02;3.622734e-01;1.187770e-01;5.526271e-02;3.101905e-02;5.633162e-02;2.119516e-02;4.671837e-02;1.317574e-01;9.576049e-02;1.237853e-02
5.209951e-02;1.976290e-02;3.649016e-01;1.054752e-01;4.225539e-02;2.182267e-02;5.131980e-02;1.121850e-02;4.239947e-02;1.646561e-01;1.143446e-01;9.744180e-03
5.205270e-02;1.231948e-02;4.147702e-01;8.772518e-02;2.683173e-02;1.142419e-02;4.699255e-02;1.029685e-02;3.611893e-02;1.754867e-01;1.198258e-01;6.155660e-03
5.068566e-02;1.319618e-02;4.549636e-01;9.085803e-02;1.983245e-02;1.016054e-02;4.005320e-02;9.397137e-03;2.838469e-02;1.563942e-01;1.199923e-01;6.081956e-03
6.157619e-02;2.263783e-02;4.814150e-01;8.848314e-02;2.333858e-02;1.354345e-02;3.974701e-02;9.145713e-03;2.478941e-02;1.333870e-01;9.559785e-02;6.338804e-03
8.282407e-02;6.212357e-02;4.189467e-01;8.382035e-02;3.548682e-02;2.023368e-02;5.359706e-02;1.217989e-02;3.311840e-02;1.029624e-01;7.964205e-02;1.506506e-02
1.230552e-01;1.050348e-01;2.815828e-01;7.770733e-02;5.441108e-02;2.733003e-02;7.038904e-02;2.310537e-02;5.568549e-02;7.830988e-02;7.606135e-02;2.732766e-02
1.565518e-01;1.155869e-01;2.292249e-01;8.328872e-02;5.967681e-02;3.058360e-02;6.370196e-02;3.634755e-02;7.889650e-02;5.148062e-02;5.975322e-02;3.490745e-02
1.403471e-01;7.680099e-02;4.359421e-01;8.216874e-02;3.623859e-02;1.717729e-02;4.458716e-02;2.646034e-02;3.702235e-02;3.642258e-02;4.832382e-02;1.850897e-02
1.537647e-01;1.070787e-01;3.208739e-01;9.747867e-02;3.520157e-02;3.043754e-02;4.413778e-02;2.557243e-02;4.431748e-02;4.113792e-02;7.891643e-02;2.108280e-02
8.815740e-02;5.986794e-02;1.737718e-01;5.022487e-02;1.931380e-02;5.552777e-02;8.057851e-02;6.704860e-02;8.649775e-02;7.549114e-02;1.634054e-01;8.011501e-02
5.990160e-02;3.815450e-02;1.241387e-01;4.183457e-02;3.730503e-02;5.502097e-02;9.578092e-02;8.701351e-02;9.400441e-02;9.024198e-02;1.586301e-01;1.179737e-01
5.242612e-02;3.636520e-02;1.089372e-01;4.899585e-02;6.362952e-02;5.772103e-02;9.951887e-02;1.055830e-01;9.025422e-02;8.176335e-02;1.112998e-01;1.435059e-01
5.521891e-02;5.003852e-02;1.196519e-01;5.745303e-02;7.599834e-02;7.106034e-02;9.405553e-02;1.114917e-01;8.180177e-02;8.336749e-02;4.704007e-02;1.528224e-01
6.778323e-02;5.402187e-02;1.714827e-01;6.870887e-02;8.903082e-02;7.197249e-02;1.234973e-01;6.274960e-02;5.507646e-02;7.466958e-02;2.748899e-02;1.335181e-01
6.637649e-02;5.204494e-02;1.486287e-01;5.582963e-02;1.214020e-01;7.537354e-02;1.282075e-01;3.560117e-02;4.654717e-02;4.422168e-02;7.966087e-02;1.461064e-01
4.491821e-02;4.776583e-02;1.297172e-01;6.766881e-02;1.422854e-01;6.542598e-02;9.840903e-02;2.871008e-02;3.680638e-02;3.561338e-02;1.179129e-01;1.847668e-01
1.753461e-02;4.078267e-02;1.169352e-01;1.155438e-01;1.555694e-01;3.994242e-02;4.927030e-02;2.753758e-02;1.700912e-02;3.827369e-02;1.897207e-01;1.918805e-01
7.965876e-03;3.547329e-02;1.515736e-01;1.531646e-01;1.147513e-01;2.989979e-02;2.677940e-02;3.877605e-02;1.062880e-02;3.350195e-02;2.713084e-01;1.261769e-01
1.734858e-02;4.359298e-02;2.417997e-01;1.586022e-01;7.220683e-02;2.853497e-02;2.085350e-02;4.842888e-02;7.600483e-03;4.334477e-02;2.663722e-01;5.131494e-02
3.657284e-02;6.350520e-02;3.104417e-01;1.271990e-01;5.965988e-02;3.423105e-02;3.793461e-02;4.256887e-02;1.395943e-02;6.118504e-02;1.917492e-01;2.099315e-02
6.056584e-02;9.895897e-02;3.329066e-01;7.691682e-02;6.320880e-02;4.023295e-02;4.867721e-02;3.893945e-02;3.297949e-02;7.914733e-02;9.818708e-02;2.927942e-02
3.090218e-02;5.996912e-02;5.617527e-01;4.077560e-02;5.359798e-02;2.279548e-02;6.365255e-02;2.799750e-02;2.304158e-02;6.996356e-02;2.767506e-02;1.787667e-02
1.780933e-02;2.819963e-02;6.119028e-01;6.916376e-02;4.855644e-02;1.515796e-02;7.091063e-02;1.261221e-02;2.246700e-02;6.721336e-02;2.855196e-02;7.454949e-03
1.940383e-02;2.084910e-02;6.355612e-01;7.114689e-02;4.185112e-02;9.989518e-03;6.268332e-02;1.044042e-02;2.579839e-02;6.936101e-02;2.967430e-02;3.240872e-03
2.044083e-02;1.788862e-02;6.819864e-01;5.170066e-02;3.124621e-02;5.971691e-03;6.004577e-02;9.027074e-03;2.317146e-02;7.355644e-02;1.763901e-02;7.325864e-03
1.949556e-02;1.513489e-02;6.978011e-01;5.636776e-02;3.044359e-02;7.429557e-03;5.605806e-02;6.846318e-03;1.320404e-02;7.450595e-02;1.609328e-02;6.619859e-03
1.549870e-02;1.658949e-02;7.039602e-01;5.470091e-02;3.339918e-02;8.059974e-03;5.930809e-02;8.377498e-03;8.493212e-03;8.019730e-02;6.307932e-03;5.107460e-03
1.225316e-02;1.335397e-02;6.884490e-01;4.257282e-02;3.194023e-02;9.035390e-03;6.757332e-02;1.204133e-02;1.589783e-02;8.784626e-02;1.404064e-02;4.996054e-03
1.546086e-02;1.059571e-02;6.317230e-01;4.856366e-02;3.259974e-02;1.397716e-02;6.966412e-02;2.448736e-02;3.043636e-02;9.833684e-02;1.508162e-02;9.073474e-03
2.216611e-02;1.729482e-02;5.904992e-01;5.527938e-02;3.828838e-02;1.612819e-02;5.680561e-02;3.631689e-02;4.128755e-02;1.028005e-01;1.373246e-02;9.400976e-03
3.130814e-02;1.706180e-02;5.923817e-01;5.491267e-02;3.646288e-02;8.585369e-03;4.969949e-02;3.638138e-02;3.070215e-02;1.043978e-01;3.066983e-02;7.436761e-03
4.976949e-02;1.313373e-02;5.536215e-01;6.054892e-02;4.154809e-02;1.217363e-02;5.173421e-02;3.468819e-02;3.632250e-02;1.036882e-01;3.206557e-02;1.070589e-02
6.965233e-02;1.664031e-02;5.314136e-01;5.954938e-02;4.210979e-02;1.656300e-02;5.666737e-02;2.878822e-02;3.257446e-02;9.016625e-02;4.379534e-02;1.207992e-02
7.225498e-02;2.134536e-02;5.209986e-01;4.796176e-02;3.476135e-02;2.152900e-02;7.264192e-02;3.118790e-02;2.680199e-02;9.822425e-02;4.327897e-02;9.013925e-03
5.430347e-02;3.191680e-02;5.481650e-01;3.664900e-02;2.524626e-02;2.191155e-02;6.855093e-02;2.111229e-02;2.064287e-02;1.329994e-01;2.513412e-02;1.336834e-02
3.125033e-02;5.045591e-02;5.689412e-01;2.685660e-02;1.573368e-02;1.824479e-02;4.205080e-02;1.389228e-02;3.933671e-02;1.534892e-01;2.030365e-02;1.944486e-02
2.381420e-02;7.617356e-02;5.801566e-01;2.163935e-02;1.150099e-02;2.539511e-02;2.809641e-02;2.112386e-02;6.030261e-02;1.159584e-01;1.504160e-02;2.079723e-02
2.511902e-02;8.790530e-02;6.037536e-01;2.561670e-02;1.274437e-02;1.802725e-02;2.523960e-02;3.044521e-02;6.707352e-02;8.417504e-02;9.522694e-03;1.037763e-02
1.922756e-02;7.534345e-02;6.297449e-01;3.951174e-02;1.568693e-02;9.487649e-03;2.483209e-02;2.952219e-02;4.466953e-02;9.974457e-02;7.991478e-03;4.237803e-03
1.583075e-02;8.130424e-02;6.463945e-01;4.366252e-02;1.536763e-02;1.388608e-02;2.112435e-02;2.548193e-02;1.607767e-02;1.034370e-01;1.075054e-02;6.682742e-03
1.961656e-02;1.232679e-01;6.128345e-01;3.128173e-02;1.530882e-02;1.983202e-02;1.750831e-02;2.481013e-02;2.822289e-02;8.109105e-02;1.691925e-02;9.306821e-03
4.665826e-02;1.623200e-01;5.363920e-01;2.552247e-02;1.532443e-02;2.748008e-02;2.763745e-02;2.113356e-02;5.206283e-02;5.395352e-02;1.809012e-02;1.342525e-02
9.040977e-02;1.798690e-01;4.634424e-01;3.458604e-02;1.861626e-02;2.294527e-02;3.222692e-02;2.665818e-02;6.825104e-02;2.915921e-02;1.672984e-02;1.710595e-02
1.553447e-01;1.351043e-01;3.507504e-01;3.282192e-02;2.304689e-02;2.514693e-02;4.433372e-02;4.787631e-02;7.909625e-02;5.777401e-02;1.996325e-02;2.874128e-02
2.153170e-01;7.718728e-02;2.538198e-01;1.522312e-02;3.484784e-02;3.655670e-02;4.235507e-02;6.653012e-02;1.261950e-01;5.962358e-02;2.913964e-02;4.320484e-02
2.233521e-01;9.245750e-02;2.495430e-01;1.862039e-02;2.805881e-02;3.029163e-02;4.348363e-02;6.963489e-02;1.046078e-01;5.339053e-02;4.276620e-02;4.379339e-02
2.457400e-01;7.233690e-02;2.563955e-01;1.673176e-02;3.428623e-02;3.725903e-02;3.592807e-02;7.836045e-02;6.975447e-02;7.747143e-02;3.591835e-02;3.981783e-02
2.714247e-01;7.308298e-02;2.599576e-01;1.030357e-02;3.868340e-02;3.002690e-02;3.506809e-02;8.109017e-02;5.565842e-02;7.202310e-02;3.275500e-02;3.992611e-02
2.620660e-01;1.333476e-01;2.594498e-01;1.479177e-02;3.031591e-02;2.191678e-02;3.103553e-02;7.750666e-02;3.210568e-02;6.657360e-02;3.510849e-02;3.578224e-02
1.731624e-01;1.786037e-01;3.507129e-01;2.184266e-02;1.855312e-02;2.148725e-02;2.488718e-02;5.622833e-02;5.417737e-02;6.085592e-02;2.333182e-02;1.615736e-02
9.765457e-02;1.339923e-01;4.510357e-01;2.906553e-02;3.082732e-02;2.378200e-02;2.564541e-02;3.745892e-02;6.251044e-02;8.227482e-02;1.599165e-02;9.761377e-03
4.395558e-02;6.229039e-02;5.170696e-01;4.136371e-02;4.479178e-02;1.452120e-02;4.495318e-02;2.186220e-02;3.387854e-02;1.597136e-01;8.410587e-03;7.189619e-03
1.853397e-02;1.705458e-02;5.567964e-01;4.597054e-02;4.135601e-02;8.186181e-03;7.043768e-02;1.009825e-02;1.856239e-02;2.031930e-01;6.335442e-03;3.475492e-03
6.996789e-03;1.491876e-02;5.549636e-01;4.659571e-02;3.322559e-02;1.023627e-02;7.307442e-02;6.081332e-03;1.843245e-02;2.259967e-01;6.583666e-03;2.894655e-03
4.708603e-03;3.766175e-02;5.557325e-01;4.309569e-02;2.692982e-02;1.084804e-02;5.269161e-02;1.467340e-02;2.521361e-02;2.213824e-01;4.557668e-03;2.504764e-03
8.287517e-03;8.033754e-02;5.610568e-01;3.483807e-02;1.315444e-02;1.416332e-02;2.992368e-02;4.436342e-02;4.499977e-02;1.602899e-01;2.892710e-03;5.692756e-03
2.317363e-02;1.369286e-01;4.691454e-01;2.341779e-02;9.522595e-03;2.833761e-02;3.506909e-02;6.658313e-02;8.567777e-02;1.080313e-01;3.065608e-03;1.104743e-02
2.713331e-02;1.786287e-01;4.169641e-01;1.766302e-02;9.029101e-03;4.079760e-02;2.424781e-02;7.921222e-02;1.213271e-01;7.063408e-02;2.907258e-03;1.145565e-02
2.356629e-02;1.827146e-01;4.354964e-01;2.050701e-02;8.618574e-03;3.889382e-02;1.062340e-02;9.194887e-02;1.141272e-01;6.134630e-02;2.497272e-03;9.660264e-03
2.235129e-02;1.703008e-01;4.462231e-01;1.420647e-02;7.755955e-03;3.562754e-02;1.346782e-02;9.704556e-02;1.009165e-01;7.829362e-02;3.373411e-03;1.043790e-02
1.733585e-02;1.407555e-01;4.741993e-01;1.763546e-02;1.454329e-02;2.230398e-02;2.072633e-02;7.140561e-02;8.950993e-02;1.184304e-01;5.467782e-03;7.686465e-03
2.704231e-02;9.693833e-02;4.043646e-01;3.699941e-02;2.867520e-02;2.669696e-02;5.278044e-02;4.902182e-02;9.408022e-02;1.484397e-01;2.527524e-02;9.685767e-03
2.801317e-02;8.299154e-02;2.544736e-01;7.317569e-02;6.655741e-02;4.183689e-02;6.765953e-02;7.669018e-02;7.606657e-02;1.453597e-01;5.191931e-02;3.525634e-02
6.348962e-02;5.525514e-02;1.051040e-01;7.973426e-02;1.118058e-01;8.011577e-02;8.370331e-02;8.893425e-02;1.216523e-01;1.107930e-01;4.863552e-02;5.077711e-02
8.082103e-02;5.037652e-02;7.964303e-02;5.194105e-02;1.041923e-01;1.320905e-01;2.095182e-01;5.056784e-02;8.521949e-02;9.944578e-02;2.468902e-02;3.149523e-02
9.313332e-02;8.545922e-02;4.546561e-02;2.901453e-02;7.583547e-02;1.304146e-01;3.255137e-01;3.804111e-02;4.376351e-02;9.439373e-02;3.037391e-02;8.591237e-03
7.158574e-02;9.724806e-02;7.108623e-02;1.812103e-02;4.872219e-02;8.970755e-02;3.800053e-01;7.328162e-02;2.997715e-02;5.749372e-02;4.671555e-02;1.605589e-02
8.376142e-02;8.783361e-02;9.589649e-02;1.912666e-02;4.488768e-02;6.170508e-02;3.664554e-01;9.976956e-02;4.548813e-02;2.990276e-02;4.030232e-02;2.487088e-02
1.001803e-01;7.385051e-02;1.144023e-01;2.513298e-02;6.185918e-02;6.024427e-02;3.347221e-01;1.019992e-01;3.429943e-02;3.756160e-02;2.424094e-02;3.150720e-02
1.100775e-01;8.508332e-02;2.462136e-01;2.963888e-02;6.897917e-02;7.241472e-02;1.620805e-01;7.143453e-02;4.668107e-02;5.996471e-02;2.690102e-02;2.053104e-02
9.539774e-02;1.007913e-01;2.623440e-01;6.181797e-02;6.156349e-02;9.818201e-02;1.400932e-01;5.074903e-02;4.356952e-02;4.514206e-02;2.011409e-02;2.023560e-02
8.448189e-02;4.732960e-02;1.975292e-01;5.704782e-02;6.295716e-02;1.123402e-01;2.344980e-01;5.936934e-02;3.757241e-02;6.066686e-02;1.280798e-02;3.339962e-02
8.931635e-02;8.516674e-02;1.582211e-01;4.346809e-02;6.397585e-02;9.818210e-02;2.251122e-01;6.159029e-02;4.618559e-02;7.581063e-02;1.915718e-02;3.381390e-02
7.923501e-02;7.833187e-02;1.524579e-01;4.992778e-02;7.097848e-02;1.087943e-01;1.948588e-01;7.001620e-02;4.559704e-02;9.375983e-02;2.333072e-02;3.271210e-02
7.462128e-02;2.968678e-02;1.155840e-01;6.145293e-02;7.329655e-02;9.805625e-02;1.396096e-01;9.102265e-02;9.406395e-02;1.483910e-01;3.730637e-02;3.690867e-02
9.611739e-02;4.503974e-02;1.282936e-01;6.234067e-02;9.232388e-02;6.651305e-02;1.235388e-01;9.390654e-02;1.008955e-01;1.234121e-01;3.604001e-02;3.157869e-02
7.419305e-02;4.046191e-02;1.754056e-01;6.843588e-02;9.889857e-02;6.911442e-02;1.510287e-01;7.948297e-02;8.899510e-02;1.005880e-01;3.830463e-02;1.509115e-02
4.467727e-02;4.016678e-02;1.411946e-01;5.936747e-02;8.356670e-02;1.120705e-01;1.356341e-01;9.012920e-02;7.745197e-02;1.367536e-01;5.392669e-02;2.506108e-02
5.018049e-02;4.615233e-02;1.106489e-01;5.006419e-02;8.345225e-02;9.259522e-02;1.292574e-01;7.330663e-02;1.136862e-01;1.755591e-01;4.385784e-02;3.123941e-02
5.297548e-02;3.985947e-02;1.013578e-01;5.206633e-02;8.894032e-02;5.419284e-02;1.473420e-01;6.386829e-02;1.600975e-01;1.743358e-01;4.031551e-02;2.464871e-02
4.512152e-02;4.345952e-02;1.035135e-01;6.148899e-02;9.606245e-02;5.281433e-02;1.237373e-01;7.522587e-02;1.163390e-01;1.874587e-01;7.412248e-02;2.065632e-02
5.739852e-02;3.515194e-02;1.110552e-01;4.635598e-02;6.628105e-02;9.480682e-02;1.233060e-01;8.019879e-02;9.110239e-02;1.744998e-01;8.171369e-02;3.812985e-02
6.882793e-02;4.907849e-02;9.018922e-02;4.348131e-02;7.119718e-02;1.069531e-01;1.162628e-01;6.967063e-02;9.237004e-02;1.903380e-01;7.046859e-02;3.116285e-02
9.097364e-02;5.746890e-02;6.340466e-02;5.276427e-02;5.367101e-02;1.157924e-01;1.038637e-01;8.575993e-02;8.302634e-02;1.833318e-01;7.372546e-02;3.621782e-02
6.974651e-02;5.548179e-02;3.896418e-02;3.674034e-02;3.112819e-02;8.472222e-02;1.008722e-01;1.238709e-01;2.075941e-01;1.376747e-01;5.543556e-02;5.776937e-02
1.417583e-02;1.491037e-02;1.410800e-02;9.387511e-03;8.628240e-03;1.894402e-02;3.947265e-02;1.002055e-01;3.549218e-01;2.831187e-01;1.250788e-01;1.704844e-02
6.168179e-03;2.910286e-03;6.813365e-03;2.920144e-03;5.199695e-03;6.870196e-03;1.099586e-02;4.899342e-02;2.915367e-01;3.597070e-01;2.223954e-01;3.548967e-02
9.741549e-03;2.804399e-03;4.716303e-03;2.140458e-03;5.418144e-03;7.712236e-03;8.177284e-03;1.871972e-02;1.834481e-01;3.633164e-01;3.310301e-01;6.277537e-02
3.169532e-02;1.904209e-02;1.323829e-02;5.584998e-03;6.468717e-03;1.164360e-02;2.398057e-02;2.677812e-02;1.163371e-01;2.797524e-01;3.832798e-01;8.219896e-02
8.140788e-02;5.109020e-02;3.999753e-02;2.110491e-02;1.376926e-02;2.100827e-02;6.316826e-02;8.016294e-02;2.308974e-01;1.495895e-01;1.249732e-01;1.228305e-01
5.665952e-02;4.063877e-02;2.986982e-02;1.598947e-02;1.166147e-02;1.712542e-02;5.265373e-02;7.258726e-02;2.475519e-01;2.065418e-01;1.524686e-01;9.625220e-02
4.045160e-02;3.303821e-02;2.468981e-02;1.443646e-02;9.462351e-03;1.598439e-02;5.298845e-02;5.478142e-02;3.307599e-01;2.259113e-01;1.260936e-01;7.140259e-02
4.450553e-02;3.414993e-02;7.234237e-02;4.529542e-02;5.828326e-02;7.124147e-02;1.038882e-01;6.383224e-02;2.902783e-01;1.362103e-01;3.292660e-02;4.704637e-02
5.192127e-02;4.131917e-02;8.807795e-02;6.944739e-02;8.260447e-02;7.429448e-02;1.847363e-01;1.499514e-01;1.196900e-01;5.899421e-02;4.306434e-02;3.589898e-02
3.441964e-02;5.829015e-02;1.404738e-01;4.848056e-02;8.239643e-02;4.555949e-02;1.954885e-01;1.607201e-01;1.235343e-01;4.375108e-02;2.924092e-02;3.764507e-02
4.392015e-02;9.635682e-02;2.030809e-01;3.031296e-02;7.459369e-02;4.998934e-02;1.982036e-01;1.234525e-01;8.671512e-02;3.988218e-02;1.608293e-02;3.740987e-02
1.342356e-01;1.497523e-01;1.708691e-01;6.919315e-02;5.117270e-02;4.774345e-02;1.409072e-01;7.550410e-02;5.590299e-02;4.259433e-02;2.232970e-02;3.979542e-02
3.192897e-01;1.584799e-01;5.880972e-02;7.074934e-02;5.327662e-02;3.544448e-02;8.230457e-02;5.502916e-02;4.456372e-02;4.472117e-02;1.693338e-02;6.039833e-02
4.193609e-01;1.011788e-01;1.276972e-01;2.623989e-02;4.745309e-02;2.317527e-02;6.097024e-02;2.555722e-02;3.470825e-02;4.218502e-02;1.930512e-02;7.216902e-02
3.881405e-01;1.563200e-01;1.159844e-01;2.336273e-02;4.286730e-02;3.120397e-02;6.339613e-02;1.627041e-02;3.173301e-02;3.352074e-02;2.635056e-02;7.085027e-02
3.341576e-01;1.812151e-01;7.549549e-02;3.270575e-02;5.960935e-02;2.737782e-02;8.068930e-02;3.464539e-02;3.136212e-02;4.006689e-02;4.214405e-02;6.053113e-02
1.762117e-01;1.051737e-01;2.157250e-01;6.108575e-02;8.405061e-02;3.392696e-02;1.023305e-01;5.637418e-02;2.805427e-02;5.043155e-02;3.963059e-02;4.700521e-02
2.642783e-01;1.221074e-01;1.805263e-01;4.754627e-02;6.681433e-02;4.897580e-02;6.041117e-02;4.983086e-02;2.863152e-02;4.308514e-02;2.492049e-02;6.287236e-02
3.464074e-01;1.501809e-01;8.708005e-02;2.878638e-02;4.739685e-02;4.869231e-02;5.959688e-02;4.809586e-02;3.934324e-02;4.010814e-02;2.321868e-02;8.109325e-02
3.067455e-01;1.428878e-01;1.075301e-01;4.900981e-02;2.817951e-02;3.656775e-02;8.893545e-02;4.109907e-02;5.163444e-02;3.825385e-02;3.342781e-02;7.572898e-02
2.807834e-01;1.339910e-01;9.427993e-02;6.037180e-02;4.346827e-02;3.814143e-02;1.195064e-01;4.150676e-02;4.600452e-02;3.783700e-02;3.691285e-02;6.719663e-02
3.295205e-01;1.498673e-01;6.325106e-02;4.472060e-02;5.929812e-02;5.599669e-02;7.697151e-02;5.371447e-02;4.261386e-02;3.296968e-02;2.117679e-02;6.989940e-02
2.376149e-01;1.398269e-01;8.835714e-02;6.903451e-02;5.782449e-02;4.918013e-02;1.132766e-01;4.421090e-02;5.989031e-02;4.856762e-02;3.859691e-02;5.361958e-02
1.323929e-01;1.198947e-01;1.131796e-01;9.183542e-02;7.747699e-02;6.027123e-02;8.270399e-02;6.214050e-02;8.795383e-02;8.277742e-02;4.421156e-02;4.516187e-02
1.175970e-01;8.955895e-02;1.098716e-01;5.422652e-02;5.950526e-02;5.555665e-02;1.617679e-01;7.468410e-02;8.898316e-02;8.237079e-02;5.141547e-02;5.446257e-02
9.805840e-02;7.706739e-02;8.197924e-02;3.894569e-02;4.801631e-02;5.321332e-02;2.529064e-01;6.296363e-02;8.077914e-02;7.961302e-02;7.017263e-02;5.628482e-02
4.632360e-02;7.716043e-02;9.614207e-02;3.566269e-02;5.478055e-02;5.136742e-02;3.440194e-01;4.858901e-02;6.550785e-02;7.471552e-02;5.936031e-02;4.637115e-02
5.135902e-02;6.001227e-02;9.755129e-02;2.006513e-02;4.787919e-02;3.770492e-02;3.788028e-01;1.238926e-01;7.711432e-02;4.822457e-02;3.008875e-02;2.730515e-02
5.908393e-02;6.702174e-02;6.243158e-02;1.136356e-02;4.109911e-02;7.031281e-02;4.239835e-01;1.059517e-01;5.740656e-02;4.497967e-02;4.464401e-02;1.172187e-02
7.430608e-02;8.729834e-02;4.994125e-02;1.704654e-02;3.231104e-02;1.111590e-01;4.246390e-01;7.216253e-02;3.232383e-02;4.962766e-02;3.868669e-02;1.049805e-02
1.080238e-01;9.071178e-02;4.176939e-02;2.120818e-02;3.525829e-02;1.648905e-01;3.807624e-01;5.153368e-02;2.396353e-02;4.599449e-02;2.632692e-02;9.557122e-03
1.510179e-01;7.261639e-02;3.643562e-02;2.685684e-02;7.398383e-02;2.233654e-01;3.068203e-01;3.058235e-02;1.597713e-02;3.339814e-02;1.442915e-02;1.451690e-02
1.733164e-01;3.268741e-02;6.189143e-02;3.774907e-02;1.310922e-01;2.466781e-01;1.903018e-01;3.093397e-02;3.460976e-02;2.946592e-02;8.383943e-03;2.288994e-02
1.134726e-01;2.806628e-02;6.532773e-02;4.369031e-02;1.790131e-01;2.020942e-01;1.905081e-01;5.469925e-02;6.649453e-02;2.457333e-02;9.390598e-03;2.266996e-02
8.526666e-02;1.870400e-02;7.306102e-02;2.537781e-02;1.907109e-01;1.543262e-01;2.766464e-01;3.994954e-02;5.690111e-02;1.895143e-02;5.986819e-03;5.411805e-02
4.742488e-02;4.232147e-03;7.727009e-02;2.154879e-02;2.474970e-01;1.280541e-01;2.105626e-01;1.659355e-02;1.024008e-01;1.411672e-02;6.535127e-03;1.237643e-01
1.685089e-02;6.128471e-03;1.001770e-01;2.875973e-02;2.597475e-01;9.478102e-02;1.454286e-01;1.547025e-02;1.181967e-01;2.157316e-02;1.444540e-02;1.784414e-01
1.693245e-02;2.207849e-02;1.369562e-01;4.993495e-02;1.982445e-01;7.811310e-02;9.276987e-02;4.855235e-02;7.474331e-02;6.138036e-02;7.311632e-02;1.471781e-01
2.689890e-02;4.845645e-02;1.458676e-01;8.928054e-02;1.253859e-01;8.317908e-02;6.539317e-02;8.854949e-02;5.406390e-02;7.745368e-02;1.294491e-01;6.602222e-02
3.582315e-02;5.293268e-02;1.331214e-01;1.107293e-01;9.390958e-02;9.021165e-02;7.479417e-02;1.170195e-01;5.038073e-02;4.466336e-02;1.580778e-01;3.833667e-02
5.096365e-02;2.968704e-02;1.319113e-01;9.620625e-02;6.252959e-02;7.370523e-02;8.592121e-02;1.384925e-01;6.284501e-02;6.783377e-02;1.725165e-01;2.738806e-02
8.526438e-02;8.154072e-03;1.520978e-01;5.407596e-02;3.884337e-02;4.710216e-02;1.287569e-01;1.207485e-01;1.013488e-01;1.081061e-01;1.429361e-01;1.256570e-02
1.042075e-01;1.473519e-02;1.496718e-01;4.902441e-02;3.039393e-02;3.042328e-02;1.837745e-01;9.978464e-02;9.034354e-02;1.013962e-01;1.259152e-01;2.032991e-02
8.356169e-02;3.117838e-02;1.392777e-01;5.126411e-02;3.354019e-02;3.374163e-02;1.980021e-01;1.140893e-01;7.695530e-02;6.598072e-02;1.366744e-01;3.573448e-02
5.624689e-02;4.870916e-02;1.785413e-01;4.904567e-02;4.273116e-02;4.022515e-02;1.818573e-01;1.353862e-01;7.649320e-02;3.979682e-02;1.159041e-01;3.506307e-02
3.730268e-02;6.376358e-02;2.365953e-01;5.297142e-02;5.237391e-02;4.167283e-02;1.452957e-01;1.421030e-01;8.772635e-02;3.072118e-02;5.936173e-02;5.011237e-02
4.504830e-02;5.374759e-02;2.028178e-01;6.959988e-02;5.061965e-02;6.511254e-02;7.055000e-02;7.908882e-02;1.108144e-01;9.139436e-02;1.152437e-01;4.596300e-02
6.233058e-02;5.368499e-02;2.237673e-01;7.778299e-02;6.820934e-02;6.002231e-02;7.135838e-02;3.788860e-02;1.149969e-01;8.800591e-02;1.001373e-01;4.181543e-02
6.470504e-02;6.071391e-02;1.926773e-01;8.880977e-02;6.158859e-02;5.662237e-02;9.193505e-02;4.832982e-02;1.204765e-01;1.099660e-01;7.058778e-02;3.358793e-02
6.753568e-02;7.262085e-02;1.268904e-01;8.071729e-02;6.537559e-02;4.533206e-02;1.031704e-01;8.813351e-02;1.207174e-01;1.098974e-01;8.021016e-02;3.939933e-02
7.122569e-02;6.480519e-02;1.409762e-01;4.607728e-02;8.091617e-02;4.893946e-02;9.882688e-02;1.011792e-01;9.800142e-02;9.025874e-02;8.072294e-02;7.807077e-02
8.288739e-02;6.935624e-02;1.303053e-01;3.715152e-02;8.488606e-02;5.075189e-02;1.014586e-01;1.157780e-01;8.660197e-02;8.502658e-02;7.409833e-02;8.169809e-02
9.359042e-02;7.372805e-02;1.213226e-01;7.371676e-02;8.657229e-02;5.957533e-02;9.724553e-02;1.058850e-01;8.552801e-02;9.690101e-02;6.105615e-02;4.487888e-02
4.239048e-02;3.212662e-02;2.412048e-01;1.050564e-01;8.426629e-02;5.399653e-02;1.011759e-01;4.679104e-02;5.658448e-02;1.068521e-01;8.365186e-02;4.590346e-02
2.268143e-02;2.779811e-02;2.964204e-01;1.209072e-01;8.100860e-02;4.837407e-02;6.030414e-02;3.796523e-02;5.003881e-02;9.826055e-02;1.229369e-01;3.330451e-02
3.204842e-02;2.193173e-02;3.542057e-01;1.131719e-01;6.805708e-02;3.324610e-02;3.598784e-02;3.607348e-02;2.896773e-02;1.442529e-01;1.178275e-01;1.422958e-02
4.601466e-02;1.805415e-02;3.673220e-01;7.035939e-02;5.281284e-02;2.247111e-02;6.624737e-02;2.767128e-02;3.211057e-02;2.105278e-01;6.919267e-02;1.721619e-02
6.262100e-02;2.313889e-02;3.183043e-01;2.732843e-02;5.166139e-02;3.165813e-02;9.678455e-02;2.635018e-02;6.815705e-02;2.174041e-01;4.615714e-02;3.043487e-02
7.438291e-02;2.715050e-02;2.358997e-01;3.793832e-02;5.304718e-02;3.337473e-02;1.250965e-01;6.440318e-02;7.968159e-02;1.563444e-01;6.812814e-02;4.455281e-02
6.413537e-02;3.816304e-02;2.077966e-01;4.952688e-02;5.347642e-02;4.473716e-02;1.668732e-01;1.133408e-01;4.539062e-02;7.680831e-02;9.756298e-02;4.218859e-02
6.209663e-02;5.409015e-02;2.709813e-01;5.147462e-02;4.335892e-02;4.688121e-02;1.588830e-01;1.147013e-01;3.669078e-02;3.762644e-02;9.953988e-02;2.367576e-02
8.058573e-02;9.010165e-02;3.586319e-01;4.533136e-02;3.295603e-02;2.703193e-02;1.129944e-01;9.429868e-02;3.756361e-02;3.444045e-02;6.210616e-02;2.395807e-02
9.897505e-02;1.481458e-01;4.046723e-01;3.143140e-02;3.088822e-02;2.829199e-02;7.757096e-02;5.633672e-02;5.250314e-02;3.357478e-02;1.181925e-02;2.579038e-02
