1.321550e-01;1.001865e-01;1.174974e-01;8.828678e-02;4.007840e-02;8.889473e-02;4.765824e-02;9.274869e-02;5.937367e-02;4.867498e-02;8.105708e-02;1.033885e-01
1.435763e-01;7.307188e-02;1.069519e-01;8.927173e-02;6.064033e-02;8.301986e-02;4.486320e-02;9.178532e-02;8.262149e-02;3.536310e-02;6.809963e-02;1.207353e-01
1.488580e-01;8.211293e-02;8.110742e-02;7.713857e-02;7.817581e-02;6.667199e-02;4.058163e-02;8.543018e-02;1.076749e-01;7.027894e-02;4.866353e-02;1.133061e-01
1.168086e-01;1.303276e-01;7.543892e-02;5.554577e-02;7.850236e-02;5.304782e-02;3.815687e-02;8.925490e-02;1.375047e-01;1.091671e-01;5.329303e-02;6.295232e-02
5.640270e-02;1.339944e-01;7.656027e-02;4.683103e-02;5.867230e-02;6.238349e-02;3.075047e-02;1.516461e-01;1.521033e-01;1.037264e-01;5.908366e-02;6.784590e-02
5.658910e-02;1.342208e-01;6.369264e-02;4.249579e-02;4.428187e-02;5.656570e-02;2.940268e-02;1.647007e-01;1.852936e-01;8.480421e-02;5.722550e-02;8.072744e-02
1.243569e-01;1.145452e-01;8.923618e-02;4.515533e-02;1.944025e-02;7.457855e-02;3.272905e-02;1.802045e-01;1.370073e-01;3.887107e-02;5.424297e-02;8.963275e-02
1.037133e-01;8.702181e-02;8.795585e-02;6.168694e-02;3.915657e-02;7.060755e-02;3.361179e-02;2.032614e-01;1.444544e-01;3.756408e-02;3.237141e-02;9.859481e-02
9.187771e-02;9.301947e-02;8.055106e-02;5.284744e-02;6.310111e-02;6.054379e-02;3.126155e-02;1.440979e-01;1.674453e-01;5.045807e-02;5.010465e-02;1.146918e-01
8.209150e-02;1.300705e-01;1.095400e-01;4.294217e-02;5.370640e-02;8.341903e-02;4.727214e-02;1.139836e-01;1.461060e-01;5.352787e-02;4.837085e-02;8.896989e-02
7.922243e-02;1.462002e-01;1.402725e-01;4.254014e-02;3.211709e-02;1.027383e-01;7.271355e-02;1.004296e-01;1.112881e-01;7.373428e-02;4.105963e-02;5.768402e-02
5.477674e-02;1.587719e-01;1.850742e-01;3.708906e-02;3.231027e-02;1.149449e-01;5.617054e-02;5.206708e-02;9.524711e-02;8.725944e-02;6.647947e-02;5.980922e-02
3.750512e-02;1.723554e-01;1.322159e-01;4.126259e-02;4.164362e-02;9.903705e-02;5.435740e-02;9.784084e-02;7.157683e-02;1.099285e-01;5.870501e-02;8.357178e-02
3.972233e-02;1.710408e-01;8.506786e-02;3.685632e-02;7.084394e-02;9.139685e-02;4.607774e-02;8.773599e-02;6.618871e-02;1.480804e-01;8.674756e-02;7.024156e-02
3.416634e-02;1.757990e-01;4.558131e-02;2.445105e-02;1.108210e-01;6.777164e-02;2.808150e-02;5.994857e-02;9.002638e-02;2.163582e-01;9.213353e-02;5.486149e-02
5.771256e-02;1.617180e-01;3.191405e-02;3.690244e-02;1.192617e-01;4.954182e-02;1.670802e-02;4.934785e-02;1.334967e-01;2.519843e-01;4.900382e-02;4.240880e-02
8.066969e-02;1.136897e-01;4.020379e-02;4.566927e-02;9.669306e-02;5.032415e-02;2.507880e-02;6.709810e-02;1.974042e-01;2.379474e-01;2.567745e-02;1.954437e-02
5.938325e-02;7.664298e-02;4.277297e-02;4.350036e-02;8.930513e-02;4.840009e-02;2.237748e-02;9.000574e-02;2.349739e-01;2.365982e-01;2.800711e-02;2.803275e-02
3.786788e-02;8.174189e-02;3.069757e-02;5.550109e-02;1.055163e-01;4.425085e-02;1.771063e-02;9.216566e-02;2.303817e-01;2.328132e-01;3.944068e-02;3.191251e-02
1.387832e-02;8.374324e-02;4.199005e-02;5.928731e-02;9.400985e-02;3.788061e-02;2.959652e-02;1.281044e-01;2.559980e-01;1.849058e-01;3.625630e-02;3.434962e-02
8.267271e-03;7.388802e-02;3.738410e-02;4.400175e-02;5.106173e-02;4.811334e-02;3.663214e-02;2.061709e-01;2.853892e-01;1.307528e-01;3.982429e-02;3.851436e-02
2.780609e-02;8.122011e-02;4.994447e-02;2.789526e-02;3.596518e-02;5.606112e-02;2.944061e-02;2.632316e-01;2.522438e-01;1.005588e-01;3.643603e-02;3.919696e-02
4.041312e-02;8.497394e-02;7.116353e-02;2.207070e-02;7.267347e-02;9.388655e-02;5.031436e-02;2.751078e-01;1.515550e-01;4.717403e-02;4.672028e-02;4.394725e-02
4.802039e-02;8.403988e-02;4.749605e-02;3.997669e-02;1.003781e-01;7.058919e-02;5.916380e-02;1.916840e-01;1.316787e-01;1.170389e-01;5.942902e-02;5.050522e-02
4.953307e-02;8.663519e-02;5.629260e-02;3.730830e-02;8.125091e-02;1.005874e-01;2.473331e-02;1.294466e-01;1.660291e-01;1.621583e-01;5.501988e-02;5.100538e-02
3.105945e-02;5.444172e-02;3.283729e-02;2.078282e-02;9.881019e-02;1.364311e-01;1.886460e-02;1.164990e-01;2.002380e-01;2.036429e-01;4.050129e-02;4.589155e-02
3.353880e-02;7.243303e-02;1.664335e-02;2.059984e-02;1.245840e-01;1.459558e-01;1.791454e-02;8.975987e-02;1.731322e-01;2.320300e-01;4.028285e-02;3.312578e-02
3.825787e-02;7.784276e-02;2.566888e-02;4.036853e-02;1.294403e-01;1.189487e-01;3.690201e-02;5.698086e-02;1.691317e-01;2.430269e-01;3.599590e-02;2.743568e-02
8.385786e-02;5.987654e-02;3.303466e-02;7.295289e-02;1.033107e-01;6.258841e-02;6.145979e-02;8.488739e-02;2.005410e-01;2.089153e-01;1.613537e-02;1.244018e-02
1.206197e-01;3.642398e-02;3.351527e-02;8.606970e-02;8.598319e-02;3.188317e-02;6.332786e-02;1.150226e-01;2.372565e-01;1.602314e-01;1.704289e-02;1.262376e-02
1.153076e-01;5.143412e-02;2.645290e-02;6.983632e-02;8.899610e-02;3.706399e-02;4.657878e-02;1.299381e-01;2.446789e-01;1.536267e-01;2.343115e-02;1.265543e-02
9.285811e-02;6.733431e-02;3.358800e-02;4.252862e-02;8.789708e-02;3.133819e-02;3.243570e-02;1.157737e-01;2.470497e-01;1.593413e-01;5.182304e-02;3.803230e-02
7.891501e-02;8.845139e-02;5.360641e-02;2.533926e-02;7.165507e-02;8.488353e-02;3.881038e-02;1.445015e-01;1.951334e-01;1.348245e-01;3.384799e-02;5.003159e-02
4.355955e-02;9.812277e-02;6.434691e-02;2.952346e-02;7.201928e-02;1.108528e-01;4.682390e-02;1.589851e-01;1.605671e-01;1.320410e-01;4.071095e-02;4.244718e-02
8.863585e-02;7.496747e-02;5.220619e-02;4.561340e-02;7.981899e-02;7.451639e-02;4.221088e-02;1.656354e-01;2.130853e-01;7.287379e-02;3.737851e-02;5.305786e-02
4.299233e-02;1.001730e-01;5.901917e-02;5.466637e-02;9.010338e-02;7.447086e-02;3.362868e-02;1.843844e-01;1.970641e-01;9.285557e-02;2.884803e-02;4.179408e-02
5.113750e-02;8.899653e-02;7.723526e-02;5.541567e-02;9.580254e-02;1.119088e-01;2.997888e-02;1.414174e-01;1.656537e-01;1.220168e-01;2.710180e-02;3.333510e-02
7.302277e-02;6.906557e-02;9.196377e-02;6.680656e-02;7.575561e-02;1.254035e-01;4.932993e-02;1.270294e-01;1.398471e-01;1.157091e-01;2.865482e-02;3.741188e-02
6.683469e-02;8.167595e-02;7.994773e-02;6.891830e-02;5.369959e-02;1.132341e-01;3.818044e-02;1.673866e-01;1.579776e-01;9.090411e-02;2.128694e-02;5.995390e-02
4.913152e-02;9.722482e-02;7.252862e-02;6.441073e-02;5.413944e-02;9.567513e-02;3.434682e-02;1.684556e-01;2.067242e-01;6.675781e-02;2.330327e-02;6.730207e-02
5.751863e-02;7.772946e-02;4.932979e-02;5.918154e-02;7.145356e-02;6.030526e-02;3.230762e-02;1.569709e-01;2.245442e-01;1.390556e-01;2.729307e-02;4.431033e-02
7.541925e-02;5.990186e-02;2.719660e-02;6.383027e-02;9.299139e-02;4.478500e-02;4.285138e-02;1.034873e-01;2.461507e-01;1.708934e-01;5.025286e-02;2.224002e-02
6.357761e-02;6.311283e-02;5.150920e-02;6.401362e-02;1.102472e-01;5.004930e-02;3.864470e-02;1.055635e-01;2.503391e-01;1.268872e-01;6.202216e-02;1.403355e-02
6.969109e-02;5.588623e-02;5.918853e-02;6.830551e-02;1.113055e-01;4.907620e-02;3.708886e-02;9.190314e-02;2.423461e-01;1.138640e-01;7.063219e-02;3.071266e-02
6.923227e-02;1.727391e-01;1.183084e-01;4.622319e-02;7.265437e-02;5.169600e-02;4.564385e-02;1.034812e-01;1.469451e-01;7.864004e-02;6.645104e-02;2.798559e-02
1.464505e-01;1.970980e-01;1.213431e-01;2.870003e-02;7.158421e-02;3.808591e-02;3.158758e-02;1.182845e-01;9.220250e-02;5.092519e-02;5.904816e-02;4.469028e-02
2.514102e-01;1.850656e-01;8.807638e-02;1.720138e-02;8.812013e-02;2.393729e-02;1.936129e-02;1.485480e-01;6.767616e-02;2.365529e-02;4.761570e-02;3.933262e-02
3.583020e-01;1.487949e-01;5.647802e-02;1.086689e-02;1.134914e-01;8.933628e-03;9.449990e-03;1.925058e-01;3.978164e-02;1.321171e-02;3.354501e-02;1.463899e-02
4.113053e-01;7.993602e-02;4.730096e-02;4.810035e-03;1.198700e-01;7.623443e-03;1.964560e-02;2.295361e-01;2.811107e-02;1.186598e-02;2.629497e-02;1.370049e-02
4.234777e-01;5.260278e-02;5.267368e-02;7.960672e-03;1.096141e-01;9.659887e-03;1.608444e-02;2.561301e-01;2.619286e-02;8.863991e-03;1.978079e-02;1.695907e-02
4.064423e-01;6.705683e-02;6.475688e-02;8.759858e-03;9.229323e-02;1.050791e-02;1.049813e-02;2.774554e-01;2.673824e-02;1.352853e-02;1.248416e-02;9.478570e-03
3.786963e-01;6.380595e-02;7.989623e-02;9.507747e-03;8.147900e-02;7.870208e-03;1.212652e-02;2.933555e-01;3.593827e-02;1.457478e-02;1.552468e-02;7.224874e-03
3.442138e-01;7.624890e-02;8.819026e-02;8.488334e-03;7.529853e-02;8.218266e-03;1.286642e-02;2.910889e-01;3.649402e-02;1.728811e-02;3.187633e-02;9.728077e-03
3.221285e-01;7.655271e-02;9.408049e-02;7.860599e-03;6.357245e-02;1.161405e-02;2.054177e-02;2.881321e-01;3.126763e-02;2.028257e-02;5.134539e-02;1.262178e-02
2.915127e-01;8.158439e-02;1.297543e-01;5.718444e-03;5.043058e-02;1.136845e-02;2.881764e-02;2.785392e-01;3.133887e-02;1.533805e-02;6.739724e-02;8.200067e-03
2.807992e-01;5.660905e-02;1.515687e-01;6.810374e-03;3.829772e-02;1.436948e-02;4.622277e-02;2.633029e-01;3.138544e-02;7.344321e-03;8.088745e-02;2.240270e-02
2.835075e-01;7.880388e-02;1.700665e-01;9.302150e-03;4.011993e-02;1.918401e-02;5.036668e-02;2.167033e-01;3.038592e-02;1.228653e-02;6.522969e-02;2.404388e-02
2.969525e-01;1.279536e-01;1.996794e-01;1.665765e-02;6.076737e-02;1.933722e-02;2.870506e-02;1.642880e-01;1.535663e-02;1.310245e-02;3.396819e-02;2.323194e-02
3.006325e-01;1.404821e-01;2.001343e-01;1.279573e-02;8.554000e-02;2.281201e-02;1.228109e-02;1.330308e-01;1.981511e-02;2.348152e-02;2.547413e-02;2.352080e-02
2.698038e-01;1.683167e-01;1.931800e-01;1.311114e-02;9.852525e-02;1.336900e-02;3.064774e-02;1.102432e-01;2.104826e-02;2.604787e-02;2.470774e-02;3.099930e-02
2.194363e-01;2.390898e-01;1.906819e-01;2.626590e-02;8.313452e-02;1.609401e-02;4.200711e-02;7.758405e-02;2.380837e-02;2.715317e-02;2.147395e-02;3.327083e-02
1.438930e-01;3.655229e-01;2.092557e-01;3.008273e-02;5.018348e-02;2.097457e-02;2.474647e-02;5.932389e-02;3.954144e-02;2.101851e-02;1.032360e-02;2.513370e-02
1.061341e-01;3.830089e-01;2.180730e-01;3.165625e-02;3.609942e-02;2.588823e-02;1.598608e-02;8.186041e-02;4.877539e-02;2.161145e-02;1.318136e-02;1.772535e-02
1.046942e-01;3.089353e-01;2.166188e-01;2.423199e-02;4.693117e-02;3.265732e-02;1.907947e-02;1.151717e-01;6.694156e-02;2.636205e-02;1.844433e-02;1.993209e-02
1.323865e-01;2.334936e-01;2.029709e-01;2.537895e-02;6.451829e-02;3.543059e-02;2.408308e-02;1.145138e-01;8.031079e-02;3.267479e-02;2.699495e-02;2.724376e-02
2.079122e-01;2.323958e-01;1.073087e-01;2.089960e-02;7.572963e-02;3.318083e-02;3.149082e-02;1.229777e-01;7.710940e-02;3.516357e-02;3.834082e-02;1.749091e-02
2.245302e-01;2.341589e-01;1.127065e-01;1.889743e-02;5.850034e-02;2.493037e-02;3.520953e-02;1.647061e-01;4.298679e-02;2.692129e-02;4.169573e-02;1.475686e-02
2.019143e-01;2.423839e-01;1.401462e-01;1.520143e-02;4.096732e-02;1.108683e-02;3.299830e-02;1.898790e-01;3.453550e-02;2.678739e-02;4.818231e-02;1.591752e-02
1.829822e-01;2.304659e-01;1.448085e-01;2.025268e-02;3.505648e-02;1.067311e-02;2.113027e-02;2.128442e-01;4.926343e-02;3.111249e-02;4.808218e-02;1.332853e-02
1.648175e-01;1.968631e-01;1.325962e-01;1.901817e-02;3.735134e-02;1.677936e-02;3.488937e-02;2.478992e-01;6.006249e-02;3.396663e-02;4.234891e-02;1.340774e-02
1.568901e-01;2.424201e-01;7.840684e-02;1.320744e-02;4.454844e-02;2.509066e-02;4.810193e-02;2.442594e-01;6.057790e-02;3.388779e-02;3.164085e-02;2.096857e-02
1.534967e-01;2.891200e-01;9.386016e-02;1.654563e-02;4.860875e-02;1.586534e-02;4.158809e-02;2.055944e-01;5.988477e-02;3.128888e-02;2.578454e-02;1.836278e-02
1.719368e-01;2.875271e-01;8.172499e-02;2.131769e-02;4.943726e-02;2.018428e-02;2.649082e-02;2.023117e-01;6.676476e-02;3.243116e-02;2.271336e-02;1.716012e-02
1.826469e-01;2.320849e-01;9.915088e-02;2.370452e-02;5.204089e-02;3.014178e-02;2.917646e-02;2.049732e-01;6.516784e-02;3.205782e-02;3.119744e-02;1.765744e-02
1.837137e-01;1.544937e-01;1.371043e-01;4.639127e-02;5.999662e-02;3.788529e-02;2.729166e-02;1.737407e-01;8.854105e-02;3.422552e-02;3.823193e-02;1.838426e-02
1.605446e-01;9.322678e-02;1.197632e-01;5.944050e-02;5.205177e-02;7.072419e-02;5.144451e-02;1.847987e-01;9.727378e-02;5.069640e-02;3.909372e-02;2.094190e-02
1.273729e-01;7.300024e-02;1.035277e-01;6.314505e-02;4.632862e-02;8.390854e-02;7.913402e-02;2.087667e-01;1.055643e-01;5.585741e-02;3.348892e-02;1.990549e-02
1.006374e-01;1.108702e-01;1.363257e-01;5.830708e-02;3.350027e-02;6.122456e-02;8.365355e-02;2.002676e-01;1.154258e-01;4.721462e-02;3.572371e-02;1.684946e-02
9.495465e-02;1.926236e-01;2.081208e-01;3.845007e-02;3.614904e-02;2.855277e-02;6.495824e-02;1.645689e-01;9.451938e-02;3.108996e-02;3.298908e-02;1.302353e-02
9.805084e-02;2.699651e-01;2.377934e-01;3.551330e-02;4.492925e-02;2.133385e-02;3.465466e-02;1.065394e-01;7.964288e-02;3.755725e-02;1.863068e-02;1.538942e-02
1.147534e-01;2.934404e-01;1.773774e-01;2.766703e-02;5.847461e-02;1.821742e-02;3.594186e-02;1.077040e-01;7.733715e-02;3.134575e-02;2.684996e-02;3.089097e-02
1.292445e-01;2.876058e-01;8.135992e-02;2.656775e-02;7.210890e-02;4.088810e-02;6.088241e-02;1.514415e-01;5.830097e-02;2.332267e-02;2.675353e-02;4.152388e-02
1.059929e-01;2.357772e-01;1.415778e-01;3.285499e-02;6.955432e-02;6.376988e-02;7.448571e-02;1.485926e-01;4.242404e-02;3.182641e-02;2.998142e-02;2.316278e-02
7.834106e-02;1.932466e-01;1.570824e-01;4.028239e-02;5.349481e-02;8.478267e-02;9.521821e-02;1.401326e-01;6.410272e-02;4.273476e-02;3.008887e-02;2.049286e-02
7.037850e-02;1.469917e-01;1.560332e-01;3.732308e-02;5.130910e-02;9.815244e-02;1.138723e-01;1.253665e-01;9.291448e-02;4.336084e-02;2.760655e-02;3.669130e-02
9.534924e-02;1.194960e-01;1.223485e-01;3.815198e-02;5.074265e-02;1.134349e-01;1.006904e-01;1.292907e-01;1.233264e-01;3.488366e-02;2.625702e-02;4.602855e-02
1.015524e-01;1.333132e-01;8.921751e-02;3.186819e-02;4.021467e-02;1.144395e-01;9.417731e-02;1.773972e-01;1.225159e-01;3.602466e-02;2.033728e-02;3.894221e-02
8.498958e-02;1.611254e-01;9.466000e-02;3.425045e-02;5.824722e-02;8.568985e-02;9.894034e-02;2.208932e-01;8.297173e-02;2.764379e-02;2.117773e-02;2.941072e-02
7.590130e-02;1.458997e-01;1.702558e-01;6.334706e-02;6.350546e-02;9.570993e-02;5.923456e-02;2.005246e-01;5.895865e-02;3.291628e-02;7.198295e-03;2.654828e-02
5.487282e-02;1.485112e-01;1.576001e-01;8.882932e-02;4.446646e-02;1.131232e-01;8.658182e-02;1.493864e-01;4.939323e-02;3.362235e-02;1.855367e-02;5.505939e-02
4.253613e-02;1.436445e-01;1.190997e-01;9.950721e-02;4.647359e-02;8.148302e-02;1.584934e-01;1.209139e-01;3.691759e-02;3.257899e-02;3.158371e-02;8.676827e-02
4.504141e-02;8.833533e-02;1.235931e-01;7.273369e-02;4.914698e-02;1.365362e-01;1.765653e-01;8.509938e-02;3.280471e-02;2.425716e-02;8.539715e-02;8.048967e-02
5.653272e-02;5.564340e-02;1.461633e-01;6.266863e-02;5.910712e-02;2.267365e-01;1.155721e-01;5.307358e-02;3.968426e-02;2.452967e-02;1.231985e-01;3.709009e-02
4.405080e-02;8.640428e-02;1.056022e-01;9.799214e-02;9.281223e-02;2.169404e-01;5.757709e-02;5.942197e-02;4.835043e-02;6.417947e-02;1.022978e-01;2.437113e-02
3.248666e-02;1.133925e-01;7.090115e-02;1.080232e-01;1.748395e-01;1.360622e-01;3.332457e-02;6.490192e-02;8.333131e-02;1.088009e-01;4.880839e-02;2.512780e-02
3.243683e-02;1.034079e-01;8.470022e-02;1.125500e-01;1.892321e-01;9.203552e-02;4.338290e-02;6.742112e-02;1.246456e-01;1.149808e-01;1.387270e-02;2.133442e-02
3.514162e-02;8.104379e-02;1.155938e-01;1.259528e-01;1.437324e-01;1.126557e-01;4.330471e-02;7.568503e-02;1.546728e-01;8.710234e-02;1.140146e-02;1.371364e-02
3.705635e-02;5.974967e-02;1.044452e-01;1.113677e-01;9.990122e-02;1.330939e-01;4.649060e-02;1.216241e-01;1.853400e-01;6.267437e-02;1.659757e-02;2.165946e-02
2.550890e-02;5.351217e-02;9.273382e-02;8.499655e-02;6.811030e-02;1.285047e-01;6.071144e-02;1.992295e-01;2.069812e-01;3.232587e-02;1.871110e-02;2.867447e-02
2.795514e-02;9.089128e-02;9.269989e-02;6.046880e-02;5.472416e-02;1.508514e-01;5.669250e-02;2.096194e-01;1.706684e-01;3.150789e-02;2.162025e-02;3.230080e-02
5.273284e-02;1.476530e-01;8.635386e-02;4.618852e-02;7.895683e-02;1.668373e-01;9.431853e-02;1.196326e-01;8.920553e-02;5.557208e-02;2.933611e-02;3.321283e-02
6.443624e-02;1.734961e-01;9.196027e-02;6.417064e-02;7.704889e-02;1.523549e-01;9.866177e-02;1.110449e-01;6.075588e-02;5.115507e-02;3.091744e-02;2.399800e-02
5.276806e-02;1.137296e-01;7.641990e-02;6.106320e-02;9.285869e-02;1.812799e-01;6.279350e-02;1.624541e-01;1.048741e-01;4.279911e-02;3.593048e-02;1.302933e-02
4.023756e-02;6.333278e-02;6.859981e-02;4.969148e-02;8.803914e-02;2.346806e-01;1.567210e-02;1.868237e-01;1.522588e-01;5.028807e-02;3.673805e-02;1.363786e-02
2.608088e-02;5.681257e-02;5.820208e-02;5.174659e-02;4.574052e-02;2.477186e-01;4.970801e-02;2.149751e-01;1.495299e-01;5.435149e-02;2.449161e-02;2.064263e-02
4.570387e-02;6.932825e-02;5.826757e-02;6.191489e-02;7.170174e-02;2.223092e-01;4.027199e-02;2.171705e-01;9.344425e-02;5.562201e-02;1.565021e-02;4.861550e-02
8.233444e-02;9.891374e-02;7.997523e-02;5.773295e-02;5.448293e-02;1.403330e-01;5.697243e-02;2.114534e-01;5.508023e-02;6.469955e-02;3.476527e-02;6.325689e-02
9.554908e-02;1.224097e-01;1.098888e-01;6.452812e-02;6.159892e-02;5.513424e-02;5.847634e-02;2.080447e-01;6.342694e-02;6.534392e-02;5.466113e-02;4.093820e-02
9.852358e-02;1.322934e-01;7.758342e-02;8.537354e-02;8.743224e-02;4.571268e-02;6.091122e-02;2.123538e-01;8.135924e-02;5.883078e-02;3.943697e-02;2.018912e-02
8.150687e-02;1.289753e-01;1.119758e-01;7.125936e-02;7.967091e-02;1.073858e-01;6.086016e-02;1.746145e-01;1.075669e-01;2.856463e-02;3.418387e-02;1.343588e-02
6.418407e-02;1.426736e-01;1.062843e-01;5.223197e-02;8.119127e-02;1.249231e-01;5.828326e-02;1.228041e-01;1.274356e-01;5.178575e-02;4.831326e-02;1.988976e-02
4.063087e-02;1.095403e-01;6.155438e-02;5.865813e-02;1.121055e-01;1.148041e-01;2.835077e-02;1.450503e-01;1.744669e-01;9.593156e-02;4.232718e-02;1.658000e-02
5.279680e-02;9.245270e-02;3.772524e-02;7.366798e-02;1.107160e-01;7.053670e-02;2.815786e-02;1.785173e-01;2.244321e-01;8.887852e-02;2.204430e-02;2.007451e-02
1.025810e-01;7.572368e-02;3.109786e-02;9.474677e-02;7.277270e-02;3.744228e-02;4.452102e-02;2.114726e-01;2.398486e-01;5.016940e-02;2.008293e-02;1.954109e-02
1.238659e-01;5.519696e-02;3.732507e-02;9.774607e-02;3.861210e-02;5.368294e-02;4.666242e-02;2.292726e-01;2.241906e-01;4.400694e-02;2.873286e-02;2.070551e-02
9.143696e-02;3.902430e-02;5.859065e-02;9.166047e-02;6.720059e-02;7.919019e-02;3.602853e-02;2.259337e-01;1.903526e-01;4.626071e-02;3.079270e-02;4.352859e-02
5.973830e-02;6.740647e-02;8.598041e-02;6.253754e-02;5.993500e-02;1.021603e-01;2.342705e-02;2.320322e-01;1.675452e-01;3.868628e-02;2.906889e-02;7.148235e-02
5.411056e-02;8.206698e-02;9.752469e-02;3.062761e-02;5.862748e-02;1.170106e-01;1.989608e-02;2.448432e-01;1.355638e-01;3.126511e-02;3.108785e-02;9.737607e-02
4.270992e-02;1.134757e-01;1.049491e-01;6.145067e-02;6.729597e-02;8.781009e-02;4.422608e-02;2.449705e-01;1.220052e-01;2.174080e-02;2.974976e-02;5.961620e-02
5.327376e-02;1.431451e-01;9.237118e-02;6.151575e-02;4.712223e-02;6.569821e-02;5.902509e-02;2.608094e-01;1.497405e-01;2.454897e-02;1.746034e-02;2.528943e-02
5.089441e-02;1.369398e-01;8.136945e-02;6.805690e-02;5.256204e-02;5.267451e-02;7.451122e-02;2.658382e-01;1.358949e-01;2.814696e-02;2.538283e-02;2.772874e-02
6.712974e-02;8.658587e-02;6.484294e-02;8.693815e-02;1.104721e-01;8.806416e-02;5.189940e-02;1.933412e-01;1.361634e-01;3.212630e-02;4.899603e-02;3.344079e-02
6.955747e-02;4.833778e-02;8.593855e-02;9.613886e-02;1.048740e-01;1.033887e-01;4.009631e-02;1.947923e-01;1.485879e-01;2.641509e-02;4.017542e-02;4.169755e-02
6.333734e-02;3.806195e-02;6.167550e-02;8.997239e-02;1.069788e-01;7.614162e-02;3.936602e-02;2.496046e-01;1.791157e-01;4.085849e-02;3.032700e-02;2.456063e-02
6.050046e-02;8.641361e-02;7.455214e-02;5.461237e-02;1.198951e-01;8.309012e-02;3.423655e-02;2.168696e-01;1.455993e-01;5.916195e-02;3.376353e-02;3.130532e-02
7.261692e-02;1.186997e-01;8.210403e-02;6.219009e-02;1.193009e-01;8.059618e-02;3.354700e-02;1.830956e-01;1.122897e-01;5.593773e-02;4.035367e-02;3.926855e-02
9.194753e-02;1.182090e-01;5.748085e-02;7.353972e-02;1.277788e-01;7.614902e-02;2.345166e-02;2.048014e-01;9.896817e-02;7.029504e-02;2.438262e-02;3.299619e-02
7.795157e-02;1.513354e-01;1.101416e-01;2.525435e-02;8.919580e-02;8.208621e-02;3.248197e-02;1.848761e-01;1.489729e-01;5.123577e-02;2.026436e-02;2.620381e-02
5.839702e-02;1.369883e-01;1.066989e-01;4.679796e-02;8.503940e-02;6.062488e-02;4.710742e-02;1.989733e-01;1.738516e-01;2.729286e-02;2.566167e-02;3.256666e-02
4.402020e-02;8.830574e-02;4.915091e-02;7.459620e-02;1.174132e-01;5.806838e-02;6.843474e-02;1.554388e-01;2.313893e-01;3.699128e-02;3.497933e-02;4.121202e-02
3.716839e-02;7.877540e-02;7.229351e-02;6.242389e-02;1.184466e-01;6.191949e-02;5.877026e-02;1.968800e-01;2.242411e-01;3.331995e-02;2.267111e-02;3.309037e-02
4.629251e-02;7.410441e-02;6.662182e-02;6.704337e-02;1.298529e-01;7.280903e-02;2.086969e-02;2.180287e-01;2.112262e-01;4.134096e-02;3.275479e-02;1.905568e-02
4.729387e-02;7.043879e-02;8.063087e-02;9.440556e-02;1.550348e-01;4.482342e-02;1.535149e-02;1.942388e-01;1.845768e-01;6.399809e-02;2.692403e-02;2.228350e-02
3.909534e-02;1.127995e-01;1.048251e-01;9.933265e-02;1.530956e-01;5.978927e-02;1.702772e-02;1.384084e-01;1.195034e-01;8.829590e-02;3.229250e-02;3.553457e-02
5.168927e-02;7.024637e-02;1.214221e-01;6.161079e-02;1.282710e-01;9.953617e-02;4.796163e-02;1.487103e-01;7.344673e-02;9.898045e-02;6.199806e-02;3.612709e-02
4.811576e-02;1.104393e-01;1.374210e-01;4.932561e-02;9.230012e-02;1.198249e-01;5.226339e-02;1.486311e-01;8.742152e-02;7.398541e-02;3.739654e-02;4.287533e-02
6.778639e-02;1.800096e-01;1.428348e-01;5.216506e-02;8.200865e-02;1.429552e-01;4.757534e-02;9.904337e-02;6.255415e-02;4.556285e-02;3.489934e-02;4.260531e-02
6.830268e-02;1.752536e-01;1.215112e-01;5.292739e-02;7.368329e-02;1.179520e-01;3.026139e-02;1.196796e-01;1.002188e-01;5.845139e-02;3.863110e-02;4.312757e-02
5.536911e-02;1.471818e-01;6.108233e-02;8.749305e-02;1.070631e-01;7.280856e-02;2.401262e-02;1.366902e-01;1.677368e-01;7.869795e-02;3.278937e-02;2.907509e-02
8.330382e-02;1.116972e-01;2.524304e-02;1.439234e-01;1.416671e-01;1.330015e-02;3.328696e-02;1.187072e-01;2.338010e-01;6.542785e-02;1.828403e-02;1.135828e-02
1.080972e-01;5.370000e-02;2.774863e-02;2.064070e-01;1.291753e-01;3.309516e-02;3.493846e-02;1.067357e-01;2.452468e-01;3.378196e-02;1.088594e-02;1.018795e-02
1.008555e-01;1.660177e-02;5.164021e-02;2.680040e-01;8.592671e-02;1.246135e-02;2.762149e-02;1.275616e-01;2.510541e-01;3.566265e-02;9.978819e-03;1.263183e-02
7.083923e-02;1.973384e-02;4.969079e-02;2.988205e-01;4.428664e-02;1.486877e-02;2.228480e-02;1.714338e-01;2.566435e-01;2.383345e-02;1.290861e-02;1.465607e-02
5.215251e-02;4.135848e-02;3.887447e-02;2.845708e-01;4.342476e-02;2.945077e-02;1.967819e-02;1.933415e-01;2.548977e-01;2.297261e-02;1.301318e-02;6.265032e-03
7.238853e-02;4.772831e-02;5.748596e-02;2.559139e-01;2.684283e-02;2.334128e-02;2.498205e-02;1.783207e-01;2.716314e-01;1.815678e-02;1.335574e-02;9.852537e-03
6.776718e-02;3.577022e-02;6.480943e-02;2.338498e-01;1.429524e-02;2.272304e-02;2.761160e-02;1.676891e-01;2.962010e-01;3.083262e-02;2.049709e-02;1.795365e-02
5.242937e-02;4.817937e-02;9.708836e-02;2.029594e-01;2.298956e-02;2.223379e-02;2.149652e-02;1.702342e-01;2.745834e-01;2.905842e-02;2.454181e-02;3.420589e-02
5.416797e-02;4.669295e-02;7.610997e-02;2.046625e-01;3.966559e-02;2.030608e-02;1.638126e-02;1.577124e-01;2.699905e-01;1.560081e-02;3.024549e-02;6.846440e-02
2.921754e-02;3.702318e-02;8.037237e-02;2.074756e-01;4.506408e-02;1.666205e-02;1.286023e-02;1.979908e-01;2.565575e-01;1.819367e-02;3.332205e-02;6.526090e-02
3.081855e-02;1.597658e-02;7.704738e-02;2.003277e-01;4.604909e-02;2.698696e-02;2.377291e-02;2.513857e-01;2.515313e-01;1.889969e-02;2.320551e-02;3.399855e-02
3.367412e-02;3.528733e-02;9.840710e-02;1.741338e-01;3.006003e-02;3.171268e-02;3.836715e-02;2.690834e-01;2.494963e-01;1.869922e-02;8.959284e-03;1.211959e-02
2.974711e-02;4.931512e-02;9.841743e-02;1.746337e-01;2.123960e-02;3.820273e-02;3.195490e-02;2.303808e-01;2.667730e-01;3.913036e-02;1.188208e-02;8.323267e-03
3.291311e-02;5.606679e-02;1.005319e-01;2.021622e-01;6.193831e-02;2.780694e-02;3.394160e-02;1.764028e-01;2.497860e-01;3.267179e-02;1.379723e-02;1.198136e-02
5.008870e-02;6.281877e-02;1.008490e-01;1.887677e-01;8.061973e-02;2.785745e-02;2.774992e-02;1.931169e-01;1.941282e-01;3.731200e-02;1.773932e-02;1.895233e-02
7.517379e-02;6.440146e-02;6.324075e-02;1.652728e-01;8.020988e-02;2.441229e-02;1.467339e-02;2.406103e-01;1.932355e-01;3.225216e-02;1.765881e-02;2.885891e-02
9.046905e-02;6.149754e-02;3.318490e-02;1.144302e-01;5.815239e-02;2.200070e-02;2.130477e-02;2.836490e-01;2.514042e-01;2.308186e-02;1.297634e-02;2.784916e-02
8.514298e-02;8.462159e-02;4.538134e-02;7.504502e-02;2.995543e-02;3.318986e-02;1.286409e-02;2.708485e-01;2.923272e-01;3.236726e-02;1.127896e-02;2.697775e-02
5.592842e-02;8.775970e-02;7.795132e-02;4.637859e-02;4.384734e-02;6.984728e-02;2.129750e-02;2.632226e-01;2.714999e-01;2.647701e-02;1.363287e-02;2.215743e-02
