6.909199e-02;3.506901e-02;6.270764e-02;5.201890e-02;7.212021e-02;8.579100e-02;3.736572e-01;6.943665e-02;5.938364e-02;4.314043e-02;2.933790e-02;4.824543e-02
9.277574e-02;6.389255e-02;1.134310e-01;3.929424e-02;9.240266e-02;6.871012e-02;2.337586e-01;6.039280e-02;7.296619e-02;6.111779e-02;4.950202e-02;5.175627e-02
9.142850e-02;8.101001e-02;1.474004e-01;6.238185e-02;8.582493e-02;6.280521e-02;1.168335e-01;6.721460e-02;8.847453e-02;8.258729e-02;6.136058e-02;5.267864e-02
1.043137e-01;8.075098e-02;1.474518e-01;7.505477e-02;8.056967e-02;6.528873e-02;9.387022e-02;5.374660e-02;9.738782e-02;8.949535e-02;6.303328e-02;4.903707e-02
1.351655e-01;7.493024e-02;1.143377e-01;7.047839e-02;6.203281e-02;6.983579e-02;8.974892e-02;4.885446e-02;1.069655e-01;6.291680e-02;8.010692e-02;8.462703e-02
1.159024e-01;5.972309e-02;1.146583e-01;1.007816e-01;5.423928e-02;6.992886e-02;8.335833e-02;5.016154e-02;7.522884e-02;1.037589e-01;5.479191e-02;1.174669e-01
7.030912e-02;5.619166e-02;1.362092e-01;1.255397e-01;5.716604e-02;6.395631e-02;1.095335e-01;5.097350e-02;5.690516e-02;1.334672e-01;5.779982e-02;8.194885e-02
1.107077e-01;1.135011e-01;1.361179e-01;9.872521e-02;6.794356e-02;6.103086e-02;1.078349e-01;6.014145e-02;4.920372e-02;8.109479e-02;7.238364e-02;4.131519e-02
1.190729e-01;1.051906e-01;1.206174e-01;8.247361e-02;8.442665e-02;8.263987e-02;1.190886e-01;6.524849e-02;6.165585e-02;5.902155e-02;5.667991e-02;4.388452e-02
1.232341e-01;8.050673e-02;1.203340e-01;5.412250e-02;9.056143e-02;7.973131e-02;1.269325e-01;6.544127e-02;6.733642e-02;8.189198e-02;4.619197e-02;6.371573e-02
9.150222e-02;8.055226e-02;1.408244e-01;4.966070e-02;6.409130e-02;5.315871e-02;9.506390e-02;6.420659e-02;6.079033e-02;9.693732e-02;5.916525e-02;1.440470e-01
6.607889e-02;1.164819e-01;1.228668e-01;8.717676e-02;7.877680e-02;3.880219e-02;1.110618e-01;6.376927e-02;5.477365e-02;8.213770e-02;3.846100e-02;1.396132e-01
1.053303e-01;1.093311e-01;1.279304e-01;6.303716e-02;1.049776e-01;6.637409e-02;1.031322e-01;7.831261e-02;6.285605e-02;6.530844e-02;4.192476e-02;7.148519e-02
1.197939e-01;6.611385e-02;1.317580e-01;4.574541e-02;1.486697e-01;1.084238e-01;7.743111e-02;5.567694e-02;5.972106e-02;8.085521e-02;5.633038e-02;4.948060e-02
7.388729e-02;8.718188e-02;8.643678e-02;7.258326e-02;1.219877e-01;1.186422e-01;6.422678e-02;5.233165e-02;3.957699e-02;1.015745e-01;7.923047e-02;1.023405e-01
4.384800e-02;8.511765e-02;7.925671e-02;8.888928e-02;9.824121e-02;9.855762e-02;7.322814e-02;6.500319e-02;7.047068e-02;9.108301e-02;8.428382e-02;1.220207e-01
6.849977e-02;9.510111e-02;8.544759e-02;5.626356e-02;8.954032e-02;8.358929e-02;9.674963e-02;8.091433e-02;7.542877e-02;9.453410e-02;6.668004e-02;1.072515e-01
8.045897e-02;1.078682e-01;9.283953e-02;5.975678e-02;7.092633e-02;6.470174e-02;1.139840e-01;8.574653e-02;5.493902e-02;1.157763e-01;4.367193e-02;1.093307e-01
9.098025e-02;7.094692e-02;1.046807e-01;4.073752e-02;6.617115e-02;5.333592e-02;1.136889e-01;9.481326e-02;7.643617e-02;1.037138e-01;9.361156e-02;9.088374e-02
7.608032e-02;6.183509e-02;1.077452e-01;3.824119e-02;6.283177e-02;4.069012e-02;1.380682e-01;1.146700e-01;7.069369e-02;9.892106e-02;1.140627e-01;7.616065e-02
4.457866e-02;7.441116e-02;8.873030e-02;3.385190e-02;5.401916e-02;3.017905e-02;1.682377e-01;1.162264e-01;9.052876e-02;8.074466e-02;1.494736e-01;6.901859e-02
5.039226e-02;8.877790e-02;5.277912e-02;5.124972e-02;3.761979e-02;4.098967e-02;1.935967e-01;9.394392e-02;1.143232e-01;6.249559e-02;1.592668e-01;5.456539e-02
8.285889e-02;6.890275e-02;3.426732e-02;9.215695e-02;2.794223e-02;7.843946e-02;1.506834e-01;9.187859e-02;8.353847e-02;1.455827e-01;9.004377e-02;5.370548e-02
1.275640e-01;4.347133e-02;2.272070e-02;1.324501e-01;3.007106e-02;1.018893e-01;1.068954e-01;9.897655e-02;4.983482e-02;2.202107e-01;2.072517e-02;4.519094e-02
1.192885e-01;6.050082e-02;3.318897e-02;1.244759e-01;2.986879e-02;8.412191e-02;1.512811e-01;7.318941e-02;4.891692e-02;1.879241e-01;3.028442e-02;5.695916e-02
7.343531e-02;1.038161e-01;3.632928e-02;7.997134e-02;4.918029e-02;4.811871e-02;2.384604e-01;3.553952e-02;9.481060e-02;1.049383e-01;8.827778e-02;4.712236e-02
3.221129e-02;9.298586e-02;5.393243e-02;3.991492e-02;8.375049e-02;3.970363e-02;2.760766e-01;5.237607e-02;1.011954e-01;5.165766e-02;1.427541e-01;3.344161e-02
3.994432e-02;6.636316e-02;9.044064e-02;2.345687e-02;8.028243e-02;4.252521e-02;2.608569e-01;9.453408e-02;6.632367e-02;5.403404e-02;1.330190e-01;4.821979e-02
7.762887e-02;8.310281e-02;1.137909e-01;2.517679e-02;3.948332e-02;6.609274e-02;2.409158e-01;1.193321e-01;4.762827e-02;6.806196e-02;5.789766e-02;6.088886e-02
8.353967e-02;9.742111e-02;8.654919e-02;4.215456e-02;5.836044e-02;7.956837e-02;2.004805e-01;1.001758e-01;4.658053e-02;7.898404e-02;6.905171e-02;5.713404e-02
6.404737e-02;1.002953e-01;7.277883e-02;3.781439e-02;8.098758e-02;6.668857e-02;2.378749e-01;7.547136e-02;4.406705e-02;8.306950e-02;1.028306e-01;3.407450e-02
1.154500e-01;9.143067e-02;3.967514e-02;3.463370e-02;4.976398e-02;5.356218e-02;3.510206e-01;7.487012e-02;4.225281e-02;7.770734e-02;3.317575e-02;3.645765e-02
9.031345e-02;7.973174e-02;4.365643e-02;4.437992e-02;9.439046e-02;3.735786e-02;3.325090e-01;7.263191e-02;3.925443e-02;5.407749e-02;8.211513e-02;2.958224e-02
5.755015e-02;6.102944e-02;7.537024e-02;3.822111e-02;1.235387e-01;5.165963e-02;3.063084e-01;3.863802e-02;3.862801e-02;3.013477e-02;1.415159e-01;3.740565e-02
6.512291e-02;6.283046e-02;1.498722e-01;8.404857e-02;1.062125e-01;5.413628e-02;1.898325e-01;4.558763e-02;4.650517e-02;3.427929e-02;1.239646e-01;3.760784e-02
7.642070e-02;7.245366e-02;2.180123e-01;1.088427e-01;8.516982e-02;7.736282e-02;1.065450e-01;7.187821e-02;5.105757e-02;4.282145e-02;6.049664e-02;2.893922e-02
4.327911e-02;6.185490e-02;2.739332e-01;1.350241e-01;6.324784e-02;9.635609e-02;1.076980e-01;6.788477e-02;5.418568e-02;3.683466e-02;2.807827e-02;3.162340e-02
2.685804e-02;4.203662e-02;2.773772e-01;2.119362e-01;5.109061e-02;6.880571e-02;1.320975e-01;4.597665e-02;7.911202e-02;2.599317e-02;1.720492e-02;2.151140e-02
2.736630e-02;4.447218e-02;3.481814e-01;2.084651e-01;4.263096e-02;1.820385e-02;9.751180e-02;4.118719e-02;1.106644e-01;2.325712e-02;1.597528e-02;2.208444e-02
3.462653e-02;7.931992e-02;3.977157e-01;1.265930e-01;2.878681e-02;3.198812e-02;8.864552e-02;3.389703e-02;1.052012e-01;2.180578e-02;1.992448e-02;3.149579e-02
4.417560e-02;1.053531e-01;3.006247e-01;6.891488e-02;2.762867e-02;4.456500e-02;1.846047e-01;5.700260e-02;7.027791e-02;4.432014e-02;1.886284e-02;3.366975e-02
4.196688e-02;1.366053e-01;1.018078e-01;6.409981e-02;5.156181e-02;6.415579e-02;2.696885e-01;7.549357e-02;5.948891e-02;7.994166e-02;2.060384e-02;3.458615e-02
9.522223e-02;1.338238e-01;1.669618e-01;7.110034e-02;8.512182e-02;8.479477e-02;1.161121e-01;3.933393e-02;7.865084e-02;7.185404e-02;2.570465e-02;3.131957e-02
9.086707e-02;7.722283e-02;1.215828e-01;7.814792e-02;8.270214e-02;8.867167e-02;1.799969e-01;2.674291e-02;6.232199e-02;1.138208e-01;4.405235e-02;3.387048e-02
8.129282e-02;8.283020e-02;1.421152e-01;6.215962e-02;5.190497e-02;6.116356e-02;2.085834e-01;4.696939e-02;6.253489e-02;1.139428e-01;5.729720e-02;2.920583e-02
7.285969e-02;8.613725e-02;2.030373e-01;4.463822e-02;4.085557e-02;3.736896e-02;2.112657e-01;6.170876e-02;5.945693e-02;9.197396e-02;6.138108e-02;2.931651e-02
5.590159e-02;5.421836e-02;2.808460e-01;6.260350e-02;3.911763e-02;1.945048e-02;1.993177e-01;8.453125e-02;4.833912e-02;7.592819e-02;4.950749e-02;3.023867e-02
5.029307e-02;4.177691e-02;2.578998e-01;6.802872e-02;4.728917e-02;1.043354e-02;2.232821e-01;1.112008e-01;4.420901e-02;5.937548e-02;5.910860e-02;2.710276e-02
5.730307e-02;9.418411e-02;1.151595e-01;3.797730e-02;5.130596e-02;2.123915e-02;2.875366e-01;9.581918e-02;7.347018e-02;3.745586e-02;1.151816e-01;1.336749e-02
5.694417e-02;1.207540e-01;6.975552e-02;2.135392e-02;4.418886e-02;3.306664e-02;3.164060e-01;6.694826e-02;1.044426e-01;3.193863e-02;1.213469e-01;1.285443e-02
7.747237e-02;1.160407e-01;6.382354e-02;2.490420e-02;3.919853e-02;6.744095e-02;3.070010e-01;4.574877e-02;9.421580e-02;5.348674e-02;8.248565e-02;2.818171e-02
1.005230e-01;8.742549e-02;5.788624e-02;4.458609e-02;6.402823e-02;1.058209e-01;2.550295e-01;5.116083e-02;5.780710e-02;9.014030e-02;4.141787e-02;4.417447e-02
8.900709e-02;5.806081e-02;9.356440e-02;5.595632e-02;1.094302e-01;1.233359e-01;1.443144e-01;8.202729e-02;3.858123e-02;1.256914e-01;3.539438e-02;4.463650e-02
1.072196e-01;5.460155e-02;9.824132e-02;3.928749e-02;1.242205e-01;1.105884e-01;1.448989e-01;8.873962e-02;4.069403e-02;1.175821e-01;4.808895e-02;2.583753e-02
1.012309e-01;4.477117e-02;1.060654e-01;2.703386e-02;1.393076e-01;1.036940e-01;2.135755e-01;8.281412e-02;2.819212e-02;8.716401e-02;4.197644e-02;2.417495e-02
9.211977e-02;4.439324e-02;1.210805e-01;3.535135e-02;1.462378e-01;8.963127e-02;2.220337e-01;5.003987e-02;6.902697e-02;4.588002e-02;5.246601e-02;3.173957e-02
5.667035e-02;3.012843e-02;1.228489e-01;5.097431e-02;1.861645e-01;8.820517e-02;1.876998e-01;3.554076e-02;1.039936e-01;3.367186e-02;4.877361e-02;5.532877e-02
6.077071e-02;2.710402e-02;1.165261e-01;6.918509e-02;2.384030e-01;9.418801e-02;1.108663e-01;4.481689e-02;1.193569e-01;1.974292e-02;2.983027e-02;6.920968e-02
6.022598e-02;4.230693e-02;1.259324e-01;5.937864e-02;2.425474e-01;9.366687e-02;1.327986e-01;3.666316e-02;9.645092e-02;2.317088e-02;2.214676e-02;6.471149e-02
1.269693e-01;7.165802e-02;1.388653e-01;3.882639e-02;1.426909e-01;8.954390e-02;2.043548e-01;3.549484e-02;5.254023e-02;3.829559e-02;1.957273e-02;4.118793e-02
1.870022e-01;7.871386e-02;1.315308e-01;2.636060e-02;8.807703e-02;9.464878e-02;2.110009e-01;3.856278e-02;4.850823e-02;4.375080e-02;1.748948e-02;3.435456e-02
2.756651e-01;5.953329e-02;1.057510e-01;2.924359e-02;7.607552e-02;1.035351e-01;1.808557e-01;3.135291e-02;3.950529e-02;4.906995e-02;1.390024e-02;3.551238e-02
3.343551e-01;8.982714e-02;4.505997e-02;4.086746e-02;5.316166e-02;9.053829e-02;2.107645e-01;1.998915e-02;1.786883e-02;5.595257e-02;1.377473e-02;2.784064e-02
2.869808e-01;1.592775e-01;3.582273e-02;2.895752e-02;3.634000e-02;5.999964e-02;2.647894e-01;1.638174e-02;1.012674e-02;4.477873e-02;3.498364e-02;2.156156e-02
1.791998e-01;1.965079e-01;8.222518e-02;1.298800e-02;2.963288e-02;3.654305e-02;3.101912e-01;2.641639e-02;1.324271e-02;2.985697e-02;6.183941e-02;2.135646e-02
7.357710e-02;1.630511e-01;1.932866e-01;2.043626e-02;2.421736e-02;2.579377e-02;2.994729e-01;5.714595e-02;2.387615e-02;2.511713e-02;5.564026e-02;3.838547e-02
4.484422e-02;9.710319e-02;2.672548e-01;8.644116e-02;2.847764e-02;2.155599e-02;2.180897e-01;7.918689e-02;5.230480e-02;3.287613e-02;2.392156e-02;4.794389e-02
6.559736e-02;6.356545e-02;1.843159e-01;1.766403e-01;8.427905e-02;1.129284e-02;1.378869e-01;7.150269e-02;9.456784e-02;5.739963e-02;2.559520e-02;2.735692e-02
6.146206e-02;3.546450e-02;7.775015e-02;1.673994e-01;1.373134e-01;4.886204e-02;1.186562e-01;8.648088e-02;1.066377e-01;1.077992e-01;3.308829e-02;1.908619e-02
6.019071e-02;4.540627e-02;6.140561e-02;8.838897e-02;1.118390e-01;5.826289e-02;9.514739e-02;1.057393e-01;9.985562e-02;1.705577e-01;7.145884e-02;3.174763e-02
9.437309e-02;6.228866e-02;6.663562e-02;5.647613e-02;6.008317e-02;5.632444e-02;9.249917e-02;8.582185e-02;7.441580e-02;1.606296e-01;1.278386e-01;6.261392e-02
1.052981e-01;7.081899e-02;7.565918e-02;8.894958e-02;5.357558e-02;6.159917e-02;1.566901e-01;4.456567e-02;4.226260e-02;8.456220e-02;1.132984e-01;1.027204e-01
9.174273e-02;7.221257e-02;6.076672e-02;1.280010e-01;6.557726e-02;8.208624e-02;1.952268e-01;4.014618e-02;2.932708e-02;5.844579e-02;7.731128e-02;9.915634e-02
1.054483e-01;5.822243e-02;6.572394e-02;1.134733e-01;5.221847e-02;9.619768e-02;1.876555e-01;3.478358e-02;3.438144e-02;8.377557e-02;7.401681e-02;9.410285e-02
1.077606e-01;5.620706e-02;1.108579e-01;7.430301e-02;4.590732e-02;8.811545e-02;1.732925e-01;4.623141e-02;3.732682e-02;1.062559e-01;7.173857e-02;8.200344e-02
1.118321e-01;5.459006e-02;1.439246e-01;5.376304e-02;6.456987e-02;8.179186e-02;1.341636e-01;5.470092e-02;4.121634e-02;1.165776e-01;9.005053e-02;5.281957e-02
1.203933e-01;4.901143e-02;1.381536e-01;5.641311e-02;5.359671e-02;6.648303e-02;8.700248e-02;6.083639e-02;4.219361e-02;1.426719e-01;1.170886e-01;6.615604e-02
1.142297e-01;5.737339e-02;1.325952e-01;4.167730e-02;5.027014e-02;5.736161e-02;1.404890e-01;6.350061e-02;3.607251e-02;1.422753e-01;8.460005e-02;7.955521e-02
5.844045e-02;6.123231e-02;1.093946e-01;6.407221e-02;4.118179e-02;5.497529e-02;1.950413e-01;6.691410e-02;4.292253e-02;1.622476e-01;6.193769e-02;8.164018e-02
5.189488e-02;5.624836e-02;1.211002e-01;6.975095e-02;3.874752e-02;6.008667e-02;1.632760e-01;6.254394e-02;4.108270e-02;1.639275e-01;1.054125e-01;6.592881e-02
7.904862e-02;5.754419e-02;1.474449e-01;5.953368e-02;6.000793e-02;4.903723e-02;1.681054e-01;6.434874e-02;5.105489e-02;1.309320e-01;7.275372e-02;6.018866e-02
8.178891e-02;7.095122e-02;9.725618e-02;4.860129e-02;6.438861e-02;4.896608e-02;1.538506e-01;8.568095e-02;7.937192e-02;9.423833e-02;8.219445e-02;9.271147e-02
6.968123e-02;5.524344e-02;8.024405e-02;1.206035e-01;6.367930e-02;2.635453e-02;1.627202e-01;8.364306e-02;7.883576e-02;8.192514e-02;7.857239e-02;9.849740e-02
5.192480e-02;4.114989e-02;1.325291e-01;1.057315e-01;3.684246e-02;4.360650e-02;1.838073e-01;8.246011e-02;7.156456e-02;1.170385e-01;6.454613e-02;6.879921e-02
6.548755e-02;5.850282e-02;1.122859e-01;7.107994e-02;4.483670e-02;7.168006e-02;1.346804e-01;9.183195e-02;6.711017e-02;1.363226e-01;8.023631e-02;6.594560e-02
3.074538e-02;8.025066e-02;9.732851e-02;7.887154e-02;5.153102e-02;6.741396e-02;1.256998e-01;1.047131e-01;9.307121e-02;1.396275e-01;7.248068e-02;5.826659e-02
6.843133e-02;8.084127e-02;8.886907e-02;8.908958e-02;5.714748e-02;6.861497e-02;1.431420e-01;9.342120e-02;9.570617e-02;1.203677e-01;5.684592e-02;3.752327e-02
6.979565e-02;7.221851e-02;8.921624e-02;8.530534e-02;6.343810e-02;7.789020e-02;1.791823e-01;6.263832e-02;8.088590e-02;1.551739e-01;3.043485e-02;3.382073e-02
5.626831e-02;6.765301e-02;8.430102e-02;7.812953e-02;9.379249e-02;1.022578e-01;1.358071e-01;5.034094e-02;6.175059e-02;2.169257e-01;1.548747e-02;3.728604e-02
7.055558e-02;5.730357e-02;9.766687e-02;8.195024e-02;1.189868e-01;1.048043e-01;1.210785e-01;5.131539e-02;6.397671e-02;1.779871e-01;1.679228e-02;3.758254e-02
5.739538e-02;3.974264e-02;1.061466e-01;8.180731e-02;1.196366e-01;7.390615e-02;2.090386e-01;5.852817e-02;6.086335e-02;1.171275e-01;3.407353e-02;4.173419e-02
4.018525e-02;5.449180e-02;8.674268e-02;1.089871e-01;8.624891e-02;9.615780e-02;1.732595e-01;4.695419e-02;8.605146e-02;1.146095e-01;3.866030e-02;6.765145e-02
3.801596e-02;6.834293e-02;6.025302e-02;1.532720e-01;1.086486e-01;1.328452e-01;1.125176e-01;5.081190e-02;8.794800e-02;9.103123e-02;3.866090e-02;5.765260e-02
3.690829e-02;5.160948e-02;9.792121e-02;1.577323e-01;8.411656e-02;1.780158e-01;9.945434e-02;6.007712e-02;7.451550e-02;9.056944e-02;4.551556e-02;2.356447e-02
4.469400e-02;5.597944e-02;1.045435e-01;1.122282e-01;7.712655e-02;1.438782e-01;1.168037e-01;7.935060e-02;9.228569e-02;1.068255e-01;4.256028e-02;2.372437e-02
6.654415e-02;6.882112e-02;8.386320e-02;7.560933e-02;1.052352e-01;7.994766e-02;1.532421e-01;7.840313e-02;8.607865e-02;1.316910e-01;2.655012e-02;4.401428e-02
7.638114e-02;8.868054e-02;7.293797e-02;1.774134e-01;1.007064e-01;5.820766e-02;9.119231e-02;5.448611e-02;5.988583e-02;1.114564e-01;3.312937e-02;7.552294e-02
7.360461e-02;1.530785e-01;8.333518e-02;2.336518e-01;7.110589e-02;7.130789e-02;4.654070e-02;3.435196e-02;7.461172e-02;5.543351e-02;2.883230e-02;7.414600e-02
1.447961e-01;1.499100e-01;8.769255e-02;1.669816e-01;6.486852e-02;5.371940e-02;5.900433e-02;4.320106e-02;8.029401e-02;4.268789e-02;5.568868e-02;5.115583e-02
2.061147e-01;8.463346e-02;1.075089e-01;7.859233e-02;5.789611e-02;4.587470e-02;6.330185e-02;6.961685e-02;6.565946e-02;7.334258e-02;9.749313e-02;4.996589e-02
7.194422e-02;5.258580e-02;8.961402e-02;4.807327e-02;3.199363e-02;3.977791e-02;4.968729e-02;9.794994e-02;1.717676e-01;1.922516e-01;1.052553e-01;4.909941e-02
3.673147e-02;5.724867e-02;7.775695e-02;4.796154e-02;2.758787e-02;2.788917e-02;4.023969e-02;9.506810e-02;2.110844e-01;2.387150e-01;9.771531e-02;4.200178e-02
3.727192e-02;4.891736e-02;7.138732e-02;4.358704e-02;4.268786e-02;3.569642e-02;4.043779e-02;8.936007e-02;2.218378e-01;2.581526e-01;6.919137e-02;4.147247e-02
8.140069e-02;7.407803e-02;5.927023e-02;5.939198e-02;1.128635e-01;8.381673e-02;8.436947e-02;7.876693e-02;1.187345e-01;1.409091e-01;3.890668e-02;6.749220e-02
8.918881e-02;9.283087e-02;8.013778e-02;5.638023e-02;1.220839e-01;8.295617e-02;1.091338e-01;9.191758e-02;7.481954e-02;1.007248e-01;3.594024e-02;6.388626e-02
8.707953e-02;9.993366e-02;1.107101e-01;5.156178e-02;1.026596e-01;6.960425e-02;1.413271e-01;9.674820e-02;7.453919e-02;7.658263e-02;3.589563e-02;5.335833e-02
8.000191e-02;8.166784e-02;1.364214e-01;6.039731e-02;6.528402e-02;6.817754e-02;1.497416e-01;8.646763e-02;9.076332e-02;8.511715e-02;5.787438e-02;3.808593e-02
6.014469e-02;4.488415e-02;1.246758e-01;4.720544e-02;6.498736e-02;8.230663e-02;1.813527e-01;5.192652e-02;8.791779e-02;1.404297e-01;8.495300e-02;2.921616e-02
2.352367e-02;4.685909e-02;6.480656e-02;3.365917e-02;8.929849e-02;9.678336e-02;1.720416e-01;5.052895e-02;1.135377e-01;1.782378e-01;9.744628e-02;3.327742e-02
2.959347e-02;4.730514e-02;2.733675e-02;6.124414e-02;1.141558e-01;5.760639e-02;1.112569e-01;7.301555e-02;1.443904e-01;1.875119e-01;1.120927e-01;3.449099e-02
7.793672e-02;6.031927e-02;4.049810e-02;7.103297e-02;1.237049e-01;5.136042e-02;8.749016e-02;6.955358e-02;1.153312e-01;1.398395e-01;1.147486e-01;4.818453e-02
1.225520e-01;5.832130e-02;5.624460e-02;7.429960e-02;1.028395e-01;5.093900e-02;1.043189e-01;5.186197e-02;9.850707e-02;1.222957e-01;1.025677e-01;5.525261e-02
1.191988e-01;4.967811e-02;5.254271e-02;1.095086e-01;7.122862e-02;5.269102e-02;1.000441e-01;6.538062e-02;1.048456e-01;1.284112e-01;9.502591e-02;5.144479e-02
8.313183e-02;4.319557e-02;6.762943e-02;1.531200e-01;7.482997e-02;6.217072e-02;6.659384e-02;7.236195e-02;1.081094e-01;1.315248e-01;8.910190e-02;4.823059e-02
6.628122e-02;3.446754e-02;9.818204e-02;1.614655e-01;5.760579e-02;3.160319e-02;1.202157e-01;6.700788e-02;1.258053e-01;1.257783e-01;7.104384e-02;4.054371e-02
8.603014e-02;3.096660e-02;6.174007e-02;9.671094e-02;6.782879e-02;7.712190e-02;1.125319e-01;6.854752e-02;1.036819e-01;1.594359e-01;8.630362e-02;4.910072e-02
8.419414e-02;4.579801e-02;5.403187e-02;3.478615e-02;7.262580e-02;1.196719e-01;1.116879e-01;7.845420e-02;9.448356e-02;1.326362e-01;1.149643e-01;5.666599e-02
6.392151e-02;3.500106e-02;8.283605e-02;1.789417e-02;5.173577e-02;1.630863e-01;1.221635e-01;5.525342e-02;1.371203e-01;7.621162e-02;1.424875e-01;5.228882e-02
5.002500e-02;1.817663e-02;1.175692e-01;1.699639e-02;2.849028e-02;1.967732e-01;1.486403e-01;2.491111e-02;1.703656e-01;4.003965e-02;1.506861e-01;3.732640e-02
7.733410e-02;8.870374e-03;1.190038e-01;1.912504e-02;2.678304e-02;2.231878e-01;1.289880e-01;1.741663e-02;1.250722e-01;3.552296e-02;1.828927e-01;3.580334e-02
1.111212e-01;3.207117e-02;8.482314e-02;3.288391e-02;3.563640e-02;2.100513e-01;9.747972e-02;2.314643e-02;5.545453e-02;7.016549e-02;1.956636e-01;5.150315e-02
1.004504e-01;7.140200e-02;7.360374e-02;5.157084e-02;5.786381e-02;1.516733e-01;7.628752e-02;4.273438e-02;4.249979e-02;1.143403e-01;1.303965e-01;8.717743e-02
5.008834e-02;8.487457e-02;1.114301e-01;4.929366e-02;7.547100e-02;1.147268e-01;8.197072e-02;4.258571e-02;5.121372e-02;1.293362e-01;1.003153e-01;1.086938e-01
6.430566e-02;6.972507e-02;1.414200e-01;3.592877e-02;7.718563e-02;7.976598e-02;1.005320e-01;4.696421e-02;4.123891e-02;8.895899e-02;1.477296e-01;1.062451e-01
8.035145e-02;5.947357e-02;1.708577e-01;6.658000e-02;8.367930e-02;6.600218e-02;1.099062e-01;6.167588e-02;6.010371e-02;4.932860e-02;1.017980e-01;9.024342e-02
4.676248e-02;5.843819e-02;1.482628e-01;8.957627e-02;1.065863e-01;8.594759e-02;8.943156e-02;6.757043e-02;7.861271e-02;8.676892e-02;6.462657e-02;7.741613e-02
5.107009e-02;5.083572e-02;1.503182e-01;9.760585e-02;1.009775e-01;1.098180e-01;7.175456e-02;6.632016e-02;7.282355e-02;9.661317e-02;6.405541e-02;6.780778e-02
1.001831e-01;5.438298e-02;1.224818e-01;6.162040e-02;7.322969e-02;1.314107e-01;7.536073e-02;4.874713e-02;7.853509e-02;9.712487e-02;7.255320e-02;8.437026e-02
8.536834e-02;6.440327e-02;9.796400e-02;7.807111e-02;6.875392e-02;9.746543e-02;8.892626e-02;4.523584e-02;7.728330e-02;1.436855e-01;6.157104e-02;9.127200e-02
9.342589e-02;3.135132e-02;1.534208e-01;9.129979e-02;7.320455e-02;5.377026e-02;1.017317e-01;8.938442e-02;7.725011e-02;1.112588e-01;4.174426e-02;8.215805e-02
9.979372e-02;4.216393e-02;1.514400e-01;5.661368e-02;5.508134e-02;7.152238e-02;1.469558e-01;7.696597e-02;6.658570e-02;4.538148e-02;9.323630e-02;9.425972e-02
7.674926e-02;3.464863e-02;1.209298e-01;3.643151e-02;5.249041e-02;1.055832e-01;1.655483e-01;6.810074e-02;6.982936e-02;4.900839e-02;1.389088e-01;8.177158e-02
4.455556e-02;5.244445e-02;8.016389e-02;3.277042e-02;6.458292e-02;1.239867e-01;1.377131e-01;8.160213e-02;5.683419e-02;1.144215e-01;1.518290e-01;5.909618e-02
4.248178e-02;6.642122e-02;5.629996e-02;5.524824e-02;8.888227e-02;8.969052e-02;8.906310e-02;7.558455e-02;8.002261e-02;2.046944e-01;1.048268e-01;4.678451e-02
6.920582e-02;4.622166e-02;8.268788e-02;1.030610e-01;6.842913e-02;4.202078e-02;7.066545e-02;6.040695e-02;1.891011e-01;1.582115e-01;8.536067e-02;2.462804e-02
6.455668e-02;5.105946e-02;1.447312e-01;1.115751e-01;4.286199e-02;3.708436e-02;5.950310e-02;7.146560e-02;2.046403e-01;6.968230e-02;1.018380e-01;4.100190e-02
6.352210e-02;8.602887e-02;1.812955e-01;7.126898e-02;3.202983e-02;3.930924e-02;1.053650e-01;9.753933e-02;1.089873e-01;8.024590e-02;6.365582e-02;7.075222e-02
1.227665e-01;1.202190e-01;1.300610e-01;2.630909e-02;3.400096e-02;3.753721e-02;1.875721e-01;8.854599e-02;3.361266e-02;9.836465e-02;5.115186e-02;6.985912e-02
1.662237e-01;1.127291e-01;6.631282e-02;3.254596e-02;5.753690e-02;4.586352e-02;1.856123e-01;4.060243e-02;5.261662e-02;8.360844e-02;9.454124e-02;6.180694e-02
1.458479e-01;6.403963e-02;1.078749e-01;5.770856e-02;9.727380e-02;6.226160e-02;1.223854e-01;3.508523e-02;7.228614e-02;7.731017e-02;8.271779e-02;7.520887e-02
1.539985e-01;7.993563e-02;9.301466e-02;5.253619e-02;8.772174e-02;4.243315e-02;1.344617e-01;6.541200e-02;7.599966e-02;6.491489e-02;6.498682e-02;8.458498e-02
1.297196e-01;8.635636e-02;1.377664e-01;6.870035e-02;6.800129e-02;3.976632e-02;1.299423e-01;7.637008e-02;6.594434e-02;6.242497e-02;4.622953e-02;8.877859e-02
6.495415e-02;9.791713e-02;1.572493e-01;8.118503e-02;8.171854e-02;5.368539e-02;1.539005e-01;6.243832e-02;5.823415e-02;7.945460e-02;2.875119e-02;8.051171e-02
6.045779e-02;1.087607e-01;1.707989e-01;5.948544e-02;8.964264e-02;4.585504e-02;1.519730e-01;5.492261e-02;7.258392e-02;6.281683e-02;3.389900e-02;8.880422e-02
6.700725e-02;1.221101e-01;2.220496e-01;5.328584e-02;7.226668e-02;3.874872e-02;1.167333e-01;6.284099e-02;8.144048e-02;6.979251e-02;2.768396e-02;6.604048e-02
6.898603e-02;1.284878e-01;1.962489e-01;7.988391e-02;7.463181e-02;6.246835e-02;6.230427e-02;6.634872e-02;7.736769e-02;7.488347e-02;4.841436e-02;5.997467e-02
9.065307e-02;1.161618e-01;1.648288e-01;9.537254e-02;1.049835e-01;6.408546e-02;8.700341e-02;4.341013e-02;5.682716e-02;7.318798e-02;5.627130e-02;4.721480e-02
1.235111e-01;6.201436e-02;1.318937e-01;1.063514e-01;1.093310e-01;5.388641e-02;1.582928e-01;2.529931e-02;6.067715e-02;8.690759e-02;3.667107e-02;4.516417e-02
1.290087e-01;6.070192e-02;1.089928e-01;8.844574e-02;1.218521e-01;5.658441e-02;2.324224e-01;3.014227e-02;4.403881e-02;7.075637e-02;2.386649e-02;3.318796e-02
9.055343e-02;5.769582e-02;1.047361e-01;7.229730e-02;1.192474e-01;4.314110e-02;2.932408e-01;4.916810e-02;6.055524e-02;6.916671e-02;1.824101e-02;2.195702e-02
3.930316e-02;4.458586e-02;1.222177e-01;5.861692e-02;1.080443e-01;4.653431e-02;2.835468e-01;6.631143e-02;8.694135e-02;9.702855e-02;1.904529e-02;2.782433e-02
1.733388e-02;4.861427e-02;1.316670e-01;6.407759e-02;1.358012e-01;6.989419e-02;2.122080e-01;6.754636e-02;9.419771e-02;1.050162e-01;1.768898e-02;3.595458e-02
3.749346e-02;5.380388e-02;1.002007e-01;1.412282e-01;1.581367e-01;4.583038e-02;1.302023e-01;6.163970e-02;1.160743e-01;9.855090e-02;3.485365e-02;2.198584e-02
7.579243e-02;2.635407e-02;9.672607e-02;2.099480e-01;9.592865e-02;2.200365e-02;1.262655e-01;5.395291e-02;1.287736e-01;1.075656e-01;4.353041e-02;1.315914e-02
8.193779e-02;4.291824e-02;1.294773e-01;1.849493e-01;6.673743e-02;4.597351e-02;1.066174e-01;4.295253e-02;9.879575e-02;1.313009e-01;4.594376e-02;2.239607e-02
6.030413e-02;1.379745e-01;1.158667e-01;8.582480e-02;1.069770e-01;6.012003e-02;6.073967e-02;2.696661e-02;5.646223e-02;1.734052e-01;5.656006e-02;5.879905e-02
3.411499e-02;2.414363e-01;6.218404e-02;4.518050e-02;1.160510e-01;5.161472e-02;2.008470e-02;2.909614e-02;4.108101e-02;1.947800e-01;7.822386e-02;8.615275e-02
7.991412e-02;2.065942e-01;3.110277e-02;6.840470e-02;7.049380e-02;5.424663e-02;3.752563e-02;2.748415e-02;3.582303e-02;1.635999e-01;1.426353e-01;8.217560e-02
1.918110e-01;7.130352e-02;5.369603e-02;6.151935e-02;3.075003e-02;1.003400e-01;3.970363e-02;1.725578e-02;2.895625e-02;1.227651e-01;2.228312e-01;5.906820e-02
2.195209e-01;7.839866e-02;6.100259e-02;6.930109e-02;2.688729e-02;1.038484e-01;3.841089e-02;1.768028e-02;2.038840e-02;1.136925e-01;1.955280e-01;5.534089e-02
1.670630e-01;7.251589e-02;7.306138e-02;1.024716e-01;6.453422e-02;6.558684e-02;4.465582e-02;2.942383e-02;2.935336e-02;1.451437e-01;1.481050e-01;5.808537e-02
9.702539e-02;6.328298e-02;5.723306e-02;8.897135e-02;1.165251e-01;4.198588e-02;4.913042e-02;3.814452e-02;4.636631e-02;1.718441e-01;1.504070e-01;7.908387e-02
8.731358e-02;7.949563e-02;9.667215e-02;6.694804e-02;8.691763e-02;3.347223e-02;7.166426e-02;3.893644e-02;6.639138e-02;1.379687e-01;1.567159e-01;7.750402e-02
1.086305e-01;1.424551e-01;9.515269e-02;4.742062e-02;6.466463e-02;3.428237e-02;9.312059e-02;4.123446e-02;6.091032e-02;1.144731e-01;1.299838e-01;6.767175e-02
1.540876e-01;1.498228e-01;1.295068e-01;3.748119e-02;5.353893e-02;3.288964e-02;6.999485e-02;3.716408e-02;3.997525e-02;1.301130e-01;1.038652e-01;6.156067e-02
2.094243e-01;9.160095e-02;1.591576e-01;7.332268e-02;4.411270e-02;3.280897e-02;4.822377e-02;3.813794e-02;3.857983e-02;1.328955e-01;9.617826e-02;3.555762e-02
1.673564e-01;1.057652e-01;1.518706e-01;7.920264e-02;7.341206e-02;4.346434e-02;6.844892e-02;3.033685e-02;2.892401e-02;1.002065e-01;8.701120e-02;6.400126e-02
7.908812e-02;7.316894e-02;1.528685e-01;5.973617e-02;1.054327e-01;5.895649e-02;9.036130e-02;3.134094e-02;4.232423e-02;1.013090e-01;1.032420e-01;1.021717e-01
1.173345e-01;4.178242e-02;1.240673e-01;5.743462e-02;1.082567e-01;5.708359e-02;1.207639e-01;4.123890e-02;5.997412e-02;1.220324e-01;7.244876e-02;7.758275e-02
1.024801e-01;4.419819e-02;1.275652e-01;6.274748e-02;1.041517e-01;5.031792e-02;1.192219e-01;3.849514e-02;6.911080e-02;1.396639e-01;1.033071e-01;3.874049e-02
8.015846e-02;6.219044e-02;1.523473e-01;5.885769e-02;9.055213e-02;5.196262e-02;7.669477e-02;4.282659e-02;7.121957e-02;1.569489e-01;1.146364e-01;4.160509e-02
