9.049471e-02;1.025954e-01;1.145039e-01;2.885881e-02;2.896142e-02;7.510825e-02;6.957928e-02;2.994717e-02;1.336354e-01;1.168523e-01;7.712933e-02;1.323341e-01
1.225434e-01;3.878782e-02;1.767978e-01;5.529847e-02;7.963007e-02;5.593853e-02;1.578386e-01;4.307024e-02;7.802854e-02;5.755401e-02;6.925800e-02;6.525458e-02
8.312106e-02;8.337183e-02;1.984797e-01;6.275349e-02;9.553955e-02;8.106637e-02;1.744335e-01;4.883062e-02;4.870266e-02;3.873357e-02;4.569995e-02;3.926782e-02
7.150674e-02;9.507085e-02;1.936978e-01;5.063153e-02;9.455147e-02;8.573550e-02;2.249037e-01;4.047058e-02;3.807100e-02;3.394477e-02;3.867280e-02;3.274332e-02
5.574310e-02;1.037759e-01;1.761401e-01;2.946475e-02;8.545566e-02;7.877668e-02;3.128619e-01;4.530121e-02;2.934022e-02;2.590985e-02;3.611713e-02;2.111349e-02
3.532482e-02;9.988420e-02;1.688437e-01;2.858426e-02;5.633175e-02;5.350832e-02;3.968085e-01;6.453183e-02;2.342535e-02;1.658533e-02;4.086241e-02;1.530954e-02
4.874778e-02;6.602409e-02;1.844296e-01;3.189570e-02;1.951186e-02;3.715647e-02;3.850431e-01;8.947954e-02;3.884642e-02;2.907771e-02;3.797196e-02;3.181577e-02
3.157850e-02;2.678546e-02;1.703931e-01;2.785079e-02;3.628645e-02;3.042410e-02;4.092400e-01;1.101458e-01;4.295816e-02;4.669655e-02;2.508732e-02;4.255382e-02
3.475842e-02;4.923386e-02;1.481436e-01;2.801866e-02;6.491335e-02;2.994013e-02;3.851327e-01;9.371275e-02;4.426285e-02;4.600653e-02;3.403925e-02;4.183783e-02
7.412549e-02;9.676139e-02;1.250062e-01;5.065825e-02;9.095939e-02;5.011970e-02;2.463595e-01;6.923900e-02;6.062465e-02;3.994277e-02;6.174190e-02;3.446183e-02
7.001578e-02;7.506211e-02;8.482960e-02;4.899301e-02;9.997885e-02;6.046360e-02;2.755249e-01;7.103191e-02;6.157487e-02;4.889444e-02;5.619482e-02;4.743619e-02
5.472613e-02;4.988605e-02;1.457888e-01;1.949192e-02;5.764533e-02;3.466598e-02;3.923784e-01;8.222364e-02;4.361487e-02;3.910910e-02;2.588004e-02;5.458972e-02
6.005222e-02;3.054121e-02;1.474105e-01;2.619084e-02;5.726007e-02;3.855513e-02;4.024439e-01;8.599097e-02;4.610592e-02;2.724769e-02;2.053204e-02;5.766956e-02
5.096518e-02;4.864226e-02;1.509733e-01;3.481868e-02;6.953229e-02;4.049272e-02;3.769891e-01;7.839654e-02;3.193577e-02;3.674677e-02;2.490398e-02;5.560332e-02
3.216525e-02;5.117977e-02;1.996915e-01;4.279829e-02;7.196123e-02;3.723699e-02;3.130201e-01;7.866779e-02;3.310611e-02;4.854564e-02;4.149612e-02;5.013128e-02
3.027894e-02;6.761002e-02;2.340673e-01;5.448107e-02;5.276298e-02;5.323214e-02;1.985391e-01;9.953259e-02;4.773151e-02;5.416677e-02;5.892973e-02;4.866786e-02
2.752171e-02;8.171808e-02;1.810891e-01;8.112442e-02;1.067935e-01;9.639236e-02;1.835476e-01;7.864728e-02;4.394621e-02;3.824520e-02;4.840527e-02;3.256925e-02
4.776210e-02;5.101987e-02;9.014097e-02;1.448020e-01;2.145856e-01;1.215009e-01;1.369354e-01;3.933605e-02;4.349650e-02;4.929917e-02;3.244191e-02;2.867953e-02
5.206836e-02;4.023125e-02;9.550819e-02;1.460743e-01;2.262723e-01;1.200779e-01;1.039182e-01;4.549373e-02;4.646262e-02;5.010776e-02;3.807329e-02;3.571217e-02
4.690696e-02;3.330017e-02;8.532430e-02;1.333495e-01;2.085642e-01;1.066700e-01;1.163048e-01;7.715624e-02;5.546417e-02;5.426098e-02;4.002874e-02;4.266997e-02
6.454814e-02;4.977325e-02;7.192831e-02;9.449789e-02;1.621875e-01;6.987272e-02;1.213031e-01;1.154246e-01;8.375071e-02;7.506602e-02;4.434478e-02;4.730299e-02
8.283412e-02;6.132434e-02;1.490954e-01;6.463149e-02;1.136298e-01;5.177546e-02;7.860799e-02;9.630238e-02;8.404373e-02;1.126949e-01;6.227469e-02;4.278564e-02
8.363039e-02;6.181645e-02;1.344245e-01;6.383158e-02;7.880668e-02;7.420167e-02;1.169069e-01;7.312218e-02;6.940421e-02;1.378048e-01;7.320314e-02;3.284750e-02
7.063897e-02;5.205126e-02;5.444250e-02;6.823419e-02;5.449165e-02;6.563412e-02;2.126701e-01;7.135582e-02;9.001390e-02;1.604809e-01;7.574346e-02;2.424299e-02
3.722846e-02;3.029887e-02;4.513640e-02;7.542413e-02;6.637298e-02;9.242209e-02;2.391338e-01;7.402226e-02;9.793223e-02;1.546761e-01;6.904940e-02;1.830330e-02
3.163436e-02;3.145646e-02;6.397305e-02;5.306773e-02;7.352959e-02;1.507064e-01;2.916332e-01;6.094532e-02;7.554224e-02;1.032794e-01;3.629274e-02;2.793939e-02
5.451564e-02;2.815528e-02;6.342345e-02;3.548760e-02;1.150993e-01;1.595753e-01;3.237168e-01;3.781318e-02;6.150111e-02;6.383054e-02;2.688451e-02;2.999726e-02
8.211473e-02;2.372685e-02;8.812699e-02;4.826424e-02;2.024747e-01;1.518353e-01;1.843634e-01;4.215904e-02;6.424648e-02;5.571008e-02;2.349287e-02;3.348541e-02
6.501601e-02;3.018760e-02;1.869248e-01;6.451464e-02;2.385237e-01;1.051241e-01;1.028276e-01;3.764608e-02;5.395008e-02;5.638484e-02;2.576137e-02;3.313918e-02
3.939098e-02;2.608439e-02;1.862462e-01;5.109286e-02;2.043293e-01;1.281157e-01;1.932178e-01;2.941687e-02;3.731002e-02;5.344078e-02;2.313699e-02;2.821809e-02
6.510987e-02;2.791551e-02;1.433882e-01;4.279650e-02;1.788568e-01;1.674402e-01;2.458070e-01;2.295014e-02;3.137053e-02;3.809968e-02;1.810139e-02;1.816416e-02
6.172112e-02;4.757054e-02;7.294840e-02;3.657186e-02;1.413545e-01;1.483681e-01;3.750157e-01;2.683773e-02;2.323021e-02;3.354532e-02;2.034059e-02;1.249598e-02
3.558916e-02;4.991243e-02;6.270462e-02;2.871968e-02;9.633432e-02;1.200953e-01;4.798706e-01;3.066458e-02;2.796691e-02;3.418984e-02;2.066753e-02;1.328497e-02
1.578941e-02;3.487445e-02;8.643431e-02;3.174819e-02;7.295835e-02;1.293613e-01;4.595127e-01;5.395623e-02;4.147318e-02;4.180566e-02;1.671094e-02;1.537525e-02
1.321508e-02;3.794478e-02;1.134604e-01;3.547194e-02;5.451741e-02;1.079642e-01;3.943148e-01;7.822961e-02;6.237115e-02;6.502720e-02;1.471515e-02;2.276826e-02
1.719157e-02;7.404985e-02;1.232282e-01;5.325729e-02;3.980026e-02;1.357979e-01;2.638119e-01;7.439099e-02;7.988559e-02;8.695348e-02;2.666706e-02;2.496588e-02
3.380118e-02;9.894320e-02;1.160420e-01;8.284742e-02;5.479160e-02;8.386981e-02;1.724425e-01;6.333047e-02;1.076081e-01;1.149215e-01;3.557400e-02;3.582829e-02
4.650634e-02;6.477226e-02;6.595358e-02;1.161305e-01;4.816086e-02;3.846030e-02;1.788462e-01;7.029711e-02;1.363925e-01;1.516635e-01;4.847305e-02;3.434397e-02
5.205233e-02;2.325643e-02;4.509726e-02;1.598392e-01;5.022482e-02;6.597202e-02;1.164619e-01;7.048884e-02;1.609433e-01;1.768414e-01;6.138963e-02;1.743285e-02
5.449546e-02;1.773972e-02;6.873552e-02;2.032125e-01;5.630229e-02;6.484025e-02;9.476160e-02;5.473744e-02;1.438512e-01;1.686299e-01;5.739011e-02;1.530407e-02
3.753499e-02;2.492037e-02;1.601739e-01;1.814369e-01;5.200030e-02;4.113104e-02;8.493794e-02;6.207019e-02;1.272426e-01;1.549113e-01;4.011119e-02;3.352928e-02
2.146587e-02;2.108694e-02;2.079140e-01;1.002766e-01;3.753576e-02;5.433704e-02;2.230139e-01;7.796383e-02;7.887199e-02;1.042161e-01;2.704327e-02;4.627462e-02
1.730001e-02;2.786311e-02;2.257828e-01;7.596320e-02;2.509792e-02;5.534557e-02;2.898626e-01;7.902525e-02;6.231638e-02;7.330119e-02;1.432481e-02;5.381716e-02
1.892070e-02;3.347869e-02;2.340815e-01;5.688369e-02;3.209169e-02;4.411577e-02;3.120404e-01;8.261752e-02;5.052653e-02;6.357959e-02;1.869985e-02;5.296399e-02
3.967952e-02;4.267964e-02;1.550326e-01;4.527209e-02;4.838036e-02;3.000734e-02;3.709944e-01;8.525587e-02;4.067576e-02;6.798217e-02;3.727834e-02;3.676193e-02
3.656924e-02;6.824812e-02;7.085805e-02;3.576646e-02;6.620836e-02;4.298813e-02;4.449600e-01;6.443787e-02;5.411507e-02;5.213867e-02;5.056768e-02;1.314235e-02
4.321961e-02;8.609655e-02;5.133322e-02;2.963457e-02;6.541380e-02;5.642891e-02;4.639725e-01;4.708681e-02;6.786036e-02;3.040374e-02;4.660103e-02;1.194889e-02
8.002312e-02;8.334929e-02;5.729700e-02;2.796281e-02;7.214857e-02;6.696430e-02;4.327912e-01;2.944480e-02;6.035995e-02;3.547211e-02;2.783105e-02;2.635580e-02
1.162017e-01;4.894786e-02;4.442979e-02;4.544173e-02;9.766530e-02;7.485682e-02;4.112217e-01;3.616654e-02;4.091142e-02;4.819480e-02;9.465537e-03;2.649685e-02
1.405938e-01;3.170892e-02;2.343651e-02;4.399571e-02;1.224826e-01;9.103000e-02;3.967665e-01;4.528809e-02;2.211248e-02;5.084536e-02;1.146641e-02;2.027361e-02
1.704169e-01;4.737376e-02;5.392104e-02;4.075151e-02;1.169200e-01;1.021670e-01;3.252916e-01;4.006891e-02;2.376112e-02;4.096868e-02;1.871800e-02;1.964145e-02
1.697285e-01;7.935883e-02;8.528806e-02;5.599187e-02;9.036357e-02;9.621106e-02;2.933280e-01;2.780366e-02;2.321397e-02;3.740890e-02;1.963545e-02;2.166804e-02
1.536865e-01;8.246095e-02;7.334064e-02;5.699131e-02;8.401977e-02;9.077185e-02;3.287621e-01;2.050019e-02;2.332676e-02;4.670673e-02;1.600976e-02;2.342334e-02
1.168139e-01;9.532956e-02;4.662938e-02;4.042200e-02;6.917405e-02;7.401015e-02;4.253208e-01;1.885173e-02;1.849489e-02;4.362063e-02;2.734050e-02;2.399243e-02
5.453513e-02;1.073443e-01;4.774135e-02;1.758523e-02;5.937339e-02;4.800038e-02;5.165259e-01;2.678395e-02;2.211067e-02;2.906619e-02;5.401244e-02;1.692112e-02
2.699889e-02;9.178600e-02;6.149727e-02;1.537587e-02;5.861077e-02;3.429686e-02;5.422848e-01;3.675933e-02;2.156995e-02;2.688453e-02;7.140371e-02;1.253192e-02
3.925787e-02;7.243197e-02;7.531243e-02;2.261858e-02;5.202524e-02;2.513407e-02;5.250358e-01;4.475179e-02;1.934622e-02;2.602140e-02;7.953324e-02;1.853141e-02
3.014543e-02;5.512049e-02;8.762567e-02;3.200849e-02;4.220783e-02;2.803031e-02;5.102258e-01;5.923634e-02;2.081421e-02;2.950598e-02;8.151839e-02;2.356101e-02
1.898022e-02;4.588215e-02;9.807825e-02;3.534593e-02;3.720500e-02;3.678068e-02;4.716886e-01;7.361106e-02;2.897124e-02;4.594031e-02;6.280798e-02;4.470864e-02
2.360088e-02;3.607349e-02;1.100339e-01;3.246794e-02;5.123448e-02;3.539056e-02;3.837059e-01;9.551052e-02;4.873370e-02;8.529264e-02;4.448456e-02;5.347137e-02
2.778167e-02;2.104435e-02;1.294857e-01;2.289719e-02;6.017830e-02;2.683960e-02;3.199332e-01;1.121162e-01;6.557327e-02;1.231413e-01;3.887036e-02;5.213893e-02
2.103959e-02;2.326050e-02;1.071254e-01;2.555014e-02;4.755031e-02;2.034096e-02;4.407844e-01;9.561163e-02;5.061206e-02;9.345554e-02;3.188045e-02;4.278905e-02
2.202999e-02;2.962245e-02;8.656529e-02;2.565414e-02;4.147750e-02;1.946441e-02;5.021657e-01;8.307765e-02;4.278830e-02;6.826638e-02;3.823629e-02;4.065187e-02
2.183574e-02;2.842384e-02;9.612507e-02;2.504462e-02;3.662111e-02;2.207524e-02;5.202668e-01;7.729170e-02;4.061741e-02;6.367917e-02;3.622597e-02;3.179328e-02
2.733349e-02;2.812134e-02;1.020292e-01;2.723608e-02;4.874055e-02;2.155204e-02;5.185754e-01;7.198767e-02;4.217231e-02;6.792285e-02;2.813141e-02;1.619774e-02
4.624755e-02;2.137683e-02;1.181079e-01;3.967505e-02;6.871939e-02;4.266560e-02;4.194756e-01;6.860464e-02;4.953825e-02;6.725919e-02;2.951324e-02;2.881674e-02
5.174255e-02;4.637678e-02;1.181702e-01;4.627643e-02;6.769898e-02;5.915990e-02;3.245590e-01;6.924839e-02;5.212770e-02;7.489622e-02;5.600560e-02;3.373828e-02
3.667757e-02;3.933786e-02;1.102907e-01;3.494753e-02;5.250899e-02;4.721075e-02;3.858103e-01;7.316221e-02;4.432474e-02;9.819914e-02;5.101866e-02;2.651157e-02
2.272392e-02;2.587791e-02;1.203979e-01;2.168251e-02;2.524371e-02;2.413914e-02;4.362386e-01;7.606979e-02;3.678292e-02;1.098777e-01;5.736798e-02;4.359783e-02
3.193748e-02;3.201682e-02;1.149566e-01;2.627167e-02;2.215768e-02;1.561961e-02;4.738130e-01;6.464595e-02;3.105586e-02;8.205733e-02;4.707008e-02;5.839797e-02
7.637583e-02;4.760905e-02;1.090601e-01;3.176421e-02;4.274509e-02;2.751361e-02;4.577074e-01;4.898812e-02;3.543055e-02;5.303548e-02;2.840530e-02;4.136530e-02
1.037478e-01;5.886355e-02;1.400082e-01;3.664944e-02;6.290682e-02;4.293985e-02;3.194020e-01;5.008144e-02;4.278124e-02;5.988009e-02;4.019110e-02;4.254844e-02
1.058278e-01;7.687970e-02;2.002962e-01;4.927472e-02;7.632475e-02;5.063338e-02;1.092134e-01;6.744281e-02;5.714190e-02;9.027693e-02;5.127990e-02;6.540859e-02
7.906538e-02;7.616366e-02;9.860756e-02;5.346863e-02;6.208909e-02;3.131569e-02;2.585849e-01;7.349259e-02;5.533898e-02;1.027567e-01;5.525396e-02;5.386282e-02
7.664318e-02;1.122327e-01;9.482023e-02;7.300919e-02;5.944258e-02;3.929723e-02;1.475862e-01;7.202201e-02;6.849120e-02;1.141995e-01;5.958897e-02;8.266702e-02
8.487856e-02;1.345097e-01;1.170623e-01;8.441884e-02;4.660505e-02;4.096064e-02;8.566304e-02;7.433376e-02;7.153938e-02;1.153244e-01;5.570113e-02;8.900331e-02
9.868567e-02;1.267563e-01;1.184502e-01;7.561842e-02;4.411889e-02;4.896087e-02;1.676187e-01;6.308763e-02;5.669610e-02;9.546184e-02;4.325853e-02;6.128685e-02
1.145167e-01;7.433259e-02;1.479504e-01;4.700658e-02;8.628844e-02;6.078481e-02;3.000608e-01;3.393927e-02;2.713664e-02;4.054998e-02;2.726357e-02;4.017018e-02
1.092509e-01;8.551271e-02;1.024830e-01;3.543126e-02;1.002135e-01;6.958975e-02;3.223085e-01;3.014444e-02;2.931481e-02;3.809402e-02;2.010000e-02;5.755714e-02
1.323897e-01;8.242601e-02;1.312059e-01;3.399674e-02;1.101579e-01;8.406412e-02;2.379874e-01;3.104138e-02;3.097642e-02;4.606147e-02;3.339119e-02;4.630168e-02
1.733910e-01;7.046743e-02;1.251958e-01;4.559834e-02;1.233640e-01;9.700353e-02;1.395620e-01;3.617031e-02;5.480196e-02;5.847821e-02;3.946396e-02;3.650346e-02
1.749614e-01;6.955049e-02;1.175387e-01;5.910813e-02;1.506228e-01;8.328049e-02;7.173140e-02;4.370336e-02;7.418674e-02;5.839710e-02;2.801121e-02;6.890813e-02
1.299364e-01;5.602204e-02;1.653266e-01;5.034001e-02;1.369775e-01;6.183597e-02;1.873449e-01;3.456728e-02;3.271497e-02;4.384796e-02;4.227306e-02;5.881330e-02
9.674468e-02;3.132463e-02;2.208781e-01;5.846340e-02;1.141422e-01;3.397252e-02;2.452767e-01;4.266156e-02;2.568631e-02;4.124842e-02;5.587873e-02;3.372282e-02
5.702484e-02;3.440638e-02;2.530535e-01;5.745027e-02;1.157344e-01;4.886283e-02;2.343802e-01;4.373261e-02;2.764450e-02;4.486535e-02;4.566318e-02;3.718201e-02
3.382966e-02;3.653811e-02;2.617606e-01;5.166258e-02;1.329397e-01;5.615309e-02;2.352666e-01;3.084533e-02;2.684471e-02;5.642360e-02;3.985066e-02;3.788545e-02
5.312204e-02;3.489552e-02;2.086708e-01;5.255865e-02;9.380955e-02;4.092425e-02;2.379469e-01;3.933404e-02;4.395966e-02;7.823696e-02;4.716136e-02;6.938028e-02
1.194490e-01;6.055735e-02;1.195075e-01;4.167893e-02;7.496977e-02;4.743679e-02;1.976136e-01;6.894566e-02;4.360711e-02;9.871864e-02;5.489369e-02;7.262190e-02
1.559217e-01;9.415285e-02;1.015951e-01;3.749292e-02;7.787496e-02;6.545530e-02;1.510537e-01;6.246247e-02;5.040648e-02;7.592945e-02;4.536030e-02;8.229464e-02
1.819150e-01;8.838992e-02;1.294966e-01;4.168825e-02;7.657573e-02;8.711851e-02;1.082873e-01;5.321045e-02;6.433490e-02;4.915315e-02;4.270430e-02;7.712585e-02
1.931463e-01;5.556345e-02;1.204105e-01;5.732886e-02;8.003299e-02;8.988015e-02;1.229843e-01;5.074168e-02;5.662259e-02;6.766543e-02;5.211622e-02;5.350738e-02
1.144909e-01;8.978865e-02;1.311947e-01;9.372913e-02;1.115468e-01;8.175750e-02;9.202472e-02;4.352855e-02;5.146564e-02;7.138750e-02;5.258927e-02;6.649663e-02
1.011760e-01;1.583055e-01;1.286671e-01;1.024261e-01;1.169253e-01;7.589421e-02;4.813263e-02;5.134078e-02;6.864607e-02;5.121643e-02;5.669588e-02;4.057397e-02
9.137558e-02;1.759504e-01;1.566649e-01;7.983718e-02;1.040218e-01;6.765623e-02;5.271640e-02;4.959810e-02;6.977564e-02;6.149481e-02;5.814683e-02;3.276207e-02
9.384854e-02;1.738935e-01;1.852205e-01;5.951713e-02;8.057778e-02;5.304658e-02;9.990967e-02;4.156909e-02;5.471464e-02;7.719349e-02;4.993574e-02;3.057329e-02
1.010732e-01;1.376268e-01;1.441447e-01;6.821170e-02;8.443723e-02;5.026270e-02;2.106028e-01;3.753949e-02;3.899098e-02;6.180212e-02;3.834163e-02;2.696659e-02
1.054956e-01;1.485675e-01;1.242126e-01;4.731195e-02;7.507738e-02;5.354664e-02;2.823025e-01;3.273517e-02;4.002670e-02;3.778192e-02;3.384896e-02;1.909315e-02
1.546592e-01;1.337735e-01;1.272099e-01;6.702249e-02;6.383132e-02;6.349860e-02;2.693076e-01;2.338610e-02;2.555298e-02;2.739723e-02;1.609791e-02;2.826307e-02
1.977602e-01;1.101682e-01;1.153793e-01;8.710419e-02;9.518442e-02;8.279746e-02;1.918200e-01;2.048070e-02;2.244374e-02;2.534847e-02;1.742762e-02;3.408558e-02
2.224472e-01;1.059344e-01;1.269086e-01;6.279395e-02;1.210122e-01;8.656271e-02;1.051306e-01;2.218383e-02;3.135322e-02;2.764765e-02;3.904551e-02;4.898024e-02
2.204890e-01;1.173068e-01;1.045594e-01;3.640741e-02;1.274076e-01;7.890956e-02;1.459252e-01;1.828158e-02;3.047808e-02;2.133737e-02;5.131058e-02;4.758743e-02
1.397359e-01;1.109229e-01;7.302372e-02;2.646024e-02;1.247967e-01;8.230621e-02;2.675145e-01;2.455934e-02;3.558100e-02;2.099857e-02;4.580635e-02;4.829456e-02
5.606362e-02;9.756754e-02;9.705105e-02;5.359512e-02;1.326080e-01;8.619895e-02;2.594433e-01;3.149249e-02;5.465813e-02;2.702811e-02;3.417285e-02;7.012082e-02
1.206306e-01;6.284992e-02;1.150592e-01;8.240716e-02;1.330331e-01;7.566884e-02;1.906279e-01;4.847896e-02;4.253521e-02;2.199503e-02;2.554515e-02;8.116892e-02
1.837681e-01;5.902550e-02;1.338057e-01;8.403603e-02;1.093147e-01;6.447405e-02;1.311695e-01;5.495777e-02;3.377416e-02;2.405547e-02;3.643462e-02;8.518433e-02
2.150971e-01;9.437536e-02;1.568722e-01;6.670152e-02;7.841016e-02;5.716699e-02;8.826803e-02;5.529673e-02;3.257244e-02;5.129912e-02;3.336764e-02;7.057266e-02
2.303043e-01;8.630850e-02;1.076842e-01;6.894696e-02;8.821706e-02;6.258756e-02;7.641994e-02;5.974102e-02;4.180115e-02;7.770149e-02;4.146119e-02;5.882662e-02
1.828043e-01;3.392145e-02;6.920490e-02;6.383311e-02;9.421985e-02;1.013071e-01;1.557314e-01;6.828070e-02;5.432159e-02;6.390940e-02;4.544983e-02;6.701643e-02
1.286392e-01;4.951761e-02;1.173043e-01;6.852787e-02;7.191826e-02;1.202413e-01;1.822571e-01;5.324301e-02;6.021003e-02;5.602406e-02;3.583857e-02;5.627877e-02
7.578335e-02;8.035260e-02;1.024535e-01;9.461174e-02;7.722206e-02;1.085941e-01;1.960312e-01;7.133865e-02;5.236524e-02;5.429940e-02;3.403561e-02;5.291241e-02
1.048373e-01;8.263051e-02;1.089519e-01;1.021390e-01;1.042208e-01;9.197558e-02;1.807552e-01;6.600622e-02;4.692641e-02;3.554162e-02;1.710773e-02;5.890769e-02
1.112475e-01;6.906017e-02;1.231860e-01;9.216784e-02;1.036111e-01;1.123340e-01;1.270737e-01;6.575832e-02;4.881370e-02;4.904999e-02;3.820458e-02;5.949310e-02
6.987026e-02;5.345475e-02;1.331200e-01;7.935050e-02;8.444083e-02;1.255631e-01;8.601727e-02;6.179521e-02;7.046695e-02;9.215788e-02;8.653852e-02;5.722477e-02
7.309126e-02;6.920394e-02;1.224161e-01;5.479638e-02;9.825193e-02;1.136990e-01;1.058933e-01;5.264484e-02;9.019496e-02;7.890990e-02;9.442334e-02;4.647508e-02
5.199486e-02;8.455841e-02;1.068657e-01;6.065569e-02;9.805189e-02;1.023186e-01;8.868673e-02;7.068317e-02;9.481668e-02;9.626622e-02;8.613124e-02;5.897072e-02
8.540329e-02;6.728654e-02;5.906489e-02;5.648340e-02;6.060785e-02;1.118593e-01;1.046621e-01;8.839559e-02;9.798180e-02;8.487126e-02;9.417015e-02;8.921375e-02
1.183076e-01;7.370661e-02;3.568013e-02;5.761142e-02;4.712161e-02;9.744259e-02;9.222788e-02;1.013411e-01;8.965812e-02;7.268326e-02;1.103989e-01;1.038207e-01
1.091897e-01;9.487892e-02;9.616663e-02;5.363257e-02;7.334955e-02;9.065551e-02;6.530482e-02;8.176644e-02;5.899207e-02;6.698852e-02;1.147748e-01;9.430052e-02
9.562337e-02;1.068719e-01;1.337342e-01;3.196315e-02;6.832675e-02;8.224744e-02;1.415522e-01;5.955738e-02;4.071464e-02;8.066261e-02;9.296682e-02;6.577958e-02
1.469174e-01;1.393377e-01;1.294161e-01;2.822567e-02;4.697246e-02;5.093491e-02;1.843130e-01;4.455842e-02;2.805103e-02;6.581595e-02;7.332490e-02;6.213245e-02
2.035523e-01;1.817503e-01;8.933872e-02;3.045386e-02;4.057732e-02;4.604236e-02;2.022721e-01;2.996410e-02;1.910293e-02;5.747287e-02;5.651460e-02;4.295856e-02
2.844754e-01;2.468248e-01;2.606092e-02;2.963464e-02;3.331140e-02;4.815152e-02;1.931092e-01;1.353237e-02;1.491076e-02;5.066109e-02;2.966681e-02;2.966116e-02
2.821490e-01;3.039556e-01;6.894891e-02;2.570295e-02;2.866707e-02;4.137642e-02;1.784261e-01;7.686810e-03;4.360570e-03;3.388174e-02;6.299687e-03;1.854510e-02
1.930295e-01;2.840430e-01;1.141763e-01;3.863008e-02;5.690865e-02;4.623605e-02;2.068078e-01;8.595569e-03;7.524822e-03;2.024403e-02;1.214419e-02;1.165997e-02
1.415121e-01;2.137283e-01;9.329626e-02;3.784217e-02;7.008469e-02;6.132278e-02;2.904810e-01;2.112422e-02;2.130171e-02;2.762241e-02;1.410921e-02;7.575230e-03
1.376906e-01;1.565954e-01;4.306086e-02;2.847363e-02;4.619965e-02;6.753889e-02;3.661225e-01;4.286264e-02;5.091555e-02;2.760340e-02;2.502618e-02;7.910740e-03
1.226091e-01;1.366941e-01;3.114016e-02;2.205355e-02;4.510721e-02;5.290821e-02;3.873774e-01;4.919679e-02;6.505855e-02;3.247451e-02;4.727027e-02;8.110193e-03
1.050038e-01;1.401269e-01;2.901188e-02;2.058886e-02;6.584513e-02;4.431760e-02;4.049386e-01;3.779887e-02;4.275098e-02;3.887058e-02;6.099078e-02;9.756038e-03
5.917528e-02;1.321837e-01;5.807617e-02;2.814151e-02;6.760772e-02;4.078397e-02;4.478120e-01;3.253954e-02;2.731787e-02;3.128061e-02;5.975384e-02;1.532782e-02
5.948514e-02;1.056158e-01;1.091306e-01;3.873179e-02;3.897685e-02;3.017521e-02;4.693226e-01;4.089849e-02;2.910032e-02;2.435043e-02;3.818492e-02;1.602782e-02
6.765269e-02;8.489888e-02;1.404797e-01;4.297955e-02;3.817284e-02;2.555037e-02;4.572864e-01;5.678464e-02;2.849158e-02;2.228261e-02;2.544277e-02;9.977900e-03
5.526540e-02;3.524769e-02;1.545000e-01;3.512747e-02;3.315951e-02;2.524243e-02;4.616219e-01;8.191229e-02;4.982726e-02;3.093147e-02;2.316985e-02;1.399474e-02
6.003838e-02;6.515893e-02;1.428376e-01;3.185168e-02;2.672552e-02;2.734269e-02;4.114077e-01;9.508957e-02;5.965843e-02;4.224192e-02;1.969851e-02;1.794905e-02
5.843101e-02;8.490723e-02;1.148401e-01;3.126634e-02;4.411656e-02;2.637271e-02;3.857934e-01;9.144609e-02;5.834647e-02;5.440648e-02;2.817401e-02;2.189958e-02
4.053873e-02;1.090808e-01;9.398542e-02;4.139908e-02;8.923257e-02;4.637245e-02;3.478194e-01;5.563167e-02;5.464010e-02;6.201793e-02;3.746700e-02;2.181479e-02
1.218761e-01;1.069021e-01;8.660947e-02;4.094113e-02;1.246790e-01;6.770690e-02;2.428251e-01;2.942524e-02;6.106948e-02;6.019123e-02;3.534221e-02;2.243211e-02
1.341868e-01;9.313568e-02;1.139033e-01;4.082432e-02;1.016318e-01;5.961561e-02;2.963966e-01;4.108770e-02;5.007055e-02;3.464361e-02;1.673532e-02;1.776877e-02
8.700091e-02;9.535026e-02;1.772269e-01;4.338664e-02;4.489623e-02;2.844596e-02;3.595968e-01;4.573401e-02;3.893735e-02;3.033043e-02;2.415140e-02;2.494312e-02
4.587479e-02;7.243068e-02;1.777132e-01;4.054297e-02;4.041602e-02;4.255276e-02;3.676694e-01;6.374276e-02;4.380240e-02;3.163102e-02;3.898148e-02;3.464246e-02
7.355287e-02;4.097132e-02;1.259852e-01;5.720018e-02;5.174899e-02;4.560310e-02;3.494937e-01;8.690963e-02;5.719049e-02;4.243286e-02;3.788882e-02;3.102291e-02
1.005119e-01;7.874913e-02;7.665065e-02;1.002881e-01;7.995579e-02;7.443846e-02;1.859094e-01;6.329992e-02;8.293393e-02;6.014081e-02;5.203032e-02;4.509162e-02
9.938508e-02;7.639515e-02;6.898521e-02;1.108969e-01;7.063022e-02;7.387085e-02;1.321411e-01;4.992819e-02;1.168451e-01;8.484745e-02;4.690526e-02;6.916948e-02
5.766590e-02;5.653847e-02;1.065147e-01;1.005429e-01;8.746001e-02;6.419194e-02;1.013700e-01;6.981597e-02;1.292407e-01;1.193362e-01;2.885270e-02;7.847052e-02
5.254975e-02;5.432350e-02;1.676563e-01;9.200052e-02;1.119909e-01;6.342785e-02;9.781583e-02;6.066538e-02;9.358205e-02;9.900943e-02;4.027154e-02;6.670687e-02
6.954199e-02;6.541109e-02;2.171798e-01;9.326387e-02;9.675367e-02;5.938240e-02;1.272017e-01;2.559941e-02;6.794910e-02;8.209477e-02;4.258239e-02;5.303972e-02
6.643349e-02;1.013412e-01;1.646676e-01;1.215018e-01;9.029615e-02;5.825602e-02;1.043345e-01;5.388751e-02;8.475961e-02;9.380005e-02;2.485951e-02;3.586265e-02
7.129864e-02;1.755012e-01;1.296231e-01;1.495613e-01;9.253188e-02;4.657982e-02;8.254027e-02;6.831598e-02;6.700137e-02;8.493222e-02;1.323561e-02;1.887861e-02
8.386812e-02;2.719111e-01;1.085827e-01;8.056626e-02;8.774401e-02;5.612819e-02;8.077483e-02;5.552526e-02;6.874878e-02;5.592498e-02;2.737634e-02;2.284943e-02
7.121170e-02;2.968074e-01;1.504243e-01;6.639262e-02;5.955634e-02;5.362323e-02;7.659619e-02;4.051185e-02;8.763734e-02;3.912619e-02;3.911387e-02;1.899892e-02
1.248224e-01;2.175051e-01;1.588860e-01;8.328836e-02;6.575161e-02;3.856170e-02;6.409220e-02;3.996801e-02;8.668942e-02;5.357934e-02;3.907237e-02;2.778360e-02
1.451636e-01;1.923001e-01;1.409113e-01;1.244481e-01;5.231966e-02;7.340979e-02;4.750807e-02;4.159250e-02;4.373331e-02;6.114089e-02;4.110695e-02;3.636583e-02
1.095800e-01;1.608763e-01;1.556781e-01;1.036810e-01;8.830774e-02;4.895435e-02;5.099425e-02;7.164738e-02;6.245745e-02;5.529075e-02;3.835270e-02;5.418001e-02
8.103734e-02;1.067778e-01;1.923979e-01;7.097623e-02;1.008262e-01;2.707282e-02;6.594176e-02;8.406555e-02;8.922650e-02;6.177203e-02;3.160404e-02;8.830177e-02
1.039656e-01;8.251909e-02;1.614436e-01;5.346917e-02;8.772026e-02;3.674317e-02;9.960360e-02;6.538340e-02;6.559733e-02;9.333351e-02;6.496978e-02;8.525138e-02
1.010680e-01;6.268167e-02;9.587936e-02;5.810357e-02;7.439774e-02;3.330254e-02;8.960059e-02;6.700706e-02;8.046211e-02;1.611027e-01;1.038991e-01;7.249562e-02
6.818052e-02;2.544970e-02;1.045608e-01;7.228755e-02;4.314840e-02;4.137288e-02;1.484583e-01;7.108765e-02;1.281207e-01;1.670294e-01;9.107004e-02;3.923400e-02
4.095802e-02;2.885648e-02;1.314013e-01;6.216066e-02;4.944939e-02;6.839367e-02;2.754221e-01;9.270016e-02;9.655007e-02;9.447354e-02;3.669103e-02;2.294350e-02
1.759854e-02;6.493245e-02;1.176659e-01;2.978182e-02;6.440020e-02;6.524362e-02;4.308947e-01;8.482286e-02;3.987328e-02;3.779662e-02;2.179680e-02;2.519318e-02
2.828800e-02;1.126888e-01;4.234602e-02;2.217044e-02;6.529120e-02;4.858137e-02;5.306147e-01;5.038152e-02;3.185038e-02;2.128604e-02;3.130162e-02;1.519985e-02
6.994732e-02;1.443431e-01;5.574210e-02;2.973983e-02;6.406277e-02;5.838025e-02;4.654787e-01;3.105778e-02;2.520988e-02;2.084608e-02;2.688475e-02;8.307385e-03
1.321569e-01;1.213782e-01;4.872135e-02;5.791629e-02;6.787367e-02;7.667663e-02;3.995789e-01;1.691964e-02;2.709466e-02;2.487166e-02;1.419744e-02;1.261462e-02
1.448441e-01;6.095361e-02;4.730079e-02;7.828362e-02;7.721122e-02;7.700834e-02;4.114966e-01;1.890243e-02;2.234022e-02;4.282260e-02;9.522027e-03;9.314389e-03
1.575532e-01;4.924398e-02;4.076973e-02;8.540410e-02;9.959909e-02;1.012891e-01;3.542694e-01;2.430133e-02;1.818890e-02;4.531285e-02;8.166578e-03;1.590172e-02
1.872787e-01;6.258062e-02;4.439888e-02;6.961296e-02;1.167887e-01;1.230519e-01;2.582411e-01;2.954821e-02;2.842717e-02;4.018134e-02;9.535636e-03;3.035471e-02
2.142048e-01;7.016020e-02;5.891885e-02;3.980370e-02;1.197125e-01;1.231074e-01;1.674322e-01;3.895493e-02;5.137508e-02;4.624507e-02;1.797220e-02;5.211308e-02
2.071725e-01;6.546278e-02;8.929268e-02;6.178025e-02;1.182586e-01;9.489760e-02;8.288835e-02;3.935065e-02;6.851081e-02;6.723353e-02;3.747952e-02;6.767280e-02
1.442636e-01;1.051483e-01;1.086027e-01;6.796287e-02;1.078464e-01;7.925110e-02;1.211907e-01;2.596149e-02;6.078067e-02;5.547919e-02;6.727473e-02;5.623832e-02
1.059744e-01;1.389784e-01;1.253114e-01;6.204851e-02;6.422422e-02;7.235915e-02;1.353984e-01;4.330454e-02;4.591813e-02;6.733030e-02;8.023073e-02;5.892186e-02
8.010699e-02;1.289185e-01;1.084232e-01;7.689653e-02;7.290597e-02;6.246335e-02;1.692270e-01;4.773012e-02;4.674250e-02;8.748640e-02;5.091803e-02;6.818152e-02
7.367541e-02;1.174290e-01;8.723973e-02;7.587711e-02;6.476577e-02;6.872314e-02;2.137505e-01;5.279955e-02;6.342805e-02;9.098044e-02;3.429270e-02;5.703861e-02
9.742142e-02;9.152550e-02;1.260772e-01;3.917898e-02;6.846993e-02;7.169683e-02;1.636202e-01;6.856952e-02;4.712762e-02;9.225198e-02;3.088739e-02;1.031735e-01
9.981727e-02;6.266268e-02;1.354294e-01;4.083090e-02;9.555328e-02;6.694961e-02;1.169384e-01;7.016186e-02;5.038434e-02;1.180340e-01;3.504813e-02;1.081901e-01
5.831222e-02;3.957533e-02;1.274698e-01;3.691394e-02;7.566710e-02;9.266357e-02;1.560190e-01;7.843489e-02;7.521787e-02;1.472917e-01;4.235477e-02;7.007975e-02
7.338264e-02;2.985630e-02;1.509187e-01;3.813009e-02;6.855452e-02;8.009902e-02;1.476995e-01;1.091183e-01;8.741935e-02;1.553884e-01;3.030379e-02;2.912930e-02
6.561863e-02;3.051958e-02;1.674665e-01;4.575795e-02;6.540243e-02;8.061219e-02;1.730224e-01;9.428626e-02;7.389659e-02;1.273507e-01;3.691909e-02;3.914756e-02
5.716358e-02;3.745305e-02;2.306644e-01;6.163449e-02;7.436019e-02;7.862676e-02;1.664207e-01;4.583440e-02;7.041889e-02;8.638616e-02;5.578116e-02;3.525613e-02
5.158155e-02;4.574244e-02;3.452335e-01;9.309481e-02;8.840536e-02;5.365057e-02;1.077897e-01;2.322677e-02;4.542924e-02;7.156125e-02;5.680436e-02;1.748041e-02
4.637019e-02;5.521412e-02;4.439085e-01;7.608533e-02;7.553003e-02;3.274343e-02;6.533710e-02;1.530915e-02;2.985502e-02;8.171143e-02;4.940105e-02;2.853466e-02
4.588035e-02;4.885121e-02;4.883240e-01;4.923692e-02;5.856786e-02;2.377536e-02;5.275491e-02;9.806314e-03;1.946690e-02;9.998284e-02;4.073415e-02;6.261916e-02
1.831100e-02;3.182790e-02;5.006179e-01;3.621008e-02;4.335739e-02;1.959101e-02;5.118540e-02;6.869547e-03;2.870187e-02;1.255517e-01;4.713427e-02;9.064202e-02
5.170029e-02;2.670992e-02;4.664204e-01;3.495884e-02;3.842753e-02;2.033460e-02;5.142192e-02;5.358117e-03;3.507262e-02;1.426327e-01;5.084370e-02;7.611942e-02
1.117757e-01;1.777724e-02;4.311287e-01;3.210014e-02;4.206354e-02;1.973657e-02;6.546409e-02;7.244757e-03;2.913469e-02;1.528893e-01;5.238611e-02;3.829920e-02
1.604524e-01;2.646589e-02;4.147874e-01;4.334763e-02;3.720947e-02;1.632309e-02;7.547514e-02;6.141284e-03;1.626890e-02;1.369953e-01;4.992338e-02;1.661003e-02
1.466265e-01;2.900707e-02;4.403067e-01;6.549324e-02;4.114727e-02;1.908693e-02;8.530951e-02;5.713045e-03;1.005460e-02;1.128207e-01;3.552517e-02;8.909285e-03
1.048195e-01;2.462498e-02;4.536208e-01;1.124278e-01;4.161836e-02;2.130450e-02;9.390169e-02;1.062432e-02;1.191254e-02;8.433072e-02;3.086599e-02;9.948810e-03
9.168048e-02;1.457676e-02;4.314626e-01;1.529914e-01;4.227179e-02;2.705606e-02;9.557319e-02;2.196266e-02;1.451609e-02;5.947231e-02;3.787639e-02;1.056032e-02
8.364405e-02;2.315584e-02;3.780127e-01;1.456665e-01;3.330814e-02;5.731490e-02;8.322124e-02;4.875331e-02;1.951771e-02;4.666505e-02;6.642671e-02;1.431387e-02
5.180706e-02;4.756673e-02;2.598986e-01;1.925800e-01;6.559212e-02;9.128653e-02;6.195590e-02;7.982577e-02;1.419368e-02;3.326972e-02;8.343896e-02;1.858498e-02
3.554181e-02;7.712425e-02;1.742368e-01;2.058074e-01;1.161549e-01;8.286580e-02;5.782653e-02;7.200731e-02;3.838256e-02;3.279082e-02;7.679412e-02;3.046774e-02
3.014450e-02;7.350884e-02;1.298854e-01;1.617559e-01;1.947317e-01;5.081425e-02;6.579939e-02;4.766585e-02;9.550612e-02;3.409218e-02;5.064168e-02;6.545427e-02
5.693177e-02;3.308819e-02;1.645361e-01;1.116443e-01;2.204749e-01;4.760101e-02;7.483204e-02;3.029360e-02;1.310393e-01;2.478810e-02;2.509750e-02;7.967307e-02
1.076337e-01;3.370772e-02;1.985541e-01;9.061548e-02;1.724054e-01;7.215655e-02;8.524396e-02;3.153376e-02;8.851656e-02;4.274213e-02;2.116779e-02;5.572284e-02
1.844977e-01;6.528741e-02;1.539865e-01;6.135560e-02;1.172201e-01;9.220251e-02;1.222188e-01;3.707295e-02;2.280822e-02;9.263126e-02;2.139876e-02;2.932026e-02
2.042730e-01;6.344525e-02;5.096437e-02;6.915358e-02;1.063655e-01;7.824112e-02;1.677476e-01;2.583824e-02;3.398726e-02;1.106098e-01;2.476317e-02;6.461105e-02
1.761963e-01;5.660571e-02;7.164045e-02;6.460695e-02;1.063499e-01;6.042117e-02;1.957559e-01;2.555020e-02;4.846774e-02;9.854636e-02;3.047279e-02;6.538662e-02
1.518275e-01;5.823782e-02;6.809150e-02;5.804201e-02;1.208209e-01;6.651430e-02;1.862844e-01;3.521023e-02;1.080545e-01;6.722937e-02;3.526736e-02;4.442007e-02
1.712945e-01;5.830480e-02;9.423631e-02;4.535706e-02;1.383784e-01;6.572303e-02;1.169228e-01;3.844277e-02;9.198784e-02;6.797455e-02;4.724322e-02;6.413467e-02
1.908906e-01;4.947315e-02;1.086898e-01;7.228514e-02;1.383597e-01;4.489893e-02;4.884319e-02;5.539127e-02;5.561576e-02;1.277338e-01;5.863867e-02;4.917999e-02
1.471743e-01;5.189489e-02;1.161877e-01;1.017523e-01;1.407115e-01;5.726040e-02;1.221224e-01;3.992350e-02;6.351268e-02;9.499130e-02;2.457875e-02;3.989029e-02
1.250704e-01;6.536864e-02;1.245748e-01;1.193288e-01;1.504360e-01;6.648029e-02;1.767114e-01;2.153941e-02;1.710090e-02;5.288981e-02;2.144685e-02;5.905273e-02
1.505238e-01;4.931094e-02;1.306615e-01;7.588367e-02;1.225846e-01;5.716981e-02;1.834444e-01;2.492039e-02;5.478048e-02;6.306478e-02;3.135812e-02;5.629744e-02
1.728598e-01;3.320497e-02;1.180934e-01;6.220609e-02;9.511810e-02;6.082512e-02;1.762217e-01;2.894676e-02;6.503151e-02;8.316190e-02;3.804484e-02;6.628570e-02
1.995197e-01;3.617207e-02;1.273587e-01;8.892400e-02;9.119919e-02;4.557209e-02;1.546659e-01;4.704759e-02;4.983237e-02;7.592559e-02;2.932143e-02;5.446134e-02
