2.734630e-02;5.135354e-02;8.091445e-02;6.243890e-02;5.800745e-02;9.046201e-02;9.329978e-02;1.066848e-01;9.943666e-02;7.734285e-02;1.412964e-01;1.114168e-01
4.762205e-02;5.880783e-02;7.072692e-02;5.460289e-02;3.739243e-02;6.747898e-02;1.073205e-01;8.707885e-02;5.896860e-02;7.770924e-02;1.657380e-01;1.665538e-01
1.119804e-01;6.098125e-02;6.163517e-02;3.703036e-02;1.868927e-02;3.884322e-02;1.160528e-01;1.113612e-01;3.859451e-02;5.381359e-02;1.457766e-01;2.052417e-01
1.835172e-01;8.272090e-02;7.213261e-02;1.727555e-02;2.039173e-02;2.890236e-02;1.170884e-01;1.583986e-01;3.197838e-02;2.745862e-02;7.758500e-02;1.825507e-01
1.715890e-01;1.194177e-01;1.015794e-01;1.920902e-02;3.304683e-02;3.468728e-02;1.075733e-01;1.760942e-01;4.183648e-02;4.120512e-02;4.697936e-02;1.067824e-01
1.357605e-01;1.259658e-01;1.042373e-01;2.384906e-02;3.593131e-02;6.894765e-02;8.741860e-02;1.652412e-01;5.812042e-02;6.613752e-02;5.090885e-02;7.748177e-02
1.273904e-01;1.259721e-01;9.720845e-02;5.484909e-02;3.378373e-02;8.874292e-02;6.563784e-02;1.275360e-01;6.172246e-02;5.766218e-02;8.478567e-02;7.470910e-02
8.526801e-02;1.681660e-01;1.223598e-01;5.838938e-02;4.004934e-02;6.283867e-02;7.639443e-02;1.304989e-01;4.495491e-02;3.341077e-02;7.380150e-02;1.038683e-01
8.130250e-02;2.383213e-01;1.953118e-01;4.584309e-02;3.960635e-02;4.243558e-02;4.123275e-02;1.001680e-01;5.220427e-02;3.083448e-02;5.627467e-02;7.646516e-02
2.399995e-02;1.896098e-01;2.636746e-01;7.884508e-02;4.961191e-02;6.159211e-02;3.462174e-02;5.907961e-02;3.476420e-02;4.490158e-02;1.031427e-01;5.615675e-02
1.982004e-02;1.209019e-01;2.056038e-01;1.133232e-01;8.246409e-02;8.250027e-02;2.798882e-02;5.058989e-02;1.671225e-02;3.903922e-02;1.774740e-01;6.358254e-02
3.252520e-02;6.831896e-02;1.115495e-01;1.172451e-01;1.023820e-01;8.165501e-02;2.450047e-02;5.621430e-02;1.702677e-02;2.907144e-02;2.155441e-01;1.439671e-01
2.411835e-02;2.044625e-02;6.379205e-02;9.055833e-02;1.172839e-01;9.613784e-02;2.320494e-02;4.453525e-02;2.181407e-02;2.424691e-02;2.058230e-01;2.680391e-01
1.298194e-02;2.036129e-02;3.977878e-02;5.627190e-02;1.401256e-01;1.359611e-01;1.639489e-02;1.697394e-02;2.817427e-02;1.571195e-02;1.183469e-01;3.989173e-01
3.119493e-02;2.685059e-02;3.848480e-02;3.599515e-02;1.419430e-01;1.758160e-01;1.587658e-02;5.636182e-03;3.274508e-02;1.196259e-02;3.530702e-02;4.481881e-01
8.407496e-02;2.798635e-02;2.454405e-02;1.606143e-02;1.157712e-01;2.679081e-01;1.183425e-02;1.181140e-02;2.491429e-02;1.204112e-02;6.866591e-03;3.961863e-01
1.405172e-01;2.290011e-02;2.794166e-02;9.281398e-03;8.852587e-02;3.421422e-01;1.937029e-02;2.589041e-02;1.560293e-02;1.412934e-02;1.506351e-02;2.786351e-01
1.387589e-01;2.654212e-02;4.296626e-02;2.948982e-02;8.843540e-02;3.146027e-01;6.612488e-02;5.623087e-02;2.626372e-02;1.586394e-02;7.071647e-03;1.876497e-01
4.862407e-02;3.031059e-02;4.250241e-02;4.878306e-02;6.998994e-02;2.792096e-01;1.415980e-01;1.069813e-01;4.417710e-02;4.417787e-02;2.018577e-02;1.234603e-01
1.122368e-01;3.421660e-02;2.151535e-02;2.998921e-02;3.048890e-02;3.937441e-01;1.575867e-01;1.099676e-01;2.870366e-02;5.336729e-02;1.828178e-02;9.901959e-03
1.181643e-01;4.078139e-02;2.202432e-02;1.741757e-02;2.742984e-02;4.288609e-01;1.359592e-01;8.502380e-02;1.455243e-02;4.947864e-02;8.305876e-03;5.200168e-02
1.100017e-01;5.274581e-02;2.579422e-02;1.598090e-02;1.402907e-02;4.274764e-01;1.466378e-01;6.970431e-02;1.052386e-02;3.855360e-02;1.797701e-02;7.057526e-02
6.566753e-02;6.627166e-02;2.760632e-02;1.699533e-02;1.999064e-02;3.890253e-01;1.829418e-01;1.155659e-01;2.112944e-02;1.952296e-02;2.073214e-02;5.455100e-02
3.769852e-02;5.288552e-02;3.498751e-02;1.883762e-02;2.682422e-02;4.046979e-01;1.607829e-01;1.645281e-01;2.560960e-02;1.221027e-02;1.648637e-02;4.445140e-02
2.671609e-02;6.348892e-02;8.881925e-02;3.058887e-02;3.830152e-02;3.547753e-01;8.981594e-02;1.778094e-01;3.692935e-02;1.688533e-02;1.629197e-02;5.957797e-02
5.183821e-02;5.673381e-02;1.321169e-01;6.587430e-02;8.946441e-02;2.097169e-01;8.863385e-02;1.113837e-01;4.396488e-02;2.943795e-02;3.338386e-02;8.745117e-02
3.933643e-02;5.795280e-02;1.296906e-01;5.096496e-02;3.973376e-02;3.832988e-01;9.985700e-02;3.851730e-02;2.744729e-02;2.242484e-02;3.538977e-02;7.538643e-02
2.115641e-02;5.448519e-02;1.251106e-01;3.347162e-02;5.833076e-02;4.457597e-01;7.739826e-02;7.861906e-02;2.930166e-02;1.586555e-02;1.360068e-02;4.690049e-02
6.246284e-02;5.464768e-02;9.445360e-02;2.958364e-02;7.870308e-02;4.789859e-01;1.160193e-02;9.932090e-02;3.215736e-02;1.081099e-02;2.574676e-02;2.152530e-02
1.082348e-01;4.990738e-02;3.681289e-02;2.330319e-02;5.173554e-02;4.477387e-01;7.053328e-02;5.871040e-02;2.355078e-02;1.085417e-02;4.485067e-02;7.376826e-02
1.110145e-01;4.087128e-02;3.240148e-02;1.816675e-02;2.000164e-02;4.602692e-01;9.903177e-02;9.382756e-02;1.449890e-02;1.282796e-02;3.428423e-02;6.280471e-02
7.471953e-02;5.467299e-02;2.852739e-02;1.459142e-02;2.169010e-02;4.688103e-01;1.457502e-01;1.219945e-01;1.670204e-02;1.033481e-02;1.245065e-02;2.975610e-02
6.900761e-02;5.313583e-02;2.929177e-02;1.747596e-02;3.172914e-02;4.732151e-01;1.515793e-01;1.069741e-01;1.135514e-02;7.827958e-03;1.051651e-02;3.789157e-02
7.141863e-02;7.756449e-02;1.047074e-01;3.115517e-02;5.454684e-02;4.207922e-01;9.333262e-02;6.381190e-02;9.228396e-03;1.031807e-02;1.754401e-02;4.558032e-02
3.672286e-02;1.061660e-01;2.130038e-01;5.162035e-02;7.519623e-02;3.455780e-01;3.576498e-02;2.060481e-02;1.771708e-02;1.039460e-02;2.377763e-02;6.345361e-02
2.424120e-02;1.318839e-01;2.347732e-01;4.561476e-02;6.618915e-02;2.395478e-01;1.085807e-01;1.942147e-02;1.854832e-02;7.294742e-03;2.463945e-02;7.926531e-02
3.349395e-02;1.290871e-01;1.750699e-01;3.403460e-02;4.735310e-02;2.411858e-01;1.288389e-01;6.239992e-02;2.050923e-02;5.799303e-03;2.799188e-02;9.423632e-02
2.149512e-02;9.099960e-02;7.857147e-02;3.263922e-02;5.898874e-02;3.405005e-01;1.130321e-01;9.639342e-02;2.487571e-02;1.047638e-02;2.834098e-02;1.036868e-01
5.389518e-02;6.660233e-02;3.662625e-02;2.847184e-02;4.317074e-02;3.237124e-01;1.335260e-01;9.494867e-02;3.014500e-02;1.802743e-02;4.542762e-02;1.254465e-01
5.866306e-02;5.625234e-02;8.704084e-02;3.142402e-02;5.307781e-02;2.614541e-01;1.237036e-01;8.091366e-02;2.932903e-02;4.411371e-02;5.448931e-02;1.195385e-01
8.035649e-02;6.394535e-02;9.802137e-02;3.971687e-02;7.970575e-02;2.196611e-01;1.029478e-01;1.052848e-01;3.951428e-02;6.127808e-02;5.020377e-02;5.936425e-02
9.691887e-02;4.062683e-02;7.089777e-02;3.788042e-02;9.908044e-02;2.809837e-01;8.214188e-02;1.108631e-01;4.827525e-02;5.985383e-02;1.958303e-02;5.289490e-02
9.765501e-02;1.819426e-02;3.497491e-02;3.191019e-02;1.015268e-01;4.310841e-01;6.787382e-02;6.682441e-02;3.025839e-02;3.875005e-02;1.409237e-02;6.685573e-02
9.151208e-02;1.886640e-02;4.282508e-02;2.228548e-02;7.609748e-02;4.999680e-01;6.300929e-02;2.795749e-02;2.866314e-02;2.322662e-02;9.447820e-03;9.614114e-02
8.955535e-02;2.624588e-02;7.652856e-02;3.733408e-02;1.218561e-01;3.996138e-01;2.443019e-02;2.611342e-02;5.433080e-02;1.480154e-02;3.705980e-03;1.254843e-01
8.019712e-02;6.446391e-02;1.326224e-01;5.649237e-02;1.253109e-01;2.284445e-01;4.813197e-02;6.191826e-02;6.829900e-02;1.545593e-02;7.907465e-03;1.107562e-01
4.768274e-02;1.145577e-01;1.959641e-01;5.719274e-02;8.509399e-02;1.737286e-01;5.932833e-02;9.474313e-02;6.023144e-02;1.994045e-02;8.157012e-03;8.337973e-02
5.701789e-02;8.792129e-02;1.803132e-01;4.412832e-02;6.052719e-02;2.018694e-01;6.144835e-02;6.725414e-02;4.130081e-02;4.587512e-02;5.424387e-02;9.810043e-02
7.013803e-02;3.900316e-02;1.021787e-01;3.831031e-02;8.935956e-02;2.023567e-01;7.212117e-02;4.655535e-02;5.703866e-02;4.361350e-02;6.481693e-02;1.745079e-01
6.257837e-02;2.746568e-02;5.221789e-02;2.415515e-02;1.274934e-01;1.862224e-01;5.057101e-02;3.812638e-02;7.437278e-02;2.563378e-02;3.879240e-02;2.923708e-01
3.511840e-02;2.793777e-02;4.332159e-02;1.794013e-02;1.697598e-01;1.672268e-01;2.743464e-02;1.039550e-02;7.049661e-02;1.191755e-02;1.838306e-02;4.000682e-01
2.930831e-02;2.601774e-02;4.154109e-02;2.917807e-02;1.825887e-01;1.861235e-01;2.912481e-02;1.326668e-02;4.490812e-02;6.057603e-03;1.651729e-02;3.953680e-01
1.587641e-02;2.679638e-02;4.180094e-02;5.487830e-02;1.723870e-01;2.192965e-01;2.462888e-02;2.368717e-02;2.823506e-02;8.651570e-03;5.169431e-02;3.320675e-01
3.497864e-02;6.273840e-02;1.293703e-01;6.740888e-02;1.135772e-01;2.583056e-01;2.483471e-02;1.742757e-02;2.344508e-02;1.160756e-02;6.968976e-02;1.866164e-01
3.681862e-02;8.901219e-02;1.629781e-01;4.181995e-02;8.467814e-02;3.239275e-01;1.782571e-02;3.010542e-02;3.029126e-02;2.432824e-02;6.262429e-02;9.559055e-02
2.162291e-02;6.743153e-02;1.127322e-01;2.428026e-02;9.227935e-02;4.001530e-01;3.674229e-02;2.673462e-02;4.181353e-02;2.714180e-02;3.420498e-02;1.148635e-01
4.384845e-02;7.095978e-02;9.400980e-02;1.755663e-02;7.631910e-02;3.557397e-01;4.472506e-02;6.003748e-02;3.448278e-02;2.079535e-02;1.541714e-02;1.661087e-01
6.535143e-02;4.133549e-02;1.048060e-01;3.227235e-02;5.942957e-02;2.387116e-01;4.930839e-02;1.202785e-01;4.321521e-02;2.619821e-02;1.063052e-02;2.084627e-01
5.676464e-02;9.502809e-02;1.190724e-01;3.956093e-02;7.316654e-02;1.263884e-01;7.674104e-02;1.254207e-01;3.939917e-02;3.233822e-02;2.615615e-02;1.899637e-01
6.358778e-02;9.431192e-02;1.183306e-01;3.708877e-02;5.963726e-02;1.796933e-01;1.076239e-01;7.879827e-02;4.088579e-02;4.392309e-02;2.730587e-02;1.488134e-01
3.354208e-02;1.056111e-01;1.758582e-01;4.297414e-02;5.912298e-02;1.396942e-01;1.045680e-01;4.813534e-02;4.844209e-02;3.712978e-02;9.329748e-02;1.116246e-01
3.804198e-02;7.753755e-02;1.411191e-01;7.999828e-02;7.871623e-02;1.539986e-01;4.912538e-02;5.151287e-02;3.312821e-02;3.404827e-02;1.497450e-01;1.130285e-01
2.485805e-02;5.071188e-02;1.180582e-01;9.937111e-02;1.112276e-01;1.684878e-01;2.042595e-02;3.832584e-02;1.976862e-02;2.849920e-02;1.890799e-01;1.311858e-01
1.459298e-02;3.005258e-02;1.111904e-01;8.996567e-02;1.111847e-01;1.653203e-01;2.977433e-02;4.410049e-02;1.750660e-02;1.274391e-02;2.492462e-01;1.243219e-01
1.828267e-02;6.715245e-02;1.748535e-01;9.429833e-02;6.613622e-02;1.068583e-01;3.289139e-02;5.008497e-02;1.933272e-02;2.814808e-02;2.522812e-01;8.968022e-02
2.848815e-02;1.032760e-01;2.682296e-01;8.300460e-02;3.972024e-02;6.929874e-02;2.233412e-02;7.758813e-02;2.458280e-02;3.713655e-02;1.953569e-01;5.098429e-02
2.980056e-02;1.165332e-01;2.943351e-01;5.837806e-02;3.578562e-02;1.993736e-01;1.718688e-02;7.750857e-02;1.723745e-02;2.057255e-02;1.027988e-01;3.048961e-02
1.344516e-02;1.200831e-01;3.182391e-01;8.879645e-02;3.668974e-02;2.006683e-01;2.151466e-02;5.995387e-02;1.929460e-02;1.054175e-02;7.706647e-02;3.370690e-02
2.733581e-02;9.456100e-02;3.271486e-01;1.102882e-01;3.290996e-02;1.353543e-01;1.672601e-02;6.964990e-02;2.676072e-02;3.578743e-03;9.722472e-02;5.846206e-02
1.683269e-02;1.037314e-01;3.405050e-01;1.160840e-01;5.686353e-02;9.493132e-02;2.993882e-02;6.298501e-02;2.962435e-02;9.869520e-03;5.740495e-02;8.122930e-02
1.005015e-02;1.093779e-01;3.842657e-01;9.809314e-02;5.409336e-02;9.364375e-02;4.657079e-02;5.444438e-02;3.025577e-02;1.776039e-02;4.022153e-02;6.122308e-02
1.758349e-02;1.516883e-01;3.955607e-01;5.775731e-02;5.574170e-02;6.919453e-02;4.082629e-02;6.624012e-02;2.511643e-02;1.279862e-02;8.348328e-02;2.400923e-02
1.283134e-02;1.523605e-01;3.447458e-01;1.026737e-01;6.515522e-02;8.833646e-02;2.268285e-02;7.056379e-02;2.310198e-02;1.743294e-02;6.497370e-02;3.514176e-02
1.370751e-02;1.124661e-01;3.012364e-01;1.354103e-01;5.616844e-02;1.271244e-01;1.454606e-02;8.716381e-02;2.792417e-02;1.554830e-02;6.527986e-02;4.342477e-02
1.479208e-02;7.482678e-02;2.462038e-01;1.548225e-01;5.416085e-02;1.826894e-01;7.753607e-03;1.125932e-01;2.043015e-02;8.292535e-03;7.965847e-02;4.377648e-02
1.721353e-02;8.904616e-02;2.925470e-01;1.551563e-01;4.595428e-02;1.217418e-01;1.656428e-02;9.985427e-02;1.912686e-02;1.070593e-02;8.326453e-02;4.882510e-02
1.707483e-02;1.139094e-01;3.493239e-01;1.257098e-01;3.385277e-02;1.398003e-01;1.948266e-02;5.718862e-02;2.229690e-02;1.329656e-02;6.261425e-02;4.544995e-02
1.990204e-02;1.283759e-01;4.178026e-01;8.883362e-02;2.740427e-02;1.304674e-01;2.245484e-02;4.744730e-02;2.482308e-02;1.698830e-02;4.224896e-02;3.325176e-02
1.799634e-02;1.853186e-01;4.473568e-01;7.246103e-02;3.068915e-02;9.839004e-02;1.759776e-02;2.801850e-02;1.540073e-02;2.415562e-02;3.418868e-02;2.842678e-02
2.265423e-02;2.385789e-01;4.398699e-01;5.613014e-02;3.264406e-02;7.944522e-02;1.317086e-02;1.998172e-02;1.103253e-02;2.183111e-02;2.185078e-02;4.281060e-02
3.450941e-02;2.745016e-01;4.031293e-01;4.356224e-02;3.289202e-02;5.348456e-02;1.310322e-02;4.208833e-02;1.685191e-02;1.614440e-02;1.424490e-02;5.548811e-02
5.094362e-02;2.202759e-01;2.954778e-01;5.226927e-02;2.687317e-02;1.256617e-01;2.322351e-02;4.940460e-02;1.971861e-02;1.252394e-02;3.997884e-02;8.364904e-02
5.363183e-02;1.675771e-01;2.775095e-01;6.232313e-02;2.568725e-02;1.278343e-01;3.575015e-02;4.751109e-02;2.780421e-02;2.359185e-02;6.125819e-02;8.952143e-02
5.583341e-02;7.973930e-02;3.657946e-01;4.729462e-02;4.046057e-02;2.189817e-01;1.867967e-02;3.892758e-02;3.033011e-02;1.701255e-02;2.767119e-02;5.927481e-02
6.000934e-02;1.712519e-01;4.021223e-01;5.322887e-02;3.260475e-02;9.987199e-02;1.566419e-02;4.893871e-02;2.310544e-02;9.056601e-03;3.198572e-02;5.216020e-02
5.220621e-02;2.683026e-01;3.606588e-01;4.948349e-02;2.996867e-02;7.376611e-02;1.288005e-02;4.650022e-02;2.253505e-02;1.066029e-02;3.907698e-02;3.396149e-02
3.126295e-02;2.656853e-01;3.285175e-01;5.035872e-02;2.981784e-02;9.819428e-02;2.071300e-02;5.379021e-02;2.241785e-02;3.191531e-02;2.492183e-02;4.240519e-02
2.131562e-02;1.928983e-01;3.667901e-01;5.948203e-02;3.195564e-02;9.044704e-02;3.962060e-02;4.557179e-02;2.798743e-02;5.873865e-02;2.069941e-02;4.449336e-02
2.285549e-02;9.379400e-02;4.503956e-01;1.077489e-01;4.020010e-02;5.328555e-02;4.654656e-02;2.114418e-02;2.513949e-02;8.361192e-02;1.445318e-02;4.082508e-02
1.594202e-02;1.005627e-01;4.658709e-01;1.184699e-01;4.664863e-02;3.935658e-02;4.090256e-02;8.122262e-03;1.558743e-02;1.017044e-01;1.653673e-02;3.029582e-02
9.358714e-03;1.243304e-01;4.898172e-01;7.848632e-02;3.311536e-02;4.767470e-02;2.714149e-02;1.393623e-02;1.728464e-02;1.241851e-01;1.930124e-02;1.536858e-02
1.091251e-02;1.889548e-01;4.735856e-01;3.129942e-02;2.792945e-02;4.581596e-02;1.369614e-02;1.865842e-02;2.496318e-02;1.421431e-01;1.762010e-02;4.421247e-03
1.310808e-02;2.202100e-01;4.443993e-01;1.877911e-02;2.055116e-02;2.787358e-02;8.631870e-03;3.285404e-02;3.277493e-02;1.591761e-01;1.223056e-02;9.411235e-03
1.190644e-02;2.295413e-01;4.223293e-01;1.456339e-02;1.254391e-02;3.764789e-02;1.207081e-02;4.406393e-02;4.273301e-02;1.479606e-01;5.360650e-03;1.927875e-02
8.006094e-03;2.340837e-01;4.382341e-01;1.472876e-02;1.449686e-02;3.654219e-02;1.839637e-02;3.643173e-02;3.685221e-02;1.364683e-01;3.486528e-03;2.227324e-02
1.189040e-02;2.459129e-01;4.624213e-01;1.810950e-02;1.708479e-02;2.527161e-02;2.435705e-02;2.802986e-02;2.650298e-02;1.168093e-01;4.130085e-03;1.948020e-02
1.596154e-02;2.518314e-01;4.403449e-01;4.104797e-02;1.513530e-02;5.293193e-02;2.604046e-02;2.178915e-02;2.720383e-02;7.485572e-02;2.229453e-02;1.056323e-02
2.791843e-02;2.761137e-01;3.796586e-01;5.855029e-02;2.165926e-02;7.409815e-02;2.318674e-02;2.200061e-02;3.482435e-02;3.470577e-02;3.743654e-02;9.847512e-03
2.917333e-02;2.695617e-01;3.777988e-01;5.872628e-02;2.505604e-02;9.668203e-02;1.076021e-02;3.111108e-02;2.892424e-02;1.948050e-02;3.633055e-02;1.639533e-02
1.399916e-02;2.282691e-01;4.380916e-01;5.048613e-02;4.215792e-02;7.864769e-02;1.567821e-02;2.463292e-02;1.772294e-02;4.643589e-02;3.715865e-02;6.719806e-03
2.418005e-02;2.152921e-01;3.764440e-01;5.607405e-02;5.025436e-02;7.010908e-02;2.026772e-02;2.003826e-02;1.223614e-02;7.602022e-02;5.270985e-02;2.637420e-02
3.528957e-02;2.140301e-01;1.816339e-01;7.600545e-02;6.081025e-02;1.292893e-01;3.394613e-02;2.435537e-02;1.975439e-02;1.139799e-01;4.490937e-02;6.599615e-02
4.186686e-02;2.138515e-01;1.823261e-01;6.003166e-02;4.761929e-02;1.655030e-01;2.321069e-02;3.069085e-02;3.676701e-02;1.068485e-01;3.558915e-02;5.569549e-02
3.613359e-02;1.589582e-01;2.826959e-01;8.630291e-02;2.870776e-02;1.185900e-01;2.252155e-02;8.088272e-02;4.830689e-02;7.152719e-02;4.246560e-02;2.290768e-02
4.224058e-02;1.206275e-01;3.461236e-01;9.461939e-02;2.464280e-02;7.929159e-02;2.977756e-02;9.337521e-02;3.326740e-02;5.834625e-02;4.689193e-02;3.079624e-02
4.402830e-02;1.613237e-01;4.149135e-01;5.731301e-02;1.382049e-02;9.732845e-02;2.324917e-02;6.887273e-02;2.101490e-02;4.490116e-02;2.080440e-02;3.243023e-02
3.976164e-02;2.797652e-01;4.120261e-01;1.858398e-02;2.039114e-02;7.691377e-02;1.713990e-02;4.192249e-02;1.949138e-02;2.229028e-02;1.714718e-02;3.456705e-02
4.536627e-02;3.599902e-01;4.113976e-01;2.878236e-02;2.103326e-02;3.852580e-02;1.338311e-02;2.185975e-02;1.250188e-02;9.953174e-03;1.510083e-02;2.210570e-02
4.046867e-02;3.497430e-01;4.254994e-01;4.461344e-02;2.055640e-02;4.605341e-02;1.078250e-02;1.551778e-02;1.340370e-02;6.502413e-03;1.195517e-02;1.490411e-02
3.196002e-02;2.827428e-01;4.681793e-01;5.184102e-02;1.641859e-02;6.318566e-02;1.091652e-02;1.795760e-02;2.456131e-02;1.164158e-02;7.810574e-03;1.278501e-02
1.812585e-02;1.932023e-01;5.130593e-01;7.791536e-02;2.441302e-02;4.696261e-02;1.739481e-02;2.562480e-02;2.575302e-02;1.609084e-02;1.732344e-02;2.413467e-02
1.672963e-02;1.790841e-01;5.016831e-01;7.644013e-02;2.859871e-02;7.737612e-02;1.331891e-02;3.136831e-02;1.950448e-02;2.278511e-02;1.416376e-02;1.894765e-02
2.904811e-02;1.855548e-01;4.657206e-01;6.029954e-02;2.728652e-02;9.622767e-02;1.599247e-02;3.134131e-02;2.774782e-02;3.485832e-02;6.554988e-03;1.936794e-02
2.846199e-02;2.064877e-01;3.586499e-01;7.591632e-02;4.044203e-02;9.300624e-02;1.855822e-02;5.178129e-02;4.895317e-02;4.727454e-02;8.222329e-03;2.224623e-02
2.357037e-02;1.884137e-01;2.681705e-01;8.547866e-02;4.361436e-02;7.646075e-02;2.717839e-02;8.099969e-02;8.482477e-02;7.147569e-02;2.032213e-02;2.949104e-02
3.582459e-02;1.198166e-01;3.036326e-01;7.435504e-02;2.870421e-02;7.500523e-02;3.286496e-02;1.000529e-01;9.456316e-02;8.708316e-02;2.157705e-02;2.652060e-02
3.098392e-02;1.849882e-01;2.690139e-01;4.688144e-02;3.013177e-02;9.995858e-02;2.459591e-02;1.249923e-01;9.331460e-02;5.796230e-02;1.380571e-02;2.337131e-02
2.346743e-02;2.119472e-01;2.694570e-01;4.410899e-02;2.045454e-02;1.042332e-01;1.729113e-02;1.331243e-01;8.258263e-02;5.712144e-02;1.891618e-02;1.729599e-02
3.221302e-02;1.825078e-01;3.256205e-01;3.051599e-02;3.571892e-02;9.072128e-02;3.385056e-02;9.977951e-02;4.954784e-02;7.128859e-02;3.406684e-02;1.416914e-02
2.666567e-02;1.400927e-01;2.080845e-01;5.073920e-02;6.130148e-02;1.368421e-01;7.257289e-02;1.003896e-01;6.555710e-02;8.356573e-02;2.043138e-02;3.375760e-02
3.428733e-02;1.271524e-01;1.003959e-01;4.383801e-02;6.545888e-02;1.300955e-01;9.294700e-02;1.531009e-01;7.388060e-02;1.091560e-01;2.576363e-02;4.392382e-02
2.558585e-02;1.200037e-01;1.081601e-01;2.552735e-02;4.781288e-02;1.175823e-01;6.981623e-02;1.677058e-01;1.103443e-01;1.413135e-01;3.199489e-02;3.415306e-02
1.429735e-02;1.551964e-01;1.354754e-01;2.258306e-02;2.981708e-02;8.152465e-02;2.768109e-02;1.462758e-01;1.752440e-01;1.731694e-01;1.472284e-02;2.401276e-02
1.975477e-02;2.285997e-01;1.285842e-01;3.465097e-02;1.491832e-02;5.434131e-02;1.910741e-02;1.027832e-01;2.304860e-01;1.366164e-01;1.606284e-02;1.409497e-02
3.116673e-02;2.826505e-01;1.409917e-01;3.411790e-02;1.196075e-02;4.501407e-02;4.284639e-02;1.024535e-01;1.933000e-01;8.054207e-02;2.459691e-02;1.035956e-02
6.345894e-02;2.535361e-01;1.702469e-01;3.177947e-02;2.669791e-02;4.229705e-02;6.890739e-02;1.371238e-01;1.178331e-01;4.539543e-02;3.233112e-02;1.039269e-02
1.216082e-01;1.306681e-01;1.950518e-01;3.091600e-02;4.790067e-02;3.236688e-02;7.074186e-02;2.127882e-01;8.206851e-02;3.152042e-02;3.070569e-02;1.366361e-02
1.665470e-01;1.361818e-01;2.194285e-01;1.793799e-02;6.646619e-02;2.976408e-02;1.934095e-02;2.256206e-01;4.148076e-02;3.947957e-02;2.109475e-02;1.665785e-02
1.933398e-01;1.169872e-01;2.163336e-01;1.421292e-02;6.830247e-02;2.690542e-02;2.737977e-02;2.457693e-01;1.979647e-02;3.092279e-02;1.813685e-02;2.191348e-02
1.685227e-01;1.324433e-01;2.201467e-01;2.119666e-02;5.873494e-02;2.157341e-02;2.757856e-02;2.381304e-01;5.033875e-02;2.299756e-02;1.426738e-02;2.406958e-02
1.676530e-01;6.727420e-02;2.438310e-01;3.037038e-02;6.549375e-02;2.370398e-02;2.186872e-02;2.382755e-01;6.398879e-02;3.684998e-02;1.357046e-02;2.712031e-02
1.693204e-01;1.740061e-01;1.910848e-01;2.433141e-02;4.906786e-02;2.094364e-02;2.455385e-02;1.787915e-01;4.470985e-02;7.279878e-02;1.474966e-02;3.564204e-02
1.739218e-01;2.016011e-01;1.461399e-01;3.295055e-02;4.227258e-02;5.526799e-02;3.289307e-02;1.258975e-01;4.772220e-02;8.453546e-02;1.374157e-02;4.305620e-02
2.121318e-01;1.022978e-01;1.373371e-01;3.213292e-02;6.087745e-02;9.236199e-02;1.915995e-02;1.413760e-01;6.140264e-02;7.370184e-02;1.802092e-02;4.919967e-02
1.594634e-01;2.609030e-01;2.112726e-01;1.427595e-02;4.491374e-02;5.375043e-02;2.577286e-02;8.800851e-02;3.364462e-02;3.562583e-02;1.955371e-02;5.281541e-02
1.209129e-01;2.435014e-01;2.608832e-01;1.579907e-02;2.830943e-02;3.472371e-02;2.548390e-02;1.068561e-01;5.826728e-02;3.484316e-02;2.252849e-02;4.789141e-02
1.070486e-01;2.287030e-01;3.317711e-01;1.722602e-02;1.857855e-02;1.663763e-02;1.404665e-02;1.084752e-01;8.775055e-02;2.178121e-02;1.601086e-02;3.197070e-02
8.710807e-02;2.887191e-01;3.278427e-01;2.160763e-02;1.292304e-02;1.846438e-02;1.205519e-02;6.785868e-02;1.002657e-01;2.108247e-02;2.089016e-02;2.118291e-02
6.694448e-02;2.285336e-01;3.008924e-01;3.410684e-02;1.544124e-02;2.842597e-02;1.913904e-02;1.009211e-01;1.136632e-01;2.727101e-02;4.078730e-02;2.387388e-02
8.620628e-02;2.080513e-01;2.901375e-01;3.356980e-02;2.644754e-02;5.181606e-02;9.432501e-03;1.180048e-01;8.681668e-02;1.861585e-02;3.734527e-02;3.355644e-02
1.008857e-01;2.639226e-01;2.596934e-01;2.465771e-02;2.793919e-02;6.208137e-02;1.686078e-02;1.016813e-01;6.734391e-02;1.822920e-02;2.761050e-02;2.909433e-02
1.040801e-01;1.667439e-01;3.095782e-01;3.087290e-02;4.738567e-02;3.681406e-02;2.402811e-02;1.196510e-01;7.100520e-02;2.736552e-02;2.823804e-02;3.423730e-02
8.473583e-02;2.094152e-01;2.389205e-01;2.942606e-02;3.472571e-02;7.304560e-02;3.324758e-02;1.123309e-01;7.726206e-02;5.440607e-02;2.342631e-02;2.905819e-02
8.487731e-02;2.167641e-01;1.562102e-01;2.793170e-02;2.164138e-02;8.397089e-02;7.353249e-02;1.023684e-01;8.192959e-02;7.873240e-02;1.710632e-02;5.493515e-02
8.693786e-02;1.702749e-01;9.611928e-02;4.910121e-02;2.437540e-02;6.135358e-02;1.474890e-01;1.127946e-01;6.427348e-02;8.574590e-02;1.393909e-02;8.759571e-02
7.652051e-02;1.162132e-01;4.097316e-02;6.411559e-02;1.567898e-02;5.143791e-02;2.478957e-01;1.061516e-01;3.934937e-02;7.536907e-02;2.715686e-02;1.391380e-01
4.461765e-02;7.851786e-02;4.760233e-02;5.712479e-02;1.725848e-02;8.459608e-02;2.972399e-01;7.892921e-02;4.016259e-02;5.604944e-02;3.992740e-02;1.579743e-01
3.864701e-02;6.539299e-02;6.846311e-02;3.579534e-02;2.845434e-02;1.356270e-01;2.474676e-01;9.537533e-02;7.362884e-02;3.562962e-02;5.482221e-02;1.206967e-01
4.155500e-02;4.191930e-02;1.009811e-01;3.318122e-02;2.905908e-02;1.543133e-01;1.833923e-01;1.330869e-01;1.131553e-01;3.539895e-02;5.537707e-02;7.858044e-02
4.910440e-02;1.407352e-01;1.340970e-01;2.782584e-02;1.320349e-02;1.619759e-01;7.986230e-02;8.331918e-02;1.130557e-01;4.644520e-02;1.039725e-01;4.640329e-02
3.217885e-02;9.354831e-02;7.064611e-02;2.233874e-02;2.043967e-02;2.212505e-01;1.121609e-01;8.294241e-02;8.094370e-02;6.804654e-02;1.622107e-01;3.329355e-02
2.382184e-02;8.179573e-02;5.161644e-02;3.415006e-02;2.464601e-02;2.629209e-01;9.590424e-02;5.750822e-02;6.172959e-02;6.142878e-02;2.067887e-01;3.768947e-02
2.142320e-02;1.246606e-01;8.741853e-02;4.607994e-02;6.336236e-02;2.261509e-01;5.427551e-02;5.679435e-02;6.003018e-02;4.319202e-02;1.789337e-01;3.767873e-02
2.420827e-02;1.451526e-01;1.131889e-01;5.323508e-02;8.141083e-02;1.448689e-01;7.485438e-02;8.004133e-02;8.222121e-02;6.040912e-02;1.058315e-01;3.457794e-02
2.824291e-02;1.403876e-01;1.320255e-01;4.126092e-02;6.218879e-02;1.149793e-01;1.054731e-01;9.430151e-02;1.128662e-01;4.388246e-02;7.328227e-02;5.110951e-02
3.534177e-02;1.456188e-01;1.497219e-01;2.535919e-02;2.921092e-02;1.178458e-01;1.230048e-01;8.941668e-02;9.555371e-02;5.447741e-02;7.792041e-02;5.652862e-02
4.402894e-02;1.641622e-01;1.429362e-01;3.785493e-02;1.771447e-02;1.240911e-01;1.106705e-01;9.568296e-02;1.004705e-01;7.370424e-02;5.349703e-02;3.518688e-02
4.069468e-02;1.320695e-01;1.092275e-01;3.915542e-02;3.117680e-02;1.617346e-01;1.059136e-01;7.075174e-02;1.294399e-01;9.523903e-02;4.723195e-02;3.736522e-02
4.251825e-02;1.515649e-01;1.257654e-01;2.948999e-02;5.234740e-02;1.742911e-01;5.771134e-02;8.496768e-02;1.136969e-01;8.602520e-02;5.012788e-02;3.149391e-02
3.939318e-02;2.117573e-01;1.166700e-01;1.391082e-02;5.322499e-02;1.713318e-01;5.186503e-02;9.018421e-02;1.223646e-01;6.677281e-02;4.021830e-02;2.230701e-02
4.035035e-02;1.863460e-01;7.823967e-02;2.332226e-02;7.441628e-02;1.557513e-01;6.789501e-02;1.100681e-01;1.259147e-01;8.490529e-02;3.281654e-02;1.997445e-02
4.544020e-02;1.322856e-01;5.253949e-02;4.166621e-02;8.722804e-02;1.255461e-01;9.120376e-02;1.091695e-01;9.373354e-02;1.581380e-01;4.943614e-02;1.361342e-02
5.533499e-02;7.984873e-02;5.496891e-02;5.099343e-02;1.118052e-01;9.644547e-02;8.672116e-02;8.413506e-02;1.196605e-01;2.048613e-01;4.337411e-02;1.185121e-02
6.479228e-02;4.193853e-02;3.744638e-02;5.927467e-02;1.212256e-01;8.377539e-02;9.368177e-02;7.104855e-02;1.562988e-01;2.401115e-01;2.011571e-02;1.029079e-02
6.994159e-02;4.716513e-02;3.928082e-02;5.739391e-02;9.337164e-02;8.185320e-02;8.393256e-02;7.725361e-02;1.783695e-01;2.344462e-01;2.478787e-02;1.220392e-02
6.626993e-02;7.672909e-02;5.509965e-02;4.993141e-02;9.946948e-02;8.846091e-02;4.768645e-02;7.820392e-02;1.765988e-01;2.244757e-01;2.440052e-02;1.267417e-02
5.537003e-02;9.909610e-02;7.461896e-02;4.623797e-02;9.468890e-02;7.802458e-02;4.138246e-02;1.060857e-01;1.510333e-01;2.185485e-01;2.059258e-02;1.432098e-02
4.266064e-02;7.422247e-02;1.048301e-01;5.174723e-02;6.627519e-02;8.709487e-02;4.701670e-02;1.542843e-01;1.300085e-01;1.732083e-01;3.642356e-02;3.222822e-02
3.675390e-02;7.178524e-02;1.356484e-01;4.541862e-02;3.767664e-02;1.399473e-01;4.614500e-02;1.586745e-01;1.550897e-01;7.434300e-02;3.735517e-02;6.116250e-02
3.966232e-02;1.608464e-01;1.416872e-01;3.932464e-02;6.157484e-02;1.488473e-01;4.643390e-02;9.832393e-02;1.103225e-01;3.656723e-02;5.631746e-02;6.009231e-02
5.668698e-02;1.484489e-01;1.271431e-01;5.433821e-02;6.856795e-02;1.467463e-01;7.561009e-02;7.181817e-02;7.780540e-02;7.256388e-02;4.790197e-02;5.236902e-02
4.837177e-02;1.032353e-01;1.199470e-01;5.781822e-02;8.836501e-02;1.455173e-01;6.724607e-02;7.833003e-02;1.061900e-01;1.015128e-01;2.984963e-02;5.361679e-02
6.942850e-02;1.129188e-01;1.122289e-01;4.669610e-02;5.633926e-02;1.223561e-01;4.845905e-02;9.861961e-02;1.185575e-01;1.238401e-01;3.319589e-02;5.736024e-02
7.370013e-02;1.108839e-01;1.114810e-01;4.038620e-02;5.279267e-02;1.593042e-01;6.638726e-02;1.011397e-01;8.535894e-02;1.138715e-01;4.209405e-02;4.260042e-02
5.587637e-02;8.409048e-02;8.891704e-02;4.991188e-02;5.036861e-02;1.663575e-01;8.340759e-02;9.858863e-02;1.222804e-01;1.076835e-01;4.727507e-02;4.524293e-02
7.035957e-02;8.053673e-02;6.496790e-02;6.944075e-02;5.342212e-02;1.509582e-01;9.640226e-02;8.634230e-02;1.059524e-01;1.042497e-01;4.646282e-02;7.090520e-02
6.082809e-02;1.069109e-01;1.109688e-01;7.213789e-02;5.484307e-02;1.096209e-01;6.693131e-02;6.594689e-02;9.052775e-02;1.123827e-01;6.810176e-02;8.080011e-02
3.291411e-02;1.001541e-01;9.792110e-02;5.574614e-02;7.890369e-02;1.005692e-01;4.077801e-02;7.487528e-02;8.863705e-02;1.659450e-01;9.922162e-02;6.433479e-02
2.050221e-02;7.722693e-02;6.574331e-02;5.435637e-02;1.092015e-01;9.596088e-02;3.350115e-02;8.148555e-02;1.024143e-01;2.326650e-01;9.445754e-02;3.248520e-02
2.518638e-02;9.502105e-02;8.234853e-02;5.788273e-02;1.053485e-01;8.031029e-02;3.632028e-02;1.143499e-01;1.411119e-01;1.921935e-01;5.129436e-02;1.863265e-02
4.220798e-02;9.854636e-02;8.487516e-02;5.056665e-02;9.356265e-02;7.857703e-02;4.161337e-02;1.321282e-01;1.662300e-01;1.241838e-01;5.308169e-02;3.442720e-02
3.911497e-02;8.212815e-02;5.186233e-02;2.149844e-02;1.115086e-01;8.245026e-02;3.733510e-02;1.552873e-01;1.959215e-01;1.247660e-01;6.229935e-02;3.582797e-02
3.953143e-02;1.229058e-01;5.998137e-02;3.511981e-02;8.832362e-02;4.158798e-02;3.371910e-02;1.539205e-01;2.224357e-01;1.415678e-01;4.088769e-02;2.001925e-02
3.141432e-02;1.185547e-01;5.602883e-02;1.991245e-02;6.457495e-02;5.162352e-02;4.074393e-02;1.530709e-01;2.642768e-01;1.471404e-01;2.951171e-02;2.314746e-02
3.299850e-02;6.782410e-02;5.359648e-02;3.760602e-02;5.311719e-02;6.109866e-02;4.916875e-02;1.944122e-01;2.798676e-01;1.108313e-01;3.068235e-02;2.879678e-02
4.823586e-02;6.081152e-02;4.854530e-02;4.011622e-02;4.748124e-02;6.300680e-02;6.039116e-02;2.159431e-01;2.993270e-01;6.654844e-02;2.610909e-02;2.348423e-02
5.724169e-02;6.639645e-02;6.320407e-02;5.488717e-02;4.414183e-02;7.359980e-02;5.989507e-02;1.901574e-01;2.738850e-01;7.696913e-02;2.050743e-02;1.911498e-02
6.746163e-02;6.244318e-02;7.329587e-02;7.951843e-02;3.895877e-02;9.900749e-02;8.312876e-02;1.459266e-01;2.358380e-01;7.393777e-02;1.742142e-02;2.306214e-02
6.673227e-02;6.829002e-02;7.290567e-02;8.784353e-02;3.714262e-02;7.401869e-02;8.457158e-02;1.821056e-01;2.018001e-01;7.606053e-02;1.985870e-02;2.867072e-02
5.890834e-02;8.486352e-02;9.128930e-02;9.426527e-02;1.194175e-02;7.192559e-02;5.035603e-02;2.068561e-01;2.038740e-01;8.290203e-02;1.987872e-02;2.293936e-02
4.898676e-02;6.967822e-02;6.923342e-02;1.089589e-01;3.694382e-02;6.614356e-02;2.989709e-02;2.149031e-01;2.225361e-01;8.716500e-02;2.789931e-02;1.765468e-02
5.496568e-02;5.424572e-02;3.869769e-02;1.198220e-01;3.230060e-02;6.270076e-02;3.814139e-02;2.224532e-01;2.279088e-01;9.151403e-02;3.469879e-02;2.255129e-02
6.320973e-02;7.163039e-02;4.709190e-02;1.159880e-01;3.815773e-02;4.407183e-02;3.389328e-02;2.022261e-01;2.405947e-01;7.863704e-02;4.610686e-02;1.839242e-02
7.669605e-02;9.741832e-02;7.455681e-02;1.082816e-01;2.530771e-02;4.160880e-02;2.248421e-02;1.909610e-01;2.462303e-01;4.699363e-02;5.164229e-02;1.781924e-02
7.890837e-02;5.844584e-02;5.887181e-02;1.203460e-01;2.863547e-02;5.202478e-02;2.308800e-02;2.401512e-01;2.327275e-01;3.234217e-02;4.486589e-02;2.959299e-02
5.769207e-02;7.278073e-02;8.517539e-02;1.181777e-01;4.568446e-02;4.363976e-02;3.637650e-02;2.267624e-01;2.161272e-01;3.350570e-02;3.872382e-02;2.535431e-02
5.603107e-02;7.996554e-02;9.908777e-02;1.061274e-01;3.693209e-02;3.193352e-02;4.166991e-02;2.264285e-01;2.307746e-01;4.722454e-02;2.705636e-02;1.676865e-02
5.602130e-02;6.685355e-02;6.489003e-02;1.030766e-01;2.530014e-02;4.157597e-02;4.525053e-02;2.383785e-01;2.519182e-01;6.228151e-02;2.354427e-02;2.090937e-02
4.027706e-02;9.552617e-02;3.888935e-02;1.181543e-01;4.977122e-02;5.279569e-02;3.047666e-02;2.197271e-01;2.459186e-01;6.971705e-02;1.703576e-02;2.171110e-02
3.431321e-02;9.102705e-02;1.057644e-01;1.472590e-01;4.740143e-02;7.055826e-02;1.472555e-02;2.009675e-01;1.913927e-01;7.090664e-02;1.631754e-02;9.366804e-03
3.084862e-02;4.242309e-02;6.782805e-02;1.616687e-01;6.150937e-02;1.034627e-01;2.287423e-02;2.018465e-01;1.918639e-01;7.240450e-02;1.867214e-02;2.459819e-02
3.302505e-02;3.646320e-02;6.410905e-02;1.460906e-01;6.506255e-02;1.151267e-01;2.521924e-02;2.103370e-01;2.084638e-01;4.865032e-02;7.546776e-03;3.990571e-02
3.235511e-02;4.581443e-02;1.119911e-01;1.067558e-01;4.776807e-02;1.136628e-01;3.278657e-02;2.080989e-01;1.950819e-01;3.164877e-02;1.772783e-02;5.630871e-02
1.837081e-02;4.574427e-02;1.609576e-01;6.944153e-02;2.367038e-02;1.131260e-01;3.923763e-02;2.323511e-01;1.744977e-01;2.441033e-02;1.881783e-02;7.937477e-02
1.530655e-02;5.176050e-02;1.770463e-01;5.471002e-02;1.494481e-02;1.226488e-01;3.572999e-02;2.490055e-01;1.326746e-01;1.862151e-02;1.468519e-02;1.128662e-01
2.278197e-02;4.974059e-02;1.628802e-01;5.234881e-02;2.007603e-02;1.311990e-01;1.806297e-02;2.541871e-01;1.002931e-01;2.099067e-02;1.264698e-02;1.547926e-01
5.053825e-02;6.622238e-02;1.113388e-01;3.977613e-02;1.814119e-02;1.086693e-01;1.533454e-02;2.372435e-01;1.146487e-01;2.731833e-02;2.380055e-02;1.869684e-01
4.472383e-02;7.927817e-02;8.522797e-02;4.183698e-02;1.620148e-02;8.350676e-02;1.833219e-02;2.427234e-01;1.312002e-01;3.324628e-02;3.498744e-02;1.887353e-01
4.976631e-02;8.016340e-02;8.829570e-02;5.275578e-02;1.959921e-02;6.112527e-02;1.470135e-02;2.317501e-01;1.491476e-01;3.493684e-02;2.893158e-02;1.888268e-01
5.584913e-02;7.462072e-02;9.198449e-02;6.209407e-02;2.680430e-02;7.040728e-02;1.455276e-02;2.031550e-01;1.498622e-01;3.018607e-02;1.908715e-02;2.013969e-01
7.927069e-02;6.637581e-02;1.128868e-01;6.366148e-02;2.728072e-02;6.446753e-02;2.186747e-02;1.659905e-01;1.340959e-01;3.287094e-02;2.569586e-02;2.055363e-01
8.202408e-02;4.233325e-02;1.140355e-01;7.596204e-02;3.899970e-02;5.384075e-02;2.970972e-02;1.461378e-01;1.035517e-01;2.462539e-02;3.520754e-02;2.535725e-01
6.563261e-02;4.637681e-02;1.048083e-01;7.023586e-02;4.197601e-02;6.966367e-02;2.506680e-02;1.600793e-01;9.127100e-02;2.530675e-02;1.864887e-02;2.809339e-01
5.352724e-02;5.861453e-02;1.171372e-01;4.564851e-02;3.703928e-02;7.836000e-02;1.406333e-02;1.766695e-01;9.845071e-02;2.295383e-02;8.692921e-03;2.888430e-01
4.373399e-02;3.888552e-02;1.093432e-01;2.953640e-02;3.208535e-02;8.662286e-02;8.250924e-03;2.067651e-01;1.032706e-01;2.184747e-02;1.411102e-02;3.055476e-01
4.106173e-02;4.889561e-02;1.263954e-01;2.054593e-02;1.870204e-02;9.375094e-02;8.954030e-03;2.421896e-01;7.877412e-02;1.788554e-02;1.907304e-02;2.837720e-01
3.553553e-02;4.595483e-02;1.512374e-01;2.341257e-02;1.432423e-02;7.900602e-02;2.556146e-02;2.833261e-01;7.222661e-02;2.300234e-02;2.508463e-02;2.213284e-01
2.204328e-02;5.497899e-02;1.646131e-01;2.525504e-02;1.083350e-02;6.990884e-02;4.408790e-02;3.233477e-01;8.528449e-02;4.253846e-02;2.382084e-02;1.332878e-01
1.637538e-02;8.889779e-02;1.624874e-01;3.298900e-02;2.159755e-02;5.167579e-02;4.198676e-02;3.538435e-01;9.324263e-02;4.378318e-02;3.247740e-02;6.064361e-02
2.223474e-02;9.795073e-02;1.308230e-01;3.655999e-02;2.571319e-02;6.712259e-02;2.343999e-02;3.669396e-01;1.384488e-01;3.277096e-02;2.440052e-02;3.359589e-02
1.369916e-02;5.691982e-02;1.103951e-01;4.610944e-02;2.461845e-02;6.145363e-02;1.739129e-02;3.877735e-01;2.032099e-01;3.665928e-02;1.216760e-02;2.960277e-02
1.298677e-02;5.492315e-02;1.148884e-01;3.568086e-02;2.179505e-02;3.784315e-02;2.035967e-02;3.997450e-01;2.299772e-01;3.099003e-02;8.947132e-03;3.186359e-02
1.884480e-02;5.886741e-02;1.195607e-01;2.571243e-02;1.665843e-02;4.111920e-02;1.991703e-02;4.278914e-01;2.018849e-01;1.878547e-02;4.332982e-03;4.642523e-02
1.122321e-02;4.660167e-02;1.012611e-01;2.215669e-02;1.664245e-02;3.108556e-02;2.041120e-02;4.697551e-01;1.731461e-01;2.483460e-02;8.651203e-03;7.423115e-02
2.292743e-02;6.436034e-02;6.063836e-02;2.048627e-02;1.276729e-02;3.417168e-02;1.300945e-02;4.832750e-01;1.627309e-01;2.711864e-02;9.272319e-03;8.924234e-02
1.754414e-02;6.219730e-02;7.719012e-02;3.079843e-02;9.731277e-03;3.184780e-02;7.753872e-03;5.035790e-01;1.562637e-01;2.050352e-02;1.196638e-02;7.062449e-02
1.292772e-02;6.344005e-02;1.044829e-01;3.891198e-02;1.388883e-02;6.851383e-02;1.119136e-02;4.557866e-01;1.668288e-01;1.760443e-02;1.333032e-02;3.309319e-02
1.335608e-02;7.663925e-02;1.196207e-01;4.935861e-02;2.095193e-02;7.587067e-02;1.726985e-02;4.389514e-01;1.410203e-01;1.650758e-02;1.288703e-02;1.756663e-02
3.293728e-02;9.184230e-02;1.368798e-01;4.194286e-02;1.826217e-02;5.159323e-02;2.769747e-02;3.964554e-01;1.070565e-01;2.941223e-02;2.400252e-02;4.191824e-02
2.097859e-02;7.067587e-02;1.775458e-01;4.548949e-02;1.590523e-02;5.586001e-02;2.382456e-02;3.719460e-01;1.470765e-01;2.269157e-02;2.566295e-02;2.234345e-02
9.004222e-03;4.043762e-02;1.833722e-01;6.289270e-02;1.651406e-02;6.626640e-02;2.599291e-02;3.975815e-01;1.351654e-01;2.010890e-02;1.577172e-02;2.689238e-02
6.899967e-03;2.799267e-02;1.665139e-01;5.740378e-02;1.653628e-02;5.718860e-02;2.561515e-02;4.332622e-01;1.262796e-01;2.150576e-02;8.360672e-03;5.244139e-02
1.687527e-02;2.774222e-02;1.328310e-01;4.389878e-02;1.344056e-02;2.674075e-02;2.416992e-02;4.683490e-01;1.559394e-01;1.681759e-02;1.051499e-02;6.268057e-02
1.999963e-02;2.109337e-02;9.599277e-02;4.154145e-02;1.611707e-02;3.618729e-02;1.866337e-02;4.810579e-01;1.926887e-01;1.712002e-02;1.105602e-02;4.848246e-02
1.434719e-02;3.370944e-02;6.024128e-02;3.759332e-02;1.378930e-02;1.830961e-02;1.629327e-02;5.117119e-01;2.341385e-01;2.133646e-02;1.037034e-02;2.815943e-02
