5.360629e-02;4.115608e-02;1.914779e-01;2.780959e-02;7.960599e-02;6.060978e-02;3.411357e-01;4.988860e-02;4.437897e-02;5.303682e-02;3.289481e-02;2.439949e-02
3.829802e-02;5.404814e-02;2.548629e-01;2.789361e-02;7.919496e-02;6.702797e-02;2.660706e-01;5.600500e-02;4.146406e-02;5.767761e-02;3.295751e-02;2.449962e-02
5.304012e-02;6.798536e-02;3.651185e-01;4.376233e-02;7.776546e-02;7.186098e-02;1.135572e-01;6.675387e-02;3.273449e-02;5.589443e-02;2.623539e-02;2.529190e-02
8.499112e-02;5.408603e-02;3.083062e-01;4.141141e-02;5.625683e-02;4.396132e-02;1.992116e-01;6.451793e-02;3.583209e-02;4.733156e-02;3.984802e-02;2.424594e-02
9.587329e-02;4.008299e-02;2.890846e-01;3.716781e-02;4.451223e-02;3.306463e-02;1.918993e-01;7.273579e-02;3.252826e-02;5.985411e-02;5.999885e-02;4.319809e-02
8.928898e-02;2.245345e-02;2.094070e-01;3.551498e-02;5.395007e-02;4.625523e-02;1.731962e-01;7.048264e-02;3.549861e-02;1.020329e-01;1.025816e-01;5.933844e-02
4.352379e-02;6.043293e-02;1.879546e-01;3.236466e-02;6.070009e-02;6.211447e-02;2.051462e-01;4.254139e-02;4.481663e-02;1.145974e-01;1.111122e-01;3.469564e-02
7.259347e-02;4.581005e-02;2.226157e-01;4.038738e-02;5.539703e-02;7.125169e-02;2.019832e-01;3.424580e-02;6.049856e-02;8.126363e-02;7.200282e-02;4.195067e-02
9.122450e-02;3.390188e-02;2.136589e-01;5.814724e-02;1.002841e-01;8.543767e-02;1.319188e-01;5.118906e-02;7.504193e-02;7.218487e-02;3.977811e-02;4.723293e-02
5.778714e-02;7.470350e-02;1.488609e-01;5.201195e-02;3.969378e-02;6.573749e-02;8.986632e-02;1.159471e-01;1.365982e-01;1.213437e-01;4.955988e-02;4.789009e-02
6.265358e-02;7.416812e-02;1.327145e-01;4.436887e-02;4.197048e-02;7.041782e-02;1.067632e-01;1.144454e-01;1.458147e-01;1.264312e-01;2.904599e-02;5.120624e-02
5.970678e-02;7.530720e-02;1.315337e-01;4.531511e-02;4.793136e-02;8.174796e-02;1.152093e-01;9.875982e-02;1.420357e-01;1.220145e-01;2.785502e-02;5.258362e-02
7.760590e-02;7.628398e-02;1.240689e-01;6.531653e-02;6.142713e-02;9.571521e-02;1.078381e-01;6.473638e-02;1.274624e-01;1.094197e-01;3.002701e-02;6.009875e-02
1.031659e-01;9.725872e-02;1.028737e-01;8.901250e-02;7.734888e-02;7.637863e-02;7.228922e-02;6.027928e-02;1.042529e-01;1.047620e-01;5.675601e-02;5.562222e-02
8.031984e-02;9.397727e-02;9.318200e-02;6.094588e-02;5.743236e-02;6.618953e-02;8.864047e-02;1.116705e-01;8.499932e-02;1.438813e-01;6.792291e-02;5.083863e-02
8.387311e-02;8.369339e-02;8.596457e-02;4.025516e-02;5.019817e-02;6.312682e-02;7.629867e-02;1.216112e-01;1.124830e-01;2.022690e-01;4.133870e-02;3.888812e-02
8.767094e-02;4.798391e-02;1.752055e-01;5.740349e-02;5.841740e-02;3.838687e-02;9.530897e-02;7.096867e-02;1.076832e-01;1.550236e-01;6.861711e-02;3.733029e-02
6.053760e-02;3.519451e-02;2.831300e-01;7.145769e-02;6.645097e-02;3.656821e-02;9.439555e-02;5.113772e-02;6.426649e-02;9.387454e-02;1.023213e-01;4.066547e-02
3.180484e-02;2.145705e-02;2.888203e-01;1.137469e-01;7.784939e-02;2.831053e-02;4.528755e-02;5.172822e-02;3.553497e-02;4.649694e-02;1.896442e-01;6.931911e-02
2.223153e-02;2.495909e-02;1.559095e-01;1.380310e-01;7.281931e-02;3.007115e-02;2.925614e-02;1.015697e-01;1.960700e-02;3.599629e-02;2.727858e-01;9.676357e-02
1.661861e-02;3.077192e-02;8.513556e-02;1.391488e-01;5.998449e-02;2.913779e-02;3.658534e-02;1.321538e-01;1.631700e-02;4.446528e-02;3.164997e-01;9.318166e-02
1.807038e-02;2.388759e-02;1.180134e-01;1.074086e-01;4.902067e-02;2.437701e-02;6.182857e-02;1.069951e-01;3.937276e-02;1.267634e-01;2.688661e-01;5.539650e-02
4.347916e-02;1.252812e-02;1.883093e-01;5.084337e-02;3.074552e-02;1.711906e-02;1.324946e-01;6.229063e-02;5.150237e-02;2.498428e-01;1.350149e-01;2.583019e-02
4.414961e-02;1.436424e-02;2.525904e-01;1.395112e-02;2.479928e-02;1.602012e-02;1.624646e-01;3.813947e-02;4.943234e-02;3.474377e-01;1.834743e-02;1.830366e-02
2.999427e-02;1.899794e-02;2.908350e-01;1.286724e-02;1.662104e-02;8.341779e-03;1.428376e-01;2.232197e-02;4.347901e-02;3.784966e-01;2.270793e-02;1.249961e-02
2.134242e-02;5.112320e-02;3.061927e-01;1.541801e-02;1.120690e-02;9.494024e-03;9.757630e-02;1.067138e-02;1.007516e-01;3.425740e-01;1.845600e-02;1.519345e-02
4.019874e-02;1.063415e-01;2.930381e-01;1.214715e-02;1.105588e-02;1.561576e-02;5.990336e-02;6.270815e-03;1.703452e-01;2.539217e-01;1.130455e-02;1.985726e-02
8.566282e-02;1.378511e-01;2.810718e-01;1.284778e-02;1.201707e-02;1.448895e-02;4.099744e-02;2.184814e-02;2.013262e-01;1.577827e-01;1.332836e-02;2.077759e-02
1.184448e-01;1.089730e-01;3.040004e-01;1.923076e-02;1.535698e-02;1.682512e-02;6.206468e-02;2.520123e-02;1.500311e-01;1.279052e-01;2.957548e-02;2.239132e-02
1.038659e-01;8.115642e-02;2.426466e-01;2.481491e-02;5.623074e-02;4.720589e-02;8.347231e-02;4.485308e-02;5.257266e-02;2.023787e-01;3.039869e-02;3.040407e-02
7.134344e-02;9.406567e-02;1.668586e-01;3.303108e-02;7.885680e-02;6.195007e-02;6.534524e-02;4.115495e-02;1.552611e-01;1.663743e-01;3.457122e-02;3.118748e-02
5.850368e-02;5.477645e-02;2.277926e-01;3.477732e-02;5.621573e-02;6.440638e-02;5.817240e-02;6.902754e-02;1.496579e-01;1.578120e-01;3.669972e-02;3.215832e-02
5.918683e-02;6.991922e-02;2.414882e-01;5.354222e-02;3.520968e-02;5.851706e-02;4.475394e-02;5.348239e-02;1.183938e-01;1.771494e-01;4.659680e-02;4.176047e-02
7.991488e-02;7.487304e-02;1.856077e-01;5.990641e-02;3.123691e-02;4.823466e-02;5.888959e-02;4.962062e-02;9.378452e-02;2.030362e-01;6.973565e-02;4.515981e-02
8.187563e-02;6.751949e-02;1.336861e-01;6.437302e-02;2.418233e-02;3.796956e-02;6.147269e-02;6.752745e-02;1.322661e-01;1.789106e-01;9.538214e-02;5.483497e-02
7.505963e-02;5.569461e-02;1.011837e-01;7.932714e-02;5.722673e-02;5.264916e-02;8.061441e-02;6.333339e-02;1.476303e-01;1.411180e-01;7.283241e-02;7.333041e-02
5.527128e-02;5.574780e-02;1.613763e-01;4.975439e-02;4.591900e-02;6.495935e-02;1.318689e-01;5.310811e-02;1.398074e-01;1.287022e-01;5.350620e-02;5.997900e-02
5.435600e-02;5.114922e-02;1.862378e-01;5.414006e-02;4.714805e-02;6.380056e-02;1.807144e-01;7.486405e-02;8.435050e-02;1.318519e-01;4.135441e-02;3.003318e-02
7.931507e-02;5.574459e-02;9.896656e-02;7.400325e-02;6.263430e-02;6.074341e-02;1.777847e-01;9.045221e-02;8.285683e-02;1.197872e-01;4.129260e-02;5.641923e-02
1.125170e-01;7.836619e-02;1.015848e-01;5.190849e-02;5.826373e-02;4.419995e-02;1.173124e-01;1.026567e-01;9.770799e-02;1.116994e-01;5.721861e-02;6.656465e-02
1.172576e-01;7.661730e-02;1.273421e-01;3.150457e-02;5.610051e-02;4.522222e-02;1.156275e-01;1.016507e-01;1.361833e-01;8.748186e-02;5.166883e-02;5.334345e-02
9.840776e-02;6.178042e-02;1.303734e-01;4.337255e-02;6.519011e-02;5.873684e-02;1.401901e-01;1.064859e-01;1.533342e-01;7.602469e-02;1.935883e-02;4.674520e-02
6.090714e-02;5.821303e-02;1.213574e-01;4.951788e-02;6.328057e-02;6.988734e-02;1.571778e-01;1.123315e-01;1.392206e-01;6.845224e-02;3.789838e-02;6.175606e-02
6.253523e-02;7.758217e-02;9.864008e-02;3.949451e-02;4.920705e-02;6.778261e-02;1.605152e-01;1.209006e-01;1.194407e-01;8.437751e-02;5.245364e-02;6.707069e-02
7.765139e-02;8.277805e-02;2.955129e-01;5.840439e-02;5.221530e-02;5.987758e-02;1.425110e-01;6.243732e-02;3.872341e-02;5.617372e-02;2.716616e-02;4.654877e-02
1.425273e-01;9.950525e-02;3.341386e-01;4.967105e-02;5.648943e-02;4.422864e-02;1.077283e-01;4.457801e-02;2.122671e-02;2.855185e-02;2.948708e-02;4.186785e-02
2.458935e-01;1.099157e-01;2.763744e-01;2.690822e-02;6.728929e-02;3.316817e-02;7.270174e-02;6.144491e-02;1.668960e-02;1.896512e-02;2.876547e-02;4.188387e-02
3.703068e-01;8.895981e-02;1.587396e-01;3.186899e-02;6.926546e-02;2.217620e-02;4.361386e-02;7.467393e-02;1.891781e-02;2.020100e-02;2.803096e-02;7.324561e-02
3.032155e-01;5.260430e-02;1.110941e-01;7.396620e-02;3.651934e-02;1.662861e-02;7.848397e-02;6.571075e-02;2.638795e-02;3.286124e-02;3.095884e-02;1.715692e-01
1.306000e-01;4.367976e-02;9.846844e-02;1.139167e-01;1.816557e-02;2.151833e-02;1.373608e-01;4.273487e-02;3.041864e-02;4.313074e-02;4.672674e-02;2.732793e-01
8.268885e-02;5.239305e-02;1.095011e-01;1.018785e-01;3.221481e-02;4.554933e-02;1.117388e-01;3.862117e-02;5.583244e-02;5.883617e-02;7.138424e-02;2.393615e-01
1.250432e-01;7.020380e-02;1.493824e-01;6.492652e-02;3.905185e-02;7.669213e-02;6.090591e-02;5.237473e-02;6.703959e-02;6.519921e-02;1.140111e-01;1.151695e-01
1.016097e-01;5.682049e-02;1.523772e-01;4.779351e-02;3.115361e-02;1.180933e-01;1.040039e-01;3.692599e-02;5.722228e-02;6.520870e-02;1.806558e-01;4.813545e-02
4.039818e-02;3.100792e-02;1.307753e-01;3.195650e-02;3.337988e-02;1.753837e-01;9.496142e-02;2.530513e-02;2.979198e-02;7.877586e-02;2.972043e-01;3.105975e-02
1.966457e-02;4.097566e-02;1.362483e-01;1.237679e-02;4.382710e-02;1.952364e-01;2.830319e-02;1.144649e-02;2.343977e-02;9.166651e-02;3.713979e-01;2.541726e-02
3.952367e-02;4.589493e-02;9.018479e-02;8.085031e-03;4.977643e-02;1.715593e-01;2.380230e-02;1.416319e-02;1.908581e-02;1.216637e-01;3.855577e-01;3.070302e-02
2.450109e-02;5.434601e-02;7.728344e-02;7.113100e-03;5.663894e-02;1.485979e-01;1.580752e-02;1.083776e-02;9.920026e-03;1.617621e-01;3.925309e-01;4.066121e-02
2.549337e-02;7.463383e-02;6.853268e-02;1.172778e-02;6.600757e-02;1.216620e-01;1.278616e-02;1.275588e-02;1.581671e-02;2.098110e-01;3.469894e-01;3.378360e-02
3.520400e-02;9.248412e-02;5.244271e-02;2.176099e-02;6.740387e-02;7.681732e-02;2.572122e-02;1.199433e-02;3.513458e-02;2.389627e-01;2.829126e-01;5.916160e-02
6.613360e-02;1.072038e-01;4.749161e-02;4.896197e-02;5.917814e-02;4.834151e-02;3.119804e-02;1.887051e-02;7.024844e-02;2.306742e-01;1.983519e-01;7.334630e-02
6.913058e-02;1.197545e-01;7.180046e-02;6.605655e-02;6.430910e-02;6.412234e-02;6.592345e-02;2.463672e-02;9.098747e-02;2.079655e-01;1.028633e-01;5.245000e-02
4.665349e-02;1.052403e-01;1.155788e-01;4.171589e-02;8.169595e-02;8.796276e-02;1.165866e-01;4.175302e-02;6.807233e-02;1.433604e-01;1.001370e-01;5.124352e-02
7.624969e-02;5.679179e-02;1.401604e-01;4.141824e-02;8.112687e-02;7.038330e-02;1.021399e-01;4.621193e-02;1.010268e-01;1.008465e-01;1.249976e-01;5.864693e-02
6.281817e-02;4.161170e-02;9.423687e-02;6.299070e-02;8.536955e-02;6.602126e-02;7.853822e-02;6.844999e-02;1.251066e-01;1.065486e-01;1.249081e-01;8.340028e-02
7.290094e-02;6.541245e-02;1.381969e-01;4.859475e-02;5.765756e-02;3.891961e-02;1.097331e-01;7.927894e-02;1.092881e-01;1.073680e-01;9.976951e-02;7.288008e-02
8.766598e-02;6.780351e-02;1.661320e-01;4.712657e-02;4.643844e-02;4.749053e-02;1.213533e-01;6.274702e-02;1.052003e-01;1.207436e-01;7.578167e-02;5.151704e-02
1.092565e-01;6.388004e-02;1.502130e-01;6.064849e-02;6.564154e-02;4.414292e-02;1.254090e-01;6.529932e-02;9.087089e-02;1.319143e-01;5.896348e-02;3.376050e-02
1.126500e-01;7.116545e-02;1.247486e-01;8.057385e-02;8.442404e-02;5.448655e-02;7.318486e-02;8.345975e-02;8.211495e-02;1.100244e-01;9.657942e-02;2.658818e-02
5.123299e-02;1.007531e-01;1.144412e-01;4.629391e-02;6.700414e-02;7.919203e-02;1.336724e-01;7.647389e-02;8.046722e-02;9.233993e-02;1.138942e-01;4.423493e-02
6.122451e-02;9.538029e-02;1.164449e-01;2.844385e-02;7.694798e-02;9.817792e-02;7.501349e-02;8.188358e-02;8.185811e-02;1.082501e-01;1.389565e-01;3.741883e-02
4.047498e-02;5.006090e-02;1.713832e-01;4.544896e-02;8.443983e-02;7.489598e-02;8.661228e-02;6.965937e-02;9.472081e-02;8.889549e-02;1.519411e-01;4.146707e-02
2.982856e-02;3.574820e-02;2.032441e-01;5.708656e-02;8.523200e-02;5.056443e-02;9.981358e-02;5.701644e-02;1.082110e-01;7.908119e-02;1.482848e-01;4.588910e-02
5.252893e-02;5.581675e-02;1.962315e-01;4.780228e-02;7.727861e-02;8.528597e-02;1.328512e-01;4.866558e-02;8.923563e-02;5.571778e-02;1.281963e-01;3.038950e-02
6.914763e-02;6.077058e-02;1.188001e-01;7.023197e-02;1.008919e-01;7.571704e-02;1.582840e-01;6.338859e-02;9.808843e-02;4.453330e-02;9.224255e-02;4.790394e-02
7.181465e-02;3.433589e-02;1.169247e-01;5.716915e-02;8.618800e-02;5.575772e-02;1.064515e-01;1.157650e-01;1.113760e-01;1.443037e-01;6.207296e-02;3.784076e-02
7.539628e-02;4.111820e-02;1.070691e-01;6.163302e-02;5.878125e-02;3.614940e-02;1.258293e-01;1.174098e-01;7.829311e-02;1.855340e-01;5.782172e-02;5.496486e-02
7.487121e-02;4.933739e-02;1.091373e-01;6.313137e-02;5.745925e-02;3.116139e-02;1.254151e-01;1.233019e-01;8.433209e-02;1.568177e-01;5.348193e-02;7.155330e-02
6.768018e-02;6.146021e-02;1.131764e-01;4.688161e-02;5.389466e-02;4.423865e-02;1.352198e-01;1.413295e-01;1.048477e-01;1.068372e-01;3.841053e-02;8.602350e-02
1.110925e-01;9.398229e-02;1.443232e-01;3.692623e-02;5.479198e-02;3.552208e-02;1.110726e-01;1.219324e-01;1.232345e-01;8.339052e-02;2.360556e-02;6.012619e-02
1.500423e-01;7.880630e-02;1.398402e-01;2.669998e-02;5.307114e-02;3.960330e-02;1.158030e-01;1.256111e-01;8.833516e-02;6.870226e-02;4.595943e-02;6.752591e-02
1.424667e-01;5.128906e-02;8.459008e-02;5.254774e-02;4.024620e-02;3.912688e-02;1.625370e-01;1.338597e-01;6.200401e-02;5.955040e-02;3.806492e-02;1.337172e-01
1.025081e-01;4.313606e-02;2.743684e-02;8.470202e-02;1.959891e-02;2.185609e-02;2.417305e-01;1.147341e-01;3.438064e-02;5.524789e-02;1.928243e-02;2.353864e-01
4.458131e-02;7.410649e-02;1.623081e-02;9.491497e-02;5.241136e-03;2.161545e-02;2.837421e-01;6.582976e-02;1.291213e-02;6.378952e-02;2.353171e-02;2.935046e-01
4.833190e-02;1.007861e-01;3.441300e-02;7.206816e-02;1.453991e-02;3.458935e-02;2.529225e-01;5.044136e-02;2.548485e-02;9.973551e-02;2.688422e-02;2.398032e-01
9.890296e-02;9.764417e-02;5.306436e-02;4.511054e-02;2.615364e-02;4.043944e-02;2.000325e-01;9.381156e-02;2.867968e-02;1.514586e-01;3.080842e-02;1.338941e-01
1.369537e-01;6.214828e-02;9.450624e-02;4.409016e-02;4.377092e-02;3.273125e-02;1.395341e-01;1.395808e-01;2.498238e-02;1.775489e-01;6.699406e-02;3.715929e-02
1.597606e-01;4.369152e-02;1.135199e-01;3.739054e-02;5.890808e-02;2.461312e-02;9.861874e-02;1.355987e-01;4.012630e-02;1.273255e-01;1.167673e-01;4.367974e-02
1.642107e-01;6.562094e-02;1.022226e-01;3.980481e-02;6.450313e-02;3.177690e-02;8.073845e-02;9.716304e-02;6.519942e-02;7.140513e-02;1.605956e-01;5.675932e-02
1.463040e-01;8.986126e-02;1.192518e-01;3.960329e-02;5.491223e-02;3.224716e-02;8.307769e-02;7.277944e-02;1.150277e-01;3.975868e-02;1.581174e-01;4.905918e-02
6.482580e-02;1.035134e-01;1.570171e-01;4.075579e-02;3.900955e-02;5.117531e-02;1.077498e-01;2.752956e-02;1.356411e-01;7.061014e-02;1.051511e-01;9.702122e-02
1.127587e-01;4.399653e-02;2.081238e-01;3.273818e-02;4.088415e-02;4.701594e-02;1.380052e-01;2.919201e-02;9.650628e-02;1.044109e-01;4.687309e-02;9.949522e-02
1.378271e-01;6.643544e-02;1.875744e-01;6.139331e-02;3.981107e-02;3.821297e-02;1.295605e-01;2.021858e-02;3.497041e-02;9.059633e-02;1.183060e-01;7.509383e-02
1.275466e-01;4.647110e-02;1.451916e-01;4.567794e-02;6.431554e-02;5.296156e-02;8.172657e-02;4.978865e-02;1.037888e-01;7.845929e-02;1.521393e-01;5.193296e-02
1.107688e-01;5.293802e-02;1.441747e-01;4.983485e-02;6.057852e-02;5.538419e-02;1.100801e-01;7.634059e-02;1.265904e-01;6.316517e-02;1.199510e-01;3.019374e-02
9.518734e-02;7.196017e-02;1.327696e-01;9.681060e-02;5.512981e-02;3.549825e-02;1.381909e-01;5.843247e-02;1.889642e-02;8.864005e-02;1.268050e-01;8.167938e-02
9.297857e-02;5.850464e-02;1.076240e-01;8.386945e-02;5.707498e-02;4.197788e-02;1.036659e-01;6.140087e-02;9.579287e-02;9.610818e-02;1.111978e-01;8.980475e-02
1.031471e-01;6.418984e-02;9.844963e-02;7.280153e-02;5.942728e-02;4.883720e-02;9.361584e-02;6.337522e-02;1.136427e-01;8.754203e-02;1.028805e-01;9.209102e-02
1.173123e-01;5.671274e-02;8.354332e-02;5.000127e-02;5.585771e-02;5.095404e-02;1.181664e-01;5.448342e-02;1.104815e-01;9.008013e-02;1.103534e-01;1.020537e-01
9.480283e-02;5.958900e-02;1.419434e-01;6.507158e-02;6.369317e-02;5.082843e-02;1.086353e-01;8.344012e-02;3.089771e-02;1.299578e-01;9.965380e-02;7.148693e-02
1.018585e-01;6.989692e-02;1.482342e-01;3.350508e-02;5.670908e-02;4.992536e-02;1.091096e-01;7.222026e-02;1.077033e-01;1.273339e-01;7.150133e-02;5.200249e-02
8.157727e-02;3.747726e-02;1.313662e-01;2.680781e-02;6.416570e-02;4.558207e-02;1.171393e-01;9.042396e-02;1.224269e-01;1.211769e-01;9.169554e-02;7.016126e-02
5.640458e-02;3.711585e-02;1.620689e-01;3.055443e-02;7.364996e-02;5.468517e-02;1.083640e-01;1.054810e-01;6.228387e-02;1.063396e-01;8.845191e-02;1.146006e-01
7.524744e-02;5.073811e-02;1.634187e-01;6.042802e-02;9.399814e-02;6.460899e-02;8.979837e-02;8.854847e-02;3.908717e-02;1.101257e-01;5.985243e-02;1.041484e-01
8.486764e-02;7.147746e-02;1.232483e-01;8.681884e-02;6.122450e-02;9.501699e-02;1.052051e-01;3.524840e-02;8.688015e-02;1.093321e-01;8.574921e-02;5.493129e-02
1.020036e-01;8.958049e-02;1.385749e-01;7.916564e-02;6.140575e-02;6.670140e-02;1.219354e-01;7.140791e-02;7.439125e-02;6.711449e-02;7.111225e-02;5.660693e-02
1.027556e-01;9.820014e-02;1.526452e-01;8.007295e-02;6.176870e-02;5.358081e-02;1.270218e-01;7.693557e-02;6.409615e-02;6.568991e-02;6.100085e-02;5.623227e-02
8.965384e-02;1.042235e-01;1.493753e-01;7.818818e-02;6.227133e-02;4.887680e-02;1.189099e-01;9.153090e-02;5.505197e-02;9.384669e-02;5.613355e-02;5.193800e-02
5.682575e-02;8.241857e-02;7.918358e-02;5.951038e-02;7.008336e-02;5.349084e-02;1.028341e-01;1.061586e-01;8.625988e-02;1.722902e-01;7.606565e-02;5.487902e-02
5.120912e-02;3.981022e-02;1.296855e-01;4.140275e-02;5.940977e-02;8.140411e-02;1.594935e-01;7.277570e-02;1.195024e-01;1.338717e-01;6.053019e-02;5.090509e-02
8.221744e-02;4.775502e-02;8.573381e-02;2.572910e-02;8.226719e-02;8.391964e-02;2.189300e-01;9.827711e-02;1.027782e-01;7.619850e-02;7.263347e-02;2.356066e-02
5.356961e-02;4.459881e-02;1.369253e-01;3.303603e-02;8.482546e-02;6.672526e-02;3.684695e-01;3.920263e-02;5.171073e-02;4.433995e-02;5.134919e-02;2.524755e-02
3.294202e-02;2.600819e-02;9.662561e-02;2.850034e-02;1.043128e-01;9.428199e-02;4.357920e-01;3.948556e-02;4.145762e-02;3.657866e-02;3.887710e-02;2.513817e-02
4.088238e-02;2.479323e-02;1.470314e-01;4.609556e-02;1.227288e-01;9.889384e-02;3.405961e-01;4.413568e-02;3.467222e-02;2.870862e-02;4.288268e-02;2.857952e-02
2.886247e-02;2.266832e-02;2.783157e-01;8.259910e-02;1.284847e-01;8.226099e-02;2.010061e-01;3.300031e-02;1.836609e-02;3.476682e-02;5.889480e-02;3.077464e-02
1.871214e-02;2.321151e-02;4.853715e-01;9.775286e-02;8.969497e-02;4.466853e-02;6.817766e-02;1.933871e-02;1.375064e-02;6.676374e-02;5.468427e-02;1.787347e-02
2.080646e-02;4.440778e-02;6.141944e-01;6.248629e-02;3.023017e-02;1.619549e-02;4.876597e-02;9.926539e-03;3.033874e-02;9.101418e-02;2.414781e-02;7.486229e-03
7.668439e-03;1.001003e-01;6.074198e-01;3.688597e-02;1.811915e-02;2.843599e-02;3.126552e-02;1.391980e-02;6.881718e-02;6.924808e-02;8.929227e-03;9.190515e-03
3.712907e-02;1.809870e-01;4.606549e-01;2.398752e-02;1.087666e-02;6.091681e-02;1.203454e-02;1.378068e-02;1.468394e-01;3.696945e-02;7.008154e-03;8.815855e-03
7.274976e-02;2.336761e-01;2.933462e-01;1.842847e-02;9.209158e-03;8.277658e-02;1.182007e-02;2.199625e-02;2.138360e-01;2.237360e-02;8.081003e-03;1.170689e-02
1.028393e-01;2.419542e-01;2.182955e-01;1.987272e-02;8.533602e-03;6.561550e-02;2.933848e-02;3.280638e-02;2.363997e-01;1.365646e-02;1.330028e-02;1.738787e-02
1.322521e-01;2.420580e-01;1.781458e-01;2.388332e-02;1.133241e-02;3.971145e-02;3.024622e-02;4.169698e-02;2.416332e-01;1.916459e-02;1.969260e-02;2.018336e-02
1.629102e-01;2.444690e-01;1.479063e-01;1.955671e-02;1.261505e-02;2.925129e-02;2.108136e-02;4.936685e-02;2.515688e-01;2.692581e-02;1.901863e-02;1.532986e-02
2.008859e-01;2.081405e-01;1.461526e-01;1.895527e-02;3.673050e-02;2.365555e-02;2.857657e-02;6.295140e-02;2.171782e-01;2.675055e-02;1.230444e-02;1.771859e-02
2.258800e-01;1.442785e-01;1.648163e-01;2.111742e-02;5.683790e-02;2.749286e-02;5.733497e-02;6.460709e-02;1.610563e-01;3.692000e-02;1.265782e-02;2.700084e-02
2.419934e-01;1.241698e-01;2.327003e-01;3.894870e-02;4.473292e-02;2.251147e-02;8.119461e-02;4.567717e-02;8.874030e-02;3.383107e-02;1.492720e-02;3.057313e-02
2.350747e-01;2.216754e-01;2.772219e-01;3.393199e-02;2.601447e-02;3.172390e-02;5.501125e-02;1.297198e-02;3.843270e-02;3.496995e-02;1.335665e-02;1.961515e-02
2.031291e-01;2.621029e-01;3.158240e-01;2.103518e-02;1.919194e-02;4.758737e-02;1.773006e-02;1.519614e-02;5.406096e-02;2.593266e-02;8.457229e-03;9.752518e-03
1.976285e-01;2.340542e-01;3.488384e-01;1.890580e-02;1.103081e-02;6.555112e-02;1.092898e-02;9.421105e-03;6.603912e-02;1.742108e-02;9.068743e-03;1.111221e-02
2.294137e-01;1.672634e-01;3.377695e-01;1.743332e-02;1.789528e-02;5.979544e-02;2.753514e-02;1.439338e-02;5.709129e-02;2.632092e-02;2.263522e-02;2.245340e-02
2.393285e-01;1.210258e-01;2.827065e-01;1.926732e-02;3.481249e-02;4.094915e-02;3.721421e-02;3.519321e-02;5.134225e-02;3.410647e-02;5.130044e-02;5.275366e-02
1.943150e-01;9.174497e-02;1.780209e-01;3.693780e-02;4.677422e-02;3.564282e-02;8.185194e-02;6.642193e-02;5.805904e-02;5.304904e-02;8.427161e-02;7.291077e-02
1.196043e-01;7.891121e-02;2.498152e-01;4.889021e-02;3.185856e-02;6.424285e-02;1.079086e-01;8.110053e-02;4.220083e-02;6.654199e-02;6.604875e-02;4.287698e-02
9.840634e-02;5.895348e-02;2.998355e-01;5.920103e-02;4.268971e-02;8.784273e-02;8.084136e-02;7.138478e-02;4.335863e-02;7.341565e-02;5.121242e-02;3.285839e-02
8.645638e-02;3.488016e-02;2.505129e-01;6.540810e-02;4.893267e-02;6.889071e-02;1.021266e-01;4.289230e-02;9.250805e-02;8.319394e-02;6.691676e-02;5.728140e-02
8.709953e-02;5.023296e-02;1.835898e-01;6.955020e-02;4.330184e-02;6.934552e-02;1.078541e-01;5.684582e-02;1.300758e-01;9.132455e-02;6.600177e-02;4.477807e-02
7.689751e-02;5.884183e-02;1.928504e-01;6.082938e-02;5.166959e-02;7.383719e-02;9.664637e-02;5.113683e-02;1.352049e-01;1.112245e-01;5.526120e-02;3.560041e-02
4.976080e-02;3.922004e-02;1.474978e-01;5.984972e-02;9.931916e-02;6.139633e-02;1.631113e-01;3.472164e-02;7.770043e-02;9.277600e-02;1.073254e-01;6.732140e-02
4.011820e-02;2.582164e-02;1.521777e-01;1.171061e-01;9.731067e-02;6.091383e-02;1.248664e-01;4.628563e-02;3.887202e-02;5.039003e-02;1.693719e-01;7.676587e-02
3.371795e-02;3.469636e-02;1.545908e-01;1.480120e-01;7.442593e-02;5.018913e-02;7.610347e-02;7.762033e-02;3.382286e-02;5.028969e-02;2.219858e-01;4.454572e-02
3.640110e-02;7.094692e-02;1.213668e-01;1.268961e-01;6.740815e-02;4.193161e-02;4.162502e-02;1.170041e-01;8.383517e-02;5.924334e-02;2.027986e-01;3.054316e-02
2.716963e-02;1.097060e-01;9.718329e-02;8.616021e-02;7.960571e-02;2.763763e-02;4.752870e-02;1.641387e-01;1.217882e-01;4.952479e-02;1.268779e-01;6.267922e-02
2.289983e-02;1.133344e-01;8.614552e-02;7.896151e-02;9.166368e-02;3.801075e-02;6.370903e-02;1.969191e-01;9.976581e-02;2.878753e-02;9.005028e-02;8.975253e-02
4.308648e-02;6.066367e-02;6.908792e-02;5.279423e-02;1.301336e-01;4.863731e-02;7.808227e-02;1.261242e-01;1.830497e-01;3.575500e-02;5.210941e-02;1.204763e-01
4.678072e-02;2.698330e-02;8.517148e-02;4.380884e-02;1.615868e-01;5.479343e-02;7.897990e-02;5.265846e-02;2.652245e-01;4.330280e-02;2.366462e-02;1.170451e-01
5.947840e-02;2.803311e-02;1.260991e-01;6.126421e-02;1.719136e-01;4.855432e-02;7.127326e-02;4.183332e-02;2.418266e-01;4.459117e-02;1.664140e-02;8.849155e-02
4.372922e-02;2.615080e-02;2.389499e-01;7.938602e-02;1.300669e-01;4.829981e-02;1.173004e-01;4.367441e-02;1.473557e-01;4.772869e-02;2.833271e-02;4.902535e-02
3.868442e-02;2.194993e-02;3.576299e-01;8.891755e-02;8.657204e-02;3.168736e-02;1.083712e-01;4.683848e-02;8.526112e-02;5.765899e-02;4.203266e-02;3.439632e-02
3.086341e-02;2.077444e-02;3.652762e-01;1.144630e-01;1.062097e-01;4.527695e-02;8.087850e-02;3.694814e-02;5.214865e-02;4.926804e-02;5.821218e-02;3.968078e-02
2.318819e-02;1.912266e-02;3.506335e-01;1.419742e-01;1.086087e-01;5.770319e-02;5.960315e-02;4.235790e-02;5.248957e-02;3.496422e-02;8.199969e-02;2.735500e-02
1.691119e-02;1.477141e-02;3.899964e-01;1.572901e-01;1.017778e-01;4.668801e-02;2.812362e-02;5.708864e-02;4.085194e-02;2.832560e-02;9.878874e-02;1.938662e-02
1.547971e-02;1.571908e-02;4.237217e-01;1.672002e-01;9.980252e-02;3.194651e-02;1.294439e-02;6.128256e-02;2.283816e-02;1.970960e-02;1.089445e-01;2.041099e-02
2.765719e-02;2.907933e-02;3.391854e-01;1.576955e-01;1.160746e-01;4.011774e-02;4.341625e-02;6.813543e-02;2.943053e-02;2.266191e-02;1.002048e-01;2.634122e-02
3.070140e-02;3.982789e-02;2.675906e-01;1.581269e-01;1.615994e-01;5.359541e-02;3.079896e-02;6.740196e-02;2.817675e-02;1.617402e-02;9.192163e-02;5.408505e-02
2.300425e-02;4.197026e-02;2.091821e-01;1.628956e-01;2.246827e-01;5.606652e-02;3.883247e-02;3.639547e-02;1.372439e-02;1.513132e-02;8.980907e-02;8.830582e-02
2.073490e-02;3.067922e-02;2.209182e-01;1.645391e-01;2.466881e-01;4.841210e-02;1.435004e-02;2.217452e-02;8.542126e-03;1.545336e-02;1.018794e-01;1.056289e-01
7.666899e-03;2.358451e-02;2.069658e-01;1.574962e-01;2.401779e-01;5.087790e-02;3.554532e-02;4.092631e-02;1.506676e-02;1.532093e-02;9.727893e-02;1.090926e-01
9.119729e-03;1.997339e-02;1.986281e-01;1.661699e-01;2.212624e-01;5.366498e-02;3.278121e-02;6.977312e-02;1.484977e-02;1.333111e-02;1.051015e-01;9.534488e-02
6.903881e-03;2.291753e-02;2.214754e-01;1.867534e-01;1.789023e-01;4.870955e-02;3.383940e-02;8.559003e-02;1.175422e-02;1.512317e-02;1.199776e-01;6.805370e-02
1.157783e-02;3.855274e-02;2.660515e-01;1.838106e-01;1.331430e-01;5.395598e-02;3.231847e-02;7.962852e-02;1.665523e-02;2.205122e-02;1.189344e-01;4.332050e-02
2.819239e-02;5.844845e-02;2.820015e-01;1.443402e-01;1.106915e-01;7.655401e-02;4.578710e-02;6.457283e-02;2.560420e-02;2.842329e-02;1.005991e-01;3.478540e-02
2.485075e-02;5.561130e-02;3.194044e-01;1.523068e-01;8.532304e-02;9.624188e-02;4.416182e-02;6.730184e-02;1.640259e-02;3.053117e-02;9.430175e-02;1.356266e-02
1.671775e-02;4.388331e-02;3.609341e-01;1.493173e-01;7.713698e-02;1.036506e-01;3.804137e-02;6.684677e-02;1.757268e-02;2.571781e-02;9.060554e-02;9.575723e-03
2.973692e-02;3.673004e-02;3.758200e-01;1.271931e-01;7.460293e-02;9.822813e-02;4.657204e-02;6.612594e-02;2.147797e-02;2.518796e-02;8.008854e-02;1.823637e-02
1.903815e-02;3.960400e-02;4.174578e-01;1.124926e-01;7.402363e-02;9.222662e-02;4.166840e-02;6.500679e-02;2.137285e-02;2.781663e-02;7.264767e-02;1.664483e-02
2.058577e-02;3.523662e-02;4.291958e-01;1.036462e-01;8.161127e-02;8.996492e-02;5.002910e-02;5.737406e-02;2.235938e-02;3.872482e-02;6.262793e-02;8.644122e-03
2.640836e-02;2.761123e-02;4.252850e-01;1.111805e-01;8.890942e-02;1.076697e-01;3.509145e-02;5.581827e-02;2.396530e-02;2.942322e-02;5.809213e-02;1.054540e-02
2.707681e-02;3.386390e-02;3.754060e-01;1.191541e-01;8.942808e-02;1.138231e-01;3.558384e-02;6.297157e-02;3.042450e-02;3.786077e-02;6.366129e-02;1.074598e-02
2.630788e-02;4.914194e-02;3.029088e-01;1.200960e-01;9.357221e-02;1.131179e-01;2.738318e-02;8.353157e-02;4.352412e-02;3.547625e-02;9.015032e-02;1.478981e-02
2.896385e-02;6.947957e-02;2.110745e-01;1.155229e-01;9.782523e-02;1.123360e-01;5.016857e-02;1.074187e-01;4.271575e-02;2.830471e-02;1.232502e-01;1.294006e-02
2.542717e-02;6.901535e-02;1.980257e-01;1.256961e-01;8.283946e-02;1.065778e-01;3.718937e-02;1.328368e-01;2.034896e-02;2.700710e-02;1.627154e-01;1.232084e-02
1.534062e-02;6.469855e-02;1.802177e-01;1.315727e-01;6.287672e-02;9.759387e-02;3.684272e-02;1.589825e-01;1.436534e-02;2.591364e-02;1.936175e-01;1.797816e-02
2.129624e-02;6.969116e-02;1.504150e-01;1.299888e-01;4.718778e-02;8.659311e-02;4.114182e-02;1.662781e-01;2.766591e-02;2.537237e-02;2.198032e-01;1.456645e-02
1.983257e-02;7.288810e-02;1.361915e-01;1.348912e-01;3.424216e-02;7.882871e-02;4.671111e-02;1.588610e-01;2.773202e-02;3.302325e-02;2.432166e-01;1.358164e-02
1.586564e-02;6.861638e-02;1.316850e-01;1.546445e-01;2.753442e-02;8.038666e-02;2.930425e-02;1.560678e-01;2.428784e-02;2.218362e-02;2.657858e-01;2.363815e-02
4.524625e-02;5.840298e-02;1.391966e-01;1.509120e-01;2.491369e-02;7.768610e-02;4.550621e-02;1.334583e-01;2.684088e-02;4.035977e-02;2.340190e-01;2.345823e-02
6.563465e-02;5.185072e-02;1.570913e-01;1.407042e-01;1.926253e-02;7.631657e-02;6.561761e-02;1.240816e-01;3.271206e-02;5.307223e-02;1.905315e-01;2.312508e-02
7.188090e-02;4.041426e-02;1.853364e-01;1.299860e-01;2.134062e-02;6.397066e-02;7.310847e-02;1.087518e-01;3.544030e-02;7.730471e-02;1.690004e-01;2.346548e-02
5.068957e-02;2.751273e-02;2.143646e-01;1.446432e-01;2.463699e-02;4.688550e-02;6.889641e-02;8.082339e-02;3.190038e-02;9.226565e-02;1.969072e-01;2.047442e-02
2.326124e-02;1.966382e-02;2.344144e-01;1.770788e-01;2.863214e-02;3.329993e-02;4.307573e-02;5.123987e-02;3.752151e-02;8.035854e-02;2.541773e-01;1.727665e-02
7.784553e-03;1.039251e-02;2.482384e-01;1.963759e-01;3.039896e-02;2.749326e-02;1.990528e-02;3.159561e-02;3.711423e-02;7.295002e-02;3.057938e-01;1.195750e-02
7.670511e-03;7.427527e-03;2.568563e-01;1.778767e-01;2.894509e-02;2.213748e-02;2.225771e-02;2.674379e-02;3.055785e-02;8.557694e-02;3.209363e-01;1.301385e-02
8.924311e-03;7.217630e-03;2.412329e-01;1.718773e-01;2.723717e-02;3.082920e-02;1.353116e-02;3.975146e-02;1.646547e-02;7.586791e-02;3.546691e-01;1.239633e-02
8.067406e-03;5.970962e-03;2.173704e-01;1.803235e-01;3.174339e-02;4.318544e-02;1.841807e-02;5.056451e-02;1.731155e-02;4.258558e-02;3.776841e-01;6.775118e-03
5.493591e-03;8.837392e-03;2.010740e-01;1.869860e-01;3.685966e-02;5.008304e-02;1.104164e-02;6.253669e-02;9.419579e-03;2.398498e-02;3.900239e-01;1.365946e-02
5.647884e-03;1.213463e-02;1.840982e-01;1.858182e-01;4.208117e-02;5.399661e-02;1.468925e-02;8.005401e-02;9.436941e-03;2.600850e-02;3.763740e-01;9.660607e-03
7.230246e-03;1.854963e-02;1.706980e-01;1.746487e-01;4.186547e-02;5.111479e-02;3.440131e-02;9.860212e-02;1.046261e-02;2.250976e-02;3.430736e-01;2.684376e-02
7.712152e-03;1.844848e-02;1.974523e-01;1.777297e-01;4.786239e-02;4.784760e-02;3.016680e-02;1.046930e-01;1.351008e-02;1.304639e-02;3.272670e-01;1.426424e-02
1.084358e-02;2.567647e-02;2.669453e-01;1.584338e-01;5.425510e-02;4.235937e-02;3.720860e-02;8.198643e-02;1.658539e-02;2.176692e-02;2.583860e-01;2.555304e-02
2.468203e-02;4.322172e-02;3.767566e-01;1.255553e-01;4.728140e-02;3.115339e-02;3.801011e-02;5.602413e-02;2.065966e-02;2.530896e-02;1.753782e-01;3.596847e-02
2.684150e-02;4.167479e-02;5.173003e-01;1.058957e-01;5.476586e-02;2.952502e-02;4.171786e-02;3.499018e-02;2.087875e-02;1.433785e-02;8.660707e-02;2.546512e-02
1.177903e-02;2.333646e-02;5.912670e-01;1.209696e-01;7.512850e-02;3.750460e-02;3.142178e-02;1.699064e-02;2.615446e-02;1.780585e-02;3.779012e-02;9.851987e-03
5.788055e-03;1.497347e-02;6.423481e-01;1.210060e-01;6.945161e-02;3.371273e-02;7.579119e-03;7.337027e-03;3.117892e-02;1.890648e-02;4.644550e-02;1.272951e-03
1.130365e-02;1.156093e-02;6.438304e-01;1.146263e-01;6.738231e-02;2.589212e-02;1.606174e-02;1.090305e-02;3.377698e-02;1.540168e-02;4.545115e-02;3.809621e-03
1.055253e-02;9.771788e-03;6.522684e-01;1.164448e-01;6.509227e-02;1.969635e-02;1.978864e-02;1.437793e-02;2.474517e-02;1.856402e-02;4.682023e-02;1.877957e-03
6.988870e-03;1.127162e-02;6.848817e-01;1.056540e-01;5.621298e-02;1.517382e-02;1.373510e-02;1.401852e-02;1.551981e-02;2.481160e-02;4.799057e-02;3.741452e-03
6.567592e-03;8.268942e-03;6.989791e-01;9.372387e-02;4.986116e-02;1.457556e-02;2.392631e-02;8.926753e-03;1.516423e-02;3.124877e-02;4.606680e-02;2.690887e-03
1.111107e-02;1.012973e-02;6.868904e-01;8.433194e-02;4.974803e-02;1.425117e-02;4.830982e-02;7.460010e-03;1.315603e-02;4.195205e-02;3.016326e-02;2.496502e-03
1.998644e-02;1.431659e-02;6.158528e-01;8.028074e-02;5.001436e-02;1.685620e-02;6.113166e-02;2.135263e-02;2.872025e-02;6.655039e-02;1.769877e-02;7.239108e-03
2.390380e-02;2.043659e-02;5.478713e-01;8.094845e-02;5.121140e-02;1.896207e-02;6.517435e-02;2.472168e-02;4.598044e-02;7.401463e-02;3.845799e-02;8.317304e-03
1.644001e-02;1.396572e-02;5.803407e-01;1.189895e-01;4.931377e-02;1.067925e-02;3.351004e-02;1.874648e-02;3.833426e-02;5.354147e-02;6.070349e-02;5.435282e-03
7.333199e-03;9.087062e-03;5.868543e-01;1.463459e-01;5.818142e-02;1.351817e-02;1.267667e-02;1.384616e-02;3.487545e-02;3.353615e-02;7.985706e-02;3.888437e-03
6.180342e-03;8.278039e-03;5.450098e-01;1.633604e-01;6.682424e-02;1.826122e-02;1.860189e-02;1.732012e-02;3.046473e-02;3.094481e-02;8.992881e-02;4.825623e-03
8.173042e-03;7.402007e-03;4.732712e-01;1.847642e-01;8.750939e-02;2.369114e-02;1.590051e-02;3.496468e-02;1.727773e-02;3.968890e-02;9.884366e-02;8.513525e-03
6.840130e-03;6.055860e-03;4.160518e-01;1.995405e-01;1.107641e-01;3.119401e-02;1.816921e-02;5.509061e-02;1.072904e-02;3.593132e-02;1.047320e-01;4.901458e-03
5.406986e-03;4.771346e-03;3.597115e-01;1.914312e-01;1.446921e-01;3.635182e-02;1.916124e-02;7.537588e-02;8.859237e-03;3.614920e-02;9.580702e-02;2.228248e-02
6.687240e-03;7.859043e-03;3.084306e-01;1.627034e-01;1.723227e-01;4.570352e-02;4.167661e-02;7.599962e-02;8.087145e-03;5.380818e-02;7.894085e-02;3.778117e-02
8.251113e-03;1.021950e-02;3.578945e-01;1.443430e-01;1.713493e-01;4.459704e-02;4.932204e-02;5.244509e-02;8.348058e-03;3.982006e-02;7.316408e-02;4.024621e-02
6.800324e-03;1.142221e-02;3.804893e-01;1.329411e-01;1.752151e-01;5.531720e-02;6.567024e-02;2.590836e-02;7.921319e-03;4.947447e-02;6.562384e-02;2.321649e-02
5.609562e-03;9.235986e-03;3.416791e-01;1.123281e-01;2.235117e-01;7.269931e-02;5.949556e-02;1.388248e-02;7.872595e-03;7.220493e-02;4.295775e-02;3.852301e-02
5.401718e-03;1.038479e-02;3.007059e-01;9.627146e-02;2.783448e-01;8.275239e-02;4.895077e-02;1.049702e-02;7.371965e-03;6.693139e-02;2.800614e-02;6.438163e-02
9.047930e-03;1.240132e-02;2.463347e-01;8.128416e-02;3.262610e-01;9.870001e-02;6.027879e-02;1.017154e-02;1.290704e-02;4.419220e-02;1.372448e-02;8.469681e-02
1.639237e-02;9.782321e-03;2.211191e-01;6.855091e-02;3.430500e-01;1.054212e-01;5.486204e-02;1.205741e-02;1.785541e-02;2.912572e-02;1.752124e-02;1.042623e-01
2.417156e-02;2.152266e-02;1.647248e-01;4.921571e-02;2.887301e-01;1.151996e-01;1.139112e-01;2.146797e-02;3.618162e-02;3.506558e-02;1.369931e-02;1.161099e-01
2.233799e-02;2.397140e-02;1.144690e-01;3.457198e-02;2.755114e-01;1.388290e-01;1.277154e-01;1.940105e-02;4.970856e-02;3.355088e-02;1.893558e-02;1.409978e-01
2.889225e-02;1.083942e-02;8.982442e-02;4.256507e-02;3.103502e-01;1.519316e-01;1.112006e-01;1.025456e-02;5.519487e-02;1.492149e-02;7.515210e-03;1.665103e-01
1.226109e-02;4.289000e-03;8.956564e-02;4.971340e-02;3.360657e-01;1.397355e-01;1.042599e-01;6.700522e-03;5.568598e-02;6.183842e-03;4.779012e-03;1.907604e-01
1.189929e-02;5.039979e-03;9.208889e-02;5.479562e-02;3.429565e-01;1.147784e-01;9.429538e-02;6.633577e-03;5.444628e-02;4.355898e-03;3.853896e-03;2.148563e-01
6.834674e-03;5.675957e-03;9.917861e-02;8.151906e-02;3.368879e-01;9.597759e-02;8.944659e-02;5.671752e-03;4.466503e-02;4.107159e-03;4.186762e-03;2.258490e-01
9.202450e-03;7.131676e-03;1.448153e-01;1.152888e-01;2.923580e-01;7.874593e-02;7.431071e-02;8.879111e-03;2.627297e-02;9.366653e-03;3.673030e-02;1.968982e-01
1.296152e-02;1.462092e-02;2.331329e-01;1.436774e-01;2.272074e-01;6.125974e-02;5.204780e-02;1.463327e-02;1.804217e-02;1.208164e-02;6.971767e-02;1.406176e-01
1.190799e-02;2.054231e-02;3.665489e-01;1.562570e-01;1.545994e-01;4.128702e-02;2.092817e-02;2.382916e-02;1.259620e-02;1.208135e-02;9.461781e-02;8.480468e-02
2.234902e-02;1.608009e-02;5.041855e-01;1.277731e-01;9.685812e-02;3.011353e-02;2.192242e-02;2.331946e-02;1.319034e-02;1.424426e-02;8.721843e-02;4.274572e-02
3.453425e-02;2.054119e-02;6.349627e-01;8.260881e-02;5.515301e-02;2.336987e-02;2.411695e-02;1.669992e-02;1.778349e-02;2.610358e-02;4.669186e-02;1.743429e-02
2.891375e-02;4.026318e-02;6.854104e-01;4.742282e-02;3.009420e-02;2.167677e-02;4.639419e-02;1.148191e-02;1.493999e-02;4.047263e-02;8.901901e-03;2.402828e-02
2.002418e-02;4.427560e-02;7.051528e-01;3.927261e-02;2.553684e-02;2.209492e-02;4.007534e-02;1.643465e-02;2.295960e-02;3.048986e-02;9.712978e-03;2.397072e-02
1.281310e-02;5.189506e-02;7.424107e-01;4.345597e-02;2.575066e-02;2.184484e-02;1.227738e-02;2.043561e-02;2.132472e-02;2.286599e-02;9.369042e-03;1.555696e-02
2.153851e-02;5.194170e-02;7.234709e-01;3.946856e-02;2.993569e-02;1.762546e-02;2.605562e-02;2.402009e-02;2.114624e-02;2.697524e-02;1.093182e-02;6.890137e-03
1.789199e-02;3.402884e-02;6.644893e-01;5.000492e-02;5.206095e-02;2.782577e-02;4.596660e-02;2.114894e-02;1.644501e-02;4.127098e-02;2.416450e-02;4.702253e-03
1.291114e-02;1.574464e-02;5.794400e-01;9.467266e-02;7.513207e-02;4.253353e-02;4.571096e-02;2.366983e-02;1.474054e-02;3.915605e-02;5.425016e-02;2.038425e-03
1.103840e-02;1.413744e-02;5.054382e-01;1.331883e-01;9.317496e-02;4.574914e-02;2.318090e-02;4.040772e-02;9.814588e-03;2.702115e-02;9.047449e-02;6.374666e-03
8.945106e-03;1.025675e-02;4.367616e-01;1.498238e-01;1.166951e-01;4.480660e-02;2.979970e-02;4.526712e-02;9.840249e-03;2.662568e-02;1.085274e-01;1.265083e-02
6.230215e-03;4.262805e-03;4.216007e-01;1.602028e-01;1.351368e-01;3.899460e-02;3.239983e-02;3.403251e-02;7.153118e-03;3.374665e-02;1.084326e-01;1.780736e-02
6.615230e-03;1.077059e-02;4.718075e-01;1.636642e-01;1.214040e-01;2.903627e-02;2.243088e-02;3.101907e-02;7.599305e-03;3.210542e-02;9.193528e-02;1.161226e-02
5.237902e-03;1.014878e-02;5.141286e-01;1.639902e-01;1.099975e-01;3.034261e-02;2.309718e-02;3.188835e-02;4.985638e-03;2.078042e-02;8.107323e-02;4.329585e-03
2.728918e-03;7.824901e-03;5.446066e-01;1.579966e-01;1.091860e-01;3.544958e-02;2.675590e-02;2.654772e-02;3.821422e-03;1.163111e-02;7.037444e-02;3.076857e-03
3.487158e-03;8.711059e-03;5.823070e-01;1.492495e-01;1.010719e-01;3.175045e-02;2.151995e-02;1.862034e-02;5.069924e-03;1.003558e-02;6.324996e-02;4.927141e-03
4.611554e-03;7.402579e-03;6.382316e-01;1.291067e-01;8.325605e-02;2.341268e-02;1.104824e-02;1.197735e-02;1.137113e-02;1.898609e-02;5.489893e-02;5.697063e-03
6.170626e-03;1.181303e-02;6.830702e-01;9.836772e-02;6.831281e-02;1.779872e-02;1.821001e-02;7.328466e-03;1.478265e-02;3.224856e-02;3.928756e-02;2.609692e-03
9.872580e-03;1.998142e-02;6.995001e-01;8.028331e-02;5.570858e-02;1.573310e-02;1.799396e-02;6.869183e-03;1.666685e-02;4.571999e-02;2.740675e-02;4.264095e-03
2.500480e-02;3.311918e-02;6.482248e-01;5.669394e-02;4.218891e-02;2.143234e-02;5.704901e-02;1.243594e-02;2.133013e-02;5.281493e-02;2.037416e-02;9.331890e-03
4.467966e-02;3.582738e-02;5.087351e-01;4.831351e-02;5.587013e-02;3.188607e-02;1.192788e-01;3.113534e-02;3.517184e-02;6.587812e-02;1.069857e-02;1.252546e-02
4.827565e-02;2.991466e-02;3.084301e-01;4.706619e-02;9.732968e-02;6.443284e-02;1.878532e-01;5.275283e-02;6.288841e-02;7.171874e-02;1.268606e-02;1.665165e-02
4.608789e-02;3.034752e-02;2.232780e-01;2.946343e-02;9.652730e-02;7.040224e-02;1.524965e-01;7.509127e-02;1.213414e-01;9.200243e-02;4.733111e-02;1.563095e-02
5.178142e-02;3.834806e-02;2.008151e-01;4.338032e-02;6.982410e-02;5.299682e-02;1.206536e-01;6.796288e-02;1.435995e-01;8.560771e-02;7.941915e-02;4.561123e-02
6.273732e-02;5.666051e-02;2.143008e-01;4.902527e-02;6.420593e-02;4.435856e-02;1.051419e-01;6.303990e-02;1.335694e-01;7.424227e-02;8.061960e-02;5.209852e-02
5.134439e-02;4.744650e-02;2.067094e-01;7.495860e-02;7.127710e-02;5.385398e-02;1.212187e-01;7.495276e-02;1.052388e-01;1.089802e-01;5.337598e-02;3.064351e-02
3.729630e-02;4.706476e-02;2.139302e-01;7.437938e-02;9.094297e-02;7.064199e-02;1.436929e-01;6.423339e-02;7.256795e-02;1.140255e-01;3.653622e-02;3.468839e-02
5.151943e-02;5.187032e-02;1.844698e-01;6.591623e-02;6.142180e-02;6.112144e-02;1.335573e-01;8.031204e-02;1.097111e-01;1.126470e-01;4.185779e-02;4.559585e-02
5.633032e-02;5.081617e-02;1.557203e-01;7.312020e-02;3.936077e-02;6.343953e-02;1.184997e-01;9.801267e-02;1.332602e-01;1.128500e-01;3.951334e-02;5.907673e-02
6.562570e-02;5.066127e-02;1.550585e-01;8.408421e-02;4.551832e-02;6.350763e-02;8.656938e-02;1.010566e-01;1.322605e-01;1.042583e-01;3.588100e-02;7.551868e-02
3.462810e-02;6.178365e-02;1.506047e-01;7.562599e-02;7.567728e-02;4.241616e-02;1.047470e-01;8.949929e-02;1.222939e-01;1.091084e-01;5.794520e-02;7.567040e-02
5.056074e-02;6.203477e-02;1.191630e-01;6.038381e-02;4.889432e-02;6.110846e-02;1.090943e-01;7.726886e-02;1.785129e-01;1.350670e-01;6.212353e-02;3.578832e-02
6.668843e-02;7.196119e-02;8.697005e-02;5.452967e-02;4.670032e-02;7.333730e-02;1.005177e-01;1.089969e-01;1.640386e-01;1.251329e-01;7.451075e-02;2.661617e-02
9.220297e-02;6.872690e-02;9.016100e-02;3.858469e-02;6.708219e-02;8.205053e-02;1.425909e-01;1.259834e-01;1.095279e-01;9.830468e-02;6.732735e-02;1.745749e-02
3.826521e-02;3.537959e-02;1.420039e-01;2.469624e-02;9.649330e-02;7.973598e-02;3.670111e-01;5.790089e-02;3.997250e-02;6.145258e-02;2.691159e-02;3.017715e-02
3.027772e-02;1.586390e-02;1.268860e-01;2.511734e-02;1.225610e-01;9.643385e-02;4.170032e-01;2.330272e-02;3.494424e-02;5.896706e-02;1.965409e-02;2.898892e-02
