1.913738e-02;8.476258e-02;6.735132e-02;3.123101e-02;4.872358e-02;3.259536e-01;5.084718e-02;5.738062e-02;1.019295e-01;5.324514e-02;1.216442e-01;3.779390e-02
2.987045e-02;8.970138e-02;7.602478e-02;3.906203e-02;3.186010e-02;2.483550e-01;7.627928e-02;6.981890e-02;1.008470e-01;6.789711e-02;1.185249e-01;5.175906e-02
3.755826e-02;1.143072e-01;6.940895e-02;4.345620e-02;2.394126e-02;1.947981e-01;1.223493e-01;8.074191e-02;7.952776e-02;6.309803e-02;1.056505e-01;6.516258e-02
4.176845e-02;1.436750e-01;9.237601e-02;3.615352e-02;3.842802e-02;1.362105e-01;1.122741e-01;8.426449e-02;7.407574e-02;3.549259e-02;1.080727e-01;9.720895e-02
4.826154e-02;1.500773e-01;1.109920e-01;4.019121e-02;5.107870e-02;7.749955e-02;8.307342e-02;9.594521e-02;8.870740e-02;4.037575e-02;1.037376e-01;1.100604e-01
8.456556e-02;1.184065e-01;5.327830e-02;3.124479e-02;5.851686e-02;2.018823e-01;7.841571e-02;9.502962e-02;7.225093e-02;5.468819e-02;7.452974e-02;7.719148e-02
7.195286e-02;1.296578e-01;6.106559e-02;2.376409e-02;5.065767e-02;2.989800e-01;7.723068e-02;9.299777e-02;6.604350e-02;5.020405e-02;4.434624e-02;3.309971e-02
3.974202e-02;1.361218e-01;6.417496e-02;3.118557e-02;3.866886e-02;2.912674e-01;8.102763e-02;1.089157e-01;8.601615e-02;5.388188e-02;3.630614e-02;3.269192e-02
3.461748e-02;1.506287e-01;7.596365e-02;3.387668e-02;4.127652e-02;2.423094e-01;8.423400e-02;1.134689e-01;7.291872e-02;7.053781e-02;4.555619e-02;3.461200e-02
4.801695e-02;1.517336e-01;6.256671e-02;3.996997e-02;4.720288e-02;2.168826e-01;8.159237e-02;1.116114e-01;6.836449e-02;7.001311e-02;4.104278e-02;6.100319e-02
5.061862e-02;1.406654e-01;9.997673e-02;4.524327e-02;2.392755e-02;2.411693e-01;4.540287e-02;9.806629e-02;7.259643e-02;6.766418e-02;4.462778e-02;7.004169e-02
3.670305e-02;9.498772e-02;8.701462e-02;3.005058e-02;4.134996e-02;2.725244e-01;6.629898e-02;1.133090e-01;9.611814e-02;6.915959e-02;3.208662e-02;6.039737e-02
5.083568e-02;1.381649e-01;1.565245e-01;2.595833e-02;4.768248e-02;1.601715e-01;5.645575e-02;1.417897e-01;1.056048e-01;6.270795e-02;1.597355e-02;3.813080e-02
7.958443e-02;2.057305e-01;1.655505e-01;3.740767e-02;3.109683e-02;9.902876e-02;7.443506e-02;1.235566e-01;5.081666e-02;5.098686e-02;2.513791e-02;5.666818e-02
8.528054e-02;1.940746e-01;1.196184e-01;4.820562e-02;2.258313e-02;7.764190e-02;1.314396e-01;1.154833e-01;4.374183e-02;4.905992e-02;2.276590e-02;9.010523e-02
7.375406e-02;1.448443e-01;5.267590e-02;5.842863e-02;1.994454e-02;8.014528e-02;2.148693e-01;1.139469e-01;4.165518e-02;4.362357e-02;2.427895e-02;1.318333e-01
4.967132e-02;1.035779e-01;4.545369e-02;5.194131e-02;1.598729e-02;1.111888e-01;2.297030e-01;9.122507e-02;6.637177e-02;3.881355e-02;6.079214e-02;1.352742e-01
5.247286e-02;1.101192e-01;8.047047e-02;3.245178e-02;2.554563e-02;1.187698e-01;1.534318e-01;9.343079e-02;1.249708e-01;3.616083e-02;8.656550e-02;8.561049e-02
6.883048e-02;1.107802e-01;1.073413e-01;3.657203e-02;2.775446e-02;9.193521e-02;1.171235e-01;9.820511e-02;1.443149e-01;4.443792e-02;7.606399e-02;7.664098e-02
7.600959e-02;1.653366e-01;8.424000e-02;3.825922e-02;2.127514e-02;9.302355e-02;1.622421e-01;9.118792e-02;8.396164e-02;3.749949e-02;6.358966e-02;8.337519e-02
5.790570e-02;1.663331e-01;9.378561e-02;3.079126e-02;1.880485e-02;1.055278e-01;1.339144e-01;1.076027e-01;1.032885e-01;5.214341e-02;4.700858e-02;8.289418e-02
5.891238e-02;1.603554e-01;1.303286e-01;3.272214e-02;1.763580e-02;1.200464e-01;1.152441e-01;1.225515e-01;1.001925e-01;4.684379e-02;4.346697e-02;5.170038e-02
5.016116e-02;1.185924e-01;7.985920e-02;3.106546e-02;2.097894e-02;8.292788e-02;2.267036e-01;1.350174e-01;6.172721e-02;5.593506e-02;3.046879e-02;1.065628e-01
3.457101e-02;7.876474e-02;3.959731e-02;6.570730e-02;1.510629e-02;5.740694e-02;2.659948e-01;1.690304e-01;2.531048e-02;7.308955e-02;3.211988e-02;1.433012e-01
5.261883e-02;6.377210e-02;2.731472e-02;7.549038e-02;1.548708e-02;6.280243e-02;2.426484e-01;1.800032e-01;2.173609e-02;7.597791e-02;2.734538e-02;1.548035e-01
6.603255e-02;5.045476e-02;2.484957e-02;7.148705e-02;1.525192e-02;6.707637e-02;2.392641e-01;1.644001e-01;2.270871e-02;7.567929e-02;2.574890e-02;1.770467e-01
8.148587e-02;4.783407e-02;6.068619e-02;3.983302e-02;1.265776e-02;7.466554e-02;2.276318e-01;1.775286e-01;2.528920e-02;6.615215e-02;2.563338e-02;1.606025e-01
1.124676e-01;6.246671e-02;1.177851e-01;3.073442e-02;2.930894e-02;5.777026e-02;1.532080e-01;2.519625e-01;2.085542e-02;3.590462e-02;1.990573e-02;1.076306e-01
1.354819e-01;6.790796e-02;1.485761e-01;2.937910e-02;4.323671e-02;2.821332e-02;1.062640e-01;3.148561e-01;3.175880e-02;1.972936e-02;1.591102e-02;5.868565e-02
1.098257e-01;1.302510e-01;1.455418e-01;2.823295e-02;4.181178e-02;2.555995e-02;8.493964e-02;3.053829e-01;6.346315e-02;1.570325e-02;1.925880e-02;3.002915e-02
6.844520e-02;2.483992e-01;1.419380e-01;5.527610e-02;2.550023e-02;3.370792e-02;9.112951e-02;1.902381e-01;8.731812e-02;2.101367e-02;1.327065e-02;2.376324e-02
5.148725e-02;3.112905e-01;1.799612e-01;5.423102e-02;1.744777e-02;4.944916e-02;7.821644e-02;7.059581e-02;9.248814e-02;3.681465e-02;1.102191e-02;4.699616e-02
2.980713e-02;2.771881e-01;1.812716e-01;3.418877e-02;1.190800e-02;6.270675e-02;1.186122e-01;7.633132e-02;7.980360e-02;3.181349e-02;1.604518e-02;8.032387e-02
4.800358e-02;1.911446e-01;1.303554e-01;2.371323e-02;1.166721e-02;5.426431e-02;2.051660e-01;1.538304e-01;5.923874e-02;2.731980e-02;1.826976e-02;7.702690e-02
7.757469e-02;1.376937e-01;1.240993e-01;3.180080e-02;1.855544e-02;7.723532e-02;2.923450e-01;8.380820e-02;5.630719e-02;2.138719e-02;1.580038e-02;6.339277e-02
8.745803e-02;9.980635e-02;9.080735e-02;3.163318e-02;2.486008e-02;5.106955e-02;2.818120e-01;2.047390e-01;4.061767e-02;2.074465e-02;1.280609e-02;5.364596e-02
8.482295e-02;1.641335e-01;9.162678e-02;3.324086e-02;2.039285e-02;5.421469e-02;2.156609e-01;2.119879e-01;3.322748e-02;3.504604e-02;1.268997e-02;4.295608e-02
6.794403e-02;2.345463e-01;1.263556e-01;4.357149e-02;3.049266e-02;3.763315e-02;1.517414e-01;1.711910e-01;3.879303e-02;5.199187e-02;1.773871e-02;2.800084e-02
4.389633e-02;2.564985e-01;1.324335e-01;3.196008e-02;4.222051e-02;8.164737e-02;9.514073e-02;1.567763e-01;4.369394e-02;5.252948e-02;2.622647e-02;3.697680e-02
4.237536e-02;2.372882e-01;2.567382e-01;4.873818e-02;3.487716e-02;9.716162e-02;4.694922e-02;8.929645e-02;3.510508e-02;5.496129e-02;3.652317e-02;1.998604e-02
3.587445e-02;2.548566e-01;2.969512e-01;5.311545e-02;3.080597e-02;7.112816e-02;3.989952e-02;6.110499e-02;4.337446e-02;6.502061e-02;3.055333e-02;1.731524e-02
3.578892e-02;2.903347e-01;2.816107e-01;4.806593e-02;2.009693e-02;3.350016e-02;4.760427e-02;7.374428e-02;5.055954e-02;7.093679e-02;2.381086e-02;2.394690e-02
8.737449e-02;3.343958e-01;2.229207e-01;2.537488e-02;2.027201e-02;3.843059e-02;7.044035e-02;6.503893e-02;3.568328e-02;4.766547e-02;3.149592e-02;2.090748e-02
1.367796e-01;3.188124e-01;1.867464e-01;1.977065e-02;2.442907e-02;3.406235e-02;5.248908e-02;1.185006e-01;4.476890e-02;1.913279e-02;2.996581e-02;1.454227e-02
1.907641e-01;2.730067e-01;1.086936e-01;1.651053e-02;2.502185e-02;3.076965e-02;3.895922e-02;1.801401e-01;5.136267e-02;2.554434e-02;2.941596e-02;2.981120e-02
2.068657e-01;1.945055e-01;7.198596e-02;2.326233e-02;1.709492e-02;4.691830e-02;9.215257e-02;1.762371e-01;3.813307e-02;2.715547e-02;2.873852e-02;7.695060e-02
1.423387e-01;1.925962e-01;1.376105e-01;3.678949e-02;1.132406e-02;6.382808e-02;1.091751e-01;9.153387e-02;3.355047e-02;3.102231e-02;2.624315e-02;1.239880e-01
1.034085e-01;2.098552e-01;2.009635e-01;5.158687e-02;1.398409e-02;5.564930e-02;7.666885e-02;6.916520e-02;4.844496e-02;3.254168e-02;2.601771e-02;1.117142e-01
6.784250e-02;2.049649e-01;1.855467e-01;4.388757e-02;1.215290e-02;4.500798e-02;7.498804e-02;1.477716e-01;7.314465e-02;4.004608e-02;3.287207e-02;7.177501e-02
6.532703e-02;2.635010e-01;1.253535e-01;2.557662e-02;1.775669e-02;5.999581e-02;7.765016e-02;1.602933e-01;9.231815e-02;3.186797e-02;2.979186e-02;5.056796e-02
6.848501e-02;3.198436e-01;9.947623e-02;1.592176e-02;2.166284e-02;6.197416e-02;5.697273e-02;1.485407e-01;9.891308e-02;4.256682e-02;1.758217e-02;4.806087e-02
9.141743e-02;3.431722e-01;1.582610e-01;1.999076e-02;1.747212e-02;5.142697e-02;5.948876e-02;1.082530e-01;6.683744e-02;3.637867e-02;8.994263e-03;3.830737e-02
9.702212e-02;3.173293e-01;1.326788e-01;2.434663e-02;1.716393e-02;5.943650e-02;6.748664e-02;1.019058e-01;7.428752e-02;4.659000e-02;1.332926e-02;4.842355e-02
1.028618e-01;2.915429e-01;6.099768e-02;2.117617e-02;1.434355e-02;6.201670e-02;6.673513e-02;1.417730e-01;7.231069e-02;4.149659e-02;1.241420e-02;1.123316e-01
9.232017e-02;2.626024e-01;4.535783e-02;2.786982e-02;6.321943e-03;4.415642e-02;1.512674e-01;1.211816e-01;4.039419e-02;1.915943e-02;2.469669e-02;1.646721e-01
6.682691e-02;2.042639e-01;6.100329e-02;2.989894e-02;1.115111e-02;4.219915e-02;2.712073e-01;7.292051e-02;2.526727e-02;1.337228e-02;2.013696e-02;1.817524e-01
3.801104e-02;1.141837e-01;6.048246e-02;2.436196e-02;1.724073e-02;7.174052e-02;3.361878e-01;1.145344e-01;3.573124e-02;1.243036e-02;2.695487e-02;1.481410e-01
2.785596e-02;8.366984e-02;7.665481e-02;2.264475e-02;2.418957e-02;1.342206e-01;2.929955e-01;1.128692e-01;5.075181e-02;1.422339e-02;5.562045e-02;1.043041e-01
3.580949e-02;7.801144e-02;1.103361e-01;1.622273e-02;3.815239e-02;1.767034e-01;2.182612e-01;8.996868e-02;6.878658e-02;1.427876e-02;7.478016e-02;7.868910e-02
4.912244e-02;8.047591e-02;1.087230e-01;3.197055e-02;4.920583e-02;1.611136e-01;1.442688e-01;1.066654e-01;9.772272e-02;1.966126e-02;7.240996e-02;7.866056e-02
6.381507e-02;9.177265e-02;1.001666e-01;4.871185e-02;5.294456e-02;1.157799e-01;9.799181e-02;1.205280e-01;1.173638e-01;3.671146e-02;6.425291e-02;8.996142e-02
5.149848e-02;7.276106e-02;7.177269e-02;2.858005e-02;3.933874e-02;1.612646e-01;2.247724e-01;6.634316e-02;9.244762e-02;5.675806e-02;6.499244e-02;6.947069e-02
4.764416e-02;5.116553e-02;6.879921e-02;2.185673e-02;3.857985e-02;2.013848e-01;2.528061e-01;5.810989e-02;8.123904e-02;4.225201e-02;7.336787e-02;6.279479e-02
3.666946e-02;3.661748e-02;6.775499e-02;1.505977e-02;3.764639e-02;2.252419e-01;2.704325e-01;5.190803e-02;7.362079e-02;2.451872e-02;9.347852e-02;6.705143e-02
1.843507e-02;5.770629e-02;7.548971e-02;1.593728e-02;4.069481e-02;2.452137e-01;2.215740e-01;4.093514e-02;6.418903e-02;2.469598e-02;1.156177e-01;7.951125e-02
2.743177e-02;8.545052e-02;7.107043e-02;2.015895e-02;4.418138e-02;2.390405e-01;1.516791e-01;5.754018e-02;5.703782e-02;2.874433e-02;1.193933e-01;9.827163e-02
3.914583e-02;9.851640e-02;8.380337e-02;1.599320e-02;6.437612e-02;1.961620e-01;8.656289e-02;7.211698e-02;6.756228e-02;2.830096e-02;1.352975e-01;1.121624e-01
4.680192e-02;9.473428e-02;7.222763e-02;2.108797e-02;5.358828e-02;1.058110e-01;1.574782e-01;1.019065e-01;7.559396e-02;2.896836e-02;1.530594e-01;8.874245e-02
3.907179e-02;8.848992e-02;3.242441e-02;2.237126e-02;2.136815e-02;1.762290e-01;2.505714e-01;1.097172e-01;9.875896e-02;3.445037e-02;9.817686e-02;2.837070e-02
5.106563e-02;1.279361e-01;5.857169e-02;1.752170e-02;2.970292e-02;2.566771e-01;1.740665e-01;9.327314e-02;7.733201e-02;2.669482e-02;5.634781e-02;3.081068e-02
6.573920e-02;1.800232e-01;8.800191e-02;8.853400e-03;3.260203e-02;2.592413e-01;8.256945e-02;1.082976e-01;6.470214e-02;2.364364e-02;5.765267e-02;2.867348e-02
5.451492e-02;1.230319e-01;1.340746e-01;1.525938e-02;4.435689e-02;1.954136e-01;9.597478e-02;1.048993e-01;8.156379e-02;2.542307e-02;5.540052e-02;7.008718e-02
6.969289e-02;1.119123e-01;1.492371e-01;2.355280e-02;4.107814e-02;1.172493e-01;1.779442e-01;6.633908e-02;6.182418e-02;3.475579e-02;4.241553e-02;1.039987e-01
6.606665e-02;1.480697e-01;1.406599e-01;2.449001e-02;2.902516e-02;7.403275e-02;2.252952e-01;7.393814e-02;5.080666e-02;3.789752e-02;4.576328e-02;8.395509e-02
6.004237e-02;1.013684e-01;8.354054e-02;3.863180e-02;2.631653e-02;1.481744e-01;1.672722e-01;1.013422e-01;6.765945e-02;6.797500e-02;5.007948e-02;8.759768e-02
5.925345e-02;9.581244e-02;9.252355e-02;2.787513e-02;3.572604e-02;2.264358e-01;1.329915e-01;7.133827e-02;6.272224e-02;6.457750e-02;6.104334e-02;6.970071e-02
3.434912e-02;1.034514e-01;1.228769e-01;4.358222e-02;4.052643e-02;1.779988e-01;1.639689e-01;7.431658e-02;5.626171e-02;3.496781e-02;7.507520e-02;7.262505e-02
6.533577e-02;6.644727e-02;1.318840e-01;5.536591e-02;6.270150e-02;7.579543e-02;1.050543e-01;7.145619e-02;6.310576e-02;5.524980e-02;1.391287e-01;1.084754e-01
7.109373e-02;5.591127e-02;1.205060e-01;4.927650e-02;8.068991e-02;9.710460e-02;4.815507e-02;5.444721e-02;7.928225e-02;1.084649e-01;1.483525e-01;8.671608e-02
4.396940e-02;1.168979e-01;8.861365e-02;2.631077e-02;1.262971e-01;1.474184e-01;7.228842e-02;5.464911e-02;9.311373e-02;1.229654e-01;8.455376e-02;2.292235e-02
2.503202e-02;1.552933e-01;4.680393e-02;4.090367e-02;1.865797e-01;6.768517e-02;9.216399e-02;3.710084e-02;1.079224e-01;1.514022e-01;5.628865e-02;3.282401e-02
3.170770e-02;1.336065e-01;5.825185e-02;2.737518e-02;1.697361e-01;1.109022e-01;8.733194e-02;4.871990e-02;1.052592e-01;1.664730e-01;3.803674e-02;2.259960e-02
7.016308e-02;8.935178e-02;5.907576e-02;4.344517e-02;1.313418e-01;9.301747e-02;9.514748e-02;5.639939e-02;1.235346e-01;1.844418e-01;3.331407e-02;2.076752e-02
8.404420e-02;6.764267e-02;4.202715e-02;6.195782e-02;1.111296e-01;6.185554e-02;8.543030e-02;6.180644e-02;1.572906e-01;2.119841e-01;3.081986e-02;2.401182e-02
6.520934e-02;8.196317e-02;4.360422e-02;6.543917e-02;1.181238e-01;5.060150e-02;7.311129e-02;6.722059e-02;1.855472e-01;2.106220e-01;1.982745e-02;1.873027e-02
5.615705e-02;5.930837e-02;4.781894e-02;6.976540e-02;1.243471e-01;4.094494e-02;7.678483e-02;1.051204e-01;1.958887e-01;1.547757e-01;2.919996e-02;3.988862e-02
5.806169e-02;1.014121e-01;5.654806e-02;5.075465e-02;9.030116e-02;5.043474e-02;8.370983e-02;1.554488e-01;1.841400e-01;8.502594e-02;3.449878e-02;4.966423e-02
5.401743e-02;1.663717e-01;8.127920e-02;2.585825e-02;4.900998e-02;8.772154e-02;9.406686e-02;1.566895e-01;1.304240e-01;7.706048e-02;4.105153e-02;3.644954e-02
6.185811e-02;2.080712e-01;1.267593e-01;2.672314e-02;4.099520e-02;1.291685e-01;1.117913e-01;9.684542e-02;6.331428e-02;5.191072e-02;5.109698e-02;3.146587e-02
5.089354e-02;1.938611e-01;1.194458e-01;2.477829e-02;6.968946e-02;1.313488e-01;9.255238e-02;7.771478e-02;8.864607e-02;3.877691e-02;5.042905e-02;6.186382e-02
8.187201e-02;1.461745e-01;8.809935e-02;3.671784e-02;8.582479e-02;9.419118e-02;1.056300e-01;8.143958e-02;1.172092e-01;6.093766e-02;3.053884e-02;7.136499e-02
7.568171e-02;1.078754e-01;7.113063e-02;4.228860e-02;7.331035e-02;8.369372e-02;1.533985e-01;8.592958e-02;1.433242e-01;7.017483e-02;2.462373e-02;6.856873e-02
5.488561e-02;9.141414e-02;6.132499e-02;2.724792e-02;5.847669e-02;9.997365e-02;1.509230e-01;1.057504e-01;1.276937e-01;1.213472e-01;3.227614e-02;6.868663e-02
5.943393e-02;1.116532e-01;7.237249e-02;3.054050e-02;7.929638e-02;8.696715e-02;1.110166e-01;1.381986e-01;8.255231e-02;1.378875e-01;3.511989e-02;5.496150e-02
4.719334e-02;8.964191e-02;9.214804e-02;3.601605e-02;6.814103e-02;7.646348e-02;8.245900e-02;1.317484e-01;1.451123e-01;1.023747e-01;6.089923e-02;6.780243e-02
6.394096e-02;1.215778e-01;1.185296e-01;3.472986e-02;3.298471e-02;6.257861e-02;8.965481e-02;7.780055e-02;1.421947e-01;5.644864e-02;8.786557e-02;1.116942e-01
8.414841e-02;1.154370e-01;9.193987e-02;4.755121e-02;3.672386e-02;6.053783e-02;8.657484e-02;5.306498e-02;8.629489e-02;9.826066e-02;1.161442e-01;1.233223e-01
1.114004e-01;1.171694e-01;5.976453e-02;5.140858e-02;3.717408e-02;6.026538e-02;8.397387e-02;6.906943e-02;8.016035e-02;1.149137e-01;1.231502e-01;9.155011e-02
1.049587e-01;1.537953e-01;9.802499e-02;3.354781e-02;4.236091e-02;6.961723e-02;6.140684e-02;6.869528e-02;8.563524e-02;1.115660e-01;1.067610e-01;6.363057e-02
6.539816e-02;1.426702e-01;1.583592e-01;3.579504e-02;5.327839e-02;1.188306e-01;5.209453e-02;3.889846e-02;7.231483e-02;8.728195e-02;6.762899e-02;1.074496e-01
2.721686e-02;1.819973e-01;2.306656e-01;4.100592e-02;5.657263e-02;1.344873e-01;6.047273e-02;6.716380e-02;8.426773e-02;4.835903e-02;3.411213e-02;3.367893e-02
7.247383e-02;1.609698e-01;1.653184e-01;6.769873e-02;3.822376e-02;1.075721e-01;1.142871e-01;9.560280e-02;5.561722e-02;1.812163e-02;2.598671e-02;7.812789e-02
8.238635e-02;1.452966e-01;1.108609e-01;8.826607e-02;2.761988e-02;7.412632e-02;1.799068e-01;7.706062e-02;4.326469e-02;1.568609e-02;2.627212e-02;1.292534e-01
6.781828e-02;9.285201e-02;4.044145e-02;1.206389e-01;3.507113e-02;4.799402e-02;3.086973e-01;3.473832e-02;2.634210e-02;1.843992e-02;1.857214e-02;1.883943e-01
4.081358e-02;8.227929e-02;4.616371e-02;8.621643e-02;3.308602e-02;6.860876e-02;3.496169e-01;5.149213e-02;2.610967e-02;2.611719e-02;3.892376e-02;1.505726e-01
3.585331e-02;8.151393e-02;3.455719e-02;6.060922e-02;3.559415e-02;5.704257e-02;3.424915e-01;5.808483e-02;4.960061e-02;7.100774e-02;4.299607e-02;1.306489e-01
4.278810e-02;7.999189e-02;2.774450e-02;7.202806e-02;3.122404e-02;2.823662e-02;3.076070e-01;7.741947e-02;5.595907e-02;1.035500e-01;3.624041e-02;1.372109e-01
6.876742e-02;9.329753e-02;6.369212e-02;7.147210e-02;3.239579e-02;5.261959e-02;2.380156e-01;9.886134e-02;5.251272e-02;8.497713e-02;2.295425e-02;1.204344e-01
1.188546e-01;1.286732e-01;1.251855e-01;4.817937e-02;3.265512e-02;6.066768e-02;1.544922e-01;1.360017e-01;4.969357e-02;4.217056e-02;1.438671e-02;8.903978e-02
1.308418e-01;2.145276e-01;1.677059e-01;3.628520e-02;3.734234e-02;4.542454e-02;1.037030e-01;1.330030e-01;3.876798e-02;2.706743e-02;1.519883e-02;5.013239e-02
1.036306e-01;3.522163e-01;1.586873e-01;3.657599e-02;2.733735e-02;4.154025e-02;7.678258e-02;8.334804e-02;4.768166e-02;2.305876e-02;1.602462e-02;3.311663e-02
7.177562e-02;4.418198e-01;1.887985e-01;3.579419e-02;1.006029e-02;2.869455e-02;6.318519e-02;4.584295e-02;4.942211e-02;1.719629e-02;1.566798e-02;3.174252e-02
3.719435e-02;4.510099e-01;2.514577e-01;2.703446e-02;9.408803e-03;3.249665e-02;5.513884e-02;3.550966e-02;3.656456e-02;2.355232e-02;1.198815e-02;2.864466e-02
4.520691e-02;4.649126e-01;2.764509e-01;1.492563e-02;9.237131e-03;2.503966e-02;6.465071e-02;2.907615e-02;2.244240e-02;2.015359e-02;8.750358e-03;1.915396e-02
6.945234e-02;4.492763e-01;2.443188e-01;1.134908e-02;9.408802e-03;2.366371e-02;8.479550e-02;4.356046e-02;2.004573e-02;1.887480e-02;8.996069e-03;1.625843e-02
8.902932e-02;3.756968e-01;1.920131e-01;1.157076e-02;1.475083e-02;2.503303e-02;1.231872e-01;6.713902e-02;4.164546e-02;1.825994e-02;1.281069e-02;2.886385e-02
6.844918e-02;2.527900e-01;1.597919e-01;3.138286e-02;2.973781e-02;3.690373e-02;1.531466e-01;1.007683e-01;7.156417e-02;2.306645e-02;2.134384e-02;5.105503e-02
7.158356e-02;3.038189e-01;1.659243e-01;3.166252e-02;3.094677e-02;4.368009e-02;1.077894e-01;8.245231e-02;6.553763e-02;2.561973e-02;2.227343e-02;4.871139e-02
6.007716e-02;3.606467e-01;1.678996e-01;2.568534e-02;3.433861e-02;4.300021e-02;7.943829e-02;6.665697e-02;6.088732e-02;3.666509e-02;2.146480e-02;4.323989e-02
6.023011e-02;3.600522e-01;1.654550e-01;2.975900e-02;3.139999e-02;5.695783e-02;8.399599e-02;5.673933e-02;5.947690e-02;4.298348e-02;2.478111e-02;2.816911e-02
7.841028e-02;4.406856e-01;1.445499e-01;2.207891e-02;2.586943e-02;4.532301e-02;8.081310e-02;5.518291e-02;4.031605e-02;2.505091e-02;2.036725e-02;2.135268e-02
7.291944e-02;4.831426e-01;1.294702e-01;1.872793e-02;2.277842e-02;6.189730e-02;7.007390e-02;3.467642e-02;3.440044e-02;2.871981e-02;2.223856e-02;2.095494e-02
6.140997e-02;3.960285e-01;2.063711e-01;2.257069e-02;2.191916e-02;6.010098e-02;6.602842e-02;5.757184e-02;3.200354e-02;3.456076e-02;2.049139e-02;2.094362e-02
8.010025e-02;3.516664e-01;2.110320e-01;2.193074e-02;1.923333e-02;4.147479e-02;6.362663e-02;7.654539e-02;2.321718e-02;4.847693e-02;1.784146e-02;4.485495e-02
1.010510e-01;2.515214e-01;1.762512e-01;2.392211e-02;1.975587e-02;5.897776e-02;6.177353e-02;8.377485e-02;3.106881e-02;7.461435e-02;2.891211e-02;8.837694e-02
8.451271e-02;1.464021e-01;1.694998e-01;3.663021e-02;2.718451e-02;9.415248e-02;4.534206e-02;8.805310e-02;8.696478e-02;7.662663e-02;5.111504e-02;9.351661e-02
6.884943e-02;2.563237e-01;1.590930e-01;3.255089e-02;2.023525e-02;6.573448e-02;5.055623e-02;1.087613e-01;1.027449e-01;5.708967e-02;3.747312e-02;4.058811e-02
9.430264e-02;3.095683e-01;2.037374e-01;2.516838e-02;1.171266e-02;3.656973e-02;4.961018e-02;8.064808e-02;6.106667e-02;3.894661e-02;3.216757e-02;5.650181e-02
8.228852e-02;3.358800e-01;2.538794e-01;1.816097e-02;1.339688e-02;1.855242e-02;5.066363e-02;8.667507e-02;4.341383e-02;2.924162e-02;1.920563e-02;4.864197e-02
7.630523e-02;2.685965e-01;2.418480e-01;2.494317e-02;1.896683e-02;2.380197e-02;8.353331e-02;1.025177e-01;6.410909e-02;3.937000e-02;1.429431e-02;4.171392e-02
8.932515e-02;2.261177e-01;1.146912e-01;3.472596e-02;9.911347e-03;4.934543e-02;1.465384e-01;1.130521e-01;7.733101e-02;4.608388e-02;3.509742e-02;5.778040e-02
7.839435e-02;1.501150e-01;1.172144e-01;2.726371e-02;1.940514e-02;1.285272e-01;1.166985e-01;8.834340e-02;7.134806e-02;2.756852e-02;9.269185e-02;8.242975e-02
4.927806e-02;1.045086e-01;1.367722e-01;1.536585e-02;2.715467e-02;1.605048e-01;6.787466e-02;6.944370e-02;8.820172e-02;4.998731e-02;1.555989e-01;7.530963e-02
4.011634e-02;5.618967e-02;1.476081e-01;1.141502e-02;3.606677e-02;1.918820e-01;5.005613e-02;6.566357e-02;1.116676e-01;5.084794e-02;1.937351e-01;4.475171e-02
4.402072e-02;1.652321e-01;1.467201e-01;1.221730e-02;4.158054e-02;1.468540e-01;6.476084e-02;7.408741e-02;9.702864e-02;7.190149e-02;1.030054e-01;3.259137e-02
5.278150e-02;2.361697e-01;1.175001e-01;1.424888e-02;5.129327e-02;8.996628e-02;7.472424e-02;8.953227e-02;9.865075e-02;9.871583e-02;4.543517e-02;3.098192e-02
5.347892e-02;2.330896e-01;4.980788e-02;2.435249e-02;6.519534e-02;7.810085e-02;7.709107e-02;1.107443e-01;1.425486e-01;1.154920e-01;2.280325e-02;2.729570e-02
5.717432e-02;2.244829e-01;7.519401e-02;3.528415e-02;5.546695e-02;4.431377e-02;6.522505e-02;1.100508e-01;1.896109e-01;1.118223e-01;1.716232e-02;1.421255e-02
9.264407e-02;1.885022e-01;8.831714e-02;4.081280e-02;4.025920e-02;4.649065e-02;5.970645e-02;1.342149e-01;1.930131e-01;7.756975e-02;1.517825e-02;2.329139e-02
1.203791e-01;1.646211e-01;1.891430e-02;4.022200e-02;4.319388e-02;7.937976e-02;6.639792e-02;1.347143e-01;2.155909e-01;6.259562e-02;2.451552e-02;2.947549e-02
1.167632e-01;1.836222e-01;7.138028e-02;3.312582e-02;2.230518e-02;6.858215e-02;6.866571e-02;1.366750e-01;2.087578e-01;4.623612e-02;2.430693e-02;1.957957e-02
1.156870e-01;1.850279e-01;7.920810e-02;3.708297e-02;1.368822e-02;5.198157e-02;6.638028e-02;1.673999e-01;2.007040e-01;3.743222e-02;2.424982e-02;2.115800e-02
9.910187e-02;1.595873e-01;9.400668e-02;4.115182e-02;1.060865e-02;7.292638e-02;6.747947e-02;1.992026e-01;1.722103e-01;3.203180e-02;2.076650e-02;3.092667e-02
6.691600e-02;1.545204e-01;1.251705e-01;3.322277e-02;1.398270e-02;8.350828e-02;6.251477e-02;2.278651e-01;1.428796e-01;2.244326e-02;1.602058e-02;5.095602e-02
3.652206e-02;1.288627e-01;1.507682e-01;2.805215e-02;1.394710e-02;8.195541e-02;5.490669e-02;2.603388e-01;1.460028e-01;3.431280e-02;7.681753e-03;5.664944e-02
3.113855e-02;7.548025e-02;1.150139e-01;4.023280e-02;1.274202e-02;7.301550e-02;5.692330e-02;3.118774e-01;1.817118e-01;3.452839e-02;1.175486e-02;5.558131e-02
3.436047e-02;1.022052e-01;1.500151e-01;7.338870e-02;2.507102e-02;5.974779e-02;4.911119e-02;2.578870e-01;1.738594e-01;1.785555e-02;1.551800e-02;4.098051e-02
3.541905e-02;1.035965e-01;1.306247e-01;1.218386e-01;4.786928e-02;2.949573e-02;5.106800e-02;2.078636e-01;2.065155e-01;1.419175e-02;1.520247e-02;3.631480e-02
4.618887e-02;8.841954e-02;9.437405e-02;1.275120e-01;4.674507e-02;2.603555e-02;4.105170e-02;1.929308e-01;2.549556e-01;3.140908e-02;1.924872e-02;3.112900e-02
4.092527e-02;9.170058e-02;1.430383e-01;8.756480e-02;2.053510e-02;3.639734e-02;2.958018e-02;1.724051e-01;2.754104e-01;3.586543e-02;2.630557e-02;4.027196e-02
3.255983e-02;9.618190e-02;1.119832e-01;5.273235e-02;9.403391e-03;4.830584e-02;3.832980e-02;2.127925e-01;2.633131e-01;4.315970e-02;3.654512e-02;5.469326e-02
4.147680e-02;8.762904e-02;9.569394e-02;4.126146e-02;1.399694e-02;3.359082e-02;6.386846e-02;3.025237e-01;2.113087e-01;3.401286e-02;3.331882e-02;4.131844e-02
5.840112e-02;1.027199e-01;5.795329e-02;5.579617e-02;3.156133e-02;4.849796e-02;6.337316e-02;3.342409e-01;1.761348e-01;2.115796e-02;2.740083e-02;2.276262e-02
5.162472e-02;1.574990e-01;9.337297e-02;4.308032e-02;4.262787e-02;3.589736e-02;5.063040e-02;2.798665e-01;1.824554e-01;2.116043e-02;2.265368e-02;1.913139e-02
5.376594e-02;1.872292e-01;1.244697e-01;2.673111e-02;3.883754e-02;4.278154e-02;4.193072e-02;2.129199e-01;1.947317e-01;2.873223e-02;1.606993e-02;3.180050e-02
6.729202e-02;1.431383e-01;1.327372e-01;2.435705e-02;2.945636e-02;5.265210e-02;5.187063e-02;1.891380e-01;1.972551e-01;4.067684e-02;3.225464e-02;3.917181e-02
7.254189e-02;1.927271e-01;1.053698e-01;2.474090e-02;1.789454e-02;7.216705e-02;7.781840e-02;1.515895e-01;1.610079e-01;4.171442e-02;4.456052e-02;3.786809e-02
6.377410e-02;2.891977e-01;1.631081e-01;2.323768e-02;1.657344e-02;8.305699e-02;7.969230e-02;8.946005e-02;9.972786e-02;3.854979e-02;3.391381e-02;1.970814e-02
4.511242e-02;2.931953e-01;2.254438e-01;3.184356e-02;1.698341e-02;5.389461e-02;6.011327e-02;9.938380e-02;7.886919e-02;4.725100e-02;2.584908e-02;2.206055e-02
4.113506e-02;1.809944e-01;1.827872e-01;5.680818e-02;3.109290e-02;5.417089e-02;3.659098e-02;1.622677e-01;1.438406e-01;6.422109e-02;1.792249e-02;2.816852e-02
3.652218e-02;2.220121e-01;2.337363e-01;4.053270e-02;3.606858e-02;6.017049e-02;2.705229e-02;1.353979e-01;1.277241e-01;4.308361e-02;1.829188e-02;1.940793e-02
3.657900e-02;2.217020e-01;2.159920e-01;2.713007e-02;2.164781e-02;6.964728e-02;3.928606e-02;1.579138e-01;1.227067e-01;4.204308e-02;1.950256e-02;2.584975e-02
2.366469e-02;1.755297e-01;2.099609e-01;3.387716e-02;2.737523e-02;5.896398e-02;4.333126e-02;1.964920e-01;1.343043e-01;4.278402e-02;3.147499e-02;2.224170e-02
4.635660e-02;2.450940e-01;2.166430e-01;4.020803e-02;3.117233e-02;9.363990e-02;5.256294e-02;1.244053e-01;6.907892e-02;3.725716e-02;2.486416e-02;1.871764e-02
6.683830e-02;2.345641e-01;2.010695e-01;4.139136e-02;2.493385e-02;7.709093e-02;7.397477e-02;1.215565e-01;6.228982e-02;3.949716e-02;2.213896e-02;3.465474e-02
8.736786e-02;1.919917e-01;1.371211e-01;3.720428e-02;2.168099e-02;5.912578e-02;1.195767e-01;1.502017e-01;5.765661e-02;5.792281e-02;1.507483e-02;6.507562e-02
9.918419e-02;9.339482e-02;5.963654e-02;4.074545e-02;2.490513e-02;5.263266e-02;1.808160e-01;1.684022e-01;5.667861e-02;8.965468e-02;2.235803e-02;1.115917e-01
9.998406e-02;1.454098e-01;8.738180e-02;4.132938e-02;1.971766e-02;5.057598e-02;1.603228e-01;1.273156e-01;3.656390e-02;8.841743e-02;1.712237e-02;1.258592e-01
9.998931e-02;1.614237e-01;8.571346e-02;3.244111e-02;2.081065e-02;7.618930e-02;1.198308e-01;1.599053e-01;5.171213e-02;6.378741e-02;1.384501e-02;1.143517e-01
1.174063e-01;1.599679e-01;7.919589e-02;2.438827e-02;2.199945e-02;7.854843e-02;9.567902e-02;2.117311e-01;6.716558e-02;4.118424e-02;1.371749e-02;8.901636e-02
1.459121e-01;1.588006e-01;8.947040e-02;3.276287e-02;1.646869e-02;5.588657e-02;6.905089e-02;2.546264e-01;5.853556e-02;2.785189e-02;2.520226e-02;6.543173e-02
1.654252e-01;1.976698e-01;1.372130e-01;1.790212e-02;2.603547e-02;2.875276e-02;6.399893e-02;2.379971e-01;3.184842e-02;1.930671e-02;2.976419e-02;4.408627e-02
1.643395e-01;2.116042e-01;1.383509e-01;2.036225e-02;4.277589e-02;2.160492e-02;5.298784e-02;2.296740e-01;2.480826e-02;2.279952e-02;3.940465e-02;3.128804e-02
1.408514e-01;2.061843e-01;1.124004e-01;2.541011e-02;4.796487e-02;3.354700e-02;7.160275e-02;1.980061e-01;6.028483e-02;3.377045e-02;4.491104e-02;2.506672e-02
1.092795e-01;1.907691e-01;1.431047e-01;2.104365e-02;3.863248e-02;3.252831e-02;9.914374e-02;1.648390e-01;9.211901e-02;2.775550e-02;5.293986e-02;2.784511e-02
8.142022e-02;1.993195e-01;1.741078e-01;1.226909e-02;1.971834e-02;5.681070e-02;1.002842e-01;1.723700e-01;9.536848e-02;2.323989e-02;4.091137e-02;2.418044e-02
8.811826e-02;3.256592e-01;2.132691e-01;8.605961e-03;6.816358e-03;5.047018e-02;7.248214e-02;8.672563e-02;8.129337e-02;2.081149e-02;2.090110e-02;2.484721e-02
8.645481e-02;3.843159e-01;2.668120e-01;9.531118e-03;3.698050e-03;3.761687e-02;5.628300e-02;6.606054e-02;4.366273e-02;9.740408e-03;1.254159e-02;2.328291e-02
7.348791e-02;3.607213e-01;2.766741e-01;1.231459e-02;5.764264e-03;2.978270e-02;4.287593e-02;1.002754e-01;4.427604e-02;1.559889e-02;1.334391e-02;2.488486e-02
8.224136e-02;2.884707e-01;2.520647e-01;1.389570e-02;1.146759e-02;4.472772e-02;4.212074e-02;1.504934e-01;4.940583e-02;2.175612e-02;1.131032e-02;3.204576e-02
1.085816e-01;1.343533e-01;1.914951e-01;2.279339e-02;2.609910e-02;4.716484e-02;5.827228e-02;2.138350e-01;1.060751e-01;2.462748e-02;2.827036e-02;3.843246e-02
9.007452e-02;2.299809e-01;1.938679e-01;2.812874e-02;2.274993e-02;3.026807e-02;6.969126e-02;1.665283e-01;9.159099e-02;1.961498e-02;3.151098e-02;2.599353e-02
9.604201e-02;2.286762e-01;1.865912e-01;2.887064e-02;2.181363e-02;2.984309e-02;7.112156e-02;1.474255e-01;1.102436e-01;1.564087e-02;2.448737e-02;3.924417e-02
