1.035792e-01;6.728150e-02;1.301747e-01;1.048059e-01;9.194051e-02;4.254886e-02;9.719012e-02;9.505527e-02;7.851177e-02;7.313881e-02;4.313777e-02;7.263563e-02
1.063915e-01;5.549163e-02;1.272099e-01;1.121247e-01;9.823879e-02;4.656399e-02;7.996013e-02;8.254910e-02;9.298586e-02;8.865866e-02;3.504701e-02;7.477872e-02
8.047603e-02;8.704717e-02;1.437194e-01;8.774957e-02;1.004291e-01;6.010113e-02;6.951780e-02;6.088220e-02;8.771355e-02;1.161973e-01;3.433608e-02;7.183060e-02
5.114634e-02;1.437726e-01;1.544568e-01;4.361693e-02;8.948258e-02;5.026939e-02;6.491612e-02;7.720628e-02;5.872106e-02;1.399405e-01;6.247107e-02;6.400041e-02
7.102334e-02;1.376267e-01;1.218750e-01;7.934652e-02;5.815610e-02;4.887645e-02;4.321358e-02;8.803470e-02;9.397284e-02;1.303955e-01;7.829244e-02;4.918673e-02
6.254900e-02;6.980034e-02;1.597762e-01;7.439288e-02;3.440582e-02;8.348650e-02;7.558123e-02;6.866358e-02;1.262721e-01;8.510435e-02;1.178800e-01;4.208795e-02
3.997391e-02;3.729208e-02;2.522437e-01;2.556405e-02;3.379081e-02;1.101612e-01;6.884027e-02;4.451792e-02;1.272476e-01;6.672987e-02;1.591025e-01;3.453620e-02
4.828742e-02;2.189770e-02;3.187686e-01;3.767022e-02;2.383774e-02;1.184848e-01;4.009582e-02;4.567773e-02;9.065748e-02;6.164349e-02;1.656173e-01;2.736166e-02
5.028103e-02;5.701396e-02;2.946287e-01;3.339990e-02;2.971642e-02;1.217336e-01;3.595584e-02;4.372773e-02;5.961575e-02;8.909879e-02;1.641965e-01;2.063177e-02
4.586542e-02;9.487789e-02;1.692037e-01;3.510502e-02;7.195354e-02;8.470731e-02;4.394695e-02;5.057636e-02;9.325184e-02;1.298176e-01;1.580004e-01;2.269389e-02
6.053966e-02;9.093315e-02;8.939058e-02;6.560979e-02;8.555229e-02;4.797214e-02;4.252009e-02;5.067706e-02;1.308780e-01;1.195385e-01;1.600419e-01;5.634686e-02
5.960724e-02;4.898255e-02;1.314348e-01;6.256652e-02;7.640189e-02;5.142606e-02;4.687118e-02;4.297178e-02;1.562141e-01;9.290285e-02;1.714829e-01;5.913807e-02
2.868060e-02;4.658843e-02;1.370546e-01;4.412329e-02;5.757749e-02;7.715587e-02;6.271183e-02;5.536748e-02;1.564990e-01;1.123488e-01;1.748923e-01;4.700032e-02
5.200738e-02;6.194276e-02;1.625903e-01;4.263126e-02;4.893499e-02;8.264586e-02;6.085671e-02;8.984919e-02;1.225404e-01;9.992605e-02;1.476316e-01;2.844345e-02
7.446963e-02;5.360777e-02;1.693320e-01;5.386686e-02;4.775085e-02;8.439641e-02;6.660692e-02;1.180866e-01;8.427609e-02;9.028974e-02;1.079170e-01;4.940005e-02
8.210483e-02;6.490874e-02;1.731875e-01;3.864395e-02;5.105846e-02;8.069073e-02;7.451181e-02;1.156384e-01;9.650776e-02;7.472539e-02;9.017087e-02;5.785155e-02
8.137884e-02;4.742696e-02;1.675463e-01;4.923043e-02;6.678416e-02;8.000803e-02;8.906216e-02;1.058957e-01;7.899880e-02;8.836126e-02;7.965710e-02;6.565029e-02
6.475721e-02;6.498457e-02;1.295684e-01;6.488666e-02;4.517564e-02;8.446583e-02;8.325349e-02;8.600164e-02;1.050987e-01;1.082076e-01;7.788141e-02;8.571884e-02
5.701006e-02;1.013889e-01;8.264276e-02;8.351279e-02;6.089588e-02;9.495222e-02;9.392843e-02;6.339818e-02;1.099220e-01;9.304439e-02;7.648832e-02;8.281613e-02
3.925025e-02;1.029964e-01;7.004476e-02;8.052836e-02;5.000209e-02;1.059291e-01;1.043446e-01;1.017727e-01;9.993409e-02;1.035385e-01;7.108094e-02;7.057813e-02
2.626383e-02;7.725564e-02;8.375452e-02;7.279880e-02;4.197652e-02;1.208313e-01;1.079043e-01;1.322788e-01;7.459027e-02;1.215917e-01;7.421812e-02;6.653625e-02
2.458639e-02;4.314572e-02;9.748260e-02;5.231363e-02;6.526166e-02;1.098592e-01;1.516287e-01;1.410731e-01;6.881984e-02;1.325983e-01;6.570859e-02;4.752230e-02
1.292902e-02;5.890073e-02;1.093575e-01;2.458993e-02;9.065947e-02;7.668996e-02;1.659459e-01;1.063940e-01;1.096671e-01;1.304895e-01;6.763523e-02;4.674163e-02
4.676766e-02;7.031973e-02;9.779438e-02;4.288561e-02;7.648297e-02;7.115548e-02;1.423617e-01;7.924177e-02;1.080215e-01;1.370690e-01;8.860895e-02;3.929124e-02
8.725222e-02;6.392732e-02;9.519195e-02;5.447042e-02;3.089380e-02;7.044335e-02;1.041109e-01;1.050133e-01;1.274591e-01;1.367965e-01;8.432682e-02;4.011431e-02
7.803267e-02;6.746325e-02;1.204205e-01;3.644212e-02;2.305460e-02;5.602588e-02;9.601343e-02;1.261728e-01;1.847370e-01;1.206728e-01;6.182577e-02;2.913911e-02
5.407266e-02;5.048634e-02;1.344855e-01;4.525130e-02;3.854779e-02;7.312222e-02;8.684468e-02;1.107652e-01;1.947381e-01;1.264940e-01;5.710885e-02;2.808332e-02
7.403678e-02;6.699886e-02;1.752982e-01;6.210744e-02;4.928444e-02;7.349942e-02;1.423697e-01;9.171673e-02;1.193862e-01;7.975713e-02;3.609216e-02;2.945296e-02
1.253903e-01;1.260480e-01;1.800067e-01;3.829878e-02;3.876548e-02;4.696954e-02;1.476424e-01;9.357931e-02;1.102723e-01;4.242287e-02;2.596454e-02;2.463983e-02
1.529312e-01;1.979308e-01;1.810900e-01;2.844861e-02;2.358514e-02;3.040095e-02;9.745201e-02;7.294410e-02;1.442163e-01;3.459846e-02;2.035678e-02;1.604572e-02
1.694158e-01;2.962875e-01;1.635774e-01;1.553209e-02;1.291723e-02;1.881360e-02;4.227055e-02;3.172082e-02;1.988007e-01;2.829714e-02;1.366117e-02;8.705998e-03
1.462109e-01;3.665579e-01;1.585050e-01;1.039376e-02;8.809506e-03;1.396940e-02;1.347597e-02;1.126305e-02;2.360645e-01;1.759759e-02;9.470724e-03;7.681719e-03
1.032622e-01;3.802915e-01;1.899172e-01;7.300470e-03;6.383918e-03;1.330330e-02;6.513521e-03;8.020349e-03;2.443709e-01;2.659022e-02;8.840707e-03;5.205727e-03
7.549721e-02;2.874961e-01;3.277356e-01;1.416343e-02;4.969134e-03;7.912240e-03;8.062795e-03;1.433379e-02;1.840699e-01;6.321646e-02;3.546655e-03;8.996685e-03
4.110130e-02;1.455317e-01;4.971560e-01;4.060347e-02;6.647104e-03;4.842217e-03;1.158472e-02;7.651411e-03;1.031150e-01;1.287203e-01;7.984197e-03;5.062526e-03
1.925638e-02;5.617446e-02;4.982661e-01;1.231674e-01;1.065002e-02;6.185658e-03;1.143972e-02;6.295734e-03;6.150799e-02;1.739707e-01;3.002709e-02;3.058698e-03
1.368390e-02;3.695069e-02;3.013323e-01;2.625207e-01;2.425206e-02;8.127763e-03;1.154528e-02;1.085349e-02;8.079490e-02;1.452042e-01;1.006664e-01;4.068208e-03
9.467612e-03;2.952715e-02;1.920495e-01;3.504253e-01;4.098820e-02;1.045701e-02;9.533735e-03;3.152731e-02;7.633233e-02;5.224778e-02;1.776337e-01;1.981036e-02
4.427185e-03;2.780287e-02;1.761025e-01;2.870337e-01;8.678494e-02;1.250274e-02;7.167835e-03;5.922317e-02;5.592661e-02;6.577641e-02;1.694155e-01;4.783656e-02
1.073190e-02;2.194231e-02;7.436752e-02;2.238252e-01;1.631888e-01;1.723425e-02;1.842583e-02;6.798176e-02;9.690379e-02;9.517291e-02;1.109382e-01;9.928762e-02
9.697398e-03;1.114240e-02;1.074402e-01;1.182818e-01;2.197309e-01;3.473197e-02;3.514319e-02;3.400920e-02;1.883346e-01;7.310264e-02;2.804673e-02;1.403390e-01
2.448708e-02;2.428053e-02;1.412522e-01;3.601259e-02;2.141133e-01;6.151852e-02;5.460216e-02;1.980647e-02;2.116642e-01;3.980132e-02;5.061189e-02;1.218498e-01
6.225273e-02;2.770666e-02;1.336523e-01;3.737282e-02;1.413032e-01;1.169067e-01;7.678412e-02;3.977761e-02;1.947728e-01;5.953574e-02;5.071847e-02;5.921698e-02
8.128233e-02;3.691524e-02;1.054397e-01;4.195511e-02;8.393828e-02;1.565246e-01;1.136743e-01;6.682288e-02;1.484818e-01;9.724373e-02;4.059951e-02;2.712247e-02
6.521223e-02;5.304942e-02;6.505378e-02;3.896789e-02;9.849218e-02;1.546927e-01;2.030239e-01;8.065649e-02;9.940029e-02;9.393356e-02;3.220959e-02;1.530802e-02
4.306255e-02;4.514398e-02;6.629099e-02;7.099329e-02;1.015260e-01;1.426089e-01;2.186919e-01;7.478026e-02;1.198414e-01;6.515165e-02;3.645657e-02;1.545239e-02
7.966881e-02;3.282038e-02;7.083721e-02;8.521870e-02;9.352169e-02;1.183001e-01;2.503389e-01;5.249582e-02;1.070826e-01;4.947127e-02;2.840000e-02;3.184456e-02
5.371894e-02;2.466965e-02;4.958879e-02;6.019791e-02;8.574154e-02;1.465607e-01;3.483392e-01;4.330210e-02;6.339386e-02;5.757656e-02;1.778707e-02;4.912362e-02
5.309226e-02;3.271461e-02;6.893675e-02;5.580434e-02;1.278024e-01;1.404985e-01;2.643571e-01;4.269603e-02;6.104241e-02;6.286044e-02;2.495078e-02;6.524443e-02
6.529672e-02;3.750814e-02;1.799510e-01;6.817797e-02;1.588369e-01;1.144804e-01;1.202836e-01;4.167009e-02;7.627704e-02;5.099638e-02;2.982952e-02;5.669229e-02
6.802880e-02;3.881993e-02;2.736788e-01;9.842342e-02;1.302102e-01;6.863645e-02;1.251543e-01;3.711480e-02;7.772443e-02;4.165660e-02;2.254496e-02;1.800726e-02
3.992281e-02;3.679473e-02;2.146606e-01;1.489497e-01;1.279531e-01;7.328515e-02;1.403027e-01;2.956469e-02;6.353182e-02;4.315469e-02;2.328775e-02;5.859227e-02
6.711608e-02;4.236701e-02;8.337428e-02;1.251149e-01;1.403208e-01;7.834830e-02;2.370810e-01;4.285175e-02;6.782228e-02;4.411977e-02;1.132683e-02;6.015705e-02
7.880342e-02;5.159386e-02;4.519243e-02;9.231687e-02;1.649282e-01;8.203641e-02;1.962227e-01;5.767505e-02;8.575471e-02;5.037285e-02;3.378111e-02;6.132242e-02
8.384817e-02;5.662987e-02;1.023149e-01;6.848813e-02;1.714520e-01;9.259620e-02;7.947103e-02;5.941750e-02;1.045743e-01;4.563913e-02;5.642648e-02;7.914227e-02
5.093244e-02;5.360407e-02;1.151775e-01;9.579112e-02;1.261718e-01;7.749952e-02;1.271178e-01;5.184051e-02;1.079631e-01;6.460701e-02;5.424748e-02;7.504760e-02
3.069864e-02;4.851468e-02;1.274107e-01;7.332291e-02;9.333545e-02;9.441414e-02;6.403124e-02;6.554165e-02;1.603354e-01;9.104877e-02;4.579531e-02;1.055511e-01
4.698576e-02;3.084050e-02;1.251068e-01;4.011866e-02;7.521664e-02;9.614397e-02;1.412117e-01;7.247666e-02;1.599667e-01;6.965102e-02;2.381314e-02;1.184684e-01
4.115817e-02;2.800302e-02;9.183548e-02;7.263776e-02;8.323006e-02;9.057211e-02;1.393660e-01;7.196005e-02;1.443319e-01;6.716925e-02;3.685930e-02;1.328769e-01
4.076451e-02;4.933200e-02;1.115358e-01;9.298692e-02;1.214735e-01;1.014569e-01;6.017553e-02;5.257858e-02;1.366751e-01;6.778282e-02;4.323113e-02;1.220073e-01
4.315545e-02;6.782575e-02;1.010181e-01;1.105136e-01;1.313180e-01;9.859672e-02;1.129785e-01;6.154758e-02;1.145563e-01;5.244681e-02;5.033442e-02;5.570874e-02
8.622757e-02;9.055189e-02;9.029931e-02;1.064635e-01;1.233822e-01;8.117102e-02;1.174591e-01;7.417823e-02;9.813878e-02;3.036997e-02;5.852745e-02;4.323101e-02
7.950497e-02;1.150977e-01;7.307108e-02;5.492318e-02;1.241677e-01;7.489979e-02;1.778554e-01;7.801875e-02;7.200449e-02;4.181847e-02;5.101117e-02;5.762718e-02
1.098233e-01;8.987642e-02;9.494495e-02;7.078565e-02;1.266315e-01;1.050475e-01;1.583779e-01;7.858479e-02;5.296758e-02;6.291788e-02;1.966269e-02;3.037986e-02
9.784207e-02;8.600365e-02;2.272362e-01;5.491357e-02;9.225714e-02;8.257704e-02;9.121615e-02;4.365610e-02;6.608866e-02;6.318662e-02;3.438640e-02;6.063637e-02
6.879157e-02;7.291975e-02;2.405984e-01;8.938594e-02;8.361967e-02;7.440206e-02;1.186354e-01;2.989811e-02;8.170924e-02;6.310249e-02;4.925174e-02;2.768561e-02
7.183613e-02;3.574071e-02;2.367296e-01;1.059516e-01;6.058450e-02;7.800030e-02;1.519350e-01;2.685306e-02;9.311336e-02;6.519753e-02;5.063101e-02;2.342715e-02
7.125451e-02;7.199175e-02;2.162193e-01;1.086253e-01;5.474747e-02;8.635170e-02;1.342471e-01;3.539040e-02;8.019634e-02;7.007975e-02;5.174404e-02;1.915224e-02
6.121053e-02;1.165751e-01;1.108976e-01;8.572615e-02;1.005114e-01;1.033363e-01;9.540687e-02;5.640243e-02;7.193100e-02;9.881593e-02;8.062902e-02;1.855762e-02
3.437482e-02;1.273963e-01;1.293280e-01;6.549741e-02;1.204995e-01;9.285582e-02;4.958756e-02;6.382315e-02;8.079105e-02;1.269750e-01;9.325335e-02;1.561803e-02
4.816447e-02;8.067984e-02;1.202906e-01;7.671756e-02;1.046414e-01;1.059404e-01;8.775742e-02;5.564389e-02;6.389245e-02;1.127025e-01;1.149579e-01;2.861153e-02
3.747939e-02;4.043819e-02;1.185637e-01;8.141170e-02;9.754983e-02;1.231091e-01;1.586570e-01;5.098999e-02;5.688734e-02;8.346909e-02;1.240668e-01;2.737784e-02
3.512700e-02;4.563677e-02;1.494725e-01;7.175602e-02;1.211193e-01;9.448208e-02;1.276522e-01;4.641596e-02;8.483597e-02;1.027920e-01;9.801326e-02;2.269699e-02
4.483306e-02;3.043246e-02;2.179665e-01;9.357984e-02;1.017528e-01;6.454232e-02;1.037938e-01;5.546544e-02;8.624107e-02;1.095338e-01;6.571802e-02;2.614086e-02
4.623853e-02;6.132101e-02;2.477867e-01;1.130665e-01;5.696664e-02;4.466809e-02;8.675282e-02;6.846833e-02;7.801881e-02;1.023314e-01;5.723042e-02;3.715073e-02
6.719740e-02;5.373849e-02;1.973509e-01;1.063055e-01;7.530637e-02;5.061027e-02;8.446331e-02;5.473351e-02;9.322891e-02;9.060220e-02;6.697026e-02;5.949288e-02
7.960518e-02;5.954745e-02;1.345547e-01;1.012184e-01;9.859165e-02;5.855588e-02;1.427162e-01;4.439146e-02;7.524361e-02;8.062086e-02;7.489627e-02;5.005836e-02
7.159326e-02;7.453120e-02;1.233347e-01;1.018093e-01;8.590814e-02;7.669270e-02;1.572596e-01;3.174847e-02;7.208072e-02;9.844308e-02;7.762624e-02;2.897255e-02
5.158300e-02;8.239722e-02;1.179476e-01;9.695906e-02;1.137612e-01;1.046741e-01;8.960762e-02;5.179899e-02;7.211045e-02;9.729113e-02;8.993364e-02;3.193595e-02
6.476094e-02;7.308739e-02;1.699797e-01;9.947866e-02;1.255597e-01;6.372445e-02;1.349643e-01;6.026572e-02;4.632051e-02;5.734171e-02;7.173016e-02;3.278676e-02
5.853322e-02;5.290389e-02;2.126768e-01;1.037794e-01;1.282827e-01;4.953055e-02;1.084070e-01;7.152224e-02;6.078219e-02;5.632298e-02;5.275916e-02;4.449985e-02
5.339403e-02;8.343897e-02;2.188159e-01;5.578451e-02;9.421758e-02;6.674974e-02;8.945978e-02;8.700741e-02;7.846734e-02;8.088648e-02;5.476389e-02;3.701434e-02
4.898654e-02;1.070393e-01;1.717418e-01;6.044938e-02;7.854199e-02;5.359479e-02;1.637319e-01;6.468954e-02;7.071299e-02;9.752522e-02;4.686361e-02;3.612300e-02
8.267588e-02;8.152854e-02;1.706014e-01;5.719806e-02;7.357951e-02;4.369336e-02;7.288561e-02;5.209288e-02;1.079728e-01;1.280876e-01;8.125865e-02;4.842579e-02
7.639335e-02;5.820158e-02;1.366127e-01;5.916195e-02;4.982763e-02;5.837063e-02;1.335817e-01;9.024793e-02;8.559984e-02;1.082955e-01;8.087075e-02;6.283647e-02
6.068413e-02;5.121425e-02;7.733246e-02;6.914973e-02;3.219383e-02;5.967602e-02;2.319003e-01;1.213993e-01;5.180578e-02;8.429445e-02;7.247785e-02;8.787196e-02
3.503625e-02;4.254115e-02;2.654202e-02;9.539178e-02;1.286025e-02;4.493588e-02;3.528244e-01;1.279139e-01;2.862749e-02;8.187003e-02;4.831313e-02;1.031438e-01
8.753716e-02;2.379412e-02;3.530901e-02;8.921140e-02;1.800111e-02;1.518964e-02;3.791390e-01;1.068981e-01;4.352286e-02;1.074945e-01;3.119571e-02;6.270742e-02
1.316126e-01;1.599566e-02;3.353571e-02;5.769820e-02;2.154323e-02;1.884347e-02;3.162301e-01;1.838289e-01;4.856044e-02;9.717827e-02;2.982889e-02;4.514453e-02
1.372494e-01;2.177841e-02;4.229943e-02;3.692004e-02;2.997209e-02;2.577735e-02;2.886934e-01;2.203160e-01;5.483504e-02;4.485526e-02;3.534132e-02;6.196222e-02
1.171375e-01;3.264709e-02;6.778574e-02;2.374722e-02;3.629546e-02;4.443823e-02;2.992262e-01;1.890416e-01;4.075601e-02;4.388157e-02;4.562985e-02;5.941357e-02
1.245077e-01;2.867774e-02;7.569126e-02;3.317514e-02;3.140795e-02;4.202627e-02;2.622205e-01;1.268030e-01;3.720725e-02;7.754005e-02;4.985779e-02;1.108854e-01
1.358851e-01;1.794857e-02;3.794985e-02;4.923330e-02;1.503923e-02;2.663394e-02;1.973535e-01;1.752749e-01;5.470538e-02;8.846205e-02;3.431013e-02;1.672041e-01
1.383540e-01;3.553434e-02;3.318411e-02;3.956959e-02;1.136989e-02;2.374870e-02;1.863275e-01;1.560124e-01;3.070942e-02;8.492933e-02;4.741810e-02;2.128427e-01
1.167140e-01;5.124492e-02;5.586769e-02;4.539007e-02;2.189163e-02;2.168813e-02;2.094686e-01;9.418409e-02;3.209975e-02;7.750287e-02;6.530998e-02;2.086383e-01
9.184771e-02;4.654734e-02;5.149174e-02;8.913890e-02;3.982070e-02;2.781072e-02;2.384002e-01;5.711146e-02;3.762691e-02;1.070504e-01;6.333683e-02;1.498171e-01
6.872512e-02;4.231297e-02;4.903112e-02;9.186074e-02;5.255365e-02;3.615690e-02;2.178515e-01;6.849499e-02;3.349504e-02;1.545461e-01;6.049502e-02;1.244769e-01
1.220902e-01;6.419665e-02;9.005163e-02;7.094979e-02;5.997054e-02;3.155746e-02;1.369080e-01;8.883507e-02;4.893446e-02;1.118283e-01;4.183572e-02;1.328422e-01
7.269127e-02;6.366067e-02;1.679542e-01;4.384270e-02;4.710723e-02;6.460455e-02;1.264013e-01;1.293136e-01;7.872848e-02;9.652807e-02;2.233684e-02;8.683114e-02
7.648465e-02;6.555495e-02;1.539834e-01;3.036499e-02;5.755745e-02;5.766007e-02;1.206193e-01;1.585411e-01;1.533521e-01;6.486332e-02;3.184342e-02;2.917515e-02
1.211307e-01;7.119042e-02;1.106758e-01;3.111549e-02;5.297320e-02;4.228423e-02;6.716283e-02;2.115470e-01;1.699947e-01;5.502190e-02;3.331711e-02;3.358662e-02
1.233531e-01;5.646434e-02;5.706451e-02;3.487110e-02;3.826790e-02;2.853291e-02;1.028312e-01;2.843259e-01;1.423059e-01;5.802792e-02;3.869310e-02;3.526215e-02
7.977313e-02;3.132352e-02;3.652259e-02;5.574262e-02;1.797101e-02;2.405097e-02;1.946497e-01;3.039677e-01;8.835401e-02;8.493885e-02;3.877487e-02;4.393102e-02
4.519620e-02;2.821798e-02;2.524641e-02;9.246030e-02;8.974550e-03;1.879798e-02;3.164432e-01;1.858857e-01;4.761522e-02;1.222468e-01;3.403233e-02;7.488332e-02
4.234341e-02;4.546440e-02;2.400914e-02;1.115479e-01;9.351839e-03;3.231855e-02;4.105182e-01;4.886028e-02;3.634972e-02;1.081320e-01;1.947153e-02;1.116331e-01
3.218792e-02;4.737226e-02;3.039082e-02;9.381066e-02;1.522812e-02;6.033004e-02;3.721085e-01;1.212032e-01;2.944070e-02;6.209049e-02;2.656694e-02;1.092704e-01
4.579497e-02;4.084568e-02;5.270592e-02;8.276217e-02;2.956233e-02;8.248930e-02;3.129242e-01;1.414251e-01;4.606298e-02;4.598834e-02;4.229130e-02;7.714763e-02
8.080350e-02;5.553335e-02;4.403661e-02;5.983530e-02;2.716665e-02;7.993088e-02;2.852317e-01;1.058691e-01;4.456440e-02;6.593080e-02;3.661712e-02;1.144806e-01
5.613390e-02;6.617229e-02;3.862930e-02;3.221380e-02;2.297232e-02;7.146901e-02;3.432456e-01;1.111791e-01;4.420290e-02;5.119212e-02;4.082884e-02;1.217609e-01
3.136417e-02;6.690919e-02;2.903799e-02;3.870098e-02;2.104190e-02;7.784184e-02;4.606084e-01;1.074384e-01;2.907052e-02;3.946822e-02;2.992611e-02;6.859221e-02
2.436520e-02;6.892616e-02;2.773356e-02;3.100698e-02;1.312503e-02;7.840252e-02;5.180920e-01;9.035338e-02;1.672492e-02;2.912669e-02;1.603220e-02;8.611143e-02
2.906065e-02;5.097890e-02;2.195916e-02;2.645203e-02;1.220044e-02;1.197805e-01;4.592361e-01;1.043168e-01;3.802241e-02;3.607079e-02;2.071260e-02;8.120961e-02
3.691648e-02;3.272193e-02;4.401008e-02;3.257858e-02;2.095420e-02;1.689583e-01;3.430166e-01;6.284600e-02;8.795809e-02;5.687524e-02;4.179549e-02;7.136903e-02
3.900987e-02;4.003798e-02;6.937163e-02;4.631839e-02;4.720856e-02;1.849485e-01;1.928983e-01;6.331594e-02;1.058855e-01;8.562502e-02;6.764672e-02;5.773362e-02
5.792090e-02;3.644636e-02;7.057915e-02;9.382222e-02;5.768884e-02;1.715766e-01;9.720826e-02;7.439819e-02;8.577664e-02;8.616585e-02;7.020034e-02;9.821666e-02
6.985737e-02;3.711231e-02;6.630840e-02;8.852808e-02;3.256433e-02;1.357692e-01;1.724836e-01;9.988096e-02;6.680848e-02;9.192392e-02;5.073815e-02;8.802519e-02
8.064753e-02;5.899107e-02;4.384366e-02;3.616849e-02;2.600271e-02;7.290546e-02;2.596955e-01;1.335634e-01;3.995044e-02;9.193701e-02;5.328987e-02;1.030048e-01
7.970102e-02;7.396021e-02;5.382524e-02;4.837275e-02;3.032103e-02;5.113382e-02;2.340442e-01;1.263886e-01;4.671130e-02;6.888412e-02;6.427842e-02;1.223793e-01
1.082537e-01;7.566758e-02;6.747495e-02;8.179107e-02;3.883238e-02;5.982832e-02;1.287609e-01;8.791249e-02;5.757667e-02;5.919048e-02;6.723239e-02;1.674790e-01
1.124817e-01;5.931824e-02;4.245114e-02;6.345388e-02;3.785225e-02;4.804795e-02;1.861967e-01;4.854898e-02;5.632883e-02;5.549773e-02;3.864886e-02;2.511738e-01
8.379191e-02;5.710118e-02;4.613091e-02;5.194541e-02;3.504474e-02;2.962463e-02;2.210574e-01;1.080725e-01;4.017998e-02;5.497918e-02;2.794655e-02;2.441256e-01
6.367891e-02;9.973562e-02;7.742041e-02;5.099983e-02;2.797838e-02;4.318174e-02;1.783199e-01;1.559281e-01;4.584760e-02;3.430980e-02;4.616307e-02;1.764366e-01
9.017868e-02;9.438035e-02;6.454410e-02;4.377417e-02;2.700260e-02;6.297927e-02;1.730926e-01;1.470020e-01;3.997754e-02;2.213277e-02;4.314035e-02;1.917956e-01
1.374325e-01;9.374398e-02;3.243646e-02;4.541389e-02;2.824817e-02;4.100740e-02;2.482440e-01;8.366310e-02;4.392579e-02;3.391994e-02;2.748331e-02;1.844815e-01
1.288690e-01;1.188437e-01;4.979045e-02;4.081788e-02;3.056811e-02;3.604843e-02;2.983758e-01;5.469447e-02;4.300908e-02;7.101069e-02;1.899338e-02;1.089790e-01
9.642516e-02;9.199541e-02;4.679572e-02;4.625768e-02;4.065290e-02;5.554531e-02;3.560072e-01;8.204515e-02;3.582484e-02;7.071052e-02;2.999636e-02;4.774380e-02
5.985628e-02;8.486643e-02;3.048393e-02;5.341257e-02;4.546576e-02;7.459455e-02;3.710482e-01;6.067996e-02;4.379033e-02;5.202958e-02;2.659324e-02;9.717919e-02
3.038223e-02;8.016813e-02;2.852343e-02;3.628495e-02;3.119159e-02;1.265391e-01;3.224659e-01;6.017341e-02;5.669349e-02;6.378992e-02;4.489126e-02;1.188965e-01
3.906962e-02;5.622351e-02;4.682116e-02;2.814811e-02;3.802394e-02;1.395131e-01;2.870757e-01;9.100310e-02;5.008482e-02;6.910948e-02;4.361469e-02;1.113128e-01
6.095253e-02;3.486396e-02;5.560964e-02;3.791382e-02;6.361837e-02;1.310910e-01;2.690665e-01;1.304636e-01;3.351665e-02;8.538166e-02;4.426259e-02;5.325958e-02
7.468390e-02;3.314291e-02;4.672676e-02;5.987665e-02;6.512664e-02;1.063728e-01;2.078084e-01;8.442994e-02;8.408428e-02;1.045159e-01;4.344488e-02;8.978697e-02
6.595652e-02;4.471321e-02;5.462382e-02;6.762825e-02;5.375029e-02;8.410342e-02;2.557310e-01;6.900136e-02;8.879772e-02;8.153277e-02;3.397910e-02;1.001825e-01
2.641484e-02;4.077666e-02;7.340009e-02;6.196890e-02;6.196796e-02;8.053685e-02;3.114054e-01;9.651510e-02;6.130971e-02;7.902436e-02;2.453059e-02;8.214957e-02
3.924872e-02;5.649509e-02;8.300473e-02;5.012332e-02;6.198791e-02;9.296603e-02;2.752340e-01;8.327194e-02;5.163838e-02;1.224523e-01;1.501790e-02;6.855972e-02
7.550787e-02;8.993303e-02;1.622504e-01;4.596333e-02;5.301898e-02;7.192776e-02;1.766903e-01;4.302001e-02;8.568882e-02;1.139633e-01;3.642352e-02;4.561279e-02
6.015259e-02;6.572985e-02;1.900576e-01;5.994148e-02;7.626918e-02;5.170390e-02;2.391427e-01;4.632766e-02;4.911455e-02;6.298101e-02;4.971408e-02;4.886540e-02
2.122727e-02;2.963218e-02;2.130239e-01;8.020692e-02;1.157906e-01;7.418428e-02;2.355362e-01;4.977760e-02;1.740931e-02;6.064527e-02;5.057985e-02;5.198658e-02
1.833967e-02;2.014929e-02;2.263245e-01;1.041704e-01;1.622748e-01;6.579889e-02;1.367177e-01;4.636686e-02;2.688138e-02;8.258536e-02;5.835386e-02;5.203727e-02
1.654292e-02;1.767107e-02;1.689732e-01;1.012374e-01;2.281605e-01;7.087098e-02;8.645470e-02;2.357293e-02;8.789943e-02;7.299793e-02;5.108885e-02;7.453018e-02
1.136614e-02;9.158627e-03;1.055374e-01;5.435492e-02;2.470513e-01;1.098524e-01;1.612609e-01;1.333125e-02;1.445952e-01;3.169221e-02;2.260901e-02;8.919059e-02
1.885054e-02;4.789679e-03;8.084182e-02;2.614014e-02;1.985192e-01;1.928798e-01;2.139948e-01;4.083171e-02;1.137504e-01;3.578338e-02;7.434687e-03;6.618377e-02
2.739281e-02;6.186641e-03;3.870987e-02;2.083425e-02;1.173558e-01;2.359648e-01;3.111802e-01;7.233685e-02;4.214247e-02;9.064920e-02;9.947637e-03;2.729942e-02
2.315355e-02;1.202235e-02;2.012932e-02;1.615241e-02;8.052789e-02;1.952582e-01;4.434288e-01;6.778283e-02;2.484904e-02;9.821896e-02;8.221604e-03;1.025509e-02
1.782775e-02;2.692038e-02;1.995425e-02;1.108028e-02;5.732039e-02;1.128883e-01;5.801460e-01;4.994497e-02;6.987865e-02;4.402197e-02;3.608701e-03;6.408395e-03
1.579798e-02;3.493797e-02;2.494339e-02;9.697734e-03;4.071724e-02;5.546131e-02;6.350275e-01;5.470281e-02;1.085002e-01;1.189356e-02;2.534587e-03;5.785687e-03
7.939175e-03;2.833478e-02;3.900655e-02;8.411545e-03;2.189895e-02;1.897693e-02;6.712730e-01;8.689707e-02;9.006362e-02;1.891260e-02;3.751494e-03;4.534279e-03
3.761917e-03;1.478187e-02;6.465569e-02;6.004254e-03;3.289761e-02;2.901125e-02;6.315213e-01;1.236054e-01;4.496955e-02;4.066606e-02;2.302788e-03;5.822359e-03
4.826409e-03;8.290447e-03;1.089860e-01;5.875645e-03;3.201663e-02;2.930143e-02;5.688580e-01;1.532853e-01;3.016311e-02;4.455422e-02;4.093098e-03;9.749761e-03
9.739766e-03;6.158947e-03;1.075021e-01;1.132967e-02;3.093287e-02;2.782154e-02;5.903931e-01;1.402003e-01;3.817265e-02;2.345970e-02;6.853121e-03;7.436288e-03
7.008973e-03;9.095132e-03;4.872242e-02;1.119082e-02;3.452746e-02;3.680521e-02;6.902518e-01;9.431176e-02;3.938189e-02;1.663045e-02;5.519470e-03;6.554591e-03
1.120107e-02;3.625739e-03;4.479693e-02;8.095168e-03;2.317299e-02;2.521348e-02;7.258706e-01;9.140138e-02;4.143776e-02;1.492479e-02;5.000790e-03;5.259255e-03
8.333831e-03;1.020814e-02;3.458420e-02;7.936213e-03;2.428490e-02;2.670080e-02;7.340982e-01;9.512707e-02;3.849468e-02;1.415298e-02;3.236792e-03;2.842226e-03
4.517798e-03;1.164626e-02;3.118245e-02;8.430840e-03;2.255824e-02;3.047013e-02;7.525526e-01;9.259763e-02;2.763315e-02;1.134531e-02;3.412268e-03;3.653371e-03
6.108727e-03;1.804868e-02;2.354739e-02;6.235044e-03;1.448577e-02;2.487404e-02;7.717158e-01;8.588780e-02;2.283615e-02;1.475421e-02;5.022380e-03;6.484030e-03
1.008407e-02;3.882917e-02;4.183585e-02;9.288603e-03;2.469712e-02;3.504504e-02;7.041056e-01;8.311988e-02;2.460080e-02;1.408204e-02;7.174933e-03;7.136937e-03
1.974750e-02;7.690799e-02;4.983041e-02;1.954920e-02;3.795271e-02;3.635971e-02;6.059064e-01;9.739356e-02;2.649843e-02;1.243629e-02;1.018482e-02;7.232947e-03
1.724246e-02;1.154075e-01;4.646642e-02;1.702819e-02;3.737625e-02;2.514594e-02;5.702556e-01;1.270213e-01;1.867460e-02;1.086024e-02;9.632257e-03;4.889296e-03
5.636914e-03;1.380985e-01;3.941192e-02;1.041887e-02;3.743900e-02;4.657193e-02;5.511264e-01;1.137786e-01;2.711102e-02;1.422494e-02;9.713341e-03;6.468557e-03
1.030178e-02;1.302695e-01;3.371698e-02;7.303879e-03;2.721711e-02;6.262478e-02;5.887712e-01;6.301996e-02;4.880961e-02;1.190286e-02;1.073975e-02;5.322505e-03
6.383022e-03;8.673773e-02;2.451534e-02;9.152850e-03;2.705872e-02;8.688659e-02;6.524548e-01;4.072991e-02;4.117036e-02;1.373830e-02;7.535219e-03;3.637169e-03
1.722712e-02;5.026454e-02;1.609580e-02;1.452183e-02;2.918597e-02;1.206305e-01;6.762970e-01;3.446034e-02;2.230648e-02;1.375341e-02;3.186017e-03;2.070964e-03
3.302536e-02;3.243154e-02;1.764258e-02;2.788788e-02;4.044758e-02;1.552929e-01;6.303680e-01;2.849875e-02;1.095425e-02;1.636048e-02;3.513369e-03;3.577290e-03
5.623659e-02;2.229827e-02;1.674254e-02;4.388303e-02;5.278588e-02;2.040356e-01;5.291691e-01;2.393154e-02;9.760818e-03;3.328172e-02;2.903682e-03;4.971248e-03
9.138481e-02;1.643915e-02;1.797211e-02;4.191219e-02;6.874412e-02;2.888964e-01;3.606150e-01;2.853075e-02;1.387788e-02;6.281045e-02;6.373059e-03;2.443982e-03
8.674566e-02;1.326680e-02;1.662236e-02;2.205385e-02;7.038040e-02;3.129791e-01;3.554192e-01;4.198121e-02;9.954679e-03;5.906393e-02;6.236737e-03;5.296037e-03
7.239304e-02;1.058276e-02;3.647657e-02;2.251108e-02;9.498602e-02;3.527815e-01;3.082207e-01;4.444909e-02;7.601903e-03;3.684260e-02;5.669935e-03;7.484783e-03
5.950694e-02;1.702634e-02;1.003918e-01;2.343983e-02;1.529180e-01;3.881539e-01;1.564689e-01;2.426665e-02;2.440131e-02;1.960672e-02;8.771401e-03;2.504828e-02
5.060917e-02;1.710422e-02;1.494999e-01;2.075530e-02;1.785940e-01;2.449559e-01;1.737338e-01;1.770066e-02;6.706341e-02;1.447248e-02;1.189839e-02;5.361278e-02
3.972717e-02;1.988103e-02;1.495448e-01;2.381834e-02;2.128369e-01;1.454166e-01;1.412292e-01;8.486535e-03;1.316724e-01;1.493380e-02;9.691604e-03;1.027617e-01
4.612670e-02;1.351038e-02;8.695359e-02;3.124399e-02;2.459530e-01;8.899775e-02;1.553243e-01;1.666300e-02;1.521084e-01;1.896597e-02;6.215594e-03;1.379375e-01
2.858121e-02;2.948764e-02;6.962722e-02;4.233975e-02;3.003013e-01;5.408402e-02;1.339127e-01;2.544648e-02;1.253255e-01;3.207750e-02;9.498027e-03;1.493186e-01
2.021181e-02;9.672053e-02;8.570243e-02;8.354916e-02;2.651689e-01;3.887639e-02;6.985877e-02;3.853966e-02;7.004580e-02;3.289036e-02;5.281116e-02;1.456251e-01
1.822998e-02;1.744945e-01;7.434537e-02;1.616508e-01;1.492398e-01;2.635091e-02;4.403325e-02;6.003405e-02;3.678853e-02;3.633529e-02;1.106642e-01;1.078333e-01
1.042298e-02;1.585491e-01;8.057705e-02;2.565908e-01;8.719685e-02;3.666975e-02;1.825770e-02;9.683390e-02;2.395647e-02;2.804231e-02;1.623796e-01;4.052342e-02
1.002558e-02;8.167966e-02;8.770923e-02;3.062098e-01;6.067119e-02;4.761479e-02;3.692273e-02;9.545816e-02;2.288430e-02;1.585565e-02;1.943189e-01;4.064996e-02
8.775745e-03;5.082629e-02;1.080288e-01;3.244711e-01;5.285607e-02;5.150456e-02;3.722100e-02;6.748153e-02;1.759231e-02;2.554306e-02;2.285448e-01;2.715466e-02
9.532643e-03;5.595280e-02;1.245982e-01;3.049659e-01;3.726512e-02;4.513813e-02;2.236504e-02;3.853476e-02;1.464662e-02;4.961917e-02;2.605707e-01;3.681095e-02
1.225993e-02;4.030543e-02;1.673507e-01;2.604717e-01;3.754782e-02;3.726609e-02;2.759068e-02;2.341177e-02;1.207936e-02;7.350551e-02;2.646750e-01;4.353606e-02
2.171917e-02;4.718071e-02;2.381058e-01;1.952320e-01;4.808853e-02;2.834020e-02;3.357847e-02;3.510150e-02;1.854506e-02;6.721649e-02;2.276017e-01;3.929038e-02
3.680616e-02;5.309463e-02;3.000922e-01;1.296912e-01;6.218133e-02;3.299430e-02;3.261960e-02;5.727805e-02;2.776328e-02;4.531264e-02;1.746139e-01;4.755277e-02
3.523548e-02;6.178609e-02;3.407236e-01;1.095082e-01;7.172558e-02;4.437727e-02;3.857006e-02;7.252482e-02;2.297944e-02;3.536636e-02;1.447029e-01;2.250017e-02
1.476572e-02;7.368903e-02;3.934547e-01;1.029924e-01;7.726715e-02;3.857743e-02;2.309425e-02;6.864920e-02;1.288797e-02;3.070898e-02;1.162668e-01;4.764643e-02
2.775798e-02;6.692637e-02;3.997146e-01;8.234296e-02;7.089906e-02;3.842794e-02;3.060651e-02;6.413534e-02;1.279884e-02;4.980322e-02;1.029372e-01;5.364992e-02
5.080460e-02;4.844390e-02;3.924291e-01;1.249309e-01;4.739306e-02;3.219685e-02;2.937193e-02;6.570830e-02;1.579961e-02;7.041737e-02;7.655071e-02;4.595359e-02
4.369602e-02;6.827715e-02;3.819648e-01;1.898708e-01;5.633080e-02;2.271820e-02;3.538895e-02;5.029204e-02;2.411661e-02;5.830061e-02;3.336252e-02;3.568153e-02
2.234962e-02;4.410878e-02;3.900340e-01;2.540937e-01;7.710070e-02;2.105093e-02;2.804985e-02;3.434583e-02;3.202316e-02;3.710711e-02;2.607786e-02;3.365855e-02
3.273568e-02;4.971172e-02;3.790904e-01;2.302453e-01;6.602171e-02;2.014998e-02;2.810629e-02;3.255326e-02;4.729365e-02;2.774707e-02;4.461783e-02;4.172716e-02
5.008232e-02;9.554556e-02;3.014152e-01;2.040453e-01;4.553975e-02;2.156433e-02;4.315492e-02;2.641781e-02;5.425847e-02;2.827267e-02;6.397178e-02;6.573181e-02
6.327721e-02;1.157613e-01;2.800642e-01;1.659752e-01;2.191476e-02;2.030430e-02;5.251981e-02;4.687738e-02;3.459168e-02;3.488782e-02;7.779274e-02;8.603364e-02
7.185696e-02;9.699443e-02;2.447173e-01;1.843599e-01;3.126064e-02;2.099657e-02;6.232998e-02;7.214064e-02;2.283886e-02;5.462696e-02;6.595816e-02;7.191961e-02
4.169371e-02;7.338916e-02;1.831743e-01;2.228458e-01;6.469600e-02;2.798153e-02;5.413857e-02;5.887926e-02;3.181207e-02;7.218246e-02;1.243712e-01;4.483593e-02
4.252553e-02;7.545970e-02;2.615126e-01;1.736611e-01;6.951584e-02;3.649543e-02;3.838471e-02;3.609549e-02;3.982033e-02;5.003267e-02;1.291297e-01;4.736693e-02
6.282306e-02;8.840369e-02;2.967035e-01;1.356248e-01;6.541628e-02;3.317901e-02;5.469816e-02;4.261250e-02;4.525385e-02;3.898282e-02;1.073572e-01;2.894524e-02
4.454433e-02;8.245842e-02;4.218045e-01;1.116367e-01;5.569719e-02;2.988379e-02;3.289150e-02;3.302963e-02;3.863861e-02;5.965354e-02;8.140661e-02;8.355130e-03
3.058850e-02;5.427612e-02;5.662699e-01;9.112869e-02;4.317232e-02;2.247641e-02;3.435208e-02;1.449278e-02;2.414924e-02;6.517578e-02;4.445320e-02;9.464940e-03
3.615424e-02;3.840655e-02;5.978691e-01;9.373373e-02;4.056482e-02;1.880461e-02;3.495604e-02;8.419992e-03;2.602340e-02;6.664395e-02;3.140439e-02;7.019186e-03
3.205300e-02;2.852622e-02;6.087041e-01;8.695975e-02;3.584371e-02;1.323889e-02;4.115586e-02;8.822253e-03;2.889010e-02;8.335301e-02;2.567463e-02;6.778389e-03
3.753743e-02;6.358460e-02;5.840876e-01;6.463267e-02;3.586795e-02;1.489973e-02;3.211701e-02;1.392280e-02;3.420719e-02;1.036952e-01;7.056279e-03;8.391474e-03
7.227932e-02;1.600340e-01;4.671575e-01;4.604085e-02;2.505645e-02;2.096413e-02;1.627168e-02;2.064575e-02;6.898967e-02;8.134715e-02;4.427440e-03;1.678609e-02
1.171979e-01;2.305307e-01;3.815217e-01;3.636437e-02;1.781286e-02;2.017773e-02;1.846627e-02;2.137587e-02;8.199508e-02;3.977809e-02;1.325508e-02;2.152424e-02
1.444406e-01;2.207407e-01;3.485729e-01;2.726772e-02;2.810690e-02;1.936158e-02;3.891184e-02;2.619245e-02;6.802779e-02;3.469213e-02;2.388490e-02;1.980055e-02
1.136003e-01;1.234618e-01;3.945944e-01;2.446180e-02;3.473486e-02;3.022469e-02;7.438579e-02;3.261322e-02;7.327357e-02;4.454660e-02;2.453802e-02;2.956497e-02
5.005458e-02;3.731432e-02;4.776255e-01;5.348344e-02;4.244179e-02;2.346499e-02;8.479582e-02;5.936113e-02;9.164723e-02;3.762997e-02;2.079231e-02;2.138883e-02
5.523714e-02;8.348200e-02;4.606653e-01;6.370328e-02;3.848591e-02;2.273805e-02;6.849341e-02;6.543206e-02;7.992701e-02;3.028977e-02;1.839396e-02;1.315207e-02
8.481008e-02;7.203568e-02;4.591543e-01;5.190545e-02;3.744714e-02;3.417181e-02;5.306285e-02;5.109188e-02;6.132020e-02;4.801860e-02;1.868231e-02;2.829973e-02
1.014102e-01;4.011703e-02;4.401949e-01;4.742631e-02;4.125357e-02;3.952145e-02;6.638477e-02;5.199082e-02;5.068294e-02;5.810776e-02;2.966885e-02;3.324145e-02
1.088241e-01;7.066122e-02;3.961542e-01;6.666136e-02;2.954024e-02;3.993714e-02;7.631280e-02;6.043228e-02;2.702563e-02;6.040221e-02;3.387532e-02;3.017346e-02
1.227057e-01;7.826674e-02;3.198471e-01;5.952206e-02;3.093929e-02;5.419095e-02;8.379798e-02;5.210645e-02;5.612911e-02;5.448694e-02;5.226452e-02;3.574311e-02
9.015352e-02;1.222848e-01;2.595566e-01;5.169611e-02;4.792535e-02;5.294291e-02;7.050908e-02;4.266052e-02;5.617900e-02;9.499577e-02;7.562418e-02;3.547215e-02
6.211901e-02;7.836325e-02;2.412631e-01;5.912614e-02;7.168383e-02;4.132779e-02;6.467285e-02;5.072093e-02;4.439419e-02;1.756854e-01;8.648036e-02;2.416319e-02
4.010428e-02;4.983847e-02;2.211294e-01;6.820325e-02;7.051498e-02;2.914786e-02;7.879085e-02;6.245699e-02;7.544249e-02;1.986035e-01;7.967579e-02;2.609222e-02
4.166989e-02;7.137394e-02;2.101904e-01;1.066549e-01;4.826365e-02;1.924107e-02;4.199037e-02;6.612201e-02;1.230979e-01;1.979179e-01;5.886677e-02;1.461114e-02
5.951061e-02;3.353261e-02;1.464383e-01;1.072209e-01;3.959775e-02;2.861727e-02;1.311783e-01;6.794666e-02;1.369162e-01;1.699188e-01;5.496887e-02;2.415384e-02
7.771076e-02;5.579062e-02;8.509656e-02;8.265215e-02;3.506301e-02;2.791338e-02;1.957758e-01;8.917383e-02;1.199829e-01;1.286474e-01;6.002145e-02;4.217213e-02
7.046570e-02;6.588256e-02;1.286559e-01;3.774971e-02;3.087697e-02;2.723632e-02;2.710897e-01;1.031842e-01;9.063800e-02;8.597930e-02;5.248668e-02;3.575490e-02
6.617399e-02;5.873444e-02;1.468721e-01;3.549933e-02;3.971422e-02;3.651590e-02;2.409376e-01;8.796284e-02;9.418633e-02;1.081361e-01;5.105918e-02;3.420804e-02
5.381500e-02;5.148087e-02;2.229459e-01;3.761219e-02;3.491596e-02;3.527374e-02;2.051462e-01;7.677880e-02;8.874489e-02;1.098342e-01;4.082466e-02;4.262752e-02
3.045363e-02;2.872309e-02;2.604900e-01;2.795039e-02;2.513355e-02;3.308516e-02;2.979631e-01;6.707664e-02;6.834273e-02;1.054083e-01;2.785981e-02;2.751355e-02
1.558651e-02;5.370065e-02;2.553868e-01;2.582863e-02;3.179371e-02;2.664714e-02;3.373378e-01;6.561864e-02;5.648015e-02;1.013139e-01;1.668376e-02;1.362239e-02
3.402859e-02;4.848177e-02;2.698215e-01;2.579560e-02;3.409970e-02;1.979147e-02;3.289703e-01;6.641138e-02;4.828508e-02;9.381533e-02;1.690126e-02;1.359812e-02
3.536556e-02;1.813100e-02;2.944106e-01;3.660086e-02;2.738209e-02;2.174192e-02;3.029093e-01;6.006644e-02;5.306715e-02;1.104122e-01;2.396732e-02;1.594564e-02
2.906336e-02;4.938365e-02;2.855067e-01;2.955814e-02;1.884662e-02;2.425550e-02;2.998897e-01;6.197216e-02;4.583851e-02;1.046172e-01;3.235785e-02;1.871058e-02
2.283287e-02;5.097232e-02;2.570399e-01;1.553960e-02;2.389509e-02;3.217465e-02;3.581071e-01;7.543177e-02;4.707206e-02;6.828832e-02;3.122625e-02;1.742005e-02
1.761112e-02;4.844901e-02;2.410254e-01;1.889239e-02;2.470606e-02;2.671454e-02;4.035708e-01;8.274388e-02;5.337223e-02;4.654984e-02;1.843495e-02;1.792971e-02
1.969145e-02;5.584319e-02;2.229698e-01;1.403987e-02;2.558115e-02;3.509102e-02;4.268222e-01;8.049124e-02;4.792681e-02;4.019124e-02;1.808837e-02;1.326365e-02
4.419914e-02;8.179134e-02;1.757919e-01;2.470199e-02;2.202128e-02;3.893429e-02;4.377342e-01;6.739417e-02;4.433843e-02;3.344204e-02;1.954069e-02;1.011051e-02
6.149535e-02;1.013666e-01;1.382899e-01;3.481704e-02;2.927611e-02;4.308742e-02;4.225441e-01;5.554970e-02;3.535635e-02;3.147195e-02;2.456038e-02;2.218503e-02
4.095994e-02;7.313471e-02;1.846196e-01;4.116298e-02;3.092899e-02;3.021004e-02;4.017568e-01;5.614605e-02;3.786371e-02;4.640720e-02;2.589459e-02;3.091541e-02
2.757713e-02;5.661378e-02;1.793501e-01;3.140177e-02;4.607693e-02;4.100619e-02;4.164834e-01;5.955772e-02;4.765662e-02;4.875571e-02;2.352806e-02;2.199251e-02
5.147931e-02;4.225618e-02;1.581797e-01;3.224440e-02;5.150357e-02;4.190124e-02;4.009838e-01;4.802948e-02;5.275392e-02;5.871752e-02;4.689056e-02;1.506033e-02
6.700510e-02;3.975653e-02;1.742146e-01;3.176634e-02;3.665847e-02;3.274987e-02;3.766170e-01;4.668043e-02;5.967762e-02;5.967773e-02;5.792970e-02;1.726671e-02
6.886820e-02;2.787655e-02;1.659045e-01;2.588866e-02;3.971934e-02;4.330780e-02;3.984331e-01;4.383556e-02;6.208345e-02;4.739523e-02;3.559298e-02;4.109454e-02
6.185276e-02;4.526643e-02;1.337290e-01;3.961927e-02;4.652358e-02;3.340177e-02;3.846057e-01;4.975621e-02;7.573220e-02;6.104088e-02;2.639983e-02;4.207239e-02
4.996855e-02;3.773312e-02;1.161467e-01;4.434888e-02;6.011598e-02;3.230248e-02;3.887119e-01;5.410917e-02;8.629766e-02;7.506764e-02;2.830136e-02;2.689659e-02
