1.076853e-01;5.977555e-02;1.529185e-01;4.988095e-02;9.915870e-02;6.348668e-02;9.958106e-02;5.211138e-02;4.981924e-02;4.489849e-02;4.524662e-02;1.754375e-01
1.079839e-01;9.851684e-02;1.286700e-01;5.824197e-02;5.651513e-02;2.833222e-02;1.204316e-01;4.803243e-02;8.324127e-02;8.615217e-02;6.781943e-02;1.160631e-01
1.032958e-01;1.132564e-01;1.011341e-01;4.953287e-02;6.562413e-02;3.535217e-02;1.269942e-01;5.466088e-02;8.837654e-02;8.368229e-02;8.160291e-02;9.648766e-02
1.124653e-01;9.643988e-02;1.104176e-01;7.643202e-02;7.956909e-02;4.293571e-02;1.355215e-01;7.343984e-02;6.260201e-02;7.878575e-02;5.835695e-02;7.303436e-02
8.123280e-02;1.128316e-01;8.703469e-02;6.635135e-02;6.379855e-02;6.499569e-02;1.214615e-01;6.598620e-02;1.074093e-01;8.553679e-02;6.028798e-02;8.307356e-02
6.176105e-02;1.276656e-01;1.026303e-01;5.236110e-02;5.376570e-02;6.735461e-02;9.380525e-02;7.635210e-02;1.169657e-01;9.052385e-02;6.203951e-02;9.477527e-02
7.402515e-02;1.141481e-01;1.119947e-01;6.109080e-02;5.562951e-02;7.847519e-02;9.016734e-02;9.158280e-02;9.628332e-02;8.231623e-02;4.879665e-02;9.549011e-02
7.535975e-02;1.187980e-01;1.544747e-01;6.408297e-02;6.224078e-02;9.216177e-02;9.759333e-02;7.353500e-02;9.036547e-02;5.176166e-02;4.822163e-02;7.140505e-02
8.962841e-02;1.171196e-01;1.135950e-01;6.900704e-02;8.004157e-02;7.690658e-02;8.447050e-02;1.007165e-01;8.826071e-02;7.032777e-02;6.546265e-02;4.446377e-02
6.428111e-02;1.153211e-01;1.230092e-01;1.182013e-01;7.692149e-02;7.534245e-02;6.591995e-02;7.592659e-02;1.036009e-01;6.706517e-02;7.038386e-02;4.402692e-02
8.981371e-02;1.377421e-01;1.289881e-01;1.276671e-01;6.825361e-02;5.930753e-02;7.423263e-02;5.581634e-02;9.597480e-02;3.330538e-02;5.963263e-02;6.926602e-02
1.324766e-01;1.508093e-01;9.875166e-02;9.956317e-02;6.273310e-02;3.999111e-02;8.293310e-02;5.651121e-02;5.537224e-02;5.835999e-02;5.932398e-02;1.031746e-01
1.260032e-01;1.759884e-01;1.007736e-01;6.688705e-02;4.899181e-02;4.490850e-02;8.800159e-02;4.947977e-02;6.923852e-02;7.591268e-02;6.178546e-02;9.202941e-02
1.166521e-01;1.694379e-01;8.565767e-02;4.691724e-02;3.894362e-02;5.857736e-02;7.795376e-02;9.844252e-02;7.327803e-02;7.898924e-02;5.942969e-02;9.572091e-02
1.215900e-01;1.282312e-01;9.297241e-02;7.149476e-02;7.203078e-02;4.624360e-02;6.224145e-02;9.303082e-02;5.586780e-02;8.743842e-02;5.469925e-02;1.141595e-01
1.396007e-01;6.948574e-02;1.050113e-01;6.523895e-02;8.303867e-02;6.709108e-02;6.099928e-02;7.038318e-02;4.848322e-02;9.605408e-02;5.376882e-02;1.408450e-01
1.168113e-01;4.061065e-02;9.907932e-02;5.229726e-02;6.906801e-02;1.052405e-01;6.836403e-02;6.520601e-02;7.308097e-02;9.400903e-02;5.996867e-02;1.562642e-01
7.576224e-02;4.895532e-02;1.316046e-01;6.479748e-02;4.852493e-02;1.043503e-01;6.977346e-02;7.538495e-02;1.185597e-01;5.960016e-02;6.355641e-02;1.391305e-01
6.007587e-02;1.023513e-01;1.681400e-01;7.126726e-02;6.394859e-02;6.919484e-02;6.316058e-02;6.586305e-02;1.444254e-01;6.011233e-02;6.665180e-02;6.480902e-02
1.219934e-01;9.452356e-02;1.372267e-01;4.914299e-02;8.217913e-02;3.351640e-02;6.311831e-02;5.465893e-02;1.178701e-01;8.533859e-02;6.224553e-02;9.818644e-02
1.306099e-01;5.271404e-02;1.111022e-01;4.114150e-02;5.527864e-02;5.663057e-02;9.856582e-02;8.399801e-02;8.693304e-02;9.733073e-02;5.775022e-02;1.279454e-01
1.325717e-01;1.045557e-01;1.090782e-01;5.496101e-02;4.998225e-02;5.117460e-02;1.175621e-01;9.414433e-02;8.294853e-02;9.870007e-02;3.298567e-02;7.133584e-02
1.094856e-01;1.328941e-01;1.662718e-01;5.017437e-02;3.651364e-02;3.336158e-02;1.294670e-01;5.536917e-02;9.701710e-02;6.189533e-02;4.775899e-02;7.979131e-02
7.933709e-02;1.128125e-01;2.217575e-01;5.945532e-02;3.447905e-02;5.148117e-02;1.084609e-01;5.093194e-02;1.060208e-01;4.459457e-02;4.921817e-02;8.145100e-02
3.915512e-02;9.870028e-02;2.094745e-01;6.454483e-02;3.297965e-02;7.734794e-02;1.051661e-01;5.991804e-02;1.340201e-01;4.514588e-02;5.249498e-02;8.105266e-02
4.950379e-02;7.321341e-02;1.354257e-01;4.458299e-02;4.318546e-02;8.238912e-02;1.185223e-01;7.945969e-02;1.535028e-01;7.574421e-02;9.061969e-02;5.385097e-02
7.876384e-02;5.122833e-02;8.695387e-02;2.994300e-02;7.726548e-02;6.064494e-02;9.480485e-02;1.195955e-01;1.382825e-01;7.367781e-02;1.628288e-01;2.601105e-02
1.107900e-01;4.511505e-02;9.083309e-02;2.612671e-02;1.078974e-01;2.928692e-02;5.028696e-02;1.825355e-01;7.761171e-02;3.787936e-02;1.816640e-01;5.997337e-02
1.054533e-01;3.959473e-02;8.136653e-02;2.301860e-02;1.201212e-01;3.551342e-02;7.506990e-02;2.010862e-01;5.194215e-02;4.846074e-02;1.588941e-01;5.947897e-02
7.154286e-02;4.472753e-02;6.208599e-02;4.274132e-02;9.429748e-02;5.903088e-02;1.108849e-01;1.525718e-01;1.011728e-01;7.279648e-02;1.273074e-01;6.084074e-02
4.685878e-02;5.917535e-02;6.444535e-02;5.827191e-02;5.477221e-02;1.170493e-01;9.250879e-02;9.894334e-02;1.804547e-01;8.174521e-02;7.446148e-02;7.131369e-02
2.989174e-02;5.627872e-02;1.318710e-01;5.230238e-02;5.741300e-02;1.432756e-01;6.685749e-02;7.425384e-02;1.800444e-01;8.644997e-02;5.480042e-02;6.656154e-02
2.954799e-02;5.593744e-02;2.247198e-01;4.313913e-02;7.983680e-02;1.056322e-01;1.081156e-01;7.155344e-02;8.623474e-02;1.192531e-01;5.254289e-02;2.348696e-02
3.708659e-02;4.226882e-02;3.003277e-01;3.723816e-02;7.804134e-02;5.862612e-02;1.655491e-01;3.607716e-02;4.050126e-02;1.412442e-01;4.096083e-02;2.207872e-02
4.230415e-02;3.379767e-02;3.740520e-01;3.597726e-02;6.708942e-02;3.922633e-02;1.775524e-01;2.235650e-02;3.631239e-02;1.306097e-01;2.462556e-02;1.609670e-02
2.483579e-02;6.084026e-02;4.063187e-01;3.914098e-02;6.533239e-02;3.578363e-02;1.389552e-01;2.839301e-02;4.403674e-02;1.138483e-01;2.996999e-02;1.254504e-02
3.007339e-02;1.083840e-01;3.676703e-01;3.784407e-02;5.518591e-02;6.602522e-02;8.157898e-02;3.932050e-02;6.404732e-02;8.590205e-02;3.437595e-02;2.959233e-02
9.012975e-02;1.552266e-01;2.343703e-01;4.226094e-02;5.936542e-02;9.690136e-02;5.640687e-02;4.331494e-02;8.582199e-02;5.141142e-02;4.416640e-02;4.062407e-02
1.694815e-01;1.691212e-01;1.064297e-01;5.179319e-02;1.052133e-01;8.698480e-02;5.318199e-02;4.169598e-02;7.201336e-02;4.472993e-02;5.792025e-02;4.143479e-02
2.032975e-01;1.194082e-01;7.690009e-02;7.703287e-02;1.305793e-01;5.670675e-02;9.543552e-02;6.122411e-02;4.998645e-02;4.501646e-02;4.600449e-02;3.840834e-02
1.412962e-01;7.330104e-02;1.124032e-01;1.382748e-01;9.076931e-02;5.980542e-02;1.447856e-01;6.074382e-02;4.532916e-02;5.716501e-02;2.472573e-02;5.140068e-02
7.511073e-02;4.758679e-02;1.629406e-01;1.718843e-01;8.015728e-02;5.913167e-02;1.744955e-01;4.349902e-02;4.245151e-02;5.005089e-02;3.033988e-02;6.235179e-02
5.498207e-02;4.103703e-02;2.263136e-01;1.332245e-01;9.362057e-02;6.022266e-02;1.699731e-01;3.904472e-02;6.542284e-02;2.894468e-02;4.128351e-02;4.593082e-02
6.087944e-02;3.379054e-02;3.054204e-01;7.614252e-02;8.950604e-02;8.355309e-02;1.423636e-01;3.033006e-02;6.853155e-02;2.783930e-02;5.083919e-02;3.080426e-02
5.562240e-02;6.811186e-02;3.031239e-01;8.272631e-02;7.748107e-02;1.132035e-01;1.124194e-01;3.888346e-02;4.747808e-02;3.998563e-02;4.438952e-02;1.657484e-02
3.667964e-02;1.002962e-01;2.165143e-01;1.108297e-01;1.014156e-01;1.139718e-01;7.598531e-02;6.650532e-02;5.105374e-02;5.207675e-02;4.064593e-02;3.402569e-02
4.807578e-02;9.906034e-02;1.288997e-01;1.027464e-01;1.545051e-01;8.131539e-02;7.468310e-02;8.940858e-02;4.471328e-02;7.426210e-02;4.384023e-02;5.848995e-02
6.410143e-02;6.996622e-02;7.877052e-02;6.016644e-02;1.727937e-01;1.041635e-01;5.253423e-02;1.276129e-01;6.720784e-02;9.838116e-02;4.295761e-02;6.134455e-02
6.051711e-02;4.023683e-02;6.413573e-02;5.185189e-02;1.056997e-01;1.225560e-01;1.204121e-01;1.308911e-01;1.206014e-01;9.986531e-02;5.204098e-02;3.119168e-02
7.725114e-02;2.780063e-02;6.486497e-02;7.448989e-02;6.030026e-02;8.493026e-02;1.403460e-01;1.078011e-01;1.451162e-01;9.173074e-02;1.055420e-01;1.982688e-02
9.739573e-02;1.362120e-02;5.356741e-02;9.096765e-02;4.763069e-02;4.718535e-02;1.519056e-01;8.596512e-02;1.767027e-01;5.529429e-02;1.459702e-01;3.379409e-02
1.018644e-01;4.291038e-02;5.115345e-02;8.094926e-02;5.063395e-02;5.781784e-02;1.749265e-01;6.385215e-02;1.353651e-01;6.164127e-02;1.188861e-01;5.999954e-02
9.518552e-02;6.408738e-02;4.621689e-02;4.775611e-02;6.314985e-02;8.793070e-02;1.324080e-01;6.367982e-02;8.482304e-02;1.230219e-01;7.515378e-02;1.165870e-01
7.263014e-02;7.154323e-02;4.205119e-02;3.052126e-02;6.762658e-02;7.197516e-02;6.123306e-02;7.740734e-02;1.202085e-01;1.761121e-01;4.897481e-02;1.597167e-01
3.856131e-02;8.019799e-02;3.949225e-02;2.668888e-02;6.775289e-02;4.932982e-02;4.027689e-02;1.321862e-01;1.363992e-01;1.969279e-01;3.342190e-02;1.587648e-01
4.316930e-02;6.636039e-02;5.366454e-02;4.152338e-02;5.487289e-02;5.542160e-02;8.112979e-02;1.517311e-01;1.050298e-01;1.651653e-01;7.967108e-02;1.022608e-01
5.290327e-02;5.294225e-02;8.512307e-02;3.647143e-02;3.877079e-02;7.286462e-02;7.356076e-02;9.250928e-02;1.682604e-01;1.382242e-01;1.305633e-01;5.780658e-02
3.728056e-02;4.003026e-02;9.246544e-02;2.829812e-02;4.349592e-02;5.834230e-02;8.307689e-02;9.707503e-02;2.563310e-01;8.894419e-02;1.225298e-01;5.213049e-02
4.807600e-02;3.374436e-02;8.135559e-02;3.021599e-02;4.864373e-02;5.039463e-02;1.359659e-01;1.035600e-01;2.631530e-01;5.682553e-02;8.192255e-02;6.614270e-02
5.311017e-02;3.935481e-02;7.488476e-02;5.265104e-02;3.850596e-02;6.725368e-02;1.809160e-01;9.852844e-02;1.701796e-01;9.541292e-02;5.758247e-02;7.162016e-02
6.116608e-02;5.561003e-02;1.280869e-01;6.580637e-02;3.100587e-02;7.471927e-02;1.699818e-01;7.353011e-02;1.026579e-01;1.208768e-01;5.935551e-02;5.720327e-02
6.945915e-02;8.052117e-02;1.629542e-01;6.501954e-02;3.433909e-02;6.487256e-02;1.388955e-01;6.374127e-02;1.064824e-01;1.168688e-01;5.950434e-02;3.734203e-02
5.224642e-02;8.957592e-02;1.740612e-01;5.771501e-02;5.367631e-02;4.950255e-02;1.214630e-01;7.081351e-02;1.094383e-01;1.064420e-01;6.218739e-02;5.287835e-02
5.400867e-02;8.840489e-02;1.734526e-01;4.735796e-02;5.424454e-02;3.591185e-02;9.371386e-02;9.243386e-02;1.000954e-01;1.010699e-01;8.803209e-02;7.127441e-02
9.047034e-02;8.005479e-02;5.853586e-02;3.280924e-02;3.812908e-02;5.761714e-02;1.948050e-01;1.172522e-01;1.024114e-01;1.025158e-01;5.705998e-02;6.833905e-02
7.392233e-02;6.505346e-02;6.184912e-02;4.305328e-02;3.109749e-02;6.284158e-02;2.499744e-01;6.072412e-02;1.107028e-01;7.808419e-02;1.158154e-01;4.688186e-02
8.503742e-02;6.335533e-02;8.351313e-02;5.341117e-02;4.645905e-02;4.250714e-02;2.391781e-01;4.875528e-02;1.077404e-01;5.368346e-02;1.236131e-01;5.274647e-02
1.147966e-01;9.381991e-02;1.032870e-01;4.902583e-02;4.756531e-02;5.123715e-02;1.561915e-01;5.856514e-02;9.704872e-02;6.627218e-02;9.361294e-02;6.857765e-02
1.916274e-01;1.277059e-01;1.359404e-01;2.691633e-02;3.922825e-02;2.499288e-02;1.099096e-01;4.512176e-02;7.240401e-02;9.098183e-02;8.766188e-02;4.750971e-02
2.529583e-01;1.339381e-01;9.910996e-02;2.492748e-02;2.741552e-02;1.789821e-02;1.138646e-01;4.235139e-02;8.309701e-02;8.521182e-02;7.354043e-02;4.568714e-02
3.132776e-01;1.170598e-01;3.952665e-02;2.395768e-02;2.099412e-02;2.229094e-02;1.293074e-01;4.054273e-02;1.111928e-01;5.178446e-02;3.609523e-02;9.397068e-02
2.885917e-01;7.045723e-02;3.826188e-02;2.593988e-02;2.409047e-02;3.045803e-02;1.565649e-01;3.996345e-02;1.078203e-01;4.320729e-02;4.087108e-02;1.337737e-01
2.325669e-01;4.482385e-02;4.194451e-02;2.848204e-02;3.535822e-02;3.887573e-02;1.876936e-01;4.008246e-02;8.799648e-02;5.925632e-02;8.589220e-02;1.170277e-01
1.825608e-01;5.334368e-02;7.052164e-02;3.129356e-02;5.013660e-02;4.823998e-02;1.671570e-01;3.489587e-02;7.249539e-02;6.297750e-02;1.103795e-01;1.159985e-01
1.353128e-01;9.547897e-02;1.456447e-01;2.877562e-02;5.519178e-02;5.569216e-02;1.277694e-01;2.837979e-02;6.338369e-02;5.764708e-02;9.236384e-02;1.143602e-01
1.617742e-01;1.152707e-01;1.255085e-01;2.750792e-02;4.372490e-02;5.299826e-02;1.799804e-01;2.492134e-02;4.895166e-02;6.351769e-02;8.212214e-02;7.372236e-02
8.422120e-02;1.026949e-01;1.395909e-01;2.979140e-02;4.103139e-02;5.161070e-02;1.944665e-01;3.714468e-02;7.241522e-02;7.945010e-02;9.687043e-02;7.071260e-02
4.624917e-02;8.340640e-02;1.924676e-01;3.998107e-02;5.504558e-02;5.722202e-02;9.530183e-02;3.584620e-02;9.953104e-02;8.941463e-02;1.162893e-01;8.924516e-02
1.293348e-01;6.866615e-02;1.438716e-01;1.879431e-02;2.917521e-02;4.351139e-02;2.023496e-01;4.422339e-02;8.382490e-02;7.234254e-02;9.387204e-02;7.003400e-02
1.324278e-01;6.581396e-02;9.976266e-02;2.542197e-02;2.780011e-02;4.067132e-02;3.232301e-01;4.109623e-02;5.846483e-02;6.476504e-02;6.109824e-02;5.944769e-02
9.206411e-02;5.387507e-02;1.466207e-01;4.524602e-02;3.606785e-02;2.266075e-02;3.476761e-01;4.895342e-02;4.995463e-02;7.070096e-02;3.666427e-02;4.951616e-02
1.329761e-01;8.721452e-02;1.755389e-01;3.796322e-02;4.090138e-02;2.104164e-02;2.396852e-01;6.131435e-02;6.372833e-02;6.025342e-02;3.053752e-02;4.884541e-02
1.774260e-01;1.213706e-01;1.546550e-01;2.371331e-02;4.735881e-02;3.108839e-02;1.754379e-01;8.196946e-02;6.147118e-02;4.033479e-02;3.538243e-02;4.979194e-02
1.989666e-01;1.232493e-01;1.435286e-01;2.022234e-02;5.003722e-02;3.555496e-02;1.716678e-01;8.974282e-02;4.571809e-02;3.172059e-02;3.842949e-02;5.116227e-02
1.883793e-01;9.639429e-02;1.515758e-01;2.988809e-02;5.296291e-02;4.130055e-02;2.094243e-01;6.925115e-02;3.609119e-02;4.129530e-02;3.249091e-02;5.094626e-02
1.756126e-01;5.684233e-02;1.827608e-01;3.605111e-02;4.231151e-02;4.129561e-02;2.412555e-01;5.088274e-02;3.078523e-02;5.618009e-02;4.032274e-02;4.569973e-02
1.782164e-01;5.269065e-02;2.411858e-01;4.170495e-02;4.225073e-02;3.521011e-02;2.083921e-01;6.234483e-02;1.374485e-02;4.189911e-02;4.371664e-02;3.864390e-02
1.927832e-01;5.886300e-02;2.353900e-01;4.310267e-02;4.682036e-02;1.974454e-02;1.738809e-01;8.185493e-02;3.079704e-02;3.359323e-02;4.315094e-02;4.001924e-02
1.838147e-01;4.509082e-02;2.324456e-01;5.100391e-02;5.387783e-02;2.731766e-02;1.449848e-01;9.665906e-02;3.276012e-02;2.615848e-02;5.998109e-02;4.590588e-02
1.859203e-01;7.670774e-02;2.792557e-01;4.248004e-02;8.016786e-02;3.208433e-02;7.985263e-02;8.228931e-02;2.859876e-02;1.990966e-02;5.101276e-02;4.172087e-02
2.131240e-01;8.897262e-02;2.911684e-01;3.730096e-02;8.154515e-02;2.355787e-02;8.506267e-02;7.226626e-02;1.854093e-02;1.663825e-02;3.631298e-02;3.550993e-02
2.459301e-01;7.558883e-02;2.330617e-01;4.097412e-02;6.963126e-02;2.939407e-02;1.118594e-01;7.282782e-02;1.928106e-02;1.794767e-02;3.656962e-02;4.693433e-02
2.241500e-01;4.520523e-02;1.784882e-01;5.454483e-02;6.886400e-02;4.932353e-02;1.587003e-01;6.114874e-02;2.170504e-02;2.736574e-02;5.233998e-02;5.816442e-02
1.680557e-01;3.379147e-02;8.823603e-02;6.893358e-02;8.256789e-02;5.891848e-02;2.492969e-01;3.879863e-02;1.945641e-02;3.752426e-02;7.288381e-02;8.153684e-02
9.273795e-02;3.175113e-02;9.154331e-02;6.728927e-02;6.469338e-02;5.274158e-02;3.338159e-01;2.316720e-02;1.329465e-02;4.436493e-02;8.551382e-02;9.908683e-02
6.708327e-02;3.112847e-02;1.194234e-01;4.833082e-02;5.105364e-02;5.220362e-02;3.384770e-01;2.600166e-02;1.520635e-02;5.285556e-02;1.026240e-01;9.561222e-02
5.770192e-02;2.097364e-02;1.086652e-01;3.547065e-02;7.637536e-02;8.856907e-02;2.950274e-01;2.494792e-02;2.614074e-02;6.804600e-02;1.242891e-01;7.379292e-02
3.869242e-02;1.454845e-02;1.482933e-01;2.890331e-02;6.788541e-02;1.274477e-01;2.587847e-01;2.565546e-02;2.839435e-02;7.017287e-02;1.343475e-01;5.687452e-02
2.903453e-02;3.313649e-02;1.209250e-01;2.190631e-02;7.424949e-02;1.585144e-01;2.363137e-01;2.591566e-02;2.744752e-02;8.798002e-02;1.361590e-01;4.841782e-02
2.640967e-02;4.661457e-02;1.193064e-01;2.846187e-02;1.021970e-01;1.533945e-01;2.112487e-01;3.277722e-02;2.527710e-02;9.631237e-02;1.232037e-01;3.479693e-02
3.191105e-02;5.546822e-02;1.285660e-01;3.357189e-02;1.371808e-01;1.382076e-01;1.490651e-01;3.245924e-02;4.077961e-02;1.050114e-01;1.175045e-01;3.027438e-02
7.354306e-02;6.887238e-02;9.296168e-02;5.282961e-02;1.636425e-01;1.277095e-01;9.329695e-02;2.710106e-02;4.401897e-02;1.132057e-01;1.077888e-01;3.502978e-02
8.124423e-02;7.066256e-02;1.429613e-01;7.667562e-02;1.375220e-01;1.152087e-01;8.322730e-02;3.647653e-02;4.795513e-02;1.047059e-01;7.360762e-02;2.975310e-02
9.675978e-02;6.565347e-02;1.744516e-01;8.954883e-02;1.260441e-01;9.783235e-02;5.512337e-02;3.430960e-02;4.790185e-02;1.047831e-01;7.036360e-02;3.722830e-02
8.140863e-02;4.303125e-02;2.481715e-01;9.144169e-02;1.159029e-01;7.453971e-02;7.129122e-02;3.327613e-02;4.383922e-02;9.303996e-02;6.404468e-02;4.001307e-02
7.458406e-02;3.608719e-02;3.618083e-01;8.804671e-02;1.120283e-01;4.982803e-02;6.397878e-02;2.478845e-02;4.048282e-02;7.048389e-02;4.617639e-02;3.170698e-02
9.601445e-02;4.844150e-02;3.632203e-01;7.621250e-02;1.107878e-01;3.251306e-02;5.969839e-02;2.752941e-02;3.805239e-02;6.750354e-02;5.713403e-02;2.289263e-02
9.580552e-02;3.529303e-02;3.241591e-01;6.509066e-02;9.708723e-02;4.084989e-02;1.224056e-01;2.970608e-02;3.716585e-02;6.967787e-02;5.293760e-02;2.982160e-02
8.466493e-02;4.182973e-02;2.825213e-01;6.357205e-02;1.043666e-01;7.523414e-02;1.013522e-01;4.691970e-02;5.732603e-02;6.514261e-02;4.228311e-02;3.478768e-02
4.806871e-02;4.258928e-02;2.581581e-01;7.926869e-02;1.064681e-01;1.009433e-01;1.111213e-01;5.048591e-02;5.521676e-02;5.404090e-02;4.286461e-02;5.077438e-02
3.145111e-02;4.009175e-02;2.377122e-01;9.320932e-02;9.113711e-02;8.904176e-02;1.382232e-01;5.310452e-02;4.499471e-02;7.194614e-02;5.640345e-02;5.268468e-02
3.300071e-02;4.879980e-02;1.483901e-01;8.573319e-02;8.273988e-02;9.194060e-02;1.312837e-01;5.035696e-02;9.302461e-02;9.614099e-02;8.494063e-02;5.364881e-02
3.675273e-02;4.213252e-02;1.071041e-01;7.776082e-02;7.220371e-02;7.507401e-02;1.294833e-01;6.790623e-02;1.268860e-01;1.149450e-01;1.002128e-01;4.953880e-02
6.311250e-02;2.817039e-02;1.168736e-01;7.580084e-02;4.905024e-02;6.862061e-02;1.087326e-01;8.299626e-02;1.428206e-01;1.016615e-01;1.115083e-01;5.065255e-02
8.400469e-02;2.386301e-02;9.390444e-02;8.604512e-02;5.700821e-02;5.782182e-02;1.069761e-01;7.593338e-02;1.334120e-01;1.531076e-01;6.884196e-02;5.908165e-02
7.546583e-02;3.256671e-02;6.967566e-02;8.629169e-02;5.416408e-02;3.113392e-02;9.053309e-02;5.272648e-02;1.826915e-01;1.710537e-01;1.044154e-01;4.928191e-02
6.855689e-02;3.825358e-02;8.107008e-02;7.788816e-02;5.468432e-02;3.974959e-02;7.535034e-02;3.741051e-02;2.146352e-01;1.176526e-01;1.405815e-01;5.416723e-02
6.127558e-02;4.601887e-02;8.598550e-02;5.421077e-02;6.404190e-02;4.978634e-02;1.081404e-01;5.390235e-02;1.801479e-01;1.112876e-01;1.297877e-01;5.541507e-02
6.096011e-02;4.699105e-02;1.040337e-01;6.246404e-02;5.593864e-02;6.409835e-02;7.989094e-02;1.005364e-01;8.001211e-02;1.912030e-01;8.285468e-02;7.101697e-02
5.310228e-02;4.627363e-02;7.114711e-02;4.969077e-02;8.135015e-02;4.958439e-02;9.200667e-02;8.566248e-02;1.136690e-01;1.563135e-01;1.318281e-01;6.937201e-02
5.362733e-02;3.289324e-02;8.639155e-02;3.989515e-02;9.945588e-02;4.870936e-02;1.044534e-01;8.141232e-02;1.438024e-01;9.788311e-02;1.269045e-01;8.457176e-02
2.440008e-02;2.000563e-02;1.390994e-01;1.850989e-02;5.723936e-02;5.588949e-02;7.968238e-02;7.614073e-02;1.327491e-01;1.495174e-01;1.010915e-01;1.456751e-01
3.325538e-02;4.022704e-02;1.446514e-01;2.431314e-02;4.087199e-02;7.095400e-02;7.079649e-02;7.427558e-02;1.083716e-01;1.569820e-01;8.474799e-02;1.505535e-01
6.530213e-02;5.316191e-02;1.012950e-01;5.741442e-02;4.910213e-02;7.024562e-02;6.458036e-02;6.848370e-02;1.071633e-01;1.455976e-01;1.121782e-01;1.054757e-01
9.220809e-02;3.806873e-02;7.716610e-02;8.283220e-02;5.809112e-02;5.211473e-02;7.738103e-02;5.741698e-02;1.518999e-01;1.163087e-01;1.416590e-01;5.485335e-02
8.047242e-02;4.222382e-02;9.030808e-02;8.067247e-02;6.530128e-02;6.132699e-02;9.141614e-02;6.781042e-02;1.179886e-01;1.018706e-01;1.132623e-01;8.734682e-02
6.734423e-02;5.363369e-02;7.899577e-02;6.245548e-02;8.858304e-02;5.896610e-02;8.147202e-02;6.087143e-02;9.217920e-02;1.260036e-01;1.075545e-01;1.219409e-01
5.691622e-02;6.310204e-02;4.832428e-02;4.643351e-02;9.369025e-02;3.395376e-02;5.346698e-02;9.178002e-02;1.116383e-01;1.622215e-01;1.192837e-01;1.191895e-01
5.974398e-02;6.044653e-02;3.924650e-02;5.677317e-02;7.879963e-02;3.691844e-02;5.034396e-02;1.157522e-01;1.319276e-01;1.607532e-01;1.199913e-01;8.930350e-02
7.024690e-02;5.114129e-02;5.588188e-02;5.424559e-02;5.833350e-02;6.465129e-02;8.101372e-02;1.044675e-01;9.755787e-02;1.334589e-01;1.693410e-01;5.966051e-02
6.298839e-02;4.498736e-02;8.057958e-02;4.222212e-02;6.292523e-02;7.663371e-02;7.694548e-02;5.861185e-02;1.084000e-01;1.418454e-01;1.776436e-01;6.621734e-02
4.493058e-02;3.793426e-02;9.888715e-02;4.487030e-02;8.283462e-02;8.735731e-02;6.337530e-02;4.344712e-02;1.084197e-01;1.438303e-01;1.712410e-01;7.287247e-02
4.208995e-02;5.462642e-02;1.074346e-01;4.362778e-02;7.641871e-02;7.159831e-02;5.048908e-02;6.229390e-02;1.036444e-01;1.292453e-01;1.798762e-01;7.865530e-02
5.528165e-02;5.492191e-02;9.882131e-02;4.168051e-02;4.392520e-02;3.907355e-02;7.554470e-02;1.041622e-01;1.242702e-01;1.071613e-01;2.001407e-01;5.501670e-02
5.530814e-02;6.778076e-02;7.854927e-02;4.365649e-02;7.874867e-02;5.043992e-02;9.093799e-02;9.277483e-02;8.941948e-02;8.515061e-02;1.734969e-01;9.373693e-02
5.640398e-02;5.231034e-02;1.167357e-01;6.851800e-02;6.990814e-02;3.409866e-02;1.108164e-01;6.965773e-02;7.533468e-02;1.257132e-01;1.127270e-01;1.077762e-01
5.066836e-02;4.242523e-02;1.481234e-01;7.427181e-02;8.968265e-02;4.210186e-02;1.175267e-01;3.857552e-02;9.113122e-02;1.138390e-01;9.583197e-02;9.582222e-02
8.996718e-02;8.448955e-02;1.455343e-01;5.957696e-02;7.766553e-02;4.913388e-02;1.051474e-01;3.345652e-02;7.029775e-02;6.094799e-02;1.421602e-01;8.162272e-02
1.653373e-01;9.280193e-02;7.805594e-02;7.648259e-02;4.610969e-02;4.897679e-02;8.537596e-02;3.725938e-02;7.101950e-02;4.518621e-02;1.728412e-01;8.055349e-02
1.295488e-01;1.023344e-01;1.278735e-01;7.869960e-02;4.382055e-02;4.194059e-02;6.496532e-02;6.045477e-02;8.092503e-02;5.867911e-02;1.396883e-01;7.106993e-02
7.005967e-02;9.016193e-02;1.463784e-01;6.060885e-02;6.926705e-02;4.035317e-02;6.700966e-02;5.797863e-02;7.138626e-02;9.537999e-02;1.423826e-01;8.903378e-02
1.089424e-01;5.021980e-02;8.929744e-02;7.588191e-02;7.837500e-02;3.512451e-02;6.338281e-02;5.626822e-02;1.099038e-01;1.129675e-01;1.382205e-01;8.141605e-02
1.151107e-01;6.054292e-02;8.989123e-02;7.316789e-02;7.786662e-02;4.486234e-02;5.847266e-02;5.799834e-02;1.258277e-01;1.084348e-01;1.195343e-01;6.829049e-02
1.116993e-01;8.295902e-02;5.277012e-02;8.544320e-02;5.626818e-02;4.503433e-02;5.532582e-02;5.345238e-02;1.273140e-01;1.118917e-01;1.574678e-01;6.037421e-02
8.458138e-02;9.101227e-02;6.847306e-02;7.266558e-02;4.968550e-02;2.931429e-02;5.026218e-02;9.699970e-02;1.087095e-01;9.388429e-02;1.388442e-01;1.155680e-01
6.694595e-02;7.002395e-02;7.168809e-02;7.314552e-02;5.353656e-02;4.727894e-02;5.878392e-02;1.079089e-01;7.195209e-02;6.909312e-02;1.754112e-01;1.342317e-01
6.836556e-02;5.320350e-02;1.185218e-01;6.198818e-02;6.214845e-02;6.007982e-02;5.139289e-02;9.950367e-02;9.718650e-02;7.062306e-02;1.649974e-01;9.198928e-02
8.018553e-02;7.649104e-02;1.531724e-01;7.830722e-02;6.291552e-02;5.777847e-02;4.833293e-02;9.499147e-02;9.929124e-02;5.526406e-02;1.402380e-01;5.303211e-02
7.341680e-02;8.819272e-02;1.596608e-01;7.997901e-02;5.476530e-02;5.126201e-02;4.126032e-02;7.245098e-02;8.959655e-02;1.067048e-01;1.453258e-01;3.738487e-02
8.563492e-02;7.701471e-02;1.240445e-01;6.800941e-02;7.132389e-02;5.242450e-02;6.063902e-02;5.781906e-02;8.973958e-02;1.429192e-01;8.735728e-02;8.307385e-02
6.700245e-02;7.557316e-02;1.364469e-01;3.415356e-02;7.823188e-02;4.094622e-02;7.639504e-02;6.954894e-02;9.857620e-02;9.186201e-02;6.185230e-02;1.694113e-01
8.410668e-02;8.985711e-02;9.088762e-02;5.170676e-02;5.443576e-02;2.867926e-02;1.065624e-01;9.298471e-02;9.809671e-02;1.008738e-01;6.127990e-02;1.405293e-01
9.825814e-02;9.024195e-02;6.512955e-02;6.466169e-02;5.810815e-02;3.069628e-02;1.011675e-01;7.646888e-02;7.536192e-02;1.142209e-01;1.281190e-01;9.756596e-02
6.320430e-02;1.111327e-01;7.759015e-02;6.354606e-02;6.893990e-02;5.588432e-02;8.922129e-02;4.818621e-02;7.216020e-02;7.201028e-02;1.108789e-01;1.672457e-01
8.483347e-02;1.381814e-01;5.087876e-02;4.486374e-02;5.661213e-02;6.546333e-02;8.181091e-02;5.076044e-02;7.459794e-02;9.962605e-02;7.332785e-02;1.790440e-01
1.566371e-01;1.571913e-01;1.540755e-01;2.963879e-02;5.309772e-02;4.779178e-02;1.050554e-01;4.419614e-02;5.553614e-02;7.863404e-02;5.343832e-02;6.470771e-02
2.070323e-01;1.659608e-01;2.066124e-01;2.995423e-02;4.123912e-02;2.605275e-02;9.023272e-02;4.159122e-02;4.806578e-02;5.503773e-02;4.799775e-02;4.022323e-02
2.074650e-01;1.583222e-01;2.172070e-01;2.920938e-02;3.817330e-02;2.557350e-02;7.230996e-02;4.736479e-02;5.943405e-02;5.618225e-02;4.578883e-02;4.296979e-02
1.508490e-01;9.915762e-02;1.752479e-01;4.489887e-02;6.379337e-02;3.734827e-02;8.722350e-02;6.213969e-02;8.519926e-02;7.812864e-02;6.161283e-02;5.440115e-02
1.136982e-01;8.257413e-02;1.864325e-01;6.739356e-02;6.826825e-02;5.406629e-02;8.601052e-02;5.748247e-02;8.785841e-02;9.605303e-02;5.586003e-02;4.430263e-02
1.035052e-01;8.246888e-02;2.252372e-01;8.421542e-02;6.588460e-02;6.234330e-02;6.326804e-02;5.424047e-02;8.078372e-02;1.020679e-01;4.099884e-02;3.498640e-02
2.447040e-02;8.614160e-02;2.693260e-01;6.967457e-02;5.642504e-02;5.789820e-02;1.251636e-01;5.117553e-02;7.046165e-02;8.922930e-02;5.517657e-02;4.485754e-02
1.119907e-01;8.609282e-02;2.423142e-01;5.563666e-02;5.265296e-02;4.152611e-02;1.313369e-01;3.689595e-02;5.366771e-02;7.813691e-02;5.597525e-02;5.377387e-02
1.111022e-01;9.697420e-02;2.277592e-01;5.873527e-02;6.131751e-02;3.324496e-02;1.439503e-01;4.556721e-02;5.247207e-02;7.614297e-02;4.478322e-02;4.795092e-02
6.523497e-02;1.184534e-01;2.492028e-01;5.984896e-02;4.588431e-02;3.296321e-02;1.609893e-01;3.554326e-02;8.502847e-02;6.010151e-02;4.250712e-02;4.424284e-02
6.965338e-02;1.377411e-01;2.227002e-01;4.564891e-02;5.624804e-02;3.476429e-02;1.439235e-01;3.874785e-02;7.608704e-02;7.331108e-02;6.169165e-02;3.948295e-02
7.360585e-02;1.485501e-01;1.711628e-01;3.033126e-02;6.642504e-02;3.561389e-02;1.654689e-01;5.948095e-02;8.210295e-02;6.114906e-02;5.218075e-02;5.392837e-02
7.913673e-02;1.176784e-01;1.781086e-01;3.485632e-02;6.172346e-02;3.641555e-02;1.467400e-01;8.097321e-02;7.676487e-02;6.636638e-02;4.268112e-02;7.855526e-02
7.464258e-02;8.601858e-02;1.644384e-01;6.014720e-02;5.476975e-02;5.024953e-02;1.567918e-01;9.826057e-02;6.985272e-02;6.879054e-02;4.112849e-02;7.490981e-02
1.163761e-01;4.741146e-02;1.188260e-01;6.655131e-02;5.446057e-02;6.083468e-02;1.717246e-01;1.062143e-01;6.466290e-02;6.129000e-02;4.162726e-02;9.002086e-02
1.174075e-01;7.221345e-02;9.312448e-02;4.565400e-02;4.444215e-02;7.464135e-02;9.182083e-02;8.710276e-02;8.639764e-02;1.034668e-01;7.765153e-02;1.060774e-01
6.096932e-02;6.754448e-02;1.657390e-01;4.981468e-02;6.269123e-02;5.326770e-02;1.025664e-01;7.123648e-02;9.118930e-02;1.082621e-01;9.563034e-02;7.108895e-02
6.394123e-02;8.204903e-02;1.925906e-01;5.811123e-02;5.789324e-02;9.698791e-02;9.705234e-02;5.999475e-02;7.568084e-02;8.223078e-02;7.917871e-02;5.428933e-02
6.473431e-02;8.475486e-02;1.775765e-01;8.021246e-02;5.715057e-02;1.143709e-01;1.548201e-01;7.801252e-02;4.885779e-02;5.491505e-02;4.350831e-02;4.108668e-02
5.313914e-02;5.797952e-02;1.304833e-01;9.010711e-02;6.825887e-02;9.152953e-02;2.108156e-01;1.102342e-01;5.841723e-02;5.476832e-02;2.542247e-02;4.884470e-02
3.293910e-02;3.152271e-02;8.652801e-02;6.638646e-02;7.234176e-02;5.784599e-02;2.155328e-01;1.352022e-01;1.156165e-01;8.588681e-02;5.473083e-02;4.546676e-02
4.240678e-02;3.655770e-02;7.170163e-02;4.455293e-02;6.129405e-02;5.712663e-02;1.619422e-01;1.279961e-01;1.240883e-01;1.140571e-01;1.239122e-01;3.436445e-02
6.589243e-02;5.960697e-02;5.003807e-02;4.976794e-02;6.435609e-02;7.352381e-02;1.168915e-01;1.073134e-01;1.048574e-01;9.531352e-02;1.141956e-01;9.824317e-02
8.495288e-02;5.477788e-02;5.687114e-02;5.253638e-02;5.848718e-02;5.396831e-02;1.188949e-01;8.309964e-02;1.410881e-01;1.269760e-01;6.087322e-02;1.074744e-01
7.278016e-02;5.883357e-02;6.679961e-02;5.281478e-02;4.999150e-02;6.325759e-02;1.311742e-01;6.724793e-02;1.487521e-01;1.131482e-01;8.051363e-02;9.468664e-02
4.604631e-02;6.514610e-02;5.062126e-02;2.987336e-02;6.622777e-02;6.443099e-02;1.049800e-01;6.788106e-02;1.370543e-01;1.378398e-01;8.818202e-02;1.417171e-01
5.785014e-02;6.154905e-02;4.843451e-02;2.110091e-02;6.058268e-02;4.758316e-02;7.890367e-02;8.405367e-02;1.447019e-01;1.634396e-01;8.733263e-02;1.444681e-01
8.223955e-02;4.432439e-02;8.868131e-02;2.222592e-02;2.910959e-02;7.926008e-02;8.066219e-02;7.077337e-02;1.179404e-01;1.652554e-01;1.448717e-01;7.465623e-02
6.081969e-02;2.624422e-02;1.081307e-01;2.578806e-02;3.982692e-02;7.402617e-02;7.372119e-02;6.054026e-02;1.747729e-01;1.531446e-01;1.412465e-01;6.173887e-02
4.259182e-02;2.986056e-02;1.003797e-01;3.604290e-02;5.412518e-02;5.141341e-02;9.835929e-02;7.402622e-02;2.131836e-01;1.296553e-01;1.093666e-01;6.099547e-02
4.796397e-02;4.868172e-02;7.013119e-02;6.129106e-02;4.594070e-02;3.375924e-02;1.482525e-01;7.026716e-02;1.495916e-01;1.245709e-01;9.768435e-02;1.018655e-01
6.555393e-02;4.788465e-02;7.311478e-02;6.600441e-02;3.680119e-02;4.463563e-02;1.359634e-01;7.751177e-02;8.208180e-02;1.872588e-01;8.084459e-02;1.023450e-01
8.394589e-02;5.961637e-02;8.791273e-02;4.884814e-02;4.830632e-02;4.729028e-02;8.518285e-02;1.094739e-01;1.025291e-01;1.557067e-01;1.115318e-01;5.965591e-02
9.015431e-02;8.682182e-02;1.077940e-01;4.895817e-02;5.488782e-02;5.528489e-02;4.359123e-02;1.223263e-01;1.340807e-01;1.221815e-01;7.715446e-02;5.676478e-02
1.114498e-01;9.178510e-02;1.486914e-01;4.902447e-02;5.935120e-02;5.845241e-02;9.262878e-02;1.244553e-01;7.237323e-02;8.846532e-02;3.757843e-02;6.574470e-02
9.462500e-02;7.215700e-02;1.570645e-01;4.261356e-02;4.653652e-02;4.299799e-02;1.177825e-01;1.189203e-01;8.881854e-02;9.343015e-02;6.906032e-02;5.599364e-02
8.021682e-02;7.526616e-02;1.167435e-01;3.229973e-02;4.117997e-02;4.242448e-02;1.009336e-01;1.243157e-01;1.097850e-01;1.145036e-01;1.095080e-01;5.282364e-02
1.027621e-01;8.846323e-02;9.631885e-02;2.617117e-02;3.861428e-02;4.577065e-02;8.339626e-02;8.615960e-02;1.421946e-01;9.670935e-02;1.409487e-01;5.249121e-02
1.039367e-01;1.000816e-01;1.011167e-01;3.817587e-02;1.902141e-02;2.336376e-02;1.384420e-01;3.735042e-02;1.544429e-01;6.826653e-02;1.779927e-01;3.780930e-02
7.322215e-02;1.027564e-01;5.685823e-02;3.845968e-02;2.631911e-02;6.041526e-02;1.608731e-01;6.571515e-02;1.258860e-01;7.666668e-02;1.745202e-01;3.830807e-02
6.104730e-02;1.063573e-01;5.979463e-02;4.867929e-02;3.668612e-02;6.325809e-02;1.533489e-01;8.224361e-02;1.224841e-01;9.859187e-02;1.326514e-01;3.485739e-02
9.668624e-02;1.079029e-01;1.056673e-01;4.107786e-02;2.893535e-02;3.472405e-02;1.105634e-01;6.809048e-02;1.747560e-01;1.009608e-01;9.084099e-02;3.979453e-02
1.344182e-01;9.327282e-02;1.077523e-01;3.644804e-02;3.804715e-02;6.580681e-02;1.100189e-01;6.828748e-02;1.702327e-01;7.869568e-02;5.801605e-02;3.900386e-02
7.391943e-02;8.414154e-02;8.594490e-02;3.161107e-02;4.497962e-02;7.808890e-02;1.355470e-01;6.207652e-02;1.203375e-01;8.143406e-02;1.449617e-01;5.695774e-02
8.694502e-02;6.143207e-02;7.976437e-02;1.925501e-02;4.767767e-02;6.285834e-02;1.225031e-01;5.696839e-02;1.500826e-01;9.080888e-02;1.965627e-01;2.514188e-02
9.650585e-02;5.287338e-02;1.019845e-01;5.413172e-02;6.325655e-02;4.777968e-02;1.197909e-01;3.624205e-02;1.792311e-01;7.933992e-02;1.343378e-01;3.452650e-02
6.429993e-02;5.682181e-02;1.165546e-01;7.117402e-02;6.926106e-02;6.303830e-02;1.167117e-01;5.082036e-02;1.599815e-01;8.861386e-02;1.084446e-01;3.427831e-02
3.719166e-02;5.654886e-02;9.604897e-02;4.303370e-02;6.267311e-02;6.316303e-02;1.457624e-01;5.608693e-02;8.896862e-02;1.371665e-01;1.540853e-01;5.927086e-02
5.467799e-02;7.709109e-02;9.771878e-02;4.868005e-02;4.491752e-02;6.127751e-02;1.434966e-01;3.660676e-02;7.376429e-02;1.391905e-01;1.324451e-01;9.013391e-02
9.713370e-02;7.975437e-02;1.170766e-01;6.277449e-02;4.968064e-02;5.045376e-02;1.005812e-01;4.128593e-02;9.841445e-02;1.013458e-01;1.050888e-01;9.641019e-02
8.559964e-02;6.030058e-02;1.104376e-01;8.620530e-02;3.869950e-02;5.634796e-02;5.701064e-02;9.228882e-02;1.158861e-01;5.869061e-02;1.168928e-01;1.216405e-01
7.637510e-02;6.326640e-02;8.526781e-02;5.402533e-02;6.420167e-02;5.940320e-02;7.946964e-02;1.055408e-01;9.130704e-02;1.113518e-01;1.014529e-01;1.083383e-01
8.760174e-02;6.440683e-02;8.821481e-02;8.033619e-02;6.671912e-02;7.379401e-02;7.889012e-02;8.501532e-02;9.153114e-02;1.098478e-01;7.414944e-02;9.949350e-02
1.191291e-01;4.676699e-02;1.074319e-01;7.177768e-02;6.427344e-02;7.714788e-02;8.372749e-02;6.065380e-02;9.347475e-02;9.374399e-02;4.924324e-02;1.326298e-01
9.042442e-02;6.350695e-02;2.277272e-01;3.741405e-02;5.074162e-02;4.228341e-02;9.283065e-02;3.957312e-02;6.510322e-02;5.473201e-02;8.625309e-02;1.494102e-01
1.650975e-01;1.117588e-01;2.279055e-01;2.888108e-02;3.516664e-02;3.507614e-02;8.724967e-02;3.068481e-02;4.875942e-02;4.940724e-02;7.141095e-02;1.086023e-01
2.196815e-01;1.864534e-01;2.318792e-01;2.468800e-02;2.220249e-02;3.743082e-02;4.257288e-02;2.899133e-02;5.445784e-02;4.995881e-02;4.516552e-02;5.651826e-02
2.577851e-01;2.175324e-01;2.093060e-01;2.046925e-02;2.102715e-02;3.668280e-02;5.463401e-02;2.743320e-02;4.643325e-02;4.307943e-02;2.685187e-02;3.876545e-02
3.146191e-01;1.969096e-01;1.404591e-01;1.438908e-02;2.825992e-02;2.697467e-02;1.019686e-01;3.058882e-02;3.178377e-02;3.134232e-02;3.418032e-02;4.852464e-02
3.343089e-01;1.493357e-01;8.921508e-02;2.379318e-02;3.744792e-02;2.312801e-02;1.660320e-01;3.661555e-02;2.800765e-02;1.638864e-02;3.336844e-02;6.235897e-02
2.828664e-01;9.702847e-02;6.544016e-02;3.043182e-02;4.042877e-02;2.614848e-02;2.492172e-01;3.549703e-02;4.845655e-02;2.916932e-02;2.898740e-02;6.632844e-02
2.438545e-01;1.124162e-01;9.000823e-02;3.142275e-02;3.927899e-02;3.812503e-02;2.349531e-01;2.439359e-02;5.528542e-02;3.772977e-02;4.327746e-02;4.925486e-02
2.284633e-01;1.661337e-01;1.049478e-01;2.562373e-02;4.633510e-02;4.903696e-02;1.757417e-01;2.836273e-02;4.729238e-02;4.322137e-02;4.971493e-02;3.512641e-02
2.053075e-01;1.674698e-01;1.322174e-01;1.410524e-02;4.787759e-02;5.608325e-02;1.817342e-01;3.046701e-02;2.824458e-02;4.756493e-02;5.792385e-02;3.100462e-02
1.627087e-01;1.256412e-01;1.221198e-01;8.520623e-03;4.588163e-02;5.554146e-02;2.656614e-01;2.963707e-02;2.905089e-02;5.359724e-02;6.503363e-02;3.660649e-02
9.803327e-02;1.186881e-01;1.461592e-01;1.635204e-02;4.969889e-02;6.309851e-02;2.708706e-01;3.560415e-02;3.645208e-02;6.455964e-02;7.587007e-02;2.461339e-02
8.478831e-02;1.061868e-01;1.326742e-01;2.473579e-02;5.104674e-02;6.187266e-02;2.515745e-01;3.698792e-02;5.899536e-02;8.407941e-02;7.293376e-02;3.412452e-02
6.154487e-02;1.001878e-01;1.365118e-01;5.312860e-02;4.826282e-02;4.060221e-02;2.896390e-01;4.682501e-02;5.518168e-02;7.509368e-02;5.229422e-02;4.072825e-02
6.743026e-02;7.916437e-02;1.520174e-01;6.515536e-02;4.549021e-02;3.276008e-02;2.883256e-01;5.831270e-02;8.723769e-02;5.406940e-02;3.863810e-02;3.139888e-02
6.058848e-02;4.220715e-02;1.606687e-01;7.114709e-02;5.781636e-02;4.774430e-02;2.895170e-01;8.392044e-02;8.039989e-02;4.486944e-02;3.960714e-02;2.151413e-02
4.984529e-02;3.493593e-02;1.806268e-01;8.135074e-02;7.339336e-02;5.405803e-02;2.634759e-01;9.754480e-02;5.607133e-02;4.235652e-02;4.257590e-02;2.376549e-02
3.782839e-02;3.313327e-02;2.298832e-01;8.538368e-02;9.161387e-02;6.129187e-02;2.008370e-01;9.210200e-02;4.083101e-02;4.605106e-02;5.236081e-02;2.868383e-02
5.779619e-02;3.499759e-02;2.184995e-01;7.529531e-02;7.190824e-02;5.136819e-02;2.143062e-01;8.000112e-02;4.447541e-02;5.512500e-02;6.270912e-02;3.351808e-02
7.957371e-02;3.428257e-02;9.476229e-02;3.822190e-02;5.599008e-02;5.337640e-02;4.292713e-01;5.869056e-02;3.564599e-02;4.151243e-02;5.431466e-02;2.435812e-02
6.696277e-02;5.880993e-02;1.288404e-01;2.222517e-02;4.914349e-02;4.708357e-02;4.202500e-01;5.703279e-02;3.096550e-02;5.742786e-02;3.976504e-02;2.149356e-02
9.438352e-02;7.700105e-02;1.111043e-01;3.023069e-02;3.882397e-02;3.423503e-02;3.799583e-01;6.590977e-02;4.330926e-02;5.860978e-02;4.071364e-02;2.572074e-02
9.337625e-02;8.317568e-02;9.343399e-02;3.411232e-02;4.578748e-02;4.051435e-02;3.597912e-01;8.296381e-02;5.351721e-02;4.652644e-02;4.009284e-02;2.670840e-02
1.102901e-01;6.850426e-02;8.933704e-02;3.959697e-02;4.883945e-02;4.380587e-02;3.547073e-01;6.828091e-02;4.680596e-02;4.649800e-02;5.010551e-02;3.322864e-02
1.262596e-01;4.092424e-02;1.541332e-01;4.713823e-02;5.849680e-02;4.667797e-02;2.835266e-01;4.906562e-02;4.700843e-02;5.454646e-02;4.978610e-02;4.243689e-02
1.371909e-01;6.404590e-02;1.462828e-01;5.865597e-02;6.141059e-02;5.381065e-02;1.765946e-01;5.341446e-02;5.951182e-02;7.555301e-02;6.154908e-02;5.198025e-02
1.106586e-01;8.653033e-02;1.574560e-01;7.893839e-02;8.068454e-02;7.218736e-02;9.790900e-02;5.650194e-02;7.015913e-02;8.488898e-02;5.022077e-02;5.386503e-02
1.137979e-01;7.310246e-02;1.611105e-01;8.549844e-02;7.579318e-02;7.436725e-02;9.605809e-02;5.799513e-02;6.293336e-02;8.663987e-02;5.547942e-02;5.722443e-02
1.114123e-01;6.983777e-02;1.846296e-01;8.161599e-02;6.422134e-02;6.291718e-02;1.148309e-01;5.604757e-02;5.063732e-02;8.653428e-02;6.108325e-02;5.623242e-02
1.042988e-01;9.722030e-02;1.906003e-01;6.649079e-02;5.993863e-02;4.957781e-02;1.425842e-01;4.201294e-02;4.144463e-02;8.941752e-02;5.676822e-02;5.964591e-02
1.202205e-01;8.289505e-02;1.957816e-01;6.207338e-02;6.283544e-02;3.165093e-02;1.285496e-01;5.184912e-02;3.907550e-02;7.540331e-02;5.099644e-02;9.866901e-02
1.426200e-01;7.019929e-02;2.155425e-01;6.846859e-02;5.678321e-02;5.096406e-02;9.098379e-02;3.439402e-02;5.659290e-02;5.217232e-02;4.267185e-02;1.186075e-01
1.400793e-01;8.862086e-02;1.930306e-01;5.826304e-02;5.294133e-02;5.951533e-02;6.679928e-02;5.476769e-02;5.513855e-02;4.485340e-02;7.819127e-02;1.077994e-01
1.480758e-01;7.972444e-02;1.157493e-01;3.911420e-02;8.655695e-02;5.150112e-02;4.979465e-02;1.028723e-01;4.158828e-02;4.019824e-02;1.402934e-01;1.045314e-01
1.610410e-01;6.609564e-02;8.518186e-02;3.826129e-02;9.653969e-02;3.519362e-02;6.738921e-02;1.414771e-01;4.937873e-02;3.524058e-02;1.182811e-01;1.059202e-01
1.719393e-01;5.468630e-02;7.865797e-02;5.926799e-02;9.152652e-02;2.452943e-02;9.549627e-02;1.820239e-01;5.630240e-02;2.769831e-02;6.687089e-02;9.100078e-02
1.863729e-01;7.139355e-02;8.405652e-02;7.094955e-02;9.034028e-02;2.203544e-02;9.631044e-02;1.860997e-01;5.035594e-02;3.223976e-02;4.230588e-02;6.753997e-02
1.778519e-01;7.922184e-02;8.441552e-02;6.441762e-02;9.397528e-02;2.453853e-02;7.069445e-02;1.444108e-01;4.074702e-02;3.403236e-02;8.941464e-02;9.628007e-02
1.848439e-01;7.507472e-02;6.842712e-02;4.753336e-02;1.005845e-01;2.770467e-02;5.638279e-02;1.062776e-01;3.616470e-02;4.552719e-02;1.484952e-01;1.029842e-01
2.113515e-01;6.749664e-02;4.732667e-02;4.152148e-02;9.971105e-02;3.244830e-02;6.556661e-02;7.256696e-02;3.576320e-02;6.141682e-02;1.681484e-01;9.668233e-02
2.334636e-01;6.805985e-02;5.307117e-02;4.816217e-02;9.391476e-02;2.881889e-02;7.933950e-02;6.427101e-02;4.494563e-02;4.629727e-02;1.436723e-01;9.598377e-02
2.448773e-01;5.906848e-02;4.784728e-02;6.020825e-02;7.916410e-02;2.854201e-02;1.211857e-01;5.926749e-02;6.451914e-02;5.215295e-02;1.020964e-01;8.107098e-02
1.847905e-01;4.074551e-02;3.721933e-02;7.537530e-02;7.086147e-02;4.038615e-02;1.913624e-01;4.376974e-02;6.380709e-02;1.061452e-01;7.270777e-02;7.282952e-02
6.438296e-02;3.812559e-02;6.529031e-02;8.714430e-02;5.663189e-02;4.224056e-02;2.413517e-01;4.464423e-02;3.804938e-02;1.531156e-01;9.554577e-02;7.347772e-02
8.734496e-02;3.058179e-02;5.313046e-02;6.978660e-02;3.537443e-02;4.769741e-02;2.582513e-01;4.830924e-02;5.081547e-02;1.470329e-01;9.427989e-02;7.739550e-02
1.184607e-01;3.650938e-02;6.976119e-02;5.150691e-02;3.036524e-02;4.471471e-02;2.585324e-01;4.515790e-02;5.291966e-02;1.150719e-01;9.845722e-02;7.854272e-02
1.142794e-01;4.254495e-02;9.928966e-02;4.699619e-02;3.650060e-02;4.977050e-02;2.388703e-01;3.955218e-02;4.638472e-02;9.322937e-02;9.519838e-02;9.738374e-02
