7.850999e-02;7.649759e-02;8.400960e-02;4.650600e-02;7.500142e-02;6.885821e-02;1.471576e-01;7.318940e-02;1.426343e-01;7.948276e-02;5.574762e-02;7.240540e-02
8.229987e-02;7.854307e-02;1.028384e-01;3.696476e-02;9.605095e-02;7.259557e-02;1.341789e-01;7.421486e-02;8.225579e-02;1.195780e-01;5.290279e-02;6.757715e-02
7.032556e-02;4.612919e-02;1.085379e-01;7.759854e-02;7.862687e-02;9.984086e-02;1.060091e-01;7.769239e-02;8.740148e-02;1.282619e-01;6.015704e-02;5.941922e-02
8.918888e-02;5.486582e-02;1.274027e-01;1.047456e-01;6.292723e-02;9.278699e-02;8.483437e-02;1.197019e-01;6.646189e-02;7.167143e-02;8.312001e-02;4.229316e-02
1.018457e-01;9.130359e-02;1.255266e-01;8.930017e-02;7.554484e-02;7.838605e-02;9.859522e-02;9.492052e-02;7.364138e-02;5.524748e-02;4.112394e-02;7.456446e-02
8.417038e-02;1.018429e-01;1.171358e-01;5.722128e-02;4.848427e-02;5.378203e-02;1.079319e-01;4.566375e-02;8.763152e-02;1.030959e-01;7.969856e-02;1.133418e-01
4.053608e-02;9.315395e-02;9.174561e-02;3.529737e-02;4.573454e-02;5.873020e-02;8.986080e-02;5.295853e-02;7.231057e-02;1.943973e-01;8.384372e-02;1.414313e-01
6.690770e-02;9.165239e-02;9.424254e-02;5.419333e-02;7.171236e-02;8.688705e-02;6.217273e-02;4.590098e-02;5.217031e-02;2.008669e-01;5.375201e-02;1.195417e-01
6.480605e-02;9.261227e-02;1.102929e-01;8.764152e-02;8.489679e-02;9.066206e-02;5.385989e-02;3.685575e-02;6.822331e-02;1.422132e-01;8.484227e-02;8.309405e-02
7.221051e-02;1.038706e-01;1.374480e-01;1.134816e-01;8.126543e-02;7.114780e-02;6.408178e-02;4.060205e-02;6.220960e-02;7.848521e-02;1.051855e-01;7.001194e-02
9.756108e-02;7.909005e-02;1.163116e-01;8.901275e-02;7.521612e-02;5.692822e-02;6.355261e-02;6.977453e-02;8.569711e-02;6.723773e-02;1.240894e-01;7.552881e-02
9.456136e-02;5.135434e-02;1.048716e-01;5.159026e-02;6.667529e-02;4.305169e-02;9.381417e-02;9.562883e-02;9.673131e-02;7.928117e-02;1.196095e-01;1.028304e-01
1.224962e-01;5.886042e-02;1.318049e-01;6.339240e-02;5.479617e-02;5.109958e-02;9.593950e-02;8.512030e-02;8.785780e-02;5.055134e-02;9.758217e-02;1.004991e-01
1.093295e-01;3.620542e-02;1.643555e-01;6.205689e-02;5.448465e-02;5.546298e-02;8.799204e-02;9.414186e-02;9.564348e-02;8.058944e-02;7.088335e-02;8.885486e-02
4.459615e-02;4.893998e-02;1.442051e-01;5.096606e-02;4.737670e-02;6.031827e-02;1.320156e-01;1.167508e-01;1.223562e-01;1.002432e-01;6.414606e-02;6.808573e-02
3.982731e-02;7.331894e-02;1.000682e-01;4.177246e-02;4.871447e-02;6.096129e-02;1.800578e-01;1.206913e-01;1.178654e-01;8.891307e-02;7.832760e-02;4.948211e-02
6.908053e-02;8.541802e-02;5.286646e-02;4.301991e-02;4.064438e-02;7.630482e-02;1.928227e-01;1.159063e-01;9.478980e-02;1.000269e-01;9.312619e-02;3.599401e-02
1.035958e-01;6.252602e-02;5.915960e-02;4.247180e-02;5.115280e-02;9.449869e-02;1.469072e-01;1.018198e-01;1.245225e-01;1.038062e-01;6.428465e-02;4.525496e-02
7.480547e-02;2.891297e-02;7.424640e-02;4.482748e-02;1.156185e-01;8.377516e-02;1.378328e-01;6.539751e-02;1.934692e-01;4.369045e-02;4.752507e-02;8.989894e-02
5.063798e-02;5.300144e-02;6.203327e-02;6.210693e-02;1.305727e-01;7.991897e-02;1.446796e-01;5.923201e-02;1.827563e-01;2.912304e-02;3.597562e-02;1.099622e-01
3.202083e-02;8.614579e-02;6.621108e-02;1.105546e-01;1.097564e-01;8.915714e-02;1.184915e-01;1.188104e-01;8.382999e-02;4.922938e-02;7.145970e-02;6.433316e-02
3.062724e-02;8.605829e-02;1.118434e-01;1.587168e-01;9.608337e-02;9.334698e-02;7.246435e-02;1.504205e-01;9.944106e-03;3.993697e-02;1.138651e-01;3.669297e-02
3.501160e-02;7.050525e-02;1.341165e-01;1.752735e-01;6.966541e-02;1.064099e-01;7.786768e-02;1.331144e-01;2.173696e-02;2.815250e-02;1.174611e-01;3.068526e-02
6.108473e-02;4.700622e-02;1.606577e-01;1.663670e-01;5.064408e-02;8.518051e-02;8.989636e-02;1.343709e-01;3.277938e-02;2.566516e-02;1.165908e-01;2.975713e-02
8.333602e-02;1.764073e-02;1.748313e-01;1.344831e-01;4.023300e-02;3.942598e-02;1.165304e-01;1.593540e-01;4.424448e-02;3.734327e-02;1.228572e-01;2.972039e-02
6.770816e-02;2.250191e-02;1.478540e-01;1.367897e-01;3.940401e-02;7.514281e-02;1.063737e-01;1.494836e-01;3.914251e-02;4.389293e-02;1.405985e-01;3.110824e-02
4.091754e-02;4.698886e-02;9.014862e-02;1.726339e-01;3.865039e-02;1.178734e-01;6.118982e-02;1.705217e-01;3.547403e-02;2.898674e-02;1.744071e-01;2.220789e-02
1.736241e-02;9.079837e-02;7.048682e-02;1.745619e-01;4.212036e-02;1.171424e-01;3.449212e-02;1.996735e-01;2.611466e-02;2.385529e-02;1.770953e-01;2.629694e-02
2.381633e-02;1.331614e-01;5.685042e-02;1.494191e-01;4.636887e-02;1.007387e-01;3.575018e-02;2.065438e-01;2.593425e-02;3.031167e-02;1.505309e-01;4.057433e-02
3.783080e-02;1.078325e-01;6.179545e-02;9.493656e-02;9.642949e-02;7.362533e-02;7.146565e-02;1.312286e-01;9.343350e-02;2.973709e-02;8.860975e-02;1.130753e-01
6.899999e-02;5.527034e-02;9.141588e-02;5.219494e-02;1.159901e-01;7.902513e-02;9.584711e-02;7.709387e-02;1.464641e-01;4.048706e-02;4.155382e-02;1.356576e-01
1.517408e-01;3.745747e-02;8.468968e-02;4.645850e-02;6.655709e-02;1.209705e-01;6.698742e-02;1.096710e-01;1.037119e-01;1.024723e-01;3.043903e-02;7.884438e-02
1.641626e-01;5.218670e-02;3.810508e-02;6.524402e-02;3.186775e-02;1.167400e-01;1.008495e-01;1.268323e-01;6.459714e-02;1.355270e-01;5.673755e-02;4.715038e-02
1.030596e-01;7.415697e-02;4.189255e-02;5.600017e-02;4.498969e-02;7.641689e-02;1.387702e-01;9.677947e-02;8.616297e-02;1.034693e-01;1.147102e-01;6.359203e-02
5.545277e-02;7.289749e-02;7.626274e-02;3.980510e-02;4.320360e-02;6.240572e-02;1.128241e-01;1.386899e-01;8.287087e-02;9.696745e-02;1.167582e-01;1.018621e-01
6.626506e-02;6.096205e-02;1.088069e-01;6.944580e-02;2.220480e-02;4.801544e-02;6.425314e-02;1.667383e-01;1.161901e-01;8.488744e-02;8.522652e-02;1.070043e-01
8.207943e-02;5.790658e-02;1.519935e-01;8.761145e-02;2.537700e-02;2.820644e-02;7.796726e-02;1.438980e-01;1.748599e-01;5.195383e-02;8.410881e-02;3.403784e-02
1.006784e-01;7.096815e-02;1.576281e-01;7.718723e-02;2.708102e-02;2.557680e-02;1.266482e-01;1.158094e-01;1.401819e-01;4.281925e-02;8.298259e-02;3.243892e-02
1.237085e-01;9.084072e-02;9.041000e-02;4.871568e-02;3.737215e-02;3.628948e-02;2.046948e-01;9.618540e-02;6.411131e-02;6.966278e-02;5.520965e-02;8.279955e-02
8.885274e-02;6.089529e-02;1.223520e-01;1.614812e-02;2.806984e-02;3.665323e-02;2.076890e-01;1.206110e-01;7.202864e-02;7.501727e-02;8.711972e-02;8.456314e-02
1.013357e-01;5.104160e-02;1.641676e-01;1.274978e-02;2.328176e-02;2.436356e-02;1.735513e-01;1.103581e-01;8.867140e-02;5.754571e-02;1.421618e-01;5.077159e-02
9.692593e-02;4.378874e-02;1.965618e-01;3.494030e-02;2.290462e-02;1.826111e-02;1.696349e-01;9.365321e-02;6.601807e-02;7.044271e-02;1.151175e-01;7.175116e-02
6.021210e-02;5.970788e-02;2.300274e-01;4.805106e-02;2.368757e-02;2.814738e-02;1.583605e-01;8.563516e-02;4.602198e-02;8.381959e-02;5.989824e-02;1.164311e-01
4.711023e-02;5.307552e-02;2.149640e-01;5.011314e-02;2.688277e-02;3.822984e-02;2.091018e-01;7.752553e-02;4.605071e-02;6.955799e-02;3.103473e-02;1.363538e-01
4.830036e-02;6.204566e-02;1.430817e-01;3.206771e-02;3.303380e-02;3.901084e-02;3.091442e-01;7.420165e-02;3.374318e-02;5.968815e-02;1.949410e-02;1.461887e-01
7.883640e-02;6.964426e-02;8.609933e-02;2.407277e-02;4.283635e-02;4.226245e-02;3.709295e-01;6.600440e-02;2.875329e-02;5.434391e-02;2.448164e-02;1.117356e-01
1.064406e-01;8.130503e-02;1.175470e-01;3.431612e-02;5.304976e-02;5.463911e-02;2.920509e-01;6.229918e-02;5.071716e-02;5.202173e-02;3.584155e-02;5.977194e-02
1.314970e-01;8.167394e-02;1.216685e-01;3.404434e-02;7.627104e-02;7.139166e-02;2.219832e-01;6.903709e-02;4.472874e-02;5.959935e-02;2.080498e-02;6.730016e-02
1.383452e-01;4.297601e-02;1.036930e-01;4.015458e-02;8.521830e-02;7.014785e-02;3.289811e-01;6.546601e-02;2.330304e-02;4.355558e-02;1.825337e-02;3.990598e-02
1.438339e-01;3.271632e-02;1.297255e-01;9.728147e-02;8.676317e-02;9.356378e-02;2.201717e-01;5.626925e-02;3.874496e-02;4.361896e-02;3.476292e-02;2.254807e-02
9.842188e-02;5.897461e-02;9.909891e-02;1.187625e-01;6.831896e-02;7.809652e-02;2.988979e-01;3.754881e-02;2.906696e-02;6.112178e-02;2.530362e-02;2.638756e-02
5.266845e-02;6.874512e-02;6.732740e-02;7.837211e-02;6.256884e-02;7.990207e-02;4.187342e-01;3.682040e-02;3.225208e-02;5.397817e-02;2.509935e-02;2.353175e-02
2.030133e-02;7.160887e-02;5.022253e-02;3.677163e-02;5.994202e-02;8.568124e-02;5.193563e-01;3.629935e-02;3.196162e-02;4.160051e-02;3.086346e-02;1.539113e-02
2.967240e-02;7.362471e-02;5.052283e-02;2.693921e-02;6.815924e-02;8.696445e-02;5.370377e-01;3.662577e-02;2.627712e-02;2.845284e-02;3.019338e-02;5.530293e-03
6.151649e-02;7.249381e-02;8.439259e-02;3.778361e-02;8.190377e-02;9.388710e-02;4.309093e-01;3.824484e-02;2.551009e-02;3.264134e-02;2.947439e-02;1.124270e-02
8.506632e-02;7.807904e-02;1.231904e-01;4.994605e-02;1.267161e-01;1.157488e-01;2.553228e-01;3.820235e-02;3.669149e-02;3.788716e-02;2.562088e-02;2.752852e-02
9.392073e-02;6.287039e-02;1.675877e-01;4.302007e-02;1.957525e-01;1.120077e-01;1.513656e-01;3.863456e-02;4.674588e-02;2.213424e-02;2.265215e-02;4.330842e-02
9.857703e-02;2.522853e-02;1.139571e-01;2.728808e-02;1.735089e-01;1.056565e-01;3.040636e-01;3.251353e-02;4.037153e-02;2.134466e-02;2.464761e-02;3.284277e-02
1.151353e-01;3.840059e-02;4.238065e-02;1.974164e-02;1.585828e-01;1.105686e-01;3.724190e-01;3.760419e-02;2.471642e-02;1.937310e-02;3.385598e-02;2.722164e-02
1.339414e-01;5.624661e-02;7.054460e-02;2.056231e-02;1.689287e-01;1.196526e-01;2.691045e-01;3.487598e-02;2.818050e-02;1.210162e-02;5.937522e-02;2.648590e-02
1.232186e-01;4.068994e-02;1.202117e-01;4.199650e-02;2.087604e-01;1.080398e-01;1.275001e-01;2.617488e-02;6.835008e-02;1.176600e-02;8.329638e-02;3.999566e-02
8.436587e-02;3.366647e-02;1.390921e-01;5.809025e-02;2.324681e-01;8.780006e-02;1.084701e-01;2.073617e-02;1.070449e-01;1.087124e-02;5.946161e-02;5.793310e-02
5.917116e-02;2.206183e-02;1.346338e-01;6.516571e-02;2.617363e-01;8.073431e-02;1.186073e-01;2.142959e-02;1.132276e-01;2.215752e-02;2.919107e-02;7.188380e-02
6.010944e-02;5.686212e-02;1.396351e-01;6.065289e-02;2.294148e-01;9.557218e-02;8.977704e-02;3.243655e-02;7.834703e-02;6.116052e-02;3.633380e-02;5.969857e-02
8.350576e-02;8.269534e-02;7.633248e-02;7.985236e-02;1.032467e-01;9.078994e-02;1.126554e-01;7.203783e-02;6.997456e-02;6.893177e-02;9.741691e-02;6.256099e-02
5.741345e-02;7.617504e-02;5.573117e-02;1.001498e-01;6.193502e-02;9.767983e-02;1.117275e-01;1.166774e-01;6.059924e-02;4.704485e-02;1.514904e-01;6.337633e-02
4.695827e-02;6.541394e-02;6.614652e-02;1.155175e-01;4.600436e-02;1.037998e-01;7.526164e-02;1.622023e-01;5.866249e-02;2.519784e-02;1.868343e-01;4.800108e-02
4.283905e-02;7.689153e-02;6.609967e-02;1.286318e-01;4.018598e-02;1.133446e-01;3.616182e-02;1.908319e-01;4.868826e-02;3.157986e-02;1.987890e-01;2.595645e-02
5.402514e-02;7.421336e-02;6.358425e-02;1.204723e-01;3.257658e-02;1.136267e-01;3.827206e-02;1.627620e-01;9.275140e-02;3.706065e-02;1.568214e-01;5.383414e-02
5.660940e-02;8.934848e-02;7.332741e-02;1.238370e-01;2.167407e-02;1.223491e-01;3.306258e-02;1.725887e-01;9.242667e-02;4.677662e-02;1.307006e-01;3.729941e-02
4.304677e-02;1.428028e-01;6.655219e-02;1.076770e-01;2.756415e-02;1.038203e-01;2.960880e-02;1.979567e-01;5.507876e-02;7.970376e-02;1.093124e-01;3.687632e-02
4.595829e-02;1.427478e-01;7.489815e-02;6.640445e-02;6.075966e-02;6.854852e-02;7.404091e-02;1.449965e-01;7.356862e-02;9.926704e-02;7.490290e-02;7.390717e-02
4.550523e-02;7.057596e-02;1.100715e-01;4.766523e-02;9.768317e-02;3.910425e-02;1.229657e-01;6.746144e-02;1.625875e-01;5.583690e-02;6.046040e-02;1.200828e-01
1.119411e-01;3.846073e-02;9.696245e-02;5.376546e-02;6.877335e-02;7.838246e-02;1.013565e-01;7.702115e-02;1.555026e-01;8.799428e-02;6.163036e-02;6.820963e-02
1.343592e-01;7.428088e-02;5.297330e-02;7.257623e-02;2.894681e-02;9.178269e-02;1.196468e-01;8.803800e-02;1.121234e-01;1.287253e-01;5.430370e-02;4.224372e-02
8.887592e-02;1.159168e-01;3.979610e-02;5.311091e-02;5.834429e-02;6.079764e-02;1.717650e-01;5.727879e-02;9.997244e-02;7.945481e-02;1.175710e-01;5.711633e-02
6.676687e-02;1.110549e-01;7.329310e-02;2.662249e-02;7.463589e-02;5.467821e-02;1.720254e-01;5.541107e-02;8.258525e-02;6.173679e-02;1.372270e-01;8.396303e-02
6.417054e-02;6.850351e-02;1.502642e-01;3.364622e-02;4.568702e-02;5.106734e-02;1.262608e-01;1.154757e-01;6.592576e-02;9.343770e-02;7.479297e-02;1.107683e-01
4.690951e-02;5.725189e-02;1.626402e-01;3.750785e-02;4.149953e-02;2.136278e-02;1.248536e-01;1.558611e-01;5.281986e-02;1.112680e-01;6.975062e-02;1.182751e-01
4.793279e-02;7.802594e-02;8.713165e-02;4.894663e-02;5.848155e-02;3.869762e-02;1.349000e-01;1.203956e-01;5.471576e-02;6.812363e-02;1.258187e-01;1.368301e-01
7.967202e-02;1.040942e-01;8.064628e-02;6.759799e-02;5.088203e-02;5.462085e-02;1.332875e-01;7.593808e-02;5.876752e-02;4.917582e-02;1.240266e-01;1.212912e-01
1.341588e-01;6.890592e-02;1.163444e-01;5.218518e-02;9.289798e-02;5.211344e-02;1.561238e-01;5.648783e-02;4.867231e-02;5.604237e-02;8.265079e-02;8.341708e-02
1.668306e-01;6.308018e-02;1.056600e-01;5.642623e-02;7.874553e-02;6.286578e-02;1.371330e-01;5.226402e-02;5.806326e-02;5.750594e-02;8.358220e-02;7.784329e-02
1.509838e-01;8.816436e-02;1.111564e-01;8.435461e-02;4.653999e-02;5.803281e-02;9.635846e-02;5.874328e-02;7.729875e-02;5.608632e-02;8.826391e-02;8.401728e-02
9.945986e-02;8.454730e-02;1.246053e-01;1.212917e-01;4.396858e-02;7.294833e-02;7.340409e-02;5.942394e-02;9.746173e-02;6.791953e-02;6.317393e-02;9.179572e-02
6.525038e-02;5.536861e-02;9.825413e-02;1.088095e-01;6.179711e-02;6.083838e-02;9.854208e-02;9.504358e-02;8.392890e-02;5.862439e-02;7.743307e-02;1.361098e-01
7.196603e-02;7.241216e-02;8.827658e-02;7.357355e-02;5.216635e-02;6.528799e-02;1.108865e-01;9.087435e-02;8.534262e-02;8.357301e-02;9.076831e-02;1.148725e-01
6.477635e-02;9.539902e-02;1.126567e-01;7.255054e-02;3.706330e-02;8.034260e-02;8.386578e-02;5.899391e-02;1.034203e-01;9.388831e-02;9.512061e-02;1.019226e-01
6.281109e-02;1.138023e-01;1.073844e-01;7.796927e-02;4.578916e-02;6.753479e-02;5.582228e-02;4.029404e-02;1.112626e-01;9.174745e-02;1.128503e-01;1.127324e-01
6.101107e-02;1.677582e-01;1.022813e-01;9.260877e-02;5.866603e-02;5.485205e-02;3.440338e-02;5.199097e-02;1.288677e-01;7.902500e-02;8.955831e-02;7.897722e-02
7.412824e-02;1.592508e-01;7.106459e-02;7.136867e-02;7.809037e-02;6.503255e-02;5.964147e-02;5.488692e-02;1.043732e-01;7.322264e-02;1.275885e-01;6.135202e-02
1.169594e-01;1.065988e-01;6.592590e-02;9.317086e-02;7.033969e-02;6.012958e-02;6.223604e-02;6.466529e-02;1.154772e-01;6.237041e-02;1.006906e-01;8.143626e-02
1.254369e-01;7.102118e-02;1.094691e-01;6.970534e-02;6.710447e-02;8.496077e-02;7.303287e-02;6.423499e-02;9.864710e-02;8.496570e-02;8.009458e-02;7.132699e-02
8.406724e-02;5.805900e-02;1.377252e-01;8.645738e-02;8.357238e-02;7.927003e-02;7.762655e-02;5.717742e-02;4.917645e-02;8.139753e-02;7.664272e-02;1.288281e-01
9.276570e-02;6.682178e-02;1.184240e-01;7.392605e-02;7.886276e-02;4.936976e-02;1.159084e-01;7.679207e-02;4.041909e-02;9.298119e-02;8.954021e-02;1.041889e-01
8.322210e-02;7.215952e-02;8.810502e-02;3.216432e-02;6.228660e-02;5.444294e-02;1.736250e-01;8.489167e-02;5.716490e-02;1.247986e-01;1.033488e-01;6.379057e-02
8.612227e-02;5.471646e-02;1.144908e-01;3.487777e-02;5.857442e-02;5.087212e-02;1.703824e-01;8.746047e-02;7.750369e-02;1.106748e-01;1.008471e-01;5.347763e-02
1.078892e-01;4.521106e-02;1.368817e-01;5.002297e-02;5.464491e-02;4.110324e-02;1.386890e-01;8.053876e-02;7.802504e-02;1.088445e-01;1.017731e-01;5.637656e-02
1.545818e-01;5.275317e-02;1.379758e-01;6.309852e-02;5.020177e-02;4.680340e-02;9.234966e-02;6.233895e-02;6.692790e-02;1.151890e-01;8.492747e-02;7.285254e-02
1.472152e-01;6.369404e-02;1.145787e-01;4.550670e-02;6.047329e-02;7.856878e-02;9.113783e-02;6.126146e-02;7.453363e-02;8.662678e-02;7.676897e-02;9.963458e-02
9.869953e-02;5.377933e-02;1.238739e-01;3.295827e-02;3.503276e-02;4.532213e-02;1.791662e-01;9.336767e-02;5.623024e-02;9.862920e-02;1.054574e-01;7.748336e-02
1.015003e-01;2.587555e-02;1.320321e-01;3.773376e-02;3.814743e-02;3.975649e-02;2.208037e-01;1.059866e-01;5.643295e-02;9.862345e-02;7.774802e-02;6.535964e-02
1.065493e-01;4.454242e-02;1.174067e-01;4.056729e-02;5.267097e-02;5.975157e-02;2.044330e-01;9.226587e-02;5.727822e-02;6.253050e-02;9.218607e-02;6.981805e-02
1.036026e-01;5.585872e-02;7.571848e-02;4.075090e-02;8.507565e-02;8.825582e-02;1.400284e-01;1.051373e-01;5.734045e-02;8.338217e-02;1.148581e-01;4.999138e-02
5.604039e-02;5.242448e-02;1.187384e-01;4.782440e-02;9.142429e-02;8.876731e-02;1.306717e-01;1.080027e-01;5.590700e-02;1.170861e-01;1.080887e-01;2.502456e-02
1.201105e-01;1.004337e-01;1.939867e-01;6.073801e-02;6.406568e-02;4.905168e-02;1.416938e-01;4.969160e-02;4.424850e-02;5.891346e-02;6.062827e-02;5.643796e-02
1.149451e-01;7.834227e-02;1.470520e-01;6.087392e-02;7.855497e-02;7.940697e-02;1.219348e-01;5.606500e-02;7.560612e-02;6.390288e-02;6.380775e-02;5.950810e-02
1.001753e-01;5.037815e-02;1.157308e-01;5.260144e-02;8.425248e-02;9.122231e-02;1.317044e-01;6.095263e-02;1.064506e-01;6.818048e-02;6.028714e-02;7.806432e-02
7.367423e-02;4.551304e-02;8.648695e-02;5.377045e-02;8.276392e-02;8.861709e-02;1.414909e-01;7.928237e-02;1.251423e-01;6.765428e-02;5.621946e-02;9.938506e-02
4.543804e-02;8.071025e-02;5.985482e-02;6.863913e-02;6.120935e-02;7.132966e-02;1.180574e-01;1.332697e-01;1.129080e-01;6.071132e-02;9.034329e-02;9.752902e-02
3.035326e-02;1.307664e-01;5.005898e-02;9.203444e-02;3.148835e-02;7.866409e-02;6.547294e-02;2.099202e-01;5.961201e-02;6.584140e-02;1.419737e-01;4.381425e-02
1.695003e-02;1.631380e-01;5.176810e-02;9.088422e-02;3.153312e-02;6.854618e-02;3.224722e-02;2.136680e-01;3.938075e-02;1.163793e-01;1.484084e-01;2.709675e-02
5.364724e-02;1.413013e-01;7.249102e-02;6.049329e-02;4.518719e-02;4.221443e-02;4.426381e-02;1.439531e-01;8.711626e-02;1.464477e-01;1.160599e-01;4.682482e-02
1.101748e-01;7.712355e-02;9.133375e-02;3.281212e-02;6.052753e-02;3.114657e-02;7.249104e-02;8.279461e-02;1.482999e-01;1.146733e-01;9.891092e-02;7.971205e-02
1.652987e-01;4.399250e-02;6.396416e-02;4.058094e-02;5.195646e-02;5.359434e-02;8.506004e-02;6.983626e-02;1.349886e-01;1.314551e-01;9.828530e-02;6.098765e-02
1.561247e-01;7.085767e-02;3.965074e-02;4.652459e-02;4.478095e-02;6.288338e-02;9.358417e-02;8.457819e-02;1.110323e-01;1.402410e-01;8.812354e-02;6.161873e-02
1.312752e-01;9.737883e-02;4.883595e-02;4.618875e-02;3.840109e-02;6.911314e-02;8.967482e-02;1.083204e-01;1.107817e-01;8.782019e-02;7.351013e-02;9.869981e-02
1.366036e-01;9.294232e-02;3.892091e-02;4.198071e-02;3.079027e-02;6.770980e-02;5.066107e-02;1.747848e-01;5.101437e-02;1.048030e-01;1.450814e-01;6.470772e-02
1.192463e-01;6.525440e-02;4.447386e-02;3.807881e-02;3.796800e-02;3.491797e-02;7.942428e-02;1.731426e-01;7.105555e-02;7.931466e-02;1.880722e-01;6.905132e-02
1.022819e-01;6.440476e-02;7.883514e-02;4.812604e-02;6.355260e-02;2.851564e-02;6.878081e-02;1.196982e-01;8.382047e-02;1.190577e-01;1.255467e-01;9.738005e-02
8.350086e-02;5.269172e-02;1.130289e-01;7.959498e-02;8.734319e-02;5.824479e-02;6.602199e-02;9.683059e-02;8.913317e-02;1.324067e-01;5.919135e-02;8.201169e-02
9.188209e-02;7.487334e-02;1.298061e-01;9.216542e-02;8.039737e-02;7.964676e-02;8.445053e-02;9.519762e-02;7.710892e-02;1.062797e-01;4.109924e-02;4.709295e-02
7.935236e-02;9.653217e-02;1.133023e-01;9.329566e-02;6.977757e-02;6.557839e-02;9.871949e-02;1.078616e-01;4.652961e-02;1.095122e-01;6.995642e-02;4.958233e-02
8.077995e-02;5.880421e-02;1.278155e-01;6.186162e-02;4.059225e-02;3.495499e-02;1.470005e-01;8.203083e-02;6.877234e-02;1.239015e-01;9.953590e-02;7.395040e-02
7.225031e-02;5.554865e-02;1.534192e-01;4.821401e-02;4.499195e-02;3.612337e-02;2.185080e-01;6.364579e-02;6.164328e-02;9.848079e-02;7.821926e-02;6.895546e-02
5.594574e-02;5.554535e-02;1.435347e-01;4.557449e-02;4.581036e-02;3.775734e-02;3.249003e-01;5.369227e-02;5.090521e-02;7.527354e-02;3.986548e-02;7.119524e-02
9.265123e-02;9.441068e-02;8.472805e-02;3.673754e-02;6.654073e-02;4.752899e-02;3.645842e-01;3.958457e-02;4.622820e-02;5.490093e-02;3.665135e-02;3.545360e-02
1.117400e-01;1.128323e-01;8.565553e-02;3.206392e-02;9.228557e-02;7.182676e-02;3.306218e-01;2.987834e-02;3.371469e-02;4.034863e-02;3.592892e-02;2.310354e-02
1.062278e-01;7.383657e-02;8.971298e-02;3.659226e-02;1.332921e-01;1.024482e-01;2.702991e-01;3.429658e-02;3.944342e-02;4.725581e-02;3.489346e-02;3.170168e-02
5.638248e-02;3.487144e-02;8.670700e-02;4.399852e-02;2.107034e-01;1.445068e-01;1.517836e-01;6.139626e-02;5.374610e-02;9.400786e-02;3.602656e-02;2.587005e-02
5.394293e-02;4.104030e-02;6.338882e-02;2.944427e-02;1.477687e-01;9.029544e-02;3.484709e-01;4.041166e-02;5.283657e-02;8.596630e-02;3.049465e-02;1.593951e-02
8.987175e-02;4.875220e-02;3.873566e-02;2.986316e-02;1.385561e-01;9.150141e-02;4.033636e-01;2.555091e-02;3.709699e-02;6.162377e-02;1.799430e-02;1.709001e-02
9.446710e-02;5.614680e-02;3.879504e-02;4.091150e-02;1.166120e-01;9.541706e-02;4.148941e-01;2.092950e-02;3.227041e-02;4.988698e-02;2.031260e-02;1.935693e-02
7.857317e-02;5.123418e-02;4.902827e-02;4.628547e-02;1.035778e-01;8.097774e-02;3.925313e-01;3.511080e-02;3.726838e-02;6.341017e-02;3.968855e-02;2.231419e-02
6.906846e-02;3.731791e-02;7.160194e-02;4.405431e-02;1.019614e-01;6.927517e-02;3.432850e-01;5.759807e-02;5.788836e-02;7.980902e-02;4.668573e-02;2.145465e-02
8.899808e-02;4.468580e-02;1.135627e-01;5.636745e-02;6.511118e-02;4.123281e-02;2.778005e-01;7.758402e-02;7.306220e-02;8.592036e-02;3.771574e-02;3.795918e-02
9.824614e-02;5.902056e-02;1.227466e-01;6.702643e-02;3.935396e-02;5.747982e-02;2.322298e-01;9.063410e-02;8.561765e-02;7.907280e-02;2.923536e-02;3.933674e-02
8.557907e-02;5.638621e-02;8.854578e-02;6.590615e-02;4.354762e-02;7.187495e-02;2.894622e-01;8.992296e-02;8.184131e-02;5.498711e-02;4.779388e-02;2.415275e-02
5.676419e-02;3.263971e-02;7.742983e-02;4.983859e-02;7.417604e-02;8.270261e-02;4.094348e-01;5.882620e-02;5.100952e-02;4.860448e-02;3.292361e-02;2.565041e-02
6.317710e-02;5.051817e-02;3.841041e-02;2.498347e-02;8.355530e-02;7.585085e-02;4.683524e-01;4.143028e-02;2.729777e-02;5.298009e-02;3.347496e-02;3.996917e-02
6.442002e-02;5.889112e-02;4.172074e-02;2.719014e-02;8.554431e-02;7.981542e-02;4.267222e-01;4.119206e-02;3.582733e-02;4.964959e-02;4.876332e-02;4.026381e-02
1.588604e-01;1.737781e-01;1.003619e-01;4.435484e-02;4.190699e-02;3.306700e-02;6.560330e-02;5.944749e-02;9.313504e-02;8.186733e-02;4.064518e-02;1.069725e-01
1.574963e-01;1.739406e-01;1.121597e-01;4.257563e-02;4.979476e-02;2.560421e-02;5.361251e-02;5.791248e-02;1.130945e-01;6.017631e-02;3.588198e-02;1.177510e-01
1.415138e-01;1.489919e-01;1.111575e-01;4.662002e-02;5.286625e-02;3.690968e-02;7.289120e-02;5.550092e-02;1.098586e-01;3.931818e-02;8.315966e-02;1.012124e-01
1.515165e-01;9.600894e-02;1.070603e-01;5.429274e-02;4.694100e-02;5.030245e-02;9.582622e-02;5.082348e-02;8.471851e-02;4.714427e-02;1.294954e-01;8.587022e-02
1.358698e-01;4.459323e-02;8.721232e-02;4.257228e-02;4.540238e-02;5.940573e-02;9.272432e-02;6.651631e-02;1.053286e-01;6.982967e-02;1.139868e-01;1.365586e-01
5.098643e-02;4.291388e-02;1.239845e-01;3.952556e-02;3.951693e-02;6.895778e-02;8.035127e-02;1.126256e-01;9.632446e-02;1.142548e-01;8.460858e-02;1.459501e-01
6.083532e-02;4.693497e-02;1.529852e-01;4.238668e-02;3.192802e-02;5.391114e-02;9.729670e-02;1.260011e-01;5.635845e-02;1.091165e-01;7.914441e-02;1.431015e-01
8.104612e-02;9.227546e-02;1.211760e-01;3.761870e-02;5.357325e-02;3.006065e-02;1.605925e-01;1.055135e-01;3.317323e-02;6.567524e-02;1.162311e-01;1.030642e-01
6.408046e-02;1.323767e-01;6.455288e-02;3.344397e-02;5.617764e-02;3.088269e-02;2.067954e-01;6.472756e-02;5.903959e-02;6.117521e-02;1.748577e-01;5.189030e-02
7.857781e-02;1.099393e-01;5.210071e-02;6.668162e-02;4.967481e-02;5.310411e-02;1.825620e-01;3.972869e-02;5.497259e-02;1.023595e-01;1.220360e-01;8.826277e-02
1.438788e-01;7.812141e-02;4.355703e-02;8.018543e-02;6.561305e-02;9.133517e-02;1.292709e-01;3.011959e-02;5.810808e-02;1.285440e-01;4.575658e-02;1.055098e-01
1.441031e-01;1.018265e-01;8.262887e-02;6.138876e-02;7.455015e-02;8.617196e-02;9.737518e-02;2.330056e-02;9.359320e-02;7.835659e-02;7.029162e-02;8.641344e-02
9.634867e-02;1.224372e-01;1.524362e-01;7.604280e-02;9.337567e-02;5.891240e-02;7.548788e-02;1.657317e-02;1.386850e-01;3.363344e-02;7.335492e-02;6.271263e-02
5.880772e-02;7.929955e-02;1.641953e-01;1.083558e-01;1.270969e-01;6.177426e-02;6.445985e-02;3.891594e-02;1.333251e-01;2.897987e-02;3.556488e-02;9.922472e-02
8.255279e-02;5.941307e-02;1.557068e-01;1.125004e-01;1.333403e-01;6.085054e-02;9.632228e-02;3.999007e-02;8.790591e-02;4.450641e-02;3.462660e-02;9.228481e-02
1.001655e-01;9.199104e-02;2.233645e-01;1.109423e-01;1.091554e-01;3.273137e-02;9.571359e-02;2.903428e-02;4.915173e-02;6.386993e-02;4.686501e-02;4.701534e-02
9.454907e-02;9.134940e-02;2.577772e-01;9.291508e-02;1.020227e-01;3.982346e-02;1.034848e-01;3.393945e-02;3.982521e-02;6.000720e-02;4.298154e-02;4.132493e-02
8.303691e-02;7.443214e-02;2.447770e-01;9.785445e-02;1.284342e-01;4.763244e-02;9.023096e-02;4.790161e-02;4.706178e-02;4.464832e-02;4.978232e-02;4.420789e-02
6.046189e-02;6.058722e-02;3.131604e-01;1.100449e-01;1.395078e-01;4.874341e-02;3.346893e-02;5.797616e-02;4.417059e-02;3.195920e-02;6.244779e-02;3.747176e-02
2.531427e-02;5.658714e-02;3.551107e-01;1.156597e-01;1.403499e-01;6.260008e-02;4.353333e-02;4.971654e-02;2.589185e-02;3.415973e-02;6.204655e-02;2.903031e-02
1.993683e-02;4.952639e-02;3.801749e-01;1.179968e-01;1.401243e-01;7.332402e-02;2.392149e-02;4.826642e-02;1.447833e-02;2.812354e-02;7.946807e-02;2.465899e-02
3.149750e-02;3.665479e-02;3.812417e-01;1.190462e-01;1.349400e-01;7.845553e-02;4.425809e-02;4.854382e-02;1.160458e-02;1.658227e-02;7.862835e-02;1.854724e-02
2.936674e-02;4.550011e-02;3.659630e-01;1.202370e-01;1.318344e-01;7.480735e-02;5.438499e-02;5.030855e-02;1.539649e-02;2.665276e-02;7.060461e-02;1.494409e-02
4.080610e-02;4.757001e-02;2.886925e-01;9.961670e-02;1.224217e-01;9.119269e-02;1.086128e-01;5.761062e-02;2.440853e-02;4.355929e-02;5.305483e-02;2.245424e-02
3.884583e-02;2.745759e-02;2.971172e-01;9.556103e-02;1.152763e-01;9.863406e-02;1.420392e-01;6.289956e-02;1.807734e-02;3.852230e-02;4.695663e-02;1.861294e-02
2.177883e-02;2.034984e-02;3.515927e-01;1.081665e-01;1.089498e-01;8.815209e-02;1.126960e-01;7.972785e-02;1.292034e-02;2.786225e-02;5.428300e-02;1.352073e-02
1.130079e-02;2.572281e-02;3.416187e-01;1.085094e-01;1.125128e-01;8.519471e-02;1.036863e-01;9.854582e-02;2.112798e-02;2.467815e-02;5.395579e-02;1.314668e-02
7.389689e-03;3.826320e-02;3.285007e-01;1.076465e-01;1.284393e-01;7.797937e-02;8.043700e-02;1.059523e-01;3.444610e-02;1.856615e-02;5.302287e-02;1.935678e-02
2.564306e-02;4.416171e-02;2.839121e-01;9.576695e-02;1.602075e-01;7.201391e-02;7.530675e-02;7.997106e-02;5.277415e-02;2.984711e-02;4.372136e-02;3.667432e-02
7.284886e-02;3.920886e-02;1.835691e-01;6.869516e-02;1.764475e-01;9.844431e-02;1.213681e-01;5.960386e-02;4.850194e-02;4.338829e-02;2.759645e-02;6.032753e-02
1.519032e-01;3.688513e-02;1.112467e-01;4.308468e-02;1.504213e-01;1.135758e-01;1.622920e-01;4.009734e-02;5.283948e-02;5.585198e-02;1.966125e-02;6.214122e-02
1.988806e-01;5.576920e-02;4.896578e-02;3.704729e-02;1.158246e-01;1.311167e-01;2.247255e-01;3.379332e-02;5.177450e-02;5.650211e-02;9.843560e-03;3.575684e-02
1.724180e-01;9.836073e-02;5.589449e-02;4.217314e-02;9.355168e-02;1.131373e-01;2.795280e-01;3.305002e-02;4.117556e-02;4.114350e-02;7.855099e-03;2.171260e-02
1.114519e-01;1.665300e-01;1.144265e-01;4.994959e-02;6.407669e-02;6.569079e-02;3.117382e-01;2.926536e-02;3.360169e-02;2.350544e-02;1.473072e-02;1.503324e-02
8.191084e-02;2.147600e-01;1.478157e-01;4.102049e-02;2.838226e-02;3.958664e-02;3.011583e-01;3.549320e-02;4.855897e-02;2.658761e-02;2.382420e-02;1.090167e-02
9.360796e-02;2.264085e-01;1.361590e-01;2.253753e-02;3.260997e-02;3.905536e-02;2.716278e-01;3.597365e-02;5.252308e-02;3.287457e-02;2.900805e-02;2.761453e-02
9.883746e-02;2.033735e-01;1.056731e-01;2.121425e-02;3.939359e-02;4.700992e-02;2.715190e-01;2.849317e-02;4.306973e-02;3.866591e-02;3.315808e-02;6.959222e-02
6.426866e-02;1.531812e-01;1.266365e-01;3.319860e-02;4.084591e-02;4.594051e-02;2.970232e-01;4.341545e-02;4.213772e-02;3.791274e-02;5.350051e-02;6.193907e-02
7.813837e-02;1.270270e-01;2.076740e-01;4.407218e-02;3.816875e-02;3.147162e-02;2.572170e-01;5.964805e-02;3.351470e-02;3.625336e-02;5.062050e-02;3.619444e-02
6.543326e-02;8.876999e-02;3.281887e-01;4.845437e-02;2.572857e-02;1.868523e-02;2.020501e-01;8.050176e-02;2.237621e-02;4.569226e-02;2.695824e-02;4.716130e-02
5.105199e-02;9.044120e-02;3.637998e-01;4.145296e-02;1.958861e-02;7.604346e-03;1.850014e-01;9.306189e-02;2.540705e-02;5.374671e-02;1.876489e-02;5.007916e-02
7.496364e-02;1.366587e-01;2.422901e-01;2.870816e-02;3.674590e-02;1.872251e-02;2.224569e-01;7.491398e-02;5.522473e-02;4.561199e-02;3.036732e-02;3.333597e-02
1.045797e-01;1.710725e-01;1.306251e-01;2.224581e-02;5.706796e-02;3.956514e-02;2.516824e-01;4.551693e-02;7.800058e-02;3.124522e-02;4.700299e-02;2.139569e-02
7.775044e-02;1.555858e-01;1.058739e-01;2.152851e-02;6.152267e-02;5.450571e-02;3.225833e-01;4.001136e-02;6.846717e-02;2.592308e-02;4.963867e-02;1.660943e-02
4.048874e-02;1.103977e-01;6.404832e-02;1.599515e-02;4.842826e-02;5.603373e-02;4.702514e-01;4.424809e-02;4.617777e-02;3.320153e-02;5.402124e-02;1.670814e-02
4.571074e-02;1.064794e-01;6.357542e-02;1.088661e-02;3.859768e-02;5.767079e-02;4.943650e-01;2.652776e-02;6.176125e-02;2.256023e-02;6.398854e-02;7.876493e-03
3.005020e-02;1.164664e-01;8.184702e-02;8.298482e-03;4.183413e-02;5.402352e-02;4.835761e-01;1.942861e-02;6.885614e-02;1.793216e-02;7.318576e-02;4.501470e-03
2.891962e-02;1.139896e-01;8.327313e-02;8.398931e-03;4.385841e-02;5.555463e-02;4.679661e-01;1.927180e-02;7.431210e-02;2.024172e-02;7.906768e-02;5.146267e-03
3.461760e-02;1.022676e-01;8.055963e-02;2.351874e-02;5.942916e-02;5.369600e-02;4.394189e-01;2.162023e-02;6.495924e-02;2.620577e-02;8.296951e-02;1.073760e-02
3.519183e-02;8.792232e-02;1.157305e-01;5.626978e-02;7.602810e-02;2.813332e-02;3.692085e-01;3.933537e-02;5.364950e-02;3.908666e-02;7.296013e-02;2.648394e-02
5.103769e-02;9.004456e-02;1.329447e-01;7.013866e-02;8.255415e-02;2.311037e-02;3.506485e-01;4.590459e-02;4.260362e-02;4.366281e-02;4.560670e-02;2.174370e-02
3.107961e-02;7.457188e-02;1.479661e-01;5.315417e-02;7.082810e-02;2.527163e-02;3.825931e-01;5.972131e-02;3.351743e-02;7.160606e-02;2.804442e-02;2.164619e-02
1.584589e-02;5.595436e-02;1.694242e-01;2.899323e-02;3.285065e-02;2.430707e-02;3.873792e-01;7.440153e-02;3.950791e-02;1.123679e-01;2.209663e-02;3.687143e-02
1.509030e-02;5.081575e-02;1.630408e-01;1.766745e-02;3.213281e-02;3.284256e-02;3.778459e-01;7.883544e-02;4.360001e-02;1.221509e-01;1.862880e-02;4.734925e-02
2.444411e-02;4.018385e-02;1.434262e-01;1.534754e-02;2.760148e-02;3.329290e-02;3.666651e-01;9.700287e-02;5.426764e-02;1.237914e-01;2.458596e-02;4.939093e-02
1.629483e-02;4.102577e-02;1.401640e-01;1.786463e-02;2.738685e-02;3.663939e-02;3.826644e-01;1.046017e-01;6.233962e-02;1.073621e-01;2.561401e-02;3.804275e-02
9.840390e-03;3.985494e-02;1.245486e-01;2.643612e-02;2.694176e-02;3.991924e-02;4.187402e-01;1.020765e-01;6.263785e-02;9.384665e-02;2.598600e-02;2.917180e-02
1.251549e-02;3.963596e-02;8.941770e-02;2.376270e-02;2.453113e-02;4.038649e-02;4.501817e-01;9.842218e-02;6.757596e-02;9.317647e-02;3.327763e-02;2.711665e-02
1.844467e-02;3.494881e-02;9.328941e-02;1.789868e-02;2.924100e-02;3.874509e-02;4.875563e-01;8.707368e-02;6.347071e-02;8.048195e-02;2.916393e-02;1.968574e-02
2.480396e-02;2.166306e-02;8.454455e-02;1.557216e-02;5.910682e-02;4.903718e-02;5.148283e-01;6.845955e-02;5.281503e-02;5.827530e-02;3.119262e-02;1.970151e-02
2.805063e-02;2.724255e-02;6.544562e-02;3.909437e-02;1.228000e-01;7.846733e-02;3.906644e-01;7.338803e-02;5.639342e-02;5.554498e-02;3.547165e-02;2.743702e-02
3.905069e-02;5.002891e-02;1.240575e-01;6.247840e-02;1.152970e-01;8.845755e-02;1.383540e-01;7.102279e-02;1.019133e-01;1.120611e-01;5.463674e-02;4.264198e-02
3.538928e-02;6.554125e-02;1.179491e-01;5.470681e-02;5.659072e-02;6.653613e-02;2.196202e-01;5.769466e-02;8.458865e-02;1.263523e-01;6.933746e-02;4.569348e-02
3.919678e-02;5.614032e-02;1.105287e-01;3.599500e-02;5.319782e-02;5.843428e-02;2.960384e-01;5.870723e-02;7.827315e-02;1.097478e-01;6.828792e-02;3.545247e-02
4.450259e-02;5.907414e-02;7.716952e-02;1.875825e-02;5.024379e-02;5.118060e-02;4.334535e-01;6.456076e-02;6.165196e-02;5.784807e-02;5.647067e-02;2.508608e-02
2.517621e-02;7.423847e-02;6.009351e-02;1.448737e-02;4.903521e-02;5.405930e-02;5.377467e-01;5.664024e-02;3.962704e-02;2.758709e-02;4.602842e-02;1.528051e-02
5.151314e-02;8.469693e-02;4.968000e-02;2.973801e-02;6.575458e-02;6.736098e-02;5.095894e-01;3.718331e-02;3.041126e-02;2.993977e-02;3.355681e-02;1.057589e-02
1.165165e-01;7.605591e-02;6.457078e-02;5.015577e-02;8.297590e-02;8.598462e-02;4.001758e-01;2.669376e-02;3.102148e-02;3.438021e-02;1.419353e-02;1.727571e-02
1.254552e-01;5.266219e-02;1.184435e-01;4.689928e-02;1.288726e-01;8.904584e-02;2.892587e-01;2.042759e-02;4.430149e-02;2.211477e-02;1.518382e-02;4.733502e-02
8.709299e-02;4.569764e-02;1.960109e-01;4.874264e-02;1.750084e-01;6.170172e-02;1.996495e-01;2.987847e-02;4.590590e-02;1.325613e-02;3.278518e-02;6.427061e-02
5.872509e-02;5.539851e-02;2.696499e-01;8.037473e-02;1.996000e-01;5.115931e-02;1.259124e-01;3.392513e-02;2.016572e-02;1.742828e-02;4.734754e-02;4.031346e-02
2.468082e-02;3.900947e-02;3.018986e-01;8.281694e-02;1.955892e-01;6.660756e-02;1.131677e-01;3.902952e-02;3.651987e-02;1.814615e-02;4.536920e-02;3.716509e-02
3.776544e-02;3.231039e-02;2.647611e-01;6.782357e-02;1.898441e-01;7.069822e-02;1.136975e-01;3.503774e-02;6.281672e-02;2.314116e-02;5.237205e-02;4.973200e-02
5.574264e-02;3.656348e-02;1.920677e-01;5.157286e-02;2.136346e-01;1.021124e-01;1.560412e-01;2.872817e-02;5.188784e-02;2.588371e-02;5.017400e-02;3.559143e-02
6.920348e-02;4.324480e-02;1.105388e-01;4.471400e-02;2.274415e-01;1.463170e-01;2.074890e-01;4.688822e-02;3.890131e-02;1.835232e-02;2.965761e-02;1.725187e-02
7.892781e-02;3.361595e-02;7.098931e-02;3.438396e-02;2.199726e-01;1.720343e-01;2.396413e-01;5.061072e-02;4.630231e-02;2.533720e-02;1.621430e-02;1.197016e-02
8.886065e-02;3.183465e-02;5.651011e-02;2.726387e-02;1.983688e-01;1.547527e-01;2.971788e-01;3.400618e-02;3.545546e-02;3.923991e-02;1.345664e-02;2.307224e-02
1.278345e-01;4.106456e-02;6.769443e-02;2.449889e-02;1.797456e-01;1.289968e-01;2.984637e-01;3.128044e-02;2.686058e-02;3.250977e-02;1.162480e-02;2.942598e-02
1.456132e-01;3.147668e-02;7.595456e-02;2.735217e-02;1.682035e-01;1.360127e-01;2.860570e-01;3.094108e-02;2.701304e-02;3.424254e-02;1.210035e-02;2.503313e-02
1.358458e-01;3.651758e-02;3.589812e-02;3.495798e-02;1.286601e-01;1.245762e-01;3.719796e-01;3.766188e-02;2.107834e-02;4.001592e-02;8.857186e-03;2.395126e-02
9.442756e-02;6.217474e-02;3.028111e-02;3.195820e-02;8.434036e-02;9.192920e-02;4.598752e-01;3.488773e-02;3.013249e-02;3.829159e-02;2.156396e-02;2.013786e-02
5.103426e-02;7.485945e-02;5.492641e-02;1.887748e-02;6.377026e-02;6.357271e-02;5.103549e-01;4.106669e-02;3.910414e-02;2.792957e-02;3.987343e-02;1.463072e-02
2.674475e-02;5.996919e-02;9.809910e-02;1.926296e-02;5.310095e-02;5.115726e-02;4.662605e-01;5.720137e-02;4.282036e-02;5.428590e-02;4.370359e-02;2.739409e-02
2.276673e-02;5.029070e-02;1.319546e-01;4.260392e-02;4.509894e-02;4.040381e-02;3.307495e-01;7.022324e-02;7.127103e-02;1.031273e-01;5.233489e-02;3.917538e-02
6.604450e-02;4.962236e-02;9.914069e-02;9.279335e-02;4.722571e-02;2.446290e-02;1.391481e-01;7.059015e-02;1.164215e-01;1.560715e-01;1.091407e-01;2.933858e-02
8.563065e-02;3.151459e-02;5.753819e-02;9.417782e-02;4.544041e-02;3.195421e-02;1.433876e-01;4.554892e-02;1.128095e-01;2.022375e-01;1.280134e-01;2.174711e-02
7.663955e-02;3.589408e-02;6.097110e-02;5.544036e-02;5.018025e-02;4.595486e-02;2.378865e-01;1.974542e-02;7.048667e-02;2.192387e-01;1.077468e-01;1.981567e-02
7.724598e-02;3.544999e-02;6.966155e-02;3.976953e-02;4.560495e-02;3.541929e-02;2.478844e-01;2.881759e-02;7.720885e-02;1.911569e-01;1.173894e-01;3.439158e-02
6.494686e-02;4.271375e-02;1.450879e-01;3.439694e-02;5.240345e-02;3.961314e-02;1.655391e-01;4.741694e-02;9.053040e-02;1.479420e-01;1.230023e-01;4.640719e-02
