5.796483e-02;5.080315e-02;1.748807e-01;5.710964e-02;9.572326e-02;8.262130e-02;2.202788e-01;5.102545e-02;7.918851e-02;6.822421e-02;3.796154e-02;2.421864e-02
7.780878e-02;6.352529e-02;1.767174e-01;5.859233e-02;7.550163e-02;7.391053e-02;2.280402e-01;5.860762e-02;7.165906e-02;5.436939e-02;3.746203e-02;2.380565e-02
9.941105e-02;8.180744e-02;1.520923e-01;6.175587e-02;6.081308e-02;6.137151e-02;2.600130e-01;4.009000e-02;7.172626e-02;4.979067e-02;4.082294e-02;2.030599e-02
1.244627e-01;8.086921e-02;8.902910e-02;7.511380e-02;4.971072e-02;5.330716e-02;3.023421e-01;3.459606e-02;6.713545e-02;6.336498e-02;3.896606e-02;2.110265e-02
1.182025e-01;4.118085e-02;1.374965e-01;7.890919e-02;7.140188e-02;7.060987e-02;2.599677e-01;4.317315e-02;3.521970e-02;7.275468e-02;3.462210e-02;3.646186e-02
1.802583e-01;5.642412e-02;8.621351e-02;6.336931e-02;7.874011e-02;7.222383e-02;2.159868e-01;6.265696e-02;2.484333e-02;6.534757e-02;4.222974e-02;5.170643e-02
3.093792e-01;1.371474e-01;9.357537e-02;3.680136e-02;5.019299e-02;4.096908e-02;1.210095e-01;6.984698e-02;3.735574e-02;4.027379e-02;1.983711e-02;4.361140e-02
3.644802e-01;1.981917e-01;1.376186e-01;1.456694e-02;3.830132e-02;1.971156e-02;6.988681e-02;4.534888e-02;4.550160e-02;2.505031e-02;1.206598e-02;2.927614e-02
3.796643e-01;2.153760e-01;1.208008e-01;1.438135e-02;3.620437e-02;1.046182e-02;8.815574e-02;4.248771e-02;3.579061e-02;2.391369e-02;8.218850e-03;2.454470e-02
3.356998e-01;1.877483e-01;1.341373e-01;2.078733e-02;3.326856e-02;1.317000e-02;1.001925e-01;6.134561e-02;3.367701e-02;2.427219e-02;1.955770e-02;3.614372e-02
2.267314e-01;1.558286e-01;1.405858e-01;3.304747e-02;2.859480e-02;3.120081e-02;1.383608e-01;9.484445e-02;4.006464e-02;2.323759e-02;3.609043e-02;5.141322e-02
1.384716e-01;1.448290e-01;1.411380e-01;5.210099e-02;3.529614e-02;4.507910e-02;1.469590e-01;1.009370e-01;5.402440e-02;4.179089e-02;5.277650e-02;4.659740e-02
2.438826e-01;1.534849e-01;1.197786e-01;5.343878e-02;2.948802e-02;3.829833e-02;1.036721e-01;8.745573e-02;5.788409e-02;4.281856e-02;4.397938e-02;2.581888e-02
3.101352e-01;1.596333e-01;1.025252e-01;4.504391e-02;5.056992e-02;2.736383e-02;1.000540e-01;7.790235e-02;2.147242e-02;3.479057e-02;4.125179e-02;2.925742e-02
3.580720e-01;1.477211e-01;7.622985e-02;3.938449e-02;7.700834e-02;2.964921e-02;9.158414e-02;4.290823e-02;3.626130e-02;3.514490e-02;3.586211e-02;3.017433e-02
2.952831e-01;1.144342e-01;8.102091e-02;4.945339e-02;6.306941e-02;4.736391e-02;1.211572e-01;6.117679e-02;4.603372e-02;4.548398e-02;3.277495e-02;4.274848e-02
2.308117e-01;1.205319e-01;1.260366e-01;6.111318e-02;4.176271e-02;3.719950e-02;1.089574e-01;5.413024e-02;7.498385e-02;6.995421e-02;2.749086e-02;4.702793e-02
1.888025e-01;1.139026e-01;1.290028e-01;7.624041e-02;6.438681e-02;1.866308e-02;1.356589e-01;4.946091e-02;8.262751e-02;7.353926e-02;2.608660e-02;4.162858e-02
1.250803e-01;6.985503e-02;1.764885e-01;7.282478e-02;1.172651e-01;5.033577e-02;1.084865e-01;5.459283e-02;1.002800e-01;5.616838e-02;4.585827e-02;2.276448e-02
8.061765e-02;1.023408e-01;1.980753e-01;4.293288e-02;5.702020e-02;6.549460e-02;8.098783e-02;4.261374e-02;2.009821e-01;7.475783e-02;3.527836e-02;1.889865e-02
8.507899e-02;1.234946e-01;1.701775e-01;3.540896e-02;2.902188e-02;5.621972e-02;6.004776e-02;4.007026e-02;2.961391e-01;6.826780e-02;2.530318e-02;1.077029e-02
1.215213e-01;1.235720e-01;1.044862e-01;2.018978e-02;3.692688e-02;3.321074e-02;4.056012e-02;9.050509e-02;3.633128e-01;3.838656e-02;1.931311e-02;8.015410e-03
1.827696e-01;8.209061e-02;6.483591e-02;1.229904e-02;6.378864e-02;1.664454e-02;2.916705e-02;1.915400e-01;2.776259e-01;3.438576e-02;2.799983e-02;1.685317e-02
2.035535e-01;3.670456e-02;4.465735e-02;1.644253e-02;7.019024e-02;2.570153e-02;4.122398e-02;2.616815e-01;1.767014e-01;4.085704e-02;4.163238e-02;4.065399e-02
1.432490e-01;1.897593e-02;1.540567e-02;3.010521e-02;4.198339e-02;3.688145e-02;1.030733e-01;2.463629e-01;1.901348e-01;5.771473e-02;4.892660e-02;6.718694e-02
1.014603e-01;1.578801e-02;2.091061e-02;4.466558e-02;2.167188e-02;4.896196e-02;1.600432e-01;1.722136e-01;2.081161e-01;7.310381e-02;4.549059e-02;8.757444e-02
1.350024e-01;2.383081e-02;2.514030e-02;6.033213e-02;1.199968e-02;4.818355e-02;2.046899e-01;8.161480e-02;1.969035e-01;8.679958e-02;3.268896e-02;9.281431e-02
1.176349e-01;3.253298e-02;2.324296e-02;8.165162e-02;8.122807e-03;4.243925e-02;2.692941e-01;8.638064e-02;1.605475e-01;7.953111e-02;1.474045e-02;8.388173e-02
6.516644e-02;4.554154e-02;3.610866e-02;8.448450e-02;9.680611e-03;5.517120e-02;3.373849e-01;9.166829e-02;1.017458e-01;9.119149e-02;1.802278e-02;6.383387e-02
4.445896e-02;4.261283e-02;5.695255e-02;6.929731e-02;1.993320e-02;9.067018e-02;3.179539e-01;1.058544e-01;8.879043e-02;9.104425e-02;2.449387e-02;4.793822e-02
6.877295e-02;5.087760e-02;7.949806e-02;5.544535e-02;4.083290e-02;7.879229e-02;2.406821e-01;1.260521e-01;9.295716e-02;7.275350e-02;3.762629e-02;5.570971e-02
6.767899e-02;3.378922e-02;1.213627e-01;4.779973e-02;8.133306e-02;1.025171e-01;1.666002e-01;9.081134e-02;8.967032e-02;6.615481e-02;6.126861e-02;7.101391e-02
4.649987e-02;5.240112e-02;9.335789e-02;5.253426e-02;6.932892e-02;9.596141e-02;2.030618e-01;1.029178e-01;9.421671e-02;6.180149e-02;5.594728e-02;7.197145e-02
9.130384e-02;5.443404e-02;4.748226e-02;1.046139e-01;2.153867e-02;6.139935e-02;2.679803e-01;9.509683e-02;5.907500e-02;7.322787e-02;3.408268e-02;8.976526e-02
8.657038e-02;3.487166e-02;2.745302e-02;1.253189e-01;2.139448e-02;6.021305e-02;3.030149e-01;7.791279e-02;5.515952e-02;1.027674e-01;1.897672e-02;8.634717e-02
8.258241e-02;1.607613e-02;1.668627e-02;1.121090e-01;1.728977e-02;8.903909e-02;2.980389e-01;1.078420e-01;4.925689e-02;1.224790e-01;1.611908e-02;7.248151e-02
8.620443e-02;1.527087e-02;2.085131e-02;1.015410e-01;1.366815e-02;9.735452e-02;2.587919e-01;1.478989e-01;7.163303e-02;1.097855e-01;1.772206e-02;5.927829e-02
9.015789e-02;1.268241e-02;2.516678e-02;9.537470e-02;1.686560e-02;1.016767e-01;2.298249e-01;1.809107e-01;1.051702e-01;8.146907e-02;1.390558e-02;4.679544e-02
8.690304e-02;1.611843e-02;2.131037e-02;9.635169e-02;1.482349e-02;8.240240e-02;2.582880e-01;1.978489e-01;1.079811e-01;6.310199e-02;9.058829e-03;4.581185e-02
7.600407e-02;4.459973e-02;1.844874e-02;1.067974e-01;1.681787e-02;4.045532e-02;3.231587e-01;1.733572e-01;7.278018e-02;5.432471e-02;1.480910e-02;5.844693e-02
4.326550e-02;7.087226e-02;3.157921e-02;1.084717e-01;1.945664e-02;4.934493e-02;3.539016e-01;1.354027e-01;4.678299e-02;4.032111e-02;2.377660e-02;7.682486e-02
8.843235e-02;8.329751e-02;8.339472e-02;1.027190e-01;3.258929e-02;7.301576e-02;2.554058e-01;1.195888e-01;3.411144e-02;3.194624e-02;1.628496e-02;7.921417e-02
1.665477e-01;1.244031e-01;1.375600e-01;9.878657e-02;3.186539e-02;6.408326e-02;1.380467e-01;1.065642e-01;3.953296e-02;1.935492e-02;1.570382e-02;5.755139e-02
2.324570e-01;1.668419e-01;1.552465e-01;8.267422e-02;2.664622e-02;4.278893e-02;1.050527e-01;7.121453e-02;2.948087e-02;2.309841e-02;1.670564e-02;4.779302e-02
2.587563e-01;1.584427e-01;1.533322e-01;6.971736e-02;2.787128e-02;5.939820e-02;8.560124e-02;4.036398e-02;3.740073e-02;3.432513e-02;2.228424e-02;5.250658e-02
2.143946e-01;1.300440e-01;1.354019e-01;9.394939e-02;2.548955e-02;9.892503e-02;7.655808e-02;1.780884e-02;5.996925e-02;4.975982e-02;3.550374e-02;6.219583e-02
1.350941e-01;9.700374e-02;8.376572e-02;1.287424e-01;2.695539e-02;1.289320e-01;9.362044e-02;2.811261e-02;8.086523e-02;7.102213e-02;4.129071e-02;8.459557e-02
2.060314e-01;9.035544e-02;8.379050e-02;1.090665e-01;2.849436e-02;1.013486e-01;1.151185e-01;3.007073e-02;7.573040e-02;7.353160e-02;2.910837e-02;5.735362e-02
2.095943e-01;1.016983e-01;8.790396e-02;9.671435e-02;2.728151e-02;8.932687e-02;1.404242e-01;2.599109e-02;7.317903e-02;6.985261e-02;2.765717e-02;5.037659e-02
1.260600e-01;1.129438e-01;1.137814e-01;8.483782e-02;3.099381e-02;8.285340e-02;1.552102e-01;6.105874e-02;5.682387e-02;6.832271e-02;4.605698e-02;6.105734e-02
1.113101e-01;8.955029e-02;1.322391e-01;8.318273e-02;3.539981e-02;8.614519e-02;1.586862e-01;8.431225e-02;5.758776e-02;5.638123e-02;3.798157e-02;6.722378e-02
9.048410e-02;7.651752e-02;1.759564e-01;7.681401e-02;5.202363e-02;7.588485e-02;1.941522e-01;6.322403e-02;5.874153e-02;4.808428e-02;3.900424e-02;4.911325e-02
7.036161e-02;7.193679e-02;1.477463e-01;7.385670e-02;8.356869e-02;6.678723e-02;2.417059e-01;4.837030e-02;4.943585e-02;5.938445e-02;4.364280e-02;4.320331e-02
1.115434e-01;6.638689e-02;1.368472e-01;7.288840e-02;7.672197e-02;5.310035e-02;2.338632e-01;4.273472e-02;5.221341e-02;6.785658e-02;3.332006e-02;5.252381e-02
7.640307e-02;5.222975e-02;1.482028e-01;6.836100e-02;5.745815e-02;7.008301e-02;2.480292e-01;3.089602e-02;7.914162e-02;8.094405e-02;3.619619e-02;5.205508e-02
2.634863e-02;3.221639e-02;1.443264e-01;5.735440e-02;4.883469e-02;9.804468e-02;2.657053e-01;3.553056e-02;1.189981e-01;8.081744e-02;5.551337e-02;3.631010e-02
4.534448e-02;4.074365e-02;1.502402e-01;4.228536e-02;6.436870e-02;8.613784e-02;2.378145e-01;2.978524e-02;1.478322e-01;7.170453e-02;6.259528e-02;2.114795e-02
6.868710e-02;7.755107e-02;1.090316e-01;4.323497e-02;6.902703e-02;8.394068e-02;2.361665e-01;4.347045e-02;1.258949e-01;6.017839e-02;5.828438e-02;2.453291e-02
5.538644e-02;9.372934e-02;1.351621e-01;5.355843e-02;6.443751e-02;7.359208e-02;2.499235e-01;4.922153e-02;8.455265e-02;4.794687e-02;5.568545e-02;3.680411e-02
1.049251e-01;7.557860e-02;1.436354e-01;5.972396e-02;6.259808e-02;4.346224e-02;2.173626e-01;5.820746e-02;7.514983e-02;4.629264e-02;5.240519e-02;6.065887e-02
1.014426e-01;3.689704e-02;1.275505e-01;6.686571e-02;5.300767e-02;6.406956e-02;2.584297e-01;6.150215e-02;7.066903e-02;4.658719e-02;4.363281e-02;6.934601e-02
9.085926e-02;2.902839e-02;1.738597e-01;8.750675e-02;7.128274e-02;9.717850e-02;1.878381e-01;6.637594e-02;5.211138e-02;5.699723e-02;3.352448e-02;5.343756e-02
9.041423e-02;4.862664e-02;1.690389e-01;1.015201e-01;9.113429e-02;1.048763e-01;1.481015e-01;5.373512e-02;3.361943e-02;6.980229e-02;4.416448e-02;4.496672e-02
1.120384e-01;3.349802e-02;1.534129e-01;8.419888e-02;7.229932e-02;7.652006e-02;1.812808e-01;6.073890e-02;3.589753e-02;7.875407e-02;6.129289e-02;5.006832e-02
1.186816e-01;3.940556e-02;1.421760e-01;6.488299e-02;5.511468e-02;4.707987e-02;1.850944e-01;7.864069e-02;6.170662e-02;7.493705e-02;5.514842e-02;7.713214e-02
1.160607e-01;7.102498e-02;1.089627e-01;6.671093e-02;7.089417e-02;7.925675e-02;1.370955e-01;4.877368e-02;1.210661e-01;8.380875e-02;3.800923e-02;5.833654e-02
6.623656e-02;8.010131e-02;1.337715e-01;7.794982e-02;7.111406e-02;1.027612e-01;1.549149e-01;7.428181e-02;9.226089e-02;7.211960e-02;3.862454e-02;3.586375e-02
1.126295e-01;8.922379e-02;1.509828e-01;6.813542e-02;5.796981e-02;7.342108e-02;2.067839e-01;7.046278e-02;3.351074e-02;5.429794e-02;3.279788e-02;4.978438e-02
1.381297e-01;8.935369e-02;1.099280e-01;6.716818e-02;4.088595e-02;5.198088e-02;2.421227e-01;7.350194e-02;3.952430e-02;5.353990e-02;2.962971e-02;6.423512e-02
1.457744e-01;7.604565e-02;7.724560e-02;6.093877e-02;2.958625e-02;4.078016e-02;2.720608e-01;9.685887e-02;4.565894e-02;5.117387e-02;3.677325e-02;6.710339e-02
1.238461e-01;7.528394e-02;1.084906e-01;4.135523e-02;2.905746e-02;5.842977e-02;2.690333e-01;9.099639e-02;4.982695e-02;5.430407e-02;5.152514e-02;4.785109e-02
1.534717e-01;1.221099e-01;9.818237e-02;3.283674e-02;4.281183e-02;7.241448e-02;1.691954e-01;7.315562e-02;1.087318e-01;5.036099e-02;3.821649e-02;3.851277e-02
2.183147e-01;1.222881e-01;1.002543e-01;2.350166e-02;6.122212e-02;3.943337e-02;9.297890e-02;1.513707e-01;1.138250e-01;3.164611e-02;1.537904e-02;2.978593e-02
2.627603e-01;1.043456e-01;1.058272e-01;9.509694e-03;1.097254e-01;1.818730e-02;4.877301e-02;2.125766e-01;7.300255e-02;1.768182e-02;1.097090e-02;2.663969e-02
2.778961e-01;7.242984e-02;9.487636e-02;1.043555e-02;1.787025e-01;6.057116e-03;3.739408e-02;2.415832e-01;3.171331e-02;1.286438e-02;9.832242e-03;2.621528e-02
2.768205e-01;5.977929e-02;8.483857e-02;1.066436e-02;2.237138e-01;4.872071e-03;3.307862e-02;2.343830e-01;2.292589e-02;1.342587e-02;1.333976e-02;2.215827e-02
2.757751e-01;8.253504e-02;7.652275e-02;8.998412e-03;1.836380e-01;5.883228e-03;6.275326e-02;1.989631e-01;3.419627e-02;3.203688e-02;1.856955e-02;2.012839e-02
2.569326e-01;1.224424e-01;5.557521e-02;8.908285e-03;9.865457e-02;1.217178e-02;1.213095e-01;1.338071e-01;4.860225e-02;1.080804e-01;1.806680e-02;1.544916e-02
2.312500e-01;1.711561e-01;6.066567e-02;8.490375e-03;5.292363e-02;1.986644e-02;1.195518e-01;8.520269e-02;7.330024e-02;1.593496e-01;1.078693e-02;7.456482e-03
2.477189e-01;2.149847e-01;7.605762e-02;7.198595e-03;4.239642e-02;4.131201e-02;7.108670e-02;6.055670e-02;1.036470e-01;1.231915e-01;4.866861e-03;6.983022e-03
2.727229e-01;2.311933e-01;6.116452e-02;7.975172e-03;2.595191e-02;3.717071e-02;1.095550e-01;4.428133e-02;8.699434e-02;1.007091e-01;9.089138e-03;1.319255e-02
2.167287e-01;2.054316e-01;1.413610e-01;2.036149e-02;4.367786e-02;2.090874e-02;1.345890e-01;4.714364e-02;5.212120e-02;8.989724e-02;1.175841e-02;1.602106e-02
1.325181e-01;1.800364e-01;2.531574e-01;3.969222e-02;5.121011e-02;3.599968e-02;9.643923e-02;6.004673e-02;4.137182e-02;8.258867e-02;1.314597e-02;1.379366e-02
1.098817e-01;1.225470e-01;1.948013e-01;7.962056e-02;7.357839e-02;5.101145e-02;1.018326e-01;9.538843e-02;5.278414e-02;8.053571e-02;2.530011e-02;1.271865e-02
1.210634e-01;6.592563e-02;1.321936e-01;9.111533e-02;1.173550e-01;4.604681e-02;1.009037e-01;1.058132e-01;9.348156e-02;7.982935e-02;3.000115e-02;1.627123e-02
1.145082e-01;5.808748e-02;1.077343e-01;6.451435e-02;1.437532e-01;6.009509e-02;1.493091e-01;6.303100e-02;1.302841e-01;6.236253e-02;2.072616e-02;2.559446e-02
1.032631e-01;4.831471e-02;8.739975e-02;3.354864e-02;1.361765e-01;1.128791e-01;2.118721e-01;6.848335e-02;1.152014e-01;4.798707e-02;1.137812e-02;2.349611e-02
7.380608e-02;3.139646e-02;6.837870e-02;2.123283e-02;1.059722e-01;1.541268e-01;2.638742e-01;1.007471e-01;4.497777e-02;1.159040e-01;9.778736e-03;9.805150e-03
5.434119e-02;3.446645e-02;5.452700e-02;1.312953e-02;9.317964e-02;1.497008e-01;3.576452e-01;7.509161e-02;2.182833e-02;1.320307e-01;8.117252e-03;5.942309e-03
5.366017e-02;2.802123e-02;4.898336e-02;1.298768e-02;7.503979e-02;1.222379e-01;5.184956e-01;4.323979e-02;2.253110e-02;6.487910e-02;5.461771e-03;4.462534e-03
4.281981e-02;3.139689e-02;5.943546e-02;1.411076e-02;6.300617e-02;8.635208e-02;5.927492e-01;2.408852e-02;5.203585e-02;2.594721e-02;4.368705e-03;3.689424e-03
2.644130e-02;2.807869e-02;2.522806e-02;1.282558e-02;3.350206e-02;5.718483e-02;6.810859e-01;2.375633e-02;8.423702e-02;1.824316e-02;5.381850e-03;4.035239e-03
1.775220e-02;2.156407e-02;2.084440e-02;9.177288e-03;3.532081e-02;5.732935e-02;6.996129e-01;2.896319e-02;8.353259e-02;1.680557e-02;5.113740e-03;3.983901e-03
2.046672e-02;2.706192e-02;1.724547e-02;6.500759e-03;4.046082e-02;6.309142e-02;7.088330e-01;3.162676e-02;6.854019e-02;7.852406e-03;4.850691e-03;3.469835e-03
3.613651e-02;2.705800e-02;9.675339e-03;8.325029e-03;4.895317e-02;7.406901e-02;7.019936e-01;2.991641e-02;4.654136e-02;1.059622e-02;4.517606e-03;2.217689e-03
3.914804e-02;2.554489e-02;1.913495e-02;1.578042e-02;7.207968e-02;1.012198e-01;6.609826e-01;2.262651e-02;2.501761e-02;1.083324e-02;4.569799e-03;3.062428e-03
4.582428e-02;2.319943e-02;2.112267e-02;1.748217e-02;9.645472e-02;1.182814e-01;6.022445e-01;2.911730e-02;1.602996e-02;2.192726e-02;3.221633e-03;5.094760e-03
5.143786e-02;1.987412e-02;7.296494e-02;2.232651e-02;1.186371e-01;1.023633e-01;5.270434e-01;2.912458e-02;1.507354e-02;1.931005e-02;7.484620e-03;1.435989e-02
5.351369e-02;3.706370e-02;1.422111e-01;4.112372e-02;1.098989e-01;4.711754e-02;4.678840e-01;2.778213e-02;1.494579e-02;1.456673e-02;1.615957e-02;2.773316e-02
4.919134e-02;3.837519e-02;2.311388e-01;4.945635e-02;9.685470e-02;5.604955e-02;3.887504e-01;2.476981e-02;1.091712e-02;1.168315e-02;2.222849e-02;2.058506e-02
3.346945e-02;4.735292e-02;3.201542e-01;4.970628e-02;5.421890e-02;4.955048e-02;3.632883e-01;1.901740e-02;1.317580e-02;1.577280e-02;1.879150e-02;1.550187e-02
3.672703e-02;6.416145e-02;2.975606e-01;4.111249e-02;6.907117e-02;6.292071e-02;3.315929e-01;1.824813e-02;2.447704e-02;2.174220e-02;1.724832e-02;1.513792e-02
8.060712e-02;7.798576e-02;2.246508e-01;1.926410e-02;9.295074e-02;7.339597e-02;2.990616e-01;2.792343e-02;3.780255e-02;2.176150e-02;2.196130e-02;2.263508e-02
1.112820e-01;5.921099e-02;2.554120e-01;3.311714e-02;7.902770e-02;5.413297e-02;2.273908e-01;3.403256e-02;5.643149e-02;2.662200e-02;2.790825e-02;3.543210e-02
9.339651e-02;6.465539e-02;1.501320e-01;3.727218e-02;8.508515e-02;3.971440e-02;2.531366e-01;3.777346e-02;7.366423e-02;4.595893e-02;5.218597e-02;6.702511e-02
3.670521e-02;6.986141e-02;8.809442e-02;3.146854e-02;9.723244e-02;6.157035e-02;2.774725e-01;4.871503e-02;6.609901e-02;6.221848e-02;9.403038e-02;6.653219e-02
7.087116e-02;5.258690e-02;1.611829e-01;3.387640e-02;9.062973e-02;6.790932e-02;2.337147e-01;3.654645e-02;5.781398e-02;7.558946e-02;9.573059e-02;2.354840e-02
5.585115e-02;5.020322e-02;1.695097e-01;3.332670e-02;1.079676e-01;6.784607e-02;2.619013e-01;2.563250e-02;4.540846e-02;8.347385e-02;7.917903e-02;1.970038e-02
5.080635e-02;5.047936e-02;1.411442e-01;2.946755e-02;1.178401e-01;5.815550e-02;2.711292e-01;3.374706e-02;5.343152e-02;9.566561e-02;6.613166e-02;3.200193e-02
6.487209e-02;4.591773e-02;1.044691e-01;3.695241e-02;1.062022e-01;3.906925e-02;2.634563e-01;5.289759e-02;7.826316e-02;1.265694e-01;4.770980e-02;3.362079e-02
4.175778e-02;4.688386e-02;1.691419e-01;3.699635e-02;9.490387e-02;6.770977e-02;2.398220e-01;4.351874e-02;5.751418e-02;1.217389e-01;6.232390e-02;1.768878e-02
6.102339e-02;4.948907e-02;1.361851e-01;2.762700e-02;9.405298e-02;7.005244e-02;2.278166e-01;5.618425e-02;5.578199e-02;9.997415e-02;9.508261e-02;2.673051e-02
8.539877e-02;4.736597e-02;1.172633e-01;3.744604e-02;8.318313e-02;6.718024e-02;2.161518e-01;5.566963e-02;6.184996e-02;9.718393e-02;1.024812e-01;2.882610e-02
6.994852e-02;5.201096e-02;1.685071e-01;3.774744e-02;6.703830e-02;7.176511e-02;2.314739e-01;3.442615e-02;6.175672e-02;8.346473e-02;7.265744e-02;4.920367e-02
4.338512e-02;6.366040e-02;1.650437e-01;4.466978e-02;5.592747e-02;5.887395e-02;2.326930e-01;6.364094e-02;3.662021e-02;7.452540e-02;7.418428e-02;8.677574e-02
6.096279e-02;5.268785e-02;1.932988e-01;4.914994e-02;5.950723e-02;8.540660e-02;1.231320e-01;7.661559e-02;4.352767e-02;8.215284e-02;1.206582e-01;5.290049e-02
5.129293e-02;4.542336e-02;1.762465e-01;2.932904e-02;6.397287e-02;1.123064e-01;8.558726e-02;8.770656e-02;5.335074e-02;8.821695e-02;1.579874e-01;4.857996e-02
3.060202e-02;2.110050e-02;9.494305e-02;2.586800e-02;6.172899e-02;9.375780e-02;1.792047e-01;1.501035e-01;5.703899e-02;6.390912e-02;1.521569e-01;6.958631e-02
4.960944e-02;1.425604e-02;5.705875e-02;3.633376e-02;3.618287e-02;5.874908e-02;3.084542e-01;1.801365e-01;4.133185e-02;3.969763e-02;9.393065e-02;8.425923e-02
3.357433e-02;1.416549e-02;4.509092e-02;3.734653e-02;1.615041e-02;5.384961e-02;3.588584e-01;2.240193e-01;4.323017e-02;3.439517e-02;5.255756e-02;8.676212e-02
1.478422e-02;1.401123e-02;9.019338e-02;2.503820e-02;1.784893e-02;7.507648e-02;2.498801e-01;2.433894e-01;7.668092e-02;4.429327e-02;8.445772e-02;6.434608e-02
2.292780e-02;1.236998e-02;1.184998e-01;1.103090e-02;2.574078e-02;1.159413e-01;1.408307e-01;2.002560e-01;1.229509e-01;5.488716e-02;1.273966e-01;4.716812e-02
1.794354e-02;9.918145e-03;1.467876e-01;1.785030e-02;3.189814e-02;1.675326e-01;1.184465e-01;9.727381e-02;1.239438e-01;5.508550e-02;1.712240e-01;4.209605e-02
1.516184e-02;1.433212e-02;1.324722e-01;1.354073e-02;3.389671e-02;2.302799e-01;1.186818e-01;7.409956e-02;8.507124e-02;5.311230e-02;1.911764e-01;3.817528e-02
3.012764e-02;1.202190e-02;1.225270e-01;1.318924e-02;3.042476e-02;2.496065e-01;1.562090e-01;5.603453e-02;5.492538e-02;5.756463e-02;1.837564e-01;3.361314e-02
2.639873e-02;7.374017e-03;1.122505e-01;1.184631e-02;3.157600e-02;2.618134e-01;1.832024e-01;3.114526e-02;4.617172e-02;5.433759e-02;1.831770e-01;5.070705e-02
4.848953e-02;1.086479e-02;1.174133e-01;1.208130e-02;3.588866e-02;2.484504e-01;1.433680e-01;4.342518e-02;5.528573e-02;5.992480e-02;1.754488e-01;4.935949e-02
3.083418e-02;2.910561e-02;1.295013e-01;1.947212e-02;4.776192e-02;1.885145e-01;1.636562e-01;4.123186e-02;6.794658e-02;5.686582e-02;1.658550e-01;5.925502e-02
6.699652e-02;4.573649e-02;1.310288e-01;2.888612e-02;5.531470e-02;9.367010e-02;1.595577e-01;7.434189e-02;6.599469e-02;8.292255e-02;1.373345e-01;5.821587e-02
7.151569e-02;3.490162e-02;1.380249e-01;3.824855e-02;6.881925e-02;7.324825e-02;1.498855e-01;9.968183e-02;7.864256e-02;1.008589e-01;1.066073e-01;3.956572e-02
5.395659e-02;2.178947e-02;1.035954e-01;3.621041e-02;6.451456e-02;7.984050e-02;1.929796e-01;8.184945e-02;1.047666e-01;1.031716e-01;1.079037e-01;4.942222e-02
6.830625e-02;4.918124e-02;8.271987e-02;3.306066e-02;4.698748e-02;7.044681e-02;1.474727e-01;1.104938e-01;1.274787e-01;1.123376e-01;1.056524e-01;4.586246e-02
6.858814e-02;6.386074e-02;7.747164e-02;2.583470e-02;4.746009e-02;8.047040e-02;8.194847e-02;1.449563e-01;1.428294e-01;1.212657e-01;9.583847e-02;4.947597e-02
3.667739e-02;3.495222e-02;8.473785e-02;3.254186e-02;5.114807e-02;9.113607e-02;8.741364e-02;1.285555e-01;1.734846e-01;1.877849e-01;5.424210e-02;3.732573e-02
3.094896e-02;2.103844e-02;7.335359e-02;2.996691e-02;6.219053e-02;9.821495e-02;8.232281e-02;1.376129e-01;1.896833e-01;2.276018e-01;2.888894e-02;1.817679e-02
2.943882e-02;2.564398e-02;6.192505e-02;3.066317e-02;6.628829e-02;1.133280e-01;9.973273e-02;1.050902e-01;1.678342e-01;2.537315e-01;2.348448e-02;2.283955e-02
4.722033e-02;3.024868e-02;4.988582e-02;5.401121e-02;1.000786e-01;8.654235e-02;8.322649e-02;5.688057e-02;1.353196e-01;2.993333e-01;2.648731e-02;3.076580e-02
3.202609e-02;3.236609e-02;5.964434e-02;4.896089e-02;1.238717e-01;5.183430e-02;6.143429e-02;5.670183e-02;1.346228e-01;3.453455e-01;3.071254e-02;2.247953e-02
2.091237e-02;5.982333e-02;9.334705e-02;3.076239e-02;1.052339e-01;5.321984e-02;6.344230e-02;5.761847e-02;1.103317e-01;3.322245e-01;4.422228e-02;2.886190e-02
4.691923e-02;5.669855e-02;8.448606e-02;4.682240e-02;6.893729e-02;7.087491e-02;7.831097e-02;3.666379e-02;1.076731e-01;3.310625e-01;4.005693e-02;3.149422e-02
1.035889e-01;8.329550e-02;2.072667e-01;5.367298e-02;6.361069e-02;4.012063e-02;6.612363e-02;3.524968e-02;8.994238e-02;1.874719e-01;3.621338e-02;3.344374e-02
1.449684e-01;1.131847e-01;2.779920e-01;5.009820e-02;5.201519e-02;3.657432e-02;8.546523e-02;1.758354e-02;5.181464e-02;8.380092e-02;4.001823e-02;4.648465e-02
1.157611e-01;1.149179e-01;2.559531e-01;4.346113e-02;6.098145e-02;5.238932e-02;1.009735e-01;1.664697e-02;5.293124e-02;7.849878e-02;6.446980e-02;4.301572e-02
5.105665e-02;1.233056e-01;1.937798e-01;3.783226e-02;7.653394e-02;7.311774e-02;1.123206e-01;2.346009e-02;6.235457e-02;1.152918e-01;1.038609e-01;2.708609e-02
3.479513e-02;1.069941e-01;1.734648e-01;5.865968e-02;9.873594e-02;7.726874e-02;6.344328e-02;3.077465e-02;6.113688e-02;1.657109e-01;1.122977e-01;1.671822e-02
5.936986e-02;4.800406e-02;1.920486e-01;7.525485e-02;9.476434e-02;7.479961e-02;9.684116e-02;4.139999e-02;6.392390e-02;1.563846e-01;8.307841e-02;1.413062e-02
8.621390e-02;6.049737e-02;1.484196e-01;7.794387e-02;8.196780e-02;6.482316e-02;1.463674e-01;4.525906e-02;7.496049e-02;1.387052e-01;4.761010e-02;2.723197e-02
6.790734e-02;5.670834e-02;1.472783e-01;8.426788e-02;9.800558e-02;7.233373e-02;1.431756e-01;4.948042e-02;8.019071e-02;1.270941e-01;4.256607e-02;3.099186e-02
4.930287e-02;5.668795e-02;1.771731e-01;8.724085e-02;9.702301e-02;8.777209e-02;7.537244e-02;6.220855e-02;8.766872e-02;1.467353e-01;4.729351e-02;2.552154e-02
7.080847e-02;6.405173e-02;1.660992e-01;7.002752e-02;7.775671e-02;7.552911e-02;9.399533e-02;6.939030e-02;7.114409e-02;1.585956e-01;5.642242e-02;2.617953e-02
1.087402e-01;6.528036e-02;1.315302e-01;5.419828e-02;6.270638e-02;7.188881e-02;1.010178e-01;8.281190e-02;8.569813e-02;1.646269e-01;5.117697e-02;2.032420e-02
9.950484e-02;6.668458e-02;1.406838e-01;5.061513e-02;6.439625e-02;6.772567e-02;9.961863e-02;1.140614e-01;1.014156e-01;1.243020e-01;3.587624e-02;3.511589e-02
5.292181e-02;6.828205e-02;1.622836e-01;6.330990e-02;8.388264e-02;8.002807e-02;1.078258e-01;1.318739e-01;8.699656e-02;8.640659e-02;3.635854e-02;3.983059e-02
5.214464e-02;5.740241e-02;1.324616e-01;8.990447e-02;1.163936e-01;9.545164e-02;5.623244e-02;1.011811e-01;9.458034e-02;1.192982e-01;4.788752e-02;3.706211e-02
8.572203e-02;8.208677e-02;1.178094e-01;6.257646e-02;1.106720e-01;8.636025e-02;5.361966e-02;8.268525e-02;1.031316e-01;1.203913e-01;4.967367e-02;4.527154e-02
8.549291e-02;9.054942e-02;1.450825e-01;3.750226e-02;9.718540e-02;7.497987e-02;5.996690e-02;7.323719e-02;1.189451e-01;1.210524e-01;5.791673e-02;3.808941e-02
8.174962e-02;8.752777e-02;1.630292e-01;3.807721e-02;8.868316e-02;6.939556e-02;7.039277e-02;8.827052e-02;1.234948e-01;1.150221e-01;5.141092e-02;2.294638e-02
9.463622e-02;8.297705e-02;1.602326e-01;4.340723e-02;6.164523e-02;8.636674e-02;1.132056e-01;7.977249e-02;1.135632e-01;9.428968e-02;3.807394e-02;3.182999e-02
8.326075e-02;4.898232e-02;1.494977e-01;3.595071e-02;7.317059e-02;9.445263e-02;1.131966e-01;8.687960e-02;1.434305e-01;1.023259e-01;4.166731e-02;2.718539e-02
6.448630e-02;6.273624e-02;1.507326e-01;4.050172e-02;7.645198e-02;8.752219e-02;1.141156e-01;1.014168e-01;1.419728e-01;1.063680e-01;2.929848e-02;2.439734e-02
8.735203e-02;8.199195e-02;1.873298e-01;5.086821e-02;6.663360e-02;7.236217e-02;8.277882e-02;1.033920e-01;1.446583e-01;6.682583e-02;3.252770e-02;2.327960e-02
6.248467e-02;7.482863e-02;1.538243e-01;5.409897e-02;7.600311e-02;7.857113e-02;1.754324e-01;1.071890e-01;8.960650e-02;5.231044e-02;3.322432e-02;4.242663e-02
5.429267e-02;8.696763e-02;1.218476e-01;5.753823e-02;5.398872e-02;7.879225e-02;2.554496e-01;1.282804e-01;2.961728e-02;4.789368e-02;2.844568e-02;5.688615e-02
5.222442e-02;9.642780e-02;7.075139e-02;6.787550e-02;3.191907e-02;5.691176e-02;2.972408e-01;1.572169e-01;3.200565e-02;5.324909e-02;2.041240e-02;6.376530e-02
4.359495e-02;1.129692e-01;2.906254e-02;8.589264e-02;1.371720e-02;2.384330e-02;3.372240e-01;1.596867e-01;4.501014e-02;5.240322e-02;1.552347e-02;8.107267e-02
1.885846e-02;1.442106e-01;1.751546e-02;1.043171e-01;1.004556e-02;2.188070e-02;3.890035e-01;8.857959e-02;4.767200e-02;3.744103e-02;9.210766e-03;1.112652e-01
1.347258e-02;1.529606e-01;1.793108e-02;1.024935e-01;9.879010e-03;2.217050e-02;4.059107e-01;5.734719e-02;4.241507e-02;3.193758e-02;1.786349e-02;1.256188e-01
1.560609e-02;1.372821e-01;1.969411e-02;1.198068e-01;7.990384e-03;2.336433e-02;3.795052e-01;6.552888e-02;3.310828e-02;3.719623e-02;1.996578e-02;1.409519e-01
2.932269e-02;1.040383e-01;1.282058e-02;1.603860e-01;9.691327e-03;3.560821e-02;3.584584e-01;5.031640e-02;3.415776e-02;5.680034e-02;9.015325e-03;1.393847e-01
6.355625e-02;5.947554e-02;4.286871e-02;1.340842e-01;1.875103e-02;4.473581e-02;2.731752e-01;1.300404e-01;8.077811e-02;6.097814e-02;7.784368e-03;8.377229e-02
1.207497e-01;3.541191e-02;8.202883e-02;7.138452e-02;4.415732e-02;3.739937e-02;1.652621e-01;2.392765e-01;1.154667e-01;3.588466e-02;1.007165e-02;4.290679e-02
1.649411e-01;3.287897e-02;8.985054e-02;2.150838e-02;8.122642e-02;2.302383e-02;9.811037e-02;3.131772e-01;1.086626e-01;2.230763e-02;1.409430e-02;3.021876e-02
1.602278e-01;5.982544e-02;8.672748e-02;2.303980e-02;7.840434e-02;1.285737e-02;9.167131e-02;2.944370e-01;1.050490e-01;3.938739e-02;1.670273e-02;3.167037e-02
1.086742e-01;1.062650e-01;1.201924e-01;5.647179e-02;4.097703e-02;2.406173e-02;5.694538e-02;2.130361e-01;1.547929e-01;7.447169e-02;1.854337e-02;2.556845e-02
6.118978e-02;1.133247e-01;2.180316e-01;6.598102e-02;3.605045e-02;2.749829e-02;3.735812e-02;1.427305e-01;1.538767e-01;8.881282e-02;2.346655e-02;3.167949e-02
1.733821e-02;8.670579e-02;3.087789e-01;6.944162e-02;4.863789e-02;3.175147e-02;3.626583e-02;1.269638e-01;1.028525e-01;8.646304e-02;3.781913e-02;4.698170e-02
3.968660e-02;4.918124e-02;2.591818e-01;9.188721e-02;6.758621e-02;4.282453e-02;6.856696e-02;1.321188e-01;8.884799e-02;6.403935e-02;5.458586e-02;4.149345e-02
6.854012e-02;6.065938e-02;1.657683e-01;1.278945e-01;9.349789e-02;4.212539e-02;1.147846e-01;1.478296e-01;6.523392e-02;4.215223e-02;5.453327e-02;1.698076e-02
7.984456e-02;8.755041e-02;1.877244e-01;1.352487e-01;6.491221e-02;2.511631e-02;1.359902e-01;1.026251e-01;6.214854e-02;3.687967e-02;4.328267e-02;3.867721e-02
9.616169e-02;5.809586e-02;1.730055e-01;1.224521e-01;8.684587e-02;1.941471e-02;1.235472e-01;6.009254e-02;1.104171e-01;3.664946e-02;4.597860e-02;6.733938e-02
1.073322e-01;5.693200e-02;1.841654e-01;8.782328e-02;9.532367e-02;3.052726e-02;9.739447e-02;7.976638e-02;1.113966e-01;3.707487e-02;3.967991e-02;7.258400e-02
1.110134e-01;6.083390e-02;2.330173e-01;7.712898e-02;9.318265e-02;3.296378e-02;1.004869e-01;7.564484e-02;5.379137e-02;3.017668e-02;3.709748e-02;9.466282e-02
9.351698e-02;6.944779e-02;2.463313e-01;7.462407e-02;7.655693e-02;3.777306e-02;1.118091e-01;7.831855e-02;2.999931e-02;2.648364e-02;2.886027e-02;1.262789e-01
5.824900e-02;4.572861e-02;2.381090e-01;9.396517e-02;8.663602e-02;2.893522e-02;8.908355e-02;1.082622e-01;3.868770e-02;4.864364e-02;1.342170e-02;1.502782e-01
3.878359e-02;6.618588e-02;1.485126e-01;1.003698e-01;6.948194e-02;2.729903e-02;7.722603e-02;1.347286e-01;7.658366e-02;6.915075e-02;3.895908e-02;1.527190e-01
2.470423e-02;8.375875e-02;6.633975e-02;9.120642e-02;6.091428e-02;2.336000e-02;1.347302e-01;1.535821e-01;1.005058e-01;9.476192e-02;3.243845e-02;1.336981e-01
2.050962e-02;7.125154e-02;8.959487e-02;7.347003e-02;6.443968e-02;4.325433e-02;1.641152e-01;1.369375e-01;1.277109e-01;9.968512e-02;1.912550e-02;8.990571e-02
4.620569e-02;5.702288e-02;6.206615e-02;9.183931e-02;6.673148e-02;4.829910e-02;1.479451e-01;9.564151e-02;1.487892e-01;1.726195e-01;2.387507e-02;3.896509e-02
4.762442e-02;5.900873e-02;5.994057e-02;1.198192e-01;7.263900e-02;4.228744e-02;1.041059e-01;7.963016e-02;2.236726e-01;1.538302e-01;2.628811e-02;1.115362e-02
4.847526e-02;4.714726e-02;6.665431e-02;1.090262e-01;6.124684e-02;2.717017e-02;6.395420e-02;1.178378e-01;2.808699e-01;1.351437e-01;2.235458e-02;2.011969e-02
4.400492e-02;4.215849e-02;7.329767e-02;1.019263e-01;5.149172e-02;3.279038e-02;5.919878e-02;1.414806e-01;2.809841e-01;1.108476e-01;2.943948e-02;3.237992e-02
4.677666e-02;6.901693e-02;9.380846e-02;8.542109e-02;2.797539e-02;3.372435e-02;6.294446e-02;1.637906e-01;2.277415e-01;8.530065e-02;3.078496e-02;7.271504e-02
6.607708e-02;8.557975e-02;1.532244e-01;5.636193e-02;3.078108e-02;3.318810e-02;8.329321e-02;1.889549e-01;1.323327e-01;6.194460e-02;2.301770e-02;8.524457e-02
8.149625e-02;9.512686e-02;2.923738e-01;7.406131e-02;5.617804e-02;3.595837e-02;7.633334e-02;1.058958e-01;6.334285e-02;5.552866e-02;2.160382e-02;4.210085e-02
8.745396e-02;8.198875e-02;2.633155e-01;7.451576e-02;6.718677e-02;4.934166e-02;1.268492e-01;5.041621e-02;7.192725e-02;5.837220e-02;3.222037e-02;3.641233e-02
7.991890e-02;6.347853e-02;1.781676e-01;6.630240e-02;7.423606e-02;6.611962e-02;1.918128e-01;3.877209e-02;8.552626e-02;5.849111e-02;5.968319e-02;3.749144e-02
5.675003e-02;3.280349e-02;1.139264e-01;5.655885e-02;8.699952e-02;9.445694e-02;2.502807e-01;3.356029e-02;8.640844e-02;5.838896e-02;9.861556e-02;3.125080e-02
4.222249e-02;4.041361e-02;1.358565e-01;3.965363e-02;7.992446e-02;1.133450e-01;2.346566e-01;3.966634e-02;5.974113e-02;5.949439e-02;1.178640e-01;3.716188e-02
4.124464e-02;6.282638e-02;1.365141e-01;3.390680e-02;7.118936e-02;1.170733e-01;1.789236e-01;5.007065e-02;4.653501e-02;7.782512e-02;1.426248e-01;4.126627e-02
2.370361e-02;6.512036e-02;7.316656e-02;5.520971e-02;7.833861e-02;1.331621e-01;1.733408e-01;4.282029e-02;6.874797e-02;1.052023e-01;1.437597e-01;3.742794e-02
6.512003e-02;6.294034e-02;5.286091e-02;7.457463e-02;1.179661e-01;1.355822e-01;1.437417e-01;5.829603e-02;7.942276e-02;1.006160e-01;7.981075e-02;2.906862e-02
6.375576e-02;7.257877e-02;4.190826e-02;8.604557e-02;1.928988e-01;1.200033e-01;8.188682e-02;4.565674e-02;7.690293e-02;1.369823e-01;5.876981e-02;2.261103e-02
3.986945e-02;8.699279e-02;5.467831e-02;8.662050e-02;2.482459e-01;7.742289e-02;4.032503e-02;3.040610e-02;6.102961e-02;1.888456e-01;5.397934e-02;3.158450e-02
1.645254e-02;1.013181e-01;6.576857e-02;7.659157e-02;2.435986e-01;5.843072e-02;6.497625e-02;3.898501e-02;5.575745e-02;2.129266e-01;3.948811e-02;2.570645e-02
2.528834e-02;9.897356e-02;6.760906e-02;9.254626e-02;1.981527e-01;5.189762e-02;7.056436e-02;4.559733e-02;8.634297e-02;2.113746e-01;3.277995e-02;1.887327e-02
2.161789e-02;8.959558e-02;7.268283e-02;1.246956e-01;1.444838e-01;4.919153e-02;7.678328e-02;4.263042e-02;7.922742e-02;2.239993e-01;5.748097e-02;1.761133e-02
4.260534e-02;8.223653e-02;6.032579e-02;1.427395e-01;8.788597e-02;5.613166e-02;9.063998e-02;5.558164e-02;7.989044e-02;2.030291e-01;7.612732e-02;2.280681e-02
4.990951e-02;5.176827e-02;6.595971e-02;1.687448e-01;1.224061e-01;4.974045e-02;9.544327e-02;7.078354e-02;6.750237e-02;1.439590e-01;7.765397e-02;3.612884e-02
5.438057e-02;5.753786e-02;9.922138e-02;1.430468e-01;1.353310e-01;4.726832e-02;1.234923e-01;9.059796e-02;5.917427e-02;9.541386e-02;5.929130e-02;3.524446e-02
7.829805e-02;6.867608e-02;9.242326e-02;9.834217e-02;1.474139e-01;6.367301e-02;4.756244e-02;8.407677e-02;8.358713e-02;1.284228e-01;7.477237e-02;3.275215e-02
6.265344e-02;5.609757e-02;1.172789e-01;7.304386e-02;1.517478e-01;6.223693e-02;1.111834e-01;6.120713e-02;9.007367e-02;1.316299e-01;4.347939e-02;3.936806e-02
3.794975e-02;8.827587e-02;1.065093e-01;6.475326e-02;1.661499e-01;5.961154e-02;8.078068e-02;5.323095e-02;7.308599e-02;1.549606e-01;7.685557e-02;3.783651e-02
3.509728e-02;1.230811e-01;6.594350e-02;4.022663e-02;1.540688e-01;8.156004e-02;6.355572e-02;6.557455e-02;6.042747e-02;1.708189e-01;1.025000e-01;3.714596e-02
3.208484e-02;1.367121e-01;3.163111e-02;4.643916e-02;1.517553e-01;8.947008e-02;4.753501e-02;8.981817e-02;6.457751e-02;1.768774e-01;9.619440e-02;3.690482e-02
2.369440e-02;1.085838e-01;2.933535e-02;6.099855e-02;1.977759e-01;8.776826e-02;3.884457e-02;5.611142e-02;1.054337e-01;1.930233e-01;7.325458e-02;2.517612e-02
2.334248e-02;6.656118e-02;4.635091e-02;9.581334e-02;2.280984e-01;7.759465e-02;3.620331e-02;3.420913e-02;1.272100e-01;1.992613e-01;4.765182e-02;1.770349e-02
3.135590e-02;3.323603e-02;9.660880e-02;1.348299e-01;2.209847e-01;6.000448e-02;3.514701e-02;2.770279e-02;1.090461e-01;1.941565e-01;4.127259e-02;1.565526e-02
3.425835e-02;3.386067e-02;1.002361e-01;1.550003e-01;2.041189e-01;6.106059e-02;4.715163e-02;2.744283e-02;7.156083e-02;2.025668e-01;4.277453e-02;1.996849e-02
2.120575e-02;5.774212e-02;1.072497e-01;1.386506e-01;1.489818e-01;6.525450e-02;1.058877e-01;2.990498e-02;5.893984e-02;2.079300e-01;4.147727e-02;1.677575e-02
4.756400e-02;7.602584e-02;1.264231e-01;1.065491e-01;8.087707e-02;6.039371e-02;1.453259e-01;3.130325e-02;4.387409e-02;1.949102e-01;6.458846e-02;2.216526e-02
4.212295e-02;9.624233e-02;8.466902e-02;7.808019e-02;9.465622e-02;4.897211e-02;1.041697e-01;3.582605e-02;6.555654e-02;1.934958e-01;1.224898e-01;3.371926e-02
4.557717e-02;8.423381e-02;7.657163e-02;5.429048e-02;1.335694e-01;5.110585e-02;7.039468e-02;4.424421e-02;9.349336e-02;1.965568e-01;1.118171e-01;3.814558e-02
4.431476e-02;8.542909e-02;6.936922e-02;6.941459e-02;1.232400e-01;3.282504e-02;1.160004e-01;5.275933e-02;8.632639e-02;1.896051e-01;9.013585e-02;4.058018e-02
6.112096e-02;8.142024e-02;9.041902e-02;9.781033e-02;1.204594e-01;5.376951e-02;1.113672e-01;3.828899e-02;5.523153e-02;1.586499e-01;8.578987e-02;4.567306e-02
4.313766e-02;7.618082e-02;1.107534e-01;1.159856e-01;1.690865e-01;7.274070e-02;7.632352e-02;3.622904e-02;3.925236e-02;1.555000e-01;6.834938e-02;3.646107e-02
3.762776e-02;6.738464e-02;1.074943e-01;8.980753e-02;1.900457e-01;4.773203e-02;1.021419e-01;6.909797e-02;3.552235e-02;1.480622e-01;7.208744e-02;3.299612e-02
4.501630e-02;8.156378e-02;1.282661e-01;6.020381e-02;1.721699e-01;4.721987e-02;1.099993e-01;7.001034e-02;5.804138e-02;1.383161e-01;5.728466e-02;3.190847e-02
5.811452e-02;9.532488e-02;1.174007e-01;8.717214e-02;1.713054e-01;4.912950e-02;1.021317e-01;6.227291e-02;5.175266e-02;1.279996e-01;4.078241e-02;3.661357e-02
9.739660e-02;1.293787e-01;1.686165e-01;9.812148e-02;1.557205e-01;6.621099e-02;7.825220e-02;4.907929e-02;3.401947e-02;6.234835e-02;2.877064e-02;3.208533e-02
1.141826e-01;1.125842e-01;2.447907e-01;7.712140e-02;7.851113e-02;6.084695e-02;1.046917e-01;3.698337e-02;5.360762e-02;4.549471e-02;3.872391e-02;3.246180e-02
1.197940e-01;7.784152e-02;2.253906e-01;5.631706e-02;5.491467e-02;8.058612e-02;1.296317e-01;3.710095e-02;6.235715e-02;6.450008e-02;5.873803e-02;3.282808e-02
1.202468e-01;5.206343e-02;1.871327e-01;3.851065e-02;7.262772e-02;9.318952e-02;1.360620e-01;6.286491e-02;4.981720e-02;8.926632e-02;7.137533e-02;2.684346e-02
9.257871e-02;1.124653e-01;1.455988e-01;4.085816e-02;1.103405e-01;8.426189e-02;8.348082e-02;6.483662e-02;6.229533e-02;1.221505e-01;6.195789e-02;1.917552e-02
3.708369e-02;1.205284e-01;1.217364e-01;5.776573e-02;1.582668e-01;7.270528e-02;3.845134e-02;4.893240e-02;9.598054e-02;1.734858e-01;6.442970e-02;1.063404e-02
4.369291e-02;8.608274e-02;1.046147e-01;6.285141e-02;1.882976e-01;5.258498e-02;3.143223e-02;4.100031e-02;1.056607e-01;2.091713e-01;6.160814e-02;1.300291e-02
5.915428e-02;6.039033e-02;9.812576e-02;6.629456e-02;1.797751e-01;6.690339e-02;5.889565e-02;4.540559e-02;8.523429e-02;2.111401e-01;6.081981e-02;7.861102e-03
9.121317e-02;9.324415e-02;9.485640e-02;5.336079e-02;1.430848e-01;7.774516e-02;5.723783e-02;4.811301e-02;5.963418e-02;1.992570e-01;6.641270e-02;1.584076e-02
1.158792e-01;1.150110e-01;8.968417e-02;5.228011e-02;9.726996e-02;5.709199e-02;8.551521e-02;4.976266e-02;6.787666e-02;1.858323e-01;6.618313e-02;1.761361e-02
1.221085e-01;8.412851e-02;1.380371e-01;8.520401e-02;6.952857e-02;3.284469e-02;1.280982e-01;4.632986e-02;5.112135e-02;1.563017e-01;6.480528e-02;2.149233e-02
9.903549e-02;6.031569e-02;1.794373e-01;9.439605e-02;9.110762e-02;2.415394e-02;1.216236e-01;5.977473e-02;6.743558e-02;1.231546e-01;5.736838e-02;2.219695e-02
7.934096e-02;6.630822e-02;1.659498e-01;9.181280e-02;8.678784e-02;2.851085e-02;1.693028e-01;5.833979e-02;7.748345e-02;9.684429e-02;5.007324e-02;2.924597e-02
1.061949e-01;7.480638e-02;6.844033e-02;5.913083e-02;6.567121e-02;4.275602e-02;2.360788e-01;6.580377e-02;8.259787e-02;1.172038e-01;4.820064e-02;3.311536e-02
9.539918e-02;4.318245e-02;9.750585e-02;4.537500e-02;1.091450e-01;5.087378e-02;2.071626e-01;6.010985e-02;7.060526e-02;1.425137e-01;4.774704e-02;3.038033e-02
9.021100e-02;5.237883e-02;1.054462e-01;6.291142e-02;1.819852e-01;5.455162e-02;1.500605e-01;5.223653e-02;5.479949e-02;1.175531e-01;5.044851e-02;2.741755e-02
7.463973e-02;4.899875e-02;1.159871e-01;1.099212e-01;1.962762e-01;6.156505e-02;8.498096e-02;5.961389e-02;6.438719e-02;1.161710e-01;4.871071e-02;1.874810e-02
8.675192e-02;3.701405e-02;1.085685e-01;1.251196e-01;1.510138e-01;7.438495e-02;1.451145e-01;5.060337e-02;5.399236e-02;9.211628e-02;4.363701e-02;3.168369e-02
1.184762e-01;3.069767e-02;1.219094e-01;9.299152e-02;1.145705e-01;6.367070e-02;1.707887e-01;5.775426e-02;6.168962e-02;8.785917e-02;3.845358e-02;4.113862e-02
1.170810e-01;4.719758e-02;1.045794e-01;9.622017e-02;1.294779e-01;5.533259e-02;1.720877e-01;7.548150e-02;6.618444e-02;7.413530e-02;3.270166e-02;2.952085e-02
8.450480e-02;4.311875e-02;7.578981e-02;1.406904e-01;1.629291e-01;6.282093e-02;1.799779e-01;7.501368e-02;4.595070e-02;6.693740e-02;3.273680e-02;2.952969e-02
5.554612e-02;2.935496e-02;1.031358e-01;1.166330e-01;1.635992e-01;5.935068e-02;1.527016e-01;7.427071e-02;5.906194e-02;1.049370e-01;3.558480e-02;4.582431e-02
8.405712e-02;4.108682e-02;1.224776e-01;9.567343e-02;9.806656e-02;7.741512e-02;1.302929e-01;6.909473e-02;5.773378e-02;1.236151e-01;3.851312e-02;6.197371e-02
1.117209e-01;5.417983e-02;1.152153e-01;8.954762e-02;4.242030e-02;8.639547e-02;1.242401e-01;1.020436e-01;7.236226e-02;1.012543e-01;4.013658e-02;6.048375e-02
9.794252e-02;7.167377e-02;9.639852e-02;7.016367e-02;6.280241e-02;6.545264e-02;1.418913e-01;1.272894e-01;7.752699e-02;8.409566e-02;4.517850e-02;5.958468e-02
4.642318e-02;7.449459e-02;1.024506e-01;7.589432e-02;1.305790e-01;5.597880e-02;1.355169e-01;9.579489e-02;5.668338e-02;8.901372e-02;7.050700e-02;6.666374e-02
6.854881e-02;9.246052e-02;1.150553e-01;7.247511e-02;1.218901e-01;6.813705e-02;1.018273e-01;7.690350e-02;5.818344e-02;9.531469e-02;6.865779e-02;6.054627e-02
7.535771e-02;9.643625e-02;1.108654e-01;8.097418e-02;8.916292e-02;7.482469e-02;1.431627e-01;5.897522e-02;6.313260e-02;9.457063e-02;7.075023e-02;4.178745e-02
