5.035175e-02;4.506656e-02;1.394756e-01;1.290564e-01;7.472900e-02;8.373780e-02;1.315673e-01;1.221681e-01;4.557162e-02;8.995308e-02;6.437271e-02;2.395007e-02
4.462662e-02;3.324983e-02;1.099620e-01;9.818075e-02;7.473126e-02;8.205194e-02;1.314332e-01;1.183880e-01;9.165171e-02;8.229510e-02;1.040573e-01;2.937230e-02
7.358784e-02;5.067493e-02;1.000733e-01;4.824216e-02;5.259150e-02;5.451697e-02;1.166442e-01;8.099112e-02;1.114689e-01;1.063073e-01;1.454584e-01;5.944346e-02
6.737713e-02;7.536045e-02;7.239267e-02;2.036904e-02;3.714318e-02;5.966565e-02;8.513239e-02;9.177650e-02;1.194497e-01;1.278444e-01;1.727552e-01;7.073369e-02
6.716032e-02;1.109395e-01;9.656435e-02;2.225904e-02;4.146924e-02;4.717640e-02;7.344566e-02;7.741487e-02;1.329656e-01;1.078857e-01;1.230768e-01;9.964252e-02
9.378123e-02;7.880320e-02;5.262815e-02;5.924889e-02;8.703822e-02;4.758697e-02;1.029853e-01;9.967686e-02;9.164029e-02;9.835094e-02;8.380943e-02;1.044505e-01
7.985697e-02;6.029827e-02;8.469527e-02;5.576238e-02;1.046210e-01;5.324078e-02;1.450894e-01;8.649687e-02;1.089406e-01;6.457448e-02;6.569183e-02;9.073208e-02
7.322308e-02;7.372988e-02;9.008110e-02;3.575495e-02;1.027063e-01;4.714743e-02;1.707215e-01;7.096915e-02;1.290166e-01;4.604758e-02;8.359685e-02;7.700558e-02
7.101880e-02;7.945549e-02;7.159945e-02;5.678293e-02;8.678151e-02;6.816376e-02;1.818632e-01;6.349226e-02;1.238070e-01;4.887844e-02;1.096646e-01;3.849246e-02
5.991212e-02;6.932154e-02;7.778947e-02;8.137953e-02;6.860433e-02;8.516839e-02;1.457202e-01;1.053142e-01;9.958912e-02;5.333488e-02;1.266574e-01;2.720880e-02
3.187534e-02;5.502783e-02;1.169906e-01;8.689723e-02;6.655949e-02;7.954363e-02;1.304266e-01;1.265430e-01;8.718304e-02;5.364323e-02;1.206514e-01;4.465862e-02
2.352937e-02;5.427471e-02;1.397388e-01;8.712809e-02;6.121812e-02;6.126092e-02;1.844148e-01;1.092379e-01;7.951631e-02;5.069197e-02;9.992379e-02;4.906530e-02
4.518497e-02;7.102172e-02;1.315152e-01;8.900591e-02;8.081003e-02;8.297329e-02;1.118323e-01;1.100953e-01;9.541277e-02;5.250755e-02;7.099225e-02;5.864873e-02
6.513184e-02;1.119052e-01;1.476008e-01;9.912811e-02;4.849080e-02;7.506111e-02;6.308929e-02;1.359621e-01;1.083034e-01;3.837867e-02;3.821162e-02;6.873710e-02
5.509577e-02;1.411500e-01;1.549934e-01;1.370730e-01;5.526180e-02;6.363231e-02;5.387864e-02;9.467243e-02;7.796837e-02;4.300738e-02;4.900501e-02;7.426196e-02
8.142994e-02;1.031823e-01;1.443962e-01;1.125430e-01;5.732855e-02;9.709669e-02;7.038692e-02;4.542002e-02;8.815413e-02;6.138416e-02;8.372688e-02;5.495106e-02
7.289893e-02;9.153805e-02;1.252488e-01;7.523926e-02;7.367080e-02;1.148188e-01;9.532749e-02;3.406563e-02;9.756220e-02;6.554140e-02;8.268990e-02;7.139882e-02
7.150031e-02;8.722714e-02;8.369076e-02;8.090442e-02;9.336107e-02;8.445835e-02;1.257054e-01;5.648809e-02;1.138590e-01;5.786267e-02;7.791270e-02;6.703001e-02
1.236682e-01;6.363294e-02;5.629374e-02;8.395113e-02;1.106635e-01;7.705551e-02;1.286111e-01;7.151243e-02;8.807959e-02;6.603379e-02;7.732909e-02;5.316899e-02
1.165475e-01;7.792269e-02;1.242860e-01;1.280802e-01;1.093237e-01;8.712332e-02;7.488672e-02;5.963329e-02;5.798369e-02;5.469245e-02;6.785517e-02;4.166533e-02
1.019236e-01;9.043889e-02;1.545373e-01;1.153029e-01;9.683532e-02;9.095716e-02;6.963480e-02;3.535366e-02;8.587118e-02;6.157047e-02;3.448157e-02;6.309315e-02
1.245198e-01;8.351488e-02;1.177971e-01;8.587275e-02;9.573724e-02;7.707741e-02;6.780504e-02;7.188256e-02;7.607833e-02;8.161886e-02;4.401620e-02;7.407986e-02
1.770096e-01;1.080146e-01;6.350261e-02;9.439052e-02;6.965309e-02;6.031694e-02;4.354248e-02;9.198253e-02;8.471683e-02;7.424766e-02;7.415994e-02;5.846324e-02
1.665380e-01;9.242116e-02;7.157467e-02;9.456107e-02;4.823917e-02;9.231782e-02;5.543422e-02;7.681553e-02;9.235837e-02;6.904292e-02;7.074284e-02;6.995431e-02
1.115350e-01;7.027802e-02;1.658192e-01;6.453044e-02;3.277376e-02;9.922157e-02;6.649870e-02;6.625345e-02;7.285123e-02;8.856890e-02;7.138790e-02;9.028173e-02
8.457200e-02;6.966241e-02;1.829639e-01;5.732561e-02;5.034074e-02;5.801435e-02;1.137870e-01;4.649348e-02;7.661795e-02;8.440791e-02;1.045295e-01;7.128513e-02
7.512263e-02;7.947266e-02;2.027758e-01;4.037171e-02;5.130914e-02;3.122349e-02;1.960900e-01;5.534214e-02;5.640675e-02;5.535743e-02;8.787015e-02;6.865802e-02
4.205075e-02;8.373613e-02;2.748004e-01;2.033307e-02;3.560270e-02;2.516705e-02;2.434349e-01;7.660934e-02;3.373747e-02;2.746745e-02;5.483482e-02;8.222592e-02
1.279593e-02;6.808293e-02;3.419004e-01;1.457618e-02;2.698138e-02;2.022387e-02;2.381614e-01;9.217771e-02;2.471464e-02;2.326099e-02;3.366324e-02;1.034613e-01
2.032230e-02;4.774765e-02;3.532608e-01;3.061011e-02;2.689452e-02;3.912250e-02;1.913557e-01;9.589165e-02;3.241288e-02;2.886286e-02;2.130806e-02;1.122110e-01
1.089971e-02;2.531299e-02;3.352869e-01;7.377613e-02;2.042386e-02;6.988892e-02;1.670303e-01;9.516234e-02;4.375637e-02;3.711639e-02;1.768185e-02;1.036643e-01
2.502541e-02;1.963355e-02;3.240553e-01;7.742102e-02;2.432149e-02;9.294414e-02;1.813743e-01;8.043599e-02;4.744054e-02;3.977605e-02;1.792667e-02;6.964550e-02
2.898056e-02;3.338346e-02;2.946428e-01;8.751813e-02;3.764346e-02;8.226383e-02;1.827301e-01;7.233055e-02;5.661023e-02;5.624748e-02;2.908643e-02;3.856293e-02
2.713693e-02;4.141802e-02;2.304740e-01;9.967791e-02;5.232462e-02;6.233330e-02;1.808949e-01;7.926356e-02;6.741052e-02;7.913816e-02;3.642002e-02;4.350801e-02
4.248112e-02;5.830086e-02;1.807797e-01;6.257778e-02;6.256755e-02;6.983128e-02;2.018175e-01;8.643923e-02;5.810441e-02;8.710379e-02;4.047862e-02;4.951824e-02
5.416924e-02;4.828095e-02;1.087315e-01;7.522060e-02;5.747921e-02;8.471809e-02;1.788955e-01;9.775140e-02;4.866279e-02;1.247676e-01;7.393463e-02;4.738840e-02
7.505876e-02;4.450822e-02;8.337904e-02;7.707568e-02;3.966868e-02;9.907169e-02;1.190023e-01;8.822691e-02;4.830749e-02;1.346355e-01;7.913565e-02;1.119301e-01
6.232321e-02;7.953521e-02;8.626203e-02;5.271865e-02;7.828072e-02;8.556558e-02;8.526938e-02;9.246824e-02;4.517964e-02;9.273878e-02;7.792393e-02;1.617347e-01
5.881537e-02;6.536738e-02;8.655422e-02;9.140220e-02;1.175053e-01;5.232514e-02;7.233766e-02;1.044161e-01;4.980863e-02;6.058217e-02;1.000412e-01;1.408447e-01
8.583519e-02;9.972053e-02;8.889782e-02;1.216159e-01;9.500684e-02;4.676097e-02;5.910470e-02;9.576354e-02;6.122551e-02;7.206887e-02;1.023681e-01;7.163204e-02
7.972229e-02;1.717410e-01;8.952962e-02;1.179828e-01;5.017944e-02;4.706351e-02;9.182317e-02;8.023454e-02;8.954661e-02;6.677746e-02;6.698283e-02;4.841677e-02
5.578412e-02;1.618478e-01;1.386142e-01;8.258423e-02;4.450449e-02;5.625521e-02;8.682223e-02;6.469800e-02;1.123563e-01;8.985836e-02;5.089211e-02;5.578298e-02
2.925085e-02;1.649698e-01;1.328506e-01;9.168761e-02;6.939638e-02;7.374234e-02;7.545418e-02;5.432839e-02;1.113176e-01;1.195090e-01;4.110850e-02;3.638465e-02
3.225181e-02;1.855747e-01;1.494244e-01;9.361403e-02;9.587891e-02;5.549161e-02;8.054143e-02;3.578764e-02;9.468791e-02;1.121001e-01;2.315311e-02;4.149439e-02
7.346155e-02;1.560562e-01;1.681675e-01;6.952335e-02;9.037472e-02;5.824942e-02;9.514305e-02;5.800537e-02;6.166263e-02;7.214947e-02;1.694335e-02;8.026336e-02
9.882601e-02;1.434584e-01;1.520529e-01;8.691993e-02;7.640244e-02;4.927612e-02;9.300523e-02;6.682031e-02;7.695177e-02;5.558416e-02;2.148909e-02;7.921356e-02
9.854271e-02;2.034488e-01;1.064448e-01;1.166700e-01;7.849224e-02;6.838533e-02;7.565506e-02;4.899658e-02;5.608248e-02;6.765712e-02;2.571044e-02;5.391446e-02
1.122428e-01;1.988215e-01;1.236649e-01;9.008534e-02;8.808123e-02;1.002113e-01;5.779189e-02;3.517019e-02;2.718583e-02;7.357936e-02;3.509476e-02;5.807082e-02
1.293713e-01;1.168824e-01;1.350563e-01;6.923781e-02;9.891316e-02;1.054511e-01;6.348004e-02;3.670558e-02;4.371795e-02;7.904500e-02;6.114945e-02;6.098995e-02
1.087190e-01;1.247190e-01;1.258114e-01;9.246381e-02;9.510722e-02;1.069609e-01;7.429760e-02;4.368907e-02;5.936183e-02;7.102636e-02;4.542892e-02;5.241501e-02
9.816285e-02;1.381754e-01;1.136392e-01;1.037196e-01;9.871736e-02;1.103150e-01;7.500003e-02;4.676628e-02;8.303460e-02;5.854349e-02;2.990160e-02;4.402455e-02
1.406107e-01;5.759532e-02;1.164010e-01;6.579116e-02;8.416661e-02;6.538388e-02;1.226378e-01;7.242527e-02;7.715014e-02;8.962511e-02;4.862672e-02;5.958636e-02
1.505461e-01;3.715718e-02;7.932270e-02;5.909225e-02;7.588287e-02;6.200001e-02;1.348039e-01;8.728843e-02;9.080762e-02;1.175796e-01;3.635554e-02;6.916376e-02
1.247042e-01;6.922744e-02;1.286053e-01;7.131045e-02;5.107379e-02;4.911362e-02;8.214472e-02;9.103875e-02;7.938429e-02;9.158123e-02;7.140154e-02;9.041468e-02
1.788161e-01;9.959815e-02;1.583032e-01;7.461402e-02;2.797334e-02;2.131593e-02;8.104757e-02;4.523230e-02;4.305764e-02;7.293569e-02;7.224350e-02;1.248626e-01
1.972850e-01;1.180767e-01;1.407255e-01;7.227319e-02;3.628266e-02;3.175873e-02;7.092608e-02;3.674273e-02;4.064401e-02;6.828053e-02;5.215394e-02;1.348510e-01
1.639754e-01;9.805493e-02;1.529945e-01;6.903352e-02;5.557746e-02;4.025966e-02;7.473873e-02;2.594106e-02;8.181803e-02;5.903085e-02;7.370824e-02;1.048676e-01
1.298470e-01;6.338259e-02;1.222795e-01;9.529439e-02;6.709855e-02;5.291272e-02;6.979637e-02;3.368472e-02;1.316546e-01;6.197066e-02;1.000734e-01;7.200555e-02
6.567615e-02;3.988915e-02;1.209318e-01;8.925901e-02;4.695752e-02;5.734538e-02;7.953991e-02;1.027760e-01;1.291965e-01;1.049348e-01;8.706643e-02;7.642731e-02
2.763826e-02;3.905634e-02;1.675624e-01;4.901342e-02;2.727905e-02;4.666123e-02;1.194992e-01;1.795896e-01;6.573352e-02;1.366277e-01;4.841472e-02;9.292462e-02
2.668266e-02;4.347454e-02;1.557148e-01;1.615962e-02;4.454172e-02;5.474545e-02;1.988265e-01;1.959078e-01;3.697249e-02;1.180549e-01;3.051635e-02;7.840317e-02
4.803718e-02;5.921472e-02;1.193658e-01;4.204223e-02;6.761719e-02;6.458993e-02;2.194458e-01;1.610584e-01;5.617173e-02;7.053248e-02;3.902504e-02;5.289954e-02
4.119859e-02;6.756952e-02;1.582998e-01;7.068183e-02;7.701039e-02;5.801812e-02;8.323149e-02;1.875834e-01;7.273299e-02;7.194859e-02;5.629130e-02;5.543404e-02
6.314778e-02;5.999567e-02;1.408474e-01;5.540488e-02;9.576482e-02;2.269112e-02;9.937662e-02;2.037785e-01;6.088939e-02;8.253504e-02;4.270092e-02;7.286784e-02
5.696921e-02;5.152344e-02;1.111152e-01;6.344291e-02;7.758789e-02;3.509250e-02;1.331152e-01;2.000109e-01;6.601210e-02;8.316829e-02;3.315553e-02;8.880686e-02
3.460548e-02;5.247108e-02;1.324378e-01;5.537442e-02;3.174866e-02;4.540400e-02;1.456021e-01;1.775936e-01;5.789403e-02;8.936317e-02;4.662537e-02;1.308803e-01
4.452085e-02;5.431909e-02;9.005880e-02;2.332377e-02;7.028908e-02;4.423893e-02;1.891662e-01;1.033322e-01;5.363293e-02;1.239124e-01;6.637821e-02;1.368275e-01
3.368810e-02;5.605601e-02;1.464821e-01;5.215525e-02;5.607510e-02;4.728030e-02;1.531359e-01;1.294145e-01;4.668440e-02;1.504541e-01;7.200570e-02;5.656857e-02
4.950740e-02;5.922783e-02;2.035115e-01;7.682154e-02;3.677441e-02;3.610062e-02;8.691850e-02;1.866886e-01;3.864421e-02;1.186379e-01;5.583296e-02;5.133455e-02
8.656118e-02;7.535534e-02;1.494933e-01;8.115741e-02;6.595507e-02;6.376613e-02;1.085101e-01;6.932018e-02;1.026340e-01;8.554325e-02;6.586056e-02;4.584350e-02
9.750021e-02;6.825324e-02;1.091569e-01;7.433526e-02;8.545813e-02;7.358229e-02;1.435895e-01;5.082624e-02;1.102775e-01;9.815177e-02;5.655799e-02;3.231087e-02
9.206792e-02;5.421454e-02;7.003382e-02;9.235089e-02;8.427174e-02;7.114172e-02;1.318868e-01;7.999922e-02;1.453582e-01;9.172284e-02;5.295938e-02;3.399292e-02
6.570040e-02;3.174353e-02;7.222264e-02;1.059929e-01;6.552251e-02;6.143821e-02;1.126404e-01;9.265916e-02;2.106616e-01;6.260328e-02;6.556599e-02;5.324935e-02
3.121875e-02;2.846565e-02;1.390298e-01;7.773397e-02;3.548433e-02;6.349458e-02;8.866986e-02;1.254980e-01;1.864258e-01;5.327918e-02;7.304475e-02;9.765536e-02
3.425493e-02;4.564380e-02;1.620937e-01;3.879162e-02;2.457635e-02;5.472842e-02;1.419267e-01;1.629602e-01;8.969472e-02;7.080387e-02;5.000491e-02;1.245208e-01
7.514559e-02;7.547345e-02;1.032014e-01;2.731740e-02;3.848949e-02;4.134290e-02;2.074408e-01;1.304289e-01;5.784918e-02;7.348926e-02;7.327441e-02;9.654722e-02
8.081277e-02;1.242262e-01;7.917029e-02;3.141475e-02;3.594719e-02;3.631696e-02;2.305698e-01;6.008144e-02;7.705104e-02;5.090059e-02;1.487131e-01;4.479600e-02
6.773134e-02;1.251829e-01;1.578187e-01;3.137470e-02;4.355180e-02;3.134756e-02;1.971649e-01;5.439188e-02;8.084098e-02;2.989409e-02;1.579958e-01;2.270527e-02
1.320210e-01;1.053624e-01;1.351958e-01;3.253477e-02;6.123749e-02;2.397353e-02;1.864894e-01;8.302300e-02;6.221110e-02;2.032191e-02;1.380737e-01;1.955597e-02
1.752917e-01;1.125062e-01;7.747015e-02;2.612772e-02;6.215279e-02;2.031798e-02;2.323951e-01;8.727872e-02;3.600787e-02;1.559492e-02;1.329626e-01;2.189429e-02
1.543901e-01;1.324112e-01;6.203251e-02;1.457526e-02;4.863958e-02;3.042014e-02;2.634410e-01;6.074297e-02;4.388812e-02;2.543288e-02;1.449458e-01;1.908054e-02
1.059209e-01;1.467399e-01;5.884703e-02;1.622305e-02;4.363228e-02;5.121675e-02;2.564539e-01;5.093634e-02;5.321948e-02;4.441264e-02;1.234893e-01;4.890836e-02
9.197034e-02;1.343621e-01;6.411804e-02;2.637020e-02;5.750153e-02;7.534754e-02;2.078354e-01;5.310192e-02;3.826248e-02;7.670910e-02;6.853020e-02;1.058912e-01
1.285276e-01;8.686710e-02;1.067424e-01;3.934813e-02;6.767605e-02;6.751312e-02;1.417032e-01;5.066509e-02;2.626879e-02;8.808339e-02;7.203244e-02;1.245727e-01
1.894687e-01;1.048310e-01;8.286240e-02;5.774712e-02;6.871498e-02;5.459754e-02;1.079758e-01;5.071323e-02;4.622546e-02;6.278437e-02;7.982205e-02;9.425736e-02
1.721630e-01;1.285963e-01;1.230402e-01;6.612713e-02;7.475390e-02;5.467661e-02;1.336008e-01;5.310123e-02;5.155551e-02;3.258230e-02;5.668386e-02;5.311914e-02
1.056437e-01;1.200610e-01;1.570082e-01;8.575740e-02;5.511244e-02;4.715944e-02;1.722924e-01;7.379274e-02;5.702312e-02;5.439160e-02;3.560388e-02;3.615413e-02
8.347185e-02;9.338040e-02;1.417073e-01;8.170626e-02;5.118743e-02;5.019227e-02;1.497054e-01;1.022153e-01;9.046574e-02;6.170811e-02;5.573910e-02;3.852086e-02
1.293334e-01;1.118009e-01;7.994823e-02;6.600249e-02;5.144266e-02;5.276680e-02;1.199168e-01;9.429498e-02;1.042126e-01;6.162728e-02;6.098631e-02;6.766758e-02
9.984387e-02;1.385689e-01;1.157303e-01;5.621273e-02;7.050067e-02;5.898720e-02;1.491940e-01;4.386453e-02;6.634938e-02;6.691871e-02;5.756819e-02;7.626146e-02
1.008126e-01;1.108272e-01;1.259290e-01;5.213809e-02;8.662991e-02;6.920139e-02;1.650400e-01;3.518931e-02;5.361896e-02;6.031722e-02;7.192079e-02;6.837561e-02
9.744987e-02;1.058404e-01;1.022055e-01;1.046943e-01;6.618174e-02;7.852335e-02;1.502220e-01;6.126713e-02;4.508005e-02;7.797365e-02;6.597579e-02;4.458629e-02
8.038401e-02;1.057751e-01;5.659314e-02;1.122125e-01;6.287450e-02;1.195746e-01;1.381482e-01;7.453392e-02;5.416470e-02;7.205004e-02;7.650670e-02;4.718265e-02
4.565014e-02;6.679861e-02;9.265278e-02;1.182976e-01;8.897472e-02;1.592526e-01;1.127439e-01;5.350358e-02;6.895079e-02;6.165266e-02;8.575889e-02;4.576378e-02
8.549843e-02;6.572245e-02;1.533445e-01;1.475473e-01;1.099785e-01;1.148309e-01;8.733629e-02;4.018084e-02;6.808576e-02;3.714831e-02;6.196092e-02;2.836575e-02
1.195697e-01;8.781455e-02;1.617363e-01;1.404711e-01;8.472849e-02;7.530442e-02;9.079777e-02;4.062382e-02;5.132498e-02;4.597242e-02;5.027468e-02;5.138170e-02
9.733602e-02;9.562819e-02;9.069579e-02;1.756788e-01;5.113751e-02;7.217687e-02;8.728630e-02;5.128843e-02;9.423027e-02;4.307487e-02;8.752633e-02;5.394061e-02
4.631100e-02;8.466709e-02;2.098208e-01;1.742412e-01;3.350428e-02;6.348602e-02;6.858973e-02;4.088708e-02;9.308542e-02;4.015167e-02;1.036587e-01;4.159702e-02
5.244777e-02;6.863858e-02;2.781861e-01;1.502524e-01;3.317787e-02;7.755437e-02;7.644573e-02;3.414712e-02;5.456971e-02;6.591682e-02;6.913073e-02;3.953286e-02
7.517778e-02;6.858470e-02;2.756138e-01;9.756994e-02;3.587537e-02;8.997152e-02;9.284725e-02;3.894359e-02;4.762663e-02;8.415987e-02;4.431474e-02;4.931480e-02
8.444247e-02;6.393960e-02;1.743786e-01;1.104176e-01;4.949718e-02;1.304816e-01;9.636195e-02;4.346665e-02;4.300471e-02;9.028590e-02;5.664613e-02;5.707759e-02
5.510810e-02;6.027941e-02;1.186076e-01;1.125259e-01;1.054892e-01;1.514744e-01;9.517036e-02;5.415726e-02;1.878396e-02;1.193467e-01;5.300427e-02;5.605286e-02
5.346635e-02;8.807553e-02;8.710676e-02;7.646301e-02;9.593184e-02;1.560522e-01;6.800962e-02;9.247431e-02;4.512591e-02;1.264734e-01;4.088097e-02;6.994005e-02
4.326347e-02;8.089990e-02;1.623773e-01;5.788913e-02;9.873767e-02;1.219290e-01;7.129034e-02;8.761300e-02;3.746767e-02;1.470489e-01;5.306694e-02;3.841663e-02
4.461597e-02;4.515886e-02;2.485591e-01;4.177083e-02;9.600230e-02;6.507003e-02;1.821143e-01;5.395404e-02;3.773225e-02;1.053997e-01;4.949042e-02;3.013213e-02
3.106533e-02;4.306000e-02;2.231167e-01;3.217334e-02;8.976905e-02;5.602307e-02;3.420029e-01;3.952943e-02;2.998716e-02;6.162761e-02;2.914688e-02;2.249850e-02
1.647978e-02;4.996414e-02;1.683190e-01;2.510309e-02;6.738874e-02;4.061972e-02;4.798127e-01;5.174714e-02;3.309850e-02;4.286645e-02;1.348757e-02;1.111316e-02
1.612491e-02;4.865094e-02;1.508914e-01;1.948810e-02;3.521571e-02;2.135312e-02;4.520313e-01;1.043487e-01;3.900259e-02;6.843143e-02;2.200629e-02;2.245563e-02
1.588362e-02;4.420657e-02;1.632419e-01;1.230064e-02;3.615237e-02;2.591053e-02;3.266436e-01;1.555549e-01;5.990307e-02;8.644605e-02;2.762230e-02;4.613441e-02
2.389738e-02;2.393322e-02;1.693595e-01;3.495285e-02;3.714086e-02;2.948441e-02;2.464503e-01;1.592194e-01;7.281984e-02;1.022944e-01;4.118703e-02;5.926081e-02
2.930927e-02;1.451542e-02;1.342416e-01;9.260427e-02;4.994818e-02;3.110006e-02;2.497526e-01;1.121178e-01;9.070458e-02;1.144679e-01;4.064920e-02;4.058918e-02
3.968552e-02;1.267357e-02;1.058226e-01;1.620045e-01;6.839211e-02;2.927555e-02;1.605799e-01;7.075642e-02;1.440897e-01;1.440600e-01;4.655867e-02;1.610154e-02
5.937502e-02;2.165748e-02;1.294371e-01;1.706231e-01;6.958153e-02;2.495160e-02;1.096806e-01;6.324732e-02;1.644395e-01;1.226066e-01;4.741880e-02;1.698138e-02
7.805373e-02;1.908032e-02;1.307105e-01;1.783007e-01;5.213356e-02;1.999488e-02;1.119440e-01;5.481650e-02;1.706338e-01;1.130941e-01;5.533302e-02;1.590487e-02
5.487311e-02;1.234798e-02;1.345045e-01;1.959886e-01;5.631319e-02;1.726662e-02;7.357174e-02;5.198157e-02;1.863587e-01;1.312240e-01;6.716296e-02;1.840711e-02
3.015838e-02;2.075113e-02;1.496184e-01;1.732246e-01;6.670003e-02;1.818939e-02;1.252199e-01;5.425167e-02;1.555923e-01;1.270797e-01;6.238680e-02;1.682770e-02
2.814544e-02;3.790923e-02;1.565198e-01;1.637613e-01;8.450239e-02;3.439197e-02;1.234874e-01;5.229590e-02;1.253952e-01;1.155118e-01;5.811568e-02;1.996375e-02
2.794219e-02;4.595871e-02;1.716370e-01;1.344071e-01;8.803345e-02;5.318284e-02;1.306474e-01;6.568946e-02;1.024504e-01;9.543458e-02;4.297273e-02;4.164419e-02
2.491242e-02;3.668346e-02;1.984763e-01;7.919476e-02;5.927633e-02;7.038754e-02;1.876788e-01;8.981185e-02;6.594749e-02;8.890332e-02;2.983071e-02;6.889702e-02
1.711239e-02;2.783751e-02;2.247312e-01;3.389106e-02;3.152678e-02;6.531870e-02;2.241964e-01;1.135269e-01;5.582592e-02;1.042157e-01;2.379718e-02;7.802019e-02
4.154229e-02;3.497893e-02;2.067947e-01;3.514969e-02;5.696944e-02;5.678103e-02;2.126036e-01;1.130334e-01;5.747204e-02;1.014443e-01;3.854521e-02;4.468543e-02
5.692317e-02;7.435835e-02;1.538383e-01;4.852315e-02;9.711996e-02;5.552623e-02;1.835180e-01;1.045430e-01;6.400260e-02;7.622923e-02;6.949277e-02;1.592519e-02
3.080558e-02;9.116879e-02;1.045527e-01;2.702848e-02;9.613678e-02;5.281078e-02;2.682760e-01;1.174507e-01;8.216508e-02;3.953073e-02;8.183900e-02;8.235440e-03
1.980217e-02;9.406961e-02;4.559849e-02;1.977707e-02;6.708921e-02;3.743299e-02;3.364907e-01;1.174055e-01;1.279845e-01;3.441431e-02;8.764098e-02;1.229454e-02
5.780901e-02;8.348770e-02;3.213903e-02;3.796776e-02;4.945581e-02;4.266828e-02;2.984578e-01;6.956133e-02;1.345757e-01;8.003679e-02;7.702310e-02;3.681767e-02
1.133527e-01;5.494119e-02;3.393290e-02;5.787081e-02;6.937161e-02;8.152828e-02;2.146583e-01;5.682886e-02;9.874233e-02;1.236749e-01;3.789623e-02;5.720193e-02
1.642576e-01;3.803606e-02;2.367979e-02;4.854424e-02;8.350663e-02;1.004413e-01;1.857084e-01;7.111164e-02;7.174208e-02;1.170775e-01;2.297954e-02;7.291517e-02
1.915047e-01;6.641112e-02;4.880729e-02;2.953010e-02;1.032911e-01;8.919894e-02;1.453412e-01;7.366931e-02;8.334587e-02;6.824759e-02;2.498745e-02;7.566536e-02
1.573271e-01;1.054121e-01;1.001278e-01;5.191248e-02;1.578937e-01;6.626259e-02;6.653728e-02;4.188792e-02;1.109649e-01;4.957333e-02;3.424974e-02;5.785113e-02
7.892448e-02;7.527871e-02;1.208718e-01;6.808940e-02;1.821513e-01;7.851465e-02;9.176299e-02;3.124245e-02;1.145298e-01;6.637987e-02;3.871858e-02;5.353594e-02
5.254825e-02;4.130143e-02;1.230655e-01;8.035310e-02;1.685164e-01;8.634599e-02;1.219948e-01;4.348993e-02;1.018730e-01;8.403049e-02;3.409126e-02;6.238981e-02
4.376551e-02;1.577467e-02;1.455419e-01;7.322817e-02;1.936999e-01;1.397503e-01;9.042065e-02;5.112091e-02;7.805552e-02;7.302245e-02;3.624960e-02;5.937054e-02
4.679160e-02;1.271333e-02;1.774043e-01;6.663606e-02;2.075150e-01;1.773439e-01;7.697327e-02;5.272328e-02;4.977708e-02;3.611454e-02;3.702572e-02;5.898196e-02
3.637690e-02;1.767437e-02;1.910622e-01;6.350438e-02;2.253591e-01;1.700360e-01;1.187901e-01;3.953800e-02;3.563904e-02;1.685377e-02;2.899818e-02;5.616795e-02
4.583027e-02;1.365913e-02;1.955666e-01;6.533074e-02;2.530211e-01;1.578708e-01;1.216827e-01;2.427050e-02;3.243991e-02;1.614140e-02;2.167242e-02;5.251432e-02
8.727180e-02;1.966117e-02;1.701789e-01;4.936985e-02;2.593779e-01;1.390717e-01;1.524577e-01;2.044773e-02;2.994069e-02;1.663833e-02;1.518701e-02;4.039725e-02
1.064994e-01;2.195341e-02;1.116193e-01;3.597726e-02;2.546923e-01;1.489470e-01;2.102146e-01;2.146902e-02;2.371393e-02;2.099462e-02;1.102801e-02;3.289110e-02
8.274361e-02;1.301797e-02;5.726675e-02;3.344254e-02;2.341553e-01;1.614657e-01;2.912952e-01;1.919877e-02;2.895098e-02;2.430720e-02;1.489627e-02;3.925981e-02
8.449599e-02;1.730965e-02;5.077127e-02;3.170399e-02;1.860617e-01;1.445965e-01;3.529731e-01;1.894696e-02;3.837574e-02;2.059411e-02;1.175374e-02;4.241733e-02
1.515099e-01;4.028199e-02;4.201046e-02;3.048889e-02;1.483458e-01;1.209563e-01;3.317510e-01;1.733151e-02;3.933052e-02;2.732105e-02;1.016189e-02;4.051067e-02
2.202125e-01;7.978933e-02;6.791342e-02;4.686555e-02;1.376285e-01;1.130715e-01;1.783094e-01;1.875544e-02;4.785263e-02;3.526215e-02;1.145629e-02;4.288330e-02
2.300467e-01;9.911044e-02;9.750772e-02;6.929521e-02;1.451488e-01;9.797426e-02;7.816638e-02;2.465740e-02;6.395260e-02;2.846006e-02;9.219281e-03;5.646119e-02
1.908063e-01;7.963616e-02;9.892971e-02;7.687492e-02;1.521548e-01;9.816189e-02;6.556669e-02;3.071578e-02;9.364711e-02;2.608053e-02;1.010281e-02;7.732332e-02
1.578968e-01;7.997796e-02;7.666824e-02;3.986159e-02;1.196473e-01;9.444188e-02;8.160827e-02;5.320266e-02;1.299626e-01;4.641952e-02;3.077876e-02;8.953428e-02
1.417988e-01;1.285727e-01;6.562678e-02;3.151837e-02;7.162125e-02;5.964317e-02;5.202531e-02;6.591862e-02;1.382862e-01;7.501936e-02;5.275291e-02;1.172165e-01
1.339512e-01;1.227697e-01;5.355662e-02;2.799357e-02;4.934224e-02;3.471509e-02;4.814255e-02;6.511495e-02;1.337474e-01;1.153875e-01;4.174528e-02;1.735338e-01
1.325789e-01;1.111490e-01;4.210811e-02;3.344188e-02;5.299810e-02;2.037890e-02;5.444334e-02;6.259293e-02;1.092254e-01;1.518139e-01;6.012475e-02;1.691449e-01
1.307362e-01;1.121674e-01;4.539608e-02;4.102972e-02;5.675521e-02;3.035016e-02;5.409290e-02;7.281896e-02;7.575565e-02;1.520737e-01;7.668857e-02;1.521354e-01
1.034458e-01;8.848200e-02;4.310002e-02;3.729817e-02;7.886720e-02;4.185883e-02;7.812410e-02;5.422726e-02;9.397447e-02;1.080142e-01;5.647968e-02;2.161284e-01
7.033277e-02;4.587594e-02;4.665634e-02;3.048412e-02;9.591981e-02;5.341994e-02;9.957275e-02;3.846062e-02;1.256787e-01;6.671433e-02;4.065033e-02;2.862343e-01
5.707844e-02;3.681413e-02;7.546698e-02;3.716235e-02;9.408363e-02;5.189694e-02;9.065109e-02;4.743012e-02;1.607793e-01;3.548237e-02;5.209127e-02;2.610634e-01
6.307761e-02;1.036717e-01;1.107766e-01;3.946317e-02;7.814530e-02;4.453475e-02;6.256428e-02;3.720157e-02;1.928782e-01;2.097038e-02;6.083867e-02;1.858778e-01
1.421281e-01;1.591362e-01;1.002451e-01;3.408858e-02;5.718449e-02;6.092908e-02;6.130470e-02;3.696213e-02;1.669179e-01;3.519275e-02;5.303815e-02;9.287275e-02
2.182425e-01;1.219932e-01;6.498891e-02;5.887929e-02;8.209219e-02;9.395087e-02;1.008849e-01;4.087944e-02;8.231346e-02;5.274173e-02;2.898074e-02;5.405281e-02
2.303539e-01;9.231303e-02;6.163885e-02;7.740688e-02;8.500544e-02;9.529541e-02;1.338791e-01;2.801801e-02;3.408272e-02;4.552557e-02;1.446337e-02;1.020177e-01
2.246240e-01;8.130412e-02;8.604383e-02;5.533350e-02;6.813719e-02;7.667723e-02;1.468844e-01;2.456262e-02;3.686778e-02;2.209963e-02;2.938547e-02;1.480803e-01
1.710788e-01;6.684703e-02;1.057827e-01;5.334663e-02;6.760116e-02;5.727826e-02;2.308203e-01;2.034074e-02;3.686845e-02;2.810536e-02;2.178959e-02;1.401410e-01
8.604499e-02;1.037833e-01;1.093813e-01;1.001819e-01;5.121022e-02;5.170283e-02;3.071189e-01;2.458788e-02;3.658506e-02;2.486460e-02;2.490415e-02;7.963480e-02
8.140688e-02;1.226674e-01;1.232203e-01;1.138162e-01;4.268721e-02;4.346967e-02;3.278506e-01;3.114200e-02;3.291922e-02;1.658459e-02;2.647358e-02;3.776236e-02
9.237652e-02;1.373869e-01;1.281703e-01;7.313207e-02;3.516961e-02;4.658524e-02;3.296265e-01;3.880278e-02;3.694626e-02;2.390264e-02;2.354094e-02;3.436011e-02
1.084971e-01;1.307410e-01;1.096972e-01;4.048734e-02;4.887969e-02;7.631186e-02;3.043637e-01;4.976710e-02;3.068414e-02;4.281002e-02;1.953999e-02;3.822093e-02
1.417287e-01;8.751176e-02;9.289906e-02;4.141842e-02;7.578582e-02;1.043961e-01;2.630678e-01;4.588991e-02;2.965495e-02;5.221657e-02;1.749892e-02;4.793201e-02
1.468935e-01;4.106920e-02;9.845968e-02;3.611735e-02;1.079846e-01;1.015530e-01;2.548718e-01;4.831157e-02;4.902063e-02;3.859974e-02;1.357132e-02;6.354763e-02
1.510662e-01;6.252248e-02;1.272841e-01;3.842251e-02;1.203158e-01;5.516301e-02;2.150595e-01;4.285779e-02;6.013625e-02;3.469257e-02;3.140745e-02;6.107237e-02
1.132701e-01;7.048932e-02;1.398598e-01;6.063832e-02;1.090163e-01;5.016402e-02;2.524689e-01;5.022189e-02;3.691988e-02;3.571894e-02;3.674071e-02;4.449179e-02
7.173253e-02;3.910256e-02;1.887521e-01;8.173227e-02;8.525399e-02;6.230008e-02;2.622245e-01;5.292756e-02;4.780266e-02;4.154159e-02;3.780306e-02;2.882709e-02
9.217847e-02;6.898547e-02;1.557834e-01;7.674360e-02;9.265272e-02;6.832638e-02;2.252571e-01;4.528470e-02;6.774032e-02;3.943846e-02;3.532347e-02;3.228583e-02
8.106824e-02;8.638039e-02;8.286865e-02;6.157958e-02;9.284618e-02;9.259494e-02;1.848100e-01;6.086985e-02;8.234950e-02;7.003991e-02;3.914925e-02;6.544351e-02
8.940355e-02;8.318142e-02;8.452647e-02;6.421486e-02;7.983835e-02;8.806209e-02;1.409631e-01;6.738304e-02;7.897343e-02;9.155185e-02;6.071026e-02;7.119156e-02
7.937059e-02;9.818426e-02;1.121937e-01;5.256239e-02;6.531324e-02;6.562363e-02;1.738714e-01;5.612344e-02;5.900921e-02;1.164138e-01;7.487007e-02;4.646426e-02
4.439288e-02;7.271986e-02;1.588658e-01;4.380782e-02;5.014053e-02;4.494989e-02;2.261077e-01;6.927370e-02;3.534960e-02;1.235844e-01;6.382139e-02;6.698637e-02
3.285294e-02;4.912954e-02;2.157836e-01;4.000447e-02;3.148439e-02;4.814937e-02;2.138854e-01;7.460374e-02;3.328661e-02;1.119733e-01;3.191207e-02;1.169346e-01
3.156969e-02;3.293695e-02;2.594406e-01;4.680338e-02;1.944196e-02;4.906534e-02;2.008767e-01;7.504933e-02;2.809441e-02;8.924638e-02;1.738702e-02;1.500882e-01
8.109796e-02;6.551404e-02;2.383218e-01;5.212090e-02;3.920850e-02;2.934613e-02;2.042175e-01;6.439427e-02;1.939066e-02;5.915592e-02;2.495679e-02;1.222755e-01
1.465369e-01;1.400657e-01;1.510959e-01;3.995188e-02;7.034672e-02;3.413320e-02;2.252509e-01;3.989421e-02;2.064209e-02;2.903408e-02;5.208895e-02;5.095951e-02
1.644124e-01;2.131287e-01;1.022151e-01;2.217600e-02;6.568081e-02;4.996504e-02;2.289708e-01;2.413207e-02;2.913552e-02;1.599798e-02;5.895925e-02;2.522635e-02
1.603628e-01;2.201246e-01;1.108302e-01;5.039959e-02;5.398260e-02;4.732357e-02;1.960633e-01;1.431675e-02;2.231895e-02;2.292399e-02;3.643499e-02;6.491874e-02
2.048070e-01;1.474232e-01;8.798064e-02;7.955680e-02;1.059690e-01;5.452858e-02;1.676412e-01;1.430091e-02;1.347718e-02;3.700841e-02;1.368745e-02;7.361967e-02
2.486818e-01;1.295569e-01;4.163201e-02;6.366475e-02;1.392563e-01;7.245429e-02;1.583566e-01;2.072054e-02;1.619252e-02;3.994700e-02;2.655039e-02;4.298706e-02
2.258128e-01;1.253526e-01;9.329656e-02;3.943297e-02;1.230303e-01;6.968918e-02;1.133694e-01;1.753907e-02;3.095654e-02;2.863788e-02;5.497684e-02;7.790593e-02
1.518877e-01;1.240671e-01;1.443772e-01;5.976678e-02;1.067680e-01;5.433258e-02;4.713428e-02;9.167906e-03;6.884163e-02;3.982835e-02;5.965744e-02;1.341711e-01
9.115648e-02;7.663656e-02;1.595267e-01;7.163819e-02;1.176781e-01;4.857352e-02;1.001273e-01;2.388306e-02;9.472270e-02;5.141271e-02;4.392817e-02;1.207165e-01
5.434524e-02;3.312652e-02;1.949756e-01;8.329846e-02;1.465554e-01;6.370001e-02;1.315544e-01;4.325141e-02;8.979837e-02;3.652456e-02;3.261808e-02;9.025193e-02
5.787306e-02;4.803915e-02;2.390755e-01;7.845790e-02;1.688848e-01;5.452010e-02;1.190173e-01;4.096662e-02;5.261735e-02;5.298880e-02;3.470341e-02;5.285600e-02
5.307438e-02;5.379752e-02;2.334864e-01;7.335477e-02;1.898665e-01;7.450525e-02;1.182663e-01;2.625894e-02;2.243879e-02;8.272078e-02;4.246826e-02;2.976206e-02
4.806739e-02;5.397201e-02;2.694632e-01;9.055125e-02;1.615055e-01;6.877524e-02;8.345104e-02;4.301878e-02;1.898717e-02;7.046302e-02;6.576930e-02;2.597621e-02
2.079317e-02;4.418110e-02;3.239586e-01;1.213117e-01;1.458082e-01;7.569020e-02;3.848892e-02;4.680473e-02;1.851317e-02;3.975004e-02;9.750509e-02;2.719504e-02
2.356960e-02;2.240195e-02;3.460374e-01;1.235628e-01;1.369986e-01;8.790487e-02;4.058208e-02;3.503023e-02;2.298840e-02;1.932390e-02;1.049076e-01;3.669254e-02
2.750763e-02;1.792780e-02;4.037115e-01;9.922788e-02;1.205477e-01;7.734075e-02;2.964113e-02;2.727518e-02;2.946707e-02;2.197045e-02;8.972508e-02;5.565781e-02
3.271445e-02;1.669830e-02;4.707794e-01;7.699889e-02;9.552207e-02;4.615077e-02;4.725704e-02;2.342417e-02;3.907250e-02;2.618811e-02;6.379330e-02;6.140094e-02
5.691217e-02;1.540181e-02;5.129661e-01;7.164906e-02;7.653029e-02;2.710801e-02;5.501472e-02;2.148667e-02;4.041272e-02;3.557620e-02;4.437179e-02;4.257044e-02
7.634764e-02;1.436315e-02;4.524588e-01;5.515168e-02;8.139597e-02;4.479604e-02;7.479495e-02;3.156804e-02;3.534545e-02;3.562252e-02;5.072605e-02;4.742977e-02
6.679149e-02;2.407229e-02;3.798888e-01;5.616635e-02;8.028360e-02;6.412657e-02;1.024857e-01;5.267365e-02;3.237737e-02;4.928306e-02;4.795286e-02;4.389833e-02
4.970558e-02;2.286145e-02;4.218249e-01;5.064997e-02;6.509699e-02;5.043383e-02;1.306568e-01;5.157686e-02;2.982737e-02;6.885161e-02;3.481491e-02;2.369967e-02
2.908806e-02;1.955113e-02;4.768155e-01;4.554035e-02;5.925384e-02;5.710798e-02;1.474352e-01;2.938350e-02;2.110311e-02;8.509135e-02;2.022140e-02;9.408628e-03
1.887547e-02;2.437022e-02;5.091413e-01;4.600280e-02;6.284980e-02;6.667364e-02;1.304131e-01;1.689211e-02;1.476679e-02;8.339668e-02;1.982436e-02;6.793776e-03
2.059563e-02;1.799322e-02;5.219972e-01;4.777650e-02;5.423256e-02;5.417473e-02;1.301892e-01;3.750910e-02;1.408088e-02;7.394022e-02;2.282372e-02;4.687121e-03
2.522363e-02;1.178067e-02;5.239348e-01;5.021289e-02;4.814033e-02;3.504216e-02;1.263770e-01;5.712990e-02;1.996168e-02;6.740342e-02;3.123073e-02;3.562875e-03
3.279791e-02;1.700608e-02;5.240584e-01;4.996594e-02;4.928419e-02;1.745343e-02;1.066408e-01;6.920424e-02;2.261031e-02;6.583589e-02;3.912481e-02;6.017992e-03
3.821326e-02;1.658863e-02;5.054070e-01;5.256890e-02;4.732058e-02;2.077295e-02;1.016567e-01;7.071596e-02;2.778556e-02;6.542396e-02;4.677033e-02;6.776172e-03
4.368504e-02;1.148046e-02;4.661184e-01;5.792799e-02;4.978644e-02;2.094633e-02;1.001644e-01;5.774689e-02;3.754935e-02;7.831771e-02;6.158721e-02;1.468975e-02
3.420598e-02;1.612763e-02;3.972146e-01;7.192921e-02;7.236401e-02;4.446335e-02;9.097730e-02;4.861266e-02;3.359980e-02;9.209026e-02;7.503565e-02;2.337958e-02
2.146097e-02;1.708794e-02;3.207180e-01;8.466592e-02;1.073843e-01;9.259190e-02;1.007547e-01;5.016082e-02;1.563057e-02;8.129562e-02;8.370756e-02;2.454178e-02
7.954389e-03;1.908861e-02;2.809936e-01;9.000479e-02;1.346980e-01;1.288310e-01;1.197971e-01;5.382406e-02;6.403126e-03;5.901418e-02;8.293091e-02;1.646023e-02
2.688947e-02;1.752152e-02;2.846140e-01;8.925848e-02;1.443658e-01;1.396063e-01;1.014862e-01;4.749136e-02;9.710873e-03;4.224828e-02;7.638700e-02;2.042088e-02
3.555322e-02;2.075684e-02;3.541686e-01;8.107356e-02;1.219978e-01;1.151904e-01;7.654734e-02;3.418252e-02;1.883928e-02;4.927215e-02;6.226449e-02;3.015377e-02
3.987423e-02;2.753728e-02;4.645745e-01;8.308864e-02;5.413566e-02;6.626448e-02;8.058553e-02;3.272564e-02;2.529960e-02;5.130673e-02;4.533045e-02;2.927722e-02
3.612572e-02;3.061431e-02;4.151404e-01;8.597571e-02;1.129035e-01;4.889549e-02;1.104109e-01;3.471442e-02;1.942277e-02;4.589200e-02;3.848723e-02;2.141757e-02
3.014372e-02;3.085410e-02;3.789160e-01;1.146025e-01;1.605448e-01;6.223086e-02;8.975723e-02;3.462756e-02;1.333664e-02;3.281004e-02;3.615569e-02;1.602092e-02
1.249666e-02;2.926272e-02;3.827608e-01;1.638341e-01;1.686094e-01;6.097793e-02;6.559876e-02;3.277523e-02;8.687839e-03;2.389524e-02;3.626818e-02;1.483325e-02
2.727633e-02;2.863324e-02;3.997899e-01;1.533535e-01;1.419087e-01;5.723249e-02;5.650721e-02;2.744338e-02;1.484321e-02;3.550235e-02;3.099598e-02;2.651380e-02
5.232510e-02;3.382113e-02;3.136478e-01;9.493972e-02;1.059274e-01;6.555913e-02;1.063012e-01;2.933923e-02;6.241252e-02;5.449908e-02;4.892856e-02;3.229917e-02
7.564320e-02;7.625604e-02;1.509861e-01;1.149195e-01;8.521426e-02;6.902989e-02;1.171238e-01;4.033213e-02;1.080620e-01;7.570999e-02;4.842634e-02;3.829665e-02
1.037703e-01;1.479043e-01;9.511303e-02;1.096137e-01;5.453297e-02;5.358782e-02;7.865952e-02;5.331112e-02;1.064577e-01;9.228370e-02;2.996635e-02;7.479948e-02
1.250533e-01;1.527500e-01;7.350742e-02;6.984876e-02;3.429391e-02;5.217344e-02;5.907076e-02;5.429785e-02;7.091065e-02;1.130489e-01;4.767958e-02;1.473654e-01
1.635670e-01;9.812622e-02;4.564106e-02;5.308644e-02;6.445386e-02;4.994372e-02;5.103704e-02;3.911046e-02;8.192731e-02;1.305895e-01;6.099788e-02;1.615194e-01
1.408157e-01;8.794244e-02;7.249890e-02;8.104497e-02;7.914874e-02;4.482782e-02;7.902773e-02;6.543829e-02;1.046930e-01;1.141520e-01;5.897969e-02;7.143074e-02
7.668563e-02;8.115158e-02;1.070150e-01;8.889981e-02;7.621443e-02;8.353346e-02;1.423299e-01;1.152294e-01;6.286731e-02;6.152520e-02;5.228310e-02;5.226516e-02
4.879329e-02;7.123312e-02;1.281871e-01;6.316056e-02;9.157704e-02;1.225612e-01;1.664975e-01;6.971154e-02;6.316727e-02;5.442376e-02;6.757817e-02;5.310947e-02
3.929053e-02;6.891514e-02;1.126117e-01;8.156009e-02;9.329220e-02;1.009707e-01;1.653231e-01;7.857108e-02;5.118463e-02;7.630952e-02;8.207090e-02;4.990043e-02
3.811161e-02;6.887390e-02;1.297628e-01;1.076797e-01;6.524827e-02;1.328220e-01;1.349706e-01;7.643722e-02;3.492136e-02;7.064278e-02;8.715490e-02;5.337474e-02
3.530222e-02;8.431298e-02;1.214225e-01;1.094996e-01;1.227698e-01;1.395206e-01;7.512569e-02;5.239987e-02;6.411961e-02;6.230654e-02;5.585268e-02;7.736784e-02
