3.021551e-02;6.319357e-02;1.300691e-01;8.933111e-02;5.676286e-02;5.614303e-02;1.417861e-01;1.251010e-01;9.477986e-02;1.053888e-01;6.169548e-02;4.553344e-02
4.827664e-02;7.777838e-02;1.134287e-01;9.545071e-02;5.523979e-02;5.812411e-02;1.515490e-01;9.784203e-02;7.976973e-02;1.257995e-01;6.213918e-02;3.460227e-02
7.654621e-02;5.567116e-02;8.421982e-02;7.350776e-02;6.463776e-02;9.003939e-02;1.747643e-01;1.009484e-01;8.650257e-02;1.082281e-01;4.357085e-02;4.136364e-02
5.336528e-02;4.780058e-02;9.539749e-02;3.826750e-02;6.150666e-02;8.771475e-02;1.657398e-01;1.306538e-01;8.171207e-02;9.352016e-02;7.239100e-02;7.193095e-02
5.430998e-02;4.197738e-02;1.057522e-01;4.559072e-02;4.413481e-02;5.666547e-02;1.311482e-01;1.002228e-01;1.209301e-01;1.502555e-01;8.712960e-02;6.188321e-02
8.877570e-02;7.156228e-02;1.070449e-01;4.560213e-02;5.795684e-02;7.242650e-02;1.106067e-01;5.238224e-02;1.171023e-01;1.909261e-01;5.527692e-02;3.033737e-02
6.504141e-02;6.700979e-02;1.002800e-01;4.561028e-02;8.611844e-02;9.521146e-02;2.768403e-01;5.624779e-02;4.608440e-02;9.275636e-02;4.533577e-02;2.346401e-02
7.424181e-02;4.609662e-02;1.288923e-01;4.298482e-02;9.363008e-02;7.125036e-02;2.962919e-01;5.523733e-02;4.630965e-02;6.147488e-02;4.563256e-02;3.795767e-02
7.865598e-02;5.474128e-02;1.929776e-01;5.805597e-02;1.055280e-01;4.793524e-02;2.398364e-01;4.144648e-02;4.490410e-02;5.161932e-02;4.170915e-02;4.259048e-02
5.470119e-02;3.303616e-02;3.656070e-01;7.332020e-02;1.008815e-01;5.119210e-02;1.648087e-01;2.666537e-02;1.967777e-02;4.105186e-02;3.588794e-02;3.317029e-02
8.949644e-02;4.034898e-02;4.288684e-01;6.458250e-02;8.038079e-02;5.266978e-02;9.048242e-02;2.872698e-02;3.009922e-02;3.582519e-02;2.958600e-02;2.893333e-02
1.434129e-01;9.807353e-02;3.616107e-01;4.331267e-02;6.302215e-02;4.220125e-02;9.947998e-02;2.926788e-02;4.507846e-02;2.723710e-02;2.127150e-02;2.603181e-02
2.264215e-01;1.466568e-01;1.891297e-01;2.606526e-02;5.223861e-02;3.038481e-02;1.465388e-01;1.747094e-02;6.428814e-02;3.499370e-02;3.399105e-02;3.182066e-02
2.413653e-01;9.023134e-02;1.266101e-01;3.723465e-02;6.468229e-02;5.982696e-02;1.267753e-01;3.355619e-02;5.578499e-02;4.342270e-02;6.334557e-02;5.716462e-02
2.157849e-01;8.183622e-02;1.257891e-01;5.043994e-02;6.984322e-02;6.628969e-02;1.224201e-01;4.674321e-02;3.807290e-02;5.291795e-02;7.050389e-02;5.935889e-02
1.826062e-01;8.020550e-02;2.385483e-01;4.224222e-02;5.976608e-02;5.839041e-02;9.906676e-02;6.309238e-02;4.935422e-02;3.882786e-02;3.925241e-02;4.864762e-02
1.051953e-01;1.016748e-01;4.124271e-01;3.273645e-02;3.207559e-02;3.130921e-02;8.660129e-02;5.080110e-02;6.497676e-02;2.904779e-02;2.528821e-02;2.786643e-02
8.514962e-02;1.273633e-01;4.814389e-01;3.161341e-02;2.076264e-02;2.151830e-02;6.865258e-02;3.274597e-02;6.486309e-02;2.620036e-02;1.719012e-02;2.250171e-02
8.810849e-02;1.284728e-01;4.745779e-01;3.113670e-02;2.919043e-02;3.223616e-02;3.778175e-02;3.341523e-02;7.485772e-02;2.507908e-02;2.249081e-02;2.265297e-02
4.107978e-02;1.007850e-01;5.184695e-01;3.517390e-02;4.480117e-02;4.159842e-02;4.080467e-02;3.054647e-02;6.082743e-02;3.574803e-02;2.355302e-02;2.661262e-02
5.313440e-02;9.299749e-02;5.062445e-01;3.931503e-02;3.244670e-02;4.215179e-02;7.668883e-02;2.810086e-02;3.473676e-02;4.031289e-02;2.051258e-02;3.335812e-02
1.082367e-01;1.101850e-01;4.235927e-01;3.940500e-02;2.126650e-02;4.163149e-02;8.658168e-02;2.272922e-02;7.020718e-02;3.156886e-02;1.949692e-02;2.509861e-02
1.534385e-01;1.121593e-01;3.355801e-01;3.251003e-02;2.265458e-02;3.555391e-02;1.011419e-01;4.604099e-02;7.081123e-02;4.449707e-02;2.097839e-02;2.463404e-02
1.910250e-01;1.101602e-01;2.676106e-01;3.068914e-02;2.661033e-02;2.583018e-02;9.653495e-02;7.797351e-02;4.961197e-02;5.224773e-02;2.866227e-02;4.304408e-02
2.076186e-01;9.288580e-02;2.701559e-01;4.178872e-02;4.217952e-02;3.018155e-02;7.276723e-02;7.401919e-02;2.880835e-02;4.655631e-02;4.275955e-02;5.027923e-02
1.808463e-01;8.149054e-02;1.822744e-01;5.165063e-02;6.309549e-02;6.693073e-02;8.438492e-02;8.697364e-02;3.754242e-02;5.161804e-02;6.492285e-02;4.827002e-02
7.024434e-02;8.084477e-02;2.885820e-01;5.501043e-02;5.832291e-02;5.754195e-02;1.285719e-01;7.969209e-02;5.752469e-02;4.710978e-02;4.630746e-02;3.024767e-02
4.302746e-02;1.177443e-01;4.191414e-01;5.132756e-02;4.079761e-02;3.729381e-02;9.233380e-02;6.001444e-02;6.493808e-02;2.734317e-02;3.124470e-02;1.479372e-02
7.356580e-02;1.651365e-01;4.646465e-01;5.894973e-02;3.604738e-02;2.347168e-02;5.747452e-02;2.255705e-02;5.481230e-02;1.807647e-02;1.518621e-02;1.007582e-02
9.070188e-02;1.992602e-01;4.301554e-01;5.141641e-02;3.232847e-02;2.277277e-02;4.510013e-02;1.241150e-02;6.389236e-02;2.695101e-02;1.039407e-02;1.461584e-02
4.662910e-02;2.272888e-01;4.032024e-01;2.772390e-02;2.850680e-02;2.273468e-02;2.626479e-02;1.687540e-02;1.357953e-01;3.953027e-02;1.085780e-02;1.459079e-02
3.191737e-02;1.931853e-01;4.216154e-01;1.804407e-02;1.411974e-02;1.698762e-02;2.093047e-02;1.227730e-02;1.807701e-01;5.651110e-02;1.388780e-02;1.975368e-02
2.300699e-02;1.480752e-01;4.783837e-01;2.411167e-02;1.188122e-02;1.169415e-02;2.457139e-02;1.493686e-02;1.606872e-01;7.106619e-02;1.491203e-02;1.667351e-02
2.029241e-02;1.344217e-01;5.229729e-01;2.414894e-02;1.114282e-02;1.299104e-02;2.743848e-02;1.477951e-02;1.397162e-01;6.763794e-02;1.369036e-02;1.076764e-02
4.290607e-02;1.381121e-01;5.078590e-01;2.799227e-02;1.270850e-02;1.127568e-02;1.718490e-02;1.290603e-02;1.554977e-01;5.357800e-02;1.133639e-02;8.643341e-03
4.887380e-02;1.504965e-01;4.898374e-01;2.316474e-02;1.432182e-02;1.425865e-02;1.802522e-02;1.422065e-02;1.618118e-01;3.916956e-02;1.492728e-02;1.089255e-02
6.247307e-02;1.658476e-01;4.790024e-01;2.594342e-02;1.242640e-02;1.825768e-02;3.165989e-02;8.857805e-03;1.321564e-01;3.823212e-02;9.292530e-03;1.585067e-02
5.596276e-02;1.633382e-01;5.316794e-01;3.477811e-02;1.527830e-02;2.020237e-02;2.343799e-02;1.320036e-02;7.106257e-02;4.578601e-02;8.414978e-03;1.685898e-02
1.008102e-02;1.366570e-01;6.694456e-01;3.244422e-02;1.437331e-02;1.563691e-02;3.328431e-02;8.605917e-03;2.316931e-02;3.939489e-02;6.997555e-03;9.909998e-03
2.672948e-02;1.337061e-01;6.634814e-01;2.705252e-02;8.304124e-03;1.460679e-02;2.389827e-02;1.435131e-02;3.486713e-02;3.653429e-02;6.652191e-03;9.816437e-03
2.135282e-02;1.338704e-01;6.340806e-01;3.029633e-02;1.138537e-02;1.544279e-02;3.370580e-02;1.679482e-02;4.428935e-02;4.071031e-02;1.189261e-02;6.178839e-03
1.817936e-02;1.315366e-01;6.586309e-01;3.017707e-02;8.662914e-03;1.039641e-02;3.567803e-02;1.287504e-02;4.577644e-02;3.070087e-02;1.136197e-02;6.024418e-03
1.481120e-02;1.197096e-01;6.843333e-01;2.726845e-02;1.212686e-02;7.179341e-03;2.625424e-02;1.005373e-02;4.474606e-02;3.869719e-02;8.751606e-03;6.068331e-03
1.923363e-02;1.262506e-01;6.554689e-01;2.710969e-02;1.401196e-02;1.313503e-02;1.748744e-02;1.018253e-02;6.502593e-02;3.904469e-02;7.079422e-03;5.970194e-03
8.035810e-02;1.595616e-01;5.500181e-01;2.823055e-02;1.142590e-02;1.493413e-02;1.163716e-02;1.603646e-02;8.671599e-02;2.682384e-02;7.565733e-03;6.692464e-03
1.799944e-01;1.627611e-01;4.010384e-01;2.203763e-02;1.081115e-02;1.490517e-02;2.409384e-02;2.888606e-02;9.559064e-02;2.068749e-02;1.774555e-02;2.144860e-02
2.414548e-01;1.262114e-01;3.043745e-01;2.035769e-02;1.481709e-02;1.687449e-02;4.828267e-02;4.477805e-02;7.989620e-02;2.549763e-02;3.528445e-02;4.217105e-02
2.265650e-01;6.995723e-02;2.094620e-01;2.596654e-02;2.389267e-02;2.045578e-02;8.244076e-02;5.687917e-02;6.136334e-02;6.160113e-02;7.963253e-02;8.178382e-02
1.409248e-01;1.356967e-01;1.897069e-01;3.254367e-02;3.337497e-02;1.667344e-02;1.365095e-01;3.030309e-02;2.471989e-02;7.368682e-02;1.112679e-01;7.459240e-02
1.811000e-01;1.874431e-01;3.242480e-01;2.052216e-02;2.257635e-02;1.848878e-02;8.016238e-02;4.104798e-02;3.332936e-02;3.549223e-02;3.263783e-02;2.295185e-02
1.404233e-01;2.177079e-01;4.190121e-01;2.749356e-02;1.661782e-02;1.733899e-02;4.021669e-02;2.622631e-02;5.403597e-02;1.821653e-02;8.764879e-03;1.394599e-02
9.160030e-02;2.173586e-01;5.095314e-01;3.570052e-02;1.413983e-02;1.601483e-02;1.442436e-02;1.226055e-02;5.702940e-02;1.594713e-02;4.281041e-03;1.171210e-02
5.229983e-02;1.926953e-01;5.831174e-01;3.500440e-02;1.144780e-02;1.380096e-02;6.848276e-03;1.035304e-02;5.300948e-02;2.523180e-02;5.912512e-03;1.027921e-02
1.543931e-02;1.749076e-01;6.063387e-01;2.260997e-02;1.964276e-02;1.478887e-02;1.848278e-02;1.691210e-02;4.715146e-02;4.565986e-02;7.044965e-03;1.102169e-02
4.153183e-02;1.318091e-01;4.270292e-01;3.169056e-02;4.095402e-02;3.996791e-02;4.709656e-02;4.264863e-02;5.501089e-02;8.290825e-02;2.655558e-02;3.279744e-02
4.102846e-02;9.890077e-02;2.900166e-01;4.834827e-02;5.115476e-02;6.181086e-02;7.492898e-02;6.148973e-02;7.415454e-02;1.045255e-01;4.730982e-02;4.633167e-02
5.901114e-02;9.020352e-02;2.901990e-01;5.021992e-02;4.846018e-02;5.976984e-02;7.117213e-02;5.696779e-02;7.861474e-02;1.011521e-01;4.964039e-02;4.458932e-02
4.650163e-02;6.499018e-02;4.798057e-01;5.468792e-02;3.726578e-02;3.777537e-02;4.547701e-02;3.484847e-02;4.898261e-02;8.701871e-02;3.514258e-02;2.750406e-02
2.105370e-02;4.949972e-02;7.086782e-01;4.714834e-02;3.882316e-02;1.215516e-02;2.606654e-02;1.223373e-02;8.919921e-03;6.217572e-02;6.165722e-03;7.080140e-03
1.949359e-02;4.807569e-02;7.316416e-01;4.618323e-02;3.704021e-02;8.711276e-03;2.907698e-02;7.901997e-03;7.530503e-03;5.539381e-02;5.358366e-03;3.592772e-03
1.754954e-02;2.690634e-02;7.354501e-01;7.029154e-02;3.380125e-02;1.049715e-02;2.542154e-02;5.823308e-03;9.281228e-03;4.712733e-02;1.479222e-02;3.058495e-03
2.420237e-02;1.665960e-02;7.059895e-01;1.082247e-01;3.157237e-02;1.112826e-02;1.947005e-02;7.434390e-03;1.708672e-02;3.800306e-02;1.688734e-02;3.341543e-03
2.220265e-02;1.884820e-02;6.348081e-01;1.664579e-01;4.110639e-02;1.367263e-02;1.531710e-02;6.578907e-03;1.608910e-02;2.857625e-02;3.098259e-02;5.360198e-03
1.324029e-02;1.545881e-02;5.651971e-01;2.229077e-01;5.654678e-02;2.210684e-02;7.923789e-03;1.452834e-02;1.268367e-02;1.097630e-02;5.208676e-02;6.343595e-03
2.175848e-02;2.784764e-02;5.150441e-01;2.171846e-01;7.114802e-02;2.922565e-02;1.044917e-02;1.758268e-02;1.064738e-02;1.288564e-02;5.805569e-02;8.170865e-03
3.622036e-02;5.209844e-02;4.972870e-01;1.581771e-01;7.377272e-02;3.305430e-02;4.263150e-02;1.491523e-02;1.310175e-02;2.578096e-02;4.519924e-02;7.761315e-03
5.881456e-02;6.547334e-02;4.549718e-01;1.011164e-01;6.493835e-02;3.561033e-02;9.823558e-02;2.300594e-02;2.189120e-02;2.289718e-02;3.263030e-02;2.041499e-02
6.874289e-02;5.660228e-02;3.662413e-01;5.459194e-02;6.791605e-02;5.081027e-02;1.200033e-01;4.533267e-02;5.684141e-02;3.967913e-02;3.503897e-02;3.819976e-02
5.670091e-02;7.265918e-02;3.963102e-01;7.503644e-02;7.270480e-02;4.457880e-02;8.783311e-02;2.987559e-02;5.036724e-02;3.574452e-02;3.807537e-02;4.011385e-02
3.480944e-02;4.409204e-02;3.974150e-01;1.572638e-01;1.023036e-01;3.425660e-02;6.744918e-02;1.641696e-02;2.968311e-02;2.427859e-02;5.348627e-02;3.854546e-02
2.223343e-02;3.037298e-02;3.000580e-01;2.374641e-01;1.580499e-01;4.066265e-02;5.362090e-02;2.696486e-02;1.111300e-02;1.629702e-02;7.208387e-02;3.107931e-02
2.393418e-02;3.224525e-02;3.048243e-01;2.669876e-01;1.671940e-01;3.716350e-02;1.975593e-02;3.109263e-02;1.144604e-02;1.577937e-02;7.235814e-02;1.721904e-02
1.601546e-02;2.525276e-02;4.007019e-01;2.518726e-01;1.215881e-01;3.089110e-02;2.210875e-02;2.820341e-02;1.151189e-02;1.463216e-02;6.771561e-02;9.506285e-03
1.327280e-02;1.928536e-02;5.414229e-01;2.115533e-01;6.811073e-02;2.307462e-02;1.322737e-02;2.010892e-02;1.518199e-02;1.693616e-02;4.809224e-02;9.733669e-03
1.912764e-02;1.721624e-02;6.335098e-01;1.607172e-01;5.521968e-02;1.500010e-02;1.890950e-02;7.768575e-03;1.545824e-02;2.017398e-02;2.972853e-02;7.170567e-03
1.980738e-02;2.183416e-02;7.293751e-01;1.152587e-01;3.882001e-02;9.173436e-03;1.176679e-02;3.441503e-03;1.110234e-02;1.930606e-02;1.468429e-02;5.430281e-03
1.834034e-02;2.508485e-02;7.826681e-01;6.749356e-02;3.178633e-02;1.174989e-02;1.081683e-02;8.396930e-03;7.134274e-03;1.830377e-02;1.224346e-02;5.981614e-03
1.910863e-02;4.256516e-02;7.625622e-01;5.043392e-02;3.003432e-02;1.195503e-02;2.284696e-02;1.094189e-02;1.017566e-02;2.346505e-02;8.907240e-03;7.003903e-03
2.140340e-02;4.979170e-02;7.639325e-01;4.296152e-02;2.132055e-02;8.978914e-03;1.870804e-02;1.409657e-02;4.039621e-03;2.046100e-02;1.699462e-02;1.731148e-02
1.881871e-02;5.312433e-02;7.544090e-01;3.901988e-02;1.394375e-02;7.660429e-03;2.719516e-02;1.325883e-02;1.002887e-02;2.005183e-02;2.390943e-02;1.857974e-02
2.470138e-02;6.397546e-02;7.059833e-01;5.758869e-02;1.970788e-02;7.845008e-03;2.360369e-02;1.349032e-02;1.162833e-02;3.081298e-02;2.134966e-02;1.931332e-02
2.896242e-02;5.528352e-02;6.791440e-01;7.070822e-02;1.966298e-02;8.001924e-03;1.952992e-02;1.460668e-02;1.966495e-02;3.683571e-02;1.135127e-02;3.624840e-02
1.996766e-02;6.717091e-02;6.776941e-01;5.793371e-02;2.615847e-02;1.696028e-02;2.732313e-02;1.124070e-02;2.978665e-02;2.616914e-02;9.050675e-03;3.054462e-02
3.505911e-02;8.763434e-02;6.661456e-01;4.858002e-02;2.813996e-02;1.884927e-02;2.553821e-02;5.884616e-03;3.106688e-02;1.980212e-02;1.259259e-02;2.070726e-02
3.387103e-02;7.984653e-02;6.861163e-01;4.356300e-02;2.173244e-02;1.279399e-02;2.773794e-02;1.005063e-02;2.865055e-02;2.643901e-02;1.429255e-02;1.490598e-02
2.084289e-02;4.356777e-02;7.283469e-01;6.005722e-02;2.945483e-02;1.492908e-02;2.838724e-02;8.832601e-03;2.004862e-02;2.454903e-02;1.312507e-02;7.858654e-03
2.828183e-02;1.805774e-02;7.503847e-01;6.843723e-02;3.593959e-02;1.627904e-02;2.179808e-02;9.693832e-03;1.308393e-02;1.997340e-02;9.821090e-03;8.249532e-03
2.724130e-02;2.942816e-02;7.510954e-01;6.361824e-02;3.190333e-02;1.138634e-02;2.551444e-02;9.658219e-03;8.061779e-03;2.509185e-02;7.632997e-03;9.367998e-03
2.216881e-02;3.239233e-02;7.586752e-01;6.077015e-02;2.835474e-02;1.136009e-02;1.769847e-02;1.522569e-02;9.936503e-03;2.642146e-02;9.836333e-03;7.160153e-03
2.941002e-02;4.911069e-02;6.761789e-01;6.539218e-02;4.388753e-02;2.635765e-02;2.414831e-02;1.999040e-02;2.381121e-02;1.809665e-02;1.570524e-02;7.911227e-03
4.271607e-02;5.270739e-02;5.726096e-01;4.815095e-02;4.906959e-02;3.069725e-02;6.346521e-02;2.993022e-02;4.738535e-02;2.615125e-02;2.195911e-02;1.515798e-02
6.756400e-02;3.963402e-02;4.244947e-01;5.453463e-02;5.740083e-02;3.322135e-02;9.783158e-02;3.841858e-02;7.476170e-02;4.896449e-02;2.399169e-02;3.918242e-02
6.179590e-02;6.941097e-02;2.382939e-01;8.403468e-02;5.045643e-02;7.704987e-02;1.070715e-01;5.489759e-02;8.430400e-02;8.458048e-02;3.427108e-02;5.383365e-02
6.025657e-02;7.911160e-02;1.615977e-01;9.407545e-02;5.174594e-02;8.458119e-02;1.308937e-01;6.402656e-02;8.467675e-02;8.459371e-02;5.465562e-02;4.978522e-02
5.199165e-02;6.424879e-02;2.152630e-01;1.038676e-01;5.318742e-02;8.203132e-02;1.156116e-01;6.264605e-02;8.034944e-02;8.448971e-02;4.846099e-02;3.785239e-02
4.044395e-02;6.098575e-02;2.464586e-01;7.088149e-02;5.130500e-02;6.181914e-02;1.259606e-01;7.093772e-02;7.050981e-02;1.159725e-01;5.351205e-02;3.121335e-02
5.019389e-02;5.380295e-02;2.139921e-01;5.730041e-02;5.756322e-02;5.869877e-02;1.684053e-01;6.271395e-02;9.893201e-02;8.553617e-02;5.067285e-02;4.218832e-02
7.894573e-02;6.587949e-02;2.377702e-01;6.349783e-02;7.047360e-02;6.171624e-02;1.467051e-01;4.797908e-02;8.779097e-02;4.486895e-02;5.849158e-02;3.588125e-02
1.048925e-01;6.701887e-02;2.654831e-01;4.141434e-02;7.049402e-02;5.366575e-02;1.004810e-01;4.645626e-02;6.321663e-02;6.780552e-02;8.415063e-02;3.492142e-02
7.543946e-02;4.824921e-02;2.261530e-01;4.532209e-02;7.968550e-02;3.441631e-02;1.236443e-01;8.979850e-02;6.366448e-02;5.564922e-02;6.947447e-02;8.850344e-02
4.131016e-02;8.458962e-02;1.679285e-01;5.875763e-02;7.974908e-02;3.509384e-02;1.245847e-01;1.208354e-01;8.797028e-02;6.122889e-02;3.875884e-02;9.919302e-02
6.955169e-02;7.106436e-02;1.327759e-01;9.968907e-02;9.096078e-02;9.516201e-02;1.148216e-01;7.322291e-02;8.536454e-02;7.971306e-02;3.436124e-02;5.331286e-02
7.567350e-02;7.562751e-02;1.446178e-01;1.093284e-01;7.858081e-02;1.002821e-01;1.411768e-01;6.024148e-02;6.116805e-02;7.642203e-02;3.684597e-02;4.003551e-02
7.774024e-02;7.108407e-02;1.567400e-01;1.069466e-01;7.653666e-02;9.413342e-02;1.480295e-01;6.796085e-02;6.860688e-02;7.213170e-02;2.506650e-02;3.502362e-02
5.183369e-02;5.317270e-02;2.002628e-01;8.352365e-02;8.873620e-02;7.911178e-02;1.742360e-01;6.742423e-02;7.190263e-02;6.365880e-02;3.998131e-02;2.615622e-02
1.723722e-02;2.550015e-02;2.625558e-01;7.607514e-02;1.247730e-01;9.028659e-02;2.043568e-01;4.180906e-02;4.205123e-02;3.673854e-02;4.695560e-02;3.166090e-02
1.685541e-02;2.114667e-02;3.225664e-01;9.409352e-02;1.336627e-01;8.158649e-02;1.763890e-01;2.529471e-02;3.477015e-02;2.527982e-02;4.341355e-02;2.494167e-02
2.266519e-02;3.239685e-02;4.333649e-01;1.190324e-01;1.104498e-01;4.804994e-02;9.494837e-02;1.547164e-02;2.403108e-02;2.541759e-02;5.433362e-02;1.983856e-02
2.941030e-02;3.215813e-02;5.632527e-01;1.239366e-01;6.095912e-02;1.459768e-02;4.253541e-02;1.763734e-02;1.278205e-02;3.247720e-02;5.513872e-02;1.511481e-02
2.485158e-02;1.673039e-02;5.896122e-01;1.349841e-01;6.942272e-02;2.336466e-02;4.387702e-02;1.891104e-02;1.417945e-02;2.007395e-02;3.442184e-02;9.571020e-03
1.789497e-02;1.743826e-02;5.157545e-01;1.476271e-01;1.082567e-01;4.207077e-02;5.675827e-02;2.295333e-02;1.599887e-02;1.701093e-02;2.620985e-02;1.202648e-02
1.883345e-02;2.258922e-02;4.448673e-01;1.494539e-01;1.584052e-01;4.701733e-02;4.691785e-02;2.067672e-02;2.069594e-02;2.327624e-02;3.150269e-02;1.576415e-02
2.280241e-02;2.264594e-02;3.513708e-01;1.529452e-01;2.019630e-01;6.644966e-02;6.380499e-02;1.471305e-02;2.314792e-02;1.805822e-02;4.331896e-02;1.877984e-02
3.346489e-02;2.904935e-02;3.680434e-01;1.405967e-01;1.631257e-01;6.258181e-02;8.558615e-02;9.828418e-03;2.204416e-02;1.378912e-02;4.969983e-02;2.219050e-02
3.026812e-02;2.713185e-02;4.523333e-01;1.511162e-01;1.106361e-01;3.930920e-02;5.988459e-02;1.275634e-02;1.813478e-02;2.068584e-02;6.183304e-02;1.591071e-02
1.248166e-02;2.673588e-02;4.556338e-01;1.875175e-01;9.151303e-02;3.530777e-02;4.600849e-02;1.086415e-02;1.518617e-02;2.420165e-02;8.295166e-02;1.159822e-02
1.606952e-02;3.207036e-02;3.937382e-01;2.115947e-01;1.012268e-01;3.915045e-02;2.681446e-02;1.680735e-02;2.094748e-02;2.167111e-02;1.053049e-01;1.460458e-02
3.412411e-02;1.930680e-02;3.515886e-01;2.094644e-01;1.045677e-01;3.815187e-02;5.129965e-02;3.308422e-02;1.628931e-02;2.306746e-02;1.063153e-01;1.274059e-02
7.675834e-02;5.085357e-02;2.893366e-01;1.500681e-01;1.195993e-01;4.411554e-02;6.175669e-02;4.992516e-02;3.002670e-02;2.807783e-02;7.094813e-02;2.853406e-02
1.359883e-01;1.000447e-01;1.871857e-01;9.935054e-02;1.464786e-01;5.512430e-02;6.269018e-02;5.195810e-02;4.608411e-02;4.536871e-02;3.536653e-02;3.436025e-02
1.456980e-01;1.007547e-01;2.313356e-01;8.398806e-02;1.404701e-01;4.827417e-02;6.338055e-02;4.173136e-02;4.484721e-02;5.050304e-02;2.069925e-02;2.831797e-02
9.180778e-02;5.734219e-02;3.753672e-01;7.256186e-02;1.072986e-01;4.434740e-02;1.041592e-01;2.809656e-02;3.305402e-02;3.421073e-02;2.298385e-02;2.877066e-02
5.707656e-02;3.606947e-02;5.207927e-01;6.236846e-02;8.474671e-02;2.456261e-02;8.911765e-02;2.433696e-02;2.523800e-02;2.337738e-02;3.014424e-02;2.216930e-02
7.357055e-02;6.007820e-02;4.542594e-01;5.181367e-02;8.709861e-02;2.585168e-02;7.963275e-02;3.432549e-02;3.533870e-02;3.757619e-02;2.814713e-02;3.230761e-02
9.941867e-02;4.351925e-02;2.744756e-01;9.723102e-02;1.176185e-01;4.455571e-02;7.647077e-02;3.366320e-02;6.350181e-02;6.860463e-02;3.297083e-02;4.797004e-02
6.468116e-02;4.507200e-02;1.831986e-01;1.358781e-01;1.264638e-01;6.052674e-02;1.225856e-01;4.298395e-02;5.510603e-02;6.190627e-02;4.731044e-02;5.428721e-02
7.009614e-02;2.597016e-02;1.589921e-01;1.095438e-01;1.109832e-01;8.633166e-02;1.496145e-01;4.957101e-02;6.834342e-02;6.893082e-02;5.473346e-02;4.688981e-02
5.714228e-02;3.968545e-02;1.909195e-01;7.088921e-02;8.032424e-02;7.774499e-02;1.732631e-01;6.945267e-02;1.014855e-01;7.010198e-02;4.912115e-02;1.986998e-02
5.321220e-02;6.173510e-02;1.571398e-01;7.478131e-02;9.627332e-02;6.202365e-02;1.065012e-01;5.420434e-02;6.416797e-02;1.114405e-01;8.524233e-02;7.327832e-02
5.632905e-02;4.986375e-02;8.559647e-02;5.848396e-02;8.477782e-02;7.110435e-02;7.028107e-02;3.474985e-02;9.090322e-02;1.572963e-01;1.577258e-01;8.288836e-02
4.960165e-02;4.763269e-02;7.027611e-02;5.880698e-02;7.212273e-02;6.961948e-02;6.731406e-02;3.270832e-02;9.577465e-02;1.753052e-01;1.761931e-01;8.464506e-02
5.101605e-02;5.120867e-02;7.220124e-02;6.540406e-02;6.431818e-02;6.203959e-02;6.562296e-02;3.550085e-02;9.494093e-02;1.788542e-01;1.716680e-01;8.722521e-02
6.487007e-02;5.619046e-02;7.761595e-02;7.027219e-02;5.014013e-02;5.407132e-02;9.056717e-02;4.287298e-02;1.024818e-01;1.644581e-01;1.357453e-01;9.071455e-02
8.426587e-02;4.252242e-02;1.166846e-01;4.914423e-02;3.535116e-02;4.377776e-02;1.698366e-01;6.635385e-02;8.872317e-02;1.485846e-01;8.610912e-02;6.864658e-02
8.370432e-02;2.718406e-02;1.240222e-01;3.837965e-02;4.841772e-02;6.678277e-02;1.577109e-01;6.841761e-02;7.793660e-02;1.686133e-01;9.934495e-02;3.948592e-02
8.960432e-02;4.037882e-02;1.206552e-01;3.761126e-02;4.680305e-02;8.076988e-02;1.675287e-01;4.210063e-02;8.977374e-02;1.343869e-01;1.079822e-01;4.240526e-02
6.530857e-02;4.632783e-02;1.008434e-01;4.508178e-02;3.716292e-02;1.012993e-01;1.799359e-01;6.944105e-02;7.753327e-02;1.059942e-01;1.205399e-01;5.053176e-02
7.712899e-02;7.943854e-02;1.170033e-01;7.651351e-02;4.073459e-02;9.535936e-02;1.267284e-01;4.377665e-02;7.736111e-02;8.539291e-02;1.209101e-01;5.965251e-02
7.335330e-02;7.798510e-02;1.092969e-01;8.833054e-02;5.109246e-02;6.433704e-02;1.248237e-01;6.231775e-02;8.020276e-02;9.485466e-02;1.034735e-01;6.993225e-02
9.767849e-02;8.578467e-02;1.314289e-01;7.005870e-02;4.912499e-02;6.699569e-02;1.114436e-01;8.350772e-02;6.970303e-02;1.025254e-01;8.368582e-02;4.806291e-02
1.021335e-01;7.962700e-02;1.322000e-01;2.550052e-02;4.246199e-02;5.570338e-02;1.024329e-01;1.114507e-01;1.554305e-01;5.643480e-02;6.671545e-02;6.990923e-02
5.985476e-02;6.342762e-02;1.364541e-01;3.122055e-02;5.457855e-02;6.364409e-02;1.134211e-01;8.698353e-02;1.573159e-01;7.738604e-02;7.766136e-02;7.805225e-02
4.987478e-02;5.874957e-02;1.169527e-01;4.269556e-02;5.779520e-02;8.412997e-02;1.316811e-01;7.996743e-02;1.723589e-01;1.048704e-01;4.541758e-02;5.550682e-02
6.435709e-02;5.230679e-02;7.518368e-02;5.586185e-02;4.981580e-02;1.062192e-01;1.115934e-01;1.101841e-01;1.423543e-01;1.320242e-01;5.161633e-02;4.848329e-02
6.081230e-02;4.794362e-02;2.174386e-01;6.819519e-02;6.820530e-02;4.440746e-02;1.605736e-01;3.812455e-02;9.580155e-02;7.179561e-02;7.456154e-02;5.214069e-02
3.102372e-02;6.444091e-02;3.085180e-01;7.078872e-02;5.057457e-02;2.797494e-02;1.209818e-01;5.107540e-02;1.093742e-01;7.606278e-02;5.038002e-02;3.880490e-02
5.609236e-02;8.484515e-02;3.006515e-01;5.852456e-02;4.462380e-02;2.308830e-02;8.406278e-02;4.319284e-02;1.621060e-01;8.217220e-02;3.383704e-02;2.680348e-02
8.810538e-02;1.044981e-01;2.465642e-01;3.955558e-02;3.853768e-02;1.613759e-02;5.031632e-02;5.286912e-02;2.328551e-01;7.733985e-02;2.673006e-02;2.649112e-02
1.333011e-01;1.160336e-01;1.678811e-01;2.213552e-02;4.183892e-02;1.333521e-02;3.032744e-02;9.636626e-02;2.907519e-01;4.562016e-02;2.003349e-02;2.237532e-02
1.761691e-01;1.292881e-01;1.260071e-01;1.584418e-02;5.826402e-02;9.156635e-03;1.853154e-02;1.168261e-01;2.649811e-01;3.718936e-02;3.071022e-02;1.703258e-02
1.577178e-01;1.581803e-01;1.446164e-01;1.732071e-02;4.666488e-02;3.299296e-02;2.236781e-02;1.028337e-01;2.039362e-01;4.254567e-02;5.586378e-02;1.495978e-02
1.071090e-01;1.928908e-01;1.396276e-01;1.569951e-02;2.696059e-02;6.532914e-02;1.352378e-02;6.208713e-02;2.817037e-01;4.363058e-02;3.500722e-02;1.643085e-02
5.521278e-02;2.095964e-01;1.299789e-01;1.874397e-02;1.887151e-02;9.448556e-02;8.780573e-03;3.067583e-02;3.430906e-01;2.997882e-02;2.042585e-02;4.015925e-02
3.241973e-02;2.074647e-01;1.206013e-01;2.400746e-02;1.041184e-02;1.123389e-01;9.504882e-03;1.185352e-02;3.698805e-01;2.768508e-02;2.197020e-02;5.186196e-02
2.291973e-02;1.901856e-01;1.296265e-01;2.453798e-02;8.356949e-03;1.123950e-01;1.043066e-02;1.702622e-02;3.739516e-01;4.111814e-02;1.944521e-02;5.000636e-02
3.298711e-02;1.656761e-01;1.424789e-01;2.279091e-02;9.838256e-03;1.077216e-01;1.285700e-02;1.981751e-02;3.515154e-01;3.548107e-02;2.877734e-02;7.005884e-02
3.158595e-02;1.493428e-01;1.602329e-01;2.395245e-02;1.281537e-02;1.065810e-01;2.004337e-02;2.264874e-02;3.007607e-01;5.125861e-02;3.680791e-02;8.397011e-02
1.959565e-02;1.541796e-01;1.934006e-01;2.306614e-02;2.108110e-02;1.008980e-01;1.512609e-02;3.396633e-02;2.535546e-01;5.328897e-02;3.218362e-02;9.965918e-02
3.065754e-02;1.417903e-01;2.504991e-01;2.303633e-02;2.308059e-02;7.699043e-02;1.766487e-02;3.071128e-02;2.154958e-01;6.042586e-02;3.363398e-02;9.601399e-02
2.497610e-02;1.457309e-01;2.751119e-01;1.903126e-02;1.684877e-02;6.881247e-02;1.775352e-02;2.519487e-02;2.033438e-01;9.093642e-02;4.232135e-02;6.993861e-02
2.385355e-02;1.336452e-01;3.299718e-01;1.538625e-02;1.050619e-02;6.561655e-02;1.743786e-02;2.543637e-02;1.991619e-01;8.768408e-02;3.038626e-02;6.091401e-02
2.116707e-02;8.318364e-02;3.959821e-01;1.388534e-02;2.195485e-02;3.118387e-02;1.814707e-02;1.443781e-02;1.519745e-01;1.667171e-01;2.691118e-02;5.445559e-02
1.494615e-02;5.913620e-02;4.366848e-01;1.546534e-02;2.188966e-02;8.330728e-03;2.202197e-02;1.743598e-02;1.311914e-01;2.170443e-01;2.220933e-02;3.364419e-02
1.234793e-02;4.962608e-02;4.444599e-01;1.919973e-02;1.452533e-02;7.846338e-03;2.486625e-02;2.069697e-02;1.787357e-01;1.871658e-01;2.166402e-02;1.886595e-02
4.424081e-02;7.257131e-02;4.310862e-01;1.868887e-02;1.608395e-02;1.403070e-02;2.900259e-02;2.514317e-02;1.763201e-01;1.278722e-01;1.560398e-02;2.935615e-02
1.045604e-01;1.090030e-01;3.593552e-01;2.319574e-02;2.675704e-02;1.982563e-02;3.492736e-02;3.078950e-02;1.589740e-01;7.470383e-02;1.143246e-02;4.647583e-02
2.001537e-01;1.185049e-01;2.172229e-01;3.230953e-02;4.674325e-02;2.508125e-02;5.855605e-02;3.002328e-02;1.472118e-01;4.983985e-02;2.310288e-02;5.125054e-02
2.098608e-01;7.486335e-02;3.513323e-01;2.974887e-02;4.006800e-02;1.688328e-02;6.695490e-02;2.971154e-02;2.041269e-02;7.746931e-02;3.621417e-02;4.648076e-02
1.806323e-01;4.829879e-02;3.375324e-01;2.211875e-02;2.722154e-02;2.161566e-02;6.443634e-02;5.167003e-02;7.670414e-02;5.927307e-02;4.301735e-02;6.747957e-02
1.609955e-01;6.791969e-02;2.601494e-01;2.646967e-02;3.337850e-02;2.769732e-02;8.949494e-02;4.823660e-02;7.399664e-02;6.152131e-02;6.967092e-02;8.046958e-02
1.048499e-01;7.825886e-02;1.653319e-01;3.392548e-02;4.852002e-02;6.448213e-02;1.253388e-01;4.943739e-02;6.987975e-02;8.045779e-02;8.735129e-02;9.216662e-02
9.589279e-02;7.788751e-02;8.150233e-02;4.696505e-02;6.518281e-02;8.703903e-02;1.153439e-01;9.241278e-02;8.839062e-02;8.885750e-02;7.578807e-02;8.473765e-02
7.597519e-02;6.867351e-02;1.902582e-01;3.737495e-02;7.441059e-02;4.945824e-02;7.981768e-02;1.173787e-01;1.039665e-01;1.082310e-01;5.606315e-02;3.839234e-02
2.013160e-02;6.647886e-02;3.812049e-01;5.504424e-02;6.426420e-02;3.778576e-02;8.749457e-02;7.626262e-02;6.697650e-02;6.851180e-02;4.837402e-02;2.747086e-02
6.641258e-02;1.050058e-01;4.914827e-01;5.197733e-02;5.027860e-02;2.456870e-02;6.135581e-02;3.621884e-02;1.849619e-02;3.768243e-02;3.856180e-02;1.795922e-02
1.005320e-01;1.383140e-01;5.065882e-01;3.358484e-02;2.991106e-02;2.307231e-02;4.915529e-02;1.398996e-02;3.204440e-02;3.441495e-02;2.462135e-02;1.377157e-02
7.211247e-02;1.278888e-01;5.283834e-01;2.855164e-02;1.698977e-02;2.743454e-02;5.861903e-02;2.000887e-02;3.527840e-02;4.141640e-02;2.838515e-02;1.493147e-02
6.732611e-02;1.228859e-01;5.368469e-01;3.215732e-02;1.872047e-02;2.246696e-02;6.213256e-02;1.851720e-02;3.387291e-02;3.820067e-02;2.754490e-02;1.932811e-02
9.378296e-02;1.339943e-01;5.094087e-01;2.857790e-02;3.050980e-02;2.855448e-02;4.534552e-02;1.809613e-02;3.420718e-02;2.954195e-02;2.570999e-02;2.227112e-02
8.339093e-02;1.105605e-01;4.380145e-01;4.147780e-02;4.165192e-02;3.722907e-02;5.002625e-02;2.949741e-02;5.119433e-02;4.517181e-02;3.742396e-02;3.436147e-02
7.976934e-02;7.962060e-02;2.894743e-01;5.413040e-02;6.346028e-02;4.931047e-02;5.936758e-02;4.872931e-02;7.954373e-02;1.051660e-01;5.471168e-02;3.671634e-02
9.961673e-02;5.571314e-02;1.196987e-01;5.483272e-02;7.915322e-02;6.291091e-02;8.323369e-02;7.711947e-02;1.098479e-01;1.154840e-01;7.841127e-02;6.397828e-02
9.202182e-02;3.242159e-02;7.259972e-02;7.893950e-02;8.045543e-02;6.688386e-02;1.093965e-01;8.663624e-02;1.092191e-01;1.066041e-01;8.014421e-02;8.467788e-02
1.050850e-01;4.755580e-02;6.879732e-02;6.588264e-02;7.082008e-02;7.092071e-02;1.031056e-01;9.321125e-02;1.118160e-01;9.875556e-02;1.091209e-01;5.492911e-02
1.261402e-01;7.060626e-02;7.555208e-02;4.930061e-02;9.340799e-02;7.830274e-02;9.951007e-02;8.688053e-02;1.228627e-01;8.061792e-02;7.665838e-02;4.016046e-02
1.085415e-01;7.839157e-02;9.130950e-02;8.399223e-02;9.680255e-02;1.066280e-01;1.012316e-01;8.086617e-02;7.269154e-02;7.561950e-02;6.422483e-02;3.970098e-02
8.218070e-02;8.891549e-02;1.031515e-01;9.998099e-02;8.698536e-02;9.795349e-02;7.888681e-02;8.508344e-02;9.591393e-02;7.283854e-02;7.853995e-02;2.956976e-02
6.334607e-02;6.980779e-02;1.154555e-01;8.860382e-02;7.150862e-02;8.008956e-02;9.257258e-02;1.013961e-01;1.088210e-01;7.666899e-02;9.325251e-02;3.847753e-02
2.741428e-02;8.377241e-02;1.782023e-01;8.434425e-02;7.182905e-02;6.987283e-02;1.276157e-01;7.900967e-02;5.424626e-02;6.927956e-02;9.204751e-02;6.236617e-02
5.946589e-02;7.896955e-02;1.590380e-01;1.119219e-01;8.092320e-02;7.810612e-02;8.491990e-02;6.078905e-02;5.232726e-02;8.109697e-02;8.520305e-02;6.723909e-02
7.976776e-02;6.144718e-02;1.296981e-01;1.136548e-01;8.481187e-02;8.042165e-02;9.517264e-02;5.343679e-02;8.699632e-02;5.608023e-02;6.012509e-02;9.838757e-02
7.398617e-02;5.751822e-02;1.418931e-01;1.185937e-01;1.056171e-01;7.024814e-02;7.776773e-02;6.642468e-02;7.530028e-02;3.165756e-02;1.003150e-01;8.067839e-02
8.449386e-02;7.460618e-02;1.588674e-01;1.475882e-01;1.274677e-01;9.791114e-02;5.750593e-02;5.757439e-02;6.342781e-02;3.105241e-02;6.782553e-02;3.167943e-02
9.608569e-02;6.895085e-02;1.661710e-01;1.596332e-01;1.184899e-01;1.011744e-01;5.977697e-02;5.453051e-02;8.044531e-02;2.478268e-02;5.023630e-02;1.972309e-02
1.021901e-01;5.599494e-02;2.009371e-01;1.420918e-01;8.043936e-02;9.290880e-02;7.410511e-02;4.756312e-02;1.031627e-01;3.076813e-02;5.162990e-02;1.820887e-02
9.572669e-02;4.309468e-02;2.322457e-01;7.464784e-02;7.068626e-02;7.434700e-02;1.051134e-01;4.504582e-02;1.369534e-01;3.892845e-02;5.368839e-02;2.952233e-02
8.212257e-02;4.254243e-02;1.836499e-01;8.675842e-02;9.433029e-02;5.016334e-02;1.269872e-01;4.157325e-02;1.503606e-01;4.351341e-02;6.330232e-02;3.469632e-02
9.379781e-02;4.562045e-02;1.933025e-01;9.573491e-02;7.602912e-02;5.837176e-02;9.950215e-02;6.160153e-02;1.049259e-01;9.019913e-02;3.711554e-02;4.379912e-02
9.850447e-02;5.019259e-02;1.922387e-01;5.628973e-02;6.017544e-02;7.494974e-02;7.426757e-02;5.486411e-02;1.209734e-01;1.157140e-01;5.727115e-02;4.455914e-02
8.668432e-02;5.980881e-02;2.123474e-01;4.736017e-02;7.089534e-02;7.157238e-02;9.878156e-02;3.441108e-02;1.172379e-01;9.398258e-02;6.709155e-02;3.982678e-02
4.814492e-02;2.868808e-02;2.382397e-01;6.765047e-02;1.350769e-01;9.172224e-02;1.742975e-01;4.547545e-02;5.270278e-02;4.375127e-02;3.612244e-02;3.812827e-02
2.947835e-02;2.496688e-02;2.299993e-01;9.348541e-02;1.719155e-01;9.410861e-02;1.853131e-01;3.905448e-02;3.922346e-02;3.014133e-02;2.571462e-02;3.659887e-02
1.794584e-02;2.372250e-02;3.151036e-01;1.384823e-01;1.698968e-01;7.052742e-02;1.165420e-01;2.591724e-02;2.916372e-02;2.306990e-02;3.541122e-02;3.421755e-02
1.788312e-02;1.379509e-02;4.204425e-01;1.927272e-01;1.468160e-01;3.657816e-02;4.603936e-02;2.335923e-02;1.230840e-02;1.063725e-02;5.173355e-02;2.768015e-02
1.280938e-02;1.421742e-02;4.831148e-01;2.143104e-01;1.027452e-01;2.230059e-02;2.907041e-02;1.690750e-02;1.367441e-02;1.245008e-02;6.204175e-02;1.635806e-02
7.411037e-03;1.382656e-02;5.160034e-01;2.085044e-01;9.233242e-02;3.012884e-02;1.379060e-02;9.285020e-03;1.707145e-02;1.594937e-02;6.835182e-02;7.345100e-03
1.417471e-02;3.051914e-02;5.005111e-01;1.762616e-01;9.801489e-02;3.368678e-02;3.058355e-02;1.276080e-02;1.821455e-02;1.606398e-02;6.380080e-02;5.408186e-03
1.838408e-02;2.887012e-02;4.967131e-01;1.541488e-01;9.694842e-02;2.944206e-02;5.284925e-02;1.819528e-02;1.301094e-02;2.139897e-02;6.435929e-02;5.679644e-03
2.653558e-02;1.841817e-02;5.063187e-01;1.351370e-01;9.715334e-02;1.679176e-02;4.873860e-02;2.558255e-02;7.848930e-03;3.330483e-02;7.113364e-02;1.303699e-02
3.011725e-02;1.695305e-02;5.341678e-01;1.074741e-01;1.014403e-01;3.057814e-02;5.092451e-02;1.952144e-02;8.961599e-03;3.325499e-02;5.878995e-02;7.816921e-03
2.460803e-02;1.929625e-02;5.711569e-01;9.487125e-02;1.020191e-01;3.223807e-02;3.949083e-02;9.035372e-03;1.627470e-02;3.243217e-02;4.860341e-02;9.973935e-03
1.995944e-02;1.726063e-02;5.875473e-01;8.467778e-02;1.070389e-01;3.015691e-02;2.585504e-02;1.217281e-02;1.599537e-02;4.281099e-02;4.550730e-02;1.101749e-02
2.247484e-02;1.157439e-02;5.773826e-01;6.801540e-02;1.178819e-01;3.833586e-02;3.615563e-02;1.715934e-02;1.116375e-02;4.472269e-02;4.677544e-02;8.358149e-03
1.654749e-02;1.433680e-02;5.653878e-01;7.032779e-02;1.240776e-01;4.472400e-02;3.889866e-02;1.760106e-02;1.097383e-02;4.009965e-02;4.819219e-02;8.833232e-03
1.108852e-02;1.261433e-02;5.963504e-01;7.267502e-02;1.219502e-01;4.144923e-02;3.137233e-02;1.906354e-02;1.269807e-02;2.741055e-02;4.951585e-02;3.811972e-03
1.239537e-02;9.453128e-03;5.899473e-01;8.668054e-02;1.130295e-01;3.592366e-02;3.097374e-02;2.400244e-02;1.529561e-02;3.096133e-02;4.593130e-02;5.406064e-03
1.438724e-02;1.458107e-02;5.506971e-01;9.859062e-02;1.202866e-01;4.166058e-02;2.939216e-02;2.373816e-02;2.325510e-02;3.236724e-02;4.454752e-02;6.496628e-03
1.565384e-02;1.729549e-02;5.383804e-01;1.060161e-01;1.261601e-01;4.980956e-02;3.654181e-02;1.941314e-02;1.995141e-02;2.582004e-02;3.862176e-02;6.336372e-03
1.690532e-02;1.569015e-02;5.633736e-01;1.076375e-01;1.212188e-01;4.189041e-02;4.155742e-02;1.590480e-02;1.520416e-02;2.101189e-02;3.489242e-02;4.713611e-03
1.294928e-02;1.481225e-02;6.053492e-01;1.046571e-01;1.002397e-01;2.991242e-02;2.495527e-02;2.078151e-02;1.807155e-02;2.799738e-02;3.395636e-02;6.318013e-03
1.294195e-02;2.399613e-02;4.843018e-01;1.027256e-01;9.976366e-02;4.739331e-02;8.242525e-02;3.318261e-02;2.883960e-02;5.690917e-02;1.570045e-02;1.182036e-02
1.948258e-02;3.047373e-02;4.371522e-01;9.310266e-02;8.082418e-02;4.701869e-02;9.373785e-02;3.777998e-02;3.123195e-02;8.742433e-02;3.228724e-02;9.484613e-03
2.322236e-02;2.609450e-02;4.976669e-01;6.314541e-02;4.686523e-02;2.967379e-02;9.385314e-02;3.011045e-02;3.285730e-02;1.243435e-01;2.365530e-02;8.512244e-03
2.024538e-02;3.613257e-02;5.291563e-01;3.683521e-02;2.536122e-02;1.584927e-02;9.392346e-02;3.170043e-02;3.721316e-02;1.497205e-01;1.807763e-02;5.784928e-03
1.159415e-02;4.872463e-02;5.302874e-01;2.988502e-02;1.484247e-02;3.158663e-02;5.776393e-02;4.626691e-02;5.427930e-02;1.457544e-01;1.385052e-02;1.516464e-02
1.645165e-02;7.856381e-02;5.114474e-01;2.948528e-02;1.455011e-02;3.863256e-02;4.389432e-02;3.330179e-02;6.823674e-02;1.298459e-01;2.063575e-02;1.495468e-02
2.917975e-02;1.001639e-01;4.424810e-01;2.090122e-02;1.325042e-02;5.255960e-02;4.046645e-02;1.270117e-02;1.536314e-01;7.934582e-02;3.020456e-02;2.511478e-02
3.022154e-02;1.169859e-01;3.255082e-01;1.849851e-02;1.397011e-02;9.343664e-02;2.895137e-02;1.702167e-02;2.577114e-01;4.794383e-02;1.315241e-02;3.659842e-02
4.738490e-02;1.319939e-01;2.520930e-01;2.126795e-02;5.264748e-03;9.982336e-02;2.912990e-02;2.062919e-02;3.086222e-01;4.585044e-02;8.396202e-03;2.954417e-02
7.396583e-02;1.389423e-01;2.184572e-01;2.664861e-02;3.005964e-02;7.919689e-02;2.679842e-02;4.013433e-02;2.969466e-01;2.900347e-02;1.898232e-02;2.086439e-02
1.220357e-01;1.141182e-01;1.898997e-01;3.499382e-02;8.052938e-02;4.356495e-02;2.292201e-02;6.629798e-02;2.061915e-01;4.326337e-02;5.761978e-02;1.856361e-02
1.636084e-01;7.409503e-02;1.539566e-01;3.211011e-02;1.436650e-01;2.103365e-02;2.212272e-02;1.221429e-01;1.220975e-01;4.591176e-02;8.100613e-02;1.825014e-02
1.853938e-01;6.099077e-02;1.264923e-01;2.512981e-02;1.633514e-01;2.111758e-02;2.853855e-02;1.761715e-01;7.023170e-02;4.066285e-02;8.084692e-02;2.107286e-02
1.779391e-01;4.127825e-02;1.035135e-01;3.736844e-02;1.218485e-01;2.459166e-02;5.781125e-02;1.849056e-01;4.666436e-02;9.083478e-02;7.259917e-02;4.064538e-02
1.501682e-01;2.910577e-02;8.354481e-02;7.523169e-02;4.624716e-02;2.994656e-02;1.024245e-01;1.253431e-01;4.383689e-02;1.819656e-01;6.752770e-02;6.465795e-02
1.238183e-01;3.164467e-02;8.005000e-02;9.015505e-02;3.329343e-02;3.106651e-02;9.229474e-02;6.391552e-02;6.112880e-02;2.407919e-01;7.283790e-02;7.900321e-02
8.725183e-02;2.768462e-02;6.230872e-02;9.438178e-02;3.060545e-02;2.868976e-02;1.024305e-01;4.572629e-02;5.691935e-02;2.581937e-01;1.029320e-01;1.028761e-01
7.340480e-02;2.606933e-02;7.783184e-02;1.135427e-01;1.829584e-02;2.843716e-02;1.407797e-01;3.838192e-02;2.618338e-02;2.548049e-01;8.359662e-02;1.186719e-01
9.416418e-02;2.700417e-02;8.131879e-02;1.140616e-01;1.091363e-02;3.478373e-02;1.391366e-01;4.522775e-02;3.785520e-02;2.270647e-01;6.079808e-02;1.276716e-01
1.135945e-01;1.750800e-02;8.484925e-02;1.071146e-01;2.288062e-02;3.298168e-02;1.210646e-01;3.784269e-02;5.335250e-02;2.253089e-01;6.952605e-02;1.139767e-01
9.968130e-02;1.089960e-02;6.704704e-02;1.078346e-01;2.828391e-02;3.822112e-02;1.380443e-01;6.953905e-02;5.465594e-02;2.170885e-01;6.013660e-02;1.085681e-01
1.231553e-01;1.020161e-02;5.621880e-02;1.299281e-01;2.036512e-02;5.352145e-02;8.997986e-02;7.987649e-02;7.226774e-02;1.956275e-01;7.171103e-02;9.714700e-02
1.506829e-01;2.701023e-02;7.743450e-02;1.330879e-01;2.908212e-02;4.542143e-02;1.026476e-01;7.572728e-02;5.766285e-02;1.552388e-01;7.829707e-02;6.770743e-02
1.625927e-01;4.067392e-02;6.594035e-02;8.152281e-02;3.981043e-02;2.794953e-02;9.363936e-02;1.369506e-01;4.848868e-02;1.261718e-01;1.008798e-01;7.538002e-02
1.570054e-01;4.214287e-02;9.404698e-02;3.827465e-02;2.185276e-02;2.899477e-02;1.070120e-01;1.225214e-01;5.624421e-02;1.200431e-01;1.277257e-01;8.413617e-02
1.526453e-01;4.502074e-02;1.269299e-01;3.307718e-02;4.231490e-02;6.034824e-02;1.034549e-01;6.664289e-02;6.144231e-02;9.926426e-02;1.271800e-01;8.167934e-02
1.364858e-01;3.045051e-02;1.347536e-01;4.608175e-02;3.176422e-02;6.528609e-02;9.282741e-02;9.702068e-02;7.517138e-02;9.533457e-02;1.061341e-01;8.868983e-02
1.593539e-01;4.649734e-02;1.298249e-01;3.127427e-02;3.620741e-02;6.109076e-02;6.563096e-02;1.422564e-01;8.836264e-02;6.718303e-02;7.246429e-02;9.985407e-02
1.978730e-01;5.936315e-02;1.171429e-01;3.637991e-02;4.721515e-02;6.224072e-02;7.470345e-02;1.273765e-01;6.737311e-02;3.592764e-02;7.574832e-02;9.865622e-02
2.368154e-01;4.502371e-02;1.144992e-01;3.022642e-02;7.259887e-02;4.235171e-02;6.839725e-02;1.325711e-01;4.806590e-02;3.773130e-02;8.888811e-02;8.283100e-02
2.510285e-01;4.658284e-02;1.109662e-01;1.678867e-02;4.985675e-02;2.629486e-02;7.474925e-02;1.677097e-01;5.174622e-02;4.977155e-02;6.749278e-02;8.701266e-02
2.494292e-01;4.437715e-02;1.395969e-01;2.399448e-02;3.376428e-02;2.560202e-02;8.821140e-02;1.940321e-01;4.043395e-02;4.508432e-02;5.268732e-02;6.278694e-02
2.244814e-01;4.466918e-02;1.250820e-01;3.936400e-02;4.835397e-02;1.779869e-02;1.117740e-01;1.972025e-01;3.542547e-02;4.880852e-02;4.697569e-02;6.006455e-02
1.747705e-01;5.113945e-02;1.280708e-01;4.750217e-02;4.202627e-02;1.398445e-02;1.763947e-01;1.822632e-01;2.997283e-02;5.377914e-02;4.501017e-02;5.508626e-02
1.819417e-01;4.514689e-02;1.267649e-01;3.186250e-02;2.327620e-02;2.038377e-02;2.033858e-01;1.643444e-01;3.736978e-02;4.761117e-02;5.844018e-02;5.947278e-02
2.414355e-01;6.333853e-02;9.696029e-02;2.912748e-02;1.659245e-02;3.218338e-02;1.747591e-01;1.045938e-01;2.651422e-02;4.702328e-02;8.073135e-02;8.674059e-02
