7.875940e-02;4.834411e-02;1.784466e-01;5.194650e-02;9.505642e-02;3.944298e-02;5.892108e-02;5.703530e-02;9.526873e-02;1.341832e-01;1.271594e-01;3.543632e-02
7.082996e-02;9.499867e-02;1.404812e-01;5.422337e-02;1.158526e-01;1.148037e-01;4.572003e-02;5.487992e-02;1.059540e-01;7.026484e-02;8.257933e-02;4.941241e-02
6.056876e-02;1.071897e-01;1.114830e-01;9.468696e-02;5.709915e-02;1.577220e-01;5.473300e-02;3.170078e-02;1.324717e-01;6.177564e-02;4.730335e-02;8.326593e-02
9.635839e-02;6.202270e-02;1.064600e-01;1.130196e-01;8.363014e-02;1.072298e-01;8.465288e-02;6.428294e-02;8.154758e-02;7.241294e-02;3.869756e-02;8.968544e-02
1.167108e-01;2.903430e-02;9.896629e-02;1.350765e-01;1.318017e-01;5.294008e-02;9.722313e-02;8.582127e-02;5.060004e-02;5.112949e-02;5.301127e-02;9.768514e-02
7.664752e-02;2.762984e-02;9.351501e-02;1.849086e-01;1.092065e-01;3.641896e-02;1.345547e-01;7.192682e-02;3.748648e-02;2.860194e-02;4.365192e-02;1.554517e-01
2.077480e-02;2.313944e-02;1.088192e-01;1.568478e-01;5.367527e-02;6.287461e-02;1.833230e-01;4.472053e-02;2.913177e-02;3.179646e-02;1.019050e-01;1.829921e-01
4.259709e-02;2.960222e-02;1.004514e-01;6.759504e-02;3.857874e-02;1.039265e-01;1.598943e-01;3.448569e-02;3.558554e-02;5.270868e-02;1.875483e-01;1.470266e-01
5.253435e-02;5.118547e-02;1.046658e-01;3.869838e-02;4.696863e-02;1.161835e-01;1.108473e-01;4.730716e-02;3.799138e-02;7.762578e-02;1.953128e-01;1.206795e-01
4.626510e-02;7.301894e-02;9.848069e-02;4.548760e-02;5.134287e-02;1.251498e-01;9.001862e-02;6.320988e-02;4.815843e-02;1.260635e-01;1.357809e-01;9.702361e-02
5.051722e-02;7.988515e-02;9.420639e-02;1.248960e-01;7.490920e-02;7.900257e-02;1.236012e-01;4.567069e-02;5.905540e-02;1.084261e-01;9.791458e-02;6.191546e-02
5.624115e-02;6.713497e-02;1.300545e-01;1.114974e-01;9.687356e-02;7.068494e-02;1.553282e-01;4.215925e-02;8.034536e-02;8.506680e-02;6.557862e-02;3.903532e-02
8.857757e-02;6.642242e-02;1.711010e-01;5.960285e-02;9.099276e-02;3.838730e-02;1.109486e-01;6.570634e-02;1.195249e-01;8.187377e-02;3.650236e-02;7.036013e-02
1.099723e-01;6.747126e-02;1.266358e-01;7.320301e-02;6.656119e-02;6.594852e-02;1.008106e-01;5.105515e-02;1.076830e-01;8.861257e-02;5.926723e-02;8.277940e-02
1.059107e-01;5.909828e-02;8.968776e-02;8.144144e-02;9.894937e-02;6.035494e-02;1.422018e-01;5.996934e-02;6.733759e-02;7.662678e-02;5.073112e-02;1.076909e-01
6.358990e-02;7.246850e-02;1.125404e-01;5.711671e-02;6.303748e-02;7.472339e-02;1.411362e-01;8.984752e-02;1.033912e-01;7.948510e-02;6.246275e-02;8.020084e-02
5.858780e-02;1.302533e-01;1.251547e-01;3.779421e-02;3.599971e-02;8.102485e-02;1.021542e-01;6.615746e-02;1.851579e-01;7.567113e-02;4.487016e-02;5.717464e-02
5.327841e-02;2.175430e-01;1.060098e-01;2.369967e-02;1.766745e-02;9.952661e-02;5.301520e-02;2.816862e-02;2.805745e-01;6.330147e-02;1.845801e-02;3.875731e-02
7.161777e-02;2.678413e-01;6.506754e-02;1.082087e-02;2.292173e-02;1.030936e-01;2.233748e-02;3.269606e-02;3.144942e-01;3.605046e-02;3.296494e-02;2.009399e-02
1.190632e-01;2.536917e-01;4.678811e-02;7.562086e-03;4.975083e-02;6.600014e-02;2.122407e-02;6.380503e-02;2.828286e-01;3.007320e-02;4.862899e-02;1.058399e-02
1.560663e-01;1.986474e-01;4.031527e-02;9.889993e-03;8.463078e-02;2.661731e-02;3.520495e-02;1.223029e-01;2.422451e-01;2.540138e-02;4.304014e-02;1.563848e-02
1.503504e-01;1.358540e-01;4.873188e-02;2.479018e-02;1.145692e-01;4.473807e-02;4.938909e-02;1.761967e-01;1.653434e-01;2.776599e-02;3.387308e-02;2.839805e-02
1.412674e-01;1.110478e-01;6.674923e-02;2.851941e-02;1.217469e-01;5.110453e-02;5.006091e-02;1.825341e-01;1.418400e-01;3.485861e-02;3.410439e-02;3.616673e-02
1.667082e-01;1.255885e-01;6.144240e-02;1.491838e-02;9.170670e-02;2.690706e-02;2.883211e-02;1.279090e-01;2.778160e-01;2.557427e-02;3.372274e-02;1.887465e-02
1.417677e-01;1.456876e-01;3.516046e-02;7.893790e-03;6.342939e-02;3.302785e-02;1.925969e-02;9.617599e-02;4.031388e-01;2.597451e-02;2.226209e-02;6.222163e-03
7.993671e-02;1.730804e-01;6.984533e-02;1.134277e-02;2.737363e-02;9.652045e-02;2.259555e-02;5.858897e-02;3.760348e-01;5.121192e-02;2.067276e-02;1.279679e-02
4.290636e-02;2.001972e-01;1.219248e-01;1.780980e-02;1.376196e-02;1.564601e-01;2.568283e-02;3.846409e-02;2.705506e-01;6.268896e-02;2.478093e-02;2.477235e-02
3.100334e-02;2.014334e-01;2.043664e-01;1.376534e-02;1.208713e-02;1.786592e-01;3.047104e-02;2.806555e-02;1.730841e-01;7.436751e-02;1.921912e-02;3.347782e-02
1.602086e-02;1.183023e-01;3.266544e-01;1.119369e-02;1.385874e-02;1.131251e-01;9.629434e-02;2.339047e-02;7.283414e-02;1.770733e-01;8.812369e-03;2.244030e-02
1.149086e-02;2.965062e-02;4.177104e-01;7.759958e-03;1.495570e-02;3.540977e-02;1.664599e-01;1.328508e-02;2.130137e-02;2.670833e-01;7.636199e-03;7.256834e-03
1.659754e-02;4.207852e-03;4.374525e-01;1.103139e-02;1.436606e-02;8.027469e-03;1.927796e-01;4.063562e-03;1.849063e-02;2.742917e-01;1.608961e-02;2.602088e-03
2.054695e-02;9.058389e-03;3.876666e-01;4.029623e-02;9.936911e-03;4.236459e-03;1.712887e-01;1.239818e-02;2.227490e-02;2.424459e-01;7.736537e-02;2.485370e-03
1.722780e-02;8.728357e-03;2.736574e-01;8.034403e-02;1.135700e-02;1.269397e-02;1.110259e-01;4.170177e-02;2.118753e-02;2.061549e-01;2.110632e-01;4.858105e-03
8.051463e-03;1.155821e-02;1.816134e-01;1.127619e-01;1.438142e-02;2.034585e-02;6.438363e-02;6.668954e-02;1.889205e-02;1.789125e-01;3.160914e-01;6.318700e-03
6.292439e-03;1.735956e-02;1.528961e-01;1.497536e-01;3.046707e-02;2.384228e-02;4.120556e-02;8.878109e-02;1.662178e-02;1.238385e-01;3.400330e-01;8.909138e-03
5.288405e-03;2.958278e-02;1.534422e-01;1.874988e-01;9.166042e-02;2.669556e-02;3.191040e-02;8.609015e-02;1.265351e-02;5.962875e-02;2.484607e-01;6.708840e-02
4.245726e-03;2.017404e-02;1.079760e-01;1.748622e-01;2.167574e-01;3.669886e-02;3.671699e-02;3.825580e-02;3.172417e-02;2.885574e-02;9.993503e-02;2.037980e-01
8.793456e-03;7.681032e-03;8.186671e-02;1.297551e-01;2.871105e-01;4.766827e-02;2.726585e-02;8.796315e-03;4.947178e-02;1.989855e-02;2.562190e-02;3.060705e-01
1.194552e-02;3.519905e-03;8.587858e-02;1.249310e-01;2.869197e-01;4.733992e-02;2.974398e-02;6.441365e-03;5.982617e-02;1.792921e-02;2.253907e-02;3.029856e-01
2.317107e-02;6.749982e-03;1.124196e-01;1.184568e-01;2.566549e-01;7.023855e-02;5.485568e-02;5.346106e-03;6.168625e-02;1.927632e-02;2.081444e-02;2.503303e-01
2.571030e-02;1.358550e-02;1.679304e-01;1.085100e-01;2.080550e-01;8.592556e-02;8.234484e-02;9.680659e-03;5.796902e-02;2.472195e-02;1.889742e-02;1.966695e-01
3.642915e-02;3.015422e-02;2.991605e-01;9.664157e-02;1.298838e-01;6.655815e-02;7.449469e-02;1.596335e-02;3.440247e-02;2.729876e-02;4.030438e-02;1.487090e-01
4.005053e-02;4.300750e-02;4.906231e-01;7.201753e-02;5.948620e-02;2.478156e-02;5.584036e-02;1.456721e-02;3.340556e-02;2.891177e-02;5.140657e-02;8.590209e-02
3.088813e-02;6.662183e-02;6.022622e-01;5.074276e-02;5.775955e-02;1.505039e-02;2.545548e-02;6.135142e-03;5.576865e-02;3.119184e-02;2.131505e-02;3.680899e-02
3.540016e-02;1.072764e-01;6.187245e-01;3.562606e-02;3.992862e-02;1.442598e-02;1.731453e-02;7.749479e-03;6.434459e-02;1.459898e-02;1.924405e-02;2.536665e-02
6.026291e-02;1.265703e-01;5.938853e-01;3.271387e-02;1.915366e-02;1.651816e-02;1.900291e-02;1.112125e-02;6.632534e-02;1.203640e-02;1.679428e-02;2.561555e-02
8.463026e-02;1.277181e-01;5.744192e-01;3.013865e-02;1.882685e-02;8.727076e-03;2.615879e-02;1.490869e-02;5.859284e-02;1.698557e-02;1.488149e-02;2.401248e-02
1.000140e-01;1.181598e-01;5.164279e-01;2.539278e-02;2.704110e-02;2.420570e-02;2.997291e-02;1.513165e-02;5.937991e-02;3.752059e-02;2.159432e-02;2.515932e-02
7.796072e-02;1.004964e-01;4.396246e-01;3.755227e-02;3.551731e-02;4.397744e-02;6.736050e-02;1.121310e-02;7.572783e-02;5.329116e-02;2.557935e-02;3.169929e-02
5.225144e-02;8.092520e-02;4.758422e-01;4.812151e-02;3.870006e-02;5.966449e-02;6.757893e-02;3.107645e-02;6.021538e-02;3.888577e-02;2.689252e-02;1.984597e-02
3.736397e-02;5.079328e-02;5.163109e-01;6.216957e-02;6.342913e-02;6.092611e-02;5.801868e-02;2.920785e-02;4.024238e-02;4.432002e-02;2.516385e-02;1.205427e-02
1.672053e-02;2.467959e-02;5.157312e-01;7.304598e-02;8.954097e-02;6.738690e-02;8.094842e-02;2.796839e-02;2.188912e-02;4.273183e-02;3.109015e-02;8.266948e-03
1.414328e-02;2.032408e-02;4.824334e-01;7.409271e-02;1.044413e-01;8.261584e-02;1.010887e-01;2.555961e-02;2.672550e-02;2.436584e-02;3.406318e-02;1.014662e-02
2.551973e-02;3.946796e-02;4.410338e-01;5.774985e-02;9.328897e-02;7.892856e-02;1.300817e-01;2.450080e-02;3.406961e-02;3.117366e-02;3.148079e-02;1.270459e-02
2.821734e-02;5.786231e-02;5.042232e-01;4.220193e-02;6.637765e-02;5.758018e-02;1.028521e-01;1.889913e-02;3.962991e-02;4.686118e-02;2.134308e-02;1.395199e-02
1.365929e-02;3.694725e-02;6.800793e-01;4.168964e-02;2.142344e-02;2.336458e-02;8.751666e-02;1.421405e-02;2.597979e-02;3.476397e-02;1.060825e-02;9.753762e-03
5.954116e-03;2.450155e-02;7.781249e-01;4.450297e-02;3.296163e-02;1.590534e-02;4.053202e-02;8.048909e-03;1.041989e-02;3.200213e-02;2.806389e-03;4.240171e-03
5.364526e-03;3.458840e-02;8.156327e-01;4.346891e-02;2.555312e-02;8.045223e-03;1.988642e-02;5.537371e-03;6.395994e-03;2.887806e-02;4.017744e-03;2.631545e-03
5.343054e-03;5.188532e-02;8.049164e-01;3.752357e-02;2.378425e-02;1.385717e-02;1.652345e-02;8.202674e-03;8.332874e-03;2.038663e-02;3.603176e-03;5.641389e-03
1.306829e-02;7.961692e-02;7.529606e-01;3.017983e-02;1.449599e-02;3.009694e-02;1.507409e-02;1.464117e-02;1.972353e-02;1.291540e-02;4.703477e-03;1.252374e-02
2.570850e-02;1.182737e-01;6.694041e-01;2.586650e-02;8.936917e-03;6.137037e-02;1.442737e-02;1.303087e-02;3.416252e-02;5.826054e-03;4.150917e-03;1.884220e-02
3.916917e-02;1.533270e-01;5.901572e-01;2.481304e-02;6.826790e-03;8.239982e-02;1.278521e-02;7.826340e-03;5.077971e-02;7.268206e-03;6.927010e-03;1.772064e-02
4.794499e-02;1.852783e-01;5.325206e-01;2.316540e-02;6.877114e-03;8.860136e-02;1.452247e-02;8.164639e-03;6.861421e-02;6.775962e-03;4.433844e-03;1.310116e-02
6.023023e-02;2.055884e-01;4.992536e-01;2.262012e-02;7.678386e-03;8.867802e-02;8.784248e-03;6.305488e-03;7.589676e-02;5.160047e-03;7.500362e-03;1.230427e-02
7.822384e-02;1.591681e-01;3.753517e-01;4.246501e-02;4.217254e-02;4.796611e-02;6.127108e-02;2.815767e-02;4.507039e-02;4.068274e-02;4.328058e-02;3.619025e-02
6.862007e-02;7.607903e-02;1.845163e-01;5.827799e-02;1.055720e-01;4.006583e-02;9.682262e-02;9.704917e-02;8.117031e-02;5.702280e-02;7.713707e-02;5.766681e-02
8.374122e-02;7.870734e-02;1.194883e-01;5.879472e-02;1.198399e-01;3.601694e-02;9.101947e-02;1.083010e-01;1.169117e-01;5.244012e-02;7.926325e-02;5.547610e-02
8.997440e-02;1.035894e-01;8.312925e-02;4.064799e-02;1.081806e-01;7.881215e-02;6.410342e-02;8.823915e-02;1.621182e-01;4.949249e-02;8.990400e-02;4.180904e-02
1.062732e-01;9.655254e-02;4.151370e-02;1.215961e-02;1.831066e-01;8.243483e-02;4.120603e-02;8.291966e-02;1.413891e-01;4.028098e-02;1.503925e-01;2.177118e-02
1.113570e-01;5.273480e-02;4.638349e-02;1.351691e-02;2.618509e-01;3.175033e-02;6.293254e-02;1.199498e-01;5.996411e-02;3.953052e-02;1.709431e-01;2.908654e-02
8.451821e-02;3.315429e-02;6.374305e-02;2.547249e-02;2.346624e-01;5.253872e-02;1.012004e-01;1.092223e-01;4.854095e-02;7.131071e-02;1.324595e-01;4.317695e-02
6.783400e-02;2.575006e-02;7.416397e-02;2.494570e-02;2.048960e-01;4.679663e-02;1.568230e-01;7.972384e-02;4.915677e-02;1.082586e-01;1.162952e-01;4.535628e-02
5.676396e-02;3.258218e-02;6.698121e-02;2.384408e-02;1.656003e-01;4.110733e-02;1.980320e-01;5.893991e-02;6.149097e-02;1.513781e-01;1.119375e-01;3.134241e-02
4.636234e-02;5.986642e-02;5.504718e-02;5.438382e-02;1.032262e-01;1.012917e-01;1.648017e-01;5.146118e-02;1.116495e-01;1.575461e-01;7.385918e-02;2.050475e-02
3.472993e-02;8.727124e-02;5.099102e-02;7.863058e-02;3.484477e-02;2.116154e-01;9.440351e-02;5.023767e-02;1.441988e-01;1.101935e-01;4.519212e-02;5.769144e-02
2.684550e-02;7.809366e-02;8.377142e-02;5.629896e-02;4.949580e-02;2.436568e-01;4.434662e-02;8.914818e-02;1.151889e-01;6.618732e-02;6.989657e-02;7.707023e-02
2.776224e-02;4.758104e-02;1.377922e-01;2.446115e-02;9.092984e-02;1.438852e-01;1.121481e-01;8.775845e-02;5.865484e-02;1.273467e-01;8.875591e-02;5.292440e-02
4.248917e-02;2.474648e-02;1.710249e-01;6.979337e-02;9.351823e-02;5.392094e-02;1.619419e-01;5.050769e-02;6.074587e-02;1.522237e-01;8.355700e-02;3.553071e-02
3.939410e-02;2.014009e-02;1.399799e-01;1.758098e-01;6.375805e-02;4.324374e-02;1.296906e-01;5.519051e-02;5.709302e-02;1.081526e-01;1.303787e-01;3.716870e-02
2.022503e-02;3.135378e-02;7.696763e-02;2.822483e-01;4.936527e-02;5.500056e-02;5.374284e-02;1.053927e-01;2.933116e-02;5.610384e-02;1.944701e-01;4.579884e-02
9.631225e-03;3.424525e-02;5.301126e-02;3.008262e-01;1.011183e-01;4.066980e-02;4.237850e-02;8.788767e-02;2.001952e-02;4.766321e-02;1.711739e-01;9.137516e-02
2.101478e-02;2.650525e-02;6.914601e-02;2.231071e-01;2.018821e-01;3.243499e-02;5.771939e-02;3.426047e-02;3.895462e-02;4.895388e-02;9.439143e-02;1.516300e-01
2.457875e-02;1.798118e-02;9.695497e-02;1.440153e-01;2.228051e-01;5.713143e-02;8.278856e-02;3.783815e-02;4.397012e-02;4.060902e-02;5.934366e-02;1.719837e-01
2.143960e-02;1.395286e-02;1.587129e-01;1.241774e-01;1.832048e-01;5.558519e-02;9.620370e-02;2.011398e-02;4.409153e-02;5.046170e-02;1.246972e-01;1.073591e-01
2.999768e-02;1.504765e-02;2.170605e-01;1.430892e-01;1.173559e-01;4.650733e-02;8.175885e-02;2.764118e-02;4.860422e-02;6.684112e-02;1.440021e-01;6.209429e-02
6.241993e-02;3.170478e-02;2.200377e-01;1.020033e-01;8.152925e-02;4.487538e-02;7.623027e-02;6.208085e-02;7.318766e-02;4.564407e-02;8.787595e-02;1.124109e-01
9.670153e-02;6.782347e-02;1.227542e-01;1.031924e-01;6.888338e-02;7.502281e-02;8.817396e-02;8.851761e-02;7.400624e-02;5.123451e-02;3.971330e-02;1.239767e-01
6.906783e-02;8.343008e-02;1.364058e-01;9.841534e-02;5.524511e-02;9.015369e-02;9.859595e-02;7.301580e-02;6.190010e-02;6.457441e-02;5.557599e-02;1.136199e-01
8.334807e-02;8.897801e-02;1.417352e-01;7.388414e-02;4.276775e-02;1.140395e-01;1.236634e-01;4.895389e-02;7.136720e-02;6.209890e-02;6.198349e-02;8.718060e-02
1.114624e-01;5.340415e-02;1.235509e-01;5.520685e-02;7.746422e-02;1.275045e-01;1.183691e-01;5.695778e-02;8.530326e-02;6.591040e-02;5.850756e-02;6.635895e-02
1.449312e-01;4.688214e-02;6.662001e-02;6.988750e-02;1.280715e-01;1.087286e-01;9.716560e-02;5.675905e-02;6.695323e-02;7.840894e-02;6.671253e-02;6.887969e-02
1.381110e-01;4.845890e-02;6.717150e-02;9.375993e-02;1.294995e-01;7.413048e-02;9.797164e-02;4.705303e-02;6.172499e-02;9.565994e-02;6.067201e-02;8.578700e-02
1.017113e-01;5.284064e-02;1.088410e-01;7.141596e-02;9.698132e-02;1.110963e-01;1.214570e-01;6.490786e-02;8.402503e-02;8.794406e-02;3.506996e-02;6.370960e-02
7.949020e-02;6.763937e-02;6.933572e-02;1.172922e-01;6.327784e-02;1.501309e-01;1.255954e-01;6.197283e-02;9.013282e-02;8.124616e-02;5.175796e-02;4.212856e-02
6.459641e-02;9.780098e-02;6.091200e-02;1.525473e-01;4.079395e-02;1.131279e-01;1.218947e-01;5.794057e-02;7.476895e-02;9.345979e-02;5.289535e-02;6.926219e-02
7.327608e-02;8.370332e-02;1.083671e-01;1.200312e-01;6.616914e-02;7.603097e-02;9.181788e-02;6.331939e-02;6.045295e-02;7.910684e-02;4.763062e-02;1.300944e-01
4.402663e-02;6.842329e-02;9.005204e-02;4.326957e-02;7.497946e-02;8.440383e-02;2.255406e-01;9.335436e-02;8.734334e-02;5.840021e-02;4.081104e-02;8.939565e-02
9.200513e-02;4.952451e-02;4.731111e-02;1.308221e-02;5.684711e-02;1.267359e-01;3.338860e-01;9.201337e-02;6.293380e-02;6.506711e-02;3.072158e-02;2.987224e-02
1.266992e-01;4.128975e-02;2.809127e-02;8.516571e-03;6.771352e-02;1.812910e-01;3.072890e-01;7.328528e-02;4.855892e-02;6.249459e-02;2.222108e-02;3.254984e-02
1.554958e-01;2.795818e-02;2.373884e-02;9.426476e-03;1.081239e-01;2.309371e-01;2.227608e-01;4.083347e-02;4.820279e-02;5.211022e-02;8.887663e-03;7.152473e-02
1.267612e-01;9.638649e-03;3.544661e-02;1.582866e-02;1.915312e-01;2.004381e-01;1.003184e-01;1.411392e-02;7.720199e-02;2.803853e-02;1.138059e-02;1.893023e-01
5.767952e-02;6.460463e-03;5.972908e-02;4.162106e-02;2.341095e-01;1.027131e-01;6.523987e-02;1.177197e-02;9.582525e-02;1.107183e-02;2.505929e-02;2.887191e-01
4.239183e-02;1.498842e-02;1.150345e-01;6.888339e-02;2.003930e-01;6.743897e-02;6.296925e-02;1.764030e-02;7.020825e-02;1.588920e-02;6.011429e-02;2.640486e-01
4.952418e-02;2.896142e-02;1.985326e-01;7.880678e-02;1.525895e-01;5.544646e-02;5.915412e-02;2.708884e-02;4.593831e-02;3.018131e-02;7.498746e-02;1.987890e-01
5.690959e-02;3.698613e-02;3.205779e-01;5.473592e-02;1.018015e-01;4.356222e-02;8.152739e-02;3.401459e-02;2.858780e-02;3.524747e-02;6.756086e-02;1.384886e-01
6.124430e-02;2.628504e-02;3.594622e-01;2.695789e-02;1.253295e-01;6.957827e-02;8.640569e-02;2.658228e-02;5.997868e-02;2.005816e-02;2.688501e-02;1.112330e-01
3.904866e-02;1.356779e-02;2.460841e-01;6.071011e-02;1.616195e-01;9.402375e-02;7.922536e-02;3.225994e-02;6.583439e-02;1.814765e-02;4.408396e-02;1.453948e-01
4.531785e-02;2.607451e-02;1.497671e-01;8.477447e-02;2.252277e-01;1.069533e-01;6.605917e-02;3.314956e-02;1.249633e-01;1.926481e-02;4.610555e-02;7.234266e-02
8.457682e-02;2.040193e-02;6.362260e-02;5.286505e-02;1.533747e-01;9.420723e-02;6.416403e-02;2.615871e-02;1.267543e-01;2.248032e-02;3.522204e-02;2.561723e-01
1.012710e-01;1.853896e-02;4.351724e-02;4.022861e-02;1.354626e-01;8.510327e-02;6.880300e-02;3.250179e-02;1.131072e-01;4.403979e-02;6.274870e-02;2.546777e-01
7.053538e-02;3.002788e-02;7.136123e-02;5.430410e-02;1.608611e-01;7.685692e-02;7.289673e-02;4.447817e-02;9.525777e-02;4.792696e-02;8.212198e-02;1.933718e-01
7.964572e-02;3.659210e-02;1.077300e-01;5.273737e-02;1.431669e-01;9.200928e-02;5.923242e-02;4.799509e-02;1.118010e-01;4.872274e-02;6.589604e-02;1.544714e-01
8.701620e-02;4.328712e-02;1.227219e-01;4.273548e-02;8.305385e-02;1.206112e-01;8.012689e-02;4.558210e-02;1.151819e-01;6.220508e-02;4.837133e-02;1.491071e-01
7.676595e-02;6.688728e-02;1.007472e-01;3.122288e-02;6.837691e-02;1.121847e-01;1.059767e-01;6.380890e-02;9.963737e-02;5.850722e-02;4.196886e-02;1.739159e-01
8.184426e-02;1.041124e-01;1.385023e-01;4.695950e-02;5.269661e-02;5.708641e-02;8.919401e-02;6.327074e-02;7.952032e-02;1.022889e-01;8.171370e-02;1.028109e-01
8.367285e-02;1.006743e-01;1.362132e-01;3.886332e-02;5.683089e-02;6.874745e-02;1.122758e-01;8.020282e-02;8.085293e-02;9.400643e-02;7.187953e-02;7.578038e-02
5.357961e-02;8.433950e-02;1.572035e-01;6.611317e-02;4.758943e-02;5.684059e-02;1.493893e-01;5.195896e-02;8.673938e-02;1.190105e-01;9.319769e-02;3.403830e-02
4.186480e-02;5.196441e-02;2.185997e-01;5.741580e-02;4.400265e-02;4.211182e-02;1.460172e-01;3.198844e-02;4.781872e-02;1.730841e-01;1.188840e-01;2.624837e-02
3.175015e-02;8.086451e-02;2.181647e-01;3.576801e-02;2.201749e-02;7.025553e-02;1.081443e-01;2.947911e-02;5.701806e-02;1.820574e-01;1.108354e-01;5.364537e-02
2.876235e-02;1.448517e-01;1.750003e-01;2.580763e-02;1.531668e-02;1.210890e-01;6.669543e-02;2.155548e-02;1.423680e-01;1.359618e-01;6.903570e-02;5.355595e-02
2.450882e-02;2.358684e-01;1.110722e-01;2.007088e-02;1.215762e-02;1.681214e-01;3.135834e-02;1.877768e-02;2.469997e-01;6.834024e-02;2.505738e-02;3.766741e-02
2.038382e-02;2.939026e-01;5.510127e-02;2.509140e-02;1.799048e-02;1.802382e-01;1.552350e-02;1.882993e-02;3.144820e-01;2.182439e-02;1.213677e-02;2.449565e-02
5.216546e-02;2.662042e-01;3.140874e-02;2.687655e-02;4.523313e-02;1.557220e-01;2.502056e-02;2.551208e-02;3.144332e-01;1.638027e-02;2.953889e-02;1.150488e-02
6.183609e-02;2.370815e-01;3.561868e-02;2.453905e-02;5.076525e-02;1.229038e-01;2.754132e-02;3.193524e-02;3.330233e-01;2.085996e-02;4.240207e-02;1.149377e-02
4.339368e-02;2.601165e-01;3.910787e-02;2.601685e-02;3.681926e-02;1.297857e-01;1.675424e-02;2.535670e-02;3.568664e-01;1.162299e-02;3.191827e-02;2.224157e-02
3.248678e-02;2.827732e-01;4.028736e-02;2.485242e-02;1.359550e-02;1.650945e-01;7.963357e-03;1.821857e-02;3.306852e-01;1.103355e-02;1.496375e-02;5.804583e-02
2.032932e-02;3.095690e-01;6.231013e-02;1.973151e-02;9.952013e-03;1.606792e-01;6.900674e-03;1.771067e-02;2.735166e-01;1.992359e-02;1.272536e-02;8.665197e-02
1.738145e-02;3.245050e-01;1.314044e-01;1.471719e-02;7.880302e-03;9.883431e-02;1.698065e-02;1.878617e-02;2.106213e-01;5.814618e-02;1.182746e-02;8.891556e-02
2.196809e-02;2.720312e-01;2.262087e-01;1.789520e-02;8.452694e-03;4.603126e-02;2.516279e-02;2.390606e-02;1.809791e-01;1.171121e-01;4.764529e-03;5.548829e-02
5.127395e-02;1.884722e-01;2.561514e-01;2.289242e-02;1.913179e-02;2.754758e-02;3.038943e-02;2.918951e-02;1.756514e-01;1.500809e-01;1.800125e-02;3.121812e-02
6.012698e-02;1.544629e-01;2.380786e-01;3.029950e-02;2.242391e-02;3.623312e-02;5.702828e-02;3.284452e-02;1.565148e-01;1.516693e-01;3.201088e-02;2.830714e-02
6.568255e-02;2.015174e-01;1.713104e-01;3.471110e-02;3.044073e-02;7.034976e-02;7.753868e-02;4.799123e-02;1.071570e-01;1.157053e-01;4.861347e-02;2.898242e-02
3.183218e-02;2.048761e-01;8.352140e-02;2.946428e-02;1.775431e-02;1.206677e-01;2.198147e-02;3.072930e-02;2.787116e-01;8.530356e-02;2.067056e-02;7.448761e-02
3.467440e-02;1.037108e-01;4.948416e-02;3.061472e-02;2.393602e-02;1.607237e-01;2.600538e-02;2.492574e-02;3.000544e-01;1.283249e-01;3.585437e-02;8.169139e-02
1.692856e-02;1.928852e-01;6.964436e-02;3.444732e-02;2.540859e-02;5.822273e-02;3.259756e-02;2.467231e-02;3.596661e-01;1.049309e-01;2.727052e-02;5.332583e-02
4.077278e-02;1.475739e-01;1.459883e-01;4.208466e-02;3.258459e-02;9.684420e-02;3.473248e-02;4.467807e-02;2.792650e-01;5.382477e-02;1.284809e-02;6.880321e-02
7.879203e-02;9.478245e-02;2.002562e-01;7.086287e-02;4.589777e-02;7.130437e-02;8.819101e-02;7.121521e-02;1.224360e-01;5.644706e-02;4.320088e-02;5.661422e-02
9.685119e-02;1.102952e-01;2.025604e-01;7.442395e-02;4.028637e-02;6.245434e-02;1.000041e-01;6.129579e-02;1.057380e-01;5.013993e-02;5.195937e-02;4.399142e-02
1.134780e-01;7.838777e-02;1.430912e-01;7.872685e-02;8.488481e-02;9.769235e-02;1.883812e-01;4.787452e-02;5.350785e-02;5.827847e-02;3.367592e-02;2.202107e-02
5.261013e-02;7.141605e-02;2.069490e-01;1.040226e-01;1.013681e-01;7.447665e-02;1.597764e-01;4.767517e-02;3.536369e-02;5.496440e-02;7.145441e-02;1.992338e-02
3.377587e-02;6.958741e-02;3.530839e-01;1.244959e-01;8.744771e-02;4.669658e-02;9.215526e-02;2.725195e-02;2.565327e-02;4.948214e-02;7.017674e-02;2.019327e-02
4.100181e-02;7.905164e-02;5.147254e-01;1.049085e-01;5.631305e-02;2.107448e-02;3.877669e-02;9.833438e-03;1.360880e-02;5.994514e-02;4.797929e-02;1.278169e-02
5.483186e-02;1.203404e-01;5.790669e-01;6.010872e-02;2.610938e-02;9.703428e-03;2.614774e-02;8.250053e-03;1.556599e-02;6.958204e-02;1.931502e-02;1.097848e-02
9.529006e-02;1.722697e-01;4.873689e-01;4.597627e-02;1.238132e-02;1.952009e-02;2.128489e-02;1.374077e-02;4.325577e-02;5.746087e-02;1.021404e-02;2.123734e-02
1.433808e-01;1.848354e-01;3.310381e-01;6.420139e-02;2.952332e-02;3.550608e-02;3.289602e-02;1.766654e-02;5.884735e-02;4.677298e-02;2.163411e-02;3.369786e-02
1.492513e-01;1.307049e-01;2.185691e-01;7.431415e-02;3.778101e-02;7.284238e-02;8.908641e-02;2.305049e-02;4.356198e-02;5.665588e-02;6.400009e-02;4.018233e-02
6.190380e-02;5.563350e-02;1.720146e-01;4.335059e-02;4.872981e-02;1.297694e-01;1.276504e-01;1.950275e-02;3.777153e-02;1.169711e-01;1.446591e-01;4.204340e-02
2.814242e-02;4.929580e-02;7.143242e-02;4.762886e-02;8.899999e-02;1.385000e-01;8.228966e-02;2.119947e-02;5.646099e-02;1.923805e-01;1.800312e-01;4.363871e-02
7.082766e-02;5.876072e-02;8.097926e-02;6.235689e-02;9.309143e-02;9.309632e-02;7.580184e-02;4.267289e-02;8.362192e-02;1.469471e-01;1.401213e-01;5.172256e-02
1.481977e-01;7.820550e-02;1.255140e-01;4.799274e-02;7.483294e-02;7.786391e-02;6.150820e-02;5.829098e-02;7.048964e-02;9.462878e-02;9.963559e-02;6.284002e-02
2.620599e-01;1.091844e-01;1.540342e-01;2.305197e-02;5.648308e-02;5.525593e-02;5.542041e-02;8.533259e-02;4.206725e-02;4.668764e-02;5.206689e-02;5.835577e-02
3.208156e-01;1.175900e-01;1.692749e-01;1.051447e-02;4.189313e-02;2.692078e-02;6.034774e-02;1.198027e-01;3.022946e-02;2.612909e-02;2.435029e-02;5.213182e-02
3.208705e-01;1.088405e-01;1.495460e-01;1.096535e-02;3.064500e-02;2.117618e-02;4.785941e-02;1.356586e-01;4.214185e-02;3.797856e-02;2.955095e-02;6.476705e-02
2.819472e-01;1.019396e-01;1.338579e-01;1.331984e-02;2.761050e-02;3.339919e-02;4.073748e-02;1.204408e-01;5.695045e-02;6.639338e-02;4.696571e-02;7.643797e-02
2.167262e-01;1.057599e-01;1.248403e-01;2.326238e-02;3.008687e-02;4.057142e-02;7.576910e-02;8.762712e-02;6.373904e-02;9.293622e-02;6.331925e-02;7.536218e-02
1.186276e-01;1.022834e-01;1.253599e-01;3.469536e-02;3.608992e-02;5.654361e-02;1.066115e-01;1.289366e-01;6.362531e-02;9.939227e-02;7.468769e-02;5.314683e-02
1.248189e-01;4.783451e-02;9.481185e-02;1.531954e-02;5.028851e-02;5.051234e-02;7.653061e-02;2.614075e-01;8.302277e-02;9.567827e-02;4.864036e-02;5.113487e-02
6.847507e-02;5.416085e-02;9.860168e-02;4.190992e-02;4.737860e-02;6.091973e-02;6.762051e-02;2.471818e-01;1.071770e-01;1.071385e-01;5.349613e-02;4.594019e-02
1.281362e-01;6.649014e-02;1.385414e-01;4.179840e-02;4.626473e-02;7.021678e-02;6.014679e-02;1.424108e-01;9.634841e-02;1.010296e-01;6.228083e-02;4.633599e-02
2.021515e-01;7.896943e-02;1.568198e-01;5.002832e-02;4.442361e-02;7.130127e-02;6.158985e-02;8.551440e-02;6.966116e-02;6.277342e-02;5.925413e-02;5.751314e-02
9.201820e-02;9.943119e-02;1.459009e-01;1.239891e-01;9.736657e-02;7.706476e-02;8.693834e-02;9.187756e-02;6.101143e-02;4.786513e-02;3.478284e-02;4.175393e-02
6.809262e-02;4.960766e-02;1.661702e-01;1.329530e-01;1.112338e-01;8.247087e-02;8.960691e-02;9.798516e-02;6.159899e-02;6.449654e-02;4.048733e-02;3.529692e-02
6.659863e-02;2.653993e-02;1.681551e-01;1.353412e-01;1.185908e-01;8.070768e-02;8.892031e-02;1.045925e-01;6.461360e-02;6.860143e-02;4.540645e-02;3.193239e-02
7.143451e-02;3.531305e-02;1.671550e-01;1.293683e-01;1.187022e-01;7.572563e-02;6.862880e-02;1.099209e-01;7.176133e-02;7.535978e-02;4.407052e-02;3.256000e-02
7.860345e-02;6.748325e-02;1.873789e-01;7.431323e-02;7.668465e-02;5.982734e-02;1.089171e-01;4.072886e-02;9.413728e-02;8.790216e-02;6.701802e-02;5.700579e-02
1.158238e-01;7.823771e-02;1.569752e-01;4.410146e-02;6.206840e-02;4.735622e-02;8.458021e-02;9.760971e-02;1.204694e-01;7.551068e-02;6.787343e-02;4.939374e-02
1.806409e-01;8.011621e-02;1.172276e-01;3.398111e-02;5.495583e-02;3.480612e-02;5.150729e-02;1.602049e-01;1.223529e-01;5.682484e-02;4.882553e-02;5.855682e-02
2.050460e-01;6.132070e-02;6.016509e-02;4.347643e-02;3.748890e-02;2.472107e-02;1.257038e-01;1.944139e-01;7.625863e-02;4.589950e-02;1.919387e-02;1.063121e-01
1.267319e-01;6.382886e-02;2.052041e-02;6.510925e-02;1.915263e-02;2.776666e-02;2.216796e-01;1.372171e-01;3.008685e-02;4.079977e-02;2.455265e-02;2.225543e-01
4.949171e-02;8.787594e-02;2.187935e-02;6.069458e-02;2.205492e-02;3.435942e-02;2.653926e-01;6.578286e-02;1.772480e-02;2.274836e-02;5.928314e-02;2.927123e-01
1.899459e-02;7.152447e-02;3.715215e-02;3.326789e-02;6.329878e-02;7.043622e-02;2.440208e-01;4.279588e-02;2.351431e-02;1.523089e-02;1.215985e-01;2.581655e-01
1.884770e-02;2.816746e-02;4.662744e-02;2.033147e-02;1.052235e-01;1.263912e-01;2.152567e-01;4.569838e-02;4.512297e-02;1.917242e-02;1.728503e-01;1.563104e-01
2.051842e-02;2.436046e-02;8.214667e-02;1.264378e-02;1.145397e-01;1.834012e-01;1.761810e-01;3.435672e-02;5.471248e-02;1.547168e-02;1.950130e-01;8.665486e-02
2.108606e-02;1.112917e-02;1.454490e-01;1.014089e-02;1.066547e-01;2.341280e-01;1.252778e-01;1.738053e-02;5.620712e-02;1.948179e-02;1.920428e-01;6.102213e-02
2.643269e-02;1.207741e-02;1.944232e-01;1.339223e-02;1.195233e-01;2.444910e-01;8.911807e-02;1.559283e-02;5.816900e-02;3.030840e-02;1.569520e-01;3.951986e-02
3.671025e-02;8.184073e-03;2.257552e-01;1.742760e-02;1.286330e-01;2.337489e-01;7.982714e-02;1.346126e-02;5.498320e-02;3.850020e-02;1.230476e-01;3.972163e-02
6.067392e-02;9.671268e-03;2.371950e-01;2.258435e-02;1.108798e-01;2.100360e-01;8.313387e-02;1.517722e-02;4.296185e-02;5.675950e-02;1.157446e-01;3.518262e-02
7.430954e-02;3.172536e-02;2.179779e-01;5.715810e-02;9.836563e-02;1.686589e-01;9.029033e-02;2.249533e-02;3.033924e-02;7.013472e-02;1.091563e-01;2.938863e-02
5.966693e-02;5.285383e-02;2.028545e-01;8.721706e-02;9.161612e-02;1.075231e-01;6.314278e-02;5.176848e-02;4.028937e-02;9.881303e-02;9.928306e-02;4.497178e-02
1.594511e-01;1.258628e-01;2.482819e-01;6.048856e-02;5.362810e-02;6.221960e-02;4.485450e-02;3.427424e-02;3.643662e-02;7.200611e-02;5.953497e-02;4.296153e-02
2.264492e-01;1.476130e-01;2.352194e-01;4.685279e-02;3.466877e-02;4.082235e-02;5.098016e-02;2.429583e-02;3.180053e-02;5.549796e-02;4.719263e-02;5.860745e-02
2.484462e-01;1.452359e-01;2.021287e-01;5.210242e-02;2.075831e-02;3.461897e-02;6.425484e-02;2.055682e-02;3.047309e-02;5.714833e-02;4.584690e-02;7.842948e-02
2.182059e-01;1.245706e-01;1.709220e-01;5.572701e-02;2.399315e-02;3.999244e-02;8.297489e-02;2.894077e-02;3.365128e-02;7.568198e-02;5.930602e-02;8.603405e-02
1.339972e-01;9.583654e-02;2.015304e-01;4.855751e-02;4.809062e-02;6.001742e-02;6.684504e-02;4.461368e-02;3.366904e-02;1.262493e-01;6.560797e-02;7.498522e-02
4.684262e-02;5.628683e-02;3.484524e-01;3.079954e-02;5.971710e-02;5.087452e-02;1.263385e-01;3.149294e-02;4.862031e-02;9.183731e-02;8.603289e-02;2.270500e-02
8.641832e-02;6.363770e-02;4.150982e-01;2.887081e-02;5.267844e-02;4.865147e-02;1.211813e-01;3.090659e-02;2.804374e-02;4.754410e-02;5.100448e-02;2.596482e-02
1.028148e-01;5.883227e-02;3.383914e-01;2.839617e-02;4.325512e-02;5.243421e-02;1.354329e-01;3.601996e-02;2.981639e-02;6.015965e-02;6.978036e-02;4.466671e-02
5.696519e-02;4.355841e-02;1.988938e-01;3.013190e-02;4.270685e-02;6.750479e-02;1.809278e-01;4.277647e-02;4.901142e-02;8.179102e-02;1.142702e-01;9.146222e-02
1.032833e-01;3.789009e-02;1.347959e-01;5.118520e-02;8.353785e-02;5.206643e-02;1.713267e-01;3.785711e-02;4.580548e-02;7.772113e-02;8.767848e-02;1.168524e-01
1.375387e-01;2.657865e-02;9.787641e-02;5.397361e-02;9.251063e-02;5.900511e-02;1.932704e-01;5.095075e-02;4.348882e-02;5.593310e-02;7.013436e-02;1.187394e-01
1.458199e-01;4.731489e-02;4.459758e-02;6.233951e-02;6.152482e-02;5.353571e-02;2.837788e-01;5.565862e-02;2.512466e-02;4.037835e-02;5.170503e-02;1.282222e-01
1.513074e-01;4.055939e-02;2.336868e-02;8.160785e-02;2.335492e-02;4.330654e-02;3.626126e-01;4.051529e-02;1.286021e-02;5.321354e-02;2.833379e-02;1.389598e-01
1.665588e-01;2.850372e-02;1.082688e-02;7.893497e-02;6.518107e-03;6.907334e-02;3.313142e-01;5.909422e-02;2.238656e-02;8.965639e-02;1.564013e-02;1.214928e-01
2.226576e-01;2.969176e-02;2.618193e-02;4.808648e-02;8.578331e-03;1.076395e-01;2.079122e-01;1.033805e-01;5.324968e-02;9.149308e-02;1.118940e-02;8.993965e-02
3.158725e-01;3.862231e-02;4.064257e-02;1.809718e-02;1.706296e-02;9.492773e-02;1.048978e-01;1.847826e-01;5.897520e-02;5.073312e-02;8.410050e-03;6.697596e-02
3.816003e-01;6.568932e-02;6.063209e-02;8.046529e-03;3.815613e-02;3.938153e-02;5.134021e-02;2.500675e-01;3.285212e-02;1.431005e-02;9.704611e-03;4.821961e-02
4.098578e-01;1.066342e-01;6.892158e-02;8.371850e-03;5.344582e-02;1.239516e-02;4.164375e-02;2.123178e-01;2.431237e-02;1.190861e-02;1.074078e-02;3.945034e-02
4.188855e-01;1.637687e-01;7.183812e-02;1.004350e-02;4.811859e-02;1.310549e-02;4.892645e-02;1.174399e-01;4.554678e-02;2.216643e-02;9.231671e-03;3.092886e-02
3.296863e-01;2.348333e-01;1.353288e-01;1.662096e-02;2.417894e-02;3.008747e-02;4.262374e-02;4.838479e-02;7.542145e-02;2.990091e-02;7.369943e-03;2.556350e-02
2.095001e-01;2.660477e-01;2.694094e-01;1.616537e-02;1.047153e-02;3.535504e-02;2.280927e-02;5.148281e-02;6.411622e-02;2.970442e-02;4.493026e-03;2.044504e-02
9.434185e-02;1.982906e-01;4.594246e-01;1.682692e-02;1.574392e-02;1.847244e-02;2.514742e-02;5.716679e-02;2.638681e-02;7.155117e-02;3.882234e-03;1.276529e-02
3.245403e-02;8.306506e-02;5.836419e-01;3.155211e-02;2.874406e-02;6.299791e-03;5.655226e-02;2.927322e-02;1.784248e-02;1.211690e-01;4.523800e-03;4.882332e-03
2.393232e-02;2.967289e-02;6.084509e-01;5.096344e-02;2.832949e-02;5.944387e-03;6.881747e-02;1.484804e-02;4.254724e-02;1.125368e-01;1.188279e-02;2.074236e-03
2.098849e-02;1.388334e-02;5.974924e-01;9.030224e-02;2.776799e-02;1.013827e-02;5.283820e-02;1.217400e-02;7.987117e-02;6.804359e-02;2.447608e-02;2.024238e-03
1.871148e-02;5.484311e-03;5.820146e-01;1.372257e-01;3.575730e-02;1.295101e-02;4.134237e-02;8.357655e-03;7.682449e-02;3.952694e-02;3.908110e-02;2.723036e-03
1.170627e-02;8.855788e-03;5.693081e-01;1.732968e-01;4.733587e-02;1.643872e-02;2.694086e-02;7.993786e-03;5.161165e-02;3.140560e-02;5.154074e-02;3.565789e-03
9.132650e-03;1.086960e-02;5.483239e-01;1.759664e-01;5.994912e-02;2.443025e-02;2.054744e-02;4.995096e-03;4.862012e-02;3.028630e-02;6.272764e-02;4.151508e-03
1.736258e-02;2.897289e-02;5.028058e-01;1.381227e-01;6.089243e-02;2.554245e-02;5.038688e-02;9.982406e-03;5.132932e-02;4.359730e-02;6.145068e-02;9.554575e-03
3.080007e-02;3.274255e-02;4.863746e-01;8.586269e-02;5.233478e-02;3.557634e-02;7.317306e-02;1.850505e-02;4.789534e-02;5.809876e-02;6.081691e-02;1.781983e-02
2.190799e-02;2.102711e-02;4.848809e-01;1.133799e-01;6.043519e-02;3.900559e-02;7.050536e-02;2.585819e-02;2.931948e-02;5.088707e-02;6.610306e-02;1.669023e-02
9.358350e-03;1.710751e-02;4.864300e-01;1.674792e-01;5.831630e-02;2.761073e-02;5.787627e-02;2.436843e-02;2.008992e-02;4.141022e-02;7.953367e-02;1.041934e-02
5.351244e-03;4.145719e-03;5.449982e-01;1.924019e-01;4.684391e-02;1.782622e-02;4.233591e-02;1.104050e-02;9.076651e-03;3.228215e-02;8.816203e-02;5.535472e-03
6.511549e-03;8.384195e-03;5.991863e-01;1.785673e-01;4.168825e-02;1.207340e-02;1.687217e-02;2.750852e-03;1.010673e-02;3.525981e-02;8.580126e-02;2.798212e-03
8.579778e-03;1.654707e-02;6.359321e-01;1.438240e-01;3.118779e-02;7.874824e-03;6.243136e-03;3.317194e-03;1.489428e-02;5.125592e-02;7.897738e-02;1.366526e-03
5.239649e-03;1.657818e-02;6.127850e-01;1.480158e-01;2.888270e-02;8.281549e-03;7.891788e-03;2.648896e-03;1.699214e-02;6.444470e-02;8.564252e-02;2.597057e-03
1.069997e-02;7.753395e-03;5.469158e-01;1.761399e-01;3.414879e-02;1.123892e-02;1.194603e-02;3.099693e-03;1.550128e-02;8.634792e-02;9.376275e-02;2.445619e-03
1.175164e-02;7.838024e-03;5.342831e-01;1.856510e-01;4.384157e-02;9.993184e-03;1.158001e-02;4.735479e-03;1.198945e-02;1.114950e-01;6.192927e-02;4.912214e-03
1.360305e-02;1.200958e-02;5.093806e-01;1.932182e-01;4.710282e-02;1.013598e-02;1.954388e-02;7.185651e-03;1.609324e-02;1.377658e-01;2.906406e-02;4.897183e-03
1.543866e-02;2.841431e-02;4.968999e-01;1.544992e-01;3.727666e-02;1.040461e-02;2.714044e-02;9.172003e-03;3.645934e-02;1.615960e-01;1.846533e-02;4.233544e-03
1.651319e-02;4.123998e-02;4.567670e-01;8.442688e-02;3.099793e-02;1.702553e-02;6.077984e-02;1.654020e-02;4.881025e-02;1.953639e-01;2.263577e-02;8.899522e-03
1.322056e-02;5.240130e-02;4.154504e-01;3.127955e-02;2.483972e-02;2.696202e-02;1.231590e-01;2.002958e-02;1.934621e-02;2.247508e-01;3.725644e-02;1.130454e-02
5.320129e-03;5.377914e-02;4.486519e-01;1.745277e-02;2.103473e-02;2.486864e-02;1.516795e-01;7.954310e-03;3.794760e-02;2.059088e-01;1.867452e-02;6.727964e-03
1.310796e-02;5.629409e-02;4.895415e-01;1.879772e-02;1.628947e-02;1.719302e-02;1.411488e-01;2.726999e-03;4.859736e-02;1.858722e-01;6.552851e-03;3.878021e-03
3.152099e-02;8.453664e-02;4.440023e-01;2.363210e-02;1.687893e-02;2.901823e-02;1.035630e-01;6.741861e-03;8.192795e-02;1.617208e-01;1.012854e-02;6.328694e-03
6.168757e-02;1.169761e-01;3.755477e-01;2.634371e-02;2.888356e-02;2.927221e-02;9.482939e-02;1.928755e-02;9.451080e-02;1.288943e-01;1.324975e-02;1.051730e-02
6.502505e-02;1.262451e-01;4.480563e-01;3.081162e-02;3.406348e-02;3.104699e-02;6.780165e-02;3.008399e-02;4.660544e-02;8.048568e-02;1.814982e-02;2.162496e-02
7.422268e-03;9.565002e-02;6.570658e-01;2.926196e-02;1.253664e-02;4.097717e-02;3.864677e-02;2.013246e-02;3.201096e-02;3.133512e-02;6.856205e-03;2.810467e-02
2.927458e-02;6.519928e-02;6.314131e-01;3.757777e-02;1.295031e-02;4.701148e-02;4.232391e-02;2.716854e-02;2.629958e-02;3.524643e-02;1.776357e-02;2.777149e-02
3.733666e-02;1.987807e-02;5.193204e-01;5.396005e-02;4.161906e-02;3.013826e-02;7.951494e-02;2.835848e-02;4.772706e-02;9.098433e-02;3.261270e-02;1.855002e-02
4.660977e-02;3.398908e-02;4.808018e-01;5.365261e-02;5.100220e-02;1.889616e-02;7.112803e-02;1.782330e-02;4.332298e-02;1.383877e-01;3.437771e-02;1.000869e-02
4.393988e-02;3.026878e-02;5.328904e-01;4.110783e-02;5.559238e-02;8.193723e-03;5.714402e-02;7.421484e-03;1.675611e-02;1.784466e-01;2.274449e-02;5.494267e-03
2.754515e-02;2.282880e-02;5.732161e-01;3.092206e-02;6.739552e-02;5.272775e-03;5.275487e-02;2.247094e-03;1.006356e-02;1.962409e-01;6.929337e-03;4.583854e-03
1.759022e-02;2.024213e-02;5.936405e-01;2.644647e-02;6.740632e-02;4.255988e-03;5.474290e-02;2.218730e-03;1.002526e-02;1.941634e-01;5.296580e-03;3.971476e-03
2.342961e-02;2.011890e-02;6.139796e-01;2.935691e-02;4.931104e-02;3.959958e-03;5.779259e-02;2.358150e-03;6.468276e-03;1.820825e-01;7.083077e-03;4.059373e-03
3.994802e-02;2.053679e-02;6.212122e-01;3.239575e-02;2.648173e-02;3.515722e-03;5.826443e-02;3.417260e-03;5.667853e-03;1.698955e-01;1.437904e-02;4.285661e-03
5.466909e-02;1.943554e-02;5.725109e-01;4.391446e-02;2.545271e-02;4.825727e-03;5.601917e-02;4.398935e-03;8.538010e-03;1.685151e-01;2.746246e-02;1.425789e-02
5.233251e-02;2.635719e-02;5.054673e-01;4.975732e-02;3.057975e-02;9.614270e-03;6.577644e-02;4.972246e-03;2.024774e-02;1.716597e-01;3.831852e-02;2.491708e-02
3.653137e-02;3.482359e-02;5.098603e-01;4.327923e-02;2.868534e-02;1.538100e-02;8.121862e-02;6.191385e-03;2.936056e-02;1.520729e-01;4.103874e-02;2.155694e-02
1.432616e-02;2.927983e-02;6.483635e-01;3.552139e-02;3.652838e-02;1.320826e-02;6.509815e-02;7.231339e-03;2.133084e-02;9.634496e-02;2.335492e-02;9.412231e-03
9.031785e-03;3.879665e-02;7.732363e-01;3.670755e-02;3.004652e-02;7.605743e-03;2.895987e-02;6.351751e-03;1.141159e-02;4.534311e-02;6.291908e-03;6.217170e-03
5.182933e-03;4.089936e-02;7.927471e-01;3.926578e-02;2.536404e-02;6.206104e-03;2.476076e-02;4.138068e-03;7.966902e-03;4.675984e-02;2.991381e-03;3.717753e-03
8.747274e-03;5.021093e-02;7.676461e-01;3.991192e-02;2.609043e-02;8.981594e-03;2.844538e-02;5.697412e-03;1.240631e-02;4.169832e-02;3.159445e-03;7.004880e-03
9.783338e-03;6.323945e-02;7.363940e-01;3.853984e-02;2.270759e-02;1.390855e-02;3.353759e-02;9.375871e-03;2.234250e-02;2.365310e-02;1.093031e-02;1.558785e-02
2.381075e-02;7.281298e-02;6.620762e-01;3.599421e-02;2.096392e-02;2.617996e-02;3.644629e-02;2.081786e-02;4.296478e-02;2.088852e-02;1.674476e-02;2.029970e-02
3.662150e-02;7.996031e-02;4.243721e-01;4.283848e-02;5.445545e-02;5.937246e-02;7.309014e-02;5.477692e-02;6.587952e-02;4.305007e-02;3.414442e-02;3.143863e-02
3.208474e-02;8.055559e-02;3.435934e-01;4.632339e-02;6.270354e-02;7.020824e-02;1.020972e-01;6.949081e-02;5.457638e-02;6.094352e-02;4.181699e-02;3.560616e-02
2.520789e-02;7.452004e-02;4.830066e-01;4.190576e-02;4.570100e-02;4.805250e-02;6.767969e-02;4.484003e-02;5.033181e-02;6.634270e-02;2.574023e-02;2.667175e-02
1.934621e-02;9.330912e-02;5.969017e-01;4.779420e-02;2.599897e-02;3.384996e-02;2.255822e-02;1.340414e-02;3.597790e-02;8.445989e-02;1.572900e-02;1.067070e-02
4.830180e-03;1.471050e-01;5.993820e-01;3.712774e-02;1.377273e-02;2.924121e-02;1.101804e-02;8.765941e-03;5.374067e-02;7.640363e-02;1.153979e-02;7.073141e-03
2.960907e-02;2.207914e-01;4.920719e-01;2.028877e-02;9.647355e-03;4.232380e-02;6.224547e-03;9.003349e-03;1.030513e-01;5.018750e-02;7.747902e-03;9.053139e-03
8.254584e-02;3.057719e-01;3.448882e-01;1.615836e-02;6.659605e-03;4.794261e-02;6.056725e-03;1.197495e-02;1.352411e-01;2.768028e-02;4.587249e-03;1.049324e-02
1.738443e-01;3.450371e-01;2.376386e-01;1.215276e-02;1.290827e-02;3.575597e-02;6.715861e-03;2.185979e-02;1.185364e-01;1.959548e-02;6.028956e-03;9.926612e-03
2.890413e-01;3.282064e-01;1.726093e-01;9.963921e-03;1.979000e-02;1.655844e-02;1.041404e-02;3.710397e-02;7.532071e-02;1.787345e-02;1.014480e-02;1.297359e-02
3.685204e-01;2.657334e-01;1.361215e-01;9.236030e-03;3.148278e-02;1.005580e-02;1.572282e-02;6.369593e-02;4.803247e-02;1.231541e-02;1.617317e-02;2.291019e-02
3.981116e-01;1.722983e-01;1.287866e-01;9.142334e-03;5.179619e-02;2.372386e-02;1.536487e-02;8.611474e-02;5.459695e-02;9.333080e-03;1.805879e-02;3.267270e-02
3.360499e-01;9.545689e-02;1.082818e-01;1.057742e-02;7.136898e-02;5.866153e-02;4.423586e-02;7.384031e-02;9.734306e-02;2.811768e-02;2.081419e-02;5.525243e-02
