3.471942e-02;7.467653e-02;1.154786e-01;5.936057e-02;5.079269e-02;1.489616e-01;1.104973e-01;1.881566e-01;1.221028e-01;3.783072e-02;2.870986e-02;2.871342e-02
2.164846e-02;4.789779e-02;1.192900e-01;4.086731e-02;4.618480e-02;8.904121e-02;1.478636e-01;2.373703e-01;1.073010e-01;4.454575e-02;6.109672e-02;3.689314e-02
3.873840e-02;6.649645e-02;1.096394e-01;3.763476e-02;6.519815e-02;1.392115e-01;1.994209e-01;1.622768e-01;8.651748e-02;2.929755e-02;5.191984e-02;1.364883e-02
4.485173e-02;7.725229e-02;1.054074e-01;4.278514e-02;6.831899e-02;1.602000e-01;1.907371e-01;1.382096e-01;6.649008e-02;2.452902e-02;5.695631e-02;2.426238e-02
3.673024e-02;7.849974e-02;1.110770e-01;4.752145e-02;5.837078e-02;1.506326e-01;1.291966e-01;1.811864e-01;6.702612e-02;2.726380e-02;7.399050e-02;3.850474e-02
2.331269e-02;7.315771e-02;9.383256e-02;4.704190e-02;7.155126e-02;1.473113e-01;8.814183e-02;1.817140e-01;8.611685e-02;6.026600e-02;7.161187e-02;5.594194e-02
3.627088e-02;8.326828e-02;1.112145e-01;4.352005e-02;1.241752e-01;1.389896e-01;3.336325e-02;1.387783e-01;1.020619e-01;6.406038e-02;4.151079e-02;8.278677e-02
4.052942e-02;6.877467e-02;1.243717e-01;4.512539e-02;1.420429e-01;1.311717e-01;5.683121e-02;1.124078e-01;1.055162e-01;2.851841e-02;3.626103e-02;1.084495e-01
5.670900e-02;7.629554e-02;1.150541e-01;6.720230e-02;1.320540e-01;1.431959e-01;6.902818e-02;6.991510e-02;8.420040e-02;3.596140e-02;6.000715e-02;9.037698e-02
6.306450e-02;1.409378e-01;1.126807e-01;8.651847e-02;8.920541e-02;1.368676e-01;4.710999e-02;8.320510e-02;4.360701e-02;5.719956e-02;1.007351e-01;3.886876e-02
6.207857e-02;1.201743e-01;1.223806e-01;9.403770e-02;6.152027e-02;9.509095e-02;4.072404e-02;1.158853e-01;3.791972e-02;8.166027e-02;1.033460e-01;6.518222e-02
6.568334e-02;7.532037e-02;1.202782e-01;9.103591e-02;8.438960e-02;9.986580e-02;4.261624e-02;1.038895e-01;7.414187e-02;9.205097e-02;8.561904e-02;6.510908e-02
5.396948e-02;7.363636e-02;1.389446e-01;1.077831e-01;9.207160e-02;1.026951e-01;4.596211e-02;1.231577e-01;7.934554e-02;7.249179e-02;6.020105e-02;4.974158e-02
3.435681e-02;1.072339e-01;1.823277e-01;1.233488e-01;6.378996e-02;9.038459e-02;3.834196e-02;1.581275e-01;6.969164e-02;4.879402e-02;5.192599e-02;3.167713e-02
2.105578e-02;1.057557e-01;2.397798e-01;1.279387e-01;4.641025e-02;6.813605e-02;4.730561e-02;1.631368e-01;6.665582e-02;3.302935e-02;4.842282e-02;3.237332e-02
3.606271e-02;8.522865e-02;2.424659e-01;1.040572e-01;1.144332e-01;1.635965e-01;1.898947e-02;8.636587e-02;4.698494e-02;2.606113e-02;4.450781e-02;3.124661e-02
2.997348e-02;5.248700e-02;1.672628e-01;8.310831e-02;1.220898e-01;2.968450e-01;4.771948e-02;7.327972e-02;3.927717e-02;2.468641e-02;4.148541e-02;2.178547e-02
3.205948e-02;5.792249e-02;1.001317e-01;8.314272e-02;6.739567e-02;3.885688e-01;3.284020e-02;1.065459e-01;2.681077e-02;3.262115e-02;4.751559e-02;2.444540e-02
5.312156e-02;6.708586e-02;4.313688e-02;6.084212e-02;4.882208e-02;4.017540e-01;1.782741e-02;1.355541e-01;4.068906e-02;2.680907e-02;4.947302e-02;5.488481e-02
6.382730e-02;6.462274e-02;6.937928e-02;5.066421e-02;5.452398e-02;2.350802e-01;4.952782e-02;8.542623e-02;3.901948e-02;7.380854e-02;1.067454e-01;1.073749e-01
5.543267e-02;6.860710e-02;6.074258e-02;4.208240e-02;5.231785e-02;1.876546e-01;5.483617e-02;5.258940e-02;3.744111e-02;9.617690e-02;1.702000e-01;1.219192e-01
7.181059e-02;6.217571e-02;8.809488e-02;3.383478e-02;4.162712e-02;2.299885e-01;3.639005e-02;4.863710e-02;2.240976e-02;9.361347e-02;1.611822e-01;1.102359e-01
1.297347e-01;1.101620e-01;6.652046e-02;3.319123e-02;2.531226e-02;1.732285e-01;2.461613e-02;1.425293e-01;5.090706e-02;5.395873e-02;1.082704e-01;8.156922e-02
1.017626e-01;2.104019e-01;8.374260e-02;1.777184e-02;1.828519e-02;1.076635e-01;6.495126e-02;1.840175e-01;5.241387e-02;1.421638e-02;9.343626e-02;5.133713e-02
4.538871e-02;2.326607e-01;1.935221e-01;2.263486e-02;2.579095e-02;9.221195e-02;7.289642e-02;1.688284e-01;2.297719e-02;1.556157e-02;8.024155e-02;2.728565e-02
1.774745e-02;1.678397e-01;3.257847e-01;6.353302e-02;3.097306e-02;6.207956e-02;5.137446e-02;1.441947e-01;2.733488e-02;1.246267e-02;5.719811e-02;3.947761e-02
5.804088e-03;9.272473e-02;3.968162e-01;1.158031e-01;1.986177e-02;5.834712e-02;3.474561e-02;1.315094e-01;4.083602e-02;1.146012e-02;3.203341e-02;6.005835e-02
7.980728e-03;5.193777e-02;3.581254e-01;1.481317e-01;3.972221e-02;8.352809e-02;2.854297e-02;1.329422e-01;5.636777e-02;1.352407e-02;1.025295e-02;6.894413e-02
2.289361e-02;3.958499e-02;2.447014e-01;2.249831e-01;5.478456e-02;8.080602e-02;5.492875e-02;1.198217e-01;8.233010e-02;1.191695e-02;6.475159e-03;5.677358e-02
2.693609e-02;5.379630e-02;1.978048e-01;2.199859e-01;4.671580e-02;7.891019e-02;7.657665e-02;1.135556e-01;1.160005e-01;1.047668e-02;1.070227e-02;4.853918e-02
2.077298e-02;8.445930e-02;2.256318e-01;1.446560e-01;4.186220e-02;8.191744e-02;5.350788e-02;1.357817e-01;1.210125e-01;2.355597e-02;6.837550e-03;6.000459e-02
1.333236e-02;1.073347e-01;2.508811e-01;8.467414e-02;3.986596e-02;8.322955e-02;3.562076e-02;1.628049e-01;9.019839e-02;5.289397e-02;6.883743e-03;7.228047e-02
1.733090e-02;9.778985e-02;2.326098e-01;9.655400e-02;4.857674e-02;7.045417e-02;3.860941e-02;1.946536e-01;4.829818e-02;7.412896e-02;1.199032e-02;6.900410e-02
1.101870e-02;6.146673e-02;2.546326e-01;1.095839e-01;4.840822e-02;4.122164e-02;3.477819e-02;2.249574e-01;5.453166e-02;8.660489e-02;1.234306e-02;6.045305e-02
1.283047e-02;6.738199e-02;2.991262e-01;9.367362e-02;4.671956e-02;4.152381e-02;2.762511e-02;2.069143e-01;4.711062e-02;8.363780e-02;1.034044e-02;6.311609e-02
2.259538e-02;1.033617e-01;3.099896e-01;6.870992e-02;5.843260e-02;4.112779e-02;3.463606e-02;1.751400e-01;3.359419e-02;7.236779e-02;3.044563e-02;4.959936e-02
2.988748e-02;1.618170e-01;2.628900e-01;3.765211e-02;6.246994e-02;5.542283e-02;8.158891e-02;1.420563e-01;3.262848e-02;4.996821e-02;5.633830e-02;2.728036e-02
3.742722e-02;1.668020e-01;1.827437e-01;7.584973e-02;5.705255e-02;9.801771e-02;1.137534e-01;1.188608e-01;3.676774e-02;2.769208e-02;6.458132e-02;2.045180e-02
4.985156e-02;1.013345e-01;7.436005e-02;1.394612e-01;5.140814e-02;1.816895e-01;8.783650e-02;1.381890e-01;5.442454e-02;3.775741e-02;4.611281e-02;3.757483e-02
4.563895e-02;7.218013e-02;1.224255e-01;1.252638e-01;4.651202e-02;1.650501e-01;8.707923e-02;1.986877e-01;5.805606e-02;3.600647e-02;1.585315e-02;2.724688e-02
2.446456e-02;6.301747e-02;1.177614e-01;1.137690e-01;2.748935e-02;1.144636e-01;1.016338e-01;2.670977e-01;8.573672e-02;2.527132e-02;2.471549e-02;3.457958e-02
2.985912e-02;1.074686e-01;1.915385e-01;1.089876e-01;2.319823e-02;8.032379e-02;6.818653e-02;2.147520e-01;7.917232e-02;3.435428e-02;2.803522e-02;3.412372e-02
3.905939e-02;7.440680e-02;2.541634e-01;1.153448e-01;3.147611e-02;9.871250e-02;5.141345e-02;1.658274e-01;7.076257e-02;6.458212e-02;1.319839e-02;2.105313e-02
6.617563e-02;1.184202e-01;1.899968e-01;1.082636e-01;3.869699e-02;1.516545e-01;6.224984e-02;8.854699e-02;4.462281e-02;9.273952e-02;2.962377e-02;9.009416e-03
1.051513e-01;1.595197e-01;9.525989e-02;8.645881e-02;2.908129e-02;1.648013e-01;7.161998e-02;9.597876e-02;3.452173e-02;1.078161e-01;3.814911e-02;1.164213e-02
1.307359e-01;1.526479e-01;6.996118e-02;6.166727e-02;1.882201e-02;1.799939e-01;7.008226e-02;1.277135e-01;3.259930e-02;1.274671e-01;1.840968e-02;9.900094e-03
1.210956e-01;1.315604e-01;1.017421e-01;4.354188e-02;2.628841e-02;1.785086e-01;5.766201e-02;1.225135e-01;5.496884e-02;1.301514e-01;1.970359e-02;1.226369e-02
1.016038e-01;5.990843e-02;1.542616e-01;6.175163e-02;2.879531e-02;1.812601e-01;4.978026e-02;1.150530e-01;7.868578e-02;1.108375e-01;2.869482e-02;2.936779e-02
5.696165e-02;1.136694e-01;1.562160e-01;8.150887e-02;5.255919e-02;1.686940e-01;4.895377e-02;1.247431e-01;6.746498e-02;5.590643e-02;4.045669e-02;3.286602e-02
4.363399e-02;1.016213e-01;1.326941e-01;9.536845e-02;8.838717e-02;1.213387e-01;6.279885e-02;1.788701e-01;7.051750e-02;2.897232e-02;4.668969e-02;2.910780e-02
2.509895e-02;9.106965e-02;1.130036e-01;9.201986e-02;7.980979e-02;1.867388e-01;5.015823e-02;2.017323e-01;8.227669e-02;2.278717e-02;2.998071e-02;2.532416e-02
1.874865e-02;1.054797e-01;1.030335e-01;8.857806e-02;6.083913e-02;1.919651e-01;6.006474e-02;2.074022e-01;6.848011e-02;5.406918e-02;1.701153e-02;2.432811e-02
2.205506e-02;1.174124e-01;1.012594e-01;8.132029e-02;4.496950e-02;1.935481e-01;8.212262e-02;1.755304e-01;6.656643e-02;6.957604e-02;2.117024e-02;2.446956e-02
2.383954e-02;1.294281e-01;1.219507e-01;6.796016e-02;3.954117e-02;1.814841e-01;1.005870e-01;1.036183e-01;6.566958e-02;9.603852e-02;3.194837e-02;3.793445e-02
2.126209e-02;7.389953e-02;1.348918e-01;1.058395e-01;5.059701e-02;1.268571e-01;6.513588e-02;1.301123e-01;1.003754e-01;1.197230e-01;3.074444e-02;4.056192e-02
3.290867e-02;5.721058e-02;6.832768e-02;1.065565e-01;5.065075e-02;1.308244e-01;9.377503e-02;1.627607e-01;1.039809e-01;1.293127e-01;4.144864e-02;2.224342e-02
5.051667e-02;8.663061e-02;1.619464e-01;7.857787e-02;2.721363e-02;5.372261e-02;9.653222e-02;1.216249e-01;7.509797e-02;8.170933e-02;7.136997e-02;9.505781e-02
3.123742e-02;8.607334e-02;1.976558e-01;5.078340e-02;1.261362e-02;5.041634e-02;5.451253e-02;1.707713e-01;7.390243e-02;4.071553e-02;6.474753e-02;1.665707e-01
9.066635e-02;6.611660e-02;1.909166e-01;6.488434e-02;1.415712e-02;4.032137e-02;3.216103e-02;1.938393e-01;7.753408e-02;1.850778e-02;3.079607e-02;1.800994e-01
1.334900e-01;4.124857e-02;1.816939e-01;1.346226e-01;3.631124e-02;3.784864e-02;2.109029e-02;1.760964e-01;8.883537e-02;5.813682e-03;6.441637e-03;1.365076e-01
9.113280e-02;4.021348e-02;1.665180e-01;2.501824e-01;5.122644e-02;4.636842e-02;1.749014e-02;1.440263e-01;9.411684e-02;1.047135e-02;9.543530e-03;7.871031e-02
4.464548e-02;2.922080e-02;1.566720e-01;3.494792e-01;5.990300e-02;4.125903e-02;2.842464e-02;1.138200e-01;1.041757e-01;1.266956e-02;1.414021e-02;4.559044e-02
4.920178e-02;3.136734e-02;1.647418e-01;3.389554e-01;7.046380e-02;3.133453e-02;7.206456e-02;8.692135e-02;1.079737e-01;9.141684e-03;1.800265e-02;1.983131e-02
5.191717e-02;5.684034e-02;1.687539e-01;2.052038e-01;5.359543e-02;7.640751e-02;1.136394e-01;1.094313e-01;8.263487e-02;1.475136e-02;2.773133e-02;3.909370e-02
5.044835e-02;5.772509e-02;1.734623e-01;9.961459e-02;6.008933e-02;1.086756e-01;1.367762e-01;1.373271e-01;6.389545e-02;2.225294e-02;4.278659e-02;4.694651e-02
2.832081e-02;7.545254e-02;1.873267e-01;5.185437e-02;5.458670e-02;1.098860e-01;1.147929e-01;1.927302e-01;6.623749e-02;4.037499e-02;2.615039e-02;5.228698e-02
1.425577e-02;9.272916e-02;2.232325e-01;5.564411e-02;4.851405e-02;1.034307e-01;6.366242e-02;2.211463e-01;6.072918e-02;4.427451e-02;1.323621e-02;5.914504e-02
1.918611e-02;1.333483e-01;2.433959e-01;5.195495e-02;9.476074e-02;6.113665e-02;2.339715e-02;2.104837e-01;4.726410e-02;3.650352e-02;2.761288e-02;5.095588e-02
3.869357e-02;1.840002e-01;1.953272e-01;6.903218e-02;1.047663e-01;6.541394e-02;5.255074e-02;1.499628e-01;4.122220e-02;2.363598e-02;4.488602e-02;3.050888e-02
4.549808e-02;1.983730e-01;1.564240e-01;8.352589e-02;8.476388e-02;1.183374e-01;6.815894e-02;9.922577e-02;5.487121e-02;1.650148e-02;5.769593e-02;1.662450e-02
2.319815e-02;1.752779e-01;9.900218e-02;7.679588e-02;9.792051e-02;1.575199e-01;8.817289e-02;7.482476e-02;7.691778e-02;2.069861e-02;7.882620e-02;3.084527e-02
3.788533e-02;1.791399e-01;6.667337e-02;6.707886e-02;6.675397e-02;1.394409e-01;9.196732e-02;1.673295e-01;7.094089e-02;1.710036e-02;6.876078e-02;2.692886e-02
2.217606e-02;1.849299e-01;7.606649e-02;6.274912e-02;4.034415e-02;1.459140e-01;7.330660e-02;2.281711e-01;8.385348e-02;1.401778e-02;4.827660e-02;2.019477e-02
1.201920e-01;1.108790e-01;4.810172e-02;3.676863e-02;5.765636e-02;2.011414e-01;4.547692e-02;1.888287e-01;7.999197e-02;5.241714e-02;3.399785e-02;2.454835e-02
1.445214e-01;6.263577e-02;1.027927e-01;6.461850e-02;6.429635e-02;1.723178e-01;4.902487e-02;1.609768e-01;5.893179e-02;7.774370e-02;2.778481e-02;1.435565e-02
1.005754e-01;8.605047e-02;1.253334e-01;1.060928e-01;8.483173e-02;2.014669e-01;5.461035e-02;9.804549e-02;3.416033e-02;6.652405e-02;2.600014e-02;1.630895e-02
8.367490e-02;6.969191e-02;1.067010e-01;1.267867e-01;8.621913e-02;2.839903e-01;5.197516e-02;6.216054e-02;3.089406e-02;5.452031e-02;2.109437e-02;2.229155e-02
6.792204e-02;4.812329e-02;7.997161e-02;9.466913e-02;6.928460e-02;3.857285e-01;4.891896e-02;7.428551e-02;3.117093e-02;4.692115e-02;2.239751e-02;3.060680e-02
5.365654e-02;4.718998e-02;9.028424e-02;4.718252e-02;7.292599e-02;3.937316e-01;4.237634e-02;1.064870e-01;4.011948e-02;3.780835e-02;2.748610e-02;4.075191e-02
4.342787e-02;4.245720e-02;9.789791e-02;6.320537e-02;1.070644e-01;3.209839e-01;5.860829e-02;1.069896e-01;5.865587e-02;2.562011e-02;2.660976e-02;4.847971e-02
2.816599e-02;6.164775e-02;8.908106e-02;1.061680e-01;7.647987e-02;2.770756e-01;4.442837e-02;1.374539e-01;7.171529e-02;3.493862e-02;1.601246e-02;5.683301e-02
5.384422e-02;7.174354e-02;1.178527e-01;8.976563e-02;2.762388e-02;2.540690e-01;5.962241e-02;1.509435e-01;7.826612e-02;4.569275e-02;1.390668e-02;3.666949e-02
4.769813e-02;4.876054e-02;1.290744e-01;6.497657e-02;3.704638e-02;2.790325e-01;8.032842e-02;1.405716e-01;6.418456e-02;4.352825e-02;2.573992e-02;3.905881e-02
4.818266e-02;7.070479e-02;1.133358e-01;3.441309e-02;3.404303e-02;2.919049e-01;7.546578e-02;9.811094e-02;1.932503e-02;5.685329e-02;7.175830e-02;8.590245e-02
6.072265e-02;8.765529e-02;8.261528e-02;4.291954e-02;3.418146e-02;2.309113e-01;4.330632e-02;1.105369e-01;4.567046e-02;7.671452e-02;9.247144e-02;9.229477e-02
5.681712e-02;1.098196e-01;8.679056e-02;8.351431e-02;5.228909e-02;1.631991e-01;7.560791e-02;1.081724e-01;8.340628e-02;6.149010e-02;8.018983e-02;3.870372e-02
3.234122e-02;1.187153e-01;9.515830e-02;7.210413e-02;5.237684e-02;1.688902e-01;1.273854e-01;1.128224e-01;6.903595e-02;5.039184e-02;6.482053e-02;3.595802e-02
2.850297e-02;1.194813e-01;8.116408e-02;6.040853e-02;2.786256e-02;1.682836e-01;1.808450e-01;1.073269e-01;4.019502e-02;5.822526e-02;7.234477e-02;5.536001e-02
3.802863e-02;9.753028e-02;5.528818e-02;7.133195e-02;1.426061e-02;1.714035e-01;2.052806e-01;7.751969e-02;2.513122e-02;9.771124e-02;6.376069e-02;8.275348e-02
3.275368e-02;6.947661e-02;4.717771e-02;8.718041e-02;2.063906e-02;2.325373e-01;1.712889e-01;4.079744e-02;2.361801e-02;1.368117e-01;5.038694e-02;8.733218e-02
5.825148e-02;4.840619e-02;4.035668e-02;8.249634e-02;3.125228e-02;2.790866e-01;1.103430e-01;8.453631e-02;2.407496e-02;1.417565e-01;3.058407e-02;6.885561e-02
8.137538e-02;5.640785e-02;3.317189e-02;7.560574e-02;5.575863e-02;3.133520e-01;6.762776e-02;9.738045e-02;2.978213e-02;1.236101e-01;1.928631e-02;4.664177e-02
7.442801e-02;5.899154e-02;6.211020e-02;5.584019e-02;7.325596e-02;3.464243e-01;3.999150e-02;1.006266e-01;3.551374e-02;9.877970e-02;2.897377e-02;2.506439e-02
3.335756e-02;3.933771e-02;8.392979e-02;5.768160e-02;4.732144e-02;3.625809e-01;6.500579e-02;1.448000e-01;3.370354e-02;8.501175e-02;2.129683e-02;2.597312e-02
2.899445e-02;5.638047e-02;8.699973e-02;8.132472e-02;3.696565e-02;3.428182e-01;6.645361e-02;1.523515e-01;3.480942e-02;7.992173e-02;8.679101e-03;2.430141e-02
3.924180e-02;7.516864e-02;8.065213e-02;4.641889e-02;6.325777e-02;3.880733e-01;6.121645e-02;9.489439e-02;4.153153e-02;6.741717e-02;1.724681e-02;2.488107e-02
4.322427e-02;7.756943e-02;9.626276e-02;4.791777e-02;4.588598e-02;3.666498e-01;5.640039e-02;1.527001e-01;4.706379e-02;3.763536e-02;1.403344e-02;1.465685e-02
4.002741e-02;5.314634e-02;9.096666e-02;4.452661e-02;5.077165e-02;3.687990e-01;4.686383e-02;1.702984e-01;6.408386e-02;4.095846e-02;7.884305e-03;2.167347e-02
2.410922e-02;5.560444e-02;1.053544e-01;4.374713e-02;8.291274e-02;3.905188e-01;4.498994e-02;1.134506e-01;6.594362e-02;3.352459e-02;1.438100e-02;2.546350e-02
2.509835e-02;7.295371e-02;1.160290e-01;6.124337e-02;1.006758e-01;3.717433e-01;4.847643e-02;7.837120e-02;5.958264e-02;2.518715e-02;1.559134e-02;2.504772e-02
3.066200e-02;6.965218e-02;1.295860e-01;8.310858e-02;9.426889e-02;2.788488e-01;5.029629e-02;1.382007e-01;5.649670e-02;3.239750e-02;1.071235e-02;2.577007e-02
2.581377e-02;1.003545e-01;1.913853e-01;8.319154e-02;4.834364e-02;2.128938e-01;4.543182e-02;1.380810e-01;5.481707e-02;4.791975e-02;2.018144e-02;3.158627e-02
1.591724e-02;9.378947e-02;1.952727e-01;4.964459e-02;6.042077e-02;2.730025e-01;5.799278e-02;1.014914e-01;4.257414e-02;5.528991e-02;2.461125e-02;2.999322e-02
1.532165e-02;8.481216e-02;1.953453e-01;6.296678e-02;5.737358e-02;2.295975e-01;4.582708e-02;1.373735e-01;5.152382e-02;6.679837e-02;2.442954e-02;2.863066e-02
2.071789e-02;1.328886e-01;2.210628e-01;7.398644e-02;5.147092e-02;1.214845e-01;3.909924e-02;1.318391e-01;5.125401e-02;6.243613e-02;5.272850e-02;4.103183e-02
1.953799e-02;1.430669e-01;2.037065e-01;5.387597e-02;4.546249e-02;1.809500e-01;6.569225e-02;1.012303e-01;4.838278e-02;4.305306e-02;5.410020e-02;4.094159e-02
2.382587e-02;1.397402e-01;1.977018e-01;4.046103e-02;3.801888e-02;1.351521e-01;5.686238e-02;1.625679e-01;5.990992e-02;8.268338e-02;3.691144e-02;2.616505e-02
2.864570e-02;1.029513e-01;1.781781e-01;3.096578e-02;3.444619e-02;1.949040e-01;5.703577e-02;1.641025e-01;6.316069e-02;8.924102e-02;3.379080e-02;2.257816e-02
3.204976e-02;9.989273e-02;1.712416e-01;4.941847e-02;5.007415e-02;1.664042e-01;5.766669e-02;1.548969e-01;6.299802e-02;9.526274e-02;3.457057e-02;2.552421e-02
1.770200e-02;1.091529e-01;1.683183e-01;4.529496e-02;5.307665e-02;1.793624e-01;4.853453e-02;1.734903e-01;6.606682e-02;9.651313e-02;2.697566e-02;1.551229e-02
1.575109e-02;8.480803e-02;1.699276e-01;5.113326e-02;5.512547e-02;2.420696e-01;3.844284e-02;1.577509e-01;6.893679e-02;7.259215e-02;2.688553e-02;1.657666e-02
1.653949e-02;5.937495e-02;1.857778e-01;6.063436e-02;6.019704e-02;3.183664e-01;6.083261e-02;9.129318e-02;4.926028e-02;6.605606e-02;1.573548e-02;1.593231e-02
1.109183e-02;7.430425e-02;1.796761e-01;3.234387e-02;3.814748e-02;3.499245e-01;7.653739e-02;1.084606e-01;5.160024e-02;5.722577e-02;7.843412e-03;1.284456e-02
8.255059e-03;8.481871e-02;1.898318e-01;4.008032e-02;3.536647e-02;3.991101e-01;6.218310e-02;8.143796e-02;3.647244e-02;3.941057e-02;1.126834e-02;1.176520e-02
1.106433e-02;8.991461e-02;1.881578e-01;6.572188e-02;3.736364e-02;3.319129e-01;3.131928e-02;1.133042e-01;5.724888e-02;3.909814e-02;1.778519e-02;1.710909e-02
1.148868e-02;1.043100e-01;2.655554e-01;8.252605e-02;4.433046e-02;1.785548e-01;4.145655e-02;1.218316e-01;7.348352e-02;2.952352e-02;2.388067e-02;2.305881e-02
1.201160e-02;9.312657e-02;2.260096e-01;7.858019e-02;5.757729e-02;2.883008e-01;4.977898e-02;7.654199e-02;4.717625e-02;1.996234e-02;2.013206e-02;3.080234e-02
1.632650e-02;4.819689e-02;1.675277e-01;1.010702e-01;9.541763e-02;3.505898e-01;3.966914e-02;5.875922e-02;5.143955e-02;2.781022e-02;1.116727e-02;3.202580e-02
1.980223e-02;4.308234e-02;1.424634e-01;1.115355e-01;9.210707e-02;3.776379e-01;2.512987e-02;5.564418e-02;5.940514e-02;3.279087e-02;1.115856e-02;2.924299e-02
3.210867e-02;4.833589e-02;9.796632e-02;8.649545e-02;6.794935e-02;4.463964e-01;2.433098e-02;7.202484e-02;5.012284e-02;4.377441e-02;1.002026e-02;2.047459e-02
3.602968e-02;4.868980e-02;5.015626e-02;6.641684e-02;6.792472e-02;4.498521e-01;4.079186e-02;1.209331e-01;4.702186e-02;4.567562e-02;9.908245e-03;1.659989e-02
2.492133e-02;7.746387e-02;5.098552e-02;5.866139e-02;8.680645e-02;3.418139e-01;6.918626e-02;1.756956e-01;4.739574e-02;3.516726e-02;1.888650e-02;1.301628e-02
1.767568e-02;8.593885e-02;6.401546e-02;5.729624e-02;1.113595e-01;2.204117e-01;7.136871e-02;2.434031e-01;6.160868e-02;3.842733e-02;2.183692e-02;6.657870e-03
1.475025e-02;5.206314e-02;9.453186e-02;6.604758e-02;9.282127e-02;1.514709e-01;6.763333e-02;3.049846e-01;8.406657e-02;3.818090e-02;1.850044e-02;1.494919e-02
1.439292e-02;3.711844e-02;1.086828e-01;6.203077e-02;8.283926e-02;1.144313e-01;6.548496e-02;3.058931e-01;1.245230e-01;4.954651e-02;1.059929e-02;2.445771e-02
2.985547e-02;3.536623e-02;6.612739e-02;1.019301e-01;1.177743e-01;9.975773e-02;4.836708e-02;2.394595e-01;1.741271e-01;4.754663e-02;1.924472e-02;2.044374e-02
4.834971e-02;2.194609e-02;4.211582e-02;1.598544e-01;1.019700e-01;5.840038e-02;6.777010e-02;1.740561e-01;2.270894e-01;5.997365e-02;2.761784e-02;1.085646e-02
6.120141e-02;1.567352e-02;7.804932e-02;1.723417e-01;7.609396e-02;4.359755e-02;1.016002e-01;1.248486e-01;2.359405e-01;5.536273e-02;2.388750e-02;1.140299e-02
7.537185e-02;2.197287e-02;1.005062e-01;1.560137e-01;7.891076e-02;7.053835e-02;1.104913e-01;9.508562e-02;2.025088e-01;4.509698e-02;2.290937e-02;2.059424e-02
6.221952e-02;3.203920e-02;8.263549e-02;1.557113e-01;6.081873e-02;6.235946e-02;7.808098e-02;1.801247e-01;2.048831e-01;3.041723e-02;2.670295e-02;2.400741e-02
3.571409e-02;7.558188e-02;8.631892e-02;1.456481e-01;6.422140e-02;6.109125e-02;4.769662e-02;2.161216e-01;1.885448e-01;2.797872e-02;2.419357e-02;2.688904e-02
1.540927e-02;1.069271e-01;1.299691e-01;1.008651e-01;6.725658e-02;6.957256e-02;7.022395e-02;2.130214e-01;1.352337e-01;2.504501e-02;2.196642e-02;4.450976e-02
2.624321e-02;9.429910e-02;1.454541e-01;8.479214e-02;6.827135e-02;7.267640e-02;8.709139e-02;2.262530e-01;8.149553e-02;3.198185e-02;3.224501e-02;4.919697e-02
2.995724e-02;9.995881e-02;9.081689e-02;9.126107e-02;8.408134e-02;1.208910e-01;9.481451e-02;1.908301e-01;9.258690e-02;3.651596e-02;3.803420e-02;3.025194e-02
3.388999e-02;6.479295e-02;6.355558e-02;9.601711e-02;8.015450e-02;2.507984e-01;5.249489e-02;1.338828e-01;1.269231e-01;3.845434e-02;2.503028e-02;3.400601e-02
3.664521e-02;7.389694e-02;1.153231e-01;1.065517e-01;5.775972e-02;2.478655e-01;2.670294e-02;1.722094e-01;9.893940e-02;3.539610e-02;1.117059e-02;1.753930e-02
3.075050e-02;8.510066e-02;1.032941e-01;1.236146e-01;2.700668e-02;2.383376e-01;2.653589e-02;1.868910e-01;1.215284e-01;3.052944e-02;1.827888e-02;8.132266e-03
1.760109e-02;6.096509e-02;6.946471e-02;1.109809e-01;5.203804e-02;2.048585e-01;2.604306e-02;2.132277e-01;1.772742e-01;3.203250e-02;2.462194e-02;1.089228e-02
7.401503e-03;6.129183e-02;9.942580e-02;1.106788e-01;8.219156e-02;1.625064e-01;1.902349e-02;2.491225e-01;1.559358e-01;1.917361e-02;1.736614e-02;1.588256e-02
1.430675e-02;6.436338e-02;1.078495e-01;1.114616e-01;1.061700e-01;1.717605e-01;3.355299e-02;2.054045e-01;1.198720e-01;3.248167e-02;1.159997e-02;2.117699e-02
2.647877e-02;3.829743e-02;8.744527e-02;9.563409e-02;9.283763e-02;2.054083e-01;4.819712e-02;2.256431e-01;1.036479e-01;4.994297e-02;1.195567e-02;1.451182e-02
2.763692e-02;8.271006e-02;6.981555e-02;1.000585e-01;5.924509e-02;1.944329e-01;5.684018e-02;2.225207e-01;1.060774e-01;3.537213e-02;2.565820e-02;1.963236e-02
2.202095e-02;1.136407e-01;7.904513e-02;1.092398e-01;1.010012e-01;1.911854e-01;7.995245e-02;1.157680e-01;7.895755e-02;4.215370e-02;3.442910e-02;3.260600e-02
4.128492e-02;1.298629e-01;1.107493e-01;7.309583e-02;9.130680e-02;1.518529e-01;6.584304e-02;1.570149e-01;6.560843e-02;4.786457e-02;2.783601e-02;3.768030e-02
5.065763e-02;1.162030e-01;1.006138e-01;4.500353e-02;4.952892e-02;2.893748e-01;2.897696e-02;1.459987e-01;6.203724e-02;3.485704e-02;2.486280e-02;5.188556e-02
4.869766e-02;8.978615e-02;5.129705e-02;4.494073e-02;7.336067e-02;3.423224e-01;2.083011e-02;1.359014e-01;6.821804e-02;2.161911e-02;2.647670e-02;7.654994e-02
4.847854e-02;5.875859e-02;7.711127e-02;6.313723e-02;1.151835e-01;3.077202e-01;3.689498e-02;8.587864e-02;6.261459e-02;1.188326e-02;2.516811e-02;1.071711e-01
1.002033e-01;4.192326e-02;1.017290e-01;9.089273e-02;1.277227e-01;2.018980e-01;5.924885e-02;7.937709e-02;4.550087e-02;1.273220e-02;2.488861e-02;1.138834e-01
9.404701e-02;7.200304e-02;1.174157e-01;1.058543e-01;9.981567e-02;1.515067e-01;4.661984e-02;1.336799e-01;5.439619e-02;1.539211e-02;4.496720e-02;6.430236e-02
4.404473e-02;8.751497e-02;1.570568e-01;1.258710e-01;9.589778e-02;1.328349e-01;4.041929e-02;1.677002e-01;3.794489e-02;2.030881e-02;4.887483e-02;4.153189e-02
1.540358e-02;1.077642e-01;2.233177e-01;1.224277e-01;7.800002e-02;7.826827e-02;3.895559e-02;1.503423e-01;6.562848e-02;2.399169e-02;6.192849e-02;3.397200e-02
1.201815e-02;9.545488e-02;2.112993e-01;9.563974e-02;4.757545e-02;1.810968e-01;2.828593e-02;1.541883e-01;5.991569e-02;2.810507e-02;5.329778e-02;3.312295e-02
7.900228e-03;8.956955e-02;2.345803e-01;1.091015e-01;4.986518e-02;1.358604e-01;2.245530e-02;1.489018e-01;8.623700e-02;3.391030e-02;5.055655e-02;3.106186e-02
8.567082e-03;9.562849e-02;2.620452e-01;1.266572e-01;6.755006e-02;1.389975e-01;2.819070e-02;1.061724e-01;5.000922e-02;3.947045e-02;4.698924e-02;2.972237e-02
1.576191e-02;9.498180e-02;2.609885e-01;1.220039e-01;6.159502e-02;1.694102e-01;1.918764e-02;1.088351e-01;4.428940e-02;4.034780e-02;3.785751e-02;2.474127e-02
2.018507e-02;1.013058e-01;3.018846e-01;1.143014e-01;4.564945e-02;1.034989e-01;2.111401e-02;1.178113e-01;6.274995e-02;4.391425e-02;4.024993e-02;2.733525e-02
2.995798e-02;1.055047e-01;3.088493e-01;8.261587e-02;4.958176e-02;1.540304e-01;2.973465e-02;8.574760e-02;5.582105e-02;3.892184e-02;3.428649e-02;2.494834e-02
3.986445e-02;1.253858e-01;3.288190e-01;5.433031e-02;3.828036e-02;9.860166e-02;4.977036e-02;9.133601e-02;8.127214e-02;3.978934e-02;3.030609e-02;2.224448e-02
3.965959e-02;1.351079e-01;3.270521e-01;3.264495e-02;2.599699e-02;9.893117e-02;4.543493e-02;1.396382e-01;7.316062e-02;4.415755e-02;2.320851e-02;1.500747e-02
3.372575e-02;1.285681e-01;3.053623e-01;3.830571e-02;2.017275e-02;1.318003e-01;4.709695e-02;1.386347e-01;9.213555e-02;4.101267e-02;1.590474e-02;7.280519e-03
2.687112e-02;1.259143e-01;3.206398e-01;4.675039e-02;2.329446e-02;1.426848e-01;4.442722e-02;1.195039e-01;1.019958e-01;2.814065e-02;1.280670e-02;6.970813e-03
2.436024e-02;1.554319e-01;3.612305e-01;6.296948e-02;2.480050e-02;1.345271e-01;4.685302e-02;1.073185e-01;3.462536e-02;2.979077e-02;1.210258e-02;5.990108e-03
1.916942e-02;1.654566e-01;3.559476e-01;6.962242e-02;3.311950e-02;8.598593e-02;5.082161e-02;8.904206e-02;7.810492e-02;3.001380e-02;1.328218e-02;9.434023e-03
1.190857e-02;1.540251e-01;3.298677e-01;7.387368e-02;5.238424e-02;7.171348e-02;5.266506e-02;1.048496e-01;9.511983e-02;3.573405e-02;1.085336e-02;7.005330e-03
1.412149e-02;1.598442e-01;3.362828e-01;6.133094e-02;5.929711e-02;1.157820e-01;4.407872e-02;1.016987e-01;4.968517e-02;3.392427e-02;1.460141e-02;9.353254e-03
1.644518e-02;1.579531e-01;3.473811e-01;4.225597e-02;5.109471e-02;1.734354e-01;3.290623e-02;5.569283e-02;6.739283e-02;2.950930e-02;1.538500e-02;1.054840e-02
1.243793e-02;1.450624e-01;3.564096e-01;4.139328e-02;4.476073e-02;1.750567e-01;2.946150e-02;8.109112e-02;6.773248e-02;2.500352e-02;1.112551e-02;1.046521e-02
1.158742e-02;1.655766e-01;4.595309e-01;5.103531e-02;3.189294e-02;1.047627e-01;2.891414e-02;5.280431e-02;5.532717e-02;2.256248e-02;7.014723e-03;8.991399e-03
1.003997e-02;1.770908e-01;4.815534e-01;4.764859e-02;2.177366e-02;8.492298e-02;2.373298e-02;5.274732e-02;5.117364e-02;3.076296e-02;8.225557e-03;1.032821e-02
1.181870e-02;1.669864e-01;4.293371e-01;3.056744e-02;1.872509e-02;8.618294e-02;1.790799e-02;9.299772e-02;8.758109e-02;3.215534e-02;1.380099e-02;1.193921e-02
1.232884e-02;1.446554e-01;3.420438e-01;2.552314e-02;1.962850e-02;1.656685e-01;1.584709e-02;1.209524e-01;9.373529e-02;3.495518e-02;1.361878e-02;1.104308e-02
1.016257e-02;1.012084e-01;2.264331e-01;2.518713e-02;2.789645e-02;2.440450e-01;2.942926e-02;1.667790e-01;7.441521e-02;7.429734e-02;1.415786e-02;5.988537e-03
9.205548e-03;5.684887e-02;1.423024e-01;3.573500e-02;3.837875e-02;9.295272e-02;5.408603e-02;3.119843e-01;1.268312e-01;1.031853e-01;1.766928e-02;1.082068e-02
8.913831e-03;5.622428e-02;1.048306e-01;4.571154e-02;3.530945e-02;2.176266e-01;4.922149e-02;2.926128e-01;9.505197e-02;7.428231e-02;1.311349e-02;7.101667e-03
1.029083e-02;5.406495e-02;1.457528e-01;4.213053e-02;3.791670e-02;2.208188e-01;4.839126e-02;2.681665e-01;9.781131e-02;5.228999e-02;1.065040e-02;1.171594e-02
7.423357e-03;6.515051e-02;1.776336e-01;2.937612e-02;2.346107e-02;2.107177e-01;4.329486e-02;2.763193e-01;8.453459e-02;5.861534e-02;9.097151e-03;1.437637e-02
7.503748e-03;8.010571e-02;1.717094e-01;2.463018e-02;2.520353e-02;1.628447e-01;5.558230e-02;2.739635e-01;1.102925e-01;6.784297e-02;7.719619e-03;1.260184e-02
8.586483e-03;9.360190e-02;1.751928e-01;3.616048e-02;8.440866e-02;8.512849e-02;8.481888e-02;2.067172e-01;1.368732e-01;6.434666e-02;1.302644e-02;1.113882e-02
1.199567e-02;8.079286e-02;1.706728e-01;7.178809e-02;1.324222e-01;9.796391e-02;1.203875e-01;1.312296e-01;1.061769e-01;4.946804e-02;1.349781e-02;1.360468e-02
9.104858e-03;6.845515e-02;1.441311e-01;5.804856e-02;1.001791e-01;2.076003e-01;1.125493e-01;1.560766e-01;8.279383e-02;4.090961e-02;1.117839e-02;8.973115e-03
7.762943e-03;8.511396e-02;1.486931e-01;4.859447e-02;8.511606e-02;2.502846e-01;8.713971e-02;1.593821e-01;6.939988e-02;3.858382e-02;1.074169e-02;9.187682e-03
1.063242e-02;1.139759e-01;1.237154e-01;5.071000e-02;5.610165e-02;2.205930e-01;5.721923e-02;1.831546e-01;9.784542e-02;6.979021e-02;8.169693e-03;8.092532e-03
1.028828e-02;9.663127e-02;7.064648e-02;5.506221e-02;2.581067e-02;1.608804e-01;8.351978e-02;2.384951e-01;1.455030e-01;9.366785e-02;9.662571e-03;9.832427e-03
5.663989e-03;6.728630e-02;5.863999e-02;4.998941e-02;3.866359e-02;1.658159e-01;8.671387e-02;2.492371e-01;1.503235e-01;1.001695e-01;1.376485e-02;1.373204e-02
1.077667e-02;6.032812e-02;1.057234e-01;3.961601e-02;4.359205e-02;1.435132e-01;6.295064e-02;2.504723e-01;1.761900e-01;6.573857e-02;1.884167e-02;2.225732e-02
3.442061e-02;7.725552e-02;1.182807e-01;4.133810e-02;4.502977e-02;1.957987e-01;6.484260e-02;1.719754e-01;1.344405e-01;5.939488e-02;2.508962e-02;3.213361e-02
4.153725e-02;1.174097e-01;9.524482e-02;4.914550e-02;5.509461e-02;1.383996e-01;1.300065e-01;1.028877e-01;1.066531e-01;7.530851e-02;5.742399e-02;3.088866e-02
7.543290e-02;9.434047e-02;1.067254e-01;4.580228e-02;4.065663e-02;7.525855e-02;1.599679e-01;7.339635e-02;1.307631e-01;6.481855e-02;6.887674e-02;6.396116e-02
4.274071e-02;6.104017e-02;8.573060e-02;5.946360e-02;9.192320e-02;1.549072e-01;1.362850e-01;8.319061e-02;1.033524e-01;4.936611e-02;7.423054e-02;5.776983e-02
3.762509e-02;7.463721e-02;5.180501e-02;6.499329e-02;1.340414e-01;1.887201e-01;1.088611e-01;7.065775e-02;7.155231e-02;9.842423e-02;5.925573e-02;3.942670e-02
5.414686e-02;6.729457e-02;2.531606e-02;7.414484e-02;1.605553e-01;1.781424e-01;9.863144e-02;5.818250e-02;8.213472e-02;1.268476e-01;4.287872e-02;3.172499e-02
8.497544e-02;4.031158e-02;2.662929e-02;1.242554e-01;1.397597e-01;1.203170e-01;8.621738e-02;4.493237e-02;1.586743e-01;1.091665e-01;4.694368e-02;1.781738e-02
9.015609e-02;1.839303e-02;4.161969e-02;1.752764e-01;8.083192e-02;7.098879e-02;6.398437e-02;7.580695e-02;2.231733e-01;6.716225e-02;7.318278e-02;1.942446e-02
5.068695e-02;2.324164e-02;8.519536e-02;1.484963e-01;5.587238e-02;7.796945e-02;3.964479e-02;1.522864e-01;1.979023e-01;4.652488e-02;6.542508e-02;5.675455e-02
1.950219e-02;3.511492e-02;1.557645e-01;6.737833e-02;3.433659e-02;7.751293e-02;4.429451e-02;2.618546e-01;1.128300e-01;6.715006e-02;2.644015e-02;9.782113e-02
3.904787e-02;5.050070e-02;1.642638e-01;2.490951e-02;2.700786e-02;5.710570e-02;8.880825e-02;2.950301e-01;4.335585e-02;8.734879e-02;3.176934e-02;9.085213e-02
8.374105e-02;7.584081e-02;1.115708e-01;3.236748e-02;5.336514e-02;4.462983e-02;1.674993e-01;2.414286e-01;2.640587e-02;6.694387e-02;4.035664e-02;5.585063e-02
1.234844e-01;1.197776e-01;5.619701e-02;2.819576e-02;6.069751e-02;6.050593e-02;2.443887e-01;1.686778e-01;2.501412e-02;2.907018e-02;6.420451e-02;1.978642e-02
1.067226e-01;1.832457e-01;6.091170e-02;2.089159e-02;5.398412e-02;7.011689e-02;2.512312e-01;1.226586e-01;3.831476e-02;1.098229e-02;6.736594e-02;1.357467e-02
7.093330e-02;2.521363e-01;4.216807e-02;2.266660e-02;4.000843e-02;1.061621e-01;2.207353e-01;9.530362e-02;5.657936e-02;1.766702e-02;6.035679e-02;1.528297e-02
5.434241e-02;2.570810e-01;3.916613e-02;2.709737e-02;3.845283e-02;1.465099e-01;1.581852e-01;1.004299e-01;7.256569e-02;3.601454e-02;5.656978e-02;1.358514e-02
5.650888e-02;2.228210e-01;5.299798e-02;3.384543e-02;3.437601e-02;1.734696e-01;1.103177e-01;1.333259e-01;7.150562e-02;4.133456e-02;4.446417e-02;2.503318e-02
5.602895e-02;1.964957e-01;4.602878e-02;2.274723e-02;3.438312e-02;2.454153e-01;9.361576e-02;1.571867e-01;5.379050e-02;4.327121e-02;2.617225e-02;2.486447e-02
3.806870e-02;1.640594e-01;5.375025e-02;1.282952e-02;4.811977e-02;2.509021e-01;8.187690e-02;1.828077e-01;6.738463e-02;5.323181e-02;2.684992e-02;2.011943e-02
2.276487e-02;1.028374e-01;5.734516e-02;2.482238e-02;9.066784e-02;2.390295e-01;3.515453e-02;2.407099e-01;8.354899e-02;5.053098e-02;3.408096e-02;1.850742e-02
1.676980e-02;5.265709e-02;5.757875e-02;4.163187e-02;9.472837e-02;1.689948e-01;2.466594e-02;3.151581e-01;1.315724e-01;4.877011e-02;3.092168e-02;1.655116e-02
2.114257e-02;5.562631e-02;4.969450e-02;5.803774e-02;1.114546e-01;7.342738e-02;1.826373e-02;3.452922e-01;1.852429e-01;4.856320e-02;1.422418e-02;1.903076e-02
3.254737e-02;6.203162e-02;1.199091e-02;6.312308e-02;1.427489e-01;8.695001e-02;2.500490e-02;3.274440e-01;1.950066e-01;2.876691e-02;9.447336e-03;1.493843e-02
3.324374e-02;7.108187e-02;2.730920e-02;5.688631e-02;1.620499e-01;1.326073e-01;3.953101e-02;2.670355e-01;1.677863e-01;2.551993e-02;5.440770e-03;1.150804e-02
3.387234e-02;8.315891e-02;5.355885e-02;6.309474e-02;1.336686e-01;1.628254e-01;5.240234e-02;2.314251e-01;1.225564e-01;2.537375e-02;8.863637e-03;2.919997e-02
4.816884e-02;1.052824e-01;8.015115e-02;7.605227e-02;9.585675e-02;1.674617e-01;4.456609e-02;2.193244e-01;8.185922e-02;3.074921e-02;1.767883e-02;3.284925e-02
6.203712e-02;1.162551e-01;7.453258e-02;7.417320e-02;5.610131e-02;2.212934e-01;3.345638e-02;2.302133e-01;5.421130e-02;3.915204e-02;1.609130e-02;2.248297e-02
5.336904e-02;1.175155e-01;5.813595e-02;5.404284e-02;6.183615e-02;2.274585e-01;2.072744e-02;2.364153e-01;9.234457e-02;4.362517e-02;1.698903e-02;1.754054e-02
3.944352e-02;1.325220e-01;8.508079e-02;5.067253e-02;8.227555e-02;1.833190e-01;5.999507e-02;1.546058e-01;1.248539e-01;4.396038e-02;2.008417e-02;2.318730e-02
2.595834e-02;1.178313e-01;6.467110e-02;5.226851e-02;7.454438e-02;1.801825e-01;8.110347e-02;2.081654e-01;1.100418e-01;3.753741e-02;2.452576e-02;2.317011e-02
2.839051e-02;1.083962e-01;5.321347e-02;7.216638e-02;1.076122e-01;2.120245e-01;6.004591e-02;1.930283e-01;7.296690e-02;3.504877e-02;3.378073e-02;2.332623e-02
4.390853e-02;9.435894e-02;7.049230e-02;4.896960e-02;1.401107e-01;2.115555e-01;1.751988e-02;2.124372e-01;8.166085e-02;1.877769e-02;3.880007e-02;2.140867e-02
4.360367e-02;9.279399e-02;5.455070e-02;6.490893e-02;1.187204e-01;1.802464e-01;4.169036e-02;2.051325e-01;1.107993e-01;3.539120e-02;3.613535e-02;1.602712e-02
3.375418e-02;1.073193e-01;5.383268e-02;6.044971e-02;9.662758e-02;2.005307e-01;5.712048e-02;1.797388e-01;1.059947e-01;5.342907e-02;3.228774e-02;1.891510e-02
2.387768e-02;7.613105e-02;1.059734e-01;3.010576e-02;5.691768e-02;2.177672e-01;5.911881e-02;2.652044e-01;9.799475e-02;3.234615e-02;1.404373e-02;2.051924e-02
2.487484e-02;6.947776e-02;1.237104e-01;3.787714e-02;3.624148e-02;2.336419e-01;4.437646e-02;2.660173e-01;1.015774e-01;2.696282e-02;2.196178e-02;1.328069e-02
2.456806e-02;8.716034e-02;1.321249e-01;3.342140e-02;3.241960e-02;2.427730e-01;6.927217e-02;2.081434e-01;8.866417e-02;3.685845e-02;3.449925e-02;1.009519e-02
4.509242e-02;7.931381e-02;9.687991e-02;5.213239e-02;5.279073e-02;2.121432e-01;1.001734e-01;1.770961e-01;7.653785e-02;3.274278e-02;4.648472e-02;2.861258e-02
4.385143e-02;7.045972e-02;8.886455e-02;8.108851e-02;4.805838e-02;1.717599e-01;8.895619e-02;2.145945e-01;7.318435e-02;3.353727e-02;4.324073e-02;4.240453e-02
3.689265e-02;8.377103e-02;9.830495e-02;6.875122e-02;6.835583e-02;2.866890e-01;7.011542e-02;1.343552e-01;5.742573e-02;4.282474e-02;1.538831e-02;3.712585e-02
4.305349e-02;6.004465e-02;8.882490e-02;3.735347e-02;7.217687e-02;4.500566e-01;5.675894e-02;6.061839e-02;5.542650e-02;2.896676e-02;1.783270e-02;2.888666e-02
5.434621e-02;3.470467e-02;4.961024e-02;5.000402e-02;3.827805e-02;4.480901e-01;6.668404e-02;1.371106e-01;5.050655e-02;3.781632e-02;1.472711e-02;1.812205e-02
8.212996e-02;3.576062e-02;2.512622e-02;5.610208e-02;3.638748e-02;4.214197e-01;4.062019e-02;1.860516e-01;4.705580e-02;4.969133e-02;8.834765e-03;1.082028e-02
1.069679e-01;6.456906e-02;3.588772e-02;3.914680e-02;5.172086e-02;3.906857e-01;2.530797e-02;1.729495e-01;4.361035e-02;3.558054e-02;9.204827e-03;2.436875e-02
8.398731e-02;8.445774e-02;7.850328e-02;3.776431e-02;4.905483e-02;2.774038e-01;4.791500e-02;1.955266e-01;6.545944e-02;2.442629e-02;1.114516e-02;4.435624e-02
2.861247e-02;6.490429e-02;1.318459e-01;6.288668e-02;5.824841e-02;2.500052e-01;5.763631e-02;1.792455e-01;6.402950e-02;1.762351e-02;1.738387e-02;6.757838e-02
3.621421e-02;6.886727e-02;1.474809e-01;7.651182e-02;1.183892e-01;2.101494e-01;5.763283e-02;1.165234e-01;5.928646e-02;1.083370e-02;1.795360e-02;8.015731e-02
3.825823e-02;6.178404e-02;1.539141e-01;8.264060e-02;1.930627e-01;1.970954e-01;5.749879e-02;5.895574e-02;5.529100e-02;9.870850e-03;1.179001e-02;7.983848e-02
3.079687e-02;5.388566e-02;1.157798e-01;8.280192e-02;2.481130e-01;1.682162e-01;8.781579e-02;6.407635e-02;5.088745e-02;8.955600e-03;2.926305e-02;5.940837e-02
2.489552e-02;7.202545e-02;8.244250e-02;1.131169e-01;2.087650e-01;9.730857e-02;1.292416e-01;1.168661e-01;5.177166e-02;1.040434e-02;5.229073e-02;4.087168e-02
3.005591e-02;7.891403e-02;1.192361e-01;1.282298e-01;1.377905e-01;1.274429e-01;1.054415e-01;1.261481e-01;4.291303e-02;1.967139e-02;5.936685e-02;2.478984e-02
2.709104e-02;8.314049e-02;1.358628e-01;1.102194e-01;1.208056e-01;1.281756e-01;7.653789e-02;1.822590e-01;2.835531e-02;3.277517e-02;4.222187e-02;3.255587e-02
4.401301e-02;6.686860e-02;8.075130e-02;8.718996e-02;6.432750e-02;1.264932e-01;1.398410e-01;2.211708e-01;6.205275e-02;4.415686e-02;2.713309e-02;3.600201e-02
2.679559e-02;5.135441e-02;6.534246e-02;7.961736e-02;1.142043e-01;2.441847e-01;1.203245e-01;1.249891e-01;6.475245e-02;2.201090e-02;4.221383e-02;4.421037e-02
1.120453e-02;7.922941e-02;9.300037e-02;7.813354e-02;1.207220e-01;2.386955e-01;6.622311e-02;1.207528e-01;6.571939e-02;3.816376e-02;3.793092e-02;5.022471e-02
2.851576e-02;7.274020e-02;8.179004e-02;7.972922e-02;1.231427e-01;1.612670e-01;8.857527e-02;8.591166e-02;5.547176e-02;1.107783e-01;7.104991e-02;4.102818e-02
3.107234e-02;5.038132e-02;7.781383e-02;4.775736e-02;1.214037e-01;1.374294e-01;1.038634e-01;9.376206e-02;5.132318e-02;1.433910e-01;1.007352e-01;4.106705e-02
3.206509e-02;6.041264e-02;1.093019e-01;2.809134e-02;1.108000e-01;1.864487e-01;7.044577e-02;7.261941e-02;8.549857e-02;9.740518e-02;9.413400e-02;5.277739e-02
5.115664e-02;8.127206e-02;9.123375e-02;4.399393e-02;9.604903e-02;1.805719e-01;6.381379e-02;9.971744e-02;1.001690e-01;5.247897e-02;5.803601e-02;8.150743e-02
6.122151e-02;9.154243e-02;6.573547e-02;6.441163e-02;9.572175e-02;1.639833e-01;5.459232e-02;1.225697e-01;6.820824e-02;7.456990e-02;6.484216e-02;7.260155e-02
7.010944e-02;1.191731e-01;5.835228e-02;8.643869e-02;9.083754e-02;1.236680e-01;4.640858e-02;1.716668e-01;2.875072e-02;8.172537e-02;7.337622e-02;4.949325e-02
5.330867e-02;1.328134e-01;9.057131e-02;1.343998e-01;6.428869e-02;9.014147e-02;3.788229e-02;1.979470e-01;2.345773e-02;6.595559e-02;8.735824e-02;2.187581e-02
3.276055e-02;1.260955e-01;1.175051e-01;1.549624e-01;7.715566e-02;1.067159e-01;5.040007e-02;1.631838e-01;1.885897e-02;4.591750e-02;8.392407e-02;2.252046e-02
3.207202e-02;1.232684e-01;1.693890e-01;1.321273e-01;9.895580e-02;1.130895e-01;6.153468e-02;1.118355e-01;3.312357e-02;3.736916e-02;6.518543e-02;2.204966e-02
3.584328e-02;1.091983e-01;1.887924e-01;5.727400e-02;8.902910e-02;1.803492e-01;7.104868e-02;9.802732e-02;4.334403e-02;5.133287e-02;5.060668e-02;2.515413e-02
3.043772e-02;1.145593e-01;1.825673e-01;6.287801e-02;7.206091e-02;2.571063e-01;5.080241e-02;7.941649e-02;2.638508e-02;4.137234e-02;5.940203e-02;2.301211e-02
2.568096e-02;1.172411e-01;2.047232e-01;8.869607e-02;1.041384e-01;1.572558e-01;6.221658e-02;8.056303e-02;2.978459e-02;3.379865e-02;6.212557e-02;3.377608e-02
2.082197e-02;1.001270e-01;2.212716e-01;9.923071e-02;1.203687e-01;1.802172e-01;5.388886e-02;7.732961e-02;2.987053e-02;2.807372e-02;5.240732e-02;1.639273e-02
2.791383e-02;1.012407e-01;2.339571e-01;1.190730e-01;1.119385e-01;1.465464e-01;5.174663e-02;7.594035e-02;2.360161e-02;3.559896e-02;5.423028e-02;1.821264e-02
6.185450e-02;1.219763e-01;2.236717e-01;8.074836e-02;8.928864e-02;1.332261e-01;5.185880e-02;1.060206e-01;3.031856e-02;2.676755e-02;4.827749e-02;2.599124e-02
6.917142e-02;1.251387e-01;2.294357e-01;6.228381e-02;6.123188e-02;1.654993e-01;5.141240e-02;1.085798e-01;4.028654e-02;2.819784e-02;3.215276e-02;2.660988e-02
