2.086584e-02;4.662501e-02;9.551068e-02;3.947509e-02;7.148279e-02;5.949759e-02;1.530152e-01;8.086772e-02;9.526176e-02;1.705610e-01;1.217045e-01;4.513290e-02
2.269613e-02;5.682371e-02;1.096182e-01;3.621292e-02;7.287099e-02;6.481797e-02;1.450310e-01;8.420646e-02;7.093056e-02;1.870347e-01;1.222711e-01;2.748632e-02
3.382179e-02;3.507766e-02;1.120652e-01;5.316854e-02;5.790722e-02;5.557851e-02;1.709861e-01;7.455420e-02;9.289990e-02;1.682843e-01;1.217593e-01;2.389736e-02
2.758377e-02;4.337668e-02;1.025122e-01;6.909971e-02;3.868628e-02;3.237998e-02;2.338485e-01;8.900436e-02;8.954071e-02;1.176423e-01;1.414845e-01;1.484101e-02
4.379623e-02;4.349728e-02;1.010388e-01;6.372271e-02;4.139352e-02;4.039662e-02;2.209186e-01;8.612909e-02;5.797199e-02;8.554121e-02;1.561834e-01;5.941068e-02
3.415290e-02;4.128376e-02;1.275058e-01;3.576194e-02;3.053838e-02;5.503964e-02;1.997539e-01;3.412118e-02;6.362922e-02;1.289597e-01;1.757484e-01;7.350520e-02
1.897965e-02;4.488964e-02;1.570188e-01;1.471223e-02;3.249134e-02;6.065253e-02;2.049625e-01;3.601884e-02;9.409720e-02;1.184992e-01;1.076143e-01;1.100638e-01
5.952850e-02;7.601035e-02;1.464952e-01;2.243853e-02;3.558517e-02;6.216955e-02;2.141241e-01;7.226010e-02;6.283796e-02;5.655862e-02;8.199594e-02;1.099959e-01
5.246363e-02;6.577491e-02;1.036197e-01;3.270741e-02;3.649349e-02;4.943831e-02;1.734382e-01;6.333697e-02;1.689430e-01;1.101201e-01;6.414589e-02;7.951835e-02
3.854766e-02;3.947608e-02;7.659362e-02;5.157817e-02;6.005649e-02;5.081467e-02;1.504250e-01;5.704231e-02;2.779787e-01;7.891782e-02;7.380566e-02;4.476382e-02
2.648321e-02;2.496959e-02;7.248060e-02;5.095388e-02;7.662851e-02;5.162294e-02;1.330918e-01;5.105654e-02;2.808679e-01;5.803569e-02;1.000366e-01;7.377285e-02
2.267936e-02;5.491709e-02;6.641959e-02;6.493935e-02;7.644394e-02;3.976573e-02;9.482887e-02;1.200234e-01;2.441029e-01;2.981430e-02;9.245904e-02;9.360644e-02
2.044565e-02;8.509302e-02;7.478692e-02;1.035908e-01;5.168826e-02;4.914806e-02;6.863037e-02;1.784578e-01;1.488192e-01;1.732099e-02;1.362038e-01;6.581505e-02
1.748682e-02;7.485451e-02;8.378765e-02;1.144141e-01;3.735561e-02;7.841072e-02;7.556515e-02;2.604977e-01;8.109030e-02;1.305476e-02;1.376557e-01;2.582691e-02
3.639784e-02;6.140916e-02;9.182964e-02;1.055564e-01;3.871599e-02;9.536576e-02;1.090355e-01;2.796313e-01;2.311015e-02;1.506017e-02;1.296297e-01;1.425833e-02
6.363469e-02;4.030275e-02;1.041797e-01;7.035833e-02;3.887560e-02;6.794966e-02;1.792585e-01;1.965489e-01;3.787472e-02;4.959909e-02;1.381718e-01;1.324633e-02
7.995690e-02;1.445189e-02;1.117608e-01;4.150067e-02;2.081779e-02;3.092168e-02;2.502107e-01;1.564894e-01;5.667216e-02;8.432266e-02;1.424461e-01;1.044934e-02
7.056978e-02;1.352348e-02;1.229112e-01;4.154161e-02;2.595090e-02;1.832981e-02;2.782217e-01;1.552745e-01;4.194869e-02;9.231687e-02;1.266037e-01;1.280783e-02
5.426811e-02;1.292570e-02;1.152618e-01;6.612268e-02;2.912387e-02;4.511479e-02;2.723939e-01;1.405017e-01;3.024437e-02;8.921435e-02;1.349466e-01;9.882167e-03
4.837979e-02;1.772133e-02;1.083567e-01;7.729720e-02;2.047632e-02;5.734719e-02;2.255466e-01;1.864733e-01;3.870171e-02;5.639401e-02;1.564840e-01;6.821791e-03
5.252016e-02;1.816478e-02;1.463955e-01;6.789016e-02;2.258269e-02;4.505930e-02;2.410992e-01;1.665628e-01;2.606051e-02;6.827294e-02;1.374613e-01;7.930784e-03
4.671785e-02;1.848724e-02;1.854135e-01;4.224215e-02;4.660830e-02;3.215418e-02;2.965939e-01;9.288801e-02;2.362961e-02;1.297526e-01;7.863458e-02;6.878060e-03
3.604984e-02;2.055114e-02;2.103663e-01;2.595865e-02;6.779018e-02;5.124100e-02;3.027160e-01;4.818177e-02;3.112196e-02;1.581584e-01;3.259020e-02;1.527459e-02
3.711721e-02;3.165919e-02;2.487477e-01;2.182143e-02;8.879796e-02;7.933287e-02;2.479549e-01;2.847350e-02;2.462449e-02;1.590696e-01;1.432683e-02;1.807425e-02
4.458815e-02;5.602767e-02;2.631961e-01;3.942978e-02;8.478092e-02;1.086865e-01;1.718330e-01;2.687393e-02;2.900115e-02;1.163157e-01;2.296615e-02;3.630101e-02
3.006480e-02;7.466350e-02;2.232042e-01;3.331387e-02;6.170476e-02;1.400057e-01;1.714179e-01;3.630882e-02;6.207895e-02;8.317318e-02;2.451839e-02;5.954593e-02
4.823762e-02;9.997728e-02;1.482388e-01;5.295312e-02;4.631415e-02;1.649118e-01;1.408727e-01;3.297251e-02;1.057856e-01;6.817861e-02;2.203758e-02;6.952029e-02
8.368307e-02;1.127045e-01;9.350500e-02;7.125021e-02;4.861248e-02;1.741191e-01;8.031033e-02;3.477959e-02;1.425351e-01;5.461169e-02;3.383483e-02;7.005403e-02
1.113192e-01;9.002992e-02;5.920764e-02;6.543936e-02;5.895029e-02;1.432708e-01;1.134979e-01;6.775603e-02;1.322311e-01;5.014044e-02;4.625509e-02;6.190223e-02
8.565914e-02;8.491734e-02;7.094470e-02;4.067686e-02;6.950803e-02;1.046776e-01;2.211414e-01;5.282817e-02;1.142659e-01;6.419309e-02;5.072275e-02;4.046514e-02
4.515192e-02;9.842612e-02;4.751036e-02;5.275815e-02;8.798866e-02;7.486553e-02;2.443536e-01;9.290510e-02;9.789645e-02;8.041350e-02;4.050465e-02;3.722599e-02
7.667603e-02;8.413788e-02;1.253603e-01;5.826937e-02;7.554818e-02;7.751512e-02;1.315853e-01;6.828002e-02;1.237066e-01;6.938701e-02;6.067158e-02;4.886264e-02
6.503580e-02;7.802516e-02;1.084106e-01;6.902197e-02;7.625566e-02;7.705651e-02;1.409797e-01;8.520166e-02;1.105924e-01;6.245402e-02;5.839148e-02;6.857505e-02
7.938538e-02;7.234287e-02;9.581013e-02;6.232668e-02;6.736366e-02;7.581123e-02;1.250183e-01;9.741192e-02;1.301891e-01;7.034712e-02;4.319382e-02;8.079986e-02
8.057166e-02;1.059896e-01;9.858786e-02;5.331403e-02;7.460012e-02;6.087298e-02;1.153830e-01;7.774937e-02;1.376749e-01;7.051359e-02;7.068326e-02;5.405958e-02
1.206498e-01;1.098332e-01;1.362314e-01;5.329439e-02;6.450298e-02;4.029866e-02;1.555152e-01;6.430403e-02;5.924156e-02;8.068112e-02;6.209805e-02;5.334965e-02
1.315203e-01;9.401724e-02;1.331319e-01;4.183514e-02;5.958111e-02;7.781366e-02;1.404780e-01;7.324108e-02;7.964282e-02;5.878007e-02;4.514159e-02;6.481706e-02
1.047868e-01;6.736043e-02;8.460990e-02;6.243487e-02;9.542975e-02;9.361107e-02;1.150718e-01;8.411507e-02;1.427699e-01;3.256232e-02;3.796265e-02;7.928547e-02
5.835568e-02;5.098961e-02;3.094252e-02;9.438019e-02;1.167084e-01;8.883692e-02;8.941667e-02;1.522478e-01;1.610494e-01;3.482206e-02;4.790910e-02;7.434171e-02
4.180197e-02;4.585591e-02;8.008245e-02;1.029663e-01;7.102595e-02;5.352102e-02;1.417740e-01;1.894918e-01;1.250200e-01;5.346004e-02;4.631129e-02;4.868922e-02
4.916310e-02;3.991060e-02;1.497491e-01;6.870642e-02;4.347058e-02;5.329254e-02;2.727232e-01;1.148001e-01;6.228183e-02;8.177265e-02;2.702843e-02;3.710150e-02
4.101283e-02;6.043738e-02;1.357813e-01;3.616301e-02;3.532944e-02;1.079917e-01;2.586288e-01;7.086164e-02;1.049471e-01;8.947308e-02;2.294923e-02;3.642453e-02
5.680547e-02;8.045138e-02;9.907296e-02;3.567202e-02;4.282209e-02;1.324250e-01;1.771232e-01;5.970286e-02;1.636509e-01;7.574210e-02;3.201520e-02;4.451678e-02
7.882840e-02;7.994438e-02;7.415675e-02;5.459402e-02;6.589252e-02;1.396775e-01;1.292370e-01;6.071410e-02;1.753439e-01;6.195594e-02;2.912028e-02;5.053518e-02
7.531223e-02;7.155275e-02;7.768820e-02;5.759659e-02;5.928623e-02;1.275493e-01;1.151333e-01;1.172378e-01;1.567213e-01;3.751091e-02;4.082921e-02;6.358223e-02
6.296077e-02;7.394549e-02;8.316173e-02;2.051709e-02;6.053439e-02;5.569133e-02;1.170908e-01;1.244240e-01;2.302692e-01;1.084486e-01;3.027309e-02;3.268351e-02
5.137203e-02;4.232585e-02;4.266335e-02;1.209535e-02;4.514370e-02;7.087323e-02;1.732915e-01;1.406223e-01;2.017216e-01;1.616226e-01;3.896131e-02;1.930712e-02
4.597555e-02;3.300597e-02;4.109785e-02;2.751466e-02;3.542042e-02;6.180337e-02;1.777168e-01;1.729247e-01;1.416737e-01;1.866606e-01;4.885785e-02;2.734849e-02
2.624787e-02;3.332823e-02;4.057335e-02;3.821895e-02;5.033365e-02;4.396525e-02;1.207124e-01;1.860298e-01;1.190760e-01;2.663115e-01;3.782742e-02;3.737563e-02
3.724648e-02;2.942853e-02;4.051176e-02;4.308925e-02;5.376988e-02;1.029981e-01;1.009427e-01;1.146315e-01;1.155073e-01;3.013146e-01;1.994236e-02;4.061760e-02
5.580142e-02;4.121476e-02;5.119932e-02;3.261365e-02;4.576700e-02;1.179108e-01;1.027210e-01;1.555624e-01;1.436063e-01;1.737107e-01;4.399008e-02;3.590255e-02
4.406635e-02;5.824387e-02;3.853517e-02;2.769447e-02;3.833298e-02;1.075758e-01;1.917818e-01;1.214616e-01;1.804823e-01;8.726630e-02;7.160660e-02;3.295275e-02
3.909426e-02;5.670761e-02;3.861625e-02;4.047562e-02;6.507035e-02;8.545621e-02;2.160669e-01;7.930239e-02;1.506042e-01;9.314157e-02;1.059495e-01;2.951502e-02
6.639849e-02;6.119931e-02;8.738724e-02;4.008349e-02;5.312486e-02;7.236042e-02;1.853229e-01;4.561673e-02;1.222162e-01;1.106430e-01;1.125763e-01;4.307101e-02
7.124350e-02;7.526900e-02;9.015264e-02;5.431238e-02;5.926686e-02;8.968620e-02;1.202245e-01;4.014204e-02;9.912626e-02;1.105788e-01;1.077767e-01;8.222111e-02
6.125005e-02;8.314095e-02;8.319131e-02;8.226035e-02;8.087680e-02;8.024082e-02;1.091219e-01;5.001624e-02;9.082855e-02;9.783980e-02;8.516856e-02;9.606466e-02
4.825932e-02;1.017693e-01;1.329206e-01;7.477298e-02;7.601304e-02;4.920769e-02;1.585495e-01;7.675858e-02;8.422653e-02;7.448437e-02;6.887496e-02;5.416310e-02
5.991696e-02;7.471870e-02;2.133179e-01;6.123041e-02;6.445450e-02;3.573376e-02;1.830137e-01;5.003585e-02;9.264622e-02;6.800593e-02;5.522281e-02;4.170326e-02
8.132776e-02;6.712273e-02;2.365364e-01;7.335006e-02;8.493045e-02;4.189004e-02;1.481008e-01;3.638147e-02;7.357270e-02;4.590013e-02;6.090250e-02;4.998500e-02
4.805828e-02;4.421601e-02;3.220961e-01;1.039974e-01;8.399306e-02;4.560822e-02;7.699320e-02;5.469479e-02;3.949345e-02;4.821646e-02;8.874399e-02;4.388905e-02
4.170128e-02;2.158228e-02;4.148264e-01;1.069782e-01;6.052400e-02;3.611248e-02;7.233366e-02;5.045185e-02;1.785670e-02;5.691651e-02;9.156444e-02;2.915221e-02
5.447608e-02;1.953324e-02;4.489617e-01;7.252257e-02;4.466207e-02;1.931323e-02;1.076002e-01;4.037179e-02;2.460086e-02;7.059533e-02;7.827783e-02;1.908510e-02
4.738529e-02;2.556157e-02;4.609823e-01;5.598778e-02;3.362754e-02;1.492922e-02;1.299466e-01;3.670792e-02;2.690622e-02;8.684153e-02;6.613352e-02;1.499048e-02
3.236260e-02;5.026576e-02;4.695501e-01;4.523921e-02;2.764120e-02;2.701324e-02;1.253338e-01;2.572073e-02;2.339611e-02;1.021890e-01;5.491285e-02;1.637542e-02
2.280854e-02;7.760296e-02;4.693828e-01;3.521878e-02;2.280043e-02;4.186037e-02;9.534951e-02;1.976589e-02;3.163236e-02;1.049424e-01;4.692079e-02;3.171522e-02
3.125181e-02;1.198209e-01;4.405013e-01;2.361260e-02;1.334083e-02;6.517032e-02;6.118427e-02;2.034830e-02;4.486700e-02;8.838447e-02;3.394714e-02;5.757099e-02
3.244689e-02;1.301029e-01;4.447784e-01;2.107908e-02;1.254679e-02;6.692610e-02;7.042123e-02;2.086343e-02;4.722866e-02;6.829924e-02;2.198845e-02;6.331876e-02
2.769826e-02;1.209365e-01;4.846606e-01;2.539834e-02;1.316360e-02;6.082135e-02;5.184159e-02;1.910912e-02;4.447063e-02;6.273536e-02;2.412598e-02;6.503867e-02
5.097173e-02;1.418233e-01;4.524155e-01;2.908844e-02;1.462057e-02;5.743450e-02;3.644367e-02;2.227577e-02;5.316547e-02;5.164120e-02;2.133177e-02;6.878808e-02
1.015235e-01;1.822128e-01;3.619804e-01;3.035369e-02;1.654549e-02;5.404205e-02;3.196363e-02;2.116605e-02;7.281798e-02;3.952228e-02;2.399385e-02;6.387823e-02
1.575742e-01;1.938283e-01;2.820193e-01;2.483116e-02;2.354913e-02;4.688697e-02;3.711601e-02;2.258702e-02;8.227073e-02;3.465703e-02;4.649119e-02;4.818894e-02
2.038187e-01;1.227365e-01;2.106270e-01;3.124289e-02;4.335407e-02;4.008560e-02;8.491994e-02;5.064655e-02;6.546611e-02;3.399738e-02;7.002378e-02;4.308150e-02
1.973499e-01;7.681394e-02;1.206740e-01;6.282141e-02;6.336699e-02;3.754057e-02;1.454038e-01;7.962148e-02;4.475116e-02;4.657584e-02;6.537760e-02;5.970335e-02
1.590117e-01;9.748574e-02;9.179112e-02;7.651275e-02;6.911458e-02;4.842496e-02;1.616201e-01;8.434656e-02;4.355722e-02;6.633508e-02;6.752356e-02;3.427666e-02
1.231867e-01;8.248498e-02;9.304364e-02;7.673275e-02;6.373923e-02;5.495264e-02;1.925424e-01;8.084175e-02;4.963598e-02;6.327330e-02;7.839815e-02;4.116852e-02
1.040039e-01;7.131431e-02;9.603184e-02;6.225765e-02;3.932598e-02;5.770099e-02;2.215155e-01;4.720437e-02;7.547276e-02;9.529942e-02;7.776073e-02;5.211249e-02
9.424852e-02;8.134010e-02;1.333684e-01;6.278997e-02;3.737421e-02;4.756878e-02;1.706231e-01;5.051749e-02;5.571940e-02;1.192864e-01;9.921551e-02;4.794819e-02
9.313464e-02;8.529434e-02;1.176910e-01;8.452517e-02;4.898105e-02;5.816069e-02;8.938204e-02;9.800047e-02;7.768736e-02;1.145305e-01;6.430682e-02;6.830594e-02
1.172707e-01;9.748834e-02;1.456606e-01;4.902722e-02;6.203105e-02;7.192937e-02;6.045172e-02;8.826818e-02;8.560242e-02;8.510326e-02;6.642372e-02;7.074339e-02
1.031524e-01;5.940256e-02;1.300368e-01;7.279763e-02;3.841180e-02;7.544456e-02;9.290572e-02;7.176980e-02;8.636957e-02;1.119736e-01;7.526056e-02;8.247501e-02
9.847637e-02;5.715495e-02;1.164525e-01;6.576415e-02;2.855027e-02;5.437214e-02;9.115613e-02;6.520724e-02;1.325324e-01;1.265825e-01;6.379386e-02;9.995749e-02
1.022882e-01;7.583462e-02;1.112593e-01;6.202690e-02;3.809030e-02;5.632806e-02;7.705506e-02;4.492778e-02;1.529355e-01;1.214155e-01;5.618536e-02;1.016534e-01
1.045290e-01;6.330375e-02;8.653373e-02;4.091841e-02;4.554588e-02;7.022317e-02;4.929257e-02;6.484383e-02;1.594715e-01;1.361507e-01;7.212693e-02;1.070606e-01
7.289895e-02;4.976622e-02;8.147175e-02;3.850034e-02;3.699739e-02;8.627974e-02;5.478910e-02;9.561146e-02;1.447158e-01;1.515026e-01;1.078698e-01;7.959686e-02
8.803160e-02;4.624896e-02;1.151755e-01;4.197552e-02;5.911650e-02;7.043088e-02;3.931257e-02;9.322388e-02;1.369810e-01;1.358408e-01;1.291670e-01;4.449591e-02
9.799705e-02;4.691489e-02;1.423937e-01;5.241203e-02;7.203619e-02;4.911320e-02;8.638281e-02;2.492149e-02;1.497836e-01;9.905989e-02;8.487937e-02;9.410574e-02
9.529205e-02;6.317508e-02;1.487445e-01;6.564232e-02;6.291127e-02;4.867256e-02;1.071760e-01;5.597734e-02;1.271528e-01;6.362967e-02;7.548732e-02;8.613908e-02
8.416310e-02;5.207272e-02;1.320919e-01;8.112118e-02;5.865850e-02;5.611929e-02;1.257261e-01;8.647480e-02;1.099973e-01;3.844006e-02;1.079196e-01;6.721552e-02
7.276221e-02;3.646431e-02;1.643585e-01;7.429259e-02;5.397259e-02;3.801695e-02;1.916742e-01;1.103231e-01;7.877024e-02;3.790285e-02;9.830344e-02;4.315905e-02
9.598466e-02;9.631492e-02;2.291667e-01;6.017767e-02;2.761985e-02;4.110659e-02;1.657048e-01;7.035051e-02;6.790113e-02;4.659825e-02;6.253982e-02;3.653506e-02
1.654342e-01;1.533389e-01;2.213473e-01;3.097118e-02;3.790275e-02;5.545050e-02;1.178354e-01;3.421267e-02;6.717385e-02;4.511873e-02;3.647728e-02;3.473730e-02
2.293535e-01;1.409041e-01;1.370210e-01;4.017836e-02;5.034897e-02;5.031173e-02;1.410461e-01;4.135312e-02;5.994461e-02;3.599174e-02;3.624017e-02;3.730662e-02
2.224217e-01;8.413912e-02;5.678353e-02;5.347454e-02;5.503312e-02;3.807787e-02;2.744424e-01;4.665317e-02;4.338548e-02;3.980284e-02;4.432538e-02;4.146085e-02
1.408120e-01;4.206070e-02;5.432043e-02;6.551792e-02;5.255558e-02;3.542578e-02;3.768896e-01;4.994956e-02;3.318114e-02;5.481559e-02;4.059793e-02;5.387383e-02
1.039503e-01;4.889508e-02;8.190255e-02;7.283682e-02;5.183044e-02;3.775166e-02;3.432535e-01;5.438212e-02;4.129528e-02;4.553487e-02;5.194832e-02;6.641918e-02
8.946343e-02;7.068244e-02;1.531100e-01;5.606769e-02;4.892907e-02;4.013939e-02;2.177830e-01;4.760518e-02;6.635265e-02;6.984188e-02;7.327692e-02;6.674826e-02
8.406895e-02;5.906587e-02;1.546706e-01;3.473149e-02;4.373113e-02;3.965128e-02;1.827749e-01;5.543943e-02;9.192690e-02;8.476707e-02;1.050616e-01;6.411079e-02
6.872914e-02;5.434717e-02;1.144992e-01;6.249323e-02;3.331702e-02;4.273587e-02;2.198489e-01;7.887176e-02;9.806469e-02;8.280057e-02;1.053706e-01;3.892191e-02
6.861296e-02;4.545518e-02;2.196749e-01;5.934642e-02;4.222476e-02;3.849562e-02;1.783503e-01;1.194867e-01;7.017895e-02;9.091540e-02;5.182119e-02;1.543761e-02
4.283953e-02;6.710161e-02;3.559231e-01;5.399315e-02;4.494874e-02;3.768013e-02;1.143170e-01;9.499124e-02;6.207764e-02;6.499287e-02;3.627891e-02;2.485605e-02
3.894938e-02;4.758414e-02;4.130123e-01;7.416247e-02;5.776884e-02;4.846051e-02;9.438016e-02;4.991522e-02;4.394172e-02;6.240682e-02;4.564577e-02;2.377271e-02
3.877802e-02;3.706025e-02;3.815519e-01;7.701316e-02;5.455997e-02;4.168895e-02;1.326856e-01;2.890353e-02;4.527454e-02;6.592367e-02;5.907993e-02;3.748053e-02
3.012425e-02;6.409453e-02;3.350826e-01;7.683519e-02;4.641674e-02;6.176342e-02;1.133988e-01;3.350320e-02;7.354814e-02;6.555677e-02;5.616835e-02;4.350805e-02
4.002682e-02;1.042663e-01;2.824235e-01;7.683924e-02;4.304331e-02;8.542851e-02;9.316649e-02;2.245497e-02;1.011939e-01;4.891468e-02;4.653000e-02;5.571234e-02
5.266060e-02;1.275142e-01;2.457727e-01;8.213070e-02;4.010202e-02;9.240219e-02;8.599693e-02;1.684001e-02;1.137040e-01;3.190922e-02;4.788537e-02;6.308208e-02
4.676010e-02;1.186443e-01;3.325430e-01;7.553725e-02;3.213762e-02;7.075324e-02;6.742782e-02;2.366376e-02;9.433448e-02;4.015535e-02;4.187499e-02;5.616807e-02
2.376294e-02;8.457363e-02;5.046135e-01;5.223799e-02;3.119367e-02;4.424399e-02;5.793206e-02;1.629529e-02;5.732453e-02;6.114837e-02;2.820005e-02;3.847404e-02
1.789280e-02;4.962092e-02;6.030031e-01;4.164970e-02;4.768978e-02;2.482069e-02;4.837639e-02;1.029082e-02;2.945267e-02;7.511433e-02;2.880233e-02;2.328637e-02
1.618410e-02;3.548779e-02;6.476595e-01;3.928307e-02;4.557352e-02;1.596449e-02;4.950337e-02;9.827229e-03;1.446174e-02;7.570385e-02;2.697055e-02;2.338074e-02
1.875843e-02;2.844325e-02;6.604357e-01;4.359254e-02;4.447971e-02;1.532057e-02;4.960754e-02;1.396163e-02;1.350788e-02;6.985458e-02;2.339669e-02;1.864146e-02
1.846242e-02;2.094536e-02;6.554321e-01;5.329157e-02;4.403827e-02;1.193717e-02;5.237383e-02;2.397899e-02;1.439172e-02;6.374916e-02;3.033665e-02;1.106275e-02
1.475068e-02;1.115294e-02;6.354537e-01;7.387803e-02;4.526203e-02;1.409491e-02;5.459343e-02;3.002836e-02;1.460233e-02;5.869552e-02;3.943812e-02;8.049960e-03
2.379212e-02;1.058866e-02;5.663186e-01;8.791047e-02;5.603864e-02;1.858061e-02;4.803348e-02;4.332888e-02;1.824761e-02;4.999468e-02;5.925116e-02;1.791502e-02
6.001556e-02;4.302739e-02;3.425220e-01;1.025410e-01;8.753280e-02;4.269198e-02;5.007367e-02;5.715831e-02;2.024828e-02;3.647358e-02;1.060023e-01;5.171313e-02
6.141406e-02;8.276459e-02;2.202772e-01;1.121962e-01;1.077123e-01;4.531432e-02;8.203525e-02;6.868166e-02;1.660250e-02;1.632775e-02;1.240137e-01;6.266043e-02
2.916184e-02;1.184304e-01;2.253693e-01;1.398911e-01;1.288259e-01;3.413764e-02;4.451066e-02;7.560783e-02;2.057551e-02;1.717189e-02;1.240287e-01;4.228920e-02
1.395706e-02;1.265122e-01;2.148123e-01;1.666913e-01;1.612311e-01;3.345028e-02;1.609319e-02;6.513155e-02;2.353333e-02;2.011901e-02;1.052717e-01;5.319702e-02
1.461407e-02;1.073883e-01;1.844378e-01;1.696414e-01;2.050353e-01;3.092889e-02;2.057706e-02;5.087274e-02;3.358749e-02;2.283403e-02;7.943283e-02;8.065015e-02
2.232923e-02;8.085171e-02;1.672514e-01;1.485686e-01;2.280014e-01;3.808765e-02;3.463523e-02;4.576071e-02;5.844091e-02;2.051697e-02;5.123212e-02;1.043241e-01
2.217242e-02;6.801610e-02;1.600955e-01;1.314499e-01;2.266240e-01;4.360024e-02;3.166021e-02;5.293708e-02;6.959393e-02;2.403743e-02;5.364389e-02;1.161693e-01
2.594788e-02;5.800080e-02;1.691030e-01;1.298243e-01;2.256054e-01;4.364729e-02;3.195445e-02;5.080928e-02;6.715267e-02;2.595864e-02;5.387033e-02;1.181260e-01
2.820280e-02;5.714706e-02;1.924046e-01;1.362515e-01;2.076396e-01;4.348798e-02;2.597171e-02;5.771090e-02;5.923266e-02;3.007706e-02;6.188149e-02;9.999266e-02
2.332170e-02;5.655089e-02;2.289717e-01;1.515237e-01;1.824033e-01;4.182927e-02;3.041865e-02;6.364529e-02;4.299427e-02;3.002904e-02;7.236055e-02;7.595167e-02
1.367994e-02;4.735460e-02;2.887586e-01;1.754017e-01;1.618924e-01;4.588050e-02;1.946022e-02;6.399636e-02;2.746245e-02;2.457308e-02;8.065847e-02;5.088180e-02
9.348655e-03;3.294026e-02;3.564115e-01;1.801749e-01;1.395724e-01;4.613961e-02;4.241281e-02;5.403504e-02;8.988798e-03;2.407447e-02;8.412912e-02;2.177235e-02
1.094855e-02;2.067109e-02;4.347122e-01;1.518030e-01;1.231012e-01;4.306186e-02;4.074888e-02;4.141736e-02;1.546498e-02;3.144453e-02;7.283743e-02;1.378899e-02
1.322571e-02;2.809315e-02;4.804069e-01;9.372339e-02;1.050878e-01;4.043417e-02;6.147745e-02;3.382740e-02;2.944482e-02;5.011630e-02;4.840570e-02;1.575723e-02
3.009490e-02;4.388491e-02;3.909289e-01;6.665742e-02;1.020090e-01;4.128563e-02;1.289357e-01;2.424788e-02;6.047178e-02;5.887270e-02;3.723564e-02;1.537558e-02
5.380376e-02;4.545459e-02;2.068312e-01;9.516662e-02;1.129482e-01;6.736311e-02;1.814538e-01;5.209552e-02;6.133987e-02;4.749958e-02;4.766762e-02;2.837610e-02
3.513213e-02;2.875932e-02;3.268678e-01;1.114327e-01;1.181415e-01;5.215718e-02;1.562361e-01;4.518371e-02;1.824233e-02;4.199207e-02;3.983257e-02;2.602266e-02
3.737812e-02;4.081321e-02;2.305833e-01;9.853203e-02;1.451028e-01;5.538469e-02;1.277529e-01;6.845164e-02;5.169836e-02;5.955628e-02;4.441847e-02;4.032820e-02
2.866350e-02;5.047232e-02;2.385861e-01;1.014365e-01;1.416437e-01;7.573670e-02;6.055688e-02;6.294154e-02;6.683930e-02;5.539518e-02;6.339227e-02;5.433600e-02
3.698794e-02;4.232689e-02;3.044000e-01;1.045889e-01;1.320930e-01;7.078531e-02;7.283832e-02;5.703037e-02;3.078118e-02;4.510207e-02;4.883740e-02;5.422869e-02
5.049033e-02;2.524658e-02;2.706227e-01;1.154762e-01;1.102530e-01;7.377023e-02;8.299478e-02;6.901951e-02;3.692895e-02;5.655392e-02;3.352567e-02;7.511819e-02
5.417762e-02;4.166024e-02;2.222758e-01;1.004842e-01;8.800872e-02;7.414246e-02;8.752119e-02;5.756264e-02;7.723958e-02;9.475257e-02;4.541627e-02;5.675865e-02
5.470522e-02;3.826210e-02;2.109198e-01;1.061079e-01;8.868673e-02;6.494967e-02;1.124864e-01;7.617152e-02;6.257179e-02;1.012229e-01;4.282852e-02;4.108755e-02
1.151022e-01;1.064683e-01;1.151424e-01;5.838399e-02;1.254499e-01;8.044911e-02;7.881344e-02;5.118011e-02;8.425398e-02;4.449069e-02;8.162689e-02;5.863901e-02
9.183334e-02;1.083844e-01;1.141042e-01;7.429802e-02;1.191754e-01;8.125691e-02;1.186927e-01;4.381796e-02;4.194396e-02;7.251975e-02;7.586070e-02;5.811264e-02
7.284860e-02;9.859011e-02;1.538023e-01;9.629791e-02;1.144666e-01;8.731000e-02;1.082201e-01;4.058716e-02;5.370259e-02;7.578334e-02;5.290559e-02;4.548569e-02
7.912764e-02;8.655237e-02;1.732561e-01;1.046340e-01;8.285081e-02;9.193477e-02;8.738206e-02;5.278736e-02;9.731643e-02;7.168869e-02;3.703541e-02;3.543443e-02
7.950204e-02;5.290028e-02;1.665845e-01;8.386740e-02;3.806058e-02;6.695360e-02;9.807951e-02;8.757871e-02;1.448055e-01;6.889029e-02;7.446425e-02;3.831341e-02
1.063254e-01;8.754919e-02;1.779280e-01;5.726323e-02;6.521257e-02;4.956761e-02;1.551332e-01;7.542978e-02;8.006854e-02;3.860350e-02;5.119320e-02;5.572589e-02
9.490009e-02;9.882919e-02;2.409281e-01;6.472559e-02;6.939036e-02;3.662451e-02;1.471661e-01;6.697048e-02;3.938299e-02;3.038960e-02;6.216976e-02;4.852323e-02
7.057109e-02;8.379751e-02;3.196603e-01;1.004692e-01;5.772810e-02;2.715439e-02;1.033211e-01;5.860619e-02;2.416503e-02;3.309919e-02;8.175666e-02;3.967128e-02
5.864238e-02;5.679427e-02;4.127129e-01;1.152314e-01;4.191339e-02;3.164103e-02;6.551608e-02;4.113743e-02;1.152023e-02;5.022898e-02;9.177425e-02;2.288761e-02
4.740519e-02;5.497231e-02;4.835350e-01;7.708476e-02;3.278124e-02;3.559780e-02;5.324097e-02;2.345504e-02;2.956535e-02;5.817327e-02;7.082941e-02;3.335968e-02
4.415742e-02;6.610758e-02;5.056258e-01;4.901696e-02;2.290110e-02;4.663845e-02;4.410189e-02;1.770933e-02;4.667662e-02;4.414145e-02;6.761878e-02;4.530465e-02
3.633707e-02;7.327919e-02;5.661928e-01;4.166617e-02;3.369680e-02;4.918958e-02;2.668053e-02;1.265101e-02;5.396095e-02;1.898443e-02;5.993081e-02;2.743062e-02
3.253235e-02;6.509848e-02;6.160794e-01;4.624971e-02;4.265210e-02;3.680709e-02;1.677851e-02;1.617575e-02;4.859167e-02;7.870404e-03;5.115528e-02;2.000923e-02
5.248496e-02;6.903533e-02;5.799855e-01;4.302466e-02;4.216369e-02;2.851484e-02;2.933279e-02;2.064120e-02;3.983531e-02;2.202924e-02;5.735735e-02;1.559516e-02
5.962039e-02;6.839034e-02;5.026630e-01;4.440273e-02;4.724588e-02;2.806813e-02;4.952357e-02;2.272958e-02;4.630474e-02;3.251267e-02;6.479609e-02;3.374299e-02
1.065084e-01;4.414007e-02;4.271694e-01;6.180261e-02;4.932000e-02;3.809507e-02;6.529583e-02;3.248541e-02;3.916064e-02;4.968583e-02;4.680154e-02;3.953518e-02
1.027803e-01;1.083960e-01;3.369470e-01;5.149093e-02;3.605090e-02;4.483692e-02;6.640166e-02;4.027586e-02;7.235255e-02;4.401488e-02;3.822120e-02;5.823177e-02
8.754776e-02;1.561546e-01;3.111892e-01;5.609223e-02;2.969945e-02;7.107090e-02;1.714214e-02;2.583309e-02;9.593592e-02;4.171316e-02;5.167288e-02;5.594864e-02
7.503366e-02;1.758699e-01;2.471589e-01;7.199223e-02;3.753745e-02;1.170205e-01;4.783042e-02;1.423438e-02;9.222841e-02;2.660096e-02;5.855520e-02;3.593813e-02
6.657846e-02;1.828514e-01;1.612248e-01;1.017363e-01;6.110807e-02;1.889516e-01;7.106256e-02;2.032085e-02;5.177590e-02;2.369497e-02;6.245486e-02;8.240414e-03
6.084828e-02;1.487933e-01;8.724231e-02;1.087631e-01;8.340574e-02;2.323311e-01;5.685498e-02;2.886865e-02;4.809162e-02;2.751113e-02;7.195884e-02;4.533104e-02
5.193930e-02;1.242233e-01;6.948087e-02;7.872940e-02;9.162711e-02;2.553768e-01;2.949510e-02;3.041675e-02;1.127045e-01;1.752519e-02;8.046324e-02;5.801840e-02
5.014826e-02;1.150335e-01;6.836723e-02;4.535374e-02;9.657465e-02;2.653269e-01;2.531602e-02;2.960873e-02;1.448077e-01;1.552252e-02;8.576808e-02;5.817267e-02
5.475040e-02;1.117071e-01;6.271573e-02;3.183752e-02;1.093180e-01;2.611647e-01;3.763040e-02;2.296934e-02;1.487671e-01;1.788277e-02;8.432560e-02;5.693148e-02
5.553135e-02;1.198635e-01;6.908318e-02;1.808155e-02;1.245796e-01;2.530167e-01;2.875197e-02;3.471630e-02;1.497636e-01;1.713610e-02;7.759597e-02;5.188020e-02
6.099559e-02;1.268398e-01;8.836024e-02;1.276877e-02;1.339540e-01;2.421596e-01;3.716780e-02;3.135060e-02;1.314642e-01;2.117100e-02;6.341117e-02;5.035726e-02
7.157130e-02;1.345840e-01;8.326282e-02;3.096987e-02;1.421998e-01;2.442558e-01;3.381678e-02;2.155677e-02;1.085339e-01;1.797289e-02;5.938357e-02;5.189246e-02
8.336693e-02;1.418265e-01;9.241091e-02;3.602227e-02;1.344691e-01;2.248761e-01;3.674397e-02;3.826469e-02;8.585818e-02;2.571496e-02;5.350836e-02;4.693804e-02
1.050158e-01;1.623482e-01;1.075552e-01;3.993953e-02;1.175146e-01;2.109033e-01;3.926512e-02;2.994594e-02;6.880838e-02;3.210606e-02;4.099984e-02;4.559809e-02
1.247809e-01;1.798659e-01;1.177531e-01;4.195023e-02;9.735696e-02;1.799320e-01;3.083571e-02;2.982951e-02;8.294062e-02;2.816968e-02;3.348155e-02;5.310385e-02
1.707157e-01;2.001512e-01;1.279286e-01;4.074396e-02;6.988513e-02;1.464703e-01;2.883490e-02;2.028222e-02;1.053636e-01;2.235897e-02;1.502092e-02;5.224446e-02
2.006748e-01;1.664142e-01;1.511400e-01;3.325853e-02;5.196732e-02;1.007184e-01;6.937866e-02;3.073612e-02;9.367018e-02;2.414247e-02;2.470069e-02;5.319861e-02
2.061329e-01;1.117899e-01;1.582443e-01;2.206727e-02;4.507126e-02;6.564642e-02;1.079986e-01;5.798288e-02;7.820590e-02;3.850853e-02;5.968849e-02;4.866352e-02
1.686499e-01;1.418225e-01;2.366628e-01;2.814397e-02;3.630526e-02;3.070911e-02;6.481207e-02;5.701512e-02;8.405858e-02;6.216396e-02;6.551163e-02;2.414508e-02
1.281557e-01;1.987644e-01;2.583474e-01;4.307609e-02;3.636046e-02;3.553195e-02;4.734918e-02;2.870023e-02;1.147799e-01;5.095297e-02;2.473172e-02;3.325003e-02
9.648129e-02;2.133145e-01;2.682260e-01;6.408396e-02;3.419132e-02;5.038619e-02;4.559453e-02;2.471967e-02;1.086568e-01;5.343150e-02;1.624886e-02;2.466535e-02
5.131194e-02;2.050253e-01;2.988641e-01;9.758075e-02;2.087387e-02;5.930215e-02;3.933052e-02;2.233033e-02;8.206164e-02;7.208186e-02;2.131626e-02;2.992132e-02
5.268260e-02;1.689258e-01;2.925730e-01;9.881933e-02;1.962129e-02;6.042023e-02;3.905065e-02;2.975947e-02;7.647392e-02;8.463250e-02;2.534929e-02;5.169195e-02
5.738954e-02;1.002877e-01;3.308153e-01;7.224379e-02;3.238727e-02;5.433392e-02;9.054732e-02;2.089228e-02;6.114000e-02;8.170205e-02;3.911450e-02;5.914631e-02
5.375771e-02;5.145537e-02;4.336207e-01;6.519268e-02;3.403571e-02;4.366501e-02;1.027332e-01;9.974740e-03;3.665581e-02;8.761794e-02;3.619029e-02;4.510086e-02
3.457458e-02;8.971240e-02;4.711858e-01;4.409898e-02;2.946908e-02;4.726138e-02;9.698661e-02;8.414226e-03;2.246744e-02;8.015594e-02;2.940884e-02;4.626470e-02
2.900086e-02;1.024557e-01;4.503005e-01;2.308030e-02;2.546912e-02;5.465583e-02;8.905248e-02;1.612932e-02;4.315095e-02;7.681505e-02;3.045909e-02;5.943082e-02
4.412122e-02;1.383006e-01;4.128926e-01;2.418268e-02;2.060889e-02;6.333230e-02;6.197693e-02;1.014219e-02;7.263994e-02;7.609557e-02;1.742801e-02;5.827906e-02
4.591509e-02;1.741130e-01;3.579980e-01;2.196293e-02;2.774419e-02;7.001905e-02;4.686996e-02;2.018112e-02;8.370830e-02;6.652185e-02;1.459262e-02;7.037378e-02
4.727178e-02;1.815333e-01;2.979389e-01;2.493720e-02;4.365733e-02;7.562830e-02;5.671448e-02;2.553877e-02;8.054456e-02;6.925689e-02;1.476633e-02;8.221214e-02
3.489002e-02;1.638990e-01;2.561427e-01;5.026678e-02;7.046694e-02;6.504188e-02;5.673698e-02;2.800579e-02;7.548635e-02;8.809166e-02;3.318257e-02;7.778928e-02
5.294606e-02;1.222957e-01;3.038401e-01;3.934005e-02;6.813738e-02;4.955386e-02;7.679779e-02;2.812212e-02;7.178438e-02;9.838538e-02;3.840798e-02;5.038927e-02
6.446212e-02;1.065185e-01;3.304625e-01;3.173339e-02;5.862073e-02;5.362174e-02;8.722503e-02;2.401602e-02;7.463976e-02;1.030801e-01;3.866124e-02;2.695891e-02
2.703797e-02;8.610182e-02;3.068789e-01;3.967715e-02;5.107820e-02;6.917369e-02;1.353798e-01;5.420086e-02;9.113330e-02;8.667815e-02;2.878366e-02;2.387652e-02
8.295589e-02;8.208852e-02;2.384355e-01;3.931369e-02;3.839025e-02;5.777352e-02;1.953394e-01;6.102739e-02;9.477565e-02;6.301315e-02;2.672682e-02;2.016022e-02
1.134664e-01;9.549525e-02;1.649748e-01;3.845453e-02;3.339184e-02;5.154943e-02;2.565722e-01;4.902447e-02;6.401886e-02;7.027237e-02;3.524901e-02;2.753093e-02
8.730487e-02;1.020467e-01;1.043593e-01;4.829548e-02;5.267644e-02;5.124081e-02;2.554730e-01;5.711839e-02;4.499862e-02;9.055744e-02;6.214911e-02;4.377994e-02
7.045414e-02;7.469491e-02;1.180755e-01;4.873447e-02;6.542511e-02;5.912063e-02;1.786281e-01;8.828872e-02;6.442951e-02;1.189477e-01;7.346091e-02;3.974033e-02
7.690180e-02;3.964383e-02;1.437632e-01;5.035800e-02;5.849604e-02;7.067905e-02;1.458394e-01;9.491939e-02;9.332418e-02;1.531461e-01;4.984036e-02;2.308862e-02
4.328401e-02;4.945510e-02;1.120716e-01;5.902896e-02;6.120418e-02;8.192289e-02;1.177049e-01;6.773990e-02;1.084441e-01;1.802780e-01;7.664291e-02;4.222352e-02
2.483473e-02;4.913685e-02;9.410503e-02;6.522001e-02;5.969461e-02;8.293451e-02;1.079399e-01;4.711178e-02;1.284806e-01;1.931570e-01;8.636331e-02;6.102174e-02
2.164865e-02;4.285898e-02;1.434523e-01;7.373305e-02;6.309833e-02;4.664711e-02;8.577033e-02;7.593291e-02;1.096953e-01;2.017180e-01;7.696528e-02;5.847977e-02
6.212446e-02;5.504220e-02;1.621376e-01;6.742555e-02;5.049567e-02;2.832737e-02;8.394889e-02;5.361824e-02;1.395753e-01;1.553234e-01;9.605411e-02;4.592722e-02
6.890721e-02;5.826569e-02;1.738406e-01;7.401890e-02;5.107770e-02;2.250271e-02;7.260893e-02;5.061556e-02;1.662664e-01;1.214252e-01;8.758844e-02;5.288262e-02
5.515757e-02;5.756786e-02;1.889491e-01;6.816347e-02;6.543640e-02;5.703672e-02;1.178764e-01;8.757669e-02;9.553921e-02;1.032365e-01;4.894948e-02;5.451063e-02
5.938689e-02;4.220627e-02;1.662237e-01;5.588970e-02;7.634650e-02;8.011937e-02;1.279613e-01;6.062079e-02;9.165429e-02;1.361548e-01;6.682459e-02;3.661183e-02
4.988148e-02;5.321398e-02;2.007781e-01;4.174364e-02;5.788073e-02;6.858481e-02;8.764263e-02;1.017869e-01;1.130618e-01;1.211452e-01;7.634018e-02;2.794039e-02
5.447034e-02;8.507975e-02;2.304129e-01;4.293348e-02;7.242175e-02;6.092897e-02;6.369527e-02;1.109274e-01;6.334910e-02;9.006770e-02;6.710799e-02;5.860538e-02
8.220204e-02;9.964538e-02;1.727667e-01;8.056418e-02;8.477511e-02;5.860999e-02;8.692062e-02;7.930995e-02;5.546447e-02;6.582498e-02;6.034924e-02;7.356741e-02
8.762258e-02;8.473490e-02;1.445273e-01;7.829748e-02;9.423522e-02;5.693801e-02;1.180805e-01;6.376825e-02;5.704463e-02;7.435083e-02;8.494550e-02;5.545469e-02
6.739911e-02;8.443236e-02;8.968748e-02;9.175970e-02;1.348652e-01;5.032323e-02;1.354845e-01;5.921539e-02;8.070095e-02;7.054394e-02;1.172335e-01;1.835467e-02
5.743666e-02;9.825149e-02;1.023729e-01;8.444770e-02;1.444035e-01;5.503930e-02;1.261859e-01;5.750636e-02;1.101177e-01;4.812048e-02;8.620729e-02;2.991077e-02
