2.275104e-01;6.778521e-02;1.692919e-02;1.089959e-02;6.728648e-03;3.208226e-02;3.149403e-02;2.287021e-02;8.980932e-03;4.503416e-02;5.242523e-01;5.433068e-03
2.309190e-01;4.382969e-02;9.380295e-03;8.368978e-03;5.143759e-03;4.251535e-02;6.921647e-02;4.660413e-02;1.226390e-02;7.056265e-02;4.548693e-01;6.326501e-03
1.995961e-01;3.448170e-02;4.636792e-03;1.297445e-02;1.257591e-02;2.589851e-02;1.068503e-01;7.757933e-02;1.939014e-02;9.532403e-02;4.008128e-01;9.879937e-03
1.560461e-01;5.517578e-02;9.055220e-03;1.122374e-02;2.125500e-02;1.417805e-02;1.630949e-01;8.580610e-02;3.445360e-02;1.072173e-01;3.332569e-01;9.237329e-03
1.200723e-01;6.767634e-02;7.503486e-03;1.598352e-02;2.927611e-02;2.020683e-02;3.088548e-01;1.581500e-01;5.108716e-02;1.150507e-01;8.812169e-02;1.801697e-02
1.226541e-01;6.135941e-02;7.483823e-03;1.488031e-02;1.782585e-02;2.239255e-02;2.774693e-01;9.720342e-02;4.536926e-02;9.314610e-02;2.278112e-01;1.240469e-02
9.958851e-02;4.520847e-02;1.748960e-02;1.806655e-02;4.029407e-02;3.087752e-02;3.065619e-01;1.092079e-01;5.634646e-02;1.208549e-01;1.453209e-01;1.018318e-02
1.518449e-01;5.880022e-02;1.266316e-02;9.599042e-03;2.309978e-02;2.852749e-02;1.275036e-01;8.086129e-02;3.185865e-02;7.043434e-02;3.999771e-01;4.830372e-03
3.087367e-01;7.990577e-02;1.158091e-02;8.583982e-03;1.001189e-02;2.074000e-02;6.596163e-02;4.557348e-02;2.562989e-02;4.240782e-02;3.674349e-01;1.343301e-02
5.016728e-01;1.570139e-01;1.225390e-02;9.795303e-03;1.222693e-02;1.081840e-02;4.038656e-02;3.477446e-02;1.829600e-02;1.637198e-02;1.706470e-01;1.574281e-02
5.526000e-01;2.549835e-01;7.925666e-03;7.712409e-03;2.906241e-02;3.120600e-03;2.038569e-02;5.755996e-02;9.766528e-03;6.645602e-03;4.270399e-02;7.533683e-03
4.913347e-01;3.316581e-01;8.177258e-03;3.433383e-03;4.328993e-02;5.902519e-03;1.462943e-02;6.464522e-02;6.250517e-03;3.652551e-03;2.396748e-02;3.058875e-03
4.741408e-01;3.588424e-01;7.827991e-03;1.519068e-03;4.241531e-02;7.086380e-03;1.094492e-02;6.029770e-02;1.055466e-02;2.812672e-03;2.040954e-02;3.148550e-03
4.925550e-01;3.478546e-01;6.111974e-03;9.784594e-04;4.081074e-02;4.470303e-03;9.622303e-03;6.251165e-02;1.656055e-02;3.401498e-03;1.188298e-02;3.240032e-03
5.266591e-01;2.988481e-01;4.878938e-03;1.854445e-03;4.226745e-02;4.188877e-03;1.208107e-02;6.502581e-02;1.952161e-02;3.356327e-03;1.825259e-02;3.065655e-03
5.471425e-01;2.522334e-01;4.722412e-03;1.647195e-03;4.640019e-02;9.643758e-03;1.693218e-02;6.408174e-02;2.331397e-02;4.153680e-03;2.427353e-02;5.455511e-03
5.017199e-01;2.394528e-01;8.015495e-03;3.884714e-03;4.995989e-02;1.780252e-02;1.772515e-02;5.617773e-02;2.026716e-02;9.145571e-03;6.941384e-02;6.435236e-03
4.837651e-01;2.206508e-01;1.383415e-02;6.455504e-03;4.642463e-02;2.874545e-02;2.471994e-02;4.260708e-02;1.078380e-02;1.577412e-02;9.954347e-02;6.696023e-03
5.521902e-01;1.375957e-01;1.655660e-02;7.413668e-03;2.184475e-02;1.877080e-02;4.226319e-02;4.118871e-02;1.345259e-02;1.858915e-02;1.227264e-01;7.408305e-03
5.172693e-01;1.834376e-01;1.460767e-02;6.824046e-03;5.546590e-02;2.176755e-02;4.830141e-02;2.322956e-02;1.502460e-02;1.792063e-02;8.745369e-02;8.697979e-03
5.075852e-01;1.590962e-01;1.408025e-02;1.145895e-02;9.579688e-02;2.410837e-02;3.888294e-02;5.266187e-02;8.491811e-03;1.942195e-02;5.968268e-02;8.732938e-03
4.488052e-01;1.889499e-01;1.607633e-02;1.075978e-02;8.750614e-02;8.397633e-03;3.069428e-02;5.230935e-02;1.006357e-02;1.664762e-02;1.267660e-01;3.024255e-03
4.412568e-01;2.506838e-01;1.629479e-02;6.371605e-03;5.470191e-02;2.074131e-02;3.106958e-02;4.149440e-02;1.396414e-02;1.817786e-02;9.396558e-02;1.127827e-02
3.222034e-01;2.308813e-01;2.726033e-02;2.689663e-02;2.661010e-02;3.399421e-02;8.499913e-02;8.183315e-02;2.721823e-02;4.768330e-02;5.533645e-02;3.508377e-02
2.008033e-01;2.464381e-01;3.120163e-02;2.964868e-02;1.480375e-02;4.993352e-02;1.315744e-01;1.056602e-01;3.518465e-02;5.009289e-02;6.739198e-02;3.726694e-02
2.691534e-01;3.587070e-01;3.393457e-02;1.557054e-02;8.077168e-03;4.653469e-02;1.015471e-01;5.632924e-02;2.844906e-02;2.767413e-02;2.799481e-02;2.602832e-02
3.165154e-01;4.431631e-01;3.161411e-02;1.049093e-02;4.215360e-03;3.414936e-02;5.215720e-02;2.758279e-02;2.977108e-02;1.321037e-02;1.390863e-02;2.322157e-02
3.338831e-01;4.789906e-01;2.182592e-02;7.790086e-03;4.139833e-03;1.907226e-02;4.183899e-02;2.302002e-02;2.191032e-02;1.072558e-02;2.271143e-02;1.409186e-02
3.827460e-01;4.515711e-01;1.361806e-02;4.108657e-03;9.352529e-03;8.343489e-03;4.060062e-02;5.204185e-02;1.135185e-02;9.296497e-03;1.032122e-02;6.648058e-03
4.738810e-01;3.191291e-01;2.177254e-02;2.576648e-03;1.228574e-02;5.659102e-03;2.939020e-02;1.009236e-01;8.329499e-03;5.359103e-03;1.382623e-02;6.867227e-03
5.317351e-01;1.969013e-01;3.490306e-02;2.378828e-03;9.130224e-03;1.104775e-02;3.301143e-02;1.306147e-01;1.263282e-02;5.213489e-03;2.313310e-02;9.298124e-03
5.381309e-01;1.118631e-01;3.682869e-02;8.588221e-03;4.610854e-03;2.185079e-02;6.251561e-02;1.326275e-01;1.914738e-02;8.233378e-03;3.742741e-02;1.817616e-02
4.556318e-01;6.904629e-02;2.865301e-02;2.485624e-02;3.212019e-03;2.867760e-02;1.246872e-01;1.280780e-01;1.910991e-02;1.252451e-02;7.366923e-02;3.185426e-02
2.937665e-01;8.270469e-02;2.101965e-02;4.462034e-02;5.220081e-03;2.220408e-02;2.123434e-01;1.138298e-01;1.975883e-02;1.431453e-02;1.195767e-01;5.064135e-02
2.366715e-01;8.277435e-02;1.472269e-02;4.377573e-02;5.710938e-03;1.709150e-02;2.532213e-01;8.200088e-02;1.442473e-02;1.203965e-02;1.755233e-01;6.204354e-02
2.601265e-01;6.255628e-02;1.424657e-02;2.705419e-02;5.246118e-03;2.225344e-02;2.186200e-01;6.140033e-02;8.852336e-03;1.035258e-02;2.530774e-01;5.621425e-02
2.095149e-01;3.459495e-02;9.131093e-03;1.260045e-02;1.069700e-02;3.598087e-02;1.773614e-01;7.006344e-02;9.667093e-03;1.459722e-02;3.692341e-01;4.655755e-02
1.697202e-01;4.170635e-02;1.870577e-02;7.354950e-03;1.145641e-02;5.527765e-02;1.278882e-01;7.819816e-02;1.501568e-02;1.704145e-02;4.301290e-01;2.750616e-02
1.647364e-01;3.870697e-02;3.176799e-02;5.938283e-03;9.531152e-03;7.537079e-02;9.618244e-02;4.086178e-02;1.443852e-02;2.462948e-02;4.789365e-01;1.889966e-02
1.445464e-01;3.862800e-02;3.123602e-02;4.798345e-03;1.451387e-02;9.125379e-02;9.630796e-02;2.874142e-02;1.133349e-02;3.639799e-02;4.877248e-01;1.451793e-02
1.362890e-01;4.975560e-02;2.479852e-02;1.437927e-02;2.295964e-02;8.066518e-02;1.541365e-01;6.806706e-02;1.875918e-02;4.286759e-02;3.712490e-01;1.607348e-02
1.967725e-01;6.425105e-02;2.651438e-02;1.801939e-02;2.779397e-02;4.801969e-02;1.882328e-01;8.750375e-02;3.286127e-02;3.626288e-02;2.479357e-01;2.583272e-02
1.666316e-01;6.252918e-02;2.692505e-02;1.310112e-02;3.073998e-02;4.200564e-02;1.392349e-01;7.381120e-02;4.427429e-02;5.773449e-02;3.252311e-01;1.778143e-02
8.472640e-02;6.706694e-02;1.778188e-02;1.537531e-02;3.012349e-02;6.435082e-02;9.227712e-02;9.103145e-02;3.353165e-02;7.099742e-02;4.174610e-01;1.527649e-02
6.643145e-02;3.807913e-02;1.084361e-02;1.817937e-02;2.598386e-02;1.033421e-01;1.224418e-01;7.255123e-02;1.504414e-02;6.785101e-02;4.475954e-01;1.165696e-02
4.214437e-02;3.416681e-02;1.100349e-02;1.768328e-02;3.919009e-02;1.135811e-01;1.629414e-01;8.555226e-02;1.055390e-02;8.822131e-02;3.712597e-01;2.370220e-02
2.807088e-02;3.176763e-02;1.009609e-02;1.423455e-02;6.264971e-02;8.567055e-02;1.216366e-01;1.182840e-01;1.631603e-02;1.574486e-01;3.184927e-01;3.533268e-02
1.375563e-02;3.677512e-02;5.352972e-03;1.083383e-02;8.475598e-02;3.682759e-02;4.921464e-02;1.560532e-01;1.736181e-02;2.640754e-01;2.936867e-01;3.130721e-02
1.818545e-02;4.577602e-02;3.074497e-03;8.982591e-03;8.830909e-02;1.891140e-02;2.975247e-02;1.749867e-01;1.899482e-02;2.952560e-01;2.808096e-01;1.696146e-02
2.104059e-02;5.774657e-02;4.333163e-03;9.299269e-03;7.854968e-02;1.830797e-02;2.479407e-02;1.753054e-01;1.278236e-02;2.935252e-01;2.908953e-01;1.342037e-02
2.095505e-02;6.446306e-02;1.603867e-02;1.302333e-02;6.133700e-02;3.141665e-02;2.455148e-02;1.639396e-01;2.367122e-02;2.394373e-01;3.219009e-01;1.926568e-02
2.524150e-02;4.571179e-02;3.750232e-02;1.337443e-02;3.581350e-02;7.735009e-02;2.452351e-02;1.249556e-01;1.761103e-02;1.446512e-01;4.303751e-01;2.288993e-02
2.853500e-02;2.141727e-02;6.641227e-02;1.147779e-02;2.119449e-02;1.398014e-01;2.664292e-02;6.324241e-02;3.575109e-02;5.686696e-02;5.112307e-01;1.742778e-02
3.409578e-02;8.758886e-03;8.127842e-02;1.424016e-02;1.784477e-02;1.482580e-01;4.009358e-02;2.656352e-02;7.715389e-02;2.185523e-02;4.684827e-01;6.137509e-02
4.471863e-02;1.565600e-02;5.582299e-02;3.189825e-02;1.631910e-02;8.656291e-02;1.039085e-01;2.351822e-02;8.580250e-02;1.524641e-02;3.173161e-01;2.032304e-01
8.254828e-02;2.148894e-02;1.928493e-02;6.352954e-02;1.665852e-02;2.779316e-02;1.779992e-01;5.015460e-02;4.015891e-02;4.584766e-02;1.338976e-01;3.206387e-01
1.516958e-01;3.101322e-02;8.900912e-03;5.074352e-02;2.605525e-02;1.680314e-02;1.677788e-01;1.246776e-01;1.426603e-02;7.311423e-02;6.225915e-02;2.726924e-01
2.322758e-01;6.137479e-02;5.989309e-03;1.093187e-02;4.712940e-02;2.023113e-02;1.172448e-01;2.328415e-01;2.975257e-02;5.831227e-02;4.047979e-02;1.434368e-01
2.311671e-01;1.442318e-01;1.468460e-02;1.101172e-02;5.125352e-02;1.703610e-02;7.826856e-02;2.102670e-01;1.011383e-01;4.150903e-02;5.050716e-02;4.892511e-02
1.586634e-01;2.482001e-01;4.670523e-02;4.269782e-03;1.597040e-02;4.467726e-02;5.921588e-02;5.995559e-02;1.927004e-01;7.681262e-02;4.164045e-02;5.118889e-02
8.054375e-02;2.427359e-01;9.487547e-02;1.673856e-02;1.724509e-02;4.444889e-02;4.743897e-02;5.996817e-02;1.720042e-01;1.300627e-01;4.448936e-02;4.944896e-02
4.941593e-02;1.992203e-01;1.369470e-01;2.416371e-02;2.845013e-02;3.138040e-02;7.752846e-02;3.905571e-02;1.024950e-01;1.712390e-01;8.560878e-02;5.449543e-02
4.621740e-02;1.570842e-01;1.204486e-01;6.457035e-02;3.877828e-02;3.889233e-02;8.614663e-02;9.825663e-02;4.900172e-02;1.315437e-01;1.296586e-01;3.940165e-02
7.509392e-02;1.336214e-01;5.541335e-02;8.521442e-02;5.064353e-02;4.813125e-02;6.192391e-02;1.714148e-01;4.302163e-02;7.750937e-02;1.662708e-01;3.174154e-02
4.411272e-02;9.298622e-02;4.679867e-02;6.450455e-02;6.264407e-02;6.542499e-02;9.728286e-02;1.181928e-01;7.752487e-02;4.768511e-02;1.818302e-01;1.010129e-01
4.836883e-02;7.862892e-02;3.551976e-02;3.086251e-02;9.146322e-02;9.854698e-02;1.688683e-01;5.325148e-02;1.180713e-01;5.008492e-02;9.857372e-02;1.277601e-01
5.881619e-02;6.808609e-02;4.650552e-02;2.034714e-02;9.087967e-02;1.521257e-01;2.013749e-01;7.865995e-02;8.916234e-02;4.403892e-02;5.227389e-02;9.772964e-02
6.530348e-02;4.935208e-02;5.207046e-02;3.844491e-02;9.515653e-02;1.878144e-01;2.530385e-01;8.560079e-02;5.821605e-02;2.987116e-02;2.955367e-02;5.557797e-02
5.419528e-02;5.459621e-02;6.424122e-02;5.924307e-02;1.487989e-01;1.744307e-01;2.512068e-01;4.159763e-02;6.321527e-02;2.989516e-02;2.716993e-02;3.140993e-02
9.060428e-02;1.474403e-01;6.070317e-02;5.343154e-02;1.088456e-01;9.680182e-02;2.408092e-01;6.808285e-02;4.561247e-02;2.432101e-02;5.327537e-02;1.007228e-02
1.224334e-01;2.156469e-01;4.885742e-02;3.554848e-02;5.759693e-02;6.842849e-02;2.235256e-01;9.507924e-02;3.018604e-02;2.643014e-02;5.447866e-02;2.178868e-02
1.474389e-01;2.962091e-01;4.713504e-02;2.263162e-02;2.548197e-02;6.809293e-02;1.619512e-01;9.234937e-02;4.589151e-02;4.101830e-02;2.976821e-02;2.203176e-02
1.569906e-01;3.366806e-01;4.091374e-02;1.687784e-02;1.661933e-02;5.205377e-02;8.863676e-02;7.932748e-02;7.032282e-02;6.027729e-02;5.789275e-02;2.340695e-02
1.521372e-01;4.429031e-01;3.857823e-02;1.720828e-02;1.483995e-02;3.839486e-02;6.188054e-02;4.656625e-02;4.811624e-02;5.734501e-02;5.793310e-02;2.409721e-02
2.918443e-01;4.162823e-01;2.869879e-02;1.461999e-02;1.281108e-02;2.161198e-02;2.851416e-02;5.059122e-02;2.317542e-02;4.098221e-02;5.521841e-02;1.565021e-02
4.670620e-01;3.208669e-01;2.053962e-02;7.773032e-03;1.190953e-02;1.328654e-02;2.384659e-02;5.924469e-02;1.173061e-02;1.940944e-02;3.369611e-02;1.063490e-02
5.301206e-01;1.886161e-01;9.978915e-03;1.012701e-02;8.988106e-03;1.715536e-02;5.017798e-02;5.423344e-02;5.506453e-03;1.290724e-02;9.053724e-02;2.165153e-02
4.037019e-01;1.096572e-01;5.866910e-03;1.514195e-02;5.719073e-03;1.562273e-02;8.389126e-02;5.180909e-02;5.176063e-03;1.789761e-02;2.458372e-01;3.967902e-02
2.064376e-01;8.110098e-02;5.498427e-03;1.201574e-02;7.436370e-03;1.396432e-02;8.640812e-02;5.394281e-02;8.208315e-03;2.045005e-02;4.635484e-01;4.098890e-02
2.149350e-01;4.699267e-02;8.686631e-03;7.230476e-03;7.519285e-03;1.577233e-02;4.199988e-02;5.502231e-02;1.170933e-02;2.491684e-02;5.423998e-01;2.281547e-02
2.413674e-01;3.795079e-02;9.809743e-03;5.993473e-03;7.241802e-03;2.380517e-02;2.927526e-02;5.038876e-02;1.369096e-02;3.631361e-02;5.276883e-01;1.647467e-02
2.414858e-01;5.284997e-02;7.262179e-03;9.624206e-03;1.742905e-02;3.251912e-02;6.246860e-02;6.745350e-02;1.399119e-02;6.389483e-02;4.070044e-01;2.401719e-02
2.145899e-01;5.706763e-02;1.290630e-02;1.890915e-02;2.139999e-02;3.142204e-02;1.145815e-01;1.374483e-01;2.464289e-02;6.727340e-02;2.763696e-01;2.338931e-02
1.634540e-01;4.755231e-02;1.690196e-02;1.716710e-02;1.426738e-02;2.517846e-02;1.785411e-01;2.001396e-01;2.235864e-02;4.250744e-02;2.471574e-01;2.477448e-02
1.000714e-01;4.496014e-02;2.356657e-02;1.036790e-02;1.309958e-02;2.574494e-02;2.844368e-01;2.549917e-01;2.176303e-02;3.416269e-02;1.625647e-01;2.427063e-02
1.088849e-01;6.322629e-02;1.917830e-02;6.809243e-03;1.149035e-02;2.585369e-02;3.522189e-01;2.143607e-01;1.779318e-02;3.029484e-02;1.413761e-01;8.513587e-03
9.369110e-02;8.068544e-02;1.187327e-02;6.290020e-03;1.901858e-02;3.654768e-02;3.874695e-01;1.984189e-01;1.941208e-02;2.973812e-02;1.046779e-01;1.217757e-02
8.674778e-02;9.290933e-02;1.149629e-02;1.247225e-02;2.345944e-02;5.174253e-02;3.441356e-01;1.961599e-01;2.293943e-02;4.332132e-02;1.018655e-01;1.275065e-02
8.311129e-02;8.985244e-02;1.422992e-02;1.778844e-02;2.206283e-02;3.439550e-02;3.087144e-01;2.497123e-01;2.482775e-02;4.061118e-02;9.148613e-02;2.320794e-02
5.699881e-02;5.249342e-02;2.456856e-02;1.553590e-02;1.695110e-02;3.140132e-02;3.139046e-01;3.443757e-01;2.549930e-02;3.708369e-02;4.497164e-02;3.621603e-02
3.554324e-02;1.971400e-02;2.867362e-02;1.398430e-02;8.901296e-03;5.956643e-02;2.790041e-01;3.979369e-01;2.189020e-02;4.219704e-02;4.005798e-02;5.253084e-02
3.745342e-02;3.330643e-02;3.619694e-02;1.529985e-02;1.213962e-02;6.953409e-02;2.345118e-01;4.049793e-01;2.681238e-02;3.836145e-02;4.949975e-02;4.190494e-02
1.972771e-02;5.511793e-02;4.312738e-02;2.616186e-02;1.279802e-02;5.835801e-02;2.381607e-01;4.385803e-01;3.289489e-02;2.533045e-02;2.501448e-02;2.472827e-02
2.507888e-02;5.548457e-02;5.639466e-02;3.519747e-02;1.674131e-02;4.124435e-02;2.057500e-01;4.492697e-01;3.661996e-02;1.737836e-02;2.611684e-02;3.472386e-02
2.888755e-02;7.468452e-02;6.868853e-02;3.942817e-02;1.733182e-02;3.307408e-02;1.908714e-01;4.324623e-01;3.509286e-02;1.657737e-02;2.320774e-02;3.969366e-02
2.798608e-02;7.272981e-02;6.374169e-02;3.433691e-02;1.531290e-02;3.410682e-02;2.301712e-01;3.883128e-01;3.235648e-02;2.413492e-02;3.628672e-02;4.052367e-02
3.971151e-02;1.173435e-01;4.720335e-02;2.588148e-02;2.038244e-02;3.478960e-02;3.009727e-01;2.868904e-01;2.858128e-02;2.972843e-02;3.825961e-02;3.025566e-02
5.172877e-02;1.594903e-01;2.529811e-02;2.278899e-02;2.987906e-02;3.977451e-02;3.753824e-01;2.077010e-01;2.424602e-02;2.165058e-02;2.648405e-02;1.557619e-02
5.733269e-02;1.519425e-01;1.506405e-02;4.895115e-02;2.118982e-02;7.014077e-02;3.836178e-01;1.466706e-01;1.648213e-02;2.311413e-02;5.546805e-02;1.002631e-02
8.569934e-02;1.268510e-01;2.066501e-02;9.637304e-02;2.668993e-02;1.068906e-01;3.327617e-01;8.846059e-02;1.461692e-02;2.720725e-02;5.935604e-02;1.442849e-02
9.587351e-02;1.281686e-01;2.868698e-02;9.768143e-02;3.642184e-02;8.856703e-02;3.262849e-01;9.754592e-02;1.540926e-02;1.911863e-02;5.402030e-02;1.222157e-02
6.009625e-02;9.096897e-02;4.679570e-02;4.209194e-02;4.066870e-02;7.474560e-02;2.906408e-01;2.229917e-01;2.262902e-02;2.205621e-02;5.553168e-02;3.078334e-02
4.335899e-02;6.091644e-02;6.648229e-02;6.776927e-02;4.429350e-02;9.543525e-02;2.038907e-01;2.914041e-01;3.205360e-02;2.593794e-02;3.192469e-02;3.653328e-02
4.171230e-02;4.331043e-02;5.388453e-02;1.098041e-01;3.627564e-02;8.588873e-02;1.856569e-01;2.749889e-01;6.106390e-02;2.644571e-02;6.113146e-02;1.983743e-02
5.201409e-02;2.139789e-02;3.933708e-02;1.211536e-01;3.387148e-02;4.395163e-02;2.141945e-01;2.795382e-01;9.060322e-02;2.888138e-02;6.738186e-02;7.674976e-03
6.599692e-02;2.430106e-02;4.815035e-02;1.009105e-01;2.974166e-02;3.659113e-02;1.985836e-01;2.951503e-01;1.146041e-01;2.644558e-02;4.501070e-02;1.451407e-02
6.875326e-02;2.564753e-02;5.245960e-02;8.246799e-02;3.069066e-02;4.735225e-02;1.868865e-01;3.149148e-01;1.271983e-01;1.952049e-02;2.298116e-02;2.112744e-02
8.757285e-02;2.487554e-02;5.351133e-02;9.999833e-02;2.579056e-02;2.525838e-02;1.614071e-01;2.883700e-01;1.519412e-01;2.419480e-02;3.778199e-02;1.929788e-02
1.134270e-01;1.868515e-02;4.473471e-02;1.208914e-01;2.730509e-02;1.425672e-02;1.579343e-01;2.229661e-01;1.755771e-01;4.551248e-02;4.574839e-02;1.296155e-02
1.144766e-01;1.542123e-02;3.693901e-02;1.124618e-01;4.607857e-02;1.660631e-02;1.681752e-01;1.830929e-01;1.564753e-01;6.902064e-02;7.506838e-02;6.184111e-03
9.400192e-02;1.604047e-02;3.185566e-02;7.568604e-02;6.176893e-02;2.353817e-02;1.813658e-01;1.685827e-01;1.011190e-01;9.306733e-02;1.478409e-01;5.133085e-03
8.546713e-02;3.458408e-02;2.949473e-02;4.481576e-02;4.326983e-02;3.573159e-02;2.211754e-01;1.974795e-01;3.947772e-02;7.286127e-02;1.861717e-01;9.471367e-03
7.508361e-02;4.816245e-02;2.964561e-02;4.554823e-02;2.461057e-02;4.066466e-02;2.714021e-01;2.259714e-01;2.948487e-02;4.321771e-02;1.557891e-01;1.041967e-02
8.485438e-02;5.351636e-02;2.995872e-02;4.750391e-02;2.555435e-02;6.561124e-02;3.021983e-01;2.213348e-01;3.186698e-02;3.855485e-02;9.173834e-02;7.307769e-03
5.595369e-02;4.403643e-02;2.746288e-02;2.847960e-02;2.459710e-02;9.193873e-02;3.412628e-01;2.053458e-01;3.051597e-02;5.151989e-02;6.902710e-02;2.986002e-02
4.708306e-02;2.456472e-02;1.649244e-02;4.157231e-02;4.446877e-02;8.363938e-02;3.326511e-01;2.455825e-01;3.758037e-02;4.762075e-02;5.628374e-02;2.246088e-02
7.078397e-02;6.228025e-02;1.724876e-02;3.035713e-02;6.902937e-02;7.768042e-02;2.947059e-01;2.123999e-01;4.470216e-02;4.289510e-02;6.113461e-02;1.678249e-02
7.365217e-02;1.784382e-01;1.681400e-02;1.613518e-02;7.935889e-02;6.972878e-02;1.749276e-01;1.582011e-01;6.118683e-02;5.690946e-02;6.926272e-02;4.538513e-02
2.311967e-01;1.798778e-01;2.054656e-02;2.756797e-02;3.931574e-02;3.598944e-02;9.989578e-02;1.441193e-01;3.923930e-02;5.132535e-02;7.692055e-02;5.400551e-02
3.009986e-01;1.123944e-01;1.254250e-02;5.170383e-02;1.460647e-02;1.816873e-02;1.550593e-01;1.259480e-01;1.754535e-02;3.935239e-02;1.059804e-01;4.570002e-02
3.602451e-01;6.805458e-02;5.015892e-03;6.004316e-02;6.153840e-03;9.089082e-03;2.017952e-01;1.181412e-01;1.185060e-02;3.275866e-02;9.654446e-02;3.030829e-02
4.161815e-01;8.381237e-02;5.586503e-03;3.250353e-02;1.577612e-02;8.094724e-03;1.878620e-01;1.459957e-01;1.180875e-02;2.112743e-02;5.426617e-02;1.698517e-02
4.396438e-01;1.031103e-01;9.966533e-03;2.735053e-02;4.829489e-02;8.283298e-03;1.161008e-01;1.731983e-01;1.048695e-02;1.263740e-02;3.964654e-02;1.128064e-02
4.319513e-01;1.452340e-01;1.231317e-02;5.198587e-02;8.534225e-02;7.661693e-03;5.819318e-02;1.497529e-01;9.156240e-03;8.010452e-03;3.184935e-02;8.549569e-03
4.205169e-01;2.588863e-01;1.451076e-02;4.112604e-02;7.986068e-02;1.201888e-02;3.111727e-02;7.685352e-02;2.640982e-02;4.979767e-03;2.915766e-02;4.562364e-03
3.644225e-01;3.994361e-01;2.342464e-02;1.294208e-02;3.341741e-02;3.350011e-02;1.866511e-02;3.066296e-02;4.861805e-02;5.876214e-03;1.889125e-02;1.014362e-02
2.622582e-01;4.817961e-01;4.526470e-02;1.296082e-02;1.669966e-02;4.407586e-02;1.138574e-02;3.001984e-02;5.931010e-02;1.614697e-02;6.969026e-03;1.311298e-02
1.587665e-01;5.394790e-01;8.365454e-02;1.552464e-02;2.056525e-02;3.418728e-02;1.099986e-02;1.853781e-02;6.069706e-02;3.499763e-02;1.207017e-02;1.052030e-02
8.925167e-02;5.716466e-01;1.165075e-01;1.164099e-02;1.711418e-02;2.701825e-02;2.524893e-02;2.205359e-02;4.973879e-02;4.816521e-02;1.352106e-02;8.093216e-03
1.814367e-01;5.119351e-01;8.987365e-02;1.898647e-02;1.097298e-02;3.832945e-02;2.910881e-02;2.441887e-02;3.986371e-02;3.455802e-02;1.307746e-02;7.438920e-03
2.230833e-01;4.738638e-01;7.237308e-02;1.762519e-02;1.146016e-02;2.793385e-02;3.938956e-02;4.452357e-02;4.769440e-02;2.386975e-02;1.046581e-02;7.717569e-03
2.058240e-01;3.675627e-01;5.926231e-02;2.611586e-02;1.858197e-02;2.996660e-02;7.977991e-02;5.144911e-02;6.944664e-02;4.218070e-02;2.973359e-02;2.009659e-02
1.417453e-01;2.045065e-01;6.988843e-02;4.790662e-02;2.808547e-02;8.446152e-02;1.025821e-01;7.587396e-02;8.673755e-02;4.837078e-02;8.169752e-02;2.814429e-02
1.578079e-01;7.059534e-02;6.613079e-02;5.599084e-02;3.191511e-02;7.677316e-02;1.262813e-01;1.448176e-01;7.624924e-02;5.454619e-02;9.318542e-02;4.570722e-02
1.323117e-01;8.844219e-02;4.947246e-02;5.048034e-02;4.619256e-02;7.951820e-02;1.570280e-01;1.374431e-01;5.198326e-02;7.581868e-02;8.574820e-02;4.556119e-02
1.346498e-01;1.251040e-01;4.451245e-02;5.924827e-02;5.322242e-02;7.819601e-02;1.477657e-01;1.428485e-01;3.634867e-02;7.540765e-02;5.902865e-02;4.366782e-02
1.278314e-01;1.299737e-01;6.299844e-02;4.564832e-02;5.846017e-02;5.783564e-02;1.480600e-01;1.351938e-01;4.845317e-02;7.860687e-02;5.558609e-02;5.135236e-02
1.361662e-01;9.789939e-02;4.823244e-02;3.759451e-02;5.177478e-02;7.268208e-02;1.331735e-01;1.178307e-01;7.544518e-02;1.437312e-01;5.314467e-02;3.232534e-02
1.048412e-01;6.376906e-02;4.509635e-02;5.590487e-02;3.358525e-02;1.043646e-01;1.156742e-01;1.372607e-01;1.119266e-01;1.655839e-01;3.889005e-02;2.310310e-02
1.371611e-01;6.485945e-02;6.050485e-02;5.957329e-02;4.618204e-02;1.026920e-01;1.065239e-01;1.525464e-01;1.058357e-01;1.307427e-01;1.957841e-02;1.380020e-02
1.796803e-01;5.269462e-02;5.594593e-02;4.349370e-02;7.283060e-02;8.038844e-02;9.432507e-02;1.334723e-01;1.046331e-01;1.182437e-01;3.739755e-02;2.689477e-02
1.610591e-01;8.561440e-02;7.135455e-02;3.792911e-02;8.473916e-02;7.240631e-02;1.116386e-01;1.080766e-01;6.389694e-02;1.401753e-01;2.837469e-02;3.473536e-02
1.054940e-01;1.133857e-01;7.506316e-02;2.488883e-02;7.118181e-02;3.712961e-02;1.169871e-01;8.704165e-02;1.802359e-01;1.255109e-01;4.211406e-02;2.096720e-02
8.199301e-02;7.658920e-02;7.265759e-02;4.671704e-02;4.444024e-02;5.149082e-02;1.150018e-01;8.808571e-02;2.557228e-01;8.557887e-02;5.757122e-02;2.415177e-02
1.241621e-01;6.479980e-02;6.496595e-02;6.385887e-02;3.958888e-02;5.302158e-02;9.769643e-02;7.174856e-02;2.203435e-01;6.546381e-02;9.884584e-02;3.550469e-02
1.611458e-01;1.223588e-01;6.429143e-02;5.459141e-02;5.195366e-02;7.108157e-02;7.236329e-02;8.452497e-02;1.598450e-01;5.920505e-02;7.389707e-02;2.474195e-02
1.383974e-01;7.939534e-02;7.142019e-02;6.459878e-02;5.387590e-02;1.045241e-01;1.078449e-01;1.298829e-01;5.138581e-02;5.154796e-02;1.141891e-01;3.293775e-02
1.522560e-01;1.784136e-01;4.528028e-02;3.668383e-02;2.510562e-02;4.366806e-02;1.369924e-01;1.310109e-01;5.931272e-02;4.244338e-02;1.358033e-01;1.303003e-02
1.441525e-01;2.206468e-01;5.475347e-02;3.974226e-02;2.103798e-02;3.441957e-02;1.234723e-01;1.150347e-01;6.299999e-02;4.119563e-02;1.337475e-01;8.797278e-03
1.379567e-01;2.506388e-01;1.098200e-01;4.227462e-02;1.912732e-02;2.891818e-02;8.873809e-02;7.427669e-02;6.802633e-02;5.007458e-02;1.250464e-01;5.102306e-03
1.557178e-01;3.520593e-01;1.419605e-01;3.508869e-02;1.821165e-02;3.466026e-02;3.926380e-02;4.629206e-02;5.173860e-02;4.388989e-02;7.448815e-02;6.629239e-03
2.223634e-01;4.973459e-01;8.152823e-02;2.635956e-02;6.988092e-03;3.066198e-02;2.526365e-02;4.063611e-02;3.225491e-02;1.927743e-02;1.189270e-02;5.427955e-03
3.472137e-01;4.147338e-01;3.872748e-02;1.778650e-02;7.472202e-03;1.647599e-02;3.102499e-02;6.554543e-02;2.541302e-02;1.128816e-02;1.926280e-02;5.055895e-03
4.532913e-01;2.513505e-01;2.108388e-02;1.845932e-02;8.227878e-03;1.353310e-02;5.644616e-02;9.077057e-02;1.577637e-02;1.167448e-02;5.113675e-02;8.249681e-03
4.230239e-01;1.239742e-01;1.236896e-02;3.242239e-02;5.241087e-03;1.921930e-02;1.227850e-01;7.753743e-02;1.427158e-02;1.606432e-02;1.313948e-01;2.169702e-02
2.211616e-01;7.058228e-02;9.656390e-03;3.666947e-02;8.556584e-03;2.790638e-02;1.915917e-01;9.566101e-02;1.619840e-02;1.540644e-02;2.754058e-01;3.120393e-02
1.632360e-01;5.883113e-02;1.684264e-02;1.539899e-02;1.530359e-02;3.060885e-02;1.276806e-01;1.009428e-01;2.283680e-02;1.912938e-02;4.069394e-01;2.224982e-02
1.950873e-01;2.975694e-02;3.411275e-02;5.623962e-03;1.398611e-02;3.591204e-02;6.740837e-02;6.606665e-02;3.108182e-02;2.393689e-02;4.828723e-01;1.415486e-02
1.442884e-01;3.824782e-02;4.631492e-02;2.189441e-03;1.211658e-02;5.026705e-02;6.015062e-02;3.323811e-02;4.095368e-02;2.444081e-02;5.386847e-01;9.107909e-03
1.277083e-01;3.450184e-02;4.531911e-02;3.652316e-03;8.147546e-03;7.210225e-02;4.728790e-02;2.545269e-02;4.017962e-02;3.113861e-02;5.583225e-01;6.187349e-03
1.324576e-01;2.851792e-02;3.596358e-02;4.190007e-03;5.477034e-03;8.767026e-02;4.583324e-02;1.337804e-02;2.867508e-02;3.935881e-02;5.732177e-01;5.260674e-03
1.118020e-01;2.218303e-02;2.739662e-02;4.162639e-03;7.574687e-03;8.378501e-02;3.339226e-02;2.349731e-02;1.744096e-02;4.620300e-02;6.179231e-01;4.639397e-03
1.096779e-01;1.688129e-02;2.022428e-02;2.239142e-03;9.367054e-03;5.666239e-02;4.851879e-02;6.278097e-02;1.087519e-02;4.873131e-02;6.059653e-01;8.076400e-03
1.110393e-01;4.212819e-02;1.466539e-02;4.689839e-03;1.081311e-02;3.261453e-02;9.702326e-02;1.190798e-01;1.113629e-02;4.335780e-02;5.009542e-01;1.249843e-02
1.033818e-01;6.650013e-02;1.868258e-02;7.601089e-03;1.155700e-02;2.592143e-02;1.585208e-01;1.226652e-01;1.594457e-02;3.548129e-02;4.197902e-01;1.395387e-02
1.118557e-01;4.561900e-02;3.981367e-02;1.190594e-02;1.086387e-02;3.944663e-02;2.555236e-01;5.080615e-02;2.922813e-02;2.917322e-02;3.641363e-01;1.162778e-02
1.011030e-01;7.926448e-02;3.517127e-02;1.074634e-02;1.062478e-02;3.146851e-02;2.412810e-01;8.909980e-02;2.746726e-02;4.240373e-02;3.165627e-01;1.480719e-02
8.609268e-02;6.716223e-02;3.125103e-02;1.247609e-02;1.579977e-02;2.950800e-02;2.950264e-01;5.863610e-02;2.440949e-02;3.549927e-02;3.254642e-01;1.867464e-02
8.564337e-02;7.589708e-02;2.522882e-02;1.181159e-02;1.844503e-02;3.759945e-02;2.600630e-01;7.281743e-02;3.569024e-02;6.756322e-02;2.854034e-01;2.383736e-02
1.030588e-01;7.053933e-02;2.882307e-02;1.546440e-02;2.796226e-02;3.658956e-02;2.361623e-01;1.013102e-01;5.731692e-02;8.295316e-02;2.135236e-01;2.629644e-02
1.118151e-01;4.605775e-02;2.321267e-02;1.920502e-02;2.918814e-02;2.745355e-02;1.899862e-01;1.324987e-01;5.294398e-02;8.964705e-02;2.557845e-01;2.220736e-02
9.248526e-02;1.909246e-02;1.765782e-02;1.181179e-02;3.353282e-02;1.932932e-02;1.476869e-01;1.220567e-01;3.995282e-02;1.031318e-01;3.685666e-01;2.469562e-02
1.167523e-01;4.406531e-02;1.345535e-02;1.716340e-02;4.984069e-02;1.858675e-02;1.130788e-01;8.115517e-02;2.698225e-02;1.190778e-01;3.779462e-01;2.189599e-02
1.471489e-01;4.114883e-02;1.125060e-02;2.563782e-02;6.547236e-02;2.383983e-02;9.270895e-02;8.258301e-02;3.727599e-02;1.393867e-01;3.216297e-01;1.191727e-02
1.775337e-01;7.785985e-02;2.776803e-02;2.772376e-02;6.143276e-02;2.290438e-02;1.099713e-01;7.539272e-02;4.902890e-02;1.565996e-01;1.918995e-01;2.188552e-02
1.851424e-01;4.574154e-02;3.545023e-02;3.129600e-02;3.142840e-02;3.222546e-02;1.340667e-01;7.060054e-02;2.944580e-02;1.254278e-01;2.591171e-01;2.005807e-02
