1.270682e-01;5.732003e-02;5.255445e-02;4.439912e-02;1.716735e-02;6.837251e-02;1.164112e-01;1.091363e-01;5.047404e-02;3.058087e-02;2.473283e-01;7.918750e-02
9.570723e-02;3.944910e-02;5.197761e-02;3.828524e-02;2.256262e-02;8.191654e-02;8.894162e-02;8.827657e-02;3.847544e-02;4.152470e-02;3.523435e-01;6.053986e-02
7.787165e-02;5.038687e-02;4.846709e-02;2.942694e-02;3.064188e-02;7.722630e-02;6.690501e-02;7.182898e-02;1.917126e-02;7.046383e-02;4.242752e-01;3.333503e-02
1.171756e-01;7.289290e-02;3.690600e-02;2.827480e-02;5.226349e-02;5.323498e-02;9.976447e-02;9.292685e-02;2.300815e-02;8.157568e-02;3.105213e-01;3.145577e-02
1.275532e-01;9.223644e-02;3.811374e-02;5.580079e-02;4.648633e-02;4.992528e-02;1.416808e-01;1.175468e-01;2.568699e-02;7.195944e-02;1.866481e-01;4.636218e-02
1.426830e-01;7.135831e-02;2.802554e-02;7.538325e-02;1.685717e-02;6.482454e-02;1.714050e-01;1.134114e-01;2.966737e-02;6.166938e-02;1.720199e-01;5.269522e-02
1.661376e-01;7.272420e-02;4.686577e-02;4.356019e-02;3.850112e-02;6.211782e-02;1.181988e-01;1.219950e-01;2.949615e-02;5.499152e-02;1.871779e-01;5.823394e-02
1.158694e-01;6.243728e-02;4.975637e-02;2.500002e-02;2.219388e-02;5.104781e-02;1.287223e-01;1.509377e-01;3.558102e-02;6.148773e-02;2.543795e-01;4.258706e-02
1.027017e-01;5.885352e-02;6.975437e-02;7.173282e-02;5.509386e-02;2.675830e-02;8.327883e-02;5.865325e-02;4.651284e-02;7.068787e-02;2.919441e-01;6.402855e-02
1.003540e-01;9.381191e-02;9.604435e-02;1.000528e-01;9.555672e-02;4.028967e-02;7.374656e-02;8.333258e-02;4.402268e-02;6.521741e-02;1.350240e-01;7.254729e-02
9.084116e-02;8.758894e-02;9.838052e-02;8.160696e-02;7.990648e-02;7.489900e-02;9.655175e-02;8.693717e-02;5.128888e-02;6.353647e-02;1.254247e-01;6.303796e-02
8.269697e-02;8.807918e-02;8.190505e-02;6.466243e-02;4.091915e-02;9.580653e-02;1.198702e-01;1.045965e-01;6.390564e-02;5.161564e-02;1.361210e-01;6.982172e-02
1.141807e-01;7.078742e-02;5.503713e-02;7.115559e-02;2.585777e-02;8.569615e-02;1.480083e-01;1.155812e-01;6.910855e-02;4.286899e-02;1.215700e-01;8.014815e-02
1.564786e-01;7.881527e-02;2.807509e-02;4.897042e-02;1.951272e-02;5.548847e-02;1.743279e-01;1.090781e-01;3.660361e-02;4.605290e-02;1.936484e-01;5.294850e-02
1.217169e-01;7.140577e-02;3.043259e-02;3.586331e-02;3.120071e-02;7.707077e-02;1.615387e-01;8.677772e-02;2.950684e-02;5.092935e-02;2.671497e-01;3.640768e-02
7.352926e-02;4.466943e-02;3.263861e-02;3.144100e-02;3.060263e-02;9.301655e-02;1.397387e-01;5.777705e-02;2.304158e-02;6.858385e-02;3.817450e-01;2.321631e-02
5.726813e-02;4.971631e-02;1.853484e-02;1.965328e-02;4.304340e-02;6.489647e-02;7.684575e-02;8.656384e-02;1.382935e-02;1.367901e-01;4.200704e-01;1.278815e-02
4.314572e-02;4.803823e-02;1.057825e-02;2.306950e-02;6.090645e-02;3.819727e-02;4.688090e-02;9.172453e-02;1.616076e-02;1.977789e-01;4.035803e-01;1.993919e-02
4.223591e-02;5.322354e-02;1.671093e-02;2.455647e-02;7.526510e-02;3.068826e-02;4.062201e-02;9.032387e-02;3.387231e-02;2.088030e-01;3.640630e-01;1.963559e-02
3.671155e-02;6.309389e-02;2.203428e-02;2.099216e-02;8.374619e-02;2.762854e-02;6.223834e-02;1.247137e-01;3.583806e-02;1.849068e-01;3.144277e-01;2.366873e-02
5.249620e-02;8.231119e-02;2.662024e-02;3.367376e-02;5.556870e-02;2.693484e-02;1.410605e-01;1.897135e-01;3.339181e-02;1.122053e-01;2.280791e-01;1.794485e-02
6.141227e-02;7.684547e-02;2.964220e-02;4.042201e-02;2.511825e-02;2.999247e-02;2.245652e-01;2.471931e-01;2.819038e-02;5.922623e-02;1.543081e-01;2.308432e-02
5.652877e-02;5.541468e-02;2.753134e-02;3.441600e-02;2.083229e-02;3.421046e-02;3.418539e-01;2.300626e-01;2.238726e-02;7.020879e-02;7.192447e-02;3.462938e-02
8.539071e-02;7.871117e-02;1.720737e-02;1.870986e-02;2.906691e-02;5.713068e-02;3.589664e-01;1.247505e-01;2.094011e-02;1.016289e-01;8.105575e-02;2.644165e-02
7.565499e-02;6.093869e-02;3.372855e-02;2.593866e-02;3.260621e-02;8.052776e-02;3.412424e-01;7.267332e-02;2.884071e-02;1.251082e-01;1.044320e-01;1.830853e-02
4.649791e-02;5.768202e-02;4.154918e-02;2.638905e-02;3.684064e-02;9.039252e-02;3.305475e-01;1.085808e-01;3.570741e-02;9.966981e-02;1.072224e-01;1.892083e-02
5.648384e-02;5.361077e-02;2.772629e-02;1.948543e-02;4.571463e-02;6.440537e-02;2.980786e-01;1.222755e-01;4.422799e-02;9.411310e-02;1.550009e-01;1.887766e-02
6.927277e-02;5.103544e-02;1.575733e-02;3.474161e-02;4.009393e-02;3.095979e-02;2.761104e-01;1.102701e-01;4.694716e-02;9.492103e-02;2.130848e-01;1.680558e-02
9.630018e-02;3.999614e-02;1.150298e-02;3.156523e-02;4.411992e-02;2.645685e-02;1.656091e-01;1.240267e-01;3.878178e-02;1.004353e-01;3.029624e-01;1.824338e-02
1.039133e-01;4.291039e-02;1.594667e-02;1.427430e-02;5.385781e-02;2.566668e-02;1.043954e-01;1.146294e-01;3.655417e-02;1.078851e-01;3.541385e-01;2.582829e-02
9.052278e-02;2.822027e-02;1.807936e-02;5.214858e-02;6.110479e-02;2.466777e-02;1.350169e-01;1.365768e-01;6.292579e-02;9.599027e-02;2.770020e-01;1.774470e-02
9.204859e-02;1.946830e-02;2.573521e-02;1.044019e-01;5.224565e-02;2.235489e-02;1.539598e-01;1.954016e-01;1.006264e-01;6.671026e-02;1.497460e-01;1.730136e-02
9.261680e-02;4.894365e-02;3.210942e-02;7.540212e-02;3.363067e-02;4.081762e-02;2.057986e-01;2.505911e-01;8.639251e-02;4.086060e-02;6.303322e-02;2.980376e-02
1.043934e-01;1.053677e-01;3.019815e-02;2.879468e-02;2.024036e-02;5.902471e-02;2.817501e-01;2.241180e-01;4.369588e-02;3.028010e-02;3.126047e-02;4.087641e-02
1.236363e-01;1.413087e-01;3.415922e-02;4.788839e-02;2.205775e-02;6.381955e-02;3.109349e-01;1.366086e-01;1.897204e-02;4.052164e-02;3.538942e-02;2.470348e-02
1.580031e-01;1.243994e-01;3.611011e-02;3.662328e-02;4.566337e-02;7.555640e-02;2.584613e-01;1.253458e-01;3.481293e-02;6.147839e-02;2.706017e-02;1.648577e-02
1.724028e-01;8.421201e-02;3.322828e-02;4.030747e-02;5.836156e-02;1.199278e-01;1.301911e-01;1.378409e-01;4.594943e-02;7.513120e-02;6.205869e-02;4.038865e-02
1.228162e-01;1.115696e-01;5.477374e-02;3.174657e-02;6.058730e-02;8.058336e-02;1.459818e-01;1.213529e-01;7.535156e-02;9.492575e-02;5.838117e-02;4.193005e-02
1.085553e-01;1.180505e-01;5.828785e-02;4.246533e-02;8.860774e-02;5.100626e-02;1.246977e-01;1.018814e-01;7.973050e-02;1.108875e-01;7.160401e-02;4.422590e-02
9.793207e-02;1.038338e-01;7.107776e-02;4.893425e-02;1.060227e-01;7.867886e-02;1.112770e-01;1.081515e-01;6.446503e-02;1.112627e-01;6.300984e-02;3.535452e-02
7.800195e-02;8.798675e-02;5.995351e-02;9.382166e-02;9.076926e-02;1.288211e-01;9.188219e-02;1.137828e-01;8.283119e-02;8.249385e-02;6.271283e-02;2.694286e-02
9.129074e-02;4.994609e-02;4.336428e-02;6.841780e-02;7.753540e-02;1.109730e-01;7.891996e-02;1.180515e-01;1.319554e-01;8.998869e-02;9.835210e-02;4.120505e-02
1.164271e-01;6.138184e-02;7.409605e-02;4.347748e-02;8.222502e-02;7.202873e-02;9.072084e-02;1.159829e-01;1.036962e-01;9.315846e-02;1.000851e-01;4.672034e-02
1.005225e-01;9.763924e-02;6.301835e-02;5.409167e-02;8.042885e-02;1.009861e-01;1.160411e-01;9.718882e-02;4.683897e-02;9.240180e-02;8.787404e-02;6.296860e-02
6.696833e-02;6.322014e-02;5.721118e-02;6.503837e-02;6.425580e-02;1.398129e-01;1.183713e-01;9.457125e-02;8.015458e-02;6.729101e-02;8.502897e-02;9.807613e-02
5.400559e-02;4.889391e-02;9.934121e-02;8.072086e-02;9.241660e-02;9.478628e-02;1.156310e-01;6.657468e-02;1.046169e-01;6.394989e-02;8.681305e-02;9.225002e-02
7.116644e-02;7.373321e-02;1.246838e-01;6.836266e-02;7.939085e-02;7.920446e-02;1.106596e-01;4.907689e-02;1.158624e-01;7.688535e-02;6.830408e-02;8.267035e-02
9.929758e-02;7.894324e-02;1.016085e-01;1.066953e-01;6.230820e-02;6.451068e-02;9.199939e-02;7.992667e-02;1.228440e-01;6.868432e-02;6.319746e-02;5.998474e-02
1.434000e-01;7.931770e-02;4.653370e-02;6.342981e-02;5.646639e-02;4.424643e-02;1.007841e-01;1.694591e-01;6.896967e-02;8.137872e-02;1.149187e-01;3.109568e-02
1.310693e-01;8.809160e-02;3.850910e-02;7.968290e-02;5.701447e-02;3.554557e-02;1.056010e-01;1.799669e-01;3.207826e-02;8.892524e-02;1.416326e-01;2.188302e-02
1.644518e-01;1.319882e-01;2.937249e-02;8.999759e-02;3.094498e-02;5.014213e-02;1.053602e-01;1.539591e-01;2.220881e-02;7.228266e-02;1.286197e-01;2.067240e-02
1.906988e-01;1.414892e-01;3.633359e-02;2.672905e-02;1.949104e-02;4.143499e-02;9.073658e-02;7.891291e-02;1.148847e-02;3.614806e-02;3.055192e-01;2.101811e-02
1.689170e-01;1.272410e-01;3.562520e-02;1.118837e-02;2.521987e-02;4.284319e-02;7.126404e-02;3.436647e-02;5.149326e-03;3.776276e-02;4.178536e-01;2.256916e-02
9.914330e-02;1.148954e-01;2.858859e-02;1.279276e-02;5.338251e-02;4.230864e-02;4.011089e-02;2.194141e-02;8.361006e-03;6.788739e-02;4.995875e-01;1.100068e-02
5.522870e-02;1.408612e-01;1.306754e-02;2.289782e-02;1.062900e-01;3.083150e-02;3.588575e-02;2.763189e-02;2.116046e-02;1.115165e-01;4.246733e-01;9.955415e-03
3.598048e-02;1.528006e-01;5.379727e-02;2.746767e-02;1.607563e-01;3.391276e-02;2.824609e-02;2.833507e-02;2.458457e-02;1.297463e-01;3.164035e-01;7.969414e-03
2.654004e-02;1.147399e-01;5.250132e-02;2.651745e-02;2.361794e-01;6.644101e-02;2.659174e-02;2.538737e-02;2.221595e-02;1.484433e-01;2.458040e-01;8.638479e-03
2.237958e-02;8.512100e-02;2.281140e-02;2.164212e-02;2.967240e-01;1.230660e-01;3.909004e-02;1.906125e-02;2.458020e-02;1.749619e-01;1.612394e-01;9.323032e-03
2.387538e-02;5.924837e-02;1.122237e-02;2.200659e-02;2.706958e-01;1.629289e-01;6.001145e-02;4.287908e-02;4.441343e-02;1.828365e-01;1.091160e-01;1.076608e-02
1.877529e-02;3.467697e-02;8.493040e-03;2.785652e-02;2.260751e-01;1.517011e-01;5.070639e-02;9.579520e-02;5.908041e-02;2.151049e-01;9.990393e-02;1.183113e-02
2.418985e-02;2.739087e-02;7.834441e-03;2.632170e-02;1.826778e-01;9.624474e-02;4.474963e-02;1.477511e-01;5.225413e-02;2.259220e-01;1.471135e-01;1.755015e-02
3.605349e-02;2.862938e-02;1.410955e-02;2.944837e-02;1.821644e-01;5.920663e-02;4.721659e-02;1.362591e-01;3.400852e-02;1.971184e-01;2.124206e-01;2.336502e-02
4.803032e-02;4.786086e-02;2.289131e-02;3.338553e-02;1.759906e-01;3.150337e-02;5.845570e-02;9.384040e-02;3.386429e-02;1.327418e-01;2.863579e-01;3.507788e-02
6.813116e-02;5.554034e-02;2.350173e-02;2.862001e-02;1.201638e-01;2.644814e-02;7.978822e-02;1.135854e-01;3.516647e-02;7.459912e-02;3.361802e-01;3.827542e-02
1.124395e-01;1.054867e-01;2.132273e-02;2.524519e-02;6.553247e-02;2.775177e-02;1.141004e-01;1.187831e-01;2.525347e-02;5.989716e-02;2.847331e-01;3.945444e-02
1.454487e-01;1.341801e-01;2.674775e-02;3.035724e-02;5.455846e-02;2.985573e-02;1.203241e-01;9.723290e-02;2.326441e-02;6.723650e-02;2.332890e-01;3.750520e-02
1.254224e-01;9.176336e-02;2.877167e-02;3.126381e-02;8.887368e-02;4.479773e-02;1.718613e-01;1.066607e-01;1.737722e-02;9.536231e-02;1.741575e-01;2.368839e-02
7.744581e-02;8.502845e-02;2.180835e-02;2.189970e-02;1.147613e-01;5.703205e-02;1.654336e-01;8.420600e-02;1.962653e-02;1.382895e-01;1.886307e-01;2.583797e-02
8.698065e-02;8.862612e-02;3.631730e-02;2.587109e-02;1.018751e-01;5.795452e-02;1.054237e-01;1.142436e-01;2.316925e-02;1.606341e-01;1.478325e-01;5.107201e-02
1.045533e-01;6.924751e-02;2.751419e-02;5.553048e-02;6.860297e-02;5.486314e-02;1.372732e-01;7.337448e-02;5.451948e-02;1.598585e-01;1.521374e-01;4.252545e-02
9.439510e-02;5.977068e-02;1.330165e-02;9.765463e-02;6.579553e-02;5.658223e-02;1.300632e-01;8.787841e-02;4.555720e-02;1.557494e-01;1.612018e-01;3.205010e-02
7.109959e-02;3.202505e-02;1.667713e-02;1.096372e-01;7.321814e-02;4.974022e-02;1.208205e-01;1.161974e-01;4.223835e-02;2.104873e-01;1.227289e-01;3.513017e-02
3.991734e-02;3.662524e-02;1.389021e-02;7.613160e-02;3.614892e-02;5.187491e-02;8.779012e-02;1.433202e-01;1.098312e-01;3.018119e-01;7.334229e-02;2.931595e-02
2.319111e-02;3.050424e-02;1.573787e-02;3.486779e-02;1.802492e-02;4.076120e-02;4.647417e-02;1.359854e-01;2.171695e-01;3.897757e-01;3.352332e-02;1.398474e-02
1.975069e-02;2.311152e-02;1.850647e-02;4.006760e-02;1.752007e-02;2.713814e-02;4.351275e-02;1.282867e-01;2.249891e-01;4.218971e-01;2.541894e-02;9.800938e-03
2.463126e-02;2.193659e-02;3.278175e-02;3.927809e-02;2.789332e-02;2.591196e-02;3.852980e-02;1.814833e-01;1.726118e-01;4.050221e-01;1.929235e-02;1.062768e-02
2.666267e-02;2.114160e-02;3.798689e-02;4.234358e-02;3.397335e-02;3.667123e-02;4.917261e-02;1.776030e-01;2.427241e-01;3.039957e-01;1.820590e-02;9.519313e-03
5.129568e-02;3.338951e-02;3.176346e-02;5.796093e-02;3.374885e-02;3.468743e-02;8.051897e-02;1.386046e-01;2.546386e-01;2.306526e-01;3.992636e-02;1.281308e-02
8.034918e-02;4.659987e-02;3.123953e-02;6.965344e-02;4.880072e-02;3.542461e-02;9.841222e-02;1.257112e-01;1.982700e-01;1.600310e-01;6.890012e-02;3.660821e-02
9.647445e-02;5.408261e-02;3.415902e-02;8.499099e-02;6.327145e-02;6.147501e-02;9.197095e-02;1.229406e-01;1.116317e-01;1.029803e-01;9.982385e-02;7.619906e-02
7.153224e-02;5.207956e-02;3.398392e-02;8.173543e-02;4.444297e-02;6.329550e-02;1.550719e-01;1.085223e-01;1.333278e-01;1.266164e-01;7.592834e-02;5.346377e-02
9.614574e-02;8.475046e-02;4.409216e-02;6.457121e-02;5.199236e-02;7.285124e-02;1.504331e-01;9.790757e-02;1.277033e-01;9.271763e-02;8.900856e-02;2.782661e-02
8.357956e-02;9.725814e-02;4.969759e-02;4.607758e-02;4.248985e-02;5.505974e-02;1.251445e-01;1.137708e-01;8.943328e-02;1.228381e-01;1.257045e-01;4.894633e-02
9.481629e-02;6.654176e-02;4.996702e-02;6.265050e-02;4.933150e-02;7.879632e-02;1.236911e-01;1.454217e-01;5.105832e-02;1.133415e-01;1.179811e-01;4.640283e-02
7.218679e-02;3.877635e-02;2.263136e-02;7.820547e-02;9.738248e-02;1.125781e-01;1.853416e-01;1.408251e-01;5.901887e-02;7.110474e-02;7.918723e-02;4.276201e-02
7.573323e-02;4.255148e-02;2.022264e-02;7.037430e-02;8.554804e-02;1.222864e-01;1.843206e-01;1.202968e-01;5.905471e-02;8.186510e-02;9.703432e-02;4.071236e-02
1.298269e-01;9.637703e-02;2.691500e-02;5.789513e-02;5.754948e-02;1.089495e-01;1.673866e-01;8.396186e-02;5.705381e-02;8.010308e-02;1.001095e-01;3.387209e-02
2.117463e-01;1.595398e-01;3.273105e-02;2.897240e-02;2.708561e-02;4.821454e-02;1.113622e-01;9.047090e-02;2.421639e-02;4.946147e-02;2.005629e-01;1.563643e-02
1.930034e-01;1.435883e-01;3.551014e-02;2.663149e-02;4.144676e-02;3.408119e-02;9.449270e-02;9.823941e-02;1.864376e-02;3.765910e-02;2.648166e-01;1.188719e-02
1.533429e-01;9.141298e-02;4.774591e-02;4.529162e-02;8.059338e-02;3.320579e-02;9.099081e-02;1.064382e-01;3.911446e-02;5.350788e-02;2.505331e-01;7.822918e-03
1.034271e-01;4.175144e-02;3.307290e-02;6.642336e-02;1.385654e-01;3.631741e-02;1.647198e-01;1.217149e-01;7.906228e-02;9.826002e-02;1.061760e-01;1.050939e-02
8.246615e-02;4.525878e-02;1.910635e-02;8.171827e-02;1.530750e-01;4.860770e-02;1.969350e-01;7.634261e-02;1.092159e-01;1.268709e-01;4.624731e-02;1.415606e-02
8.002295e-02;4.127997e-02;2.451158e-02;8.622096e-02;1.238606e-01;3.385498e-02;1.783536e-01;7.211777e-02;1.243093e-01;1.221598e-01;9.040688e-02;2.290160e-02
7.834197e-02;5.253813e-02;4.542055e-02;7.955435e-02;1.294398e-01;3.025751e-02;1.420881e-01;7.595115e-02;1.309856e-01;1.141670e-01;9.929412e-02;2.196173e-02
8.615942e-02;1.007861e-01;6.142579e-02;7.227024e-02;1.039341e-01;3.283880e-02;1.049724e-01;1.090086e-01;6.213430e-02;7.608438e-02;1.713959e-01;1.898995e-02
1.005807e-01;1.352271e-01;4.961871e-02;4.157136e-02;7.124912e-02;4.081109e-02;1.292596e-01;1.440891e-01;3.041526e-02;5.330930e-02;1.787314e-01;2.513720e-02
1.418616e-01;1.053231e-01;3.335474e-02;4.289209e-02;4.894980e-02;5.838219e-02;1.248261e-01;1.450248e-01;5.478654e-02;6.158884e-02;1.200779e-01;6.293226e-02
1.533640e-01;8.587120e-02;1.268136e-02;3.502517e-02;2.930333e-02;3.439087e-02;1.188315e-01;1.214857e-01;3.672890e-02;4.247217e-02;2.811721e-01;4.867371e-02
1.523985e-01;5.613298e-02;1.956995e-02;2.989621e-02;3.177279e-02;2.128347e-02;1.559349e-01;1.585032e-01;2.479660e-02;4.162524e-02;2.788000e-01;2.928612e-02
1.407380e-01;7.627925e-02;2.346475e-02;2.678339e-02;3.358728e-02;2.112806e-02;2.115126e-01;1.703785e-01;1.839079e-02;4.845756e-02;2.122252e-01;1.705459e-02
1.645639e-01;7.683279e-02;3.030087e-02;3.174562e-02;3.411257e-02;3.376172e-02;2.573374e-01;1.138056e-01;2.441377e-02;4.470076e-02;1.751566e-01;1.326843e-02
1.666653e-01;1.100790e-01;2.702770e-02;3.706349e-02;3.570944e-02;3.235790e-02;1.160865e-01;1.465967e-01;2.243399e-02;3.071765e-02;2.561384e-01;1.912393e-02
7.224711e-02;1.022545e-01;3.162713e-02;3.278037e-02;5.978535e-02;4.217534e-02;1.546120e-01;1.319925e-01;3.833475e-02;5.550173e-02;2.540577e-01;2.463155e-02
1.400125e-01;1.138891e-01;2.903559e-02;6.536023e-02;8.116506e-02;5.297389e-02;1.905646e-01;1.098986e-01;4.270599e-02;7.973316e-02;5.869631e-02;3.596501e-02
9.959811e-02;8.052793e-02;4.268122e-02;5.064476e-02;6.114198e-02;4.819902e-02;1.276141e-01;1.389730e-01;3.030267e-02;6.493479e-02;2.027036e-01;5.267878e-02
1.262733e-01;8.080261e-02;7.756480e-02;8.483838e-02;3.414318e-02;3.077260e-02;7.471844e-02;9.118199e-02;2.075088e-02;5.978838e-02;1.629679e-01;1.561976e-01
1.169132e-01;8.609577e-02;8.412222e-02;9.780952e-02;2.813801e-02;2.978544e-02;8.318451e-02;9.363502e-02;2.039764e-02;6.819718e-02;8.413944e-02;2.075820e-01
8.666562e-02;9.051160e-02;7.178507e-02;8.126625e-02;2.882303e-02;3.458548e-02;1.102411e-01;9.862352e-02;5.168615e-02;7.820817e-02;4.202899e-02;2.255750e-01
1.350148e-01;9.107953e-02;3.295577e-02;3.893359e-02;2.091215e-02;3.772466e-02;1.281195e-01;6.854095e-02;4.879464e-02;6.061007e-02;1.628928e-01;1.744216e-01
1.873727e-01;1.205952e-01;2.082465e-02;1.090918e-02;1.050095e-02;3.319170e-02;1.219614e-01;1.055355e-01;1.377075e-02;2.740309e-02;2.964859e-01;5.144896e-02
1.695235e-01;9.988099e-02;1.273526e-02;1.361695e-02;1.956493e-02;3.094137e-02;9.666938e-02;8.175612e-02;2.421738e-02;6.109151e-02;3.693790e-01;2.062360e-02
1.279286e-01;6.884624e-02;6.671382e-03;1.113936e-02;4.054286e-02;2.904929e-02;6.485289e-02;3.290476e-02;3.627844e-02;1.165341e-01;4.494584e-01;1.579367e-02
8.305439e-02;5.403049e-02;6.876348e-03;1.224157e-02;7.411203e-02;1.684600e-02;5.694607e-02;6.909975e-02;4.362863e-02;1.560377e-01;4.174982e-01;9.628899e-03
7.135384e-02;4.656238e-02;7.315409e-03;1.536303e-02;8.705612e-02;1.299351e-02;3.833421e-02;5.273398e-02;3.068640e-02;1.347468e-01;4.832025e-01;1.965181e-02
5.583360e-02;4.163189e-02;7.438958e-03;1.651482e-02;6.944095e-02;1.525547e-02;4.527994e-02;5.175098e-02;3.632326e-02;1.177654e-01;5.345916e-01;8.173211e-03
5.118759e-02;3.663155e-02;8.361039e-03;1.498830e-02;4.972436e-02;1.567362e-02;4.377539e-02;5.645097e-02;4.114071e-02;1.054780e-01;5.711834e-01;5.405146e-03
5.676274e-02;4.678506e-02;1.018893e-02;1.456805e-02;2.992105e-02;2.063408e-02;5.677650e-02;8.574946e-02;3.603371e-02;9.224656e-02;5.452889e-01;5.044883e-03
5.372096e-02;6.214371e-02;1.318202e-02;1.853911e-02;2.334001e-02;2.589386e-02;8.996658e-02;9.606325e-02;3.235955e-02;8.832450e-02;4.890822e-01;7.384264e-03
5.203380e-02;7.277460e-02;1.788583e-02;2.434100e-02;2.616852e-02;3.254386e-02;1.650540e-01;9.983983e-02;4.102967e-02;8.366828e-02;3.781483e-01;6.512326e-03
1.365997e-01;9.014481e-02;2.289353e-02;3.160546e-02;3.015072e-02;1.795823e-02;2.510036e-01;5.677548e-02;5.568242e-02;7.493947e-02;2.208439e-01;1.140268e-02
1.396900e-01;4.607955e-02;2.488018e-02;3.705614e-02;2.924060e-02;2.122153e-02;2.907372e-01;1.668292e-01;5.879631e-02;5.015906e-02;1.136124e-01;2.169786e-02
8.565808e-02;6.008134e-02;2.929305e-02;2.531327e-02;1.843979e-02;3.235545e-02;3.440413e-01;1.225209e-01;4.421664e-02;4.690742e-02;1.629702e-01;2.820241e-02
7.796281e-02;5.385045e-02;2.330326e-02;1.832660e-02;1.562151e-02;2.571568e-02;3.659488e-01;1.020765e-01;3.076593e-02;5.316902e-02;2.205132e-01;1.274620e-02
1.160538e-01;6.530131e-02;2.719919e-02;2.851935e-02;2.137411e-02;1.737519e-02;1.827073e-01;1.121014e-01;2.451094e-02;6.432047e-02;3.229892e-01;1.754768e-02
1.056395e-01;8.031522e-02;3.550056e-02;1.978985e-02;1.626236e-02;2.278716e-02;1.438850e-01;8.186723e-02;3.334312e-02;7.070829e-02;3.770170e-01;1.288472e-02
1.135010e-01;7.537831e-02;3.429772e-02;2.619874e-02;2.817909e-02;3.359578e-02;1.674600e-01;5.988033e-02;3.683545e-02;8.034800e-02;3.183041e-01;2.602144e-02
1.514079e-01;9.617066e-02;2.165702e-02;3.901583e-02;4.088352e-02;4.641946e-02;1.402982e-01;1.173375e-01;5.454500e-02;7.350995e-02;1.856653e-01;3.308962e-02
1.513597e-01;7.335219e-02;3.588633e-02;3.837459e-02;3.592898e-02;4.388289e-02;1.855068e-01;1.419068e-01;4.493858e-02;5.893521e-02;1.408843e-01;4.904376e-02
1.087139e-01;1.085706e-01;3.772002e-02;3.120917e-02;3.309711e-02;4.329548e-02;1.754253e-01;1.444907e-01;5.795436e-02;7.569177e-02;1.119991e-01;7.183244e-02
1.440127e-01;1.323019e-01;2.263319e-02;4.099594e-02;3.410734e-02;4.008400e-02;1.323100e-01;1.365397e-01;5.229129e-02;6.668194e-02;1.292050e-01;6.883711e-02
1.964504e-01;1.283604e-01;3.850991e-02;3.512288e-02;2.506319e-02;3.329968e-02;1.185002e-01;1.243115e-01;3.658518e-02;5.298938e-02;1.659768e-01;4.483051e-02
1.946117e-01;1.488125e-01;4.670848e-02;2.481029e-02;1.264822e-02;2.822807e-02;1.195069e-01;1.213301e-01;1.745675e-02;3.870372e-02;2.230093e-01;2.417396e-02
1.586936e-01;1.301797e-01;5.310075e-02;3.171886e-02;1.748729e-02;1.962423e-02;1.475439e-01;1.599496e-01;1.996655e-02;3.750917e-02;2.102330e-01;1.399328e-02
1.185358e-01;8.597519e-02;5.680732e-02;5.865890e-02;1.788084e-02;2.056187e-02;1.731645e-01;2.729250e-01;1.882738e-02;3.270602e-02;1.265349e-01;1.742226e-02
7.485586e-02;1.163528e-01;7.376304e-02;6.831717e-02;1.528417e-02;3.034492e-02;1.849533e-01;3.192672e-01;1.629699e-02;1.642970e-02;4.150498e-02;4.262980e-02
5.242285e-02;1.957042e-01;7.776293e-02;5.061632e-02;2.757221e-02;2.952710e-02;2.341905e-01;2.405652e-01;1.194343e-02;8.593665e-03;4.031632e-02;3.078522e-02
6.460007e-02;2.887750e-01;3.976800e-02;2.467920e-02;2.987237e-02;3.090667e-02;2.830729e-01;1.568830e-01;8.815484e-03;8.999252e-03;5.335849e-02;1.026958e-02
1.420304e-01;2.896281e-01;2.966870e-02;1.207497e-02;1.705243e-02;3.907027e-02;2.822846e-01;1.131038e-01;7.504116e-03;1.670643e-02;4.332785e-02;7.548272e-03
2.632230e-01;2.238637e-01;2.781171e-02;2.085433e-02;9.258142e-03;5.577026e-02;2.441591e-01;6.644689e-02;7.159275e-03;2.718423e-02;4.408350e-02;1.018588e-02
3.762904e-01;1.428159e-01;2.522419e-02;2.657549e-02;1.531448e-02;7.088277e-02;2.092930e-01;4.736003e-02;1.487463e-02;3.828570e-02;2.380206e-02;9.281304e-03
4.099565e-01;4.652547e-02;2.534722e-02;1.380163e-02;1.782196e-02;8.081324e-02;2.324250e-01;5.601930e-02;2.610247e-02;3.027734e-02;3.673194e-02;2.417786e-02
3.603802e-01;8.293715e-02;2.476078e-02;1.319943e-02;2.343371e-02;7.133687e-02;2.269254e-01;4.348667e-02;3.700431e-02;9.914041e-03;4.484659e-02;6.177484e-02
3.041679e-01;1.815787e-02;2.751433e-02;1.583846e-02;3.248750e-02;6.849098e-02;2.346078e-01;3.118528e-02;7.675330e-02;3.201757e-02;6.669864e-02;9.208031e-02
1.888716e-01;2.469938e-02;3.400521e-02;2.630577e-02;4.357555e-02;7.074082e-02;2.417118e-01;4.769318e-02;1.230241e-01;4.420748e-02;1.047998e-01;5.036533e-02
1.264259e-01;5.113726e-02;3.237104e-02;2.995449e-02;4.773534e-02;5.661182e-02;2.441274e-01;1.168053e-01;1.152108e-01;2.758599e-02;1.246931e-01;2.734159e-02
1.009262e-01;7.369111e-02;2.780353e-02;2.885556e-02;4.429218e-02;5.137089e-02;2.321465e-01;1.212214e-01;7.989711e-02;3.564741e-02;1.808325e-01;2.331565e-02
1.133143e-01;7.034990e-02;2.449235e-02;2.396785e-02;4.018129e-02;3.768642e-02;2.548917e-01;1.053826e-01;4.593010e-02;3.192930e-02;2.379306e-01;1.394360e-02
1.997550e-01;4.189489e-02;2.919067e-02;1.574572e-02;3.175813e-02;3.144156e-02;2.415797e-01;1.050615e-01;1.024679e-02;2.137062e-02;2.455222e-01;2.643324e-02
1.312084e-01;7.670151e-02;3.357181e-02;1.773177e-02;2.479123e-02;2.532420e-02;1.698101e-01;5.530537e-02;2.717039e-02;3.601706e-02;3.808966e-01;2.147159e-02
8.091910e-02;9.729411e-02;3.173568e-02;2.158671e-02;2.349117e-02;1.575604e-02;1.292176e-01;4.236212e-02;3.759585e-02;3.805620e-02;4.685910e-01;1.339447e-02
1.757515e-01;1.148868e-01;3.790897e-02;3.241602e-02;2.561092e-02;3.078006e-02;1.152554e-01;4.432203e-02;4.740416e-02;4.460765e-02;3.139580e-01;1.709855e-02
2.742602e-01;1.275367e-01;5.834403e-02;5.378739e-02;4.175587e-02;5.437035e-02;7.904958e-02;7.729550e-02;6.578308e-02;4.836816e-02;6.078880e-02;5.866034e-02
1.897091e-01;1.200738e-01;7.037023e-02;5.967300e-02;3.961542e-02;5.042693e-02;9.619638e-02;5.308902e-02;3.895796e-02;5.412516e-02;1.648363e-01;6.292672e-02
1.527699e-01;1.404220e-01;9.519947e-02;8.561634e-02;3.816254e-02;5.068100e-02;1.520005e-01;8.787509e-02;3.012930e-02;5.209214e-02;6.178512e-02;5.326661e-02
1.438608e-01;1.302849e-01;8.949412e-02;7.922933e-02;7.544814e-02;2.854848e-02;1.472837e-01;6.925691e-02;4.135099e-02;2.833008e-02;1.142869e-01;5.262554e-02
1.034909e-01;1.096783e-01;6.537908e-02;9.622516e-02;9.098304e-02;6.264533e-02;1.566403e-01;9.149270e-02;5.152896e-02;4.029344e-02;8.363566e-02;4.800712e-02
