2.933114e-02;1.363593e-01;1.230622e-01;1.082963e-01;4.945215e-02;2.617605e-02;5.191989e-02;1.573415e-01;1.721322e-01;5.861261e-02;4.707294e-02;4.024367e-02
3.867991e-02;9.381892e-02;1.984750e-01;1.460982e-01;7.556113e-02;8.858167e-02;8.466911e-02;1.462892e-01;3.768543e-02;4.127336e-02;2.907782e-02;1.979026e-02
3.891216e-02;1.194879e-01;1.603355e-01;1.554171e-01;6.441750e-02;1.139002e-01;9.259989e-02;1.082927e-01;4.925625e-02;4.067068e-02;2.461739e-02;3.209272e-02
5.076768e-02;1.496359e-01;1.427962e-01;1.422516e-01;5.084813e-02;1.263161e-01;6.623238e-02;1.019009e-01;5.888288e-02;4.999698e-02;2.564412e-02;3.472704e-02
4.636369e-02;1.393099e-01;1.526797e-01;1.033077e-01;6.829139e-02;1.340176e-01;4.755478e-02;9.874820e-02;7.248967e-02;4.983526e-02;3.848929e-02;4.891283e-02
4.010753e-02;1.242429e-01;1.032135e-01;6.540081e-02;7.593932e-02;1.557569e-01;7.916131e-02;7.070571e-02;8.537216e-02;4.654884e-02;7.165188e-02;8.189908e-02
4.198866e-02;9.561741e-02;5.497285e-02;6.209632e-02;7.186288e-02;1.702489e-01;1.051882e-01;6.629650e-02;8.951160e-02;3.345530e-02;8.555027e-02;1.232112e-01
4.173276e-02;7.225118e-02;3.925858e-02;1.354229e-01;6.310690e-02;1.439166e-01;1.257464e-01;8.607923e-02;6.919544e-02;2.232472e-02;5.722307e-02;1.437423e-01
8.040179e-02;1.046598e-01;7.728228e-02;2.074222e-01;5.610049e-02;8.820789e-02;7.951292e-02;8.967984e-02;4.135672e-02;2.022764e-02;2.866947e-02;1.264789e-01
9.633518e-02;1.434983e-01;1.094217e-01;2.088997e-01;4.572385e-02;3.480517e-02;8.401506e-02;9.762433e-02;3.183013e-02;1.339434e-02;2.938339e-02;1.050688e-01
6.384294e-02;1.449900e-01;1.275934e-01;1.490557e-01;4.877380e-02;3.974009e-02;8.868948e-02;1.087651e-01;5.134410e-02;1.445516e-02;4.948797e-02;1.132624e-01
3.934167e-02;1.320628e-01;1.289963e-01;9.988938e-02;5.381710e-02;6.611151e-02;9.798414e-02;1.288486e-01;7.971491e-02;2.316034e-02;5.497231e-02;9.510097e-02
5.480663e-02;1.280814e-01;1.203449e-01;1.300128e-01;3.950922e-02;9.311999e-02;1.069401e-01;1.220602e-01;7.651129e-02;2.447305e-02;5.049307e-02;5.364737e-02
5.282823e-02;1.438021e-01;8.936056e-02;1.547364e-01;4.409767e-02;1.695714e-01;7.159736e-02;8.741046e-02;6.775469e-02;3.483533e-02;2.257379e-02;6.143211e-02
4.425732e-02;1.288666e-01;3.681426e-02;9.162735e-02;4.616940e-02;1.726803e-01;1.151276e-01;9.590290e-02;1.232358e-01;7.097162e-02;2.994569e-02;4.440108e-02
2.788911e-02;9.474681e-02;4.139087e-02;6.711184e-02;5.682854e-02;1.283309e-01;1.343370e-01;1.332334e-01;1.620581e-01;8.290891e-02;2.990117e-02;4.126319e-02
3.254325e-02;8.097080e-02;6.593636e-02;5.665522e-02;4.471220e-02;1.451860e-01;1.416027e-01;1.509323e-01;1.470649e-01;6.736714e-02;2.583770e-02;4.119145e-02
3.840832e-02;7.337736e-02;1.389772e-01;2.663328e-02;5.065427e-02;2.468964e-01;8.259706e-02;1.552642e-01;8.889934e-02;3.424781e-02;4.140908e-02;2.263577e-02
1.602613e-02;7.619532e-02;1.544838e-01;5.776357e-02;6.676535e-02;2.955312e-01;3.264449e-02;1.435720e-01;3.970391e-02;3.932438e-02;5.347191e-02;2.451797e-02
6.820821e-03;7.014361e-02;1.346175e-01;1.256124e-01;8.224433e-02;2.845688e-01;2.657657e-02;9.643831e-02;4.112601e-02;4.649296e-02;5.942662e-02;2.593194e-02
7.430834e-03;4.908795e-02;1.296837e-01;2.073656e-01;9.342764e-02;2.430368e-01;1.827744e-02;7.911027e-02;4.815272e-02;4.463861e-02;6.371550e-02;1.607294e-02
1.050139e-02;5.147247e-02;1.631818e-01;2.195088e-01;1.098677e-01;1.857598e-01;2.783510e-02;7.673831e-02;4.031314e-02;4.491268e-02;6.216153e-02;7.747235e-03
2.014199e-02;7.682230e-02;2.683244e-01;1.385462e-01;1.379800e-01;1.168469e-01;4.290530e-02;3.843579e-02;4.084590e-02;6.605166e-02;4.466755e-02;8.432074e-03
2.598826e-02;1.102555e-01;3.106164e-01;6.561404e-02;1.995644e-01;3.267783e-02;7.283718e-02;2.767539e-02;2.841919e-02;9.634885e-02;2.101659e-02;8.986403e-03
2.675697e-02;1.395854e-01;2.688485e-01;3.804578e-02;1.811637e-01;5.453253e-02;6.569482e-02;6.030115e-02;3.320106e-02;1.033750e-01;1.854121e-02;9.953777e-03
2.735831e-02;1.578318e-01;2.268892e-01;5.083312e-02;1.096629e-01;9.495854e-02;5.489647e-02;8.791804e-02;6.403689e-02;8.861036e-02;2.303642e-02;1.396802e-02
3.243427e-02;1.311552e-01;1.816192e-01;7.267430e-02;6.724462e-02;1.376919e-01;8.145301e-02;9.846223e-02;8.766899e-02;5.839352e-02;2.363996e-02;2.756280e-02
4.959428e-02;9.716064e-02;1.293977e-01;5.069746e-02;1.132668e-01;1.328898e-01;1.324015e-01;1.096498e-01;8.009588e-02;4.875196e-02;2.042441e-02;3.566975e-02
4.134072e-02;1.663948e-01;1.678300e-01;4.063669e-02;7.644071e-02;1.212442e-01;9.727792e-02;1.063895e-01;9.940195e-02;4.708083e-02;1.622604e-02;1.973663e-02
3.243615e-02;2.314007e-01;2.159328e-01;6.389797e-02;4.490362e-02;1.131085e-01;4.395924e-02;6.939736e-02;9.104707e-02;6.205926e-02;1.404095e-02;1.781635e-02
2.095194e-02;2.411906e-01;2.817884e-01;5.202927e-02;3.976984e-02;8.916786e-02;4.489251e-02;5.907603e-02;6.687091e-02;7.261594e-02;9.806381e-03;2.184029e-02
1.723887e-02;1.817095e-01;3.332392e-01;2.956256e-02;9.264594e-02;6.416604e-02;4.629003e-02;5.928237e-02;5.146554e-02;9.771472e-02;9.779641e-03;1.690564e-02
2.206339e-02;1.005414e-01;3.219974e-01;2.271245e-02;2.003392e-01;4.571766e-02;1.025791e-01;3.516247e-02;2.735990e-02;9.958888e-02;1.386760e-02;8.070543e-03
4.115376e-02;5.948045e-02;3.057871e-01;4.327738e-02;2.300581e-01;3.172646e-02;1.550207e-01;1.868948e-02;2.061679e-02;7.333549e-02;1.333565e-02;7.518701e-03
8.670694e-02;4.579038e-02;3.245135e-01;7.836792e-02;1.598668e-01;2.171571e-02;1.489250e-01;1.829942e-02;2.353786e-02;4.906842e-02;3.236889e-02;1.083909e-02
1.352034e-01;5.004002e-02;2.975107e-01;1.404497e-01;7.186303e-02;5.077122e-02;7.292350e-02;2.053140e-02;2.120308e-02;4.095215e-02;8.411233e-02;1.443939e-02
9.542602e-02;4.243994e-02;2.007109e-01;2.385073e-01;5.481814e-02;1.107133e-01;1.430202e-02;3.123958e-02;2.024541e-02;2.746528e-02;1.521041e-01;1.202797e-02
2.764420e-02;4.281102e-02;1.647025e-01;2.884988e-01;7.752107e-02;1.347545e-01;1.415547e-02;3.519048e-02;1.846637e-02;1.762530e-02;1.651026e-01;1.352769e-02
7.079064e-03;4.321311e-02;1.435248e-01;3.202754e-01;8.093435e-02;1.301803e-01;1.590649e-02;4.481877e-02;1.318630e-02;1.137062e-02;1.747336e-01;1.477719e-02
7.716383e-03;3.290610e-02;1.684104e-01;3.276328e-01;6.848922e-02;1.048380e-01;2.314210e-02;4.279689e-02;1.660864e-02;8.341848e-03;1.873642e-01;1.175345e-02
1.387244e-02;7.989896e-02;2.843750e-01;2.248854e-01;4.475756e-02;8.505339e-02;3.435725e-02;2.968008e-02;1.796676e-02;3.717198e-02;1.366300e-01;1.135124e-02
2.140714e-02;1.413743e-01;3.352857e-01;1.102533e-01;3.281122e-02;7.615592e-02;6.034512e-02;3.970966e-02;2.855217e-02;6.965782e-02;7.496364e-02;9.484008e-03
2.974780e-02;1.873591e-01;2.315349e-01;5.878229e-02;5.522178e-02;1.185313e-01;9.857456e-02;5.256229e-02;4.015098e-02;7.005573e-02;4.511934e-02;1.235995e-02
4.150220e-02;2.446947e-01;1.563471e-01;4.938672e-02;6.555139e-02;1.359799e-01;1.099459e-01;4.780755e-02;5.612501e-02;5.157286e-02;3.201497e-02;9.071699e-03
3.907901e-02;2.788478e-01;2.044553e-01;6.090385e-02;4.021547e-02;1.317487e-01;7.245457e-02;3.575770e-02;7.433840e-02;1.953670e-02;3.293968e-02;9.722849e-03
4.842697e-02;3.148497e-01;2.213673e-01;6.781362e-02;3.129479e-02;8.965518e-02;4.324521e-02;3.082189e-02;9.033687e-02;1.669383e-02;2.907404e-02;1.642070e-02
7.089179e-02;3.493648e-01;1.997028e-01;7.529727e-02;3.580322e-02;4.797059e-02;2.723156e-02;3.569675e-02;9.419418e-02;8.732706e-03;3.949921e-02;1.561520e-02
6.372754e-02;3.135097e-01;1.792885e-01;9.634069e-02;3.875183e-02;6.435611e-02;2.670000e-02;3.752249e-02;9.333175e-02;2.514416e-02;4.091021e-02;2.041702e-02
3.613730e-02;2.264906e-01;2.149473e-01;1.151945e-01;3.584338e-02;8.742213e-02;3.519299e-02;5.079614e-02;7.112536e-02;6.666860e-02;2.973297e-02;3.044872e-02
3.619244e-02;1.477344e-01;2.991657e-01;1.169452e-01;2.847273e-02;7.355807e-02;5.424199e-02;4.249305e-02;5.279539e-02;1.043747e-01;1.751864e-02;2.650782e-02
4.631109e-02;1.002058e-01;3.559286e-01;1.088892e-01;2.984002e-02;5.667205e-02;7.388500e-02;2.403432e-02;3.454112e-02;1.169720e-01;3.850314e-02;1.421771e-02
4.783715e-02;5.686189e-02;3.755051e-01;1.562706e-01;3.602300e-02;4.153628e-02;5.679074e-02;1.737949e-02;2.368471e-02;9.287079e-02;8.611591e-02;9.124300e-03
4.013863e-02;6.619350e-02;3.724385e-01;1.937467e-01;3.708937e-02;3.509190e-02;2.383008e-02;2.006943e-02;1.926984e-02;6.733035e-02;1.186129e-01;6.188838e-03
3.939252e-02;8.108242e-02;3.369514e-01;1.535551e-01;7.854582e-02;5.875192e-02;2.722436e-02;2.217106e-02;2.120401e-02;6.431257e-02;1.120045e-01;4.804215e-03
3.339887e-02;1.000757e-01;3.157256e-01;7.622417e-02;1.169181e-01;7.483480e-02;4.972748e-02;3.175752e-02;2.276540e-02;8.319780e-02;7.670051e-02;1.867402e-02
1.864816e-02;1.648963e-01;3.448358e-01;2.426127e-02;1.061897e-01;6.314258e-02;4.533954e-02;4.687045e-02;3.472513e-02;8.038235e-02;4.053815e-02;3.017059e-02
2.770798e-02;2.424842e-01;3.634354e-01;4.492579e-02;6.034642e-02;7.137547e-02;3.250052e-02;4.384973e-02;4.059056e-02;1.920549e-02;2.182649e-02;3.175191e-02
3.317743e-02;2.630646e-01;2.656332e-01;7.472195e-02;6.258868e-02;1.265906e-01;3.086793e-02;2.816395e-02;5.487695e-02;1.598494e-02;1.743662e-02;2.689318e-02
4.156962e-02;2.593527e-01;2.440340e-01;6.955084e-02;5.719300e-02;1.265079e-01;3.643235e-02;4.659021e-02;7.442018e-02;1.670831e-02;9.719685e-03;1.792121e-02
3.399360e-02;2.299549e-01;3.073167e-01;6.415004e-02;5.184408e-02;7.475834e-02;2.946508e-02;4.832416e-02;6.280354e-02;5.176353e-02;2.254565e-02;2.308046e-02
2.988303e-02;2.200977e-01;3.603710e-01;5.171494e-02;7.179183e-02;2.983913e-02;2.813535e-02;2.872839e-02;3.829128e-02;9.374215e-02;2.733432e-02;2.007088e-02
3.954158e-02;2.094157e-01;3.576188e-01;4.220479e-02;8.677752e-02;1.809448e-02;4.098401e-02;1.669278e-02;2.357909e-02;1.019502e-01;2.909798e-02;3.404314e-02
5.666329e-02;1.788460e-01;2.940279e-01;6.692000e-02;1.020112e-01;5.215205e-02;5.329746e-02;1.613709e-02;2.022713e-02;7.744133e-02;4.016190e-02;4.211467e-02
8.897826e-02;1.405120e-01;1.487275e-01;9.629832e-02;1.023339e-01;1.103498e-01;6.811545e-02;3.630650e-02;3.880110e-02;4.463368e-02;4.934035e-02;7.560320e-02
6.718502e-02;1.908870e-01;1.622017e-01;4.564062e-02;7.130215e-02;1.023904e-01;4.764662e-02;4.950069e-02;5.996468e-02;3.221191e-02;5.635532e-02;1.147139e-01
4.427572e-02;2.294135e-01;1.802727e-01;4.788912e-02;4.522892e-02;7.902186e-02;3.254410e-02;3.496808e-02;6.623045e-02;5.000962e-02;5.376958e-02;1.363764e-01
2.214698e-02;2.494802e-01;2.219096e-01;4.553830e-02;5.108371e-02;5.380896e-02;3.064624e-02;3.305272e-02;5.653508e-02;6.831337e-02;4.110924e-02;1.263756e-01
4.419135e-02;2.431224e-01;2.113246e-01;3.680649e-02;3.974792e-02;7.283238e-02;2.661460e-02;3.709583e-02;5.541442e-02;6.875803e-02;3.413761e-02;1.299544e-01
6.854258e-02;2.384466e-01;1.435364e-01;4.899096e-02;5.762011e-02;9.973914e-02;3.242605e-02;3.096102e-02;5.910179e-02;4.882852e-02;3.327885e-02;1.385279e-01
9.748264e-02;1.936045e-01;1.025452e-01;5.141149e-02;1.102738e-01;8.285510e-02;5.505959e-02;6.325540e-02;5.404104e-02;5.791619e-02;4.403991e-02;8.751515e-02
1.320027e-01;8.798120e-02;1.030691e-01;5.321303e-02;1.486762e-01;6.790124e-02;1.167975e-01;8.440935e-02;4.408101e-02;8.397285e-02;4.829901e-02;2.959689e-02
8.334968e-02;9.219974e-02;1.143955e-01;5.661631e-02;1.109766e-01;1.036092e-01;1.453161e-01;7.798897e-02;5.612200e-02;1.013858e-01;3.545047e-02;2.258965e-02
4.466237e-02;9.724217e-02;1.353823e-01;5.369213e-02;6.841061e-02;1.313120e-01;1.160782e-01;6.906515e-02;5.942388e-02;1.482366e-01;4.913565e-02;2.735887e-02
4.345838e-02;1.278310e-01;1.589403e-01;4.488511e-02;4.143710e-02;1.310446e-01;6.091031e-02;5.215735e-02;5.553199e-02;1.673737e-01;7.034367e-02;4.608648e-02
3.126424e-02;1.321567e-01;1.854363e-01;6.569352e-02;6.169214e-02;1.048488e-01;7.939962e-02;3.156969e-02;5.920434e-02;1.600478e-01;6.038805e-02;2.829880e-02
3.271124e-02;7.692850e-02;1.525774e-01;7.424340e-02;6.872142e-02;9.285128e-02;1.196880e-01;5.276020e-02;6.431548e-02;1.928602e-01;4.450765e-02;2.783529e-02
2.585366e-02;8.152264e-02;1.354512e-01;6.385000e-02;4.858646e-02;9.192793e-02;1.296909e-01;8.218311e-02;7.203787e-02;1.858482e-01;3.462072e-02;4.842732e-02
5.061957e-02;1.328510e-01;1.240072e-01;5.599470e-02;3.735734e-02;5.672145e-02;1.478463e-01;8.033910e-02;9.887987e-02;1.233242e-01;3.814379e-02;5.391549e-02
5.660861e-02;1.564318e-01;1.109976e-01;8.484674e-02;6.616460e-02;5.492210e-02;1.122458e-01;1.031328e-01;9.137437e-02;7.446779e-02;3.609920e-02;5.270860e-02
3.617146e-02;1.888099e-01;1.568250e-01;8.039869e-02;7.409403e-02;5.691024e-02;8.711662e-02;8.648812e-02;1.077569e-01;5.947378e-02;2.870008e-02;3.725524e-02
5.665406e-02;2.084438e-01;1.558692e-01;7.295685e-02;3.310183e-02;6.677692e-02;7.124274e-02;9.263013e-02;9.604814e-02;4.841176e-02;4.026971e-02;5.759480e-02
4.354133e-02;2.556534e-01;2.421078e-01;4.621640e-02;2.332170e-02;6.331029e-02;4.785258e-02;4.979051e-02;7.183504e-02;5.372272e-02;3.387177e-02;6.877641e-02
2.145664e-02;2.537788e-01;3.324968e-01;5.346818e-02;2.135619e-02;4.423486e-02;3.092107e-02;2.966512e-02;5.459221e-02;5.364443e-02;2.383705e-02;8.054867e-02
1.768262e-02;2.931608e-01;3.128574e-01;5.328209e-02;1.819038e-02;6.022426e-02;2.961858e-02;1.871005e-02;5.779684e-02;3.475736e-02;1.627995e-02;8.743967e-02
2.907549e-02;3.629927e-01;2.223604e-01;5.607595e-02;1.877780e-02;7.241313e-02;2.916936e-02;3.013793e-02;7.589049e-02;9.926788e-03;2.158799e-02;7.159206e-02
6.276392e-02;3.692797e-01;1.380679e-01;6.257908e-02;3.474888e-02;6.047466e-02;4.577918e-02;5.335778e-02;8.518041e-02;1.497041e-02;3.599730e-02;3.680076e-02
1.375695e-01;2.821247e-01;6.886673e-02;3.838992e-02;5.501266e-02;4.371625e-02;7.537545e-02;9.154933e-02;1.012277e-01;1.897868e-02;5.484509e-02;3.234392e-02
1.428446e-01;1.546260e-01;1.096724e-01;3.215030e-02;5.066580e-02;8.579829e-02;8.091690e-02;1.135043e-01;1.101835e-01;3.443836e-02;3.956040e-02;4.563915e-02
8.271518e-02;1.763855e-01;1.151732e-01;4.089921e-02;4.050896e-02;1.376669e-01;6.823301e-02;1.093713e-01;1.119873e-01;4.442563e-02;3.042541e-02;4.220838e-02
4.497261e-02;2.357948e-01;1.168923e-01;3.799624e-02;5.902498e-02;1.100248e-01;1.081149e-01;9.273283e-02;7.865209e-02;3.946820e-02;3.811238e-02;3.821389e-02
7.820340e-02;2.157059e-01;1.362055e-01;5.126478e-02;1.124069e-01;5.282110e-02;9.785159e-02;9.820848e-02;3.330091e-02;2.383924e-02;5.699640e-02;4.319567e-02
8.824313e-02;2.610762e-01;1.298290e-01;4.719140e-02;1.290403e-01;2.530514e-02;7.513706e-02;1.015818e-01;3.088030e-02;1.688409e-02;5.911264e-02;3.571893e-02
1.296045e-01;3.021255e-01;1.249786e-01;2.608542e-02;1.425088e-01;1.344625e-02;4.879684e-02;9.404122e-02;3.315122e-02;1.501559e-02;5.308041e-02;1.716562e-02
1.711838e-01;2.998239e-01;1.132440e-01;2.882174e-02;1.276314e-01;1.909768e-02;3.783273e-02;7.520674e-02;3.977400e-02;1.748266e-02;5.051403e-02;1.938721e-02
1.612514e-01;2.785298e-01;1.395479e-01;4.493554e-02;9.222920e-02;2.768624e-02;3.562143e-02;6.971629e-02;3.801798e-02;2.018957e-02;5.624000e-02;3.603471e-02
1.321150e-01;2.572799e-01;1.340171e-01;5.087967e-02;6.403152e-02;3.918043e-02;6.239911e-02;8.512142e-02;3.237179e-02;2.651926e-02;6.113473e-02;5.495005e-02
7.275593e-02;2.606091e-01;1.223005e-01;5.840773e-02;4.229101e-02;9.643745e-02;7.019601e-02;6.502376e-02;5.259700e-02;5.719724e-02;3.875047e-02;6.343380e-02
7.597853e-02;2.464197e-01;1.657308e-01;5.236723e-02;3.890083e-02;9.289423e-02;4.495489e-02;5.242494e-02;8.150123e-02;5.076666e-02;3.169618e-02;6.636491e-02
9.890977e-02;2.112678e-01;1.803716e-01;5.171966e-02;5.036718e-02;6.364450e-02;6.204176e-02;8.304799e-02;7.710813e-02;4.608396e-02;3.244748e-02;4.299007e-02
1.164100e-01;2.285838e-01;2.121017e-01;5.290203e-02;5.990549e-02;5.601266e-02;4.544444e-02;8.547244e-02;6.187666e-02;3.652884e-02;2.126338e-02;2.349865e-02
9.841646e-02;2.575620e-01;1.840432e-01;6.932199e-02;6.272469e-02;4.644993e-02;4.002437e-02;6.874704e-02;5.929465e-02;4.766955e-02;3.112505e-02;3.462103e-02
6.435004e-02;2.398057e-01;1.409721e-01;7.232100e-02;5.901167e-02;6.843401e-02;7.534897e-02;5.648318e-02;7.938161e-02;6.207089e-02;4.291113e-02;3.890966e-02
5.961144e-02;1.750472e-01;1.577704e-01;7.524911e-02;6.509700e-02;7.588308e-02;9.952426e-02;4.897370e-02;9.921099e-02;6.113368e-02;5.405125e-02;2.844794e-02
6.589148e-02;1.686591e-01;1.719075e-01;6.171163e-02;6.698932e-02;4.301861e-02;5.635824e-02;1.031602e-01;9.925911e-02;6.643098e-02;5.388233e-02;4.273159e-02
1.104401e-01;1.824905e-01;1.369688e-01;5.229600e-02;9.128083e-02;4.498148e-02;5.065799e-02;1.447443e-01;7.040853e-02;3.814978e-02;4.486427e-02;3.271732e-02
1.564277e-01;2.346554e-01;1.059389e-01;3.278707e-02;1.135329e-01;2.401587e-02;3.100529e-02;1.716533e-01;5.040555e-02;1.550929e-02;3.812599e-02;2.594268e-02
1.765197e-01;2.108490e-01;8.601814e-02;1.937448e-02;1.376993e-01;3.282044e-02;2.433730e-02;2.143043e-01;3.207665e-02;1.229967e-02;3.421843e-02;1.948254e-02
1.727403e-01;1.102138e-01;6.492581e-02;1.608317e-02;1.680334e-01;6.387120e-02;5.350371e-02;2.641097e-01;2.581397e-02;1.425042e-02;2.807499e-02;1.837951e-02
1.514654e-01;7.148623e-02;5.542971e-02;1.746960e-02;1.510120e-01;6.718257e-02;7.514726e-02;3.212103e-01;2.642791e-02;2.292680e-02;1.766061e-02;2.258171e-02
1.159629e-01;7.423832e-02;4.197507e-02;3.280168e-02;8.328957e-02;5.598281e-02;9.190080e-02;3.260637e-01;5.025850e-02;4.470105e-02;3.288817e-02;4.993750e-02
8.847596e-02;8.734132e-02;5.816194e-02;5.157801e-02;4.409556e-02;7.735297e-02;1.084089e-01;2.679606e-01;5.006972e-02;5.835751e-02;3.896772e-02;6.922982e-02
9.625826e-02;1.207694e-01;1.015197e-01;4.730971e-02;3.572108e-02;7.869292e-02;8.291861e-02;2.320024e-01;4.279684e-02;6.410032e-02;3.353504e-02;6.437576e-02
1.607716e-01;1.627414e-01;1.314268e-01;3.392821e-02;5.049857e-02;4.256961e-02;4.815853e-02;1.954253e-01;2.947498e-02;5.484731e-02;3.242343e-02;5.773430e-02
1.924627e-01;1.729550e-01;1.064530e-01;3.986904e-02;5.984601e-02;4.194029e-02;6.538397e-02;1.539110e-01;3.035296e-02;4.308563e-02;2.534410e-02;6.839633e-02
2.149881e-01;1.888216e-01;6.846090e-02;2.543611e-02;1.240093e-01;3.411479e-02;5.770177e-02;1.575291e-01;2.020294e-02;2.582341e-02;2.886450e-02;5.404762e-02
2.004428e-01;1.990673e-01;1.003560e-01;1.874362e-02;1.688903e-01;1.625587e-02;4.610249e-02;1.563166e-01;1.459920e-02;1.071112e-02;3.599478e-02;3.251996e-02
1.900196e-01;1.957567e-01;1.122485e-01;2.960827e-02;1.670261e-01;1.939475e-02;3.843123e-02;1.592969e-01;1.493199e-02;1.180264e-02;3.723114e-02;2.425221e-02
1.873054e-01;1.922810e-01;1.365208e-01;2.830055e-02;1.377481e-01;3.251638e-02;3.861362e-02;1.530739e-01;2.574923e-02;1.100700e-02;3.360431e-02;2.327971e-02
1.893725e-01;1.687651e-01;1.286253e-01;3.206649e-02;1.229262e-01;4.748993e-02;5.156827e-02;1.674810e-01;3.135558e-02;1.471308e-02;2.038467e-02;2.525186e-02
1.475826e-01;1.724917e-01;1.480732e-01;3.838268e-02;9.678753e-02;7.184075e-02;6.650548e-02;1.557786e-01;2.567415e-02;2.279206e-02;2.039062e-02;3.370071e-02
8.612315e-02;1.408715e-01;1.608763e-01;5.274671e-02;1.213057e-01;1.036202e-01;5.575123e-02;1.465051e-01;3.615895e-02;1.526698e-02;3.725461e-02;4.351946e-02
6.293350e-02;1.320684e-01;1.567381e-01;4.898531e-02;1.445212e-01;1.090643e-01;5.200604e-02;1.179896e-01;6.102508e-02;3.840576e-02;3.590322e-02;4.035954e-02
4.927757e-02;9.147721e-02;9.891097e-02;4.698262e-02;1.057119e-01;1.082069e-01;1.134741e-01;1.485976e-01;7.362776e-02;6.771889e-02;2.612432e-02;6.989019e-02
5.542022e-02;9.196476e-02;1.218557e-01;6.312642e-02;8.256801e-02;8.395675e-02;1.439196e-01;1.460918e-01;4.761405e-02;4.372173e-02;5.942305e-02;6.033783e-02
6.767574e-02;1.150610e-01;1.245637e-01;7.474805e-02;6.567632e-02;7.750943e-02;1.193871e-01;1.336490e-01;4.973522e-02;5.185340e-02;8.159078e-02;3.855024e-02
9.297426e-02;9.313179e-02;1.236813e-01;7.615227e-02;6.863308e-02;8.270380e-02;1.172825e-01;1.272038e-01;4.596909e-02;5.421126e-02;7.714646e-02;4.091032e-02
1.081176e-01;8.429238e-02;1.458533e-01;5.209278e-02;9.185572e-02;7.071142e-02;9.397688e-02;1.312572e-01;6.959503e-02;6.638576e-02;4.534754e-02;4.051441e-02
1.330688e-01;1.195097e-01;1.346011e-01;6.049091e-02;7.294522e-02;6.417883e-02;6.380788e-02;1.295133e-01;7.052936e-02;7.291318e-02;4.247066e-02;3.597115e-02
1.676276e-01;1.044465e-01;1.183254e-01;6.552240e-02;7.901990e-02;9.736199e-02;6.569576e-02;9.992482e-02;5.303039e-02;8.101095e-02;3.886189e-02;2.917238e-02
1.378542e-01;1.095626e-01;1.454921e-01;5.304653e-02;7.247501e-02;1.027138e-01;5.377946e-02;1.081794e-01;4.045206e-02;7.941282e-02;3.665725e-02;6.037477e-02
1.123425e-01;1.496176e-01;1.000499e-01;4.458441e-02;5.376415e-02;8.238881e-02;8.048948e-02;1.464301e-01;3.782660e-02;8.920416e-02;2.677361e-02;7.652868e-02
1.290395e-01;1.516690e-01;7.370966e-02;3.208499e-02;5.085566e-02;6.614757e-02;9.414694e-02;1.592182e-01;3.213659e-02;1.257886e-01;2.334940e-02;6.185392e-02
1.250961e-01;1.215374e-01;6.131491e-02;3.443411e-02;4.078951e-02;6.904308e-02;1.174808e-01;1.485423e-01;2.665082e-02;1.667012e-01;1.483350e-02;7.357632e-02
8.354226e-02;7.164215e-02;3.762341e-02;9.740634e-02;2.577437e-02;5.973727e-02;1.952425e-01;1.151624e-01;1.669659e-02;1.584500e-01;1.470980e-02;1.240129e-01
3.893840e-02;6.667733e-02;2.327236e-02;1.591804e-01;1.338099e-02;3.828062e-02;2.849116e-01;7.495882e-02;9.924059e-03;1.082921e-01;1.185560e-02;1.703278e-01
1.833718e-02;8.671385e-02;1.538873e-02;1.691806e-01;1.448763e-02;2.595488e-02;3.239218e-01;3.682561e-02;1.361016e-02;8.609261e-02;1.532206e-02;1.941649e-01
1.331965e-02;9.193283e-02;2.065638e-02;1.518774e-01;1.836458e-02;2.139322e-02;3.050359e-01;3.199030e-02;1.847045e-02;1.127543e-01;1.387747e-02;2.003276e-01
2.755307e-02;9.768906e-02;2.890778e-02;1.170738e-01;2.133303e-02;3.518338e-02;2.542571e-01;4.315217e-02;3.028549e-02;1.229126e-01;1.631831e-02;2.053343e-01
3.485220e-02;8.559301e-02;5.674824e-02;6.624600e-02;3.636757e-02;6.787488e-02;1.971846e-01;5.506708e-02;6.034154e-02;1.081800e-01;3.529258e-02;1.962523e-01
3.458972e-02;6.391890e-02;9.406619e-02;4.034860e-02;5.328994e-02;8.759987e-02;1.665712e-01;8.521046e-02;9.795422e-02;9.824870e-02;6.949056e-02;1.087116e-01
3.241499e-02;5.927988e-02;7.485637e-02;6.000102e-02;6.560457e-02;7.160280e-02;1.451287e-01;1.069448e-01;1.250466e-01;1.477630e-01;3.852539e-02;7.283197e-02
6.164779e-02;8.111121e-02;5.302300e-02;5.690864e-02;8.120093e-02;5.207230e-02;1.007742e-01;1.151158e-01;1.151391e-01;2.146771e-01;1.464440e-02;5.368550e-02
6.722993e-02;9.699667e-02;4.952743e-02;4.766850e-02;8.481425e-02;6.528871e-02;1.386970e-01;1.068410e-01;8.308524e-02;2.042949e-01;1.584013e-02;3.971625e-02
5.966833e-02;9.987255e-02;5.023852e-02;4.786365e-02;7.583508e-02;9.909424e-02;1.492035e-01;9.937496e-02;8.530132e-02;1.442541e-01;2.921802e-02;6.007572e-02
3.843486e-02;7.745714e-02;5.843472e-02;7.649247e-02;1.088714e-01;6.933738e-02;1.270332e-01;1.023813e-01;1.127290e-01;1.340624e-01;4.908636e-02;4.567971e-02
4.013444e-02;6.740136e-02;5.784460e-02;6.935614e-02;1.145199e-01;6.011379e-02;1.108703e-01;9.744843e-02;8.822876e-02;1.475743e-01;9.212885e-02;5.437916e-02
3.630717e-02;7.781284e-02;5.060213e-02;6.156786e-02;9.101132e-02;7.676115e-02;9.997763e-02;1.098764e-01;8.250568e-02;1.207633e-01;1.262819e-01;6.653257e-02
3.486461e-02;8.550996e-02;7.304302e-02;5.389965e-02;6.921902e-02;1.027149e-01;7.560195e-02;1.291792e-01;9.596574e-02;8.963141e-02;1.320433e-01;5.832729e-02
4.265335e-02;1.086444e-01;7.545710e-02;3.226588e-02;9.576672e-02;1.090417e-01;5.749554e-02;1.434272e-01;1.058834e-01;9.307123e-02;9.282507e-02;4.346840e-02
4.160046e-02;1.005483e-01;5.287257e-02;4.938363e-02;1.338059e-01;6.633960e-02;7.269993e-02;1.545744e-01;1.388264e-01;1.261158e-01;3.579017e-02;2.744288e-02
7.126182e-02;6.928258e-02;5.072876e-02;1.095647e-01;1.244520e-01;2.580942e-02;7.385316e-02;1.380127e-01;1.848655e-01;1.139614e-01;1.751856e-02;2.068934e-02
1.129493e-01;4.615272e-02;3.679005e-02;1.835222e-01;1.291655e-01;2.152700e-02;4.074107e-02;1.156576e-01;1.878358e-01;6.470031e-02;2.892664e-02;3.203183e-02
1.547944e-01;4.068640e-02;2.924781e-02;2.263651e-01;1.188633e-01;2.237789e-02;3.956898e-02;7.015928e-02;1.751053e-01;7.787828e-02;2.508059e-02;1.987269e-02
1.566096e-01;3.666927e-02;5.387714e-02;2.508211e-01;8.494069e-02;4.026425e-02;3.760841e-02;7.521577e-02;1.544709e-01;5.707479e-02;2.420130e-02;2.824673e-02
1.239938e-01;3.121716e-02;9.420876e-02;2.762057e-01;6.253133e-02;4.779633e-02;1.663445e-02;1.154978e-01;1.296794e-01;3.280637e-02;1.979854e-02;4.963036e-02
7.026881e-02;4.082940e-02;1.733013e-01;2.220214e-01;5.635055e-02;6.038759e-02;2.262752e-02;1.639008e-01;7.708891e-02;1.312798e-02;1.238123e-02;8.771455e-02
3.206839e-02;6.406713e-02;2.547432e-01;1.346359e-01;6.000059e-02;5.494453e-02;4.161412e-02;1.917614e-01;3.275585e-02;9.648173e-03;4.146472e-02;8.229603e-02
2.172171e-02;1.150606e-01;2.277934e-01;7.243264e-02;1.189727e-01;3.594574e-02;7.118558e-02;1.803696e-01;1.879372e-02;1.533193e-02;9.120102e-02;3.119126e-02
2.892575e-02;1.626899e-01;1.283916e-01;3.348082e-02;1.630971e-01;3.699274e-02;1.283300e-01;1.340641e-01;2.334529e-02;1.890546e-02;1.194484e-01;2.232883e-02
3.519101e-02;2.076427e-01;8.831102e-02;3.378280e-02;1.335012e-01;4.339654e-02;1.912837e-01;9.267639e-02;2.628378e-02;1.657056e-02;1.168308e-01;1.452952e-02
3.062236e-02;2.282284e-01;5.786461e-02;7.206160e-02;6.615036e-02;9.724397e-02;2.272735e-01;6.820422e-02;2.729993e-02;2.657268e-02;9.399347e-02;4.484897e-03
8.098555e-02;2.227003e-01;4.217761e-02;8.576587e-02;2.907249e-02;1.192727e-01;2.297101e-01;4.572980e-02;3.019888e-02;3.007022e-02;6.547639e-02;1.884015e-02
1.958980e-01;1.626358e-01;5.466595e-02;6.597777e-02;2.122783e-02;1.327343e-01;1.848258e-01;5.448407e-02;3.048188e-02;2.636504e-02;3.305234e-02;3.765113e-02
2.503477e-01;1.046308e-01;3.058620e-02;5.096800e-02;2.550017e-02;1.674720e-01;1.224886e-01;3.303501e-02;3.128459e-02;1.074164e-01;1.012160e-02;6.614886e-02
1.904177e-01;1.016034e-01;2.734240e-02;4.810914e-02;3.066006e-02;1.790919e-01;6.844997e-02;3.233060e-02;5.709228e-02;1.922952e-01;1.638539e-02;5.622197e-02
1.035804e-01;1.001726e-01;1.763382e-02;5.145844e-02;2.849392e-02;2.217637e-01;9.357737e-02;4.525793e-02;7.715271e-02;2.116382e-01;2.885708e-02;2.041384e-02
7.647847e-02;9.187070e-02;3.006375e-02;6.160857e-02;1.981394e-02;3.021114e-01;1.061505e-01;3.690751e-02;6.615176e-02;1.388068e-01;3.627824e-02;3.375838e-02
7.119718e-02;9.648757e-02;4.398901e-02;7.038369e-02;6.384047e-02;3.519027e-01;3.899458e-02;6.822409e-02;5.160604e-02;7.415673e-02;3.148255e-02;3.773538e-02
1.156148e-01;4.021972e-02;5.752587e-02;8.093925e-02;6.547787e-02;2.962040e-01;6.787258e-02;1.011829e-01;3.967492e-02;5.925993e-02;2.600239e-02;5.002577e-02
1.238840e-01;9.898318e-02;4.876500e-02;7.133714e-02;6.447040e-02;2.131128e-01;8.257028e-02;7.514323e-02;5.556928e-02;5.108810e-02;5.804093e-02;5.703557e-02
1.056678e-01;1.039564e-01;5.576448e-02;5.803671e-02;6.345695e-02;1.668113e-01;1.205941e-01;9.619935e-02;5.093359e-02;3.985540e-02;1.071752e-01;3.154880e-02
6.085805e-02;1.064329e-01;6.778447e-02;6.673600e-02;6.740170e-02;1.166967e-01;1.370097e-01;1.396756e-01;3.780134e-02;7.201982e-02;1.037331e-01;2.385060e-02
7.958204e-02;1.367095e-01;1.045656e-01;6.510013e-02;7.465327e-02;7.205280e-02;1.018035e-01;1.474224e-01;3.801641e-02;1.221470e-01;3.341373e-02;2.453362e-02
1.194377e-01;7.295286e-02;1.152634e-01;8.288651e-02;6.439254e-02;7.014664e-02;5.166481e-02;1.368995e-01;4.199539e-02;1.525684e-01;3.500666e-02;5.678560e-02
9.167618e-02;9.069868e-02;1.190261e-01;8.247335e-02;7.783723e-02;7.734737e-02;3.558896e-02;1.363847e-01;5.851609e-02;1.475819e-01;2.177983e-02;6.108955e-02
8.011290e-02;1.115195e-01;1.084849e-01;8.010357e-02;6.388004e-02;7.086997e-02;5.132801e-02;1.058962e-01;5.595755e-02;1.174879e-01;6.454817e-02;8.981120e-02
1.003534e-01;1.031704e-01;1.195855e-01;6.291939e-02;4.816470e-02;8.024108e-02;7.825863e-02;9.547278e-02;5.547595e-02;8.246318e-02;7.559481e-02;9.830019e-02
1.345348e-01;7.447921e-02;1.495233e-01;5.411237e-02;5.405521e-02;8.620746e-02;8.527764e-02;7.786566e-02;4.417858e-02;8.032688e-02;5.848071e-02;1.009582e-01
