1.084643e-01;7.506349e-02;9.563558e-02;7.181647e-02;9.214269e-02;3.763572e-02;1.878423e-01;4.314421e-02;8.510220e-02;8.530234e-02;7.336842e-02;4.448238e-02
1.230590e-01;5.882569e-02;1.489972e-01;8.345502e-02;8.897816e-02;4.354370e-02;1.264305e-01;2.736601e-02;9.113559e-02;9.452444e-02;6.055082e-02;5.313385e-02
1.239483e-01;6.276830e-02;2.497947e-01;8.849438e-02;6.963718e-02;4.205888e-02;1.091022e-01;2.662496e-02;6.246100e-02;6.437952e-02;5.322084e-02;4.750981e-02
1.199119e-01;8.546781e-02;2.682129e-01;7.987171e-02;6.995730e-02;4.548270e-02;1.201049e-01;4.429354e-02;4.596506e-02;5.573214e-02;3.411265e-02;3.088730e-02
1.204462e-01;8.308735e-02;2.088943e-01;8.668355e-02;6.596074e-02;5.526206e-02;1.734445e-01;4.217559e-02;4.188082e-02;6.159894e-02;2.482555e-02;3.574042e-02
1.008986e-01;7.360511e-02;8.744411e-02;9.276549e-02;7.234515e-02;7.723724e-02;2.633381e-01;3.472131e-02;5.013483e-02;6.969500e-02;2.883353e-02;4.898146e-02
1.768246e-01;7.056320e-02;5.855843e-02;6.854595e-02;5.782419e-02;7.773304e-02;2.464094e-01;5.941995e-02;5.436274e-02;5.057369e-02;2.633446e-02;5.285031e-02
3.166001e-01;4.456030e-02;7.406893e-02;4.843985e-02;3.800372e-02;6.114907e-02;1.752755e-01;8.486985e-02;4.535601e-02;3.016439e-02;1.388340e-02;6.762886e-02
4.104674e-01;7.273255e-02;9.102112e-02;2.164015e-02;4.631192e-02;3.277353e-02;8.627167e-02;1.130534e-01;2.180248e-02;2.311204e-02;1.713406e-02;6.367964e-02
4.333006e-01;1.086906e-01;1.066711e-01;1.210449e-02;5.742454e-02;1.279791e-02;7.064610e-02;9.654341e-02;2.339960e-02;1.792439e-02;1.486518e-02;4.563214e-02
4.057749e-01;1.384709e-01;1.260652e-01;2.060846e-02;5.123748e-02;2.200833e-02;7.453027e-02;6.765763e-02;1.750490e-02;1.426528e-02;1.673913e-02;4.513752e-02
3.602425e-01;1.357245e-01;1.220458e-01;3.137268e-02;3.867863e-02;4.076098e-02;1.001486e-01;4.724073e-02;1.790441e-02;2.236294e-02;2.633264e-02;5.718560e-02
3.010985e-01;8.874275e-02;1.110113e-01;3.519092e-02;3.372741e-02;7.560539e-02;1.325231e-01;4.197595e-02;3.782150e-02;3.711041e-02;3.532306e-02;6.986982e-02
3.367532e-01;1.002905e-01;4.306192e-02;3.022254e-02;4.278594e-02;7.171348e-02;1.099175e-01;5.985582e-02;3.713941e-02;3.910374e-02;4.064953e-02;8.850631e-02
2.865779e-01;1.282001e-01;7.999758e-02;3.685931e-02;4.698689e-02;3.417411e-02;7.790293e-02;7.687408e-02;5.201890e-02;4.627671e-02;4.912672e-02;8.500475e-02
1.741048e-01;1.179999e-01;7.680710e-02;4.065998e-02;5.804470e-02;3.565297e-02;9.543329e-02;1.016397e-01;7.921321e-02;6.814045e-02;5.612387e-02;9.618004e-02
1.391021e-01;1.248688e-01;1.300098e-01;4.788123e-02;8.077250e-02;5.117402e-02;7.224321e-02;8.891453e-02;7.010081e-02;4.685635e-02;4.518941e-02;1.028872e-01
2.076115e-01;8.079392e-02;1.476656e-01;7.028843e-02;8.613148e-02;7.452308e-02;9.998510e-02;7.106982e-02;4.484215e-02;1.780925e-02;2.490666e-02;7.437298e-02
9.931824e-02;7.426401e-02;2.121593e-01;7.329758e-02;8.273643e-02;8.207814e-02;1.242220e-01;7.819995e-02;5.662061e-02;5.256237e-02;2.589478e-02;3.864656e-02
4.922377e-02;7.901755e-02;3.122518e-01;6.415511e-02;6.057498e-02;6.413299e-02;1.089085e-01;7.335113e-02;6.607879e-02;7.393088e-02;1.725332e-02;3.112114e-02
4.506120e-02;1.217832e-01;3.602284e-01;3.552017e-02;3.060249e-02;4.658525e-02;6.688754e-02;6.619930e-02;6.126876e-02;1.227512e-01;8.929233e-03;3.418328e-02
1.763862e-02;1.515152e-01;3.019886e-01;2.640181e-02;1.299125e-02;4.302299e-02;2.731628e-02;5.872388e-02;1.525066e-01;1.472597e-01;1.431789e-02;4.631717e-02
7.843433e-02;1.570993e-01;1.773423e-01;2.052053e-02;2.215220e-02;3.780404e-02;2.997842e-02;6.882229e-02;2.241669e-01;1.053641e-01;3.198438e-02;4.633124e-02
1.831503e-01;1.069432e-01;1.192431e-01;1.271377e-02;4.916761e-02;3.212961e-02;4.528561e-02;1.235730e-01;1.530929e-01;7.324714e-02;5.575630e-02;4.569740e-02
2.824745e-01;4.199009e-02;1.109092e-01;1.427586e-02;5.926147e-02;3.255099e-02;5.996522e-02;1.904479e-01;6.163628e-02;6.348662e-02;4.831020e-02;3.469171e-02
2.624813e-01;3.557506e-02;1.023155e-01;1.727060e-02;3.653288e-02;4.598964e-02;1.017122e-01;1.762605e-01;1.071910e-01;5.288044e-02;2.117014e-02;4.062071e-02
1.593526e-01;2.414009e-02;9.832403e-02;3.405387e-02;1.579150e-02;8.209496e-02;2.125708e-01;1.054816e-01;1.499652e-01;4.565332e-02;1.783114e-02;5.474093e-02
1.398020e-01;3.661072e-02;7.896095e-02;3.387022e-02;3.092992e-02;1.172966e-01;2.797128e-01;6.078557e-02;1.051292e-01;3.932074e-02;2.282873e-02;5.475258e-02
1.755760e-01;5.425608e-02;9.638023e-02;2.799485e-02;3.829932e-02;1.079003e-01;2.325453e-01;1.138046e-01;5.721325e-02;4.294126e-02;2.372856e-02;2.936015e-02
1.868294e-01;6.489581e-02;1.346632e-01;2.493669e-02;4.032767e-02;8.877257e-02;1.458726e-01;1.224563e-01;7.505103e-02;4.697645e-02;3.767087e-02;3.154745e-02
1.202385e-01;4.143289e-02;1.793777e-01;3.257725e-02;6.963503e-02;9.311690e-02;9.313049e-02;1.024385e-01;1.173209e-01;5.407227e-02;5.209565e-02;4.456385e-02
1.206523e-01;2.880697e-02;1.596310e-01;2.983549e-02;9.913088e-02;8.918530e-02;1.255306e-01;9.483092e-02;1.036792e-01;5.492426e-02;4.322246e-02;5.057065e-02
1.851148e-01;4.342058e-02;9.653546e-02;6.447592e-02;7.080797e-02;7.055593e-02;1.746659e-01;7.065766e-02;4.830667e-02;6.716523e-02;3.577511e-02;7.251883e-02
2.072883e-01;4.484423e-02;3.865048e-02;8.519365e-02;3.162730e-02;1.025152e-01;1.850082e-01;6.903230e-02;3.084883e-02;9.839018e-02;2.847151e-02;7.812984e-02
1.954368e-01;2.226578e-02;2.096166e-02;7.881115e-02;1.042655e-02;1.689027e-01;1.767462e-01;6.035190e-02;4.047139e-02;1.199397e-01;2.204726e-02;8.363886e-02
1.612312e-01;2.906367e-02;2.882602e-02;5.975349e-02;8.426341e-03;1.784927e-01;1.901052e-01;8.740474e-02;4.277899e-02;1.138211e-01;2.290221e-02;7.719427e-02
1.291128e-01;3.407130e-02;3.546799e-02;6.669175e-02;2.050439e-02;1.210608e-01;2.350576e-01;1.207688e-01;3.480079e-02;9.896696e-02;2.906842e-02;7.442839e-02
1.080913e-01;2.558873e-02;4.213468e-02;7.805680e-02;3.675398e-02;7.960340e-02;2.662343e-01;1.392144e-01;3.585069e-02;7.902034e-02;3.546426e-02;7.398710e-02
1.576822e-01;6.874994e-02;1.316715e-01;5.962023e-02;3.298772e-02;6.085758e-02;1.925560e-01;1.305506e-01;3.650599e-02;5.044779e-02;2.925209e-02;4.911841e-02
2.664242e-01;1.408048e-01;2.026161e-01;4.349433e-02;2.532999e-02;5.307040e-02;7.007976e-02;8.572464e-02;3.433987e-02;3.225099e-02;2.066409e-02;2.520084e-02
2.879914e-01;1.545787e-01;2.020812e-01;3.615096e-02;2.771352e-02;4.084484e-02;8.770242e-02;4.042777e-02;3.448729e-02;3.682807e-02;1.735791e-02;3.383582e-02
2.988813e-01;1.243739e-01;1.673429e-01;3.490677e-02;2.448774e-02;4.664512e-02;1.029832e-01;4.864848e-02;2.689921e-02;4.466876e-02;2.466081e-02;5.550192e-02
2.612533e-01;8.516700e-02;1.158215e-01;3.975338e-02;3.076009e-02;4.826063e-02;1.421582e-01;4.228251e-02;5.332824e-02;7.975838e-02;3.628632e-02;6.517046e-02
2.385235e-01;6.680437e-02;8.665564e-02;2.811758e-02;3.924080e-02;6.331624e-02;1.089771e-01;9.642617e-02;9.835854e-02;9.024773e-02;3.529815e-02;4.803413e-02
2.622598e-01;8.199436e-02;1.197358e-01;3.085380e-02;4.646559e-02;6.526529e-02;5.087684e-02;9.246548e-02;1.047210e-01;7.013787e-02;3.356447e-02;4.165979e-02
2.286797e-01;6.843898e-02;1.145076e-01;4.551059e-02;5.836663e-02;4.758183e-02;1.317541e-01;4.960462e-02;1.055993e-01;5.045279e-02;3.441725e-02;6.508663e-02
1.789096e-01;4.945187e-02;8.940312e-02;5.861390e-02;5.357158e-02;5.664403e-02;1.607815e-01;7.838906e-02;1.094138e-01;5.910156e-02;3.483539e-02;7.088468e-02
1.321614e-01;3.344238e-02;1.125935e-01;6.103126e-02;4.894180e-02;5.259165e-02;1.763231e-01;1.029531e-01;1.084443e-01;6.973988e-02;3.407573e-02;6.770181e-02
1.796560e-01;4.105223e-02;1.361467e-01;5.581041e-02;2.644396e-02;3.308630e-02;2.051919e-01;6.814718e-02;8.910792e-02;8.502278e-02;2.799002e-02;5.234457e-02
1.697431e-01;4.743180e-02;1.356881e-01;5.890260e-02;2.104412e-02;3.872272e-02;1.965038e-01;8.569282e-02;6.755041e-02;8.656861e-02;3.018272e-02;6.196918e-02
1.299367e-01;3.746988e-02;1.575871e-01;7.265295e-02;2.669687e-02;4.476562e-02;1.468090e-01;1.551110e-01;4.703529e-02;7.242502e-02;3.632531e-02;7.318524e-02
7.713240e-02;3.664912e-02;1.869817e-01;9.438936e-02;2.712285e-02;6.875551e-02;1.201413e-01;1.485043e-01;6.950731e-02;5.292464e-02;4.017487e-02;7.771657e-02
4.072314e-02;4.254841e-02;1.522715e-01;1.056931e-01;3.941303e-02;7.926705e-02;1.695277e-01;9.244706e-02;7.083319e-02;8.244313e-02;5.582419e-02;6.900855e-02
4.845734e-02;5.296558e-02;1.494327e-01;9.340158e-02;3.655138e-02;6.011542e-02;2.301488e-01;8.152861e-02;4.371360e-02;8.619056e-02;5.281486e-02;6.467947e-02
8.837989e-02;6.540255e-02;1.208678e-01;7.604598e-02;2.291547e-02;4.863400e-02;2.488758e-01;1.132099e-01;5.360235e-02;6.840324e-02;3.061824e-02;6.304482e-02
1.022501e-01;4.852493e-02;7.183761e-02;7.693728e-02;2.173842e-02;5.623129e-02;2.346910e-01;1.317254e-01;7.392930e-02;9.352273e-02;3.163138e-02;5.698066e-02
9.074242e-02;3.011748e-02;8.636756e-02;1.037664e-01;3.562986e-02;5.815637e-02;2.043709e-01;8.959203e-02;9.469317e-02;1.258072e-01;2.920371e-02;5.155291e-02
1.291340e-01;6.960712e-02;9.979654e-02;1.088018e-01;2.630961e-02;4.965651e-02;1.520946e-01;7.286632e-02;8.207463e-02;1.089893e-01;3.793115e-02;6.273839e-02
2.013064e-01;7.112788e-02;7.850906e-02;9.565280e-02;4.519591e-02;5.857420e-02;9.120323e-02;6.604607e-02;8.009786e-02;7.843161e-02;5.166490e-02;8.219015e-02
1.572458e-01;8.192775e-02;1.078560e-01;8.487687e-02;7.207377e-02;4.569247e-02;7.402609e-02;5.110799e-02;8.991415e-02;8.935302e-02;6.146441e-02;8.446170e-02
1.167025e-01;9.548945e-02;2.061176e-01;7.855744e-02;6.532903e-02;5.511661e-02;7.238582e-02;7.559120e-02;5.660337e-02;7.535155e-02;3.188253e-02;7.087298e-02
1.833741e-01;1.251046e-01;2.226787e-01;3.846838e-02;1.004205e-01;3.881305e-02;8.782531e-02;7.003753e-02;3.785105e-02;3.678238e-02;1.651931e-02;4.212492e-02
2.743063e-01;1.564143e-01;1.887576e-01;1.381158e-02;1.127625e-01;2.812991e-02;6.197446e-02;7.002007e-02;2.643195e-02;2.268067e-02;1.298755e-02;3.172297e-02
3.299813e-01;1.669952e-01;1.487511e-01;1.511737e-02;9.749095e-02;2.002554e-02;4.987426e-02;6.889791e-02;3.103312e-02;1.912286e-02;1.439880e-02;3.831164e-02
3.140972e-01;1.496897e-01;1.211961e-01;3.703440e-02;6.819657e-02;2.756883e-02;8.196580e-02;5.953338e-02;4.384258e-02;2.851704e-02;2.136617e-02;4.699214e-02
2.420073e-01;1.225733e-01;1.521211e-01;4.806093e-02;4.180303e-02;3.791206e-02;1.388971e-01;5.220984e-02;5.926370e-02;3.521026e-02;3.007661e-02;3.986478e-02
2.346236e-01;1.264333e-01;1.592804e-01;2.973536e-02;6.098790e-02;4.288074e-02;1.089419e-01;7.922503e-02;7.063819e-02;2.881336e-02;2.187558e-02;3.656467e-02
2.512349e-01;2.159315e-01;1.872997e-01;3.639711e-02;7.197174e-02;2.531056e-02;4.262162e-02;5.486166e-02;4.553258e-02;3.228375e-02;1.199243e-02;2.456234e-02
2.119222e-01;2.953623e-01;2.014638e-01;5.096116e-02;4.418600e-02;2.840252e-02;2.262112e-02;2.632225e-02;6.166715e-02;3.703758e-02;9.086741e-03;1.096718e-02
1.595601e-01;3.487570e-01;2.146263e-01;6.416881e-02;1.721016e-02;5.193445e-02;8.958140e-03;8.917743e-03;9.832659e-02;2.108766e-02;2.070861e-03;4.382231e-03
1.400955e-01;3.461671e-01;1.969797e-01;6.132408e-02;1.099503e-02;1.002133e-01;7.555068e-03;6.777323e-03;1.137655e-01;8.286462e-03;1.773545e-03;6.067459e-03
1.442047e-01;3.289034e-01;1.602000e-01;4.637524e-02;1.071006e-02;1.654514e-01;4.814302e-03;1.080936e-02;1.081780e-01;6.714103e-03;2.146475e-03;1.149307e-02
1.260069e-01;3.150898e-01;1.795814e-01;2.898364e-02;1.178713e-02;1.875561e-01;1.248500e-02;2.254151e-02;8.959176e-02;1.025801e-02;1.554622e-03;1.456428e-02
9.110916e-02;2.723307e-01;2.931013e-01;1.720476e-02;2.625357e-02;1.159208e-01;4.510316e-02;3.785492e-02;6.531481e-02;2.200626e-02;2.892246e-03;1.090831e-02
9.243296e-02;1.965512e-01;3.962995e-01;3.289093e-02;3.295914e-02;4.285910e-02;7.696132e-02;2.886627e-02;5.862201e-02;2.957930e-02;5.364661e-03;6.613679e-03
9.204758e-02;1.180733e-01;4.211195e-01;5.860185e-02;2.957471e-02;5.216553e-02;7.051758e-02;3.440176e-02;8.065897e-02;2.694825e-02;1.071628e-02;5.174704e-03
7.214798e-02;2.321542e-02;3.601794e-01;1.089869e-01;4.460562e-02;6.388780e-02;8.574710e-02;7.639501e-02;9.550840e-02;3.306112e-02;2.745682e-02;8.808469e-03
4.371133e-02;8.515728e-02;2.626018e-01;1.253060e-01;5.023152e-02;7.457794e-02;3.868819e-02;1.982200e-01;5.156854e-02;2.687277e-02;3.709963e-02;5.965054e-03
3.832124e-02;9.811969e-02;1.984614e-01;1.151424e-01;7.480246e-02;7.299268e-02;2.441818e-02;2.652187e-01;3.404647e-02;3.337071e-02;3.654350e-02;8.562529e-03
3.910672e-02;6.868891e-02;2.129551e-01;1.037924e-01;1.272728e-01;5.879755e-02;6.851480e-02;1.689404e-01;6.075013e-02;4.330501e-02;2.899684e-02;1.887934e-02
3.439227e-02;3.321236e-02;2.540672e-01;7.696008e-02;1.786678e-01;8.304299e-02;1.243021e-01;4.869876e-02;9.844299e-02;2.746712e-02;1.417531e-02;2.657095e-02
2.544589e-02;2.422694e-02;2.060240e-01;3.695594e-02;2.235341e-01;1.042971e-01;1.590261e-01;4.099880e-02;1.342281e-01;1.217873e-02;8.215575e-03;2.486871e-02
2.771231e-02;4.034153e-02;2.047840e-01;4.103006e-02;2.132126e-01;1.257531e-01;1.159864e-01;5.992442e-02;1.346176e-01;9.008898e-03;1.031725e-02;1.731174e-02
3.620956e-02;5.955831e-02;1.515917e-01;3.822370e-02;2.028141e-01;1.252545e-01;1.155053e-01;4.885093e-02;1.833108e-01;1.179412e-02;7.999203e-03;1.888784e-02
2.785436e-02;5.558332e-02;9.958462e-02;4.414256e-02;2.134126e-01;1.036045e-01;1.439937e-01;4.042069e-02;2.138373e-01;1.916712e-02;1.069183e-02;2.770739e-02
7.351965e-03;4.504281e-02;1.800027e-01;6.224765e-02;1.934500e-01;7.624381e-02;1.493001e-01;4.189970e-02;1.606160e-01;3.305816e-02;1.651916e-02;3.426798e-02
2.688248e-02;5.812344e-02;2.800153e-01;9.598324e-02;1.569864e-01;4.666332e-02;9.790839e-02;4.746641e-02;7.862128e-02;4.840035e-02;2.741941e-02;3.552996e-02
3.998876e-02;5.753132e-02;4.028461e-01;8.814698e-02;1.001304e-01;4.009575e-02;7.468434e-02;5.093459e-02;5.231117e-02;3.162424e-02;3.325029e-02;2.845608e-02
3.346684e-02;5.279218e-02;4.742696e-01;6.504141e-02;1.116059e-01;5.622007e-02;5.050210e-02;3.692708e-02;5.425973e-02;1.943156e-02;2.514094e-02;2.034262e-02
1.634505e-02;5.478324e-02;4.891725e-01;3.688147e-02;1.339974e-01;7.667445e-02;6.444216e-02;3.113829e-02;4.330744e-02;1.999562e-02;1.567657e-02;1.758581e-02
2.306939e-02;8.645552e-02;4.151676e-01;3.148456e-02;1.417087e-01;8.721292e-02;8.589260e-02;2.074675e-02;4.425805e-02;2.430096e-02;1.700726e-02;2.269568e-02
4.039407e-02;1.032685e-01;4.769601e-01;5.003804e-02;9.027420e-02;7.355758e-02;4.612982e-02;2.185490e-02;4.543708e-02;1.838417e-02;1.829100e-02;1.541061e-02
2.604996e-02;1.017257e-01;5.129271e-01;6.561889e-02;6.292408e-02;4.873741e-02;6.096994e-02;3.628174e-02;4.745081e-02;1.815196e-02;1.011901e-02;9.043379e-03
3.390173e-02;1.017410e-01;4.581270e-01;5.363846e-02;9.535597e-02;4.812646e-02;7.696539e-02;3.430970e-02;4.547416e-02;2.648594e-02;1.052087e-02;1.535325e-02
5.757424e-02;9.243752e-02;4.546718e-01;3.970848e-02;1.064734e-01;5.561850e-02;7.183345e-02;3.343536e-02;3.696987e-02;1.899504e-02;1.241187e-02;1.987048e-02
1.133405e-01;8.936226e-02;3.760456e-01;4.305610e-02;1.064423e-01;6.132359e-02;5.335700e-02;4.862957e-02;5.096131e-02;1.005652e-02;1.600629e-02;3.141901e-02
1.778262e-01;7.307804e-02;1.484588e-01;4.396483e-02;1.310537e-01;9.815966e-02;6.668629e-02;8.213391e-02;6.571579e-02;2.034917e-02;3.309996e-02;5.947373e-02
1.261271e-01;6.392197e-02;1.552199e-01;4.273392e-02;1.075959e-01;1.058290e-01;1.140959e-01;7.154991e-02;5.468357e-02;3.787088e-02;5.859687e-02;6.177503e-02
4.376146e-02;7.480185e-02;1.907125e-01;6.487299e-02;8.596417e-02;9.678715e-02;1.138044e-01;5.240630e-02;7.601559e-02;6.979244e-02;7.438406e-02;5.669708e-02
3.375829e-02;6.698000e-02;2.827914e-01;9.162845e-02;7.467936e-02;5.740200e-02;7.485206e-02;3.904957e-02;8.673751e-02;8.307109e-02;5.717370e-02;5.187651e-02
5.001629e-02;6.929059e-02;2.156407e-01;1.123569e-01;8.933300e-02;7.118762e-02;6.391695e-02;4.427384e-02;9.133095e-02;8.508212e-02;4.512004e-02;6.245100e-02
5.873047e-02;4.551142e-02;2.216761e-01;1.037393e-01;9.335668e-02;6.465108e-02;1.219039e-01;5.375417e-02;7.634886e-02;7.904141e-02;2.939828e-02;5.188830e-02
6.446710e-02;3.437009e-02;2.429977e-01;1.054114e-01;9.212318e-02;6.444283e-02;1.203847e-01;4.535932e-02;7.822707e-02;7.460421e-02;3.053290e-02;4.707955e-02
6.942236e-02;5.422388e-02;1.417053e-01;1.181084e-01;9.778637e-02;8.388084e-02;9.821066e-02;3.566960e-02;1.152722e-01;7.926679e-02;6.053103e-02;4.592259e-02
4.288452e-02;7.173904e-02;2.344817e-01;8.311982e-02;8.825666e-02;6.265093e-02;8.975459e-02;6.239727e-02;8.717684e-02;6.534930e-02;6.843814e-02;4.375118e-02
9.925806e-02;9.490251e-02;1.161483e-01;4.865959e-02;8.872182e-02;7.613257e-02;1.065277e-01;8.458322e-02;6.853638e-02;7.533564e-02;8.424764e-02;5.694658e-02
1.403621e-01;6.416283e-02;1.386013e-01;4.930709e-02;6.790878e-02;7.374942e-02;9.978709e-02;5.832425e-02;6.063116e-02;6.399644e-02;9.084230e-02;9.232730e-02
2.635305e-01;7.309479e-02;8.465219e-02;4.954920e-02;3.273954e-02;5.602907e-02;9.047934e-02;4.330211e-02;6.857273e-02;4.579763e-02;7.101789e-02;1.212350e-01
3.255103e-01;6.821310e-02;1.117613e-01;4.043142e-02;2.454174e-02;3.500164e-02;7.559779e-02;4.013912e-02;6.644205e-02;3.829131e-02;4.948071e-02;1.245896e-01
3.343456e-01;4.838090e-02;8.698010e-02;4.509388e-02;2.476832e-02;2.499356e-02;9.395889e-02;3.888509e-02;5.324938e-02;4.885043e-02;5.623997e-02;1.442539e-01
2.707324e-01;2.915873e-02;8.676297e-02;6.446530e-02;1.569351e-02;2.011689e-02;1.438826e-01;2.907780e-02;4.292107e-02;5.327289e-02;8.200435e-02;1.619115e-01
1.596425e-01;1.742849e-02;3.183878e-02;7.048173e-02;2.402012e-02;2.794262e-02;2.257536e-01;4.041627e-02;4.235371e-02;6.295471e-02;1.130623e-01;1.841051e-01
1.145500e-01;2.376153e-02;8.276485e-02;6.339478e-02;3.770184e-02;2.685886e-02;2.101045e-01;3.837379e-02;2.874408e-02;6.614003e-02;1.266931e-01;1.809126e-01
2.147298e-01;5.220808e-02;3.400865e-02;4.158331e-02;3.851474e-02;3.255839e-02;1.630333e-01;2.782124e-02;2.516388e-02;5.994016e-02;1.284246e-01;1.820138e-01
1.925387e-01;4.824843e-02;6.195707e-02;4.454852e-02;3.206171e-02;3.324484e-02;1.710812e-01;2.725903e-02;2.938561e-02;6.049772e-02;1.198404e-01;1.793368e-01
1.255611e-01;3.584624e-02;7.624151e-02;6.558091e-02;2.871549e-02;3.086370e-02;2.009071e-01;3.789900e-02;3.350611e-02;6.813906e-02;1.266207e-01;1.701191e-01
1.487941e-01;3.264704e-02;9.607940e-02;5.266409e-02;2.262823e-02;3.649104e-02;1.874889e-01;4.894492e-02;3.633369e-02;5.772058e-02;1.313393e-01;1.488687e-01
1.410658e-01;3.459124e-02;5.978931e-02;4.821979e-02;3.482137e-02;5.039590e-02;1.738888e-01;3.862308e-02;4.801897e-02;8.203737e-02;1.597064e-01;1.288419e-01
5.136104e-02;2.663250e-02;1.158263e-01;6.585227e-02;4.319710e-02;5.652353e-02;1.522467e-01;5.284698e-02;4.895648e-02;1.184158e-01;1.623927e-01;1.057487e-01
8.305039e-02;3.395143e-02;8.448354e-02;7.889906e-02;5.307582e-02;6.514503e-02;1.642319e-01;5.724880e-02;6.258729e-02;1.053010e-01;1.037782e-01;1.082475e-01
1.158606e-01;3.807520e-02;6.149522e-02;6.107908e-02;6.317126e-02;5.758757e-02;2.003144e-01;6.527209e-02;7.299370e-02;7.618211e-02;8.640337e-02;1.015654e-01
1.554809e-01;4.712885e-02;7.273187e-02;4.039468e-02;5.186831e-02;7.423817e-02;1.505816e-01;7.908806e-02;6.952529e-02;8.391990e-02;8.804997e-02;8.699238e-02
1.244957e-01;6.987008e-02;3.809402e-02;4.566585e-02;6.368994e-02;9.501439e-02;1.017222e-01;9.610219e-02;8.767693e-02;1.261777e-01;7.175495e-02;7.973617e-02
6.140047e-02;7.391617e-02;8.051987e-02;5.612822e-02;8.619361e-02;6.237696e-02;5.582801e-02;9.303036e-02;9.332129e-02;1.990892e-01;6.775020e-02;7.044561e-02
8.300104e-02;5.208141e-02;6.894869e-02;6.283719e-02;7.910927e-02;7.546949e-02;5.424323e-02;6.610417e-02;6.989517e-02;2.558732e-01;6.057322e-02;7.186387e-02
5.198791e-02;3.757375e-02;6.275713e-02;6.531277e-02;6.818053e-02;1.081479e-01;8.368351e-02;7.198380e-02;1.254190e-01;2.274862e-01;4.965331e-02;4.781425e-02
2.479788e-02;2.263331e-02;4.615577e-02;7.413738e-02;1.213995e-01;5.912834e-02;8.548632e-02;5.765411e-02;1.754178e-01;2.625563e-01;4.073842e-02;2.989484e-02
1.596422e-02;2.569349e-02;6.956410e-02;7.080831e-02;2.099041e-01;4.606784e-02;9.451045e-02;5.702794e-02;1.664022e-01;1.745795e-01;3.708610e-02;3.239178e-02
5.188209e-02;4.592671e-02;9.229486e-02;5.204778e-02;2.448462e-01;6.116135e-02;9.295068e-02;4.508251e-02;1.222772e-01;1.246247e-01;2.824881e-02;3.865703e-02
1.018694e-01;7.131521e-02;4.849883e-02;8.742942e-02;1.825778e-01;6.924400e-02;8.857741e-02;3.895703e-02;1.031779e-01;1.196549e-01;4.016047e-02;4.853770e-02
3.987979e-02;8.987980e-02;1.093619e-01;1.128488e-01;1.010172e-01;6.257770e-02;9.329108e-02;4.717873e-02;1.001309e-01;1.516030e-01;4.776312e-02;4.446808e-02
4.690138e-02;9.225497e-02;1.056004e-01;1.465725e-01;9.843376e-02;6.085724e-02;1.008575e-01;4.158113e-02;9.426863e-02;1.217079e-01;4.563895e-02;4.532570e-02
4.927154e-02;7.106093e-02;8.938255e-02;1.848874e-01;6.350811e-02;5.792805e-02;1.248243e-01;6.074112e-02;7.511833e-02;1.152823e-01;5.259849e-02;5.539694e-02
7.394571e-02;5.797945e-02;4.824456e-02;2.302907e-01;6.329780e-02;4.325997e-02;1.138660e-01;7.970608e-02;5.134065e-02;1.291966e-01;4.608138e-02;6.279108e-02
7.194953e-02;6.506145e-02;7.914161e-02;2.476116e-01;6.765621e-02;4.496241e-02;8.280341e-02;8.211656e-02;5.199409e-02;1.124885e-01;3.226284e-02;6.195169e-02
1.013286e-01;9.696867e-02;1.165435e-01;1.325064e-01;5.567515e-02;5.590782e-02;1.123739e-01;8.063731e-02;7.557625e-02;7.170054e-02;4.102307e-02;5.975871e-02
9.821989e-02;7.349318e-02;1.126752e-01;9.768276e-02;7.588081e-02;8.191463e-02;1.072435e-01;6.536788e-02;9.919946e-02;7.043684e-02;4.472662e-02;7.315923e-02
6.112944e-02;4.873520e-02;1.040559e-01;1.253184e-01;6.642739e-02;9.239931e-02;1.161817e-01;6.679475e-02;9.706939e-02;1.302356e-01;2.710774e-02;6.454524e-02
7.020985e-02;4.066594e-02;1.056283e-01;1.312632e-01;5.298171e-02;6.062941e-02;1.173048e-01;8.145444e-02;9.866714e-02;1.579311e-01;3.337667e-02;4.988740e-02
8.687714e-02;5.354031e-02;9.271558e-02;1.155443e-01;6.589379e-02;3.276363e-02;1.131516e-01;1.272718e-01;1.116584e-01;1.220357e-01;2.998331e-02;4.856431e-02
1.023671e-01;6.627838e-02;1.197862e-01;6.970652e-02;7.960738e-02;5.786075e-02;1.056531e-01;1.314225e-01;1.171144e-01;6.426539e-02;3.008742e-02;5.585082e-02
6.666082e-02;5.785393e-02;1.561313e-01;4.910320e-02;9.817053e-02;8.113634e-02;9.740032e-02;9.175651e-02;1.217225e-01;8.147921e-02;5.954584e-02;3.903947e-02
8.784373e-02;6.521709e-02;1.559485e-01;4.093689e-02;7.962811e-02;1.210942e-01;8.861963e-02;7.855670e-02;7.501949e-02;1.072064e-01;4.883800e-02;5.109121e-02
7.004983e-02;5.066982e-02;1.152650e-01;5.210530e-02;1.159469e-01;1.188330e-01;1.115931e-01;9.159043e-02;8.466853e-02;1.056921e-01;4.173046e-02;4.185552e-02
6.698041e-02;5.410024e-02;1.093421e-01;7.202370e-02;1.309850e-01;8.544029e-02;8.701927e-02;8.553304e-02;1.240429e-01;9.942850e-02;4.719151e-02;3.791295e-02
5.415405e-02;5.379488e-02;1.868525e-01;9.496167e-02;1.083103e-01;6.859473e-02;7.996033e-02;7.092597e-02;9.010582e-02;1.140209e-01;3.442607e-02;4.389288e-02
5.559317e-02;5.683771e-02;2.463625e-01;6.695985e-02;7.259612e-02;9.641828e-02;9.629832e-02;6.962726e-02;6.453861e-02;1.210649e-01;2.272704e-02;3.097620e-02
4.024409e-02;3.381995e-02;3.216696e-01;7.554988e-02;5.977554e-02;1.053893e-01;9.980806e-02;4.889691e-02;5.824818e-02;1.055205e-01;2.199959e-02;2.907852e-02
7.804538e-02;4.828731e-02;2.615861e-01;7.702187e-02;7.210110e-02;6.952921e-02;1.463361e-01;5.531272e-02;6.652711e-02;7.817937e-02;3.083663e-02;1.623708e-02
7.837281e-02;5.993595e-02;3.096512e-01;7.247885e-02;6.689614e-02;5.160388e-02;1.390034e-01;4.696093e-02;4.652950e-02;8.692383e-02;2.533904e-02;1.630444e-02
6.079245e-02;5.695548e-02;3.954369e-01;5.672077e-02;6.483565e-02;2.883572e-02;9.978297e-02;3.075706e-02;3.435143e-02;1.446303e-01;1.477132e-02;1.213004e-02
2.981794e-02;3.780871e-02;4.534865e-01;2.807865e-02;6.837136e-02;1.237501e-02;5.563111e-02;2.053943e-02;3.616276e-02;2.295357e-01;1.488312e-02;1.330972e-02
3.302787e-02;8.433088e-02;3.658481e-01;2.478843e-02;4.962780e-02;2.636114e-02;2.840003e-02;3.025610e-02;8.993094e-02;2.298377e-01;5.723938e-03;3.186711e-02
3.073322e-02;1.828976e-01;2.135569e-01;4.199335e-02;1.914775e-02;5.040537e-02;1.186038e-02;3.931155e-02;2.069455e-01;1.586564e-01;2.947289e-03;4.154472e-02
3.159312e-02;2.458087e-01;1.288792e-01;7.406560e-02;9.869330e-03;6.135661e-02;9.738613e-03;2.184970e-02;2.888648e-01;9.451684e-02;5.743643e-03;2.771388e-02
3.282312e-02;2.611220e-01;1.328293e-01;8.958170e-02;8.070564e-03;6.106118e-02;8.687698e-03;1.840194e-02;3.037464e-01;6.189049e-02;4.905975e-03;1.687953e-02
3.445351e-02;2.631669e-01;1.352566e-01;9.044672e-02;7.446744e-03;6.994911e-02;8.169151e-03;9.412115e-03;2.973001e-01;5.137469e-02;7.639055e-03;2.538522e-02
3.558517e-02;2.217189e-01;1.409544e-01;8.298509e-02;1.683404e-02;6.471507e-02;8.577112e-03;3.607999e-02;3.044181e-01;5.190464e-02;3.504172e-03;3.272326e-02
2.304696e-02;1.527376e-01;2.278036e-01;5.080197e-02;5.004182e-02;3.901407e-02;1.488382e-02;5.981705e-02;2.832628e-01;6.767468e-02;4.199750e-03;2.671584e-02
2.319090e-02;7.862096e-02;3.400931e-01;2.416151e-02;1.263915e-01;2.184837e-02;4.534396e-02;4.757442e-02;1.818559e-01;9.307793e-02;2.879492e-03;1.496183e-02
3.100588e-02;6.153969e-02;4.042190e-01;3.185993e-02;1.411899e-01;2.611460e-02;6.476326e-02;2.450280e-02;1.102613e-01;9.353645e-02;3.687025e-03;7.320269e-03
3.841871e-02;7.766757e-02;3.697106e-01;5.170344e-02;9.535605e-02;4.101546e-02;6.188530e-02;1.898794e-02;1.661758e-01;6.418755e-02;7.983535e-03;6.908112e-03
5.017198e-02;1.079817e-01;2.962232e-01;4.833408e-02;6.933571e-02;5.494661e-02;6.951874e-02;1.776893e-02;2.137564e-01;4.885674e-02;7.568486e-03;1.553752e-02
6.652126e-02;1.283052e-01;2.144507e-01;3.124233e-02;4.832118e-02;5.278688e-02;6.409641e-02;2.900709e-02;2.725951e-01;5.935590e-02;1.194516e-02;2.137278e-02
5.059878e-02;9.253734e-02;2.750131e-01;4.050120e-02;4.173171e-02;4.521243e-02;4.015286e-02;1.904954e-02;2.955624e-01;7.405186e-02;5.632238e-03;1.995654e-02
2.027973e-02;4.627625e-02;3.485641e-01;5.792501e-02;4.548629e-02;5.067978e-02;4.292558e-02;2.104776e-02;2.527110e-01;8.805466e-02;1.165200e-02;1.439776e-02
2.443818e-02;3.681814e-02;3.746422e-01;6.015493e-02;8.020073e-02;4.881933e-02;4.683854e-02;2.722037e-02;1.691542e-01;9.452984e-02;1.897705e-02;1.820647e-02
1.361132e-02;5.908835e-02;3.508664e-01;7.511384e-02;8.317335e-02;5.340794e-02;6.539279e-02;3.047792e-02;1.451989e-01;9.261357e-02;1.955244e-02;1.150318e-02
1.972512e-02;7.107510e-02;3.095334e-01;5.860768e-02;6.159941e-02;5.459800e-02;5.832123e-02;2.222730e-02;1.989087e-01;1.152290e-01;1.608334e-02;1.409169e-02
4.076185e-02;7.634436e-02;2.149613e-01;4.390760e-02;8.498780e-02;4.375294e-02;4.636791e-02;3.009893e-02;2.326643e-01;1.586760e-01;8.579791e-03;1.889719e-02
4.554046e-02;6.880876e-02;1.470462e-01;5.632630e-02;1.212935e-01;5.924767e-02;4.794658e-02;4.023733e-02;2.316720e-01;1.480334e-01;1.130253e-02;2.254535e-02
2.829084e-02;8.038572e-02;1.795173e-01;6.558494e-02;1.208704e-01;6.475142e-02;6.217286e-02;4.102845e-02;2.305228e-01;9.546213e-02;1.177539e-02;1.963781e-02
4.054833e-02;9.315156e-02;1.978898e-01;5.271532e-02;8.760905e-02;4.829421e-02;5.890044e-02;4.856053e-02;2.450581e-01;9.714165e-02;1.246794e-02;1.766308e-02
6.494371e-02;1.064192e-01;2.163094e-01;3.711936e-02;5.880044e-02;3.715613e-02;3.665897e-02;3.647245e-02;2.519222e-01;1.169683e-01;1.969785e-02;1.753212e-02
1.034385e-01;1.143380e-01;3.038175e-01;4.588503e-02;5.970424e-02;1.970601e-02;7.036482e-02;2.596957e-02;1.405505e-01;8.304674e-02;1.724529e-02;1.593371e-02
1.636415e-01;1.421067e-01;2.988622e-01;5.508955e-02;6.182392e-02;3.095024e-02;9.700565e-02;1.892016e-02;5.585026e-02;3.847728e-02;1.068891e-02;2.658363e-02
2.371461e-01;1.508878e-01;2.194378e-01;4.185165e-02;5.247181e-02;3.390782e-02;1.076462e-01;2.668956e-02;4.651046e-02;2.990011e-02;1.329133e-02;4.025937e-02
3.350734e-01;1.312880e-01;1.455213e-01;2.992639e-02;4.777719e-02;2.545555e-02;8.057757e-02;3.916189e-02;6.454707e-02;3.364550e-02;1.560033e-02;5.142571e-02
3.828515e-01;7.558890e-02;1.218447e-01;3.365686e-02;2.948257e-02;2.119025e-02;7.688072e-02;4.861820e-02;8.893966e-02;3.090559e-02;1.888867e-02;7.115243e-02
3.666393e-01;7.592501e-02;5.312896e-02;5.853191e-02;1.716212e-02;1.852412e-02;1.059345e-01;4.327823e-02;8.601146e-02;3.621912e-02;2.254185e-02;1.161034e-01
2.961715e-01;7.252058e-02;3.224517e-02;7.307905e-02;1.749545e-02;1.459999e-02;1.614576e-01;6.495194e-02;6.406195e-02;3.788352e-02;2.561966e-02;1.399136e-01
2.104299e-01;5.541645e-02;4.566047e-02;7.501052e-02;1.223575e-02;1.973708e-02;2.383252e-01;6.983568e-02;5.840629e-02;3.489414e-02;3.166308e-02;1.483854e-01
1.059256e-01;4.708621e-02;3.830034e-02;7.994822e-02;9.719975e-03;2.856277e-02;3.477509e-01;6.063213e-02;6.484376e-02;3.098285e-02;3.419282e-02;1.520545e-01
1.817687e-02;3.703387e-02;4.963723e-02;7.390746e-02;9.085790e-03;4.393494e-02;4.066729e-01;6.655204e-02;6.363174e-02;4.331520e-02;4.575521e-02;1.422967e-01
5.861865e-02;3.548317e-02;8.246427e-02;4.614099e-02;2.213592e-02;7.404849e-02;3.364326e-01;5.400646e-02;7.146768e-02;5.579884e-02;5.184831e-02;1.115546e-01
5.237981e-02;4.925021e-02;1.177102e-01;2.363784e-02;3.751073e-02;1.045865e-01;2.414093e-01;3.605741e-02;1.094078e-01;6.049025e-02;7.329816e-02;9.426177e-02
8.546177e-02;5.112979e-02;1.439891e-01;4.669642e-02;4.533689e-02;9.582801e-02;1.548061e-01;2.720201e-02;1.133799e-01;6.988108e-02;1.011989e-01;6.508988e-02
1.554289e-01;7.799312e-02;9.610569e-02;6.110433e-02;5.030598e-02;6.627189e-02;1.349614e-01;3.920146e-02;7.732514e-02;9.317848e-02;9.255108e-02;5.557248e-02
1.775845e-01;7.193654e-02;9.143505e-02;7.259315e-02;6.216414e-02;4.412440e-02;1.352150e-01;5.438303e-02;8.669760e-02;8.421171e-02;6.111296e-02;5.854184e-02
1.460682e-01;4.402453e-02;9.873274e-02;1.060911e-01;6.691080e-02;4.696337e-02;1.436173e-01;6.955039e-02;1.074128e-01;5.317847e-02;4.527448e-02;7.217582e-02
1.641990e-01;6.933822e-02;7.849989e-02;9.977305e-02;3.505813e-02;6.223695e-02;1.835642e-01;3.107654e-02;9.461940e-02;4.072018e-02;5.206641e-02;8.884799e-02
2.158234e-01;7.215799e-02;5.890917e-02;7.439327e-02;2.274374e-02;4.690998e-02;2.198536e-01;4.968609e-02;5.416807e-02;3.510141e-02;3.870315e-02;1.115502e-01
2.548530e-01;5.050737e-02;5.494648e-02;6.597991e-02;1.593653e-02;3.783681e-02;2.225083e-01;6.386544e-02;3.316737e-02;3.866748e-02;3.090762e-02;1.308237e-01
2.567974e-01;4.602170e-02;5.319596e-02;7.805344e-02;1.421803e-02;2.351026e-02;2.127923e-01;7.265609e-02;3.073957e-02;4.441142e-02;3.013640e-02;1.374674e-01
2.248256e-01;5.610720e-02;6.501959e-02;9.302362e-02;1.673555e-02;2.433988e-02;2.111937e-01;6.667344e-02;3.051355e-02;4.348368e-02;3.003506e-02;1.380492e-01
1.992905e-01;6.333043e-02;6.919138e-02;9.864382e-02;1.601622e-02;3.645200e-02;2.273361e-01;4.809001e-02;2.625390e-02;4.393137e-02;4.645015e-02;1.250141e-01
1.911102e-01;8.170684e-02;5.863527e-02;8.253428e-02;2.389722e-02;4.010839e-02;2.206424e-01;5.338300e-02;3.227045e-02;4.502026e-02;7.083688e-02;9.985481e-02
2.339934e-01;7.412120e-02;8.423051e-02;5.095001e-02;1.830261e-02;2.589499e-02;1.421638e-01;5.053915e-02;4.756736e-02;4.584811e-02;8.749425e-02;1.388947e-01
2.286573e-01;2.346927e-02;8.492604e-02;5.054687e-02;2.278989e-02;5.310933e-02;8.349303e-02;3.826800e-02;6.344969e-02;7.609624e-02;1.056770e-01;1.695173e-01
1.514293e-01;4.858737e-02;7.209287e-02;8.698510e-02;3.795889e-02;7.055611e-02;1.310477e-01;2.802601e-02;4.716659e-02;9.919318e-02;7.510857e-02;1.518483e-01
9.716471e-02;7.336974e-02;1.012902e-01;1.064916e-01;3.656574e-02;5.904723e-02;1.633723e-01;5.075505e-02;6.370711e-02;7.880750e-02;6.212856e-02;1.073003e-01
7.946578e-02;7.599574e-02;8.637882e-02;1.081370e-01;4.349429e-02;4.483181e-02;1.744515e-01;1.004257e-01;1.013184e-01;5.390840e-02;6.416082e-02;6.743174e-02
8.783787e-02;8.070454e-02;1.299744e-01;8.708227e-02;6.009252e-02;4.819684e-02;1.700075e-01;9.447112e-02;1.083001e-01;3.295437e-02;4.297292e-02;5.740549e-02
1.359831e-01;9.370326e-02;1.717599e-01;7.219002e-02;5.983975e-02;3.839882e-02;1.485506e-01;6.280743e-02;7.460505e-02;4.682199e-02;3.837869e-02;5.696143e-02
1.363590e-01;5.444631e-02;2.550427e-01;8.827044e-02;5.030011e-02;4.555997e-02;1.405731e-01;4.585273e-02;3.690385e-02;5.599364e-02;3.737762e-02;5.332058e-02
1.119320e-01;1.226713e-01;2.792589e-01;6.336400e-02;6.298041e-02;5.327066e-02;1.272712e-01;3.392898e-02;3.735977e-02;4.770353e-02;1.959871e-02;4.066055e-02
2.068111e-01;1.302664e-01;2.040341e-01;4.561280e-02;6.033544e-02;4.627555e-02;1.346983e-01;3.707756e-02;3.474530e-02;3.916626e-02;2.065646e-02;4.032072e-02
3.122912e-01;1.203696e-01;1.098316e-01;3.440817e-02;5.884603e-02;5.638431e-02;1.129057e-01;4.679714e-02;4.337884e-02;3.133950e-02;1.698766e-02;5.646022e-02
3.964551e-01;5.504615e-02;6.409238e-02;2.449723e-02;3.787350e-02;8.767693e-02;7.974092e-02;5.060130e-02;6.137000e-02;3.291646e-02;2.148755e-02;8.824246e-02
4.275781e-01;5.859484e-02;4.484378e-02;1.647926e-02;1.569417e-02;9.721924e-02;6.817957e-02;4.309457e-02;6.799946e-02;2.370796e-02;2.918158e-02;1.074275e-01
3.802741e-01;8.825271e-02;9.348395e-02;1.989171e-02;1.876196e-02;8.274470e-02;8.621674e-02;2.289980e-02;5.135205e-02;2.482033e-02;4.013779e-02;9.116408e-02
3.206462e-01;8.007133e-02;1.172467e-01;2.568445e-02;3.158633e-02;6.424695e-02;1.162123e-01;3.495752e-02;4.028479e-02;4.650575e-02;5.611306e-02;6.644472e-02
2.554087e-01;7.239145e-02;1.068072e-01;3.152395e-02;6.260996e-02;7.332940e-02;1.020432e-01;5.558405e-02;6.393728e-02;6.809822e-02;6.350200e-02;4.476457e-02
2.236996e-01;5.571664e-02;1.038959e-01;3.825201e-02;9.616956e-02;7.960657e-02;7.693436e-02;6.876224e-02;7.447039e-02;5.996491e-02;5.566536e-02;6.686237e-02
1.605250e-01;5.948387e-02;1.388516e-01;6.114842e-02;1.022483e-01;6.888795e-02;9.828588e-02;5.481817e-02;7.516397e-02;5.539539e-02;5.500159e-02;7.018995e-02
5.959486e-02;7.530558e-02;1.570895e-01;5.700477e-02;7.663435e-02;1.191454e-01;1.183225e-01;4.558010e-02;7.369597e-02;8.644959e-02;4.911901e-02;8.205839e-02
1.801005e-01;5.840815e-02;1.362639e-01;3.785302e-02;6.836296e-02;1.316905e-01;1.138503e-01;4.891209e-02;5.965209e-02;7.164998e-02;3.154132e-02;6.171520e-02
2.582234e-01;7.860716e-02;8.942870e-02;3.742175e-02;6.179582e-02;1.116569e-01;8.610500e-02;5.472217e-02;6.194941e-02;6.204186e-02;3.488661e-02;6.316119e-02
3.093689e-01;9.685193e-02;5.630749e-02;3.909718e-02;3.348402e-02;1.126507e-01;7.576418e-02;4.626767e-02;5.951221e-02;5.463513e-02;3.519369e-02;8.086693e-02
3.115850e-01;5.771726e-02;7.710256e-02;4.647319e-02;3.125236e-02;1.229327e-01;8.630633e-02;3.030990e-02;5.248241e-02;4.723172e-02;4.106878e-02;9.553774e-02
2.508388e-01;7.660037e-02;6.587933e-02;4.371420e-02;3.763659e-02;1.198410e-01;1.132651e-01;4.275434e-02;4.950405e-02;6.814650e-02;4.912458e-02;8.269510e-02
1.315506e-01;9.846236e-02;2.119866e-01;5.357186e-02;6.431669e-02;1.027823e-01;7.834302e-02;3.552718e-02;4.992004e-02;6.859842e-02;4.372276e-02;6.121809e-02
3.059922e-02;6.596006e-02;3.283602e-01;6.221668e-02;9.152887e-02;7.497106e-02;1.643832e-01;1.718727e-02;4.886458e-02;5.117435e-02;3.834201e-02;2.641255e-02
3.568838e-02;4.614559e-02;3.984360e-01;7.756281e-02;7.420575e-02;4.767510e-02;1.477318e-01;1.682386e-02;6.213535e-02;4.532410e-02;3.455728e-02;1.371402e-02
1.641562e-02;3.273267e-02;5.073713e-01;9.311929e-02;4.730590e-02;2.010540e-02;8.395004e-02;1.531426e-02;9.827406e-02;4.222743e-02;3.524227e-02;7.941726e-03
1.687652e-02;1.842873e-02;5.318949e-01;7.802679e-02;3.413600e-02;1.290788e-02;5.568231e-02;1.600252e-02;1.448246e-01;5.662373e-02;2.822824e-02;6.367697e-03
2.531723e-02;2.083035e-02;5.272759e-01;4.752551e-02;2.606282e-02;1.105366e-02;8.214407e-02;1.368480e-02;1.447054e-01;8.094337e-02;1.506938e-02;5.387565e-03
2.634063e-02;1.577900e-02;5.708094e-01;3.432259e-02;1.450231e-02;1.074705e-02;1.110738e-01;1.336773e-02;1.029630e-01;9.027547e-02;4.742357e-03;5.076664e-03
3.215194e-02;1.619997e-02;5.855832e-01;4.318051e-02;2.601836e-02;8.826105e-03;1.169441e-01;9.065341e-03;7.156840e-02;7.948221e-02;6.750807e-03;4.229061e-03
2.910776e-02;1.223821e-02;5.902694e-01;6.033751e-02;3.242370e-02;7.414782e-03;1.178758e-01;7.487727e-03;5.768093e-02;7.023931e-02;1.173449e-02;3.190337e-03
3.038257e-02;7.338492e-03;6.087954e-01;7.330478e-02;3.637939e-02;1.302823e-02;9.910653e-02;9.663975e-03;3.371957e-02;5.868885e-02;2.448357e-02;5.108691e-03
3.337931e-02;1.242775e-02;6.497448e-01;7.251862e-02;3.774879e-02;1.355425e-02;5.848151e-02;7.871767e-03;2.343337e-02;5.875336e-02;2.783968e-02;4.246792e-03
4.241024e-02;4.178965e-02;6.194389e-01;5.488309e-02;3.993627e-02;1.698348e-02;6.017536e-02;7.916263e-03;2.104013e-02;6.307193e-02;2.590259e-02;6.452131e-03
7.327971e-02;8.530188e-02;4.814124e-01;4.044611e-02;3.386449e-02;2.497078e-02;1.108330e-01;1.693072e-02;3.436477e-02;5.748606e-02;2.734176e-02;1.376841e-02
9.236833e-02;8.445086e-02;4.091529e-01;4.599354e-02;2.430251e-02;2.747449e-02;1.248088e-01;3.357265e-02;5.566337e-02;4.720708e-02;3.019150e-02;2.481393e-02
6.487219e-02;7.117761e-02;3.991265e-01;8.965372e-02;3.692862e-02;3.383950e-02;8.914109e-02;4.025371e-02;6.661936e-02;4.230027e-02;4.509573e-02;2.099171e-02
6.191793e-02;7.534347e-02;3.952658e-01;6.504169e-02;3.847801e-02;3.632198e-02;4.904026e-02;4.144138e-02;8.530875e-02;6.590908e-02;6.717294e-02;1.875870e-02
4.829307e-02;8.603237e-02;3.741977e-01;4.413039e-02;3.328512e-02;1.951088e-02;9.648685e-02;3.983810e-02;8.960063e-02;8.419866e-02;6.205916e-02;2.236707e-02
4.938871e-02;1.202169e-01;3.612347e-01;5.959226e-02;3.775884e-02;3.099972e-02;1.057522e-01;3.357464e-02;5.579821e-02;7.109127e-02;4.601958e-02;2.857309e-02
5.689920e-02;1.151415e-01;3.320834e-01;4.620876e-02;6.895626e-02;7.770098e-02;1.034304e-01;4.130799e-02;4.970015e-02;5.519905e-02;4.087613e-02;1.249618e-02
4.475018e-02;7.868309e-02;2.278770e-01;6.853721e-02;1.175967e-01;9.932665e-02;2.199007e-01;3.125647e-02;3.590539e-02;2.957552e-02;2.572516e-02;2.086596e-02
4.482227e-02;6.523965e-02;1.706892e-01;9.803563e-02;1.696023e-01;1.047601e-01;2.310952e-01;2.576892e-02;2.731732e-02;2.263540e-02;1.777601e-02;2.225795e-02
3.207421e-02;4.741330e-02;1.899519e-01;1.250010e-01;2.366513e-01;9.081422e-02;1.546382e-01;1.635732e-02;2.837872e-02;1.859678e-02;1.601031e-02;4.411275e-02
2.035117e-02;2.469862e-02;2.976302e-01;1.459151e-01;2.274157e-01;4.916491e-02;6.902894e-02;1.927077e-02;3.259169e-02;1.556461e-02;2.537220e-02;7.299611e-02
1.870959e-02;2.043911e-02;3.198022e-01;1.178295e-01;1.878073e-01;6.028800e-02;1.264392e-01;2.634740e-02;2.336260e-02;1.573679e-02;3.190044e-02;5.133791e-02
1.467851e-02;2.676913e-02;3.475191e-01;1.197303e-01;2.057904e-01;6.488482e-02;1.009975e-01;3.372060e-02;1.538401e-02;1.677579e-02;3.555783e-02;1.819194e-02
1.359604e-02;2.295158e-02;3.601529e-01;1.339305e-01;1.962963e-01;5.543093e-02;7.666080e-02;4.880357e-02;1.387508e-02;1.227967e-02;4.752706e-02;1.849566e-02
1.256605e-02;1.951794e-02;4.166412e-01;1.347323e-01;1.632218e-01;5.155012e-02;5.330844e-02;5.906405e-02;1.139100e-02;8.517808e-03;5.410361e-02;1.538559e-02
1.300468e-02;1.953365e-02;5.355929e-01;1.076342e-01;1.255634e-01;4.184667e-02;2.218494e-02;5.024812e-02;1.146021e-02;1.724064e-02;5.204940e-02;3.641219e-03
1.782554e-02;1.805614e-02;6.102462e-01;6.076184e-02;8.870135e-02;3.193895e-02;4.322936e-02;2.831529e-02;1.449568e-02;3.435436e-02;3.926843e-02;1.280691e-02
1.887144e-02;2.907823e-02;6.285129e-01;4.744323e-02;6.822906e-02;3.461791e-02;5.234857e-02;1.649422e-02;1.677128e-02;4.470730e-02;2.987121e-02;1.305471e-02
5.275634e-02;9.501859e-02;5.993916e-01;3.534229e-02;5.176417e-02;3.291507e-02;3.701488e-02;1.361324e-02;1.982459e-02;3.529144e-02;1.722735e-02;9.840402e-03
1.159382e-01;1.616718e-01;4.936470e-01;3.468585e-02;4.528891e-02;2.467775e-02;3.482291e-02;1.389006e-02;2.628835e-02;1.748500e-02;1.293509e-02;1.866916e-02
2.346498e-01;1.970853e-01;3.625515e-01;2.390973e-02;3.923343e-02;1.965275e-02;2.488416e-02;2.174229e-02;2.420970e-02;1.313557e-02;1.243186e-02;2.651397e-02
3.555435e-01;1.607052e-01;2.302262e-01;1.583941e-02;4.109376e-02;2.111914e-02;3.062409e-02;2.811127e-02;1.803149e-02;1.964393e-02;2.416255e-02;5.489952e-02
2.934826e-01;7.759790e-02;2.532640e-01;4.156297e-02;5.692344e-02;2.579684e-02;5.084656e-02;2.695348e-02;1.921894e-02;2.430087e-02;3.778535e-02;9.226711e-02
