6.814322e-02;5.520779e-02;5.936762e-02;5.258475e-02;1.064608e-01;1.543721e-01;1.204090e-01;1.270950e-01;1.169693e-01;2.906722e-02;7.197589e-02;3.834721e-02
6.968470e-02;7.468224e-02;9.056977e-02;6.829366e-02;7.628386e-02;1.454690e-01;8.616207e-02;9.172335e-02;1.000011e-01;5.431044e-02;6.928865e-02;7.353123e-02
9.908537e-02;5.972511e-02;1.050738e-01;1.280276e-01;4.319613e-02;8.612249e-02;9.833921e-02;1.233088e-01;7.093384e-02;5.442472e-02;5.910197e-02;7.266100e-02
1.018746e-01;3.227098e-02;1.010446e-01;1.520584e-01;3.272358e-02;6.580386e-02;1.175936e-01;1.210450e-01;1.031282e-01;5.180730e-02;4.970616e-02;7.094381e-02
1.067726e-01;3.680503e-02;8.051621e-02;1.746461e-01;3.572461e-02;6.197460e-02;1.330142e-01;1.011430e-01;1.255829e-01;4.642235e-02;4.704935e-02;5.034907e-02
1.144998e-01;4.113693e-02;6.558542e-02;1.955461e-01;4.742753e-02;6.003028e-02;1.446837e-01;7.505366e-02;1.478563e-01;3.738124e-02;3.946643e-02;3.133256e-02
1.188788e-01;5.245407e-02;6.732254e-02;1.954982e-01;6.040302e-02;5.076023e-02;1.366281e-01;4.349632e-02;1.330576e-01;6.259125e-02;3.951932e-02;3.939053e-02
1.087004e-01;7.648381e-02;8.897386e-02;1.696720e-01;4.007729e-02;5.459305e-02;8.313936e-02;4.285698e-02;1.141592e-01;8.535106e-02;6.807806e-02;6.791487e-02
1.174206e-01;8.816415e-02;9.670331e-02;1.242475e-01;5.098243e-02;5.328889e-02;3.893813e-02;4.922113e-02;1.052251e-01;1.100497e-01;7.808664e-02;8.767247e-02
1.316989e-01;7.447461e-02;9.632967e-02;9.895270e-02;5.705733e-02;5.186932e-02;8.410840e-02;5.873452e-02;1.120246e-01;8.321396e-02;8.079970e-02;7.073630e-02
1.495389e-01;5.402709e-02;5.880095e-02;1.069011e-01;5.306128e-02;5.719068e-02;1.425979e-01;6.949909e-02;8.873165e-02;4.492674e-02;1.119554e-01;6.276928e-02
2.074263e-01;4.957993e-02;7.540143e-02;8.004885e-02;4.363990e-02;4.509114e-02;1.207431e-01;8.803920e-02;1.077019e-01;3.783792e-02;1.044587e-01;4.003172e-02
2.013144e-01;2.918134e-02;6.998727e-02;1.103858e-01;4.008171e-02;2.789578e-02;1.414551e-01;6.669556e-02;1.453038e-01;6.235090e-02;6.649697e-02;3.885135e-02
1.477155e-01;6.455687e-02;6.871548e-02;1.214795e-01;4.768359e-02;4.912752e-02;1.327930e-01;5.016067e-02;1.534197e-01;8.843144e-02;4.329368e-02;3.262308e-02
9.987719e-02;1.125618e-01;9.998477e-02;1.075374e-01;4.872380e-02;7.273983e-02;5.406659e-02;6.170212e-02;9.911202e-02;5.953821e-02;7.193890e-02;1.122173e-01
1.228738e-01;8.903465e-02;8.834326e-02;7.421155e-02;7.352149e-02;6.359114e-02;3.736282e-02;7.416093e-02;8.955771e-02;3.436019e-02;8.899178e-02;1.639907e-01
1.134859e-01;7.846204e-02;1.134969e-01;6.697320e-02;9.258136e-02;6.544019e-02;3.617979e-02;1.061842e-01;9.879454e-02;5.070643e-02;4.582688e-02;1.318686e-01
1.448540e-01;1.016118e-01;1.267853e-01;4.581716e-02;1.002957e-01;5.625073e-02;3.312324e-02;1.589171e-01;8.676037e-02;4.427668e-02;3.171665e-02;6.959120e-02
1.912208e-01;8.801652e-02;9.884529e-02;3.299591e-02;1.076733e-01;3.288388e-02;3.069277e-02;2.427257e-01;6.867682e-02;2.152413e-02;3.853196e-02;4.621295e-02
2.326232e-01;7.101830e-02;5.914253e-02;2.207760e-02;1.277459e-01;1.573666e-02;1.679401e-02;3.429903e-01;4.271323e-02;1.292303e-02;2.999588e-02;2.623934e-02
2.337757e-01;4.537612e-02;2.937474e-02;2.722581e-02;1.193835e-01;2.395168e-02;4.490739e-02;3.898624e-01;3.011094e-02;2.045385e-02;1.935138e-02;1.622650e-02
1.859158e-01;2.679799e-02;2.795393e-02;4.761660e-02;8.510942e-02;2.467791e-02;1.266168e-01;3.523601e-01;2.786950e-02;2.619498e-02;1.085147e-02;5.803552e-02
1.027982e-01;2.001453e-02;2.348728e-02;6.531692e-02;5.437116e-02;4.420271e-02;2.662038e-01;2.422346e-01;2.045107e-02;2.388126e-02;2.005299e-02;1.169854e-01
4.364103e-02;2.114309e-02;1.252211e-02;9.961859e-02;3.142379e-02;9.674384e-02;3.795744e-01;1.100991e-01;1.946050e-02;3.435159e-02;2.743164e-02;1.239903e-01
3.638835e-02;3.495924e-02;1.281410e-02;1.126321e-01;2.729704e-02;1.289660e-01;3.912455e-01;6.576377e-02;1.997444e-02;3.586523e-02;2.904728e-02;1.050469e-01
8.170114e-02;4.641432e-02;2.441807e-02;1.053557e-01;2.265550e-02;1.153008e-01;3.289507e-01;7.862125e-02;3.260158e-02;2.244933e-02;3.991899e-02;1.016127e-01
1.790023e-01;3.162479e-02;5.527278e-02;8.324479e-02;3.668208e-02;8.951217e-02;2.071013e-01;9.747547e-02;6.659117e-02;2.994999e-02;4.881424e-02;7.472891e-02
2.531110e-01;3.950410e-02;6.538443e-02;4.626799e-02;6.342170e-02;5.473669e-02;1.040334e-01;1.431693e-01;5.885972e-02;6.470021e-02;6.431424e-02;4.249723e-02
2.086520e-01;5.476412e-02;5.442651e-02;4.313393e-02;4.883585e-02;5.238209e-02;1.202959e-01;2.290900e-01;4.525207e-02;5.348182e-02;3.779715e-02;5.188856e-02
1.344571e-01;5.212497e-02;6.327146e-02;2.908616e-02;3.641632e-02;8.332337e-02;1.395308e-01;2.710923e-01;5.879575e-02;3.894553e-02;5.267041e-02;4.028588e-02
9.744191e-02;4.198478e-02;6.734495e-02;5.561484e-02;4.140499e-02;1.080785e-01;1.734892e-01;1.909331e-01;6.893503e-02;2.840008e-02;5.009109e-02;7.628154e-02
8.082383e-02;5.941917e-02;4.806031e-02;8.975822e-02;3.261509e-02;7.358149e-02;2.902548e-01;1.298265e-01;5.419733e-02;3.243976e-02;2.346479e-02;8.555867e-02
4.568389e-02;6.327108e-02;3.380804e-02;1.006951e-01;2.706462e-02;4.802341e-02;4.335692e-01;1.042318e-01;2.937244e-02;2.873491e-02;1.840026e-02;6.714524e-02
2.330078e-02;3.740702e-02;2.464287e-02;9.153934e-02;1.781861e-02;6.740104e-02;5.204330e-01;8.387998e-02;2.070596e-02;1.423024e-02;2.774663e-02;7.089449e-02
2.042447e-02;2.219261e-02;5.133733e-02;7.690241e-02;2.703680e-02;1.094204e-01;4.419738e-01;8.838015e-02;3.252792e-02;9.069908e-03;5.502435e-02;6.570987e-02
1.267412e-02;2.549634e-02;7.186857e-02;6.354933e-02;4.338527e-02;1.618198e-01;3.249421e-01;9.520251e-02;4.431222e-02;1.063319e-02;7.998770e-02;6.612874e-02
2.676018e-02;4.698208e-02;8.300982e-02;4.387637e-02;5.898861e-02;1.868299e-01;2.209230e-01;1.030250e-01;5.662458e-02;1.249932e-02;9.880304e-02;6.167810e-02
6.631260e-02;6.949197e-02;7.504855e-02;3.702092e-02;6.602954e-02;1.661636e-01;1.304900e-01;9.445588e-02;7.286829e-02;3.363676e-02;1.167593e-01;7.172266e-02
9.997872e-02;4.214359e-02;5.348339e-02;6.168590e-02;6.597359e-02;1.281943e-01;9.966484e-02;1.812123e-01;7.707739e-02;5.407607e-02;5.441226e-02;8.209772e-02
1.198069e-01;2.083846e-02;5.447935e-02;5.563898e-02;6.592835e-02;8.529524e-02;1.384683e-01;2.277823e-01;6.756964e-02;3.433818e-02;5.279614e-02;7.705824e-02
1.123670e-01;4.563386e-02;4.670100e-02;4.410975e-02;1.319807e-01;4.927690e-02;8.113202e-02;2.417934e-01;6.744761e-02;4.663377e-02;6.248733e-02;7.043666e-02
8.301771e-02;4.366701e-02;3.877853e-02;9.059811e-02;1.264451e-01;5.560643e-02;1.819750e-01;1.525395e-01;6.207486e-02;5.030441e-02;4.927700e-02;6.571631e-02
7.876594e-02;3.289042e-02;5.145782e-02;9.202902e-02;8.130407e-02;6.833723e-02;3.092726e-01;8.516114e-02;5.241940e-02;3.096225e-02;4.182119e-02;7.557892e-02
4.579071e-02;2.105357e-02;5.633373e-02;5.135723e-02;6.806310e-02;8.044494e-02;3.945272e-01;9.997270e-02;4.904897e-02;1.680126e-02;3.194292e-02;8.466370e-02
2.571776e-02;2.612457e-02;3.684476e-02;5.442022e-02;5.526095e-02;1.041541e-01;3.974558e-01;9.900522e-02;4.515103e-02;4.076122e-02;2.029691e-02;9.480755e-02
5.368232e-02;3.666151e-02;3.496324e-02;5.815927e-02;6.445406e-02;7.776640e-02;3.029206e-01;1.368081e-01;6.670132e-02;5.198925e-02;2.952396e-02;8.636998e-02
1.117739e-01;5.028517e-02;4.737035e-02;4.922221e-02;1.040843e-01;4.482824e-02;2.459576e-01;1.291893e-01;8.114090e-02;4.310453e-02;4.310515e-02;4.993840e-02
1.430366e-01;4.358571e-02;6.180547e-02;5.422300e-02;1.013412e-01;8.164312e-02;1.739052e-01;1.175697e-01;5.619084e-02;4.032070e-02;5.523395e-02;7.114451e-02
1.474533e-01;7.654464e-02;9.645391e-02;6.283447e-02;8.792771e-02;1.095939e-01;9.605935e-02;1.058449e-01;5.454176e-02;3.325171e-02;5.765967e-02;7.183474e-02
1.091171e-01;7.068320e-02;7.630310e-02;1.346478e-01;4.598854e-02;9.625822e-02;1.709409e-01;1.132531e-01;2.285679e-02;1.861775e-02;2.935123e-02;1.119823e-01
7.238497e-02;5.183495e-02;6.038425e-02;1.763317e-01;3.360411e-02;8.613971e-02;2.532748e-01;6.798355e-02;1.309892e-02;1.404835e-02;2.678630e-02;1.441284e-01
3.453675e-02;3.267433e-02;3.628081e-02;2.155561e-01;1.799249e-02;6.163786e-02;3.541794e-01;5.600795e-02;8.038421e-03;8.237893e-03;1.541783e-02;1.594401e-01
1.750901e-02;2.232587e-02;1.502999e-02;2.354657e-01;1.207575e-02;2.406826e-02;4.055536e-01;1.147886e-01;5.237191e-03;1.043034e-02;7.341495e-03;1.301742e-01
2.254054e-02;2.047059e-02;1.068668e-02;2.572188e-01;1.102768e-02;1.517106e-02;4.091382e-01;1.287340e-01;5.874676e-03;1.425791e-02;8.068861e-03;9.681095e-02
3.172800e-02;2.013301e-02;8.986288e-03;2.714777e-01;1.870756e-02;2.647511e-02;3.978272e-01;1.253173e-01;4.794864e-03;1.889921e-02;4.428115e-03;7.122563e-02
3.151730e-02;1.707328e-02;5.287895e-03;2.559022e-01;2.796271e-02;1.575786e-02;4.133056e-01;1.481885e-01;6.646040e-03;1.992903e-02;6.006843e-03;5.242276e-02
2.175849e-02;2.208405e-02;5.308215e-03;1.956128e-01;2.229762e-02;2.466626e-02;4.499653e-01;1.786256e-01;7.573497e-03;2.024964e-02;7.720939e-03;4.413761e-02
2.097985e-02;1.861887e-02;8.753174e-03;1.266235e-01;1.245223e-02;2.223555e-02;4.739074e-01;2.301837e-01;1.079478e-02;2.583713e-02;5.280746e-03;4.433313e-02
2.259314e-02;2.315520e-02;1.687993e-02;8.075563e-02;9.521348e-03;3.379649e-02;4.507351e-01;2.411006e-01;1.606779e-02;3.787021e-02;7.937466e-03;5.958708e-02
3.059952e-02;4.450665e-02;2.699443e-02;8.696450e-02;1.205218e-02;3.646470e-02;3.935119e-01;1.922327e-01;1.527802e-02;5.022082e-02;1.479565e-02;9.637903e-02
5.625118e-02;7.436752e-02;4.249159e-02;9.846243e-02;2.458844e-02;7.597343e-02;2.928843e-01;1.359677e-01;2.405822e-02;4.805697e-02;2.302625e-02;1.038719e-01
7.430632e-02;9.573696e-02;7.531736e-02;1.048829e-01;4.677876e-02;1.223906e-01;1.905938e-01;1.044848e-01;3.907505e-02;3.421463e-02;2.203670e-02;9.018205e-02
5.185400e-02;8.359402e-02;5.969933e-02;1.583766e-01;5.338229e-02;8.595560e-02;1.829023e-01;1.604308e-01;4.639808e-02;2.464530e-02;1.822649e-02;7.453509e-02
4.663089e-02;3.419709e-02;2.032332e-02;2.138994e-01;3.275034e-02;6.969626e-02;2.420452e-01;2.211686e-01;2.587065e-02;2.724963e-02;1.879049e-02;4.737822e-02
5.088989e-02;4.768118e-02;2.331378e-02;2.343866e-01;3.249401e-02;5.363896e-02;2.825992e-01;1.861309e-01;2.090131e-02;2.919947e-02;1.343327e-02;2.533132e-02
2.822321e-02;3.992142e-02;2.393962e-02;2.153619e-01;4.666001e-02;5.193127e-02;3.735632e-01;1.151856e-01;1.627364e-02;3.625315e-02;1.061208e-02;4.207487e-02
3.364003e-02;2.205827e-02;2.370233e-02;1.814999e-01;4.158286e-02;4.122890e-02;3.434671e-01;1.401428e-01;5.705876e-02;4.399467e-02;1.566399e-02;5.596039e-02
3.753925e-02;3.709365e-02;4.085304e-02;1.325246e-01;3.860200e-02;5.410125e-02;2.868267e-01;1.427137e-01;1.162780e-01;5.050213e-02;1.543626e-02;4.752947e-02
4.368599e-02;3.893919e-02;5.023230e-02;9.139208e-02;3.879364e-02;7.119507e-02;2.442193e-01;1.524130e-01;1.597025e-01;4.856301e-02;2.402234e-02;3.684160e-02
4.438126e-02;3.137098e-02;5.081947e-02;7.353530e-02;3.342499e-02;8.794609e-02;2.469136e-01;1.853860e-01;1.200066e-01;5.264018e-02;2.975657e-02;4.381894e-02
3.957201e-02;3.027304e-02;5.234207e-02;5.947587e-02;2.936036e-02;8.959567e-02;2.163945e-01;2.289871e-01;8.614136e-02;8.898105e-02;2.915950e-02;4.971752e-02
5.859987e-02;5.916907e-02;6.298302e-02;5.787470e-02;3.569653e-02;8.854877e-02;1.661679e-01;1.816297e-01;1.153448e-01;8.932606e-02;2.914404e-02;5.551550e-02
5.800639e-02;9.667490e-02;6.889378e-02;5.663175e-02;6.541640e-02;8.578577e-02;1.822429e-01;1.469625e-01;8.288289e-02;4.975310e-02;4.115475e-02;6.559490e-02
2.532916e-02;8.468065e-02;5.663653e-02;9.995499e-02;6.176762e-02;8.168915e-02;2.380885e-01;1.892942e-01;4.337087e-02;2.965184e-02;3.540619e-02;5.413021e-02
2.550634e-02;4.957376e-02;3.823667e-02;1.395042e-01;7.386068e-02;5.344572e-02;3.109436e-01;1.850184e-01;3.462280e-02;4.052684e-02;2.048003e-02;2.828086e-02
2.520171e-02;4.080080e-02;3.240286e-02;1.237468e-01;8.493742e-02;7.169928e-02;3.444813e-01;1.528302e-01;4.176639e-02;4.694198e-02;9.229666e-03;2.596162e-02
2.502883e-02;2.648059e-02;1.759031e-02;7.629848e-02;4.967955e-02;7.484829e-02;3.906420e-01;2.103722e-01;4.429303e-02;3.361301e-02;1.205421e-02;3.909957e-02
2.337386e-02;3.203236e-02;1.936606e-02;5.578285e-02;4.396502e-02;6.192202e-02;4.290646e-01;2.026739e-01;3.692671e-02;2.698174e-02;2.243536e-02;4.547564e-02
3.935172e-02;2.859984e-02;2.429242e-02;6.222960e-02;7.034062e-02;4.888459e-02;4.432069e-01;1.085530e-01;3.537668e-02;4.075585e-02;2.154472e-02;7.686407e-02
7.435776e-02;5.557952e-02;3.780203e-02;9.248116e-02;7.776905e-02;1.153482e-01;2.236578e-01;1.441822e-01;2.924827e-02;5.110612e-02;2.535878e-02;7.310905e-02
8.632734e-02;7.532749e-02;5.537368e-02;7.329022e-02;9.602666e-02;1.377039e-01;1.138645e-01;1.713244e-01;3.575513e-02;6.663163e-02;2.674673e-02;6.162847e-02
8.614693e-02;8.818950e-02;7.789380e-02;1.279494e-01;7.881659e-02;1.301849e-01;8.822397e-02;1.389489e-01;3.886478e-02;6.252175e-02;2.999022e-02;5.226928e-02
5.889224e-02;1.666641e-01;1.016810e-01;2.217729e-01;3.683884e-02;6.636506e-02;1.417794e-01;6.184855e-02;3.865314e-02;3.713058e-02;1.537231e-02;5.300177e-02
5.700369e-02;1.925763e-01;9.905328e-02;2.082835e-01;2.998067e-02;5.402073e-02;1.840192e-01;4.772564e-02;1.980509e-02;2.529905e-02;9.804063e-03;7.242883e-02
6.054482e-02;1.606951e-01;7.569469e-02;1.635583e-01;3.994193e-02;6.067392e-02;2.642150e-01;5.162674e-02;1.680221e-02;1.855725e-02;9.133294e-03;7.855678e-02
4.123936e-02;1.355282e-01;3.857256e-02;7.529820e-02;4.873006e-02;6.814249e-02;4.079544e-01;3.286566e-02;2.375540e-02;1.287681e-02;2.248407e-02;9.255286e-02
2.181348e-02;1.624974e-01;1.812517e-02;3.834431e-02;3.212887e-02;7.105787e-02;4.411271e-01;6.728751e-02;1.404468e-02;1.203060e-02;2.243299e-02;9.910997e-02
9.307443e-03;1.469533e-01;1.906208e-02;5.212376e-02;2.460596e-02;9.784707e-02;4.424893e-01;4.255788e-02;8.258224e-03;1.048053e-02;1.446866e-02;1.318458e-01
2.169354e-02;1.337545e-01;2.270463e-02;6.713964e-02;3.143359e-02;1.345352e-01;3.725497e-01;3.731082e-02;8.610192e-03;1.521448e-02;1.147667e-02;1.435770e-01
4.552933e-02;1.250267e-01;4.765948e-02;6.894552e-02;6.777944e-02;1.482329e-01;2.644925e-01;4.507856e-02;1.564504e-02;1.915318e-02;2.312513e-02;1.293322e-01
6.829663e-02;1.044183e-01;5.940947e-02;6.247383e-02;8.583613e-02;1.340764e-01;2.039686e-01;4.940239e-02;2.999333e-02;1.894813e-02;4.268211e-02;1.404946e-01
1.038644e-01;1.175938e-01;9.784176e-02;4.371533e-02;5.278776e-02;1.113248e-01;1.148731e-01;3.920905e-02;5.079146e-02;1.817208e-02;7.681318e-02;1.730133e-01
1.184441e-01;1.088317e-01;1.130328e-01;5.132747e-02;4.352738e-02;1.202029e-01;7.737114e-02;3.935993e-02;5.742562e-02;1.795250e-02;1.022690e-01;1.502555e-01
1.108069e-01;9.621135e-02;8.856228e-02;6.586093e-02;4.627500e-02;1.291573e-01;8.524568e-02;5.377179e-02;6.339313e-02;2.737854e-02;1.123317e-01;1.210054e-01
7.843937e-02;1.007506e-01;6.256713e-02;6.665904e-02;4.570898e-02;1.222889e-01;2.199255e-01;5.419343e-02;4.636301e-02;2.214497e-02;5.341357e-02;1.275455e-01
3.799014e-02;1.351139e-01;4.485440e-02;5.870535e-02;1.841290e-02;4.667078e-02;3.672564e-01;4.874263e-02;3.426502e-02;1.534332e-02;4.886842e-02;1.437767e-01
2.728880e-02;1.198842e-01;3.530968e-02;5.788620e-02;2.091092e-02;7.783496e-02;3.674528e-01;8.145752e-02;2.595851e-02;2.090504e-02;3.545277e-02;1.296586e-01
3.167605e-02;9.529068e-02;4.597404e-02;4.142320e-02;3.427678e-02;1.257642e-01;3.412400e-01;5.105143e-02;4.037112e-02;4.501851e-02;3.112016e-02;1.167938e-01
6.747884e-02;1.111175e-01;6.326053e-02;3.432716e-02;3.171572e-02;1.120894e-01;2.867513e-01;3.618354e-02;4.095310e-02;5.602095e-02;5.300528e-02;1.070966e-01
8.561005e-02;1.223132e-01;8.022866e-02;6.370742e-02;3.680039e-02;6.398337e-02;2.089454e-01;2.868592e-02;5.679478e-02;5.585488e-02;6.875476e-02;1.283212e-01
9.210394e-02;1.759219e-01;1.282569e-01;7.377817e-02;4.438119e-02;5.358711e-02;1.153517e-01;7.793359e-02;5.629437e-02;3.878085e-02;4.184425e-02;1.017660e-01
1.019433e-01;1.851923e-01;1.170109e-01;5.125346e-02;2.477369e-02;3.411600e-02;1.608864e-01;1.220050e-01;3.224792e-02;2.221136e-02;4.596954e-02;1.023901e-01
9.088246e-02;1.459468e-01;6.048677e-02;5.161596e-02;1.598043e-02;2.766063e-02;2.568637e-01;1.150962e-01;1.780950e-02;1.957158e-02;3.298558e-02;1.651005e-01
4.739712e-02;9.218673e-02;1.621170e-02;6.283078e-02;1.587561e-02;7.358659e-02;3.693760e-01;7.577483e-02;1.661820e-02;1.934775e-02;2.373892e-02;1.870558e-01
1.053633e-02;6.101970e-02;1.768068e-02;5.089612e-02;3.305875e-02;1.476474e-01;4.362212e-01;4.164027e-02;2.024400e-02;1.983557e-02;1.801156e-02;1.432084e-01
1.676131e-02;3.744898e-02;3.147591e-02;2.830344e-02;6.360186e-02;2.811663e-01;3.413044e-01;4.421403e-02;4.281045e-02;1.940030e-02;4.357589e-02;4.993725e-02
1.835690e-02;2.331986e-02;6.376056e-02;2.679080e-02;9.084310e-02;3.439809e-01;1.849131e-01;2.970031e-02;6.597809e-02;1.882995e-02;8.222442e-02;5.130195e-02
3.890967e-02;2.746856e-02;1.046747e-01;3.460648e-02;7.715171e-02;2.970807e-01;8.333172e-02;3.454564e-02;7.437324e-02;2.735900e-02;1.373587e-01;6.313989e-02
6.811874e-02;3.466377e-02;1.019462e-01;4.350835e-02;4.173421e-02;2.259610e-01;7.695196e-02;5.054555e-02;6.779473e-02;4.981636e-02;1.847057e-01;5.425352e-02
6.622171e-02;7.282959e-02;5.124304e-02;6.775295e-02;4.826267e-02;1.598129e-01;1.395016e-01;8.404034e-02;5.452679e-02;6.995711e-02;1.447037e-01;4.114762e-02
3.893849e-02;1.325027e-01;3.788967e-02;6.448435e-02;7.707464e-02;1.236780e-01;1.515418e-01;1.022635e-01;5.193283e-02;1.076128e-01;7.474555e-02;3.733568e-02
3.903676e-02;1.449093e-01;1.745469e-02;4.814690e-02;9.461436e-02;1.164071e-01;1.426361e-01;9.754056e-02;6.816562e-02;1.425747e-01;2.839262e-02;6.012131e-02
4.199740e-02;1.084464e-01;1.735641e-02;4.313031e-02;8.864447e-02;1.169346e-01;1.708169e-01;7.025798e-02;9.865548e-02;1.454415e-01;1.525609e-02;8.306246e-02
6.740455e-02;6.071740e-02;2.529409e-02;6.517098e-02;7.085111e-02;3.946749e-02;1.382692e-01;1.548610e-01;1.234147e-01;9.541832e-02;3.921228e-02;1.199189e-01
5.675012e-02;4.542628e-02;4.142560e-02;7.200500e-02;5.123204e-02;1.722190e-01;1.023405e-01;1.895108e-01;8.323235e-02;3.019303e-02;5.009673e-02;1.055686e-01
2.438229e-02;7.388275e-02;5.046071e-02;7.226756e-02;3.815285e-02;2.644319e-01;1.644447e-01;1.253440e-01;5.988897e-02;2.545216e-02;3.681424e-02;6.447785e-02
3.613161e-02;5.144195e-02;4.640342e-02;3.658312e-02;3.814781e-02;2.853509e-01;1.865519e-01;9.217126e-02;6.520300e-02;3.411632e-02;3.162267e-02;9.627592e-02
3.307533e-02;6.065133e-02;5.046577e-02;5.593991e-02;3.391856e-02;2.178530e-01;1.733086e-01;9.980140e-02;6.502423e-02;4.417739e-02;4.047757e-02;1.253069e-01
4.256889e-02;9.197238e-02;7.276276e-02;7.317050e-02;5.204866e-02;7.937788e-02;1.955526e-01;1.418595e-01;5.458267e-02;4.055102e-02;5.948278e-02;9.607031e-02
3.282567e-02;5.280104e-02;5.321690e-02;5.212630e-02;4.534459e-02;1.443265e-01;3.231803e-01;1.326332e-01;3.696370e-02;3.785018e-02;3.759153e-02;5.114009e-02
3.615147e-02;6.673407e-02;4.401027e-02;5.467444e-02;5.197941e-02;1.696808e-01;3.041527e-01;1.076559e-01;3.867527e-02;3.600515e-02;2.812820e-02;6.215232e-02
5.425296e-02;9.163242e-02;1.261754e-01;1.053853e-01;1.040777e-01;1.798261e-01;7.951188e-02;5.747462e-02;3.689112e-02;2.218837e-02;6.699932e-02;7.558480e-02
2.914182e-02;1.291479e-01;1.216899e-01;1.003142e-01;1.791555e-01;1.610198e-01;2.704527e-02;4.066712e-02;4.481820e-02;4.972145e-02;6.612547e-02;5.115329e-02
1.998810e-02;1.406243e-01;8.273262e-02;8.363565e-02;2.795389e-01;1.359355e-01;2.238750e-02;3.779177e-02;4.927157e-02;6.915256e-02;5.211658e-02;2.682509e-02
2.876690e-02;1.120912e-01;4.625535e-02;8.515749e-02;3.874864e-01;1.126806e-01;3.834432e-02;3.065872e-02;5.243734e-02;6.604674e-02;2.872902e-02;1.134602e-02
2.821895e-02;6.410868e-02;3.733065e-02;1.192271e-01;4.378670e-01;7.110709e-02;6.563357e-02;2.281599e-02;6.158465e-02;6.909805e-02;1.337297e-02;9.635330e-03
4.391605e-02;3.952629e-02;4.446416e-02;1.642760e-01;3.616193e-01;6.053200e-02;7.633822e-02;2.260762e-02;6.979149e-02;9.572463e-02;9.697197e-03;1.150707e-02
4.854552e-02;4.379803e-02;4.934824e-02;2.231390e-01;3.159633e-01;3.561370e-02;5.983732e-02;2.323174e-02;7.115769e-02;1.057877e-01;1.054799e-02;1.302969e-02
8.594918e-02;3.407654e-02;4.980686e-02;2.983346e-01;2.566889e-01;4.027295e-02;4.298807e-02;2.180950e-02;7.034726e-02;8.129340e-02;8.072986e-03;1.035980e-02
1.373907e-01;2.750601e-02;6.043059e-02;3.400048e-01;1.943998e-01;2.083876e-02;3.954870e-02;2.390720e-02;7.289747e-02;7.351197e-02;5.580941e-03;3.983023e-03
2.011465e-01;1.836055e-02;5.250562e-02;2.599824e-01;1.749271e-01;2.430725e-02;3.822821e-02;3.254189e-02;8.361347e-02;9.133020e-02;8.827488e-03;1.422933e-02
2.316060e-01;3.473626e-02;3.376407e-02;1.745250e-01;1.681807e-01;4.932085e-02;2.753519e-02;3.582592e-02;1.208103e-01;9.236773e-02;6.520716e-03;2.480730e-02
1.767602e-01;3.447121e-02;4.510432e-02;1.543926e-01;1.650194e-01;5.078142e-02;2.314547e-02;4.125162e-02;1.781794e-01;9.720880e-02;6.752747e-03;2.693280e-02
6.296437e-02;3.546557e-02;5.013842e-02;1.613180e-01;1.637038e-01;4.352780e-02;3.946081e-02;6.423051e-02;2.315962e-01;1.154094e-01;1.015948e-02;2.202559e-02
4.953435e-02;4.165721e-02;5.547498e-02;1.502575e-01;1.625924e-01;6.616340e-02;4.857396e-02;6.724828e-02;1.975502e-01;1.299730e-01;1.437599e-02;1.659879e-02
7.365616e-02;5.221847e-02;6.115265e-02;1.477961e-01;1.729552e-01;4.735591e-02;5.564425e-02;7.097670e-02;1.536342e-01;1.276118e-01;2.434758e-02;1.265093e-02
8.172929e-02;4.645630e-02;6.771831e-02;1.673165e-01;1.732355e-01;4.881031e-02;5.264853e-02;6.441978e-02;1.564603e-01;1.171876e-01;1.683072e-02;7.186945e-03
5.378665e-02;5.917785e-02;3.436955e-02;1.651608e-01;1.948493e-01;4.581502e-02;4.276035e-02;5.898055e-02;1.860335e-01;1.293440e-01;1.130861e-02;1.841372e-02
2.545407e-02;4.890356e-02;2.700274e-02;1.194649e-01;2.018626e-01;4.807230e-02;4.685447e-02;7.390872e-02;2.075092e-01;1.369979e-01;1.903871e-02;4.493079e-02
2.618043e-02;3.309640e-02;3.674625e-02;1.245450e-01;2.033059e-01;8.856099e-02;5.408955e-02;5.869047e-02;1.659357e-01;1.050617e-01;2.756695e-02;7.622065e-02
2.740727e-02;4.261510e-02;5.415123e-02;1.714472e-01;2.405633e-01;9.327213e-02;5.914050e-02;4.603006e-02;1.169647e-01;5.192020e-02;1.801739e-02;7.847094e-02
6.751501e-02;5.631487e-02;7.294676e-02;1.775631e-01;2.399523e-01;6.009742e-02;6.667874e-02;6.031784e-02;9.418836e-02;2.455391e-02;1.322480e-02;6.664686e-02
1.071466e-01;5.417498e-02;6.482887e-02;1.745597e-01;2.425779e-01;4.983041e-02;5.522421e-02;6.549495e-02;7.364151e-02;2.979997e-02;1.587330e-02;6.684764e-02
1.239138e-01;3.757808e-02;5.250735e-02;1.776010e-01;2.594129e-01;8.160428e-02;4.224383e-02;6.245180e-02;5.537428e-02;3.752729e-02;8.912522e-03;6.087284e-02
1.011666e-01;6.411845e-02;1.010437e-01;1.561581e-01;2.010044e-01;1.126295e-01;5.615738e-02;6.919536e-02;3.854647e-02;3.217670e-02;2.553386e-02;4.226948e-02
7.802660e-02;7.354305e-02;1.270184e-01;1.395656e-01;1.379109e-01;1.403029e-01;7.303076e-02;8.095196e-02;4.011392e-02;3.262736e-02;3.609547e-02;4.081304e-02
