4.523803e-02;9.019496e-02;1.279933e-01;7.546917e-02;1.121859e-01;6.060707e-02;1.228192e-01;1.094883e-01;8.973370e-02;5.584131e-02;5.967004e-02;5.075904e-02
3.442996e-02;7.302072e-02;8.773074e-02;9.260314e-02;1.147746e-01;6.683652e-02;1.315939e-01;1.113070e-01;7.550085e-02;6.183442e-02;8.293515e-02;6.743307e-02
3.378785e-02;8.755341e-02;1.378057e-01;1.085860e-01;7.170680e-02;8.179564e-02;1.110484e-01;1.083727e-01;6.629615e-02;6.236486e-02;6.439151e-02;6.629103e-02
4.248489e-02;1.188993e-01;1.417796e-01;9.317632e-02;6.513910e-02;9.812113e-02;8.981572e-02;1.145118e-01;8.532308e-02;5.899297e-02;4.627718e-02;4.547891e-02
4.491683e-02;1.340789e-01;1.132222e-01;7.548051e-02;8.745711e-02;9.521152e-02;9.425999e-02;9.573909e-02;1.008557e-01;6.186223e-02;5.712549e-02;3.979043e-02
6.357785e-02;1.409489e-01;9.438053e-02;7.931589e-02;8.899130e-02;7.582509e-02;1.092270e-01;8.271021e-02;1.029281e-01;5.036553e-02;6.095112e-02;5.077839e-02
7.954471e-02;1.315683e-01;8.354597e-02;1.096421e-01;6.551592e-02;7.893252e-02;1.087050e-01;8.409345e-02;9.673894e-02;6.501170e-02;5.259163e-02;4.410990e-02
8.853410e-02;1.070472e-01;1.004254e-01;1.379195e-01;6.204912e-02;6.022796e-02;9.851400e-02;1.054780e-01;7.599030e-02;8.092986e-02;3.996086e-02;4.292361e-02
7.318223e-02;1.106679e-01;1.372585e-01;1.050452e-01;8.117858e-02;5.391839e-02;7.578925e-02;1.317453e-01;3.754463e-02;8.670288e-02;6.523405e-02;4.173309e-02
6.359207e-02;1.262371e-01;1.370955e-01;7.042735e-02;9.176137e-02;8.555950e-02;5.249465e-02;9.016629e-02;8.940815e-02;8.721558e-02;6.392388e-02;4.211864e-02
6.220138e-02;1.226096e-01;1.329541e-01;9.051102e-02;9.095279e-02;9.024233e-02;9.167553e-02;5.379074e-02;1.284571e-01;7.085577e-02;3.999351e-02;2.575614e-02
6.165792e-02;9.648122e-02;1.372497e-01;1.027620e-01;4.679430e-02;6.422511e-02;1.146375e-01;7.761791e-02;1.362872e-01;7.961535e-02;4.443826e-02;3.823350e-02
7.753833e-02;9.045158e-02;1.364292e-01;5.945194e-02;7.419439e-02;5.173305e-02;1.365913e-01;1.004927e-01;1.016926e-01;8.729099e-02;4.212471e-02;4.200912e-02
6.469448e-02;7.271276e-02;1.340892e-01;5.349590e-02;8.577532e-02;5.865318e-02;1.725192e-01;9.730498e-02;6.662347e-02;1.099413e-01;3.443478e-02;4.975544e-02
0;0;0;0;0;0;0;0;0;0;0;0
5.484054e-02;3.802453e-02;9.073289e-02;1.121379e-01;1.170786e-01;9.137851e-02;1.718283e-01;4.568064e-02;7.104320e-02;1.125587e-01;2.821222e-02;6.648388e-02
3.488823e-02;6.911734e-02;9.024028e-02;1.093728e-01;1.303009e-01;7.735778e-02;1.582110e-01;5.783660e-02;8.609679e-02;1.053358e-01;3.514960e-02;4.609294e-02
7.151212e-02;9.485840e-02;1.113073e-01;9.740890e-02;7.819059e-02;8.896230e-02;1.400861e-01;6.362506e-02;7.366940e-02;8.391185e-02;6.050747e-02;3.596058e-02
8.357770e-02;8.186073e-02;1.087714e-01;1.085673e-01;7.433586e-02;9.668588e-02;1.593047e-01;6.131370e-02;7.743613e-02;5.424911e-02;4.178128e-02;5.211616e-02
7.484981e-02;5.968137e-02;9.693675e-02;7.800590e-02;7.235818e-02;6.828539e-02;1.835242e-01;8.024397e-02;8.960184e-02;6.980222e-02;5.613345e-02;7.057697e-02
7.701019e-02;5.395765e-02;1.018048e-01;7.678155e-02;6.156151e-02;1.053946e-01;1.634741e-01;9.114602e-02;9.695880e-02;7.108997e-02;3.818756e-02;6.263323e-02
5.761710e-02;5.549666e-02;1.182708e-01;9.693175e-02;1.002015e-01;1.083490e-01;1.267008e-01;9.432438e-02;1.011823e-01;4.583071e-02;2.152449e-02;7.357043e-02
5.098959e-02;6.573212e-02;1.313028e-01;1.031777e-01;1.208004e-01;1.131134e-01;1.055453e-01;6.293324e-02;1.116908e-01;5.503155e-02;2.071973e-02;5.896343e-02
4.670994e-02;6.869403e-02;1.287200e-01;8.452397e-02;1.044816e-01;1.026015e-01;1.057011e-01;4.691817e-02;8.696735e-02;1.214774e-01;4.520911e-02;5.799579e-02
4.737097e-02;7.749857e-02;1.146525e-01;1.112267e-01;7.519320e-02;8.189148e-02;1.212887e-01;7.606024e-02;8.521517e-02;1.070919e-01;5.195099e-02;5.055962e-02
7.026398e-02;5.574235e-02;8.479208e-02;1.181091e-01;9.170901e-02;7.073714e-02;1.604059e-01;1.145889e-01;9.763275e-02;7.431462e-02;3.037114e-02;3.133302e-02
6.414608e-02;4.431819e-02;8.600535e-02;1.069272e-01;8.441511e-02;1.048338e-01;1.435061e-01;1.170791e-01;7.101706e-02;9.080277e-02;2.774922e-02;5.919993e-02
6.483741e-02;3.803109e-02;6.260997e-02;1.120968e-01;7.621326e-02;1.368654e-01;1.243368e-01;1.116031e-01;6.173906e-02;1.281572e-01;2.718736e-02;5.632266e-02
5.708518e-02;4.111163e-02;5.954215e-02;7.789040e-02;6.622094e-02;1.170137e-01;1.086524e-01;1.125963e-01;7.753922e-02;1.967928e-01;4.357238e-02;4.198301e-02
3.895826e-02;3.594489e-02;6.784815e-02;4.285114e-02;3.856213e-02;6.266218e-02;1.055803e-01;8.816553e-02;1.202940e-01;2.839453e-01;7.023485e-02;4.495322e-02
9.490485e-02;8.663554e-02;1.035491e-01;2.059068e-02;4.264465e-02;5.308724e-02;4.883241e-02;6.165427e-02;1.043593e-01;3.055703e-01;2.645521e-02;5.171643e-02
9.281051e-02;1.079551e-01;1.378432e-01;3.495117e-02;5.685492e-02;3.339264e-02;8.716185e-02;5.412481e-02;8.947993e-02;2.486137e-01;2.243910e-02;3.437312e-02
4.657599e-02;6.589077e-02;1.324784e-01;7.542454e-02;5.195055e-02;5.677665e-02;1.378753e-01;4.815599e-02;1.057265e-01;1.728724e-01;6.218276e-02;4.409014e-02
4.748187e-02;3.572547e-02;1.925976e-01;8.079353e-02;4.990619e-02;6.410623e-02;1.169952e-01;3.866468e-02;4.807623e-02;1.669092e-01;1.215753e-01;3.716846e-02
2.905435e-02;6.586873e-02;2.466550e-01;7.240850e-02;3.435164e-02;7.006266e-02;7.642007e-02;3.187954e-02;5.689442e-02;1.722756e-01;1.140920e-01;3.003746e-02
2.070371e-02;1.530578e-01;2.223193e-01;4.031695e-02;2.109705e-02;1.197740e-01;4.380326e-02;1.812804e-02;1.218923e-01;1.418452e-01;6.294356e-02;3.411880e-02
1.581665e-02;2.559080e-01;1.360345e-01;2.180477e-02;1.189988e-02;1.863808e-01;2.053610e-02;1.200635e-02;2.009057e-01;8.324607e-02;2.055350e-02;3.490773e-02
2.577242e-02;3.037417e-01;5.374812e-02;3.316677e-02;1.749257e-02;2.110841e-01;1.272452e-02;1.729172e-02;2.420324e-01;3.282450e-02;1.025608e-02;3.986522e-02
5.454951e-02;2.884657e-01;3.598770e-02;3.644464e-02;5.014443e-02;1.632926e-01;1.494094e-02;3.503733e-02;2.467358e-01;2.414771e-02;1.029187e-02;3.996177e-02
9.809296e-02;2.474728e-01;4.160625e-02;2.904668e-02;8.505496e-02;7.702902e-02;1.046509e-02;4.684161e-02;2.686165e-01;4.360338e-02;1.729305e-02;3.487769e-02
1.526590e-01;2.272955e-01;2.635261e-02;1.872735e-02;7.012571e-02;9.931413e-02;9.569637e-03;6.401613e-02;2.522368e-01;3.024750e-02;1.790424e-02;3.155139e-02
2.244711e-01;1.824625e-01;2.336009e-02;7.997884e-03;6.813401e-02;7.601690e-02;8.558347e-03;1.207453e-01;2.135184e-01;2.937258e-02;1.479957e-02;3.056335e-02
2.470141e-01;1.368270e-01;2.476676e-02;9.531095e-03;1.112166e-01;5.079295e-02;2.359246e-02;1.782429e-01;1.487003e-01;2.746846e-02;1.645428e-02;2.539313e-02
1.314483e-01;1.594611e-01;3.414978e-02;1.008467e-02;8.378074e-02;1.048308e-01;1.971911e-02;1.369894e-01;2.666236e-01;1.922523e-02;1.881200e-02;1.487523e-02
4.917949e-02;1.953177e-01;4.842174e-02;4.701083e-03;3.132137e-02;1.520800e-01;6.907802e-03;6.562217e-02;4.088216e-01;1.080539e-02;1.505396e-02;1.176767e-02
2.102859e-02;1.974857e-01;8.538690e-02;4.874616e-03;1.231764e-02;1.580262e-01;6.446943e-03;2.405257e-02;4.249265e-01;4.671107e-02;7.704558e-03;1.103869e-02
2.405399e-02;1.813660e-01;1.665019e-01;6.200869e-03;1.574469e-02;1.300011e-01;1.362623e-02;1.373474e-02;3.298087e-01;1.058417e-01;6.892898e-03;6.227241e-03
2.494128e-02;1.295140e-01;3.218430e-01;1.029400e-02;1.100681e-02;8.594519e-02;3.056171e-02;1.324041e-02;1.550680e-01;2.024917e-01;9.254017e-03;5.839776e-03
8.099394e-03;7.898488e-02;4.272319e-01;1.126996e-02;7.492564e-03;3.446928e-02;5.810521e-02;1.025351e-02;7.211020e-02;2.751511e-01;1.235083e-02;4.481112e-03
4.388895e-03;3.230069e-02;4.433039e-01;2.556342e-02;5.788207e-03;2.553396e-02;8.297839e-02;1.121611e-02;5.890541e-02;2.870824e-01;1.837422e-02;4.564372e-03
2.603150e-03;1.538230e-02;4.387785e-01;5.701972e-02;6.662227e-03;2.491538e-02;1.040289e-01;5.355000e-03;1.301682e-02;2.738899e-01;5.246488e-02;5.883261e-03
7.034316e-03;8.874992e-03;3.724305e-01;1.235337e-01;8.239372e-03;2.290741e-02;8.611844e-02;9.336664e-03;3.434047e-02;2.090931e-01;1.148576e-01;3.233439e-03
1.146006e-02;2.047783e-02;2.213858e-01;2.213819e-01;1.872214e-02;1.932555e-02;4.767722e-02;3.142786e-02;2.887617e-02;1.342002e-01;2.378532e-01;7.211911e-03
9.542869e-03;1.336838e-02;1.045223e-01;2.908438e-01;1.168623e-02;1.405526e-02;1.680578e-02;1.014383e-01;1.318449e-02;7.559574e-02;2.846377e-01;6.431921e-02
2.152781e-02;8.766959e-03;5.425736e-02;3.209132e-01;1.109951e-02;1.023883e-02;1.171962e-02;1.625278e-01;1.251719e-02;4.096804e-02;2.497193e-01;9.574440e-02
1.774446e-02;1.118528e-02;3.192402e-02;3.810273e-01;1.053537e-02;1.175214e-02;5.868954e-03;1.850486e-01;1.312543e-02;2.537106e-02;2.538638e-01;5.255368e-02
6.165151e-03;6.789357e-03;1.859137e-02;4.695705e-01;1.180244e-02;1.168012e-02;2.335962e-03;1.757458e-01;6.657050e-03;9.697264e-03;2.697912e-01;1.117389e-02
3.206980e-03;9.030352e-03;1.886805e-02;4.938356e-01;8.735593e-03;9.960347e-03;4.311334e-03;1.548555e-01;6.319454e-03;5.918649e-03;2.758660e-01;9.092147e-03
3.442624e-03;2.176065e-02;1.902689e-02;4.572857e-01;2.457446e-02;6.886572e-03;5.239263e-03;1.280375e-01;5.611600e-03;1.235941e-02;2.746975e-01;4.107779e-02
2.860460e-03;3.387609e-02;2.084298e-02;3.754095e-01;7.480454e-02;5.049861e-03;7.819164e-03;1.003253e-01;4.740841e-03;1.968334e-02;2.337837e-01;1.208043e-01
4.191525e-03;2.904659e-02;1.783054e-02;2.205343e-01;1.638203e-01;5.195746e-03;1.170726e-02;7.726584e-02;1.567892e-02;2.976974e-02;1.423103e-01;2.826490e-01
4.464583e-03;1.456379e-02;2.166378e-02;5.745273e-02;2.360739e-01;6.712331e-03;2.248007e-02;4.322019e-02;2.554606e-02;2.300152e-02;7.546034e-02;4.693607e-01
5.038336e-03;5.351732e-03;3.925024e-02;3.039010e-02;1.972048e-01;6.869158e-03;2.714597e-02;2.182683e-02;3.714822e-02;1.783700e-02;1.421899e-01;4.697476e-01
1.540242e-02;8.797800e-03;7.636227e-02;3.208778e-02;1.408274e-01;1.098927e-02;2.282064e-02;2.834289e-02;5.040869e-02;3.250110e-02;1.940151e-01;3.874446e-01
2.639985e-02;1.087633e-02;1.261193e-01;3.715362e-02;1.266804e-01;1.451485e-02;3.369323e-02;4.237634e-02;5.678643e-02;5.160032e-02;1.680067e-01;3.057926e-01
2.743445e-02;2.376489e-02;1.515670e-01;5.597829e-02;1.566079e-01;2.255364e-02;6.376329e-02;5.849358e-02;5.657613e-02;5.615927e-02;8.433079e-02;2.427708e-01
3.415403e-02;1.896711e-02;1.405275e-01;5.623554e-02;1.464817e-01;2.069462e-02;4.627017e-02;3.944647e-02;6.836142e-02;4.397951e-02;1.087603e-01;2.761216e-01
1.451269e-02;2.527685e-02;1.512282e-01;7.616883e-02;1.140819e-01;1.360851e-02;2.131099e-02;1.541307e-02;8.380716e-02;3.283854e-02;1.135147e-01;3.382385e-01
1.970985e-02;4.445828e-02;1.352980e-01;8.090311e-02;7.124735e-02;1.106333e-02;1.881942e-02;1.663647e-02;1.021835e-01;2.332904e-02;1.276446e-01;3.487071e-01
3.113750e-02;6.985887e-02;1.347244e-01;6.303615e-02;1.081458e-01;1.322333e-02;1.275461e-02;1.704287e-02;1.515790e-01;2.221035e-02;1.000825e-01;2.762046e-01
4.603278e-02;7.635986e-02;1.553632e-01;5.374169e-02;1.077459e-01;1.045109e-02;1.767457e-02;3.207810e-02;1.447977e-01;2.933118e-02;4.415935e-02;2.822646e-01
5.245277e-02;1.042255e-01;2.190003e-01;6.375800e-02;8.026440e-02;2.096348e-02;3.864382e-02;3.972820e-02;1.121917e-01;5.856291e-02;2.620075e-02;1.840081e-01
3.374800e-02;9.651274e-02;2.558038e-01;7.964269e-02;1.025717e-01;5.026621e-02;7.928301e-02;2.757780e-02;8.127353e-02;8.060625e-02;2.959766e-02;8.311665e-02
2.083136e-02;6.779511e-02;2.484198e-01;6.528795e-02;1.557297e-01;8.462595e-02;1.356022e-01;2.014575e-02;6.048449e-02;6.895134e-02;2.915721e-02;4.296914e-02
2.137968e-02;3.760705e-02;2.662469e-01;4.204756e-02;1.947153e-01;1.163017e-01;1.591913e-01;1.503643e-02;4.513669e-02;3.975753e-02;1.517527e-02;4.740468e-02
2.784669e-02;1.570773e-02;2.455939e-01;2.658282e-02;2.397580e-01;1.564230e-01;1.650845e-01;1.052255e-02;2.239898e-02;2.378075e-02;6.870195e-03;5.943094e-02
2.183618e-02;5.765020e-03;2.360805e-01;3.159817e-02;2.545422e-01;1.632849e-01;1.573528e-01;7.513152e-03;3.409498e-02;1.172416e-02;5.313096e-03;7.089477e-02
1.577151e-02;4.213233e-03;2.423652e-01;4.807028e-02;2.634659e-01;1.323300e-01;1.592900e-01;7.460889e-03;4.163289e-02;8.219913e-03;1.260999e-02;6.457020e-02
9.325881e-03;1.235526e-02;3.093686e-01;6.745905e-02;2.154522e-01;8.428145e-02;1.420785e-01;9.943645e-03;4.411328e-02;2.528511e-02;2.958483e-02;5.075227e-02
2.841441e-02;3.881563e-02;4.082905e-01;5.782378e-02;1.150725e-01;5.603331e-02;1.002618e-01;1.838881e-02;6.336292e-02;4.350666e-02;3.427172e-02;3.575798e-02
7.447585e-02;7.451464e-02;3.936931e-01;3.474022e-02;8.496570e-02;4.826380e-02;6.192842e-02;4.751731e-02;9.752750e-02;3.608420e-02;1.909778e-02;2.719144e-02
1.496289e-01;8.411454e-02;1.772597e-01;4.035357e-02;1.152687e-01;6.067672e-02;6.091535e-02;1.176953e-01;1.095656e-01;1.746477e-02;1.781255e-02;4.924436e-02
1.410894e-01;3.115720e-02;2.902440e-01;3.634288e-02;9.792936e-02;6.042054e-02;6.559711e-02;1.398856e-01;7.000978e-02;1.733172e-02;1.425674e-02;3.573570e-02
1.616675e-01;2.611402e-02;1.621081e-01;2.929361e-02;7.162865e-02;8.100726e-02;1.008708e-01;1.841802e-01;6.830864e-02;6.509452e-02;1.590788e-02;3.381874e-02
1.178987e-01;6.495451e-02;2.135429e-01;2.207744e-02;3.679636e-02;4.921481e-02;1.144770e-01;1.159083e-01;1.313380e-01;9.643566e-02;1.496205e-02;2.239432e-02
5.672204e-02;7.754857e-02;3.187542e-01;2.045610e-02;2.745900e-02;5.354742e-02;7.778385e-02;1.099157e-01;1.618165e-01;7.690286e-02;1.080371e-02;8.290153e-03
1.413347e-02;5.347984e-02;4.016681e-01;2.479216e-02;3.712656e-02;4.907569e-02;6.325383e-02;1.158396e-01;1.113463e-01;1.154483e-01;8.701478e-03;5.134691e-03
5.530008e-03;3.264642e-02;4.267321e-01;4.389741e-02;5.014053e-02;3.379013e-02;7.620003e-02;7.479580e-02;8.823383e-02;1.483310e-01;1.473696e-02;4.965771e-03
8.112687e-03;1.791048e-02;4.351612e-01;5.709851e-02;7.368750e-02;2.977788e-02;7.376093e-02;4.162623e-02;1.160080e-01;1.175393e-01;2.622325e-02;3.094065e-03
1.296575e-02;2.185439e-02;4.435118e-01;5.424094e-02;1.113152e-01;3.374954e-02;6.593700e-02;1.842863e-02;1.277365e-01;7.620912e-02;3.066851e-02;3.382650e-03
5.090739e-02;6.224775e-02;3.771844e-01;4.041165e-02;9.193437e-02;3.210121e-02;9.967761e-02;2.618279e-02;1.180535e-01;6.024519e-02;3.020143e-02;1.085264e-02
1.223529e-01;1.253550e-01;2.383372e-01;2.938788e-02;5.174947e-02;2.826071e-02;9.249680e-02;5.391657e-02;1.478952e-01;4.633115e-02;3.311346e-02;3.080368e-02
7.412917e-02;6.794763e-02;3.642944e-01;3.512296e-02;5.015699e-02;2.692624e-02;1.481684e-01;5.848061e-02;8.594020e-02;4.436740e-02;2.240190e-02;2.206401e-02
3.170307e-02;2.733483e-02;5.049105e-01;4.246754e-02;7.287332e-02;3.561868e-02;1.188537e-01;3.971187e-02;3.151722e-02;6.067138e-02;2.921752e-02;5.120474e-03
2.935833e-02;2.043346e-02;5.993766e-01;4.086868e-02;6.241136e-02;2.473619e-02;7.522629e-02;2.898732e-02;1.450963e-02;7.175709e-02;2.608155e-02;6.253486e-03
2.219401e-02;1.188517e-02;6.365956e-01;4.043834e-02;5.514844e-02;1.578709e-02;6.707667e-02;2.831417e-02;1.982444e-02;7.566844e-02;2.403063e-02;3.037017e-03
1.747153e-02;1.163842e-02;6.479435e-01;3.964846e-02;5.709426e-02;1.501106e-02;6.376563e-02;2.458018e-02;1.957225e-02;7.986271e-02;1.981004e-02;3.601940e-03
1.877783e-02;3.494382e-02;6.214858e-01;3.224998e-02;5.180807e-02;1.754543e-02;6.818335e-02;2.100153e-02;2.406921e-02;8.171251e-02;2.019488e-02;8.027555e-03
1.848828e-02;6.754372e-02;5.813140e-01;3.454353e-02;2.691329e-02;2.233404e-02;5.161414e-02;3.656469e-02;4.926506e-02;7.907363e-02;1.955128e-02;1.279441e-02
1.636724e-02;1.027449e-01;5.253554e-01;4.477780e-02;8.111225e-03;3.451602e-02;3.962352e-02;5.602989e-02;7.541849e-02;6.506221e-02;1.429386e-02;1.769940e-02
4.254630e-02;1.328382e-01;4.164088e-01;5.301188e-02;2.471008e-02;4.988416e-02;2.732509e-02;7.905063e-02;1.036151e-01;4.073310e-02;1.357287e-02;1.630373e-02
6.974328e-02;1.552610e-01;3.167585e-01;5.236365e-02;2.486861e-02;6.181957e-02;5.002989e-02;7.776400e-02;1.374805e-01;2.574100e-02;1.171669e-02;1.645340e-02
5.376043e-02;1.708300e-01;3.099930e-01;3.521910e-02;1.928439e-02;9.433174e-02;4.231350e-02;5.849812e-02;1.566367e-01;2.384057e-02;7.571718e-03;2.772076e-02
3.613062e-02;1.377473e-01;3.044109e-01;3.406435e-02;3.274123e-02;1.335427e-01;6.393004e-02;1.018502e-01;7.365087e-02;3.662477e-02;1.449836e-02;3.080865e-02
2.539804e-02;9.364969e-02;1.933466e-01;4.324779e-02;4.048670e-02;1.373660e-01;7.341339e-02;7.292362e-02;1.981774e-01;8.267692e-02;1.368729e-02;2.562659e-02
2.071750e-02;9.540787e-02;1.049233e-01;2.922554e-02;2.645618e-02;1.335600e-01;5.128007e-02;3.506193e-02;3.256119e-01;1.193212e-01;7.648029e-03;5.078654e-02
1.218813e-02;9.872354e-02;6.157185e-02;1.399628e-02;1.127579e-02;1.312803e-01;2.351931e-02;2.927340e-02;3.960516e-01;1.336413e-01;3.101929e-03;8.537658e-02
6.111579e-03;9.736440e-02;7.477336e-02;8.922163e-03;5.319997e-03;1.279708e-01;1.585533e-02;2.163338e-02;4.079738e-01;1.286330e-01;2.134574e-03;1.033077e-01
1.186570e-02;8.596994e-02;1.100795e-01;9.236285e-03;4.384047e-03;1.026984e-01;2.185648e-02;1.995591e-02;3.700824e-01;1.784083e-01;1.302308e-02;7.243996e-02
1.006296e-02;7.543636e-02;1.387717e-01;6.631667e-03;5.553812e-03;7.026667e-02;2.300755e-02;1.410033e-02;3.130526e-01;2.721567e-01;1.250340e-02;5.845620e-02
6.120006e-03;4.408340e-02;1.520322e-01;5.145037e-03;7.885611e-03;3.717863e-02;5.102898e-02;1.049512e-02;2.275312e-01;3.709188e-01;1.113468e-02;7.644635e-02
1.098816e-02;2.227768e-02;1.704929e-01;6.287738e-03;1.143631e-02;2.961166e-02;9.019887e-02;1.125995e-02;1.257803e-01;4.729310e-01;8.025396e-03;4.071006e-02
1.641833e-02;9.255673e-03;1.693331e-01;4.857181e-03;1.344787e-02;1.283935e-02;1.339348e-01;8.145253e-03;7.134435e-02;5.254417e-01;1.112796e-02;2.385445e-02
3.083775e-02;5.682224e-03;1.622332e-01;4.997205e-03;1.047252e-02;5.453682e-03;1.688428e-01;6.882202e-03;3.937811e-02;5.303218e-01;1.483762e-02;2.006083e-02
5.464525e-02;3.614774e-03;1.511941e-01;7.984098e-03;6.701630e-03;3.303509e-03;1.875305e-01;6.325014e-03;1.955176e-02;5.160736e-01;2.277257e-02;2.030335e-02
7.190790e-02;3.920634e-03;1.273654e-01;1.948066e-02;4.274126e-03;2.956151e-03;1.857773e-01;8.876054e-03;7.847155e-03;4.666424e-01;7.900228e-02;2.194985e-02
7.290824e-02;4.082095e-03;9.083367e-02;5.309790e-02;4.418602e-03;5.813895e-03;1.488556e-01;2.120238e-02;1.259308e-02;3.613636e-01;2.013301e-01;2.350086e-02
3.528171e-02;6.430452e-03;7.335306e-02;1.075670e-01;7.265047e-03;1.479669e-02;6.450411e-02;7.688839e-02;1.471767e-02;1.934695e-01;3.825219e-01;2.320454e-02
3.058029e-02;1.157791e-02;4.607223e-02;1.433509e-01;5.953576e-03;1.849420e-02;1.742555e-02;1.558346e-01;1.075953e-02;5.935576e-02;4.892185e-01;1.137696e-02
2.280730e-02;2.458878e-02;2.376152e-02;1.337053e-01;9.382332e-03;1.818295e-02;1.256833e-02;2.175873e-01;5.960455e-03;3.061880e-02;4.805868e-01;2.025019e-02
1.226162e-02;4.071005e-02;2.722429e-02;1.132845e-01;2.842885e-02;1.257203e-02;1.061168e-02;2.398882e-01;1.046609e-02;3.818978e-02;4.027830e-01;6.357988e-02
9.730626e-03;4.525058e-02;2.710614e-02;1.042287e-01;7.233205e-02;8.201392e-03;1.556788e-02;2.250437e-01;2.650132e-02;4.548671e-02;2.751509e-01;1.453999e-01
1.369736e-02;3.139430e-02;2.136714e-02;6.548030e-02;1.503785e-01;1.170746e-02;2.405978e-02;1.401989e-01;8.577611e-02;5.311526e-02;1.398178e-01;2.630071e-01
1.245675e-02;1.473120e-02;1.199950e-02;2.551202e-02;2.360152e-01;8.268419e-03;2.963915e-02;3.287786e-02;1.530798e-01;3.822782e-02;7.567066e-02;3.615216e-01
6.449567e-03;7.256827e-03;9.914037e-03;1.544906e-02;2.573556e-01;8.488023e-03;3.269441e-02;2.881074e-02;2.023122e-01;1.502067e-02;5.726540e-02;3.589835e-01
5.186227e-03;3.576464e-03;8.205201e-03;6.865456e-03;2.971993e-01;6.702684e-03;3.382334e-02;2.742485e-02;2.463771e-01;6.025451e-03;3.717589e-02;3.214380e-01
6.317259e-03;2.317763e-03;1.551656e-02;3.760523e-03;3.599341e-01;6.820959e-03;2.814320e-02;2.273155e-02;2.710339e-01;9.220790e-03;3.074833e-02;2.434550e-01
1.656498e-02;4.510575e-03;2.112337e-02;1.245650e-02;4.394911e-01;1.102221e-02;1.406759e-02;1.569522e-02;2.451888e-01;9.687803e-03;1.198408e-02;1.982078e-01
2.249091e-02;5.204531e-03;2.338663e-02;1.253981e-02;4.985582e-01;1.771565e-02;9.979492e-03;8.462415e-03;1.780296e-01;7.447113e-03;2.330448e-02;1.928811e-01
3.256395e-02;9.841116e-03;2.641767e-02;6.949220e-03;5.188388e-01;2.631609e-02;1.452474e-02;7.299518e-03;1.418807e-01;9.319833e-03;2.330275e-02;1.827456e-01
2.307754e-02;1.635564e-02;3.965320e-02;2.369970e-02;3.994293e-01;2.314125e-02;1.611200e-02;8.546556e-03;9.956200e-02;1.036212e-02;5.831121e-02;2.817494e-01
3.494715e-02;1.920027e-02;6.838928e-02;6.767654e-02;2.530972e-01;1.638333e-02;2.789012e-02;1.963230e-02;6.585801e-02;1.703878e-02;1.245975e-01;2.852895e-01
3.658767e-02;2.451040e-02;1.177991e-01;1.042094e-01;1.413501e-01;1.527216e-02;3.828051e-02;2.921993e-02;6.207721e-02;3.314334e-02;1.311951e-01;2.663551e-01
3.036764e-02;3.934658e-02;1.443967e-01;9.812360e-02;1.365455e-01;1.681401e-02;5.317150e-02;2.363922e-02;9.199235e-02;4.133575e-02;7.768605e-02;2.465811e-01
3.907420e-02;3.529774e-02;1.069931e-01;5.892209e-02;2.047872e-01;3.988345e-02;5.253871e-02;3.515767e-02;1.295146e-01;3.663280e-02;2.238239e-02;2.388159e-01
3.481342e-02;2.161028e-02;4.056583e-02;5.044759e-02;2.276055e-01;6.640012e-02;5.436333e-02;4.674114e-02;1.396903e-01;2.545028e-02;5.708539e-02;2.352268e-01
3.206858e-02;2.288284e-02;4.881862e-02;4.802183e-02;1.925921e-01;6.117620e-02;8.164452e-02;3.552854e-02;1.268100e-01;2.668084e-02;8.774352e-02;2.360325e-01
3.638596e-02;1.835191e-02;5.054563e-02;5.882971e-02;1.568668e-01;4.287231e-02;9.247522e-02;3.398458e-02;1.135399e-01;3.275958e-02;5.882256e-02;3.045659e-01
3.506125e-02;2.082664e-02;4.597494e-02;5.900776e-02;2.053759e-01;2.291357e-02;7.656924e-02;4.364781e-02;1.412037e-01;4.385554e-02;1.326459e-02;2.922991e-01
3.360701e-02;2.282325e-02;3.645421e-02;6.626119e-02;1.527219e-01;1.959384e-02;4.579926e-02;7.516443e-02;1.991031e-01;5.642182e-02;4.946802e-02;2.425821e-01
3.177127e-02;2.609117e-02;1.863786e-02;6.430193e-02;1.284710e-01;2.730868e-02;4.129079e-02;1.080485e-01;2.323299e-01;5.312801e-02;6.998824e-02;1.986327e-01
2.283259e-02;2.643616e-02;2.116163e-02;4.345935e-02;1.642199e-01;3.659007e-02;5.620907e-02;1.147669e-01;2.351197e-01;4.379639e-02;4.757551e-02;1.878327e-01
2.525013e-02;2.030013e-02;2.343945e-02;2.692257e-02;1.430863e-01;5.650666e-02;7.929634e-02;1.097426e-01;2.183750e-01;7.853243e-02;3.834833e-02;1.802000e-01
3.005014e-02;2.668804e-02;3.703843e-02;4.805135e-02;1.448966e-01;6.757800e-02;9.655903e-02;9.217071e-02;1.706665e-01;1.153092e-01;2.402378e-02;1.469683e-01
2.141381e-02;4.431039e-02;7.523877e-02;3.695925e-02;9.174662e-02;4.795850e-02;9.638391e-02;1.317232e-01;1.675767e-01;1.112447e-01;7.081414e-02;1.046301e-01
5.784936e-02;3.707773e-02;9.154548e-02;5.917287e-02;4.216669e-02;6.994916e-02;2.381509e-01;9.296860e-02;1.072009e-01;1.042374e-01;5.859085e-02;4.109000e-02
1.699391e-01;3.169958e-02;4.430107e-02;3.227079e-02;6.785063e-02;1.218358e-01;3.109908e-01;2.976891e-02;3.584958e-02;6.901740e-02;2.385070e-02;6.262557e-02
2.767351e-01;3.057912e-02;1.943780e-02;1.676822e-02;7.183522e-02;1.444106e-01;2.613424e-01;3.131769e-02;2.303837e-02;3.802479e-02;1.819432e-02;6.831635e-02
2.590420e-01;2.595083e-02;2.612217e-02;2.133354e-02;1.164641e-01;1.135027e-01;1.440373e-01;1.643355e-02;3.185601e-02;1.969353e-02;1.679982e-02;2.087646e-01
1.335204e-01;1.401926e-02;3.746450e-02;3.769111e-02;1.647263e-01;6.380250e-02;5.794299e-02;1.972598e-02;3.739133e-02;2.026139e-02;3.983303e-02;3.736212e-01
5.095009e-02;1.199456e-02;4.710316e-02;6.233943e-02;1.604738e-01;3.594551e-02;3.343610e-02;3.560074e-02;3.629838e-02;2.496691e-02;1.191411e-01;3.817501e-01
2.690204e-02;2.076241e-02;7.983468e-02;1.137637e-01;1.010534e-01;2.237669e-02;2.209587e-02;6.677071e-02;2.578035e-02;5.521645e-02;2.258161e-01;2.396277e-01
2.662064e-02;3.310144e-02;1.246352e-01;1.427998e-01;4.087201e-02;2.847886e-02;3.261697e-02;8.100049e-02;3.866702e-02;9.056266e-02;2.545296e-01;1.061152e-01
4.195707e-02;4.690916e-02;1.621873e-01;1.303989e-01;3.483259e-02;4.081817e-02;5.635143e-02;8.016671e-02;6.907357e-02;9.071091e-02;1.878687e-01;5.872545e-02
4.866550e-02;5.475941e-02;1.942012e-01;9.566698e-02;8.255967e-02;5.605147e-02;6.413652e-02;7.813803e-02;8.636449e-02;5.833166e-02;2.545969e-02;1.556653e-01
2.791730e-02;3.382130e-02;1.117728e-01;8.330385e-02;1.042557e-01;5.447288e-02;4.983936e-02;9.989843e-02;4.527378e-02;2.794413e-02;1.685461e-01;1.929543e-01
3.330824e-02;2.561889e-02;8.230668e-02;7.688497e-02;8.630797e-02;5.146674e-02;5.225470e-02;7.152842e-02;3.822773e-02;2.786205e-02;2.092320e-01;2.450016e-01
3.731814e-02;2.235485e-02;8.693519e-02;9.197305e-02;9.456751e-02;3.400443e-02;5.289513e-02;6.278762e-02;2.915331e-02;3.804739e-02;1.542268e-01;2.957365e-01
4.440616e-02;3.038325e-02;6.797381e-02;1.213403e-01;1.166041e-01;2.823560e-02;4.544980e-02;8.876836e-02;3.027639e-02;4.647321e-02;8.882324e-02;2.912658e-01
5.835923e-02;3.293237e-02;5.558074e-02;1.306110e-01;9.827779e-02;4.931631e-02;3.706366e-02;8.710015e-02;1.576187e-02;5.759282e-02;1.589090e-01;2.184950e-01
6.666695e-02;2.984439e-02;3.707564e-02;8.710404e-02;1.090091e-01;7.597806e-02;6.474344e-02;6.915917e-02;3.996005e-02;6.002519e-02;1.342679e-01;2.261661e-01
7.369246e-02;5.440637e-02;1.383085e-01;9.822923e-02;1.123158e-01;7.542903e-02;1.239856e-01;6.513153e-02;3.416492e-02;5.038469e-02;6.188787e-02;1.120639e-01
4.381544e-02;5.616140e-02;1.287513e-01;4.662786e-02;9.675029e-02;5.864498e-02;1.856896e-01;5.830600e-02;2.587773e-02;9.616002e-02;1.197759e-01;8.343939e-02
3.197715e-02;2.127458e-02;9.757898e-02;8.582342e-02;7.056373e-02;4.753407e-02;1.260969e-01;6.218829e-02;3.997343e-02;1.024674e-01;2.509034e-01;6.361859e-02
2.038908e-02;1.167046e-02;7.947738e-02;1.297533e-01;5.629257e-02;3.652698e-02;5.121117e-02;5.474509e-02;5.043072e-02;6.532488e-02;3.888262e-01;5.535227e-02
1.257255e-02;4.117806e-03;8.310705e-02;1.430960e-01;3.435771e-02;2.204763e-02;1.956530e-02;4.150874e-02;4.128093e-02;3.152407e-02;4.838609e-01;8.296134e-02
9.918050e-03;9.800813e-03;1.220018e-01;1.197914e-01;1.406130e-02;1.117619e-02;1.920035e-02;2.155679e-02;2.967079e-02;1.074801e-01;4.645990e-01;7.074355e-02
2.464847e-02;1.884554e-02;1.867142e-01;9.940533e-02;5.044429e-03;6.236683e-03;3.184501e-02;1.534815e-02;3.347608e-02;1.935136e-01;3.341471e-01;5.077549e-02
3.628989e-02;2.168521e-02;2.540385e-01;8.365911e-02;1.145090e-02;7.838544e-03;3.918111e-02;1.467083e-02;3.572628e-02;2.974241e-01;1.675092e-01;3.052628e-02
3.478476e-02;2.062308e-02;2.544262e-01;6.465823e-02;1.513073e-02;1.063574e-02;3.805374e-02;1.343314e-02;5.541285e-02;3.565457e-01;1.032384e-01;3.305741e-02
3.995787e-02;2.081710e-02;1.983143e-01;5.125332e-02;1.580086e-02;1.517348e-02;4.032001e-02;1.781251e-02;1.002984e-01;3.264817e-01;1.254401e-01;4.833033e-02
5.235923e-02;2.583028e-02;1.633149e-01;3.043270e-02;1.652152e-02;1.501786e-02;4.974283e-02;3.248326e-02;1.213277e-01;2.561401e-01;1.787217e-01;5.810781e-02
4.339729e-02;3.151570e-02;1.323319e-01;2.944178e-02;2.532034e-02;1.593650e-02;7.387412e-02;4.339036e-02;1.215689e-01;2.028728e-01;2.446610e-01;3.568931e-02
4.039617e-02;2.656500e-02;9.531973e-02;6.217998e-02;3.326739e-02;1.345112e-02;7.106433e-02;4.781226e-02;8.850952e-02;1.772109e-01;2.925214e-01;5.170217e-02
7.670684e-02;2.927216e-02;9.939064e-02;4.227145e-02;2.776513e-02;1.394636e-02;5.829080e-02;2.302750e-02;1.209276e-01;1.906567e-01;2.794897e-01;3.825502e-02
9.206217e-02;1.204478e-02;1.221403e-01;2.148777e-02;1.825153e-02;1.560950e-02;5.877342e-02;3.323620e-02;8.284938e-02;3.300112e-01;1.877253e-01;2.580860e-02
8.606918e-02;1.794637e-02;1.047762e-01;2.773180e-02;1.374888e-02;1.643193e-02;5.090931e-02;3.321792e-02;4.179781e-02;3.731843e-01;1.852981e-01;4.888834e-02
1.048122e-01;4.744145e-02;9.689194e-02;2.956995e-02;2.024105e-02;2.768818e-02;1.141066e-01;6.907901e-02;9.191673e-02;1.869994e-01;1.646740e-01;4.657953e-02
9.749758e-02;6.615404e-02;8.004873e-02;4.443848e-02;4.011972e-02;4.826368e-02;1.326233e-01;1.020189e-01;1.046607e-01;1.164572e-01;1.120281e-01;5.568954e-02
8.114548e-02;9.862848e-02;8.069887e-02;6.591436e-02;4.223027e-02;4.506261e-02;1.713772e-01;6.774586e-02;4.793313e-02;1.515283e-01;9.103575e-02;5.669969e-02
1.008609e-01;1.011395e-01;1.332620e-01;5.325794e-02;5.216288e-02;5.826865e-02;1.438513e-01;4.289901e-02;1.066505e-01;9.235653e-02;7.189157e-02;4.339911e-02
8.168375e-02;1.182550e-01;1.218572e-01;6.230578e-02;6.504998e-02;9.640438e-02;1.199624e-01;4.101708e-02;1.435591e-01;7.173294e-02;5.484296e-02;2.332938e-02
1.080239e-01;1.154747e-01;4.380183e-02;7.024724e-02;8.703718e-02;1.074972e-01;1.038846e-01;6.895801e-02;1.431338e-01;8.702740e-02;3.304083e-02;3.187329e-02
8.504781e-02;8.454841e-02;1.001870e-01;6.705859e-02;1.178430e-01;8.296213e-02;9.219717e-02;1.025876e-01;9.888745e-02;8.399171e-02;5.303909e-02;3.165011e-02
8.239160e-02;6.136331e-02;1.427212e-01;7.563409e-02;1.476252e-01;5.908757e-02;8.756606e-02;5.479232e-02;1.281033e-01;5.167736e-02;4.266480e-02;6.637322e-02
1.089484e-01;5.067833e-02;1.576218e-01;7.679856e-02;1.429019e-01;4.692184e-02;7.847656e-02;3.773708e-02;1.201899e-01;4.705195e-02;5.614121e-02;7.653253e-02
7.422575e-02;4.096552e-02;2.259262e-01;7.630723e-02;1.187446e-01;4.472550e-02;4.608899e-02;6.109643e-02;1.025186e-01;6.465079e-02;8.299273e-02;6.175764e-02
6.704421e-02;5.120303e-02;3.120890e-01;5.507606e-02;6.262051e-02;4.288314e-02;9.767001e-02;4.882333e-02;8.123919e-02;7.778016e-02;7.340571e-02;3.016569e-02
7.842721e-02;7.153922e-02;3.488028e-01;5.726443e-02;7.569030e-02;4.608155e-02;8.659218e-02;2.947479e-02;6.259064e-02;5.940290e-02;4.050780e-02;4.362622e-02
5.627798e-02;3.811491e-02;3.282194e-01;7.054253e-02;1.150562e-01;7.079496e-02;7.197785e-02;4.328961e-02;7.757805e-02;4.136884e-02;2.766283e-02;5.911684e-02
9.681761e-02;4.044898e-02;1.826265e-01;5.200236e-02;1.162745e-01;7.554789e-02;6.524894e-02;4.264118e-02;1.195617e-01;9.377982e-02;5.218406e-02;6.286651e-02
1.211314e-01;5.557693e-02;1.707497e-01;5.623001e-02;1.069971e-01;5.695253e-02;5.583043e-02;6.471699e-02;1.037363e-01;1.049735e-01;5.558544e-02;4.751963e-02
8.591258e-02;4.666382e-02;1.131441e-01;5.579338e-02;9.727138e-02;5.053148e-02;9.042023e-02;9.036101e-02;1.301298e-01;1.709869e-01;3.839551e-02;3.038969e-02
3.201536e-02;2.018654e-02;5.400967e-02;4.031666e-02;7.319842e-02;6.012395e-02;1.494438e-01;1.451682e-01;2.046000e-01;1.866606e-01;1.544768e-02;1.882911e-02
1.801413e-02;1.444191e-02;2.440179e-02;4.815699e-02;2.938195e-02;4.054359e-02;1.432060e-01;1.502794e-01;2.059955e-01;2.837428e-01;1.536498e-02;2.647101e-02
3.453192e-02;3.215368e-02;3.244232e-02;4.128305e-02;2.386644e-02;4.240685e-02;1.406212e-01;1.092062e-01;2.303324e-01;2.464818e-01;2.058021e-02;4.609393e-02
8.433415e-02;6.613088e-02;5.457092e-02;3.853710e-02;3.810094e-02;3.610405e-02;1.312603e-01;9.541339e-02;2.279492e-01;1.213520e-01;3.920596e-02;6.704108e-02
1.029293e-01;8.737621e-02;6.970400e-02;5.067312e-02;7.462894e-02;6.101646e-02;8.905809e-02;1.206258e-01;1.682836e-01;5.367126e-02;5.168423e-02;7.034898e-02
9.539369e-02;8.801883e-02;7.263897e-02;5.922655e-02;9.384197e-02;7.353903e-02;1.072054e-01;1.416053e-01;1.299273e-01;3.029877e-02;4.877683e-02;5.952751e-02
9.369864e-02;7.483802e-02;7.111795e-02;5.971713e-02;9.388348e-02;6.480174e-02;1.421992e-01;1.377436e-01;1.373605e-01;3.803390e-02;4.187519e-02;4.473072e-02
1.266691e-01;4.184554e-02;5.832920e-02;7.782590e-02;4.346779e-02;3.714077e-02;1.200320e-01;8.616365e-02;2.345848e-01;6.252874e-02;5.047892e-02;6.093356e-02
8.215920e-02;6.496509e-02;4.696291e-02;8.414666e-02;3.058305e-02;5.568550e-02;9.724866e-02;1.099125e-01;2.069530e-01;6.445774e-02;6.723631e-02;8.968937e-02
4.249899e-02;7.022480e-02;5.467702e-02;6.956660e-02;4.372360e-02;4.449076e-02;1.487708e-01;1.402500e-01;1.407837e-01;1.126603e-01;7.122698e-02;6.112640e-02
7.707226e-02;8.803243e-02;1.159739e-01;3.961833e-02;1.312045e-01;1.005552e-01;9.153839e-02;9.321309e-02;8.407711e-02;6.105225e-02;5.197139e-02;6.569115e-02
7.597907e-02;9.230338e-02;1.304858e-01;4.344325e-02;1.410390e-01;1.073222e-01;7.961647e-02;1.017632e-01;7.072133e-02;4.403571e-02;4.601403e-02;6.727645e-02
5.473786e-02;8.554033e-02;1.210537e-01;6.182225e-02;1.611215e-01;1.267506e-01;1.107235e-01;1.044453e-01;4.673995e-02;3.637528e-02;4.011380e-02;5.057593e-02
3.949540e-02;5.635684e-02;7.703455e-02;4.769138e-02;1.981887e-01;1.371171e-01;2.137737e-01;7.624616e-02;4.486351e-02;3.099208e-02;1.400003e-02;6.424060e-02
3.564671e-02;3.608539e-02;5.845530e-02;3.553906e-02;2.061941e-01;1.073451e-01;2.165601e-01;2.485427e-02;4.837065e-02;2.659736e-02;5.268949e-02;1.516624e-01
1.697294e-02;4.949024e-02;4.899922e-02;9.341329e-02;1.587480e-01;7.214624e-02;1.277664e-01;5.793787e-02;2.451211e-02;2.346077e-02;1.460388e-01;1.805142e-01
6.785438e-03;6.450840e-02;4.149299e-02;1.592417e-01;6.542084e-02;4.386190e-02;5.533202e-02;9.835345e-02;1.863904e-02;2.452654e-02;2.938479e-01;1.279898e-01
5.772087e-03;5.957217e-02;4.081988e-02;1.843342e-01;2.473092e-02;3.572544e-02;2.767130e-02;1.281515e-01;1.491506e-02;1.451700e-02;3.951975e-01;6.859301e-02
5.670129e-03;5.045081e-02;4.715848e-02;1.968022e-01;2.584049e-02;3.591575e-02;2.016705e-02;1.308965e-01;1.039814e-02;2.386402e-02;3.909385e-01;6.189790e-02
1.263966e-02;4.311149e-02;9.826782e-02;2.214498e-01;2.630270e-02;4.514149e-02;1.467321e-02;1.073370e-01;1.983220e-02;4.197896e-02;3.180531e-01;5.121252e-02
3.476615e-02;4.309060e-02;1.787993e-01;2.100254e-01;2.667466e-02;5.500788e-02;3.272358e-02;7.270625e-02;4.039775e-02;4.956703e-02;2.239005e-01;3.234091e-02
5.591963e-02;6.680997e-02;1.981521e-01;1.340446e-01;3.139039e-02;5.236131e-02;5.355028e-02;5.833569e-02;7.413941e-02;6.759573e-02;1.809546e-01;2.674621e-02
4.514519e-02;9.446035e-02;1.608580e-01;1.069499e-01;3.129815e-02;4.175259e-02;5.421785e-02;7.764620e-02;9.232458e-02;4.846640e-02;2.119998e-01;3.488099e-02
2.123444e-02;8.049668e-02;1.754118e-01;1.257862e-01;5.157106e-02;4.709581e-02;8.565146e-02;1.004206e-01;4.614864e-02;3.081859e-02;2.064424e-01;2.892239e-02
4.510916e-02;5.550291e-02;2.651754e-01;1.041181e-01;5.453957e-02;2.510689e-02;8.127651e-02;9.895518e-02;3.144372e-02;5.551055e-02;1.492353e-01;3.402679e-02
3.412753e-02;4.832333e-02;3.473374e-01;8.485232e-02;5.615630e-02;2.847865e-02;6.533704e-02;8.972633e-02;4.039195e-02;8.188363e-02;9.191637e-02;3.146919e-02
2.643801e-02;3.527379e-02;3.938280e-01;9.801050e-02;5.715105e-02;3.109207e-02;5.559726e-02;5.040746e-02;5.548620e-02;8.635551e-02;9.814254e-02;1.221762e-02
1.507634e-02;2.898654e-02;4.404279e-01;1.244715e-01;5.053385e-02;2.446409e-02;2.946321e-02;2.324099e-02;8.541399e-02;6.776366e-02;9.901556e-02;1.114236e-02
8.321019e-03;2.106703e-02;4.996442e-01;1.166749e-01;4.519733e-02;1.367761e-02;1.079079e-02;2.065216e-02;1.119259e-01;5.764597e-02;8.149877e-02;1.290426e-02
9.149362e-03;1.506251e-02;4.978004e-01;1.139230e-01;5.085538e-02;1.462060e-02;2.406221e-02;1.357273e-02;1.137204e-01;5.077282e-02;8.771303e-02;8.747566e-03
1.468545e-02;1.946156e-02;4.753073e-01;1.296842e-01;4.772894e-02;1.365531e-02;2.864303e-02;1.594170e-02;1.174238e-01;4.381884e-02;8.910976e-02;4.540024e-03
4.849600e-02;4.216845e-02;3.772254e-01;1.271928e-01;5.525260e-02;2.879520e-02;5.378854e-02;2.673156e-02;1.061059e-01;5.755557e-02;6.583107e-02;1.085695e-02
6.616991e-02;5.277987e-02;3.111604e-01;1.138209e-01;6.746409e-02;9.139112e-02;8.008501e-02;2.451389e-02;6.155213e-02;7.028301e-02;4.361374e-02;1.716604e-02
4.835870e-02;3.508233e-02;2.579207e-01;1.457493e-01;6.433910e-02;1.669154e-01;5.830501e-02;4.568650e-02;4.487968e-02;5.413629e-02;6.630256e-02;1.232445e-02
2.155682e-02;1.350081e-02;1.844774e-01;2.076002e-01;5.982739e-02;1.954384e-01;2.905455e-02;1.124956e-01;3.533381e-02;3.570137e-02;9.834027e-02;6.673429e-03
9.790501e-03;6.179130e-03;1.414786e-01;2.190984e-01;7.379734e-02;1.663957e-01;1.655305e-02;1.950569e-01;2.175309e-02;3.299990e-02;1.094534e-01;7.444068e-03
8.790041e-03;1.121050e-02;1.137382e-01;2.172942e-01;9.481063e-02;1.135371e-01;1.459736e-02;2.277932e-01;1.398836e-02;5.874204e-02;1.127515e-01;1.274693e-02
7.445232e-03;1.615731e-02;8.833174e-02;2.013285e-01;1.182602e-01;5.908063e-02;1.817740e-02;1.692226e-01;6.123338e-03;1.833600e-01;9.796001e-02;3.455313e-02
5.283877e-03;1.457593e-02;7.578132e-02;1.738482e-01;1.457846e-01;2.817678e-02;2.568157e-02;7.559261e-02;3.384424e-03;3.136876e-01;8.201718e-02;5.618589e-02
4.804568e-03;1.127217e-02;4.892375e-02;1.392632e-01;1.880577e-01;2.771643e-02;6.094990e-02;2.398108e-02;1.579528e-02;3.348577e-01;6.162824e-02;8.275003e-02
4.418880e-03;5.553967e-03;3.507368e-02;9.713247e-02;2.386469e-01;3.600243e-02;1.581241e-01;1.541401e-02;5.627315e-02;1.968268e-01;3.414192e-02;1.223918e-01
6.328795e-03;6.613943e-03;2.423394e-02;5.252441e-02;2.632382e-01;5.509100e-02;2.517554e-01;9.814186e-03;1.260624e-01;5.819955e-02;1.720946e-02;1.289287e-01
3.200145e-02;4.679467e-03;2.772209e-02;2.484483e-02;2.411013e-01;1.169421e-01;2.275400e-01;2.563670e-02;1.608739e-01;2.507991e-02;1.281913e-02;1.007592e-01
9.023770e-02;7.926354e-03;2.190359e-02;1.454910e-02;1.601376e-01;2.878254e-01;1.161732e-01;8.334504e-02;9.019385e-02;6.288055e-02;5.761020e-03;5.906669e-02
1.032780e-01;1.856527e-02;1.021482e-02;3.447783e-02;7.940166e-02;3.405024e-01;1.395167e-01;1.103316e-01;2.326855e-02;1.127667e-01;2.672866e-03;2.500359e-02
6.874688e-02;5.509059e-02;5.419989e-03;3.856464e-02;4.015976e-02;2.350737e-01;3.180543e-01;8.780004e-02;4.784453e-02;9.569234e-02;1.227707e-03;6.325471e-03
2.591182e-02;8.589576e-02;1.765092e-02;2.354133e-02;5.598359e-02;9.012473e-02;4.774835e-01;8.938421e-02;8.821489e-02;4.110742e-02;2.136731e-03;2.565145e-03
9.448640e-03;6.531482e-02;5.553316e-02;8.964630e-03;7.908340e-02;3.838666e-02;3.963178e-01;2.004427e-01;7.938089e-02;5.762677e-02;3.274751e-03;6.225727e-03
3.229873e-03;2.558808e-02;1.042381e-01;9.056601e-03;5.106236e-02;8.184323e-02;1.869392e-01;3.412105e-01;6.672404e-02;1.125157e-01;3.145667e-03;1.444664e-02
3.419768e-03;8.367432e-03;1.049023e-01;2.794920e-02;1.757923e-02;1.610914e-01;3.247282e-02;3.573734e-01;1.637363e-01;1.059346e-01;1.386474e-03;1.578703e-02
6.639045e-03;4.794059e-03;5.028860e-02;8.398788e-02;8.746686e-03;1.473203e-01;5.183803e-02;2.245244e-01;3.665924e-01;4.461985e-02;1.475070e-03;9.173711e-03
1.341528e-02;3.243741e-03;1.654261e-02;1.656556e-01;6.559317e-03;5.452345e-02;3.358831e-02;9.824532e-02;5.682315e-01;2.325254e-02;3.673338e-03;1.306902e-02
1.763660e-02;2.694377e-03;4.579848e-03;2.269299e-01;6.013717e-03;1.087374e-02;2.499549e-02;2.528692e-02;6.428936e-01;2.566483e-02;4.174706e-03;8.256316e-03
1.935922e-02;2.399169e-03;5.165642e-03;2.574693e-01;2.862700e-03;1.084409e-02;1.677883e-02;2.386050e-02;6.345717e-01;1.996767e-02;3.532656e-03;3.188525e-03
1.904336e-02;2.469366e-03;4.977598e-03;2.728029e-01;2.968261e-03;1.227498e-02;1.336886e-02;2.427980e-02;6.224905e-01;1.830845e-02;2.872568e-03;4.143342e-03
1.535071e-02;2.632004e-03;4.815979e-03;2.593741e-01;3.176308e-03;1.221627e-02;1.411388e-02;6.089830e-02;6.074008e-01;1.327508e-02;3.625574e-03;3.121063e-03
9.351191e-03;1.689172e-03;1.714804e-02;2.241778e-01;5.127362e-03;1.907323e-02;1.359401e-02;7.619648e-02;6.155321e-01;1.316299e-02;1.797977e-03;3.149651e-03
4.635468e-03;3.776686e-03;5.496469e-02;1.065717e-01;8.159489e-03;4.049193e-02;5.096443e-02;2.208574e-01;4.720674e-01;2.113298e-02;3.285544e-03;1.309223e-02
6.998329e-03;5.723242e-03;9.555011e-02;3.749027e-02;6.907275e-03;6.755817e-02;1.349601e-01;3.141544e-01;2.701625e-01;3.393260e-02;3.443032e-03;2.311992e-02
1.479400e-02;1.587309e-02;9.387358e-02;3.772662e-02;1.167856e-02;8.165579e-02;2.210896e-01;2.917036e-01;1.610353e-01;3.719682e-02;4.603778e-03;2.876921e-02
2.259726e-02;3.131795e-02;6.117346e-02;6.389422e-02;2.285431e-02;8.733950e-02;2.629174e-01;2.091759e-01;1.447065e-01;4.810317e-02;7.189713e-03;3.873061e-02
3.589872e-02;3.062583e-02;8.746979e-02;8.017781e-02;1.542674e-02;7.863183e-02;1.974729e-01;1.468614e-01;1.851391e-01;4.251256e-02;1.130093e-02;8.848231e-02
2.424556e-02;2.289775e-02;6.336226e-02;8.606043e-02;8.597678e-03;7.844436e-02;1.096993e-01;1.798414e-01;2.371758e-01;3.786825e-02;8.888184e-03;1.429190e-01
1.689374e-02;1.119407e-02;3.995125e-02;6.587125e-02;5.864181e-03;1.181972e-01;1.380844e-01;1.638966e-01;2.741117e-01;2.489022e-02;4.668411e-03;1.363769e-01
