7.780208e-02;7.901693e-02;1.455425e-01;8.122625e-02;5.194289e-02;6.577125e-02;8.991916e-02;1.339937e-01;8.827380e-02;8.957787e-02;4.969110e-02;4.724250e-02
5.038837e-02;8.771579e-02;1.282701e-01;1.057787e-01;5.093138e-02;3.608777e-02;8.157927e-02;1.419879e-01;1.114564e-01;1.323086e-01;2.352182e-02;4.997389e-02
7.526543e-02;8.273067e-02;8.050602e-02;9.092834e-02;6.145848e-02;5.615071e-02;7.797334e-02;1.239310e-01;1.326730e-01;1.314146e-01;4.818843e-02;3.877987e-02
6.661330e-02;7.072318e-02;6.394810e-02;5.186747e-02;6.459422e-02;8.812505e-02;1.119611e-01;1.097366e-01;1.499742e-01;1.192119e-01;5.789752e-02;4.534747e-02
7.960874e-02;7.150546e-02;5.836714e-02;6.055593e-02;4.794782e-02;1.032684e-01;1.234512e-01;8.531221e-02;1.347092e-01;1.232389e-01;6.236925e-02;4.966569e-02
8.893580e-02;6.507035e-02;8.547781e-02;9.310842e-02;5.081026e-02;8.692735e-02;8.937958e-02;6.120641e-02;1.453327e-01;1.356330e-01;5.814010e-02;3.997830e-02
7.425259e-02;7.607948e-02;9.554199e-02;9.059636e-02;4.994879e-02;7.255591e-02;6.964848e-02;1.147634e-01;1.256118e-01;1.254268e-01;6.267953e-02;4.289500e-02
6.252315e-02;1.192767e-01;1.094869e-01;7.847494e-02;4.595606e-02;9.632088e-02;4.526264e-02;1.400770e-01;9.364559e-02;9.550036e-02;6.519634e-02;4.827948e-02
6.181442e-02;1.037631e-01;1.194911e-01;6.313087e-02;4.455496e-02;8.414468e-02;6.630214e-02;1.072634e-01;8.584800e-02;1.069509e-01;4.802213e-02;1.087143e-01
6.281544e-02;8.135536e-02;8.255618e-02;4.678471e-02;6.558348e-02;7.894276e-02;6.960107e-02;1.224607e-01;1.061351e-01;1.419201e-01;2.507117e-02;1.167739e-01
9.489930e-02;1.112549e-01;5.254316e-02;7.337608e-02;6.348521e-02;4.022703e-02;7.480547e-02;1.088878e-01;9.468913e-02;1.292052e-01;4.369533e-02;1.129314e-01
9.649507e-02;1.169005e-01;6.012793e-02;8.446644e-02;6.182605e-02;2.717036e-02;1.042240e-01;1.007467e-01;1.013914e-01;8.518038e-02;5.708319e-02;1.043880e-01
1.025439e-01;1.030489e-01;6.650662e-02;5.315784e-02;5.268465e-02;2.315413e-02;1.083652e-01;1.360513e-01;1.256265e-01;7.980698e-02;5.980229e-02;8.925176e-02
7.455320e-02;8.536910e-02;9.570812e-02;4.442582e-02;6.231333e-02;2.371505e-02;8.449967e-02;1.430334e-01;1.253917e-01;1.030531e-01;6.705675e-02;9.088080e-02
6.941770e-02;1.068285e-01;1.316106e-01;4.561714e-02;7.002169e-02;5.382720e-02;7.360193e-02;1.307348e-01;1.238910e-01;7.691613e-02;4.326868e-02;7.426455e-02
8.199527e-02;1.284169e-01;1.287533e-01;3.909714e-02;5.372342e-02;6.319959e-02;7.588378e-02;1.294967e-01;1.131822e-01;8.508062e-02;4.794173e-02;5.322946e-02
8.937890e-02;1.055925e-01;1.420468e-01;5.448551e-02;3.808878e-02;5.885218e-02;9.389070e-02;1.111281e-01;9.984397e-02;1.097751e-01;3.655514e-02;6.036228e-02
8.227637e-02;9.045438e-02;1.271339e-01;6.135593e-02;4.838607e-02;6.567316e-02;1.161757e-01;9.072015e-02;1.131138e-01;1.387082e-01;2.751139e-02;3.849083e-02
7.270718e-02;7.384068e-02;7.390861e-02;7.577892e-02;5.724648e-02;8.468621e-02;1.236857e-01;1.042345e-01;1.188825e-01;1.334425e-01;2.928079e-02;5.230601e-02
9.186386e-02;6.422015e-02;8.540569e-02;8.179051e-02;5.343629e-02;8.331922e-02;9.697834e-02;1.258781e-01;9.557047e-02;1.200404e-01;5.657915e-02;4.491783e-02
5.450526e-02;6.454790e-02;1.697758e-01;7.324339e-02;6.093686e-02;7.538830e-02;1.466664e-01;1.418939e-01;8.333413e-02;5.548848e-02;2.655700e-02;4.766270e-02
3.920513e-02;5.454068e-02;1.450659e-01;8.446149e-02;9.649785e-02;8.434346e-02;1.562223e-01;1.271054e-01;1.030001e-01;3.474944e-02;2.896624e-02;4.584199e-02
4.855618e-02;4.546484e-02;9.175266e-02;8.138594e-02;1.051962e-01;9.925123e-02;1.849468e-01;1.132301e-01;1.167511e-01;3.898317e-02;3.706868e-02;3.741323e-02
5.413875e-02;2.720283e-02;5.774741e-02;6.360319e-02;8.148322e-02;7.825165e-02;2.553325e-01;1.580923e-01;1.109949e-01;5.679908e-02;3.412669e-02;2.222743e-02
4.942305e-02;2.636025e-02;7.206364e-02;4.011939e-02;4.696524e-02;4.459723e-02;3.098761e-01;1.661593e-01;5.892242e-02;1.115716e-01;3.351231e-02;4.042954e-02
2.948541e-02;6.062801e-02;4.165092e-02;3.135065e-02;1.939542e-02;1.381138e-01;2.211916e-01;1.100520e-01;1.242059e-01;1.210922e-01;2.557912e-02;7.725493e-02
1.575494e-02;9.314711e-02;3.298984e-02;3.340494e-02;2.246389e-02;2.006524e-01;9.703844e-02;7.561375e-02;2.165215e-01;6.454317e-02;2.712057e-02;1.207494e-01
1.758915e-02;9.625392e-02;5.106632e-02;3.307886e-02;2.884889e-02;2.224205e-01;4.621140e-02;5.766972e-02;2.273973e-01;5.193362e-02;2.337999e-02;1.441503e-01
2.330208e-02;6.503826e-02;7.937995e-02;1.966446e-02;5.991128e-02;1.865791e-01;1.171032e-01;5.324138e-02;1.509953e-01;1.231867e-01;1.328671e-02;1.083114e-01
2.840019e-02;3.351967e-02;1.136620e-01;1.078986e-02;1.207728e-01;1.378305e-01;2.063494e-01;2.968498e-02;5.399845e-02;2.041261e-01;1.345938e-02;4.740665e-02
3.515290e-02;1.115646e-02;1.254569e-01;8.214758e-03;1.559112e-01;8.534668e-02;2.593212e-01;2.010518e-02;5.552530e-02;2.286202e-01;5.720790e-03;9.468451e-03
4.370356e-02;9.062232e-03;1.222683e-01;5.753269e-03;1.675185e-01;6.336655e-02;2.746232e-01;1.688672e-02;4.826410e-02;2.284304e-01;7.451240e-03;1.267198e-02
5.295113e-02;7.768529e-03;1.326715e-01;7.609289e-03;1.493524e-01;6.964441e-02;2.774393e-01;1.154718e-02;6.009430e-02;1.982741e-01;1.035456e-02;2.229327e-02
6.652396e-02;1.932142e-02;1.753552e-01;1.663810e-02;1.085594e-01;7.618775e-02;2.734475e-01;2.450566e-02;6.550934e-02;1.317860e-01;1.782424e-02;2.434159e-02
9.044535e-02;2.954589e-02;2.608795e-01;3.305865e-02;6.652702e-02;7.179350e-02;2.806166e-01;2.057000e-02;4.513913e-02;6.213405e-02;1.886480e-02;2.042552e-02
1.086862e-01;3.000095e-02;3.629523e-01;4.493993e-02;2.539933e-02;3.372797e-02;2.514246e-01;4.214743e-02;3.424001e-02;3.413451e-02;1.955522e-02;1.279149e-02
9.256078e-02;1.801354e-02;4.285688e-01;4.802966e-02;2.676570e-02;1.501234e-02;2.226006e-01;3.858053e-02;3.174756e-02;5.528626e-02;1.667880e-02;6.155436e-03
8.387016e-02;1.562990e-02;4.485718e-01;4.650150e-02;3.093817e-02;2.115151e-02;2.384823e-01;1.808503e-02;2.113732e-02;5.886408e-02;1.354990e-02;3.218375e-03
8.228888e-02;1.685177e-02;3.826864e-01;6.056044e-02;2.916223e-02;3.174542e-02;2.276231e-01;4.682228e-02;3.376178e-02;5.846950e-02;2.408468e-02;5.943494e-03
8.900598e-02;1.796157e-02;2.399800e-01;1.258967e-01;2.943543e-02;4.236152e-02;1.658344e-01;1.417785e-01;5.563274e-02;4.683129e-02;3.488851e-02;1.039337e-02
5.966371e-02;2.511818e-02;1.043804e-01;1.842263e-01;2.588101e-02;6.956616e-02;1.325778e-01;2.473410e-01;6.258897e-02;2.881370e-02;4.443510e-02;1.540781e-02
3.357393e-02;5.807613e-02;5.134583e-02;2.025274e-01;1.260237e-02;8.617263e-02;9.561620e-02;2.900740e-01;3.509267e-02;2.457262e-02;8.901246e-02;2.133375e-02
1.872042e-02;9.680653e-02;3.853348e-02;1.780040e-01;3.000089e-02;8.144666e-02;5.208229e-02;2.843348e-01;4.454114e-02;1.580960e-02;1.217429e-01;3.797732e-02
1.322950e-02;8.803053e-02;5.673616e-02;9.221783e-02;9.728379e-02;5.931974e-02;6.490688e-02;1.783516e-01;1.622659e-01;1.580559e-02;8.763134e-02;8.422121e-02
2.837680e-02;4.541662e-02;1.077117e-01;3.963900e-02;1.385823e-01;3.733287e-02;8.833067e-02;7.854287e-02;2.627248e-01;3.563282e-02;2.949580e-02;1.082137e-01
5.740694e-02;1.975054e-02;1.152455e-01;4.544035e-02;1.077963e-01;1.056335e-01;6.977464e-02;6.241786e-02;2.434021e-01;8.965408e-02;8.307700e-03;7.517044e-02
6.372979e-02;2.803949e-02;6.666305e-02;6.863209e-02;4.145828e-02;1.788754e-01;1.265364e-01;8.113064e-02;1.385983e-01;1.570983e-01;2.474672e-02;2.449145e-02
3.182806e-02;5.634219e-02;2.536019e-02;5.003330e-02;4.323165e-02;1.539779e-01;2.757588e-01;6.990426e-02;7.481108e-02;1.475317e-01;6.348582e-02;7.734955e-03
1.794304e-02;7.588794e-02;2.395190e-02;1.558987e-02;6.051087e-02;1.058822e-01;4.272183e-01;5.393429e-02;4.975976e-02;7.751907e-02;7.559809e-02;1.620465e-02
3.354914e-02;7.191323e-02;4.078849e-02;7.757178e-03;6.596933e-02;1.190098e-01;4.614522e-01;7.074820e-02;3.905115e-02;2.260320e-02;5.256294e-02;1.459511e-02
5.132863e-02;6.512254e-02;5.255316e-02;7.428753e-03;6.408872e-02;1.309490e-01;4.463065e-01;9.314967e-02;2.500795e-02;1.986394e-02;2.815201e-02;1.604920e-02
6.860186e-02;6.474011e-02;6.673275e-02;1.431914e-02;5.959262e-02;1.090108e-01;4.320787e-01;7.441573e-02;3.952026e-02;2.552491e-02;3.053628e-02;1.492683e-02
3.459384e-02;4.811484e-02;7.300179e-02;1.825359e-02;3.493092e-02;5.831540e-02;3.318073e-01;1.401128e-01;1.113403e-01;6.820150e-02;3.577258e-02;4.555510e-02
5.193583e-02;3.333945e-02;9.217416e-02;5.296514e-02;3.209126e-02;6.742629e-02;1.786079e-01;1.528702e-01;1.520989e-01;6.973591e-02;5.611653e-02;6.063851e-02
7.742322e-02;2.290284e-02;7.980274e-02;9.071739e-02;6.077969e-02;4.965120e-02;1.258134e-01;9.365430e-02;2.161882e-01;9.718303e-02;5.054792e-02;3.533598e-02
8.207845e-02;1.266210e-02;5.329779e-02;1.306174e-01;1.012038e-01;2.441965e-02;1.215891e-01;6.601480e-02;2.280366e-01;1.166954e-01;4.034427e-02;2.304057e-02
7.200578e-02;2.341924e-02;3.529617e-02;1.690882e-01;1.544079e-01;2.539294e-02;1.307442e-01;3.727694e-02;1.594975e-01;1.302155e-01;2.612322e-02;3.653245e-02
7.069007e-02;2.086746e-02;7.119618e-02;1.705403e-01;1.463223e-01;3.172429e-02;1.267096e-01;3.790723e-02;1.104044e-01;1.276827e-01;3.576555e-02;5.018995e-02
8.743957e-02;1.909314e-02;8.252152e-02;1.349989e-01;9.388734e-02;2.266500e-02;1.567972e-01;5.152959e-02;1.491884e-01;1.114053e-01;4.313429e-02;4.733965e-02
1.010690e-01;1.786940e-02;8.136421e-02;9.729611e-02;5.829865e-02;2.833157e-02;1.952599e-01;6.919492e-02;1.762154e-01;9.067079e-02;4.605921e-02;3.837086e-02
1.166439e-01;2.452588e-02;6.069315e-02;7.367906e-02;3.974967e-02;3.125127e-02;2.181537e-01;6.740750e-02;2.006621e-01;7.935783e-02;4.407965e-02;4.379636e-02
1.065151e-01;4.811443e-02;8.686485e-02;7.963146e-02;5.647985e-02;2.911628e-02;1.914052e-01;5.897237e-02;1.687908e-01;7.871621e-02;4.183090e-02;5.356258e-02
1.108142e-01;7.568548e-02;9.963248e-02;9.574879e-02;7.071512e-02;2.785617e-02;1.793143e-01;5.788793e-02;9.442208e-02;7.737321e-02;4.699703e-02;6.355310e-02
1.116006e-01;1.177877e-01;9.981840e-02;1.049435e-01;7.191645e-02;5.057992e-02;1.947823e-01;5.560558e-02;4.857759e-02;5.227634e-02;4.174241e-02;5.036925e-02
1.138259e-01;1.136652e-01;8.964943e-02;9.733494e-02;6.142242e-02;7.110936e-02;1.694469e-01;4.710564e-02;9.084614e-02;6.192923e-02;3.250205e-02;5.116286e-02
1.283412e-01;8.830670e-02;6.188000e-02;8.679168e-02;7.107789e-02;7.791095e-02;1.480300e-01;4.181872e-02;1.288234e-01;7.067255e-02;3.273860e-02;6.360827e-02
1.422619e-01;8.528907e-02;6.552909e-02;5.382056e-02;7.415973e-02;8.318529e-02;1.306614e-01;1.034372e-01;1.031380e-01;8.843982e-02;2.344694e-02;4.663103e-02
1.047327e-01;9.945655e-02;8.305106e-02;4.446317e-02;4.756941e-02;5.834054e-02;2.260541e-01;1.247359e-01;6.968112e-02;7.521112e-02;3.244731e-02;3.425694e-02
9.567921e-02;1.246482e-01;7.723299e-02;3.738540e-02;5.922965e-02;3.383222e-02;2.740434e-01;1.237877e-01;4.855409e-02;5.244584e-02;5.336562e-02;1.979577e-02
9.474869e-02;1.005301e-01;1.080773e-01;2.995219e-02;5.157760e-02;3.333967e-02;3.018652e-01;1.042854e-01;4.496079e-02;4.862782e-02;5.097448e-02;3.106085e-02
7.756470e-02;5.135091e-02;1.414269e-01;2.657893e-02;3.837204e-02;4.374480e-02;3.253246e-01;1.021265e-01;6.226466e-02;6.299684e-02;3.449699e-02;3.375212e-02
6.741478e-02;4.433625e-02;1.392094e-01;2.868350e-02;4.249644e-02;4.390254e-02;3.289033e-01;9.820623e-02;6.731280e-02;6.572637e-02;4.103095e-02;3.277734e-02
7.944552e-02;8.621848e-02;1.151986e-01;4.284261e-02;5.653007e-02;4.903056e-02;3.225326e-01;6.257682e-02;6.146159e-02;4.658822e-02;5.583436e-02;2.174056e-02
1.108166e-01;1.102461e-01;8.132986e-02;6.777289e-02;7.470015e-02;7.183114e-02;2.890708e-01;2.806776e-02;5.731285e-02;4.884858e-02;4.632502e-02;1.367828e-02
1.299897e-01;6.893130e-02;3.360900e-02;7.196260e-02;9.224444e-02;1.316600e-01;3.451157e-01;2.158172e-02;3.074998e-02;4.592693e-02;1.757996e-02;1.064861e-02
1.175441e-01;3.874691e-02;4.654299e-02;6.311356e-02;1.073934e-01;1.672713e-01;3.416251e-01;3.132005e-02;2.536533e-02;4.388024e-02;7.106270e-03;1.009078e-02
8.403718e-02;3.803983e-02;1.053972e-01;5.255188e-02;1.457019e-01;1.564583e-01;2.780043e-01;3.539725e-02;4.113108e-02;3.654001e-02;9.856866e-03;1.688424e-02
4.658028e-02;5.167722e-02;1.851802e-01;6.516585e-02;1.767275e-01;1.131605e-01;2.080267e-01;4.907572e-02;4.502402e-02;2.312501e-02;8.816155e-03;2.744094e-02
4.278118e-02;6.675364e-02;3.084015e-01;8.618678e-02;1.432592e-01;6.813658e-02;1.120151e-01;7.159315e-02;3.522696e-02;2.196383e-02;1.832493e-02;2.535714e-02
4.762580e-02;4.322725e-02;4.365055e-01;7.805341e-02;8.406726e-02;3.713052e-02;1.155421e-01;5.261615e-02;3.095559e-02;3.254806e-02;1.844291e-02;2.328543e-02
4.030745e-02;4.642165e-02;3.361300e-01;9.969769e-02;7.229606e-02;4.839840e-02;1.600089e-01;5.473842e-02;3.854514e-02;4.672207e-02;1.584599e-02;4.088826e-02
3.533982e-02;6.054664e-02;2.265374e-01;1.040529e-01;9.201930e-02;8.321413e-02;2.067884e-01;6.467801e-02;3.734807e-02;3.720760e-02;1.255424e-02;3.971348e-02
1.806965e-02;4.954192e-02;2.017151e-01;7.582844e-02;1.158480e-01;1.060457e-01;2.652949e-01;5.867859e-02;2.459606e-02;3.285398e-02;9.492942e-03;4.203474e-02
3.062492e-02;2.196958e-02;1.759976e-01;4.390959e-02;1.369893e-01;9.827521e-02;3.212539e-01;4.345281e-02;2.380278e-02;5.078208e-02;7.853520e-03;4.508864e-02
3.873017e-02;1.067303e-02;1.716268e-01;1.874853e-02;1.472880e-01;8.795213e-02;3.516051e-01;2.501831e-02;1.567678e-02;8.262652e-02;6.931062e-03;4.312356e-02
4.545935e-02;1.184850e-02;1.914832e-01;1.225915e-02;1.438455e-01;7.435496e-02;3.240817e-01;3.073278e-02;2.072210e-02;1.031982e-01;8.970061e-03;3.304449e-02
4.795716e-02;1.285588e-02;1.990187e-01;1.184693e-02;1.491897e-01;7.014468e-02;2.877948e-01;3.375177e-02;2.568478e-02;1.171081e-01;9.725948e-03;3.492162e-02
3.981579e-02;1.885967e-02;1.979848e-01;1.797217e-02;1.422609e-01;7.420342e-02;2.402170e-01;4.454479e-02;4.365490e-02;1.248961e-01;6.871005e-03;4.871951e-02
3.795669e-02;2.255514e-02;1.909671e-01;1.595081e-02;1.305847e-01;6.911927e-02;2.070613e-01;6.782776e-02;5.469445e-02;1.304469e-01;1.182790e-02;6.100783e-02
4.385012e-02;2.268954e-02;1.950493e-01;2.597478e-02;1.312005e-01;6.739202e-02;1.863272e-01;6.328182e-02;5.629395e-02;1.369624e-01;1.050299e-02;6.047526e-02
4.672744e-02;2.492543e-02;1.944879e-01;2.659005e-02;1.240324e-01;6.554210e-02;1.685603e-01;6.314028e-02;6.169840e-02;1.393419e-01;1.600775e-02;6.894607e-02
4.142883e-02;2.887332e-02;1.726207e-01;1.564264e-02;1.206638e-01;7.287742e-02;1.512518e-01;7.491045e-02;7.902939e-02;1.409037e-01;1.718281e-02;8.461507e-02
3.620598e-02;2.754414e-02;1.588984e-01;1.357108e-02;1.338917e-01;8.080947e-02;1.473571e-01;8.811371e-02;6.320211e-02;1.402936e-01;1.841611e-02;9.169655e-02
3.047985e-02;2.003673e-02;1.498298e-01;2.872096e-02;1.258970e-01;7.444964e-02;1.482536e-01;1.034094e-01;6.553435e-02;1.259478e-01;2.826333e-02;9.917760e-02
5.743895e-02;2.320730e-02;1.511049e-01;3.185625e-02;1.202204e-01;7.215119e-02;1.726308e-01;8.203968e-02;6.726808e-02;1.167288e-01;2.201614e-02;8.333747e-02
1.238851e-01;1.150817e-02;1.615326e-01;2.270619e-02;1.177286e-01;5.113802e-02;2.227218e-01;6.139237e-02;5.100499e-02;1.149065e-01;1.289449e-02;4.858112e-02
1.496751e-01;2.385837e-02;1.274818e-01;6.434856e-02;7.073990e-02;5.141966e-02;2.001923e-01;9.262668e-02;7.682676e-02;7.516872e-02;4.802829e-02;1.963392e-02
1.004836e-01;7.382756e-02;6.914813e-02;1.128363e-01;4.569463e-02;7.991442e-02;1.203823e-01;1.707547e-01;8.247130e-02;3.225748e-02;8.696182e-02;2.526781e-02
3.355061e-02;9.405895e-02;5.905992e-02;9.986833e-02;6.896909e-02;7.840769e-02;7.497374e-02;1.846219e-01;1.244622e-01;2.317362e-02;8.168726e-02;7.716660e-02
4.047826e-02;5.281411e-02;9.785365e-02;5.277432e-02;1.062595e-01;4.979805e-02;8.069496e-02;1.175089e-01;2.053393e-01;3.257717e-02;4.416681e-02;1.197350e-01
7.818281e-02;2.161296e-02;1.115826e-01;5.408127e-02;1.116805e-01;6.018194e-02;9.060267e-02;6.074121e-02;2.260925e-01;5.187835e-02;2.399927e-02;1.093639e-01
9.822286e-02;4.181451e-02;7.517476e-02;6.793812e-02;8.214165e-02;1.093668e-01;1.503027e-01;7.128121e-02;1.554422e-01;6.713141e-02;2.990855e-02;5.127532e-02
6.882649e-02;7.848308e-02;4.936617e-02;5.279562e-02;5.662287e-02;1.097005e-01;2.742904e-01;6.554078e-02;1.247019e-01;5.476477e-02;5.583110e-02;9.076296e-03
4.272439e-02;9.008341e-02;5.364043e-02;2.068878e-02;6.930372e-02;9.397943e-02;3.189381e-01;7.366841e-02;1.289381e-01;2.813940e-02;5.218238e-02;2.771352e-02
4.515900e-02;7.818084e-02;5.113602e-02;2.632235e-02;8.717284e-02;8.427738e-02;2.381984e-01;8.793540e-02;1.194049e-01;9.984764e-02;3.549803e-02;4.686721e-02
6.866378e-02;6.676121e-02;7.712828e-02;4.281354e-02;8.405080e-02;8.108707e-02;1.398829e-01;8.821780e-02;5.168534e-02;1.581495e-01;5.250217e-02;8.905765e-02
1.092157e-01;5.900492e-02;1.052241e-01;4.933649e-02;6.291061e-02;8.019353e-02;1.198329e-01;1.102215e-01;7.956875e-02;1.303824e-01;2.530458e-02;6.880447e-02
1.211396e-01;5.964596e-02;7.770721e-02;4.904200e-02;9.568006e-02;8.754668e-02;1.304303e-01;1.026817e-01;8.654913e-02;1.013558e-01;6.415211e-02;2.406956e-02
9.526092e-02;5.670140e-02;6.489751e-02;4.537296e-02;1.027018e-01;9.637202e-02;1.337893e-01;6.757116e-02;8.825196e-02;1.118825e-01;7.485174e-02;6.234668e-02
6.343585e-02;7.061178e-02;8.905077e-02;4.365613e-02;9.048647e-02;7.851494e-02;1.628620e-01;9.002188e-02;8.680616e-02;1.224547e-01;4.413475e-02;5.796457e-02
7.094367e-02;1.185257e-01;1.001185e-01;4.348595e-02;8.321663e-02;6.087806e-02;1.488373e-01;1.004696e-01;8.924086e-02;1.256376e-01;1.868286e-02;3.996329e-02
6.750993e-02;1.126961e-01;7.005282e-02;4.288613e-02;7.085190e-02;8.900639e-02;1.035299e-01;1.163322e-01;1.544523e-01;9.190478e-02;2.408655e-02;5.669098e-02
6.163744e-02;8.003372e-02;6.123310e-02;3.006143e-02;7.198424e-02;9.116925e-02;1.025978e-01;1.157295e-01;1.844274e-01;1.073445e-01;6.522637e-02;2.855526e-02
5.820193e-02;7.294496e-02;7.347818e-02;3.768690e-02;8.881380e-02;8.243847e-02;1.416110e-01;9.582690e-02;1.167460e-01;1.135954e-01;9.137680e-02;2.727957e-02
4.238849e-02;7.337899e-02;9.533635e-02;6.228271e-02;1.131631e-01;5.683372e-02;1.259822e-01;1.415310e-01;7.476801e-02;8.132187e-02;7.723136e-02;5.578225e-02
4.674098e-02;7.032464e-02;9.174445e-02;8.696682e-02;1.077925e-01;4.850780e-02;1.276389e-01;1.573011e-01;7.918700e-02;7.361341e-02;6.088426e-02;4.929814e-02
6.709345e-02;1.015680e-01;8.112710e-02;7.567527e-02;9.131491e-02;4.203970e-02;1.158654e-01;1.323370e-01;1.041364e-01;9.489483e-02;6.835862e-02;2.558927e-02
7.268590e-02;1.031777e-01;7.491223e-02;4.342914e-02;7.069676e-02;3.967200e-02;6.544446e-02;1.730294e-01;1.514015e-01;1.025813e-01;6.516720e-02;3.780242e-02
8.638787e-02;6.079727e-02;1.458069e-01;4.406679e-02;6.851997e-02;6.690940e-02;1.118091e-01;1.369868e-01;1.299410e-01;6.702504e-02;4.403654e-02;3.771326e-02
1.370088e-01;6.552567e-02;1.627056e-01;5.255295e-02;6.038808e-02;7.966007e-02;1.560637e-01;6.846070e-02;5.942800e-02;4.671679e-02;5.549125e-02;5.599843e-02
1.393016e-01;5.891008e-02;1.495240e-01;3.887942e-02;4.067918e-02;1.173435e-01;1.702367e-01;4.683975e-02;5.709866e-02;4.654763e-02;7.250326e-02;6.213634e-02
1.097624e-01;3.440066e-02;1.149357e-01;2.038868e-02;3.471110e-02;2.072220e-01;1.738973e-01;2.118886e-02;6.547669e-02;4.369814e-02;1.122499e-01;6.206854e-02
5.508142e-02;1.416743e-02;8.438975e-02;8.033872e-03;3.921311e-02;3.281876e-01;1.344439e-01;2.444454e-02;7.809681e-02;3.746299e-02;1.502881e-01;4.619043e-02
2.886690e-02;1.390242e-02;9.247991e-02;1.501581e-02;3.133696e-02;3.520233e-01;1.302857e-01;4.371471e-02;8.671653e-02;4.509329e-02;1.278487e-01;3.271575e-02
3.103129e-02;1.156130e-02;1.097192e-01;9.943957e-03;1.437607e-02;3.592982e-01;1.573129e-01;3.409169e-02;8.910328e-02;3.678693e-02;1.114276e-01;3.534759e-02
3.015323e-02;6.677033e-03;1.209280e-01;1.064436e-02;2.164723e-02;3.747818e-01;1.599892e-01;2.325397e-02;6.832005e-02;2.766950e-02;1.234764e-01;3.245930e-02
2.853971e-02;1.473212e-02;1.093954e-01;1.002908e-02;4.792332e-02;3.630188e-01;1.278871e-01;3.868296e-02;4.546312e-02;4.763967e-02;1.391701e-01;2.751860e-02
3.908702e-02;3.094049e-02;7.781831e-02;2.000115e-02;8.517276e-02;2.432439e-01;1.064624e-01;6.636180e-02;9.859338e-02;7.117291e-02;1.249748e-01;3.617102e-02
5.420863e-02;3.715679e-02;5.688613e-02;2.921475e-02;9.920777e-02;1.499651e-01;1.299930e-01;8.718497e-02;1.370464e-01;8.050867e-02;9.855436e-02;4.007346e-02
4.529711e-02;4.614862e-02;4.626042e-02;3.774733e-02;9.247631e-02;2.176507e-01;1.371899e-01;8.919907e-02;1.214057e-01;6.044743e-02;6.409898e-02;4.207848e-02
2.782803e-02;5.407115e-02;4.451903e-02;3.352652e-02;5.039154e-02;2.936669e-01;1.647819e-01;1.172044e-01;7.360384e-02;4.283446e-02;6.983218e-02;2.774012e-02
3.988779e-02;6.804856e-02;6.839699e-02;3.568875e-02;4.228855e-02;2.774278e-01;1.263105e-01;9.744526e-02;7.016152e-02;6.803901e-02;7.737923e-02;2.892605e-02
7.899034e-02;5.663704e-02;1.000328e-01;4.006868e-02;6.799424e-02;2.340405e-01;9.345479e-02;8.626662e-02;4.876120e-02;7.903355e-02;6.888641e-02;4.583381e-02
9.383712e-02;2.804200e-02;1.560158e-01;5.167419e-02;8.489966e-02;1.748630e-01;1.080446e-01;4.098106e-02;9.012762e-02;5.931344e-02;6.150651e-02;5.069488e-02
4.865482e-02;3.501037e-02;1.829548e-01;5.041168e-02;6.994385e-02;9.100089e-02;1.007819e-01;4.450326e-02;1.169545e-01;7.710209e-02;1.085023e-01;7.417949e-02
6.393320e-02;6.107627e-02;1.520580e-01;9.502410e-02;3.100166e-02;6.903857e-02;9.741411e-02;5.982122e-02;7.235558e-02;6.910620e-02;1.327620e-01;9.640907e-02
4.930452e-02;6.358361e-02;8.949730e-02;1.081773e-01;3.299706e-02;7.925138e-02;9.456602e-02;8.637599e-02;9.461258e-02;6.881554e-02;1.440643e-01;8.875439e-02
4.411443e-02;6.415205e-02;7.247175e-02;6.442783e-02;6.406377e-02;9.470100e-02;1.290323e-01;9.181897e-02;8.813959e-02;9.958149e-02;1.123480e-01;7.514886e-02
3.674269e-02;4.592259e-02;1.033887e-01;4.276782e-02;7.551747e-02;8.439308e-02;1.698576e-01;6.689791e-02;9.716043e-02;1.080027e-01;1.107287e-01;5.862035e-02
4.674619e-02;5.589664e-02;1.416622e-01;8.422441e-02;5.546752e-02;6.749843e-02;1.187541e-01;6.118398e-02;1.325731e-01;9.672143e-02;9.836928e-02;4.090263e-02
3.646681e-02;7.062855e-02;1.296473e-01;8.048896e-02;5.710169e-02;7.273053e-02;8.295325e-02;7.602161e-02;1.625107e-01;1.031517e-01;8.085701e-02;4.744196e-02
4.389023e-02;6.773788e-02;1.048591e-01;3.725585e-02;7.705115e-02;5.358973e-02;8.253282e-02;1.171412e-01;1.592389e-01;9.533173e-02;1.217212e-01;3.965025e-02
4.785618e-02;6.990919e-02;8.681013e-02;5.503596e-02;6.980824e-02;5.845603e-02;8.787992e-02;1.259238e-01;1.421574e-01;1.295529e-01;6.500568e-02;6.160459e-02
6.507151e-02;5.716600e-02;1.229790e-01;6.239544e-02;3.959533e-02;8.845588e-02;5.682771e-02;1.087146e-01;1.485009e-01;1.040972e-01;5.246720e-02;9.372924e-02
7.112851e-02;6.562538e-02;1.307905e-01;6.212011e-02;4.026493e-02;8.425239e-02;8.701734e-02;9.679405e-02;1.470765e-01;7.748706e-02;6.136031e-02;7.608288e-02
7.777579e-02;4.861975e-02;9.685809e-02;6.706552e-02;4.682384e-02;8.082519e-02;1.143691e-01;1.033532e-01;1.340110e-01;1.058935e-01;8.429446e-02;4.011057e-02
6.832337e-02;3.004528e-02;7.379026e-02;7.271963e-02;5.382934e-02;7.187375e-02;1.481358e-01;1.348602e-01;9.411457e-02;1.349129e-01;9.185448e-02;2.554052e-02
6.033533e-02;6.345383e-02;8.284339e-02;7.759494e-02;5.287356e-02;7.821605e-02;1.555854e-01;1.226347e-01;5.390582e-02;1.282785e-01;7.879366e-02;4.548479e-02
7.262831e-02;8.412469e-02;6.909917e-02;5.828868e-02;5.207708e-02;1.161942e-01;1.518633e-01;1.005356e-01;9.869113e-02;9.501732e-02;7.289432e-02;2.858617e-02
7.081879e-02;8.913045e-02;2.883464e-02;8.998138e-02;6.788374e-02;1.137195e-01;1.119063e-01;6.491073e-02;1.228945e-01;1.636483e-01;5.000818e-02;2.626353e-02
7.845614e-02;1.145068e-01;4.843188e-02;1.061406e-01;8.755872e-02;7.708690e-02;8.429688e-02;7.647297e-02;1.163394e-01;1.366365e-01;2.711737e-02;4.695592e-02
8.082023e-02;9.595520e-02;5.681182e-02;9.486217e-02;9.056687e-02;4.486640e-02;6.655759e-02;1.108134e-01;1.269759e-01;1.302466e-01;5.403226e-02;4.749159e-02
6.593101e-02;6.567006e-02;6.898759e-02;8.884526e-02;6.842815e-02;7.986581e-02;7.174661e-02;1.188987e-01;1.255872e-01;1.496092e-01;6.421788e-02;3.221250e-02
4.612112e-02;5.299562e-02;1.096981e-01;9.528523e-02;7.221976e-02;9.699828e-02;1.349120e-01;1.027611e-01;6.117475e-02;1.343876e-01;7.164885e-02;2.179756e-02
4.953355e-02;5.771483e-02;9.745108e-02;1.078047e-01;6.596924e-02;5.137520e-02;1.734765e-01;1.131914e-01;6.382746e-02;1.107422e-01;5.640210e-02;5.251184e-02
7.246660e-02;7.536573e-02;1.088826e-01;6.375809e-02;2.926348e-02;1.028449e-01;1.440073e-01;1.161730e-01;6.659771e-02;9.924895e-02;5.842939e-02;6.296222e-02
8.294560e-02;1.070140e-01;1.034490e-01;6.660937e-02;4.781250e-02;1.439656e-01;9.700152e-02;1.003673e-01;5.403014e-02;8.631878e-02;5.429704e-02;5.618909e-02
8.256285e-02;7.006902e-02;9.380240e-02;6.600913e-02;5.221271e-02;1.771898e-01;1.306980e-01;1.167090e-01;4.808787e-02;6.843232e-02;2.891531e-02;6.531169e-02
8.187463e-02;2.406887e-02;8.830791e-02;5.338574e-02;5.010377e-02;1.920900e-01;1.817112e-01;1.269157e-01;4.783325e-02;4.326030e-02;3.130195e-02;7.914660e-02
6.076930e-02;3.693211e-02;9.748080e-02;5.717034e-02;7.155120e-02;1.607870e-01;1.552160e-01;1.433110e-01;6.892905e-02;2.812158e-02;3.328099e-02;8.645057e-02
6.121312e-02;7.558027e-02;9.591159e-02;6.926563e-02;7.856037e-02;7.162551e-02;1.386136e-01;1.287152e-01;9.436013e-02;5.959868e-02;4.022259e-02;8.633333e-02
7.613009e-02;1.122717e-01;1.102558e-01;6.291556e-02;6.117383e-02;6.498777e-02;1.186372e-01;8.648048e-02;7.098392e-02;9.633825e-02;5.675628e-02;8.306909e-02
7.299906e-02;9.589242e-02;1.318090e-01;6.726271e-02;5.223788e-02;7.499267e-02;1.098303e-01;7.853282e-02;6.766944e-02;9.468182e-02;7.050856e-02;8.358341e-02
7.565846e-02;6.986963e-02;1.590532e-01;9.333347e-02;6.244076e-02;8.187221e-02;9.815107e-02;6.789067e-02;6.978417e-02;8.433320e-02;5.477495e-02;8.283819e-02
4.323709e-02;1.121425e-01;1.568933e-01;9.739479e-02;7.122990e-02;9.233040e-02;1.072961e-01;5.940228e-02;6.114850e-02;7.164039e-02;4.816382e-02;7.912100e-02
8.674355e-02;1.423267e-01;1.505821e-01;5.704581e-02;7.568835e-02;6.827908e-02;1.168204e-01;6.353163e-02;4.705931e-02;6.363074e-02;5.858819e-02;6.970402e-02
8.559145e-02;1.039940e-01;1.396783e-01;5.083579e-02;1.125849e-01;7.654198e-02;1.103158e-01;8.138031e-02;4.721516e-02;6.241084e-02;7.157176e-02;5.787970e-02
8.143207e-02;7.504973e-02;1.258458e-01;9.352518e-02;1.205702e-01;8.719794e-02;5.808439e-02;5.134094e-02;9.486629e-02;7.233611e-02;7.515796e-02;6.459337e-02
8.853340e-02;8.190098e-02;1.010315e-01;1.062207e-01;1.391110e-01;5.772977e-02;7.567933e-02;4.353851e-02;1.156424e-01;6.234205e-02;6.327011e-02;6.500024e-02
8.628423e-02;6.530579e-02;1.232250e-01;6.825820e-02;1.032943e-01;7.355943e-02;1.590306e-01;6.931479e-02;9.326392e-02;7.099093e-02;4.963933e-02;3.783339e-02
7.402133e-02;9.702924e-02;1.539506e-01;7.425392e-02;4.961168e-02;8.774251e-02;1.543179e-01;5.180519e-02;9.954853e-02;6.660003e-02;5.130827e-02;3.981074e-02
1.046696e-01;1.101194e-01;1.266997e-01;8.508754e-02;2.194216e-02;7.772669e-02;1.931915e-01;6.807061e-02;6.358011e-02;3.372737e-02;5.271571e-02;6.246963e-02
9.646278e-02;8.351957e-02;9.122371e-02;8.611353e-02;2.528190e-02;8.579352e-02;2.677478e-01;7.250560e-02;3.418887e-02;1.807987e-02;6.496675e-02;7.411601e-02
4.936641e-02;3.885826e-02;1.308826e-01;6.524656e-02;2.209284e-02;1.510905e-01;3.140997e-01;5.540927e-02;1.554306e-02;2.589205e-02;7.463612e-02;5.688259e-02
1.478975e-02;6.670676e-02;1.422025e-01;3.374313e-02;5.081881e-02;2.080274e-01;2.728546e-01;2.838141e-02;1.227385e-02;8.201905e-02;5.831707e-02;2.986560e-02
1.973849e-02;1.215807e-01;9.705593e-02;2.107268e-02;1.033816e-01;1.781548e-01;1.756515e-01;2.455788e-02;2.172402e-02;1.793485e-01;4.465343e-02;1.308044e-02
3.662776e-02;1.230063e-01;4.767570e-02;3.868802e-02;1.364127e-01;7.868769e-02;1.124529e-01;2.133722e-02;8.142292e-02;2.992592e-01;1.491345e-02;9.516088e-03
6.244580e-02;5.771706e-02;1.673368e-02;7.485659e-02;1.139355e-01;2.347208e-02;1.062935e-01;1.092998e-02;1.871293e-01;3.195792e-01;1.845771e-02;8.449621e-03
6.517470e-02;1.529129e-02;1.457626e-02;1.037855e-01;1.113326e-01;1.291235e-02;1.354345e-01;9.535235e-03;2.902706e-01;2.292203e-01;1.052270e-02;1.943928e-03
4.539900e-02;1.621302e-02;1.318166e-02;1.058137e-01;8.479215e-02;1.338013e-02;1.844233e-01;8.581045e-03;3.785478e-01;1.391221e-01;7.690639e-03;2.855422e-03
4.915983e-02;2.625243e-02;1.695613e-02;1.056742e-01;7.275043e-02;1.631538e-02;1.971904e-01;2.261449e-02;4.161173e-01;6.320814e-02;8.570526e-03;5.190752e-03
8.236233e-02;3.475996e-02;3.202153e-02;1.126977e-01;7.318625e-02;9.804949e-03;1.589863e-01;4.241757e-02;3.731962e-01;5.734295e-02;1.300558e-02;1.021857e-02
7.882168e-02;7.263277e-02;8.260705e-02;1.096118e-01;8.255310e-02;1.638163e-02;1.175750e-01;6.140972e-02;2.557687e-01;9.113378e-02;1.841924e-02;1.308539e-02
4.839457e-02;9.839090e-02;1.268476e-01;8.506385e-02;8.602306e-02;3.482222e-02;1.326301e-01;7.781347e-02;1.777562e-01;9.584554e-02;2.321555e-02;1.319703e-02
3.911388e-02;8.845629e-02;1.292612e-01;5.822650e-02;6.860673e-02;4.148240e-02;1.521214e-01;7.702232e-02;1.896801e-01;1.158383e-01;2.554559e-02;1.464525e-02
6.784196e-02;6.747212e-02;1.167229e-01;8.937868e-02;7.061844e-02;3.820005e-02;1.683656e-01;3.877385e-02;1.618693e-01;1.495507e-01;1.892220e-02;1.228426e-02
4.844994e-02;4.023569e-02;1.078288e-01;1.331861e-01;1.031758e-01;4.264541e-02;1.813791e-01;3.652091e-02;1.430363e-01;1.279294e-01;2.179780e-02;1.381470e-02
7.906742e-02;5.167701e-02;7.887505e-02;1.169543e-01;5.951193e-02;3.644502e-02;1.834141e-01;6.190408e-02;1.487532e-01;1.137203e-01;4.519154e-02;2.448599e-02
7.124773e-02;6.028604e-02;8.035650e-02;7.039556e-02;5.495899e-02;7.818823e-02;1.275851e-01;1.001736e-01;9.005611e-02;1.145328e-01;1.105121e-01;4.170726e-02
5.296835e-02;5.740216e-02;5.330669e-02;3.136775e-02;7.112598e-02;1.236744e-01;8.883530e-02;1.306421e-01;4.729702e-02;1.331108e-01;1.714496e-01;3.881991e-02
2.619172e-02;5.186933e-02;2.752822e-02;1.602025e-02;7.913546e-02;1.627996e-01;7.807650e-02;1.451598e-01;2.569444e-02;1.213643e-01;2.431270e-01;2.303328e-02
2.392262e-02;5.023196e-02;2.193367e-02;2.336715e-02;1.117256e-01;1.634469e-01;5.364450e-02;1.498101e-01;3.083859e-02;1.082548e-01;2.490649e-01;1.375924e-02
2.748647e-02;7.165379e-02;1.681779e-02;2.602690e-02;1.404488e-01;1.123516e-01;3.835178e-02;1.645962e-01;3.379079e-02;1.917053e-01;1.464566e-01;3.031410e-02
1.811666e-02;9.154417e-02;1.168203e-02;3.209721e-02;1.435953e-01;7.014502e-02;4.155735e-02;1.424778e-01;6.254857e-02;2.563966e-01;7.536260e-02;5.447657e-02
3.229438e-02;1.002492e-01;2.246817e-02;3.847207e-02;1.242901e-01;4.380495e-02;7.128059e-02;1.063285e-01;8.345823e-02;2.490319e-01;7.210720e-02;5.621462e-02
5.180401e-02;1.131276e-01;2.714191e-02;3.769330e-02;1.144126e-01;2.899851e-02;7.974130e-02;1.234274e-01;7.587211e-02;2.162059e-01;8.522961e-02;4.634575e-02
5.567494e-02;8.344817e-02;5.962824e-02;6.334639e-02;8.302327e-02;4.093745e-02;9.398365e-02;9.445359e-02;1.168157e-01;1.703078e-01;8.809364e-02;5.028717e-02
5.440205e-02;9.417094e-02;8.649152e-02;7.609189e-02;4.358479e-02;2.664977e-02;7.831290e-02;7.609856e-02;1.984050e-01;1.072787e-01;1.161158e-01;4.239818e-02
2.827845e-02;1.396976e-01;9.014363e-02;4.086666e-02;3.329416e-02;2.242414e-02;9.060799e-02;7.552353e-02;1.992695e-01;1.257912e-01;9.935710e-02;5.474602e-02
2.583290e-02;1.223351e-01;1.278289e-01;5.365480e-02;3.333578e-02;2.550121e-02;1.034980e-01;6.145697e-02;1.859771e-01;1.220972e-01;5.783804e-02;8.064397e-02
3.671555e-02;9.262315e-02;1.977292e-01;4.953424e-02;3.558027e-02;1.885360e-02;1.358563e-01;5.919142e-02;1.681935e-01;9.271818e-02;3.230609e-02;8.069848e-02
3.294409e-02;6.522498e-02;2.452179e-01;2.750824e-02;4.084821e-02;2.195973e-02;1.587016e-01;8.785683e-02;1.148661e-01;1.071687e-01;3.923935e-02;5.846430e-02
2.472918e-02;7.740933e-02;2.686940e-01;2.080129e-02;2.846170e-02;2.342807e-02;1.422326e-01;1.408303e-01;8.488880e-02;1.231610e-01;2.187685e-02;4.348697e-02
3.078041e-02;1.174889e-01;2.141583e-01;3.462256e-02;3.265673e-02;4.636979e-02;1.328250e-01;1.309349e-01;8.882319e-02;1.012637e-01;2.607514e-02;4.400142e-02
4.663615e-02;1.121875e-01;1.710535e-01;4.314693e-02;5.965417e-02;5.900274e-02;1.499664e-01;1.040557e-01;8.289059e-02;8.888283e-02;3.968683e-02;4.283666e-02
5.455588e-02;9.067062e-02;1.832363e-01;4.316660e-02;6.917559e-02;5.137606e-02;1.627400e-01;9.863633e-02;7.046730e-02;7.308242e-02;4.960738e-02;5.328551e-02
5.986739e-02;9.600519e-02;1.692316e-01;4.318941e-02;8.354126e-02;4.898401e-02;1.301397e-01;1.080094e-01;7.021827e-02;7.921306e-02;4.912480e-02;6.247595e-02
6.687510e-02;1.056215e-01;1.612411e-01;4.892633e-02;1.105508e-01;5.882505e-02;9.123541e-02;8.926138e-02;7.048849e-02;9.513446e-02;5.259866e-02;4.924170e-02
6.103588e-02;1.247652e-01;1.398841e-01;3.975024e-02;1.010360e-01;7.725893e-02;1.262305e-01;7.563784e-02;6.012638e-02;9.125772e-02;6.606759e-02;3.694963e-02
7.671457e-02;1.558522e-01;1.293593e-01;4.492682e-02;8.839183e-02;7.114612e-02;1.049091e-01;4.321744e-02;8.434148e-02;7.349204e-02;6.658249e-02;6.106663e-02
1.098971e-01;9.760230e-02;1.280091e-01;6.764856e-02;6.447278e-02;6.062996e-02;6.165649e-02;7.611214e-02;8.915190e-02;6.626299e-02;8.485500e-02;9.370168e-02
9.547991e-02;9.388994e-02;1.247331e-01;7.616531e-02;4.921507e-02;5.739085e-02;6.300389e-02;9.711190e-02;8.544309e-02;6.003283e-02;1.017119e-01;9.582219e-02
9.090875e-02;9.827540e-02;1.085656e-01;7.261700e-02;3.943135e-02;4.891472e-02;7.789925e-02;1.160130e-01;8.837373e-02;6.211231e-02;1.079304e-01;8.895855e-02
5.780581e-02;1.034463e-01;1.002977e-01;7.600547e-02;6.157060e-02;7.360294e-02;1.230913e-01;1.014022e-01;7.994907e-02;7.456867e-02;7.567566e-02;7.258432e-02
6.217400e-02;8.869892e-02;9.013270e-02;8.264472e-02;1.456850e-01;9.091485e-02;9.133540e-02;4.229709e-02;7.486685e-02;1.243179e-01;4.498637e-02;6.194623e-02
4.705686e-02;5.965753e-02;6.006370e-02;8.807134e-02;1.917114e-01;8.983650e-02;8.573152e-02;3.065944e-02;1.254110e-01;1.296883e-01;4.182961e-02;5.028278e-02
5.501078e-02;3.049203e-02;4.037540e-02;1.139640e-01;1.807859e-01;6.323179e-02;8.907093e-02;2.696396e-02;2.330562e-01;9.568094e-02;5.055530e-02;2.081279e-02
5.268300e-02;1.768656e-02;4.132768e-02;1.519224e-01;1.132375e-01;4.394698e-02;6.404264e-02;2.580234e-02;3.563708e-01;6.523411e-02;6.347546e-02;4.270561e-03
3.016472e-02;1.650676e-02;6.383748e-02;1.525823e-01;5.814223e-02;3.524729e-02;4.617131e-02;4.482828e-02;4.205849e-01;4.662653e-02;7.528014e-02;1.002803e-02
1.036337e-02;2.763768e-02;1.106828e-01;1.111958e-01;3.086089e-02;4.849505e-02;3.524731e-02;1.154040e-01;3.828585e-01;4.861185e-02;5.867682e-02;1.996605e-02
1.047921e-02;2.716682e-02;1.472408e-01;5.238859e-02;1.827135e-02;6.151975e-02;6.397647e-02;2.242013e-01;2.316180e-01;9.394259e-02;3.343616e-02;3.575897e-02
5.840291e-03;1.962567e-02;1.687487e-01;1.758150e-02;1.469225e-02;4.668365e-02;8.996766e-02;3.327925e-01;9.331977e-02;1.403729e-01;1.371008e-02;5.666498e-02
3.480110e-03;1.392047e-02;1.887411e-01;1.108269e-02;1.377116e-02;2.624757e-02;8.254460e-02;3.950738e-01;1.711642e-02;1.638548e-01;7.579067e-03;7.658824e-02
9.822024e-03;2.022703e-02;1.861352e-01;1.715966e-02;1.439783e-02;1.799015e-02;1.033138e-01;3.672519e-01;3.998944e-02;1.336586e-01;1.041591e-02;7.963843e-02
2.194808e-02;3.148582e-02;1.734883e-01;2.035466e-02;1.832413e-02;1.506099e-02;1.408828e-01;3.493603e-01;3.620953e-02;9.681634e-02;1.128600e-02;8.478300e-02
3.882755e-02;4.340500e-02;1.476670e-01;2.416823e-02;3.549280e-02;1.370482e-02;1.963852e-01;3.028472e-01;3.523138e-02;5.393739e-02;2.623289e-02;8.210056e-02
5.979974e-02;5.298398e-02;1.205012e-01;2.592818e-02;4.571005e-02;1.524091e-02;2.514367e-01;2.454913e-01;2.704752e-02;4.887665e-02;3.640918e-02;7.057450e-02
8.153532e-02;7.232447e-02;7.495384e-02;3.403032e-02;5.874209e-02;2.238063e-02;2.755311e-01;1.839301e-01;2.827585e-02;4.372362e-02;5.578731e-02;6.878535e-02
7.068839e-02;7.798427e-02;5.371015e-02;3.845529e-02;7.321335e-02;2.989687e-02;2.778334e-01;1.438033e-01;4.461878e-02;6.608021e-02;6.347067e-02;6.024532e-02
3.931786e-02;7.963397e-02;1.267939e-01;2.969784e-02;7.769950e-02;2.358433e-02;2.656370e-01;1.312604e-01;6.091995e-02;7.235022e-02;5.204466e-02;4.106038e-02
2.172258e-02;8.208093e-02;1.414565e-01;1.637837e-02;9.215441e-02;2.075355e-02;3.371717e-01;1.512710e-01;4.655924e-02;3.895518e-02;2.757422e-02;2.392239e-02
1.434408e-02;7.157777e-02;1.377627e-01;1.932541e-02;8.634362e-02;1.919804e-02;3.538626e-01;1.649905e-01;4.998933e-02;4.573448e-02;2.861728e-02;8.254142e-03
1.946571e-02;7.148064e-02;1.332823e-01;1.587404e-02;8.203579e-02;1.355728e-02;3.807341e-01;1.574669e-01;5.360929e-02;3.641870e-02;2.597120e-02;1.010396e-02
2.648718e-02;6.270213e-02;1.293288e-01;1.458703e-02;7.813562e-02;1.889156e-02;3.833109e-01;1.589989e-01;4.330166e-02;4.280675e-02;2.625750e-02;1.519200e-02
2.958281e-02;6.548077e-02;1.260281e-01;2.168426e-02;7.887919e-02;2.370736e-02;3.895047e-01;1.529878e-01;2.858710e-02;3.185344e-02;3.373553e-02;1.796892e-02
3.806192e-02;6.019064e-02;1.411156e-01;3.030987e-02;7.671847e-02;2.143059e-02;3.525918e-01;1.370113e-01;3.936178e-02;5.075002e-02;3.275831e-02;1.969965e-02
5.981568e-02;5.116224e-02;2.093557e-01;3.607870e-02;4.935936e-02;1.840416e-02;2.722529e-01;1.393253e-01;3.706812e-02;5.756192e-02;2.785380e-02;4.176215e-02
5.048532e-02;7.224434e-02;2.845480e-01;2.271293e-02;3.420230e-02;1.856321e-02;2.293478e-01;1.627619e-01;2.828956e-02;4.788544e-02;1.443521e-02;3.452394e-02
1.815482e-02;5.374126e-02;3.240114e-01;1.546535e-02;1.886664e-02;2.366024e-02;2.011323e-01;2.034130e-01;3.898519e-02;5.307732e-02;8.808875e-03;4.068367e-02
8.146714e-03;3.709405e-02;3.483406e-01;1.006839e-02;8.116204e-03;2.339323e-02;1.629745e-01;2.312310e-01;5.547526e-02;5.850914e-02;8.723591e-03;4.792726e-02
6.288915e-03;3.496510e-02;3.519734e-01;1.033553e-02;9.677183e-03;2.733916e-02;1.402953e-01;2.379902e-01;5.650321e-02;6.263915e-02;7.342971e-03;5.464986e-02
7.916635e-03;3.556864e-02;3.511704e-01;1.524648e-02;1.014333e-02;3.573430e-02;1.290697e-01;2.293690e-01;5.085118e-02;6.367232e-02;7.199716e-03;6.405834e-02
7.544196e-03;5.217312e-02;3.386638e-01;2.860927e-02;1.374699e-02;4.622854e-02;1.283931e-01;1.928345e-01;5.629351e-02;5.564455e-02;7.088975e-03;7.277939e-02
1.155876e-02;8.534069e-02;3.140569e-01;4.496516e-02;2.300843e-02;5.581688e-02;1.152576e-01;1.412989e-01;7.663828e-02;4.898518e-02;1.369275e-02;6.938044e-02
1.832214e-02;1.151898e-01;2.370615e-01;7.539844e-02;3.401871e-02;4.974594e-02;1.262684e-01;9.578668e-02;1.240039e-01;5.811620e-02;2.253198e-02;4.355630e-02
4.175358e-02;1.171184e-01;1.429610e-01;1.337225e-01;4.196438e-02;3.067156e-02;1.065440e-01;6.888699e-02;1.802920e-01;8.058027e-02;3.325906e-02;2.224630e-02
9.202619e-02;9.569614e-02;7.688443e-02;1.636837e-01;5.533697e-02;1.418616e-02;8.364012e-02;5.641504e-02;2.104929e-01;1.036153e-01;3.869567e-02;9.327384e-03
1.120606e-01;7.152698e-02;4.259003e-02;1.364668e-01;1.134433e-01;2.893397e-02;8.814845e-02;4.861346e-02;1.529963e-01;1.500656e-01;4.079125e-02;1.436320e-02
7.539005e-02;7.036848e-02;2.793967e-02;8.199921e-02;1.960346e-01;5.954938e-02;5.304925e-02;4.233648e-02;7.207546e-02;2.347942e-01;5.052976e-02;3.593346e-02
3.441122e-02;7.952083e-02;1.353658e-02;4.234694e-02;2.179927e-01;9.406260e-02;2.756803e-02;6.945901e-02;2.708776e-02;2.675636e-01;7.732196e-02;4.912881e-02
1.983757e-02;6.782928e-02;1.894809e-02;2.351658e-02;1.786637e-01;1.523253e-01;2.644798e-02;9.328246e-02;2.053984e-02;2.414880e-01;1.177200e-01;3.940129e-02
1.418254e-02;4.243121e-02;3.007710e-02;1.566562e-02;1.180449e-01;2.487809e-01;3.157210e-02;9.809153e-02;1.147700e-02;1.953446e-01;1.721469e-01;2.218555e-02
2.162762e-02;3.125629e-02;6.642429e-02;1.666477e-02;7.918838e-02;2.976530e-01;5.746892e-02;9.750791e-02;1.429024e-02;1.264609e-01;1.721739e-01;1.928379e-02
5.451418e-02;3.491521e-02;1.074260e-01;2.598974e-02;7.328521e-02;2.724068e-01;6.257644e-02;8.863711e-02;2.397407e-02;9.497063e-02;1.313149e-01;2.998980e-02
5.432319e-02;3.222667e-02;1.696859e-01;3.987847e-02;6.249481e-02;2.585198e-01;7.073845e-02;6.404369e-02;3.239372e-02;6.888198e-02;1.024901e-01;4.432319e-02
7.990348e-02;3.434971e-02;1.826995e-01;8.463331e-02;5.375294e-02;1.877434e-01;1.116294e-01;4.191286e-02;3.306697e-02;3.555392e-02;7.338762e-02;8.136693e-02
