9.227304e-02;8.554371e-02;2.589642e-01;1.086462e-01;7.002486e-02;5.338406e-02;1.156935e-01;5.179216e-02;5.425064e-02;4.937765e-02;2.832033e-02;3.172967e-02
7.000197e-02;6.525005e-02;3.483917e-01;1.399858e-01;6.163617e-02;3.621291e-02;1.063031e-01;4.653897e-02;3.804300e-02;3.926037e-02;2.467816e-02;2.369771e-02
4.324858e-02;2.938087e-02;4.727959e-01;1.786745e-01;5.216805e-02;2.437477e-02;6.335425e-02;2.786079e-02;2.572792e-02;3.038640e-02;4.159415e-02;1.043379e-02
3.222026e-02;3.683495e-02;5.504657e-01;1.610530e-01;4.086035e-02;1.060742e-02;2.845699e-02;1.221939e-02;2.554292e-02;4.132155e-02;4.590435e-02;1.451316e-02
2.696972e-02;7.307054e-02;5.551639e-01;1.025973e-01;3.796214e-02;1.465332e-02;2.370600e-02;1.756374e-02;3.665299e-02;5.855241e-02;3.194486e-02;2.116312e-02
4.810594e-02;1.028539e-01;4.289160e-01;6.075615e-02;5.212313e-02;2.730480e-02;8.495522e-02;3.055083e-02;4.702558e-02;5.942446e-02;3.795331e-02;2.003064e-02
8.841252e-02;1.144021e-01;2.584814e-01;5.769907e-02;5.877718e-02;3.735578e-02;1.663868e-01;3.504992e-02;4.047016e-02;5.930077e-02;5.278100e-02;3.088328e-02
7.920920e-02;6.065809e-02;1.799213e-01;1.034896e-01;7.879399e-02;6.682283e-02;2.132132e-01;5.283016e-02;3.430495e-02;4.740504e-02;4.001377e-02;4.333789e-02
4.878535e-02;5.453643e-02;1.149705e-01;1.131924e-01;1.243140e-01;1.292829e-01;1.482329e-01;9.320462e-02;6.107575e-02;5.211526e-02;3.691453e-02;2.337542e-02
4.848332e-02;5.898866e-02;1.059981e-01;6.076707e-02;1.084763e-01;8.692103e-02;1.024932e-01;9.948388e-02;9.895141e-02;8.916244e-02;8.574954e-02;5.452506e-02
5.447221e-02;5.086567e-02;1.024577e-01;3.928543e-02;8.191348e-02;8.605152e-02;7.685822e-02;8.630426e-02;1.434420e-01;1.121630e-01;9.950859e-02;6.667793e-02
6.644588e-02;5.207550e-02;1.095144e-01;6.711207e-02;6.341615e-02;9.985068e-02;6.750406e-02;7.157398e-02;1.418335e-01;1.163086e-01;6.938211e-02;7.498302e-02
8.338026e-02;8.650462e-02;1.106221e-01;6.334589e-02;6.572919e-02;6.923441e-02;1.099943e-01;8.564495e-02;1.159396e-01;8.745788e-02;5.850422e-02;6.364255e-02
1.115856e-01;8.073034e-02;1.201849e-01;3.835723e-02;6.336758e-02;4.845127e-02;1.427708e-01;9.554505e-02;8.157494e-02;1.268823e-01;4.060497e-02;4.994509e-02
1.552243e-01;7.083970e-02;1.272027e-01;4.106638e-02;4.890486e-02;6.345210e-02;1.706719e-01;8.282288e-02;4.746034e-02;1.003354e-01;6.003693e-02;3.198248e-02
1.561811e-01;7.394973e-02;1.453747e-01;6.320105e-02;4.354060e-02;5.283140e-02;1.640475e-01;5.016046e-02;7.153979e-02;4.941971e-02;7.185964e-02;5.789434e-02
1.210975e-01;7.923422e-02;1.641612e-01;6.678589e-02;5.366508e-02;5.509580e-02;1.342168e-01;6.238844e-02;7.596264e-02;6.061285e-02;6.769963e-02;5.908003e-02
8.200411e-02;7.046854e-02;1.733007e-01;6.174940e-02;6.803459e-02;6.321654e-02;1.653996e-01;5.899487e-02;7.687534e-02;7.000010e-02;6.466161e-02;4.529464e-02
3.727909e-02;3.466837e-02;1.893608e-01;3.542037e-02;1.070070e-01;8.198921e-02;3.035640e-01;3.009604e-02;6.375708e-02;6.115766e-02;3.573356e-02;1.996684e-02
1.855754e-02;1.147126e-02;2.904363e-01;5.777260e-02;1.421821e-01;9.275714e-02;2.095909e-01;6.547318e-02;3.369555e-02;2.647266e-02;3.463515e-02;1.695569e-02
7.658807e-03;1.467838e-02;4.212708e-01;9.504488e-02;1.445972e-01;9.921113e-02;6.340108e-02;6.607892e-02;2.045941e-02;1.969615e-02;3.824937e-02;9.653850e-03
1.131101e-02;2.133042e-02;4.504747e-01;8.444279e-02;1.144292e-01;1.002695e-01;8.526402e-02;4.862654e-02;2.073378e-02;1.785381e-02;3.694911e-02;8.315154e-03
2.372490e-02;3.615978e-02;4.120405e-01;5.983617e-02;9.191348e-02;9.545748e-02;1.512430e-01;3.743249e-02;2.526592e-02;2.011828e-02;3.548574e-02;1.132223e-02
2.720582e-02;4.884316e-02;3.454829e-01;4.668836e-02;6.127904e-02;8.595842e-02;1.767452e-01;4.344816e-02;4.469805e-02;5.144524e-02;4.352647e-02;2.467911e-02
1.867172e-02;1.959696e-02;4.655831e-01;5.976878e-02;6.165445e-02;7.250114e-02;7.840880e-02;3.231580e-02;5.472298e-02;8.038055e-02;3.547543e-02;2.092032e-02
2.253464e-02;1.837212e-02;5.177144e-01;5.888240e-02;7.242602e-02;5.839387e-02;7.143735e-02;2.439867e-02;3.693578e-02;7.797709e-02;2.681680e-02;1.411080e-02
2.319055e-02;1.603857e-02;5.822237e-01;5.448554e-02;7.162994e-02;3.230247e-02;9.285446e-02;1.744308e-02;3.030819e-02;5.520839e-02;1.502509e-02;9.289997e-03
1.311402e-02;1.356517e-02;6.202442e-01;5.534152e-02;5.951276e-02;2.147765e-02;1.264309e-01;1.433732e-02;2.358738e-02;3.907261e-02;7.619963e-03;5.696531e-03
1.011060e-02;1.111400e-02;6.086879e-01;5.240723e-02;5.043402e-02;1.654335e-02;1.693772e-01;1.265294e-02;2.110997e-02;4.039966e-02;4.136942e-03;3.026107e-03
1.240117e-02;1.044110e-02;5.934332e-01;6.074983e-02;6.381827e-02;1.067743e-02;1.534900e-01;1.078869e-02;4.231748e-02;3.091915e-02;8.510893e-03;2.452782e-03
1.233233e-02;8.248034e-03;5.326492e-01;1.076598e-01;9.609700e-02;3.326252e-02;8.525210e-02;1.685376e-02;5.174994e-02;1.803663e-02;3.386197e-02;3.996715e-03
2.176876e-02;1.299434e-02;4.351815e-01;1.669979e-01;1.120421e-01;5.262967e-02;3.450719e-02;4.353121e-02;3.189291e-02;9.016855e-03;7.285559e-02;6.582013e-03
2.619890e-02;1.561816e-02;3.613200e-01;1.999052e-01;1.101943e-01;5.497612e-02;3.031741e-02;6.513998e-02;1.495932e-02;1.292257e-02;9.274424e-02;1.570379e-02
2.268014e-02;1.786412e-02;3.411160e-01;2.141180e-01;1.033475e-01;4.510779e-02;5.184238e-02;5.542748e-02;1.361004e-02;2.107115e-02;9.848449e-02;1.533092e-02
1.850284e-02;1.898780e-02;4.277394e-01;2.193544e-01;8.019632e-02;2.539747e-02;3.543524e-02;2.703987e-02;1.144370e-02;2.244910e-02;1.033910e-01;1.006289e-02
1.185227e-02;1.080924e-02;5.021414e-01;2.166351e-01;5.920186e-02;1.564906e-02;2.061947e-02;1.059654e-02;6.893307e-03;2.155975e-02;1.181132e-01;5.928765e-03
2.712752e-03;7.695323e-03;5.278250e-01;2.101488e-01;5.516602e-02;1.210836e-02;1.452370e-02;6.559014e-03;5.186432e-03;2.915157e-02;1.259104e-01;3.012665e-03
5.688447e-03;6.456783e-03;5.563203e-01;1.945792e-01;5.421973e-02;1.248478e-02;1.012972e-02;5.401443e-03;5.490269e-03;3.266097e-02;1.149763e-01;1.591952e-03
6.794645e-03;6.251558e-03;5.926355e-01;1.684198e-01;4.710552e-02;1.248207e-02;6.930094e-03;3.939931e-03;8.116084e-03;4.438531e-02;9.976498e-02;3.174526e-03
1.026017e-02;1.683087e-02;6.076092e-01;1.235407e-01;4.393447e-02;1.678973e-02;3.291116e-02;5.372764e-03;1.265704e-02;5.369930e-02;7.349027e-02;2.904345e-03
1.275582e-02;2.111604e-02;6.421457e-01;8.018044e-02;2.945116e-02;1.774129e-02;5.739500e-02;7.582178e-03;1.841302e-02;5.900871e-02;4.796828e-02;6.242360e-03
7.223040e-03;3.195827e-02;7.468563e-01;4.365726e-02;2.499702e-02;1.200341e-02;4.568705e-02;6.476656e-03;7.109115e-03;4.924370e-02;2.027904e-02;4.509162e-03
5.892734e-03;4.080485e-02;8.102589e-01;3.470529e-02;2.304224e-02;6.103635e-03;2.199662e-02;5.651598e-03;7.073406e-03;3.555882e-02;6.189698e-03;2.722196e-03
2.947629e-03;4.417998e-02;8.279665e-01;3.800331e-02;1.674485e-02;5.924083e-03;9.932760e-03;4.832751e-03;4.735583e-03;3.653004e-02;4.222666e-03;3.979784e-03
7.489108e-03;5.083932e-02;8.037683e-01;3.613161e-02;1.768910e-02;7.055251e-03;1.723436e-02;5.618929e-03;9.618932e-03;3.510074e-02;4.299714e-03;5.154704e-03
2.317632e-02;3.949877e-02;7.053942e-01;4.791055e-02;3.089798e-02;1.825129e-02;3.254198e-02;1.601330e-02;2.179551e-02;4.365660e-02;1.233113e-02;8.532369e-03
3.263586e-02;3.113206e-02;6.206299e-01;5.555164e-02;5.163969e-02;2.034423e-02;3.854657e-02;1.625628e-02;3.335421e-02;6.961118e-02;2.374493e-02;6.553433e-03
2.603117e-02;3.505980e-02;6.326688e-01;6.859258e-02;4.150102e-02;1.036260e-02;2.521950e-02;8.086666e-03;2.487144e-02;9.306446e-02;2.888148e-02;5.660536e-03
1.620550e-02;1.361378e-02;6.814705e-01;8.576234e-02;2.664408e-02;7.337358e-03;2.192322e-02;1.783327e-03;1.427066e-02;9.967059e-02;2.905128e-02;2.267338e-03
1.736880e-02;1.402270e-02;6.939774e-01;7.988299e-02;2.639144e-02;6.079335e-03;2.043731e-02;4.009986e-03;1.164200e-02;9.706938e-02;2.733727e-02;1.781415e-03
1.665425e-02;1.629698e-02;6.977491e-01;6.157420e-02;2.792328e-02;7.845356e-03;2.188821e-02;4.834301e-03;1.567793e-02;9.883302e-02;2.673681e-02;3.986608e-03
1.380052e-02;2.329157e-02;6.962519e-01;4.400284e-02;2.246047e-02;1.014075e-02;3.989436e-02;5.828520e-03;1.594124e-02;9.270102e-02;3.007688e-02;5.609964e-03
8.703586e-03;2.974867e-02;7.247373e-01;3.557334e-02;2.407052e-02;1.046804e-02;3.916733e-02;8.944703e-03;1.273643e-02;7.654633e-02;2.325347e-02;6.050192e-03
6.037595e-03;3.216758e-02;7.930086e-01;3.759232e-02;2.346826e-02;7.701768e-03;2.139990e-02;5.037301e-03;9.371402e-03;5.130165e-02;9.447229e-03;3.466455e-03
6.967888e-03;3.770692e-02;8.239468e-01;3.651811e-02;2.080833e-02;6.352062e-03;1.019366e-02;4.204602e-03;1.136133e-02;3.530641e-02;3.131433e-03;3.502481e-03
6.988866e-03;3.221331e-02;8.293195e-01;3.760503e-02;2.242322e-02;4.304809e-03;1.389009e-02;5.175278e-03;1.155626e-02;2.993136e-02;3.736775e-03;2.855444e-03
9.208612e-03;3.151848e-02;7.732017e-01;3.978516e-02;2.474812e-02;1.144847e-02;3.295065e-02;8.104718e-03;2.006800e-02;3.427783e-02;1.170152e-02;2.986728e-03
2.377325e-02;3.523841e-02;5.820989e-01;7.550824e-02;5.642438e-02;2.335247e-02;5.930453e-02;2.916957e-02;3.004370e-02;4.298862e-02;3.385414e-02;8.243768e-03
2.854531e-02;3.058654e-02;4.625126e-01;1.232655e-01;7.462916e-02;2.509111e-02;5.290240e-02;3.876356e-02;3.841734e-02;4.807145e-02;6.729322e-02;9.921787e-03
1.925671e-02;1.934898e-02;4.611152e-01;1.792378e-01;6.809888e-02;2.447382e-02;1.615055e-02;3.208092e-02;3.389830e-02;3.912750e-02;9.968814e-02;7.523200e-03
4.698749e-03;9.932420e-03;4.897101e-01;2.192890e-01;5.805663e-02;2.919072e-02;1.355408e-02;1.833582e-02;1.749882e-02;2.379689e-02;1.118959e-01;4.040812e-03
8.817500e-03;1.138890e-02;4.950213e-01;2.289442e-01;5.648949e-02;2.862548e-02;1.010850e-02;1.840842e-02;1.413409e-02;2.075188e-02;1.033297e-01;3.980513e-03
7.542927e-03;1.428197e-02;5.141287e-01;2.227898e-01;5.329933e-02;2.561769e-02;1.178387e-02;1.803066e-02;1.334539e-02;2.062254e-02;9.388666e-02;4.670409e-03
8.064302e-03;2.352481e-02;5.337989e-01;1.959212e-01;5.544489e-02;2.139249e-02;1.646881e-02;1.467903e-02;2.610532e-02;1.994324e-02;7.978161e-02;4.875461e-03
2.389079e-02;4.161521e-02;4.656141e-01;1.488133e-01;6.481630e-02;2.943592e-02;5.320172e-02;2.092137e-02;4.120161e-02;3.184567e-02;6.391378e-02;1.473022e-02
5.209951e-02;6.321730e-02;3.386023e-01;9.725373e-02;7.661825e-02;4.349399e-02;1.197015e-01;2.693877e-02;5.015969e-02;4.796258e-02;5.561878e-02;2.833347e-02
7.015172e-02;7.505142e-02;2.524827e-01;6.724826e-02;8.138074e-02;4.948160e-02;1.456988e-01;3.840701e-02;7.921248e-02;6.810379e-02;3.204029e-02;4.074118e-02
6.455895e-02;4.900505e-02;4.007676e-01;9.053871e-02;8.024461e-02;3.635060e-02;6.241379e-02;2.709130e-02;7.746739e-02;4.988149e-02;3.245367e-02;2.922676e-02
4.969424e-02;2.734059e-02;5.011234e-01;9.725545e-02;6.131914e-02;1.846927e-02;4.445161e-02;2.451186e-02;7.024966e-02;3.996068e-02;4.886448e-02;1.675966e-02
3.470810e-02;1.449122e-02;5.983330e-01;8.685047e-02;4.114788e-02;9.128559e-03;3.244369e-02;1.905017e-02;5.945843e-02;5.551799e-02;3.567288e-02;1.319761e-02
2.907268e-02;1.226380e-02;6.353192e-01;7.461818e-02;4.045101e-02;1.066005e-02;4.025583e-02;9.493489e-03;4.769462e-02;6.955440e-02;2.218796e-02;8.428817e-03
3.453494e-02;1.604513e-02;6.420938e-01;7.320683e-02;3.803089e-02;1.011058e-02;3.762812e-02;4.116063e-03;3.730135e-02;7.960705e-02;1.998762e-02;7.337696e-03
3.204868e-02;2.346287e-02;6.413395e-01;6.018620e-02;3.029265e-02;8.397036e-03;4.584302e-02;4.085905e-03;3.095037e-02;1.031322e-01;1.538476e-02;4.876717e-03
2.338407e-02;3.309488e-02;6.236356e-01;4.841810e-02;3.198869e-02;6.993764e-03;4.855050e-02;9.034604e-03;2.769648e-02;1.292353e-01;1.077310e-02;7.194968e-03
3.474373e-02;6.722647e-02;5.507520e-01;3.703956e-02;3.366539e-02;1.887960e-02;3.473170e-02;2.825749e-02;4.027836e-02;1.116345e-01;1.756235e-02;2.522888e-02
8.030638e-02;1.165150e-01;3.806138e-01;3.097777e-02;3.662825e-02;3.812299e-02;4.242415e-02;4.243172e-02;7.549736e-02;6.668450e-02;4.165744e-02;4.814070e-02
1.687844e-01;1.431691e-01;1.980034e-01;3.142949e-02;3.442273e-02;4.390710e-02;5.543938e-02;4.677578e-02;7.190886e-02;6.486233e-02;7.736509e-02;6.393232e-02
1.839895e-01;9.643873e-02;2.235243e-01;2.734040e-02;2.959239e-02;2.931679e-02;6.727074e-02;2.957223e-02;3.911357e-02;7.711775e-02;1.099279e-01;8.679566e-02
1.515230e-01;2.902779e-02;1.889713e-01;1.891833e-02;1.940466e-02;1.718372e-02;1.150043e-01;1.710026e-02;3.158608e-02;8.722720e-02;1.770907e-01;1.469626e-01
1.720632e-01;3.600281e-02;1.839235e-01;2.037580e-02;2.166319e-02;2.412230e-02;1.227005e-01;3.584920e-02;2.525691e-02;8.916427e-02;1.512335e-01;1.176449e-01
9.420445e-02;5.526919e-02;3.734254e-01;3.858030e-02;4.418834e-02;4.085525e-02;4.364600e-02;5.333459e-02;4.675168e-02;6.699453e-02;8.348617e-02;5.926415e-02
5.302535e-02;6.067414e-02;2.805516e-01;6.145261e-02;6.872167e-02;6.100964e-02;9.119543e-02;6.358518e-02;8.499394e-02;7.137355e-02;5.310875e-02;5.030813e-02
5.563363e-02;6.273516e-02;2.211811e-01;6.574002e-02;8.527797e-02;6.957962e-02;9.809548e-02;6.449191e-02;9.826049e-02;7.321510e-02;5.141577e-02;5.437380e-02
4.442501e-02;6.056039e-02;2.968045e-01;6.530294e-02;8.558363e-02;6.045253e-02;9.098249e-02;4.884361e-02;9.473536e-02;6.295852e-02;4.148365e-02;4.786737e-02
4.708618e-02;4.718787e-02;4.583579e-01;5.407779e-02;6.390677e-02;3.579500e-02;8.461411e-02;4.204179e-02;5.339186e-02;5.324612e-02;3.529590e-02;2.499874e-02
5.184832e-02;4.420528e-02;4.883223e-01;4.578848e-02;5.207165e-02;2.909957e-02;8.987392e-02;4.005397e-02;4.421700e-02;5.129066e-02;4.593687e-02;1.729195e-02
4.783272e-02;4.073227e-02;4.707076e-01;5.748577e-02;5.147502e-02;4.242092e-02;6.941241e-02;4.678798e-02;5.066162e-02;4.746518e-02;5.025697e-02;2.476161e-02
4.250495e-02;3.814305e-02;3.671540e-01;6.595516e-02;6.539461e-02;6.949255e-02;7.713048e-02;5.847783e-02;5.025223e-02;6.607789e-02;6.358080e-02;3.583648e-02
5.506521e-02;3.083272e-02;2.288842e-01;8.012496e-02;6.971299e-02;8.858431e-02;1.203854e-01;6.293272e-02;6.786162e-02;8.351355e-02;8.258466e-02;2.951766e-02
6.601955e-02;4.115677e-02;1.097941e-01;1.180480e-01;1.062321e-01;5.760467e-02;1.090044e-01;1.060119e-01;7.904638e-02;9.979223e-02;7.530107e-02;3.198892e-02
6.772595e-02;4.183522e-02;9.082880e-02;1.193287e-01;1.150117e-01;5.546014e-02;8.086877e-02;1.243167e-01;1.062270e-01;8.946534e-02;7.288324e-02;3.604841e-02
6.787568e-02;6.393266e-02;6.244070e-02;1.055935e-01;1.050671e-01;6.663369e-02;6.883507e-02;1.289991e-01;1.088200e-01;8.841048e-02;8.667916e-02;4.671283e-02
4.602811e-02;6.006872e-02;1.179491e-01;1.049864e-01;7.888492e-02;8.294142e-02;1.130256e-01;1.010539e-01;1.013201e-01;7.325330e-02;6.310585e-02;5.738255e-02
1.035169e-01;7.663665e-02;1.225961e-01;1.022659e-01;6.875025e-02;6.055949e-02;9.190340e-02;4.920754e-02;6.947485e-02;9.282411e-02;8.870768e-02;7.355703e-02
1.112322e-01;9.328228e-02;1.302662e-01;1.137381e-01;7.351612e-02;4.549925e-02;8.412734e-02;4.979214e-02;6.036004e-02;7.986683e-02;7.874234e-02;7.957716e-02
1.091823e-01;6.150652e-02;2.234748e-01;1.071187e-01;8.310827e-02;3.694635e-02;1.073768e-01;4.300474e-02;5.086344e-02;6.648879e-02;5.069580e-02;6.023362e-02
8.797281e-02;7.953835e-02;3.772129e-01;8.166678e-02;6.279180e-02;3.511250e-02;9.982289e-02;2.298758e-02;4.251925e-02;5.912348e-02;2.393006e-02;2.732164e-02
7.455824e-02;1.293303e-01;4.708675e-01;6.004499e-02;4.005500e-02;2.784084e-02;5.448882e-02;1.838034e-02;4.430497e-02;5.192196e-02;1.198862e-02;1.621842e-02
5.623468e-02;1.836723e-01;5.041600e-01;4.217790e-02;2.230847e-02;2.211721e-02;1.919610e-02;1.635295e-02;6.666037e-02;4.214580e-02;7.510404e-03;1.746373e-02
9.528188e-02;2.178337e-01;4.230641e-01;2.630244e-02;2.135528e-02;2.580987e-02;1.542214e-02;1.382902e-02;8.546782e-02;4.722614e-02;6.902528e-03;2.150507e-02
1.528171e-01;2.301746e-01;3.349654e-01;4.086840e-02;2.464211e-02;2.655322e-02;3.305938e-02;1.442243e-02;7.194763e-02;3.866262e-02;7.595266e-03;2.429177e-02
1.001396e-01;2.148745e-01;4.643265e-01;3.679589e-02;1.814916e-02;1.479952e-02;2.687432e-02;2.479722e-02;5.327509e-02;2.615494e-02;6.064339e-03;1.374885e-02
3.443261e-02;1.956758e-01;5.847805e-01;2.345969e-02;1.051913e-02;9.786962e-03;1.962811e-02;2.868244e-02;5.055304e-02;2.396395e-02;8.515813e-03;1.000199e-02
4.983678e-02;1.544330e-01;5.833665e-01;2.839082e-02;1.138172e-02;2.401787e-02;1.394679e-02;3.362236e-02;5.464014e-02;2.533937e-02;8.732361e-03;1.229235e-02
6.539732e-02;9.800163e-02;5.724820e-01;4.500433e-02;2.104623e-02;3.122912e-02;1.241631e-02;2.224372e-02;8.051471e-02;2.923325e-02;7.813515e-03;1.461792e-02
7.103626e-02;1.625239e-01;5.022423e-01;4.746104e-02;1.906271e-02;2.797040e-02;7.740051e-03;1.619783e-02;9.347357e-02;3.866735e-02;6.079001e-03;7.545611e-03
6.973840e-02;2.338096e-01;4.358180e-01;3.449367e-02;9.776779e-03;3.007737e-02;1.142453e-02;1.620702e-02;1.042785e-01;4.407169e-02;5.256091e-03;5.048295e-03
8.500057e-02;2.870879e-01;3.620111e-01;1.851375e-02;9.768115e-03;3.450732e-02;1.324125e-02;1.558001e-02;1.207348e-01;3.875247e-02;6.584609e-03;8.217981e-03
1.183916e-01;2.899500e-01;3.379491e-01;1.868756e-02;1.037707e-02;3.401605e-02;1.193591e-02;1.413006e-02;1.167286e-01;2.713011e-02;9.617664e-03;1.108622e-02
1.533203e-01;2.603498e-01;3.433434e-01;2.648504e-02;1.233676e-02;2.854243e-02;1.897735e-02;1.194785e-02;9.028704e-02;2.678840e-02;1.050759e-02;1.711403e-02
1.724336e-01;2.156306e-01;3.352559e-01;2.651613e-02;1.813059e-02;3.124646e-02;3.075906e-02;2.625081e-02;7.482889e-02;2.779656e-02;1.420681e-02;2.694460e-02
1.544873e-01;1.476509e-01;2.618300e-01;3.646968e-02;4.263518e-02;6.144029e-02;5.301281e-02;3.972667e-02;8.787110e-02;5.028936e-02;2.187897e-02;4.270772e-02
8.991414e-02;6.592112e-02;1.675933e-01;5.216543e-02;9.198662e-02;7.382416e-02;1.204493e-01;5.985896e-02;1.281093e-01;7.921033e-02;2.350386e-02;4.746351e-02
5.700199e-02;5.475808e-02;1.306438e-01;4.591190e-02;9.569477e-02;9.175643e-02;1.369813e-01;8.771421e-02;1.171628e-01;1.066141e-01;2.003798e-02;5.572262e-02
7.228951e-02;8.517657e-02;6.908291e-02;5.139535e-02;1.071002e-01;1.103333e-01;1.185195e-01;1.049756e-01;1.085211e-01;9.981349e-02;3.615968e-02;3.663291e-02
8.185716e-02;6.961605e-02;8.469375e-02;6.548080e-02;8.901599e-02;7.491921e-02;1.158713e-01;9.240889e-02;1.206887e-01;1.073278e-01;5.991436e-02;3.820597e-02
8.350948e-02;4.515815e-02;1.063185e-01;8.750319e-02;6.369606e-02;8.917429e-02;1.068913e-01;8.042911e-02;1.498406e-01;6.568867e-02;7.588752e-02;4.590316e-02
7.342779e-02;6.388243e-02;7.214919e-02;6.334573e-02;7.103465e-02;1.534424e-01;1.310501e-01;7.122117e-02;1.141242e-01;6.524863e-02;4.896045e-02;7.211326e-02
6.999839e-02;9.695156e-02;6.439863e-02;6.503166e-02;6.855030e-02;1.057965e-01;1.610016e-01;5.088832e-02;1.061644e-01;7.850131e-02;6.416938e-02;6.854796e-02
5.653432e-02;9.335487e-02;6.848143e-02;8.624576e-02;7.697593e-02;1.160991e-01;1.153339e-01;7.616846e-02;1.140983e-01;8.646058e-02;7.169361e-02;3.855380e-02
5.878492e-02;8.248292e-02;7.101454e-02;1.245061e-01;7.324523e-02;1.364812e-01;1.003278e-01;7.896999e-02;1.002262e-01;7.743279e-02;6.991424e-02;2.661416e-02
7.178035e-02;6.562696e-02;4.647072e-02;1.492085e-01;3.896439e-02;1.149424e-01;9.254670e-02;1.562382e-01;9.452535e-02;6.736574e-02;5.661381e-02;4.571682e-02
8.434018e-02;5.038758e-02;4.433145e-02;1.254522e-01;6.954724e-02;8.872303e-02;1.155466e-01;1.631730e-01;8.006044e-02;6.391679e-02;4.959555e-02;6.492586e-02
8.160398e-02;6.770062e-02;1.367701e-01;1.518785e-01;7.035777e-02;6.709457e-02;1.323721e-01;8.427702e-02;7.221136e-02;4.358884e-02;4.497468e-02;4.717049e-02
5.035803e-02;9.151466e-02;2.866500e-01;1.123733e-01;9.519372e-02;5.301411e-02;1.137116e-01;2.744787e-02;4.762478e-02;6.442111e-02;3.445046e-02;2.324039e-02
5.668614e-02;9.269971e-02;3.536231e-01;8.635066e-02;9.607559e-02;5.121881e-02;8.691872e-02;2.531155e-02;2.458687e-02;7.965560e-02;3.104239e-02;1.583086e-02
4.995305e-02;9.557804e-02;4.249487e-01;6.588523e-02;6.811683e-02;4.258922e-02;6.949046e-02;2.553939e-02;1.649420e-02;1.022853e-01;2.802793e-02;1.109164e-02
2.094143e-02;9.025626e-02;5.001698e-01;2.853225e-02;3.143298e-02;2.952020e-02;6.420843e-02;1.999186e-02;5.477395e-02;1.340660e-01;1.870300e-02;7.403827e-03
1.535623e-02;9.514429e-02;5.490035e-01;2.548152e-02;1.597240e-02;1.765834e-02;4.498502e-02;1.470545e-02;6.400947e-02;1.350662e-01;1.132450e-02;1.129315e-02
3.018533e-02;1.260041e-01;5.461478e-01;2.513095e-02;1.910150e-02;1.469458e-02;2.044227e-02;1.383884e-02;7.521585e-02;1.111474e-01;8.882726e-03;9.208669e-03
5.769451e-02;1.444712e-01;4.728372e-01;3.445156e-02;3.398142e-02;2.084310e-02;4.041506e-02;1.500710e-02;7.860786e-02;8.515224e-02;7.875219e-03;8.663499e-03
8.003964e-02;1.546463e-01;3.895431e-01;4.009838e-02;3.981304e-02;3.537565e-02;7.729495e-02;1.608738e-02;7.335892e-02;6.255195e-02;1.706753e-02;1.412312e-02
4.079362e-02;1.471323e-01;4.748190e-01;4.108029e-02;2.932662e-02;3.767369e-02;7.851554e-02;1.238646e-02;6.586177e-02;3.894771e-02;1.717901e-02;1.628399e-02
3.213280e-02;1.234244e-01;6.602055e-01;3.050073e-02;7.174640e-03;2.190080e-02;2.062382e-02;1.011016e-02;5.689082e-02;1.719245e-02;9.461076e-03;1.038275e-02
2.675277e-02;1.179809e-01;6.989465e-01;2.780787e-02;9.768543e-03;1.694867e-02;1.762450e-02;8.745664e-03;4.733519e-02;1.461545e-02;4.335409e-03;9.138620e-03
2.316127e-02;1.047633e-01;7.114953e-01;3.179175e-02;9.703168e-03;1.982456e-02;1.583073e-02;1.108500e-02;4.279019e-02;1.206242e-02;7.588231e-03;9.904066e-03
1.609617e-02;8.748131e-02;7.186085e-01;3.280118e-02;2.322740e-02;1.796278e-02;1.465049e-02;1.575310e-02;3.354317e-02;2.397868e-02;8.066199e-03;7.831058e-03
1.171699e-02;7.672656e-02;7.218785e-01;3.830125e-02;3.179431e-02;2.128832e-02;2.259795e-02;1.559016e-02;1.654664e-02;2.961201e-02;8.343563e-03;5.603740e-03
1.145970e-02;7.155442e-02;7.433943e-01;3.587662e-02;2.282865e-02;1.527978e-02;2.772257e-02;1.554048e-02;1.480792e-02;3.017001e-02;4.992317e-03;6.373290e-03
1.887202e-02;7.658257e-02;7.313935e-01;3.349284e-02;2.628768e-02;1.842775e-02;1.905333e-02;2.283444e-02;1.431467e-02;2.871282e-02;3.261583e-03;6.766838e-03
4.588436e-02;9.258892e-02;6.591556e-01;3.042098e-02;2.270689e-02;2.358013e-02;2.092199e-02;2.869811e-02;1.443722e-02;3.516954e-02;1.582206e-02;1.061424e-02
8.464506e-02;1.145426e-01;5.600361e-01;2.831562e-02;2.290753e-02;2.677053e-02;1.696685e-02;3.068112e-02;2.113504e-02;4.320133e-02;2.689098e-02;2.390716e-02
1.073507e-01;1.230924e-01;4.829118e-01;1.428542e-02;3.270700e-02;2.221321e-02;4.408975e-02;3.199713e-02;4.364723e-02;3.080552e-02;3.080374e-02;3.609615e-02
3.429472e-02;8.022144e-02;6.418350e-01;2.757530e-02;1.994122e-02;1.742441e-02;2.835328e-02;3.395703e-02;3.137792e-02;2.716073e-02;2.805224e-02;2.980666e-02
3.383590e-02;4.496935e-02;6.325948e-01;2.618309e-02;2.571145e-02;1.523948e-02;4.357654e-02;4.198982e-02;2.492312e-02;3.673833e-02;4.500533e-02;2.923280e-02
4.092041e-02;3.956374e-02;5.311075e-01;3.908505e-02;2.717037e-02;1.361177e-02;6.931937e-02;4.823267e-02;3.969600e-02;6.436473e-02;5.023931e-02;3.668911e-02
3.415089e-02;3.530531e-02;2.953462e-01;5.220470e-02;7.568823e-02;4.236200e-02;1.031872e-01;4.997760e-02;1.185862e-01;1.165376e-01;2.809826e-02;4.855579e-02
2.928367e-02;5.326787e-02;1.190616e-01;8.520080e-02;1.334942e-01;8.323259e-02;1.339624e-01;5.926883e-02;1.195401e-01;9.598538e-02;4.632921e-02;4.137327e-02
4.364967e-02;4.107091e-02;1.050838e-01;7.539530e-02;8.716130e-02;9.081540e-02;1.700864e-01;7.634350e-02;9.167395e-02;1.189011e-01;5.132139e-02;4.849724e-02
3.860348e-02;4.580012e-02;7.667101e-02;5.196097e-02;8.377529e-02;9.396603e-02;1.605574e-01;6.728055e-02;1.236728e-01;1.320061e-01;6.045738e-02;6.524879e-02
6.569321e-02;5.940234e-02;5.959851e-02;5.944216e-02;4.697464e-02;7.986780e-02;1.157404e-01;1.037024e-01;1.303388e-01;1.173465e-01;7.326113e-02;8.863211e-02
8.411685e-02;5.856898e-02;4.227963e-02;6.842753e-02;3.757403e-02;6.422982e-02;8.802726e-02;1.319874e-01;1.165619e-01;1.344429e-01;7.351383e-02;1.002699e-01
8.243798e-02;5.572437e-02;5.463111e-02;9.920482e-02;5.448384e-02;6.070326e-02;9.690914e-02;1.238704e-01;1.029831e-01;1.322729e-01;6.224495e-02;7.453423e-02
5.427949e-02;5.524439e-02;8.196494e-02;1.208459e-01;7.041623e-02;8.923879e-02;9.683271e-02;8.973533e-02;1.086949e-01;1.561999e-01;4.420250e-02;3.234491e-02
7.563505e-02;3.859805e-02;8.219256e-02;9.395834e-02;6.704021e-02;9.762991e-02;1.190576e-01;6.215823e-02;1.332721e-01;1.105269e-01;6.390252e-02;5.602863e-02
5.958410e-02;4.882634e-02;7.296623e-02;1.049036e-01;6.396718e-02;1.105811e-01;1.235346e-01;8.966036e-02;1.121603e-01;7.650921e-02;7.261012e-02;6.469688e-02
4.726502e-02;6.038049e-02;8.787267e-02;9.521963e-02;7.456851e-02;1.087082e-01;1.186370e-01;1.153528e-01;1.191110e-01;7.928863e-02;4.780719e-02;4.578883e-02
4.211938e-02;6.210577e-02;1.140229e-01;7.792006e-02;9.154544e-02;1.255522e-01;1.039186e-01;8.582690e-02;1.174359e-01;8.924080e-02;4.328151e-02;4.703063e-02
4.902196e-02;6.024123e-02;1.120201e-01;1.204874e-01;1.147436e-01;1.021856e-01;9.502221e-02;5.895136e-02;1.093306e-01;8.915859e-02;4.649322e-02;4.234406e-02
4.624690e-02;3.999566e-02;1.173184e-01;1.554305e-01;1.099321e-01;7.832915e-02;1.290870e-01;5.669926e-02;7.981669e-02;8.445968e-02;6.047064e-02;4.221414e-02
4.886017e-02;3.507881e-02;1.311514e-01;1.120365e-01;1.076663e-01;1.219434e-01;1.880162e-01;3.874901e-02;5.705070e-02;7.822106e-02;5.307798e-02;2.814859e-02
6.183769e-02;4.441673e-02;2.138044e-01;9.401365e-02;1.345991e-01;9.339019e-02;1.860989e-01;3.558424e-02;2.721609e-02;4.751093e-02;3.889081e-02;2.263734e-02
5.747014e-02;5.089480e-02;2.732835e-01;1.535509e-01;1.352429e-01;5.871013e-02;1.062282e-01;3.970773e-02;1.775574e-02;2.986967e-02;5.154823e-02;2.573794e-02
4.504459e-02;3.758688e-02;2.772785e-01;2.375764e-01;1.458085e-01;4.112780e-02;3.364596e-02;4.671550e-02;1.318042e-02;2.183638e-02;7.742814e-02;2.277107e-02
2.192045e-02;1.450909e-02;2.597720e-01;2.984712e-01;1.397643e-01;3.661146e-02;2.067308e-02;5.786494e-02;1.185901e-02;2.097954e-02;1.079136e-01;9.661285e-03
7.145005e-03;1.368664e-02;2.994981e-01;2.940058e-01;1.134295e-01;2.843881e-02;1.956201e-02;6.333560e-02;1.952199e-02;2.073983e-02;1.131548e-01;7.481969e-03
1.014615e-02;1.708458e-02;3.144438e-01;2.891032e-01;1.006289e-01;2.365571e-02;1.440850e-02;6.708568e-02;2.952384e-02;1.890510e-02;1.077122e-01;7.302293e-03
1.640660e-02;2.429441e-02;3.481364e-01;2.647865e-01;7.803767e-02;2.355364e-02;2.328285e-02;6.729249e-02;2.925545e-02;1.933455e-02;9.736201e-02;8.257458e-03
1.661176e-02;1.767892e-02;3.711673e-01;2.689766e-01;7.193020e-02;2.758285e-02;1.064135e-02;6.715343e-02;1.941039e-02;2.047195e-02;1.014550e-01;6.920300e-03
2.052299e-02;1.957082e-02;4.285709e-01;2.357609e-01;6.239409e-02;2.816074e-02;2.032858e-02;5.484289e-02;2.367883e-02;1.246104e-02;8.740798e-02;6.300232e-03
2.016692e-02;1.428027e-02;5.088270e-01;1.882287e-01;4.933420e-02;2.276579e-02;2.533734e-02;3.430787e-02;3.859093e-02;2.357074e-02;6.734811e-02;7.242111e-03
1.319197e-02;2.175692e-02;6.083472e-01;1.278538e-01;3.530791e-02;1.314955e-02;2.666115e-02;2.143046e-02;4.928407e-02;3.473420e-02;4.300893e-02;5.273863e-03
1.582509e-02;2.700588e-02;6.653313e-01;8.041499e-02;3.136983e-02;1.202826e-02;3.955273e-02;1.860439e-02;3.506838e-02;4.760325e-02;1.961425e-02;7.581649e-03
1.856509e-02;4.277892e-02;6.611952e-01;5.895510e-02;3.744844e-02;1.623411e-02;3.661956e-02;2.224732e-02;2.224940e-02;5.740048e-02;1.668835e-02;9.618036e-03
3.147718e-02;1.074446e-01;6.013092e-01;5.138927e-02;3.205104e-02;2.816658e-02;2.353202e-02;1.593632e-02;3.923392e-02;5.135090e-02;8.090598e-03;1.001840e-02
5.636757e-02;1.788017e-01;4.645985e-01;6.009909e-02;1.983089e-02;4.586428e-02;3.246013e-02;1.712757e-02;5.947242e-02;3.996611e-02;1.289143e-02;1.252031e-02
8.943141e-02;1.871539e-01;3.400860e-01;7.348651e-02;2.557694e-02;4.576501e-02;6.825473e-02;3.445454e-02;7.245455e-02;3.251880e-02;1.686137e-02;1.395627e-02
1.095507e-01;1.359477e-01;2.609992e-01;6.959362e-02;5.129811e-02;8.112188e-02;9.322733e-02;5.253274e-02;6.688391e-02;4.080171e-02;2.055818e-02;1.748491e-02
1.098983e-01;9.557717e-02;2.451268e-01;5.528198e-02;4.631402e-02;9.100103e-02;1.241865e-01;7.908235e-02;5.538058e-02;5.424942e-02;1.791338e-02;2.598850e-02
1.030315e-01;8.377826e-02;2.391931e-01;3.595285e-02;6.428161e-02;6.959853e-02;1.091669e-01;1.058571e-01;6.337918e-02;6.128671e-02;2.973202e-02;3.474226e-02
1.162012e-01;1.092435e-01;2.168427e-01;4.446747e-02;1.031225e-01;6.031534e-02;7.425185e-02;7.304033e-02;7.857782e-02;5.887812e-02;3.168955e-02;3.336978e-02
1.172511e-01;1.383189e-01;2.806997e-01;3.990647e-02;6.225821e-02;6.448452e-02;4.684582e-02;3.481723e-02;6.292611e-02;5.074738e-02;3.780068e-02;6.394392e-02
1.358252e-01;1.535223e-01;2.822718e-01;2.911217e-02;5.350618e-02;6.991405e-02;4.411344e-02;3.657717e-02;4.787269e-02;3.274454e-02;4.466124e-02;6.987917e-02
1.549298e-01;1.634603e-01;2.518957e-01;2.355772e-02;6.211191e-02;5.817876e-02;4.594108e-02;3.027013e-02;4.250923e-02;4.331058e-02;7.728072e-02;4.655409e-02
1.764770e-01;1.756189e-01;2.073705e-01;2.569160e-02;3.651660e-02;5.417789e-02;5.453020e-02;4.504254e-02;4.621483e-02;5.691598e-02;8.174102e-02;3.970297e-02
2.111807e-01;1.824946e-01;2.085424e-01;3.625584e-02;3.080453e-02;4.844308e-02;3.960362e-02;5.714721e-02;3.985266e-02;5.140301e-02;5.580224e-02;3.847019e-02
2.295856e-01;1.615826e-01;2.300519e-01;4.595482e-02;4.040857e-02;4.629848e-02;6.418123e-02;5.553834e-02;3.407675e-02;3.023797e-02;3.567643e-02;2.640736e-02
2.389830e-01;1.233101e-01;2.230750e-01;4.373350e-02;5.256197e-02;4.172663e-02;9.241004e-02;4.910586e-02;2.778944e-02;2.865646e-02;4.773983e-02;3.090817e-02
2.796747e-01;9.796995e-02;2.261571e-01;3.811486e-02;6.618881e-02;3.133683e-02;7.772928e-02;4.173237e-02;3.046368e-02;3.567225e-02;3.581920e-02;3.914094e-02
3.265498e-01;1.433846e-01;2.340571e-01;2.264440e-02;6.417859e-02;2.577006e-02;3.882406e-02;4.241555e-02;3.168794e-02;1.835254e-02;1.917952e-02;3.295581e-02
3.914311e-01;2.027579e-01;1.923370e-01;1.170815e-02;4.495044e-02;1.891958e-02;1.729982e-02;4.269884e-02;2.505196e-02;1.603736e-02;1.871552e-02;1.809227e-02
4.110396e-01;2.501171e-01;1.516850e-01;1.711238e-02;2.699004e-02;7.988703e-03;1.573393e-02;4.309024e-02;2.890481e-02;1.126939e-02;1.281381e-02;2.325506e-02
4.124706e-01;2.843640e-01;1.418744e-01;7.927407e-03;1.771111e-02;4.619651e-03;7.672842e-03;5.162989e-02;2.987338e-02;8.147959e-03;1.081949e-02;2.288930e-02
4.120071e-01;2.815429e-01;1.281821e-01;7.228461e-03;2.797202e-02;2.730876e-03;1.188496e-02;7.307041e-02;2.298823e-02;5.752968e-03;7.183813e-03;1.945611e-02
4.471748e-01;2.237255e-01;8.737126e-02;1.430007e-02;4.777839e-02;3.028902e-03;2.098466e-02;1.064933e-01;1.466836e-02;3.794329e-03;5.583344e-03;2.509712e-02
4.599321e-01;1.378733e-01;4.373309e-02;2.152282e-02;8.256262e-02;3.288975e-03;3.678640e-02;1.451488e-01;1.875048e-02;5.751831e-03;6.547674e-03;3.810187e-02
4.201780e-01;6.748720e-02;3.357138e-02;1.516444e-02;1.151711e-01;4.989345e-03;6.861342e-02;1.786744e-01;1.977389e-02;1.072276e-02;1.191914e-02;5.373497e-02
3.465292e-01;3.920323e-02;4.100134e-02;2.255519e-02;8.658971e-02;1.502720e-02;1.215580e-01;2.054001e-01;2.302452e-02;1.815296e-02;1.631790e-02;6.464060e-02
2.983375e-01;2.313549e-02;3.939679e-02;3.344196e-02;2.334051e-02;1.800530e-02;1.754484e-01;2.430387e-01;3.008640e-02;2.638173e-02;1.555937e-02;7.382789e-02
2.713650e-01;2.904385e-02;3.876279e-02;2.868806e-02;1.429179e-02;1.227205e-02;1.981554e-01;2.541847e-01;2.983624e-02;2.511498e-02;1.492086e-02;8.336420e-02
2.467428e-01;2.171517e-02;2.954909e-02;5.153047e-02;7.676905e-03;1.929906e-02;2.356918e-01;2.408833e-01;2.264743e-02;2.500839e-02;1.351283e-02;8.574282e-02
2.337810e-01;1.880391e-02;3.085926e-02;7.187366e-02;1.744336e-02;1.533671e-02;2.364209e-01;2.272441e-01;2.056974e-02;2.625409e-02;1.312805e-02;8.828521e-02
2.417106e-01;2.631330e-02;3.457033e-02;8.333907e-02;3.999184e-02;2.555923e-02;1.830237e-01;2.178339e-01;3.072408e-02;2.445403e-02;1.656570e-02;7.591427e-02
3.063658e-01;3.714737e-02;4.646801e-02;5.403497e-02;7.520887e-02;2.587031e-02;7.622681e-02;2.220561e-01;6.261371e-02;2.558931e-02;1.545688e-02;5.296196e-02
3.388157e-01;5.069319e-02;6.794736e-02;7.336880e-02;1.096759e-01;1.528731e-02;3.338612e-02;1.892327e-01;3.523533e-02;2.352365e-02;1.498658e-02;4.784738e-02
3.360839e-01;5.680297e-02;9.288435e-02;7.578047e-02;9.860035e-02;6.059115e-03;3.589094e-02;1.526239e-01;1.932583e-02;1.811025e-02;2.903236e-02;7.880561e-02
3.628097e-01;6.245192e-02;1.103083e-01;3.413797e-02;7.152727e-02;4.743466e-03;5.126543e-02;1.347868e-01;1.307784e-02;1.880323e-02;3.284883e-02;1.032393e-01
3.919906e-01;5.458446e-02;1.175683e-01;1.925072e-02;5.463964e-02;7.435097e-03;6.799597e-02;1.213918e-01;2.092600e-02;2.216552e-02;3.751807e-02;8.453385e-02
4.014480e-01;5.251044e-02;1.469046e-01;1.688343e-02;4.563555e-02;1.492650e-02;7.118465e-02;8.403651e-02;2.643182e-02;2.743821e-02;4.370141e-02;6.889885e-02
3.947231e-01;8.273007e-02;1.865406e-01;2.033350e-02;4.534972e-02;1.680941e-02;4.592448e-02;4.623414e-02;2.871477e-02;2.601869e-02;3.252563e-02;7.409585e-02
3.264894e-01;8.163460e-02;2.458472e-01;2.446159e-02;3.940389e-02;1.856785e-02;3.786283e-02;5.305326e-02;2.742838e-02;2.813774e-02;4.623637e-02;7.087683e-02
2.378106e-01;6.369706e-02;3.040393e-01;2.972953e-02;3.604825e-02;2.159501e-02;6.797563e-02;7.455844e-02;2.071127e-02;4.316637e-02;5.105460e-02;4.961391e-02
1.957633e-01;7.047288e-02;2.592301e-01;2.946264e-02;2.090345e-02;2.704443e-02;9.883551e-02;9.041698e-02;4.091250e-02;5.651841e-02;6.275874e-02;4.768111e-02
1.507273e-01;8.327124e-02;2.442135e-01;1.844433e-02;4.260929e-02;3.753190e-02;1.049460e-01;7.746120e-02;6.154880e-02;6.125456e-02;6.067545e-02;5.731638e-02
