2.429108e-02;2.564763e-01;3.119767e-01;3.067272e-02;1.518604e-02;6.400944e-02;2.558081e-02;3.331712e-02;8.993644e-02;9.539327e-02;1.921970e-02;3.394036e-02
3.073600e-02;2.668588e-01;3.501098e-01;1.555004e-02;1.019799e-02;4.506752e-02;2.249136e-02;2.456914e-02;7.857574e-02;1.119031e-01;9.540708e-03;3.439984e-02
3.066881e-02;2.628908e-01;3.762670e-01;1.504004e-02;1.215482e-02;5.115034e-02;1.752574e-02;2.516420e-02;6.965735e-02;1.025506e-01;8.190686e-03;2.873958e-02
3.630576e-02;3.076045e-01;3.425454e-01;2.327102e-02;1.575878e-02;4.760191e-02;2.506420e-02;3.163368e-02;6.540515e-02;6.431988e-02;1.617628e-02;2.431355e-02
4.862224e-02;3.252886e-01;2.975526e-01;3.328778e-02;2.168850e-02;4.452948e-02;4.087447e-02;4.798021e-02;5.022683e-02;4.475855e-02;2.689060e-02;1.830021e-02
4.536897e-02;2.576785e-01;3.144043e-01;3.195970e-02;2.716775e-02;6.564141e-02;3.820616e-02;4.762869e-02;4.450157e-02;7.077665e-02;4.133182e-02;1.533442e-02
3.194043e-02;1.870452e-01;3.017383e-01;3.011930e-02;2.754091e-02;7.656493e-02;4.025750e-02;5.858584e-02;5.844720e-02;1.043681e-01;5.887503e-02;2.451723e-02
5.157536e-02;1.913898e-01;2.721425e-01;4.090513e-02;3.400909e-02;6.541917e-02;4.978942e-02;4.630623e-02;8.055233e-02;1.051071e-01;3.713381e-02;2.566996e-02
3.857540e-02;2.143974e-01;2.789712e-01;4.157996e-02;3.437797e-02;4.228541e-02;5.324409e-02;4.914032e-02;9.319994e-02;9.545401e-02;3.673244e-02;2.204184e-02
2.861387e-02;2.261592e-01;2.375328e-01;4.070856e-02;5.186060e-02;6.613871e-02;5.195356e-02;5.603494e-02;6.411760e-02;1.062060e-01;4.093890e-02;2.973518e-02
5.135402e-02;2.198306e-01;1.941876e-01;3.320328e-02;8.126929e-02;8.491213e-02;5.810289e-02;4.343338e-02;3.418152e-02;1.179846e-01;4.294356e-02;3.859713e-02
3.500785e-02;1.896602e-01;1.111358e-01;5.445495e-02;1.009524e-01;1.458332e-01;6.958553e-02;8.095670e-02;7.286730e-02;7.126870e-02;2.325624e-02;4.502112e-02
1.824883e-02;9.009369e-02;1.646343e-01;1.274469e-01;1.166316e-01;1.863184e-01;4.414716e-02;9.582175e-02;3.389922e-02;2.732699e-02;5.697499e-02;3.845610e-02
1.169333e-02;6.321424e-02;1.659193e-01;2.040505e-01;1.181835e-01;1.550060e-01;3.686142e-02;9.846479e-02;1.531628e-02;2.306269e-02;8.409873e-02;2.412930e-02
7.474700e-03;5.076896e-02;1.540803e-01;2.908086e-01;1.093776e-01;1.094090e-01;2.472476e-02;9.983649e-02;9.606432e-03;1.627929e-02;1.149241e-01;1.270970e-02
4.834955e-03;3.256396e-02;1.221800e-01;3.811482e-01;9.537261e-02;5.639185e-02;1.271251e-02;1.010917e-01;1.642967e-02;9.899165e-03;1.607348e-01;6.640589e-03
8.860446e-03;3.468251e-02;1.490857e-01;3.883064e-01;6.228554e-02;2.159091e-02;8.631798e-03;8.299346e-02;1.823258e-02;1.033576e-02;2.043049e-01;1.069007e-02
1.451823e-02;3.660613e-02;1.535281e-01;3.590639e-01;5.932181e-02;5.072406e-02;1.349874e-02;5.822133e-02;1.345209e-02;1.492536e-02;1.961847e-01;2.995557e-02
1.337652e-02;4.078896e-02;1.329848e-01;2.598960e-01;1.542461e-01;1.280928e-01;1.540107e-02;4.317105e-02;2.381255e-02;1.279738e-02;9.830938e-02;7.712349e-02
1.420820e-02;2.537086e-02;1.303193e-01;1.659521e-01;2.098336e-01;2.458453e-01;1.989998e-02;2.075946e-02;3.268580e-02;1.116990e-02;3.556911e-02;8.838646e-02
1.970752e-02;1.831690e-02;1.112498e-01;9.593982e-02;1.839362e-01;4.207133e-01;2.157260e-02;2.622362e-02;2.744875e-02;1.547053e-02;1.153789e-02;4.788305e-02
2.659972e-02;1.855389e-02;1.073014e-01;5.531898e-02;1.242255e-01;5.288543e-01;2.357828e-02;3.765195e-02;1.979073e-02;1.393594e-02;1.778997e-02;2.639931e-02
2.906114e-02;3.730800e-02;1.551406e-01;6.738434e-02;1.195441e-01;4.103016e-01;3.380950e-02;4.901401e-02;3.264871e-02;6.125186e-03;2.597251e-02;3.369035e-02
4.705385e-02;9.051793e-02;2.334279e-01;1.005436e-01;7.432414e-02;2.171770e-01;3.802849e-02;5.901178e-02;5.355526e-02;2.079223e-02;2.912713e-02;3.644071e-02
7.023776e-02;1.182170e-01;1.566489e-01;8.962206e-02;6.491560e-02;1.497049e-01;5.030680e-02;9.165587e-02;6.646361e-02;3.680336e-02;4.960759e-02;5.581660e-02
6.917540e-02;1.101765e-01;1.122199e-01;7.570874e-02;6.847593e-02;1.386397e-01;6.588753e-02;1.271544e-01;7.388631e-02;3.700112e-02;5.243902e-02;6.923556e-02
6.295926e-02;1.119707e-01;1.058939e-01;6.705474e-02;6.918459e-02;1.104491e-01;7.404085e-02;1.480149e-01;8.452078e-02;3.491463e-02;6.390854e-02;6.708802e-02
4.689221e-02;1.125833e-01;1.112506e-01;1.265695e-01;9.336123e-02;1.184338e-01;5.130265e-02;1.140788e-01;8.190428e-02;3.280685e-02;7.560171e-02;3.521505e-02
3.015343e-02;6.480885e-02;1.537311e-01;1.866243e-01;1.206706e-01;1.125853e-01;3.128057e-02;9.103118e-02;7.615241e-02;3.781128e-02;8.173932e-02;1.341160e-02
3.003955e-02;6.249633e-02;1.409754e-01;2.089189e-01;3.580483e-02;1.897142e-01;3.641165e-02;5.320428e-02;7.943047e-02;3.154741e-02;9.682047e-02;3.463646e-02
1.393774e-02;6.779760e-02;1.061866e-01;2.021017e-01;1.334825e-01;2.212366e-01;1.753634e-02;5.896661e-02;5.282397e-02;1.287925e-02;7.506818e-02;3.798296e-02
1.085722e-02;8.508056e-02;9.733961e-02;2.014747e-01;1.303761e-01;2.578759e-01;1.205748e-02;4.884087e-02;3.130768e-02;1.260280e-02;8.449422e-02;2.769298e-02
9.415262e-03;8.247930e-02;1.798497e-01;2.014945e-01;4.393200e-02;2.627507e-01;1.891735e-02;4.769142e-02;2.029660e-02;9.861010e-03;9.595580e-02;2.735622e-02
1.983097e-02;7.381276e-02;1.959146e-01;1.659355e-01;1.324254e-01;1.916424e-01;2.742257e-02;5.714004e-02;2.314376e-02;1.768719e-02;6.886744e-02;2.617737e-02
3.702740e-02;7.407488e-02;1.695294e-01;9.946435e-02;1.220629e-01;1.985207e-01;4.145906e-02;6.674014e-02;3.204885e-02;3.492362e-02;7.014230e-02;5.400635e-02
6.597289e-02;5.665730e-02;7.184530e-02;5.443143e-02;6.699783e-02;2.609273e-01;1.192269e-01;9.777352e-02;6.121410e-02;3.159387e-02;4.773772e-02;6.562183e-02
8.766799e-02;4.001730e-02;5.573794e-02;4.566340e-02;7.981636e-02;3.161204e-01;1.081000e-01;9.432474e-02;5.971742e-02;2.681198e-02;1.929951e-02;6.672305e-02
8.802577e-02;2.398437e-02;3.795509e-02;2.672994e-02;1.144803e-01;3.221941e-01;8.703290e-02;6.046603e-02;6.538785e-02;1.616213e-02;1.406722e-02;1.435143e-01
6.209581e-02;1.065018e-02;2.272173e-02;3.059981e-02;1.787108e-01;2.458338e-01;5.032512e-02;2.198277e-02;7.418352e-02;5.975202e-03;1.603125e-02;2.808900e-01
2.276597e-02;1.494580e-02;3.134647e-02;7.513899e-02;2.211996e-01;1.485980e-01;2.189147e-02;2.016027e-02;5.829184e-02;4.612787e-03;5.868768e-02;3.223611e-01
1.312261e-02;2.656927e-02;6.505265e-02;1.204822e-01;1.979755e-01;1.208077e-01;1.954482e-02;3.929609e-02;2.764184e-02;1.410410e-02;1.281108e-01;2.272924e-01
1.706810e-02;5.806984e-02;1.267630e-01;1.414378e-01;1.405174e-01;1.301065e-01;3.385356e-02;6.272648e-02;1.269040e-02;2.681987e-02;1.363663e-01;1.135807e-01
2.623860e-02;9.857021e-02;1.593800e-01;1.409778e-01;7.850825e-02;1.601048e-01;4.686940e-02;6.343050e-02;1.396179e-02;3.178513e-02;1.010387e-01;7.913480e-02
2.615598e-02;1.206236e-01;1.553505e-01;1.245489e-01;1.084528e-01;1.960716e-01;3.731064e-02;3.949185e-02;2.441547e-02;3.321121e-02;3.716894e-02;9.719849e-02
2.056848e-02;1.005451e-01;1.328130e-01;1.011424e-01;1.859561e-01;1.867838e-01;1.662470e-02;5.106510e-02;4.057265e-02;2.170290e-02;2.294305e-02;1.192828e-01
2.833828e-02;6.933069e-02;1.099920e-01;1.217107e-01;2.301511e-01;1.144721e-01;3.385653e-02;5.901210e-02;5.886675e-02;2.188223e-02;2.398195e-02;1.284056e-01
3.539197e-02;5.127827e-02;9.911845e-02;1.419653e-01;1.896322e-01;1.719485e-01;4.543446e-02;4.882859e-02;6.183024e-02;3.139850e-02;3.605869e-02;8.711496e-02
3.692715e-02;5.650457e-02;9.363397e-02;1.066966e-01;9.770666e-02;2.473311e-01;8.340817e-02;7.785741e-02;6.331368e-02;4.214865e-02;3.872661e-02;5.574545e-02
3.045816e-02;5.129804e-02;1.035802e-01;6.085340e-02;1.090274e-01;2.363428e-01;7.256576e-02;7.783102e-02;6.795128e-02;4.270637e-02;7.808420e-02;6.930125e-02
1.917589e-02;5.906966e-02;1.290000e-01;1.044105e-01;9.172690e-02;1.839380e-01;5.694713e-02;8.742180e-02;5.005074e-02;3.686042e-02;1.343873e-01;4.701159e-02
1.253066e-02;5.246572e-02;1.529189e-01;1.682314e-01;6.263706e-02;1.302662e-01;3.720801e-02;8.352824e-02;3.854653e-02;2.612157e-02;2.067908e-01;2.875493e-02
1.673028e-02;6.292515e-02;1.896379e-01;1.794135e-01;2.815068e-02;8.646732e-02;3.471041e-02;6.196271e-02;3.506166e-02;7.980590e-02;2.045828e-01;2.055176e-02
1.850363e-02;1.060930e-01;1.903068e-01;1.427175e-01;5.253992e-02;9.345552e-02;4.695084e-02;6.726655e-02;4.212568e-02;9.903600e-02;1.165388e-01;2.446585e-02
3.122552e-02;1.199481e-01;2.566588e-01;1.370247e-01;4.232615e-02;1.070708e-01;5.946057e-02;5.921088e-02;2.810104e-02;1.019418e-01;3.349457e-02;2.353708e-02
5.161909e-02;8.046421e-02;3.113110e-01;1.109445e-01;5.645101e-02;4.836136e-02;8.034280e-02;2.245518e-02;1.094556e-02;1.625302e-01;4.717261e-02;1.740248e-02
7.649473e-02;7.324458e-02;3.303696e-01;6.421562e-02;4.049867e-02;2.494162e-02;9.266401e-02;1.139860e-02;1.130565e-02;2.185836e-01;3.969980e-02;1.658351e-02
9.678197e-02;8.137580e-02;3.422136e-01;2.301172e-02;2.241271e-02;2.818499e-02;9.248330e-02;8.722227e-03;1.667852e-02;2.421445e-01;2.528139e-02;2.070933e-02
9.262430e-02;8.487710e-02;3.635983e-01;2.088071e-02;2.053232e-02;2.562686e-02;8.513971e-02;1.513551e-02;1.310440e-02;2.286361e-01;2.584335e-02;2.400132e-02
7.144140e-02;1.025257e-01;3.883909e-01;4.851106e-02;1.401606e-02;2.375365e-02;7.395487e-02;2.402649e-02;2.579182e-02;1.847502e-01;2.441181e-02;1.842603e-02
5.685420e-02;1.125295e-01;4.024357e-01;7.553376e-02;2.552343e-02;4.582860e-02;5.062234e-02;2.811058e-02;2.982654e-02;1.239533e-01;3.632207e-02;1.245995e-02
4.706279e-02;1.528848e-01;3.341787e-01;7.284719e-02;3.982702e-02;1.024965e-01;2.967094e-02;4.913526e-02;4.418034e-02;6.399824e-02;4.873552e-02;1.498269e-02
3.838280e-02;1.391518e-01;1.899549e-01;7.510314e-02;6.493262e-02;1.442293e-01;7.308329e-02;7.371911e-02;6.261620e-02;3.753351e-02;7.514716e-02;2.614620e-02
3.682880e-02;8.699786e-02;1.149646e-01;6.919394e-02;6.569830e-02;1.855607e-01;8.257214e-02;9.857123e-02;8.351220e-02;5.656442e-02;8.066529e-02;3.887053e-02
3.345419e-02;8.289005e-02;7.884070e-02;4.894881e-02;4.159521e-02;2.056213e-01;8.119670e-02;1.428037e-01;1.039143e-01;5.879857e-02;7.294015e-02;4.899635e-02
3.292914e-02;9.199510e-02;1.099023e-01;2.837562e-02;3.505031e-02;1.727507e-01;7.388721e-02;1.660474e-01;1.057968e-01;7.823276e-02;5.887271e-02;4.616000e-02
4.591489e-02;1.291169e-01;2.015874e-01;7.523259e-02;7.392713e-02;9.078808e-02;6.523033e-02;8.054799e-02;6.025667e-02;1.033440e-01;4.511018e-02;2.894383e-02
5.203632e-02;1.064718e-01;2.598009e-01;7.352648e-02;5.839905e-02;1.484368e-01;6.397024e-02;3.971267e-02;2.030493e-02;9.126911e-02;4.467784e-02;4.139387e-02
4.870601e-02;1.103370e-01;3.147713e-01;3.726775e-02;2.536146e-02;1.715939e-01;6.039564e-02;2.972405e-02;2.670386e-02;7.315359e-02;4.378504e-02;5.820047e-02
4.250988e-02;9.846943e-02;3.060761e-01;6.655962e-02;5.866046e-02;1.510268e-01;6.024908e-02;3.677068e-02;2.143469e-02;5.504333e-02;4.801033e-02;5.518956e-02
2.975452e-02;1.079668e-01;3.274592e-01;9.765677e-02;6.864418e-02;1.426006e-01;5.219827e-02;3.089789e-02;2.022689e-02;4.054376e-02;3.772176e-02;4.432939e-02
2.987669e-02;1.521887e-01;3.588437e-01;8.427843e-02;3.471087e-02;1.271757e-01;3.996755e-02;2.983461e-02;2.445263e-02;2.830500e-02;5.558472e-02;3.478136e-02
2.742688e-02;1.394388e-01;3.619124e-01;7.540663e-02;4.903427e-02;1.038544e-01;3.804832e-02;3.285503e-02;2.254365e-02;6.102336e-02;6.243131e-02;2.602492e-02
1.919586e-02;1.174168e-01;3.736674e-01;7.302620e-02;4.210522e-02;1.169181e-01;4.418877e-02;2.773536e-02;3.124540e-02;7.499023e-02;5.201272e-02;2.749792e-02
1.261751e-02;1.199035e-01;3.396283e-01;6.845550e-02;4.629522e-02;1.567392e-01;3.518481e-02;4.407214e-02;3.755503e-02;6.497223e-02;5.154813e-02;2.302847e-02
1.914714e-02;1.256264e-01;3.009734e-01;4.087918e-02;5.565323e-02;2.136557e-01;2.543578e-02;7.313548e-02;4.348673e-02;5.517303e-02;2.337476e-02;2.345918e-02
2.108855e-02;8.349396e-02;2.019970e-01;5.060094e-02;4.598069e-02;2.992505e-01;1.811984e-02;8.323187e-02;5.001288e-02;5.020738e-02;5.848433e-02;3.753201e-02
1.869143e-02;1.209190e-01;2.328704e-01;5.157757e-02;2.683367e-02;2.808186e-01;9.805194e-03;9.410871e-02;4.656636e-02;4.476134e-02;4.110928e-02;3.193849e-02
1.984991e-02;1.196760e-01;3.069366e-01;5.786205e-02;2.310261e-02;2.197056e-01;1.842954e-02;7.790691e-02;5.872587e-02;4.575897e-02;3.181709e-02;2.022890e-02
1.632391e-02;1.429064e-01;4.059112e-01;6.105120e-02;1.956184e-02;1.125548e-01;4.095066e-02;4.884000e-02;7.327731e-02;4.555783e-02;2.061619e-02;1.244869e-02
1.761881e-02;1.673434e-01;4.561285e-01;4.051218e-02;2.253096e-02;5.005771e-02;7.526662e-02;2.901727e-02;6.661564e-02;4.898503e-02;1.030111e-02;1.562272e-02
2.291339e-02;1.603168e-01;4.724055e-01;3.585868e-02;3.293574e-02;3.554326e-02;9.611255e-02;3.529861e-02;3.819543e-02;4.552035e-02;8.937030e-03;1.596273e-02
1.673355e-02;1.523242e-01;4.484398e-01;4.581050e-02;3.318089e-02;6.292872e-02;9.839787e-02;3.935093e-02;3.007783e-02;5.256402e-02;9.391327e-03;1.080039e-02
1.384216e-02;1.512177e-01;4.568490e-01;3.862748e-02;2.529182e-02;5.763568e-02;8.218128e-02;4.349719e-02;4.158694e-02;6.395131e-02;1.393615e-02;1.138330e-02
1.939089e-02;1.470247e-01;4.470020e-01;5.720332e-02;2.375533e-02;5.398906e-02;5.253483e-02;3.681281e-02;5.136253e-02;6.843609e-02;3.071019e-02;1.177833e-02
2.371832e-02;1.473906e-01;4.243208e-01;6.267682e-02;4.068340e-02;1.003913e-01;4.023262e-02;2.745112e-02;3.945355e-02;5.226777e-02;3.153270e-02;9.881006e-03
2.825173e-02;1.794824e-01;3.985244e-01;5.046348e-02;3.906717e-02;1.193040e-01;3.950261e-02;3.616420e-02;2.542005e-02;4.860167e-02;2.182475e-02;1.339365e-02
2.785808e-02;2.042450e-01;4.362344e-01;2.594102e-02;2.329856e-02;1.135564e-01;3.229481e-02;3.075721e-02;2.075042e-02;5.384274e-02;1.540529e-02;1.581611e-02
2.127210e-02;1.924507e-01;4.884325e-01;3.997563e-02;2.237189e-02;8.909957e-02;2.806719e-02;2.064401e-02;2.040864e-02;3.740574e-02;2.696048e-02;1.291155e-02
1.661849e-02;1.738207e-01;4.991796e-01;6.854988e-02;2.977712e-02;4.775079e-02;2.335840e-02;2.059344e-02;1.548793e-02;3.221937e-02;5.546688e-02;1.717740e-02
1.569003e-02;1.219103e-01;4.734026e-01;1.100118e-01;4.198721e-02;4.949706e-02;1.574681e-02;1.776255e-02;1.353631e-02;4.660550e-02;7.926106e-02;1.458874e-02
1.735610e-02;1.075999e-01;4.562594e-01;1.182647e-01;3.461055e-02;7.143234e-02;9.482699e-03;3.912605e-02;1.489080e-02;3.594095e-02;8.344775e-02;1.158886e-02
1.193220e-02;1.120650e-01;4.409300e-01;1.127490e-01;2.301732e-02;1.032194e-01;7.818142e-03;4.298080e-02;1.896142e-02;2.056321e-02;9.413335e-02;1.163015e-02
1.136925e-02;1.175735e-01;4.040312e-01;1.240539e-01;2.783380e-02;1.068324e-01;1.799157e-02;5.661774e-02;1.696237e-02;1.260817e-02;9.228767e-02;1.183838e-02
8.765220e-03;1.022748e-01;3.373040e-01;1.279418e-01;4.815827e-02;1.523540e-01;2.697861e-02;7.490910e-02;9.456125e-03;2.524598e-02;7.524202e-02;1.137024e-02
7.638433e-03;9.152335e-02;2.943718e-01;1.402064e-01;6.269636e-02;1.290048e-01;3.468885e-02;1.027530e-01;7.246740e-03;4.289886e-02;7.507408e-02;1.189730e-02
7.974735e-03;8.558622e-02;2.596852e-01;1.592001e-01;6.379254e-02;1.262200e-01;2.256382e-02;1.247940e-01;9.401675e-03;4.484693e-02;8.355921e-02;1.237567e-02
9.177512e-03;5.682874e-02;1.849032e-01;1.951691e-01;6.964736e-02;1.756403e-01;1.740395e-02;1.436964e-01;1.723641e-02;2.475832e-02;1.016632e-01;3.875454e-03
6.575249e-03;1.506004e-02;1.175768e-01;2.472043e-01;9.204446e-02;2.147188e-01;1.854864e-02;1.352148e-01;1.812893e-02;1.947884e-02;1.119518e-01;3.497327e-03
6.108930e-03;3.706102e-02;1.392251e-01;2.767074e-01;1.103968e-01;1.743810e-01;1.777311e-02;9.319702e-02;2.619048e-02;1.738381e-02;9.351737e-02;8.057872e-03
1.090756e-02;4.399959e-02;1.899532e-01;2.791533e-01;1.432757e-01;1.118607e-01;2.532187e-02;4.746223e-02;4.142234e-02;3.676451e-02;6.155365e-02;8.325359e-03
2.049503e-02;5.554016e-02;2.463450e-01;2.132116e-01;1.461628e-01;6.668371e-02;5.467666e-02;1.847313e-02;4.360075e-02;8.098730e-02;5.034655e-02;3.477321e-03
2.699077e-02;6.565028e-02;3.160382e-01;1.273357e-01;1.161586e-01;3.796785e-02;8.071934e-02;9.603301e-03;2.859975e-02;1.450628e-01;4.140600e-02;4.467326e-03
3.078322e-02;7.074516e-02;3.991228e-01;4.766783e-02;7.617043e-02;1.089884e-02;8.160303e-02;8.327585e-03;1.255064e-02;2.343753e-01;2.132501e-02;6.430234e-03
3.080857e-02;6.652626e-02;4.007496e-01;1.394793e-02;4.959024e-02;1.162477e-02;6.309516e-02;9.178740e-03;1.238505e-02;2.924096e-01;4.147945e-02;8.204689e-03
2.660330e-02;5.772574e-02;3.750871e-01;1.961295e-02;4.893642e-02;1.102918e-02;5.816141e-02;8.258136e-03;8.684456e-03;3.300973e-01;4.424001e-02;1.156398e-02
2.535178e-02;6.171024e-02;3.573169e-01;1.776000e-02;5.372098e-02;8.460727e-03;5.907787e-02;8.647211e-03;1.307855e-02;3.715285e-01;1.317233e-02;1.017487e-02
2.267914e-02;6.536046e-02;3.282478e-01;1.514672e-02;6.102635e-02;6.803183e-03;5.315536e-02;1.025882e-02;2.230461e-02;3.953125e-01;1.326674e-02;6.438328e-03
1.217914e-02;8.402360e-02;2.959952e-01;1.696609e-02;6.149469e-02;1.109084e-02;3.664114e-02;1.303069e-02;3.947205e-02;3.945388e-01;2.019041e-02;1.437729e-02
1.053814e-02;1.071004e-01;2.815645e-01;1.373668e-02;4.259789e-02;1.840216e-02;3.138154e-02;1.457536e-02;8.435543e-02;3.419962e-01;2.349660e-02;3.025498e-02
1.129292e-02;1.456878e-01;2.739092e-01;9.329875e-03;1.606132e-02;3.091862e-02;2.754093e-02;1.999204e-02;1.354205e-01;2.482599e-01;2.364687e-02;5.794006e-02
2.324780e-02;2.010589e-01;2.404604e-01;1.936851e-02;1.314629e-02;3.024277e-02;1.790402e-02;3.182499e-02;1.549237e-01;1.623222e-01;1.168180e-02;9.381867e-02
3.798661e-02;2.392103e-01;2.094811e-01;3.235492e-02;1.231456e-02;5.323284e-02;1.132201e-02;4.194067e-02;1.223679e-01;1.042356e-01;3.263256e-02;1.029209e-01
4.816879e-02;2.579981e-01;2.457998e-01;4.228107e-02;1.969176e-02;6.102106e-02;1.912105e-02;5.429503e-02;6.850524e-02;6.267004e-02;3.523950e-02;8.520848e-02
3.216270e-02;2.487623e-01;3.180747e-01;3.549768e-02;1.910835e-02;3.804968e-02;2.736023e-02;5.371030e-02;4.173673e-02;1.028912e-01;1.627095e-02;6.637517e-02
4.293711e-02;2.500475e-01;3.253703e-01;1.727229e-02;1.738893e-02;4.292829e-02;2.273870e-02;4.266626e-02;3.375963e-02;1.175701e-01;1.275252e-02;7.456843e-02
6.038573e-02;2.876397e-01;2.804220e-01;3.679727e-02;1.367258e-02;4.860442e-02;2.735587e-02;3.340361e-02;5.483597e-02;8.955985e-02;1.992495e-02;4.739806e-02
4.783004e-02;3.480738e-01;2.599875e-01;4.850541e-02;1.039244e-02;5.350454e-02;1.873583e-02;1.876441e-02;8.241998e-02;6.630877e-02;1.219365e-02;3.328371e-02
3.833207e-02;3.784932e-01;2.319542e-01;4.044611e-02;9.444586e-03;6.571580e-02;8.266320e-03;1.967877e-02;8.907759e-02;5.797097e-02;1.313035e-02;4.748988e-02
3.910047e-02;3.745093e-01;2.645208e-01;2.852835e-02;1.079087e-02;6.231302e-02;7.080663e-03;1.737846e-02;6.997960e-02;5.975708e-02;1.396298e-02;5.207837e-02
3.323228e-02;3.375470e-01;3.276488e-01;2.431856e-02;1.436774e-02;5.150549e-02;1.474445e-02;2.237537e-02;4.962737e-02;7.035866e-02;1.563609e-02;3.863813e-02
4.225858e-02;2.899592e-01;3.495440e-01;4.031766e-02;1.978374e-02;4.261207e-02;2.081106e-02;3.378072e-02;4.757493e-02;8.329844e-02;1.552667e-02;1.453291e-02
3.319912e-02;2.239344e-01;3.976423e-01;6.061066e-02;2.459942e-02;3.723298e-02;2.901779e-02;4.574144e-02;3.386775e-02;8.135919e-02;1.879732e-02;1.399764e-02
3.676316e-02;2.746412e-01;3.844586e-01;5.661546e-02;2.608108e-02;3.907700e-02;3.040775e-02;3.332430e-02;2.762280e-02;6.178593e-02;1.869029e-02;1.053245e-02
3.517429e-02;2.867195e-01;3.415776e-01;6.506838e-02;3.798991e-02;3.327857e-02;2.056512e-02;3.534645e-02;4.390275e-02;6.126916e-02;2.231936e-02;1.678891e-02
3.914927e-02;2.164665e-01;2.511581e-01;6.928165e-02;6.623571e-02;5.425096e-02;3.066133e-02;4.400147e-02;6.639896e-02;1.098941e-01;2.263517e-02;2.986684e-02
4.025614e-02;2.695921e-01;2.992383e-01;3.184651e-02;4.567791e-02;4.510067e-02;3.237223e-02;2.787070e-02;4.977388e-02;1.112928e-01;2.205618e-02;2.492254e-02
2.445752e-02;3.334000e-01;3.470201e-01;2.856419e-02;1.214079e-02;4.934737e-02;1.659638e-02;1.504172e-02;5.019888e-02;8.113554e-02;8.899015e-03;3.319842e-02
1.901628e-02;3.242203e-01;3.606753e-01;3.317338e-02;1.435672e-02;5.794924e-02;1.036969e-02;8.751548e-03;4.433093e-02;5.767608e-02;4.548728e-03;6.493180e-02
1.815758e-02;3.295396e-01;3.558780e-01;3.155050e-02;9.971102e-03;4.686254e-02;6.864388e-03;8.637365e-03;4.670871e-02;4.803636e-02;2.141141e-03;9.565277e-02
1.848106e-02;3.649031e-01;2.942133e-01;3.997148e-02;7.462764e-03;4.868281e-02;7.906494e-03;7.856482e-03;7.411364e-02;2.951280e-02;4.718673e-03;1.021774e-01
3.337236e-02;4.055259e-01;2.141080e-01;6.043808e-02;1.091988e-02;5.192145e-02;9.700249e-03;1.335118e-02;9.545992e-02;2.552026e-02;1.117114e-02;6.851155e-02
5.959414e-02;4.298868e-01;1.665485e-01;6.637986e-02;1.222168e-02;4.055331e-02;1.454052e-02;2.704001e-02;8.745143e-02;4.850337e-02;2.189053e-02;2.538973e-02
1.154090e-01;3.754132e-01;1.258322e-01;4.639778e-02;2.977717e-02;2.913777e-02;2.828111e-02;7.676417e-02;6.080265e-02;5.681689e-02;4.382186e-02;1.154610e-02
2.103073e-01;2.392704e-01;9.663852e-02;1.956018e-02;7.189716e-02;1.993570e-02;2.765555e-02;1.430131e-01;3.956085e-02;5.537904e-02;5.668146e-02;2.010072e-02
2.417828e-01;1.531811e-01;1.282342e-01;2.023223e-02;7.591232e-02;3.402721e-02;4.017345e-02;1.619276e-01;2.904535e-02;5.069739e-02;3.672870e-02;2.805767e-02
2.228059e-01;1.295820e-01;9.394778e-02;2.400623e-02;6.070031e-02;5.215577e-02;6.880638e-02;1.577929e-01;4.109254e-02;6.691556e-02;1.936040e-02;6.283419e-02
1.175375e-01;2.199201e-01;9.469482e-02;2.607048e-02;3.708352e-02;5.476326e-02;9.374432e-02;1.098714e-01;5.264166e-02;8.820397e-02;2.439592e-02;8.107301e-02
8.107856e-02;3.464265e-01;1.533071e-01;1.892036e-02;2.590393e-02;3.652166e-02;5.421454e-02;7.791690e-02;4.687358e-02;8.542993e-02;1.686943e-02;5.653757e-02
1.030051e-01;3.355467e-01;2.372924e-01;3.049906e-02;3.029855e-02;3.848566e-02;2.103495e-02;6.262092e-02;4.317560e-02;4.802352e-02;1.813686e-02;3.188068e-02
1.087259e-01;3.443685e-01;2.316017e-01;5.093453e-02;2.946014e-02;2.743806e-02;1.307765e-02;7.206838e-02;4.601588e-02;2.525467e-02;9.910025e-03;4.114467e-02
1.192622e-01;3.814510e-01;2.218915e-01;5.263205e-02;2.809567e-02;1.555458e-02;1.576438e-02;6.256591e-02;3.680064e-02;2.489607e-02;1.304111e-02;2.804483e-02
1.306571e-01;3.475841e-01;2.438653e-01;4.114024e-02;2.575485e-02;2.128932e-02;1.693214e-02;6.274628e-02;3.552661e-02;3.295258e-02;1.301781e-02;2.853367e-02
1.656541e-01;2.535018e-01;2.140696e-01;5.291656e-02;3.203628e-02;2.813442e-02;2.572583e-02;8.152487e-02;3.758718e-02;3.915454e-02;2.267446e-02;4.702038e-02
1.368521e-01;2.567635e-01;2.427240e-01;5.959049e-02;2.030784e-02;5.202648e-02;2.118449e-02;8.851235e-02;3.721964e-02;3.642706e-02;1.817789e-02;3.021410e-02
1.048656e-01;2.115416e-01;1.912003e-01;6.773281e-02;2.517447e-02;9.107926e-02;6.422596e-02;1.075726e-01;4.439014e-02;4.468998e-02;1.870649e-02;2.882079e-02
7.461388e-02;1.606737e-01;1.589117e-01;9.776624e-02;2.077838e-02;9.525289e-02;1.211174e-01;1.025758e-01;4.670893e-02;4.350801e-02;1.830348e-02;5.978955e-02
5.035343e-02;9.837517e-02;8.536694e-02;1.429394e-01;2.288417e-02;7.837483e-02;2.044176e-01;9.466788e-02;5.741991e-02;5.271087e-02;1.216136e-02;1.003285e-01
2.837897e-02;7.602413e-02;6.806258e-02;1.358876e-01;3.404680e-02;6.092937e-02;3.038681e-01;6.875865e-02;4.780771e-02;3.852825e-02;1.543795e-02;1.222698e-01
3.069567e-02;9.735978e-02;5.053740e-02;8.151591e-02;3.816193e-02;6.431147e-02;3.689400e-01;5.356614e-02;3.512928e-02;2.959694e-02;1.693897e-02;1.332465e-01
2.727035e-02;1.240385e-01;7.593796e-02;5.504747e-02;1.742555e-02;4.704988e-02;3.860087e-01;4.396472e-02;3.776515e-02;3.848706e-02;1.267964e-02;1.343250e-01
3.489551e-02;1.360164e-01;7.462535e-02;5.614191e-02;1.319167e-02;5.924467e-02;3.767863e-01;3.671839e-02;3.938109e-02;3.551564e-02;1.351280e-02;1.239703e-01
3.616878e-02;1.363038e-01;8.624059e-02;5.275790e-02;2.253592e-02;5.237320e-02;3.522266e-01;4.732089e-02;4.117787e-02;3.441445e-02;2.216304e-02;1.163169e-01
3.847543e-02;1.289496e-01;8.799186e-02;3.539187e-02;3.338403e-02;5.052180e-02;3.257239e-01;6.934833e-02;5.459721e-02;4.080411e-02;2.321185e-02;1.116000e-01
3.700926e-02;8.271965e-02;7.277102e-02;2.540717e-02;4.252119e-02;6.744453e-02;3.260090e-01;9.001601e-02;6.249652e-02;5.817099e-02;2.462239e-02;1.108123e-01
4.015922e-02;8.575317e-02;7.448383e-02;1.924441e-02;5.787834e-02;8.535346e-02;2.993529e-01;1.062176e-01;5.472682e-02;5.347866e-02;2.745635e-02;9.589519e-02
3.722176e-02;1.258635e-01;8.664321e-02;2.526684e-02;7.450517e-02;8.645001e-02;2.674930e-01;8.917885e-02;4.014669e-02;3.795226e-02;2.886282e-02;1.004159e-01
2.282659e-02;1.014924e-01;9.280749e-02;3.014746e-02;7.505290e-02;8.879514e-02;2.795242e-01;6.922785e-02;4.883332e-02;4.058574e-02;3.517500e-02;1.155319e-01
2.229225e-02;1.680759e-01;1.169037e-01;2.204712e-02;4.527362e-02;8.538806e-02;2.467293e-01;7.092030e-02;5.276356e-02;3.481158e-02;3.583808e-02;9.895658e-02
3.044708e-02;2.021429e-01;1.450504e-01;2.346441e-02;3.385748e-02;6.693620e-02;1.790065e-01;1.100475e-01;6.150028e-02;3.502065e-02;4.649258e-02;6.603394e-02
3.820856e-02;2.036895e-01;1.785733e-01;3.007987e-02;3.312729e-02;6.339050e-02;1.196255e-01;1.182069e-01;8.625929e-02;4.303611e-02;4.042185e-02;4.538130e-02
4.585648e-02;1.368582e-01;1.752423e-01;3.894817e-02;3.026344e-02;8.317018e-02;1.092127e-01;9.760526e-02;9.621137e-02;5.567147e-02;3.647647e-02;9.448397e-02
6.475506e-02;1.729446e-01;1.686521e-01;3.391646e-02;3.602202e-02;8.231321e-02;9.625453e-02;8.155362e-02;7.761367e-02;5.604425e-02;4.043563e-02;8.949477e-02
7.155136e-02;2.318211e-01;1.981647e-01;3.071074e-02;3.904862e-02;5.616538e-02;9.344625e-02;8.082223e-02;5.339853e-02;5.539893e-02;2.826122e-02;6.121096e-02
7.777290e-02;1.753610e-01;1.827139e-01;3.942905e-02;4.703873e-02;4.036605e-02;1.233813e-01;8.106153e-02;6.302962e-02;7.439423e-02;2.533801e-02;7.011361e-02
6.755301e-02;2.026344e-01;1.647646e-01;4.209463e-02;4.284992e-02;4.612782e-02;1.373666e-01;7.085158e-02;6.872003e-02;7.080074e-02;1.573855e-02;7.049814e-02
6.282641e-02;2.217105e-01;1.783091e-01;4.288486e-02;3.245358e-02;5.377327e-02;1.294694e-01;6.133617e-02;6.270683e-02;5.408234e-02;3.134140e-02;6.910615e-02
6.703428e-02;1.083453e-01;1.336124e-01;6.207102e-02;3.367137e-02;5.563987e-02;1.821987e-01;6.795412e-02;6.292388e-02;6.606727e-02;3.972442e-02;1.207574e-01
6.180260e-02;1.616850e-01;1.112347e-01;5.749577e-02;2.244953e-02;2.814696e-02;2.187771e-01;6.290443e-02;4.448595e-02;7.134905e-02;2.662723e-02;1.330415e-01
5.067970e-02;1.928846e-01;1.352603e-01;4.852815e-02;2.115737e-02;1.966889e-02;2.506272e-01;5.846533e-02;3.038259e-02;6.914991e-02;1.453801e-02;1.086579e-01
4.291451e-02;1.505561e-01;1.711678e-01;5.108234e-02;2.258373e-02;4.424645e-02;2.728084e-01;6.113614e-02;3.761419e-02;5.163978e-02;1.633976e-02;7.791085e-02
5.325541e-02;1.977131e-01;1.723734e-01;5.347556e-02;1.887979e-02;7.789417e-02;2.556801e-01;4.292221e-02;2.753798e-02;2.446926e-02;1.862060e-02;5.717840e-02
5.069019e-02;1.849852e-01;1.667492e-01;5.573242e-02;2.331095e-02;5.793026e-02;2.266823e-01;7.636651e-02;3.769360e-02;4.517321e-02;2.210632e-02;5.257989e-02
6.515926e-02;1.146127e-01;2.139763e-01;6.343331e-02;2.114214e-02;5.060726e-02;1.554506e-01;8.075496e-02;5.819248e-02;8.350599e-02;3.499272e-02;5.817238e-02
6.846716e-02;2.213241e-01;2.083881e-01;4.177605e-02;1.079230e-02;4.647128e-02;1.070025e-01;5.972388e-02;4.879569e-02;7.437138e-02;4.720189e-02;6.568553e-02
6.860150e-02;2.280164e-01;1.481144e-01;2.345592e-02;1.701790e-02;6.243318e-02;1.258834e-01;7.755437e-02;5.550022e-02;5.689037e-02;4.926240e-02;8.727001e-02
6.816792e-02;2.063655e-01;1.277098e-01;2.743278e-02;2.486892e-02;7.329214e-02;1.506802e-01;7.345395e-02;5.840158e-02;3.783502e-02;4.644315e-02;1.053490e-01
