4.643601e-02;4.457177e-01;2.955386e-01;1.606800e-02;6.797991e-03;4.202839e-02;8.496922e-03;4.400832e-02;6.927583e-02;1.410039e-02;5.421137e-03;6.110777e-03
4.145981e-02;4.526199e-01;2.806037e-01;1.820651e-02;4.399837e-03;5.470749e-02;8.448541e-03;1.327957e-02;8.503413e-02;3.090601e-02;4.915588e-03;5.418945e-03
3.799080e-02;4.246643e-01;2.590816e-01;2.196624e-02;6.612985e-03;5.373913e-02;9.781632e-03;3.058723e-02;1.200760e-01;2.066142e-02;5.425468e-03;9.413240e-03
2.669392e-02;4.246687e-01;2.838129e-01;1.744358e-02;6.457352e-03;6.361459e-02;5.652550e-03;2.247956e-02;1.231972e-01;1.166600e-02;6.402781e-03;7.910914e-03
2.115975e-02;3.959637e-01;3.301170e-01;1.617441e-02;9.428716e-03;6.497280e-02;8.148482e-03;1.734369e-02;9.947814e-02;1.726544e-02;1.142708e-02;8.520780e-03
1.841343e-02;3.478798e-01;3.552524e-01;1.814948e-02;7.807326e-03;4.915152e-02;8.316156e-03;1.724884e-02;7.256394e-02;7.908297e-02;1.494115e-02;1.119305e-02
1.425420e-02;3.011324e-01;3.379265e-01;2.158098e-02;6.766176e-03;3.442393e-02;8.147867e-03;1.518761e-02;6.936140e-02;1.442417e-01;3.471971e-02;1.225751e-02
1.444547e-02;3.049951e-01;3.001914e-01;1.610071e-02;7.957941e-03;4.200357e-02;3.863996e-03;1.163204e-02;9.772526e-02;1.460171e-01;4.151970e-02;1.354774e-02
2.040438e-02;3.524565e-01;2.824273e-01;1.232340e-02;5.093507e-03;5.621395e-02;3.901325e-03;1.116254e-02;1.307523e-01;8.574858e-02;2.125209e-02;1.826421e-02
2.726687e-02;3.631865e-01;2.635074e-01;1.099491e-02;4.691276e-03;6.946455e-02;3.825990e-03;2.776553e-02;1.288162e-01;8.017692e-02;2.004327e-03;1.829960e-02
3.585482e-02;3.549061e-01;2.109641e-01;1.398096e-02;8.696927e-03;9.806415e-02;1.279492e-02;5.118550e-02;9.571023e-02;9.012067e-02;9.289161e-03;1.843245e-02
3.426000e-02;3.609019e-01;2.106784e-01;2.239848e-02;1.075623e-02;1.163543e-01;1.740171e-02;5.707353e-02;4.790528e-02;9.277510e-02;9.856368e-03;1.963877e-02
2.935709e-02;3.906843e-01;2.876774e-01;2.333529e-02;7.708468e-03;9.510215e-02;1.358491e-02;3.120446e-02;3.249491e-02;6.534432e-02;3.823255e-03;1.968345e-02
2.843732e-02;3.975691e-01;3.403111e-01;1.673405e-02;5.182893e-03;7.915021e-02;9.190102e-03;1.579818e-02;3.575045e-02;4.530028e-02;5.950475e-03;2.062583e-02
2.734452e-02;3.788017e-01;3.580106e-01;1.323366e-02;4.192353e-03;8.064828e-02;6.567894e-03;1.164855e-02;4.940247e-02;5.004219e-02;3.077977e-03;1.702980e-02
3.105085e-02;3.696912e-01;3.650602e-01;1.662627e-02;4.305874e-03;7.217646e-02;8.875465e-03;1.632147e-02;4.675680e-02;4.557994e-02;5.786037e-03;1.776950e-02
3.416812e-02;3.068459e-01;3.617851e-01;3.148446e-02;1.401490e-02;6.456439e-02;2.121991e-02;3.493607e-02;5.372443e-02;2.914537e-02;2.024934e-02;2.786202e-02
4.686926e-02;3.120045e-01;2.981781e-01;3.602595e-02;2.356633e-02;5.332803e-02;3.647848e-02;4.769392e-02;6.292439e-02;1.870567e-02;2.373365e-02;4.049175e-02
7.039811e-02;3.614467e-01;2.146593e-01;3.087506e-02;4.109486e-02;3.551106e-02;6.460632e-02;5.723219e-02;6.085656e-02;1.461183e-02;1.279170e-02;3.591629e-02
1.093129e-01;3.058393e-01;1.054650e-01;5.405795e-02;1.073809e-01;2.652533e-02;9.620983e-02;1.095647e-01;3.896011e-02;1.347286e-02;1.440502e-02;1.880610e-02
1.359593e-01;1.675287e-01;6.975997e-02;5.820253e-02;2.161397e-01;2.586390e-02;8.361685e-02;1.723091e-01;2.747394e-02;1.066621e-02;1.699587e-02;1.548384e-02
1.443699e-01;1.295467e-01;1.148834e-01;2.753641e-02;2.477819e-01;2.666616e-02;5.079112e-02;2.025804e-01;2.061099e-02;6.236593e-03;1.196499e-02;1.703140e-02
1.535777e-01;2.041549e-01;1.269333e-01;7.147762e-03;1.795866e-01;3.153678e-02;3.903916e-02;1.912511e-01;1.850555e-02;1.139166e-02;1.439631e-02;2.247923e-02
1.626371e-01;2.728514e-01;1.574639e-01;9.079067e-03;1.149700e-01;2.804046e-02;2.933454e-02;1.459669e-01;2.459313e-02;1.116567e-02;1.267214e-02;3.122579e-02
1.498608e-01;3.395916e-01;1.939729e-01;1.187562e-02;7.409468e-02;2.597139e-02;3.759619e-02;8.233237e-02;2.202407e-02;1.686898e-02;1.059291e-02;3.521840e-02
1.252205e-01;3.353541e-01;2.155821e-01;1.587240e-02;4.977947e-02;4.186989e-02;3.895722e-02;5.971690e-02;3.586458e-02;2.769944e-02;1.682395e-02;3.725949e-02
1.015617e-01;2.588249e-01;2.323881e-01;2.012951e-02;5.153588e-02;6.256204e-02;2.792219e-02;6.631745e-02;7.396856e-02;3.557311e-02;2.732519e-02;4.189130e-02
1.084765e-01;2.256402e-01;1.815053e-01;2.414326e-02;4.962008e-02;5.801190e-02;2.951639e-02;9.561981e-02;1.137621e-01;3.934422e-02;4.039184e-02;3.396836e-02
1.437069e-01;2.598158e-01;1.297424e-01;4.027813e-02;4.929836e-02;4.356290e-02;3.669026e-02;9.188823e-02;1.105410e-01;3.411373e-02;2.816443e-02;3.219785e-02
1.158328e-01;3.339407e-01;2.457017e-01;3.061341e-02;4.051067e-02;3.888568e-02;1.829402e-02;4.200240e-02;5.730952e-02;3.331747e-02;1.670927e-02;2.688242e-02
9.998229e-02;3.104990e-01;2.967446e-01;2.473133e-02;2.938211e-02;5.227721e-02;2.727351e-02;3.780773e-02;5.107209e-02;2.995169e-02;2.210135e-02;1.817708e-02
8.554077e-02;2.914537e-01;2.863841e-01;3.238366e-02;2.889987e-02;5.910579e-02;3.440231e-02;5.528143e-02;5.806365e-02;2.882210e-02;2.187587e-02;1.778667e-02
7.862478e-02;3.516980e-01;2.829658e-01;2.347930e-02;1.659397e-02;5.788648e-02;2.446410e-02;4.405427e-02;4.689462e-02;3.024982e-02;1.646170e-02;2.662711e-02
8.197800e-02;3.837923e-01;2.923473e-01;1.356364e-02;1.253559e-02;4.319839e-02;2.064680e-02;3.398703e-02;4.037124e-02;2.501775e-02;2.462984e-02;2.793222e-02
9.017856e-02;3.462950e-01;2.611816e-01;1.262760e-02;2.519921e-02;3.943041e-02;1.724180e-02;6.480359e-02;5.211042e-02;2.168743e-02;3.999435e-02;2.925007e-02
1.278595e-01;2.954268e-01;1.486645e-01;1.302458e-02;4.102695e-02;4.612684e-02;2.767489e-02;1.206351e-01;6.887737e-02;3.213365e-02;5.222446e-02;2.632534e-02
1.256135e-01;3.041981e-01;2.152884e-01;2.175915e-02;2.944485e-02;4.793114e-02;2.238815e-02;9.924253e-02;4.773990e-02;3.731485e-02;2.567512e-02;2.340424e-02
1.271019e-01;3.898008e-01;2.216257e-01;1.910054e-02;1.932852e-02;2.626119e-02;1.758952e-02;9.502027e-02;2.242049e-02;2.138168e-02;1.856558e-02;2.180394e-02
1.536842e-01;3.888038e-01;1.887569e-01;1.080719e-02;2.694750e-02;1.678609e-02;2.577875e-02;1.139569e-01;2.141158e-02;1.080062e-02;1.993852e-02;2.232801e-02
1.933151e-01;3.405084e-01;1.555434e-01;9.191512e-03;2.586723e-02;2.264638e-02;3.932096e-02;1.434827e-01;2.400974e-02;1.127437e-02;1.302698e-02;2.181322e-02
2.249587e-01;2.461655e-01;8.880825e-02;1.167501e-02;2.178464e-02;3.002644e-02;7.055807e-02;1.989579e-01;3.754164e-02;2.052001e-02;5.189335e-03;4.381451e-02
1.939275e-01;1.140340e-01;3.697440e-02;1.975311e-02;1.957362e-02;5.143926e-02;1.474646e-01;2.345285e-01;4.477403e-02;3.906104e-02;1.011522e-02;8.835472e-02
1.322176e-01;1.096233e-01;5.999750e-02;2.028105e-02;1.212814e-02;4.938993e-02;1.908038e-01;1.968418e-01;5.175421e-02;5.082083e-02;1.918284e-02;1.069590e-01
1.230148e-01;1.255280e-01;1.076014e-01;2.043524e-02;1.440381e-02;6.154063e-02;1.699104e-01;1.392712e-01;6.552068e-02;5.385572e-02;3.272080e-02;8.619745e-02
1.301278e-01;1.721135e-01;1.844668e-01;2.379126e-02;1.947977e-02;6.053656e-02;1.205861e-01;8.064698e-02;8.122505e-02;4.786662e-02;3.335539e-02;4.580427e-02
1.131687e-01;3.550132e-01;2.300762e-01;1.417585e-02;1.324831e-02;3.091244e-02;3.031695e-02;8.580125e-02;5.929692e-02;2.908076e-02;1.769117e-02;2.121831e-02
1.052904e-01;3.421802e-01;2.570387e-01;1.496789e-02;1.311698e-02;3.230777e-02;4.279913e-02;8.825926e-02;3.351868e-02;2.936926e-02;1.824119e-02;2.291064e-02
1.151753e-01;2.496934e-01;2.663750e-01;1.912541e-02;2.150011e-02;5.518721e-02;8.199879e-02;6.541075e-02;4.256615e-02;3.063712e-02;2.515963e-02;2.717114e-02
1.124269e-01;3.000853e-01;2.039826e-01;2.160779e-02;1.890038e-02;4.872563e-02;7.384899e-02;8.414244e-02;4.540658e-02;3.947393e-02;2.165414e-02;2.974533e-02
1.268366e-01;2.790536e-01;1.750780e-01;2.210724e-02;1.962871e-02;5.315048e-02;5.701297e-02;1.159931e-01;6.070206e-02;4.230734e-02;1.996834e-02;2.816151e-02
1.494255e-01;2.852044e-01;1.254670e-01;2.501656e-02;2.648388e-02;4.873724e-02;5.133699e-02;1.205736e-01;7.832028e-02;2.059569e-02;3.044928e-02;3.838955e-02
1.537479e-01;3.755226e-01;1.239870e-01;1.718521e-02;3.039142e-02;3.054018e-02;4.595038e-02;6.880491e-02;5.236375e-02;2.679115e-02;2.901040e-02;4.570522e-02
1.480843e-01;3.066134e-01;1.290309e-01;2.358187e-02;3.548958e-02;5.692629e-02;6.886362e-02;6.651554e-02;5.196461e-02;3.685308e-02;3.228966e-02;4.378711e-02
1.298109e-01;2.202689e-01;7.647065e-02;5.932218e-02;4.125878e-02;8.696284e-02;8.284613e-02;9.075280e-02;5.087686e-02;6.083439e-02;4.406378e-02;5.653179e-02
9.869576e-02;1.911255e-01;4.735380e-02;9.090005e-02;5.359250e-02;1.241387e-01;6.473558e-02;1.096781e-01;4.775094e-02;6.042023e-02;4.302206e-02;6.858674e-02
8.472640e-02;1.149515e-01;1.954632e-01;6.664219e-02;5.816038e-02;1.377899e-01;6.012902e-02;1.305861e-01;6.932767e-02;1.850031e-02;2.605801e-02;3.766524e-02
8.399519e-02;2.714197e-01;1.967950e-01;3.670719e-02;5.621298e-02;8.362360e-02;5.002297e-02;1.116272e-01;5.886988e-02;2.183186e-02;1.671267e-02;1.218173e-02
1.180509e-01;3.242746e-01;1.468830e-01;1.566008e-02;7.455062e-02;6.355967e-02;3.488371e-02;1.394477e-01;4.957246e-02;9.244959e-03;1.455004e-02;9.322317e-03
1.615885e-01;2.781564e-01;8.346142e-02;4.165164e-03;1.093571e-01;4.033455e-02;2.548414e-02;2.182981e-01;4.339460e-02;5.351710e-03;1.707702e-02;1.333129e-02
1.823139e-01;1.840828e-01;7.505597e-02;8.367945e-03;9.565779e-02;2.106736e-02;3.745286e-02;3.143567e-01;3.475314e-02;9.678422e-03;1.526266e-02;2.195048e-02
1.816290e-01;1.354496e-01;6.446119e-02;5.973575e-03;5.283945e-02;1.462308e-02;5.170488e-02;3.786687e-01;4.918922e-02;1.249414e-02;2.524748e-02;2.771969e-02
1.950851e-01;1.159113e-01;5.708294e-02;6.650806e-03;3.175574e-02;1.504748e-02;4.936083e-02;3.686836e-01;5.288181e-02;1.554061e-02;6.519854e-02;2.680117e-02
2.506578e-01;9.013505e-02;7.148173e-02;7.120014e-03;2.929852e-02;2.151242e-02;6.203563e-02;3.186060e-01;3.060933e-02;1.907669e-02;7.438686e-02;2.507992e-02
2.691877e-01;1.315150e-01;1.146166e-01;6.148963e-03;2.875325e-02;2.588902e-02;7.476866e-02;2.513161e-01;1.705364e-02;1.360614e-02;3.504728e-02;3.209762e-02
2.379238e-01;1.162313e-01;1.601476e-01;1.677432e-02;3.286359e-02;4.612147e-02;7.460358e-02;2.277908e-01;2.286335e-02;7.258852e-03;1.170715e-02;4.571420e-02
1.913200e-01;1.006322e-01;1.711974e-01;2.016515e-02;3.850788e-02;6.118172e-02;8.076531e-02;2.272875e-01;2.220423e-02;1.365634e-02;1.445100e-02;5.863131e-02
2.045165e-01;1.331916e-01;1.399257e-01;1.759370e-02;2.775091e-02;4.699447e-02;6.699182e-02;2.363885e-01;3.237255e-02;2.268282e-02;1.192516e-02;5.966629e-02
2.070791e-01;1.786266e-01;1.308465e-01;1.648665e-02;5.443047e-02;4.115075e-02;6.414404e-02;1.862291e-01;2.773917e-02;1.951008e-02;1.353735e-02;6.022005e-02
1.750221e-01;2.755788e-01;1.375576e-01;3.025950e-02;6.988717e-02;2.675190e-02;6.193740e-02;1.157271e-01;3.317310e-02;1.690340e-02;1.250297e-02;4.469914e-02
1.075009e-01;3.777404e-01;1.736730e-01;5.295260e-02;3.970141e-02;3.515635e-02;4.255959e-02;5.656246e-02;6.029032e-02;1.901624e-02;1.032493e-02;2.452177e-02
5.980214e-02;4.367054e-01;2.235769e-01;5.746675e-02;1.379592e-02;3.395348e-02;2.499343e-02;4.115209e-02;7.421064e-02;1.642429e-02;4.255467e-03;1.366347e-02
4.907789e-02;4.542060e-01;2.587008e-01;5.263437e-02;1.258577e-02;3.374963e-02;8.839706e-03;4.208860e-02;6.600046e-02;8.608616e-03;2.498346e-03;1.100972e-02
6.227573e-02;4.556270e-01;2.580129e-01;4.155270e-02;1.449676e-02;2.891632e-02;1.230194e-02;4.001566e-02;6.108965e-02;1.197244e-02;4.425916e-03;9.312962e-03
9.596974e-02;4.109221e-01;2.453895e-01;3.188157e-02;2.110235e-02;3.460945e-02;2.289292e-02;4.416496e-02;5.000085e-02;2.010780e-02;1.159282e-02;1.136595e-02
1.569453e-01;3.302625e-01;1.701417e-01;2.058697e-02;4.102273e-02;3.740291e-02;4.351018e-02;7.190995e-02;5.251859e-02;2.870087e-02;1.889336e-02;2.810483e-02
1.746486e-01;2.290117e-01;1.265198e-01;2.305987e-02;5.428471e-02;4.079204e-02;4.602876e-02;1.263939e-01;5.585647e-02;4.204131e-02;3.228899e-02;4.907382e-02
1.209682e-01;2.728492e-01;1.805450e-01;3.050514e-02;2.190181e-02;5.224633e-02;4.059834e-02;1.365824e-01;5.458684e-02;2.822675e-02;1.898688e-02;4.200310e-02
1.155499e-01;2.337960e-01;2.100667e-01;4.063770e-02;1.630648e-02;3.608229e-02;4.466220e-02;1.422109e-01;6.237330e-02;3.261444e-02;2.663740e-02;3.906280e-02
1.078294e-01;2.522240e-01;2.154469e-01;4.852457e-02;2.583871e-02;4.967866e-02;3.646090e-02;1.071077e-01;5.811944e-02;3.942791e-02;2.375380e-02;3.558804e-02
9.612853e-02;3.353834e-01;2.285093e-01;4.679657e-02;2.248923e-02;7.439616e-02;2.784996e-02;6.141328e-02;3.637677e-02;2.873174e-02;1.834349e-02;2.358155e-02
4.894713e-02;3.700142e-01;3.545683e-01;2.378751e-02;1.871864e-02;4.302632e-02;1.348351e-02;4.845777e-02;2.230480e-02;1.988417e-02;1.358644e-02;2.322115e-02
1.873807e-02;3.443942e-01;4.344014e-01;2.511949e-02;1.264970e-02;1.787645e-02;1.608829e-02;5.519985e-02;1.939565e-02;2.662013e-02;7.400416e-03;2.211637e-02
1.768595e-02;3.288424e-01;4.699475e-01;3.125325e-02;1.060367e-02;1.775122e-02;1.591180e-02;4.419669e-02;1.533911e-02;3.168160e-02;2.299413e-03;1.448745e-02
2.531050e-02;3.408702e-01;4.709032e-01;2.451044e-02;1.205610e-02;9.655819e-03;9.489054e-03;4.193740e-02;1.538351e-02;3.792799e-02;3.484356e-03;8.471448e-03
3.176285e-02;3.226164e-01;4.041546e-01;2.447794e-02;1.376328e-02;3.947567e-02;1.959292e-02;5.655179e-02;2.079823e-02;4.259896e-02;1.086335e-02;1.334401e-02
4.660026e-02;2.354208e-01;2.686771e-01;3.822912e-02;1.845528e-02;1.049118e-01;5.275891e-02;9.665620e-02;4.933567e-02;4.943083e-02;1.410738e-02;2.541662e-02
6.030636e-02;1.456945e-01;1.441011e-01;4.938733e-02;2.494939e-02;1.313195e-01;7.500233e-02;1.753218e-01;9.272075e-02;5.466936e-02;1.506503e-02;3.146261e-02
6.588786e-02;2.818733e-01;6.349002e-02;6.042268e-02;3.606489e-02;8.982792e-02;6.763744e-02;1.538406e-01;8.558805e-02;5.336403e-02;1.495396e-02;2.704925e-02
5.624652e-02;3.376675e-01;1.922647e-01;7.972710e-02;2.984636e-02;7.762410e-02;3.985412e-02;7.700624e-02;4.666834e-02;2.756385e-02;1.059701e-02;2.493415e-02
5.573889e-02;2.689978e-01;1.983414e-01;6.663298e-02;3.206921e-02;1.202717e-01;4.442870e-02;9.747536e-02;4.739645e-02;2.791228e-02;9.061645e-03;3.167370e-02
6.066741e-02;1.967557e-01;2.063203e-01;5.114216e-02;3.471450e-02;1.605226e-01;4.484580e-02;1.273774e-01;4.636886e-02;2.411872e-02;1.430344e-02;3.286323e-02
7.469751e-02;1.112758e-01;2.370319e-01;3.668780e-02;3.293685e-02;1.812312e-01;2.846079e-02;1.524594e-01;6.204121e-02;2.102095e-02;2.393820e-02;3.821832e-02
8.238921e-02;1.763545e-01;2.833878e-01;3.431525e-02;2.207907e-02;1.181144e-01;3.299377e-02;1.177011e-01;4.759855e-02;2.824658e-02;2.021452e-02;3.660521e-02
8.090492e-02;3.171336e-01;3.318240e-01;3.692790e-02;1.842798e-02;6.159175e-02;1.571605e-02;5.659263e-02;3.024157e-02;2.024275e-02;1.013127e-02;2.026553e-02
9.543069e-02;3.339098e-01;1.780729e-01;4.123444e-02;3.010686e-02;1.027694e-01;2.920678e-02;7.748798e-02;4.294827e-02;2.084296e-02;1.329028e-02;3.469960e-02
1.111660e-01;1.791185e-01;1.211580e-01;5.804755e-02;4.676401e-02;7.693481e-02;6.824534e-02;1.031099e-01;8.469854e-02;4.236654e-02;3.629518e-02;7.209573e-02
8.990433e-02;1.246585e-01;1.610702e-01;5.563815e-02;4.642689e-02;6.165835e-02;8.629702e-02;9.984963e-02;8.433811e-02;5.657608e-02;5.321416e-02;8.036860e-02
5.749132e-02;2.283256e-01;2.156143e-01;3.896482e-02;3.420225e-02;8.542316e-02;7.162761e-02;7.122599e-02;7.117424e-02;3.356505e-02;3.536999e-02;5.701573e-02
3.239362e-02;2.132181e-01;2.958945e-01;3.602897e-02;3.099833e-02;7.624331e-02;4.633512e-02;4.067161e-02;5.714069e-02;1.058759e-01;4.675604e-02;1.844383e-02
3.110734e-02;1.606538e-01;3.277668e-01;3.210125e-02;2.562794e-02;5.675258e-02;3.192291e-02;3.639895e-02;5.807691e-02;1.684074e-01;4.115504e-02;3.002906e-02
2.349794e-02;1.798444e-01;3.462701e-01;2.061603e-02;1.435476e-02;2.680180e-02;1.755154e-02;2.240188e-02;7.887416e-02;2.052101e-01;1.720052e-02;4.737669e-02
2.089642e-02;2.294563e-01;3.081935e-01;1.500494e-02;8.867390e-03;2.369618e-02;1.987695e-02;1.718148e-02;1.157825e-01;1.707889e-01;1.070064e-02;5.955474e-02
2.425932e-02;2.559260e-01;2.824216e-01;1.754314e-02;1.196685e-02;5.409924e-02;1.910416e-02;3.549018e-02;1.286109e-01;1.174744e-01;1.032524e-02;4.277898e-02
3.617574e-02;2.996205e-01;2.838736e-01;2.061500e-02;1.625621e-02;6.409246e-02;1.804001e-02;5.849193e-02;8.929849e-02;7.717978e-02;1.774141e-02;1.861485e-02
3.205149e-02;3.282264e-01;4.023702e-01;1.761645e-02;9.443963e-03;3.895942e-02;1.264065e-02;4.427750e-02;3.401990e-02;6.019532e-02;1.403088e-02;6.167745e-03
2.659400e-02;3.406055e-01;4.607481e-01;1.451244e-02;7.603020e-03;3.183499e-02;7.747770e-03;2.481514e-02;2.004641e-02;4.790666e-02;1.110767e-02;6.478344e-03
2.766979e-02;3.574632e-01;4.876456e-01;1.195636e-02;5.841268e-03;1.375485e-02;6.390559e-03;1.869462e-02;1.965381e-02;3.861187e-02;5.891828e-03;6.426364e-03
2.452173e-02;3.400318e-01;4.733059e-01;1.160979e-02;6.555870e-03;4.307260e-02;3.366072e-03;1.929941e-02;2.622313e-02;4.215445e-02;3.568031e-03;6.291216e-03
2.437677e-02;3.196630e-01;4.887343e-01;1.481506e-02;7.493698e-03;3.965845e-02;6.976775e-03;1.846650e-02;3.079836e-02;3.873428e-02;4.766867e-03;5.515900e-03
2.662406e-02;3.052696e-01;4.854572e-01;2.277078e-02;1.393639e-02;3.515499e-02;2.064657e-02;2.199141e-02;3.114735e-02;2.035418e-02;7.732433e-03;8.915097e-03
2.804264e-02;2.939364e-01;4.792039e-01;2.600188e-02;1.523353e-02;2.858108e-02;3.039530e-02;3.218659e-02;2.219887e-02;2.824461e-02;7.753464e-03;8.221660e-03
2.760777e-02;2.713832e-01;5.118787e-01;2.118802e-02;1.389616e-02;1.270124e-02;3.312956e-02;3.146002e-02;1.920509e-02;4.575640e-02;4.878731e-03;6.915211e-03
2.325246e-02;2.738502e-01;5.282395e-01;1.784167e-02;9.849128e-03;3.104983e-02;2.215168e-02;2.106358e-02;1.319295e-02;4.817776e-02;3.317128e-03;8.014060e-03
2.027665e-02;2.963035e-01;5.348191e-01;1.448935e-02;7.820015e-03;1.910247e-02;1.860848e-02;1.776981e-02;1.775061e-02;4.133506e-02;4.601934e-03;7.123072e-03
2.128327e-02;2.937317e-01;5.320074e-01;1.298518e-02;7.737818e-03;3.014810e-02;1.758075e-02;1.627674e-02;1.690119e-02;3.901631e-02;5.785496e-03;6.546031e-03
2.444365e-02;2.666593e-01;5.717429e-01;1.823137e-02;6.610827e-03;1.598245e-02;1.829578e-02;1.335445e-02;1.277677e-02;4.125261e-02;3.702803e-03;6.947012e-03
2.644945e-02;2.993228e-01;5.396301e-01;1.275972e-02;5.182860e-03;2.612124e-02;1.231919e-02;2.041309e-02;7.899195e-03;3.781114e-02;5.826657e-03;6.264529e-03
2.520696e-02;2.899187e-01;5.232311e-01;1.509676e-02;1.295442e-02;3.542873e-02;1.358893e-02;2.919782e-02;9.054913e-03;3.398269e-02;6.675131e-03;5.663874e-03
2.006781e-02;2.694230e-01;5.102055e-01;2.205272e-02;1.852076e-02;3.831394e-02;1.692753e-02;4.456040e-02;2.461981e-02;2.684517e-02;5.027295e-03;3.436006e-03
1.527481e-02;2.923514e-01;4.732263e-01;3.318109e-02;1.448925e-02;4.144488e-02;6.783058e-03;4.661467e-02;3.397650e-02;2.800475e-02;5.324973e-03;9.328267e-03
1.990054e-02;3.363891e-01;4.262487e-01;3.577266e-02;8.005066e-03;3.200527e-02;6.056014e-03;3.146134e-02;4.623165e-02;3.385437e-02;1.148958e-02;1.258572e-02
2.620228e-02;3.813278e-01;3.449747e-01;2.722672e-02;4.823114e-03;3.788881e-02;7.888022e-03;2.158923e-02;7.308201e-02;3.262917e-02;3.273845e-02;9.629659e-03
3.517194e-02;3.958078e-01;2.516104e-01;2.382919e-02;8.577010e-03;4.173567e-02;1.928275e-02;5.737191e-02;9.181308e-02;2.422343e-02;4.329361e-02;7.283218e-03
6.200111e-02;3.685608e-01;1.955258e-01;1.340371e-02;4.862798e-02;2.636657e-02;3.877941e-02;1.146398e-01;8.479921e-02;1.369959e-02;2.633020e-02;7.265918e-03
1.023935e-01;2.734745e-01;1.529101e-01;1.322557e-02;1.193547e-01;2.097859e-02;5.066416e-02;1.483833e-01;6.939023e-02;1.210207e-02;2.884467e-02;8.278513e-03
1.655252e-01;1.774344e-01;9.207315e-02;2.583067e-02;1.692864e-01;2.081775e-02;3.441768e-02;2.075854e-01;5.384059e-02;1.161877e-02;3.018533e-02;1.138475e-02
2.360166e-01;1.172422e-01;4.760304e-02;2.886724e-02;1.561352e-01;2.106235e-02;2.629271e-02;2.799972e-01;3.979004e-02;1.416877e-02;2.067337e-02;1.215128e-02
2.983275e-01;1.199934e-01;6.773438e-02;1.664218e-02;1.058101e-01;1.837867e-02;2.077165e-02;2.935112e-01;1.923942e-02;1.556529e-02;1.701574e-02;7.010468e-03
3.308430e-01;1.478310e-01;1.084498e-01;6.167871e-03;6.232407e-02;1.272844e-02;1.658368e-02;2.587952e-01;2.474577e-02;4.757258e-03;1.377617e-02;1.299773e-02
3.522588e-01;1.636941e-01;1.365492e-01;6.992035e-03;4.039719e-02;9.927135e-03;1.320153e-02;2.287125e-01;1.455057e-02;7.538537e-03;1.017394e-02;1.600452e-02
4.074023e-01;1.102114e-01;1.288285e-01;9.212818e-03;3.250033e-02;5.788993e-03;1.149413e-02;2.379696e-01;1.823813e-02;4.957445e-03;1.011535e-02;2.328095e-02
4.355004e-01;1.203414e-01;8.522320e-02;8.861116e-03;2.593805e-02;1.059743e-02;1.177257e-02;2.559121e-01;1.790138e-02;4.976808e-03;8.050282e-03;1.492517e-02
3.946889e-01;1.425323e-01;9.447271e-02;9.049763e-03;1.686114e-02;1.412211e-02;1.692331e-02;2.585343e-01;2.354287e-02;5.078933e-03;1.274054e-02;1.145318e-02
2.827895e-01;1.894305e-01;1.569958e-01;7.653600e-03;1.399354e-02;1.121525e-02;1.808596e-02;2.281806e-01;4.764647e-02;1.064708e-02;1.720922e-02;1.615248e-02
1.417874e-01;3.153387e-01;2.127075e-01;8.213482e-03;1.306352e-02;1.213836e-02;1.484860e-02;1.806528e-01;5.916322e-02;1.174660e-02;9.876994e-03;2.046269e-02
1.043926e-01;3.943660e-01;2.084762e-01;1.007766e-02;1.357169e-02;1.589045e-02;1.570969e-02;1.187539e-01;7.930385e-02;9.908124e-03;1.173438e-02;1.781543e-02
1.604505e-01;4.587132e-01;1.251737e-01;1.110725e-02;1.153605e-02;2.181575e-02;1.740021e-02;5.128661e-02;1.124462e-01;3.820597e-03;1.207887e-02;1.417110e-02
1.533881e-01;4.540853e-01;1.333906e-01;1.302498e-02;1.283466e-02;1.582247e-02;1.484225e-02;5.082153e-02;1.139977e-01;1.338685e-02;1.086070e-02;1.354476e-02
1.215337e-01;4.522364e-01;1.761790e-01;1.384144e-02;1.749220e-02;1.352571e-02;1.215626e-02;7.086960e-02;9.415642e-02;8.205265e-03;9.636670e-03;1.016736e-02
8.997954e-02;4.518290e-01;2.339281e-01;1.462657e-02;1.609799e-02;1.143786e-02;7.797820e-03;6.129335e-02;8.644541e-02;1.331054e-02;5.097270e-03;8.156585e-03
6.425992e-02;4.472738e-01;2.680512e-01;1.375541e-02;1.259506e-02;2.649771e-02;7.764692e-03;5.035269e-02;8.243176e-02;1.216894e-02;6.136945e-03;8.711911e-03
7.318327e-02;4.453401e-01;2.744384e-01;1.674620e-02;1.331150e-02;2.715920e-02;5.204802e-03;5.217070e-02;7.254509e-02;1.117522e-02;2.126154e-03;6.599373e-03
9.251653e-02;4.411888e-01;2.588897e-01;1.896864e-02;1.067154e-02;4.108921e-02;9.604769e-03;5.196341e-02;4.983850e-02;5.494944e-03;6.602665e-03;1.317124e-02
9.702896e-02;4.521891e-01;2.702323e-01;1.571877e-02;5.687949e-03;5.019166e-02;6.806633e-03;4.437678e-02;3.470048e-02;7.244566e-03;8.317181e-03;7.505603e-03
6.753960e-02;4.416411e-01;3.213243e-01;1.452571e-02;6.685535e-03;5.326241e-02;9.597580e-03;3.846093e-02;2.498760e-02;7.416252e-03;3.601680e-03;1.095732e-02
4.950358e-02;3.999664e-01;3.992112e-01;1.288242e-02;1.095431e-02;3.465480e-02;1.267915e-02;3.098381e-02;2.319699e-02;1.441417e-02;2.901727e-03;8.651354e-03
4.810453e-02;3.434436e-01;4.624804e-01;1.629339e-02;1.452231e-02;2.128344e-02;1.287664e-02;3.362211e-02;1.326320e-02;2.671080e-02;2.302971e-03;5.096589e-03
6.170339e-02;2.653967e-01;5.088438e-01;2.234675e-02;2.113657e-02;1.051393e-02;2.717644e-02;3.198737e-02;9.244467e-03;3.459476e-02;2.816399e-03;4.239463e-03
7.235671e-02;2.230977e-01;5.121564e-01;2.549572e-02;2.223149e-02;2.747533e-02;3.481354e-02;2.960201e-02;7.755054e-03;3.375021e-02;6.748490e-03;4.517396e-03
7.883675e-02;2.351247e-01;4.645193e-01;2.746090e-02;1.929650e-02;5.482060e-02;2.807275e-02;3.528926e-02;1.150794e-02;2.357495e-02;1.084031e-02;1.065597e-02
8.697269e-02;3.086729e-01;3.735903e-01;2.091585e-02;1.729008e-02;7.544894e-02;1.762895e-02;4.326683e-02;1.746913e-02;1.489173e-02;1.019379e-02;1.365879e-02
1.121023e-01;3.198136e-01;3.575876e-01;1.717776e-02;1.243169e-02;7.380299e-02;1.291242e-02;4.177256e-02;2.073613e-02;1.537771e-02;8.182963e-03;8.102339e-03
1.618975e-01;2.519671e-01;3.816502e-01;2.534825e-02;1.377695e-02;4.539449e-02;2.194249e-02;3.600861e-02;1.588065e-02;1.908525e-02;1.027298e-02;1.677559e-02
2.196819e-01;2.622843e-01;3.245586e-01;2.882351e-02;2.325280e-02;3.396568e-02;1.999130e-02;2.370479e-02;1.853006e-02;1.951389e-02;1.425833e-02;1.143473e-02
2.021711e-01;2.461848e-01;3.004006e-01;2.318602e-02;2.015447e-02;4.447861e-02;1.562819e-02;5.960530e-02;3.088456e-02;2.073084e-02;1.276564e-02;2.380985e-02
1.620310e-01;2.043047e-01;2.470771e-01;3.356228e-02;3.123017e-02;6.685428e-02;2.948924e-02;9.429953e-02;3.603919e-02;2.661767e-02;2.394426e-02;4.455057e-02
1.460853e-01;1.643132e-01;1.664315e-01;5.472103e-02;5.403700e-02;1.107605e-01;4.036188e-02;1.099642e-01;4.164298e-02;3.303527e-02;2.658463e-02;5.206267e-02
8.201060e-02;1.162073e-01;1.491452e-01;8.497594e-02;9.860671e-02;2.069382e-01;3.989740e-02;9.557214e-02;3.128277e-02;2.180946e-02;3.568515e-02;3.786926e-02
3.754886e-02;9.146173e-02;1.999886e-01;1.100167e-01;1.137217e-01;2.312310e-01;2.529926e-02;7.553194e-02;2.160067e-02;1.713083e-02;4.330814e-02;3.316052e-02
2.468446e-02;1.108749e-01;2.344489e-01;1.192122e-01;9.985452e-02;2.170850e-01;3.094155e-02;6.344607e-02;2.186117e-02;2.097600e-02;4.000244e-02;1.661282e-02
2.355338e-02;1.359219e-01;2.945169e-01;1.234495e-01;3.309556e-02;1.497634e-01;6.097933e-02;6.756347e-02;4.298456e-02;3.754220e-02;1.684031e-02;1.378946e-02
2.059212e-02;9.992717e-02;2.615184e-01;1.519645e-01;8.891744e-02;1.092227e-01;4.720616e-02;8.189505e-02;3.677117e-02;3.767261e-02;3.982156e-02;2.449114e-02
1.297589e-02;7.333012e-02;1.898916e-01;1.914566e-01;1.436726e-01;1.521641e-01;2.374082e-02;7.819507e-02;1.848449e-02;2.262181e-02;5.142572e-02;4.204116e-02
2.122086e-02;7.433965e-02;9.610116e-02;2.014555e-01;1.717263e-01;2.149933e-01;1.485903e-02;8.853275e-02;1.722840e-02;1.368564e-02;3.701348e-02;4.884397e-02
3.370370e-02;1.051654e-01;1.423822e-01;1.634779e-01;1.286950e-01;2.285216e-01;3.100909e-02;9.031101e-02;2.124252e-02;1.153834e-02;1.112662e-02;3.282660e-02
5.553215e-02;1.168749e-01;2.563508e-01;1.036302e-01;8.882727e-02;1.663132e-01;4.109362e-02;8.725017e-02;3.419682e-02;1.805852e-02;1.263653e-02;1.923577e-02
6.364874e-02;2.286486e-01;3.620000e-01;2.428471e-02;8.068807e-02;9.482346e-02;2.702123e-02;5.304440e-02;2.501181e-02;8.672245e-03;1.164769e-02;2.050898e-02
5.289048e-02;2.239855e-01;3.624677e-01;2.944287e-02;6.243277e-02;1.415357e-01;2.358886e-02;4.351053e-02;1.317215e-02;1.740828e-02;1.474113e-02;1.482403e-02
3.598577e-02;1.735002e-01;3.553651e-01;7.207987e-02;6.160056e-02;1.456340e-01;1.670297e-02;5.321975e-02;2.267201e-02;2.114255e-02;2.378303e-02;1.831411e-02
3.688389e-02;1.473671e-01;3.647379e-01;9.103025e-02;4.328071e-02;1.227769e-01;9.335667e-03;6.846210e-02;4.121416e-02;2.241435e-02;2.229041e-02;3.020652e-02
5.404650e-02;1.488276e-01;2.775243e-01;9.559917e-02;5.722240e-02;8.439755e-02;2.316319e-02;7.206590e-02;7.339431e-02;5.901673e-02;1.498045e-02;3.976192e-02
6.785865e-02;1.429474e-01;1.399124e-01;8.359318e-02;5.025464e-02;9.471564e-02;4.447709e-02;1.027561e-01;9.953218e-02;8.907895e-02;3.867004e-02;4.620373e-02
4.359292e-02;1.143872e-01;9.731361e-02;1.148245e-01;1.087026e-01;2.073465e-01;5.399998e-02;9.000950e-02;5.413965e-02;5.444597e-02;2.812208e-02;3.311537e-02
2.072271e-02;1.219840e-01;1.818542e-01;1.533678e-01;1.357323e-01;1.908437e-01;3.453376e-02;6.478404e-02;1.883954e-02;1.858772e-02;3.365367e-02;2.509648e-02
1.241751e-02;1.172447e-01;1.856222e-01;2.092968e-01;1.594781e-01;1.517855e-01;1.811593e-02;5.675293e-02;1.301843e-02;1.225100e-02;4.194529e-02;2.207164e-02
1.074756e-02;9.616744e-02;1.706596e-01;2.555419e-01;1.473066e-01;1.420363e-01;1.198536e-02;6.815298e-02;1.698800e-02;7.852348e-03;6.031055e-02;1.225130e-02
2.303184e-02;8.739459e-02;2.075477e-01;2.408157e-01;1.105489e-01;1.212789e-01;1.578107e-02;7.757381e-02;2.579081e-02;1.932706e-02;6.241755e-02;8.492075e-03
4.071026e-02;1.036033e-01;2.823763e-01;1.943448e-01;9.885865e-02;7.627023e-02;2.550469e-02;5.797733e-02;3.366401e-02;3.929586e-02;4.214124e-02;5.253341e-03
5.380349e-02;1.368590e-01;3.139374e-01;1.246845e-01;6.935219e-02;8.517096e-02;2.838806e-02;4.844173e-02;3.403971e-02;5.440215e-02;4.078681e-02;1.013395e-02
5.937085e-02;1.608642e-01;2.372167e-01;8.790836e-02;2.435094e-02;1.328778e-01;2.290174e-02;1.003672e-01;6.750686e-02;5.459727e-02;3.612531e-02;1.591272e-02
3.073762e-02;1.229720e-01;1.912156e-01;5.083869e-02;5.339460e-02;1.307270e-01;4.311700e-02;1.699498e-01;1.066597e-01;3.752711e-02;2.840511e-02;3.445570e-02
3.237532e-02;1.667403e-01;2.311163e-01;3.858576e-02;4.585359e-02;1.006502e-01;3.325208e-02;1.739350e-01;8.928503e-02;2.736072e-02;2.558449e-02;3.526114e-02
3.130762e-02;1.984883e-01;2.636141e-01;3.480492e-02;4.128186e-02;9.546754e-02;1.260033e-02;1.582342e-01;7.997801e-02;2.560317e-02;3.153523e-02;2.708465e-02
4.468155e-02;1.759703e-01;2.612683e-01;5.117454e-02;3.636769e-02;9.160531e-02;2.898652e-02;1.372929e-01;7.939973e-02;3.656493e-02;2.928420e-02;2.740405e-02
6.115537e-02;1.132826e-01;2.301550e-01;4.631757e-02;7.637904e-02;1.232119e-01;2.496929e-02;1.510243e-01;9.024104e-02;4.434098e-02;1.891149e-02;2.001160e-02
5.671416e-02;1.667965e-01;2.213569e-01;8.005555e-02;9.414736e-02;1.359902e-01;4.199760e-02;8.576695e-02;5.044109e-02;3.078404e-02;1.768084e-02;1.826887e-02
5.059249e-02;1.589524e-01;1.317793e-01;1.387002e-01;7.033910e-02;2.274927e-01;4.079151e-02;6.809819e-02;2.805061e-02;3.011507e-02;2.526899e-02;2.981946e-02
4.088706e-02;1.351099e-01;2.135749e-01;1.381352e-01;5.671693e-02;2.229106e-01;2.036215e-02;6.836651e-02;2.762253e-02;2.551595e-02;2.643674e-02;2.436151e-02
3.846452e-02;1.224869e-01;2.227181e-01;1.280161e-01;1.198474e-01;1.814960e-01;2.087245e-02;6.135486e-02;3.357477e-02;2.065870e-02;2.958369e-02;2.092639e-02
4.411795e-02;1.126435e-01;1.646626e-01;1.075484e-01;1.402779e-01;2.158861e-01;3.048782e-02;6.362941e-02;3.467023e-02;2.523850e-02;3.861583e-02;2.222171e-02
3.847468e-02;8.055376e-02;1.367936e-01;1.119340e-01;8.803938e-02;2.702243e-01;5.055602e-02;9.104112e-02;4.037038e-02;3.806203e-02;2.818651e-02;2.576426e-02
4.519774e-02;1.117642e-01;1.527646e-01;9.120926e-02;7.421979e-02;2.032448e-01;7.951728e-02;4.309387e-02;7.834047e-02;4.794820e-02;4.305585e-02;2.964394e-02
4.504947e-02;1.409947e-01;1.421880e-01;3.686075e-02;6.008566e-02;1.544452e-01;7.126809e-02;1.120742e-01;1.061889e-01;5.878300e-02;4.181946e-02;3.024255e-02
4.036134e-02;1.542615e-01;1.656354e-01;6.300689e-02;4.681491e-02;1.074482e-01;8.402641e-02;1.447089e-01;1.032438e-01;4.693028e-02;2.185636e-02;2.170604e-02
1.891118e-02;1.269678e-01;2.618284e-01;8.501329e-02;6.238924e-02;1.083543e-01;9.402815e-02;9.171481e-02;5.196466e-02;6.488677e-02;2.052093e-02;1.342055e-02
1.126560e-02;1.780833e-01;3.134227e-01;7.686348e-02;4.289602e-02;1.003695e-01;7.338589e-02;4.553567e-02;4.565301e-02;8.313429e-02;1.752554e-02;1.186498e-02
1.478047e-02;2.719910e-01;3.075715e-01;4.843865e-02;2.646163e-02;1.015353e-01;4.428462e-02;1.925779e-02;7.286961e-02;7.536110e-02;7.454528e-03;9.993866e-03
2.467967e-02;3.822608e-01;2.235552e-01;2.245793e-02;2.333312e-02;1.250433e-01;1.492132e-02;1.955114e-02;1.192257e-01;3.799033e-02;1.206222e-03;5.775295e-03
3.278872e-02;4.681357e-01;1.535263e-01;1.475372e-02;1.704778e-02;1.082209e-01;9.333465e-03;2.241235e-02;1.520764e-01;1.253525e-02;4.773797e-03;4.395488e-03
2.399462e-02;5.150429e-01;1.543412e-01;1.300838e-02;6.371802e-03;8.124720e-02;1.138516e-02;2.052434e-02;1.506619e-01;1.027561e-02;5.755025e-03;7.391812e-03
2.295183e-02;5.056455e-01;2.023064e-01;1.145047e-02;8.647557e-03;5.561282e-02;1.282120e-02;2.031006e-02;1.216743e-01;2.846031e-02;4.144385e-03;5.975074e-03
2.628708e-02;4.677232e-01;2.563943e-01;1.404158e-02;7.269377e-03;2.280157e-02;4.850603e-03;1.761546e-02;9.249327e-02;7.527601e-02;7.823937e-03;7.423599e-03
1.588850e-02;3.649169e-01;3.534854e-01;1.841735e-02;3.634586e-03;1.301857e-02;8.678434e-03;1.399581e-02;5.947190e-02;1.297690e-01;1.249998e-02;6.223619e-03
1.399800e-02;2.427293e-01;4.423503e-01;3.616666e-02;2.120341e-03;2.779870e-02;1.407052e-02;1.079942e-02;3.858621e-02;1.556392e-01;1.363051e-02;2.110817e-03
1.404560e-02;1.464433e-01;5.139015e-01;7.508636e-02;8.276665e-03;2.047770e-02;1.448083e-02;1.326472e-02;2.635798e-02;1.207251e-01;4.338022e-02;3.560054e-03
1.109935e-02;1.642436e-01;5.148944e-01;1.068864e-01;1.481369e-02;1.749073e-02;1.090012e-02;9.296926e-03;1.480876e-02;7.078833e-02;5.724885e-02;7.528855e-03
8.828266e-03;1.706620e-01;4.667163e-01;1.092309e-01;1.113931e-02;3.620309e-02;1.230318e-02;8.456736e-03;1.823715e-02;9.399294e-02;5.505507e-02;9.175031e-03
1.136239e-02;1.677752e-01;4.632026e-01;1.086754e-01;1.405109e-02;1.965841e-02;1.673181e-02;1.688963e-02;2.975967e-02;1.101959e-01;3.176541e-02;9.932517e-03
1.313484e-02;2.205708e-01;4.467774e-01;8.326551e-02;1.115995e-02;3.262521e-02;1.727916e-02;1.650517e-02;3.997435e-02;8.888073e-02;1.700745e-02;1.281935e-02
1.281296e-02;2.670608e-01;3.674207e-01;5.159578e-02;1.747277e-02;3.960519e-02;2.344353e-02;2.440156e-02;5.423056e-02;1.013334e-01;3.114197e-02;9.480715e-03
2.278103e-02;2.884521e-01;3.365377e-01;3.164407e-02;1.540561e-02;5.520137e-02;3.073223e-02;5.785258e-02;6.410899e-02;7.903826e-02;9.661412e-03;8.584597e-03
3.389733e-02;2.533861e-01;3.294849e-01;4.554112e-02;9.710084e-03;5.667867e-02;2.876003e-02;9.759212e-02;6.815501e-02;4.317071e-02;1.974907e-02;1.387493e-02
3.313197e-02;2.054765e-01;3.236953e-01;8.022768e-02;2.127398e-02;5.490606e-02;1.933962e-02;1.206171e-01;6.566180e-02;4.382431e-02;2.008741e-02;1.175821e-02
1.393670e-02;1.765631e-01;4.058739e-01;9.415432e-02;2.580679e-02;8.530347e-02;1.913464e-02;7.463294e-02;4.022719e-02;4.250652e-02;8.610988e-03;1.324948e-02
2.211471e-02;1.794425e-01;4.651191e-01;7.624839e-02;2.357104e-02;6.606989e-02;3.365234e-02;5.077324e-02;3.231184e-02;3.123559e-02;7.545113e-03;1.191628e-02
2.837518e-02;2.046926e-01;3.848050e-01;5.836927e-02;3.119211e-02;8.923291e-02;3.656550e-02;5.495867e-02;5.883582e-02;2.334193e-02;1.291514e-02;1.671585e-02
2.862041e-02;2.471890e-01;2.691281e-01;9.012596e-02;3.517097e-02;1.259088e-01;3.264540e-02;4.290951e-02;7.652137e-02;2.530161e-02;6.076765e-03;2.040200e-02
1.837102e-02;2.463452e-01;3.332497e-01;8.972321e-02;2.107226e-02;1.020258e-01;2.919527e-02;2.789879e-02;6.561609e-02;4.735583e-02;6.937392e-03;1.220944e-02
