9.752440e-02;5.472120e-02;1.620743e-01;4.588851e-02;7.167120e-02;1.049876e-01;6.338746e-02;1.143299e-01;6.915775e-02;9.703750e-02;7.056281e-02;4.865736e-02
7.556567e-02;4.326859e-02;1.879677e-01;3.152138e-02;9.720184e-02;9.528469e-02;8.082913e-02;1.267139e-01;4.372639e-02;9.304743e-02;7.664162e-02;4.823169e-02
8.235535e-02;5.722087e-02;1.928957e-01;2.908169e-02;9.263972e-02;7.604607e-02;7.817919e-02;8.093507e-02;5.810195e-02;1.187335e-01;9.039672e-02;4.341411e-02
7.285558e-02;5.925610e-02;1.427296e-01;4.062915e-02;7.021914e-02;4.340601e-02;1.212785e-01;4.611573e-02;8.197519e-02;1.589085e-01;1.242789e-01;3.834761e-02
3.601081e-02;4.196681e-02;1.058362e-01;5.910365e-02;5.982625e-02;4.010814e-02;1.388224e-01;8.818199e-02;1.159041e-01;1.386164e-01;1.119027e-01;6.372047e-02
4.565370e-02;3.157691e-02;1.221569e-01;7.135178e-02;5.751697e-02;3.797235e-02;1.213422e-01;5.091199e-02;1.800192e-01;1.462759e-01;7.116050e-02;6.406163e-02
5.408805e-02;4.338797e-02;1.001482e-01;5.501506e-02;5.954545e-02;3.766601e-02;1.227483e-01;5.756008e-02;1.855103e-01;1.552877e-01;7.377841e-02;5.526441e-02
8.406957e-02;4.067736e-02;1.026457e-01;3.594556e-02;5.950189e-02;5.984380e-02;8.863118e-02;8.684915e-02;1.241823e-01;1.232011e-01;1.025688e-01;9.188348e-02
1.515202e-01;3.571545e-02;9.344271e-02;4.901224e-02;4.627365e-02;4.921246e-02;8.699599e-02;7.407400e-02;7.172972e-02;7.849064e-02;1.193586e-01;1.441744e-01
2.436108e-01;4.165607e-02;7.519321e-02;4.990478e-02;2.809385e-02;4.012781e-02;8.298466e-02;5.812203e-02;4.297440e-02;3.741089e-02;1.037721e-01;1.961494e-01
2.164792e-01;3.591990e-02;1.136282e-01;2.392870e-02;3.238657e-02;7.871800e-02;6.929098e-02;3.950134e-02;2.712617e-02;3.363952e-02;1.364108e-01;1.929706e-01
1.177612e-01;5.937023e-02;1.676565e-01;1.804574e-02;3.214011e-02;8.072042e-02;6.806235e-02;3.359377e-02;3.729725e-02;7.768086e-02;1.754284e-01;1.322431e-01
1.428188e-01;1.000379e-01;1.590354e-01;2.881163e-02;4.607880e-02;4.749751e-02;9.835777e-02;3.595972e-02;4.010060e-02;8.527897e-02;1.389422e-01;7.708076e-02
2.124773e-01;9.060429e-02;1.365503e-01;3.858903e-02;5.916045e-02;5.201331e-02;1.158130e-01;4.118755e-02;3.550362e-02;4.191269e-02;1.008535e-01;7.533494e-02
1.957819e-01;7.421369e-02;9.397268e-02;4.055997e-02;3.371444e-02;6.426723e-02;1.014186e-01;3.970820e-02;3.043041e-02;7.348908e-02;1.383730e-01;1.140708e-01
1.733294e-01;8.672851e-02;1.003769e-01;3.786964e-02;2.602908e-02;7.902987e-02;1.002148e-01;5.684612e-02;3.069630e-02;7.179263e-02;1.249357e-01;1.121511e-01
1.472866e-01;6.067209e-02;8.757632e-02;6.789692e-02;3.669878e-02;1.073920e-01;7.830427e-02;6.941459e-02;4.325331e-02;8.482140e-02;1.382390e-01;7.844475e-02
1.525873e-01;3.859439e-02;6.694072e-02;6.448370e-02;2.554806e-02;1.035175e-01;1.220641e-01;6.682913e-02;4.384670e-02;9.616901e-02;1.717548e-01;4.766446e-02
1.600809e-01;4.995295e-02;9.196995e-02;5.352962e-02;3.490182e-02;7.449213e-02;1.098947e-01;1.075401e-01;3.412366e-02;6.476925e-02;1.305264e-01;8.821858e-02
1.375804e-01;3.315609e-02;1.384100e-01;6.979318e-02;5.275273e-02;5.380106e-02;1.014899e-01;1.095408e-01;7.047028e-02;5.364838e-02;8.380273e-02;9.555440e-02
1.241887e-01;4.045570e-02;1.353149e-01;7.179849e-02;3.721984e-02;3.970831e-02;1.433995e-01;6.466276e-02;1.115637e-01;9.551411e-02;7.331536e-02;6.285858e-02
1.497809e-01;5.602229e-02;1.352717e-01;5.151074e-02;2.939246e-02;3.766623e-02;1.163920e-01;5.196238e-02;8.905457e-02;1.106447e-01;5.851109e-02;1.137909e-01
1.637821e-01;6.634679e-02;1.175407e-01;3.361752e-02;3.082648e-02;4.135969e-02;9.662562e-02;5.244727e-02;5.797255e-02;1.003292e-01;7.245730e-02;1.666948e-01
1.648753e-01;5.464537e-02;1.043949e-01;2.387817e-02;2.900818e-02;6.386763e-02;9.101753e-02;6.956552e-02;4.147904e-02;7.331663e-02;8.347709e-02;2.004746e-01
1.576769e-01;4.151000e-02;1.059369e-01;1.405008e-02;3.555893e-02;1.084284e-01;6.923765e-02;6.409819e-02;5.120493e-02;5.886159e-02;1.460758e-01;1.473604e-01
1.999819e-01;6.099683e-02;9.002098e-02;1.883764e-02;5.032893e-02;1.216611e-01;7.352228e-02;3.922888e-02;4.755013e-02;7.494181e-02;1.627526e-01;6.017696e-02
1.196064e-01;1.172621e-01;5.171858e-02;3.771342e-02;9.536240e-02;8.552447e-02;6.762113e-02;4.919084e-02;5.711043e-02;1.197894e-01;1.102615e-01;8.883943e-02
6.067952e-02;1.284808e-01;6.167661e-02;5.455739e-02;1.060252e-01;6.090662e-02;6.784938e-02;3.768210e-02;1.093281e-01;1.314373e-01;6.790846e-02;1.134686e-01
7.613996e-02;1.015198e-01;1.174725e-01;5.867712e-02;8.171087e-02;4.657637e-02;8.793893e-02;4.839127e-02;1.212203e-01;1.010156e-01;7.052626e-02;8.881094e-02
1.330205e-01;7.926328e-02;1.217339e-01;3.617821e-02;5.736635e-02;4.021871e-02;8.036117e-02;7.087184e-02;1.403922e-01;8.617261e-02;9.173949e-02;6.268170e-02
1.995536e-01;4.666155e-02;8.372564e-02;5.772344e-02;5.679234e-02;4.351874e-02;1.049896e-01;4.745377e-02;1.795858e-01;8.171283e-02;5.013894e-02;4.814375e-02
2.188797e-01;3.177478e-02;6.288712e-02;6.881519e-02;5.911178e-02;3.682680e-02;1.077962e-01;6.904607e-02;1.945590e-01;7.288608e-02;4.943470e-02;2.798259e-02
1.889551e-01;2.674765e-02;5.312486e-02;9.648955e-02;4.303795e-02;2.156499e-02;8.572803e-02;8.206040e-02;2.226986e-01;6.918090e-02;9.541243e-02;1.499962e-02
1.369059e-01;2.878841e-02;5.206180e-02;1.103247e-01;2.812459e-02;3.298179e-02;6.725125e-02;7.862957e-02;2.583605e-01;6.603821e-02;1.094542e-01;3.107916e-02
8.438688e-02;9.127236e-02;6.987806e-02;8.332907e-02;4.208251e-02;5.885981e-02;5.405520e-02;7.321544e-02;2.259497e-01;5.295746e-02;7.620066e-02;8.781283e-02
8.049875e-02;1.396527e-01;9.439694e-02;4.736781e-02;5.503986e-02;7.801338e-02;5.925541e-02;6.847312e-02;1.553344e-01;4.815985e-02;5.270269e-02;1.211051e-01
6.379308e-02;1.340744e-01;9.932138e-02;4.729481e-02;5.837415e-02;8.823429e-02;7.297902e-02;8.154300e-02;1.636994e-01;4.272222e-02;4.223943e-02;1.057248e-01
1.010105e-01;8.925315e-02;6.078533e-02;8.254240e-02;4.075785e-02;5.082528e-02;6.087200e-02;6.686828e-02;2.244757e-01;4.579315e-02;9.677344e-02;8.004291e-02
1.619993e-01;4.271799e-02;3.594738e-02;1.045177e-01;2.245524e-02;2.035267e-02;5.287239e-02;7.320919e-02;2.507675e-01;5.388615e-02;1.380509e-01;4.322352e-02
2.210474e-01;1.654585e-02;3.926315e-02;1.174585e-01;1.548784e-02;1.043285e-02;6.959393e-02;6.837764e-02;2.235191e-01;6.506386e-02;1.279880e-01;2.522191e-02
2.158444e-01;2.540640e-02;1.110154e-01;1.219866e-01;2.620879e-02;1.736364e-02;8.434983e-02;4.853012e-02;1.609932e-01;7.961553e-02;8.952104e-02;1.916500e-02
1.768657e-01;3.222155e-02;1.784786e-01;1.030400e-01;4.117732e-02;2.714510e-02;1.395581e-01;5.534663e-02;9.342707e-02;8.368648e-02;3.947173e-02;2.958176e-02
1.316232e-01;4.301685e-02;1.908596e-01;7.666533e-02;4.736497e-02;3.590846e-02;1.891162e-01;7.454162e-02;7.668851e-02;5.835993e-02;3.459881e-02;4.125664e-02
7.326655e-02;4.514098e-02;1.638709e-01;6.006845e-02;4.168393e-02;2.979645e-02;2.025921e-01;1.276050e-01;1.075145e-01;6.382887e-02;4.979843e-02;3.483384e-02
9.425873e-02;7.108583e-02;1.421567e-01;6.363577e-02;4.378903e-02;2.978537e-02;1.395850e-01;1.264898e-01;1.150710e-01;9.005454e-02;4.590425e-02;3.818390e-02
8.183970e-02;9.670966e-02;1.637282e-01;8.061314e-02;5.153884e-02;5.378784e-02;6.258370e-02;7.100216e-02;1.244615e-01;1.137671e-01;5.963286e-02;4.033525e-02
8.158527e-02;6.772139e-02;1.526085e-01;6.726715e-02;6.382661e-02;4.887832e-02;8.196959e-02;5.296690e-02;1.133369e-01;1.498741e-01;7.318244e-02;4.678284e-02
5.958303e-02;1.483071e-01;9.962348e-02;3.997909e-02;5.821704e-02;2.815393e-02;7.970247e-02;6.300324e-02;7.329746e-02;1.908543e-01;9.437205e-02;6.490677e-02
7.135301e-02;1.788490e-01;4.830272e-02;3.815754e-02;4.881125e-02;4.588630e-02;6.752790e-02;7.897451e-02;5.629616e-02;1.899191e-01;1.202107e-01;5.571179e-02
8.564769e-02;1.419864e-01;3.573611e-02;3.801577e-02;5.367291e-02;4.684876e-02;6.658783e-02;9.078302e-02;4.906880e-02;1.882111e-01;1.499347e-01;5.350684e-02
6.560987e-02;8.182549e-02;3.749314e-02;2.946488e-02;4.873959e-02;4.471801e-02;6.669272e-02;9.966373e-02;3.179202e-02;2.057805e-01;1.958472e-01;9.237289e-02
3.617756e-02;5.919396e-02;3.399860e-02;1.810535e-02;6.129981e-02;3.876256e-02;5.760403e-02;1.152346e-01;5.375366e-02;2.611074e-01;1.815367e-01;8.322576e-02
5.228643e-02;6.448030e-02;3.333708e-02;2.230858e-02;7.896567e-02;3.311759e-02;3.764420e-02;8.592912e-02;8.562861e-02;2.905281e-01;1.215065e-01;9.426776e-02
5.619255e-02;4.844923e-02;5.085437e-02;6.270503e-02;7.735005e-02;6.420772e-02;7.926014e-02;5.028409e-02;9.119259e-02;2.558966e-01;7.572850e-02;8.787914e-02
4.239614e-02;2.514209e-02;5.947761e-02;8.914830e-02;1.072550e-01;6.507657e-02;1.385458e-01;6.272870e-02;8.633534e-02;2.050947e-01;7.107798e-02;4.772173e-02
4.776182e-02;2.159635e-02;6.237871e-02;8.384828e-02;1.069087e-01;2.945414e-02;1.523227e-01;8.042614e-02;9.089626e-02;2.045680e-01;8.879472e-02;3.104413e-02
5.023056e-02;5.798213e-02;3.137403e-02;5.095572e-02;7.288232e-02;3.505123e-02;1.470805e-01;5.828115e-02;1.074664e-01;2.321610e-01;1.154529e-01;4.108212e-02
4.665821e-02;9.426599e-02;3.443460e-02;3.165379e-02;7.357474e-02;3.559866e-02;6.681201e-02;3.985447e-02;1.151381e-01;2.352869e-01;1.361322e-01;9.059034e-02
3.278327e-02;9.454744e-02;2.488687e-02;2.651868e-02;8.670311e-02;2.997296e-02;3.484754e-02;6.137796e-02;1.042926e-01;2.289912e-01;1.483327e-01;1.267457e-01
6.325318e-02;6.685763e-02;5.327678e-02;4.139590e-02;7.094254e-02;3.647680e-02;1.032326e-01;6.723583e-02;9.862988e-02;1.654973e-01;1.271120e-01;1.060895e-01
7.457703e-02;6.364501e-02;9.978344e-02;4.050634e-02;5.188712e-02;4.477047e-02;1.531047e-01;9.164181e-02;9.158895e-02;1.224923e-01;9.244174e-02;7.356104e-02
6.445723e-02;8.462754e-02;1.081791e-01;2.778604e-02;6.342748e-02;4.753660e-02;1.524021e-01;1.091902e-01;8.189467e-02;1.280841e-01;7.749600e-02;5.491897e-02
6.279407e-02;8.928414e-02;9.586596e-02;2.861000e-02;7.011357e-02;7.122450e-02;1.514376e-01;1.208513e-01;8.792829e-02;1.214014e-01;7.043840e-02;3.005070e-02
7.494772e-02;6.359001e-02;1.015187e-01;3.718882e-02;6.333928e-02;1.051956e-01;8.115354e-02;1.256828e-01;9.739891e-02;1.296640e-01;8.950952e-02;3.081110e-02
6.161540e-02;8.925517e-02;6.809828e-02;3.292480e-02;8.656760e-02;8.124186e-02;7.473058e-02;6.188025e-02;1.317111e-01;1.806573e-01;1.006119e-01;3.070575e-02
5.126103e-02;1.088434e-01;3.291599e-02;2.729869e-02;1.394135e-01;9.639277e-02;5.730918e-02;3.803249e-02;9.745747e-02;2.231265e-01;1.005220e-01;2.742698e-02
2.940904e-02;1.377329e-01;2.523965e-02;2.054038e-02;1.611019e-01;1.138323e-01;4.435951e-02;4.671465e-02;6.006601e-02;2.340537e-01;9.166629e-02;3.528369e-02
1.343998e-02;1.694612e-01;1.380304e-02;1.894495e-02;1.820168e-01;1.012250e-01;4.927273e-02;4.983348e-02;4.546375e-02;2.332542e-01;8.243878e-02;4.084605e-02
1.530767e-02;1.684214e-01;1.124419e-02;2.922718e-02;2.041190e-01;5.992187e-02;3.854891e-02;6.497918e-02;4.350236e-02;2.459643e-01;6.417043e-02;5.459341e-02
2.547573e-02;1.537744e-01;3.362176e-02;4.931912e-02;1.950943e-01;4.181619e-02;4.047795e-02;5.032827e-02;5.070117e-02;2.459716e-01;4.953200e-02;6.388766e-02
5.220529e-02;1.296050e-01;8.897549e-02;6.540235e-02;1.395220e-01;4.619189e-02;8.005651e-02;3.908710e-02;6.498205e-02;1.977270e-01;3.906479e-02;5.718062e-02
6.374182e-02;1.039617e-01;1.008697e-01;5.668491e-02;8.088267e-02;4.580441e-02;1.194324e-01;5.097338e-02;1.098599e-01;1.699277e-01;5.928898e-02;3.857249e-02
4.886661e-02;7.644068e-02;8.218436e-02;2.747775e-02;6.566173e-02;3.860172e-02;1.619565e-01;6.107271e-02;1.231883e-01;1.841049e-01;9.839384e-02;3.205095e-02
3.637846e-02;7.570187e-02;6.129463e-02;2.828186e-02;9.796607e-02;6.409154e-02;2.030541e-01;6.276724e-02;7.178560e-02;1.682723e-01;9.275562e-02;3.765063e-02
5.346788e-02;6.924687e-02;6.104327e-02;3.547404e-02;1.168241e-01;6.536030e-02;1.938161e-01;8.305430e-02;6.181674e-02;1.460402e-01;7.963770e-02;3.421855e-02
6.195496e-02;6.526326e-02;7.218833e-02;6.404084e-02;1.349857e-01;5.235052e-02;1.248598e-01;9.109508e-02;7.007251e-02;1.576993e-01;7.756922e-02;2.792048e-02
9.526889e-02;5.928328e-02;9.152619e-02;5.447285e-02;6.227786e-02;4.523862e-02;1.098422e-01;6.770037e-02;1.045862e-01;1.389480e-01;7.727636e-02;9.357926e-02
1.142841e-01;4.806361e-02;9.669349e-02;5.032712e-02;4.857130e-02;5.473950e-02;1.097805e-01;6.475215e-02;1.163085e-01;1.170478e-01;7.253199e-02;1.069000e-01
1.046721e-01;4.355578e-02;9.239783e-02;5.022436e-02;5.815333e-02;5.699092e-02;1.058143e-01;5.901960e-02;1.250643e-01;1.218738e-01;7.690646e-02;1.053272e-01
9.539045e-02;5.994649e-02;9.821474e-02;4.613010e-02;5.562265e-02;4.059381e-02;9.640001e-02;5.349952e-02;9.445924e-02;1.478018e-01;1.016050e-01;1.103361e-01
7.512400e-02;7.774662e-02;7.951619e-02;4.218252e-02;7.699846e-02;5.901901e-02;9.189298e-02;5.067482e-02;4.198503e-02;1.873512e-01;1.069328e-01;1.105764e-01
5.809848e-02;7.530054e-02;5.175702e-02;5.281975e-02;1.056723e-01;7.055698e-02;8.775315e-02;4.100498e-02;5.136704e-02;2.128949e-01;7.939494e-02;1.133799e-01
1.040900e-01;4.396868e-02;4.081129e-02;9.169502e-02;8.980422e-02;4.915769e-02;9.147617e-02;4.381295e-02;1.501244e-01;1.617319e-01;6.032187e-02;7.300586e-02
1.164310e-01;2.649693e-02;5.423961e-02;1.270925e-01;4.249345e-02;1.665241e-02;7.581320e-02;6.169637e-02;2.483015e-01;9.052557e-02;1.136814e-01;2.657597e-02
7.070408e-02;3.398144e-02;6.987546e-02;1.253020e-01;2.267626e-02;1.466887e-02;4.526381e-02;6.700761e-02;2.579154e-01;7.271240e-02;1.919538e-01;2.793886e-02
6.286409e-02;3.192499e-02;9.362026e-02;1.180811e-01;2.436721e-02;2.014700e-02;4.559341e-02;4.851203e-02;2.362088e-01;6.387149e-02;2.238338e-01;3.097585e-02
7.897920e-02;1.638080e-02;1.085591e-01;1.304379e-01;2.299363e-02;1.602074e-02;5.252218e-02;4.077954e-02;2.258177e-01;6.624102e-02;2.180948e-01;2.317333e-02
8.177395e-02;1.994391e-02;1.442410e-01;1.337685e-01;1.875505e-02;1.230198e-02;6.353587e-02;4.138708e-02;2.078345e-01;6.915068e-02;1.957159e-01;1.159153e-02
6.947084e-02;3.062680e-02;1.631111e-01;1.130116e-01;3.578816e-02;2.445843e-02;1.213995e-01;4.836825e-02;1.740954e-01;6.636934e-02;1.448578e-01;8.442794e-03
6.157605e-02;4.438386e-02;1.436462e-01;7.987581e-02;4.794769e-02;3.230003e-02;1.725393e-01;6.349074e-02;1.544164e-01;6.957631e-02;1.162863e-01;1.396124e-02
8.433621e-02;3.964854e-02;9.864112e-02;5.579150e-02;5.133954e-02;3.469224e-02;1.656910e-01;5.776328e-02;1.699591e-01;1.245742e-01;1.029738e-01;1.458941e-02
8.291536e-02;3.669674e-02;8.873597e-02;6.661844e-02;5.180328e-02;6.219377e-02;9.706656e-02;5.987212e-02;1.400119e-01;1.923250e-01;9.528522e-02;2.647567e-02
4.319271e-02;6.521316e-02;8.860034e-02;3.528534e-02;5.027457e-02;7.578843e-02;1.215439e-01;8.502052e-02;9.427283e-02;2.190387e-01;9.255852e-02;2.921099e-02
5.269585e-02;7.499765e-02;6.140100e-02;2.729157e-02;5.293152e-02;5.493283e-02;9.978151e-02;1.017070e-01;8.813693e-02;2.385162e-01;9.702326e-02;5.058460e-02
3.567435e-02;7.257856e-02;5.129528e-02;4.552001e-02;6.037734e-02;3.566713e-02;1.173489e-01;1.024540e-01;7.831448e-02;2.643755e-01;8.676472e-02;4.962971e-02
3.486924e-02;5.316366e-02;6.071489e-02;4.952694e-02;7.479027e-02;6.215771e-02;1.746726e-01;7.011457e-02;8.797839e-02;2.030701e-01;8.929235e-02;3.964921e-02
6.127431e-02;4.223986e-02;7.181472e-02;5.137924e-02;9.746618e-02;1.176633e-01;1.692404e-01;3.892173e-02;6.013334e-02;1.323118e-01;1.083496e-01;4.920565e-02
9.684300e-02;2.495201e-02;1.083634e-01;5.126537e-02;1.142334e-01;1.333282e-01;1.058004e-01;5.431895e-02;4.398355e-02;1.009605e-01;1.034272e-01;6.252400e-02
1.226102e-01;4.239989e-02;1.223704e-01;5.895663e-02;6.641249e-02;1.022935e-01;1.145818e-01;6.237398e-02;5.348997e-02;9.465062e-02;7.694245e-02;8.291803e-02
1.004551e-01;3.818987e-02;9.520906e-02;7.190581e-02;4.780798e-02;9.477992e-02;1.011238e-01;7.976339e-02;9.747454e-02;9.417164e-02;7.924474e-02;9.987412e-02
6.878550e-02;4.158745e-02;1.064415e-01;5.267911e-02;3.728641e-02;7.819337e-02;7.450660e-02;1.173206e-01;1.072153e-01;1.392950e-01;9.213575e-02;8.455332e-02
6.952490e-02;7.171309e-02;1.204978e-01;5.185977e-02;2.872306e-02;5.309463e-02;8.183619e-02;1.058361e-01;1.026312e-01;1.743901e-01;7.277826e-02;6.711494e-02
1.145172e-01;9.078869e-02;9.534881e-02;3.174423e-02;6.530132e-02;5.402712e-02;9.517103e-02;7.946308e-02;8.144501e-02;1.466106e-01;6.791902e-02;7.766383e-02
9.314547e-02;7.734675e-02;9.411718e-02;5.640151e-02;7.775225e-02;9.671532e-02;5.535818e-02;7.785679e-02;8.950297e-02;9.173319e-02;1.083529e-01;8.171746e-02
6.791189e-02;5.663341e-02;1.120282e-01;8.784658e-02;5.788700e-02;7.000545e-02;5.724004e-02;8.391612e-02;8.178437e-02;7.988946e-02;1.175851e-01;1.272724e-01
5.886711e-02;4.293739e-02;9.640641e-02;9.406686e-02;7.334479e-02;7.306058e-02;7.955471e-02;7.551941e-02;6.433716e-02;1.079934e-01;1.251337e-01;1.087785e-01
6.273121e-02;5.190448e-02;8.277975e-02;7.063299e-02;1.176631e-01;7.517726e-02;7.516559e-02;9.597074e-02;7.958297e-02;1.117496e-01;1.371839e-01;3.945834e-02
1.225112e-01;5.622783e-02;7.529981e-02;7.663142e-02;1.272259e-01;8.238564e-02;7.124310e-02;1.024912e-01;6.372439e-02;1.040147e-01;8.747245e-02;3.077235e-02
1.163593e-01;6.061129e-02;2.469244e-01;1.082663e-01;5.869438e-02;5.246199e-02;6.335042e-02;8.468160e-02;4.594052e-02;7.760116e-02;3.884180e-02;4.626671e-02
6.596929e-02;4.571559e-02;4.099148e-01;1.179136e-01;3.842976e-02;3.608967e-02;5.093471e-02;6.676023e-02;5.502464e-02;6.371319e-02;1.354580e-02;3.598877e-02
4.307146e-02;5.429492e-02;4.352626e-01;9.848368e-02;4.473574e-02;3.158272e-02;8.209571e-02;4.189187e-02;6.203582e-02;5.554018e-02;1.877650e-02;3.222881e-02
9.031535e-02;5.302133e-02;3.096913e-01;3.956039e-02;7.072678e-02;5.583608e-02;1.238203e-01;3.279950e-02;6.385376e-02;5.444457e-02;5.671449e-02;4.921614e-02
1.198670e-01;3.654742e-02;1.562128e-01;2.920426e-02;1.098241e-01;7.379428e-02;1.253826e-01;3.056812e-02;7.039185e-02;8.042535e-02;9.896049e-02;6.882173e-02
8.757226e-02;2.950860e-02;9.514859e-02;4.624178e-02;1.163067e-01;8.626717e-02;1.032741e-01;3.425704e-02;6.365394e-02;1.145410e-01;1.530148e-01;7.021397e-02
3.228178e-02;5.027601e-02;4.680901e-02;7.450949e-02;8.201291e-02;7.462817e-02;7.874896e-02;7.404125e-02;6.615642e-02;1.704688e-01;1.909982e-01;5.906895e-02
1.777410e-02;6.223096e-02;2.227515e-02;5.044223e-02;1.358720e-01;4.041104e-02;4.518743e-02;7.477578e-02;9.979867e-02;2.396887e-01;1.582694e-01;5.327449e-02
2.753478e-02;5.473964e-02;3.494746e-02;2.812346e-02;1.660526e-01;7.846422e-02;2.158204e-02;4.495186e-02;9.479492e-02;2.872175e-01;1.121840e-01;4.940760e-02
2.179169e-02;3.741685e-02;6.372851e-02;4.361214e-02;1.205317e-01;1.489651e-01;5.704535e-02;3.026313e-02;8.333782e-02;2.890856e-01;6.886198e-02;3.536018e-02
2.721476e-02;2.287701e-02;9.557554e-02;5.697763e-02;9.221873e-02;1.601394e-01;4.463061e-02;2.802303e-02;7.412583e-02;2.768582e-01;8.923146e-02;3.212775e-02
1.621680e-02;3.213555e-02;1.208897e-01;5.736718e-02;1.204854e-01;1.117979e-01;4.388997e-02;3.503363e-02;6.610595e-02;2.686648e-01;8.351693e-02;4.389615e-02
2.448293e-02;5.818722e-02;1.285917e-01;4.671465e-02;1.472387e-01;6.099135e-02;2.566229e-02;3.164574e-02;7.482599e-02;2.492741e-01;7.538972e-02;7.699563e-02
2.467453e-02;8.349308e-02;9.568960e-02;3.168967e-02;1.423601e-01;3.051352e-02;1.265392e-02;3.173604e-02;1.116115e-01;2.317354e-01;7.744635e-02;1.263963e-01
2.782230e-02;1.053415e-01;4.016924e-02;2.713237e-02;1.166731e-01;2.155400e-02;2.544777e-02;4.451407e-02;1.217849e-01;2.098407e-01;7.880493e-02;1.809152e-01
2.975301e-02;1.005993e-01;3.328686e-02;2.754896e-02;8.615384e-02;2.113110e-02;8.190411e-02;5.457549e-02;1.159652e-01;1.730714e-01;7.914326e-02;1.968675e-01
4.505420e-02;8.448835e-02;5.805249e-02;2.813094e-02;7.908804e-02;2.492139e-02;1.414450e-01;5.388727e-02;1.116158e-01;1.577630e-01;5.769872e-02;1.578548e-01
4.097725e-02;7.432865e-02;9.695476e-02;2.149999e-02;7.241637e-02;2.947076e-02;1.061385e-01;3.781462e-02;9.211858e-02;2.269339e-01;1.116205e-01;8.972611e-02
2.245522e-02;7.798154e-02;8.377933e-02;1.638752e-02;5.548151e-02;2.163080e-02;3.937475e-02;5.165590e-02;9.171477e-02;2.957360e-01;1.450053e-01;9.879742e-02
2.626713e-02;7.212192e-02;5.731028e-02;1.502659e-02;5.838782e-02;2.325148e-02;8.739577e-02;5.460705e-02;9.045804e-02;2.864130e-01;1.231960e-01;1.055649e-01
3.623279e-02;6.560878e-02;3.978640e-02;4.363426e-02;8.183211e-02;2.921672e-02;9.179233e-02;5.758486e-02;7.858630e-02;2.719122e-01;1.156345e-01;8.817883e-02
6.083353e-02;6.607165e-02;6.966048e-02;7.697961e-02;6.726836e-02;3.694465e-02;1.254804e-01;7.130730e-02;7.163909e-02;1.742815e-01;1.126141e-01;6.691929e-02
8.285694e-02;7.971219e-02;7.873803e-02;7.777742e-02;5.277868e-02;3.872091e-02;1.149176e-01;7.263514e-02;8.755184e-02;1.273279e-01;1.110406e-01;7.594275e-02
8.492214e-02;7.394236e-02;8.324309e-02;6.302858e-02;4.465954e-02;3.226520e-02;1.032884e-01;6.853826e-02;1.038133e-01;1.197592e-01;1.362297e-01;8.631013e-02
7.911377e-02;6.135891e-02;6.904202e-02;4.131495e-02;4.730513e-02;2.803775e-02;7.391246e-02;5.210232e-02;1.034169e-01;1.639907e-01;1.916032e-01;8.880194e-02
7.328981e-02;5.070100e-02;3.986057e-02;3.973065e-02;4.793119e-02;4.009271e-02;1.317469e-01;5.788976e-02;1.060332e-01;1.979210e-01;1.638918e-01;5.091138e-02
4.682484e-02;4.882490e-02;4.385905e-02;4.870472e-02;5.670349e-02;7.137879e-02;1.104388e-01;7.663918e-02;9.743258e-02;2.349776e-01;1.290427e-01;3.517346e-02
