7.790660e-02;8.369987e-02;6.627333e-02;6.008536e-02;8.924719e-02;4.607891e-02;6.661073e-02;8.623499e-02;9.069864e-02;5.993441e-02;1.891529e-01;8.407708e-02
7.996435e-02;4.297059e-02;6.848460e-02;7.454728e-02;6.609547e-02;4.243561e-02;3.935551e-02;7.295128e-02;8.864809e-02;8.505425e-02;2.269894e-01;1.125036e-01
8.568852e-02;3.361841e-02;7.608600e-02;6.824735e-02;9.153991e-02;9.391991e-02;5.713091e-02;1.009875e-01;6.504721e-02;9.837667e-02;1.517826e-01;7.757501e-02
9.868543e-02;4.786119e-02;6.794067e-02;5.916931e-02;8.483193e-02;1.664975e-01;8.786015e-02;1.173987e-01;4.051939e-02;8.513376e-02;1.096089e-01;3.449298e-02
9.044331e-02;7.220121e-02;8.108931e-02;5.501671e-02;5.093043e-02;1.176979e-01;1.198577e-01;8.638456e-02;8.462369e-02;9.017053e-02;1.099345e-01;4.165022e-02
6.357419e-02;6.458161e-02;6.469910e-02;4.861103e-02;5.904760e-02;1.079484e-01;1.562877e-01;8.336221e-02;1.066368e-01;1.026456e-01;8.392763e-02;5.867805e-02
4.352524e-02;5.478590e-02;1.115546e-01;5.402926e-02;6.581955e-02;1.149671e-01;1.878563e-01;8.662243e-02;4.246502e-02;9.651237e-02;7.453272e-02;6.732947e-02
5.809401e-02;6.066007e-02;1.121845e-01;7.170963e-02;5.699966e-02;4.164337e-02;1.867937e-01;5.832257e-02;6.889021e-02;8.372809e-02;1.382883e-01;6.268582e-02
8.310843e-02;4.985712e-02;6.467001e-02;7.016851e-02;5.661428e-02;8.843777e-02;1.526952e-01;4.844406e-02;1.143408e-01;6.171793e-02;1.614158e-01;4.853008e-02
6.679340e-02;3.655780e-02;5.647077e-02;6.103715e-02;1.189067e-01;1.456231e-01;1.052371e-01;5.208970e-02;9.848768e-02;7.373771e-02;1.392892e-01;4.576974e-02
4.507589e-02;5.079489e-02;6.329051e-02;3.561778e-02;1.212655e-01;1.240702e-01;1.171552e-01;8.812047e-02;9.052385e-02;1.105684e-01;7.418442e-02;7.933293e-02
3.556578e-02;7.148015e-02;5.853399e-02;5.119824e-02;8.111718e-02;8.663893e-02;8.608388e-02;9.604512e-02;8.449023e-02;1.221010e-01;1.123239e-01;1.144215e-01
3.606781e-02;6.799971e-02;7.517008e-02;7.201581e-02;5.444144e-02;5.069832e-02;4.598127e-02;8.393528e-02;1.152802e-01;1.301156e-01;1.433476e-01;1.249469e-01
5.754667e-02;6.961910e-02;7.386293e-02;6.749030e-02;5.806156e-02;3.676180e-02;6.946631e-02;7.254669e-02;1.277531e-01;1.099219e-01;1.506195e-01;1.063501e-01
7.773463e-02;6.492103e-02;4.392314e-02;4.516833e-02;9.088696e-02;6.747143e-02;1.179063e-01;9.894746e-02;1.389907e-01;6.515559e-02;1.342632e-01;5.463121e-02
6.877451e-02;5.707479e-02;3.096585e-02;2.944512e-02;9.725949e-02;7.453492e-02;1.353480e-01;1.312492e-01;1.470133e-01;7.793542e-02;8.130570e-02;6.909369e-02
5.583805e-02;6.282979e-02;5.341984e-02;4.453379e-02;5.276787e-02;6.045558e-02;1.123616e-01;1.159910e-01;9.103764e-02;9.653996e-02;1.158008e-01;1.384241e-01
4.124486e-02;6.410503e-02;5.855918e-02;6.141584e-02;3.403661e-02;4.801284e-02;1.135181e-01;4.649955e-02;1.218428e-01;1.601430e-01;1.508905e-01;9.973166e-02
6.226403e-02;5.331815e-02;7.016481e-02;6.097262e-02;3.247155e-02;5.324978e-02;9.668481e-02;8.252619e-02;9.430315e-02;1.888712e-01;1.481683e-01;5.700545e-02
5.450828e-02;3.954250e-02;1.016708e-01;5.178824e-02;3.743730e-02;7.858601e-02;1.001047e-01;7.579499e-02;6.773561e-02;1.647055e-01;1.973311e-01;3.079499e-02
5.335960e-02;4.953837e-02;9.461664e-02;4.270913e-02;2.113935e-02;5.943890e-02;8.525366e-02;7.135239e-02;1.397383e-01;1.421180e-01;2.063749e-01;3.436076e-02
4.580896e-02;4.674534e-02;7.233707e-02;5.257827e-02;8.654643e-02;3.771042e-02;5.196615e-02;9.502517e-02;1.666934e-01;1.346611e-01;1.430191e-01;6.690857e-02
5.100395e-02;2.994143e-02;6.053902e-02;8.619515e-02;1.306955e-01;4.360450e-02;6.953839e-02;8.469613e-02;1.417720e-01;1.352171e-01;9.605874e-02;7.073814e-02
6.212158e-02;3.249485e-02;6.305945e-02;9.923835e-02;1.131752e-01;5.218152e-02;8.769976e-02;7.066958e-02;1.815608e-01;1.295818e-01;7.411301e-02;3.410409e-02
3.701473e-02;2.143755e-02;6.667091e-02;7.682154e-02;6.270908e-02;3.348909e-02;1.354567e-01;1.056410e-01;1.629968e-01;1.921020e-01;6.962153e-02;3.603911e-02
6.311758e-02;3.134024e-02;7.903349e-02;4.376261e-02;6.961107e-02;6.755073e-02;1.632731e-01;9.767706e-02;1.140825e-01;1.280046e-01;7.859655e-02;6.395052e-02
1.230454e-01;5.378546e-02;7.727623e-02;5.871221e-02;4.334217e-02;1.060803e-01;1.506866e-01;3.359308e-02;6.130620e-02;1.033102e-01;1.049770e-01;8.388509e-02
1.026348e-01;7.910578e-02;5.390567e-02;4.946879e-02;5.623155e-02;9.714850e-02;2.286148e-01;3.972194e-02;5.048368e-02;8.746098e-02;9.841614e-02;5.680737e-02
5.899125e-02;1.044905e-01;4.338125e-02;2.735443e-02;5.476118e-02;6.604818e-02;3.671730e-01;5.949745e-02;4.527571e-02;5.624292e-02;7.524817e-02;4.153598e-02
2.255713e-02;9.756923e-02;3.760519e-02;2.180048e-02;3.838457e-02;4.590151e-02;4.954435e-01;7.606856e-02;4.147487e-02;2.916068e-02;6.203675e-02;3.199756e-02
3.274936e-02;8.311743e-02;2.325875e-02;3.231805e-02;2.685030e-02;5.812667e-02;5.175421e-01;4.740336e-02;5.019273e-02;3.641611e-02;5.979625e-02;3.222885e-02
5.123151e-02;1.209523e-01;2.122119e-02;4.275925e-02;2.756872e-02;9.411193e-02;4.080771e-01;3.148575e-02;4.541905e-02;4.010354e-02;3.486403e-02;8.220567e-02
4.836371e-02;1.477988e-01;4.036805e-02;4.524335e-02;3.892962e-02;1.310661e-01;2.965479e-01;3.801132e-02;4.315730e-02;4.247853e-02;2.618469e-02;1.018506e-01
6.821577e-02;1.380869e-01;7.561465e-02;3.900612e-02;4.494346e-02;1.208954e-01;2.642571e-01;4.321250e-02;3.069116e-02;4.514939e-02;3.339075e-02;9.653673e-02
8.585277e-02;1.094468e-01;8.661199e-02;5.117103e-02;4.763217e-02;6.396088e-02;2.533159e-01;6.780118e-02;4.320884e-02;5.837213e-02;5.008795e-02;8.253837e-02
9.380808e-02;5.433805e-02;7.165119e-02;6.828322e-02;6.300452e-02;5.282333e-02;2.493963e-01;7.080182e-02;5.925575e-02;8.268198e-02;5.442220e-02;7.953358e-02
7.018970e-02;4.858712e-02;7.324494e-02;3.702161e-02;7.327747e-02;9.052338e-02;3.131905e-01;5.897077e-02;5.394498e-02;7.051282e-02;5.587679e-02;5.465982e-02
4.575203e-02;8.833055e-02;1.063384e-01;1.153888e-01;1.084183e-01;8.140699e-02;1.987031e-01;7.658505e-02;6.770163e-02;3.091552e-02;1.776258e-02;6.269699e-02
6.683078e-02;1.059776e-01;1.304916e-01;1.310166e-01;1.309248e-01;7.390054e-02;9.359488e-02;7.333624e-02;7.247485e-02;3.818160e-02;1.937047e-02;6.390011e-02
5.587257e-02;1.025391e-01;1.419502e-01;9.318026e-02;1.043909e-01;6.261208e-02;1.286913e-01;7.982818e-02;6.088236e-02;6.397945e-02;3.827650e-02;6.779714e-02
9.045208e-02;7.435697e-02;8.689688e-02;7.279990e-02;4.390564e-02;3.558515e-02;1.149199e-01;3.756915e-02;2.114825e-01;1.381411e-01;4.185729e-02;5.203348e-02
1.002216e-01;2.733977e-02;4.219785e-02;8.536170e-02;2.859988e-02;2.202271e-02;7.484689e-02;5.104107e-02;3.691694e-01;1.404147e-01;2.680720e-02;3.197721e-02
8.481248e-02;8.499554e-03;3.873301e-02;8.005533e-02;1.606035e-02;1.081002e-02;6.127316e-02;1.271368e-01;4.289520e-01;9.125004e-02;1.151625e-02;4.090105e-02
4.923408e-02;1.219154e-02;5.710467e-02;4.836718e-02;6.402088e-03;1.242875e-02;1.190910e-01;2.423723e-01;3.197038e-01;3.458697e-02;1.317155e-02;8.534614e-02
2.270296e-02;2.061269e-02;6.789617e-02;2.734461e-02;1.537807e-02;1.871831e-02;1.852425e-01;3.365268e-01;1.603554e-01;2.220906e-02;1.740798e-02;1.056053e-01
4.042522e-02;2.782628e-02;6.792077e-02;3.435828e-02;2.571949e-02;1.534456e-02;2.390859e-01;3.133138e-01;1.133639e-01;3.541838e-02;1.300667e-02;7.421680e-02
3.335742e-02;2.790606e-02;8.998702e-02;3.761527e-02;4.102178e-02;3.905009e-02;3.010247e-01;2.394811e-01;8.482298e-02;5.875188e-02;9.750992e-03;3.723077e-02
3.578248e-02;1.934807e-02;1.374590e-01;3.844931e-02;5.342979e-02;7.138485e-02;2.380449e-01;1.655821e-01;1.001354e-01;1.026192e-01;2.064303e-02;1.712186e-02
4.896170e-02;2.855793e-02;1.135604e-01;3.775812e-02;5.264769e-02;6.725543e-02;1.322170e-01;1.600842e-01;1.387185e-01;1.553888e-01;2.877777e-02;3.607244e-02
6.803649e-02;7.194239e-02;6.942689e-02;8.600701e-02;5.471337e-02;4.506576e-02;8.937682e-02;1.701815e-01;1.412035e-01;1.182701e-01;3.872252e-02;4.705371e-02
6.821480e-02;9.571754e-02;7.176976e-02;5.639100e-02;6.944574e-02;4.155957e-02;1.104720e-01;1.683990e-01;1.419103e-01;8.386924e-02;3.579957e-02;5.645159e-02
4.029626e-02;7.173174e-02;1.046023e-01;7.418451e-02;9.762879e-02;4.202593e-02;1.434671e-01;1.461368e-01;1.118769e-01;8.804573e-02;3.305348e-02;4.695038e-02
4.017269e-02;4.361378e-02;1.184873e-01;8.949941e-02;1.155188e-01;5.474251e-02;1.370285e-01;1.001094e-01;1.111062e-01;9.774189e-02;2.597399e-02;6.600551e-02
5.493495e-02;6.641588e-02;1.369608e-01;5.381593e-02;1.359725e-01;8.000015e-02;1.429742e-01;6.218541e-02;9.303278e-02;9.475095e-02;2.306898e-02;5.588752e-02
5.343554e-02;8.482236e-02;1.321369e-01;4.035863e-02;1.085183e-01;9.719264e-02;1.509540e-01;7.671177e-02;1.124705e-01;8.440343e-02;2.657116e-02;3.242476e-02
4.431454e-02;1.261491e-01;1.549848e-01;3.446309e-02;6.839629e-02;6.895972e-02;1.229949e-01;1.049556e-01;1.378286e-01;7.654767e-02;2.202086e-02;3.838481e-02
7.858630e-02;1.703341e-01;1.194080e-01;2.359589e-02;5.099898e-02;5.750285e-02;9.557702e-02;1.073246e-01;1.367615e-01;6.337851e-02;3.776624e-02;5.876599e-02
9.265448e-02;1.682440e-01;6.624117e-02;3.246795e-02;5.958764e-02;5.827717e-02;1.473563e-01;1.002190e-01;9.981802e-02;5.257517e-02;5.541421e-02;6.714497e-02
9.452564e-02;1.101855e-01;5.122990e-02;3.927888e-02;4.728155e-02;5.950297e-02;2.660520e-01;7.952899e-02;6.807175e-02;6.615014e-02;7.066145e-02;4.753122e-02
6.978141e-02;5.062786e-02;6.800800e-02;2.465206e-02;2.622725e-02;4.173798e-02;3.936526e-01;1.188934e-01;6.168185e-02;6.862470e-02;4.679920e-02;2.931377e-02
3.338816e-02;4.540323e-02;5.282477e-02;1.398973e-02;1.491065e-02;3.089955e-02;5.187229e-01;1.387959e-01;5.652089e-02;4.545697e-02;3.018537e-02;1.890188e-02
1.602161e-02;5.613438e-02;2.945394e-02;6.651466e-03;2.503632e-02;4.243637e-02;6.374527e-01;1.095540e-01;3.458120e-02;1.539722e-02;1.847333e-02;8.807473e-03
2.944467e-02;6.105434e-02;1.983002e-02;6.039443e-03;3.994385e-02;8.045816e-02;6.543573e-01;5.479245e-02;2.449846e-02;1.038720e-02;1.408016e-02;5.114031e-03
6.899601e-02;3.780697e-02;1.844586e-02;8.944469e-03;5.725251e-02;1.600965e-01;5.674950e-01;1.430520e-02;2.327674e-02;2.401650e-02;1.362767e-02;5.736576e-03
9.240844e-02;1.136261e-02;2.187303e-02;1.301415e-02;7.664205e-02;2.312280e-01;4.622902e-01;2.568505e-02;1.786031e-02;2.900500e-02;8.034467e-03;1.059673e-02
8.199275e-02;1.344428e-02;4.003230e-02;1.237633e-02;1.090785e-01;2.549559e-01;3.915486e-01;3.601170e-02;1.601974e-02;1.878304e-02;8.801854e-03;1.695510e-02
6.742903e-02;2.032161e-02;8.005372e-02;2.509574e-02;1.945045e-01;2.635632e-01;2.075379e-01;3.678244e-02;3.633176e-02;2.937615e-02;1.201974e-02;2.698422e-02
4.288939e-02;1.861368e-02;9.421859e-02;3.598242e-02;2.793281e-01;2.268376e-01;1.110673e-01;2.407680e-02;6.109984e-02;3.868381e-02;1.356807e-02;5.363444e-02
2.594019e-02;1.427193e-02;1.113165e-01;3.854096e-02;2.943642e-01;2.105847e-01;1.259184e-01;1.300180e-02;5.604210e-02;2.126130e-02;1.042644e-02;7.833145e-02
1.785599e-02;1.436284e-02;1.455586e-01;4.603573e-02;3.050727e-01;2.032146e-01;1.082392e-01;1.114445e-02;4.456688e-02;1.604860e-02;7.247126e-03;8.065335e-02
5.804545e-02;1.158766e-02;1.234817e-01;4.582753e-02;2.374749e-01;2.305224e-01;1.673064e-01;2.054563e-02;3.417836e-02;1.637264e-02;6.208301e-03;4.844905e-02
6.833714e-02;3.044500e-02;5.685686e-02;4.843388e-02;1.068174e-01;2.505327e-01;3.407587e-01;3.699367e-02;2.194589e-02;1.950341e-02;5.422269e-03;1.395312e-02
3.423674e-02;5.130245e-02;2.218955e-02;3.726334e-02;5.320889e-02;1.664602e-01;5.288471e-01;6.928662e-02;1.259715e-02;9.683099e-03;9.771731e-03;5.153084e-03
9.460756e-03;5.034356e-02;1.342612e-02;2.000912e-02;6.255627e-02;8.232801e-02;6.169904e-01;1.118511e-01;1.537036e-02;6.145114e-03;9.719646e-03;1.799525e-03
7.323115e-03;3.361348e-02;1.733443e-02;1.574959e-02;6.352763e-02;3.035745e-02;6.036671e-01;2.005280e-01;8.659431e-03;6.279555e-03;7.104062e-03;5.856154e-03
1.297477e-02;1.680518e-02;2.529609e-02;1.754637e-02;4.967004e-02;4.528660e-02;4.561001e-01;2.818469e-01;6.177589e-02;1.701196e-02;5.141581e-03;1.054446e-02
2.458578e-02;1.405682e-02;2.873370e-02;1.297420e-02;3.874426e-02;4.748449e-02;2.838546e-01;2.651590e-01;1.942057e-01;5.907834e-02;1.668821e-02;1.443496e-02
4.485313e-02;2.909587e-02;2.455998e-02;2.402518e-02;5.003267e-02;3.657353e-02;1.239054e-01;1.403332e-01;2.933081e-01;1.696211e-01;4.610794e-02;1.758386e-02
6.171239e-02;3.108745e-02;3.825235e-02;2.257818e-02;6.182684e-02;4.557957e-02;1.162269e-01;5.335634e-02;1.954496e-01;2.457537e-01;9.446130e-02;3.371547e-02
5.759861e-02;4.352535e-02;5.889932e-02;2.781705e-02;6.909221e-02;5.731827e-02;1.812716e-01;3.729479e-02;9.970511e-02;2.119416e-01;9.674685e-02;5.878930e-02
1.213898e-01;7.417528e-02;6.650616e-02;2.621363e-02;4.096146e-02;4.047824e-02;1.461929e-01;3.856059e-02;4.105297e-02;8.974316e-02;2.170328e-01;9.769296e-02
9.558939e-02;4.548053e-02;5.949118e-02;1.664649e-02;2.426494e-02;3.498199e-02;6.244111e-02;3.431509e-02;5.485347e-02;2.224939e-01;2.787669e-01;7.067499e-02
6.568386e-02;2.743424e-02;3.047476e-02;2.766162e-02;2.308007e-02;1.744052e-02;2.874934e-02;4.869970e-02;2.266095e-01;2.750438e-01;1.881681e-01;4.095447e-02
5.528438e-02;2.039615e-02;2.444578e-02;3.932924e-02;1.834470e-02;1.049496e-02;6.117806e-02;8.489823e-02;3.888407e-01;1.865824e-01;7.182822e-02;3.837719e-02
3.469323e-02;1.424793e-02;5.180102e-02;3.083179e-02;9.473080e-03;1.137404e-02;1.222391e-01;2.151298e-01;3.684836e-01;6.731970e-02;2.435820e-02;5.004852e-02
1.133003e-02;2.041556e-02;6.231573e-02;1.449792e-02;1.313310e-02;2.001659e-02;2.680360e-01;2.778357e-01;2.102466e-01;2.342391e-02;3.186506e-02;4.688376e-02
1.255049e-02;3.248574e-02;4.245064e-02;9.133807e-03;2.698440e-02;4.888891e-02;4.446642e-01;2.061866e-01;8.018830e-02;2.742716e-02;4.649720e-02;2.254259e-02
9.503151e-03;4.054822e-02;4.302410e-02;1.164425e-02;4.387270e-02;8.634128e-02;4.655096e-01;1.446186e-01;6.918710e-02;3.458655e-02;4.012013e-02;1.104437e-02
2.203172e-02;4.209419e-02;1.102632e-01;2.319949e-02;5.735844e-02;9.855547e-02;3.673940e-01;1.062282e-01;9.011666e-02;3.161936e-02;3.554757e-02;1.559172e-02
3.100945e-02;3.040925e-02;2.371258e-01;3.705717e-02;5.473407e-02;5.326240e-02;1.938109e-01;5.060285e-02;1.425024e-01;6.537753e-02;7.660314e-02;2.750511e-02
3.625765e-02;2.050742e-02;1.781641e-01;2.130975e-02;4.280339e-02;7.404239e-02;2.410188e-01;4.894142e-02;1.533874e-01;8.126201e-02;8.086818e-02;2.143754e-02
3.699927e-02;3.102543e-02;8.223391e-02;1.307442e-02;3.644494e-02;6.549307e-02;3.559633e-01;1.092025e-01;1.556318e-01;4.507650e-02;4.473175e-02;2.412312e-02
3.078376e-02;5.322607e-02;7.988102e-02;2.304808e-02;5.196035e-02;5.603956e-02;3.582310e-01;1.326808e-01;1.037546e-01;5.150238e-02;2.603311e-02;3.285917e-02
5.160772e-02;5.931504e-02;8.571868e-02;4.871706e-02;5.367589e-02;1.097471e-01;2.329435e-01;9.048911e-02;7.523440e-02;7.479926e-02;6.214535e-02;5.560693e-02
9.493080e-02;4.319125e-02;9.226081e-02;8.352043e-02;6.050294e-02;1.269560e-01;1.144257e-01;5.121604e-02;7.201972e-02;1.026785e-01;8.526950e-02;7.302837e-02
1.009177e-01;3.836793e-02;9.201247e-02;8.191563e-02;7.972342e-02;1.041560e-01;7.108655e-02;5.529928e-02;9.704610e-02;1.314712e-01;6.555511e-02;8.244868e-02
7.534430e-02;2.626338e-02;1.120749e-01;4.825106e-02;1.073960e-01;7.021000e-02;2.346630e-01;5.186189e-02;5.857548e-02;1.283194e-01;3.726711e-02;4.977347e-02
7.589760e-02;1.728944e-02;8.841317e-02;2.857694e-02;9.252990e-02;1.146507e-01;3.700179e-01;4.312804e-02;4.049620e-02;8.482302e-02;2.705763e-02;1.711946e-02
7.660951e-02;3.338210e-02;5.439219e-02;3.677798e-02;7.229798e-02;1.428400e-01;4.334257e-01;2.602046e-02;3.537622e-02;5.576059e-02;1.727034e-02;1.584693e-02
3.963039e-02;5.365505e-02;2.946940e-02;3.891534e-02;5.011037e-02;1.503013e-01;5.094384e-01;2.758327e-02;2.671965e-02;4.343575e-02;1.462589e-02;1.611518e-02
6.439967e-02;4.442358e-02;2.016527e-02;5.883659e-02;5.376038e-02;1.828012e-01;4.665922e-01;2.499356e-02;1.490507e-02;4.744248e-02;1.151495e-02;1.016508e-02
1.292495e-01;2.074104e-02;2.348466e-02;6.326322e-02;8.802601e-02;2.474366e-01;3.308626e-01;2.040074e-02;7.580761e-03;5.416711e-02;6.927655e-03;7.860021e-03
1.536267e-01;7.775978e-03;1.979131e-02;4.935325e-02;1.360900e-01;3.067550e-01;2.276420e-01;1.951391e-02;4.597084e-03;5.313251e-02;5.484806e-03;1.623746e-02
1.051815e-01;1.392249e-02;2.629469e-02;6.128815e-02;1.535456e-01;2.950627e-01;2.606201e-01;1.489896e-02;8.762982e-03;4.151608e-02;6.046437e-03;1.286040e-02
4.792437e-02;1.398274e-02;5.144736e-02;6.415652e-02;1.602873e-01;2.711138e-01;3.124731e-01;1.292066e-02;1.484331e-02;3.455966e-02;6.974263e-03;9.316997e-03
1.991365e-02;1.620249e-02;1.493978e-01;6.263883e-02;1.690594e-01;2.370178e-01;2.638048e-01;2.166166e-02;1.759451e-02;2.817766e-02;8.238666e-03;6.292683e-03
3.286469e-02;2.495367e-02;2.788997e-01;7.510304e-02;1.562499e-01;2.080568e-01;1.189661e-01;3.188322e-02;2.090464e-02;2.484801e-02;1.098475e-02;1.628545e-02
3.191593e-02;2.268105e-02;2.420487e-01;3.878275e-02;1.392832e-01;2.237969e-01;1.790595e-01;2.690905e-02;3.871983e-02;2.558525e-02;1.669815e-02;1.451974e-02
5.022218e-02;2.081082e-02;1.408049e-01;4.114345e-02;1.259370e-01;2.430346e-01;2.242870e-01;2.734052e-02;6.566168e-02;1.790822e-02;2.392437e-02;1.892520e-02
6.579426e-02;5.757701e-02;1.068680e-01;4.939909e-02;1.248570e-01;1.946597e-01;1.787515e-01;3.807743e-02;9.552504e-02;2.954163e-02;3.225873e-02;2.669061e-02
7.545549e-02;7.402201e-02;8.670080e-02;4.076245e-02;1.448219e-01;1.425324e-01;1.538693e-01;4.236758e-02;1.053093e-01;5.702009e-02;3.207169e-02;4.506698e-02
6.422220e-02;5.284011e-02;6.748483e-02;3.642172e-02;1.697826e-01;1.232491e-01;2.016933e-01;6.192797e-02;7.097719e-02;7.944820e-02;2.630096e-02;4.565175e-02
5.129435e-02;5.344226e-02;9.863009e-02;5.426315e-02;1.447072e-01;1.233788e-01;2.339777e-01;7.279496e-02;3.750130e-02;6.136872e-02;2.541076e-02;4.323065e-02
5.733599e-02;5.042614e-02;2.615292e-01;4.924121e-02;7.785344e-02;1.034914e-01;1.894613e-01;6.031956e-02;5.336947e-02;3.204084e-02;2.980468e-02;3.512675e-02
4.244876e-02;2.775456e-02;4.675335e-01;5.028044e-02;8.413455e-02;8.192596e-02;9.549829e-02;2.860927e-02;4.131923e-02;2.409646e-02;3.279627e-02;2.360271e-02
3.240071e-02;2.222043e-02;5.474210e-01;5.401597e-02;9.149871e-02;5.850527e-02;9.974080e-02;1.578441e-02;1.656530e-02;1.808238e-02;2.861255e-02;1.515246e-02
2.975680e-02;2.398104e-02;6.378744e-01;5.301053e-02;6.366230e-02;3.460627e-02;5.921116e-02;1.601175e-02;2.146714e-02;1.862904e-02;2.709568e-02;1.469383e-02
2.022237e-02;2.541362e-02;6.895897e-01;5.203883e-02;5.222856e-02;2.133438e-02;3.407517e-02;2.058236e-02;3.581383e-02;1.827282e-02;1.838340e-02;1.204492e-02
1.632016e-02;4.069274e-02;6.111939e-01;4.184304e-02;4.952778e-02;3.797300e-02;7.727771e-02;2.081690e-02;4.850054e-02;3.213206e-02;1.326099e-02;1.046116e-02
2.874517e-02;4.053489e-02;5.699095e-01;3.950203e-02;4.339244e-02;4.165737e-02;1.108376e-01;2.132346e-02;3.216485e-02;3.361570e-02;2.287405e-02;1.544294e-02
2.778527e-02;2.619709e-02;6.161581e-01;4.470647e-02;3.510348e-02;3.551275e-02;8.414520e-02;3.136259e-02;2.160704e-02;3.514757e-02;1.888884e-02;2.338559e-02
2.448234e-02;2.497109e-02;6.341758e-01;5.034908e-02;4.147676e-02;2.743015e-02;5.330536e-02;2.793303e-02;3.300565e-02;5.035453e-02;1.216121e-02;2.035498e-02
2.325011e-02;1.677931e-02;6.628107e-01;5.676794e-02;6.412404e-02;2.249348e-02;3.959144e-02;1.946795e-02;2.839495e-02;3.438887e-02;1.781378e-02;1.411739e-02
9.511385e-03;1.454777e-02;6.250055e-01;7.405251e-02;9.688020e-02;4.222518e-02;5.169381e-02;2.190758e-02;1.834417e-02;2.057807e-02;1.418199e-02;1.107180e-02
1.320711e-02;1.213233e-02;4.599025e-01;6.991481e-02;1.643161e-01;7.505344e-02;1.088544e-01;2.634182e-02;1.533842e-02;1.770903e-02;1.930260e-02;1.792746e-02
9.853892e-03;1.009253e-02;2.614236e-01;4.528064e-02;1.989431e-01;1.129447e-01;2.773352e-01;2.574281e-02;1.893576e-02;1.771668e-02;1.151990e-02;1.021123e-02
9.818641e-03;1.065248e-02;1.141760e-01;2.128506e-02;1.326769e-01;1.254661e-01;5.110196e-01;3.614527e-02;9.876052e-03;1.227538e-02;5.997454e-03;1.061104e-02
1.082958e-02;1.702629e-02;4.462435e-02;1.101671e-02;5.574420e-02;9.226476e-02;6.695879e-01;5.476240e-02;1.726306e-02;1.132446e-02;7.839874e-03;7.716475e-03
7.378265e-03;2.324866e-02;1.917721e-02;4.881819e-03;2.423389e-02;5.815928e-02;7.424600e-01;8.520423e-02;1.343711e-02;7.654301e-03;9.615146e-03;4.550107e-03
6.464126e-03;2.310570e-02;1.555759e-02;3.774388e-03;1.650256e-02;3.496396e-02;7.284621e-01;1.426741e-01;1.271458e-02;5.051780e-03;6.774008e-03;3.955113e-03
7.122585e-03;1.687640e-02;2.967881e-02;4.127384e-03;1.199179e-02;2.266027e-02;6.643397e-01;2.108524e-01;1.726350e-02;7.921850e-03;3.228129e-03;3.937214e-03
4.790763e-03;1.276055e-02;5.568059e-02;1.153953e-02;1.636072e-02;2.593541e-02;5.369054e-01;2.615875e-01;4.364700e-02;1.914239e-02;3.756822e-03;7.893388e-03
1.328531e-02;9.067774e-03;7.192673e-02;5.510531e-02;2.394084e-02;2.408655e-02;3.491480e-01;2.716870e-01;1.210053e-01;4.317461e-02;9.433923e-03;8.138678e-03
1.650305e-02;8.465415e-03;4.980261e-02;1.310152e-01;4.655484e-02;2.488885e-02;1.995391e-01;1.880181e-01;2.421320e-01;7.079042e-02;1.151381e-02;1.077666e-02
2.517044e-02;1.366370e-02;1.812167e-02;1.288835e-01;4.716811e-02;2.220599e-02;1.797842e-01;9.586940e-02;3.036490e-01;1.282318e-01;2.580654e-02;1.144569e-02
2.648209e-02;2.823286e-02;1.327133e-02;8.268934e-02;4.299537e-02;1.574109e-02;1.387821e-01;5.027099e-02;2.885886e-01;2.421909e-01;5.309157e-02;1.766376e-02
2.898564e-02;5.232140e-02;2.137491e-02;3.417967e-02;7.933427e-02;1.641200e-02;7.483808e-02;4.119518e-02;1.967585e-01;3.535685e-01;8.508950e-02;1.594242e-02
2.423769e-02;4.480503e-02;1.874015e-02;1.530594e-02;1.118427e-01;2.907794e-02;7.729156e-02;4.832239e-02;8.016199e-02;4.074546e-01;1.254576e-01;1.730244e-02
1.962871e-02;2.175825e-02;3.710032e-02;2.114289e-02;7.540073e-02;2.826343e-02;5.663391e-02;3.959057e-02;5.795238e-02;3.624429e-01;2.301116e-01;4.997426e-02
1.675440e-01;1.938962e-02;3.029567e-02;1.862122e-02;2.746777e-02;4.386859e-02;5.912160e-02;2.400118e-02;5.143689e-02;1.833078e-01;2.364290e-01;1.385167e-01
4.003313e-01;5.386300e-02;1.864577e-02;2.452572e-02;1.086008e-02;2.412505e-02;5.976555e-02;2.036591e-02;3.448112e-02;3.637847e-02;1.167379e-01;1.999203e-01
5.456275e-01;1.073885e-01;1.436230e-02;1.438249e-02;7.795991e-03;9.440374e-03;3.674743e-02;2.141324e-02;1.624599e-02;1.502929e-02;5.501863e-02;1.565482e-01
6.105309e-01;1.634600e-01;1.769106e-02;6.888862e-03;6.438299e-03;6.349558e-03;2.272401e-02;2.573542e-02;1.293790e-02;1.760005e-02;2.587103e-02;8.377296e-02
6.069411e-01;1.971984e-01;2.697839e-02;4.227321e-03;3.723057e-03;5.369744e-03;1.782615e-02;2.787835e-02;1.527835e-02;2.509300e-02;1.057394e-02;5.891230e-02
5.663265e-01;1.810223e-01;2.905596e-02;8.939029e-03;6.259782e-03;7.647911e-03;2.352063e-02;2.085763e-02;2.008530e-02;3.884510e-02;3.105795e-02;6.638196e-02
5.165204e-01;1.300840e-01;2.467719e-02;1.651770e-02;1.286071e-02;1.367378e-02;4.573780e-02;1.764257e-02;2.426836e-02;7.043616e-02;6.543737e-02;6.214391e-02
4.200672e-01;1.048753e-01;3.724086e-02;1.565181e-02;2.063320e-02;1.671422e-02;5.065696e-02;2.122627e-02;3.106686e-02;1.052895e-01;8.349670e-02;9.308117e-02
2.067231e-01;1.409840e-01;5.334156e-02;1.591527e-02;2.656358e-02;3.139274e-02;7.400292e-02;3.499322e-02;4.456598e-02;1.588742e-01;6.889392e-02;1.437495e-01
2.414202e-01;1.220967e-01;6.881586e-02;1.865018e-02;2.834784e-02;2.948231e-02;1.261418e-01;4.993780e-02;3.790068e-02;9.643094e-02;6.747831e-02;1.132974e-01
2.236278e-01;8.786063e-02;8.709475e-02;5.893338e-02;6.741954e-02;6.043427e-02;1.206144e-01;3.804547e-02;5.140736e-02;9.088545e-02;3.157347e-02;8.210344e-02
1.209149e-01;7.576864e-02;8.161002e-02;7.974377e-02;8.659668e-02;8.851412e-02;1.240585e-01;6.285280e-02;7.716023e-02;8.681682e-02;5.274701e-02;6.321657e-02
6.319775e-02;6.165738e-02;8.852959e-02;5.983435e-02;7.241955e-02;8.268610e-02;2.012400e-01;6.771761e-02;8.361301e-02;7.714794e-02;5.934904e-02;8.260775e-02
5.298111e-02;4.902756e-02;6.555095e-02;2.276652e-02;3.558925e-02;5.262816e-02;3.687329e-01;8.162618e-02;7.742725e-02;7.278790e-02;5.165088e-02;6.923135e-02
4.358295e-02;2.580502e-02;3.399353e-02;1.149315e-02;2.023787e-02;3.894633e-02;5.241023e-01;1.043081e-01;6.200118e-02;6.709320e-02;3.845998e-02;2.997643e-02
2.292494e-02;2.349096e-02;1.900688e-02;5.885042e-03;2.572974e-02;4.587558e-02;6.503652e-01;8.954024e-02;3.969666e-02;3.892833e-02;2.795487e-02;1.060153e-02
2.108513e-02;2.065871e-02;1.957189e-02;5.568950e-03;5.660734e-02;9.887180e-02;6.670728e-01;5.229252e-02;1.995930e-02;1.346949e-02;1.685384e-02;7.988317e-03
2.923659e-02;1.366837e-02;6.462894e-02;2.450225e-02;1.155494e-01;1.569517e-01;5.096934e-01;2.962766e-02;1.759052e-02;7.274939e-03;8.383939e-03;2.289235e-02
2.426410e-02;1.147384e-02;1.950819e-01;5.826331e-02;1.506325e-01;1.454500e-01;3.022722e-01;1.789018e-02;1.890102e-02;1.482337e-02;1.742552e-02;4.352210e-02
1.561009e-02;2.744107e-02;3.453896e-01;7.391712e-02;1.215166e-01;6.936841e-02;2.058457e-01;2.101400e-02;1.646011e-02;1.586434e-02;3.824239e-02;4.933054e-02
3.550118e-02;2.693046e-02;3.716465e-01;5.392710e-02;7.190683e-02;5.565910e-02;2.603311e-01;2.198361e-02;1.267380e-02;2.037998e-02;4.009165e-02;2.896865e-02
3.301557e-02;2.792832e-02;2.136959e-01;1.949148e-02;5.233900e-02;7.767408e-02;4.638719e-01;3.385968e-02;1.965732e-02;1.927542e-02;2.494134e-02;1.425005e-02
3.601025e-02;2.840229e-02;1.657409e-01;1.886046e-02;8.809572e-02;8.811060e-02;4.408810e-01;3.299176e-02;2.491414e-02;3.059136e-02;2.806239e-02;1.733918e-02
7.194196e-02;3.365096e-02;1.580924e-01;2.975181e-02;1.338474e-01;1.109965e-01;2.957977e-01;3.383932e-02;2.568017e-02;3.974521e-02;4.240754e-02;2.424891e-02
7.976218e-02;2.679989e-02;1.035449e-01;4.046148e-02;1.237682e-01;1.079990e-01;2.639062e-01;4.985544e-02;5.881299e-02;4.856713e-02;5.041966e-02;4.610292e-02
8.089025e-02;3.194993e-02;7.996225e-02;5.359053e-02;1.116427e-01;9.221534e-02;2.193934e-01;8.082468e-02;7.645544e-02;3.359146e-02;5.305285e-02;8.643116e-02
5.111378e-02;2.713680e-02;7.462721e-02;4.902498e-02;1.272800e-01;9.155520e-02;2.011164e-01;9.248891e-02;8.996002e-02;2.119180e-02;4.530385e-02;1.292011e-01
2.791183e-02;1.906803e-02;6.716222e-02;4.815757e-02;1.675486e-01;7.761065e-02;1.407506e-01;7.712724e-02;1.117060e-01;2.024393e-02;3.032942e-02;2.123839e-01
1.323275e-02;8.436104e-03;6.637572e-02;4.605085e-02;2.211067e-01;4.901269e-02;6.122252e-02;4.116720e-02;1.129442e-01;1.816384e-02;1.564792e-02;3.466396e-01
1.362676e-02;1.150971e-02;7.657199e-02;5.542812e-02;2.340733e-01;2.950539e-02;2.651734e-02;1.203645e-02;5.546114e-02;8.347617e-03;6.522214e-02;4.117001e-01
1.341946e-02;2.211102e-02;7.748807e-02;8.080180e-02;2.129680e-01;3.008920e-02;3.538427e-02;1.559846e-02;2.859453e-02;1.268807e-02;9.442256e-02;3.764346e-01
2.660834e-02;3.864989e-02;9.215456e-02;8.367401e-02;1.859442e-01;2.958384e-02;2.611155e-02;2.046565e-02;2.974880e-02;1.160553e-02;1.450542e-01;3.103995e-01
2.314734e-02;7.182209e-02;1.178574e-01;1.088320e-01;1.233985e-01;2.498199e-02;2.325263e-02;3.603175e-02;1.624411e-02;8.671287e-03;2.537790e-01;1.919819e-01
1.737628e-02;9.200358e-02;1.273171e-01;1.403709e-01;7.547954e-02;1.986909e-02;1.374495e-02;5.674176e-02;1.425099e-02;1.365111e-02;3.448093e-01;8.438542e-02
2.207890e-02;8.253466e-02;1.345954e-01;1.530103e-01;5.684604e-02;1.806811e-02;7.633477e-03;6.123129e-02;7.182288e-03;1.914182e-02;3.979402e-01;3.973754e-02
1.905136e-02;5.671021e-02;1.579045e-01;1.459554e-01;5.098813e-02;1.997658e-02;1.361720e-02;5.538670e-02;1.527127e-02;2.877891e-02;4.041268e-01;3.223301e-02
2.219565e-02;4.889502e-02;2.053853e-01;1.400753e-01;5.798905e-02;2.340677e-02;1.281745e-02;4.555255e-02;1.665161e-02;3.924163e-02;3.633348e-01;2.445484e-02
2.910542e-02;6.436683e-02;2.771455e-01;1.153379e-01;6.715628e-02;2.875479e-02;3.972843e-02;4.063427e-02;1.241236e-02;3.384870e-02;2.481677e-01;4.334186e-02
4.195715e-02;7.054460e-02;3.057275e-01;8.730604e-02;7.275976e-02;3.438359e-02;7.677579e-02;3.829448e-02;2.641704e-02;4.839866e-02;1.373388e-01;6.009654e-02
4.378158e-02;4.559568e-02;2.665360e-01;6.471314e-02;7.346780e-02;4.476206e-02;1.053360e-01;4.602642e-02;4.139870e-02;4.410681e-02;1.456502e-01;7.862560e-02
2.688394e-02;3.576139e-02;2.939772e-01;7.718325e-02;7.752560e-02;5.035923e-02;9.498701e-02;4.822128e-02;4.868536e-02;5.149554e-02;1.432191e-01;5.170108e-02
1.462565e-02;3.622949e-02;3.119139e-01;1.070591e-01;1.161200e-01;4.822168e-02;9.873292e-02;3.617456e-02;3.156707e-02;4.700606e-02;1.130222e-01;3.932720e-02
1.362891e-02;3.700535e-02;2.930087e-01;1.477482e-01;1.612307e-01;5.274652e-02;7.689405e-02;4.592904e-02;2.000424e-02;2.346816e-02;8.817776e-02;4.015843e-02
9.232699e-03;2.568878e-02;3.686677e-01;1.691154e-01;1.516942e-01;5.023761e-02;4.864917e-02;6.432951e-02;9.498721e-03;2.147801e-02;5.304374e-02;2.836441e-02
1.228636e-02;2.218350e-02;4.900978e-01;1.565743e-01;9.995631e-02;3.560651e-02;3.803818e-02;5.321139e-02;1.380789e-02;1.731002e-02;4.929365e-02;1.163412e-02
1.201624e-02;1.114098e-02;6.028166e-01;1.541269e-01;6.370565e-02;1.666460e-02;2.727715e-02;2.808343e-02;1.183366e-02;2.172714e-02;4.483914e-02;5.768511e-03
1.075422e-02;1.201921e-02;5.485846e-01;2.081149e-01;8.562751e-02;2.314290e-02;2.407922e-02;1.065592e-02;5.830307e-03;2.039038e-02;4.571277e-02;5.087981e-03
9.874930e-03;1.240719e-02;4.397227e-01;2.582004e-01;1.180152e-01;2.733147e-02;1.973898e-02;1.440822e-02;4.740287e-03;1.241696e-02;7.164352e-02;1.150018e-02
8.716807e-03;1.490509e-02;3.609325e-01;2.429217e-01;1.598949e-01;3.520096e-02;2.574702e-02;1.819668e-02;7.727887e-03;7.866766e-03;9.542651e-02;2.246317e-02
5.771751e-03;1.553165e-02;3.400559e-01;2.127813e-01;2.066332e-01;3.965205e-02;2.089836e-02;2.000082e-02;6.037872e-03;6.168487e-03;1.026564e-01;2.381231e-02
4.340413e-03;1.418896e-02;3.224331e-01;2.215800e-01;2.127504e-01;4.260924e-02;2.540776e-02;2.627536e-02;8.341515e-03;6.544262e-03;9.515990e-02;2.036907e-02
5.084598e-03;1.464347e-02;3.584134e-01;2.216430e-01;1.689380e-01;4.093418e-02;1.674582e-02;5.650999e-02;6.523004e-03;9.348659e-03;9.190363e-02;9.312285e-03
9.584161e-03;1.217591e-02;4.150394e-01;1.973313e-01;1.082567e-01;3.154618e-02;1.565329e-02;9.566143e-02;1.575429e-02;6.429173e-03;8.866246e-02;3.905716e-03
1.452285e-02;8.913089e-03;4.908715e-01;1.554113e-01;8.010377e-02;2.315723e-02;1.071106e-02;8.665860e-02;1.994279e-02;1.451402e-02;8.906238e-02;6.131421e-03
2.269380e-02;1.629690e-02;5.336637e-01;1.172530e-01;7.097036e-02;2.386832e-02;3.390759e-02;4.647211e-02;1.187889e-02;3.004043e-02;8.247203e-02;1.048290e-02
3.872830e-02;1.683691e-02;5.956658e-01;7.745239e-02;5.020958e-02;2.411699e-02;4.862051e-02;2.590190e-02;1.337815e-02;4.376607e-02;5.373164e-02;1.159182e-02
5.502658e-02;6.274940e-02;6.332658e-01;4.715183e-02;2.518092e-02;2.301829e-02;3.362789e-02;1.677680e-02;2.757139e-02;3.347481e-02;2.958152e-02;1.257472e-02
3.334889e-02;1.121398e-01;6.021465e-01;4.089181e-02;2.644137e-02;2.540365e-02;3.257367e-02;1.868527e-02;3.980833e-02;1.572404e-02;3.392604e-02;1.891066e-02
6.363907e-02;1.382006e-01;5.522432e-01;4.184644e-02;1.942269e-02;2.807287e-02;2.358435e-02;1.742070e-02;5.010606e-02;1.329186e-02;3.667989e-02;1.549233e-02
1.230445e-01;1.317839e-01;4.576348e-01;4.557976e-02;4.152501e-02;2.336471e-02;1.805338e-02;3.335034e-02;4.233367e-02;2.215443e-02;3.638724e-02;2.478820e-02
2.269641e-01;1.029226e-01;3.040191e-01;4.720126e-02;5.954456e-02;1.626048e-02;3.818183e-02;5.924178e-02;3.474808e-02;3.601198e-02;3.416480e-02;4.073941e-02
3.015866e-01;6.551216e-02;1.796165e-01;5.109022e-02;5.258114e-02;2.369399e-02;6.132234e-02;6.771578e-02;2.938652e-02;5.201721e-02;5.187966e-02;6.359790e-02
2.597986e-01;7.223400e-02;1.946930e-01;5.377872e-02;4.516926e-02;3.736441e-02;1.073796e-01;3.751097e-02;3.877783e-02;5.713587e-02;5.148426e-02;4.467349e-02
1.963888e-01;1.137600e-01;3.456126e-01;4.739392e-02;3.210060e-02;3.463748e-02;6.892418e-02;2.966615e-02;3.136262e-02;3.424809e-02;3.231448e-02;3.359108e-02
1.997758e-01;1.779750e-01;3.936672e-01;4.485909e-02;1.758519e-02;1.934027e-02;3.519699e-02;1.849276e-02;2.644015e-02;2.332440e-02;2.312677e-02;2.021648e-02
2.073208e-01;2.312362e-01;3.773641e-01;3.886760e-02;1.514766e-02;1.428354e-02;2.627197e-02;1.272517e-02;1.630417e-02;2.215903e-02;2.116418e-02;1.715557e-02
1.720662e-01;2.421149e-01;3.943837e-01;4.297643e-02;1.865941e-02;1.583343e-02;2.670228e-02;1.630586e-02;1.934915e-02;2.088333e-02;1.353530e-02;1.719000e-02
8.369708e-02;2.345841e-01;4.904660e-01;4.874673e-02;1.986724e-02;2.550567e-02;1.919324e-02;1.421515e-02;2.154600e-02;1.353857e-02;1.015814e-02;1.848205e-02
6.859542e-02;2.186309e-01;5.245934e-01;3.970736e-02;1.620557e-02;3.788427e-02;1.703036e-02;1.143614e-02;3.033792e-02;1.257509e-02;7.930268e-03;1.507328e-02
1.356045e-01;2.147766e-01;4.645109e-01;2.780673e-02;1.069768e-02;2.806343e-02;1.971138e-02;1.490233e-02;3.548450e-02;1.672292e-02;1.452011e-02;1.719893e-02
2.081114e-01;1.966760e-01;3.721965e-01;1.656713e-02;1.563023e-02;1.317557e-02;3.032733e-02;4.047598e-02;3.653635e-02;2.092387e-02;2.358848e-02;2.579111e-02
2.415216e-01;1.413069e-01;2.921187e-01;1.986570e-02;2.207308e-02;2.024721e-02;6.404728e-02;6.248849e-02;4.022518e-02;2.405114e-02;4.284183e-02;2.921285e-02
2.197124e-01;9.692774e-02;2.385237e-01;2.043544e-02;3.653941e-02;4.329730e-02;7.397367e-02;7.223006e-02;4.393038e-02;4.697911e-02;6.950621e-02;3.794465e-02
1.763158e-01;6.324996e-02;1.890342e-01;4.865387e-02;3.804045e-02;7.995822e-02;9.824349e-02;5.295725e-02;4.633247e-02;6.701439e-02;9.089640e-02;4.930350e-02
1.451697e-01;4.011900e-02;1.629660e-01;6.970413e-02;6.678563e-02;1.026926e-01;1.410816e-01;3.065967e-02;5.582243e-02;6.844050e-02;7.752769e-02;3.903118e-02
1.527566e-01;1.256726e-01;1.246863e-01;5.669911e-02;7.489984e-02;7.286858e-02;1.587761e-01;3.530016e-02;6.202133e-02;5.586617e-02;4.596012e-02;3.449307e-02
1.474008e-01;1.453080e-01;1.814447e-01;3.754385e-02;5.034864e-02;6.000558e-02;1.110051e-01;5.204201e-02;8.389087e-02;5.246792e-02;3.970199e-02;3.884050e-02
1.050739e-01;9.851089e-02;2.700342e-01;3.844708e-02;5.533838e-02;4.691162e-02;6.407908e-02;6.286529e-02;8.200815e-02;7.880621e-02;5.938591e-02;3.853924e-02
8.286112e-02;8.289439e-02;2.548963e-01;4.580600e-02;8.923522e-02;5.052208e-02;8.627997e-02;5.383558e-02;7.022796e-02;9.065264e-02;5.134248e-02;4.144629e-02
1.144220e-01;1.023358e-01;1.972487e-01;5.771692e-02;9.427642e-02;4.810424e-02;1.017468e-01;3.878019e-02;5.922373e-02;8.660301e-02;5.191309e-02;4.762912e-02
1.472543e-01;1.116956e-01;1.635507e-01;5.465538e-02;7.123338e-02;4.678589e-02;8.219348e-02;5.240898e-02;9.313977e-02;7.377334e-02;5.518186e-02;4.812738e-02
