1.618676e-02;2.197529e-01;4.474959e-01;9.107234e-02;2.305038e-02;6.892549e-02;1.744667e-02;1.551303e-02;4.412309e-02;4.314851e-02;9.447624e-03;3.837289e-03
3.656820e-02;1.516367e-01;2.940770e-01;1.222240e-01;3.641398e-02;1.200161e-01;2.494028e-02;6.391084e-02;3.860041e-02;5.786730e-02;3.361890e-02;2.012633e-02
5.685044e-02;2.348005e-01;1.766040e-01;7.673934e-02;4.610237e-02;1.347063e-01;3.692260e-02;7.725395e-02;5.559070e-02;3.498692e-02;4.437878e-02;2.506398e-02
6.472495e-02;3.019149e-01;2.242989e-01;5.464119e-02;3.899176e-02;8.659643e-02;2.818288e-02;5.221145e-02;6.103737e-02;2.426869e-02;4.298681e-02;2.014454e-02
6.856953e-02;3.956641e-01;2.113739e-01;3.443265e-02;2.090395e-02;4.487538e-02;2.413945e-02;3.887581e-02;6.192482e-02;2.505714e-02;4.515901e-02;2.902437e-02
5.139643e-02;4.106370e-01;2.804778e-01;2.397527e-02;1.060050e-02;4.546133e-02;1.799464e-02;2.267067e-02;4.559005e-02;3.650560e-02;2.853724e-02;2.615354e-02
3.079356e-02;3.826548e-01;3.951868e-01;2.347040e-02;1.268575e-02;3.489694e-02;2.226366e-02;1.407491e-02;2.215863e-02;3.814302e-02;1.166175e-02;1.200979e-02
3.076600e-02;3.424945e-01;3.984732e-01;2.409759e-02;1.664795e-02;3.585042e-02;3.607285e-02;2.790831e-02;2.990083e-02;3.599271e-02;1.310198e-02;8.693655e-03
5.039905e-02;2.617589e-01;2.856663e-01;2.993971e-02;2.282387e-02;7.102901e-02;6.328351e-02;6.505761e-02;7.980761e-02;1.755739e-02;3.211101e-02;2.056604e-02
5.115423e-02;2.160209e-01;2.182938e-01;3.911069e-02;2.906326e-02;6.152151e-02;6.864019e-02;8.618584e-02;1.244459e-01;2.509715e-02;4.473655e-02;3.572992e-02
5.911958e-02;2.835799e-01;2.775582e-01;3.518466e-02;3.092175e-02;5.615675e-02;3.671243e-02;5.624457e-02;9.596179e-02;3.087843e-02;1.446395e-02;2.321793e-02
6.144967e-02;2.697935e-01;2.493298e-01;4.043555e-02;8.540922e-02;9.234110e-02;3.289327e-02;3.135705e-02;3.962570e-02;4.719188e-02;2.680110e-02;2.337223e-02
6.696101e-02;1.776796e-01;1.345430e-01;4.588003e-02;1.433027e-01;1.817275e-01;6.959473e-02;3.499645e-02;3.670888e-02;5.922693e-02;2.636031e-02;2.301887e-02
7.086949e-02;1.528927e-01;1.408190e-01;5.291639e-02;1.301374e-01;1.808351e-01;9.217334e-02;5.407421e-02;3.387146e-02;4.360258e-02;1.674867e-02;3.105976e-02
6.436977e-02;1.628995e-01;1.533374e-01;5.858683e-02;9.110461e-02;1.419249e-01;1.201142e-01;7.515334e-02;5.129205e-02;3.493553e-02;1.218124e-02;3.410060e-02
3.629390e-02;1.295125e-01;1.588127e-01;3.523857e-02;4.597488e-02;2.229609e-01;1.097192e-01;1.340346e-01;6.275924e-02;3.564690e-02;1.358191e-02;1.546458e-02
1.833659e-02;8.521512e-02;1.477380e-01;2.574853e-02;3.788533e-02;3.932725e-01;5.731025e-02;1.303743e-01;6.019327e-02;2.249617e-02;9.230498e-03;1.219935e-02
2.187329e-02;4.893254e-02;1.012259e-01;2.267032e-02;3.453241e-02;5.358922e-01;5.308758e-02;1.053511e-01;4.415273e-02;1.844322e-02;4.703063e-03;9.135645e-03
2.604555e-02;1.915147e-02;5.005758e-02;2.252479e-02;1.963979e-02;6.205656e-01;4.861408e-02;1.384833e-01;2.227936e-02;2.567285e-02;2.393177e-03;4.572464e-03
2.856201e-02;2.587261e-02;5.918813e-02;3.017139e-02;1.908779e-02;5.400295e-01;3.967923e-02;1.960302e-01;2.718107e-02;2.347098e-02;4.163391e-03;6.563699e-03
2.966022e-02;7.700180e-02;1.366052e-01;3.407840e-02;2.813480e-02;3.403048e-01;2.961931e-02;2.258400e-01;5.463419e-02;2.081852e-02;1.070939e-02;1.259339e-02
2.830726e-02;1.872312e-01;3.012019e-01;5.148896e-02;2.857783e-02;7.363444e-02;2.411164e-02;1.943638e-01;5.251879e-02;2.789684e-02;1.738579e-02;1.328159e-02
1.759241e-02;1.566324e-01;2.677714e-01;6.937010e-02;4.903502e-02;2.162733e-01;2.861042e-02;1.095758e-01;2.691984e-02;2.829935e-02;1.519898e-02;1.472099e-02
1.707989e-02;9.465597e-02;1.796364e-01;6.261749e-02;1.019345e-01;3.374668e-01;2.585836e-02;8.260452e-02;3.840211e-02;1.826632e-02;1.784313e-02;2.363457e-02
2.545164e-02;3.715628e-02;6.605118e-02;4.077226e-02;1.106472e-01;5.126856e-01;2.705425e-02;8.971617e-02;4.165148e-02;1.620602e-02;8.312053e-03;2.429589e-02
3.631537e-02;2.729949e-02;6.528497e-02;3.986238e-02;4.705032e-02;5.630537e-01;2.787182e-02;1.358292e-01;2.679771e-02;1.909488e-02;1.932728e-03;9.607409e-03
4.987805e-02;2.697702e-02;6.505409e-02;4.608343e-02;1.679550e-02;5.826021e-01;3.347802e-02;1.345162e-01;1.401008e-02;2.130899e-02;2.022747e-03;7.273817e-03
5.733198e-02;3.592379e-02;6.363852e-02;3.857495e-02;2.512834e-02;5.823473e-01;2.911263e-02;1.123442e-01;1.250958e-02;2.095343e-02;5.034763e-03;1.710044e-02
4.099217e-02;4.370623e-02;6.439632e-02;2.939696e-02;7.656723e-02;5.145243e-01;1.860452e-02;1.015225e-01;3.556333e-02;1.599469e-02;9.793268e-03;4.893855e-02
3.100739e-02;4.176094e-02;8.395506e-02;2.568149e-02;1.526767e-01;4.215207e-01;1.368961e-02;6.398766e-02;5.967263e-02;1.051783e-02;7.133250e-03;8.839674e-02
1.784784e-02;2.259514e-02;6.630938e-02;3.928942e-02;2.143158e-01;3.519665e-01;3.400312e-02;4.935343e-02;8.634951e-02;7.463298e-03;5.223549e-03;1.052830e-01
1.192465e-02;2.150477e-02;3.360596e-02;6.263270e-02;2.611922e-01;2.816038e-01;5.417301e-02;4.229927e-02;9.790580e-02;7.705936e-03;9.033216e-03;1.164187e-01
1.144401e-02;5.629065e-02;8.480647e-02;1.100309e-01;2.347093e-01;1.975370e-01;4.309766e-02;6.809790e-02;7.348000e-02;8.115683e-03;1.660893e-02;9.578148e-02
1.278332e-02;9.494684e-02;1.761307e-01;1.281625e-01;1.299674e-01;1.875827e-01;3.223876e-02;1.008370e-01;4.595553e-02;8.599971e-03;3.860082e-02;4.419445e-02
1.678283e-02;1.136806e-01;2.603000e-01;1.495743e-01;5.763872e-02;1.015738e-01;3.206930e-02;1.168404e-01;3.445341e-02;1.236356e-02;8.373616e-02;2.098693e-02
1.927525e-02;1.028815e-01;2.727706e-01;1.165740e-01;5.665018e-02;2.133179e-01;2.211442e-02;7.840358e-02;1.608010e-02;8.102866e-03;7.638732e-02;1.744227e-02
2.148441e-02;1.107926e-01;2.823123e-01;1.025195e-01;3.545428e-02;2.324088e-01;1.608863e-02;7.807682e-02;1.858379e-02;8.094820e-03;8.003423e-02;1.414968e-02
1.698309e-02;8.002045e-02;2.999683e-01;1.161630e-01;5.841451e-02;2.033768e-01;1.607097e-02;7.253551e-02;2.920043e-02;1.473433e-02;8.298748e-02;9.545083e-03
1.594110e-02;8.786131e-02;2.898759e-01;8.765183e-02;6.614300e-02;2.503341e-01;2.412271e-02;5.677965e-02;3.019623e-02;1.231942e-02;6.237415e-02;1.640062e-02
2.514584e-02;1.157644e-01;3.117738e-01;6.833144e-02;5.107784e-02;2.295209e-01;4.571733e-02;4.624186e-02;3.046001e-02;2.687951e-02;3.582015e-02;1.326693e-02
3.122593e-02;1.447162e-01;3.746123e-01;7.467908e-02;5.216863e-02;8.867541e-02;8.866414e-02;3.804635e-02;2.125041e-02;6.432899e-02;1.456818e-02;7.064412e-03
1.869539e-02;1.542877e-01;4.290943e-01;6.379189e-02;5.546460e-02;5.666577e-02;9.371878e-02;2.914531e-02;6.000614e-03;8.075660e-02;6.304455e-03;6.074535e-03
1.409687e-02;2.002726e-01;4.561689e-01;4.167274e-02;3.347542e-02;6.230847e-02;6.185489e-02;2.410058e-02;1.595848e-02;7.615779e-02;3.815374e-03;1.011797e-02
1.513703e-02;2.893706e-01;4.199351e-01;2.928588e-02;2.759457e-02;6.470247e-02;2.110108e-02;2.992211e-02;3.096112e-02;5.461417e-02;4.341269e-03;1.303463e-02
2.084690e-02;3.752554e-01;3.414275e-01;2.054454e-02;1.918191e-02;9.128582e-02;9.663785e-03;2.686937e-02;4.816636e-02;2.708649e-02;5.036641e-03;1.463520e-02
3.262056e-02;4.135492e-01;2.667889e-01;1.795247e-02;2.633220e-02;1.004572e-01;1.344552e-02;2.330878e-02;6.173106e-02;2.757416e-02;2.985326e-03;1.325464e-02
4.251918e-02;3.964038e-01;2.308939e-01;3.475755e-02;4.271707e-02;9.007265e-02;1.640425e-02;2.931859e-02;6.253941e-02;3.660630e-02;3.603505e-03;1.416369e-02
3.356155e-02;3.598498e-01;2.684024e-01;5.152791e-02;4.270993e-02;1.202170e-01;1.309630e-02;2.363885e-02;4.454977e-02;2.986219e-02;4.217344e-03;8.366885e-03
3.267034e-02;3.755953e-01;2.797688e-01;4.445084e-02;3.039639e-02;1.355200e-01;9.440374e-03;2.263186e-02;3.875486e-02;2.031563e-02;2.341597e-03;8.114027e-03
3.117621e-02;3.894335e-01;2.305914e-01;3.641599e-02;4.226405e-02;1.543455e-01;1.127776e-02;2.459946e-02;4.461755e-02;2.068574e-02;3.762032e-03;1.083067e-02
3.068545e-02;3.857880e-01;2.271071e-01;2.066481e-02;4.389099e-02;1.629003e-01;1.900769e-02;2.215055e-02;4.686054e-02;2.370821e-02;5.448516e-03;1.178790e-02
3.611058e-02;3.282527e-01;2.824866e-01;2.622708e-02;4.371503e-02;1.180073e-01;2.664044e-02;3.449184e-02;4.610706e-02;2.221105e-02;2.611100e-02;9.639250e-03
4.280536e-02;2.758163e-01;2.784532e-01;3.301988e-02;4.350174e-02;8.282662e-02;6.269656e-02;4.955073e-02;5.074124e-02;2.082464e-02;4.691301e-02;1.285074e-02
6.076558e-02;2.806937e-01;2.555125e-01;2.938057e-02;3.126869e-02;5.312845e-02;7.633544e-02;4.883015e-02;5.449951e-02;1.442592e-02;7.247183e-02;2.268766e-02
6.887854e-02;2.173055e-01;1.951199e-01;2.662494e-02;3.880423e-02;9.921600e-02;7.693814e-02;7.903400e-02;5.434501e-02;2.347137e-02;8.136650e-02;3.889586e-02
5.367577e-02;1.851142e-01;1.868967e-01;3.337646e-02;5.780781e-02;1.563338e-01;6.349140e-02;8.619452e-02;4.570060e-02;3.578395e-02;5.740095e-02;3.822382e-02
5.354629e-02;2.578002e-01;2.212219e-01;3.016678e-02;6.186390e-02;2.003890e-01;3.557733e-02;5.370418e-02;2.793450e-02;2.731976e-02;1.263326e-02;1.784291e-02
7.902107e-02;2.298992e-01;1.757636e-01;3.209129e-02;5.015155e-02;1.775306e-01;5.463520e-02;7.410525e-02;4.269645e-02;3.318554e-02;2.439410e-02;2.652614e-02
7.929625e-02;2.646791e-01;2.100709e-01;2.404880e-02;3.764963e-02;1.344722e-01;5.667653e-02;7.190371e-02;3.671740e-02;2.141087e-02;2.942191e-02;3.365267e-02
5.334861e-02;2.937738e-01;3.157878e-01;2.059688e-02;2.566020e-02;9.971952e-02;3.546560e-02;4.953168e-02;2.605340e-02;2.600113e-02;1.715880e-02;3.690254e-02
2.686477e-02;2.945776e-01;4.285908e-01;1.457716e-02;1.888257e-02;6.080597e-02;1.697467e-02;4.093382e-02;2.676541e-02;3.457949e-02;1.046829e-02;2.597941e-02
3.107221e-02;3.013345e-01;4.164819e-01;2.399672e-02;1.850634e-02;4.095733e-02;1.822586e-02;4.821707e-02;4.002281e-02;3.371397e-02;1.218487e-02;1.528643e-02
4.265071e-02;2.771914e-01;3.048731e-01;3.498998e-02;2.626577e-02;9.706067e-02;2.425237e-02;7.386499e-02;6.552254e-02;2.205024e-02;1.728541e-02;1.399270e-02
6.217334e-02;2.123121e-01;2.305416e-01;5.471036e-02;3.304831e-02;1.634238e-01;2.778053e-02;8.734086e-02;8.370920e-02;1.487973e-02;1.744371e-02;1.263637e-02
7.289051e-02;1.191361e-01;2.341453e-01;1.123932e-01;3.846788e-02;1.743362e-01;2.804023e-02;7.272651e-02;9.013498e-02;1.205763e-02;2.609145e-02;1.958004e-02
6.063719e-02;2.346311e-01;2.791806e-01;8.954542e-02;2.737895e-02;8.318868e-02;2.645200e-02;6.313633e-02;6.121261e-02;2.352987e-02;2.580832e-02;2.529893e-02
4.924307e-02;2.752424e-01;3.315438e-01;4.867982e-02;2.394546e-02;8.098128e-02;2.568279e-02;6.025708e-02;3.937310e-02;2.978743e-02;9.735573e-03;2.552819e-02
3.784018e-02;2.004192e-01;3.685000e-01;5.674889e-02;2.491801e-02;1.112701e-01;2.766756e-02;3.961642e-02;6.200376e-02;3.612862e-02;1.062169e-02;2.426558e-02
4.259973e-02;2.281797e-01;3.307146e-01;4.967686e-02;1.824201e-02;1.073815e-01;2.556018e-02;3.843739e-02;7.135902e-02;3.480009e-02;1.474820e-02;3.830073e-02
5.099539e-02;2.684405e-01;2.376733e-01;4.571940e-02;2.467018e-02;7.587273e-02;3.090702e-02;5.790731e-02;9.395508e-02;4.212234e-02;1.939561e-02;5.234115e-02
5.906024e-02;2.591920e-01;1.941217e-01;4.570554e-02;3.325067e-02;7.895119e-02;2.973394e-02;6.549144e-02;1.053514e-01;4.762616e-02;3.349982e-02;4.801587e-02
5.806104e-02;3.248732e-01;2.477583e-01;2.470528e-02;2.430042e-02;7.167412e-02;2.163021e-02;7.374063e-02;6.094599e-02;2.207330e-02;2.769678e-02;4.254078e-02
5.405162e-02;3.229676e-01;2.223078e-01;1.466619e-02;3.522277e-02;1.302123e-01;2.364777e-02;6.497470e-02;4.228780e-02;2.592744e-02;2.896618e-02;3.476789e-02
3.154440e-02;2.522159e-01;3.020740e-01;2.699170e-02;3.811002e-02;1.764763e-01;1.461659e-02;4.518983e-02;3.085332e-02;2.680111e-02;2.971270e-02;2.541411e-02
2.554504e-02;2.294076e-01;3.313272e-01;3.707577e-02;3.348896e-02;1.571177e-01;2.827236e-02;4.512295e-02;3.636771e-02;2.444850e-02;2.762512e-02;2.420109e-02
3.841114e-02;2.358388e-01;2.674265e-01;2.981146e-02;3.313656e-02;1.430733e-01;3.739312e-02;8.098014e-02;5.521570e-02;3.167763e-02;2.728767e-02;1.974801e-02
4.672605e-02;2.541152e-01;2.427418e-01;4.688175e-02;3.513487e-02;1.223223e-01;4.708807e-02;8.508278e-02;4.196228e-02;2.968531e-02;3.046009e-02;1.779949e-02
5.131830e-02;2.781184e-01;2.755218e-01;4.575285e-02;3.365669e-02;8.597050e-02;4.801735e-02;6.135363e-02;5.167488e-02;2.341473e-02;3.283237e-02;1.236849e-02
6.528827e-02;3.038315e-01;2.480647e-01;4.504705e-02;3.164961e-02;4.997628e-02;5.320962e-02;6.638715e-02;5.958159e-02;1.873265e-02;4.353951e-02;1.469214e-02
1.249627e-01;2.847864e-01;1.715941e-01;3.506104e-02;5.105984e-02;2.682473e-02;6.154627e-02;1.001240e-01;5.244102e-02;1.084714e-02;6.207434e-02;1.867842e-02
1.826429e-01;1.966149e-01;1.007029e-01;2.389901e-02;6.241801e-02;3.401500e-02;6.267762e-02;1.666294e-01;5.362099e-02;1.969766e-02;6.258891e-02;3.449284e-02
1.599676e-01;1.353658e-01;1.349259e-01;2.079800e-02;4.657671e-02;8.220956e-02;6.115146e-02;1.628167e-01;6.712358e-02;3.218992e-02;4.567431e-02;5.120029e-02
1.029193e-01;7.419447e-02;2.048827e-01;2.838323e-02;4.817222e-02;1.622438e-01;5.209070e-02;1.012040e-01;8.830434e-02;5.072789e-02;2.616762e-02;6.070958e-02
6.540869e-02;1.125991e-01;2.217004e-01;3.328979e-02;4.910560e-02;1.580581e-01;5.015547e-02;1.104702e-01;9.045636e-02;6.073010e-02;1.312262e-02;3.490350e-02
1.050836e-01;1.891761e-01;1.946028e-01;3.865850e-02;2.677274e-02;7.919243e-02;6.920408e-02;1.232580e-01;5.967433e-02;4.964770e-02;1.755404e-02;4.717566e-02
1.130544e-01;1.890199e-01;1.665747e-01;3.873654e-02;2.929213e-02;6.928658e-02;8.865061e-02;1.572043e-01;4.326029e-02;3.722439e-02;1.807950e-02;4.961665e-02
1.270520e-01;1.355202e-01;1.556872e-01;2.857103e-02;5.414290e-02;5.060273e-02;1.005207e-01;2.107945e-01;3.408727e-02;3.142395e-02;2.526793e-02;4.632951e-02
1.492609e-01;1.520099e-01;1.796597e-01;1.815454e-02;7.410686e-02;5.678400e-02;6.701939e-02;2.003268e-01;2.263226e-02;2.501855e-02;2.574680e-02;2.928038e-02
1.177899e-01;1.700454e-01;1.953353e-01;2.251241e-02;6.303721e-02;9.252949e-02;7.352526e-02;1.333828e-01;3.681572e-02;3.633096e-02;2.808949e-02;3.060602e-02
6.833538e-02;1.568274e-01;1.834776e-01;3.972615e-02;6.074543e-02;1.413630e-01;7.643613e-02;7.917734e-02;6.318059e-02;4.422201e-02;4.100835e-02;4.550061e-02
8.872437e-02;1.341904e-01;1.529809e-01;4.521350e-02;7.180484e-02;1.400539e-01;6.282264e-02;1.040108e-01;7.457987e-02;4.843223e-02;3.099401e-02;4.619268e-02
9.134195e-02;1.278245e-01;1.884681e-01;7.044953e-02;5.209071e-02;1.218266e-01;7.869274e-02;9.504492e-02;7.096286e-02;5.317950e-02;1.770181e-02;3.241672e-02
6.884529e-02;2.169908e-01;2.308830e-01;7.509057e-02;3.170466e-02;1.261095e-01;3.838367e-02;6.255747e-02;5.289923e-02;3.442641e-02;3.124765e-02;3.086185e-02
5.764112e-02;2.158379e-01;2.540607e-01;6.195254e-02;4.130376e-02;1.017017e-01;5.179751e-02;6.453529e-02;3.921251e-02;3.447377e-02;4.249147e-02;3.499175e-02
6.791980e-02;2.140178e-01;2.363182e-01;7.182384e-02;6.124746e-02;7.682646e-02;4.695588e-02;6.552313e-02;5.999226e-02;3.538570e-02;3.310702e-02;3.088248e-02
9.131544e-02;1.639749e-01;1.501316e-01;5.764871e-02;7.172916e-02;8.216452e-02;7.694420e-02;7.883620e-02;8.890905e-02;5.286600e-02;2.953996e-02;5.594018e-02
1.030406e-01;1.550228e-01;9.941376e-02;4.587339e-02;5.472036e-02;1.054415e-01;1.141674e-01;9.554866e-02;6.904329e-02;6.234213e-02;2.918950e-02;6.619672e-02
7.851280e-02;2.233778e-01;2.029366e-01;4.281415e-02;3.046236e-02;1.111987e-01;8.939873e-02;7.363971e-02;3.837672e-02;4.507874e-02;2.912527e-02;3.507843e-02
6.273171e-02;2.362121e-01;2.205646e-01;5.546529e-02;4.198174e-02;9.712107e-02;6.740633e-02;8.629298e-02;4.256378e-02;4.324581e-02;2.582698e-02;2.058761e-02
7.575819e-02;2.993408e-01;1.331411e-01;9.513677e-02;5.206112e-02;6.790672e-02;4.882263e-02;7.139977e-02;3.898933e-02;5.876177e-02;2.812864e-02;3.055319e-02
8.215192e-02;3.326787e-01;2.069312e-01;9.192539e-02;3.463995e-02;7.233012e-02;2.251981e-02;3.736646e-02;2.776968e-02;3.425500e-02;3.138738e-02;2.604440e-02
9.956886e-02;2.752601e-01;1.394057e-01;8.413155e-02;4.882918e-02;6.370367e-02;5.388664e-02;8.376269e-02;5.347476e-02;2.812386e-02;3.228589e-02;3.756713e-02
1.039428e-01;1.852512e-01;1.125667e-01;8.780234e-02;8.538719e-02;5.932343e-02;1.078247e-01;1.183102e-01;4.437536e-02;2.587067e-02;1.979280e-02;4.955269e-02
1.016966e-01;1.445195e-01;8.450770e-02;9.581306e-02;8.079840e-02;5.220003e-02;1.496945e-01;1.541082e-01;2.825141e-02;2.354390e-02;1.826951e-02;6.659716e-02
8.337329e-02;1.124586e-01;4.190769e-02;9.987152e-02;4.358084e-02;3.653584e-02;2.128121e-01;2.078483e-01;1.849746e-02;3.559434e-02;1.344442e-02;9.407555e-02
5.942285e-02;9.869780e-02;3.802679e-02;9.953472e-02;1.384416e-02;4.149766e-02;2.608577e-01;1.826780e-01;2.245509e-02;6.138268e-02;1.143023e-02;1.101722e-01
5.059764e-02;1.210722e-01;3.725368e-02;9.576141e-02;1.387350e-02;3.873149e-02;3.017592e-01;1.014613e-01;2.423547e-02;7.913818e-02;7.992511e-03;1.281234e-01
4.087838e-02;1.383734e-01;4.269670e-02;8.339341e-02;1.318376e-02;4.122933e-02;3.242015e-01;4.818918e-02;2.100019e-02;7.543607e-02;1.339596e-02;1.580221e-01
4.538805e-02;1.365982e-01;3.541349e-02;7.191674e-02;1.851431e-02;4.058211e-02;3.095449e-01;5.550819e-02;2.819525e-02;5.467189e-02;2.820903e-02;1.754578e-01
4.675731e-02;1.409899e-01;1.125234e-01;5.819960e-02;2.661851e-02;7.161437e-02;2.221837e-01;6.370223e-02;6.257173e-02;3.593722e-02;3.765085e-02;1.212511e-01
7.171565e-02;1.046295e-01;1.503013e-01;4.899147e-02;4.270252e-02;8.827611e-02;1.938077e-01;6.585545e-02;8.028525e-02;3.526190e-02;3.222566e-02;8.594753e-02
7.789852e-02;1.653917e-01;1.662415e-01;3.380888e-02;2.437373e-02;5.858854e-02;1.831441e-01;5.565619e-02;6.117228e-02;3.004922e-02;2.169754e-02;1.219778e-01
7.104912e-02;1.470008e-01;1.364771e-01;3.153640e-02;2.176359e-02;4.089627e-02;2.056398e-01;8.497266e-02;5.044487e-02;4.172647e-02;2.367647e-02;1.448164e-01
7.618279e-02;1.030061e-01;1.126460e-01;4.507053e-02;3.128421e-02;5.438012e-02;1.797911e-01;9.513189e-02;6.507699e-02;5.233945e-02;2.132094e-02;1.637698e-01
9.194385e-02;2.052303e-01;1.351673e-01;4.203033e-02;2.629522e-02;4.590794e-02;9.310096e-02;6.967025e-02;6.041958e-02;4.865626e-02;1.838411e-02;1.631939e-01
7.766512e-02;2.611221e-01;1.382760e-01;4.522907e-02;1.946142e-02;6.274024e-02;6.470565e-02;6.725544e-02;4.455741e-02;4.824205e-02;1.968409e-02;1.510614e-01
7.299788e-02;2.089372e-01;9.957425e-02;5.728296e-02;2.780100e-02;7.671638e-02;8.766331e-02;9.693380e-02;3.723651e-02;5.761545e-02;3.055709e-02;1.466841e-01
8.150949e-02;1.928294e-01;4.702795e-02;5.672697e-02;2.304275e-02;8.222956e-02;9.460077e-02;1.004526e-01;6.158997e-02;8.057997e-02;4.916472e-02;1.302458e-01
7.445319e-02;2.148943e-01;9.972998e-02;3.990462e-02;1.559686e-02;7.767514e-02;9.134158e-02;7.824305e-02;8.663965e-02;8.273493e-02;4.411200e-02;9.467470e-02
8.510466e-02;2.285709e-01;1.003374e-01;3.024027e-02;2.321522e-02;1.027256e-01;8.160913e-02;8.174381e-02;8.354191e-02;6.255497e-02;2.913404e-02;9.122209e-02
8.166922e-02;2.096737e-01;8.768927e-02;6.780681e-02;2.497066e-02;1.322528e-01;8.833977e-02;8.982816e-02;6.200149e-02;4.737495e-02;3.834943e-02;7.004383e-02
6.884007e-02;1.631130e-01;1.494954e-01;8.544067e-02;3.225603e-02;1.457727e-01;9.010971e-02;9.474394e-02;3.773277e-02;4.136661e-02;3.996754e-02;5.116155e-02
5.410169e-02;1.274931e-01;1.442453e-01;7.405417e-02;3.193619e-02;1.515991e-01;1.438556e-01;1.065387e-01;4.595112e-02;2.696379e-02;2.973430e-02;6.352694e-02
6.045729e-02;1.261974e-01;9.696656e-02;7.283781e-02;3.513088e-02;1.181698e-01;2.009702e-01;9.836551e-02;5.215620e-02;2.457977e-02;3.516674e-02;7.900180e-02
5.305832e-02;1.655191e-01;1.183578e-01;7.400248e-02;3.506279e-02;5.831975e-02;1.966503e-01;1.000080e-01;6.859798e-02;2.809349e-02;2.350245e-02;7.882758e-02
3.962208e-02;1.475783e-01;1.368413e-01;6.100835e-02;3.048458e-02;1.113200e-01;1.535925e-01;1.238211e-01;7.611752e-02;2.765143e-02;1.669497e-02;7.526787e-02
6.856112e-02;9.487641e-02;1.262692e-01;6.520233e-02;2.428348e-02;1.572371e-01;1.228667e-01;1.139898e-01;6.754319e-02;5.242370e-02;3.061202e-02;7.613491e-02
8.168544e-02;1.937389e-01;1.126682e-01;3.982507e-02;3.285533e-02;1.147928e-01;9.755781e-02;1.013472e-01;6.695494e-02;5.889793e-02;2.534289e-02;7.433359e-02
8.300149e-02;2.094395e-01;1.308360e-01;4.744537e-02;3.817660e-02;6.129258e-02;7.442988e-02;1.369053e-01;7.714269e-02;5.136724e-02;3.269156e-02;5.727176e-02
8.098200e-02;1.809325e-01;5.841936e-02;4.835390e-02;4.907290e-02;5.568563e-02;7.656223e-02;2.061115e-01;1.281639e-01;4.419634e-02;3.107010e-02;4.044967e-02
6.849089e-02;1.906331e-01;9.677086e-02;4.735640e-02;5.350130e-02;1.402084e-01;4.544917e-02;1.551982e-01;1.174180e-01;3.800093e-02;1.272103e-02;3.425169e-02
6.940925e-02;1.544150e-01;6.023686e-02;4.688147e-02;5.427024e-02;2.115607e-01;4.093510e-02;1.650781e-01;9.608369e-02;4.891641e-02;2.188828e-02;3.032494e-02
6.169051e-02;1.842081e-01;1.088101e-01;3.952179e-02;4.278275e-02;1.776437e-01;4.309593e-02;1.565183e-01;7.634279e-02;3.646226e-02;2.953848e-02;4.338525e-02
8.330662e-02;2.174874e-01;1.428943e-01;2.852190e-02;3.811964e-02;1.183051e-01;7.053406e-02;1.330435e-01;5.635750e-02;3.062902e-02;3.140746e-02;4.939358e-02
1.187440e-01;1.972052e-01;1.214358e-01;2.958066e-02;3.354895e-02;8.770195e-02;1.023027e-01;1.436288e-01;3.228038e-02;5.606190e-02;2.689710e-02;5.061258e-02
1.269691e-01;1.255882e-01;7.396892e-02;4.474618e-02;2.596756e-02;9.605104e-02;1.263344e-01;1.435887e-01;1.880348e-02;1.003981e-01;2.525487e-02;9.232947e-02
1.077806e-01;8.533739e-02;2.555492e-02;5.570744e-02;1.809254e-02;9.606565e-02;1.806129e-01;9.249777e-02;2.333259e-02;1.376914e-01;2.511406e-02;1.522127e-01
8.560237e-02;1.223222e-01;7.465766e-02;6.009309e-02;1.180764e-02;6.255303e-02;1.769934e-01;5.671274e-02;2.328960e-02;1.267543e-01;2.082306e-02;1.783910e-01
1.074874e-01;1.352745e-01;7.506168e-02;5.494088e-02;7.375095e-03;6.950330e-02;1.290740e-01;7.811183e-02;2.635898e-02;1.070548e-01;1.959060e-02;1.901669e-01
1.629501e-01;1.739292e-01;6.840000e-02;3.998532e-02;1.626847e-02;8.413383e-02;5.433874e-02;1.220861e-01;3.570512e-02;6.963128e-02;1.794421e-02;1.546275e-01
1.974028e-01;2.154875e-01;1.271444e-01;2.760246e-02;2.874224e-02;5.299280e-02;3.349011e-02;1.466072e-01;3.518989e-02;3.000071e-02;1.679279e-02;8.854706e-02
1.892554e-01;2.642067e-01;1.464009e-01;1.675202e-02;3.297338e-02;4.122665e-02;5.161519e-02;1.391300e-01;3.740520e-02;1.615001e-02;1.152739e-02;5.335721e-02
1.584613e-01;2.816494e-01;1.702714e-01;1.269335e-02;2.437470e-02;5.370751e-02;4.998866e-02;1.069465e-01;4.667257e-02;2.486258e-02;1.435600e-02;5.601598e-02
1.393648e-01;2.601584e-01;1.293226e-01;3.632819e-02;1.510104e-02;6.386690e-02;5.030141e-02;9.351835e-02;4.840492e-02;4.524983e-02;1.793161e-02;1.004519e-01
1.181405e-01;2.632987e-01;6.846246e-02;4.862817e-02;7.620990e-03;6.704616e-02;5.512766e-02;1.204636e-01;5.424786e-02;4.924865e-02;2.027715e-02;1.274381e-01
9.888600e-02;2.872668e-01;1.031800e-01;3.430471e-02;1.030041e-02;4.266969e-02;5.354917e-02;1.391131e-01;7.148357e-02;3.296308e-02;2.512618e-02;1.011573e-01
1.022361e-01;2.504461e-01;8.833593e-02;2.981522e-02;1.337668e-02;4.326479e-02;7.803484e-02;1.515016e-01;7.999006e-02;4.327277e-02;3.613526e-02;8.359060e-02
1.181811e-01;2.474556e-01;7.875318e-02;2.321909e-02;1.085444e-02;4.579018e-02;9.193054e-02;1.228577e-01;8.013830e-02;5.460951e-02;4.199934e-02;8.421105e-02
9.318755e-02;2.558394e-01;1.361042e-01;1.944827e-02;1.329556e-02;3.593063e-02;7.715950e-02;1.134084e-01;9.008545e-02;7.183100e-02;2.842944e-02;6.528049e-02
8.464119e-02;1.873510e-01;1.524032e-01;4.122416e-02;1.217937e-02;5.793583e-02;1.102286e-01;9.335761e-02;9.480905e-02;7.532106e-02;2.392853e-02;6.662038e-02
8.572841e-02;1.303171e-01;1.128127e-01;7.999008e-02;1.238643e-02;8.490613e-02;1.580901e-01;7.378872e-02;8.282126e-02;7.032041e-02;3.173974e-02;7.709894e-02
1.047053e-01;1.951923e-01;6.448917e-02;5.961046e-02;1.476515e-02;1.267915e-01;1.110064e-01;7.333901e-02;4.685549e-02;1.018354e-01;2.950845e-02;7.190142e-02
1.004113e-01;1.926733e-01;8.908256e-02;3.931305e-02;1.286055e-02;1.625056e-01;9.967314e-02;5.887967e-02;3.628097e-02;1.172482e-01;2.335483e-02;6.771681e-02
7.030579e-02;1.694055e-01;1.177898e-01;5.735014e-02;1.288310e-02;1.354954e-01;1.485329e-01;3.308294e-02;3.648179e-02;1.014863e-01;2.273000e-02;9.445633e-02
5.139209e-02;8.123557e-02;8.528638e-02;8.898022e-02;1.616893e-02;9.216715e-02;2.394314e-01;5.539626e-02;5.336308e-02;7.700906e-02;2.973349e-02;1.298363e-01
4.012092e-02;6.787376e-02;6.926077e-02;1.120610e-01;2.216700e-02;7.223650e-02;2.855208e-01;4.513286e-02;5.248465e-02;4.323317e-02;3.869516e-02;1.512134e-01
4.017496e-02;9.308461e-02;7.338124e-02;1.178285e-01;2.673405e-02;7.091974e-02;2.655034e-01;3.608725e-02;4.327996e-02;3.055792e-02;3.196630e-02;1.704821e-01
6.106484e-02;1.150128e-01;5.015889e-02;1.211208e-01;1.896572e-02;6.014200e-02;2.300853e-01;3.067588e-02;3.443678e-02;2.573633e-02;3.241662e-02;2.201841e-01
7.068661e-02;1.300110e-01;6.460836e-02;1.381941e-01;1.303178e-02;5.617351e-02;1.886041e-01;3.009466e-02;2.700000e-02;2.091313e-02;1.619846e-02;2.444844e-01
6.162629e-02;9.577493e-02;3.927817e-02;1.222363e-01;1.222380e-02;6.136061e-02;2.438702e-01;4.031050e-02;2.419731e-02;1.879310e-02;2.998710e-02;2.503417e-01
3.998877e-02;9.098832e-02;6.245171e-02;8.247851e-02;1.413839e-02;8.230446e-02;2.926789e-01;4.111513e-02;2.393470e-02;1.193102e-02;5.078135e-02;2.072087e-01
2.893556e-02;7.569797e-02;8.947226e-02;7.172389e-02;1.952889e-02;1.298868e-01;2.948886e-01;2.992040e-02;2.333880e-02;1.511723e-02;7.941455e-02;1.420750e-01
2.561997e-02;5.650434e-02;1.401339e-01;5.275787e-02;1.924435e-02;1.969870e-01;2.410362e-01;1.948587e-02;3.098633e-02;1.662636e-02;1.158294e-01;8.478852e-02
1.971865e-02;3.891826e-02;1.993019e-01;3.772323e-02;1.390224e-02;2.728476e-01;1.534578e-01;1.151794e-02;3.464882e-02;1.961830e-02;1.483970e-01;4.994823e-02
1.383908e-02;3.101330e-02;2.222692e-01;2.218388e-02;1.176578e-02;3.308257e-01;8.740406e-02;1.781847e-02;3.418300e-02;2.243496e-02;1.740463e-01;3.221624e-02
1.224598e-02;5.098058e-02;2.011221e-01;1.671395e-02;2.337173e-02;3.510513e-01;4.817818e-02;1.884652e-02;3.549092e-02;2.684726e-02;1.880354e-01;2.711609e-02
1.820025e-02;8.091146e-02;1.733231e-01;1.571032e-02;2.065712e-02;3.428869e-01;3.392392e-02;2.222925e-02;3.636913e-02;2.777219e-02;2.047561e-01;2.326022e-02
2.402274e-02;7.522003e-02;1.362405e-01;1.381988e-02;1.634796e-02;3.167428e-01;4.378974e-02;2.338217e-02;4.616156e-02;3.812002e-02;2.343269e-01;3.182572e-02
2.301783e-02;5.781914e-02;1.033681e-01;1.450788e-02;1.460096e-02;2.965864e-01;2.373362e-02;2.893082e-02;4.903618e-02;7.825130e-02;2.837956e-01;2.635224e-02
2.252280e-02;8.075188e-02;6.982139e-02;1.460610e-02;1.980905e-02;2.533253e-01;8.295673e-03;4.048500e-02;6.145795e-02;1.091413e-01;2.783797e-01;4.140379e-02
2.158125e-02;9.338955e-02;7.384527e-02;1.649043e-02;9.467200e-03;2.751497e-01;2.522502e-02;3.287591e-02;6.465960e-02;1.065457e-01;2.309879e-01;4.978248e-02
3.235592e-02;9.679943e-02;7.863484e-02;1.745701e-02;2.728377e-02;3.107109e-01;1.004271e-01;2.784044e-02;5.568388e-02;5.888191e-02;1.304170e-01;6.350784e-02
4.002659e-02;1.129574e-01;6.277771e-02;1.709398e-02;2.143137e-02;2.912842e-01;1.605890e-01;4.183313e-02;6.354810e-02;2.928890e-02;8.426331e-02;7.490629e-02
4.194057e-02;1.176574e-01;5.680205e-02;9.468598e-03;1.210507e-02;2.726427e-01;2.089761e-01;4.770160e-02;5.315756e-02;3.015744e-02;6.906604e-02;8.032492e-02
4.352143e-02;1.280886e-01;6.917471e-02;2.676640e-02;1.063832e-02;2.661137e-01;2.347789e-01;3.261699e-02;4.691711e-02;2.418542e-02;4.482871e-02;7.236979e-02
4.479995e-02;1.347798e-01;8.817358e-02;2.696982e-02;1.805648e-02;2.549954e-01;1.882937e-01;5.069077e-02;5.227467e-02;2.544184e-02;5.480506e-02;6.071896e-02
5.180312e-02;1.353600e-01;9.014542e-02;2.355695e-02;1.838109e-02;2.738606e-01;7.608847e-02;7.170378e-02;7.741418e-02;3.707466e-02;7.494162e-02;6.967006e-02
5.233386e-02;1.456589e-01;1.474385e-01;4.693250e-02;1.477259e-02;2.016868e-01;1.043494e-01;6.455081e-02;6.033482e-02;3.516493e-02;7.787516e-02;4.890169e-02
4.469749e-02;1.486275e-01;1.779162e-01;5.274811e-02;1.790448e-02;1.221076e-01;1.197738e-01;5.893108e-02;5.892646e-02;3.821038e-02;1.131180e-01;4.703895e-02
5.632018e-02;8.123586e-02;1.844341e-01;3.182659e-02;2.973150e-02;1.248609e-01;8.467585e-02;6.084261e-02;6.315897e-02;5.501825e-02;1.391544e-01;8.874069e-02
7.429864e-02;1.170566e-01;1.226576e-01;3.377872e-02;2.030133e-02;1.732959e-01;9.031921e-02;1.016364e-01;6.777086e-02;6.777376e-02;7.725009e-02;5.386090e-02
5.334717e-02;1.437093e-01;1.589642e-01;2.813866e-02;2.159048e-02;1.586833e-01;9.092528e-02;1.241029e-01;4.584288e-02;6.421717e-02;6.409680e-02;4.638186e-02
3.962962e-02;1.148163e-01;1.522485e-01;2.848503e-02;2.332459e-02;1.664939e-01;8.378133e-02;1.377063e-01;5.542586e-02;6.050083e-02;8.045375e-02;5.713413e-02
4.906354e-02;1.563426e-01;1.608603e-01;2.381459e-02;1.665241e-02;1.532385e-01;5.082484e-02;1.407785e-01;7.770192e-02;4.807416e-02;6.910894e-02;5.353965e-02
5.547065e-02;2.026705e-01;1.917377e-01;1.625254e-02;1.614472e-02;1.348634e-01;2.629671e-02;1.493156e-01;9.156906e-02;3.175412e-02;4.441081e-02;3.951424e-02
