1.213337e-01;7.752455e-02;1.955082e-01;6.017109e-02;7.125712e-02;4.020824e-02;1.243237e-01;4.257932e-02;3.747825e-02;7.750501e-02;9.237236e-02;5.973848e-02
8.185199e-02;9.180552e-02;2.315080e-01;9.065865e-02;6.456953e-02;3.929700e-02;1.003982e-01;4.755799e-02;3.559105e-02;6.757524e-02;1.030610e-01;4.612577e-02
5.530550e-02;1.074276e-01;2.709395e-01;1.126131e-01;7.421441e-02;3.175208e-02;5.290613e-02;5.418115e-02;1.908647e-02;5.311318e-02;1.193282e-01;4.913266e-02
7.702114e-02;1.021847e-01;2.522083e-01;9.483203e-02;8.303186e-02;3.952301e-02;5.103384e-02;4.539603e-02;2.972727e-02;3.657857e-02;1.113560e-01;7.710715e-02
7.232357e-02;8.591413e-02;2.747701e-01;8.428895e-02;7.039455e-02;5.897821e-02;6.969176e-02;2.580525e-02;4.103496e-02;4.594680e-02;9.383728e-02;7.701439e-02
4.379231e-02;6.829662e-02;3.290360e-01;8.931453e-02;4.554721e-02;6.636442e-02;7.397552e-02;4.375241e-02;4.568373e-02;7.733095e-02;5.987218e-02;5.703406e-02
3.734919e-02;5.345217e-02;3.049348e-01;5.344103e-02;6.872228e-02;4.891047e-02;8.948097e-02;7.338239e-02;5.998786e-02;9.357074e-02;7.207195e-02;4.469608e-02
2.402548e-02;3.636004e-02;2.588542e-01;6.323750e-02;6.461360e-02;6.168110e-02;9.868441e-02;9.665834e-02;8.424745e-02;1.063314e-01;5.546803e-02;4.983854e-02
4.479307e-02;2.675550e-02;1.501981e-01;5.577737e-02;4.492171e-02;9.579320e-02;1.314793e-01;1.158187e-01;1.300191e-01;1.240699e-01;3.620137e-02;4.417275e-02
7.299709e-02;5.521825e-02;8.595920e-02;4.824695e-02;6.367416e-02;9.017622e-02;1.371113e-01;1.258525e-01;1.619170e-01;1.090762e-01;2.149044e-02;2.828060e-02
6.615804e-02;1.010154e-01;1.879234e-01;3.969314e-02;3.263662e-02;5.871551e-02;1.931201e-01;8.588411e-02;7.750036e-02;6.667116e-02;6.259318e-02;2.808899e-02
8.201495e-02;1.517671e-01;2.366573e-01;2.040995e-02;4.455775e-02;2.314427e-02;2.251873e-01;5.570436e-02;3.125460e-02;3.108215e-02;7.182397e-02;2.639616e-02
6.538460e-02;2.003039e-01;2.327178e-01;1.665855e-02;5.574114e-02;1.743936e-02;2.372032e-01;4.566520e-02;1.716053e-02;1.493739e-02;7.516790e-02;2.162037e-02
9.665363e-02;2.234985e-01;2.024370e-01;2.112236e-02;5.385638e-02;2.275677e-02;2.178533e-01;3.226324e-02;1.263111e-02;2.335315e-02;7.230442e-02;2.127020e-02
1.688801e-01;2.178815e-01;1.556914e-01;3.665824e-02;4.883814e-02;2.967235e-02;1.796582e-01;2.172064e-02;1.327540e-02;3.676791e-02;6.064891e-02;3.030718e-02
2.146421e-01;1.914644e-01;1.460558e-01;4.671546e-02;4.435312e-02;3.133032e-02;1.389834e-01;2.350033e-02;2.248976e-02;4.557409e-02;5.245395e-02;4.243725e-02
1.800680e-01;1.650184e-01;1.878080e-01;5.505104e-02;4.663342e-02;2.736403e-02;1.133105e-01;3.166989e-02;2.871455e-02;5.098220e-02;5.713052e-02;5.624944e-02
1.040851e-01;2.075599e-01;2.306904e-01;4.956039e-02;4.349685e-02;2.790879e-02;1.173322e-01;1.494693e-02;3.185390e-02;3.514653e-02;8.174241e-02;5.567662e-02
1.767837e-01;2.802729e-01;1.323959e-01;4.829418e-02;4.852822e-02;1.608771e-02;8.721612e-02;3.805776e-02;2.652359e-02;2.147471e-02;9.926382e-02;2.510143e-02
9.251045e-02;2.752192e-01;1.481760e-01;6.020163e-02;7.252569e-02;2.824828e-02;1.124804e-01;1.816864e-02;3.827728e-02;3.451753e-02;9.593446e-02;2.374040e-02
1.531017e-01;2.264329e-01;1.526444e-01;7.873851e-02;7.695236e-02;3.109971e-02;1.173344e-01;2.792071e-02;2.096660e-02;3.193749e-02;5.058839e-02;3.228293e-02
8.035545e-02;1.626196e-01;1.110831e-01;4.024609e-02;7.433590e-02;5.000779e-02;1.311466e-01;8.505397e-02;8.719085e-02;8.335940e-02;4.852127e-02;4.607997e-02
2.964132e-02;9.152538e-02;1.550952e-01;2.293075e-02;6.695570e-02;7.820232e-02;1.374343e-01;8.074522e-02;1.043678e-01;1.119801e-01;8.712611e-02;3.399583e-02
5.991122e-02;8.051063e-02;2.190636e-01;4.473389e-02;4.504959e-02;4.436324e-02;1.775843e-01;5.993853e-02;6.989835e-02;8.473935e-02;6.565910e-02;4.854825e-02
1.257831e-01;1.308183e-01;2.123663e-01;4.954084e-02;3.770294e-02;3.277422e-02;1.691808e-01;4.262028e-02;3.444659e-02;5.884902e-02;4.900109e-02;5.691652e-02
2.142442e-01;1.473487e-01;1.640659e-01;3.770990e-02;4.286353e-02;4.462763e-02;1.369899e-01;3.215374e-02;3.324940e-02;4.535707e-02;3.408897e-02;6.730099e-02
2.643859e-01;1.230048e-01;1.141356e-01;2.567940e-02;7.228047e-02;4.882631e-02;8.687713e-02;2.821362e-02;6.742067e-02;3.560723e-02;3.229526e-02;1.012736e-01
2.338208e-01;6.020440e-02;8.718976e-02;3.330452e-02;1.272033e-01;4.762368e-02;4.204598e-02;3.151314e-02;1.131191e-01;1.837862e-02;2.836677e-02;1.772300e-01
2.050779e-01;4.826455e-02;6.048750e-02;5.290167e-02;1.520678e-01;3.686931e-02;5.211182e-02;4.552599e-02;1.008718e-01;2.318604e-02;3.708280e-02;1.855528e-01
1.468329e-01;7.037790e-02;9.023664e-02;1.144986e-01;1.432951e-01;2.777960e-02;2.864926e-02;8.632385e-02;5.965307e-02;3.590344e-02;7.528993e-02;1.211597e-01
5.262860e-02;7.266244e-02;1.222849e-01;1.869554e-01;1.302853e-01;3.319572e-02;3.321083e-02;1.316673e-01;3.449592e-02;3.268691e-02;1.150667e-01;5.485997e-02
1.856149e-02;6.541112e-02;1.473227e-01;2.238248e-01;1.202175e-01;4.509381e-02;4.875466e-02;1.325711e-01;1.798277e-02;1.723890e-02;1.297788e-01;3.324247e-02
2.190698e-02;6.773486e-02;2.150199e-01;2.040062e-01;9.707364e-02;4.105878e-02;7.024562e-02;9.081820e-02;2.954378e-02;2.419669e-02;1.060429e-01;3.235244e-02
5.840163e-02;7.998206e-02;2.877341e-01;1.526398e-01;7.039279e-02;3.827091e-02;8.404816e-02;3.790203e-02;4.487573e-02;4.411514e-02;6.701117e-02;3.462649e-02
7.702547e-02;8.940656e-02;3.423146e-01;1.040484e-01;4.500776e-02;4.247228e-02;1.067525e-01;4.167886e-02;3.845191e-02;5.024610e-02;3.407728e-02;2.851822e-02
4.950702e-02;7.805024e-02;2.336729e-01;7.743647e-02;7.598584e-02;5.486283e-02;1.190169e-01;8.299164e-02;6.696049e-02;6.014233e-02;4.611909e-02;5.525429e-02
6.447980e-02;5.065244e-02;1.252214e-01;1.423693e-01;1.203281e-01;4.116261e-02;6.141779e-02;1.296461e-01;6.655501e-02;5.640604e-02;6.924222e-02;7.251929e-02
3.352144e-02;2.476855e-02;8.762779e-02;1.449396e-01;1.698076e-01;4.093076e-02;2.556733e-02;1.261713e-01;1.019166e-01;7.062125e-02;7.805151e-02;9.607614e-02
2.343671e-02;1.009462e-02;6.694624e-02;8.888348e-02;1.945548e-01;4.494921e-02;4.579059e-02;8.162691e-02;2.093660e-01;6.207094e-02;5.074709e-02;1.215333e-01
1.918191e-02;1.164019e-02;5.222269e-02;4.563339e-02;1.939234e-01;4.954752e-02;6.811470e-02;5.804963e-02;3.075457e-01;3.134685e-02;2.748184e-02;1.353122e-01
2.276249e-02;8.650547e-03;4.122553e-02;3.574313e-02;1.864340e-01;5.289445e-02;7.236991e-02;2.256430e-02;3.780887e-01;2.732594e-02;2.041445e-02;1.315265e-01
3.103462e-02;8.154332e-03;4.542250e-02;3.646099e-02;1.839265e-01;4.196592e-02;6.213436e-02;3.377965e-02;3.954780e-01;2.141983e-02;2.238648e-02;1.178368e-01
6.166188e-02;8.439462e-03;5.590251e-02;5.623503e-02;1.904001e-01;4.260153e-02;4.781978e-02;3.722017e-02;3.393367e-01;1.791204e-02;3.392869e-02;1.085422e-01
9.977647e-02;1.570178e-02;6.674600e-02;7.508435e-02;1.914296e-01;6.394690e-02;3.864425e-02;4.152856e-02;2.198854e-01;3.115456e-02;5.570045e-02;1.004016e-01
1.203955e-01;2.241890e-02;7.714351e-02;8.140916e-02;1.760068e-01;7.359857e-02;3.528743e-02;5.155396e-02;1.657856e-01;4.435438e-02;7.572877e-02;7.631747e-02
9.838831e-02;2.230368e-02;9.994996e-02;7.337622e-02;1.396092e-01;6.045394e-02;6.245521e-02;5.840902e-02;1.725776e-01;6.341834e-02;7.699162e-02;7.206681e-02
7.791205e-02;1.732885e-02;1.441098e-01;5.607377e-02;1.186790e-01;4.815896e-02;9.322063e-02;5.636656e-02;1.544756e-01;7.499692e-02;7.205607e-02;8.662175e-02
5.304268e-02;3.566851e-02;1.740488e-01;5.030342e-02;1.350977e-01;5.066035e-02;1.093266e-01;5.543455e-02;9.453299e-02;6.484356e-02;6.717177e-02;1.098692e-01
4.392856e-02;2.264585e-02;1.871672e-01;7.861277e-02;1.644521e-01;6.438269e-02;4.592182e-02;6.764683e-02;6.033733e-02;8.260783e-02;5.636681e-02;1.259302e-01
1.183542e-01;3.735272e-02;1.903394e-01;5.839695e-02;1.368760e-01;5.890243e-02;3.353243e-02;3.891586e-02;7.391816e-02;1.005347e-01;4.579413e-02;1.070831e-01
2.028079e-01;4.335561e-02;1.464344e-01;4.220790e-02;1.155245e-01;6.961083e-02;6.364103e-02;2.216638e-02;9.084249e-02;8.700529e-02;5.089452e-02;6.550921e-02
1.903843e-01;3.984785e-02;8.135822e-02;3.982141e-02;9.350084e-02;8.964462e-02;1.100952e-01;3.928555e-02;1.404580e-01;8.511395e-02;4.615998e-02;4.433000e-02
1.288935e-01;4.763184e-02;7.722089e-02;3.322505e-02;1.311217e-01;1.056614e-01;1.256389e-01;6.366915e-02;1.201981e-01;9.244008e-02;3.345107e-02;4.084824e-02
6.927929e-02;2.503899e-02;1.007589e-01;4.879465e-02;1.317619e-01;8.671514e-02;1.777211e-01;5.834755e-02;1.022293e-01;7.463853e-02;6.182552e-02;6.288917e-02
5.393770e-02;3.898692e-02;1.077386e-01;5.790761e-02;1.029962e-01;6.253144e-02;2.054477e-01;6.470560e-02;1.100583e-01;5.230760e-02;6.409260e-02;7.928966e-02
1.041635e-01;7.038944e-02;6.735301e-02;4.908527e-02;1.015871e-01;5.474439e-02;2.613443e-01;5.257072e-02;8.419464e-02;5.944603e-02;3.666923e-02;5.845239e-02
1.355889e-01;9.060638e-02;2.759589e-02;2.951276e-02;8.476374e-02;6.389470e-02;3.433063e-01;4.852453e-02;6.690966e-02;6.871670e-02;1.667274e-02;2.390768e-02
1.182928e-01;1.202163e-01;3.959868e-02;3.042443e-02;6.032255e-02;6.595533e-02;3.959021e-01;4.148294e-02;5.536950e-02;4.920813e-02;1.479230e-02;8.435004e-03
8.844240e-02;1.660695e-01;9.058002e-02;2.246401e-02;4.200381e-02;3.646462e-02;3.931275e-01;3.198703e-02;3.634977e-02;3.984055e-02;4.061369e-02;1.205716e-02
8.741648e-02;1.728409e-01;1.400927e-01;1.174312e-02;4.017651e-02;2.983151e-02;3.283813e-01;4.566452e-02;4.236148e-02;3.109041e-02;5.752517e-02;1.287580e-02
7.413347e-02;1.875133e-01;1.609880e-01;1.138018e-02;3.827507e-02;3.233438e-02;3.223551e-01;4.284312e-02;3.962062e-02;1.549042e-02;6.307028e-02;1.199608e-02
1.109456e-01;1.960706e-01;1.503097e-01;1.416991e-02;3.628034e-02;3.969141e-02;2.941799e-01;3.632682e-02;3.414107e-02;2.004810e-02;5.652025e-02;1.131625e-02
1.703858e-01;1.814569e-01;1.310043e-01;2.205618e-02;4.123140e-02;5.772342e-02;2.309504e-01;3.258212e-02;2.901893e-02;3.939317e-02;4.330743e-02;2.088992e-02
2.127959e-01;1.469550e-01;1.485160e-01;3.089756e-02;6.009515e-02;7.277077e-02;1.367253e-01;3.292404e-02;3.084430e-02;5.682418e-02;3.331497e-02;3.733685e-02
1.761070e-01;1.077210e-01;1.907292e-01;3.006890e-02;1.103480e-01;8.487908e-02;7.125805e-02;3.249631e-02;5.796587e-02;4.929953e-02;3.114745e-02;5.797961e-02
1.820169e-01;1.103683e-01;1.686357e-01;2.215717e-02;1.196098e-01;9.102263e-02;1.313992e-01;2.251667e-02;5.730397e-02;1.802584e-02;2.149929e-02;5.544458e-02
1.800194e-01;1.790879e-01;8.721444e-02;2.897540e-02;7.522762e-02;7.145162e-02;1.804015e-01;2.981175e-02;5.317941e-02;5.465542e-02;1.674397e-02;4.323159e-02
8.174195e-02;1.752452e-01;1.118660e-01;3.448122e-02;3.562886e-02;3.246718e-02;2.563302e-01;4.209508e-02;5.665210e-02;7.513063e-02;5.356849e-02;4.479307e-02
4.237770e-02;1.425090e-01;1.840223e-01;4.356541e-02;4.055097e-02;2.599513e-02;2.463655e-01;5.431007e-02;4.180551e-02;6.031749e-02;7.002228e-02;4.815863e-02
1.172297e-01;1.665583e-01;1.634238e-01;4.685308e-02;3.554475e-02;3.739103e-02;2.218762e-01;3.238611e-02;3.069842e-02;5.250253e-02;6.011799e-02;3.541818e-02
1.734442e-01;1.964832e-01;1.097009e-01;5.231396e-02;3.437369e-02;6.023087e-02;2.156211e-01;9.071575e-03;2.589914e-02;5.559832e-02;4.708490e-02;2.017821e-02
2.010846e-01;1.617703e-01;7.332715e-02;1.004287e-01;3.842212e-02;9.853207e-02;1.941680e-01;8.867200e-03;1.620266e-02;7.069690e-02;2.961805e-02;6.882377e-03
2.186104e-01;8.098675e-02;3.863353e-02;1.520373e-01;4.206848e-02;1.369435e-01;1.955784e-01;1.264380e-02;5.737036e-03;9.003558e-02;1.401087e-02;1.271437e-02
2.120529e-01;4.484580e-02;4.672542e-02;1.410514e-01;5.253076e-02;1.538055e-01;1.966133e-01;1.368746e-02;1.866939e-02;9.994484e-02;7.952592e-03;1.212056e-02
1.780208e-01;2.386023e-02;8.401826e-02;9.672174e-02;6.607554e-02;1.488713e-01;1.833597e-01;1.991507e-02;3.878456e-02;1.039430e-01;1.638206e-02;4.004773e-02
1.388082e-01;1.805151e-02;1.250553e-01;8.032072e-02;8.631132e-02;1.338413e-01;1.390660e-01;1.992722e-02;5.925889e-02;1.018287e-01;2.496769e-02;7.256313e-02
9.434221e-02;4.199887e-02;1.742607e-01;7.795278e-02;1.116049e-01;1.108831e-01;4.055663e-02;3.211396e-02;7.707302e-02;8.471785e-02;5.778702e-02;9.670896e-02
4.087480e-02;5.916766e-02;1.546059e-01;9.562259e-02;1.034412e-01;6.060410e-02;2.271805e-01;2.532052e-02;5.953553e-02;7.078054e-02;5.435765e-02;4.850911e-02
6.556765e-02;4.916661e-02;6.838398e-02;1.297951e-01;1.322805e-01;9.793460e-02;2.326531e-01;2.906014e-02;6.658800e-02;7.164799e-02;3.599289e-02;2.092941e-02
9.827270e-02;5.455070e-02;1.205957e-01;7.453580e-02;1.044945e-01;8.010113e-02;1.072931e-01;6.346024e-02;1.089440e-01;5.147223e-02;6.828375e-02;6.799614e-02
1.239967e-01;6.661322e-02;7.044076e-02;3.625115e-02;7.497478e-02;9.446530e-02;9.890312e-02;7.984224e-02;1.173285e-01;7.238679e-02;7.410403e-02;9.069340e-02
9.943077e-02;6.707082e-02;1.044021e-01;3.212859e-02;7.937513e-02;1.163497e-01;1.130310e-01;7.301544e-02;8.624566e-02;7.615176e-02;7.157961e-02;8.121946e-02
1.356729e-01;9.833485e-02;1.794696e-01;5.025893e-02;8.848771e-02;5.640854e-02;1.255320e-01;3.675142e-02;4.508935e-02;9.053420e-02;5.690204e-02;3.655852e-02
2.011637e-01;1.215670e-01;1.360729e-01;5.758226e-02;7.212435e-02;4.355063e-02;1.649333e-01;2.476217e-02;3.391422e-02;7.565371e-02;3.683931e-02;3.183650e-02
2.937281e-01;1.233310e-01;8.192346e-02;5.700232e-02;5.625339e-02;5.019719e-02;1.751569e-01;9.833176e-03;3.095884e-02;7.111293e-02;2.064826e-02;2.985436e-02
3.589907e-01;9.916047e-02;6.630594e-02;4.852707e-02;5.583474e-02;6.061241e-02;1.317162e-01;8.215882e-03;4.585058e-02;6.700770e-02;1.175064e-02;4.602769e-02
3.348556e-01;6.622034e-02;1.179249e-01;2.956202e-02;7.778812e-02;6.166167e-02;9.198061e-02;5.842080e-03;7.982457e-02;5.143594e-02;1.059595e-02;7.230820e-02
2.741514e-01;3.956107e-02;1.704807e-01;1.876296e-02;1.008877e-01;4.831725e-02;7.618281e-02;8.715379e-03;1.118564e-01;3.981831e-02;1.471395e-02;9.655205e-02
2.236304e-01;5.479022e-02;1.808296e-01;3.895684e-02;1.135682e-01;4.414449e-02;5.306054e-02;1.367691e-02;1.085351e-01;4.056588e-02;1.798682e-02;1.102551e-01
1.788251e-01;6.026658e-02;1.896728e-01;6.728632e-02;1.209649e-01;6.238409e-02;1.597519e-02;1.730074e-02;9.370603e-02;5.785618e-02;3.473237e-02;1.010297e-01
1.345058e-01;3.304355e-02;1.169837e-01;8.664852e-02;1.288005e-01;9.131610e-02;1.049023e-01;2.601912e-02;9.424166e-02;8.941818e-02;4.081567e-02;5.330497e-02
1.127354e-01;1.922039e-02;1.201691e-01;9.066035e-02;1.492129e-01;1.025489e-01;1.121096e-01;2.878587e-02;1.177542e-01;9.451284e-02;1.938582e-02;3.290474e-02
7.820487e-02;2.771657e-02;1.572910e-01;7.524254e-02;1.481522e-01;1.106868e-01;7.064238e-02;4.135038e-02;1.180673e-01;1.008646e-01;3.201598e-02;3.976530e-02
5.987804e-02;4.123065e-02;1.053303e-01;5.701858e-02;1.187620e-01;1.062623e-01;1.361583e-01;7.978965e-02;1.058980e-01;9.495179e-02;3.337487e-02;6.134550e-02
6.473713e-02;7.422931e-02;5.522040e-02;5.524168e-02;7.567190e-02;7.811116e-02;1.433089e-01;1.189576e-01;1.378561e-01;1.119139e-01;3.116728e-02;5.358475e-02
6.916186e-02;5.324071e-02;1.176584e-01;7.563905e-02;6.988978e-02;8.715526e-02;9.481927e-02;9.340265e-02;1.088873e-01;1.277902e-01;4.148686e-02;6.086861e-02
6.908831e-02;6.040716e-02;1.366818e-01;6.959279e-02;7.477533e-02;7.637208e-02;9.831181e-02;8.062437e-02;9.660796e-02;9.662782e-02;6.684560e-02;7.406506e-02
6.566365e-02;6.938581e-02;1.187096e-01;5.396983e-02;8.557012e-02;7.207199e-02;1.001707e-01;9.325333e-02;8.607583e-02;1.097248e-01;7.292381e-02;7.248051e-02
5.140871e-02;5.716323e-02;8.949340e-02;3.278023e-02;9.495299e-02;5.914913e-02;1.229787e-01;9.842292e-02;1.245721e-01;1.391962e-01;6.603055e-02;6.385177e-02
8.278018e-02;4.650179e-02;6.935979e-02;4.322138e-02;6.640558e-02;4.573584e-02;1.126131e-01;1.350431e-01;1.239102e-01;1.338421e-01;6.353550e-02;7.705142e-02
1.104177e-01;6.101598e-02;6.710663e-02;5.265429e-02;3.993317e-02;4.041722e-02;8.533496e-02;1.857834e-01;1.171324e-01;7.814141e-02;7.321811e-02;8.884475e-02
7.481705e-02;8.690243e-02;6.534538e-02;4.471834e-02;3.847321e-02;2.449637e-02;8.963789e-02;2.119660e-01;1.394150e-01;9.000850e-02;5.562960e-02;7.859023e-02
4.432994e-02;1.092703e-01;1.114684e-01;1.893617e-02;4.079837e-02;2.501368e-02;1.019688e-01;2.362091e-01;1.249991e-01;6.865313e-02;4.319649e-02;7.515652e-02
1.183122e-01;8.894435e-02;1.476438e-01;3.022804e-02;4.424977e-02;3.959842e-02;1.139112e-01;1.514883e-01;7.046790e-02;8.004996e-02;5.293781e-02;6.216828e-02
1.524581e-01;6.480302e-02;1.588356e-01;3.567374e-02;6.588794e-02;4.971916e-02;1.357908e-01;6.972433e-02;5.585389e-02;6.601401e-02;6.556039e-02;7.967906e-02
1.459713e-01;5.784414e-02;1.544265e-01;4.459794e-02;8.299194e-02;5.079899e-02;1.361831e-01;7.282944e-02;5.762284e-02;4.760533e-02;6.387641e-02;8.525200e-02
9.715555e-02;5.415649e-02;1.737518e-01;6.293377e-02;9.689527e-02;4.927659e-02;1.047642e-01;1.011828e-01;4.339296e-02;4.211467e-02;9.245591e-02;8.192004e-02
3.063788e-02;7.757531e-02;2.062710e-01;6.678868e-02;1.099362e-01;4.901147e-02;6.413351e-02;1.206453e-01;2.943377e-02;5.126319e-02;1.082690e-01;8.603477e-02
7.038111e-02;9.621055e-02;1.964537e-01;5.930031e-02;1.024196e-01;5.436916e-02;5.635779e-02;1.018630e-01;4.838257e-02;4.140327e-02;8.427097e-02;8.858790e-02
3.668105e-02;9.453874e-02;2.126361e-01;7.917501e-02;1.139381e-01;5.528679e-02;4.727078e-02;1.071384e-01;3.929007e-02;3.112793e-02;9.144283e-02;9.147429e-02
7.760753e-02;8.782575e-02;1.838741e-01;6.987683e-02;1.131334e-01;4.796778e-02;6.299414e-02;8.416345e-02;7.407511e-02;4.028824e-02;6.167408e-02;9.651954e-02
1.164369e-01;6.911655e-02;1.884989e-01;7.604750e-02;9.282161e-02;4.056995e-02;6.312796e-02;7.951510e-02;6.272675e-02;3.598040e-02;9.937422e-02;7.578412e-02
6.169849e-02;7.950165e-02;2.081916e-01;7.128684e-02;9.427726e-02;4.984454e-02;6.374824e-02;6.200446e-02;5.657766e-02;5.446930e-02;1.166444e-01;8.175556e-02
9.804934e-02;9.091811e-02;2.366271e-01;3.742102e-02;8.138626e-02;5.236909e-02;7.855439e-02;5.521820e-02;7.470287e-02;5.330196e-02;7.340346e-02;6.804819e-02
9.592302e-02;8.494285e-02;2.753468e-01;5.162469e-02;6.695196e-02;4.599468e-02;7.190333e-02;6.868194e-02;6.623995e-02;6.028888e-02;5.693942e-02;5.516244e-02
5.049527e-02;7.520457e-02;3.411103e-01;5.267185e-02;4.134969e-02;4.684449e-02;1.218172e-01;4.764686e-02;5.794861e-02;6.516360e-02;5.642812e-02;4.331941e-02
7.610807e-02;6.241114e-02;2.988651e-01;4.016478e-02;7.196128e-02;5.257298e-02;1.855927e-01;5.108931e-02;3.016362e-02;5.398284e-02;4.988114e-02;2.720706e-02
4.388205e-02;7.095554e-02;1.868316e-01;5.371656e-02;1.039779e-01;5.839019e-02;2.184146e-01;5.936481e-02;3.497923e-02;7.159366e-02;6.996302e-02;2.793087e-02
4.727579e-02;5.373251e-02;1.912846e-01;5.357989e-02;1.021689e-01;6.416652e-02;2.849155e-01;3.517659e-02;3.383260e-02;5.597793e-02;5.763809e-02;2.025117e-02
5.811165e-02;6.361489e-02;1.447356e-01;6.397312e-02;7.097829e-02;5.047403e-02;3.102226e-01;3.499742e-02;6.066569e-02;5.673163e-02;4.723084e-02;3.826419e-02
9.028092e-02;8.243605e-02;7.448469e-02;5.917634e-02;6.968184e-02;7.208354e-02;2.168600e-01;4.753628e-02;9.234708e-02;6.289238e-02;6.377082e-02;6.845009e-02
7.024802e-02;1.036959e-01;1.081721e-01;5.456267e-02;5.052557e-02;8.092422e-02;1.909059e-01;3.864143e-02;8.848765e-02;5.435849e-02;8.411916e-02;7.535882e-02
1.075718e-01;1.040433e-01;2.008751e-01;6.126538e-02;5.689322e-02;7.798193e-02;1.486960e-01;3.870928e-02;6.014427e-02;3.252099e-02;6.346674e-02;4.783196e-02
1.246429e-01;8.085322e-02;2.369398e-01;6.859287e-02;5.939918e-02;5.676157e-02;1.380878e-01;4.619421e-02;5.293778e-02;3.933678e-02;5.606418e-02;4.018969e-02
1.060460e-01;5.099541e-02;1.493541e-01;7.629994e-02;1.070663e-01;5.695887e-02;1.485174e-01;5.427498e-02;8.981816e-02;6.447417e-02;3.453062e-02;6.166414e-02
8.539736e-02;7.071753e-02;1.046168e-01;8.121900e-02;8.985700e-02;7.804175e-02;1.390980e-01;7.731817e-02;7.263061e-02;6.943031e-02;3.916410e-02;9.250949e-02
