1.580043e-01;8.716576e-02;1.800052e-01;4.873386e-02;7.089029e-02;8.561121e-02;2.075180e-01;3.536237e-02;3.402767e-02;2.470188e-02;2.503961e-02;4.293979e-02
1.475114e-01;6.323122e-02;2.160484e-01;7.525688e-02;7.213423e-02;4.683796e-02;1.757409e-01;5.878435e-02;3.694500e-02;3.261308e-02;3.187617e-02;4.302038e-02
1.011809e-01;5.344635e-02;2.284965e-01;1.213042e-01;8.503215e-02;3.289480e-02;1.117726e-01;1.016426e-01;2.630382e-02;3.357881e-02;5.478874e-02;4.955866e-02
3.712927e-02;4.388691e-02;2.230864e-01;1.667919e-01;7.995879e-02;2.688399e-02;7.997960e-02;1.461421e-01;2.083420e-02;3.824792e-02;7.489696e-02;6.216195e-02
1.043863e-01;8.568020e-02;3.395499e-01;9.339988e-02;3.385973e-02;1.363677e-02;9.783909e-02;8.118375e-02;1.830337e-02;4.163295e-02;4.680098e-02;4.372707e-02
1.196663e-01;8.897667e-02;3.886646e-01;1.126275e-01;3.572741e-02;1.814614e-02;7.656082e-02;3.886268e-02;1.400026e-02;3.662550e-02;4.227679e-02;2.786525e-02
7.790381e-02;4.088499e-02;3.802268e-01;2.196183e-01;7.597908e-02;2.086456e-02;4.869716e-02;2.663517e-02;1.069747e-02;2.726752e-02;5.785118e-02;1.337395e-02
4.181191e-02;1.168038e-02;2.600098e-01;3.123844e-01;1.757142e-01;2.323625e-02;1.188993e-02;3.079483e-02;1.103391e-02;4.112771e-02;5.707233e-02;2.324435e-02
2.715793e-02;1.000308e-02;1.604190e-01;2.796804e-01;2.841336e-01;4.385188e-02;3.572195e-02;1.523508e-02;1.400387e-02;4.498260e-02;2.959039e-02;5.522022e-02
1.161655e-02;6.304996e-03;1.387654e-01;1.950572e-01;3.521737e-01;8.551610e-02;6.774322e-02;7.530960e-03;2.585374e-02;2.567562e-02;1.167658e-02;7.208596e-02
2.454693e-02;1.194293e-02;1.061071e-01;1.072351e-01;3.441224e-01;1.485583e-01;1.398344e-01;8.974235e-03;2.646081e-02;1.354965e-02;6.147592e-03;6.252060e-02
5.648541e-02;6.220479e-03;5.527710e-02;5.207830e-02;2.500953e-01;2.192736e-01;2.571437e-01;2.626731e-02;1.395412e-02;2.702048e-02;5.773108e-03;3.041107e-02
6.922250e-02;9.545888e-03;5.369446e-02;3.635307e-02;1.491540e-01;2.283439e-01;3.325559e-01;3.024809e-02;1.528282e-02;6.326135e-02;4.868359e-03;7.469715e-03
5.935504e-02;1.580850e-02;5.399846e-02;2.878522e-02;1.277703e-01;1.890137e-01;4.170123e-01;2.119549e-02;8.806820e-03;6.901915e-02;4.713508e-03;4.521484e-03
2.984548e-02;2.662813e-02;2.958651e-02;2.345298e-02;9.643662e-02;1.435625e-01;5.684605e-01;1.549222e-02;2.004864e-02;4.059898e-02;2.902833e-03;2.984563e-03
6.206120e-03;4.470655e-02;1.463524e-02;1.303140e-02;6.045753e-02;9.158453e-02;6.752102e-01;2.018605e-02;5.306662e-02;1.260641e-02;4.881164e-03;3.428129e-03
8.236188e-03;5.259851e-02;9.648931e-03;1.233677e-02;4.607978e-02;5.978755e-02;6.824479e-01;3.328257e-02;7.336231e-02;8.938652e-03;1.071394e-02;2.566937e-03
4.740370e-03;4.380719e-02;1.220613e-02;1.067550e-02;4.090430e-02;3.513479e-02;7.043686e-01;6.203740e-02;5.844071e-02;8.718975e-03;1.705109e-02;1.914950e-03
5.527349e-03;2.112795e-02;2.588495e-02;9.013794e-03;3.064175e-02;2.092818e-02;7.125711e-01;1.080577e-01;3.031764e-02;1.619162e-02;1.548760e-02;4.250288e-03
6.346592e-03;1.184954e-02;4.508568e-02;6.230390e-03;2.416832e-02;2.818595e-02;6.346847e-01;1.579110e-01;2.304054e-02;4.626246e-02;7.175034e-03;9.059723e-03
3.401329e-03;6.728656e-03;6.772856e-02;4.882025e-03;1.911096e-02;2.666731e-02;5.238269e-01;2.115249e-01;2.929772e-02;8.348136e-02;3.563961e-03;1.978632e-02
5.670916e-03;1.319532e-02;7.634751e-02;4.158665e-03;1.353413e-02;2.451576e-02;4.214424e-01;2.567225e-01;4.223688e-02;1.053657e-01;4.516258e-03;3.229393e-02
6.484873e-03;1.162683e-02;6.892730e-02;4.433067e-03;1.410980e-02;3.662351e-02;4.221508e-01;2.547781e-01;5.715512e-02;7.964341e-02;6.951974e-03;3.711520e-02
9.637165e-03;8.213674e-03;4.019357e-02;7.442977e-03;8.279123e-03;4.432999e-02;4.743086e-01;2.224103e-01;7.654978e-02;5.964219e-02;8.209136e-03;4.078358e-02
6.031849e-03;5.645025e-03;3.755176e-02;6.553518e-03;7.597208e-03;4.265515e-02;5.265249e-01;1.929393e-01;8.289964e-02;4.611096e-02;5.838367e-03;3.965230e-02
5.679330e-03;5.676064e-03;4.303055e-02;8.800463e-03;8.779606e-03;3.642234e-02;5.675079e-01;1.601994e-01;9.467404e-02;4.043859e-02;5.910723e-03;2.288098e-02
9.220472e-03;6.729920e-03;2.924157e-02;6.086675e-03;7.460868e-03;2.653111e-02;5.660099e-01;1.711054e-01;1.010617e-01;4.950994e-02;5.612718e-03;2.142979e-02
1.068884e-02;7.285634e-03;2.022878e-02;9.020038e-03;7.941352e-03;2.060645e-02;5.098461e-01;1.815506e-01;1.045652e-01;7.722517e-02;1.107695e-02;3.996493e-02
1.195663e-02;6.730936e-03;2.969697e-02;1.181156e-02;9.017339e-03;1.478811e-02;4.925382e-01;1.737643e-01;9.106548e-02;9.376193e-02;7.322181e-03;5.754634e-02
1.396849e-02;8.784438e-03;2.534047e-02;6.934209e-03;1.077469e-02;1.671574e-02;5.324403e-01;1.651061e-01;6.143336e-02;8.731895e-02;6.992715e-03;6.419049e-02
1.340680e-02;7.068656e-03;1.845449e-02;6.020628e-03;9.585106e-03;1.635328e-02;5.712956e-01;1.472068e-01;5.393168e-02;1.072149e-01;7.095320e-03;4.236671e-02
1.061349e-02;7.306979e-03;1.624694e-02;7.656418e-03;7.001873e-03;1.375153e-02;6.389115e-01;1.273635e-01;4.009677e-02;1.112181e-01;5.446354e-03;1.438660e-02
1.249453e-02;6.418260e-03;1.778296e-02;8.117543e-03;1.113340e-02;2.281502e-02;6.911612e-01;9.906748e-02;3.873247e-02;7.192919e-02;7.979820e-03;1.236819e-02
9.351282e-03;4.683642e-03;1.469372e-02;5.404726e-03;1.614716e-02;3.050250e-02;6.957645e-01;8.796646e-02;3.318460e-02;7.971860e-02;1.091220e-02;1.167066e-02
6.817468e-03;9.234147e-03;1.598408e-02;3.721209e-03;1.620658e-02;3.770771e-02;6.772030e-01;7.589624e-02;2.916118e-02;9.326586e-02;1.775584e-02;1.704672e-02
1.051852e-02;9.071769e-03;1.166122e-02;8.903960e-03;2.152034e-02;4.510643e-02;6.994685e-01;5.126647e-02;4.054658e-02;6.879570e-02;2.013653e-02;1.300395e-02
1.151427e-02;9.496757e-03;1.379748e-02;8.770040e-03;2.137476e-02;4.579147e-02;7.038845e-01;4.460544e-02;4.638632e-02;5.839305e-02;2.543694e-02;1.054901e-02
5.292722e-03;1.076470e-02;1.657165e-02;6.311106e-03;1.970733e-02;4.161075e-02;6.902524e-01;4.115068e-02;5.542876e-02;8.144417e-02;2.392182e-02;7.543859e-03
7.185873e-03;9.944386e-03;1.427731e-02;4.878128e-03;1.672487e-02;3.761823e-02;6.809195e-01;4.904454e-02;5.033578e-02;9.763718e-02;1.914680e-02;1.228748e-02
9.406802e-03;9.904818e-03;2.861529e-02;6.202239e-03;1.959468e-02;3.510446e-02;6.220079e-01;9.095643e-02;4.421436e-02;1.078135e-01;1.434976e-02;1.182986e-02
1.663680e-02;8.705359e-03;4.239821e-02;9.147070e-03;1.987037e-02;2.910488e-02;5.201259e-01;1.290398e-01;9.257328e-02;9.450499e-02;1.447151e-02;2.342178e-02
3.115670e-02;2.167850e-02;4.959461e-02;1.197994e-02;1.673913e-02;2.872344e-02;4.065131e-01;1.309881e-01;1.333502e-01;1.087960e-01;1.466338e-02;4.581698e-02
7.228646e-02;4.721022e-02;5.389713e-02;2.093592e-02;4.464669e-02;5.370517e-02;1.385145e-01;1.439857e-01;1.480568e-01;1.909941e-01;3.054784e-02;5.521959e-02
4.418945e-02;3.407378e-02;3.195851e-02;2.193866e-02;4.980154e-02;4.468071e-02;3.044892e-01;9.396151e-02;1.053432e-01;2.099018e-01;2.507517e-02;3.458648e-02
2.762509e-02;1.586759e-02;3.382930e-02;2.034199e-02;3.119999e-02;2.294559e-02;3.106787e-01;1.036712e-01;1.163449e-01;2.518074e-01;3.264114e-02;3.304707e-02
3.684844e-02;2.003732e-02;3.438213e-02;2.492467e-02;3.672599e-02;4.057873e-02;3.166391e-01;1.222830e-01;1.206069e-01;1.557389e-01;5.251600e-02;3.871873e-02
4.845529e-02;3.179235e-02;4.652506e-02;2.658391e-02;4.535515e-02;4.896753e-02;3.209565e-01;9.806699e-02;1.222474e-01;1.216443e-01;4.456404e-02;4.484152e-02
5.081652e-02;2.488180e-02;6.728359e-02;1.979667e-02;5.352880e-02;5.630263e-02;2.861520e-01;6.764447e-02;1.186808e-01;1.630785e-01;4.054462e-02;5.128965e-02
7.267918e-02;3.547434e-02;5.040266e-02;2.252159e-02;5.984932e-02;7.241748e-02;1.951362e-01;7.204394e-02;1.630764e-01;1.324365e-01;5.618111e-02;6.778131e-02
8.187165e-02;4.869391e-02;9.816605e-02;3.689013e-02;6.994291e-02;8.335370e-02;1.197197e-01;7.986430e-02;1.546543e-01;9.199812e-02;4.676479e-02;8.808046e-02
6.208685e-02;5.099683e-02;1.171879e-01;3.552753e-02;5.642809e-02;7.475992e-02;1.353984e-01;8.808877e-02;9.847382e-02;9.668152e-02;7.349284e-02;1.108776e-01
6.639172e-02;4.763730e-02;1.515469e-01;5.166958e-02;5.542630e-02;1.023498e-01;1.267372e-01;7.643934e-02;9.032430e-02;6.243025e-02;9.077395e-02;7.827344e-02
8.674230e-02;8.120362e-02;1.517918e-01;6.429659e-02;4.640886e-02;1.248792e-01;9.601478e-02;6.609421e-02;8.777436e-02;6.822834e-02;8.759176e-02;3.897424e-02
5.154971e-02;7.414506e-02;1.075154e-01;8.041973e-02;6.784689e-02;1.453308e-01;1.335250e-01;7.580832e-02;5.484665e-02;9.336420e-02;6.385332e-02;5.179493e-02
3.000542e-02;7.228806e-02;8.727637e-02;8.027112e-02;7.785390e-02;1.238510e-01;1.365332e-01;7.399226e-02;9.111205e-02;1.212313e-01;3.274949e-02;7.283582e-02
8.703491e-02;6.985378e-02;9.610929e-02;7.333869e-02;6.030490e-02;7.093821e-02;9.998746e-02;1.182198e-01;1.300852e-01;1.023533e-01;3.005340e-02;6.172106e-02
1.054573e-01;7.514703e-02;8.631797e-02;6.691045e-02;6.254288e-02;5.853827e-02;7.847957e-02;1.307526e-01;1.309145e-01;8.893339e-02;4.466323e-02;7.134280e-02
9.966107e-02;7.809821e-02;1.078064e-01;6.067691e-02;6.187150e-02;4.622446e-02;7.934324e-02;1.313655e-01;1.228675e-01;6.738705e-02;5.885609e-02;8.584205e-02
1.000822e-01;7.088399e-02;1.368250e-01;5.062132e-02;5.410542e-02;3.289016e-02;8.484001e-02;9.353907e-02;1.195510e-01;7.880454e-02;7.264128e-02;1.052160e-01
1.189672e-01;8.646408e-02;1.285037e-01;7.518926e-02;6.201039e-02;2.896428e-02;7.034536e-02;7.086470e-02;8.820809e-02;8.710685e-02;7.352552e-02;1.098505e-01
9.713636e-02;1.029019e-01;1.251725e-01;7.706214e-02;6.143980e-02;3.366139e-02;4.521255e-02;7.243172e-02;1.121461e-01;1.006074e-01;8.466821e-02;8.756001e-02
1.072004e-01;1.101625e-01;1.004866e-01;5.067320e-02;4.748822e-02;4.645369e-02;3.949707e-02;1.075744e-01;1.274670e-01;9.025181e-02;5.887574e-02;1.138694e-01
8.856063e-02;1.071995e-01;7.307276e-02;4.217181e-02;4.335609e-02;5.477322e-02;5.034933e-02;1.480009e-01;8.715615e-02;1.366639e-01;6.618949e-02;1.025062e-01
1.246775e-01;6.759217e-02;7.665303e-02;3.005612e-02;5.930113e-02;4.427057e-02;8.522595e-02;1.470703e-01;1.172315e-01;1.302508e-01;3.985829e-02;7.781255e-02
1.431315e-01;4.425496e-02;8.736041e-02;2.863725e-02;5.613938e-02;2.337582e-02;1.296961e-01;1.134069e-01;1.374471e-01;1.228117e-01;5.061740e-02;6.312143e-02
1.248863e-01;4.417446e-02;7.066044e-02;3.130967e-02;5.461517e-02;3.147924e-02;1.180167e-01;9.489904e-02;2.018827e-01;1.000448e-01;6.317902e-02;6.485256e-02
1.121729e-01;6.072713e-02;8.083558e-02;1.548062e-02;4.147859e-02;4.434135e-02;9.908189e-02;5.623495e-02;1.916065e-01;1.611975e-01;3.989182e-02;9.695112e-02
8.842780e-02;3.929149e-02;5.953898e-02;1.985590e-02;2.939412e-02;4.862078e-02;7.889954e-02;7.311914e-02;1.199609e-01;3.184810e-01;4.241187e-02;8.199850e-02
6.243268e-02;1.614354e-02;4.597883e-02;3.662875e-02;4.526767e-02;5.520392e-02;9.030620e-02;8.056127e-02;8.204932e-02;4.089807e-01;3.238343e-02;4.406375e-02
6.023940e-02;2.059552e-02;6.589235e-02;5.938331e-02;6.353743e-02;5.637911e-02;1.002396e-01;6.115537e-02;9.820519e-02;3.266059e-01;3.812761e-02;4.963919e-02
7.489961e-02;4.288632e-02;1.006192e-01;5.985354e-02;6.340972e-02;8.910870e-02;1.116997e-01;6.021162e-02;6.118757e-02;2.292874e-01;4.212039e-02;6.471625e-02
5.502284e-02;4.585486e-02;9.238114e-02;5.770590e-02;5.242044e-02;8.456451e-02;1.267961e-01;6.038349e-02;7.547332e-02;2.847674e-01;2.083480e-02;4.379523e-02
6.252198e-02;4.098007e-02;8.716745e-02;8.652990e-02;4.840617e-02;5.508665e-02;1.528215e-01;6.703953e-02;1.236528e-01;2.204595e-01;2.881585e-02;2.651867e-02
8.428686e-02;3.675206e-02;6.964811e-02;1.133382e-01;8.253338e-02;4.941465e-02;1.484225e-01;7.256208e-02;1.528496e-01;1.101054e-01;4.334533e-02;3.674186e-02
1.079037e-01;4.712490e-02;7.324335e-02;9.648042e-02;5.975154e-02;7.107903e-02;1.338625e-01;7.277989e-02;1.587422e-01;1.045299e-01;3.469002e-02;3.981258e-02
9.585985e-02;5.513118e-02;7.553475e-02;6.202468e-02;3.323115e-02;7.967449e-02;1.291427e-01;6.638496e-02;1.650355e-01;1.687123e-01;2.527044e-02;4.399800e-02
6.958957e-02;7.119636e-02;6.881064e-02;5.067953e-02;6.091306e-02;6.514907e-02;1.260851e-01;6.847316e-02;1.243334e-01;2.154147e-01;4.587688e-02;3.347853e-02
7.766773e-02;6.966288e-02;8.740486e-02;3.968599e-02;6.824309e-02;5.013691e-02;1.290493e-01;4.291740e-02;1.632441e-01;1.980361e-01;5.430385e-02;1.964778e-02
1.016620e-01;3.755718e-02;7.427093e-02;2.927754e-02;7.451968e-02;7.673649e-02;1.523708e-01;4.811223e-02;1.768253e-01;1.632582e-01;3.536946e-02;3.004010e-02
1.136817e-01;4.056492e-02;7.663167e-02;6.502170e-02;6.562667e-02;7.972421e-02;1.767538e-01;5.726832e-02;9.606326e-02;1.373575e-01;4.085804e-02;5.044818e-02
9.312991e-02;3.895647e-02;1.236314e-01;9.445250e-02;6.365930e-02;6.988506e-02;1.514102e-01;6.307412e-02;7.712840e-02;8.122718e-02;4.688381e-02;9.656166e-02
8.799005e-02;6.769289e-02;1.230645e-01;8.360656e-02;6.238914e-02;7.149614e-02;1.103975e-01;6.636603e-02;1.092326e-01;6.482617e-02;3.440556e-02;1.185329e-01
8.004521e-02;8.113684e-02;9.172606e-02;1.024183e-01;8.350739e-02;5.454562e-02;8.786740e-02;8.358717e-02;1.211106e-01;7.758358e-02;4.124957e-02;9.522229e-02
6.191163e-02;7.435130e-02;9.561367e-02;1.079778e-01;9.703821e-02;3.964472e-02;9.958070e-02;1.176545e-01;1.081237e-01;7.923425e-02;5.257959e-02;6.628998e-02
5.967252e-02;7.074858e-02;7.988883e-02;7.120383e-02;1.028562e-01;5.285231e-02;9.193943e-02;1.194920e-01;1.407093e-01;6.095114e-02;8.279078e-02;6.689503e-02
8.540846e-02;5.730922e-02;7.349344e-02;4.811429e-02;7.309327e-02;8.838796e-02;7.879790e-02;1.260687e-01;1.404628e-01;8.076517e-02;8.118126e-02;6.691763e-02
9.932207e-02;5.925682e-02;8.427592e-02;4.861505e-02;5.399155e-02;1.181751e-01;1.431186e-01;9.222397e-02;1.206036e-01;9.498169e-02;4.055554e-02;4.488013e-02
8.777160e-02;6.514034e-02;5.574474e-02;6.626225e-02;5.878302e-02;1.227917e-01;1.355586e-01;1.031376e-01;9.854080e-02;1.200972e-01;3.822824e-02;4.794389e-02
8.327329e-02;5.978509e-02;8.954119e-02;8.135772e-02;6.884539e-02;1.109569e-01;8.103031e-02;7.526941e-02;1.187790e-01;9.323794e-02;5.649752e-02;8.142627e-02
1.039644e-01;5.060189e-02;1.145424e-01;9.366837e-02;6.990862e-02;9.535357e-02;6.613000e-02;6.538945e-02;9.468574e-02;7.211225e-02;5.956480e-02;1.140785e-01
1.513076e-01;3.620522e-02;8.895729e-02;7.013128e-02;6.873882e-02;5.152772e-02;1.191614e-01;1.092918e-01;4.312232e-02;8.689116e-02;9.233203e-02;8.233346e-02
1.240860e-01;4.809923e-02;6.020877e-02;2.830238e-02;2.853896e-02;3.275339e-02;1.046256e-01;9.218662e-02;5.532525e-02;6.770957e-02;1.792367e-01;1.789275e-01
1.206961e-01;6.200225e-02;5.711376e-02;2.618440e-02;2.380930e-02;3.975592e-02;1.007452e-01;7.990947e-02;3.581120e-02;8.697017e-02;1.734893e-01;1.935129e-01
1.044262e-01;7.532168e-02;5.093265e-02;3.761493e-02;4.426030e-02;5.822317e-02;1.212934e-01;8.242713e-02;3.800240e-02;9.012941e-02;1.284979e-01;1.688709e-01
5.634051e-02;6.166115e-02;4.079405e-02;4.877480e-02;1.036735e-01;8.684443e-02;1.682444e-01;1.351686e-01;8.475084e-02;7.366261e-02;5.441809e-02;8.566703e-02
6.832397e-02;2.998120e-02;5.208123e-02;2.453016e-02;1.498785e-01;7.390667e-02;2.311024e-01;1.564431e-01;1.172153e-01;3.928357e-02;2.764600e-02;2.960788e-02
3.813288e-02;3.005109e-02;7.977596e-02;6.587978e-02;1.256829e-01;4.980846e-02;2.335597e-01;1.122152e-01;1.415920e-01;5.104775e-02;4.851682e-02;2.373745e-02
1.262829e-02;1.665280e-02;8.071483e-02;1.225877e-01;6.076261e-02;5.191587e-02;1.605556e-01;2.101484e-01;1.228128e-01;8.729740e-02;1.629988e-02;5.762386e-02
2.197302e-02;1.008324e-02;5.579472e-02;1.056449e-01;1.117523e-02;4.651308e-02;8.051577e-02;2.579396e-01;6.520380e-02;1.987979e-01;7.648552e-02;6.987326e-02
1.931666e-02;2.408191e-02;6.445774e-02;8.727963e-02;3.418887e-02;3.399707e-02;6.469584e-02;2.223807e-01;9.677231e-02;2.122102e-01;8.345813e-02;5.716086e-02
2.331343e-02;3.347403e-02;1.143034e-01;1.252244e-01;5.609240e-02;3.720829e-02;5.949552e-02;1.532842e-01;1.101790e-01;1.476016e-01;8.981127e-02;5.001233e-02
3.292528e-02;2.565593e-02;1.799408e-01;1.371690e-01;6.446896e-02;3.119186e-02;7.714754e-02;1.118017e-01;8.041415e-02;8.018227e-02;1.276310e-01;5.147158e-02
2.601546e-02;2.892505e-02;2.487710e-01;5.825800e-02;3.355157e-02;1.947382e-02;8.613040e-02;1.204228e-01;9.518357e-02;1.420002e-01;1.205742e-01;2.069397e-02
1.076408e-02;2.596536e-02;2.812855e-01;1.133280e-01;4.487839e-02;1.895900e-02;5.877460e-02;8.050702e-02;1.080802e-01;1.341127e-01;1.162247e-01;7.120508e-03
4.891954e-03;1.343783e-02;2.252323e-01;1.967026e-01;5.328046e-02;5.585708e-02;4.131038e-02;4.151477e-02;9.334721e-02;1.033500e-01;1.670434e-01;4.031978e-03
5.314437e-03;8.516487e-03;1.730579e-01;2.425930e-01;6.208519e-02;9.657205e-02;2.455798e-02;4.881074e-02;5.029757e-02;6.866919e-02;2.149705e-01;4.554966e-03
5.430513e-03;1.228837e-02;1.913446e-01;2.196299e-01;7.071419e-02;1.035880e-01;3.246985e-02;5.303983e-02;2.129759e-02;5.551713e-02;2.228070e-01;1.187296e-02
1.919921e-02;2.352355e-02;2.290298e-01;1.598725e-01;7.781760e-02;8.593103e-02;4.985612e-02;5.368845e-02;2.104430e-02;7.071179e-02;1.804411e-01;2.888445e-02
3.103004e-02;3.386438e-02;2.939481e-01;1.266548e-01;8.217427e-02;6.726740e-02;5.239965e-02;4.723525e-02;3.720235e-02;8.858082e-02;1.096725e-01;2.997039e-02
1.489079e-02;1.530257e-02;2.359246e-01;1.194712e-01;1.557872e-01;8.287931e-02;9.086467e-02;2.779172e-02;3.886067e-02;9.271918e-02;7.224435e-02;5.326373e-02
8.249104e-03;1.137859e-02;1.790092e-01;1.420676e-01;1.854269e-01;7.976705e-02;8.745658e-02;1.907526e-02;2.963102e-02;8.734073e-02;9.456983e-02;7.602809e-02
4.373963e-03;1.501709e-02;1.802950e-01;1.948178e-01;1.744711e-01;6.088875e-02;5.368084e-02;2.470511e-02;1.810511e-02;8.545013e-02;1.151943e-01;7.300081e-02
3.258220e-03;1.110293e-02;1.639296e-01;2.312000e-01;1.844097e-01;5.480796e-02;4.694038e-02;4.445624e-02;1.544789e-02;7.891816e-02;1.046019e-01;6.092704e-02
3.264415e-03;6.301485e-03;1.910797e-01;2.395939e-01;2.009396e-01;4.490446e-02;5.672842e-02;4.042216e-02;1.615791e-02;8.942190e-02;5.984307e-02;5.134296e-02
4.552613e-03;4.990001e-03;2.139899e-01;2.396193e-01;1.880779e-01;3.691132e-02;5.574298e-02;2.096037e-02;1.711898e-02;1.621215e-01;1.696052e-02;3.895463e-02
4.933985e-03;9.044230e-03;1.943427e-01;2.303002e-01;1.577826e-01;3.417429e-02;4.561936e-02;3.239935e-02;2.311937e-02;2.056700e-01;3.424951e-02;2.836432e-02
2.151619e-03;5.453356e-03;2.942378e-01;2.276237e-01;1.217348e-01;1.989478e-02;2.892513e-02;5.280659e-02;1.870737e-02;1.455877e-01;6.198370e-02;2.089351e-02
4.197056e-03;1.462558e-02;3.868695e-01;1.964299e-01;1.118307e-01;2.459854e-02;2.539902e-02;4.049484e-02;1.908844e-02;9.439997e-02;6.888478e-02;1.318169e-02
4.321492e-03;1.147396e-02;4.293904e-01;1.827649e-01;1.194779e-01;3.406549e-02;2.202273e-02;2.071754e-02;2.356643e-02;7.800538e-02;5.797970e-02;1.621405e-02
6.802996e-03;1.033040e-02;4.724196e-01;1.869762e-01;1.461576e-01;3.845281e-02;2.146958e-02;1.567108e-02;1.326105e-02;2.751281e-02;4.955085e-02;1.139503e-02
1.030280e-02;9.062245e-03;4.831865e-01;1.720838e-01;1.523814e-01;3.887461e-02;3.769941e-02;1.115894e-02;1.046795e-02;2.204179e-02;4.373346e-02;9.007050e-03
9.757857e-03;7.522387e-03;5.477524e-01;1.494351e-01;1.435582e-01;3.605220e-02;1.950316e-02;8.775793e-03;1.420674e-02;1.900584e-02;4.077833e-02;3.651877e-03
5.157425e-03;1.012608e-02;6.379359e-01;1.041147e-01;1.201589e-01;2.964735e-02;1.823114e-02;6.447840e-03;1.390324e-02;1.451191e-02;3.582984e-02;3.935697e-03
8.045670e-03;1.833780e-02;6.820697e-01;6.576325e-02;9.669919e-02;2.885484e-02;2.693232e-02;7.087239e-03;1.288227e-02;2.102510e-02;2.292030e-02;9.382337e-03
1.763308e-02;3.623202e-02;6.752028e-01;7.120893e-02;8.849003e-02;2.668826e-02;1.523933e-02;8.466003e-03;1.580638e-02;2.289758e-02;1.124592e-02;1.088969e-02
3.221130e-02;5.236865e-02;5.828233e-01;6.509365e-02;1.068407e-01;3.053962e-02;4.069611e-02;8.949975e-03;2.678058e-02;2.429083e-02;1.396601e-02;1.543921e-02
5.057038e-02;4.512536e-02;3.330389e-01;9.581345e-02;1.530158e-01;4.903011e-02;1.279158e-01;1.814531e-02;3.737636e-02;3.189073e-02;3.303058e-02;2.504729e-02
5.007786e-02;4.623163e-02;4.034379e-01;8.625922e-02;8.909851e-02;5.579305e-02;8.773021e-02;1.783784e-02;7.756425e-02;3.874337e-02;3.344318e-02;1.378294e-02
6.388869e-02;5.797998e-02;2.755755e-01;5.246126e-02;7.007865e-02;8.779009e-02;1.067711e-01;5.923586e-02;1.237278e-01;4.869379e-02;3.772086e-02;1.607636e-02
7.298407e-02;6.525952e-02;1.147083e-01;3.971857e-02;6.404760e-02;9.814071e-02;2.125060e-01;9.879293e-02;1.176626e-01;5.629178e-02;3.034342e-02;2.954454e-02
3.511135e-02;3.039437e-02;1.040982e-01;3.650207e-02;1.109439e-01;1.233882e-01;3.566582e-01;7.218443e-02;6.450822e-02;3.459815e-02;1.366702e-02;1.794585e-02
3.096647e-02;1.240321e-02;8.066009e-02;3.342117e-02;1.315391e-01;1.626116e-01;4.040142e-01;6.014496e-02;3.576166e-02;2.808712e-02;8.748461e-03;1.164203e-02
3.210753e-02;9.466439e-03;5.677306e-02;2.498813e-02;1.337852e-01;2.087883e-01;3.835385e-01;8.507164e-02;1.924084e-02;3.504190e-02;4.890407e-03;6.307952e-03
3.123092e-02;4.641789e-03;1.710041e-02;1.322994e-02;1.625199e-01;2.459470e-01;3.484907e-01;1.102182e-01;2.402183e-02;3.109552e-02;2.148888e-03;9.354892e-03
2.308108e-02;3.152366e-03;5.289212e-02;2.475879e-02;2.253157e-01;2.064450e-01;2.551150e-01;7.241331e-02;8.059359e-02;1.838191e-02;4.386232e-03;3.346489e-02
1.407958e-02;4.924813e-03;1.040386e-01;6.920245e-02;2.393412e-01;1.322366e-01;1.758791e-01;2.429818e-02;1.272134e-01;4.161054e-02;1.659790e-02;5.057757e-02
6.601136e-03;5.676676e-03;2.029436e-01;1.237844e-01;1.717357e-01;7.693945e-02;1.144382e-01;4.752893e-02;8.667557e-02;8.187075e-02;3.964841e-02;4.215712e-02
6.067174e-03;1.185757e-02;3.723466e-01;1.483980e-01;7.787478e-02;4.478071e-02;6.476889e-02;5.887473e-02;6.634060e-02;7.606412e-02;5.161759e-02;2.100920e-02
5.893914e-03;1.307736e-02;5.024843e-01;1.077104e-01;3.176484e-02;2.201190e-02;5.279507e-02;3.138145e-02;1.314860e-01;6.491399e-02;3.108045e-02;5.400214e-03
3.442490e-03;1.370765e-02;5.640405e-01;4.751369e-02;4.269350e-02;1.623482e-02;4.075721e-02;3.102253e-02;1.255551e-01;1.000697e-01;1.267201e-02;2.290651e-03
3.538679e-03;2.876122e-02;5.679767e-01;4.392394e-02;4.165790e-02;1.437498e-02;3.956698e-02;2.117779e-02;7.160727e-02;1.569235e-01;8.249776e-03;2.241350e-03
9.300349e-03;5.884496e-02;5.448928e-01;3.990901e-02;3.765162e-02;2.022523e-02;4.408631e-02;1.916531e-02;6.261120e-02;1.569785e-01;4.549528e-03;1.785140e-03
4.764175e-02;1.237902e-01;4.498407e-01;3.493131e-02;2.974845e-02;2.874424e-02;2.744001e-02;3.058356e-02;1.162314e-01;9.895679e-02;7.345286e-03;4.746265e-03
1.133724e-01;1.636562e-01;3.379891e-01;3.418015e-02;2.898233e-02;2.548549e-02;2.484405e-02;4.048540e-02;1.339169e-01;7.219376e-02;1.185251e-02;1.304175e-02
1.432754e-01;1.266964e-01;3.756439e-01;2.868383e-02;2.524560e-02;1.633665e-02;3.157263e-02;5.550134e-02;7.391302e-02;8.355185e-02;1.975740e-02;1.982195e-02
1.215226e-01;7.470043e-02;3.968047e-01;3.211509e-02;2.897795e-02;2.135398e-02;5.785500e-02;6.252568e-02;6.689361e-02;6.626976e-02;3.665236e-02;3.432887e-02
1.073672e-01;5.116335e-02;3.224457e-01;3.532455e-02;4.868485e-02;2.752180e-02;7.107749e-02;4.304076e-02;9.099112e-02;1.024172e-01;6.111780e-02;3.884824e-02
1.440028e-01;5.267597e-02;1.811465e-01;7.400241e-02;5.852509e-02;2.773222e-02;7.115209e-02;5.178350e-02;8.623742e-02;1.537198e-01;6.795245e-02;3.106972e-02
1.358757e-01;6.429238e-02;1.859454e-01;6.550853e-02;7.213985e-02;2.892803e-02;3.909884e-02;8.972607e-02;9.739074e-02;1.314103e-01;5.851558e-02;3.116859e-02
9.071962e-02;3.434266e-02;2.304266e-01;2.545488e-02;7.167288e-02;2.788748e-02;6.137908e-02;8.473982e-02;1.703812e-01;1.327866e-01;4.748597e-02;2.272319e-02
8.219592e-02;6.431690e-02;2.766414e-01;3.158226e-02;5.788765e-02;4.897203e-02;6.006838e-02;4.244982e-02;1.345686e-01;1.381325e-01;4.119606e-02;2.198853e-02
7.909485e-02;5.459598e-02;3.352282e-01;5.815643e-02;5.290757e-02;6.686283e-02;6.476386e-02;2.785227e-02;7.430372e-02;1.215708e-01;3.161672e-02;3.304666e-02
9.726539e-02;8.275060e-02;2.667343e-01;6.631769e-02;3.478370e-02;8.109568e-02;7.647926e-02;4.053582e-02;7.822014e-02;1.150664e-01;2.959706e-02;3.115392e-02
8.617494e-02;1.111151e-01;1.866850e-01;6.418670e-02;4.164923e-02;9.244579e-02;7.626256e-02;6.342362e-02;7.824970e-02;1.316206e-01;3.698663e-02;3.120020e-02
7.900350e-02;8.701914e-02;1.957483e-01;5.081318e-02;7.294522e-02;9.762369e-02;7.352159e-02;6.371377e-02;6.789253e-02;1.439758e-01;3.005568e-02;3.768766e-02
9.910699e-02;7.355052e-02;1.109429e-01;4.804955e-02;5.220895e-02;1.644938e-01;1.736643e-01;5.896256e-02;2.253514e-02;7.885052e-02;5.556139e-02;6.207341e-02
8.788674e-02;6.079841e-02;8.451644e-02;4.150366e-02;8.810420e-02;2.118573e-01;1.561140e-01;4.221744e-02;2.801636e-02;6.975890e-02;6.218467e-02;6.704188e-02
5.909013e-02;4.431967e-02;1.418394e-01;5.472864e-02;1.111729e-01;1.909833e-01;1.992355e-01;2.637902e-02;2.692782e-02;5.306733e-02;4.259378e-02;4.966253e-02
3.656019e-02;2.394943e-02;2.419484e-01;7.719330e-02;1.193224e-01;1.114106e-01;2.572184e-01;2.753128e-02;2.363255e-02;3.532393e-02;2.510416e-02;2.080528e-02
2.773064e-02;2.055972e-02;2.803527e-01;9.640217e-02;1.338564e-01;1.001468e-01;2.049510e-01;2.474573e-02;1.990822e-02;4.248381e-02;2.978212e-02;1.908082e-02
2.247230e-02;2.068713e-02;3.360585e-01;1.107002e-01;1.449873e-01;1.010580e-01;1.393083e-01;1.849739e-02;1.293726e-02;4.053217e-02;3.153571e-02;2.122586e-02
4.495519e-02;4.417410e-02;3.333966e-01;9.445234e-02;1.241254e-01;1.047402e-01;1.244036e-01;1.800864e-02;2.018877e-02;4.103207e-02;2.867298e-02;2.185028e-02
7.710575e-02;5.791950e-02;2.849821e-01;6.516986e-02;7.642531e-02;9.874796e-02;2.054159e-01;1.938512e-02;3.027465e-02;4.659538e-02;2.449337e-02;1.348511e-02
8.211806e-02;3.535020e-02;2.365858e-01;6.924037e-02;5.054895e-02;6.072304e-02;2.024842e-01;5.681564e-02;4.092831e-02;9.561305e-02;4.071105e-02;2.888128e-02
9.583596e-02;2.513421e-02;2.318323e-01;5.936065e-02;6.365161e-02;6.504019e-02;1.354806e-01;7.020443e-02;6.427163e-02;1.047359e-01;4.582117e-02;3.863132e-02
1.427888e-01;3.818832e-02;1.679222e-01;4.072786e-02;7.800999e-02;9.439884e-02;1.183465e-01;7.030196e-02;7.729654e-02;8.983017e-02;4.288633e-02;3.930250e-02
1.829225e-01;3.548876e-02;1.107113e-01;4.547716e-02;1.004472e-01;1.102579e-01;1.226835e-01;5.940965e-02;7.829449e-02;6.140514e-02;3.553038e-02;5.737205e-02
1.641534e-01;4.206375e-02;1.268296e-01;7.027847e-02;9.982837e-02;8.958821e-02;1.269154e-01;5.532935e-02;9.169975e-02;3.986616e-02;4.294407e-02;5.050352e-02
1.049232e-01;2.552141e-02;1.606137e-01;1.139085e-01;1.133866e-01;5.801332e-02;1.271349e-01;5.135507e-02;1.002639e-01;5.534327e-02;4.860525e-02;4.093103e-02
5.853759e-02;1.322499e-02;1.456551e-01;1.472291e-01;1.634534e-01;3.301840e-02;1.056841e-01;5.041441e-02;8.414881e-02;1.197559e-01;4.619506e-02;3.268313e-02
3.250043e-02;1.470126e-02;1.170924e-01;1.671151e-01;2.429851e-01;3.956472e-02;6.673374e-02;4.293248e-02;3.989587e-02;1.608766e-01;2.705850e-02;4.854382e-02
1.208344e-02;6.295628e-03;1.038256e-01;1.564623e-01;2.943012e-01;5.410280e-02;1.031890e-01;3.586786e-02;2.806372e-02;1.149092e-01;1.862443e-02;7.227480e-02
9.273082e-03;3.516991e-03;5.411249e-02;1.116904e-01;3.036181e-01;5.597458e-02;1.710193e-01;2.064384e-02;8.773340e-02;8.114125e-02;1.650621e-02;8.477029e-02
1.253141e-02;2.667666e-03;2.496170e-02;6.142893e-02;2.835514e-01;5.440559e-02;2.487241e-01;1.445205e-02;1.640769e-01;4.069022e-02;1.000725e-02;8.250279e-02
6.223101e-03;2.522900e-03;2.374444e-02;3.892484e-02;2.622538e-01;5.331637e-02;2.828425e-01;2.622611e-02;2.041508e-01;1.983658e-02;1.385376e-03;7.857324e-02
1.324843e-03;2.648076e-03;2.425103e-02;3.312230e-02;2.450761e-01;5.305946e-02;2.836081e-01;4.233468e-02;2.178005e-01;1.763250e-02;2.635539e-03;7.650680e-02
4.306479e-03;3.176423e-03;2.300196e-02;3.657616e-02;2.447250e-01;5.456386e-02;2.839762e-01;3.595747e-02;2.219050e-01;1.058046e-02;4.660036e-03;7.657088e-02
4.191852e-03;3.553142e-03;2.994831e-02;3.626151e-02;2.362732e-01;4.516409e-02;2.642494e-01;2.059230e-02;2.666169e-01;1.485843e-02;5.081070e-03;7.320977e-02
6.208695e-03;1.778340e-03;3.025631e-02;2.965636e-02;2.226276e-01;5.086657e-02;2.119925e-01;2.416490e-02;3.378389e-01;1.672413e-02;1.399392e-03;6.648628e-02
5.928549e-03;1.615238e-03;3.142169e-02;3.182001e-02;2.282663e-01;6.604812e-02;1.515331e-01;2.248840e-02;3.819436e-01;1.330235e-02;2.611786e-03;6.302083e-02
5.615572e-03;2.096441e-03;4.048016e-02;3.084070e-02;2.420681e-01;8.196367e-02;9.826856e-02;1.857510e-02;3.949497e-01;2.309892e-02;2.069136e-03;5.997401e-02
9.845441e-03;3.527313e-03;4.825782e-02;2.120707e-02;2.576101e-01;1.100412e-01;6.384072e-02;3.745940e-02;3.551643e-01;3.746219e-02;1.412759e-03;5.417177e-02
1.697822e-02;3.838503e-03;6.528594e-02;2.412169e-02;2.875004e-01;1.524884e-01;6.753786e-02;4.263443e-02;2.459887e-01;3.989511e-02;2.169676e-03;5.156104e-02
2.155413e-02;1.946323e-03;7.629547e-02;2.418151e-02;3.097669e-01;1.875352e-01;8.893807e-02;3.311284e-02;1.167010e-01;8.947905e-02;3.733717e-03;4.675576e-02
1.836555e-02;2.386431e-03;7.270421e-02;1.800048e-02;2.711483e-01;1.614946e-01;1.058923e-01;3.971524e-02;1.723446e-01;9.272245e-02;3.719210e-03;4.150667e-02
1.235849e-02;3.063440e-03;6.029515e-02;2.189255e-02;2.383459e-01;1.207192e-01;7.737719e-02;3.295499e-02;3.239141e-01;5.926944e-02;3.948633e-03;4.586092e-02
7.294356e-03;2.090749e-03;5.811979e-02;1.868369e-02;2.260246e-01;9.881951e-02;6.826220e-02;3.052361e-02;3.872418e-01;5.087667e-02;3.413650e-03;4.864950e-02
5.691423e-03;2.799116e-03;4.792317e-02;1.987269e-02;2.180905e-01;8.617432e-02;6.992253e-02;2.513717e-02;4.325408e-01;3.788592e-02;1.543043e-03;5.241938e-02
7.271993e-03;1.286233e-03;5.585768e-02;2.180053e-02;2.053392e-01;6.971259e-02;8.733385e-02;2.174928e-02;4.402678e-01;2.995644e-02;2.021103e-03;5.740330e-02
5.429235e-03;2.670489e-03;6.239235e-02;4.531618e-02;1.960017e-01;5.780719e-02;1.096594e-01;1.109881e-02;3.617088e-01;7.546579e-02;8.449011e-03;6.400102e-02
3.095816e-03;3.121600e-03;8.684266e-02;8.348387e-02;1.715934e-01;4.735895e-02;9.732099e-02;2.133185e-02;1.752333e-01;2.191468e-01;2.769572e-02;6.377511e-02
3.909748e-03;5.847802e-03;1.499590e-01;1.127475e-01;1.052380e-01;3.578818e-02;5.957333e-02;6.760591e-02;6.776100e-02;3.029581e-01;5.019065e-02;3.842079e-02
5.312849e-03;9.901616e-03;2.593064e-01;1.245046e-01;6.211871e-02;3.027952e-02;3.134794e-02;9.321085e-02;7.765361e-02;2.309918e-01;6.244881e-02;1.292325e-02
4.390258e-03;1.859109e-02;4.089455e-01;9.311845e-02;4.364556e-02;2.216772e-02;3.531193e-02;5.276272e-02;1.142758e-01;1.508245e-01;3.914744e-02;1.681902e-02
1.604097e-02;2.593439e-02;5.130263e-01;4.030025e-02;7.134090e-02;2.057267e-02;4.773959e-02;4.562512e-02;7.846498e-02;1.144929e-01;1.523600e-02;1.122594e-02
1.639693e-02;1.702882e-02;5.242323e-01;5.723786e-02;8.867366e-02;3.066123e-02;4.664223e-02;3.738618e-02;5.238304e-02;9.409732e-02;2.189320e-02;1.336727e-02
1.668883e-02;1.251448e-02;5.342829e-01;4.263886e-02;8.774313e-02;3.165499e-02;4.948852e-02;2.062507e-02;5.243701e-02;1.113233e-01;3.042572e-02;1.017716e-02
1.706378e-02;2.320451e-02;4.898277e-01;4.187984e-02;7.091090e-02;3.073988e-02;4.951341e-02;2.067148e-02;7.685488e-02;1.376496e-01;3.602389e-02;5.660174e-03
1.865768e-02;3.712268e-02;4.573974e-01;4.707201e-02;4.330302e-02;2.247393e-02;5.474923e-02;2.571103e-02;1.243201e-01;1.324504e-01;2.905433e-02;7.688209e-03
7.492121e-03;3.984603e-02;4.637628e-01;4.700847e-02;1.992479e-02;2.042895e-02;6.557155e-02;1.923159e-02;1.155014e-01;1.588752e-01;2.903141e-02;1.332567e-02
1.503016e-02;2.175832e-02;4.009863e-01;3.408245e-02;4.763866e-02;2.479721e-02;9.840482e-02;3.291490e-02;6.555268e-02;2.156237e-01;3.115879e-02;1.205204e-02
3.028534e-02;2.016028e-02;3.562937e-01;3.717244e-02;5.505434e-02;2.675537e-02;1.508551e-01;7.477102e-02;4.467333e-02;1.732742e-01;2.252502e-02;8.179879e-03
3.302694e-02;2.790946e-02;3.134842e-01;3.661522e-02;4.809880e-02;2.481827e-02;1.856958e-01;1.162995e-01;6.008935e-02;1.302440e-01;1.463323e-02;9.085283e-03
3.406687e-02;2.985828e-02;3.023943e-01;3.485419e-02;4.871136e-02;2.501689e-02;1.793474e-01;1.042353e-01;6.354952e-02;1.572881e-01;1.115306e-02;9.524701e-03
4.726321e-02;2.143921e-02;3.404575e-01;3.867745e-02;3.913932e-02;2.428207e-02;1.573422e-01;7.937977e-02;6.049656e-02;1.659360e-01;1.163878e-02;1.394799e-02
4.751061e-02;1.679400e-02;3.606925e-01;3.967133e-02;5.233072e-02;2.736289e-02;1.596845e-01;1.212168e-01;4.758793e-02;9.725614e-02;1.427528e-02;1.561735e-02
4.286178e-02;1.503637e-02;3.386709e-01;4.253092e-02;8.769648e-02;6.673285e-02;1.623759e-01;1.036267e-01;4.616988e-02;6.015814e-02;1.902584e-02;1.511431e-02
5.357180e-02;4.141532e-02;2.544555e-01;4.093808e-02;8.847291e-02;8.124564e-02;1.068974e-01;4.817291e-02;6.105980e-02;1.678651e-01;3.009237e-02;2.581308e-02
4.178673e-02;5.463247e-02;2.022073e-01;3.892203e-02;6.338571e-02;7.273006e-02;1.085124e-01;5.330907e-02;6.132304e-02;2.428068e-01;2.988364e-02;3.050076e-02
2.897649e-02;5.616301e-02;2.002275e-01;4.524304e-02;6.623052e-02;8.671355e-02;1.486106e-01;8.479816e-02;6.743409e-02;1.618572e-01;1.881543e-02;3.493033e-02
2.280379e-02;5.295419e-02;2.037112e-01;4.974513e-02;7.373320e-02;9.439623e-02;1.278998e-01;1.202555e-01;7.801312e-02;1.230986e-01;2.440279e-02;2.898660e-02
3.818170e-02;6.958620e-02;1.495016e-01;4.433468e-02;4.548474e-02;7.951807e-02;1.025791e-01;1.135146e-01;6.822680e-02;2.389850e-01;3.711534e-02;1.297220e-02
5.110798e-02;4.860753e-02;7.038984e-02;4.479402e-02;5.344905e-02;5.605844e-02;8.921804e-02;1.157095e-01;6.238643e-02;3.490935e-01;2.993187e-02;2.925381e-02
4.283937e-02;3.618719e-02;5.668106e-02;6.020718e-02;9.955700e-02;7.169505e-02;8.454181e-02;9.194977e-02;5.959327e-02;3.253168e-01;3.536486e-02;3.606668e-02
3.235845e-02;4.790312e-02;7.494981e-02;6.024614e-02;1.252646e-01;9.539144e-02;8.048107e-02;6.047922e-02;7.388468e-02;2.652390e-01;4.894877e-02;3.485372e-02
7.168002e-02;4.043937e-02;7.822485e-02;5.450712e-02;9.166804e-02;1.783722e-01;8.284264e-02;4.446715e-02;6.959193e-02;1.929919e-01;6.051625e-02;3.469861e-02
5.522056e-02;2.568838e-02;6.405096e-02;3.336596e-02;8.466655e-02;3.153537e-01;9.867384e-02;4.741568e-02;7.286412e-02;9.972253e-02;5.127044e-02;5.170726e-02
5.142301e-02;3.927916e-02;4.348131e-02;5.867800e-02;1.020684e-01;2.545575e-01;1.263979e-01;5.034011e-02;6.529098e-02;1.414682e-01;2.997728e-02;3.703805e-02
6.197754e-02;6.154341e-02;6.212993e-02;1.083354e-01;1.287605e-01;1.459507e-01;1.233906e-01;4.431962e-02;6.318822e-02;1.312151e-01;3.781796e-02;3.137099e-02
4.842970e-02;3.925340e-02;8.793089e-02;1.207106e-01;1.004259e-01;1.064779e-01;2.345162e-01;3.824063e-02;5.852336e-02;9.109290e-02;3.845393e-02;3.594461e-02
1.288442e-01;8.439644e-02;1.482612e-01;3.644117e-02;5.444393e-02;6.172190e-02;2.779293e-01;3.754069e-02;4.200647e-02;6.988625e-02;3.148014e-02;2.704833e-02
1.546789e-01;1.000692e-01;1.542247e-01;4.327316e-02;5.361559e-02;4.866151e-02;2.222068e-01;3.637458e-02;4.077787e-02;7.603811e-02;3.666639e-02;3.341324e-02
1.717808e-01;1.030772e-01;2.073629e-01;3.088772e-02;6.343452e-02;4.232493e-02;1.647322e-01;3.742273e-02;3.845695e-02;7.533285e-02;3.581438e-02;2.937278e-02
1.583992e-01;1.129690e-01;2.535852e-01;4.548229e-02;7.153172e-02;5.212703e-02;8.642947e-02;3.381534e-02;4.272777e-02;9.460706e-02;2.591391e-02;2.241201e-02
1.386589e-01;1.132684e-01;2.563658e-01;7.042827e-02;6.241677e-02;5.021807e-02;9.178519e-02;2.519616e-02;3.757093e-02;1.016403e-01;2.394153e-02;2.850972e-02
1.209461e-01;1.066638e-01;3.137029e-01;7.193717e-02;4.834148e-02;4.794127e-02;9.607161e-02;1.864583e-02;3.247891e-02;9.348322e-02;2.602124e-02;2.376648e-02
1.860339e-01;1.222912e-01;2.789465e-01;4.467772e-02;2.832094e-02;5.179825e-02;1.189397e-01;2.796337e-02;1.658875e-02;7.772219e-02;2.329632e-02;2.342111e-02
2.238023e-01;1.242047e-01;1.780228e-01;4.855038e-02;4.645729e-02;4.502355e-02;1.246274e-01;3.256363e-02;3.104710e-02;6.569928e-02;3.332686e-02;4.667475e-02
1.837548e-01;7.236329e-02;1.543688e-01;4.753526e-02;7.450411e-02;5.455536e-02;2.421078e-01;3.391739e-02;2.800514e-02;5.195753e-02;1.986060e-02;3.706987e-02
1.072332e-01;3.399651e-02;1.200691e-01;3.736478e-02;1.067528e-01;9.555245e-02;3.701470e-01;3.126241e-02;2.412889e-02;2.774906e-02;2.645527e-02;1.928863e-02
1.165685e-01;3.608589e-02;9.417398e-02;3.417103e-02;1.252619e-01;1.038974e-01;3.546390e-01;2.159414e-02;1.881715e-02;1.250353e-02;4.121419e-02;4.107325e-02
7.867289e-02;1.517658e-02;3.489496e-01;4.156356e-02;1.067991e-01;6.985857e-02;1.995220e-01;2.035740e-02;1.507683e-02;2.694814e-02;4.393193e-02;3.314336e-02
2.906819e-02;3.515872e-02;5.651188e-01;4.322535e-02;6.382057e-02;3.927612e-02;9.116256e-02;1.643924e-02;1.120154e-02;4.482609e-02;4.338627e-02;1.731650e-02
4.515348e-03;3.925334e-02;6.968548e-01;4.090657e-02;1.858929e-02;2.510593e-02;6.206797e-02;8.198641e-03;1.081711e-02;5.250356e-02;3.079261e-02;1.039487e-02
1.487094e-02;3.303199e-02;6.556868e-01;4.359858e-02;4.848273e-02;2.555940e-02;8.644547e-02;4.793292e-03;1.640804e-02;4.635626e-02;1.858141e-02;6.185112e-03
2.486528e-02;2.014170e-02;6.826496e-01;5.511611e-02;4.648864e-02;1.277453e-02;5.577489e-02;1.269631e-02;1.591644e-02;4.792817e-02;1.967561e-02;5.972681e-03
2.864255e-02;1.447749e-02;4.960845e-01;5.678966e-02;1.087820e-01;5.049640e-02;1.423544e-01;1.528303e-02;1.350236e-02;4.803686e-02;1.726583e-02;8.284877e-03
3.085344e-02;1.642665e-02;2.796258e-01;3.494029e-02;1.534818e-01;9.927467e-02;3.077523e-01;1.230415e-02;1.579647e-02;3.346646e-02;1.041494e-02;5.662983e-03
8.557331e-02;3.896715e-02;1.953212e-01;1.387777e-02;1.197922e-01;1.269878e-01;2.931509e-01;1.376261e-02;3.077641e-02;4.922673e-02;1.054865e-02;2.201539e-02
1.421155e-01;2.452140e-02;1.418415e-01;2.275922e-02;1.286867e-01;1.505527e-01;1.965143e-01;1.741563e-02;3.963225e-02;8.592761e-02;1.426750e-02;3.576563e-02
1.263958e-01;2.351458e-02;1.148758e-01;2.434161e-02;1.446929e-01;1.290657e-01;2.312005e-01;1.600436e-02;5.086277e-02;8.894777e-02;1.272397e-02;3.737428e-02
9.215329e-02;2.446353e-02;1.266340e-01;3.162937e-02;1.591729e-01;1.145518e-01;2.188894e-01;1.855545e-02;7.151251e-02;9.650702e-02;1.258464e-02;3.334607e-02
6.534982e-02;1.650041e-02;1.537368e-01;4.404072e-02;2.067123e-01;1.248423e-01;1.268413e-01;2.970028e-02;7.657178e-02;1.078453e-01;1.217525e-02;3.568368e-02
8.326971e-02;1.316850e-02;1.215733e-01;3.832568e-02;2.184412e-01;1.452284e-01;1.629030e-01;2.769242e-02;5.591005e-02;8.755482e-02;1.037639e-02;3.555666e-02
9.965083e-02;1.644169e-02;2.779742e-02;1.538754e-02;1.515801e-01;1.511774e-01;3.909890e-01;2.402784e-02;2.603742e-02;7.503889e-02;5.446064e-03;1.642583e-02
8.636059e-02;1.765759e-02;2.452462e-02;8.885412e-03;1.175670e-01;1.462699e-01;5.040617e-01;1.604603e-02;1.164462e-02;5.883981e-02;2.224266e-03;5.918516e-03
6.525952e-02;2.354241e-02;2.343071e-02;8.804614e-03;9.959178e-02;1.379158e-01;5.919291e-01;1.047913e-02;6.626769e-03;2.584109e-02;1.867578e-03;4.711558e-03
4.517467e-02;2.468647e-02;1.295877e-02;5.540831e-03;7.739577e-02;1.288864e-01;6.714675e-01;9.684784e-03;6.442157e-03;1.303590e-02;1.713031e-03;3.013678e-03
2.074357e-02;2.474586e-02;1.654373e-02;5.388439e-03;6.594608e-02;1.141045e-01;7.174910e-01;1.164435e-02;7.165895e-03;1.009803e-02;1.881414e-03;4.247121e-03
2.980146e-02;2.964934e-02;1.164069e-02;3.304828e-03;7.129174e-02;1.071555e-01;7.190263e-01;1.237474e-02;4.868380e-03;6.169505e-03;2.190135e-03;2.527385e-03
6.486778e-02;3.306320e-02;7.476496e-03;3.657521e-03;7.659467e-02;1.078103e-01;6.738340e-01;1.373148e-02;5.743651e-03;5.839739e-03;2.614805e-03;4.766457e-03
9.177766e-02;3.254399e-02;2.471999e-02;7.453417e-03;9.604478e-02;1.127668e-01;5.750644e-01;1.711202e-02;1.100133e-02;7.777740e-03;5.832883e-03;1.790498e-02
8.942366e-02;2.649575e-02;8.491214e-02;1.746732e-02;1.282719e-01;1.233307e-01;4.082236e-01;2.968580e-02;2.021036e-02;1.862042e-02;1.156592e-02;4.179241e-02
6.790224e-02;2.078896e-02;1.313357e-01;3.306153e-02;1.525082e-01;1.463136e-01;1.942761e-01;7.343040e-02;4.962206e-02;4.887431e-02;1.790181e-02;6.398506e-02
4.029434e-02;2.103649e-02;6.660847e-02;2.049721e-02;8.667400e-02;1.035252e-01;3.754487e-01;8.558309e-02;7.347488e-02;5.793951e-02;2.362929e-02;4.528879e-02
4.650848e-02;2.193538e-02;3.982576e-02;1.699265e-02;5.650466e-02;8.650482e-02;3.894308e-01;1.238188e-01;8.699952e-02;7.075437e-02;2.963537e-02;3.108937e-02
