8.528359e-02;6.716024e-02;7.818104e-02;8.359030e-02;6.479260e-02;9.204908e-02;8.028626e-02;9.564162e-02;9.339073e-02;5.885711e-02;1.023110e-01;9.845635e-02
1.166297e-01;4.380826e-02;9.484290e-02;7.425477e-02;5.530327e-02;7.983125e-02;1.162857e-01;6.991734e-02;1.099199e-01;7.403280e-02;7.915203e-02;8.602211e-02
1.130942e-01;6.276356e-02;1.073344e-01;8.838204e-02;4.834710e-02;8.354092e-02;1.242700e-01;4.558340e-02;1.384667e-01;8.059663e-02;5.128380e-02;5.633719e-02
9.376822e-02;6.262866e-02;1.065953e-01;6.918257e-02;8.210991e-02;8.635443e-02;9.740262e-02;4.624560e-02;1.511321e-01;1.083855e-01;4.272627e-02;5.346867e-02
1.048266e-01;7.757901e-02;1.034058e-01;3.884178e-02;9.878437e-02;8.782212e-02;6.885745e-02;7.460902e-02;1.292391e-01;1.117902e-01;5.650194e-02;4.774258e-02
9.797086e-02;9.525616e-02;9.813182e-02;5.875770e-02;9.875569e-02;7.984355e-02;8.342962e-02;6.590218e-02;1.084468e-01;7.995244e-02;9.856649e-02;3.498673e-02
7.822426e-02;1.179365e-01;1.270852e-01;4.529090e-02;8.743916e-02;7.854090e-02;9.176472e-02;5.856726e-02;8.493584e-02;6.974200e-02;1.067525e-01;5.372071e-02
7.653754e-02;9.921756e-02;1.369628e-01;3.598894e-02;9.009969e-02;6.850374e-02;9.934265e-02;8.177989e-02;8.669045e-02;8.350755e-02;7.181526e-02;6.955396e-02
9.784348e-02;6.289095e-02;1.362322e-01;3.224562e-02;1.156232e-01;6.646585e-02;9.802259e-02;9.600736e-02;9.987304e-02;8.448008e-02;4.195497e-02;6.836066e-02
1.027765e-01;5.579922e-02;1.054716e-01;4.613840e-02;1.005915e-01;6.040105e-02;9.182631e-02;9.044595e-02;1.408029e-01;8.366846e-02;4.660174e-02;7.547627e-02
9.068301e-02;6.638505e-02;1.374913e-01;6.338854e-02;1.000899e-01;4.928138e-02;9.619037e-02;6.545311e-02;1.296774e-01;1.020241e-01;4.811956e-02;5.121625e-02
6.183496e-02;6.640780e-02;2.187837e-01;5.651904e-02;8.746516e-02;4.823045e-02;1.154031e-01;5.229993e-02;1.165113e-01;7.593063e-02;4.805135e-02;5.256259e-02
7.254070e-02;6.771909e-02;2.181503e-01;5.029316e-02;6.736238e-02;4.459732e-02;1.137328e-01;5.363490e-02;1.227501e-01;8.301429e-02;6.464189e-02;4.156300e-02
9.105341e-02;6.368633e-02;1.093621e-01;6.306154e-02;8.592214e-02;3.386184e-02;8.429136e-02;7.443433e-02;1.530760e-01;1.313924e-01;7.559822e-02;3.426032e-02
7.878686e-02;8.686244e-02;1.426958e-01;5.770295e-02;7.203840e-02;3.781177e-02;6.996209e-02;6.560064e-02;1.661820e-01;1.213422e-01;4.879451e-02;5.222035e-02
6.334736e-02;9.382586e-02;1.291259e-01;4.028300e-02;7.563364e-02;5.537855e-02;7.707797e-02;5.494967e-02;1.395218e-01;1.114154e-01;5.167916e-02;1.077617e-01
5.559679e-02;7.518296e-02;1.487160e-01;2.993675e-02;1.176296e-01;6.986406e-02;6.558947e-02;4.934606e-02;1.033213e-01;1.104095e-01;6.510831e-02;1.092992e-01
7.502083e-02;5.947145e-02;1.983442e-01;4.664836e-02;1.220990e-01;7.488564e-02;7.055074e-02;4.149052e-02;7.103461e-02;1.075044e-01;8.017976e-02;5.277050e-02
7.456578e-02;3.390103e-02;2.035789e-01;7.468240e-02;1.405068e-01;8.078830e-02;8.978405e-02;5.069945e-02;5.609622e-02;8.527116e-02;7.645523e-02;3.367071e-02
7.985996e-02;3.938409e-02;1.409067e-01;8.658656e-02;1.531912e-01;7.840201e-02;7.973000e-02;5.170753e-02;5.948213e-02;6.845186e-02;8.538046e-02;7.691759e-02
1.173790e-01;5.064094e-02;1.377300e-01;7.422739e-02;9.497903e-02;9.063715e-02;8.649963e-02;6.296718e-02;6.110695e-02;6.528413e-02;9.124973e-02;6.729889e-02
1.506334e-01;5.273238e-02;1.297481e-01;5.996709e-02;1.050974e-01;1.213981e-01;8.575532e-02;5.679006e-02;5.913055e-02;6.200472e-02;6.062970e-02;5.611316e-02
1.184711e-01;9.217104e-02;1.049273e-01;5.905449e-02;1.279364e-01;1.049239e-01;7.417413e-02;6.827854e-02;9.259827e-02;3.720651e-02;5.526172e-02;6.499662e-02
9.515808e-02;1.076047e-01;7.404863e-02;7.563854e-02;1.484322e-01;1.020761e-01;5.260814e-02;1.010134e-01;1.071509e-01;4.375985e-02;4.955871e-02;4.295069e-02
8.045600e-02;7.498578e-02;7.794231e-02;8.311584e-02;1.317864e-01;1.050588e-01;5.144962e-02;1.123881e-01;1.370231e-01;7.311346e-02;4.106479e-02;3.161578e-02
7.423516e-02;9.049501e-02;9.000246e-02;6.659210e-02;7.697168e-02;7.936390e-02;7.242434e-02;1.024628e-01;1.214713e-01;9.928335e-02;7.644721e-02;5.025065e-02
4.264744e-02;1.119802e-01;9.423748e-02;3.897154e-02;7.850350e-02;8.188098e-02;1.213443e-01;7.345784e-02;1.041077e-01;1.065102e-01;9.101521e-02;5.534359e-02
1.060028e-01;9.178396e-02;1.450215e-01;4.369594e-02;6.854074e-02;5.952417e-02;1.465279e-01;1.058555e-01;9.194133e-02;5.152375e-02;5.918201e-02;3.040044e-02
1.277270e-01;7.441258e-02;1.347576e-01;3.823622e-02;4.276703e-02;3.448948e-02;1.862356e-01;1.296287e-01;6.997114e-02;5.936281e-02;4.698617e-02;5.542568e-02
1.143643e-01;6.003551e-02;9.527969e-02;3.441884e-02;2.536358e-02;3.464573e-02;2.750804e-01;1.285207e-01;5.923818e-02;6.167928e-02;3.720309e-02;7.417064e-02
6.008888e-02;3.075739e-02;6.856064e-02;2.056377e-02;1.666431e-02;8.028184e-02;3.278836e-01;1.175435e-01;1.227044e-01;4.714020e-02;5.426931e-02;5.354218e-02
3.486984e-02;3.189270e-02;5.914544e-02;1.728952e-02;3.635485e-02;1.355315e-01;2.234896e-01;1.319053e-01;1.523741e-01;7.267229e-02;8.240197e-02;2.207279e-02
2.615930e-02;5.078073e-02;4.197289e-02;2.624820e-02;7.566272e-02;1.333532e-01;1.230100e-01;1.461127e-01;1.333230e-01;1.467614e-01;8.000439e-02;1.661142e-02
3.736297e-02;4.349920e-02;3.215657e-02;4.354684e-02;8.655041e-02;8.864364e-02;1.407134e-01;9.641756e-02;1.746837e-01;1.952488e-01;4.309155e-02;1.808533e-02
6.585219e-02;1.960119e-02;3.209826e-02;5.576389e-02;4.280757e-02;4.242259e-02;2.339064e-01;4.677343e-02;3.000648e-01;1.321325e-01;1.778087e-02;1.079625e-02
8.573154e-02;1.231093e-02;3.298586e-02;7.534428e-02;3.893225e-02;3.135134e-02;2.625325e-01;3.554692e-02;3.161291e-01;8.663792e-02;1.507165e-02;7.425772e-03
7.518711e-02;2.484648e-02;9.268156e-02;9.262561e-02;6.155607e-02;3.685214e-02;2.395288e-01;2.755680e-02;2.120781e-01;1.001253e-01;2.232048e-02;1.464156e-02
5.243038e-02;4.702712e-02;1.550401e-01;8.954499e-02;7.328542e-02;6.014363e-02;2.216019e-01;3.326848e-02;1.188233e-01;9.368617e-02;3.249848e-02;2.265002e-02
2.738921e-02;4.260436e-02;2.138437e-01;8.098438e-02;5.810178e-02;7.172036e-02;2.458389e-01;4.324076e-02;8.557512e-02;7.819466e-02;3.382744e-02;1.867933e-02
3.250630e-02;2.684493e-02;1.821677e-01;6.140516e-02;5.009253e-02;7.671530e-02;2.381260e-01;3.297320e-02;1.411902e-01;1.073537e-01;3.338625e-02;1.723880e-02
4.916675e-02;5.650683e-02;1.356525e-01;6.311554e-02;5.008236e-02;6.330790e-02;2.220703e-01;4.932124e-02;1.338852e-01;1.182234e-01;3.821093e-02;2.045713e-02
5.752623e-02;5.835523e-02;1.015253e-01;5.850319e-02;6.110191e-02;5.788190e-02;2.548585e-01;7.680007e-02;8.949388e-02;1.184218e-01;3.689476e-02;2.863724e-02
6.864485e-02;4.391291e-02;8.828616e-02;4.157873e-02;5.906152e-02;4.376125e-02;2.900243e-01;8.418140e-02;9.548713e-02;1.120892e-01;4.299084e-02;2.998175e-02
9.310615e-02;6.304945e-02;1.134926e-01;4.207246e-02;5.120981e-02;6.911064e-02;2.669798e-01;6.358013e-02;8.119286e-02;7.853847e-02;5.035955e-02;2.730807e-02
9.146586e-02;6.886395e-02;8.136633e-02;5.959028e-02;9.501788e-02;9.186587e-02;1.265703e-01;7.022418e-02;6.123297e-02;1.289304e-01;8.498050e-02;3.989148e-02
6.509998e-02;6.377268e-02;6.314358e-02;4.299591e-02;1.186338e-01;8.666499e-02;6.926811e-02;1.205602e-01;5.774647e-02;1.633959e-01;1.104153e-01;3.830320e-02
2.177163e-02;6.131705e-02;3.730968e-02;2.760694e-02;1.284413e-01;6.734405e-02;3.363100e-02;1.655392e-01;6.203317e-02;2.239285e-01;1.362430e-01;3.483439e-02
1.287062e-02;5.170428e-02;2.285981e-02;3.686907e-02;1.191881e-01;4.195835e-02;6.422782e-02;1.499159e-01;1.003931e-01;2.560309e-01;1.146747e-01;2.930738e-02
2.999058e-02;4.321728e-02;4.636436e-02;4.214327e-02;8.382255e-02;4.573856e-02;1.647469e-01;9.624219e-02;1.312480e-01;2.219188e-01;7.268327e-02;2.188431e-02
5.515161e-02;5.464666e-02;7.629751e-02;4.848929e-02;5.612434e-02;4.565856e-02;2.221293e-01;7.141339e-02;1.277871e-01;1.896875e-01;3.313579e-02;1.947889e-02
4.042031e-02;7.278582e-02;8.143912e-02;3.979266e-02;9.152830e-02;4.081976e-02;1.904228e-01;5.258564e-02;8.202414e-02;2.205681e-01;7.054528e-02;1.706797e-02
5.526066e-03;5.954915e-02;4.793878e-02;1.787505e-02;9.895777e-02;5.068436e-02;2.259698e-01;7.588109e-02;6.471834e-02;2.214115e-01;1.110180e-01;2.047010e-02
1.976879e-02;6.094291e-02;3.316016e-02;2.112116e-02;1.066846e-01;5.323169e-02;2.545657e-01;5.086380e-02;8.208724e-02;1.967335e-01;1.049641e-01;1.587630e-02
3.990855e-02;6.885502e-02;2.878293e-02;2.286662e-02;1.063014e-01;6.550505e-02;2.835658e-01;4.736756e-02;8.841528e-02;1.631842e-01;7.173735e-02;1.351026e-02
8.421151e-02;7.758746e-02;5.278628e-02;4.229471e-02;1.041149e-01;8.554684e-02;2.342751e-01;4.817800e-02;7.494743e-02;1.283678e-01;4.330179e-02;2.438817e-02
5.997404e-02;7.348116e-02;5.962905e-02;5.543952e-02;1.001944e-01;9.377080e-02;1.975121e-01;7.557996e-02;1.077780e-01;1.051947e-01;4.742373e-02;2.402254e-02
6.462363e-02;5.693934e-02;6.456962e-02;5.035373e-02;8.116890e-02;9.457662e-02;1.682404e-01;7.311549e-02;1.309644e-01;1.263728e-01;6.745917e-02;2.161575e-02
3.852113e-02;4.875054e-02;4.908679e-02;4.134963e-02;6.663763e-02;6.858528e-02;2.365686e-01;8.506086e-02;9.099749e-02;1.583718e-01;9.372567e-02;2.234466e-02
2.161514e-02;5.948981e-02;3.228801e-02;2.555998e-02;9.891003e-02;5.240671e-02;1.532133e-01;1.080179e-01;5.624738e-02;2.184601e-01;1.415561e-01;3.223554e-02
3.097550e-02;7.010217e-02;2.404122e-02;1.715183e-02;1.166353e-01;7.448016e-02;7.209573e-02;1.255726e-01;4.067823e-02;2.157562e-01;1.770111e-01;3.549990e-02
3.265009e-02;6.615355e-02;2.392774e-02;2.355059e-02;1.133109e-01;1.576419e-01;5.401312e-02;1.194653e-01;2.977138e-02;1.622722e-01;1.921343e-01;2.510878e-02
1.831332e-02;5.936638e-02;2.993260e-02;3.438523e-02;1.187455e-01;2.550202e-01;5.360166e-02;9.974980e-02;1.759115e-02;1.095805e-01;1.851699e-01;1.854387e-02
1.513924e-02;5.533610e-02;2.059079e-02;3.730734e-02;1.397984e-01;2.632465e-01;5.163541e-02;1.343499e-01;1.886246e-02;1.002417e-01;1.473042e-01;1.618798e-02
6.836210e-03;5.818197e-02;1.569743e-02;4.199754e-02;1.780979e-01;1.835476e-01;3.752913e-02;1.811990e-01;4.161081e-02;1.415281e-01;9.674544e-02;1.702895e-02
1.500969e-02;6.491034e-02;1.439336e-02;3.717341e-02;2.174534e-01;1.198629e-01;2.672440e-02;1.697022e-01;6.856719e-02;1.833307e-01;5.598158e-02;2.689087e-02
2.545226e-02;5.657684e-02;3.423016e-02;5.103482e-02;1.992675e-01;1.029073e-01;8.190979e-02;1.091504e-01;9.950740e-02;1.819614e-01;2.675045e-02;3.125170e-02
3.654759e-02;3.731117e-02;8.601626e-02;7.415023e-02;1.078435e-01;1.009292e-01;1.822167e-01;7.411455e-02;9.485825e-02;1.474080e-01;3.403061e-02;2.457386e-02
3.759849e-02;3.840503e-02;9.657683e-02;8.066475e-02;9.914956e-02;9.636625e-02;1.660209e-01;5.229607e-02;1.033064e-01;1.421395e-01;6.713026e-02;2.034596e-02
4.125934e-02;2.854683e-02;9.166869e-02;1.026594e-01;1.145244e-01;8.176327e-02;1.508172e-01;6.179266e-02;1.011773e-01;1.437188e-01;6.972293e-02;1.234921e-02
4.539685e-02;2.342278e-02;8.998908e-02;1.181607e-01;1.001233e-01;9.012070e-02;1.895969e-01;5.426395e-02;8.809263e-02;1.382365e-01;5.433329e-02;8.263371e-03
4.464265e-02;2.831169e-02;1.031393e-01;1.055529e-01;5.492517e-02;8.443373e-02;1.927909e-01;4.435513e-02;8.584291e-02;1.798688e-01;6.671330e-02;9.423502e-03
4.689883e-02;2.126739e-02;9.392192e-02;9.678186e-02;7.837282e-02;5.346067e-02;1.944754e-01;4.408710e-02;9.587502e-02;1.920929e-01;7.205234e-02;1.071375e-02
6.179189e-02;1.683750e-02;7.993947e-02;1.136078e-01;7.293729e-02;3.410257e-02;1.888159e-01;6.842840e-02;9.915350e-02;1.785836e-01;7.335521e-02;1.244683e-02
7.474204e-02;2.142335e-02;8.058107e-02;1.033756e-01;6.884346e-02;3.594662e-02;2.000872e-01;7.517937e-02;9.315895e-02;1.728576e-01;5.777233e-02;1.603252e-02
8.142696e-02;2.000716e-02;9.176226e-02;1.270501e-01;8.536831e-02;4.170772e-02;1.543143e-01;5.784151e-02;1.225451e-01;1.389919e-01;5.920152e-02;1.978330e-02
8.677567e-02;8.317473e-03;8.066373e-02;1.890049e-01;7.815894e-02;3.245639e-02;1.381626e-01;4.801915e-02;1.570359e-01;1.124454e-01;5.444461e-02;1.451524e-02
1.067025e-01;4.675810e-03;5.797432e-02;2.462770e-01;6.259079e-02;2.022755e-02;1.151714e-01;3.095884e-02;1.918496e-01;1.068790e-01;5.109236e-02;5.600879e-03
1.059145e-01;4.963535e-03;6.294152e-02;2.745971e-01;4.880036e-02;1.235299e-02;1.099395e-01;2.890295e-02;1.969400e-01;9.961742e-02;4.935015e-02;5.679925e-03
8.295144e-02;8.739782e-03;9.710333e-02;2.731330e-01;3.990611e-02;8.820946e-03;1.249864e-01;3.667036e-02;1.897217e-01;8.245426e-02;4.787211e-02;7.640531e-03
6.771628e-02;4.784635e-03;9.296863e-02;2.441963e-01;4.046250e-02;1.183135e-02;1.930860e-01;6.050483e-02;1.684060e-01;6.739412e-02;4.299191e-02;5.657400e-03
6.841502e-02;6.443317e-03;7.839295e-02;2.096481e-01;5.244389e-02;1.525469e-02;2.315264e-01;8.607135e-02;1.400664e-01;7.200121e-02;3.542502e-02;4.311671e-03
5.834331e-02;8.352591e-03;8.488588e-02;1.698255e-01;6.158240e-02;3.621564e-02;2.419022e-01;6.799617e-02;1.137520e-01;1.125755e-01;3.535040e-02;9.218443e-03
4.354196e-02;1.145929e-02;9.870111e-02;1.296462e-01;6.246577e-02;6.446872e-02;2.311175e-01;3.038222e-02;8.861156e-02;1.742520e-01;2.840858e-02;3.694508e-02
3.697744e-02;1.512988e-02;1.177988e-01;9.984691e-02;5.701078e-02;9.478400e-02;1.988131e-01;1.919135e-02;6.484222e-02;1.746534e-01;3.270873e-02;8.824336e-02
4.688897e-02;4.166475e-02;1.720991e-01;7.872157e-02;4.256002e-02;1.260158e-01;1.325017e-01;2.240686e-02;7.097172e-02;1.386669e-01;2.766461e-02;9.983806e-02
4.867830e-02;5.075939e-02;2.145132e-01;6.402434e-02;3.401090e-02;1.232026e-01;1.437515e-01;3.645017e-02;7.577306e-02;1.310545e-01;2.493080e-02;5.285131e-02
4.017979e-02;4.325065e-02;2.041795e-01;8.292063e-02;3.714177e-02;8.530698e-02;1.466528e-01;6.404859e-02;7.918341e-02;1.548913e-01;4.207236e-02;2.017230e-02
4.464198e-02;5.837524e-02;1.248537e-01;1.202019e-01;2.702772e-02;5.949588e-02;1.465418e-01;6.864735e-02;6.229468e-02;1.775560e-01;8.054911e-02;2.981464e-02
4.357204e-02;6.487831e-02;1.496210e-01;1.182078e-01;2.019612e-02;8.790606e-02;1.181110e-01;4.409406e-02;6.398802e-02;1.815671e-01;8.338537e-02;2.447316e-02
4.757506e-02;6.608323e-02;1.825153e-01;8.393855e-02;2.564726e-02;8.597794e-02;7.023122e-02;3.461775e-02;8.871713e-02;2.079578e-01;6.405006e-02;4.268872e-02
4.100726e-02;5.937473e-02;9.596068e-02;6.596395e-02;3.656985e-02;5.887171e-02;1.116082e-01;4.824672e-02;1.079800e-01;2.451093e-01;8.235413e-02;4.695341e-02
4.925126e-02;3.086941e-02;1.132798e-01;5.796609e-02;3.780606e-02;3.805855e-02;1.670531e-01;5.927583e-02;1.006486e-01;2.312305e-01;8.525825e-02;2.930259e-02
6.761888e-02;2.340319e-02;1.060378e-01;7.884174e-02;3.875839e-02;6.851491e-02;1.732883e-01;5.421520e-02;7.548507e-02;1.995687e-01;8.025044e-02;3.401735e-02
8.579885e-02;4.117220e-02;8.665659e-02;6.307239e-02;7.494611e-02;7.828318e-02;1.532615e-01;6.523290e-02;8.164082e-02;1.637104e-01;5.481257e-02;5.141242e-02
5.551460e-02;5.155692e-02;1.170197e-01;4.262057e-02;8.396735e-02;7.938506e-02;1.707172e-01;9.032011e-02;9.705008e-02;1.328441e-01;3.497145e-02;4.403276e-02
3.372663e-02;4.087726e-02;1.248683e-01;4.760338e-02;6.311326e-02;9.141119e-02;1.542697e-01;1.387405e-01;1.297408e-01;1.277228e-01;2.823841e-02;1.968782e-02
1.564852e-02;7.160439e-02;1.169944e-01;3.846584e-02;3.827168e-02;7.202427e-02;8.264909e-02;2.145085e-01;1.895257e-01;1.247796e-01;1.679341e-02;1.873454e-02
2.021115e-02;8.812056e-02;8.289955e-02;4.456117e-02;6.267543e-02;5.416097e-02;5.888079e-02;2.286242e-01;1.996870e-01;1.118146e-01;2.357068e-02;2.479396e-02
2.536423e-02;5.934611e-02;1.092173e-01;1.153118e-01;8.586318e-02;4.611743e-02;5.161753e-02;2.128404e-01;1.567964e-01;7.250239e-02;3.133938e-02;3.368383e-02
4.202945e-02;2.243691e-02;1.336160e-01;1.844668e-01;6.889026e-02;5.864016e-02;4.726146e-02;1.664520e-01;1.360254e-01;6.370969e-02;3.424033e-02;4.223159e-02
4.716510e-02;2.904835e-02;1.577075e-01;2.096960e-01;7.410999e-02;8.362357e-02;4.373373e-02;1.008548e-01;9.763720e-02;9.175364e-02;2.617987e-02;3.849025e-02
4.860463e-02;6.629477e-02;1.083285e-01;1.533718e-01;6.961872e-02;1.144310e-01;7.453998e-02;1.259155e-01;8.094266e-02;1.090492e-01;2.242580e-02;2.647751e-02
5.547781e-02;6.508544e-02;7.262722e-02;7.850292e-02;6.131760e-02;1.285564e-01;1.245932e-01;1.826616e-01;8.360825e-02;8.459423e-02;3.171984e-02;3.125545e-02
4.350850e-02;4.328533e-02;7.441321e-02;6.583218e-02;7.015278e-02;6.909440e-02;1.134355e-01;1.851570e-01;1.195533e-01;1.293375e-01;4.186876e-02;4.436147e-02
3.134260e-02;4.821964e-02;8.098771e-02;1.023231e-01;5.297657e-02;4.883042e-02;1.107907e-01;1.109783e-01;1.456066e-01;1.518165e-01;7.232671e-02;4.380121e-02
5.125414e-02;3.455777e-02;9.192970e-02;1.094654e-01;7.088718e-02;4.904135e-02;1.005339e-01;9.216804e-02;1.489311e-01;1.315477e-01;5.892377e-02;6.075987e-02
5.848534e-02;3.454202e-02;8.265546e-02;7.121558e-02;7.448689e-02;4.801751e-02;1.250054e-01;1.319872e-01;1.247890e-01;1.340887e-01;3.139338e-02;8.333347e-02
4.210838e-02;4.946782e-02;8.879749e-02;5.614123e-02;7.348531e-02;7.522728e-02;1.408577e-01;1.374524e-01;1.493145e-01;1.329378e-01;2.908861e-02;2.512150e-02
4.349478e-02;4.572220e-02;9.325677e-02;5.067763e-02;6.819747e-02;7.673471e-02;1.433624e-01;1.342974e-01;1.493358e-01;1.383354e-01;3.012361e-02;2.646181e-02
3.326633e-02;4.262203e-02;1.176273e-01;4.213641e-02;6.490833e-02;7.089625e-02;1.771430e-01;1.303817e-01;1.345850e-01;1.324187e-01;2.833116e-02;2.568382e-02
3.207547e-02;2.873930e-02;1.848357e-01;5.500610e-02;5.045008e-02;5.246830e-02;2.847407e-01;9.304589e-02;7.503027e-02;9.137249e-02;3.100815e-02;2.122764e-02
5.093322e-02;3.216379e-02;1.575277e-01;8.645891e-02;7.424454e-02;6.285039e-02;3.446448e-01;5.327692e-02;3.239370e-02;6.535669e-02;2.504943e-02;1.509988e-02
4.780261e-02;2.676366e-02;1.282404e-01;8.360118e-02;8.530764e-02;6.882905e-02;3.544917e-01;5.871402e-02;3.174780e-02;7.717671e-02;2.381548e-02;1.350973e-02
3.181120e-02;3.083646e-02;2.687874e-01;8.544030e-02;7.083566e-02;5.123723e-02;2.614905e-01;4.354973e-02;2.501683e-02;8.443867e-02;3.561417e-02;1.094179e-02
3.206068e-02;4.573593e-02;3.222659e-01;7.647841e-02;5.649344e-02;3.570662e-02;2.032181e-01;4.632470e-02;3.312117e-02;9.139904e-02;4.284912e-02;1.434691e-02
4.184315e-02;5.527415e-02;2.924390e-01;8.886454e-02;5.302600e-02;4.574037e-02;1.681943e-01;6.216454e-02;4.507502e-02;9.236852e-02;3.566705e-02;1.934339e-02
4.480580e-02;5.750357e-02;2.773277e-01;1.312348e-01;4.698985e-02;3.536200e-02;1.301597e-01;6.492953e-02;4.872874e-02;1.137858e-01;3.130031e-02;1.787232e-02
5.043764e-02;4.992364e-02;2.683457e-01;8.950537e-02;4.597249e-02;2.870338e-02;1.980473e-01;4.843578e-02;4.345313e-02;1.200838e-01;4.754061e-02;9.551184e-03
5.013358e-02;4.897267e-02;2.422011e-01;4.511823e-02;4.878449e-02;4.196727e-02;3.116958e-01;3.131792e-02;2.186727e-02;9.637433e-02;4.603788e-02;1.552937e-02
5.394936e-02;4.511594e-02;1.415890e-01;3.862711e-02;4.920020e-02;5.968784e-02;4.330558e-01;3.904475e-02;2.164523e-02;6.936492e-02;3.330572e-02;1.541411e-02
6.243346e-02;4.634197e-02;5.619309e-02;4.035471e-02;2.834464e-02;5.642484e-02;5.528206e-01;3.606159e-02;2.089270e-02;4.901152e-02;2.814395e-02;2.297694e-02
3.314182e-02;2.684568e-02;1.503265e-01;3.843802e-02;5.457611e-02;5.670410e-02;4.873841e-01;3.509126e-02;2.685314e-02;4.108939e-02;2.223986e-02;2.731008e-02
2.531241e-02;1.846812e-02;1.955893e-01;5.582970e-02;3.860676e-02;5.091828e-02;4.363340e-01;3.795121e-02;3.949717e-02;4.806933e-02;2.558909e-02;2.783467e-02
3.146461e-02;2.575438e-02;2.005494e-01;6.360413e-02;6.789651e-02;4.630039e-02;3.505421e-01;3.652539e-02;4.222470e-02;6.912849e-02;4.029314e-02;2.571672e-02
4.093071e-02;4.429685e-02;1.605221e-01;6.380574e-02;9.995951e-02;5.568357e-02;2.419168e-01;6.303474e-02;5.969153e-02;7.719462e-02;5.870457e-02;3.425924e-02
6.313919e-02;6.639892e-02;1.922015e-01;7.958498e-02;1.169923e-01;7.683588e-02;8.206778e-02;6.201306e-02;9.210645e-02;7.036185e-02;5.143897e-02;4.685916e-02
7.105801e-02;5.302054e-02;1.654632e-01;5.077025e-02;7.519888e-02;6.198131e-02;2.707879e-01;4.239247e-02;5.519155e-02;7.277887e-02;4.605583e-02;3.530120e-02
6.978496e-02;4.189496e-02;1.291028e-01;5.118963e-02;6.743168e-02;5.605069e-02;3.173541e-01;5.116175e-02;5.559640e-02;8.511635e-02;4.686426e-02;2.845233e-02
5.631434e-02;3.276000e-02;9.628733e-02;4.716654e-02;5.623044e-02;5.392639e-02;3.298811e-01;6.056637e-02;5.768337e-02;1.234719e-01;6.274706e-02;2.296522e-02
2.922280e-02;4.412129e-02;6.528654e-02;4.468155e-02;4.492516e-02;4.662641e-02;2.500162e-01;7.199978e-02;6.295305e-02;2.015146e-01;1.096027e-01;2.904987e-02
3.795986e-02;5.519352e-02;9.390320e-02;4.350833e-02;5.509380e-02;4.266700e-02;1.195605e-01;6.278756e-02;7.678751e-02;2.472127e-01;1.341350e-01;3.119092e-02
2.234503e-02;4.311614e-02;1.527593e-01;3.516120e-02;8.039179e-02;5.489066e-02;1.740675e-01;6.539559e-02;6.162304e-02;2.067872e-01;7.916588e-02;2.429672e-02
6.603804e-02;3.736658e-02;1.125570e-01;1.913124e-02;8.491696e-02;5.720066e-02;2.758417e-01;4.646036e-02;4.225829e-02;1.721552e-01;6.516194e-02;2.091198e-02
6.554796e-02;4.641306e-02;1.662936e-01;3.229899e-02;8.733556e-02;4.969330e-02;1.561166e-01;4.345916e-02;6.254182e-02;1.746591e-01;8.272003e-02;3.292078e-02
4.136927e-02;4.886475e-02;1.854749e-01;3.330003e-02;7.141066e-02;4.846665e-02;2.265489e-01;3.406109e-02;4.433735e-02;1.609875e-01;7.689297e-02;2.828600e-02
4.676909e-02;4.790815e-02;1.512279e-01;2.614354e-02;5.336173e-02;4.612419e-02;3.646374e-01;3.773423e-02;4.029084e-02;1.049980e-01;5.530303e-02;2.550187e-02
3.597387e-02;4.650468e-02;9.360848e-02;4.908624e-02;6.860621e-02;6.510111e-02;3.543262e-01;8.035269e-02;7.470864e-02;6.479380e-02;3.399024e-02;3.294786e-02
4.955715e-02;5.431924e-02;6.834946e-02;5.376513e-02;7.539199e-02;8.813837e-02;1.498044e-01;1.358521e-01;1.906872e-01;4.942148e-02;4.342204e-02;4.129153e-02
4.511315e-02;5.172024e-02;7.265788e-02;4.994946e-02;7.259391e-02;9.016601e-02;9.478306e-02;1.505769e-01;2.145576e-01;7.209454e-02;4.719398e-02;3.859320e-02
3.541014e-02;4.628257e-02;7.201722e-02;4.373389e-02;6.780053e-02;8.598862e-02;8.835529e-02;1.617907e-01;2.222717e-01;9.582307e-02;4.846108e-02;3.206521e-02
9.713493e-02;9.329557e-02;1.317878e-01;6.325099e-02;5.285088e-02;6.992479e-02;1.133276e-01;9.850951e-02;1.194878e-01;7.612083e-02;5.024914e-02;3.406016e-02
1.437831e-01;1.137910e-01;1.453832e-01;7.384856e-02;6.415460e-02;8.318979e-02;1.112828e-01;4.210326e-02;2.888543e-02;6.417961e-02;7.390887e-02;5.548973e-02
1.417950e-01;8.635956e-02;1.225677e-01;7.165553e-02;8.506222e-02;8.043544e-02;7.066324e-02;4.390369e-02;4.297193e-02;9.035809e-02;8.650244e-02;7.772519e-02
9.045362e-02;5.159961e-02;1.032973e-01;9.598286e-02;8.478840e-02;7.610147e-02;1.068650e-01;4.675492e-02;7.637446e-02;1.035718e-01;9.069125e-02;7.351941e-02
5.062490e-02;3.160666e-02;1.438531e-01;8.502508e-02;7.702601e-02;9.557078e-02;1.687730e-01;7.231992e-02;8.797352e-02;7.703029e-02;6.327070e-02;4.692611e-02
2.906964e-02;3.573294e-02;1.932438e-01;6.739672e-02;8.450761e-02;9.510266e-02;2.225352e-01;8.354574e-02;6.390312e-02;5.113491e-02;3.292767e-02;4.090001e-02
3.276746e-02;3.555125e-02;2.083627e-01;8.081418e-02;8.872876e-02;7.410023e-02;2.452872e-01;7.495023e-02;5.237084e-02;4.068206e-02;4.422985e-02;2.215533e-02
2.671728e-02;2.898191e-02;2.353074e-01;8.360994e-02;5.965550e-02;1.312734e-01;1.409361e-01;9.331515e-02;7.469349e-02;4.621685e-02;3.784825e-02;4.144473e-02
3.598227e-02;3.396093e-02;1.872466e-01;9.767076e-02;4.923770e-02;1.329644e-01;1.508744e-01;6.996848e-02;1.019776e-01;6.198128e-02;3.915723e-02;3.897837e-02
4.047415e-02;4.337944e-02;1.549708e-01;1.453479e-01;6.726285e-02;8.007698e-02;1.373020e-01;6.701867e-02;1.220023e-01;6.420028e-02;4.096854e-02;3.699613e-02
3.240547e-02;4.058805e-02;2.160705e-01;1.258792e-01;5.591558e-02;4.958732e-02;1.217191e-01;1.180069e-01;9.445291e-02;7.017940e-02;2.418702e-02;5.100847e-02
3.738114e-02;5.427809e-02;2.580367e-01;8.542922e-02;4.521744e-02;4.213478e-02;1.378675e-01;1.331780e-01;5.813120e-02;7.743382e-02;2.922556e-02;4.168654e-02
4.875931e-02;7.146076e-02;2.537843e-01;6.046638e-02;5.177183e-02;2.571129e-02;1.775756e-01;1.245226e-01;3.333960e-02;7.868385e-02;4.358291e-02;3.034160e-02
4.730773e-02;7.059107e-02;2.332795e-01;4.233425e-02;4.057690e-02;2.939528e-02;1.752209e-01;1.360307e-01;4.587922e-02;8.617274e-02;3.992717e-02;5.328454e-02
2.974823e-02;6.685399e-02;2.608925e-01;4.495177e-02;3.329002e-02;5.636698e-02;1.363545e-01;1.269854e-01;5.943352e-02;8.429202e-02;2.951664e-02;7.131435e-02
3.267206e-02;8.218386e-02;2.781189e-01;4.890783e-02;4.376151e-02;7.280592e-02;1.264288e-01;8.874765e-02;5.889026e-02;5.627302e-02;4.642151e-02;6.478862e-02
6.201785e-02;9.884605e-02;2.761210e-01;3.746134e-02;3.898777e-02;6.527044e-02;1.379928e-01;6.805687e-02;5.071475e-02;5.321332e-02;5.840471e-02;5.291310e-02
6.648147e-02;8.990569e-02;2.812713e-01;3.828058e-02;4.519545e-02;7.698511e-02;1.335118e-01;6.147057e-02;4.160983e-02;5.461466e-02;5.581402e-02;5.485946e-02
3.961974e-02;6.910061e-02;2.389183e-01;8.561317e-02;6.861829e-02;7.010601e-02;1.139197e-01;9.167860e-02;4.721641e-02;6.149185e-02;5.441573e-02;5.930155e-02
5.816104e-02;6.184492e-02;1.356033e-01;9.421010e-02;4.403165e-02;4.614572e-02;1.424326e-01;1.452893e-01;8.053704e-02;7.817736e-02;7.724141e-02;3.632560e-02
4.976254e-02;6.773586e-02;1.015019e-01;8.619382e-02;4.280358e-02;4.413848e-02;1.643592e-01;1.146192e-01;9.284108e-02;8.866569e-02;1.082545e-01;3.912412e-02
7.280591e-02;8.422800e-02;1.441200e-01;7.202113e-02;4.315342e-02;3.919476e-02;1.571938e-01;8.924945e-02;8.384951e-02;9.273580e-02;9.023222e-02;3.121594e-02
7.000203e-02;7.761007e-02;1.652541e-01;6.611697e-02;5.029850e-02;4.130305e-02;1.466410e-01;1.115137e-01;6.862713e-02;9.423558e-02;6.426623e-02;4.413163e-02
6.607109e-02;7.011069e-02;1.389060e-01;5.867641e-02;5.700541e-02;7.421852e-02;1.642928e-01;1.028254e-01;7.261405e-02;9.371397e-02;5.577660e-02;4.578907e-02
7.020012e-02;6.229225e-02;1.073061e-01;5.636821e-02;9.256150e-02;1.003240e-01;1.250620e-01;1.008002e-01;8.523361e-02;8.719447e-02;7.036331e-02;4.229419e-02
6.348889e-02;5.501933e-02;6.756297e-02;6.495039e-02;1.175091e-01;8.296712e-02;1.228709e-01;1.087544e-01;1.018258e-01;1.027581e-01;6.960685e-02;4.268615e-02
4.828676e-02;3.659198e-02;1.248354e-01;1.016875e-01;8.735099e-02;6.211063e-02;1.495566e-01;8.993890e-02;1.267922e-01;8.955295e-02;4.851098e-02;3.478516e-02
3.577293e-02;4.741795e-02;2.282122e-01;9.364804e-02;3.387926e-02;5.803209e-02;1.468450e-01;1.177937e-01;9.781997e-02;6.971039e-02;2.726857e-02;4.359987e-02
4.609837e-02;8.988509e-02;2.446474e-01;5.198109e-02;3.590340e-02;4.267156e-02;1.629078e-01;1.334250e-01;6.189842e-02;5.414342e-02;4.435918e-02;3.207923e-02
8.754358e-02;1.388186e-01;1.611305e-01;1.975896e-02;3.681856e-02;3.640583e-02;2.273763e-01;9.721534e-02;7.843520e-02;3.999593e-02;6.288835e-02;1.361290e-02
1.298718e-01;1.396961e-01;6.131683e-02;7.334949e-03;3.677536e-02;3.663708e-02;2.693591e-01;9.862580e-02;1.157869e-01;3.494050e-02;5.666260e-02;1.299298e-02
1.462978e-01;9.949663e-02;2.248417e-02;1.945222e-02;5.715135e-02;5.544190e-02;2.648526e-01;1.280648e-01;1.123784e-01;3.615207e-02;3.479569e-02;2.343237e-02
1.177881e-01;7.536847e-02;5.750480e-02;3.769959e-02;9.378023e-02;9.999495e-02;2.118926e-01;1.251686e-01;7.539403e-02;4.230373e-02;2.920899e-02;3.389592e-02
1.169415e-01;8.472518e-02;1.063667e-01;3.960357e-02;1.060147e-01;9.924743e-02;1.572485e-01;9.607924e-02;9.043400e-02;4.047532e-02;2.752778e-02;3.533610e-02
1.430604e-01;1.237428e-01;1.022976e-01;2.853123e-02;9.773747e-02;7.326464e-02;1.735413e-01;6.142468e-02;1.097058e-01;3.825121e-02;1.730013e-02;3.114279e-02
8.926180e-02;1.531311e-01;1.624912e-01;3.698088e-02;7.945813e-02;5.528131e-02;1.715214e-01;6.838693e-02;8.639556e-02;5.213344e-02;1.651612e-02;2.844223e-02
1.408686e-01;1.271033e-01;1.406855e-01;3.847752e-02;5.931686e-02;5.008367e-02;1.856662e-01;6.259042e-02;6.613147e-02;5.125716e-02;4.028489e-02;3.753435e-02
1.394665e-01;9.656754e-02;7.768187e-02;3.612344e-02;7.023393e-02;5.046662e-02;2.479414e-01;7.401878e-02;4.670325e-02;5.224460e-02;6.882000e-02;3.973201e-02
1.181218e-01;7.773106e-02;7.624369e-02;3.756455e-02;5.739010e-02;4.157468e-02;3.117148e-01;6.286263e-02;3.772810e-02;4.214640e-02;8.470412e-02;5.221806e-02
1.120320e-01;5.776684e-02;7.892761e-02;2.299931e-02;7.144649e-02;4.913561e-02;3.009724e-01;3.408767e-02;6.186512e-02;5.051814e-02;7.271970e-02;8.752913e-02
9.363689e-02;5.914338e-02;5.611304e-02;1.905738e-02;9.792314e-02;1.003640e-01;1.906740e-01;4.262997e-02;8.685651e-02;6.046261e-02;9.402522e-02;9.911387e-02
1.375130e-01;4.305356e-02;3.596617e-02;2.619595e-02;9.971724e-02;1.442274e-01;2.479120e-01;5.892563e-02;4.120009e-02;6.507663e-02;4.125831e-02;5.895405e-02
1.424503e-01;2.543502e-02;2.116905e-02;3.737544e-02;8.931380e-02;1.457075e-01;3.051306e-01;4.764691e-02;2.340258e-02;6.148165e-02;8.717102e-03;9.217007e-02
1.333244e-01;3.780360e-02;3.244646e-02;4.124935e-02;8.912127e-02;1.411633e-01;3.129199e-01;3.902139e-02;2.329815e-02;5.626095e-02;1.171315e-02;8.167813e-02
1.476708e-01;4.734600e-02;2.277655e-02;3.657506e-02;9.651522e-02;1.505088e-01;3.116088e-01;4.372727e-02;2.669182e-02;5.443801e-02;9.799272e-03;5.234244e-02
1.716264e-01;7.199278e-02;1.680032e-02;3.116538e-02;8.584712e-02;1.383868e-01;3.056529e-01;6.641293e-02;3.754395e-02;3.847162e-02;6.420611e-03;2.967918e-02
1.807630e-01;1.155468e-01;2.135532e-02;2.041229e-02;7.927693e-02;1.190089e-01;2.885631e-01;8.395725e-02;3.757064e-02;2.470809e-02;7.932124e-03;2.090546e-02
1.772660e-01;1.751488e-01;7.434232e-02;1.542314e-02;8.157101e-02;8.990046e-02;2.176132e-01;7.377549e-02;2.920181e-02;2.056997e-02;1.800050e-02;2.718726e-02
1.489499e-01;1.662550e-01;1.604259e-01;4.134736e-02;9.657261e-02;6.986540e-02;1.310380e-01;5.619814e-02;3.984626e-02;2.570901e-02;1.952557e-02;4.426685e-02
1.237467e-01;8.075223e-02;1.894091e-01;6.149644e-02;1.134490e-01;7.284760e-02;1.160276e-01;8.939508e-02;5.339665e-02;2.093192e-02;1.438738e-02;6.416026e-02
1.301440e-01;2.782350e-02;1.492599e-01;5.037505e-02;1.317758e-01;7.818865e-02;1.249522e-01;1.454259e-01;4.740315e-02;1.517024e-02;1.637392e-02;8.310764e-02
1.684919e-01;2.165367e-02;9.172048e-02;4.269687e-02;1.455192e-01;8.349209e-02;1.186258e-01;1.503296e-01;4.118014e-02;1.278517e-02;1.857609e-02;1.049289e-01
1.710973e-01;3.467397e-02;8.111279e-02;5.406111e-02;1.328721e-01;8.745673e-02;1.224259e-01;1.274224e-01;4.703813e-02;2.093926e-02;2.147510e-02;9.942507e-02
1.516133e-01;8.655448e-02;1.405189e-01;6.341504e-02;9.484712e-02;6.805453e-02;1.059401e-01;1.127144e-01;4.842277e-02;3.358402e-02;2.523632e-02;6.909892e-02
1.319719e-01;1.190043e-01;2.152975e-01;7.583708e-02;6.625899e-02;4.559206e-02;8.248331e-02;9.839917e-02;4.661985e-02;3.698726e-02;3.798966e-02;4.355883e-02
1.012758e-01;1.034334e-01;3.040751e-01;7.365275e-02;6.326973e-02;4.239527e-02;6.397907e-02;9.790998e-02;3.289760e-02;3.691324e-02;6.054781e-02;1.965027e-02
8.043075e-02;6.304714e-02;3.190652e-01;5.113971e-02;7.051019e-02;4.182081e-02;6.580491e-02;9.759774e-02;5.047594e-02;4.494989e-02;6.866763e-02;4.649007e-02
1.263124e-01;6.252763e-02;2.225915e-01;4.726263e-02;8.432231e-02;5.167955e-02;6.402340e-02;9.797008e-02;7.678995e-02;5.645344e-02;4.210570e-02;6.796153e-02
1.019403e-01;6.564735e-02;2.305202e-01;4.638921e-02;5.793438e-02;7.292064e-02;7.796659e-02;1.108496e-01;7.822420e-02;5.882952e-02;2.657518e-02;7.220282e-02
1.163271e-01;8.888913e-02;1.949078e-01;4.171822e-02;4.931882e-02;7.410529e-02;8.777969e-02;1.083312e-01;9.632003e-02;4.387548e-02;3.394969e-02;6.447747e-02
1.078582e-01;1.125747e-01;1.333833e-01;4.860818e-02;6.184670e-02;6.431268e-02;1.212977e-01;1.005219e-01;1.337104e-01;4.520080e-02;2.775345e-02;4.293180e-02
1.005762e-01;1.701672e-01;1.158407e-01;5.256793e-02;6.364714e-02;6.787664e-02;1.080263e-01;8.168872e-02;9.536383e-02;5.680567e-02;3.418499e-02;5.325467e-02
5.896145e-02;2.024822e-01;1.948038e-01;5.831561e-02;4.786512e-02;4.642450e-02;9.323649e-02;5.078783e-02;7.067001e-02;6.664003e-02;5.187410e-02;5.793885e-02
4.421801e-02;1.722234e-01;2.016304e-01;4.787192e-02;5.622615e-02;5.573884e-02;1.260280e-01;5.700121e-02;4.246114e-02;8.716743e-02;6.698837e-02;4.244506e-02
8.438604e-02;1.358547e-01;1.473527e-01;5.328376e-02;6.218346e-02;7.301276e-02;1.338533e-01;5.725684e-02;3.518289e-02;9.247424e-02;7.210853e-02;5.305089e-02
