2.755618e-02;2.351575e-01;2.922619e-01;4.178983e-02;3.237984e-02;1.185199e-01;1.990408e-02;6.146117e-02;1.045920e-01;3.432928e-02;1.766336e-02;1.438495e-02
2.299445e-02;2.749403e-01;3.168795e-01;3.244696e-02;2.061342e-02;8.084870e-02;2.051432e-02;3.992804e-02;1.195757e-01;4.039892e-02;1.535073e-02;1.550901e-02
1.754172e-02;2.865126e-01;3.529932e-01;2.059183e-02;1.460154e-02;5.109339e-02;3.853401e-02;1.804635e-02;1.045381e-01;7.209797e-02;1.013062e-02;1.331870e-02
1.459720e-02;2.689157e-01;3.948844e-01;2.568804e-02;1.663297e-02;4.287139e-02;5.954965e-02;1.462210e-02;5.782173e-02;8.423441e-02;1.311810e-02;7.064339e-03
2.179174e-02;2.768023e-01;4.048750e-01;2.414532e-02;1.485825e-02;5.628983e-02;6.773823e-02;1.835616e-02;2.792473e-02;6.625715e-02;1.860418e-02;2.357109e-03
3.308687e-02;3.028259e-01;3.769957e-01;2.311071e-02;1.551821e-02;5.453882e-02;5.859624e-02;2.388599e-02;3.260883e-02;4.839940e-02;2.484634e-02;5.587030e-03
3.199892e-02;3.080608e-01;4.038776e-01;2.142843e-02;1.624347e-02;5.657167e-02;2.554457e-02;3.368093e-02;3.740248e-02;3.716240e-02;1.934085e-02;8.687941e-03
3.023733e-02;2.488979e-01;3.688020e-01;3.231247e-02;2.998251e-02;5.041743e-02;3.558685e-02;6.484617e-02;6.726802e-02;4.115582e-02;1.994095e-02;1.055256e-02
6.184343e-02;1.679925e-01;2.286969e-01;5.405811e-02;4.385213e-02;5.885255e-02;6.492636e-02;9.545819e-02;8.797087e-02;6.680432e-02;5.035061e-02;1.919407e-02
6.571261e-02;1.180086e-01;1.264101e-01;5.530238e-02;6.075270e-02;8.091782e-02;8.514567e-02;1.135247e-01;1.284805e-01;5.972024e-02;4.535631e-02;6.066837e-02
7.601029e-02;1.085681e-01;6.133780e-02;6.343193e-02;7.878672e-02;1.667017e-01;5.910359e-02;1.312744e-01;1.027537e-01;3.293052e-02;3.443334e-02;8.466792e-02
6.771577e-02;1.371768e-01;1.006386e-01;4.590331e-02;7.801060e-02;1.663073e-01;5.394465e-02;1.123628e-01;7.776509e-02;4.786313e-02;2.979740e-02;8.251457e-02
4.864834e-02;1.350940e-01;1.269119e-01;4.188703e-02;7.540293e-02;1.153348e-01;5.762710e-02;1.113203e-01;8.707163e-02;7.963261e-02;5.854652e-02;6.252293e-02
4.580168e-02;1.094182e-01;1.575221e-01;6.709129e-02;9.019240e-02;9.749288e-02;6.521782e-02;9.576981e-02;7.687420e-02;8.873495e-02;6.732403e-02;3.856055e-02
2.453022e-02;5.991393e-02;1.732078e-01;1.482074e-01;9.253966e-02;9.452653e-02;5.565822e-02;8.231167e-02;4.422047e-02;6.418160e-02;1.359437e-01;2.475891e-02
8.438689e-03;3.824989e-02;1.510676e-01;2.382705e-01;6.419939e-02;6.138996e-02;3.035799e-02;7.999934e-02;2.963092e-02;3.012040e-02;2.441660e-01;2.410938e-02
4.459712e-03;3.488918e-02;1.521313e-01;2.597661e-01;4.284180e-02;5.160318e-02;1.496829e-02;8.931370e-02;2.192912e-02;1.985500e-02;2.971992e-01;1.104335e-02
4.992360e-03;4.442178e-02;1.810474e-01;2.322548e-01;2.714433e-02;3.356653e-02;1.976186e-02;9.930496e-02;1.672160e-02;3.514152e-02;2.922635e-01;1.337937e-02
9.781921e-03;6.243449e-02;1.948644e-01;2.210853e-01;1.780122e-02;1.928915e-02;1.859069e-02;1.216009e-01;1.260592e-02;2.770020e-02;2.843327e-01;9.913132e-03
1.600845e-02;7.185125e-02;2.026820e-01;1.878627e-01;2.746616e-02;4.854463e-02;1.766267e-02;1.208735e-01;1.432358e-02;2.720332e-02;2.502576e-01;1.526414e-02
2.319805e-02;7.487594e-02;2.661460e-01;1.171537e-01;2.401804e-02;6.043829e-02;2.394332e-02;8.626607e-02;2.282330e-02;8.915501e-02;1.866973e-01;2.528493e-02
2.477299e-02;1.393853e-01;3.038488e-01;6.099241e-02;2.524047e-02;6.290499e-02;4.003985e-02;6.078883e-02;4.689587e-02;1.295160e-01;9.122197e-02;1.439249e-02
3.348153e-02;1.587999e-01;2.860560e-01;4.718806e-02;2.915806e-02;8.011552e-02;3.268810e-02;8.973674e-02;8.558357e-02;1.043423e-01;4.510255e-02;7.747614e-03
3.542795e-02;1.038738e-01;2.111543e-01;7.842688e-02;3.123485e-02;1.237640e-01;3.410340e-02;1.325387e-01;1.266092e-01;5.334111e-02;4.796351e-02;2.156232e-02
2.383291e-02;1.461330e-01;1.361638e-01;6.452985e-02;3.119720e-02;1.075197e-01;5.080889e-02;1.717863e-01;1.314717e-01;6.497142e-02;4.811201e-02;2.347327e-02
1.897808e-02;1.301807e-01;1.990969e-01;6.270075e-02;5.092660e-02;9.418146e-02;3.481427e-02;1.711776e-01;1.153580e-01;5.211663e-02;4.719061e-02;2.327836e-02
1.458694e-02;1.353026e-01;2.830110e-01;1.152969e-01;5.529835e-02;3.654396e-02;3.133067e-02;1.389256e-01;7.377710e-02;3.007413e-02;6.809656e-02;1.775629e-02
9.894840e-03;1.407293e-01;2.694215e-01;1.798965e-01;4.489582e-02;6.601613e-02;3.665962e-02;8.367340e-02;3.767738e-02;1.846744e-02;9.852754e-02;1.414056e-02
1.689292e-02;1.586706e-01;2.754315e-01;1.708588e-01;5.142889e-02;3.434807e-02;4.032427e-02;6.234684e-02;4.017394e-02;3.684469e-02;9.379601e-02;1.888350e-02
2.119089e-02;1.466620e-01;2.563446e-01;1.416752e-01;5.244919e-02;6.321371e-02;3.836931e-02;6.897474e-02;4.846175e-02;5.033831e-02;8.730973e-02;2.501058e-02
3.725759e-02;9.134745e-02;2.003303e-01;1.134273e-01;4.490872e-02;7.673934e-02;4.177185e-02;1.398906e-01;6.596175e-02;6.555942e-02;1.019820e-01;2.082365e-02
4.660578e-02;1.572326e-01;2.096271e-01;6.616729e-02;3.577932e-02;8.195508e-02;3.875567e-02;1.331528e-01;4.510887e-02;5.260029e-02;1.123115e-01;2.070362e-02
2.951969e-02;1.723294e-01;3.538066e-01;7.701359e-02;2.141022e-02;8.443975e-02;3.262148e-02;7.276043e-02;2.885449e-02;4.036961e-02;6.998762e-02;1.688712e-02
2.160733e-02;1.880790e-01;4.495251e-01;5.848141e-02;2.056329e-02;7.314312e-02;4.786903e-02;3.895532e-02;2.661364e-02;3.558695e-02;3.237718e-02;7.198640e-03
2.439078e-02;2.180066e-01;4.927009e-01;4.752320e-02;1.625508e-02;2.173099e-02;4.399236e-02;4.718773e-02;2.413087e-02;3.111636e-02;2.691860e-02;6.046515e-03
2.179818e-02;2.015899e-01;4.955924e-01;4.306157e-02;1.233256e-02;4.047722e-02;3.678697e-02;3.452274e-02;2.059991e-02;5.373082e-02;3.133228e-02;8.175411e-03
1.616711e-02;1.759901e-01;4.972875e-01;4.844183e-02;1.645420e-02;3.313791e-02;3.711316e-02;2.384765e-02;1.179034e-02;1.014850e-01;2.666802e-02;1.161712e-02
2.069310e-02;1.697787e-01;4.463574e-01;5.636979e-02;2.918759e-02;1.907118e-02;4.632805e-02;2.891932e-02;2.146684e-02;1.341493e-01;6.954791e-03;2.072393e-02
2.890916e-02;1.514124e-01;3.745873e-01;5.831583e-02;4.018724e-02;4.251140e-02;5.052813e-02;4.274872e-02;4.044060e-02;1.372444e-01;1.222642e-02;2.088848e-02
2.367085e-02;1.676290e-01;3.746415e-01;4.253814e-02;2.603507e-02;2.092479e-02;3.448514e-02;3.929840e-02;5.879250e-02;1.672422e-01;2.625227e-02;1.849011e-02
1.665635e-02;2.162541e-01;3.390090e-01;2.462731e-02;7.595669e-03;1.707436e-02;1.549977e-02;2.775533e-02;8.588754e-02;1.952705e-01;4.034102e-02;1.402899e-02
1.469736e-02;2.825768e-01;2.885402e-01;9.820695e-03;6.697257e-03;2.374589e-02;1.382086e-02;2.001007e-02;1.331052e-01;1.678955e-01;2.581261e-02;1.327764e-02
2.002340e-02;3.568937e-01;2.523633e-01;6.572822e-03;5.663520e-03;2.622099e-02;9.065650e-03;1.861071e-02;1.773229e-01;1.050176e-01;1.196405e-02;1.028137e-02
2.709524e-02;4.125392e-01;2.334570e-01;1.035417e-02;3.701827e-03;2.176110e-02;9.146199e-03;2.839046e-02;1.844583e-01;4.383460e-02;1.839675e-02;6.865153e-03
4.005578e-02;4.241542e-01;2.276222e-01;1.685740e-02;7.868636e-03;3.223124e-02;1.521243e-02;3.759705e-02;1.521368e-01;2.572022e-02;9.649436e-03;1.089449e-02
3.597218e-02;3.231803e-01;2.059115e-01;4.040092e-02;3.084896e-02;7.090586e-02;3.539813e-02;4.696170e-02;1.141798e-01;2.742722e-02;3.871046e-02;3.010287e-02
4.882638e-02;2.070983e-01;1.160495e-01;6.949555e-02;5.673471e-02;1.055026e-01;6.520976e-02;6.828126e-02;8.769099e-02;6.447417e-02;4.665675e-02;6.397990e-02
4.850789e-02;1.414972e-01;1.120275e-01;6.259761e-02;4.381774e-02;8.625127e-02;8.519528e-02;1.341576e-01;6.736862e-02;8.007986e-02;5.950477e-02;7.899471e-02
4.450464e-02;1.223023e-01;1.060713e-01;4.958172e-02;4.562100e-02;1.178761e-01;9.347022e-02;1.469527e-01;7.493911e-02;5.754928e-02;7.460492e-02;6.652677e-02
3.780692e-02;1.465512e-01;1.019879e-01;5.369110e-02;5.321180e-02;1.459429e-01;7.802941e-02;1.408446e-01;7.065830e-02;6.205601e-02;6.540670e-02;4.381318e-02
3.824683e-02;2.330173e-01;1.582134e-01;4.560864e-02;4.622659e-02;1.349082e-01;5.797134e-02;1.073770e-01;6.297925e-02;6.999025e-02;2.758008e-02;1.788109e-02
2.569499e-02;3.153443e-01;3.330640e-01;3.827590e-02;9.940597e-03;5.216043e-02;2.901637e-02;5.557830e-02;5.392880e-02;3.729954e-02;4.011549e-02;9.581273e-03
2.809359e-02;3.646317e-01;3.701102e-01;3.621899e-02;1.079957e-02;2.825053e-02;1.682813e-02;2.698984e-02;4.320746e-02;1.349458e-02;4.682591e-02;1.454945e-02
2.435177e-02;3.214561e-01;4.361092e-01;3.201297e-02;1.020138e-02;3.439624e-02;1.787993e-02;2.387824e-02;3.200059e-02;1.804609e-02;3.928909e-02;1.037843e-02
1.798546e-02;2.976679e-01;4.660607e-01;3.408250e-02;1.022620e-02;3.227598e-02;9.567342e-03;2.900232e-02;4.339443e-02;5.747454e-03;4.558317e-02;8.406647e-03
1.498175e-02;2.555777e-01;4.709780e-01;5.245721e-02;1.418104e-02;2.607939e-02;7.799849e-03;3.921542e-02;4.875787e-02;3.019404e-02;3.515137e-02;4.626334e-03
3.085565e-02;2.155443e-01;4.252234e-01;7.488152e-02;1.602660e-02;6.645862e-02;3.047782e-02;4.130759e-02;3.461963e-02;3.159216e-02;1.898377e-02;1.402885e-02
3.441616e-02;1.769883e-01;3.014680e-01;7.894139e-02;3.623852e-02;6.091800e-02;5.793624e-02;7.683393e-02;6.589030e-02;5.269225e-02;2.853667e-02;2.914022e-02
5.391165e-02;1.619457e-01;2.238612e-01;7.663249e-02;5.296806e-02;7.144042e-02;6.710679e-02;1.058747e-01;6.497404e-02;3.467495e-02;3.819633e-02;4.841370e-02
6.733552e-02;1.548675e-01;1.992837e-01;8.688886e-02;6.202169e-02;8.743476e-02;5.569656e-02;9.179259e-02;5.050136e-02;3.054401e-02;6.284955e-02;5.078396e-02
5.981277e-02;1.633963e-01;2.254229e-01;7.496625e-02;4.753329e-02;7.900967e-02;5.182925e-02;8.083020e-02;6.175410e-02;5.553280e-02;6.252103e-02;3.739138e-02
4.860085e-02;2.386703e-01;2.458800e-01;4.459875e-02;2.290064e-02;7.385604e-02;4.917770e-02;7.086157e-02;7.274191e-02;6.803281e-02;4.046227e-02;2.421712e-02
4.949054e-02;3.961020e-01;2.266801e-01;1.747896e-02;1.265561e-02;4.760973e-02;3.891866e-02;5.858749e-02;8.670903e-02;4.149435e-02;1.224832e-02;1.202522e-02
9.707298e-02;4.655199e-01;1.497283e-01;1.025182e-02;2.246649e-02;3.880993e-02;2.744337e-02;6.393514e-02;8.800405e-02;2.292944e-02;7.574490e-03;6.264065e-03
1.723217e-01;3.903520e-01;1.204689e-01;1.144802e-02;3.404738e-02;3.074661e-02;2.299685e-02;1.113182e-01;6.718577e-02;2.011632e-02;8.524353e-03;1.047394e-02
2.243672e-01;3.344708e-01;1.172427e-01;8.347939e-03;4.442909e-02;1.600086e-02;1.310816e-02;1.417397e-01;6.212783e-02;1.417494e-02;1.339141e-02;1.059939e-02
2.284306e-01;3.370360e-01;6.955932e-02;7.938766e-03;5.153592e-02;1.612544e-02;1.865989e-02;1.554397e-01;7.384647e-02;1.298850e-02;1.610249e-02;1.233689e-02
2.185263e-01;3.337909e-01;9.558032e-02;8.697900e-03;5.268239e-02;1.930346e-02;1.919982e-02;1.423548e-01;7.335062e-02;8.569129e-03;1.357703e-02;1.436736e-02
1.891511e-01;3.979135e-01;1.093710e-01;1.006759e-02;4.298120e-02;1.562532e-02;2.061759e-02;1.269167e-01;5.911084e-02;4.116446e-03;9.965459e-03;1.416320e-02
1.482803e-01;4.460228e-01;1.405337e-01;7.394607e-03;3.078582e-02;1.526281e-02;2.340003e-02;8.556383e-02;7.993755e-02;6.865583e-03;6.651679e-03;9.301317e-03
1.124825e-01;4.275461e-01;1.423352e-01;1.477299e-02;3.801598e-02;2.036755e-02;3.435994e-02;8.224854e-02;1.002094e-01;8.877301e-03;9.611772e-03;9.172688e-03
7.977066e-02;3.737357e-01;1.518710e-01;1.324505e-02;4.543152e-02;3.034272e-02;3.714947e-02;1.285540e-01;1.153541e-01;4.373407e-03;1.201641e-02;8.155997e-03
6.827030e-02;3.432249e-01;1.158401e-01;1.601761e-02;3.776589e-02;9.508374e-02;3.281421e-02;1.304526e-01;1.353974e-01;7.546591e-03;7.731261e-03;9.855394e-03
5.068466e-02;3.193469e-01;1.395113e-01;1.167142e-02;2.748394e-02;1.630475e-01;3.466412e-02;8.715303e-02;1.335129e-01;1.970768e-02;8.172459e-03;5.044047e-03
4.301612e-02;3.270883e-01;1.861172e-01;1.438046e-02;1.735513e-02;1.689171e-01;3.553221e-02;6.405943e-02;1.164344e-01;1.603257e-02;5.648870e-03;5.418188e-03
5.343396e-02;3.259935e-01;2.109578e-01;1.540544e-02;3.394365e-02;1.357752e-01;2.179470e-02;5.570069e-02;1.079877e-01;2.239987e-02;1.025407e-02;6.353428e-03
8.163630e-02;2.823593e-01;2.238559e-01;1.353491e-02;4.330076e-02;1.107760e-01;2.677836e-02;7.072714e-02;9.784620e-02;1.849795e-02;1.548277e-02;1.520446e-02
9.401498e-02;3.321015e-01;2.977051e-01;1.453354e-02;2.978620e-02;7.015467e-02;1.563828e-02;5.236768e-02;5.166168e-02;1.284666e-02;1.334716e-02;1.584251e-02
6.952977e-02;4.192767e-01;3.145915e-01;2.076285e-02;1.877909e-02;4.692593e-02;1.405366e-02;3.350591e-02;3.480031e-02;1.148836e-02;7.239477e-03;9.046487e-03
6.177325e-02;4.506104e-01;2.932841e-01;2.446629e-02;2.164879e-02;3.150055e-02;1.615605e-02;3.377393e-02;3.790841e-02;1.348610e-02;9.208629e-03;6.183529e-03
5.947901e-02;4.176030e-01;2.985055e-01;2.165179e-02;1.375802e-02;3.976684e-02;2.339698e-02;3.540828e-02;5.091450e-02;1.900965e-02;1.158968e-02;8.916676e-03
5.755774e-02;4.046476e-01;2.804890e-01;2.412027e-02;1.729761e-02;5.751779e-02;2.155289e-02;3.090302e-02;6.297282e-02;1.870572e-02;1.456809e-02;9.667514e-03
4.365838e-02;3.821185e-01;3.210809e-01;2.513210e-02;2.429900e-02;4.319077e-02;9.194597e-03;5.484751e-02;4.793527e-02;2.188891e-02;1.660747e-02;1.004661e-02
3.955833e-02;3.256625e-01;3.032930e-01;3.389404e-02;2.039884e-02;7.081780e-02;1.518671e-02;6.119517e-02;7.346871e-02;2.577283e-02;1.595960e-02;1.479249e-02
4.655069e-02;3.645637e-01;2.591749e-01;2.635342e-02;2.897410e-02;6.364919e-02;1.326612e-02;5.818058e-02;1.016041e-01;1.432815e-02;1.006076e-02;1.329424e-02
4.998472e-02;4.234809e-01;2.377445e-01;2.104889e-02;3.141479e-02;3.466650e-02;7.288785e-03;4.115423e-02;1.240408e-01;1.631924e-02;4.332660e-03;8.524001e-03
4.924305e-02;4.471068e-01;2.358016e-01;1.308860e-02;2.408348e-02;2.934269e-02;1.014856e-02;4.074826e-02;1.327483e-01;7.799946e-03;4.908380e-03;4.980304e-03
4.388498e-02;3.547276e-01;1.974059e-01;3.394045e-02;2.676559e-02;7.900687e-02;2.368658e-02;4.687062e-02;1.137534e-01;2.457728e-02;3.090760e-02;2.447317e-02
5.854141e-02;1.550544e-01;1.957301e-01;6.531443e-02;5.022303e-02;1.106722e-01;3.209274e-02;7.979581e-02;8.449310e-02;5.060312e-02;6.760933e-02;4.987032e-02
5.187946e-02;1.527056e-01;2.436797e-01;6.979653e-02;4.813793e-02;7.946351e-02;3.590500e-02;7.524846e-02;5.888810e-02;7.201824e-02;6.991701e-02;4.236056e-02
3.845794e-02;1.951790e-01;3.299575e-01;6.279458e-02;3.681811e-02;4.332143e-02;4.230152e-02;5.778367e-02;4.622957e-02;8.248033e-02;4.566917e-02;1.900712e-02
2.396107e-02;2.073115e-01;4.246547e-01;4.648478e-02;2.355072e-02;5.738702e-02;4.426632e-02;3.511404e-02;3.852354e-02;7.916562e-02;1.519295e-02;4.387675e-03
2.600684e-02;2.572878e-01;4.518167e-01;2.664091e-02;1.285418e-02;4.179831e-02;3.898579e-02;2.308708e-02;2.793184e-02;7.115546e-02;1.546130e-02;6.973787e-03
3.161614e-02;2.750874e-01;4.398036e-01;2.817303e-02;1.164548e-02;5.062734e-02;3.209648e-02;2.900587e-02;2.680389e-02;4.685885e-02;2.056874e-02;7.713155e-03
2.747478e-02;2.690857e-01;4.290300e-01;3.872132e-02;2.302774e-02;2.829257e-02;3.066481e-02;3.622106e-02;3.308960e-02;5.228101e-02;1.496173e-02;1.714960e-02
4.702130e-02;1.807716e-01;2.926072e-01;5.372255e-02;5.566010e-02;6.102902e-02;3.637988e-02;3.933121e-02;5.270697e-02;1.029222e-01;3.420404e-02;4.364387e-02
5.181938e-02;1.411846e-01;2.034880e-01;8.111347e-02;6.868534e-02;1.058359e-01;4.404303e-02;5.747123e-02;4.525504e-02;1.139450e-01;3.145368e-02;5.570534e-02
3.348880e-02;8.907694e-02;1.636444e-01;8.805333e-02;8.678334e-02;1.656082e-01;5.125310e-02;8.638376e-02;4.462786e-02;6.656931e-02;4.593455e-02;7.857642e-02
2.841650e-02;6.373753e-02;1.317680e-01;8.289265e-02;1.223644e-01;1.858848e-01;4.044642e-02;7.575068e-02;3.292372e-02;2.665112e-02;8.115520e-02;1.280090e-01
1.463295e-02;5.821279e-02;1.212926e-01;1.033785e-01;1.581396e-01;1.729342e-01;2.108250e-02;6.630804e-02;1.790562e-02;1.425052e-02;7.273214e-02;1.791305e-01
4.754060e-03;3.915836e-02;7.907119e-02;1.496712e-01;1.701885e-01;1.289836e-01;1.104939e-02;8.837220e-02;1.684490e-02;1.699582e-02;1.255187e-01;1.693920e-01
7.631166e-03;2.962612e-02;6.513055e-02;1.798625e-01;1.434523e-01;1.099449e-01;1.310003e-02;1.036796e-01;1.566836e-02;1.764268e-02;2.016863e-01;1.125755e-01
9.530106e-03;2.901117e-02;6.136081e-02;1.985398e-01;1.282925e-01;1.048776e-01;9.402047e-03;1.050280e-01;1.815562e-02;1.475021e-02;2.580445e-01;6.300769e-02
8.641708e-03;4.326894e-02;6.143525e-02;2.169214e-01;1.070045e-01;1.033019e-01;1.491176e-02;1.059358e-01;1.196413e-02;1.092468e-02;2.692573e-01;4.643265e-02
9.080434e-03;7.080700e-02;1.378119e-01;2.141035e-01;8.125437e-02;8.358178e-02;1.763036e-02;8.831259e-02;8.980108e-03;7.116589e-03;2.460256e-01;3.529574e-02
1.134417e-02;9.334847e-02;2.021335e-01;1.699158e-01;6.277142e-02;9.975568e-02;2.828307e-02;7.276174e-02;2.048946e-02;2.856636e-02;1.885091e-01;2.212121e-02
1.382928e-02;1.162127e-01;2.803123e-01;1.007947e-01;5.806831e-02;1.143127e-01;3.791228e-02;5.868656e-02;3.047133e-02;3.537458e-02;1.294276e-01;2.459761e-02
1.390134e-02;1.237834e-01;3.663147e-01;7.425188e-02;4.509599e-02;1.334007e-01;3.114915e-02;4.231474e-02;2.322855e-02;3.196992e-02;9.721281e-02;1.737678e-02
2.851937e-02;1.111162e-01;2.804173e-01;1.287882e-01;3.464344e-02;1.129130e-01;4.199854e-02;4.230274e-02;2.778297e-02;2.969293e-02;1.407499e-01;2.107543e-02
3.872081e-02;5.780953e-02;1.549482e-01;1.690097e-01;8.197885e-02;1.310315e-01;4.945103e-02;5.719775e-02;3.227428e-02;4.146448e-02;1.605798e-01;2.553407e-02
2.648925e-02;5.649506e-02;1.487911e-01;2.229168e-01;9.340035e-02;9.733834e-02;3.633440e-02;7.735669e-02;2.116631e-02;3.292678e-02;1.723808e-01;1.440405e-02
1.256692e-02;5.433602e-02;1.712632e-01;2.586376e-01;8.954372e-02;8.334193e-02;1.946073e-02;8.092595e-02;1.091505e-02;1.536521e-02;1.970418e-01;6.601939e-03
1.108906e-02;6.061140e-02;1.869224e-01;2.594494e-01;8.686272e-02;7.803221e-02;1.061061e-02;7.576502e-02;1.027711e-02;1.083454e-02;1.943198e-01;1.522576e-02
9.333248e-03;8.073235e-02;2.490646e-01;2.219577e-01;7.148324e-02;7.167049e-02;1.551013e-02;8.352103e-02;1.482609e-02;9.672971e-03;1.522844e-01;1.994380e-02
2.164136e-02;1.161650e-01;3.656504e-01;1.706972e-01;3.986347e-02;3.737279e-02;1.835555e-02;7.733546e-02;1.484267e-02;2.132007e-02;1.061371e-01;1.061882e-02
2.680959e-02;1.766905e-01;3.779864e-01;1.377130e-01;4.030144e-02;3.331038e-02;2.238374e-02;4.100386e-02;1.647032e-02;3.758642e-02;7.970242e-02;1.004183e-02
2.183609e-02;2.394515e-01;3.609965e-01;1.121524e-01;3.031283e-02;5.624123e-02;1.791855e-02;2.359911e-02;2.269147e-02;2.334088e-02;7.796624e-02;1.349318e-02
2.755143e-02;2.487801e-01;3.511603e-01;8.220223e-02;3.452943e-02;8.451212e-02;2.542253e-02;2.845210e-02;2.812886e-02;1.439326e-02;5.883159e-02;1.603599e-02
2.619304e-02;1.931352e-01;3.175886e-01;5.837961e-02;6.467988e-02;1.178141e-01;4.930308e-02;2.361047e-02;2.518655e-02;3.921356e-02;6.411863e-02;2.077724e-02
1.792917e-02;1.016758e-01;2.388787e-01;1.325685e-01;9.537415e-02;1.186264e-01;4.711980e-02;4.965005e-02;1.029205e-02;2.809572e-02;1.325142e-01;2.727539e-02
9.728407e-03;7.381798e-02;1.674586e-01;1.946811e-01;1.099678e-01;1.154955e-01;3.083558e-02;7.255301e-02;5.425582e-03;9.625103e-03;1.779494e-01;3.246199e-02
6.863113e-03;7.259277e-02;1.149732e-01;2.394239e-01;9.817224e-02;8.476358e-02;2.308816e-02;8.680943e-02;5.641609e-03;8.428230e-03;2.303974e-01;2.884626e-02
1.067519e-02;7.394873e-02;6.569654e-02;2.668517e-01;7.680815e-02;5.491928e-02;2.114223e-02;9.791559e-02;8.326193e-03;1.085481e-02;2.946104e-01;1.825122e-02
1.316597e-02;8.647775e-02;8.099044e-02;2.609139e-01;5.210938e-02;5.744876e-02;1.365298e-02;8.555480e-02;8.263979e-03;1.784527e-02;3.125871e-01;1.098963e-02
7.395276e-03;8.047582e-02;9.790123e-02;2.841819e-01;3.009471e-02;4.872891e-02;1.258841e-02;7.148252e-02;3.600706e-03;1.142228e-02;3.322258e-01;1.990253e-02
4.909265e-03;7.134927e-02;9.919746e-02;3.045339e-01;3.551880e-02;4.737388e-02;1.221170e-02;6.193176e-02;6.314320e-03;1.117166e-02;3.288671e-01;1.662086e-02
7.034229e-03;6.133322e-02;1.390458e-01;3.038802e-01;3.115392e-02;4.676948e-02;8.312598e-03;5.106717e-02;1.162453e-02;1.655931e-02;3.075834e-01;1.563618e-02
8.007416e-03;5.750845e-02;1.582511e-01;3.118294e-01;2.858307e-02;3.802046e-02;7.235970e-03;4.669717e-02;1.257991e-02;1.411941e-02;3.094264e-01;7.741103e-03
7.638640e-03;5.665145e-02;1.530547e-01;3.010841e-01;3.605643e-02;3.238716e-02;1.146884e-02;4.825654e-02;1.282717e-02;1.491690e-02;3.127553e-01;1.290271e-02
1.149062e-02;4.737447e-02;1.311351e-01;3.027335e-01;3.523464e-02;3.703003e-02;1.381595e-02;5.170332e-02;1.443715e-02;1.519937e-02;3.262688e-01;1.357709e-02
1.442387e-02;3.293925e-02;1.633773e-01;2.983765e-01;3.270514e-02;5.777285e-02;1.275675e-02;5.006012e-02;1.589624e-02;1.693268e-02;2.920889e-01;1.267047e-02
2.675644e-02;6.395855e-02;2.417066e-01;2.276040e-01;5.171518e-02;8.566044e-02;9.024191e-03;4.899581e-02;1.784884e-02;2.571085e-02;1.846806e-01;1.633848e-02
3.677670e-02;1.266493e-01;3.195945e-01;1.197461e-01;6.242526e-02;1.021954e-01;5.628061e-03;6.118184e-02;2.667952e-02;2.845036e-02;8.787549e-02;2.279753e-02
2.357827e-02;1.413365e-01;3.804715e-01;6.094615e-02;7.063635e-02;9.768592e-02;1.416210e-02;5.576953e-02;3.145555e-02;2.458230e-02;7.206430e-02;2.731147e-02
1.065166e-02;1.409447e-01;4.034086e-01;1.183473e-01;6.900959e-02;5.003151e-02;2.674618e-02;2.249844e-02;1.897865e-02;1.921801e-02;9.938898e-02;2.077631e-02
1.249139e-02;1.477577e-01;3.951919e-01;1.025507e-01;5.422981e-02;5.999780e-02;4.146393e-02;1.863564e-02;1.327612e-02;2.011206e-02;1.202149e-01;1.407801e-02
1.318700e-02;1.666318e-01;4.251723e-01;7.313509e-02;3.654628e-02;4.116979e-02;4.144808e-02;2.378718e-02;9.668487e-03;2.881970e-02;1.316848e-01;8.749467e-03
1.269337e-02;1.887152e-01;4.705411e-01;7.345890e-02;2.556322e-02;1.153552e-02;3.464483e-02;2.631153e-02;7.164980e-03;3.586532e-02;1.064789e-01;7.027132e-03
1.273186e-02;1.889507e-01;4.849657e-01;6.769136e-02;2.528444e-02;3.255148e-02;2.866267e-02;2.172872e-02;7.285431e-03;4.090566e-02;7.690684e-02;1.233511e-02
1.450385e-02;2.000811e-01;4.866395e-01;6.069902e-02;1.939232e-02;3.057753e-02;3.009987e-02;1.840643e-02;1.368118e-02;4.702634e-02;6.544647e-02;1.344649e-02
1.650209e-02;2.072319e-01;4.872815e-01;5.957760e-02;1.827404e-02;1.553096e-02;3.251665e-02;2.154148e-02;2.388796e-02;4.873401e-02;5.663903e-02;1.228284e-02
1.558791e-02;1.914191e-01;4.648563e-01;6.827863e-02;1.553880e-02;3.106020e-02;3.405461e-02;2.435024e-02;3.270151e-02;5.476081e-02;5.870915e-02;8.682724e-03
1.333712e-02;1.853051e-01;4.791732e-01;7.624065e-02;1.111252e-02;2.995601e-02;3.573281e-02;2.031110e-02;1.868328e-02;6.566147e-02;5.939469e-02;5.092038e-03
1.141406e-02;1.809493e-01;4.924909e-01;6.777945e-02;1.346425e-02;2.774666e-02;4.433181e-02;1.724325e-02;8.540569e-03;7.299735e-02;5.549944e-02;7.543008e-03
1.043984e-02;1.756370e-01;4.931498e-01;3.781619e-02;1.719202e-02;4.046915e-02;5.553843e-02;1.387829e-02;8.808736e-03;7.634249e-02;6.327805e-02;7.450045e-03
1.200754e-02;1.478506e-01;4.801615e-01;7.984058e-02;2.271963e-02;2.459008e-02;6.311295e-02;1.669374e-02;1.308413e-02;6.906058e-02;6.420838e-02;6.670332e-03
1.420841e-02;1.218096e-01;4.599995e-01;1.163255e-01;2.519662e-02;3.127583e-02;6.235300e-02;2.177829e-02;1.469120e-02;5.812272e-02;7.029675e-02;3.942573e-03
1.257775e-02;8.831763e-02;4.161233e-01;1.252834e-01;3.982722e-02;7.039733e-02;4.170705e-02;2.871594e-02;2.412693e-02;5.605664e-02;9.073804e-02;6.128761e-03
1.075870e-02;1.145782e-01;3.640800e-01;1.137609e-01;5.605007e-02;9.297122e-02;3.793232e-02;4.031768e-02;3.082296e-02;5.992753e-02;6.939551e-02;9.404762e-03
1.697083e-02;1.374982e-01;3.543145e-01;9.723575e-02;4.639938e-02;8.879104e-02;5.266811e-02;4.775141e-02;2.847895e-02;7.630254e-02;4.097645e-02;1.261287e-02
4.313881e-02;1.451094e-01;3.785245e-01;8.013482e-02;3.545332e-02;3.704121e-02;7.494733e-02;3.814114e-02;1.914001e-02;9.356043e-02;4.254130e-02;1.226772e-02
8.439750e-02;1.285302e-01;3.217885e-01;7.938258e-02;4.048085e-02;4.213540e-02;9.286769e-02;4.693282e-02;2.032869e-02;9.979098e-02;3.601117e-02;7.353714e-03
9.966315e-02;7.519595e-02;3.215483e-01;1.479042e-01;4.924892e-02;1.843541e-02;7.279928e-02;3.636737e-02;2.064160e-02;1.029791e-01;4.770225e-02;7.514461e-03
7.531156e-02;5.695996e-02;3.484064e-01;2.250051e-01;5.377793e-02;2.476677e-02;3.362178e-02;2.424913e-02;1.363072e-02;8.427271e-02;5.449110e-02;5.506848e-03
4.737166e-02;5.364991e-02;4.076048e-01;2.432491e-01;5.323792e-02;2.607631e-02;1.595622e-02;1.828684e-02;1.331569e-02;7.525080e-02;4.299097e-02;3.009775e-03
3.696433e-02;9.959031e-02;4.737390e-01;1.691273e-01;3.130926e-02;2.600280e-02;1.746276e-02;1.487425e-02;1.729557e-02;7.074509e-02;3.959249e-02;3.296763e-03
2.853488e-02;1.203125e-01;5.037365e-01;1.253078e-01;1.773250e-02;3.236303e-02;1.928074e-02;1.709608e-02;1.679432e-02;5.055695e-02;6.447178e-02;3.812882e-03
1.252112e-02;1.187570e-01;4.800568e-01;1.470605e-01;2.676287e-02;5.819098e-02;1.774594e-02;1.925375e-02;1.367008e-02;2.881224e-02;7.318464e-02;3.984101e-03
9.934818e-03;1.298864e-01;4.988936e-01;1.557938e-01;2.733724e-02;6.613275e-02;1.572065e-02;1.438339e-02;1.162233e-02;8.274801e-03;5.366367e-02;8.356492e-03
1.695204e-02;1.714406e-01;5.294410e-01;1.125020e-01;3.344692e-02;5.173177e-02;1.827622e-02;1.191258e-02;1.038093e-02;1.420023e-02;2.382609e-02;5.889634e-03
2.417144e-02;2.299727e-01;5.258304e-01;6.216304e-02;3.658113e-02;3.718768e-02;2.005350e-02;1.775321e-02;1.111595e-02;1.733550e-02;1.120670e-02;6.628710e-03
3.109326e-02;2.960918e-01;4.286530e-01;5.505970e-02;2.862234e-02;5.532132e-02;1.839574e-02;2.681106e-02;2.064884e-02;1.038588e-02;1.626106e-02;1.265605e-02
3.869372e-02;3.260704e-01;3.308254e-01;8.091418e-02;1.072368e-02;7.837655e-02;1.624118e-02;2.715511e-02;2.796605e-02;2.111895e-02;2.716100e-02;1.475379e-02
4.360858e-02;3.556027e-01;3.119548e-01;8.754560e-02;1.495034e-02;4.834476e-02;1.721637e-02;2.740463e-02;2.726133e-02;1.677057e-02;3.610102e-02;1.323933e-02
3.140758e-02;3.187624e-01;4.168683e-01;7.537225e-02;2.193093e-02;2.046124e-02;1.800676e-02;1.704124e-02;2.039941e-02;2.005976e-02;2.801373e-02;1.167641e-02
2.096153e-02;2.546502e-01;5.039180e-01;5.619083e-02;1.965421e-02;2.936543e-02;2.198124e-02;1.430130e-02;1.746408e-02;2.666475e-02;2.608040e-02;8.768053e-03
1.949954e-02;2.309761e-01;5.112352e-01;4.842379e-02;1.673459e-02;3.417943e-02;2.817577e-02;1.082658e-02;1.812577e-02;4.009258e-02;3.500302e-02;6.727724e-03
2.049763e-02;2.339008e-01;4.712499e-01;6.954140e-02;1.833118e-02;4.230433e-02;3.314781e-02;1.556325e-02;1.488245e-02;4.522578e-02;3.047312e-02;4.882310e-03
2.838945e-02;2.918199e-01;3.852604e-01;1.005648e-01;2.779658e-02;4.428527e-02;2.420660e-02;2.547525e-02;1.295614e-02;3.911521e-02;1.335350e-02;6.776866e-03
3.274010e-02;2.828451e-01;3.866127e-01;1.044937e-01;2.432999e-02;4.467361e-02;1.487037e-02;3.486915e-02;1.820936e-02;2.978353e-02;1.095260e-02;1.561981e-02
3.622166e-02;2.643680e-01;3.877451e-01;1.032098e-01;2.747547e-02;3.329250e-02;1.853697e-02;3.420022e-02;2.802079e-02;3.223647e-02;2.089378e-02;1.379919e-02
2.702611e-02;2.447048e-01;3.973020e-01;8.272560e-02;2.815280e-02;5.047536e-02;2.153960e-02;3.745655e-02;2.450388e-02;4.101693e-02;3.969507e-02;5.401376e-03
2.739395e-02;2.198465e-01;4.322334e-01;9.166944e-02;2.733396e-02;3.341427e-02;1.950346e-02;3.307324e-02;1.407833e-02;3.522990e-02;5.711636e-02;9.107197e-03
3.380155e-02;2.156963e-01;4.164856e-01;1.319198e-01;3.496553e-02;3.876889e-02;6.372274e-03;2.975018e-02;1.612187e-02;2.666153e-02;3.409127e-02;1.536525e-02
2.205683e-02;1.995016e-01;4.018808e-01;1.182766e-01;4.447908e-02;5.041458e-02;1.902863e-02;3.435332e-02;2.155789e-02;2.950366e-02;4.376905e-02;1.517798e-02
2.096358e-02;1.787411e-01;3.904882e-01;7.846788e-02;4.935092e-02;7.510798e-02;2.362884e-02;4.833395e-02;3.732163e-02;3.944464e-02;3.889839e-02;1.925282e-02
3.171582e-02;1.751867e-01;3.753175e-01;4.496349e-02;4.642716e-02;7.557548e-02;3.746325e-02;6.685434e-02;5.080832e-02;3.190253e-02;2.791013e-02;3.587526e-02
4.492027e-02;1.839871e-01;3.408969e-01;3.357785e-02;4.243959e-02;6.528992e-02;4.250510e-02;6.415603e-02;4.688065e-02;5.047708e-02;5.729520e-02;2.757427e-02
6.549688e-02;1.444663e-01;2.957348e-01;3.891933e-02;4.855297e-02;1.182562e-01;3.783685e-02;8.138898e-02;3.929838e-02;3.544565e-02;6.819351e-02;2.641009e-02
6.029071e-02;7.630964e-02;2.214650e-01;6.127306e-02;3.415534e-02;2.748282e-01;1.813540e-02;9.518217e-02;4.004056e-02;2.780907e-02;4.666425e-02;4.384665e-02
3.116548e-02;1.118749e-01;2.450447e-01;7.434057e-02;4.198630e-02;2.874083e-01;1.062554e-02;9.699830e-02;2.905438e-02;1.665825e-02;2.385989e-02;3.098333e-02
1.821476e-02;1.217445e-01;3.049503e-01;1.003983e-01;4.377575e-02;2.327679e-01;5.079134e-03;6.914173e-02;2.173754e-02;8.060132e-03;5.493414e-02;1.919584e-02
1.207435e-02;1.051302e-01;3.653248e-01;1.309683e-01;4.589052e-02;1.598431e-01;5.999158e-03;6.321970e-02;2.412135e-02;8.765510e-03;7.238118e-02;6.281661e-03
5.748832e-03;8.754764e-02;3.684317e-01;1.367747e-01;4.273793e-02;1.716088e-01;6.010250e-03;6.811135e-02;2.349987e-02;9.341295e-03;7.513144e-02;5.056102e-03
6.175579e-03;9.759136e-02;3.806173e-01;1.407496e-01;4.158020e-02;1.469929e-01;4.935081e-03;5.913700e-02;2.056161e-02;1.299500e-02;8.208294e-02;6.581449e-03
5.166779e-03;7.287391e-02;3.556323e-01;1.463756e-01;4.129274e-02;1.611552e-01;7.156721e-03;7.087711e-02;2.205914e-02;1.183306e-02;1.000779e-01;5.499551e-03
5.449464e-03;8.510356e-02;3.583819e-01;1.317156e-01;3.733274e-02;1.588829e-01;1.022826e-02;7.285815e-02;2.477140e-02;1.142534e-02;9.783659e-02;6.014077e-03
8.304885e-03;1.229109e-01;4.162466e-01;9.749653e-02;3.121331e-02;1.489156e-01;1.240747e-02;4.103876e-02;2.003142e-02;1.570779e-02;8.123244e-02;4.494319e-03
1.358092e-02;1.536831e-01;4.831618e-01;6.090475e-02;2.396580e-02;9.069841e-02;2.119118e-02;2.991285e-02;2.711733e-02;2.939687e-02;6.084508e-02;5.541888e-03
2.132190e-02;2.016200e-01;5.373325e-01;4.396566e-02;1.687672e-02;3.369895e-02;2.806170e-02;2.121480e-02;2.373126e-02;2.835545e-02;3.742259e-02;6.398425e-03
2.337008e-02;2.335407e-01;5.340904e-01;5.189024e-02;2.412288e-02;3.358535e-02;2.222301e-02;2.525148e-02;1.465805e-02;2.211496e-02;8.890057e-03;6.262809e-03
2.144587e-02;2.422204e-01;5.366812e-01;4.619998e-02;2.070365e-02;4.044167e-02;1.080674e-02;2.608195e-02;1.134982e-02;2.205933e-02;1.481963e-02;7.189645e-03
2.052002e-02;2.495526e-01;5.416917e-01;4.254581e-02;2.100261e-02;3.207052e-02;7.400967e-03;2.393504e-02;1.546906e-02;2.361142e-02;1.690959e-02;5.290646e-03
2.177148e-02;2.304979e-01;5.258475e-01;4.266342e-02;3.575211e-02;1.199391e-02;1.339347e-02;3.180678e-02;3.061326e-02;3.497689e-02;1.456181e-02;6.121463e-03
2.437295e-02;1.998669e-01;4.704366e-01;6.093184e-02;3.588099e-02;2.489240e-02;2.448483e-02;4.423156e-02;5.216642e-02;4.121036e-02;1.362155e-02;7.903583e-03
1.932378e-02;1.445804e-01;4.166776e-01;1.352818e-01;2.028158e-02;6.292498e-02;2.327158e-02;4.733207e-02;6.505698e-02;2.503497e-02;3.381034e-02;6.423944e-03
1.612803e-02;7.762421e-02;3.179815e-01;2.261145e-01;2.587321e-02;1.341049e-01;1.336989e-02;4.165939e-02;5.386565e-02;1.058457e-02;7.497756e-02;7.716580e-03
1.555912e-02;1.050517e-01;2.875170e-01;2.137989e-01;2.492788e-02;1.582939e-01;1.579093e-02;3.601136e-02;3.515474e-02;1.933454e-02;8.282800e-02;5.732012e-03
1.753193e-02;1.561037e-01;3.450313e-01;1.320107e-01;3.116070e-02;1.171140e-01;3.740545e-02;2.915790e-02;3.726300e-02;3.188401e-02;6.213714e-02;3.200214e-03
2.072195e-02;2.142824e-01;3.336444e-01;6.561264e-02;3.172322e-02;8.751012e-02;4.845502e-02;5.733850e-02;4.013700e-02;5.573530e-02;3.671785e-02;8.121558e-03
2.992278e-02;2.920000e-01;3.202855e-01;5.123176e-02;1.987428e-02;6.665026e-02;4.543421e-02;6.115331e-02;3.600862e-02;5.166018e-02;1.454961e-02;1.122947e-02
4.143362e-02;3.185726e-01;3.471395e-01;4.852862e-02;2.628648e-02;3.837680e-02;2.998939e-02;4.785154e-02;4.787887e-02;2.918175e-02;1.707976e-02;7.681094e-03
3.455724e-02;2.926144e-01;3.241712e-01;6.069969e-02;2.823654e-02;2.544219e-02;3.827362e-02;4.376585e-02;8.307528e-02;3.891765e-02;2.557251e-02;4.673865e-03
2.394595e-02;2.501292e-01;3.628438e-01;7.026110e-02;2.023827e-02;3.735083e-02;3.282401e-02;4.552740e-02;7.450835e-02;5.322889e-02;2.535559e-02;3.786622e-03
2.140914e-02;2.049675e-01;3.988828e-01;9.261229e-02;3.617050e-02;6.714132e-02;3.151731e-02;2.752959e-02;5.549984e-02;3.082753e-02;2.756134e-02;5.880762e-03
2.005103e-02;1.643946e-01;3.292822e-01;1.176175e-01;7.538082e-02;1.389003e-01;2.191353e-02;3.625749e-02;3.452054e-02;1.406711e-02;3.610609e-02;1.150888e-02
1.668954e-02;1.428533e-01;2.385958e-01;1.211541e-01;1.429271e-01;1.919337e-01;1.508753e-02;3.765491e-02;1.862703e-02;1.397364e-02;4.093495e-02;1.956847e-02
1.130216e-02;9.915432e-02;1.267923e-01;1.280345e-01;2.343439e-01;2.382107e-01;2.025541e-02;4.087644e-02;1.265018e-02;1.285532e-02;4.016292e-02;3.536175e-02
9.012746e-03;5.161894e-02;6.268656e-02;1.906641e-01;2.742894e-01;2.160995e-01;1.879503e-02;5.382513e-02;1.248226e-02;1.056275e-02;5.224944e-02;4.771422e-02
5.503857e-03;4.597919e-02;1.156106e-01;2.422132e-01;2.314856e-01;1.494320e-01;1.569499e-02;5.018324e-02;9.457044e-03;8.186720e-03;8.751599e-02;3.873755e-02
7.990991e-03;4.031479e-02;1.361963e-01;2.949484e-01;1.851836e-01;1.169087e-01;1.268822e-02;3.067397e-02;6.802606e-03;7.029420e-03;1.248346e-01;3.642834e-02
7.711774e-03;2.357068e-02;1.204293e-01;3.233821e-01;1.800888e-01;1.343920e-01;1.843855e-02;2.032508e-02;7.068719e-03;8.343124e-03;1.261150e-01;3.013479e-02
3.260285e-02;5.218700e-02;1.168508e-01;2.882317e-01;1.722486e-01;1.464668e-01;2.951525e-02;3.106369e-02;2.053213e-02;9.732837e-03;6.977058e-02;3.079773e-02
8.372584e-02;1.094500e-01;1.500127e-01;1.417905e-01;7.940780e-02;1.284769e-01;5.370883e-02;7.131401e-02;4.665811e-02;3.554811e-02;4.625364e-02;5.365342e-02
9.488019e-02;1.185966e-01;1.212815e-01;1.016629e-01;5.703196e-02;1.074199e-01;6.700346e-02;9.371059e-02;5.889599e-02;4.863468e-02;5.381889e-02;7.706336e-02
9.658007e-02;8.894400e-02;1.201476e-01;8.207875e-02;5.685624e-02;1.315934e-01;6.381017e-02;1.024329e-01;7.048991e-02;6.987418e-02;6.519265e-02;5.200028e-02
1.079259e-01;9.538358e-02;1.296486e-01;5.742977e-02;3.377168e-02;1.026785e-01;5.249976e-02;8.141834e-02;6.865011e-02;9.142722e-02;1.004837e-01;7.868285e-02
8.601315e-02;1.378752e-01;1.708630e-01;4.355649e-02;2.862888e-02;1.093113e-01;7.931378e-02;4.430707e-02;5.649783e-02;7.981325e-02;7.749781e-02;8.632224e-02
1.727362e-02;1.458328e-01;2.008516e-01;6.846225e-02;4.777142e-02;1.786457e-01;8.134408e-02;9.680828e-02;5.251071e-02;4.512857e-02;3.011914e-02;3.525183e-02
3.028517e-02;1.086430e-01;2.108467e-01;1.138086e-01;1.139676e-01;1.895590e-01;5.395978e-02;6.690697e-02;3.454750e-02;2.906393e-02;2.864711e-02;1.976461e-02
1.727294e-02;1.136776e-01;3.240227e-01;1.667164e-01;1.111134e-01;9.108506e-02;2.286091e-02;2.360146e-02;1.911117e-02;1.100780e-02;6.836439e-02;3.116626e-02
1.510358e-02;1.454594e-01;2.973510e-01;2.119009e-01;1.063785e-01;7.276401e-02;1.446549e-02;2.590709e-02;1.214451e-02;5.044099e-03;7.392365e-02;1.955777e-02
1.531697e-02;1.440280e-01;2.217616e-01;2.392769e-01;1.859703e-01;6.343646e-02;1.346509e-02;2.897010e-02;9.995121e-03;9.353220e-03;6.091759e-02;7.508574e-03
1.308911e-02;1.355675e-01;1.761253e-01;2.651749e-01;2.288897e-01;4.436668e-02;1.169956e-02;3.982173e-02;1.201974e-02;1.372654e-02;5.366558e-02;5.853727e-03
2.388262e-02;1.173150e-01;1.968361e-01;2.190136e-01;1.501570e-01;6.447969e-02;5.164440e-02;6.702511e-02;3.834974e-02;2.559381e-02;2.348032e-02;2.222265e-02
3.533929e-02;9.750163e-02;1.659553e-01;1.424616e-01;8.727384e-02;6.234413e-02;9.625726e-02;1.266974e-01;6.106037e-02;5.277057e-02;2.472446e-02;4.761401e-02
5.297081e-02;1.010196e-01;1.124241e-01;8.881646e-02;5.838399e-02;1.535998e-01;5.941673e-02;1.564047e-01;7.100850e-02;5.061323e-02;5.369990e-02;4.164215e-02
5.396011e-02;9.677787e-02;1.307811e-01;6.771637e-02;6.318885e-02;1.689265e-01;8.660886e-02;1.444938e-01;6.449438e-02;3.784637e-02;4.536761e-02;3.983815e-02
5.742567e-02;8.419492e-02;1.362894e-01;5.537394e-02;7.095010e-02;1.609907e-01;9.722731e-02;1.418559e-01;7.019743e-02;4.141323e-02;3.940770e-02;4.467355e-02
5.247945e-02;1.041489e-01;1.379025e-01;4.323525e-02;8.606453e-02;1.234806e-01;9.039971e-02;1.312929e-01;9.558172e-02;4.020201e-02;4.760634e-02;4.760603e-02
3.745204e-02;1.860198e-01;1.482186e-01;2.813527e-02;7.217376e-02;1.097049e-01;5.890037e-02;1.036714e-01;1.151034e-01;3.213930e-02;5.886885e-02;4.961236e-02
3.172053e-02;3.020857e-01;2.213866e-01;2.578569e-02;3.460871e-02;8.733372e-02;2.691589e-02;8.317524e-02;1.070471e-01;1.525799e-02;3.517572e-02;2.950697e-02
3.287000e-02;3.901768e-01;2.809721e-01;2.127388e-02;2.739088e-02;4.743291e-02;1.151100e-02;4.374908e-02;9.069952e-02;1.950645e-02;1.780636e-02;1.661110e-02
3.051284e-02;4.098352e-01;3.208400e-01;1.481968e-02;1.890100e-02;4.027081e-02;6.336022e-03;1.485884e-02;8.413077e-02;2.909919e-02;2.142261e-02;8.973082e-03
2.963850e-02;3.993493e-01;3.533593e-01;2.327919e-02;1.013622e-02;3.063140e-02;3.427160e-03;1.239579e-02;7.798798e-02;3.613841e-02;1.820247e-02;5.454317e-03
2.665841e-02;3.812905e-01;3.505732e-01;2.552637e-02;2.051120e-02;3.447005e-02;3.839338e-03;1.780147e-02;8.121974e-02;3.619974e-02;1.724438e-02;4.665611e-03
2.847994e-02;3.875439e-01;3.281347e-01;3.132818e-02;2.323413e-02;3.314904e-02;6.733353e-03;1.767518e-02;8.949401e-02;3.312872e-02;1.741414e-02;3.684756e-03
3.558920e-02;4.253428e-01;2.989418e-01;2.609361e-02;2.101854e-02;3.151911e-02;1.043660e-02;2.571417e-02;9.688997e-02;1.289473e-02;7.212839e-03;8.346672e-03
4.487492e-02;4.479807e-01;2.570374e-01;2.483290e-02;1.519896e-02;1.701459e-02;1.450370e-02;4.460608e-02;1.044986e-01;1.412455e-02;7.363987e-03;7.963544e-03
6.528746e-02;3.797956e-01;1.969427e-01;2.913689e-02;1.537452e-02;1.607474e-02;1.962481e-02;9.803397e-02;1.194480e-01;1.889531e-02;2.087479e-02;2.051111e-02
8.234560e-02;2.723012e-01;1.676184e-01;4.335600e-02;3.257333e-02;3.387619e-02;2.581172e-02;1.398479e-01;9.644634e-02;3.255573e-02;3.341667e-02;3.985088e-02
5.927555e-02;3.289104e-01;2.761321e-01;4.829187e-02;3.339490e-02;3.438193e-02;2.220107e-02;6.340193e-02;4.143446e-02;2.216406e-02;2.831360e-02;4.209808e-02
4.670271e-02;3.264737e-01;3.107733e-01;5.284341e-02;3.656575e-02;3.160066e-02;1.985489e-02;2.688850e-02;5.632517e-02;1.936370e-02;3.154497e-02;4.106320e-02
3.949619e-02;2.479758e-01;3.025905e-01;5.901875e-02;4.620569e-02;6.253730e-02;1.914184e-02;4.571087e-02;7.966489e-02;2.011070e-02;3.411578e-02;4.343169e-02
5.241564e-02;3.581384e-01;2.265016e-01;5.846659e-02;4.019579e-02;6.156560e-02;1.586401e-02;2.994059e-02;7.424439e-02;2.179718e-02;3.650933e-02;2.436085e-02
6.984133e-02;3.379698e-01;1.332093e-01;6.045435e-02;4.622599e-02;6.296000e-02;2.168534e-02;3.953625e-02;1.109441e-01;3.809343e-02;5.474331e-02;2.433686e-02
7.558335e-02;2.013496e-01;1.217019e-01;3.433919e-02;6.822415e-02;9.628071e-02;6.357354e-02;9.452052e-02;1.073160e-01;4.109017e-02;6.059290e-02;3.542783e-02
8.062616e-02;1.410291e-01;1.043325e-01;3.386461e-02;6.297947e-02;1.162220e-01;8.348224e-02;1.157354e-01;9.934142e-02;5.137982e-02;6.916479e-02;4.184252e-02
8.235577e-02;1.834355e-01;8.733600e-02;3.528540e-02;7.228464e-02;1.023048e-01;8.604463e-02;1.349165e-01;8.022843e-02;4.540482e-02;6.036648e-02;3.003709e-02
5.928169e-02;2.220159e-01;1.941687e-01;3.657654e-02;5.815686e-02;6.741922e-02;4.299373e-02;1.133505e-01;7.984594e-02;4.752356e-02;3.833288e-02;4.033451e-02
6.154741e-02;1.942709e-01;2.201383e-01;4.554882e-02;5.375899e-02;4.425950e-02;3.546280e-02;1.377099e-01;8.608928e-02;5.181089e-02;2.404208e-02;4.536122e-02
5.212184e-02;1.485109e-01;2.250542e-01;6.230336e-02;5.664404e-02;1.059756e-01;2.492886e-02;1.417624e-01;7.564225e-02;4.290997e-02;1.909719e-02;4.504940e-02
6.442735e-02;2.141464e-01;2.045176e-01;7.350472e-02;2.542607e-02;1.010001e-01;3.246314e-02;1.249320e-01;4.623333e-02;3.817737e-02;3.898479e-02;3.618713e-02
5.500577e-02;2.736827e-01;2.271057e-01;3.586674e-02;3.139156e-02;9.358877e-02;4.155659e-02;9.505044e-02;3.295323e-02;3.523117e-02;3.425215e-02;4.431519e-02
4.677755e-02;2.049573e-01;1.652327e-01;4.342289e-02;3.732476e-02;1.113089e-01;9.130705e-02;8.892959e-02;5.444186e-02;4.447724e-02;5.836565e-02;5.345450e-02
4.181311e-02;1.372450e-01;9.792939e-02;6.853701e-02;4.071144e-02;9.745979e-02;1.321959e-01;1.252378e-01;7.530652e-02;4.906994e-02;8.102770e-02;5.346641e-02
