1.209916e-01;5.972599e-02;1.055334e-01;6.773613e-02;7.486498e-02;1.010599e-01;1.112957e-01;3.918064e-02;6.781234e-02;1.060707e-01;9.883691e-02;4.689170e-02
1.974920e-01;8.563704e-02;9.855566e-02;6.086142e-02;4.441758e-02;5.775839e-02;8.988909e-02;5.642144e-02;8.258056e-02;6.606308e-02;1.194839e-01;4.083980e-02
1.891986e-01;5.767453e-02;1.107009e-01;4.941478e-02;7.249889e-02;4.475773e-02;9.790815e-02;5.204815e-02;8.077899e-02;3.554102e-02;1.134199e-01;9.605828e-02
1.597382e-01;7.373086e-02;9.640215e-02;4.964352e-02;9.610583e-02;5.772683e-02;5.659528e-02;3.582417e-02;8.003246e-02;4.814544e-02;1.087484e-01;1.373068e-01
1.627639e-01;6.112458e-02;7.441770e-02;6.239522e-02;8.245967e-02;5.808741e-02;9.215834e-02;5.460257e-02;9.644097e-02;6.775527e-02;7.643380e-02;1.113606e-01
2.283350e-01;5.638186e-02;8.165676e-02;5.356619e-02;4.842108e-02;5.860639e-02;9.525889e-02;6.884561e-02;7.679506e-02;1.193134e-01;5.189640e-02;6.092345e-02
2.580198e-01;7.157712e-02;7.916427e-02;4.674919e-02;4.847405e-02;7.528381e-02;6.350379e-02;4.253596e-02;7.388929e-02;1.181625e-01;4.533967e-02;7.730058e-02
1.999372e-01;8.587760e-02;6.943786e-02;5.043250e-02;6.851368e-02;1.031431e-01;5.596175e-02;2.913135e-02;8.171979e-02;9.452105e-02;5.857152e-02;1.027525e-01
1.294467e-01;1.056538e-01;7.319149e-02;3.862338e-02;1.225291e-01;9.498841e-02;8.185805e-02;4.999226e-02;5.199141e-02;1.068323e-01;6.603874e-02;7.885428e-02
1.466382e-01;1.210353e-01;1.047583e-01;4.068515e-02;1.189107e-01;5.091045e-02;9.236895e-02;3.729894e-02;5.171230e-02;9.574978e-02;1.069900e-01;3.294200e-02
1.362958e-01;1.271377e-01;1.196809e-01;4.680296e-02;8.232210e-02;4.428168e-02;1.094877e-01;5.188139e-02;9.115347e-02;5.654586e-02;8.681935e-02;4.759109e-02
8.131099e-02;1.382152e-01;1.195451e-01;5.572695e-02;5.817175e-02;4.419043e-02;1.183980e-01;7.675287e-02;1.326659e-01;5.815373e-02;3.991286e-02;7.695635e-02
6.998396e-02;5.579535e-02;1.635443e-01;5.875355e-02;7.623977e-02;5.960114e-02;2.284373e-01;3.661787e-02;5.944144e-02;8.602563e-02;5.208382e-02;5.347586e-02
1.039743e-01;9.491396e-02;2.449000e-01;4.481827e-02;5.345863e-02;4.646466e-02;1.400821e-01;2.886962e-02;5.542059e-02;6.806919e-02;6.314018e-02;5.588855e-02
1.461038e-01;1.404437e-01;2.769524e-01;2.725973e-02;3.404563e-02;4.121510e-02;5.822458e-02;2.361361e-02;6.459666e-02;6.332080e-02;6.324884e-02;6.097512e-02
1.357664e-01;1.828692e-01;2.845652e-01;3.048617e-02;2.135922e-02;4.596496e-02;1.330843e-02;2.119468e-02;1.056996e-01;4.610114e-02;4.931084e-02;6.337415e-02
9.314013e-02;2.120737e-01;2.785772e-01;3.505297e-02;1.917202e-02;6.367279e-02;1.693926e-02;2.307329e-02;1.441101e-01;2.843083e-02;2.366327e-02;6.209444e-02
1.179160e-01;2.055356e-01;2.711457e-01;4.196492e-02;3.260382e-02;6.283287e-02;2.421748e-02;3.310208e-02;1.266013e-01;2.390797e-02;1.327269e-02;4.689953e-02
1.790335e-01;1.590460e-01;2.719925e-01;3.964398e-02;5.687337e-02;3.636939e-02;3.746383e-02;5.530691e-02;6.865107e-02;2.974213e-02;2.907711e-02;3.680027e-02
1.464104e-01;1.308238e-01;2.862072e-01;4.355500e-02;7.570237e-02;2.782396e-02;5.355724e-02;7.039079e-02;3.914290e-02;4.501765e-02;4.456779e-02;3.680093e-02
5.383108e-02;1.512147e-01;2.916155e-01;4.851758e-02;7.103401e-02;5.215643e-02;8.761390e-02;5.362133e-02;5.141188e-02;5.319854e-02;5.105502e-02;3.472996e-02
1.514754e-01;1.934084e-01;2.990571e-01;3.696484e-02;4.787626e-02;4.961417e-02;4.888430e-02;2.172677e-02;5.336766e-02;3.261827e-02;4.298711e-02;2.201967e-02
1.216705e-01;2.177933e-01;3.375346e-01;3.679724e-02;4.425804e-02;5.472239e-02;3.512163e-02;2.034763e-02;5.310467e-02;2.323790e-02;2.795649e-02;2.745566e-02
1.540957e-01;1.875746e-01;2.950075e-01;3.388737e-02;3.353310e-02;6.377697e-02;4.880711e-02;3.006852e-02;5.080316e-02;3.753218e-02;2.999585e-02;3.491790e-02
2.139483e-01;1.543499e-01;2.534317e-01;3.200130e-02;3.097943e-02;5.689983e-02;2.847113e-02;3.164712e-02;6.093200e-02;4.822960e-02;4.135844e-02;4.775117e-02
1.284460e-01;9.256688e-02;2.194772e-01;5.219964e-02;8.847700e-02;5.291686e-02;5.064904e-02;6.825166e-02;1.118347e-01;6.601142e-02;3.613838e-02;3.303116e-02
5.101543e-02;6.233071e-02;1.451551e-01;8.164348e-02;9.494366e-02;6.694420e-02;8.448173e-02;1.181691e-01;1.368294e-01;1.053086e-01;3.457474e-02;1.860394e-02
4.325720e-02;7.133456e-02;1.161069e-01;8.594542e-02;8.769103e-02;6.748939e-02;8.839098e-02;1.298532e-01;1.261451e-01;1.219215e-01;3.728439e-02;2.458041e-02
4.744961e-02;7.944587e-02;9.125652e-02;8.167300e-02;8.593005e-02;6.685390e-02;1.045655e-01;1.247909e-01;1.115713e-01;1.365025e-01;3.995263e-02;3.000824e-02
3.599726e-02;6.526444e-02;2.682344e-01;1.113206e-01;6.046651e-02;4.302997e-02;1.574994e-01;5.535716e-02;5.338609e-02;9.449167e-02;3.077760e-02;2.417484e-02
8.093841e-02;8.220570e-02;3.137576e-01;1.053648e-01;4.032434e-02;2.944538e-02;1.198978e-01;2.663374e-02;4.065198e-02;1.197155e-01;2.257798e-02;1.848680e-02
1.074697e-01;1.176801e-01;2.838776e-01;1.084017e-01;2.186908e-02;2.260872e-02;8.262652e-02;1.372179e-02;4.814343e-02;1.646456e-01;1.757533e-02;1.138062e-02
1.239338e-01;1.314789e-01;2.681476e-01;1.107022e-01;2.268861e-02;1.066877e-02;7.456008e-02;2.602677e-02;3.966658e-02;1.627183e-01;2.170546e-02;7.702971e-03
1.767644e-01;1.011920e-01;3.235225e-01;5.534834e-02;4.615678e-02;6.017480e-03;6.043490e-02;6.654818e-02;2.269037e-02;1.012000e-01;2.961481e-02;1.051008e-02
2.025264e-01;6.749517e-02;3.802640e-01;1.988660e-02;5.029871e-02;1.975096e-02;2.743915e-02;1.005046e-01;4.701034e-02;4.017134e-02;2.449008e-02;2.016259e-02
1.775765e-01;8.301794e-02;3.319938e-01;3.882732e-02;3.233183e-02;4.128389e-02;3.464003e-02;7.998362e-02;9.062421e-02;2.897254e-02;2.211160e-02;3.863678e-02
1.401554e-01;1.096625e-01;2.663558e-01;6.383009e-02;3.189699e-02;5.001752e-02;5.960763e-02;5.210862e-02;9.296607e-02;4.552884e-02;3.308975e-02;5.478083e-02
1.245275e-01;1.202292e-01;2.565564e-01;7.494485e-02;3.309607e-02;3.607371e-02;6.508977e-02;5.820270e-02;6.189601e-02;7.134186e-02;4.504439e-02;5.299746e-02
1.157132e-01;1.286597e-01;2.236574e-01;5.829474e-02;2.979757e-02;1.974359e-02;8.505119e-02;5.915840e-02;7.326238e-02;1.077219e-01;5.131431e-02;4.762566e-02
1.575253e-01;1.381220e-01;1.754567e-01;3.868997e-02;3.427175e-02;3.244811e-02;1.476032e-01;7.072879e-02;6.619824e-02;6.997507e-02;2.987569e-02;3.910523e-02
1.553122e-01;1.106054e-01;1.388844e-01;8.352447e-02;4.290416e-02;3.791344e-02;1.446937e-01;8.440866e-02;6.136823e-02;6.866890e-02;3.552526e-02;3.619117e-02
1.597513e-01;8.048137e-02;1.424126e-01;1.155694e-01;3.926024e-02;4.499782e-02;1.169900e-01;9.065611e-02;5.627445e-02;6.573527e-02;3.804347e-02;4.982803e-02
1.967371e-01;6.790378e-02;1.938612e-01;7.079414e-02;6.535853e-02;4.397237e-02;6.050447e-02;1.336596e-01;4.992315e-02;4.183711e-02;3.036382e-02;4.508477e-02
2.358569e-01;5.367443e-02;2.212842e-01;2.026140e-02;1.282336e-01;2.233507e-02;2.176110e-02;2.092191e-01;2.423302e-02;1.554676e-02;1.919734e-02;2.839706e-02
2.602805e-01;5.162233e-02;2.228600e-01;1.581657e-02;1.585238e-01;8.417462e-03;1.562329e-02;2.155532e-01;1.062596e-02;6.418583e-03;1.391527e-02;2.034297e-02
2.969183e-01;5.312951e-02;2.141187e-01;2.234516e-02;1.403190e-01;1.419872e-02;1.539877e-02;1.836869e-01;2.131811e-02;5.956248e-03;7.553337e-03;2.505716e-02
3.528822e-01;5.950713e-02;1.991962e-01;2.358438e-02;1.001905e-01;2.292076e-02;1.669276e-02;1.500676e-01;2.949983e-02;5.990220e-03;7.808802e-03;3.165951e-02
4.156288e-01;8.205274e-02;1.997660e-01;2.104174e-02;6.611054e-02;2.972804e-02;1.259189e-02;1.044162e-01;2.303975e-02;5.372760e-03;5.764700e-03;3.448686e-02
4.629523e-01;1.402729e-01;1.756236e-01;1.495104e-02;3.350355e-02;2.922475e-02;8.160027e-03;6.982753e-02;1.435163e-02;4.339438e-03;7.209034e-03;3.958422e-02
4.959087e-01;1.826557e-01;8.842520e-02;9.152291e-03;2.408044e-02;1.654595e-02;1.094678e-02;7.193858e-02;9.407840e-03;2.058014e-02;7.308826e-03;6.304951e-02
5.006762e-01;1.720024e-01;4.289968e-02;4.483052e-03;3.602243e-02;1.368100e-02;1.265144e-02;6.636173e-02;1.046905e-02;5.491220e-02;8.605042e-03;7.723583e-02
5.195119e-01;1.367078e-01;4.326221e-02;7.736829e-03;4.251751e-02;8.378833e-03;2.558906e-02;5.759664e-02;1.241189e-02;6.312002e-02;1.280316e-02;7.036418e-02
5.760126e-01;9.004416e-02;2.825691e-02;1.820662e-02;3.803201e-02;8.267143e-03;4.793703e-02;5.644621e-02;1.114328e-02;3.587632e-02;1.050896e-02;7.926875e-02
5.601699e-01;7.409791e-02;3.679072e-02;4.342156e-02;3.912581e-02;1.038147e-02;4.722779e-02;6.671271e-02;8.685795e-03;1.575012e-02;9.329166e-03;8.830700e-02
5.146177e-01;8.285884e-02;2.949541e-02;8.201764e-02;4.318272e-02;1.202255e-02;3.887104e-02;7.843936e-02;8.906803e-03;1.018681e-02;8.224008e-03;9.117706e-02
4.208765e-01;5.299883e-02;4.558698e-02;1.329161e-01;2.570242e-02;1.971054e-02;7.154184e-02;7.307950e-02;1.027853e-02;1.687549e-02;1.555800e-02;1.148752e-01
3.462934e-01;1.907241e-02;4.714727e-02;1.445235e-01;1.471895e-02;3.274878e-02;1.218890e-01;4.407279e-02;1.562613e-02;2.214591e-02;4.573126e-02;1.460306e-01
2.950065e-01;4.431733e-02;6.122524e-02;8.822989e-02;2.939651e-02;5.588431e-02;1.045342e-01;2.940950e-02;1.736164e-02;4.533813e-02;1.003913e-01;1.289054e-01
1.855056e-01;5.199495e-02;9.605327e-02;7.333652e-02;3.952121e-02;7.901000e-02;6.612877e-02;4.222311e-02;3.323360e-02;1.032144e-01;1.451180e-01;8.466066e-02
9.700951e-02;6.461457e-02;1.403045e-01;7.897074e-02;4.147151e-02;6.798033e-02;1.032457e-01;4.756643e-02;4.630011e-02;1.420628e-01;1.339114e-01;3.656244e-02
1.382467e-01;9.366393e-02;1.574951e-01;5.299389e-02;3.037299e-02;4.158672e-02;1.222382e-01;5.541255e-02;3.144678e-02;1.335880e-01;9.528840e-02;4.766681e-02
1.914276e-01;1.113755e-01;1.677021e-01;2.302042e-02;2.691113e-02;3.013226e-02;1.301795e-01;5.705985e-02;2.206795e-02;9.209461e-02;8.734910e-02;6.068008e-02
1.525323e-01;1.289568e-01;1.482751e-01;2.675843e-02;3.415141e-02;3.820027e-02;1.511156e-01;4.744424e-02;3.902173e-02;9.376498e-02;5.917644e-02;8.060276e-02
1.524208e-01;8.543254e-02;1.054398e-01;3.079073e-02;2.937793e-02;4.758064e-02;1.995713e-01;3.068696e-02;4.266740e-02;1.018780e-01;1.029821e-01;7.117185e-02
1.735227e-01;9.858271e-02;1.247628e-01;2.011366e-02;3.828780e-02;4.280864e-02;1.724151e-01;4.076369e-02;3.056747e-02;9.986185e-02;1.105072e-01;4.780634e-02
1.613458e-01;6.891629e-02;8.747012e-02;2.066339e-02;4.039225e-02;2.855494e-02;1.235475e-01;5.277413e-02;4.639504e-02;1.789092e-01;1.508901e-01;4.014127e-02
1.368367e-01;2.936222e-02;5.588030e-02;3.183399e-02;2.669863e-02;4.193525e-02;1.725982e-01;5.361456e-02;3.622055e-02;1.643455e-01;1.633740e-01;8.730005e-02
1.722670e-01;3.059188e-02;4.770762e-02;1.904928e-02;1.325660e-02;3.853144e-02;2.273457e-01;5.449811e-02;1.877281e-02;9.387077e-02;1.199529e-01;1.641559e-01
2.497400e-01;2.902398e-02;2.552061e-02;3.338241e-02;9.753822e-03;2.435608e-02;2.550911e-01;5.693369e-02;9.430249e-03;4.936311e-02;7.020380e-02;1.872012e-01
2.953260e-01;3.621312e-02;2.869953e-02;4.854050e-02;7.002341e-03;1.488080e-02;2.306830e-01;5.980356e-02;9.899454e-03;4.821049e-02;5.815891e-02;1.625823e-01
3.600558e-01;2.926783e-02;3.782324e-02;4.645162e-02;7.875820e-03;1.138964e-02;1.829702e-01;6.849231e-02;1.763895e-02;4.757785e-02;3.627516e-02;1.541816e-01
4.013201e-01;2.324274e-02;5.466514e-02;3.200111e-02;1.036228e-02;1.299483e-02;1.532262e-01;8.518847e-02;2.269080e-02;3.754379e-02;3.662976e-02;1.301348e-01
4.429126e-01;5.496430e-02;5.006296e-02;2.385954e-02;1.758973e-02;1.965624e-02;1.184904e-01;9.337822e-02;2.048596e-02;2.291487e-02;2.855014e-02;1.071350e-01
3.991100e-01;9.872961e-02;8.678321e-02;1.893635e-02;2.974930e-02;2.875000e-02;9.531133e-02;7.927963e-02;1.468289e-02;1.852543e-02;3.153311e-02;9.860914e-02
2.883582e-01;8.241014e-02;1.143974e-01;3.738315e-02;4.850996e-02;4.842027e-02;1.289269e-01;5.301446e-02;2.922043e-02;3.109498e-02;3.926447e-02;9.899977e-02
1.692204e-01;5.572075e-02;1.548916e-01;5.861554e-02;4.610215e-02;6.535546e-02;1.900555e-01;3.077561e-02;3.156226e-02;3.967078e-02;4.264055e-02;1.153895e-01
1.449285e-01;5.280513e-02;9.289329e-02;4.807357e-02;3.853014e-02;4.212661e-02;2.104539e-01;9.587596e-02;1.644901e-02;4.347800e-02;8.463996e-02;1.297459e-01
8.063623e-02;4.291696e-02;4.941753e-02;3.354547e-02;6.432959e-02;3.773447e-02;1.759317e-01;1.706639e-01;1.818882e-02;5.853714e-02;1.310890e-01;1.370092e-01
2.031139e-02;3.229104e-02;7.194321e-02;3.091299e-02;9.628133e-02;4.306878e-02;1.381991e-01;1.955168e-01;2.977544e-02;6.734098e-02;1.490851e-01;1.252740e-01
5.954467e-02;3.674186e-02;5.682844e-02;4.108137e-02;1.252620e-01;4.162751e-02;1.326368e-01;1.482624e-01;5.959652e-02;6.923774e-02;1.201524e-01;1.090283e-01
8.664055e-02;2.864517e-02;1.351464e-01;7.236280e-02;1.170003e-01;6.382294e-02;1.438780e-01;7.274894e-02;6.972057e-02;5.220363e-02;7.048118e-02;8.734947e-02
1.215733e-01;2.633588e-02;1.115303e-01;4.988701e-02;1.046618e-01;8.781876e-02;1.729629e-01;3.354669e-02;5.681508e-02;4.426597e-02;7.622925e-02;1.143731e-01
1.542684e-01;3.223100e-02;6.023521e-02;1.044726e-01;5.295921e-02;6.091187e-02;2.024798e-01;2.333413e-02;2.631419e-02;4.822187e-02;6.736668e-02;1.672050e-01
1.893056e-01;4.061600e-02;4.201334e-02;1.805953e-01;1.493915e-02;3.171287e-02;1.868259e-01;2.986790e-02;7.550362e-03;5.363964e-02;4.803351e-02;1.749004e-01
1.896495e-01;5.289483e-02;7.812124e-02;2.067396e-01;1.529564e-02;2.248744e-02;1.401517e-01;3.170748e-02;9.739853e-03;5.255896e-02;5.057609e-02;1.500777e-01
1.305320e-01;5.829260e-02;1.271436e-01;1.996219e-01;4.165754e-02;2.028473e-02;1.400307e-01;2.152818e-02;1.591194e-02;5.754305e-02;6.735528e-02;1.200985e-01
6.292369e-02;6.279204e-02;1.727821e-01;1.474123e-01;5.061638e-02;2.930901e-02;1.638523e-01;2.106717e-02;2.464880e-02;6.338234e-02;9.091476e-02;1.102991e-01
9.335559e-02;5.849458e-02;9.807367e-02;7.217265e-02;5.054076e-02;2.467727e-02;1.783689e-01;4.484816e-02;2.832757e-02;7.207201e-02;1.252914e-01;1.537775e-01
1.176419e-01;6.861992e-02;3.615871e-02;6.323012e-02;4.297293e-02;1.924172e-02;2.235811e-01;4.691076e-02;1.579999e-02;6.894246e-02;1.241909e-01;1.727096e-01
1.190931e-01;6.763504e-02;8.327792e-02;1.084326e-01;1.708847e-02;1.505684e-02;2.572068e-01;2.383615e-02;8.763435e-03;6.025077e-02;9.296867e-02;1.463901e-01
1.353617e-01;6.456510e-02;5.620559e-02;1.367015e-01;1.829563e-02;2.653844e-02;2.398123e-01;2.383011e-02;1.509843e-02;6.764333e-02;8.075224e-02;1.351957e-01
1.731018e-01;7.821023e-02;1.039592e-01;1.109824e-01;2.107862e-02;4.826057e-02;1.623868e-01;5.444147e-02;2.834944e-02;7.464018e-02;5.729917e-02;8.729018e-02
2.370573e-01;9.002692e-02;1.024778e-01;7.506885e-02;2.530867e-02;6.423827e-02;1.170900e-01;7.198756e-02;3.892346e-02;6.822152e-02;3.824481e-02;7.135480e-02
3.547509e-01;8.652586e-02;4.463949e-02;4.268226e-02;3.077324e-02;7.247800e-02;9.594197e-02;7.294436e-02;4.348673e-02;4.479840e-02;3.303292e-02;7.794592e-02
4.061366e-01;6.666580e-02;4.186710e-02;2.014994e-02;2.017513e-02;7.670713e-02;7.273836e-02;5.791485e-02;2.906370e-02;9.683294e-02;2.617012e-02;8.557829e-02
3.270158e-01;4.396655e-02;2.839301e-02;4.510125e-02;8.739360e-03;7.481494e-02;9.403876e-02;3.800214e-02;2.128302e-02;1.706070e-01;2.162897e-02;1.264091e-01
2.276966e-01;4.527248e-02;4.546072e-02;5.748006e-02;6.189079e-03;5.573015e-02;1.285747e-01;2.920443e-02;2.545349e-02;1.755544e-01;4.627848e-02;1.571054e-01
1.721682e-01;7.079980e-02;7.618819e-02;5.223159e-02;1.672871e-02;3.902265e-02;1.401453e-01;3.249217e-02;4.886881e-02;1.515128e-01;7.084313e-02;1.289986e-01
1.425964e-01;6.361275e-02;1.019415e-01;4.783993e-02;4.141457e-02;3.819304e-02;1.267498e-01;6.559794e-02;7.254875e-02;1.302269e-01;7.449625e-02;9.478228e-02
1.442224e-01;3.187615e-02;7.523859e-02;6.144631e-02;7.251403e-02;4.302876e-02;7.092652e-02;1.126764e-01;1.123296e-01;9.454508e-02;9.660295e-02;8.459319e-02
1.779572e-01;4.593758e-02;4.815435e-02;5.637351e-02;4.725747e-02;3.353262e-02;1.000567e-01;9.229604e-02;1.060476e-01;8.322070e-02;9.967250e-02;1.094937e-01
1.944517e-01;6.267259e-02;4.198460e-02;8.052398e-02;2.267346e-02;2.476277e-02;1.524447e-01;4.432447e-02;7.003570e-02;9.771626e-02;6.665520e-02;1.417545e-01
1.472310e-01;7.496002e-02;3.105975e-02;1.143742e-01;1.126690e-02;2.392851e-02;2.173161e-01;2.663992e-02;3.368278e-02;1.031998e-01;4.012321e-02;1.762178e-01
1.726095e-01;6.679683e-02;2.824728e-02;1.174825e-01;9.702146e-03;3.080852e-02;2.375211e-01;2.618083e-02;2.414508e-02;9.169832e-02;2.940003e-02;1.654078e-01
2.136629e-01;5.216373e-02;3.768548e-02;1.025190e-01;1.241356e-02;4.789766e-02;2.403952e-01;2.714678e-02;2.020246e-02;6.510307e-02;3.273248e-02;1.480777e-01
1.955736e-01;4.585807e-02;5.136205e-02;7.542505e-02;2.478049e-02;6.616801e-02;2.455018e-01;3.672170e-02;3.229932e-02;4.657164e-02;4.901693e-02;1.307213e-01
1.336219e-01;3.318223e-02;7.001874e-02;5.210682e-02;2.822345e-02;1.231035e-01;1.971760e-01;4.924143e-02;4.568975e-02;7.103904e-02;1.036958e-01;9.290136e-02
7.143490e-02;3.333910e-02;7.461365e-02;4.466045e-02;5.173581e-02;1.717508e-01;1.329237e-01;6.840252e-02;5.035638e-02;1.203144e-01;1.258961e-01;5.457211e-02
7.582359e-02;2.923360e-02;5.609091e-02;4.735177e-02;6.469938e-02;1.423336e-01;1.277905e-01;5.954010e-02;6.309894e-02;1.362950e-01;1.025575e-01;9.518506e-02
1.439498e-01;3.416460e-02;6.623404e-02;3.463326e-02;5.153950e-02;9.392656e-02;1.336366e-01;5.887508e-02;7.611316e-02;1.201958e-01;8.368731e-02;1.030442e-01
1.928071e-01;5.725367e-02;5.983620e-02;2.358147e-02;3.869343e-02;8.730948e-02;1.642549e-01;5.689324e-02;6.413592e-02;9.042574e-02;5.558698e-02;1.092219e-01
1.287508e-01;5.024056e-02;4.349136e-02;2.732351e-02;3.955629e-02;8.426242e-02;1.668294e-01;9.335499e-02;5.500138e-02;7.983209e-02;1.312001e-01;1.001572e-01
8.463227e-02;6.455319e-02;7.268573e-02;5.300221e-02;3.199496e-02;5.676666e-02;1.250414e-01;9.075240e-02;7.534277e-02;8.182110e-02;1.634320e-01;9.997533e-02
9.012112e-02;7.124325e-02;8.758174e-02;7.881447e-02;2.954195e-02;5.151904e-02;8.396555e-02;9.227647e-02;7.251539e-02;7.803197e-02;1.527882e-01;1.116009e-01
1.579846e-01;6.763813e-02;6.108020e-02;1.115900e-01;3.125672e-02;4.860786e-02;7.466780e-02;9.338279e-02;4.429189e-02;5.624430e-02;1.397589e-01;1.134969e-01
1.432072e-01;5.538755e-02;7.439169e-02;1.178782e-01;4.229316e-02;3.563992e-02;1.012117e-01;7.592794e-02;5.778551e-02;6.451322e-02;1.114175e-01;1.203465e-01
3.942519e-02;4.731577e-02;8.360796e-02;1.447177e-01;5.919007e-02;4.269990e-02;1.304979e-01;6.876070e-02;5.485629e-02;1.063085e-01;1.082094e-01;1.144106e-01
1.496234e-01;5.556610e-02;7.661084e-02;1.419331e-01;5.797565e-02;4.180280e-02;1.288885e-01;4.586087e-02;3.589259e-02;8.075693e-02;8.155391e-02;1.035352e-01
1.824863e-01;6.061223e-02;8.649068e-02;1.089331e-01;3.906016e-02;4.058003e-02;1.227811e-01;3.636022e-02;5.666843e-02;5.618853e-02;7.062852e-02;1.392107e-01
1.200775e-01;4.788891e-02;8.722760e-02;8.212790e-02;3.068695e-02;5.453672e-02;1.550070e-01;5.074880e-02;5.166227e-02;5.645964e-02;9.964755e-02;1.639292e-01
1.474324e-01;5.771003e-02;6.438550e-02;7.638879e-02;1.931975e-02;6.977295e-02;1.859350e-01;5.189389e-02;2.389385e-02;5.555775e-02;7.934821e-02;1.683619e-01
1.184336e-01;7.176043e-02;4.873586e-02;7.745500e-02;3.751208e-02;7.603537e-02;1.603059e-01;3.622118e-02;3.472029e-02;8.114767e-02;9.128554e-02;1.663870e-01
1.293841e-01;7.034424e-02;8.175523e-02;6.998841e-02;5.784187e-02;4.590464e-02;1.135395e-01;5.212818e-02;4.622180e-02;1.006771e-01;9.779185e-02;1.344231e-01
1.455757e-01;3.888821e-02;8.740825e-02;7.462715e-02;9.013877e-02;2.733087e-02;1.039759e-01;4.334989e-02;7.791887e-02;9.439385e-02;8.700987e-02;1.293827e-01
1.235911e-01;5.763125e-02;1.075360e-01;7.298566e-02;9.228120e-02;3.968041e-02;9.049316e-02;3.157592e-02;1.110844e-01;7.284798e-02;5.363064e-02;1.466624e-01
1.599901e-01;1.066224e-01;1.048266e-01;6.759554e-02;5.040683e-02;5.315969e-02;8.923083e-02;5.329595e-02;1.172802e-01;5.370973e-02;3.904326e-02;1.048389e-01
1.813237e-01;1.002273e-01;7.730078e-02;5.654783e-02;5.412914e-02;6.188250e-02;9.837066e-02;5.939287e-02;7.419720e-02;6.568578e-02;4.582505e-02;1.251172e-01
1.837016e-01;8.769786e-02;7.623915e-02;7.245746e-02;5.548780e-02;8.148910e-02;9.321693e-02;6.898457e-02;5.300512e-02;6.834613e-02;3.993420e-02;1.194400e-01
1.985119e-01;1.090993e-01;1.189186e-01;7.158468e-02;4.057416e-02;8.057525e-02;7.543153e-02;5.574303e-02;7.698555e-02;4.529027e-02;5.204898e-02;7.523690e-02
1.884362e-01;1.196021e-01;1.453665e-01;3.884154e-02;4.979723e-02;5.764110e-02;7.829807e-02;3.865317e-02;7.131177e-02;5.930934e-02;8.995546e-02;6.278754e-02
1.989761e-01;1.160350e-01;1.262130e-01;3.976344e-02;5.089256e-02;5.761988e-02;9.139378e-02;4.015704e-02;6.753210e-02;7.199625e-02;7.982604e-02;5.959471e-02
1.807443e-01;9.635194e-02;9.822465e-02;7.030152e-02;4.394573e-02;7.971063e-02;1.211373e-01;4.965983e-02;7.918934e-02;6.924937e-02;5.604562e-02;5.543973e-02
1.091223e-01;7.664268e-02;9.304059e-02;6.922269e-02;7.405441e-02;7.053024e-02;1.527083e-01;6.327376e-02;1.081207e-01;5.876862e-02;6.160865e-02;6.290702e-02
8.719282e-02;1.118160e-01;1.118815e-01;5.291915e-02;5.955937e-02;6.516244e-02;1.138886e-01;7.512896e-02;1.065180e-01;5.707974e-02;1.098638e-01;4.898953e-02
4.742035e-02;1.283925e-01;1.194673e-01;7.497726e-02;4.281038e-02;5.560284e-02;8.695734e-02;9.016223e-02;1.161788e-01;9.295596e-02;1.144927e-01;3.058239e-02
3.826211e-02;1.267196e-01;1.318455e-01;7.842954e-02;5.997204e-02;4.201182e-02;1.050970e-01;9.532409e-02;8.455717e-02;1.256104e-01;8.183681e-02;3.033387e-02
6.695821e-02;6.353873e-02;1.708198e-01;6.017487e-02;7.654318e-02;3.237146e-02;1.799343e-01;8.520196e-02;5.808975e-02;9.279798e-02;7.673163e-02;3.683811e-02
6.580683e-02;6.085702e-02;2.081271e-01;4.964073e-02;9.160584e-02;6.387147e-02;1.638313e-01;6.293893e-02;4.687333e-02;6.170411e-02;6.952715e-02;5.521617e-02
6.169049e-02;6.445366e-02;1.559794e-01;5.252585e-02;1.083624e-01;9.780055e-02;1.599119e-01;5.193403e-02;7.156176e-02;6.351248e-02;5.758176e-02;5.468570e-02
7.915518e-02;6.467690e-02;1.131079e-01;5.848913e-02;9.976906e-02;1.199005e-01;2.002976e-01;6.669093e-02;6.455372e-02;5.885860e-02;4.018294e-02;3.431749e-02
7.337477e-02;7.091807e-02;2.275952e-01;5.908164e-02;6.824487e-02;8.197013e-02;1.746149e-01;7.034101e-02;7.091309e-02;4.546289e-02;2.084855e-02;3.663484e-02
5.343322e-02;4.938716e-02;2.972934e-01;5.759272e-02;6.268618e-02;5.305203e-02;1.129065e-01;6.669325e-02;1.286127e-01;5.951190e-02;1.958501e-02;3.924591e-02
3.764465e-02;6.142925e-02;2.542449e-01;4.549378e-02;4.029881e-02;4.208389e-02;8.247238e-02;7.339984e-02;1.836352e-01;1.104360e-01;2.994682e-02;3.891440e-02
4.736679e-02;7.261974e-02;1.808493e-01;3.719209e-02;3.300916e-02;2.998883e-02;6.499462e-02;9.636769e-02;1.897406e-01;1.452090e-01;5.950051e-02;4.316169e-02
5.761638e-02;4.014662e-02;1.806120e-01;4.438813e-02;5.054663e-02;3.473991e-02;5.814844e-02;8.629473e-02;1.216374e-01;1.692271e-01;1.175415e-01;3.910116e-02
8.650565e-02;5.134854e-02;1.999438e-01;5.420177e-02;3.454810e-02;4.224532e-02;5.185360e-02;9.718456e-02;5.558037e-02;1.349564e-01;1.535985e-01;3.803338e-02
1.159644e-01;3.158333e-02;2.041247e-01;4.384780e-02;1.685137e-02;8.742539e-02;3.680198e-02;9.289375e-02;5.418007e-02;1.108145e-01;1.608504e-01;4.466223e-02
1.187844e-01;3.503521e-02;2.216664e-01;2.248923e-02;1.608140e-02;1.143391e-01;4.199095e-02;5.244152e-02;6.977040e-02;1.076468e-01;1.543577e-01;4.539691e-02
8.781980e-02;7.688178e-02;2.242753e-01;3.294292e-02;2.698390e-02;9.137510e-02;5.808300e-02;3.784691e-02;6.987734e-02;1.134591e-01;1.367829e-01;4.367198e-02
4.596224e-02;1.100302e-01;1.992631e-01;4.012424e-02;5.032711e-02;6.204481e-02;7.676569e-02;6.117737e-02;6.512938e-02;1.078789e-01;1.257986e-01;5.549827e-02
4.668977e-02;1.178844e-01;1.851698e-01;4.272829e-02;6.372801e-02;7.099459e-02;6.509156e-02;7.399547e-02;8.112628e-02;6.977249e-02;1.144355e-01;6.838381e-02
4.644177e-02;6.668890e-02;1.770855e-01;2.815366e-02;6.975542e-02;1.169840e-01;3.257227e-02;5.257160e-02;1.046271e-01;8.637463e-02;1.485521e-01;7.019298e-02
6.429680e-02;6.637719e-02;1.763414e-01;4.473551e-02;5.033885e-02;7.753186e-02;5.199310e-02;4.705401e-02;7.865008e-02;1.373569e-01;1.451705e-01;6.015391e-02
6.873111e-02;8.163518e-02;1.256797e-01;6.908321e-02;6.259489e-02;4.815729e-02;8.753359e-02;4.973937e-02;7.800488e-02;1.227760e-01;1.360701e-01;6.999465e-02
7.350154e-02;8.907248e-02;1.281441e-01;1.226293e-01;6.349769e-02;5.367861e-02;1.541125e-01;5.432251e-02;7.817777e-02;7.131725e-02;6.727172e-02;4.427448e-02
1.884533e-01;1.031634e-01;1.429422e-01;7.803607e-02;5.183668e-02;3.088829e-02;1.014090e-01;3.925437e-02;8.005921e-02;6.768588e-02;5.589110e-02;6.038054e-02
3.541851e-01;1.304631e-01;1.209157e-01;3.165438e-02;2.893647e-02;1.758496e-02;4.485616e-02;4.284791e-02;5.455991e-02;4.868174e-02;4.049539e-02;8.481916e-02
4.463398e-01;1.611772e-01;1.015036e-01;1.764069e-02;1.860557e-02;7.680697e-03;3.464594e-02;4.036948e-02;3.865674e-02;2.998326e-02;2.398270e-02;7.941432e-02
4.917601e-01;1.850117e-01;6.714199e-02;1.600529e-02;1.462385e-02;5.284609e-03;3.487464e-02;3.287089e-02;2.924765e-02;2.971096e-02;1.469241e-02;7.877585e-02
4.260267e-01;1.478564e-01;4.393513e-02;2.169358e-02;9.629394e-03;6.012112e-03;5.009970e-02;4.253155e-02;3.135201e-02;5.411964e-02;1.452005e-02;1.522238e-01
2.879053e-01;6.609815e-02;3.012802e-02;4.117310e-02;6.092229e-03;6.897176e-03;9.195900e-02;4.811466e-02;2.932442e-02;9.014121e-02;1.925356e-02;2.829131e-01
1.962752e-01;5.914269e-02;3.965130e-02;5.671753e-02;1.368582e-02;1.335425e-02;1.201733e-01;3.536869e-02;2.434225e-02;8.489746e-02;4.611655e-02;3.102749e-01
1.126552e-01;7.903925e-02;7.837380e-02;6.151540e-02;2.371515e-02;1.721075e-02;1.498757e-01;3.228269e-02;3.115500e-02;7.034309e-02;9.917668e-02;2.446572e-01
4.809535e-02;9.901929e-02;8.071584e-02;5.676622e-02;2.574305e-02;2.617791e-02;1.716984e-01;6.225377e-02;3.219655e-02;5.734704e-02;1.328762e-01;2.071104e-01
1.351110e-01;9.761062e-02;2.894219e-02;3.716519e-02;1.576814e-02;2.622673e-02;1.560406e-01;7.194224e-02;3.703974e-02;5.521671e-02;1.093822e-01;2.295547e-01
2.369256e-01;5.876569e-02;5.785608e-02;2.079532e-02;2.478226e-02;3.493905e-02;1.006261e-01;5.938241e-02;4.790353e-02;6.829055e-02;8.679929e-02;2.029341e-01
2.291553e-01;5.020043e-02;8.427079e-02;2.202469e-02;1.983332e-02;5.400008e-02;6.568411e-02;4.395822e-02;7.146043e-02;5.313479e-02;1.089059e-01;1.973720e-01
2.128666e-01;5.111373e-02;9.333668e-02;1.735529e-02;2.274175e-02;6.048678e-02;5.769791e-02;2.990475e-02;7.832012e-02;4.213035e-02;1.577431e-01;1.763030e-01
1.401727e-01;3.637805e-02;8.856499e-02;1.226931e-02;3.585370e-02;8.301241e-02;7.232112e-02;4.131259e-02;8.007810e-02;5.922643e-02;2.255792e-01;1.252313e-01
8.788387e-02;2.724157e-02;7.507179e-02;1.580603e-02;4.173863e-02;1.235332e-01;1.052985e-01;5.070573e-02;5.318334e-02;1.044563e-01;2.622421e-01;5.283886e-02
5.756394e-02;6.084447e-02;7.076715e-02;4.279043e-02;3.492131e-02;1.118948e-01;1.406809e-01;4.616189e-02;6.749780e-02;1.155208e-01;1.891867e-01;6.216969e-02
9.209516e-02;7.123791e-02;1.406212e-01;7.161525e-02;2.852481e-02;5.551533e-02;1.314471e-01;3.559508e-02;1.090763e-01;7.000162e-02;1.052277e-01;8.904246e-02
1.637663e-01;6.718171e-02;1.089417e-01;7.472789e-02;4.602793e-02;4.439421e-02;1.204973e-01;3.609576e-02;9.380193e-02;6.927194e-02;1.029777e-01;7.231564e-02
1.277916e-01;6.905613e-02;1.290855e-01;7.554749e-02;6.420086e-02;5.845848e-02;1.041323e-01;5.169256e-02;7.059129e-02;7.566673e-02;1.004642e-01;7.331283e-02
6.011886e-02;4.919632e-02;1.205659e-01;8.304423e-02;6.563289e-02;8.107040e-02;6.988336e-02;9.214547e-02;1.097267e-01;9.467442e-02;8.879904e-02;8.514237e-02
1.155747e-01;5.698492e-02;7.933953e-02;5.444367e-02;4.046929e-02;7.052381e-02;9.912378e-02;1.100270e-01;1.151562e-01;6.547575e-02;6.681738e-02;1.260639e-01
1.441382e-01;7.091652e-02;5.386285e-02;5.317975e-02;7.793608e-02;8.881222e-02;7.771920e-02;1.120610e-01;8.848028e-02;7.169259e-02;6.385382e-02;9.734747e-02
1.113544e-01;8.150006e-02;8.673322e-02;6.665611e-02;1.162396e-01;7.759481e-02;5.352034e-02;1.052769e-01;7.085932e-02;7.787848e-02;7.914949e-02;7.323729e-02
1.546190e-01;6.600389e-02;8.044232e-02;8.702645e-02;1.060931e-01;5.477014e-02;6.677425e-02;9.624023e-02;8.358563e-02;7.845446e-02;5.310467e-02;7.288592e-02
1.304965e-01;8.119072e-02;6.712496e-02;6.946123e-02;7.889916e-02;6.903572e-02;1.013851e-01;9.459679e-02;9.351040e-02;8.218172e-02;7.467820e-02;5.743942e-02
1.027363e-01;1.081971e-01;8.408830e-02;9.667874e-02;6.457304e-02;1.126595e-01;1.186151e-01;8.817557e-02;6.149585e-02;5.943581e-02;5.642060e-02;4.692404e-02
1.005949e-01;7.179059e-02;1.326819e-01;1.275664e-01;6.825483e-02;1.198563e-01;1.107084e-01;5.345456e-02;6.454509e-02;5.594233e-02;6.095196e-02;3.365282e-02
1.345551e-01;5.712015e-02;1.237858e-01;1.038240e-01;5.789606e-02;6.611450e-02;1.396890e-01;6.748302e-02;7.324392e-02;5.717270e-02;4.679039e-02;7.232539e-02
1.637428e-01;4.171091e-02;1.012186e-01;1.148219e-01;4.342444e-02;5.710417e-02;1.427441e-01;5.504126e-02;6.050352e-02;4.770146e-02;5.683881e-02;1.151480e-01
1.664326e-01;3.789939e-02;9.197840e-02;1.549937e-01;2.465123e-02;4.768482e-02;1.546696e-01;2.931624e-02;4.198955e-02;3.080690e-02;7.116323e-02;1.484144e-01
1.386994e-01;4.244605e-02;1.081342e-01;1.760270e-01;2.401648e-02;8.914699e-02;1.480184e-01;4.014432e-02;2.341671e-02;2.452782e-02;5.315865e-02;1.322639e-01
8.297411e-02;3.352930e-02;1.129466e-01;1.635711e-01;4.411012e-02;1.775458e-01;1.092067e-01;5.388280e-02;2.594583e-02;3.498605e-02;8.620853e-02;7.509319e-02
3.304088e-02;3.762007e-02;9.522898e-02;1.318288e-01;1.043954e-01;2.379718e-01;7.241817e-02;5.470208e-02;2.564901e-02;7.354925e-02;1.014008e-01;3.219475e-02
3.123254e-02;3.724152e-02;7.578667e-02;1.131399e-01;1.600569e-01;2.071232e-01;7.354709e-02;7.090441e-02;2.958386e-02;1.091597e-01;6.130962e-02;3.091446e-02
3.755516e-02;4.153873e-02;7.136381e-02;9.744352e-02;1.512506e-01;1.337063e-01;5.517352e-02;1.466543e-01;4.321318e-02;1.264991e-01;5.825561e-02;3.734614e-02
5.139526e-02;5.623801e-02;4.248312e-02;5.418226e-02;8.034220e-02;7.227892e-02;9.046073e-02;2.030587e-01;5.248062e-02;1.551303e-01;9.441247e-02;4.753736e-02
6.641348e-02;5.846816e-02;6.557063e-02;3.905876e-02;5.920701e-02;4.204439e-02;1.342851e-01;1.658492e-01;5.891499e-02;1.641670e-01;8.647110e-02;5.955014e-02
8.428741e-02;5.795641e-02;8.813082e-02;4.548607e-02;4.554321e-02;3.606464e-02;1.474766e-01;1.206689e-01;8.192700e-02;1.538072e-01;8.098198e-02;5.766970e-02
7.539991e-02;4.873060e-02;9.454808e-02;5.645756e-02;9.230957e-02;6.701671e-02;1.471763e-01;7.699092e-02;8.302190e-02;1.412626e-01;8.326896e-02;3.381689e-02
3.327967e-02;3.361961e-02;7.353110e-02;6.133668e-02;1.022602e-01;9.422718e-02;1.903118e-01;9.594870e-02;3.827865e-02;1.443852e-01;1.045224e-01;2.829872e-02
4.094336e-02;2.492275e-02;4.888780e-02;5.098208e-02;5.593663e-02;1.717660e-01;1.812066e-01;7.792939e-02;3.124033e-02;1.300277e-01;1.534285e-01;3.272882e-02
6.091905e-02;1.884952e-02;6.411374e-02;3.560501e-02;2.637888e-02;2.295605e-01;1.522203e-01;4.340396e-02;4.009435e-02;9.373703e-02;1.927264e-01;4.239124e-02
9.187470e-02;1.657539e-02;1.140804e-01;2.849792e-02;3.367178e-02;2.411123e-01;9.624166e-02;3.835434e-02;3.727187e-02;5.546277e-02;2.023011e-01;4.455572e-02
1.128401e-01;2.074501e-02;1.306226e-01;2.161588e-02;3.948269e-02;2.175111e-01;5.255457e-02;2.638038e-02;4.059434e-02;6.735332e-02;2.223963e-01;4.790368e-02
1.342257e-01;2.105328e-02;1.433449e-01;1.533266e-02;2.811503e-02;1.776165e-01;4.617813e-02;1.538660e-02;4.818292e-02;6.039524e-02;2.584507e-01;5.171834e-02
1.432531e-01;1.158646e-02;1.247321e-01;1.345807e-02;1.828899e-02;2.011464e-01;3.582202e-02;1.202936e-02;4.031689e-02;7.725526e-02;2.737814e-01;4.832993e-02
1.177696e-01;8.044679e-03;7.867426e-02;1.716414e-02;1.308433e-02;1.943560e-01;6.072493e-02;2.742801e-02;3.664169e-02;1.386551e-01;2.629178e-01;4.453947e-02
1.125791e-01;1.082022e-02;5.697766e-02;2.143792e-02;1.695757e-02;1.283130e-01;1.040423e-01;4.806651e-02;3.638813e-02;2.041002e-01;2.177790e-01;4.253833e-02
9.222254e-02;2.613194e-02;9.303771e-02;2.377720e-02;2.807652e-02;9.417584e-02;1.160825e-01;7.184795e-02;5.427705e-02;2.045252e-01;1.599366e-01;3.590896e-02
8.463427e-02;3.316918e-02;1.146300e-01;3.387852e-02;4.401279e-02;8.263204e-02;1.458983e-01;8.090369e-02;8.218262e-02;1.928646e-01;7.766725e-02;2.752676e-02
4.513229e-02;2.171552e-02;1.461379e-01;3.037016e-02;3.042300e-02;6.430729e-02;1.589151e-01;6.696191e-02;7.358515e-02;1.887039e-01;1.389159e-01;3.483177e-02
3.674272e-02;2.537419e-02;1.319532e-01;1.986610e-02;2.589801e-02;5.962956e-02;2.367053e-01;7.304145e-02;4.457824e-02;1.739372e-01;1.415078e-01;3.076635e-02
4.152486e-02;4.484616e-02;9.208177e-02;2.075738e-02;5.942047e-02;7.304420e-02;2.633920e-01;7.737288e-02;6.040919e-02;1.292054e-01;1.146581e-01;2.328756e-02
6.546608e-02;7.452507e-02;9.060627e-02;3.428960e-02;7.401349e-02;7.500872e-02;1.694406e-01;9.749638e-02;8.976573e-02;7.404274e-02;1.044388e-01;5.090654e-02
8.947770e-02;8.056822e-02;1.244722e-01;5.100948e-02;4.930178e-02;8.090844e-02;7.565244e-02;9.913463e-02;1.096382e-01;7.609664e-02;8.619791e-02;7.754230e-02
6.048740e-02;6.396651e-02;1.326895e-01;5.462096e-02;4.236878e-02;9.712660e-02;1.244015e-01;7.651170e-02;9.920643e-02;8.686511e-02;7.549358e-02;8.626192e-02
6.048815e-02;8.906951e-02;1.219537e-01;4.915522e-02;3.931142e-02;8.533880e-02;1.662120e-01;7.890148e-02;8.586031e-02;8.768169e-02;5.621039e-02;7.981729e-02
8.464298e-02;9.537016e-02;8.446264e-02;6.193343e-02;4.612940e-02;6.308661e-02;1.507040e-01;9.072875e-02;9.643962e-02;1.073332e-01;7.124994e-02;4.791929e-02
1.043407e-01;6.843045e-02;8.950042e-02;8.374363e-02;4.781116e-02;6.500155e-02;1.063516e-01;7.527664e-02;9.986700e-02;1.110309e-01;1.036621e-01;4.498379e-02
9.924750e-02;8.657321e-02;1.307453e-01;7.390040e-02;4.621600e-02;5.024483e-02;6.538241e-02;6.348605e-02;8.498232e-02;7.420982e-02;1.361779e-01;8.883426e-02
7.697130e-02;1.456311e-01;1.222929e-01;5.068002e-02;4.573979e-02;3.974317e-02;5.544597e-02;6.634818e-02;7.107928e-02;4.516662e-02;1.422087e-01;1.386930e-01
5.243757e-02;1.320181e-01;1.120265e-01;5.038386e-02;4.986949e-02;7.297998e-02;8.873688e-02;9.095407e-02;5.796181e-02;7.780556e-02;8.672228e-02;1.281039e-01
5.481342e-02;8.662795e-02;1.031237e-01;5.297642e-02;7.176355e-02;9.129661e-02;9.917870e-02;1.410174e-01;7.323202e-02;1.072555e-01;3.435301e-02;8.436166e-02
8.134238e-02;7.264382e-02;1.022003e-01;8.261517e-02;6.352435e-02;7.455007e-02;7.568365e-02;1.059576e-01;8.015724e-02;8.690421e-02;7.404778e-02;1.003734e-01
6.215517e-02;7.549822e-02;1.262175e-01;1.006776e-01;6.594437e-02;6.727776e-02;8.912972e-02;8.768314e-02;8.972228e-02;5.152281e-02;7.082625e-02;1.133452e-01
9.341502e-02;1.057717e-01;1.702508e-01;6.129416e-02;6.448881e-02;5.927392e-02;9.569983e-02;7.737337e-02;5.033262e-02;4.219515e-02;1.022230e-01;7.768162e-02
1.588298e-01;8.059419e-02;1.528935e-01;3.534446e-02;4.808209e-02;4.013237e-02;1.073045e-01;6.929353e-02;4.118920e-02;6.142148e-02;1.355471e-01;6.936774e-02
1.867202e-01;7.124291e-02;1.218152e-01;3.511871e-02;3.207223e-02;2.854059e-02;1.102711e-01;5.010329e-02;7.297424e-02;6.846776e-02;1.386477e-01;8.402601e-02
1.597493e-01;5.165907e-02;8.399519e-02;3.228693e-02;2.382515e-02;7.033670e-02;1.092603e-01;4.715646e-02;1.250213e-01;5.731916e-02;1.331919e-01;1.061985e-01
8.823191e-02;2.929169e-02;7.014105e-02;3.186346e-02;4.944851e-02;1.281258e-01;8.327273e-02;9.661151e-02;1.141184e-01;6.747980e-02;1.619042e-01;7.951089e-02
4.253356e-02;5.110817e-02;4.813004e-02;4.499457e-02;9.995899e-02;1.125112e-01;8.389851e-02;1.334680e-01;4.874619e-02;1.296280e-01;1.614137e-01;4.360906e-02
2.190791e-02;6.222682e-02;3.515589e-02;4.703240e-02;1.397871e-01;7.783441e-02;8.561207e-02;1.127278e-01;5.449808e-02;2.209304e-01;1.115135e-01;3.077365e-02
5.390639e-02;3.718327e-02;3.533149e-02;6.020265e-02;1.066018e-01;7.258897e-02;1.311729e-01;5.720882e-02;9.604901e-02;2.445593e-01;7.648402e-02;2.871136e-02
7.681208e-02;1.269129e-02;4.338421e-02;8.831255e-02;6.141638e-02;3.948447e-02;1.449700e-01;8.017460e-02;1.327935e-01;2.086890e-01;7.980824e-02;3.146371e-02
8.892897e-02;2.141258e-02;6.315150e-02;9.733578e-02;5.867054e-02;3.081106e-02;1.181919e-01;7.454232e-02;1.331491e-01;1.740188e-01;1.062430e-01;3.354463e-02
1.224383e-01;2.678574e-02;8.145514e-02;9.655999e-02;5.617707e-02;3.225309e-02;1.019532e-01;5.503104e-02;1.111211e-01;1.412940e-01;1.097550e-01;6.517631e-02
1.371774e-01;4.202788e-02;6.127598e-02;9.062833e-02;6.199454e-02;5.793193e-02;1.257119e-01;5.320988e-02;9.618521e-02;1.156498e-01;9.669478e-02;6.151232e-02
9.703792e-02;4.809064e-02;8.277063e-02;4.960797e-02;9.836366e-02;7.600135e-02;1.693842e-01;8.752397e-02;7.509626e-02;1.053404e-01;4.595289e-02;6.483013e-02
9.787558e-02;3.525233e-02;9.881973e-02;7.417972e-02;9.050425e-02;7.469837e-02;1.793320e-01;1.007812e-01;5.154823e-02;8.729069e-02;2.862304e-02;8.109488e-02
1.615449e-01;2.248622e-02;1.121861e-01;8.768123e-02;6.353256e-02;5.417288e-02;1.596181e-01;8.654226e-02;4.388499e-02;6.333122e-02;4.278547e-02;1.022341e-01
1.923693e-01;5.307534e-02;1.000325e-01;9.388071e-02;7.258502e-02;5.724668e-02;1.486277e-01;4.394536e-02;3.319343e-02;4.293358e-02;6.083351e-02;1.012769e-01
1.416763e-01;1.034381e-01;5.745403e-02;1.463472e-01;9.514999e-02;8.263836e-02;1.494752e-01;2.971680e-02;2.579057e-02;4.036788e-02;5.776145e-02;7.018412e-02
6.905591e-02;1.123125e-01;6.795659e-02;2.345841e-01;7.822451e-02;9.880541e-02;1.134823e-01;4.128102e-02;3.335124e-02;3.824014e-02;5.897292e-02;5.373327e-02
1.020332e-01;7.088555e-02;7.631901e-02;2.456778e-01;8.849021e-02;8.761278e-02;7.586709e-02;3.384841e-02;3.282603e-02;4.513489e-02;5.709185e-02;8.421316e-02
6.443885e-02;8.507745e-02;1.129280e-01;1.990358e-01;5.868755e-02;6.243385e-02;5.385413e-02;3.972887e-02;3.298630e-02;5.386984e-02;5.774194e-02;1.792175e-01
3.814819e-02;7.577609e-02;1.592405e-01;9.813990e-02;5.073179e-02;4.437647e-02;4.280375e-02;3.576552e-02;6.975409e-02;1.198696e-01;8.603666e-02;1.793575e-01
6.368985e-02;5.086688e-02;1.797871e-01;5.231205e-02;2.992425e-02;5.784034e-02;4.664596e-02;2.938953e-02;1.229681e-01;1.470438e-01;1.286005e-01;9.093158e-02
7.030489e-02;2.384792e-02;1.660401e-01;3.194465e-02;2.730424e-02;8.510856e-02;5.983744e-02;5.285471e-02;1.659450e-01;1.141759e-01;1.347732e-01;6.786342e-02
5.900667e-02;1.839394e-02;1.149619e-01;2.549195e-02;4.876677e-02;1.699089e-01;7.323018e-02;5.417953e-02;1.414868e-01;6.648515e-02;1.560491e-01;7.203924e-02
1.969066e-02;4.400579e-02;8.949594e-02;4.357985e-02;5.994836e-02;2.209204e-01;5.852104e-02;2.630688e-02;6.273592e-02;1.046532e-01;2.125688e-01;5.757319e-02
3.607613e-02;9.104986e-02;5.032970e-02;5.331044e-02;8.613159e-02;1.333258e-01;5.704064e-02;2.395951e-02;4.185035e-02;1.715807e-01;2.041020e-01;5.124321e-02
6.010935e-02;9.468496e-02;5.729195e-02;6.340219e-02;9.883854e-02;5.001981e-02;7.042895e-02;2.424720e-02;7.054853e-02;2.186072e-01;1.570852e-01;3.473616e-02
6.016862e-02;5.167664e-02;8.017323e-02;1.282824e-01;8.072770e-02;3.442963e-02;8.679775e-02;3.938083e-02;1.093716e-01;2.040140e-01;1.028868e-01;2.209092e-02
3.530275e-02;2.793464e-02;1.588126e-01;1.825409e-01;5.138976e-02;5.747082e-02;1.192473e-01;6.345046e-02;1.011303e-01;1.225359e-01;4.521492e-02;3.496966e-02
2.659237e-02;4.745694e-02;2.409813e-01;1.522870e-01;3.692970e-02;7.452617e-02;1.485360e-01;7.187600e-02;5.094042e-02;7.542918e-02;3.008031e-02;4.436469e-02
6.278785e-02;5.776180e-02;2.400412e-01;9.344659e-02;6.846889e-02;7.597573e-02;1.441233e-01;6.073602e-02;5.134090e-02;6.338450e-02;4.318367e-02;3.874953e-02
4.723128e-02;5.104598e-02;1.195291e-01;9.975280e-02;1.953509e-01;9.243971e-02;8.000379e-02;4.132406e-02;6.801134e-02;1.204294e-01;5.630632e-02;2.857527e-02
1.171554e-02;5.141027e-02;3.347304e-02;7.515441e-02;3.182385e-01;1.173175e-01;3.551133e-02;3.609246e-02;6.867196e-02;1.632561e-01;5.650413e-02;3.265477e-02
2.855992e-02;4.127639e-02;4.233126e-02;7.807683e-02;3.348522e-01;1.032739e-01;3.249224e-02;4.126566e-02;5.767753e-02;1.559725e-01;4.719364e-02;3.702790e-02
2.293740e-02;3.901644e-02;5.136501e-02;5.319168e-02;3.667041e-01;1.090711e-01;2.580206e-02;4.962964e-02;4.474347e-02;1.545178e-01;4.468348e-02;3.833785e-02
1.590910e-02;4.996877e-02;4.593559e-02;2.734382e-02;4.264466e-01;8.270075e-02;3.169334e-02;4.778564e-02;3.550208e-02;1.593658e-01;4.698590e-02;3.036256e-02
