4.333919e-02;2.021312e-01;1.568719e-01;3.261065e-02;6.622170e-02;1.559233e-01;3.158082e-02;1.586605e-01;8.147156e-02;2.141897e-02;2.346923e-02;2.630101e-02
3.647619e-02;1.266193e-01;1.252728e-01;3.076595e-02;8.774155e-02;1.707447e-01;8.511399e-02;1.564580e-01;7.645527e-02;4.452887e-02;2.497045e-02;3.485274e-02
3.679558e-02;9.541421e-02;9.965419e-02;4.068664e-02;1.210722e-01;1.389328e-01;8.947548e-02;1.428588e-01;8.886466e-02;7.527434e-02;3.070679e-02;4.026430e-02
4.609000e-02;1.058034e-01;5.877456e-02;6.668139e-02;1.607035e-01;1.075104e-01;7.072645e-02;1.150908e-01;9.510448e-02;1.070186e-01;2.711942e-02;3.937704e-02
3.177083e-02;9.073019e-02;4.465876e-02;8.722255e-02;1.742887e-01;1.055848e-01;6.309625e-02;9.284851e-02;1.099455e-01;1.244815e-01;3.665637e-02;3.871606e-02
3.999240e-02;5.589825e-02;6.000343e-02;9.934074e-02;1.528839e-01;1.059104e-01;5.605448e-02;1.007065e-01;1.274440e-01;1.316036e-01;2.219848e-02;4.796380e-02
5.957409e-02;6.603340e-02;5.930659e-02;8.170648e-02;1.623860e-01;1.045066e-01;5.101768e-02;9.668850e-02;1.206374e-01;1.291679e-01;1.667417e-02;5.230116e-02
4.543175e-02;9.695293e-02;4.120884e-02;5.377381e-02;2.144061e-01;1.022299e-01;4.088157e-02;8.189849e-02;9.920291e-02;1.565514e-01;6.787546e-03;6.067468e-02
2.182483e-02;1.180419e-01;4.039077e-02;4.988851e-02;2.303374e-01;7.210297e-02;4.096830e-02;8.599180e-02;8.326874e-02;1.730258e-01;3.117353e-02;5.298546e-02
2.136304e-02;1.205301e-01;4.533373e-02;6.041728e-02;1.948965e-01;6.274834e-02;6.554559e-02;9.007207e-02;9.285596e-02;1.549950e-01;4.333203e-02;4.791034e-02
2.105026e-02;1.043336e-01;3.064155e-02;7.071672e-02;1.501421e-01;1.504324e-01;6.396230e-02;1.027757e-01;8.119300e-02;1.267321e-01;5.892474e-02;3.909557e-02
1.507948e-02;6.965768e-02;3.060541e-02;7.333678e-02;9.678182e-02;2.276504e-01;8.301567e-02;8.900326e-02;6.050073e-02;8.432762e-02;1.470820e-01;2.295912e-02
1.750201e-02;3.222242e-02;3.610371e-02;5.775948e-02;5.472812e-02;2.658609e-01;9.987194e-02;5.697170e-02;3.498980e-02;3.867615e-02;2.800353e-01;2.527837e-02
1.641984e-02;3.795996e-02;2.722198e-02;5.483815e-02;6.050632e-02;2.379642e-01;8.234235e-02;4.518460e-02;3.573339e-02;4.712958e-02;3.353802e-01;1.931954e-02
1.246708e-02;5.829500e-02;2.825169e-02;6.037243e-02;7.831697e-02;1.864655e-01;6.643964e-02;7.089952e-02;6.230999e-02;9.757879e-02;2.483607e-01;3.024272e-02
8.816057e-03;7.855576e-02;4.243130e-02;7.146184e-02;7.734974e-02;1.716891e-01;6.604685e-02;1.061870e-01;9.019107e-02;1.141280e-01;1.464010e-01;2.674235e-02
2.194282e-02;8.386821e-02;5.298179e-02;7.725530e-02;5.805248e-02;1.555547e-01;9.955627e-02;1.111813e-01;1.048706e-01;8.738627e-02;1.324575e-01;1.489284e-02
4.111405e-02;4.723047e-02;1.128811e-01;5.918760e-02;5.179241e-02;1.490348e-01;1.386481e-01;7.207793e-02;9.076991e-02;4.490064e-02;1.661405e-01;2.622245e-02
5.549330e-02;3.157217e-02;1.544028e-01;5.229091e-02;4.405260e-02;2.392510e-01;9.936222e-02;4.524829e-02;5.584333e-02;5.432668e-02;1.508648e-01;1.729186e-02
6.730154e-02;1.940848e-02;1.377909e-01;3.707299e-02;4.350763e-02;2.839007e-01;6.853567e-02;4.116992e-02;5.899182e-02;6.995352e-02;1.446195e-01;2.774733e-02
6.478423e-02;4.568141e-02;9.699458e-02;2.633838e-02;4.988851e-02;2.501855e-01;6.556137e-02;4.449375e-02;7.967734e-02;6.125642e-02;1.659576e-01;4.918087e-02
5.270198e-02;8.953016e-02;8.229723e-02;3.326964e-02;6.510872e-02;2.240501e-01;6.311665e-02;5.664595e-02;8.085278e-02;4.746637e-02;1.317324e-01;7.322804e-02
5.181253e-02;1.082956e-01;6.905872e-02;4.521383e-02;1.103733e-01;2.025785e-01;5.538278e-02;5.711497e-02;6.147020e-02;3.620297e-02;9.852167e-02;1.039749e-01
3.726603e-02;8.736982e-02;4.721918e-02;6.984878e-02;1.526436e-01;1.499065e-01;1.233916e-01;8.479440e-02;3.353032e-02;2.775752e-02;8.356961e-02;1.027026e-01
2.355998e-02;4.903622e-02;2.683887e-02;6.547996e-02;1.859809e-01;9.041658e-02;1.919001e-01;1.382926e-01;3.171871e-02;2.447229e-02;7.976593e-02;9.253798e-02
1.701009e-02;4.435447e-02;4.304346e-02;3.784227e-02;1.602894e-01;5.131451e-02;2.657201e-01;1.775249e-01;3.420169e-02;2.304407e-02;3.748179e-02;1.081732e-01
1.656166e-02;3.665779e-02;3.691590e-02;4.556718e-02;7.362295e-02;4.549076e-02;3.527861e-01;1.202281e-01;3.874013e-02;3.918405e-02;5.948514e-02;1.347603e-01
3.430390e-02;6.718933e-02;3.952367e-02;7.634080e-02;3.586727e-02;3.935065e-02;3.614207e-01;9.357369e-02;3.369605e-02;4.093922e-02;4.328064e-02;1.345141e-01
4.410278e-02;1.050295e-01;3.379431e-02;9.962699e-02;3.075814e-02;4.231046e-02;3.413674e-01;8.571230e-02;3.617046e-02;3.897857e-02;3.137385e-02;1.107752e-01
4.415361e-02;9.995309e-02;3.579636e-02;7.317552e-02;6.064254e-02;8.339882e-02;3.182705e-01;1.030734e-01;4.125011e-02;3.224304e-02;3.071815e-02;7.732488e-02
4.428916e-02;9.174338e-02;5.315552e-02;3.924137e-02;8.810840e-02;1.002318e-01;2.834570e-01;1.062148e-01;5.266122e-02;3.324141e-02;4.066171e-02;6.699420e-02
4.693063e-02;7.250538e-02;7.631812e-02;3.745492e-02;9.562571e-02;1.130067e-01;1.762508e-01;1.606570e-01;5.696584e-02;4.545926e-02;8.317717e-02;3.564848e-02
4.795924e-02;1.015188e-01;7.141448e-02;3.902094e-02;9.250323e-02;1.732489e-01;1.252781e-01;1.331408e-01;7.917143e-02;2.799527e-02;6.870612e-02;4.004273e-02
7.170113e-02;1.182452e-01;1.032917e-01;4.015530e-02;9.637365e-02;1.632337e-01;1.399625e-01;6.061518e-02;8.503614e-02;4.845383e-02;1.904362e-02;5.388810e-02
8.463959e-02;1.178810e-01;1.253180e-01;4.764501e-02;7.963478e-02;1.288856e-01;1.232243e-01;5.670794e-02;7.431945e-02;4.200789e-02;6.678078e-02;5.295555e-02
8.844274e-02;1.122783e-01;1.220604e-01;4.587006e-02;6.297486e-02;9.815602e-02;1.187113e-01;1.009405e-01;7.021326e-02;6.015472e-02;8.056174e-02;3.963607e-02
1.514247e-01;1.255403e-01;1.000233e-01;4.578068e-02;6.468293e-02;9.856818e-02;7.347327e-02;1.243382e-01;5.131715e-02;4.154956e-02;5.767872e-02;6.562305e-02
1.592626e-01;1.286500e-01;7.050744e-02;2.687114e-02;7.979614e-02;8.037321e-02;7.372624e-02;1.379277e-01;3.910427e-02;3.188422e-02;7.536939e-02;9.652761e-02
1.230967e-01;1.321114e-01;7.695273e-02;2.093245e-02;8.583210e-02;6.968235e-02;9.254897e-02;1.208025e-01;3.587742e-02;4.856487e-02;1.116052e-01;8.199331e-02
8.834070e-02;1.358873e-01;7.561544e-02;3.994866e-02;9.234226e-02;9.904948e-02;1.053827e-01;9.614542e-02;4.414513e-02;5.559543e-02;1.036669e-01;6.388059e-02
5.810606e-02;1.255188e-01;7.252167e-02;4.926606e-02;1.046215e-01;1.255937e-01;1.125570e-01;7.203876e-02;8.229031e-02;4.888852e-02;7.338920e-02;7.520842e-02
5.369530e-02;5.313876e-02;5.470817e-02;5.170825e-02;9.005430e-02;8.110354e-02;9.539919e-02;1.214196e-01;1.418858e-01;7.034514e-02;1.034568e-01;8.308513e-02
5.347072e-02;9.273757e-02;5.669072e-02;8.126975e-02;4.932673e-02;6.789959e-02;1.197389e-01;1.135304e-01;1.437155e-01;3.731916e-02;8.745428e-02;9.684668e-02
1.398558e-01;1.364409e-01;5.169192e-02;6.795286e-02;4.883270e-02;6.579437e-02;1.014561e-01;1.168462e-01;1.243987e-01;4.540871e-02;4.729033e-02;5.403142e-02
1.632603e-01;1.724707e-01;3.142503e-02;6.040446e-02;5.837864e-02;8.724821e-02;5.943959e-02;9.270550e-02;1.162663e-01;5.209134e-02;3.924505e-02;6.706485e-02
1.097336e-01;2.303364e-01;3.671212e-02;6.205763e-02;8.272491e-02;9.057458e-02;6.197922e-02;7.149676e-02;8.447670e-02;6.067732e-02;3.075581e-02;7.847493e-02
5.178573e-02;2.742629e-01;4.686932e-02;5.785567e-02;9.919756e-02;1.206113e-01;6.235815e-02;5.143128e-02;5.911690e-02;6.521895e-02;3.492162e-02;7.637057e-02
3.589748e-02;2.337242e-01;3.011633e-02;5.775009e-02;1.226567e-01;1.297300e-01;4.652307e-02;5.669144e-02;7.313392e-02;7.062150e-02;4.677050e-02;9.638478e-02
3.649589e-02;1.548892e-01;2.609358e-02;6.454670e-02;1.252980e-01;1.193927e-01;4.762619e-02;7.311377e-02;9.967512e-02;7.299054e-02;6.376389e-02;1.161144e-01
3.716634e-02;9.703759e-02;4.993222e-02;6.609511e-02;9.186621e-02;1.376958e-01;6.593938e-02;1.056100e-01;1.055589e-01;5.515316e-02;8.192376e-02;1.060215e-01
7.567304e-02;1.745499e-01;7.998654e-02;3.693607e-02;6.786814e-02;1.377327e-01;6.374134e-02;1.330399e-01;7.594325e-02;3.309280e-02;6.213795e-02;5.929837e-02
8.976617e-02;1.918858e-01;4.403281e-02;1.621143e-02;7.616081e-02;5.789289e-02;7.892777e-02;1.365505e-01;8.609322e-02;5.388929e-02;7.167711e-02;9.691220e-02
6.587399e-02;1.063802e-01;3.622623e-02;3.594507e-02;8.879574e-02;1.032455e-01;1.240612e-01;1.094957e-01;7.715425e-02;7.499075e-02;5.489450e-02;1.229368e-01
5.831585e-02;1.118447e-01;5.024443e-02;5.265191e-02;7.699010e-02;1.084641e-01;1.106253e-01;1.041347e-01;1.201142e-01;7.642452e-02;3.870407e-02;9.148610e-02
6.108140e-02;1.134075e-01;4.970099e-02;4.094043e-02;6.977398e-02;1.577023e-01;9.475249e-02;1.154612e-01;1.093709e-01;7.417961e-02;5.044085e-02;6.318837e-02
3.774063e-02;8.771538e-02;2.999153e-02;1.613604e-02;7.072386e-02;2.031644e-01;1.130682e-01;1.146558e-01;6.586584e-02;8.278557e-02;7.688157e-02;1.012713e-01
3.627334e-02;1.060197e-01;4.262663e-02;1.622450e-02;5.435425e-02;1.410096e-01;1.172693e-01;1.085469e-01;1.212702e-01;9.820741e-02;8.413453e-02;7.406349e-02
7.128526e-02;8.252911e-02;7.031193e-02;4.515254e-02;6.333141e-02;9.000777e-02;1.122520e-01;8.329774e-02;1.397593e-01;9.927167e-02;7.359160e-02;6.920968e-02
7.314318e-02;9.053618e-02;4.313270e-02;5.528644e-02;6.763556e-02;1.071903e-01;1.069617e-01;9.654871e-02;1.027134e-01;8.770947e-02;6.772195e-02;1.014203e-01
6.828181e-02;1.175799e-01;7.338436e-02;4.016460e-02;2.990093e-02;1.287396e-01;1.170370e-01;1.010898e-01;6.151672e-02;6.810903e-02;4.159240e-02;1.526039e-01
5.303176e-02;8.679158e-02;7.391580e-02;3.067934e-02;3.650796e-02;1.520198e-01;8.867188e-02;7.304695e-02;4.679157e-02;7.294586e-02;1.480190e-01;1.375785e-01
3.268094e-02;5.297863e-02;5.954106e-02;2.501512e-02;5.013205e-02;1.816428e-01;5.525878e-02;4.625632e-02;4.701486e-02;6.425890e-02;2.733764e-01;1.118441e-01
2.321810e-02;6.207231e-02;3.946945e-02;2.126222e-02;7.234128e-02;2.001784e-01;6.494166e-03;2.982064e-02;4.487713e-02;1.135887e-01;3.156744e-01;7.100320e-02
4.480045e-02;1.719062e-01;1.646826e-02;3.031153e-02;1.261939e-01;1.494531e-01;1.897140e-02;3.340102e-02;5.298176e-02;1.791599e-01;1.496233e-01;2.672921e-02
4.547200e-02;2.220066e-01;1.005442e-01;5.351241e-02;1.559462e-01;1.021748e-01;1.672544e-02;4.156219e-02;5.295442e-02;1.654198e-01;1.985144e-02;2.383054e-02
2.413801e-02;1.619520e-01;1.606208e-01;8.735502e-02;1.363449e-01;1.576584e-01;3.141084e-02;3.529155e-02;4.243729e-02;1.078946e-01;3.650661e-02;1.838995e-02
1.310257e-02;9.369004e-02;9.447149e-02;9.107736e-02;9.981429e-02;2.982161e-01;7.132591e-02;2.713873e-02;3.757589e-02;6.248392e-02;9.426201e-02;1.684167e-02
1.827108e-02;4.797802e-02;5.453973e-02;4.558238e-02;5.926798e-02;3.762480e-01;9.698779e-02;5.293384e-02;5.642140e-02;3.780807e-02;1.286166e-01;2.534515e-02
2.221153e-02;3.126938e-02;1.017845e-01;1.382974e-02;7.020005e-02;3.369351e-01;8.831841e-02;5.175301e-02;7.503184e-02;2.449347e-02;1.277384e-01;5.643454e-02
2.577043e-02;7.441319e-02;1.028228e-01;2.276956e-02;1.445975e-01;2.433671e-01;8.908802e-02;2.814896e-02;6.318947e-02;1.619486e-02;1.004044e-01;8.923373e-02
2.213137e-02;1.177846e-01;9.508198e-02;3.317913e-02;2.241859e-01;1.656656e-01;1.053050e-01;2.886431e-02;4.486997e-02;1.722955e-02;7.091999e-02;7.478262e-02
1.607273e-02;8.434153e-02;9.656241e-02;3.893024e-02;2.860041e-01;1.272712e-01;1.319089e-01;5.268083e-02;3.993563e-02;1.804578e-02;5.071870e-02;5.752796e-02
1.412549e-02;3.765417e-02;6.761302e-02;5.271602e-02;2.874309e-01;9.711556e-02;1.638952e-01;7.208641e-02;4.398273e-02;3.020185e-02;7.481550e-02;5.836303e-02
1.482505e-02;6.260071e-02;6.051449e-02;6.132815e-02;2.380026e-01;6.164684e-02;1.822626e-01;6.670893e-02;5.016317e-02;3.928328e-02;8.398268e-02;7.868147e-02
2.753939e-02;9.314008e-02;5.942778e-02;6.215829e-02;1.730827e-01;6.229387e-02;2.123741e-01;5.693552e-02;3.928236e-02;3.861331e-02;7.343981e-02;1.017129e-01
4.292645e-02;1.139847e-01;8.596519e-02;5.550447e-02;1.045578e-01;1.005600e-01;2.033688e-01;6.600293e-02;4.405186e-02;3.245680e-02;4.874021e-02;1.018807e-01
5.208670e-02;1.643820e-01;8.780261e-02;4.181539e-02;6.640404e-02;1.319551e-01;1.576007e-01;6.485408e-02;5.053880e-02;3.638517e-02;4.117808e-02;1.049973e-01
6.967577e-02;1.444340e-01;7.353008e-02;2.958184e-02;5.487090e-02;1.845987e-01;1.547828e-01;5.578950e-02;4.654187e-02;3.620345e-02;7.129364e-02;7.869745e-02
6.994315e-02;8.820839e-02;8.687279e-02;3.787588e-02;6.888843e-02;2.307194e-01;1.112833e-01;6.504485e-02;6.544179e-02;3.147785e-02;7.622186e-02;6.802229e-02
6.745998e-02;7.483356e-02;9.447500e-02;4.206116e-02;6.141973e-02;2.463585e-01;6.510723e-02;6.839672e-02;9.432656e-02;6.889540e-02;4.919969e-02;6.746642e-02
7.302402e-02;6.999257e-02;6.142741e-02;5.633315e-02;7.136730e-02;2.280529e-01;5.752326e-02;9.028620e-02;1.168304e-01;8.122402e-02;4.173521e-02;5.220353e-02
6.699921e-02;9.843900e-02;4.068647e-02;6.802829e-02;7.807834e-02;1.918756e-01;7.997229e-02;9.225146e-02;9.320515e-02;7.926784e-02;6.267853e-02;4.851780e-02
5.578152e-02;9.219429e-02;7.471643e-02;5.772134e-02;9.252295e-02;1.752171e-01;1.166855e-01;7.279956e-02;6.317978e-02;8.430828e-02;6.113493e-02;5.373826e-02
5.936023e-02;8.024466e-02;8.761852e-02;5.842902e-02;1.511407e-01;9.508651e-02;1.029858e-01;8.464285e-02;7.301316e-02;6.889895e-02;6.468394e-02;7.389558e-02
7.166940e-02;5.427601e-02;6.479945e-02;7.129788e-02;1.735100e-01;1.147180e-01;9.500779e-02;6.601164e-02;6.116897e-02;7.233143e-02;1.006402e-01;5.456919e-02
4.325300e-02;1.254330e-01;6.376450e-02;6.032941e-02;1.458314e-01;9.291673e-02;1.188533e-01;7.518427e-02;8.096819e-02;7.414909e-02;6.694068e-02;5.237646e-02
3.054453e-02;1.600358e-01;6.710924e-02;5.994655e-02;7.785538e-02;8.017936e-02;1.520771e-01;8.214214e-02;1.060048e-01;7.860558e-02;4.083962e-02;6.465986e-02
2.294941e-02;1.355049e-01;5.134793e-02;7.734190e-02;6.759235e-02;9.391720e-02;1.982323e-01;7.454482e-02;1.107408e-01;7.486360e-02;4.981838e-02;4.314646e-02
2.333804e-02;1.155199e-01;4.307402e-02;9.009596e-02;8.187144e-02;1.139032e-01;2.151330e-01;5.756306e-02;1.086714e-01;6.966237e-02;5.530009e-02;2.586756e-02
1.159316e-02;1.494826e-01;4.465531e-02;7.665122e-02;7.366129e-02;1.213329e-01;1.792341e-01;7.978860e-02;1.120499e-01;6.881945e-02;4.990491e-02;3.282652e-02
2.275016e-02;2.030471e-01;4.434315e-02;6.023457e-02;6.046838e-02;1.774353e-01;9.679043e-02;6.757973e-02;1.134018e-01;7.955324e-02;3.293619e-02;4.145987e-02
5.277734e-02;1.196908e-01;5.155232e-02;5.413176e-02;5.744914e-02;2.833815e-01;7.008848e-02;5.497574e-02;1.239914e-01;5.940980e-02;3.263024e-02;3.992143e-02
8.266958e-02;4.320561e-02;6.191757e-02;3.962905e-02;5.342155e-02;3.279605e-01;1.063210e-01;5.984111e-02;1.374118e-01;2.769329e-02;2.294140e-02;3.698759e-02
8.643307e-02;8.192235e-02;6.331101e-02;7.695779e-02;4.991280e-02;2.114683e-01;1.127125e-01;6.226809e-02;1.532567e-01;3.345717e-02;3.533279e-02;3.296746e-02
7.518476e-02;9.310354e-02;6.639697e-02;1.199968e-01;4.923911e-02;1.168953e-01;8.381410e-02;1.111146e-01;1.792615e-01;3.558168e-02;5.028899e-02;1.912262e-02
5.166528e-02;6.072513e-02;6.274544e-02;1.438946e-01;4.837369e-02;7.101956e-02;9.113239e-02;1.411456e-01;2.163755e-01;3.824441e-02;5.400681e-02;2.067153e-02
4.585222e-02;3.959510e-02;8.853253e-02;1.106980e-01;8.129486e-02;3.512534e-02;1.050191e-01;1.447370e-01;2.411777e-01;5.204986e-02;3.683336e-02;1.908499e-02
2.559368e-02;6.247326e-02;8.719516e-02;7.270335e-02;1.157286e-01;5.143739e-02;7.932463e-02;1.516272e-01;2.426494e-01;6.277045e-02;2.468645e-02;2.381043e-02
1.681048e-02;6.706224e-02;7.927580e-02;8.218057e-02;7.671058e-02;1.234834e-01;7.344466e-02;1.275421e-01;2.330718e-01;5.188991e-02;3.736974e-02;3.115863e-02
2.639107e-02;6.739386e-02;8.958440e-02;6.606149e-02;3.707144e-02;1.978368e-01;7.823686e-02;8.251365e-02;2.222046e-01;4.772356e-02;5.290206e-02;3.208020e-02
3.905588e-02;8.808384e-02;8.879352e-02;6.920380e-02;6.339782e-02;1.576665e-01;9.425293e-02;1.643748e-01;1.305020e-01;4.209928e-02;4.859290e-02;1.397677e-02
4.939712e-02;9.287959e-02;6.502136e-02;6.616841e-02;5.935693e-02;1.220828e-01;1.283084e-01;1.782645e-01;1.081116e-01;5.218840e-02;4.433061e-02;3.389032e-02
3.567149e-02;8.155857e-02;7.663494e-02;3.592018e-02;3.599123e-02;1.727106e-01;1.102374e-01;1.072336e-01;1.294333e-01;7.904085e-02;7.921926e-02;5.634858e-02
7.287788e-02;9.945858e-02;1.136380e-01;6.455787e-02;5.664541e-02;1.519647e-01;8.589585e-02;8.955457e-02;9.231791e-02;7.729152e-02;6.454429e-02;3.125345e-02
9.545641e-02;8.065362e-02;1.048256e-01;1.131789e-01;8.690365e-02;1.183709e-01;8.028696e-02;1.097776e-01;8.069695e-02;4.891698e-02;3.368910e-02;4.724324e-02
8.216790e-02;8.595042e-02;8.763976e-02;1.224334e-01;7.841967e-02;1.264631e-01;8.461477e-02;1.104180e-01;7.430939e-02;5.007971e-02;3.467438e-02;6.282950e-02
9.084541e-02;8.518422e-02;6.986225e-02;1.025826e-01;4.268725e-02;1.238587e-01;1.176113e-01;1.283328e-01;7.643944e-02;4.644882e-02;4.223623e-02;7.391106e-02
9.251042e-02;8.099008e-02;6.879932e-02;5.419751e-02;4.363921e-02;6.506770e-02;1.469415e-01;1.789164e-01;4.908969e-02;7.418264e-02;4.154344e-02;1.041221e-01
7.734099e-02;7.577183e-02;4.957065e-02;4.577796e-02;4.241185e-02;3.766719e-02;1.497337e-01;2.445978e-01;3.941242e-02;1.143301e-01;3.173443e-02;9.165114e-02
5.390339e-02;5.637383e-02;4.258113e-02;6.164444e-02;3.376367e-02;2.351651e-02;1.895438e-01;2.810069e-01;2.831180e-02;1.650067e-01;1.868586e-02;4.566193e-02
3.939707e-02;2.892762e-02;2.760952e-02;7.278532e-02;1.537631e-02;4.125794e-02;3.154761e-01;2.350933e-01;1.776490e-02;1.738565e-01;1.588590e-02;1.656952e-02
3.228115e-02;2.960531e-02;2.458482e-02;5.631343e-02;2.200045e-02;8.922240e-02;3.684637e-01;2.085288e-01;2.074897e-02;1.105255e-01;2.501393e-02;1.271164e-02
3.472907e-02;3.519960e-02;3.803327e-02;4.493796e-02;3.038461e-02;1.199378e-01;3.594499e-01;1.862976e-01;3.444107e-02;5.053700e-02;3.482187e-02;3.123019e-02
3.399509e-02;5.518887e-02;5.065567e-02;5.372969e-02;6.268447e-02;1.235655e-01;3.306577e-01;1.406197e-01;3.841214e-02;2.932645e-02;3.375844e-02;4.740624e-02
4.248849e-02;1.102724e-01;4.007825e-02;7.877858e-02;1.199813e-01;8.726793e-02;1.936749e-01;1.111606e-01;3.800170e-02;4.925578e-02;2.533366e-02;1.037064e-01
3.040740e-02;1.217463e-01;2.160708e-02;1.172217e-01;7.538236e-02;1.170123e-01;1.501171e-01;1.098046e-01;2.154044e-02;5.075455e-02;2.321849e-02;1.611878e-01
3.617563e-02;9.204048e-02;2.442426e-02;1.416529e-01;4.172327e-02;1.608891e-01;1.725807e-01;1.148460e-01;3.143424e-02;3.669935e-02;1.792504e-02;1.296091e-01
6.819107e-02;7.230521e-02;4.047499e-02;1.008513e-01;3.879192e-02;1.968592e-01;1.957775e-01;1.270512e-01;2.910263e-02;3.440502e-02;1.555147e-02;8.063853e-02
7.927486e-02;8.170395e-02;8.202224e-02;8.140174e-02;4.512467e-02;2.022064e-01;1.707142e-01;9.048931e-02;4.545094e-02;4.196960e-02;1.976070e-02;5.988142e-02
6.466901e-02;7.873512e-02;9.372859e-02;8.991761e-02;5.190556e-02;1.516759e-01;1.467277e-01;1.162630e-01;7.610290e-02;4.722506e-02;2.598850e-02;5.706105e-02
6.896228e-02;5.702053e-02;6.085524e-02;6.303500e-02;3.910834e-02;1.125309e-01;1.450223e-01;1.732813e-01;1.287122e-01;6.754892e-02;1.863397e-02;6.528902e-02
6.875756e-02;7.264134e-02;3.610506e-02;5.888239e-02;1.773430e-02;1.449207e-01;9.616049e-02;1.427489e-01;1.360264e-01;1.050248e-01;8.363458e-03;1.126347e-01
3.989183e-02;1.024066e-01;5.444709e-02;7.778958e-02;2.585331e-02;1.432997e-01;7.928682e-02;1.038763e-01;8.783875e-02;9.564970e-02;1.086537e-02;1.787948e-01
2.494047e-02;1.030614e-01;3.302618e-02;6.641863e-02;1.090415e-01;6.932169e-02;1.318910e-01;1.274114e-01;5.449231e-02;5.784912e-02;2.956691e-02;1.929794e-01
2.145984e-02;6.498346e-02;3.460592e-02;3.624969e-02;1.959599e-01;7.682504e-02;1.688085e-01;1.397935e-01;5.543877e-02;5.403521e-02;5.630014e-02;9.554002e-02
2.588101e-02;3.767226e-02;7.970888e-02;3.317163e-02;1.748569e-01;1.104622e-01;1.588248e-01;8.622652e-02;7.241616e-02;6.719839e-02;1.057518e-01;4.782948e-02
3.775662e-02;2.448582e-02;9.514262e-02;4.450002e-02;8.500152e-02;1.993483e-01;9.978320e-02;8.932696e-02;9.172512e-02;5.487589e-02;1.408197e-01;3.723429e-02
4.427746e-02;3.087159e-02;6.887596e-02;4.360486e-02;2.481171e-02;2.628327e-01;1.554258e-01;9.877157e-02;7.523967e-02;4.296084e-02;1.297739e-01;2.255401e-02
4.430558e-02;3.927233e-02;6.031789e-02;4.143598e-02;4.320624e-02;2.762624e-01;1.363953e-01;1.068748e-01;6.214461e-02;4.164083e-02;1.277038e-01;2.044015e-02
4.889072e-02;5.416279e-02;7.233018e-02;4.562650e-02;5.958447e-02;2.771331e-01;6.843839e-02;1.067926e-01;4.323284e-02;4.696546e-02;1.375017e-01;3.934122e-02
5.205227e-02;3.631742e-02;4.923611e-02;9.550107e-02;8.790051e-02;2.289319e-01;1.382876e-01;6.691226e-02;4.332467e-02;3.996464e-02;1.252168e-01;3.635481e-02
4.874153e-02;6.672738e-02;7.343644e-02;1.063189e-01;9.557933e-02;1.750866e-01;1.402924e-01;6.260774e-02;4.275562e-02;3.473001e-02;1.146477e-01;3.907651e-02
3.604927e-02;9.937362e-02;1.089372e-01;7.091759e-02;7.115036e-02;1.899354e-01;1.157784e-01;4.871730e-02;4.447136e-02;2.608462e-02;1.388393e-01;4.974548e-02
2.388807e-02;1.015647e-01;1.588015e-01;3.278355e-02;4.018396e-02;2.331737e-01;8.578681e-02;3.021915e-02;4.202830e-02;1.722670e-02;1.845386e-01;4.980490e-02
2.628864e-02;6.519436e-02;1.667178e-01;1.552903e-02;5.023726e-02;2.427541e-01;7.179853e-02;2.740748e-02;3.746592e-02;2.369832e-02;2.246073e-01;4.830123e-02
1.977733e-02;2.951231e-02;1.280429e-01;1.399394e-02;7.660046e-02;2.052003e-01;1.013445e-01;2.486090e-02;4.259554e-02;2.074424e-02;2.288159e-01;1.085116e-01
1.396035e-02;1.367749e-02;7.797760e-02;5.579635e-02;1.118117e-01;1.499926e-01;1.669215e-01;2.563340e-02;3.896114e-02;1.997619e-02;1.915161e-01;1.337757e-01
1.257089e-02;1.271253e-02;4.109453e-02;1.425681e-01;1.307096e-01;1.185648e-01;2.437001e-01;2.583671e-02;2.989696e-02;1.485069e-02;1.166898e-01;1.108052e-01
1.327567e-02;2.395135e-02;1.874355e-02;1.695401e-01;1.115472e-01;1.183545e-01;3.238832e-01;3.458286e-02;1.533111e-02;1.454668e-02;5.753205e-02;9.871168e-02
1.164726e-02;4.846777e-02;1.558044e-02;1.158188e-01;6.123041e-02;9.751004e-02;3.830040e-01;5.902529e-02;1.390082e-02;2.670582e-02;3.369744e-02;1.334119e-01
1.259106e-02;8.628219e-02;2.429508e-02;7.663871e-02;2.298778e-02;5.672398e-02;3.735724e-01;6.321420e-02;1.139906e-02;4.743692e-02;1.832836e-02;2.065303e-01
1.888682e-02;1.443222e-01;3.751362e-02;6.240440e-02;2.903195e-02;5.896217e-02;2.623488e-01;3.745152e-02;1.469499e-02;3.866916e-02;2.681668e-02;2.688977e-01
2.999431e-02;2.274357e-01;6.272306e-02;6.402029e-02;5.456625e-02;7.988637e-02;1.428702e-01;3.163354e-02;2.113154e-02;2.169819e-02;2.747438e-02;2.365662e-01
3.829186e-02;2.209138e-01;1.268829e-01;1.172956e-01;3.460055e-02;8.188346e-02;1.071253e-01;4.852510e-02;2.136336e-02;3.103428e-02;2.915546e-02;1.429285e-01
6.470454e-02;1.370104e-01;2.437524e-01;1.258696e-01;3.000885e-02;8.689337e-02;5.638202e-02;7.809978e-02;2.031402e-02;3.381931e-02;3.306015e-02;9.008554e-02
7.431956e-02;7.333204e-02;2.386679e-01;1.174785e-01;3.267172e-02;1.019982e-01;9.881400e-02;9.979635e-02;2.092177e-02;4.068521e-02;2.818017e-02;7.313455e-02
6.808527e-02;1.120921e-01;1.137402e-01;9.147760e-02;3.700343e-02;1.076530e-01;1.547511e-01;1.218484e-01;1.567799e-02;4.437147e-02;1.932079e-02;1.139786e-01
6.068526e-02;1.771199e-01;7.407949e-02;5.100537e-02;3.656491e-02;7.917764e-02;1.838250e-01;1.391064e-01;2.953538e-02;3.265601e-02;3.196314e-02;1.042814e-01
3.536002e-02;1.446209e-01;8.144833e-02;8.929151e-02;2.667233e-02;9.904493e-02;1.467885e-01;1.559407e-01;4.028248e-02;2.803546e-02;5.668905e-02;9.582581e-02
3.978766e-02;9.267876e-02;8.148607e-02;6.271121e-02;4.548053e-02;9.580653e-02;1.989398e-01;1.289601e-01;3.097440e-02;1.936919e-02;5.985114e-02;1.439546e-01
3.143609e-02;1.351369e-01;7.233315e-02;6.184559e-02;5.063176e-02;3.913959e-02;2.191366e-01;1.243779e-01;3.082373e-02;1.893103e-02;6.481625e-02;1.513914e-01
3.038057e-02;1.455233e-01;7.495718e-02;6.105240e-02;3.786784e-02;9.970044e-02;1.441753e-01;1.166115e-01;3.146488e-02;3.603753e-02;8.390702e-02;1.383221e-01
4.518610e-02;1.181035e-01;8.294073e-02;5.139080e-02;3.602386e-02;1.266569e-01;1.362530e-01;1.037195e-01;4.312496e-02;5.017909e-02;8.716603e-02;1.192555e-01
5.977917e-02;1.073318e-01;4.325026e-02;6.373374e-02;5.525284e-02;1.392464e-01;1.394854e-01;7.858407e-02;6.630958e-02;5.719717e-02;7.057554e-02;1.192541e-01
4.785275e-02;1.069253e-01;1.060345e-01;6.287390e-02;4.467459e-02;1.662012e-01;8.182561e-02;6.821902e-02;7.966915e-02;5.209409e-02;8.978346e-02;9.384641e-02
3.471386e-02;1.118179e-01;1.293091e-01;5.672027e-02;6.093265e-02;1.429701e-01;6.868463e-02;6.454106e-02;9.516315e-02;3.675001e-02;1.236926e-01;7.470468e-02
3.369276e-02;1.023519e-01;1.108647e-01;5.682876e-02;6.461413e-02;1.311667e-01;9.805859e-02;8.266063e-02;9.626334e-02;3.683569e-02;1.269822e-01;5.968067e-02
3.739054e-02;8.026395e-02;6.193611e-02;5.618660e-02;4.894932e-02;1.859800e-01;1.501707e-01;1.057721e-01;1.013892e-01;3.886127e-02;9.790009e-02;3.520022e-02
2.560389e-02;5.063337e-02;6.693739e-02;3.678432e-02;3.813298e-02;2.006325e-01;1.825945e-01;8.202695e-02;1.459503e-01;2.692061e-02;8.378813e-02;5.999512e-02
1.532449e-02;3.788096e-02;7.992475e-02;4.060222e-02;2.850493e-02;2.051142e-01;2.263218e-01;7.214094e-02;1.391129e-01;1.678524e-02;6.801334e-02;7.027422e-02
2.075586e-02;6.147557e-02;1.128639e-01;3.866885e-02;4.376048e-02;2.371009e-01;1.949867e-01;5.104694e-02;9.409685e-02;1.385199e-02;7.494409e-02;5.644786e-02
3.382914e-02;9.610689e-02;1.378549e-01;4.829345e-02;7.587717e-02;2.332712e-01;1.317723e-01;4.152229e-02;6.809786e-02;1.505752e-02;7.626055e-02;4.205665e-02
5.074302e-02;1.137418e-01;1.366864e-01;5.359494e-02;1.026953e-01;1.783081e-01;1.038096e-01;5.827787e-02;5.934018e-02;3.005268e-02;6.991976e-02;4.283052e-02
4.061358e-02;1.493723e-01;1.180092e-01;4.663137e-02;4.866175e-02;1.556679e-01;1.186473e-01;9.303991e-02;9.206337e-02;4.218801e-02;4.132948e-02;5.377583e-02
3.212572e-02;1.116592e-01;5.440219e-02;5.327504e-02;5.073162e-02;1.807920e-01;1.599264e-01;1.190719e-01;8.753565e-02;3.315051e-02;4.648168e-02;7.084814e-02
3.417832e-02;7.495330e-02;5.746814e-02;8.403399e-02;3.034504e-02;1.812727e-01;1.617607e-01;1.188410e-01;6.703094e-02;3.550467e-02;8.225058e-02;7.236058e-02
4.486432e-02;1.273460e-01;6.825450e-02;8.062603e-02;5.937701e-02;1.268786e-01;1.111955e-01;1.028218e-01;8.631620e-02;4.384681e-02;9.497128e-02;5.350205e-02
3.247178e-02;9.318326e-02;8.607177e-02;4.710030e-02;4.542574e-02;1.504475e-01;1.962004e-01;9.241651e-02;1.338540e-01;3.782215e-02;4.185504e-02;4.315153e-02
2.788823e-02;4.172001e-02;1.163775e-01;6.436674e-02;3.682034e-02;1.780521e-01;1.958320e-01;9.221569e-02;1.123074e-01;3.030520e-02;4.230098e-02;6.181381e-02
4.164433e-02;1.168236e-01;6.964763e-02;1.058604e-01;3.269293e-02;1.092818e-01;1.503880e-01;7.623699e-02;6.596301e-02;5.429189e-02;5.744706e-02;1.197224e-01
5.090791e-02;1.300403e-01;4.047882e-02;1.279993e-01;2.225366e-02;8.112246e-02;1.363657e-01;6.639829e-02;3.686223e-02;7.895090e-02;5.052612e-02;1.780943e-01
5.571528e-02;1.131571e-01;3.334876e-02;1.084340e-01;2.168676e-02;1.060740e-01;1.671261e-01;7.485167e-02;1.705332e-02;8.430018e-02;3.726440e-02;1.809884e-01
6.035120e-02;1.345619e-01;2.170449e-02;1.011178e-01;1.985306e-02;1.209208e-01;1.852969e-01;8.650476e-02;1.490116e-02;6.494260e-02;2.961578e-02;1.602295e-01
6.097490e-02;1.463795e-01;3.414392e-02;1.006171e-01;1.666584e-02;1.082147e-01;1.951128e-01;6.755137e-02;2.054408e-02;3.764885e-02;3.198180e-02;1.801652e-01
5.929150e-02;1.328152e-01;4.855453e-02;8.650893e-02;1.787070e-02;8.943705e-02;2.238524e-01;8.630155e-02;2.573040e-02;2.227544e-02;3.041387e-02;1.769484e-01
7.169982e-02;1.146554e-01;8.426695e-02;5.915899e-02;3.051689e-02;8.058506e-02;2.114912e-01;1.073216e-01;4.409657e-02;1.647835e-02;3.723976e-02;1.424894e-01
9.701165e-02;8.218918e-02;5.768757e-02;6.484053e-02;4.057524e-02;1.235754e-01;1.739118e-01;6.942058e-02;8.202376e-02;4.895778e-02;6.498778e-02;9.481867e-02
1.097887e-01;7.127658e-02;6.359713e-02;8.245687e-02;3.918094e-02;1.496280e-01;1.995301e-01;7.357574e-02;6.018902e-02;5.357279e-02;4.671875e-02;5.048541e-02
1.106680e-01;7.352311e-02;5.874109e-02;5.236698e-02;2.987040e-02;1.130843e-01;2.196429e-01;9.008327e-02;8.697797e-02;3.977864e-02;7.358263e-02;5.168070e-02
9.033392e-02;7.439525e-02;7.244548e-02;5.643679e-02;2.678244e-02;8.944444e-02;2.004137e-01;8.006655e-02;1.115316e-01;4.860060e-02;9.538838e-02;5.416089e-02
8.220736e-02;8.705124e-02;8.402365e-02;6.896234e-02;3.642841e-02;1.255407e-01;1.528899e-01;8.785157e-02;8.385082e-02;4.018802e-02;7.287512e-02;7.813097e-02
6.067036e-02;9.625323e-02;5.885426e-02;7.923530e-02;4.999754e-02;1.307210e-01;1.865056e-01;8.523694e-02;6.085366e-02;4.075718e-02;4.534955e-02;1.055654e-01
6.571836e-02;9.106840e-02;5.592487e-02;6.864101e-02;5.536955e-02;9.824808e-02;1.850985e-01;1.030286e-01;6.912406e-02;4.689995e-02;3.053437e-02;1.303443e-01
8.919452e-02;7.694602e-02;4.756849e-02;4.225993e-02;8.795626e-02;1.153226e-01;1.556253e-01;1.049481e-01;8.248158e-02;4.857564e-02;4.459224e-02;1.045293e-01
6.082203e-02;6.481448e-02;5.517407e-02;4.270840e-02;1.030410e-01;1.423325e-01;1.384110e-01;6.598177e-02;8.189479e-02;3.037095e-02;6.966428e-02;1.447848e-01
3.297892e-02;7.576188e-02;5.663729e-02;6.013915e-02;9.943904e-02;1.191852e-01;1.048033e-01;7.114840e-02;8.276381e-02;2.514647e-02;9.496913e-02;1.770274e-01
4.052147e-02;6.207543e-02;6.036856e-02;6.590630e-02;1.123386e-01;8.253530e-02;5.742836e-02;9.881063e-02;1.095726e-01;5.572403e-02;1.063786e-01;1.483401e-01
7.766650e-02;9.524112e-02;4.051225e-02;6.203124e-02;8.677074e-02;7.255311e-02;9.992006e-02;9.148820e-02;9.959278e-02;1.208261e-01;9.819529e-02;5.520261e-02
6.087876e-02;8.350419e-02;3.190384e-02;5.633459e-02;5.581730e-02;9.026725e-02;1.639968e-01;9.301174e-02;8.590075e-02;1.275381e-01;8.818481e-02;6.266184e-02
6.868091e-02;5.299370e-02;2.210955e-02;6.659947e-02;5.345597e-02;1.003734e-01;1.563109e-01;9.355670e-02;6.796178e-02;1.165541e-01;1.040367e-01;9.736677e-02
6.287137e-02;5.004498e-02;6.670220e-02;9.017309e-02;4.475224e-02;1.163141e-01;1.414872e-01;9.966990e-02;5.302814e-02;1.193694e-01;7.789028e-02;7.769715e-02
5.428954e-02;7.357852e-02;1.120910e-01;8.100691e-02;8.368198e-02;1.330166e-01;1.501206e-01;8.686093e-02;4.523585e-02;7.410628e-02;7.128677e-02;3.472497e-02
3.334662e-02;1.085113e-01;8.193889e-02;6.036923e-02;1.436509e-01;1.766061e-01;1.191453e-01;7.813651e-02;5.070560e-02;4.486971e-02;6.756525e-02;3.515450e-02
2.370678e-02;1.298921e-01;4.869416e-02;4.850459e-02;2.289087e-01;1.593677e-01;6.013282e-02;8.576838e-02;5.607650e-02;7.129025e-02;5.271740e-02;3.494062e-02
2.095069e-02;1.566399e-01;1.973050e-02;6.078236e-02;3.091257e-01;1.044016e-01;2.466854e-02;7.149374e-02;7.280155e-02;1.112424e-01;2.281959e-02;2.534341e-02
2.712063e-02;1.708308e-01;1.737350e-02;7.855834e-02;3.242199e-01;5.889335e-02;2.037473e-02;4.527126e-02;8.590169e-02;1.357694e-01;1.821242e-02;1.747400e-02
5.050076e-02;1.727950e-01;1.980640e-02;7.453448e-02;2.990602e-01;3.537809e-02;2.351679e-02;2.661885e-02;1.004180e-01;1.484811e-01;2.432526e-02;2.456516e-02
6.502286e-02;1.922737e-01;2.370933e-02;7.228128e-02;2.676209e-01;4.090392e-02;1.813058e-02;3.214244e-02;9.297404e-02;1.484827e-01;1.409406e-02;3.236425e-02
5.577997e-02;2.419089e-01;1.885862e-02;5.472920e-02;2.456573e-01;6.664568e-02;1.817386e-02;2.672655e-02;7.206558e-02;1.515873e-01;1.849874e-02;2.936831e-02
1.980957e-02;3.053956e-01;1.580342e-02;4.057485e-02;2.220421e-01;6.706280e-02;1.308995e-02;3.281526e-02;5.823809e-02;1.658787e-01;3.702996e-02;2.225980e-02
1.462578e-02;3.201842e-01;3.038030e-02;3.352764e-02;1.656460e-01;1.252603e-01;6.722019e-03;4.028711e-02;5.364028e-02;1.602506e-01;3.266830e-02;1.680739e-02
1.424665e-02;2.501396e-01;9.466735e-02;2.237545e-02;8.765671e-02;2.180101e-01;2.066474e-02;3.368878e-02;4.121867e-02;1.110041e-01;9.958036e-02;6.747493e-03
1.147178e-02;1.548202e-01;1.621252e-01;2.089221e-02;4.329906e-02;2.763653e-01;3.184094e-02;2.533063e-02;3.981687e-02;4.677046e-02;1.729483e-01;1.431907e-02
8.549560e-03;6.821239e-02;1.756015e-01;2.363965e-02;5.075932e-02;3.010862e-01;1.836496e-02;2.492123e-02;3.318487e-02;4.345164e-02;2.301107e-01;2.211800e-02
1.114205e-02;4.476550e-02;1.197822e-01;2.093417e-02;5.871869e-02;3.227311e-01;1.758666e-02;2.726733e-02;4.019123e-02;4.576867e-02;2.647002e-01;2.641219e-02
1.554308e-02;4.177462e-02;6.200561e-02;2.960566e-02;8.450503e-02;3.412464e-01;1.649128e-02;4.059761e-02;6.041508e-02;7.310925e-02;2.100456e-01;2.466086e-02
1.268313e-02;3.932099e-02;3.952521e-02;3.903398e-02;1.204047e-01;3.157442e-01;2.205998e-02;4.871045e-02;7.978901e-02;1.110511e-01;1.130927e-01;5.858450e-02
3.737379e-02;6.783555e-02;2.539552e-02;3.557969e-02;1.284528e-01;2.150435e-01;3.303884e-02;6.372834e-02;9.225515e-02;1.382482e-01;7.624759e-02;8.680104e-02
4.656281e-02;7.167680e-02;5.337436e-02;4.902146e-02;7.013041e-02;1.091531e-01;6.382065e-02;8.571949e-02;7.849334e-02;1.709850e-01;8.993050e-02;1.111320e-01
4.508642e-02;8.709817e-02;9.684429e-02;4.090005e-02;6.376655e-02;1.077952e-01;7.745309e-02;7.437019e-02;6.245176e-02;1.672314e-01;8.381084e-02;9.319198e-02
8.022604e-02;9.184359e-02;8.898516e-02;3.950390e-02;1.013052e-01;1.102156e-01;8.906308e-02;4.338991e-02;4.895857e-02;1.211078e-01;1.184874e-01;6.691369e-02
7.743338e-02;9.452868e-02;6.492715e-02;4.538770e-02;8.292005e-02;1.237641e-01;1.080031e-01;4.318936e-02;4.478531e-02;9.986108e-02;1.351158e-01;8.008429e-02
7.698662e-02;1.184666e-01;8.607817e-02;2.735409e-02;7.643630e-02;1.306512e-01;7.524459e-02;4.546864e-02;5.558471e-02;1.050427e-01;1.166143e-01;8.607199e-02
8.756781e-02;9.277318e-02;7.892679e-02;3.991767e-02;9.866996e-02;1.588507e-01;6.092827e-02;6.120852e-02;6.317051e-02;1.051163e-01;5.423687e-02;9.863341e-02
