1.075242e-01;4.678177e-02;1.262603e-01;4.989486e-02;7.218920e-02;1.101465e-01;1.209486e-01;9.012812e-02;9.961429e-02;7.356364e-02;5.236470e-02;5.058386e-02
1.016709e-01;5.965421e-02;1.223036e-01;3.261569e-02;5.793923e-02;1.061384e-01;1.144941e-01;9.505218e-02;1.057191e-01;7.740528e-02;5.720934e-02;6.979792e-02
7.189886e-02;8.761343e-02;1.277986e-01;6.011381e-02;6.090789e-02;6.183927e-02;9.927388e-02;1.245119e-01;1.074887e-01;7.047708e-02;4.806722e-02;8.000937e-02
5.923050e-02;7.290965e-02;1.628450e-01;7.329904e-02;7.856888e-02;3.877202e-02;1.098811e-01;1.249669e-01;1.015511e-01;4.171735e-02;3.701713e-02;9.924123e-02
7.049635e-02;5.743208e-02;1.709803e-01;7.349549e-02;8.386450e-02;6.438322e-02;9.074339e-02;7.993569e-02;1.010569e-01;4.943493e-02;5.756855e-02;1.006086e-01
1.025839e-01;8.461265e-02;1.344968e-01;5.960964e-02;6.776264e-02;8.735714e-02;9.687930e-02;1.019226e-01;8.463202e-02;5.636740e-02;5.504207e-02;6.873380e-02
1.235815e-01;8.876280e-02;1.246057e-01;6.069085e-02;7.281443e-02;7.143670e-02;1.241881e-01;9.737021e-02;5.673218e-02;6.132535e-02;5.386500e-02;6.462725e-02
9.383688e-02;1.106475e-01;1.427653e-01;6.785616e-02;5.562159e-02;8.949064e-02;1.179572e-01;4.931700e-02;7.331622e-02;7.346025e-02;4.721598e-02;7.851519e-02
7.162179e-02;1.128929e-01;1.297140e-01;5.679421e-02;5.088164e-02;1.015002e-01;1.235379e-01;4.207090e-02;1.107364e-01;7.303734e-02;4.417577e-02;8.303694e-02
1.050488e-01;7.640561e-02;2.131965e-01;3.771035e-02;7.280014e-02;6.423107e-02;1.501129e-01;4.408219e-02;8.278048e-02;5.708113e-02;4.806685e-02;4.848393e-02
1.406171e-01;1.558101e-01;3.212651e-01;3.799403e-02;6.369253e-02;2.969269e-02;7.151695e-02;3.436609e-02;5.774233e-02;2.733577e-02;2.496025e-02;3.500709e-02
1.906158e-01;2.349479e-01;3.049470e-01;3.281844e-02;3.514329e-02;2.301838e-02;3.349080e-02;3.332134e-02;5.177179e-02;2.040304e-02;1.151073e-02;2.801143e-02
2.608940e-01;3.125845e-01;2.353087e-01;1.995041e-02;1.130675e-02;1.363811e-02;2.079737e-02;3.066494e-02;4.967312e-02;1.396290e-02;1.076761e-02;2.045159e-02
3.011241e-01;3.576163e-01;1.813414e-01;1.036380e-02;1.089487e-02;6.325061e-03;1.703434e-02;2.315025e-02;5.098409e-02;1.060589e-02;1.565752e-02;1.490239e-02
3.334936e-01;3.650383e-01;1.369351e-01;6.505255e-03;1.261824e-02;1.579787e-02;2.268735e-02;1.360665e-02;5.516202e-02;8.914813e-03;1.410288e-02;1.513800e-02
3.177648e-01;3.588088e-01;9.892336e-02;9.583033e-03;1.916630e-02;3.876642e-02;1.677238e-02;1.908606e-02;8.815762e-02;1.191244e-02;9.922235e-03;1.113646e-02
2.398764e-01;3.448547e-01;9.798107e-02;1.244256e-02;1.752665e-02;6.590183e-02;1.923900e-02;1.845190e-02;1.457876e-01;1.561880e-02;8.710644e-03;1.360880e-02
1.492857e-01;3.193572e-01;1.623223e-01;1.463830e-02;1.069919e-02;6.797413e-02;1.728486e-02;2.154690e-02;1.861074e-01;2.650703e-02;6.573647e-03;1.770332e-02
1.028413e-01;2.387803e-01;2.859900e-01;1.503976e-02;1.079576e-02;5.726556e-02;1.338532e-02;3.224555e-02;1.522574e-01;6.779280e-02;4.456549e-03;1.914966e-02
7.293672e-02;1.257037e-01;4.133114e-01;2.220625e-02;1.646269e-02;5.103275e-02;2.593434e-02;3.167319e-02;9.509578e-02;1.235779e-01;1.146160e-02;1.060367e-02
6.681538e-02;3.684094e-02;4.874078e-01;4.737375e-02;2.095885e-02;3.145606e-02;4.855555e-02;2.218362e-02;5.490106e-02;1.404174e-01;3.645797e-02;6.631661e-03
6.987593e-02;4.460019e-02;4.119253e-01;7.245594e-02;3.638372e-02;2.491187e-02;8.235613e-02;1.909694e-02;7.084570e-02;9.610851e-02;5.843134e-02;1.300844e-02
9.370112e-02;8.598965e-02;3.048202e-01;6.550323e-02;5.664649e-02;4.310870e-02;1.185115e-01;2.848553e-02;7.943309e-02;5.786227e-02;5.035801e-02;1.558026e-02
6.948993e-02;1.109330e-01;3.429369e-01;4.643774e-02;5.278637e-02;6.445955e-02;9.679545e-02;3.778437e-02;6.515244e-02;6.603744e-02;2.330704e-02;2.387975e-02
4.410723e-02;1.127098e-01;4.495184e-01;3.494196e-02;3.434852e-02;5.207481e-02;5.256186e-02;2.767056e-02;4.850796e-02;8.732904e-02;2.959102e-02;2.663891e-02
6.892432e-02;1.341115e-01;4.812852e-01;3.879843e-02;1.722741e-02;3.710751e-02;4.906430e-02;2.294790e-02;3.591296e-02;6.756186e-02;2.378732e-02;2.327130e-02
8.175389e-02;1.069847e-01;4.689852e-01;4.504167e-02;1.330672e-02;4.936980e-02;4.483346e-02;2.784896e-02;4.091915e-02;5.871935e-02;3.464519e-02;2.759188e-02
6.802453e-02;7.156672e-02;4.588657e-01;4.941583e-02;2.963795e-02;4.741395e-02;5.044357e-02;3.294777e-02;4.288549e-02;6.693836e-02;5.656717e-02;2.529291e-02
5.370115e-02;9.627406e-02;4.199023e-01;4.842122e-02;4.662832e-02;5.009847e-02;5.394919e-02;2.762877e-02;2.205000e-02;1.085642e-01;5.320150e-02;1.958079e-02
1.206516e-01;1.037694e-01;3.029688e-01;5.985887e-02;3.503229e-02;5.954849e-02;6.197804e-02;2.731384e-02;3.942926e-02;1.193457e-01;4.342006e-02;2.668359e-02
1.228705e-01;7.311589e-02;2.949263e-01;5.810192e-02;2.366970e-02;6.173389e-02;5.040031e-02;3.556034e-02;7.116061e-02;1.338526e-01;5.661974e-02;1.798824e-02
9.239087e-02;5.921714e-02;3.099380e-01;3.821642e-02;1.949605e-02;8.544544e-02;6.302425e-02;3.980472e-02;7.672453e-02;1.381202e-01;5.837414e-02;1.924826e-02
8.396056e-02;4.872096e-02;2.943927e-01;3.317217e-02;3.182045e-02;1.094602e-01;9.046233e-02;3.812400e-02;7.020914e-02;1.176908e-01;5.773964e-02;2.424705e-02
9.485154e-02;8.091275e-02;2.635293e-01;3.599249e-02;3.292142e-02;8.575940e-02;8.741602e-02;2.997617e-02;7.178156e-02;1.283299e-01;6.927402e-02;1.925544e-02
9.697088e-02;1.181205e-01;3.413557e-01;4.651847e-02;4.059117e-02;4.528597e-02;7.681660e-02;2.485308e-02;3.842137e-02;9.553750e-02;6.219263e-02;1.333617e-02
9.359782e-02;1.012059e-01;3.347833e-01;5.024948e-02;6.379209e-02;7.856834e-02;7.892623e-02;2.939619e-02;3.750734e-02;6.349387e-02;5.195836e-02;1.652115e-02
7.699490e-02;7.622576e-02;2.653529e-01;4.710762e-02;7.447322e-02;9.051149e-02;6.340946e-02;5.756199e-02;8.141073e-02;9.214573e-02;4.562612e-02;2.918004e-02
4.405115e-02;8.946969e-02;3.074253e-01;5.389742e-02;4.517382e-02;9.368180e-02;4.013792e-02;4.512934e-02;1.095097e-01;8.642680e-02;4.530921e-02;3.978798e-02
7.946002e-02;9.035930e-02;2.634168e-01;4.738907e-02;5.461090e-02;9.697875e-02;1.452385e-01;3.383426e-02;6.775286e-02;6.377147e-02;2.913054e-02;2.805765e-02
1.019353e-01;8.978537e-02;1.979734e-01;4.850581e-02;6.261437e-02;7.991747e-02;2.062016e-01;3.222783e-02;5.273921e-02;5.747009e-02;3.473946e-02;3.589016e-02
1.152029e-01;9.126463e-02;1.774500e-01;4.178500e-02;5.427238e-02;6.172236e-02;2.118137e-01;3.665464e-02;6.367807e-02;6.655603e-02;3.850596e-02;4.109439e-02
8.943298e-02;7.083116e-02;2.291687e-01;2.765522e-02;4.196801e-02;6.254529e-02;1.560107e-01;2.686614e-02;9.248819e-02;1.189916e-01;5.254425e-02;3.149765e-02
6.185428e-02;5.263069e-02;2.340136e-01;7.053618e-02;5.165133e-02;6.686764e-02;8.723652e-02;3.411356e-02;9.687148e-02;1.486162e-01;7.708021e-02;1.852829e-02
7.277793e-02;6.401882e-02;2.152655e-01;8.078853e-02;4.925896e-02;5.963292e-02;1.155855e-01;4.594309e-02;9.280843e-02;1.043785e-01;7.267115e-02;2.687072e-02
7.829449e-02;5.852633e-02;2.166326e-01;4.872096e-02;6.111567e-02;5.396732e-02;1.937707e-01;3.832784e-02;9.004714e-02;9.241080e-02;4.199156e-02;2.619455e-02
6.209783e-02;5.675200e-02;2.422453e-01;5.835948e-02;6.463073e-02;5.824470e-02;1.937343e-01;3.420229e-02;7.577655e-02;9.553725e-02;4.465074e-02;1.376876e-02
7.085577e-02;6.504902e-02;2.390530e-01;7.422675e-02;5.775565e-02;5.964671e-02;1.557185e-01;2.744086e-02;6.883584e-02;1.070608e-01;5.060107e-02;2.375608e-02
5.530494e-02;6.691612e-02;2.077844e-01;5.514470e-02;5.015597e-02;7.755226e-02;1.633537e-01;5.551740e-02;4.477245e-02;1.234480e-01;6.979779e-02;3.025228e-02
7.859513e-02;8.586971e-02;2.072760e-01;4.387577e-02;4.576302e-02;9.469746e-02;1.308599e-01;7.552060e-02;4.843323e-02;1.097466e-01;6.601483e-02;1.334783e-02
1.098006e-01;8.928634e-02;2.157678e-01;6.659745e-02;4.753464e-02;9.722891e-02;4.745058e-02;6.939947e-02;6.164512e-02;9.510086e-02;7.234421e-02;2.784407e-02
1.215988e-01;1.013618e-01;1.810335e-01;8.192194e-02;5.437498e-02;8.999287e-02;8.791206e-02;5.709340e-02;6.574141e-02;7.592110e-02;5.580789e-02;2.724020e-02
8.768766e-02;1.055328e-01;2.371119e-01;5.170109e-02;7.704294e-02;1.014211e-01;9.614699e-02;4.043781e-02;4.471960e-02;7.704142e-02;4.151895e-02;3.963771e-02
7.790193e-02;9.744228e-02;2.234867e-01;7.374467e-02;7.437560e-02;1.134725e-01;8.152238e-02;4.709661e-02;5.445253e-02;7.568908e-02;3.019938e-02;5.061627e-02
1.277616e-01;1.113870e-01;1.768379e-01;7.627347e-02;7.003170e-02;1.109265e-01;6.717382e-02;4.061399e-02;4.685706e-02;6.487831e-02;3.158846e-02;7.567012e-02
1.345783e-01;1.436035e-01;1.107747e-01;4.837473e-02;6.968391e-02;7.412216e-02;8.439852e-02;4.446070e-02;7.794333e-02;8.512378e-02;4.465312e-02;8.228320e-02
1.499456e-01;1.410897e-01;2.027946e-01;4.963817e-02;3.902921e-02;3.613766e-02;7.639953e-02;5.493182e-02;9.467911e-02;8.320252e-02;3.283345e-02;3.931860e-02
1.778598e-01;1.525509e-01;2.356500e-01;3.166918e-02;3.900005e-02;2.261683e-02;6.561760e-02;6.717510e-02;9.480710e-02;5.460387e-02;1.745382e-02;4.099578e-02
2.146658e-01;1.478271e-01;1.865327e-01;3.843577e-02;3.624179e-02;2.474120e-02;7.000018e-02;8.663401e-02;8.407765e-02;4.582512e-02;1.626122e-02;4.875747e-02
2.019949e-01;1.011876e-01;1.108414e-01;6.964051e-02;2.842058e-02;3.831434e-02;1.313828e-01;8.570578e-02;5.286095e-02;5.206981e-02;2.496464e-02;1.026167e-01
1.139155e-01;6.645875e-02;5.792841e-02;9.650844e-02;1.708945e-02;5.981725e-02;2.267175e-01;4.492830e-02;5.509015e-02;5.294683e-02;3.766622e-02;1.709332e-01
9.954304e-02;5.590701e-02;5.703604e-02;6.999354e-02;2.521546e-02;6.838121e-02;2.264429e-01;5.909032e-02;8.621755e-02;5.622964e-02;4.731529e-02;1.486280e-01
1.014910e-01;5.207386e-02;1.138039e-01;5.091228e-02;4.423921e-02;7.556599e-02;1.732996e-01;8.618876e-02;9.660327e-02;6.726971e-02;4.221009e-02;9.634236e-02
1.180386e-01;6.171041e-02;1.567339e-01;3.841128e-02;5.037966e-02;6.647829e-02;1.007881e-01;9.407800e-02;1.197497e-01;7.608310e-02;4.792019e-02;6.962868e-02
1.091923e-01;6.861240e-02;1.771019e-01;6.188759e-02;4.762753e-02;6.311476e-02;8.357015e-02;7.130721e-02;1.457891e-01;6.933491e-02;5.045380e-02;5.200834e-02
5.776707e-02;7.200207e-02;1.815027e-01;1.114186e-01;4.860716e-02;4.628720e-02;1.089197e-01;6.166066e-02;1.437938e-01;6.209648e-02;4.089658e-02;6.504790e-02
8.899199e-02;5.522637e-02;1.920574e-01;1.136616e-01;5.773475e-02;4.031385e-02;1.282159e-01;6.988354e-02;8.557529e-02;6.368402e-02;4.224616e-02;6.240919e-02
1.187697e-01;5.780019e-02;1.935808e-01;9.890923e-02;6.176206e-02;4.198555e-02;9.928350e-02;7.396062e-02;5.814953e-02;7.078636e-02;4.900788e-02;7.600452e-02
1.400669e-01;4.269959e-02;1.611510e-01;9.990308e-02;5.861454e-02;4.520762e-02;6.583405e-02;7.305366e-02;7.704534e-02;7.069590e-02;6.214729e-02;1.035811e-01
1.336506e-01;5.626855e-02;1.405305e-01;1.008916e-01;3.650858e-02;3.959304e-02;6.613239e-02;1.010204e-01;9.602729e-02;6.693123e-02;6.775750e-02;9.468841e-02
1.407539e-01;5.150749e-02;1.385244e-01;8.985367e-02;4.155654e-02;4.315706e-02;1.043940e-01;1.153576e-01;1.035504e-01;5.725187e-02;6.356795e-02;5.052523e-02
1.111307e-01;7.362113e-02;1.729169e-01;8.075017e-02;6.345679e-02;3.964495e-02;1.229896e-01;9.321010e-02;8.053926e-02;4.747660e-02;4.809622e-02;6.616762e-02
1.015147e-01;1.223801e-01;2.329966e-01;5.730894e-02;5.250593e-02;4.084321e-02;1.031727e-01;7.060758e-02;9.476057e-02;3.673230e-02;2.717668e-02;6.000069e-02
1.367031e-01;1.721160e-01;2.089776e-01;4.069354e-02;3.113835e-02;3.469260e-02;7.986218e-02;6.927195e-02;1.266376e-01;3.198708e-02;2.036566e-02;4.755433e-02
1.776188e-01;2.154760e-01;1.655031e-01;2.432111e-02;2.725163e-02;2.119404e-02;6.570295e-02;8.305502e-02;1.271143e-01;2.798489e-02;3.075254e-02;3.402553e-02
2.277044e-01;1.905612e-01;1.446633e-01;1.756263e-02;3.553753e-02;1.470881e-02;8.232109e-02;1.160537e-01;7.436933e-02;2.750527e-02;4.319493e-02;2.581774e-02
1.893236e-01;1.577503e-01;1.751523e-01;2.030055e-02;3.808042e-02;2.534910e-02;1.182344e-01;1.135912e-01;5.179179e-02;3.263265e-02;4.244523e-02;3.534844e-02
1.893990e-01;1.553545e-01;1.636631e-01;2.684112e-02;3.291507e-02;1.709898e-02;1.441211e-01;9.335166e-02;6.967469e-02;3.297928e-02;3.846447e-02;3.613704e-02
3.149620e-01;1.047434e-01;1.330875e-01;2.697784e-02;2.094804e-02;1.411167e-02;9.443819e-02;1.584336e-01;3.531197e-02;2.375541e-02;3.209164e-02;4.113876e-02
3.269506e-01;9.323849e-02;1.290630e-01;2.507661e-02;2.143132e-02;1.287934e-02;5.202274e-02;1.955689e-01;4.948339e-02;2.345021e-02;2.902197e-02;4.181336e-02
2.782272e-01;7.466837e-02;9.467976e-02;3.378489e-02;1.581426e-02;1.989238e-02;1.159052e-01;1.767795e-01;7.247049e-02;3.309175e-02;2.317193e-02;6.151423e-02
2.080565e-01;4.397696e-02;4.489051e-02;4.552830e-02;1.392980e-02;3.413247e-02;2.583389e-01;1.014770e-01;7.377288e-02;5.756199e-02;2.420915e-02;9.412541e-02
1.625657e-01;4.068612e-02;9.070598e-02;3.174050e-02;9.756843e-03;5.379705e-02;3.129170e-01;5.009949e-02;4.436215e-02;5.693081e-02;3.361338e-02;1.128249e-01
1.641703e-01;4.881303e-02;1.034907e-01;2.556419e-02;2.062261e-02;7.117888e-02;2.757797e-01;8.412559e-02;3.043496e-02;4.488379e-02;4.366774e-02;8.726858e-02
1.518038e-01;8.239559e-02;1.024529e-01;2.294569e-02;5.040299e-02;6.406443e-02;1.891037e-01;1.547954e-01;3.598498e-02;5.224456e-02;4.632788e-02;4.747806e-02
1.416458e-01;9.704152e-02;9.482486e-02;3.843830e-02;7.994732e-02;3.727667e-02;9.374601e-02;2.162806e-01;3.062558e-02;6.993838e-02;3.162980e-02;6.860516e-02
1.133278e-01;5.963356e-02;1.183393e-01;6.539436e-02;9.048849e-02;3.451518e-02;8.841806e-02;2.186882e-01;7.095690e-02;5.249481e-02;3.029840e-02;5.744502e-02
1.196538e-01;6.152874e-02;1.578404e-01;7.121795e-02;1.027957e-01;3.769014e-02;5.296572e-02;1.905909e-01;7.538925e-02;5.172057e-02;3.580221e-02;4.280469e-02
1.785230e-01;8.989005e-02;1.360857e-01;6.038853e-02;7.656423e-02;2.354137e-02;9.177464e-02;1.396700e-01;7.830800e-02;4.318266e-02;2.639491e-02;5.567684e-02
2.125249e-01;8.907469e-02;1.378458e-01;4.656475e-02;5.137398e-02;2.509610e-02;1.134188e-01;8.349102e-02;8.100753e-02;5.006614e-02;3.822043e-02;7.131591e-02
1.838384e-01;6.516828e-02;1.004219e-01;4.397675e-02;4.739220e-02;3.506218e-02;1.323135e-01;1.422006e-01;5.346757e-02;6.916857e-02;5.500460e-02;7.198553e-02
1.287281e-01;3.388369e-02;7.662901e-02;5.474815e-02;4.991317e-02;3.035294e-02;1.936807e-01;2.343595e-01;3.195939e-02;5.021857e-02;4.339017e-02;7.213659e-02
1.498085e-01;4.247104e-02;1.021222e-01;5.373760e-02;4.201655e-02;2.122515e-02;1.887841e-01;2.116052e-01;5.112414e-02;3.884834e-02;3.463424e-02;6.362299e-02
1.814395e-01;8.433428e-02;9.530384e-02;4.041467e-02;3.857476e-02;5.224780e-02;1.271393e-01;1.571013e-01;9.259571e-02;4.913642e-02;2.757028e-02;5.414206e-02
1.331879e-01;1.016050e-01;4.977518e-02;2.533546e-02;4.287576e-02;8.810297e-02;1.150284e-01;1.590196e-01;1.297384e-01;4.562079e-02;3.970448e-02;7.000609e-02
9.286819e-02;7.325060e-02;8.610928e-02;3.076976e-02;7.962991e-02;7.320495e-02;1.759477e-01;1.213681e-01;1.143855e-01;5.558014e-02;3.481615e-02;6.206968e-02
1.150483e-01;6.027366e-02;1.160532e-01;3.921378e-02;8.755517e-02;6.815039e-02;1.661391e-01;7.653239e-02;1.170523e-01;8.062296e-02;2.997809e-02;4.338068e-02
1.155902e-01;8.987062e-02;1.028888e-01;4.553160e-02;5.236179e-02;8.831131e-02;1.393776e-01;1.190341e-01;1.035182e-01;7.592028e-02;2.687217e-02;4.072325e-02
8.975044e-02;1.107896e-01;1.081833e-01;4.798837e-02;5.716791e-02;8.653444e-02;1.216957e-01;1.134218e-01;1.041934e-01;7.333385e-02;2.864905e-02;5.829217e-02
5.048401e-02;7.795724e-02;2.119928e-01;5.581027e-02;7.261238e-02;6.140567e-02;1.688190e-01;7.754537e-02;8.127070e-02;5.555609e-02;2.615977e-02;6.038674e-02
4.990520e-02;3.866752e-02;3.722039e-01;6.591100e-02;8.252285e-02;5.682585e-02;1.952302e-01;3.438554e-02;3.135175e-02;3.315808e-02;2.215628e-02;1.768181e-02
4.618290e-02;4.187113e-02;4.602793e-01;6.809369e-02;6.549828e-02;3.831306e-02;1.591096e-01;2.474083e-02;2.349037e-02;4.012886e-02;2.032538e-02;1.196655e-02
3.345100e-02;2.814124e-02;6.110184e-01;6.077345e-02;3.594248e-02;1.366584e-02;1.048228e-01;1.915187e-02;2.498786e-02;4.425251e-02;1.577988e-02;8.012596e-03
1.958266e-02;1.466902e-02;7.167763e-01;4.639539e-02;2.971895e-02;1.187790e-02;5.813314e-02;1.101589e-02;2.655753e-02;5.619793e-02;6.595451e-03;2.479886e-03
1.442462e-02;3.102045e-02;7.164639e-01;4.118858e-02;2.224990e-02;7.203619e-03;6.174261e-02;1.325602e-02;1.774381e-02;6.725073e-02;5.300393e-03;2.155421e-03
1.868754e-02;3.879536e-02;7.281252e-01;4.531712e-02;1.490581e-02;9.015656e-03;5.442647e-02;1.356892e-02;7.513163e-03;6.066862e-02;3.500244e-03;5.475856e-03
1.809081e-02;4.639241e-02;7.231629e-01;4.970796e-02;2.321898e-02;1.252806e-02;4.245910e-02;9.948611e-03;1.122421e-02;4.443197e-02;8.213823e-03;1.062112e-02
1.714604e-02;6.125752e-02;7.424735e-01;3.993844e-02;2.245929e-02;7.495669e-03;4.016127e-02;1.027235e-02;8.090297e-03;3.292485e-02;9.324294e-03;8.456444e-03
1.147556e-02;4.999802e-02;7.652788e-01;3.488068e-02;2.115565e-02;5.355211e-03;3.877904e-02;9.127819e-03;1.569490e-02;3.706165e-02;6.158734e-03;5.033999e-03
8.207508e-03;4.333457e-02;7.848074e-01;3.659788e-02;2.651028e-02;9.108898e-03;2.024147e-02;1.175862e-02;1.100926e-02;3.820760e-02;4.983670e-03;5.232833e-03
1.084329e-02;5.773984e-02;7.702586e-01;3.425337e-02;1.907738e-02;1.318067e-02;2.250065e-02;1.065255e-02;1.560787e-02;3.091784e-02;6.841889e-03;8.126069e-03
1.577941e-02;9.554344e-02;7.307247e-01;3.227855e-02;1.327145e-02;2.434053e-02;1.937691e-02;1.049028e-02;2.030885e-02;1.976415e-02;6.095185e-03;1.202660e-02
3.551143e-02;1.351060e-01;6.482841e-01;3.013189e-02;9.420769e-03;3.483336e-02;1.901673e-02;1.160805e-02;3.331374e-02;2.190722e-02;4.584142e-03;1.628251e-02
7.434926e-03;1.762898e-01;6.130961e-01;3.347512e-02;1.435327e-02;4.363828e-02;2.447998e-02;1.061968e-02;3.615383e-02;1.870398e-02;4.068141e-03;1.768704e-02
1.026697e-01;2.194687e-01;5.160723e-01;3.140736e-02;1.597758e-02;3.632543e-02;1.647838e-02;8.365294e-03;2.488205e-02;1.174411e-02;3.923299e-03;1.268574e-02
2.087410e-01;2.686168e-01;3.939450e-01;1.776258e-02;8.344168e-03;2.593129e-02;2.316710e-02;8.439140e-03;2.196009e-02;7.506393e-03;4.703935e-03;1.088249e-02
3.265739e-01;2.747519e-01;2.581092e-01;1.362357e-02;1.201637e-02;1.304051e-02;3.623915e-02;1.461087e-02;1.508417e-02;1.329445e-02;7.144658e-03;1.551132e-02
4.454084e-01;2.276229e-01;1.511569e-01;1.621893e-02;1.773300e-02;7.149793e-03;4.013979e-02;2.814365e-02;9.845986e-03;1.293964e-02;1.016019e-02;3.348076e-02
5.287961e-01;1.594099e-01;1.004575e-01;1.403449e-02;2.010223e-02;1.065275e-02;3.650807e-02;3.976927e-02;1.496076e-02;1.323099e-02;1.299827e-02;4.907973e-02
5.013574e-01;1.043377e-01;1.923835e-01;1.392906e-02;1.788037e-02;8.856308e-03;2.503848e-02;4.253101e-02;1.154603e-02;1.131167e-02;1.518369e-02;5.564475e-02
4.879542e-01;5.776543e-02;2.381421e-01;1.610004e-02;1.411872e-02;1.070052e-02;2.958256e-02;3.888356e-02;1.202753e-02;1.460476e-02;1.648472e-02;6.363582e-02
4.904299e-01;1.162938e-01;1.659197e-01;1.896823e-02;1.197944e-02;1.409469e-02;4.224534e-02;2.959931e-02;1.162868e-02;1.738138e-02;1.882412e-02;6.263531e-02
5.465046e-01;1.444886e-01;5.659593e-02;1.501300e-02;1.728930e-02;2.892241e-02;3.620580e-02;4.053521e-02;2.123107e-02;1.597615e-02;1.678144e-02;6.045655e-02
5.154686e-01;1.643327e-01;1.012755e-01;9.506813e-03;2.158497e-02;2.085974e-02;1.320113e-02;5.687956e-02;2.391799e-02;1.138195e-02;1.472354e-02;4.686746e-02
4.531419e-01;1.683788e-01;1.549700e-01;6.810671e-03;2.923799e-02;1.237283e-02;2.062312e-02;7.737658e-02;2.217025e-02;1.419557e-02;1.068860e-02;3.003366e-02
4.295680e-01;1.287275e-01;1.526009e-01;7.987533e-03;3.588100e-02;2.106838e-02;3.254062e-02;1.202042e-01;1.487149e-02;1.529657e-02;1.103350e-02;3.022034e-02
4.074012e-01;6.717748e-02;1.203497e-01;1.019371e-02;3.373612e-02;2.360015e-02;4.020832e-02;1.807114e-01;3.825187e-02;2.156345e-02;1.337327e-02;4.343337e-02
3.677990e-01;4.801924e-02;8.088516e-02;1.539612e-02;2.443416e-02;1.872044e-02;3.710967e-02;2.349664e-01;8.363497e-02;2.393862e-02;1.358778e-02;5.150843e-02
3.155742e-01;6.431692e-02;7.047587e-02;2.487339e-02;2.436567e-02;1.973930e-02;7.488194e-02;2.456994e-01;7.513512e-02;2.041547e-02;1.239654e-02;5.212612e-02
2.930321e-01;4.336724e-02;1.000640e-01;1.825478e-02;2.998906e-02;2.648645e-02;1.259048e-01;1.966986e-01;6.276009e-02;1.813876e-02;1.611199e-02;6.919228e-02
2.712425e-01;4.691898e-02;9.911585e-02;1.792520e-02;3.155462e-02;4.143811e-02;2.115517e-01;1.069298e-01;6.743638e-02;1.283984e-02;1.584327e-02;7.720373e-02
2.286271e-01;7.255027e-02;9.792278e-02;1.930960e-02;3.295249e-02;6.094835e-02;2.700872e-01;4.742987e-02;5.271967e-02;1.896479e-02;2.202327e-02;7.646458e-02
1.434530e-01;8.996658e-02;5.814651e-02;1.844691e-02;3.622092e-02;6.853147e-02;2.815313e-01;1.211254e-01;4.694510e-02;2.680481e-02;2.873393e-02;8.009399e-02
2.037361e-01;7.560746e-02;9.020931e-02;1.475671e-02;3.453142e-02;3.926926e-02;1.710051e-01;1.760474e-01;4.748375e-02;3.574935e-02;3.141408e-02;8.019000e-02
2.644527e-01;5.739255e-02;1.110892e-01;1.687595e-02;3.215326e-02;2.484086e-02;5.454527e-02;1.915410e-01;4.889262e-02;5.600217e-02;5.234011e-02;8.987439e-02
2.045735e-01;5.030756e-02;1.007448e-01;3.502236e-02;4.110787e-02;3.983942e-02;1.158780e-01;1.536571e-01;5.106857e-02;5.925708e-02;6.241502e-02;8.612859e-02
2.094188e-01;8.369965e-02;7.601998e-02;4.232799e-02;5.560002e-02;6.643082e-02;1.319250e-01;8.990120e-02;5.018119e-02;6.316664e-02;4.751535e-02;8.381334e-02
2.508050e-01;1.258707e-01;5.233474e-02;3.626940e-02;4.610704e-02;5.190293e-02;1.229831e-01;7.244324e-02;3.002649e-02;5.078017e-02;5.564456e-02;1.048327e-01
2.745638e-01;1.137540e-01;5.108142e-02;2.186312e-02;4.228956e-02;5.193754e-02;1.379354e-01;5.556361e-02;2.723351e-02;5.133399e-02;6.628312e-02;1.061609e-01
2.503890e-01;7.051083e-02;8.335087e-02;2.444130e-02;4.081744e-02;5.581646e-02;1.256792e-01;1.355349e-01;2.801155e-02;6.706846e-02;6.190484e-02;5.647500e-02
2.074347e-01;5.938309e-02;8.671410e-02;2.940357e-02;3.613857e-02;4.838616e-02;1.349981e-01;2.098818e-01;3.165968e-02;6.118893e-02;5.016991e-02;4.464140e-02
1.799559e-01;6.889250e-02;7.673308e-02;3.684602e-02;4.278300e-02;3.599267e-02;1.514972e-01;2.167643e-01;3.693356e-02;5.022959e-02;3.827230e-02;6.509983e-02
1.189021e-01;8.494315e-02;9.585217e-02;4.716447e-02;4.447261e-02;4.886761e-02;1.439991e-01;2.093856e-01;4.111335e-02;6.161959e-02;2.950453e-02;7.417568e-02
1.501906e-01;1.051674e-01;1.019100e-01;3.515091e-02;4.793457e-02;7.875320e-02;1.201774e-01;1.437990e-01;4.363605e-02;6.009366e-02;3.986226e-02;7.332514e-02
2.052458e-01;1.316346e-01;8.350846e-02;6.105987e-02;3.802105e-02;8.001695e-02;9.783659e-02;1.007415e-01;4.729286e-02;4.311824e-02;3.320316e-02;7.832089e-02
2.167036e-01;1.332540e-01;1.185866e-01;8.244977e-02;4.008808e-02;6.646587e-02;8.164489e-02;8.308076e-02;5.511877e-02;5.077997e-02;3.243223e-02;3.939546e-02
1.559766e-01;1.184439e-01;1.558041e-01;6.954391e-02;4.623219e-02;6.057500e-02;9.764303e-02;1.099016e-01;7.287572e-02;4.545216e-02;3.417522e-02;3.337665e-02
1.678449e-01;9.200464e-02;2.961620e-01;4.541629e-02;4.276695e-02;4.173231e-02;9.675935e-02;9.055506e-02;5.386037e-02;2.632033e-02;2.305437e-02;2.352344e-02
1.659724e-01;1.262661e-01;3.071713e-01;5.557183e-02;4.926556e-02;4.746220e-02;1.012341e-01;4.352023e-02;3.321876e-02;2.298752e-02;2.016083e-02;2.716910e-02
2.025679e-01;1.304117e-01;2.281016e-01;5.679404e-02;5.539799e-02;5.009003e-02;1.159900e-01;4.752736e-02;3.362740e-02;1.912453e-02;1.799703e-02;4.237043e-02
2.501917e-01;1.257467e-01;1.327834e-01;5.784572e-02;4.644304e-02;4.187360e-02;1.374189e-01;5.952457e-02;2.988753e-02;2.079618e-02;2.022173e-02;7.726689e-02
2.291346e-01;8.211725e-02;1.306750e-01;6.159281e-02;2.782941e-02;5.188849e-02;1.476472e-01;6.250843e-02;2.556350e-02;3.118879e-02;4.188030e-02;1.079742e-01
2.139489e-01;5.319977e-02;1.571819e-01;4.668541e-02;2.621613e-02;7.009553e-02;1.740724e-01;4.370074e-02;2.670642e-02;4.471333e-02;5.404009e-02;8.943941e-02
2.856831e-01;1.230909e-01;1.570587e-01;2.483394e-02;2.636973e-02;4.831365e-02;8.619060e-02;6.143291e-02;2.808811e-02;4.505110e-02;3.358090e-02;8.030638e-02
2.912113e-01;1.147045e-01;1.134976e-01;2.718868e-02;3.285760e-02;4.316714e-02;1.309324e-01;6.956702e-02;1.849596e-02;3.021084e-02;4.330556e-02;8.486139e-02
2.694774e-01;6.547088e-02;1.038323e-01;3.747779e-02;3.451212e-02;4.487309e-02;1.773793e-01;6.393568e-02;1.394152e-02;2.744787e-02;5.747628e-02;1.041757e-01
1.950831e-01;5.398215e-02;1.457617e-01;4.015221e-02;3.507961e-02;6.036977e-02;1.639473e-01;5.087940e-02;2.153357e-02;5.149896e-02;8.385935e-02;9.785288e-02
1.460796e-01;5.481052e-02;1.628726e-01;2.757450e-02;3.511556e-02;7.221103e-02;1.277343e-01;2.879137e-02;3.246735e-02;8.523086e-02;1.375955e-01;8.951683e-02
9.045447e-02;3.956649e-02;1.548552e-01;1.753486e-02;4.361512e-02;8.164516e-02;1.548751e-01;2.653067e-02;4.704600e-02;8.965395e-02;1.825807e-01;7.164225e-02
7.998528e-02;3.704442e-02;1.309074e-01;2.191644e-02;4.404924e-02;8.465745e-02;1.561189e-01;2.780351e-02;4.451821e-02;8.222743e-02;1.975693e-01;9.320243e-02
8.510543e-02;4.029477e-02;9.468839e-02;2.989116e-02;3.596709e-02;9.411621e-02;1.000832e-01;4.298155e-02;3.655914e-02;1.014773e-01;2.352325e-01;1.036032e-01
1.184417e-01;3.062142e-02;7.079352e-02;3.660983e-02;3.914098e-02;8.281912e-02;9.053245e-02;4.985533e-02;4.618026e-02;1.069313e-01;2.442473e-01;8.382671e-02
1.212014e-01;6.501843e-02;7.345001e-02;4.597623e-02;4.879056e-02;7.285196e-02;9.325291e-02;4.674800e-02;4.476072e-02;1.151308e-01;2.217428e-01;5.107620e-02
1.507110e-01;5.635051e-02;5.599634e-02;3.712123e-02;5.465224e-02;7.220389e-02;6.311186e-02;5.534855e-02;3.262916e-02;1.451734e-01;2.065469e-01;7.015485e-02
1.366864e-01;1.031696e-01;5.603134e-02;3.053770e-02;7.071838e-02;7.043733e-02;1.250865e-01;4.773436e-02;1.953830e-02;1.408483e-01;1.547013e-01;4.451055e-02
1.003124e-01;1.290219e-01;5.490029e-02;3.682218e-02;1.057901e-01;9.902205e-02;1.269031e-01;3.524194e-02;3.362254e-02;1.225211e-01;1.165987e-01;3.924372e-02
5.735084e-02;1.187369e-01;7.569128e-02;5.408201e-02;1.452759e-01;1.039964e-01;8.489636e-02;2.304601e-02;5.264019e-02;1.579272e-01;1.080171e-01;1.833969e-02
2.981631e-02;8.672848e-02;6.256106e-02;9.711906e-02;1.710917e-01;8.437879e-02;6.791876e-02;4.304505e-02;5.456426e-02;1.975112e-01;8.917764e-02;1.608762e-02
4.489006e-02;5.274979e-02;3.978796e-02;1.537735e-01;1.561827e-01;5.344037e-02;6.832654e-02;6.562261e-02;9.308978e-02;2.024992e-01;5.754174e-02;1.209568e-02
5.035637e-02;3.744809e-02;5.706771e-02;1.842322e-01;1.223733e-01;5.102470e-02;7.322960e-02;5.578334e-02;1.201153e-01;1.834885e-01;5.540112e-02;9.479748e-03
7.402582e-02;4.072293e-02;1.365417e-01;1.902127e-01;6.808629e-02;4.625002e-02;8.700458e-02;4.406380e-02;1.106564e-01;1.353119e-01;5.153631e-02;1.558761e-02
7.188261e-02;4.655446e-02;1.659397e-01;1.734774e-01;5.659401e-02;3.974869e-02;1.194429e-01;6.033896e-02;1.099357e-01;8.346169e-02;4.709653e-02;2.552740e-02
5.166477e-02;3.897361e-02;1.842209e-01;1.252356e-01;5.713703e-02;4.072377e-02;1.774550e-01;6.509284e-02;1.131645e-01;7.672823e-02;3.798162e-02;3.162212e-02
4.026634e-02;3.516352e-02;1.915796e-01;6.423134e-02;3.949086e-02;4.127908e-02;2.577826e-01;7.673515e-02;1.067451e-01;8.987721e-02;3.379735e-02;2.305183e-02
4.205257e-02;5.676677e-02;1.490728e-01;3.980052e-02;4.290102e-02;4.768335e-02;3.586717e-01;6.443480e-02;8.899637e-02;7.166302e-02;2.219243e-02;1.576469e-02
4.476977e-02;6.927630e-02;1.150689e-01;4.368529e-02;4.234769e-02;4.218911e-02;3.489011e-01;5.672565e-02;9.183701e-02;7.348469e-02;3.496949e-02;3.674507e-02
7.251403e-02;6.798398e-02;1.388542e-01;6.787673e-02;4.470241e-02;3.311930e-02;2.502863e-01;6.013440e-02;8.483429e-02;7.934842e-02;5.125170e-02;4.909427e-02
9.472505e-02;4.297079e-02;1.483231e-01;6.904309e-02;7.055090e-02;5.159103e-02;1.644529e-01;7.037225e-02;8.328737e-02;1.205984e-01;5.382492e-02;3.026023e-02
6.648927e-02;3.044656e-02;1.528209e-01;3.760638e-02;5.734860e-02;4.114408e-02;2.058179e-01;7.442099e-02;1.053988e-01;1.389121e-01;4.098595e-02;4.860836e-02
4.425294e-02;2.260094e-02;1.290987e-01;9.517871e-02;7.840200e-02;4.571077e-02;2.109089e-01;6.017185e-02;1.274892e-01;1.067694e-01;3.095149e-02;4.846516e-02
8.763935e-02;4.858250e-02;1.195973e-01;1.641948e-01;7.943572e-02;7.150374e-02;1.457532e-01;4.613268e-02;1.191533e-01;6.497029e-02;1.748886e-02;3.554815e-02
1.040608e-01;8.525629e-02;1.159263e-01;1.988691e-01;6.198086e-02;7.561189e-02;1.365017e-01;4.052046e-02;8.718956e-02;4.844718e-02;2.596510e-02;1.967075e-02
8.413817e-02;1.037203e-01;1.496531e-01;1.691108e-01;7.956073e-02;5.198004e-02;1.406443e-01;5.059798e-02;5.888680e-02;5.272650e-02;3.441689e-02;2.456442e-02
6.785369e-02;9.754208e-02;1.808681e-01;1.141547e-01;1.040790e-01;4.452251e-02;1.230540e-01;9.410986e-02;4.618571e-02;6.057539e-02;4.523114e-02;2.182388e-02
6.722656e-02;7.215783e-02;1.656822e-01;9.055071e-02;1.035558e-01;6.425875e-02;1.132277e-01;1.086083e-01;3.653637e-02;6.913525e-02;5.712724e-02;5.193326e-02
1.252476e-01;9.299628e-02;1.084087e-01;8.059237e-02;6.892888e-02;7.922781e-02;1.114749e-01;5.201545e-02;3.914678e-02;5.480148e-02;8.136927e-02;1.057904e-01
1.322811e-01;8.129586e-02;1.230444e-01;8.532464e-02;5.606592e-02;4.910220e-02;1.363837e-01;4.927485e-02;8.094335e-02;5.758969e-02;8.941294e-02;5.928134e-02
1.207427e-01;7.182826e-02;1.430995e-01;8.257520e-02;6.797756e-02;3.533590e-02;1.142201e-01;4.719936e-02;1.108047e-01;8.388066e-02;8.320110e-02;3.913499e-02
9.645478e-02;6.470650e-02;1.597767e-01;6.898364e-02;7.962253e-02;4.347083e-02;1.364921e-01;3.635325e-02;1.174760e-01;9.456250e-02;7.381208e-02;2.828905e-02
9.809892e-02;5.328715e-02;2.050460e-01;5.952541e-02;7.155933e-02;4.387857e-02;1.332114e-01;3.477953e-02;1.228078e-01;8.809720e-02;5.058602e-02;3.912267e-02
1.004764e-01;6.390094e-02;2.052976e-01;7.574844e-02;6.140605e-02;3.711402e-02;8.271731e-02;3.383073e-02;1.240167e-01;8.737081e-02;5.430077e-02;7.382021e-02
7.619963e-02;7.524020e-02;1.717833e-01;6.101800e-02;6.275830e-02;4.369520e-02;1.340186e-01;2.606639e-02;1.011430e-01;9.589893e-02;5.804723e-02;9.413117e-02
8.162366e-02;8.863138e-02;1.776810e-01;4.027778e-02;4.391658e-02;5.377589e-02;1.505548e-01;4.118827e-02;7.631582e-02;1.042772e-01;5.964494e-02;8.211262e-02
