7.648559e-02;5.057888e-02;1.879104e-01;5.493325e-02;8.007364e-02;7.676606e-02;1.387002e-01;7.772712e-02;1.007842e-01;6.528059e-02;5.182684e-02;3.893325e-02
7.979918e-02;7.028123e-02;1.751115e-01;7.143108e-02;6.552234e-02;7.097289e-02;1.047118e-01;1.002431e-01;9.683195e-02;6.814568e-02;4.674811e-02;5.020121e-02
6.309760e-02;1.161868e-01;1.681163e-01;7.298320e-02;5.834010e-02;7.076758e-02;9.515786e-02;8.727336e-02;8.394996e-02;7.294805e-02;4.908814e-02;6.209099e-02
8.724972e-02;1.020164e-01;1.677571e-01;7.290328e-02;5.233291e-02;6.616831e-02;1.230887e-01;5.316827e-02;9.672815e-02;6.817862e-02;5.612284e-02;5.428566e-02
8.432981e-02;7.205390e-02;1.514554e-01;9.429979e-02;6.554728e-02;6.526352e-02;1.406581e-01;5.326686e-02;9.036475e-02;6.383366e-02;3.929976e-02;7.962719e-02
5.933510e-02;3.770690e-02;2.896098e-01;7.830317e-02;6.965444e-02;6.131819e-02;1.361917e-01;5.111761e-02;7.611461e-02;6.348358e-02;2.977239e-02;4.739259e-02
1.937887e-02;2.435978e-02;5.405987e-01;7.238607e-02;8.707759e-02;5.195998e-02;7.947120e-02;2.832357e-02;2.977430e-02;2.832521e-02;2.071423e-02;1.763060e-02
2.646262e-02;2.564401e-02;6.178838e-01;6.240343e-02;8.245474e-02;4.033970e-02;6.953359e-02;1.577339e-02;1.805305e-02;1.547093e-02;1.361594e-02;1.236482e-02
2.924932e-02;2.334785e-02;6.771476e-01;5.437549e-02;7.313339e-02;3.008960e-02;5.094637e-02;1.235631e-02;1.614044e-02;1.657932e-02;8.403200e-03;8.231143e-03
1.875312e-02;2.606406e-02;7.317055e-01;5.055127e-02;5.700576e-02;1.637971e-02;2.636025e-02;1.169277e-02;1.656885e-02;2.488081e-02;9.900670e-03;1.013718e-02
2.809713e-02;4.076961e-02;6.307534e-01;4.463860e-02;4.824928e-02;2.260524e-02;4.817572e-02;1.726210e-02;4.333647e-02;3.230954e-02;1.838072e-02;2.542221e-02
4.237108e-02;3.595822e-02;5.024910e-01;5.066159e-02;3.862892e-02;3.314191e-02;7.815628e-02;3.875485e-02;6.221995e-02;5.900304e-02;2.537846e-02;3.323471e-02
2.455663e-02;3.620877e-02;5.356100e-01;5.415248e-02;4.324015e-02;4.182590e-02;6.061062e-02;4.176509e-02;4.929988e-02;6.866708e-02;2.148370e-02;2.257972e-02
2.055465e-02;6.623773e-02;5.786120e-01;4.367056e-02;3.320789e-02;5.471537e-02;5.676760e-02;2.825023e-02;3.229820e-02;5.183372e-02;1.247147e-02;2.138066e-02
4.201560e-02;9.175899e-02;5.333235e-01;4.523946e-02;3.769257e-02;6.113328e-02;5.618812e-02;2.155461e-02;3.465947e-02;3.179098e-02;1.595988e-02;2.868349e-02
9.047065e-02;9.646270e-02;4.498222e-01;4.667522e-02;3.468074e-02;4.220512e-02;4.999529e-02;3.745773e-02;4.123068e-02;3.544469e-02;3.309242e-02;4.246257e-02
1.487108e-01;5.447813e-02;2.866463e-01;2.798446e-02;3.931949e-02;3.252780e-02;6.821401e-02;4.859026e-02;6.249822e-02;6.226694e-02;8.809563e-02;8.066803e-02
1.213578e-01;1.006442e-01;1.061113e-01;3.320905e-02;5.344345e-02;5.229359e-02;8.886770e-02;3.883403e-02;1.053047e-01;6.804981e-02;1.333344e-01;9.854990e-02
9.339928e-02;1.045780e-01;9.109458e-02;3.689650e-02;5.663671e-02;5.694833e-02;1.050491e-01;3.759763e-02;1.269879e-01;9.973722e-02;1.124712e-01;7.860346e-02
8.851639e-02;8.539485e-02;8.222680e-02;4.918476e-02;5.800858e-02;6.264460e-02;1.515852e-01;3.868739e-02;1.378025e-01;1.120779e-01;7.519234e-02;5.867876e-02
5.428399e-02;4.108481e-02;1.912554e-01;5.681852e-02;4.206982e-02;6.359561e-02;1.560883e-01;5.199490e-02;1.442862e-01;6.431341e-02;9.502815e-02;3.918091e-02
6.264473e-02;5.568550e-02;1.940930e-01;4.178146e-02;5.108584e-02;7.514114e-02;1.785051e-01;7.220272e-02;1.067376e-01;5.515398e-02;7.021907e-02;3.674980e-02
9.354462e-02;4.436415e-02;1.289735e-01;6.228413e-02;6.514147e-02;6.967650e-02;1.402291e-01;1.001675e-01;1.000577e-01;8.892785e-02;6.091151e-02;4.572197e-02
8.149731e-02;3.908835e-02;1.345962e-01;6.598385e-02;6.615684e-02;6.736533e-02;1.711005e-01;8.005276e-02;9.841653e-02;8.662781e-02;6.931198e-02;3.980251e-02
8.305363e-02;3.437537e-02;2.021793e-01;6.441142e-02;8.044970e-02;8.669292e-02;1.259377e-01;4.892836e-02;9.500347e-02;8.855321e-02;7.045353e-02;1.996129e-02
7.284659e-02;5.376155e-02;2.434411e-01;6.253890e-02;1.078744e-01;9.222516e-02;4.289598e-02;3.960903e-02;8.550848e-02;9.042575e-02;6.768245e-02;4.119065e-02
5.688100e-02;4.435650e-02;1.718989e-01;5.110369e-02;1.188299e-01;1.169375e-01;1.285287e-01;4.158036e-02;9.043439e-02;8.178452e-02;6.238024e-02;3.528434e-02
2.626950e-02;2.036718e-02;1.044392e-01;3.051080e-02;1.391039e-01;1.918415e-01;2.626616e-01;3.169148e-02;8.082564e-02;4.501100e-02;3.590004e-02;3.137812e-02
2.956978e-02;1.052674e-02;4.230314e-02;2.254591e-02;1.886111e-01;2.565224e-01;2.643437e-01;1.610924e-02;7.362395e-02;2.613308e-02;1.611480e-02;5.359612e-02
2.425887e-02;7.728143e-03;5.439438e-02;3.693061e-02;2.226373e-01;2.258619e-01;1.908954e-01;1.403359e-02;9.507789e-02;1.329968e-02;1.971348e-02;9.516881e-02
1.600308e-02;9.608799e-03;1.132640e-01;8.468324e-02;2.098236e-01;1.356298e-01;1.030051e-01;4.553005e-02;9.016461e-02;1.091684e-02;6.232931e-02;1.190416e-01
5.700958e-03;1.526092e-02;1.996818e-01;1.511431e-01;1.360562e-01;6.435105e-02;5.426010e-02;7.654025e-02;4.516286e-02;1.451179e-02;1.475773e-01;8.975362e-02
1.207938e-02;1.542305e-02;2.734673e-01;1.584312e-01;6.882987e-02;4.046367e-02;5.774885e-02;6.600145e-02;1.525860e-02;5.284327e-02;2.054920e-01;3.396139e-02
1.279965e-02;1.258050e-02;3.486446e-01;1.339725e-01;7.042293e-02;5.376544e-02;5.449766e-02;2.905855e-02;1.396492e-02;7.460253e-02;1.771651e-01;1.852575e-02
8.049520e-03;1.550054e-02;3.688734e-01;1.548400e-01;7.122955e-02;5.488188e-02;3.800823e-02;6.114257e-02;9.652175e-03;4.816006e-02;1.584215e-01;1.124053e-02
1.066338e-02;1.922897e-02;3.793689e-01;1.554169e-01;8.055708e-02;3.591766e-02;3.633836e-02;7.569239e-02;1.458430e-02;2.568179e-02;1.449441e-01;2.160622e-02
2.248739e-02;2.669340e-02;4.327606e-01;1.243712e-01;8.127408e-02;2.514652e-02;4.110100e-02;7.054662e-02;1.931263e-02;3.296209e-02;1.000872e-01;2.325723e-02
3.013334e-02;3.490569e-02;4.587882e-01;7.872298e-02;9.622882e-02;4.575971e-02;4.357536e-02;5.454683e-02;3.280362e-02;5.355076e-02;5.682514e-02;1.415951e-02
3.182632e-02;3.816988e-02;3.599780e-01;6.147280e-02;9.853974e-02;5.602918e-02;5.294282e-02;4.723829e-02;5.472287e-02;7.625511e-02;9.049668e-02;3.232826e-02
5.022968e-02;6.502458e-02;1.682217e-01;5.858485e-02;9.773729e-02;7.664076e-02;8.559248e-02;3.675317e-02;5.118290e-02;6.803340e-02;1.892416e-01;5.275758e-02
5.149239e-02;7.851145e-02;1.816654e-01;7.198534e-02;8.497703e-02;6.225736e-02;8.770384e-02;4.990022e-02;5.983115e-02;5.994141e-02;1.755411e-01;3.619335e-02
4.454946e-02;7.301363e-02;1.835010e-01;1.026913e-01;7.925255e-02;5.165191e-02;9.099438e-02;8.199824e-02;4.791992e-02;6.825536e-02;1.357307e-01;4.044158e-02
4.634489e-02;7.474370e-02;1.593572e-01;1.201235e-01;8.733274e-02;6.500322e-02;6.780437e-02;7.952075e-02;4.071848e-02;6.410056e-02;1.280336e-01;6.691705e-02
5.234279e-02;7.392763e-02;1.329200e-01;1.130810e-01;8.979236e-02;6.837843e-02;9.369142e-02;6.642216e-02;5.506862e-02;5.062013e-02;1.236214e-01;8.013397e-02
7.331587e-02;5.473591e-02;1.232640e-01;8.366730e-02;7.993831e-02;6.599005e-02;1.222559e-01;8.099355e-02;9.249561e-02;4.929714e-02;1.020671e-01;7.197930e-02
7.690500e-02;5.165733e-02;2.262237e-01;5.954896e-02;5.351444e-02;4.882525e-02;1.414696e-01;6.478182e-02;8.278222e-02;5.481642e-02;7.908408e-02;6.039112e-02
2.324016e-02;2.163884e-02;2.532596e-01;3.640164e-02;1.180016e-01;7.893386e-02;3.100949e-01;2.590649e-02;3.079684e-02;3.906887e-02;3.760760e-02;2.504960e-02
1.761313e-02;1.362409e-02;2.449311e-01;4.758661e-02;1.700227e-01;1.002292e-01;3.030842e-01;2.051624e-02;1.878121e-02;1.898927e-02;2.263690e-02;2.198534e-02
9.235431e-03;1.194817e-02;3.251834e-01;8.070001e-02;1.966223e-01;9.390932e-02;1.903792e-01;1.584086e-02;1.354174e-02;1.349021e-02;2.575978e-02;2.338962e-02
4.340711e-03;1.400965e-02;5.006522e-01;1.145350e-01;1.716780e-01;6.210783e-02;4.375097e-02;1.501050e-02;6.508122e-03;1.340742e-02;3.742468e-02;1.657496e-02
1.006479e-02;1.659928e-02;6.354394e-01;1.004251e-01;1.054326e-01;3.643674e-02;2.193097e-02;9.598342e-03;1.443652e-02;1.765429e-02;2.258072e-02;9.401216e-03
2.553608e-02;3.407878e-02;6.539454e-01;6.455738e-02;6.504265e-02;1.898605e-02;3.937740e-02;1.623686e-02;4.696741e-02;1.363581e-02;1.010624e-02;1.152994e-02
3.352082e-02;5.893730e-02;5.336470e-01;6.826003e-02;5.385065e-02;2.733833e-02;5.258153e-02;2.018408e-02;7.301395e-02;4.430987e-02;1.822528e-02;1.613118e-02
2.296603e-02;8.451287e-02;5.534353e-01;5.676704e-02;3.157850e-02;2.242897e-02;3.859273e-02;1.381789e-02;8.296946e-02;6.766480e-02;1.260639e-02;1.266003e-02
8.121108e-03;1.228049e-01;5.929995e-01;3.048689e-02;1.332953e-02;1.605559e-02;2.165927e-02;8.060047e-03;9.869862e-02;6.762635e-02;9.332305e-03;1.082590e-02
3.115467e-02;1.639272e-01;5.652641e-01;1.501274e-02;1.118976e-02;1.199310e-02;1.201016e-02;9.253996e-03;1.073302e-01;5.252080e-02;1.035380e-02;9.989558e-03
2.550342e-02;1.448177e-01;5.702634e-01;2.045612e-02;1.425418e-02;1.057078e-02;2.639044e-02;5.426468e-03;7.968035e-02;8.425824e-02;1.148074e-02;6.898107e-03
1.148675e-02;9.156243e-02;6.366631e-01;4.247565e-02;1.634311e-02;6.012027e-03;2.406370e-02;3.700338e-03;4.431200e-02;9.735307e-02;2.066100e-02;5.366826e-03
1.107774e-02;5.866480e-02;6.599053e-01;7.926512e-02;2.215693e-02;9.693784e-03;1.716607e-02;3.383696e-03;1.894304e-02;7.021178e-02;4.636477e-02;3.166915e-03
1.459717e-02;2.680609e-02;6.535610e-01;1.160270e-01;3.291859e-02;1.049708e-02;8.319264e-03;5.993614e-03;6.838992e-03;5.270465e-02;6.513568e-02;6.600855e-03
1.566039e-02;1.853942e-02;6.488941e-01;1.261781e-01;3.208284e-02;6.650496e-03;1.915572e-02;9.461558e-03;5.061525e-03;5.277042e-02;5.604187e-02;9.503513e-03
1.708616e-02;3.590336e-02;6.038709e-01;1.177609e-01;3.545763e-02;1.311919e-02;3.751551e-02;1.596697e-02;1.279314e-02;5.050802e-02;5.179742e-02;8.220863e-03
2.963814e-02;6.042863e-02;5.030820e-01;9.288018e-02;4.900211e-02;2.629268e-02;7.389908e-02;2.637591e-02;2.835775e-02;4.132067e-02;5.113991e-02;1.758296e-02
3.788232e-02;8.257642e-02;4.221723e-01;6.635385e-02;6.433843e-02;4.531875e-02;8.690342e-02;4.037703e-02;4.133455e-02;3.462967e-02;5.179956e-02;2.631368e-02
5.356353e-02;9.394304e-02;3.307364e-01;4.955317e-02;5.391365e-02;4.988708e-02;6.090890e-02;4.331645e-02;6.883526e-02;7.072999e-02;9.347264e-02;3.113997e-02
7.446321e-02;7.103641e-02;2.499567e-01;7.253911e-02;4.282116e-02;4.172051e-02;5.670844e-02;4.915987e-02;1.087097e-01;5.770668e-02;1.310160e-01;4.416222e-02
8.064824e-02;3.578977e-02;3.212795e-01;1.085576e-01;4.256943e-02;5.035728e-02;8.529781e-02;4.067289e-02;3.960225e-02;7.484675e-02;9.409253e-02;2.628602e-02
6.388170e-02;2.442377e-02;3.437104e-01;1.213518e-01;3.734775e-02;4.607797e-02;1.092178e-01;1.758326e-02;6.775992e-02;9.323064e-02;5.327720e-02;2.213785e-02
6.391272e-02;2.429548e-02;3.871839e-01;1.161864e-01;5.465353e-02;3.894100e-02;1.147078e-01;2.469145e-02;4.996638e-02;6.496695e-02;3.689950e-02;2.359486e-02
7.462230e-02;4.149396e-02;4.462933e-01;1.162558e-01;5.189566e-02;3.691855e-02;8.032323e-02;3.005691e-02;2.477318e-02;4.008019e-02;3.350109e-02;2.378586e-02
7.379008e-02;7.910462e-02;4.408988e-01;1.068012e-01;4.441725e-02;3.574693e-02;6.985436e-02;1.611139e-02;2.914865e-02;4.324690e-02;3.776729e-02;2.311247e-02
4.895170e-02;6.155871e-02;4.259703e-01;9.734873e-02;5.795143e-02;3.618189e-02;7.767517e-02;1.943326e-02;5.855768e-02;5.204249e-02;4.240153e-02;2.192708e-02
4.763972e-02;5.277490e-02;3.846997e-01;7.044895e-02;5.312671e-02;3.441165e-02;8.940479e-02;2.370492e-02;9.631719e-02;7.583729e-02;5.045541e-02;2.117877e-02
3.179745e-02;4.479793e-02;3.631212e-01;5.885236e-02;4.449891e-02;3.373826e-02;1.010705e-01;3.676987e-02;1.185207e-01;9.068459e-02;5.721582e-02;1.893237e-02
7.649925e-02;7.314026e-02;1.195632e-01;4.219034e-02;4.564601e-02;6.665355e-02;1.186044e-01;8.188680e-02;1.426967e-01;1.252625e-01;5.994918e-02;4.790778e-02
7.669575e-02;6.419003e-02;7.198805e-02;4.948843e-02;5.228433e-02;5.526136e-02;1.290147e-01;1.006144e-01;1.304240e-01;1.474003e-01;6.001984e-02;6.261888e-02
4.502043e-02;4.827578e-02;8.061647e-02;4.800294e-02;7.289239e-02;5.599791e-02;1.975377e-01;9.932914e-02;1.129973e-01;1.250626e-01;5.297126e-02;6.129611e-02
2.740017e-02;2.571593e-02;7.698607e-02;4.900147e-02;1.111740e-01;1.064376e-01;3.133212e-01;7.238984e-02;7.079294e-02;6.773637e-02;3.425590e-02;4.478845e-02
3.739338e-02;1.705492e-02;8.553111e-02;5.072190e-02;1.735863e-01;1.507385e-01;2.932572e-01;4.042227e-02;3.313539e-02;2.351396e-02;1.728073e-02;7.736436e-02
2.734704e-02;8.528646e-03;1.036284e-01;7.512941e-02;2.843939e-01;1.366341e-01;1.657964e-01;1.499192e-02;1.985695e-02;1.218881e-02;3.012925e-02;1.213753e-01
2.133976e-02;1.192589e-02;1.762891e-01;1.447477e-01;2.744157e-01;6.958231e-02;5.905808e-02;1.484729e-02;1.587674e-02;1.801549e-02;9.961526e-02;9.428664e-02
1.388216e-02;1.374550e-02;2.398084e-01;2.019969e-01;1.935990e-01;3.623827e-02;2.221925e-02;1.891551e-02;1.129221e-02;2.175960e-02;1.912304e-01;3.531276e-02
1.297032e-02;1.323457e-02;2.559192e-01;2.182095e-01;1.174003e-01;1.886807e-02;1.707497e-02;1.657655e-02;5.462938e-03;1.393816e-02;2.913603e-01;1.898505e-02
1.094725e-02;1.500090e-02;2.807438e-01;1.700646e-01;6.821960e-02;1.556737e-02;2.533183e-02;1.292928e-02;6.576527e-03;3.120368e-02;3.315700e-01;3.184516e-02
1.004500e-02;8.052483e-03;3.157306e-01;1.351659e-01;5.026864e-02;1.911370e-02;2.923933e-02;9.885530e-03;1.153852e-02;4.919333e-02;3.439573e-01;1.780969e-02
7.566584e-03;8.252705e-03;3.454824e-01;1.310593e-01;3.680995e-02;1.599035e-02;1.085508e-02;1.453102e-02;1.408632e-02;6.476810e-02;3.377074e-01;1.289077e-02
5.586300e-03;9.937831e-03;3.160785e-01;1.320818e-01;4.845422e-02;1.677421e-02;2.706117e-02;2.217360e-02;1.347881e-02;5.465166e-02;3.247041e-01;2.901793e-02
1.451937e-02;1.662563e-02;2.440750e-01;1.099078e-01;1.065315e-01;3.752657e-02;3.439749e-02;2.686693e-02;5.362192e-03;2.818076e-02;2.675419e-01;1.084650e-01
6.475575e-02;1.922777e-02;1.595738e-01;6.015115e-02;1.618063e-01;8.859658e-02;8.532936e-02;2.070617e-02;1.913456e-02;1.630888e-02;1.229670e-01;1.814427e-01
1.399268e-01;5.250704e-02;7.473227e-02;3.271781e-02;1.249278e-01;1.501265e-01;2.277652e-01;1.996704e-02;1.796489e-02;1.636541e-02;1.784921e-02;1.251501e-01
1.092711e-01;1.274296e-01;5.360518e-02;1.605240e-02;4.533976e-02;1.225338e-01;4.005746e-01;5.112541e-02;1.134847e-02;8.693205e-03;2.514467e-02;2.888182e-02
3.735266e-02;1.424526e-01;1.261128e-01;1.277340e-02;1.996128e-02;5.846960e-02;4.426664e-01;1.107058e-01;1.781097e-02;9.351387e-03;1.755087e-02;4.792373e-03
1.358327e-02;9.521786e-02;2.462057e-01;1.735157e-02;1.233422e-02;2.058382e-02;3.377207e-01;1.939396e-01;3.497734e-02;8.358111e-03;1.180912e-02;7.918634e-03
8.706843e-03;3.943322e-02;2.999195e-01;5.903109e-02;1.050725e-02;1.659681e-02;2.058693e-01;2.474507e-01;8.228550e-02;1.228692e-02;6.443567e-03;1.146926e-02
4.531904e-03;1.219167e-02;2.265148e-01;1.579501e-01;2.110576e-02;2.256581e-02;1.011944e-01;2.119411e-01;2.014324e-01;2.481430e-02;2.015570e-03;1.374211e-02
1.356618e-02;4.989359e-03;8.542766e-02;2.532923e-01;2.859015e-02;1.677449e-02;6.390437e-02;1.190632e-01;3.509570e-01;4.054622e-02;1.125946e-02;1.162964e-02
2.332067e-02;9.759218e-03;3.417931e-02;2.472895e-01;1.964782e-02;9.351175e-03;1.109222e-01;7.686220e-02;3.799282e-01;6.127538e-02;2.005294e-02;7.411391e-03
3.366374e-02;1.864312e-02;6.745262e-02;1.660796e-01;2.142268e-02;2.186620e-02;1.812570e-01;1.268402e-01;2.696746e-01;5.149838e-02;2.622298e-02;1.537895e-02
3.884927e-02;1.902656e-02;7.277393e-02;9.532749e-02;2.009066e-02;3.103158e-02;2.751094e-01;1.727997e-01;1.389687e-01;7.570119e-02;2.925198e-02;3.106953e-02
1.699774e-02;8.136967e-03;3.932732e-02;2.987504e-02;6.981695e-03;2.526132e-02;4.297770e-01;2.445356e-01;9.742123e-02;5.412237e-02;9.785273e-03;3.777850e-02
5.585920e-03;1.187796e-02;4.034466e-02;1.294570e-02;6.770288e-03;1.621475e-02;5.247911e-01;2.504802e-01;7.550949e-02;2.464325e-02;8.165178e-03;2.267152e-02
6.224707e-03;1.784530e-02;4.146564e-02;1.207225e-02;1.143008e-02;2.119652e-02;6.252255e-01;1.879327e-01;5.133815e-02;1.024973e-02;7.622586e-03;7.396876e-03
1.149509e-02;2.046414e-02;1.989940e-02;1.080794e-02;2.794970e-02;3.676785e-02;7.023050e-01;9.681443e-02;3.416058e-02;1.466620e-02;1.472485e-02;9.944790e-03
3.353939e-02;2.036710e-02;2.814601e-02;1.475838e-02;3.532292e-02;6.559582e-02;6.494567e-01;4.831825e-02;3.329562e-02;2.699257e-02;2.338593e-02;2.082131e-02
5.213337e-02;1.500661e-02;3.315825e-02;1.756359e-02;5.130868e-02;1.214553e-01;5.497050e-01;5.497058e-02;2.791237e-02;3.080887e-02;2.389904e-02;2.207829e-02
5.216351e-02;1.067881e-02;2.932252e-02;2.650486e-02;1.253770e-01;1.963578e-01;4.312294e-01;4.124821e-02;1.652364e-02;1.865279e-02;1.335576e-02;3.858572e-02
2.972759e-02;6.930372e-03;7.123241e-02;4.930263e-02;2.463048e-01;1.881633e-01;2.337916e-01;1.181392e-02;1.854287e-02;1.211668e-02;2.399934e-02;1.080746e-01
1.747176e-02;5.922313e-03;1.151449e-01;8.799091e-02;2.911915e-01;9.286837e-02;1.004888e-01;1.266278e-02;1.443450e-02;1.270832e-02;7.460362e-02;1.745121e-01
1.296115e-02;9.112350e-03;1.526575e-01;1.240108e-01;2.281506e-01;5.441894e-02;1.194547e-01;8.811528e-03;5.612676e-03;1.719599e-02;1.296609e-01;1.379528e-01
9.356381e-03;9.262583e-03;2.309105e-01;1.589344e-01;1.585891e-01;4.361119e-02;8.796853e-02;7.808742e-03;3.827887e-03;1.937376e-02;1.872272e-01;8.312963e-02
6.719071e-03;9.339967e-03;3.572262e-01;1.677647e-01;9.317221e-02;2.403023e-02;4.419606e-02;1.115749e-02;4.088088e-03;2.981185e-02;2.145592e-01;3.793477e-02
3.947982e-03;6.766781e-03;5.035442e-01;1.320154e-01;6.162481e-02;2.446800e-02;2.064473e-02;1.464162e-02;4.782843e-03;5.833459e-02;1.514672e-01;1.776183e-02
1.993461e-03;1.141643e-02;5.994763e-01;1.031839e-01;4.109015e-02;1.775173e-02;1.594750e-02;1.108861e-02;1.297544e-02;9.649706e-02;8.093120e-02;7.648259e-03
8.991912e-03;2.342379e-02;6.476732e-01;9.107294e-02;2.391212e-02;1.456972e-02;2.249574e-02;2.554458e-03;7.573195e-03;1.090293e-01;4.566750e-02;3.036108e-03
1.281511e-02;2.146066e-02;6.540401e-01;9.883774e-02;2.010385e-02;1.291050e-02;3.354094e-02;4.363183e-03;7.608068e-03;1.012569e-01;3.014917e-02;2.913706e-03
1.270442e-02;1.825747e-02;5.792611e-01;1.525896e-01;3.089553e-02;1.327571e-02;3.362302e-02;1.081929e-02;6.007250e-03;8.624016e-02;4.744210e-02;8.884396e-03
9.979196e-03;1.006890e-02;4.495524e-01;2.096246e-01;4.758422e-02;1.724800e-02;3.111101e-02;3.429467e-02;9.334457e-03;6.486788e-02;1.056620e-01;1.067262e-02
8.386670e-03;7.968380e-03;2.957017e-01;2.318581e-01;5.024147e-02;1.792840e-02;2.222507e-02;1.083968e-01;1.127844e-02;4.182728e-02;1.927774e-01;1.141029e-02
3.797031e-03;1.031602e-02;2.058141e-01;2.163612e-01;4.220967e-02;1.412191e-02;2.401662e-02;2.002398e-01;1.232834e-02;2.726933e-02;2.345926e-01;8.933321e-03
5.861178e-03;1.186044e-02;1.849495e-01;1.967091e-01;3.941732e-02;1.302682e-02;2.084298e-02;2.418114e-01;1.021964e-02;1.457851e-02;2.452527e-01;1.547046e-02
5.815430e-03;1.003509e-02;2.022651e-01;1.978260e-01;4.265858e-02;1.260673e-02;1.832994e-02;2.291864e-01;9.938719e-03;7.000925e-03;2.484011e-01;1.593599e-02
6.058779e-03;8.181218e-03;2.698419e-01;2.030610e-01;5.059060e-02;1.110093e-02;1.812431e-02;1.728941e-01;8.998706e-03;1.184797e-02;2.356426e-01;3.658010e-03
9.522628e-03;1.264826e-02;3.515407e-01;1.882694e-01;5.884336e-02;1.626691e-02;1.721656e-02;1.062609e-01;1.162041e-02;1.813500e-02;1.926363e-01;1.703969e-02
1.149921e-02;2.036532e-02;4.663059e-01;1.504503e-01;5.650261e-02;2.119481e-02;3.845775e-02;5.842978e-02;1.227139e-02;2.460144e-02;1.259989e-01;1.392259e-02
2.032293e-02;3.661240e-02;5.681297e-01;8.713315e-02;4.713308e-02;2.337815e-02;6.106032e-02;2.963889e-02;1.262765e-02;4.038411e-02;6.286709e-02;1.071254e-02
2.382132e-02;2.647828e-02;6.449838e-01;4.507107e-02;4.000845e-02;1.789752e-02;5.812826e-02;2.746035e-02;1.041361e-02;4.172352e-02;5.097312e-02;1.304072e-02
1.947684e-02;1.136107e-02;6.993721e-01;7.786292e-02;3.965439e-02;1.201798e-02;2.535766e-02;2.615486e-02;9.707300e-03;1.954349e-02;5.016805e-02;9.323305e-03
1.341244e-02;1.455531e-02;7.109593e-01;8.672220e-02;4.548208e-02;1.214668e-02;2.357803e-02;2.550177e-02;9.324939e-03;1.512499e-02;3.703272e-02;6.159564e-03
8.963966e-03;1.077710e-02;7.208231e-01;8.170234e-02;5.594905e-02;1.279849e-02;1.785203e-02;2.795977e-02;4.479752e-03;1.619349e-02;3.754301e-02;4.957914e-03
7.409923e-03;1.005206e-02;7.072178e-01;7.236791e-02;7.101176e-02;1.456566e-02;2.509645e-02;2.914330e-02;9.079855e-03;1.722218e-02;3.179577e-02;5.037348e-03
9.422986e-03;1.138035e-02;6.632693e-01;6.843447e-02;1.012075e-01;3.154664e-02;3.644165e-02;2.915519e-02;1.282933e-02;1.460135e-02;1.589295e-02;5.818236e-03
1.114019e-02;1.749344e-02;6.062061e-01;6.430028e-02;1.161527e-01;4.557796e-02;4.970304e-02;3.028962e-02;1.626441e-02;1.129368e-02;2.326849e-02;8.310144e-03
1.381152e-02;2.157390e-02;6.214042e-01;5.517321e-02;1.149490e-01;4.700341e-02;3.402480e-02;3.021566e-02;1.106769e-02;1.822809e-02;2.662611e-02;5.922415e-03
2.170322e-02;2.128858e-02;5.840710e-01;5.623547e-02;1.036367e-01;4.714944e-02;2.547156e-02;2.867566e-02;2.315433e-02;4.113805e-02;3.030278e-02;1.717323e-02
2.842130e-02;2.584497e-02;4.167324e-01;7.238226e-02;9.364219e-02;4.692844e-02;6.126596e-02;5.630205e-02;5.391818e-02;7.087232e-02;5.192407e-02;2.176589e-02
1.739754e-02;3.119861e-02;3.533229e-01;6.189596e-02;7.165830e-02;5.714618e-02;8.947261e-02;9.162101e-02;4.085863e-02;6.801023e-02;8.309527e-02;3.432273e-02
3.609319e-02;4.151157e-02;3.601791e-01;7.323138e-02;4.930778e-02;5.090174e-02;1.032862e-01;8.313011e-02;3.988554e-02;5.163082e-02;7.448070e-02;3.636186e-02
4.036347e-02;2.864567e-02;3.199450e-01;9.389172e-02;5.796679e-02;4.778086e-02;1.056202e-01;6.567331e-02;6.548157e-02;4.204430e-02;8.270901e-02;4.987808e-02
5.229061e-02;4.455632e-02;3.193877e-01;9.969681e-02;7.260544e-02;6.159484e-02;1.171333e-01;3.550870e-02;4.712297e-02;4.254595e-02;7.761525e-02;2.994213e-02
8.806422e-02;5.503371e-02;3.249494e-01;1.071936e-01;7.741809e-02;5.183855e-02;8.823870e-02;4.550991e-02;3.443512e-02;4.561077e-02;5.316975e-02;2.853819e-02
7.858328e-02;5.929495e-02;8.132484e-02;9.674412e-02;9.030448e-02;7.976752e-02;1.194239e-01;7.794137e-02;1.027597e-01;8.395382e-02;6.439475e-02;6.550729e-02
6.543077e-02;6.679261e-02;6.600615e-02;9.152912e-02;8.190239e-02;7.857080e-02;1.036892e-01;8.848641e-02;1.272951e-01;8.230105e-02;6.600382e-02;8.199256e-02
8.219772e-02;5.504018e-02;8.836272e-02;5.423764e-02;8.761203e-02;9.004635e-02;1.498899e-01;7.990106e-02;1.158628e-01;5.912502e-02;5.708794e-02;8.063671e-02
7.063857e-02;3.732498e-02;9.160250e-02;3.580128e-02;1.163408e-01;1.460309e-01;2.805491e-01;4.787131e-02;6.091755e-02;2.674739e-02;2.995393e-02;5.622157e-02
4.448592e-02;2.112958e-02;8.504417e-02;3.662023e-02;1.934169e-01;1.969609e-01;2.778190e-01;2.884869e-02;2.261276e-02;1.718667e-02;1.635031e-02;5.952485e-02
2.745932e-02;1.140008e-02;6.911958e-02;3.842546e-02;3.144327e-01;2.040423e-01;1.707770e-01;1.589212e-02;2.001705e-02;1.192083e-02;1.567639e-02;1.008371e-01
2.814713e-02;1.149209e-02;5.906353e-02;4.728480e-02;3.529790e-01;1.751374e-01;9.079707e-02;1.798268e-02;3.192808e-02;1.078738e-02;1.745675e-02;1.569441e-01
4.780945e-02;1.555171e-02;6.541701e-02;4.763469e-02;3.219979e-01;1.727598e-01;6.132456e-02;1.282927e-02;2.926500e-02;1.718362e-02;9.969170e-03;1.982578e-01
1.263140e-01;1.629429e-02;4.059495e-02;3.453906e-02;2.511538e-01;1.894061e-01;9.380321e-02;8.871927e-03;2.023046e-02;1.345046e-02;2.624619e-02;1.790956e-01
2.704225e-01;1.380717e-02;3.151101e-02;1.430700e-02;1.498933e-01;2.560172e-01;1.263201e-01;9.515107e-03;1.093351e-02;1.602480e-02;2.146065e-02;7.978758e-02
3.195858e-01;2.999857e-02;1.683507e-02;7.987425e-03;9.236753e-02;2.577524e-01;1.780745e-01;7.852867e-03;6.092443e-03;2.183537e-02;1.275895e-02;4.885906e-02
2.281266e-01;1.061704e-01;1.716670e-02;9.280135e-03;5.450610e-02;2.024621e-01;3.135571e-01;1.447342e-02;1.092240e-02;1.980915e-02;5.187081e-03;1.833880e-02
9.688530e-02;2.039603e-01;3.972622e-02;8.290618e-03;4.007089e-02;1.062166e-01;4.328647e-01;3.922315e-02;1.115161e-02;1.077372e-02;6.199455e-03;4.637485e-03
3.297068e-02;1.921739e-01;1.324219e-01;1.592091e-02;2.459875e-02;3.114898e-02;4.216531e-01;1.139746e-01;1.278874e-02;3.552207e-03;1.095290e-02;7.843373e-03
1.931151e-02;9.429131e-02;2.578652e-01;3.356801e-02;1.150028e-02;1.513888e-02;3.079584e-01;2.061088e-01;2.620865e-02;9.279089e-03;6.550605e-03;1.221927e-02
1.530785e-02;2.091302e-02;2.899060e-01;4.645357e-02;1.175703e-02;2.142925e-02;2.067942e-01;2.663305e-01;7.821888e-02;1.280686e-02;7.554922e-03;2.252786e-02
1.877270e-02;8.783946e-03;1.890018e-01;1.090453e-01;1.490298e-02;2.126715e-02;9.199780e-02;2.446503e-01;2.492358e-01;2.617337e-02;4.597746e-03;2.157114e-02
3.542796e-02;8.843984e-03;5.946340e-02;1.648303e-01;1.358729e-02;1.704902e-02;8.764215e-02;1.379983e-01;4.129108e-01;3.873530e-02;1.111607e-02;1.239546e-02
5.618145e-02;1.252382e-02;3.738691e-02;1.455360e-01;1.459555e-02;1.702117e-02;1.559399e-01;6.649048e-02;3.977669e-01;6.143087e-02;1.779814e-02;1.732894e-02
6.665010e-02;1.709411e-02;5.061220e-02;8.966629e-02;2.828486e-02;2.286855e-02;2.265885e-01;1.078273e-01;2.747570e-01;5.635101e-02;3.063301e-02;2.866710e-02
6.904164e-02;2.607249e-02;3.886584e-02;4.787743e-02;2.964288e-02;2.887788e-02;2.894338e-01;1.259748e-01;1.681128e-01;1.027696e-01;4.165228e-02;3.167864e-02
4.828835e-02;2.630977e-02;3.633648e-02;1.438846e-02;2.192865e-02;2.283951e-02;4.175791e-01;1.760834e-01;1.156583e-01;9.144085e-02;1.404303e-02;1.510414e-02
2.770387e-02;3.395393e-02;2.455518e-02;1.326284e-02;1.522058e-02;1.167666e-02;4.193706e-01;2.039394e-01;1.423877e-01;7.568721e-02;1.267589e-02;1.956616e-02
1.734046e-02;3.213072e-02;3.241460e-02;1.735608e-02;1.409013e-02;1.351116e-02;4.643304e-01;2.127619e-01;1.245765e-01;4.217473e-02;8.030785e-03;2.128249e-02
8.139008e-03;2.211944e-02;3.796537e-02;1.131321e-02;8.170776e-03;1.132751e-02;4.980163e-01;2.442423e-01;1.021341e-01;3.001844e-02;6.971824e-03;1.958174e-02
2.649432e-02;1.816352e-02;4.660181e-02;9.635649e-03;1.404488e-02;2.250445e-02;4.812551e-01;2.522282e-01;7.078433e-02;2.426713e-02;1.364168e-02;2.037883e-02
4.063022e-02;2.720377e-02;9.442661e-02;1.717396e-02;2.235950e-02;3.301738e-02;3.222101e-01;2.177636e-01;1.190128e-01;5.875496e-02;1.936690e-02;2.808015e-02
3.478171e-02;2.196908e-02;1.519842e-01;1.866005e-02;2.042241e-02;3.487544e-02;2.327531e-01;2.111065e-01;1.408689e-01;6.984603e-02;2.259510e-02;4.013755e-02
2.088656e-02;1.189271e-02;1.601957e-01;1.122430e-02;1.385111e-02;2.193801e-02;2.944476e-01;2.543888e-01;9.881954e-02;5.181576e-02;1.424420e-02;4.629572e-02
1.374044e-02;7.336475e-03;1.312599e-01;5.938998e-03;1.256808e-02;1.679951e-02;3.929566e-01;2.676927e-01;4.100427e-02;3.635843e-02;3.523082e-02;3.911377e-02
8.974158e-03;1.060223e-02;7.186756e-02;6.016490e-03;1.510862e-02;1.970119e-02;5.336975e-01;2.186955e-01;2.226658e-02;2.201860e-02;5.152750e-02;1.952403e-02
9.975690e-03;2.256887e-02;2.746362e-02;3.994020e-03;2.079944e-02;2.691989e-02;6.635004e-01;1.435306e-01;1.589072e-02;1.251883e-02;4.394314e-02;8.894851e-03
8.856551e-03;3.553725e-02;8.758304e-03;4.063054e-03;2.574526e-02;4.430795e-02;7.231514e-01;9.034601e-02;1.223757e-02;5.886843e-03;3.489741e-02;6.212370e-03
5.017038e-03;3.517373e-02;1.134317e-02;6.011018e-03;3.842868e-02;8.418538e-02;7.148556e-01;5.129361e-02;1.407265e-02;6.986619e-03;2.642102e-02;6.211540e-03
1.270131e-02;2.678692e-02;2.813484e-02;1.003533e-02;8.069987e-02;1.421254e-01;6.298499e-01;2.360197e-02;8.820474e-03;1.407407e-02;1.488506e-02;8.284828e-03
1.865536e-02;1.551144e-02;9.403241e-02;2.165705e-02;1.383503e-01;1.549210e-01;4.684631e-01;3.704682e-02;1.039133e-02;1.574972e-02;1.233455e-02;1.288697e-02
2.066242e-02;1.145026e-02;2.378175e-01;4.235495e-02;1.473595e-01;1.057520e-01;3.153553e-01;4.775042e-02;1.518565e-02;1.692781e-02;1.983158e-02;1.955257e-02
1.194062e-02;2.829324e-02;3.412077e-01;4.627116e-02;9.236890e-02;5.428948e-02;2.950623e-01;3.650106e-02;1.592628e-02;2.414635e-02;2.721361e-02;2.677935e-02
1.851622e-02;3.166026e-02;3.075726e-01;3.958157e-02;5.438912e-02;6.253224e-02;3.440078e-01;3.917350e-02;2.551754e-02;2.461967e-02;2.864080e-02;2.378864e-02
3.659353e-02;4.454912e-02;1.723978e-01;3.000098e-02;6.933715e-02;6.853254e-02;3.438671e-01;5.796871e-02;4.484867e-02;4.869679e-02;4.949892e-02;3.370873e-02
5.671409e-02;4.957151e-02;9.131402e-02;4.116099e-02;6.503170e-02;8.938469e-02;2.087005e-01;1.004815e-01;8.760072e-02;8.166367e-02;8.034918e-02;4.802745e-02
4.089003e-02;3.179031e-02;1.714859e-01;5.150156e-02;7.509929e-02;8.893184e-02;1.835771e-01;1.029483e-01;7.545246e-02;5.094825e-02;6.045937e-02;6.691556e-02
3.082267e-02;1.933072e-02;2.202661e-01;5.605456e-02;1.287340e-01;1.024986e-01;2.320856e-01;4.613994e-02;4.306377e-02;3.733045e-02;1.873096e-02;6.494274e-02
2.851996e-02;1.800735e-02;2.278813e-01;5.887453e-02;1.839525e-01;1.070091e-01;2.059512e-01;3.333679e-02;2.685226e-02;3.719451e-02;2.742754e-02;4.499301e-02
2.997233e-02;1.638585e-02;2.615585e-01;8.483995e-02;1.966397e-01;7.716009e-02;1.285318e-01;5.441809e-02;4.098073e-02;5.041891e-02;3.167228e-02;2.742184e-02
2.768365e-02;4.066407e-02;2.886783e-01;1.098303e-01;1.686761e-01;5.043497e-02;6.162937e-02;6.676212e-02;5.632353e-02;5.238818e-02;5.447311e-02;2.245640e-02
2.747419e-02;5.698055e-02;3.066239e-01;1.358232e-01;1.221048e-01;5.231553e-02;4.722587e-02;6.692918e-02;6.098158e-02;4.351752e-02;6.383877e-02;1.618487e-02
2.184358e-02;5.234468e-02;3.701248e-01;1.458281e-01;1.139089e-01;4.678027e-02;2.790252e-02;7.780054e-02;4.150417e-02;3.684983e-02;4.884084e-02;1.627172e-02
1.789151e-02;5.697655e-02;3.729023e-01;1.106246e-01;1.125882e-01;4.441863e-02;6.141283e-02;7.254085e-02;2.379580e-02;2.322725e-02;7.141288e-02;3.220863e-02
2.598344e-02;6.077054e-02;4.050791e-01;8.537491e-02;8.627862e-02;3.682392e-02;4.888627e-02;6.407396e-02;2.209043e-02;4.133976e-02;8.708780e-02;3.621127e-02
4.032559e-02;5.674163e-02;4.648053e-01;7.892382e-02;5.041243e-02;2.991394e-02;3.733547e-02;5.454860e-02;3.725326e-02;7.494295e-02;4.969038e-02;2.510663e-02
5.221986e-02;4.478489e-02;4.872400e-01;6.251321e-02;5.360887e-02;2.217873e-02;5.076601e-02;4.592155e-02;4.555640e-02;6.547672e-02;5.066940e-02;1.906427e-02
3.985111e-02;2.731095e-02;4.919557e-01;8.027861e-02;8.566025e-02;3.202745e-02;5.171333e-02;4.038469e-02;2.743833e-02;4.968181e-02;5.792327e-02;1.577448e-02
3.178652e-02;1.539600e-02;5.001329e-01;9.236038e-02;1.123384e-01;4.803490e-02;6.858433e-02;2.792605e-02;2.081453e-02;3.179257e-02;3.992315e-02;1.091020e-02
3.187941e-02;1.808834e-02;5.208825e-01;9.364012e-02;1.404467e-01;5.306676e-02;2.518137e-02;3.045917e-02;2.426826e-02;1.949991e-02;2.844895e-02;1.413848e-02
1.411059e-02;1.614079e-02;3.532639e-01;7.139762e-02;1.822843e-01;9.451782e-02;1.796062e-01;2.150871e-02;1.894368e-02;1.815510e-02;2.048946e-02;9.581761e-03
1.081259e-02;1.126068e-02;1.327786e-01;3.575684e-02;1.394414e-01;1.355049e-01;4.578472e-01;3.444729e-02;1.877493e-02;8.074475e-03;6.095176e-03;9.205987e-03
1.552801e-02;8.250608e-03;4.243732e-02;3.577132e-02;7.165466e-02;1.377991e-01;6.155707e-01;1.978921e-02;1.271621e-02;2.497810e-02;9.482506e-03;6.022200e-03
4.386070e-02;6.713387e-03;2.019922e-02;4.049681e-02;4.122734e-02;1.568180e-01;5.853771e-01;4.285542e-02;1.152743e-02;3.585354e-02;6.794699e-03;8.276326e-03
7.153898e-02;4.279423e-03;3.518039e-02;3.452275e-02;4.355866e-02;1.828850e-01;4.753554e-01;7.898185e-02;1.827926e-02;3.927990e-02;6.661994e-03;9.476352e-03
8.623283e-02;7.757400e-03;9.066124e-02;2.009143e-02;7.071044e-02;1.770985e-01;3.407838e-01;9.327573e-02;3.895174e-02;3.634363e-02;5.663074e-03;3.243033e-02
6.547724e-02;2.359202e-02;1.566807e-01;2.223916e-02;1.346336e-01;1.117530e-01;1.532484e-01;5.814163e-02;6.741857e-02;2.563943e-02;1.991496e-02;1.612613e-01
8.609480e-02;5.000968e-02;1.474992e-01;3.365726e-02;1.169155e-01;5.024600e-02;4.018961e-02;3.718118e-02;1.289124e-01;2.306020e-02;4.976924e-02;2.364649e-01
1.397835e-01;6.643646e-02;1.111773e-01;3.735900e-02;6.490749e-02;5.258100e-02;4.573096e-02;3.311907e-02;1.414908e-01;6.671217e-02;9.531233e-02;1.453899e-01
1.477141e-01;6.690719e-02;7.807666e-02;4.551060e-02;5.868825e-02;4.884099e-02;5.027484e-02;4.153568e-02;1.450125e-01;1.128527e-01;1.196034e-01;8.498313e-02
1.094386e-01;5.819742e-02;6.859625e-02;5.004040e-02;7.102600e-02;4.591237e-02;4.169964e-02;9.356029e-02;1.329059e-01;1.184572e-01;7.566590e-02;1.345001e-01
7.698396e-02;4.843279e-02;8.260480e-02;5.524562e-02;6.037831e-02;5.010208e-02;6.084984e-02;1.367590e-01;1.546723e-01;9.839181e-02;6.564612e-02;1.099335e-01
5.359313e-02;3.186203e-02;1.062103e-01;6.014875e-02;5.750026e-02;5.501862e-02;8.727039e-02;1.347674e-01;1.698232e-01;9.792700e-02;9.010166e-02;5.577733e-02
3.663829e-02;2.155481e-02;1.395352e-01;5.621669e-02;1.345245e-01;6.573601e-02;1.327819e-01;9.834929e-02;1.447606e-01;5.847239e-02;7.031029e-02;4.112001e-02
1.587381e-02;1.226381e-02;1.377347e-01;3.875136e-02;2.196510e-01;1.236036e-01;1.940523e-01;3.851822e-02;1.161664e-01;2.119854e-02;3.689473e-02;4.529155e-02
1.910991e-02;1.643996e-02;1.376233e-01;4.619625e-02;2.535088e-01;1.220750e-01;1.712305e-01;1.834245e-02;1.093529e-01;2.455854e-02;3.049908e-02;5.106324e-02
2.749247e-02;2.266893e-02;1.558679e-01;6.117155e-02;2.666618e-01;1.135136e-01;9.867974e-02;2.765402e-02;1.034667e-01;3.431610e-02;4.151265e-02;4.699456e-02
2.799141e-02;2.032188e-02;2.035384e-01;5.707459e-02;2.801242e-01;1.136387e-01;1.091002e-01;1.378977e-02;8.564205e-02;2.547252e-02;2.927397e-02;3.403225e-02
2.024382e-02;1.402177e-02;2.264301e-01;6.342111e-02;3.211103e-01;1.232049e-01;8.846881e-02;1.581571e-02;5.824754e-02;1.066168e-02;1.564941e-02;4.272484e-02
1.865883e-02;9.552239e-03;2.283732e-01;7.168251e-02;3.335009e-01;1.272922e-01;5.360163e-02;2.452557e-02;3.566796e-02;2.008269e-02;2.330890e-02;5.375345e-02
4.231604e-03;1.324683e-02;2.197115e-01;7.948726e-02;3.274027e-01;1.252199e-01;1.001011e-01;2.733119e-02;1.447906e-02;1.864941e-02;1.379763e-02;5.634191e-02
9.187184e-03;1.324693e-02;2.011387e-01;6.889939e-02;3.384962e-01;1.434355e-01;1.070929e-01;2.100696e-02;2.763795e-02;1.385031e-02;1.240074e-02;4.360725e-02
8.762378e-03;8.904171e-03;1.512635e-01;4.544509e-02;3.410963e-01;1.681402e-01;1.781050e-01;1.626291e-02;2.686447e-02;1.263650e-02;1.426191e-02;2.825749e-02
8.793125e-03;5.143764e-03;1.221135e-01;3.152119e-02;3.340701e-01;1.978438e-01;2.219242e-01;5.967336e-03;2.962043e-02;1.050939e-02;7.207160e-03;2.528604e-02
9.201221e-03;3.633711e-03;9.309124e-02;2.574224e-02;3.004458e-01;2.177825e-01;2.842146e-01;1.012020e-02;1.761009e-02;6.748550e-03;1.061547e-02;2.079429e-02
1.693396e-02;4.109015e-03;4.402459e-02;1.624201e-02;2.605178e-01;2.300220e-01;3.772674e-01;1.331628e-02;1.358927e-02;6.176000e-03;7.131190e-03;1.067042e-02
1.942155e-02;9.183542e-03;3.372752e-02;1.438084e-02;2.347534e-01;2.470987e-01;3.856267e-01;1.226141e-02;1.256286e-02;1.054942e-02;5.820352e-03;1.461372e-02
3.828904e-02;9.951096e-03;3.357567e-02;1.480733e-02;2.014072e-01;2.515655e-01;3.786188e-01;1.756812e-02;1.351872e-02;1.510900e-02;8.090365e-03;1.749911e-02
4.877791e-02;1.050108e-02;1.770922e-02;1.151963e-02;1.683276e-01;2.336560e-01;4.052479e-01;3.405430e-02;1.461314e-02;2.538043e-02;1.172590e-02;1.848677e-02
4.064172e-02;1.336429e-02;3.588231e-02;1.067912e-02;1.675878e-01;2.431334e-01;3.908858e-01;4.415706e-02;8.889646e-03;2.335017e-02;8.349238e-03;1.307948e-02
3.071923e-02;9.044680e-03;2.669430e-02;1.221320e-02;1.582500e-01;2.498790e-01;4.385743e-01;4.105275e-02;4.788824e-03;1.941148e-02;3.509977e-03;5.862358e-03
1.980785e-02;3.266489e-03;1.228561e-02;1.058577e-02;1.417909e-01;2.417354e-01;5.083197e-01;2.711715e-02;6.008978e-03;2.172083e-02;3.784426e-03;3.576999e-03
1.775010e-02;3.962708e-03;2.126957e-02;7.137825e-03;1.353775e-01;2.328528e-01;5.178347e-01;2.981959e-02;5.618209e-03;2.088367e-02;3.989462e-03;3.503781e-03
1.303448e-02;6.769535e-03;1.718928e-02;6.657047e-03;1.311586e-01;2.262326e-01;5.302762e-01;3.657293e-02;4.842364e-03;1.966234e-02;3.643280e-03;3.961280e-03
1.385976e-02;5.161732e-03;2.376840e-02;4.702308e-03;1.232643e-01;2.044794e-01;5.616391e-01;3.162956e-02;6.579658e-03;1.808789e-02;3.194471e-03;3.633449e-03
1.484065e-02;5.631111e-03;2.016097e-02;6.654673e-03;8.830640e-02;1.433845e-01;6.606807e-01;2.849560e-02;1.237340e-02;1.183026e-02;5.224532e-03;2.417236e-03
7.554657e-03;7.579706e-03;1.432791e-02;5.526127e-03;3.761856e-02;6.813540e-02;7.849345e-01;3.689835e-02;1.577187e-02;9.899461e-03;7.272138e-03;4.481361e-03
4.971161e-03;5.890114e-03;1.328584e-02;4.291082e-03;1.503359e-02;4.196286e-02;8.111310e-01;6.174575e-02;1.968041e-02;1.248977e-02;6.337063e-03;3.181343e-03
6.170074e-03;5.113614e-03;9.859118e-03;5.570442e-03;3.128944e-02;4.702124e-02;7.514253e-01;8.699935e-02;2.613796e-02;1.589761e-02;1.018272e-02;4.333154e-03
1.317969e-02;4.369075e-03;2.051827e-02;1.019895e-02;3.389217e-02;4.772511e-02;6.381304e-01;1.179045e-01;4.657332e-02;4.437111e-02;1.364161e-02;9.495775e-03
1.645202e-02;9.905145e-03;3.471254e-02;2.348543e-02;3.896275e-02;4.667510e-02;3.854909e-01;1.526936e-01;1.305037e-01;1.226932e-01;2.344042e-02;1.498518e-02
3.572700e-02;1.337457e-02;1.766740e-02;2.164299e-02;2.914290e-02;2.330536e-02;1.881554e-01;1.199400e-01;2.149390e-01;2.626820e-01;5.544693e-02;1.797652e-02
2.528034e-02;1.452076e-02;2.302331e-02;1.384153e-02;3.113003e-02;2.711991e-02;2.246169e-01;5.821649e-02;1.490808e-01;3.443471e-01;7.449739e-02;1.432546e-02
4.433893e-02;1.947477e-02;2.709534e-02;1.417714e-02;4.269311e-02;2.918973e-02;1.995473e-01;2.758129e-02;6.381632e-02;3.883410e-01;1.236194e-01;2.012551e-02
6.897426e-02;5.397138e-02;5.314384e-02;3.014166e-02;6.100545e-02;5.139303e-02;9.360820e-02;5.063926e-02;5.550157e-02;2.860476e-01;1.556685e-01;3.990528e-02
7.560670e-02;7.308064e-02;6.328689e-02;3.534899e-02;6.139027e-02;5.606590e-02;8.055545e-02;6.299692e-02;4.601810e-02;1.790572e-01;2.055508e-01;6.104214e-02
3.588009e-02;8.459168e-02;3.514777e-02;2.917909e-02;2.846677e-02;3.262654e-02;5.153897e-02;4.713486e-02;7.176252e-02;2.786163e-01;2.594086e-01;4.564690e-02
4.406094e-02;7.583107e-02;1.622761e-02;1.202795e-02;5.922418e-02;1.787813e-02;2.286783e-02;3.188160e-02;1.262449e-01;3.871844e-01;1.772564e-01;2.931504e-02
6.683511e-02;3.984451e-02;1.692272e-02;3.162112e-02;5.594865e-02;1.014930e-02;2.537278e-02;3.085105e-02;3.054847e-01;3.331379e-01;6.363878e-02;2.019332e-02
1.062434e-01;9.484408e-03;9.802232e-03;5.680936e-02;2.088177e-02;7.447370e-03;4.462142e-02;3.470426e-02;4.827283e-01;1.920540e-01;2.460730e-02;1.061625e-02
1.215271e-01;6.643774e-03;6.455781e-03;6.773449e-02;4.499967e-03;6.290777e-03;5.412883e-02;5.473448e-02;5.312829e-01;1.102622e-01;2.777256e-02;8.667082e-03
1.071238e-01;6.601154e-03;6.167681e-03;7.054861e-02;6.404771e-03;1.083262e-02;6.749849e-02;7.818293e-02;5.439776e-01;6.859138e-02;2.429376e-02;9.777251e-03
6.342290e-02;7.744608e-03;2.280670e-02;5.461819e-02;4.292239e-03;1.313666e-02;1.350170e-01;1.414185e-01;4.814835e-01;3.271959e-02;2.578263e-02;1.755759e-02
2.388861e-02;7.551550e-03;3.125813e-02;3.274252e-02;7.148866e-03;1.015665e-02;2.556291e-01;2.116508e-01;3.111966e-01;5.212107e-02;3.650790e-02;2.014829e-02
1.475265e-02;7.258567e-03;2.801224e-02;1.081186e-02;1.122985e-02;1.906845e-02;4.405206e-01;2.406536e-01;1.146553e-01;4.838032e-02;3.367893e-02;3.097764e-02
1.115729e-02;4.703014e-03;2.945783e-02;6.170459e-03;1.878918e-02;2.919561e-02;6.044803e-01;1.819443e-01;4.649935e-02;1.744466e-02;2.032881e-02;2.982913e-02
8.458223e-03;9.313202e-03;2.194741e-02;7.543787e-03;3.079067e-02;5.275120e-02;6.636917e-01;1.046931e-01;3.415950e-02;3.173273e-02;1.396330e-02;2.095524e-02
9.788737e-03;1.099372e-02;1.946432e-02;1.026296e-02;6.168048e-02;8.752014e-02;6.358392e-01;5.245600e-02;5.826551e-02;3.101515e-02;1.223490e-02;1.047886e-02
1.071228e-02;1.191543e-02;5.368768e-02;1.721106e-02;1.048298e-01;1.079453e-01;5.385987e-01;3.673952e-02;7.379311e-02;1.581585e-02;1.869942e-02;1.005188e-02
1.051835e-02;1.925579e-02;1.207131e-01;2.691903e-02;1.513177e-01;8.318456e-02;4.089993e-01;3.302778e-02;7.955727e-02;3.132164e-02;2.371150e-02;1.147409e-02
1.768885e-02;3.518666e-02;1.304803e-01;2.675511e-02;1.559624e-01;7.875778e-02;3.972587e-01;3.298255e-02;3.810030e-02;4.630967e-02;2.165395e-02;1.886373e-02
