9.675486e-02;8.409657e-02;6.023997e-02;5.377562e-02;5.790946e-02;6.567872e-02;7.869222e-02;1.219372e-01;1.045400e-01;1.427617e-01;5.712204e-02;7.649163e-02
6.429026e-02;1.131974e-01;5.843665e-02;5.553963e-02;5.571887e-02;7.540637e-02;5.553366e-02;1.494481e-01;1.118665e-01;1.423007e-01;6.038404e-02;5.787789e-02
8.708161e-02;9.500687e-02;8.876206e-02;5.951418e-02;3.437500e-02;6.406038e-02;1.317352e-01;9.392479e-02;1.369190e-01;9.477038e-02;6.589258e-02;4.795788e-02
1.054271e-01;7.778818e-02;1.055415e-01;5.419871e-02;4.527473e-02;4.916677e-02;1.632411e-01;8.110616e-02;1.223657e-01;8.478455e-02;5.914835e-02;5.195715e-02
1.058994e-01;7.160015e-02;1.149845e-01;4.154208e-02;4.290387e-02;5.281200e-02;1.752373e-01;8.411670e-02;1.172640e-01;9.495150e-02;5.167250e-02;4.701595e-02
9.323584e-02;7.142863e-02;1.117667e-01;5.574874e-02;6.705292e-02;5.979482e-02;1.258753e-01;6.545118e-02;1.056568e-01;1.388620e-01;6.007865e-02;4.504844e-02
9.979309e-02;6.993503e-02;1.319010e-01;4.349912e-02;6.404884e-02;5.901841e-02;1.097436e-01;5.808533e-02;9.396336e-02;1.314510e-01;7.916346e-02;5.939769e-02
7.731833e-02;7.848284e-02;1.424343e-01;5.789301e-02;4.714091e-02;5.955970e-02;1.514076e-01;7.368527e-02;8.049588e-02;8.207538e-02;1.042562e-01;4.525051e-02
5.133814e-02;9.679879e-02;1.372479e-01;7.737024e-02;6.427629e-02;5.718308e-02;1.734633e-01;4.860853e-02;4.094528e-02;1.046882e-01;1.132172e-01;3.486303e-02
5.736816e-02;8.752956e-02;1.124009e-01;5.738109e-02;7.262164e-02;5.470887e-02;1.490697e-01;6.141713e-02;9.309053e-02;1.035942e-01;9.743451e-02;5.338364e-02
9.121304e-02;8.205113e-02;7.824713e-02;3.655715e-02;7.927142e-02;8.992629e-02;1.397035e-01;8.656076e-02;1.171096e-01;7.021713e-02;6.712613e-02;6.201674e-02
1.135088e-01;8.751467e-02;9.296418e-02;5.023266e-02;6.067513e-02;1.024050e-01;1.228320e-01;8.313283e-02;8.701145e-02;8.673011e-02;6.072199e-02;5.227130e-02
9.942229e-02;9.758595e-02;1.409254e-01;6.774437e-02;7.051602e-02;8.400302e-02;1.045077e-01;6.184287e-02;7.014760e-02;1.068575e-01;6.023806e-02;3.620914e-02
1.112251e-01;6.468169e-02;1.404111e-01;5.360425e-02;7.030722e-02;8.413335e-02;9.471104e-02;6.451120e-02;8.373024e-02;1.219559e-01;7.583378e-02;3.489501e-02
1.075883e-01;1.008116e-01;9.572533e-02;3.243246e-02;5.736815e-02;1.011779e-01;8.411510e-02;6.013868e-02;9.403028e-02;1.330368e-01;7.688776e-02;5.668766e-02
4.612341e-02;9.476657e-02;1.128468e-01;4.780302e-02;9.041984e-02;1.118009e-01;1.280802e-01;7.832856e-02;8.576917e-02;7.697997e-02;4.290748e-02;8.417412e-02
5.153095e-02;5.504042e-02;1.443699e-01;3.756858e-02;6.887000e-02;6.593514e-02;1.174354e-01;9.314834e-02;1.254134e-01;1.222486e-01;5.245213e-02;6.598715e-02
7.389005e-02;6.814405e-02;1.068986e-01;4.196472e-02;5.109710e-02;4.633179e-02;9.935319e-02;9.445765e-02;1.344332e-01;1.577744e-01;6.281792e-02;6.283733e-02
5.442925e-02;7.057936e-02;7.913384e-02;4.099928e-02;6.713770e-02;6.882705e-02;1.034046e-01;1.207055e-01;1.044221e-01;1.387331e-01;7.803493e-02;7.359337e-02
9.676558e-02;5.373555e-02;6.605477e-02;5.527722e-02;7.757689e-02;6.157465e-02;1.335862e-01;1.125330e-01;9.482996e-02;1.083028e-01;5.965591e-02;8.010750e-02
1.023592e-01;6.062558e-02;1.067936e-01;6.133553e-02;7.280282e-02;8.814920e-02;1.102664e-01;8.111912e-02;9.935294e-02;8.386233e-02;5.193613e-02;8.139712e-02
5.839992e-02;5.879747e-02;1.512400e-01;4.139407e-02;8.982351e-02;1.218705e-01;9.273698e-02;6.204024e-02;9.434949e-02;1.033923e-01;4.187494e-02;8.408061e-02
8.865344e-02;4.833268e-02;1.295456e-01;6.614963e-02;8.988979e-02;1.050258e-01;1.081207e-01;8.397843e-02;6.586700e-02;1.110465e-01;4.086993e-02;6.252044e-02
8.592906e-02;4.172564e-02;8.671551e-02;5.640344e-02;6.594311e-02;8.836015e-02;1.167829e-01;1.465968e-01;1.244361e-01;8.843707e-02;4.109609e-02;5.757411e-02
4.440155e-02;4.461901e-02;7.901962e-02;3.445825e-02;5.389474e-02;7.558513e-02;1.340237e-01;1.224325e-01;1.066363e-01;1.861619e-01;8.872225e-02;3.004505e-02
1.926748e-02;2.102213e-02;3.225525e-02;2.495639e-02;7.682907e-02;5.409298e-02;1.094710e-01;1.577828e-01;1.876284e-01;1.289029e-01;1.101871e-01;7.760458e-02
1.791385e-02;1.742605e-02;3.094971e-02;3.600616e-02;8.694311e-02;8.044965e-02;1.061717e-01;1.477100e-01;2.202520e-01;7.990815e-02;1.037568e-01;7.251284e-02
1.910304e-02;1.727329e-02;2.962912e-02;3.806869e-02;8.610024e-02;9.342193e-02;1.041140e-01;1.388076e-01;2.049645e-01;1.107241e-01;9.643230e-02;6.136120e-02
2.155152e-02;2.982369e-02;5.077406e-02;4.473612e-02;8.886680e-02;1.165201e-01;1.017702e-01;1.304550e-01;1.651425e-01;1.217189e-01;7.770772e-02;5.093331e-02
4.662664e-02;6.061669e-02;9.629918e-02;1.094552e-01;1.652653e-01;1.143349e-01;1.145319e-01;1.218829e-01;5.718870e-02;4.968864e-02;3.530333e-02;2.880671e-02
7.215829e-02;4.395293e-02;7.988702e-02;1.042894e-01;2.141597e-01;1.035760e-01;1.033205e-01;1.126411e-01;5.910707e-02;5.394760e-02;2.753152e-02;2.542889e-02
9.068362e-02;7.278447e-02;9.433592e-02;1.154887e-01;2.292463e-01;8.417515e-02;7.544416e-02;9.173882e-02;5.172837e-02;4.922070e-02;3.390671e-02;1.124711e-02
7.160408e-02;9.858724e-02;9.988999e-02;1.526934e-01;1.834293e-01;6.505027e-02;6.818476e-02;6.654402e-02;3.618599e-02;3.612075e-02;4.453655e-02;7.717366e-02
4.009551e-02;8.910131e-02;7.398067e-02;2.212584e-01;1.266994e-01;4.707005e-02;1.001382e-01;4.498227e-02;1.624932e-02;2.370067e-02;4.715326e-02;1.695710e-01
9.393275e-02;6.317446e-02;4.999544e-02;2.290788e-01;9.605800e-02;3.552791e-02;1.036927e-01;3.936357e-02;1.423941e-02;1.514890e-02;4.032540e-02;2.194626e-01
1.277765e-01;7.005917e-02;6.498268e-02;1.771116e-01;8.938069e-02;2.967452e-02;9.895651e-02;4.156963e-02;3.363653e-02;2.644977e-02;3.651883e-02;2.038836e-01
1.043740e-01;9.772547e-02;8.692190e-02;1.436705e-01;1.033644e-01;3.815567e-02;1.079486e-01;5.110679e-02;5.126232e-02;4.027453e-02;4.632946e-02;1.288664e-01
1.214695e-01;1.300694e-01;7.441235e-02;1.605052e-01;1.215794e-01;4.862616e-02;6.411299e-02;6.766951e-02;4.753202e-02;5.292791e-02;3.847945e-02;7.261615e-02
8.820563e-02;1.560136e-01;6.772936e-02;1.791906e-01;1.150211e-01;5.519402e-02;5.718107e-02;7.755967e-02;3.801766e-02;4.560197e-02;2.105927e-02;9.922607e-02
9.536044e-02;9.753378e-02;7.787233e-02;2.312708e-01;1.391785e-01;5.948431e-02;7.297464e-02;6.887026e-02;2.585322e-02;3.671356e-02;2.626300e-02;6.862511e-02
1.174488e-01;4.695165e-02;1.172276e-01;1.940830e-01;1.604997e-01;4.294404e-02;7.967287e-02;4.819815e-02;1.843476e-02;1.914558e-02;5.141817e-02;1.039757e-01
9.261020e-02;3.751921e-02;1.746732e-01;1.432495e-01;1.281685e-01;3.564106e-02;9.164410e-02;7.326006e-02;2.224746e-02;2.334806e-02;5.114016e-02;1.264985e-01
1.225780e-01;6.305627e-02;2.032325e-01;5.328321e-02;1.368799e-01;4.095267e-02;9.951103e-02;8.744359e-02;2.588082e-02;3.404177e-02;3.491436e-02;9.822589e-02
1.253131e-01;7.561141e-02;1.549996e-01;6.276365e-02;1.865300e-01;6.164870e-02;8.328603e-02;8.507267e-02;3.345704e-02;4.260153e-02;2.549494e-02;6.322138e-02
9.481101e-02;6.005138e-02;1.056764e-01;9.996398e-02;1.823402e-01;1.088679e-01;8.045924e-02;7.180196e-02;2.293071e-02;6.184055e-02;3.624979e-02;7.500684e-02
1.042252e-01;6.586534e-02;9.353328e-02;1.451369e-01;1.587688e-01;1.112038e-01;7.381138e-02;3.892848e-02;2.848993e-02;8.179061e-02;2.595091e-02;7.229526e-02
9.775656e-02;8.636860e-02;1.193456e-01;1.344464e-01;1.743172e-01;7.273063e-02;7.240070e-02;2.730224e-02;3.687628e-02;8.818496e-02;2.141415e-02;6.885676e-02
7.402695e-02;8.501723e-02;1.536125e-01;1.331321e-01;1.401191e-01;4.902701e-02;6.193272e-02;2.843331e-02;5.649140e-02;1.096233e-01;3.182409e-02;7.676020e-02
8.371518e-02;6.534440e-02;1.314691e-01;1.435750e-01;1.272489e-01;4.578028e-02;7.094054e-02;4.118428e-02;6.068704e-02;1.196956e-01;5.841027e-02;5.194939e-02
1.396517e-01;1.240282e-01;1.954814e-01;8.403243e-02;7.103977e-02;5.033930e-02;5.933490e-02;4.805982e-02;6.345073e-02;5.281392e-02;5.663360e-02;5.513426e-02
1.598786e-01;1.734978e-01;1.667225e-01;8.652072e-02;4.347456e-02;4.986254e-02;8.189447e-02;5.808812e-02;3.078178e-02;3.096071e-02;6.220303e-02;5.611521e-02
1.559511e-01;1.812452e-01;1.495840e-01;8.001932e-02;3.766704e-02;5.694216e-02;1.070486e-01;6.676985e-02;2.122126e-02;2.484986e-02;7.054431e-02;4.815738e-02
1.253033e-01;1.509425e-01;1.263960e-01;6.601117e-02;3.648830e-02;5.696746e-02;1.425044e-01;8.301917e-02;5.036770e-02;1.538975e-02;8.453979e-02;6.207062e-02
7.126829e-02;7.666834e-02;8.904594e-02;7.566280e-02;5.108546e-02;5.060977e-02;1.544909e-01;7.867265e-02;7.331295e-02;4.893963e-02;1.334103e-01;9.683298e-02
7.386903e-02;6.914988e-02;7.855928e-02;1.326071e-01;4.639306e-02;5.316502e-02;1.168136e-01;5.468859e-02;5.499667e-02;3.371242e-02;1.965293e-01;8.951596e-02
6.537250e-02;5.786486e-02;7.767826e-02;1.972227e-01;3.228318e-02;5.680601e-02;6.791808e-02;3.337502e-02;3.117443e-02;2.935297e-02;2.846231e-01;6.632888e-02
3.588235e-02;3.894813e-02;9.932344e-02;2.510637e-01;1.955933e-02;5.533448e-02;2.414453e-02;1.988906e-02;1.844340e-02;6.324138e-02;3.583839e-01;1.578622e-02
4.128408e-02;2.374485e-02;1.249871e-01;2.466218e-01;1.689072e-02;4.619717e-02;2.470916e-02;2.093288e-02;1.817335e-02;8.447251e-02;3.441599e-01;7.826380e-03
6.423464e-02;1.022789e-02;2.108489e-01;1.705756e-01;1.753106e-02;2.667245e-02;3.867522e-02;1.717249e-02;3.120881e-02;1.545774e-01;2.479294e-01;1.034618e-02
5.417510e-02;2.515993e-02;3.257951e-01;7.225860e-02;2.775534e-02;1.091980e-02;4.778837e-02;1.565506e-02;3.295561e-02;2.575009e-01;1.250924e-01;4.943791e-03
4.732479e-02;6.156300e-02;3.432097e-01;2.789143e-02;3.271271e-02;5.247263e-03;4.664646e-02;1.279063e-02;6.714400e-02;3.113537e-01;3.618325e-02;7.933137e-03
3.061423e-02;1.034511e-01;2.836989e-01;2.253518e-02;2.104642e-02;7.114737e-03;3.139684e-02;2.001665e-02;1.351787e-01;3.079970e-01;1.876638e-02;1.818384e-02
1.915634e-02;1.326942e-01;2.492268e-01;2.473238e-02;1.117526e-02;8.414575e-03;1.860043e-02;2.107000e-02;1.972163e-01;2.751789e-01;2.415594e-02;1.837885e-02
1.904324e-02;1.225074e-01;2.501195e-01;1.862523e-02;1.364988e-02;4.514835e-03;1.522397e-02;1.484917e-02;2.247660e-01;2.833121e-01;1.694210e-02;1.644654e-02
1.818536e-02;8.780280e-02;2.541278e-01;1.252307e-02;1.766420e-02;6.091877e-03;1.405253e-02;1.105712e-02;2.586752e-01;3.060695e-01;7.917527e-03;5.833035e-03
4.147635e-02;7.581732e-02;2.300083e-01;1.102329e-02;1.683005e-02;5.112534e-03;1.588440e-02;1.324284e-02;2.598245e-01;3.030115e-01;1.912904e-02;8.639907e-03
7.546490e-02;1.074236e-01;1.970437e-01;1.432431e-02;1.311388e-02;6.583382e-03;1.882105e-02;1.570749e-02;2.205987e-01;2.856828e-01;3.067917e-02;1.455696e-02
9.512185e-02;1.876665e-01;1.981456e-01;1.933376e-02;1.150651e-02;1.429055e-02;2.214222e-02;1.543676e-02;1.319655e-01;2.522973e-01;2.324814e-02;2.884531e-02
5.963509e-02;2.506184e-01;3.009649e-01;2.380819e-02;1.557770e-02;1.652634e-02;2.492469e-02;4.154955e-02;5.665308e-02;1.221856e-01;4.803473e-02;3.952168e-02
1.268583e-01;1.821720e-01;3.269938e-01;2.826326e-02;1.291073e-02;1.181770e-02;2.059473e-02;2.265946e-02;1.127554e-01;9.521715e-02;2.894417e-02;3.081324e-02
1.061747e-01;9.876534e-02;3.229607e-01;4.881069e-02;1.976612e-02;1.003182e-02;4.130347e-02;1.582146e-02;1.372804e-01;1.474544e-01;2.758952e-02;2.404132e-02
8.160786e-02;5.302278e-02;3.049256e-01;6.268989e-02;4.566538e-02;3.060092e-02;9.509137e-02;4.140408e-02;7.556758e-02;1.551049e-01;2.721807e-02;2.710157e-02
9.544524e-02;4.907886e-02;1.712360e-01;5.024160e-02;9.008677e-02;6.134196e-02;1.654761e-01;7.776662e-02;8.184602e-02;1.085960e-01;2.963799e-02;1.924680e-02
1.079395e-01;4.430710e-02;1.853017e-01;6.347819e-02;7.342405e-02;5.272310e-02;1.595547e-01;1.036651e-01;6.251382e-02;6.127604e-02;3.687526e-02;4.894140e-02
1.051476e-01;7.346067e-02;1.959670e-01;6.127311e-02;5.498732e-02;3.439559e-02;1.472291e-01;9.741440e-02;3.051980e-02;1.065624e-01;5.215149e-02;4.089151e-02
8.240151e-02;8.473692e-02;1.882288e-01;5.091142e-02;4.680082e-02;2.488429e-02;1.506465e-01;6.528912e-02;4.439428e-02;1.547964e-01;5.128103e-02;5.562890e-02
8.451419e-02;6.397961e-02;1.495322e-01;4.260297e-02;4.150457e-02;2.930234e-02;1.559302e-01;3.343533e-02;9.545150e-02;1.315725e-01;8.480150e-02;8.737312e-02
9.332486e-02;5.257484e-02;9.769907e-02;5.175063e-02;2.755884e-02;3.049120e-02;1.333917e-01;9.844154e-02;1.287945e-01;4.809686e-02;1.484154e-01;8.946062e-02
7.851238e-02;5.856708e-02;9.485046e-02;5.559251e-02;4.492268e-02;4.845692e-02;8.916403e-02;1.130255e-01;1.134628e-01;4.813876e-02;1.707687e-01;8.453814e-02
7.557736e-02;5.717514e-02;1.225875e-01;5.631720e-02;6.393255e-02;5.912169e-02;8.291069e-02;8.148856e-02;7.306011e-02;5.690627e-02;1.580444e-01;1.128786e-01
6.042084e-02;5.806838e-02;2.438770e-01;4.834788e-02;5.521642e-02;4.169745e-02;1.310050e-01;3.397903e-02;2.943105e-02;9.385511e-02;1.059720e-01;9.812980e-02
6.762315e-02;8.683549e-02;3.500793e-01;4.324206e-02;4.174620e-02;2.265135e-02;9.540949e-02;2.132436e-02;6.056804e-02;7.539145e-02;7.334375e-02;6.178539e-02
1.023080e-01;9.911241e-02;3.178121e-01;4.250174e-02;4.357698e-02;2.835385e-02;5.480519e-02;3.366520e-02;9.102664e-02;5.991486e-02;7.317819e-02;5.374474e-02
1.096895e-01;8.970437e-02;1.275644e-01;4.982593e-02;7.556628e-02;3.691019e-02;8.752096e-02;8.918145e-02;1.167478e-01;6.110186e-02;9.267412e-02;6.351309e-02
8.431619e-02;4.682811e-02;1.520734e-01;5.588900e-02;8.216642e-02;5.698159e-02;1.165155e-01;8.584614e-02;1.144307e-01;7.632350e-02;8.038443e-02;4.824505e-02
9.121185e-02;3.940503e-02;1.743639e-01;4.622933e-02;5.594203e-02;5.936150e-02;1.247796e-01;8.104940e-02;1.319606e-01;7.455231e-02;7.856992e-02;4.257465e-02
9.860402e-02;5.701508e-02;1.153813e-01;3.965180e-02;5.265586e-02;3.391157e-02;1.331728e-01;1.058669e-01;1.409163e-01;8.494451e-02;8.433326e-02;5.354660e-02
1.004774e-01;6.096263e-02;1.061052e-01;2.916606e-02;7.068623e-02;4.637443e-02;1.317313e-01;1.097147e-01;1.212481e-01;9.247660e-02;7.301778e-02;5.803964e-02
9.258711e-02;4.180953e-02;1.282686e-01;4.560047e-02;6.300756e-02;5.661976e-02;1.218321e-01;8.867398e-02;1.458123e-01;9.596101e-02;5.752097e-02;6.230660e-02
6.261775e-02;6.489886e-02;1.366915e-01;5.612970e-02;4.063990e-02;4.146627e-02;1.009667e-01;6.723288e-02;1.681291e-01;1.155274e-01;8.117618e-02;6.452376e-02
7.909464e-02;6.687749e-02;1.000852e-01;4.501180e-02;2.952076e-02;4.303658e-02;1.138916e-01;8.895645e-02;1.704346e-01;1.094763e-01;8.471929e-02;6.889535e-02
7.531817e-02;4.023175e-02;1.214081e-01;4.146149e-02;3.847984e-02;6.478310e-02;1.224604e-01;9.691074e-02;1.418825e-01;1.041875e-01;8.593347e-02;6.694298e-02
8.027691e-02;4.768481e-02;1.771313e-01;5.280654e-02;2.339554e-02;8.508229e-02;1.248103e-01;5.569507e-02;1.457909e-01;1.022142e-01;6.111179e-02;4.400030e-02
6.441190e-02;6.043088e-02;1.475339e-01;4.166774e-02;5.301687e-02;9.703214e-02;1.129173e-01;6.989755e-02;1.166288e-01;1.399320e-01;4.798050e-02;4.855038e-02
8.725838e-02;7.718500e-02;1.100413e-01;4.518939e-02;5.369247e-02;1.144385e-01;1.109553e-01;7.802047e-02;7.972223e-02;1.489939e-01;3.685322e-02;5.764981e-02
7.722501e-02;8.091038e-02;7.478397e-02;4.867381e-02;3.999612e-02;1.077296e-01;1.295532e-01;6.402839e-02;1.118080e-01;1.836966e-01;4.224624e-02;3.934864e-02
7.452428e-02;7.927864e-02;1.000317e-01;6.242012e-02;4.596312e-02;7.123162e-02;1.075804e-01;5.669430e-02;9.559258e-02;1.842122e-01;5.800641e-02;6.446461e-02
6.783013e-02;8.295710e-02;1.077771e-01;7.789741e-02;8.448481e-02;6.202904e-02;1.073775e-01;4.607216e-02;5.375780e-02;1.937357e-01;5.406012e-02;6.202121e-02
6.369828e-02;3.887431e-02;1.106462e-01;5.082448e-02;8.628279e-02;5.927930e-02;1.650688e-01;7.667059e-02;6.804246e-02;9.568329e-02;8.512644e-02;9.980299e-02
4.363333e-02;2.628191e-02;1.358701e-01;6.916347e-02;6.880543e-02;5.034549e-02;1.201210e-01;5.590704e-02;5.490126e-02;8.618078e-02;1.699643e-01;1.188259e-01
2.974253e-02;1.421572e-02;1.762393e-01;6.963124e-02;5.023349e-02;3.636642e-02;8.838949e-02;3.364422e-02;4.185617e-02;1.293916e-01;2.177802e-01;1.125096e-01
2.483830e-02;1.516332e-02;2.404466e-01;5.026586e-02;3.142368e-02;2.298073e-02;5.427145e-02;2.108757e-02;3.247242e-02;2.324198e-01;2.003299e-01;7.430032e-02
4.133430e-02;2.399113e-02;3.059776e-01;2.303260e-02;1.530321e-02;1.066963e-02;4.262970e-02;1.709288e-02;3.727647e-02;3.424722e-01;1.153070e-01;2.491323e-02
3.497873e-02;1.426847e-02;2.629140e-01;7.705805e-02;2.025510e-02;1.147194e-02;3.681775e-02;1.026156e-02;4.217514e-02;2.962758e-01;1.769401e-01;1.658337e-02
2.591152e-02;1.596227e-02;1.568042e-01;1.545549e-01;1.688941e-02;1.829022e-02;2.415560e-02;1.965530e-02;2.981480e-02;1.656723e-01;3.392040e-01;3.308547e-02
2.390943e-02;2.141524e-02;8.083877e-02;1.832936e-01;2.211011e-02;1.913737e-02;1.562735e-02;2.806087e-02;2.291757e-02;6.613838e-02;4.682335e-01;4.831778e-02
1.869150e-02;2.691472e-02;6.074244e-02;1.624124e-01;3.457435e-02;1.637211e-02;1.459915e-02;2.349646e-02;2.660734e-02;2.627206e-02;4.897962e-01;9.952131e-02
8.228331e-03;3.829578e-02;5.344720e-02;1.216117e-01;6.094006e-02;1.489539e-02;7.447492e-03;2.871235e-02;1.536605e-02;5.231602e-02;3.800553e-01;2.186843e-01
1.474897e-02;2.672667e-02;3.881492e-02;7.196864e-02;7.611421e-02;1.271695e-02;1.084269e-02;3.143308e-02;3.119561e-02;5.006870e-02;2.429933e-01;3.923763e-01
1.603761e-02;1.230542e-02;3.043041e-02;4.103683e-02;8.152491e-02;9.582399e-03;1.012663e-02;1.507258e-02;3.529969e-02;4.019636e-02;1.991924e-01;5.091949e-01
8.675143e-03;6.320898e-03;2.658181e-02;2.507942e-02;1.062785e-01;7.857511e-03;1.191161e-02;7.468051e-03;2.610969e-02;2.699006e-02;1.290357e-01;6.176917e-01
1.247389e-02;5.171957e-03;1.746367e-02;1.794257e-02;1.198211e-01;6.587059e-03;1.225120e-02;1.128243e-02;2.548658e-02;1.765815e-02;1.220466e-01;6.318148e-01
1.191458e-02;6.813216e-03;1.637975e-02;1.476299e-02;1.404628e-01;9.597947e-03;2.214711e-02;1.090205e-02;5.215336e-02;1.462683e-02;6.358761e-02;6.366518e-01
1.828086e-02;4.315901e-03;1.953137e-02;9.008300e-03;1.643014e-01;1.289828e-02;2.403162e-02;6.788682e-03;1.014247e-01;8.714702e-03;1.713536e-02;6.135688e-01
6.745230e-02;3.271755e-03;2.843793e-02;6.962900e-03;1.601374e-01;2.783980e-02;2.184147e-02;4.801889e-03;1.359036e-01;1.522136e-02;1.723912e-02;5.108905e-01
2.282403e-01;5.468307e-03;2.424529e-02;6.826419e-03;1.229737e-01;6.671435e-02;1.966190e-02;8.734409e-03;1.170911e-01;4.472813e-02;1.006004e-02;3.452560e-01
4.263470e-01;1.143100e-02;1.469985e-02;9.851551e-03;6.347457e-02;1.091119e-01;3.099642e-02;1.844420e-02;6.796316e-02;1.133911e-01;1.191861e-02;1.223705e-01
4.995130e-01;3.256981e-02;8.976378e-03;1.799544e-02;3.534174e-02;1.109316e-01;4.752023e-02;1.697707e-02;3.764094e-02;1.588929e-01;1.198095e-02;2.165991e-02
4.265148e-01;9.548355e-02;1.038072e-02;2.942540e-02;2.035146e-02;9.769035e-02;9.828074e-02;1.778088e-02;3.229653e-02;1.259625e-01;1.667096e-02;2.916206e-02
2.581913e-01;2.012378e-01;1.660991e-02;2.423589e-02;2.323244e-02;1.076748e-01;1.777777e-01;2.610303e-02;3.139481e-02;5.316954e-02;2.795949e-02;5.241334e-02
2.286269e-01;1.744353e-01;1.661866e-02;2.100806e-02;4.150309e-02;1.308471e-01;1.799821e-01;2.029142e-02;3.396066e-02;6.366324e-02;3.477176e-02;5.429176e-02
2.627582e-01;1.135127e-01;2.693245e-02;2.447761e-02;6.651480e-02;1.567030e-01;1.444491e-01;1.551384e-02;3.861932e-02;9.232352e-02;1.692996e-02;4.126545e-02
2.341466e-01;9.961729e-02;4.369207e-02;2.571844e-02;9.723181e-02;1.488481e-01;1.248112e-01;1.981970e-02;4.926636e-02;1.083936e-01;1.295780e-02;3.549692e-02
1.508457e-01;6.320298e-02;1.043547e-01;6.707280e-02;1.178775e-01;1.050266e-01;1.068756e-01;2.989643e-02;6.995723e-02;8.391540e-02;1.779301e-02;8.318212e-02
6.707453e-02;5.603800e-02;1.622454e-01;1.136494e-01;1.337080e-01;9.816413e-02;8.122114e-02;2.543518e-02;8.268591e-02;6.935809e-02;2.685839e-02;8.356187e-02
8.382758e-02;3.696684e-02;1.408930e-01;1.412635e-01;1.708080e-01;1.124999e-01;9.546755e-02;1.276889e-02;6.374748e-02;6.043541e-02;2.614553e-02;5.517635e-02
1.383485e-01;4.607254e-02;7.034815e-02;1.262638e-01;1.747140e-01;1.317268e-01;1.294915e-01;1.674113e-02;3.306381e-02;7.312039e-02;2.725752e-02;3.285186e-02
1.055069e-01;4.062935e-02;6.159047e-02;8.921403e-02;1.486386e-01;1.752605e-01;1.639546e-01;3.109991e-02;4.279396e-02;7.523600e-02;2.993123e-02;3.614439e-02
3.509218e-02;3.268106e-02;9.210454e-02;9.598584e-02;1.540385e-01;1.851211e-01;1.961081e-01;3.528466e-02;5.461614e-02;7.056648e-02;3.875998e-02;9.641437e-03
1.017019e-01;3.169424e-02;7.660142e-02;7.806654e-02;1.712478e-01;1.509794e-01;1.838431e-01;2.376699e-02;3.374799e-02;9.624036e-02;2.909743e-02;2.301282e-02
1.327880e-01;3.409388e-02;6.360083e-02;4.560715e-02;1.675406e-01;1.673735e-01;1.355761e-01;3.180280e-02;4.961234e-02;1.162127e-01;2.375520e-02;3.203692e-02
1.035157e-01;5.787880e-02;6.885556e-02;4.344710e-02;1.314717e-01;1.399687e-01;1.317456e-01;2.571359e-02;7.428701e-02;1.319369e-01;3.248507e-02;5.869437e-02
1.420960e-01;5.835932e-02;1.011275e-01;4.448357e-02;7.207897e-02;1.156898e-01;1.324596e-01;2.934192e-02;6.141502e-02;1.425750e-01;3.904448e-02;6.132881e-02
2.109893e-01;5.771809e-02;9.529603e-02;5.338454e-02;7.665659e-02;1.302313e-01;1.132058e-01;2.948795e-02;5.330229e-02;1.120746e-01;2.863912e-02;3.901438e-02
1.602660e-01;7.376487e-02;7.843809e-02;5.207441e-02;9.942122e-02;1.598513e-01;1.090006e-01;5.102591e-02;6.369721e-02;9.555130e-02;2.006192e-02;3.684715e-02
5.656184e-02;1.053018e-01;6.763178e-02;5.458454e-02;8.708190e-02;2.187955e-01;9.787265e-02;6.337136e-02;7.959153e-02;9.423123e-02;3.953647e-02;3.543938e-02
5.502526e-02;7.805903e-02;5.865732e-02;3.510094e-02;5.449268e-02;2.072037e-01;1.179394e-01;4.650286e-02;8.890771e-02;1.572804e-01;4.499295e-02;5.583778e-02
3.863388e-02;2.632248e-02;3.382969e-02;2.049252e-02;4.034705e-02;1.754114e-01;1.427044e-01;5.568016e-02;1.862918e-01;2.313810e-01;1.768943e-02;3.121620e-02
2.115239e-02;2.012403e-02;1.629531e-02;1.623202e-02;3.517318e-02;1.191513e-01;1.024234e-01;8.385508e-02;2.437146e-01;3.241781e-01;6.945021e-03;1.075560e-02
1.617408e-02;2.132752e-02;1.515739e-02;1.541262e-02;4.554265e-02;8.507482e-02;5.369821e-02;1.616008e-01;1.978046e-01;3.725615e-01;9.173757e-03;6.471971e-03
1.017895e-02;1.379560e-02;1.432100e-02;1.184481e-02;2.911793e-02;6.663909e-02;5.063010e-02;1.415720e-01;8.444061e-02;5.669038e-01;4.836256e-03;5.719901e-03
4.713242e-03;6.584764e-03;9.721125e-03;6.442632e-03;2.146079e-02;1.464987e-01;8.469974e-02;2.040888e-01;3.371349e-02;4.754171e-01;3.349316e-03;3.310311e-03
4.991965e-03;7.630442e-03;1.021490e-02;7.836092e-03;2.921655e-02;1.777533e-01;1.974116e-01;2.186000e-01;4.390778e-02;2.916697e-01;5.542420e-03;5.225398e-03
7.419454e-03;8.934801e-03;1.032690e-02;1.079023e-02;7.416663e-02;1.701224e-01;2.893528e-01;1.530757e-01;5.867810e-02;2.032620e-01;6.295063e-03;7.575925e-03
7.857588e-03;8.219303e-03;1.759662e-02;7.578433e-03;9.434202e-02;1.306957e-01;2.682914e-01;5.614574e-02;1.436605e-01;2.501777e-01;7.417274e-03;8.017723e-03
7.070197e-03;6.056212e-03;2.567121e-02;9.342544e-03;8.338830e-02;6.424874e-02;3.029934e-01;5.461790e-02;1.468034e-01;2.912691e-01;4.741564e-03;3.797411e-03
1.144102e-02;7.317727e-03;3.448540e-02;1.235398e-02;7.300062e-02;1.162469e-01;4.471253e-01;5.572821e-02;8.642394e-02;1.409203e-01;8.159373e-03;6.797266e-03
1.261371e-02;8.142852e-03;3.013562e-02;8.553064e-03;7.172177e-02;1.357699e-01;5.224600e-01;4.433096e-02;6.342931e-02;8.781865e-02;7.869569e-03;7.154601e-03
1.646957e-02;6.696137e-03;1.667745e-02;7.049421e-03;8.035440e-02;1.450074e-01;5.149496e-01;5.856354e-02;4.331347e-02;1.011561e-01;7.137808e-03;2.625033e-03
1.594686e-02;6.006472e-03;2.315144e-02;1.090457e-02;9.297131e-02;1.559435e-01;4.159454e-01;8.109171e-02;4.139762e-02;1.476739e-01;5.530024e-03;3.437208e-03
1.842573e-02;6.482601e-03;6.082027e-02;2.083533e-02;1.219004e-01;1.455864e-01;3.264357e-01;8.869273e-02;6.235636e-02;1.247753e-01;1.064290e-02;1.304619e-02
2.115195e-02;8.687091e-03;1.294514e-01;4.201156e-02;1.208457e-01;8.318627e-02;1.990847e-01;8.167306e-02;9.510899e-02;1.704958e-01;2.386580e-02;2.443763e-02
2.227455e-02;1.264135e-02;1.891048e-01;5.080992e-02;8.648627e-02;7.106710e-02;1.098848e-01;7.854550e-02;9.589463e-02;2.302765e-01;2.841817e-02;2.459636e-02
3.239404e-02;2.047772e-02;1.912492e-01;4.087825e-02;4.831755e-02;6.314703e-02;1.845705e-01;7.313541e-02;7.427579e-02;2.247147e-01;2.946247e-02;1.737739e-02
2.303379e-02;1.989481e-02;1.432255e-01;3.547630e-02;7.318671e-02;4.370682e-02;1.420704e-01;4.665244e-02;7.255868e-02;3.664880e-01;2.273344e-02;1.097304e-02
1.839010e-02;1.301109e-02;1.289690e-01;3.791294e-02;6.209286e-02;4.215827e-02;1.063053e-01;6.354649e-02;1.007506e-01;4.000095e-01;1.367947e-02;1.317436e-02
2.001610e-02;9.924982e-03;1.543294e-01;3.610759e-02;6.626056e-02;4.637302e-02;1.435240e-01;7.663912e-02;8.265156e-02;3.417267e-01;1.157106e-02;1.087593e-02
2.710564e-02;1.998594e-02;1.438576e-01;2.471375e-02;9.421206e-02;6.935716e-02;1.911556e-01;1.586429e-01;3.804034e-02;2.149505e-01;1.099681e-02;6.981742e-03
2.237204e-02;2.065110e-02;1.043854e-01;2.451356e-02;7.691211e-02;7.766190e-02;2.415868e-01;1.706880e-01;3.720528e-02;1.985900e-01;1.718433e-02;8.249574e-03
2.860601e-02;2.572938e-02;7.919074e-02;2.249642e-02;6.113605e-02;7.040560e-02;2.728781e-01;1.043604e-01;4.958062e-02;2.489659e-01;1.909166e-02;1.755910e-02
6.472481e-02;9.345010e-02;9.567712e-02;3.142114e-02;6.875346e-02;6.651912e-02;1.667032e-01;9.668543e-02;1.051612e-01;1.770891e-01;1.625491e-02;1.756034e-02
6.652730e-02;9.583718e-02;1.001302e-01;3.918421e-02;6.518966e-02;6.444925e-02;1.511690e-01;1.006959e-01;7.313881e-02;2.137439e-01;1.839933e-02;1.153508e-02
7.015993e-02;7.894526e-02;9.887928e-02;4.233469e-02;6.717779e-02;5.928337e-02;1.485570e-01;1.063134e-01;6.615067e-02;2.334184e-01;1.461317e-02;1.416713e-02
6.984705e-02;5.374612e-02;1.047923e-01;4.379715e-02;7.288358e-02;6.308193e-02;1.849845e-01;1.007189e-01;8.807826e-02;1.836478e-01;1.607136e-02;1.835101e-02
5.559063e-02;3.423343e-02;1.074639e-01;3.381432e-02;9.038903e-02;1.042589e-01;2.752953e-01;7.418120e-02;9.731409e-02;1.038832e-01;9.496358e-03;1.407965e-02
4.656668e-02;1.460984e-02;6.631865e-02;2.972201e-02;1.123566e-01;1.706904e-01;2.620206e-01;6.250478e-02;8.120523e-02;1.356304e-01;7.146176e-03;1.122857e-02
7.493810e-02;1.021119e-02;3.091988e-02;2.451323e-02;1.180912e-01;2.323446e-01;2.326281e-01;6.929188e-02;3.740868e-02;1.513916e-01;1.075843e-02;7.503145e-03
1.236969e-01;8.848704e-03;3.131413e-02;2.930543e-02;1.095674e-01;2.424921e-01;2.168682e-01;6.295406e-02;6.148675e-02;8.847255e-02;7.159319e-03;1.783447e-02
1.702960e-01;1.224025e-02;3.359443e-02;2.586720e-02;1.157058e-01;2.561467e-01;1.772318e-01;3.235810e-02;8.613274e-02;5.478638e-02;7.425154e-03;2.821544e-02
1.495528e-01;1.159397e-02;7.010881e-02;2.414130e-02;1.391219e-01;2.186386e-01;1.392145e-01;5.335770e-02;9.441607e-02;4.871501e-02;5.429605e-03;4.570977e-02
6.914975e-02;1.423450e-02;1.372817e-01;5.588640e-02;1.767344e-01;1.549165e-01;1.157824e-01;4.186688e-02;9.710304e-02;5.520319e-02;6.482314e-03;7.535891e-02
5.257953e-02;2.893070e-02;1.630276e-01;7.541734e-02;1.717328e-01;1.241287e-01;1.259097e-01;3.853717e-02;8.515046e-02;3.730010e-02;1.658064e-02;8.070525e-02
7.512511e-02;9.288146e-02;1.454399e-01;1.045001e-01;1.248484e-01;1.071939e-01;1.088391e-01;5.947794e-02;6.936616e-02;2.629393e-02;2.756951e-02;5.846441e-02
1.274568e-01;1.601692e-01;1.542071e-01;1.130685e-01;7.876395e-02;8.211770e-02;6.569543e-02;4.906408e-02;4.266318e-02;3.273985e-02;3.001933e-02;6.403494e-02
1.667332e-01;1.492742e-01;1.632393e-01;8.072450e-02;7.523617e-02;7.305089e-02;8.496326e-02;5.690568e-02;3.427619e-02;3.910654e-02;2.178236e-02;5.470768e-02
1.558193e-01;7.881770e-02;1.959011e-01;5.736380e-02;9.786884e-02;8.003223e-02;7.355068e-02;7.870230e-02;4.029370e-02;9.730593e-02;1.332651e-02;3.101790e-02
6.342059e-02;5.367871e-02;1.903088e-01;9.262502e-02;1.110208e-01;9.669381e-02;1.257454e-01;7.295649e-02;4.550188e-02;8.303176e-02;1.900090e-02;4.601583e-02
4.872102e-02;7.404988e-02;1.441000e-01;1.056171e-01;1.232049e-01;8.509742e-02;1.490154e-01;7.125981e-02;5.771887e-02;6.398242e-02;2.064151e-02;5.659168e-02
6.583587e-02;8.533597e-02;9.079276e-02;7.478189e-02;9.200633e-02;1.107302e-01;1.389978e-01;7.935715e-02;5.628693e-02;1.438707e-01;2.161835e-02;4.038610e-02
1.408410e-01;1.118387e-01;8.436906e-02;6.928238e-02;6.357481e-02;1.002126e-01;9.785254e-02;5.262198e-02;6.233516e-02;1.402663e-01;3.048805e-02;4.631739e-02
1.538627e-01;1.792598e-01;7.917015e-02;5.239076e-02;5.830590e-02;4.672530e-02;8.105385e-02;6.082512e-02;3.246808e-02;1.213283e-01;7.404294e-02;6.056708e-02
1.015313e-01;1.782433e-01;6.550471e-02;4.339793e-02;6.130923e-02;4.738839e-02;5.495421e-02;5.967043e-02;1.186467e-01;7.096671e-02;1.166442e-01;8.174304e-02
3.252342e-02;1.520606e-01;6.034469e-02;4.319241e-02;6.107515e-02;4.223216e-02;4.577384e-02;7.072030e-02;2.070085e-01;3.569279e-02;1.487530e-01;1.006231e-01
4.573045e-02;8.035289e-02;7.237161e-02;4.403443e-02;5.164848e-02;2.927407e-02;9.301081e-02;9.368737e-02;2.517155e-01;1.028917e-01;6.049099e-02;7.479164e-02
2.506358e-02;4.669045e-02;5.416612e-02;2.217998e-02;3.118482e-02;3.695574e-02;1.912625e-01;1.042626e-01;1.672295e-01;1.098840e-01;1.245457e-01;8.657509e-02
3.864032e-02;4.407254e-02;3.605358e-02;1.526378e-02;5.572475e-02;1.146345e-01;2.491245e-01;7.112466e-02;8.514658e-02;1.433438e-01;1.170462e-01;2.982484e-02
7.688011e-02;2.297991e-02;3.682071e-02;1.854618e-02;8.475076e-02;1.629878e-01;2.282395e-01;3.089050e-02;1.863111e-01;8.254647e-02;3.107443e-02;3.797254e-02
1.070043e-01;2.107940e-02;3.905171e-02;2.107198e-02;9.211755e-02;2.023953e-01;1.724915e-01;2.693103e-02;1.905795e-01;7.970832e-02;9.665500e-03;3.790397e-02
1.093566e-01;2.380126e-02;2.540969e-02;2.161212e-02;6.539662e-02;2.237736e-01;2.705411e-01;2.268814e-02;1.049978e-01;9.254484e-02;1.319853e-02;2.667975e-02
1.258918e-01;2.914605e-02;1.824206e-02;2.193414e-02;8.080070e-02;2.386293e-01;3.158877e-01;1.493324e-02;3.744211e-02;9.189934e-02;6.651934e-03;1.854170e-02
1.498951e-01;3.594561e-02;2.266786e-02;2.829182e-02;1.029266e-01;2.236496e-01;2.855774e-01;1.620412e-02;2.602878e-02;8.378211e-02;6.258283e-03;1.877274e-02
1.811127e-01;2.637518e-02;3.554071e-02;2.438666e-02;1.090542e-01;2.068143e-01;2.423815e-01;2.279321e-02;4.146212e-02;7.407828e-02;9.926342e-03;2.607483e-02
1.648992e-01;3.760419e-02;6.656957e-02;2.747706e-02;1.339227e-01;1.827812e-01;2.565922e-01;3.400763e-02;7.056799e-03;4.891031e-02;1.709215e-02;2.308709e-02
1.403163e-01;3.044771e-02;7.940498e-02;2.344343e-02;1.573827e-01;1.682025e-01;2.486049e-01;2.683731e-02;4.445230e-02;3.561129e-02;1.945486e-02;2.584172e-02
1.134875e-01;2.404381e-02;8.247613e-02;2.620032e-02;1.949531e-01;1.807570e-01;2.087298e-01;4.172166e-02;6.114134e-02;1.885370e-02;2.009813e-02;2.753752e-02
8.631510e-02;2.339076e-02;5.474394e-02;3.171600e-02;2.721851e-01;2.010317e-01;1.005535e-01;4.069514e-02;4.968802e-02;3.542642e-02;2.124300e-02;8.301131e-02
3.858841e-02;1.782933e-02;1.374525e-01;3.706743e-02;2.646646e-01;1.544702e-01;1.229632e-01;1.908713e-02;1.952556e-02;2.790903e-02;1.614928e-02;1.442932e-01
2.347945e-02;9.910334e-03;1.938031e-01;3.667637e-02;2.392391e-01;1.283526e-01;1.509235e-01;1.198013e-02;2.102633e-02;1.640015e-02;2.828277e-02;1.399262e-01
1.615235e-02;1.006049e-02;2.727402e-01;4.139516e-02;2.202189e-01;1.119671e-01;1.549597e-01;7.920472e-03;1.341127e-02;1.220575e-02;3.498309e-02;1.039855e-01
1.100690e-02;1.096600e-02;3.549129e-01;4.988705e-02;1.979605e-01;9.877670e-02;1.399709e-01;7.152550e-03;1.076797e-02;1.187440e-02;5.462440e-02;5.209969e-02
1.023783e-02;1.041763e-02;4.490118e-01;5.371546e-02;1.526999e-01;8.228455e-02;1.214032e-01;7.928039e-03;1.161917e-02;1.236566e-02;5.904910e-02;2.926766e-02
1.710957e-02;1.808489e-02;4.681413e-01;5.139791e-02;8.192966e-02;8.490846e-02;1.449531e-01;4.499574e-02;2.148293e-02;1.845915e-02;1.533325e-02;3.320413e-02
3.001427e-02;2.415558e-02;3.005126e-01;3.553178e-02;4.628031e-02;9.831804e-02;2.402004e-01;7.899936e-02;4.469245e-02;3.432044e-02;4.751915e-02;1.945555e-02
2.740616e-02;2.009645e-02;2.282219e-01;3.052145e-02;9.146902e-02;1.055793e-01;2.655160e-01;6.339590e-02;5.073515e-02;3.674700e-02;4.477204e-02;3.553966e-02
2.441559e-02;1.228560e-02;2.430397e-01;3.951132e-02;1.377492e-01;1.169290e-01;2.757511e-01;3.126347e-02;3.312903e-02;1.569330e-02;3.257823e-02;3.765438e-02
1.976403e-02;9.091449e-03;2.204232e-01;3.405602e-02;1.290056e-01;1.356813e-01;3.071406e-01;5.866862e-02;2.258756e-02;2.142103e-02;1.645329e-02;2.570733e-02
4.152600e-02;1.481082e-02;2.240282e-01;3.532145e-02;1.094689e-01;1.499028e-01;2.471000e-01;7.409842e-02;1.984478e-02;4.431731e-02;2.272781e-02;1.685349e-02
8.588385e-02;8.889401e-02;1.610459e-01;4.628152e-02;9.255411e-02;1.007186e-01;1.222652e-01;2.051764e-02;6.160240e-02;8.665378e-02;6.033167e-02;7.325128e-02
1.242853e-01;1.057566e-01;1.101112e-01;5.003998e-02;6.005135e-02;5.836699e-02;8.933828e-02;3.953051e-02;8.652670e-02;1.164453e-01;8.321518e-02;7.633259e-02
9.343400e-02;1.001665e-01;1.447776e-01;5.920354e-02;5.454016e-02;2.976886e-02;1.557711e-01;3.986426e-02;8.130985e-02;1.044914e-01;7.889074e-02;5.778205e-02
7.160734e-02;1.130069e-01;2.313002e-01;5.680593e-02;4.864087e-02;3.164940e-02;1.032910e-01;5.756418e-02;1.131932e-01;7.301055e-02;5.548969e-02;4.444071e-02
8.877669e-02;1.592716e-01;2.215863e-01;4.744457e-02;3.416009e-02;2.387886e-02;6.417241e-02;5.060578e-02;1.766520e-01;5.670052e-02;3.933462e-02;3.741654e-02
1.467318e-01;2.019403e-01;1.698872e-01;2.622059e-02;2.731760e-02;1.294895e-02;2.943653e-02;6.855959e-02;2.430820e-01;3.390113e-02;1.817910e-02;2.179509e-02
2.337539e-01;1.507438e-01;7.910702e-02;2.320093e-02;4.771354e-02;6.996850e-03;4.214898e-02;1.735042e-01;2.001891e-01;1.042430e-02;1.336570e-02;1.885161e-02
2.366383e-01;5.337082e-02;3.413983e-02;4.973342e-02;7.322563e-02;8.884422e-03;1.321435e-01;2.247292e-01;9.136831e-02;8.196030e-03;2.067571e-02;6.689487e-02
1.533050e-01;1.372822e-02;4.314459e-02;1.002770e-01;5.459126e-02;2.748362e-02;2.320764e-01;1.505899e-01;5.284199e-02;1.208468e-02;3.115669e-02;1.287207e-01
9.197088e-02;2.771843e-02;9.437717e-02;1.016228e-01;2.165471e-02;5.767665e-02;2.771055e-01;6.526725e-02;3.371244e-02;1.200463e-02;5.989020e-02;1.569994e-01
5.150999e-02;2.563348e-02;2.244965e-01;4.178864e-02;8.657981e-03;1.084653e-01;2.400709e-01;2.391712e-02;1.811451e-02;1.598529e-02;1.273191e-01;1.140413e-01
3.482333e-02;2.293189e-02;3.098229e-01;2.071147e-02;1.304102e-02;1.221764e-01;1.578513e-01;2.033748e-02;2.546080e-02;1.451521e-02;1.561953e-01;1.021329e-01
2.430011e-02;3.097578e-02;2.410531e-01;4.759838e-02;1.470168e-02;1.118115e-01;1.418037e-01;2.958574e-02;3.416788e-02;1.552998e-02;1.527370e-01;1.557351e-01
5.405708e-02;2.381131e-02;7.621317e-02;8.835045e-02;1.603775e-02;1.012589e-01;1.495069e-01;3.315377e-02;4.202751e-02;2.533854e-02;2.396828e-01;1.505618e-01
4.074157e-02;1.606716e-02;5.610858e-02;4.258467e-02;1.670271e-02;9.769895e-02;1.484140e-01;3.582685e-02;3.407120e-02;7.121854e-02;3.212998e-01;1.192660e-01
1.847313e-02;1.855153e-02;8.496851e-02;4.051102e-02;1.663422e-02;1.095639e-01;1.214474e-01;2.704444e-02;5.317592e-02;1.149561e-01;2.917221e-01;1.029517e-01
3.510839e-02;1.760734e-02;1.204266e-01;2.662054e-02;2.438721e-02;1.430534e-01;5.364639e-02;4.272823e-02;1.112209e-01;1.321360e-01;1.959969e-01;9.706818e-02
3.714461e-02;1.268374e-02;9.736530e-02;2.835600e-02;3.763402e-02;1.616435e-01;6.140748e-02;7.339247e-02;1.124621e-01;1.022696e-01;1.903236e-01;8.531755e-02
4.678707e-02;1.984473e-02;8.850178e-02;5.309309e-02;4.607924e-02;1.520421e-01;7.627858e-02;6.552718e-02;6.579474e-02;9.074253e-02;2.388924e-01;5.641656e-02
3.792562e-02;2.968765e-02;1.420614e-01;4.540825e-02;5.159204e-02;1.254333e-01;3.865049e-02;3.701472e-02;3.482192e-02;1.325934e-01;2.842468e-01;4.056441e-02
7.283526e-02;2.896873e-02;1.329697e-01;3.388576e-02;4.798876e-02;9.766985e-02;5.563661e-02;1.187260e-02;3.050610e-02;1.504835e-01;2.865088e-01;5.067429e-02
5.924984e-02;4.518686e-02;9.330918e-02;3.227331e-02;4.132355e-02;1.136307e-01;8.387887e-02;1.695690e-02;3.681930e-02;1.442971e-01;2.789746e-01;5.409978e-02
1.016739e-01;3.784553e-02;6.326576e-02;2.964984e-02;3.921677e-02;1.190713e-01;8.108494e-02;2.332581e-02;5.383670e-02;1.267084e-01;2.419413e-01;8.237973e-02
1.500534e-01;3.315592e-02;6.291284e-02;3.393908e-02;4.176513e-02;1.121557e-01;1.335565e-01;2.591732e-02;6.573102e-02;7.594889e-02;1.565200e-01;1.083442e-01
1.418629e-01;3.114415e-02;6.997066e-02;3.482678e-02;4.732709e-02;8.512287e-02;2.083773e-01;4.376775e-02;9.537649e-02;6.768323e-02;8.560366e-02;8.893714e-02
1.294916e-01;2.956305e-02;6.956383e-02;2.458854e-02;4.716298e-02;6.090114e-02;2.094009e-01;9.123612e-02;1.279877e-01;6.977963e-02;6.991156e-02;7.041304e-02
1.099111e-01;5.139552e-02;5.652576e-02;3.023251e-02;6.232921e-02;6.022405e-02;1.252501e-01;1.740768e-01;1.356516e-01;7.772239e-02;6.918316e-02;4.749785e-02
1.101612e-01;5.383923e-02;7.421435e-02;5.043725e-02;6.815222e-02;4.422688e-02;2.910509e-02;2.021562e-01;1.352260e-01;8.429661e-02;8.946656e-02;5.871851e-02
8.543666e-02;9.243032e-02;8.965512e-02;5.528495e-02;4.148479e-02;3.486279e-02;5.894938e-02;1.541214e-01;1.820199e-01;6.687871e-02;6.374259e-02;7.513335e-02
5.619327e-02;9.991856e-02;2.281453e-01;1.446415e-01;2.357916e-02;3.156340e-02;3.958923e-02;8.921111e-02;1.523559e-01;4.332719e-02;3.786097e-02;5.361434e-02
4.807555e-02;5.672235e-02;3.720535e-01;2.480223e-01;3.152455e-02;2.132225e-02;3.867037e-02;3.159357e-02;9.091526e-02;2.258320e-02;1.607253e-02;2.244456e-02
5.438817e-02;3.849288e-02;3.106247e-01;3.459949e-01;8.255354e-02;2.206438e-02;2.314430e-02;1.622702e-02;6.342619e-02;1.903551e-02;1.134952e-02;1.269888e-02
5.047507e-02;6.923736e-02;1.514609e-01;3.424102e-01;1.684790e-01;3.506030e-02;3.482297e-02;2.545900e-02;5.533939e-02;3.319716e-02;1.727003e-02;1.678853e-02
7.335287e-02;8.590998e-02;5.707959e-02;1.935572e-01;2.222075e-01;5.223895e-02;8.436920e-02;2.855259e-02;8.772761e-02;6.471757e-02;1.654713e-02;3.373982e-02
6.756814e-02;7.938640e-02;1.325195e-01;1.345191e-01;1.347407e-01;4.166745e-02;7.283863e-02;4.575561e-02;1.091599e-01;1.003705e-01;2.938487e-02;5.208915e-02
6.869714e-02;6.634379e-02;1.062793e-01;1.680254e-01;6.323633e-02;8.529164e-02;8.410695e-02;5.926163e-02;1.359991e-01;8.702522e-02;3.758054e-02;3.815291e-02
7.720791e-02;4.755966e-02;1.155313e-01;1.642740e-01;1.161415e-01;8.601400e-02;1.348508e-01;4.003937e-02;1.003975e-01;5.451772e-02;3.965192e-02;2.381426e-02
7.119268e-02;5.117097e-02;1.112988e-01;1.529060e-01;1.368405e-01;7.716829e-02;1.294690e-01;3.846015e-02;1.183147e-01;4.229232e-02;2.962580e-02;4.126078e-02
6.985624e-02;6.052515e-02;1.130180e-01;1.502373e-01;1.294713e-01;8.193991e-02;8.106980e-02;3.368568e-02;1.589986e-01;3.530454e-02;4.182646e-02;4.406698e-02
6.160335e-02;6.747933e-02;1.384606e-01;1.399783e-01;1.013004e-01;8.217616e-02;6.872833e-02;6.976844e-02;1.362621e-01;5.127467e-02;4.631918e-02;3.664906e-02
9.802791e-02;5.486813e-02;1.385021e-01;1.336763e-01;8.847774e-02;6.640171e-02;8.257038e-02;6.933482e-02;1.162791e-01;6.592264e-02;5.935467e-02;2.658438e-02
1.000993e-01;4.662675e-02;1.896391e-01;1.170905e-01;7.836665e-02;3.960333e-02;8.463796e-02;5.503754e-02;1.067690e-01;6.460951e-02;7.583687e-02;4.168347e-02
6.584460e-02;6.034270e-02;1.834916e-01;9.770428e-02;6.665134e-02;6.521882e-02;8.850543e-02;7.379550e-02;9.816040e-02;5.682969e-02;7.596242e-02;6.749328e-02
7.551330e-02;6.727282e-02;1.039565e-01;8.001928e-02;7.748356e-02;8.968674e-02;1.025271e-01;7.878418e-02;1.154868e-01;6.394788e-02;7.454401e-02;7.077784e-02
1.075498e-01;7.372723e-02;1.253302e-01;8.565724e-02;8.941396e-02;5.881828e-02;1.016087e-01;7.305804e-02;1.006924e-01;7.818184e-02;4.580725e-02;6.015509e-02
8.827737e-02;6.800643e-02;1.370144e-01;8.230563e-02;1.001719e-01;7.169841e-02;1.106748e-01;6.829979e-02;9.029842e-02;8.326662e-02;5.164074e-02;4.834544e-02
7.064112e-02;4.422770e-02;1.249426e-01;6.367309e-02;9.728239e-02;1.184391e-01;1.277441e-01;7.759004e-02;8.663131e-02;8.441118e-02;5.254657e-02;5.187079e-02
7.707242e-02;6.141036e-02;8.944821e-02;6.641565e-02;9.580851e-02;9.257162e-02;1.290790e-01;8.349895e-02;1.007758e-01;8.820105e-02;6.705116e-02;4.866735e-02
9.967007e-02;5.781667e-02;8.105702e-02;6.600308e-02;1.129340e-01;7.345410e-02;1.167763e-01;6.115489e-02;8.875676e-02;7.998589e-02;9.250650e-02;6.988480e-02
