1.000643e-01;4.610985e-02;1.271099e-01;5.974739e-02;1.025990e-01;8.877958e-02;1.198745e-01;4.798599e-02;6.788786e-02;1.328737e-01;6.568036e-02;4.128760e-02
7.108331e-02;4.467630e-02;9.603236e-02;5.858439e-02;1.198245e-01;1.254164e-01;8.796652e-02;5.947674e-02;6.670215e-02;1.939427e-01;4.138422e-02;3.491030e-02
5.828202e-02;3.974035e-02;8.665844e-02;5.823510e-02;1.035262e-01;1.331814e-01;7.580440e-02;1.042803e-01;6.210135e-02;2.059759e-01;5.009510e-02;2.211928e-02
7.287774e-02;5.708902e-02;1.991495e-01;5.139994e-02;1.067570e-01;9.439149e-02;1.127609e-01;7.210456e-02;5.078874e-02;9.761322e-02;4.360635e-02;4.146155e-02
1.636094e-01;1.172471e-01;2.233553e-01;6.787776e-02;5.920649e-02;5.156070e-02;1.170591e-01;3.093306e-02;3.493762e-02;4.543426e-02;3.651699e-02;5.226223e-02
2.297627e-01;1.177764e-01;1.779502e-01;7.992711e-02;5.032074e-02;5.315522e-02;1.033529e-01;3.086536e-02;2.949169e-02;4.226554e-02;2.818092e-02;5.695115e-02
3.401815e-01;1.065796e-01;1.100267e-01;8.027814e-02;3.878029e-02;4.863969e-02;8.520360e-02;3.087765e-02;2.110744e-02;4.250265e-02;2.234273e-02;7.348011e-02
4.941728e-01;8.743888e-02;4.459936e-02;5.352384e-02;2.839438e-02;3.696362e-02;4.614608e-02;4.070479e-02;1.477642e-02;3.250303e-02;1.856412e-02;1.022126e-01
5.325633e-01;8.217791e-02;4.005674e-02;1.719141e-02;2.256687e-02;1.755955e-02;2.064147e-02;6.445283e-02;2.069490e-02;3.720186e-02;1.860358e-02;1.262896e-01
4.320613e-01;8.296373e-02;6.569248e-02;2.273196e-02;1.763649e-02;1.951395e-02;3.130979e-02;5.984163e-02;4.250550e-02;7.562170e-02;3.128777e-02;1.188337e-01
2.519316e-01;1.092135e-01;7.316078e-02;4.147024e-02;1.432872e-02;3.614520e-02;5.478128e-02;6.557468e-02;8.693285e-02;9.620136e-02;6.453939e-02;1.057204e-01
1.521001e-01;1.320009e-01;7.062805e-02;5.271449e-02;2.072902e-02;4.093667e-02;7.415432e-02;7.871869e-02;1.119027e-01;8.247987e-02;7.544760e-02;1.081876e-01
4.644211e-01;1.124601e-01;4.130306e-02;4.217918e-02;1.826912e-02;1.593771e-02;3.103904e-02;4.542909e-02;4.443315e-02;3.458492e-02;4.217725e-02;1.077663e-01
5.341248e-01;1.138865e-01;3.925778e-02;2.215278e-02;8.587081e-03;2.183977e-02;2.986515e-02;3.387656e-02;1.638278e-02;3.009400e-02;3.353874e-02;1.163940e-01
5.378215e-01;1.083802e-01;3.556287e-02;1.291700e-02;1.519373e-02;2.412239e-02;2.821952e-02;2.568575e-02;2.427275e-02;4.090292e-02;2.581633e-02;1.211051e-01
5.009624e-01;5.959551e-02;4.714073e-02;2.696173e-02;2.608260e-02;2.328570e-02;3.205872e-02;3.444313e-02;4.187558e-02;4.577133e-02;2.226595e-02;1.395566e-01
3.156520e-01;9.468058e-02;6.367259e-02;3.618874e-02;3.075533e-02;2.159020e-02;4.433869e-02;5.046131e-02;5.687153e-02;7.353081e-02;5.087093e-02;1.613873e-01
1.561458e-01;1.729229e-01;1.060510e-01;5.785761e-02;4.050303e-02;2.638327e-02;7.662930e-02;5.613724e-02;4.049956e-02;7.029249e-02;8.143938e-02;1.151384e-01
1.396376e-01;1.634560e-01;1.040250e-01;7.878149e-02;5.419813e-02;3.998719e-02;7.171102e-02;5.205138e-02;3.574030e-02;6.240726e-02;7.639811e-02;1.216065e-01
1.344043e-01;1.456666e-01;1.010181e-01;9.059008e-02;7.080236e-02;5.147266e-02;5.995452e-02;5.692935e-02;3.481739e-02;6.235388e-02;6.463019e-02;1.273606e-01
1.261564e-01;1.178135e-01;1.000217e-01;8.342727e-02;8.025803e-02;4.924573e-02;7.251982e-02;7.505468e-02;4.491416e-02;8.312490e-02;5.641517e-02;1.110487e-01
1.285495e-01;6.606197e-02;1.526107e-01;4.447377e-02;7.486918e-02;4.709617e-02;1.040999e-01;9.711826e-02;6.760518e-02;9.740902e-02;5.656964e-02;6.353674e-02
1.704401e-01;6.778426e-02;1.648460e-01;2.710034e-02;5.107733e-02;9.731637e-02;9.029456e-02;9.646458e-02;5.782079e-02;5.715977e-02;5.551130e-02;6.418458e-02
2.172614e-01;6.862101e-02;1.138753e-01;4.682621e-02;3.396564e-02;1.344505e-01;8.286875e-02;6.773016e-02;5.419535e-02;4.763984e-02;5.473468e-02;7.783115e-02
1.725124e-01;6.408232e-02;1.658678e-01;8.095998e-02;4.361581e-02;1.161419e-01;9.678598e-02;2.827249e-02;3.363581e-02;7.895745e-02;6.386470e-02;5.530340e-02
1.128472e-01;5.792712e-02;2.098032e-01;8.769932e-02;7.031111e-02;7.742651e-02;9.741562e-02;2.738400e-02;3.127439e-02;1.069212e-01;8.713822e-02;3.385210e-02
8.769409e-02;6.041131e-02;1.360451e-01;8.502200e-02;7.151396e-02;5.737888e-02;7.879300e-02;5.406608e-02;6.885171e-02;1.651192e-01;1.011174e-01;3.398744e-02
1.148465e-01;6.125244e-02;6.178536e-02;5.667922e-02;8.496593e-02;4.606511e-02;6.637125e-02;6.527368e-02;6.223332e-02;2.254224e-01;1.043541e-01;5.075063e-02
1.031156e-01;4.867630e-02;8.316452e-02;2.872797e-02;1.049294e-01;3.490312e-02;5.140625e-02;5.774654e-02;5.665555e-02;2.442459e-01;1.402519e-01;4.617681e-02
1.012040e-01;2.967302e-02;8.681683e-02;3.563479e-02;1.197398e-01;3.967892e-02;8.601967e-02;3.813282e-02;5.772076e-02;1.708227e-01;1.639651e-01;7.059165e-02
1.168275e-01;3.818838e-02;8.826337e-02;6.709159e-02;1.102716e-01;3.164374e-02;1.227957e-01;3.863402e-02;3.103999e-02;9.170690e-02;1.379686e-01;1.255686e-01
1.450547e-01;5.924687e-02;7.018921e-02;1.106309e-01;5.177678e-02;2.905299e-02;1.655363e-01;4.194052e-02;1.947853e-02;6.549967e-02;8.866774e-02;1.529258e-01
1.704175e-01;1.005133e-01;6.381838e-02;1.382512e-01;4.228213e-02;4.302802e-02;1.521748e-01;3.249394e-02;1.124347e-02;4.635604e-02;4.915675e-02;1.502645e-01
1.921691e-01;1.427174e-01;5.806310e-02;1.446627e-01;2.838517e-02;4.802360e-02;1.072520e-01;2.592208e-02;7.587879e-03;4.078398e-02;3.852961e-02;1.659034e-01
2.057599e-01;1.473359e-01;4.734413e-02;1.121461e-01;1.356033e-02;2.922192e-02;9.397791e-02;1.943075e-02;2.394149e-02;4.399975e-02;6.841347e-02;1.948684e-01
1.878874e-01;1.040861e-01;3.580539e-02;5.966758e-02;1.262301e-02;3.622600e-02;1.160204e-01;2.233754e-02;6.653425e-02;5.617539e-02;9.985314e-02;2.027838e-01
1.396302e-01;4.914422e-02;3.984492e-02;3.497649e-02;2.414867e-02;8.924346e-02;1.314267e-01;2.641645e-02;9.016611e-02;5.437446e-02;1.247918e-01;1.958365e-01
1.182574e-01;4.200996e-02;5.672741e-02;7.224422e-02;2.874745e-02;1.105834e-01;1.430027e-01;1.216768e-02;4.079525e-02;5.758888e-02;1.189165e-01;1.989592e-01
1.858460e-01;4.588168e-02;6.750365e-02;7.981984e-02;2.195549e-02;5.793864e-02;1.527140e-01;2.231522e-02;1.627236e-02;4.771463e-02;9.871863e-02;2.033198e-01
1.667517e-01;5.916400e-02;9.336881e-02;6.158634e-02;3.508941e-02;4.385117e-02;1.482336e-01;3.793767e-02;3.301125e-02;6.377500e-02;9.649477e-02;1.607363e-01
7.744963e-02;6.008617e-02;1.154995e-01;3.883730e-02;5.398829e-02;7.836983e-02;1.466294e-01;5.716057e-02;4.749311e-02;7.348328e-02;1.203025e-01;1.307005e-01
7.909534e-02;3.839382e-02;1.191994e-01;3.973823e-02;5.535192e-02;7.299025e-02;1.508294e-01;6.146217e-02;3.186795e-02;7.063688e-02;1.480143e-01;1.324205e-01
5.701030e-02;1.193333e-02;6.915043e-02;2.595863e-02;5.897245e-02;5.675375e-02;1.692013e-01;7.232744e-02;5.631861e-02;7.684515e-02;1.896314e-01;1.558972e-01
5.230829e-02;1.607402e-02;9.917429e-02;1.603040e-02;5.906984e-02;5.153905e-02;1.230027e-01;7.046752e-02;7.497324e-02;8.709319e-02;2.119091e-01;1.383584e-01
4.936026e-02;2.646624e-02;1.062670e-01;1.690495e-02;6.242915e-02;5.379273e-02;9.564951e-02;6.981730e-02;8.068722e-02;9.660827e-02;2.092355e-01;1.327818e-01
9.612949e-02;4.805192e-02;9.861356e-02;3.287627e-02;5.537081e-02;4.419273e-02;1.203330e-01;6.916016e-02;7.738126e-02;9.364260e-02;1.374626e-01;1.267857e-01
1.758618e-01;4.547351e-02;9.955897e-02;7.335995e-02;3.676844e-02;4.633162e-02;1.398767e-01;5.942471e-02;6.468064e-02;5.663860e-02;8.496906e-02;1.170560e-01
2.386297e-01;4.056413e-02;6.110205e-02;1.331208e-01;2.197604e-02;4.058475e-02;1.456197e-01;4.331750e-02;3.712255e-02;4.809464e-02;6.316701e-02;1.267012e-01
2.737120e-01;3.005167e-02;6.809138e-02;1.783628e-01;7.895104e-03;2.222888e-02;1.272438e-01;2.209248e-02;1.091544e-02;5.774094e-02;4.292668e-02;1.587388e-01
2.769020e-01;2.863117e-02;7.566100e-02;1.495441e-01;6.563186e-03;1.711205e-02;1.049427e-01;2.476403e-02;9.437631e-03;5.707235e-02;4.818240e-02;2.011874e-01
2.752813e-01;2.374298e-02;4.271044e-02;9.466409e-02;5.768968e-03;2.105568e-02;1.064728e-01;3.079741e-02;1.436628e-02;5.754601e-02;8.921082e-02;2.383832e-01
2.689961e-01;3.076192e-02;3.677281e-02;6.927871e-02;7.361254e-03;2.597901e-02;1.275429e-01;2.322033e-02;1.274233e-02;5.672849e-02;1.155973e-01;2.250189e-01
2.331826e-01;4.463381e-02;6.197809e-02;5.611582e-02;1.589304e-02;3.355010e-02;1.580020e-01;3.464145e-02;2.276956e-02;5.463693e-02;1.158444e-01;1.687522e-01
1.649216e-01;4.591857e-02;9.294947e-02;4.256080e-02;3.584733e-02;3.070099e-02;1.804741e-01;7.810793e-02;3.804482e-02;5.276754e-02;1.242715e-01;1.134353e-01
1.001113e-01;3.365170e-02;9.543806e-02;2.765283e-02;4.921114e-02;3.535942e-02;1.726711e-01;1.103886e-01;6.104592e-02;6.059833e-02;1.540583e-01;9.981330e-02
8.379882e-02;1.361298e-02;3.209577e-02;1.447431e-02;4.869585e-02;4.927693e-02;1.614864e-01;1.081816e-01;8.703428e-02;6.880467e-02;1.896387e-01;1.428998e-01
1.008195e-01;1.381457e-02;5.618073e-02;1.722869e-02;4.436707e-02;6.115201e-02;1.171207e-01;7.202890e-02;1.015486e-01;7.464560e-02;2.026096e-01;1.384840e-01
1.041007e-01;1.444259e-02;6.836988e-02;1.301255e-02;3.110600e-02;8.138574e-02;8.224087e-02;4.955622e-02;9.795716e-02;9.915157e-02;2.526766e-01;1.060001e-01
6.858013e-02;2.232892e-02;7.153320e-02;1.333502e-02;3.013682e-02;1.146219e-01;5.181181e-02;4.381544e-02;6.668004e-02;1.400605e-01;2.927648e-01;8.433137e-02
6.671278e-02;5.141398e-02;7.025316e-02;2.379824e-02;4.151967e-02;1.023936e-01;5.617180e-02;3.897202e-02;4.711640e-02;1.497812e-01;2.648536e-01;8.701354e-02
8.349774e-02;6.226366e-02;1.228704e-01;1.685219e-02;2.929145e-02;9.578978e-02;1.004817e-01;2.591098e-02;4.656857e-02;1.258695e-01;2.141403e-01;7.646369e-02
1.159813e-01;3.801665e-02;9.552665e-02;2.063535e-02;2.328741e-02;9.100893e-02;1.429804e-01;2.422871e-02;3.370252e-02;1.203395e-01;1.790878e-01;1.152049e-01
1.755844e-01;4.629303e-02;8.631247e-02;3.315054e-02;2.256884e-02;5.560530e-02;1.387842e-01;1.852254e-02;3.133004e-02;1.115593e-01;1.454659e-01;1.348235e-01
1.817945e-01;6.870733e-02;1.410648e-01;3.733072e-02;3.667210e-02;3.020969e-02;9.420492e-02;3.236967e-02;5.101670e-02;1.125759e-01;1.160846e-01;9.796906e-02
1.415046e-01;8.136796e-02;1.390779e-01;4.137915e-02;5.152023e-02;3.858059e-02;8.076575e-02;4.505771e-02;8.250793e-02;1.237862e-01;1.201026e-01;5.434939e-02
5.030750e-02;6.265637e-02;6.009272e-02;7.313182e-02;8.774039e-02;5.768732e-02;1.066341e-01;7.416282e-02;1.128700e-01;1.411967e-01;1.035022e-01;7.001806e-02
8.246459e-02;4.865296e-02;1.000172e-01;8.633548e-02;8.579667e-02;6.198280e-02;8.518954e-02;6.046256e-02;8.800125e-02;1.549875e-01;9.293992e-02;5.316950e-02
1.192950e-01;6.459261e-02;1.364588e-01;7.151822e-02;5.381897e-02;6.397676e-02;6.422567e-02;7.267568e-02;6.925688e-02;1.323989e-01;9.825068e-02;5.353187e-02
1.673731e-01;5.827695e-02;1.038620e-01;4.903719e-02;3.565341e-02;5.057752e-02;8.198950e-02;8.877116e-02;5.181312e-02;1.049891e-01;1.124893e-01;9.516757e-02
1.952653e-01;2.364447e-02;7.714147e-02;2.599712e-02;3.094267e-02;4.042677e-02;8.719148e-02;7.874045e-02;4.901330e-02;1.081889e-01;1.663393e-01;1.171087e-01
1.576621e-01;3.480403e-02;8.847264e-02;1.995490e-02;5.264691e-02;7.269175e-02;5.805055e-02;4.873554e-02;5.488662e-02;1.506457e-01;1.635793e-01;9.787000e-02
9.746094e-02;4.182446e-02;7.912075e-02;4.406824e-02;8.063197e-02;8.270880e-02;7.472128e-02;5.840079e-02;7.453793e-02;1.934218e-01;1.038388e-01;6.926421e-02
8.370563e-02;4.279019e-02;7.841605e-02;3.839860e-02;8.025946e-02;4.646462e-02;1.514033e-01;5.327357e-02;9.466484e-02;1.739967e-01;9.319205e-02;6.343495e-02
3.389373e-02;5.568020e-02;1.019171e-01;2.248584e-02;4.742678e-02;4.605727e-02;2.476088e-01;6.632794e-02;8.793037e-02;1.542267e-01;8.963380e-02;4.681149e-02
4.579337e-02;4.627899e-02;1.033112e-01;4.101096e-02;7.362320e-02;6.101740e-02;2.382360e-01;7.379619e-02;7.600611e-02;1.193843e-01;8.187004e-02;3.967223e-02
8.389191e-02;5.691313e-02;9.459635e-02;5.507707e-02;1.025709e-01;6.868799e-02;1.531418e-01;7.456635e-02;7.536275e-02;8.595946e-02;8.568582e-02;6.354650e-02
9.957226e-02;6.077511e-02;1.275868e-01;5.470647e-02;1.102405e-01;6.508819e-02;1.101371e-01;7.439002e-02;7.896633e-02;7.632605e-02;7.987645e-02;6.233466e-02
9.526923e-02;5.119473e-02;1.465065e-01;4.879970e-02;9.705367e-02;6.598358e-02;1.015342e-01;6.218531e-02;1.032511e-01;9.744227e-02;8.801612e-02;4.276360e-02
1.033869e-01;5.736821e-02;1.282543e-01;5.412931e-02;8.094671e-02;6.470370e-02;1.003196e-01;5.882359e-02;9.850059e-02;1.045666e-01;9.584208e-02;5.315840e-02
9.758776e-02;7.361636e-02;1.504165e-01;6.432342e-02;6.110628e-02;6.756444e-02;8.780132e-02;7.035016e-02;7.215971e-02;8.962963e-02;9.590504e-02;6.953942e-02
9.155352e-02;5.896928e-02;1.366610e-01;8.656628e-02;5.366393e-02;4.286790e-02;6.021229e-02;6.366682e-02;8.292776e-02;1.285917e-01;1.120836e-01;8.223596e-02
9.707112e-02;7.185359e-02;1.338779e-01;7.629564e-02;5.189520e-02;3.614015e-02;4.615734e-02;4.009541e-02;8.901852e-02;1.333418e-01;1.494210e-01;7.483222e-02
9.970204e-02;5.275864e-02;1.973709e-01;4.987852e-02;4.290165e-02;6.221740e-02;4.714533e-02;2.545321e-02;6.669624e-02;1.082413e-01;1.826270e-01;6.500778e-02
1.208917e-01;3.033646e-02;2.048397e-01;2.546142e-02;3.279343e-02;8.953042e-02;4.504077e-02;4.131044e-02;4.793650e-02;9.838674e-02;2.054882e-01;5.798429e-02
9.700596e-02;3.790544e-02;1.772577e-01;4.065145e-02;2.444317e-02;9.828360e-02;3.236143e-02;5.191948e-02;4.876814e-02;1.162689e-01;2.182950e-01;5.683970e-02
8.233152e-02;5.865677e-02;1.212474e-01;7.246511e-02;2.274418e-02;7.597973e-02;4.538303e-02;6.084218e-02;5.130930e-02;1.354094e-01;2.065705e-01;6.706089e-02
2.749575e-02;6.524596e-02;5.834456e-02;6.529417e-02;4.689589e-02;5.499500e-02;6.029217e-02;1.182345e-01;8.290146e-02;1.765700e-01;1.753564e-01;6.837410e-02
3.369880e-02;1.260428e-01;7.036999e-02;3.874138e-02;6.302144e-02;4.453595e-02;6.087662e-02;1.207131e-01;9.802756e-02;1.702889e-01;1.087347e-01;6.494871e-02
3.980696e-02;1.611818e-01;8.397870e-02;5.634860e-02;9.265900e-02;4.444151e-02;5.871220e-02;8.020869e-02;9.095920e-02;1.448826e-01;8.148692e-02;6.533383e-02
3.607999e-02;9.846830e-02;1.284377e-01;8.282296e-02;9.152308e-02;5.926294e-02;1.039010e-01;8.596744e-02;8.020183e-02;1.075557e-01;8.378939e-02;4.198964e-02
3.272200e-02;4.996324e-02;1.327259e-01;1.319397e-01;8.339763e-02;5.562839e-02;1.254122e-01;9.197331e-02;7.808708e-02;8.824205e-02;8.021338e-02;4.969515e-02
7.567495e-02;3.603926e-02;9.651691e-02;1.177808e-01;7.324637e-02;5.513658e-02;7.546964e-02;9.506834e-02;1.083691e-01;8.959340e-02;1.029256e-01;7.417899e-02
1.529708e-01;8.703317e-02;1.186059e-01;8.566087e-02;3.724243e-02;3.507074e-02;8.167928e-02;5.362849e-02;6.787795e-02;7.122719e-02;1.073782e-01;1.016249e-01
2.284007e-01;1.120827e-01;9.870278e-02;7.385461e-02;1.994953e-02;2.301909e-02;7.511254e-02;3.863863e-02;5.524668e-02;7.290488e-02;7.196240e-02;1.301255e-01
2.854630e-01;9.501393e-02;8.068176e-02;7.535134e-02;1.216277e-02;2.546243e-02;8.264115e-02;2.748223e-02;3.869576e-02;6.705444e-02;5.442557e-02;1.555656e-01
3.548045e-01;7.888643e-02;5.303388e-02;8.166838e-02;1.164713e-02;2.641485e-02;7.378242e-02;2.035943e-02;2.177278e-02;8.017062e-02;3.178443e-02;1.656752e-01
3.795798e-01;1.105094e-01;2.918414e-02;8.689201e-02;1.716848e-02;1.596481e-02;7.274932e-02;1.604654e-02;1.196591e-02;7.535256e-02;1.234081e-02;1.722462e-01
3.510087e-01;1.313619e-01;2.661051e-02;7.297044e-02;1.756511e-02;1.419444e-02;8.483347e-02;8.820432e-03;1.353318e-02;5.151099e-02;2.630375e-02;2.012871e-01
2.947328e-01;1.251844e-01;2.791744e-02;4.737116e-02;1.216061e-02;1.667616e-02;1.065430e-01;1.746228e-02;1.582308e-02;2.664125e-02;4.873096e-02;2.607569e-01
1.731779e-01;1.314946e-01;2.833567e-02;4.210847e-02;1.178442e-02;1.898263e-02;1.289907e-01;3.183860e-02;1.999919e-02;2.232819e-02;8.564715e-02;3.053126e-01
1.028157e-01;2.006722e-01;1.902842e-02;5.118399e-02;6.701093e-03;1.613259e-02;1.320250e-01;3.920525e-02;1.752686e-02;2.892721e-02;9.709513e-02;2.886865e-01
9.245625e-02;2.058417e-01;2.215146e-02;5.914966e-02;9.084196e-03;1.333014e-02;1.363610e-01;3.550956e-02;1.332960e-02;3.965989e-02;8.581427e-02;2.873123e-01
1.325521e-01;1.738914e-01;2.208082e-02;7.878936e-02;1.647417e-02;9.364807e-03;1.260586e-01;2.342025e-02;1.488584e-02;4.106493e-02;7.474544e-02;2.866723e-01
1.995388e-01;1.725298e-01;3.503205e-02;5.242690e-02;2.607013e-02;1.600441e-02;8.092091e-02;4.127693e-02;2.502397e-02;4.670947e-02;9.691498e-02;2.075517e-01
1.929118e-01;1.190079e-01;5.327501e-02;2.469005e-02;3.706591e-02;3.310236e-02;4.549206e-02;4.938380e-02;5.166387e-02;7.467148e-02;1.811000e-01;1.376357e-01
1.388198e-01;5.577346e-02;6.406803e-02;3.465751e-02;4.579556e-02;4.928229e-02;6.316768e-02;5.671892e-02;7.895935e-02;1.049578e-01;2.423139e-01;6.548576e-02
8.087786e-02;5.335062e-02;4.439624e-02;3.928002e-02;6.360101e-02;7.414006e-02;8.001143e-02;7.545787e-02;7.257905e-02;1.204668e-01;2.108742e-01;8.496476e-02
5.471737e-02;5.057984e-02;3.367519e-02;5.254205e-02;7.226422e-02;9.050862e-02;7.274293e-02;9.210455e-02;7.816570e-02;1.270467e-01;1.489302e-01;1.267226e-01
5.883249e-02;9.000325e-02;4.661765e-02;4.450750e-02;4.908363e-02;7.977421e-02;5.644055e-02;9.887287e-02;6.391892e-02;1.549477e-01;1.222210e-01;1.347802e-01
9.845630e-02;8.875826e-02;6.408560e-02;5.943448e-02;4.924738e-02;8.966176e-02;4.494289e-02;9.966211e-02;4.340451e-02;1.323151e-01;1.074899e-01;1.225418e-01
1.139588e-01;5.517238e-02;7.608239e-02;7.747792e-02;6.311059e-02;5.406108e-02;5.183916e-02;9.112847e-02;7.387693e-02;1.510979e-01;1.000182e-01;9.217612e-02
1.247474e-01;3.691740e-02;7.802042e-02;6.200024e-02;5.223529e-02;5.586418e-02;4.943810e-02;7.425413e-02;1.003644e-01;1.417140e-01;1.228622e-01;1.015823e-01
1.125539e-01;5.930013e-02;6.615784e-02;8.812186e-02;1.917445e-02;7.191897e-02;4.963670e-02;6.591818e-02;7.977109e-02;1.031437e-01;1.723611e-01;1.119421e-01
1.011496e-01;6.567352e-02;9.226985e-02;9.473158e-02;5.367051e-02;6.182939e-02;6.491066e-02;6.633592e-02;8.271871e-02;1.416868e-01;1.091649e-01;6.585862e-02
6.257344e-02;5.120417e-02;1.061939e-01;9.020309e-02;1.097194e-01;4.922847e-02;9.123631e-02;6.061298e-02;9.465352e-02;1.512940e-01;7.166452e-02;6.141622e-02
4.280151e-02;7.129218e-02;9.296268e-02;8.978351e-02;1.107516e-01;8.851838e-02;8.675054e-02;6.287124e-02;8.714948e-02;1.358831e-01;8.111619e-02;5.011957e-02
9.142085e-02;6.989617e-02;8.226576e-02;8.004411e-02;9.092749e-02;1.040906e-01;4.501528e-02;7.418895e-02;8.352598e-02;9.661199e-02;1.043412e-01;7.767158e-02
1.374154e-01;2.919669e-02;1.251435e-01;6.328507e-02;7.273608e-02;8.287819e-02;1.013315e-01;5.215171e-02;9.299486e-02;7.154584e-02;9.652131e-02;7.479987e-02
2.079194e-01;9.200789e-02;1.605877e-01;4.084735e-02;3.533975e-02;4.529456e-02;1.215690e-01;3.387474e-02;6.049239e-02;5.056594e-02;5.991785e-02;9.158347e-02
2.560665e-01;9.783463e-02;1.366420e-01;3.772936e-02;2.535579e-02;3.457720e-02;1.090906e-01;2.989114e-02;4.136359e-02;4.536378e-02;4.871644e-02;1.373689e-01
2.673666e-01;7.285127e-02;1.020808e-01;2.347452e-02;1.853488e-02;4.838480e-02;9.158406e-02;2.044805e-02;3.277301e-02;3.392396e-02;9.572687e-02;1.928512e-01
1.751164e-01;3.645719e-02;1.149926e-01;3.720751e-02;1.900055e-02;9.962103e-02;7.112727e-02;9.157963e-03;3.023809e-02;3.935919e-02;1.839545e-01;1.837678e-01
4.447142e-02;1.406952e-02;1.606653e-01;1.037704e-01;3.670998e-02;1.723281e-01;7.987331e-02;1.037161e-02;3.339887e-02;4.342581e-02;2.304626e-01;7.045311e-02
3.091327e-02;1.180044e-02;1.316267e-01;7.208633e-02;4.274595e-02;1.977654e-01;1.223487e-01;2.906662e-02;6.607570e-02;4.652960e-02;2.031653e-01;4.587606e-02
3.455174e-02;8.109785e-03;9.623218e-02;2.383747e-02;2.652044e-02;1.911874e-01;1.379485e-01;5.467941e-02;1.211750e-01;6.854760e-02;1.938122e-01;4.339832e-02
5.247932e-02;1.564914e-02;9.094773e-02;1.934209e-02;2.113573e-02;1.664641e-01;8.855705e-02;4.614614e-02;1.337837e-01;1.023300e-01;2.022908e-01;6.087406e-02
8.696929e-02;3.016283e-02;1.159110e-01;2.328515e-02;2.597537e-02;1.384406e-01;5.532500e-02;2.608918e-02;8.795150e-02;1.239405e-01;2.214406e-01;6.450895e-02
9.270259e-02;2.773675e-02;1.462180e-01;2.681634e-02;2.425991e-02;1.427028e-01;6.950852e-02;1.757881e-02;5.096359e-02;1.154441e-01;2.281745e-01;5.789395e-02
9.548502e-02;2.033993e-02;1.158830e-01;2.594156e-02;1.906664e-02;1.682900e-01;6.998404e-02;1.636738e-02;7.260352e-02;1.135598e-01;2.217658e-01;6.071331e-02
1.001025e-01;9.830141e-03;1.339712e-01;1.093838e-02;1.161644e-02;2.063636e-01;4.255596e-02;1.125346e-02;5.035762e-02;1.177389e-01;2.357863e-01;6.948542e-02
8.008965e-02;2.559106e-02;1.103273e-01;1.141660e-02;1.506678e-02;1.964448e-01;2.484411e-02;1.517890e-02;6.602269e-02;1.204953e-01;2.570249e-01;7.749781e-02
4.859141e-02;3.843788e-02;1.189981e-01;2.208191e-02;3.181346e-02;1.395433e-01;4.820642e-02;3.227631e-02;8.514901e-02;1.005772e-01;2.468461e-01;8.747885e-02
6.407765e-02;4.335976e-02;1.659616e-01;3.752801e-02;3.672472e-02;9.010886e-02;7.877161e-02;4.130300e-02;5.871934e-02;9.295990e-02;2.056175e-01;8.486811e-02
5.321801e-02;3.266481e-02;1.638862e-01;3.563052e-02;2.732775e-02;9.437586e-02;7.687928e-02;3.161878e-02;5.303028e-02;1.123414e-01;2.199473e-01;9.907975e-02
7.315719e-02;4.991253e-02;1.504692e-01;2.448288e-02;2.217066e-02;8.236467e-02;5.601572e-02;3.152022e-02;5.967737e-02;1.381365e-01;2.116909e-01;1.004022e-01
3.820539e-02;5.899144e-02;9.797322e-02;3.617643e-02;3.790396e-02;6.496897e-02;6.308805e-02;5.447670e-02;9.277135e-02;1.780342e-01;1.841377e-01;9.327264e-02
6.920592e-02;4.477189e-02;7.012881e-02;3.097345e-02;3.953603e-02;4.147755e-02;1.018217e-01;6.084171e-02;1.107041e-01;1.601971e-01;1.710502e-01;9.929153e-02
7.912268e-02;2.757774e-02;6.742314e-02;2.567849e-02;3.787871e-02;5.300967e-02;1.566259e-01;5.014437e-02;8.350297e-02;1.299176e-01;1.704225e-01;1.186962e-01
7.106624e-02;3.364705e-02;1.161190e-01;3.944923e-02;5.123085e-02;5.911357e-02;1.458935e-01;4.252828e-02;5.019719e-02;8.921629e-02;1.716189e-01;1.299200e-01
6.303930e-02;4.621608e-02;1.259760e-01;4.755684e-02;7.166960e-02;7.193781e-02;8.041014e-02;7.756594e-02;6.022895e-02;1.175242e-01;1.400432e-01;9.783204e-02
8.374965e-02;6.524876e-02;9.607027e-02;6.263745e-02;6.523047e-02;9.128264e-02;9.226778e-02;9.250708e-02;6.819449e-02;1.173839e-01;9.021447e-02;7.521303e-02
3.646309e-02;8.417598e-02;1.132195e-01;8.346987e-02;5.766735e-02;8.621408e-02;8.871485e-02;1.121905e-01;6.308046e-02;1.317498e-01;7.620617e-02;6.684838e-02
8.093919e-02;8.443000e-02;1.027538e-01;9.309439e-02;6.080201e-02;5.928431e-02;1.072751e-01;9.913177e-02;5.093794e-02;1.128088e-01;7.954664e-02;6.899607e-02
7.558239e-02;1.181953e-01;1.141850e-01;6.434988e-02;6.769868e-02;6.404040e-02;1.210201e-01;6.187971e-02;8.541737e-02;8.280468e-02;7.105458e-02;7.377186e-02
1.410788e-01;6.925093e-02;1.387716e-01;7.079639e-02;3.695896e-02;6.938214e-02;1.178339e-01;6.026391e-02;1.044569e-01;6.747790e-02;4.931749e-02;7.441109e-02
1.858871e-01;3.869115e-02;1.148975e-01;8.217319e-02;3.098985e-02;8.345022e-02;8.385277e-02;4.239551e-02;1.087867e-01;9.817793e-02;3.515612e-02;9.554197e-02
1.779910e-01;5.457159e-02;9.800208e-02;7.492305e-02;4.105799e-02;9.561578e-02;6.055684e-02;7.692364e-02;6.744055e-02;1.207855e-01;3.941439e-02;9.271756e-02
1.311417e-01;7.842137e-02;1.160610e-01;6.370833e-02;7.098448e-02;1.022989e-01;5.289615e-02;9.226507e-02;7.162789e-02;1.071717e-01;3.954561e-02;7.387781e-02
5.983394e-02;1.068662e-01;1.101469e-01;4.245700e-02;1.058083e-01;6.821292e-02;6.429989e-02;7.356422e-02;1.217225e-01;1.195585e-01;3.493898e-02;9.259070e-02
9.334576e-02;1.179854e-01;9.570179e-02;2.718943e-02;8.135462e-02;6.330948e-02;6.967418e-02;7.411499e-02;1.028025e-01;9.820300e-02;4.434930e-02;1.319695e-01
2.068957e-01;1.058126e-01;6.313100e-02;4.653590e-02;4.196277e-02;3.970091e-02;7.605828e-02;1.025400e-01;6.228335e-02;7.260068e-02;6.148546e-02;1.209933e-01
2.427988e-01;1.495107e-01;6.414431e-02;6.217969e-02;4.424974e-02;3.761942e-02;7.894677e-02;1.094540e-01;3.147299e-02;6.177860e-02;5.213485e-02;6.571002e-02
2.071292e-01;1.376339e-01;1.483740e-01;5.450995e-02;4.859994e-02;3.918114e-02;1.116784e-01;9.197831e-02;2.896129e-02;3.628420e-02;5.180307e-02;4.386668e-02
1.868697e-01;9.365576e-02;1.616339e-01;4.014394e-02;4.465722e-02;3.874318e-02;1.616913e-01;5.960075e-02;3.391301e-02;4.963964e-02;4.668734e-02;8.276425e-02
2.264460e-01;7.010157e-02;1.001796e-01;3.378104e-02;3.308177e-02;3.213964e-02;1.718673e-01;4.072546e-02;3.617464e-02;7.285154e-02;5.059309e-02;1.320583e-01
2.577786e-01;6.481890e-02;3.243732e-02;2.970481e-02;1.581232e-02;2.354033e-02;1.644165e-01;2.736914e-02;5.711459e-02;7.036073e-02;5.321062e-02;2.034362e-01
2.091087e-01;3.626676e-02;1.728508e-02;2.059529e-02;1.964278e-02;2.375505e-02;1.568492e-01;2.398595e-02;1.043989e-01;4.803561e-02;8.857577e-02;2.515010e-01
1.290199e-01;2.674498e-02;2.648919e-02;9.364733e-03;4.869997e-02;3.386988e-02;1.538466e-01;3.442075e-02;1.023227e-01;4.902183e-02;1.416216e-01;2.445779e-01
9.350826e-02;2.852666e-02;2.825112e-02;1.263080e-02;7.453300e-02;4.361201e-02;1.760703e-01;3.422259e-02;6.243961e-02;4.627410e-02;1.835487e-01;2.163829e-01
3.709011e-02;1.566351e-02;3.584369e-02;2.581576e-02;9.245252e-02;5.161777e-02;1.916633e-01;2.859306e-02;7.699397e-02;6.498844e-02;1.989653e-01;1.803126e-01
6.185092e-02;2.123635e-02;6.511272e-02;2.283293e-02;1.025862e-01;6.299947e-02;1.383738e-01;2.518011e-02;6.147221e-02;7.699744e-02;2.019344e-01;1.594234e-01
6.575376e-02;3.330794e-02;1.055675e-01;2.241121e-02;1.197059e-01;5.562076e-02;8.718756e-02;1.853761e-02;4.725562e-02;9.225631e-02;2.125984e-01;1.397974e-01
7.332814e-02;6.404357e-02;1.579188e-01;3.711149e-02;8.984035e-02;5.999921e-02;6.045551e-02;1.509563e-02;4.276587e-02;1.032882e-01;2.075714e-01;8.858182e-02
1.086957e-01;5.510371e-02;1.331913e-01;7.977075e-02;5.607009e-02;5.247922e-02;5.262068e-02;3.905925e-02;3.719068e-02;1.239234e-01;1.805491e-01;8.134611e-02
1.015793e-01;6.424595e-02;5.891779e-02;1.105722e-01;1.131327e-01;5.550200e-02;6.023192e-02;4.131950e-02;4.366379e-02;1.318584e-01;1.300264e-01;8.895013e-02
9.811392e-02;5.684469e-02;7.482445e-02;8.405598e-02;1.059098e-01;9.670532e-02;1.327316e-01;4.691262e-02;4.646486e-02;9.589314e-02;8.144910e-02;8.009448e-02
6.682961e-02;3.606965e-02;1.018727e-01;7.973696e-02;6.333856e-02;7.228802e-02;2.210966e-01;6.954838e-02;6.036102e-02;1.037223e-01;5.967179e-02;6.546440e-02
3.650863e-02;8.869724e-02;1.185864e-01;1.319309e-01;5.656794e-02;8.521555e-02;1.908851e-01;5.512888e-02;3.609113e-02;1.003609e-01;5.241152e-02;4.761588e-02
3.212975e-02;1.192912e-01;1.625844e-01;1.456324e-01;4.489854e-02;7.549309e-02;1.515159e-01;6.921361e-02;2.505882e-02;8.946134e-02;4.222757e-02;4.249332e-02
5.297492e-02;1.209275e-01;1.900182e-01;8.411323e-02;7.445062e-02;9.334188e-02;1.392185e-01;6.164382e-02;3.529654e-02;7.659010e-02;3.110548e-02;4.031918e-02
5.253597e-02;1.342519e-01;1.917819e-01;6.280870e-02;6.704789e-02;8.826332e-02;1.144229e-01;7.168542e-02;5.536787e-02;7.189487e-02;4.637053e-02;4.356874e-02
7.016741e-02;1.481146e-01;1.861720e-01;7.775512e-02;4.295503e-02;4.267584e-02;8.253779e-02;8.963721e-02;6.958959e-02;7.625686e-02;7.202016e-02;4.211837e-02
5.069650e-02;1.277533e-01;1.680894e-01;7.163770e-02;6.613312e-02;3.940763e-02;6.693042e-02;5.720864e-02;7.382077e-02;8.410019e-02;1.302241e-01;6.399817e-02
9.453239e-02;7.888719e-02;1.025433e-01;3.245606e-02;4.623993e-02;5.882576e-02;4.114305e-02;3.278365e-02;8.194102e-02;1.228255e-01;2.165769e-01;9.124529e-02
9.288093e-02;5.082940e-02;5.950656e-02;1.215150e-02;2.059756e-02;9.360369e-02;5.849483e-02;5.396000e-02;7.130946e-02;1.384588e-01;2.557795e-01;9.242781e-02
6.491259e-02;5.973670e-02;6.542461e-02;3.085745e-02;5.624332e-02;1.067671e-01;6.924529e-02;5.212670e-02;3.038228e-02;1.232839e-01;2.575832e-01;8.343691e-02
3.301069e-02;8.479211e-02;1.249334e-01;5.596505e-02;5.801101e-02;1.059453e-01;4.088745e-02;3.244587e-02;2.653385e-02;1.175566e-01;2.435222e-01;7.639652e-02
5.279196e-02;8.098313e-02;1.322614e-01;4.129174e-02;6.268594e-02;8.932900e-02;6.186241e-02;3.474790e-02;2.370643e-02;1.159503e-01;2.424650e-01;6.192472e-02
2.368955e-02;5.166886e-02;1.452346e-01;3.178589e-02;5.504510e-02;7.413591e-02;6.082758e-02;3.835664e-02;2.421150e-02;1.779542e-01;2.666005e-01;5.048962e-02
2.203948e-02;1.287258e-01;1.237016e-01;3.807906e-02;8.842219e-02;4.299104e-02;3.974355e-02;2.756814e-02;2.079850e-02;2.233823e-01;1.956341e-01;4.891419e-02
4.989691e-02;1.335783e-01;6.618796e-02;5.693546e-02;1.623829e-01;3.730303e-02;3.297338e-02;1.650887e-02;4.194885e-02;2.353108e-01;1.224276e-01;4.454591e-02
5.397295e-02;8.676787e-02;3.613074e-02;8.628745e-02;2.664827e-01;4.498082e-02;4.020866e-02;1.205241e-02;7.692203e-02;2.161183e-01;4.998698e-02;3.008905e-02
4.934127e-02;3.553830e-02;2.055702e-02;9.954893e-02;3.450176e-01;5.357911e-02;5.658028e-02;1.690192e-02;8.351514e-02;1.851120e-01;3.811477e-02;1.619368e-02
4.156896e-02;1.869368e-02;2.315542e-02;1.197842e-01;3.591396e-01;5.712496e-02;4.887693e-02;1.217749e-02;7.849181e-02;1.780646e-01;4.053118e-02;2.239128e-02
3.950982e-02;3.826803e-02;3.175668e-02;1.433217e-01;3.447315e-01;4.994806e-02;3.917368e-02;1.251962e-02;6.934544e-02;1.793059e-01;3.069173e-02;2.142776e-02
2.726847e-02;6.172495e-02;2.505738e-02;1.650874e-01;3.548645e-01;3.466596e-02;2.150643e-02;1.692184e-02;5.253533e-02;1.756040e-01;4.290199e-02;2.186178e-02
2.538056e-02;7.434416e-02;2.135823e-02;1.765452e-01;3.465270e-01;2.840808e-02;2.568364e-02;2.045368e-02;4.504519e-02;1.685742e-01;4.512273e-02;2.255737e-02
4.545898e-02;7.320004e-02;2.733718e-02;1.352839e-01;3.040888e-01;3.675995e-02;2.706582e-02;1.988627e-02;5.473638e-02;1.929775e-01;5.207601e-02;3.112915e-02
1.060551e-01;8.955052e-02;4.066222e-02;7.644533e-02;2.108459e-01;3.284314e-02;1.753102e-02;1.818235e-02;3.895851e-02;2.382717e-01;6.635638e-02;6.429785e-02
1.500186e-01;9.656696e-02;4.480250e-02;5.443166e-02;1.029088e-01;2.512484e-02;2.781042e-02;1.564697e-02;9.183101e-02;2.350780e-01;6.374469e-02;9.203557e-02
1.230068e-01;6.655894e-02;4.292612e-02;4.815472e-02;5.630186e-02;2.095754e-02;5.992474e-02;2.693206e-02;1.746928e-01;2.011202e-01;8.735958e-02;9.206469e-02
6.240574e-02;4.620184e-02;6.325714e-02;5.037275e-02;5.664635e-02;2.950234e-02;6.807996e-02;5.228334e-02;2.299626e-01;1.694915e-01;1.135890e-01;5.820733e-02
6.443334e-02;4.118843e-02;8.639616e-02;6.386105e-02;9.092150e-02;2.832976e-02;1.042564e-01;5.345389e-02;1.464750e-01;1.735067e-01;9.031423e-02;5.686348e-02
1.011888e-01;3.751826e-02;6.791324e-02;7.541512e-02;1.259420e-01;4.281240e-02;7.970133e-02;3.084552e-02;8.129308e-02;1.891887e-01;1.047797e-01;6.340174e-02
8.418106e-02;2.891765e-02;6.095877e-02;8.021009e-02;1.262779e-01;3.971946e-02;8.810521e-02;4.435195e-02;1.063269e-01;1.912715e-01;1.071308e-01;4.254885e-02
3.514862e-02;5.026281e-02;7.027771e-02;8.574390e-02;1.261909e-01;5.211228e-02;9.603459e-02;5.315777e-02;1.050112e-01;2.014750e-01;9.155443e-02;3.303075e-02
