6.968661e-02;4.257807e-02;1.931999e-01;3.385215e-02;1.402282e-01;9.978434e-02;2.667258e-01;2.501326e-02;2.381702e-02;3.892741e-02;4.397840e-02;2.220893e-02
7.048280e-02;3.034542e-02;2.313101e-01;3.616956e-02;1.413512e-01;1.217129e-01;2.109265e-01;1.640980e-02;1.619514e-02;4.248055e-02;5.578048e-02;2.683559e-02
5.988825e-02;2.675399e-02;2.605416e-01;3.177987e-02;1.300397e-01;1.212097e-01;2.188511e-01;1.908019e-02;1.524128e-02;3.954295e-02;4.375259e-02;3.331878e-02
4.594674e-02;1.582107e-02;2.616064e-01;4.751258e-02;1.692255e-01;1.193880e-01;2.174326e-01;1.194541e-02;1.327407e-02;2.470071e-02;2.277904e-02;5.036784e-02
4.677067e-02;3.370494e-02;1.595808e-01;7.147875e-02;2.220447e-01;1.204942e-01;1.871686e-01;2.246727e-02;2.324688e-02;3.407542e-02;3.029051e-02;4.867721e-02
4.082003e-02;4.598077e-02;2.001287e-01;7.081793e-02;2.157604e-01;9.825739e-02;8.968260e-02;5.168643e-02;4.882075e-02;5.627403e-02;3.679915e-02;4.497182e-02
7.344811e-02;8.520568e-02;1.400064e-01;7.539403e-02;1.201626e-01;6.612318e-02;1.633866e-01;7.910308e-02;5.870166e-02;6.722631e-02;3.543565e-02;3.580665e-02
6.829548e-02;8.026577e-02;1.678660e-01;8.213111e-02;5.378001e-02;4.494094e-02;2.245639e-01;9.019519e-02;5.339315e-02;6.315895e-02;4.422495e-02;2.718456e-02
7.143606e-02;5.896536e-02;1.955589e-01;1.053352e-01;3.885708e-02;3.416811e-02;1.735212e-01;9.135033e-02;1.051280e-01;6.395715e-02;3.180055e-02;2.992203e-02
9.449110e-02;3.976734e-02;1.646138e-01;1.188575e-01;5.275236e-02;2.089344e-02;1.212383e-01;7.176962e-02;1.573186e-01;1.095862e-01;3.175944e-02;1.695225e-02
1.153617e-01;4.795580e-02;9.759737e-02;9.756096e-02;9.059713e-02;2.379381e-02;8.030880e-02;4.379652e-02;1.493675e-01;1.841461e-01;5.911696e-02;1.039734e-02
1.209945e-01;5.205720e-02;3.411626e-02;1.044063e-01;1.305367e-01;2.577623e-02;5.616396e-02;4.439810e-02;1.001276e-01;2.474428e-01;7.496957e-02;9.010807e-03
9.257630e-02;3.101956e-02;8.306269e-02;1.729006e-01;1.097037e-01;2.560886e-02;5.706866e-02;7.634576e-02;7.717986e-02;1.973927e-01;6.132488e-02;1.581644e-02
5.388602e-02;2.380843e-02;1.657678e-01;1.751428e-01;4.358708e-02;3.325607e-02;1.518972e-01;9.579366e-02;8.645665e-02;1.132754e-01;3.824644e-02;1.888243e-02
3.693308e-02;4.886369e-02;1.955209e-01;1.096424e-01;4.674781e-02;4.720584e-02;2.636341e-01;7.531561e-02;5.105374e-02;6.609982e-02;3.878228e-02;2.020069e-02
5.011968e-02;6.570681e-02;1.509289e-01;4.346442e-02;7.217854e-02;7.190885e-02;3.602559e-01;4.866777e-02;2.284338e-02;5.241277e-02;4.486166e-02;1.665130e-02
6.249863e-02;5.941072e-02;9.838749e-02;3.718824e-02;8.721609e-02;1.105237e-01;3.230623e-01;6.597283e-02;3.538967e-02;6.011015e-02;4.392416e-02;1.631596e-02
6.690181e-02;6.167611e-02;1.006807e-01;5.330308e-02;1.189521e-01;1.414123e-01;1.903393e-01;5.821550e-02;5.287019e-02;8.906433e-02;3.904068e-02;2.754394e-02
6.991629e-02;7.657142e-02;6.899793e-02;8.641316e-02;1.025741e-01;1.082644e-01;2.265260e-01;3.866956e-02;5.391310e-02;9.957507e-02;2.433865e-02;4.424027e-02
8.443434e-02;9.317669e-02;8.400415e-02;8.553017e-02;7.220317e-02;8.573853e-02;2.616624e-01;4.260642e-02;5.812499e-02;8.229928e-02;1.647676e-02;3.374310e-02
1.157216e-01;9.458779e-02;1.075497e-01;5.556903e-02;5.398713e-02;4.601060e-02;2.030942e-01;7.530351e-02;8.579629e-02;7.739417e-02;2.793163e-02;5.705425e-02
1.131381e-01;8.824953e-02;1.269536e-01;3.442272e-02;5.284220e-02;2.551275e-02;1.862366e-01;9.750605e-02;9.123001e-02;6.660624e-02;4.993107e-02;6.737114e-02
6.672525e-02;6.731035e-02;8.285020e-02;4.791932e-02;7.990962e-02;4.929909e-02;2.862556e-01;9.959551e-02;6.325029e-02;6.186302e-02;5.042374e-02;4.459803e-02
5.405117e-02;6.820255e-02;7.152681e-02;7.081003e-02;8.665400e-02;7.102358e-02;3.105657e-01;8.670596e-02;6.600828e-02;4.802095e-02;3.323528e-02;3.319573e-02
5.141897e-02;4.450484e-02;7.099273e-02;1.102504e-01;9.496233e-02;5.386996e-02;2.272219e-01;6.702790e-02;1.117464e-01;7.191357e-02;3.684803e-02;5.924300e-02
4.302484e-02;2.252582e-02;9.040263e-02;1.368787e-01;9.098611e-02;6.187680e-02;1.229859e-01;4.557608e-02;1.160734e-01;1.229319e-01;6.612720e-02;8.061070e-02
2.585107e-02;2.240033e-02;8.838587e-02;1.007896e-01;7.803883e-02;6.518989e-02;9.120110e-02;1.287613e-01;7.423978e-02;1.351334e-01;9.631906e-02;9.368972e-02
2.472721e-02;6.124807e-02;1.146301e-01;6.322400e-02;7.114545e-02;5.140335e-02;6.850359e-02;1.696246e-01;1.180382e-01;1.198136e-01;5.572245e-02;8.191951e-02
3.712837e-02;1.144285e-01;1.149195e-01;5.788510e-02;6.617168e-02;6.183571e-02;6.723301e-02;1.416808e-01;1.111075e-01;8.187369e-02;4.913456e-02;9.660155e-02
5.697744e-02;1.270979e-01;9.451482e-02;9.113570e-02;5.674498e-02;8.223227e-02;9.938350e-02;1.104500e-01;7.755002e-02;5.915416e-02;6.375867e-02;8.100048e-02
9.991163e-02;6.032154e-02;5.799309e-02;1.052091e-01;7.168525e-02;8.099555e-02;1.167516e-01;1.270590e-01;1.042124e-01;6.128590e-02;5.203351e-02;6.254140e-02
7.891500e-02;8.318466e-02;8.097219e-02;6.247000e-02;1.136429e-01;8.110430e-02;9.145907e-02;1.512142e-01;1.165816e-01;4.062815e-02;3.323783e-02;6.659006e-02
6.596584e-02;7.237332e-02;1.080007e-01;5.401208e-02;1.190545e-01;1.001608e-01;6.703754e-02;1.470851e-01;9.276547e-02;3.195421e-02;5.687407e-02;8.471645e-02
7.648952e-02;6.957152e-02;1.034171e-01;4.806824e-02;9.071576e-02;1.195500e-01;6.093272e-02;1.259989e-01;7.117530e-02;5.216538e-02;8.405842e-02;9.785721e-02
8.015859e-02;8.671873e-02;1.131382e-01;9.230354e-02;4.969495e-02;1.070796e-01;7.999386e-02;1.095434e-01;6.424250e-02;5.886761e-02;7.460204e-02;8.365703e-02
5.438004e-02;9.496698e-02;9.884645e-02;9.443074e-02;5.668138e-02;1.017351e-01;7.665309e-02;1.696697e-01;7.659047e-02;5.284936e-02;3.276322e-02;9.043346e-02
8.770859e-02;6.463263e-02;1.025312e-01;7.297596e-02;6.729342e-02;1.268886e-01;6.666383e-02;1.592791e-01;7.668497e-02;6.614062e-02;3.162951e-02;7.757151e-02
1.260869e-01;4.611143e-02;1.323183e-01;6.765348e-02;6.515554e-02;1.098956e-01;6.461892e-02;1.240716e-01;7.558164e-02;7.060074e-02;4.509673e-02;7.280909e-02
1.645614e-01;7.882784e-02;1.379546e-01;3.453467e-02;6.888001e-02;8.663084e-02;6.726313e-02;8.859149e-02;1.004079e-01;7.286026e-02;5.718342e-02;4.230449e-02
1.468364e-01;1.020954e-01;1.253817e-01;2.880322e-02;6.155368e-02;8.502101e-02;4.787842e-02;1.053979e-01;1.169970e-01;7.024807e-02;4.993244e-02;5.985483e-02
8.634884e-02;1.303345e-01;9.246057e-02;6.034800e-02;6.637742e-02;5.591525e-02;7.814513e-02;8.896024e-02;1.132057e-01;8.828550e-02;7.245077e-02;6.716806e-02
1.444010e-01;1.114707e-01;8.196846e-02;8.258117e-02;8.335738e-02;5.942782e-02;9.783272e-02;5.293581e-02;9.958202e-02;9.502413e-02;6.217574e-02;2.924300e-02
1.384828e-01;6.046550e-02;1.440623e-01;7.919135e-02;6.850701e-02;5.739804e-02;1.136809e-01;5.273399e-02;8.107702e-02;8.739799e-02;5.514045e-02;6.186269e-02
8.837974e-02;6.060123e-02;1.555853e-01;4.564436e-02;4.294511e-02;6.569783e-02;2.159835e-01;4.917714e-02;5.599586e-02;7.812732e-02;4.000580e-02;1.018568e-01
7.204180e-02;1.144652e-01;1.404722e-01;2.093461e-02;2.954991e-02;8.900543e-02;2.202566e-01;6.611684e-02;4.993470e-02;6.835213e-02;2.328607e-02;1.055845e-01
5.824489e-02;1.983647e-01;1.125549e-01;1.809682e-02;2.937118e-02;9.787753e-02;2.111385e-01;7.844044e-02;4.110603e-02;5.890800e-02;2.160313e-02;7.429381e-02
2.521945e-02;2.479616e-01;9.410485e-02;1.455546e-02;2.160219e-02;8.694221e-02;2.403094e-01;1.033845e-01;4.878296e-02;5.309154e-02;1.212598e-02;5.191987e-02
9.695195e-03;1.855302e-01;1.423672e-01;1.364446e-02;1.501643e-02;5.475443e-02;2.726749e-01;1.430403e-01;5.408992e-02;5.405360e-02;1.149509e-02;4.363827e-02
1.778965e-02;9.636328e-02;2.104630e-01;3.349540e-02;1.251954e-02;2.693824e-02;3.099856e-01;1.591351e-01;5.084902e-02;4.224707e-02;8.719937e-03;3.149416e-02
4.921743e-02;5.152366e-02;2.143468e-01;6.598067e-02;2.545561e-02;3.044865e-02;3.549905e-01;1.140618e-01;3.483944e-02;1.982103e-02;2.245424e-02;1.686017e-02
6.509807e-02;8.201751e-02;1.389984e-01;6.862522e-02;5.334635e-02;6.937513e-02;3.516031e-01;5.449743e-02;2.581890e-02;1.958081e-02;4.688256e-02;2.415656e-02
7.116172e-02;8.468678e-02;9.361379e-02;5.451546e-02;7.287741e-02;9.845220e-02;3.113805e-01;5.034560e-02;2.986712e-02;3.604671e-02;5.937169e-02;3.768101e-02
7.666489e-02;9.078474e-02;1.135145e-01;4.451894e-02;1.045815e-01;1.290454e-01;2.054700e-01;5.578394e-02;3.389570e-02;5.489060e-02;5.356390e-02;3.728592e-02
7.705720e-02;7.913941e-02;7.884477e-02;3.611243e-02;1.223233e-01;1.356226e-01;2.919238e-01;5.598070e-02;2.670095e-02;4.304271e-02;3.142212e-02;2.183003e-02
6.468735e-02;5.986103e-02;8.358258e-02;3.493026e-02;9.765530e-02;1.281668e-01;3.828118e-01;4.864297e-02;2.158308e-02;3.400204e-02;2.640573e-02;1.767107e-02
3.822513e-02;5.676872e-02;6.178680e-02;4.319263e-02;1.160298e-01;1.270537e-01;4.036114e-01;4.276524e-02;2.290312e-02;3.471352e-02;2.700232e-02;2.594762e-02
6.968454e-02;7.029957e-02;1.165857e-01;3.299125e-02;1.223304e-01;9.498904e-02;2.975195e-01;5.832056e-02;2.809717e-02;4.866331e-02;3.912102e-02;2.139796e-02
6.751858e-02;6.214959e-02;1.579186e-01;3.723413e-02;8.675023e-02;7.197595e-02;3.286426e-01;5.228398e-02;3.507822e-02;5.073766e-02;3.700670e-02;1.270374e-02
4.635505e-02;5.750693e-02;1.236779e-01;5.113794e-02;6.523502e-02;7.069649e-02;3.921518e-01;4.577621e-02;3.379870e-02;4.488802e-02;5.279304e-02;1.598295e-02
6.507871e-02;5.734516e-02;1.871412e-01;6.663103e-02;7.583279e-02;6.422251e-02;2.514316e-01;3.297981e-02;4.784739e-02;6.806444e-02;6.126013e-02;2.216520e-02
8.027891e-02;3.819524e-02;2.595976e-01;6.782855e-02;1.060374e-01;5.851261e-02;1.198142e-01;4.216246e-02;6.576972e-02;7.254618e-02;6.224097e-02;2.701617e-02
7.101333e-02;3.690136e-02;2.864974e-01;5.297140e-02;8.553550e-02;5.370598e-02;1.124445e-01;7.280746e-02;6.922814e-02;6.359109e-02;5.865473e-02;3.664913e-02
5.768772e-02;4.257923e-02;3.324402e-01;5.177960e-02;8.230557e-02;4.983285e-02;7.228678e-02;8.421320e-02;5.877103e-02;7.617012e-02;5.581401e-02;3.611968e-02
3.941549e-02;3.257611e-02;2.623158e-01;8.002173e-02;1.019482e-01;7.441314e-02;1.048676e-01;7.520049e-02;5.881304e-02;8.224028e-02;6.131037e-02;2.687772e-02
2.320016e-02;5.568008e-02;1.145758e-01;7.155650e-02;1.234926e-01;1.182053e-01;1.604348e-01;6.900447e-02;5.801539e-02;9.494232e-02;6.533141e-02;4.556110e-02
4.661798e-02;5.742081e-02;1.287990e-01;6.557624e-02;1.293137e-01;1.021566e-01;1.719520e-01;5.089109e-02;5.909821e-02;7.579407e-02;5.722608e-02;5.515424e-02
5.961201e-02;4.752057e-02;2.087984e-01;7.635037e-02;1.371000e-01;7.148969e-02;1.775014e-01;3.720006e-02;4.995271e-02;4.863962e-02;5.010552e-02;3.572964e-02
4.688814e-02;5.483856e-02;2.148378e-01;9.438859e-02;1.554256e-01;8.744571e-02;1.538611e-01;2.905017e-02;4.253083e-02;3.727643e-02;4.801773e-02;3.543935e-02
2.759022e-02;6.097507e-02;2.409008e-01;8.667866e-02;1.932934e-01;9.854543e-02;8.375005e-02;4.087761e-02;4.089493e-02;4.285460e-02;3.924867e-02;4.439058e-02
5.399127e-02;4.307560e-02;1.913627e-01;9.588211e-02;2.054653e-01;9.917842e-02;1.101322e-01;5.015712e-02;3.562740e-02;3.747858e-02;3.053986e-02;4.710948e-02
4.961790e-02;2.829344e-02;1.662625e-01;1.284923e-01;2.336072e-01;1.071799e-01;7.989068e-02;4.270894e-02;3.308171e-02;4.527920e-02;2.628800e-02;5.929826e-02
5.670631e-02;2.393983e-02;1.477691e-01;1.277963e-01;2.028743e-01;1.115985e-01;1.291217e-01;3.107942e-02;2.808825e-02;4.927572e-02;2.845771e-02;6.329281e-02
7.306378e-02;2.028277e-02;1.142765e-01;1.275946e-01;1.895058e-01;1.245352e-01;1.377888e-01;3.465563e-02;3.332194e-02;4.709120e-02;3.117983e-02;6.670403e-02
9.696036e-02;3.384069e-02;1.331754e-01;8.255347e-02;1.550255e-01;1.407551e-01;1.626311e-01;3.805285e-02;4.249667e-02;4.380686e-02;2.337361e-02;4.732826e-02
1.137198e-01;3.785099e-02;1.093108e-01;4.915805e-02;1.312192e-01;1.679240e-01;2.200140e-01;4.044676e-02;3.542744e-02;4.553906e-02;2.115295e-02;2.823698e-02
1.022335e-01;4.870536e-02;6.268037e-02;1.018029e-01;8.628043e-02;1.465766e-01;2.976533e-01;4.569326e-02;3.098250e-02;4.857374e-02;1.312342e-02;1.569458e-02
4.442360e-02;7.953344e-02;8.141713e-02;9.830227e-02;9.477605e-02;6.679063e-02;3.785807e-01;4.349614e-02;2.667384e-02;4.590022e-02;2.810231e-02;1.200365e-02
2.548652e-02;7.757643e-02;1.679089e-01;6.326430e-02;1.061742e-01;5.065709e-02;3.011606e-01;6.994652e-02;2.709827e-02;4.437575e-02;4.448441e-02;2.186699e-02
2.287366e-02;5.089104e-02;2.719763e-01;5.521429e-02;7.581544e-02;6.413111e-02;1.967652e-01;1.208034e-01;2.334613e-02;4.735104e-02;3.347462e-02;3.735776e-02
1.657397e-02;2.583013e-02;3.722422e-01;5.724775e-02;3.140170e-02;6.687231e-02;1.312470e-01;1.720423e-01;2.540232e-02;4.719889e-02;1.004830e-02;4.389304e-02
2.667151e-02;6.662097e-02;3.522298e-01;5.214781e-02;1.704100e-02;4.551584e-02;1.446717e-01;1.630223e-01;2.654471e-02;4.477082e-02;2.798320e-02;3.278039e-02
4.829429e-02;1.175649e-01;2.786673e-01;3.112917e-02;2.352729e-02;3.418976e-02;1.996345e-01;1.152169e-01;2.558905e-02;5.120049e-02;5.958638e-02;1.539997e-02
6.774971e-02;1.767716e-01;1.656246e-01;1.161184e-02;2.704891e-02;4.458828e-02;2.750407e-01;5.811168e-02;2.015600e-02;4.095251e-02;1.007062e-01;1.163806e-02
1.228746e-01;2.134551e-01;5.864355e-02;7.900675e-03;3.169157e-02;5.218646e-02;2.946324e-01;3.580385e-02;2.770868e-02;2.369348e-02;1.102516e-01;2.115809e-02
1.891902e-01;1.887027e-01;6.942963e-02;1.385784e-02;3.034277e-02;3.994994e-02;2.540866e-01;5.315212e-02;2.927948e-02;2.374217e-02;7.766937e-02;3.059718e-02
1.794668e-01;1.727953e-01;1.030350e-01;3.119046e-02;3.132696e-02;3.417246e-02;2.254135e-01;7.617930e-02;3.145512e-02;3.789770e-02;3.611765e-02;4.094969e-02
1.384939e-01;1.839217e-01;1.090291e-01;3.744135e-02;5.198549e-02;4.996515e-02;2.199715e-01;7.699090e-02;3.067796e-02;4.302909e-02;2.096307e-02;3.753076e-02
1.096089e-01;2.307411e-01;1.572807e-01;3.823140e-02;7.282007e-02;6.068221e-02;1.456947e-01;6.209406e-02;2.724722e-02;3.863919e-02;2.772259e-02;2.923785e-02
1.404164e-01;2.741991e-01;1.952843e-01;2.350236e-02;5.421499e-02;4.684157e-02;1.366161e-01;3.954575e-02;2.056270e-02;3.090727e-02;2.455654e-02;1.335298e-02
1.686625e-01;2.370085e-01;1.131629e-01;1.422520e-02;3.955958e-02;3.073143e-02;2.638381e-01;4.973703e-02;1.493865e-02;2.896936e-02;2.576324e-02;1.340336e-02
1.822398e-01;2.051785e-01;6.145363e-02;2.139431e-02;4.325478e-02;2.503856e-02;2.902594e-01;6.098934e-02;1.963195e-02;3.358604e-02;3.695589e-02;2.001785e-02
1.595090e-01;1.706752e-01;7.994454e-02;2.528492e-02;3.630657e-02;1.716757e-02;3.120416e-01;6.322826e-02;2.412870e-02;3.965555e-02;5.190050e-02;2.015761e-02
1.083330e-01;1.102601e-01;1.050570e-01;1.906058e-02;3.286457e-02;3.559965e-02;3.900861e-01;5.889938e-02;2.301398e-02;3.807940e-02;5.336582e-02;2.538036e-02
5.724001e-02;6.050352e-02;8.386004e-02;2.062467e-02;4.286261e-02;5.227273e-02;4.617866e-01;7.256113e-02;3.267059e-02;3.369999e-02;5.014314e-02;3.177498e-02
4.762241e-02;7.745183e-02;6.150344e-02;3.375905e-02;4.231378e-02;4.784269e-02;4.457537e-01;8.651343e-02;3.739635e-02;2.107783e-02;5.801933e-02;4.074615e-02
8.481044e-02;9.396207e-02;9.035388e-02;4.825054e-02;7.481506e-02;7.546917e-02;3.043342e-01;7.115632e-02;3.778412e-02;3.257009e-02;4.769059e-02;3.880351e-02
9.867878e-02;8.331771e-02;1.943936e-01;5.304760e-02;5.527481e-02;7.586157e-02;1.614144e-01;4.882533e-02;5.908814e-02;5.673552e-02;4.914824e-02;6.421421e-02
9.870267e-02;4.697931e-02;1.416214e-01;5.738422e-02;4.595145e-02;4.435189e-02;1.880699e-01;5.631945e-02;7.048889e-02;8.869483e-02;8.891933e-02;7.251671e-02
8.071910e-02;5.347554e-02;1.349398e-01;5.613668e-02;4.167739e-02;3.876391e-02;1.635770e-01;7.257349e-02;7.619369e-02;1.068327e-01;1.059858e-01;6.912485e-02
6.185310e-02;7.740378e-02;1.767020e-01;5.134236e-02;3.834905e-02;3.855599e-02;1.449815e-01;7.639606e-02;7.169927e-02;1.013302e-01;1.055041e-01;5.588261e-02
8.446991e-02;8.781498e-02;2.198340e-01;4.743041e-02;3.637109e-02;4.172956e-02;1.319676e-01;5.965105e-02;7.049314e-02;7.664840e-02;9.462584e-02;4.896401e-02
8.380030e-02;8.286384e-02;2.796452e-01;4.236822e-02;4.075656e-02;4.878721e-02;1.052770e-01;4.983806e-02;6.469814e-02;8.042577e-02;8.155180e-02;3.998787e-02
6.939138e-02;4.626192e-02;3.387843e-01;3.425121e-02;5.582037e-02;6.290845e-02;9.281612e-02;6.532599e-02;7.063214e-02;8.162967e-02;4.101180e-02;4.116661e-02
9.828115e-02;6.745233e-02;2.000782e-01;3.190469e-02;5.046109e-02;5.647623e-02;1.826362e-01;6.494559e-02;1.062755e-01;7.213677e-02;3.680853e-02;3.254366e-02
1.221855e-01;1.137074e-01;1.361870e-01;3.418085e-02;4.228133e-02;5.903077e-02;2.314445e-01;5.746109e-02;8.692014e-02;5.576605e-02;3.373230e-02;2.710317e-02
1.352133e-01;1.603342e-01;5.764993e-02;2.911438e-02;3.481372e-02;5.911559e-02;2.751993e-01;5.786957e-02;6.290090e-02;5.989109e-02;3.642409e-02;3.147392e-02
8.037438e-02;1.737586e-01;9.490312e-02;1.172671e-02;2.178927e-02;3.384132e-02;2.884676e-01;5.522807e-02;1.373004e-01;2.994137e-02;5.681682e-02;1.585237e-02
7.894618e-02;1.718559e-01;1.011033e-01;9.945421e-03;1.314419e-02;3.368049e-02;2.846613e-01;6.078573e-02;1.371006e-01;2.237723e-02;7.816185e-02;8.237666e-03
1.134247e-01;1.695349e-01;6.812269e-02;1.236958e-02;1.370942e-02;4.115257e-02;2.905004e-01;5.550078e-02;1.007964e-01;3.421538e-02;8.675521e-02;1.391793e-02
1.457092e-01;1.709113e-01;2.288103e-02;9.300564e-03;2.118885e-02;4.855585e-02;2.921921e-01;6.593977e-02;9.582233e-02;4.046080e-02;7.044935e-02;1.658874e-02
1.612064e-01;1.685331e-01;4.798628e-02;9.775073e-03;2.649946e-02;4.371864e-02;2.610278e-01;8.027497e-02;9.868692e-02;3.415370e-02;5.725359e-02;1.088416e-02
1.680912e-01;1.575440e-01;7.295881e-02;2.177427e-02;4.291009e-02;4.534540e-02;2.169640e-01;7.818716e-02;7.928309e-02;5.545698e-02;4.178336e-02;1.970169e-02
1.031809e-01;1.636517e-01;9.300584e-02;2.533445e-02;6.920691e-02;6.037276e-02;2.080766e-01;6.268434e-02;6.885216e-02;7.294244e-02;3.451390e-02;3.817806e-02
1.149220e-01;1.707589e-01;9.009606e-02;2.637798e-02;6.278528e-02;5.661416e-02;2.273659e-01;2.868472e-02;8.924320e-02;5.760486e-02;4.436248e-02;3.118444e-02
1.602138e-01;1.605300e-01;9.315319e-02;3.158252e-02;4.136324e-02;3.450863e-02;2.006964e-01;2.776740e-02;9.917316e-02;5.883404e-02;5.799509e-02;3.418259e-02
1.482103e-01;1.512612e-01;9.619721e-02;4.015571e-02;5.992300e-02;2.418425e-02;2.086203e-01;3.485722e-02;9.108721e-02;5.402063e-02;4.621390e-02;4.526909e-02
1.601692e-01;1.182315e-01;5.457148e-02;5.438602e-02;8.443927e-02;3.889751e-02;2.683962e-01;4.649908e-02;7.389876e-02;4.101382e-02;3.038549e-02;2.911173e-02
1.426907e-01;8.518806e-02;7.522304e-02;4.087646e-02;6.746276e-02;4.285407e-02;3.148340e-01;6.114782e-02;5.661552e-02;2.833310e-02;5.038471e-02;3.438981e-02
1.491962e-01;7.649869e-02;6.291692e-02;2.802584e-02;7.791742e-02;4.403301e-02;3.080759e-01;5.391198e-02;5.908820e-02;3.122393e-02;4.760338e-02;6.150851e-02
1.433915e-01;7.310313e-02;5.031401e-02;2.807524e-02;6.391324e-02;3.943549e-02;3.187287e-01;6.641743e-02;6.060978e-02;3.438399e-02;3.468001e-02;8.694745e-02
8.838033e-02;1.063248e-01;4.709049e-02;1.549756e-02;4.366126e-02;4.471282e-02;3.612369e-01;9.513019e-02;6.198928e-02;2.118108e-02;5.337336e-02;6.142196e-02
6.413063e-02;1.302423e-01;4.431643e-02;1.066586e-02;3.306857e-02;4.348486e-02;3.839494e-01;1.198786e-01;6.427653e-02;1.981192e-02;5.773965e-02;2.843526e-02
7.242645e-02;1.701294e-01;4.479533e-02;1.096550e-02;2.671203e-02;3.871498e-02;3.740220e-01;1.179449e-01;6.382331e-02;2.008882e-02;4.035383e-02;2.002347e-02
8.490192e-02;2.212595e-01;6.868213e-02;1.073008e-02;2.311656e-02;3.950518e-02;3.333579e-01;8.950616e-02;5.609726e-02;2.121090e-02;1.956717e-02;3.206523e-02
1.265406e-01;2.443235e-01;1.237372e-01;1.424340e-02;2.067416e-02;3.735213e-02;2.545327e-01;3.899799e-02;3.508328e-02;2.240008e-02;1.065794e-02;7.145704e-02
1.545297e-01;2.369700e-01;1.654388e-01;2.295469e-02;1.721634e-02;3.782023e-02;1.979800e-01;1.704161e-02;1.875903e-02;2.592795e-02;1.316059e-02;9.220094e-02
1.673253e-01;2.208271e-01;1.647223e-01;2.995248e-02;1.469957e-02;4.263726e-02;1.894515e-01;1.736544e-02;1.203001e-02;2.716311e-02;2.148720e-02;9.233872e-02
1.820165e-01;2.015917e-01;1.131634e-01;3.409104e-02;1.791569e-02;5.128254e-02;2.150398e-01;2.417007e-02;1.926409e-02;3.417025e-02;2.506815e-02;8.222677e-02
1.807406e-01;2.166730e-01;6.048016e-02;2.328344e-02;2.601834e-02;5.571487e-02;2.370038e-01;5.185915e-02;3.492496e-02;3.491288e-02;2.748970e-02;5.089913e-02
1.471058e-01;2.323760e-01;7.544278e-02;1.455393e-02;4.167213e-02;6.194703e-02;2.416891e-01;6.880146e-02;3.919394e-02;2.994166e-02;2.680455e-02;2.047167e-02
8.006303e-02;2.197258e-01;1.438760e-01;2.716719e-02;6.796709e-02;6.753054e-02;2.242692e-01;6.412188e-02;2.946736e-02;3.169664e-02;2.326305e-02;2.085214e-02
1.542679e-01;2.048864e-01;1.849979e-01;2.547067e-02;6.643826e-02;5.102358e-02;1.886874e-01;2.948177e-02;1.978316e-02;2.219746e-02;2.155351e-02;3.121197e-02
2.398213e-01;2.502311e-01;1.318441e-01;1.578690e-02;3.028516e-02;3.736283e-02;1.723702e-01;2.041384e-02;3.014238e-02;1.572262e-02;2.284477e-02;3.317461e-02
2.650501e-01;2.561532e-01;6.087689e-02;1.297657e-02;2.660120e-02;4.394899e-02;2.091593e-01;1.774725e-02;3.300521e-02;1.998051e-02;1.414043e-02;4.036032e-02
2.693520e-01;1.743733e-01;5.918065e-02;1.351413e-02;4.026560e-02;4.096222e-02;2.538183e-01;2.088979e-02;2.798837e-02;2.715370e-02;1.372656e-02;5.877533e-02
1.940701e-01;8.575275e-02;8.283369e-02;6.041165e-02;6.613000e-02;6.277205e-02;2.547759e-01;5.595135e-02;4.290011e-02;3.447016e-02;2.580086e-02;3.413145e-02
1.057883e-01;7.153663e-02;1.182784e-01;1.061584e-01;8.596705e-02;7.135587e-02;1.784486e-01;8.194681e-02;5.640421e-02;4.858038e-02;3.629966e-02;3.923570e-02
5.322545e-02;9.077609e-02;1.311664e-01;1.328053e-01;9.597643e-02;8.108686e-02;1.257786e-01;7.972174e-02;6.500473e-02;5.820958e-02;4.478114e-02;4.146763e-02
5.272600e-02;1.362586e-01;1.856891e-01;1.169962e-01;9.894916e-02;6.180913e-02;9.801015e-02;6.394495e-02;6.065352e-02;5.137962e-02;4.517434e-02;2.840914e-02
4.058354e-02;1.650359e-01;1.669959e-01;9.023837e-02;8.391673e-02;3.805155e-02;1.123774e-01;8.040408e-02;5.801968e-02;5.701957e-02;5.226915e-02;5.508820e-02
4.094433e-02;1.204085e-01;1.739478e-01;7.223870e-02;5.651637e-02;3.316566e-02;1.483314e-01;1.009683e-01;5.570527e-02;5.080945e-02;7.503976e-02;7.192451e-02
6.251318e-02;8.249997e-02;1.481864e-01;5.661832e-02;3.520500e-02;4.717423e-02;2.124022e-01;1.021552e-01;5.809769e-02;6.837457e-02;8.340114e-02;4.337211e-02
7.330704e-02;8.323922e-02;9.660002e-02;4.803317e-02;2.699626e-02;8.399239e-02;2.416144e-01;1.058790e-01;4.162166e-02;1.173600e-01;5.914484e-02;2.221198e-02
9.139664e-02;5.269987e-02;4.287577e-02;5.894357e-02;3.223740e-02;1.595714e-01;2.056680e-01;1.468615e-01;3.231155e-02;1.340758e-01;2.222932e-02;2.112911e-02
1.074082e-01;2.906662e-02;2.028037e-02;5.081020e-02;5.456774e-02;2.322037e-01;1.472429e-01;1.875035e-01;4.136773e-02;1.062603e-01;8.122989e-03;1.516586e-02
1.113161e-01;1.995297e-02;2.476894e-02;4.336395e-02;9.458191e-02;2.640509e-01;1.219996e-01;1.811867e-01;3.484586e-02;7.685462e-02;9.953374e-03;1.712499e-02
1.225997e-01;2.408168e-02;5.994862e-02;4.923094e-02;1.411890e-01;2.086586e-01;1.229075e-01;1.309487e-01;4.710317e-02;4.736873e-02;1.642335e-02;2.954004e-02
1.937359e-01;2.497810e-02;7.368058e-02;4.399171e-02;1.504909e-01;1.530270e-01;1.045815e-01;6.256648e-02;8.005318e-02;3.413229e-02;2.294329e-02;5.581909e-02
2.324752e-01;5.137667e-02;5.786789e-02;3.289530e-02;9.380008e-02;1.910727e-01;1.149174e-01;4.425542e-02;5.918727e-02;5.821275e-02;1.839641e-02;4.554300e-02
2.503805e-01;7.291590e-02;4.085506e-02;3.489342e-02;6.726103e-02;2.113031e-01;1.239941e-01;5.279792e-02;3.729762e-02;6.870768e-02;8.399197e-03;3.119450e-02
2.369377e-01;7.931942e-02;2.191406e-02;3.005702e-02;4.917096e-02;2.756396e-01;1.159254e-01;5.341807e-02;4.304615e-02;6.248450e-02;8.589466e-03;2.349762e-02
1.646115e-01;5.763290e-02;3.079952e-02;1.635638e-02;5.586839e-02;3.386190e-01;1.189713e-01;6.904864e-02;6.404194e-02;5.486217e-02;1.280182e-02;1.638647e-02
1.056840e-01;3.446533e-02;4.478277e-02;1.068819e-02;7.856552e-02;3.400715e-01;1.172955e-01;1.024703e-01;8.674225e-02;3.652380e-02;2.295117e-02;1.975965e-02
7.889159e-02;2.297138e-02;6.056275e-02;1.419293e-02;1.063619e-01;2.688222e-01;8.027904e-02;1.285448e-01;1.393745e-01;3.897348e-02;3.132882e-02;2.969661e-02
4.546843e-02;1.980249e-02;6.264926e-02;2.728456e-02;1.353433e-01;1.524510e-01;9.452754e-02;1.440836e-01;2.140517e-01;3.256895e-02;2.445902e-02;4.731015e-02
2.690267e-02;2.191591e-02;4.489651e-02;3.978295e-02;1.450135e-01;9.076490e-02;1.286613e-01;1.417293e-01;2.520766e-01;3.043514e-02;1.944518e-02;5.837590e-02
5.835909e-02;3.032372e-02;4.193252e-02;5.505984e-02;1.262696e-01;7.150108e-02;1.262557e-01;1.249823e-01;2.403602e-01;3.865866e-02;1.652968e-02;6.976769e-02
7.932859e-02;2.876662e-02;9.242824e-02;6.718042e-02;1.021071e-01;7.338587e-02;8.683746e-02;9.842549e-02;1.814145e-01;6.482899e-02;5.011027e-02;7.518635e-02
6.047544e-02;3.277370e-02;1.225799e-01;6.501208e-02;8.872840e-02;7.908244e-02;7.395397e-02;1.120495e-01;1.565173e-01;6.535215e-02;8.355048e-02;5.992465e-02
4.421349e-02;3.243267e-02;1.188973e-01;5.070725e-02;1.239338e-01;1.034367e-01;8.818986e-02;1.024646e-01;1.225780e-01;5.995408e-02;9.386667e-02;5.932567e-02
3.998764e-02;4.515297e-02;1.070669e-01;1.976105e-02;1.413659e-01;1.549814e-01;8.314513e-02;9.094571e-02;1.454910e-01;5.275528e-02;5.381161e-02;6.553543e-02
5.962083e-02;5.359860e-02;1.096426e-01;4.402936e-02;1.242207e-01;1.575423e-01;1.137074e-01;8.372085e-02;1.469470e-01;2.933091e-02;2.953519e-02;4.810416e-02
5.788755e-02;5.639151e-02;1.161144e-01;4.538837e-02;1.115617e-01;1.323747e-01;1.189970e-01;7.390094e-02;1.485068e-01;3.427286e-02;3.890996e-02;6.569414e-02
7.538523e-02;5.321852e-02;1.025800e-01;3.263421e-02;1.198203e-01;1.214845e-01;1.187316e-01;8.657222e-02;1.299175e-01;4.936369e-02;5.061078e-02;5.968143e-02
1.144877e-01;6.705882e-02;9.996466e-02;4.091211e-02;1.107686e-01;1.015488e-01;1.003186e-01;7.858624e-02;1.212162e-01;7.249097e-02;4.085986e-02;5.178751e-02
9.988616e-02;7.655416e-02;1.326525e-01;5.048553e-02;1.055512e-01;8.433780e-02;8.763359e-02;6.464122e-02;1.236955e-01;6.611658e-02;4.611237e-02;6.233332e-02
1.042356e-01;7.737345e-02;1.115535e-01;6.543996e-02;7.357946e-02;8.496530e-02;1.031311e-01;5.795376e-02;1.040705e-01;7.092173e-02;4.906278e-02;9.771290e-02
1.536497e-01;7.250358e-02;1.085943e-01;7.646322e-02;6.958725e-02;8.794025e-02;7.859196e-02;6.318975e-02;9.388673e-02;6.889748e-02;4.809926e-02;7.859658e-02
1.593385e-01;8.364446e-02;1.281874e-01;6.719846e-02;8.114102e-02;9.873303e-02;5.856137e-02;4.287230e-02;1.243439e-01;5.239777e-02;3.770424e-02;6.587762e-02
1.405668e-01;5.232522e-02;1.244013e-01;6.220486e-02;5.939053e-02;8.705800e-02;9.312727e-02;5.997632e-02;1.244355e-01;7.104836e-02;5.814185e-02;6.732401e-02
1.159479e-01;6.115601e-02;1.258329e-01;6.365904e-02;5.065534e-02;9.133501e-02;1.117672e-01;7.631247e-02;9.190403e-02;7.886570e-02;5.640122e-02;7.616327e-02
1.187248e-01;7.932437e-02;8.802714e-02;6.150410e-02;3.520945e-02;8.366307e-02;1.074534e-01;7.751626e-02;9.992741e-02;6.828263e-02;6.794403e-02;1.124233e-01
7.987361e-02;5.460520e-02;5.686415e-02;6.659372e-02;6.695092e-02;8.772575e-02;1.061716e-01;7.133568e-02;1.086801e-01;7.805585e-02;7.993639e-02;1.432071e-01
7.224216e-02;5.891439e-02;7.689156e-02;8.398148e-02;6.811019e-02;1.015988e-01;8.157879e-02;6.493396e-02;9.911920e-02;8.171331e-02;7.934652e-02;1.315696e-01
9.706771e-02;1.129858e-01;1.155223e-01;6.976790e-02;5.300296e-02;1.030521e-01;7.926616e-02;8.551744e-02;6.112220e-02;5.529664e-02;7.994756e-02;8.745117e-02
1.284138e-01;1.199998e-01;1.274633e-01;6.875679e-02;8.631005e-02;7.387979e-02;8.326320e-02;8.357821e-02;3.533875e-02;7.342128e-02;8.101221e-02;3.856285e-02
1.071920e-01;8.846825e-02;1.166359e-01;8.008656e-02;1.000292e-01;7.576971e-02;6.592009e-02;7.208718e-02;7.320356e-02;8.430506e-02;9.037423e-02;4.592817e-02
1.178192e-01;9.603371e-02;8.867465e-02;6.757568e-02;7.177605e-02;7.614200e-02;8.256212e-02;4.835398e-02;1.298278e-01;7.481437e-02;9.610470e-02;5.031572e-02
1.236195e-01;9.584362e-02;8.359775e-02;5.499852e-02;4.694144e-02;5.576223e-02;1.031902e-01;7.247230e-02;1.422750e-01;9.192462e-02;8.521861e-02;4.415619e-02
8.350004e-02;9.032264e-02;1.174581e-01;6.471062e-02;5.681491e-02;6.580245e-02;9.452211e-02;1.066249e-01;1.072328e-01;9.832696e-02;5.893402e-02;5.575041e-02
9.071236e-02;8.526750e-02;1.321532e-01;6.960074e-02;5.922132e-02;8.238240e-02;6.826161e-02;9.456654e-02;7.599135e-02;7.806582e-02;6.176917e-02;1.020081e-01
7.225454e-02;8.604024e-02;1.202185e-01;7.313094e-02;7.731286e-02;6.570282e-02;1.209033e-01;8.028486e-02;6.950125e-02;8.407209e-02;8.042766e-02;7.015093e-02
8.002590e-02;8.534323e-02;9.540397e-02;5.561813e-02;7.321844e-02;6.932245e-02;1.564235e-01;7.073169e-02;9.925812e-02;1.276610e-01;7.324803e-02;1.374549e-02
6.447432e-02;6.065751e-02;6.285954e-02;3.748990e-02;6.978574e-02;5.899445e-02;1.505424e-01;9.940656e-02;1.772706e-01;1.077541e-01;8.409230e-02;2.667252e-02
8.482137e-02;5.302035e-02;8.238827e-02;5.173677e-02;6.625968e-02;3.637326e-02;9.555737e-02;1.195534e-01;1.874551e-01;5.756011e-02;1.030726e-01;6.220162e-02
8.675665e-02;5.041204e-02;1.055925e-01;7.099865e-02;5.593840e-02;4.454896e-02;1.171464e-01;1.246728e-01;9.422270e-02;9.720283e-02;6.710913e-02;8.539897e-02
9.288707e-02;6.978115e-02;9.789976e-02;8.670016e-02;5.097174e-02;6.016446e-02;1.349796e-01;1.186225e-01;2.898464e-02;1.225315e-01;3.900416e-02;9.747329e-02
1.010574e-01;9.473870e-02;9.947492e-02;7.573467e-02;6.587894e-02;6.717362e-02;1.123897e-01;9.101426e-02;3.135794e-02;1.374636e-01;5.998125e-02;6.373493e-02
8.201078e-02;9.334297e-02;1.532950e-01;6.303203e-02;6.799951e-02;9.765682e-02;8.258610e-02;8.214171e-02;5.283130e-02;1.374037e-01;3.421966e-02;5.348035e-02
1.242411e-01;6.382865e-02;1.332769e-01;5.643733e-02;6.216880e-02;8.615487e-02;6.426935e-02;5.142318e-02;5.623692e-02;1.000357e-01;9.570628e-02;1.062209e-01
1.683105e-01;4.813412e-02;1.017264e-01;5.236536e-02;3.818033e-02;5.659760e-02;8.339783e-02;2.549335e-02;2.826824e-02;6.091424e-02;1.428953e-01;1.937168e-01
2.012137e-01;5.449091e-02;9.332549e-02;4.129316e-02;1.897412e-02;3.921349e-02;5.042170e-02;2.695872e-02;1.156901e-02;5.211471e-02;1.928627e-01;2.175623e-01
1.706768e-01;6.677527e-02;1.223530e-01;2.669345e-02;1.901588e-02;4.038921e-02;1.652665e-02;2.202080e-02;1.189357e-02;8.702879e-02;2.506068e-01;1.660197e-01
8.811180e-02;1.043139e-01;1.375531e-01;2.376075e-02;5.600359e-02;5.164038e-02;3.356653e-02;2.080993e-02;1.494504e-02;1.465888e-01;2.384409e-01;8.426531e-02
4.150093e-02;1.382318e-01;1.453473e-01;5.233212e-02;1.372675e-01;4.554955e-02;2.261791e-02;1.988322e-02;2.370463e-02;1.924833e-01;1.472172e-01;3.386458e-02
3.883198e-02;1.004911e-01;1.071476e-01;7.229812e-02;1.949169e-01;6.427263e-02;5.389257e-02;2.633819e-02;5.561521e-02;2.008226e-01;6.236092e-02;2.301217e-02
5.190302e-02;4.063920e-02;7.463394e-02;1.014242e-01;1.333461e-01;7.524761e-02;1.141408e-01;8.474026e-02;1.072072e-01;1.602194e-01;4.141016e-02;1.508818e-02
7.078086e-02;2.984747e-02;6.968681e-02;1.501327e-01;4.724155e-02;3.916201e-02;1.261854e-01;1.055371e-01;1.322181e-01;1.405520e-01;7.288314e-02;1.577275e-02
7.399780e-02;2.594364e-02;6.633390e-02;1.620746e-01;3.032792e-02;2.050204e-02;1.117817e-01;8.650935e-02;1.544944e-01;1.338956e-01;1.098753e-01;2.426369e-02
7.801870e-02;3.755835e-02;9.271435e-02;1.109533e-01;2.800838e-02;2.916404e-02;1.495820e-01;8.014920e-02;1.613774e-01;9.237858e-02;1.151125e-01;2.498321e-02
4.837487e-02;7.152905e-02;1.274478e-01;5.745888e-02;2.694436e-02;4.982590e-02;2.051092e-01;8.050043e-02;1.272130e-01;9.800646e-02;9.269559e-02;1.489447e-02
6.863285e-02;1.107082e-01;1.149453e-01;4.368412e-02;3.807529e-02;6.702516e-02;1.883807e-01;6.449831e-02;7.344148e-02;1.249447e-01;7.454140e-02;3.112249e-02
6.400578e-02;1.317939e-01;7.499035e-02;3.564895e-02;7.140225e-02;9.619136e-02;1.389447e-01;4.566602e-02;4.804272e-02;1.441145e-01;9.304467e-02;5.615479e-02
7.663069e-02;1.111782e-01;5.617613e-02;4.628915e-02;7.654168e-02;1.215545e-01;7.310257e-02;3.811250e-02;5.320052e-02;1.741007e-01;1.243139e-01;4.879951e-02
1.096608e-01;4.352088e-02;5.394480e-02;7.427331e-02;5.734539e-02;7.318338e-02;1.099567e-01;5.108817e-02;8.813420e-02;1.701576e-01;1.308368e-01;3.789806e-02
7.101496e-02;3.038055e-02;7.137226e-02;6.951500e-02;6.545093e-02;7.796405e-02;1.246894e-01;6.381059e-02;8.529471e-02;1.742730e-01;1.179755e-01;4.825902e-02
3.957672e-02;2.816924e-02;1.334557e-01;4.238447e-02;4.942356e-02;9.356336e-02;1.566137e-01;7.119981e-02;5.827226e-02;1.936218e-01;8.420669e-02;4.951273e-02
4.290998e-02;3.565505e-02;1.957798e-01;3.559271e-02;3.737694e-02;5.044198e-02;1.683844e-01;7.223266e-02;5.713122e-02;1.864168e-01;7.489172e-02;4.318669e-02
4.229413e-02;5.052265e-02;2.226212e-01;2.620073e-02;4.027796e-02;3.574076e-02;1.486893e-01;1.045656e-01;7.508891e-02;1.547461e-01;6.038084e-02;3.887178e-02
2.637070e-02;3.111825e-02;2.424421e-01;2.498217e-02;3.088237e-02;5.788326e-02;1.496323e-01;1.472792e-01;7.837990e-02;1.294607e-01;3.944576e-02;4.212340e-02
2.164061e-02;4.010505e-02;2.313110e-01;3.157509e-02;1.945671e-02;7.997511e-02;1.677231e-01;1.538895e-01;6.740912e-02;1.116202e-01;2.937943e-02;4.591504e-02
1.914428e-02;4.075482e-02;1.949228e-01;6.273223e-02;2.458305e-02;7.974313e-02;1.644315e-01;1.248151e-01;1.181110e-01;9.192596e-02;4.296369e-02;3.587246e-02
2.897122e-02;2.601615e-02;1.524092e-01;9.004407e-02;2.880127e-02;5.356294e-02;1.900626e-01;1.073471e-01;1.575003e-01;9.085476e-02;5.101807e-02;2.341240e-02
3.059087e-02;1.960337e-02;1.398961e-01;8.695412e-02;4.147070e-02;5.503054e-02;2.474229e-01;1.095568e-01;1.246707e-01;7.880009e-02;4.050584e-02;2.549787e-02
3.628521e-02;3.273328e-02;1.290631e-01;6.663533e-02;5.989243e-02;9.756543e-02;2.767043e-01;1.028955e-01;7.397930e-02;6.764634e-02;2.885995e-02;2.773970e-02
2.983925e-02;4.215769e-02;1.232845e-01;5.153539e-02;7.250787e-02;1.588742e-01;1.741924e-01;9.087848e-02;1.001341e-01;8.626121e-02;3.760239e-02;3.273242e-02
1.697646e-02;3.806840e-02;1.501095e-01;5.247497e-02;5.742364e-02;1.408559e-01;1.406710e-01;4.959027e-02;1.506346e-01;1.267533e-01;4.891954e-02;2.752239e-02
6.478684e-02;5.736934e-02;7.195305e-02;4.026413e-02;6.071903e-02;9.784785e-02;1.946336e-01;6.592678e-02;1.256747e-01;1.209500e-01;5.378635e-02;4.608835e-02
1.379260e-01;9.552310e-02;7.744639e-02;5.142448e-02;6.071779e-02;6.613412e-02;1.127975e-01;7.096928e-02;1.085633e-01;7.880307e-02;5.608557e-02;8.360945e-02
1.517184e-01;9.885477e-02;9.569618e-02;5.063633e-02;5.137737e-02;5.285024e-02;1.030608e-01;5.969909e-02;1.003259e-01;6.905804e-02;6.661794e-02;1.001049e-01
1.445632e-01;6.954158e-02;1.260146e-01;4.807214e-02;3.733408e-02;3.617307e-02;1.081316e-01;4.256034e-02;1.141395e-01;9.041408e-02;6.796667e-02;1.150891e-01
9.434593e-02;4.132472e-02;1.460152e-01;5.720977e-02;3.179374e-02;3.038130e-02;1.167224e-01;5.990981e-02;1.502321e-01;1.040610e-01;6.347968e-02;1.045244e-01
3.213271e-02;3.708807e-02;1.466341e-01;8.145532e-02;3.429421e-02;3.504369e-02;1.573469e-01;9.716766e-02;2.001456e-01;8.017993e-02;3.888361e-02;5.962815e-02
2.052788e-02;2.921225e-02;1.459899e-01;7.916335e-02;3.124217e-02;4.676334e-02;2.020486e-01;1.305646e-01;1.979565e-01;6.754763e-02;3.519268e-02;1.379107e-02
1.929668e-02;2.787635e-02;1.611239e-01;4.939904e-02;3.131127e-02;5.780762e-02;2.736365e-01;1.547932e-01;1.103508e-01;3.858645e-02;4.566572e-02;3.015242e-02
2.910971e-02;5.222369e-02;1.447600e-01;2.224836e-02;4.105793e-02;5.466846e-02;3.643773e-01;1.298233e-01;3.872063e-02;3.334025e-02;6.414241e-02;2.552794e-02
6.417208e-02;7.531894e-02;1.005768e-01;1.454641e-02;4.725812e-02;7.256748e-02;3.934392e-01;6.243490e-02;1.876211e-02;5.642033e-02;7.194690e-02;2.255674e-02
1.259959e-01;6.292997e-02;5.915742e-02;2.482891e-02;6.949945e-02;9.217183e-02;3.239943e-01;1.893814e-02;4.351908e-02;9.755211e-02;5.985314e-02;2.155975e-02
1.539108e-01;5.115108e-02;6.612241e-02;2.697676e-02;1.193174e-01;9.442739e-02;1.756258e-01;3.603967e-02;1.225718e-01;9.352583e-02;2.439741e-02;3.593354e-02
1.341529e-01;5.692232e-02;1.030774e-01;2.277080e-02;1.360903e-01;8.418949e-02;1.543789e-01;3.009577e-02;1.581912e-01;2.802818e-02;1.160991e-02;8.049275e-02
2.010557e-01;6.087734e-02;9.673979e-02;2.944540e-02;1.141464e-01;8.162129e-02;1.090809e-01;3.514328e-02;1.260414e-01;3.079518e-02;2.447793e-02;9.057538e-02
2.681042e-01;5.591043e-02;1.073727e-01;3.889322e-02;1.137851e-01;9.547907e-02;6.770870e-02;5.318884e-02;7.667448e-02;2.911018e-02;3.082258e-02;6.295047e-02
2.571037e-01;8.371691e-02;6.646164e-02;6.489564e-02;7.977644e-02;1.009218e-01;1.633638e-01;4.566144e-02;4.862207e-02;4.146831e-02;1.567734e-02;3.233089e-02
2.482497e-01;1.018170e-01;3.062738e-02;8.908776e-02;6.535500e-02;1.090515e-01;2.092382e-01;3.386167e-02;2.775249e-02;5.500989e-02;6.908324e-03;2.304116e-02
2.338912e-01;1.219176e-01;2.018030e-02;1.051785e-01;6.166551e-02;1.131593e-01;2.248540e-01;2.123355e-02;1.377379e-02;5.800966e-02;6.427776e-03;1.970883e-02
2.201564e-01;1.329969e-01;3.398953e-02;9.538788e-02;5.910378e-02;1.008782e-01;2.472063e-01;1.362686e-02;1.072134e-02;5.150133e-02;1.459820e-02;1.983332e-02
2.193564e-01;1.287327e-01;3.217971e-02;8.105702e-02;6.886073e-02;1.016408e-01;2.412939e-01;2.135888e-02;1.275138e-02;4.417873e-02;2.017989e-02;2.840977e-02
1.989620e-01;8.573620e-02;5.057889e-02;6.758252e-02;8.920030e-02;1.375756e-01;2.037849e-01;3.322834e-02;3.302973e-02;3.832390e-02;1.985310e-02;4.214453e-02
1.577425e-01;4.980512e-02;9.523690e-02;6.789275e-02;1.146242e-01;1.310955e-01;1.717035e-01;3.656384e-02;6.194634e-02;3.465991e-02;3.194364e-02;4.678584e-02
1.480588e-01;8.806036e-02;1.072490e-01;7.509418e-02;8.031133e-02;9.208485e-02;1.376478e-01;3.638769e-02;9.482247e-02;4.997145e-02;4.038581e-02;4.992630e-02
1.239040e-01;1.034380e-01;1.227700e-01;7.890828e-02;8.612544e-02;7.483505e-02;9.207223e-02;5.438633e-02;1.144729e-01;7.528199e-02;2.747011e-02;4.633570e-02
1.381802e-01;7.347008e-02;7.991525e-02;6.823587e-02;8.651478e-02;8.487927e-02;1.677836e-01;6.904533e-02;1.043000e-01;7.097110e-02;2.625360e-02;3.045094e-02
1.588471e-01;1.025364e-01;5.908795e-02;4.252340e-02;6.183359e-02;1.008822e-01;1.636080e-01;7.632636e-02;7.595769e-02;8.125008e-02;4.373233e-02;3.341490e-02
1.213807e-01;1.365866e-01;8.643792e-02;5.433860e-02;4.647786e-02;8.197440e-02;1.513097e-01;4.247677e-02;7.176176e-02;1.040625e-01;7.825858e-02;2.493473e-02
6.617721e-02;1.193467e-01;1.129870e-01;8.297560e-02;5.673363e-02;6.997321e-02;1.608124e-01;4.513422e-02;7.930560e-02;8.850359e-02;8.388735e-02;3.416352e-02
7.312515e-02;9.622672e-02;7.529784e-02;1.153494e-01;5.296898e-02;5.852195e-02;1.505988e-01;5.932032e-02;1.195862e-01;6.393992e-02;5.728444e-02;7.778029e-02
7.407749e-02;8.174543e-02;9.626470e-02;1.293905e-01;5.676291e-02;4.787468e-02;1.227296e-01;9.063595e-02;1.060878e-01;4.895652e-02;4.944932e-02;9.602512e-02
6.890975e-02;7.050779e-02;1.281337e-01;1.242608e-01;5.059244e-02;7.106771e-02;7.837660e-02;9.769464e-02;1.198597e-01;7.349614e-02;3.072253e-02;8.637822e-02
7.352635e-02;7.738219e-02;1.243672e-01;1.016209e-01;4.111792e-02;7.371116e-02;6.096694e-02;8.488920e-02;1.162749e-01;1.044716e-01;3.278416e-02;1.088875e-01
5.730020e-02;6.584356e-02;1.496542e-01;1.117183e-01;4.652769e-02;7.151943e-02;5.899668e-02;9.997687e-02;8.592194e-02;8.813475e-02;5.694316e-02;1.074632e-01
9.093371e-02;5.334469e-02;1.363934e-01;8.596239e-02;5.431746e-02;9.415318e-02;6.563313e-02;1.062297e-01;8.048949e-02;6.652326e-02;8.954167e-02;7.647793e-02
1.255538e-01;8.518015e-02;1.092162e-01;6.549650e-02;6.258441e-02;8.694580e-02;4.789631e-02;7.463039e-02;7.902574e-02;8.034928e-02;1.158185e-01;6.730306e-02
9.594464e-02;7.944438e-02;9.088586e-02;9.710898e-02;9.031008e-02;6.234232e-02;5.990375e-02;6.365826e-02;9.296521e-02;1.031618e-01;8.448440e-02;7.979025e-02
1.086556e-01;7.471105e-02;1.296607e-01;7.691177e-02;8.013415e-02;4.933146e-02;8.436321e-02;5.287211e-02;9.262145e-02;7.371679e-02;1.026708e-01;7.435083e-02
8.456469e-02;7.882019e-02;1.711593e-01;5.510496e-02;5.376601e-02;5.794140e-02;7.545528e-02;4.838334e-02;1.056383e-01;5.909769e-02;1.164752e-01;9.359354e-02
4.018270e-02;6.390712e-02;1.512846e-01;3.761746e-02;4.426071e-02;8.892258e-02;7.505153e-02;2.720618e-02;1.254481e-01;5.412042e-02;1.434954e-01;1.485032e-01
