5.097690e-02;8.500163e-02;1.312734e-01;3.766027e-02;6.978606e-02;3.462755e-02;1.228951e-01;6.812236e-02;9.496713e-02;1.452570e-01;7.056507e-02;8.886755e-02
9.916708e-02;1.111330e-01;1.599623e-01;3.178521e-02;4.532197e-02;5.549458e-02;7.953918e-02;7.317091e-02;1.263210e-01;1.005301e-01;5.752239e-02;6.005220e-02
1.105015e-01;1.140694e-01;1.124126e-01;4.276442e-02;3.654934e-02;7.262456e-02;8.114508e-02;7.466572e-02;1.307169e-01;5.803495e-02;5.654315e-02;1.099723e-01
8.159702e-02;8.440150e-02;9.629898e-02;5.904466e-02;4.847837e-02;4.998133e-02;1.572714e-01;6.059780e-02;1.019592e-01;8.624545e-02;6.290765e-02;1.112166e-01
6.496260e-02;4.917149e-02;1.091607e-01;4.321733e-02;6.792881e-02;7.406534e-02;1.937256e-01;5.489417e-02;1.089743e-01;9.591669e-02;5.982333e-02;7.815957e-02
9.185831e-02;5.225020e-02;9.792073e-02;2.409185e-02;9.281468e-02;9.938636e-02;1.857494e-01;4.590955e-02;1.320961e-01;6.291558e-02;2.506445e-02;8.994281e-02
9.349290e-02;7.611173e-02;6.056064e-02;3.198608e-02;8.258491e-02;1.197755e-01;1.701283e-01;4.054504e-02;1.143848e-01;8.321438e-02;5.043069e-02;7.678502e-02
1.525221e-01;7.036428e-02;4.513511e-02;4.769792e-02;8.736581e-02;1.438116e-01;1.629554e-01;3.042326e-02;6.494687e-02;1.249844e-01;3.120169e-02;3.859156e-02
1.591705e-01;6.810668e-02;4.040733e-02;5.055435e-02;1.010383e-01;1.356299e-01;1.822197e-01;3.037800e-02;6.472898e-02;1.243540e-01;1.708112e-02;2.633110e-02
1.314443e-01;5.466800e-02;7.795244e-02;5.009653e-02;1.099959e-01;1.209043e-01;1.686561e-01;3.904165e-02;6.066727e-02;1.191250e-01;4.012978e-02;2.731866e-02
8.493367e-02;4.015635e-02;1.805447e-01;6.369848e-02;1.062196e-01;1.002893e-01;1.132016e-01;5.011399e-02;4.140210e-02;1.149382e-01;5.134903e-02;5.315292e-02
8.225036e-02;3.978903e-02;2.345502e-01;7.943203e-02;8.130252e-02;6.276304e-02;9.496328e-02;7.396925e-02;3.429985e-02;8.428557e-02;5.511986e-02;7.727505e-02
6.188180e-02;1.140552e-01;1.454194e-01;1.286057e-01;8.881923e-02;9.003575e-02;8.534040e-02;2.985569e-02;7.102222e-02;6.306452e-02;2.590782e-02;9.599228e-02
5.076760e-02;1.523107e-01;1.321735e-01;1.010545e-01;3.315055e-02;4.351876e-02;1.030754e-01;3.979667e-02;3.081199e-02;8.470450e-02;9.369939e-02;1.349365e-01
1.010889e-01;1.417070e-01;1.008941e-01;4.557715e-02;6.502549e-02;3.336845e-02;1.051584e-01;4.858302e-02;3.762607e-02;1.007712e-01;1.003523e-01;1.198479e-01
9.978241e-02;1.321241e-01;1.904768e-01;6.171033e-02;7.115207e-02;3.060535e-02;1.043318e-01;3.955757e-02;6.524886e-02;7.193842e-02;5.109584e-02;8.197648e-02
7.594520e-02;1.842800e-01;2.254855e-01;5.724841e-02;5.527259e-02;2.900339e-02;1.475499e-01;2.058459e-02;5.776551e-02;3.009258e-02;6.985639e-02;4.691593e-02
6.959892e-02;2.290181e-01;1.941641e-01;3.811875e-02;5.040117e-02;2.998806e-02;1.957573e-01;2.565435e-02;3.996352e-02;3.030529e-02;7.320877e-02;2.382157e-02
7.746034e-02;2.536002e-01;1.192758e-01;1.883942e-02;6.807392e-02;4.430887e-02;2.665863e-01;2.649292e-02;2.343322e-02;3.386534e-02;5.734062e-02;1.072299e-02
1.086031e-01;2.120210e-01;3.747229e-02;4.134852e-02;7.367116e-02;7.185807e-02;3.386329e-01;9.331460e-03;1.048389e-02;3.791451e-02;4.838948e-02;1.027360e-02
1.057556e-01;1.729749e-01;3.693023e-02;3.933842e-02;3.975218e-02;7.234650e-02;4.186629e-01;1.399968e-02;1.064644e-02;3.210161e-02;5.004746e-02;7.444100e-03
9.235404e-02;1.738335e-01;3.719979e-02;1.952174e-02;2.943411e-02;6.114689e-02;4.545785e-01;3.356339e-02;2.348003e-02;1.634174e-02;4.924485e-02;9.301368e-03
1.020890e-01;1.637188e-01;4.634354e-02;1.757236e-02;4.709488e-02;6.138944e-02;3.977768e-01;4.121799e-02;2.752445e-02;2.259187e-02;5.367891e-02;1.900194e-02
1.100852e-01;1.287027e-01;9.631861e-02;3.846024e-02;7.114208e-02;7.478200e-02;2.857161e-01;5.880286e-02;2.527357e-02;2.564461e-02;5.246219e-02;3.260985e-02
9.482902e-02;7.578360e-02;1.536273e-01;8.028827e-02;1.050636e-01;7.445455e-02;1.981183e-01;6.228181e-02;2.249777e-02;3.698165e-02;4.289944e-02;5.317473e-02
4.443477e-02;1.002652e-01;2.560254e-01;6.423900e-02;7.620887e-02;5.089630e-02;1.626989e-01;9.549439e-02;3.800079e-02;2.661415e-02;3.375413e-02;5.136807e-02
4.774685e-02;6.827334e-02;3.143150e-01;8.738641e-02;5.508375e-02;7.153693e-02;1.185030e-01;7.555473e-02;5.953240e-02;2.051593e-02;2.492535e-02;5.662630e-02
3.883312e-02;2.311505e-02;3.964788e-01;1.086669e-01;3.038014e-02;7.246260e-02;8.831128e-02;4.978074e-02;7.911103e-02;1.710643e-02;2.240544e-02;7.334846e-02
3.365439e-02;6.844188e-02;3.860999e-01;8.401832e-02;1.972745e-02;4.714691e-02;9.832918e-02;5.008645e-02;6.517801e-02;1.904476e-02;4.081088e-02;8.746190e-02
5.242108e-02;1.041583e-01;3.214156e-01;6.926992e-02;3.113356e-02;2.596469e-02;1.292905e-01;3.867562e-02;4.161600e-02;2.533791e-02;7.315894e-02;8.755785e-02
4.791147e-02;1.333273e-01;2.091604e-01;7.430110e-02;4.939479e-02;2.972401e-02;1.931145e-01;4.020401e-02;2.645117e-02;2.375834e-02;9.956970e-02;7.308321e-02
8.626804e-02;1.075301e-01;1.532864e-01;6.940117e-02;6.242402e-02;5.631365e-02;1.975598e-01;8.844790e-02;1.053364e-01;3.402633e-02;2.054682e-02;1.885936e-02
1.173167e-01;1.106137e-01;2.003020e-01;8.531117e-02;5.631952e-02;5.656406e-02;1.281317e-01;3.228314e-02;6.450596e-02;4.827105e-02;4.980271e-02;5.057820e-02
1.206404e-01;8.157562e-02;2.304120e-01;9.233323e-02;6.241476e-02;6.697033e-02;1.047295e-01;2.446142e-02;7.043643e-02;4.624768e-02;4.090182e-02;5.887692e-02
1.094796e-01;5.098847e-02;2.077481e-01;7.323705e-02;5.244889e-02;7.383436e-02;1.828912e-01;3.113616e-02;5.344563e-02;5.274827e-02;4.462793e-02;6.741434e-02
9.454316e-02;1.154211e-01;7.056829e-02;2.849992e-02;3.210023e-02;3.350236e-02;2.797241e-01;7.331623e-02;4.262300e-02;5.441148e-02;1.386011e-01;3.668908e-02
6.805598e-02;1.067760e-01;1.140050e-01;9.792427e-03;1.932714e-02;1.394248e-02;2.849219e-01;1.108055e-01;2.667889e-02;3.302869e-02;1.622686e-01;5.039733e-02
3.900729e-02;9.917544e-02;1.245566e-01;5.286295e-03;1.541431e-02;1.663748e-02;3.253796e-01;1.242449e-01;2.786213e-02;1.599816e-02;1.621647e-01;4.427312e-02
2.481114e-02;1.030195e-01;1.246291e-01;5.329833e-03;1.517986e-02;1.340791e-02;3.899347e-01;1.094652e-01;2.118671e-02;1.614701e-02;1.366043e-01;4.028472e-02
2.905345e-02;1.110706e-01;1.004872e-01;4.716758e-03;1.880591e-02;2.749989e-02;4.591560e-01;8.900509e-02;1.408917e-02;2.366630e-02;9.353336e-02;2.891618e-02
7.350285e-02;1.161512e-01;5.585296e-02;5.705041e-03;2.838947e-02;6.497306e-02;4.805084e-01;6.069381e-02;8.979517e-03;3.753448e-02;5.235859e-02;1.535072e-02
1.279537e-01;1.119388e-01;3.626103e-02;1.254994e-02;4.611068e-02;1.052891e-01;4.127865e-01;5.139251e-02;1.002744e-02;5.549711e-02;1.803056e-02;1.216257e-02
1.523718e-01;1.160983e-01;6.752397e-02;2.637527e-02;7.936168e-02;1.185176e-01;2.342522e-01;5.533762e-02;1.395891e-02;6.722493e-02;4.119063e-02;2.778717e-02
1.073359e-01;1.378124e-01;9.592520e-02;2.775329e-02;1.060297e-01;1.206108e-01;1.532996e-01;6.525820e-02;3.840799e-02;6.885415e-02;5.181194e-02;2.690092e-02
7.325356e-02;1.247297e-01;1.497903e-01;2.479547e-02;8.440758e-02;7.522575e-02;2.148686e-01;9.044874e-02;3.940235e-02;3.280764e-02;6.169631e-02;2.857405e-02
8.162767e-02;1.256374e-01;1.439511e-01;2.071810e-02;5.569391e-02;7.445157e-02;2.706201e-01;8.497440e-02;2.498669e-02;3.326926e-02;5.952815e-02;2.454167e-02
3.336569e-02;1.034029e-01;6.937517e-02;1.739651e-02;5.888707e-02;1.139869e-01;3.975449e-01;8.490762e-02;2.372894e-02;4.164821e-02;3.800101e-02;1.775515e-02
8.079844e-02;9.047111e-02;8.089444e-02;2.660286e-02;7.544088e-02;7.689586e-02;3.620234e-01;7.974613e-02;2.432678e-02;3.729770e-02;3.992243e-02;2.558002e-02
6.891969e-02;6.846265e-02;8.756914e-02;4.069176e-02;9.430421e-02;1.030203e-01;2.697631e-01;6.802586e-02;6.410742e-02;6.850301e-02;3.949445e-02;2.713853e-02
6.512568e-02;4.619481e-02;9.448100e-02;7.190657e-02;8.587293e-02;1.077621e-01;1.413082e-01;8.430275e-02;1.053881e-01;1.076753e-01;4.039219e-02;4.959037e-02
7.455369e-02;6.756157e-02;1.165365e-01;7.231200e-02;7.721484e-02;1.117334e-01;9.476056e-02;8.126975e-02;1.037796e-01;1.150276e-01;3.665943e-02;4.859110e-02
6.484930e-02;7.904860e-02;1.383507e-01;5.239647e-02;8.126368e-02;9.598553e-02;8.730817e-02;7.741767e-02;1.069074e-01;1.181569e-01;5.477317e-02;4.354238e-02
1.131380e-01;1.192706e-01;1.313072e-01;4.625970e-02;4.671574e-02;3.488728e-02;1.038453e-01;6.526678e-02;7.523739e-02;1.142679e-01;9.966180e-02;5.014232e-02
1.471788e-01;9.293552e-02;1.966698e-01;5.256074e-02;3.791765e-02;2.589645e-02;9.254099e-02;5.053458e-02;9.459914e-02;6.250862e-02;5.814789e-02;8.850976e-02
1.388570e-01;4.922350e-02;2.376299e-01;6.819609e-02;3.321803e-02;2.255385e-02;1.003382e-01;6.039019e-02;9.803414e-02;5.308551e-02;3.475542e-02;1.037182e-01
9.215196e-02;2.942252e-02;3.204702e-01;7.695489e-02;2.381889e-02;2.272218e-02;1.135641e-01;8.745199e-02;7.207841e-02;3.858684e-02;1.487733e-02;1.079007e-01
2.808320e-02;4.146745e-02;4.174914e-01;8.399576e-02;1.161793e-02;2.481640e-02;1.169219e-01;1.033485e-01;3.504779e-02;2.814431e-02;8.771950e-03;1.002934e-01
1.238168e-02;4.637744e-02;4.693330e-01;7.543054e-02;1.337801e-02;3.507873e-02;1.205275e-01;8.922824e-02;2.266446e-02;2.373926e-02;1.639699e-02;7.546412e-02
2.332166e-02;7.074036e-02;4.625679e-01;5.039434e-02;1.105069e-02;5.081378e-02;1.296573e-01;6.833443e-02;2.456735e-02;2.056701e-02;2.569574e-02;6.228940e-02
4.650484e-02;1.033176e-01;3.775170e-01;4.639930e-02;2.975767e-02;6.094405e-02;1.376146e-01;4.577996e-02;3.035423e-02;2.429906e-02;3.880548e-02;5.870609e-02
3.897912e-02;1.261544e-01;2.691129e-01;4.739945e-02;7.826638e-02;6.512878e-02;1.863992e-01;4.504103e-02;3.387617e-02;2.346522e-02;3.792780e-02;4.824962e-02
2.157350e-02;1.223721e-01;2.277687e-01;2.788522e-02;1.238299e-01;3.290383e-02;2.463263e-01;7.602572e-02;2.145833e-02;1.632473e-02;5.525943e-02;2.827235e-02
3.639198e-02;1.199906e-01;2.185612e-01;4.788538e-02;1.048806e-01;1.881548e-02;2.322316e-01;8.947140e-02;2.530066e-02;1.091028e-02;5.504294e-02;4.051799e-02
4.679743e-02;1.205450e-01;1.720084e-01;5.547081e-02;8.190066e-02;2.768530e-02;2.634664e-01;7.743998e-02;3.340149e-02;1.859887e-02;5.237826e-02;5.030749e-02
3.936276e-02;9.253917e-02;9.016366e-02;6.396925e-02;4.151380e-02;3.034871e-02;4.065539e-01;6.822354e-02;4.080399e-02;3.090103e-02;4.968095e-02;4.593923e-02
2.046014e-02;5.420474e-02;8.586591e-02;3.839141e-02;6.598163e-02;2.499905e-02;4.517267e-01;8.810108e-02;2.429016e-02;2.465272e-02;9.390017e-02;2.742627e-02
2.319171e-02;8.690295e-02;7.115083e-02;2.260525e-02;8.461041e-02;2.563196e-02;4.432729e-01;5.268439e-02;4.115468e-02;1.977469e-02;1.102925e-01;1.872770e-02
3.155556e-02;8.827722e-02;7.800489e-02;2.305822e-02;6.054283e-02;3.678437e-02;3.881100e-01;5.791752e-02;5.542883e-02;5.236747e-02;8.395126e-02;4.400190e-02
5.029669e-02;8.823192e-02;9.332115e-02;5.441626e-02;3.738722e-02;3.403332e-02;2.696296e-01;6.392865e-02;3.832078e-02;6.950188e-02;1.227841e-01;7.814835e-02
7.359254e-02;1.071687e-01;7.501834e-02;6.864083e-02;7.141456e-02;4.849632e-02;2.350775e-01;4.142568e-02;1.746863e-02;7.092870e-02;1.237730e-01;6.699514e-02
8.955667e-02;1.213079e-01;4.085771e-02;6.765097e-02;9.027827e-02;8.732939e-02;2.559258e-01;1.905896e-02;1.281547e-02;8.834743e-02;8.600275e-02;4.086860e-02
1.225088e-01;9.040137e-02;3.348579e-02;5.968515e-02;7.814043e-02;1.121079e-01;2.368000e-01;3.167691e-02;2.632217e-02;1.155440e-01;6.010697e-02;3.322037e-02
1.537813e-01;5.506434e-02;5.872498e-02;4.054056e-02;8.306442e-02;1.082633e-01;1.636853e-01;3.382114e-02;6.711844e-02;1.193202e-01;8.377868e-02;3.283743e-02
1.201655e-01;7.034251e-02;8.172680e-02;4.204733e-02;1.029295e-01;1.162387e-01;1.359125e-01;3.971308e-02;1.038000e-01;9.381869e-02;7.001965e-02;2.328568e-02
7.735217e-02;8.001594e-02;1.017212e-01;7.925339e-02;7.652022e-02;8.338513e-02;1.710566e-01;6.916095e-02;8.479822e-02;4.495723e-02;9.912571e-02;3.265319e-02
5.582365e-02;6.844990e-02;8.395805e-02;9.022909e-02;8.001833e-02;7.006651e-02;2.511577e-01;5.638675e-02;4.983745e-02;4.276773e-02;8.872943e-02;6.257547e-02
7.214400e-02;5.078816e-02;5.170645e-02;6.382186e-02;4.716454e-02;7.099633e-02;1.772927e-01;9.767408e-02;1.031113e-01;5.889923e-02;1.164512e-01;8.995019e-02
1.206309e-01;5.859362e-02;8.843274e-02;6.218486e-02;2.850765e-02;6.343567e-02;1.045745e-01;8.361777e-02;1.373682e-01;5.796904e-02;1.267041e-01;6.798093e-02
1.341172e-01;8.594745e-02;1.264685e-01;8.261990e-02;4.507711e-02;5.217991e-02;6.727821e-02;7.863755e-02;1.236361e-01;6.258408e-02;9.673987e-02;4.471416e-02
1.244551e-01;8.225214e-02;1.693605e-01;9.520256e-02;7.463118e-02;3.607856e-02;8.225986e-02;6.674312e-02;7.968300e-02;7.298169e-02;5.656597e-02;5.978638e-02
9.971052e-02;4.553411e-02;1.886953e-01;5.917015e-02;8.056030e-02;3.856215e-02;9.524579e-02;5.888495e-02;8.697244e-02;9.296320e-02;6.949298e-02;8.420815e-02
7.036160e-02;5.742669e-02;1.934025e-01;4.055396e-02;5.230974e-02;2.751289e-02;1.420290e-01;1.162970e-01;6.283049e-02;6.686135e-02;7.773568e-02;9.267920e-02
3.962812e-02;5.253141e-02;2.314677e-01;2.422818e-02;3.368151e-02;1.502928e-02;1.886912e-01;1.506094e-01;2.553197e-02;4.435283e-02;8.451422e-02;1.097342e-01
2.975848e-02;6.463648e-02;2.467319e-01;2.366905e-02;1.596046e-02;1.935046e-02;1.921827e-01;1.431542e-01;2.195528e-02;4.372381e-02;7.800220e-02;1.208749e-01
4.626795e-02;8.473154e-02;2.248453e-01;3.769972e-02;3.235478e-02;2.187315e-02;1.931571e-01;1.048747e-01;2.999934e-02;3.960206e-02;7.884391e-02;1.057504e-01
6.139886e-02;8.728183e-02;1.946021e-01;4.548528e-02;4.682468e-02;3.652455e-02;2.145258e-01;6.104343e-02;4.397639e-02;3.678001e-02;8.537506e-02;8.618207e-02
6.572898e-02;1.151772e-01;1.675671e-01;3.673002e-02;4.533951e-02;4.386701e-02;3.008340e-01;4.603263e-02;4.703374e-02;2.610832e-02;4.539497e-02;6.018653e-02
9.856520e-02;1.460632e-01;7.407486e-02;3.291894e-02;6.063394e-02;4.276472e-02;3.635746e-01;5.080201e-02;2.554139e-02;2.350248e-02;5.010663e-02;3.145200e-02
1.319159e-01;1.472655e-01;2.469403e-02;3.926244e-02;5.417259e-02;5.437247e-02;4.100373e-01;2.514795e-02;1.586161e-02;3.233905e-02;3.759335e-02;2.733778e-02
1.474074e-01;1.463963e-01;4.603050e-02;3.141284e-02;4.541866e-02;5.747552e-02;4.167293e-01;2.408283e-02;1.535010e-02;2.935786e-02;1.518713e-02;2.515158e-02
1.540852e-01;1.316358e-01;3.759110e-02;3.729255e-02;5.554813e-02;6.472709e-02;3.911794e-01;2.168658e-02;1.078452e-02;3.686525e-02;3.047827e-02;2.812614e-02
1.980019e-01;9.576401e-02;4.447102e-02;5.244314e-02;8.487408e-02;8.226703e-02;3.011169e-01;1.889878e-02;1.661424e-02;4.870859e-02;2.387981e-02;3.296049e-02
2.113477e-01;5.693601e-02;8.634985e-02;4.388956e-02;1.246357e-01;9.457568e-02;2.080380e-01;2.100768e-02;4.517789e-02;5.158429e-02;1.047661e-02;4.598095e-02
1.380540e-01;2.024956e-02;1.432487e-01;4.584209e-02;1.374671e-01;7.732131e-02;1.900140e-01;2.160517e-02;7.052794e-02;5.317059e-02;2.922959e-02;7.326997e-02
7.525059e-02;2.273085e-02;2.664326e-01;6.702326e-02;1.418793e-01;5.756991e-02;8.930811e-02;3.191993e-02;7.732816e-02;5.372388e-02;4.985395e-02;6.697948e-02
6.662613e-02;2.517521e-02;3.007247e-01;6.479453e-02;1.272152e-01;6.753766e-02;7.688656e-02;5.659882e-02;5.744747e-02;3.309887e-02;6.656244e-02;5.733248e-02
6.465802e-02;4.199695e-02;2.263539e-01;7.366840e-02;1.248053e-01;6.466242e-02;8.019709e-02;8.462539e-02;4.946582e-02;5.660712e-02;5.665252e-02;7.630701e-02
4.323394e-02;5.053882e-02;2.137719e-01;6.460158e-02;1.061082e-01;4.976044e-02;9.141368e-02;1.240346e-01;7.390635e-02;6.627379e-02;4.278173e-02;7.357498e-02
3.717575e-02;4.515199e-02;1.779963e-01;4.456112e-02;9.565999e-02;4.600682e-02;1.256567e-01;1.438940e-01;8.739114e-02;7.541231e-02;5.981563e-02;6.127833e-02
4.994861e-02;4.549417e-02;1.060278e-01;6.327038e-02;9.594213e-02;5.045369e-02;1.271499e-01;1.563999e-01;9.235638e-02;8.610914e-02;5.480612e-02;7.204178e-02
5.493782e-02;6.823726e-02;7.166371e-02;5.212533e-02;9.464341e-02;5.353632e-02;1.126249e-01;1.832224e-01;6.728096e-02;1.081484e-01;6.554671e-02;6.803270e-02
8.592632e-02;8.477445e-02;2.937140e-02;3.929138e-02;8.749257e-02;4.415490e-02;1.228097e-01;1.406262e-01;1.230825e-01;1.178503e-01;7.813486e-02;4.648541e-02
8.118745e-02;7.830479e-02;7.109613e-02;5.241181e-02;8.252040e-02;3.940533e-02;9.649102e-02;9.703759e-02;1.987460e-01;9.215397e-02;6.212347e-02;4.852207e-02
5.376401e-02;5.140901e-02;1.073277e-01;4.244867e-02;7.311229e-02;5.403040e-02;9.149004e-02;8.321971e-02;2.316131e-01;1.227140e-01;5.631416e-02;3.255687e-02
2.953902e-02;4.759611e-02;1.481403e-01;4.053495e-02;5.742239e-02;6.620733e-02;1.349777e-01;5.148120e-02;2.030655e-01;1.309691e-01;6.345267e-02;2.661364e-02
8.352470e-02;7.718247e-02;1.579891e-01;3.819342e-02;4.705628e-02;4.738738e-02;2.326706e-01;4.173537e-02;1.000525e-01;9.543234e-02;5.026761e-02;2.850813e-02
1.576565e-01;1.019475e-01;1.070376e-01;3.289685e-02;5.449927e-02;5.809360e-02;2.915930e-01;2.720698e-02;4.834218e-02;6.440698e-02;3.219736e-02;2.412220e-02
2.394194e-01;1.150708e-01;2.941472e-02;2.577619e-02;6.421601e-02;8.525128e-02;2.851741e-01;2.343198e-02;2.938445e-02;5.766212e-02;2.248992e-02;2.270901e-02
3.116348e-01;1.007805e-01;2.134628e-02;2.172679e-02;7.256606e-02;9.907208e-02;2.167555e-01;2.115588e-02;3.195670e-02;5.620973e-02;1.555752e-02;3.123816e-02
3.623765e-01;9.319694e-02;3.163276e-02;1.722966e-02;8.071002e-02;9.793247e-02;1.781093e-01;1.900325e-02;2.148496e-02;4.786310e-02;9.480594e-03;4.098047e-02
3.490861e-01;1.223078e-01;4.378725e-02;1.755649e-02;7.242740e-02;8.201632e-02;1.593169e-01;1.835536e-02;2.671005e-02;4.117042e-02;2.022225e-02;4.704368e-02
2.937789e-01;1.357848e-01;8.175524e-02;2.476481e-02;6.713069e-02;6.691817e-02;1.407908e-01;1.852242e-02;3.262527e-02;4.446902e-02;3.801732e-02;5.544242e-02
2.049095e-01;1.209760e-01;1.408163e-01;3.831235e-02;7.065805e-02;6.044850e-02;1.071453e-01;2.822049e-02;4.039538e-02;5.175597e-02;5.767390e-02;7.868816e-02
1.722603e-01;1.062421e-01;1.557139e-01;4.500393e-02;6.468284e-02;6.260428e-02;7.109391e-02;5.414508e-02;3.747731e-02;8.150947e-02;5.639763e-02;9.286917e-02
2.329193e-01;1.185600e-01;9.230396e-02;4.080388e-02;8.086476e-02;7.765199e-02;6.877053e-02;6.296673e-02;5.605659e-02;8.912206e-02;4.590700e-02;3.407327e-02
1.216045e-01;9.491695e-02;1.031731e-01;3.798560e-02;9.569485e-02;1.108102e-01;1.479662e-01;8.504134e-02;4.410371e-02;7.314067e-02;3.945393e-02;4.610895e-02
1.395855e-01;8.725771e-02;1.232157e-01;4.076119e-02;8.847874e-02;9.028857e-02;1.033922e-01;9.593970e-02;5.582818e-02;7.877740e-02;3.888236e-02;5.759284e-02
1.406373e-01;1.008278e-01;1.279609e-01;5.410591e-02;7.875445e-02;7.452571e-02;8.287124e-02;7.218456e-02;7.355307e-02;8.291749e-02;4.977507e-02;6.188650e-02
1.295360e-01;1.128640e-01;1.455259e-01;6.069542e-02;7.056239e-02;7.248434e-02;1.072440e-01;4.985550e-02;7.702120e-02;8.419251e-02;4.138984e-02;4.862885e-02
7.413054e-02;9.051932e-02;1.566791e-01;5.914119e-02;6.434495e-02;6.633465e-02;1.618953e-01;6.666803e-02;1.024176e-01;8.792061e-02;2.605532e-02;4.389331e-02
8.775672e-02;7.095370e-02;1.994033e-01;3.275484e-02;6.006655e-02;4.460626e-02;1.806602e-01;7.000098e-02;5.616136e-02;7.782201e-02;5.854807e-02;6.126592e-02
1.304956e-01;6.238530e-02;1.796396e-01;3.562401e-02;7.013601e-02;6.604195e-02;2.196853e-01;3.797646e-02;4.209203e-02;5.647818e-02;4.510573e-02;5.433984e-02
1.150024e-01;6.563351e-02;1.173372e-01;3.323993e-02;7.415063e-02;7.952439e-02;3.255124e-01;3.705453e-02;3.907695e-02;3.913520e-02;3.223455e-02;4.209832e-02
8.591817e-02;7.040912e-02;8.526577e-02;3.582951e-02;7.209770e-02;9.821089e-02;3.981800e-01;3.733284e-02;3.114089e-02;2.799029e-02;3.144221e-02;2.618255e-02
1.175609e-01;7.009242e-02;4.352894e-02;4.748718e-02;9.562515e-02;1.316813e-01;3.658031e-01;2.459932e-02;2.125376e-02;3.479880e-02;2.657989e-02;2.098915e-02
1.554395e-01;5.753925e-02;1.246069e-01;4.833382e-02;1.671976e-01;1.447292e-01;1.599890e-01;2.321295e-02;3.845243e-02;3.387569e-02;1.381175e-02;3.281200e-02
1.194045e-01;2.307936e-02;2.143373e-01;4.794215e-02;1.714008e-01;1.025975e-01;1.270240e-01;2.408613e-02;4.666200e-02;2.904079e-02;2.560097e-02;6.882453e-02
1.011649e-01;4.108201e-02;2.622153e-01;4.357714e-02;1.193348e-01;6.850714e-02;1.258491e-01;3.096941e-02;3.834569e-02;4.893233e-02;3.902486e-02;8.099725e-02
8.308710e-02;4.459012e-02;2.145526e-01;3.386128e-02;8.917809e-02;5.958857e-02;1.395463e-01;5.619539e-02;4.628846e-02;5.693968e-02;8.162574e-02;9.454666e-02
8.873933e-02;6.527077e-02;9.697708e-02;5.654964e-02;8.409955e-02;4.577089e-02;2.173777e-01;3.294884e-02;2.836321e-02;5.877221e-02;1.106790e-01;1.144518e-01
7.945774e-02;8.213823e-02;1.598678e-01;6.270867e-02;6.915110e-02;4.575644e-02;1.517059e-01;3.457348e-02;5.730509e-02;6.826957e-02;8.801404e-02;1.010520e-01
1.236097e-01;1.162170e-01;1.684209e-01;6.325759e-02;4.502818e-02;5.276182e-02;1.171787e-01;4.177841e-02;6.643429e-02;6.218070e-02;4.897963e-02;9.415311e-02
1.566607e-01;1.290530e-01;1.497505e-01;5.960277e-02;3.811708e-02;4.428503e-02;1.325875e-01;5.261483e-02;4.181131e-02;5.607854e-02;6.426866e-02;7.517016e-02
1.324948e-01;1.381796e-01;1.477039e-01;6.202706e-02;5.601766e-02;5.150361e-02;1.766344e-01;5.884422e-02;3.389855e-02;4.691184e-02;6.886665e-02;2.691765e-02
1.359962e-01;1.215925e-01;1.404867e-01;6.486336e-02;7.442109e-02;5.007549e-02;1.709597e-01;4.645574e-02;3.679938e-02;4.356475e-02;6.849502e-02;4.629014e-02
1.231983e-01;1.553147e-01;1.540898e-01;4.599964e-02;7.238821e-02;3.741459e-02;2.108644e-01;4.360121e-02;2.376587e-02;3.360263e-02;7.219021e-02;2.757040e-02
1.149900e-01;1.917605e-01;1.505591e-01;2.683018e-02;8.445989e-02;3.389696e-02;2.398117e-01;2.993740e-02;1.479719e-02;2.387229e-02;6.979893e-02;1.928598e-02
1.368624e-01;1.865060e-01;1.556478e-01;3.330963e-02;8.548568e-02;3.292587e-02;2.163103e-01;2.901388e-02;1.313443e-02;2.719220e-02;4.868919e-02;3.492269e-02
1.427890e-01;1.719922e-01;1.653071e-01;4.348560e-02;6.247196e-02;2.577810e-02;1.929981e-01;4.823213e-02;3.424770e-02;3.400025e-02;2.979856e-02;4.889925e-02
9.545851e-02;1.755537e-01;1.342447e-01;3.988340e-02;5.779493e-02;3.185041e-02;1.675169e-01;5.661527e-02;6.784428e-02;4.669906e-02;8.811721e-02;3.842156e-02
1.193255e-01;1.443197e-01;6.235385e-02;7.296346e-02;5.403409e-02;4.349103e-02;1.169918e-01;6.140175e-02;1.384692e-01;6.610546e-02;7.241811e-02;4.812616e-02
1.176643e-01;1.270044e-01;7.323629e-02;7.815334e-02;4.366287e-02;5.171436e-02;8.732682e-02;4.712542e-02;1.636103e-01;8.866387e-02;7.159154e-02;5.024658e-02
1.047812e-01;1.023499e-01;8.550545e-02;7.379130e-02;5.347390e-02;5.110799e-02;4.754020e-02;6.108738e-02;1.647314e-01;1.293492e-01;8.500367e-02;4.127847e-02
7.334725e-02;8.262384e-02;6.444006e-02;8.361324e-02;5.969742e-02;5.666306e-02;5.610228e-02;1.106982e-01;1.657722e-01;1.243229e-01;8.499483e-02;3.772474e-02
7.590304e-02;1.003232e-01;7.031782e-02;6.552871e-02;6.084299e-02;4.849511e-02;6.981257e-02;1.505635e-01;1.318564e-01;1.022852e-01;7.212093e-02;5.195057e-02
1.052188e-01;7.225071e-02;6.544437e-02;6.549980e-02;6.180916e-02;3.429952e-02;9.618268e-02;1.179893e-01;1.474348e-01;1.240701e-01;6.211199e-02;4.768875e-02
1.074794e-01;3.192296e-02;1.568887e-01;7.186396e-02;5.837105e-02;5.269843e-02;1.227436e-01;4.308699e-02;9.561457e-02;1.105548e-01;8.408037e-02;6.469520e-02
1.313583e-01;5.841733e-02;1.610561e-01;5.694311e-02;6.001735e-02;5.537802e-02;1.305674e-01;3.917125e-02;6.274398e-02;9.387544e-02;8.141933e-02;6.905247e-02
1.929581e-01;9.992228e-02;1.407290e-01;4.254308e-02;4.897546e-02;5.450916e-02;1.359075e-01;3.536348e-02;5.270902e-02;7.668748e-02;5.637658e-02;6.331880e-02
2.947601e-01;1.176210e-01;1.255181e-01;2.915239e-02;4.359604e-02;5.915618e-02;1.242197e-01;2.493598e-02;3.813361e-02;6.290418e-02;2.910626e-02;5.089645e-02
3.098119e-01;7.070515e-02;1.736616e-01;2.971670e-02;5.871103e-02;5.890229e-02;7.083058e-02;3.548449e-02;3.834620e-02;6.704906e-02;4.112767e-02;4.565339e-02
2.139434e-01;2.449732e-02;1.975667e-01;5.662251e-02;5.753314e-02;5.201638e-02;9.788857e-02;5.866799e-02;5.052232e-02;8.692067e-02;4.406869e-02;5.975235e-02
1.732092e-01;8.210322e-02;1.959481e-01;5.863253e-02;3.921086e-02;4.697071e-02;1.157295e-01;5.302494e-02;5.672539e-02;9.231568e-02;3.205832e-02;5.407148e-02
1.745278e-01;8.927989e-02;1.936217e-01;5.575427e-02;3.987184e-02;4.425354e-02;9.957226e-02;4.344110e-02;4.130331e-02;1.010338e-01;6.362447e-02;5.371598e-02
1.513419e-01;8.073203e-02;2.234230e-01;5.090700e-02;5.149791e-02;3.462071e-02;9.077179e-02;3.642905e-02;4.329246e-02;9.181135e-02;9.001324e-02;5.515955e-02
1.009282e-01;8.830939e-02;2.153498e-01;5.138662e-02;7.416410e-02;3.459740e-02;1.100672e-01;3.523672e-02;4.452753e-02;7.277289e-02;8.798431e-02;8.467590e-02
1.980393e-01;8.998019e-02;8.163773e-02;6.165457e-02;8.485188e-02;5.159601e-02;1.028191e-01;7.454725e-02;7.609084e-02;8.094310e-02;4.286721e-02;5.497288e-02
1.300625e-01;1.116162e-01;1.654517e-01;7.367596e-02;6.771079e-02;5.528843e-02;7.551517e-02;4.476552e-02;7.471153e-02;1.075789e-01;6.167605e-02;3.194730e-02
7.973114e-02;8.132195e-02;2.524253e-01;6.496233e-02;5.066034e-02;6.326333e-02;9.123378e-02;2.764726e-02;5.727642e-02;1.119361e-01;7.451205e-02;4.502996e-02
1.089116e-01;7.360660e-02;1.979429e-01;6.380808e-02;9.697379e-02;7.263134e-02;6.211432e-02;4.007774e-02;8.620123e-02;1.046922e-01;5.663810e-02;3.640200e-02
1.117385e-01;8.844522e-02;1.647717e-01;9.183804e-02;9.771750e-02;7.088488e-02;8.070208e-02;2.686752e-02;7.961884e-02;8.781978e-02;5.003478e-02;4.956121e-02
1.557267e-01;6.693040e-02;1.405047e-01;9.234995e-02;1.196965e-01;5.237214e-02;9.942047e-02;3.285281e-02;4.825093e-02;8.621626e-02;5.010512e-02;5.557405e-02
1.994898e-01;8.913272e-02;1.256038e-01;5.457963e-02;9.423102e-02;5.270207e-02;9.996807e-02;5.175942e-02;4.615695e-02;4.812649e-02;4.967189e-02;8.857817e-02
2.315692e-01;8.355988e-02;1.246107e-01;3.762807e-02;8.286445e-02;7.015731e-02;9.570789e-02;3.975493e-02;5.698827e-02;4.928154e-02;4.136937e-02;8.650843e-02
2.746059e-01;9.732916e-02;9.941986e-02;4.365636e-02;7.616811e-02;8.059610e-02;1.013640e-01;2.871625e-02;3.759705e-02;4.994523e-02;3.962335e-02;7.097859e-02
2.963221e-01;8.148083e-02;1.022406e-01;4.206493e-02;9.250263e-02;8.226481e-02;7.380972e-02;2.206269e-02;5.897385e-02;3.928827e-02;2.953225e-02;7.945730e-02
3.264359e-01;1.218713e-02;7.965697e-02;3.203130e-02;9.702191e-02;8.613402e-02;6.759984e-02;4.115988e-02;9.422141e-02;3.504980e-02;2.871033e-02;9.979147e-02
2.550963e-01;6.980482e-02;1.042218e-01;2.925045e-02;5.947506e-02;9.676441e-02;8.480659e-02;4.603061e-02;7.924599e-02;4.552234e-02;4.479283e-02;8.498888e-02
1.736268e-01;7.116484e-02;1.206288e-01;3.460267e-02;5.817396e-02;9.651580e-02;1.137838e-01;4.712033e-02;9.030503e-02;6.125424e-02;5.358329e-02;7.924054e-02
7.134718e-02;3.414851e-02;1.888314e-01;6.789419e-02;1.019020e-01;7.238292e-02;1.025748e-01;3.609771e-02;1.061087e-01;1.000372e-01;6.324610e-02;5.542940e-02
6.419577e-02;3.926503e-02;2.245137e-01;7.369057e-02;9.817462e-02;7.767840e-02;1.026477e-01;3.569910e-02;7.919963e-02;8.422697e-02;5.640705e-02;6.430151e-02
1.063662e-01;5.237036e-02;2.470928e-01;5.961383e-02;9.075701e-02;7.452472e-02;7.744124e-02;2.061359e-02;7.517295e-02;6.486725e-02;4.928418e-02;8.189588e-02
8.723661e-02;7.192794e-02;2.547485e-01;6.120042e-02;1.046505e-01;6.630004e-02;5.532250e-02;2.093735e-02;7.727242e-02;4.457896e-02;5.792603e-02;9.789878e-02
8.232351e-02;5.768578e-02;2.234368e-01;5.899924e-02;1.319309e-01;6.984933e-02;1.573870e-01;2.095898e-02;5.585832e-02;1.772724e-02;4.963652e-02;7.420631e-02
1.923026e-01;5.160638e-02;8.010074e-02;4.588074e-02;1.220746e-01;1.051414e-01;2.779778e-01;1.739448e-02;3.459518e-02;2.757210e-02;1.558539e-02;2.976854e-02
2.155814e-01;3.478144e-02;3.528821e-02;5.190989e-02;1.098968e-01;1.214935e-01;2.951337e-01;1.908091e-02;3.731305e-02;5.103142e-02;8.935028e-03;1.955472e-02
1.998377e-01;3.778485e-02;4.070107e-02;5.580854e-02;1.034158e-01;1.092606e-01;2.831749e-01;2.511169e-02;4.345253e-02;7.187390e-02;9.611852e-03;1.996661e-02
1.472906e-01;7.436554e-02;5.871367e-02;3.893313e-02;6.928951e-02;7.607789e-02;2.670768e-01;4.141765e-02;5.803074e-02;9.505221e-02;3.689275e-02;3.685951e-02
1.303210e-01;9.220308e-02;6.302300e-02;5.044243e-02;5.070775e-02;7.109094e-02;2.079214e-01;4.146945e-02;8.669615e-02;1.094318e-01;5.753954e-02;3.915342e-02
1.575837e-01;9.802693e-02;6.369332e-02;8.492356e-02;6.926563e-02;8.678976e-02;1.410617e-01;2.072396e-02;8.349124e-02;1.155364e-01;5.205312e-02;2.685070e-02
1.767181e-01;7.502402e-02;6.099987e-02;1.178051e-01;1.078704e-01;1.170632e-01;8.187144e-02;1.681932e-02;7.516508e-02;1.166089e-01;2.621752e-02;2.783688e-02
1.396248e-01;3.539233e-02;9.096403e-02;1.086702e-01;1.297117e-01;1.274560e-01;1.056470e-01;3.528873e-02;9.488927e-02;1.040596e-01;1.204586e-02;1.625043e-02
8.819280e-02;3.270027e-02;1.800202e-01;6.834809e-02;1.093275e-01;1.015612e-01;1.206506e-01;4.514813e-02;9.325472e-02;1.000643e-01;2.887346e-02;3.185872e-02
6.132673e-02;6.292301e-02;1.915660e-01;4.234569e-02;8.065450e-02;5.348004e-02;1.318183e-01;4.709696e-02;1.033516e-01;1.270159e-01;5.635300e-02;4.206827e-02
8.840616e-02;6.690980e-02;8.818372e-02;8.536354e-02;9.098263e-02;9.596847e-02;6.113157e-02;4.054940e-02;1.147541e-01;1.336126e-01;7.008909e-02;6.404896e-02
7.292444e-02;7.500274e-02;1.373125e-01;1.101287e-01;6.892681e-02;6.829205e-02;7.933125e-02;6.319774e-02;7.019732e-02;7.791937e-02;8.106343e-02;9.570354e-02
7.157666e-02;6.185362e-02;1.331076e-01;8.923241e-02;6.348526e-02;4.759378e-02;7.709370e-02;5.241198e-02;1.009752e-01;8.954545e-02;9.281531e-02;1.203091e-01
1.119379e-01;4.628242e-02;1.672550e-01;6.984659e-02;5.245982e-02;6.629936e-02;1.499967e-01;5.834319e-02;4.635324e-02;6.183260e-02;5.239792e-02;1.169953e-01
1.392010e-01;6.869720e-02;1.041722e-01;5.844238e-02;4.493152e-02;9.252206e-02;1.561721e-01;5.704759e-02;4.736208e-02;9.896757e-02;5.868221e-02;7.380214e-02
1.471409e-01;7.072170e-02;6.921932e-02;7.294960e-02;4.939859e-02;1.173169e-01;1.768044e-01;4.409865e-02;4.034763e-02;1.164941e-01;4.340125e-02;5.210696e-02
1.153871e-01;5.780223e-02;6.320705e-02;8.834967e-02;8.329664e-02;1.221700e-01;1.621007e-01;6.856866e-02;6.988011e-02;9.088380e-02;2.799721e-02;5.035679e-02
6.800313e-02;3.987734e-02;9.414747e-02;1.167043e-01;1.276882e-01;1.070900e-01;1.034748e-01;6.620853e-02;1.380925e-01;4.572941e-02;1.787963e-02;7.510463e-02
7.883564e-02;5.254032e-02;1.708543e-01;1.196898e-01;1.113601e-01;6.482421e-02;8.611921e-02;3.525313e-02;1.364260e-01;3.258134e-02;3.312338e-02;7.839256e-02
1.229720e-01;4.060291e-02;2.107445e-01;1.007567e-01;7.254527e-02;5.685827e-02;1.380299e-01;6.093972e-02;6.295613e-02;3.934080e-02;4.078014e-02;5.347353e-02
1.474353e-01;1.764196e-02;1.954676e-01;6.518298e-02;1.560255e-01;1.110033e-01;1.044497e-01;4.821630e-02;2.832059e-02;3.996931e-02;3.184637e-02;5.444117e-02
1.810896e-01;4.469863e-02;1.086547e-01;3.852534e-02;1.613151e-01;1.365059e-01;1.543065e-01;3.323239e-02;3.204869e-02;3.996486e-02;2.355426e-02;4.610412e-02
1.973919e-01;3.917193e-02;6.509648e-02;4.191251e-02;1.475698e-01;1.385515e-01;1.762434e-01;2.321629e-02;5.747453e-02;4.356693e-02;2.012822e-02;4.967658e-02
2.090901e-01;2.456505e-02;9.216983e-02;3.585365e-02;1.464682e-01;1.435546e-01;1.703168e-01;1.911374e-02;5.471023e-02;3.885457e-02;2.258418e-02;4.271901e-02
1.890692e-01;3.258580e-02;9.745536e-02;3.595792e-02;1.611147e-01;1.291761e-01;1.605346e-01;1.139531e-02;7.311102e-02;3.738157e-02;2.031850e-02;5.189989e-02
1.682087e-01;2.365576e-02;1.043996e-01;2.944182e-02;1.718864e-01;1.210143e-01;1.396478e-01;1.595915e-02;1.057092e-01;2.731238e-02;2.235394e-02;7.041093e-02
1.350427e-01;2.555827e-02;1.012499e-01;3.095171e-02;1.981874e-01;1.046123e-01;1.222981e-01;1.664183e-02;1.209383e-01;2.335310e-02;2.466794e-02;9.649846e-02
8.641443e-02;3.455540e-02;1.167448e-01;5.519940e-02;2.162293e-01;7.832274e-02;8.834987e-02;2.978899e-02;1.079906e-01;2.862032e-02;4.018468e-02;1.175995e-01
5.039446e-02;4.827695e-02;1.448079e-01;7.644490e-02;2.043584e-01;6.121332e-02;5.331185e-02;5.253682e-02;7.044264e-02;4.488181e-02;6.983604e-02;1.234949e-01
2.467060e-02;6.215830e-02;1.592915e-01;8.906000e-02;1.832995e-01;5.550867e-02;4.113089e-02;8.647186e-02;4.278245e-02;4.447675e-02;1.014980e-01;1.096514e-01
1.039221e-02;7.746524e-02;1.600376e-01;8.430240e-02;1.661208e-01;4.105740e-02;2.586422e-02;1.042380e-01;1.176577e-01;3.568914e-02;1.112087e-01;6.596661e-02
2.038713e-02;9.739494e-02;1.518167e-01;8.344258e-02;1.403202e-01;3.417529e-02;2.250773e-02;1.037641e-01;1.538700e-01;3.476077e-02;9.087105e-02;6.668956e-02
2.752961e-02;9.758683e-02;1.299036e-01;7.373462e-02;1.059695e-01;3.452481e-02;3.410340e-02;1.254751e-01;1.203685e-01;2.541849e-02;1.475554e-01;7.783017e-02
2.290297e-02;9.685765e-02;1.195143e-01;7.715977e-02;9.427775e-02;3.554411e-02;1.964584e-02;1.491105e-01;5.191277e-02;5.109830e-02;2.269232e-01;5.505289e-02
5.353763e-02;8.302091e-02;9.646299e-02;4.715399e-02;8.385682e-02;2.866655e-02;4.529855e-02;1.444401e-01;7.624505e-02;7.771412e-02;1.609341e-01;1.026693e-01
5.074025e-02;7.084433e-02;1.119564e-01;5.946295e-02;5.483317e-02;3.475760e-02;6.315016e-02;1.376248e-01;9.345783e-02;6.160421e-02;1.643861e-01;9.718233e-02
4.001237e-02;5.238019e-02;1.551676e-01;6.842025e-02;3.346683e-02;3.559015e-02;7.709374e-02;1.189413e-01;6.096577e-02;8.454764e-02;2.053210e-01;6.809307e-02
5.548090e-02;2.473818e-02;2.025591e-01;6.501419e-02;2.590117e-02;2.976112e-02;1.174240e-01;7.479417e-02;4.992552e-02;1.064936e-01;1.808622e-01;6.704590e-02
7.068539e-02;2.205462e-02;2.171420e-01;4.827129e-02;3.152460e-02;2.475012e-02;1.533367e-01;6.031523e-02;5.909767e-02;1.334554e-01;1.391243e-01;4.024271e-02
9.319942e-02;2.403167e-02;2.215579e-01;3.478276e-02;3.731870e-02;2.518741e-02;1.991972e-01;4.217322e-02;3.200551e-02;1.684840e-01;8.584617e-02;3.621610e-02
1.105725e-01;1.712045e-02;2.084609e-01;3.824259e-02;3.064060e-02;1.997558e-02;2.150907e-01;6.332258e-02;4.239650e-02;1.603296e-01;6.634508e-02;2.750286e-02
9.898780e-02;1.857158e-02;1.918459e-01;3.641482e-02;2.883080e-02;2.727409e-02;2.075418e-01;6.825134e-02;5.190939e-02;1.379166e-01;9.039132e-02;4.206451e-02
9.067439e-02;2.138036e-02;2.170657e-01;2.401762e-02;4.512960e-02;4.791728e-02;2.097321e-01;4.667349e-02;6.203786e-02;1.368977e-01;5.285722e-02;4.561682e-02
8.608487e-02;3.526965e-02;2.576449e-01;1.888041e-02;6.242605e-02;7.357281e-02;1.890884e-01;6.031753e-02;4.485023e-02;1.238261e-01;2.158957e-02;2.644942e-02
6.939207e-02;5.095577e-02;2.866656e-01;2.549842e-02;5.782242e-02;8.553332e-02;1.422584e-01;6.623866e-02;4.939981e-02;9.193275e-02;2.643967e-02;4.786314e-02
4.115201e-02;2.964092e-02;2.678344e-01;2.682503e-02;4.753122e-02;6.705842e-02;2.797355e-01;6.332307e-02;3.494537e-02;6.081147e-02;3.733966e-02;4.380295e-02
5.670251e-02;3.052139e-02;2.503273e-01;3.088937e-02;4.707686e-02;4.829827e-02;3.114037e-01;6.423715e-02;3.305045e-02;6.503877e-02;3.083521e-02;3.161904e-02
9.573951e-02;3.432642e-02;1.930670e-01;4.926722e-02;5.195390e-02;7.106046e-02;1.826616e-01;8.042079e-02;7.808606e-02;9.282728e-02;4.789070e-02;2.269905e-02
1.065761e-01;6.153141e-02;1.283297e-01;5.714959e-02;4.966942e-02;6.540415e-02;9.940661e-02;9.350269e-02;1.273949e-01;9.225134e-02;6.579479e-02;5.298925e-02
1.203247e-01;7.389532e-02;1.130188e-01;4.416019e-02;4.647389e-02;6.407755e-02;1.006630e-01;6.278954e-02;1.440583e-01;8.549465e-02;7.353704e-02;7.150710e-02
1.463289e-01;7.734124e-02;1.211416e-01;3.107258e-02;4.248206e-02;6.915374e-02;9.152324e-02;2.746868e-02;1.344442e-01;9.032847e-02;8.023239e-02;8.848300e-02
1.533147e-01;3.494928e-02;1.535438e-01;1.849428e-02;4.276875e-02;6.862490e-02;5.130019e-02;1.292746e-01;6.610172e-02;1.055593e-01;6.240411e-02;1.136644e-01
9.358343e-02;3.491434e-02;1.108076e-01;4.306981e-02;7.168084e-02;7.443934e-02;7.082605e-02;1.063397e-01;1.133081e-01;7.148977e-02;6.558140e-02;1.439596e-01
6.940741e-02;5.389987e-02;1.074121e-01;4.511464e-02;8.391569e-02;8.911378e-02;1.190787e-01;5.511066e-02;1.011898e-01;1.175983e-01;4.869216e-02;1.094670e-01
7.024374e-02;5.930963e-02;1.134799e-01;2.867196e-02;6.364184e-02;6.720179e-02;1.483613e-01;5.198835e-02;1.279773e-01;1.232916e-01;6.549264e-02;8.033986e-02
7.234917e-02;5.027790e-02;1.404425e-01;3.696609e-02;6.630802e-02;5.592541e-02;1.352476e-01;4.926175e-02;1.191052e-01;8.999877e-02;9.940527e-02;8.471235e-02
8.238918e-02;5.080857e-02;1.431640e-01;6.605583e-02;6.974214e-02;8.290344e-02;9.365281e-02;6.127001e-02;1.140375e-01;5.264876e-02;1.157828e-01;6.754490e-02
7.447544e-02;4.905362e-02;1.808713e-01;7.028120e-02;6.902036e-02;6.551782e-02;9.550294e-02;7.647654e-02;1.220720e-01;4.804808e-02;1.079929e-01;4.068778e-02
5.963727e-02;5.803650e-02;1.856216e-01;7.182951e-02;5.993648e-02;3.974886e-02;1.062848e-01;5.509778e-02;7.793775e-02;8.379731e-02;1.291250e-01;7.294714e-02
4.980572e-02;5.873229e-02;1.669347e-01;7.522012e-02;7.449507e-02;6.611599e-02;8.260035e-02;5.093817e-02;5.594273e-02;8.870552e-02;1.411895e-01;8.931986e-02
8.232389e-02;6.110901e-02;1.264009e-01;6.528441e-02;9.165945e-02;8.261997e-02;9.172204e-02;5.688478e-02;9.231510e-02;7.541053e-02;1.122224e-01;6.204763e-02
