2.711854e-02;4.628711e-02;1.004761e-01;3.796845e-02;4.222669e-02;2.807567e-01;1.174969e-01;8.422013e-02;1.104718e-01;5.006767e-02;6.590488e-02;3.700492e-02
1.919740e-02;5.922772e-02;8.051026e-02;2.190669e-02;2.260755e-02;2.932718e-01;1.564798e-01;6.524307e-02;1.399134e-01;3.144762e-02;6.497175e-02;4.522291e-02
2.205528e-02;4.857597e-02;6.080602e-02;1.404672e-02;1.754445e-02;3.060748e-01;1.812131e-01;5.868306e-02;1.671406e-01;2.410156e-02;5.771118e-02;4.204723e-02
1.863041e-02;2.789129e-02;4.381464e-02;1.017583e-02;1.896414e-02;3.250071e-01;1.897485e-01;4.404807e-02;1.701352e-01;4.293799e-02;6.036980e-02;4.827700e-02
2.164715e-02;3.356897e-02;5.239583e-02;4.667539e-03;2.174138e-02;3.389156e-01;1.497490e-01;4.933475e-02;1.679024e-01;5.714782e-02;5.638836e-02;4.654117e-02
1.987812e-02;3.198522e-02;3.758577e-02;7.886201e-03;3.291470e-02;3.885155e-01;1.051810e-01;3.767867e-02;1.628241e-01;6.495492e-02;7.619895e-02;3.439685e-02
1.584590e-02;2.905859e-02;3.015952e-02;1.411802e-02;2.607410e-02;3.377501e-01;1.119587e-01;7.902937e-02;1.682256e-01;6.581423e-02;8.428837e-02;3.767744e-02
2.906519e-02;4.064212e-02;3.021641e-02;2.023110e-02;3.039420e-02;2.040176e-01;1.382118e-01;1.380644e-01;2.082350e-01;6.659761e-02;6.222662e-02;3.209798e-02
3.485813e-02;5.572044e-02;3.181450e-02;1.612622e-02;5.777795e-02;1.688651e-01;7.606365e-02;1.599942e-01;2.178499e-01;7.532179e-02;6.507371e-02;4.053433e-02
3.155228e-02;4.458086e-02;3.321227e-02;1.337292e-02;5.872170e-02;2.760692e-01;3.131045e-02;1.267399e-01;1.690995e-01;8.472927e-02;8.422547e-02;4.638629e-02
3.054254e-02;5.142081e-02;5.597348e-02;1.178892e-02;4.197175e-02;2.762150e-01;5.438853e-02;7.430236e-02;1.354216e-01;8.374128e-02;1.378306e-01;4.640301e-02
3.071895e-02;6.729133e-02;9.284513e-02;8.824741e-03;2.596005e-02;2.425743e-01;9.975808e-02;4.083528e-02;1.356909e-01;5.195550e-02;1.588085e-01;4.473721e-02
2.963244e-02;5.314431e-02;8.411836e-02;4.892627e-03;2.214549e-02;2.193009e-01;1.562107e-01;3.589434e-02;1.631248e-01;3.708198e-02;1.324760e-01;6.197802e-02
2.356740e-02;2.690290e-02;6.742357e-02;1.427809e-02;2.134421e-02;2.467903e-01;2.040926e-01;2.875677e-02;1.718657e-01;3.920956e-02;9.626810e-02;5.950072e-02
1.769974e-02;2.232607e-02;6.804542e-02;1.173409e-02;2.259493e-02;2.952393e-01;2.062165e-01;3.331795e-02;1.656019e-01;2.797888e-02;8.521057e-02;4.403468e-02
1.878923e-02;3.208501e-02;6.882834e-02;1.182862e-02;3.583324e-02;3.292763e-01;1.543376e-01;6.396727e-02;1.349969e-01;2.958801e-02;8.670322e-02;3.376633e-02
2.053140e-02;4.110312e-02;6.190148e-02;1.521760e-02;5.810722e-02;3.266915e-01;1.025097e-01;1.116051e-01;1.194697e-01;3.460225e-02;7.015543e-02;3.810542e-02
1.629977e-02;4.706311e-02;6.198668e-02;2.190472e-02;7.257987e-02;2.879416e-01;1.043737e-01;1.495145e-01;1.201206e-01;3.354617e-02;4.739914e-02;3.727026e-02
1.691509e-02;3.000994e-02;5.363361e-02;1.594674e-02;5.117527e-02;2.759277e-01;1.832419e-01;1.070607e-01;1.341318e-01;4.172115e-02;4.982288e-02;4.041321e-02
2.297406e-02;4.390289e-02;5.612355e-02;1.142773e-02;2.834230e-02;2.541054e-01;1.954253e-01;7.000852e-02;1.789295e-01;4.155597e-02;5.749998e-02;3.970479e-02
3.125911e-02;6.248234e-02;8.027391e-02;2.369838e-02;3.370589e-02;2.260985e-01;1.298775e-01;8.577609e-02;1.924670e-01;3.807245e-02;5.379883e-02;4.249001e-02
3.300331e-02;6.916399e-02;7.907967e-02;1.866778e-02;3.269945e-02;1.959825e-01;6.183317e-02;9.092165e-02;2.349684e-01;5.351023e-02;7.299714e-02;5.717265e-02
3.569745e-02;5.066513e-02;7.377380e-02;1.651814e-02;2.715954e-02;1.740949e-01;7.047930e-02;1.182797e-01;2.259488e-01;6.307123e-02;8.996628e-02;5.434565e-02
4.308366e-02;4.907789e-02;9.479065e-02;2.009469e-02;3.217196e-02;1.688495e-01;1.237038e-01;1.197609e-01;1.694112e-01;5.886869e-02;8.100250e-02;3.918462e-02
3.317435e-02;3.295200e-02;5.675840e-02;1.472827e-02;4.289670e-02;1.297591e-01;1.177067e-01;1.255399e-01;1.796099e-01;7.039888e-02;1.167960e-01;7.967983e-02
2.678177e-02;8.268068e-02;6.970806e-02;4.166498e-02;5.863522e-02;1.490606e-01;1.171617e-01;8.240458e-02;1.082331e-01;8.149379e-02;9.996682e-02;8.220865e-02
3.446837e-02;7.700116e-02;8.165637e-02;4.961690e-02;6.603508e-02;1.580999e-01;1.527287e-01;9.948183e-02;8.463040e-02;6.882225e-02;6.947255e-02;5.798648e-02
2.620922e-02;7.532430e-02;8.160892e-02;4.809751e-02;7.608431e-02;1.078568e-01;2.171674e-01;1.129898e-01;8.377907e-02;5.207869e-02;7.091163e-02;4.789239e-02
3.400306e-02;6.206967e-02;6.393585e-02;2.242224e-02;4.633030e-02;2.357226e-01;2.472639e-01;6.847114e-02;5.387034e-02;3.369541e-02;1.043469e-01;2.786859e-02
3.887875e-02;4.610144e-02;4.610603e-02;1.738002e-02;3.349990e-02;3.400467e-01;2.052131e-01;4.538268e-02;4.768889e-02;3.966296e-02;1.263360e-01;1.370347e-02
2.571704e-02;7.739567e-02;3.273065e-02;2.774082e-02;5.912371e-02;3.289012e-01;1.347826e-01;6.614607e-02;4.368947e-02;4.985096e-02;1.424569e-01;1.146492e-02
1.971694e-02;1.347798e-01;2.761178e-02;3.098047e-02;9.275112e-02;2.177243e-01;6.039681e-02;8.793037e-02;5.231495e-02;9.836953e-02;1.384307e-01;3.899312e-02
1.649851e-02;2.195429e-01;2.305542e-02;3.272932e-02;1.225888e-01;9.453116e-02;2.758727e-02;9.489077e-02;6.610508e-02;1.446088e-01;7.849327e-02;7.936867e-02
2.067532e-02;2.632828e-01;2.314800e-02;2.825804e-02;1.413632e-01;5.659859e-02;1.386980e-02;7.163916e-02;7.089240e-02;1.612672e-01;4.386473e-02;1.051407e-01
2.102952e-02;2.768303e-01;1.112914e-02;1.610185e-02;1.660130e-01;4.664011e-02;1.168257e-02;5.666650e-02;6.770645e-02;1.729071e-01;2.873699e-02;1.245565e-01
1.847304e-02;2.586445e-01;1.250971e-02;1.828924e-02;1.888356e-01;2.233393e-02;1.653512e-02;7.094803e-02;6.489192e-02;1.799793e-01;1.107296e-02;1.374867e-01
1.693626e-02;2.324510e-01;1.655081e-02;1.853052e-02;1.966074e-01;4.029765e-02;2.094101e-02;6.505529e-02;5.977952e-02;1.791115e-01;1.625002e-02;1.374890e-01
1.913763e-02;2.302379e-01;3.037057e-02;2.306057e-02;1.926852e-01;1.887980e-02;2.485399e-02;6.329742e-02;6.506073e-02;1.839688e-01;2.067613e-02;1.277712e-01
1.753849e-02;2.303630e-01;3.523101e-02;2.476610e-02;1.792775e-01;2.904554e-02;2.447468e-02;6.205089e-02;6.555981e-02;1.895904e-01;3.137672e-02;1.107259e-01
1.145605e-02;2.098282e-01;2.522646e-02;3.462159e-02;1.642031e-01;4.262371e-02;2.957517e-02;8.629297e-02;6.760410e-02;1.967609e-01;4.896466e-02;8.284315e-02
1.860403e-02;1.591714e-01;3.125816e-02;4.731911e-02;1.445547e-01;1.069144e-01;4.117477e-02;9.476621e-02;6.490795e-02;1.902251e-01;5.217761e-02;4.892652e-02
3.568585e-02;1.135050e-01;5.538760e-02;5.830041e-02;1.225101e-01;1.739894e-01;5.926504e-02;8.451708e-02;7.169741e-02;1.348396e-01;4.712121e-02;4.318142e-02
4.440987e-02;1.050731e-01;6.385626e-02;5.152563e-02;1.068741e-01;1.930273e-01;6.443807e-02;9.564971e-02;1.027500e-01;8.750270e-02;3.279126e-02;5.210200e-02
2.654683e-02;1.155043e-01;5.013929e-02;2.344752e-02;9.589618e-02;1.895101e-01;4.545266e-02;1.024375e-01;1.156796e-01;1.055819e-01;7.243457e-02;5.736965e-02
4.566696e-02;9.315830e-02;4.658691e-02;1.928435e-02;8.266434e-02;2.224555e-01;5.600792e-02;8.718442e-02;1.262245e-01;9.499515e-02;7.456901e-02;5.120263e-02
4.796756e-02;9.976202e-02;7.882846e-02;1.492933e-02;8.952183e-02;2.474084e-01;5.781670e-02;6.466234e-02;1.366388e-01;5.591073e-02;5.131165e-02;5.524212e-02
3.536258e-02;9.999529e-02;7.080029e-02;1.385827e-02;9.274231e-02;2.061227e-01;1.003839e-01;5.484853e-02;1.314692e-01;6.095647e-02;7.154825e-02;6.191222e-02
3.123053e-02;1.168492e-01;6.371495e-02;1.158189e-02;8.379678e-02;1.922922e-01;1.274562e-01;5.132144e-02;1.247678e-01;7.957639e-02;6.546918e-02;5.194347e-02
3.769016e-02;1.354900e-01;5.089273e-02;1.553235e-02;5.406470e-02;1.973470e-01;1.251810e-01;5.383259e-02;1.219187e-01;8.666121e-02;6.159033e-02;5.979926e-02
3.114814e-02;1.432163e-01;5.546116e-02;1.609838e-02;2.781305e-02;1.906894e-01;1.449739e-01;6.058863e-02;1.135613e-01;7.451071e-02;7.015329e-02;7.178585e-02
5.251453e-02;1.381022e-01;6.794079e-02;2.340288e-02;3.207191e-02;1.983107e-01;1.460185e-01;4.714434e-02;8.306959e-02;5.002093e-02;8.095631e-02;8.044721e-02
5.720124e-02;1.324446e-01;5.447524e-02;1.824867e-02;5.491491e-02;2.501042e-01;1.217329e-01;3.489991e-02;7.593926e-02;4.644206e-02;8.298506e-02;7.061201e-02
4.204748e-02;1.707182e-01;5.640892e-02;1.001445e-02;8.435936e-02;2.292996e-01;7.514170e-02;3.609625e-02;8.083865e-02;6.152872e-02;9.194580e-02;6.160083e-02
1.836307e-02;1.835790e-01;4.410030e-02;1.522357e-02;1.102331e-01;1.587198e-01;4.488540e-02;7.449912e-02;1.139759e-01;6.909315e-02;9.891617e-02;6.841148e-02
2.057142e-02;1.274603e-01;5.298928e-02;3.207025e-02;1.059860e-01;1.161250e-01;4.582805e-02;9.727677e-02;1.569809e-01;8.115681e-02;8.151734e-02;8.203785e-02
3.590314e-02;1.359455e-01;7.091139e-02;3.699883e-02;7.683685e-02;9.817183e-02;4.270104e-02;8.125440e-02;1.581072e-01;1.000584e-01;8.795808e-02;7.515333e-02
3.407149e-02;1.147905e-01;8.450837e-02;3.701235e-02;9.889153e-02;1.290166e-01;2.815279e-02;7.706692e-02;1.663806e-01;9.295230e-02;7.531165e-02;6.184487e-02
3.079038e-02;1.046136e-01;7.842534e-02;3.396279e-02;1.378735e-01;1.389438e-01;1.396821e-02;1.111074e-01;1.838239e-01;7.626694e-02;3.725189e-02;5.297216e-02
2.618618e-02;1.233001e-01;6.618934e-02;1.757991e-02;1.322459e-01;6.758188e-02;4.057584e-02;1.441736e-01;1.941234e-01;9.405486e-02;3.458834e-02;5.940070e-02
1.969014e-02;1.214704e-01;6.787477e-02;2.842453e-02;9.145007e-02;1.366649e-01;4.351653e-02;1.390546e-01;1.418576e-01;8.822678e-02;5.199559e-02;6.977405e-02
5.367836e-02;9.876397e-02;5.216669e-02;2.870978e-02;4.068389e-02;2.520259e-01;4.631758e-02;1.300233e-01;8.805367e-02;7.544251e-02;7.902919e-02;5.510508e-02
9.372139e-02;7.930516e-02;5.590479e-02;2.288307e-02;4.009617e-02;3.111417e-01;4.810314e-02;7.663118e-02;6.495185e-02;6.098658e-02;1.117832e-01;3.449181e-02
1.025492e-01;5.951387e-02;5.344940e-02;1.569020e-02;3.256316e-02;3.721766e-01;5.513686e-02;4.710062e-02;5.648186e-02;5.583647e-02;1.216313e-01;2.787044e-02
8.577410e-02;6.125871e-02;4.997025e-02;1.163467e-02;2.992091e-02;4.077811e-01;5.928011e-02;3.421977e-02;5.351053e-02;6.878881e-02;1.131476e-01;2.471350e-02
7.045863e-02;3.638534e-02;6.364154e-02;1.088979e-02;3.768735e-02;4.089305e-01;7.033356e-02;1.894466e-02;7.329812e-02;8.047143e-02;1.031938e-01;2.576524e-02
3.997277e-02;3.420283e-02;6.528151e-02;1.150796e-02;6.091473e-02;3.371547e-01;9.325255e-02;5.025071e-02;1.002138e-01;8.111283e-02;9.653949e-02;2.959618e-02
2.650938e-02;4.833261e-02;5.396273e-02;1.687635e-02;9.714422e-02;2.093108e-01;8.153822e-02;8.469173e-02;1.330360e-01;1.190924e-01;8.850061e-02;4.100487e-02
2.987566e-02;7.610028e-02;4.370182e-02;2.827062e-02;1.159894e-01;7.395681e-02;4.788307e-02;1.337573e-01;1.888259e-01;1.420005e-01;7.495545e-02;4.468318e-02
2.179000e-02;9.262414e-02;2.663633e-02;2.640704e-02;8.487702e-02;1.437383e-01;4.741669e-02;1.154362e-01;2.055038e-01;1.221600e-01;7.096000e-02;4.245046e-02
2.995116e-02;1.285676e-01;3.830032e-02;2.461003e-02;5.847513e-02;1.453640e-01;5.321255e-02;1.268789e-01;1.895403e-01;1.048127e-01;4.908372e-02;5.120367e-02
2.567117e-02;1.340543e-01;2.176701e-02;2.827827e-02;5.990775e-02;1.254782e-01;4.965729e-02;1.319286e-01;1.866170e-01;1.320522e-01;4.867356e-02;5.591463e-02
2.882080e-02;1.229835e-01;2.923823e-02;1.539813e-02;6.161059e-02;1.019339e-01;4.442389e-02;1.242120e-01;2.172505e-01;1.535275e-01;5.699315e-02;4.360788e-02
2.603040e-02;9.005740e-02;2.254584e-02;1.685518e-02;1.094190e-01;1.324801e-01;3.425861e-02;1.253127e-01;2.036811e-01;1.258435e-01;6.433924e-02;4.917689e-02
1.753730e-02;8.394902e-02;3.265858e-02;2.662688e-02;1.417111e-01;1.952093e-01;3.076283e-02;1.312538e-01;1.618222e-01;9.762484e-02;4.442195e-02;3.642204e-02
1.406492e-02;5.707068e-02;3.326775e-02;2.791378e-02;1.374082e-01;2.722640e-01;3.871480e-02;1.134411e-01;1.251513e-01;8.905328e-02;6.080977e-02;3.084040e-02
1.814905e-02;4.007795e-02;3.592347e-02;2.545787e-02;9.558374e-02;3.432723e-01;6.066166e-02;8.338798e-02;9.885097e-02;6.799044e-02;9.614424e-02;3.450029e-02
1.927463e-02;3.941503e-02;5.313483e-02;1.803736e-02;6.476451e-02;3.695667e-01;7.828423e-02;6.217410e-02;1.042755e-01;4.151771e-02;1.150223e-01;3.453306e-02
1.705313e-02;3.365633e-02;5.143425e-02;2.068259e-02;9.138658e-02;3.297903e-01;6.267340e-02;7.902939e-02;1.418527e-01;4.935047e-02;9.885773e-02;2.423323e-02
2.165710e-02;4.254840e-02;4.171006e-02;2.976338e-02;1.074444e-01;2.088758e-01;4.660358e-02;1.350592e-01;2.164488e-01;6.231251e-02;6.422578e-02;2.335106e-02
3.075545e-02;6.472193e-02;5.559778e-02;1.661716e-02;8.468290e-02;1.219765e-01;5.098428e-02;1.634953e-01;2.476195e-01;7.853875e-02;5.502221e-02;2.998828e-02
3.097072e-02;3.788251e-02;2.798729e-02;1.080971e-02;5.437003e-02;1.396521e-01;5.989112e-02;2.068997e-01;2.689389e-01;7.619503e-02;5.275052e-02;3.365238e-02
3.535779e-02;4.067928e-02;2.568347e-02;1.329062e-02;3.780232e-02;1.042458e-01;4.616880e-02;2.232698e-01;2.871222e-01;8.174207e-02;5.989096e-02;4.474703e-02
3.608473e-02;6.073016e-02;4.364599e-02;1.447823e-02;4.522732e-02;5.800918e-02;4.110828e-02;2.071356e-01;2.784962e-01;9.181394e-02;7.738359e-02;4.588671e-02
4.838646e-02;5.913282e-02;6.276211e-02;4.771939e-02;5.648151e-02;1.088787e-01;6.282268e-02;1.272532e-01;2.009434e-01;9.538475e-02;9.078867e-02;3.944631e-02
4.064690e-02;7.518309e-02;8.277655e-02;6.905320e-02;8.766102e-02;1.368110e-01;7.851106e-02;8.448323e-02;1.566370e-01;7.439292e-02;7.832973e-02;3.551419e-02
2.856055e-02;8.572438e-02;6.971081e-02;6.571622e-02;8.961583e-02;1.465340e-01;8.081501e-02;1.037734e-01;1.526069e-01;7.274294e-02;6.914338e-02;3.505660e-02
3.706955e-02;1.084785e-01;9.638711e-02;3.218958e-02;5.254335e-02;1.593667e-01;7.811426e-02;1.112814e-01;1.477950e-01;8.852274e-02;5.848311e-02;2.976871e-02
3.551716e-02;9.609305e-02;1.104636e-01;3.212592e-02;4.910287e-02;2.186940e-01;6.219262e-02;1.074551e-01;1.276160e-01;8.244029e-02;5.190442e-02;2.639493e-02
2.165006e-02;6.775958e-02;6.266472e-02;3.359450e-02;6.821092e-02;3.027673e-01;4.436051e-02;1.380594e-01;1.154198e-01;6.485810e-02;5.602439e-02;2.463066e-02
1.274566e-02;9.213755e-02;4.448251e-02;3.307238e-02;1.627024e-01;2.723389e-01;4.532637e-02;1.279410e-01;9.919304e-02;5.134030e-02;4.359386e-02;1.512593e-02
1.919235e-02;1.240034e-01;3.534115e-02;4.406610e-02;2.486148e-01;1.770504e-01;4.546925e-02;1.099644e-01;1.087005e-01;4.889692e-02;2.070273e-02;1.799793e-02
2.073727e-02;1.308239e-01;7.836333e-02;3.673056e-02;2.222960e-01;2.113488e-01;2.985719e-02;7.181010e-02;9.303041e-02;3.242081e-02;5.680113e-02;1.578048e-02
2.227104e-02;8.621820e-02;1.228046e-01;3.103094e-02;1.121181e-01;3.204236e-01;3.220282e-02;5.175690e-02;7.808620e-02;4.331112e-02;8.405486e-02;1.572168e-02
2.617798e-02;4.652695e-02;1.418774e-01;2.781908e-02;4.379657e-02;3.462360e-01;5.380011e-02;4.360037e-02;9.290706e-02;6.001107e-02;9.320214e-02;2.404537e-02
2.226932e-02;2.168321e-02;1.083208e-01;3.382738e-02;2.383376e-02;3.179395e-01;7.208694e-02;6.839932e-02;1.211850e-01;8.201563e-02;9.563763e-02;3.280159e-02
2.489111e-02;4.832855e-02;7.826819e-02;3.451442e-02;6.956762e-02;2.072095e-01;7.058007e-02;8.773501e-02;1.503065e-01;1.042058e-01;9.300103e-02;3.139216e-02
1.753404e-02;5.361683e-02;6.294479e-02;1.971162e-02;8.133751e-02;1.498919e-01;7.322890e-02;1.335825e-01;1.999996e-01;1.074567e-01;6.206974e-02;3.862584e-02
1.725980e-02;5.354906e-02;4.786864e-02;2.492989e-02;8.015737e-02;1.839800e-01;7.889391e-02;1.418981e-01;2.108992e-01;9.700507e-02;3.565777e-02;2.790115e-02
2.882239e-02;6.400012e-02;4.890772e-02;3.090226e-02;9.357098e-02;1.883180e-01;4.849659e-02;1.215816e-01;2.111335e-01;9.598706e-02;3.829959e-02;2.998026e-02
4.493654e-02;6.234026e-02;5.432661e-02;3.117958e-02;6.268171e-02;1.658592e-01;5.218968e-02;1.144309e-01;2.147641e-01;1.056451e-01;4.104583e-02;5.060050e-02
3.975817e-02;5.546349e-02;4.452730e-02;3.548689e-02;4.465441e-02;1.394966e-01;5.473756e-02;1.363538e-01;2.135384e-01;1.042261e-01;6.503070e-02;6.672657e-02
3.761229e-02;4.997871e-02;3.605678e-02;3.753280e-02;6.302935e-02;1.237916e-01;4.524809e-02;1.509832e-01;2.115280e-01;8.733578e-02;8.651783e-02;7.038553e-02
4.528294e-02;4.604422e-02;5.214196e-02;3.491523e-02;7.090981e-02;1.026138e-01;3.261296e-02;1.662602e-01;2.177383e-01;7.161763e-02;1.019972e-01;5.786592e-02
3.308119e-02;5.993272e-02;6.735315e-02;3.602348e-02;6.075099e-02;1.067343e-01;4.248079e-02;1.515907e-01;2.209983e-01;7.164267e-02;9.385777e-02;5.555393e-02
5.489863e-02;8.073216e-02;7.267417e-02;2.430406e-02;8.952393e-02;1.452042e-01;4.223993e-02;1.030286e-01;2.051123e-01;7.262295e-02;6.423242e-02;4.542657e-02
6.084055e-02;5.763964e-02;6.161568e-02;2.821456e-02;1.059382e-01;1.600602e-01;4.978832e-02;1.248660e-01;2.064184e-01;7.622100e-02;4.105293e-02;2.734454e-02
4.643141e-02;8.791986e-02;6.518264e-02;3.803491e-02;7.530325e-02;1.521690e-01;3.792249e-02;1.485187e-01;2.143300e-01;7.312749e-02;3.305752e-02;2.800280e-02
3.745925e-02;8.436545e-02;8.913417e-02;4.501314e-02;7.640985e-02;1.427137e-01;4.881642e-02;1.308431e-01;2.207214e-01;6.327040e-02;3.190036e-02;2.935271e-02
4.870174e-02;6.544427e-02;9.628654e-02;4.314353e-02;9.838787e-02;1.405795e-01;4.628433e-02;1.135796e-01;2.082586e-01;7.957858e-02;2.975467e-02;3.000084e-02
5.376536e-02;3.598752e-02;5.282895e-02;7.283723e-02;1.212900e-01;1.860861e-01;4.437549e-02;9.602928e-02;1.810075e-01;9.576885e-02;2.722140e-02;3.280241e-02
2.656864e-02;6.168975e-02;8.320453e-02;1.183971e-01;9.007220e-02;2.141749e-01;4.396302e-02;7.533335e-02;1.505549e-01;8.226459e-02;2.662439e-02;2.715259e-02
2.698657e-02;1.088707e-01;1.097705e-01;1.076602e-01;4.422550e-02;1.402889e-01;4.292725e-02;1.313651e-01;1.773954e-01;5.968397e-02;2.621358e-02;2.461235e-02
2.691699e-02;1.335288e-01;1.499406e-01;5.733939e-02;4.438819e-02;8.542515e-02;2.270513e-02;2.136047e-01;1.833939e-01;3.409074e-02;2.183342e-02;2.683291e-02
1.577946e-02;8.817534e-02;1.575523e-01;4.060135e-02;3.250781e-02;8.588599e-02;1.670842e-02;3.093480e-01;1.871018e-01;2.681335e-02;1.441493e-02;2.511131e-02
1.139769e-02;6.409720e-02;1.733096e-01;2.800041e-02;2.773843e-02;5.903986e-02;1.670582e-02;3.941503e-01;1.615540e-01;2.905524e-02;1.261394e-02;2.233746e-02
1.146161e-02;1.182175e-01;1.789788e-01;1.658625e-02;2.253223e-02;1.165690e-01;1.103595e-02;3.858854e-01;8.624955e-02;3.398819e-02;6.137602e-03;1.235793e-02
1.236004e-02;1.649199e-01;1.518001e-01;1.197943e-02;1.962861e-02;1.569038e-01;2.791322e-02;3.384830e-01;5.953516e-02;3.261742e-02;1.713090e-02;6.728481e-03
1.057036e-02;1.734639e-01;1.213429e-01;9.179429e-03;1.412012e-02;1.735755e-01;4.851756e-02;3.136652e-01;8.529414e-02;2.689505e-02;1.993836e-02;3.437425e-03
1.186884e-02;1.979182e-01;1.107442e-01;7.362295e-03;1.403764e-02;2.161753e-01;5.571020e-02;2.760164e-01;6.408399e-02;2.676588e-02;1.619343e-02;3.123562e-03
9.887775e-03;2.129690e-01;1.033984e-01;7.093791e-03;9.816197e-03;2.131687e-01;6.178456e-02;2.680764e-01;6.172877e-02;3.190960e-02;1.529376e-02;4.873066e-03
1.309470e-02;2.088883e-01;1.017979e-01;8.527409e-03;8.327340e-03;1.923904e-01;5.794741e-02;2.876925e-01;6.797469e-02;2.942781e-02;1.830388e-02;5.627776e-03
1.477675e-02;2.302723e-01;8.930152e-02;5.994608e-03;1.476128e-02;2.071237e-01;5.993122e-02;2.967087e-01;3.178555e-02;2.416096e-02;2.066477e-02;4.518648e-03
1.705091e-02;2.191162e-01;1.013739e-01;8.867097e-03;1.288560e-02;1.754286e-01;5.284384e-02;2.923913e-01;7.313587e-02;2.172097e-02;2.037542e-02;4.810259e-03
1.956956e-02;1.999778e-01;1.088422e-01;8.679112e-03;1.266936e-02;2.029299e-01;5.125295e-02;2.603813e-01;9.004891e-02;1.966909e-02;1.994939e-02;6.030443e-03
3.122398e-02;1.866375e-01;1.087254e-01;9.285910e-03;1.329280e-02;3.031811e-01;4.919588e-02;2.058644e-01;4.563960e-02;1.761903e-02;1.862743e-02;1.070697e-02
3.446493e-02;1.376662e-01;8.062463e-02;1.318308e-02;1.604764e-02;2.844208e-01;3.667326e-02;2.549860e-01;8.695371e-02;2.562866e-02;1.271920e-02;1.663190e-02
2.677609e-02;1.253880e-01;1.141290e-01;1.148334e-02;2.795279e-02;1.554837e-01;1.825172e-02;3.373283e-01;1.167444e-01;3.383873e-02;1.402792e-02;1.859609e-02
1.647388e-02;9.982013e-02;1.515185e-01;1.366206e-02;3.477204e-02;1.888099e-01;9.379317e-03;3.244753e-01;9.592188e-02;3.090712e-02;2.135387e-02;1.290608e-02
1.564574e-02;1.390049e-01;1.219360e-01;1.207094e-02;2.484337e-02;1.642963e-01;7.415119e-03;2.598043e-01;1.969100e-01;2.670482e-02;2.040292e-02;1.096555e-02
2.596170e-02;1.892672e-01;1.303310e-01;2.213744e-02;2.445263e-02;1.299024e-01;3.132804e-02;2.054632e-01;1.773711e-01;3.157474e-02;1.724416e-02;1.496639e-02
4.646428e-02;1.949932e-01;1.166595e-01;5.346486e-02;5.776300e-02;1.134959e-01;8.010610e-02;1.509236e-01;9.706296e-02;3.569559e-02;1.752471e-02;3.584629e-02
3.747888e-02;1.342584e-01;1.293844e-01;5.831998e-02;7.342310e-02;9.588636e-02;9.105790e-02;1.325886e-01;1.283105e-01;4.330485e-02;2.626910e-02;4.971794e-02
4.017521e-02;1.409862e-01;1.515282e-01;3.803488e-02;6.701491e-02;1.205599e-01;8.296028e-02;1.215502e-01;1.158646e-01;4.021512e-02;3.483859e-02;4.627199e-02
4.321493e-02;1.117389e-01;1.572438e-01;2.403640e-02;4.797837e-02;1.889041e-01;5.931539e-02;1.412668e-01;1.118961e-01;3.844074e-02;3.439026e-02;4.157411e-02
4.257179e-02;9.867370e-02;1.085275e-01;1.245340e-02;2.724136e-02;2.065784e-01;3.851082e-02;2.337240e-01;1.286090e-01;3.855538e-02;1.873805e-02;4.581667e-02
6.079531e-02;1.431160e-01;1.183540e-01;1.751565e-02;3.465777e-02;1.536409e-01;2.901441e-02;2.394857e-01;9.408185e-02;3.481359e-02;1.638941e-02;5.813533e-02
6.084564e-02;1.500868e-01;1.313372e-01;2.464334e-02;4.011084e-02;1.378877e-01;2.421965e-02;2.422721e-01;6.794211e-02;4.704395e-02;2.421759e-02;4.939307e-02
4.826963e-02;1.001423e-01;1.040258e-01;2.249991e-02;4.517372e-02;1.624567e-01;4.797859e-02;2.593008e-01;1.234340e-01;4.255750e-02;1.477270e-02;2.938838e-02
2.750962e-02;9.035667e-02;8.835614e-02;9.874769e-03;2.707268e-02;1.563244e-01;4.336010e-02;3.335296e-01;1.519129e-01;3.030169e-02;1.565088e-02;2.575056e-02
2.203045e-02;1.040478e-01;1.121708e-01;1.599552e-02;1.206146e-02;8.663622e-02;4.868596e-02;3.726161e-01;1.261194e-01;3.851486e-02;2.407118e-02;3.705020e-02
3.606560e-02;1.015560e-01;1.365678e-01;2.103802e-02;2.524370e-02;1.042230e-01;4.175714e-02;3.332471e-01;9.536657e-02;3.928459e-02;2.595161e-02;3.969890e-02
3.972929e-02;1.153057e-01;1.311979e-01;1.499021e-02;2.386092e-02;1.772155e-01;2.527860e-02;2.946479e-01;1.028364e-01;2.627937e-02;2.502774e-02;2.363043e-02
3.408358e-02;1.186956e-01;1.108223e-01;9.377599e-03;1.953903e-02;2.397973e-01;2.763505e-02;3.044245e-01;7.257889e-02;2.694881e-02;1.797209e-02;1.812528e-02
2.855486e-02;1.293632e-01;9.095690e-02;1.450298e-02;2.412436e-02;2.229054e-01;2.948944e-02;3.205461e-01;8.118273e-02;2.905784e-02;1.359710e-02;1.571906e-02
1.620999e-02;1.269563e-01;1.106087e-01;8.225790e-03;2.443168e-02;1.630339e-01;2.110231e-02;3.268113e-01;1.370675e-01;2.932184e-02;1.988211e-02;1.634854e-02
2.426695e-02;1.367511e-01;1.411097e-01;1.285947e-02;2.241776e-02;1.103604e-01;2.266569e-02;3.331328e-01;1.268363e-01;3.084748e-02;1.910007e-02;1.965233e-02
3.772807e-02;1.123298e-01;1.359432e-01;1.539287e-02;2.272206e-02;6.493051e-02;3.313430e-02;3.826326e-01;1.050045e-01;4.266616e-02;2.751691e-02;1.999898e-02
