1.092691e-01;7.363595e-02;1.313248e-01;6.377235e-02;1.103317e-01;5.453228e-02;7.350317e-02;7.316781e-02;6.162369e-02;6.285152e-02;1.146559e-01;7.133172e-02
7.506758e-02;8.966204e-02;1.324633e-01;6.489629e-02;8.620951e-02;6.405387e-02;1.337611e-01;7.542759e-02;6.403764e-02;6.224618e-02;6.797151e-02;8.420344e-02
6.387385e-02;1.014829e-01;1.469941e-01;7.738492e-02;5.770664e-02;6.089133e-02;1.771004e-01;5.185463e-02;5.539456e-02;6.484733e-02;6.066082e-02;8.180866e-02
8.381844e-02;7.872013e-02;1.720462e-01;1.103975e-01;8.830713e-02;4.941401e-02;1.377708e-01;5.452399e-02;4.676940e-02;6.264190e-02;6.562525e-02;4.996518e-02
8.334761e-02;5.132322e-02;1.430099e-01;1.662868e-01;9.711750e-02;5.873225e-02;1.404244e-01;7.130179e-02;3.741642e-02;5.474224e-02;4.585145e-02;5.044643e-02
6.994331e-02;5.175954e-02;9.472836e-02;1.579639e-01;8.987641e-02;5.906331e-02;1.527925e-01;7.141024e-02;5.512462e-02;5.626542e-02;5.292653e-02;8.814581e-02
8.756860e-02;5.177213e-02;1.291112e-01;8.362634e-02;1.135727e-01;5.193475e-02;1.291625e-01;6.582919e-02;6.952764e-02;7.342539e-02;5.334323e-02;9.112635e-02
7.454044e-02;6.702019e-02;1.325608e-01;9.293067e-02;9.577357e-02;5.391184e-02;1.200382e-01;5.489872e-02;9.413660e-02;7.782283e-02;7.324242e-02;6.312369e-02
6.597085e-02;9.856289e-02;1.242463e-01;1.058162e-01;7.640789e-02;5.962358e-02;1.020011e-01;6.632016e-02;8.516582e-02;7.116107e-02;8.499011e-02;5.973405e-02
7.986934e-02;1.061023e-01;1.321354e-01;9.281145e-02;6.383469e-02;4.823446e-02;1.180262e-01;6.136845e-02;7.558906e-02;7.315600e-02;9.417572e-02;5.469698e-02
9.985249e-02;1.022677e-01;7.975627e-02;6.808016e-02;7.603600e-02;6.591906e-02;1.604092e-01;5.616704e-02;7.408498e-02;8.517145e-02;8.848482e-02;4.377084e-02
8.992421e-02;9.937280e-02;1.086864e-01;4.212050e-02;9.059917e-02;7.840522e-02;1.105179e-01;6.363069e-02;6.791387e-02;7.340368e-02;6.883338e-02;1.065921e-01
9.409634e-02;7.426982e-02;1.461015e-01;4.631745e-02;7.108984e-02;4.464538e-02;1.631113e-01;7.207702e-02;4.914745e-02;6.481266e-02;8.392842e-02;9.040285e-02
9.796328e-02;7.566766e-02;1.466190e-01;5.690157e-02;5.535201e-02;3.909747e-02;1.633732e-01;6.814756e-02;3.588397e-02;9.985100e-02;1.032481e-01;5.789514e-02
7.521350e-02;6.437735e-02;9.415602e-02;6.058935e-02;8.539362e-02;7.388314e-02;1.377969e-01;6.987689e-02;7.694930e-02;1.229402e-01;9.629714e-02;4.252651e-02
7.722390e-02;7.700935e-02;7.457177e-02;6.588603e-02;1.007527e-01;8.492506e-02;1.470941e-01;8.346876e-02;8.313361e-02;9.969217e-02;5.665734e-02;4.958520e-02
9.540457e-02;8.067133e-02;7.615634e-02;8.406867e-02;9.943394e-02;7.382050e-02;1.375283e-01;8.476325e-02;8.744311e-02;8.592108e-02;5.140118e-02;4.338763e-02
1.005233e-01;7.560258e-02;6.468810e-02;6.968429e-02;8.439542e-02;7.293993e-02;1.092906e-01;8.650663e-02;9.631140e-02;1.366847e-01;4.465723e-02;5.871581e-02
8.785228e-02;5.446994e-02;6.335489e-02;5.825274e-02;8.471087e-02;8.423248e-02;1.263422e-01;5.643292e-02;7.126648e-02;1.322877e-01;9.864135e-02;8.215621e-02
9.295764e-02;6.121215e-02;8.729997e-02;4.066352e-02;7.000681e-02;9.662789e-02;2.570994e-01;5.730377e-02;5.067514e-02;7.059307e-02;7.111496e-02;4.444565e-02
7.173156e-02;6.273191e-02;8.314612e-02;2.646453e-02;5.214681e-02;1.039306e-01;4.326507e-01;5.174721e-02;2.810425e-02;3.287358e-02;2.816238e-02;2.631037e-02
4.794872e-02;6.266569e-02;5.007800e-02;1.650077e-02;3.462487e-02;8.532427e-02;5.595766e-01;6.507058e-02;1.815327e-02;1.760037e-02;2.823644e-02;1.422037e-02
2.568968e-02;6.769450e-02;3.286322e-02;8.352754e-03;1.818761e-02;4.893663e-02;6.149181e-01;1.042541e-01;1.996998e-02;1.227501e-02;3.879247e-02;8.066013e-03
1.578685e-02;6.273670e-02;2.561082e-02;9.739931e-03;2.526933e-02;4.944891e-02;5.939022e-01;1.180525e-01;3.337780e-02;1.348650e-02;4.368680e-02;8.901628e-03
2.049622e-02;4.782615e-02;3.747125e-02;2.087930e-02;5.748964e-02;9.250188e-02;5.211831e-01;8.061344e-02;5.997331e-02;1.357765e-02;3.869335e-02;9.294710e-03
3.299538e-02;2.884746e-02;1.102336e-01;3.453283e-02;9.774014e-02;1.301102e-01;4.060082e-01;3.149375e-02;6.443666e-02;2.043503e-02;2.814616e-02;1.502070e-02
3.301426e-02;2.654499e-02;2.229926e-01;4.237757e-02;1.023055e-01;8.709911e-02;3.355141e-01;2.859046e-02;5.116203e-02;2.734937e-02;1.768276e-02;2.536723e-02
1.503452e-02;3.240459e-02;2.068354e-01;3.147819e-02;6.744359e-02;6.052122e-02;4.069996e-01;4.662488e-02;5.366872e-02;1.935736e-02;3.139171e-02;2.824026e-02
1.832367e-02;3.400693e-02;1.102930e-01;3.144413e-02;2.779953e-02;8.477316e-02;4.957226e-01;4.759174e-02;6.301942e-02;2.335217e-02;3.899435e-02;2.467926e-02
2.200786e-02;3.600898e-02;1.057411e-01;2.998245e-02;7.243239e-02;9.710194e-02;4.238032e-01;5.440075e-02;6.212728e-02;3.063364e-02;4.807689e-02;1.768358e-02
4.068684e-02;4.670611e-02;1.316117e-01;4.277667e-02;7.248890e-02;8.744358e-02;2.738134e-01;7.313152e-02;7.097198e-02;6.153858e-02;6.165212e-02;3.717862e-02
7.190683e-02;8.537716e-02;1.183253e-01;4.757855e-02;5.140598e-02;6.729952e-02;2.103262e-01;6.928098e-02;8.792105e-02;8.028223e-02;4.979545e-02;6.050078e-02
1.108218e-01;8.186156e-02;1.076326e-01;4.372472e-02;5.449834e-02;4.536906e-02;2.133575e-01;6.139088e-02;8.828211e-02;9.099134e-02;4.039985e-02;6.167016e-02
1.190521e-01;6.513721e-02;6.056006e-02;3.593971e-02;5.738149e-02;4.979189e-02;2.787514e-01;8.617979e-02;5.023654e-02;1.025678e-01;6.148216e-02;3.291982e-02
6.772517e-02;6.198958e-02;7.036755e-02;3.130206e-02;4.071166e-02;5.123580e-02;3.421668e-01;1.217292e-01;7.464641e-02;5.834140e-02;5.548625e-02;2.429809e-02
5.180749e-02;7.890888e-02;5.852871e-02;2.158599e-02;3.354886e-02;4.555344e-02;3.905466e-01;1.243464e-01;8.336352e-02;3.735729e-02;5.184694e-02;2.260590e-02
5.702738e-02;9.588408e-02;4.876932e-02;1.340309e-02;4.137694e-02;6.836098e-02;4.046033e-01;9.444325e-02;8.713122e-02;3.195437e-02;4.225937e-02;1.478673e-02
6.870340e-02;8.234134e-02;1.076896e-01;2.474310e-02;7.005961e-02;1.061837e-01;3.254276e-01;5.568398e-02;7.618193e-02;3.506365e-02;2.570564e-02;2.221647e-02
4.603553e-02;3.787922e-02;2.643443e-01;7.708198e-02;9.521024e-02;8.194967e-02;1.765734e-01;6.248794e-02;5.189960e-02;3.943335e-02;2.723269e-02;3.987200e-02
1.589311e-02;1.883021e-02;4.007967e-01;9.285206e-02;6.558951e-02;4.562214e-02;1.607120e-01;6.476821e-02;4.315544e-02;2.167154e-02;4.965814e-02;2.045092e-02
1.372032e-02;1.805605e-02;4.581887e-01;7.657943e-02;7.284247e-02;3.749924e-02;1.783534e-01;2.884932e-02;3.103369e-02;2.765118e-02;4.406022e-02;1.316601e-02
3.730870e-02;3.237567e-02;3.397729e-01;5.983974e-02;1.088954e-01;6.972100e-02;1.575977e-01;3.779005e-02;3.564492e-02;4.658872e-02;4.476189e-02;2.970326e-02
7.612503e-02;4.517525e-02;1.550951e-01;4.889183e-02;1.089531e-01;8.655698e-02;2.629871e-01;4.260642e-02;3.509051e-02;4.417232e-02;6.236861e-02;3.197785e-02
9.934618e-02;5.094924e-02;4.231796e-02;2.970825e-02;7.136352e-02;1.102897e-01;4.246432e-01;4.301284e-02;2.283689e-02;2.478138e-02;6.036338e-02;2.038734e-02
9.368753e-02;4.661835e-02;2.328071e-02;1.849064e-02;4.672249e-02;1.410802e-01;5.069652e-01;4.240958e-02;1.745115e-02;1.905357e-02;3.650163e-02;7.738886e-03
5.738835e-02;6.910569e-02;1.717771e-02;1.035155e-02;3.089714e-02;1.410031e-01;5.674750e-01;4.365604e-02;2.639894e-02;1.190129e-02;1.732081e-02;7.324335e-03
2.225264e-02;1.095306e-01;1.702657e-02;4.807172e-03;3.004198e-02;9.873670e-02;5.978841e-01;5.726832e-02;2.593292e-02;8.154420e-03;2.481001e-02;3.554697e-03
9.122184e-03;9.025432e-02;4.364218e-02;6.035491e-03;3.070830e-02;5.883005e-02;5.813091e-01;1.219987e-01;1.586289e-02;1.421546e-02;2.104868e-02;6.972625e-03
8.525277e-03;3.606677e-02;9.383920e-02;1.044228e-02;2.161410e-02;4.016059e-02;4.824735e-01;2.104905e-01;3.439465e-02;2.918825e-02;1.099304e-02;2.181184e-02
1.900453e-02;1.163518e-02;1.369289e-01;1.223125e-02;2.129626e-02;5.328075e-02;3.503555e-01;2.389914e-01;5.385511e-02;4.884258e-02;1.374869e-02;3.982987e-02
2.999900e-02;1.492178e-02;1.519200e-01;1.862942e-02;5.395366e-02;7.192773e-02;2.929771e-01;1.929554e-01;4.657524e-02;5.379191e-02;2.606328e-02;4.628551e-02
3.431419e-02;2.565402e-02;2.140966e-01;3.393436e-02;1.129974e-01;8.053625e-02;1.973984e-01;1.428480e-01;5.068041e-02;4.732978e-02;2.764240e-02;3.256817e-02
2.817420e-02;2.681201e-02;2.526046e-01;3.524086e-02;1.236982e-01;8.176091e-02;2.370930e-01;1.153610e-01;3.081997e-02;2.975953e-02;2.220432e-02;1.647145e-02
3.051505e-02;2.686544e-02;1.691821e-01;3.248294e-02;7.743139e-02;9.517698e-02;3.622410e-01;9.841979e-02;3.955898e-02;2.378308e-02;2.568395e-02;1.865937e-02
4.898187e-02;3.567444e-02;8.303107e-02;2.691349e-02;2.597891e-02;1.013331e-01;5.189111e-01;5.828073e-02;2.886773e-02;2.669234e-02;3.102455e-02;1.431068e-02
4.227515e-02;5.613314e-02;7.858045e-02;5.380479e-02;8.422176e-02;1.242552e-01;3.826486e-01;6.813069e-02;3.124515e-02;3.596034e-02;1.985484e-02;2.288996e-02
4.888522e-02;8.623946e-02;1.051684e-01;6.581220e-02;1.048212e-01;8.973170e-02;1.486893e-01;6.822612e-02;6.810384e-02;8.940538e-02;6.551747e-02;5.939973e-02
5.500570e-02;7.899603e-02;1.181355e-01;5.199795e-02;8.765943e-02;6.384110e-02;1.188159e-01;5.347815e-02;1.031904e-01;1.227724e-01;6.999569e-02;7.611184e-02
5.684549e-02;5.269997e-02;1.144435e-01;5.392739e-02;7.043865e-02;4.586153e-02;9.901404e-02;6.316857e-02;1.464344e-01;1.463739e-01;6.462449e-02;8.616813e-02
4.688893e-02;6.285836e-02;1.593879e-01;5.231769e-02;5.894449e-02;4.637691e-02;1.007397e-01;8.051310e-02;1.369941e-01;1.166696e-01;4.714766e-02;9.116163e-02
6.759299e-02;8.237574e-02;2.162307e-01;4.968721e-02;7.122110e-02;5.464154e-02;1.610606e-01;6.289708e-02;5.184052e-02;5.279254e-02;5.970727e-02;6.995269e-02
4.931807e-02;4.581704e-02;1.743420e-01;5.786931e-02;1.189622e-01;9.777766e-02;2.157762e-01;4.054847e-02;5.196568e-02;5.829041e-02;5.180664e-02;3.752625e-02
2.089857e-02;4.914336e-02;1.308896e-01;1.021562e-01;1.755304e-01;9.696300e-02;1.685257e-01;4.243004e-02;2.896089e-02;4.644451e-02;7.069419e-02;6.736355e-02
2.617067e-02;7.508282e-02;9.954631e-02;1.520767e-01;2.183625e-01;6.901907e-02;6.678575e-02;4.413922e-02;3.392263e-02;3.110749e-02;6.649373e-02;1.172931e-01
2.686231e-02;7.370859e-02;1.423242e-01;1.706390e-01;1.978711e-01;4.369767e-02;3.671671e-02;4.637331e-02;4.674829e-02;3.554426e-02;7.914422e-02;1.003704e-01
7.454166e-02;7.609124e-02;1.420660e-01;1.168564e-01;1.603426e-01;5.225760e-02;5.314948e-02;4.673328e-02;7.504854e-02;5.538508e-02;8.420327e-02;6.332483e-02
1.483431e-01;9.332269e-02;7.206308e-02;3.930696e-02;1.482313e-01;8.043886e-02;8.760699e-02;4.615266e-02;1.086843e-01;5.808667e-02;6.720122e-02;5.056216e-02
1.441633e-01;8.538488e-02;1.220910e-01;9.785394e-02;1.325753e-01;6.288473e-02;7.421248e-02;2.753025e-02;1.074745e-01;4.911404e-02;4.364743e-02;5.306821e-02
8.817068e-02;4.210103e-02;2.107843e-01;1.396671e-01;1.427860e-01;5.326319e-02;7.052434e-02;4.236490e-02;7.495254e-02;3.930157e-02;4.435999e-02;5.172438e-02
4.327544e-02;3.271587e-02;3.015358e-01;1.315616e-01;1.358761e-01;5.703773e-02;7.956067e-02;3.324870e-02;4.090881e-02;2.819502e-02;6.224773e-02;5.383644e-02
2.462239e-02;3.827436e-02;4.152306e-01;9.282471e-02;1.158859e-01;5.382667e-02;5.952047e-02;2.178788e-02;3.808160e-02;2.758220e-02;7.109624e-02;4.126695e-02
4.188643e-02;2.857635e-02;3.736928e-01;5.122019e-02;1.435766e-01;6.637990e-02;6.413311e-02;2.164645e-02;7.877599e-02;2.648938e-02;5.982200e-02;4.380082e-02
9.689642e-02;5.817490e-02;1.387789e-01;5.129793e-02;1.600233e-01;8.126750e-02;9.751510e-02;3.763834e-02;1.108826e-01;4.804520e-02;6.219555e-02;5.728432e-02
1.244217e-01;2.046113e-02;1.043271e-01;7.345863e-02;1.661218e-01;7.190730e-02;1.066462e-01;4.271757e-02;7.385276e-02;6.526180e-02;7.517596e-02;7.564805e-02
1.179371e-01;2.868037e-02;1.034151e-01;9.780404e-02;1.680774e-01;6.539518e-02;1.156786e-01;4.482683e-02;5.079463e-02;6.968773e-02;8.035228e-02;5.735088e-02
6.312476e-02;4.329721e-02;1.990138e-01;9.933870e-02;1.387637e-01;7.946273e-02;1.033999e-01;5.835686e-02;4.176597e-02;6.547642e-02;5.427415e-02;5.372573e-02
4.838440e-02;7.841115e-02;2.019095e-01;1.096514e-01;1.113342e-01;8.817745e-02;1.116906e-01;7.384669e-02;4.768463e-02;4.770970e-02;3.491393e-02;4.628636e-02
4.571919e-02;1.208720e-01;1.708465e-01;7.509224e-02;7.595722e-02;5.712765e-02;1.844812e-01;6.067845e-02;6.246435e-02;6.210530e-02;4.813136e-02;3.652461e-02
1.681744e-01;1.200666e-01;1.175242e-01;2.682674e-02;5.264388e-02;4.534720e-02;2.637629e-01;3.891875e-02;2.715745e-02;5.244712e-02;4.621344e-02;4.091737e-02
1.984438e-01;1.552595e-01;1.256008e-01;2.901653e-02;3.564356e-02;3.862249e-02;2.707454e-01;2.044150e-02;2.005200e-02;3.435767e-02;3.154403e-02;4.027280e-02
1.405964e-01;1.776682e-01;2.232331e-01;3.329668e-02;2.122376e-02;2.742781e-02;2.594053e-01;2.033085e-02;2.073607e-02;1.908818e-02;2.953451e-02;2.745920e-02
4.591501e-02;1.669077e-01;3.213789e-01;4.417080e-02;1.566236e-02;1.906210e-02;2.531475e-01;2.427128e-02;2.611797e-02;1.703788e-02;4.702814e-02;1.930037e-02
8.080039e-02;1.537376e-01;2.873422e-01;3.349176e-02;2.623781e-02;4.687081e-02;2.212264e-01;2.830525e-02;1.781518e-02;3.795848e-02;5.150107e-02;1.471299e-02
1.167758e-01;1.065124e-01;2.028200e-01;3.586711e-02;6.134218e-02;8.963796e-02;1.792521e-01;3.155557e-02;4.231042e-02;5.736639e-02;3.932619e-02;3.723401e-02
1.153048e-01;7.853381e-02;1.583202e-01;5.583898e-02;1.044933e-01;1.062093e-01;1.443065e-01;5.624048e-02;5.943958e-02;5.093355e-02;2.028078e-02;5.009867e-02
8.214214e-02;7.247263e-02;2.195558e-01;6.914890e-02;1.349825e-01;8.739085e-02;1.125469e-01;5.859760e-02;5.171170e-02;3.628197e-02;1.974355e-02;5.542545e-02
4.084301e-02;4.864815e-02;3.200253e-01;9.078381e-02;1.392434e-01;6.906132e-02;1.117870e-01;4.657540e-02;3.507608e-02;3.245222e-02;1.693518e-02;4.856922e-02
3.814178e-02;5.973618e-02;3.323444e-01;8.717152e-02;1.189727e-01;8.024076e-02;9.595557e-02;6.265587e-02;3.006084e-02;3.627418e-02;2.572839e-02;3.271784e-02
5.138552e-02;8.976864e-02;2.506296e-01;5.227312e-02;9.882633e-02;7.465570e-02;9.662694e-02;1.058848e-01;4.735783e-02;6.361652e-02;3.635703e-02;3.261797e-02
1.096970e-01;1.316014e-01;1.372744e-01;5.473982e-02;8.811539e-02;6.702138e-02;1.066797e-01;1.126834e-01;4.608178e-02;8.366927e-02;3.112425e-02;3.131219e-02
1.164816e-01;1.506988e-01;8.582938e-02;5.711009e-02;1.116563e-01;6.931777e-02;1.159105e-01;9.666919e-02;4.922489e-02;7.361798e-02;3.691115e-02;3.657237e-02
7.466642e-02;1.200044e-01;1.006109e-01;5.555267e-02;1.166261e-01;9.081317e-02;1.722063e-01;9.061954e-02;4.776989e-02;5.235131e-02;3.006396e-02;4.871536e-02
3.209101e-02;8.529110e-02;1.430015e-01;4.408380e-02;1.175542e-01;1.177913e-01;2.312732e-01;4.850275e-02;4.218903e-02;5.096291e-02;3.166145e-02;5.559774e-02
7.129759e-02;8.458874e-02;1.383498e-01;5.016491e-02;1.099515e-01;9.289190e-02;2.256925e-01;5.051666e-02;5.748323e-02;4.787588e-02;3.733969e-02;3.384756e-02
8.686671e-02;4.481420e-02;1.059998e-01;4.383881e-02;9.380412e-02;7.880849e-02;1.695669e-01;1.221149e-01;9.630456e-02;7.732853e-02;2.698892e-02;5.356403e-02
9.622080e-02;5.773921e-02;6.697916e-02;4.282434e-02;7.829344e-02;9.546731e-02;1.186749e-01;1.519738e-01;1.121253e-01;7.793955e-02;3.870380e-02;6.305841e-02
1.099150e-01;7.834578e-02;7.763725e-02;4.420865e-02;8.142089e-02;9.702363e-02;9.751825e-02;1.474079e-01;9.404449e-02;6.860050e-02;4.524607e-02;5.863164e-02
1.270674e-01;5.216239e-02;7.760700e-02;5.252971e-02;6.705482e-02;7.555076e-02;2.303759e-01;1.083236e-01;6.526776e-02;5.968983e-02;4.532821e-02;3.904260e-02
1.113190e-01;1.030174e-01;9.345566e-02;4.205659e-02;3.673643e-02;3.916293e-02;2.557417e-01;8.066414e-02;7.115787e-02;7.872730e-02;4.483529e-02;4.312578e-02
1.351451e-01;1.078436e-01;9.312973e-02;3.927291e-02;3.161326e-02;5.576413e-02;2.211288e-01;7.400325e-02;6.372167e-02;1.005463e-01;3.358234e-02;4.424892e-02
1.694889e-01;8.250671e-02;5.639246e-02;3.497913e-02;3.016975e-02;8.112428e-02;1.471789e-01;8.276331e-02;5.504218e-02;1.503241e-01;5.307164e-02;5.695866e-02
1.854841e-01;6.072960e-02;4.188320e-02;2.971679e-02;4.308298e-02;8.846880e-02;7.534898e-02;7.448863e-02;7.007882e-02;2.061160e-01;7.336438e-02;5.123770e-02
1.241397e-01;5.125931e-02;5.221718e-02;2.885559e-02;7.220048e-02;5.428126e-02;6.970727e-02;4.878565e-02;1.871785e-01;1.566935e-01;7.498939e-02;7.969210e-02
8.289585e-02;4.129079e-02;8.318195e-02;4.639602e-02;1.070881e-01;4.479362e-02;6.004332e-02;6.483785e-02;2.074835e-01;7.786306e-02;5.776485e-02;1.263612e-01
5.058699e-02;3.450079e-02;1.439223e-01;9.008345e-02;1.333937e-01;4.789630e-02;6.865025e-02;6.899561e-02;1.446646e-01;4.276198e-02;5.480447e-02;1.197395e-01
2.021903e-02;2.855429e-02;3.104574e-01;1.252705e-01;9.420322e-02;3.966362e-02;4.769598e-02;6.945851e-02;4.333448e-02;7.692029e-02;9.767800e-02;4.654471e-02
1.473916e-02;2.211413e-02;5.002090e-01;8.252331e-02;3.967499e-02;1.663737e-02;7.262392e-02;3.717843e-02;2.166679e-02;1.121971e-01;6.070887e-02;1.972689e-02
2.246718e-02;3.200768e-02;5.154684e-01;5.658416e-02;3.423077e-02;1.388531e-02;1.022299e-01;1.263889e-02;2.938418e-02;1.348830e-01;3.213772e-02;1.408281e-02
2.704651e-02;1.853264e-02;4.725440e-01;4.370402e-02;2.473060e-02;1.227092e-02;1.036455e-01;1.360921e-02;4.380220e-02;1.912801e-01;3.638398e-02;1.245039e-02
2.455103e-02;1.532008e-02;3.972440e-01;2.437128e-02;2.293175e-02;1.924935e-02;1.114025e-01;1.712131e-02;7.808153e-02;2.367755e-01;4.454400e-02;8.407655e-03
3.585582e-02;2.615329e-02;3.452972e-01;3.347493e-02;2.789135e-02;3.049482e-02;1.036010e-01;3.906840e-02;8.464824e-02;2.090065e-01;4.880874e-02;1.569965e-02
4.455085e-02;3.681996e-02;3.128234e-01;4.543120e-02;3.550447e-02;4.202483e-02;1.149733e-01;8.576219e-02;4.718485e-02;1.457734e-01;6.867941e-02;2.047208e-02
3.611495e-02;4.096754e-02;3.319176e-01;4.740181e-02;5.486116e-02;4.972486e-02;1.235745e-01;1.046110e-01;2.758650e-02;1.066253e-01;5.399653e-02;2.261818e-02
1.991929e-02;2.702565e-02;4.195580e-01;5.859875e-02;7.984897e-02;4.169421e-02;9.263984e-02;8.966283e-02;4.965698e-02;7.430044e-02;2.667281e-02;2.042224e-02
2.350709e-02;2.447894e-02;4.576191e-01;5.772535e-02;1.013103e-01;3.535670e-02;5.097925e-02;7.306980e-02;5.289285e-02;4.404788e-02;5.100450e-02;2.800828e-02
5.131935e-02;2.033193e-02;3.287605e-01;4.588305e-02;1.072577e-01;3.557316e-02;7.401931e-02;9.591726e-02;7.285301e-02;7.665297e-02;6.454270e-02;2.688911e-02
4.733746e-02;3.132958e-02;2.013389e-01;4.607336e-02;7.601763e-02;4.734798e-02;1.206095e-01;8.236402e-02;7.375350e-02;1.515799e-01;8.043488e-02;4.181316e-02
4.233128e-02;4.616495e-02;2.681791e-01;6.175451e-02;3.562991e-02;5.933842e-02;1.165654e-01;8.089570e-02;5.983847e-02;1.474642e-01;4.354853e-02;3.828950e-02
7.655539e-02;4.368209e-02;2.961567e-01;5.574382e-02;4.889953e-02;6.044113e-02;7.574933e-02;7.162242e-02;8.691405e-02;1.018064e-01;5.635458e-02;2.607452e-02
1.072844e-01;4.328423e-02;2.834334e-01;4.548014e-02;7.939874e-02;4.408917e-02;6.417599e-02;5.659894e-02;7.074665e-02;9.302689e-02;6.507457e-02;4.740682e-02
1.130255e-01;4.904877e-02;2.760842e-01;7.107969e-02;8.165012e-02;3.895739e-02;6.177746e-02;5.313467e-02;3.920845e-02;1.193600e-01;5.181021e-02;4.486348e-02
9.503926e-02;8.007764e-02;2.459131e-01;6.346957e-02;7.084608e-02;4.927280e-02;6.508407e-02;5.383414e-02;5.056528e-02;1.039672e-01;7.323338e-02;4.869745e-02
8.166543e-02;8.635141e-02;1.338854e-01;9.345804e-02;7.814533e-02;6.740074e-02;1.125177e-01;7.322253e-02;7.011443e-02;5.572162e-02;7.400529e-02;7.351205e-02
7.117288e-02;7.329218e-02;1.103296e-01;9.348705e-02;6.781988e-02;6.004002e-02;1.144410e-01;8.547360e-02;7.400899e-02;7.294738e-02;1.002131e-01;7.677443e-02
6.879785e-02;5.745781e-02;9.586211e-02;9.171953e-02;5.866569e-02;4.749604e-02;1.205034e-01;9.579854e-02;6.814757e-02;8.380806e-02;1.253591e-01;8.638433e-02
8.198562e-02;5.726825e-02;7.017092e-02;7.585227e-02;4.988459e-02;5.503328e-02;1.234078e-01;9.593680e-02;8.353744e-02;9.438299e-02;1.370034e-01;7.553658e-02
5.830944e-02;6.889530e-02;7.103594e-02;4.824642e-02;4.718034e-02;1.003018e-01;1.028414e-01;1.034862e-01;1.493879e-01;1.133242e-01;1.027453e-01;3.424560e-02
5.250631e-02;5.903381e-02;6.284978e-02;7.105692e-02;4.526950e-02;8.761672e-02;9.564424e-02;1.050797e-01;1.678452e-01;1.186868e-01;4.076600e-02;9.364507e-02
7.872834e-02;7.191381e-02;5.329885e-02;6.290837e-02;3.608882e-02;6.165180e-02;1.377039e-01;7.472651e-02;1.494184e-01;1.279758e-01;7.965305e-02;6.593242e-02
9.244521e-02;5.986363e-02;7.519881e-02;5.455044e-02;4.259932e-02;4.045605e-02;2.889234e-01;9.429325e-02;9.389785e-02;7.177482e-02;5.921299e-02;2.678424e-02
7.409058e-02;5.875662e-02;7.102533e-02;5.188090e-02;4.975248e-02;4.762567e-02;3.146498e-01;1.007955e-01;8.623006e-02;6.292812e-02;4.936976e-02;3.289516e-02
5.989045e-02;6.145388e-02;5.880854e-02;4.253233e-02;4.855299e-02;5.470181e-02;4.091115e-01;8.100696e-02;6.814708e-02;4.933415e-02;3.871232e-02;2.774793e-02
3.575582e-02;6.204034e-02;3.768107e-02;2.377642e-02;3.643814e-02;6.668463e-02;5.827513e-01;4.592415e-02;3.789138e-02;2.796337e-02;2.567739e-02;1.741595e-02
2.020736e-02;5.471024e-02;2.326555e-02;1.026973e-02;3.283930e-02;9.221333e-02;6.289747e-01;3.780467e-02;1.742046e-02;1.431025e-02;5.611892e-02;1.186546e-02
3.250032e-02;4.306571e-02;2.739242e-02;1.856603e-02;4.747683e-02;1.370990e-01;5.137957e-01;3.601651e-02;1.682534e-02;2.756929e-02;8.171085e-02;1.798201e-02
4.568072e-02;3.344784e-02;2.212513e-02;2.281545e-02;5.751552e-02;1.663750e-01;4.702817e-01;3.134525e-02;2.233285e-02;2.949821e-02;6.707868e-02;3.150368e-02
4.139728e-02;2.937061e-02;2.998252e-02;3.881941e-02;6.455699e-02;1.720048e-01;4.878526e-01;3.290746e-02;2.210426e-02;2.158065e-02;2.746304e-02;3.196033e-02
3.352609e-02;3.752263e-02;5.801362e-02;9.335988e-02;9.070181e-02;1.498940e-01;4.088708e-01;3.010983e-02;2.292701e-02;3.082452e-02;1.711831e-02;2.713160e-02
3.132347e-02;6.315113e-02;1.014536e-01;1.548784e-01;9.711223e-02;1.009217e-01;2.752738e-01;3.567490e-02;4.140562e-02;3.851129e-02;2.818838e-02;3.210545e-02
5.110914e-02;6.131203e-02;1.187735e-01;1.443585e-01;9.260567e-02;1.090883e-01;1.817616e-01;5.271585e-02;6.485771e-02;4.896802e-02;4.236999e-02;3.207968e-02
7.072560e-02;5.306558e-02;1.109867e-01;9.542220e-02;1.073652e-01;1.023421e-01;1.835009e-01;5.475031e-02;7.394981e-02;5.788586e-02;5.590749e-02;3.409841e-02
7.027446e-02;4.724729e-02;1.246948e-01;8.508535e-02;1.331620e-01;8.507903e-02;2.007134e-01;5.694107e-02;5.079255e-02;6.639846e-02;5.022736e-02;2.938434e-02
5.198967e-02;5.542924e-02;1.013799e-01;6.742566e-02;1.201392e-01;8.689900e-02;2.268585e-01;6.263606e-02;7.578542e-02;5.944618e-02;3.381037e-02;5.820074e-02
4.727205e-02;5.834237e-02;5.125997e-02;6.064942e-02;7.209095e-02;1.114250e-01;2.600488e-01;4.505060e-02;9.296555e-02;6.547920e-02;4.993650e-02;8.547956e-02
6.347330e-02;5.353361e-02;4.809132e-02;4.533583e-02;6.005494e-02;1.247862e-01;2.970305e-01;5.361784e-02;8.499910e-02;5.134990e-02;3.441591e-02;8.331151e-02
7.933272e-02;4.381926e-02;6.365881e-02;3.957202e-02;6.724159e-02;9.909151e-02;2.799940e-01;7.059432e-02;7.597999e-02;7.082910e-02;5.336689e-02;5.651981e-02
9.109588e-02;3.433587e-02;8.239564e-02;4.544299e-02;6.085186e-02;7.385048e-02;2.614099e-01;7.071441e-02;7.586641e-02;8.919064e-02;5.431418e-02;6.053166e-02
8.491632e-02;4.592275e-02;1.476358e-01;4.205288e-02;6.230693e-02;6.825367e-02;2.332417e-01;7.636740e-02;5.070364e-02;8.527426e-02;5.163309e-02;5.169161e-02
5.068810e-02;5.450680e-02;2.057218e-01;5.765027e-02;9.275309e-02;8.526836e-02;1.861416e-01;8.287672e-02;5.460080e-02;6.017391e-02;3.552103e-02;3.409758e-02
5.060475e-02;6.531228e-02;2.321410e-01;4.930582e-02;1.106182e-01;7.538669e-02;1.546416e-01;6.925630e-02;6.237899e-02;6.158122e-02;4.538693e-02;2.338620e-02
1.157501e-01;9.424843e-02;1.949931e-01;4.303276e-02;8.731718e-02;6.787401e-02;1.564612e-01;3.630038e-02;6.257373e-02;5.446396e-02;3.673807e-02;5.024718e-02
9.417964e-02;7.267194e-02;1.685085e-01;8.628868e-02;6.901485e-02;6.881981e-02;1.486241e-01;4.380785e-02;5.474951e-02;6.664530e-02;5.141390e-02;7.527582e-02
7.254694e-02;3.617219e-02;1.642418e-01;1.204007e-01;7.332371e-02;7.425322e-02;1.563056e-01;4.793546e-02;4.020333e-02;7.553800e-02;5.932416e-02;7.975487e-02
8.489266e-02;6.340522e-02;1.510648e-01;9.989107e-02;8.024495e-02;8.182888e-02;1.597335e-01;5.411813e-02;3.432720e-02;7.257801e-02;5.006947e-02;6.784619e-02
1.329809e-01;1.091666e-01;1.753814e-01;8.803150e-02;7.706902e-02;9.472774e-02;1.182475e-01;3.330034e-02;4.090875e-02;5.186741e-02;3.720653e-02;4.111234e-02
1.320597e-01;1.061748e-01;2.093209e-01;7.267948e-02;9.141087e-02;9.770418e-02;1.058072e-01;3.638573e-02;4.288236e-02;4.130111e-02;3.072044e-02;3.355325e-02
1.064879e-01;6.685922e-02;2.686588e-01;4.599862e-02;9.129979e-02;8.215891e-02;1.252291e-01;3.936361e-02;5.405328e-02;5.593953e-02;3.332413e-02;3.062709e-02
9.466332e-02;4.626596e-02;2.712218e-01;4.809466e-02;6.994374e-02;6.312576e-02;1.108177e-01;4.968751e-02;5.668534e-02;8.955599e-02;5.996200e-02;3.997613e-02
8.154040e-02;4.029450e-02;2.206270e-01;6.511060e-02;6.968854e-02;4.283517e-02;1.262050e-01;6.366751e-02;4.986200e-02;1.044767e-01;8.878387e-02;4.690879e-02
1.000638e-01;4.986339e-02;1.336796e-01;5.608528e-02;6.709134e-02;5.182654e-02;2.083041e-01;6.758799e-02;7.156853e-02;7.551547e-02;6.253631e-02;5.587769e-02
1.074977e-01;4.221784e-02;1.293245e-01;4.615463e-02;8.177816e-02;7.914647e-02;1.930822e-01;4.700037e-02;7.719649e-02;8.267615e-02;5.404050e-02;5.988506e-02
9.765365e-02;6.855521e-02;1.385877e-01;3.501555e-02;6.000123e-02;8.398695e-02;1.937655e-01;5.940581e-02;7.001267e-02;8.830577e-02;5.575939e-02;4.895054e-02
7.416617e-02;7.189064e-02;1.331972e-01;6.278422e-02;8.496930e-02;8.301105e-02;1.040187e-01;6.621763e-02;5.242806e-02;8.307759e-02;8.609241e-02;9.814712e-02
5.899965e-02;7.642091e-02;1.020123e-01;7.451943e-02;1.073615e-01;8.165620e-02;9.272379e-02;6.773501e-02;5.053425e-02;7.124800e-02;1.160624e-01;1.007265e-01
6.751440e-02;6.972224e-02;1.149342e-01;5.959553e-02;1.050760e-01;7.464526e-02;1.174376e-01;6.917081e-02;4.038111e-02;7.183143e-02;1.206835e-01;8.900797e-02
6.817235e-02;5.248479e-02;9.611082e-02;2.937472e-02;7.998180e-02;7.617930e-02;2.974981e-01;8.326050e-02;4.517065e-02;5.678264e-02;7.590751e-02;3.907685e-02
1.051530e-01;4.836077e-02;5.645692e-02;2.121365e-02;6.719816e-02;1.093489e-01;3.786505e-01;7.685558e-02;4.480595e-02;3.232653e-02;3.272588e-02;2.690415e-02
1.404008e-01;3.365098e-02;2.495913e-02;2.114659e-02;9.334458e-02;1.677595e-01;3.554025e-01;6.142127e-02;2.661240e-02;1.868541e-02;2.140212e-02;3.521473e-02
1.479591e-01;1.896407e-02;6.311538e-02;3.205061e-02;1.712264e-01;2.070280e-01;2.295657e-01;4.567485e-02;1.384005e-02;1.832905e-02;1.806622e-02;3.418063e-02
8.178599e-02;1.425732e-02;1.280121e-01;3.786863e-02;2.698184e-01;1.638824e-01;1.181218e-01;2.842055e-02;2.114311e-02;1.730891e-02;1.466145e-02;1.047193e-01
2.354108e-02;1.247936e-02;1.570450e-01;5.481706e-02;2.754112e-01;1.138424e-01;1.492009e-01;1.960403e-02;2.248395e-02;1.006788e-02;1.784911e-02;1.436581e-01
1.780112e-02;1.217881e-02;2.184680e-01;8.232912e-02;2.403574e-01;8.537026e-02;1.458128e-01;1.684554e-02;1.423033e-02;1.119809e-02;4.085146e-02;1.145572e-01
1.551061e-02;1.746252e-02;3.644917e-01;1.139550e-01;1.749598e-01;6.324320e-02;8.763503e-02;1.876826e-02;8.611730e-03;1.330688e-02;7.166862e-02;5.038664e-02
2.428853e-02;1.423867e-02;5.324448e-01;1.137807e-01;1.082961e-01;3.804740e-02;2.434238e-02;2.892486e-02;9.500265e-03;1.216022e-02;7.551256e-02;1.846354e-02
1.898861e-02;1.166850e-02;5.967893e-01;7.950022e-02;9.795887e-02;4.331545e-02;5.974657e-02;2.134885e-02;1.027121e-02;1.991430e-02;3.154028e-02;8.957846e-03
1.714642e-02;2.456214e-02;6.105459e-01;5.506907e-02;8.355625e-02;4.841320e-02;8.696117e-02;1.209573e-02;7.521112e-03;3.043457e-02;1.872281e-02;4.971679e-03
3.036455e-02;4.702590e-02;5.785378e-01;4.846181e-02;5.388912e-02;5.101329e-02;8.480729e-02;1.072240e-02;2.118349e-02;3.741344e-02;2.840432e-02;8.176607e-03
4.746435e-02;5.290329e-02;4.725163e-01;5.129119e-02;7.097784e-02;5.774143e-02;9.120523e-02;1.914839e-02;3.753996e-02;3.546274e-02;4.007402e-02;2.367529e-02
6.385519e-02;5.167353e-02;3.017784e-01;7.115832e-02;1.019151e-01;6.326631e-02;8.522582e-02;4.273798e-02;5.156117e-02;4.770941e-02;6.671219e-02;5.240659e-02
4.609178e-02;7.024299e-02;2.879897e-01;1.015204e-01;1.091261e-01;6.420881e-02;7.247142e-02;4.864387e-02;2.848660e-02;5.190349e-02;6.368560e-02;5.562935e-02
3.310915e-02;6.924147e-02;1.836241e-01;1.067192e-01;1.358551e-01;7.848670e-02;9.115727e-02;7.071859e-02;4.223415e-02;4.779267e-02;5.929022e-02;8.177133e-02
3.565933e-02;5.214645e-02;1.998664e-01;6.783976e-02;1.195795e-01;8.773306e-02;1.332977e-01;6.271474e-02;6.693952e-02;3.405036e-02;5.924625e-02;8.092695e-02
3.353944e-02;4.205567e-02;2.966948e-01;7.256858e-02;1.096424e-01;7.473009e-02;1.545230e-01;3.780707e-02;5.011771e-02;3.726811e-02;5.376767e-02;3.728538e-02
4.604379e-02;3.197077e-02;3.251882e-01;1.192575e-01;1.099471e-01;5.874228e-02;1.261128e-01;3.313232e-02;2.503090e-02;4.128439e-02;5.965983e-02;2.363019e-02
3.274601e-02;2.006358e-02;3.568163e-01;1.825802e-01;9.813999e-02;4.320751e-02;6.384603e-02;5.743915e-02;1.646435e-02;3.806342e-02;8.045796e-02;1.017545e-02
1.576866e-02;1.453387e-02;3.294081e-01;2.428885e-01;8.856577e-02;3.284799e-02;2.561970e-02;1.155113e-01;1.479122e-02;1.721963e-02;9.596196e-02;6.883257e-03
8.034454e-03;1.651064e-02;2.544935e-01;2.625689e-01;9.924280e-02;3.277969e-02;2.592460e-02;1.729896e-01;2.392935e-02;1.082175e-02;8.763005e-02;5.074621e-03
9.994715e-03;1.924005e-02;2.544000e-01;2.624976e-01;1.115926e-01;2.514991e-02;1.847606e-02;1.841545e-01;2.221772e-02;1.357177e-02;7.222221e-02;6.482957e-03
1.967935e-02;3.201723e-02;2.542157e-01;2.568583e-01;1.473954e-01;2.676343e-02;2.390350e-02;1.276215e-01;2.020199e-02;1.345416e-02;5.882536e-02;1.906409e-02
2.461014e-02;4.014235e-02;3.313955e-01;1.965807e-01;1.472526e-01;3.430394e-02;3.090753e-02;5.356449e-02;3.857729e-02;2.065250e-02;4.838657e-02;3.362637e-02
2.697571e-02;3.993661e-02;4.301246e-01;1.316901e-01;1.055145e-01;3.400290e-02;3.650952e-02;4.040153e-02;3.999468e-02;3.085316e-02;5.019650e-02;3.380023e-02
5.152383e-02;5.221862e-02;4.484237e-01;8.975614e-02;7.113041e-02;3.443877e-02;4.000747e-02;4.153680e-02;4.201144e-02;3.595256e-02;5.577755e-02;3.722277e-02
5.636701e-02;5.819819e-02;3.664080e-01;9.654906e-02;5.284537e-02;2.847891e-02;7.339009e-02;6.198484e-02;6.431827e-02;3.469330e-02;5.958574e-02;4.718127e-02
4.233243e-02;7.542723e-02;2.309083e-01;1.417842e-01;7.339804e-02;5.346881e-02;1.190601e-01;6.529775e-02;5.450941e-02;3.762975e-02;4.617102e-02;6.001302e-02
7.201089e-02;4.442386e-02;2.295966e-01;1.677938e-01;1.041870e-01;6.709623e-02;7.156887e-02;5.404120e-02;6.699183e-02;4.738409e-02;3.489773e-02;4.000787e-02
8.389600e-02;4.178431e-02;2.762995e-01;1.535643e-01;1.012830e-01;5.747974e-02;5.832101e-02;6.200825e-02;5.500669e-02;3.493781e-02;4.607674e-02;2.934262e-02
7.546233e-02;5.237221e-02;2.325266e-01;1.174033e-01;9.486180e-02;4.720836e-02;8.549611e-02;6.861895e-02;3.721209e-02;4.514778e-02;5.626392e-02;8.742657e-02
9.333670e-02;9.447060e-02;2.083394e-01;1.030538e-01;1.034817e-01;4.695810e-02;5.874396e-02;4.585646e-02;3.567686e-02;5.102095e-02;5.293231e-02;1.061291e-01
9.718291e-02;1.133223e-01;2.162926e-01;7.828722e-02;9.823342e-02;4.139337e-02;5.449810e-02;8.664777e-02;3.248036e-02;7.409545e-02;3.751131e-02;7.005523e-02
8.346494e-02;9.965010e-02;1.697591e-01;8.943118e-02;9.164685e-02;5.457878e-02;6.414550e-02;1.010624e-01;5.399308e-02;9.117348e-02;4.049202e-02;6.060253e-02
3.552070e-02;8.296437e-02;1.346673e-01;1.042168e-01;9.562818e-02;6.806313e-02;6.945270e-02;7.740128e-02;9.386034e-02;1.226738e-01;5.996485e-02;5.558654e-02
4.281444e-02;9.383755e-02;9.599894e-02;1.161866e-01;7.340939e-02;6.251240e-02;8.454646e-02;8.639618e-02;5.600458e-02;1.089916e-01;4.731307e-02;1.319887e-01
6.838238e-02;8.334218e-02;8.878802e-02;1.387716e-01;6.797767e-02;8.239170e-02;9.074292e-02;7.747317e-02;4.120914e-02;7.305092e-02;6.431371e-02;1.235566e-01
8.679806e-02;6.294090e-02;8.719566e-02;1.401657e-01;9.695262e-02;8.934427e-02;6.939629e-02;8.357852e-02;4.820446e-02;6.926063e-02;7.271321e-02;9.344971e-02
1.482870e-01;4.805539e-02;9.131070e-02;1.020043e-01;8.583968e-02;5.772574e-02;1.156124e-01;9.054858e-02;6.656037e-02;7.398770e-02;5.242737e-02;6.764069e-02
1.850488e-01;1.469211e-01;1.354088e-01;3.870290e-02;3.135385e-02;2.876137e-02;1.723612e-01;6.202825e-02;4.772707e-02;6.106187e-02;5.080116e-02;3.982355e-02
1.575772e-01;1.848716e-01;1.525912e-01;3.052532e-02;2.457354e-02;2.873701e-02;1.998054e-01;4.363832e-02;4.668757e-02;4.766901e-02;4.977445e-02;3.354926e-02
1.211759e-01;2.155311e-01;1.610986e-01;2.207073e-02;2.043244e-02;3.097017e-02;2.586176e-01;2.802233e-02;4.075492e-02;3.226525e-02;4.246790e-02;2.659308e-02
6.717241e-02;2.237967e-01;1.515171e-01;1.101971e-02;1.784984e-02;3.616858e-02;3.602786e-01;2.848507e-02;3.216956e-02;2.196682e-02;3.581386e-02;1.376178e-02
3.118528e-02;2.050847e-01;1.112045e-01;1.315217e-02;2.444079e-02;3.611128e-02;4.437047e-01;3.766120e-02;3.549009e-02;1.473593e-02;3.825307e-02;8.976280e-03
2.122587e-02;1.879199e-01;6.432263e-02;1.862176e-02;3.796209e-02;3.166201e-02;4.907485e-01;4.894040e-02;3.214839e-02;1.567979e-02;4.146473e-02;9.303885e-03
1.397331e-02;1.579324e-01;5.357662e-02;2.173654e-02;6.612523e-02;3.049890e-02;5.080744e-01;5.659049e-02;3.115347e-02;1.724432e-02;3.381047e-02;9.283835e-03
1.691227e-02;1.048900e-01;5.121457e-02;1.944212e-02;1.030426e-01;2.678601e-02;4.924973e-01;1.067313e-01;2.106717e-02;1.841415e-02;2.823499e-02;1.076754e-02
2.477997e-02;5.017613e-02;5.046134e-02;3.322444e-02;9.866185e-02;1.955996e-02;4.946910e-01;1.613894e-01;2.060026e-02;1.955097e-02;1.795357e-02;8.951163e-03
1.994221e-02;3.388720e-02;4.824533e-02;4.282100e-02;7.492048e-02;2.310961e-02;5.092254e-01;1.736992e-01;2.762688e-02;2.547150e-02;1.268912e-02;8.362053e-03
1.284539e-02;2.528930e-02;3.682337e-02;3.526886e-02;5.858651e-02;2.369409e-02;5.597427e-01;1.738146e-01;2.458937e-02;3.201281e-02;7.306001e-03;1.002711e-02
9.904999e-03;2.795397e-02;2.897132e-02;3.095608e-02;5.254729e-02;3.349518e-02;5.936081e-01;1.601195e-01;2.421352e-02;2.027933e-02;5.729306e-03;1.222154e-02
1.785492e-02;6.710812e-02;2.701837e-02;4.201746e-02;3.902635e-02;5.661058e-02;5.859966e-01;9.703650e-02;2.399817e-02;1.456347e-02;1.357800e-02;1.519145e-02
1.999449e-02;8.790977e-02;2.284024e-02;3.418310e-02;4.512410e-02;7.541434e-02;6.071526e-01;3.772794e-02;2.932026e-02;1.669543e-02;1.310533e-02;1.053239e-02
2.216380e-02;5.644365e-02;1.742370e-02;4.464253e-02;6.850202e-02;1.103388e-01;5.963877e-01;3.477735e-02;1.973156e-02;1.322393e-02;9.478372e-03;6.886473e-03
2.522971e-02;2.262077e-02;2.451675e-02;7.193613e-02;7.825127e-02;1.544152e-01;5.331021e-01;3.806714e-02;1.449137e-02;1.935678e-02;8.807327e-03;9.205477e-03
1.783881e-02;2.466597e-02;5.060212e-02;6.355284e-02;1.075668e-01;1.624322e-01;4.558066e-01;4.267764e-02;2.423956e-02;2.786080e-02;1.101921e-02;1.173749e-02
1.878139e-02;3.282963e-02;9.516571e-02;5.222411e-02;1.393787e-01;1.049391e-01;4.186704e-01;5.157340e-02;3.029553e-02;2.250231e-02;1.813353e-02;1.550621e-02
2.350308e-02;5.596573e-02;8.647535e-02;4.739945e-02;1.197682e-01;7.284048e-02;4.249500e-01;6.734342e-02;4.186756e-02;1.688475e-02;2.311215e-02;1.988992e-02
3.482929e-02;5.713745e-02;7.979237e-02;3.516377e-02;8.435377e-02;9.415355e-02;4.055750e-01;8.198623e-02;5.424767e-02;2.357760e-02;2.843110e-02;2.075221e-02
3.893396e-02;4.114917e-02;8.058766e-02;5.142447e-02;7.686255e-02;1.013816e-01;3.344316e-01;8.895560e-02;7.315093e-02;4.872067e-02;3.613518e-02;2.826664e-02
5.179759e-02;4.644621e-02;9.943736e-02;9.389435e-02;1.016196e-01;1.064272e-01;2.160115e-01;7.762117e-02;7.663442e-02;5.401774e-02;3.884076e-02;3.725218e-02
6.496166e-02;4.624020e-02;8.107132e-02;6.611807e-02;1.056138e-01;1.208252e-01;3.149146e-01;4.176149e-02;5.949552e-02;4.630744e-02;2.413177e-02;2.855899e-02
6.270532e-02;4.537195e-02;5.692897e-02;6.037514e-02;1.146674e-01;1.430173e-01;3.299529e-01;4.809678e-02;4.844971e-02;4.883173e-02;2.032174e-02;2.128109e-02
7.429412e-02;4.146867e-02;9.295738e-02;6.397082e-02;1.160217e-01;1.457475e-01;2.733935e-01;6.400933e-02;3.501563e-02;4.264386e-02;2.331236e-02;2.716527e-02
6.385376e-02;3.042565e-02;9.713106e-02;5.136382e-02;7.519115e-02;1.069334e-01;4.088756e-01;6.471172e-02;1.951159e-02;3.494066e-02;2.645113e-02;2.061052e-02
5.345976e-02;2.838400e-02;8.507948e-02;4.015180e-02;4.833601e-02;7.915676e-02;4.583471e-01;6.090946e-02;2.697149e-02;4.861524e-02;3.669468e-02;3.389424e-02
5.819014e-02;3.386133e-02;7.231195e-02;2.538721e-02;6.083784e-02;7.444014e-02;3.908611e-01;8.830591e-02;4.106879e-02;6.938149e-02;4.881100e-02;3.654308e-02
7.171924e-02;4.935250e-02;1.060166e-01;3.529757e-02;7.299440e-02;9.007867e-02;2.337677e-01;1.014271e-01;7.547617e-02;6.487895e-02;5.273390e-02;4.625725e-02
9.459090e-02;5.037289e-02;1.194775e-01;4.019770e-02;5.050007e-02;1.021097e-01;2.244764e-01;6.823187e-02;8.291628e-02;4.778023e-02;5.397650e-02;6.536999e-02
8.260981e-02;4.230555e-02;1.221569e-01;5.095307e-02;4.170847e-02;1.143997e-01;2.467102e-01;4.089711e-02;9.572335e-02;5.015553e-02;5.668356e-02;5.569665e-02
7.341804e-02;3.318377e-02;1.205926e-01;6.082525e-02;5.235905e-02;1.080810e-01;2.561533e-01;5.490160e-02;9.569862e-02;4.380947e-02;5.843305e-02;4.254410e-02
8.252292e-02;5.735367e-02;1.307781e-01;5.857216e-02;6.751382e-02;8.797221e-02;2.083704e-01;7.292467e-02;8.647832e-02;5.375016e-02;5.465496e-02;3.910865e-02
