2.879686e-02;1.281178e-01;1.197461e-01;7.996556e-02;6.509887e-02;6.976335e-02;1.469678e-01;4.969975e-02;9.620133e-02;8.252852e-02;7.717536e-02;5.593872e-02
6.908235e-02;1.245487e-01;1.027358e-01;6.105571e-02;6.131243e-02;6.703850e-02;1.377282e-01;7.477966e-02;1.135933e-01;8.678237e-02;4.359877e-02;5.774419e-02
0;0;0;0;0;0;0;0;0;0;0;0
7.013775e-02;6.745920e-02;9.139197e-02;8.679122e-02;8.239698e-02;8.494462e-02;1.142251e-01;7.083336e-02;1.124632e-01;8.701966e-02;7.833991e-02;5.399701e-02
1.053299e-01;8.875433e-02;9.399997e-02;1.092336e-01;6.624345e-02;9.340256e-02;7.521098e-02;7.065584e-02;8.307946e-02;7.207017e-02;5.762454e-02;8.439519e-02
8.562596e-02;9.500848e-02;1.162798e-01;9.743042e-02;9.707009e-02;5.968839e-02;1.142904e-01;6.896354e-02;7.266871e-02;6.621089e-02;4.670203e-02;8.006135e-02
5.788687e-02;1.001673e-01;1.383954e-01;9.499685e-02;9.781896e-02;5.548496e-02;1.117341e-01;6.789503e-02;1.079170e-01;6.326684e-02;4.115332e-02;6.328331e-02
6.429096e-02;1.102700e-01;1.422039e-01;9.600610e-02;7.436039e-02;7.675028e-02;8.773360e-02;1.010966e-01;1.007356e-01;4.272925e-02;5.132353e-02;5.249982e-02
9.419823e-02;9.064862e-02;1.209220e-01;6.748778e-02;8.417080e-02;8.803845e-02;9.302929e-02;1.031383e-01;9.928732e-02;4.930671e-02;7.710970e-02;3.266278e-02
1.052583e-01;5.442435e-02;1.372859e-01;5.604557e-02;7.448779e-02;5.438287e-02;1.238013e-01;7.373540e-02;1.058734e-01;9.313478e-02;7.981281e-02;4.175741e-02
8.611073e-02;7.117185e-02;1.465734e-01;6.648894e-02;7.996444e-02;5.062209e-02;1.039153e-01;5.628118e-02;1.292287e-01;8.182942e-02;6.256570e-02;6.524818e-02
5.810124e-02;1.021731e-01;1.183516e-01;9.611413e-02;8.989479e-02;6.653833e-02;1.005322e-01;7.115678e-02;1.403206e-01;6.426371e-02;4.749312e-02;4.506030e-02
6.381941e-02;8.166820e-02;1.088821e-01;1.499550e-01;7.134846e-02;7.428611e-02;8.094802e-02;6.098622e-02;1.135389e-01;8.957903e-02;3.331591e-02;7.167273e-02
5.019235e-02;6.267694e-02;1.170804e-01;1.151718e-01;4.612625e-02;5.057978e-02;8.363577e-02;6.859019e-02;1.335631e-01;2.178847e-01;2.355707e-02;3.094161e-02
2.921565e-02;6.576449e-02;1.725765e-01;5.446617e-02;4.851090e-02;6.198283e-02;1.047702e-01;8.056033e-02;1.747779e-01;1.799319e-01;1.247623e-02;1.496684e-02
3.388505e-02;6.407170e-02;1.690319e-01;5.705688e-02;5.619730e-02;4.191614e-02;1.629899e-01;1.044566e-01;1.239503e-01;1.500280e-01;1.642738e-02;1.998878e-02
3.403630e-02;4.751103e-02;1.509821e-01;5.790283e-02;5.791003e-02;4.244756e-02;2.262774e-01;1.336039e-01;8.223137e-02;1.262080e-01;1.903779e-02;2.185182e-02
3.265343e-02;4.836524e-02;1.590157e-01;6.124572e-02;6.384964e-02;3.762290e-02;2.428275e-01;1.511210e-01;5.860905e-02;1.003714e-01;1.650022e-02;2.781827e-02
2.620334e-02;5.039318e-02;1.869302e-01;6.582651e-02;5.532074e-02;3.782534e-02;2.117821e-01;1.616239e-01;7.721844e-02;8.282349e-02;1.057875e-02;3.347404e-02
2.983516e-02;4.568134e-02;1.570290e-01;8.443719e-02;2.911098e-02;4.940642e-02;1.095264e-01;1.493466e-01;1.930466e-01;7.920980e-02;5.227031e-03;6.814352e-02
3.081163e-02;3.042176e-02;1.360767e-01;1.266326e-01;1.703263e-02;3.162496e-02;5.458293e-02;1.340485e-01;2.853679e-01;6.456797e-02;5.043830e-03;8.378860e-02
2.729126e-02;1.367603e-02;1.392146e-01;1.429224e-01;8.564356e-03;2.878085e-02;6.241786e-02;1.782357e-01;2.903963e-01;4.037765e-02;4.316750e-03;6.380623e-02
1.348968e-02;1.390627e-02;1.331820e-01;1.039085e-01;9.501426e-03;4.656586e-02;1.524724e-01;2.180866e-01;2.291036e-01;2.042940e-02;3.504443e-03;5.584994e-02
7.046839e-03;1.860496e-02;1.067510e-01;7.086439e-02;1.777971e-02;6.502509e-02;2.564822e-01;1.926868e-01;1.905396e-01;1.816893e-02;4.825071e-03;5.122547e-02
1.580345e-02;1.914911e-02;7.742607e-02;8.702886e-02;4.364791e-02;9.455220e-02;2.984269e-01;9.201089e-02;1.986503e-01;1.857918e-02;3.850609e-03;5.087456e-02
2.064896e-02;1.617253e-02;1.312878e-01;1.092221e-01;8.899824e-02;9.198995e-02;1.478288e-01;1.627808e-01;1.451298e-01;2.508630e-02;1.204430e-02;4.881039e-02
1.968931e-02;1.483883e-02;1.946028e-01;8.494075e-02;1.215635e-01;9.559564e-02;8.742881e-02;1.921349e-01;1.006921e-01;2.897450e-02;9.214991e-03;5.032385e-02
2.621610e-02;3.653439e-02;1.053426e-01;2.769308e-02;9.214525e-02;9.038388e-02;2.858472e-01;1.489640e-01;1.370165e-01;2.585328e-02;8.140157e-03;1.586362e-02
2.223806e-02;6.547450e-02;5.407376e-02;2.547945e-02;4.896102e-02;6.926849e-02;3.846027e-01;1.359282e-01;1.308790e-01;3.851433e-02;1.088872e-02;1.369169e-02
9.951442e-03;5.873449e-02;1.231428e-01;1.817713e-02;2.244991e-02;3.162095e-02;3.027437e-01;2.312839e-01;1.095411e-01;6.955518e-02;7.101386e-03;1.569802e-02
7.777728e-03;3.341465e-02;1.561434e-01;1.576755e-02;9.286077e-03;1.957440e-02;1.980628e-01;3.223375e-01;1.288870e-01;8.677956e-02;2.795890e-03;1.917345e-02
3.825021e-03;1.529246e-02;1.233097e-01;3.563433e-02;7.190584e-03;2.321879e-02;1.500248e-01;3.201118e-01;2.270752e-01;7.232942e-02;5.162765e-03;1.682508e-02
8.334306e-03;9.974878e-03;6.366040e-02;5.184561e-02;6.094366e-03;1.878329e-02;1.777701e-01;2.780792e-01;3.234549e-01;4.504312e-02;4.984049e-03;1.197581e-02
6.099945e-03;7.855799e-03;2.612796e-02;4.727594e-02;2.051258e-03;2.047870e-02;2.747855e-01;2.692802e-01;2.801614e-01;4.073710e-02;4.332633e-03;2.081353e-02
3.535473e-03;7.347499e-03;6.092516e-02;3.512356e-02;1.236166e-02;3.701987e-02;3.996814e-01;2.197425e-01;1.572508e-01;3.443977e-02;5.373421e-03;2.719886e-02
4.294446e-03;9.599919e-03;7.698048e-02;2.972828e-02;4.202968e-02;6.812640e-02;4.760709e-01;1.394685e-01;9.154493e-02;2.716809e-02;5.743738e-03;2.924472e-02
8.462305e-03;1.239556e-02;1.074056e-01;4.467390e-02;1.203832e-01;1.165616e-01;3.736463e-01;8.895700e-02;6.232329e-02;2.466406e-02;8.588181e-03;3.193892e-02
1.034942e-02;1.516149e-02;9.803993e-02;4.152912e-02;1.502779e-01;1.318200e-01;3.421469e-01;9.548948e-02;4.678322e-02;3.805603e-02;1.220630e-02;1.814013e-02
1.546109e-02;1.416413e-02;4.225425e-02;1.087244e-02;5.043074e-02;7.787210e-02;5.785040e-01;1.335848e-01;3.840186e-02;1.973309e-02;1.089650e-02;7.824978e-03
1.212963e-02;1.437439e-02;3.406524e-02;6.508940e-03;2.033133e-02;3.296404e-02;6.179768e-01;2.045538e-01;3.207046e-02;1.124441e-02;8.270225e-03;5.510684e-03
5.627624e-03;1.646600e-02;3.361805e-02;5.257248e-03;8.246364e-03;1.374195e-02;6.368998e-01;2.409142e-01;1.776550e-02;8.337275e-03;6.946457e-03;6.179549e-03
3.800256e-03;2.404105e-02;1.802211e-02;4.139875e-03;1.118798e-02;2.232834e-02;6.727927e-01;2.110104e-01;1.450822e-02;5.594238e-03;5.700020e-03;6.874829e-03
4.165564e-03;3.231387e-02;1.201197e-02;1.778537e-03;9.220581e-03;2.925511e-02;7.184340e-01;1.677803e-01;8.550881e-03;4.053353e-03;6.115946e-03;6.319824e-03
3.736150e-03;4.019137e-02;5.520694e-03;2.019150e-03;1.253412e-02;3.147271e-02;7.539514e-01;1.310696e-01;5.398817e-03;3.653183e-03;6.864310e-03;3.588389e-03
3.345162e-03;4.517010e-02;5.479695e-03;2.310646e-03;1.088656e-02;2.995712e-02;7.799389e-01;1.015119e-01;8.393126e-03;4.060041e-03;6.944218e-03;2.002506e-03
2.001429e-03;4.357519e-02;6.574627e-03;2.657510e-03;1.112721e-02;3.265234e-02;7.931344e-01;8.294906e-02;8.290689e-03;3.230008e-03;1.135422e-02;2.453300e-03
4.283028e-03;3.617419e-02;5.644334e-03;3.600833e-03;1.446161e-02;4.129189e-02;7.802914e-01;7.990575e-02;1.553121e-02;3.398854e-03;1.357736e-02;1.839502e-03
3.867449e-03;2.796605e-02;1.026949e-02;3.744639e-03;1.106681e-02;3.654625e-02;7.740530e-01;9.161699e-02;1.705553e-02;7.555628e-03;1.379688e-02;2.461259e-03
4.041004e-03;2.428502e-02;1.143083e-02;3.067124e-03;2.531567e-02;4.805280e-02;7.539759e-01;8.029278e-02;2.565246e-02;9.395271e-03;1.236682e-02;2.124314e-03
5.428413e-03;2.110618e-02;1.146874e-02;5.725618e-03;5.834075e-02;9.426690e-02;7.036119e-01;4.243920e-02;2.611907e-02;2.049875e-02;9.283762e-03;1.710682e-03
5.348183e-03;1.326078e-02;1.584683e-02;7.614336e-03;9.440450e-02;1.274556e-01;6.368611e-01;3.737422e-02;2.223713e-02;3.140878e-02;6.135322e-03;2.053108e-03
7.471246e-03;1.742058e-02;1.608865e-02;7.991755e-03;1.411657e-01;1.575001e-01;5.450879e-01;4.680799e-02;1.599862e-02;3.031317e-02;1.063161e-02;3.522659e-03
1.240479e-02;2.704897e-02;2.952132e-02;9.730279e-03;1.867269e-01;1.920156e-01;4.601152e-01;3.458541e-02;1.454168e-02;1.930875e-02;9.157753e-03;4.843279e-03
8.692830e-03;2.738580e-02;3.781904e-02;1.216730e-02;1.728774e-01;1.674870e-01;5.097098e-01;2.307536e-02;8.391057e-03;1.900795e-02;7.788650e-03;5.597833e-03
3.451011e-02;2.348687e-02;4.869877e-02;1.454067e-02;1.483797e-01;1.752646e-01;4.745975e-01;2.481964e-02;9.888711e-03;2.674137e-02;1.070939e-02;8.362716e-03
6.264032e-02;2.524309e-02;3.102992e-02;1.226050e-02;1.126152e-01;1.961407e-01;4.518749e-01;2.926922e-02;1.110473e-02;4.514100e-02;1.152533e-02;1.115509e-02
8.443313e-02;2.409812e-02;1.686287e-02;1.042553e-02;9.735158e-02;2.363953e-01;4.344626e-01;1.972865e-02;5.449061e-03;5.656385e-02;8.021904e-03;6.207428e-03
9.874731e-02;9.479376e-03;9.276628e-03;9.038351e-03;1.144827e-01;2.939507e-01;3.878271e-01;1.822624e-02;3.640782e-03;4.516660e-02;6.057892e-03;4.106401e-03
9.662157e-02;5.237631e-03;1.761327e-02;6.618900e-03;1.547118e-01;3.150344e-01;3.393798e-01;1.979521e-02;1.014181e-02;1.899895e-02;3.565529e-03;1.228110e-02
7.053193e-02;5.267269e-03;3.575920e-02;1.046391e-02;2.403912e-01;2.884772e-01;2.629207e-01;1.282516e-02;2.150132e-02;8.666745e-03;4.700633e-03;3.849473e-02
3.223940e-02;6.484122e-03;6.349748e-02;2.527721e-02;3.268813e-01;2.284537e-01;1.814738e-01;8.384867e-03;3.412272e-02;7.139435e-03;6.095345e-03;7.995059e-02
2.947175e-02;6.295947e-03;6.049160e-02;3.403139e-02;3.806002e-01;1.775318e-01;1.270327e-01;8.036749e-03;4.196830e-02;8.646230e-03;6.240930e-03;1.196523e-01
3.001825e-02;3.880777e-03;4.938231e-02;4.359007e-02;4.241142e-01;1.291135e-01;8.355372e-02;7.106668e-03;4.751145e-02;6.431417e-03;7.848372e-03;1.674494e-01
2.118304e-02;5.262909e-03;6.058433e-02;5.146112e-02;4.109625e-01;9.538536e-02;5.407123e-02;9.298865e-03;6.711593e-02;7.406769e-03;8.336026e-03;2.089319e-01
1.390313e-02;5.533637e-03;7.772083e-02;6.843568e-02;3.632861e-01;7.675350e-02;2.361402e-02;4.496003e-03;8.346952e-02;9.499027e-03;1.093819e-02;2.623504e-01
1.489138e-02;7.414145e-03;7.528092e-02;7.584025e-02;2.777972e-01;6.715429e-02;5.500529e-02;9.888901e-03;6.226457e-02;1.322210e-02;2.133558e-02;3.199054e-01
2.499894e-02;3.001863e-02;6.141572e-02;9.044225e-02;2.133313e-01;5.044231e-02;4.433092e-02;1.285618e-02;3.532490e-02;4.012245e-02;3.502603e-02;3.616904e-01
3.006446e-02;8.824202e-02;8.255406e-02;1.271815e-01;1.615899e-01;3.042168e-02;3.900293e-02;1.561588e-02;3.163221e-02;6.941273e-02;6.004360e-02;2.642391e-01
2.066962e-02;1.247759e-01;1.311953e-01;1.889675e-01;1.371310e-01;3.499474e-02;3.803851e-02;3.884404e-02;3.414693e-02;7.740693e-02;7.752439e-02;9.630510e-02
1.204089e-02;1.104623e-01;1.685233e-01;2.245353e-01;1.404768e-01;4.829075e-02;3.325299e-02;6.861346e-02;3.365950e-02;5.322946e-02;8.230773e-02;2.460742e-02
7.882730e-03;6.260044e-02;2.009711e-01;2.207754e-01;9.157271e-02;1.194755e-01;5.822511e-02;9.221798e-02;3.677301e-02;2.516867e-02;7.020843e-02;1.412888e-02
4.600804e-03;3.383753e-02;2.464681e-01;1.947912e-01;6.452344e-02;1.628976e-01;6.581907e-02;1.044712e-01;3.207435e-02;2.450027e-02;5.736974e-02;8.646620e-03
7.767490e-03;2.627611e-02;2.944362e-01;1.686005e-01;5.763415e-02;1.646505e-01;4.561456e-02;1.114177e-01;2.635644e-02;3.993190e-02;4.680069e-02;1.051381e-02
1.038826e-02;1.468850e-02;3.641779e-01;1.367799e-01;5.453704e-02;1.444383e-01;2.847987e-02;1.015807e-01;5.057854e-02;3.918580e-02;3.955161e-02;1.561353e-02
1.255180e-02;1.387418e-02;4.665809e-01;8.971491e-02;5.871950e-02;6.850005e-02;2.120649e-02;1.064261e-01;6.987678e-02;3.580211e-02;3.862087e-02;1.812631e-02
1.095144e-02;1.758930e-02;5.418013e-01;8.116749e-02;7.214261e-02;6.445611e-02;2.399156e-02;7.324567e-02;4.348099e-02;2.558037e-02;3.658957e-02;9.003630e-03
5.691867e-03;1.230070e-02;5.815479e-01;9.997973e-02;8.410135e-02;7.427462e-02;2.201130e-02;2.462779e-02;3.283449e-02;2.390909e-02;3.268802e-02;6.033116e-03
8.739130e-03;1.839356e-02;6.188737e-01;7.008696e-02;8.707364e-02;4.781289e-02;3.485085e-02;1.505928e-02;4.001586e-02;2.916154e-02;2.201817e-02;7.914431e-03
1.674102e-02;3.146747e-02;6.244610e-01;5.362865e-02;7.417933e-02;3.095126e-02;3.124419e-02;1.548599e-02;5.706074e-02;4.125256e-02;1.580357e-02;7.724246e-03
3.241274e-02;4.964898e-02;4.607101e-01;7.442570e-02;8.068454e-02;4.501313e-02;5.013472e-02;2.456699e-02;8.610644e-02;5.025370e-02;3.144304e-02;1.459994e-02
2.603316e-02;3.422599e-02;4.016187e-01;7.924099e-02;1.099330e-01;6.343881e-02;6.196949e-02;3.893441e-02;7.285283e-02;4.833044e-02;3.742980e-02;2.599234e-02
7.753463e-03;1.609509e-02;5.965592e-01;6.227180e-02;8.690928e-02;4.119081e-02;3.039136e-02;3.523008e-02;4.517005e-02;3.474483e-02;2.500588e-02;1.867821e-02
1.436823e-02;1.985067e-02;5.687578e-01;5.967850e-02;1.009329e-01;4.382321e-02;2.042800e-02;4.553906e-02;4.328103e-02;4.263029e-02;1.807225e-02;2.263804e-02
2.348784e-02;2.233867e-02;3.165414e-01;5.996963e-02;1.289258e-01;9.102578e-02;8.457226e-02;7.035412e-02;7.190473e-02;6.674591e-02;3.572325e-02;2.841059e-02
2.985284e-02;1.994716e-02;1.610933e-01;4.217884e-02;8.183905e-02;8.164947e-02;1.024204e-01;1.322104e-01;1.692862e-01;1.019949e-01;3.983153e-02;3.769589e-02
3.694851e-02;1.704046e-02;1.004961e-01;3.173935e-02;4.517610e-02;8.597580e-02;1.303278e-01;1.358169e-01;2.316153e-01;1.291653e-01;4.036749e-02;1.533100e-02
3.382651e-02;1.943910e-02;6.318463e-02;1.669501e-02;4.143114e-02;1.350468e-01;1.070797e-01;1.410298e-01;2.034115e-01;1.941419e-01;2.957608e-02;1.513778e-02
1.835294e-02;1.684559e-02;2.860728e-02;1.334699e-02;3.734099e-02;8.240737e-02;1.993331e-01;1.949773e-01;1.703610e-01;2.131399e-01;1.069827e-02;1.458921e-02
7.205658e-03;5.505278e-03;1.489606e-02;1.087443e-02;3.742598e-02;2.950653e-02;1.553742e-01;2.779093e-01;1.879805e-01;2.512769e-01;9.410265e-03;1.263487e-02
8.525829e-03;5.206074e-03;1.707989e-02;1.001683e-02;4.649331e-02;2.482416e-02;8.710087e-02;3.439170e-01;2.039299e-01;2.309750e-01;9.031053e-03;1.290003e-02
1.050199e-02;7.740853e-03;2.082121e-02;6.035262e-03;5.093344e-02;6.053183e-02;1.207815e-01;4.162705e-01;1.411262e-01;1.482755e-01;4.304880e-03;1.267678e-02
8.588806e-03;9.037327e-03;1.572519e-02;9.478548e-03;5.235872e-02;9.516028e-02;1.899673e-01;3.591057e-01;7.218001e-02;1.748777e-01;5.371525e-03;8.148905e-03
7.748398e-03;1.324682e-02;2.048365e-02;1.584981e-02;3.390148e-02;9.960108e-02;1.571593e-01;3.110213e-01;1.017128e-01;2.252061e-01;6.012886e-03;8.056370e-03
1.236378e-02;1.001249e-02;1.655972e-02;2.303616e-02;5.324821e-02;9.234285e-02;1.939342e-01;3.240017e-01;7.705301e-02;1.804007e-01;7.234507e-03;9.812629e-03
9.171532e-03;8.971913e-03;1.361262e-02;2.827529e-02;9.517471e-02;9.856570e-02;2.008490e-01;3.030609e-01;1.206093e-01;1.069146e-01;6.835503e-03;7.958957e-03
6.288180e-03;3.525086e-03;3.135520e-02;1.951594e-02;7.164658e-02;8.363962e-02;2.640031e-01;2.133282e-01;2.160399e-01;8.022331e-02;5.510656e-03;4.924164e-03
4.120200e-03;6.024464e-03;3.231759e-02;8.087803e-03;4.565850e-02;1.175684e-01;2.928093e-01;2.630026e-01;1.523198e-01;6.988388e-02;2.717482e-03;5.489933e-03
6.543490e-03;1.346915e-02;2.483024e-02;1.301198e-02;4.269612e-02;9.351062e-02;2.312244e-01;3.030267e-01;7.512946e-02;1.811166e-01;6.421089e-03;9.020186e-03
1.234328e-02;9.173612e-03;1.299398e-02;1.164633e-02;4.505510e-02;8.348893e-02;7.455282e-02;4.855615e-01;6.152807e-02;1.926779e-01;4.118868e-03;6.859522e-03
1.458387e-02;9.086241e-03;2.027616e-02;2.327986e-02;4.283061e-02;1.480589e-01;8.450025e-02;4.909631e-01;6.016483e-02;9.614472e-02;6.501562e-03;3.609939e-03
1.390776e-02;8.648065e-03;2.896862e-02;5.723193e-02;1.137489e-01;1.793054e-01;1.271732e-01;2.886280e-01;9.837960e-02;7.391699e-02;6.605522e-03;3.486014e-03
1.202410e-02;9.252678e-03;2.048099e-02;6.090251e-02;1.457428e-01;2.113178e-01;1.568813e-01;1.213935e-01;1.771133e-01;7.808064e-02;4.695358e-03;2.114915e-03
1.327663e-02;8.848857e-03;2.061184e-02;5.276487e-02;8.826286e-02;1.862622e-01;1.784691e-01;2.502450e-01;1.339006e-01;5.652578e-02;7.203923e-03;3.628405e-03
9.099825e-03;1.081640e-02;2.337407e-02;4.876166e-02;3.268163e-02;1.979837e-01;1.755831e-01;3.246275e-01;6.273557e-02;9.979125e-02;8.664804e-03;5.880470e-03
6.352837e-03;6.418196e-03;2.808006e-02;2.209992e-02;6.135327e-02;2.356469e-01;1.850431e-01;1.790442e-01;9.444282e-02;1.646580e-01;8.801742e-03;8.058959e-03
7.981800e-03;5.930786e-03;3.058185e-02;2.452588e-02;7.790437e-02;2.457232e-01;2.369664e-01;1.264987e-01;9.946845e-02;1.282203e-01;8.147762e-03;8.050456e-03
1.168225e-02;1.148684e-02;3.170426e-02;3.060326e-02;9.519994e-02;2.386055e-01;2.170287e-01;2.045412e-01;8.867255e-02;5.596399e-02;8.595109e-03;5.916367e-03
6.150627e-03;1.061146e-02;4.212451e-02;2.837636e-02;9.669042e-02;1.901914e-01;1.304128e-01;2.520131e-01;1.524115e-01;7.915619e-02;7.321137e-03;4.540550e-03
7.265718e-03;9.095968e-03;4.870274e-02;2.673563e-02;7.662188e-02;1.058567e-01;1.117573e-01;3.238705e-01;1.982013e-01;8.538136e-02;3.186101e-03;3.324869e-03
1.026630e-02;7.634860e-03;7.777071e-02;3.672041e-02;6.615437e-02;1.560141e-01;2.164057e-01;2.145150e-01;1.348234e-01;7.191587e-02;5.130806e-03;2.648386e-03
7.667904e-03;1.156610e-02;1.576516e-01;6.326209e-02;1.216379e-01;1.271388e-01;2.842048e-01;9.994333e-02;7.186335e-02;4.538273e-02;4.107147e-03;5.574319e-03
6.143258e-03;2.330630e-02;2.351254e-01;8.623852e-02;1.549042e-01;9.461080e-02;2.395236e-01;6.162689e-02;4.627798e-02;3.643366e-02;6.224310e-03;9.585143e-03
2.294141e-02;5.215389e-02;2.907816e-01;1.058985e-01;1.558698e-01;8.675255e-02;1.401043e-01;4.806008e-02;3.158362e-02;4.452345e-02;1.064309e-02;1.068759e-02
5.145403e-02;7.564313e-02;3.468429e-01;8.202149e-02;1.300521e-01;6.492344e-02;5.627068e-02;4.135411e-02;3.295258e-02;4.254006e-02;1.868700e-02;5.725843e-02
6.654006e-02;5.390774e-02;3.328685e-01;6.603555e-02;1.021200e-01;4.102067e-02;5.309964e-02;3.921006e-02;4.688494e-02;6.299424e-02;1.987538e-02;1.154432e-01
4.566554e-02;3.256622e-02;2.939473e-01;7.584122e-02;8.372982e-02;5.303526e-02;6.898943e-02;3.171604e-02;9.836324e-02;9.799732e-02;3.992853e-02;7.822002e-02
5.248149e-02;1.986059e-02;2.709014e-01;7.985956e-02;8.832911e-02;6.365871e-02;6.759150e-02;4.511155e-02;1.417522e-01;9.623276e-02;5.289770e-02;2.132343e-02
4.288387e-02;1.969152e-02;2.644733e-01;8.865000e-02;1.108735e-01;6.689380e-02;7.569087e-02;6.187042e-02;1.121133e-01;7.443536e-02;5.818839e-02;2.423567e-02
2.632093e-02;1.295845e-02;2.791456e-01;8.823054e-02;1.282148e-01;6.329791e-02;7.523329e-02;4.790203e-02;9.805378e-02;9.587966e-02;5.931893e-02;2.544403e-02
2.821918e-02;1.712385e-02;2.420479e-01;5.421157e-02;9.185452e-02;7.524221e-02;1.034477e-01;9.083365e-02;1.211489e-01;9.590869e-02;6.177475e-02;1.818697e-02
2.517719e-02;3.137336e-02;1.987602e-01;4.711445e-02;6.306836e-02;8.141479e-02;1.351489e-01;1.004520e-01;1.361885e-01;8.787886e-02;6.722332e-02;2.620010e-02
2.144112e-02;4.301447e-02;1.894057e-01;5.441890e-02;5.168754e-02;5.953359e-02;1.635288e-01;8.135372e-02;1.358370e-01;8.234227e-02;7.077774e-02;4.665913e-02
7.818826e-02;5.895053e-02;2.042531e-01;6.823421e-02;7.622857e-02;4.847925e-02;1.548068e-01;4.573917e-02;9.968456e-02;5.308017e-02;7.120287e-02;4.115247e-02
1.178688e-01;6.529115e-02;1.546965e-01;9.424757e-02;7.251921e-02;9.073151e-02;9.988632e-02;4.414942e-02;9.213808e-02;4.153720e-02;7.894079e-02;4.799344e-02
6.685779e-02;4.845596e-02;9.180298e-02;1.041145e-01;9.988356e-02;1.756059e-01;1.068455e-01;4.794702e-02;8.784114e-02;6.587385e-02;6.093622e-02;4.383570e-02
3.481143e-02;4.488162e-02;5.543796e-02;7.344245e-02;6.890563e-02;1.906920e-01;1.453691e-01;8.032020e-02;9.144579e-02;1.073124e-01;5.781501e-02;4.956648e-02
4.181535e-02;5.166618e-02;3.784810e-02;5.183341e-02;3.147977e-02;1.567113e-01;1.611454e-01;9.406468e-02;7.651684e-02;1.505748e-01;7.827826e-02;6.806593e-02
8.323624e-02;6.815439e-02;5.844105e-02;4.212019e-02;4.437535e-02;9.956706e-02;1.335831e-01;7.161225e-02;6.812768e-02;1.670569e-01;9.020609e-02;7.351959e-02
1.092975e-01;7.815079e-02;6.546683e-02;5.745338e-02;7.937467e-02;4.739515e-02;1.167644e-01;4.713996e-02;1.069338e-01;1.212501e-01;7.697435e-02;9.379900e-02
9.761044e-02;6.731438e-02;5.872565e-02;4.666145e-02;9.203836e-02;4.849058e-02;1.701586e-01;6.056634e-02;9.876314e-02;1.099279e-01;5.947782e-02;9.026525e-02
5.189461e-02;3.758356e-02;4.965149e-02;3.008717e-02;8.482445e-02;8.503389e-02;3.400198e-01;7.400244e-02;6.596465e-02;9.093085e-02;3.230301e-02;5.770415e-02
1.419027e-02;1.829921e-02;1.648527e-02;3.458786e-02;7.846573e-02;1.277456e-01;5.469659e-01;7.835901e-02;1.922515e-02;3.644340e-02;9.976883e-03;1.925564e-02
8.736182e-03;1.708358e-02;2.696198e-02;3.867458e-02;9.848902e-02;1.407578e-01;5.361606e-01;6.015950e-02;2.105326e-02;2.624824e-02;1.505010e-02;1.062509e-02
2.161959e-02;3.655046e-02;4.872569e-02;3.759060e-02;1.121300e-01;1.377864e-01;4.616204e-01;3.661362e-02;2.364118e-02;2.845131e-02;2.890286e-02;2.636781e-02
5.177615e-02;4.783817e-02;6.545358e-02;3.086431e-02;1.238150e-01;1.303893e-01;3.645118e-01;2.060779e-02;2.926816e-02;4.649903e-02;4.392530e-02;4.505151e-02
6.445029e-02;3.488323e-02;1.086622e-01;4.501918e-02;1.696255e-01;1.102865e-01;2.070093e-01;2.848010e-02;3.899951e-02;7.346133e-02;5.819580e-02;6.092706e-02
2.746514e-02;2.775084e-02;1.322479e-01;4.942815e-02;1.988093e-01;1.206834e-01;1.020138e-01;5.094539e-02;6.348331e-02;8.795066e-02;5.984212e-02;7.938007e-02
3.428512e-02;3.404385e-02;1.143095e-01;6.490573e-02;1.544285e-01;1.117700e-01;1.355877e-01;7.842203e-02;4.161131e-02;8.277861e-02;6.541588e-02;8.244170e-02
2.795953e-02;2.037311e-02;7.569636e-02;5.555140e-02;7.068461e-02;8.960664e-02;3.315506e-01;9.329544e-02;2.900749e-02;7.190290e-02;8.137551e-02;5.299643e-02
2.684685e-02;4.057097e-02;7.175706e-02;4.413730e-02;3.534813e-02;5.320195e-02;3.464659e-01;1.240157e-01;4.895797e-02;5.382702e-02;8.002578e-02;7.484540e-02
2.964362e-02;4.939231e-02;1.000964e-01;2.745126e-02;1.943523e-02;3.073397e-02;2.260323e-01;1.881227e-01;7.504247e-02;4.097110e-02;4.940462e-02;1.636740e-01
3.957541e-02;3.694206e-02;1.362551e-01;1.550729e-02;2.003123e-02;2.526349e-02;1.581267e-01;2.328185e-01;8.967103e-02;2.951777e-02;2.406762e-02;1.922238e-01
2.797117e-02;2.190649e-02;1.664654e-01;2.146588e-02;1.861433e-02;2.230323e-02;1.635506e-01;2.383923e-01;8.426211e-02;3.744451e-02;1.334820e-02;1.842758e-01
1.555502e-02;2.138420e-02;1.555853e-01;3.731746e-02;3.100142e-02;2.772973e-02;2.131615e-01;2.088610e-01;7.478402e-02;4.697165e-02;1.924173e-02;1.484070e-01
2.614248e-02;3.730197e-02;1.310773e-01;4.728480e-02;4.148081e-02;2.603283e-02;2.845803e-01;1.729258e-01;5.089930e-02;5.769176e-02;2.820843e-02;9.637417e-02
4.143365e-02;5.301184e-02;1.074709e-01;5.138189e-02;3.510265e-02;3.087437e-02;3.287739e-01;1.468917e-01;4.145390e-02;7.473721e-02;2.546767e-02;6.340027e-02
4.227172e-02;6.948635e-02;1.056181e-01;3.463470e-02;3.373781e-02;4.638911e-02;3.553406e-01;1.306849e-01;2.782226e-02;7.466698e-02;2.915361e-02;5.019391e-02
5.751884e-02;9.311268e-02;7.168445e-02;2.431992e-02;6.461372e-02;7.298490e-02;3.332002e-01;9.401895e-02;4.191966e-02;6.512702e-02;2.879290e-02;5.270675e-02
9.178734e-02;8.373027e-02;8.302914e-02;2.019017e-02;1.476094e-01;1.130360e-01;2.213680e-01;6.656770e-02;4.749823e-02;3.846256e-02;4.038687e-02;4.633426e-02
9.080452e-02;5.872079e-02;1.123370e-01;3.104034e-02;1.453746e-01;8.892345e-02;1.382889e-01;8.493526e-02;9.021951e-02;3.422411e-02;5.065918e-02;7.447233e-02
4.864784e-02;4.215940e-02;1.073513e-01;4.665358e-02;9.427422e-02;7.329629e-02;1.408101e-01;1.209186e-01;1.436571e-01;5.879465e-02;3.733991e-02;8.609702e-02
5.860341e-02;4.121020e-02;1.191901e-01;3.902952e-02;6.562813e-02;1.016573e-01;1.729313e-01;1.038138e-01;1.196985e-01;4.387914e-02;5.152975e-02;8.282882e-02
8.098501e-02;5.668129e-02;1.386498e-01;4.190197e-02;8.805982e-02;1.059945e-01;1.691978e-01;9.863926e-02;6.687498e-02;4.195350e-02;6.900933e-02;4.205272e-02
9.558611e-02;4.665025e-02;1.277585e-01;8.146103e-02;8.906490e-02;8.337244e-02;1.569555e-01;6.365170e-02;8.097379e-02;4.609038e-02;6.434643e-02;6.408903e-02
9.239110e-02;4.187155e-02;1.388352e-01;8.764122e-02;7.215684e-02;9.305614e-02;1.333556e-01;6.348062e-02;9.040327e-02;6.265429e-02;4.114823e-02;8.300593e-02
8.732301e-02;3.699826e-02;1.357742e-01;8.365030e-02;5.280507e-02;9.113574e-02;9.583929e-02;7.406163e-02;6.955698e-02;1.101745e-01;5.570655e-02;1.069745e-01
5.017600e-02;7.649597e-02;1.095913e-01;6.649114e-02;4.887321e-02;5.870258e-02;8.355422e-02;5.917789e-02;6.258687e-02;1.383602e-01;1.052519e-01;1.407388e-01
1.130894e-01;7.830417e-02;9.674411e-02;5.006081e-02;5.672213e-02;7.163189e-02;1.778072e-01;7.042585e-02;3.768395e-02;7.513729e-02;4.990038e-02;1.224929e-01
1.115926e-01;5.987560e-02;5.791856e-02;3.304208e-02;5.384460e-02;7.185325e-02;2.898182e-01;5.171965e-02;4.141585e-02;7.782365e-02;8.262699e-02;6.846897e-02
8.235074e-02;6.041060e-02;4.657065e-02;2.514382e-02;3.283249e-02;5.360534e-02;3.587104e-01;6.779905e-02;4.766599e-02;5.339150e-02;1.343967e-01;3.712277e-02
5.134632e-02;3.974895e-02;3.827425e-02;3.082738e-02;2.402364e-02;3.646291e-02;4.256712e-01;1.095825e-01;3.368338e-02;2.444164e-02;1.504042e-01;3.553367e-02
2.078371e-02;4.056818e-02;9.083592e-02;2.873772e-02;1.873776e-02;3.368134e-02;4.326623e-01;1.691773e-01;2.468747e-02;2.237050e-02;9.690588e-02;2.085186e-02
1.731377e-02;5.318154e-02;1.256152e-01;1.698268e-02;1.902201e-02;3.479744e-02;4.232015e-01;2.160438e-01;2.821583e-02;1.671737e-02;2.623906e-02;2.266978e-02
1.310547e-02;4.362176e-02;1.618467e-01;1.863211e-02;1.916052e-02;3.417844e-02;4.150216e-01;2.128667e-01;2.684929e-02;9.506636e-03;1.067841e-02;3.453238e-02
1.038754e-02;2.610902e-02;1.750939e-01;1.836955e-02;1.567767e-02;3.529364e-02;4.490940e-01;1.807122e-01;3.027654e-02;1.142278e-02;1.874645e-02;2.881664e-02
1.205688e-02;4.998174e-02;1.327643e-01;1.191746e-02;2.078107e-02;5.103787e-02;5.015244e-01;1.180182e-01;2.357276e-02;1.386449e-02;3.519123e-02;2.928962e-02
2.904816e-02;8.852941e-02;8.768841e-02;3.085004e-02;5.078880e-02;8.984274e-02;4.626362e-01;5.736251e-02;2.433806e-02;1.596114e-02;4.187143e-02;2.108303e-02
4.570710e-02;7.590193e-02;7.959104e-02;4.278399e-02;1.077694e-01;1.524602e-01;3.616790e-01;3.169362e-02;3.276049e-02;2.382231e-02;2.971616e-02;1.611467e-02
3.434763e-02;3.180315e-02;1.302184e-01;4.709376e-02;1.741080e-01;1.664384e-01;3.062901e-01;2.601140e-02;4.063955e-02;1.895812e-02;1.129601e-02;1.279554e-02
1.414343e-02;2.924811e-02;1.735483e-01;6.168379e-02;2.770362e-01;1.743838e-01;1.545029e-01;4.103381e-02;3.228301e-02;9.360865e-03;8.133063e-03;2.464276e-02
9.731067e-03;1.529353e-02;1.775987e-01;4.996020e-02;2.497036e-01;1.278127e-01;2.637415e-01;2.881032e-02;2.145714e-02;8.690801e-03;6.381450e-03;4.081899e-02
7.870175e-03;8.264348e-03;1.945630e-01;7.963539e-02;2.501870e-01;1.078786e-01;2.524590e-01;1.677522e-02;2.074261e-02;7.916268e-03;9.623960e-03;4.408454e-02
9.431154e-03;1.826755e-02;2.440195e-01;1.081960e-01;2.760649e-01;9.190851e-02;1.433056e-01;2.764242e-02;1.778320e-02;1.263960e-02;1.013231e-02;4.060942e-02
7.512338e-03;2.133681e-02;2.498789e-01;1.153880e-01;2.562643e-01;9.291550e-02;1.585220e-01;3.971808e-02;1.456380e-02;1.555497e-02;7.395471e-03;2.094985e-02
1.226683e-02;1.657651e-02;1.679974e-01;7.443387e-02;2.229119e-01;1.333676e-01;2.834626e-01;3.490154e-02;1.195696e-02;1.437909e-02;6.429292e-03;2.131652e-02
2.052443e-02;1.373361e-02;6.074287e-02;3.186664e-02;1.561797e-01;1.696825e-01;4.592469e-01;4.839365e-02;1.228476e-02;9.577137e-03;5.638602e-03;1.212927e-02
1.576622e-02;1.071965e-02;1.536471e-02;1.075034e-02;8.413360e-02;1.267884e-01;6.208854e-01;7.456354e-02;1.811327e-02;1.168563e-02;4.564716e-03;6.664520e-03
1.121907e-02;1.202209e-02;2.632805e-02;7.345597e-03;5.534557e-02;7.336693e-02;6.247911e-01;1.305974e-01;3.919879e-02;1.264582e-02;3.649572e-03;3.490008e-03
4.964039e-03;8.272141e-03;3.025343e-02;1.279007e-02;3.891059e-02;6.446256e-02;5.075181e-01;1.813263e-01;1.076264e-01;3.156053e-02;5.616072e-03;6.699738e-03
7.463977e-03;4.494582e-03;3.123045e-02;1.635507e-02;3.214638e-02;1.034208e-01;3.571116e-01;2.021812e-01;1.683517e-01;4.791718e-02;8.803355e-03;2.052359e-02
7.630325e-03;6.034150e-03;4.183185e-02;9.496222e-03;1.971961e-02;1.050084e-01;3.370173e-01;2.827500e-01;1.260424e-01;3.197131e-02;5.764463e-03;2.673398e-02
6.401878e-03;1.663915e-02;4.429541e-02;8.204817e-03;1.324630e-02;7.956073e-02;4.717016e-01;2.562532e-01;6.334658e-02;1.788584e-02;3.815543e-03;1.864896e-02
8.378082e-03;3.350902e-02;2.462801e-02;7.659814e-03;2.285910e-02;7.049950e-02;6.286193e-01;1.421043e-01;3.797583e-02;1.080855e-02;3.300741e-03;9.657797e-03
2.230742e-02;3.671308e-02;8.858495e-03;1.198879e-02;3.356899e-02;1.350266e-01;6.240686e-01;8.596548e-02;2.679111e-02;5.656091e-03;2.637115e-03;6.418256e-03
4.625434e-02;2.350285e-02;9.944892e-03;1.969180e-02;7.464118e-02;2.682774e-01;4.457415e-01;7.162943e-02;1.584310e-02;7.205836e-03;4.156271e-03;1.311135e-02
4.855862e-02;9.961029e-03;2.539944e-02;3.801978e-02;1.797462e-01;3.156332e-01;2.371763e-01;4.996953e-02;1.232216e-02;1.842800e-02;1.006114e-02;5.472451e-02
2.184672e-02;1.446586e-02;5.143474e-02;7.290969e-02;2.551740e-01;2.147764e-01;1.263882e-01;4.489324e-02;2.588051e-02;4.530727e-02;2.111138e-02;1.058119e-01
2.091514e-02;2.109020e-02;6.408331e-02;8.079202e-02;2.376443e-01;1.298946e-01;1.532397e-01;4.631827e-02;4.571112e-02;4.809979e-02;2.135739e-02;1.308541e-01
1.937095e-02;2.287721e-02;8.465546e-02;9.028993e-02;2.065881e-01;9.142144e-02;1.777133e-01;4.890752e-02;6.442786e-02;3.329395e-02;2.256677e-02;1.378875e-01
2.892423e-02;3.650162e-02;1.316057e-01;1.075474e-01;1.511000e-01;8.480580e-02;1.080329e-01;7.305608e-02;6.917476e-02;5.192561e-02;6.722343e-02;9.010258e-02
4.280500e-02;4.778375e-02;1.490279e-01;1.129818e-01;9.699333e-02;6.655893e-02;9.932845e-02;1.003556e-01;7.373831e-02;6.281894e-02;9.284198e-02;5.476603e-02
3.750216e-02;3.841814e-02;2.414084e-01;1.077345e-01;7.274165e-02;4.425981e-02;8.099934e-02;1.010060e-01;5.209216e-02;7.226411e-02;1.028813e-01;4.869243e-02
3.008107e-02;2.047375e-02;3.521716e-01;8.491751e-02;6.350181e-02;3.951028e-02;1.069829e-01;7.617114e-02;2.485028e-02;7.749973e-02;8.422102e-02;3.961892e-02
2.229683e-02;1.825627e-02;3.986167e-01;4.711867e-02;4.868361e-02;4.342322e-02;1.540049e-01;5.239027e-02;3.206148e-02;1.162023e-01;3.929838e-02;2.764726e-02
1.550191e-02;2.902277e-02;4.327341e-01;3.268905e-02;5.351835e-02;4.887598e-02;1.220546e-01;4.667301e-02;3.247608e-02;1.589548e-01;1.076726e-02;1.673203e-02
1.356162e-02;5.792527e-02;4.199014e-01;3.499077e-02;5.590471e-02;6.622662e-02;5.885288e-02;5.866176e-02;6.997027e-02;1.397928e-01;1.176373e-02;1.244809e-02
1.791600e-02;8.362574e-02;3.322171e-01;3.452882e-02;4.765105e-02;9.670080e-02;3.633736e-02;1.028526e-01;1.243780e-01;8.473252e-02;2.374909e-02;1.531101e-02
2.203267e-02;9.094989e-02;3.135976e-01;2.606968e-02;4.284129e-02;9.877023e-02;4.120779e-02;1.093822e-01;1.365664e-01;8.812258e-02;8.668768e-03;2.179084e-02
1.887672e-02;9.461065e-02;3.748565e-01;2.833080e-02;3.907060e-02;7.766879e-02;3.582761e-02;9.223819e-02;1.323212e-01;7.996744e-02;4.085027e-03;2.214656e-02
1.456084e-02;1.012388e-01;4.278349e-01;3.246411e-02;3.233528e-02;5.647293e-02;4.106609e-02;8.082996e-02;1.166910e-01;7.315413e-02;6.934457e-03;1.641748e-02
2.179882e-02;1.095896e-01;4.379599e-01;3.143442e-02;3.683451e-02;9.117223e-02;3.802915e-02;5.305425e-02;9.570549e-02;6.341911e-02;1.024499e-02;1.075752e-02
5.467586e-02;1.208501e-01;4.419769e-01;3.103165e-02;6.159833e-02;8.632227e-02;3.425911e-02;2.308025e-02;8.068860e-02;4.921537e-02;5.563961e-03;1.073761e-02
1.022751e-01;1.215081e-01;4.060573e-01;3.207769e-02;6.286101e-02;8.349424e-02;5.541992e-02;1.687770e-02;5.201948e-02;4.594076e-02;6.099889e-03;1.536882e-02
1.345952e-01;9.166916e-02;3.138202e-01;3.666827e-02;1.055621e-01;7.642960e-02;7.619319e-02;2.485667e-02;4.843844e-02;5.702179e-02;1.356323e-02;2.118213e-02
3.400881e-02;4.611314e-02;4.349488e-01;3.839637e-02;1.674880e-01;5.564110e-02;8.496889e-02;2.599242e-02;5.921130e-02;3.144072e-02;9.325679e-03;1.246477e-02
1.613847e-02;4.099574e-02;4.478579e-01;3.770349e-02;1.377854e-01;9.611563e-02;7.770920e-02;3.800116e-02;5.817232e-02;4.031332e-02;4.586670e-03;4.620707e-03
2.675933e-02;3.303559e-02;4.064535e-01;3.860328e-02;1.045495e-01;1.026861e-01;1.055885e-01;5.507622e-02;5.408978e-02;6.396551e-02;3.595743e-03;5.596960e-03
2.448026e-02;1.990701e-02;3.044674e-01;5.317109e-02;1.321268e-01;9.372014e-02;1.607863e-01;4.939149e-02;6.318191e-02;8.636983e-02;2.419229e-03;9.978635e-03
2.097240e-02;2.154182e-02;2.121645e-01;4.638617e-02;1.326866e-01;2.048125e-01;1.264187e-01;3.861762e-02;9.821921e-02;7.927577e-02;3.639221e-03;1.526545e-02
2.399715e-02;1.987940e-02;1.566803e-01;3.824228e-02;1.051286e-01;2.617856e-01;1.373733e-01;7.002562e-02;1.091344e-01;5.124590e-02;2.666213e-03;2.384115e-02
2.889066e-02;1.576713e-02;9.973360e-02;2.447623e-02;1.029615e-01;2.055280e-01;2.424042e-01;8.022502e-02;1.111171e-01;5.985552e-02;6.417506e-03;2.262357e-02
3.654809e-02;1.614481e-02;6.145002e-02;3.010187e-02;2.087450e-01;1.133864e-01;2.009397e-01;1.350854e-01;8.616067e-02;7.632690e-02;1.668719e-02;1.842388e-02
4.221302e-02;1.698203e-02;4.952553e-02;3.897825e-02;2.944231e-01;1.181642e-01;1.246360e-01;1.495902e-01;6.919067e-02;5.540076e-02;2.289271e-02;1.800340e-02
4.882940e-02;1.548477e-02;6.294775e-02;5.066336e-02;1.677244e-01;1.390782e-01;1.639306e-01;1.375432e-01;1.118569e-01;4.800295e-02;1.898637e-02;3.495203e-02
4.206884e-02;1.568614e-02;5.498224e-02;4.274717e-02;1.096039e-01;2.590954e-01;1.523575e-01;1.062669e-01;1.108558e-01;5.695349e-02;1.942892e-02;2.995371e-02
2.678700e-02;1.376095e-02;3.471142e-02;3.242504e-02;1.044421e-01;3.554224e-01;1.720620e-01;7.707427e-02;8.742984e-02;5.505778e-02;2.619501e-02;1.463211e-02
2.638860e-02;1.635154e-02;5.793480e-02;3.713134e-02;1.166264e-01;3.026677e-01;1.944471e-01;7.185045e-02;7.196806e-02;5.887531e-02;2.290604e-02;2.285266e-02
2.055461e-02;1.981154e-02;1.029436e-01;4.776989e-02;1.525965e-01;2.035474e-01;2.243011e-01;4.086733e-02;6.665406e-02;8.045738e-02;1.855864e-02;2.193800e-02
5.289037e-02;3.312378e-02;1.025916e-01;6.152947e-02;9.226608e-02;1.529753e-01;2.214944e-01;7.563189e-02;9.495197e-02;6.582495e-02;1.893101e-02;2.778916e-02
7.619925e-02;5.851812e-02;8.197227e-02;8.402938e-02;1.082193e-01;2.076834e-01;9.805562e-02;9.901726e-02;8.253971e-02;4.844515e-02;1.066854e-02;4.465203e-02
8.016493e-02;6.126237e-02;8.290656e-02;9.387630e-02;1.790031e-01;1.623737e-01;4.771366e-02;8.840580e-02;7.842487e-02;4.002982e-02;2.135609e-02;6.448279e-02
9.171144e-02;7.126307e-02;6.517255e-02;1.384038e-01;1.478358e-01;9.374993e-02;8.487235e-02;9.565468e-02;8.224022e-02;3.754099e-02;2.747417e-02;6.408098e-02
4.611084e-02;5.617604e-02;5.821227e-02;1.448180e-01;3.381654e-01;6.769313e-02;7.041071e-02;6.720358e-02;4.874274e-02;3.841182e-02;2.158745e-02;4.246796e-02
4.451159e-02;6.241520e-02;4.499709e-02;9.242816e-02;4.913774e-01;6.756569e-02;4.688672e-02;4.284941e-02;2.798040e-02;2.110166e-02;1.977203e-02;3.811466e-02
4.668185e-02;7.061091e-02;4.397707e-02;6.821675e-02;5.671855e-01;5.136171e-02;3.490685e-02;2.655775e-02;2.765114e-02;2.000320e-02;1.513117e-02;2.771609e-02
3.959059e-02;6.776381e-02;2.388851e-02;8.631217e-02;5.626588e-01;8.266016e-02;3.609417e-02;3.698429e-02;2.434401e-02;1.792204e-02;8.171636e-03;1.360977e-02
4.539461e-02;6.381812e-02;2.544943e-02;1.490299e-01;3.902234e-01;1.495366e-01;4.945060e-02;5.202407e-02;2.227921e-02;1.951098e-02;9.836250e-03;2.344684e-02
7.327197e-02;3.009528e-02;1.118005e-01;1.984873e-01;3.422096e-01;9.030107e-02;4.581342e-02;4.007509e-02;2.100781e-02;1.960767e-02;8.374685e-03;1.895559e-02
5.235172e-02;4.205193e-02;2.701464e-01;1.634894e-01;3.010439e-01;4.828835e-02;2.990481e-02;2.297394e-02;2.184260e-02;1.510784e-02;6.953057e-03;2.584597e-02
3.296299e-02;5.424422e-02;4.175765e-01;1.190392e-01;2.058655e-01;5.317437e-02;3.109387e-02;2.685028e-02;1.758373e-02;1.217693e-02;5.474905e-03;2.395760e-02
1.031210e-02;3.891551e-02;4.228020e-01;1.384379e-01;2.622387e-01;3.336240e-02;2.649739e-02;2.199363e-02;1.237090e-02;1.032533e-02;6.471846e-03;1.627233e-02
8.926634e-03;2.263505e-02;2.856314e-01;2.830240e-01;2.858384e-01;4.453898e-02;1.835127e-02;1.219907e-02;1.853476e-02;8.045896e-03;5.671711e-03;6.602894e-03
1.811766e-02;1.801294e-02;1.445148e-01;4.169541e-01;2.723365e-01;5.723672e-02;1.379442e-02;1.414460e-02;2.429408e-02;6.644363e-03;7.873603e-03;6.076062e-03
3.330106e-02;4.737056e-02;9.019626e-02;3.342281e-01;3.344945e-01;5.822194e-02;1.743345e-02;1.845474e-02;2.941274e-02;1.268717e-02;1.549804e-02;8.701380e-03
3.159755e-02;4.340690e-02;1.159972e-01;2.706507e-01;3.449371e-01;8.452117e-02;1.916029e-02;2.016520e-02;2.858764e-02;1.671974e-02;1.643619e-02;7.820186e-03
3.192837e-02;4.250123e-02;1.421059e-01;3.001037e-01;2.528148e-01;9.099247e-02;4.022197e-02;2.096619e-02;2.978210e-02;2.032550e-02;8.893380e-03;1.936436e-02
2.301133e-02;4.564586e-02;1.555383e-01;3.368617e-01;2.011825e-01;8.661966e-02;5.861400e-02;2.364661e-02;3.048118e-02;1.499702e-02;3.763477e-03;1.963836e-02
2.805160e-02;5.356422e-02;1.286093e-01;3.591953e-01;1.926131e-01;8.050815e-02;6.547356e-02;3.248338e-02;3.409293e-02;1.130397e-02;4.833042e-03;9.271411e-03
2.452556e-02;6.581861e-02;7.102495e-02;4.593678e-01;1.465105e-01;5.073383e-02;6.823380e-02;3.957061e-02;3.200946e-02;2.320945e-02;6.761604e-03;1.223378e-02
1.012807e-02;4.223415e-02;3.216409e-02;4.904121e-01;2.103457e-01;6.558431e-02;4.168165e-02;2.980012e-02;2.105745e-02;1.879162e-02;1.255344e-02;2.524725e-02
1.645801e-02;3.393620e-02;5.500828e-02;4.541350e-01;2.112935e-01;6.560347e-02;3.990114e-02;2.254748e-02;3.111237e-02;2.068282e-02;2.285679e-02;2.646497e-02
3.695207e-02;3.667182e-02;1.246605e-01;3.284641e-01;1.593661e-01;6.141698e-02;5.226737e-02;3.283047e-02;6.931861e-02;2.906814e-02;3.505564e-02;3.392818e-02
7.428307e-02;8.502416e-02;1.132654e-01;2.223441e-01;1.222983e-01;6.772480e-02;8.040695e-02;6.161932e-02;6.962551e-02;3.385599e-02;2.649005e-02;4.306235e-02
7.061692e-02;8.979114e-02;5.845677e-02;2.055881e-01;1.729520e-01;5.945453e-02;1.180443e-01;7.204129e-02;3.748423e-02;3.925448e-02;2.810386e-02;4.821226e-02
3.573592e-02;9.873647e-02;5.843702e-02;2.203826e-01;2.612142e-01;5.793146e-02;7.987408e-02;6.841216e-02;2.626125e-02;3.641427e-02;2.846661e-02;2.813398e-02
5.146443e-02;8.961523e-02;8.422673e-02;2.049729e-01;2.628582e-01;4.998678e-02;6.623617e-02;6.873050e-02;3.341991e-02;4.010366e-02;3.096115e-02;1.742426e-02
5.343047e-02;8.092630e-02;7.762200e-02;1.684894e-01;3.105773e-01;5.948349e-02;6.627046e-02;6.127568e-02;4.510714e-02;2.785139e-02;2.959527e-02;1.937111e-02
5.790568e-02;7.304303e-02;5.119733e-02;2.436007e-01;3.076111e-01;5.461928e-02;5.095745e-02;4.751058e-02;4.214189e-02;2.211110e-02;1.681765e-02;3.248424e-02
6.772757e-02;6.827118e-02;6.138869e-02;3.142239e-01;2.705872e-01;3.420301e-02;3.307417e-02;4.028390e-02;3.193521e-02;2.149076e-02;8.469651e-03;4.834474e-02
5.252091e-02;5.042547e-02;7.866748e-02;1.719016e-01;4.690684e-01;3.911532e-02;3.045500e-02;2.725090e-02;1.954979e-02;1.603619e-02;8.788131e-03;3.622084e-02
