5.233864e-02;1.004291e-01;1.044463e-01;7.555944e-02;5.410485e-02;7.385952e-02;1.209245e-01;8.843318e-02;1.101212e-01;7.100536e-02;6.330890e-02;8.546904e-02
5.174861e-02;1.314926e-01;1.386489e-01;7.242247e-02;5.834202e-02;6.631068e-02;1.132620e-01;8.405217e-02;9.959550e-02;6.191577e-02;5.621398e-02;6.599540e-02
4.456599e-02;1.417601e-01;2.142310e-01;6.286363e-02;6.194966e-02;5.210245e-02;1.358772e-01;5.827996e-02;7.363531e-02;4.680534e-02;5.088100e-02;5.704845e-02
6.678148e-02;1.307663e-01;2.491449e-01;4.498086e-02;5.671427e-02;4.035083e-02;1.282548e-01;8.765227e-02;5.146563e-02;3.968278e-02;5.610784e-02;4.809806e-02
1.014056e-01;1.232820e-01;2.272561e-01;7.750383e-02;6.389467e-02;2.795813e-02;9.309626e-02;6.348071e-02;6.638682e-02;6.067332e-02;6.148653e-02;3.357596e-02
1.467613e-01;1.272054e-01;1.859946e-01;6.965642e-02;7.687493e-02;2.522342e-02;8.687074e-02;7.630172e-02;8.088218e-02;5.865333e-02;5.040564e-02;1.517027e-02
1.947491e-01;1.121185e-01;1.303516e-01;5.028249e-02;7.230558e-02;2.219548e-02;7.320691e-02;1.127854e-01;1.034278e-01;4.814364e-02;3.560224e-02;4.483120e-02
2.040583e-01;7.829242e-02;6.676804e-02;4.462297e-02;5.379416e-02;2.802458e-02;1.031185e-01;1.414686e-01;1.108896e-01;5.942441e-02;2.300686e-02;8.653147e-02
1.398365e-01;4.227474e-02;3.589883e-02;6.023810e-02;1.925891e-02;3.899293e-02;1.973400e-01;1.336270e-01;1.117828e-01;7.371097e-02;1.387671e-02;1.331624e-01
1.569560e-01;2.929133e-02;4.552518e-02;5.786237e-02;3.863407e-02;4.001229e-02;2.622640e-01;1.095381e-01;8.022038e-02;4.597694e-02;1.694736e-02;1.167720e-01
1.618943e-01;3.644122e-02;7.246479e-02;5.920561e-02;4.220780e-02;5.752386e-02;2.743599e-01;1.070945e-01;5.597791e-02;4.214765e-02;2.410259e-02;6.657982e-02
1.700413e-01;4.804222e-02;9.423565e-02;4.490875e-02;3.581992e-02;5.898787e-02;2.378885e-01;1.186643e-01;6.814868e-02;6.145496e-02;4.223371e-02;1.957407e-02
1.745750e-01;3.621301e-02;1.052628e-01;4.572785e-02;4.445608e-02;4.642413e-02;1.407149e-01;1.575858e-01;1.021081e-01;6.408624e-02;3.944355e-02;4.340256e-02
1.292525e-01;3.406922e-02;1.084233e-01;4.562707e-02;5.212409e-02;5.207727e-02;1.394339e-01;2.013381e-01;1.080838e-01;5.463830e-02;4.075274e-02;3.417974e-02
9.236421e-02;3.034624e-02;1.034718e-01;3.316414e-02;5.028260e-02;3.477006e-02;1.870145e-01;1.842221e-01;1.034852e-01;6.005844e-02;4.524960e-02;7.557107e-02
1.299275e-01;4.513681e-02;1.093247e-01;6.178126e-02;5.453150e-02;3.341421e-02;1.652327e-01;1.032914e-01;6.108653e-02;7.763620e-02;5.530707e-02;1.033302e-01
1.744710e-01;4.399536e-02;1.151808e-01;7.388894e-02;3.606357e-02;3.891873e-02;1.362801e-01;6.293656e-02;5.017133e-02;8.859767e-02;5.401820e-02;1.254779e-01
1.464071e-01;4.744460e-02;1.334486e-01;6.227573e-02;5.681063e-02;3.992822e-02;1.262509e-01;4.282022e-02;9.446947e-02;8.777148e-02;3.981102e-02;1.225619e-01
1.048733e-01;1.154988e-01;2.236139e-01;5.329160e-02;4.581014e-02;4.717450e-02;1.045130e-01;3.041413e-02;1.317434e-01;6.041519e-02;2.509305e-02;5.755899e-02
1.335412e-01;1.657227e-01;2.185148e-01;4.546381e-02;3.537446e-02;3.302734e-02;6.834655e-02;4.271450e-02;1.590948e-01;5.653374e-02;1.517180e-02;2.649432e-02
1.877699e-01;1.968151e-01;1.630149e-01;2.663751e-02;3.344704e-02;1.495866e-02;3.699069e-02;6.936251e-02;1.784731e-01;5.901738e-02;1.834651e-02;1.516673e-02
2.283251e-01;1.758211e-01;1.105827e-01;1.413987e-02;6.324963e-02;1.075787e-02;3.071128e-02;1.191920e-01;1.579023e-01;5.419566e-02;1.923505e-02;1.588737e-02
2.207511e-01;1.378160e-01;8.101324e-02;9.717832e-03;8.602043e-02;1.043304e-02;8.428560e-02;1.680186e-01;1.056584e-01;4.161806e-02;2.551398e-02;2.915366e-02
1.430395e-01;1.097684e-01;6.702244e-02;1.431095e-02;8.500998e-02;2.758630e-02;1.489532e-01;1.772675e-01;8.962527e-02;4.668406e-02;4.649760e-02;4.423476e-02
7.005958e-02;1.080329e-01;7.732499e-02;2.708437e-02;6.412538e-02;4.361724e-02;1.738966e-01;1.310783e-01;1.487121e-01;5.584709e-02;5.280643e-02;4.741507e-02
1.407837e-01;1.054550e-01;9.630954e-02;2.908520e-02;7.295025e-02;2.847356e-02;1.303441e-01;1.219683e-01;1.271995e-01;7.252520e-02;3.454665e-02;4.035898e-02
1.787961e-01;1.112801e-01;9.301309e-02;2.577566e-02;6.463559e-02;1.805431e-02;6.900172e-02;1.596463e-01;1.066053e-01;7.105965e-02;4.778482e-02;5.434737e-02
1.935577e-01;1.132200e-01;1.016428e-01;3.097471e-02;6.462678e-02;1.963357e-02;5.631036e-02;1.317153e-01;1.353348e-01;5.282062e-02;4.603548e-02;5.412779e-02
1.906887e-01;8.096624e-02;1.053843e-01;5.672138e-02;6.333170e-02;4.072095e-02;7.949842e-02;4.872973e-02;1.890252e-01;5.866963e-02;4.726741e-02;3.899638e-02
1.511850e-01;8.147461e-02;1.190880e-01;4.587611e-02;7.961938e-02;4.673304e-02;7.158191e-02;1.111360e-01;1.496971e-01;5.845199e-02;3.255072e-02;5.260610e-02
1.298991e-01;9.430165e-02;1.183227e-01;4.806670e-02;1.128153e-01;3.357455e-02;6.868881e-02;1.252503e-01;9.378951e-02;7.855709e-02;3.143683e-02;6.529741e-02
1.324956e-01;6.335314e-02;1.138126e-01;7.944891e-02;1.149890e-01;3.728477e-02;7.028169e-02;9.956959e-02;7.867356e-02;8.704190e-02;4.729340e-02;7.575587e-02
1.107803e-01;6.361263e-02;1.140049e-01;8.706217e-02;1.005860e-01;5.039132e-02;6.683994e-02;1.044542e-01;1.319298e-01;5.660589e-02;4.642373e-02;6.730905e-02
6.877524e-02;7.028364e-02;1.159345e-01;7.218755e-02;1.133717e-01;4.010141e-02;7.192379e-02;1.228452e-01;1.752086e-01;5.772044e-02;3.548483e-02;5.616296e-02
9.767199e-02;7.063713e-02;1.665514e-01;6.464171e-02;9.856331e-02;2.213061e-02;7.720108e-02;1.053287e-01;1.307845e-01;7.342923e-02;4.468460e-02;4.837572e-02
1.248614e-01;9.444146e-02;1.733117e-01;6.968503e-02;7.979375e-02;2.135787e-02;8.707949e-02;1.142092e-01;1.012362e-01;6.830189e-02;3.564026e-02;3.008167e-02
1.524717e-01;1.024898e-01;1.279734e-01;6.846179e-02;6.756351e-02;3.415043e-02;9.238455e-02;1.130159e-01;1.040107e-01;6.030189e-02;3.418420e-02;4.299228e-02
1.415718e-01;6.862408e-02;1.637841e-01;6.350441e-02;6.805138e-02;5.959599e-02;5.531171e-02;1.057898e-01;1.024764e-01;6.667303e-02;5.852712e-02;4.609019e-02
9.569574e-02;6.637519e-02;2.032261e-01;5.909922e-02;7.226043e-02;6.636856e-02;1.596111e-01;8.922151e-02;6.204781e-02;3.127294e-02;4.921930e-02;4.560213e-02
1.360248e-01;6.608611e-02;1.590995e-01;4.651341e-02;7.318682e-02;5.620971e-02;1.555858e-01;1.222729e-01;9.124828e-02;1.848462e-02;4.041196e-02;3.487607e-02
2.024504e-01;9.399035e-02;1.180650e-01;3.002838e-02;7.002309e-02;4.024880e-02;1.003759e-01;1.670763e-01;1.099607e-01;1.667653e-02;3.315329e-02;1.795135e-02
2.902662e-01;8.994924e-02;8.349283e-02;1.075585e-02;8.827641e-02;1.848086e-02;5.041233e-02;2.305983e-01;8.182036e-02;1.229442e-02;2.586752e-02;1.778573e-02
3.438627e-01;3.840212e-02;5.960016e-02;9.970602e-03;1.067635e-01;9.787990e-03;5.490500e-02;3.077226e-01;2.010809e-02;1.136671e-02;1.611418e-02;2.139640e-02
3.489474e-01;2.518301e-02;3.662110e-02;6.918558e-03;9.325638e-02;8.205477e-03;3.862590e-02;3.464188e-01;4.485066e-02;9.327628e-03;1.595771e-02;2.568739e-02
3.483274e-01;3.342156e-02;4.694559e-02;1.178451e-02;8.677431e-02;6.237128e-03;3.915360e-02;3.533692e-01;3.118856e-02;1.367382e-02;1.515476e-02;1.396958e-02
3.434781e-01;4.839693e-02;5.120499e-02;1.070592e-02;8.911714e-02;5.909916e-03;3.969308e-02;3.266459e-01;4.526164e-02;1.219693e-02;1.484407e-02;1.254542e-02
3.548827e-01;7.133411e-02;4.672478e-02;7.853371e-03;7.851650e-02;7.179393e-03;2.723429e-02;2.883155e-01;7.885988e-02;1.401978e-02;1.317322e-02;1.190648e-02
3.218468e-01;1.231660e-01;4.883657e-02;5.523997e-03;5.642450e-02;1.253676e-02;2.358922e-02;2.045495e-01;1.609519e-01;2.436088e-02;7.550781e-03;1.066312e-02
2.128903e-01;2.077264e-01;6.246533e-02;1.311808e-02;4.400099e-02;2.647773e-02;1.572526e-02;1.000361e-01;2.757699e-01;2.690718e-02;5.408466e-03;9.474322e-03
1.069114e-01;2.656581e-01;9.725695e-02;1.788658e-02;3.507924e-02;3.634769e-02;1.069652e-02;4.634925e-02;3.469142e-01;1.887427e-02;3.812568e-03;1.421315e-02
7.392468e-02;2.734733e-01;1.253270e-01;1.551125e-02;2.401042e-02;3.788238e-02;1.075951e-02;3.757709e-02;3.550966e-01;1.892591e-02;3.751534e-03;2.376033e-02
7.617167e-02;2.558487e-01;1.512717e-01;9.884901e-03;1.614590e-02;4.076757e-02;7.290651e-03;2.128733e-02;3.522192e-01;2.302353e-02;5.399453e-03;4.068930e-02
6.231121e-02;2.181089e-01;1.889699e-01;1.089209e-02;2.119738e-02;5.010368e-02;1.037879e-02;2.676081e-02;3.219529e-01;2.771962e-02;5.616840e-03;5.598787e-02
2.614392e-02;2.057808e-01;2.251143e-01;1.269053e-02;3.028830e-02;4.375642e-02;1.595403e-02;3.171027e-02;3.030602e-01;2.252351e-02;8.214753e-03;7.476296e-02
4.905152e-02;2.023408e-01;2.426771e-01;1.252098e-02;3.053240e-02;3.670759e-02;9.401443e-03;5.269983e-02;2.728250e-01;1.161617e-02;6.055395e-03;7.357178e-02
8.204693e-02;2.048751e-01;2.470351e-01;1.971425e-02;2.959064e-02;3.585334e-02;2.015515e-02;6.141899e-02;2.256531e-01;1.508809e-02;6.323117e-03;5.224618e-02
1.201027e-01;1.724711e-01;2.523748e-01;2.381868e-02;2.829036e-02;2.803539e-02;3.812897e-02;6.619635e-02;1.973022e-01;1.937085e-02;1.342994e-02;4.047867e-02
1.135251e-01;1.457116e-01;2.339164e-01;2.417162e-02;4.317706e-02;2.269829e-02;3.789496e-02;7.604562e-02;2.238202e-01;3.061590e-02;1.397307e-02;3.445014e-02
1.043081e-01;1.445197e-01;2.131233e-01;2.377802e-02;7.413083e-02;4.698161e-02;4.470915e-02;5.392947e-02;2.009357e-01;4.035949e-02;1.316806e-02;4.005656e-02
1.272805e-01;1.514925e-01;2.634682e-01;2.303760e-02;8.266751e-02;6.876478e-02;3.196223e-02;4.595501e-02;1.078458e-01;3.964808e-02;1.630497e-02;4.157279e-02
1.089313e-01;1.476832e-01;2.777724e-01;2.460673e-02;5.539968e-02;5.627348e-02;2.491026e-02;5.836961e-02;1.511893e-01;4.834663e-02;1.053754e-02;3.597988e-02
1.345081e-01;1.286146e-01;2.635888e-01;2.841181e-02;3.832011e-02;5.460147e-02;3.069289e-02;4.812690e-02;1.875814e-01;4.311628e-02;1.087713e-02;3.156045e-02
1.401209e-01;1.077292e-01;2.779208e-01;2.565036e-02;3.220586e-02;5.870649e-02;3.291355e-02;7.903613e-02;1.763930e-01;3.289502e-02;1.547774e-02;2.095099e-02
1.330379e-01;1.106309e-01;2.749571e-01;2.844169e-02;2.044738e-02;5.158905e-02;3.687048e-02;1.010227e-01;1.613110e-01;3.587504e-02;2.311002e-02;2.270667e-02
1.051253e-01;1.374728e-01;2.161318e-01;3.052831e-02;3.475870e-02;3.988282e-02;4.087764e-02;1.034087e-01;1.646203e-01;7.750873e-02;2.177879e-02;2.790615e-02
8.507858e-02;1.296412e-01;1.459298e-01;3.090337e-02;4.004613e-02;3.927502e-02;4.555877e-02;1.208821e-01;2.066874e-01;1.054281e-01;1.600310e-02;3.456633e-02
9.837893e-02;1.455017e-01;1.109018e-01;2.771819e-02;3.277096e-02;3.904696e-02;4.143937e-02;1.092970e-01;2.362772e-01;9.968266e-02;1.267254e-02;4.631265e-02
1.318925e-01;1.689159e-01;8.001045e-02;3.033413e-02;4.988465e-02;3.354534e-02;3.481503e-02;7.897275e-02;2.368074e-01;7.552170e-02;1.089080e-02;6.840934e-02
1.271634e-01;1.522728e-01;8.692524e-02;3.059043e-02;4.924337e-02;5.666121e-02;3.986768e-02;6.577950e-02;1.974627e-01;9.824633e-02;1.733888e-02;7.844856e-02
8.662762e-02;1.155161e-01;7.889704e-02;3.138981e-02;8.484972e-02;8.117183e-02;6.932887e-02;6.835043e-02;1.884037e-01;1.194171e-01;1.541471e-02;6.063308e-02
5.290781e-02;1.248992e-01;8.362842e-02;3.231592e-02;7.690365e-02;8.759581e-02;6.714778e-02;8.371668e-02;2.506339e-01;7.508013e-02;1.950532e-02;4.566543e-02
2.419054e-02;1.377226e-01;1.497253e-01;6.153771e-02;6.385065e-02;8.036497e-02;8.734440e-02;7.888419e-02;2.272039e-01;3.755855e-02;2.080706e-02;3.081025e-02
9.128227e-02;1.018323e-01;2.392785e-01;5.823970e-02;8.606260e-02;7.082398e-02;1.372695e-01;3.382740e-02;1.126943e-01;2.603534e-02;1.477269e-02;2.788148e-02
1.380539e-01;9.912071e-02;2.354482e-01;5.024805e-02;7.294407e-02;6.087520e-02;1.461871e-01;3.619074e-02;6.513625e-02;3.472214e-02;3.010620e-02;3.096744e-02
1.752186e-01;1.007481e-01;1.950408e-01;4.013785e-02;4.768744e-02;5.494750e-02;1.457871e-01;3.083711e-02;6.725761e-02;4.220600e-02;4.951803e-02;5.061395e-02
1.645770e-01;7.795702e-02;1.707729e-01;2.861087e-02;3.980640e-02;4.949459e-02;1.358186e-01;2.330063e-02;1.020832e-01;6.940699e-02;7.308992e-02;6.508177e-02
1.010732e-01;4.324200e-02;2.271004e-01;3.777973e-02;3.311048e-02;5.146513e-02;1.170610e-01;3.327582e-02;1.415132e-01;9.554058e-02;7.495461e-02;4.388383e-02
9.725600e-02;7.117450e-02;1.934229e-01;3.904613e-02;5.035873e-02;5.157264e-02;1.465603e-01;4.907676e-02;1.490411e-01;8.596677e-02;4.093313e-02;2.559115e-02
1.044098e-01;1.029765e-01;1.395443e-01;3.197507e-02;5.742650e-02;5.018884e-02;1.409939e-01;4.570374e-02;1.649959e-01;9.019731e-02;2.923058e-02;4.235753e-02
8.375383e-02;9.589291e-02;1.584035e-01;4.188266e-02;5.927446e-02;4.117593e-02;1.139109e-01;5.002408e-02;1.852829e-01;8.011220e-02;3.203667e-02;5.824994e-02
7.029352e-02;8.509657e-02;2.230771e-01;6.344993e-02;5.968002e-02;5.229692e-02;7.368314e-02;3.433604e-02;1.482240e-01;8.754226e-02;3.797327e-02;6.434716e-02
9.854096e-02;7.736787e-02;2.331457e-01;6.331674e-02;5.331459e-02;7.051526e-02;7.937684e-02;3.145418e-02;9.453265e-02;9.837712e-02;5.485815e-02;4.519997e-02
9.257841e-02;8.023760e-02;2.091985e-01;7.922858e-02;9.859110e-02;8.295675e-02;9.656471e-02;3.442088e-02;9.268552e-02;7.449168e-02;2.306387e-02;3.598243e-02
1.457233e-01;1.118067e-01;2.335513e-01;9.950765e-02;1.033373e-01;6.172484e-02;7.992261e-02;4.267338e-02;5.019674e-02;3.441965e-02;9.426760e-03;2.770982e-02
2.007169e-01;1.201997e-01;2.127191e-01;8.652087e-02;9.074660e-02;5.525612e-02;6.451489e-02;6.624952e-02;3.096545e-02;2.533126e-02;1.160718e-02;3.517242e-02
2.572280e-01;9.722726e-02;1.517762e-01;5.907752e-02;6.457216e-02;6.629828e-02;6.940679e-02;1.270643e-01;2.741988e-02;1.732496e-02;1.183491e-02;5.076980e-02
2.806297e-01;3.451451e-02;8.240632e-02;2.928496e-02;3.461887e-02;7.231849e-02;7.779887e-02;2.408071e-01;5.004467e-02;1.782541e-02;1.329700e-02;6.645405e-02
2.797625e-01;4.713320e-02;7.683592e-02;2.397830e-02;3.621450e-02;4.268839e-02;8.863889e-02;2.879295e-01;3.841268e-02;1.481882e-02;1.251881e-02;5.106845e-02
2.787103e-01;4.531983e-02;1.053520e-01;1.481525e-02;3.468283e-02;4.592716e-02;1.073549e-01;2.706372e-01;3.747026e-02;1.160283e-02;9.398037e-03;3.872942e-02
2.797179e-01;3.557520e-02;1.110434e-01;1.271300e-02;4.767397e-02;4.064337e-02;1.355091e-01;2.421827e-01;2.339014e-02;1.227730e-02;1.078689e-02;4.848701e-02
3.087890e-01;4.840115e-02;1.060242e-01;9.353121e-03;6.588695e-02;1.927582e-02;1.534148e-01;1.839345e-01;3.304367e-02;9.829571e-03;1.128921e-02;5.075804e-02
2.882330e-01;6.871680e-02;9.602144e-02;1.775751e-02;6.006153e-02;3.187709e-02;1.792818e-01;9.567706e-02;5.190905e-02;2.443630e-02;1.235713e-02;7.367133e-02
1.958884e-01;7.029662e-02;4.819321e-02;3.463468e-02;2.905020e-02;2.902107e-02;2.047637e-01;1.649969e-01;5.333172e-02;4.425524e-02;1.740367e-02;1.081646e-01
2.126809e-01;7.143364e-02;5.648081e-02;2.976018e-02;1.285138e-02;1.645904e-02;1.768627e-01;2.064801e-01;5.834018e-02;4.375372e-02;2.271542e-02;9.218195e-02
2.214930e-01;7.008971e-02;8.557256e-02;2.312126e-02;2.088039e-02;2.328188e-02;1.528102e-01;2.164409e-01;5.464264e-02;3.721406e-02;2.827129e-02;6.618214e-02
1.897420e-01;6.634316e-02;1.253369e-01;2.402005e-02;3.154292e-02;3.944505e-02;1.193919e-01;2.162928e-01;5.278347e-02;3.454355e-02;3.765772e-02;6.290045e-02
1.707552e-01;6.558246e-02;1.114309e-01;2.692264e-02;3.656834e-02;5.153148e-02;9.116872e-02;1.968647e-01;5.794740e-02;8.987616e-02;4.058976e-02;6.076221e-02
3.164151e-01;6.843905e-02;7.445286e-02;3.385880e-02;5.796621e-02;3.544337e-02;1.052413e-01;9.127844e-02;4.252337e-02;9.840403e-02;2.339571e-02;5.258175e-02
3.256168e-01;5.066722e-02;1.048593e-01;2.045186e-02;7.109912e-02;2.492593e-02;9.479274e-02;1.049832e-01;3.818135e-02;6.545521e-02;3.295510e-02;6.601214e-02
2.379818e-01;3.805872e-02;1.104192e-01;2.327702e-02;6.390887e-02;2.179120e-02;1.278118e-01;2.032965e-01;3.325579e-02;5.784976e-02;2.178744e-02;6.056187e-02
1.709010e-01;3.159545e-02;7.193261e-02;1.922459e-02;4.162786e-02;2.438910e-02;1.925511e-01;2.809682e-01;3.680082e-02;6.525771e-02;1.700734e-02;4.774420e-02
1.566675e-01;1.602815e-02;6.101352e-02;2.151662e-02;4.223117e-02;2.405250e-02;2.073033e-01;3.232354e-01;3.016424e-02;5.076558e-02;1.702967e-02;4.999246e-02
9.822097e-02;5.008431e-02;1.949817e-01;4.707965e-02;5.781341e-02;5.109271e-02;1.723081e-01;1.800292e-01;4.932153e-02;4.834053e-02;1.577261e-02;3.495531e-02
1.033085e-01;9.536511e-02;3.002767e-01;4.872901e-02;5.876323e-02;6.306814e-02;1.268415e-01;6.234635e-02;5.572160e-02;4.799611e-02;1.700752e-02;2.057626e-02
1.095763e-01;1.465487e-01;3.427629e-01;3.832885e-02;3.985531e-02;6.561606e-02;7.230064e-02;2.669875e-02;7.349537e-02;4.727485e-02;1.477415e-02;2.276815e-02
7.172208e-02;1.894464e-01;3.649824e-01;2.937845e-02;1.792282e-02;7.925253e-02;4.033053e-02;1.190090e-02;1.248064e-01;3.477549e-02;1.202884e-02;2.345333e-02
5.965906e-02;1.862697e-01;3.843168e-01;3.030151e-02;1.419980e-02;6.898452e-02;2.013305e-02;2.541362e-02;1.578224e-01;2.085523e-02;1.165153e-02;2.039276e-02
1.148282e-01;1.390321e-01;3.793732e-01;2.456641e-02;3.486992e-02;2.491364e-02;4.338230e-02;4.529557e-02;1.417401e-01;1.938232e-02;1.666342e-02;1.595278e-02
1.881778e-01;1.187675e-01;3.162041e-01;2.225755e-02;5.733494e-02;2.702123e-02;6.476588e-02;3.498095e-02;1.143379e-01;2.054446e-02;1.424173e-02;2.136593e-02
2.424225e-01;9.032893e-02;2.540304e-01;2.779849e-02;7.305290e-02;2.569610e-02;8.028335e-02;5.671801e-02;8.871051e-02;1.771035e-02;1.505481e-02;2.819355e-02
2.724911e-01;4.164163e-02;1.793858e-01;3.507309e-02;7.728425e-02;3.625020e-02;9.697939e-02;7.787824e-02;7.682762e-02;2.700527e-02;2.911089e-02;5.007254e-02
2.009125e-01;2.434997e-02;2.568406e-01;5.061242e-02;5.937190e-02;5.273791e-02;1.000746e-01;4.141339e-02;7.519633e-02;3.321071e-02;3.848153e-02;6.679822e-02
1.394332e-01;7.445025e-02;3.008710e-01;5.694196e-02;3.696048e-02;5.685772e-02;9.218414e-02;2.055028e-02;9.078919e-02;3.688358e-02;3.938084e-02;5.469733e-02
1.195284e-01;8.948403e-02;2.740745e-01;3.479376e-02;3.705469e-02;4.089127e-02;1.118764e-01;6.606488e-02;1.259101e-01;3.636688e-02;3.605292e-02;2.790211e-02
1.048612e-01;9.006324e-02;2.851875e-01;2.557178e-02;3.471164e-02;3.127673e-02;1.075302e-01;7.983650e-02;1.318296e-01;4.371245e-02;3.856792e-02;2.685114e-02
9.631599e-02;6.711143e-02;3.278861e-01;2.587992e-02;5.047235e-02;4.769486e-02;9.141769e-02;5.837605e-02;1.049748e-01;4.583716e-02;4.502084e-02;3.901285e-02
7.805058e-02;4.111908e-02;3.659731e-01;4.554172e-02;8.424917e-02;3.279216e-02;7.696658e-02;5.761974e-02;7.941580e-02;5.023415e-02;4.850185e-02;3.953602e-02
1.137040e-01;5.576672e-02;3.166571e-01;4.665425e-02;1.086677e-01;4.156994e-02;7.173724e-02;3.798956e-02;7.113230e-02;4.788172e-02;4.360823e-02;4.463118e-02
1.435273e-01;6.344453e-02;2.193904e-01;3.487275e-02;1.043185e-01;6.969382e-02;9.518009e-02;4.571475e-02;7.720605e-02;5.529742e-02;3.724325e-02;5.411117e-02
1.382513e-01;9.365473e-02;1.828198e-01;4.681134e-02;7.972398e-02;8.460072e-02;9.617588e-02;4.907449e-02;8.972963e-02;5.510695e-02;3.124302e-02;5.280819e-02
1.052864e-01;1.059472e-01;1.706342e-01;6.182235e-02;6.902673e-02;7.978062e-02;1.242170e-01;4.827925e-02;9.784884e-02;5.277769e-02;3.215117e-02;5.222839e-02
8.786742e-02;9.631100e-02;1.694211e-01;6.745420e-02;6.806415e-02;8.706714e-02;1.314949e-01;5.772134e-02;9.577309e-02;5.145761e-02;3.358147e-02;5.378653e-02
8.728763e-02;4.703028e-02;2.341027e-01;1.006254e-01;6.082897e-02;1.024922e-01;8.600698e-02;5.784041e-02;8.623295e-02;4.928414e-02;4.007478e-02;4.819356e-02
1.087516e-01;1.201193e-01;3.318612e-01;8.047216e-02;5.615494e-02;4.724941e-02;8.329655e-02;4.976461e-02;3.743431e-02;4.100601e-02;2.212520e-02;2.176465e-02
1.001671e-01;1.283971e-01;2.837993e-01;7.867358e-02;7.264780e-02;7.289398e-02;9.845365e-02;4.172215e-02;4.368225e-02;3.813209e-02;2.071707e-02;2.071404e-02
8.035202e-02;1.586887e-01;2.185398e-01;7.677151e-02;9.554651e-02;1.049029e-01;1.024278e-01;2.865510e-02;4.315706e-02;4.456639e-02;2.245859e-02;2.393357e-02
7.552703e-02;1.593186e-01;1.859387e-01;8.020089e-02;1.191278e-01;1.217986e-01;6.896879e-02;2.109342e-02;5.288992e-02;5.399894e-02;4.016498e-02;2.097248e-02
6.904991e-02;1.169380e-01;1.227894e-01;5.407660e-02;1.342711e-01;2.144568e-01;9.114713e-02;2.542166e-02;4.441797e-02;5.073638e-02;5.707712e-02;1.961790e-02
4.866394e-02;1.395661e-01;9.215254e-02;3.166278e-02;1.601952e-01;2.269673e-01;8.674700e-02;2.546309e-02;2.598123e-02;8.497771e-02;6.130132e-02;1.632184e-02
2.734603e-02;1.753349e-01;9.108308e-02;5.375202e-02;2.037058e-01;1.554716e-01;7.262998e-02;2.742887e-02;2.209937e-02;1.055985e-01;4.722334e-02;1.832652e-02
2.423730e-02;1.783395e-01;7.135779e-02;8.835763e-02;2.247335e-01;1.148581e-01;4.440409e-02;2.135191e-02;3.807449e-02;1.377411e-01;3.962332e-02;1.692140e-02
6.748178e-02;8.860850e-02;1.173436e-01;1.302917e-01;1.870070e-01;9.309866e-02;5.586631e-02;1.668025e-02;3.696954e-02;1.474950e-01;4.433191e-02;1.482569e-02
9.109178e-02;8.064348e-02;1.293564e-01;1.449212e-01;1.332962e-01;7.536548e-02;5.157978e-02;2.962309e-02;7.787665e-02;1.277042e-01;4.168846e-02;1.685323e-02
8.095574e-02;1.021588e-01;8.580811e-02;1.243158e-01;7.128961e-02;9.795574e-02;6.318738e-02;4.293435e-02;1.016973e-01;1.531886e-01;5.299926e-02;2.350930e-02
5.723081e-02;7.476240e-02;1.142860e-01;1.283468e-01;1.229135e-01;1.163366e-01;7.334364e-02;2.663407e-02;4.759889e-02;1.418555e-01;6.710812e-02;2.958365e-02
4.167641e-02;4.959618e-02;1.198797e-01;1.253357e-01;1.703750e-01;1.213216e-01;8.905138e-02;5.675172e-02;5.124009e-02;9.889682e-02;5.253391e-02;2.334136e-02
5.980399e-02;6.960202e-02;1.146004e-01;1.232554e-01;1.524272e-01;1.409027e-01;6.015335e-02;5.676013e-02;4.779996e-02;1.045522e-01;4.729788e-02;2.284480e-02
9.005521e-02;8.947930e-02;7.964835e-02;1.023097e-01;1.327669e-01;1.318789e-01;5.561393e-02;4.648218e-02;5.564190e-02;1.203908e-01;5.943246e-02;3.630031e-02
8.332954e-02;8.877113e-02;8.743867e-02;7.641821e-02;1.648647e-01;1.107848e-01;8.063827e-02;6.394530e-02;6.605245e-02;1.060690e-01;4.428052e-02;2.740748e-02
7.469992e-02;7.402434e-02;7.660754e-02;7.509658e-02;1.600062e-01;1.358921e-01;1.042558e-01;7.421497e-02;7.445443e-02;9.709667e-02;3.033900e-02;2.331244e-02
8.692011e-02;7.172345e-02;1.027958e-01;6.119029e-02;1.667041e-01;1.647195e-01;1.063114e-01;4.393409e-02;4.078024e-02;8.260354e-02;3.977146e-02;3.254602e-02
8.542253e-02;7.630966e-02;1.527734e-01;3.281213e-02;1.715597e-01;1.584162e-01;1.166958e-01;2.112157e-02;6.759189e-02;6.653923e-02;3.036586e-02;2.039211e-02
8.624568e-02;6.754604e-02;1.303691e-01;4.716808e-02;1.636250e-01;1.538294e-01;1.368582e-01;3.261689e-02;8.270439e-02;4.493213e-02;3.093383e-02;2.317123e-02
8.636635e-02;1.216999e-01;7.546564e-02;5.434327e-02;1.472522e-01;1.488600e-01;1.070796e-01;4.086288e-02;9.365582e-02;4.833442e-02;4.459478e-02;3.148507e-02
9.028986e-02;1.453072e-01;9.671583e-02;6.483340e-02;1.329596e-01;1.272281e-01;8.127158e-02;5.660964e-02;7.776674e-02;4.505709e-02;5.162415e-02;3.033674e-02
1.061624e-01;9.433387e-02;1.385727e-01;5.368968e-02;1.010029e-01;1.006036e-01;9.954537e-02;6.891012e-02;7.899395e-02;7.631005e-02;5.306527e-02;2.881008e-02
1.143973e-01;7.065091e-02;1.590306e-01;3.842669e-02;4.772908e-02;6.953691e-02;8.997929e-02;7.614138e-02;1.235068e-01;1.158656e-01;4.614786e-02;4.858754e-02
9.683077e-02;6.863319e-02;1.997032e-01;3.428118e-02;4.061750e-02;4.071187e-02;9.518977e-02;6.333961e-02;1.709003e-01;9.563518e-02;4.184545e-02;5.231206e-02
