9.068713e-02;5.045604e-02;2.332907e-02;1.690801e-02;1.180896e-02;1.943054e-02;2.334666e-01;3.030941e-01;2.763860e-02;3.230108e-02;1.808330e-01;1.004687e-02
3.060821e-02;3.312047e-02;2.888933e-02;1.801211e-02;7.157484e-03;2.195200e-02;2.798947e-01;4.669777e-01;3.040618e-02;2.862464e-02;4.649022e-02;7.866989e-03
3.489649e-02;4.578837e-02;3.168112e-02;1.344338e-02;6.471436e-03;3.021113e-02;3.391345e-01;4.090445e-01;2.260633e-02;2.166336e-02;3.452491e-02;1.053444e-02
3.904120e-02;7.795636e-02;3.456832e-02;8.391705e-03;1.230834e-02;3.589755e-02;4.000166e-01;3.080477e-01;1.810974e-02;2.057204e-02;2.765169e-02;1.743875e-02
6.358885e-02;1.148664e-01;3.026824e-02;8.327173e-03;1.808897e-02;4.387298e-02;4.131038e-01;2.041616e-01;9.786216e-03;1.469730e-02;6.636126e-02;1.287719e-02
9.814938e-02;9.947395e-02;2.845870e-02;2.079942e-02;1.819444e-02;5.477875e-02;3.938277e-01;2.002453e-01;2.085983e-02;1.897967e-02;4.089119e-02;5.341604e-03
1.407194e-01;1.335011e-01;4.266187e-02;1.814711e-02;3.257949e-02;5.687465e-02;3.176100e-01;8.476378e-02;2.204280e-02;3.721014e-02;1.010603e-01;1.282941e-02
8.685418e-02;8.217484e-02;4.703735e-02;4.201675e-02;7.847296e-02;6.639037e-02;2.490049e-01;1.449459e-01;4.917193e-02;4.321337e-02;8.401147e-02;2.670590e-02
9.974968e-02;6.642955e-02;6.006019e-02;8.269886e-02;1.242657e-01;7.325171e-02;1.418816e-01;1.571299e-01;6.687038e-02;4.230743e-02;4.995282e-02;3.540211e-02
1.035537e-01;7.964841e-02;6.211477e-02;1.143795e-01;1.267606e-01;7.368755e-02;1.357928e-01;1.290025e-01;6.353871e-02;3.238636e-02;4.959233e-02;2.954278e-02
1.104551e-01;6.395407e-02;3.565535e-02;7.642977e-02;6.647010e-02;6.164396e-02;2.012567e-01;1.211607e-01;4.618090e-02;4.359086e-02;1.565729e-01;1.662962e-02
1.137145e-01;6.646713e-02;2.276628e-02;3.666518e-02;6.184742e-02;4.611095e-02;1.647361e-01;1.435705e-01;3.636854e-02;5.531207e-02;2.428188e-01;9.622576e-03
7.610856e-02;5.176070e-02;2.358750e-02;3.429933e-02;6.077429e-02;4.177519e-02;1.715159e-01;1.921238e-01;4.277131e-02;5.512195e-02;2.406040e-01;9.557567e-03
8.905589e-02;7.295051e-02;2.454084e-02;4.772342e-02;4.890974e-02;3.849687e-02;2.032514e-01;2.029890e-01;3.387215e-02;3.920895e-02;1.884813e-01;1.051979e-02
1.101048e-01;9.993952e-02;3.207920e-02;5.109448e-02;5.315070e-02;3.372825e-02;2.203829e-01;2.071092e-01;2.602438e-02;2.596991e-02;1.262921e-01;1.412463e-02
9.291989e-02;7.044506e-02;5.351411e-02;5.271434e-02;4.782915e-02;6.436535e-02;1.825427e-01;2.323332e-01;3.668298e-02;3.898157e-02;1.070559e-01;2.061574e-02
7.496355e-02;4.252163e-02;3.442749e-02;1.048018e-01;7.230053e-02;5.661655e-02;1.627829e-01;1.513861e-01;6.046959e-02;5.490775e-02;1.738292e-01;1.099290e-02
7.911681e-02;3.407142e-02;1.513945e-02;1.454251e-01;7.950138e-02;3.391716e-02;2.103263e-01;1.076517e-01;9.990412e-02;7.613991e-02;1.153576e-01;3.449160e-03
7.992947e-02;2.482782e-02;2.625396e-02;1.597590e-01;5.137556e-02;1.876874e-02;2.344660e-01;1.513665e-01;1.257736e-01;6.007969e-02;6.185792e-02;5.541679e-03
8.328104e-02;1.819726e-02;3.442740e-02;1.735639e-01;3.580334e-02;1.740115e-02;2.156816e-01;1.828760e-01;1.303218e-01;4.985391e-02;5.609455e-02;2.497993e-03
7.165848e-02;1.514762e-02;3.464294e-02;1.584273e-01;3.306575e-02;2.876125e-02;2.127649e-01;2.115932e-01;1.154083e-01;4.488450e-02;6.232302e-02;1.132271e-02
4.204218e-02;5.797964e-02;3.683009e-02;1.127651e-01;3.665064e-02;4.430912e-02;2.478346e-01;2.344492e-01;7.387552e-02;3.106010e-02;5.233657e-02;2.986729e-02
6.038803e-02;1.217621e-01;3.735246e-02;6.282467e-02;3.290436e-02;3.897171e-02;2.860039e-01;1.967715e-01;3.345067e-02;3.351278e-02;5.336422e-02;4.269358e-02
8.891477e-02;1.548750e-01;3.076636e-02;3.723248e-02;1.472222e-02;3.428648e-02;3.080010e-01;1.864066e-01;2.011584e-02;3.454545e-02;5.971867e-02;3.041514e-02
1.074174e-01;1.271973e-01;3.233815e-02;3.650377e-02;3.162302e-02;3.892018e-02;2.545460e-01;1.886580e-01;4.843846e-02;4.256378e-02;5.991428e-02;3.187967e-02
1.272752e-01;8.575539e-02;4.192204e-02;4.646164e-02;4.854000e-02;5.534301e-02;1.541471e-01;1.470063e-01;8.381183e-02;7.917400e-02;5.258412e-02;7.797933e-02
9.248324e-02;8.361860e-02;2.783675e-02;6.442942e-02;4.732829e-02;4.648611e-02;1.757497e-01;1.120214e-01;1.023917e-01;8.248724e-02;6.683205e-02;9.833554e-02
9.455532e-02;7.561988e-02;4.331690e-02;6.303762e-02;4.333901e-02;4.803053e-02;2.216964e-01;1.394066e-01;8.944160e-02;3.864319e-02;6.028119e-02;8.263174e-02
1.052965e-01;1.367610e-01;4.962900e-02;3.550358e-02;7.327686e-02;5.780157e-02;1.575569e-01;9.824001e-02;7.276207e-02;7.638453e-02;6.958949e-02;6.719859e-02
1.053262e-01;1.291710e-01;4.386267e-02;4.607170e-02;8.073399e-02;5.427262e-02;1.059720e-01;1.225453e-01;6.338621e-02;9.021170e-02;1.003014e-01;5.814521e-02
6.542059e-02;1.212804e-01;3.907460e-02;7.466390e-02;9.161609e-02;5.441529e-02;9.698085e-02;1.244803e-01;6.908066e-02;8.950888e-02;1.256766e-01;4.780183e-02
1.073064e-01;1.323951e-01;2.732049e-02;8.305839e-02;8.022047e-02;5.287918e-02;1.084068e-01;9.032310e-02;7.067211e-02;8.287820e-02;1.223989e-01;4.214085e-02
1.552431e-01;1.316116e-01;2.388646e-02;8.691134e-02;6.112491e-02;6.248322e-02;1.595425e-01;5.662831e-02;7.203162e-02;7.014880e-02;9.440399e-02;2.598423e-02
1.692796e-01;1.357981e-01;3.484129e-02;5.421243e-02;1.502994e-02;4.083836e-02;1.921959e-01;9.629802e-02;2.079207e-02;5.486915e-02;1.675242e-01;1.832092e-02
1.420487e-01;8.961049e-02;2.368564e-02;3.180145e-02;2.821697e-02;3.197007e-02;2.471847e-01;1.881399e-01;2.421239e-02;3.806094e-02;1.400192e-01;1.504954e-02
1.020103e-01;3.884692e-02;2.187552e-02;2.321272e-02;2.685187e-02;3.719734e-02;2.788900e-01;2.969823e-01;2.885779e-02;2.850437e-02;8.999655e-02;2.677435e-02
8.103423e-02;6.645706e-02;2.338784e-02;1.133290e-02;2.412079e-02;3.458577e-02;2.756178e-01;3.376775e-01;2.402855e-02;1.962676e-02;6.372213e-02;3.840875e-02
1.114596e-01;1.593808e-01;1.759715e-02;8.734174e-03;1.906560e-02;3.165601e-02;2.744821e-01;2.459315e-01;1.325104e-02;1.468854e-02;8.171792e-02;2.203563e-02
1.647645e-01;2.406188e-01;1.259840e-02;5.970560e-03;1.263126e-02;3.537735e-02;2.848697e-01;1.626868e-01;5.325103e-03;1.117100e-02;5.840603e-02;5.580562e-03
2.610102e-01;2.639827e-01;1.002809e-02;1.158205e-02;6.611625e-03;4.362167e-02;2.506880e-01;9.611939e-02;3.364951e-03;1.687940e-02;2.906847e-02;7.043416e-03
4.036548e-01;2.107887e-01;5.550793e-03;1.286440e-02;1.038074e-02;5.683286e-02;2.035296e-01;4.295098e-02;5.118501e-03;2.522548e-02;1.180435e-02;1.129881e-02
4.970004e-01;1.118394e-01;6.056197e-03;7.330613e-03;1.369716e-02;6.492234e-02;1.899582e-01;2.547845e-02;1.345009e-02;2.994278e-02;2.646410e-02;1.386033e-02
4.927264e-01;4.205127e-02;1.481135e-02;6.837975e-03;1.821947e-02;6.557073e-02;2.017003e-01;3.103151e-02;2.480814e-02;2.472530e-02;5.194045e-02;2.557717e-02
4.020873e-01;4.735930e-02;3.236081e-02;7.805115e-03;2.403712e-02;6.244251e-02;1.834202e-01;3.324031e-02;3.983347e-02;1.606484e-02;1.112892e-01;4.005984e-02
2.504561e-01;5.425435e-02;5.390307e-02;1.878930e-02;3.556017e-02;6.913887e-02;1.725104e-01;3.052254e-02;5.545304e-02;1.869997e-02;1.744902e-01;6.622203e-02
1.673477e-01;7.527132e-02;7.166521e-02;3.444218e-02;3.835967e-02;7.454132e-02;1.816423e-01;3.139022e-02;5.313879e-02;1.242808e-02;1.735657e-01;8.620749e-02
2.198822e-01;5.909106e-02;7.103058e-02;4.242917e-02;2.850778e-02;6.502335e-02;2.119239e-01;3.268164e-02;3.758349e-02;1.446117e-02;1.431761e-01;7.420957e-02
1.692687e-01;9.303478e-02;5.993188e-02;4.377616e-02;4.276476e-02;5.930311e-02;2.396869e-01;2.047111e-02;3.178110e-02;1.582462e-02;1.695461e-01;5.461085e-02
1.168577e-01;1.120852e-01;3.423906e-02;4.024832e-02;4.010796e-02;5.483418e-02;2.600439e-01;7.825056e-02;3.150982e-02;1.260816e-02;1.879267e-01;3.128842e-02
2.226154e-01;7.431663e-02;4.153160e-02;2.163094e-02;1.932472e-02;5.495492e-02;2.029863e-01;9.165909e-02;3.738431e-02;1.725128e-02;2.033829e-01;1.296181e-02
2.023510e-01;8.529431e-02;4.578366e-02;3.175391e-02;3.208878e-02;7.623923e-02;1.627082e-01;7.686912e-02;4.678700e-02;2.180910e-02;1.870417e-01;3.127403e-02
2.222904e-01;3.777711e-02;5.726288e-02;2.127748e-02;3.745610e-02;5.975622e-02;1.241135e-01;1.099949e-01;3.275320e-02;3.393213e-02;2.182871e-01;4.509895e-02
2.976384e-01;9.687079e-02;4.432844e-02;2.353020e-02;2.846789e-02;4.355647e-02;7.918041e-02;9.532246e-02;1.918804e-02;3.788405e-02;2.052471e-01;2.878578e-02
1.265689e-01;5.967379e-02;5.886570e-02;6.183304e-02;3.802524e-02;7.562790e-02;1.403331e-01;1.929777e-01;8.778745e-02;6.912695e-02;5.878736e-02;3.039291e-02
9.364570e-02;7.363174e-02;5.598852e-02;6.250323e-02;3.049375e-02;7.522017e-02;1.651676e-01;1.841363e-01;8.827595e-02;5.637341e-02;8.728935e-02;2.727427e-02
1.143484e-01;8.807484e-02;5.083298e-02;5.606290e-02;2.722117e-02;7.479763e-02;1.731752e-01;1.680773e-01;7.821200e-02;4.642585e-02;9.930632e-02;2.346538e-02
1.349241e-01;9.232749e-02;4.116699e-02;5.576111e-02;3.018589e-02;8.212906e-02;1.922382e-01;1.442681e-01;6.261213e-02;3.591307e-02;1.092481e-01;1.922582e-02
1.385675e-01;1.341924e-01;1.362590e-02;4.564726e-02;5.158486e-02;5.917349e-02;2.075139e-01;9.453149e-02;2.857833e-02;3.794481e-02;1.585118e-01;3.012826e-02
1.708731e-01;1.224126e-01;3.142416e-02;2.073555e-02;2.755398e-02;2.857193e-02;1.775818e-01;1.224954e-01;2.148303e-02;3.187351e-02;2.182146e-01;2.678029e-02
1.206461e-01;8.566272e-02;3.593699e-02;3.026038e-02;2.022357e-02;2.551051e-02;2.091676e-01;2.197277e-01;2.188058e-02;2.854043e-02;1.713539e-01;3.108952e-02
5.423739e-02;3.983434e-02;6.401540e-02;3.775823e-02;1.355961e-02;2.749887e-02;2.552126e-01;3.404821e-01;1.932180e-02;2.030074e-02;8.218598e-02;4.559300e-02
1.797907e-02;3.002808e-02;1.042054e-01;2.706173e-02;5.650672e-03;2.949486e-02;2.848791e-01;4.039449e-01;1.193610e-02;1.053978e-02;1.937346e-02;5.490684e-02
1.211627e-02;5.331147e-02;1.134034e-01;1.534452e-02;1.127482e-02;2.437433e-02;3.093269e-01;3.803141e-01;8.955011e-03;8.299142e-03;1.800761e-02;4.527250e-02
8.820566e-03;7.912616e-02;9.716421e-02;1.098636e-02;1.931449e-02;1.837558e-02;3.377991e-01;3.601654e-01;8.758164e-03;6.610724e-03;2.424440e-02;2.863490e-02
1.114232e-02;9.989110e-02;7.095577e-02;4.301239e-03;3.215415e-02;1.871207e-02;3.649285e-01;3.403322e-01;9.057989e-03;5.979923e-03;2.588651e-02;1.665825e-02
1.263107e-02;1.161659e-01;4.732397e-02;7.444200e-03;6.112395e-02;2.176864e-02;3.787608e-01;2.952585e-01;7.207253e-03;3.778526e-03;3.727592e-02;1.126126e-02
1.789766e-02;1.352365e-01;2.405232e-02;1.251593e-02;8.745965e-02;2.890196e-02;3.958355e-01;2.405351e-01;7.291274e-03;4.401203e-03;3.748727e-02;8.385619e-03
3.032511e-02;1.545278e-01;9.930457e-03;1.007760e-02;9.172471e-02;4.047714e-02;4.019045e-01;2.043070e-01;8.138711e-03;5.670335e-03;4.008248e-02;2.834163e-03
6.999138e-02;1.720240e-01;1.259907e-02;3.753005e-03;6.139226e-02;5.434129e-02;3.981203e-01;1.579617e-01;8.663446e-03;6.263542e-03;4.964681e-02;5.243234e-03
1.217005e-01;1.781019e-01;1.538014e-02;1.368681e-02;2.803350e-02;6.356180e-02;3.835178e-01;1.239580e-01;7.303250e-03;8.383376e-03;5.194487e-02;4.428094e-03
1.711878e-01;1.544940e-01;1.524953e-02;3.112815e-02;1.464597e-02;7.361987e-02;3.544302e-01;1.010745e-01;7.594171e-03;1.954225e-02;4.608658e-02;1.094696e-02
1.803814e-01;1.276441e-01;1.968299e-02;4.311274e-02;3.711637e-02;9.642437e-02;2.997637e-01;8.919779e-02;1.417682e-02;2.754182e-02;4.996543e-02;1.499246e-02
1.245440e-01;9.885891e-02;2.658392e-02;3.681481e-02;5.656327e-02;1.139267e-01;3.443231e-01;8.125224e-02;2.135354e-02;2.198982e-02;6.308878e-02;1.070089e-02
8.146019e-02;4.850128e-02;3.341039e-02;3.299433e-02;7.069061e-02;1.211075e-01;4.483594e-01;4.692238e-02;3.101152e-02;1.870287e-02;5.398878e-02;1.285078e-02
9.111603e-02;4.422170e-02;3.127901e-02;3.459920e-02;6.914766e-02;1.079556e-01;3.826168e-01;9.043758e-02;3.730004e-02;2.646588e-02;6.617524e-02;1.868520e-02
9.200442e-02;2.802655e-02;3.585325e-02;4.114652e-02;6.504045e-02;1.048000e-01;3.476061e-01;1.161958e-01;5.056795e-02;3.702388e-02;4.586289e-02;3.587216e-02
5.982625e-02;5.519781e-02;4.035058e-02;3.383454e-02;3.444882e-02;6.473891e-02;3.191760e-01;1.375884e-01;3.889443e-02;3.078403e-02;1.610574e-01;2.410287e-02
1.339863e-01;6.741282e-02;3.649524e-02;3.425955e-02;2.440522e-02;3.274314e-02;2.456498e-01;8.070674e-02;2.232944e-02;3.255299e-02;2.760713e-01;1.338742e-02
1.494898e-01;6.228828e-02;3.334141e-02;4.191029e-02;2.585728e-02;2.780181e-02;1.766538e-01;3.299130e-02;1.488576e-02;3.203361e-02;3.872559e-01;1.549079e-02
8.991112e-02;8.467249e-02;4.658503e-02;4.444460e-02;4.768031e-02;4.152862e-02;1.302952e-01;4.315047e-02;1.622913e-02;3.899378e-02;4.024335e-01;1.407575e-02
9.930512e-02;1.235123e-01;7.347348e-02;3.776933e-02;7.508477e-02;6.397633e-02;1.002613e-01;6.486861e-02;2.582525e-02;6.247391e-02;2.576323e-01;1.581736e-02
1.512240e-01;1.304244e-01;7.024959e-02;6.007739e-02;8.660760e-02;6.776753e-02;7.150931e-02;4.124190e-02;3.940991e-02;6.281526e-02;1.847135e-01;3.395952e-02
1.674830e-01;1.359357e-01;4.156845e-02;7.415583e-02;1.079565e-01;3.736668e-02;8.023210e-02;2.719977e-02;5.234975e-02;4.379000e-02;1.871544e-01;4.480781e-02
1.029010e-01;1.572135e-01;3.936845e-02;7.610348e-02;1.247748e-01;4.285006e-02;1.231348e-01;7.394844e-02;5.097757e-02;5.765280e-02;1.214907e-01;2.958445e-02
1.047721e-01;1.300301e-01;4.589279e-02;2.955931e-02;4.015443e-02;6.387078e-02;1.745357e-01;1.488049e-01;4.688170e-02;5.012909e-02;1.346804e-01;3.068875e-02
9.809066e-02;1.080715e-01;4.926777e-02;2.928832e-02;3.488166e-02;6.128904e-02;1.838816e-01;1.807544e-01;5.723565e-02;5.301968e-02;1.101452e-01;3.407443e-02
8.404874e-02;9.506906e-02;5.335627e-02;3.755850e-02;3.660210e-02;5.721719e-02;1.985032e-01;2.087562e-01;6.264645e-02;4.838651e-02;8.547541e-02;3.238035e-02
7.017988e-02;6.255158e-02;5.940926e-02;6.057568e-02;3.536081e-02;4.725936e-02;1.994362e-01;2.658121e-01;6.769735e-02;4.430840e-02;6.396224e-02;2.344718e-02
5.483154e-02;3.009390e-02;5.707788e-02;7.041851e-02;1.803711e-02;3.141323e-02;2.177949e-01;3.717759e-01;6.146018e-02;3.543000e-02;4.683562e-02;4.831231e-03
6.183750e-02;2.614373e-02;4.724846e-02;4.159141e-02;9.355417e-03;2.241431e-02;2.565589e-01;4.000579e-01;4.752430e-02;2.698965e-02;5.229336e-02;7.985045e-03
5.395079e-02;1.528680e-02;3.801550e-02;4.659211e-02;1.223310e-02;2.498408e-02;2.642316e-01;4.218283e-01;4.632441e-02;2.714515e-02;3.823058e-02;1.117754e-02
4.168700e-02;7.044904e-03;2.926575e-02;6.361572e-02;1.518832e-02;1.222093e-02;2.601049e-01;4.316973e-01;5.652413e-02;3.320176e-02;4.182676e-02;7.622549e-03
5.794782e-02;1.388860e-02;2.469282e-02;6.608725e-02;1.392508e-02;1.100065e-02;2.397759e-01;3.856982e-01;5.946348e-02;4.151789e-02;8.353881e-02;2.463469e-03
6.806017e-02;2.127362e-02;1.912851e-02;7.091326e-02;1.453643e-02;9.181844e-03;2.319290e-01;3.719110e-01;6.660366e-02;5.275457e-02;6.603035e-02;7.677595e-03
7.634596e-02;2.238834e-02;1.971399e-02;5.698906e-02;1.658344e-02;1.107525e-02;2.233050e-01;3.411106e-01;5.997537e-02;5.399231e-02;1.133664e-01;5.154311e-03
9.357104e-02;5.377695e-02;1.720881e-02;3.922759e-02;1.519411e-02;1.919527e-02;2.218999e-01;2.769386e-01;4.442460e-02;4.039340e-02;1.721919e-01;5.977840e-03
9.049246e-02;5.806922e-02;1.398957e-02;3.969384e-02;1.093186e-02;1.484881e-02;2.318233e-01;2.645923e-01;4.838971e-02;3.493582e-02;1.853152e-01;6.917852e-03
7.433834e-02;2.663416e-02;1.038370e-02;4.173110e-02;1.129483e-02;2.107089e-02;2.793849e-01;2.665040e-01;6.491566e-02;4.696276e-02;1.487603e-01;8.019331e-03
5.356000e-02;4.259852e-02;1.204632e-02;2.686962e-02;2.068277e-02;3.371875e-02;3.638613e-01;2.384333e-01;4.647718e-02;5.072024e-02;8.176407e-02;2.926794e-02
4.448823e-02;6.010909e-02;1.530520e-02;2.279462e-02;2.908695e-02;4.424137e-02;4.219126e-01;1.676570e-01;2.260612e-02;4.788913e-02;8.090021e-02;4.300958e-02
7.205650e-02;9.447799e-02;2.765696e-02;2.795911e-02;4.163199e-02;5.810671e-02;3.795220e-01;1.114783e-01;3.219473e-02;5.342248e-02;6.113177e-02;4.036141e-02
7.706989e-02;1.286891e-01;2.549210e-02;2.583372e-02;4.071664e-02;5.874401e-02;2.943027e-01;1.543374e-01;3.884330e-02;4.944193e-02;6.103706e-02;4.549209e-02
9.392519e-02;1.067514e-01;3.574871e-02;2.555992e-02;3.223364e-02;5.460201e-02;2.485546e-01;1.451945e-01;4.452626e-02;3.469562e-02;8.358267e-02;9.462550e-02
7.853082e-02;1.041090e-01;3.919484e-02;4.567578e-02;5.230541e-02;4.890246e-02;2.410979e-01;1.044183e-01;5.352435e-02;4.641833e-02;7.165898e-02;1.141637e-01
6.234548e-02;4.829402e-02;3.460114e-02;6.213713e-02;7.930887e-02;9.028561e-02;1.427421e-01;1.175615e-01;9.563955e-02;9.652102e-02;6.017821e-02;1.103854e-01
6.701563e-02;5.814984e-02;3.344585e-02;5.911059e-02;7.259706e-02;8.374119e-02;1.190323e-01;1.696695e-01;8.752259e-02;9.108014e-02;8.542050e-02;7.321477e-02
7.767177e-02;4.999654e-02;3.171799e-02;5.304306e-02;5.950459e-02;7.051147e-02;1.388809e-01;1.946173e-01;7.331395e-02;7.649004e-02;1.151305e-01;5.912191e-02
1.144762e-01;6.975406e-02;2.231047e-02;1.909307e-02;3.867436e-02;5.548184e-02;1.745020e-01;1.590525e-01;4.212248e-02;5.616074e-02;2.158669e-01;3.250536e-02
1.202722e-01;5.701402e-02;2.082231e-02;3.548004e-02;2.905963e-02;4.691193e-02;1.669772e-01;1.475166e-01;2.456534e-02;4.941310e-02;2.886493e-01;1.331831e-02
9.885432e-02;3.399256e-02;1.829157e-02;5.665934e-02;2.940351e-02;4.206364e-02;1.650976e-01;1.837226e-01;2.565714e-02;5.575773e-02;2.807454e-01;9.754516e-03
8.596755e-02;3.504904e-02;1.598382e-02;9.423766e-02;3.668745e-02;2.748164e-02;1.769209e-01;2.276397e-01;3.198923e-02;6.052829e-02;2.001513e-01;7.363308e-03
8.249443e-02;3.402862e-02;1.717210e-02;1.531282e-01;6.944966e-02;1.338989e-02;2.303574e-01;2.189227e-01;4.752170e-02;7.662748e-02;4.959378e-02;7.313959e-03
7.876875e-02;3.305035e-02;1.646148e-02;1.270379e-01;1.021431e-01;1.549356e-02;1.806052e-01;1.629053e-01;3.621010e-02;8.733390e-02;1.509434e-01;9.047142e-03
7.701103e-02;3.749733e-02;1.710997e-02;8.335770e-02;1.779678e-01;9.734601e-03;1.337412e-01;1.321381e-01;2.635523e-02;9.488405e-02;2.045168e-01;5.686233e-03
4.360596e-02;2.784672e-02;1.231516e-02;4.427483e-02;2.697416e-01;1.513584e-02;9.927483e-02;9.528527e-02;3.040830e-02;1.038699e-01;2.428862e-01;1.535540e-02
3.672899e-02;3.208737e-02;1.126274e-02;2.578951e-02;2.381141e-01;2.799243e-02;7.573359e-02;9.903607e-02;2.519497e-02;1.160987e-01;2.950774e-01;1.688414e-02
4.060698e-02;4.190748e-02;6.877005e-03;1.999618e-02;1.428146e-01;2.434939e-02;5.268178e-02;1.239041e-01;3.044295e-02;1.179400e-01;3.775567e-01;2.092276e-02
4.310933e-02;4.779486e-02;5.643906e-03;9.742632e-03;7.073277e-02;1.616712e-02;4.041360e-02;1.479915e-01;3.989283e-02;1.078936e-01;4.508394e-01;1.977840e-02
5.959160e-02;4.238666e-02;7.927682e-03;1.404767e-02;4.283479e-02;1.058341e-02;4.635502e-02;1.577017e-01;3.294227e-02;9.593324e-02;4.777896e-01;1.190634e-02
6.590128e-02;4.571546e-02;7.846924e-03;1.248402e-02;4.152693e-02;1.130710e-02;6.326923e-02;1.948154e-01;3.002091e-02;8.490187e-02;4.246837e-01;1.752730e-02
5.433689e-02;7.289092e-02;9.280127e-03;1.006610e-02;4.224905e-02;1.300211e-02;1.129948e-01;2.367390e-01;3.606052e-02;7.628861e-02;3.119403e-01;2.415158e-02
1.573778e-01;1.114971e-01;1.527445e-02;8.259196e-03;4.214374e-02;2.287113e-02;1.784118e-01;2.246428e-01;3.523787e-02;8.093881e-02;9.986342e-02;2.348185e-02
1.628644e-01;6.924992e-02;1.187714e-02;8.875210e-03;3.959583e-02;2.241651e-02;1.863472e-01;1.069289e-01;2.979918e-02;1.217368e-01;2.239040e-01;1.640487e-02
9.762352e-02;4.583277e-02;1.406791e-02;1.638963e-02;3.381830e-02;2.923025e-02;2.012132e-01;1.723838e-01;2.910659e-02;1.072820e-01;2.435275e-01;9.524514e-03
8.751154e-02;6.381973e-02;1.676906e-02;2.154921e-02;1.690393e-02;2.951490e-02;1.759485e-01;1.867295e-01;2.948652e-02;6.897270e-02;2.970739e-01;5.720482e-03
5.197101e-02;3.601585e-02;1.285384e-02;3.052019e-02;1.407199e-02;2.477529e-02;1.438957e-01;2.104855e-01;4.088810e-02;7.428012e-02;3.525479e-01;7.694553e-03
4.465068e-02;2.429577e-02;1.875088e-02;3.263425e-02;1.098428e-02;1.166608e-02;1.632029e-01;2.809798e-01;4.645543e-02;6.625313e-02;2.783718e-01;2.175495e-02
3.307905e-02;4.284113e-02;2.085327e-02;2.191201e-02;1.551989e-02;2.293330e-02;2.349111e-01;3.786858e-01;3.475631e-02;4.015648e-02;1.168552e-01;3.749642e-02
2.479398e-02;8.211699e-02;2.176139e-02;9.763105e-03;2.045767e-02;2.885959e-02;3.290330e-01;3.744344e-01;1.966097e-02;2.444648e-02;2.946417e-02;3.520820e-02
7.319561e-02;1.374175e-01;1.401128e-02;1.979103e-02;2.968062e-02;3.932564e-02;3.688950e-01;2.451096e-01;9.918288e-03;1.895244e-02;2.731833e-02;1.638463e-02
1.538952e-01;1.434304e-01;2.271841e-02;2.643830e-02;3.594153e-02;7.014343e-02;3.066101e-01;1.527446e-01;9.452122e-03;2.099349e-02;4.830327e-02;9.329198e-03
2.130860e-01;1.211005e-01;4.895303e-02;1.310236e-02;6.603114e-02;9.220892e-02;1.891095e-01;1.227029e-01;2.588554e-02;3.416545e-02;4.396830e-02;2.968639e-02
1.038508e-01;8.368897e-02;4.270108e-02;6.988183e-02;6.143125e-02;6.981385e-02;1.818932e-01;1.197426e-01;3.382281e-02;4.697106e-02;1.487076e-01;3.749482e-02
6.277453e-02;5.711161e-02;4.026583e-02;1.050091e-01;4.484764e-02;5.519694e-02;1.555035e-01;1.274877e-01;3.547968e-02;6.803651e-02;2.304709e-01;1.781617e-02
7.302903e-02;6.672852e-02;5.544622e-02;1.070320e-01;4.611778e-02;4.559122e-02;1.132483e-01;1.496503e-01;4.402784e-02;6.721060e-02;2.156888e-01;1.622939e-02
7.239909e-02;7.349364e-02;5.231744e-02;1.066218e-01;8.218969e-02;5.751444e-02;1.474262e-01;1.045989e-01;6.758997e-02;5.253747e-02;1.383111e-01;4.500018e-02
1.173943e-01;7.897637e-02;4.910357e-02;8.219886e-02;5.271214e-02;7.539154e-02;2.041549e-01;1.239245e-01;6.165758e-02;4.917102e-02;5.487806e-02;5.043717e-02
8.956482e-02;1.242279e-01;3.503142e-02;6.367590e-02;5.036969e-02;7.112132e-02;2.648771e-01;1.717368e-01;3.024112e-02;3.503632e-02;4.155686e-02;2.256076e-02
5.104504e-02;1.403454e-01;3.257196e-02;4.208509e-02;8.078165e-02;5.791240e-02;2.679361e-01;2.414670e-01;1.507945e-02;1.859364e-02;3.693298e-02;1.524929e-02
2.205283e-02;1.087591e-01;4.908328e-02;2.914295e-02;7.322948e-02;4.352215e-02;2.564375e-01;3.366653e-01;1.009837e-02;2.450670e-02;2.253797e-02;2.396431e-02
1.102294e-02;6.977038e-02;5.007270e-02;2.857214e-02;3.964121e-02;2.859955e-02;2.766625e-01;4.069493e-01;1.471548e-02;3.813445e-02;1.652666e-02;1.933273e-02
1.223281e-02;7.416211e-02;4.519359e-02;2.799599e-02;3.963191e-02;2.236952e-02;2.786203e-01;4.106161e-01;1.252266e-02;3.981990e-02;2.493598e-02;1.189923e-02
2.231464e-02;9.464772e-02;3.895651e-02;3.331742e-02;3.954243e-02;2.644967e-02;2.773269e-01;3.904966e-01;1.105457e-02;2.990353e-02;1.660645e-02;1.938360e-02
2.726799e-02;1.056194e-01;2.713362e-02;2.852722e-02;4.359477e-02;2.176214e-02;3.080694e-01;3.655502e-01;8.966485e-03;1.447673e-02;3.510807e-02;1.392404e-02
2.722877e-02;1.051040e-01;1.770348e-02;1.989909e-02;5.836076e-02;2.498828e-02;3.452183e-01;3.292419e-01;7.409559e-03;9.048261e-03;4.544311e-02;1.035456e-02
2.886338e-02;1.031378e-01;1.175160e-02;2.278244e-02;6.483389e-02;2.978090e-02;3.631479e-01;2.953196e-01;6.904042e-03;8.134522e-03;4.811521e-02;1.722865e-02
2.374315e-02;1.040733e-01;7.573723e-03;1.908774e-02;5.778892e-02;4.456272e-02;3.927815e-01;2.648574e-01;9.771260e-03;8.574427e-03;5.593703e-02;1.124879e-02
2.302090e-02;1.121291e-01;7.464298e-03;8.868200e-03;4.909616e-02;4.948329e-02;4.302828e-01;2.259392e-01;1.162463e-02;9.802216e-03;6.389937e-02;8.389795e-03
2.900537e-02;1.233433e-01;7.245378e-03;6.681073e-03;3.971549e-02;5.193663e-02;4.421852e-01;1.971229e-01;1.531160e-02;1.078515e-02;6.805331e-02;8.614609e-03
3.272675e-02;1.401147e-01;6.435081e-03;6.068293e-03;3.175602e-02;5.082290e-02;4.559830e-01;1.684561e-01;2.242215e-02;7.593166e-03;6.800882e-02;9.613063e-03
4.910370e-02;1.554065e-01;7.242763e-03;6.731668e-03;2.274536e-02;5.695384e-02;4.510383e-01;1.500230e-01;2.745819e-02;5.940253e-03;5.734693e-02;1.000946e-02
8.178557e-02;1.555018e-01;1.044600e-02;1.369552e-02;1.713638e-02;6.741798e-02;4.322991e-01;1.263994e-01;2.494799e-02;8.411198e-03;4.512870e-02;1.683041e-02
1.337946e-01;1.334019e-01;1.372523e-02;2.963462e-02;1.972954e-02;6.603972e-02;3.572806e-01;1.209591e-01;1.672317e-02;1.423144e-02;5.413396e-02;4.034609e-02
1.753632e-01;1.452113e-01;2.102917e-02;5.094641e-02;2.550455e-02;7.157137e-02;2.307140e-01;1.120395e-01;9.855209e-03;2.156765e-02;8.237649e-02;5.382102e-02
1.336325e-01;1.270759e-01;2.240192e-02;5.303498e-02;3.176259e-02;8.456862e-02;2.986318e-01;1.205793e-01;1.324441e-02;2.984460e-02;5.535125e-02;2.987214e-02
8.445793e-02;6.775429e-02;1.134553e-02;3.519317e-02;3.454426e-02;9.969601e-02;4.658976e-01;1.373553e-01;9.596049e-03;2.240330e-02;1.814996e-02;1.360662e-02
7.505501e-02;5.285518e-02;1.170224e-02;2.287725e-02;2.554672e-02;9.225414e-02;5.219437e-01;1.374342e-01;7.735625e-03;1.387911e-02;2.632797e-02;1.238882e-02
5.513381e-02;6.015030e-02;1.168767e-02;1.259068e-02;1.541885e-02;7.808150e-02;5.529403e-01;1.636597e-01;8.473480e-03;9.574881e-03;2.203735e-02;1.025153e-02
3.789083e-02;5.733375e-02;7.511823e-03;5.289118e-03;1.567719e-02;7.492730e-02;5.506682e-01;2.017863e-01;1.135176e-02;7.135800e-03;2.437616e-02;6.051831e-03
1.886007e-02;5.423631e-02;5.042944e-03;3.593091e-03;2.379200e-02;7.211701e-02;5.371529e-01;2.385389e-01;1.190539e-02;5.617378e-03;2.469151e-02;4.452514e-03
1.791587e-02;4.026721e-02;6.332766e-03;9.761696e-03;2.969765e-02;5.881771e-02;4.885845e-01;2.962114e-01;1.076893e-02;7.563694e-03;2.807201e-02;6.006515e-03
3.565854e-02;2.988244e-02;1.124580e-02;1.651119e-02;2.479527e-02;4.086684e-02;4.058215e-01;3.666904e-01;1.616805e-02;1.336531e-02;2.509571e-02;1.389891e-02
4.482082e-02;2.915536e-02;1.112485e-02;1.270435e-02;1.515684e-02;2.164720e-02;3.313570e-01;4.220224e-01;2.729007e-02;2.515814e-02;4.572279e-02;1.384014e-02
2.130628e-02;2.785873e-02;1.073399e-02;7.243537e-03;9.798033e-03;3.583563e-02;3.458413e-01;4.394700e-01;3.249422e-02;3.280475e-02;2.385565e-02;1.275785e-02
1.252983e-02;1.056940e-02;9.612584e-03;5.385401e-03;5.910587e-03;5.905341e-02;3.503184e-01;4.643526e-01;2.716875e-02;3.127619e-02;1.017534e-02;1.364747e-02
1.512830e-02;1.080801e-02;1.206563e-02;5.054093e-03;5.887442e-03;7.478523e-02;3.176028e-01;4.753665e-01;2.701837e-02;2.664653e-02;1.502398e-02;1.461307e-02
9.850549e-03;8.615566e-03;1.262064e-02;8.282450e-03;5.642078e-03;8.557881e-02;2.957532e-01;4.767423e-01;4.440747e-02;2.384831e-02;1.390804e-02;1.475059e-02
7.671461e-03;1.167498e-02;1.218394e-02;1.197085e-02;4.629289e-03;9.196539e-02;2.911703e-01;4.807878e-01;4.586637e-02;1.774446e-02;9.922307e-03;1.441281e-02
8.581233e-03;1.296413e-02;2.187620e-02;2.200228e-02;4.887904e-03;7.176273e-02;2.724830e-01;4.957559e-01;3.014171e-02;1.581952e-02;2.890777e-02;1.481762e-02
1.489741e-02;1.706305e-02;3.417152e-02;2.898059e-02;3.813375e-03;4.142876e-02;2.943076e-01;5.028002e-01;1.895499e-02;1.402262e-02;1.295891e-02;1.660090e-02
2.688597e-02;2.497733e-02;2.871784e-02;1.604497e-02;5.539426e-03;3.701156e-02;3.347459e-01;4.555546e-01;1.809374e-02;1.609137e-02;2.063137e-02;1.570592e-02
3.345872e-02;4.327114e-02;1.749857e-02;7.731458e-03;1.003299e-02;4.481168e-02;3.386759e-01;4.102350e-01;2.484695e-02;1.940660e-02;3.307850e-02;1.695253e-02
3.379554e-02;2.751919e-02;1.668147e-02;6.268661e-03;8.791071e-03;4.006804e-02;3.183272e-01;4.220668e-01;3.592318e-02;2.750537e-02;4.388885e-02;1.916462e-02
1.565034e-02;1.787771e-02;1.619699e-02;9.478226e-03;6.536930e-03;3.215023e-02;3.367875e-01;4.403860e-01;5.106971e-02;3.960291e-02;1.536454e-02;1.889888e-02
1.432770e-02;2.147521e-02;1.467819e-02;1.360602e-02;8.541659e-03;1.925535e-02;3.675048e-01;4.271657e-01;5.011193e-02;3.341566e-02;1.790647e-02;1.201132e-02
3.285636e-02;2.039188e-02;1.247808e-02;1.866902e-02;1.750080e-02;2.206076e-02;3.433689e-01;4.084141e-01;3.282917e-02;2.223272e-02;5.933038e-02;9.867747e-03
3.033532e-02;7.566959e-02;1.440465e-02;1.750755e-02;3.000089e-02;1.693445e-02;3.139129e-01;3.680325e-01;1.681628e-02;1.998448e-02;8.719938e-02;9.202093e-03
3.264505e-02;1.390623e-01;1.549937e-02;1.088875e-02;2.868958e-02;3.233330e-02;3.404451e-01;2.957629e-01;1.483190e-02;1.454962e-02;6.763289e-02;7.659200e-03
3.192757e-02;1.937054e-01;1.713110e-02;8.212340e-03;2.863982e-02;3.034398e-02;3.648636e-01;2.524917e-01;1.459123e-02;9.208787e-03;4.165107e-02;7.233475e-03
5.706332e-02;2.290070e-01;1.297117e-02;7.071139e-03;2.250996e-02;2.997015e-02;3.598924e-01;2.150880e-01;2.050794e-02;8.304596e-03;3.124787e-02;6.366497e-03
9.450950e-02;2.271376e-01;8.158593e-03;2.856234e-03;1.446738e-02;3.495291e-02;3.478411e-01;1.932381e-01;2.923473e-02;1.002740e-02;3.480614e-02;2.770324e-03
1.508287e-01;1.861011e-01;8.591708e-03;9.836967e-03;1.102744e-02;4.149385e-02;3.247513e-01;1.752479e-01;2.872173e-02;1.088843e-02;4.261138e-02;9.899514e-03
2.470568e-01;1.342551e-01;1.041328e-02;2.661870e-02;1.421961e-02;5.180561e-02;2.908597e-01;1.256179e-01;2.304756e-02;1.863000e-02;3.510546e-02;2.237026e-02
3.300448e-01;8.283090e-02;1.730152e-02;3.702287e-02;2.208621e-02;6.931357e-02;2.622656e-01;6.101065e-02;2.082743e-02;2.335699e-02;4.734073e-02;2.659870e-02
2.749983e-01;6.874622e-02;2.813206e-02;2.584122e-02;2.928259e-02;7.149963e-02;2.718377e-01;8.740709e-02;2.309938e-02;1.487279e-02;6.335564e-02;4.092740e-02
1.906178e-01;4.762240e-02;3.454542e-02;4.186644e-02;3.295659e-02;6.530873e-02;2.533066e-01;1.217160e-01;4.444911e-02;1.137040e-02;9.075361e-02;6.548695e-02
1.605984e-01;6.968801e-02;4.439181e-02;6.145472e-02;3.886750e-02;5.860627e-02;1.936464e-01;1.078203e-01;6.288373e-02;2.489771e-02;1.241798e-01;5.296528e-02
1.970332e-01;6.277659e-02;4.360048e-02;6.008479e-02;4.239864e-02;6.737458e-02;1.781871e-01;7.358755e-02;7.547491e-02;2.769843e-02;1.450849e-01;2.669889e-02
1.037128e-01;7.772329e-02;4.879414e-02;3.785886e-02;3.563417e-02;6.065106e-02;2.715302e-01;9.170707e-02;8.190823e-02;3.842322e-02;1.307199e-01;2.133708e-02
1.879746e-01;7.339771e-02;2.872550e-02;3.122385e-02;3.760482e-02;5.080566e-02;2.858080e-01;8.616854e-02;7.101189e-02;4.353585e-02;8.396877e-02;1.977483e-02
1.827986e-01;6.535856e-02;1.868036e-02;4.661237e-02;4.005267e-02;6.211863e-02;3.377973e-01;9.609755e-02;4.317493e-02;4.212218e-02;5.179678e-02;1.339017e-02
1.165074e-01;8.313651e-02;1.059027e-02;2.672795e-02;3.934516e-02;7.234173e-02;3.878905e-01;1.631071e-01;3.042889e-02;4.587847e-02;1.967894e-02;4.367060e-03
6.361207e-02;8.025202e-02;6.963566e-03;1.012859e-02;4.404466e-02;6.939271e-02;4.163670e-01;2.333001e-01;2.306950e-02;3.164764e-02;1.685196e-02;4.370189e-03
3.058801e-02;6.385960e-02;7.604213e-03;1.041501e-02;4.143585e-02;5.006771e-02;4.512479e-01;2.944016e-01;1.315514e-02;1.461144e-02;1.605478e-02;6.558822e-03
1.937435e-02;4.594940e-02;1.037426e-02;1.281589e-02;2.437600e-02;3.803772e-02;4.716146e-01;3.283918e-01;9.515234e-03;9.394437e-03;2.344734e-02;6.708940e-03
2.329298e-02;3.870446e-02;9.912409e-03;1.518180e-02;1.627230e-02;3.815456e-02;4.588024e-01;3.411316e-01;1.069544e-02;1.173327e-02;2.855267e-02;7.566189e-03
1.701014e-02;4.171421e-02;6.847933e-03;1.659231e-02;2.850642e-02;3.196725e-02;4.637264e-01;3.436559e-01;1.197387e-02;9.399498e-03;2.325341e-02;5.352631e-03
1.456004e-02;4.553676e-02;6.254953e-03;1.194575e-02;3.859803e-02;4.381801e-02;4.729027e-01;3.222150e-01;1.097786e-02;7.112470e-03;2.077156e-02;5.306834e-03
1.646932e-02;5.715542e-02;3.738802e-03;7.358144e-03;3.665882e-02;6.655009e-02;4.873344e-01;2.748974e-01;1.107972e-02;8.147834e-03;2.631762e-02;4.292408e-03
4.621778e-02;6.126292e-02;9.025915e-03;1.070708e-02;2.082474e-02;8.492762e-02;4.847209e-01;2.224264e-01;1.440562e-02;1.333710e-02;2.511358e-02;7.030428e-03
8.911932e-02;6.610705e-02;2.043532e-02;2.572489e-02;3.879881e-02;8.147839e-02;3.946415e-01;1.959718e-01;2.822005e-02;2.251639e-02;2.034443e-02;1.664205e-02
9.440466e-02;1.015376e-01;4.587256e-02;3.290979e-02;6.206617e-02;6.481265e-02;2.275927e-01;1.929664e-01;5.314330e-02;3.990629e-02;5.664304e-02;2.814489e-02
8.896357e-02;1.073178e-01;4.859925e-02;3.154424e-02;5.923685e-02;7.259259e-02;2.385840e-01;1.720137e-01;5.249643e-02;4.004788e-02;6.384289e-02;2.476085e-02
1.136080e-01;7.952041e-02;3.874140e-02;4.852869e-02;7.195180e-02;6.654739e-02;2.439904e-01;1.805108e-01;4.226067e-02;3.106832e-02;6.412588e-02;1.914626e-02
1.093388e-01;8.865727e-02;3.346816e-02;5.382641e-02;7.533302e-02;6.331173e-02;1.915336e-01;1.741356e-01;2.534033e-02;3.987765e-02;1.204192e-01;2.475809e-02
5.369062e-02;8.768418e-02;3.554003e-02;3.713875e-02;8.877304e-02;6.519563e-02;1.727069e-01;1.754472e-01;4.394436e-02;7.758781e-02;1.172274e-01;4.506404e-02
4.414008e-02;5.105461e-02;3.542617e-02;7.052512e-02;5.303477e-02;7.031088e-02;1.532950e-01;1.653762e-01;1.307342e-01;1.096259e-01;7.738472e-02;3.909224e-02
4.412252e-02;4.070883e-02;2.756097e-02;7.719833e-02;4.416129e-02;7.781059e-02;1.463282e-01;2.059616e-01;1.282442e-01;1.401573e-01;5.236816e-02;1.537797e-02
4.846181e-02;3.517390e-02;1.762786e-02;7.291885e-02;4.346570e-02;7.967544e-02;1.323819e-01;2.335014e-01;1.159023e-01;1.527136e-01;5.030563e-02;1.787158e-02
6.716656e-02;4.272570e-02;2.952638e-02;5.788536e-02;3.201213e-02;6.576390e-02;1.235949e-01;2.265700e-01;1.143322e-01;1.290422e-01;8.059829e-02;3.078233e-02
1.029651e-01;4.073949e-02;3.871644e-02;3.517653e-02;3.282056e-02;6.342053e-02;1.343126e-01;1.693349e-01;1.380862e-01;1.083671e-01;1.005140e-01;3.554652e-02
1.141986e-01;3.971601e-02;3.409277e-02;4.462961e-02;6.156615e-02;7.128584e-02;1.197497e-01;1.559334e-01;8.341065e-02;2.074224e-01;5.539007e-02;1.260486e-02
1.055872e-01;5.389249e-02;4.032576e-02;5.305105e-02;6.328870e-02;4.184115e-02;1.161278e-01;1.795352e-01;9.265777e-02;2.070743e-01;3.960392e-02;7.014563e-03
9.090686e-02;8.124623e-02;3.790422e-02;5.185643e-02;6.817050e-02;5.958350e-02;1.740551e-01;1.934387e-01;7.019078e-02;1.238564e-01;4.276852e-02;6.022776e-03
7.631104e-02;8.891091e-02;3.387635e-02;4.857170e-02;7.388970e-02;1.014500e-01;2.030364e-01;1.842360e-01;5.708598e-02;5.891144e-02;5.785942e-02;1.586105e-02
6.216928e-02;1.048175e-01;2.984054e-02;5.391141e-02;1.132002e-01;1.213830e-01;2.116836e-01;1.523663e-01;3.604937e-02;3.207056e-02;6.702766e-02;1.548065e-02
1.135678e-01;1.141085e-01;3.092497e-02;3.832427e-02;1.001714e-01;9.421663e-02;2.488089e-01;1.169877e-01;3.379752e-02;3.360854e-02;5.485019e-02;2.063357e-02
1.520146e-01;1.092562e-01;2.164583e-02;2.034893e-02;3.314842e-02;4.430331e-02;2.386572e-01;1.566837e-01;3.007053e-02;4.625047e-02;1.310810e-01;1.653993e-02
1.199339e-01;7.931399e-02;1.575020e-02;3.128046e-02;1.892549e-02;3.145754e-02;2.686759e-01;2.083439e-01;3.606730e-02;4.721066e-02;1.317402e-01;1.130041e-02
8.787045e-02;2.620326e-02;9.791805e-03;4.582474e-02;1.368791e-02;1.831703e-02;2.799748e-01;2.930793e-01;5.557153e-02;5.035277e-02;1.121728e-01;7.153672e-03
7.690965e-02;1.170587e-02;1.088401e-02;5.463161e-02;2.063689e-02;1.406607e-02;2.634165e-01;3.546916e-01;7.963318e-02;5.511969e-02;4.890626e-02;9.398738e-03
7.805920e-02;1.546651e-02;1.339729e-02;3.745079e-02;1.283428e-02;3.512935e-02;3.025828e-01;3.001339e-01;6.896855e-02;5.624474e-02;7.137340e-02;8.359172e-03
7.396941e-02;2.197942e-02;1.922987e-02;2.374834e-02;1.520064e-02;8.440867e-02;3.036068e-01;2.281101e-01;5.153752e-02;7.424769e-02;9.653147e-02;7.430006e-03
5.325335e-02;2.124937e-02;1.880839e-02;1.433520e-02;2.831804e-02;1.184507e-01;2.652245e-01;1.713851e-01;4.312113e-02;9.026425e-02;1.636442e-01;1.194575e-02
5.578455e-02;1.750897e-02;1.336228e-02;7.692647e-03;4.598720e-02;1.113337e-01;1.872450e-01;1.118277e-01;3.534940e-02;1.158818e-01;2.860113e-01;1.201560e-02
7.663253e-02;3.745037e-02;7.237570e-03;6.882363e-03;5.381532e-02;9.007761e-02;1.592681e-01;1.086524e-01;2.987356e-02;1.169578e-01;3.037136e-01;9.438693e-03
8.866864e-02;1.519251e-02;8.184467e-03;1.816767e-02;4.642094e-02;1.094907e-01;1.722893e-01;8.712062e-02;4.427853e-02;1.213348e-01;2.779174e-01;1.093448e-02
8.168998e-02;2.817297e-02;1.574713e-02;3.620980e-02;3.150435e-02;7.067723e-02;2.123482e-01;2.051435e-01;5.603652e-02;8.417098e-02;1.606985e-01;1.760093e-02
4.185260e-02;4.516822e-02;2.325470e-02;4.301757e-02;5.037049e-02;2.899432e-02;2.767799e-01;2.976493e-01;4.972342e-02;4.894824e-02;8.310369e-02;1.113758e-02
2.263061e-02;8.368964e-02;3.441092e-02;4.108502e-02;4.006952e-02;2.791205e-02;3.388492e-01;2.793386e-01;5.519263e-02;2.726007e-02;3.729345e-02;1.226828e-02
2.448011e-02;1.349661e-01;4.381163e-02;2.626595e-02;2.964147e-02;3.307874e-02;3.901646e-01;1.668725e-01;7.511044e-02;3.216623e-02;3.343769e-02;1.000453e-02
2.726817e-02;1.374450e-01;4.372416e-02;3.672357e-02;3.733473e-02;3.110686e-02;3.506197e-01;1.845357e-01;8.718086e-02;2.400556e-02;3.427863e-02;5.777073e-03
3.113504e-02;9.384218e-02;3.878001e-02;3.745852e-02;2.509385e-02;3.099856e-02;3.386951e-01;2.442555e-01;9.536769e-02;2.212725e-02;3.041325e-02;1.183304e-02
2.892971e-02;7.752966e-02;3.371450e-02;2.787530e-02;1.899480e-02;3.501895e-02;3.412549e-01;3.067878e-01;5.040329e-02;2.231808e-02;2.881419e-02;2.835873e-02
2.276896e-02;6.059584e-02;2.925968e-02;1.580544e-02;1.736768e-02;3.851401e-02;3.375682e-01;3.701682e-01;3.255107e-02;2.306677e-02;1.514650e-02;3.718759e-02
2.140118e-02;5.436149e-02;3.427265e-02;7.441591e-03;8.592185e-03;3.395207e-02;3.479544e-01;3.884602e-01;2.971814e-02;2.738564e-02;9.327057e-03;3.713344e-02
2.813103e-02;7.217591e-02;3.928034e-02;1.188525e-02;1.062390e-02;2.747821e-02;3.642655e-01;3.380762e-01;4.273403e-02;2.200375e-02;1.632810e-02;2.701771e-02
3.332489e-02;1.043699e-01;3.323713e-02;1.568177e-02;2.163401e-02;2.983875e-02;3.761109e-01;2.552091e-01;6.348579e-02;1.747097e-02;2.957130e-02;2.006554e-02
4.038574e-02;1.300384e-01;2.913118e-02;1.580174e-02;3.133050e-02;3.643044e-02;3.811518e-01;1.952300e-01;7.309888e-02;1.253511e-02;3.782289e-02;1.704320e-02
8.133942e-02;1.386414e-01;2.724546e-02;1.214447e-02;3.207042e-02;4.050123e-02;3.739478e-01;1.407244e-01;8.880065e-02;1.755125e-02;2.948224e-02;1.755124e-02
1.074498e-01;9.700807e-02;1.773606e-02;2.474662e-02;2.947540e-02;5.047110e-02;3.001282e-01;1.939014e-01;1.187608e-01;3.093121e-02;1.592724e-02;1.346407e-02
7.415809e-02;4.815862e-02;2.911841e-02;4.240336e-02;3.507071e-02;4.649881e-02;2.399240e-01;2.866251e-01;1.052938e-01;5.165395e-02;2.529791e-02;1.579726e-02
7.041658e-02;6.613795e-02;3.006666e-02;3.519417e-02;3.089444e-02;5.824779e-02;2.084369e-01;2.894520e-01;9.373844e-02;5.423520e-02;4.215243e-02;2.102746e-02
6.859360e-02;6.155993e-02;2.432716e-02;2.191496e-02;3.036140e-02;6.353539e-02;2.198030e-01;3.069020e-01;7.661498e-02;4.212165e-02;4.870082e-02;3.556503e-02
5.688918e-02;5.230538e-02;1.682983e-02;2.700737e-02;4.186113e-02;3.565901e-02;2.032113e-01;3.411039e-01;4.873134e-02;4.740021e-02;7.695944e-02;5.204189e-02
3.806148e-02;3.164207e-02;9.610322e-03;3.909288e-02;5.501276e-02;2.163006e-02;1.706575e-01;3.716283e-01;4.151095e-02;5.493118e-02;1.285497e-01;3.767277e-02
2.391060e-02;2.038650e-02;1.199874e-02;5.098328e-02;5.209657e-02;3.425249e-02;1.575617e-01;4.168561e-01;4.524740e-02;4.479292e-02;1.263590e-01;1.555460e-02
3.349459e-02;1.754507e-02;2.543960e-02;4.909046e-02;4.707291e-02;7.192741e-02;1.728738e-01;4.613496e-01;3.904991e-02;2.482045e-02;5.256343e-02;4.772713e-03
1.963130e-02;1.516251e-02;3.162921e-02;4.422024e-02;5.169966e-02;9.351493e-02;2.068007e-01;4.613314e-01;2.880955e-02;1.745015e-02;2.063135e-02;9.118997e-03
2.250153e-02;3.453735e-02;3.737609e-02;3.181305e-02;3.658033e-02;7.592497e-02;2.159500e-01;4.678460e-01;2.215466e-02;1.648818e-02;2.438237e-02;1.444550e-02
3.649381e-02;2.148873e-02;5.835109e-02;1.416670e-02;1.369459e-02;4.165627e-02;2.336382e-01;4.831320e-01;2.565385e-02;1.483524e-02;4.119598e-02;1.569355e-02
2.566365e-02;2.527868e-02;6.685683e-02;1.713846e-02;1.484489e-02;2.327666e-02;2.528708e-01;4.871268e-01;2.964245e-02;1.486504e-02;2.004114e-02;2.239465e-02
2.428391e-02;1.247102e-02;5.590864e-02;3.697958e-02;6.946659e-03;1.644139e-02;2.669452e-01;4.606814e-01;2.805746e-02;1.699686e-02;3.870554e-02;3.558234e-02
2.496053e-02;3.901355e-02;4.139083e-02;3.610751e-02;8.773269e-03;1.989594e-02;3.122949e-01;4.216319e-01;2.039940e-02;1.551010e-02;1.617174e-02;4.385029e-02
3.885654e-02;7.560756e-02;6.973815e-02;2.557445e-02;1.564117e-02;2.630000e-02;3.274902e-01;3.206860e-01;1.886169e-02;1.926268e-02;2.288944e-02;3.909207e-02
8.574345e-02;1.291763e-01;7.440497e-02;2.183316e-02;1.706832e-02;3.607559e-02;3.066689e-01;2.195782e-01;2.260251e-02;2.447373e-02;3.268059e-02;2.969434e-02
