2.856584e-02;1.247465e-01;1.028372e-01;2.710654e-02;3.878466e-02;8.449954e-02;3.677175e-02;3.045734e-01;1.729898e-01;4.054354e-02;2.497697e-02;1.360420e-02
1.834401e-02;1.403393e-01;1.936503e-01;4.243520e-02;4.112432e-02;7.386775e-02;2.287009e-02;2.893748e-01;1.121567e-01;3.048734e-02;1.587768e-02;1.947252e-02
2.528079e-02;8.973749e-02;1.744051e-01;6.678127e-02;4.753661e-02;1.309400e-01;1.484499e-02;2.801951e-01;1.057476e-01;3.031824e-02;7.172334e-03;2.704041e-02
3.208219e-02;4.982099e-02;1.405564e-01;7.409853e-02;5.174315e-02;1.410524e-01;5.089767e-02;2.660274e-01;1.084703e-01;2.840218e-02;1.980598e-02;3.704285e-02
4.903416e-02;5.906555e-02;1.152000e-01;8.223607e-02;6.529239e-02;1.745195e-01;9.939787e-02;1.798144e-01;8.110856e-02;2.989040e-02;2.509559e-02;3.934550e-02
6.565521e-02;1.368041e-01;1.178200e-01;8.774403e-02;5.664580e-02;1.811196e-01;1.187552e-01;9.046270e-02;5.762564e-02;3.455825e-02;1.790445e-02;3.490497e-02
5.702805e-02;1.818102e-01;1.796554e-01;5.690949e-02;4.333057e-02;1.718338e-01;7.428939e-02;1.011854e-01;8.409709e-02;2.122274e-02;1.248864e-02;1.614929e-02
3.014082e-02;1.444451e-01;1.919354e-01;5.628540e-02;6.174216e-02;2.038297e-01;2.052041e-02;1.002847e-01;1.319149e-01;1.784153e-02;2.153725e-02;1.952254e-02
1.668823e-02;8.230805e-02;1.380958e-01;8.232926e-02;7.084299e-02;1.691134e-01;5.445931e-02;1.848580e-01;1.393807e-01;1.955607e-02;1.880690e-02;2.356131e-02
1.957760e-02;9.768776e-02;1.660994e-01;5.937078e-02;6.208472e-02;1.316492e-01;8.426083e-02;1.970222e-01;1.102220e-01;2.610605e-02;1.909675e-02;2.682265e-02
2.084005e-02;1.204944e-01;2.019572e-01;2.596616e-02;5.072014e-02;9.758440e-02;8.241122e-02;2.076356e-01;9.455441e-02;2.567009e-02;3.752128e-02;3.464505e-02
3.440144e-02;1.076314e-01;1.896997e-01;3.717699e-02;2.804006e-02;9.398708e-02;3.621393e-02;2.321369e-01;1.107192e-01;4.362059e-02;5.119278e-02;3.517984e-02
5.038207e-02;9.308956e-02;1.726777e-01;2.569546e-02;4.931754e-02;1.286620e-01;7.871033e-02;1.306870e-01;1.102598e-01;8.481147e-02;4.751648e-02;2.819059e-02
4.835662e-02;1.281285e-01;1.492483e-01;2.522927e-02;4.921696e-02;1.359647e-01;5.686304e-02;8.532292e-02;1.354413e-01;1.180840e-01;3.359372e-02;3.455075e-02
3.410145e-02;1.334766e-01;1.660483e-01;1.915336e-02;3.450266e-02;1.187163e-01;5.781203e-02;7.522839e-02;1.469130e-01;1.611077e-01;1.996912e-02;3.297115e-02
1.898380e-02;1.062959e-01;2.187018e-01;1.608958e-02;1.673209e-02;7.021070e-02;1.131861e-01;5.379148e-02;1.005378e-01;2.507844e-01;1.104874e-02;2.363754e-02
2.882487e-02;9.439534e-02;2.728120e-01;1.754533e-02;1.791853e-02;3.728586e-02;1.471761e-01;2.819381e-02;4.425577e-02;2.814968e-01;1.267645e-02;1.741907e-02
3.245939e-02;9.025636e-02;2.789129e-01;5.247642e-02;1.947787e-02;4.252578e-02;1.202160e-01;4.122387e-02;4.732838e-02;1.920756e-01;7.258984e-02;1.045762e-02
2.028815e-02;9.482123e-02;2.639355e-01;8.232708e-02;3.224125e-02;8.890754e-02;6.547432e-02;6.911070e-02;4.574297e-02;1.092925e-01;1.183034e-01;9.555434e-03
2.436509e-02;1.422582e-01;2.545585e-01;7.315849e-02;4.543586e-02;1.013644e-01;2.975325e-02;6.431004e-02;8.507118e-02;8.276665e-02;8.451215e-02;1.244620e-02
4.116971e-02;1.678874e-01;1.962409e-01;3.553318e-02;3.395978e-02;7.066304e-02;3.301619e-02;7.651296e-02;1.431148e-01;1.350595e-01;4.640223e-02;2.044030e-02
5.044528e-02;1.519398e-01;1.797515e-01;3.064125e-02;2.001737e-02;7.736339e-02;4.067368e-02;9.491336e-02;1.519789e-01;1.413533e-01;2.617712e-02;3.474507e-02
4.881960e-02;1.393429e-01;2.481769e-01;3.986333e-02;2.860558e-02;4.840067e-02;6.624551e-02;6.463935e-02;1.224500e-01;1.263115e-01;2.594141e-02;4.120331e-02
3.060819e-02;1.236445e-01;2.384799e-01;4.824362e-02;2.974415e-02;5.044303e-02;1.026104e-01;5.023592e-02;1.283449e-01;1.439946e-01;2.225041e-02;3.140041e-02
2.322112e-02;1.431894e-01;2.480241e-01;2.748441e-02;3.302675e-02;8.902357e-02;7.356387e-02;5.126760e-02;1.190868e-01;1.401360e-01;3.052711e-02;2.144931e-02
2.570961e-02;1.386094e-01;2.870169e-01;4.101276e-02;4.068421e-02;9.746840e-02;5.088536e-02;2.608139e-02;1.050493e-01;1.372792e-01;3.402575e-02;1.617769e-02
2.581743e-02;1.427809e-01;2.917151e-01;4.026102e-02;3.482719e-02;1.136138e-01;5.179891e-02;2.662400e-02;1.070454e-01;1.284244e-01;2.344755e-02;1.364420e-02
3.612844e-02;1.475687e-01;2.506708e-01;1.820746e-02;3.832185e-02;1.225682e-01;5.537779e-02;5.115057e-02;8.399865e-02;1.441236e-01;2.451492e-02;2.736897e-02
3.408784e-02;1.702878e-01;2.702381e-01;2.678632e-02;4.495594e-02;1.086669e-01;3.949235e-02;6.677027e-02;4.871147e-02;1.349918e-01;3.169228e-02;2.331891e-02
3.343402e-02;1.702145e-01;3.198890e-01;2.758323e-02;3.570582e-02;7.542657e-02;5.100135e-02;8.815107e-02;4.839992e-02;9.537541e-02;3.834682e-02;1.647229e-02
2.541669e-02;1.757018e-01;3.096363e-01;2.738552e-02;2.993148e-02;1.205841e-01;5.504312e-02;9.688213e-02;6.063509e-02;3.394698e-02;4.585484e-02;1.898194e-02
2.145188e-02;1.483534e-01;2.011084e-01;3.002997e-02;2.402497e-02;2.357920e-01;5.138095e-02;1.243080e-01;6.337555e-02;3.378560e-02;4.641881e-02;1.997051e-02
2.386344e-02;1.378123e-01;1.637213e-01;3.374891e-02;3.320693e-02;2.552628e-01;5.354882e-02;1.383035e-01;7.100072e-02;3.915261e-02;3.382629e-02;1.655243e-02
1.575787e-02;1.159996e-01;2.813537e-01;6.854858e-02;3.487864e-02;2.028299e-01;3.134189e-02;1.103896e-01;5.706964e-02;4.087990e-02;2.258884e-02;1.836184e-02
1.814071e-02;1.467157e-01;3.809622e-01;8.430746e-02;2.237790e-02;1.496243e-01;3.186734e-02;5.977546e-02;3.939188e-02;2.091314e-02;3.221378e-02;1.371008e-02
2.019080e-02;1.978698e-01;4.553995e-01;5.592445e-02;9.204566e-03;4.897787e-02;6.422516e-02;4.146084e-02;3.605666e-02;2.928232e-02;3.056800e-02;1.084004e-02
1.984447e-02;2.495916e-01;4.498112e-01;2.777211e-02;1.092487e-02;5.913621e-02;6.043693e-02;2.404311e-02;3.534839e-02;3.374730e-02;1.674581e-02;1.259800e-02
2.642788e-02;3.015035e-01;4.096410e-01;2.240617e-02;1.633463e-02;6.943878e-02;2.904424e-02;2.434302e-02;4.731840e-02;2.283396e-02;1.470615e-02;1.600224e-02
3.057982e-02;2.833521e-01;3.235241e-01;2.885337e-02;2.523021e-02;9.613358e-02;1.752830e-02;4.603891e-02;6.927083e-02;4.113386e-02;2.337871e-02;1.497620e-02
2.966831e-02;3.060050e-01;2.859077e-01;3.298588e-02;2.815269e-02;9.461960e-02;2.563796e-02;4.726328e-02;8.573148e-02;3.427902e-02;1.818733e-02;1.156177e-02
3.821673e-02;3.730956e-01;2.727321e-01;2.126091e-02;2.081601e-02;4.145508e-02;3.442684e-02;3.228091e-02;1.155840e-01;3.351406e-02;9.208274e-03;7.409430e-03
3.508868e-02;3.508065e-01;2.766633e-01;2.154359e-02;1.164306e-02;6.245969e-02;2.616290e-02;4.023870e-02;1.165043e-01;3.301873e-02;1.077210e-02;1.509839e-02
3.676452e-02;3.333639e-01;2.627922e-01;2.058159e-02;1.506195e-02;7.168829e-02;1.982368e-02;7.431319e-02;1.220676e-01;2.147081e-02;8.790289e-03;1.328200e-02
5.442041e-02;3.157455e-01;1.693644e-01;1.657314e-02;2.518153e-02;9.183538e-02;2.166434e-02;1.187855e-01;1.304171e-01;2.320664e-02;2.117322e-02;1.163298e-02
7.633934e-02;2.372188e-01;1.426085e-01;2.053075e-02;3.138043e-02;9.895623e-02;2.199186e-02;1.858563e-01;1.153144e-01;3.574692e-02;2.188377e-02;1.217260e-02
8.021237e-02;2.372483e-01;1.766998e-01;2.068474e-02;2.698959e-02;6.993075e-02;4.300272e-02;2.187715e-01;5.373161e-02;4.592468e-02;1.635868e-02;1.044525e-02
8.429725e-02;2.532259e-01;2.581085e-01;1.963283e-02;1.917509e-02;8.020605e-02;2.528212e-02;1.819553e-01;3.488922e-02;2.484151e-02;5.951600e-03;1.243455e-02
8.792289e-02;2.991554e-01;2.925222e-01;2.126255e-02;1.610758e-02;5.134816e-02;2.062122e-02;1.356131e-01;3.992831e-02;7.401871e-03;1.390481e-02;1.421194e-02
9.298408e-02;3.158428e-01;3.030131e-01;1.550974e-02;2.279962e-02;3.125423e-02;1.076506e-02;1.108513e-01;4.646084e-02;1.824912e-02;1.971234e-02;1.255780e-02
1.095339e-01;2.837183e-01;3.064213e-01;1.897350e-02;2.533385e-02;1.796058e-02;2.302376e-02;1.007572e-01;4.445295e-02;2.939587e-02;2.092536e-02;1.950341e-02
1.390792e-01;2.379480e-01;2.601578e-01;2.719171e-02;1.982609e-02;5.835360e-02;2.636450e-02;8.647332e-02;5.158575e-02;3.539245e-02;2.519579e-02;3.243182e-02
1.333846e-01;1.824953e-01;2.415635e-01;3.139262e-02;3.454471e-02;1.183380e-01;3.391736e-02;7.320089e-02;6.129867e-02;3.344786e-02;2.237506e-02;3.404141e-02
8.112855e-02;2.482395e-01;2.637427e-01;2.485998e-02;3.371555e-02;1.348672e-01;1.699451e-02;8.676935e-02;5.917970e-02;2.624333e-02;9.260755e-03;1.499887e-02
2.956461e-02;2.645903e-01;3.806647e-01;2.171377e-02;2.406353e-02;1.179459e-01;1.054528e-02;7.941785e-02;4.041529e-02;1.969678e-02;5.925462e-03;5.456559e-03
2.801216e-02;2.818473e-01;4.218411e-01;2.104247e-02;1.746953e-02;7.289423e-02;1.473581e-02;7.105377e-02;3.313211e-02;2.141657e-02;8.095367e-03;8.459588e-03
3.886803e-02;3.232256e-01;3.926052e-01;2.060968e-02;1.732370e-02;3.544759e-02;2.206264e-02;6.243046e-02;3.904678e-02;2.949129e-02;8.281481e-03;1.060747e-02
4.030642e-02;3.255101e-01;3.682178e-01;1.947317e-02;1.550356e-02;5.969707e-02;2.163536e-02;5.314196e-02;4.521164e-02;2.897471e-02;1.274600e-02;9.582223e-03
3.956246e-02;2.819318e-01;3.891696e-01;1.358986e-02;1.540757e-02;6.561898e-02;1.324749e-02;5.712460e-02;5.088741e-02;3.942852e-02;2.005900e-02;1.397262e-02
4.529113e-02;3.007083e-01;3.678640e-01;1.542543e-02;1.591863e-02;4.499326e-02;1.536219e-02;5.415107e-02;5.535075e-02;4.548577e-02;1.837587e-02;2.107359e-02
4.420734e-02;2.768475e-01;3.494188e-01;2.099571e-02;1.404017e-02;8.212209e-02;3.215581e-02;5.977940e-02;5.051263e-02;2.784339e-02;2.013660e-02;2.194045e-02
4.103360e-02;1.963704e-01;3.614301e-01;2.433647e-02;1.695270e-02;1.299416e-01;3.454780e-02;7.965907e-02;4.122517e-02;3.341827e-02;1.662951e-02;2.445532e-02
3.249788e-02;1.459981e-01;3.653857e-01;2.599780e-02;2.749287e-02;1.338971e-01;3.363546e-02;9.887777e-02;4.278554e-02;4.736450e-02;1.502557e-02;3.104167e-02
4.111295e-02;2.366119e-01;3.292162e-01;3.530042e-02;3.207812e-02;6.030586e-02;3.033245e-02;9.502732e-02;4.640691e-02;4.549722e-02;1.404050e-02;3.407019e-02
5.092182e-02;1.926939e-01;2.337585e-01;5.992777e-02;5.912808e-02;7.330331e-02;3.996861e-02;1.054618e-01;5.522712e-02;5.642862e-02;3.237182e-02;4.080859e-02
5.141330e-02;1.464471e-01;1.803787e-01;7.355879e-02;7.345582e-02;8.480637e-02;5.011978e-02;1.245296e-01;6.726599e-02;7.349898e-02;3.426615e-02;4.025936e-02
6.339540e-02;1.719763e-01;1.348357e-01;6.088487e-02;9.174889e-02;9.356181e-02;8.079376e-02;1.219402e-01;6.975883e-02;5.755009e-02;2.217093e-02;3.138311e-02
1.076453e-01;2.229205e-01;1.101283e-01;4.548408e-02;1.511812e-01;8.798568e-02;7.134800e-02;1.023467e-01;3.451535e-02;2.790538e-02;1.408390e-02;2.445566e-02
1.686594e-01;1.980708e-01;6.556790e-02;6.296173e-02;2.097850e-01;5.654226e-02;4.526706e-02;1.229721e-01;2.295983e-02;1.339964e-02;1.880337e-02;1.501097e-02
1.899985e-01;1.470245e-01;7.354904e-02;1.015887e-01;1.748982e-01;3.641222e-02;3.818594e-02;1.520018e-01;2.461431e-02;1.138198e-02;9.671680e-03;4.067313e-02
1.478800e-01;1.458189e-01;8.631345e-02;1.495978e-01;7.371984e-02;2.762638e-02;7.213134e-02;1.485434e-01;2.293398e-02;1.925129e-02;1.341408e-02;9.276951e-02
6.673971e-02;1.074873e-01;6.855395e-02;2.031319e-01;3.353406e-02;3.414911e-02;1.292991e-01;1.227837e-01;2.913721e-02;2.956419e-02;1.526482e-02;1.603550e-01
3.294054e-02;5.980451e-02;5.506333e-02;2.294234e-01;3.014016e-02;3.172315e-02;1.755327e-01;1.014173e-01;2.094704e-02;2.790557e-02;9.977843e-03;2.251245e-01
2.886423e-02;5.955407e-02;6.985664e-02;2.062308e-01;1.839461e-02;3.531886e-02;2.002801e-01;8.356319e-02;1.875660e-02;2.378904e-02;1.138783e-02;2.440041e-01
4.262301e-02;4.815173e-02;5.946753e-02;1.824968e-01;1.677370e-02;1.754561e-02;2.114148e-01;9.283765e-02;1.688472e-02;2.715232e-02;1.212417e-02;2.725280e-01
7.737790e-02;3.693921e-02;4.768521e-02;1.461817e-01;1.916760e-02;2.410626e-02;1.787231e-01;1.348483e-01;1.606389e-02;2.820289e-02;2.021285e-02;2.704910e-01
1.727136e-01;8.680560e-02;7.419350e-02;8.722226e-02;3.795168e-02;2.669188e-02;9.062596e-02;1.797984e-01;1.830222e-02;2.380561e-02;1.545473e-02;1.864345e-01
2.594059e-01;1.160600e-01;8.517701e-02;3.696015e-02;7.480554e-02;2.390126e-02;6.299105e-02;2.048814e-01;2.264915e-02;1.335392e-02;1.664044e-02;8.317426e-02
2.650067e-01;1.595559e-01;9.336013e-02;2.223739e-02;1.058764e-01;2.497370e-02;5.885023e-02;1.774705e-01;3.322569e-02;1.063885e-02;1.958290e-02;2.922167e-02
2.063721e-01;2.614463e-01;9.350424e-02;3.333712e-02;8.459061e-02;4.952831e-02;6.097915e-02;9.272228e-02;6.489935e-02;1.356304e-02;1.939975e-02;1.965776e-02
9.618109e-02;3.659523e-01;1.021889e-01;3.023781e-02;3.511318e-02;8.936699e-02;4.855285e-02;6.970254e-02;1.091039e-01;1.852978e-02;1.489287e-02;2.017769e-02
2.413141e-02;3.741636e-01;1.945414e-01;2.972888e-02;1.707444e-02;1.104735e-01;2.938753e-02;3.516866e-02;1.166226e-01;3.308796e-02;1.070231e-02;2.491772e-02
5.033330e-02;3.040502e-01;2.724175e-01;3.242594e-02;2.534728e-02;8.271922e-02;3.440725e-02;2.476401e-02;8.291529e-02;5.472063e-02;1.084496e-02;2.505442e-02
4.319657e-02;2.218803e-01;3.995823e-01;2.906815e-02;2.682601e-02;4.555577e-02;5.004422e-02;2.254533e-02;4.419417e-02;8.531068e-02;9.300853e-03;2.249568e-02
2.381081e-02;1.629622e-01;4.874920e-01;1.502600e-02;2.902650e-02;2.357368e-02;7.692191e-02;2.049390e-02;1.740846e-02;1.163234e-01;5.946024e-03;2.101516e-02
1.879236e-02;1.327907e-01;4.509314e-01;2.148247e-02;3.194392e-02;1.941510e-02;1.244226e-01;3.398863e-02;1.532546e-02;1.285174e-01;7.299321e-03;1.509055e-02
2.891208e-02;1.084018e-01;4.184840e-01;1.574731e-02;3.117201e-02;1.648248e-02;1.599160e-01;4.134937e-02;2.414776e-02;1.332139e-01;1.273887e-02;9.434489e-03
3.721444e-02;1.175488e-01;3.942740e-01;1.846875e-02;2.416580e-02;2.478376e-02;1.761848e-01;3.911272e-02;2.008628e-02;1.275901e-01;5.068926e-03;1.550164e-02
3.899997e-02;1.794407e-01;3.443416e-01;2.434433e-02;2.188588e-02;3.765347e-02;1.561474e-01;3.667568e-02;2.239149e-02;1.120075e-01;5.603029e-03;2.050897e-02
3.187506e-02;2.345097e-01;3.172528e-01;2.632763e-02;1.789649e-02;4.994974e-02;9.998455e-02;5.463874e-02;3.353956e-02;9.649204e-02;1.164022e-02;2.589354e-02
2.932999e-02;2.622204e-01;3.160515e-01;2.958504e-02;1.602106e-02;6.479740e-02;3.992425e-02;7.995084e-02;5.104740e-02;6.938697e-02;1.000356e-02;3.168160e-02
4.041641e-02;3.062254e-01;3.420326e-01;2.290739e-02;1.180317e-02;5.231540e-02;3.348883e-02;6.895834e-02;4.981056e-02;4.611707e-02;2.108780e-03;2.381614e-02
6.265421e-02;3.316778e-01;3.374614e-01;2.725505e-02;1.758941e-02;3.199560e-02;5.928446e-02;3.540934e-02;4.200030e-02;3.404671e-02;3.950486e-03;1.667522e-02
6.350439e-02;3.149815e-01;3.207100e-01;2.715747e-02;3.241783e-02;2.124304e-02;6.563907e-02;5.468189e-02;2.710000e-02;4.025164e-02;1.222188e-02;2.009124e-02
7.006413e-02;2.601420e-01;2.897515e-01;2.726243e-02;4.625024e-02;1.633792e-02;8.170224e-02;9.805994e-02;1.814051e-02;5.068821e-02;1.282548e-02;2.877543e-02
9.231398e-02;2.075122e-01;2.459070e-01;2.703813e-02;5.130747e-02;3.064208e-02;8.486503e-02;1.067854e-01;3.588832e-02;6.862356e-02;1.392292e-02;3.519392e-02
7.040967e-02;1.800922e-01;2.256999e-01;9.522332e-02;3.712916e-02;5.394322e-02;5.015669e-02;8.781406e-02;3.776665e-02;6.156265e-02;1.790427e-02;8.229815e-02
4.955912e-02;2.032167e-01;2.175689e-01;1.289427e-01;1.649034e-02;5.250406e-02;9.944995e-02;5.819646e-02;1.810603e-02;4.400367e-02;1.088831e-02;1.010738e-01
3.780667e-02;1.879543e-01;2.457970e-01;1.508093e-01;1.438222e-02;3.330961e-02;1.223772e-01;3.626056e-02;1.868255e-02;3.482894e-02;8.560533e-03;1.092311e-01
1.790352e-02;1.582262e-01;2.690927e-01;1.447425e-01;1.114441e-02;3.473426e-02;1.530502e-01;3.047578e-02;2.667667e-02;2.992193e-02;8.851649e-03;1.151801e-01
2.694961e-02;1.825595e-01;2.855860e-01;9.771563e-02;1.181546e-02;4.329853e-02;1.618118e-01;3.432615e-02;2.552228e-02;2.322917e-02;1.165480e-02;9.553108e-02
2.965320e-02;2.024625e-01;2.942930e-01;7.093489e-02;2.002965e-02;5.601603e-02;1.537377e-01;2.021737e-02;2.734572e-02;2.302385e-02;2.471307e-02;7.757305e-02
1.852491e-02;1.525123e-01;2.952428e-01;5.142475e-02;2.707476e-02;9.548839e-02;1.506668e-01;3.014519e-02;3.433689e-02;2.570267e-02;3.993671e-02;7.894394e-02
2.962452e-02;1.595298e-01;2.984857e-01;2.026233e-02;1.675863e-02;1.319539e-01;1.389403e-01;3.186883e-02;3.546511e-02;2.538109e-02;6.214556e-02;4.958428e-02
3.468996e-02;1.529344e-01;3.293492e-01;2.086846e-02;1.698890e-02;1.519238e-01;8.960909e-02;3.951533e-02;3.988344e-02;1.930409e-02;8.015398e-02;2.477936e-02
3.061969e-02;1.377495e-01;3.469937e-01;2.365603e-02;1.935226e-02;1.552938e-01;8.953542e-02;3.147449e-02;3.614739e-02;2.465260e-02;7.662638e-02;2.789875e-02
2.489754e-02;1.012560e-01;3.393537e-01;4.665875e-02;1.993276e-02;1.644902e-01;1.056512e-01;2.919787e-02;3.682493e-02;2.731770e-02;8.117224e-02;2.324709e-02
1.815560e-02;1.187582e-01;2.789593e-01;8.328427e-02;2.557138e-02;1.684180e-01;1.059230e-01;3.266900e-02;3.604530e-02;2.493225e-02;7.512425e-02;3.215948e-02
2.560378e-02;1.424406e-01;2.612792e-01;4.438399e-02;2.195321e-02;1.860175e-01;1.350526e-01;3.202940e-02;4.262172e-02;2.259278e-02;6.581010e-02;2.021515e-02
2.690255e-02;1.096174e-01;2.365666e-01;2.274225e-02;2.192622e-02;2.196451e-01;1.683302e-01;2.801254e-02;5.342293e-02;2.335265e-02;6.469093e-02;2.479068e-02
2.848000e-02;9.906513e-02;2.063800e-01;2.629894e-02;1.503017e-02;2.418666e-01;1.892408e-01;1.629415e-02;6.141543e-02;3.074881e-02;7.033667e-02;1.484336e-02
2.648489e-02;8.571115e-02;1.701148e-01;2.397008e-02;9.748796e-03;2.224148e-01;2.197247e-01;3.587857e-02;6.780113e-02;3.616286e-02;6.935062e-02;3.263766e-02
2.323404e-02;8.097077e-02;1.554770e-01;2.382609e-02;1.839534e-02;2.141899e-01;2.044234e-01;5.137399e-02;7.981999e-02;4.073795e-02;6.918919e-02;3.836228e-02
3.379824e-02;9.992218e-02;1.484983e-01;3.373590e-02;1.728768e-02;1.661218e-01;2.175090e-01;3.611752e-02;6.781313e-02;3.991595e-02;4.848918e-02;9.079109e-02
3.231216e-02;7.084513e-02;1.524623e-01;4.829741e-02;1.469616e-02;1.466653e-01;2.536372e-01;3.462294e-02;5.228545e-02;3.717447e-02;4.185227e-02;1.151492e-01
3.909167e-02;1.119955e-01;1.861860e-01;6.141799e-02;1.069725e-02;1.310081e-01;2.251112e-01;3.466750e-02;4.164468e-02;2.729466e-02;2.381920e-02;1.070662e-01
3.259317e-02;1.614418e-01;2.616298e-01;5.196761e-02;1.616872e-02;1.165083e-01;1.495113e-01;2.608532e-02;3.108339e-02;3.110685e-02;1.128229e-02;1.106215e-01
2.661676e-02;1.964440e-01;3.069499e-01;9.672022e-02;1.612931e-02;6.183047e-02;8.806267e-02;3.753265e-02;3.247600e-02;1.854238e-02;1.010388e-02;1.085917e-01
4.187420e-02;2.267740e-01;2.976083e-01;9.362637e-02;9.523191e-03;5.064369e-02;8.622518e-02;4.025143e-02;3.127880e-02;1.213978e-02;7.683124e-03;1.023719e-01
3.764600e-02;2.145258e-01;3.177110e-01;8.144688e-02;1.341442e-02;5.758546e-02;6.408676e-02;4.395258e-02;3.207760e-02;2.030635e-02;9.728063e-03;1.075190e-01
4.409423e-02;2.044451e-01;3.198374e-01;7.178016e-02;1.235066e-02;6.676650e-02;6.693143e-02;5.007695e-02;3.867091e-02;2.033365e-02;1.271551e-02;9.199745e-02
5.991583e-02;2.424843e-01;2.969355e-01;5.997758e-02;1.126496e-02;6.387513e-02;1.159311e-01;4.484727e-02;3.052055e-02;1.461792e-02;1.477603e-02;4.485387e-02
4.816397e-02;2.184845e-01;2.905702e-01;3.512597e-02;1.701587e-02;8.761416e-02;1.454823e-01;3.171197e-02;3.262154e-02;2.110155e-02;2.282431e-02;4.928356e-02
5.666056e-02;1.051714e-01;2.730546e-01;3.397308e-02;2.302421e-02;1.241744e-01;1.636102e-01;6.053209e-02;5.078962e-02;3.293310e-02;2.107138e-02;5.500541e-02
4.904787e-02;1.878247e-01;2.944889e-01;4.280949e-02;1.681615e-02;1.069351e-01;1.232498e-01;6.225739e-02;4.747371e-02;1.724719e-02;1.594298e-02;3.590660e-02
4.064399e-02;2.376567e-01;3.276654e-01;2.880202e-02;9.423061e-03;6.477848e-02;1.035456e-01;5.190918e-02;4.455428e-02;1.844169e-02;2.482727e-02;4.775229e-02
4.125303e-02;2.465567e-01;3.656258e-01;2.575790e-02;1.187797e-02;4.678237e-02;7.674087e-02;4.309644e-02;3.377888e-02;2.429144e-02;2.341287e-02;6.082578e-02
3.214100e-02;2.685954e-01;3.971801e-01;3.976329e-02;1.219386e-02;4.556626e-02;5.461185e-02;3.629608e-02;2.300220e-02;2.212504e-02;2.344093e-02;4.508394e-02
4.221747e-02;2.836982e-01;3.940268e-01;3.091482e-02;7.762150e-03;4.931640e-02;2.977885e-02;3.942366e-02;2.513448e-02;1.774092e-02;2.825719e-02;5.172903e-02
5.150628e-02;2.494244e-01;2.959157e-01;2.746447e-02;3.049606e-02;6.496648e-02;4.310515e-02;5.599990e-02;4.593819e-02;3.784026e-02;4.725180e-02;5.009120e-02
3.603213e-02;1.620238e-01;1.885312e-01;5.831201e-02;5.851301e-02;1.039507e-01;7.706455e-02;6.968480e-02;7.780598e-02;6.791262e-02;6.813439e-02;3.203483e-02
2.100903e-02;1.451370e-01;2.011863e-01;5.297447e-02;5.071052e-02;1.738482e-01;5.119189e-02;7.279731e-02;8.074711e-02;8.149527e-02;5.486086e-02;1.404201e-02
2.758265e-02;2.098264e-01;2.355432e-01;3.233507e-02;4.477495e-02;1.943171e-01;3.571822e-02;5.278382e-02;7.899873e-02;6.135229e-02;1.524285e-02;1.152472e-02
3.492729e-02;2.501735e-01;1.960220e-01;2.527940e-02;5.207436e-02;1.803439e-01;3.095523e-02;4.826211e-02;1.166725e-01;3.843985e-02;1.059004e-02;1.625990e-02
4.793845e-02;2.599851e-01;1.313984e-01;2.426715e-02;9.965789e-02;1.451561e-01;2.229215e-02;5.952898e-02;1.564192e-01;1.500794e-02;2.111113e-02;1.723758e-02
8.340372e-02;1.906626e-01;7.669124e-02;2.394172e-02;1.778061e-01;6.359067e-02;4.702824e-02;1.312917e-01;1.178799e-01;3.026237e-02;3.222497e-02;2.521677e-02
1.003146e-01;1.802818e-01;3.929919e-02;2.036779e-02;1.975461e-01;7.007258e-02;5.459814e-02;1.440236e-01;1.087903e-01;3.197772e-02;3.004183e-02;2.268633e-02
9.445848e-02;2.249875e-01;5.030658e-02;1.648956e-02;1.177366e-01;1.058148e-01;3.819839e-02;1.123634e-01;1.687208e-01;3.070102e-02;2.826722e-02;1.195569e-02
6.824268e-02;2.503598e-01;6.858040e-02;2.089296e-02;4.258820e-02;1.250299e-01;2.158370e-02;9.086841e-02;2.530237e-01;2.465279e-02;1.885123e-02;1.532620e-02
4.310580e-02;2.549376e-01;8.819968e-02;2.089498e-02;2.110211e-02;1.409387e-01;2.177312e-02;5.303106e-02;2.886904e-01;3.012277e-02;1.643026e-02;2.077359e-02
3.388362e-02;2.431669e-01;1.405953e-01;1.927245e-02;1.398260e-02;1.411613e-01;2.669817e-02;2.926721e-02;2.267527e-01;6.939907e-02;2.364995e-02;3.217063e-02
4.007638e-02;2.424688e-01;2.193033e-01;2.405767e-02;1.279780e-02;1.263076e-01;2.833896e-02;2.739880e-02;1.253350e-01;8.596069e-02;2.258750e-02;4.536754e-02
3.897707e-02;2.387098e-01;2.548999e-01;3.691955e-02;3.087871e-02;1.249914e-01;3.317224e-02;5.379117e-02;5.629271e-02;7.296178e-02;1.204877e-02;4.635700e-02
2.983538e-02;1.823149e-01;3.469176e-01;4.111964e-02;4.157791e-02;1.110607e-01;3.809196e-02;5.717708e-02;4.798768e-02;5.676829e-02;1.151569e-02;3.563314e-02
4.422066e-02;2.178258e-01;4.118263e-01;3.273863e-02;3.455882e-02;5.283338e-02;4.218675e-02;4.194279e-02;5.863126e-02;2.992438e-02;1.925124e-02;1.406004e-02
3.372824e-02;2.167024e-01;3.661214e-01;6.804895e-02;3.726989e-02;6.697837e-02;4.068636e-02;4.706562e-02;6.881636e-02;2.371048e-02;2.396091e-02;6.911067e-03
2.510237e-02;1.618423e-01;2.217940e-01;1.304656e-01;7.405151e-02;1.124265e-01;4.428126e-02;7.402892e-02;6.471180e-02;3.589309e-02;4.290541e-02;1.249725e-02
2.229559e-02;1.457991e-01;9.180044e-02;1.841573e-01;1.080684e-01;1.096509e-01;3.479004e-02;1.108896e-01;6.835628e-02;4.444930e-02;6.466229e-02;1.508071e-02
1.636360e-02;1.492428e-01;2.381909e-01;1.339144e-01;8.570471e-02;1.236753e-01;1.414144e-02;9.378898e-02;4.121975e-02;3.173293e-02;4.836119e-02;2.366406e-02
2.083136e-02;1.574766e-01;2.806443e-01;1.212644e-01;6.862097e-02;1.326468e-01;1.614884e-02;7.405595e-02;3.227741e-02;1.860049e-02;5.793485e-02;1.949795e-02
2.502640e-02;1.336230e-01;3.012719e-01;1.320966e-01;5.503826e-02;1.076885e-01;3.980993e-02;6.706106e-02;3.212292e-02;2.635593e-02;6.701244e-02;1.289299e-02
2.905753e-02;7.930101e-02;3.484829e-01;1.091238e-01;5.010170e-02;6.493319e-02;7.309531e-02;5.049522e-02;5.176955e-02;8.106371e-02;5.166810e-02;1.090804e-02
3.878235e-02;1.732193e-01;3.234815e-01;5.034850e-02;6.228524e-02;4.768430e-02;5.693933e-02;4.937956e-02;6.869404e-02;9.551196e-02;2.199350e-02;1.168048e-02
4.973199e-02;2.108296e-01;2.428856e-01;4.466737e-02;7.531784e-02;7.186344e-02;3.236294e-02;6.741294e-02;8.703304e-02;7.289133e-02;2.955210e-02;1.545179e-02
7.011212e-02;2.523618e-01;1.412129e-01;5.439465e-02;8.852160e-02;8.791361e-02;3.458525e-02;7.675623e-02;9.000929e-02;4.192235e-02;3.713461e-02;2.507564e-02
6.299260e-02;2.553370e-01;2.586562e-01;4.216863e-02;7.313757e-02;9.647538e-02;4.155355e-02;6.315365e-02;3.945218e-02;2.358432e-02;2.239731e-02;2.109155e-02
6.699766e-02;2.614143e-01;3.166541e-01;3.948299e-02;5.418176e-02;9.627161e-02;3.556935e-02;5.020290e-02;3.588388e-02;1.358293e-02;1.317737e-02;1.658111e-02
6.014407e-02;2.327720e-01;2.693887e-01;4.865806e-02;6.637654e-02;1.014227e-01;2.970145e-02;7.109404e-02;3.713229e-02;2.623081e-02;2.931472e-02;2.776466e-02
5.655429e-02;1.969378e-01;1.544039e-01;3.834824e-02;6.684853e-02;1.502501e-01;4.377162e-02;8.345716e-02;7.965873e-02;5.698384e-02;4.346269e-02;2.932316e-02
3.295863e-02;1.684646e-01;1.654423e-01;4.974882e-02;2.728999e-02;1.441364e-01;8.318694e-02;5.927101e-02;1.095821e-01;1.277601e-01;1.423955e-02;1.791961e-02
1.982448e-02;1.066719e-01;2.129491e-01;3.469295e-02;2.770306e-02;8.759519e-02;1.292601e-01;4.644078e-02;7.798036e-02;2.073710e-01;3.213031e-02;1.738078e-02
1.831442e-02;6.537967e-02;2.575142e-01;3.438162e-02;2.847282e-02;4.720277e-02;1.542687e-01;2.787755e-02;3.456041e-02;2.675642e-01;4.896406e-02;1.549945e-02
2.159569e-02;4.932518e-02;2.726664e-01;2.653511e-02;2.373418e-02;3.107875e-02;1.496180e-01;1.714937e-02;2.072657e-02;3.182039e-01;4.724147e-02;2.212533e-02
3.478960e-02;7.183271e-02;2.891572e-01;1.817397e-02;2.553779e-02;2.235812e-02;1.120033e-01;1.905827e-02;2.711575e-02;3.229917e-01;4.056659e-02;1.641503e-02
4.697830e-02;1.095285e-01;3.156511e-01;2.643818e-02;3.804682e-02;2.984026e-02;6.836055e-02;1.376533e-02;4.465975e-02;2.670230e-01;2.805325e-02;1.165497e-02
3.432342e-02;1.209285e-01;3.709246e-01;3.475744e-02;4.409024e-02;2.484557e-02;4.378238e-02;1.903467e-02;6.122193e-02;2.273035e-01;1.078966e-02;7.998126e-03
2.365340e-02;1.551470e-01;3.906764e-01;3.087941e-02;5.084644e-02;2.357773e-02;3.908510e-02;2.910928e-02;4.776561e-02;1.854343e-01;1.500951e-02;8.815840e-03
2.295206e-02;2.039164e-01;3.761339e-01;2.658074e-02;6.482691e-02;3.744069e-02;5.190058e-02;3.462663e-02;3.887688e-02;1.104101e-01;1.532158e-02;1.701352e-02
2.226307e-02;2.431951e-01;3.771627e-01;2.893452e-02;5.437991e-02;5.328372e-02;6.293415e-02;3.334222e-02;3.428566e-02;6.606878e-02;7.285313e-03;1.686491e-02
2.400745e-02;2.726694e-01;3.602670e-01;2.529691e-02;2.999946e-02;6.155339e-02;5.694784e-02;4.043840e-02;4.160250e-02;4.698168e-02;1.022552e-02;3.001049e-02
2.246800e-02;2.647348e-01;3.307991e-01;4.195421e-02;1.789371e-02;7.850539e-02;4.337127e-02;3.885338e-02;5.357704e-02;6.012244e-02;1.420498e-02;3.351567e-02
2.292907e-02;2.729896e-01;2.960549e-01;6.700505e-02;2.568524e-02;8.392915e-02;1.895450e-02;2.442620e-02;6.510904e-02;7.078064e-02;1.429502e-02;3.784155e-02
2.479308e-02;2.871117e-01;2.372494e-01;9.393410e-02;2.122178e-02;9.213828e-02;1.247706e-02;2.275121e-02;1.032567e-01;6.000065e-02;1.452885e-02;3.053720e-02
2.213343e-02;3.111487e-01;1.672524e-01;1.045413e-01;1.256646e-02;1.107756e-01;1.853611e-02;2.340458e-02;1.573927e-01;4.578869e-02;1.041071e-02;1.604921e-02
2.800803e-02;3.284808e-01;1.463451e-01;8.633786e-02;1.636153e-02;9.481708e-02;1.894573e-02;2.819226e-02;1.900187e-01;4.560175e-02;8.556399e-03;8.334846e-03
2.791565e-02;3.227794e-01;1.652665e-01;7.801002e-02;1.287689e-02;6.788500e-02;2.613075e-02;4.048800e-02;1.769651e-01;5.438768e-02;1.015947e-02;1.713553e-02
4.645440e-02;2.918059e-01;1.948907e-01;6.712762e-02;1.620318e-02;4.294707e-02;3.952269e-02;5.270465e-02;1.483478e-01;6.834671e-02;1.374612e-02;1.790308e-02
7.261255e-02;2.403818e-01;2.017378e-01;4.691863e-02;1.436866e-02;5.460291e-02;5.171497e-02;5.913674e-02;1.261203e-01;8.429146e-02;2.946480e-02;1.864932e-02
7.368626e-02;1.559619e-01;2.047300e-01;2.827163e-02;2.090112e-02;9.349820e-02;5.766844e-02;6.830873e-02;1.173731e-01;1.174271e-01;3.872394e-02;2.344947e-02
5.894412e-02;2.471980e-01;2.820192e-01;3.351650e-02;3.405396e-02;7.144354e-02;2.401874e-02;4.155102e-02;7.027473e-02;9.761086e-02;2.698781e-02;1.238149e-02
6.123570e-02;3.448727e-01;3.424713e-01;3.041489e-02;3.925884e-02;3.370317e-02;8.797433e-03;2.550527e-02;4.158803e-02;4.429293e-02;1.943534e-02;8.424453e-03
6.179121e-02;3.380404e-01;3.607279e-01;2.663540e-02;4.571712e-02;2.993081e-02;9.052218e-03;3.194585e-02;3.424127e-02;3.633027e-02;1.947820e-02;6.109342e-03
6.203313e-02;3.376181e-01;3.354838e-01;2.466831e-02;3.802272e-02;3.256694e-02;1.695840e-02;4.377514e-02;3.210092e-02;4.813392e-02;1.926043e-02;9.378197e-03
8.248977e-02;3.288170e-01;3.049015e-01;2.304712e-02;2.792004e-02;3.352358e-02;2.048362e-02;4.235705e-02;3.614516e-02;6.256158e-02;2.560586e-02;1.214781e-02
1.097029e-01;3.254198e-01;2.247329e-01;2.464740e-02;3.404919e-02;4.305132e-02;1.777640e-02;3.082947e-02;5.458842e-02;8.125724e-02;3.134885e-02;2.259614e-02
8.476328e-02;3.077335e-01;2.052922e-01;2.518598e-02;3.111941e-02;6.105920e-02;1.583548e-02;2.923491e-02;7.764371e-02;9.035415e-02;4.155087e-02;3.022731e-02
6.906691e-02;2.974235e-01;2.542974e-01;2.360072e-02;2.148309e-02;4.722825e-02;2.734146e-02;4.015271e-02;7.082108e-02;7.881264e-02;3.654205e-02;3.323021e-02
5.762047e-02;3.368430e-01;2.838172e-01;1.878515e-02;1.363430e-02;4.471255e-02;3.680782e-02;3.681576e-02;6.228346e-02;5.523018e-02;2.799700e-02;2.545314e-02
4.731923e-02;3.965515e-01;3.394456e-01;1.923086e-02;1.274133e-02;3.249206e-02;3.180821e-02;2.213149e-02;4.269069e-02;2.972666e-02;1.309150e-02;1.277089e-02
4.217590e-02;4.113182e-01;3.541088e-01;1.903991e-02;1.264027e-02;2.252056e-02;2.711226e-02;2.429576e-02;4.914769e-02;2.525990e-02;5.652933e-03;6.727831e-03
4.118932e-02;4.198354e-01;3.446848e-01;1.697943e-02;1.085831e-02;2.719184e-02;1.936341e-02;2.616458e-02;5.755932e-02;2.158689e-02;7.290880e-03;7.295781e-03
4.056045e-02;4.063340e-01;3.546028e-01;1.154883e-02;8.448976e-03;4.461061e-02;1.308730e-02;3.251668e-02;4.936948e-02;1.694228e-02;1.085920e-02;1.111940e-02
3.142292e-02;3.380098e-01;3.744318e-01;2.440325e-02;1.700958e-02;5.987880e-02;1.396076e-02;5.134729e-02;4.060177e-02;2.206804e-02;1.225707e-02;1.460886e-02
2.795827e-02;3.027900e-01;3.513827e-01;3.354158e-02;2.524099e-02;7.845949e-02;1.479216e-02;5.961300e-02;3.876225e-02;3.675673e-02;1.609549e-02;1.460738e-02
3.796380e-02;3.509711e-01;3.054472e-01;2.658488e-02;2.360029e-02;9.240447e-02;1.126028e-02;5.307799e-02;3.305492e-02;3.725630e-02;1.466953e-02;1.370925e-02
4.998799e-02;4.006866e-01;2.654564e-01;1.369820e-02;1.434480e-02;8.761086e-02;1.045751e-02;4.438845e-02;3.629567e-02;2.793560e-02;1.917383e-02;2.996411e-02
5.039785e-02;3.951076e-01;2.309636e-01;1.945806e-02;1.146538e-02;9.054977e-02;2.169550e-02;4.524013e-02;4.672873e-02;1.669279e-02;3.217630e-02;3.952425e-02
5.185113e-02;2.785480e-01;2.634858e-01;3.305101e-02;1.527453e-02;8.511632e-02;3.893464e-02;4.090420e-02;6.697247e-02;2.474137e-02;2.813955e-02;7.298092e-02
5.222736e-02;1.678336e-01;2.727918e-01;3.987042e-02;2.965437e-02;9.646889e-02;4.398346e-02;3.885271e-02;8.095727e-02;6.003985e-02;2.565984e-02;9.166050e-02
4.574175e-02;2.060007e-01;2.981082e-01;3.152832e-02;2.751095e-02;6.313625e-02;3.493719e-02;3.411342e-02;6.987572e-02;9.609444e-02;2.365344e-02;6.929969e-02
3.988722e-02;2.795675e-01;3.368652e-01;1.654797e-02;1.519447e-02;3.186931e-02;2.246734e-02;3.213760e-02;6.301776e-02;9.039527e-02;8.269116e-03;6.378122e-02
4.671457e-02;3.420351e-01;3.543193e-01;1.162606e-02;8.036810e-03;1.856222e-02;9.480326e-03;2.791013e-02;5.723834e-02;4.741437e-02;6.909497e-03;6.975324e-02
5.059038e-02;3.736563e-01;3.676896e-01;1.535790e-02;6.121954e-03;2.726634e-02;5.326249e-03;2.684272e-02;3.732213e-02;2.357538e-02;5.042587e-03;6.120851e-02
5.393565e-02;3.754135e-01;3.756388e-01;2.056198e-02;6.621371e-03;3.187111e-02;7.050697e-03;2.306279e-02;3.027926e-02;1.532669e-02;1.462209e-02;4.561613e-02
7.126946e-02;3.069559e-01;3.667310e-01;2.513199e-02;1.454974e-02;3.645389e-02;7.684777e-03;3.433850e-02;4.583060e-02;4.353211e-02;2.519423e-02;2.232787e-02
7.053701e-02;2.739721e-01;3.326842e-01;1.957266e-02;2.015073e-02;3.308618e-02;2.185962e-02;3.931819e-02;5.689806e-02;7.044022e-02;2.523746e-02;3.624357e-02
4.403121e-02;2.234606e-01;3.211622e-01;2.715770e-02;1.964534e-02;5.441801e-02;4.170779e-02;4.471293e-02;7.788724e-02;6.212220e-02;2.315069e-02;6.054416e-02
5.057235e-02;2.562250e-01;3.033418e-01;2.885614e-02;1.831479e-02;6.459155e-02;4.372728e-02;3.699618e-02;8.128187e-02;2.770088e-02;3.499294e-02;5.339925e-02
5.362684e-02;2.284821e-01;3.310714e-01;2.191600e-02;1.995736e-02;5.675228e-02;4.096303e-02;2.889216e-02;6.648164e-02;5.956662e-02;3.766887e-02;5.462161e-02
6.815599e-02;2.502325e-01;3.457074e-01;3.817483e-02;1.250012e-02;4.119916e-02;3.519950e-02;3.839519e-02;3.601045e-02;6.119407e-02;2.719181e-02;4.603898e-02
9.509282e-02;2.885464e-01;3.458652e-01;3.701688e-02;2.593951e-02;3.970800e-02;2.540348e-02;4.111114e-02;1.950850e-02;3.495472e-02;1.471877e-02;3.213452e-02
1.067215e-01;2.646779e-01;3.163601e-01;3.187028e-02;4.651761e-02;3.530708e-02;3.694131e-02;4.768867e-02;3.093189e-02;3.940446e-02;1.713681e-02;2.644234e-02
1.046058e-01;3.266408e-01;2.263356e-01;2.484387e-02;4.814088e-02;3.377714e-02;6.071239e-02;4.528832e-02;3.307219e-02;5.037849e-02;2.231941e-02;2.388502e-02
1.331081e-01;3.653985e-01;1.225490e-01;2.635191e-02;5.686832e-02;4.297757e-02;8.653412e-02;3.736784e-02;3.349493e-02;4.460711e-02;2.727463e-02;2.346792e-02
1.413981e-01;3.208532e-01;2.422648e-01;1.692783e-02;5.393693e-02;2.884432e-02;6.627198e-02;4.794654e-02;3.094033e-02;1.978306e-02;1.600619e-02;1.482670e-02
1.185574e-01;3.488290e-01;2.982179e-01;1.911252e-02;3.764089e-02;2.977975e-02;3.640693e-02;4.762691e-02;2.392691e-02;1.860351e-02;9.886090e-03;1.141218e-02
1.190112e-01;3.702619e-01;3.107568e-01;2.094117e-02;2.810097e-02;2.113228e-02;2.067720e-02;4.173131e-02;1.980163e-02;2.065640e-02;1.471909e-02;1.221007e-02
1.172305e-01;3.802282e-01;3.025546e-01;1.582156e-02;2.539764e-02;1.763080e-02;1.968235e-02;5.285801e-02;1.935707e-02;2.062832e-02;1.543869e-02;1.317230e-02
1.321973e-01;3.757163e-01;2.885231e-01;1.746529e-02;2.373474e-02;1.513038e-02;2.253174e-02;4.923965e-02;2.796506e-02;2.330054e-02;8.677498e-03;1.551833e-02
1.694451e-01;3.038944e-01;2.318855e-01;1.582256e-02;2.044255e-02;4.460885e-02;3.156238e-02;6.089472e-02;4.552460e-02;2.469556e-02;2.358502e-02;2.763883e-02
1.269376e-01;3.349963e-01;2.370115e-01;1.183217e-02;1.569426e-02;3.755195e-02;4.394381e-02;6.730186e-02;4.709320e-02;3.257523e-02;1.667615e-02;2.838594e-02
7.215001e-02;2.688666e-01;2.975941e-01;1.882548e-02;1.290966e-02;5.483672e-02;5.229436e-02;8.380251e-02;6.082340e-02;3.816937e-02;1.149383e-02;2.823396e-02
4.364336e-02;2.445284e-01;3.315480e-01;1.301285e-02;1.315939e-02;8.386645e-02;3.162511e-02;7.794013e-02;6.884133e-02;4.536758e-02;2.359420e-02;2.287314e-02
4.397777e-02;2.517169e-01;2.976283e-01;3.010455e-02;1.845510e-02;6.533449e-02;4.486912e-02;7.292515e-02;6.093496e-02;5.107939e-02;3.797022e-02;2.500413e-02
4.814810e-02;2.271638e-01;2.442400e-01;5.053896e-02;3.395074e-02;4.158635e-02;5.446900e-02;8.282445e-02;7.477205e-02;5.360061e-02;4.808093e-02;4.062495e-02
5.283443e-02;2.196778e-01;2.200018e-01;5.446239e-02;4.480489e-02;3.855289e-02;5.002535e-02;8.272126e-02;7.803922e-02;5.765868e-02;4.920732e-02;5.201396e-02
5.626886e-02;2.110427e-01;2.182777e-01;4.952973e-02;5.137687e-02;6.137624e-02;4.302796e-02;9.117149e-02;8.469450e-02;5.400909e-02;3.168668e-02;4.753810e-02
5.742197e-02;2.322091e-01;2.191781e-01;4.044981e-02;3.371432e-02;7.776569e-02;3.812160e-02;1.128482e-01;9.676537e-02;5.364798e-02;1.272987e-02;2.514799e-02
8.683860e-02;3.105636e-01;1.435262e-01;4.338457e-02;3.798061e-02;3.765626e-02;3.974593e-02;1.053490e-01;7.999343e-02;5.507734e-02;4.222731e-02;1.765707e-02
1.085866e-01;3.460880e-01;1.519920e-01;2.465212e-02;3.985176e-02;5.638299e-02;3.008693e-02;5.492046e-02;5.336492e-02;6.145475e-02;4.944706e-02;2.317243e-02
9.173796e-02;3.314097e-01;2.540116e-01;1.890849e-02;2.051875e-02;6.702114e-02;2.578902e-02;6.553565e-02;3.768062e-02;4.590275e-02;1.475162e-02;2.673264e-02
5.482191e-02;2.888508e-01;2.763562e-01;1.802733e-02;1.883027e-02;1.293967e-01;2.144635e-02;9.403846e-02;4.482974e-02;2.272779e-02;1.129794e-02;1.937648e-02
4.779292e-02;3.340322e-01;3.119321e-01;9.081612e-03;1.395703e-02;1.062319e-01;1.690522e-02;7.466166e-02;4.268800e-02;1.900264e-02;1.108909e-02;1.262567e-02
5.313811e-02;4.225255e-01;3.106362e-01;6.753278e-03;1.041497e-02;6.169192e-02;1.552996e-02;4.433182e-02;4.136284e-02;1.542863e-02;5.988485e-03;1.219829e-02
4.837385e-02;4.589362e-01;3.260693e-01;6.942360e-03;6.818720e-03;4.668206e-02;9.763520e-03;2.680672e-02;4.526370e-02;8.186870e-03;4.057069e-03;1.209957e-02
3.875611e-02;4.114441e-01;3.853873e-01;7.400159e-03;3.395417e-03;4.143289e-02;8.866435e-03;2.952192e-02;3.323917e-02;2.378386e-02;6.597380e-03;1.017524e-02
3.163752e-02;3.228608e-01;4.686286e-01;1.397907e-02;4.629939e-03;2.960222e-02;2.541284e-02;2.082048e-02;2.642161e-02;4.525864e-02;4.134986e-03;6.613243e-03
2.489134e-02;2.316842e-01;5.295103e-01;3.017924e-02;9.065524e-03;2.590031e-02;4.224251e-02;1.972805e-02;1.804894e-02;5.504386e-02;4.755757e-03;8.950030e-03
2.085237e-02;2.228064e-01;5.317494e-01;3.948199e-02;1.296355e-02;1.938913e-02;4.850451e-02;1.817955e-02;1.155448e-02;5.305552e-02;1.227464e-02;9.188471e-03
2.320593e-02;2.005234e-01;5.223536e-01;4.361291e-02;1.358033e-02;3.675320e-02;3.815556e-02;2.349837e-02;2.316317e-02;4.812745e-02;1.589192e-02;1.113412e-02
2.511327e-02;2.051722e-01;4.850886e-01;4.950433e-02;1.813867e-02;4.845244e-02;2.350462e-02;3.010670e-02;3.121889e-02;5.279667e-02;2.208655e-02;8.817136e-03
2.736124e-02;2.091764e-01;5.044883e-01;5.021420e-02;1.217532e-02;2.936720e-02;2.431437e-02;3.471295e-02;2.970189e-02;5.474883e-02;1.060815e-02;1.313106e-02
3.267509e-02;2.484001e-01;4.750890e-01;3.976707e-02;1.570928e-02;3.778306e-02;2.124536e-02;3.430693e-02;2.839855e-02;3.464320e-02;1.570920e-02;1.627321e-02
2.823376e-02;3.018454e-01;4.571068e-01;2.981864e-02;1.860991e-02;2.429339e-02;1.754972e-02;3.882304e-02;2.547719e-02;2.163806e-02;1.679321e-02;1.981087e-02
2.827428e-02;3.239254e-01;4.596845e-01;3.504255e-02;1.592501e-02;2.182071e-02;1.203924e-02;3.514016e-02;2.223261e-02;2.467219e-02;5.806378e-03;1.543698e-02
2.574592e-02;3.224652e-01;4.806323e-01;4.008520e-02;1.559298e-02;1.037566e-02;8.220487e-03;2.380304e-02;2.642169e-02;2.871633e-02;6.240722e-03;1.170049e-02
1.895130e-02;3.043970e-01;5.047389e-01;3.106123e-02;1.984459e-02;3.161018e-02;8.589781e-03;1.402332e-02;2.322767e-02;2.706924e-02;6.695465e-03;9.791296e-03
1.479636e-02;2.776115e-01;5.260932e-01;2.657237e-02;2.227341e-02;3.278446e-02;1.382071e-02;1.327174e-02;1.589100e-02;4.498368e-02;3.287270e-03;8.614238e-03
2.195872e-02;2.754763e-01;5.332670e-01;2.746032e-02;1.608781e-02;1.334740e-02;1.304040e-02;1.383858e-02;1.438904e-02;5.590512e-02;5.214203e-03;1.001516e-02
2.692169e-02;2.980154e-01;4.779728e-01;2.970175e-02;1.323392e-02;3.144268e-02;1.189652e-02;2.026746e-02;2.032194e-02;4.911060e-02;8.789889e-03;1.232534e-02
3.883841e-02;3.513471e-01;3.903747e-01;2.997860e-02;1.561933e-02;3.294747e-02;1.321352e-02;2.396042e-02;4.042786e-02;3.851958e-02;7.651913e-03;1.712113e-02
5.932701e-02;3.594497e-01;3.455386e-01;3.193581e-02;2.028658e-02;1.743043e-02;1.555265e-02;3.732348e-02;4.859010e-02;3.042266e-02;1.717105e-02;1.697195e-02
6.453147e-02;3.219924e-01;3.765441e-01;2.939976e-02;2.118691e-02;1.378479e-02;2.927201e-02;5.484401e-02;3.074622e-02;2.959535e-02;1.459860e-02;1.350437e-02
3.966215e-02;2.861691e-01;4.096085e-01;4.148629e-02;1.057568e-02;1.320431e-02;5.504832e-02;5.107661e-02;1.816910e-02;4.060291e-02;8.300742e-03;2.609636e-02
2.399254e-02;2.440865e-01;4.295880e-01;4.641255e-02;1.385806e-02;3.889875e-02;7.422848e-02;4.123143e-02;2.034945e-02;2.589307e-02;1.012268e-02;3.133841e-02
3.239906e-02;2.629179e-01;4.392638e-01;3.646092e-02;1.458145e-02;5.279725e-02;5.409303e-02;3.075438e-02;2.474387e-02;1.415636e-02;1.153769e-02;2.629431e-02
2.591030e-02;2.460581e-01;4.440846e-01;4.974928e-02;2.274550e-02;6.063104e-02;2.725070e-02;3.346907e-02;3.404697e-02;2.176003e-02;1.402670e-02;2.026762e-02
