1.401844e-02;6.233205e-02;1.906287e-01;1.771481e-01;1.358382e-01;1.709568e-01;2.156680e-02;3.049551e-02;2.294852e-02;1.242736e-02;9.657555e-02;6.506395e-02
1.388464e-02;3.120030e-02;1.268075e-01;1.600198e-01;2.109295e-01;2.512959e-01;1.752825e-02;2.753828e-02;1.990970e-02;1.613360e-02;4.101450e-02;8.373805e-02
1.287667e-02;2.267119e-02;9.026975e-02;1.055927e-01;2.581811e-01;3.341133e-01;1.290636e-02;2.455682e-02;1.784134e-02;1.387070e-02;7.669969e-03;9.945016e-02
1.130841e-02;2.488540e-02;8.544974e-02;6.451757e-02;2.386329e-01;4.205449e-01;9.740678e-03;2.143642e-02;2.496648e-02;5.294425e-03;8.596946e-03;8.462616e-02
1.956647e-02;1.146228e-02;6.604862e-02;3.911117e-02;1.726045e-01;5.632059e-01;1.822952e-02;3.221133e-02;2.280620e-02;4.105640e-03;4.383570e-03;4.626479e-02
2.453077e-02;1.446650e-02;6.381823e-02;1.884068e-02;1.345777e-01;6.497218e-01;1.464079e-02;2.180432e-02;1.884526e-02;5.526386e-03;6.195555e-03;2.703198e-02
1.785593e-02;1.533256e-02;5.770151e-02;3.135727e-02;1.401623e-01;6.494363e-01;1.116931e-02;1.929961e-02;1.934110e-02;6.729438e-03;5.994159e-03;2.562047e-02
2.841035e-02;1.347596e-02;3.501276e-02;3.294090e-02;1.248446e-01;6.770890e-01;1.193859e-02;2.919662e-02;1.769410e-02;7.534921e-03;5.009608e-03;1.685255e-02
2.858773e-02;1.911103e-02;2.728715e-02;2.240131e-02;1.007992e-01;6.968415e-01;6.977806e-03;4.288207e-02;1.078168e-02;5.378775e-03;7.722589e-03;3.122916e-02
2.038833e-02;1.505245e-02;3.223217e-02;1.813771e-02;9.781481e-02;7.044314e-01;1.517267e-02;3.683736e-02;1.327187e-02;5.060398e-03;5.951950e-03;3.564887e-02
3.608739e-02;2.227038e-02;4.286664e-02;9.052204e-03;1.000883e-01;6.604714e-01;1.580084e-02;2.240460e-02;2.441076e-02;4.899304e-03;6.600779e-03;5.504741e-02
2.742780e-02;5.162223e-02;1.170047e-01;3.793975e-02;1.016289e-01;4.878062e-01;1.858261e-02;2.844116e-02;3.362937e-02;8.367213e-03;2.001558e-02;6.753445e-02
6.230663e-03;8.969578e-02;2.566589e-01;7.491079e-02;8.612397e-02;3.045101e-01;1.708325e-02;4.159335e-02;3.238007e-02;1.068347e-02;3.576738e-02;4.436231e-02
2.174461e-02;1.258820e-01;2.851368e-01;5.963652e-02;9.873896e-02;2.715340e-01;2.018475e-02;3.379724e-02;2.476405e-02;1.185012e-02;2.074673e-02;2.598427e-02
2.601160e-02;1.323752e-01;2.038756e-01;3.229852e-02;1.103002e-01;3.331886e-01;3.302808e-02;2.999242e-02;2.949350e-02;2.053761e-02;2.006622e-02;2.883234e-02
2.327102e-02;9.363226e-02;9.722186e-02;2.926081e-02;7.246528e-02;4.016289e-01;7.753117e-02;7.330642e-02;3.687110e-02;3.587372e-02;3.262057e-02;2.631693e-02
2.063145e-02;8.932322e-02;7.306281e-02;2.686146e-02;6.463939e-02;3.461045e-01;1.391019e-01;8.322904e-02;5.724389e-02;5.414935e-02;1.975096e-02;2.590198e-02
2.886335e-02;9.971245e-02;5.718896e-02;2.816498e-02;6.992889e-02;2.790115e-01;1.760124e-01;4.955512e-02;7.146294e-02;6.165472e-02;4.041480e-02;3.802986e-02
3.926185e-02;1.237004e-01;9.555909e-02;3.097828e-02;6.664907e-02;1.813621e-01;1.648467e-01;4.880965e-02;8.279922e-02;7.459080e-02;5.842443e-02;3.301846e-02
7.526921e-02;1.361202e-01;1.066596e-01;3.681081e-02;7.710255e-02;1.966337e-01;9.902474e-02;5.204640e-02;6.939916e-02;7.826129e-02;5.055427e-02;2.211796e-02
1.039525e-01;8.273932e-02;5.523008e-02;4.697753e-02;1.520900e-01;2.799673e-01;3.470122e-02;6.706958e-02;4.664159e-02;3.993922e-02;1.478742e-02;7.590422e-02
7.821858e-02;4.748608e-02;5.723859e-02;5.272939e-02;1.524086e-01;3.059787e-01;4.663178e-02;4.600895e-02;4.845870e-02;1.034600e-02;3.060725e-02;1.238873e-01
7.585740e-02;4.286482e-02;2.968277e-02;3.478428e-02;1.657414e-01;3.012859e-01;2.924025e-02;3.188083e-02;7.417691e-02;2.032803e-02;3.367195e-02;1.604854e-01
4.778664e-02;3.872646e-02;5.915460e-02;2.909006e-02;1.803766e-01;2.376997e-01;2.010217e-02;4.040623e-02;1.033242e-01;2.516170e-02;2.798346e-02;1.901881e-01
1.242877e-02;4.117031e-02;6.793848e-02;7.157547e-02;1.844483e-01;1.629294e-01;2.863365e-02;3.472733e-02;9.814779e-02;2.224120e-02;7.927959e-02;1.964796e-01
2.281519e-02;6.820582e-02;7.996191e-02;1.511028e-01;1.247157e-01;8.776888e-02;2.147913e-02;6.653957e-02;4.724872e-02;1.708544e-02;1.726669e-01;1.404098e-01
1.728113e-02;8.702181e-02;1.262533e-01;2.101376e-01;6.503771e-02;7.189646e-02;2.345671e-02;7.263407e-02;2.448232e-02;1.992269e-02;2.130137e-01;6.886253e-02
3.902736e-02;9.179460e-02;2.436322e-01;1.888928e-01;5.275803e-02;5.201973e-02;3.559380e-02;4.622437e-02;2.573947e-02;4.817435e-02;1.484949e-01;2.764841e-02
6.171383e-02;1.340417e-01;3.799768e-01;9.173206e-02;4.513119e-02;5.061402e-02;4.779757e-02;2.271180e-02;2.671700e-02;6.961513e-02;5.283454e-02;1.711435e-02
5.622760e-02;1.887205e-01;3.828882e-01;4.383406e-02;3.730378e-02;6.632530e-02;5.732125e-02;3.222375e-02;2.506373e-02;6.621952e-02;2.545689e-02;1.841537e-02
3.525670e-02;1.987509e-01;3.265795e-01;5.648582e-02;3.324388e-02;1.069349e-01;4.857187e-02;6.721825e-02;2.883046e-02;6.392901e-02;1.288585e-02;2.131286e-02
1.915613e-02;1.899300e-01;3.655752e-01;6.226769e-02;3.813168e-02;1.111327e-01;1.915651e-02;8.286124e-02;3.783911e-02;4.277284e-02;1.259871e-02;1.857807e-02
1.960520e-02;2.434232e-01;3.409233e-01;4.999194e-02;4.214451e-02;1.240688e-01;1.150296e-02;7.185335e-02;3.832302e-02;2.460876e-02;9.939442e-03;2.361547e-02
2.547043e-02;2.937775e-01;2.474974e-01;4.766770e-02;4.575672e-02;1.731369e-01;1.605404e-02;4.695838e-02;5.100294e-02;1.876643e-02;5.147012e-03;2.876457e-02
2.946775e-02;3.341001e-01;1.920170e-01;4.118324e-02;2.660613e-02;2.118077e-01;2.145830e-02;2.792015e-02;5.876705e-02;2.092161e-02;6.599969e-03;2.915096e-02
2.782599e-02;3.354559e-01;2.350279e-01;2.534755e-02;2.922936e-02;1.874688e-01;1.365108e-02;4.966146e-02;4.040086e-02;1.510398e-02;1.223487e-02;2.859222e-02
2.618801e-02;3.250299e-01;2.653944e-01;2.724533e-02;2.893589e-02;1.636233e-01;1.023723e-02;6.335656e-02;2.663392e-02;1.666369e-02;1.941619e-02;2.727555e-02
2.467092e-02;3.229857e-01;3.196700e-01;3.263840e-02;2.349353e-02;1.367289e-01;6.786582e-03;4.941801e-02;2.329297e-02;2.191168e-02;2.322366e-02;1.517962e-02
2.193206e-02;3.022143e-01;3.363924e-01;5.111809e-02;3.975303e-02;1.255671e-01;1.198010e-02;3.170926e-02;2.185764e-02;2.134562e-02;2.661795e-02;9.512468e-03
3.504691e-02;3.073034e-01;2.817292e-01;4.168553e-02;5.281633e-02;1.379831e-01;1.679629e-02;3.418068e-02;2.604940e-02;1.417705e-02;2.724687e-02;2.498532e-02
4.063136e-02;3.065139e-01;2.610352e-01;2.563750e-02;4.537616e-02;1.643125e-01;1.600502e-02;3.458030e-02;2.683045e-02;1.466436e-02;3.237399e-02;3.203928e-02
3.077265e-02;2.695844e-01;2.570781e-01;3.524449e-02;4.276016e-02;2.089622e-01;1.220838e-02;2.706283e-02;3.250517e-02;1.793682e-02;3.650493e-02;2.937983e-02
1.444614e-02;2.314324e-01;2.694755e-01;5.128134e-02;6.375207e-02;2.085711e-01;1.804061e-02;3.138887e-02;3.237052e-02;2.464166e-02;3.496549e-02;1.963416e-02
2.769644e-02;2.714818e-01;2.590068e-01;5.668112e-02;5.332636e-02;1.961202e-01;2.165206e-02;2.156308e-02;3.228654e-02;2.327669e-02;2.268179e-02;1.422717e-02
3.042866e-02;2.744930e-01;2.925729e-01;4.821911e-02;3.372180e-02;1.725309e-01;2.219230e-02;2.242060e-02;2.938429e-02;3.176297e-02;2.444473e-02;1.782871e-02
2.654126e-02;2.759782e-01;3.195734e-01;5.231319e-02;3.566761e-02;1.297664e-01;1.858025e-02;3.824681e-02;3.111132e-02;3.110933e-02;1.810500e-02;2.300711e-02
2.490242e-02;2.451782e-01;4.404700e-01;5.752106e-02;3.256183e-02;5.668478e-02;2.225686e-02;3.221273e-02;2.195216e-02;3.472488e-02;1.106458e-02;2.047044e-02
2.044186e-02;1.858271e-01;5.297709e-01;5.406311e-02;2.542473e-02;4.250886e-02;3.085943e-02;1.858798e-02;1.768919e-02;5.056377e-02;1.333623e-02;1.092692e-02
2.149868e-02;1.638255e-01;5.437840e-01;6.398550e-02;3.106151e-02;3.538671e-02;3.307147e-02;1.458240e-02;1.411183e-02;5.642167e-02;1.495960e-02;7.311090e-03
2.541842e-02;1.850951e-01;5.403627e-01;5.640624e-02;3.189800e-02;3.642503e-02;3.101231e-02;9.601978e-03;9.425203e-03;5.627543e-02;1.020900e-02;7.870617e-03
2.153671e-02;2.241437e-01;5.089114e-01;3.319404e-02;2.398271e-02;5.130365e-02;2.786485e-02;1.607696e-02;1.169696e-02;5.552099e-02;1.035088e-02;1.541726e-02
2.696727e-02;2.549388e-01;4.333930e-01;3.076425e-02;2.322717e-02;7.060981e-02;2.006540e-02;2.869604e-02;1.339323e-02;4.526052e-02;2.004553e-02;3.263902e-02
4.407505e-02;1.944013e-01;3.829949e-01;4.501126e-02;4.475996e-02;8.800522e-02;1.464410e-02;3.405382e-02;2.125172e-02;3.841102e-02;4.124475e-02;5.114693e-02
3.045928e-02;1.312286e-01;3.958421e-01;6.372619e-02;4.893101e-02;1.335600e-01;2.580168e-02;4.010039e-02;3.057285e-02;1.640223e-02;4.158386e-02;4.179183e-02
2.446447e-02;1.960837e-01;3.658568e-01;5.374607e-02;3.123312e-02;1.876753e-01;1.473024e-02;3.074401e-02;2.525363e-02;2.147363e-02;1.805060e-02;3.068844e-02
3.008035e-02;2.424125e-01;2.747436e-01;3.866518e-02;3.437174e-02;2.169460e-01;1.373953e-02;3.334451e-02;3.018384e-02;2.030271e-02;2.669261e-02;3.851749e-02
2.510556e-02;2.424593e-01;2.829666e-01;2.245601e-02;4.559687e-02;2.210832e-01;9.784220e-03;2.823150e-02;3.622934e-02;1.268570e-02;3.854965e-02;3.485200e-02
3.533684e-02;2.571824e-01;2.369215e-01;5.465614e-02;5.250415e-02;2.005943e-01;5.618975e-03;3.582994e-02;3.706406e-02;1.587689e-02;3.928642e-02;2.912827e-02
3.481789e-02;2.121874e-01;2.366432e-01;6.658210e-02;6.022453e-02;2.040445e-01;1.546277e-02;4.958270e-02;3.893714e-02;2.040624e-02;3.472299e-02;2.638854e-02
2.749620e-02;1.968606e-01;3.257517e-01;4.579343e-02;5.270644e-02;1.598760e-01;2.308004e-02;3.770865e-02;3.902843e-02;3.331303e-02;2.825787e-02;3.012767e-02
2.349940e-02;1.728912e-01;3.343266e-01;5.890663e-02;5.467010e-02;1.499767e-01;1.809345e-02;4.292711e-02;4.070429e-02;3.760730e-02;2.793540e-02;3.846186e-02
2.287104e-02;1.587342e-01;3.289068e-01;5.902169e-02;5.877459e-02;1.447221e-01;3.006451e-02;5.514389e-02;4.944812e-02;3.323160e-02;3.346621e-02;2.561528e-02
3.310682e-02;1.654574e-01;3.796535e-01;9.983523e-02;5.108709e-02;8.503587e-02;3.339318e-02;3.852757e-02;3.547658e-02;3.950615e-02;2.494700e-02;1.397361e-02
3.895635e-02;1.702040e-01;4.435676e-01;1.135717e-01;3.821818e-02;4.672693e-02;3.014996e-02;2.402329e-02;2.884813e-02;3.586979e-02;2.234345e-02;7.520624e-03
3.923227e-02;1.833211e-01;4.394353e-01;1.099578e-01;2.688063e-02;6.727768e-02;2.700778e-02;2.213164e-02;2.748489e-02;2.602686e-02;2.141662e-02;9.827423e-03
2.838712e-02;1.898748e-01;3.727059e-01;1.124260e-01;3.727114e-02;9.485155e-02;2.529911e-02;3.383289e-02;4.727816e-02;2.167781e-02;1.099730e-02;2.539821e-02
1.907584e-02;2.431894e-01;3.217334e-01;1.009891e-01;2.394534e-02;9.269403e-02;1.413912e-02;4.292114e-02;7.572492e-02;3.149327e-02;8.555507e-03;2.553886e-02
1.921132e-02;2.841721e-01;2.552956e-01;8.798581e-02;2.227502e-02;9.916729e-02;1.541815e-02;2.878859e-02;1.287990e-01;3.107998e-02;8.263074e-03;1.954405e-02
2.793097e-02;2.979842e-01;1.313705e-01;1.158661e-01;3.100494e-02;1.055925e-01;2.077950e-02;3.283245e-02;1.859116e-01;2.951409e-02;7.655357e-03;1.355782e-02
3.800566e-02;3.075940e-01;9.733573e-02;1.096730e-01;3.029299e-02;8.754076e-02;5.224345e-02;5.067239e-02;1.816539e-01;3.010403e-02;5.406416e-03;9.477711e-03
5.964237e-02;3.114211e-01;1.052734e-01;5.570930e-02;2.910744e-02;5.676341e-02;1.348125e-01;5.939798e-02;1.100394e-01;5.896605e-02;1.109239e-02;7.774649e-03
7.899918e-02;2.906603e-01;4.068185e-02;2.122357e-02;4.668578e-02;5.273356e-02;2.229140e-01;6.475531e-02;6.283629e-02;9.148949e-02;1.709753e-02;9.923129e-03
6.984609e-02;2.882418e-01;9.960892e-02;2.244681e-02;3.494617e-02;6.159673e-02;1.917736e-01;5.792413e-02;6.117117e-02;8.311862e-02;1.577011e-02;1.355582e-02
4.661607e-02;2.994778e-01;2.104109e-01;2.494033e-02;2.670239e-02;7.550760e-02;1.121570e-01;6.256178e-02;6.092252e-02;5.780872e-02;8.410777e-03;1.448419e-02
2.561664e-02;2.836973e-01;3.457307e-01;2.487957e-02;3.508520e-02;6.765608e-02;4.484022e-02;5.400682e-02;3.654014e-02;6.455561e-02;6.973946e-03;1.041777e-02
1.607006e-02;2.451682e-01;4.509253e-01;2.300031e-02;3.398856e-02;3.939738e-02;2.542219e-02;4.470906e-02;2.091841e-02;8.697941e-02;5.308285e-03;8.112854e-03
1.849560e-02;2.549410e-01;4.474228e-01;2.739133e-02;3.340867e-02;2.642660e-02;4.431521e-02;2.525510e-02;2.221107e-02;9.383521e-02;3.339377e-03;2.958002e-03
1.993077e-02;2.522768e-01;4.486789e-01;2.523154e-02;4.013850e-02;2.414873e-02;3.383581e-02;3.116539e-02;1.476593e-02;9.721334e-02;9.476367e-03;3.137819e-03
2.073554e-02;2.406063e-01;4.469078e-01;2.446218e-02;4.419139e-02;2.844209e-02;2.904219e-02;2.084003e-02;1.945348e-02;1.110679e-01;9.956094e-03;4.295096e-03
2.136539e-02;2.416750e-01;4.467749e-01;2.375793e-02;4.549710e-02;4.220676e-02;3.738533e-02;1.274095e-02;1.292918e-02;1.000566e-01;1.016930e-02;5.441612e-03
2.312621e-02;2.090385e-01;4.988348e-01;2.440246e-02;5.164439e-02;3.144650e-02;3.329587e-02;1.226855e-02;1.697195e-02;8.424075e-02;6.485048e-03;8.244992e-03
2.354122e-02;2.674002e-01;4.549465e-01;3.289803e-02;4.033030e-02;2.678758e-02;2.041048e-02;2.944413e-02;2.620608e-02;6.073582e-02;7.596675e-03;9.703002e-03
2.512565e-02;3.001412e-01;4.020625e-01;2.971823e-02;2.203994e-02;4.647307e-02;2.185297e-02;4.394459e-02;3.799994e-02;4.225075e-02;9.702694e-03;1.868847e-02
4.497070e-02;2.590777e-01;3.115014e-01;4.205109e-02;1.925274e-02;8.256903e-02;4.919361e-02;6.974842e-02;4.074357e-02;3.707754e-02;1.752456e-02;2.628969e-02
5.398612e-02;2.058203e-01;2.335078e-01;3.020853e-02;2.340921e-02;1.301149e-01;8.031391e-02;1.128827e-01;4.735710e-02;3.550695e-02;3.187072e-02;1.502177e-02
4.900210e-02;2.112813e-01;2.195433e-01;2.709102e-02;2.604246e-02;1.219063e-01;8.591425e-02;1.142060e-01;5.717475e-02;3.658167e-02;4.115284e-02;1.010406e-02
4.221520e-02;1.719503e-01;2.426037e-01;7.875786e-02;4.921806e-02;7.534538e-02;7.897497e-02;9.036563e-02;7.498225e-02;4.022227e-02;4.116217e-02;1.420216e-02
4.687025e-02;2.337545e-01;2.615167e-01;9.542783e-02;6.139971e-02;5.379916e-02;3.983644e-02;6.051837e-02;6.020581e-02;4.185706e-02;2.619910e-02;1.861512e-02
4.524091e-02;2.815187e-01;3.091033e-01;4.987200e-02;2.576349e-02;7.223879e-02;3.145679e-02;5.280580e-02;5.674807e-02;4.122346e-02;1.971855e-02;1.431019e-02
4.922530e-02;3.349853e-01;3.002926e-01;3.996392e-02;2.247610e-02;6.806062e-02;3.772891e-02;4.423551e-02;4.333686e-02;3.389965e-02;1.588325e-02;9.912035e-03
6.100870e-02;3.669325e-01;2.821678e-01;3.193112e-02;2.607648e-02;4.691799e-02;3.149691e-02;5.539132e-02;3.661713e-02;3.070860e-02;1.927808e-02;1.147336e-02
8.388432e-02;2.931797e-01;2.148967e-01;4.773300e-02;4.109795e-02;5.380422e-02;4.788636e-02;7.618979e-02;5.136326e-02;4.301636e-02;2.855662e-02;1.839171e-02
9.964114e-02;2.278999e-01;1.698981e-01;4.888926e-02;5.887408e-02;7.812334e-02;6.022905e-02;9.456082e-02;6.637486e-02;4.668169e-02;2.949629e-02;1.933145e-02
8.366150e-02;2.738362e-01;2.963164e-01;3.578062e-02;3.495564e-02;4.575035e-02;4.242476e-02;6.819959e-02;5.510275e-02;2.823825e-02;2.162918e-02;1.410470e-02
8.430061e-02;2.883510e-01;2.855265e-01;5.220614e-02;2.995122e-02;4.592379e-02;3.691060e-02;5.942675e-02;5.964996e-02;2.684706e-02;1.590125e-02;1.500512e-02
5.564667e-02;2.960720e-01;2.942817e-01;4.784889e-02;4.245095e-02;4.872683e-02;5.635552e-02;5.311272e-02;5.314182e-02;2.873440e-02;9.795173e-03;1.383338e-02
3.704520e-02;2.800337e-01;3.299361e-01;2.839312e-02;4.081066e-02;5.205999e-02;7.105637e-02;3.776122e-02;7.317182e-02;3.330582e-02;8.532392e-03;7.893634e-03
3.459285e-02;2.592874e-01;3.415863e-01;2.358461e-02;2.926519e-02;5.032052e-02;8.783881e-02;2.755000e-02;9.061051e-02;4.360779e-02;7.462648e-03;4.293424e-03
2.953537e-02;2.523872e-01;3.445936e-01;2.382077e-02;1.851221e-02;3.756079e-02;9.654190e-02;4.538577e-02;6.570309e-02;6.165254e-02;1.750967e-02;6.797043e-03
2.344294e-02;2.369828e-01;3.737951e-01;2.643554e-02;1.739976e-02;3.615778e-02;5.730459e-02;8.719754e-02;5.143179e-02;6.086456e-02;1.881631e-02;1.017129e-02
2.407478e-02;2.381655e-01;4.251855e-01;2.827496e-02;1.157214e-02;4.602131e-02;2.809733e-02;7.296935e-02;4.342767e-02;6.213519e-02;1.160516e-02;8.471082e-03
2.752729e-02;2.938451e-01;4.609369e-01;2.298043e-02;7.683302e-03;3.413532e-02;2.046461e-02;3.859276e-02;1.690111e-02;6.194194e-02;1.017488e-02;4.816227e-03
3.072350e-02;2.863502e-01;4.970806e-01;1.991390e-02;8.665842e-03;2.017941e-02;2.062298e-02;2.495960e-02;1.608033e-02;6.111888e-02;1.082244e-02;3.482275e-03
2.856029e-02;2.764116e-01;5.066039e-01;2.275391e-02;8.737403e-03;3.422413e-02;2.272066e-02;1.453040e-02;1.503055e-02;5.679262e-02;8.739856e-03;4.894700e-03
3.054083e-02;3.079572e-01;5.016879e-01;2.353907e-02;8.335201e-03;1.787254e-02;2.263593e-02;1.495149e-02;1.224076e-02;4.491071e-02;9.495167e-03;5.833212e-03
3.904336e-02;3.064726e-01;4.881427e-01;2.136536e-02;6.384715e-03;1.363019e-02;2.259018e-02;2.358599e-02;2.760004e-02;2.728855e-02;1.139612e-02;1.250023e-02
3.664166e-02;3.313260e-01;4.452568e-01;2.372194e-02;9.824628e-03;4.333149e-02;2.464346e-02;2.722417e-02;2.753009e-02;9.437239e-03;4.682668e-03;1.637991e-02
3.449401e-02;3.264528e-01;4.263893e-01;2.759852e-02;1.607554e-02;5.175081e-02;2.142179e-02;3.013152e-02;2.026079e-02;2.080178e-02;1.110707e-02;1.351605e-02
3.389428e-02;2.942597e-01;3.670667e-01;3.147920e-02;2.397603e-02;7.004158e-02;2.851917e-02;4.809739e-02;2.286898e-02;4.568303e-02;2.292792e-02;1.118613e-02
3.771045e-02;2.740493e-01;3.475945e-01;4.157319e-02;1.814497e-02;4.627398e-02;4.721609e-02;5.297643e-02;3.712383e-02;5.695256e-02;2.342896e-02;1.695576e-02
3.141545e-02;2.162694e-01;3.895124e-01;6.147258e-02;2.681042e-02;7.383428e-02;4.874483e-02;3.412758e-02;2.569103e-02;6.775463e-02;1.286435e-02;1.150298e-02
3.407241e-02;2.524152e-01;3.623071e-01;5.535280e-02;3.953195e-02;5.653197e-02;4.136223e-02;4.075933e-02;3.005215e-02;7.264145e-02;6.415138e-03;8.558296e-03
4.258618e-02;2.870100e-01;2.780696e-01;3.862767e-02;6.226986e-02;8.626541e-02;4.280787e-02;4.009977e-02;4.645669e-02;5.408219e-02;5.768697e-03;1.595603e-02
4.869678e-02;2.595937e-01;2.453713e-01;6.180097e-02;6.991407e-02;9.674843e-02;5.694122e-02;4.291357e-02;3.330991e-02;5.502155e-02;8.797245e-03;2.089127e-02
4.079982e-02;2.358559e-01;2.945459e-01;6.299501e-02;8.861610e-02;5.939518e-02;5.709890e-02;4.535609e-02;2.569332e-02;4.808865e-02;2.270003e-02;1.885511e-02
3.270704e-02;2.311950e-01;3.398081e-01;4.871040e-02;8.275123e-02;4.192591e-02;3.788309e-02;5.667196e-02;3.690963e-02;4.034283e-02;2.493183e-02;2.616302e-02
3.605235e-02;2.403757e-01;3.765108e-01;4.884872e-02;6.661348e-02;1.366812e-02;2.895799e-02;6.295948e-02;4.661408e-02;2.937686e-02;1.800432e-02;3.201814e-02
3.644910e-02;2.234955e-01;3.970104e-01;5.412103e-02;3.387094e-02;3.505913e-02;4.239470e-02;5.342804e-02;5.134456e-02;3.205593e-02;1.579024e-02;2.498046e-02
3.695769e-02;2.614707e-01;3.891242e-01;6.409370e-02;2.546055e-02;4.152941e-02;3.614383e-02;3.853657e-02;3.925050e-02;3.441477e-02;1.236455e-02;2.065353e-02
3.148293e-02;2.813967e-01;4.140650e-01;5.625543e-02;2.798734e-02;3.981421e-02;2.447348e-02;3.536063e-02;2.768050e-02;3.227148e-02;9.570029e-03;1.964229e-02
2.526416e-02;2.644496e-01;4.314942e-01;4.997576e-02;2.890916e-02;6.687541e-02;1.880262e-02;3.652257e-02;2.852302e-02;2.960436e-02;7.629972e-03;1.194919e-02
2.636615e-02;2.586958e-01;4.241152e-01;5.042366e-02;3.061813e-02;5.819045e-02;1.717053e-02;4.353953e-02;3.746253e-02;2.627481e-02;1.221842e-02;1.492482e-02
3.251326e-02;2.752686e-01;3.977508e-01;4.656281e-02;2.460279e-02;5.720488e-02;2.619938e-02;4.111718e-02;3.661855e-02;2.819605e-02;1.674636e-02;1.721937e-02
3.464786e-02;2.557493e-01;3.975661e-01;4.481138e-02;1.987689e-02;6.684666e-02;3.785039e-02;3.974707e-02;3.468206e-02;3.863874e-02;1.340528e-02;1.617837e-02
2.849638e-02;2.297390e-01;4.028995e-01;4.808797e-02;2.188389e-02;5.832112e-02;5.484880e-02;3.649114e-02;3.303865e-02;4.343181e-02;1.531420e-02;2.744763e-02
4.119313e-02;2.405162e-01;3.676619e-01;4.293023e-02;2.649868e-02;5.306472e-02;4.258654e-02;4.742879e-02;3.914208e-02;3.374761e-02;3.310120e-02;3.212887e-02
3.840610e-02;1.900449e-01;2.769305e-01;4.240185e-02;5.387159e-02;9.605272e-02;5.505475e-02;7.884790e-02;5.497772e-02;2.973979e-02;5.481092e-02;2.886132e-02
3.690665e-02;1.104318e-01;1.738404e-01;8.405554e-02;6.902964e-02;1.375276e-01;7.767735e-02;7.573602e-02;4.959425e-02;7.513724e-02;8.868499e-02;2.137849e-02
3.554632e-02;1.008603e-01;2.429702e-01;8.696555e-02;5.734564e-02;1.048241e-01;6.528903e-02;5.449777e-02;4.037169e-02;1.226897e-01;7.444713e-02;1.419263e-02
2.888638e-02;1.088295e-01;2.982725e-01;6.143183e-02;3.275249e-02;6.337647e-02;4.365638e-02;4.978413e-02;4.561965e-02;2.008924e-01;4.681909e-02;1.967918e-02
1.724249e-02;1.466344e-01;2.455097e-01;3.973310e-02;2.301701e-02;4.540087e-02;2.885330e-02;5.012536e-02;8.899204e-02;2.528095e-01;1.968443e-02;4.199786e-02
1.544118e-02;1.983989e-01;1.297394e-01;4.639047e-02;1.477842e-02;5.776500e-02;2.070447e-02;5.400874e-02;1.729537e-01;2.156949e-01;2.354866e-02;5.057611e-02
2.686777e-02;2.292781e-01;6.852502e-02;6.236226e-02;2.001654e-02;7.021415e-02;3.039300e-02;8.370680e-02;2.192854e-01;1.248726e-01;3.203362e-02;3.244477e-02
7.439760e-02;2.002465e-01;7.706978e-02;5.201136e-02;5.561105e-02;4.015566e-02;5.184082e-02;1.951280e-01;1.555882e-01;3.708271e-02;4.940856e-02;1.145981e-02
1.180989e-01;1.266426e-01;9.898354e-02;2.328991e-02;9.462705e-02;1.531543e-02;4.393679e-02;2.996877e-01;7.673667e-02;4.826924e-02;4.971027e-02;4.701918e-03
1.287731e-01;7.752489e-02;8.609378e-02;1.668271e-02;1.186176e-01;1.243121e-02;3.818926e-02;3.846351e-01;4.502293e-02;3.773528e-02;4.917188e-02;5.122334e-03
1.127363e-01;7.469185e-02;5.621465e-02;1.413120e-02;1.291677e-01;1.156086e-02;4.757572e-02;4.380012e-01;3.341771e-02;2.041805e-02;5.214619e-02;9.938614e-03
8.287270e-02;1.062558e-01;6.128738e-02;7.684945e-03;1.291781e-01;1.460721e-02;4.289703e-02;4.274586e-01;4.089668e-02;2.814910e-02;5.048462e-02;8.227764e-03
8.265494e-02;1.175769e-01;6.406168e-02;6.935314e-03;1.364681e-01;1.886499e-02;4.190424e-02;3.930713e-01;4.541667e-02;3.830693e-02;4.022587e-02;1.451304e-02
1.035832e-01;1.148560e-01;9.861572e-02;1.146514e-02;1.622780e-01;1.749589e-02;2.968059e-02;3.566851e-01;2.445185e-02;3.681430e-02;2.949326e-02;1.458095e-02
1.225896e-01;1.074043e-01;1.192202e-01;1.594594e-02;1.752706e-01;2.100652e-02;1.956202e-02;3.143610e-01;2.548731e-02;4.059263e-02;2.614143e-02;1.241865e-02
1.344435e-01;1.370904e-01;1.189465e-01;1.856032e-02;1.787304e-01;1.195482e-02;2.438224e-02;2.784376e-01;3.434496e-02;3.080771e-02;1.433139e-02;1.797005e-02
1.228344e-01;1.845186e-01;1.037616e-01;1.328742e-02;1.561553e-01;2.726361e-02;3.816086e-02;2.418350e-01;3.624722e-02;2.777536e-02;1.538358e-02;3.277706e-02
9.113495e-02;2.397213e-01;1.554503e-01;2.017060e-02;8.448403e-02;4.780829e-02;3.973894e-02;1.804892e-01;4.271683e-02;4.260924e-02;2.038925e-02;3.528699e-02
7.045107e-02;2.525311e-01;1.780514e-01;2.802796e-02;5.150725e-02;5.926838e-02;3.724464e-02;1.739044e-01;6.269670e-02;4.763654e-02;1.699472e-02;2.168589e-02
5.887957e-02;2.213877e-01;1.942722e-01;2.425937e-02;6.280416e-02;4.499950e-02;2.912597e-02;2.152473e-01;5.566189e-02;5.535701e-02;2.183834e-02;1.616691e-02
6.474045e-02;1.678709e-01;2.491068e-01;2.758373e-02;5.573105e-02;6.525035e-02;1.777713e-02;2.308498e-01;3.928550e-02;4.656922e-02;1.353116e-02;2.170393e-02
7.248611e-02;1.615601e-01;2.442174e-01;3.295278e-02;5.144889e-02;5.553932e-02;1.502708e-02;2.546172e-01;5.089752e-02;2.381215e-02;1.713388e-02;2.030757e-02
6.955427e-02;1.364666e-01;2.017170e-01;3.694395e-02;4.970770e-02;4.242956e-02;3.463377e-02;2.339584e-01;8.027539e-02;6.932764e-02;2.680226e-02;1.818351e-02
7.653146e-02;1.758082e-01;2.065069e-01;4.448473e-02;5.491990e-02;5.320174e-02;2.519058e-02;1.615369e-01;7.669996e-02;8.153788e-02;2.699690e-02;1.658479e-02
8.221871e-02;1.940910e-01;2.127849e-01;4.258914e-02;4.954200e-02;5.364772e-02;2.775853e-02;1.324808e-01;9.517173e-02;8.185621e-02;1.225070e-02;1.560854e-02
7.654700e-02;1.996984e-01;2.358974e-01;3.148934e-02;5.145641e-02;3.062916e-02;3.327903e-02;1.229796e-01;1.067737e-01;6.627508e-02;2.012209e-02;2.485273e-02
6.012375e-02;1.919181e-01;2.379271e-01;4.143036e-02;6.842146e-02;6.341887e-02;3.029447e-02;9.079421e-02;7.497605e-02;7.093082e-02;3.785234e-02;3.191249e-02
1.014890e-01;1.471562e-01;2.247576e-01;4.450181e-02;4.842532e-02;6.636889e-02;6.880040e-02;5.698073e-02;6.891856e-02;9.001361e-02;4.783598e-02;3.475198e-02
9.505545e-02;1.651164e-01;1.757898e-01;4.455254e-02;7.773612e-02;6.164116e-02;8.612342e-02;8.540124e-02;7.353178e-02;7.647929e-02;2.972821e-02;2.884453e-02
8.276271e-02;1.389297e-01;1.298491e-01;5.268465e-02;1.124699e-01;6.657282e-02;7.220434e-02;1.217225e-01;8.020995e-02;9.802996e-02;1.697366e-02;2.759068e-02
6.031238e-02;1.020959e-01;1.157557e-01;6.031754e-02;1.153934e-01;6.038189e-02;8.128333e-02;1.312388e-01;8.841200e-02;1.329212e-01;2.249239e-02;2.939552e-02
4.112346e-02;1.044084e-01;1.448247e-01;7.481909e-02;1.255101e-01;5.267936e-02;6.123313e-02;1.236212e-01;8.039029e-02;1.305923e-01;3.338837e-02;2.740963e-02
5.149952e-02;1.453463e-01;1.868635e-01;5.499143e-02;7.917973e-02;6.839708e-02;3.530100e-02;9.552860e-02;1.203942e-01;1.088397e-01;3.278774e-02;2.087116e-02
5.214589e-02;2.250217e-01;1.982533e-01;2.988299e-02;5.256790e-02;1.271245e-01;2.222697e-02;8.019009e-02;1.192179e-01;5.455737e-02;2.463699e-02;1.417440e-02
3.244012e-02;2.528209e-01;2.918865e-01;3.676043e-02;3.726171e-02;1.258782e-01;2.693902e-02;7.325219e-02;6.328485e-02;2.836224e-02;1.908892e-02;1.202485e-02
3.006282e-02;2.446088e-01;3.846705e-01;4.678643e-02;3.239733e-02;8.543715e-02;2.359610e-02;6.233153e-02;3.665671e-02;2.920676e-02;1.338539e-02;1.086041e-02
4.072137e-02;2.643993e-01;4.454470e-01;4.570127e-02;2.591522e-02;1.833053e-02;1.802562e-02;6.576040e-02;2.007798e-02;3.240970e-02;1.194288e-02;1.126872e-02
5.002035e-02;2.708088e-01;3.776017e-01;3.283658e-02;2.150704e-02;6.153702e-02;1.527147e-02;8.912633e-02;2.664302e-02;2.609428e-02;1.678023e-02;1.177316e-02
4.678660e-02;1.954118e-01;3.071463e-01;2.607096e-02;2.682824e-02;6.057017e-02;3.720639e-02;1.644108e-01;6.673121e-02;2.961995e-02;2.233125e-02;1.688633e-02
5.335775e-02;2.046754e-01;2.549928e-01;2.448971e-02;2.674487e-02;4.189160e-02;3.510963e-02;2.127956e-01;8.331604e-02;2.131656e-02;2.318488e-02;1.812521e-02
5.340047e-02;1.884531e-01;2.105558e-01;3.361555e-02;4.429777e-02;6.286110e-02;8.391045e-03;2.038151e-01;5.846271e-02;5.336218e-02;4.244905e-02;4.033610e-02
2.423213e-02;2.080208e-01;2.718851e-01;5.066143e-02;3.677025e-02;7.602962e-02;2.085422e-02;8.354969e-02;5.995622e-02;6.271376e-02;2.852976e-02;7.679709e-02
1.989625e-02;2.325994e-01;2.949405e-01;4.945049e-02;2.239643e-02;6.943339e-02;1.686880e-02;4.758527e-02;7.601976e-02;6.576589e-02;1.628469e-02;8.875918e-02
2.316518e-02;2.660911e-01;2.677014e-01;3.938590e-02;1.539969e-02;7.012451e-02;6.566805e-03;3.417904e-02;1.114154e-01;6.633761e-02;1.185475e-02;8.777857e-02
2.498742e-02;3.054861e-01;2.161502e-01;2.645240e-02;1.160529e-02;8.784554e-02;6.798951e-03;2.352782e-02;1.631656e-01;5.796677e-02;7.562327e-03;6.845158e-02
2.461971e-02;3.397084e-01;2.058518e-01;2.068827e-02;1.001025e-02;9.403858e-02;6.301098e-03;2.162914e-02;1.951117e-01;3.921160e-02;3.116237e-03;3.971321e-02
2.967981e-02;3.572924e-01;1.966469e-01;1.881704e-02;8.657660e-03;1.015568e-01;7.123765e-03;3.551285e-02;1.838251e-01;3.085485e-02;5.658098e-03;2.437464e-02
4.096011e-02;3.809868e-01;1.946423e-01;1.723479e-02;1.030703e-02;1.071937e-01;6.073273e-03;4.399535e-02;1.575389e-01;1.366949e-02;6.863487e-03;2.053469e-02
4.862004e-02;3.807710e-01;1.968224e-01;1.756555e-02;1.729721e-02;1.103075e-01;8.977612e-03;4.963374e-02;1.195681e-01;1.386034e-02;1.312036e-02;2.345611e-02
5.781782e-02;3.328110e-01;1.574919e-01;2.069510e-02;4.918333e-02;8.894018e-02;2.434957e-02;1.122761e-01;6.233652e-02;3.003960e-02;2.095910e-02;4.309978e-02
7.034156e-02;2.606994e-01;1.199096e-01;2.369030e-02;8.177169e-02;4.206122e-02;3.310905e-02;1.928789e-01;7.063957e-02;3.798040e-02;2.066364e-02;4.625480e-02
8.307958e-02;3.358094e-01;1.560469e-01;1.681681e-02;7.052762e-02;2.971463e-02;2.091967e-02;1.387050e-01;6.945729e-02;1.624608e-02;2.072808e-02;4.194890e-02
4.808218e-02;3.464051e-01;2.943858e-01;2.778357e-02;2.989663e-02;3.005700e-02;1.825058e-02;5.507925e-02;5.344381e-02;2.897435e-02;1.842129e-02;4.922049e-02
2.650880e-02;3.466855e-01;3.714963e-01;2.521271e-02;1.026630e-02;2.968647e-02;1.524466e-02;3.682859e-02;3.858006e-02;4.192343e-02;1.139381e-02;4.617340e-02
1.948832e-02;3.532799e-01;4.175732e-01;1.542224e-02;9.115503e-03;2.097851e-02;9.228070e-03;3.905319e-02;3.383562e-02;4.298593e-02;7.474011e-03;3.156542e-02
2.144871e-02;3.691939e-01;4.314782e-01;1.315346e-02;1.961216e-02;1.816592e-02;4.575710e-03;3.737868e-02;2.883306e-02;3.717613e-02;5.264914e-03;1.371915e-02
2.007490e-02;3.657588e-01;4.242421e-01;1.118221e-02;4.469948e-02;1.451351e-02;8.202903e-03;3.372039e-02;2.542198e-02;3.651495e-02;3.746635e-03;1.192212e-02
1.680462e-02;3.325596e-01;4.443366e-01;1.574742e-02;5.586693e-02;2.462738e-02;1.252798e-02;2.436425e-02;2.296470e-02;4.173573e-02;2.614261e-03;5.850454e-03
2.018622e-02;3.228796e-01;4.776027e-01;1.741902e-02;4.247316e-02;1.564167e-02;8.041643e-03;2.250326e-02;1.566016e-02;4.534391e-02;3.924980e-03;8.323697e-03
2.524292e-02;3.267794e-01;4.594719e-01;2.258377e-02;2.515810e-02;3.138846e-02;9.397541e-03;2.664170e-02;2.048614e-02;3.657307e-02;6.802899e-03;9.474134e-03
3.744640e-02;3.381719e-01;3.998972e-01;2.714655e-02;1.594839e-02;4.809919e-02;1.621025e-02;3.383232e-02;3.910270e-02;1.702695e-02;1.282976e-02;1.428836e-02
4.187694e-02;3.164316e-01;3.890353e-01;2.435893e-02;1.013613e-02;5.687067e-02;1.352331e-02;3.958058e-02;4.879869e-02;2.856193e-02;1.275936e-02;1.806653e-02
3.366703e-02;2.448633e-01;4.277434e-01;2.548341e-02;1.470867e-02;4.463705e-02;1.378041e-02;5.074879e-02;5.455730e-02;5.120943e-02;2.017322e-02;1.842804e-02
3.463608e-02;2.276249e-01;3.808777e-01;2.958200e-02;2.047024e-02;5.194953e-02;2.390709e-02;5.450241e-02;7.390327e-02;6.058877e-02;2.247702e-02;1.948098e-02
3.276950e-02;2.174958e-01;3.210016e-01;5.745187e-02;2.802774e-02;7.167709e-02;4.208781e-02;6.293572e-02;7.926159e-02;5.081282e-02;1.702330e-02;1.945519e-02
2.930147e-02;2.329729e-01;2.577085e-01;6.589969e-02;3.756902e-02;9.234080e-02;6.165500e-02;7.132559e-02;6.451527e-02;3.915623e-02;1.771600e-02;2.983950e-02
4.225708e-02;2.311396e-01;1.840323e-01;4.739254e-02;3.526397e-02;1.262955e-01;5.912591e-02;8.956633e-02;6.265182e-02;4.316332e-02;3.186835e-02;4.724323e-02
3.738782e-02;1.782323e-01;2.655761e-01;3.883015e-02;2.413127e-02;1.404129e-01;4.361813e-02;1.090992e-01;5.653946e-02;3.335490e-02;3.535414e-02;3.746367e-02
2.966446e-02;2.231675e-01;3.423668e-01;3.675224e-02;1.929783e-02;1.059705e-01;3.363242e-02;8.974883e-02;4.587389e-02;2.224394e-02;2.598783e-02;2.529372e-02
2.729085e-02;3.178384e-01;4.074250e-01;2.741357e-02;1.884079e-02;3.917549e-02;2.053335e-02;5.459049e-02;3.268551e-02;1.801398e-02;1.110444e-02;2.508810e-02
4.057033e-02;3.371428e-01;3.484062e-01;2.340512e-02;1.843221e-02;3.894860e-02;1.849753e-02;6.581283e-02;4.346576e-02;1.890769e-02;1.580653e-02;3.060436e-02
4.742119e-02;2.445718e-01;2.220580e-01;5.592908e-02;4.423549e-02;5.979711e-02;4.024199e-02;1.152498e-01;7.395581e-02;2.208055e-02;3.849585e-02;3.596327e-02
3.453933e-02;1.806927e-01;2.265525e-01;5.586292e-02;5.322468e-02;8.183738e-02;4.086513e-02;1.219929e-01;9.497899e-02;3.351712e-02;4.209081e-02;3.384562e-02
4.286817e-02;2.396514e-01;2.794487e-01;3.038149e-02;3.635880e-02;8.761754e-02;2.931330e-02;8.044405e-02;8.731209e-02;3.512212e-02;2.758717e-02;2.389514e-02
4.227947e-02;2.487242e-01;3.784320e-01;2.366177e-02;2.914611e-02;6.506836e-02;2.484549e-02;6.344277e-02;5.803811e-02;2.943468e-02;2.157677e-02;1.535023e-02
4.579207e-02;2.656765e-01;3.784725e-01;4.707596e-02;2.976364e-02;4.962035e-02;1.948310e-02;5.865979e-02;3.880372e-02;2.610525e-02;2.152254e-02;1.902461e-02
4.112661e-02;2.741305e-01;3.482550e-01;5.868133e-02;3.424247e-02;4.468913e-02;2.820745e-02;6.616073e-02;4.185876e-02;2.707276e-02;2.026802e-02;1.530722e-02
3.287565e-02;2.688060e-01;3.609036e-01;4.948759e-02;3.429146e-02;4.225584e-02;2.773770e-02;6.593637e-02;5.215801e-02;3.005769e-02;2.031832e-02;1.517173e-02
2.359522e-02;2.266147e-01;3.509945e-01;5.661204e-02;4.069733e-02;6.600927e-02;2.599001e-02;5.841355e-02;7.234163e-02;3.836009e-02;2.765281e-02;1.271891e-02
3.436008e-02;2.805121e-01;2.807380e-01;6.689966e-02;4.103521e-02;6.232065e-02;1.884045e-02;4.975510e-02;6.230004e-02;4.524292e-02;3.108061e-02;2.691517e-02
3.421713e-02;2.916318e-01;2.963587e-01;4.752398e-02;3.223335e-02;7.310314e-02;2.264404e-02;5.338393e-02;4.382719e-02;5.262560e-02;2.182315e-02;3.062792e-02
2.428076e-02;2.638514e-01;2.738365e-01;4.419174e-02;2.886186e-02;1.449880e-01;4.091834e-02;7.644926e-02;2.901256e-02;3.765228e-02;2.050144e-02;1.545587e-02
2.408318e-02;2.519817e-01;3.596537e-01;4.702017e-02;3.028000e-02;1.193202e-01;4.408614e-02;5.103587e-02;1.719666e-02;3.160970e-02;1.279973e-02;1.093286e-02
2.161442e-02;2.764986e-01;4.548474e-01;3.728696e-02;2.508382e-02;5.640452e-02;3.672818e-02;3.269853e-02;1.272228e-02;3.430654e-02;4.710222e-03;7.098509e-03
1.719884e-02;3.150555e-01;4.869603e-01;1.771560e-02;1.713987e-02;3.168749e-02;2.411811e-02;3.412949e-02;1.382341e-02;3.288849e-02;3.100375e-03;6.182500e-03
2.229052e-02;3.539380e-01;4.614127e-01;1.048625e-02;7.875567e-03;4.179344e-02;9.685699e-03;4.216710e-02;1.874834e-02;2.120004e-02;2.631979e-03;7.770232e-03
2.614170e-02;3.865647e-01;4.309778e-01;1.687570e-02;5.826259e-03;3.918537e-02;6.277368e-03;3.422223e-02;3.043918e-02;1.259125e-02;3.707684e-03;7.190803e-03
4.142478e-02;4.124715e-01;3.961507e-01;1.699691e-02;5.487969e-03;2.801446e-02;1.128533e-02;2.361818e-02;3.883561e-02;1.294356e-02;6.082767e-03;6.688221e-03
7.426758e-02;3.954788e-01;3.537734e-01;1.723580e-02;8.837982e-03;2.703011e-02;2.634464e-02;2.944897e-02;3.360898e-02;1.466881e-02;9.175335e-03;1.012954e-02
8.631768e-02;3.418249e-01;3.337043e-01;2.121690e-02;1.274424e-02;5.243669e-02;2.799132e-02;3.468879e-02;4.431145e-02;1.870000e-02;1.194412e-02;1.411955e-02
5.564566e-02;2.977926e-01;3.573936e-01;2.020133e-02;1.908993e-02;5.689901e-02;2.937277e-02;3.986865e-02;5.810931e-02;3.431245e-02;1.848437e-02;1.283039e-02
2.773552e-02;2.904277e-01;3.505676e-01;2.099131e-02;2.612741e-02;7.523042e-02;3.639941e-02;4.351749e-02;5.885208e-02;4.328689e-02;8.445786e-03;1.841830e-02
1.014976e-01;2.182962e-01;1.770339e-01;5.499585e-02;4.457471e-02;4.989359e-02;6.227471e-02;7.345153e-02;4.841755e-02;3.174469e-02;3.882548e-02;9.899428e-02
1.784721e-01;1.374672e-01;8.968908e-02;6.774180e-02;3.765516e-02;5.878709e-02;6.526170e-02;9.541865e-02;4.135986e-02;3.444972e-02;4.677567e-02;1.469220e-01
2.054919e-01;1.263610e-01;9.114940e-02;6.183494e-02;2.415624e-02;5.249746e-02;5.348914e-02;8.191232e-02;3.932504e-02;5.035879e-02;6.068099e-02;1.527427e-01
2.005365e-01;1.471236e-01;1.172155e-01;5.540521e-02;2.119504e-02;5.341755e-02;4.279369e-02;6.791458e-02;4.912481e-02;6.973493e-02;5.796843e-02;1.175702e-01
1.267674e-01;1.883640e-01;1.947848e-01;4.432563e-02;3.961590e-02;8.034130e-02;2.836415e-02;7.744019e-02;6.552718e-02;5.640049e-02;4.129031e-02;5.677874e-02
4.551838e-02;2.369132e-01;2.603318e-01;3.936672e-02;3.798929e-02;7.046155e-02;1.307802e-02;6.020876e-02;2.991930e-02;2.815729e-02;8.679578e-02;9.125999e-02
7.316849e-02;2.395363e-01;2.755134e-01;3.558095e-02;2.224955e-02;9.918202e-02;3.601042e-02;8.482488e-02;3.655069e-02;3.536106e-02;3.507353e-02;2.694882e-02
8.056267e-02;2.802694e-01;2.457299e-01;2.974018e-02;3.274660e-02;9.620454e-02;2.652055e-02;7.354616e-02;5.296412e-02;2.448480e-02;2.231747e-02;3.491353e-02
1.018312e-01;3.292018e-01;2.493527e-01;1.876213e-02;4.207350e-02;7.953380e-02;1.258629e-02;4.863273e-02;4.379979e-02;2.128054e-02;1.919685e-02;3.374876e-02
1.024473e-01;3.391660e-01;3.126568e-01;1.425010e-02;4.207621e-02;5.450448e-02;1.323663e-02;4.491997e-02;1.933048e-02;2.697777e-02;1.132090e-02;1.911332e-02
1.110825e-01;3.967435e-01;2.943476e-01;1.415458e-02;3.788799e-02;2.893279e-02;1.567940e-02;3.243385e-02;2.312076e-02;2.204094e-02;1.357910e-02;9.997007e-03
1.025458e-01;4.177034e-01;2.771891e-01;1.249370e-02;4.086051e-02;1.227569e-02;2.818726e-02;3.325471e-02;2.475476e-02;1.619399e-02;1.646456e-02;1.807660e-02
7.643291e-02;4.160751e-01;2.605265e-01;1.394074e-02;4.331595e-02;2.764785e-02;3.587423e-02;4.388866e-02;1.973827e-02;1.612222e-02;2.057669e-02;2.586094e-02
9.276263e-02;3.906491e-01;2.730115e-01;1.305776e-02;3.156838e-02;3.052668e-02;2.759957e-02;5.096935e-02;2.261823e-02;1.270264e-02;2.203557e-02;3.249866e-02
1.154659e-01;3.800189e-01;2.693952e-01;1.051823e-02;1.740496e-02;3.886625e-02;2.509072e-02;5.623472e-02;2.217957e-02;1.321614e-02;2.085678e-02;3.075258e-02
1.142694e-01;3.951890e-01;2.652804e-01;1.201395e-02;1.876155e-02;4.661057e-02;2.185301e-02;5.721801e-02;1.665535e-02;1.450415e-02;1.326683e-02;2.437788e-02
9.689340e-02;3.788629e-01;2.859890e-01;1.704236e-02;2.630995e-02;3.787712e-02;2.489834e-02;5.807837e-02;2.555071e-02;1.603984e-02;1.525134e-02;1.720658e-02
9.191386e-02;3.419033e-01;2.524532e-01;2.456917e-02;3.348398e-02;4.988265e-02;5.643919e-02;6.611263e-02;2.853977e-02;1.789114e-02;1.552159e-02;2.128942e-02
1.080943e-01;3.399006e-01;2.259044e-01;2.477161e-02;3.740481e-02;5.138900e-02;7.469311e-02;6.147030e-02;2.832792e-02;1.544977e-02;1.233690e-02;2.025722e-02
1.324861e-01;3.446684e-01;2.062348e-01;1.542929e-02;4.339803e-02;2.996942e-02;5.833329e-02;9.600358e-02;2.941550e-02;1.856451e-02;9.535805e-03;1.596121e-02
1.650963e-01;3.228265e-01;1.480985e-01;1.306328e-02;4.064950e-02;4.297073e-02;3.408108e-02;1.530769e-01;2.991638e-02;2.199117e-02;1.190754e-02;1.632209e-02
1.790941e-01;2.764985e-01;1.212485e-01;2.636844e-02;2.704146e-02;1.030325e-01;1.905618e-02;1.506889e-01;4.564160e-02;1.709124e-02;7.110055e-03;2.712859e-02
1.573559e-01;2.413145e-01;1.401884e-01;6.629679e-02;2.041940e-02;1.306946e-01;2.984625e-02;8.857978e-02;5.251499e-02;2.213342e-02;1.244374e-02;3.821229e-02
1.285056e-01;2.088498e-01;1.241430e-01;9.886286e-02;1.884681e-02;1.024654e-01;7.930256e-02;5.997611e-02;3.418405e-02;3.266793e-02;1.286792e-02;9.932785e-02
9.814309e-02;1.245555e-01;1.099595e-01;9.140667e-02;1.553743e-02;6.634931e-02;1.830762e-01;3.930942e-02;3.227576e-02;3.519453e-02;3.322104e-02;1.709716e-01
6.939858e-02;1.340964e-01;9.736971e-02;5.609482e-02;1.282043e-02;6.254201e-02;2.282225e-01;4.512732e-02;4.282499e-02;2.822331e-02;4.902007e-02;1.742598e-01
5.763343e-02;1.217870e-01;9.433144e-02;5.501668e-02;1.700732e-02;8.705609e-02;2.533849e-01;4.159241e-02;4.608386e-02;2.338025e-02;4.225089e-02;1.604757e-01
5.143326e-02;7.596200e-02;7.030854e-02;9.090339e-02;2.325731e-02;1.017040e-01;2.778416e-01;3.426822e-02;4.115672e-02;2.111846e-02;3.591489e-02;1.761316e-01
7.134990e-02;1.318486e-01;1.035176e-01;1.359107e-01;1.657475e-02;5.804788e-02;2.135646e-01;4.136847e-02;2.635265e-02;1.644106e-02;2.214528e-02;1.628785e-01
1.053145e-01;1.470357e-01;7.767387e-02;1.659859e-01;7.753818e-03;3.686483e-02;1.465914e-01;6.623971e-02;3.066267e-02;2.563541e-02;1.798627e-02;1.722559e-01
1.263146e-01;2.257631e-01;1.383630e-01;1.127962e-01;9.771224e-03;1.729055e-02;6.997216e-02;6.854150e-02;2.622114e-02;3.131761e-02;1.653690e-02;1.571120e-01
1.409593e-01;2.769762e-01;1.615599e-01;7.163689e-02;1.282814e-02;2.139539e-02;4.262196e-02;5.361976e-02;3.001087e-02;2.437497e-02;1.682483e-02;1.471918e-01
1.401177e-01;2.770946e-01;1.482510e-01;4.515563e-02;1.426605e-02;3.122275e-02;6.495943e-02;4.621428e-02;2.648330e-02;1.534929e-02;1.442248e-02;1.764634e-01
1.334721e-01;2.808330e-01;1.566355e-01;2.554576e-02;1.685841e-02;2.476977e-02;8.011064e-02;3.384236e-02;1.864825e-02;1.938941e-02;2.329202e-02;1.866028e-01
1.400322e-01;2.291221e-01;1.226081e-01;2.181410e-02;1.522075e-02;4.769785e-02;1.131845e-01;3.459664e-02;3.303497e-02;2.989320e-02;3.008895e-02;1.827066e-01
1.384541e-01;1.468142e-01;7.928538e-02;3.655270e-02;2.017848e-02;5.433029e-02;1.729217e-01;3.780485e-02;5.220743e-02;6.131412e-02;3.297981e-02;1.671570e-01
1.370517e-01;2.076549e-01;1.145066e-01;2.643685e-02;1.987677e-02;5.753646e-02;1.603716e-01;5.185244e-02;3.549899e-02;5.911361e-02;5.078976e-02;7.931032e-02
1.230269e-01;2.583468e-01;1.851666e-01;2.008984e-02;1.646423e-02;4.391442e-02;1.043590e-01;3.740375e-02;2.796249e-02;3.683392e-02;4.321779e-02;1.032143e-01
