1.032972e-01;1.423640e-01;1.607742e-01;1.002827e-01;7.268355e-02;1.075484e-01;5.729546e-02;7.844912e-02;4.073975e-02;6.066263e-02;3.484429e-02;4.105876e-02
5.999308e-02;1.220365e-01;1.524811e-01;1.339635e-01;8.135366e-02;1.190697e-01;6.362531e-02;7.155041e-02;6.978386e-02;3.536057e-02;3.357363e-02;5.720872e-02
7.753342e-02;1.532714e-01;1.506021e-01;1.329758e-01;6.056841e-02;1.021702e-01;5.852789e-02;8.072744e-02;7.571542e-02;3.373173e-02;3.402050e-02;4.015572e-02
1.057230e-01;1.252761e-01;1.528655e-01;1.159857e-01;7.290422e-02;9.748447e-02;7.809493e-02;8.926380e-02;5.231861e-02;4.014402e-02;3.177761e-02;3.816200e-02
8.171698e-02;1.083430e-01;1.181945e-01;1.009545e-01;8.390111e-02;1.130430e-01;9.970353e-02;8.776885e-02;6.416704e-02;5.121516e-02;5.700538e-02;3.398699e-02
5.385425e-02;9.796111e-02;8.053434e-02;8.019196e-02;8.307572e-02;1.586574e-01;1.081274e-01;1.212095e-01;8.300472e-02;4.946171e-02;6.446930e-02;1.945260e-02
3.420532e-02;4.948422e-02;8.663496e-02;8.144354e-02;8.792189e-02;1.969308e-01;8.862849e-02;1.640978e-01;6.036301e-02;5.766357e-02;5.196527e-02;4.066110e-02
2.751288e-02;8.401040e-02;1.205515e-01;5.642922e-02;7.191738e-02;1.644916e-01;5.463134e-02;1.524449e-01;1.104346e-01;7.357848e-02;4.665631e-02;3.734145e-02
2.516258e-02;1.184523e-01;1.477015e-01;3.421690e-02;5.996194e-02;1.926973e-01;5.519225e-02;1.571655e-01;1.035516e-01;4.352867e-02;4.004540e-02;2.232401e-02
2.678847e-02;1.172737e-01;1.523478e-01;3.109715e-02;5.949854e-02;1.992562e-01;5.756131e-02;1.575275e-01;9.722062e-02;3.584555e-02;3.569112e-02;2.989196e-02
3.315406e-02;1.066134e-01;1.605759e-01;3.223263e-02;6.265855e-02;2.044722e-01;6.178388e-02;1.375310e-01;9.141039e-02;3.244835e-02;4.454093e-02;3.257868e-02
3.702282e-02;7.974547e-02;1.467354e-01;6.729642e-02;6.872258e-02;1.848850e-01;1.033229e-01;9.487842e-02;6.275587e-02;4.478632e-02;6.266703e-02;4.718179e-02
6.185976e-02;7.232430e-02;1.224607e-01;9.859589e-02;5.497263e-02;1.601271e-01;1.094991e-01;8.331940e-02;8.382311e-02;5.835362e-02;2.242530e-02;7.223895e-02
6.551582e-02;6.337789e-02;8.566650e-02;1.030718e-01;4.255733e-02;1.602297e-01;1.143507e-01;1.032152e-01;9.920365e-02;3.981884e-02;3.371679e-02;8.927573e-02
5.594327e-02;7.685187e-02;7.392129e-02;1.038788e-01;4.480563e-02;1.252309e-01;1.053189e-01;1.163185e-01;9.165169e-02;6.493232e-02;5.158501e-02;8.956190e-02
8.380026e-02;8.886434e-02;1.206908e-01;9.364913e-02;5.587133e-02;1.167563e-01;7.200848e-02;8.555372e-02;7.050443e-02;8.100247e-02;4.146294e-02;8.983578e-02
4.305858e-02;1.577885e-01;2.012205e-01;4.654828e-02;3.767629e-02;2.140836e-01;4.678798e-02;9.777442e-02;4.208932e-02;3.670812e-02;2.618426e-02;5.008016e-02
2.776672e-02;1.736526e-01;2.735405e-01;3.600406e-02;2.778451e-02;2.927730e-01;1.890063e-02;8.506064e-02;2.450634e-02;1.824731e-02;7.406953e-03;1.435674e-02
2.760554e-02;1.833425e-01;3.265082e-01;2.595534e-02;2.116370e-02;2.885807e-01;9.455084e-03;7.878648e-02;1.928669e-02;9.123285e-03;4.140153e-03;6.052261e-03
2.970432e-02;2.202589e-01;3.800561e-01;2.630859e-02;1.725740e-02;2.375534e-01;7.336941e-03;5.227600e-02;1.354488e-02;7.187084e-03;3.388919e-03;5.127518e-03
3.262920e-02;2.655071e-01;4.290678e-01;2.556090e-02;1.215228e-02;1.703689e-01;9.553114e-03;2.128937e-02;1.425515e-02;8.225732e-03;5.551750e-03;5.838706e-03
3.234165e-02;2.447535e-01;3.486357e-01;3.293867e-02;1.790456e-02;2.096949e-01;1.371472e-02;2.594347e-02;3.451382e-02;1.816500e-02;1.001684e-02;1.137713e-02
2.969009e-02;1.628902e-01;2.163279e-01;4.230520e-02;2.984465e-02;3.564147e-01;2.119705e-02;2.797005e-02;4.947367e-02;2.708639e-02;1.427338e-02;2.252665e-02
2.368512e-02;1.627575e-01;3.888641e-01;3.671301e-02;3.037046e-02;1.988491e-01;2.334306e-02;4.411129e-02;2.207712e-02;2.432218e-02;1.787952e-02;2.702752e-02
3.562037e-02;1.339696e-01;3.441519e-01;5.399598e-02;4.795357e-02;1.476479e-01;2.741864e-02;8.100033e-02;3.015637e-02;4.007691e-02;2.317208e-02;3.483632e-02
2.913650e-02;8.439419e-02;2.390564e-01;5.422464e-02;7.771267e-02;2.184120e-01;2.644369e-02;1.172991e-01;4.127515e-02;3.984429e-02;4.926018e-02;2.294117e-02
3.859858e-02;6.008759e-02;2.234179e-01;8.502445e-02;7.513777e-02;1.559878e-01;5.898684e-02;1.104667e-01;6.252111e-02;3.629088e-02;5.737845e-02;3.610183e-02
3.116004e-02;6.614707e-02;2.454092e-01;9.965476e-02;6.910078e-02;1.511232e-01;9.968070e-02;8.267029e-02;6.466438e-02;2.935357e-02;3.692301e-02;2.411305e-02
1.632119e-02;6.794277e-02;2.120508e-01;5.756238e-02;7.954930e-02;2.265247e-01;1.029301e-01;1.281251e-01;6.496623e-02;2.127521e-02;1.202735e-02;1.072482e-02
8.089582e-03;4.051884e-02;1.190459e-01;5.198731e-02;8.088599e-02;3.650825e-01;6.787341e-02;1.984657e-01;4.908605e-02;7.694534e-03;5.558076e-03;5.712048e-03
5.595734e-03;3.010024e-02;9.028029e-02;5.401941e-02;7.847337e-02;4.424220e-01;5.250372e-02;1.894088e-01;4.694120e-02;4.707271e-03;2.689702e-03;2.858185e-03
3.864712e-03;2.171297e-02;1.127785e-01;5.120400e-02;8.052208e-02;4.769256e-01;4.823481e-02;1.572304e-01;3.536414e-02;5.015495e-03;2.894393e-03;4.252953e-03
5.962824e-03;4.083986e-02;1.795367e-01;8.052295e-02;7.575665e-02;4.369966e-01;3.766908e-02;9.916640e-02;2.299328e-02;5.868987e-03;8.904340e-03;5.782321e-03
1.070833e-02;8.041733e-02;2.615761e-01;1.539973e-01;4.218302e-02;2.886238e-01;2.836624e-02;5.142225e-02;2.706633e-02;1.152686e-02;3.335849e-02;1.075406e-02
1.910769e-02;9.090399e-02;2.210426e-01;1.354460e-01;6.043462e-02;2.124231e-01;4.388117e-02;6.220122e-02;4.191846e-02;1.887774e-02;5.871616e-02;3.504723e-02
8.835679e-02;6.585335e-02;1.107640e-01;6.478397e-02;7.576364e-02;2.725501e-01;7.633314e-02;4.820128e-02;4.872640e-02;3.395480e-02;3.297393e-02;8.173855e-02
1.508691e-01;4.439380e-02;5.113797e-02;4.724960e-02;4.399737e-02;3.103547e-01;1.317969e-01;6.717628e-02;2.972137e-02;4.450236e-02;9.768610e-03;6.903201e-02
1.510800e-01;8.211638e-02;2.341813e-02;6.860113e-02;1.338169e-02;2.806139e-01;2.000264e-01;8.224146e-02;1.301115e-02;4.590343e-02;6.641661e-03;3.296459e-02
1.236330e-01;1.089134e-01;1.442395e-02;1.143011e-01;8.497380e-03;2.654194e-01;2.115332e-01;7.582345e-02;1.131572e-02;4.817802e-02;8.824418e-03;9.136950e-03
1.950838e-01;6.792761e-02;8.078296e-03;1.306220e-01;1.200236e-02;2.965161e-01;1.249643e-01;7.584741e-02;1.014358e-02;6.755636e-02;5.642162e-03;5.616043e-03
2.748215e-01;2.781462e-02;9.434933e-03;8.934477e-02;1.904263e-02;3.416840e-01;4.655707e-02;9.030410e-02;1.155992e-02;7.261103e-02;2.940369e-03;1.388510e-02
2.815538e-01;1.920840e-02;3.926083e-02;3.362276e-02;4.210590e-02;3.861245e-01;1.587606e-02;9.133034e-02;1.400348e-02;4.907003e-02;2.864295e-03;2.497957e-02
1.760449e-01;1.868012e-02;1.128265e-01;2.858021e-02;1.093643e-01;3.936585e-01;2.130229e-02;4.973805e-02;1.750240e-02;2.347630e-02;3.493877e-03;4.533248e-02
6.668880e-02;1.893676e-02;1.946121e-01;6.038062e-02;1.785664e-01;3.435303e-01;1.250631e-02;2.471074e-02;2.419033e-02;1.521209e-02;4.515052e-03;5.615053e-02
5.127503e-02;3.319132e-02;2.197623e-01;8.525623e-02;1.777887e-01;2.895011e-01;1.178589e-02;2.112870e-02;3.904051e-02;1.265123e-02;7.156187e-03;5.146283e-02
6.989451e-02;6.957031e-02;2.319265e-01;9.914145e-02;1.117953e-01;2.470974e-01;3.881475e-02;2.819423e-02;4.070529e-02;1.529978e-02;1.070267e-02;3.685779e-02
8.558679e-02;1.171123e-01;2.709737e-01;9.226853e-02;5.383344e-02;1.953639e-01;6.500237e-02;3.409059e-02;2.464478e-02;2.365876e-02;1.783571e-02;1.962915e-02
6.169293e-02;1.192094e-01;2.759238e-01;9.571641e-02;1.175038e-01;1.277285e-01;7.662300e-02;4.046298e-02;3.025968e-02;2.953851e-02;8.654600e-03;1.668633e-02
4.127481e-02;6.541020e-02;1.554070e-01;7.478803e-02;1.738451e-01;2.424627e-01;8.125002e-02;3.513212e-02;3.451045e-02;1.675790e-02;9.701795e-03;6.945985e-02
2.589673e-02;2.292155e-02;7.770691e-02;4.475147e-02;2.001176e-01;3.737319e-01;7.879969e-02;2.213096e-02;1.913454e-02;1.093783e-02;7.261596e-03;1.166092e-01
2.724558e-02;7.449317e-03;8.913566e-02;2.567782e-02;1.956924e-01;3.906428e-01;6.425050e-02;1.281475e-02;2.120559e-02;1.036208e-02;6.476669e-03;1.490468e-01
2.873040e-02;1.000693e-02;1.054122e-01;1.658433e-02;2.132037e-01;3.255116e-01;4.090211e-02;6.883997e-03;3.148894e-02;6.246550e-03;1.074900e-02;2.042802e-01
2.588794e-02;3.089512e-02;1.107963e-01;4.082208e-02;2.037829e-01;2.283702e-01;3.922939e-02;1.728248e-02;3.642644e-02;9.508915e-03;3.481089e-02;2.221873e-01
2.607642e-02;8.482921e-02;1.162498e-01;6.787951e-02;1.397496e-01;1.881675e-01;4.787049e-02;3.839331e-02;3.481976e-02;2.341483e-02;4.917673e-02;1.833729e-01
2.237264e-02;1.472691e-01;1.220998e-01;9.820164e-02;1.757236e-01;2.119194e-01;5.306057e-02;4.608399e-02;2.315775e-02;3.496181e-02;1.109896e-02;5.405085e-02
6.477846e-03;6.243214e-02;9.767942e-02;6.191960e-02;2.505286e-01;2.340184e-01;5.762186e-02;1.505829e-02;1.723066e-02;1.539043e-02;2.165905e-02;1.599837e-01
6.059165e-03;2.171532e-02;8.404581e-02;7.181615e-02;2.973427e-01;1.920407e-01;5.269257e-02;5.345182e-03;1.578714e-02;8.078482e-03;1.367527e-02;2.314015e-01
5.572192e-03;1.767838e-02;5.369656e-02;1.226553e-01;3.207006e-01;1.321788e-01;4.328349e-02;6.051268e-03;9.462384e-03;1.100898e-02;3.312297e-02;2.445892e-01
4.195696e-03;4.791114e-02;6.918156e-02;2.075648e-01;2.922810e-01;7.509590e-02;2.273460e-02;5.987346e-03;7.664294e-03;1.616918e-02;6.068275e-02;1.905317e-01
3.591497e-03;7.613791e-02;1.188225e-01;2.706223e-01;2.415282e-01;6.625693e-02;1.549289e-02;8.543409e-03;4.827240e-03;1.606445e-02;7.326031e-02;1.048522e-01
5.922698e-03;1.043462e-01;2.077840e-01;2.755188e-01;2.019580e-01;7.186005e-02;1.024815e-02;8.373580e-03;4.310432e-03;1.265463e-02;4.864340e-02;4.838002e-02
1.084052e-02;1.490054e-01;3.349493e-01;2.169226e-01;1.526175e-01;6.230659e-02;9.224003e-03;1.352604e-02;6.864710e-03;1.333701e-02;4.028556e-03;2.637778e-02
1.883746e-02;1.634993e-01;4.166405e-01;1.078578e-01;9.377904e-02;9.762140e-02;1.006026e-02;1.461899e-02;5.582493e-03;2.842649e-02;2.272741e-02;2.034878e-02
1.327951e-02;1.761994e-01;4.109062e-01;6.217282e-02;7.647207e-02;1.482502e-01;9.280635e-03;1.760444e-02;7.671895e-03;3.167142e-02;2.152945e-02;2.496195e-02
1.504738e-02;1.930752e-01;3.362289e-01;9.476842e-02;1.108728e-01;1.495411e-01;1.046708e-02;2.553757e-02;1.073114e-02;1.553842e-02;9.293281e-03;2.889862e-02
2.157797e-02;1.993509e-01;2.112952e-01;1.675206e-01;1.581922e-01;1.190274e-01;2.525215e-02;2.427953e-02;2.049938e-02;1.329939e-02;8.063653e-03;3.164165e-02
1.503625e-02;1.683783e-01;3.258692e-01;1.454516e-01;1.296839e-01;6.230026e-02;3.260307e-02;3.238895e-02;2.502962e-02;4.113198e-02;9.135204e-03;1.299171e-02
1.636357e-02;9.603089e-02;2.085160e-01;1.513914e-01;1.625699e-01;1.608091e-01;3.607189e-02;4.121475e-02;1.297074e-02;5.849984e-02;2.479512e-02;3.076674e-02
1.437244e-02;4.893269e-02;1.158849e-01;1.092702e-01;2.115081e-01;2.859545e-01;4.029513e-02;3.086320e-02;2.161149e-02;5.219154e-02;2.034845e-02;4.876740e-02
2.359749e-02;2.304613e-02;9.691007e-02;4.927280e-02;1.883370e-01;4.402722e-01;4.587721e-02;2.082072e-02;2.212132e-02;3.003666e-02;8.506426e-03;5.120198e-02
3.048349e-02;1.244992e-02;7.205999e-02;2.003800e-02;1.293169e-01;5.886847e-01;5.407158e-02;2.245218e-02;1.667624e-02;1.290762e-02;1.133798e-03;3.972562e-02
2.182682e-02;7.173627e-03;6.803116e-02;2.488898e-02;1.817986e-01;5.240646e-01;4.775643e-02;1.167967e-02;2.364874e-02;7.040840e-03;3.696032e-03;7.839452e-02
8.782386e-03;1.116623e-02;7.420891e-02;5.645719e-02;2.506306e-01;3.691616e-01;3.338482e-02;8.991035e-03;2.951124e-02;1.284514e-02;2.577052e-02;1.190903e-01
5.098093e-03;3.594866e-02;1.015755e-01;1.209773e-01;2.237285e-01;2.337773e-01;1.681268e-02;1.433176e-02;2.129796e-02;2.376783e-02;8.257104e-02;1.201134e-01
4.107855e-03;8.244161e-02;1.843494e-01;1.712866e-01;1.298159e-01;1.399596e-01;1.031661e-02;2.354877e-02;9.735041e-03;3.857068e-02;1.241338e-01;8.173410e-02
1.185874e-02;1.318027e-01;2.378350e-01;1.403259e-01;1.106684e-01;1.223707e-01;1.390873e-02;3.336559e-02;1.702183e-02;3.678343e-02;9.844378e-02;4.561520e-02
2.012451e-02;1.406323e-01;2.646284e-01;7.492208e-02;1.266378e-01;1.342140e-01;3.686401e-02;3.657813e-02;2.231351e-02;4.004353e-02;6.781782e-02;3.522390e-02
2.224133e-02;6.980089e-02;2.119138e-01;1.522039e-01;1.373156e-01;1.129336e-01;4.035795e-02;3.518864e-02;3.365080e-02;5.350549e-02;1.150452e-01;1.584282e-02
1.459767e-02;4.740103e-02;1.527902e-01;2.473102e-01;1.230365e-01;1.028868e-01;2.692012e-02;3.251401e-02;2.895021e-02;3.354445e-02;1.821207e-01;7.928140e-03
1.555894e-02;3.741134e-02;1.399916e-01;2.555762e-01;8.951329e-02;8.075123e-02;2.060688e-02;2.313958e-02;1.678283e-02;5.052399e-02;2.627538e-01;7.390374e-03
2.866529e-02;3.093238e-02;1.753309e-01;1.662583e-01;6.354225e-02;6.107178e-02;2.873182e-02;1.148003e-02;2.430178e-02;1.060074e-01;2.934178e-01;1.026028e-02
4.206936e-02;4.110838e-02;2.484069e-01;6.058003e-02;4.287352e-02;3.119384e-02;5.658516e-02;9.850251e-03;3.324668e-02;1.995935e-01;2.274629e-01;7.029401e-03
3.933499e-02;5.544766e-02;3.066340e-01;4.039218e-02;4.186636e-02;1.927744e-02;7.261218e-02;1.842348e-02;3.669674e-02;2.579748e-01;1.051071e-01;6.233037e-03
2.912282e-02;7.690333e-02;3.241501e-01;7.065590e-02;3.199773e-02;2.993379e-02;5.663122e-02;2.076317e-02;4.972270e-02;2.264716e-01;8.032255e-02;3.324987e-03
1.921451e-02;1.058427e-01;3.088914e-01;9.553079e-02;4.027928e-02;6.642102e-02;3.620036e-02;2.010382e-02;4.834992e-02;1.500757e-01;1.008083e-01;8.282218e-03
2.084083e-02;1.265042e-01;2.686344e-01;1.001734e-01;5.760412e-02;9.065646e-02;3.708367e-02;5.263774e-02;4.445505e-02;1.148029e-01;7.544658e-02;1.116068e-02
2.423002e-02;8.866094e-02;1.604440e-01;6.175951e-02;7.295649e-02;1.022894e-01;3.523576e-02;1.213042e-01;6.663811e-02;1.781356e-01;7.915578e-02;9.190136e-03
1.737425e-02;5.451234e-02;1.324967e-01;5.671801e-02;5.950959e-02;9.512436e-02;4.764609e-02;1.162627e-01;9.121416e-02;1.961715e-01;1.264560e-01;6.514361e-03
1.402232e-02;6.336538e-02;1.097034e-01;4.036712e-02;5.914233e-02;8.258612e-02;8.705911e-02;1.195065e-01;1.493574e-01;1.450744e-01;1.133299e-01;1.648586e-02
2.496718e-02;5.644996e-02;5.772728e-02;4.927007e-02;5.994462e-02;1.133857e-01;1.031631e-01;1.108434e-01;2.075998e-01;1.138625e-01;7.447406e-02;2.831237e-02
3.664504e-02;4.342869e-02;5.368136e-02;5.688308e-02;3.786971e-02;1.196124e-01;1.213801e-01;1.270088e-01;1.839271e-01;1.239169e-01;6.480755e-02;3.083925e-02
5.371967e-02;4.309922e-02;7.139424e-02;5.936067e-02;2.673521e-02;1.656612e-01;9.674544e-02;1.711778e-01;1.099751e-01;1.241954e-01;4.553902e-02;3.239701e-02
7.838983e-02;2.676383e-02;5.610882e-02;3.960502e-02;8.354953e-02;3.187434e-01;8.617389e-02;1.191600e-01;4.607702e-02;5.547011e-02;1.790157e-02;7.205692e-02
8.170217e-02;1.748705e-02;5.227716e-02;2.493828e-02;1.116963e-01;3.517427e-01;1.016291e-01;6.390657e-02;2.658614e-02;2.524764e-02;1.440690e-02;1.283799e-01
6.687246e-02;3.355601e-02;3.559793e-02;5.419055e-02;1.201284e-01;2.742672e-01;7.637580e-02;4.032955e-02;2.330981e-02;2.246382e-02;5.759641e-02;1.953121e-01
4.430820e-02;4.844516e-02;8.406512e-02;1.019570e-01;8.018290e-02;1.535432e-01;5.101971e-02;5.458689e-02;1.768531e-02;5.728965e-02;1.342564e-01;1.726605e-01
3.638694e-02;4.982430e-02;2.095371e-01;8.788526e-02;5.085181e-02;8.051685e-02;7.040870e-02;4.651482e-02;2.582764e-02;1.227093e-01;1.313377e-01;8.819957e-02
3.437008e-02;8.200519e-02;3.347587e-01;2.824284e-02;4.774423e-02;6.120196e-02;8.367006e-02;2.180246e-02;3.996741e-02;1.996617e-01;4.260283e-02;2.397251e-02
3.715721e-02;1.689599e-01;2.891667e-01;2.603502e-02;3.171392e-02;7.029039e-02;5.768695e-02;4.138722e-02;7.497942e-02;1.706754e-01;1.982196e-02;1.212586e-02
5.602356e-02;2.553379e-01;1.740687e-01;3.740344e-02;2.306431e-02;9.595554e-02;4.999072e-02;8.780506e-02;1.111409e-01;7.618004e-02;9.219167e-03;2.381061e-02
5.358488e-02;2.530256e-01;1.885362e-01;3.573875e-02;3.480302e-02;1.002683e-01;6.280918e-02;8.873466e-02;9.542505e-02;3.629098e-02;1.159100e-02;3.919232e-02
3.258337e-02;2.442817e-01;3.227279e-01;2.674605e-02;3.805500e-02;8.732039e-02;5.246794e-02;4.849190e-02;5.477073e-02;1.992510e-02;9.314868e-03;6.331508e-02
3.796487e-02;1.968992e-01;3.045509e-01;2.552344e-02;3.454002e-02;9.821156e-02;1.045977e-01;4.886437e-02;3.542596e-02;4.329315e-02;9.364241e-03;6.076466e-02
3.508839e-02;1.475866e-01;2.857115e-01;1.999619e-02;3.395456e-02;1.202236e-01;1.535576e-01;2.643981e-02;3.756500e-02;5.672468e-02;3.240133e-02;5.075068e-02
4.543386e-02;1.009351e-01;2.781243e-01;3.164104e-02;3.205894e-02;9.928205e-02;2.087542e-01;1.633379e-02;3.960310e-02;5.424670e-02;3.099673e-02;6.259024e-02
7.598963e-02;5.554719e-02;2.260779e-01;4.034169e-02;4.506297e-02;9.151307e-02;2.534913e-01;4.185083e-02;4.291885e-02;6.594960e-02;1.482338e-02;4.643354e-02
9.791756e-02;3.204298e-02;1.646890e-01;3.785857e-02;7.748415e-02;6.753314e-02;2.254482e-01;6.719488e-02;4.399156e-02;1.057787e-01;3.876530e-02;4.129599e-02
1.153623e-01;2.712479e-02;1.384773e-01;2.354277e-02;8.501717e-02;5.088941e-02;2.312104e-01;6.646373e-02;3.587848e-02;1.388624e-01;3.961250e-02;4.755872e-02
1.370091e-01;2.428848e-02;1.307484e-01;1.483939e-02;7.470499e-02;3.501594e-02;2.901164e-01;4.037909e-02;3.477717e-02;1.515144e-01;3.042965e-02;3.617699e-02
1.312649e-01;3.023016e-02;1.209963e-01;3.116921e-02;5.954545e-02;5.113519e-02;3.148356e-01;4.835721e-02;3.930462e-02;1.228092e-01;3.429134e-02;1.606092e-02
8.772612e-02;5.643020e-02;1.243419e-01;4.728216e-02;5.796280e-02;1.281086e-01;2.834021e-01;6.518314e-02;3.533942e-02;6.255752e-02;4.257050e-02;9.095526e-03
2.463951e-02;7.283062e-02;1.307923e-01;5.305331e-02;6.399684e-02;1.869349e-01;2.508205e-01;7.748188e-02;4.655198e-02;3.009984e-02;4.004948e-02;2.274880e-02
5.796850e-02;3.940039e-02;8.524452e-02;2.036723e-02;2.971430e-02;1.437583e-01;3.119717e-01;7.924740e-02;4.981486e-02;1.195553e-01;2.007167e-02;4.288581e-02
4.857132e-02;3.827262e-02;6.779099e-02;4.173974e-02;3.777090e-02;1.168466e-01;3.577754e-01;7.349997e-02;3.903267e-02;1.152737e-01;4.066734e-02;2.275873e-02
5.840249e-02;4.271860e-02;9.441892e-02;6.194090e-02;4.383797e-02;3.756832e-02;3.574346e-01;7.775613e-02;2.872569e-02;1.063985e-01;7.737625e-02;1.342163e-02
1.086945e-01;1.298277e-01;1.199775e-01;7.245331e-02;2.565496e-02;2.306005e-02;1.732033e-01;5.656709e-02;2.989164e-02;7.394184e-02;1.121090e-01;7.461908e-02
1.502427e-01;1.791468e-01;9.156784e-02;7.295100e-02;2.327795e-02;3.173173e-02;9.127213e-02;5.781986e-02;3.047740e-02;2.755765e-02;1.400604e-01;1.038945e-01
2.090374e-01;1.183810e-01;1.297760e-01;2.675735e-02;2.352310e-02;5.131295e-02;6.503130e-02;6.117197e-02;2.846090e-02;2.509620e-02;1.535575e-01;1.078942e-01
2.034724e-01;5.845555e-02;1.823542e-01;6.368618e-02;6.120777e-02;1.098045e-01;5.508060e-02;3.145219e-02;2.795294e-02;1.509568e-02;1.148951e-01;7.654299e-02
1.430282e-01;5.751682e-02;1.078333e-01;8.062106e-02;1.056750e-01;2.474088e-01;8.256479e-02;6.033434e-02;1.612523e-02;1.562020e-02;2.878371e-02;5.448848e-02
1.226292e-01;3.357724e-02;4.643967e-02;4.140205e-02;9.866133e-02;3.902451e-01;7.894656e-02;5.288469e-02;9.849764e-03;5.243013e-03;1.979917e-02;1.003222e-01
1.647677e-01;2.768870e-02;2.347742e-02;1.902152e-02;7.100946e-02;4.934989e-01;8.530280e-02;3.214073e-02;5.554935e-03;2.366461e-03;1.063944e-02;6.453189e-02
2.075781e-01;2.108290e-02;9.554705e-03;8.924601e-03;2.751215e-02;5.590820e-01;9.672409e-02;3.319158e-02;4.988090e-03;4.771524e-03;3.642234e-03;2.294801e-02
1.964251e-01;8.251724e-03;9.390896e-03;5.297473e-03;3.349713e-02;6.158060e-01;6.810564e-02;2.219630e-02;6.152982e-03;3.288812e-03;2.041361e-03;2.954658e-02
1.185775e-01;6.118992e-03;1.364896e-02;7.723127e-03;9.604807e-02;5.981874e-01;4.743505e-02;8.782290e-03;1.569697e-02;1.093338e-03;1.458023e-03;8.523022e-02
5.309312e-02;4.753022e-03;1.691456e-02;1.337532e-02;1.774036e-01;4.937206e-01;4.631687e-02;5.020120e-03;4.245475e-02;3.915152e-03;2.509461e-03;1.405234e-01
6.034978e-02;4.604026e-03;2.352617e-02;1.953311e-02;2.521257e-01;3.032281e-01;4.640803e-02;6.527143e-03;8.850887e-02;5.009580e-03;4.371338e-03;1.858082e-01
8.865183e-02;7.018150e-03;5.936779e-02;2.212895e-02;2.542656e-01;2.091831e-01;4.751917e-02;1.504413e-02;1.052171e-01;1.113832e-02;6.910466e-03;1.735554e-01
1.193279e-01;8.319915e-03;6.075284e-02;2.579018e-02;1.907557e-01;3.371625e-01;3.075512e-02;4.994407e-02;5.755373e-02;1.915202e-02;2.394258e-03;9.809174e-02
1.209065e-01;4.890197e-03;2.914717e-02;4.798293e-02;1.425161e-01;4.282998e-01;1.956073e-02;9.626496e-02;2.627112e-02;5.126458e-02;2.082487e-03;3.081350e-02
8.280774e-02;1.436666e-02;1.429079e-02;8.069097e-02;1.190499e-01;4.325651e-01;4.402165e-02;9.171095e-02;4.481609e-02;6.419148e-02;1.386525e-03;1.010207e-02
3.836611e-02;3.605045e-02;1.653497e-02;7.582310e-02;9.649643e-02;4.098158e-01;1.091601e-01;7.056295e-02;9.348349e-02;4.465398e-02;1.565943e-03;7.486726e-03
2.935388e-02;5.497349e-02;1.951372e-02;6.342080e-02;5.688453e-02;3.832923e-01;1.391826e-01;7.724862e-02;1.429590e-01;2.107354e-02;2.264220e-03;9.833306e-03
5.485031e-02;5.134580e-02;4.769455e-02;1.084939e-01;4.677632e-02;3.464805e-01;1.020026e-01;6.654035e-02;1.235101e-01;3.605109e-02;2.908018e-03;1.334638e-02
5.220063e-02;5.539029e-02;9.417738e-02;1.133367e-01;7.719909e-02;3.350325e-01;7.422476e-02;5.650176e-02;6.549363e-02;5.510860e-02;4.578230e-03;1.675634e-02
5.872511e-02;7.770393e-02;1.301797e-01;5.937704e-02;7.784123e-02;3.056858e-01;6.662882e-02;8.103461e-02;7.695123e-02;4.057271e-02;4.671438e-03;2.062836e-02
7.514209e-02;8.103609e-02;1.706756e-01;4.244283e-02;5.648229e-02;2.634933e-01;3.824002e-02;1.020877e-01;9.421095e-02;4.885367e-02;2.036019e-03;2.529949e-02
6.795515e-02;7.824206e-02;1.612292e-01;7.393707e-02;5.933090e-02;2.149354e-01;2.678238e-02;1.441798e-01;6.773612e-02;7.375403e-02;5.538562e-03;2.637930e-02
4.219611e-02;6.727951e-02;8.463094e-02;5.364276e-02;5.280249e-02;3.813079e-01;7.423975e-02;1.534615e-01;3.559018e-02;3.942845e-02;2.315839e-03;1.310467e-02
3.014316e-02;7.836837e-02;4.824531e-02;3.108041e-02;3.520289e-02;4.134705e-01;1.339366e-01;1.665472e-01;3.456322e-02;1.698566e-02;2.297550e-03;9.159171e-03
2.525120e-02;7.545283e-02;2.204913e-02;2.267678e-02;2.900037e-02;4.615299e-01;1.796095e-01;1.379097e-01;3.212552e-02;8.558082e-03;2.976108e-03;2.860933e-03
4.364171e-02;4.175887e-02;1.063714e-02;1.504800e-02;4.540442e-02;5.892116e-01;1.523264e-01;6.514341e-02;2.094938e-02;7.544876e-03;1.666806e-03;6.667322e-03
4.142975e-02;1.428286e-02;1.495774e-02;1.939582e-02;1.108314e-01;6.335660e-01;7.847391e-02;2.961162e-02;3.262359e-02;6.198263e-03;1.000834e-03;1.762820e-02
1.939871e-02;1.097390e-02;3.372576e-02;5.480164e-02;2.013075e-01;5.409936e-01;1.956291e-02;3.802711e-02;4.979244e-02;4.397323e-03;2.575181e-03;2.444390e-02
4.324441e-03;2.056635e-02;7.898858e-02;1.272010e-01;2.159650e-01;3.883759e-01;1.569004e-02;6.536415e-02;4.904776e-02;7.535922e-03;8.291223e-03;1.864967e-02
7.704371e-03;4.671781e-02;1.682942e-01;1.761076e-01;1.410161e-01;2.795021e-01;2.140030e-02;8.467077e-02;3.890879e-02;1.243427e-02;9.357488e-03;1.388613e-02
1.590720e-02;8.268017e-02;2.493380e-01;1.316115e-01;1.003078e-01;2.394997e-01;5.336943e-02;5.977293e-02;2.532706e-02;1.542931e-02;6.687841e-03;2.006904e-02
1.323015e-02;1.035566e-01;2.910455e-01;5.083061e-02;6.626288e-02;2.627316e-01;6.856756e-02;4.776823e-02;1.716357e-02;2.310859e-02;3.031131e-02;2.542344e-02
2.917681e-02;1.095120e-01;3.000432e-01;8.852792e-02;8.483966e-02;1.878338e-01;3.394497e-02;5.294194e-02;1.665427e-02;3.202419e-02;4.325027e-02;2.125086e-02
6.357864e-02;9.844154e-02;2.158900e-01;1.027276e-01;1.001203e-01;1.803804e-01;7.263129e-02;5.038872e-02;3.119930e-02;2.507051e-02;2.871943e-02;3.085219e-02
8.663705e-02;1.275767e-01;7.008535e-02;9.484451e-02;8.413186e-02;2.736401e-01;9.660104e-02;4.000953e-02;3.930401e-02;1.818460e-02;1.583690e-02;5.314840e-02
7.197893e-02;1.563806e-01;2.372503e-01;9.039444e-02;6.202735e-02;1.781613e-01;6.441299e-02;3.299725e-02;3.386087e-02;1.474905e-02;1.505563e-02;4.273119e-02
4.928954e-02;1.452111e-01;3.554881e-01;9.004509e-02;7.349574e-02;1.273550e-01;3.554136e-02;2.871176e-02;2.101160e-02;2.933202e-02;1.922389e-02;2.529482e-02
2.214674e-02;1.214500e-01;4.178850e-01;1.537015e-01;5.624827e-02;1.067767e-01;8.453020e-03;3.238498e-02;1.558757e-02;4.071397e-02;1.749384e-02;7.158455e-03
1.062557e-02;9.977065e-02;4.012521e-01;1.699184e-01;5.352720e-02;1.258300e-01;1.891786e-02;2.452782e-02;1.511926e-02;2.960485e-02;3.218821e-02;1.871817e-02
1.274162e-02;9.866905e-02;4.442860e-01;1.686121e-01;3.622300e-02;1.044263e-01;2.649208e-02;1.588876e-02;1.611001e-02;2.450670e-02;3.654274e-02;1.550159e-02
7.051126e-03;1.071825e-01;4.932053e-01;1.539523e-01;2.077361e-02;8.110319e-02;1.584299e-02;1.597942e-02;1.671061e-02;3.735344e-02;4.201203e-02;8.833574e-03
8.053042e-03;1.368696e-01;5.358744e-01;1.079028e-01;2.948242e-02;5.513616e-02;1.167055e-02;1.474010e-02;1.385597e-02;4.054967e-02;3.869743e-02;7.167880e-03
8.307631e-03;1.815304e-01;6.136140e-01;4.707201e-02;2.232196e-02;2.168667e-02;1.270539e-02;7.307852e-03;1.240654e-02;4.579635e-02;2.221766e-02;5.033520e-03
1.092380e-02;2.248251e-01;5.868731e-01;4.741605e-02;1.018743e-02;3.059003e-02;9.004249e-03;7.015043e-03;1.089218e-02;4.995909e-02;8.754906e-03;3.559125e-03
1.553257e-02;2.953608e-01;5.097808e-01;3.621342e-02;1.407705e-02;3.425392e-02;5.994601e-03;7.981045e-03;1.896255e-02;5.321562e-02;6.346355e-03;2.281283e-03
3.088362e-02;3.864521e-01;4.047813e-01;1.390371e-02;1.442854e-02;3.808548e-02;5.813093e-03;1.580798e-02;3.467797e-02;4.938480e-02;1.888718e-03;3.892696e-03
5.825853e-02;4.306417e-01;3.253562e-01;1.987104e-02;1.486248e-02;2.890805e-02;6.903289e-03;2.902332e-02;4.697314e-02;2.740398e-02;4.919606e-03;6.878711e-03
8.179449e-02;3.893218e-01;2.888383e-01;2.574025e-02;1.736650e-02;2.602602e-02;1.510796e-02;4.964068e-02;4.302104e-02;3.149404e-02;1.224704e-02;1.940180e-02
8.598556e-02;2.954935e-01;2.898016e-01;2.217142e-02;2.395253e-02;3.770983e-02;2.529002e-02;6.390584e-02;5.441111e-02;5.585749e-02;1.048241e-02;3.493866e-02
9.082473e-02;3.171636e-01;1.714111e-01;4.255375e-02;2.830899e-02;7.980988e-02;1.830503e-02;5.891516e-02;6.296456e-02;8.095387e-02;1.269265e-02;3.609663e-02
4.416078e-02;3.469396e-01;2.703734e-01;3.869094e-02;1.956693e-02;9.181686e-02;2.297267e-02;3.821252e-02;4.237698e-02;6.152644e-02;1.440222e-02;8.960648e-03
4.394803e-02;4.178453e-01;2.843548e-01;1.649638e-02;1.286142e-02;5.618693e-02;1.898490e-02;3.517088e-02;4.872334e-02;3.921439e-02;1.725391e-02;8.959757e-03
3.746907e-02;4.219248e-01;3.287781e-01;1.117735e-02;1.282548e-02;4.578648e-02;1.307303e-02;2.885427e-02;5.158827e-02;2.718417e-02;1.304373e-02;8.295218e-03
2.925456e-02;4.143156e-01;3.802864e-01;8.861742e-03;8.601640e-03;3.227245e-02;1.365393e-02;1.632784e-02;4.424630e-02;3.969060e-02;6.673812e-03;5.815119e-03
3.128516e-02;4.231727e-01;3.988497e-01;1.245843e-02;4.714117e-03;2.406616e-02;9.713560e-03;9.242398e-03;3.287791e-02;4.533746e-02;2.671326e-03;5.611069e-03
4.603337e-02;4.242370e-01;3.654194e-01;1.377650e-02;6.995023e-03;2.956210e-02;1.119275e-02;1.674723e-02;2.413175e-02;5.129856e-02;2.057073e-03;8.549235e-03
6.881938e-02;4.121503e-01;3.156385e-01;1.253784e-02;1.519161e-02;2.556140e-02;2.031303e-02;2.519907e-02;2.624007e-02;5.276947e-02;6.191530e-03;1.938780e-02
7.712977e-02;3.551394e-01;2.858729e-01;2.143684e-02;2.477892e-02;3.952781e-02;3.326852e-02;3.411577e-02;4.535704e-02;3.959363e-02;1.431743e-02;2.946197e-02
5.113946e-02;2.438126e-01;2.907361e-01;4.485443e-02;2.652875e-02;6.256595e-02;2.178564e-02;7.714086e-02;5.503536e-02;6.666924e-02;3.233194e-02;2.739964e-02
2.978694e-02;1.383706e-01;2.684252e-01;7.022697e-02;3.939540e-02;5.464978e-02;5.907628e-02;9.076686e-02;6.191288e-02;8.859573e-02;5.455418e-02;4.423918e-02
4.625735e-02;1.132572e-01;1.943116e-01;9.328051e-02;5.612969e-02;6.842858e-02;7.312889e-02;4.182466e-02;8.668840e-02;9.036070e-02;9.195977e-02;4.437260e-02
6.262019e-02;1.535788e-01;1.570747e-01;7.524718e-02;6.433140e-02;9.416252e-02;5.573575e-02;4.450045e-02;9.485803e-02;8.578052e-02;7.826963e-02;3.384080e-02
6.781402e-02;1.751137e-01;1.606442e-01;5.003834e-02;4.486674e-02;9.008024e-02;9.269322e-02;6.119183e-02;8.989005e-02;9.091739e-02;3.948869e-02;3.726155e-02
2.791658e-02;1.860838e-01;2.164504e-01;5.670440e-02;4.282980e-02;7.833262e-02;1.163586e-01;5.154698e-02;9.687680e-02;6.600706e-02;3.905316e-02;2.183981e-02
3.161006e-02;1.951075e-01;2.166110e-01;3.696134e-02;2.340169e-02;1.171747e-01;8.376741e-02;5.546545e-02;1.140720e-01;5.775201e-02;5.443759e-02;1.363929e-02
5.111686e-02;1.678458e-01;2.010697e-01;4.226417e-02;3.784138e-02;9.305476e-02;7.367437e-02;5.540513e-02;1.239917e-01;6.640978e-02;5.501532e-02;3.231100e-02
6.556608e-02;1.008628e-01;1.639470e-01;8.138110e-02;6.944061e-02;9.679615e-02;6.277827e-02;7.109342e-02;1.353417e-01;5.786500e-02;4.376140e-02;5.116645e-02
4.841433e-02;9.761861e-02;1.182007e-01;1.095131e-01;6.599272e-02;8.994251e-02;5.929493e-02;1.184618e-01;1.511525e-01;5.792230e-02;3.647410e-02;4.701231e-02
1.778878e-02;9.071872e-02;1.060338e-01;1.373804e-01;5.371659e-02;1.015956e-01;7.486212e-02;1.247791e-01;1.246419e-01;1.223439e-01;1.799002e-02;2.814902e-02
2.052921e-02;6.935074e-02;1.200526e-01;1.749438e-01;5.887679e-02;1.212884e-01;6.405536e-02;1.096201e-01;9.243152e-02;1.164796e-01;3.578958e-02;1.658237e-02
1.614808e-02;5.213577e-02;1.157069e-01;1.215082e-01;8.520514e-02;1.997160e-01;6.458983e-02;1.270014e-01;6.865370e-02;1.106897e-01;1.794574e-02;2.069945e-02
7.409967e-03;4.626603e-02;1.284361e-01;9.322869e-02;1.406399e-01;3.263941e-01;2.116075e-02;1.064836e-01;3.318994e-02;6.303432e-02;1.857640e-02;1.518008e-02
3.685735e-03;3.418959e-02;1.169321e-01;1.081118e-01;2.132582e-01;3.236216e-01;2.800712e-02;6.481735e-02;3.493958e-02;3.511516e-02;1.393083e-02;2.339094e-02
2.651702e-03;1.831991e-02;8.980022e-02;8.733767e-02;2.978297e-01;3.282388e-01;3.092807e-02;2.191053e-02;5.690121e-02;2.939677e-02;8.667690e-03;2.801769e-02
2.450499e-03;7.303459e-03;8.604102e-02;4.684413e-02;3.163347e-01;3.388821e-01;3.734525e-02;1.380963e-02;8.612096e-02;2.799697e-02;4.038197e-03;3.283303e-02
5.201336e-03;3.357369e-03;1.208170e-01;2.063355e-02;2.813536e-01;3.788699e-01;1.899910e-02;1.266086e-02;9.802593e-02;2.331711e-02;1.786137e-03;3.497814e-02
1.183836e-02;3.654254e-03;1.483303e-01;1.393269e-02;2.196371e-01;4.370987e-01;2.453821e-02;1.779588e-02;7.198475e-02;1.681808e-02;1.566763e-03;3.280496e-02
2.685286e-02;4.097042e-03;1.485334e-01;9.825137e-03;1.708419e-01;5.156776e-01;3.005909e-02;1.845397e-02;3.318532e-02;1.085025e-02;5.782759e-04;3.104511e-02
5.324810e-02;5.113694e-03;9.811220e-02;1.886528e-02;1.198825e-01;5.807104e-01;2.104144e-02;4.182340e-02;1.728222e-02;1.867799e-02;1.138236e-03;2.410449e-02
6.948292e-02;5.388157e-03;4.020533e-02;3.297462e-02;5.883007e-02;5.844909e-01;3.638907e-02;7.782777e-02;8.691117e-03;7.600842e-02;8.948940e-04;8.816739e-03
6.471203e-02;9.764840e-03;1.435491e-02;6.463016e-02;2.367347e-02;5.204162e-01;9.277400e-02;7.023738e-02;7.352406e-03;1.285110e-01;1.139536e-03;2.434028e-03
4.723304e-02;3.158406e-02;9.357360e-03;8.610672e-02;1.342288e-02;4.266255e-01;1.990383e-01;4.219104e-02;8.662745e-03;1.309642e-01;1.604768e-03;3.209332e-03
2.809286e-02;9.622023e-02;1.430535e-02;5.307527e-02;1.757560e-02;2.322633e-01;3.833428e-01;5.332005e-02;4.456246e-02;7.083800e-02;2.930050e-03;3.474014e-03
1.631439e-02;1.546779e-01;1.448804e-02;1.379117e-02;3.594699e-02;9.202739e-02;4.746789e-01;8.626699e-02;8.310046e-02;2.268622e-02;2.816657e-03;3.204821e-03
9.436660e-03;1.424373e-01;1.999572e-02;1.851145e-02;7.547794e-02;9.015282e-02;4.191293e-01;1.337047e-01;7.146016e-02;1.593686e-02;2.635036e-03;1.121991e-03
7.813525e-03;1.008742e-01;6.030747e-02;2.543216e-02;1.030892e-01;5.230490e-02;3.193765e-01;2.639844e-01;4.778688e-02;1.559606e-02;1.590703e-03;1.843980e-03
6.475674e-03;4.470824e-02;1.352887e-01;1.488470e-02;6.882647e-02;4.609120e-02;1.587611e-01;4.407128e-01;4.097017e-02;3.816452e-02;2.220988e-03;2.895552e-03
4.877283e-03;3.796871e-02;2.055427e-01;1.230455e-02;3.446275e-02;4.022330e-02;7.593114e-02;4.700369e-01;3.453806e-02;7.650357e-02;4.545031e-03;3.065942e-03
6.497487e-03;3.271039e-02;2.154238e-01;1.086536e-02;3.005436e-02;3.322832e-02;8.906466e-02;4.316272e-01;3.960365e-02;1.020394e-01;3.833222e-03;5.052146e-03
4.506018e-03;4.171506e-02;1.968718e-01;6.431923e-03;3.563834e-02;4.746244e-02;1.138154e-01;4.030278e-01;5.415022e-02;9.037837e-02;2.015166e-03;3.987510e-03
3.574252e-03;3.390092e-02;1.620725e-01;1.119636e-02;4.897219e-02;6.522840e-02;1.389325e-01;3.680324e-01;6.803822e-02;9.514801e-02;3.040362e-03;1.863854e-03
5.872046e-03;3.461706e-02;1.185669e-01;2.201605e-02;7.889070e-02;8.517685e-02;1.341645e-01;2.967498e-01;6.007301e-02;1.555835e-01;4.359410e-03;3.930137e-03
6.382084e-03;5.411736e-02;7.278105e-02;2.346208e-02;1.671186e-01;1.304310e-01;1.872892e-01;1.993058e-01;5.881491e-02;8.821030e-02;7.814480e-03;4.273255e-03
2.066441e-02;8.056275e-02;5.376814e-02;2.847194e-02;1.555259e-01;1.852455e-01;1.854598e-01;1.678264e-01;6.130382e-02;4.756780e-02;7.207840e-03;6.395718e-03
3.908249e-02;6.513252e-02;9.071951e-02;3.453681e-02;1.105074e-01;2.395335e-01;9.963282e-02;1.527908e-01;7.130670e-02;7.292215e-02;1.031365e-02;1.352163e-02
4.392309e-02;4.377797e-02;7.232688e-02;7.432397e-02;8.442831e-02;2.524363e-01;9.395817e-02;1.620899e-01;6.000705e-02;8.501824e-02;8.828461e-03;1.888175e-02
3.338365e-02;4.547127e-02;4.473148e-02;1.051801e-01;9.131944e-02;2.177868e-01;1.379300e-01;1.798737e-01;6.312640e-02;5.777926e-02;1.229274e-02;1.112522e-02
2.195785e-02;4.922738e-02;7.779800e-02;1.019628e-01;1.326801e-01;1.426853e-01;1.728843e-01;1.495300e-01;7.501835e-02;5.441108e-02;1.106665e-02;1.077813e-02
9.700854e-03;3.901751e-02;9.301677e-02;9.682643e-02;1.776779e-01;1.239031e-01;1.773384e-01;1.547146e-01;7.190929e-02;3.503623e-02;8.238390e-03;1.262053e-02
1.945806e-02;4.226936e-02;7.429334e-02;8.219019e-02;1.409849e-01;1.551178e-01;1.852193e-01;1.372451e-01;6.566063e-02;6.869879e-02;1.031006e-02;1.855255e-02
2.633929e-02;6.002691e-02;8.725089e-02;5.178302e-02;1.779900e-01;1.380588e-01;1.689005e-01;1.524166e-01;3.832541e-02;6.828037e-02;1.587369e-02;1.475463e-02
1.768960e-02;5.020435e-02;8.262055e-02;5.372070e-02;1.950449e-01;1.104635e-01;2.254194e-01;1.454008e-01;3.476519e-02;5.138112e-02;1.100521e-02;2.228457e-02
1.283591e-02;4.055084e-02;7.344571e-02;7.811118e-02;1.239362e-01;1.745069e-01;1.552253e-01;1.908774e-01;7.043533e-02;4.481757e-02;1.100857e-02;2.424904e-02
1.045706e-02;3.969085e-02;8.073497e-02;7.958331e-02;9.646202e-02;1.605601e-01;1.628812e-01;2.003993e-01;7.712180e-02;4.952316e-02;1.693844e-02;2.564785e-02
2.670586e-02;3.597750e-02;9.276136e-02;9.673510e-02;1.007965e-01;1.256916e-01;1.910945e-01;1.284395e-01;6.373373e-02;8.518437e-02;3.181569e-02;2.106423e-02
3.171185e-02;3.918448e-02;1.074483e-01;1.367095e-01;1.253560e-01;7.684972e-02;1.460294e-01;9.800830e-02;7.865449e-02;1.142186e-01;3.193584e-02;1.389344e-02
2.838855e-02;4.967932e-02;8.692600e-02;1.460890e-01;1.024184e-01;4.837710e-02;1.168044e-01;1.332809e-01;7.836688e-02;1.460953e-01;4.313982e-02;2.043436e-02
3.225834e-02;5.440291e-02;7.268478e-02;1.109420e-01;1.555388e-01;8.238573e-02;1.071097e-01;1.453478e-01;7.436616e-02;9.395611e-02;4.672801e-02;2.427959e-02
4.748947e-02;6.517255e-02;6.943358e-02;7.875669e-02;1.492701e-01;8.813009e-02;1.017360e-01;1.777803e-01;6.371433e-02;8.167811e-02;5.052335e-02;2.631536e-02
4.586188e-02;8.443673e-02;8.533157e-02;7.788731e-02;9.647450e-02;6.556794e-02;9.173018e-02;2.153910e-01;5.117732e-02;9.975252e-02;4.947743e-02;3.691167e-02
3.131454e-02;9.895530e-02;8.073917e-02;5.036303e-02;1.158071e-01;6.676147e-02;8.310002e-02;1.741129e-01;8.547376e-02;1.040141e-01;5.919626e-02;5.016227e-02
1.683515e-02;8.650009e-02;9.021743e-02;7.737313e-02;8.160929e-02;1.230213e-01;9.278612e-02;1.600065e-01;9.424845e-02;6.695699e-02;6.975590e-02;4.068961e-02
3.226999e-02;5.009520e-02;1.142716e-01;7.959000e-02;5.899248e-02;1.499400e-01;1.281018e-01;1.779209e-01;6.006854e-02;4.944361e-02;5.270348e-02;4.660242e-02
2.527107e-02;5.168786e-02;1.016567e-01;8.937468e-02;6.589654e-02;1.468420e-01;1.113580e-01;1.582847e-01;6.432251e-02;6.313208e-02;7.422746e-02;4.794638e-02
2.427810e-02;6.919823e-02;9.245746e-02;9.558709e-02;8.190417e-02;1.711535e-01;5.763455e-02;1.471598e-01;8.162013e-02;5.939370e-02;7.583860e-02;4.377462e-02
4.564292e-02;7.350074e-02;6.822249e-02;1.079349e-01;7.270491e-02;1.459755e-01;5.527726e-02;1.390672e-01;1.254760e-01;8.677234e-02;5.510009e-02;2.432564e-02
5.962142e-02;8.890207e-02;1.022708e-01;1.055758e-01;5.401691e-02;1.087147e-01;5.540289e-02;1.271629e-01;1.141759e-01;1.050511e-01;4.906427e-02;3.004127e-02
5.825450e-02;1.124374e-01;1.446227e-01;7.100642e-02;5.935050e-02;1.240913e-01;3.900528e-02;1.135793e-01;9.892650e-02;8.407446e-02;4.023355e-02;5.441816e-02
4.400532e-02;1.365927e-01;1.405040e-01;8.306438e-02;6.107282e-02;1.263416e-01;4.016158e-02;1.061939e-01;9.431323e-02;8.130350e-02;3.150296e-02;5.494404e-02
5.448353e-02;1.327933e-01;9.839833e-02;7.688443e-02;5.687177e-02;1.125902e-01;8.610679e-02;1.242710e-01;7.444506e-02;9.046158e-02;3.765742e-02;5.503652e-02
6.564128e-02;1.197715e-01;6.138739e-02;6.009955e-02;6.310159e-02;1.551402e-01;1.065347e-01;1.112937e-01;7.104975e-02;9.063032e-02;3.728629e-02;5.806365e-02
0;0;0;0;0;0;0;0;0;0;0;0
6.428530e-02;1.378887e-01;1.413921e-01;6.136477e-02;8.196594e-02;1.156108e-01;7.316070e-02;1.098195e-01;6.972503e-02;7.756387e-02;2.938406e-02;3.783932e-02
5.654335e-02;1.237553e-01;1.618877e-01;5.628281e-02;6.457826e-02;1.086418e-01;7.831496e-02;8.516437e-02;9.218068e-02;7.813147e-02;5.165283e-02;4.286658e-02
3.992192e-02;8.875211e-02;1.799402e-01;4.873666e-02;5.524648e-02;1.101702e-01;7.839697e-02;7.001089e-02;9.559214e-02;8.160000e-02;7.983346e-02;7.179899e-02
