6.350008e-02;7.853461e-02;8.825566e-02;5.493753e-02;6.890725e-02;1.097221e-01;1.234530e-01;7.281280e-02;1.121399e-01;1.498965e-01;4.023280e-02;3.760786e-02
6.017476e-02;5.906183e-02;4.834791e-02;6.108175e-02;7.360096e-02;8.588961e-02;1.305161e-01;9.441041e-02;1.395152e-01;1.749606e-01;3.426486e-02;3.817606e-02
5.158168e-02;5.463748e-02;4.827403e-02;5.622499e-02;7.383752e-02;7.334484e-02;1.195813e-01;1.156140e-01;1.539173e-01;1.792251e-01;3.536346e-02;3.839841e-02
2.899078e-02;5.420563e-02;6.432481e-02;4.631564e-02;6.679919e-02;1.321652e-01;9.638365e-02;1.290516e-01;1.306985e-01;1.749450e-01;3.830461e-02;3.781539e-02
2.988738e-02;6.190487e-02;8.710422e-02;4.983794e-02;4.373695e-02;1.849733e-01;9.713954e-02;1.387784e-01;1.264670e-01;1.070525e-01;3.961339e-02;3.350450e-02
2.242721e-02;7.508676e-02;9.429090e-02;6.177526e-02;4.735223e-02;1.846396e-01;1.192203e-01;1.044582e-01;1.280903e-01;7.416514e-02;5.530673e-02;3.318736e-02
2.991639e-02;7.725603e-02;8.924471e-02;6.615980e-02;5.229709e-02;1.456357e-01;9.683660e-02;1.212319e-01;1.476267e-01;8.851361e-02;5.403770e-02;3.124371e-02
6.256370e-02;6.149179e-02;8.562351e-02;5.823137e-02;6.024773e-02;1.058969e-01;8.233161e-02;1.607811e-01;1.485849e-01;1.069817e-01;3.047751e-02;3.678819e-02
4.358590e-02;7.128301e-02;1.010439e-01;3.358914e-02;6.248751e-02;7.795477e-02;8.942130e-02;2.137781e-01;1.322798e-01;1.073955e-01;4.417970e-02;2.300135e-02
2.077865e-02;1.043945e-01;1.041004e-01;3.169740e-02;6.407430e-02;7.920994e-02;5.040948e-02;2.257724e-01;1.490459e-01;9.091769e-02;4.974254e-02;2.985681e-02
2.129404e-02;1.154198e-01;1.035071e-01;4.501626e-02;4.940955e-02;9.263159e-02;5.528842e-02;1.915204e-01;1.509103e-01;9.848316e-02;4.523174e-02;3.128770e-02
3.443262e-02;7.865257e-02;5.925262e-02;4.274644e-02;4.325636e-02;1.773682e-01;4.156591e-02;2.087248e-01;1.473979e-01;1.170077e-01;3.142297e-02;1.817195e-02
4.009587e-02;1.422823e-01;1.503276e-01;2.440718e-02;2.365363e-02;1.819620e-01;4.920609e-02;1.628857e-01;1.077069e-01;6.693495e-02;3.181705e-02;1.872072e-02
3.606913e-02;2.034971e-01;2.486644e-01;2.476242e-02;1.766314e-02;1.349528e-01;4.652254e-02;1.118579e-01;8.163892e-02;5.867631e-02;2.299365e-02;1.270161e-02
3.806713e-02;2.620430e-01;2.784923e-01;2.562270e-02;1.225528e-02;1.055982e-01;4.633251e-02;7.560716e-02;6.477764e-02;7.118756e-02;9.487080e-03;1.052938e-02
4.434615e-02;2.754687e-01;2.268417e-01;2.164029e-02;1.538982e-02;8.803894e-02;4.624721e-02;1.061478e-01;6.612286e-02;7.272375e-02;2.353459e-02;1.349828e-02
4.655382e-02;2.290869e-01;1.842409e-01;2.371681e-02;1.729635e-02;1.437480e-01;4.009100e-02;1.449873e-01;6.454815e-02;5.147965e-02;4.112675e-02;1.312437e-02
4.036529e-02;1.361467e-01;1.931007e-01;4.997227e-02;2.523006e-02;1.833783e-01;5.219282e-02;1.592868e-01;6.962834e-02;3.542371e-02;2.940502e-02;2.587001e-02
3.824251e-02;1.712790e-01;2.193760e-01;6.497484e-02;2.994206e-02;1.224227e-01;7.244595e-02;1.358101e-01;5.920638e-02;5.300011e-02;1.466493e-02;1.863547e-02
4.177571e-02;2.535749e-01;2.926200e-01;3.446583e-02;1.735736e-02;1.021223e-01;4.930680e-02;9.362775e-02;5.472245e-02;4.144343e-02;7.412721e-03;1.157072e-02
3.621651e-02;3.159260e-01;3.408698e-01;1.724136e-02;1.733549e-02;6.075051e-02;2.715685e-02;7.540092e-02;6.012792e-02;2.988982e-02;8.799832e-03;1.028491e-02
3.218744e-02;3.366053e-01;3.718651e-01;1.502323e-02;1.127662e-02;4.726315e-02;1.516081e-02;7.490990e-02;4.469360e-02;3.673671e-02;5.473195e-03;8.804934e-03
2.618793e-02;3.338295e-01;3.909495e-01;1.237056e-02;8.779842e-03;3.524002e-02;1.482067e-02;9.707553e-02;2.841702e-02;3.647603e-02;8.301070e-03;7.552257e-03
2.361829e-02;3.049246e-01;4.123969e-01;1.386277e-02;9.387674e-03;2.767369e-02;1.980055e-02;1.068998e-01;3.302453e-02;3.290416e-02;7.125654e-03;8.381295e-03
1.975249e-02;2.628725e-01;4.486980e-01;2.002963e-02;1.332071e-02;2.292921e-02;2.177276e-02;9.260372e-02;3.570546e-02;4.602576e-02;6.734663e-03;9.555114e-03
2.233044e-02;2.307982e-01;4.919730e-01;3.501129e-02;2.723857e-02;1.793963e-02;2.776066e-02;6.093536e-02;2.235994e-02;5.113602e-02;3.459696e-03;9.057312e-03
3.246068e-02;1.964753e-01;4.838687e-01;5.129316e-02;3.614707e-02;4.996451e-02;4.028663e-02;3.960384e-02;1.384457e-02;4.234602e-02;6.180785e-03;7.528725e-03
6.686069e-02;1.743851e-01;4.479020e-01;9.091771e-02;3.869928e-02;3.002638e-02;3.657046e-02;3.750724e-02;2.066383e-02;3.523550e-02;1.341833e-02;7.813479e-03
1.135695e-01;1.469538e-01;3.415176e-01;1.538974e-01;3.676624e-02;4.471578e-02;2.995259e-02;3.751145e-02;2.490740e-02;4.125232e-02;9.311533e-03;1.964435e-02
1.035717e-01;1.008470e-01;2.778746e-01;1.981674e-01;3.224734e-02;4.963252e-02;4.619780e-02;3.937458e-02;3.461612e-02;7.751756e-02;1.280187e-02;2.715158e-02
4.265723e-02;1.292178e-01;3.843073e-01;1.529166e-01;2.030563e-02;2.850028e-02;5.356199e-02;3.333210e-02;3.804810e-02;8.428220e-02;1.612167e-02;1.674908e-02
2.313722e-02;1.570548e-01;3.959261e-01;1.089956e-01;2.178041e-02;5.914409e-02;8.059252e-02;3.285599e-02;3.394831e-02;5.579927e-02;2.103040e-02;9.735344e-03
2.144447e-02;1.931536e-01;4.058233e-01;7.480577e-02;2.300481e-02;6.256077e-02;1.050309e-01;3.370779e-02;2.209714e-02;3.275437e-02;1.730209e-02;8.314938e-03
2.174630e-02;2.056353e-01;3.828239e-01;6.545714e-02;1.676035e-02;8.191481e-02;9.798946e-02;5.616745e-02;1.404266e-02;3.234532e-02;1.092709e-02;1.419016e-02
1.842747e-02;1.626188e-01;3.321222e-01;1.051492e-01;2.537015e-02;1.185206e-01;7.141014e-02;7.693209e-02;1.484722e-02;2.645009e-02;3.455558e-02;1.359629e-02
2.205509e-02;1.208952e-01;3.052112e-01;1.687171e-01;2.649855e-02;1.006569e-01;4.128550e-02;8.705205e-02;2.595920e-02;3.019460e-02;5.945052e-02;1.202402e-02
1.647565e-02;4.438761e-02;3.596077e-01;2.326104e-01;2.631595e-02;7.154345e-02;3.833383e-02;7.083054e-02;3.524867e-02;2.757174e-02;6.641971e-02;1.065473e-02
1.213985e-02;1.060303e-01;3.864443e-01;2.106295e-01;1.613385e-02;8.775505e-02;2.139021e-02;6.699842e-02;2.365340e-02;1.574365e-02;4.691853e-02;6.163051e-03
1.385581e-02;1.541791e-01;3.917095e-01;1.893655e-01;2.282238e-02;6.455312e-02;3.158291e-02;5.022476e-02;1.308491e-02;1.870450e-02;4.271230e-02;7.205251e-03
1.500081e-02;1.545660e-01;3.652652e-01;1.764180e-01;3.301854e-02;7.206685e-02;4.782858e-02;4.817280e-02;1.601439e-02;2.591012e-02;4.263233e-02;3.106325e-03
1.331391e-02;1.360998e-01;3.459486e-01;1.736145e-01;2.994729e-02;6.121052e-02;5.806237e-02;7.436282e-02;1.325100e-02;2.463767e-02;6.454464e-02;5.006896e-03
1.131240e-02;1.069489e-01;3.104044e-01;2.201124e-01;1.794722e-02;4.830788e-02;4.281304e-02;1.109959e-01;1.017581e-02;1.281764e-02;1.028129e-01;5.351425e-03
1.102493e-02;5.173944e-02;2.682719e-01;2.707753e-01;2.667314e-02;7.500395e-02;3.077030e-02;1.136226e-01;1.266034e-02;1.666933e-02;1.183078e-01;4.481046e-03
1.680496e-02;8.471557e-02;3.509220e-01;2.104774e-01;3.108113e-02;6.744120e-02;3.254269e-02;8.832019e-02;1.648332e-02;1.858291e-02;7.684011e-02;5.788535e-03
1.531588e-02;1.297869e-01;4.282651e-01;1.365111e-01;3.703426e-02;1.000396e-01;5.964557e-02;3.082025e-02;1.709979e-02;9.194201e-03;3.143962e-02;4.847796e-03
1.289792e-02;1.576525e-01;4.764971e-01;1.277531e-01;2.986911e-02;4.714927e-02;6.602099e-02;2.301995e-02;1.799814e-02;6.310937e-03;2.973309e-02;5.097867e-03
1.826437e-02;1.758476e-01;5.061752e-01;1.182169e-01;1.936960e-02;4.480634e-02;4.657730e-02;2.146491e-02;1.150523e-02;1.087597e-02;2.009309e-02;6.803460e-03
1.656406e-02;1.667300e-01;4.902945e-01;8.480488e-02;1.784530e-02;5.347113e-02;8.822525e-02;3.753332e-02;1.355618e-02;1.436842e-02;9.599059e-03;7.007787e-03
2.307830e-02;1.481857e-01;4.099834e-01;7.203826e-02;2.729881e-02;6.543808e-02;9.621912e-02;6.654038e-02;3.030329e-02;2.183241e-02;2.899969e-02;1.008261e-02
3.722561e-02;8.303638e-02;2.624609e-01;1.016341e-01;5.044926e-02;7.477850e-02;6.786825e-02;9.820986e-02;6.717541e-02;6.237144e-02;8.724585e-02;7.544358e-03
3.988004e-02;7.151341e-02;2.746768e-01;1.137388e-01;4.191633e-02;6.921059e-02;5.108145e-02;6.417473e-02;5.853314e-02;8.130180e-02;1.251917e-01;8.781197e-03
3.860925e-02;1.137036e-01;3.705040e-01;1.218744e-01;1.761744e-02;2.712114e-02;4.999754e-02;3.061211e-02;3.003462e-02;6.082896e-02;1.226092e-01;1.648783e-02
5.271946e-02;1.330706e-01;4.049925e-01;1.238261e-01;2.125717e-02;3.543539e-02;4.732282e-02;2.599363e-02;2.377620e-02;2.642914e-02;9.460612e-02;1.057090e-02
7.811394e-02;1.502092e-01;3.803921e-01;1.160742e-01;1.872002e-02;4.909439e-02;2.688148e-02;2.300366e-02;3.622160e-02;3.101572e-02;7.825436e-02;1.201938e-02
8.769625e-02;1.549018e-01;2.819483e-01;1.034604e-01;3.057506e-02;8.645927e-02;2.969706e-02;4.229559e-02;5.140534e-02;4.298971e-02;6.379151e-02;2.477972e-02
8.677244e-02;1.492126e-01;1.456881e-01;8.603960e-02;3.639589e-02;1.094244e-01;4.684478e-02;9.911317e-02;8.038806e-02;6.807567e-02;6.154618e-02;3.049909e-02
5.648500e-02;2.050321e-01;2.864421e-01;5.334457e-02;2.065555e-02;7.574099e-02;3.609213e-02;9.744560e-02;5.251497e-02;6.171986e-02;3.157900e-02;2.294813e-02
6.615814e-02;2.029325e-01;3.353068e-01;7.909416e-02;2.431082e-02;6.326405e-02;3.766315e-02;5.087522e-02;3.214450e-02;6.121435e-02;2.518005e-02;2.185632e-02
7.362122e-02;1.761409e-01;3.700453e-01;1.057676e-01;2.892053e-02;4.303921e-02;2.335938e-02;3.302141e-02;3.305294e-02;4.712256e-02;4.744013e-02;1.846888e-02
8.507363e-02;1.641754e-01;4.039809e-01;1.017996e-01;2.416462e-02;4.884451e-02;2.660980e-02;1.513384e-02;4.210380e-02;2.754351e-02;4.796669e-02;1.260364e-02
9.381648e-02;1.944885e-01;3.894762e-01;6.905940e-02;2.122427e-02;4.192830e-02;3.774975e-02;1.747701e-02;3.989317e-02;5.112967e-02;3.245358e-02;1.130371e-02
9.267205e-02;2.745728e-01;3.120258e-01;5.914558e-02;2.520943e-02;2.409784e-02;3.072900e-02;3.242034e-02;4.159545e-02;7.380585e-02;1.897319e-02;1.475269e-02
6.434681e-02;2.907924e-01;3.175204e-01;5.977536e-02;1.711299e-02;6.213887e-02;2.354540e-02;5.050767e-02;4.826002e-02;3.229330e-02;1.988840e-02;1.381840e-02
4.110550e-02;2.339437e-01;3.467444e-01;6.228099e-02;7.359324e-03;8.188951e-02;4.462015e-02;6.471760e-02;3.393496e-02;4.376647e-02;1.826914e-02;2.136819e-02
4.217522e-02;1.738892e-01;3.436404e-01;8.853291e-02;1.200436e-02;6.784038e-02;6.925932e-02;6.297079e-02;2.536753e-02;4.429516e-02;3.297324e-02;3.705164e-02
5.613244e-02;1.779754e-01;3.701284e-01;1.003048e-01;2.279176e-02;4.267740e-02;5.318189e-02;5.213648e-02;2.341420e-02;3.990760e-02;3.291183e-02;2.843785e-02
7.172525e-02;1.633684e-01;3.425252e-01;1.054474e-01;3.852216e-02;3.240487e-02;2.918426e-02;9.079983e-02;3.280776e-02;5.063072e-02;2.107299e-02;2.151122e-02
6.877254e-02;2.394241e-01;2.681812e-01;9.430553e-02;3.434014e-02;4.137923e-02;2.899836e-02;6.450156e-02;5.276119e-02;4.723051e-02;2.758976e-02;3.251593e-02
4.245856e-02;3.113658e-01;2.652708e-01;8.679595e-02;1.954226e-02;4.568289e-02;2.324132e-02;3.769703e-02;6.441858e-02;3.860316e-02;1.937859e-02;4.554512e-02
3.030303e-02;2.939124e-01;3.449253e-01;7.278962e-02;1.801349e-02;4.910585e-02;1.997378e-02;2.899916e-02;5.033180e-02;3.056742e-02;1.685218e-02;4.422588e-02
3.888016e-02;2.858707e-01;3.261406e-01;7.434035e-02;1.979034e-02;5.437485e-02;1.422505e-02;3.883360e-02;5.597071e-02;4.054691e-02;1.621524e-02;3.481154e-02
8.019389e-02;2.416176e-01;2.194975e-01;1.036023e-01;2.229088e-02;8.471710e-02;1.496065e-02;6.840992e-02;6.474000e-02;4.285835e-02;2.854607e-02;2.856568e-02
1.155843e-01;1.861063e-01;1.909183e-01;1.058966e-01;3.780219e-02;1.062162e-01;3.527695e-02;8.153864e-02;4.134088e-02;3.881811e-02;3.677211e-02;2.372954e-02
9.402008e-02;2.829925e-01;2.671199e-01;6.402669e-02;2.751959e-02;4.743828e-02;2.316096e-02;5.535114e-02;3.661306e-02;3.562465e-02;4.300729e-02;2.312578e-02
5.673266e-02;2.870194e-01;3.323006e-01;6.052413e-02;1.912302e-02;7.645127e-02;1.797059e-02;4.086433e-02;3.084769e-02;2.299519e-02;3.120555e-02;2.396552e-02
3.786877e-02;2.484687e-01;4.113972e-01;6.667168e-02;8.465176e-03;8.086132e-02;2.374700e-02;3.339105e-02;2.778520e-02;1.335024e-02;2.889777e-02;1.909589e-02
4.327696e-02;1.382167e-01;4.014553e-01;8.555306e-02;2.415389e-02;6.658632e-02;6.847221e-02;4.753752e-02;4.954486e-02;3.026311e-02;1.989782e-02;2.504237e-02
5.169416e-02;1.432548e-01;2.624061e-01;6.270118e-02;5.367148e-02;9.089459e-02;8.772928e-02;6.266312e-02;7.543230e-02;3.695342e-02;3.824215e-02;3.435744e-02
3.567953e-02;1.666553e-01;2.647996e-01;7.043182e-02;7.659670e-02;8.592734e-02;7.840376e-02;5.319024e-02;6.006334e-02;5.027942e-02;2.885127e-02;2.912170e-02
2.766890e-02;1.654512e-01;3.120178e-01;1.052751e-01;7.556143e-02;9.560335e-02;5.431615e-02;3.642096e-02;3.681897e-02;4.607812e-02;2.399640e-02;2.079169e-02
4.496364e-02;1.320741e-01;3.202160e-01;1.596907e-01;6.491391e-02;7.182977e-02;3.609187e-02;3.337039e-02;3.023509e-02;4.409209e-02;5.120012e-02;1.132237e-02
7.843235e-02;9.816197e-02;3.171401e-01;1.674078e-01;5.623359e-02;3.534639e-02;3.765154e-02;3.134898e-02;3.267779e-02;7.644362e-02;5.730484e-02;1.185105e-02
1.058386e-01;6.117440e-02;3.841060e-01;1.009473e-01;3.501820e-02;2.951127e-02;6.653602e-02;2.441791e-02;2.408448e-02;1.270928e-01;3.002103e-02;1.125204e-02
9.823754e-02;1.085869e-01;3.857995e-01;5.870751e-02;1.330941e-02;3.632376e-02;7.987854e-02;1.973727e-02;2.470961e-02;1.284356e-01;3.469181e-02;1.158252e-02
7.909760e-02;1.723193e-01;3.417157e-01;6.382670e-02;2.756534e-02;5.155760e-02;6.790301e-02;2.627957e-02;2.808577e-02;9.335675e-02;3.509945e-02;1.319319e-02
4.870839e-02;2.057820e-01;3.148805e-01;6.569418e-02;2.989017e-02;7.597224e-02;5.610611e-02;4.238113e-02;3.355222e-02;8.693592e-02;2.832146e-02;1.177575e-02
3.144216e-02;1.871994e-01;4.005339e-01;5.294827e-02;1.307374e-02;7.854836e-02;4.000762e-02;3.036862e-02;3.015679e-02;1.086848e-01;1.753245e-02;9.503850e-03
3.195241e-02;2.040209e-01;4.366458e-01;3.375722e-02;1.969380e-02;4.939599e-02;3.695175e-02;2.881407e-02;3.200698e-02;9.810465e-02;9.889678e-03;1.876670e-02
3.528956e-02;1.441571e-01;3.945602e-01;7.155656e-02;5.470677e-02;6.771036e-02;4.049712e-02;4.261816e-02;3.483205e-02;7.237773e-02;1.121660e-02;3.047780e-02
4.642541e-02;1.225041e-01;3.659025e-01;9.003343e-02;5.648169e-02;5.490245e-02;6.548801e-02;3.480056e-02;2.395427e-02;1.000986e-01;1.691094e-02;2.249806e-02
6.583878e-02;9.604756e-02;3.872591e-01;7.437115e-02;3.582520e-02;4.633998e-02;8.891094e-02;2.451909e-02;1.477266e-02;1.318471e-01;2.357035e-02;1.069816e-02
8.835568e-02;8.986643e-02;4.092767e-01;5.187742e-02;2.264060e-02;3.070376e-02;1.083841e-01;2.193389e-02;9.434197e-03;1.415617e-01;2.142847e-02;4.537005e-03
8.991226e-02;9.401929e-02;4.045468e-01;4.755551e-02;2.363256e-02;2.278408e-02;1.100427e-01;1.747484e-02;1.660668e-02;1.531542e-01;1.719606e-02;3.075030e-03
8.001133e-02;7.897066e-02;3.970129e-01;4.852673e-02;2.300300e-02;2.141338e-02;1.160182e-01;1.689293e-02;1.931193e-02;1.680231e-01;2.573703e-02;5.078763e-03
6.493095e-02;1.242684e-01;3.609273e-01;4.961394e-02;2.164597e-02;2.683131e-02;1.039973e-01;1.779268e-02;2.356804e-02;1.534624e-01;4.544224e-02;7.519383e-03
4.573982e-02;1.947822e-01;3.187793e-01;4.598041e-02;2.172332e-02;4.981655e-02;7.437866e-02;2.847820e-02;3.082976e-02;1.252779e-01;4.630759e-02;1.790622e-02
4.865078e-02;2.223098e-01;3.338248e-01;6.332780e-02;2.845935e-02;5.722924e-02;3.798112e-02;2.867863e-02;4.960430e-02;7.933176e-02;2.504829e-02;2.555409e-02
3.367239e-02;2.117085e-01;3.848830e-01;7.396032e-02;2.906467e-02;5.396598e-02;2.262779e-02;4.264585e-02;4.547416e-02;6.580345e-02;1.697192e-02;1.922192e-02
3.609830e-02;1.632192e-01;3.890239e-01;7.532413e-02;3.467621e-02;6.759857e-02;4.468293e-02;4.382902e-02;4.000254e-02;6.432952e-02;2.083882e-02;2.037683e-02
6.166281e-02;2.003594e-01;3.719807e-01;5.953298e-02;2.448671e-02;6.765100e-02;5.909080e-02;3.553897e-02;3.489160e-02;5.105365e-02;1.452052e-02;1.923087e-02
5.822308e-02;1.544414e-01;4.308619e-01;4.878122e-02;2.484307e-02;7.071344e-02;6.513328e-02;3.358391e-02;3.012148e-02;5.966132e-02;1.293372e-02;1.070222e-02
4.060246e-02;1.195652e-01;5.041829e-01;5.334860e-02;1.640184e-02;3.582662e-02;6.893679e-02;3.649936e-02;3.253277e-02;6.241592e-02;2.220441e-02;7.483137e-03
3.198671e-02;1.606660e-01;4.720062e-01;5.236021e-02;2.359019e-02;6.330851e-02;5.231268e-02;4.369166e-02;2.314462e-02;3.498979e-02;2.897368e-02;1.296969e-02
3.390445e-02;1.915718e-01;4.571347e-01;4.344422e-02;3.570641e-02;4.826555e-02;4.806694e-02;5.063712e-02;2.409264e-02;2.808468e-02;2.591445e-02;1.317707e-02
3.882395e-02;2.092442e-01;4.403144e-01;4.953111e-02;3.462708e-02;4.407426e-02;4.794599e-02;3.788301e-02;2.733105e-02;2.807928e-02;2.573031e-02;1.641531e-02
3.199394e-02;1.610497e-01;4.333433e-01;5.151397e-02;4.204543e-02;4.894986e-02;5.303555e-02;3.102644e-02;2.999547e-02;6.418250e-02;2.879793e-02;2.406595e-02
2.722938e-02;1.628781e-01;4.147674e-01;3.813349e-02;4.129962e-02;6.715472e-02;4.386259e-02;4.366329e-02;2.717089e-02;8.502761e-02;2.573944e-02;2.307355e-02
5.616425e-02;1.969714e-01;3.733312e-01;4.236694e-02;2.413721e-02;8.422645e-02;1.787664e-02;5.102339e-02;3.861303e-02;6.673016e-02;2.432034e-02;2.423904e-02
7.472561e-02;2.774833e-01;2.667071e-01;4.553409e-02;4.132254e-02;1.198150e-01;1.548395e-02;4.939718e-02;5.768878e-02;1.916617e-02;1.930329e-02;1.337302e-02
6.853994e-02;3.206143e-01;2.271725e-01;3.604861e-02;4.946056e-02;1.200029e-01;1.430854e-02;2.656214e-02;7.983854e-02;3.042960e-02;1.785864e-02;9.163686e-03
6.128955e-02;3.575703e-01;2.068807e-01;2.311277e-02;4.195338e-02;1.220862e-01;2.574017e-02;1.844831e-02;1.016996e-01;1.437248e-02;1.639498e-02;1.045151e-02
5.244563e-02;3.631290e-01;1.376707e-01;3.306087e-02;4.427775e-02;1.490809e-01;2.687138e-02;3.483924e-02;1.185084e-01;1.564461e-02;1.629502e-02;8.176412e-03
3.497066e-02;3.001402e-01;9.131026e-02;2.433904e-02;5.221321e-02;2.449067e-01;4.768993e-02;4.339496e-02;1.266531e-01;1.881277e-02;6.415458e-03;9.153622e-03
2.644832e-02;2.175663e-01;1.076338e-01;1.719873e-02;5.349722e-02;2.730221e-01;9.900197e-02;3.088874e-02;1.371620e-01;2.210071e-02;5.984440e-03;9.495690e-03
3.190326e-02;1.790492e-01;7.754307e-02;1.908069e-02;6.373176e-02;1.988608e-01;1.094589e-01;5.783896e-02;2.089816e-01;3.002998e-02;1.258743e-02;1.093441e-02
3.470744e-02;1.958907e-01;7.918511e-02;1.263559e-02;5.561296e-02;7.835326e-02;5.864344e-02;4.951958e-02;3.206074e-01;5.997230e-02;2.701477e-02;2.785746e-02
4.806107e-02;2.159274e-01;7.569619e-02;1.607500e-02;4.973040e-02;5.024086e-02;4.269294e-02;2.947394e-02;3.044666e-01;6.725519e-02;4.340162e-02;5.697877e-02
5.892232e-02;2.400696e-01;9.601814e-02;2.602807e-02;5.079205e-02;6.802537e-02;3.909985e-02;8.209467e-02;1.908667e-01;5.188151e-02;3.809036e-02;5.811137e-02
6.791548e-02;3.151891e-01;1.423975e-01;3.361689e-02;4.429490e-02;7.941237e-02;2.516068e-02;8.725905e-02;1.108144e-01;3.952815e-02;2.331448e-02;3.109700e-02
7.735130e-02;3.821234e-01;2.021552e-01;2.800712e-02;3.012418e-02;7.145279e-02;2.301195e-02;5.826590e-02;6.930923e-02;2.220669e-02;1.657516e-02;1.941711e-02
8.111987e-02;3.762150e-01;1.908859e-01;4.074879e-02;2.721289e-02;7.176562e-02;2.778816e-02;4.707257e-02;6.561982e-02;3.819773e-02;1.579749e-02;1.757621e-02
7.300472e-02;3.465086e-01;1.461398e-01;4.327670e-02;4.354422e-02;6.823068e-02;3.944016e-02;5.677387e-02;1.016882e-01;5.250163e-02;1.361508e-02;1.527621e-02
7.388999e-02;3.718269e-01;2.091732e-01;2.654364e-02;3.554610e-02;5.369725e-02;2.541364e-02;2.795819e-02;1.097869e-01;4.048541e-02;1.412963e-02;1.154918e-02
6.988374e-02;3.943755e-01;2.545113e-01;2.200343e-02;2.145149e-02;3.712662e-02;2.141642e-02;2.004781e-02;1.154366e-01;2.441326e-02;1.012356e-02;9.210170e-03
6.288950e-02;3.991891e-01;2.615347e-01;2.325539e-02;1.485756e-02;3.911403e-02;2.342373e-02;3.028036e-02;1.098981e-01;1.704908e-02;5.686481e-03;1.282200e-02
6.536831e-02;4.270146e-01;2.313992e-01;2.097038e-02;1.441366e-02;3.991497e-02;2.445636e-02;3.806508e-02;8.251280e-02;3.481260e-02;5.587624e-03;1.548438e-02
6.676368e-02;4.184887e-01;2.438976e-01;1.732907e-02;1.915787e-02;4.382340e-02;3.367051e-02;5.107148e-02;4.035893e-02;3.594065e-02;9.621563e-03;1.987645e-02
6.292093e-02;3.684002e-01;2.139738e-01;2.626682e-02;2.742701e-02;7.105091e-02;4.605219e-02;4.556199e-02;7.502335e-02;2.368860e-02;1.738183e-02;2.225242e-02
4.038128e-02;3.144832e-01;1.562353e-01;1.786989e-02;3.996442e-02;1.212919e-01;5.447194e-02;4.591899e-02;1.276999e-01;4.559141e-02;1.761828e-02;1.847354e-02
4.592487e-02;2.951034e-01;1.075360e-01;1.860218e-02;4.059471e-02;1.125994e-01;5.073803e-02;9.436489e-02;1.459990e-01;4.357471e-02;2.575057e-02;1.921225e-02
7.245807e-02;3.139691e-01;7.153823e-02;2.474318e-02;5.109759e-02;1.050203e-01;4.364745e-02;8.935735e-02;1.267806e-01;3.900876e-02;3.233098e-02;3.004852e-02
6.416995e-02;3.276283e-01;1.658112e-01;2.614941e-02;6.395110e-02;9.760530e-02;5.645237e-02;4.205048e-02;7.663027e-02;2.228343e-02;2.860892e-02;2.865925e-02
4.515714e-02;3.177167e-01;2.281893e-01;5.204210e-02;5.275065e-02;6.073532e-02;7.899166e-02;4.878665e-02;4.242114e-02;1.889832e-02;1.717145e-02;3.713952e-02
3.050922e-02;2.975231e-01;2.562966e-01;8.033461e-02;3.853396e-02;4.143829e-02;7.675333e-02;5.041591e-02;4.121086e-02;2.895174e-02;1.071427e-02;4.731804e-02
4.950795e-02;2.997721e-01;2.612163e-01;8.665948e-02;3.059330e-02;3.976358e-02;5.315124e-02;3.663013e-02;5.401320e-02;3.172406e-02;1.397418e-02;4.299444e-02
5.749182e-02;2.676858e-01;2.370876e-01;8.000860e-02;3.655840e-02;6.176047e-02;3.342002e-02;5.132218e-02;6.809388e-02;3.962041e-02;2.512270e-02;4.182816e-02
5.842832e-02;2.210592e-01;1.920148e-01;7.445670e-02;5.105266e-02;6.935740e-02;5.660100e-02;6.781077e-02;7.728800e-02;5.270157e-02;3.151305e-02;4.771655e-02
6.019191e-02;1.643122e-01;1.064882e-01;9.169544e-02;6.228186e-02;7.226684e-02;9.353258e-02;1.008023e-01;1.076728e-01;6.577205e-02;3.270954e-02;4.227426e-02
7.362513e-02;1.524560e-01;1.418455e-01;7.471631e-02;3.757438e-02;1.279161e-01;6.174647e-02;8.954687e-02;1.161373e-01;6.147195e-02;3.525253e-02;2.771148e-02
5.869040e-02;2.139242e-01;2.293483e-01;3.738288e-02;3.143772e-02;1.378013e-01;4.940569e-02;6.718197e-02;8.709706e-02;4.710058e-02;2.182017e-02;1.880972e-02
4.748471e-02;2.324565e-01;2.766302e-01;4.008516e-02;3.276847e-02;9.901422e-02;4.883024e-02;6.072025e-02;7.763594e-02;4.730762e-02;1.613910e-02;2.092761e-02
4.512114e-02;2.452509e-01;2.788008e-01;4.091432e-02;3.248741e-02;8.823524e-02;5.870041e-02;5.184836e-02;9.379438e-02;3.454418e-02;1.075177e-02;1.955101e-02
4.859821e-02;2.451296e-01;2.322170e-01;4.290166e-02;2.568395e-02;8.169958e-02;5.315698e-02;7.022319e-02;1.270521e-01;3.410767e-02;1.649887e-02;2.273114e-02
6.115763e-02;2.534549e-01;1.791117e-01;5.706260e-02;2.524935e-02;7.603289e-02;3.778476e-02;7.542303e-02;1.552431e-01;3.580556e-02;1.759263e-02;2.608177e-02
3.985760e-02;2.347544e-01;1.912319e-01;6.060543e-02;1.902165e-02;9.035457e-02;5.507253e-02;6.281922e-02;1.499029e-01;4.384673e-02;2.774036e-02;2.479270e-02
4.042939e-02;2.402801e-01;1.930143e-01;6.176500e-02;4.613380e-02;1.073803e-01;4.296278e-02;7.779066e-02;1.051622e-01;3.323266e-02;2.684730e-02;2.500150e-02
5.227065e-02;3.103780e-01;1.816874e-01;5.168516e-02;5.065416e-02;7.675458e-02;4.453821e-02;7.824821e-02;6.823757e-02;3.560378e-02;2.219056e-02;2.775168e-02
4.101087e-02;2.689958e-01;2.732509e-01;4.980523e-02;4.557333e-02;9.848630e-02;3.095774e-02;6.243044e-02;5.547497e-02;3.420068e-02;1.808603e-02;2.172778e-02
3.616244e-02;2.639984e-01;3.442580e-01;3.909537e-02;3.287392e-02;8.284535e-02;2.891117e-02;3.966987e-02;4.234337e-02;4.176327e-02;1.762368e-02;3.045515e-02
4.040883e-02;3.289934e-01;3.266681e-01;2.968763e-02;2.059067e-02;5.429634e-02;2.824287e-02;3.106161e-02;4.969582e-02;3.980855e-02;1.280712e-02;3.773910e-02
4.867692e-02;3.866480e-01;2.410545e-01;2.847934e-02;2.226673e-02;4.482716e-02;2.636823e-02;2.912432e-02;8.023342e-02;2.535268e-02;4.350351e-02;2.346514e-02
5.989932e-02;3.838798e-01;1.769514e-01;2.848805e-02;2.633105e-02;5.310011e-02;3.019415e-02;3.306342e-02;9.383971e-02;1.948729e-02;8.090109e-02;1.386463e-02
7.563823e-02;3.489757e-01;1.392480e-01;3.003515e-02;4.171789e-02;6.957446e-02;3.976346e-02;4.544967e-02;9.023174e-02;3.241920e-02;7.140884e-02;1.553760e-02
8.896995e-02;3.528980e-01;1.518552e-01;2.118932e-02;6.931158e-02;5.125660e-02;3.352390e-02;6.672693e-02;6.245066e-02;2.949409e-02;5.897590e-02;1.334783e-02
1.035973e-01;4.012109e-01;1.567185e-01;1.730555e-02;7.366168e-02;4.176902e-02;3.186708e-02;5.672324e-02;3.033145e-02;2.383816e-02;4.591726e-02;1.705981e-02
1.151374e-01;3.959340e-01;1.575711e-01;1.611537e-02;5.810958e-02;4.941989e-02;3.255403e-02;5.196543e-02;4.371831e-02;2.314935e-02;3.453929e-02;2.178619e-02
1.123151e-01;4.004506e-01;2.109080e-01;1.560686e-02;4.786724e-02;2.947238e-02;2.865068e-02;3.700128e-02;4.283974e-02;2.406641e-02;3.033802e-02;2.048370e-02
1.061078e-01;4.201707e-01;2.282240e-01;1.300952e-02;4.170117e-02;2.708034e-02;2.871047e-02;2.502021e-02;2.925505e-02;2.863441e-02;3.177849e-02;2.030786e-02
9.835216e-02;3.765282e-01;2.854371e-01;2.330891e-02;4.558015e-02;3.937537e-02;2.445300e-02;2.854064e-02;2.330264e-02;2.334051e-02;1.802010e-02;1.376128e-02
9.060653e-02;3.059680e-01;3.112402e-01;3.957889e-02;4.045215e-02;5.174831e-02;1.819965e-02;3.438110e-02;3.856944e-02;3.183438e-02;1.734599e-02;2.007533e-02
6.915744e-02;2.648812e-01;2.887855e-01;3.866045e-02;2.401723e-02;6.623068e-02;3.280995e-02;4.910171e-02;7.286369e-02;3.840770e-02;1.929212e-02;3.579233e-02
4.915110e-02;2.017681e-01;2.362648e-01;5.547239e-02;2.283317e-02;6.261232e-02;5.524626e-02;8.207853e-02;9.736204e-02;4.882225e-02;2.894578e-02;5.944331e-02
4.292892e-02;2.088152e-01;1.596660e-01;9.243220e-02;3.795522e-02;8.048847e-02;6.111077e-02;9.078459e-02;9.742175e-02;4.217013e-02;2.110846e-02;6.511829e-02
4.815580e-02;2.215816e-01;1.041578e-01;1.137948e-01;3.924544e-02;6.805474e-02;6.619608e-02;1.137413e-01;1.082243e-01;3.675291e-02;3.396726e-02;4.612795e-02
6.069458e-02;2.466543e-01;1.183892e-01;1.014447e-01;4.163264e-02;4.156672e-02;6.889266e-02;1.060050e-01;1.097439e-01;3.586176e-02;3.329357e-02;3.582097e-02
6.334540e-02;2.626641e-01;2.206792e-01;5.033785e-02;5.776148e-02;2.755977e-02;3.781232e-02;6.155494e-02;1.001084e-01;4.169941e-02;4.823760e-02;2.823959e-02
6.769904e-02;2.579796e-01;2.432403e-01;2.798112e-02;4.962023e-02;4.278935e-02;3.279471e-02;6.700941e-02;6.737884e-02;4.623938e-02;5.647989e-02;4.078811e-02
7.378285e-02;3.037603e-01;2.342194e-01;2.394868e-02;4.204532e-02;3.318872e-02;2.734442e-02;6.119192e-02;5.432299e-02;4.083496e-02;3.438871e-02;7.097167e-02
9.568194e-02;3.312432e-01;2.217717e-01;2.146755e-02;3.994248e-02;3.206342e-02;2.212369e-02;6.780994e-02;3.652665e-02;3.192030e-02;2.307990e-02;7.636922e-02
1.085263e-01;3.283026e-01;2.159624e-01;1.866972e-02;5.483356e-02;3.495204e-02;2.464574e-02;7.422295e-02;3.871021e-02;1.561645e-02;3.208695e-02;5.347110e-02
1.185284e-01;3.111304e-01;1.897113e-01;1.561575e-02;9.102238e-02;2.867278e-02;3.418491e-02;9.796619e-02;3.753228e-02;1.551857e-02;3.405992e-02;2.605710e-02
1.478580e-01;2.591526e-01;1.504272e-01;1.552044e-02;1.320988e-01;4.296165e-02;4.304142e-02;1.179452e-01;3.342349e-02;1.954569e-02;1.847380e-02;1.955177e-02
1.886341e-01;2.163511e-01;1.100130e-01;4.387377e-02;1.651200e-01;5.345017e-02;3.108888e-02;1.049651e-01;3.188391e-02;1.698850e-02;1.484355e-02;2.278787e-02
2.053442e-01;2.053815e-01;1.324949e-01;9.000701e-02;1.305224e-01;5.087064e-02;2.507139e-02;8.338973e-02;2.552130e-02;1.222582e-02;1.389370e-02;2.527738e-02
2.612644e-01;1.575796e-01;1.120668e-01;7.717119e-02;8.581118e-02;3.912134e-02;3.030097e-02;1.033182e-01;2.744132e-02;1.792063e-02;1.091821e-02;7.708600e-02
1.968527e-01;1.257784e-01;7.768559e-02;9.242114e-02;6.073729e-02;3.750479e-02;8.583690e-02;9.681807e-02;1.978565e-02;2.540409e-02;2.053104e-02;1.606443e-01
7.899713e-02;9.190946e-02;1.090895e-01;1.824040e-01;3.748216e-02;3.085590e-02;1.428500e-01;5.532214e-02;2.328202e-02;2.246085e-02;3.025509e-02;1.950917e-01
3.528537e-02;5.778875e-02;1.424809e-01;2.111066e-01;2.522476e-02;1.027139e-01;1.376356e-01;3.161645e-02;3.841968e-02;1.805468e-02;4.981414e-02;1.498592e-01
1.317295e-02;4.177588e-02;1.643043e-01;1.516998e-01;5.401149e-02;2.287651e-01;1.103445e-01;2.636881e-02;4.441746e-02;1.380800e-02;7.719372e-02;7.413801e-02
1.317341e-02;6.323890e-02;1.363286e-01;5.665109e-02;9.241968e-02;3.626535e-01;9.554040e-02;3.692652e-02;3.710861e-02;1.832277e-02;6.858949e-02;1.904700e-02
1.705936e-02;8.535504e-02;7.326949e-02;3.012970e-02;9.205860e-02;4.499100e-01;7.079007e-02;6.241813e-02;2.743274e-02;3.880224e-02;4.184369e-02;1.093091e-02
1.985421e-02;1.027807e-01;2.434919e-02;2.194764e-02;1.847994e-01;3.610884e-01;4.285425e-02;9.108046e-02;3.846378e-02;6.197326e-02;3.205197e-02;1.875676e-02
1.892593e-02;1.106002e-01;2.733341e-02;3.752893e-02;2.944588e-01;1.496779e-01;6.032168e-02;9.406976e-02;6.356273e-02;9.275533e-02;2.412944e-02;2.663585e-02
2.391845e-02;1.116740e-01;3.345197e-02;4.354813e-02;3.439382e-01;7.682130e-02;6.782656e-02;6.398812e-02;8.294327e-02;1.155609e-01;1.820064e-02;1.812833e-02
3.303409e-02;9.882643e-02;4.694877e-02;6.637284e-02;3.258559e-01;8.323929e-02;6.001293e-02;4.512347e-02;8.807538e-02;1.256552e-01;1.362895e-02;1.322673e-02
5.360069e-02;7.107289e-02;5.270822e-02;1.466533e-01;2.501171e-01;7.987740e-02;5.832830e-02;5.145132e-02;9.695937e-02;1.189201e-01;4.609731e-03;1.570160e-02
8.774647e-02;4.910601e-02;4.777864e-02;2.343208e-01;1.538977e-01;7.121449e-02;7.972917e-02;5.036671e-02;1.086265e-01;8.921141e-02;1.218079e-02;1.582146e-02
1.923382e-01;3.466050e-02;4.581345e-02;2.394464e-01;8.581882e-02;3.946153e-02;8.533910e-02;5.828539e-02;1.221304e-01;3.635806e-02;2.028402e-02;4.006409e-02
2.461587e-01;4.177650e-02;4.836967e-02;1.796323e-01;4.133930e-02;4.839839e-02;8.701909e-02;6.743924e-02;1.177136e-01;3.792913e-02;7.471531e-03;7.675258e-02
1.790232e-01;5.379060e-02;5.753419e-02;1.415755e-01;9.728852e-02;5.608911e-02;7.672460e-02;6.728221e-02;1.216893e-01;6.004503e-02;1.884362e-02;7.011410e-02
9.534052e-02;6.892097e-02;5.086979e-02;1.391733e-01;1.040163e-01;9.844325e-02;8.575535e-02;9.639989e-02;1.423124e-01;6.522831e-02;2.968898e-02;2.385077e-02
7.289794e-02;7.984433e-02;6.086151e-02;1.271136e-01;1.151150e-01;1.243873e-01;8.312738e-02;1.060121e-01;1.359193e-01;4.293210e-02;2.924918e-02;2.254027e-02
6.079181e-02;1.051948e-01;8.235132e-02;1.514435e-01;1.015311e-01;1.057805e-01;5.962246e-02;1.151656e-01;1.378946e-01;1.423398e-02;3.631668e-02;2.967360e-02
6.792110e-02;1.177355e-01;1.041059e-01;1.295746e-01;9.655813e-02;7.315222e-02;3.882485e-02;1.311241e-01;1.610083e-01;3.358069e-02;1.911147e-02;2.730308e-02
4.919403e-02;9.480866e-02;1.033629e-01;1.028462e-01;1.235205e-01;7.661398e-02;3.478861e-02;1.331751e-01;1.837832e-01;5.256983e-02;2.144236e-02;2.389449e-02
3.236917e-02;6.276704e-02;1.000940e-01;1.018823e-01;9.495988e-02;1.063330e-01;2.884120e-02;1.294605e-01;2.135098e-01;9.928291e-02;1.591102e-02;1.458925e-02
5.822365e-02;8.886503e-02;1.061021e-01;7.905911e-02;5.587225e-02;1.067493e-01;2.349695e-02;1.167030e-01;2.250958e-01;9.623893e-02;2.124042e-02;2.235360e-02
