1.040712e-01;5.051974e-02;1.348708e-01;3.892773e-02;8.385418e-02;5.044575e-02;1.738330e-01;1.337220e-01;1.467622e-01;2.098522e-02;2.242087e-02;3.958731e-02
7.879142e-02;2.910790e-02;1.020445e-01;3.583486e-02;1.274250e-01;5.333170e-02;1.686853e-01;1.234928e-01;1.990855e-01;1.216796e-02;1.724484e-02;5.278824e-02
8.111417e-02;1.557206e-02;7.800467e-02;3.281768e-02;1.764284e-01;8.967445e-02;1.338693e-01;5.071462e-02;2.538397e-01;1.155255e-02;1.225339e-02;6.415893e-02
1.369071e-01;1.351711e-02;7.888573e-02;3.478099e-02;1.916073e-01;7.470454e-02;8.524919e-02;2.198225e-02;2.595928e-01;2.119864e-02;1.205735e-02;6.951699e-02
1.641155e-01;1.932085e-02;7.260784e-02;3.341088e-02;2.066766e-01;7.658369e-02;7.482161e-02;1.884961e-02;2.302274e-01;2.235257e-02;1.023949e-02;7.079396e-02
1.656366e-01;9.032764e-03;8.362132e-02;4.554647e-02;2.195209e-01;9.659915e-02;9.603499e-02;1.563804e-02;1.722942e-01;1.611350e-02;1.170907e-02;6.825294e-02
1.866763e-01;3.259242e-02;9.695818e-02;5.030316e-02;2.078916e-01;1.015405e-01;9.418121e-02;2.625103e-02;9.373545e-02;3.090331e-02;1.893205e-02;6.003483e-02
1.812586e-01;5.308220e-02;1.055009e-01;4.631587e-02;1.620443e-01;1.263820e-01;1.259359e-01;3.040538e-02;3.408909e-02;5.836271e-02;3.226466e-02;4.435841e-02
1.556680e-01;5.726339e-02;9.954557e-02;5.288875e-02;1.117862e-01;1.627486e-01;1.244266e-01;3.404582e-02;4.694333e-02;8.457187e-02;3.700532e-02;3.310669e-02
1.175241e-01;3.791228e-02;7.945424e-02;7.534885e-02;7.789896e-02;2.180839e-01;1.112148e-01;4.438609e-02;7.109374e-02;1.213145e-01;2.645389e-02;1.931470e-02
8.148894e-02;1.932584e-02;4.743170e-02;7.278264e-02;8.901463e-02;2.349554e-01;1.658268e-01;5.461387e-02;9.275696e-02;1.231884e-01;9.948112e-03;8.666638e-03
7.935761e-02;2.166687e-02;2.929103e-02;6.224998e-02;1.105132e-01;2.424519e-01;1.984353e-01;5.071039e-02;7.849702e-02;1.123858e-01;6.087903e-03;8.353028e-03
9.023152e-02;1.872473e-02;2.909316e-02;4.847653e-02;1.150561e-01;2.526384e-01;1.893016e-01;5.087530e-02;8.423134e-02;1.062404e-01;4.224678e-03;1.090623e-02
9.486014e-02;1.728757e-02;3.459389e-02;3.810393e-02;1.210142e-01;2.590953e-01;1.844560e-01;4.549789e-02;8.658706e-02;9.941851e-02;4.973565e-03;1.411188e-02
9.333713e-02;2.253361e-02;4.079260e-02;3.373899e-02;1.239113e-01;2.491577e-01;1.884239e-01;5.497760e-02;7.716137e-02;9.165347e-02;6.566984e-03;1.774540e-02
1.012907e-01;5.251685e-02;5.272499e-02;3.667454e-02;1.066895e-01;1.390836e-01;2.927418e-01;6.616849e-02;6.694353e-02;4.669577e-02;2.171554e-02;1.675468e-02
1.134555e-01;5.951544e-02;6.581207e-02;2.905262e-02;1.069034e-01;1.435956e-01;2.854779e-01;5.271720e-02;7.152060e-02;3.025025e-02;1.931476e-02;2.238458e-02
1.311933e-01;3.991202e-02;5.462397e-02;1.864735e-02;1.308628e-01;1.796459e-01;2.319633e-01;2.330152e-02;1.117247e-01;3.984798e-02;1.208713e-02;2.618991e-02
1.453737e-01;2.889871e-02;4.252227e-02;1.427895e-02;1.504046e-01;1.860128e-01;1.487470e-01;8.055612e-03;1.544900e-01;8.103602e-02;8.326679e-03;3.185358e-02
1.290555e-01;2.420804e-02;4.337781e-02;1.013732e-02;1.435730e-01;1.732643e-01;9.967410e-02;5.068849e-03;1.870026e-01;1.394744e-01;9.876869e-03;3.528727e-02
1.176733e-01;8.602008e-03;3.322225e-02;8.776675e-03;1.380010e-01;1.547578e-01;6.534906e-02;1.003157e-02;2.152891e-01;1.940617e-01;1.708987e-02;3.714565e-02
1.210459e-01;1.341373e-02;3.602555e-02;9.040788e-03;1.358594e-01;1.323986e-01;6.355128e-02;1.213606e-02;2.247595e-01;1.914590e-01;1.722541e-02;4.308461e-02
1.365821e-01;1.407247e-02;5.118352e-02;1.236655e-02;1.576382e-01;1.306936e-01;5.463506e-02;8.772984e-03;2.418667e-01;1.209331e-01;7.935723e-03;6.331998e-02
1.510845e-01;1.164974e-02;5.860148e-02;1.764791e-02;1.738991e-01;1.286540e-01;5.852113e-02;9.997733e-03;2.419551e-01;3.687180e-02;1.529105e-02;9.582648e-02
1.431564e-01;1.262433e-02;7.115258e-02;3.466225e-02;1.690774e-01;9.709122e-02;7.199046e-02;1.509868e-02;2.052669e-01;1.999009e-02;1.416067e-02;1.457289e-01
1.122656e-01;1.305118e-02;1.141109e-01;4.929801e-02;1.547498e-01;6.112980e-02;8.912753e-02;2.612730e-02;1.776680e-01;1.442466e-02;1.549835e-02;1.725488e-01
6.972066e-02;2.321628e-02;1.730288e-01;5.377454e-02;1.319851e-01;4.347381e-02;1.337889e-01;4.143831e-02;1.475797e-01;2.192429e-02;2.940304e-02;1.306665e-01
4.027367e-02;2.094244e-02;2.020576e-01;5.077186e-02;1.686954e-01;7.021444e-02;1.856565e-01;4.370870e-02;1.107685e-01;1.814584e-02;2.182579e-02;6.693926e-02
3.310691e-02;1.575539e-02;1.698424e-01;5.059882e-02;2.154739e-01;1.138923e-01;1.914858e-01;3.200414e-02;8.728039e-02;2.696948e-02;1.924997e-02;4.434056e-02
6.134448e-02;2.074028e-02;1.306504e-01;4.325878e-02;1.858595e-01;1.329934e-01;1.859239e-01;4.307821e-02;9.217535e-02;4.050836e-02;2.201881e-02;4.144849e-02
9.564425e-02;5.252115e-02;1.123079e-01;4.431669e-02;1.043097e-01;1.310615e-01;2.128337e-01;8.860665e-02;5.097289e-02;5.696819e-02;2.646428e-02;2.399310e-02
1.061921e-01;5.913043e-02;9.686522e-02;3.137803e-02;8.078386e-02;1.381680e-01;2.055698e-01;9.631964e-02;6.583036e-02;6.832527e-02;2.628100e-02;2.515626e-02
1.314693e-01;4.631386e-02;7.443778e-02;2.672205e-02;9.500191e-02;1.741694e-01;1.790855e-01;6.930040e-02;5.924434e-02;9.277523e-02;1.991735e-02;3.156291e-02
1.398042e-01;4.708224e-02;3.683748e-02;4.549828e-02;8.349599e-02;2.115779e-01;2.119858e-01;4.121758e-02;3.223036e-02;1.026987e-01;1.385932e-02;3.371205e-02
9.117773e-02;9.053593e-02;4.179103e-02;4.227682e-02;5.272814e-02;1.615212e-01;3.141847e-01;4.113102e-02;2.699054e-02;6.801093e-02;3.798128e-02;3.167064e-02
6.041459e-02;1.168922e-01;5.729155e-02;1.995432e-02;4.456327e-02;8.557374e-02;4.007901e-01;5.862267e-02;3.373583e-02;3.490635e-02;6.566863e-02;2.158679e-02
7.536449e-02;9.284733e-02;1.033835e-01;1.913447e-02;4.697965e-02;4.113343e-02;3.687275e-01;1.117861e-01;2.580436e-02;2.363256e-02;6.304550e-02;2.816118e-02
7.497321e-02;4.733117e-02;1.919695e-01;2.574614e-02;3.349958e-02;4.487426e-02;2.312485e-01;1.752286e-01;2.651230e-02;4.451229e-02;3.421438e-02;6.989000e-02
3.932344e-02;4.002412e-02;2.350633e-01;3.382077e-02;1.697399e-02;8.435785e-02;1.232996e-01;1.891388e-01;4.865298e-02;5.322252e-02;1.813076e-02;1.179920e-01
2.160317e-02;4.147536e-02;2.396668e-01;5.577620e-02;1.583073e-02;1.018458e-01;1.113589e-01;1.583209e-01;7.368995e-02;4.762970e-02;1.463559e-02;1.181669e-01
4.006591e-02;5.294156e-02;2.722951e-01;8.680796e-02;2.243339e-02;9.193835e-02;5.458843e-02;1.048759e-01;1.028676e-01;5.709014e-02;2.797353e-02;8.612217e-02
4.747213e-02;5.141497e-02;2.708081e-01;9.420178e-02;2.602927e-02;8.401027e-02;7.940576e-02;7.644131e-02;9.481060e-02;7.962611e-02;2.666369e-02;6.911596e-02
5.334764e-02;5.478211e-02;2.143813e-01;6.511990e-02;3.952819e-02;8.066230e-02;1.580995e-01;7.867835e-02;6.233678e-02;7.104930e-02;3.106761e-02;9.094705e-02
6.765781e-02;7.504112e-02;1.474127e-01;2.576313e-02;6.246071e-02;8.302501e-02;2.231190e-01;7.573145e-02;4.327401e-02;4.802313e-02;3.961538e-02;1.088766e-01
8.182690e-02;7.561907e-02;8.817882e-02;5.951410e-02;7.253364e-02;9.030570e-02;2.142485e-01;7.486542e-02;3.463315e-02;4.498584e-02;3.492197e-02;1.283669e-01
6.130825e-02;7.885213e-02;8.562746e-02;8.237086e-02;7.268979e-02;6.322052e-02;1.661504e-01;8.382665e-02;7.053218e-02;5.643944e-02;4.379581e-02;1.351865e-01
6.062390e-02;5.915648e-02;1.243658e-01;7.823692e-02;6.201622e-02;4.484042e-02;1.375306e-01;9.528059e-02;1.131691e-01;7.753234e-02;7.188336e-02;7.536436e-02
8.028569e-02;6.118359e-02;1.273398e-01;6.292710e-02;5.735177e-02;6.848627e-02;1.339373e-01;6.638141e-02;1.345305e-01;8.825441e-02;7.539731e-02;4.392487e-02
9.244338e-02;6.212679e-02;1.363546e-01;6.702470e-02;6.178066e-02;6.974894e-02;1.222154e-01;6.483724e-02;1.101420e-01;8.177785e-02;6.535645e-02;6.619207e-02
7.254110e-02;5.909866e-02;1.652108e-01;6.503425e-02;5.871609e-02;6.038256e-02;1.487501e-01;7.797685e-02;9.721228e-02;5.471664e-02;6.149102e-02;7.886961e-02
3.532272e-02;4.513317e-02;1.973895e-01;5.163057e-02;5.128589e-02;6.521295e-02;2.324099e-01;9.585600e-02;6.815417e-02;5.124762e-02;3.889193e-02;6.746560e-02
4.565945e-02;6.257204e-02;1.676810e-01;3.810082e-02;5.250891e-02;6.157728e-02;2.719275e-01;1.373500e-01;5.230473e-02;4.766300e-02;2.440231e-02;3.825300e-02
4.826337e-02;7.450403e-02;1.325461e-01;2.349558e-02;5.737836e-02;5.161421e-02;3.338514e-01;1.590028e-01;4.026078e-02;3.142001e-02;2.715299e-02;2.051032e-02
4.743375e-02;8.788432e-02;1.143491e-01;2.091660e-02;5.814525e-02;4.238327e-02;3.958804e-01;1.155328e-01;4.873063e-02;2.207603e-02;3.336687e-02;1.330097e-02
6.125901e-02;9.596805e-02;5.369379e-02;4.296030e-02;6.904987e-02;8.534450e-02;3.722262e-01;6.163545e-02;5.477244e-02;4.198788e-02;4.349248e-02;1.760999e-02
9.510196e-02;7.052790e-02;3.588087e-02;6.031755e-02;1.054969e-01;1.520371e-01;2.314319e-01;8.207172e-02;5.369661e-02;5.953317e-02;2.544839e-02;2.845598e-02
7.950772e-02;4.932728e-02;4.503681e-02;5.677535e-02;1.460389e-01;1.667020e-01;1.927857e-01;8.148751e-02;6.584070e-02;5.785600e-02;1.872569e-02;3.991629e-02
5.256572e-02;2.465303e-02;1.258761e-01;4.530668e-02;1.740293e-01;1.379085e-01;1.859539e-01;6.247170e-02;7.587622e-02;3.964234e-02;3.413221e-02;4.158430e-02
4.547279e-02;4.658810e-02;1.574770e-01;4.866003e-02;1.031951e-01;9.636108e-02;2.122607e-01;5.201910e-02;5.388917e-02;4.538080e-02;5.119994e-02;8.749622e-02
9.404435e-02;6.129376e-02;1.157959e-01;3.720557e-02;9.254169e-02;9.394068e-02;2.424999e-01;3.936548e-02;6.326842e-02;3.855613e-02;3.963583e-02;8.185228e-02
1.522373e-01;7.132712e-02;1.084639e-01;2.880902e-02;9.748190e-02;9.478463e-02;2.078612e-01;2.498789e-02;7.086965e-02;2.492979e-02;5.154342e-02;6.670416e-02
2.397719e-01;7.380781e-02;1.093469e-01;1.524133e-02;1.049597e-01;8.093477e-02;1.318236e-01;1.125908e-02;8.509830e-02;2.169048e-02;6.531521e-02;6.075079e-02
3.000258e-01;7.676203e-02;1.083937e-01;1.503871e-02;1.049839e-01;5.728860e-02;6.913318e-02;8.858819e-03;9.351203e-02;2.436704e-02;5.710480e-02;8.453139e-02
2.927687e-01;8.047035e-02;1.043170e-01;1.343597e-02;9.240837e-02;6.897252e-02;6.883388e-02;9.500935e-03;7.882008e-02;2.639646e-02;5.327487e-02;1.108008e-01
2.480365e-01;6.875938e-02;1.027653e-01;1.448040e-02;9.551548e-02;9.090150e-02;5.312017e-02;7.894319e-03;9.209897e-02;3.492731e-02;6.286681e-02;1.286338e-01
1.661868e-01;4.343789e-02;1.150059e-01;2.378255e-02;1.089360e-01;1.020878e-01;6.535643e-02;3.005221e-02;1.149071e-01;5.990416e-02;6.104724e-02;1.092959e-01
1.059737e-01;3.865277e-02;1.360952e-01;3.744590e-02;1.118203e-01;1.003046e-01;9.897227e-02;6.671897e-02;1.127176e-01;6.804268e-02;4.405995e-02;7.919604e-02
6.510547e-02;4.594716e-02;1.671175e-01;4.458058e-02;8.935572e-02;1.018089e-01;1.537451e-01;8.370317e-02;9.613920e-02;5.711596e-02;3.911210e-02;5.626913e-02
1.350963e-01;6.284808e-02;1.896886e-01;3.158231e-02;8.660440e-02;7.719946e-02;1.466569e-01;5.804647e-02;7.497377e-02;5.034123e-02;3.603224e-02;5.093024e-02
2.277006e-01;7.545486e-02;1.404919e-01;2.719762e-02;8.272456e-02;6.444191e-02;7.877408e-02;3.214370e-02;4.495186e-02;3.634124e-02;4.410106e-02;1.456766e-01
2.318457e-01;7.146624e-02;9.317489e-02;2.031434e-02;6.322850e-02;6.678874e-02;8.991026e-02;1.808954e-02;2.893113e-02;6.576897e-02;6.469528e-02;1.857865e-01
1.997884e-01;8.544027e-02;8.378515e-02;3.267514e-02;7.032629e-02;6.529021e-02;5.243834e-02;2.976910e-02;3.218548e-02;9.677495e-02;5.808086e-02;1.934458e-01
1.554493e-01;7.524657e-02;8.787600e-02;4.982872e-02;7.975566e-02;8.017159e-02;8.019926e-02;2.185307e-02;4.849226e-02;7.876798e-02;6.376468e-02;1.785949e-01
1.189158e-01;8.087046e-02;1.140037e-01;5.692566e-02;7.709536e-02;8.299103e-02;1.251678e-01;2.257908e-02;9.022520e-02;5.053731e-02;6.384874e-02;1.168397e-01
7.974844e-02;7.707914e-02;1.047968e-01;5.925424e-02;9.292988e-02;6.731641e-02;1.329366e-01;5.083525e-02;1.037982e-01;5.669837e-02;4.523001e-02;1.293766e-01
7.453848e-02;6.935757e-02;1.071852e-01;7.432115e-02;8.171666e-02;9.006241e-02;1.316027e-01;9.147828e-02;1.083740e-01;5.525101e-02;4.153319e-02;7.457936e-02
7.911120e-02;7.291798e-02;1.119271e-01;6.554672e-02;6.897757e-02;9.360740e-02;1.301041e-01;1.073911e-01;1.234625e-01;5.661426e-02;4.909114e-02;4.124887e-02
9.262056e-02;6.791641e-02;1.182257e-01;6.506124e-02;7.173824e-02;8.707833e-02;9.303691e-02;1.252861e-01;1.327222e-01;5.238083e-02;5.660233e-02;3.733127e-02
1.126672e-01;4.505997e-02;1.023915e-01;3.395472e-02;6.573489e-02;6.894537e-02;1.110374e-01;1.047966e-01;1.384433e-01;8.442205e-02;6.436305e-02;6.818388e-02
1.179751e-01;3.315949e-02;7.838503e-02;2.443387e-02;8.163121e-02;7.253043e-02;1.405470e-01;6.435721e-02;1.591242e-01;8.069387e-02;4.348364e-02;1.036789e-01
1.274898e-01;2.706679e-02;6.564965e-02;3.483060e-02;1.146098e-01;6.887181e-02;9.590130e-02;4.121096e-02;1.812952e-01;5.221077e-02;4.149735e-02;1.493659e-01
1.142606e-01;2.884495e-02;7.805669e-02;4.044378e-02;1.392321e-01;5.473004e-02;5.661447e-02;4.015788e-02;2.079876e-01;2.015349e-02;3.638893e-02;1.831295e-01
9.820139e-02;1.903437e-02;7.673774e-02;3.716308e-02;1.519564e-01;4.362572e-02;4.163022e-02;4.229857e-02;2.419681e-01;8.335004e-03;3.255963e-02;2.064897e-01
1.515264e-01;1.891476e-02;7.436904e-02;2.781061e-02;1.352052e-01;4.856103e-02;4.275919e-02;2.745202e-02;2.347263e-01;1.436887e-02;3.176690e-02;1.925397e-01
2.761999e-01;2.196263e-02;7.540578e-02;2.041205e-02;1.077394e-01;5.751588e-02;5.263467e-02;1.238352e-02;1.832941e-01;2.397023e-02;2.027065e-02;1.482112e-01
3.850744e-01;6.239786e-02;5.223009e-02;3.008808e-02;7.365984e-02;7.781237e-02;7.839984e-02;8.644556e-03;9.673025e-02;3.725650e-02;1.077215e-02;8.693404e-02
3.849869e-01;1.078834e-01;2.596243e-02;6.918585e-02;4.960059e-02;9.489477e-02;1.247855e-01;1.167740e-02;3.142666e-02;4.852654e-02;6.233209e-03;4.483673e-02
2.871323e-01;1.271660e-01;3.283235e-02;8.874044e-02;8.318999e-02;9.857922e-02;1.843364e-01;1.087349e-02;1.113552e-02;4.507333e-02;8.520211e-03;2.242083e-02
1.689280e-01;1.560242e-01;3.786867e-02;6.001800e-02;1.506137e-01;1.005493e-01;2.425549e-01;1.260831e-02;1.913367e-02;2.557845e-02;1.671934e-02;9.403387e-03
1.072164e-01;1.687994e-01;4.984149e-02;2.089366e-02;1.602792e-01;9.854016e-02;2.981117e-01;3.112809e-02;2.391326e-02;1.184135e-02;2.554576e-02;3.889588e-03
7.488424e-02;1.648053e-01;7.339025e-02;1.224819e-02;1.181701e-01;6.769554e-02;3.278430e-01;7.140955e-02;2.464296e-02;3.104218e-02;2.810618e-02;5.762482e-03
4.878533e-02;1.328326e-01;1.459398e-01;2.489605e-02;8.759673e-02;3.089091e-02;3.120103e-01;9.772853e-02;2.034356e-02;5.888018e-02;2.188901e-02;1.820708e-02
6.071234e-02;9.907685e-02;1.976419e-01;2.333192e-02;5.778778e-02;2.763720e-02;2.670510e-01;1.248055e-01;2.512743e-02;6.056028e-02;1.424721e-02;4.202056e-02
4.123254e-02;9.504372e-02;1.998996e-01;2.290970e-02;4.205089e-02;8.207045e-02;2.247614e-01;1.455744e-01;3.170568e-02;4.708952e-02;9.465784e-03;5.819632e-02
2.837314e-02;1.225198e-01;1.606414e-01;3.543574e-02;3.942376e-02;1.230137e-01;2.092588e-01;1.261983e-01;5.730679e-02;3.920935e-02;1.153546e-02;4.708383e-02
2.128889e-02;1.317163e-01;1.440099e-01;7.075194e-02;4.760294e-02;9.426128e-02;1.956162e-01;9.348693e-02;1.152598e-01;4.632195e-02;1.555383e-02;2.413001e-02
2.299300e-02;7.962117e-02;1.597985e-01;9.138181e-02;4.585172e-02;4.773512e-02;1.960679e-01;7.324794e-02;1.517239e-01;8.787595e-02;2.771721e-02;1.598585e-02
2.237487e-02;3.695542e-02;1.592517e-01;7.313539e-02;4.519687e-02;5.138369e-02;2.052287e-01;7.509108e-02;1.243293e-01;1.372381e-01;4.815475e-02;2.166012e-02
2.061760e-02;5.487936e-02;1.242531e-01;9.074347e-02;6.778366e-02;4.483185e-02;1.598279e-01;7.010715e-02;9.045500e-02;1.789918e-01;7.135550e-02;2.615362e-02
3.377405e-02;9.226282e-02;6.687462e-02;9.982351e-02;9.224121e-02;7.161203e-02;6.461964e-02;5.307857e-02;8.412131e-02;2.059901e-01;9.684832e-02;3.875384e-02
3.990781e-02;1.120779e-01;5.725487e-02;6.448166e-02;7.284118e-02;5.205739e-02;1.518447e-01;7.799687e-02;8.910404e-02;1.630149e-01;7.568040e-02;4.373834e-02
4.032918e-02;1.131770e-01;5.866992e-02;8.029894e-02;6.805439e-02;5.374886e-02;2.226288e-01;8.380586e-02;9.132878e-02;1.067793e-01;4.768899e-02;3.349001e-02
5.466085e-02;9.353108e-02;1.292992e-01;6.122447e-02;7.403401e-02;6.601796e-02;1.912106e-01;8.186788e-02;1.076881e-01;7.607764e-02;3.674154e-02;2.764672e-02
6.067139e-02;9.665323e-02;1.365474e-01;6.811342e-02;6.911485e-02;6.785032e-02;1.044538e-01;9.905726e-02;1.271351e-01;8.946493e-02;4.388301e-02;3.705527e-02
5.242121e-02;8.711202e-02;1.107927e-01;7.079791e-02;6.194155e-02;8.897319e-02;1.007448e-01;8.437212e-02;1.345434e-01;1.055312e-01;5.328692e-02;4.948299e-02
4.511863e-02;1.177131e-01;1.031860e-01;7.765823e-02;6.263454e-02;1.018180e-01;7.201565e-02;8.743330e-02;1.322617e-01;1.023378e-01;4.344099e-02;5.438195e-02
7.724798e-02;1.503715e-01;1.127207e-01;6.443621e-02;6.337463e-02;9.718549e-02;6.086756e-02;9.273754e-02;9.683478e-02;8.314414e-02;5.132764e-02;4.975181e-02
9.772004e-02;1.162595e-01;1.544069e-01;5.306565e-02;7.108701e-02;9.410314e-02;1.067962e-01;8.621103e-02;5.206846e-02;6.555030e-02;5.431928e-02;4.841246e-02
6.424714e-02;1.110159e-01;1.397540e-01;6.707472e-02;6.857219e-02;9.816351e-02;1.180264e-01;9.531593e-02;8.028691e-02;5.162547e-02;4.458205e-02;6.133572e-02
6.279211e-02;1.553310e-01;1.310457e-01;6.876396e-02;8.682835e-02;8.467381e-02;8.265108e-02;8.982024e-02;7.587665e-02;7.101998e-02;4.493953e-02;4.625753e-02
6.184680e-02;1.540680e-01;1.951432e-01;8.151881e-02;1.076653e-01;5.145287e-02;7.579304e-02;5.344793e-02;5.783807e-02;6.493458e-02;4.556133e-02;5.073006e-02
6.468258e-02;1.275679e-01;1.842689e-01;9.025482e-02;1.045099e-01;6.021464e-02;5.849324e-02;5.499288e-02;9.398401e-02;4.327312e-02;4.835209e-02;6.940601e-02
8.887111e-02;9.161053e-02;1.317550e-01;5.848079e-02;9.418253e-02;5.344853e-02;1.030735e-01;7.370902e-02;1.016905e-01;7.210022e-02;5.113500e-02;7.994324e-02
9.627931e-02;8.096170e-02;9.355127e-02;5.125975e-02;9.430309e-02;7.283419e-02;1.566113e-01;9.211708e-02;9.016474e-02;6.306544e-02;4.510545e-02;6.374665e-02
1.108219e-01;7.865419e-02;9.968771e-02;4.308109e-02;7.872242e-02;8.985993e-02;1.750284e-01;8.787405e-02;8.953404e-02;5.535597e-02;4.881107e-02;4.256919e-02
1.233274e-01;9.137865e-02;9.931774e-02;5.460284e-02;6.125901e-02;9.169282e-02;1.770843e-01;7.779661e-02;9.703264e-02;4.615179e-02;3.730513e-02;4.305104e-02
1.048889e-01;9.537442e-02;1.100310e-01;7.687386e-02;5.484410e-02;7.990318e-02;1.473606e-01;6.603233e-02;1.043997e-01;6.249708e-02;4.424252e-02;5.355230e-02
9.733865e-02;8.157714e-02;1.507270e-01;6.391896e-02;4.965804e-02;8.115618e-02;1.293235e-01;6.861367e-02;6.114054e-02;7.609836e-02;5.393314e-02;8.651491e-02
8.747733e-02;8.835787e-02;1.463810e-01;6.483988e-02;4.742872e-02;5.985175e-02;1.109105e-01;6.618193e-02;3.985373e-02;1.155823e-01;4.647832e-02;1.266567e-01
9.787579e-02;1.050448e-01;5.621355e-02;1.125456e-01;6.502873e-02;4.431414e-02;1.509115e-01;5.395358e-02;4.744861e-02;1.016582e-01;4.025257e-02;1.247530e-01
6.342288e-02;6.984603e-02;1.276117e-01;9.413780e-02;8.081914e-02;3.857619e-02;1.455669e-01;1.044771e-01;7.750427e-02;6.328894e-02;6.457371e-02;7.017536e-02
4.759334e-02;6.745116e-02;1.867193e-01;7.649315e-02;7.589793e-02;4.934366e-02;8.123439e-02;1.156946e-01;9.507649e-02;8.227494e-02;7.933030e-02;4.289070e-02
8.936566e-02;7.257938e-02;1.713384e-01;6.517944e-02;4.776311e-02;7.190335e-02;8.267990e-02;1.092289e-01;9.052429e-02;6.178984e-02;4.533083e-02;9.231694e-02
9.408174e-02;5.596939e-02;1.423767e-01;4.799820e-02;6.456219e-02;9.181126e-02;1.068834e-01;9.650040e-02;7.997020e-02;3.363189e-02;5.176501e-02;1.344497e-01
6.122389e-02;6.385078e-02;1.176456e-01;5.351495e-02;8.109535e-02;7.981262e-02;1.548844e-01;9.161600e-02;4.998036e-02;6.439798e-02;6.136981e-02;1.206082e-01
5.391368e-02;1.237762e-01;1.440967e-01;6.194384e-02;5.613464e-02;5.588759e-02;1.338222e-01;1.144570e-01;5.670160e-02;7.841105e-02;4.117530e-02;7.968026e-02
8.615364e-02;1.107066e-01;1.137100e-01;5.420991e-02;4.603171e-02;6.349179e-02;1.075531e-01;1.089865e-01;6.381866e-02;9.530733e-02;5.688303e-02;9.314768e-02
1.092808e-01;7.027829e-02;8.142640e-02;5.260727e-02;6.521491e-02;5.501590e-02;8.970633e-02;8.955414e-02;5.661608e-02;1.072901e-01;9.454989e-02;1.284599e-01
9.508916e-02;1.003982e-01;8.624385e-02;5.980260e-02;5.941569e-02;6.015168e-02;7.078277e-02;5.975737e-02;7.816954e-02;8.509442e-02;1.001701e-01;1.449246e-01
6.390528e-02;1.126378e-01;1.262007e-01;5.234624e-02;4.865104e-02;1.229063e-01;7.858536e-02;7.604812e-02;9.167023e-02;5.314180e-02;5.956290e-02;1.143443e-01
5.727657e-02;1.048585e-01;1.542957e-01;4.260639e-02;6.711789e-02;1.140185e-01;1.025305e-01;8.192771e-02;9.006128e-02;6.852373e-02;4.103735e-02;7.574577e-02
6.626948e-02;7.823009e-02;1.557624e-01;6.506526e-02;7.601985e-02;5.470122e-02;1.087091e-01;7.653409e-02;9.419058e-02;9.450436e-02;7.995396e-02;5.005969e-02
4.155600e-02;6.255363e-02;1.106774e-01;1.051330e-01;8.074553e-02;6.608456e-02;1.093796e-01;7.653229e-02;1.082688e-01;1.006144e-01;9.419336e-02;4.426147e-02
4.037470e-02;6.206161e-02;1.202201e-01;1.079840e-01;8.413506e-02;8.876441e-02;1.098200e-01;7.416105e-02;9.155636e-02;9.526611e-02;7.382181e-02;5.183475e-02
5.779312e-02;7.230021e-02;1.816163e-01;6.397866e-02;8.613169e-02;9.346411e-02;8.758781e-02;7.349084e-02;7.745293e-02;7.419913e-02;8.416758e-02;4.781759e-02
6.566314e-02;9.490515e-02;2.173044e-01;4.459697e-02;6.628850e-02;1.002128e-01;8.155775e-02;6.173424e-02;6.964019e-02;6.412709e-02;9.443318e-02;3.953661e-02
5.568038e-02;9.917563e-02;1.871821e-01;7.184780e-02;7.648553e-02;1.092470e-01;9.100395e-02;5.319965e-02;4.927034e-02;8.847077e-02;8.528526e-02;3.315158e-02
4.704581e-02;7.280242e-02;1.708557e-01;9.340169e-02;7.765708e-02;1.054559e-01;1.128313e-01;7.976863e-02;5.417542e-02;8.490442e-02;6.070292e-02;4.039859e-02
2.637145e-02;7.274774e-02;1.807049e-01;6.699629e-02;7.408021e-02;7.726366e-02;1.258477e-01;1.025426e-01;7.395856e-02;9.758240e-02;3.935348e-02;6.255092e-02
6.516618e-02;4.722728e-02;1.181206e-01;6.842667e-02;1.027350e-01;6.007582e-02;8.622534e-02;1.006593e-01;1.087030e-01;1.242864e-01;6.677397e-02;5.160055e-02
5.895287e-02;7.623472e-02;1.070896e-01;8.087584e-02;9.451691e-02;7.025409e-02;7.926485e-02;8.636040e-02;1.278045e-01;8.733881e-02;8.495312e-02;4.635427e-02
1.192217e-01;9.069873e-02;1.682706e-01;6.694681e-02;5.187576e-02;7.054215e-02;1.303806e-01;3.919522e-02;9.480172e-02;6.523280e-02;5.236822e-02;5.046566e-02
1.097803e-01;4.979855e-02;1.954735e-01;5.032164e-02;7.633168e-02;5.947100e-02;1.929681e-01;5.657823e-02;7.932632e-02;4.568516e-02;3.764159e-02;4.662392e-02
9.600087e-02;3.771231e-02;2.056220e-01;5.671604e-02;1.017510e-01;6.690823e-02;1.761361e-01;4.875997e-02;7.507813e-02;4.413109e-02;3.532866e-02;5.585563e-02
7.643823e-02;4.354404e-02;2.231743e-01;7.439716e-02;1.345231e-01;6.763383e-02;1.171111e-01;3.001395e-02;6.935987e-02;5.554960e-02;4.174477e-02;6.651008e-02
6.459040e-02;5.689332e-02;2.327642e-01;7.946998e-02;1.640270e-01;5.846132e-02;4.660266e-02;3.434610e-02;6.942908e-02;7.564104e-02;4.697979e-02;7.079507e-02
6.295326e-02;4.353327e-02;2.252526e-01;7.356305e-02;1.736328e-01;5.620897e-02;8.021567e-02;2.893644e-02;8.371720e-02;5.832738e-02;3.605111e-02;7.760826e-02
6.142989e-02;2.534583e-02;2.056297e-01;6.941627e-02;1.809353e-01;7.425637e-02;9.321552e-02;3.395411e-02;1.170790e-01;3.844072e-02;1.877251e-02;8.152486e-02
7.545069e-02;3.560733e-02;2.121452e-01;5.054954e-02;1.530181e-01;7.496165e-02;1.153529e-01;3.312645e-02;1.349799e-01;3.586221e-02;1.823470e-02;6.071135e-02
7.550173e-02;3.599339e-02;2.513668e-01;5.142256e-02;1.405457e-01;7.223208e-02;9.766204e-02;3.439458e-02;1.245428e-01;3.428501e-02;2.895963e-02;5.309376e-02
8.354965e-02;2.773538e-02;2.560802e-01;6.206926e-02;1.406914e-01;8.591288e-02;8.241574e-02;3.853483e-02;9.813306e-02;4.104850e-02;4.083519e-02;4.299401e-02
8.064814e-02;3.595708e-02;1.704289e-01;6.570270e-02;1.235157e-01;1.196115e-01;1.970379e-01;4.210002e-02;6.410795e-02;4.090109e-02;3.287125e-02;2.711776e-02
4.708641e-02;4.611775e-02;1.057964e-01;5.193553e-02;7.079485e-02;1.037818e-01;3.595301e-01;4.878136e-02;6.339516e-02;3.773018e-02;3.010090e-02;3.494954e-02
3.522794e-02;6.218043e-02;1.028321e-01;2.874646e-02;4.023491e-02;7.024729e-02;4.161961e-01;7.120661e-02;6.720074e-02;3.164836e-02;4.889700e-02;2.538204e-02
5.104548e-02;7.578260e-02;9.499181e-02;3.212059e-02;6.904913e-02;8.722790e-02;3.565961e-01;6.632951e-02;5.928017e-02;2.952005e-02;5.127552e-02;2.678108e-02
6.193484e-02;1.115560e-01;6.186443e-02;5.175742e-02;6.767282e-02;7.046834e-02;3.487532e-01;6.748050e-02;5.866053e-02;2.482581e-02;4.362370e-02;3.140237e-02
4.110454e-02;1.067589e-01;7.341375e-02;6.157229e-02;6.480827e-02;7.828355e-02;3.894161e-01;4.579629e-02;4.705475e-02;2.969152e-02;3.922223e-02;2.287780e-02
2.797558e-02;7.380563e-02;1.037611e-01;6.585354e-02;5.643936e-02;6.428314e-02;4.185883e-01;6.306642e-02;4.169182e-02;3.123860e-02;3.114006e-02;2.215648e-02
2.288743e-02;4.819817e-02;1.518690e-01;5.567860e-02;2.725187e-02;3.817309e-02;4.190989e-01;9.832606e-02;5.464460e-02;3.441894e-02;2.522247e-02;2.423084e-02
4.282290e-02;4.886085e-02;1.397827e-01;7.797959e-02;5.757955e-02;4.922523e-02;3.347741e-01;9.328503e-02;5.513234e-02;3.809347e-02;3.930680e-02;2.315742e-02
6.680609e-02;5.354835e-02;1.133575e-01;9.246287e-02;8.715245e-02;5.806892e-02;2.586532e-01;6.798183e-02;4.565079e-02;5.156731e-02;6.279939e-02;4.195125e-02
5.285271e-02;5.686628e-02;1.591416e-01;8.432923e-02;9.623407e-02;7.344612e-02;2.216598e-01;4.705824e-02;3.688261e-02;4.847915e-02;6.739082e-02;5.565939e-02
2.443072e-02;4.850030e-02;1.926830e-01;1.150223e-01;9.411982e-02;7.997718e-02;2.491326e-01;3.746931e-02;4.027053e-02;3.812550e-02;3.668625e-02;4.358251e-02
3.702868e-02;6.328104e-02;1.554990e-01;7.998969e-02;8.710060e-02;6.140982e-02;3.212321e-01;5.178438e-02;3.435013e-02;5.004740e-02;2.083450e-02;3.744263e-02
4.082114e-02;6.725539e-02;1.443140e-01;4.681201e-02;1.095118e-01;5.794033e-02;3.310267e-01;4.903841e-02;3.013077e-02;4.729687e-02;3.114191e-02;4.471068e-02
3.556668e-02;8.777335e-02;1.714886e-01;5.145818e-02;1.123442e-01;3.834964e-02;2.496249e-01;6.733020e-02;3.236778e-02;4.014705e-02;5.030505e-02;6.324447e-02
4.826155e-02;9.859274e-02;1.503591e-01;9.187379e-02;9.668065e-02;3.282691e-02;1.855164e-01;6.995895e-02;4.203054e-02;4.933083e-02;6.202188e-02;7.254670e-02
7.528688e-02;9.397565e-02;1.371588e-01;1.445733e-01;1.089827e-01;4.598675e-02;1.336649e-01;3.490755e-02;4.966919e-02;4.437593e-02;5.926438e-02;7.215392e-02
7.525301e-02;6.699872e-02;1.337010e-01;9.128963e-02;9.248755e-02;7.020511e-02;1.967229e-01;2.470763e-02;6.072002e-02;5.587782e-02;6.257980e-02;6.945689e-02
7.548506e-02;5.520689e-02;1.562963e-01;3.977643e-02;7.542358e-02;8.332034e-02;2.083268e-01;6.128464e-02;6.367557e-02;5.840892e-02;5.689494e-02;6.590052e-02
7.607514e-02;4.530905e-02;1.404107e-01;7.821669e-02;7.755654e-02;9.492872e-02;1.786429e-01;7.416070e-02;7.557275e-02;6.367056e-02;4.818605e-02;4.727026e-02
8.966254e-02;5.082610e-02;7.055648e-02;1.341238e-01;9.090783e-02;7.753612e-02;1.924459e-01;6.355575e-02;7.957929e-02;5.159098e-02;5.624700e-02;4.296821e-02
8.275133e-02;7.154997e-02;1.181705e-01;9.663807e-02;5.775096e-02;5.015013e-02;1.188373e-01;8.725118e-02;9.778887e-02;7.678769e-02;8.509742e-02;5.722654e-02
8.531555e-02;8.082587e-02;1.217687e-01;8.395780e-02;8.937520e-02;7.805761e-02;1.036094e-01;7.684281e-02;8.403044e-02;1.013016e-01;6.945606e-02;2.545893e-02
8.037055e-02;7.117708e-02;1.492380e-01;8.430672e-02;9.236184e-02;9.672644e-02;1.014582e-01;6.784374e-02;8.083036e-02;1.018466e-01;4.647592e-02;2.736458e-02
6.984977e-02;6.067216e-02;1.800815e-01;7.553893e-02;8.630683e-02;1.075954e-01;9.668271e-02;4.503882e-02;1.007476e-01;1.104867e-01;2.792052e-02;3.907904e-02
5.763440e-02;5.740830e-02;1.909505e-01;4.013667e-02;6.375283e-02;1.041803e-01;1.075634e-01;5.782218e-02;1.289409e-01;1.167356e-01;3.581848e-02;3.905644e-02
5.298689e-02;8.865760e-02;1.465966e-01;5.314797e-02;5.809257e-02;9.219454e-02;7.244886e-02;1.150569e-01;1.473248e-01;1.047483e-01;2.643660e-02;4.230839e-02
6.038561e-02;6.841692e-02;1.467372e-01;9.777979e-02;6.975344e-02;4.782304e-02;8.079025e-02;1.144332e-01;1.747280e-01;4.886476e-02;3.505960e-02;5.522817e-02
6.240727e-02;3.495579e-02;1.090712e-01;1.267511e-01;6.868406e-02;3.554278e-02;7.988638e-02;7.875021e-02;2.431701e-01;5.989972e-02;6.254846e-02;3.833291e-02
5.963077e-02;2.629418e-02;6.168830e-02;1.256071e-01;9.757511e-02;2.157855e-02;6.832276e-02;4.677929e-02;2.612118e-01;1.271860e-01;7.642003e-02;2.770600e-02
3.953795e-02;5.616842e-02;3.862571e-02;8.347870e-02;1.498530e-01;1.605494e-02;5.660244e-02;4.197533e-02;1.692021e-01;2.705260e-01;4.922799e-02;2.874735e-02
1.969285e-02;1.021476e-01;2.428565e-02;4.353791e-02;1.731670e-01;2.436348e-02;3.055225e-02;7.878203e-02;6.224737e-02;3.766498e-01;3.071389e-02;3.386017e-02
9.535393e-03;1.162205e-01;2.457753e-02;2.591297e-02;1.493614e-01;7.234800e-02;2.210470e-02;1.121254e-01;3.609164e-02;3.249428e-01;8.166421e-02;2.511533e-02
1.791629e-02;8.388979e-02;5.946066e-02;2.265534e-02;9.816413e-02;1.664190e-01;1.543035e-02;1.006798e-01;4.913010e-02;1.884454e-01;1.845842e-01;1.322485e-02
2.315076e-02;2.860008e-02;1.012301e-01;1.249276e-02;4.466717e-02;2.402885e-01;3.490806e-02;5.246169e-02;1.067848e-01;7.115148e-02;2.691051e-01;1.515952e-02
1.661685e-02;8.562646e-03;9.943877e-02;9.813596e-03;3.004025e-02;2.392352e-01;8.240698e-02;2.023338e-02;1.859023e-01;4.329029e-02;2.261240e-01;3.833573e-02
1.127798e-02;1.118080e-02;6.288514e-02;1.928469e-02;2.126520e-02;2.171448e-01;1.855657e-01;2.140199e-02;2.021242e-01;3.583764e-02;1.406329e-01;7.139891e-02
1.724792e-02;1.189735e-02;2.988995e-02;3.369924e-02;1.110383e-02;1.941000e-01;3.004840e-01;3.663604e-02;1.675197e-01;2.391246e-02;8.193031e-02;9.157919e-02
2.651910e-02;1.433484e-02;3.496163e-02;3.890052e-02;2.330529e-02;1.640795e-01;3.187387e-01;6.080521e-02;1.525566e-01;3.940971e-02;4.545137e-02;8.093752e-02
3.544396e-02;2.254316e-02;5.004289e-02;3.996007e-02;2.809251e-02;1.467600e-01;2.802075e-01;8.276691e-02;1.244306e-01;6.340753e-02;4.768418e-02;7.866071e-02
5.860841e-02;4.584088e-02;6.568184e-02;3.308721e-02;3.469202e-02;8.944186e-02;2.249014e-01;7.265584e-02;1.133865e-01;5.628347e-02;9.164863e-02;1.137719e-01
5.276708e-02;3.588468e-02;4.634073e-02;4.894166e-02;3.803668e-02;8.355643e-02;2.813514e-01;2.628851e-02;8.482920e-02;7.260423e-02;9.910178e-02;1.302975e-01
5.182413e-02;2.664187e-02;3.366505e-02;6.721775e-02;2.730310e-02;7.611765e-02;3.413976e-01;4.815231e-02;5.735055e-02;4.786981e-02;8.346812e-02;1.389921e-01
4.977413e-02;2.961924e-02;5.680203e-02;7.928549e-02;2.536179e-02;5.554563e-02;3.539755e-01;4.116476e-02;3.420429e-02;6.879786e-02;6.559171e-02;1.398775e-01
6.599342e-02;3.304481e-02;5.424655e-02;7.993320e-02;2.064741e-02;4.441545e-02;3.290040e-01;3.050808e-02;6.955814e-02;8.077677e-02;6.331100e-02;1.285611e-01
9.706833e-02;3.548377e-02;8.066294e-02;8.088063e-02;1.685799e-02;2.754168e-02;2.922841e-01;6.798403e-02;6.494980e-02;6.740615e-02;5.700320e-02;1.118774e-01
1.006663e-01;2.937523e-02;6.535030e-02;7.491910e-02;2.448852e-02;4.366880e-02;3.423930e-01;8.531015e-02;3.257728e-02;4.703204e-02;4.128718e-02;1.129321e-01
6.670297e-02;2.714231e-02;4.981028e-02;5.889598e-02;3.871041e-02;6.155549e-02;4.205489e-01;7.099380e-02;2.036534e-02;3.552799e-02;3.410247e-02;1.156440e-01
3.747799e-02;1.526597e-02;3.002968e-02;5.881609e-02;3.230007e-02;7.885813e-02;4.655296e-01;5.007684e-02;3.656016e-02;3.589350e-02;4.659682e-02;1.125951e-01
2.894259e-02;1.399055e-02;4.791912e-02;3.751938e-02;4.670339e-02;1.218645e-01;4.037551e-01;4.504880e-02;4.563826e-02;4.512056e-02;6.869854e-02;9.479915e-02
2.034325e-02;1.092783e-02;6.503168e-02;2.050959e-02;6.465510e-02;1.918384e-01;2.638456e-01;3.396680e-02;8.060466e-02;6.528845e-02;1.127799e-01;7.020873e-02
1.739077e-02;8.779299e-03;7.622113e-02;1.518790e-02;4.896349e-02;2.812059e-01;1.505382e-01;2.059149e-02;8.147751e-02;8.967451e-02;1.600014e-01;4.996843e-02
1.403243e-02;2.078970e-02;6.320796e-02;2.364192e-02;6.122068e-02;3.137074e-01;9.096362e-02;4.308558e-02;5.343080e-02;1.082299e-01;1.757591e-01;3.193096e-02
1.089572e-02;4.292622e-02;3.267169e-02;3.890914e-02;1.087504e-01;2.141632e-01;9.970243e-02;9.637284e-02;5.306903e-02;1.424568e-01;1.388893e-01;2.119326e-02
1.292520e-02;6.209520e-02;2.051951e-02;3.669313e-02;1.791164e-01;1.065060e-01;8.686011e-02;1.071784e-01;8.074751e-02;2.023049e-01;8.615203e-02;1.890148e-02
1.775963e-02;5.384910e-02;2.761504e-02;4.549922e-02;2.076510e-01;1.226979e-01;7.758854e-02;6.280508e-02;9.510078e-02;2.072226e-01;6.488138e-02;1.732977e-02
4.748474e-02;3.096666e-02;3.512670e-02;9.480101e-02;1.461916e-01;1.521167e-01;1.275653e-01;3.290143e-02;1.096127e-01;1.514802e-01;5.787531e-02;1.387770e-02
7.777612e-02;1.348550e-02;3.305491e-02;1.538209e-01;7.498126e-02;9.030209e-02;1.529219e-01;4.882955e-02;1.635643e-01;1.151447e-01;6.040309e-02;1.571584e-02
7.180754e-02;1.222739e-02;7.304297e-02;1.798007e-01;5.780279e-02;5.163911e-02;1.183945e-01;5.418093e-02;2.167876e-01;8.804648e-02;6.320472e-02;1.306529e-02
4.148010e-02;1.954752e-02;1.317054e-01;1.466092e-01;3.392135e-02;1.142353e-01;6.880017e-02;8.787754e-02;2.056409e-01;6.782607e-02;4.804029e-02;3.431612e-02
2.307133e-02;2.497978e-02;2.085244e-01;8.811814e-02;2.895788e-02;1.550976e-01;8.389565e-02;1.456735e-01;1.230834e-01;4.498959e-02;2.255022e-02;5.105854e-02
1.692881e-02;3.585221e-02;2.523022e-01;3.344863e-02;6.076067e-02;1.186252e-01;1.418807e-01;1.750983e-01;5.804144e-02;3.562391e-02;1.945887e-02;5.197900e-02
1.991886e-02;8.496554e-02;2.069459e-01;2.772584e-02;9.453827e-02;5.319794e-02;2.475891e-01;1.452939e-01;2.545799e-02;2.655366e-02;3.287755e-02;3.493546e-02
3.936750e-02;1.478817e-01;1.161230e-01;2.799897e-02;9.343892e-02;3.602900e-02;3.513952e-01;8.084023e-02;2.199632e-02;2.347602e-02;4.649640e-02;1.495674e-02
8.326314e-02;1.732694e-01;4.626669e-02;3.908195e-02;6.111478e-02;6.726480e-02;3.923232e-01;3.799912e-02;1.631490e-02;3.252785e-02;4.262331e-02;7.950947e-03
1.548389e-01;1.556985e-01;2.559390e-02;5.000713e-02;3.439987e-02;9.255730e-02;3.729151e-01;1.807860e-02;1.210239e-02;5.030950e-02;2.604021e-02;7.458571e-03
2.211111e-01;1.419690e-01;1.280727e-02;4.187591e-02;2.468688e-02;1.041531e-01;3.257852e-01;1.389384e-02;1.316053e-02;6.738410e-02;2.100398e-02;1.216901e-02
2.655852e-01;1.345491e-01;1.901770e-02;2.751653e-02;2.049034e-02;1.019200e-01;2.866637e-01;1.000898e-02;1.550803e-02;8.142212e-02;2.310732e-02;1.421111e-02
2.642444e-01;1.495461e-01;1.494373e-02;1.960063e-02;2.022177e-02;9.074354e-02;2.871736e-01;6.458111e-03;9.093531e-03;8.516002e-02;3.538457e-02;1.742999e-02
2.029248e-01;1.888848e-01;1.930737e-02;1.402763e-02;1.727040e-02;6.676722e-02;3.246713e-01;1.417676e-02;7.964606e-03;6.453626e-02;6.803219e-02;1.143674e-02
1.356630e-01;2.085632e-01;3.151495e-02;7.686937e-03;1.899906e-02;3.942732e-02;3.543269e-01;2.987709e-02;1.403128e-02;3.539268e-02;1.172157e-01;7.301909e-03
9.372026e-02;1.959550e-01;5.046024e-02;2.757357e-03;2.343404e-02;2.315461e-02;3.522209e-01;4.019670e-02;1.128548e-02;2.919076e-02;1.676267e-01;9.997997e-03
5.957096e-02;1.437890e-01;9.164035e-02;3.038330e-03;2.598104e-02;1.099966e-02;3.097845e-01;1.001108e-01;1.192421e-02;1.947303e-02;1.992411e-01;2.444713e-02
3.039101e-02;8.182327e-02;1.379671e-01;6.993790e-03;1.922506e-02;8.207000e-03;2.491480e-01;1.873557e-01;3.503334e-02;1.588949e-02;1.794471e-01;4.851917e-02
1.861319e-02;3.619771e-02;1.583841e-01;1.743053e-02;1.172539e-02;1.409922e-02;1.843691e-01;2.546662e-01;9.409317e-02;3.051948e-02;1.098846e-01;7.001731e-02
1.434157e-02;1.096559e-02;1.239899e-01;3.824823e-02;9.445908e-03;1.384731e-02;1.306165e-01;2.186026e-01;3.002337e-01;4.216624e-02;4.273777e-02;5.480458e-02
1.197779e-02;6.636224e-03;6.936091e-02;4.843119e-02;2.065681e-02;1.007881e-02;6.109932e-02;9.966588e-02;5.281453e-01;1.018230e-01;2.035636e-02;2.176849e-02
1.308210e-02;9.860219e-03;3.013299e-02;3.428027e-02;3.367216e-02;1.745943e-02;3.354619e-02;2.566454e-02;5.449439e-01;1.955310e-01;5.169101e-02;1.013625e-02
1.693414e-02;9.385140e-03;2.289441e-02;2.125070e-02;3.463892e-02;4.188962e-02;6.757402e-02;3.644248e-02;4.117021e-01;2.039006e-01;1.141740e-01;1.921373e-02
5.973109e-02;1.572139e-02;4.455188e-02;1.420613e-02;2.099138e-02;6.593400e-02;1.597466e-01;3.271995e-02;2.506366e-01;1.326204e-01;1.361519e-01;6.698872e-02
1.045683e-01;1.280546e-02;3.869808e-02;1.413511e-02;9.175080e-03;5.330727e-02;3.374339e-01;6.074378e-02;1.229981e-01;7.256011e-02;7.509065e-02;9.848415e-02
1.056568e-01;9.838747e-03;1.644372e-02;2.145129e-02;8.980799e-03;3.293637e-02;4.689623e-01;1.089594e-01;4.453833e-02;4.874472e-02;4.519450e-02;8.829296e-02
8.148900e-02;1.612137e-02;3.556011e-02;1.684128e-02;1.342515e-02;1.530913e-02;4.314165e-01;2.048158e-01;7.330940e-02;2.216697e-02;3.249928e-02;5.704606e-02
3.997607e-02;2.103786e-02;3.444089e-02;1.503969e-02;1.275539e-02;1.715960e-02;3.944639e-01;2.564178e-01;1.069111e-01;2.394028e-02;2.466021e-02;5.319720e-02
5.928209e-02;1.642051e-02;5.564386e-02;1.366503e-02;1.176113e-02;1.387858e-02;3.065562e-01;2.465874e-01;1.091682e-01;3.744094e-02;4.431204e-02;8.528399e-02
1.668661e-01;2.643517e-02;4.314462e-02;1.394869e-02;2.068634e-02;4.539301e-02;1.219308e-01;2.151662e-01;7.727121e-02;4.224491e-02;9.660417e-02;1.303087e-01
1.868955e-01;5.171110e-02;7.143910e-02;1.642786e-02;2.079187e-02;6.328857e-02;1.245043e-01;1.433971e-01;5.473124e-02;5.298318e-02;1.194991e-01;9.433107e-02
1.366936e-01;5.907099e-02;9.972464e-02;2.887944e-02;1.911950e-02;5.897575e-02;1.135927e-01;1.096718e-01;1.010311e-01;5.424815e-02;1.613082e-01;5.768404e-02
9.373186e-02;5.370427e-02;1.203350e-01;5.595089e-02;2.789341e-02;3.791039e-02;1.180094e-01;9.585397e-02;1.188816e-01;7.958951e-02;1.378383e-01;6.030142e-02
8.610034e-02;4.564697e-02;1.394561e-01;1.015302e-01;4.003475e-02;4.993367e-02;1.469461e-01;9.396970e-02;9.418162e-02;7.084039e-02;7.944755e-02;5.191261e-02
7.726607e-02;3.979001e-02;1.295477e-01;1.544655e-01;5.474246e-02;5.895388e-02;1.312872e-01;1.032877e-01;9.672568e-02;5.195176e-02;6.345223e-02;3.852992e-02
4.067761e-02;5.284703e-02;1.003983e-01;1.355885e-01;1.280559e-01;4.980347e-02;1.201262e-01;1.157789e-01;1.138983e-01;5.323174e-02;5.686760e-02;3.272645e-02
8.392756e-02;4.962478e-02;7.939451e-02;5.438789e-02;1.640336e-01;6.168201e-02;1.399278e-01;1.115775e-01;8.233557e-02;6.050858e-02;7.617823e-02;3.642209e-02
1.271891e-01;5.794386e-02;8.287807e-02;3.797495e-02;1.631378e-01;7.185011e-02;1.128153e-01;9.903029e-02;5.624686e-02;6.372831e-02;8.029763e-02;4.690776e-02
7.482100e-02;6.955358e-02;5.890065e-02;4.506502e-02;1.358596e-01;4.972308e-02;2.445312e-01;8.032058e-02;7.847396e-02;3.986347e-02;5.782869e-02;6.505921e-02
4.825960e-02;7.739321e-02;4.658629e-02;3.266639e-02;1.013608e-01;5.044865e-02;3.165241e-01;7.869405e-02;8.216545e-02;4.268038e-02;5.499004e-02;6.823110e-02
8.976913e-02;7.368734e-02;7.020611e-02;4.233292e-02;6.473590e-02;4.208750e-02;2.752582e-01;8.895852e-02;7.319725e-02;6.892700e-02;5.192050e-02;5.891964e-02
6.951460e-02;5.173832e-02;7.357660e-02;6.772622e-02;4.446547e-02;5.262684e-02;2.591593e-01;6.447563e-02;7.791245e-02;9.674004e-02;5.861422e-02;8.345031e-02
7.004101e-02;4.802693e-02;6.799339e-02;6.749937e-02;4.235795e-02;4.979770e-02;2.524560e-01;5.274539e-02;7.744892e-02;9.213907e-02;1.051131e-01;7.438105e-02
8.584785e-02;7.143394e-02;5.888364e-02;4.842329e-02;6.100640e-02;4.590517e-02;2.045202e-01;5.427608e-02;7.911461e-02;1.112514e-01;1.025813e-01;7.675607e-02
1.657622e-01;8.624885e-02;4.980638e-02;4.060476e-02;7.302497e-02;4.673073e-02;9.119939e-02;6.746481e-02;1.108587e-01;1.194057e-01;5.318939e-02;9.570414e-02
1.393801e-01;9.327748e-02;5.078750e-02;4.723022e-02;6.406903e-02;6.098875e-02;7.294551e-02;3.762668e-02;1.622798e-01;8.205630e-02;6.575351e-02;1.236051e-01
1.131169e-01;9.035566e-02;6.424446e-02;7.166310e-02;5.273611e-02;6.468439e-02;8.206945e-02;6.397580e-02;1.415124e-01;6.146502e-02;5.233588e-02;1.418408e-01
9.015105e-02;6.192465e-02;5.894085e-02;9.675930e-02;6.136308e-02;8.526978e-02;1.167581e-01;6.915289e-02;9.365129e-02;7.024369e-02;9.195152e-02;1.038338e-01
6.813963e-02;5.807312e-02;6.883197e-02;1.187503e-01;6.102675e-02;5.636787e-02;1.576260e-01;8.667771e-02;9.278438e-02;7.952131e-02;8.106636e-02;7.113468e-02
