5.893973e-02;4.268066e-02;9.961528e-02;1.028376e-01;1.701799e-01;1.406252e-01;1.322651e-01;4.838462e-02;5.822067e-02;5.308641e-02;3.580888e-02;5.735598e-02
4.477822e-02;4.524571e-02;8.431466e-02;1.262656e-01;1.863300e-01;1.221585e-01;9.198803e-02;6.223681e-02;6.903216e-02;4.450184e-02;5.389127e-02;6.925713e-02
2.801161e-02;5.478099e-02;1.030485e-01;1.561198e-01;1.489017e-01;1.213602e-01;4.497372e-02;9.469922e-02;6.225425e-02;5.737125e-02;7.798217e-02;5.049665e-02
4.786000e-02;6.391849e-02;1.279376e-01;1.352675e-01;1.185605e-01;1.185010e-01;5.345421e-02;8.976729e-02;6.483551e-02;6.986536e-02;6.404882e-02;4.598374e-02
3.401618e-02;9.441274e-02;1.319949e-01;1.005860e-01;1.005226e-01;1.387345e-01;5.984728e-02;6.939887e-02;1.094071e-01;6.711961e-02;4.367030e-02;5.028995e-02
4.201579e-02;1.368684e-01;1.072707e-01;5.669617e-02;6.548020e-02;1.897071e-01;3.302708e-02;4.070576e-02;1.985238e-01;4.880093e-02;3.576832e-02;4.513570e-02
1.139008e-01;1.273367e-01;6.398622e-02;3.133328e-02;1.308216e-01;1.599013e-01;1.213333e-02;6.083569e-02;1.980410e-01;2.518990e-02;4.608148e-02;3.043871e-02
2.221305e-01;8.912797e-02;5.919519e-02;2.842998e-02;1.874557e-01;6.329760e-02;1.544020e-02;1.147189e-01;1.174806e-01;2.286684e-02;6.294443e-02;1.691204e-02
3.210475e-01;5.444103e-02;6.389210e-02;1.791844e-02;1.687610e-01;2.840768e-02;1.653644e-02;1.646014e-01;6.928001e-02;2.143063e-02;5.232175e-02;2.136196e-02
3.613368e-01;4.934938e-02;7.367349e-02;1.445621e-02;1.191013e-01;1.663963e-02;3.761668e-02;2.144923e-01;4.337917e-02;1.896685e-02;3.151568e-02;1.947244e-02
3.208393e-01;4.135445e-02;7.514397e-02;1.563806e-02;7.452696e-02;1.126076e-02;9.165135e-02;2.307110e-01;3.476336e-02;2.202235e-02;2.835812e-02;5.373027e-02
2.496280e-01;3.802842e-02;7.579193e-02;2.247513e-02;5.932961e-02;2.483127e-02;1.389667e-01;1.998954e-01;4.350509e-02;3.025843e-02;3.919731e-02;7.809279e-02
1.791258e-01;4.780009e-02;6.618223e-02;4.037556e-02;6.933556e-02;5.376860e-02;1.534070e-01;1.408757e-01;5.032799e-02;4.523366e-02;6.272130e-02;9.084645e-02
1.060822e-01;6.013636e-02;7.833067e-02;4.848205e-02;6.842337e-02;7.805855e-02;1.272066e-01;1.241848e-01;8.609050e-02;7.495143e-02;6.893203e-02;7.912143e-02
7.461288e-02;4.503892e-02;1.061045e-01;4.286234e-02;5.106050e-02;7.102375e-02;1.556719e-01;1.338830e-01;7.776196e-02;9.284840e-02;6.841377e-02;8.071800e-02
6.922121e-02;5.292568e-02;8.954719e-02;4.182529e-02;5.243658e-02;8.571561e-02;1.645945e-01;1.126253e-01;8.378335e-02;9.279320e-02;8.444223e-02;7.008982e-02
1.242466e-01;4.383692e-02;5.805792e-02;3.628496e-02;1.061481e-01;1.093611e-01;1.602883e-01;6.711758e-02;7.894391e-02;8.788593e-02;6.361966e-02;6.420912e-02
1.215725e-01;2.637120e-02;6.813249e-02;6.101985e-02;1.591845e-01;1.088958e-01;1.181864e-01;5.309143e-02;6.981631e-02;7.132895e-02;4.048508e-02;1.019154e-01
8.830806e-02;2.799692e-02;1.020816e-01;4.894304e-02;2.064323e-01;9.599712e-02;9.002343e-02;5.055133e-02;7.449961e-02;5.341594e-02;3.298810e-02;1.287625e-01
4.727535e-02;3.459975e-02;8.957803e-02;4.210006e-02;2.173450e-01;1.052648e-01;9.368182e-02;5.109179e-02;6.661627e-02;5.087953e-02;6.087719e-02;1.406905e-01
6.593879e-02;4.694222e-02;7.777801e-02;4.922939e-02;1.435306e-01;1.095709e-01;1.403815e-01;5.258343e-02;6.067860e-02;8.436100e-02;4.264023e-02;1.263653e-01
5.766356e-02;3.378625e-02;1.036255e-01;8.238159e-02;1.175531e-01;1.125934e-01;1.309010e-01;5.092023e-02;4.843390e-02;1.173951e-01;7.061149e-02;7.413489e-02
5.314621e-02;3.964319e-02;1.559472e-01;1.011991e-01;9.556423e-02;1.010360e-01;7.947079e-02;7.053459e-02;4.314801e-02;1.073682e-01;1.028674e-01;5.007519e-02
6.616876e-02;5.504151e-02;1.473390e-01;8.133643e-02;7.525778e-02;1.016594e-01;9.020527e-02;9.096152e-02;7.590147e-02;6.672633e-02;9.091615e-02;5.848636e-02
5.582787e-02;6.626883e-02;1.360355e-01;1.070143e-01;6.746959e-02;1.131129e-01;1.072972e-01;8.242728e-02;7.119861e-02;6.579403e-02;6.229144e-02;6.526242e-02
6.007538e-02;7.541806e-02;1.409561e-01;1.108502e-01;6.854766e-02;1.175769e-01;1.290430e-01;6.903768e-02;7.001978e-02;6.467408e-02;4.146909e-02;5.233203e-02
7.408168e-02;4.387679e-02;2.264732e-01;8.174378e-02;7.972760e-02;7.547817e-02;1.444642e-01;4.520702e-02;8.279182e-02;7.140894e-02;4.035431e-02;3.439255e-02
5.840131e-02;6.134857e-02;3.292235e-01;6.202033e-02;6.111487e-02;4.175799e-02;1.023370e-01;3.238017e-02;6.189301e-02;1.060088e-01;5.096537e-02;3.254920e-02
4.486217e-02;7.386680e-02;4.593467e-01;4.451794e-02;4.003372e-02;2.581352e-02;5.843560e-02;1.906651e-02;3.599356e-02;1.419479e-01;3.567379e-02;2.044182e-02
2.110681e-02;6.701393e-02;6.073853e-01;2.885824e-02;2.597006e-02;1.415881e-02;3.054358e-02;8.211433e-03;1.397341e-02;1.643149e-01;9.911825e-03;8.551746e-03
1.447033e-02;8.090891e-02;6.462561e-01;2.334550e-02;2.021534e-02;7.413113e-03;2.306346e-02;7.452437e-03;3.590398e-02;1.298577e-01;5.607725e-03;5.505296e-03
7.232913e-03;1.270101e-01;6.133999e-01;1.655742e-02;1.127853e-02;2.577474e-02;1.810190e-02;8.032795e-03;8.304037e-02;7.813983e-02;3.484460e-03;7.947060e-03
3.182971e-02;2.130583e-01;4.648625e-01;1.625520e-02;5.959115e-03;6.842114e-02;1.461911e-02;5.322382e-03;1.275352e-01;3.805333e-02;4.273457e-03;9.810563e-03
5.386750e-02;2.945352e-01;3.179595e-01;1.891546e-02;5.884944e-03;1.089433e-01;9.613692e-03;4.268599e-03;1.572865e-01;1.451585e-02;2.814956e-03;1.139455e-02
6.575495e-02;3.230673e-01;2.459611e-01;3.356283e-02;7.351760e-03;1.239261e-01;1.035093e-02;5.073587e-03;1.622572e-01;1.249588e-02;4.261708e-03;5.936635e-03
8.022071e-02;3.145428e-01;2.339310e-01;3.482686e-02;6.499089e-03;1.208826e-01;1.978057e-02;3.004056e-03;1.485698e-01;1.959240e-02;2.155616e-03;1.599454e-02
9.943394e-02;3.019967e-01;2.529610e-01;2.420157e-02;5.857845e-03;1.143941e-01;2.011212e-02;6.599721e-03;1.251186e-01;2.057102e-02;1.753884e-03;2.699944e-02
1.426664e-01;2.716141e-01;2.787447e-01;1.973765e-02;9.174583e-03;9.396546e-02;1.053572e-02;8.259025e-03;8.758451e-02;3.563846e-02;5.930339e-03;3.614910e-02
1.867243e-01;2.300781e-01;2.641319e-01;2.873759e-02;1.543328e-02;6.645758e-02;1.497014e-02;1.705010e-02;6.418537e-02;5.760140e-02;1.414816e-02;4.048201e-02
1.955271e-01;1.633666e-01;2.088871e-01;4.719642e-02;3.822027e-02;3.851008e-02;4.002794e-02;3.950104e-02;6.678111e-02;8.692475e-02;3.209845e-02;4.295914e-02
1.389152e-01;7.359388e-02;1.054775e-01;6.301677e-02;6.375303e-02;5.859280e-02;5.488032e-02;7.400179e-02;9.279082e-02;1.875226e-01;5.157877e-02;3.587643e-02
6.730262e-02;4.496937e-02;9.903576e-02;6.799727e-02;8.039200e-02;5.708263e-02;5.815458e-02;8.709280e-02;8.634233e-02;2.661425e-01;6.484566e-02;2.064251e-02
6.827707e-02;4.493805e-02;1.455930e-01;9.223448e-02;8.369274e-02;5.086930e-02;1.131933e-01;6.549881e-02;6.697882e-02;1.799687e-01;5.518092e-02;3.357470e-02
4.935121e-02;5.480195e-02;1.873284e-01;7.694928e-02;8.639175e-02;7.849427e-02;1.616216e-01;5.667756e-02;3.946833e-02;1.203738e-01;5.209583e-02;3.644604e-02
4.430377e-02;5.234616e-02;2.299920e-01;8.701669e-02;8.983994e-02;8.018335e-02;1.114221e-01;5.200130e-02;3.849548e-02;9.920500e-02;6.417289e-02;5.102141e-02
5.799135e-02;5.097416e-02;2.034885e-01;9.930301e-02;8.276863e-02;7.426648e-02;1.263433e-01;5.208659e-02;4.989770e-02;8.470666e-02;6.482534e-02;5.334836e-02
4.959136e-02;4.993608e-02;1.142363e-01;1.257619e-01;7.892239e-02;1.062774e-01;1.355609e-01;5.926413e-02;5.269317e-02;8.275645e-02;8.286805e-02;6.213204e-02
5.637992e-02;5.888484e-02;2.704903e-01;8.921389e-02;7.989022e-02;8.756064e-02;1.057285e-01;4.057467e-02;4.388189e-02;5.482113e-02;6.736642e-02;4.520756e-02
3.722956e-02;6.087375e-02;4.303397e-01;6.755790e-02;8.074743e-02;5.931028e-02;9.443033e-02;2.911232e-02;2.568364e-02;5.416566e-02;2.994173e-02;3.060777e-02
2.265787e-02;7.841368e-02;5.289046e-01;5.550497e-02;5.945938e-02;3.424103e-02;5.807114e-02;1.811893e-02;2.603113e-02;7.943250e-02;1.701890e-02;2.214593e-02
5.173405e-02;1.196721e-01;5.221449e-01;4.166142e-02;2.860381e-02;2.575963e-02;2.343278e-02;1.489168e-02;4.809648e-02;8.338366e-02;1.901842e-02;2.160103e-02
8.888108e-02;1.486796e-01;4.266220e-01;3.442253e-02;1.654202e-02;3.868086e-02;2.930147e-02;2.663338e-02;7.305790e-02;6.549112e-02;2.496732e-02;2.672077e-02
1.070042e-01;1.410550e-01;3.202933e-01;3.910315e-02;2.347132e-02;5.043135e-02;5.302918e-02;4.929172e-02;9.423675e-02;6.590954e-02;2.912883e-02;2.704560e-02
8.607922e-02;8.116935e-02;2.109311e-01;5.856702e-02;5.053981e-02;7.607947e-02;8.745397e-02;7.118078e-02;1.217225e-01;8.494308e-02;3.338552e-02;3.794808e-02
8.308291e-02;3.587233e-02;1.236777e-01;8.021612e-02;4.992735e-02;1.089041e-01;1.155661e-01;7.825860e-02;1.461797e-01;8.858030e-02;4.120896e-02;4.852586e-02
5.849269e-02;7.317363e-02;1.082537e-01;7.743340e-02;8.200490e-02;1.186320e-01;7.941622e-02;7.843130e-02;1.329972e-01;8.550193e-02;6.817511e-02;3.748794e-02
5.935131e-02;9.064347e-02;8.647551e-02;5.787131e-02;1.241287e-01;8.335494e-02;8.838937e-02;9.336644e-02;8.147980e-02;1.388002e-01;5.445200e-02;4.168687e-02
5.220034e-02;8.532110e-02;5.834537e-02;5.515334e-02;9.216978e-02;8.243997e-02;1.020301e-01;8.067707e-02;1.000407e-01;1.306233e-01;9.897235e-02;6.202664e-02
6.204393e-02;5.470036e-02;1.161643e-01;5.587575e-02;9.398080e-02;7.005790e-02;1.533733e-01;6.405104e-02;9.418285e-02;1.078093e-01;8.504244e-02;4.271810e-02
4.677858e-02;4.273188e-02;1.806704e-01;5.568960e-02;7.524609e-02;4.692592e-02;1.555955e-01;2.325509e-02;9.996091e-02;1.369403e-01;9.067013e-02;4.553561e-02
5.186074e-02;5.665316e-02;2.164039e-01;3.657166e-02;5.216195e-02;5.657745e-02;8.216733e-02;2.538813e-02;1.416756e-01;1.598968e-01;7.735439e-02;4.328888e-02
4.150027e-02;1.063227e-01;2.153537e-01;2.659123e-02;2.728460e-02;6.831860e-02;3.805880e-02;1.793186e-02;2.162289e-01;1.481957e-01;4.697481e-02;4.723891e-02
3.731634e-02;1.736067e-01;1.624726e-01;1.646519e-02;1.082345e-02;9.567918e-02;1.333551e-02;1.199750e-02;3.241445e-01;9.019104e-02;2.114596e-02;4.282202e-02
7.041858e-02;2.005641e-01;1.005151e-01;1.280261e-02;1.393885e-02;9.808557e-02;2.567966e-02;4.876700e-02;3.471076e-01;2.945251e-02;1.757574e-02;3.509273e-02
1.221196e-01;1.614252e-01;7.297558e-02;1.365315e-02;3.438048e-02;7.262854e-02;6.702034e-02;1.128061e-01;2.579041e-01;2.876708e-02;2.373609e-02;3.258384e-02
1.315075e-01;9.670217e-02;7.159690e-02;2.650412e-02;5.381744e-02;5.513808e-02;1.269335e-01;1.452267e-01;1.412626e-01;5.279720e-02;4.642953e-02;5.208431e-02
1.172441e-01;5.240222e-02;9.344992e-02;4.481854e-02;6.192095e-02;5.687355e-02;1.666033e-01;1.230099e-01;6.685089e-02;6.932623e-02;7.741212e-02;7.008829e-02
1.229788e-01;7.062240e-02;1.023715e-01;5.008352e-02;4.989272e-02;5.412992e-02;1.814965e-01;8.034828e-02;8.621270e-02;6.255452e-02;6.959173e-02;6.971744e-02
6.586218e-02;8.920162e-02;1.028513e-01;4.498349e-02;5.087395e-02;7.450420e-02;1.187587e-01;1.457917e-01;1.711323e-01;5.055778e-02;4.346156e-02;4.202120e-02
4.189271e-02;8.569037e-02;6.491692e-02;2.016460e-02;5.693732e-02;1.229723e-01;9.718583e-02;1.526132e-01;2.358082e-01;5.671074e-02;2.712341e-02;3.798450e-02
5.919079e-02;6.847392e-02;7.004289e-02;2.543596e-02;4.192124e-02;9.137458e-02;8.334509e-02;1.268038e-01;2.787203e-01;6.264967e-02;3.785595e-02;5.418580e-02
8.321992e-02;6.825925e-02;1.762464e-01;6.306875e-02;7.903025e-02;7.023674e-02;1.311224e-01;6.756009e-02;9.452823e-02;7.971193e-02;5.015363e-02;3.686243e-02
9.327187e-02;7.985938e-02;1.779926e-01;5.857802e-02;8.730727e-02;6.833412e-02;1.039129e-01;6.194033e-02;9.685642e-02;8.116417e-02;5.446272e-02;3.632022e-02
1.071935e-01;8.399101e-02;1.728543e-01;6.014601e-02;9.474578e-02;5.950676e-02;7.551648e-02;5.814520e-02;1.023306e-01;8.660817e-02;5.780943e-02;4.115275e-02
1.133293e-01;1.014379e-01;1.385596e-01;5.969432e-02;8.812688e-02;4.976958e-02;5.279462e-02;5.859602e-02;1.511915e-01;9.178916e-02;5.745870e-02;3.725244e-02
8.127811e-02;1.775112e-01;9.364808e-02;3.570694e-02;4.373167e-02;6.131335e-02;4.619783e-02;5.882809e-02;2.834212e-01;6.219720e-02;3.387278e-02;2.229347e-02
1.136403e-01;2.430260e-01;7.324240e-02;1.703306e-02;2.638471e-02;4.019875e-02;2.536850e-02;5.678112e-02;3.329605e-01;2.292324e-02;2.905655e-02;1.938486e-02
1.671439e-01;2.220747e-01;6.476466e-02;1.870888e-02;4.631194e-02;1.831787e-02;1.955181e-02;8.857825e-02;2.736900e-01;1.537781e-02;3.972920e-02;2.575097e-02
1.910370e-01;1.804868e-01;6.666175e-02;1.403116e-02;5.345811e-02;1.608485e-02;2.363342e-02;1.264082e-01;2.338409e-01;1.804867e-02;4.932774e-02;2.698147e-02
2.138727e-01;1.386095e-01;6.009100e-02;1.069086e-02;5.952249e-02;1.328699e-02;4.244507e-02;1.865497e-01;1.732735e-01;1.901626e-02;5.559774e-02;2.704419e-02
1.998665e-01;9.919780e-02;7.334285e-02;1.586460e-02;6.039396e-02;2.058139e-02;9.530261e-02;2.039646e-01;1.321002e-01;2.938347e-02;4.883717e-02;2.116489e-02
1.655598e-01;6.824009e-02;7.938662e-02;2.963890e-02;5.555734e-02;2.889381e-02;1.217017e-01;1.854415e-01;1.580458e-01;5.328371e-02;4.022216e-02;1.402857e-02
1.281635e-01;9.488466e-02;1.517802e-01;4.489466e-02;4.978445e-02;1.720601e-02;6.660736e-02;1.181634e-01;2.348330e-01;5.136605e-02;2.647116e-02;1.584547e-02
1.519230e-01;1.141971e-01;1.203547e-01;3.510702e-02;5.344766e-02;1.340290e-02;3.129108e-02;1.455544e-01;2.486520e-01;3.401271e-02;3.675680e-02;1.530071e-02
2.064772e-01;9.023304e-02;7.126271e-02;1.760483e-02;7.457237e-02;6.087311e-03;4.016642e-02;2.155127e-01;1.996188e-01;1.886844e-02;4.691587e-02;1.268041e-02
2.517849e-01;7.369490e-02;7.504971e-02;8.805649e-03;9.346275e-02;6.017298e-03;1.964191e-02;2.550210e-01;1.325718e-01;2.042829e-02;4.894374e-02;1.457805e-02
2.790068e-01;5.910402e-02;8.621335e-02;9.671074e-03;1.026741e-01;7.007835e-03;2.537705e-02;2.704851e-01;8.286227e-02;1.932364e-02;4.373008e-02;1.454467e-02
2.912094e-01;4.660071e-02;1.093317e-01;1.303187e-02;9.979676e-02;8.066756e-03;5.168859e-02;2.862871e-01;2.868517e-02;1.065581e-02;3.642147e-02;1.822468e-02
2.560187e-01;4.066123e-02;1.154893e-01;1.795433e-02;7.691713e-02;1.236551e-02;1.124620e-01;2.689313e-01;2.179623e-02;1.362827e-02;2.668867e-02;3.708730e-02
1.856849e-01;3.258456e-02;9.385882e-02;2.970194e-02;5.355906e-02;3.026871e-02;2.086279e-01;2.201935e-01;2.661577e-02;2.192738e-02;3.693790e-02;6.003955e-02
1.228126e-01;2.144911e-02;7.989384e-02;6.046430e-02;3.688768e-02;6.323678e-02;2.335685e-01;1.700511e-01;2.778596e-02;3.763993e-02;6.394041e-02;8.226977e-02
7.966560e-02;3.120341e-02;1.248159e-01;9.500032e-02;5.279490e-02;8.122407e-02;1.340494e-01;1.286241e-01;5.618243e-02;7.334250e-02;6.438885e-02;7.870845e-02
7.558276e-02;2.732142e-02;1.151465e-01;7.227658e-02;5.395249e-02;8.265585e-02;1.902722e-01;8.922385e-02;7.848088e-02;9.174179e-02;4.557232e-02;7.777348e-02
7.309584e-02;2.756824e-02;9.878560e-02;8.199075e-02;6.383155e-02;9.871072e-02;1.698983e-01;6.555387e-02;9.317955e-02;7.609826e-02;4.623903e-02;1.050484e-01
3.760770e-02;4.663335e-02;1.318335e-01;1.279924e-01;6.750649e-02;1.044580e-01;1.072327e-01;6.930482e-02;6.417014e-02;8.017065e-02;5.572144e-02;1.073688e-01
3.666671e-02;5.953253e-02;1.414091e-01;7.465599e-02;9.395862e-02;7.975614e-02;1.223149e-01;8.666829e-02;9.396272e-02;9.966386e-02;5.219833e-02;5.921280e-02
9.250997e-02;6.431688e-02;9.319912e-02;4.324041e-02;9.680483e-02;9.383310e-02;8.649986e-02;1.032594e-01;9.261955e-02;1.259218e-01;5.740829e-02;5.038681e-02
1.235320e-01;6.407376e-02;5.364175e-02;7.066453e-02;8.546242e-02;9.763970e-02;9.791261e-02;6.712861e-02;7.127296e-02;1.550711e-01;5.443209e-02;5.916841e-02
1.153463e-01;6.209324e-02;6.892218e-02;1.087379e-01;5.404575e-02;1.027289e-01;1.467119e-01;5.703117e-02;6.763407e-02;1.134602e-01;5.613802e-02;4.715032e-02
7.751670e-02;7.923467e-02;9.120695e-02;9.503205e-02;4.546224e-02;1.280688e-01;1.514302e-01;6.532841e-02;1.003187e-01;6.676375e-02;7.222129e-02;2.741620e-02
5.093733e-02;7.461563e-02;9.090167e-02;7.496230e-02;6.541612e-02;1.243342e-01;1.149575e-01;8.578801e-02;1.340957e-01;6.765988e-02;8.747248e-02;2.885922e-02
6.412130e-02;3.982479e-02;1.013571e-01;1.217936e-01;7.926242e-02;9.980430e-02;8.194522e-02;9.834781e-02;1.279582e-01;6.458002e-02;1.035961e-01;1.740907e-02
5.888407e-02;4.377556e-02;8.861176e-02;1.474540e-01;4.898746e-02;1.368622e-01;7.839367e-02;1.077355e-01;9.288136e-02;6.632834e-02;9.286866e-02;3.721743e-02
7.693152e-02;4.721315e-02;8.657876e-02;1.151199e-01;9.836941e-02;1.171045e-01;1.330789e-01;7.142450e-02;5.797981e-02;7.866219e-02;5.244017e-02;6.509714e-02
8.584308e-02;3.318208e-02;1.043564e-01;8.334661e-02;1.546102e-01;1.008942e-01;1.011089e-01;7.483968e-02;8.053526e-02;9.091292e-02;3.039382e-02;5.997688e-02
7.815730e-02;4.054253e-02;1.125996e-01;4.696722e-02;1.687573e-01;1.329950e-01;9.556143e-02;7.372966e-02;8.979543e-02;9.003399e-02;2.283325e-02;4.802734e-02
9.410883e-02;5.053971e-02;9.853917e-02;3.072523e-02;1.941536e-01;1.560732e-01;8.996340e-02;5.470878e-02;8.953163e-02;7.140552e-02;2.753201e-02;4.271897e-02
1.053193e-01;5.731255e-02;1.050715e-01;4.681475e-02;1.654038e-01;1.352806e-01;1.075117e-01;4.577632e-02;7.747992e-02;7.212332e-02;3.943480e-02;4.247148e-02
8.305451e-02;5.258691e-02;1.114885e-01;5.837463e-02;6.726491e-02;1.060447e-01;1.535525e-01;8.186794e-02;8.281884e-02;1.193604e-01;4.695524e-02;3.663104e-02
7.567316e-02;5.035914e-02;1.143029e-01;4.354042e-02;6.822926e-02;1.092776e-01;1.551531e-01;7.390136e-02;1.101877e-01;1.281603e-01;3.464763e-02;3.656741e-02
4.198887e-02;4.975912e-02;1.504927e-01;3.345433e-02;1.034814e-01;7.587221e-02;2.625811e-01;5.451833e-02;8.363260e-02;8.214182e-02;2.860923e-02;3.346832e-02
3.498136e-02;3.330822e-02;2.195593e-01;3.370263e-02;1.108314e-01;7.571927e-02;3.005950e-01;5.450121e-02;4.014977e-02;5.286080e-02;1.813215e-02;2.565898e-02
1.961244e-02;2.068035e-02;3.248255e-01;5.945939e-02;1.238948e-01;7.830132e-02;2.076842e-01;6.492573e-02;1.727177e-02;4.042757e-02;2.258665e-02;2.033036e-02
9.160343e-03;1.098761e-02;4.019947e-01;9.792702e-02;1.361897e-01;6.770642e-02;7.642582e-02;9.865286e-02;1.151078e-02;3.024432e-02;4.732794e-02;1.187248e-02
6.027668e-03;9.371922e-03;3.847874e-01;1.224618e-01;1.439173e-01;5.441418e-02;3.132843e-02;1.398574e-01;6.654134e-03;1.694373e-02;7.138575e-02;1.285034e-02
4.513727e-03;1.184214e-02;3.346124e-01;1.333492e-01;1.509240e-01;5.064775e-02;1.250758e-02;1.674253e-01;6.790378e-03;2.182165e-02;8.641802e-02;1.914789e-02
4.979767e-03;1.269379e-02;2.851862e-01;1.422223e-01;1.453406e-01;7.657866e-02;2.167152e-02;1.525084e-01;1.160031e-02;2.515900e-02;9.732960e-02;2.472986e-02
8.986751e-03;1.519583e-02;2.853053e-01;1.387595e-01;1.143797e-01;8.677659e-02;7.701784e-02;9.768794e-02;1.205625e-02;2.865782e-02;9.714079e-02;3.803580e-02
1.214668e-02;1.634980e-02;3.555868e-01;1.376370e-01;6.897694e-02;6.253411e-02;1.057785e-01;5.860570e-02;1.399087e-02;3.257522e-02;9.224615e-02;4.357225e-02
7.397864e-03;1.075828e-02;5.029122e-01;1.464178e-01;4.976489e-02;3.803305e-02;9.478515e-02;2.196755e-02;1.345378e-02;1.647264e-02;7.054371e-02;2.749313e-02
1.014434e-02;7.181814e-03;6.204162e-01;1.629647e-01;6.604538e-02;2.209541e-02;2.577876e-02;7.222938e-03;1.475057e-02;9.908033e-03;4.273269e-02;1.075917e-02
6.256771e-03;7.436591e-03;6.461433e-01;1.639230e-01;6.698937e-02;1.855483e-02;1.844853e-02;1.001251e-02;1.410761e-02;9.298046e-03;3.441277e-02;4.416603e-03
4.509304e-03;8.692040e-03;6.376273e-01;1.574650e-01;6.978662e-02;1.906846e-02;2.366655e-02;8.754265e-03;1.144231e-02;1.541972e-02;3.968513e-02;3.883273e-03
4.290015e-03;7.994655e-03;6.239954e-01;1.617522e-01;7.423517e-02;2.239899e-02;2.217943e-02;7.718292e-03;1.572189e-02;1.288279e-02;4.267969e-02;4.151472e-03
5.949395e-03;7.413865e-03;6.072145e-01;1.601411e-01;7.100766e-02;2.354273e-02;2.473339e-02;1.390075e-02;2.227620e-02;1.180310e-02;4.560655e-02;6.410786e-03
2.492863e-02;1.865823e-02;5.772648e-01;1.274642e-01;6.922459e-02;1.994358e-02;3.856913e-02;2.719469e-02;4.017958e-02;1.590052e-02;2.773606e-02;1.293596e-02
4.835273e-02;4.650502e-02;3.178472e-01;1.049123e-01;7.152880e-02;3.523388e-02;8.888745e-02;6.449857e-02;4.596854e-02;4.685339e-02;7.829724e-02;5.111500e-02
4.175222e-02;4.531464e-02;1.745956e-01;1.446564e-01;5.400438e-02;4.150538e-02;9.452630e-02;1.034265e-01;4.986355e-02;5.177936e-02;1.379674e-01;6.060820e-02
3.152195e-02;2.782074e-02;1.207186e-01;2.024312e-01;4.564229e-02;3.364836e-02;5.456013e-02;1.381537e-01;5.554412e-02;3.335939e-02;2.051688e-01;5.143086e-02
1.350563e-02;1.272965e-02;1.026558e-01;2.788378e-01;2.852530e-02;2.112717e-02;2.152278e-02;1.387430e-01;4.426477e-02;2.790463e-02;2.889683e-01;2.121525e-02
1.242295e-02;7.464291e-03;1.780959e-01;2.964665e-01;2.349034e-02;2.120926e-02;2.224200e-02;7.092991e-02;1.983835e-02;4.639774e-02;2.975364e-01;3.906458e-03
1.969193e-02;7.587762e-03;3.003211e-01;2.359521e-01;2.650218e-02;1.839861e-02;3.444921e-02;2.098527e-02;1.624928e-02;8.734975e-02;2.236476e-01;8.865259e-03
2.387302e-02;1.199469e-02;4.201786e-01;1.424262e-01;2.314281e-02;1.243787e-02;5.756273e-02;1.337261e-02;2.184660e-02;1.372124e-01;1.225919e-01;1.336065e-02
1.152466e-02;2.568209e-02;5.012430e-01;8.349830e-02;2.840650e-02;1.166847e-02;6.748854e-02;1.174792e-02;1.981540e-02;1.558527e-01;5.950721e-02;2.356523e-02
1.753999e-02;5.292686e-02;5.504452e-01;4.934306e-02;2.470279e-02;1.530172e-02;4.930101e-02;1.438709e-02;3.109869e-02;1.250775e-01;4.064056e-02;2.923545e-02
4.031746e-02;1.129266e-01;5.147311e-01;4.113416e-02;2.059629e-02;3.883928e-02;2.412891e-02;2.267345e-02;5.824928e-02;5.710643e-02;4.120718e-02;2.808994e-02
6.505743e-02;1.434213e-01;4.476034e-01;5.514421e-02;3.321011e-02;4.727020e-02;8.797079e-03;2.470466e-02;7.112733e-02;3.625834e-02;2.543368e-02;4.197227e-02
8.740819e-02;1.208649e-01;4.068133e-01;8.604126e-02;5.333740e-02;2.690604e-02;1.593371e-02;1.820035e-02;4.579579e-02;5.354423e-02;3.517508e-02;4.997974e-02
8.145593e-02;1.001659e-01;3.395739e-01;1.043797e-01;5.859459e-02;1.717920e-02;3.629581e-02;3.401924e-02;3.889543e-02;6.450455e-02;6.330769e-02;6.162810e-02
6.385381e-02;7.131919e-02;2.367753e-01;1.153998e-01;5.944486e-02;2.817440e-02;7.023600e-02;4.039149e-02;9.362806e-02;5.806313e-02;6.227295e-02;1.004410e-01
7.764032e-02;6.092606e-02;1.556275e-01;1.166518e-01;5.695259e-02;4.470927e-02;8.249411e-02;4.488364e-02;8.573770e-02;7.772912e-02;6.159687e-02;1.350510e-01
8.059882e-02;5.908293e-02;1.827748e-01;9.747119e-02;7.074025e-02;5.574392e-02;4.827422e-02;5.357331e-02;6.839709e-02;9.020497e-02;7.280952e-02;1.203290e-01
8.149742e-02;5.540030e-02;1.468396e-01;9.255645e-02;7.180963e-02;7.235148e-02;5.931795e-02;4.940020e-02;8.567640e-02;7.746329e-02;6.929401e-02;1.383933e-01
8.551513e-02;5.010977e-02;8.546207e-02;1.030507e-01;8.515859e-02;9.388597e-02;9.232444e-02;3.927393e-02;7.923047e-02;7.335953e-02;5.928418e-02;1.533452e-01
7.451127e-02;4.287095e-02;1.367410e-01;1.143333e-01;8.942811e-02;7.023896e-02;9.308325e-02;5.768669e-02;3.863586e-02;7.645869e-02;8.987917e-02;1.161328e-01
8.003228e-02;4.275523e-02;1.528230e-01;1.380694e-01;1.049148e-01;5.061166e-02;5.965709e-02;4.432156e-02;5.497527e-02;8.698166e-02;1.318237e-01;5.303431e-02
9.599322e-02;5.300626e-02;1.275743e-01;6.803796e-02;1.085653e-01;4.511614e-02;1.255757e-01;7.042164e-02;8.153874e-02;6.872866e-02;1.020318e-01;5.341027e-02
7.951426e-02;7.030304e-02;1.408493e-01;5.194508e-02;7.108767e-02;5.640651e-02;1.717347e-01;7.235788e-02;7.427456e-02;7.969736e-02;6.310950e-02;6.872009e-02
7.492273e-02;4.608455e-02;2.351651e-01;2.557386e-02;7.277455e-02;5.329633e-02;2.901390e-01;3.839205e-02;3.795123e-02;5.516188e-02;4.145272e-02;2.908589e-02
7.603669e-02;4.201902e-02;2.353428e-01;2.490218e-02;7.601970e-02;5.510540e-02;2.931133e-01;3.463690e-02;3.854808e-02;5.442527e-02;4.287595e-02;2.697474e-02
7.236207e-02;3.883727e-02;2.293525e-01;2.804226e-02;8.026928e-02;5.644478e-02;2.901069e-01;3.635782e-02;4.052116e-02;5.728427e-02;4.523600e-02;2.518575e-02
6.328879e-02;3.002759e-02;2.326518e-01;3.040610e-02;8.465058e-02;5.623893e-02;2.798399e-01;4.519245e-02;4.540901e-02;6.060237e-02;5.043098e-02;2.126148e-02
6.488007e-02;4.213925e-02;1.857783e-01;5.287284e-02;9.006042e-02;4.961601e-02;2.023191e-01;8.765026e-02;8.257613e-02;6.415150e-02;5.344448e-02;2.451163e-02
5.776618e-02;2.841353e-02;1.289923e-01;5.426015e-02;8.679440e-02;6.355809e-02;1.826276e-01;8.646443e-02;9.681021e-02;1.063090e-01;5.698210e-02;5.102197e-02
4.563220e-02;4.480312e-02;7.326511e-02;5.516289e-02;1.000859e-01;6.966172e-02;2.342661e-01;8.456411e-02;1.055607e-01;1.019282e-01;4.946607e-02;3.560386e-02
5.415069e-02;3.031064e-02;2.206926e-01;4.586764e-02;1.433039e-01;9.989984e-02;1.945363e-01;4.560465e-02;5.525994e-02;5.243481e-02;3.526819e-02;2.267076e-02
3.426873e-02;1.255842e-02;3.294502e-01;4.950653e-02;1.366119e-01;8.203449e-02;2.520700e-01;1.561262e-02;3.094120e-02;2.667531e-02;1.791941e-02;1.235112e-02
3.020040e-02;2.225504e-02;3.949656e-01;5.530259e-02;1.064414e-01;6.131628e-02;2.200073e-01;1.923393e-02;2.437453e-02;3.546638e-02;1.832765e-02;1.210887e-02
2.598364e-02;2.764267e-02;5.289769e-01;5.854640e-02;7.227793e-02;3.330539e-02;1.464533e-01;1.508183e-02;2.202932e-02;4.539316e-02;1.589117e-02;8.418218e-03
1.089851e-02;2.123507e-02;6.681864e-01;7.180366e-02;4.568418e-02;6.279280e-03;7.573236e-02;1.395946e-02;1.646288e-02;5.783640e-02;8.259303e-03;3.662449e-03
9.528603e-03;8.891389e-03;6.713682e-01;1.108141e-01;5.363671e-02;1.313126e-02;3.313760e-02;7.298439e-03;1.671946e-02;6.069273e-02;1.120842e-02;3.573026e-03
1.005694e-02;2.709159e-02;5.759425e-01;1.253745e-01;6.275543e-02;1.779965e-02;3.365461e-02;1.336151e-02;4.127287e-02;7.184183e-02;1.129591e-02;9.552673e-03
1.846835e-02;6.747361e-02;4.500014e-01;9.182098e-02;4.936516e-02;3.666510e-02;2.933083e-02;1.330248e-02;1.155465e-01;9.657113e-02;1.128600e-02;2.016845e-02
4.617472e-02;1.334817e-01;2.546542e-01;4.020672e-02;3.211066e-02;5.261161e-02;2.422941e-02;2.327514e-02;2.477407e-01;9.933467e-02;1.938846e-02;2.679210e-02
8.926670e-02;1.964755e-01;1.238744e-01;1.761965e-02;3.384440e-02;4.617401e-02;1.928338e-02;4.861939e-02;3.111744e-01;6.098939e-02;3.546048e-02;1.721829e-02
1.520480e-01;2.457238e-01;7.606770e-02;2.101232e-02;3.758106e-02;2.244536e-02;1.809393e-02;6.243189e-02;2.748783e-01;2.484402e-02;5.002997e-02;1.484356e-02
1.892512e-01;2.414765e-01;6.389984e-02;3.101744e-02;4.781847e-02;2.033276e-02;2.539351e-02;7.152306e-02;1.894782e-01;2.209180e-02;7.567202e-02;2.204525e-02
1.689476e-01;2.040614e-01;7.027711e-02;4.525989e-02;6.564773e-02;3.724639e-02;2.656253e-02;6.823885e-02;1.719915e-01;2.627610e-02;8.668791e-02;2.880297e-02
1.360779e-01;1.937520e-01;8.902451e-02;5.674506e-02;7.717164e-02;2.556315e-02;3.177061e-02;6.303348e-02;2.022412e-01;2.787714e-02;6.929295e-02;2.745034e-02
1.064997e-01;2.655378e-01;7.773228e-02;4.996637e-02;5.347399e-02;4.677443e-02;2.616208e-02;4.340081e-02;2.504729e-01;2.244840e-02;3.411258e-02;2.341866e-02
7.639014e-02;3.485107e-01;6.244860e-02;3.421840e-02;2.383845e-02;6.347977e-02;1.713647e-02;2.225067e-02;2.975271e-01;8.865684e-03;1.564221e-02;2.969184e-02
6.537978e-02;3.688687e-01;7.203418e-02;2.733258e-02;1.002525e-02;7.044759e-02;7.512190e-03;9.112908e-03;3.224885e-01;7.874579e-03;1.362041e-02;2.530330e-02
5.942976e-02;3.150860e-01;7.513123e-02;2.410631e-02;1.071995e-02;7.763316e-02;4.432984e-03;7.872749e-03;3.590814e-01;1.697693e-02;1.009790e-02;3.943149e-02
3.006361e-02;2.365494e-01;9.456855e-02;1.865803e-02;8.019503e-03;7.989993e-02;6.294600e-03;3.218549e-02;4.194702e-01;2.253118e-02;4.800577e-03;4.695889e-02
3.869145e-02;1.672569e-01;1.268293e-01;1.088678e-02;7.613028e-03;5.742078e-02;1.411881e-02;6.994870e-02;4.224997e-01;3.520235e-02;5.326962e-03;4.420520e-02
1.072033e-01;1.480242e-01;1.567217e-01;1.724460e-02;1.023446e-02;3.942671e-02;2.698555e-02;7.369934e-02;3.305674e-01;4.200536e-02;8.351636e-03;3.953579e-02
1.724135e-01;1.769587e-01;2.005402e-01;3.294171e-02;1.733202e-02;3.202984e-02;3.155368e-02;5.130807e-02;1.881997e-01;4.172638e-02;1.396220e-02;4.103406e-02
1.364156e-01;2.028150e-01;3.449701e-01;4.777252e-02;1.988698e-02;3.247154e-02;3.378757e-02;2.859314e-02;6.265852e-02;3.385244e-02;1.378025e-02;4.299626e-02
6.864639e-02;2.634148e-01;4.072896e-01;5.626467e-02;1.136527e-02;4.204739e-02;1.424107e-02;1.018500e-02;7.049938e-02;2.023120e-02;8.615870e-03;2.719935e-02
1.513672e-01;2.366608e-01;3.713159e-01;5.706790e-02;1.587360e-02;3.311554e-02;1.623877e-02;1.775739e-02;3.725294e-02;2.633286e-02;1.705723e-02;1.995989e-02
2.425747e-01;1.480223e-01;2.379778e-01;4.962572e-02;3.515144e-02;3.852705e-02;3.079895e-02;4.523676e-02;5.186019e-02;5.178683e-02;3.314585e-02;3.529231e-02
2.208828e-01;1.735770e-01;1.656456e-01;5.523148e-02;5.868829e-02;6.020290e-02;4.382575e-02;4.988352e-02;5.846086e-02;4.041564e-02;3.741567e-02;3.577052e-02
2.180702e-01;2.248531e-01;2.706141e-01;3.843382e-02;3.867069e-02;3.749270e-02;2.401561e-02;3.530465e-02;2.817145e-02;1.954560e-02;3.436525e-02;3.046281e-02
2.448065e-01;2.652165e-01;2.877955e-01;2.003647e-02;1.745173e-02;2.126915e-02;1.754518e-02;2.169884e-02;4.540610e-02;2.046241e-02;1.975975e-02;1.855185e-02
3.000417e-01;2.633995e-01;2.533948e-01;1.188705e-02;2.099899e-02;8.800815e-03;1.738904e-02;1.772528e-02;5.050635e-02;2.053501e-02;1.659802e-02;1.872340e-02
3.672821e-01;2.093113e-01;1.821527e-01;1.047009e-02;3.842005e-02;1.125889e-02;1.345522e-02;3.418780e-02;4.829860e-02;2.029325e-02;2.715780e-02;3.771216e-02
3.450186e-01;1.338786e-01;1.148150e-01;2.923718e-02;4.604201e-02;2.601800e-02;4.549758e-02;6.715233e-02;4.465648e-02;3.738730e-02;3.771440e-02;7.258262e-02
2.097061e-01;6.809775e-02;9.788460e-02;6.764209e-02;4.336416e-02;4.907690e-02;1.158502e-01;7.839747e-02;5.012633e-02;7.506581e-02;4.811265e-02;9.667595e-02
9.417143e-02;5.394856e-02;9.367963e-02;7.799037e-02;3.419700e-02;7.004566e-02;1.468585e-01;7.050993e-02;5.870548e-02;1.045875e-01;8.706973e-02;1.082362e-01
7.420683e-02;6.064612e-02;9.204059e-02;6.746607e-02;5.092766e-02;9.329822e-02;1.088325e-01;6.276242e-02;7.969602e-02;1.042296e-01;1.022756e-01;1.036185e-01
4.715647e-02;8.037698e-02;1.179297e-01;5.790327e-02;5.954945e-02;7.696063e-02;1.318824e-01;6.013457e-02;1.309514e-01;9.584515e-02;7.702643e-02;6.428353e-02
7.420980e-02;1.035515e-01;1.269821e-01;6.061996e-02;4.141671e-02;7.754459e-02;1.316735e-01;5.541077e-02;1.715885e-01;8.133712e-02;4.566050e-02;3.000488e-02
6.547722e-02;8.872476e-02;2.214018e-01;4.602917e-02;7.407917e-02;5.816280e-02;1.062288e-01;3.763221e-02;1.208102e-01;7.906236e-02;6.620727e-02;3.618415e-02
8.158600e-02;9.854811e-02;3.390184e-01;4.937332e-02;5.216217e-02;3.825809e-02;9.644461e-02;3.559939e-02;6.720637e-02;4.904875e-02;4.991156e-02;4.284320e-02
1.114384e-01;1.681952e-01;3.647659e-01;3.817233e-02;2.738914e-02;4.177653e-02;4.244721e-02;2.302912e-02;9.993176e-02;2.665332e-02;2.746940e-02;2.873167e-02
1.215616e-01;2.543206e-01;3.393785e-01;2.902861e-02;8.797795e-03;4.399683e-02;1.268040e-02;9.917731e-03;1.264294e-01;9.077039e-03;1.141527e-02;3.339626e-02
1.233515e-01;3.083698e-01;2.924541e-01;3.262987e-02;5.553578e-03;4.327831e-02;3.677981e-03;4.684917e-03;1.304550e-01;8.109910e-03;4.969036e-03;4.246604e-02
1.624880e-01;3.453865e-01;2.251983e-01;3.332442e-02;5.281487e-03;3.499455e-02;4.926990e-03;7.371369e-03;1.267916e-01;4.304327e-03;4.220820e-03;4.571166e-02
2.416885e-01;3.664289e-01;1.481734e-01;2.957527e-02;4.835451e-03;2.109653e-02;5.738084e-03;1.685795e-02;1.161181e-01;4.386229e-03;1.087789e-02;3.422369e-02
3.358680e-01;3.516090e-01;9.935120e-02;1.894811e-02;1.077117e-02;8.672888e-03;8.580497e-03;2.700205e-02;9.060552e-02;5.564208e-03;2.447816e-02;1.854916e-02
4.078384e-01;3.026244e-01;8.536793e-02;9.355146e-03;1.936530e-02;2.861646e-03;8.431007e-03;3.411571e-02;7.217158e-02;6.741610e-03;3.502880e-02;1.609846e-02
4.459357e-01;2.638943e-01;7.920782e-02;8.090064e-03;2.220125e-02;3.198395e-03;1.203368e-02;3.638798e-02;6.338332e-02;5.748277e-03;3.780806e-02;2.211112e-02
4.428577e-01;2.392160e-01;1.064417e-01;1.190147e-02;1.843729e-02;5.880077e-03;1.067995e-02;3.000100e-02;6.007361e-02;8.090176e-03;3.549519e-02;3.092580e-02
3.959939e-01;2.118617e-01;1.489304e-01;1.398380e-02;8.062698e-03;1.150607e-02;2.334040e-02;2.445145e-02;6.158484e-02;1.240079e-02;3.982295e-02;4.806095e-02
2.713834e-01;1.560889e-01;1.672291e-01;2.807241e-02;2.660672e-02;2.640035e-02;6.969924e-02;5.869555e-02;5.379693e-02;2.097181e-02;4.450665e-02;7.654887e-02
9.338143e-02;1.207479e-01;2.056117e-01;7.071216e-02;4.270742e-02;3.511125e-02;1.338615e-01;7.565917e-02;3.588795e-02;5.128532e-02;4.259721e-02;9.243701e-02
2.063920e-01;1.086907e-01;1.944175e-01;5.706920e-02;5.573584e-02;3.186712e-02;1.236774e-01;4.953889e-02;2.749583e-02;5.293051e-02;3.665760e-02;5.552734e-02
2.101575e-01;7.941539e-02;1.759765e-01;5.067231e-02;7.029565e-02;3.760672e-02;1.573954e-01;4.371810e-02;3.296814e-02;6.118032e-02;4.297942e-02;3.763452e-02
1.991387e-01;3.670397e-02;2.528598e-01;4.109362e-02;7.318145e-02;3.475709e-02;1.531242e-01;5.796557e-02;2.529572e-02;4.763645e-02;3.074268e-02;4.750082e-02
2.639326e-01;5.621394e-02;2.654100e-01;1.752151e-02;4.748677e-02;2.064252e-02;8.119673e-02;8.739915e-02;2.005797e-02;3.604626e-02;5.079083e-02;5.330173e-02
3.406412e-01;6.877947e-02;2.520443e-01;1.102345e-02;2.478535e-02;1.223241e-02;3.426912e-02;9.838616e-02;1.907101e-02;2.271377e-02;5.051500e-02;6.553876e-02
3.561334e-01;6.008482e-02;2.030202e-01;1.165635e-02;1.460207e-02;2.104246e-02;5.277162e-02;9.257162e-02;1.823416e-02;3.053396e-02;5.459005e-02;8.475929e-02
3.496975e-01;4.128204e-02;1.699317e-01;1.277705e-02;1.005059e-02;3.164111e-02;7.151056e-02;8.480652e-02;1.821651e-02;3.955853e-02;6.673014e-02;1.037977e-01
3.092331e-01;4.230845e-02;1.423443e-01;4.101291e-02;2.445636e-02;2.915474e-02;9.486145e-02;6.820276e-02;2.517257e-02;5.237444e-02;6.692676e-02;1.039522e-01
2.695341e-01;9.812110e-02;1.518279e-01;5.711192e-02;4.994630e-02;3.720341e-02;6.721210e-02;7.698083e-02;3.611853e-02;4.463450e-02;4.533856e-02;6.597073e-02
2.852016e-01;1.102025e-01;1.609710e-01;4.643958e-02;5.455140e-02;3.401010e-02;6.216944e-02;8.784281e-02;3.475920e-02;3.107461e-02;3.268160e-02;6.009605e-02
3.746496e-01;9.355537e-02;1.089440e-01;2.591967e-02;4.822977e-02;2.590768e-02;6.524943e-02;1.150738e-01;2.892489e-02;2.258821e-02;2.310756e-02;6.785003e-02
4.040089e-01;7.461950e-02;7.517474e-02;1.319840e-02;2.595016e-02;4.284639e-02;7.049207e-02;1.304512e-01;5.916932e-02;2.290816e-02;1.919450e-02;6.198661e-02
3.875196e-01;5.223595e-02;5.528649e-02;1.205879e-02;1.234766e-02;6.752578e-02;8.786705e-02;1.223276e-01;8.169380e-02;3.187623e-02;1.706027e-02;7.220073e-02
3.745053e-01;4.378061e-02;4.382492e-02;1.516834e-02;7.711380e-03;7.566794e-02;1.052787e-01;1.068539e-01;7.349385e-02;5.638714e-02;1.521984e-02;8.210813e-02
3.385633e-01;3.305813e-02;3.208176e-02;2.489537e-02;5.599730e-03;7.425655e-02;1.362807e-01;8.908232e-02;4.812291e-02;1.043740e-01;1.517023e-02;9.851504e-02
3.089349e-01;2.120574e-02;2.543177e-02;3.537735e-02;3.592436e-03;6.408496e-02;1.581694e-01;7.397304e-02;3.624956e-02;1.437155e-01;1.688994e-02;1.123753e-01
2.876795e-01;2.593520e-02;2.494118e-02;4.671434e-02;3.480116e-03;4.883118e-02;1.721663e-01;6.744910e-02;3.073687e-02;1.512264e-01;1.685708e-02;1.239827e-01
2.624509e-01;2.562493e-02;2.716688e-02;5.964556e-02;4.594786e-03;3.725914e-02;2.052947e-01;5.907312e-02;1.781651e-02;1.367452e-01;2.136954e-02;1.429586e-01
2.347438e-01;2.549858e-02;2.277266e-02;6.930892e-02;7.138457e-03;2.289792e-02;2.468584e-01;4.995153e-02;1.399279e-02;1.143086e-01;2.765895e-02;1.648694e-01
2.102155e-01;1.903768e-02;2.980495e-02;7.097562e-02;7.334842e-03;1.288169e-02;2.494378e-01;5.275914e-02;1.652596e-02;1.174650e-01;3.339796e-02;1.801639e-01
2.226239e-01;1.997293e-02;4.057137e-02;6.207558e-02;6.337761e-03;1.996624e-02;2.014472e-01;5.721900e-02;2.209056e-02;1.261152e-01;3.940496e-02;1.821753e-01
2.650987e-01;2.450643e-02;4.802631e-02;5.185068e-02;6.488582e-03;3.187314e-02;1.575914e-01;4.856411e-02;2.223437e-02;1.226980e-01;5.557711e-02;1.654911e-01
2.742571e-01;5.753990e-02;1.103834e-01;3.845330e-02;1.829647e-02;3.933650e-02;1.056992e-01;4.465402e-02;3.112293e-02;1.067895e-01;6.180095e-02;1.116668e-01
2.265607e-01;7.966366e-02;1.833479e-01;3.370950e-02;3.668166e-02;3.508781e-02;8.200701e-02;5.846636e-02;3.012853e-02;9.378920e-02;7.526882e-02;6.528884e-02
1.139145e-01;7.494669e-02;2.021344e-01;5.170989e-02;5.796352e-02;4.360732e-02;1.107684e-01;7.134356e-02;2.366919e-02;9.804556e-02;1.056661e-01;4.623085e-02
6.554264e-02;4.659387e-02;1.542234e-01;5.728377e-02;6.502432e-02;5.064710e-02;1.165635e-01;4.883948e-02;5.009447e-02;1.279163e-01;1.467167e-01;7.055444e-02
8.840138e-02;3.201631e-02;1.274809e-01;4.600770e-02;7.479055e-02;4.933540e-02;8.524157e-02;2.719366e-02;4.742730e-02;1.446259e-01;1.876694e-01;8.980996e-02
7.641208e-02;4.032186e-02;9.877715e-02;3.363623e-02;7.106353e-02;4.859275e-02;7.155958e-02;4.395171e-02;5.529016e-02;1.549928e-01;2.344336e-01;7.096852e-02
1.176008e-01;6.265997e-02;1.188758e-01;4.153313e-02;6.758743e-02;5.656532e-02;1.021343e-01;5.570573e-02;6.759205e-02;1.100545e-01;1.314847e-01;6.820615e-02
1.864303e-01;7.473422e-02;1.327589e-01;4.040573e-02;6.098243e-02;4.565915e-02;8.547538e-02;5.436968e-02;5.580756e-02;7.572484e-02;8.290796e-02;1.047439e-01
2.178742e-01;5.963124e-02;9.337297e-02;3.252621e-02;4.755460e-02;3.921235e-02;8.481782e-02;4.389087e-02;5.128068e-02;7.504602e-02;1.126104e-01;1.421826e-01
1.423437e-01;3.306129e-02;9.164901e-02;2.512548e-02;3.215206e-02;5.846759e-02;1.091259e-01;3.205428e-02;5.992315e-02;9.527566e-02;1.764216e-01;1.444002e-01
3.943733e-02;3.350159e-02;1.257009e-01;1.843085e-02;2.270577e-02;6.847108e-02;1.033629e-01;3.009806e-02;6.730816e-02;1.156457e-01;2.513976e-01;1.239401e-01
5.834797e-02;3.227475e-02;1.332807e-01;2.850231e-02;1.990310e-02;6.647106e-02;7.329917e-02;3.652170e-02;4.583131e-02;1.231392e-01;2.833841e-01;9.904460e-02
6.240119e-02;4.569914e-02;1.483977e-01;3.760997e-02;4.461565e-02;8.510597e-02;8.463163e-02;3.732668e-02;2.942417e-02;1.271388e-01;2.226093e-01;7.503980e-02
5.638807e-02;3.902393e-02;1.419425e-01;4.409549e-02;7.464532e-02;1.199647e-01;7.868756e-02;3.158658e-02;3.328528e-02;1.300192e-01;1.921580e-01;5.820344e-02
6.684536e-02;1.038054e-01;9.862171e-02;4.325751e-02;9.151024e-02;1.173259e-01;6.073153e-02;3.520947e-02;4.547550e-02;1.082343e-01;1.745058e-01;5.447716e-02
4.920179e-02;1.425961e-01;1.520692e-01;3.437271e-02;1.168259e-01;1.116643e-01;5.616382e-02;2.273466e-02;5.131634e-02;7.344534e-02;1.344923e-01;5.511752e-02
5.047773e-02;1.091963e-01;1.587278e-01;2.692279e-02;1.991454e-01;1.047386e-01;6.132869e-02;2.411056e-02;6.618178e-02;6.424637e-02;8.087864e-02;5.404524e-02
8.531652e-02;7.793302e-02;1.271900e-01;4.805924e-02;2.646620e-01;6.225837e-02;7.155849e-02;3.175751e-02;8.259852e-02;7.170350e-02;2.093230e-02;5.603054e-02
6.921192e-02;6.207754e-02;1.754969e-01;8.775246e-02;1.969403e-01;6.054494e-02;7.652389e-02;5.221339e-02;5.515376e-02;4.524881e-02;5.470245e-02;6.413361e-02
6.301269e-02;8.449724e-02;1.739790e-01;1.563997e-01;1.277575e-01;8.743420e-02;7.682922e-02;4.825481e-02;2.867632e-02;4.865812e-02;6.085726e-02;4.364392e-02
