6.589517e-02;4.465482e-02;7.166571e-02;6.244549e-02;6.423189e-02;6.430753e-02;1.950542e-01;1.494513e-01;6.361723e-02;7.712731e-02;7.087515e-02;7.067408e-02
6.687049e-02;6.918371e-02;9.066574e-02;4.659394e-02;6.034531e-02;7.037555e-02;1.603354e-01;1.245283e-01;7.546482e-02;7.487199e-02;8.534916e-02;7.541554e-02
7.542510e-02;8.729397e-02;1.074853e-01;4.210979e-02;5.796973e-02;7.386519e-02;1.218243e-01;1.231819e-01;8.025821e-02;1.069595e-01;6.589193e-02;5.773504e-02
6.203838e-02;1.002672e-01;1.037793e-01;2.383304e-02;3.967875e-02;9.619671e-02;1.296667e-01;9.207661e-02;9.125680e-02;1.426585e-01;6.776390e-02;5.078408e-02
5.774419e-02;1.055270e-01;1.154888e-01;7.122763e-02;2.048356e-02;7.052494e-02;1.024145e-01;7.488114e-02;1.488203e-01;1.101654e-01;6.119112e-02;6.153145e-02
4.829478e-02;1.118616e-01;8.672292e-02;8.382069e-02;3.273838e-02;4.806568e-02;1.127565e-01;1.309081e-01;1.795746e-01;5.306457e-02;4.363061e-02;6.856151e-02
4.602411e-02;7.739235e-02;7.505018e-02;5.603635e-02;5.717973e-02;3.874833e-02;1.634956e-01;2.401061e-01;1.095745e-01;4.367919e-02;4.088562e-02;5.182800e-02
9.020922e-02;7.142363e-02;6.420251e-02;6.481385e-02;5.052023e-02;4.716014e-02;1.958096e-01;2.396592e-01;7.151062e-02;3.236275e-02;2.678808e-02;4.554010e-02
1.103936e-01;1.091288e-01;1.068658e-01;5.883415e-02;5.317584e-02;4.678456e-02;1.973533e-01;1.660526e-01;5.669758e-02;1.742032e-02;2.459129e-02;5.270216e-02
1.174231e-01;1.012098e-01;1.101489e-01;3.598166e-02;7.462710e-02;1.020830e-01;1.694022e-01;1.166007e-01;4.838960e-02;4.097151e-02;3.836994e-02;4.479256e-02
1.190603e-01;4.685806e-02;1.079391e-01;5.790137e-02;8.849313e-02;1.446919e-01;1.678058e-01;8.225647e-02;4.670865e-02;5.882285e-02;5.410260e-02;2.535971e-02
1.067408e-01;4.154971e-02;1.161926e-01;8.161580e-02;8.476350e-02;1.518273e-01;1.239681e-01;1.074123e-01;2.252895e-02;5.502485e-02;5.729913e-02;5.107699e-02
9.079820e-02;5.534324e-02;8.335239e-02;6.157671e-02;1.253328e-01;1.404781e-01;1.399840e-01;8.636206e-02;4.972597e-02;4.697218e-02;3.635547e-02;8.371888e-02
6.267931e-02;5.686521e-02;7.782220e-02;3.447929e-02;1.994563e-01;1.498275e-01;1.058362e-01;2.297021e-02;7.794732e-02;6.970290e-02;3.352780e-02;1.088857e-01
7.245714e-02;8.114354e-02;1.335041e-01;6.061949e-02;1.615225e-01;1.177535e-01;7.736284e-02;4.509687e-02;7.650239e-02;4.503337e-02;5.363921e-02;7.536495e-02
5.035196e-02;9.935118e-02;1.650841e-01;1.039697e-01;1.067420e-01;8.413696e-02;4.173862e-02;4.455125e-02;6.240809e-02;5.020934e-02;7.807376e-02;1.133830e-01
4.275943e-02;9.970260e-02;1.833211e-01;1.092852e-01;8.606759e-02;7.918832e-02;7.183210e-02;4.810039e-02;2.884828e-02;5.695966e-02;8.136823e-02;1.125671e-01
5.955140e-02;5.741963e-02;1.581936e-01;9.397091e-02;6.336450e-02;6.775685e-02;1.227062e-01;3.032043e-02;7.829215e-02;9.832761e-02;9.061176e-02;7.948498e-02
9.180536e-02;1.242522e-01;1.543144e-01;4.266889e-02;5.213043e-02;5.234554e-02;1.927394e-01;4.169339e-02;4.999710e-02;6.881742e-02;8.340196e-02;4.583394e-02
1.004825e-01;1.926519e-01;1.121332e-01;2.491398e-02;3.561909e-02;5.027536e-02;2.634877e-01;3.840403e-02;2.401262e-02;4.735149e-02;7.701278e-02;3.365547e-02
7.515994e-02;2.427377e-01;9.912476e-02;1.511857e-02;3.496652e-02;4.319455e-02;3.360553e-01;2.501062e-02;1.135029e-02;2.428481e-02;7.323506e-02;1.976193e-02
3.874410e-02;2.314409e-01;1.383808e-01;1.601210e-02;5.576621e-02;2.869628e-02;3.618514e-01;2.722053e-02;9.768355e-03;1.060023e-02;6.884007e-02;1.267902e-02
3.339143e-02;2.022097e-01;1.328114e-01;1.812886e-02;8.265052e-02;3.171524e-02;3.660334e-01;3.293156e-02;1.125309e-02;1.142885e-02;6.832433e-02;9.121530e-03
2.993510e-02;1.953184e-01;8.795986e-02;3.100802e-02;1.003065e-01;3.471950e-02;3.738335e-01;3.383575e-02;1.472392e-02;2.024616e-02;7.297320e-02;5.140020e-03
7.134391e-02;1.739559e-01;3.340484e-02;8.051584e-02;9.617951e-02;3.440806e-02;3.361588e-01;3.492709e-02;1.577686e-02;4.668217e-02;6.625871e-02;1.038832e-02
1.457406e-01;1.196729e-01;4.028727e-02;1.621885e-01;7.348999e-02;6.399040e-02;2.243828e-01;2.650244e-02;1.817056e-02;7.133769e-02;4.150138e-02;1.273536e-02
1.833534e-01;8.049587e-02;1.217704e-01;1.886478e-01;6.748792e-02;8.893672e-02;9.382851e-02;1.551368e-02;4.759735e-02;6.719855e-02;2.558139e-02;1.958833e-02
1.299521e-01;5.230458e-02;2.195576e-01;9.873617e-02;9.299183e-02;9.091319e-02;1.350789e-01;1.124410e-02;7.978782e-02;3.334685e-02;2.284371e-02;3.324300e-02
8.041250e-02;2.725671e-02;2.756549e-01;3.704193e-02;1.255344e-01;7.743724e-02;1.399432e-01;1.330918e-02;1.166251e-01;1.932574e-02;2.492314e-02;6.253604e-02
7.294711e-02;3.795884e-02;2.655943e-01;3.510369e-02;1.412556e-01;4.628364e-02;1.010015e-01;1.969430e-02;1.426405e-01;2.987510e-02;2.549548e-02;8.214996e-02
6.627052e-02;4.028938e-02;2.496998e-01;3.350762e-02;1.581889e-01;5.667584e-02;6.828005e-02;2.829068e-02;1.441420e-01;3.278653e-02;2.965903e-02;9.220972e-02
7.003957e-02;3.301344e-02;2.359363e-01;4.710653e-02;1.825109e-01;8.630348e-02;7.131161e-02;1.503746e-02;1.128874e-01;2.904213e-02;3.074517e-02;8.606596e-02
4.831730e-02;4.636658e-02;2.088370e-01;7.375558e-02;2.218608e-01;8.097360e-02;7.783734e-02;4.436113e-02;8.664753e-02;2.181599e-02;2.232349e-02;6.690364e-02
2.296232e-02;6.800575e-02;1.717625e-01;8.609456e-02;2.259254e-01;6.257112e-02;9.289804e-02;5.213586e-02;8.966503e-02;2.672077e-02;4.686563e-02;5.439304e-02
4.468001e-02;6.235287e-02;1.345025e-01;5.838196e-02;1.627459e-01;6.433541e-02;1.579781e-01;4.699313e-02;1.182133e-01;3.180037e-02;4.441877e-02;7.359765e-02
1.499428e-01;6.465743e-02;5.637103e-02;1.898086e-02;7.873084e-02;8.840540e-02;2.305385e-01;3.777814e-02;1.012247e-01;8.180234e-02;2.002545e-02;7.154252e-02
1.816622e-01;9.070069e-02;5.649407e-02;2.508123e-02;4.144349e-02;9.835343e-02;2.327307e-01;2.102772e-02;5.346003e-02;1.136589e-01;4.637140e-02;3.901618e-02
1.587597e-01;1.195529e-01;6.723063e-02;3.138343e-02;3.769101e-02;1.049375e-01;2.573276e-01;1.288471e-02;1.824806e-02;1.123209e-01;5.958217e-02;2.008143e-02
1.068770e-01;1.562736e-01;8.947301e-02;2.729186e-02;2.806124e-02;9.037007e-02;3.039868e-01;1.562256e-02;9.622003e-03;8.498092e-02;7.527549e-02;1.216553e-02
7.259746e-02;1.699600e-01;9.022023e-02;1.545118e-02;1.951562e-02;6.372495e-02;3.688009e-01;3.053035e-02;1.248497e-02;5.896142e-02;9.025933e-02;7.493564e-03
6.613826e-02;1.593188e-01;5.164695e-02;7.234414e-03;1.345616e-02;6.058602e-02;4.231949e-01;3.325015e-02;1.116042e-02;7.062395e-02;9.720245e-02;6.187605e-03
8.140624e-02;1.324765e-01;2.228048e-02;8.952553e-03;1.316752e-02;8.896560e-02;4.358715e-01;1.662496e-02;9.008109e-03;8.992504e-02;9.728760e-02;4.033865e-03
1.076455e-01;9.674056e-02;1.344367e-02;1.977108e-02;2.122281e-02;1.449948e-01;3.759228e-01;1.549771e-02;2.530612e-02;1.110054e-01;6.476233e-02;3.687277e-03
1.335311e-01;6.457121e-02;7.939558e-03;2.463053e-02;4.800647e-02;2.157062e-01;2.827620e-01;1.540602e-02;3.540950e-02;1.354517e-01;2.781633e-02;8.769479e-03
1.389159e-01;4.205856e-02;3.072213e-02;3.180103e-02;9.953792e-02;2.718644e-01;1.902652e-01;8.818535e-03;2.817415e-02;1.177344e-01;2.264720e-02;1.746054e-02
1.040224e-01;2.852494e-02;8.481510e-02;4.160877e-02;1.366750e-01;2.529448e-01;1.690097e-01;1.136303e-02;2.749354e-02;7.806528e-02;3.963936e-02;2.583802e-02
6.425703e-02;2.381381e-02;1.261075e-01;3.958920e-02;1.574173e-01;1.648420e-01;1.886882e-01;1.867913e-02;5.929043e-02;9.152046e-02;4.240043e-02;2.339453e-02
3.129104e-02;3.681137e-02;1.465974e-01;4.410775e-02;1.750478e-01;9.239078e-02;2.371579e-01;3.831302e-02;6.612728e-02;7.255573e-02;3.654195e-02;2.305802e-02
4.278618e-02;5.688182e-02;1.885951e-01;6.216999e-02;1.783797e-01;1.125705e-01;1.939705e-01;4.006035e-02;4.941152e-02;3.578732e-02;1.800357e-02;2.138339e-02
3.402235e-02;5.035068e-02;2.711650e-01;8.256606e-02;1.421806e-01;1.264891e-01;1.364516e-01;4.487409e-02;2.422888e-02;3.576076e-02;3.218657e-02;1.972435e-02
2.214934e-02;3.380638e-02;3.493952e-01;1.007034e-01;1.332779e-01;1.291193e-01;9.973331e-02;3.742723e-02;1.453096e-02;2.657869e-02;4.049553e-02;1.278288e-02
3.752010e-02;3.290195e-02;3.973893e-01;9.998806e-02;1.122015e-01;9.853166e-02;1.145974e-01;2.757318e-02;1.961800e-02;1.144638e-02;3.394097e-02;1.429149e-02
5.106792e-02;3.559854e-02;4.314245e-01;1.065856e-01;8.775961e-02;6.776553e-02;9.879736e-02;3.242240e-02;2.036197e-02;2.465328e-02;3.050879e-02;1.305451e-02
5.049270e-02;3.395241e-02;3.822901e-01;1.024374e-01;5.524964e-02;6.994793e-02;1.036358e-01;4.801038e-02;2.287988e-02;5.388660e-02;5.817589e-02;1.904137e-02
4.803736e-02;5.256811e-02;1.516242e-01;7.269780e-02;7.839448e-02;7.680148e-02;1.731778e-01;4.733575e-02;5.271688e-02;1.011784e-01;1.018494e-01;4.361840e-02
6.147346e-02;6.206657e-02;6.811300e-02;5.435948e-02;1.194169e-01;7.043328e-02;1.807866e-01;4.044478e-02;6.461363e-02;9.782006e-02;9.344941e-02;8.702281e-02
9.384540e-02;8.265080e-02;8.619609e-02;4.800380e-02;1.588960e-01;7.370562e-02;1.089778e-01;2.819961e-02;7.525302e-02;6.057749e-02;5.400632e-02;1.296880e-01
1.255766e-01;1.485329e-01;9.819924e-02;4.189904e-02;1.539971e-01;9.747602e-02;7.873955e-02;1.635441e-02;6.693561e-02;4.144510e-02;2.577440e-02;1.050701e-01
1.520395e-01;1.656675e-01;8.351423e-02;3.419210e-02;1.013941e-01;1.191888e-01;1.849982e-01;2.340313e-02;3.667520e-02;4.207512e-02;1.692231e-02;3.992985e-02
1.103692e-01;1.425353e-01;8.696990e-02;2.879820e-02;5.919582e-02;1.075185e-01;3.213869e-01;3.302263e-02;2.841021e-02;3.250386e-02;2.081570e-02;2.847380e-02
6.233900e-02;1.584179e-01;1.094889e-01;2.212073e-02;5.157284e-02;6.596228e-02;3.661662e-01;6.102998e-02;2.438611e-02;2.286297e-02;3.202375e-02;2.362936e-02
4.781063e-02;9.670937e-02;2.013910e-01;2.454357e-02;4.895959e-02;4.643608e-02;2.993225e-01;1.141710e-01;2.713436e-02;3.649508e-02;2.183101e-02;3.519595e-02
2.587553e-02;1.199108e-01;2.253601e-01;4.562815e-02;3.714012e-02;5.968850e-02;1.891301e-01;1.278249e-01;5.969318e-02;4.523425e-02;1.496488e-02;4.954945e-02
5.406903e-02;1.687080e-01;1.482731e-01;8.787931e-02;4.896527e-02;5.917799e-02;1.094387e-01;8.693766e-02;1.222655e-01;4.587067e-02;3.118227e-02;3.723260e-02
1.230826e-01;1.632033e-01;8.922900e-02;1.264452e-01;5.550713e-02;3.155718e-02;6.201680e-02;4.248137e-02;1.820171e-01;6.059043e-02;4.661337e-02;1.725652e-02
1.918847e-01;1.017540e-01;5.640487e-02;1.333643e-01;6.192619e-02;3.159567e-02;8.099516e-02;2.397455e-02;1.890459e-01;7.755113e-02;4.352273e-02;7.980719e-03
1.964705e-01;5.363240e-02;7.220928e-02;1.304189e-01;8.351792e-02;5.764982e-02;9.135339e-02;1.560216e-02;1.501219e-01;1.049607e-01;2.974321e-02;1.431989e-02
1.292246e-01;3.483319e-02;6.327724e-02;1.148872e-01;8.924048e-02;7.976222e-02;1.115465e-01;1.761765e-02;1.255075e-01;1.231944e-01;9.460144e-02;1.630753e-02
6.966705e-02;4.718595e-02;8.983905e-02;7.742866e-02;5.691402e-02;7.494440e-02;1.449587e-01;3.542002e-02;1.180313e-01;1.041528e-01;1.509944e-01;3.046363e-02
8.016369e-02;6.861385e-02;1.080528e-01;5.076278e-02;4.165048e-02;6.425080e-02;1.591152e-01;5.368305e-02;9.829827e-02;1.000713e-01;1.358671e-01;3.947063e-02
6.815837e-02;8.123836e-02;1.411330e-01;4.866240e-02;4.591965e-02;5.750494e-02;1.842301e-01;6.688837e-02;9.091816e-02;1.026589e-01;7.568779e-02;3.699987e-02
6.358105e-02;6.443749e-02;1.693031e-01;6.291193e-02;4.129072e-02;5.644425e-02;1.728560e-01;9.232142e-02;7.361071e-02;1.080285e-01;5.382532e-02;4.138944e-02
5.591607e-02;3.984786e-02;1.550274e-01;4.655632e-02;5.042548e-02;1.017315e-01;1.332096e-01;1.285373e-01;9.784097e-02;1.206828e-01;4.149337e-02;2.873137e-02
4.830796e-02;2.615651e-02;1.066627e-01;7.610462e-02;6.094282e-02;8.620422e-02;1.193287e-01;1.041252e-01;1.770968e-01;1.066707e-01;7.072164e-02;1.767811e-02
5.402258e-02;2.082465e-02;4.997252e-02;1.215044e-01;5.641201e-02;4.977553e-02;1.131828e-01;6.750206e-02;2.416918e-01;1.014320e-01;1.045989e-01;1.908073e-02
6.178554e-02;2.078859e-02;3.576436e-02;1.409184e-01;3.907757e-02;2.482943e-02;7.915191e-02;4.318387e-02;2.696961e-01;1.100051e-01;1.660930e-01;8.706137e-03
6.238253e-02;2.922200e-02;6.707004e-02;1.104681e-01;2.904714e-02;3.404175e-02;1.147771e-01;5.588247e-02;2.106031e-01;8.158109e-02;1.763994e-01;2.852522e-02
4.694626e-02;3.995358e-02;1.162026e-01;7.455253e-02;3.247613e-02;4.796472e-02;1.824344e-01;8.833270e-02;1.267860e-01;7.398917e-02;1.226500e-01;4.771188e-02
5.327127e-02;6.382845e-02;1.293626e-01;4.087270e-02;3.463443e-02;5.689637e-02;2.621832e-01;1.034627e-01;6.542468e-02;8.111425e-02;6.308240e-02;4.586696e-02
1.046778e-01;9.305974e-02;1.020276e-01;3.072435e-02;4.959331e-02;7.497089e-02;2.390043e-01;7.489389e-02;5.379677e-02;7.178489e-02;7.267556e-02;3.279088e-02
1.463347e-01;9.833981e-02;7.137128e-02;3.411056e-02;8.455530e-02;9.528434e-02;2.006876e-01;4.592914e-02;5.103011e-02;4.817471e-02;6.702116e-02;5.716135e-02
1.052311e-01;8.967667e-02;9.463648e-02;4.699990e-02;1.352371e-01;8.252338e-02;1.371746e-01;2.740438e-02;6.830806e-02;5.987700e-02;5.373703e-02;9.919418e-02
5.363739e-02;7.456812e-02;1.089943e-01;7.934529e-02;1.459965e-01;6.365970e-02;1.221567e-01;2.980349e-02;6.481068e-02;9.766042e-02;4.048448e-02;1.188829e-01
7.045335e-02;6.244440e-02;1.206887e-01;7.987832e-02;1.368533e-01;5.030295e-02;1.015807e-01;2.904847e-02;4.789210e-02;9.475589e-02;6.635154e-02;1.397503e-01
9.247167e-02;3.667581e-02;1.052108e-01;6.393807e-02;1.584085e-01;6.934223e-02;1.093599e-01;2.505829e-02;4.509227e-02;4.904480e-02;7.591318e-02;1.694845e-01
1.082418e-01;3.309548e-02;8.679901e-02;4.832905e-02;1.497770e-01;9.663308e-02;1.159918e-01;3.926632e-02;4.615905e-02;2.748644e-02;7.567526e-02;1.725457e-01
1.511917e-01;4.066522e-02;1.002989e-01;4.029518e-02;1.270169e-01;8.326020e-02;8.410464e-02;3.964718e-02;7.741984e-02;2.465416e-02;8.345339e-02;1.479927e-01
1.991436e-01;4.521667e-02;6.868765e-02;3.203468e-02;1.141534e-01;7.623997e-02;1.252653e-01;3.920333e-02;7.791686e-02;4.228947e-02;1.000338e-01;7.981531e-02
2.145737e-01;7.014239e-02;3.947319e-02;3.052920e-02;9.239485e-02;9.105183e-02;1.685928e-01;4.124645e-02;5.516734e-02;5.793645e-02;9.122509e-02;4.766671e-02
2.037895e-01;7.090371e-02;6.278758e-02;2.514753e-02;8.862941e-02;7.956214e-02;1.742559e-01;3.134684e-02;4.601510e-02;5.414792e-02;1.021329e-01;6.128146e-02
1.870678e-01;4.876808e-02;8.210664e-02;2.141745e-02;1.065752e-01;5.902509e-02;1.451457e-01;2.015988e-02;7.335446e-02;4.373820e-02;1.286781e-01;8.396337e-02
1.640384e-01;5.535233e-02;9.385087e-02;2.996785e-02;1.251883e-01;5.006153e-02;1.043130e-01;2.851744e-02;7.880981e-02;5.239223e-02;1.064547e-01;1.110535e-01
1.156043e-01;7.567108e-02;1.315005e-01;6.210822e-02;1.353645e-01;4.348401e-02;8.871614e-02;6.729949e-02;3.851365e-02;6.786733e-02;6.002404e-02;1.138467e-01
6.007322e-02;5.822475e-02;1.883805e-01;7.230248e-02;7.525652e-02;3.533366e-02;6.195183e-02;9.317736e-02;4.823951e-02;1.257655e-01;1.196569e-01;6.163781e-02
8.031199e-02;5.849034e-02;1.585848e-01;6.960518e-02;5.870536e-02;4.860671e-02;5.959541e-02;8.006927e-02;4.806108e-02;1.557095e-01;1.266887e-01;5.557164e-02
7.932809e-02;9.206131e-02;1.275314e-01;6.935320e-02;7.876388e-02;7.692587e-02;6.360637e-02;6.995499e-02;5.970770e-02;1.033664e-01;1.282045e-01;5.119615e-02
1.118165e-01;7.984569e-02;9.793817e-02;6.828114e-02;9.764507e-02;7.270796e-02;4.136812e-02;6.468734e-02;8.067962e-02;9.451694e-02;1.252831e-01;6.523041e-02
1.358970e-01;7.403018e-02;6.261167e-02;7.974879e-02;1.181006e-01;8.163700e-02;8.670266e-02;6.408432e-02;6.641348e-02;7.958616e-02;8.632622e-02;6.486201e-02
1.022989e-01;4.772484e-02;7.096371e-02;8.008855e-02;1.289529e-01;7.659346e-02;9.519015e-02;6.509074e-02;6.295407e-02;9.531654e-02;1.193411e-01;5.548507e-02
5.122273e-02;4.721040e-02;1.052204e-01;8.731843e-02;1.371163e-01;1.200274e-01;1.132208e-01;7.630970e-02;6.998105e-02;6.377555e-02;9.888798e-02;2.970931e-02
5.486677e-02;4.191926e-02;8.776199e-02;1.294425e-01;1.273308e-01;1.160887e-01;1.042377e-01;9.697075e-02;8.418705e-02;3.195429e-02;9.195305e-02;3.328725e-02
7.679784e-02;5.762478e-02;1.557951e-01;1.115078e-01;1.086488e-01;5.650062e-02;9.846949e-02;1.051295e-01;6.939880e-02;4.729461e-02;8.371580e-02;2.911692e-02
7.979789e-02;6.090126e-02;1.567040e-01;5.706646e-02;1.171392e-01;7.428099e-02;1.614104e-01;1.113056e-01;6.502631e-02;4.429309e-02;5.134755e-02;2.072731e-02
5.226232e-02;4.966740e-02;1.323775e-01;7.426591e-02;8.169462e-02;9.807608e-02;1.676079e-01;1.606769e-01;7.372117e-02;4.787473e-02;2.560697e-02;3.616841e-02
2.791328e-02;3.663620e-02;1.801111e-01;6.351129e-02;5.142063e-02;1.133176e-01;1.339805e-01;2.204136e-01;6.422528e-02;4.051335e-02;1.268330e-02;5.527399e-02
6.641841e-03;2.042248e-02;2.433377e-01;3.507309e-02;2.030430e-02;1.566914e-01;7.704706e-02;2.652730e-01;4.782602e-02;3.844438e-02;7.964501e-03;8.097416e-02
4.940471e-03;1.527961e-02;2.495213e-01;1.838797e-02;1.139738e-02;2.213380e-01;6.989796e-02;2.395116e-01;3.610178e-02;3.876095e-02;5.247699e-03;8.961517e-02
5.945785e-03;1.841442e-02;2.368525e-01;2.676679e-02;1.047159e-02;2.869346e-01;6.182535e-02;1.925141e-01;3.691331e-02;3.042505e-02;7.404369e-03;8.553214e-02
6.710685e-03;1.913981e-02;2.504858e-01;3.520570e-02;1.192592e-02;3.171595e-01;5.122492e-02;1.537950e-01;4.645490e-02;2.013329e-02;6.910946e-03;8.085351e-02
9.298569e-03;2.219419e-02;2.671787e-01;4.036427e-02;1.794879e-02;2.458724e-01;5.184051e-02;1.100357e-01;1.097165e-01;2.415109e-02;2.748308e-02;7.391610e-02
2.254135e-02;3.690658e-02;2.686002e-01;6.373744e-02;2.670681e-02;1.395859e-01;3.907422e-02;7.296459e-02;1.573084e-01;2.832967e-02;8.309807e-02;6.114674e-02
5.294976e-02;4.477133e-02;2.680387e-01;8.039568e-02;4.348362e-02;8.966686e-02;3.440349e-02;4.763868e-02;1.364294e-01;2.648984e-02;1.254420e-01;5.029069e-02
9.624867e-02;6.642769e-02;2.680193e-01;8.801362e-02;6.189897e-02;6.286097e-02;4.440257e-02;4.809164e-02;1.077862e-01;2.844897e-02;8.656715e-02;4.123435e-02
7.756425e-02;1.104768e-01;2.648360e-01;7.052244e-02;6.453052e-02;6.715798e-02;7.094087e-02;8.290497e-02;9.521134e-02;2.925570e-02;2.799776e-02;3.860132e-02
3.406468e-02;1.270287e-01;2.441172e-01;4.693741e-02;4.286679e-02;7.394762e-02;1.437735e-01;1.197894e-01;6.632496e-02;3.429899e-02;1.759799e-02;4.925281e-02
1.883617e-02;8.599643e-02;2.184740e-01;3.341204e-02;2.856601e-02;7.426611e-02;2.405541e-01;1.388081e-01;4.471307e-02;4.736923e-02;2.368506e-02;4.531961e-02
2.459885e-02;8.109392e-02;1.778418e-01;3.560831e-02;5.250062e-02;6.972069e-02;2.872146e-01;1.214467e-01;4.162522e-02;5.231265e-02;3.315135e-02;2.288525e-02
6.026326e-02;9.382103e-02;1.536306e-01;4.196249e-02;8.575933e-02;8.027086e-02;2.024480e-01;8.648624e-02;6.482814e-02;4.473716e-02;4.465375e-02;4.113922e-02
6.584823e-02;8.640879e-02;1.971186e-01;4.167935e-02;7.363160e-02;7.763994e-02;1.492939e-01;1.218425e-01;5.745812e-02;3.218449e-02;4.525391e-02;5.164063e-02
6.211634e-02;1.090397e-01;2.177768e-01;3.107548e-02;3.941780e-02;1.030212e-01;1.643502e-01;1.152630e-01;3.673824e-02;2.630613e-02;5.413512e-02;4.075994e-02
8.609682e-02;1.251293e-01;1.794697e-01;3.057961e-02;3.715451e-02;1.215630e-01;1.444408e-01;9.304308e-02;4.916478e-02;3.729161e-02;5.487056e-02;4.119615e-02
7.274289e-02;1.014574e-01;1.471333e-01;3.923302e-02;6.212941e-02;1.108562e-01;1.513473e-01;1.032536e-01;5.698830e-02;4.793919e-02;6.615541e-02;4.076391e-02
7.913671e-02;1.011741e-01;1.555245e-01;4.547622e-02;7.010027e-02;1.077098e-01;1.459231e-01;6.192173e-02;7.111090e-02;4.083703e-02;6.610385e-02;5.498172e-02
8.160222e-02;9.617007e-02;1.469789e-01;4.494113e-02;5.814008e-02;1.237239e-01;1.575920e-01;3.656119e-02;7.149951e-02;4.399137e-02;6.750457e-02;7.129505e-02
7.691178e-02;6.525459e-02;1.260049e-01;3.938257e-02;4.487387e-02;1.390782e-01;1.866800e-01;4.282950e-02;7.277510e-02;7.157113e-02;5.729695e-02;7.734148e-02
8.007288e-02;8.897935e-02;7.004168e-02;5.161233e-02;5.013755e-02;9.374639e-02;1.965284e-01;3.459197e-02;1.008916e-01;1.264229e-01;5.318018e-02;5.379474e-02
9.211078e-02;1.103927e-01;9.648441e-02;6.823687e-02;7.537579e-02;1.153178e-01;9.568156e-02;7.384392e-02;8.704033e-02;7.655486e-02;4.771588e-02;6.124516e-02
9.580614e-02;8.405285e-02;1.181679e-01;7.833526e-02;7.916532e-02;1.095773e-01;1.063007e-01;7.624061e-02;7.970472e-02;5.500939e-02;5.070485e-02;6.693490e-02
9.079323e-02;6.792377e-02;1.386010e-01;1.022750e-01;7.005499e-02;1.093027e-01;9.984889e-02;7.424349e-02;8.533502e-02;4.836155e-02;5.131449e-02;6.194595e-02
6.137006e-02;1.108048e-01;1.311525e-01;1.241055e-01;6.552269e-02;1.272458e-01;6.835473e-02;6.946102e-02;1.013585e-01;4.892669e-02;3.968440e-02;5.201343e-02
9.354186e-02;1.646360e-01;1.290114e-01;8.210143e-02;6.234890e-02;8.244757e-02;9.731808e-02;5.570359e-02;8.462423e-02;7.149170e-02;3.606145e-02;4.071379e-02
1.009493e-01;1.537164e-01;1.713241e-01;5.410270e-02;3.852012e-02;7.212117e-02;1.322774e-01;4.791040e-02;6.454051e-02;7.470774e-02;4.889363e-02;4.093656e-02
9.219130e-02;9.013554e-02;1.852616e-01;6.728628e-02;6.423387e-02;8.633679e-02;1.418438e-01;3.017699e-02;5.439460e-02;5.983549e-02;5.927623e-02;6.902756e-02
7.230280e-02;8.125868e-02;1.515351e-01;5.289833e-02;9.107840e-02;9.104666e-02;1.320349e-01;6.417823e-02;4.764133e-02;6.461907e-02;7.176033e-02;7.964617e-02
7.701773e-02;7.401498e-02;1.595092e-01;3.813283e-02;9.111992e-02;1.020870e-01;1.335064e-01;7.684268e-02;2.920490e-02;8.188648e-02;4.620064e-02;9.047724e-02
9.296030e-02;8.609300e-02;1.621328e-01;7.150526e-02;7.064173e-02;6.817617e-02;9.552340e-02;8.162358e-02;7.163411e-02;5.802716e-02;6.358026e-02;7.810228e-02
8.818841e-02;9.547138e-02;1.423139e-01;8.460706e-02;1.020833e-01;9.094436e-02;1.337762e-01;5.419576e-02;8.271327e-02;3.156630e-02;3.351460e-02;6.062548e-02
4.785556e-02;9.443033e-02;1.473568e-01;6.166615e-02;1.303549e-01;7.764407e-02;1.976158e-01;1.007178e-01;5.047482e-02;2.041833e-02;3.926930e-02;3.219620e-02
2.947453e-02;8.654580e-02;1.259805e-01;5.176312e-02;1.439475e-01;4.484948e-02;2.618007e-01;1.255377e-01;4.191636e-02;3.061771e-02;3.323397e-02;2.433266e-02
2.033816e-02;8.328969e-02;7.980159e-02;5.807105e-02;1.237396e-01;4.423756e-02;3.481476e-01;1.254839e-01;2.134489e-02;4.140943e-02;3.940026e-02;1.473625e-02
2.530846e-02;8.291328e-02;3.395373e-02;4.691456e-02;5.950887e-02;8.374704e-02;4.363886e-01;8.243412e-02;9.249171e-03;4.652723e-02;8.141532e-02;1.163966e-02
2.066753e-02;8.461183e-02;1.278978e-02;3.090498e-02;4.076787e-02;7.315011e-02;4.877189e-01;3.095139e-02;2.080488e-02;2.941196e-02;1.584206e-01;9.800233e-03
1.207719e-02;6.955417e-02;1.324598e-02;1.333360e-02;6.818336e-02;4.159063e-02;4.568032e-01;5.547932e-02;3.217953e-02;1.904813e-02;2.074395e-01;1.106537e-02
1.248606e-02;5.365309e-02;1.998210e-02;8.339965e-03;1.073928e-01;3.364515e-02;4.054143e-01;7.151292e-02;2.559292e-02;1.854005e-02;2.313603e-01;1.208032e-02
1.325746e-02;3.591295e-02;3.145383e-02;8.457228e-03;1.354066e-01;2.225572e-02;3.215272e-01;1.205786e-01;1.387351e-02;1.113324e-02;2.344529e-01;5.169075e-02
8.383121e-03;2.116039e-02;6.516775e-02;5.788526e-03;1.144749e-01;2.722830e-02;1.974579e-01;2.280734e-01;1.287631e-02;1.490690e-02;1.983033e-01;1.061791e-01
6.368119e-03;8.746217e-03;1.158743e-01;7.921426e-03;5.217363e-02;7.114152e-02;9.834450e-02;3.412842e-01;2.013556e-02;2.947084e-02;9.636819e-02;1.521716e-01
5.146276e-03;6.083574e-03;1.427082e-01;6.533922e-03;1.484380e-02;1.128807e-01;9.601004e-02;4.035795e-01;1.354373e-02;2.623463e-02;2.140301e-02;1.510326e-01
2.823169e-03;8.145290e-03;1.430693e-01;5.971959e-03;7.987057e-03;1.344917e-01;1.125007e-01;4.145232e-01;2.263938e-02;2.207119e-02;1.948740e-02;1.062896e-01
1.193047e-02;2.546243e-02;1.311576e-01;1.227391e-02;6.860469e-03;1.351468e-01;1.535342e-01;3.885503e-01;4.043404e-02;1.820135e-02;1.489113e-02;6.155728e-02
3.439875e-02;4.787883e-02;1.303184e-01;3.075869e-02;1.675050e-02;1.116156e-01;1.537131e-01;3.391294e-01;5.787485e-02;1.760987e-02;2.952973e-02;3.042226e-02
5.094868e-02;6.108722e-02;1.222221e-01;4.601395e-02;3.953521e-02;6.706893e-02;1.121791e-01;3.133149e-01;6.950221e-02;2.729638e-02;5.130675e-02;3.952460e-02
2.705464e-02;5.538811e-02;7.766884e-02;2.247497e-02;5.472409e-02;4.473802e-02;2.752600e-01;2.554031e-01;5.126735e-02;3.643585e-02;6.254279e-02;3.704228e-02
1.743177e-02;5.469972e-02;6.578128e-02;1.544225e-02;6.005268e-02;7.732118e-02;3.260411e-01;2.081103e-01;3.006906e-02;4.083323e-02;5.323929e-02;5.097825e-02
3.320099e-02;6.197330e-02;8.336831e-02;2.137302e-02;5.357812e-02;1.031587e-01;2.957057e-01;1.665430e-01;4.153865e-02;3.645087e-02;3.932037e-02;6.378897e-02
6.700498e-02;8.139253e-02;8.819798e-02;2.856770e-02;3.985797e-02;6.044192e-02;3.037021e-01;1.663795e-01;6.032722e-02;2.909110e-02;3.170012e-02;4.333689e-02
7.452139e-02;1.113751e-01;6.697368e-02;3.546710e-02;4.740108e-02;4.599196e-02;3.083125e-01;1.566448e-01;3.786966e-02;3.407148e-02;4.232678e-02;3.904443e-02
6.665528e-02;1.509627e-01;7.918987e-02;3.227445e-02;6.483360e-02;3.999510e-02;2.874773e-01;1.204147e-01;1.744212e-02;3.577869e-02;6.911813e-02;3.585805e-02
5.365504e-02;1.715178e-01;1.116534e-01;1.840631e-02;7.570665e-02;3.567526e-02;3.245228e-01;7.949214e-02;1.903375e-02;2.582199e-02;6.867232e-02;1.584244e-02
7.257108e-02;1.770599e-01;1.103964e-01;1.724015e-02;8.224944e-02;3.808649e-02;3.245997e-01;5.900025e-02;1.897185e-02;2.840403e-02;5.867794e-02;1.274275e-02
1.214002e-01;1.633983e-01;1.053170e-01;4.182417e-02;8.086348e-02;4.732952e-02;2.712804e-01;5.426726e-02;1.773718e-02;3.466709e-02;4.798469e-02;1.393076e-02
1.642894e-01;1.326413e-01;1.118935e-01;7.050490e-02;7.921862e-02;5.598544e-02;1.889172e-01;4.767162e-02;3.287574e-02;3.934602e-02;4.693929e-02;2.971706e-02
1.280397e-01;1.179972e-01;1.172277e-01;7.631848e-02;7.458425e-02;3.686975e-02;1.538328e-01;7.891216e-02;5.447532e-02;3.948448e-02;6.923334e-02;5.302481e-02
5.663451e-02;1.059069e-01;8.327267e-02;5.732596e-02;5.365902e-02;4.512206e-02;1.696970e-01;1.604857e-01;5.888001e-02;6.161624e-02;9.390704e-02;5.349278e-02
4.455867e-02;9.317966e-02;5.660485e-02;6.109015e-02;4.796991e-02;9.196472e-02;1.706766e-01;1.627975e-01;6.510891e-02;8.495482e-02;6.935503e-02;5.173918e-02
3.632918e-02;4.493269e-02;6.738598e-02;6.778523e-02;5.594515e-02;1.250805e-01;1.692136e-01;1.400891e-01;9.124222e-02;6.727522e-02;5.869808e-02;7.602302e-02
4.023437e-02;3.279582e-02;5.738459e-02;5.836552e-02;9.166338e-02;1.101305e-01;1.849010e-01;1.225545e-01;7.941341e-02;5.344448e-02;1.030934e-01;6.601908e-02
6.421974e-02;6.321484e-02;4.269799e-02;8.118485e-02;1.365533e-01;7.921240e-02;1.686347e-01;6.279492e-02;4.675176e-02;8.327986e-02;1.148702e-01;5.658533e-02
7.194409e-02;5.894579e-02;7.139345e-02;1.030174e-01;1.161594e-01;8.327960e-02;1.477847e-01;4.323819e-02;5.467933e-02;9.380706e-02;9.289946e-02;6.285162e-02
9.541786e-02;7.556512e-02;9.173355e-02;8.718851e-02;1.009421e-01;8.329745e-02;1.280789e-01;4.446386e-02;5.902605e-02;6.748684e-02;8.143803e-02;8.536173e-02
1.145610e-01;1.453284e-01;6.973045e-02;5.395090e-02;8.780556e-02;6.977323e-02;1.145850e-01;8.637937e-02;4.449275e-02;5.540866e-02;5.893022e-02;9.905449e-02
8.738860e-02;1.206345e-01;1.192403e-01;9.907693e-02;1.198588e-01;8.491401e-02;8.449660e-02;8.583464e-02;3.270118e-02;4.906527e-02;5.632439e-02;6.046484e-02
6.890713e-02;8.949658e-02;1.454554e-01;1.526099e-01;1.471571e-01;1.031536e-01;6.891032e-02;4.916755e-02;5.105445e-02;3.803947e-02;4.235639e-02;4.369201e-02
6.305433e-02;8.487998e-02;1.335946e-01;1.688929e-01;1.520997e-01;1.116335e-01;6.971998e-02;4.865814e-02;5.062163e-02;4.197438e-02;3.468566e-02;4.018513e-02
7.208055e-02;9.511053e-02;1.466833e-01;1.796315e-01;1.182960e-01;1.051217e-01;6.489948e-02;3.282984e-02;6.708626e-02;3.471154e-02;5.566062e-02;2.788866e-02
1.129139e-01;7.654584e-02;1.200828e-01;1.450517e-01;9.991962e-02;7.110151e-02;1.200374e-01;5.941677e-02;4.258646e-02;2.727475e-02;4.924932e-02;7.582004e-02
1.043395e-01;9.285337e-02;1.293995e-01;1.399661e-01;9.520796e-02;6.266239e-02;1.299930e-01;6.318933e-02;4.286397e-02;2.014427e-02;4.399088e-02;7.538980e-02
8.031528e-02;1.390802e-01;1.483879e-01;1.276176e-01;7.573855e-02;4.893212e-02;1.270442e-01;6.212820e-02;4.030932e-02;3.633644e-02;4.439028e-02;6.971984e-02
8.621710e-02;1.679320e-01;1.686293e-01;7.806522e-02;4.330642e-02;2.669824e-02;1.301619e-01;5.067161e-02;3.841802e-02;8.248428e-02;7.952808e-02;4.788784e-02
6.512034e-02;1.402942e-01;1.323081e-01;2.211604e-02;2.596755e-02;4.192905e-02;2.971371e-01;3.380110e-02;2.740746e-02;9.153935e-02;1.054857e-01;1.689399e-02
2.863947e-02;1.464534e-01;1.370731e-01;8.765152e-03;2.230976e-02;3.853637e-02;3.760832e-01;5.625985e-02;2.890411e-02;6.015361e-02;8.826762e-02;8.554295e-03
3.123497e-02;1.373739e-01;1.591121e-01;5.700076e-03;1.960519e-02;1.931448e-02;4.277676e-01;8.606901e-02;2.094672e-02;2.472708e-02;5.976240e-02;8.386472e-03
3.072487e-02;1.126696e-01;1.883209e-01;4.888398e-03;1.663090e-02;1.522201e-02;4.549307e-01;1.072892e-01;1.840900e-02;7.332530e-03;3.898817e-02;4.593800e-03
1.419032e-02;7.046810e-02;2.247274e-01;7.445916e-03;1.426294e-02;1.068351e-02;4.280598e-01;1.678670e-01;2.107530e-02;1.141981e-02;2.402449e-02;5.775429e-03
6.320254e-03;4.362077e-02;2.781955e-01;2.214805e-02;9.592697e-03;2.353704e-02;3.398292e-01;2.331534e-01;1.205670e-02;1.517020e-02;9.410124e-03;6.966000e-03
6.426133e-03;2.781641e-02;3.490072e-01;5.382920e-02;1.064039e-02;2.457887e-02;2.103020e-01;2.393654e-01;4.918053e-02;1.358944e-02;6.761195e-03;8.503273e-03
1.108377e-02;2.108899e-02;3.806448e-01;1.450054e-01;2.251815e-02;2.158212e-02;7.677398e-02;1.756521e-01;1.122004e-01;1.815506e-02;1.056012e-02;4.735229e-03
1.250557e-02;8.549984e-03;3.065787e-01;2.631857e-01;5.057571e-02;1.372513e-02;5.299788e-02;8.310492e-02;1.690578e-01;2.388671e-02;1.295729e-02;2.874653e-03
2.141283e-02;6.510795e-03;1.895733e-01;3.511813e-01;8.070595e-02;9.193336e-03;4.661530e-02;4.479748e-02;1.932999e-01;3.761333e-02;1.543327e-02;3.663283e-03
2.436761e-02;8.242943e-03;1.480940e-01;3.573144e-01;1.067143e-01;1.430518e-02;5.074992e-02;2.928453e-02;1.912601e-01;4.972817e-02;1.661071e-02;3.328146e-03
2.994759e-02;3.004978e-02;2.008119e-01;2.823358e-01;1.118328e-01;1.489524e-02;4.070653e-02;1.762608e-02;1.657346e-01;8.287600e-02;1.715282e-02;6.030880e-03
3.355277e-02;4.764706e-02;1.442326e-01;2.064208e-01;1.601211e-01;3.290450e-02;4.190011e-02;1.164223e-02;1.222401e-01;1.658088e-01;2.631428e-02;7.215733e-03
2.965020e-02;4.709234e-02;7.905423e-02;1.368200e-01;2.076429e-01;4.799971e-02;7.647403e-02;3.572905e-02;3.136631e-02;2.694750e-01;3.217945e-02;6.516702e-03
3.208431e-02;4.080571e-02;9.058465e-02;9.117477e-02;1.795683e-01;5.130086e-02;6.478849e-02;5.585206e-02;6.591607e-02;2.833389e-01;3.479945e-02;9.786434e-03
1.664843e-02;4.496140e-02;8.010456e-02;8.616871e-02;1.973082e-01;4.494653e-02;5.652762e-02;4.604311e-02;8.022644e-02;2.950377e-01;3.874688e-02;1.328050e-02
2.339443e-02;5.410378e-02;4.781980e-02;7.688732e-02;2.126135e-01;3.553389e-02;7.769486e-02;2.832045e-02;7.091190e-02;3.108290e-01;4.731339e-02;1.457769e-02
2.983238e-02;6.423656e-02;5.381774e-02;5.504205e-02;2.306797e-01;3.762778e-02;8.898847e-02;2.209851e-02;3.518909e-02;2.808112e-01;7.551471e-02;2.616182e-02
4.151791e-02;8.757193e-02;1.055258e-01;4.473638e-02;1.359854e-01;6.282741e-02;1.289359e-01;2.686730e-02;5.299202e-02;1.863620e-01;1.002114e-01;2.646651e-02
2.581868e-02;1.356964e-01;1.432701e-01;5.683080e-02;1.117816e-01;9.427185e-02;1.063081e-01;1.374807e-02;3.890747e-02;1.407618e-01;1.013363e-01;3.126878e-02
8.041099e-03;1.594692e-01;1.486866e-01;7.134666e-02;1.412175e-01;1.081854e-01;7.792094e-02;2.320269e-02;2.049316e-02;1.302331e-01;8.109462e-02;3.010906e-02
1.068505e-02;1.757773e-01;8.326799e-02;6.804717e-02;2.449813e-01;1.349691e-01;4.430637e-02;2.548036e-02;1.174150e-02;1.440784e-01;3.848907e-02;1.817636e-02
1.505767e-02;1.676462e-01;2.312666e-02;3.669380e-02;3.462364e-01;1.532731e-01;3.014815e-02;3.046966e-02;1.791707e-02;1.593174e-01;1.028517e-02;9.828757e-03
6.208205e-02;1.283940e-01;1.550236e-02;3.260992e-02;3.122082e-01;1.092490e-01;7.394518e-02;2.799230e-02;6.912979e-02;1.536800e-01;9.300406e-03;5.906769e-03
1.354469e-01;7.248142e-02;1.684185e-02;8.571234e-02;1.473478e-01;3.895268e-02;1.943483e-01;2.081135e-02;1.573376e-01;1.148236e-01;1.045108e-02;5.445025e-03
1.544531e-01;2.646269e-02;2.148742e-02;1.426875e-01;4.394201e-02;2.084845e-02;2.349237e-01;2.822462e-02;2.374142e-01;5.739848e-02;1.505305e-02;1.710475e-02
1.142102e-01;1.300800e-02;5.480641e-02;1.551590e-01;1.238920e-02;6.589307e-02;1.736703e-01;6.290088e-02;2.578094e-01;1.992606e-02;1.983315e-02;5.039440e-02
5.166169e-02;1.913001e-02;1.081024e-01;8.836147e-02;2.853255e-02;1.045669e-01;1.008135e-01;1.734744e-01;1.842460e-01;2.282559e-02;2.413586e-02;9.414956e-02
1.786478e-02;5.439117e-02;1.075022e-01;2.690103e-02;5.960780e-02;8.681956e-02;1.511849e-01;2.388969e-01;9.045367e-02;2.399762e-02;5.164269e-02;9.073769e-02
4.121597e-02;1.122634e-01;5.752244e-02;3.448623e-02;7.802226e-02;6.296655e-02;2.441998e-01;1.776015e-01;4.510557e-02;2.953473e-02;7.039918e-02;4.668236e-02
1.130339e-01;1.187194e-01;2.267324e-02;9.060518e-02;5.456008e-02;9.909702e-02;2.412460e-01;8.913608e-02;3.578032e-02;7.085954e-02;4.884255e-02;1.544669e-02
1.753191e-01;6.151395e-02;2.964463e-02;1.065263e-01;2.762229e-02;1.603377e-01;1.370132e-01;1.369017e-01;3.467034e-02;8.746442e-02;2.367666e-02;1.930971e-02
1.772097e-01;2.798583e-02;6.608313e-02;7.017250e-02;4.628972e-02;1.674224e-01;6.871065e-02;1.767733e-01;7.409795e-02;7.146663e-02;2.711905e-02;2.666910e-02
1.186770e-01;1.770339e-02;1.395083e-01;2.901176e-02;9.052993e-02;1.014287e-01;5.238910e-02;1.150845e-01;1.620463e-01;5.646432e-02;3.373661e-02;8.342007e-02
6.202338e-02;1.954801e-02;1.486520e-01;2.846801e-02;1.333123e-01;5.391691e-02;8.518475e-02;3.536956e-02;2.372513e-01;3.376082e-02;1.756225e-02;1.449507e-01
2.558097e-02;3.265054e-02;9.363537e-02;2.916896e-02;1.503919e-01;3.733677e-02;1.087423e-01;4.478436e-02;2.609081e-01;1.709142e-02;1.797171e-02;1.817377e-01
2.247884e-02;7.017917e-02;5.785227e-02;3.277367e-02;1.342124e-01;2.303555e-02;1.032313e-01;6.812488e-02;2.539169e-01;3.190741e-02;2.393445e-02;1.783532e-01
2.594283e-02;1.473613e-01;4.463806e-02;5.337651e-02;8.952147e-02;3.205784e-02;5.974964e-02;1.426463e-01;1.708698e-01;6.014699e-02;6.323211e-02;1.104572e-01
2.355321e-02;1.880468e-01;5.054273e-02;8.224457e-02;5.069731e-02;5.655908e-02;3.159637e-02;2.333982e-01;7.154756e-02;5.494445e-02;1.050156e-01;5.185413e-02
3.209005e-02;1.600512e-01;5.774517e-02;1.059635e-01;2.836259e-02;9.134912e-02;4.333012e-02;2.809722e-01;2.101975e-02;2.510650e-02;1.302658e-01;2.374416e-02
8.083662e-02;1.025941e-01;5.897222e-02;1.062068e-01;2.125463e-02;9.320214e-02;7.653591e-02;2.381346e-01;5.484661e-02;3.115085e-02;1.211512e-01;1.511428e-02
1.582649e-01;5.463582e-02;8.283234e-02;8.031325e-02;1.906613e-02;5.843682e-02;1.391389e-01;1.518639e-01;9.996190e-02;5.072436e-02;8.594687e-02;1.881484e-02
2.103119e-01;2.983130e-02;1.040470e-01;4.261303e-02;3.067885e-02;2.316827e-02;2.070548e-01;9.420014e-02;1.292499e-01;7.396968e-02;3.789787e-02;1.697727e-02
2.176368e-01;2.045530e-02;1.236737e-01;1.521447e-02;4.369856e-02;2.632820e-02;2.543039e-01;4.336949e-02;1.268631e-01;9.620674e-02;2.206435e-02;1.018527e-02
1.773888e-01;2.893903e-02;1.394190e-01;2.568992e-02;4.867122e-02;3.045015e-02;2.532116e-01;2.921380e-02;1.089434e-01;1.269840e-01;1.483163e-02;1.625754e-02
1.321824e-01;3.449852e-02;1.627177e-01;2.439432e-02;5.960039e-02;4.729890e-02;2.623635e-01;1.220385e-02;8.740491e-02;1.462611e-01;2.078944e-02;1.028503e-02
9.842779e-02;2.976084e-02;1.774271e-01;2.737843e-02;7.267231e-02;5.768690e-02;2.729061e-01;3.005705e-02;5.132565e-02;1.597606e-01;1.255901e-02;1.003822e-02
8.842797e-02;2.368667e-02;1.747175e-01;3.241113e-02;8.176592e-02;6.451809e-02;2.587186e-01;4.017727e-02;3.733660e-02;1.653555e-01;1.308187e-02;1.980296e-02
7.790962e-02;2.545673e-02;1.604083e-01;3.711330e-02;8.254241e-02;7.570927e-02;2.426977e-01;5.690319e-02;3.652391e-02;1.509572e-01;1.874269e-02;3.503575e-02
6.190249e-02;4.102357e-02;1.131359e-01;3.752598e-02;6.257293e-02;1.121768e-01;1.986790e-01;9.463771e-02;8.374364e-02;9.827615e-02;3.152995e-02;6.479594e-02
5.065836e-02;7.124365e-02;6.974477e-02;4.778858e-02;4.273130e-02;1.510698e-01;1.211978e-01;9.819171e-02;1.824635e-01;4.596234e-02;2.090734e-02;9.804095e-02
5.300820e-02;8.999629e-02;6.983078e-02;7.645192e-02;4.692888e-02;1.544421e-01;7.142247e-02;5.872326e-02;2.379442e-01;3.260913e-02;2.730139e-02;8.134145e-02
3.833019e-02;9.705796e-02;7.018295e-02;9.251305e-02;4.274123e-02;1.378528e-01;6.687400e-02;5.106570e-02;2.593648e-01;5.400062e-02;4.115776e-02;4.885888e-02
4.825206e-02;7.296768e-02;8.383022e-02;7.931414e-02;7.327310e-02;9.760202e-02;1.179902e-01;8.960608e-02;1.993993e-01;4.698576e-02;5.839568e-02;3.238377e-02
8.716893e-02;3.448714e-02;1.064771e-01;5.844971e-02;1.056775e-01;3.698282e-02;1.454445e-01;1.938496e-01;9.384897e-02;3.771227e-02;7.454261e-02;2.535875e-02
7.783262e-02;2.852295e-02;1.241451e-01;7.694981e-02;1.049338e-01;5.007925e-02;1.366964e-01;2.121722e-01;1.853516e-02;4.867419e-02;7.527447e-02;4.618401e-02
6.326056e-02;4.731216e-02;1.132519e-01;7.538072e-02;8.862180e-02;6.465447e-02;1.772847e-01;1.797751e-01;5.652800e-02;4.188110e-02;4.877863e-02;4.327078e-02
9.030515e-02;4.831331e-02;1.320269e-01;4.159192e-02;7.813440e-02;6.834877e-02;1.796230e-01;1.523387e-01;6.827490e-02;5.979534e-02;5.348109e-02;2.776648e-02
9.295942e-02;5.348023e-02;1.519868e-01;3.353545e-02;1.029402e-01;6.575245e-02;1.316417e-01;1.279011e-01;5.811752e-02;5.887438e-02;5.571198e-02;6.709871e-02
1.049280e-01;4.535928e-02;1.621376e-01;5.917114e-02;1.143763e-01;7.327198e-02;1.560263e-01;7.545482e-02;4.784958e-02;5.929469e-02;2.770681e-02;7.442356e-02
1.142758e-01;4.216555e-02;1.688097e-01;5.816250e-02;1.102444e-01;8.703564e-02;1.711271e-01;6.873818e-02;4.828358e-02;3.515004e-02;3.909892e-02;5.690863e-02
1.165788e-01;4.144903e-02;1.624269e-01;4.937204e-02;8.655164e-02;1.089980e-01;1.931162e-01;8.897988e-02;4.439234e-02;2.893052e-02;3.924093e-02;3.996378e-02
9.902632e-02;7.386265e-02;1.263470e-01;5.667339e-02;5.079630e-02;1.417540e-01;2.375746e-01;4.826811e-02;4.566781e-02;4.382504e-02;3.890714e-02;3.729773e-02
1.020544e-01;1.093205e-01;1.722144e-01;5.042784e-02;7.693290e-02;1.006601e-01;1.601187e-01;5.354534e-02;3.903308e-02;4.544679e-02;4.067115e-02;4.957484e-02
7.496995e-02;9.534120e-02;1.681101e-01;9.668479e-02;6.714264e-02;8.233165e-02;1.572842e-01;6.783036e-02;4.432550e-02;5.452915e-02;3.460266e-02;5.684783e-02
3.788012e-02;8.345474e-02;1.105687e-01;1.548771e-01;6.823823e-02;8.274700e-02;2.377415e-01;5.705965e-02;3.428905e-02;5.621519e-02;2.027007e-02;5.665866e-02
1.604750e-02;7.600106e-02;5.201551e-02;1.636606e-01;6.277622e-02;1.150751e-01;3.196335e-01;4.804425e-02;2.855484e-02;4.978884e-02;1.249692e-02;5.590569e-02
2.237519e-02;6.456815e-02;3.926979e-02;1.306572e-01;2.600791e-02;1.552762e-01;3.688899e-01;6.820121e-02;1.481524e-02;3.375907e-02;1.595549e-02;6.022459e-02
2.621563e-02;5.718726e-02;4.791356e-02;1.131639e-01;1.857471e-02;1.062803e-01;4.184879e-01;7.773854e-02;1.787608e-02;3.473044e-02;1.512621e-02;6.670538e-02
2.691631e-02;5.489781e-02;4.613987e-02;1.041532e-01;2.459994e-02;7.026953e-02;4.447197e-01;6.206556e-02;2.875026e-02;4.729833e-02;1.933382e-02;7.085567e-02
2.520547e-02;5.069644e-02;4.562226e-02;8.095201e-02;2.967827e-02;1.125169e-01;4.471074e-01;3.142053e-02;4.014489e-02;4.039362e-02;2.276400e-02;7.349809e-02
1.471308e-02;3.890336e-02;5.219980e-02;5.400869e-02;5.298732e-02;9.855370e-02;4.640415e-01;2.026485e-02;7.729005e-02;2.824381e-02;2.767236e-02;7.112144e-02
1.800793e-02;3.267583e-02;6.576362e-02;4.921349e-02;6.177833e-02;1.135439e-01;3.835310e-01;2.947193e-02;1.053359e-01;4.402188e-02;5.289595e-02;4.376020e-02
3.406263e-02;2.952051e-02;6.699306e-02;6.663670e-02;8.238149e-02;9.527545e-02;2.528923e-01;6.232033e-02;9.712631e-02;4.808163e-02;5.885018e-02;1.058594e-01
3.985152e-02;3.255961e-02;7.520049e-02;4.960658e-02;6.484085e-02;6.336430e-02;2.271466e-01;7.939224e-02;9.284595e-02;4.395185e-02;7.799295e-02;1.532471e-01
3.294808e-02;4.721208e-02;8.946129e-02;4.095808e-02;6.403817e-02;8.552144e-02;2.000598e-01;6.348602e-02;1.030465e-01;4.500704e-02;9.070091e-02;1.375606e-01
4.682283e-02;4.548999e-02;9.066039e-02;5.590713e-02;8.344407e-02;7.075211e-02;1.841829e-01;3.589692e-02;1.139770e-01;6.911346e-02;7.817894e-02;1.255742e-01
