1.324696e-01;7.428755e-02;2.566026e-01;6.128382e-02;5.634453e-02;4.293058e-02;5.678197e-02;4.603896e-02;4.915753e-02;5.317471e-02;9.526438e-02;7.566372e-02
8.930898e-02;3.138360e-02;2.461141e-01;9.775846e-02;9.001689e-02;3.580585e-02;4.535119e-02;3.148124e-02;4.437560e-02;5.184907e-02;1.243677e-01;1.121874e-01
4.898920e-02;1.512991e-02;2.097853e-01;1.450319e-01;1.393193e-01;3.715586e-02;2.704696e-02;2.264397e-02;4.809033e-02;5.866521e-02;1.081674e-01;1.399747e-01
3.050025e-02;1.938750e-02;2.170057e-01;1.638699e-01;1.795833e-01;4.209092e-02;3.054875e-02;1.886904e-02;3.304300e-02;5.987319e-02;8.394375e-02;1.212847e-01
2.099933e-02;1.977219e-02;2.613331e-01;1.699266e-01;1.858551e-01;4.080994e-02;4.115786e-02;1.303173e-02;1.680121e-02;6.214435e-02;1.064964e-01;6.167205e-02
1.126012e-02;1.978671e-02;3.264807e-01;1.724166e-01;1.437149e-01;4.712247e-02;3.816357e-02;1.135754e-02;1.716145e-02;5.098812e-02;1.160728e-01;4.547502e-02
7.995333e-03;1.959600e-02;4.475059e-01;1.494730e-01;9.591686e-02;4.622113e-02;3.360830e-02;1.304087e-02;1.460218e-02;4.488728e-02;9.824929e-02;2.890388e-02
9.620908e-03;3.445014e-02;5.588762e-01;8.998979e-02;5.291508e-02;4.430705e-02;4.222234e-02;1.624510e-02;1.587297e-02;5.345286e-02;6.384323e-02;1.820428e-02
1.870753e-02;4.883498e-02;6.571049e-01;3.955621e-02;2.872211e-02;2.980210e-02;3.282554e-02;1.324680e-02;2.464394e-02;6.260084e-02;3.143114e-02;1.252389e-02
3.122089e-02;6.040437e-02;6.768413e-01;4.108234e-02;1.818505e-02;3.165278e-02;3.377425e-02;1.291684e-02;2.955799e-02;3.824707e-02;1.052313e-02;1.559396e-02
2.357775e-02;4.530744e-02;6.900081e-01;5.031002e-02;2.366578e-02;2.954335e-02;2.331065e-02;1.647353e-02;3.453145e-02;3.095454e-02;1.406287e-02;1.825456e-02
1.219075e-02;2.911557e-02;6.735598e-01;5.492909e-02;4.733982e-02;2.144214e-02;2.397992e-02;2.566529e-02;2.640952e-02;4.813899e-02;1.975987e-02;1.746924e-02
2.139070e-02;3.445268e-02;6.219553e-01;4.814671e-02;4.933599e-02;2.506795e-02;4.062633e-02;3.086745e-02;3.798988e-02;5.417233e-02;1.907481e-02;1.691990e-02
2.933211e-02;2.639256e-02;5.946538e-01;3.699880e-02;5.589972e-02;2.664511e-02;3.627325e-02;3.800448e-02;5.843121e-02;6.236780e-02;1.742404e-02;1.757711e-02
3.064797e-02;1.839304e-02;6.458075e-01;3.593309e-02;4.286890e-02;1.802626e-02;3.273894e-02;3.993450e-02;5.320630e-02;4.458872e-02;1.943901e-02;1.841580e-02
2.963406e-02;2.362996e-02;7.037787e-01;4.685568e-02;3.669266e-02;1.591095e-02;3.771806e-02;2.713414e-02;3.183369e-02;1.714496e-02;1.301075e-02;1.665646e-02
3.459783e-02;2.345567e-02;6.919606e-01;6.197783e-02;5.059405e-02;2.095271e-02;3.680670e-02;1.738763e-02;2.084236e-02;1.260142e-02;9.764315e-03;1.905882e-02
4.640347e-02;3.262016e-02;5.719600e-01;7.723770e-02;6.581097e-02;2.655388e-02;6.107737e-02;1.813234e-02;2.921365e-02;2.665067e-02;1.942185e-02;2.491790e-02
5.185114e-02;3.061366e-02;1.546325e-01;3.914892e-02;1.272684e-01;8.482242e-02;2.810207e-01;3.734629e-02;4.994995e-02;2.719138e-02;5.450374e-02;6.165088e-02
4.478961e-02;1.931656e-02;1.876732e-01;7.774886e-02;1.437390e-01;7.114495e-02;2.240642e-01;2.244387e-02;3.725037e-02;3.131142e-02;7.339606e-02;6.712198e-02
4.952079e-02;1.977372e-02;1.404216e-01;1.000299e-01;1.822677e-01;8.850465e-02;1.568775e-01;1.286443e-02;3.151482e-02;3.723511e-02;6.594899e-02;1.150407e-01
5.122198e-02;2.273539e-02;9.088887e-02;8.964121e-02;2.243613e-01;1.047210e-01;1.348037e-01;1.388513e-02;4.199351e-02;2.986810e-02;4.617608e-02;1.497036e-01
5.326384e-02;2.100611e-02;6.369189e-02;6.129144e-02;3.007860e-01;1.150276e-01;9.102795e-02;1.269395e-02;6.041532e-02;1.805654e-02;2.511533e-02;1.776240e-01
3.410189e-02;1.415265e-02;4.665282e-02;8.484197e-02;3.837346e-01;9.447687e-02;4.788449e-02;9.891151e-03;5.843233e-02;1.291365e-02;2.420082e-02;1.887167e-01
1.577259e-02;1.759889e-02;1.018084e-01;1.375520e-01;3.303719e-01;8.160887e-02;4.598949e-02;1.554337e-02;3.030487e-02;1.504475e-02;7.975376e-02;1.286511e-01
1.582536e-02;2.290299e-02;1.233606e-01;1.647988e-01;2.199665e-01;6.971465e-02;4.947124e-02;2.405412e-02;1.473735e-02;2.313962e-02;1.749485e-01;9.708025e-02
1.383839e-02;1.491391e-02;1.656689e-01;2.016548e-01;1.177044e-01;3.943181e-02;2.518395e-02;3.172680e-02;1.790139e-02;3.231223e-02;2.544017e-01;8.526153e-02
6.198726e-03;1.872590e-02;2.408358e-01;2.289958e-01;6.829967e-02;2.490825e-02;2.868727e-02;3.463165e-02;1.496318e-02;2.417905e-02;2.589565e-01;5.061807e-02
1.112349e-02;2.335039e-02;3.532937e-01;2.015550e-01;4.946119e-02;2.465347e-02;4.321519e-02;2.314146e-02;2.532709e-02;2.076635e-02;1.811636e-01;4.294915e-02
9.418348e-03;1.638472e-02;5.366317e-01;1.059839e-01;5.520869e-02;2.169217e-02;6.849536e-02;1.243703e-02;3.203770e-02;2.800764e-02;8.201930e-02;3.168341e-02
1.121510e-02;1.972988e-02;7.004932e-01;6.985748e-02;4.348253e-02;1.103236e-02;5.700096e-02;6.782487e-03;1.400709e-02;4.189452e-02;1.386267e-02;1.064178e-02
6.385613e-03;2.641255e-02;7.542127e-01;5.837158e-02;2.840679e-02;7.006772e-03;4.078217e-02;6.090522e-03;6.260245e-03;4.770557e-02;1.191628e-02;6.449165e-03
8.389454e-03;5.002740e-02;7.564887e-01;3.817045e-02;2.448085e-02;1.337507e-02;2.551796e-02;6.711801e-03;1.296932e-02;3.881565e-02;1.640243e-02;8.650872e-03
2.210472e-02;8.753288e-02;7.041247e-01;3.308680e-02;1.765713e-02;2.841276e-02;1.960287e-02;5.819471e-03;3.151806e-02;2.242241e-02;1.875268e-02;8.965555e-03
4.332743e-02;1.207641e-01;5.778477e-01;3.387041e-02;1.675663e-02;4.469077e-02;3.026375e-02;1.913464e-02;6.041612e-02;1.579397e-02;2.405703e-02;1.307741e-02
4.735431e-02;9.406293e-02;4.002025e-01;6.946210e-02;6.339116e-02;3.278150e-02;9.024197e-02;3.368950e-02;4.718389e-02;5.235770e-02;5.061365e-02;1.865872e-02
3.508099e-02;7.469274e-02;4.395007e-01;1.014598e-01;5.393972e-02;2.699533e-02;9.037809e-02;2.165326e-02;3.214258e-02;6.608128e-02;4.845271e-02;9.622717e-03
3.989124e-02;5.486007e-02;5.276779e-01;1.157783e-01;3.663587e-02;1.297795e-02;6.690948e-02;1.495962e-02;1.870943e-02;6.702483e-02;3.456751e-02;1.000777e-02
3.393972e-02;2.620111e-02;6.108904e-01;1.138909e-01;3.199937e-02;1.003735e-02;6.224821e-02;6.624795e-03;1.333161e-02;6.991905e-02;1.307136e-02;7.846046e-03
3.170989e-02;2.277266e-02;6.325967e-01;9.441049e-02;3.407681e-02;1.058775e-02;6.626416e-02;7.765756e-03;1.174215e-02;7.584345e-02;8.168384e-03;4.061853e-03
2.397519e-02;2.106501e-02;6.402230e-01;8.037907e-02;4.092803e-02;1.061115e-02;6.741384e-02;8.445780e-03;1.084324e-02;8.681928e-02;6.796658e-03;2.499781e-03
2.576399e-02;2.042051e-02;6.206499e-01;7.751077e-02;4.406563e-02;8.773130e-03;6.577662e-02;1.051577e-02;1.054092e-02;1.021826e-01;1.198961e-02;1.810694e-03
2.595694e-02;1.591912e-02;5.978575e-01;8.655261e-02;4.409322e-02;7.167011e-03;6.572248e-02;5.401688e-03;1.551907e-02;1.113295e-01;2.111070e-02;3.370138e-03
2.099898e-02;8.485355e-03;5.733501e-01;1.110417e-01;3.894557e-02;9.624582e-03;5.341423e-02;1.053512e-02;2.756284e-02;1.041698e-01;3.867391e-02;3.197822e-03
4.554679e-02;3.839580e-02;5.466491e-01;1.174210e-01;2.666806e-02;9.311124e-03;3.827851e-02;1.004813e-02;3.508164e-02;7.769168e-02;4.968571e-02;5.222507e-03
8.086525e-02;8.599391e-02;4.563550e-01;1.087957e-01;3.473414e-02;1.983125e-02;4.864598e-02;1.442129e-02;3.350929e-02;5.557729e-02;4.984144e-02;1.142945e-02
1.038040e-01;1.221040e-01;3.522720e-01;1.028048e-01;5.562778e-02;3.397737e-02;7.411798e-02;1.891393e-02;2.583021e-02;4.643619e-02;4.669588e-02;1.741590e-02
9.182447e-02;1.422167e-01;2.981878e-01;7.657357e-02;7.137173e-02;4.455393e-02;7.209776e-02;4.013807e-02;4.515854e-02;5.329991e-02;4.021678e-02;2.436075e-02
3.216949e-02;9.479660e-02;2.578593e-01;6.745829e-02;8.152843e-02;5.954747e-02;7.796162e-02;6.887751e-02;1.096702e-01;7.006919e-02;4.167572e-02;3.838614e-02
2.516116e-02;7.895542e-02;2.095243e-01;9.313440e-02;1.406194e-01;6.250400e-02;5.989112e-02;5.631958e-02;9.513108e-02;5.578642e-02;5.690482e-02;6.606822e-02
1.883727e-02;5.085386e-02;1.707961e-01;8.968299e-02;2.437903e-01;6.866188e-02;7.796036e-02;2.550884e-02;5.300670e-02;3.635860e-02;4.002513e-02;1.245180e-01
7.347799e-03;2.277791e-02;1.666237e-01;9.171399e-02;3.245254e-01;7.501877e-02;7.836441e-02;5.817188e-03;3.241915e-02;2.371179e-02;1.145117e-02;1.602287e-01
1.497167e-02;1.759281e-02;2.000822e-01;1.151998e-01;2.936975e-01;6.553022e-02;6.462550e-02;1.406810e-02;1.922958e-02;3.438903e-02;3.063278e-02;1.299807e-01
1.702552e-02;3.292109e-02;3.022043e-01;1.305087e-01;1.972651e-01;5.516737e-02;3.277834e-02;3.187015e-02;1.607725e-02;4.179652e-02;6.702872e-02;7.535690e-02
2.021455e-02;4.152627e-02;4.189011e-01;1.272791e-01;1.182384e-01;4.553329e-02;1.786972e-02;3.776870e-02;1.830548e-02;3.243053e-02;9.540210e-02;2.653063e-02
3.390705e-02;3.830838e-02;5.384489e-01;1.012782e-01;6.620350e-02;3.304908e-02;1.953853e-02;2.679718e-02;2.088291e-02;3.643599e-02;8.013675e-02;5.013622e-03
4.526810e-02;4.335974e-02;6.171702e-01;6.125180e-02;3.212132e-02;1.956693e-02;2.985321e-02;2.143906e-02;1.728637e-02;6.993951e-02;3.708448e-02;5.659243e-03
4.125336e-02;3.196486e-02;5.894325e-01;7.365134e-02;4.854849e-02;2.519058e-02;4.439131e-02;1.739091e-02;2.299710e-02;7.045509e-02;2.602132e-02;8.703208e-03
2.541270e-02;2.426758e-02;5.030959e-01;1.238200e-01;9.254597e-02;4.517694e-02;3.554787e-02;1.647699e-02;2.322306e-02;4.474940e-02;5.721520e-02;8.468378e-03
1.270753e-02;4.371976e-02;3.962169e-01;1.687296e-01;1.178970e-01;5.628287e-02;4.043462e-02;1.838817e-02;1.074522e-02;3.474766e-02;8.840445e-02;1.172615e-02
1.397827e-02;5.439458e-02;3.464453e-01;1.893050e-01;1.339022e-01;4.524357e-02;3.368497e-02;2.671420e-02;1.084485e-02;2.651880e-02;1.047453e-01;1.422298e-02
1.405226e-02;3.968311e-02;3.868241e-01;1.849115e-01;1.249344e-01;3.733290e-02;2.630303e-02;3.056727e-02;2.020615e-02;1.931548e-02;1.057555e-01;1.011419e-02
2.021270e-02;2.791293e-02;4.232488e-01;1.646350e-01;9.677009e-02;4.153588e-02;4.692391e-02;2.212225e-02;2.173536e-02;1.836820e-02;1.029637e-01;1.357117e-02
2.692359e-02;4.446814e-02;4.849685e-01;1.299498e-01;7.453938e-02;3.356207e-02;3.368335e-02;2.351512e-02;1.496873e-02;2.890980e-02;9.169927e-02;1.281232e-02
3.383758e-02;5.769660e-02;4.887148e-01;9.392698e-02;6.575222e-02;2.238798e-02;5.741518e-02;3.759188e-02;2.473899e-02;3.892785e-02;6.330890e-02;1.570107e-02
5.607157e-02;5.895695e-02;4.476117e-01;8.008987e-02;5.935861e-02;3.726926e-02;6.899344e-02;4.769282e-02;3.775357e-02;3.684993e-02;4.133589e-02;2.801635e-02
7.859419e-02;6.037775e-02;3.592752e-01;1.060195e-01;6.063363e-02;6.744599e-02;6.894859e-02;3.697908e-02;4.356951e-02;3.125262e-02;4.622738e-02;4.067656e-02
8.003698e-02;7.514524e-02;2.300441e-01;1.233075e-01;1.163269e-01;8.731420e-02;5.914261e-02;4.026324e-02;5.132583e-02;4.793268e-02;3.355131e-02;5.560940e-02
7.854305e-02;6.471539e-02;1.201931e-01;1.106810e-01;1.421068e-01;9.343686e-02;1.283403e-01;5.935585e-02;6.632861e-02;5.201302e-02;4.303176e-02;4.125423e-02
5.835804e-02;8.252372e-02;8.403336e-02;1.285716e-01;1.499022e-01;7.837141e-02;1.381622e-01;6.191427e-02;6.683441e-02;7.079634e-02;4.853709e-02;3.199532e-02
6.250309e-02;1.117218e-01;1.256606e-01;1.047017e-01;1.054294e-01;7.174153e-02;1.062902e-01;7.921307e-02;7.076192e-02;6.791905e-02;5.948222e-02;3.457532e-02
5.240814e-02;1.170310e-01;1.266804e-01;6.848823e-02;8.571330e-02;6.547853e-02;1.696834e-01;7.006717e-02;8.406339e-02;5.457584e-02;6.969730e-02;3.611325e-02
4.637484e-02;7.802174e-02;1.338479e-01;5.234792e-02;9.082659e-02;9.587768e-02;2.322951e-01;4.865607e-02;8.169724e-02;4.202566e-02;4.785368e-02;5.017556e-02
4.028513e-02;4.037641e-02;1.022731e-01;5.651319e-02;1.612260e-01;1.268318e-01;2.001272e-01;3.794860e-02;9.988423e-02;3.132224e-02;2.236010e-02;8.085198e-02
2.619414e-02;1.799464e-02;6.935897e-02;8.528206e-02;2.549339e-01;1.309043e-01;1.068804e-01;3.777610e-02;1.060970e-01;1.919735e-02;2.341137e-02;1.219697e-01
1.380419e-02;1.427263e-02;1.037595e-01;1.208912e-01;2.804363e-01;8.867502e-02;5.439472e-02;6.540672e-02;7.190440e-02;1.489138e-02;2.259693e-02;1.489670e-01
1.767842e-02;2.049986e-02;1.286319e-01;1.536739e-01;2.353113e-01;6.644153e-02;5.281797e-02;6.199386e-02;3.845708e-02;2.012386e-02;5.147073e-02;1.528995e-01
1.481521e-02;2.246729e-02;1.324748e-01;2.187914e-01;1.629499e-01;6.182206e-02;3.101580e-02;3.756133e-02;2.008155e-02;1.916967e-02;1.439757e-01;1.348752e-01
9.890563e-03;2.608968e-02;1.861122e-01;2.474174e-01;1.163779e-01;4.223652e-02;1.500716e-02;5.461530e-02;1.629559e-02;1.321127e-02;2.116456e-01;6.110090e-02
9.189446e-03;2.409448e-02;1.898773e-01;2.267291e-01;1.539963e-01;3.954229e-02;1.801921e-02;5.071928e-02;1.092800e-02;1.108155e-02;2.124463e-01;5.337672e-02
7.971424e-03;2.143901e-02;1.782173e-01;1.825898e-01;1.655617e-01;3.860978e-02;1.496068e-02;4.601647e-02;5.646447e-02;1.395893e-02;1.878368e-01;8.637373e-02
3.950872e-03;1.527764e-02;1.520175e-01;1.453003e-01;1.615807e-01;3.148135e-02;1.754985e-02;3.873628e-02;1.266664e-01;3.502356e-02;1.509394e-01;1.214761e-01
4.652028e-03;8.152271e-03;1.508664e-01;1.258512e-01;1.867368e-01;3.348241e-02;2.066986e-02;3.053590e-02;1.218133e-01;4.523558e-02;1.179201e-01;1.540843e-01
5.941064e-03;1.176044e-02;1.719404e-01;1.122232e-01;2.395072e-01;4.361379e-02;4.427123e-02;2.087621e-02;5.486551e-02;4.807824e-02;8.954891e-02;1.573739e-01
3.885458e-03;9.601270e-03;2.239603e-01;1.061748e-01;2.481134e-01;4.879284e-02;7.081621e-02;1.586399e-02;2.788809e-02;5.717435e-02;6.861708e-02;1.191122e-01
9.904753e-03;1.126958e-02;3.298109e-01;9.910037e-02;1.838659e-01;4.728544e-02;8.383226e-02;3.118884e-02;3.727237e-02;4.514988e-02;5.638920e-02;6.493052e-02
2.145146e-02;2.075233e-02;4.742413e-01;8.131479e-02;1.013409e-01;4.201525e-02;8.163668e-02;5.698666e-02;4.431854e-02;2.590990e-02;3.165660e-02;1.837557e-02
2.960891e-02;2.690230e-02;5.417255e-01;6.240435e-02;6.455989e-02;2.731219e-02;5.956719e-02;4.831646e-02;6.898133e-02;2.166174e-02;1.551203e-02;3.344811e-02
3.930878e-02;4.177944e-02;5.152400e-01;5.383015e-02;5.798693e-02;2.502709e-02;5.282844e-02;3.375513e-02;8.098272e-02;2.943003e-02;3.101274e-02;3.881851e-02
7.104453e-02;6.517112e-02;3.572164e-01;6.066445e-02;6.307733e-02;3.998411e-02;7.245002e-02;3.854515e-02;7.736549e-02;7.397260e-02;2.451393e-02;5.599494e-02
8.543525e-02;6.464484e-02;1.154974e-01;4.324547e-02;4.676746e-02;8.494487e-02;1.427831e-01;5.918011e-02;1.267753e-01;1.391378e-01;4.374690e-02;4.784156e-02
9.572060e-02;5.482676e-02;1.007166e-01;4.455833e-02;3.301056e-02;8.941212e-02;1.649096e-01;5.202464e-02;1.247146e-01;1.519374e-01;3.459337e-02;5.357550e-02
6.219289e-02;3.718700e-02;1.892505e-01;3.893726e-02;7.219537e-02;9.170587e-02;2.272659e-01;3.069252e-02;8.124094e-02;1.052568e-01;4.030212e-02;2.377276e-02
4.829679e-02;3.270032e-02;2.112028e-01;3.769577e-02;9.606429e-02;7.803856e-02;2.712200e-01;4.483417e-02;5.872925e-02;5.908774e-02;4.011687e-02;2.201343e-02
5.069343e-02;4.275288e-02;2.165517e-01;3.805362e-02;1.052189e-01;7.956947e-02;2.751878e-01;4.737013e-02;5.321665e-02;3.835721e-02;3.317425e-02;1.985402e-02
5.520718e-02;5.148613e-02;2.358120e-01;3.493254e-02;1.007552e-01;8.334395e-02;2.456917e-01;4.835631e-02;5.585562e-02;3.802911e-02;3.125977e-02;1.927042e-02
3.400160e-02;5.066136e-02;2.657576e-01;4.099816e-02;7.693194e-02;8.353373e-02;1.621341e-01;5.661622e-02;7.754135e-02;7.638805e-02;4.689737e-02;2.853858e-02
5.155543e-02;3.545437e-02;1.517584e-01;3.505293e-02;1.129586e-01;8.359823e-02;1.772512e-01;6.504256e-02;8.124343e-02;7.528444e-02;9.053756e-02;4.026276e-02
6.263375e-02;3.756553e-02;1.016729e-01;5.360623e-02;1.181778e-01;6.848493e-02;1.838996e-01;8.740553e-02;8.454221e-02;8.860974e-02;7.747320e-02;3.592862e-02
3.243686e-02;4.855436e-02;1.427630e-01;4.206530e-02;9.859228e-02;9.652557e-02;1.342062e-01;8.423794e-02;1.222580e-01;8.026974e-02;8.472279e-02;3.336789e-02
6.972591e-02;7.664350e-02;1.342838e-01;5.592367e-02;7.154090e-02;5.951611e-02;1.109526e-01;9.233620e-02;1.286929e-01;9.286737e-02;6.864156e-02;3.887542e-02
9.097570e-02;5.794612e-02;1.520624e-01;3.853304e-02;8.072546e-02;7.312047e-02;1.034525e-01;6.141264e-02;1.112815e-01;5.968378e-02;1.036978e-01;6.710868e-02
9.213553e-02;3.934133e-02;1.308371e-01;5.020347e-02;7.024404e-02;6.154360e-02;1.133838e-01;4.883540e-02;8.213460e-02;5.419606e-02;1.333718e-01;1.237733e-01
8.022130e-02;2.734367e-02;1.393355e-01;9.259003e-02;5.330303e-02;4.723559e-02;9.556627e-02;5.114538e-02;5.836457e-02;5.441999e-02;1.750238e-01;1.254509e-01
5.807240e-02;1.490213e-02;1.721604e-01;1.652170e-01;2.972011e-02;2.767841e-02;6.686043e-02;3.744696e-02;4.172791e-02;6.854086e-02;2.184995e-01;9.917390e-02
3.197185e-02;1.232029e-02;2.132672e-01;2.701212e-01;2.557904e-02;9.472128e-03;3.663191e-02;2.703924e-02;2.543498e-02;7.288942e-02;2.215267e-01;5.374610e-02
1.539453e-02;8.488857e-03;1.959405e-01;3.358011e-01;3.517900e-02;2.221250e-02;1.670274e-02;3.308906e-02;1.424646e-02;6.295939e-02;2.400397e-01;1.994612e-02
6.043171e-03;7.061500e-03;1.305529e-01;3.462099e-01;2.291440e-02;3.083399e-02;1.557187e-02;8.173183e-02;1.222382e-02;3.681553e-02;3.013546e-01;8.686475e-03
5.159387e-03;8.848213e-03;6.961689e-02;3.248597e-01;1.799892e-02;3.716851e-02;8.921691e-03;1.430728e-01;7.889323e-03;1.718001e-02;3.505681e-01;8.716451e-03
4.333450e-03;1.543348e-02;4.452116e-02;2.741229e-01;1.682800e-02;4.106849e-02;5.891882e-03;1.810685e-01;5.992322e-03;9.290800e-03;3.947475e-01;6.701594e-03
4.260664e-03;2.111452e-02;4.637194e-02;2.068215e-01;1.870573e-02;3.911831e-02;4.398446e-03;1.799719e-01;5.422271e-03;2.895088e-02;4.311203e-01;1.374359e-02
3.125931e-03;2.837819e-02;5.747531e-02;1.418771e-01;3.260845e-02;2.888417e-02;1.004794e-02;1.445344e-01;1.107820e-02;6.634054e-02;4.453645e-01;3.028527e-02
9.279818e-03;4.018014e-02;1.169421e-01;1.216051e-01;4.938192e-02;1.830446e-02;1.662210e-02;9.807660e-02;1.190213e-02;8.325405e-02;3.939161e-01;4.053558e-02
2.267660e-02;5.005119e-02;2.061342e-01;1.456955e-01;7.816873e-02;2.572371e-02;2.880808e-02;7.641970e-02;1.842935e-02;5.124024e-02;2.295989e-01;6.705377e-02
4.182638e-02;5.590038e-02;2.568443e-01;1.192186e-01;9.088790e-02;3.445098e-02;5.283466e-02;7.540180e-02;3.655551e-02;6.352900e-02;8.801205e-02;8.453840e-02
3.656050e-02;5.276786e-02;2.949817e-01;8.639369e-02;7.342973e-02;3.841706e-02;6.801148e-02;7.457140e-02;3.584841e-02;5.891164e-02;1.123620e-01;6.774452e-02
2.377166e-02;3.680541e-02;3.677905e-01;7.338361e-02;2.932958e-02;2.607899e-02;4.160639e-02;1.337651e-01;3.148646e-02;3.291135e-02;1.703266e-01;3.274424e-02
3.213894e-02;2.853871e-02;3.460788e-01;1.033027e-01;4.591225e-02;3.388039e-02;3.565961e-02;1.438817e-01;4.019729e-02;3.320705e-02;1.382711e-01;1.893146e-02
4.583053e-02;1.839015e-02;2.153600e-01;1.201577e-01;7.240555e-02;6.222114e-02;8.049743e-02;1.101466e-01;7.139923e-02;7.084758e-02;8.805093e-02;4.469313e-02
5.135256e-02;3.284772e-02;1.504865e-01;1.215259e-01;7.191913e-02;7.613300e-02;9.043976e-02;9.017482e-02;8.396743e-02;9.627739e-02;8.333980e-02;5.153597e-02
5.879671e-02;3.676920e-02;1.468396e-01;9.938279e-02;6.314306e-02;7.263507e-02;9.732075e-02;6.685513e-02;6.361634e-02;1.138652e-01;1.281692e-01;5.260704e-02
6.216313e-02;4.098868e-02;1.195001e-01;7.921123e-02;4.792850e-02;5.376803e-02;1.096380e-01;7.143736e-02;6.788374e-02;1.246340e-01;1.444884e-01;7.835892e-02
6.998273e-02;6.664737e-02;9.387167e-02;8.300250e-02;8.556546e-02;5.858804e-02;8.100226e-02;5.260299e-02;1.082677e-01;1.160308e-01;8.954377e-02;9.489463e-02
6.636441e-02;4.474305e-02;9.221689e-02;1.038230e-01;1.498892e-01;4.430367e-02;9.300732e-02;5.523271e-02;1.301362e-01;1.415925e-01;4.305689e-02;3.563422e-02
7.091092e-02;4.448971e-02;8.673155e-02;1.031752e-01;1.632551e-01;7.529432e-02;8.200905e-02;6.694315e-02;8.673920e-02;1.561431e-01;3.589975e-02;2.840907e-02
6.242900e-02;7.390781e-02;1.202376e-01;9.577783e-02;1.107379e-01;1.208715e-01;5.804250e-02;9.268091e-02;7.801451e-02;1.302585e-01;2.708574e-02;2.995628e-02
4.995588e-02;5.878032e-02;1.083114e-01;8.876961e-02;5.771044e-02;1.023202e-01;6.241741e-02;1.284870e-01;1.048438e-01;1.404314e-01;4.805504e-02;4.991753e-02
5.340473e-02;5.161660e-02;7.730967e-02;8.271944e-02;7.046380e-02;7.035659e-02;9.858460e-02;1.354161e-01;1.122087e-01;1.498553e-01;5.216498e-02;4.589959e-02
7.430156e-02;4.701008e-02;6.263634e-02;9.023057e-02;9.488999e-02;6.563608e-02;9.786187e-02;1.055803e-01;1.348354e-01;1.468907e-01;3.662160e-02;4.350555e-02
5.327807e-02;4.514227e-02;4.866731e-02;8.214569e-02;5.850609e-02;5.893902e-02;9.520300e-02;1.626595e-01;1.134738e-01;1.353864e-01;3.687530e-02;1.097235e-01
5.106234e-02;5.287514e-02;5.144427e-02;6.828224e-02;3.512151e-02;7.829686e-02;1.088380e-01;1.650403e-01;9.499736e-02;1.156735e-01;5.400502e-02;1.243634e-01
6.555972e-02;8.151890e-02;8.409594e-02;4.528211e-02;5.695182e-02;9.217956e-02;1.023767e-01;1.056656e-01;8.876756e-02;1.360166e-01;6.380773e-02;7.777774e-02
7.209317e-02;7.373638e-02;9.866168e-02;6.480182e-02;6.184172e-02;6.871756e-02;1.201217e-01;6.723432e-02;1.050133e-01;1.713879e-01;5.774853e-02;3.864185e-02
7.361573e-02;6.056752e-02;9.795120e-02;5.530370e-02;6.296281e-02;6.159917e-02;1.055065e-01;6.436176e-02;1.348716e-01;1.765421e-01;5.724338e-02;4.947454e-02
8.348581e-02;3.609550e-02;8.664019e-02;6.459166e-02;8.076744e-02;5.381240e-02;9.048024e-02;5.736362e-02;1.845285e-01;1.691786e-01;5.072285e-02;4.233307e-02
8.858168e-02;4.715710e-02;9.987795e-02;8.887481e-02;8.340496e-02;6.331401e-02;8.218825e-02;4.286724e-02;1.882784e-01;1.182326e-01;5.669106e-02;4.053188e-02
8.494723e-02;8.466973e-02;1.132981e-01;8.687783e-02;7.431149e-02;8.327722e-02;6.931886e-02;3.580398e-02;1.421893e-01;1.245203e-01;5.730873e-02;4.347722e-02
7.246178e-02;8.598142e-02;1.022475e-01;8.379591e-02;8.037246e-02;8.168224e-02;8.876352e-02;6.485166e-02;1.163302e-01;1.257265e-01;6.382314e-02;3.396368e-02
5.908811e-02;6.944792e-02;8.127686e-02;8.556741e-02;8.509610e-02;8.336293e-02;9.373592e-02;8.874201e-02;1.214408e-01;1.200397e-01;7.099557e-02;4.120668e-02
9.170060e-02;6.731368e-02;5.825916e-02;8.523057e-02;8.467568e-02;6.366396e-02;9.826143e-02;1.292462e-01;1.153765e-01;6.730962e-02;8.945993e-02;4.950266e-02
8.524892e-02;7.182695e-02;9.440122e-02;7.561614e-02;7.606605e-02;9.889033e-02;9.886493e-02;1.309935e-01;7.919958e-02;3.508809e-02;8.779573e-02;6.600858e-02
9.708062e-02;9.135768e-02;1.273488e-01;7.455456e-02;7.752214e-02;9.579346e-02;6.999496e-02;1.081102e-01;9.077436e-02;3.585761e-02;6.461526e-02;6.699032e-02
8.372901e-02;9.895294e-02;1.353515e-01;7.468845e-02;7.321484e-02;6.100778e-02;9.045357e-02;1.173977e-01;1.199482e-01;5.394427e-02;3.355990e-02;5.775177e-02
6.562439e-02;7.829703e-02;1.211642e-01;6.630534e-02;8.324479e-02;2.969307e-02;1.203162e-01;1.638931e-01;1.165658e-01;6.007022e-02;3.002320e-02;6.480266e-02
4.370181e-02;5.312897e-02;6.803313e-02;7.547643e-02;8.183605e-02;5.210390e-02;8.106767e-02;2.581040e-01;1.023688e-01;6.868107e-02;4.193025e-02;7.356790e-02
2.226714e-02;3.520906e-02;8.532539e-02;5.974728e-02;6.972902e-02;1.047309e-01;5.005058e-02;2.744885e-01;1.410910e-01;7.573808e-02;3.303610e-02;4.858693e-02
3.009206e-02;4.266974e-02;9.561940e-02;5.064852e-02;6.687505e-02;1.097371e-01;7.160570e-02;2.156486e-01;1.942097e-01;6.734979e-02;2.754219e-02;2.800209e-02
3.015848e-02;5.196473e-02;1.367875e-01;8.036567e-02;4.665857e-02;7.687522e-02;1.110112e-01;1.384653e-01;1.769807e-01;8.919417e-02;3.122573e-02;3.031266e-02
5.485715e-02;4.758831e-02;1.886912e-01;6.307223e-02;4.368009e-02;8.685089e-02;1.256715e-01;9.559342e-02;1.063500e-01;9.340144e-02;5.801417e-02;3.622960e-02
6.925149e-02;6.423343e-02;1.672380e-01;9.294043e-02;4.246394e-02;6.738022e-02;1.564688e-01;8.847789e-02;9.293155e-02;5.419916e-02;5.451652e-02;4.989852e-02
8.436700e-02;6.424625e-02;1.220297e-01;1.205252e-01;7.231592e-02;3.526793e-02;1.613222e-01;5.575798e-02;1.279176e-01;7.287929e-02;2.309125e-02;6.027973e-02
8.110666e-02;3.648805e-02;1.253242e-01;1.173991e-01;5.245097e-02;5.882847e-02;1.314525e-01;4.619418e-02;1.452067e-01;1.049624e-01;4.469489e-02;5.589193e-02
9.093639e-02;4.631981e-02;1.388903e-01;7.283710e-02;6.016891e-02;8.655167e-02;1.070905e-01;7.931302e-02;1.070465e-01;8.768016e-02;6.374350e-02;5.942208e-02
9.312303e-02;7.344995e-02;1.494462e-01;4.431126e-02;6.563780e-02;7.375862e-02;9.590472e-02;1.003565e-01;1.083926e-01;7.485937e-02;6.108957e-02;5.967028e-02
8.768187e-02;7.905012e-02;1.540655e-01;4.757391e-02;5.321458e-02;4.537911e-02;1.365466e-01;5.941712e-02;1.486032e-01;9.823079e-02;4.720895e-02;4.302823e-02
8.941761e-02;8.772100e-02;1.374922e-01;6.162010e-02;5.330796e-02;4.768611e-02;1.476709e-01;4.969830e-02;1.288448e-01;8.639138e-02;5.702828e-02;5.312140e-02
8.486361e-02;5.946123e-02;1.303878e-01;5.368020e-02;5.755434e-02;4.580127e-02;1.511852e-01;7.310436e-02;1.388568e-01;8.039293e-02;6.656761e-02;5.814465e-02
9.007339e-02;5.243475e-02;8.319083e-02;8.666735e-02;6.577267e-02;6.486970e-02;1.532480e-01;9.289076e-02;1.142734e-01;7.114623e-02;7.126468e-02;5.416830e-02
8.853578e-02;8.826435e-02;9.234773e-02;1.147198e-01;6.706852e-02;8.664021e-02;1.396910e-01;7.847854e-02;8.130316e-02;4.772133e-02;8.256325e-02;3.266631e-02
7.020345e-02;8.065530e-02;9.587316e-02;1.146450e-01;6.684344e-02;8.028993e-02;1.469457e-01;5.371746e-02;7.485354e-02;7.392381e-02;9.381650e-02;4.823267e-02
1.165508e-01;4.730451e-02;1.142343e-01;6.129040e-02;5.452905e-02;6.196414e-02;1.596286e-01;4.417875e-02;1.028318e-01;1.060526e-01;9.084719e-02;4.058782e-02
1.036089e-01;3.802447e-02;1.268300e-01;5.401567e-02;6.196257e-02;5.369345e-02;1.556337e-01;8.308957e-02;1.257105e-01;1.098717e-01;4.877784e-02;3.878161e-02
1.214306e-01;4.914667e-02;1.375636e-01;6.048482e-02;6.535819e-02;6.741927e-02;1.275973e-01;6.996358e-02;1.140307e-01;7.831307e-02;5.145770e-02;5.723445e-02
9.622771e-02;4.275486e-02;1.407008e-01;6.857131e-02;5.074510e-02;8.615842e-02;1.643644e-01;6.604418e-02;1.017268e-01;6.025056e-02;8.576800e-02;3.668782e-02
5.676230e-02;4.864114e-02;1.234180e-01;7.711537e-02;4.840482e-02;7.290277e-02;1.451973e-01;6.457864e-02;1.013426e-01;9.892625e-02;9.390112e-02;6.880973e-02
7.990523e-02;3.685937e-02;1.121848e-01;8.778144e-02;4.886730e-02;6.560144e-02;1.300697e-01;7.412559e-02;9.340214e-02;1.300209e-01;7.540671e-02;6.577542e-02
7.533582e-02;5.517432e-02;1.240862e-01;7.723427e-02;7.676791e-02;3.674532e-02;1.202435e-01;1.166949e-01;5.720336e-02;1.197898e-01;7.592971e-02;6.479493e-02
6.873091e-02;7.396500e-02;1.188292e-01;5.250596e-02;8.502969e-02;4.360799e-02;1.071964e-01;1.378112e-01;3.990340e-02;8.849792e-02;1.034930e-01;8.042934e-02
9.322584e-02;8.241256e-02;9.434898e-02;4.763160e-02;5.516149e-02;4.184590e-02;9.395465e-02;1.049701e-01;1.032930e-01;8.520793e-02;1.041990e-01;9.374882e-02
9.284345e-02;6.685303e-02;7.117293e-02;5.036899e-02;5.894837e-02;6.373096e-02;1.344877e-01;1.133723e-01;1.284824e-01;6.416517e-02;8.254167e-02;7.303306e-02
7.976533e-02;6.837182e-02;5.984431e-02;5.256969e-02;6.216445e-02;6.992678e-02;1.243072e-01;1.294270e-01;1.402470e-01;6.460094e-02;7.687261e-02;7.190286e-02
6.080874e-02;6.820044e-02;9.206607e-02;6.299726e-02;5.626067e-02;7.510880e-02;8.360080e-02;1.408512e-01;1.915107e-01;4.147822e-02;7.404250e-02;5.307459e-02
9.393619e-02;7.401276e-02;1.281466e-01;5.090576e-02;4.155290e-02;5.119860e-02;8.088250e-02;1.311573e-01;2.165118e-01;3.688996e-02;6.786408e-02;2.694154e-02
1.068418e-01;7.683550e-02;1.308014e-01;4.136018e-02;4.494527e-02;4.246760e-02;8.755074e-02;1.082970e-01;2.111553e-01;4.278021e-02;7.287075e-02;3.409425e-02
7.128633e-02;5.408030e-02;1.629680e-01;2.924660e-02;9.059346e-02;7.166170e-02;2.313916e-01;5.707447e-02;9.833334e-02;3.558704e-02;7.029481e-02;2.748236e-02
5.542224e-02;3.556440e-02;1.867050e-01;4.584332e-02;1.266516e-01;8.928813e-02;2.599390e-01;3.733276e-02;5.450249e-02;3.262395e-02;4.441025e-02;3.171687e-02
3.893407e-02;2.602206e-02;2.127456e-01;7.841631e-02;1.663459e-01;8.674828e-02;1.915488e-01;4.156482e-02;4.400368e-02;3.459422e-02;3.356608e-02;4.551018e-02
1.848260e-02;1.735417e-02;2.681844e-01;1.588518e-01;2.385200e-01;6.660583e-02;5.519907e-02;3.100210e-02;2.156256e-02;2.992195e-02;3.218167e-02;6.213398e-02
4.562036e-03;1.634576e-02;3.465260e-01;2.122789e-01;2.302212e-01;4.333127e-02;1.326257e-02;1.847254e-02;7.538029e-03;2.152470e-02;4.077917e-02;4.515785e-02
3.646671e-03;1.675011e-02;4.093168e-01;2.149666e-01;1.734664e-01;4.188017e-02;2.717855e-02;2.234793e-02;7.295934e-03;1.227035e-02;4.710494e-02;2.377552e-02
5.571873e-03;1.230966e-02;4.889545e-01;2.028560e-01;1.153843e-01;3.829588e-02;2.540417e-02;2.678881e-02;4.531363e-03;6.899535e-03;5.933657e-02;1.366729e-02
3.668769e-03;1.253800e-02;5.855333e-01;1.786458e-01;7.635683e-02;3.065821e-02;1.302181e-02;1.728212e-02;5.292333e-03;5.316771e-03;6.520687e-02;6.479166e-03
6.008803e-03;1.668878e-02;6.312286e-01;1.414217e-01;6.500298e-02;2.833271e-02;1.960404e-02;1.076843e-02;4.178637e-03;8.942039e-03;6.549569e-02;2.327646e-03
1.169982e-02;1.506419e-02;6.533070e-01;1.226681e-01;6.377964e-02;2.395778e-02;1.169577e-02;8.644272e-03;8.771105e-03;1.495817e-02;6.246196e-02;2.992126e-03
7.386547e-03;1.015718e-02;6.501897e-01;1.177751e-01;6.263164e-02;1.894352e-02;9.183823e-03;5.583695e-03;1.715085e-02;2.242670e-02;7.163708e-02;6.934236e-03
8.883402e-03;1.115724e-02;6.300818e-01;1.083818e-01;5.861055e-02;1.782735e-02;1.938288e-02;6.105660e-03;2.168708e-02;2.557639e-02;8.359092e-02;8.714886e-03
1.146794e-02;1.201390e-02;6.578985e-01;9.730626e-02;3.311311e-02;1.342659e-02;2.366104e-02;9.641760e-03;2.971894e-02;3.566644e-02;7.304047e-02;3.044941e-03
1.538667e-02;1.173129e-02;7.048044e-01;8.352359e-02;2.752453e-02;9.264667e-03;2.818219e-02;6.066425e-03;2.286068e-02;5.284119e-02;3.439547e-02;3.418932e-03
1.429792e-02;1.404990e-02;7.212870e-01;6.646954e-02;3.556877e-02;9.377955e-03;2.802507e-02;3.924044e-03;1.663444e-02;7.242646e-02;1.343645e-02;4.502472e-03
1.078788e-02;1.678877e-02;7.412185e-01;5.210397e-02;3.252465e-02;8.259771e-03;2.822712e-02;3.591852e-03;1.101531e-02;8.500715e-02;7.063600e-03;3.411421e-03
9.533363e-03;1.850139e-02;7.422580e-01;4.274442e-02;3.193574e-02;1.113747e-02;2.923474e-02;6.160244e-03;1.252469e-02;8.471706e-02;7.630489e-03;3.622487e-03
7.546418e-03;2.095528e-02;7.452949e-01;4.193370e-02;2.837974e-02;1.121431e-02;3.466984e-02;7.640553e-03;1.032289e-02;7.651456e-02;1.132371e-02;4.204098e-03
2.082770e-02;2.578662e-02;6.093698e-01;6.113890e-02;3.693690e-02;2.264162e-02;7.606734e-02;2.117750e-02;1.019258e-02;6.725410e-02;3.408991e-02;1.451706e-02
2.837358e-02;2.507184e-02;4.170213e-01;7.521664e-02;5.606594e-02;3.889826e-02;1.159214e-01;2.417516e-02;1.007351e-02;9.396601e-02;8.478159e-02;3.043479e-02
2.382694e-02;2.359984e-02;3.813452e-01;9.273308e-02;4.460390e-02;2.851061e-02;1.171206e-01;1.830432e-02;9.638613e-03;1.245683e-01;1.037755e-01;3.197293e-02
1.983927e-02;1.501494e-02;4.235422e-01;1.073796e-01;2.265927e-02;1.959567e-02;1.103255e-01;2.195646e-02;9.124348e-03;1.598564e-01;7.242439e-02;1.828199e-02
1.299556e-02;3.042563e-02;4.468081e-01;8.113136e-02;1.503762e-02;3.375272e-02;9.743536e-02;2.656618e-02;3.108516e-02;1.813489e-01;2.453299e-02;1.888044e-02
1.450689e-02;8.442894e-02;3.692002e-01;4.885596e-02;2.046041e-02;8.557627e-02;6.061620e-02;2.084196e-02;8.346956e-02;1.625462e-01;1.304729e-02;3.645014e-02
1.984209e-02;1.355200e-01;2.198945e-01;2.653997e-02;3.011714e-02;1.836576e-01;3.143210e-02;1.904254e-02;1.684259e-01;9.058375e-02;1.406889e-02;6.087551e-02
2.561131e-02;1.513200e-01;1.370204e-01;1.866318e-02;3.201210e-02;2.596113e-01;1.661198e-02;1.541834e-02;2.318327e-01;3.456345e-02;1.756354e-02;5.977167e-02
3.839199e-02;1.528366e-01;1.068445e-01;2.327461e-02;3.769679e-02;2.653548e-01;2.162058e-02;1.168397e-02;2.492060e-01;2.949086e-02;1.473233e-02;4.886695e-02
7.086679e-02;1.503284e-01;1.035845e-01;2.927520e-02;5.954929e-02;2.091635e-01;2.241486e-02;2.865177e-02;2.416180e-01;2.884808e-02;1.481031e-02;4.088944e-02
1.108633e-01;1.399484e-01;1.181382e-01;2.813665e-02;9.145082e-02;1.138136e-01;1.593711e-02;4.919211e-02;2.125533e-01;5.351708e-02;3.967065e-02;2.677883e-02
1.326869e-01;1.286072e-01;1.431847e-01;2.345661e-02;1.076840e-01;6.971547e-02;1.777619e-02;6.219085e-02;1.553719e-01;7.655728e-02;4.965811e-02;3.311090e-02
1.539651e-01;1.211913e-01;1.198519e-01;1.921968e-02;1.550903e-01;3.237915e-02;3.839874e-02;6.840342e-02;1.261315e-01;8.337073e-02;4.915374e-02;3.284438e-02
1.547071e-01;8.680938e-02;9.651799e-02;2.225106e-02;2.365095e-01;4.148978e-02;4.254334e-02;7.859328e-02;7.844812e-02;6.961402e-02;5.505568e-02;3.746086e-02
1.562626e-01;7.545707e-02;9.177142e-02;2.629248e-02;2.726982e-01;3.462859e-02;3.106690e-02;1.057039e-01;6.398872e-02;3.712082e-02;6.567525e-02;3.933402e-02
1.891419e-01;7.059161e-02;9.336127e-02;1.906225e-02;2.854537e-01;2.511725e-02;1.903778e-02;1.242727e-01;7.065682e-02;1.288786e-02;6.272777e-02;2.768912e-02
2.074909e-01;6.069079e-02;7.697790e-02;1.017257e-02;2.994165e-01;1.824355e-02;3.026598e-02;1.255515e-01;5.997606e-02;1.690712e-02;6.925215e-02;2.505491e-02
1.947967e-01;8.270454e-02;6.878117e-02;1.405584e-02;2.768376e-01;1.394477e-02;4.490308e-02;1.135199e-01;6.935855e-02;1.428914e-02;8.887977e-02;1.792898e-02
1.861032e-01;8.829006e-02;7.590134e-02;2.366310e-02;2.443792e-01;1.698130e-02;4.392399e-02;9.894773e-02;6.793539e-02;2.086430e-02;1.081434e-01;2.486695e-02
1.927675e-01;8.614158e-02;7.569930e-02;2.615528e-02;2.229670e-01;2.117505e-02;4.457106e-02;1.020866e-01;7.737663e-02;1.526806e-02;1.145597e-01;2.123220e-02
2.105280e-01;8.146165e-02;6.419177e-02;2.388965e-02;2.165822e-01;1.993454e-02;4.603154e-02;1.233409e-01;7.328428e-02;1.688873e-02;1.101072e-01;1.375953e-02
2.756552e-01;6.914732e-02;5.849614e-02;1.556687e-02;1.916340e-01;1.380487e-02;3.801190e-02;1.548447e-01;6.097703e-02;1.547964e-02;9.399626e-02;1.238603e-02
3.346667e-01;6.246337e-02;8.056354e-02;6.867316e-03;1.621646e-01;7.908577e-03;2.664017e-02;1.737670e-01;3.505047e-02;1.098434e-02;8.102073e-02;1.790313e-02
3.554741e-01;5.818384e-02;9.547208e-02;8.405149e-03;1.442506e-01;9.164963e-03;2.652173e-02;1.951500e-01;1.452907e-02;9.723189e-03;6.372550e-02;1.939978e-02
3.416498e-01;5.927018e-02;9.437990e-02;9.079488e-03;1.368479e-01;9.890099e-03;2.235321e-02;2.158766e-01;2.017308e-02;1.059765e-02;6.497812e-02;1.490394e-02
3.038082e-01;6.631497e-02;6.775885e-02;1.577911e-02;1.367018e-01;6.024380e-03;2.962119e-02;2.353957e-01;4.133509e-02;9.867184e-03;7.250281e-02;1.489083e-02
2.457292e-01;8.410497e-02;7.988837e-02;2.398424e-02;1.234638e-01;1.206827e-02;4.964681e-02;2.317681e-01;5.447062e-02;1.103671e-02;6.808480e-02;1.575413e-02
2.098355e-01;1.020818e-01;1.046786e-01;2.418635e-02;9.337604e-02;1.645088e-02;5.363017e-02;2.074947e-01;9.255791e-02;1.163406e-02;6.695412e-02;1.711992e-02
2.377173e-01;1.098849e-01;1.462579e-01;1.567045e-02;5.663872e-02;1.174762e-02;4.841554e-02;1.586435e-01;9.926282e-02;1.266883e-02;7.429209e-02;2.880034e-02
2.681245e-01;1.046175e-01;1.462131e-01;3.247549e-02;6.297148e-02;1.251833e-02;6.516127e-02;1.031521e-01;7.190576e-02;1.668536e-02;8.018415e-02;3.599092e-02
1.842698e-01;9.673533e-02;2.147810e-01;6.962506e-02;7.602945e-02;3.350554e-02;6.512153e-02;8.377014e-02;3.969999e-02;3.634808e-02;6.612849e-02;3.398556e-02
1.478474e-01;9.805036e-02;2.584978e-01;6.535009e-02;7.634476e-02;4.576387e-02;5.223224e-02;6.477158e-02;4.398455e-02;4.622019e-02;6.545766e-02;3.547945e-02
1.490057e-01;9.536183e-02;2.163113e-01;5.939689e-02;7.933752e-02;4.550397e-02;7.183339e-02;5.658290e-02;5.219323e-02;5.559773e-02;8.217674e-02;3.669877e-02
9.364394e-02;9.479471e-02;2.847569e-01;4.394009e-02;7.612082e-02;2.966806e-02;6.848909e-02;3.766252e-02;7.000463e-02;6.817215e-02;9.031878e-02;4.242832e-02
9.920012e-02;9.416150e-02;4.269818e-01;2.351737e-02;4.856298e-02;1.937337e-02;4.598476e-02;4.727079e-02;3.440115e-02;5.454031e-02;7.825407e-02;2.775178e-02
1.645798e-01;8.963280e-02;4.180932e-01;2.527278e-02;4.849998e-02;1.317265e-02;4.546423e-02;5.704701e-02;1.580296e-02;2.869305e-02;5.485336e-02;3.888819e-02
2.324385e-01;7.007389e-02;3.183728e-01;2.886681e-02;4.033355e-02;1.992484e-02;4.622374e-02;6.714625e-02;1.799844e-02;3.457728e-02;6.193251e-02;6.211133e-02
2.424420e-01;4.721318e-02;2.142718e-01;4.280523e-02;2.148465e-02;2.535699e-02;6.993597e-02;6.507528e-02;2.247520e-02;6.039194e-02;9.156009e-02;9.698777e-02
1.983994e-01;2.233454e-02;1.393940e-01;7.496461e-02;2.022665e-02;3.130417e-02;8.804964e-02;5.768785e-02;3.006380e-02;9.032018e-02;1.215938e-01;1.256613e-01
1.889732e-01;7.888252e-02;1.073003e-01;7.278411e-02;5.115748e-02;4.035801e-02;9.433055e-02;6.711450e-02;4.943750e-02;7.250875e-02;9.189447e-02;8.525857e-02
1.810544e-01;1.006128e-01;2.019171e-01;5.772802e-02;6.531999e-02;3.155387e-02;9.343299e-02;9.692232e-02;4.614557e-02;4.357016e-02;3.984607e-02;4.189673e-02
2.264685e-01;1.059314e-01;1.720800e-01;4.589647e-02;7.985774e-02;2.210199e-02;6.359282e-02;1.502751e-01;3.616259e-02;2.714583e-02;2.874526e-02;4.174229e-02
2.859390e-01;8.650632e-02;8.956519e-02;3.209861e-02;1.023806e-01;1.540958e-02;4.278376e-02;2.257130e-01;2.480004e-02;1.869101e-02;3.414555e-02;4.196727e-02
2.710258e-01;5.076573e-02;8.124140e-02;3.879293e-02;1.087503e-01;9.265627e-03;5.231480e-02;2.354017e-01;3.627215e-02;2.926099e-02;3.601807e-02;5.089039e-02
2.248053e-01;4.098524e-02;1.004528e-01;5.267227e-02;7.974342e-02;2.367997e-02;8.477589e-02;1.687517e-01;4.814644e-02;5.332584e-02;4.291438e-02;7.974686e-02
1.563984e-01;2.945680e-02;9.729046e-02;1.172740e-01;3.459337e-02;3.292205e-02;9.949101e-02;1.149876e-01;4.579709e-02;6.278436e-02;7.109851e-02;1.379063e-01
1.075961e-01;2.288731e-02;1.154947e-01;8.954895e-02;6.571300e-02;3.475922e-02;9.323416e-02;8.170259e-02;4.419776e-02;1.044864e-01;1.100898e-01;1.302900e-01
1.017900e-01;5.103155e-02;9.988755e-02;6.623991e-02;6.887050e-02;5.971879e-02;6.853600e-02;5.954112e-02;5.870918e-02;1.251947e-01;1.331405e-01;1.073401e-01
5.554071e-02;5.773250e-02;7.630404e-02;1.210508e-01;4.338977e-02;1.031100e-01;7.104592e-02;4.839630e-02;6.700340e-02;1.050308e-01;1.509002e-01;1.004956e-01
3.908349e-02;5.122886e-02;7.210114e-02;1.577436e-01;4.299345e-02;8.536156e-02;7.101892e-02;4.799895e-02;4.682972e-02;1.493736e-01;1.520806e-01;8.418617e-02
4.466331e-02;4.200612e-02;7.871165e-02;1.597538e-01;6.907686e-02;3.659721e-02;8.611074e-02;4.359845e-02;4.725743e-02;1.838986e-01;1.348219e-01;7.350398e-02
5.005603e-02;3.450854e-02;9.989395e-02;1.365921e-01;9.800177e-02;7.163560e-02;6.683599e-02;3.376361e-02;7.043152e-02;1.720885e-01;9.091274e-02;7.527959e-02
4.686574e-02;3.760440e-02;1.223802e-01;1.295741e-01;1.452004e-01;7.019774e-02;6.410738e-02;4.139258e-02;7.623689e-02;1.205088e-01;6.279273e-02;8.313905e-02
3.764740e-02;4.738687e-02;1.526919e-01;1.341624e-01;1.407085e-01;5.896158e-02;6.057402e-02;4.711304e-02;8.437820e-02;1.060345e-01;6.639424e-02;6.394736e-02
4.831279e-02;4.315475e-02;2.030648e-01;1.348564e-01;9.563304e-02;5.926647e-02;7.324582e-02;4.843287e-02;9.726134e-02;1.001458e-01;5.808920e-02;3.853669e-02
6.529382e-02;4.177515e-02;1.763569e-01;1.107150e-01;9.268449e-02;5.230192e-02;1.121839e-01;5.684378e-02;8.525850e-02;8.749270e-02;7.913212e-02;3.996186e-02
7.383622e-02;6.090576e-02;1.353797e-01;6.992240e-02;7.841632e-02;6.814571e-02;7.410632e-02;8.094071e-02;7.135663e-02;1.104913e-01;1.067747e-01;6.972418e-02
8.799390e-02;7.459551e-02;1.527682e-01;7.090318e-02;6.187277e-02;7.157864e-02;8.324432e-02;9.296688e-02;6.243359e-02;1.063592e-01;5.655048e-02;7.873335e-02
1.032584e-01;5.223817e-02;1.170750e-01;9.235218e-02;7.691636e-02;8.408640e-02;1.103970e-01;7.156090e-02;8.110406e-02;8.164537e-02;5.712904e-02;7.223710e-02
7.548521e-02;4.977379e-02;1.211075e-01;7.315712e-02;7.822865e-02;1.199915e-01;1.299552e-01;6.371631e-02;9.452287e-02;6.305145e-02;5.252624e-02;7.848414e-02
6.323179e-02;4.877780e-02;1.494147e-01;6.261377e-02;9.861503e-02;1.358015e-01;1.344430e-01;6.622709e-02;8.401609e-02;4.904789e-02;5.961683e-02;4.819464e-02
6.490482e-02;5.811744e-02;1.646746e-01;1.334735e-01;1.181123e-01;8.842470e-02;9.961972e-02;5.965868e-02;5.571541e-02;4.064760e-02;8.356167e-02;3.308956e-02
7.381154e-02;6.694722e-02;1.437833e-01;1.505632e-01;7.901157e-02;1.031839e-01;7.609197e-02;6.128037e-02;4.581226e-02;5.198495e-02;1.074645e-01;4.006524e-02
