1.138490e-01;5.226836e-02;1.114009e-01;7.699294e-02;4.906847e-02;5.652216e-02;7.958826e-02;8.070204e-02;9.870081e-02;1.115602e-01;5.168316e-02;1.176637e-01
1.062439e-01;7.534289e-02;9.756543e-02;6.234450e-02;4.991144e-02;5.302026e-02;1.046766e-01;6.298057e-02;9.755898e-02;1.402848e-01;5.254745e-02;9.752319e-02
7.314400e-02;6.757149e-02;7.674520e-02;7.470845e-02;6.799250e-02;5.218906e-02;1.278999e-01;7.663550e-02;1.057444e-01;1.409179e-01;5.818181e-02;7.826983e-02
6.162342e-02;6.206301e-02;8.753941e-02;8.146499e-02;6.688271e-02;6.757202e-02;8.397680e-02;1.325340e-01;1.213766e-01;1.264577e-01;3.620693e-02;7.230240e-02
4.791679e-02;5.688956e-02;1.098160e-01;6.622854e-02;6.209401e-02;7.877708e-02;7.131972e-02;1.831353e-01;1.197923e-01;9.208553e-02;5.398209e-02;5.796309e-02
8.675312e-02;6.155733e-02;1.354632e-01;4.131176e-02;7.990099e-02;8.200961e-02;9.715167e-02;1.086867e-01;1.142446e-01;7.328099e-02;6.454887e-02;5.509108e-02
7.914972e-02;1.094309e-01;1.593110e-01;3.248634e-02;5.104034e-02;7.519869e-02;1.237033e-01;5.476803e-02;1.281542e-01;1.005399e-01;4.039638e-02;4.582136e-02
6.124433e-02;1.281865e-01;1.821770e-01;3.337368e-02;2.602056e-02;5.308298e-02;1.181560e-01;5.046426e-02;1.541457e-01;1.124511e-01;4.730736e-02;3.339046e-02
8.410740e-02;6.455913e-02;1.453991e-01;5.035888e-02;4.687832e-02;5.665714e-02;7.705163e-02;7.112948e-02;1.384631e-01;1.031166e-01;9.266254e-02;6.961676e-02
1.018702e-01;7.020735e-02;1.303025e-01;4.185676e-02;6.494933e-02;6.497940e-02;1.073205e-01;7.994499e-02;7.802870e-02;7.758154e-02;1.309291e-01;5.202968e-02
8.908621e-02;8.615538e-02;1.345300e-01;3.245270e-02;6.221614e-02;4.746753e-02;1.663996e-01;9.212157e-02;3.982992e-02;4.360772e-02;1.439251e-01;6.220819e-02
5.532282e-02;9.214678e-02;1.326942e-01;2.368358e-02;6.514822e-02;2.917563e-02;2.209474e-01;1.087252e-01;2.180194e-02;1.900416e-02;1.754589e-01;5.589125e-02
3.250607e-02;1.005478e-01;1.021336e-01;1.668004e-02;7.713430e-02;2.105791e-02;2.625319e-01;9.911139e-02;1.258518e-02;9.696451e-03;2.114693e-01;5.454607e-02
3.166112e-02;1.268852e-01;5.862746e-02;1.108374e-02;8.414610e-02;2.649225e-02;3.163489e-01;6.840919e-02;1.584306e-02;1.570630e-02;2.090126e-01;3.578410e-02
4.427458e-02;1.473082e-01;5.338321e-02;8.718744e-03;8.440471e-02;3.779656e-02;3.428665e-01;6.362669e-02;1.399026e-02;1.435507e-02;1.743715e-01;1.490396e-02
7.397932e-02;1.418218e-01;8.203808e-02;2.001990e-02;7.903898e-02;5.438999e-02;2.942580e-01;6.937464e-02;1.247685e-02;1.991872e-02;1.241310e-01;2.855260e-02
1.051809e-01;1.285895e-01;1.146533e-01;2.413866e-02;7.524090e-02;6.944761e-02;2.161426e-01;7.599281e-02;2.054364e-02;3.553684e-02;8.411721e-02;5.041597e-02
1.056582e-01;1.288357e-01;1.225400e-01;3.745162e-02;5.864015e-02;6.473732e-02;1.647856e-01;1.053516e-01;3.144680e-02;4.078523e-02;7.785898e-02;6.190887e-02
8.173885e-02;1.610400e-01;7.706522e-02;3.042296e-02;6.343969e-02;2.038544e-02;3.669899e-01;6.753964e-02;1.443540e-02;3.049044e-02;6.578422e-02;2.066812e-02
4.595371e-02;1.930702e-01;1.487221e-01;1.844009e-02;5.926687e-02;2.709076e-02;3.177588e-01;4.048029e-02;1.997654e-02;2.053081e-02;8.536621e-02;2.334367e-02
4.187395e-02;1.551311e-01;2.517250e-01;2.873849e-02;5.964864e-02;1.809604e-02;2.361810e-01;6.723984e-02;2.286123e-02;2.023255e-02;6.341714e-02;3.485499e-02
3.119888e-02;1.097848e-01;3.512365e-01;4.117941e-02;5.506385e-02;1.138235e-02;1.967794e-01;7.365706e-02;2.111013e-02;2.144137e-02;5.357678e-02;3.358943e-02
1.897530e-02;8.675388e-02;3.974156e-01;4.966984e-02;5.576874e-02;1.592410e-02;1.866600e-01;7.644738e-02;1.572873e-02;1.708386e-02;5.325520e-02;2.631732e-02
2.960618e-02;1.193156e-01;3.284058e-01;3.510524e-02;8.690605e-02;1.779902e-02;2.056398e-01;7.811935e-02;1.218503e-02;9.537864e-03;5.965382e-02;1.772627e-02
6.207581e-02;1.701995e-01;1.892002e-01;1.384329e-02;1.144973e-01;2.493864e-02;2.536896e-01;6.461750e-02;1.207035e-02;1.292496e-02;6.653163e-02;1.541124e-02
1.280562e-01;1.932665e-01;6.659561e-02;1.054828e-02;1.062298e-01;3.627896e-02;2.921821e-01;4.870810e-02;1.989921e-02;2.117840e-02;5.951144e-02;1.754539e-02
1.832169e-01;1.808849e-01;3.327041e-02;1.581898e-02;8.606499e-02;3.721437e-02;2.860681e-01;5.162669e-02;2.764484e-02;2.815275e-02;4.849324e-02;2.154376e-02
1.756111e-01;1.579752e-01;1.013795e-01;2.417005e-02;8.652863e-02;3.074339e-02;2.246334e-01;5.901857e-02;3.676908e-02;3.090648e-02;4.599721e-02;2.626744e-02
7.434240e-02;1.543259e-01;1.566045e-01;4.643269e-02;1.092739e-01;4.591069e-02;2.046610e-01;5.845943e-02;3.800151e-02;2.514895e-02;5.820042e-02;2.863876e-02
9.239277e-02;1.328102e-01;1.800680e-01;3.671432e-02;1.231485e-01;5.709812e-02;2.068072e-01;5.892843e-02;2.857037e-02;1.337003e-02;5.047477e-02;1.961735e-02
6.927224e-02;1.370419e-01;2.524619e-01;3.333731e-02;1.315901e-01;5.277635e-02;1.544315e-01;6.299096e-02;2.906359e-02;1.467127e-02;3.938926e-02;2.297370e-02
4.003155e-02;9.101713e-02;2.197123e-01;4.457081e-02;1.115470e-01;6.091157e-02;1.761390e-01;5.154141e-02;6.403391e-02;5.718970e-02;4.124336e-02;4.206218e-02
1.212671e-01;8.341382e-02;1.256545e-01;3.282306e-02;9.859073e-02;8.484762e-02;1.484950e-01;3.772229e-02;7.982355e-02;5.666781e-02;6.234559e-02;6.834882e-02
1.693009e-01;9.695010e-02;9.749537e-02;4.688245e-02;7.267199e-02;1.424681e-01;1.583044e-01;3.539597e-02;4.719945e-02;5.107760e-02;3.020316e-02;5.205056e-02
1.956601e-01;9.152479e-02;7.772692e-02;4.487513e-02;5.401863e-02;2.164368e-01;1.556275e-01;3.584746e-02;2.594277e-02;6.009476e-02;1.169044e-02;3.055477e-02
1.833684e-01;5.525324e-02;6.873678e-02;3.589919e-02;6.229329e-02;2.830349e-01;1.369972e-01;3.008790e-02;5.162759e-02;5.652012e-02;8.638103e-03;2.754332e-02
1.247190e-01;2.145510e-02;9.502276e-02;2.467769e-02;1.269894e-01;2.898787e-01;1.068968e-01;2.640430e-02;1.012131e-01;3.701467e-02;1.146442e-02;3.426411e-02
6.153084e-02;1.484974e-02;1.282561e-01;3.376394e-02;2.253391e-01;1.814452e-01;6.291897e-02;3.105946e-02;1.637666e-01;1.420632e-02;1.675046e-02;6.611335e-02
3.990056e-02;1.400411e-02;1.176248e-01;4.448142e-02;2.843845e-01;9.351104e-02;5.478549e-02;2.614288e-02;2.005642e-01;9.184346e-03;1.449072e-02;1.009258e-01
3.747532e-02;1.241145e-02;9.533150e-02;5.988185e-02;3.032530e-01;5.652689e-02;6.630162e-02;1.325174e-02;2.109192e-01;1.691400e-02;8.880418e-03;1.188530e-01
3.779799e-02;3.019437e-02;1.121422e-01;8.042192e-02;2.829782e-01;3.842202e-02;5.756384e-02;2.457864e-02;1.844497e-01;1.004065e-02;1.812213e-02;1.232883e-01
3.004566e-02;5.492341e-02;1.672998e-01;1.125210e-01;2.411795e-01;3.281554e-02;5.741770e-02;2.633888e-02;1.235474e-01;1.173871e-02;3.122664e-02;1.109457e-01
2.442537e-02;6.093222e-02;2.377212e-01;1.095541e-01;1.996714e-01;4.565260e-02;7.698578e-02;3.566988e-02;4.971688e-02;2.602027e-02;3.863389e-02;9.501644e-02
3.299738e-02;6.961619e-02;2.785755e-01;7.555017e-02;1.945331e-01;6.793959e-02;3.983502e-02;4.924655e-02;6.339879e-02;3.032306e-02;2.773634e-02;7.024826e-02
2.678311e-02;7.685514e-02;2.244356e-01;6.359009e-02;2.323589e-01;7.472886e-02;7.380255e-02;4.037132e-02;6.108373e-02;2.315251e-02;2.686820e-02;7.596994e-02
2.648822e-02;7.272662e-02;2.122808e-01;6.381527e-02;2.278403e-01;7.456003e-02;3.686267e-02;3.325173e-02;8.813946e-02;2.141246e-02;3.170811e-02;1.109144e-01
7.493205e-02;5.902018e-02;1.788602e-01;4.645967e-02;1.906955e-01;7.749353e-02;5.345892e-02;3.362959e-02;1.120858e-01;1.930770e-02;2.905122e-02;1.250056e-01
1.546661e-01;4.811016e-02;1.282700e-01;2.748127e-02;1.534832e-01;9.036673e-02;1.144591e-01;2.365941e-02;9.342316e-02;3.260501e-02;2.056532e-02;1.129106e-01
2.113967e-01;6.978727e-02;6.084275e-02;3.210554e-02;1.011591e-01;9.887232e-02;2.124435e-01;2.019502e-02;6.063051e-02;5.672634e-02;1.463638e-02;6.120450e-02
1.725308e-01;1.293862e-01;5.487461e-02;4.433795e-02;5.470615e-02;7.173459e-02;2.666920e-01;2.050063e-02;4.351674e-02;7.890157e-02;3.562714e-02;2.719157e-02
2.104436e-01;1.642114e-01;4.873121e-02;3.738144e-02;2.951487e-02;5.744422e-02;2.673847e-01;1.160408e-02;3.183303e-02;8.951843e-02;3.099355e-02;2.093950e-02
2.206002e-01;1.996684e-01;2.462309e-02;2.195417e-02;2.180375e-02;4.732129e-02;2.803040e-01;1.165773e-02;1.507493e-02;7.448550e-02;6.881190e-02;1.369501e-02
1.480417e-01;2.448288e-01;4.966476e-02;7.140114e-03;2.344519e-02;2.811956e-02;3.028123e-01;1.843878e-02;1.087038e-02;4.044482e-02;1.211964e-01;4.997267e-03
9.717850e-02;2.521283e-01;7.195880e-02;5.570030e-03;2.407286e-02;1.578914e-02;3.178763e-01;2.855134e-02;1.158536e-02;2.233677e-02;1.419961e-01;1.095641e-02
6.222190e-02;2.163356e-01;1.408910e-01;9.189377e-03;2.700103e-02;1.828411e-02;3.208430e-01;4.371247e-02;9.901023e-03;1.320315e-02;1.239778e-01;1.443956e-02
3.230742e-02;1.621662e-01;2.583251e-01;2.024736e-02;3.344455e-02;2.286270e-02;2.906973e-01;6.108659e-02;1.326163e-02;7.847563e-03;8.598711e-02;1.176643e-02
2.100748e-02;1.003875e-01;3.411438e-01;3.620153e-02;3.176736e-02;3.868983e-02;2.358240e-01;7.520979e-02;2.393667e-02;1.039360e-02;5.096287e-02;3.447556e-02
2.217123e-02;4.926734e-02;3.786891e-01;6.572572e-02;2.548256e-02;5.015408e-02;1.774873e-01;7.087587e-02;6.145314e-02;2.006528e-02;2.400195e-02;5.462646e-02
3.709028e-02;2.510199e-02;3.481654e-01;1.319454e-01;2.508592e-02;3.349479e-02;1.227585e-01;4.491765e-02;1.321776e-01;3.821895e-02;2.280899e-02;3.823463e-02
5.017776e-02;1.926653e-02;2.422616e-01;1.852937e-01;2.372768e-02;9.645035e-03;8.912544e-02;6.450511e-02;2.092263e-01;6.071893e-02;3.997378e-02;6.078079e-03
4.708688e-02;1.769336e-02;1.816996e-01;1.891381e-01;2.476631e-02;1.218447e-02;1.127804e-01;6.270958e-02;2.211569e-01;7.113297e-02;4.748667e-02;1.216473e-02
3.484286e-02;1.720103e-02;1.998609e-01;1.527139e-01;2.360315e-02;1.846054e-02;1.824801e-01;6.798815e-02;1.705447e-01;6.534305e-02;4.281859e-02;2.414302e-02
2.205392e-02;2.503966e-02;2.284375e-01;1.174956e-01;2.196785e-02;2.133270e-02;2.440168e-01;6.441111e-02;1.188538e-01;6.381126e-02;4.151658e-02;3.106328e-02
4.757675e-02;2.409065e-02;2.422872e-01;7.742682e-02;2.706187e-02;1.895289e-02;2.208899e-01;6.635282e-02;9.492600e-02;9.081483e-02;5.713247e-02;3.248771e-02
6.676285e-02;3.729897e-02;2.234329e-01;7.151373e-02;4.444113e-02;3.017414e-02;9.758691e-02;6.690479e-02;1.255322e-01;1.370860e-01;6.969312e-02;2.957325e-02
4.405980e-02;4.051375e-02;2.038579e-01;9.809794e-02;4.987567e-02;2.764620e-02;9.041243e-02;6.852441e-02;1.571917e-01;1.315617e-01;6.336730e-02;2.489129e-02
5.814681e-02;3.598215e-02;2.297221e-01;1.357881e-01;5.229472e-02;3.175374e-02;9.359345e-02;6.755581e-02;1.483706e-01;8.365379e-02;4.932832e-02;1.381029e-02
5.894634e-02;5.780762e-02;1.916421e-01;1.213440e-01;3.827004e-02;4.251767e-02;7.173513e-02;8.081667e-02;1.445006e-01;1.024242e-01;7.682957e-02;1.316594e-02
6.250653e-02;5.020382e-02;1.393880e-01;6.945476e-02;4.496979e-02;6.950418e-02;6.839413e-02;5.549858e-02;1.593115e-01;1.567465e-01;7.759179e-02;4.643044e-02
6.075536e-02;5.341117e-02;6.464341e-02;5.018884e-02;3.360213e-02;7.339852e-02;1.092407e-01;1.161225e-01;1.629917e-01;1.750278e-01;4.555682e-02;5.506105e-02
6.664219e-02;5.501268e-02;8.549266e-02;3.678874e-02;3.360368e-02;6.819750e-02;8.745436e-02;1.934420e-01;1.340570e-01;1.627005e-01;2.844870e-02;4.815990e-02
5.156289e-02;4.933598e-02;8.329476e-02;2.845701e-02;4.576948e-02;5.964465e-02;9.994162e-02;2.404234e-01;1.222000e-01;1.538080e-01;2.455161e-02;4.101074e-02
4.391953e-02;4.453830e-02;7.575101e-02;2.839728e-02;4.614979e-02;7.158247e-02;1.537356e-01;1.694397e-01;1.527678e-01;1.459069e-01;3.925352e-02;2.855813e-02
5.730877e-02;5.954023e-02;8.853574e-02;3.232814e-02;4.891970e-02;9.949069e-02;1.464175e-01;1.061930e-01;1.825635e-01;1.004237e-01;4.559258e-02;3.268648e-02
8.118924e-02;7.113886e-02;9.053057e-02;3.918143e-02;3.982221e-02;7.373159e-02;1.283327e-01;1.169776e-01;1.593785e-01;1.165419e-01;4.640549e-02;3.676996e-02
9.739383e-02;4.789919e-02;7.195152e-02;4.546692e-02;3.595970e-02;5.023635e-02;1.419328e-01;1.301273e-01;1.490630e-01;1.400028e-01;4.725722e-02;4.270938e-02
8.656678e-02;2.292307e-02;4.336649e-02;3.938452e-02;4.181153e-02;4.720370e-02;2.112226e-01;1.211525e-01;1.307561e-01;1.524047e-01;5.359307e-02;4.961494e-02
5.605324e-02;4.417305e-02;6.719592e-02;3.070173e-02;4.454828e-02;5.492879e-02;2.477760e-01;7.929195e-02;1.388104e-01;1.384186e-01;5.962963e-02;3.847236e-02
6.579257e-02;5.811101e-02;6.838650e-02;3.538192e-02;4.256565e-02;5.763267e-02;1.993633e-01;7.808626e-02;1.565664e-01;1.386185e-01;5.853964e-02;4.095554e-02
7.222489e-02;6.985357e-02;8.371451e-02;6.119832e-02;5.635297e-02;5.032678e-02;1.993702e-01;9.665027e-02;8.380117e-02;1.055883e-01;4.372739e-02;7.719165e-02
7.094215e-02;8.111703e-02;1.000615e-01;4.745525e-02;7.303704e-02;5.825430e-02;1.524998e-01;6.704959e-02;1.241385e-01;8.301036e-02;3.879977e-02;1.036347e-01
7.525744e-02;8.050942e-02;6.169403e-02;8.149744e-02;8.615339e-02;6.972840e-02;1.334444e-01;5.811150e-02;1.213686e-01;7.403535e-02;5.410355e-02;1.040965e-01
9.292241e-02;7.174076e-02;1.076196e-01;7.116783e-02;8.963770e-02;6.525992e-02;1.365210e-01;7.848191e-02;7.886489e-02;6.377187e-02;8.407101e-02;5.994106e-02
9.928262e-02;7.519051e-02;1.490541e-01;6.401208e-02;7.163143e-02;7.073107e-02;8.915792e-02;9.915437e-02;9.613141e-02;6.519638e-02;8.629530e-02;3.416281e-02
9.776717e-02;6.552433e-02;1.190618e-01;5.466308e-02;5.911640e-02;7.484383e-02;8.880848e-02;9.878585e-02;1.274990e-01;8.420365e-02;7.616098e-02;5.356540e-02
1.109159e-01;8.220896e-02;1.239901e-01;5.890694e-02;7.403494e-02;6.152935e-02;8.301046e-02;8.856191e-02;9.621354e-02;6.722137e-02;9.180663e-02;6.159993e-02
1.185775e-01;8.687025e-02;1.187559e-01;4.870059e-02;5.954811e-02;4.726872e-02;7.469832e-02;6.211113e-02;1.170179e-01;9.344079e-02;1.234418e-01;4.956898e-02
8.876250e-02;9.155566e-02;1.633088e-01;4.022089e-02;5.083514e-02;4.081693e-02;5.183364e-02;5.232224e-02;8.509882e-02;1.388497e-01;1.164805e-01;7.991511e-02
1.113681e-01;9.851542e-02;1.887084e-01;4.673878e-02;5.115007e-02;3.211119e-02;1.080274e-01;3.678716e-02;6.349225e-02;1.061901e-01;9.221231e-02;6.469879e-02
1.076609e-01;9.541810e-02;2.078935e-01;5.014022e-02;4.668704e-02;2.716474e-02;1.438935e-01;3.230128e-02;6.710163e-02;9.111425e-02;7.449058e-02;5.613418e-02
8.558362e-02;8.827892e-02;2.355750e-01;5.466378e-02;3.666860e-02;2.128878e-02;1.782012e-01;2.653177e-02;7.705932e-02;8.297926e-02;6.168405e-02;5.148566e-02
4.661359e-02;6.430652e-02;2.193110e-01;5.372648e-02;6.503695e-02;4.819163e-02;2.261764e-01;4.233657e-02;6.850760e-02;6.498157e-02;5.189646e-02;4.891531e-02
3.230355e-02;5.467968e-02;1.460723e-01;6.260590e-02;9.686939e-02;1.181239e-01;2.404691e-01;7.135070e-02;3.857496e-02;5.313446e-02;3.681514e-02;4.900102e-02
2.479113e-02;5.131084e-02;1.065011e-01;6.592090e-02;1.064248e-01;1.483865e-01;1.889044e-01;9.962367e-02;5.153825e-02;5.143132e-02;4.459573e-02;6.057132e-02
5.494354e-02;4.715457e-02;1.298890e-01;4.784331e-02;9.582257e-02;8.504655e-02;1.799965e-01;1.253254e-01;7.171545e-02;6.604101e-02;3.668313e-02;5.953887e-02
6.156643e-02;6.192780e-02;8.575223e-02;6.017512e-02;1.031362e-01;8.063556e-02;1.142392e-01;1.130238e-01;8.880917e-02;1.252899e-01;5.831629e-02;4.712823e-02
6.733226e-02;6.849989e-02;5.295388e-02;6.512529e-02;9.190479e-02;1.140781e-01;1.021879e-01;9.729551e-02;1.045166e-01;1.444847e-01;6.145725e-02;3.016374e-02
6.008844e-02;7.219326e-02;7.180669e-02;6.401729e-02;7.511114e-02;1.194527e-01;1.072044e-01;9.197954e-02;1.114796e-01;1.506459e-01;6.027770e-02;1.574343e-02
3.936538e-02;6.545804e-02;8.706346e-02;6.136823e-02;5.617180e-02;1.213520e-01;1.055017e-01;9.959470e-02;1.148444e-01;1.643891e-01;5.550658e-02;2.938457e-02
8.681712e-02;8.275626e-02;1.453711e-01;3.399923e-02;6.084536e-02;5.033533e-02;1.492327e-01;8.066712e-02;9.048964e-02;1.095911e-01;4.907323e-02;6.082188e-02
1.331433e-01;7.960020e-02;1.705070e-01;2.872374e-02;5.569991e-02;4.786657e-02;1.115631e-01;4.653271e-02;6.546639e-02;1.044963e-01;9.184331e-02;6.455740e-02
1.402776e-01;6.999089e-02;1.445535e-01;4.981892e-02;6.372357e-02;5.058167e-02;7.422934e-02;3.796042e-02;7.276957e-02;1.293237e-01;9.973720e-02;6.703372e-02
1.095857e-01;4.296207e-02;1.100122e-01;1.095645e-01;6.545398e-02;5.497157e-02;1.034083e-01;3.417987e-02;9.431931e-02;1.374928e-01;7.685494e-02;6.119472e-02
6.109432e-02;1.722618e-02;2.180358e-01;1.473225e-01;4.251566e-02;8.132247e-02;1.195437e-01;5.615326e-02;7.701346e-02;8.429722e-02;3.702199e-02;5.845341e-02
3.011950e-02;1.930900e-02;3.691045e-01;9.740228e-02;2.073169e-02;8.971256e-02;1.164734e-01;7.376393e-02;6.261496e-02;3.135332e-02;1.696756e-02;7.244737e-02
2.429522e-02;2.696226e-02;4.229089e-01;6.971117e-02;3.022573e-02;5.658118e-02;9.835453e-02;7.591570e-02;6.537922e-02;4.009046e-02;1.427421e-02;7.530140e-02
5.804332e-02;1.321175e-02;2.786138e-01;1.643713e-01;6.839691e-02;3.440306e-02;7.248975e-02;4.432062e-02;1.125845e-01;7.509881e-02;2.661878e-02;5.184744e-02
8.165051e-02;2.132561e-02;1.525565e-01;2.036342e-01;1.212899e-01;2.707879e-02;6.685635e-02;4.076028e-02;1.297570e-01;1.032756e-01;2.754529e-02;2.426997e-02
9.215345e-02;2.772441e-02;6.859445e-02;2.022769e-01;1.658141e-01;3.245573e-02;5.084526e-02;5.549987e-02;1.277305e-01;1.333336e-01;3.011116e-02;1.346040e-02
1.124997e-01;3.256174e-02;4.284061e-02;2.117967e-01;1.478510e-01;2.389502e-02;5.934064e-02;4.429825e-02;1.514506e-01;1.381137e-01;2.948123e-02;5.870841e-03
1.114951e-01;2.599240e-02;1.160093e-01;2.275086e-01;9.284374e-02;1.319168e-02;5.930215e-02;2.995620e-02;1.716522e-01;1.053853e-01;3.582372e-02;1.083954e-02
9.442075e-02;1.225656e-02;2.178642e-01;2.265639e-01;5.605390e-02;9.445408e-03;5.884684e-02;2.780261e-02;1.808321e-01;6.141733e-02;4.008453e-02;1.441183e-02
5.958149e-02;2.015834e-02;3.012540e-01;1.900372e-01;3.700131e-02;6.690889e-03;8.263662e-02;3.840466e-02;1.647148e-01;4.287631e-02;3.391905e-02;2.272532e-02
4.319517e-02;1.625121e-02;3.523984e-01;1.335189e-01;3.834018e-02;1.632991e-02;1.283205e-01;4.068310e-02;1.195164e-01;4.869174e-02;2.185284e-02;4.090168e-02
4.409999e-02;3.376713e-02;3.279904e-01;7.605445e-02;4.518593e-02;2.315562e-02;1.832064e-01;5.780049e-02;6.829736e-02;4.826421e-02;3.697063e-02;5.520745e-02
4.883746e-02;4.427409e-02;2.308142e-01;1.264358e-01;4.961073e-02;3.442420e-02;1.711003e-01;5.282363e-02;9.336960e-02;4.402036e-02;4.476675e-02;5.952297e-02
7.318275e-02;3.428385e-02;1.304155e-01;1.675399e-01;5.494080e-02;5.629963e-02;1.297272e-01;8.727803e-02;8.295273e-02;7.742058e-02;5.425351e-02;5.170550e-02
7.843559e-02;2.882292e-02;1.772048e-01;1.156016e-01;3.856656e-02;8.151909e-02;7.884287e-02;7.568942e-02;1.364515e-01;1.088964e-01;5.105699e-02;2.891234e-02
7.100846e-02;3.297249e-02;1.838710e-01;1.014524e-01;2.968029e-02;7.216576e-02;7.698432e-02;5.585538e-02;1.746822e-01;9.865254e-02;6.296799e-02;3.970718e-02
8.936026e-02;3.873704e-02;1.280125e-01;7.669161e-02;2.822280e-02;5.699245e-02;9.594345e-02;5.786123e-02;1.592425e-01;1.156922e-01;8.636750e-02;6.687649e-02
1.262823e-01;3.561178e-02;1.218732e-01;5.250841e-02;4.553346e-02;8.491595e-02;8.411530e-02;4.931880e-02;1.015650e-01;1.101575e-01;1.226136e-01;6.550469e-02
1.370891e-01;8.250668e-02;1.384458e-01;5.352499e-02;5.995268e-02;7.805303e-02;1.341107e-01;3.443748e-02;4.623093e-02;8.410855e-02;1.020079e-01;4.953221e-02
1.405684e-01;1.251862e-01;1.361658e-01;3.953390e-02;4.920836e-02;7.006647e-02;1.664445e-01;2.661811e-02;5.454586e-02;7.090136e-02;8.815127e-02;3.260984e-02
1.545193e-01;1.465701e-01;1.122134e-01;2.689190e-02;3.819015e-02;6.909502e-02;1.752119e-01;4.307329e-02;6.288837e-02;8.229207e-02;6.949946e-02;1.955490e-02
2.388175e-01;1.131550e-01;5.560926e-02;3.611515e-02;3.946140e-02;1.043037e-01;1.223186e-01;5.012541e-02;5.364270e-02;1.184816e-01;3.644205e-02;3.152767e-02
3.080592e-01;6.565712e-02;3.333523e-02;2.953947e-02;5.804561e-02;1.398305e-01;5.241757e-02;5.645646e-02;5.585132e-02;1.226530e-01;2.755976e-02;5.059480e-02
2.387113e-01;4.483407e-02;6.161001e-02;2.746667e-02;8.325365e-02;1.105208e-01;6.783529e-02;5.282021e-02;9.800475e-02;8.647428e-02;4.163850e-02;8.683050e-02
1.650980e-01;3.451098e-02;1.034124e-01;4.835311e-02;9.594451e-02;6.878717e-02;5.483121e-02;4.752078e-02;1.290814e-01;6.247306e-02;6.250994e-02;1.274774e-01
1.071027e-01;5.938727e-02;1.752687e-01;6.883775e-02;8.288015e-02;4.309783e-02;7.079064e-02;4.832490e-02;1.003989e-01;4.622633e-02;8.607871e-02;1.116061e-01
5.362240e-02;7.671203e-02;1.859253e-01;6.843157e-02;1.030212e-01;5.856793e-02;9.775203e-02;6.767852e-02;6.174182e-02;8.242822e-02;7.513644e-02;6.898253e-02
6.994793e-02;6.521153e-02;1.887656e-01;7.945392e-02;1.073946e-01;6.295022e-02;7.326728e-02;8.311719e-02;9.950827e-02;7.802628e-02;5.162090e-02;4.073621e-02
9.835190e-02;6.257245e-02;1.584062e-01;9.680496e-02;1.060682e-01;6.057168e-02;5.293023e-02;9.193880e-02;7.923153e-02;5.554842e-02;7.175980e-02;6.581581e-02
7.372043e-02;3.984139e-02;1.998512e-01;1.038270e-01;1.104680e-01;5.417550e-02;6.719407e-02;7.375188e-02;3.970745e-02;6.316341e-02;1.087582e-01;6.554142e-02
6.258094e-02;2.490630e-02;2.469648e-01;9.506623e-02;9.279969e-02;4.605637e-02;8.624352e-02;6.735717e-02;4.346694e-02;6.043012e-02;1.206129e-01;5.351498e-02
4.630758e-02;2.455315e-02;3.202198e-01;9.584918e-02;7.068095e-02;3.580137e-02;5.825186e-02;7.635691e-02;3.162808e-02;6.621271e-02;1.372136e-01;3.692478e-02
4.027728e-02;2.788911e-02;3.421818e-01;8.995056e-02;5.818085e-02;3.576280e-02;6.321868e-02;7.690573e-02;2.165058e-02;6.268731e-02;1.288311e-01;5.246417e-02
6.778536e-02;3.389752e-02;3.521539e-01;6.891615e-02;4.625344e-02;2.775926e-02;8.288790e-02;6.383886e-02;3.094247e-02;7.930617e-02;9.509698e-02;5.116200e-02
7.866987e-02;5.252294e-02;3.764427e-01;5.328630e-02;4.076178e-02;2.007418e-02;1.065275e-01;3.705778e-02;2.926589e-02;1.032081e-01;6.787770e-02;3.430529e-02
6.532345e-02;5.469377e-02;4.142963e-01;5.102458e-02;3.595849e-02;1.147261e-02;1.129079e-01;3.515194e-02;2.325110e-02;1.141204e-01;6.121235e-02;2.058706e-02
7.608058e-02;3.794128e-02;3.909379e-01;6.201015e-02;3.817072e-02;1.252781e-02;9.570306e-02;3.708567e-02;3.052812e-02;9.850984e-02;8.639981e-02;3.410509e-02
7.064658e-02;4.673600e-02;3.346224e-01;8.567205e-02;4.517048e-02;1.884180e-02;7.291816e-02;4.640997e-02;3.445500e-02;8.364905e-02;1.093632e-01;5.151537e-02
5.195757e-02;6.673638e-02;2.668747e-01;1.103782e-01;6.391471e-02;2.076077e-02;7.976467e-02;5.432715e-02;3.845200e-02;7.067344e-02;1.112266e-01;6.493378e-02
4.101460e-02;8.704547e-02;2.520893e-01;1.243302e-01;8.951812e-02;2.409528e-02;9.981260e-02;3.603250e-02;4.833638e-02;4.612489e-02;7.109574e-02;8.050495e-02
5.863216e-02;1.029590e-01;1.736438e-01;1.151681e-01;8.513478e-02;2.222962e-02;1.328026e-01;6.757447e-02;5.074569e-02;3.381627e-02;9.768940e-02;5.960419e-02
9.507170e-02;9.864724e-02;1.683540e-01;6.919456e-02;8.350107e-02;3.689184e-02;1.324072e-01;7.195134e-02;4.984702e-02;4.955538e-02;7.098921e-02;7.358944e-02
1.058716e-01;7.336965e-02;1.531710e-01;6.265241e-02;9.782776e-02;5.765610e-02;1.213883e-01;6.022355e-02;7.578740e-02;8.921010e-02;3.974662e-02;6.309551e-02
8.311356e-02;4.838134e-02;1.504148e-01;7.319389e-02;9.019964e-02;5.823978e-02;9.634230e-02;5.545441e-02;8.035108e-02;1.272862e-01;7.240728e-02;6.461573e-02
