1.131087e-01;1.614902e-01;9.123645e-02;8.289006e-02;3.992042e-02;7.389391e-02;1.033494e-01;4.753204e-02;9.614263e-02;7.895381e-02;5.566546e-02;5.581684e-02
7.555906e-02;1.125763e-01;8.766267e-02;7.769878e-02;3.881622e-02;1.188088e-01;1.215572e-01;6.751713e-02;7.700147e-02;8.507579e-02;4.857528e-02;8.915130e-02
9.701172e-02;8.703186e-02;7.611284e-02;1.103704e-01;5.630666e-02;1.342199e-01;9.503485e-02;8.432811e-02;8.056051e-02;7.664166e-02;4.761617e-02;5.476537e-02
8.016124e-02;6.189527e-02;9.679133e-02;1.331198e-01;6.583183e-02;9.305958e-02;7.172927e-02;1.009113e-01;1.068205e-01;6.303921e-02;5.738756e-02;6.925317e-02
7.070584e-02;6.795947e-02;9.618168e-02;1.152315e-01;7.229550e-02;4.647929e-02;6.369510e-02;1.179433e-01;1.036720e-01;6.718878e-02;6.814701e-02;1.105005e-01
6.652247e-02;8.958631e-02;8.947177e-02;5.385097e-02;8.065010e-02;1.240499e-01;6.378861e-02;1.020081e-01;8.596583e-02;9.670063e-02;5.443319e-02;9.297214e-02
3.486076e-02;8.273266e-02;9.279216e-02;4.396847e-02;7.718475e-02;1.600807e-01;7.723168e-02;8.058901e-02;9.525838e-02;1.094124e-01;7.266890e-02;7.322004e-02
4.600912e-02;7.804841e-02;9.302325e-02;5.746745e-02;8.126022e-02;1.088708e-01;1.081856e-01;7.920766e-02;8.754739e-02;9.004593e-02;9.761325e-02;7.272093e-02
6.427107e-02;9.327139e-02;1.312814e-01;1.065949e-01;7.517752e-02;7.781202e-02;1.038108e-01;5.970950e-02;9.797993e-02;6.002891e-02;7.652912e-02;5.353352e-02
6.916332e-02;1.048190e-01;1.576362e-01;9.966631e-02;6.891263e-02;9.253518e-02;1.019868e-01;7.331323e-02;7.114297e-02;5.080658e-02;8.597035e-02;2.404737e-02
7.020895e-02;9.868810e-02;1.348540e-01;8.023158e-02;4.374422e-02;8.821167e-02;1.505201e-01;1.108348e-01;4.573518e-02;4.841816e-02;7.648506e-02;5.206823e-02
6.908650e-02;9.211446e-02;9.736976e-02;8.761880e-02;2.535502e-02;7.507361e-02;2.046346e-01;1.336687e-01;3.566474e-02;3.568431e-02;5.823502e-02;8.549454e-02
6.396222e-02;6.777447e-02;5.977875e-02;1.132949e-01;1.387088e-02;5.308627e-02;2.794281e-01;1.410582e-01;2.182080e-02;3.071992e-02;4.669309e-02;1.085123e-01
4.228284e-02;3.357965e-02;4.348047e-02;1.256229e-01;1.774602e-02;9.059373e-02;3.690087e-01;1.180655e-01;2.007442e-02;2.642747e-02;3.597649e-02;7.714185e-02
3.123941e-02;1.938369e-02;6.512030e-02;9.446246e-02;2.566769e-02;2.268524e-01;3.190969e-01;6.930052e-02;1.812998e-02;2.661411e-02;7.347177e-02;3.066080e-02
1.997781e-02;3.382120e-02;8.534053e-02;4.838965e-02;5.076077e-02;3.647365e-01;1.579226e-01;3.997381e-02;1.752781e-02;3.055645e-02;1.228717e-01;2.812124e-02
1.264182e-02;6.037275e-02;8.633956e-02;4.876655e-02;1.298720e-01;3.912909e-01;4.519843e-02;2.166133e-02;1.979091e-02;3.034241e-02;1.339784e-01;1.974497e-02
2.014677e-02;9.718091e-02;8.807220e-02;7.987586e-02;1.588989e-01;3.234256e-01;3.313155e-02;3.314348e-02;2.680470e-02;2.286156e-02;1.030957e-01;1.336270e-02
2.852647e-02;1.089261e-01;9.324282e-02;9.193491e-02;9.071427e-02;3.214458e-01;5.751747e-02;5.414936e-02;4.035705e-02;2.411969e-02;7.438534e-02;1.468075e-02
3.514704e-02;7.028510e-02;6.929462e-02;7.922893e-02;5.447476e-02;3.293823e-01;1.222508e-01;7.627565e-02;4.582917e-02;2.197452e-02;6.968611e-02;2.617096e-02
3.478755e-02;3.823779e-02;4.586296e-02;6.902945e-02;4.924108e-02;2.651053e-01;2.070338e-01;1.094126e-01;4.500396e-02;2.526315e-02;9.556875e-02;1.545355e-02
4.697404e-02;2.813527e-02;6.375486e-02;7.566295e-02;4.926165e-02;1.824054e-01;2.257416e-01;1.062824e-01;4.794865e-02;2.220511e-02;1.042384e-01;4.738967e-02
4.711482e-02;3.477634e-02;8.452336e-02;6.528728e-02;8.123897e-02;8.184563e-02;2.742908e-01;7.165810e-02;6.177780e-02;6.677184e-03;9.377412e-02;9.703557e-02
3.390212e-02;3.056013e-02;5.507405e-02;7.768662e-02;5.666985e-02;1.895541e-01;2.715184e-01;7.085779e-02;6.333856e-02;2.010228e-02;4.855200e-02;8.218413e-02
5.718270e-02;2.505801e-02;6.979417e-02;1.589405e-01;7.014739e-02;1.944179e-01;1.721350e-01;8.074966e-02;6.404536e-02;2.027235e-02;3.950117e-02;4.775574e-02
9.959869e-02;4.568095e-02;6.535455e-02;2.337446e-01;1.053513e-01;1.414757e-01;6.449064e-02;5.830557e-02;7.039542e-02;2.416451e-02;3.351473e-02;5.792335e-02
9.954302e-02;7.694535e-02;3.330647e-02;2.195995e-01;2.199507e-01;8.413546e-02;3.444334e-02;4.469486e-02;7.163746e-02;5.847551e-02;2.485208e-02;3.241626e-02
6.279009e-02;1.280798e-01;1.984511e-02;1.558078e-01;3.361076e-01;5.956550e-02;2.154335e-02;3.540311e-02;6.096051e-02;7.804836e-02;2.791912e-02;1.392960e-02
3.072983e-02;1.411017e-01;3.723625e-02;9.475375e-02;3.003573e-01;1.637592e-01;3.116974e-02;4.301575e-02;4.019486e-02;7.277272e-02;3.834973e-02;6.559103e-03
1.899737e-02;1.170765e-01;5.916594e-02;4.900798e-02;1.715084e-01;3.314465e-01;3.999697e-02;5.542986e-02;2.956040e-02;6.597417e-02;5.215533e-02;9.680665e-03
1.908015e-02;8.965545e-02;5.025627e-02;4.067836e-02;1.323649e-01;3.671671e-01;7.455693e-02;7.198712e-02;3.518280e-02;4.800867e-02;5.086301e-02;2.019931e-02
1.815269e-02;9.600294e-02;5.654853e-02;3.567644e-02;1.267675e-01;3.140484e-01;8.450564e-02;1.084715e-01;5.152243e-02;3.945164e-02;3.008396e-02;3.876828e-02
3.037640e-02;9.168346e-02;6.277249e-02;5.605418e-02;6.590510e-02;2.290480e-01;1.187812e-01;1.433585e-01;5.954901e-02;3.558816e-02;5.069018e-02;5.619323e-02
3.969624e-02;4.771901e-02;7.049310e-02;7.088003e-02;9.554115e-02;1.585985e-01;1.541124e-01;1.342019e-01;6.094342e-02;6.123751e-02;5.560090e-02;5.097584e-02
3.140396e-02;3.018137e-02;8.625180e-02;7.554353e-02;1.296607e-01;1.583849e-01;1.830255e-01;1.035669e-01;7.547282e-02;5.531018e-02;3.753968e-02;3.365857e-02
3.519979e-02;5.549329e-02;1.011133e-01;6.261247e-02;8.937695e-02;1.848760e-01;1.145571e-01;1.298635e-01;1.044934e-01;6.012105e-02;2.895818e-02;3.333508e-02
4.338827e-02;7.921139e-02;6.399258e-02;8.175460e-02;7.616670e-02;1.188840e-01;1.376671e-01;1.087151e-01;1.457380e-01;9.521437e-02;2.602493e-02;2.324298e-02
3.663106e-02;5.710381e-02;4.291951e-02;1.088552e-01;1.322485e-01;1.246720e-01;1.529491e-01;9.522994e-02;1.241968e-01;7.743663e-02;2.993858e-02;1.781881e-02
3.611390e-02;3.451759e-02;4.118464e-02;1.331033e-01;1.888117e-01;1.452198e-01;1.608388e-01;5.536798e-02;1.063658e-01;6.315444e-02;1.754830e-02;1.777394e-02
3.348210e-02;2.414191e-02;3.898936e-02;1.526399e-01;2.101252e-01;1.351262e-01;1.785224e-01;3.834273e-02;1.038513e-01;6.216522e-02;1.249236e-02;1.012129e-02
3.421151e-02;2.002859e-02;3.756819e-02;1.950640e-01;1.791523e-01;9.699677e-02;2.046493e-01;3.162213e-02;1.163679e-01;5.869124e-02;1.869970e-02;6.948390e-03
4.601136e-02;1.059343e-02;4.265975e-02;2.378859e-01;1.326592e-01;5.969093e-02;2.056024e-01;4.775213e-02;1.375346e-01;5.100520e-02;2.214893e-02;6.456189e-03
5.709449e-02;1.020180e-02;7.299795e-02;2.714060e-01;1.023436e-01;4.969585e-02;1.522363e-01;6.562065e-02;1.573874e-01;2.485167e-02;2.879991e-02;7.364448e-03
5.426880e-02;2.982640e-02;1.106443e-01;2.575594e-01;7.447096e-02;6.427724e-02;7.816897e-02;8.452629e-02;1.472674e-01;4.229270e-02;3.544631e-02;2.125119e-02
3.450078e-02;3.664131e-02;1.335919e-01;2.211159e-01;6.168361e-02;9.557963e-02;8.121464e-02;1.371656e-01;1.164407e-01;3.453575e-02;2.715323e-02;2.037687e-02
2.412011e-02;3.169126e-02;9.839025e-02;1.329418e-01;9.646827e-02;1.513221e-01;1.045619e-01;1.754222e-01;1.281219e-01;2.023896e-02;2.773063e-02;8.990678e-03
4.649434e-02;1.739395e-02;5.240626e-02;6.508937e-02;9.253304e-02;1.245205e-01;1.440195e-01;1.626270e-01;2.121766e-01;3.845178e-02;2.436665e-02;1.992092e-02
4.438453e-02;2.180356e-02;4.118610e-02;7.161488e-02;6.583986e-02;8.514195e-02;1.493769e-01;1.283704e-01;2.601752e-01;5.562311e-02;5.202581e-02;2.445783e-02
3.657369e-02;5.348878e-02;4.949503e-02;6.208250e-02;4.946050e-02;6.645208e-02;1.120372e-01;1.285369e-01;2.351386e-01;1.111626e-01;6.719141e-02;2.838068e-02
3.321423e-02;7.913164e-02;8.132982e-02;5.839008e-02;9.102725e-02;1.017797e-01;9.925819e-02;1.057869e-01;1.325282e-01;1.017161e-01;7.433080e-02;4.150715e-02
2.486678e-02;6.419107e-02;1.029691e-01;7.452837e-02;1.020462e-01;1.923798e-01;1.283832e-01;7.981756e-02;4.430019e-02;5.324627e-02;8.476708e-02;4.850443e-02
2.377358e-02;3.985980e-02;1.077130e-01;8.425705e-02;8.146417e-02;2.254581e-01;1.657140e-01;5.044526e-02;2.979838e-02;3.457409e-02;8.658413e-02;7.035847e-02
2.848941e-02;4.802924e-02;9.398048e-02;1.039220e-01;6.350608e-02;1.443188e-01;2.565598e-01;4.337252e-02;2.854491e-02;1.427201e-02;5.921213e-02;1.157927e-01
4.464094e-02;5.926840e-02;6.489752e-02;1.210304e-01;4.154878e-02;5.901837e-02;3.011880e-01;9.996041e-02;2.945383e-02;2.607296e-02;3.186982e-02;1.210506e-01
9.027213e-02;7.856157e-02;5.704604e-02;8.146741e-02;4.435563e-02;6.380578e-02;2.173446e-01;2.240375e-01;2.116963e-02;3.055231e-02;2.021298e-02;7.117446e-02
1.335094e-01;1.284031e-01;6.599533e-02;3.864337e-02;7.560679e-02;5.691062e-02;9.701663e-02;2.800642e-01;2.735903e-02;1.838459e-02;4.968802e-02;2.841889e-02
1.248680e-01;2.031922e-01;6.692249e-02;3.452865e-02;9.439053e-02;3.372058e-02;5.876597e-02;2.041780e-01;4.605799e-02;1.496986e-02;7.889596e-02;3.950975e-02
8.063447e-02;3.352648e-01;1.018519e-01;5.621038e-02;6.430779e-02;5.891608e-02;3.125282e-02;9.379097e-02;7.287464e-02;1.224590e-02;5.700296e-02;3.564730e-02
4.835097e-02;4.432062e-01;1.286424e-01;6.093029e-02;2.861846e-02;1.074085e-01;1.026651e-02;3.773022e-02;8.520010e-02;1.188808e-02;1.382124e-02;2.393696e-02
3.272262e-02;4.049979e-01;1.919612e-01;5.214806e-02;2.648694e-02;1.147330e-01;1.213434e-02;2.412830e-02;6.837038e-02;3.672502e-02;7.177344e-03;2.841496e-02
3.648651e-02;2.954040e-01;3.136603e-01;4.944708e-02;3.665772e-02;8.233078e-02;2.745882e-02;2.024290e-02;4.080799e-02;5.385634e-02;1.714381e-02;2.650383e-02
4.186901e-02;1.763781e-01;3.959677e-01;8.303045e-02;3.724524e-02;4.694177e-02;3.516843e-02;2.048071e-02;3.784037e-02;5.712752e-02;4.944709e-02;1.850358e-02
2.724515e-02;7.399367e-02;3.124527e-01;2.223634e-01;4.752874e-02;4.578475e-02;2.341649e-02;5.297817e-02;3.759247e-02;4.028856e-02;9.917858e-02;1.717735e-02
1.479050e-02;9.417117e-02;1.606784e-01;3.170259e-01;6.722382e-02;6.899093e-02;1.803531e-02;8.457886e-02;2.028502e-02;1.560333e-02;1.148346e-01;2.378209e-02
1.464571e-02;9.886095e-02;1.463951e-01;2.798425e-01;7.268671e-02;8.676266e-02;3.106415e-02;9.318207e-02;1.390580e-02;1.514152e-02;1.230247e-01;2.448810e-02
2.525176e-02;1.455019e-01;1.557727e-01;1.756817e-01;5.323738e-02;9.799910e-02;6.214146e-02;8.139879e-02;2.697950e-02;3.281394e-02;1.156446e-01;2.757730e-02
3.507811e-02;1.873543e-01;1.813667e-01;1.034916e-01;5.388086e-02;9.651793e-02;6.879399e-02;6.543976e-02;4.518628e-02;4.684675e-02;7.982705e-02;3.621662e-02
4.213496e-02;2.343462e-01;1.495207e-01;1.167923e-01;7.221728e-02;8.565138e-02;6.024494e-02;5.150065e-02;7.988811e-02;3.614453e-02;3.593859e-02;3.562041e-02
2.829195e-02;2.073056e-01;1.752631e-01;1.341586e-01;8.897303e-02;9.139905e-02;6.343772e-02;5.189627e-02;7.972722e-02;3.023717e-02;2.674657e-02;2.256362e-02
4.247285e-02;1.564278e-01;1.642916e-01;1.283684e-01;7.614295e-02;6.775616e-02;8.620328e-02;7.691611e-02;7.397917e-02;6.305263e-02;5.397628e-02;1.041276e-02
3.061265e-02;9.634682e-02;1.768734e-01;1.213878e-01;3.181300e-02;7.104948e-02;1.067186e-01;1.113242e-01;9.396986e-02;6.714713e-02;7.243725e-02;2.031974e-02
2.689590e-02;1.298165e-01;1.441811e-01;1.096686e-01;5.658937e-02;8.321337e-02;9.967139e-02;1.046208e-01;1.081761e-01;5.066621e-02;5.157049e-02;3.493014e-02
4.767311e-02;1.303018e-01;8.737200e-02;1.251685e-01;8.371367e-02;5.620533e-02;8.331631e-02;1.245106e-01;1.273715e-01;7.058781e-02;2.860602e-02;3.517325e-02
4.245975e-02;8.495101e-02;8.613870e-02;1.172927e-01;7.751069e-02;5.285964e-02;7.313533e-02;1.250245e-01;1.821971e-01;9.524787e-02;3.791718e-02;2.526557e-02
4.618115e-02;5.859026e-02;7.766554e-02;1.175299e-01;8.025324e-02;7.606512e-02;7.726412e-02;8.907904e-02;2.409703e-01;7.986663e-02;3.772853e-02;1.880623e-02
3.657513e-02;7.838526e-02;8.234178e-02;8.070928e-02;7.406023e-02;9.208777e-02;8.857315e-02;1.042149e-01;2.040647e-01;1.025693e-01;3.144105e-02;2.497744e-02
4.760850e-02;7.649744e-02;1.135911e-01;7.592074e-02;5.885342e-02;8.444083e-02;8.994321e-02;1.311044e-01;1.434825e-01;1.212468e-01;3.035521e-02;2.695586e-02
7.197777e-02;8.086559e-02;1.098476e-01;7.364386e-02;5.557473e-02;6.845537e-02;7.738674e-02;9.941870e-02;2.316543e-01;8.847760e-02;2.604451e-02;1.665315e-02
6.601684e-02;8.883920e-02;1.115775e-01;7.813025e-02;3.731461e-02;4.947753e-02;1.025115e-01;1.103269e-01;2.138934e-01;9.271565e-02;3.240267e-02;1.679387e-02
4.992716e-02;6.722349e-02;1.364591e-01;8.471419e-02;4.062705e-02;3.652174e-02;1.388161e-01;1.580341e-01;1.364017e-01;9.003866e-02;3.457521e-02;2.666155e-02
5.169607e-02;8.097718e-02;1.191601e-01;7.874003e-02;7.180455e-02;6.544425e-02;1.382406e-01;1.798970e-01;8.186144e-02;9.407692e-02;1.594230e-02;2.215961e-02
4.817628e-02;8.594560e-02;1.061593e-01;4.939420e-02;7.909273e-02;8.752181e-02;1.332816e-01;1.676492e-01;1.183853e-01;8.000519e-02;2.412020e-02;2.026855e-02
3.116600e-02;9.800058e-02;1.690681e-01;3.841638e-02;5.303897e-02;8.304704e-02;1.177814e-01;1.533777e-01;1.167066e-01;6.606901e-02;3.237661e-02;4.095154e-02
2.990271e-02;1.208904e-01;2.178178e-01;7.365491e-02;5.574336e-02;7.831593e-02;5.620223e-02;1.840040e-01;6.965214e-02;4.371474e-02;2.394671e-02;4.615510e-02
3.907939e-02;1.350849e-01;2.194693e-01;1.013259e-01;5.868788e-02;5.901557e-02;5.491842e-02;1.437941e-01;5.196698e-02;4.399300e-02;4.490932e-02;4.775524e-02
6.588862e-02;1.053341e-01;2.205718e-01;1.000082e-01;4.963550e-02;4.113980e-02;6.304314e-02;1.080921e-01;6.365069e-02;5.734849e-02;6.824665e-02;5.704091e-02
7.388277e-02;1.499650e-01;1.974522e-01;1.107490e-01;6.085135e-02;7.761834e-02;4.518883e-02;6.226137e-02;6.914763e-02;5.222818e-02;5.194886e-02;4.870639e-02
6.308325e-02;1.372259e-01;1.096105e-01;9.643391e-02;6.548916e-02;1.731185e-01;8.155709e-02;6.677922e-02;5.331995e-02;6.081643e-02;3.680148e-02;5.576467e-02
6.243245e-02;8.612051e-02;1.158140e-01;1.209395e-01;7.526419e-02;1.796445e-01;8.368788e-02;7.357302e-02;5.087671e-02;6.930751e-02;3.115079e-02;5.118902e-02
5.616073e-02;1.148340e-01;1.856761e-01;1.144754e-01;6.861410e-02;1.304809e-01;5.172675e-02;1.019369e-01;5.402782e-02;6.217147e-02;2.957607e-02;3.031973e-02
6.079565e-02;1.147774e-01;2.237627e-01;9.810618e-02;4.784119e-02;1.464132e-01;2.910073e-02;1.165563e-01;4.920753e-02;5.842183e-02;3.514730e-02;1.986997e-02
5.424362e-02;9.293760e-02;2.093478e-01;9.870619e-02;3.975392e-02;1.552868e-01;4.471818e-02;1.259643e-01;4.139834e-02;5.965105e-02;4.977235e-02;2.821976e-02
4.067892e-02;1.188525e-01;2.540123e-01;9.308650e-02;3.644982e-02;1.136799e-01;7.052702e-02;9.259681e-02;3.854169e-02;6.948835e-02;4.759565e-02;2.449064e-02
3.597834e-02;1.562232e-01;3.756175e-01;5.605777e-02;2.980465e-02;5.508742e-02;7.717671e-02;4.554563e-02;3.462036e-02;8.655401e-02;2.385035e-02;2.348405e-02
1.654504e-02;1.341189e-01;4.302195e-01;3.583210e-02;2.379361e-02;3.505568e-02;8.542618e-02;3.624307e-02;2.899246e-02;1.363363e-01;1.439301e-02;2.304417e-02
1.719075e-02;8.305573e-02;3.942055e-01;5.332034e-02;2.124513e-02;3.619284e-02;1.334232e-01;4.345888e-02;2.917867e-02;1.509511e-01;2.721962e-02;1.055818e-02
2.696763e-02;6.910737e-02;3.845292e-01;1.017829e-01;2.320912e-02;2.987400e-02;1.337969e-01;4.390550e-02;2.135591e-02;1.348178e-01;1.478529e-02;1.586836e-02
4.114717e-02;5.322587e-02;3.451377e-01;1.663979e-01;3.448041e-02;2.528056e-02;1.082133e-01;4.081037e-02;2.006795e-02;9.430221e-02;4.969699e-02;2.123951e-02
4.168135e-02;4.781175e-02;3.127873e-01;1.892495e-01;4.846898e-02;3.325187e-02;9.353396e-02;3.789897e-02;2.469260e-02;5.845755e-02;9.879183e-02;1.337437e-02
3.096384e-02;7.978375e-02;3.511776e-01;1.115507e-01;4.099150e-02;2.673064e-02;7.919297e-02;2.718955e-02;2.051348e-02;1.401939e-01;7.249722e-02;1.921484e-02
3.080751e-02;1.183109e-01;3.690707e-01;5.501544e-02;4.416687e-02;2.058922e-02;6.063494e-02;2.307047e-02;2.305676e-02;1.807521e-01;5.304251e-02;2.148260e-02
3.988653e-02;1.688470e-01;3.375091e-01;5.104085e-02;5.373931e-02;1.779293e-02;4.061433e-02;9.687755e-03;3.771413e-02;1.832531e-01;3.709815e-02;2.281681e-02
5.378533e-02;2.200531e-01;2.499477e-01;5.629341e-02;5.154751e-02;2.580415e-02;3.484630e-02;3.132754e-02;5.375390e-02;1.530613e-01;4.402715e-02;2.555260e-02
7.503117e-02;2.016153e-01;1.400514e-01;7.212788e-02;5.546647e-02;5.618335e-02;6.865657e-02;9.048060e-02;6.557578e-02;8.824073e-02;4.322049e-02;4.335025e-02
8.505804e-02;1.311178e-01;1.634624e-01;9.015958e-02;6.735247e-02;7.987041e-02;2.876873e-02;8.283927e-02;6.312292e-02;6.410539e-02;7.617635e-02;6.796664e-02
7.714840e-02;1.187417e-01;1.521374e-01;7.855286e-02;5.580159e-02;8.653979e-02;4.632954e-02;8.190817e-02;6.374109e-02;7.231977e-02;9.334451e-02;7.343514e-02
5.873471e-02;1.037046e-01;1.570745e-01;9.935379e-02;5.666361e-02;8.830455e-02;6.293811e-02;8.979899e-02;7.574993e-02;6.449014e-02;7.457142e-02;6.861570e-02
4.257994e-02;7.493621e-02;1.870219e-01;1.331626e-01;7.706019e-02;8.534827e-02;7.699414e-02;6.976905e-02;7.301986e-02;1.024523e-01;2.337181e-02;5.428378e-02
5.557745e-02;1.176099e-01;1.813514e-01;8.502281e-02;5.197564e-02;1.062709e-01;7.887975e-02;8.086757e-02;7.427674e-02;5.379904e-02;5.765237e-02;5.671645e-02
4.078991e-02;2.334911e-01;1.612550e-01;5.546978e-02;2.626247e-02;1.087891e-01;5.244325e-02;5.758112e-02;1.348094e-01;5.906918e-02;4.004429e-02;2.999547e-02
3.261375e-02;3.130588e-01;1.429547e-01;4.270187e-02;1.971225e-02;9.724893e-02;3.734064e-02;3.658228e-02;1.908357e-01;4.456399e-02;2.950567e-02;1.288148e-02
2.330577e-02;3.446328e-01;1.177171e-01;2.744036e-02;1.738630e-02;9.416173e-02;3.329706e-02;2.831971e-02;2.364307e-01;4.297995e-02;1.342798e-02;2.090055e-02
3.497633e-02;3.409861e-01;1.065460e-01;3.178288e-02;1.827377e-02;8.169521e-02;2.653915e-02;3.349910e-02;2.606841e-01;3.355824e-02;1.073197e-02;2.072706e-02
6.088330e-02;2.868852e-01;9.692319e-02;3.439686e-02;3.718160e-02;6.500811e-02;3.144572e-02;9.300373e-02;2.319996e-01;2.439729e-02;1.925741e-02;1.861800e-02
1.327890e-01;2.067301e-01;5.659183e-02;2.155634e-02;5.839178e-02;5.136721e-02;3.082126e-02;2.042856e-01;1.612598e-01;9.653006e-03;4.486395e-02;2.169003e-02
1.909699e-01;1.428261e-01;5.314464e-02;1.279510e-02;6.287946e-02;5.161390e-02;2.769861e-02;2.567948e-01;8.995212e-02;2.383020e-02;5.583638e-02;3.165889e-02
1.903438e-01;1.293628e-01;4.316462e-02;1.989906e-02;5.026724e-02;4.805423e-02;6.367273e-02;2.368486e-01;6.967778e-02;4.479897e-02;4.510948e-02;5.880070e-02
1.418609e-01;1.300566e-01;5.012852e-02;3.717557e-02;4.517335e-02;7.180525e-02;1.026535e-01;1.552318e-01;7.219310e-02;6.808335e-02;3.870875e-02;8.692933e-02
9.533110e-02;1.276616e-01;1.192841e-01;3.949902e-02;6.375648e-02;9.883583e-02;7.399730e-02;8.651694e-02;8.081037e-02;6.267798e-02;5.591714e-02;9.571216e-02
4.956384e-02;1.060107e-01;1.444633e-01;3.821098e-02;4.677912e-02;1.035685e-01;7.078025e-02;8.891320e-02;1.772710e-01;7.244217e-02;3.827249e-02;6.372439e-02
4.929033e-02;1.246661e-01;1.278098e-01;5.585800e-02;2.244040e-02;7.835580e-02;6.721558e-02;1.119725e-01;2.205172e-01;7.950854e-02;1.005456e-02;5.231123e-02
7.845787e-02;1.638054e-01;1.556772e-01;5.166962e-02;3.643647e-02;5.650598e-02;7.524975e-02;9.954123e-02;1.763629e-01;2.674844e-02;4.286154e-02;3.668367e-02
9.315667e-02;1.296660e-01;1.732976e-01;5.601887e-02;2.991558e-02;3.863252e-02;7.289112e-02;1.121108e-01;1.051676e-01;8.675317e-02;7.065829e-02;3.173187e-02
1.160727e-01;1.261836e-01;1.765492e-01;4.913341e-02;3.739185e-02;5.417238e-02;4.982882e-02;1.381803e-01;1.015230e-01;7.558346e-02;5.004531e-02;2.533596e-02
9.269639e-02;1.878423e-01;1.525991e-01;5.450857e-02;4.898071e-02;4.814271e-02;6.984453e-02;1.132342e-01;1.203961e-01;4.507416e-02;3.926718e-02;2.741394e-02
8.405145e-02;1.414154e-01;1.037505e-01;6.907965e-02;3.646985e-02;7.290611e-02;1.113265e-01;8.312551e-02;1.253261e-01;5.869861e-02;7.827660e-02;3.557376e-02
6.036125e-02;1.360933e-01;6.005327e-02;9.793185e-02;4.004698e-02;7.870255e-02;1.164900e-01;1.021629e-01;1.351052e-01;5.786060e-02;7.459901e-02;4.059309e-02
4.008745e-02;1.568665e-01;6.989193e-02;8.544938e-02;9.057815e-02;6.746568e-02;7.826485e-02;1.069311e-01;1.255800e-01;7.995795e-02;4.840853e-02;5.051855e-02
5.527066e-02;1.122007e-01;1.043456e-01;7.586568e-02;1.069984e-01;7.266729e-02;7.182852e-02;1.069057e-01;1.384820e-01;7.665604e-02;3.543587e-02;4.334362e-02
6.447953e-02;6.683848e-02;1.476701e-01;1.136754e-01;7.352602e-02;5.798709e-02;7.775370e-02;1.378536e-01;1.628724e-01;4.502238e-02;2.448070e-02;2.784056e-02
5.447429e-02;5.899248e-02;1.720916e-01;1.203088e-01;5.738991e-02;4.068175e-02;6.630038e-02;1.859860e-01;1.643816e-01;2.481942e-02;1.838384e-02;3.618990e-02
2.604512e-02;8.408173e-02;2.223662e-01;6.162640e-02;4.299567e-02;4.892870e-02;5.789802e-02;2.479598e-01;1.173509e-01;2.109062e-02;1.658931e-02;5.306755e-02
1.592916e-02;7.988955e-02;2.928447e-01;4.941683e-02;2.858682e-02;4.700264e-02;5.254392e-02;2.783346e-01;7.080295e-02;2.638903e-02;1.311707e-02;4.514284e-02
2.439654e-02;1.157233e-01;2.848415e-01;7.328849e-02;2.888384e-02;5.437686e-02;4.920684e-02;2.395568e-01;5.805470e-02;2.321197e-02;3.099986e-02;1.745932e-02
3.199633e-02;1.714078e-01;2.429674e-01;6.983925e-02;3.208674e-02;6.257702e-02;7.022319e-02;1.845102e-01;4.324859e-02;2.091306e-02;5.355899e-02;1.667136e-02
3.044276e-02;2.122255e-01;2.093430e-01;4.103387e-02;4.202051e-02;8.590458e-02;7.996997e-02;1.356290e-01;6.377375e-02;2.123468e-02;6.118608e-02;1.723631e-02
3.919756e-02;2.240209e-01;1.931019e-01;3.640136e-02;4.609564e-02;1.102118e-01;8.549656e-02;1.185718e-01;4.277788e-02;2.095178e-02;6.336612e-02;1.980674e-02
3.370690e-02;2.371961e-01;1.497249e-01;2.114864e-02;5.795318e-02;1.091409e-01;1.281019e-01;9.871069e-02;5.658857e-02;3.137436e-02;5.476606e-02;2.158779e-02
4.360235e-02;2.217343e-01;1.293974e-01;3.510123e-02;7.695092e-02;7.475056e-02;1.207570e-01;1.172621e-01;7.529616e-02;3.010939e-02;5.086133e-02;2.417726e-02
3.580887e-02;1.839176e-01;1.496373e-01;4.318543e-02;9.059519e-02;8.906674e-02;1.079774e-01;1.341397e-01;7.378537e-02;2.343864e-02;4.509860e-02;2.334908e-02
3.142368e-02;1.561507e-01;1.301555e-01;6.345237e-02;1.024412e-01;1.106670e-01;9.281647e-02;1.467349e-01;6.816120e-02;4.011706e-02;3.419431e-02;2.368562e-02
4.456862e-02;1.096468e-01;9.587119e-02;1.050383e-01;7.642815e-02;9.935673e-02;8.611659e-02;1.487558e-01;9.310382e-02;4.463459e-02;6.513245e-02;3.134702e-02
6.013190e-02;8.782247e-02;1.202322e-01;1.104977e-01;6.354039e-02;9.806175e-02;1.097139e-01;9.510246e-02;9.774387e-02;4.539961e-02;8.066945e-02;3.108432e-02
7.089221e-02;9.228491e-02;1.237724e-01;9.569993e-02;6.868640e-02;7.932973e-02;8.919665e-02;1.093875e-01;8.631185e-02;5.252913e-02;9.080798e-02;4.110125e-02
6.706940e-02;1.394587e-01;8.451005e-02;9.562013e-02;9.734078e-02;6.821456e-02;5.297377e-02;1.408928e-01;7.278807e-02;5.375867e-02;7.790803e-02;4.946506e-02
4.914634e-02;1.959013e-01;7.136942e-02;9.597893e-02;1.161035e-01;4.812985e-02;3.828528e-02;1.407959e-01;9.224946e-02;4.947436e-02;5.556049e-02;4.700521e-02
7.178434e-02;2.197023e-01;1.428034e-01;6.488036e-02;8.348577e-02;5.116566e-02;3.898090e-02;1.253262e-01;8.547371e-02;5.619274e-02;3.925210e-02;2.095252e-02
7.893208e-02;2.441551e-01;1.771032e-01;5.543741e-02;5.376600e-02;5.003206e-02;5.578374e-02;1.071673e-01;3.943241e-02;7.749939e-02;4.658188e-02;1.410949e-02
