4.715715e-02;4.834327e-02;9.250221e-02;4.260601e-02;5.022738e-02;8.082469e-02;2.147139e-01;9.211574e-02;1.589530e-01;8.114089e-02;7.584551e-02;1.557028e-02
5.302284e-02;6.890198e-02;1.026430e-01;4.999891e-02;5.756636e-02;9.100596e-02;1.457256e-01;5.937697e-02;1.102673e-01;9.082480e-02;1.069124e-01;6.375392e-02
4.484643e-02;7.364739e-02;1.143268e-01;4.427191e-02;5.599973e-02;9.768578e-02;1.297459e-01;6.342217e-02;1.227117e-01;8.794758e-02;8.550045e-02;7.989416e-02
3.420553e-02;6.164889e-02;1.434164e-01;5.243430e-02;7.308014e-02;1.011521e-01;1.228100e-01;5.164859e-02;1.319859e-01;7.786393e-02;5.751040e-02;9.224387e-02
5.520195e-02;3.068912e-02;1.944189e-01;8.567037e-02;8.718686e-02;7.353543e-02;1.228533e-01;6.300243e-02;1.117101e-01;6.092084e-02;4.221999e-02;7.259071e-02
7.367209e-02;2.982562e-02;2.025252e-01;8.878996e-02;6.855026e-02;3.631969e-02;9.542789e-02;9.020428e-02;1.414090e-01;5.348320e-02;6.891337e-02;5.087947e-02
4.515212e-02;5.426315e-02;1.003084e-01;7.065879e-02;5.414194e-02;4.841087e-02;8.453051e-02;1.165994e-01;1.795361e-01;5.477411e-02;8.528688e-02;1.063377e-01
6.246497e-02;7.970206e-02;9.374624e-02;7.140844e-02;5.999964e-02;6.625554e-02;1.121833e-01;8.971462e-02;1.181755e-01;1.037154e-01;7.489073e-02;6.774352e-02
5.283877e-02;6.839647e-02;1.243987e-01;5.153304e-02;5.421293e-02;8.081402e-02;1.206625e-01;9.241820e-02;1.251174e-01;1.077535e-01;6.451027e-02;5.734427e-02
5.251088e-02;3.441187e-02;9.168436e-02;2.997507e-02;5.395983e-02;1.000521e-01;1.148560e-01;9.318629e-02;1.748009e-01;1.184826e-01;6.057447e-02;7.550564e-02
6.688510e-02;3.170739e-02;6.111084e-02;4.082740e-02;5.202183e-02;7.785138e-02;1.176509e-01;1.093538e-01;1.814051e-01;1.311648e-01;7.189731e-02;5.812408e-02
1.198120e-01;4.781402e-02;7.591800e-02;2.680873e-02;7.343189e-02;6.963750e-02;1.053457e-01;1.171052e-01;1.200704e-01;9.824532e-02;7.870735e-02;6.710383e-02
8.920693e-02;7.529407e-02;7.773793e-02;4.323616e-02;7.456490e-02;8.020967e-02;1.112280e-01;8.736788e-02;9.192039e-02;8.294695e-02;1.004395e-01;8.584764e-02
9.176495e-02;1.048292e-01;1.584147e-01;6.879597e-02;6.151584e-02;6.369490e-02;1.074438e-01;5.997650e-02;9.770504e-02;6.859887e-02;8.558541e-02;3.167488e-02
1.058038e-01;1.004335e-01;2.069563e-01;7.397954e-02;4.490647e-02;3.705700e-02;9.726338e-02;6.078372e-02;8.949625e-02;7.127999e-02;5.544792e-02;5.659216e-02
8.049484e-02;1.032955e-01;2.944398e-01;5.240130e-02;3.176451e-02;3.078542e-02;1.024305e-01;7.538699e-02;5.686600e-02;5.725891e-02;4.208403e-02;7.279223e-02
3.248418e-02;8.628717e-02;4.093806e-01;6.243802e-02;1.700146e-02;2.773930e-02;1.021186e-01;9.255041e-02;1.900820e-02;4.360710e-02;2.370859e-02;8.367624e-02
1.409171e-02;5.157299e-02;4.558506e-01;7.097448e-02;8.200288e-03;4.456259e-02;1.147384e-01;9.189790e-02;2.893536e-02;3.442485e-02;1.001059e-02;7.474025e-02
2.949515e-02;7.834771e-02;4.024154e-01;4.674872e-02;1.258449e-02;6.545252e-02;1.503754e-01;8.214003e-02;2.585500e-02;2.304331e-02;2.261805e-02;6.092423e-02
5.576680e-02;1.238386e-01;3.183880e-01;2.871790e-02;2.958091e-02;5.606207e-02;1.879214e-01;7.000811e-02;1.797315e-02;2.102855e-02;4.183265e-02;4.888188e-02
8.416390e-02;1.389051e-01;2.461566e-01;2.491784e-02;4.201081e-02;3.276094e-02;2.112031e-01;6.708942e-02;3.044693e-02;3.291168e-02;5.147710e-02;3.795654e-02
1.122489e-01;9.227768e-02;2.252040e-01;4.269749e-02;5.605845e-02;3.286320e-02;1.678081e-01;9.946778e-02;3.966656e-02;4.937636e-02;2.159576e-02;6.073573e-02
5.435436e-02;8.611579e-02;1.964383e-01;9.351268e-02;5.380692e-02;3.993211e-02;1.110592e-01;1.044690e-01;4.640664e-02;5.632888e-02;6.193585e-02;9.564026e-02
5.982345e-02;1.148980e-01;2.085728e-01;6.320155e-02;4.261306e-02;6.119847e-02;8.086337e-02;1.253576e-01;5.923443e-02;5.873563e-02;5.712945e-02;6.837213e-02
6.283458e-02;1.150844e-01;2.751910e-01;5.145397e-02;2.316119e-02;5.302479e-02;7.297865e-02;1.271701e-01;7.271234e-02;6.447648e-02;3.996707e-02;4.194540e-02
7.253041e-02;1.095980e-01;2.748386e-01;5.771008e-02;3.411624e-02;5.112167e-02;1.049285e-01;1.030621e-01;6.596862e-02;6.953680e-02;2.887804e-02;2.771088e-02
7.905711e-02;9.481051e-02;1.992100e-01;4.367761e-02;4.512811e-02;6.222316e-02;1.153004e-01;1.219531e-01;8.202124e-02;1.003825e-01;2.751997e-02;2.871634e-02
7.951684e-02;8.429889e-02;1.227046e-01;4.779869e-02;5.898561e-02;5.280558e-02;1.009685e-01;1.370645e-01;1.034894e-01;1.227994e-01;5.018907e-02;3.937888e-02
6.751806e-02;5.947541e-02;9.001576e-02;6.724862e-02;8.236352e-02;6.500034e-02;9.196510e-02;1.387126e-01;7.480334e-02;1.024588e-01;6.650507e-02;9.393337e-02
6.404256e-02;5.286156e-02;8.216220e-02;5.235936e-02;7.912524e-02;6.691812e-02;9.495467e-02;1.693489e-01;1.026793e-01;7.547944e-02;6.402506e-02;9.604352e-02
5.011243e-02;3.712331e-02;9.652993e-02;3.050985e-02;6.926081e-02;5.154226e-02;1.425662e-01;1.356781e-01;1.245327e-01;1.053286e-01;5.096479e-02;1.058509e-01
5.070060e-02;3.916851e-02;8.143489e-02;3.535642e-02;6.560151e-02;4.367397e-02;1.685359e-01;9.177401e-02;1.221381e-01;1.393123e-01;3.282106e-02;1.294827e-01
5.896133e-02;4.867474e-02;7.234163e-02;4.188045e-02;6.639528e-02;4.905713e-02;1.308805e-01;7.835492e-02;1.045570e-01;1.628325e-01;3.730128e-02;1.487632e-01
8.861935e-02;5.109813e-02;7.529017e-02;5.613268e-02;4.589021e-02;7.241047e-02;9.976321e-02;6.318907e-02;9.893227e-02;1.858245e-01;2.910170e-02;1.337483e-01
1.164243e-01;7.245474e-02;8.576072e-02;5.902449e-02;5.646247e-02;6.674141e-02;7.912448e-02;3.678508e-02;1.348823e-01;1.434559e-01;3.792161e-02;1.109625e-01
1.329140e-01;6.312348e-02;1.111486e-01;5.587864e-02;7.633694e-02;6.902227e-02;5.796238e-02;6.329339e-02;1.191773e-01;1.161568e-01;5.773814e-02;7.724814e-02
6.515137e-02;5.327048e-02;1.291296e-01;6.891198e-02;6.410408e-02;1.028053e-01;8.987322e-02;7.685387e-02;1.201067e-01;1.522026e-01;3.688882e-02;4.070202e-02
8.200396e-02;3.584661e-02;8.505417e-02;9.021334e-02;6.183188e-02;1.040486e-01;8.099161e-02;8.639930e-02;1.302072e-01;1.181206e-01;7.232206e-02;5.296072e-02
6.447064e-02;5.544971e-02;1.270703e-01;6.031580e-02;5.705429e-02;6.846594e-02;8.034544e-02;7.494994e-02;1.462912e-01;8.814462e-02;9.301433e-02;8.442789e-02
8.899533e-02;8.076458e-02;1.252103e-01;3.980520e-02;6.628516e-02;6.699843e-02;1.209043e-01;5.657908e-02;6.776156e-02;8.770386e-02;1.130649e-01;8.592729e-02
8.176529e-02;7.187696e-02;1.022240e-01;6.879748e-02;8.325553e-02;7.593204e-02;1.045826e-01;6.410500e-02;7.183102e-02;1.099463e-01;9.900063e-02;6.668320e-02
6.628214e-02;5.544591e-02;1.154937e-01;1.028541e-01;8.636433e-02;7.742347e-02;9.095357e-02;5.037795e-02;1.614600e-01;9.964664e-02;6.364790e-02;3.005032e-02
3.446237e-02;3.614732e-02;1.487774e-01;1.139506e-01;5.804131e-02;9.337442e-02;5.694281e-02;1.096740e-01;2.062089e-01;5.673681e-02;2.588346e-02;5.980069e-02
8.345107e-03;1.998116e-02;2.078432e-01;7.408970e-02;2.452477e-02;1.106562e-01;4.205671e-02;2.139506e-01;1.528504e-01;1.824483e-02;9.950781e-03;1.175067e-01
7.246054e-03;2.713620e-02;2.413413e-01;3.031126e-02;2.974068e-02;7.983081e-02;7.819081e-02;2.646834e-01;6.869981e-02;1.431466e-02;2.266896e-02;1.358360e-01
2.438645e-02;6.745157e-02;2.198587e-01;1.313840e-02;6.250740e-02;4.004533e-02;1.411022e-01;2.110077e-01;3.481247e-02;1.890275e-02;4.460370e-02;1.221833e-01
5.558322e-02;1.123089e-01;1.994891e-01;2.039358e-02;8.354622e-02;3.735624e-02;1.858839e-01;1.042947e-01;2.626405e-02;2.311844e-02;5.418357e-02;9.757813e-02
6.556249e-02;1.176048e-01;1.954845e-01;2.189853e-02;7.964774e-02;4.226891e-02;1.953301e-01;8.367223e-02;4.426223e-02;2.476438e-02;5.451261e-02;7.499153e-02
3.906994e-02;6.815470e-02;1.975269e-01;1.950868e-02;6.039237e-02;4.990146e-02;1.789341e-01;1.664579e-01;9.978080e-02;2.742984e-02;4.227840e-02;5.056503e-02
5.257704e-02;5.491703e-02;1.609853e-01;2.119680e-02;3.421012e-02;6.296663e-02;1.678582e-01;1.447801e-01;1.060011e-01;2.659251e-02;6.494483e-02;1.029703e-01
3.848484e-02;7.917614e-02;1.198184e-01;3.940199e-02;5.935140e-02;5.606474e-02;1.431716e-01;1.679719e-01;6.464072e-02;4.003513e-02;6.313544e-02;1.287478e-01
2.300296e-02;7.373592e-02;1.249365e-01;3.766239e-02;7.487260e-02;3.769870e-02;1.776896e-01;2.274058e-01;3.866355e-02;3.970197e-02;5.153020e-02;9.309977e-02
7.566713e-02;7.223170e-02;1.199321e-01;4.943161e-02;7.463634e-02;6.315101e-02;1.739239e-01;1.605051e-01;4.504106e-02;6.419649e-02;5.263419e-02;4.864934e-02
1.050601e-01;9.489794e-02;1.658947e-01;7.843883e-02;3.923910e-02;5.810178e-02;1.170272e-01;9.804305e-02;7.999079e-02;3.942833e-02;5.845804e-02;6.542012e-02
9.033366e-02;7.039550e-02;2.191499e-01;8.884136e-02;4.765752e-02;6.200104e-02;8.364982e-02;9.861520e-02;7.549341e-02;2.932193e-02;3.407927e-02;1.004613e-01
6.405406e-02;4.683578e-02;2.459236e-01;8.822405e-02;6.156075e-02;6.594347e-02;7.251912e-02;1.226306e-01;7.556281e-02;2.883962e-02;2.587047e-02;1.020356e-01
3.776668e-02;7.484675e-02;2.129422e-01;5.313641e-02;8.094747e-02;5.560617e-02;1.621178e-01;1.173454e-01;4.611662e-02;1.356205e-02;8.228499e-02;6.332751e-02
2.622675e-02;1.039768e-01;1.412724e-01;1.716635e-02;9.049275e-02;4.602299e-02;2.959593e-01;8.149176e-02;2.148290e-02;3.045033e-02;1.233531e-01;2.210458e-02
4.267383e-02;1.063786e-01;5.421859e-02;1.885108e-02;6.523546e-02;6.635710e-02;3.773328e-01;5.925755e-02;2.888828e-02;5.896060e-02;1.114212e-01;1.042487e-02
7.108273e-02;9.183619e-02;3.072484e-02;4.107075e-02;3.491975e-02;1.123490e-01;3.483671e-01;3.540432e-02;2.793934e-02;8.844106e-02;9.418986e-02;2.367507e-02
7.157576e-02;7.807012e-02;6.967955e-02;5.798850e-02;5.562886e-02;1.356942e-01;2.424429e-01;3.893371e-02;5.188076e-02;8.339486e-02;8.390617e-02;3.080459e-02
4.881887e-02;9.630878e-02;1.238980e-01;7.191241e-02;8.543230e-02;1.171576e-01;1.773488e-01;6.036942e-02;5.492307e-02;5.062591e-02;8.847644e-02;2.472838e-02
1.012474e-01;1.148237e-01;9.476560e-02;6.176006e-02;6.514380e-02;6.965671e-02;2.831523e-01;5.244721e-02;2.301044e-02;6.468751e-02;5.398768e-02;1.531759e-02
1.153833e-01;1.094283e-01;6.810483e-02;6.391310e-02;3.465526e-02;1.157281e-01;2.719588e-01;4.659080e-02;2.869389e-02;9.657612e-02;3.616982e-02;1.279761e-02
1.505587e-01;8.520268e-02;2.824328e-02;7.500572e-02;2.159544e-02;1.849775e-01;2.246207e-01;3.305653e-02;2.138157e-02;1.403577e-01;2.237814e-02;1.262204e-02
1.670506e-01;5.188778e-02;1.100818e-02;7.249442e-02;2.776864e-02;2.418191e-01;1.572952e-01;5.533525e-02;2.153691e-02;1.756820e-01;8.778447e-03;9.343464e-03
1.480324e-01;3.466833e-02;1.904170e-02;5.975656e-02;4.127888e-02;2.482175e-01;1.284646e-01;7.532807e-02;3.860860e-02;1.791902e-01;1.362771e-02;1.378537e-02
1.307446e-01;1.903212e-02;4.917357e-02;4.500562e-02;6.921166e-02;2.258656e-01;9.443626e-02;7.334421e-02;8.302123e-02;1.625865e-01;1.993007e-02;2.764857e-02
1.436244e-01;3.849808e-02;8.512164e-02;2.384574e-02;9.448639e-02;1.862643e-01;4.392355e-02;6.630871e-02;1.163935e-01;1.324664e-01;1.925205e-02;4.981532e-02
1.215724e-01;4.407963e-02;9.915611e-02;2.886140e-02;1.039632e-01;1.238808e-01;7.805280e-02;5.646301e-02;1.288031e-01;1.138171e-01;1.165362e-02;8.969679e-02
1.114594e-01;2.959666e-02;1.081057e-01;5.108728e-02;9.214903e-02;7.087276e-02;1.102791e-01;4.588173e-02;1.200681e-01;1.248563e-01;2.539356e-02;1.102504e-01
1.233658e-01;3.447395e-02;1.341215e-01;6.396464e-02;7.098388e-02;1.105225e-01;5.783784e-02;5.236979e-02;1.122002e-01;1.421609e-01;2.686200e-02;7.113699e-02
8.147233e-02;6.788289e-02;1.034672e-01;6.279597e-02;1.000344e-01;1.378468e-01;8.308784e-02;4.968520e-02;8.963626e-02;1.503225e-01;1.905333e-02;5.471526e-02
6.846827e-02;5.216176e-02;7.590949e-02;3.958992e-02;9.652209e-02;1.304932e-01;1.072471e-01;5.434549e-02;1.280169e-01;1.624105e-01;2.925379e-02;5.558160e-02
9.068404e-02;5.209529e-02;1.002021e-01;3.879194e-02;7.676797e-02;1.084905e-01;1.430801e-01;4.953077e-02;1.074010e-01;1.293778e-01;5.188221e-02;5.169627e-02
9.516714e-02;6.067587e-02;1.052327e-01;5.507318e-02;7.337072e-02;1.042170e-01;1.487183e-01;4.237625e-02;9.642958e-02;1.035536e-01;6.124280e-02;5.394272e-02
6.956764e-02;5.637097e-02;9.963048e-02;6.249186e-02;6.578723e-02;1.145621e-01;1.048664e-01;6.101127e-02;1.383473e-01;1.259011e-01;5.209055e-02;4.937303e-02
1.168089e-01;8.795109e-02;5.296708e-02;4.618374e-02;6.612715e-02;1.089920e-01;9.272368e-02;9.468886e-02;1.070448e-01;1.164952e-01;5.559189e-02;5.442574e-02
1.343046e-01;8.868535e-02;6.337184e-02;5.656756e-02;8.766291e-02;9.645307e-02;7.572500e-02;8.798460e-02;1.344683e-01;1.060285e-01;4.300305e-02;2.574523e-02
1.009714e-01;7.859498e-02;5.234057e-02;5.891519e-02;8.658611e-02;8.548970e-02;6.857292e-02;7.659023e-02;1.623509e-01;1.219990e-01;5.497830e-02;5.261083e-02
9.090407e-02;8.514135e-02;9.328177e-02;3.174827e-02;7.906733e-02;6.799823e-02;7.610412e-02;7.445745e-02;1.430269e-01;8.163872e-02;4.946496e-02;1.271668e-01
6.971563e-02;9.361971e-02;9.201124e-02;4.518779e-02;6.700686e-02;5.481789e-02;8.734620e-02;7.341659e-02;1.457319e-01;9.442000e-02;7.545537e-02;1.012708e-01
5.564636e-02;7.481797e-02;6.109536e-02;3.971782e-02;4.682912e-02;5.956435e-02;1.292159e-01;6.606736e-02;1.353580e-01;1.703952e-01;1.259698e-01;3.532274e-02
6.940224e-02;8.100364e-02;6.631323e-02;3.245845e-02;5.390291e-02;6.018741e-02;9.816253e-02;5.540760e-02;1.283809e-01;1.848244e-01;1.122474e-01;5.770927e-02
7.444628e-02;7.377475e-02;7.238291e-02;3.831659e-02;5.935602e-02;4.285164e-02;5.386361e-02;6.367403e-02;1.901158e-01;1.504460e-01;1.267580e-01;5.401440e-02
9.218442e-02;4.479493e-02;8.112402e-02;4.903219e-02;5.197497e-02;4.960987e-02;6.499041e-02;5.500127e-02;2.462721e-01;1.412023e-01;1.004852e-01;2.332828e-02
9.530552e-02;4.834599e-02;9.660995e-02;4.705956e-02;5.185581e-02;5.334316e-02;7.520226e-02;8.191306e-02;2.037498e-01;1.150394e-01;5.769381e-02;7.388169e-02
8.870915e-02;4.573665e-02;1.006058e-01;5.247019e-02;5.367324e-02;5.160702e-02;8.810462e-02;1.214531e-01;1.547430e-01;9.077988e-02;6.651051e-02;8.560681e-02
8.509415e-02;6.008084e-02;1.225378e-01;5.460773e-02;4.966679e-02;3.988390e-02;7.325839e-02;6.628995e-02;1.649032e-01;1.538672e-01;6.895268e-02;6.085737e-02
6.473055e-02;5.685179e-02;1.568996e-01;5.044548e-02;4.876454e-02;4.888544e-02;1.457086e-01;5.229090e-02;1.583336e-01;1.272821e-01;4.795280e-02;4.185458e-02
3.929276e-02;3.335711e-02;1.502330e-01;4.803155e-02;4.149182e-02;4.621946e-02;2.874470e-01;7.558203e-02;1.158165e-01;8.949625e-02;3.412636e-02;3.890612e-02
1.431385e-02;1.492174e-02;1.433475e-01;4.109000e-02;3.287601e-02;3.685993e-02;4.257220e-01;9.312417e-02;6.190459e-02;7.794350e-02;2.432028e-02;3.357643e-02
7.254657e-03;2.513782e-02;1.560269e-01;2.760690e-02;2.941845e-02;2.563692e-02;4.256916e-01;1.071669e-01;5.078830e-02;9.591392e-02;1.786700e-02;3.149060e-02
1.297461e-02;2.306616e-02;1.584000e-01;1.864678e-02;2.376054e-02;1.317373e-02;4.001876e-01;1.129648e-01;6.950717e-02;1.135151e-01;1.684421e-02;3.695930e-02
1.333727e-02;3.112163e-02;1.674240e-01;1.961348e-02;2.240263e-02;2.169602e-02;4.291146e-01;1.083630e-01;5.286786e-02;7.572538e-02;2.263113e-02;3.570313e-02
7.098928e-03;2.452647e-02;2.153119e-01;2.223328e-02;1.789188e-02;2.262778e-02;4.090369e-01;1.197651e-01;6.505540e-02;5.089888e-02;1.443287e-02;3.112070e-02
5.703290e-03;1.908760e-02;2.632187e-01;3.640381e-02;1.818881e-02;3.002482e-02;3.171457e-01;1.216589e-01;8.234062e-02;5.762498e-02;9.362150e-03;3.924063e-02
1.156365e-02;1.619344e-02;2.753750e-01;7.987893e-02;4.274830e-02;3.691999e-02;2.164672e-01;1.075160e-01;1.046437e-01;5.331706e-02;1.602725e-02;3.934936e-02
3.174014e-02;1.796845e-02;2.238245e-01;1.495727e-01;7.475995e-02;2.680503e-02;1.249675e-01;8.251445e-02;1.533159e-01;6.666157e-02;2.303042e-02;2.483933e-02
5.895992e-02;1.644044e-02;1.244409e-01;1.980314e-01;8.518536e-02;2.093573e-02;8.500801e-02;6.291047e-02;2.091356e-01;9.260097e-02;3.317185e-02;1.317933e-02
8.190999e-02;2.854891e-02;9.937499e-02;1.973877e-01;8.288276e-02;4.335812e-02;7.641730e-02;3.501260e-02;1.995414e-01;1.030843e-01;3.919685e-02;1.328504e-02
9.043881e-02;3.530997e-02;1.479764e-01;1.681515e-01;6.388058e-02;5.975799e-02;1.109494e-01;3.353596e-02;1.538749e-01;8.183264e-02;3.576757e-02;1.852428e-02
1.161323e-01;3.227907e-02;1.378775e-01;1.583828e-01;5.026707e-02;5.601001e-02;9.334132e-02;3.910201e-02;1.610085e-01;9.229367e-02;4.391593e-02;1.938988e-02
1.520046e-01;1.603274e-02;6.810869e-02;1.706732e-01;4.283954e-02;2.206469e-02;8.720060e-02;4.631625e-02;2.118338e-01;1.159646e-01;5.379171e-02;1.316965e-02
1.370122e-01;1.237089e-02;9.140118e-02;1.747496e-01;3.581256e-02;1.614469e-02;1.068796e-01;5.176602e-02;1.984906e-01;1.045236e-01;4.205366e-02;2.879546e-02
1.013740e-01;3.139863e-02;1.449254e-01;1.071048e-01;6.294803e-02;4.946086e-02;1.550011e-01;7.075484e-02;1.044555e-01;7.870895e-02;2.644830e-02;6.741959e-02
2.596572e-02;4.941035e-02;1.709066e-01;9.337118e-02;7.842130e-02;7.918162e-02;1.386917e-01;1.264926e-01;6.643154e-02;4.813593e-02;3.720290e-02;8.578851e-02
1.527703e-02;4.541940e-02;1.874959e-01;9.313983e-02;5.879194e-02;7.833306e-02;1.636812e-01;1.628490e-01;6.515235e-02;3.685519e-02;3.523071e-02;5.777446e-02
1.137918e-02;4.005518e-02;1.861830e-01;5.728668e-02;4.199611e-02;5.877618e-02;2.543173e-01;1.868421e-01;5.241790e-02;3.209360e-02;3.585440e-02;4.279850e-02
2.114171e-02;6.193786e-02;1.558952e-01;2.678867e-02;3.542997e-02;2.818317e-02;3.462589e-01;1.725059e-01;3.611797e-02;3.196582e-02;4.510388e-02;3.867090e-02
5.186567e-02;1.063682e-01;9.642705e-02;1.600223e-02;3.941073e-02;1.918172e-02;4.187452e-01;1.146881e-01;1.994552e-02;2.569612e-02;6.173423e-02;2.993520e-02
8.695640e-02;1.439107e-01;4.623953e-02;1.025534e-02;4.245339e-02;2.406521e-02;4.378601e-01;9.211345e-02;1.747957e-02;1.791571e-02;6.328581e-02;1.746474e-02
1.023468e-01;1.582758e-01;5.362505e-02;1.332487e-02;4.080358e-02;2.535232e-02;4.426390e-01;7.124795e-02;2.009190e-02;1.841817e-02;4.548831e-02;8.386271e-03
6.767763e-02;1.452617e-01;7.033101e-02;1.272358e-02;3.644183e-02;3.200500e-02;4.873749e-01;5.244837e-02;2.644458e-02;3.076674e-02;2.999517e-02;8.529505e-03
5.079270e-02;1.417046e-01;3.746350e-02;6.720975e-03;3.088403e-02;3.608267e-02;5.229856e-01;4.485908e-02;4.523603e-02;4.557996e-02;2.800766e-02;9.683262e-03
4.463685e-02;1.493984e-01;5.878289e-02;7.501588e-03;2.804567e-02;3.348787e-02;4.944605e-01;2.932680e-02;5.247369e-02;5.462496e-02;4.011849e-02;7.142331e-03
2.718576e-02;1.545572e-01;1.243907e-01;5.774107e-03;3.328713e-02;2.416852e-02;4.379198e-01;3.827767e-02;4.633543e-02;5.085816e-02;5.553944e-02;1.706057e-03
1.366905e-02;1.486823e-01;2.436114e-01;1.404144e-02;3.975303e-02;1.865442e-02;3.483835e-01;4.198383e-02;3.119169e-02;2.950405e-02;6.486001e-02;5.665265e-03
2.544629e-02;1.306377e-01;3.564113e-01;4.381261e-02;4.418022e-02;1.422785e-02;2.485150e-01;2.510886e-02;1.540716e-02;1.347462e-02;7.021493e-02;1.256357e-02
2.620708e-02;1.137538e-01;3.291658e-01;5.755797e-02;4.745796e-02;1.755006e-02;2.107823e-01;6.275335e-02;2.448013e-02;1.866598e-02;7.595693e-02;1.566854e-02
3.151343e-02;1.164257e-01;2.137670e-01;4.417719e-02;4.653889e-02;2.241309e-02;2.442800e-01;1.033111e-01;2.948619e-02;2.284128e-02;1.043885e-01;2.085756e-02
2.139586e-02;1.073134e-01;7.910415e-02;2.041878e-02;4.070248e-02;2.063250e-02;2.998457e-01;1.590258e-01;4.019374e-02;2.165972e-02;1.582486e-01;3.145932e-02
1.446873e-02;8.690227e-02;3.211051e-02;7.102456e-03;4.083819e-02;2.037992e-02;3.283534e-01;1.759021e-01;3.559009e-02;1.233276e-02;2.115574e-01;3.446215e-02
1.189554e-02;7.625095e-02;2.198919e-02;4.488286e-03;4.028115e-02;1.493319e-02;3.565828e-01;1.498129e-01;3.032332e-02;1.090240e-02;2.510681e-01;3.147215e-02
6.149222e-03;7.266561e-02;2.362083e-02;5.979278e-03;3.951603e-02;1.448848e-02;3.891085e-01;1.264163e-01;2.693136e-02;7.864516e-03;2.670006e-01;2.025925e-02
8.944766e-03;6.427403e-02;3.927843e-02;7.839345e-03;3.794060e-02;9.915743e-03;4.061236e-01;1.358637e-01;1.872181e-02;1.946692e-02;2.251435e-01;2.648760e-02
1.659274e-02;6.456443e-02;5.379280e-02;7.671424e-03;3.588683e-02;1.690834e-02;4.431492e-01;1.528432e-01;1.015307e-02;2.017503e-02;1.423608e-01;3.590212e-02
4.026144e-02;7.068685e-02;6.136075e-02;6.416601e-03;3.845417e-02;4.435624e-02;4.482323e-01;1.439582e-01;1.214500e-02;3.224780e-02;6.134568e-02;4.053494e-02
7.813990e-02;7.500334e-02;6.095761e-02;6.807687e-03;4.218625e-02;6.020848e-02;4.090816e-01;1.157371e-01;2.805745e-02;3.889595e-02;4.474315e-02;4.018152e-02
1.024992e-01;7.931749e-02;4.708980e-02;1.092641e-02;4.661661e-02;5.883399e-02;3.896101e-01;9.661832e-02;3.162837e-02;3.214954e-02;6.862138e-02;3.608878e-02
7.219913e-02;9.466039e-02;3.775330e-02;1.600722e-02;4.943396e-02;6.062742e-02;4.218539e-01;9.388757e-02;4.123694e-02;2.831511e-02;5.539781e-02;2.862723e-02
7.130910e-02;9.670544e-02;2.474189e-02;1.599389e-02;5.048597e-02;7.503729e-02;4.091650e-01;7.249583e-02;3.048216e-02;3.960295e-02;8.076109e-02;3.321940e-02
4.006924e-02;9.456144e-02;4.169266e-02;1.816370e-02;5.689173e-02;6.800457e-02;4.417889e-01;5.925126e-02;3.304529e-02;4.412092e-02;7.098537e-02;3.142488e-02
8.569325e-02;1.255922e-01;9.422835e-02;1.830481e-02;4.334630e-02;2.039355e-02;3.813967e-01;4.246167e-02;5.762060e-02;3.094445e-02;6.303968e-02;3.697849e-02
1.118343e-01;1.356711e-01;1.030338e-01;2.013775e-02;4.377202e-02;4.099522e-02;3.029489e-01;5.594916e-02;5.566908e-02;3.458309e-02;7.108155e-02;2.432397e-02
1.326060e-01;1.417224e-01;9.534869e-02;2.995588e-02;4.360790e-02;7.452311e-02;2.730591e-01;5.588252e-02;4.302398e-02;3.910787e-02;5.487086e-02;1.629173e-02
1.765122e-01;1.261654e-01;8.586892e-02;5.071583e-02;5.700649e-02;1.170767e-01;1.967840e-01;5.316340e-02;2.836152e-02;5.532099e-02;3.251582e-02;2.050877e-02
2.125085e-01;9.674491e-02;6.183878e-02;7.146159e-02;7.439966e-02;1.557177e-01;1.063213e-01;4.949101e-02;2.301407e-02;7.834700e-02;4.020302e-02;2.995249e-02
1.486254e-01;8.157723e-02;1.080960e-01;6.250839e-02;1.144444e-01;1.575846e-01;1.228124e-01;4.628351e-02;3.427767e-02;4.923055e-02;2.941265e-02;4.514722e-02
1.064509e-01;7.549112e-02;1.246733e-01;4.113004e-02;1.586709e-01;1.102867e-01;9.643020e-02;5.232885e-02;7.663316e-02;3.913759e-02;3.714677e-02;8.162037e-02
1.465405e-01;8.351615e-02;1.041566e-01;5.111631e-02;1.094054e-01;7.607380e-02;1.274334e-01;5.395772e-02;9.333872e-02;6.482265e-02;3.741650e-02;5.222218e-02
2.075933e-01;1.294241e-01;6.583411e-02;4.196437e-02;4.733870e-02;5.155801e-02;2.087537e-01;4.460067e-02;6.111874e-02;6.635084e-02;3.163538e-02;4.382801e-02
2.575334e-01;1.368020e-01;5.496607e-02;2.796179e-02;4.616725e-02;5.344233e-02;2.015736e-01;2.988707e-02;4.279465e-02;7.830299e-02;2.844190e-02;4.212693e-02
3.300627e-01;1.234350e-01;4.511017e-02;1.987879e-02;4.564416e-02;7.263152e-02;1.542057e-01;2.537004e-02;3.306855e-02;9.191902e-02;2.006828e-02;3.860608e-02
4.032083e-01;1.112485e-01;2.864788e-02;1.234525e-02;4.560791e-02;8.225109e-02;1.006034e-01;2.707592e-02;2.853710e-02;9.544268e-02;1.639994e-02;4.863205e-02
4.403310e-01;1.039351e-01;2.290053e-02;1.074270e-02;4.987044e-02;8.059485e-02;8.700389e-02;2.604567e-02;2.814779e-02;8.035868e-02;1.299485e-02;5.707450e-02
4.308529e-01;9.340125e-02;2.663765e-02;1.148876e-02;5.981451e-02;7.131980e-02;7.312836e-02;1.941259e-02;5.084100e-02;5.476798e-02;3.421598e-02;7.411915e-02
3.727532e-01;7.638506e-02;5.230940e-02;1.172127e-02;7.950902e-02;5.152707e-02;5.696944e-02;1.046649e-02;8.865444e-02;4.232479e-02;4.807391e-02;1.093059e-01
3.023969e-01;5.508051e-02;8.756940e-02;2.613171e-02;1.036338e-01;3.647474e-02;5.034210e-02;9.684683e-03;1.123028e-01;3.060141e-02;3.507983e-02;1.507022e-01
2.105933e-01;5.834037e-02;1.161285e-01;5.059322e-02;1.271922e-01;4.065261e-02;3.381258e-02;1.814359e-02;1.184742e-01;2.906239e-02;3.264303e-02;1.643640e-01
1.185649e-01;4.934150e-02;1.333075e-01;7.805187e-02;1.581182e-01;4.152966e-02;2.902607e-02;4.561213e-02;1.052886e-01;3.826770e-02;4.968279e-02;1.532091e-01
5.680537e-02;4.939862e-02;1.684940e-01;1.199533e-01;1.777528e-01;3.978473e-02;2.839080e-02;7.165896e-02;6.426051e-02;5.160291e-02;6.370197e-02;1.081961e-01
2.590556e-02;5.830547e-02;2.204497e-01;1.266750e-01;1.347272e-01;4.382006e-02;6.785269e-02;8.572519e-02;6.654517e-02;4.536429e-02;7.117835e-02;5.345137e-02
3.433970e-02;6.095687e-02;3.162564e-01;1.277177e-01;8.945498e-02;3.710759e-02;8.387885e-02;7.285127e-02;4.507260e-02;3.468095e-02;6.560674e-02;3.207644e-02
2.223532e-02;5.362902e-02;3.894250e-01;1.512145e-01;1.088184e-01;5.657857e-02;5.287018e-02;4.095815e-02;1.270689e-02;1.914694e-02;5.768858e-02;3.472847e-02
4.097084e-02;3.175703e-02;4.030329e-01;1.427748e-01;1.234383e-01;4.938155e-02;3.726766e-02;2.530146e-02;2.879662e-02;2.587024e-02;5.880329e-02;3.260524e-02
3.992648e-02;1.507184e-02;4.302661e-01;1.278594e-01;1.072887e-01;4.081507e-02;4.586502e-02;4.529504e-02;2.493448e-02;3.744593e-02;6.879755e-02;1.643434e-02
3.312401e-02;1.948350e-02;4.321729e-01;1.345983e-01;1.118195e-01;4.750918e-02;5.003864e-02;4.270270e-02;1.178801e-02;3.058890e-02;7.252644e-02;1.364789e-02
3.834636e-02;1.742137e-02;4.335497e-01;1.388048e-01;1.082109e-01;4.937363e-02;5.394441e-02;3.760668e-02;1.444585e-02;2.836221e-02;6.235549e-02;1.757864e-02
4.274471e-02;2.590640e-02;3.727549e-01;1.276840e-01;1.074596e-01;6.180410e-02;8.124257e-02;4.594161e-02;2.216021e-02;2.829068e-02;5.890435e-02;2.510684e-02
3.764247e-02;3.178083e-02;3.899983e-01;1.161283e-01;8.871769e-02;4.942929e-02;9.083854e-02;4.667423e-02;2.595888e-02;4.249165e-02;5.822227e-02;2.211760e-02
2.713396e-02;3.308943e-02;4.689604e-01;9.881400e-02;6.395880e-02;2.283288e-02;7.678220e-02;5.422984e-02;3.478596e-02;5.921724e-02;5.101096e-02;9.184276e-03
2.596031e-02;3.749023e-02;4.047014e-01;1.206633e-01;8.096247e-02;3.216967e-02;4.456782e-02;7.615801e-02;3.892753e-02;5.103105e-02;6.067649e-02;2.669172e-02
3.708512e-02;3.754107e-02;2.892602e-01;1.324033e-01;8.743823e-02;3.891706e-02;7.457493e-02;9.371693e-02;3.584872e-02;5.319675e-02;8.004266e-02;3.997502e-02
5.042043e-02;3.096210e-02;3.567133e-01;1.109327e-01;5.261017e-02;2.686874e-02;7.639243e-02;8.267388e-02;4.758342e-02;6.005895e-02;7.703005e-02;2.775385e-02
3.914060e-02;3.026960e-02;3.493286e-01;1.175789e-01;5.893682e-02;3.684220e-02;7.592058e-02;7.566984e-02;3.644657e-02;5.718088e-02;9.521865e-02;2.746672e-02
3.918659e-02;2.261724e-02;2.911887e-01;1.196231e-01;7.129230e-02;4.385357e-02;6.799792e-02;7.398806e-02;4.147217e-02;7.832746e-02;1.193082e-01;3.114460e-02
3.979906e-02;1.427177e-02;2.963541e-01;1.061602e-01;6.149491e-02;3.105155e-02;5.127336e-02;6.185631e-02;5.602916e-02;1.068885e-01;1.368311e-01;3.798985e-02
5.639762e-02;1.302768e-02;3.236136e-01;8.647007e-02;4.929904e-02;1.911922e-02;6.865045e-02;5.797212e-02;4.081057e-02;1.174214e-01;1.315883e-01;3.562988e-02
6.237910e-02;2.537957e-02;2.961316e-01;6.769394e-02;5.144280e-02;2.810744e-02;9.909185e-02;6.276575e-02;4.895446e-02;1.264867e-01;1.028569e-01;2.870987e-02
7.560561e-02;5.194252e-02;2.177660e-01;4.946034e-02;5.256085e-02;3.520494e-02;1.458807e-01;6.354629e-02;7.715956e-02;1.182568e-01;7.241815e-02;4.019824e-02
7.244338e-02;6.152992e-02;1.655496e-01;4.260390e-02;6.233329e-02;3.070282e-02;2.161374e-01;6.788689e-02;8.473381e-02;1.112349e-01;4.441943e-02;4.042464e-02
4.249038e-02;4.269232e-02;1.123693e-01;5.416114e-02;6.811883e-02;4.576546e-02;2.882008e-01;8.973493e-02;7.289754e-02;1.199645e-01;3.972165e-02;2.388317e-02
4.190183e-02;3.346857e-02;7.551163e-02;5.384363e-02;4.557987e-02;6.624511e-02;2.235847e-01;1.422613e-01;1.216520e-01;1.260033e-01;4.049725e-02;2.945083e-02
5.618495e-02;4.864158e-02;8.417247e-02;5.310237e-02;5.318109e-02;7.831630e-02;1.871734e-01;1.123591e-01;1.371812e-01;1.195873e-01;3.699489e-02;3.310538e-02
7.042456e-02;5.393286e-02;8.899549e-02;4.490389e-02;6.217032e-02;8.713654e-02;1.799611e-01;8.333289e-02;1.492655e-01;1.002424e-01;5.148319e-02;2.815117e-02
