3.592199e-02;5.675958e-02;1.102661e-01;6.885424e-02;1.343143e-01;7.865679e-02;9.252190e-02;7.259770e-02;8.183731e-02;7.937133e-02;8.084694e-02;1.080518e-01
5.729377e-02;5.728199e-02;9.957722e-02;7.932872e-02;1.465995e-01;3.748235e-02;1.038975e-01;7.725611e-02;7.772689e-02;9.470042e-02;6.622568e-02;1.026298e-01
9.705620e-02;7.362754e-02;1.284478e-01;8.800133e-02;9.545444e-02;5.286465e-02;1.155400e-01;8.215486e-02;5.797081e-02;1.020642e-01;3.425568e-02;7.256253e-02
8.857902e-02;1.009319e-01;1.340501e-01;6.806100e-02;4.746591e-02;7.660870e-02;1.171219e-01;9.621320e-02;8.182166e-02;7.922417e-02;3.905212e-02;7.087029e-02
9.255750e-02;1.000979e-01;1.059698e-01;4.372220e-02;4.773951e-02;8.318666e-02;1.193471e-01;8.431184e-02;7.250673e-02;9.317528e-02;7.196726e-02;8.541828e-02
7.030889e-02;6.636918e-02;9.858131e-02;6.013349e-02;7.995678e-02;8.408260e-02;1.355892e-01;7.122032e-02;9.735023e-02;1.033010e-01;6.852526e-02;6.458174e-02
7.164328e-02;6.902388e-02;8.660263e-02;1.013680e-01;8.045047e-02;9.700155e-02;1.048784e-01;8.423796e-02;1.137596e-01;9.068491e-02;5.972153e-02;4.062779e-02
1.001077e-01;1.018377e-01;9.315003e-02;1.205366e-01;6.548686e-02;6.713624e-02;7.077140e-02;9.574592e-02;1.051540e-01;5.820632e-02;5.753760e-02;6.432962e-02
8.089481e-02;1.247978e-01;1.107930e-01;7.783783e-02;8.049154e-02;6.495506e-02;9.841616e-02;7.923283e-02;1.025509e-01;6.368340e-02;4.707698e-02;6.926963e-02
6.628215e-02;1.017750e-01;9.289822e-02;4.744332e-02;9.662123e-02;6.612158e-02;1.398959e-01;5.658139e-02;1.146803e-01;8.187556e-02;5.150906e-02;8.431629e-02
8.360837e-02;6.490698e-02;7.762451e-02;5.185443e-02;1.005171e-01;4.353980e-02;1.128820e-01;6.224009e-02;1.314273e-01;1.029292e-01;7.519374e-02;9.327661e-02
8.771754e-02;6.653546e-02;1.011040e-01;6.546304e-02;6.711998e-02;2.863463e-02;1.047090e-01;8.133008e-02;1.176196e-01;8.600245e-02;8.261009e-02;1.111541e-01
7.238781e-02;7.453882e-02;1.663783e-01;4.347612e-02;4.472441e-02;4.237413e-02;1.437503e-01;6.781409e-02;5.151650e-02;7.359313e-02;9.296934e-02;1.264770e-01
6.402468e-02;4.173293e-02;3.285116e-01;6.318154e-02;7.077091e-02;5.943675e-02;1.295411e-01;4.127530e-02;5.937961e-02;6.299329e-02;3.955854e-02;3.959375e-02
3.065332e-02;4.789450e-02;4.355038e-01;7.989710e-02;8.516792e-02;4.566486e-02;1.220905e-01;2.718569e-02;2.029491e-02;3.928968e-02;4.874774e-02;1.760994e-02
5.854271e-02;7.912841e-02;4.689289e-01;5.551446e-02;5.823845e-02;2.835596e-02;8.799689e-02;1.101243e-02;5.390016e-02;5.493293e-02;2.914278e-02;1.430585e-02
7.424941e-02;1.317806e-01;4.933193e-01;4.055219e-02;2.926525e-02;1.380660e-02;4.991764e-02;3.797607e-03;7.558475e-02;6.359746e-02;1.675676e-02;7.372381e-03
1.077692e-01;1.908175e-01;4.741631e-01;2.596381e-02;7.946518e-03;6.273225e-03;1.676735e-02;3.520467e-03;9.900601e-02;5.572034e-02;5.729889e-03;6.322589e-03
1.852629e-01;2.256287e-01;3.690639e-01;1.657543e-02;1.187245e-02;8.149839e-03;7.674597e-03;1.048977e-02;1.097168e-01;3.518792e-02;6.633691e-03;1.374401e-02
2.792274e-01;2.365686e-01;1.904100e-01;1.357240e-02;2.425741e-02;1.037328e-02;1.282754e-02;1.808063e-02;1.124731e-01;4.301502e-02;2.126322e-02;3.793148e-02
1.718999e-01;1.385236e-01;2.770456e-01;3.411637e-02;4.242895e-02;1.631799e-02;3.625253e-02;2.543761e-02;7.775098e-02;6.641891e-02;4.942996e-02;6.437765e-02
1.379674e-01;9.542663e-02;3.238373e-01;2.740920e-02;3.687476e-02;1.852000e-02;5.805586e-02;3.753928e-02;6.865004e-02;6.988813e-02;6.396867e-02;6.186278e-02
1.565249e-01;9.203441e-02;2.601662e-01;2.371508e-02;4.262438e-02;2.391007e-02;7.003585e-02;2.523831e-02;7.022458e-02;7.899438e-02;1.059341e-01;5.059767e-02
1.514291e-01;9.374675e-02;1.651473e-01;1.484460e-02;2.923447e-02;3.841241e-02;1.005248e-01;2.183018e-02;7.462732e-02;9.846393e-02;1.452203e-01;6.651885e-02
1.158897e-01;8.926620e-02;1.255205e-01;4.567121e-02;6.273732e-02;5.772187e-02;1.259458e-01;3.343877e-02;8.369873e-02;1.052581e-01;9.622331e-02;5.862844e-02
7.276100e-02;4.845593e-02;3.034301e-01;9.105508e-02;5.242215e-02;4.237012e-02;1.573277e-01;7.056146e-02;3.310195e-02;7.160572e-02;2.781741e-02;2.909136e-02
3.656520e-02;5.785587e-02;3.787722e-01;1.089021e-01;6.588100e-02;3.193403e-02;1.114736e-01;3.813352e-02;4.906997e-02;8.377100e-02;2.352438e-02;1.411704e-02
2.557166e-02;5.474364e-02;4.104688e-01;1.009912e-01;7.348906e-02;3.677572e-02;6.884681e-02;2.298867e-02;6.168016e-02;1.236465e-01;1.232766e-02;8.470128e-03
1.325301e-02;6.407151e-02;3.569157e-01;6.481306e-02;5.029613e-02;4.132688e-02;4.677216e-02;3.209819e-02;1.167629e-01;1.947619e-01;1.110057e-02;7.828051e-03
1.312774e-02;1.061356e-01;2.241731e-01;2.201095e-02;1.756053e-02;3.761945e-02;3.349620e-02;3.929688e-02;2.150571e-01;2.777891e-01;9.157729e-03;4.575697e-03
9.819730e-03;1.638406e-01;1.188518e-01;1.723992e-02;5.847793e-03;3.816574e-02;1.731757e-02;2.265788e-02;3.110096e-01;2.829964e-01;9.968337e-03;2.284725e-03
1.386740e-02;2.350056e-01;6.598400e-02;2.302934e-02;5.875088e-03;4.763229e-02;1.049965e-02;1.090578e-02;3.762575e-01;1.977694e-01;9.446320e-03;3.727570e-03
1.341469e-02;3.278870e-01;6.308512e-02;2.896002e-02;5.762701e-03;6.013967e-02;8.315427e-03;7.428793e-03;3.929879e-01;7.738315e-02;6.060070e-03;8.575477e-03
1.564932e-02;3.999978e-01;7.368366e-02;3.240081e-02;5.184693e-03;6.995117e-02;5.736491e-03;1.801906e-02;3.478097e-01;1.451508e-02;2.662823e-03;1.438940e-02
1.397675e-02;4.272624e-01;7.376482e-02;3.168061e-02;4.039610e-03;7.197504e-02;4.235637e-03;2.627172e-02;3.004270e-01;2.445367e-02;5.653507e-03;1.625914e-02
8.304915e-03;3.951829e-01;1.095916e-01;2.212175e-02;5.434305e-03;6.227866e-02;4.250392e-03;6.510969e-02;2.461462e-01;6.166969e-02;2.852792e-03;1.705714e-02
1.168510e-02;2.920898e-01;1.761915e-01;1.252904e-02;5.881468e-03;4.176942e-02;1.106885e-02;9.069467e-02;2.037100e-01;1.223653e-01;5.505413e-03;2.650935e-02
8.505390e-03;1.567966e-01;2.663995e-01;1.020534e-02;1.323794e-02;1.947148e-02;2.150230e-02;6.923264e-02;1.750214e-01;2.190042e-01;2.705213e-03;3.791803e-02
1.696483e-02;6.607786e-02;3.281658e-01;1.023323e-02;2.129635e-02;8.713603e-03;3.663772e-02;2.851535e-02;1.296037e-01;3.176849e-01;9.307299e-03;2.679946e-02
2.568951e-02;1.624654e-02;3.337801e-01;1.141633e-02;1.930271e-02;7.141373e-03;5.224043e-02;1.743253e-02;1.186660e-01;3.685745e-01;1.692735e-02;1.258268e-02
3.588016e-02;2.433051e-02;3.151341e-01;1.615785e-02;1.486229e-02;6.268952e-03;4.981178e-02;1.184771e-02;1.386204e-01;3.493929e-01;2.236811e-02;1.532532e-02
5.676305e-02;4.824816e-02;3.724099e-01;2.463047e-02;1.598912e-02;5.991396e-03;3.553540e-02;9.875119e-03;9.491336e-02;3.014273e-01;1.386509e-02;2.035157e-02
8.486746e-02;9.889311e-02;4.309214e-01;3.081829e-02;1.995303e-02;1.106163e-02;2.102450e-02;1.164884e-02;6.268138e-02;1.950519e-01;1.300610e-02;2.007242e-02
1.121366e-01;1.360168e-01;3.867643e-01;2.598638e-02;1.761774e-02;1.271985e-02;2.447496e-02;2.157660e-02;1.182029e-01;1.065829e-01;1.374001e-02;2.418099e-02
1.197333e-01;1.717513e-01;2.538987e-01;4.384596e-02;2.679650e-02;1.402623e-02;3.632232e-02;3.407769e-02;6.330821e-02;1.668186e-01;2.379912e-02;4.562207e-02
4.472325e-02;1.151536e-01;3.181750e-01;3.425769e-02;2.215270e-02;2.780972e-02;3.611029e-02;3.235559e-02;7.831128e-02;2.183530e-01;2.031712e-02;5.228083e-02
5.889994e-02;7.603916e-02;3.042945e-01;2.141968e-02;2.971118e-02;4.129096e-02;5.169544e-02;1.971364e-02;8.932929e-02;2.482706e-01;1.203681e-02;4.729880e-02
6.403294e-02;6.355148e-02;2.495765e-01;1.716539e-02;3.579329e-02;6.555574e-02;7.536496e-02;3.956824e-02;9.789853e-02;2.564400e-01;5.043685e-03;3.000922e-02
5.508772e-02;7.155414e-02;1.962993e-01;2.372995e-02;2.977818e-02;8.463872e-02;1.247598e-01;5.632043e-02;1.447351e-01;1.791619e-01;1.873875e-02;1.519598e-02
4.500941e-02;5.389053e-02;1.341186e-01;3.589578e-02;4.362039e-02;8.686356e-02;1.900999e-01;6.865758e-02;1.646492e-01;1.451128e-01;1.518969e-02;1.689255e-02
3.448489e-02;2.745828e-02;8.682751e-02;4.342606e-02;4.461741e-02;1.669766e-01;1.718543e-01;6.911252e-02;1.236398e-01;2.033679e-01;1.389325e-02;1.434137e-02
3.784875e-02;3.848109e-02;8.130676e-02;3.088639e-02;8.638149e-02;1.895294e-01;1.242897e-01;7.598592e-02;8.917790e-02;2.091554e-01;2.157976e-02;1.537742e-02
3.954315e-02;5.541942e-02;7.093937e-02;4.041981e-02;9.884991e-02;9.449098e-02;1.239562e-01;8.781835e-02;1.857961e-01;1.552306e-01;2.439617e-02;2.313995e-02
3.911122e-02;4.769532e-02;4.549424e-02;3.586582e-02;6.434572e-02;9.106507e-02;1.055545e-01;4.377860e-02;3.030951e-01;1.802930e-01;2.235306e-02;2.134832e-02
4.783647e-02;2.225482e-02;7.049282e-02;2.343038e-02;3.420866e-02;1.141975e-01;1.036874e-01;4.461762e-02;3.219402e-01;1.685062e-01;2.647583e-02;2.235208e-02
3.699259e-02;4.935523e-02;1.194738e-01;3.230632e-02;7.190590e-02;1.144699e-01;8.845742e-02;8.772026e-02;2.216645e-01;1.402117e-01;2.017204e-02;1.727019e-02
2.851381e-02;5.829014e-02;1.211773e-01;2.173591e-02;6.847650e-02;7.043964e-02;6.357691e-02;8.071406e-02;2.098654e-01;2.499500e-01;1.013311e-02;1.712717e-02
4.962369e-02;4.629567e-02;9.828725e-02;2.752466e-02;3.639933e-02;7.671195e-02;9.950712e-02;5.128138e-02;1.017521e-01;3.666151e-01;2.046728e-02;2.553443e-02
5.057609e-02;3.777665e-02;1.277294e-01;3.172182e-02;5.014285e-02;5.586060e-02;1.467221e-01;9.016111e-02;9.590070e-02;2.168458e-01;4.078354e-02;5.577929e-02
5.018333e-02;3.706732e-02;7.721712e-02;4.784957e-02;3.798340e-02;6.827390e-02;1.470330e-01;1.340597e-01;1.410412e-01;1.421173e-01;4.417919e-02;7.299506e-02
7.629775e-02;4.887000e-02;8.485306e-02;5.009310e-02;5.884959e-02;9.446429e-02;1.635159e-01;1.170453e-01;1.135712e-01;9.517345e-02;4.579652e-02;5.146974e-02
6.926557e-02;5.831650e-02;4.526205e-02;6.256469e-02;7.298709e-02;7.690202e-02;1.663761e-01;9.855878e-02;6.270815e-02;4.478963e-02;9.428084e-02;1.479886e-01
6.136141e-02;5.572405e-02;5.173634e-02;1.016478e-01;6.497037e-02;5.324483e-02;1.140209e-01;7.445668e-02;3.228427e-02;6.375776e-02;1.677322e-01;1.590634e-01
6.766852e-02;4.103118e-02;8.636408e-02;1.356691e-01;4.175040e-02;3.342951e-02;6.239591e-02;5.002788e-02;3.893807e-02;8.504222e-02;2.465353e-01;1.111479e-01
1.041667e-01;2.247773e-02;1.773289e-01;1.126363e-01;1.959258e-02;1.562639e-02;6.312604e-02;2.405089e-02;6.459412e-02;1.263812e-01;2.257304e-01;4.428871e-02
1.416239e-01;1.352879e-02;3.081595e-01;3.124006e-02;2.405123e-02;1.018837e-02;9.262709e-02;1.053503e-02;4.872671e-02;2.080033e-01;9.737213e-02;1.394390e-02
9.946526e-02;1.604837e-02;2.816456e-01;1.429957e-01;2.429600e-02;1.543266e-02;7.426392e-02;2.607023e-02;2.487776e-02;1.853050e-01;9.463947e-02;1.496005e-02
4.901593e-02;1.954058e-02;1.749455e-01;2.705276e-01;3.159032e-02;2.708307e-02;4.018385e-02;4.318992e-02;1.831284e-02;9.220761e-02;2.044618e-01;2.894095e-02
3.464479e-02;2.547918e-02;1.490626e-01;2.992932e-01;4.806829e-02;2.930166e-02;2.562039e-02;4.833009e-02;2.587073e-02;2.968189e-02;2.518736e-01;3.277362e-02
3.915955e-02;5.121349e-02;2.120253e-01;1.792714e-01;4.612842e-02;1.812311e-02;5.188757e-02;4.536950e-02;5.994373e-02;8.167008e-02;1.865623e-01;2.864553e-02
7.346354e-02;1.167962e-01;2.209983e-01;5.665407e-02;4.050216e-02;4.282555e-02;7.457540e-02;6.971791e-02;1.169753e-01;6.864946e-02;9.341576e-02;2.542641e-02
9.630615e-02;1.417218e-01;1.150671e-01;7.518399e-02;5.839963e-02;7.898442e-02;6.225580e-02;1.052970e-01;1.298371e-01;4.498055e-02;6.967218e-02;2.229434e-02
9.462167e-02;9.761673e-02;1.220081e-01;7.182112e-02;9.821136e-02;7.826081e-02;5.615415e-02;1.328705e-01;8.525655e-02;5.199367e-02;8.639796e-02;2.478735e-02
1.575716e-01;6.622824e-02;1.408025e-01;8.311188e-02;8.440457e-02;4.002175e-02;5.119176e-02;1.208823e-01;5.403074e-02;7.045510e-02;1.072073e-01;2.409238e-02
2.196337e-01;5.728389e-02;1.479965e-01;4.807249e-02;4.720709e-02;2.870919e-02;4.684545e-02;1.520224e-01;3.261621e-02;6.809612e-02;9.396338e-02;5.755359e-02
2.269394e-01;7.474624e-02;1.885019e-01;2.342946e-02;6.319918e-02;2.701298e-02;3.630549e-02;1.566537e-01;4.220362e-02;6.208967e-02;5.401425e-02;4.490425e-02
1.727391e-01;1.226863e-01;1.607887e-01;3.232550e-02;6.563159e-02;1.639120e-02;2.922432e-02;1.227533e-01;1.375878e-01;6.513106e-02;3.181571e-02;4.292543e-02
1.071712e-01;1.506284e-01;1.904415e-01;2.799502e-02;5.224065e-02;2.439609e-02;1.467105e-02;6.051492e-02;2.433608e-01;5.696360e-02;3.566389e-02;3.595291e-02
6.086183e-02;1.318179e-01;2.908125e-01;2.816788e-02;3.042250e-02;3.038881e-02;2.262053e-02;1.583590e-02;2.203439e-01;1.049358e-01;3.476365e-02;2.902882e-02
3.166768e-02;6.910530e-02;4.250311e-01;3.226594e-02;2.354355e-02;1.850726e-02;2.002202e-02;1.571800e-02;1.105462e-01;2.210353e-01;1.432103e-02;1.823669e-02
1.672377e-02;2.259273e-02;4.815177e-01;3.667169e-02;1.851121e-02;5.433534e-03;3.658083e-02;1.469553e-02;3.817623e-02;2.849202e-01;3.314996e-02;1.102669e-02
6.689798e-03;2.640808e-02;4.742958e-01;4.257470e-02;1.374082e-02;6.729920e-03;3.677367e-02;1.714185e-02;3.465842e-02;2.860633e-01;4.380468e-02;1.111895e-02
8.457585e-03;3.125855e-02;5.065302e-01;2.761853e-02;1.124726e-02;6.644331e-03;3.253528e-02;1.461481e-02;2.319917e-02;3.064905e-01;2.143436e-02;9.969364e-03
5.190480e-03;3.420274e-02;5.113714e-01;1.977485e-02;7.711238e-03;4.001701e-03;2.092924e-02;7.506415e-03;4.656759e-02;3.242151e-01;1.343665e-02;5.092559e-03
9.522175e-03;4.189280e-02;4.912949e-01;1.424640e-02;7.207594e-03;4.799992e-03;1.688377e-02;6.498565e-03;7.412999e-02;3.256928e-01;3.018389e-03;4.812593e-03
8.857096e-03;4.271683e-02;4.981631e-01;1.229062e-02;5.043997e-03;4.739286e-03;1.581533e-02;8.095161e-03;6.990819e-02;3.295804e-01;3.252708e-03;1.537259e-03
1.470785e-03;2.493580e-02;5.175903e-01;2.319704e-02;7.952170e-03;5.289394e-03;2.378705e-02;8.072859e-03;5.073200e-02;3.214356e-01;1.122826e-02;4.308720e-03
6.625651e-03;1.884727e-02;5.611662e-01;3.092263e-02;7.648056e-03;4.261995e-03;2.518636e-02;5.903520e-03;2.344577e-02;2.924520e-01;1.952266e-02;4.017914e-03
3.563610e-03;2.355953e-02;6.184909e-01;5.126135e-02;1.018672e-02;3.787592e-03;2.359580e-02;2.952262e-03;4.829703e-03;2.229832e-01;3.158351e-02;3.205905e-03
1.022661e-02;3.115660e-02;6.622661e-01;7.348315e-02;1.424431e-02;5.916082e-03;2.223576e-02;2.909404e-03;9.138443e-03;1.291948e-01;3.804193e-02;1.186843e-03
3.853278e-03;2.263764e-02;6.877185e-01;1.149008e-01;2.756221e-02;6.739208e-03;1.411387e-02;3.839902e-03;6.656649e-03;6.123924e-02;4.759705e-02;3.141773e-03
3.474762e-03;6.222828e-03;7.356822e-01;1.270827e-01;2.537283e-02;5.466389e-03;1.383943e-02;5.044649e-03;8.214917e-03;2.431757e-02;4.241254e-02;2.869103e-03
4.967943e-03;2.278594e-02;7.637470e-01;9.811094e-02;1.537040e-02;4.066685e-03;1.512210e-02;1.875684e-03;8.898627e-03;4.299365e-02;1.934608e-02;2.714944e-03
8.628741e-03;2.130053e-02;7.615516e-01;8.810022e-02;1.462446e-02;3.638536e-03;1.780195e-02;4.802245e-03;6.749490e-03;5.664296e-02;1.453707e-02;1.622155e-03
4.866234e-03;1.279943e-02;7.701101e-01;8.932710e-02;1.595604e-02;4.472369e-03;2.034425e-02;3.242243e-03;4.286558e-03;6.009832e-02;1.210675e-02;2.390641e-03
5.213088e-03;1.686195e-02;7.660887e-01;9.041728e-02;1.364178e-02;3.782907e-03;2.477866e-02;2.986553e-03;2.681682e-03;5.864631e-02;1.291340e-02;1.987623e-03
5.430378e-03;1.883361e-02;7.699113e-01;9.299571e-02;1.214670e-02;3.541537e-03;2.290269e-02;3.271664e-03;4.012519e-03;5.452966e-02;1.004718e-02;2.377071e-03
2.638312e-03;1.352489e-02;7.730408e-01;9.888390e-02;1.207030e-02;5.061782e-03;2.584267e-02;3.997063e-03;2.829710e-03;4.934737e-02;1.041554e-02;2.347678e-03
4.657645e-03;1.407508e-02;7.688319e-01;1.014405e-01;1.747984e-02;4.936709e-03;2.479691e-02;3.578527e-03;4.107608e-03;4.853408e-02;4.680229e-03;2.880925e-03
6.109876e-03;1.630589e-02;7.464386e-01;1.002872e-01;1.144492e-02;4.654996e-03;2.866732e-02;3.502148e-03;2.995970e-03;6.759290e-02;1.025033e-02;1.749843e-03
4.130797e-03;1.228277e-02;6.859441e-01;1.172376e-01;1.309012e-02;3.337191e-03;3.805096e-02;3.434518e-03;6.617349e-03;9.829919e-02;1.545748e-02;2.117909e-03
3.551043e-03;1.683525e-02;5.915473e-01;1.392037e-01;2.803056e-02;6.631653e-03;4.578510e-02;3.567725e-03;1.768705e-02;1.319335e-01;1.296254e-02;2.264563e-03
8.867346e-03;1.166549e-02;4.724869e-01;1.208948e-01;4.299932e-02;1.599929e-02;5.292959e-02;6.098925e-03;3.240558e-02;1.991763e-01;3.211288e-02;4.363612e-03
6.564440e-03;1.596497e-02;4.283716e-01;5.359926e-02;2.776658e-02;1.795143e-02;6.200631e-02;4.121425e-03;4.308446e-02;2.970103e-01;3.934243e-02;4.216800e-03
5.111197e-03;2.136005e-02;4.475766e-01;1.742935e-02;9.130847e-03;8.001745e-03;5.923432e-02;4.102189e-03;2.983206e-02;3.819557e-01;1.468295e-02;1.583007e-03
4.221280e-03;1.741337e-02;4.464876e-01;3.631398e-02;9.477756e-03;4.038812e-03;4.880327e-02;3.567690e-03;2.591293e-02;3.741063e-01;2.750217e-02;2.154812e-03
5.225237e-03;1.220287e-02;4.807487e-01;4.145233e-02;7.883613e-03;2.405430e-03;4.368583e-02;6.360876e-03;6.624104e-03;3.481817e-01;4.349837e-02;1.730958e-03
4.098624e-03;1.222500e-02;5.121744e-01;5.401249e-02;1.078092e-02;3.931987e-03;4.170143e-02;3.895093e-03;8.127018e-03;3.052085e-01;4.251014e-02;1.334461e-03
4.613132e-03;1.460246e-02;5.245923e-01;5.963564e-02;1.002655e-02;4.117988e-03;5.061085e-02;4.962399e-03;1.243807e-02;2.571875e-01;5.338493e-02;3.828173e-03
3.813006e-03;1.241627e-02;5.560994e-01;8.181487e-02;1.306084e-02;4.586750e-03;5.227183e-02;3.268893e-03;6.765619e-03;2.027826e-01;5.878325e-02;4.336639e-03
3.673226e-03;1.205092e-02;5.653380e-01;1.077049e-01;1.678748e-02;3.764838e-03;4.886292e-02;1.936461e-03;4.286024e-03;1.498205e-01;8.407361e-02;1.701082e-03
3.157432e-03;1.098949e-02;5.713648e-01;1.257276e-01;1.074046e-02;3.775784e-03;4.258807e-02;6.396343e-03;3.665365e-03;1.197085e-01;1.004296e-01;1.456478e-03
4.049846e-03;6.824808e-03;5.530480e-01;1.603343e-01;1.534591e-02;3.227947e-03;3.327534e-02;5.456468e-03;8.065189e-03;9.889113e-02;1.095671e-01;1.913931e-03
4.506095e-03;8.157016e-03;5.355711e-01;1.884008e-01;2.233714e-02;4.536409e-03;2.372443e-02;8.946419e-03;4.356113e-03;6.834736e-02;1.282301e-01;2.887033e-03
3.642545e-03;1.099918e-02;5.041959e-01;2.032023e-01;3.123210e-02;7.867851e-03;2.361078e-02;1.622360e-02;4.097274e-03;4.301446e-02;1.481691e-01;3.744969e-03
3.999445e-03;2.883618e-03;4.884983e-01;2.126899e-01;5.401003e-02;1.314152e-02;1.932398e-02;2.419938e-02;5.390571e-03;1.356100e-02;1.573169e-01;4.985408e-03
3.825016e-03;1.492850e-02;4.690204e-01;1.748651e-01;7.026260e-02;1.965477e-02;3.742200e-02;2.448350e-02;5.111129e-03;2.337623e-02;1.406587e-01;1.639200e-02
1.211959e-02;2.037408e-02;5.265473e-01;1.077214e-01;6.505051e-02;1.773038e-02;5.311335e-02;2.533400e-02;1.176153e-02;3.333561e-02;1.114552e-01;1.545706e-02
5.647033e-03;2.100024e-02;6.268221e-01;5.378706e-02;6.368880e-02;2.249409e-02;4.945056e-02;2.738005e-02;1.700437e-02;3.847447e-02;6.492025e-02;9.331061e-03
2.741857e-03;1.353402e-02;6.982532e-01;7.771612e-02;5.280095e-02;1.493004e-02;1.122578e-02;1.350953e-02;1.560861e-02;6.831504e-02;2.741615e-02;3.948809e-03
3.949936e-03;1.837744e-02;7.120053e-01;6.722062e-02;4.097285e-02;8.428804e-03;6.467500e-03;6.858882e-03;1.812065e-02;9.535307e-02;1.744612e-02;4.798843e-03
1.335641e-02;4.108914e-02;6.233966e-01;5.421137e-02;4.320655e-02;1.091338e-02;1.928492e-02;1.819381e-02;4.451070e-02;9.640060e-02;2.600086e-02;9.435651e-03
4.868495e-02;8.618876e-02;4.103295e-01;3.652606e-02;6.679154e-02;2.309570e-02;3.341944e-02;4.168379e-02;1.011535e-01;9.866780e-02;3.320296e-02;2.025602e-02
4.347054e-02;7.137482e-02;4.366917e-01;6.046240e-02;7.243259e-02;2.915148e-02;3.019018e-02;4.951097e-02;8.361969e-02;6.806380e-02;3.366178e-02;2.137008e-02
1.138419e-02;2.992683e-02;5.827060e-01;8.754643e-02;7.131115e-02;2.720647e-02;4.772185e-02;2.087088e-02;1.823269e-02;5.074301e-02;3.987346e-02;1.247697e-02
1.403843e-02;1.429365e-02;6.350113e-01;1.012853e-01;7.457732e-02;2.409117e-02;2.256336e-02;6.473955e-03;9.982643e-03;3.934647e-02;5.565450e-02;2.681914e-03
1.023842e-02;8.299737e-03;6.858910e-01;9.945206e-02;6.154107e-02;1.744986e-02;1.251759e-02;6.832214e-03;1.385148e-02;3.227635e-02;4.806500e-02;3.585315e-03
5.754658e-03;9.888474e-03;7.098355e-01;8.817537e-02;5.712710e-02;1.482716e-02;1.525568e-02;7.707068e-03;1.686855e-02;3.434537e-02;3.520495e-02;5.010170e-03
1.203530e-02;1.467551e-02;7.104672e-01;8.015887e-02;6.405691e-02;1.769654e-02;1.048227e-02;5.269603e-03;1.223684e-02;3.728629e-02;3.236939e-02;3.265276e-03
2.590164e-02;4.544886e-02;6.640694e-01;5.852159e-02;6.058568e-02;2.077078e-02;3.388700e-02;6.857447e-03;1.280939e-02;3.673409e-02;3.012353e-02;4.290614e-03
4.537221e-02;9.754264e-02;5.853679e-01;3.396410e-02;6.412273e-02;1.256180e-02;3.321957e-02;1.342594e-02;4.425922e-02;3.586653e-02;2.631750e-02;7.979905e-03
1.779415e-02;7.228838e-02;5.961474e-01;4.968451e-02;6.986655e-02;2.551950e-02;3.920618e-02;1.025437e-02;5.079529e-02;5.238613e-02;8.403835e-03;7.653762e-03
1.548135e-02;2.559466e-02;5.881422e-01;8.374754e-02;8.939222e-02;4.877954e-02;3.868611e-02;8.884011e-03;2.068437e-02;2.785154e-02;3.833730e-02;1.441924e-02
1.830823e-02;1.468342e-02;3.783604e-01;1.113211e-01;1.535802e-01;9.236071e-02;6.991388e-02;1.616406e-02;2.559523e-02;2.504256e-02;7.086965e-02;2.380062e-02
1.601843e-02;2.301633e-02;2.028008e-01;1.123196e-01;1.932157e-01;1.305532e-01;1.201104e-01;2.915298e-02;1.456028e-02;2.610660e-02;8.912035e-02;4.302530e-02
1.167866e-02;3.827432e-02;1.829633e-01;1.174007e-01;1.917753e-01;1.190305e-01;1.319977e-01;3.010699e-02;7.636159e-03;1.278125e-02;9.530696e-02;6.104820e-02
1.376148e-02;6.942067e-02;2.235183e-01;1.325685e-01;1.370772e-01;5.534353e-02;7.735228e-02;3.261109e-02;2.243600e-02;4.102725e-02;1.144873e-01;8.039632e-02
1.763618e-02;8.459046e-02;2.627118e-01;1.335813e-01;7.069529e-02;3.998368e-02;2.848434e-02;4.301703e-02;4.477967e-02;6.709790e-02;1.453386e-01;6.208387e-02
2.794660e-02;7.326525e-02;2.927818e-01;1.375450e-01;7.129837e-02;4.280010e-02;3.856699e-02;3.968153e-02;5.110203e-02;5.122544e-02;1.337191e-01;4.006783e-02
3.085276e-02;5.210143e-02;3.482475e-01;1.252258e-01;8.353453e-02;3.794525e-02;3.334864e-02;4.217708e-02;5.846858e-02;7.436699e-02;8.128894e-02;3.244249e-02
3.747854e-02;3.571242e-02;3.947797e-01;9.038530e-02;9.423510e-02;2.341635e-02;5.789603e-02;4.077530e-02;5.295986e-02;9.991822e-02;3.856895e-02;3.387432e-02
4.191381e-02;4.331351e-02;3.783947e-01;7.901073e-02;8.086315e-02;3.239895e-02;6.698122e-02;4.122566e-02;2.153275e-02;1.357082e-01;3.476830e-02;4.388903e-02
3.936564e-02;4.322411e-02;3.836451e-01;6.265326e-02;6.910567e-02;3.605005e-02;7.111887e-02;2.732583e-02;5.720370e-02;1.247438e-01;3.567851e-02;4.988535e-02
4.430168e-02;3.978228e-02;3.999824e-01;6.535260e-02;7.274786e-02;4.306122e-02;9.743769e-02;5.807250e-02;4.918305e-02;7.434189e-02;2.477548e-02;3.096138e-02
2.108384e-02;3.561871e-02;2.332893e-01;4.834061e-02;5.894151e-02;6.020637e-02;1.517837e-01;7.553522e-02;9.133018e-02;1.184928e-01;7.779421e-02;2.758345e-02
2.015055e-02;1.867413e-02;1.697162e-01;3.298996e-02;5.285483e-02;6.736302e-02;1.827690e-01;6.411909e-02;1.547517e-01;1.476233e-01;6.007259e-02;2.891565e-02
2.568623e-02;1.270274e-02;1.551086e-01;3.367917e-02;4.251986e-02;5.984724e-02;2.273268e-01;3.775355e-02;1.589584e-01;1.859064e-01;2.982283e-02;3.068815e-02
2.736222e-02;1.328875e-02;1.392709e-01;4.446601e-02;4.861454e-02;5.375135e-02;2.260495e-01;7.442334e-02;9.898347e-02;1.925283e-01;4.035156e-02;4.091008e-02
4.174855e-02;3.026684e-02;1.618312e-01;6.934974e-02;9.293814e-02;9.328701e-02;1.552710e-01;4.441705e-02;1.023444e-01;1.285884e-01;4.374662e-02;3.621106e-02
4.928256e-02;4.965996e-02;2.118093e-01;6.781793e-02;1.040785e-01;9.101349e-02;8.780739e-02;5.072334e-02;8.792009e-02;1.224986e-01;3.874990e-02;3.863889e-02
4.311197e-02;4.626231e-02;1.993818e-01;5.578675e-02;6.811235e-02;6.792840e-02;8.937278e-02;5.019644e-02;1.306633e-01;1.507308e-01;5.653497e-02;4.191816e-02
4.401708e-02;3.732986e-02;1.526581e-01;5.759805e-02;8.795527e-02;9.563287e-02;1.540471e-01;5.642932e-02;1.123969e-01;1.039647e-01;5.326618e-02;4.470454e-02
4.865921e-02;4.255970e-02;1.093782e-01;4.268735e-02;8.894873e-02;2.085608e-01;2.639149e-01;5.431649e-02;3.225016e-02;4.783924e-02;3.672221e-02;2.416291e-02
5.474069e-02;4.259680e-02;9.760387e-02;3.961737e-02;8.996721e-02;2.085407e-01;2.800986e-01;5.809483e-02;3.502839e-02;4.270356e-02;3.246233e-02;1.854561e-02
4.722137e-02;3.585846e-02;1.309134e-01;2.920764e-02;1.114226e-01;1.680972e-01;2.655998e-01;6.553552e-02;5.847765e-02;5.013623e-02;2.182691e-02;1.570320e-02
2.140071e-02;8.402905e-03;2.043834e-01;4.864454e-02;1.408661e-01;1.064727e-01;3.276231e-01;4.741803e-02;5.223838e-02;2.521259e-02;9.331350e-03;8.006249e-03
7.305080e-03;6.272144e-03;2.217493e-01;6.125399e-02;1.756901e-01;1.148548e-01;3.034928e-01;3.736624e-02;4.124855e-02;1.310707e-02;7.338073e-03;1.032175e-02
4.259698e-03;3.293021e-03;2.092520e-01;7.260706e-02;2.222774e-01;1.311720e-01;2.609823e-01;2.641479e-02;3.493943e-02;1.504012e-02;4.446764e-03;1.531535e-02
3.384595e-03;2.244353e-03;1.915306e-01;8.058871e-02;2.452847e-01;1.241269e-01;2.486859e-01;1.720650e-02;2.376722e-02;4.018750e-02;4.571824e-03;1.842119e-02
4.023657e-03;4.397963e-03;2.155299e-01;1.178296e-01;2.152917e-01;9.750327e-02;2.121635e-01;2.610900e-02;1.616408e-02;6.104717e-02;1.248621e-02;1.745400e-02
6.374139e-03;5.927343e-03;2.942711e-01;1.740342e-01;1.535801e-01;8.366135e-02;1.161866e-01;6.036990e-02;1.792719e-02;5.583863e-02;2.136971e-02;1.045980e-02
3.796926e-03;6.144655e-03;3.904534e-01;2.081642e-01;1.002239e-01;7.597422e-02;6.133335e-02;5.667439e-02;2.840080e-02;4.402199e-02;2.297904e-02;1.833143e-03
3.319352e-03;4.169552e-03;4.963005e-01;1.870015e-01;8.556999e-02;5.893451e-02;5.459016e-02;3.684914e-02;2.703518e-02;2.954228e-02;1.435084e-02;2.336995e-03
3.777177e-03;8.170051e-03;6.152548e-01;1.295589e-01;6.788345e-02;3.160383e-02;5.006492e-02;3.184051e-02;1.812226e-02;3.390439e-02;7.328398e-03;2.491371e-03
3.278552e-03;2.069593e-02;6.581623e-01;7.923967e-02;4.874003e-02;1.691123e-02;7.400105e-02;3.784064e-02;2.090616e-02;3.282429e-02;4.687220e-03;2.712874e-03
5.726545e-03;2.974801e-02;6.724795e-01;5.077900e-02;4.478865e-02;1.535211e-02;1.025169e-01;2.882199e-02;2.111920e-02;2.394095e-02;2.874319e-03;1.852923e-03
7.063421e-03;3.450629e-02;6.960077e-01;4.305223e-02;3.068932e-02;9.200969e-03;7.983217e-02;2.723551e-02;3.843438e-02;2.884834e-02;3.236468e-03;1.893247e-03
4.042699e-03;3.307381e-02;6.568894e-01;5.286243e-02;2.032630e-02;1.171464e-02;5.653736e-02;4.368016e-02;7.425654e-02;3.951850e-02;4.691224e-03;2.406936e-03
7.839913e-03;2.956160e-02;6.443505e-01;2.915990e-02;1.968755e-02;2.250928e-02;7.903701e-02;4.053666e-02;8.277021e-02;3.700189e-02;4.684919e-03;2.860561e-03
3.913690e-03;2.489916e-02;6.389230e-01;4.472991e-02;2.323357e-02;3.874452e-02;9.664819e-02;3.967904e-02;4.912698e-02;3.366082e-02;5.163318e-03;1.277850e-03
4.101506e-03;1.120541e-02;5.929703e-01;5.528866e-02;2.581508e-02;3.792266e-02;1.397096e-01;2.899853e-02;6.736682e-02;3.268857e-02;1.707172e-03;2.225671e-03
4.369885e-03;1.186123e-02;5.433103e-01;6.627358e-02;4.441243e-02;4.590124e-02;1.031782e-01;4.015683e-02;1.081427e-01;2.701637e-02;3.532640e-03;1.844624e-03
4.471152e-03;9.047156e-03;5.151172e-01;8.458552e-02;7.030705e-02;4.206277e-02;6.077157e-02;4.952873e-02;1.215209e-01;3.383167e-02;5.956780e-03;2.799531e-03
5.264626e-03;5.945603e-03;4.688829e-01;9.503752e-02;9.408973e-02;5.132373e-02;6.562463e-02;4.751088e-02;8.310961e-02;7.061238e-02;8.125402e-03;4.473015e-03
5.845033e-03;6.349498e-03;4.200742e-01;8.886174e-02;8.656225e-02;1.287849e-01;5.486557e-02;6.950585e-02;4.871728e-02;7.836198e-02;8.737998e-03;3.333638e-03
4.470180e-03;8.498861e-03;4.177284e-01;1.084315e-01;1.050808e-01;1.452785e-01;4.993162e-02;4.233691e-02;5.301294e-02;5.575692e-02;7.537979e-03;1.935461e-03
8.345310e-03;1.319313e-02;4.713019e-01;1.445001e-01;1.117005e-01;1.066812e-01;3.622495e-02;2.883978e-02;3.630073e-02;3.219710e-02;7.443502e-03;3.271749e-03
2.130637e-02;2.534266e-02;4.892203e-01;1.486946e-01;1.089746e-01;6.373073e-02;5.323378e-02;3.378946e-02;1.689767e-02;2.583765e-02;7.729282e-03;5.242991e-03
3.444851e-02;2.601407e-02;4.661989e-01;1.142007e-01;1.207700e-01;4.280204e-02;7.581889e-02;3.428555e-02;3.076535e-02;3.673730e-02;8.399948e-03;9.558719e-03
3.216404e-02;1.288080e-02;3.406806e-01;9.002563e-02;1.593528e-01;8.427493e-02;1.289388e-01;3.750823e-02;5.411692e-02;4.312190e-02;7.549620e-03;9.385685e-03
1.131994e-02;1.315021e-02;3.761361e-01;1.228954e-01;1.349718e-01;8.509333e-02;1.200360e-01;3.051877e-02;4.828827e-02;3.313334e-02;1.631263e-02;8.144156e-03
5.625608e-03;1.353342e-02;4.510757e-01;1.195318e-01;1.197883e-01;6.201022e-02;6.966022e-02;3.420290e-02;3.554073e-02;6.730156e-02;1.642488e-02;5.304594e-03
4.936151e-03;1.621857e-02;5.087367e-01;1.147335e-01;7.822721e-02;4.061580e-02;3.095219e-02;3.846331e-02;4.560570e-02;1.075115e-01;1.183182e-02;2.167571e-03
7.251256e-03;3.202450e-02;5.475118e-01;1.015793e-01;7.040087e-02;2.034745e-02;2.498621e-02;2.466996e-02;4.110452e-02;1.181910e-01;8.130823e-03;3.802311e-03
1.090364e-02;5.064904e-02;5.506904e-01;6.434067e-02;7.007940e-02;1.838624e-02;2.828981e-02;1.895882e-02;3.750849e-02;1.388132e-01;5.366412e-03;6.013862e-03
1.449113e-02;5.623473e-02;5.147918e-01;4.128055e-02;6.531911e-02;2.844208e-02;3.223978e-02;3.161133e-02;4.684953e-02;1.594659e-01;3.091149e-03;6.183000e-03
1.730773e-02;8.200258e-02;4.354832e-01;4.221246e-02;4.999922e-02;3.801978e-02;3.861903e-02;3.160559e-02;7.671957e-02;1.723566e-01;1.079151e-02;4.882718e-03
3.252122e-02;1.055980e-01;3.155528e-01;4.617251e-02;4.852251e-02;3.448439e-02;5.181427e-02;5.912482e-02;1.123960e-01;1.704878e-01;1.581763e-02;7.508056e-03
3.879187e-02;9.572785e-02;2.438240e-01;5.745884e-02;6.315861e-02;3.554013e-02;7.075652e-02;9.287337e-02;9.909674e-02;1.757982e-01;1.438054e-02;1.259326e-02
3.731428e-02;1.649144e-01;2.328212e-01;8.767805e-02;5.148642e-02;4.216979e-02;5.850144e-02;5.949296e-02;1.045168e-01;1.250062e-01;1.629131e-02;1.980719e-02
2.768701e-02;1.790281e-01;1.942316e-01;9.321661e-02;4.056333e-02;3.225916e-02;1.028398e-01;1.071681e-01;7.567558e-02;1.134430e-01;1.571905e-02;1.816870e-02
2.718103e-02;1.096179e-01;1.950745e-01;7.198136e-02;3.036859e-02;4.078015e-02;1.163047e-01;1.613699e-01;1.037016e-01;1.159349e-01;1.249409e-02;1.519136e-02
4.425173e-02;1.094438e-01;2.039987e-01;5.702367e-02;2.146106e-02;3.911254e-02;1.142760e-01;1.604797e-01;1.143566e-01;1.079701e-01;1.298344e-02;1.464270e-02
5.214023e-02;1.735017e-01;1.830141e-01;4.159463e-02;2.625360e-02;4.425542e-02;8.225051e-02;1.041327e-01;1.229726e-01;1.253195e-01;1.184117e-02;3.272395e-02
3.753762e-02;1.469415e-01;1.704601e-01;4.916593e-02;3.267849e-02;6.116961e-02;7.363062e-02;6.760787e-02;1.554376e-01;1.635584e-01;8.443947e-03;3.336833e-02
2.460150e-02;7.883443e-02;1.269022e-01;5.348146e-02;2.935821e-02;6.460755e-02;1.301978e-01;2.135594e-01;1.455007e-01;9.728508e-02;1.172976e-02;2.394192e-02
1.765286e-02;9.166754e-02;1.090765e-01;3.686255e-02;2.847135e-02;6.683086e-02;1.234402e-01;2.954708e-01;1.195326e-01;7.071702e-02;2.006745e-02;2.021024e-02
3.347976e-02;7.233127e-02;1.519313e-01;3.462595e-02;3.994552e-02;7.368537e-02;1.157649e-01;2.373681e-01;6.863279e-02;1.114773e-01;1.870749e-02;4.205026e-02
3.895959e-02;7.141393e-02;1.568796e-01;4.834979e-02;4.664198e-02;7.588337e-02;1.389313e-01;1.848954e-01;5.623011e-02;1.105897e-01;2.124839e-02;4.997681e-02
3.937409e-02;1.011402e-01;8.702316e-02;4.869534e-02;4.466182e-02;8.559682e-02;1.336433e-01;1.806963e-01;8.772520e-02;8.791771e-02;2.226977e-02;8.125629e-02
4.969120e-02;7.135160e-02;7.850309e-02;4.733508e-02;4.610565e-02;7.093562e-02;1.737324e-01;1.829744e-01;6.870149e-02;7.510487e-02;4.743211e-02;8.813247e-02
8.589374e-02;7.267356e-02;8.763693e-02;4.257147e-02;4.042547e-02;5.398306e-02;1.992890e-01;1.614819e-01;6.592219e-02;8.646891e-02;5.387778e-02;4.977597e-02
7.095619e-02;6.365481e-02;1.191456e-01;8.204243e-02;5.274518e-02;5.865122e-02;1.738033e-01;8.841223e-02;6.898749e-02;8.032773e-02;5.252464e-02;8.874913e-02
5.457771e-02;6.412620e-02;1.665843e-01;1.084412e-01;4.783743e-02;5.670045e-02;1.136378e-01;8.509830e-02;6.536686e-02;9.613192e-02;5.033128e-02;9.116656e-02
5.210104e-02;6.570329e-02;1.518290e-01;9.569938e-02;5.152634e-02;8.141953e-02;8.306628e-02;8.375049e-02;6.677727e-02;8.945330e-02;8.053815e-02;9.813593e-02
6.287494e-02;4.907095e-02;1.137742e-01;9.195714e-02;6.602532e-02;8.579159e-02;1.139109e-01;8.006164e-02;8.001418e-02;6.640793e-02;9.622940e-02;9.388176e-02
7.310767e-02;5.791805e-02;1.131619e-01;1.087207e-01;4.326316e-02;6.213690e-02;9.942877e-02;9.901952e-02;1.281579e-01;6.615139e-02;7.256565e-02;7.636836e-02
4.800401e-02;1.045962e-01;1.353176e-01;7.249790e-02;6.756853e-02;7.565973e-02;1.067485e-01;8.550750e-02;1.174606e-01;6.244629e-02;6.444376e-02;5.974931e-02
6.503981e-02;1.516008e-01;1.357200e-01;6.304305e-02;7.833966e-02;8.917186e-02;1.165074e-01;5.290416e-02;8.764218e-02;4.905853e-02;4.073146e-02;7.024108e-02
8.530533e-02;1.631080e-01;1.342467e-01;6.904323e-02;6.314797e-02;8.294538e-02;1.148744e-01;6.835148e-02;7.419807e-02;5.456105e-02;2.745265e-02;6.276573e-02
8.686705e-02;8.183733e-02;1.305079e-01;5.720477e-02;5.487933e-02;9.494901e-02;1.011953e-01;1.082253e-01;1.021866e-01;5.533041e-02;3.597350e-02;9.084361e-02
7.694384e-02;1.060831e-01;1.202635e-01;6.626501e-02;5.944169e-02;7.134999e-02;8.848209e-02;1.067283e-01;1.341388e-01;4.871999e-02;2.038077e-02;1.012027e-01
