6.578063e-02;6.847470e-02;9.655581e-02;5.413197e-02;6.405860e-02;1.132545e-01;1.550646e-01;6.085039e-02;8.098501e-02;8.793564e-02;8.218224e-02;7.072590e-02
5.767247e-02;8.266342e-02;1.599388e-01;6.828862e-02;5.585967e-02;6.588282e-02;1.165300e-01;8.413855e-02;4.771808e-02;8.057772e-02;1.052278e-01;7.550213e-02
1.410148e-01;8.556747e-02;2.504688e-01;5.156471e-02;6.256491e-02;4.266868e-02;1.026713e-01;4.712641e-02;4.298294e-02;4.943297e-02;6.316619e-02;6.077082e-02
1.351687e-01;7.711866e-02;2.370203e-01;5.607054e-02;6.483091e-02;4.821140e-02;1.084512e-01;3.368958e-02;3.991427e-02;4.992638e-02;7.736444e-02;7.223369e-02
1.103074e-01;6.956819e-02;2.126826e-01;5.409879e-02;5.796596e-02;5.618335e-02;1.034802e-01;3.539060e-02;3.719776e-02;5.388372e-02;1.216739e-01;8.756746e-02
7.006241e-02;5.996594e-02;1.873639e-01;5.030296e-02;4.008289e-02;7.345285e-02;6.679008e-02;4.321919e-02;2.965081e-02;8.269049e-02;1.981528e-01;9.826566e-02
7.593965e-02;6.283589e-02;1.220920e-01;6.990106e-02;4.360216e-02;6.475933e-02;9.463903e-02;3.235828e-02;3.192360e-02;9.046060e-02;1.623547e-01;1.491337e-01
1.965836e-01;6.538581e-02;1.146134e-01;9.601822e-02;5.895706e-02;4.337755e-02;8.626645e-02;2.325412e-02;1.956965e-02;5.029499e-02;8.134516e-02;1.643340e-01
3.514369e-01;7.630795e-02;8.227877e-02;7.826470e-02;8.903591e-02;2.817496e-02;5.529993e-02;3.116676e-02;1.588486e-02;1.950599e-02;3.327582e-02;1.393674e-01
4.605101e-01;8.751553e-02;5.614490e-02;3.392556e-02;1.064593e-01;1.654799e-02;3.098351e-02;3.689577e-02;2.017931e-02;1.587352e-02;1.942488e-02;1.155396e-01
4.187013e-01;7.570745e-02;6.398726e-02;5.122058e-02;6.346329e-02;1.540015e-02;4.341523e-02;3.377368e-02;2.600905e-02;2.863144e-02;3.873941e-02;1.409511e-01
2.616680e-01;6.604417e-02;4.738935e-02;7.120124e-02;3.092347e-02;4.998787e-02;8.073323e-02;4.006474e-02;4.227805e-02;6.777819e-02;9.591200e-02;1.460196e-01
6.616614e-02;7.062958e-02;4.469183e-02;6.136151e-02;8.417977e-02;7.989371e-02;1.084350e-01;9.108955e-02;6.248520e-02;1.104966e-01;1.319435e-01;8.862755e-02
1.550711e-01;5.889867e-02;6.833000e-02;3.488388e-02;6.068204e-02;5.332585e-02;1.099681e-01;1.082896e-01;6.842514e-02;1.071719e-01;1.090680e-01;6.588564e-02
2.440552e-01;5.587530e-02;5.291022e-02;3.241795e-02;4.612591e-02;4.054765e-02;8.685652e-02;8.537193e-02;6.557866e-02;1.147206e-01;9.097128e-02;8.456885e-02
2.489749e-01;7.893476e-02;5.984157e-02;4.155620e-02;4.805508e-02;4.143963e-02;6.991280e-02;4.450483e-02;5.494943e-02;1.116525e-01;1.076626e-01;9.251571e-02
1.797679e-01;1.341910e-01;8.825857e-02;4.771941e-02;6.188675e-02;3.926162e-02;8.678821e-02;3.855835e-02;6.812931e-02;8.285938e-02;1.213535e-01;5.122605e-02
9.144928e-02;2.077852e-01;9.276607e-02;8.189951e-02;5.921399e-02;5.123734e-02;5.873618e-02;1.975577e-02;1.135722e-01;7.972724e-02;8.514214e-02;5.871505e-02
3.629187e-02;2.411773e-01;8.100578e-02;6.100651e-02;7.477640e-02;4.988786e-02;3.730021e-02;2.293726e-02;1.665752e-01;1.131109e-01;5.843870e-02;5.749198e-02
4.273655e-02;2.604837e-01;9.479975e-02;3.726414e-02;7.212486e-02;4.800876e-02;4.355913e-02;2.622181e-02;1.497230e-01;1.423426e-01;5.415070e-02;2.858509e-02
1.187894e-01;2.200192e-01;1.974933e-01;4.109300e-02;4.958786e-02;4.955984e-02;4.822734e-02;2.258143e-02;7.427788e-02;1.078849e-01;4.191256e-02;2.857334e-02
1.759009e-01;2.149163e-01;2.944246e-01;4.940556e-02;2.743171e-02;3.751138e-02;2.977638e-02;1.887215e-02;5.370285e-02;3.557898e-02;1.955623e-02;4.292293e-02
1.753460e-01;2.909792e-01;2.800982e-01;4.553411e-02;1.468764e-02;3.601651e-02;1.512226e-02;1.387506e-02;5.653284e-02;1.905617e-02;1.768605e-02;3.506599e-02
1.759423e-01;3.388736e-01;2.418565e-01;3.714152e-02;1.067028e-02;3.244511e-02;1.126335e-02;1.668362e-02;6.104863e-02;1.273422e-02;4.166820e-02;1.967254e-02
2.526908e-01;3.059762e-01;1.642460e-01;2.909324e-02;2.255527e-02;2.146660e-02;1.810543e-02;3.749825e-02;3.590469e-02;1.515193e-02;7.322741e-02;2.408427e-02
3.613990e-01;2.407554e-01;4.932751e-02;2.908845e-02;3.147781e-02;2.335538e-02;3.388281e-02;7.118542e-02;2.686582e-02;2.263929e-02;7.206534e-02;3.795782e-02
3.632014e-01;1.110223e-01;9.154554e-02;3.827709e-02;1.722527e-02;4.474574e-02;5.073434e-02;8.453972e-02;3.923613e-02;5.186963e-02;4.044112e-02;6.716172e-02
3.562087e-01;1.037084e-01;1.126264e-01;3.113288e-02;3.576550e-02;3.197257e-02;4.684841e-02;1.018602e-01;2.944150e-02;5.346985e-02;3.368660e-02;6.327894e-02
4.052511e-01;7.172180e-02;1.092070e-01;1.667539e-02;5.357400e-02;1.672288e-02;3.205014e-02;1.180297e-01;2.019947e-02;2.856168e-02;7.713987e-02;5.086708e-02
3.972630e-01;1.755163e-01;1.027973e-01;1.375156e-02;4.640716e-02;7.679050e-03;2.114243e-02;7.875130e-02;2.995762e-02;1.087862e-02;8.118551e-02;3.467020e-02
3.620903e-01;2.917665e-01;1.114327e-01;2.292346e-02;2.280977e-02;1.129289e-02;1.510700e-02;3.100521e-02;5.226158e-02;6.334474e-03;4.718409e-02;2.579201e-02
2.975205e-01;3.577263e-01;1.432157e-01;3.573533e-02;7.621119e-03;2.087490e-02;8.283197e-03;1.539403e-02;6.979514e-02;6.430551e-03;1.546798e-02;2.193527e-02
2.327053e-01;3.717340e-01;1.824986e-01;4.084190e-02;6.807009e-03;2.207030e-02;7.991577e-03;1.339670e-02;8.695146e-02;9.881528e-03;6.510711e-03;1.861096e-02
1.852402e-01;3.815772e-01;2.204065e-01;4.249566e-02;7.076130e-03;1.892119e-02;5.770538e-03;8.607828e-03;9.274998e-02;1.626201e-02;7.324179e-03;1.356866e-02
1.716211e-01;3.705363e-01;2.476235e-01;4.020451e-02;8.378883e-03;1.652799e-02;8.925667e-03;7.392489e-03;9.077056e-02;2.191214e-02;6.541831e-03;9.564965e-03
2.335288e-01;3.230807e-01;2.187850e-01;3.205027e-02;1.245245e-02;1.201993e-02;1.825074e-02;1.035486e-02;7.573672e-02;4.031977e-02;1.135754e-02;1.206318e-02
3.053632e-01;2.605785e-01;1.843511e-01;1.761069e-02;2.066170e-02;1.035830e-02;2.568707e-02;2.433624e-02;5.545425e-02;5.116507e-02;2.355255e-02;2.088133e-02
3.227296e-01;2.053831e-01;1.547816e-01;1.823955e-02;3.077463e-02;1.792708e-02;3.257239e-02;3.480437e-02;5.094423e-02;5.438753e-02;3.316635e-02;4.428955e-02
2.816052e-01;1.532615e-01;1.116845e-01;2.965525e-02;4.254046e-02;3.637863e-02;4.971648e-02;3.573218e-02;6.141162e-02;7.078280e-02;5.839975e-02;6.883160e-02
2.359648e-01;7.777660e-02;9.245053e-02;3.809209e-02;5.049226e-02;6.079898e-02;5.060136e-02;2.769728e-02;6.056178e-02;9.175126e-02;1.432957e-01;7.051738e-02
2.227687e-01;1.062124e-01;1.193850e-01;4.725058e-02;3.243896e-02;4.758472e-02;4.421848e-02;3.207069e-02;5.358509e-02;5.406732e-02;1.184026e-01;1.220154e-01
3.129065e-01;1.445400e-01;1.225350e-01;3.511555e-02;3.426203e-02;2.905538e-02;3.242263e-02;4.352717e-02;4.033505e-02;3.360126e-02;6.876569e-02;1.029337e-01
3.534208e-01;1.982255e-01;1.328155e-01;1.707233e-02;3.154592e-02;1.468139e-02;2.150459e-02;5.318216e-02;3.153472e-02;1.721496e-02;7.409202e-02;5.471005e-02
3.473682e-01;2.392501e-01;1.192734e-01;1.020066e-02;2.660797e-02;7.045368e-03;1.280654e-02;6.360012e-02;3.487427e-02;9.106286e-03;1.053638e-01;2.450334e-02
3.531178e-01;1.993099e-01;6.754825e-02;1.300061e-02;3.185400e-02;5.923956e-03;2.910407e-02;8.387335e-02;3.349219e-02;2.757419e-02;1.113795e-01;4.382223e-02
2.787856e-01;1.457665e-01;6.907089e-02;3.099681e-02;3.517158e-02;1.052390e-02;7.322218e-02;7.722341e-02;2.718046e-02;9.125473e-02;9.388103e-02;6.692297e-02
1.812691e-01;1.110598e-01;8.610334e-02;4.647924e-02;2.907927e-02;1.490227e-02;1.083095e-01;6.905959e-02;2.133018e-02;1.900103e-01;5.368035e-02;8.871708e-02
3.217418e-01;6.849756e-02;7.312048e-02;2.604181e-02;2.552132e-02;1.663149e-02;7.464526e-02;9.213383e-02;1.269710e-02;1.697972e-01;2.539239e-02;9.377982e-02
4.167047e-01;5.727886e-02;7.713439e-02;1.469302e-02;3.667586e-02;1.316875e-02;3.051560e-02;1.207992e-01;1.032169e-02;9.665780e-02;5.472510e-02;7.132509e-02
4.631785e-01;7.637465e-02;6.948909e-02;9.828558e-03;3.133703e-02;8.610011e-03;2.497792e-02;1.307496e-01;9.885142e-03;3.969830e-02;7.341503e-02;6.245620e-02
5.119477e-01;6.685792e-02;6.029299e-02;9.920238e-03;3.170332e-02;4.890387e-03;2.363943e-02;1.342317e-01;9.294312e-03;1.696006e-02;5.017164e-02;8.009030e-02
5.378757e-01;5.656908e-02;4.756503e-02;1.115444e-02;2.879024e-02;4.602886e-03;2.429770e-02;1.250192e-01;1.214380e-02;1.913699e-02;3.420229e-02;9.864277e-02
4.657985e-01;8.834052e-02;7.629944e-02;9.637889e-03;2.587969e-02;6.172629e-03;2.583834e-02;9.964378e-02;1.406642e-02;2.981657e-02;5.744876e-02;1.010574e-01
2.974972e-01;1.195275e-01;1.089882e-01;1.605755e-02;2.014735e-02;1.693533e-02;3.879173e-02;8.607167e-02;2.492725e-02;6.967218e-02;7.844695e-02;1.229371e-01
2.440639e-01;1.030545e-01;7.328887e-02;1.737408e-02;1.596029e-02;3.039475e-02;5.644356e-02;6.805322e-02;3.623762e-02;8.895773e-02;1.566264e-01;1.095451e-01
3.508056e-01;8.829586e-02;4.586648e-02;9.753678e-03;2.449488e-02;2.935298e-02;2.251771e-02;7.216627e-02;3.743146e-02;9.209526e-02;1.483569e-01;7.886285e-02
3.189499e-01;1.253406e-01;3.404999e-02;2.108066e-02;3.157398e-02;2.344824e-02;3.634647e-02;5.763686e-02;3.475447e-02;1.169972e-01;1.063729e-01;9.344870e-02
2.307995e-01;1.226325e-01;8.420397e-02;3.351469e-02;4.177196e-02;2.826294e-02;3.090487e-02;7.509356e-02;3.872047e-02;1.347590e-01;1.071367e-01;7.219987e-02
1.940388e-01;1.053457e-01;1.395980e-01;2.405803e-02;4.868598e-02;4.061074e-02;3.846272e-02;7.844736e-02;6.590965e-02;1.018573e-01;1.172712e-01;4.571446e-02
2.127712e-01;7.646689e-02;1.630003e-01;5.009179e-02;4.344903e-02;2.816031e-02;6.490479e-02;4.201695e-02;6.520171e-02;7.401511e-02;1.082081e-01;7.171389e-02
2.741136e-01;8.638971e-02;1.385216e-01;6.286548e-02;2.389161e-02;2.643658e-02;8.145411e-02;3.955217e-02;4.345098e-02;5.845790e-02;6.437477e-02;1.004916e-01
3.954082e-01;9.293712e-02;1.117727e-01;4.205035e-02;7.324603e-03;2.713185e-02;5.890448e-02;4.660800e-02;5.832839e-02;3.900206e-02;2.829923e-02;9.223298e-02
4.797576e-01;9.025212e-02;9.571017e-02;2.292832e-02;5.751055e-03;3.155820e-02;3.671059e-02;4.426665e-02;7.519162e-02;2.784339e-02;1.140674e-02;7.862356e-02
4.843037e-01;8.578524e-02;5.706974e-02;4.807945e-02;6.106376e-03;3.826978e-02;4.493533e-02;2.641202e-02;6.481341e-02;3.913561e-02;1.096762e-02;9.412166e-02
4.452947e-01;1.100626e-01;2.739971e-02;8.823235e-02;5.558598e-03;2.878067e-02;6.825485e-02;7.617957e-03;3.763761e-02;4.558530e-02;8.837201e-03;1.267385e-01
3.524494e-01;1.562565e-01;1.748203e-02;1.147136e-01;5.648169e-03;1.560842e-02;9.629206e-02;2.214591e-02;1.628377e-02;3.149578e-02;1.057302e-02;1.610513e-01
2.072585e-01;1.961329e-01;3.327499e-02;1.262054e-01;6.240180e-03;1.060268e-02;1.343311e-01;3.513381e-02;6.699382e-03;2.443954e-02;1.464917e-02;2.050323e-01
1.823579e-01;1.819092e-01;1.785283e-02;9.938028e-02;4.548824e-03;1.316060e-02;1.506308e-01;4.240397e-02;5.328141e-03;4.679936e-02;1.901371e-02;2.366143e-01
3.377639e-01;9.101839e-02;2.074837e-02;5.138367e-02;6.375563e-03;2.204207e-02;1.166160e-01;3.975772e-02;1.158564e-02;6.580273e-02;1.973805e-02;2.171679e-01
3.980213e-01;6.607032e-02;3.402735e-02;3.450047e-02;8.396944e-03;4.080371e-02;8.157297e-02;5.752685e-02;2.428599e-02;6.662402e-02;1.583196e-02;1.723382e-01
3.960100e-01;5.891708e-02;6.027548e-02;3.057897e-02;8.061359e-03;6.660724e-02;7.087903e-02;8.315572e-02;2.978008e-02;5.560425e-02;1.163531e-02;1.284955e-01
3.892945e-01;3.182336e-02;6.282920e-02;3.290493e-02;1.525234e-02;8.550715e-02;6.454647e-02;9.831685e-02;2.916384e-02;4.683407e-02;2.023489e-02;1.232924e-01
3.226599e-01;7.004190e-02;9.681748e-02;3.588554e-02;2.177799e-02;9.491798e-02;4.094855e-02;8.142253e-02;3.550531e-02;4.803227e-02;3.860300e-02;1.133875e-01
1.769191e-01;1.216125e-01;1.056312e-01;4.308202e-02;4.026426e-02;9.965256e-02;6.268530e-02;6.808089e-02;5.616939e-02;5.109011e-02;7.430501e-02;1.005077e-01
1.709275e-01;1.250409e-01;4.903381e-02;4.571903e-02;4.622542e-02;7.828467e-02;9.717697e-02;8.766825e-02;7.758678e-02;3.963578e-02;8.100352e-02;1.016973e-01
3.207226e-01;8.046280e-02;4.975640e-02;3.427166e-02;3.910540e-02;5.318123e-02;6.383690e-02;7.295063e-02;5.792207e-02;3.786080e-02;6.691410e-02;1.230154e-01
3.918529e-01;1.026072e-01;6.613377e-02;2.909739e-02;2.285270e-02;3.869377e-02;4.213964e-02;3.729937e-02;2.851334e-02;3.982516e-02;6.401796e-02;1.369668e-01
1.845761e-01;1.184787e-01;1.218160e-01;7.081234e-02;6.463475e-02;4.979479e-02;8.450192e-02;5.591929e-02;5.655839e-02;5.516379e-02;4.413582e-02;9.360804e-02
1.204053e-01;1.236783e-01;1.473954e-01;9.003021e-02;7.598913e-02;6.272870e-02;8.753234e-02;5.756768e-02;5.504769e-02;5.310223e-02;4.333836e-02;8.318461e-02
1.289235e-01;1.307329e-01;1.599233e-01;9.061537e-02;6.926180e-02;6.794271e-02;8.473228e-02;4.419358e-02;4.184671e-02;4.761222e-02;4.723443e-02;8.698127e-02
1.348282e-01;1.235327e-01;1.351511e-01;4.815689e-02;3.914679e-02;5.617099e-02;9.506844e-02;4.176179e-02;3.966096e-02;9.451578e-02;8.522488e-02;1.067814e-01
1.501819e-01;7.317004e-02;9.331825e-02;7.125600e-02;2.329449e-02;3.184544e-02;1.520072e-01;6.333218e-02;3.825030e-02;1.143584e-01;7.961908e-02;1.093667e-01
1.468308e-01;5.630890e-02;5.094294e-02;9.697632e-02;1.878707e-02;2.027795e-02;2.369169e-01;5.308488e-02;4.003285e-02;8.314975e-02;5.691986e-02;1.397717e-01
1.153818e-01;3.467916e-02;1.497439e-02;9.765118e-02;2.156905e-02;4.044878e-02;3.477987e-01;4.470155e-02;2.549670e-02;4.316717e-02;5.405949e-02;1.600720e-01
6.871149e-02;2.491707e-02;2.765913e-02;6.341677e-02;4.134908e-02;8.955017e-02;3.855637e-01;3.431161e-02;3.479136e-02;2.356043e-02;7.035338e-02;1.358158e-01
3.408545e-02;1.506266e-02;5.677447e-02;2.664698e-02;5.181618e-02;1.373000e-01;3.429975e-01;3.957969e-02;7.954771e-02;2.266593e-02;9.848721e-02;9.503624e-02
2.063741e-02;8.273487e-03;8.176495e-02;1.453116e-02;4.671115e-02;1.616446e-01;2.849951e-01;3.506839e-02;1.301989e-01;1.910331e-02;1.210886e-01;7.598296e-02
1.481412e-02;6.266204e-03;1.021872e-01;1.237880e-02;4.034272e-02;1.808172e-01;2.235211e-01;1.489217e-02;1.725394e-01;1.910158e-02;1.425209e-01;7.061870e-02
2.099551e-02;7.287160e-03;1.247076e-01;7.615502e-03;4.366945e-02;1.781906e-01;1.611224e-01;2.284411e-02;1.820584e-01;2.539729e-02;1.656111e-01;6.050090e-02
3.201702e-02;7.220981e-03;1.481837e-01;1.320105e-02;4.592918e-02;1.686677e-01;1.163322e-01;2.485883e-02;1.576848e-01;4.488708e-02;1.935037e-01;4.751380e-02
4.509277e-02;1.126985e-02;1.602692e-01;2.148879e-02;4.248968e-02;1.256998e-01;1.270611e-01;4.356125e-02;1.167489e-01;7.104195e-02;1.920877e-01;4.318904e-02
3.288413e-02;2.151805e-02;1.417454e-01;2.841301e-02;4.551562e-02;1.134364e-01;1.795565e-01;7.699353e-02;1.010833e-01;5.709463e-02;1.569646e-01;4.479477e-02
5.621696e-02;2.151012e-02;1.252839e-01;2.329827e-02;4.524201e-02;8.567992e-02;2.388869e-01;6.561558e-02;8.615068e-02;3.909486e-02;1.481817e-01;6.483909e-02
5.424123e-02;1.052028e-02;1.216740e-01;2.128262e-02;3.959822e-02;9.742572e-02;2.407470e-01;3.613803e-02;4.045217e-02;4.166411e-02;1.915719e-01;1.046847e-01
4.662378e-02;1.156366e-02;1.037562e-01;1.164093e-02;2.711035e-02;1.561567e-01;1.895218e-01;2.982639e-02;7.286609e-02;2.194917e-02;2.142043e-01;1.147806e-01
3.458273e-02;1.280488e-02;9.370229e-02;1.431819e-02;1.724088e-02;1.489854e-01;1.643961e-01;2.644494e-02;7.529044e-02;4.539730e-02;2.284367e-01;1.384001e-01
5.544981e-02;3.247996e-02;5.759736e-02;3.131328e-02;2.681295e-02;1.010375e-01;1.479972e-01;6.147224e-02;1.081965e-01;7.348581e-02;1.704791e-01;1.336783e-01
6.938285e-02;7.916182e-02;3.739250e-02;4.361578e-02;4.368948e-02;6.278305e-02;1.697030e-01;9.576508e-02;1.572968e-01;9.066492e-02;9.402486e-02;5.651992e-02
6.584941e-02;1.001416e-01;6.608088e-02;4.682099e-02;4.878680e-02;4.998489e-02;1.590762e-01;7.468896e-02;1.611246e-01;9.415948e-02;8.340365e-02;4.988260e-02
7.335094e-02;1.207778e-01;7.048064e-02;4.005047e-02;4.775267e-02;5.260771e-02;1.081077e-01;6.865467e-02;1.386689e-01;1.145888e-01;9.861596e-02;6.634369e-02
1.482539e-01;1.753726e-01;9.903238e-02;2.316783e-02;3.612871e-02;4.376592e-02;4.737616e-02;5.648856e-02;9.754295e-02;1.044710e-01;1.021525e-01;6.624743e-02
3.152864e-01;2.007734e-01;1.150747e-01;1.457330e-02;3.249858e-02;1.529762e-02;5.645606e-02;4.969892e-02;4.368229e-02;4.793461e-02;5.526531e-02;5.345882e-02
4.968949e-01;1.998649e-01;5.509743e-02;5.568491e-03;4.795953e-02;8.182062e-03;2.942514e-02;6.542888e-02;1.540978e-02;1.424758e-02;2.002331e-02;4.189793e-02
5.515464e-01;1.667808e-01;3.821767e-02;5.599682e-03;7.671669e-02;2.016892e-02;9.023222e-03;6.569068e-02;5.800741e-03;4.257553e-03;9.280034e-03;4.691762e-02
5.181884e-01;1.141832e-01;1.847683e-02;9.221858e-03;9.114022e-02;5.440206e-02;3.024780e-02;7.078740e-02;1.130858e-02;1.133522e-02;7.721853e-03;6.298661e-02
4.604516e-01;7.039554e-02;7.481712e-03;1.752705e-02;5.974533e-02;6.953837e-02;4.481843e-02;1.163048e-01;2.535348e-02;2.203840e-02;1.027774e-02;9.606753e-02
4.150781e-01;3.951449e-02;1.683247e-02;2.400785e-02;1.990911e-02;5.968838e-02;5.241883e-02;1.388213e-01;4.166694e-02;3.290649e-02;2.624507e-02;1.329109e-01
4.194737e-01;1.120080e-02;4.159594e-02;2.607198e-02;2.146323e-02;4.630429e-02;4.079690e-02;9.219681e-02;3.995263e-02;5.243565e-02;5.402488e-02;1.544832e-01
4.167387e-01;6.428531e-02;9.325355e-02;2.265229e-02;2.148808e-02;2.490881e-02;2.037710e-02;6.678160e-02;3.920449e-02;4.679881e-02;5.302437e-02;1.304868e-01
3.500031e-01;1.038158e-01;1.132373e-01;2.592064e-02;2.354163e-02;1.922452e-02;3.209748e-02;5.529462e-02;5.194516e-02;4.291318e-02;6.266135e-02;1.193452e-01
2.265770e-01;1.088507e-01;9.680253e-02;3.843815e-02;1.986226e-02;2.178151e-02;4.630007e-02;4.871196e-02;6.287690e-02;5.899640e-02;9.446654e-02;1.763361e-01
2.603550e-01;6.227600e-02;4.958802e-02;2.835335e-02;3.191975e-02;3.410244e-02;4.307389e-02;6.067728e-02;4.793327e-02;8.198714e-02;1.297806e-01;1.699532e-01
3.263994e-01;4.533720e-02;5.002826e-02;1.343622e-02;3.656059e-02;3.818500e-02;2.147058e-02;5.797929e-02;3.366523e-02;1.063953e-01;1.267759e-01;1.437669e-01
2.954392e-01;1.047969e-01;8.118402e-02;1.934658e-02;3.662679e-02;3.147320e-02;3.058610e-02;5.006491e-02;3.911930e-02;9.910754e-02;8.516243e-02;1.270930e-01
1.852746e-01;8.697049e-02;1.117183e-01;3.213846e-02;3.146675e-02;2.496237e-02;5.055031e-02;8.218417e-02;4.688489e-02;7.673439e-02;7.553566e-02;1.955796e-01
2.175736e-01;6.577168e-02;1.148527e-01;3.687874e-02;2.594799e-02;1.817981e-02;6.880510e-02;8.376464e-02;3.950428e-02;5.756401e-02;7.058320e-02;2.005742e-01
2.951831e-01;9.890566e-02;1.497897e-01;2.657926e-02;2.884849e-02;1.366503e-02;5.036441e-02;7.054430e-02;4.066994e-02;4.702296e-02;5.736454e-02;1.210626e-01
3.308828e-01;1.440617e-01;1.750607e-01;1.852146e-02;2.842092e-02;1.360874e-02;3.636051e-02;5.850295e-02;4.371816e-02;3.742441e-02;4.985695e-02;6.358062e-02
2.838283e-01;1.681456e-01;1.800703e-01;1.751294e-02;3.362402e-02;2.531687e-02;3.252441e-02;4.162870e-02;5.689714e-02;5.018001e-02;5.531640e-02;5.495522e-02
1.811903e-01;1.657899e-01;1.530652e-01;3.592477e-02;5.341760e-02;4.707015e-02;4.303741e-02;4.965126e-02;7.339452e-02;6.057826e-02;6.258723e-02;7.429335e-02
3.205872e-01;4.654444e-02;1.229242e-01;5.318263e-02;4.429061e-02;3.032925e-02;6.091464e-02;5.576583e-02;4.860817e-02;5.319124e-02;6.566326e-02;9.799854e-02
2.312662e-01;7.611650e-02;8.257117e-02;4.658369e-02;5.243167e-02;3.007383e-02;6.721975e-02;3.010454e-02;8.540573e-02;7.511616e-02;8.965630e-02;1.334545e-01
1.466832e-01;6.240394e-02;7.874445e-02;5.682812e-02;5.060262e-02;3.458799e-02;8.232929e-02;4.681746e-02;1.193115e-01;8.955298e-02;9.514976e-02;1.369887e-01
1.379371e-01;8.019099e-02;6.079362e-02;7.132736e-02;5.299872e-02;3.609589e-02;8.167072e-02;5.077597e-02;1.281496e-01;9.307919e-02;7.076050e-02;1.362203e-01
8.109102e-02;1.302357e-01;9.731749e-02;8.042100e-02;6.848426e-02;4.099026e-02;8.407877e-02;4.930555e-02;1.183064e-01;8.583483e-02;4.472893e-02;1.192058e-01
1.892603e-01;1.258601e-01;1.826198e-01;4.248655e-02;4.878543e-02;3.101360e-02;1.041295e-01;6.020012e-02;5.162664e-02;4.668016e-02;6.746200e-02;4.987587e-02
2.933845e-01;1.014900e-01;1.333227e-01;3.047687e-02;2.902174e-02;3.075383e-02;1.192088e-01;7.514358e-02;1.636194e-02;3.018743e-02;5.293169e-02;8.771700e-02
3.170103e-01;7.457404e-02;5.150099e-02;3.983819e-02;1.661985e-02;3.206733e-02;1.723722e-01;8.207242e-02;1.583739e-02;1.884256e-02;4.005623e-02;1.392085e-01
2.212678e-01;3.380569e-02;3.996563e-02;6.922151e-02;7.642899e-03;3.613327e-02;2.446458e-01;7.378264e-02;2.267829e-02;2.782735e-02;5.272465e-02;1.703045e-01
1.212180e-01;2.465208e-02;4.926736e-02;6.563865e-02;1.487832e-02;6.399928e-02;2.611256e-01;6.358115e-02;2.196002e-02;3.806646e-02;1.071717e-01;1.684414e-01
9.026845e-02;2.685661e-02;5.915248e-02;2.357331e-02;2.212818e-02;1.187952e-01;2.182495e-01;4.909293e-02;3.027982e-02;5.831060e-02;1.883082e-01;1.149848e-01
8.772473e-02;2.708622e-02;7.043221e-02;1.817472e-02;1.807625e-02;1.491268e-01;1.678353e-01;4.140785e-02;3.431036e-02;7.694423e-02;2.531399e-01;5.574137e-02
8.367096e-02;3.385935e-02;6.989794e-02;1.455319e-02;3.039422e-02;1.245492e-01;1.126042e-01;3.039620e-02;4.209942e-02;1.207945e-01;2.598875e-01;7.729330e-02
7.007129e-02;4.840383e-02;4.271907e-02;2.920211e-02;6.412848e-02;6.494696e-02;1.037671e-01;2.407745e-02;4.606966e-02;1.896549e-01;2.284900e-01;8.846919e-02
4.814943e-02;5.895219e-02;4.305781e-02;6.646003e-02;8.354277e-02;5.095660e-02;9.419964e-02;3.646187e-02;7.924230e-02;2.234704e-01;1.360703e-01;7.943675e-02
6.830759e-02;8.387202e-02;7.951491e-02;6.876010e-02;6.655326e-02;6.277142e-02;7.303285e-02;6.356040e-02;7.287815e-02;2.052422e-01;9.364544e-02;6.186157e-02
7.579071e-02;1.005244e-01;1.125544e-01;4.399251e-02;6.755287e-02;6.982120e-02;5.218261e-02;5.404439e-02;4.044861e-02;1.779786e-01;1.554426e-01;4.966703e-02
5.581785e-02;8.364851e-02;1.674600e-01;2.796921e-02;5.789473e-02;9.659345e-02;4.183162e-02;3.809893e-02;3.536222e-02;1.402999e-01;2.115229e-01;4.350067e-02
5.774955e-02;4.009718e-02;2.117703e-01;3.100250e-02;4.373103e-02;1.263778e-01;2.713837e-02;1.958898e-02;4.245537e-02;1.037965e-01;2.444197e-01;5.187266e-02
5.548165e-02;1.373793e-02;2.114146e-01;1.401987e-02;2.502186e-02;1.426086e-01;3.207600e-02;1.307593e-02;6.083387e-02;9.055240e-02;2.768548e-01;6.432252e-02
4.062818e-02;1.960436e-02;1.547388e-01;1.155741e-02;3.512628e-02;1.416648e-01;3.937436e-02;4.288251e-02;5.654762e-02;1.237835e-01;2.705919e-01;6.350037e-02
5.055754e-02;4.819466e-02;1.131591e-01;2.249322e-02;7.013922e-02;9.163552e-02;8.979609e-02;8.333159e-02;3.792965e-02;1.435449e-01;1.907930e-01;5.842552e-02
6.941777e-02;6.449250e-02;9.347639e-02;4.086042e-02;8.345760e-02;5.022366e-02;1.229328e-01;8.021883e-02;7.319041e-02;1.486330e-01;1.092221e-01;6.387450e-02
8.237954e-02;4.900492e-02;1.051288e-01;5.012733e-02;8.623331e-02;2.646682e-02;1.174266e-01;6.068604e-02;1.158158e-01;1.442849e-01;8.237432e-02;8.007151e-02
6.913628e-02;3.840708e-02;1.362711e-01;4.412011e-02;7.673305e-02;3.841360e-02;9.066480e-02;8.976931e-02;1.264926e-01;9.638779e-02;9.702881e-02;9.657544e-02
6.135235e-02;5.521465e-02;1.491047e-01;3.820392e-02;5.883162e-02;6.370569e-02;6.754517e-02;1.124272e-01;9.093378e-02;1.038231e-01;1.030026e-01;9.585522e-02
4.647489e-02;3.609304e-02;9.396798e-02;3.229589e-02;6.267340e-02;6.145943e-02;7.283404e-02;1.066111e-01;8.129987e-02;1.609055e-01;1.037247e-01;1.416602e-01
3.341862e-02;4.422512e-02;8.011923e-02;8.675931e-02;6.859771e-02;4.914577e-02;8.858134e-02;7.161278e-02;8.625090e-02;1.680043e-01;9.000789e-02;1.332770e-01
7.492286e-02;2.532714e-02;6.369126e-02;1.436173e-01;8.582503e-02;7.728490e-02;9.013280e-02;6.274279e-02;7.963901e-02;1.082511e-01;8.744311e-02;1.011227e-01
8.149364e-02;3.710623e-02;6.524649e-02;1.286154e-01;9.775423e-02;1.005791e-01;6.877896e-02;5.542378e-02;7.650902e-02;6.763308e-02;1.057928e-01;1.150673e-01
1.304528e-01;7.137938e-02;4.758182e-02;6.778447e-02;9.164914e-02;8.075542e-02;6.760495e-02;5.416386e-02;7.095505e-02;7.233980e-02;9.569158e-02;1.496418e-01
1.182350e-01;1.186676e-01;6.523780e-02;3.707227e-02;7.327961e-02;4.397385e-02;8.412260e-02;5.679012e-02;5.702941e-02;7.011990e-02;1.206664e-01;1.548055e-01
9.388592e-02;1.408451e-01;8.115683e-02;3.898821e-02;9.933807e-02;1.687320e-02;1.044696e-01;6.745381e-02;7.497667e-02;4.565576e-02;1.030777e-01;1.332791e-01
1.261492e-01;1.092730e-01;1.203673e-01;6.337875e-02;7.430804e-02;2.210875e-02;1.058042e-01;5.511189e-02;7.716455e-02;4.983985e-02;7.339361e-02;1.231009e-01
2.226314e-01;8.131597e-02;1.826636e-01;5.986701e-02;4.705150e-02;3.030288e-02;8.366593e-02;4.645893e-02;5.031331e-02;4.807679e-02;3.784759e-02;1.098051e-01
1.929837e-01;1.036078e-01;2.731709e-01;7.211395e-02;4.149545e-02;2.884685e-02;7.806773e-02;3.208664e-02;5.446273e-02;4.071217e-02;2.445854e-02;5.799352e-02
1.335038e-01;1.458499e-01;3.157567e-01;6.556402e-02;3.811925e-02;4.230326e-02;8.257881e-02;2.537929e-02;4.978586e-02;3.884677e-02;2.553064e-02;3.678171e-02
1.329845e-01;2.093061e-01;3.196613e-01;4.273733e-02;2.324068e-02;4.078569e-02;5.169147e-02;1.618629e-02;8.130975e-02;2.743545e-02;1.830214e-02;3.635922e-02
1.252820e-01;2.981774e-01;2.873222e-01;4.278619e-02;9.734201e-03;3.263875e-02;2.076147e-02;9.904855e-03;1.242870e-01;1.344569e-02;1.058337e-02;2.507678e-02
1.005798e-01;3.466982e-01;2.823475e-01;5.727661e-02;7.121426e-03;2.910744e-02;9.111239e-03;8.641884e-03;1.281513e-01;8.031489e-03;5.222188e-03;1.771084e-02
9.140523e-02;3.435495e-01;2.956453e-01;5.120199e-02;5.046196e-03;3.156374e-02;1.211080e-02;8.668234e-03;1.246572e-01;1.173677e-02;5.855418e-03;1.855964e-02
9.019531e-02;3.329120e-01;3.159677e-01;4.042066e-02;8.682479e-03;2.917790e-02;1.016118e-02;1.475768e-02;1.187328e-01;1.185871e-02;3.645610e-03;2.348787e-02
7.638496e-02;3.168419e-01;3.693113e-01;3.209697e-02;7.267754e-03;2.045656e-02;9.268415e-03;3.672130e-02;8.753816e-02;1.551358e-02;2.563245e-03;2.603590e-02
6.337590e-02;2.608939e-01;4.459863e-01;2.337422e-02;1.612893e-02;1.455385e-02;9.274705e-03;6.735669e-02;5.104280e-02;1.948240e-02;3.842666e-03;2.468759e-02
5.828914e-02;1.715447e-01;4.998137e-01;2.948779e-02;2.715171e-02;1.943767e-02;1.471517e-02;7.237460e-02;3.845659e-02;4.411035e-02;5.150686e-03;1.946787e-02
3.258829e-02;8.894806e-02;5.214159e-01;2.941279e-02;7.239485e-02;1.627021e-02;4.246502e-02;4.416611e-02;3.735850e-02;9.662502e-02;8.574769e-03;9.780514e-03
2.629336e-02;5.063555e-02;5.120518e-01;4.495147e-02;1.059426e-01;1.016344e-02;6.469645e-02;1.219979e-02;2.986069e-02;1.282411e-01;9.632844e-03;5.330912e-03
3.399381e-02;5.237822e-02;5.231650e-01;4.724550e-02;1.000559e-01;1.109912e-02;6.739917e-02;6.312428e-03;2.043428e-02;1.264132e-01;7.901641e-03;3.601736e-03
2.879449e-02;6.211429e-02;5.329354e-01;4.272458e-02;8.972944e-02;1.609046e-02;5.354144e-02;9.409347e-03;2.544905e-02;1.251786e-01;7.339335e-03;6.693592e-03
2.609359e-02;7.814036e-02;5.326969e-01;4.602550e-02;5.584349e-02;2.421016e-02;4.523657e-02;1.851366e-02;5.148919e-02;9.635059e-02;1.283047e-02;1.256954e-02
4.580127e-02;7.731412e-02;4.963984e-01;4.898492e-02;6.233687e-02;4.205306e-02;4.260631e-02;3.597954e-02;6.239279e-02;5.220242e-02;1.687049e-02;1.705988e-02
5.364095e-02;9.223975e-02;3.893543e-01;8.717132e-02;4.664064e-02;4.382109e-02;5.430527e-02;5.850342e-02;6.279918e-02;6.619193e-02;2.738057e-02;1.795152e-02
5.610893e-02;9.721997e-02;2.640796e-01;8.142345e-02;6.149728e-02;6.603337e-02;6.980830e-02;6.626377e-02;1.013138e-01;8.813129e-02;2.644721e-02;2.167304e-02
4.937904e-02;8.921111e-02;2.203396e-01;5.489947e-02;1.294194e-01;1.026184e-01;5.100779e-02;6.920892e-02;7.920763e-02;8.864589e-02;3.052886e-02;3.553387e-02
4.334243e-02;8.051066e-02;2.271012e-01;8.089997e-02;1.416714e-01;8.893846e-02;6.950074e-02;6.489613e-02;3.917557e-02;9.845645e-02;2.575596e-02;3.975099e-02
