6.765861e-02;1.301029e-01;8.179285e-02;4.138891e-02;4.777258e-02;1.936323e-01;8.249477e-02;1.937648e-01;8.646305e-02;2.811336e-02;2.282534e-02;2.399052e-02
7.403804e-02;1.640499e-01;1.211944e-01;3.481988e-02;3.799933e-02;1.555406e-01;1.044980e-01;1.648057e-01;5.799586e-02;2.230013e-02;1.101684e-02;5.174123e-02
5.226064e-02;1.523678e-01;1.174617e-01;4.683617e-02;2.110057e-02;7.080412e-02;1.331663e-01;1.493534e-01;8.117024e-02;3.081703e-02;2.289920e-02;1.217629e-01
4.651338e-02;5.967602e-02;8.962157e-02;4.616710e-02;2.390649e-02;9.104786e-02;1.333926e-01;1.454981e-01;1.292559e-01;4.282663e-02;3.650206e-02;1.555923e-01
5.047791e-02;7.142859e-02;8.045767e-02;4.290127e-02;4.228482e-02;1.881904e-01;9.641312e-02;4.935595e-02;1.371681e-01;4.653513e-02;6.776386e-02;1.270232e-01
4.641192e-02;5.903211e-02;6.328298e-02;4.386763e-02;3.620331e-02;2.419767e-01;2.928578e-02;1.062257e-01;1.619587e-01;4.713365e-02;8.982313e-02;7.479835e-02
4.707393e-02;6.135912e-02;7.521180e-02;2.333905e-02;2.502848e-02;2.525480e-01;6.263375e-02;1.312555e-01;1.466542e-01;3.956501e-02;9.756195e-02;3.776926e-02
4.155538e-02;5.085687e-02;7.215242e-02;1.420570e-02;4.799252e-02;2.420068e-01;6.901944e-02;1.383407e-01;1.537379e-01;5.422413e-02;7.681147e-02;3.909666e-02
3.413201e-02;6.699981e-02;8.661980e-02;1.355305e-02;6.702957e-02;1.728656e-01;2.042885e-02;1.688114e-01;2.160965e-01;7.051972e-02;4.490887e-02;3.803487e-02
3.067346e-02;6.783179e-02;5.387765e-02;2.430823e-02;7.637919e-02;1.246006e-01;2.994269e-02;1.679738e-01;2.651351e-01;8.365256e-02;3.744258e-02;3.818222e-02
5.069703e-02;7.071257e-02;6.583026e-02;3.789124e-02;6.653161e-02;6.175040e-02;2.928323e-02;1.684857e-01;2.989207e-01;7.733274e-02;3.734122e-02;3.522327e-02
6.201531e-02;6.915896e-02;6.651986e-02;4.348025e-02;3.550664e-02;6.177147e-02;2.574979e-02;1.882131e-01;2.694437e-01;5.735029e-02;6.247254e-02;5.831813e-02
8.741862e-02;1.205388e-01;9.220385e-02;5.097358e-02;4.308071e-02;8.080565e-02;5.035182e-02;1.044343e-01;1.497840e-01;4.847347e-02;9.115942e-02;8.077575e-02
9.318752e-02;1.372319e-01;1.081363e-01;4.468915e-02;5.298526e-02;1.010226e-01;5.664399e-02;1.190626e-01;1.050446e-01;3.457830e-02;7.831974e-02;6.909791e-02
7.860012e-02;1.388276e-01;1.079490e-01;2.830433e-02;5.312285e-02;1.747456e-01;3.434294e-02;1.358278e-01;1.062135e-01;2.987006e-02;5.872553e-02;5.347054e-02
6.167297e-02;9.568850e-02;9.505972e-02;3.130652e-02;4.550172e-02;1.799640e-01;1.419989e-01;1.059772e-01;1.071877e-01;3.258499e-02;5.083837e-02;5.221941e-02
4.152641e-02;6.472981e-02;6.047535e-02;4.607243e-02;2.971276e-02;9.225141e-02;2.829807e-01;1.529040e-01;8.274856e-02;3.013419e-02;3.184245e-02;8.462199e-02
2.946921e-02;6.404503e-02;3.527137e-02;6.256194e-02;2.234750e-02;2.553372e-02;3.537561e-01;1.928139e-01;4.402281e-02;2.559858e-02;1.527191e-02;1.293080e-01
2.289588e-02;7.868571e-02;3.571324e-02;6.371491e-02;1.783683e-02;2.039263e-02;3.519600e-01;1.554654e-01;3.357435e-02;2.202998e-02;1.093154e-02;1.867995e-01
2.791078e-02;7.161181e-02;4.531514e-02;6.434127e-02;2.799405e-02;5.202608e-02;2.949846e-01;1.079704e-01;3.465180e-02;1.724084e-02;2.559677e-02;2.303564e-01
3.891058e-02;5.177464e-02;5.132600e-02;7.742117e-02;4.051063e-02;8.093247e-02;2.420859e-01;7.256635e-02;4.243892e-02;2.180921e-02;4.176798e-02;2.384562e-01
3.462761e-02;4.695692e-02;4.014958e-02;1.206602e-01;3.047081e-02;7.043518e-02;2.519679e-01;4.543846e-02;3.811504e-02;2.369169e-02;4.425586e-02;2.532308e-01
4.056187e-02;5.006649e-02;4.830243e-02;1.488230e-01;2.324421e-02;5.604362e-02;2.656790e-01;4.662697e-02;4.012602e-02;1.603892e-02;3.120777e-02;2.332797e-01
3.972721e-02;6.595502e-02;3.542826e-02;1.657356e-01;2.920862e-02;6.092215e-02;2.490328e-01;4.584158e-02;3.790955e-02;1.904745e-02;3.409075e-02;2.171010e-01
3.343920e-02;9.634323e-02;3.331732e-02;1.755546e-01;2.690375e-02;5.388916e-02;2.302784e-01;3.292495e-02;2.391051e-02;3.629784e-02;3.599240e-02;2.211485e-01
3.408033e-02;9.374291e-02;1.722196e-02;2.005602e-01;2.512993e-02;3.748645e-02;2.223289e-01;3.169045e-02;3.100251e-02;5.081365e-02;1.237269e-02;2.435700e-01
3.386826e-02;7.739313e-02;1.723393e-02;1.939842e-01;1.816874e-02;4.649047e-02;2.193130e-01;2.854482e-02;3.454905e-02;6.384509e-02;2.206666e-02;2.445427e-01
4.336698e-02;7.627004e-02;3.435830e-02;1.415979e-01;2.120886e-02;3.748690e-02;2.357640e-01;6.073356e-02;3.941701e-02;7.566056e-02;2.113384e-02;2.130020e-01
3.753701e-02;7.825592e-02;5.921237e-02;7.660155e-02;3.257373e-02;9.046235e-02;2.317793e-01;8.406005e-02;4.458861e-02;6.102015e-02;3.008492e-02;1.738241e-01
3.349788e-02;6.212326e-02;5.819682e-02;4.407846e-02;3.773930e-02;1.292943e-01;2.447843e-01;1.040979e-01;7.206521e-02;4.337348e-02;3.928727e-02;1.314617e-01
2.298410e-02;5.587377e-02;6.607348e-02;1.244927e-01;3.103191e-02;9.020445e-02;2.226811e-01;1.425508e-01;8.739579e-02;2.571226e-02;2.513928e-02;1.058604e-01
3.153855e-02;6.977262e-02;7.347257e-02;1.166008e-01;2.116752e-02;6.231735e-02;1.466459e-01;1.574042e-01;9.831934e-02;3.790868e-02;2.572847e-02;1.591239e-01
3.888135e-02;1.190048e-01;8.307499e-02;7.020732e-02;1.950325e-02;7.108965e-02;1.282416e-01;1.432483e-01;8.188310e-02;2.812306e-02;1.645716e-02;2.002854e-01
4.272333e-02;9.822170e-02;5.378500e-02;8.108541e-02;2.359932e-02;5.703133e-02;1.415130e-01;1.499884e-01;7.267937e-02;4.079581e-02;2.324377e-02;2.153335e-01
2.454584e-02;6.563073e-02;4.643045e-02;1.068122e-01;4.538185e-02;8.815579e-02;1.499669e-01;1.293952e-01;6.976210e-02;5.428282e-02;4.616215e-02;1.734739e-01
1.651432e-02;6.397024e-02;8.118153e-02;1.172234e-01;5.890024e-02;8.853904e-02;1.459979e-01;1.055322e-01;6.785327e-02;5.344249e-02;2.653205e-02;1.743133e-01
3.489444e-02;1.027492e-01;6.810021e-02;1.197618e-01;4.618650e-02;7.196746e-02;1.181103e-01;7.896166e-02;5.935510e-02;4.830132e-02;5.197696e-02;1.996350e-01
4.382101e-02;1.581351e-01;1.262237e-01;1.032767e-01;2.496406e-02;1.019319e-01;1.059990e-01;8.443159e-02;5.838231e-02;3.123445e-02;3.379216e-02;1.278080e-01
7.169107e-02;2.000193e-01;1.255803e-01;1.044783e-01;1.728038e-02;1.052691e-01;8.934926e-02;7.307999e-02;5.667217e-02;4.166064e-02;2.573667e-02;8.918292e-02
8.873980e-02;1.995533e-01;1.038526e-01;7.981862e-02;2.177500e-02;5.923366e-02;1.344989e-01;7.702351e-02;6.122166e-02;6.668102e-02;2.703162e-02;8.057024e-02
6.658550e-02;1.597464e-01;8.436137e-02;3.641424e-02;1.733440e-02;4.498799e-02;2.232973e-01;1.389186e-01;7.239850e-02;6.161443e-02;2.204852e-02;7.229276e-02
4.004235e-02;9.370826e-02;6.316562e-02;2.874759e-02;1.801982e-02;5.549051e-02;2.721476e-01;1.709817e-01;8.739194e-02;4.032135e-02;2.618753e-02;1.037957e-01
5.288400e-02;9.209420e-02;7.672781e-02;2.967002e-02;3.348795e-02;7.992289e-02;2.238181e-01;1.277845e-01;7.416341e-02;5.364421e-02;3.133821e-02;1.244647e-01
5.402723e-02;5.886037e-02;8.681300e-02;9.540959e-02;5.465124e-02;8.194727e-02;1.722255e-01;9.004298e-02;8.185506e-02;6.223209e-02;3.211766e-02;1.298180e-01
5.519662e-02;8.125786e-02;9.087490e-02;1.231704e-01;5.109397e-02;6.597541e-02;1.253464e-01;8.505706e-02;9.465720e-02;5.351254e-02;4.789976e-02;1.259579e-01
6.246486e-02;7.029282e-02;5.483301e-02;8.389304e-02;5.411855e-02;6.856897e-02;1.402598e-01;1.017166e-01;8.849789e-02;6.405455e-02;3.939619e-02;1.719037e-01
4.141688e-02;5.920121e-02;5.984773e-02;9.578893e-02;4.432506e-02;9.300142e-02;1.531324e-01;1.027779e-01;7.926203e-02;6.312709e-02;3.616273e-02;1.719566e-01
4.403717e-02;1.143560e-01;9.762445e-02;1.048196e-01;2.661642e-02;9.675115e-02;1.341052e-01;1.000304e-01;8.790269e-02;4.518309e-02;2.003075e-02;1.285431e-01
4.850267e-02;1.173522e-01;1.030566e-01;8.310176e-02;2.897134e-02;6.488812e-02;1.891647e-01;1.179428e-01;6.730076e-02;3.119284e-02;4.235126e-02;1.061750e-01
5.161446e-02;8.497182e-02;7.224400e-02;1.556472e-01;3.692384e-02;6.660541e-02;1.949375e-01;8.302051e-02;6.295315e-02;2.609601e-02;3.246797e-02;1.325181e-01
5.541527e-02;1.262897e-01;8.607902e-02;1.586128e-01;2.563817e-02;6.976750e-02;1.353973e-01;8.266023e-02;7.041377e-02;3.764817e-02;3.340934e-02;1.186686e-01
5.907659e-02;1.414448e-01;8.393770e-02;1.360216e-01;2.371601e-02;8.791797e-02;9.936887e-02;9.646556e-02;7.812801e-02;5.472513e-02;2.490342e-02;1.142944e-01
5.529203e-02;9.926414e-02;4.384249e-02;1.487137e-01;3.187819e-02;1.243811e-01;1.415975e-01;8.754730e-02;8.589616e-02;3.863280e-02;3.505808e-02;1.078966e-01
6.696586e-02;1.075993e-01;8.355664e-02;1.065960e-01;5.302954e-02;1.328886e-01;9.564012e-02;1.077309e-01;1.030474e-01;4.218686e-02;3.008391e-02;7.067499e-02
6.858108e-02;1.271002e-01;7.013661e-02;4.804529e-02;7.791942e-02;1.745316e-01;8.347245e-02;1.056483e-01;1.052435e-01;5.117921e-02;3.788206e-02;5.026030e-02
5.290138e-02;1.451824e-01;1.181988e-01;4.439600e-02;6.921490e-02;1.598591e-01;8.915471e-02;7.866928e-02;1.005177e-01;5.995237e-02;4.247625e-02;3.947721e-02
9.297516e-02;1.332349e-01;1.154275e-01;3.244739e-02;6.231510e-02;9.917247e-02;7.924502e-02;1.113803e-01;1.039227e-01;5.716021e-02;6.941319e-02;4.330604e-02
1.806513e-01;9.150426e-02;7.612305e-02;2.144977e-02;8.100566e-02;5.149760e-02;4.332684e-02;2.116910e-01;9.183007e-02;4.099883e-02;7.926759e-02;3.065404e-02
2.154512e-01;5.471677e-02;4.517176e-02;6.043418e-02;7.875296e-02;2.296345e-02;6.039204e-02;2.348818e-01;6.100246e-02;4.801470e-02;4.967229e-02;6.854640e-02
1.241695e-01;4.806337e-02;2.842400e-02;1.328232e-01;4.566747e-02;1.570797e-02;1.439930e-01;1.492415e-01;3.463694e-02;1.071816e-01;2.188740e-02;1.482041e-01
3.826064e-02;5.217737e-02;2.430240e-02;1.804984e-01;2.610121e-02;2.234029e-02;1.939735e-01;7.374890e-02;2.159511e-02;1.205291e-01;2.944343e-02;2.170297e-01
4.621918e-02;6.104143e-02;3.169636e-02;1.889294e-01;1.671209e-02;2.822550e-02;2.091199e-01;4.319088e-02;2.763472e-02;8.876032e-02;2.786929e-02;2.306009e-01
3.170947e-02;7.180670e-02;3.645749e-02;1.921383e-01;1.693121e-02;4.664214e-02;2.286285e-01;3.899364e-02;3.697839e-02;6.572827e-02;2.799661e-02;2.059893e-01
5.086645e-02;9.380399e-02;7.465781e-02;1.466523e-01;2.724230e-02;6.945521e-02;1.926838e-01;6.288642e-02;8.976489e-02;6.075883e-02;3.358798e-02;9.763999e-02
4.557271e-02;8.823986e-02;9.254766e-02;8.942307e-02;4.767584e-02;7.807868e-02;1.560229e-01;1.137134e-01;1.373211e-01;6.039136e-02;4.741117e-02;4.360234e-02
5.522034e-02;7.643584e-02;9.094847e-02;5.163260e-02;4.864630e-02;7.754585e-02;1.300237e-01;1.262276e-01;1.495976e-01;6.187131e-02;7.178317e-02;6.006727e-02
7.283296e-02;7.992770e-02;1.341349e-01;1.950369e-02;4.753324e-02;1.073783e-01;1.207186e-01;9.739926e-02;1.005125e-01;6.356162e-02;9.264140e-02;6.385591e-02
7.183437e-02;7.503307e-02;1.658958e-01;1.847573e-02;3.615173e-02;1.241209e-01;1.213870e-01;1.082754e-01;7.347816e-02;4.407864e-02;7.997297e-02;8.129625e-02
7.208294e-02;1.029269e-01;1.579385e-01;2.302677e-02;2.683593e-02;1.399164e-01;1.018645e-01;1.090621e-01;8.614196e-02;3.203002e-02;7.273483e-02;7.543905e-02
1.024144e-01;1.310949e-01;1.196423e-01;5.468241e-02;1.715617e-02;1.356368e-01;9.950652e-02;1.031703e-01;7.848056e-02;3.810612e-02;6.549162e-02;5.461786e-02
7.818054e-02;1.013125e-01;9.796740e-02;5.167111e-02;3.370202e-02;1.324587e-01;1.327297e-01;1.172959e-01;6.167737e-02;4.994040e-02;5.326326e-02;8.980105e-02
3.495074e-02;7.729638e-02;8.188777e-02;7.920234e-02;3.462990e-02;1.236320e-01;2.048290e-01;1.436242e-01;4.945179e-02;5.126409e-02;5.346947e-02;6.576229e-02
4.265023e-02;7.363458e-02;4.983918e-02;7.447238e-02;3.276427e-02;9.102563e-02;2.502436e-01;1.244999e-01;3.118916e-02;4.820021e-02;6.081197e-02;1.206688e-01
8.259150e-02;8.931979e-02;6.476370e-02;5.267377e-02;2.920345e-02;5.184860e-02;2.549408e-01;7.101948e-02;4.111677e-02;4.166058e-02;3.803009e-02;1.828315e-01
9.899077e-02;1.138508e-01;7.010348e-02;4.895531e-02;1.990645e-02;3.457154e-02;2.394805e-01;4.193031e-02;4.564185e-02;2.935284e-02;2.193474e-02;2.352814e-01
6.970300e-02;8.253214e-02;2.883837e-02;7.973454e-02;1.059507e-02;3.135687e-02;2.592652e-01;7.868684e-02;4.619597e-02;2.595249e-02;2.859528e-02;2.585443e-01
4.769092e-02;8.325540e-02;4.413763e-02;1.006547e-01;1.021492e-02;3.035923e-02;2.546422e-01;9.054413e-02;3.654175e-02;2.549705e-02;2.365297e-02;2.528091e-01
7.158364e-02;8.351327e-02;4.160525e-02;1.013331e-01;8.817690e-03;2.209565e-02;2.507356e-01;7.237294e-02;2.589679e-02;2.540784e-02;1.154304e-02;2.850952e-01
5.604257e-02;6.157145e-02;2.770883e-02;7.044045e-02;1.555489e-02;4.518267e-02;2.844852e-01;5.996533e-02;1.756946e-02;2.144727e-02;1.585622e-02;3.241756e-01
2.983459e-02;4.170930e-02;1.872544e-02;5.268851e-02;1.675349e-02;7.314800e-02;3.262269e-01;2.130554e-02;1.325713e-02;2.125188e-02;2.918562e-02;3.559136e-01
3.239217e-02;4.452242e-02;2.261669e-02;9.457022e-02;1.391652e-02;5.083634e-02;3.370467e-01;2.859174e-02;1.353195e-02;2.169964e-02;2.112339e-02;3.191523e-01
2.717692e-02;3.517940e-02;3.246944e-02;1.521717e-01;1.169152e-02;5.920104e-02;3.301840e-01;1.425099e-02;1.763907e-02;2.169383e-02;2.178031e-02;2.765617e-01
4.211671e-02;3.118267e-02;4.514296e-02;1.879760e-01;8.384748e-03;6.360696e-02;2.838387e-01;4.606349e-02;1.450328e-02;2.578199e-02;1.773373e-02;2.336687e-01
2.709456e-02;5.193435e-02;5.757710e-02;1.838874e-01;2.856019e-02;4.104134e-02;2.597730e-01;6.944907e-02;1.561852e-02;3.499147e-02;2.100729e-02;2.090656e-01
3.473704e-02;5.266858e-02;6.664459e-02;1.560476e-01;3.735168e-02;5.138000e-02;2.520186e-01;5.869970e-02;2.130190e-02;3.394186e-02;2.495761e-02;2.102508e-01
5.999393e-02;6.530822e-02;5.208419e-02;1.408175e-01;2.721541e-02;3.610727e-02;2.535495e-01;5.502488e-02;3.129442e-02;2.420681e-02;2.569783e-02;2.287001e-01
7.130254e-02;6.286303e-02;5.817568e-02;1.450293e-01;1.458971e-02;3.737626e-02;2.482945e-01;6.935887e-02;3.722131e-02;2.533186e-02;3.002951e-02;2.004274e-01
5.378193e-02;6.138998e-02;7.978524e-02;1.210647e-01;1.472467e-02;8.298756e-02;2.855212e-01;6.113546e-02;4.632365e-02;2.657495e-02;5.511717e-02;1.115935e-01
5.154097e-02;8.364224e-02;8.663700e-02;5.082002e-02;1.377000e-02;7.065777e-02;3.231174e-01;5.625974e-02;4.934151e-02;2.525451e-02;3.948915e-02;1.494697e-01
6.598716e-02;8.517022e-02;7.620254e-02;8.390727e-02;1.345369e-02;6.651745e-02;2.706535e-01;3.391634e-02;4.318430e-02;3.131359e-02;2.334932e-02;2.063446e-01
6.913650e-02;7.900184e-02;6.668859e-02;8.003651e-02;2.006504e-02;9.819321e-02;2.040317e-01;5.609177e-02;5.234263e-02;3.840278e-02;2.212786e-02;2.138816e-01
5.868290e-02;1.047361e-01;1.050013e-01;9.484168e-02;3.105063e-02;1.208792e-01;1.109460e-01;5.329262e-02;5.816269e-02;3.410073e-02;5.418452e-02;1.741216e-01
4.286410e-02;5.741539e-02;9.992375e-02;1.244130e-01;3.364830e-02;9.430231e-02;1.795041e-01;8.316936e-02;7.282731e-02;3.436719e-02;5.812122e-02;1.194440e-01
4.042906e-02;5.851169e-02;5.488149e-02;1.234341e-01;3.463077e-02;9.384864e-02;2.809269e-01;1.211295e-01;7.969854e-02;3.018285e-02;2.760433e-02;5.472209e-02
3.291817e-02;6.238180e-02;5.899361e-02;5.414937e-02;2.983178e-02;1.477506e-01;2.960187e-01;1.073400e-01;9.753330e-02;4.111614e-02;2.379462e-02;4.817198e-02
2.995805e-02;4.422205e-02;3.631582e-02;1.867809e-02;1.952820e-02;1.943758e-01;2.826129e-01;7.333308e-02;1.229780e-01;7.013997e-02;4.705365e-02;6.080441e-02
2.739090e-02;2.791119e-02;4.519996e-02;1.634354e-02;2.057255e-02;2.369066e-01;2.389591e-01;3.822123e-02;1.952993e-01;5.415186e-02;4.753909e-02;5.150470e-02
3.071322e-02;2.532485e-02;6.283587e-02;4.996157e-03;1.288632e-02;2.522357e-01;2.272555e-01;1.921505e-02;2.315072e-01;3.614759e-02;5.948539e-02;3.739712e-02
2.901191e-02;1.418481e-02;5.885302e-02;1.371193e-02;1.457168e-02;2.767938e-01;1.876929e-01;3.046851e-02;2.157589e-01;3.110990e-02;8.941697e-02;3.842574e-02
1.517562e-02;1.496677e-02;4.938373e-02;1.860327e-02;2.055638e-02;2.929021e-01;1.787387e-01;2.768984e-02;2.261791e-01;3.223839e-02;8.198275e-02;4.158334e-02
1.384931e-02;2.936056e-02;4.121068e-02;1.328863e-02;1.831951e-02;2.483720e-01;2.348764e-01;3.299664e-02;2.322471e-01;2.963083e-02;5.262100e-02;5.322734e-02
1.890896e-02;4.037865e-02;3.550321e-02;3.055697e-02;1.895691e-02;2.022296e-01;3.137824e-01;3.591439e-02;1.875798e-01;2.730707e-02;3.917702e-02;4.970518e-02
1.721565e-02;4.539762e-02;2.896528e-02;5.786001e-02;1.618227e-02;1.633210e-01;4.163157e-01;3.430733e-02;1.009820e-01;1.821186e-02;3.367347e-02;6.756783e-02
2.005575e-02;5.160125e-02;3.065316e-02;1.154729e-01;2.156823e-02;1.212587e-01;4.113363e-01;4.122784e-02;3.852016e-02;1.920996e-02;2.796093e-02;1.011348e-01
2.969670e-02;7.590225e-02;6.213370e-02;1.722180e-01;1.759838e-02;6.715460e-02;3.386362e-01;3.240057e-02;2.476123e-02;2.064499e-02;3.168264e-02;1.271707e-01
4.018524e-02;8.056313e-02;5.577261e-02;1.853704e-01;1.031246e-02;7.030659e-02;2.649912e-01;4.136814e-02;3.137694e-02;3.863950e-02;4.016764e-02;1.409461e-01
4.285452e-02;1.082692e-01;7.669928e-02;1.377462e-01;2.183177e-02;8.716681e-02;1.964775e-01;4.136004e-02;4.716114e-02;4.933785e-02;4.577581e-02;1.453200e-01
9.778538e-02;1.429413e-01;9.254072e-02;7.848352e-02;2.984413e-02;9.052529e-02;1.009071e-01;7.477585e-02;5.725024e-02;5.047653e-02;3.263018e-02;1.518398e-01
8.762116e-02;1.215749e-01;7.259862e-02;8.088031e-02;3.299150e-02;1.048846e-01;1.473943e-01;8.566198e-02;6.792084e-02;4.270330e-02;2.278286e-02;1.329855e-01
5.581408e-02;1.286380e-01;6.393897e-02;7.021265e-02;3.635935e-02;1.459881e-01;1.740834e-01;6.657373e-02;7.853866e-02;2.012634e-02;2.512109e-02;1.346056e-01
5.957290e-02;1.571225e-01;9.537068e-02;4.858195e-02;3.241123e-02;1.644711e-01;1.628271e-01;7.078313e-02;7.283232e-02;1.861081e-02;1.296125e-02;1.044551e-01
5.144958e-02;1.682751e-01;1.381268e-01;6.513475e-02;3.014498e-02;1.443938e-01;1.533600e-01;7.522642e-02;6.663224e-02;2.796119e-02;1.735744e-02;6.193774e-02
4.869982e-02;1.445997e-01;1.617042e-01;4.965853e-02;2.985862e-02;1.130545e-01;1.641396e-01;6.657524e-02;9.839292e-02;4.658620e-02;2.838931e-02;4.834137e-02
3.268489e-02;8.351150e-02;1.260930e-01;6.701379e-02;3.820010e-02;9.542642e-02;2.225014e-01;7.003277e-02;1.109177e-01;7.251102e-02;3.622214e-02;4.488537e-02
3.378202e-02;9.030306e-02;8.827586e-02;8.052270e-02;2.747940e-02;8.236558e-02;2.691824e-01;6.479070e-02;9.984086e-02;7.458936e-02;2.841469e-02;6.045347e-02
3.405833e-02;7.338399e-02;5.578538e-02;8.175532e-02;1.730003e-02;6.298398e-02;3.724349e-01;4.510193e-02;7.740773e-02;6.433887e-02;1.104213e-02;1.044074e-01
2.998090e-02;5.844388e-02;2.335520e-02;9.261488e-02;2.078255e-02;3.928754e-02;4.572917e-01;4.202173e-02;4.692966e-02;4.729271e-02;1.384235e-02;1.281569e-01
2.368792e-02;4.968006e-02;3.771765e-02;9.087943e-02;2.063935e-02;3.262399e-02;4.694749e-01;4.636856e-02;4.824828e-02;3.190563e-02;2.006103e-02;1.287132e-01
2.260017e-02;2.715951e-02;5.055659e-02;8.949142e-02;1.726607e-02;7.189056e-02;4.437923e-01;6.624452e-02;4.465782e-02;2.289219e-02;2.938480e-02;1.140641e-01
3.183920e-02;5.640375e-02;6.372478e-02;7.148974e-02;1.352458e-02;1.501010e-01;3.238292e-01;6.057659e-02;7.637312e-02;2.369432e-02;3.495766e-02;9.348610e-02
3.197761e-02;3.714684e-02;8.874751e-02;5.742250e-02;2.014686e-02;2.287409e-01;1.691407e-01;8.424565e-02;1.413114e-01;2.406254e-02;3.111943e-02;8.593801e-02
4.093171e-02;9.069788e-02;1.024450e-01;4.561674e-02;2.383921e-02;2.063507e-01;1.003641e-01;8.932095e-02;1.345740e-01;3.091050e-02;2.869094e-02;1.062584e-01
5.055026e-02;1.046894e-01;7.736876e-02;3.283752e-02;2.220896e-02;1.704706e-01;1.873691e-01;6.322937e-02;1.199673e-01;3.053126e-02;3.422398e-02;1.065535e-01
3.524255e-02;5.408945e-02;4.695600e-02;2.816788e-02;1.437525e-02;2.044969e-01;2.151266e-01;7.209955e-02;1.746221e-01;4.102578e-02;4.913123e-02;6.466661e-02
3.179385e-02;6.844322e-02;7.236681e-02;1.919713e-02;1.461810e-02;2.181903e-01;1.957944e-01;5.715851e-02;1.772639e-01;5.187197e-02;5.007816e-02;4.322373e-02
4.526304e-02;7.500313e-02;7.545529e-02;1.528276e-02;2.289509e-02;2.158674e-01;1.790778e-01;5.475984e-02;1.691946e-01;4.937121e-02;5.520409e-02;4.262573e-02
4.479133e-02;8.253820e-02;5.522943e-02;1.496035e-02;5.499075e-02;1.664132e-01;1.263649e-01;9.577116e-02;1.461132e-01;8.522850e-02;6.554750e-02;6.205139e-02
4.686179e-02;8.452214e-02;5.463822e-02;3.025921e-02;6.966106e-02;1.446122e-01;7.928211e-02;1.289792e-01;1.234352e-01;1.043619e-01;6.615760e-02;6.722938e-02
5.465729e-02;7.050684e-02;9.448278e-02;3.711034e-02;4.390189e-02;1.817459e-01;5.023121e-02;1.256467e-01;9.487861e-02;7.544194e-02;1.111078e-01;6.028866e-02
4.108192e-02;7.620414e-02;9.216163e-02;4.689911e-02;4.593961e-02;1.953370e-01;6.787672e-02;1.418101e-01;6.709691e-02;5.908339e-02;1.195482e-01;4.696120e-02
2.945456e-02;1.006956e-01;3.722333e-02;5.124194e-02;7.129134e-02;1.789260e-01;7.277343e-02;1.882781e-01;6.489973e-02;5.704320e-02;1.160152e-01;3.215766e-02
4.393793e-02;1.071165e-01;8.544023e-02;2.575599e-02;5.542562e-02;2.037133e-01;6.846400e-02;1.524104e-01;5.767474e-02;5.362019e-02;1.251861e-01;2.125492e-02
4.449471e-02;8.753898e-02;1.200348e-01;1.166550e-02;4.269686e-02;2.698078e-01;5.950106e-02;1.150601e-01;5.700701e-02;4.286855e-02;1.262041e-01;2.312055e-02
3.440666e-02;7.971801e-02;1.282958e-01;1.834767e-02;4.569593e-02;2.701165e-01;7.086923e-02;1.090516e-01;8.506065e-02;4.176490e-02;8.377766e-02;3.289530e-02
4.287940e-02;8.060829e-02;1.100356e-01;3.134799e-02;4.607902e-02;2.302639e-01;1.013762e-01;1.238393e-01;1.197583e-01;2.964582e-02;3.411921e-02;5.004708e-02
4.432203e-02;8.922545e-02;9.468293e-02;4.078187e-02;3.470769e-02;1.952049e-01;9.007023e-02;1.071267e-01;1.392112e-01;6.335037e-02;4.656879e-02;5.474779e-02
3.591342e-02;7.140039e-02;9.124784e-02;3.770095e-02;2.711038e-02;1.685091e-01;1.227446e-01;1.109462e-01;1.229390e-01;7.007991e-02;9.995712e-02;4.145105e-02
4.302697e-02;5.980086e-02;8.642527e-02;4.535173e-02;4.807354e-02;1.361016e-01;1.840159e-01;8.785213e-02;1.033141e-01;4.107899e-02;1.134754e-01;5.148353e-02
3.494065e-02;7.478837e-02;1.061618e-01;3.941931e-02;6.289221e-02;1.585230e-01;1.751244e-01;8.730017e-02;7.461228e-02;3.222560e-02;9.707374e-02;5.693847e-02
4.684963e-02;1.053138e-01;1.105102e-01;2.991165e-02;5.165941e-02;1.466610e-01;1.247891e-01;9.080306e-02;5.854955e-02;4.714210e-02;1.164824e-01;7.132818e-02
5.113890e-02;9.127897e-02;1.026713e-01;3.000509e-02;3.969716e-02;1.619932e-01;8.957056e-02;8.441141e-02;7.099850e-02;6.003123e-02;1.422169e-01;7.598676e-02
4.836325e-02;7.794026e-02;6.383642e-02;1.881670e-02;5.207641e-02;1.553600e-01;1.040564e-01;1.018703e-01;8.546079e-02;5.192780e-02;1.655859e-01;7.470577e-02
4.055997e-02;1.066555e-01;1.249772e-01;2.152230e-02;3.636496e-02;1.554357e-01;1.179587e-01;8.297858e-02;7.184185e-02;5.495950e-02;1.315658e-01;5.517993e-02
4.669973e-02;1.215553e-01;1.553248e-01;2.173027e-02;2.659773e-02;1.804706e-01;1.212207e-01;6.600910e-02;5.800217e-02;5.377101e-02;1.043965e-01;4.422189e-02
4.784506e-02;9.141923e-02;1.385972e-01;2.856243e-02;4.334623e-02;1.204966e-01;1.203068e-01;9.963624e-02;8.921774e-02;4.829861e-02;1.189598e-01;5.331404e-02
4.151098e-02;1.366176e-01;9.185213e-02;5.177258e-02;4.852448e-02;6.737409e-02;8.977985e-02;1.407491e-01;1.161406e-01;7.887255e-02;8.034824e-02;5.645784e-02
5.015023e-02;1.530474e-01;1.530106e-01;5.180764e-02;4.088005e-02;7.745707e-02;5.784327e-02;1.316375e-01;1.206079e-01;7.287461e-02;4.044763e-02;5.023614e-02
4.779448e-02;1.138336e-01;1.708767e-01;4.329936e-02;3.407389e-02;7.209011e-02;4.935451e-02;1.481166e-01;1.400059e-01;7.660823e-02;4.748271e-02;5.646387e-02
4.355839e-02;1.663221e-01;1.725816e-01;3.047827e-02;3.121696e-02;1.034607e-01;3.899793e-02;1.321034e-01;1.225279e-01;5.806868e-02;4.712470e-02;5.355930e-02
4.945667e-02;1.178747e-01;1.439275e-01;3.769080e-02;3.104790e-02;1.634691e-01;3.451362e-02;1.314867e-01;1.389860e-01;4.889414e-02;3.872122e-02;6.393154e-02
3.472272e-02;1.027477e-01;1.699954e-01;3.773621e-02;3.715430e-02;1.776690e-01;2.399148e-02;1.200564e-01;1.153907e-01;6.410357e-02;4.587574e-02;7.055677e-02
3.541852e-02;1.441927e-01;8.461818e-02;4.343312e-02;6.216507e-02;2.033823e-01;3.708420e-02;1.134377e-01;1.006574e-01;7.010449e-02;5.004314e-02;5.546324e-02
4.098078e-02;1.412345e-01;1.137411e-01;4.511065e-02;5.805701e-02;2.329369e-01;2.666507e-02;1.238693e-01;9.555794e-02;4.333764e-02;4.070723e-02;3.780189e-02
3.224408e-02;8.905913e-02;9.795115e-02;3.374160e-02;6.292684e-02;2.222359e-01;3.071069e-02;1.665391e-01;1.259802e-01;6.827410e-02;3.705483e-02;3.328247e-02
2.714333e-02;3.991027e-02;5.656138e-02;2.636562e-02;4.908031e-02;2.190936e-01;5.481450e-02;1.835983e-01;1.463847e-01;1.100787e-01;5.464330e-02;3.232605e-02
2.174471e-02;3.689800e-02;4.267103e-02;2.752126e-02;7.169092e-02;1.399278e-01;7.503365e-02;1.940970e-01;1.847523e-01;1.192526e-01;5.750418e-02;2.890647e-02
1.542637e-02;6.697967e-02;5.289076e-02;2.004120e-02;1.017071e-01;6.740940e-02;5.815872e-02;1.555501e-01;2.615748e-01;1.422451e-01;3.473092e-02;2.328593e-02
1.660429e-02;7.062619e-02;4.897629e-02;1.971138e-02;1.028674e-01;6.196129e-02;3.551634e-02;1.632020e-01;2.836934e-01;1.417348e-01;3.539496e-02;1.971168e-02
1.423209e-02;5.824918e-02;5.422867e-02;2.767857e-02;1.175173e-01;4.668681e-02;2.990481e-02;1.149906e-01;3.384018e-01;1.319384e-01;4.036742e-02;2.580431e-02
2.153140e-02;6.542896e-02;5.260937e-02;4.037604e-02;1.027304e-01;6.393448e-02;2.677773e-02;1.360814e-01;3.371877e-01;9.275097e-02;3.484088e-02;2.575077e-02
2.140709e-02;6.895892e-02;6.026684e-02;4.502029e-02;9.156428e-02;7.356851e-02;3.287412e-02;1.181162e-01;3.373093e-01;9.685760e-02;2.872372e-02;2.533307e-02
1.141815e-02;4.945511e-02;4.415811e-02;3.431500e-02;9.434026e-02;8.377750e-02;3.089924e-02;1.541985e-01;3.410978e-01;9.044952e-02;3.834565e-02;2.754511e-02
1.779731e-02;3.514122e-02;2.442787e-02;3.080817e-02;1.135835e-01;5.909705e-02;2.354685e-02;1.459797e-01;3.596819e-01;1.219173e-01;4.188085e-02;2.613831e-02
1.359621e-02;4.326034e-02;3.020882e-02;1.839326e-02;1.313279e-01;6.337085e-02;2.164817e-02;1.153890e-01;3.441430e-01;1.557788e-01;3.778405e-02;2.509960e-02
1.129580e-02;5.394230e-02;1.596616e-02;2.140052e-02;1.467931e-01;8.828528e-02;1.608146e-02;1.211729e-01;3.168566e-01;1.475704e-01;3.684027e-02;2.379527e-02
8.372765e-03;6.371628e-02;2.643949e-02;2.893136e-02;1.505210e-01;1.020339e-01;1.808923e-02;1.522592e-01;2.725550e-01;1.214541e-01;3.127194e-02;2.435568e-02
8.284348e-03;5.654568e-02;4.032306e-02;2.548105e-02;1.497769e-01;1.460556e-01;3.216657e-02;1.500249e-01;2.410143e-01;9.797354e-02;3.092223e-02;2.143176e-02
7.030419e-03;5.262394e-02;2.646856e-02;2.554046e-02;1.469225e-01;1.729705e-01;3.415310e-02;1.987511e-01;2.051301e-01;8.238345e-02;3.134121e-02;1.668472e-02
7.697884e-03;4.779486e-02;8.198109e-03;4.018437e-02;1.479578e-01;2.142084e-01;2.977157e-02;2.083735e-01;1.700360e-01;7.201263e-02;3.754536e-02;1.621933e-02
1.008477e-02;5.267567e-02;2.357076e-02;3.730410e-02;1.558850e-01;2.494927e-01;3.539999e-02;1.570271e-01;1.502247e-01;7.885280e-02;2.762092e-02;2.186152e-02
1.491718e-02;5.025641e-02;2.643180e-02;4.063094e-02;1.934016e-01;2.605560e-01;2.237535e-02;1.242273e-01;1.364083e-01;8.842121e-02;2.293375e-02;1.944022e-02
1.928720e-02;5.869551e-02;4.295266e-02;4.957350e-02;2.036859e-01;2.276649e-01;2.125200e-02;1.205979e-01;1.344009e-01;7.988894e-02;2.193628e-02;2.006434e-02
1.650319e-02;6.605317e-02;6.530487e-02;5.933125e-02;1.638928e-01;1.896442e-01;3.340121e-02;1.367415e-01;1.477805e-01;6.746849e-02;2.540885e-02;2.846993e-02
2.742149e-02;7.405189e-02;6.763532e-02;5.225118e-02;1.012755e-01;2.000181e-01;4.738002e-02;1.621035e-01;1.573401e-01;5.118474e-02;3.463797e-02;2.470027e-02
5.487246e-02;1.077348e-01;8.027233e-02;6.010424e-02;9.221996e-02;1.693844e-01;6.095207e-02;1.466198e-01;1.232216e-01;3.794509e-02;3.666942e-02;3.000377e-02
5.878342e-02;8.447458e-02;1.067163e-01;1.056800e-01;1.482444e-01;1.184759e-01;5.331967e-02;1.464207e-01;7.086158e-02;3.944107e-02;3.293932e-02;3.464303e-02
4.710544e-02;4.436902e-02;9.757331e-02;1.423912e-01;2.028475e-01;6.870423e-02;2.965451e-02;1.308338e-01;1.333800e-01;4.793563e-02;3.173766e-02;2.346775e-02
4.986458e-02;4.272974e-02;7.312630e-02;1.414145e-01;2.086730e-01;1.035857e-01;2.613739e-02;8.175655e-02;1.875692e-01;4.250312e-02;2.272302e-02;1.991692e-02
7.151948e-02;1.983742e-02;4.959818e-02;1.565758e-01;1.605813e-01;8.714088e-02;2.302146e-02;1.221772e-01;2.279232e-01;4.400916e-02;2.478279e-02;1.283315e-02
7.915157e-02;1.948375e-02;4.850104e-02;1.818775e-01;9.124143e-02;6.517122e-02;2.239772e-02;1.719490e-01;2.418993e-01;3.938890e-02;2.785223e-02;1.108642e-02
6.604941e-02;4.395473e-02;7.263400e-02;1.764106e-01;3.973185e-02;8.122124e-02;2.361798e-02;2.110724e-01;1.933384e-01;5.166595e-02;2.632558e-02;1.397777e-02
3.630354e-02;4.181920e-02;5.676623e-02;1.348676e-01;8.695026e-02;9.208652e-02;1.998967e-02;2.036202e-01;2.311274e-01;5.786206e-02;2.225663e-02;1.635074e-02
3.809871e-02;5.561559e-02;5.156651e-02;8.058940e-02;1.006202e-01;9.733444e-02;1.917310e-02;1.939133e-01;2.638209e-01;5.506296e-02;3.049083e-02;1.371404e-02
6.022253e-02;5.007017e-02;5.028553e-02;4.254640e-02;8.414699e-02;1.034743e-01;2.929923e-02;1.927138e-01;2.820057e-01;5.204258e-02;3.891366e-02;1.427912e-02
6.942939e-02;6.721120e-02;5.513871e-02;6.454638e-02;7.141088e-02;8.100485e-02;4.166353e-02;1.891209e-01;2.307387e-01;5.454507e-02;4.790811e-02;2.728221e-02
8.240160e-02;7.642130e-02;5.241938e-02;7.469710e-02;5.711673e-02;6.328038e-02;3.947793e-02;2.156435e-01;1.942560e-01;5.381066e-02;5.899025e-02;3.148512e-02
8.595008e-02;6.265163e-02;5.769913e-02;5.174822e-02;6.475101e-02;5.118903e-02;2.719080e-02;1.987480e-01;2.615108e-01;6.089118e-02;5.245172e-02;2.521853e-02
7.837726e-02;7.837262e-02;5.892215e-02;2.112713e-02;8.469963e-02;8.319241e-02;2.819338e-02;1.643741e-01;2.426938e-01;6.898380e-02;5.358844e-02;3.747528e-02
5.213414e-02;7.533675e-02;6.704508e-02;8.232695e-02;1.067888e-01;1.480069e-01;3.779067e-02;8.003496e-02;1.725783e-01;6.843948e-02;6.335098e-02;4.616693e-02
5.611254e-02;5.032104e-02;1.156852e-01;1.006823e-01;7.172529e-02;1.436844e-01;2.943696e-02;1.300601e-01;1.611076e-01;5.803140e-02;4.548887e-02;3.766438e-02
4.652561e-02;5.301154e-02;1.073023e-01;8.515934e-02;1.183400e-01;1.112449e-01;2.305107e-02;1.296003e-01;2.061735e-01;5.965568e-02;2.893094e-02;3.100494e-02
5.028079e-02;4.096217e-02;6.385679e-02;7.476261e-02;1.536818e-01;1.410031e-01;2.556655e-02;1.233252e-01;2.202190e-01;6.569719e-02;2.351925e-02;1.712550e-02
