1.893098e-02;2.999753e-01;3.114607e-01;1.796535e-02;1.669610e-02;4.701499e-02;5.059993e-02;4.787388e-02;7.661413e-02;7.290810e-02;1.180599e-02;2.815456e-02
2.199926e-02;3.120786e-01;3.351613e-01;1.250995e-02;8.110447e-03;3.793759e-02;4.963787e-02;4.757358e-02;6.629525e-02;6.249759e-02;1.280808e-02;3.339057e-02
3.207204e-02;2.835223e-01;3.408638e-01;1.863638e-02;7.457219e-03;4.412427e-02;4.217874e-02;5.644025e-02;6.470817e-02;7.337978e-02;4.152114e-03;3.246497e-02
4.847584e-02;2.244243e-01;2.572739e-01;2.534868e-02;2.047258e-02;6.154909e-02;4.379439e-02;9.500869e-02;7.647678e-02;6.611711e-02;3.272900e-02;4.832958e-02
5.349716e-02;1.520591e-01;1.943022e-01;4.768174e-02;3.062405e-02;8.146784e-02;4.920828e-02;1.472235e-01;9.054874e-02;4.090118e-02;6.071164e-02;5.177451e-02
4.584958e-02;1.364964e-01;1.714714e-01;4.577652e-02;2.721051e-02;8.080719e-02;6.418546e-02;1.598777e-01;1.155522e-01;6.035892e-02;5.732140e-02;3.509275e-02
4.088281e-02;1.713819e-01;1.641754e-01;4.783527e-02;2.967453e-02;5.852950e-02;9.085126e-02;1.359275e-01;1.296272e-01;6.945574e-02;3.704969e-02;2.460935e-02
4.957628e-02;2.023406e-01;1.950332e-01;5.720204e-02;2.892376e-02;7.755615e-02;7.368583e-02;8.793712e-02;1.003554e-01;6.860912e-02;1.787370e-02;4.090675e-02
5.916775e-02;1.924008e-01;1.827942e-01;4.155731e-02;4.288658e-02;1.237542e-01;3.786769e-02;9.938569e-02;9.540122e-02;5.758768e-02;1.218308e-02;5.501377e-02
6.189438e-02;2.146466e-01;1.344171e-01;5.137597e-02;3.706024e-02;1.184702e-01;4.639880e-02;1.121136e-01;7.345364e-02;4.100151e-02;3.655207e-02;7.261582e-02
3.686295e-02;1.226882e-01;1.677590e-01;9.037678e-02;5.224427e-02;1.485093e-01;6.782865e-02;9.655742e-02;5.357501e-02;3.094029e-02;8.356492e-02;4.909313e-02
3.416768e-02;6.487297e-02;1.556715e-01;1.294920e-01;5.403449e-02;1.420222e-01;6.448584e-02;1.105818e-01;5.130497e-02;3.392524e-02;1.291961e-01;3.024534e-02
2.395039e-02;6.284291e-02;1.255039e-01;1.690277e-01;6.874596e-02;1.311075e-01;3.773463e-02;1.059101e-01;4.428199e-02;2.787074e-02;1.729400e-01;3.008422e-02
1.342211e-02;6.244790e-02;1.184793e-01;2.081191e-01;7.602661e-02;1.128991e-01;1.927897e-02;1.086430e-01;2.773537e-02;9.295682e-03;2.109977e-01;3.265508e-02
1.308512e-02;4.857766e-02;1.014868e-01;2.548907e-01;5.694308e-02;8.340233e-02;1.502063e-02;1.219630e-01;2.175947e-02;1.181221e-02;2.526819e-01;1.837709e-02
1.191732e-02;6.993465e-02;1.312670e-01;2.565441e-01;5.392574e-02;6.689901e-02;1.474173e-02;1.088932e-01;1.589094e-02;1.305126e-02;2.422301e-01;1.470496e-02
1.304109e-02;1.053178e-01;1.497717e-01;2.549056e-01;6.359280e-02;6.560851e-02;9.996627e-03;9.939547e-02;9.340513e-03;4.977960e-03;2.085177e-01;1.553423e-02
9.279768e-03;1.232125e-01;1.402300e-01;2.508688e-01;6.913034e-02;8.847695e-02;5.387005e-03;9.427067e-02;8.183545e-03;6.756997e-03;1.813701e-01;2.283330e-02
8.807917e-03;1.292485e-01;2.111448e-01;2.202060e-01;6.565508e-02;9.478755e-02;5.864706e-03;7.742516e-02;1.022486e-02;2.395066e-02;1.366417e-01;1.604310e-02
2.355451e-02;1.569072e-01;2.378747e-01;1.695446e-01;6.624977e-02;1.104656e-01;1.276278e-02;6.624721e-02;2.449780e-02;4.275533e-02;7.766637e-02;1.147412e-02
3.269036e-02;1.784811e-01;2.159224e-01;1.363755e-01;4.696794e-02;1.151372e-01;2.067085e-02;7.508914e-02;4.821119e-02;4.762795e-02;6.755306e-02;1.527334e-02
1.836116e-02;1.794670e-01;2.428203e-01;1.064690e-01;2.579369e-02;1.446647e-01;1.718023e-02;1.046097e-01;4.461001e-02;1.583911e-02;7.763958e-02;2.254553e-02
2.731639e-02;2.250073e-01;1.926448e-01;1.536487e-01;2.458307e-02;8.948163e-02;2.590543e-02;1.071829e-01;3.892948e-02;1.882528e-02;7.807913e-02;1.839605e-02
2.989621e-02;1.673856e-01;1.706597e-01;1.828219e-01;6.061352e-02;1.216969e-01;4.191878e-02;6.966295e-02;4.855045e-02;2.261389e-02;6.157031e-02;2.260965e-02
3.967706e-02;1.270530e-01;2.000196e-01;1.622773e-01;7.938801e-02;9.513939e-02;6.459052e-02;4.608371e-02;5.711860e-02;3.368469e-02;6.396683e-02;3.100129e-02
6.256651e-02;1.223369e-01;1.860911e-01;1.181016e-01;5.169176e-02;1.510638e-01;6.423586e-02;7.104210e-02;4.120442e-02;4.685213e-02;4.630189e-02;3.851196e-02
6.401374e-02;1.365815e-01;2.251025e-01;1.035502e-01;5.870038e-02;1.364616e-01;4.289219e-02;5.755967e-02;3.096749e-02;6.003606e-02;5.613216e-02;2.800244e-02
6.612138e-02;1.466232e-01;2.540497e-01;9.492397e-02;6.257340e-02;1.108680e-01;3.706903e-02;3.223018e-02;3.242760e-02;7.481265e-02;6.583327e-02;2.246759e-02
6.516774e-02;1.604317e-01;2.184083e-01;6.774237e-02;6.045756e-02;1.089054e-01;4.564605e-02;4.835091e-02;3.816703e-02;8.392669e-02;7.271724e-02;3.007896e-02
3.505754e-02;1.948063e-01;3.027915e-01;6.461405e-02;3.408993e-02;5.907100e-02;4.778406e-02;4.814445e-02;4.823085e-02;7.579280e-02;6.058221e-02;2.903531e-02
3.054530e-02;1.654323e-01;3.989529e-01;5.218548e-02;2.519105e-02;3.233644e-02;7.193927e-02;5.261301e-02;3.820008e-02;1.020044e-01;1.727160e-02;1.332808e-02
5.088693e-02;1.346557e-01;4.313363e-01;5.366100e-02;1.629956e-02;2.308821e-02;8.006493e-02;4.271840e-02;2.281970e-02;1.079268e-01;2.652482e-02;1.001778e-02
6.807219e-02;1.077433e-01;4.428602e-01;7.569240e-02;2.020648e-02;3.518124e-02;7.036053e-02;3.013482e-02;1.826168e-02;9.551828e-02;2.955053e-02;6.418418e-03
6.320875e-02;1.457109e-01;4.567088e-01;7.444186e-02;1.967801e-02;2.413155e-02;5.819020e-02;1.856403e-02;1.445263e-02;9.607427e-02;2.417068e-02;4.668355e-03
4.426205e-02;2.196336e-01;4.445249e-01;5.110892e-02;2.027800e-02;1.353689e-02;4.891530e-02;1.870085e-02;2.086021e-02;9.489648e-02;1.675779e-02;6.524970e-03
3.456181e-02;3.076029e-01;3.945732e-01;3.100787e-02;2.023751e-02;2.629352e-02;3.449335e-02;2.959679e-02;2.679641e-02;6.559549e-02;1.350626e-02;1.573494e-02
4.830061e-02;3.129402e-01;3.523216e-01;4.981693e-02;1.171185e-02;4.664094e-02;3.206317e-02;3.906153e-02;2.693881e-02;2.927302e-02;2.726904e-02;2.366230e-02
5.587027e-02;2.330937e-01;3.188494e-01;7.676172e-02;3.024726e-02;5.106552e-02;5.071158e-02;4.409269e-02;4.074274e-02;3.484213e-02;3.945648e-02;2.426643e-02
3.860445e-02;1.879101e-01;3.230781e-01;8.383006e-02;4.856285e-02;4.756173e-02;8.160457e-02;3.102303e-02;4.930945e-02;2.921446e-02;5.432804e-02;2.497317e-02
6.813830e-02;2.476186e-01;2.515757e-01;4.305262e-02;3.001799e-02;8.376145e-02;6.666514e-02;8.459192e-02;4.632351e-02;1.473552e-02;4.207746e-02;2.144179e-02
7.296403e-02;3.260207e-01;2.276102e-01;3.617611e-02;2.054510e-02;9.809649e-02;3.758183e-02;7.240004e-02;4.665522e-02;2.135038e-02;1.853986e-02;2.206011e-02
4.588944e-02;3.625223e-01;2.601179e-01;3.964895e-02;1.846498e-02;8.863623e-02;2.328049e-02;3.785368e-02;6.898615e-02;2.623159e-02;8.533245e-03;1.983502e-02
2.825780e-02;3.976421e-01;2.582503e-01;3.023475e-02;1.293464e-02;7.210718e-02;1.196458e-02;2.900223e-02;1.024045e-01;2.694136e-02;7.267093e-03;2.299343e-02
2.708711e-02;4.282742e-01;2.157835e-01;2.738315e-02;6.692484e-03;6.547387e-02;8.288691e-03;2.626617e-02;1.340029e-01;2.406523e-02;8.697324e-03;2.798548e-02
2.563887e-02;4.202316e-01;2.165505e-01;2.156544e-02;4.294910e-03;6.635951e-02;9.997767e-03;1.694530e-02;1.339609e-01;3.405942e-02;8.324890e-03;4.207091e-02
2.439956e-02;3.665677e-01;2.516553e-01;1.996815e-02;3.936546e-03;6.406326e-02;1.083326e-02;2.697670e-02;1.108340e-01;5.343092e-02;6.512171e-03;6.082239e-02
2.966841e-02;2.927274e-01;2.229486e-01;3.535226e-02;1.140955e-02;6.772580e-02;2.587524e-02;8.142232e-02;9.654620e-02;5.851706e-02;1.106074e-02;6.674634e-02
4.577419e-02;1.892214e-01;1.400751e-01;8.080262e-02;4.723261e-02;8.081762e-02;4.554384e-02;1.356757e-01;8.822967e-02;2.313969e-02;6.407677e-02;5.941077e-02
5.872142e-02;1.450793e-01;2.299007e-01;1.053171e-01;5.203972e-02;5.183547e-02;5.002139e-02;9.483486e-02;5.526479e-02;4.596242e-02;8.232286e-02;2.869998e-02
5.537749e-02;1.076277e-01;3.077782e-01;1.274070e-01;3.563444e-02;3.587931e-02;4.838654e-02;5.803743e-02;4.425698e-02;6.569298e-02;9.322623e-02;2.069569e-02
3.778829e-02;9.894796e-02;3.315347e-01;1.472076e-01;1.571714e-02;6.199262e-02;3.549945e-02;4.276167e-02;3.928152e-02;5.797143e-02;1.150862e-01;1.621147e-02
1.826498e-02;1.163041e-01;3.445585e-01;1.610554e-01;2.644021e-02;7.311821e-02;1.985444e-02;3.952068e-02;2.256693e-02;2.397685e-02;1.401455e-01;1.419423e-02
3.345135e-02;1.259076e-01;2.966842e-01;1.538096e-01;4.360840e-02;8.454774e-02;3.244676e-02;3.625411e-02;2.089312e-02;3.793634e-02;1.118907e-01;2.257006e-02
3.978301e-02;1.201027e-01;2.113709e-01;1.256665e-01;5.633727e-02;1.191736e-01;6.058694e-02;6.811152e-02;4.564857e-02;5.719679e-02;6.804996e-02;2.797224e-02
2.845231e-02;1.640140e-01;2.210876e-01;6.157411e-02;4.592305e-02;1.385737e-01;6.060763e-02;1.194612e-01;6.574947e-02;3.789578e-02;2.914708e-02;2.751406e-02
5.170480e-02;2.266295e-01;1.924215e-01;5.906012e-02;3.877879e-02;8.465821e-02;3.317310e-02;1.075691e-01;7.131876e-02;5.597120e-02;3.565104e-02;4.306391e-02
5.736383e-02;2.155027e-01;2.202975e-01;5.457830e-02;4.358355e-02;8.319698e-02;3.622652e-02;6.487454e-02;4.607500e-02;7.973678e-02;3.067324e-02;6.789104e-02
5.333228e-02;1.367828e-01;2.470643e-01;6.706312e-02;5.913972e-02;1.199328e-01;5.008643e-02;6.105519e-02;3.798428e-02;7.609504e-02;2.635724e-02;6.510680e-02
5.648676e-02;1.353344e-01;2.747140e-01;8.808560e-02;5.620361e-02;9.378137e-02;5.147698e-02;6.301512e-02;3.543102e-02;6.299464e-02;2.995511e-02;5.252137e-02
4.399165e-02;1.573491e-01;3.055007e-01;9.381040e-02;4.134042e-02;7.981201e-02;6.108995e-02;7.669843e-02;2.340785e-02;4.466147e-02;3.179421e-02;4.054384e-02
2.850995e-02;1.108478e-01;2.575041e-01;8.723934e-02;5.978337e-02;1.197349e-01;4.457870e-02;7.870214e-02;3.159193e-02;3.999572e-02;9.094124e-02;5.057079e-02
2.694642e-02;9.184896e-02;2.109430e-01;1.418167e-01;5.495817e-02;1.187675e-01;2.684059e-02;7.842712e-02;2.275832e-02;2.606750e-02;1.448125e-01;5.581320e-02
2.249532e-02;8.627311e-02;2.444341e-01;1.673164e-01;4.072718e-02;8.336154e-02;3.648394e-02;6.932690e-02;2.004687e-02;3.536063e-02;1.527190e-01;4.145494e-02
2.077706e-02;1.012345e-01;3.298133e-01;1.292457e-01;2.528785e-02;4.753279e-02;6.703728e-02;4.857948e-02;3.125497e-02;8.503845e-02;8.317056e-02;3.102805e-02
2.364814e-02;1.477442e-01;3.990378e-01;6.667163e-02;2.420132e-02;2.667683e-02;7.084979e-02;2.232488e-02;3.228178e-02;1.367992e-01;2.630281e-02;2.346160e-02
2.390006e-02;1.781320e-01;4.221379e-01;4.965666e-02;2.644123e-02;3.125256e-02;4.317091e-02;2.856118e-02;1.957162e-02;1.395204e-01;2.451233e-02;1.314322e-02
1.634343e-02;1.635804e-01;4.422150e-01;4.777952e-02;3.391042e-02;4.052037e-02;4.618783e-02;3.681407e-02;1.520102e-02;1.113722e-01;2.491288e-02;2.116289e-02
2.740695e-02;1.933682e-01;4.577634e-01;3.396354e-02;3.944680e-02;2.352810e-02;3.458570e-02;3.195908e-02;2.482612e-02;7.743393e-02;2.262970e-02;3.308844e-02
3.521538e-02;2.538462e-01;4.162623e-01;3.975761e-02;2.935556e-02;2.513831e-02;1.767891e-02;2.487764e-02;3.064848e-02;5.701992e-02;2.970234e-02;4.049736e-02
3.793628e-02;2.531638e-01;3.443057e-01;4.510175e-02;2.836853e-02;4.628266e-02;3.384484e-02;4.177753e-02;3.435770e-02;5.890711e-02;4.068470e-02;3.526948e-02
2.898573e-02;2.570041e-01;3.195327e-01;3.690932e-02;4.013865e-02;5.380483e-02;3.494809e-02;5.267568e-02;4.921776e-02;5.750058e-02;5.097432e-02;1.830816e-02
3.161218e-02;2.499480e-01;2.894547e-01;2.846375e-02;2.315750e-02;7.306491e-02;4.455242e-02;7.545310e-02;6.083043e-02;3.946474e-02;5.737153e-02;2.662676e-02
4.087150e-02;2.450450e-01;2.646123e-01;4.141178e-02;2.307424e-02;9.915935e-02;4.569208e-02;8.930337e-02;6.505469e-02;2.105894e-02;3.789879e-02;2.681794e-02
2.390012e-02;2.316440e-01;3.111971e-01;5.555326e-02;3.409658e-02;8.803344e-02;2.570258e-02;6.575635e-02;5.659676e-02;4.443983e-02;3.423960e-02;2.884032e-02
2.376260e-02;2.456187e-01;3.137498e-01;5.710158e-02;2.615804e-02;7.078138e-02;1.493269e-02;5.104347e-02;5.363888e-02;4.274446e-02;8.185179e-02;1.861650e-02
3.955852e-02;2.097799e-01;2.403798e-01;6.353679e-02;4.171270e-02;6.890643e-02;4.370254e-02;5.269052e-02;5.472639e-02;6.769522e-02;9.381356e-02;2.349769e-02
1.061437e-01;1.610260e-01;2.135723e-01;4.465672e-02;5.801994e-02;5.855843e-02;5.114157e-02;5.614585e-02;3.824220e-02;7.881095e-02;6.821938e-02;6.546303e-02
1.365342e-01;1.548879e-01;1.933971e-01;2.553993e-02;5.759040e-02;4.413617e-02;6.430139e-02;6.449236e-02;2.302167e-02;5.731917e-02;7.727203e-02;1.015076e-01
1.348667e-01;1.160161e-01;1.706944e-01;4.915712e-02;4.682843e-02;7.641480e-02;6.045851e-02;6.270173e-02;2.274556e-02;5.171451e-02;6.655397e-02;1.418482e-01
1.011848e-01;1.362314e-01;1.975547e-01;9.722319e-02;4.779090e-02;9.836840e-02;5.537640e-02;4.973054e-02;3.241115e-02;4.386797e-02;3.830069e-02;1.019598e-01
6.836255e-02;1.548129e-01;2.259439e-01;1.137129e-01;5.347968e-02;7.585496e-02;6.258134e-02;4.830348e-02;3.092464e-02;2.781726e-02;6.827708e-02;6.992928e-02
4.400080e-02;1.942533e-01;2.724238e-01;1.119624e-01;4.172444e-02;5.201174e-02;6.124834e-02;4.771030e-02;3.150420e-02;1.358425e-02;6.281362e-02;6.676282e-02
8.103654e-02;2.037590e-01;2.508844e-01;9.741915e-02;2.099510e-02;7.935899e-02;3.878187e-02;6.711771e-02;3.193371e-02;4.507923e-02;4.287684e-02;4.075751e-02
5.811357e-02;1.103207e-01;3.129740e-01;6.385886e-02;3.596183e-02;1.087454e-01;5.159962e-02;7.619052e-02;5.305406e-02;7.432283e-02;3.492837e-02;1.993028e-02
2.456390e-02;1.318204e-01;3.630864e-01;9.187478e-02;2.893061e-02;7.078716e-02;6.026041e-02;6.055910e-02;3.840686e-02;8.019153e-02;2.997309e-02;1.954584e-02
1.519706e-02;1.065089e-01;4.022156e-01;1.179884e-01;2.158828e-02;6.728257e-02;6.654209e-02;6.050457e-02;1.675976e-02;8.340417e-02;2.491935e-02;1.708915e-02
1.843568e-02;9.679598e-02;4.561355e-01;1.150770e-01;7.176190e-03;4.363971e-02;5.200201e-02;7.767600e-02;1.508985e-02;8.401900e-02;1.839518e-02;1.555792e-02
2.261006e-02;9.415374e-02;4.472448e-01;1.002776e-01;1.178999e-02;5.846278e-02;3.154494e-02;8.497586e-02;2.340421e-02;6.665451e-02;4.565588e-02;1.322559e-02
2.015353e-02;8.438853e-02;4.467395e-01;1.060804e-01;1.011083e-02;5.440238e-02;2.955654e-02;7.575631e-02;3.364450e-02;5.767846e-02;6.411467e-02;1.737439e-02
2.019435e-02;8.925715e-02;4.612392e-01;1.194292e-01;1.747439e-02;6.363947e-02;2.435010e-02;3.295456e-02;2.695601e-02;4.749728e-02;7.958546e-02;1.742280e-02
2.260774e-02;1.060525e-01;4.642124e-01;1.734557e-01;1.827982e-02;4.334459e-02;2.204895e-02;2.651719e-02;2.069921e-02;3.411884e-02;5.420201e-02;1.446098e-02
1.475690e-02;9.122872e-02;4.449098e-01;2.281373e-01;2.583051e-02;5.543640e-02;2.061678e-02;2.471241e-02;1.623283e-02;1.735149e-02;5.224522e-02;8.541603e-03
9.063213e-03;9.521927e-02;4.378116e-01;2.595124e-01;2.282075e-02;5.599599e-02;1.711400e-02;2.432481e-02;1.271929e-02;7.003635e-03;5.101091e-02;7.404121e-03
8.686065e-03;9.496592e-02;4.065893e-01;2.556087e-01;3.184049e-02;8.089671e-02;1.434400e-02;3.811168e-02;1.197385e-02;1.107637e-02;4.029693e-02;5.609950e-03
1.236991e-02;9.600517e-02;4.234187e-01;2.253221e-01;3.116363e-02;9.902738e-02;8.152244e-03;4.073348e-02;1.315942e-02;1.385574e-02;2.975189e-02;7.040325e-03
2.611076e-02;1.140905e-01;4.006269e-01;1.273199e-01;2.778521e-02;9.668130e-02;2.929625e-02;7.298996e-02;4.620747e-02;2.270327e-02;2.512618e-02;1.106229e-02
3.217367e-02;1.163453e-01;2.878161e-01;7.045604e-02;4.035735e-02;1.029406e-01;4.606368e-02;1.040095e-01;6.739600e-02;4.456602e-02;5.485281e-02;3.302285e-02
3.976961e-02;1.113333e-01;2.673890e-01;7.208991e-02;4.572312e-02;9.591486e-02;5.032668e-02;9.714329e-02;6.607646e-02;5.021045e-02;6.369077e-02;4.033251e-02
4.108828e-02;1.112393e-01;3.468706e-01;1.049611e-01;3.597550e-02;7.400094e-02;4.895683e-02;6.768190e-02;5.377076e-02;4.167067e-02;4.782968e-02;2.595442e-02
4.053054e-02;1.067254e-01;3.772781e-01;1.560785e-01;2.749001e-02;5.493331e-02;3.890070e-02;6.612737e-02;4.848035e-02;2.401874e-02;3.074603e-02;2.869088e-02
2.421695e-02;9.852349e-02;2.838449e-01;2.101400e-01;7.875301e-02;1.020802e-01;2.520651e-02;5.260475e-02;2.806630e-02;1.371347e-02;6.224908e-02;2.060142e-02
8.747704e-03;5.896604e-02;1.855499e-01;2.250316e-01;1.444485e-01;1.522924e-01;2.584482e-02;5.936361e-02;1.187971e-02;1.406617e-02;8.564363e-02;2.816591e-02
1.341731e-02;5.612504e-02;1.467288e-01;1.857109e-01;1.842920e-01;1.953728e-01;1.687208e-02;4.541316e-02;1.525924e-02;1.745685e-02;8.850685e-02;3.484502e-02
1.777092e-02;5.963258e-02;1.608673e-01;1.597351e-01;1.608006e-01;2.350665e-01;1.729196e-02;4.077722e-02;2.089245e-02;1.741144e-02;6.318402e-02;4.656988e-02
1.839826e-02;9.570722e-02;1.925067e-01;1.757130e-01;1.062440e-01;2.266787e-01;1.928692e-02;5.263811e-02;2.520713e-02;2.210458e-02;3.033158e-02;3.518386e-02
2.038516e-02;1.364089e-01;2.374724e-01;1.937174e-01;7.546008e-02;1.777586e-01;2.422185e-02;4.942184e-02;2.604856e-02;2.238841e-02;1.579164e-02;2.092521e-02
2.144316e-02;1.311042e-01;3.925595e-01;1.595730e-01;4.339234e-02;1.364509e-01;2.471372e-02;3.915728e-02;1.349661e-02;1.553098e-02;1.419718e-02;8.381107e-03
2.158794e-02;1.047484e-01;4.744339e-01;1.133708e-01;2.011278e-02;1.398562e-01;3.680870e-02;2.295485e-02;1.623804e-02;1.846622e-02;1.681468e-02;1.460755e-02
1.554541e-02;1.164924e-01;4.404992e-01;1.161752e-01;4.045123e-02;1.244135e-01;2.969812e-02;4.274317e-02;1.997768e-02;2.440987e-02;1.308621e-02;1.650788e-02
2.480413e-02;1.166350e-01;3.337522e-01;1.210114e-01;6.148781e-02;7.414029e-02;3.431979e-02;6.854053e-02;3.612759e-02;4.382119e-02;4.968727e-02;3.567282e-02
3.505136e-02;1.966949e-01;3.482723e-01;8.360178e-02;3.377448e-02;4.488865e-02;3.394325e-02;7.608421e-02;4.482030e-02;1.393849e-02;4.768519e-02;4.124517e-02
3.209878e-02;2.584800e-01;3.593896e-01;5.148337e-02;1.533027e-02;5.805817e-02;2.115185e-02;4.675419e-02;4.525127e-02;5.125239e-02;4.232207e-02;1.842794e-02
3.240046e-02;3.220720e-01;3.763913e-01;4.345339e-02;5.911382e-03;5.103583e-02;1.329127e-02;3.204010e-02;4.826328e-02;4.438035e-02;2.484801e-02;5.912577e-03
3.381419e-02;3.903556e-01;3.279510e-01;4.597032e-02;2.036305e-02;5.067109e-02;1.219295e-02;2.115534e-02;6.113423e-02;2.446339e-02;7.918473e-03;4.010412e-03
5.470378e-02;4.400148e-01;2.075386e-01;5.147560e-02;3.226890e-02;5.358680e-02;1.879500e-02;2.302905e-02;7.696673e-02;1.718421e-02;1.873299e-02;5.703572e-03
8.353607e-02;4.053940e-01;2.005951e-01;3.609182e-02;3.207996e-02;5.066428e-02;3.566601e-02;4.571882e-02;6.960239e-02;9.484039e-03;2.301623e-02;8.151259e-03
1.154273e-01;3.103364e-01;2.000321e-01;4.288195e-02;6.249938e-02;4.180772e-02;4.285111e-02;9.687421e-02;5.274423e-02;1.013872e-02;1.531031e-02;9.096583e-03
1.685108e-01;2.033184e-01;1.477217e-01;4.652807e-02;8.288080e-02;3.392625e-02;4.614915e-02;1.812814e-01;4.288270e-02;1.318183e-02;1.157259e-02;2.204620e-02
1.773687e-01;1.949961e-01;9.472557e-02;3.646403e-02;5.792713e-02;5.457537e-02;6.609003e-02;1.805158e-01;4.616695e-02;1.607209e-02;1.926785e-02;5.583038e-02
1.132993e-01;2.133193e-01;1.470937e-01;4.322910e-02;3.032371e-02;5.355427e-02;1.087793e-01;9.420889e-02;3.716712e-02;3.696527e-02;1.650994e-02;1.055501e-01
7.631682e-02;1.738923e-01;1.112172e-01;4.864890e-02;3.757631e-02;8.643975e-02;1.305942e-01;4.864727e-02;4.937743e-02;5.073366e-02;4.267162e-02;1.438846e-01
6.695694e-02;1.384091e-01;2.404242e-01;6.901264e-02;3.078690e-02;6.411351e-02;5.893651e-02;6.264835e-02;6.352547e-02;4.076946e-02;8.889820e-02;7.551874e-02
3.983489e-02;1.337779e-01;2.570541e-01;7.007165e-02;2.093825e-02;1.098968e-01;9.073023e-02;5.805815e-02;5.718146e-02;2.864196e-02;8.942539e-02;4.438931e-02
3.592768e-02;9.258587e-02;1.546763e-01;8.421811e-02;3.795523e-02;1.276546e-01;1.969802e-01;7.332012e-02;4.531037e-02;1.811348e-02;5.396562e-02;7.929239e-02
4.603053e-02;6.020176e-02;1.096981e-01;1.227323e-01;2.222182e-02;8.275418e-02;2.844409e-01;8.428885e-02;2.959538e-02;1.285547e-02;2.104438e-02;1.241363e-01
6.366885e-02;8.986422e-02;9.998784e-02;1.354045e-01;2.628103e-02;4.642291e-02;2.643905e-01;9.629957e-02;1.438517e-02;1.548845e-02;1.802217e-02;1.297848e-01
6.890150e-02;5.720699e-02;9.268936e-02;1.228895e-01;5.854162e-02;3.861415e-02;2.177735e-01;1.744076e-01;1.662792e-02;1.672230e-02;2.759595e-02;1.080297e-01
7.709815e-02;1.204033e-01;1.095613e-01;7.978493e-02;5.417568e-02;4.837204e-02;1.663655e-01;2.000988e-01;2.075758e-02;2.166974e-02;2.799187e-02;7.372113e-02
8.699527e-02;1.415146e-01;1.365034e-01;5.452795e-02;2.737240e-02;8.613869e-02;1.364781e-01;1.603227e-01;4.263997e-02;2.007027e-02;3.736494e-02;7.007180e-02
6.140495e-02;1.756263e-01;2.733259e-01;5.703321e-02;3.654507e-02;7.013948e-02;6.363370e-02;8.105455e-02;6.476989e-02;2.526414e-02;3.681483e-02;5.438796e-02
4.778932e-02;1.418838e-01;3.002836e-01;1.004294e-01;6.796930e-02;5.057762e-02;7.474689e-02;5.401688e-02;6.894628e-02;2.989192e-02;1.955375e-02;4.391113e-02
6.185276e-02;9.680274e-02;2.641358e-01;1.062004e-01;6.174952e-02;9.184147e-02;7.846471e-02;7.400539e-02;7.037962e-02;3.333170e-02;1.975578e-02;4.148011e-02
4.737818e-02;1.391617e-01;2.225969e-01;7.305507e-02;4.237261e-02;1.053623e-01;7.566585e-02;1.075526e-01;7.909752e-02;4.782218e-02;2.738618e-02;3.254889e-02
3.058502e-02;1.853801e-01;2.117781e-01;7.166357e-02;2.901476e-02;6.144221e-02;7.984769e-02;1.344800e-01;8.158332e-02;5.162437e-02;3.472050e-02;2.788038e-02
3.141773e-02;2.051189e-01;2.254741e-01;6.488102e-02;1.802213e-02;5.881913e-02;8.142836e-02;1.252763e-01;7.807939e-02;4.846849e-02;2.842199e-02;3.459237e-02
6.494204e-02;2.774188e-01;1.141200e-01;6.787754e-02;4.560265e-02;9.523260e-02;6.518123e-02;9.166750e-02;5.319864e-02;5.058172e-02;2.872855e-02;4.544876e-02
7.061095e-02;2.643657e-01;2.243941e-01;7.934812e-02;4.129433e-02;7.513627e-02;5.704910e-02;4.765075e-02;4.081913e-02;3.711959e-02;2.375919e-02;3.845276e-02
6.856669e-02;1.921089e-01;2.157127e-01;7.269371e-02;4.035395e-02;6.810752e-02;1.050126e-01;7.694685e-02;5.360328e-02;3.934040e-02;1.391298e-02;5.364041e-02
1.009461e-01;1.141871e-01;1.094802e-01;6.246888e-02;5.193044e-02;8.786749e-02;1.366894e-01;1.038000e-01;6.806639e-02;6.542068e-02;3.146806e-02;6.767543e-02
9.221155e-02;1.516954e-01;1.522725e-01;6.644649e-02;4.388367e-02;9.308731e-02;5.398187e-02;1.343012e-01;8.429805e-02;6.642041e-02;2.828157e-02;3.312007e-02
5.907098e-02;2.001815e-01;1.484731e-01;7.711254e-02;2.890608e-02;8.611483e-02;3.957116e-02;1.596901e-01;9.137889e-02;5.649487e-02;1.974403e-02;3.326189e-02
3.452301e-02;2.139311e-01;2.217988e-01;8.391718e-02;3.991431e-02;1.300711e-01;3.553160e-02;7.428503e-02;5.222403e-02;5.309111e-02;2.860321e-02;3.210943e-02
3.103004e-02;2.249912e-01;2.980486e-01;6.562653e-02;3.935136e-02;9.193461e-02;2.510716e-02;5.857408e-02;4.769260e-02;5.502553e-02;2.242624e-02;4.019199e-02
2.020249e-02;2.575896e-01;3.257221e-01;4.851927e-02;2.717719e-02;6.142390e-02;1.846717e-02;6.364184e-02;5.526502e-02;5.745316e-02;1.201465e-02;5.252356e-02
1.486295e-02;2.905155e-01;3.258537e-01;2.396582e-02;1.783157e-02;3.878620e-02;1.283440e-02;5.844765e-02;6.994525e-02;6.739762e-02;1.034657e-02;6.921274e-02
1.576541e-02;2.966430e-01;2.976837e-01;1.916869e-02;1.483037e-02;2.167109e-02;1.228739e-02;6.074898e-02;8.730210e-02;8.489057e-02;8.631640e-03;8.037699e-02
1.552852e-02;2.733654e-01;2.885186e-01;1.945412e-02;1.227496e-02;2.242516e-02;1.382700e-02;7.491411e-02;8.837871e-02;1.095627e-01;1.094135e-02;7.080937e-02
1.333199e-02;2.221301e-01;3.244713e-01;8.879746e-03;1.701819e-02;1.971559e-02;1.726134e-02;8.112066e-02;7.364693e-02;1.606119e-01;1.378584e-02;4.802637e-02
1.672415e-02;1.625863e-01;3.736570e-01;1.506160e-02;3.185004e-02;1.971686e-02;3.609274e-02;4.943492e-02;4.973882e-02;2.045273e-01;1.969395e-02;2.091629e-02
3.652281e-02;1.202447e-01;4.009080e-01;3.531141e-02;3.814448e-02;1.401137e-02;4.402000e-02;2.556376e-02;3.335191e-02;2.004281e-01;4.328220e-02;8.211325e-03
5.267395e-02;1.060652e-01;3.606133e-01;8.269669e-02;3.666758e-02;2.929590e-02;3.090834e-02;1.997196e-02;3.752049e-02;1.285254e-01;1.059501e-01;9.111083e-03
3.745291e-02;8.729117e-02;2.622904e-01;1.694105e-01;5.061365e-02;5.730104e-02;1.552000e-02;5.063152e-02;3.212129e-02;5.266888e-02;1.703538e-01;1.434480e-02
1.712124e-02;7.518785e-02;1.319286e-01;1.949803e-01;1.143243e-01;9.261084e-02;2.167273e-02;6.805618e-02;2.667788e-02;5.030491e-02;1.552868e-01;5.184835e-02
2.674719e-02;7.886817e-02;6.063132e-02;1.331126e-01;1.814477e-01;1.849395e-01;3.424520e-02;4.184273e-02;3.857949e-02;3.922424e-02;7.289195e-02;1.074699e-01
6.905970e-02;6.590845e-02;1.016922e-01;5.726981e-02;1.419608e-01;3.317186e-01;4.379074e-02;2.096052e-02;3.191155e-02;2.876392e-02;2.092035e-02;8.604336e-02
1.176355e-01;4.980961e-02;7.945927e-02;2.742966e-02;6.101241e-02;4.673070e-01;6.437115e-02;5.006922e-02;1.848798e-02;3.067887e-02;1.015051e-02;2.358887e-02
1.048984e-01;8.047976e-02;3.772946e-02;2.980767e-02;2.900080e-02;4.006984e-01;1.446218e-01;7.220870e-02;1.043387e-02;4.581849e-02;1.735038e-02;2.695224e-02
5.209568e-02;1.245425e-01;4.529664e-02;2.737843e-02;1.562356e-02;2.296775e-01;2.886454e-01;1.170401e-01;1.537340e-02;4.384037e-02;2.560958e-02;1.487686e-02
1.751739e-02;1.196245e-01;7.005322e-02;1.799599e-02;1.455271e-02;1.704955e-01;3.134467e-01;1.793178e-01;2.821951e-02;3.655394e-02;2.583903e-02;6.383724e-03
2.084137e-02;9.516154e-02;1.091388e-01;1.135512e-02;1.394019e-02;1.543391e-01;2.376494e-01;2.539728e-01;4.472632e-02;3.082453e-02;1.855716e-02;9.493598e-03
3.118645e-02;1.128779e-01;1.276597e-01;1.365996e-02;2.192035e-02;1.095330e-01;1.687330e-01;2.909094e-01;6.410700e-02;3.262539e-02;1.307170e-02;1.371614e-02
3.130672e-02;1.555413e-01;1.669768e-01;3.374985e-02;3.577911e-02;1.405349e-01;1.050512e-01;1.931010e-01;6.134925e-02;3.618461e-02;1.629680e-02;2.412859e-02
3.502520e-02;1.488069e-01;2.314175e-01;6.983729e-02;3.617194e-02;1.414517e-01;8.679901e-02;9.858910e-02;4.651421e-02;3.263970e-02;3.754455e-02;3.520288e-02
4.202354e-02;1.206124e-01;1.864883e-01;7.276095e-02;3.294572e-02;1.720711e-01;9.840903e-02;1.322372e-01;3.182880e-02;4.209037e-02;3.898476e-02;2.954785e-02
2.424662e-02;1.137232e-01;1.674763e-01;6.932493e-02;8.282458e-02;2.033910e-01;6.438719e-02;1.466633e-01;3.908034e-02;4.108734e-02;2.535792e-02;2.243726e-02
