1.612839e-01;4.824806e-02;1.562425e-01;5.214655e-02;2.981896e-02;5.028440e-02;8.979819e-02;5.115095e-02;1.087404e-01;1.195688e-01;8.348789e-02;4.922946e-02
1.693716e-01;7.917275e-02;1.286177e-01;5.728466e-02;3.155145e-02;5.750444e-02;7.718471e-02;5.334848e-02;1.059176e-01;1.019265e-01;9.619359e-02;4.192645e-02
1.366947e-01;9.073543e-02;1.223485e-01;6.200379e-02;3.785091e-02;7.327893e-02;1.227758e-01;9.584331e-02;8.611151e-02;7.130765e-02;6.869771e-02;3.235168e-02
6.945507e-02;4.083579e-02;9.754304e-02;4.203648e-02;7.178287e-02;7.949185e-02;3.171281e-01;7.447806e-02;7.604114e-02;5.711197e-02;3.640388e-02;3.769172e-02
3.810286e-02;2.577144e-02;1.781028e-01;3.542820e-02;1.135269e-01;1.032554e-01;3.823279e-01;3.484204e-02;2.368922e-02;2.339632e-02;1.583451e-02;2.572238e-02
2.478305e-02;2.474508e-02;2.057736e-01;5.661101e-02;1.557990e-01;1.079284e-01;3.061540e-01;2.467080e-02;2.065099e-02;2.255489e-02;1.854607e-02;3.178304e-02
1.860302e-02;2.074466e-02;2.359628e-01;9.118238e-02;2.319374e-01;1.091423e-01;1.787606e-01;1.540333e-02;1.862095e-02;1.712810e-02;1.431577e-02;4.819874e-02
1.636359e-02;1.439440e-02;2.733936e-01;1.350739e-01;2.974854e-01;9.716824e-02;5.365542e-02;9.680269e-03;1.682645e-02;2.183731e-02;8.261705e-03;5.585980e-02
1.474474e-02;1.743461e-02;3.162096e-01;1.519391e-01;2.616310e-01;7.344876e-02;4.523681e-02;1.287514e-02;1.141188e-02;3.255157e-02;2.026808e-02;4.224874e-02
1.334325e-02;2.337575e-02;3.752918e-01;1.517818e-01;2.281638e-01;6.149877e-02;3.145420e-02;1.099088e-02;1.106800e-02;3.497657e-02;3.016152e-02;2.789369e-02
8.203998e-03;3.261880e-02;4.142870e-01;1.396057e-01;2.086517e-01;5.285801e-02;2.537451e-02;1.332916e-02;9.716888e-03;3.708017e-02;4.099961e-02;1.727444e-02
7.363375e-03;3.533667e-02;4.265519e-01;1.175525e-01;1.924563e-01;5.075721e-02;2.773778e-02;2.431818e-02;1.299929e-02;2.485525e-02;5.192190e-02;2.814963e-02
5.395020e-03;2.744888e-02;4.313798e-01;1.095674e-01;1.866421e-01;5.738854e-02;4.356816e-02;2.953021e-02;6.244484e-03;1.762103e-02;6.024508e-02;2.496927e-02
4.684458e-03;2.422766e-02;4.535101e-01;1.133469e-01;1.859349e-01;5.931465e-02;2.609251e-02;2.721022e-02;6.788715e-03;1.658607e-02;6.698619e-02;1.531753e-02
5.240003e-03;2.364865e-02;4.643949e-01;1.115889e-01;1.845052e-01;5.591323e-02;1.962177e-02;2.880834e-02;1.065597e-02;1.408297e-02;7.182237e-02;9.717608e-03
4.768460e-03;2.115172e-02;4.600204e-01;1.063325e-01;1.887008e-01;5.909584e-02;2.108422e-02;2.750509e-02;7.605108e-03;2.177462e-02;6.745407e-02;1.450709e-02
4.325690e-03;2.066539e-02;4.262118e-01;9.653902e-02;2.080307e-01;6.708102e-02;3.055735e-02;2.009976e-02;8.210696e-03;3.756903e-02;5.275889e-02;2.795064e-02
1.032845e-02;1.633035e-02;3.737006e-01;8.790262e-02;2.328710e-01;7.968459e-02;4.443809e-02;1.812382e-02;9.730119e-03;4.440970e-02;4.052736e-02;4.195337e-02
7.916931e-03;1.331370e-02;3.371553e-01;8.321832e-02;2.470120e-01;9.094602e-02;7.661976e-02;1.584096e-02;1.176660e-02;3.470456e-02;3.055390e-02;5.095197e-02
7.617382e-03;1.356930e-02;3.731908e-01;8.464634e-02;2.353283e-01;8.806229e-02;6.311569e-02;1.982501e-02;1.218393e-02;2.870883e-02;3.169587e-02;4.205624e-02
4.330369e-03;1.513350e-02;4.458399e-01;8.755884e-02;2.126374e-01;7.607767e-02;2.781582e-02;2.387046e-02;1.274308e-02;3.210799e-02;3.750170e-02;2.438325e-02
8.347319e-03;1.216139e-02;4.894810e-01;8.148222e-02;1.718566e-01;6.365189e-02;4.185228e-02;2.607199e-02;1.705802e-02;3.426334e-02;3.711827e-02;1.665569e-02
1.764049e-02;1.932783e-02;5.159424e-01;6.902463e-02;1.298942e-01;5.644495e-02;5.069825e-02;2.330623e-02;3.190783e-02;3.831825e-02;2.781055e-02;1.968446e-02
4.274904e-02;4.054432e-02;4.927360e-01;5.298692e-02;1.023278e-01;4.065564e-02;3.480371e-02;3.594639e-02;4.656317e-02;6.871156e-02;2.527448e-02;1.670093e-02
1.037531e-01;7.912001e-02;3.226198e-01;4.303565e-02;7.152276e-02;5.179518e-02;5.377534e-02;4.646079e-02;5.727422e-02;1.086186e-01;3.327206e-02;2.875250e-02
1.702871e-01;1.191230e-01;1.530590e-01;5.449419e-02;5.580211e-02;5.699707e-02;7.332813e-02;4.046428e-02;8.332647e-02;1.103075e-01;4.699599e-02;3.581515e-02
1.293698e-01;1.592371e-01;3.823216e-02;7.535420e-02;4.959663e-02;5.827011e-02;1.179733e-01;5.343703e-02;1.223015e-01;1.094619e-01;4.581607e-02;4.095025e-02
5.054868e-02;1.176828e-01;1.256066e-01;6.593417e-02;6.611416e-02;7.943358e-02;1.687237e-01;8.318831e-02;9.195414e-02;8.476175e-02;2.581921e-02;4.023292e-02
7.517282e-02;8.014931e-02;1.447859e-01;5.330928e-02;5.023255e-02;6.891650e-02;1.717225e-01;9.564157e-02;8.798097e-02;9.470621e-02;2.979444e-02;4.758796e-02
6.133768e-02;7.071242e-02;9.612377e-02;4.517148e-02;7.330295e-02;7.956915e-02;1.566475e-01;1.028153e-01;1.185491e-01;9.709935e-02;3.556810e-02;6.310322e-02
3.194461e-02;6.155324e-02;1.432217e-01;7.497816e-02;1.314497e-01;1.003161e-01;1.595492e-01;7.688149e-02;6.410584e-02;3.615229e-02;4.948351e-02;7.036414e-02
2.370044e-02;4.668328e-02;1.881534e-01;8.915018e-02;1.201868e-01;8.643524e-02;1.287120e-01;5.796218e-02;2.788021e-02;8.132582e-02;9.672005e-02;5.309039e-02
2.531434e-02;3.105101e-02;2.688892e-01;8.920763e-02;8.134101e-02;5.216200e-02;9.113102e-02;5.699318e-02;3.663408e-02;1.179649e-01;1.185637e-01;3.074797e-02
3.072060e-02;1.893786e-02;3.620849e-01;6.071544e-02;3.236990e-02;1.287383e-02;1.102605e-01;5.372811e-02;3.322245e-02;1.847739e-01;9.360702e-02;6.705512e-03
3.664052e-02;1.867407e-02;3.816586e-01;3.283530e-02;1.375688e-02;6.377328e-03;1.220601e-01;2.274499e-02;2.061558e-02;2.540475e-01;7.337554e-02;1.721358e-02
6.208693e-02;1.172423e-02;3.817420e-01;3.323709e-02;1.583422e-02;8.076123e-03;1.076655e-01;7.768268e-03;1.827595e-02;3.011408e-01;4.247472e-02;9.974144e-03
8.676319e-02;8.413140e-03;3.668472e-01;2.428335e-02;1.473578e-02;9.647259e-03;8.312161e-02;8.263462e-03;1.499370e-02;3.349563e-01;4.208264e-02;5.892369e-03
8.749721e-02;1.801645e-02;3.620854e-01;2.466546e-02;2.005326e-02;7.173090e-03;6.205544e-02;7.293559e-03;3.596691e-02;3.406865e-01;2.337524e-02;1.113151e-02
6.026102e-02;3.173893e-02;3.809173e-01;2.379902e-02;3.175852e-02;7.972344e-03;4.942334e-02;8.294340e-03;6.130992e-02;3.241071e-01;7.022634e-03;1.339557e-02
3.473976e-02;5.531215e-02;4.105333e-01;2.475756e-02;4.664151e-02;1.036352e-02;3.897053e-02;1.140789e-02;6.626262e-02;2.782951e-01;1.037615e-02;1.233990e-02
5.228091e-02;9.954669e-02;3.961440e-01;2.035744e-02;4.928544e-02;1.792447e-02;3.360153e-02;1.881771e-02;8.963156e-02;1.999224e-01;9.414487e-03;1.307332e-02
9.028046e-02;1.269802e-01;3.160530e-01;4.013857e-02;5.029013e-02;3.220326e-02;3.674269e-02;3.261010e-02;1.070305e-01;1.251097e-01;1.955175e-02;2.300965e-02
1.065508e-01;1.427225e-01;2.722706e-01;5.872979e-02;5.103359e-02;4.377459e-02;4.701957e-02;3.883635e-02;9.978487e-02;8.700527e-02;2.440615e-02;2.786583e-02
3.552015e-02;1.151463e-01;4.121462e-01;5.386553e-02;7.619280e-02;3.545834e-02;3.193983e-02;2.855993e-02;8.567438e-02;8.929819e-02;1.350777e-02;2.269055e-02
2.506341e-02;8.154888e-02;4.735567e-01;3.405975e-02;1.138730e-01;1.799443e-02;2.464220e-02;1.977829e-02;6.199196e-02;1.296075e-01;6.672077e-03;1.121185e-02
9.749103e-03;6.341008e-02;5.291957e-01;2.177443e-02;1.303579e-01;5.902528e-03;2.964485e-02;8.212109e-03;2.999911e-02;1.653777e-01;2.943866e-03;3.432766e-03
5.089784e-03;5.325890e-02;5.497251e-01;2.344708e-02;1.063106e-01;7.837435e-03;2.976908e-02;5.455677e-03;2.766547e-02;1.841412e-01;4.593232e-03;2.706446e-03
6.178589e-03;5.065159e-02;5.564684e-01;2.466634e-02;1.001506e-01;8.087907e-03;3.062385e-02;4.614330e-03;2.229305e-02;1.909979e-01;1.970435e-03;3.297005e-03
8.331741e-03;4.240998e-02;5.356081e-01;2.225358e-02;1.268353e-01;6.425756e-03;3.517715e-02;4.420048e-03;2.053238e-02;1.925157e-01;2.594070e-03;2.896306e-03
6.880591e-03;3.080644e-02;5.219688e-01;2.241021e-02;1.486128e-01;6.721074e-03;4.689565e-02;2.775242e-03;1.334101e-02;1.937905e-01;3.068443e-03;2.729161e-03
1.725748e-02;2.263920e-02;5.299473e-01;2.519960e-02;1.370641e-01;4.566717e-03;6.031507e-02;2.263880e-03;7.910733e-03;1.856747e-01;6.108071e-03;1.053182e-03
2.870705e-02;1.778064e-02;5.606767e-01;3.066167e-02;9.487759e-02;4.239805e-03;6.761290e-02;1.577566e-03;4.087913e-03;1.745497e-01;1.355504e-02;1.673440e-03
3.962404e-02;2.041896e-02;5.783967e-01;3.394306e-02;5.416294e-02;5.073509e-03;6.401024e-02;2.400314e-03;6.802303e-03;1.700536e-01;2.012965e-02;4.984720e-03
4.604885e-02;3.895639e-02;5.417483e-01;3.884890e-02;4.515316e-02;6.491170e-03;5.542991e-02;3.347588e-03;1.440848e-02;1.649413e-01;3.035145e-02;1.427446e-02
3.868888e-02;6.770425e-02;5.128719e-01;3.833735e-02;4.692226e-02;7.606281e-03;5.324575e-02;6.459359e-03;2.300263e-02;1.532957e-01;3.146259e-02;2.040301e-02
3.264793e-02;1.081938e-01;5.384846e-01;3.193622e-02;4.482096e-02;1.633796e-02;3.404058e-02;1.270809e-02;4.214367e-02;1.043938e-01;1.991468e-02;1.437772e-02
6.044155e-02;1.077215e-01;5.723329e-01;3.338173e-02;3.514328e-02;2.336411e-02;3.586806e-02;1.312652e-02;3.705017e-02;4.027729e-02;1.719574e-02;2.409714e-02
1.009793e-01;8.612748e-02;5.932642e-01;2.725027e-02;2.772058e-02;1.993961e-02;3.733856e-02;1.110533e-02;2.047620e-02;2.676357e-02;1.759791e-02;3.143695e-02
9.605296e-02;3.704983e-02;5.149725e-01;5.051944e-02;3.665842e-02;3.963961e-02;7.250394e-02;2.464220e-02;3.635404e-02;2.833766e-02;3.334020e-02;2.992920e-02
6.549684e-02;6.258695e-02;2.959135e-01;7.338964e-02;8.183569e-02;1.001512e-01;6.575354e-02;5.041966e-02;5.670772e-02;5.490918e-02;6.336878e-02;2.946725e-02
7.914758e-02;4.117341e-02;2.302444e-01;6.747580e-02;8.973838e-02;9.176040e-02;1.077133e-01;7.498099e-02;5.016590e-02;7.004005e-02;6.975343e-02;2.780637e-02
7.332118e-02;4.158651e-02;3.172951e-01;8.267286e-02;8.645532e-02;5.286462e-02;9.603168e-02;5.218142e-02;2.706082e-02;7.651171e-02;7.163639e-02;2.238241e-02
5.169933e-02;4.668863e-02;4.145230e-01;9.407955e-02;7.465106e-02;3.513077e-02;6.602881e-02;2.469242e-02;2.064766e-02;9.629343e-02;5.809567e-02;1.746967e-02
3.072619e-02;3.841582e-02;5.563420e-01;8.147774e-02;5.784191e-02;1.514022e-02;3.790230e-02;7.102149e-03;1.109945e-02;1.226860e-01;3.260652e-02;8.659645e-03
2.151741e-02;7.100327e-02;5.907978e-01;4.880633e-02;6.996143e-02;6.113420e-03;2.552544e-02;3.278172e-03;1.764226e-02;1.298706e-01;1.201983e-02;3.464015e-03
3.431413e-02;1.225317e-01;5.398681e-01;2.306902e-02;8.864544e-02;6.990652e-03;3.258869e-02;4.523441e-03;2.470342e-02;1.126758e-01;7.065453e-03;3.024143e-03
5.074062e-02;1.398510e-01;5.173376e-01;1.877412e-02;7.776036e-02;8.059881e-03;5.543419e-02;4.530747e-03;2.294076e-02;9.367078e-02;7.966553e-03;2.933380e-03
4.800481e-02;9.995220e-02;5.522526e-01;3.330504e-02;5.092155e-02;1.171791e-02;8.624927e-02;9.265294e-03;1.604018e-02;7.905217e-02;9.112915e-03;4.126104e-03
2.590633e-02;3.448329e-02;5.927296e-01;3.162315e-02;4.966270e-02;9.241263e-03;1.189529e-01;9.853165e-03;1.069593e-02;1.068758e-01;6.783244e-03;3.192630e-03
8.036730e-03;4.219348e-02;6.040107e-01;2.727105e-02;5.801205e-02;6.235116e-03;1.035434e-01;9.968501e-03;1.430665e-02;1.207783e-01;3.342679e-03;2.301397e-03
2.561827e-02;8.569817e-02;5.932677e-01;2.906607e-02;4.779022e-02;8.662513e-03;5.843948e-02;2.233001e-02;2.699655e-02;9.184498e-02;4.865855e-03;5.420216e-03
7.444294e-02;1.337899e-01;5.268373e-01;3.056170e-02;3.309278e-02;1.712868e-02;2.600545e-02;3.627097e-02;3.748324e-02;5.608323e-02;1.481303e-02;1.349082e-02
1.355672e-01;1.449110e-01;4.234646e-01;2.637137e-02;5.058972e-02;2.134179e-02;1.899359e-02;3.241085e-02;4.841690e-02;4.630022e-02;2.707198e-02;2.456080e-02
1.553411e-01;1.360699e-01;2.817148e-01;2.422663e-02;8.932449e-02;3.314609e-02;6.427786e-02;2.022846e-02;5.614667e-02;6.071115e-02;4.278687e-02;3.602598e-02
1.182340e-01;8.628172e-02;1.784119e-01;3.502900e-02;1.173340e-01;4.904608e-02;1.397325e-01;3.835630e-02;5.054608e-02;9.119754e-02;6.288928e-02;3.294174e-02
9.215127e-02;7.764618e-02;3.496167e-01;4.095941e-02;8.097304e-02;3.007310e-02;1.203342e-01;3.041496e-02;3.936213e-02;7.802296e-02;2.800904e-02;3.243697e-02
5.374808e-02;1.135972e-01;2.758006e-01;5.797216e-02;5.672441e-02;4.752030e-02;1.078651e-01;6.867610e-02;6.721698e-02;7.199207e-02;1.890892e-02;5.997808e-02
5.810297e-02;6.983590e-02;1.495738e-01;7.750741e-02;7.326981e-02;7.961025e-02;1.287796e-01;1.000012e-01;8.364753e-02;6.795359e-02;4.042614e-02;7.129171e-02
4.774740e-02;5.777566e-02;8.563805e-02;8.034351e-02;9.453550e-02;1.180849e-01;9.892254e-02;8.429204e-02;1.173205e-01;1.073481e-01;4.783449e-02;6.015731e-02
4.748335e-02;5.203093e-02;1.423701e-01;8.089592e-02;1.002947e-01;1.226128e-01;6.320186e-02;6.006567e-02;1.192754e-01;1.028618e-01;5.189564e-02;5.701183e-02
4.070070e-02;4.544728e-02;2.426675e-01;9.730294e-02;1.123071e-01;9.069776e-02;1.329072e-01;4.003325e-02;7.083533e-02;6.378887e-02;3.057641e-02;3.273572e-02
3.870113e-02;4.292350e-02;3.626796e-01;1.032739e-01;1.128084e-01;5.456112e-02;1.456539e-01;2.908990e-02;2.038033e-02;3.345434e-02;4.709105e-02;9.382870e-03
4.899709e-02;6.819560e-02;4.133236e-01;1.128353e-01;1.026392e-01;4.766448e-02;8.103544e-02;2.099876e-02;1.261801e-02;2.964916e-02;5.128046e-02;1.076295e-02
6.111548e-02;9.396467e-02;3.941648e-01;1.059420e-01;1.039215e-01;4.736669e-02;5.511167e-02;1.289972e-02;1.762222e-02;3.245659e-02;5.531596e-02;2.011865e-02
3.039469e-02;1.210982e-01;2.572590e-01;7.318596e-02;1.013413e-01;4.232933e-02;1.449258e-01;2.733103e-02;5.179835e-02;6.780137e-02;4.680940e-02;3.572566e-02
4.135020e-02;7.012083e-02;4.110185e-01;7.787794e-02;8.172589e-02;4.171036e-02;9.724706e-02;2.608049e-02;4.553670e-02;7.517210e-02;1.568212e-02;1.647785e-02
3.759902e-02;2.804244e-02;5.400023e-01;8.708327e-02;5.954415e-02;3.207542e-02;7.094797e-02;1.208976e-02;3.372635e-02;7.336217e-02;1.860766e-02;6.919426e-03
2.917452e-02;2.774839e-02;6.023002e-01;6.906410e-02;5.335950e-02;1.428608e-02;8.078887e-02;6.361288e-03;2.207161e-02;8.379660e-02;9.149124e-03;1.899758e-03
2.245474e-02;2.632986e-02;6.155159e-01;5.659271e-02;6.565735e-02;1.338794e-02;7.336653e-02;1.022718e-02;1.708343e-02;8.923533e-02;5.669573e-03;4.479462e-03
2.644103e-02;7.307734e-02;6.134058e-01;4.945416e-02;4.716256e-02;2.021188e-02;4.627466e-02;1.713345e-02;2.483345e-02;6.748187e-02;4.643146e-03;9.880709e-03
2.199265e-02;1.318607e-01;6.117350e-01;2.954703e-02;1.535273e-02;2.719034e-02;2.417904e-02;3.200535e-02;5.390567e-02;3.511767e-02;3.554292e-03;1.355949e-02
2.107710e-02;1.669933e-01;5.454271e-01;2.381625e-02;1.404184e-02;3.620660e-02;1.312838e-02;4.402395e-02;7.907661e-02;3.642317e-02;4.391456e-03;1.539423e-02
2.867399e-02;1.897938e-01;4.698592e-01;1.947391e-02;2.049825e-02;3.328945e-02;1.437929e-02;4.697175e-02;1.006929e-01;5.324031e-02;4.925655e-03;1.820150e-02
2.033511e-02;1.938101e-01;4.350575e-01;2.484175e-02;1.817454e-02;3.373138e-02;9.739237e-03;4.788273e-02;1.196865e-01;7.307939e-02;2.651728e-03;2.100999e-02
9.025220e-03;1.841580e-01;4.344821e-01;2.875511e-02;1.850319e-02;2.714059e-02;1.006402e-02;4.180782e-02;1.270634e-01;9.027586e-02;3.310262e-03;2.541441e-02
2.108384e-02;2.028117e-01;4.127540e-01;1.722158e-02;1.288939e-02;2.531220e-02;8.532770e-03;3.067982e-02;1.386038e-01;9.264363e-02;2.569566e-03;3.489771e-02
2.817790e-02;2.493836e-01;3.691185e-01;1.082473e-02;5.326902e-03;2.690905e-02;4.336490e-03;2.347629e-02;1.494779e-01;8.175747e-02;3.345391e-03;4.786586e-02
6.024719e-02;2.687612e-01;3.217981e-01;1.213842e-02;4.952105e-03;3.069237e-02;8.339762e-03;1.917196e-02;1.422712e-01;6.342574e-02;4.782577e-03;6.341939e-02
1.039373e-01;2.630652e-01;2.969750e-01;1.175979e-02;7.031786e-03;3.455238e-02;4.725745e-03;1.787791e-02;1.224398e-01;5.731273e-02;3.527693e-03;7.679480e-02
1.189795e-01;2.518969e-01;3.188722e-01;1.529714e-02;1.196922e-02;3.004972e-02;1.034857e-02;1.361552e-02;7.298281e-02;6.792010e-02;5.067898e-03;8.300041e-02
1.038800e-01;2.498990e-01;3.506699e-01;1.336352e-02;1.574169e-02;2.915531e-02;1.407330e-02;1.249216e-02;3.849371e-02;7.578739e-02;1.768575e-02;7.875830e-02
1.332488e-01;2.444397e-01;3.173513e-01;1.952971e-02;2.248023e-02;3.248382e-02;1.417906e-02;9.167635e-03;7.107225e-02;5.596687e-02;2.522631e-02;5.485423e-02
2.411059e-01;1.932051e-01;2.718765e-01;1.381663e-02;3.236788e-02;2.936567e-02;2.522853e-02;2.490738e-02;6.604706e-02;2.061923e-02;5.131804e-02;3.014204e-02
2.888479e-01;1.447093e-01;2.701940e-01;1.607811e-02;3.941372e-02;2.681426e-02;2.773241e-02;3.406609e-02;3.540266e-02;1.289196e-02;7.470091e-02;2.914880e-02
3.165079e-01;1.113615e-01;2.351070e-01;1.868298e-02;4.041765e-02;2.069592e-02;3.489875e-02;5.052769e-02;3.029898e-02;2.424616e-02;7.018499e-02;4.707040e-02
2.935198e-01;9.876472e-02;2.278548e-01;1.707811e-02;3.674749e-02;2.795259e-02;4.620523e-02;5.334268e-02;5.330319e-02;2.771877e-02;5.300980e-02;6.450287e-02
2.708068e-01;7.641072e-02;2.451171e-01;2.694600e-02;5.242712e-02;2.807927e-02;5.587103e-02;5.617997e-02;3.890764e-02;3.138128e-02;4.887154e-02;6.900155e-02
2.492137e-01;6.944185e-02;2.179924e-01;2.658894e-02;5.772395e-02;4.091291e-02;6.092694e-02;5.691123e-02;3.586658e-02;4.363449e-02;5.825807e-02;8.252894e-02
1.967703e-01;7.512125e-02;1.660338e-01;4.940171e-02;4.722501e-02;6.605525e-02;8.626834e-02;4.638973e-02;7.033653e-02;6.480739e-02;5.521993e-02;7.637069e-02
1.516270e-01;8.663463e-02;1.118012e-01;7.503345e-02;6.228909e-02;7.226998e-02;9.279604e-02;6.773192e-02;7.747360e-02;7.976946e-02;5.599692e-02;6.657679e-02
1.281093e-01;8.896369e-02;1.101986e-01;6.914700e-02;7.211383e-02;6.098265e-02;8.734920e-02;8.251998e-02;6.911125e-02;1.011578e-01;5.509188e-02;7.525476e-02
1.118414e-01;8.638535e-02;1.434623e-01;6.745259e-02;4.712288e-02;6.503554e-02;7.345643e-02;7.013217e-02;7.418846e-02;1.215594e-01;5.168340e-02;8.767997e-02
6.714991e-02;6.777121e-02;2.232834e-01;7.394462e-02;5.437583e-02;1.045199e-01;7.765157e-02;5.719699e-02;8.856630e-02;1.125951e-01;2.794895e-02;4.499614e-02
3.648653e-02;7.334035e-02;1.990778e-01;8.138964e-02;8.532500e-02;9.324890e-02;8.738769e-02;6.923370e-02;8.124621e-02;1.243735e-01;3.077045e-02;3.812034e-02
5.829865e-02;5.779746e-02;1.985154e-01;7.143884e-02;9.938496e-02;7.733451e-02;1.185822e-01;6.055883e-02;6.432927e-02;1.259537e-01;3.589401e-02;3.191217e-02
2.608795e-02;6.141770e-02;3.406121e-01;6.443837e-02;9.745617e-02;7.494938e-02;1.115756e-01;4.208656e-02;4.590471e-02;7.924824e-02;3.853230e-02;1.769087e-02
4.122844e-02;6.128564e-02;4.313752e-01;4.982383e-02;7.784265e-02;5.032580e-02;1.126631e-01;3.076459e-02;5.052211e-02;4.744511e-02;2.932821e-02;1.739526e-02
4.145221e-02;8.217033e-02;4.862389e-01;4.064091e-02;6.916666e-02;3.106099e-02;6.663012e-02;5.640058e-02;5.665141e-02;3.838366e-02;1.665451e-02;1.454971e-02
2.421262e-02;1.105577e-01;5.271710e-01;2.692473e-02;4.881284e-02;2.019943e-02;3.154582e-02;1.071136e-01;5.754451e-02;3.040987e-02;6.100702e-03;9.407207e-03
3.005679e-02;1.362783e-01;5.058082e-01;1.820899e-02;2.284324e-02;2.740696e-02;1.636475e-02;1.492153e-01;6.895759e-02;1.462769e-02;4.100735e-03;6.131547e-03
5.365917e-02;1.628431e-01;4.545482e-01;1.764021e-02;7.595507e-03;4.070374e-02;1.097615e-02;1.095247e-01;1.212463e-01;1.130899e-02;3.395830e-03;6.558061e-03
7.319504e-02;1.916296e-01;4.370503e-01;1.646145e-02;5.266567e-03;3.821056e-02;9.082964e-03;3.830317e-02;1.598175e-01;1.938150e-02;3.719169e-03;7.882114e-03
9.973322e-02;2.115290e-01;4.416919e-01;1.888562e-02;6.027605e-03;2.668425e-02;9.956374e-03;1.155907e-02;1.466394e-01;1.591463e-02;5.700889e-03;5.677999e-03
1.202730e-01;2.206822e-01;4.573795e-01;1.917207e-02;5.934862e-03;2.060715e-02;8.557660e-03;1.176426e-02;1.121860e-01;1.011458e-02;6.441934e-03;6.886737e-03
1.347963e-01;2.135195e-01;4.797246e-01;1.830888e-02;6.464894e-03;1.491223e-02;6.526258e-03;1.289528e-02;8.986624e-02;9.526462e-03;6.245809e-03;7.213606e-03
1.482740e-01;1.835945e-01;4.907610e-01;1.998855e-02;1.018122e-02;1.080090e-02;1.406929e-02;1.721285e-02;7.121646e-02;1.592463e-02;7.894807e-03;1.008171e-02
1.644977e-01;1.438809e-01;4.965031e-01;1.988140e-02;1.595989e-02;1.037489e-02;1.600061e-02;3.400712e-02;4.416018e-02;2.440084e-02;1.647586e-02;1.385746e-02
1.474248e-01;9.121264e-02;4.984095e-01;2.562306e-02;2.409491e-02;9.572995e-03;2.736202e-02;5.632741e-02;4.323308e-02;3.116266e-02;2.164779e-02;2.392913e-02
9.590805e-02;6.466037e-02;5.210478e-01;4.126804e-02;3.738105e-02;2.381101e-02;2.543638e-02;4.535710e-02;3.553451e-02;4.191278e-02;4.083077e-02;2.685220e-02
5.759849e-02;7.424067e-02;4.943049e-01;4.698987e-02;3.727033e-02;2.355685e-02;4.193108e-02;3.499059e-02;3.625329e-02;5.388442e-02;6.855455e-02;3.042497e-02
8.938500e-02;8.855184e-02;3.465956e-01;4.388727e-02;4.537306e-02;3.666266e-02;8.384985e-02;3.869000e-02;5.863008e-02;6.527028e-02;6.029906e-02;4.280527e-02
6.779601e-02;9.021962e-02;9.556653e-02;6.698644e-02;9.820217e-02;8.913215e-02;9.949396e-02;8.499322e-02;9.484160e-02;1.009852e-01;5.009566e-02;6.168746e-02
7.581639e-02;7.293320e-02;8.573700e-02;7.331564e-02;9.203415e-02;1.015449e-01;1.043357e-01;7.503378e-02;1.091083e-01;9.045984e-02;5.472984e-02;6.495128e-02
8.055808e-02;7.445117e-02;9.090701e-02;6.453992e-02;8.233333e-02;9.048153e-02;9.129455e-02;6.888102e-02;1.293756e-01;8.369844e-02;7.062237e-02;7.285700e-02
5.018726e-02;6.109410e-02;1.075488e-01;5.707861e-02;8.532022e-02;6.664596e-02;9.572166e-02;9.492801e-02;1.559109e-01;9.103909e-02;7.572070e-02;5.880468e-02
7.134902e-02;4.910389e-02;1.206734e-01;4.321339e-02;9.777498e-02;9.043498e-02;1.128050e-01;1.031086e-01;1.136381e-01;8.790341e-02;5.944005e-02;5.055536e-02
7.125490e-02;4.931730e-02;1.708966e-01;4.018650e-02;5.864395e-02;1.064778e-01;1.144038e-01;9.800710e-02;7.968874e-02;8.852865e-02;6.992090e-02;5.267381e-02
4.909148e-02;5.200927e-02;2.038727e-01;5.404955e-02;6.169281e-02;8.677218e-02;1.195257e-01;1.086518e-01;7.123476e-02;9.774122e-02;6.014673e-02;3.521170e-02
5.036377e-02;5.963385e-02;1.904987e-01;8.478727e-02;8.686195e-02;7.599121e-02;1.461285e-01;6.976517e-02;6.139741e-02;9.700701e-02;5.081396e-02;2.675113e-02
3.704209e-02;5.472690e-02;1.744836e-01;9.587439e-02;1.293635e-01;7.076477e-02;1.376414e-01;7.756454e-02;7.004239e-02;7.842074e-02;5.083855e-02;2.323710e-02
4.254924e-02;5.228526e-02;1.419255e-01;8.991625e-02;1.522147e-01;6.722174e-02;1.157015e-01;8.571322e-02;9.472004e-02;6.569874e-02;5.614366e-02;3.591012e-02
3.310854e-02;8.199610e-02;8.689816e-02;1.166951e-01;1.351395e-01;8.441820e-02;1.322024e-01;7.858345e-02;1.025716e-01;7.005071e-02;3.868286e-02;3.965340e-02
3.087149e-02;9.331039e-02;1.011121e-01;9.763494e-02;1.154319e-01;8.731463e-02;1.487968e-01;8.332278e-02;9.831828e-02;8.210647e-02;3.886630e-02;2.291403e-02
4.171173e-02;8.929748e-02;1.077975e-01;8.096769e-02;1.288185e-01;9.744798e-02;1.067430e-01;7.669940e-02;1.088439e-01;7.276390e-02;4.934707e-02;3.956195e-02
4.009743e-02;1.339708e-01;1.055111e-01;1.265386e-01;1.122183e-01;1.066313e-01;7.467616e-02;4.953496e-02;1.005419e-01;6.574657e-02;4.467656e-02;3.985630e-02
3.793060e-02;1.010749e-01;1.318491e-01;7.547978e-02;1.195218e-01;1.258652e-01;9.309614e-02;7.748779e-02;8.334565e-02;8.375530e-02;3.272250e-02;3.787118e-02
5.935360e-02;5.772893e-02;1.597703e-01;6.217710e-02;1.091897e-01;1.119537e-01;1.105143e-01;7.657785e-02;9.934957e-02;8.605479e-02;3.671208e-02;3.061816e-02
7.231296e-02;6.546415e-02;1.220637e-01;8.017980e-02;1.166013e-01;7.805398e-02;1.194754e-01;8.030329e-02;9.383681e-02;7.672276e-02;4.819671e-02;4.678918e-02
5.132318e-02;7.052880e-02;1.954126e-01;8.127364e-02;7.100542e-02;6.026191e-02;9.128783e-02;6.632095e-02;1.141364e-01;6.853873e-02;6.161683e-02;6.829364e-02
6.142569e-02;5.610489e-02;1.926724e-01;8.943018e-02;6.996220e-02;7.349861e-02;9.983136e-02;5.754640e-02;1.180701e-01;7.196299e-02;5.693784e-02;5.255741e-02
8.284918e-02;3.698903e-02;2.047327e-01;8.194420e-02;9.970598e-02;6.681807e-02;1.100840e-01;5.198301e-02;1.092939e-01;6.819762e-02;4.976586e-02;3.763645e-02
5.957608e-02;5.533782e-02;2.533963e-01;9.541339e-02;7.370544e-02;4.490022e-02;1.359097e-01;2.968443e-02;6.642853e-02;8.770917e-02;6.586941e-02;3.206952e-02
4.455846e-02;7.211427e-02;2.700052e-01;8.503585e-02;5.656075e-02;4.058166e-02;9.677739e-02;2.100038e-02;1.310947e-01;9.682366e-02;4.995615e-02;3.549154e-02
4.410053e-02;9.140815e-02;2.585842e-01;6.503036e-02;4.628183e-02;5.318412e-02;6.191897e-02;2.609377e-02;1.951182e-01;9.276710e-02;3.811394e-02;2.739886e-02
4.235763e-02;1.230189e-01;2.334958e-01;4.586160e-02;2.747910e-02;6.318569e-02;3.169993e-02;1.394554e-02;2.862687e-01;7.200715e-02;3.557654e-02;2.510345e-02
2.506734e-02;1.453364e-01;2.002492e-01;3.897016e-02;1.888016e-02;7.552656e-02;1.704736e-02;7.711055e-03;3.451463e-01;7.431697e-02;2.429458e-02;2.745391e-02
2.586114e-02;1.621133e-01;1.630558e-01;4.400225e-02;1.478879e-02;8.695433e-02;1.446627e-02;6.377902e-03;3.731132e-01;5.849335e-02;1.493728e-02;3.583628e-02
2.349207e-02;1.721162e-01;1.307039e-01;4.354924e-02;1.310662e-02;9.974416e-02;1.240024e-02;8.836621e-03;4.158944e-01;3.417959e-02;1.151014e-02;3.446679e-02
2.917412e-02;1.715475e-01;1.065330e-01;4.350637e-02;7.911843e-03;1.022165e-01;1.426692e-02;1.277671e-02;4.533791e-01;2.468260e-02;1.004259e-02;2.396275e-02
2.991274e-02;1.642370e-01;1.085101e-01;3.278391e-02;6.165847e-03;9.938090e-02;1.231204e-02;2.012847e-02;4.800080e-01;1.902182e-02;8.496952e-03;1.904223e-02
3.378196e-02;1.565578e-01;1.254571e-01;2.509960e-02;6.264211e-03;9.393229e-02;8.452873e-03;2.904275e-02;4.775149e-01;2.287004e-02;4.747935e-03;1.627852e-02
4.621742e-02;1.726074e-01;1.438612e-01;2.287255e-02;7.147892e-03;9.106828e-02;1.056596e-02;2.295501e-02;4.390020e-01;2.447323e-02;1.762446e-03;1.746660e-02
7.021601e-02;2.154191e-01;1.667587e-01;2.096378e-02;7.389985e-03;9.278642e-02;1.893860e-02;1.656994e-02;3.561377e-01;1.619498e-02;3.455633e-03;1.516913e-02
1.174474e-01;2.527509e-01;1.980066e-01;2.221762e-02;5.293500e-03;8.763551e-02;2.609086e-02;1.187027e-02;2.381110e-01;1.542469e-02;5.765462e-03;1.938620e-02
1.850953e-01;2.588736e-01;2.525461e-01;2.141697e-02;8.507590e-03;5.918540e-02;2.203668e-02;1.595415e-02;1.292137e-01;1.875377e-02;6.525592e-03;2.189121e-02
2.294882e-01;2.386348e-01;3.070734e-01;2.052835e-02;1.556322e-02;2.920777e-02;1.796119e-02;1.791765e-02;6.072592e-02;3.060205e-02;7.558614e-03;2.473889e-02
2.425076e-01;2.082881e-01;3.261892e-01;1.756453e-02;2.010084e-02;2.397215e-02;1.898216e-02;1.867715e-02;3.760039e-02;3.867326e-02;1.659822e-02;3.084642e-02
1.994861e-01;1.477863e-01;2.814725e-01;2.906191e-02;3.138368e-02;3.439749e-02;4.018667e-02;2.421934e-02;1.126053e-01;3.615352e-02;2.543808e-02;3.780908e-02
1.058105e-01;8.177468e-02;1.201120e-01;3.798135e-02;4.813264e-02;5.413450e-02;5.301418e-02;2.979168e-02;3.616237e-01;5.005013e-02;3.136545e-02;2.620927e-02
6.203732e-02;9.315652e-02;1.154032e-01;3.302005e-02;4.224155e-02;9.517497e-02;4.032455e-02;3.546421e-02;4.032015e-01;4.351408e-02;1.501606e-02;2.144602e-02
4.970098e-02;6.092555e-02;1.184956e-01;4.907564e-02;4.528894e-02;1.438521e-01;4.981107e-02;7.939095e-02;2.938834e-01;4.549077e-02;2.921510e-02;3.486987e-02
6.606070e-02;4.063684e-02;8.220381e-02;6.751120e-02;6.247535e-02;1.671840e-01;7.205131e-02;1.034444e-01;1.597711e-01;9.294571e-02;3.480927e-02;5.090626e-02
6.135345e-02;3.454188e-02;6.949768e-02;6.588623e-02;7.911132e-02;1.396662e-01;1.173347e-01;1.054016e-01;6.745838e-02;1.464620e-01;5.751769e-02;5.576881e-02
3.501051e-02;4.967948e-02;9.365358e-02;4.173024e-02;8.183303e-02;7.275154e-02;2.086199e-01;1.069491e-01;5.880306e-02;1.540519e-01;5.662715e-02;4.029058e-02
5.806450e-02;5.844164e-02;1.026874e-01;4.384796e-02;7.560950e-02;6.685776e-02;2.326125e-01;5.693698e-02;8.495623e-02;1.498907e-01;3.810767e-02;3.198719e-02
6.047715e-02;4.172808e-02;1.063827e-01;4.420232e-02;7.559167e-02;9.093363e-02;2.277348e-01;5.521700e-02;9.667169e-02;1.526019e-01;2.397450e-02;2.448452e-02
5.475120e-02;3.110685e-02;1.543543e-01;3.338309e-02;7.839884e-02;1.077152e-01;1.920717e-01;4.727599e-02;8.090340e-02;1.487119e-01;3.654120e-02;3.478634e-02
5.131611e-02;2.489724e-02;2.276712e-01;6.362143e-02;8.767773e-02;8.037841e-02;2.068959e-01;2.580345e-02;5.213906e-02;1.032269e-01;3.945429e-02;3.691831e-02
3.573950e-02;1.972275e-02;3.372930e-01;8.523649e-02;1.100359e-01;6.576702e-02;1.611605e-01;2.158898e-02;4.441284e-02;4.933468e-02;4.248721e-02;2.722110e-02
3.075372e-02;1.700017e-02;4.546682e-01;9.132721e-02;9.170479e-02;5.166528e-02;6.896500e-02;1.619495e-02;5.701426e-02;4.294416e-02;6.048027e-02;1.728204e-02
2.911119e-02;1.867019e-02;5.312550e-01;7.438813e-02;6.275325e-02;3.462080e-02;5.177886e-02;1.259806e-02;6.362433e-02;5.655351e-02;5.643426e-02;8.212369e-03
2.684701e-02;2.085361e-02;5.952281e-01;4.579850e-02;3.060249e-02;2.319073e-02;8.965280e-02;1.089770e-02;5.048197e-02;6.185545e-02;3.550034e-02;9.091315e-03
1.645569e-02;3.111511e-02;7.061842e-01;3.392005e-02;3.226433e-02;1.476259e-02;6.153172e-02;1.323229e-02;2.565519e-02;4.467726e-02;9.580161e-03;1.062146e-02
5.973374e-03;4.877390e-02;7.839391e-01;3.461373e-02;1.701748e-02;7.415754e-03;1.736304e-02;2.151617e-02;1.645633e-02;2.981800e-02;5.477962e-03;1.163519e-02
1.127681e-02;5.938121e-02;7.398345e-01;3.790426e-02;3.017552e-02;1.348196e-02;1.322156e-02;3.081344e-02;1.997300e-02;2.253184e-02;7.737823e-03;1.366803e-02
3.853950e-02;6.079213e-02;6.162194e-01;4.111566e-02;5.097941e-02;3.307885e-02;2.712341e-02;4.111716e-02;1.868861e-02;3.325089e-02;2.104641e-02;1.804857e-02
5.733805e-02;2.029340e-02;5.074707e-01;3.910816e-02;5.163895e-02;5.563355e-02;5.702670e-02;4.872510e-02;5.565877e-02;5.543418e-02;2.009797e-02;3.157444e-02
5.338808e-02;4.538472e-02;4.189824e-01;4.359828e-02;4.075528e-02;5.696728e-02;8.015155e-02;3.981363e-02;7.784534e-02;9.477833e-02;1.832751e-02;3.000763e-02
4.127737e-02;4.201535e-02;4.713545e-01;4.136185e-02;2.366461e-02;3.608093e-02;7.856297e-02;2.462964e-02;5.159283e-02;1.490664e-01;2.181351e-02;1.858008e-02
2.044970e-02;2.032318e-02;5.875574e-01;3.610194e-02;1.718401e-02;1.367748e-02;6.621645e-02;7.485968e-03;1.520774e-02;1.978725e-01;1.271612e-02;5.207463e-03
8.553114e-03;5.300809e-02;6.073248e-01;2.824987e-02;1.761965e-02;6.195837e-03;5.010377e-02;2.770478e-03;2.861470e-02;1.895164e-01;4.618199e-03;3.425025e-03
1.587867e-02;1.062954e-01;5.697870e-01;2.241229e-02;1.568142e-02;1.804927e-02;3.124892e-02;6.189555e-03;5.563833e-02;1.454039e-01;5.353936e-03;8.061264e-03
3.509025e-02;1.881968e-01;4.782653e-01;1.559095e-02;1.223755e-02;4.620916e-02;1.855114e-02;9.477440e-03;9.081853e-02;8.882488e-02;7.816597e-03;8.921403e-03
6.528558e-02;2.619506e-01;3.608583e-01;1.231348e-02;1.183232e-02;7.993721e-02;1.794781e-02;9.936623e-03;1.130207e-01;4.596959e-02;8.460604e-03;1.248724e-02
1.098140e-01;2.961848e-01;2.756580e-01;1.381459e-02;1.528788e-02;9.437537e-02;2.228012e-02;1.310765e-02;1.091306e-01;2.068781e-02;1.140517e-02;1.825398e-02
1.214312e-01;2.828075e-01;2.863205e-01;2.269089e-02;1.936525e-02;8.660506e-02;2.948653e-02;9.802885e-03;7.570838e-02;2.367475e-02;2.541404e-02;1.669298e-02
1.295725e-01;2.426597e-01;3.200069e-01;2.500540e-02;2.704409e-02;6.789005e-02;3.720559e-02;1.686830e-02;6.389005e-02;3.265240e-02;2.770431e-02;9.500669e-03
8.730788e-02;2.144141e-01;3.540644e-01;2.696248e-02;2.559879e-02;6.817821e-02;4.326067e-02;2.493659e-02;8.471609e-02;2.982283e-02;2.411823e-02;1.661977e-02
3.969695e-02;1.832938e-01;4.550641e-01;2.674593e-02;2.002139e-02;6.633479e-02;3.664074e-02;3.129627e-02;7.876327e-02;2.861764e-02;1.695115e-02;1.657397e-02
1.672163e-02;1.298591e-01;5.692506e-01;3.480790e-02;1.580781e-02;4.426063e-02;2.325184e-02;2.781705e-02;5.903447e-02;5.464429e-02;1.104223e-02;1.350243e-02
1.592806e-02;8.296952e-02;5.891779e-01;4.872780e-02;2.404831e-02;2.433296e-02;3.309501e-02;2.017960e-02;4.321910e-02;9.773619e-02;8.665876e-03;1.191973e-02
9.834705e-03;5.024726e-02;6.017600e-01;5.739184e-02;3.671576e-02;1.536214e-02;3.798173e-02;1.028777e-02;2.074616e-02;1.428542e-01;9.026322e-03;7.792122e-03
1.104448e-02;3.318734e-02;5.888335e-01;4.790001e-02;4.395062e-02;7.899379e-03;3.861175e-02;9.658696e-03;1.588644e-02;1.899794e-01;8.402661e-03;4.645758e-03
1.115433e-02;4.815698e-02;5.535806e-01;2.841810e-02;4.784813e-02;6.897066e-03;2.906298e-02;6.987138e-03;2.786898e-02;2.298224e-01;6.001297e-03;4.202019e-03
1.367648e-02;7.316647e-02;5.156742e-01;1.876808e-02;3.537025e-02;7.622920e-03;1.661766e-02;1.320521e-02;4.815719e-02;2.425731e-01;5.691504e-03;9.476909e-03
1.305573e-02;9.394811e-02;5.086253e-01;1.421373e-02;1.714601e-02;7.583805e-03;1.406447e-02;1.381086e-02;6.429680e-02;2.310122e-01;7.008811e-03;1.523405e-02
8.873642e-03;1.056721e-01;5.105083e-01;1.787741e-02;1.575188e-02;6.610801e-03;1.581065e-02;9.549366e-03;7.324746e-02;2.041073e-01;5.974767e-03;2.601640e-02
2.057349e-02;1.174659e-01;4.637243e-01;1.813828e-02;1.468969e-02;1.167390e-02;2.088062e-02;1.108759e-02;9.582787e-02;1.599839e-01;8.427597e-03;5.752680e-02
5.464625e-02;1.356740e-01;3.915788e-01;1.865965e-02;1.723035e-02;2.143146e-02;1.929003e-02;1.261413e-02;1.190637e-01;1.171961e-01;1.500404e-02;7.761135e-02
9.547397e-02;1.634978e-01;3.486666e-01;1.924126e-02;2.048375e-02;3.495068e-02;2.394368e-02;1.232363e-02;1.202205e-01;7.657153e-02;1.161782e-02;7.300877e-02
1.321238e-01;1.638856e-01;4.406790e-01;2.256437e-02;2.427658e-02;3.872865e-02;1.567932e-02;8.256292e-03;7.313501e-02;3.152413e-02;1.490168e-02;3.424559e-02
1.137061e-01;1.100812e-01;5.603106e-01;3.278324e-02;1.545753e-02;1.418993e-02;2.550028e-02;1.779652e-02;4.191853e-02;1.777603e-02;2.715150e-02;2.332848e-02
9.565016e-02;6.481086e-02;4.766844e-01;4.364949e-02;3.582774e-02;2.488939e-02;4.142180e-02;2.516654e-02;4.298831e-02;6.688296e-02;4.583493e-02;3.619344e-02
8.457355e-02;8.690466e-02;2.186248e-01;5.632092e-02;7.431692e-02;6.024796e-02;7.457785e-02;4.199427e-02;4.256544e-02;1.148644e-01;7.957392e-02;6.543523e-02
9.064823e-02;9.275445e-02;2.122034e-01;7.531149e-02;8.164009e-02;4.861465e-02;9.161119e-02;5.912917e-02;4.810764e-02;5.688116e-02;6.174333e-02;8.135515e-02
1.059690e-01;8.411594e-02;2.138061e-01;8.266488e-02;9.197738e-02;6.521098e-02;8.135032e-02;6.901500e-02;4.230331e-02;4.523566e-02;5.389251e-02;6.445888e-02
9.737637e-02;6.946277e-02;2.833589e-01;8.366773e-02;9.268928e-02;6.212480e-02;1.047578e-01;6.196624e-02;3.197999e-02;3.645532e-02;3.597390e-02;4.018692e-02
6.056607e-02;4.953336e-02;3.898454e-01;9.439598e-02;8.914437e-02;4.804809e-02;1.019005e-01;3.190442e-02;2.401662e-02;4.119004e-02;3.684689e-02;3.260833e-02
2.816667e-02;5.900611e-02;4.613355e-01;9.135843e-02;7.823174e-02;3.748731e-02;9.211346e-02;2.180557e-02;2.032673e-02;4.975331e-02;3.965741e-02;2.075777e-02
2.410295e-02;6.449457e-02;5.829073e-01;6.999142e-02;4.366664e-02;2.265581e-02;6.533699e-02;1.457663e-02;2.015516e-02;5.414413e-02;2.753400e-02;1.043438e-02
2.041771e-02;5.315101e-02;6.615633e-01;5.516393e-02;2.568515e-02;1.484854e-02;5.638750e-02;5.276748e-03;2.081518e-02;6.670569e-02;1.605483e-02;3.930379e-03
1.373375e-02;2.667463e-02;6.413541e-01;4.492728e-02;3.332118e-02;9.351569e-03;8.875804e-02;6.110235e-03;2.054991e-02;1.020531e-01;1.144238e-02;1.723848e-03
1.270390e-02;3.234828e-02;5.947943e-01;3.365309e-02;4.379125e-02;7.980433e-03;1.020240e-01;1.600116e-02;1.624879e-02;1.306638e-01;7.493759e-03;2.297102e-03
2.356307e-02;7.691386e-02;5.612302e-01;2.707762e-02;3.898663e-02;1.219420e-02;8.392586e-02;3.456580e-02;2.468729e-02;1.095782e-01;3.528710e-03;3.748557e-03
7.098592e-02;1.293021e-01;4.891249e-01;2.596225e-02;2.536591e-02;2.986132e-02;5.897904e-02;4.714189e-02;4.913621e-02;5.306284e-02;9.908946e-03;1.116869e-02
1.411990e-01;1.384953e-01;3.451521e-01;3.604680e-02;3.712080e-02;4.174787e-02;8.765982e-02;3.799205e-02;6.357540e-02;2.507734e-02;2.218410e-02;2.374940e-02
1.490010e-01;9.814180e-02;2.199062e-01;6.349260e-02;5.436679e-02;6.647880e-02;1.440220e-01;2.651962e-02;5.960041e-02;4.772272e-02;3.184190e-02;3.890616e-02
9.207226e-02;4.040208e-02;1.208671e-01;8.513171e-02;8.641049e-02;1.633308e-01;1.617086e-01;3.269945e-02;8.082592e-02;5.950577e-02;3.595681e-02;4.108896e-02
5.078982e-02;3.407783e-02;7.364009e-02;7.126848e-02;1.470026e-01;2.411010e-01;1.276954e-01;4.949445e-02;8.891899e-02;6.478187e-02;3.231676e-02;1.891262e-02
4.512586e-02;4.800182e-02;5.781183e-02;7.892162e-02;1.688433e-01;2.194561e-01;1.189711e-01;4.999318e-02;8.025181e-02;7.264443e-02;4.324044e-02;1.673845e-02
6.419004e-02;4.778307e-02;7.636907e-02;1.206252e-01;1.656014e-01;1.675544e-01;1.073677e-01;6.030238e-02;5.459467e-02;6.585463e-02;4.720505e-02;2.255248e-02
6.670387e-02;7.384755e-02;8.861937e-02;1.418537e-01;1.884635e-01;1.403277e-01;6.949073e-02;6.985438e-02;5.428023e-02;5.299569e-02;3.317702e-02;2.038620e-02
9.677850e-02;8.867117e-02;8.495710e-02;8.609704e-02;1.724331e-01;8.478319e-02;1.105363e-01;5.981301e-02;6.872253e-02;7.068121e-02;3.767073e-02;3.885606e-02
1.225573e-01;6.579728e-02;7.571673e-02;5.506362e-02;1.170570e-01;4.343846e-02;1.830799e-01;5.377678e-02;7.441627e-02;1.246946e-01;2.895837e-02;5.544376e-02
9.500320e-02;8.441397e-02;1.021220e-01;4.660825e-02;1.125452e-01;5.419951e-02;1.723433e-01;6.419620e-02;5.337944e-02;1.376661e-01;1.221543e-02;6.530739e-02
6.309731e-02;9.402849e-02;1.111135e-01;5.297052e-02;1.008681e-01;7.306498e-02;1.246976e-01;7.461663e-02;9.768194e-02;1.088692e-01;3.859193e-02;6.039980e-02
4.036387e-02;8.166604e-02;1.081358e-01;7.198256e-02;9.078155e-02;9.124604e-02;1.013300e-01;7.441015e-02;1.550580e-01;8.053008e-02;5.093684e-02;5.355907e-02
7.835115e-02;5.680279e-02;1.005384e-01;6.072410e-02;8.992970e-02;8.003190e-02;9.872983e-02;8.889049e-02;1.554910e-01;7.006517e-02;5.215608e-02;6.828934e-02
8.145364e-02;5.403274e-02;8.863966e-02;6.174668e-02;7.447735e-02;9.231426e-02;1.485609e-01;7.518387e-02;1.274242e-01;7.626574e-02;6.752456e-02;5.237633e-02
4.593008e-02;2.654561e-02;1.480104e-01;4.790660e-02;7.887790e-02;8.606254e-02;2.935517e-01;5.052070e-02;8.046366e-02;8.225222e-02;3.968827e-02;2.019038e-02
3.114895e-02;1.785542e-02;2.167549e-01;4.862749e-02;9.551302e-02;7.925961e-02;2.596492e-01;7.618281e-02;5.908005e-02;6.520168e-02;2.712176e-02;2.360513e-02
2.088342e-02;1.605516e-02;2.619592e-01;5.651849e-02;1.064398e-01;7.154962e-02;1.679834e-01;1.191110e-01;5.830780e-02;5.487333e-02;3.712182e-02;2.919696e-02
3.190194e-02;1.633004e-02;2.447481e-01;4.650959e-02;8.253927e-02;5.534436e-02;1.185805e-01;1.241853e-01;1.242807e-01;9.344493e-02;3.593831e-02;2.619699e-02
6.020949e-02;3.032655e-02;2.087564e-01;3.083882e-02;4.529978e-02;4.113033e-02;1.512814e-01;5.806223e-02;1.646870e-01;1.410226e-01;3.381111e-02;3.457427e-02
8.422845e-02;3.220844e-02;1.496661e-01;4.501228e-02;6.995389e-02;4.774086e-02;7.479821e-02;3.914185e-02;1.736907e-01;1.772715e-01;5.608047e-02;5.020730e-02
1.258314e-01;5.711517e-02;5.891041e-02;4.373596e-02;7.562441e-02;5.882902e-02;1.096451e-01;4.464909e-02;1.735871e-01;1.498823e-01;5.674243e-02;4.544757e-02
1.005628e-01;7.978756e-02;1.228011e-01;4.459440e-02;5.560124e-02;6.617407e-02;1.748583e-01;4.302358e-02;1.234535e-01;9.702158e-02;3.944691e-02;5.267499e-02
8.995075e-02;9.754986e-02;1.024881e-01;3.644510e-02;5.684368e-02;9.346005e-02;2.644753e-01;3.895093e-02;6.753994e-02;7.337176e-02;2.290351e-02;5.602105e-02
7.711159e-02;6.222931e-02;1.378201e-01;2.214068e-02;8.091331e-02;1.013729e-01;2.974613e-01;3.337814e-02;3.713415e-02;6.570610e-02;4.130257e-02;4.342994e-02
4.732139e-02;4.285154e-02;1.925222e-01;3.074935e-02;6.694323e-02;8.322702e-02;3.011679e-01;3.802767e-02;4.175446e-02;7.373764e-02;4.817607e-02;3.352148e-02
2.275793e-02;4.464845e-02;3.194664e-01;4.614061e-02;4.708915e-02;6.491814e-02;2.709487e-01;3.012426e-02;4.300045e-02;6.539656e-02;2.397506e-02;2.153431e-02
3.720064e-02;3.806175e-02;4.517498e-01;5.458513e-02;8.820032e-02;4.727635e-02;1.462267e-01;2.176803e-02;3.596557e-02;4.413450e-02;1.867366e-02;1.615754e-02
4.497804e-02;5.042620e-02;5.358577e-01;5.756126e-02;7.542346e-02;3.145183e-02;7.267576e-02;2.050236e-02;3.587397e-02;3.780537e-02;2.121829e-02;1.622572e-02
7.352320e-02;7.245334e-02;5.262166e-01;5.244414e-02;4.780414e-02;2.096237e-02;6.557128e-02;2.981259e-02;2.678725e-02;3.718121e-02;2.233043e-02;2.491339e-02
9.719590e-02;8.664207e-02;4.345867e-01;5.236703e-02;5.694651e-02;3.466784e-02;5.444976e-02;4.771195e-02;2.631119e-02;3.538503e-02;3.380268e-02;3.993335e-02
8.793853e-02;6.925364e-02;1.858069e-01;6.942014e-02;6.315701e-02;4.318935e-02;8.075181e-02;3.864937e-02;8.506212e-02;9.004926e-02;1.018418e-01;8.488007e-02
