1.673788e-01;1.040184e-01;2.430232e-02;2.129532e-02;2.141614e-02;5.080869e-02;1.507809e-01;1.532083e-01;2.237954e-02;2.763110e-02;2.362138e-01;2.056669e-02
1.594914e-01;9.186315e-02;2.291292e-02;1.996797e-02;1.720815e-02;3.087938e-02;1.243744e-01;1.378797e-01;1.771462e-02;3.557277e-02;3.198627e-01;2.227283e-02
1.470909e-01;7.081463e-02;1.894790e-02;1.957288e-02;2.347854e-02;3.040678e-02;1.073165e-01;1.007912e-01;1.464107e-02;4.922789e-02;3.932725e-01;2.443917e-02
1.140871e-01;6.767149e-02;1.316776e-02;1.245646e-02;3.009039e-02;2.246210e-02;1.059629e-01;1.079171e-01;2.826016e-02;7.662983e-02;3.989317e-01;2.236309e-02
5.059467e-02;4.384639e-02;8.880490e-03;1.353056e-02;3.082221e-02;2.191466e-02;1.495041e-01;2.757001e-01;4.662718e-02;8.841854e-02;2.606651e-01;9.496030e-03
6.970169e-02;2.751842e-02;1.072023e-02;1.529305e-02;5.044867e-02;2.358277e-02;1.323651e-01;2.673487e-01;3.711054e-02;9.172233e-02;2.672792e-01;6.909250e-03
1.001346e-01;6.430288e-02;7.098227e-03;1.090629e-02;4.697884e-02;2.612827e-02;5.853701e-02;1.081185e-01;1.963188e-02;6.841707e-02;4.813881e-01;8.358273e-03
1.441658e-01;6.553681e-02;1.144936e-02;3.024919e-02;3.307278e-02;2.539791e-02;1.015522e-01;8.850110e-02;1.533778e-02;4.436620e-02;4.308828e-01;9.488049e-03
1.102904e-01;4.440860e-02;1.775637e-02;4.514373e-02;2.344497e-02;2.653549e-02;2.165604e-01;1.659952e-01;2.084825e-02;2.429689e-02;2.961879e-01;8.531758e-03
7.006889e-02;3.401111e-02;1.562785e-02;3.070134e-02;3.144372e-02;2.060903e-02;2.969093e-01;1.111466e-01;2.691258e-02;4.760230e-02;3.083718e-01;6.595457e-03
1.253615e-01;4.402023e-02;9.795207e-03;1.373736e-02;1.485224e-02;2.663474e-02;1.985923e-01;1.025999e-01;2.103243e-02;5.720847e-02;3.777851e-01;8.380479e-03
2.216919e-01;5.898710e-02;1.058080e-02;1.501314e-02;4.197064e-02;3.195711e-02;1.379134e-01;1.589091e-01;3.016303e-02;5.051309e-02;2.126577e-01;2.964296e-02
1.502297e-01;7.386327e-02;8.970173e-03;8.188941e-03;3.628380e-02;2.022407e-02;1.654000e-01;1.341477e-01;1.647370e-02;4.449151e-02;3.208805e-01;2.084664e-02
1.339859e-01;5.736351e-02;1.540798e-02;1.216714e-02;3.826592e-02;2.090105e-02;1.498222e-01;4.954330e-02;2.169003e-02;5.463666e-02;4.364673e-01;9.749078e-03
6.537559e-02;3.856458e-02;7.784563e-02;1.339146e-01;4.556053e-02;6.859835e-02;9.537135e-02;1.328021e-01;7.405623e-02;4.819700e-02;1.827466e-01;3.696743e-02
5.177968e-02;3.579532e-02;1.071572e-01;1.791370e-01;4.162314e-02;9.170686e-02;9.581868e-02;1.284651e-01;9.266251e-02;4.432005e-02;8.058906e-02;5.094540e-02
6.589133e-02;5.036397e-02;9.783479e-02;1.667220e-01;4.020015e-02;9.251522e-02;1.093066e-01;1.311428e-01;8.382163e-02;4.453057e-02;6.836878e-02;4.930213e-02
1.187065e-01;1.067716e-01;7.575352e-02;1.170273e-01;5.766309e-02;8.849152e-02;8.431136e-02;1.266160e-01;6.733016e-02;6.657381e-02;4.687067e-02;4.388443e-02
2.388186e-01;2.122842e-01;3.536893e-02;1.793379e-02;3.292804e-02;4.109909e-02;1.273728e-01;1.020622e-01;3.712099e-02;4.283883e-02;1.002125e-01;1.196004e-02
2.693910e-01;2.284781e-01;2.670488e-02;2.367058e-02;2.839047e-02;2.803467e-02;1.184361e-01;8.659489e-02;2.494782e-02;2.817346e-02;1.321153e-01;5.062757e-03
2.416552e-01;2.031744e-01;2.728313e-02;2.594040e-02;2.687674e-02;2.604831e-02;1.421038e-01;1.160706e-01;2.052988e-02;2.739815e-02;1.379127e-01;5.006626e-03
1.473357e-01;1.743446e-01;3.699357e-02;2.780679e-02;2.715981e-02;2.702828e-02;2.295236e-01;1.404125e-01;2.108120e-02;3.725050e-02;1.247924e-01;6.271090e-03
1.028927e-01;7.563313e-02;4.851388e-02;2.802777e-02;2.363919e-02;2.177772e-02;4.161822e-01;1.608115e-01;3.764819e-02;4.433370e-02;2.621991e-02;1.432012e-02
7.649300e-02;3.626349e-02;3.750363e-02;3.419251e-02;3.384151e-02;3.799866e-02;3.530918e-01;1.335753e-01;9.473053e-02;7.274340e-02;7.099793e-02;1.856817e-02
5.451012e-02;6.308068e-02;3.286690e-02;2.732410e-02;3.189209e-02;4.638282e-02;2.666100e-01;1.725148e-01;1.270842e-01;9.812171e-02;6.108890e-02;1.852367e-02
8.923104e-02;7.732247e-02;2.966840e-02;1.448878e-02;1.953582e-02;2.897745e-02;2.196291e-01;1.702802e-01;1.214886e-01;1.018486e-01;1.177752e-01;9.754351e-03
1.417051e-01;4.689737e-02;1.757286e-02;2.860890e-02;3.322241e-02;2.183369e-02;1.250826e-01;1.274531e-01;7.752074e-02;9.747230e-02;2.769998e-01;5.631140e-03
1.412536e-01;3.645888e-02;9.922408e-03;3.475470e-02;1.969882e-02;2.084576e-02;8.660132e-02;9.243698e-02;5.501678e-02;9.672576e-02;4.001764e-01;6.108633e-03
1.437495e-01;4.340901e-02;5.265473e-03;2.558574e-02;2.494189e-02;1.394283e-02;5.841402e-02;9.141089e-02;3.504404e-02;8.622398e-02;4.678676e-01;4.145063e-03
1.018381e-01;3.654508e-02;7.182618e-03;3.001087e-02;6.930272e-02;2.930498e-02;5.182752e-02;8.060678e-02;1.989154e-02;8.109066e-02;4.856699e-01;6.729230e-03
7.462034e-02;2.476545e-02;7.454962e-03;2.293998e-02;1.150748e-01;5.048560e-02;6.183119e-02;6.380221e-02;1.853630e-02;8.479087e-02;4.707694e-01;4.928904e-03
7.840244e-02;4.020416e-02;8.811574e-03;1.463427e-02;1.186313e-01;4.454454e-02;6.732406e-02;2.369448e-02;1.713430e-02;9.054481e-02;4.897167e-01;6.357409e-03
8.421899e-02;2.669922e-02;1.333522e-02;1.371487e-02;8.728713e-02;2.868924e-02;6.288050e-02;4.267514e-02;1.892578e-02;9.618790e-02;5.121437e-01;1.324230e-02
5.567760e-02;1.271494e-02;1.750030e-02;2.332438e-02;4.613895e-02;3.232887e-02;6.882808e-02;9.623437e-02;3.203961e-02;9.505703e-02;5.043272e-01;1.582864e-02
3.652457e-02;1.178178e-02;1.571010e-02;4.045974e-02;1.421942e-02;2.308475e-02;1.150778e-01;2.140677e-01;4.854191e-02;7.793683e-02;3.900022e-01;1.259314e-02
2.466723e-02;9.345651e-03;1.043065e-02;4.659944e-02;7.703471e-03;2.115021e-02;1.812638e-01;3.756772e-01;4.892023e-02;4.975584e-02;2.147620e-01;9.724191e-03
2.094755e-02;1.662988e-02;1.286308e-02;3.560502e-02;8.119469e-03;2.105119e-02;2.411979e-01;5.077744e-01;3.785605e-02;2.851565e-02;6.062062e-02;8.819248e-03
1.674700e-02;1.828691e-02;1.749228e-02;1.854947e-02;1.159075e-02;2.497272e-02;2.671682e-01;5.433773e-01;2.500474e-02;2.164138e-02;2.252697e-02;1.264218e-02
1.009021e-02;2.398353e-02;2.515895e-02;9.201870e-03;7.739725e-03;2.848038e-02;3.278280e-01;4.902593e-01;1.792613e-02;1.988727e-02;2.571881e-02;1.372578e-02
2.799080e-02;4.253886e-02;2.305110e-02;4.379423e-03;6.434574e-03;3.068166e-02;3.887694e-01;3.875782e-01;1.530638e-02;1.702817e-02;4.379880e-02;1.244268e-02
6.341843e-02;6.678219e-02;2.135165e-02;8.694377e-03;9.006925e-03;2.848136e-02;3.955997e-01;3.003645e-01;1.505262e-02;1.766865e-02;6.393186e-02;9.647658e-03
7.409962e-02;4.078227e-02;1.199435e-02;1.287496e-02;1.816298e-02;2.749921e-02;3.694802e-01;3.260772e-01;2.095179e-02;2.819709e-02;5.674475e-02;1.313561e-02
3.634906e-02;2.837153e-02;1.447518e-02;1.320262e-02;2.804803e-02;4.104865e-02;3.788728e-01;3.597916e-01;2.987394e-02;2.688741e-02;2.746068e-02;1.561847e-02
2.477061e-02;2.587828e-02;9.703465e-03;3.323011e-02;4.779449e-02;3.199754e-02;3.765787e-01;3.481026e-01;4.001579e-02;3.030647e-02;1.864938e-02;1.297257e-02
3.078837e-02;1.638815e-02;1.390288e-02;6.662802e-02;5.245003e-02;1.804072e-02;3.391157e-01;2.931354e-01;6.547669e-02;4.619128e-02;4.321957e-02;1.466322e-02
3.924271e-02;3.309131e-02;1.714044e-02;7.852845e-02;3.351260e-02;2.989666e-02;3.455281e-01;2.055017e-01;7.901021e-02;5.399777e-02;7.715594e-02;7.394090e-03
8.660440e-02;5.159418e-02;2.558738e-02;4.430773e-02;2.752948e-02;3.743687e-02;2.553075e-01;1.315328e-01;5.033661e-02;5.854496e-02;2.238917e-01;7.326452e-03
4.080620e-02;4.549041e-02;1.977201e-02;4.469376e-02;4.674516e-02;2.251307e-02;1.688296e-01;1.746977e-01;3.210028e-02;6.726902e-02;3.288740e-01;8.208756e-03
3.817352e-02;5.045338e-02;1.158148e-02;4.320781e-02;6.193679e-02;1.250862e-02;7.686183e-02;1.193797e-01;2.412345e-02;8.677785e-02;4.685749e-01;6.420604e-03
7.049329e-02;6.987120e-02;6.991760e-03;3.734199e-02;3.800201e-02;1.205200e-02;4.487120e-02;4.429221e-02;1.274201e-02;7.792795e-02;5.797792e-01;5.635165e-03
8.594900e-02;8.262149e-02;5.638431e-03;2.624660e-02;1.238023e-02;1.302620e-02;3.942269e-02;2.088380e-02;7.122648e-03;6.638749e-02;6.369979e-01;3.323456e-03
8.882160e-02;7.924820e-02;1.681517e-02;2.212669e-02;1.407169e-02;1.803048e-02;5.322628e-02;4.204815e-02;6.930310e-03;6.459295e-02;5.840954e-01;9.993080e-03
9.615473e-02;8.500767e-02;2.599706e-02;2.776539e-02;3.797462e-02;2.664813e-02;9.507227e-02;6.206087e-02;9.454401e-03;8.019008e-02;4.281394e-01;2.553536e-02
1.556413e-01;8.707896e-02;1.788917e-02;2.521920e-02;7.129354e-02;2.648710e-02;1.394152e-01;7.848009e-02;1.843663e-02;9.996495e-02;2.600183e-01;2.007557e-02
1.075680e-01;5.355702e-02;1.385717e-02;2.041523e-02;8.540568e-02;5.601235e-02;1.925967e-01;5.442388e-02;3.234012e-02;1.250854e-01;2.430522e-01;1.568618e-02
8.155091e-02;2.817645e-02;9.188743e-03;2.257088e-02;4.895490e-02;6.932116e-02;3.037661e-01;1.121867e-01;4.148574e-02;9.404004e-02;1.770197e-01;1.173877e-02
8.720506e-02;3.997789e-02;1.258553e-02;4.503259e-02;2.094973e-02;4.665393e-02;3.493713e-01;1.550773e-01;4.771198e-02;8.008882e-02;1.009013e-01;1.444468e-02
6.254613e-02;5.952591e-02;1.311063e-02;5.745899e-02;2.248348e-02;4.685722e-02;3.815860e-01;1.357950e-01;4.492787e-02;6.239756e-02;1.031564e-01;1.015488e-02
7.760968e-02;8.272565e-02;2.003214e-02;2.761607e-02;2.369179e-02;5.319212e-02;3.033765e-01;2.255765e-01;2.755621e-02;3.949046e-02;1.033126e-01;1.582022e-02
5.043316e-02;5.885779e-02;2.567475e-02;1.892953e-02;1.667383e-02;5.363389e-02;2.820052e-01;3.646387e-01;1.916200e-02;2.462120e-02;6.597718e-02;1.939278e-02
2.184205e-02;1.952253e-02;2.967199e-02;1.741479e-02;1.671054e-02;5.637132e-02;2.498458e-01;4.726360e-01;2.487645e-02;1.765777e-02;5.100217e-02;2.244860e-02
9.841621e-03;3.441307e-02;2.951714e-02;1.024381e-02;1.158040e-02;6.668217e-02;2.479123e-01;4.926401e-01;1.892076e-02;1.680035e-02;3.300627e-02;2.844193e-02
1.272894e-02;4.665573e-02;3.373852e-02;7.020872e-03;5.352060e-03;5.507343e-02;2.944386e-01;4.470527e-01;1.422012e-02;1.764763e-02;3.041029e-02;3.566109e-02
4.394655e-02;7.529768e-02;3.030470e-02;6.528234e-03;9.274011e-03;4.207217e-02;3.181386e-01;3.516110e-01;1.930453e-02;2.056531e-02;4.666824e-02;3.628894e-02
8.925917e-02;9.043722e-02;2.659723e-02;1.041934e-02;1.288329e-02;4.579734e-02;2.900165e-01;2.613962e-01;2.863900e-02;2.606409e-02;8.955367e-02;2.893697e-02
1.139090e-01;8.690891e-02;3.638990e-02;3.213724e-02;3.801400e-02;7.759590e-02;1.865356e-01;2.069568e-01;4.659241e-02;3.630656e-02;1.085575e-01;3.009622e-02
5.995405e-02;4.898547e-02;4.438228e-02;3.599890e-02;6.256425e-02;1.142370e-01;2.189926e-01;1.796320e-01;9.638287e-02;4.691815e-02;6.102988e-02;3.092263e-02
6.159492e-02;4.894628e-02;3.838478e-02;2.504858e-02;4.430879e-02;9.214194e-02;2.659983e-01;2.180006e-01;9.040046e-02;5.596107e-02;3.523071e-02;2.398364e-02
5.890905e-02;5.181348e-02;3.046033e-02;1.562808e-02;1.824723e-02;7.650317e-02;3.001648e-01;2.876094e-01;4.605762e-02;6.313206e-02;2.898749e-02;2.248728e-02
3.847061e-02;4.214118e-02;2.437148e-02;1.594170e-02;1.015701e-02;8.494300e-02;2.860061e-01;3.712901e-01;3.013446e-02;5.816591e-02;1.652182e-02;2.185667e-02
3.628423e-02;2.156003e-02;1.978558e-02;1.779564e-02;1.252947e-02;5.584199e-02;2.735031e-01;4.221957e-01;3.777818e-02;3.644938e-02;4.885669e-02;1.741999e-02
3.564377e-02;1.681507e-02;1.835162e-02;1.413259e-02;1.421737e-02;2.225594e-02;3.030924e-01;4.391032e-01;5.366975e-02;3.023024e-02;1.193872e-02;4.054937e-02
3.963259e-02;1.963333e-02;1.936705e-02;1.565503e-02;1.109233e-02;1.458616e-02;3.137687e-01;4.159707e-01;4.727210e-02;3.325078e-02;2.234591e-02;4.742527e-02
3.480943e-02;3.029394e-02;1.867091e-02;2.697353e-02;1.269085e-02;2.182387e-02;3.863146e-01;3.462973e-01;3.803300e-02;3.294544e-02;6.378440e-03;4.476860e-02
4.661829e-02;4.706928e-02;1.559907e-02;2.724091e-02;1.655770e-02;2.849495e-02;4.129556e-01;2.455525e-01;6.134722e-02;4.669625e-02;1.376063e-02;3.810767e-02
6.195970e-02;6.978219e-02;2.050954e-02;3.595443e-02;1.562205e-02;3.866307e-02;3.781992e-01;1.779519e-01;6.451333e-02;7.996354e-02;2.482435e-02;3.205679e-02
8.259634e-02;7.917356e-02;3.640392e-02;5.049104e-02;2.824946e-02;4.426962e-02;3.058089e-01;1.655955e-01;4.893953e-02;9.304842e-02;4.369144e-02;2.173221e-02
1.013552e-01;7.673254e-02;4.842065e-02;3.438972e-02;1.920190e-02;2.814143e-02;1.530427e-01;3.097401e-01;4.651112e-02;7.815333e-02;6.729966e-02;3.701171e-02
8.481850e-02;8.427579e-02;3.542675e-02;2.029709e-02;2.323257e-02;3.218089e-02;2.002471e-01;2.646208e-01;7.456339e-02;6.802937e-02;4.673602e-02;6.557168e-02
1.075403e-01;1.041304e-01;3.452419e-02;2.681658e-02;1.251922e-02;2.588996e-02;2.021328e-01;2.212940e-01;6.281743e-02;5.692449e-02;7.336766e-02;7.204301e-02
1.036405e-01;1.017601e-01;2.740633e-02;3.795695e-02;2.842889e-02;3.325659e-02;1.988720e-01;2.316716e-01;4.945325e-02;4.515688e-02;8.031575e-02;6.208102e-02
9.084651e-02;1.051968e-01;2.996442e-02;4.089899e-02;5.140276e-02;4.845911e-02;2.397741e-01;2.185126e-01;4.813066e-02;4.854454e-02;4.341744e-02;3.485209e-02
6.571170e-02;1.301580e-01;4.017142e-02;3.624386e-02;5.434785e-02;4.978063e-02;1.971049e-01;2.029638e-01;3.569597e-02;5.095432e-02;1.210484e-01;1.581926e-02
6.706678e-02;1.051987e-01;5.165665e-02;7.202645e-02;2.780850e-02;5.048344e-02;1.329879e-01;2.111950e-01;6.906565e-02;5.931205e-02;1.033740e-01;4.982484e-02
1.011296e-01;8.461571e-02;7.132230e-02;8.183978e-02;5.397965e-02;5.389708e-02;1.158986e-01;9.810515e-02;9.412833e-02;9.799034e-02;7.581346e-02;7.128001e-02
9.918104e-02;1.075867e-01;6.629526e-02;7.523702e-02;5.595445e-02;5.798125e-02;1.194665e-01;6.965390e-02;1.014300e-01;1.102944e-01;5.959147e-02;7.732804e-02
1.129002e-01;1.026733e-01;4.123130e-02;4.322332e-02;3.886503e-02;3.941005e-02;1.449041e-01;1.289903e-01;8.100053e-02;8.575612e-02;1.238238e-01;5.722187e-02
1.513833e-01;9.109528e-02;1.443099e-02;1.254857e-02;1.305641e-02;1.605905e-02;9.852494e-02;1.661204e-01;3.364460e-02;4.522069e-02;3.422117e-01;1.570409e-02
1.372700e-01;6.064922e-02;1.747845e-02;9.751443e-03;1.553346e-02;1.191339e-02;5.315681e-02;1.775645e-01;2.706768e-02;4.840963e-02;4.319061e-01;9.299229e-03
9.218521e-02;2.823540e-02;1.905296e-02;1.743290e-02;1.597216e-02;9.723525e-03;9.881867e-02;2.563634e-01;4.935499e-02;4.599954e-02;3.586610e-01;8.200340e-03
5.175491e-02;2.136988e-02;2.778647e-02;2.785555e-02;1.993807e-02;1.282820e-02;1.612219e-01;4.213005e-01;7.109259e-02;2.970010e-02;1.461020e-01;9.049767e-03
2.285370e-02;2.791183e-02;4.076171e-02;2.197595e-02;2.048256e-02;1.719996e-02;2.056028e-01;5.271742e-01;5.671163e-02;2.014101e-02;2.651921e-02;1.266544e-02
2.182803e-02;4.316200e-02;3.670542e-02;1.240105e-02;1.227334e-02;3.146870e-02;2.716900e-01;4.745110e-01;2.926273e-02;1.599083e-02;3.383490e-02;1.687196e-02
2.846057e-02;6.174574e-02;3.072044e-02;8.939683e-03;1.158091e-02;4.428350e-02;3.404609e-01;3.816991e-01;2.049794e-02;1.205951e-02;4.540942e-02;1.414237e-02
6.851549e-02;8.843073e-02;2.382931e-02;1.099523e-02;1.539581e-02;5.192102e-02;3.687070e-01;2.756870e-01;2.328833e-02;1.513909e-02;4.976170e-02;8.329272e-03
1.036093e-01;9.739541e-02;2.235223e-02;2.038334e-02;1.926014e-02;5.907650e-02;3.889201e-01;1.563217e-01;3.908908e-02;2.364916e-02;6.351814e-02;6.425058e-03
1.076538e-01;1.071523e-01;1.906885e-02;1.495182e-02;1.720566e-02;4.644448e-02;3.206328e-01;1.937468e-01;5.382126e-02;3.362234e-02;7.222172e-02;1.347825e-02
1.047331e-01;9.133301e-02;3.553967e-02;1.654905e-02;8.664378e-03;4.012598e-02;1.425505e-01;3.134805e-01;3.878091e-02;3.597268e-02;1.602743e-01;1.199592e-02
6.110343e-02;6.724907e-02;3.678368e-02;1.625663e-02;1.081738e-02;3.725751e-02;2.157073e-01;3.465867e-01;3.596837e-02;2.857931e-02;1.328133e-01;1.087726e-02
3.033461e-02;4.564822e-02;3.470037e-02;2.102085e-02;1.889956e-02;3.585083e-02;2.195193e-01;4.359097e-01;4.058835e-02;2.782049e-02;7.905414e-02;1.065359e-02
2.939225e-02;4.888974e-02;3.531853e-02;3.716018e-02;3.794258e-02;2.592606e-02;1.543619e-01;4.736866e-01;4.226068e-02;3.247194e-02;7.274361e-02;9.845939e-03
5.288376e-02;8.336160e-02;3.807145e-02;2.593632e-02;4.145243e-02;4.748515e-02;1.861438e-01;3.929421e-01;2.308207e-02;3.313466e-02;5.317022e-02;2.233649e-02
1.120358e-01;9.873790e-02;3.313978e-02;2.673013e-02;3.078163e-02;4.603254e-02;2.015569e-01;2.852984e-01;2.139823e-02;3.439596e-02;7.732152e-02;3.257118e-02
1.704649e-01;7.228135e-02;2.561438e-02;3.725451e-02;2.620078e-02;4.523109e-02;2.660377e-01;2.005657e-01;3.174082e-02;2.998976e-02;5.308168e-02;4.153734e-02
1.681247e-01;9.085894e-02;3.305228e-02;3.946270e-02;2.873456e-02;5.394588e-02;2.754958e-01;1.377533e-01;5.067710e-02;3.935075e-02;4.638370e-02;3.616029e-02
1.030648e-01;6.655807e-02;4.336605e-02;7.549448e-02;4.463252e-02;9.795746e-02;1.440315e-01;1.432496e-01;9.081743e-02;7.682024e-02;7.428320e-02;3.972473e-02
4.582979e-02;4.820489e-02;4.633683e-02;1.128457e-01;4.506947e-02;1.334819e-01;1.264320e-01;1.165555e-01;1.301289e-01;9.888483e-02;6.564722e-02;3.058300e-02
6.325778e-02;7.128572e-02;3.945828e-02;1.114021e-01;3.823321e-02;1.039073e-01;1.071190e-01;1.329946e-01;1.173180e-01;1.162148e-01;6.358515e-02;3.522416e-02
7.514346e-02;7.950950e-02;3.690202e-02;8.241566e-02;3.829503e-02;1.151056e-01;1.145110e-01;1.655936e-01;8.110072e-02;1.210189e-01;5.533779e-02;3.506682e-02
5.427812e-02;5.999086e-02;6.428681e-02;8.313058e-02;3.934645e-02;1.374320e-01;1.298182e-01;1.609979e-01;4.871263e-02;1.392884e-01;4.190039e-02;4.081761e-02
4.033773e-02;7.212993e-02;9.845180e-02;9.091175e-02;5.589265e-02;1.027804e-01;1.299565e-01;1.332001e-01;5.070364e-02;1.063909e-01;6.049872e-02;5.874584e-02
9.212354e-02;8.839836e-02;9.988257e-02;7.079681e-02;6.564882e-02;8.471344e-02;1.045170e-01;1.438342e-01;7.592314e-02;7.625151e-02;6.210497e-02;3.580562e-02
1.152199e-01;6.253374e-02;9.185635e-02;9.100520e-02;6.608541e-02;6.244678e-02;7.329730e-02;1.559099e-01;8.151244e-02;9.990743e-02;5.555779e-02;4.466770e-02
9.984308e-02;3.700235e-02;6.808061e-02;1.203353e-01;6.366619e-02;8.698595e-02;8.789328e-02;1.295963e-01;8.112134e-02;1.073862e-01;6.772593e-02;5.036352e-02
1.324423e-01;7.466304e-02;3.356997e-02;5.754435e-02;5.135957e-02;7.345547e-02;1.014512e-01;1.685313e-01;7.823986e-02;1.226192e-01;7.094924e-02;3.517441e-02
1.515601e-01;8.159169e-02;3.173672e-02;1.076487e-01;4.950773e-02;8.009681e-02;6.478397e-02;1.507401e-01;6.375244e-02;1.254618e-01;7.471985e-02;1.840015e-02
1.412992e-01;5.378222e-02;3.896115e-02;1.140828e-01;2.712889e-02;9.585512e-02;8.795853e-02;1.226213e-01;5.936322e-02;9.721607e-02;1.166409e-01;4.509061e-02
1.307139e-01;6.069513e-02;5.036851e-02;1.133818e-01;3.937135e-02;8.816802e-02;1.297586e-01;1.037852e-01;4.630757e-02;6.978132e-02;1.118366e-01;5.583195e-02
1.081315e-01;4.316600e-02;8.073635e-02;1.171094e-01;9.538948e-02;9.641821e-02;1.321857e-01;7.883740e-02;4.053095e-02;7.351328e-02;8.757131e-02;4.641040e-02
1.019603e-01;9.128549e-02;1.002386e-01;1.106787e-01;7.429549e-02;6.901181e-02;9.485303e-02;7.449782e-02;6.417519e-02;6.515328e-02;8.905596e-02;6.479444e-02
2.096974e-01;1.109219e-01;3.215465e-02;3.352658e-02;2.104353e-02;1.834429e-02;9.601401e-02;9.598976e-02;2.739924e-02;4.495937e-02;2.717194e-01;3.822978e-02
1.934537e-01;9.985884e-02;1.321214e-02;1.229204e-02;1.617953e-02;1.753090e-02;6.367754e-02;7.822421e-02;1.464073e-02;5.457423e-02;4.124148e-01;2.394134e-02
1.412120e-01;7.242996e-02;8.047978e-03;9.860674e-03;2.610891e-02;1.862658e-02;5.823706e-02;6.357044e-02;1.214590e-02;7.790339e-02;4.934098e-01;1.844727e-02
8.705984e-02;4.438548e-02;8.269148e-03;1.168983e-02;5.431523e-02;1.851481e-02;4.511173e-02;5.920092e-02;1.144326e-02;1.255091e-01;5.261430e-01;8.357580e-03
6.514500e-02;7.420426e-02;1.647784e-02;1.710561e-02;8.386113e-02;1.769075e-02;4.718083e-02;6.251370e-02;2.574657e-02;1.671229e-01;4.098789e-01;1.307248e-02
6.273834e-02;1.105297e-01;3.760725e-02;3.477131e-02;1.008914e-01;1.890443e-02;6.093943e-02;5.586128e-02;2.921059e-02;1.346616e-01;3.368614e-01;1.702332e-02
4.722137e-02;1.089813e-01;4.377412e-02;6.220022e-02;1.846326e-01;4.249975e-02;5.335658e-02;6.083529e-02;3.025783e-02;1.142795e-01;2.346798e-01;1.728162e-02
4.860298e-02;5.960594e-02;3.202219e-02;5.933268e-02;2.423254e-01;8.005663e-02;5.678867e-02;6.194593e-02;2.593895e-02;8.208275e-02;2.385402e-01;1.275768e-02
5.687287e-02;2.946549e-02;1.977442e-02;3.723225e-02;2.177676e-01;9.145538e-02;9.222374e-02;1.133450e-01;2.711126e-02;8.177197e-02;2.197564e-01;1.322366e-02
5.095114e-02;1.224924e-02;6.017592e-03;2.672637e-02;1.436367e-01;5.570861e-02;1.019125e-01;1.267851e-01;3.715049e-02;1.168170e-01;3.010717e-01;2.097368e-02
5.469846e-02;2.651921e-02;1.028882e-02;2.850853e-02;9.171467e-02;2.282563e-02;8.512832e-02;1.466799e-01;4.541304e-02;1.256925e-01;3.299888e-01;3.254208e-02
4.297445e-02;2.328996e-02;1.674835e-02;2.050590e-02;5.604230e-02;1.726422e-02;1.552834e-01;2.886453e-01;3.915221e-02;7.939856e-02;2.374586e-01;2.323668e-02
1.822536e-02;1.259528e-02;1.655436e-02;1.592163e-02;4.260636e-02;2.064615e-02;2.387962e-01;4.089349e-01;4.038825e-02;5.519754e-02;1.223196e-01;7.814441e-03
5.873572e-02;3.045542e-02;2.062666e-02;1.486162e-02;4.644030e-02;2.546862e-02;3.164542e-01;3.192768e-01;5.230638e-02;7.715829e-02;3.207398e-02;6.142007e-03
7.387643e-02;2.703794e-02;1.760589e-02;2.575455e-02;3.012929e-02;1.739847e-02;2.772242e-01;1.934521e-01;6.691760e-02;9.951399e-02;1.654521e-01;5.637350e-03
3.303069e-02;1.793139e-02;1.542743e-02;3.257579e-02;1.771299e-02;7.598885e-03;2.009000e-01;3.671040e-01;8.140833e-02;9.019625e-02;1.294219e-01;6.692422e-03
2.371406e-02;1.420273e-02;1.353122e-02;4.300725e-02;1.368870e-02;5.738899e-03;1.957437e-01;4.415253e-01;8.809714e-02;9.168562e-02;6.663156e-02;2.433746e-03
1.466525e-02;6.892724e-03;1.278376e-02;4.349876e-02;1.241573e-02;7.039634e-03;2.487568e-01;4.871599e-01;6.600423e-02;6.786144e-02;2.628914e-02;6.632623e-03
1.321169e-02;1.059716e-02;1.023480e-02;2.858668e-02;1.188744e-02;1.299527e-02;3.015541e-01;5.064940e-01;3.915531e-02;3.757605e-02;2.151182e-02;6.195661e-03
1.129403e-02;8.916693e-03;1.164989e-02;1.404703e-02;9.607119e-03;1.596331e-02;3.604810e-01;4.914897e-01;3.234857e-02;2.827459e-02;1.090497e-02;5.023082e-03
1.117948e-02;1.583284e-02;1.798395e-02;1.112866e-02;1.006982e-02;1.776179e-02;4.029609e-01;4.129583e-01;4.525070e-02;3.227114e-02;1.491079e-02;7.691578e-03
1.235465e-02;2.600834e-02;1.756508e-02;1.545453e-02;1.346851e-02;2.799352e-02;4.347473e-01;3.328768e-01;5.084110e-02;3.689256e-02;2.563196e-02;6.165632e-03
3.595792e-02;2.836490e-02;2.283025e-02;1.422074e-02;1.680107e-02;4.091828e-02;4.402747e-01;2.841095e-01;3.876936e-02;3.372322e-02;3.606590e-02;7.964243e-03
8.173542e-02;3.517187e-02;3.153305e-02;2.012420e-02;2.281130e-02;3.836789e-02;4.135011e-01;2.335842e-01;2.640922e-02;2.902303e-02;5.537335e-02;1.236531e-02
8.360576e-02;6.768914e-02;3.510563e-02;2.296550e-02;3.495275e-02;3.705091e-02;4.934294e-01;1.199502e-01;2.306440e-02;3.590801e-02;2.361206e-02;2.266620e-02
4.225228e-02;6.039524e-02;3.391784e-02;1.887567e-02;3.404758e-02;3.845529e-02;4.794629e-01;1.597624e-01;3.133564e-02;4.116772e-02;3.808462e-02;2.224287e-02
5.904686e-02;9.897041e-02;4.197581e-02;2.758595e-02;3.635789e-02;2.317389e-02;3.761048e-01;1.427321e-01;3.860315e-02;5.831935e-02;7.304324e-02;2.408647e-02
9.679831e-02;1.060665e-01;3.225311e-02;2.259935e-02;2.642973e-02;5.731966e-02;2.903373e-01;1.603833e-01;5.128347e-02;6.813218e-02;7.708546e-02;1.131169e-02
7.652085e-02;5.458619e-02;5.257695e-02;6.887089e-02;7.524287e-02;6.431475e-02;1.652521e-01;1.807022e-01;9.945245e-02;4.885399e-02;8.266067e-02;3.096611e-02
7.398529e-02;7.192010e-02;4.355126e-02;7.358652e-02;8.354313e-02;6.884976e-02;1.215624e-01;1.864529e-01;1.127248e-01;4.532181e-02;8.627402e-02;3.222803e-02
8.139480e-02;6.900233e-02;2.500925e-02;7.417601e-02;8.758873e-02;6.812213e-02;1.134639e-01;2.027439e-01;1.099631e-01;6.386399e-02;7.429232e-02;3.037962e-02
8.601440e-02;6.677812e-02;4.572998e-02;7.125777e-02;4.584700e-02;8.401250e-02;1.411591e-01;1.823352e-01;1.017219e-01;7.603031e-02;7.932600e-02;1.978775e-02
7.038897e-02;8.807974e-02;5.002152e-02;6.685152e-02;5.357677e-02;7.929640e-02;8.993792e-02;1.884286e-01;1.073177e-01;1.027054e-01;8.485843e-02;1.853701e-02
6.203400e-02;9.325964e-02;6.685842e-02;9.261432e-02;5.146099e-02;4.810152e-02;5.912738e-02;2.173559e-01;7.451719e-02;1.176687e-01;6.866791e-02;4.833407e-02
4.646269e-02;8.631745e-02;8.532722e-02;1.330229e-01;5.315594e-02;5.492875e-02;6.250945e-02;1.892475e-01;6.090760e-02;1.222093e-01;3.667724e-02;6.923386e-02
5.317745e-02;7.637285e-02;7.678585e-02;1.019085e-01;6.503018e-02;4.591957e-02;4.360064e-02;2.387023e-01;8.745131e-02;1.136409e-01;3.106909e-02;6.634131e-02
7.889795e-02;6.469947e-02;5.618848e-02;5.779573e-02;6.728065e-02;3.915805e-02;5.181680e-02;2.745242e-01;8.300018e-02;9.097505e-02;7.599016e-02;5.967335e-02
9.498673e-02;2.833287e-02;5.072653e-02;6.462733e-02;4.697172e-02;5.402802e-02;8.121817e-02;1.961900e-01;1.272706e-01;8.355392e-02;1.162286e-01;5.586548e-02
1.156868e-01;4.293905e-02;4.035022e-02;9.749757e-02;5.338737e-02;4.577607e-02;8.327569e-02;1.278723e-01;1.539712e-01;6.376954e-02;1.170478e-01;5.842644e-02
1.009814e-01;5.757261e-02;3.949508e-02;8.279556e-02;4.251151e-02;3.427003e-02;1.054470e-01;1.436833e-01;1.272658e-01;4.509550e-02;1.644050e-01;5.647713e-02
1.783035e-01;1.142377e-01;1.836337e-02;2.701098e-02;1.446004e-02;1.875541e-02;7.271305e-02;1.096190e-01;2.706014e-02;3.663874e-02;3.643215e-01;1.851647e-02
1.872420e-01;9.771334e-02;1.739964e-02;1.103385e-02;1.720290e-02;1.450742e-02;4.871519e-02;7.057733e-02;2.072204e-02;5.172633e-02;4.519463e-01;1.121366e-02
1.455882e-01;7.333505e-02;1.546281e-02;8.859165e-03;2.731292e-02;1.948951e-02;3.833950e-02;5.255872e-02;2.741275e-02;7.837310e-02;4.991785e-01;1.408987e-02
7.685388e-02;5.147361e-02;1.509471e-02;1.387056e-02;4.523006e-02;4.040133e-02;6.210462e-02;1.174569e-01;4.047119e-02;1.172974e-01;4.039206e-01;1.582510e-02
7.126992e-02;2.474981e-02;1.703626e-02;3.185973e-02;4.340939e-02;4.870317e-02;1.080209e-01;2.714681e-01;6.415760e-02;1.080301e-01;2.034382e-01;7.856838e-03
7.146611e-02;1.775018e-02;1.399239e-02;4.501508e-02;3.648625e-02;2.893473e-02;1.359685e-01;3.850679e-01;7.305372e-02;7.652562e-02;1.083570e-01;7.382435e-03
4.226980e-02;1.276409e-02;1.564355e-02;5.063434e-02;2.501054e-02;1.446441e-02;1.450102e-01;4.074058e-01;6.555655e-02;5.219321e-02;1.600111e-01;9.036507e-03
4.275256e-02;2.194358e-02;1.762359e-02;5.983124e-02;1.463541e-02;1.087588e-02;1.825480e-01;4.419340e-01;6.438673e-02;4.320864e-02;9.084830e-02;9.412031e-03
4.956886e-02;1.803717e-02;1.232823e-02;6.756643e-02;1.044362e-02;1.201209e-02;1.836866e-01;3.982700e-01;6.186656e-02;4.458025e-02;1.321278e-01;9.512391e-03
8.617624e-02;1.365251e-02;1.652765e-02;9.137383e-02;1.549207e-02;1.564844e-02;1.765768e-01;3.337032e-01;5.520169e-02;4.926998e-02;1.242284e-01;2.214920e-02
8.938865e-02;2.406494e-02;2.879687e-02;9.411226e-02;3.191979e-02;4.645899e-02;1.886891e-01;2.759566e-01;4.659474e-02;5.301580e-02;9.220716e-02;2.879508e-02
6.280534e-02;4.086073e-02;3.296126e-02;7.990738e-02;6.206301e-02;6.850843e-02;2.668600e-01;2.158123e-01;4.822867e-02;5.785842e-02;3.553178e-02;2.860275e-02
5.421583e-02;6.515138e-02;2.519881e-02;6.823868e-02;6.315175e-02;6.776007e-02;3.250353e-01;1.550242e-01;7.066219e-02;4.867851e-02;2.572881e-02;3.115449e-02
6.424271e-02;7.122632e-02;2.089477e-02;7.576866e-02;3.755270e-02;6.209579e-02;3.540742e-01;1.321547e-01;5.395688e-02;5.820998e-02;4.960054e-02;2.022273e-02
7.431389e-02;8.289945e-02;2.078449e-02;7.870788e-02;2.830895e-02;6.253641e-02;3.559538e-01;8.450351e-02;6.063401e-02;5.944307e-02;4.897454e-02;4.293999e-02
5.712613e-02;8.375979e-02;1.952379e-02;4.965571e-02;2.854945e-02;4.575977e-02;3.369859e-01;1.545182e-01;8.003912e-02;5.314659e-02;3.971675e-02;5.121883e-02
5.684965e-02;6.820939e-02;2.307779e-02;3.627038e-02;3.950122e-02;3.971204e-02;3.068943e-01;1.851484e-01;6.354731e-02;6.906693e-02;5.466790e-02;5.705471e-02
5.366392e-02;3.940615e-02;2.808876e-02;7.913305e-02;2.289890e-02;3.569578e-02;2.641479e-01;1.627399e-01;5.671784e-02;9.844573e-02;1.040789e-01;5.498324e-02
6.027872e-02;3.664910e-02;2.749398e-02;8.433345e-02;2.511406e-02;2.524597e-02;2.117163e-01;1.068118e-01;8.084632e-02;1.125498e-01;1.951804e-01;3.378020e-02
6.721288e-02;4.768118e-02;1.544018e-02;4.021508e-02;4.772457e-02;2.846923e-02;1.533365e-01;9.286172e-02;6.388396e-02;1.078532e-01;3.159475e-01;1.937394e-02
7.277630e-02;4.705974e-02;1.464314e-02;1.962570e-02;7.108509e-02;2.682481e-02;1.216392e-01;5.228598e-02;3.059208e-02;1.086090e-01;4.191992e-01;1.565983e-02
6.697840e-02;3.921570e-02;1.757161e-02;1.677035e-02;9.394594e-02;2.113320e-02;8.465974e-02;5.199966e-02;2.165347e-02;1.169767e-01;4.569106e-01;1.218455e-02
3.673347e-02;3.623179e-02;2.281576e-02;4.001113e-02;1.077481e-01;2.173398e-02;7.022183e-02;4.875081e-02;2.334766e-02;1.321647e-01;4.469671e-01;1.327377e-02
4.905902e-02;3.504173e-02;1.954835e-02;6.811552e-02;1.009715e-01;2.260491e-02;7.140792e-02;3.850234e-02;1.440126e-02;1.199439e-01;4.455046e-01;1.489900e-02
5.575341e-02;3.137604e-02;1.540948e-02;5.805594e-02;8.731853e-02;1.821516e-02;7.013169e-02;5.916276e-02;1.693565e-02;1.026917e-01;4.760893e-01;8.860304e-03
5.731884e-02;2.235109e-02;1.703638e-02;6.977203e-02;6.916486e-02;2.979930e-02;7.183354e-02;8.351079e-02;3.879766e-02;9.703226e-02;4.366729e-01;6.710368e-03
7.769947e-02;1.598832e-02;1.431511e-02;1.755335e-01;4.140844e-02;2.921437e-02;1.035061e-01;1.479747e-01;6.147970e-02;6.993434e-02;2.551725e-01;7.773368e-03
7.701376e-02;2.496312e-02;3.512102e-02;2.696657e-01;2.261011e-02;2.413444e-02;1.253142e-01;2.258166e-01;5.279630e-02;3.606575e-02;7.956424e-02;2.693478e-02
4.041968e-02;3.895504e-02;8.531681e-02;2.092021e-01;2.394027e-02;2.755212e-02;1.838178e-01;2.940465e-01;2.975387e-02;1.820078e-02;9.525586e-03;3.926942e-02
2.982535e-02;1.187419e-01;9.364180e-02;9.801995e-02;4.020394e-02;2.824564e-02;2.492012e-01;2.707457e-01;1.513628e-02;1.153264e-02;1.269688e-02;3.200889e-02
6.207290e-02;1.999470e-01;4.674942e-02;5.818892e-02;5.062149e-02;3.005107e-02;3.075878e-01;1.840863e-01;7.873093e-03;7.039552e-03;2.934825e-02;1.643421e-02
1.491326e-01;1.891125e-01;3.007041e-02;7.953078e-02;3.565121e-02;5.069081e-02;2.872494e-01;1.159258e-01;6.570339e-03;1.326062e-02;3.475077e-02;8.054769e-03
2.591158e-01;1.231318e-01;6.604585e-02;1.104920e-01;1.794983e-02;6.813489e-02;2.318296e-01;6.589439e-02;6.925527e-03;1.899887e-02;1.689245e-02;1.458897e-02
2.842684e-01;8.095102e-02;1.172377e-01;8.343798e-02;2.649862e-02;7.127970e-02;1.898148e-01;3.033138e-02;2.375311e-02;1.636233e-02;4.510806e-02;3.095690e-02
2.208906e-01;5.617720e-02;1.194310e-01;3.726792e-02;3.823182e-02;7.052968e-02;2.162789e-01;4.267888e-02;3.769586e-02;6.543932e-03;5.797165e-02;9.630253e-02
1.194455e-01;5.394411e-02;6.518292e-02;4.277010e-02;4.802036e-02;6.220229e-02;1.864918e-01;4.771741e-02;4.851278e-02;1.743237e-02;1.265217e-01;1.817586e-01
5.603852e-02;4.189971e-02;3.172177e-02;5.420270e-02;6.270795e-02;6.046459e-02;1.336792e-01;5.575247e-02;5.283521e-02;2.198236e-02;1.790862e-01;2.496293e-01
6.702111e-02;3.304528e-02;2.627423e-02;3.339518e-02;5.500408e-02;5.035261e-02;2.052605e-01;7.598541e-02;4.777846e-02;2.728830e-02;2.003401e-01;1.782548e-01
1.176583e-01;3.531690e-02;2.807631e-02;2.546753e-02;5.101760e-02;4.832387e-02;2.402129e-01;7.403696e-02;5.162073e-02;3.194001e-02;2.121859e-01;8.414304e-02
1.728590e-01;4.568435e-02;3.219204e-02;2.158282e-02;3.913355e-02;3.738013e-02;2.558757e-01;7.687181e-02;3.174442e-02;3.207933e-02;2.244573e-01;3.013953e-02
1.342985e-01;7.235704e-02;3.893902e-02;3.269496e-02;2.872205e-02;1.901936e-02;2.093392e-01;6.839465e-02;2.740134e-02;3.113589e-02;3.046199e-01;3.307813e-02
9.984116e-02;4.553010e-02;4.528469e-02;4.311644e-02;2.630536e-02;2.133856e-02;1.790312e-01;5.245100e-02;3.376812e-02;5.431240e-02;3.685410e-01;3.047997e-02
1.556098e-01;7.063253e-02;3.906094e-02;2.528433e-02;4.102277e-02;4.226201e-02;2.079777e-01;1.110276e-01;2.760661e-02;6.857457e-02;1.988452e-01;1.209591e-02
