8.734282e-02;7.604919e-02;1.271237e-01;6.011045e-02;8.524283e-02;4.390676e-02;9.361827e-02;7.145311e-02;9.866516e-02;9.724244e-02;5.856629e-02;1.006789e-01
6.756675e-02;1.029443e-01;1.037187e-01;4.529467e-02;8.404538e-02;6.691390e-02;1.221688e-01;9.709474e-02;8.446328e-02;1.166805e-01;3.781293e-02;7.129605e-02
5.021815e-02;1.093108e-01;9.170535e-02;5.059266e-02;8.188248e-02;1.000344e-01;1.487646e-01;1.005677e-01;1.005459e-01;8.229581e-02;4.067961e-02;4.340259e-02
5.836020e-02;9.055440e-02;1.067985e-01;7.349446e-02;8.067053e-02;1.002443e-01;1.391019e-01;8.831763e-02;7.688320e-02;8.860627e-02;4.595791e-02;5.101077e-02
3.629999e-02;7.647055e-02;1.251819e-01;8.519019e-02;6.040041e-02;6.657052e-02;1.314850e-01;7.519243e-02;1.022345e-01;1.194571e-01;5.117294e-02;7.034440e-02
8.324823e-02;7.687118e-02;1.057857e-01;8.060163e-02;9.036615e-02;6.440928e-02;1.303294e-01;7.886388e-02;9.143442e-02;1.178147e-01;2.067353e-02;5.960200e-02
7.810020e-02;1.264657e-01;1.276582e-01;7.455584e-02;1.079231e-01;5.861801e-02;1.363891e-01;7.053134e-02;5.020485e-02;8.162517e-02;3.732017e-02;5.060836e-02
9.335847e-02;1.116341e-01;1.141358e-01;5.971099e-02;6.674439e-02;7.662359e-02;1.111608e-01;6.517118e-02;9.195951e-02;1.039527e-01;7.020796e-02;3.534053e-02
1.110441e-01;9.378143e-02;7.408805e-02;5.156189e-02;7.184222e-02;8.881406e-02;1.129359e-01;6.728310e-02;1.090733e-01;9.793778e-02;8.617418e-02;3.546398e-02
1.087894e-01;8.756823e-02;6.542624e-02;5.368103e-02;7.842863e-02;8.241752e-02;1.033269e-01;7.028693e-02;9.363312e-02;7.981114e-02;1.191750e-01;5.745593e-02
7.776744e-02;5.488399e-02;1.114856e-01;7.919979e-02;6.429707e-02;4.918366e-02;6.826801e-02;1.043350e-01;9.260593e-02;9.149034e-02;1.121382e-01;9.434503e-02
1.126382e-01;8.980612e-02;1.495897e-01;6.199303e-02;2.901586e-02;5.573673e-02;5.974545e-02;1.204279e-01;5.899102e-02;5.941900e-02;1.053671e-01;9.726994e-02
1.961282e-01;1.199155e-01;1.591634e-01;2.579750e-02;4.783963e-02;3.823526e-02;5.431492e-02;1.085531e-01;7.534637e-02;4.958089e-02;6.333108e-02;6.179412e-02
2.590124e-01;1.091611e-01;1.144697e-01;1.912297e-02;4.726609e-02;2.121758e-02;8.245648e-02;1.380004e-01;6.262145e-02;6.291252e-02;3.230415e-02;5.145510e-02
2.874083e-01;6.841370e-02;6.682365e-02;2.461241e-02;5.005785e-02;1.696671e-02;1.141180e-01;1.868872e-01;1.945689e-02;7.106980e-02;2.804413e-02;6.614137e-02
2.059760e-01;3.508385e-02;5.819728e-02;2.879301e-02;4.166858e-02;2.790123e-02;1.773831e-01;1.812583e-01;2.295149e-02;6.076815e-02;5.228401e-02;1.077349e-01
1.263990e-01;3.649807e-02;6.418325e-02;2.993384e-02;4.742555e-02;4.700617e-02;2.213322e-01;1.622960e-01;2.686805e-02;5.019347e-02;6.774325e-02;1.201212e-01
6.018703e-02;5.020730e-02;1.041921e-01;3.490371e-02;7.371885e-02;5.337645e-02;2.091741e-01;1.416392e-01;6.531086e-02;4.336712e-02;6.035790e-02;1.035655e-01
7.883700e-02;7.192802e-02;2.729631e-01;4.332860e-02;9.453743e-02;4.712692e-02;9.491192e-02;5.964179e-02;8.350407e-02;6.316607e-02;4.797770e-02;4.207736e-02
7.988310e-02;5.723651e-02;3.121239e-01;6.193337e-02;7.508370e-02;5.507880e-02;8.957411e-02;7.398797e-02;7.385819e-02;4.783107e-02;4.396451e-02;2.944475e-02
7.473347e-02;2.169380e-02;1.498166e-01;6.481195e-02;1.032768e-01;6.890195e-02;1.227901e-01;1.226646e-01;7.675068e-02;6.904771e-02;8.189341e-02;4.361887e-02
8.307034e-02;4.756632e-02;1.372934e-01;5.935265e-02;7.580819e-02;4.380355e-02;1.612519e-01;1.504590e-01;5.316581e-02;6.540928e-02;7.497073e-02;4.784884e-02
9.988353e-02;5.171359e-02;1.724360e-01;7.195573e-02;5.800780e-02;3.642587e-02;1.484239e-01;1.607360e-01;6.201326e-02;4.673916e-02;5.211183e-02;3.955324e-02
1.141490e-01;3.505841e-02;9.938520e-02;8.019847e-02;3.623152e-02;3.628241e-02;2.186019e-01;2.021484e-01;5.000695e-02;4.159912e-02;3.101880e-02;5.531976e-02
1.320723e-01;3.062393e-02;5.341775e-02;7.261940e-02;2.081247e-02;1.385971e-02;2.571681e-01;2.461680e-01;3.050209e-02;4.840490e-02;1.204440e-02;8.230698e-02
1.328382e-01;2.025198e-02;3.110847e-02;7.783870e-02;1.102076e-02;9.819493e-03;2.998056e-01;2.321703e-01;2.897846e-02;5.353671e-02;1.387286e-02;8.875843e-02
1.078644e-01;1.389033e-02;1.419934e-02;8.451044e-02;7.817460e-03;2.095264e-02;3.821937e-01;1.635739e-01;2.051176e-02;5.756170e-02;1.955437e-02;1.073701e-01
8.105373e-02;8.958012e-03;1.453060e-02;9.052520e-02;8.464803e-03;3.418609e-02;4.335707e-01;9.529407e-02;1.631382e-02;6.801891e-02;2.399756e-02;1.250865e-01
5.932504e-02;6.746745e-03;1.346559e-02;8.626278e-02;5.610393e-03;5.806194e-02;4.618309e-01;5.000232e-02;1.990725e-02;6.002748e-02;3.342176e-02;1.453378e-01
5.838170e-02;1.256507e-02;1.700391e-02;6.917033e-02;6.355059e-03;7.772377e-02;4.462879e-01;2.481178e-02;2.055169e-02;4.643431e-02;5.177137e-02;1.689432e-01
5.409160e-02;1.174965e-02;2.783540e-02;5.716868e-02;6.177683e-03;9.289674e-02;4.076858e-01;2.382372e-02;1.289500e-02;3.751523e-02;7.278550e-02;1.953750e-01
5.005398e-02;1.949811e-02;4.836949e-02;4.555585e-02;1.168945e-02;1.073211e-01;3.313980e-01;1.346646e-02;3.026684e-02;3.812567e-02;1.047248e-01;1.995303e-01
2.395764e-02;9.200829e-03;3.143639e-02;2.163742e-02;1.540541e-02;1.103432e-01;3.404219e-01;1.717236e-02;4.184231e-02;4.764929e-02;1.322862e-01;2.086471e-01
8.295795e-02;1.280255e-02;2.717752e-02;3.326886e-02;1.610231e-02;6.978718e-02;3.843520e-01;2.808879e-02;1.729190e-02;3.191328e-02;9.265652e-02;2.036012e-01
1.000817e-01;1.583312e-02;2.918160e-02;3.610157e-02;1.047686e-02;5.390894e-02;4.141302e-01;2.850760e-02;1.949087e-02;2.772771e-02;6.978126e-02;1.947786e-01
7.902163e-02;1.546152e-02;2.784177e-02;3.104351e-02;4.812587e-03;5.981822e-02;4.498094e-01;2.569225e-02;1.611619e-02;3.032941e-02;7.387988e-02;1.861736e-01
5.269658e-02;1.357231e-02;3.450753e-02;2.793203e-02;5.987222e-03;8.565547e-02;4.445003e-01;4.520490e-02;1.918997e-02;2.492246e-02;8.592434e-02;1.599069e-01
3.326740e-02;1.210801e-02;3.530765e-02;2.375964e-02;1.382797e-02;1.131922e-01;3.918068e-01;2.981870e-02;4.484186e-02;4.226179e-02;1.082266e-01;1.515814e-01
2.868196e-02;1.298121e-02;3.520114e-02;1.577976e-02;2.689320e-02;1.210460e-01;3.332747e-01;3.038192e-02;6.346436e-02;5.781998e-02;1.087658e-01;1.657099e-01
2.804778e-02;2.056793e-02;4.213056e-02;2.498859e-02;3.317785e-02;1.069638e-01;2.773795e-01;4.870332e-02;6.387403e-02;5.248303e-02;1.077067e-01;1.939770e-01
3.154887e-02;2.969948e-02;7.243618e-02;6.152794e-02;3.530370e-02;8.291764e-02;2.021108e-01;4.549474e-02;4.630841e-02;5.865841e-02;1.288772e-01;2.051166e-01
5.874088e-02;3.183279e-02;9.735344e-02;6.423012e-02;4.006582e-02;7.212264e-02;1.739609e-01;3.407931e-02;5.619976e-02;6.988518e-02;1.409182e-01;1.606110e-01
7.467222e-02;3.352212e-02;1.258692e-01;5.254196e-02;4.169775e-02;6.202207e-02;1.533061e-01;3.302551e-02;6.156973e-02;9.529872e-02;1.522830e-01;1.141916e-01
6.956248e-02;3.366641e-02;1.378795e-01;3.765620e-02;3.203651e-02;5.295841e-02;1.037421e-01;3.591808e-02;5.093637e-02;1.590370e-01;1.922805e-01;9.432647e-02
5.219609e-02;1.750750e-02;4.172860e-02;2.290079e-02;3.983916e-02;2.591184e-02;9.278075e-02;3.837034e-02;4.543502e-02;2.262850e-01;2.988815e-01;9.816337e-02
3.960274e-02;2.551281e-02;1.051529e-01;2.130307e-02;4.230468e-02;2.583071e-02;1.052661e-01;5.292457e-02;6.095321e-02;1.790218e-01;2.683000e-01;7.382739e-02
3.249156e-02;3.612192e-02;1.230945e-01;4.271091e-02;5.131562e-02;3.759859e-02;9.703805e-02;6.109171e-02;6.891475e-02;1.544540e-01;2.023293e-01;9.283900e-02
1.041646e-01;5.855414e-02;1.367949e-01;6.535849e-02;6.827007e-02;5.273574e-02;7.555970e-02;5.678304e-02;6.528544e-02;1.011387e-01;1.214624e-01;9.389281e-02
1.468580e-01;7.497387e-02;1.761009e-01;6.031056e-02;6.787761e-02;4.776306e-02;7.855894e-02;4.889480e-02;5.608711e-02;5.975768e-02;9.033696e-02;9.248054e-02
1.664439e-01;7.883239e-02;1.565431e-01;3.792953e-02;4.769678e-02;6.098164e-02;1.039352e-01;4.675421e-02;4.421456e-02;5.275275e-02;9.441326e-02;1.095027e-01
1.290050e-01;5.816031e-02;8.196738e-02;5.128528e-02;3.570989e-02;6.018279e-02;1.433679e-01;3.870155e-02;4.737777e-02;7.232414e-02;1.316423e-01;1.502756e-01
5.332161e-02;4.268779e-02;9.125394e-02;7.824329e-02;6.177660e-02;6.603483e-02;1.034307e-01;3.940714e-02;6.212997e-02;9.032831e-02;1.608501e-01;1.505357e-01
3.696067e-02;4.875074e-02;1.276965e-01;7.129956e-02;7.648063e-02;8.447230e-02;6.176006e-02;3.878439e-02;5.266611e-02;7.926119e-02;2.078542e-01;1.140136e-01
5.425791e-02;3.432695e-02;1.364546e-01;4.054176e-02;4.038487e-02;8.061696e-02;1.339831e-01;2.853020e-02;3.052180e-02;7.487383e-02;2.177444e-01;1.277636e-01
7.944531e-02;2.675337e-02;8.761182e-02;5.403662e-02;3.566043e-02;9.564455e-02;2.492351e-01;2.155415e-02;2.172583e-02;5.013359e-02;1.412476e-01;1.369516e-01
8.737083e-02;2.885962e-02;4.888413e-02;7.125671e-02;2.746839e-02;9.859417e-02;3.085878e-01;3.078575e-02;2.568244e-02;3.946220e-02;8.385549e-02;1.491925e-01
8.926436e-02;1.463902e-02;4.333125e-02;7.651222e-02;2.474474e-02;7.476622e-02;3.375891e-01;3.401088e-02;2.460252e-02;5.677013e-02;6.229473e-02;1.614748e-01
1.094511e-01;2.727902e-02;4.230016e-02;8.187997e-02;1.975799e-02;3.334272e-02;3.149759e-01;3.392418e-02;2.743693e-02;7.631584e-02;6.634621e-02;1.669900e-01
1.151603e-01;2.344749e-02;2.636086e-02;8.695317e-02;1.576206e-02;3.393326e-02;2.939758e-01;2.525298e-02;2.406602e-02;9.656751e-02;8.184765e-02;1.766728e-01
1.277480e-01;2.958169e-02;3.868997e-02;8.345577e-02;1.565850e-02;3.648348e-02;2.751873e-01;3.132651e-02;1.819729e-02;8.712308e-02;7.942258e-02;1.771258e-01
1.401434e-01;2.328158e-02;3.940320e-02;8.268327e-02;1.520742e-02;4.921185e-02;2.614790e-01;2.795041e-02;3.263652e-02;6.780019e-02;7.812488e-02;1.820783e-01
1.530473e-01;1.754139e-02;4.134326e-02;7.822808e-02;2.189477e-02;5.254799e-02;2.550114e-01;3.445291e-02;2.514457e-02;6.131860e-02;7.627128e-02;1.831985e-01
1.534734e-01;2.080857e-02;7.401573e-02;6.775843e-02;1.975017e-02;3.375715e-02;2.256484e-01;4.319328e-02;3.713677e-02;5.999359e-02;9.322280e-02;1.712417e-01
1.423012e-01;1.135521e-02;3.748199e-02;5.978370e-02;2.650709e-02;2.643016e-02;1.901144e-01;6.813078e-02;6.096222e-02;7.214177e-02;1.317028e-01;1.730887e-01
9.980121e-02;1.589564e-02;1.357601e-01;5.510490e-02;3.073884e-02;2.378114e-02;1.262855e-01;5.908341e-02;6.366765e-02;8.952471e-02;1.505599e-01;1.497969e-01
8.543778e-02;1.605938e-02;1.449681e-01;6.333508e-02;5.003044e-02;2.417400e-02;9.391492e-02;5.393104e-02;7.218168e-02;1.087298e-01;1.556195e-01;1.316182e-01
1.107203e-01;3.229849e-02;7.151638e-02;5.807826e-02;7.619037e-02;4.035707e-02;1.232872e-01;5.603458e-02;1.007305e-01;1.212176e-01;1.264731e-01;8.309613e-02
1.372500e-01;5.570486e-02;1.241857e-01;4.434798e-02;8.843684e-02;4.769789e-02;1.409181e-01;5.731658e-02;9.629425e-02;1.012562e-01;7.743510e-02;2.915644e-02
1.409947e-01;9.750313e-02;1.232579e-01;5.741474e-02;9.677071e-02;5.674077e-02;1.408044e-01;6.675808e-02;7.472280e-02;6.202277e-02;4.585363e-02;3.715637e-02
7.386445e-02;6.123051e-02;2.323225e-01;6.999251e-02;7.420515e-02;6.782770e-02;1.163940e-01;5.240748e-02;8.079287e-02;6.795929e-02;5.683494e-02;4.616864e-02
3.373000e-02;2.843221e-02;2.617729e-01;8.721429e-02;6.985499e-02;7.085340e-02;1.052823e-01;5.437880e-02;8.510762e-02;7.844622e-02;6.593034e-02;5.899690e-02
7.707004e-02;6.144078e-02;1.223179e-01;7.257638e-02;6.950602e-02;5.388392e-02;1.318534e-01;9.791431e-02;1.159756e-01;8.978961e-02;5.917602e-02;4.849601e-02
7.611893e-02;6.855846e-02;1.060635e-01;6.276826e-02;6.805947e-02;6.193229e-02;1.270195e-01;1.085359e-01;1.262050e-01;8.909405e-02;5.548700e-02;5.015761e-02
7.441531e-02;6.732102e-02;1.091131e-01;6.026026e-02;6.075553e-02;6.119830e-02;1.246700e-01;1.003839e-01;1.415487e-01;9.174518e-02;5.426063e-02;5.432810e-02
5.872388e-02;5.288137e-02;1.160293e-01;5.503809e-02;3.107349e-02;6.867115e-02;1.353911e-01;1.051686e-01;1.437174e-01;1.153295e-01;6.179560e-02;5.618048e-02
5.028321e-02;7.376426e-02;1.130831e-01;6.032490e-02;5.558919e-02;7.077164e-02;1.320354e-01;1.397233e-01;8.781512e-02;1.130382e-01;5.859171e-02;4.497992e-02
4.751430e-02;9.927416e-02;7.800359e-02;4.882155e-02;7.318892e-02;8.283986e-02;1.520427e-01;1.468494e-01;9.417631e-02;7.038448e-02;6.473412e-02;4.217052e-02
7.284164e-02;6.887230e-02;7.020482e-02;4.605933e-02;7.819625e-02;9.458073e-02;1.041802e-01;1.342923e-01;1.653946e-01;7.683530e-02;5.481927e-02;3.372327e-02
7.637987e-02;4.857734e-02;7.704217e-02;4.873786e-02;6.477067e-02;6.883476e-02;1.197831e-01;8.797213e-02;1.888557e-01;1.190683e-01;4.759441e-02;5.238373e-02
3.742057e-02;5.267930e-02;9.777708e-02;5.407491e-02;6.154777e-02;6.828377e-02;2.003100e-01;5.204962e-02;1.537757e-01;1.288914e-01;2.793213e-02;6.525774e-02
8.417045e-02;7.379510e-02;8.486482e-02;5.039584e-02;4.768170e-02;6.837140e-02;2.420611e-01;4.248328e-02;1.240642e-01;9.240630e-02;2.976544e-02;5.994036e-02
1.080716e-01;8.236618e-02;1.023690e-01;4.232460e-02;5.504401e-02;5.607486e-02;2.010673e-01;5.617066e-02;1.513073e-01;7.227874e-02;2.762580e-02;4.529997e-02
8.066956e-02;6.543691e-02;1.305379e-01;4.345238e-02;5.577271e-02;4.503660e-02;1.018836e-01;7.612772e-02;1.947909e-01;1.261396e-01;3.408214e-02;4.606992e-02
5.450005e-02;3.708413e-02;1.020254e-01;6.262123e-02;6.837931e-02;5.619565e-02;1.049525e-01;9.974239e-02;1.603976e-01;1.575710e-01;4.129872e-02;5.523209e-02
6.622721e-02;3.091202e-02;1.008643e-01;5.365223e-02;8.015992e-02;7.450698e-02;9.875647e-02;1.228196e-01;1.280370e-01;1.560617e-01;4.225319e-02;4.574935e-02
6.856455e-02;4.185935e-02;1.095737e-01;5.095569e-02;7.558679e-02;8.747631e-02;7.690913e-02;1.002300e-01;1.134250e-01;1.707702e-01;4.732807e-02;5.732114e-02
1.115103e-01;5.350800e-02;1.056479e-01;7.241075e-02;5.758385e-02;7.139505e-02;1.067691e-01;8.794419e-02;9.599069e-02;1.129703e-01;5.611368e-02;6.815618e-02
1.078315e-01;5.319529e-02;1.041283e-01;4.925148e-02;5.604895e-02;8.313990e-02;1.468619e-01;8.829106e-02;1.070940e-01;1.098020e-01;5.683928e-02;3.751651e-02
7.753022e-02;7.353644e-02;9.423126e-02;3.884538e-02;7.346738e-02;9.684565e-02;1.688671e-01;1.170284e-01;7.510450e-02;6.411212e-02;5.520555e-02;6.522597e-02
8.373049e-02;8.750138e-02;9.911056e-02;3.646779e-02;7.402019e-02;9.218973e-02;1.848595e-01;1.528440e-01;4.790182e-02;2.586162e-02;4.517497e-02;7.033806e-02
9.717623e-02;9.486893e-02;9.076072e-02;2.603035e-02;7.517888e-02;6.675095e-02;2.127989e-01;1.475030e-01;4.496518e-02;3.830150e-02;4.650652e-02;5.915879e-02
1.070408e-01;7.744991e-02;9.676126e-02;4.395628e-02;9.025655e-02;4.762966e-02;2.330435e-01;8.339483e-02;5.751246e-02;7.198597e-02;4.280142e-02;4.816736e-02
8.575885e-02;6.608889e-02;8.571813e-02;5.088316e-02;7.437472e-02;4.576448e-02;2.513341e-01;8.922385e-02;9.439087e-02;7.678381e-02;3.967919e-02;3.999994e-02
5.591287e-02;6.499565e-02;7.171009e-02;7.361884e-02;6.310006e-02;6.013678e-02;2.067588e-01;1.498321e-01;8.734316e-02;6.890820e-02;4.517697e-02;5.250642e-02
4.649530e-02;3.673372e-02;8.689797e-02;8.870449e-02;8.927321e-02;1.205520e-01;1.266013e-01;1.074109e-01;9.760740e-02;1.003901e-01;3.605845e-02;6.327529e-02
5.023230e-02;3.744165e-02;6.553220e-02;8.260659e-02;7.573214e-02;1.348208e-01;1.636923e-01;1.191640e-01;9.431815e-02;9.036795e-02;4.493858e-02;4.115333e-02
6.697676e-02;6.995039e-02;1.133032e-01;1.084134e-01;8.283599e-02;8.509339e-02;1.863598e-01;1.116005e-01;3.346464e-02;7.704329e-02;3.027529e-02;3.468342e-02
7.284134e-02;8.968109e-02;1.825258e-01;9.320149e-02;2.056256e-01;5.173172e-02;1.062090e-01;4.133843e-02;5.304554e-02;5.834646e-02;2.683321e-02;1.862030e-02
9.012640e-02;7.915957e-02;1.447494e-01;1.046284e-01;2.090344e-01;5.195620e-02;8.064993e-02;4.254448e-02;7.294773e-02;5.698978e-02;2.259837e-02;4.461526e-02
1.063890e-01;7.048921e-02;1.192614e-01;1.108870e-01;1.377874e-01;1.048309e-01;6.619947e-02;4.990769e-02;7.800166e-02;7.231069e-02;3.873039e-02;4.520531e-02
6.854155e-02;7.950979e-02;1.740057e-01;9.386493e-02;5.727813e-02;1.144702e-01;7.311776e-02;7.740287e-02;9.206308e-02;8.103906e-02;5.938154e-02;2.932545e-02
5.735520e-02;5.054731e-02;1.446296e-01;6.216229e-02;1.022746e-01;8.558496e-02;9.771092e-02;7.978451e-02;1.099584e-01;8.057790e-02;7.533306e-02;5.408125e-02
9.117401e-02;7.639793e-02;2.227385e-01;5.775978e-02;8.825955e-02;6.493732e-02;1.048314e-01;5.882219e-02;6.874856e-02;6.736111e-02;6.794064e-02;3.102902e-02
7.798117e-02;7.240078e-02;2.482238e-01;6.713251e-02;7.300378e-02;4.973916e-02;1.636787e-01;5.216765e-02;6.215722e-02;4.782084e-02;5.629169e-02;2.940268e-02
7.996837e-02;6.958310e-02;2.309791e-01;5.675752e-02;6.807431e-02;7.206431e-02;1.843583e-01;4.733298e-02;4.913659e-02;4.985684e-02;6.358497e-02;2.830365e-02
5.569173e-02;7.702091e-02;1.785582e-01;5.527856e-02;8.143561e-02;9.286947e-02;1.645929e-01;4.770521e-02;4.072990e-02;7.099099e-02;8.370227e-02;5.142418e-02
6.092590e-02;1.023786e-01;1.465764e-01;6.075170e-02;8.387624e-02;9.565187e-02;1.136473e-01;4.668465e-02;4.834894e-02;7.327915e-02;8.833120e-02;7.954802e-02
9.269357e-02;8.854383e-02;1.870758e-01;6.828853e-02;5.210390e-02;7.626288e-02;1.029678e-01;3.433418e-02;5.258483e-02;7.433256e-02;7.148153e-02;9.933056e-02
8.486250e-02;7.019050e-02;2.114299e-01;9.034783e-02;7.974262e-02;6.578062e-02;1.156112e-01;3.466718e-02;2.906972e-02;8.787309e-02;6.308492e-02;6.733991e-02
8.042262e-02;9.051560e-02;1.391912e-01;1.076452e-01;1.118235e-01;4.915240e-02;1.103017e-01;3.467750e-02;3.567744e-02;1.067591e-01;5.005866e-02;8.377514e-02
1.195566e-01;9.633376e-02;7.580768e-02;9.523810e-02;8.739305e-02;5.880257e-02;1.182011e-01;2.642815e-02;6.324072e-02;1.250606e-01;7.914072e-02;5.479685e-02
1.177856e-01;7.761730e-02;2.368107e-01;5.175778e-02;1.135631e-01;6.036921e-02;9.195040e-02;2.693398e-02;4.633519e-02;1.082194e-01;4.683182e-02;2.182548e-02
8.186546e-02;4.743319e-02;3.876634e-01;7.077248e-02;8.676019e-02;4.898837e-02;6.829759e-02;1.837790e-02;1.830056e-02;6.833456e-02;5.284451e-02;5.036179e-02
6.913604e-02;5.966806e-02;4.381162e-01;6.935097e-02;5.887572e-02;3.827997e-02;5.251240e-02;1.463366e-02;2.018399e-02;7.320391e-02;6.080500e-02;4.523408e-02
5.381093e-02;6.996384e-02;5.258561e-01;6.115258e-02;4.355124e-02;2.903785e-02;4.084809e-02;1.112814e-02;2.279724e-02;8.259338e-02;3.974824e-02;1.951233e-02
4.823835e-02;1.085878e-01;5.683903e-01;3.456210e-02;2.439946e-02;1.775378e-02;2.600302e-02;8.750242e-03;4.433071e-02;7.200608e-02;1.637836e-02;3.059983e-02
4.927163e-02;1.682478e-01;5.250885e-01;3.882533e-02;1.432900e-02;1.551950e-02;2.434150e-02;1.374185e-02;6.623027e-02;4.499644e-02;1.305381e-02;2.635432e-02
7.302153e-02;1.948588e-01;4.852848e-01;3.902513e-02;1.488949e-02;1.307785e-02;3.311262e-02;1.770325e-02;6.765120e-02;3.350790e-02;1.552149e-02;1.234596e-02
5.018381e-02;1.939377e-01;5.126521e-01;3.606718e-02;2.752339e-02;1.170409e-02;2.645573e-02;2.299224e-02;5.935488e-02;2.755932e-02;1.857588e-02;1.299373e-02
7.309391e-02;1.966798e-01;4.770758e-01;5.623059e-02;2.340257e-02;1.905164e-02;3.380986e-02;1.881460e-02;4.112981e-02;2.527218e-02;1.665030e-02;1.878900e-02
9.517927e-02;1.531120e-01;4.523733e-01;7.489771e-02;2.770735e-02;2.160339e-02;5.596985e-02;2.111177e-02;2.402323e-02;2.985640e-02;1.961346e-02;2.455221e-02
8.251438e-02;1.669638e-01;3.476629e-01;5.915157e-02;5.727530e-02;1.833860e-02;9.318320e-02;2.233814e-02;3.965851e-02;3.914443e-02;3.443683e-02;3.933233e-02
5.386090e-02;2.008599e-01;2.681577e-01;8.524416e-02;5.037671e-02;3.091537e-02;9.393702e-02;2.581071e-02;3.820179e-02;5.235641e-02;5.858539e-02;4.169391e-02
5.261849e-02;1.765984e-01;2.280050e-01;9.990964e-02;3.347163e-02;2.796736e-02;1.310739e-01;4.239761e-02;3.671126e-02;6.299663e-02;6.663787e-02;4.161222e-02
8.663930e-02;1.170556e-01;1.292512e-01;6.810275e-02;1.002618e-01;4.791738e-02;1.612644e-01;5.485118e-02;5.178799e-02;6.730530e-02;6.337754e-02;5.218553e-02
8.891645e-02;5.683025e-02;9.323326e-02;8.280528e-02;1.141448e-01;9.337802e-02;1.346736e-01;1.044776e-01;8.082166e-02;5.274686e-02;5.111917e-02;4.685314e-02
7.995778e-02;5.332294e-02;8.564281e-02;6.633055e-02;9.260182e-02;9.567981e-02;1.034980e-01;1.375454e-01;1.060392e-01;8.153190e-02;4.940802e-02;4.844177e-02
8.911976e-02;4.478312e-02;7.840436e-02;6.087453e-02;8.419090e-02;9.384208e-02;1.138324e-01;1.248580e-01;1.071704e-01;1.025188e-01;4.370108e-02;5.670446e-02
9.903094e-02;5.237583e-02;9.809767e-02;5.739476e-02;6.589619e-02;9.725464e-02;1.289636e-01;8.669531e-02;8.114655e-02;1.466516e-01;3.736103e-02;4.913184e-02
8.964541e-02;5.353329e-02;1.254555e-01;6.494205e-02;3.549557e-02;8.704913e-02;1.229229e-01;1.115482e-01;1.001164e-01;1.347160e-01;3.745453e-02;3.712105e-02
6.233196e-02;8.245097e-02;1.283627e-01;5.033349e-02;4.743413e-02;6.084387e-02;1.239646e-01;1.072125e-01;1.147044e-01;1.510110e-01;2.802667e-02;4.332366e-02
6.882475e-02;9.803026e-02;1.430779e-01;2.604479e-02;6.869911e-02;5.000816e-02;1.472269e-01;8.848361e-02;8.801337e-02;1.251848e-01;5.185849e-02;4.454783e-02
8.061115e-02;7.643304e-02;9.841209e-02;3.234277e-02;8.520513e-02;8.818889e-02;1.510422e-01;8.951369e-02;8.102653e-02;1.037685e-01;4.816720e-02;6.528883e-02
5.950162e-02;6.708007e-02;6.777117e-02;6.649194e-02;1.041907e-01;1.125688e-01;1.279725e-01;1.015653e-01;7.908612e-02;9.172219e-02;5.394963e-02;6.810003e-02
3.962909e-02;4.399199e-02;1.757092e-01;4.724899e-02;1.070639e-01;9.937789e-02;2.699770e-01;5.712104e-02;5.342121e-02;5.385632e-02;3.451720e-02;1.808609e-02
3.114915e-02;3.031500e-02;2.637673e-01;4.415207e-02;1.111865e-01;9.407180e-02;2.739011e-01;3.594634e-02;3.517905e-02;3.659210e-02;2.407964e-02;1.965995e-02
1.988524e-02;2.353009e-02;3.428514e-01;6.434021e-02;1.153108e-01;9.678692e-02;1.870030e-01;3.365345e-02;3.415749e-02;3.032329e-02;2.689564e-02;2.526248e-02
3.264393e-02;2.528005e-02;4.132559e-01;7.609414e-02;1.121069e-01;9.290901e-02;6.769572e-02;3.249503e-02;4.085703e-02;4.077179e-02;3.937142e-02;2.651903e-02
3.818461e-02;2.360228e-02;4.781025e-01;6.373435e-02;8.946000e-02;7.124064e-02;5.242142e-02;2.924121e-02;4.127066e-02;5.410995e-02;4.016270e-02;1.846972e-02
3.192895e-02;3.376963e-02;5.623016e-01;4.682660e-02;5.281144e-02;3.441379e-02;6.932424e-02;2.828672e-02;3.147664e-02;6.687065e-02;3.253398e-02;9.455785e-03
3.701024e-02;4.401943e-02;5.008164e-01;8.047022e-02;4.147086e-02;2.527151e-02;6.320941e-02;4.708219e-02;3.974655e-02;7.416929e-02;2.703163e-02;1.970231e-02
4.519300e-02;5.986655e-02;4.313641e-01;9.823141e-02;5.981097e-02;3.193021e-02;6.005427e-02;2.583597e-02;4.896304e-02;7.791544e-02;3.569504e-02;2.513999e-02
3.228510e-02;4.092689e-02;4.416097e-01;9.766363e-02;5.663147e-02;2.219157e-02;7.298388e-02;1.915233e-02;3.144918e-02;1.287528e-01;4.145578e-02;1.489765e-02
2.237592e-02;4.025036e-02;4.342253e-01;8.850072e-02;5.060334e-02;2.163003e-02;5.483119e-02;1.814221e-02;2.602746e-02;1.743755e-01;5.802431e-02;1.101368e-02
2.299134e-02;7.162710e-02;4.035920e-01;6.701117e-02;3.135253e-02;2.413632e-02;3.460221e-02;1.238876e-02;6.711740e-02;1.994085e-01;4.805277e-02;1.771983e-02
2.934307e-02;1.291937e-01;3.160823e-01;3.059790e-02;1.473976e-02;3.662561e-02;2.377785e-02;1.070680e-02;1.852226e-01;1.598679e-01;2.557445e-02;3.826803e-02
6.924192e-02;1.776512e-01;1.934122e-01;1.272628e-02;1.582247e-02;4.530498e-02;2.190913e-02;4.102792e-02;2.958554e-01;6.478545e-02;9.586291e-03;5.267685e-02
1.424887e-01;1.790792e-01;1.328914e-01;1.187126e-02;2.685417e-02;3.780501e-02;2.551789e-02;8.560601e-02;2.809425e-01;2.200536e-02;1.479030e-02;4.014819e-02
1.912097e-01;1.423964e-01;1.175316e-01;1.575040e-02;4.323330e-02;3.334906e-02;6.841494e-02;1.324815e-01;1.721886e-01;3.434940e-02;1.846926e-02;3.062573e-02
1.619033e-01;1.115046e-01;1.103144e-01;2.930147e-02;6.592065e-02;6.389268e-02;1.056506e-01;1.391760e-01;7.152566e-02;7.108052e-02;3.126723e-02;3.846297e-02
1.087198e-01;8.924309e-02;1.094143e-01;3.621275e-02;6.995043e-02;6.551439e-02;1.615992e-01;1.066486e-01;6.900112e-02;8.753174e-02;5.231676e-02;4.384783e-02
8.735209e-02;7.140593e-02;1.487366e-01;3.928484e-02;6.541300e-02;5.595003e-02;1.658812e-01;8.128528e-02;9.142252e-02;9.444765e-02;6.009445e-02;3.872641e-02
8.371674e-02;5.992248e-02;1.616047e-01;4.712164e-02;6.171717e-02;5.480014e-02;1.115290e-01;8.611405e-02;1.237943e-01;1.009003e-01;6.050377e-02;4.827577e-02
7.257126e-02;4.770828e-02;1.682551e-01;5.435585e-02;6.329285e-02;7.218597e-02;1.008827e-01;9.952829e-02;1.493827e-01;8.186355e-02;3.864210e-02;5.133137e-02
6.186035e-02;6.598197e-02;1.495395e-01;8.458513e-02;5.636825e-02;9.271825e-02;9.482519e-02;7.646734e-02;1.215809e-01;1.065218e-01;3.818416e-02;5.136710e-02
9.176743e-02;6.113001e-02;1.327798e-01;6.525238e-02;5.269050e-02;1.079376e-01;1.075261e-01;6.887543e-02;8.971673e-02;1.316351e-01;3.101377e-02;5.967520e-02
7.558703e-02;3.470479e-02;1.393677e-01;6.813002e-02;7.904904e-02;1.000099e-01;1.144741e-01;6.086704e-02;9.819369e-02;1.289863e-01;4.996461e-02;5.066564e-02
4.510463e-02;5.449939e-02;1.909800e-01;8.396578e-02;8.051661e-02;7.234243e-02;1.138982e-01;4.568706e-02;9.400471e-02;1.119646e-01;6.460941e-02;4.242711e-02
4.757428e-02;7.541582e-02;2.058703e-01;4.939857e-02;7.817924e-02;4.756438e-02;1.219120e-01;3.800818e-02;7.757673e-02;7.885520e-02;8.095399e-02;9.869128e-02
8.892199e-02;6.610206e-02;1.226951e-01;4.095926e-02;6.034374e-02;6.674463e-02;1.228375e-01;7.601445e-02;5.394518e-02;1.005245e-01;6.575941e-02;1.351521e-01
1.011226e-01;1.017362e-01;2.144407e-01;3.926580e-02;5.413447e-02;4.818134e-02;9.154950e-02;9.160417e-02;9.020315e-02;6.176374e-02;2.640755e-02;7.959078e-02
1.047847e-01;1.510405e-01;2.223777e-01;2.721961e-02;5.164164e-02;3.481415e-02;4.986462e-02;8.151212e-02;1.648629e-01;4.195224e-02;1.819043e-02;5.173953e-02
1.417775e-01;1.915329e-01;1.811476e-01;1.202763e-02;3.907192e-02;3.214605e-02;2.676600e-02;8.369145e-02;2.146729e-01;2.738217e-02;1.634828e-02;3.343559e-02
1.968694e-01;1.997571e-01;1.664627e-01;1.007154e-02;2.403195e-02;1.837119e-02;1.443626e-02;9.417450e-02;2.068677e-01;2.129771e-02;2.370144e-02;2.395849e-02
2.567570e-01;1.752584e-01;1.693543e-01;1.127062e-02;2.206521e-02;1.652469e-02;1.716231e-02;1.058011e-01;1.545622e-01;1.868950e-02;2.615389e-02;2.640080e-02
3.271416e-01;1.436480e-01;1.683488e-01;1.629934e-02;1.612644e-02;1.439866e-02;2.784526e-02;9.219327e-02;1.082175e-01;1.991280e-02;1.983559e-02;4.603276e-02
4.148232e-01;8.925201e-02;1.475923e-01;1.706989e-02;3.509766e-02;2.106664e-02;4.750829e-02;4.056670e-02;7.056935e-02;2.306960e-02;2.479341e-02;6.859101e-02
4.096824e-01;6.526919e-02;1.271168e-01;2.231928e-02;4.090635e-02;1.710079e-02;6.031846e-02;9.776367e-02;1.986959e-02;1.663229e-02;3.856568e-02;8.445547e-02
3.328904e-01;5.827578e-02;1.072583e-01;2.969011e-02;2.548731e-02;1.975168e-02;1.085021e-01;1.163779e-01;1.675273e-02;2.639757e-02;4.937808e-02;1.092379e-01
2.274778e-01;4.626345e-02;8.102287e-02;5.152892e-02;2.191084e-02;2.948046e-02;1.784009e-01;8.656605e-02;1.722906e-02;3.884523e-02;5.960630e-02;1.616680e-01
1.284033e-01;4.025632e-02;5.058286e-02;7.458067e-02;1.533094e-02;3.746957e-02;2.379335e-01;4.390208e-02;1.976977e-02;5.567935e-02;8.095630e-02;2.151353e-01
1.034134e-01;3.970306e-02;3.577437e-02;7.115062e-02;1.729452e-02;5.465354e-02;2.225696e-01;3.616525e-02;1.860664e-02;6.764372e-02;1.328534e-01;2.001718e-01
7.415406e-02;4.531198e-02;6.817161e-02;5.058437e-02;2.446281e-02;7.947085e-02;1.738134e-01;2.615216e-02;3.603899e-02;9.768326e-02;1.794117e-01;1.447447e-01
4.098600e-02;6.499268e-02;9.744031e-02;4.049978e-02;4.371516e-02;7.876527e-02;1.279304e-01;4.430960e-02;5.135095e-02;1.387222e-01;1.819361e-01;8.935149e-02
5.752109e-02;4.380334e-02;6.324129e-02;6.530859e-02;1.021197e-01;7.881750e-02;6.697897e-02;9.335865e-02;1.048895e-01;1.527414e-01;1.229895e-01;4.823050e-02
3.946064e-02;4.082407e-02;1.126172e-01;7.522897e-02;1.265180e-01;8.578113e-02;7.306734e-02;7.764171e-02;1.064812e-01;1.315570e-01;6.126519e-02;6.955760e-02
5.872786e-02;4.537836e-02;1.727761e-01;1.045582e-01;1.098849e-01;5.528710e-02;1.003948e-01;8.118791e-02;6.146567e-02;1.022299e-01;4.054333e-02;6.756594e-02
3.281204e-02;3.911448e-02;1.335538e-01;1.155427e-01;1.664887e-01;7.442789e-02;1.188015e-01;8.484101e-02;4.729501e-02;8.448274e-02;4.358530e-02;5.905484e-02
1.373877e-01;1.203432e-01;3.076365e-01;5.137418e-02;8.768722e-02;4.844966e-02;8.089735e-02;3.072067e-02;3.301446e-02;3.977149e-02;2.226144e-02;4.045613e-02
2.086696e-01;1.676174e-01;3.409619e-01;3.077221e-02;4.002612e-02;2.758861e-02;4.774901e-02;3.336699e-02;3.831517e-02;2.422445e-02;1.638901e-02;2.431965e-02
2.798917e-01;1.850279e-01;2.797003e-01;2.269168e-02;2.808465e-02;1.722955e-02;4.260747e-02;4.022583e-02;3.586866e-02;1.970017e-02;1.622980e-02;3.274239e-02
3.793420e-01;1.669914e-01;1.694732e-01;1.482205e-02;1.896272e-02;1.182244e-02;4.984474e-02;5.646543e-02;2.722604e-02;1.889738e-02;2.254094e-02;6.361172e-02
4.157050e-01;8.253450e-02;8.521523e-02;1.747394e-02;1.115174e-02;1.966488e-02;1.031119e-01;6.737854e-02;1.518796e-02;2.435143e-02;3.776558e-02;1.204593e-01
2.595837e-01;5.120297e-02;9.578934e-02;2.846240e-02;1.383193e-02;2.454662e-02;1.868815e-01;5.086616e-02;1.548216e-02;3.887638e-02;6.377117e-02;1.707056e-01
1.472033e-01;3.971352e-02;3.849804e-02;2.349327e-02;1.587810e-02;3.246510e-02;2.610479e-01;5.709235e-02;3.168481e-02;6.317394e-02;9.166363e-02;1.980860e-01
1.790747e-01;2.317399e-02;8.054233e-02;1.501199e-02;1.352709e-02;3.198424e-02;2.130837e-01;8.940656e-02;3.448707e-02;6.406017e-02;1.065588e-01;1.490894e-01
1.517951e-01;4.068217e-02;7.821573e-02;2.388187e-02;1.602335e-02;3.553423e-02;1.597476e-01;8.754368e-02;5.410076e-02;1.038586e-01;1.383283e-01;1.102886e-01
7.493448e-02;4.272296e-02;5.462712e-02;4.100452e-02;2.308907e-02;4.592780e-02;1.217933e-01;7.966827e-02;6.856291e-02;1.815449e-01;1.628850e-01;1.032396e-01
3.961061e-02;4.266140e-02;8.273095e-02;2.750010e-02;5.799139e-02;3.543337e-02;9.978780e-02;8.911522e-02;1.097280e-01;1.948244e-01;1.176349e-01;1.029818e-01
5.666792e-02;3.282122e-02;1.028732e-01;4.341216e-02;9.454884e-02;4.010238e-02;6.894369e-02;1.071445e-01;1.285112e-01;1.593492e-01;6.434619e-02;1.012795e-01
7.703669e-02;7.508999e-02;8.398761e-02;7.439274e-02;1.071228e-01;5.582253e-02;7.173607e-02;7.747357e-02;1.107166e-01;9.671751e-02;7.097538e-02;9.892859e-02
8.086143e-02;1.210840e-01;8.503881e-02;5.621139e-02;7.183316e-02;6.951990e-02;6.775623e-02;8.499295e-02;1.074102e-01;9.122247e-02;6.168366e-02;1.023858e-01
7.162327e-02;9.531248e-02;1.020502e-01;6.119230e-02;3.929367e-02;7.625236e-02;1.217101e-01;1.017765e-01;7.633460e-02;6.364144e-02;7.426921e-02;1.165439e-01
8.934667e-02;7.685922e-02;1.438088e-01;7.611784e-02;5.249548e-02;9.406810e-02;1.213291e-01;6.561922e-02;5.987877e-02;4.314278e-02;7.010365e-02;1.072304e-01
9.006787e-02;7.458955e-02;1.619407e-01;5.409882e-02;7.133739e-02;9.459019e-02;1.209411e-01;4.583121e-02;6.615370e-02;6.351408e-02;7.680929e-02;8.012611e-02
7.140385e-02;1.015780e-01;1.757586e-01;3.501268e-02;6.044719e-02;6.611995e-02;1.438910e-01;6.141612e-02;7.110820e-02;9.859969e-02;6.130854e-02;5.335614e-02
7.865840e-02;8.859599e-02;1.392143e-01;6.406346e-02;3.548764e-02;7.411500e-02;1.354982e-01;7.015943e-02;8.886623e-02;1.019035e-01;7.461338e-02;4.882451e-02
7.044932e-02;4.645097e-02;9.822889e-02;1.009932e-01;7.283503e-02;8.287098e-02;1.615674e-01;6.341241e-02;1.157479e-01;8.296760e-02;7.730690e-02;2.716936e-02
7.190121e-02;3.041197e-02;8.927064e-02;8.959224e-02;1.461519e-01;1.005860e-01;1.365938e-01;5.771468e-02;9.390924e-02;9.329841e-02;5.070659e-02;3.986338e-02
8.150282e-02;4.223963e-02;7.904974e-02;8.512188e-02;1.995225e-01;1.091375e-01;1.269927e-01;4.077194e-02;5.271913e-02;5.640052e-02;4.305112e-02;8.349050e-02
5.943009e-02;5.005423e-02;8.438832e-02;8.657565e-02;2.030101e-01;7.180914e-02;1.269165e-01;6.032107e-02;8.207466e-02;6.892332e-02;4.832640e-02;5.817060e-02
5.842293e-02;4.474832e-02;1.520647e-01;1.240886e-01;1.436783e-01;6.935792e-02;1.211465e-01;6.084903e-02;6.850508e-02;9.468249e-02;3.179061e-02;3.066551e-02
7.720155e-02;6.122063e-02;2.471389e-01;1.116762e-01;9.026933e-02;6.282803e-02;1.127843e-01;3.823670e-02;3.590233e-02;7.933388e-02;4.234998e-02;4.105819e-02
6.794725e-02;4.958900e-02;2.857972e-01;8.684967e-02;7.363293e-02;5.193669e-02;1.554284e-01;2.153609e-02;3.042044e-02;7.618542e-02;6.354635e-02;3.713059e-02
5.412135e-02;2.970711e-02;3.363105e-01;5.776636e-02;1.042408e-01;6.235087e-02;1.561648e-01;2.039601e-02;2.092001e-02;6.377864e-02;6.413882e-02;3.010469e-02
5.290113e-02;4.036484e-02;2.917864e-01;6.494721e-02;1.425207e-01;6.155995e-02;1.573462e-01;4.146304e-02;2.393780e-02;4.828646e-02;4.571829e-02;2.916801e-02
5.674808e-02;7.419585e-02;1.205430e-01;1.084226e-01;1.854813e-01;5.960045e-02;1.150945e-01;6.872942e-02;5.100390e-02;6.855520e-02;4.416061e-02;4.746510e-02
5.699344e-02;7.236157e-02;2.744992e-01;9.634755e-02;1.145988e-01;4.700943e-02;7.291813e-02;4.195670e-02;3.886030e-02;6.929872e-02;6.498624e-02;5.016989e-02
6.544926e-02;6.116243e-02;2.545342e-01;9.869896e-02;1.144642e-01;6.195337e-02;6.521600e-02;3.830401e-02;3.277458e-02;8.634918e-02;8.275171e-02;3.834205e-02
4.976735e-02;6.023469e-02;2.630321e-01;8.009490e-02;1.198758e-01;6.132501e-02;1.072918e-01;5.669999e-02;2.548923e-02;7.807913e-02;6.772905e-02;3.038089e-02
7.362490e-02;5.252084e-02;2.787158e-01;6.403413e-02;9.334600e-02;5.473078e-02;1.655080e-01;3.817843e-02;2.802889e-02;5.548524e-02;5.083102e-02;4.499587e-02
8.481168e-02;5.582462e-02;3.846045e-01;4.698571e-02;1.023642e-01;5.677726e-02;7.265201e-02;3.666334e-02;3.544842e-02;1.925419e-02;5.149131e-02;5.312289e-02
