4.113109e-02;1.129401e-01;1.521897e-01;5.035177e-02;1.784100e-02;2.222322e-01;7.706476e-02;1.743291e-01;6.369045e-02;3.070468e-02;1.911824e-02;3.840687e-02
4.271726e-02;1.404078e-01;1.002174e-01;8.170500e-02;1.865177e-02;1.537934e-01;1.394439e-01;1.256319e-01;4.894883e-02;3.579230e-02;1.897571e-02;9.371474e-02
5.866775e-02;1.354799e-01;6.224528e-02;1.083404e-01;1.621353e-02;4.911408e-02;1.965837e-01;1.129748e-01;4.868224e-02;4.012616e-02;1.265650e-02;1.589157e-01
6.557440e-02;1.312765e-01;3.888047e-02;8.980673e-02;1.957231e-02;4.409011e-02;2.291570e-01;8.912648e-02;5.345075e-02;3.324218e-02;1.740705e-02;1.884160e-01
5.180994e-02;1.513666e-01;7.766664e-02;7.166052e-02;2.536213e-02;8.027513e-02;1.880344e-01;9.944358e-02;5.506132e-02;2.402139e-02;2.239865e-02;1.528997e-01
4.941720e-02;1.361647e-01;7.829498e-02;8.136889e-02;2.249690e-02;9.139401e-02;1.772221e-01;1.005163e-01;5.969688e-02;2.296520e-02;2.711496e-02;1.533479e-01
4.906913e-02;1.218643e-01;4.380095e-02;9.006359e-02;1.408567e-02;5.901560e-02;2.314227e-01;9.792659e-02;5.190393e-02;2.364241e-02;2.617953e-02;1.910256e-01
5.841799e-02;1.685660e-01;8.832342e-02;8.140625e-02;9.562117e-03;4.686953e-02;2.402258e-01;6.203630e-02;4.253377e-02;1.867906e-02;1.121933e-02;1.721604e-01
5.843009e-02;1.645132e-01;9.682686e-02;7.920767e-02;9.287260e-03;7.144587e-02;2.313763e-01;5.651731e-02;2.780450e-02;1.984785e-02;1.344263e-02;1.713005e-01
4.887356e-02;9.818451e-02;5.057900e-02;1.030324e-01;1.087680e-02;5.423342e-02;2.655766e-01;7.897600e-02;1.834304e-02;1.939549e-02;2.552708e-02;2.264022e-01
4.505379e-02;6.237430e-02;3.649249e-02;1.208457e-01;7.545376e-03;1.770643e-02;2.776827e-01;9.134149e-02;2.425566e-02;1.661215e-02;2.668246e-02;2.734075e-01
5.609753e-02;6.253757e-02;3.921063e-02;1.141305e-01;1.368285e-02;2.171068e-02;2.711624e-01;7.957207e-02;2.072117e-02;1.838416e-02;2.851339e-02;2.742771e-01
2.919196e-02;5.340647e-02;2.659724e-02;1.205023e-01;1.314247e-02;4.726164e-02;3.068281e-01;7.233273e-02;2.093625e-02;1.687248e-02;2.907546e-02;2.638529e-01
4.750507e-02;6.027871e-02;2.139823e-02;1.287351e-01;1.280173e-02;3.417495e-02;3.234479e-01;1.042763e-01;1.590327e-02;1.999922e-02;2.854982e-02;2.029296e-01
6.874726e-02;8.035301e-02;3.924217e-02;1.281867e-01;9.075676e-03;6.607822e-02;2.707497e-01;1.400758e-01;9.299091e-03;1.980077e-02;2.235471e-02;1.460369e-01
5.318793e-02;6.729740e-02;5.385921e-02;1.499356e-01;1.715726e-02;9.308009e-02;1.515321e-01;1.457635e-01;2.599682e-02;2.466284e-02;1.986968e-02;1.976575e-01
3.092473e-02;4.843675e-02;5.903009e-02;1.604812e-01;1.326380e-02;9.977452e-02;1.558572e-01;1.214063e-01;3.481611e-02;2.039599e-02;1.693167e-02;2.386816e-01
3.069585e-02;6.321359e-02;5.027127e-02;1.565284e-01;6.135131e-03;7.077522e-02;2.424302e-01;8.420121e-02;2.669786e-02;1.453044e-02;1.428021e-02;2.402406e-01
2.739953e-02;5.594001e-02;3.461646e-02;1.835773e-01;6.394951e-03;4.457366e-02;2.784934e-01;6.542199e-02;2.259260e-02;1.594031e-02;1.865371e-02;2.463960e-01
4.440129e-02;6.545667e-02;4.817254e-02;2.028120e-01;7.815612e-03;4.607280e-02;2.583162e-01;6.691532e-02;1.705107e-02;2.239212e-02;1.559125e-02;2.050031e-01
7.545903e-02;9.038227e-02;7.473051e-02;1.912167e-01;1.371621e-02;5.261666e-02;1.885123e-01;9.618917e-02;1.417210e-02;2.723124e-02;1.006336e-02;1.657105e-01
8.672058e-02;9.205104e-02;6.836414e-02;1.683994e-01;1.721663e-02;7.224974e-02;1.423938e-01;1.289712e-01;2.443143e-02;2.850007e-02;1.178216e-02;1.589198e-01
5.893572e-02;1.215402e-01;6.953330e-02;1.300026e-01;4.693209e-02;7.510225e-02;1.299628e-01;1.409518e-01;4.365440e-02;3.760866e-02;2.289296e-02;1.228832e-01
6.192662e-02;1.467518e-01;1.168395e-01;5.960543e-02;6.414986e-02;7.717563e-02;6.716540e-02;1.294645e-01;7.603285e-02;6.228551e-02;4.420834e-02;9.439451e-02
6.832845e-02;1.212266e-01;1.125896e-01;3.758952e-02;6.686320e-02;8.266865e-02;6.225612e-02;1.222183e-01;1.096247e-01;7.480039e-02;4.764059e-02;9.419387e-02
8.289222e-02;7.654826e-02;8.828054e-02;4.322965e-02;7.267860e-02;8.916900e-02;8.359262e-02;1.227212e-01;1.751439e-01;5.992653e-02;2.337082e-02;8.244656e-02
1.037452e-01;9.311047e-02;4.886761e-02;3.602725e-02;5.395461e-02;8.687832e-02;9.253318e-02;1.569734e-01;2.145076e-01;3.221731e-02;9.095490e-03;7.208969e-02
1.264441e-01;1.629721e-01;9.360692e-02;3.359156e-02;3.063995e-02;5.715910e-02;7.293867e-02;2.082365e-01;1.258076e-01;2.173228e-02;1.025227e-02;5.661899e-02
1.543516e-01;2.245884e-01;1.207645e-01;2.994939e-02;3.816896e-02;3.629775e-02;5.989281e-02;2.012755e-01;6.203568e-02;2.430127e-02;1.178881e-02;3.658538e-02
1.582319e-01;3.114445e-01;1.284461e-01;1.688502e-02;4.011498e-02;3.886436e-02;5.336077e-02;1.197400e-01;5.399184e-02;4.066967e-02;9.750085e-03;2.850078e-02
1.195325e-01;3.933873e-01;1.671357e-01;1.515556e-02;2.326378e-02;4.864522e-02;3.508398e-02;6.254147e-02;5.646295e-02;3.841203e-02;7.915088e-03;3.246452e-02
5.473706e-02;4.105933e-01;2.498149e-01;2.446644e-02;1.496216e-02;5.294181e-02;1.668004e-02;5.771022e-02;5.615271e-02;2.849396e-02;4.947355e-03;2.849998e-02
2.629708e-02;3.644527e-01;3.631891e-01;2.688794e-02;9.810313e-03;4.885642e-02;2.869311e-02;4.719823e-02;3.201981e-02;2.818474e-02;5.049183e-03;1.936132e-02
3.209899e-02;2.929241e-01;4.407820e-01;3.397029e-02;1.504414e-02;3.502623e-02;4.790632e-02;3.146474e-02;1.915692e-02;3.451363e-02;7.068962e-03;1.004368e-02
2.923265e-02;2.173607e-01;4.998856e-01;3.868342e-02;1.612857e-02;2.511970e-02;5.834455e-02;3.031167e-02;2.024379e-02;4.097890e-02;1.411634e-02;9.594070e-03
3.816106e-02;2.561602e-01;4.465413e-01;3.096025e-02;1.263320e-02;2.265743e-02;5.141082e-02;3.788194e-02;2.473960e-02;3.931065e-02;1.871584e-02;2.082774e-02
6.331160e-02;2.963587e-01;3.678832e-01;2.841194e-02;1.409084e-02;3.926707e-02;4.157696e-02;5.365807e-02;3.952652e-02;3.093458e-02;5.885279e-03;1.909533e-02
5.835098e-02;2.502268e-01;3.201593e-01;3.667089e-02;1.987306e-02;5.162163e-02;5.154685e-02;9.392253e-02;4.956864e-02;3.535067e-02;8.179598e-03;2.452900e-02
5.671003e-02;2.022882e-01;2.646149e-01;8.004536e-02;4.429086e-02;6.850276e-02;5.090649e-02;9.887713e-02;4.038467e-02;3.393027e-02;2.009082e-02;3.935857e-02
6.194915e-02;2.164006e-01;2.591546e-01;9.427682e-02;4.962415e-02;4.506803e-02;5.522455e-02;9.511404e-02;3.162180e-02;4.090221e-02;1.768566e-02;3.297841e-02
6.041481e-02;1.998180e-01;2.873100e-01;6.791505e-02;4.430256e-02;8.991539e-02;4.051642e-02;9.063897e-02;2.962631e-02;4.722425e-02;2.053636e-02;2.178185e-02
4.408889e-02;1.391656e-01;2.288704e-01;7.640266e-02;4.646058e-02;1.834510e-01;3.684563e-02;1.072614e-01;2.690477e-02;3.376018e-02;6.259422e-02;1.419463e-02
4.396904e-02;9.860000e-02;1.525525e-01;1.370997e-01;5.598794e-02;1.977251e-01;3.255492e-02;8.537649e-02;2.524113e-02;3.076655e-02;1.158358e-01;2.429081e-02
4.939555e-02;9.266100e-02;2.371956e-01;1.653631e-01;3.930069e-02;1.075763e-01;4.520974e-02;4.472904e-02;2.980476e-02;4.155781e-02;1.206948e-01;2.651167e-02
5.345582e-02;1.788725e-01;3.713686e-01;1.156421e-01;1.521486e-02;1.919495e-02;5.282722e-02;3.435628e-02;2.566171e-02;4.873401e-02;5.759139e-02;2.708056e-02
5.705070e-02;2.100939e-01;3.372689e-01;6.753500e-02;1.828083e-02;7.872333e-02;5.021729e-02;3.837080e-02;3.132010e-02;5.588180e-02;2.368930e-02;3.156810e-02
6.296135e-02;2.015814e-01;2.416957e-01;3.545455e-02;3.079977e-02;1.208570e-01;4.506511e-02;7.353969e-02;5.181762e-02;6.336191e-02;2.108218e-02;5.178367e-02
7.790897e-02;1.736052e-01;1.514117e-01;6.526715e-02;5.471509e-02;1.049118e-01;5.695048e-02;1.074477e-01;6.134775e-02;3.798896e-02;1.924123e-02;8.920386e-02
7.270865e-02;2.217396e-01;2.653415e-01;6.358938e-02;3.274570e-02;8.612504e-02;6.093589e-02;5.101569e-02;2.708983e-02;3.312216e-02;2.020942e-02;6.537714e-02
5.614224e-02;1.947503e-01;2.241866e-01;6.090569e-02;5.602200e-02;1.443128e-01;3.007011e-02;7.514046e-02;5.399976e-02;4.366398e-02;2.532149e-02;3.548446e-02
8.311401e-02;2.084545e-01;1.970415e-01;4.158346e-02;6.257278e-02;1.279793e-01;4.558739e-02;9.946323e-02;4.310740e-02;3.538116e-02;2.181513e-02;3.389999e-02
1.050343e-01;2.832225e-01;2.195511e-01;2.386165e-02;6.830066e-02;6.997759e-02;3.395843e-02;9.521160e-02;2.435445e-02;2.503533e-02;2.076865e-02;3.072372e-02
1.258349e-01;2.966245e-01;2.206586e-01;3.336102e-02;7.432149e-02;1.840149e-02;3.341737e-02;1.107848e-01;1.648040e-02;2.105944e-02;2.364767e-02;2.540831e-02
1.472274e-01;2.334697e-01;1.965817e-01;4.831811e-02;7.129391e-02;2.420713e-02;3.720569e-02;1.451145e-01;2.125533e-02;2.380398e-02;2.126009e-02;3.026249e-02
1.608209e-01;1.554379e-01;1.268070e-01;5.191145e-02;5.956281e-02;2.514163e-02;7.889207e-02;1.848244e-01;4.896034e-02;5.154790e-02;1.886621e-02;3.722742e-02
9.905628e-02;1.436900e-01;1.280031e-01;6.328970e-02;4.148405e-02;4.851785e-02;1.222787e-01;1.352969e-01;4.850952e-02;6.743076e-02;1.967678e-02;8.276645e-02
6.506684e-02;1.813367e-01;1.815805e-01;6.152250e-02;2.203196e-02;6.825442e-02;9.676430e-02;1.074062e-01;5.294312e-02;5.117210e-02;2.733442e-02;8.458690e-02
4.410537e-02;2.004835e-01;2.340455e-01;4.156708e-02;2.574836e-02;8.906447e-02;4.840701e-02;1.134605e-01;7.028681e-02;3.223367e-02;3.203493e-02;6.856278e-02
6.683042e-02;2.781487e-01;2.727382e-01;2.650963e-02;3.072334e-02;7.957926e-02;1.619274e-02;8.425852e-02;5.323797e-02;2.167695e-02;1.906752e-02;5.103674e-02
7.557368e-02;3.095464e-01;2.527951e-01;3.940533e-02;2.038655e-02;8.422969e-02;2.773294e-02;1.065767e-01;2.668614e-02;1.124247e-02;9.926602e-03;3.589832e-02
7.874831e-02;2.894357e-01;2.017765e-01;5.317030e-02;2.683349e-02;8.822708e-02;6.028044e-02;1.101143e-01;4.514327e-02;1.412603e-02;1.379409e-02;1.835058e-02
9.953900e-02;2.766328e-01;2.252838e-01;5.340814e-02;3.176208e-02;4.099078e-02;8.209099e-02;8.487348e-02;4.289645e-02;1.735012e-02;1.386024e-02;3.131206e-02
1.331696e-01;2.613194e-01;1.102881e-01;4.721897e-02;3.582847e-02;9.198244e-02;6.560486e-02;9.496236e-02;7.036392e-02;2.846296e-02;1.537013e-02;4.542869e-02
1.147902e-01;2.298914e-01;1.584242e-01;5.254230e-02;3.573668e-02;1.034467e-01;3.968604e-02;1.142618e-01;6.375143e-02;2.459696e-02;1.581888e-02;4.705336e-02
8.296372e-02;2.350822e-01;2.302585e-01;4.858816e-02;3.212623e-02;8.848072e-02;5.177731e-02;1.151743e-01;2.988700e-02;1.620458e-02;1.804730e-02;5.141004e-02
8.304475e-02;2.096606e-01;2.660637e-01;3.952238e-02;3.462793e-02;6.042140e-02;5.396760e-02;1.367282e-01;3.833642e-02;1.912249e-02;1.902686e-02;3.947767e-02
7.605461e-02;1.529285e-01;2.848162e-01;4.405149e-02;3.835294e-02;4.480713e-02;6.380876e-02;1.817146e-01;5.162590e-02;2.268796e-02;1.617319e-02;2.297873e-02
6.444886e-02;2.059129e-01;3.109507e-01;3.789264e-02;3.504134e-02;4.720967e-02;5.227243e-02;1.121021e-01;5.930705e-02;2.533074e-02;2.429656e-02;2.523509e-02
7.792594e-02;1.994007e-01;2.735722e-01;3.780395e-02;1.590655e-02;1.074064e-01;6.702669e-02;4.068863e-02;3.473504e-02;2.484633e-02;4.213253e-02;7.855512e-02
8.989847e-02;1.692696e-01;1.838454e-01;3.649871e-02;2.252815e-02;1.146038e-01;9.298633e-02;4.849617e-02;3.417224e-02;2.088219e-02;6.337267e-02;1.234463e-01
6.484465e-02;1.143496e-01;1.380756e-01;5.106556e-02;3.895678e-02;6.091638e-02;1.475383e-01;9.591980e-02;6.444488e-02;3.023595e-02;7.380497e-02;1.198474e-01
3.924030e-02;7.527285e-02;1.235513e-01;6.825304e-02;5.478660e-02;1.018690e-01;1.536797e-01;1.276497e-01;8.414173e-02;4.369557e-02;5.140383e-02;7.645632e-02
3.542707e-02;6.049268e-02;9.667313e-02;8.529271e-02;5.363899e-02;1.219936e-01;1.633892e-01;1.229152e-01;7.797439e-02;7.569738e-02;3.388250e-02;7.262318e-02
5.301061e-02;5.226199e-02;7.130594e-02;1.013028e-01;2.952710e-02;7.588268e-02;1.817798e-01;9.770058e-02;4.903076e-02;1.323458e-01;4.390362e-02;1.119483e-01
1.185222e-01;9.040561e-02;8.659779e-02;8.322705e-02;1.912542e-02;4.411773e-02;1.582318e-01;8.848454e-02;3.855931e-02;1.094632e-01;5.611259e-02;1.071528e-01
1.894824e-01;1.330078e-01;1.142644e-01;5.637317e-02;4.477391e-02;3.608036e-02;1.168431e-01;1.254898e-01;5.233622e-02;3.960952e-02;2.909147e-02;6.264792e-02
1.792102e-01;1.822473e-01;1.472724e-01;4.586163e-02;6.156887e-02;3.437426e-02;1.043419e-01;1.047427e-01;4.105733e-02;2.794138e-02;2.740927e-02;4.397267e-02
1.085478e-01;2.718944e-01;1.823323e-01;5.473771e-02;4.133235e-02;4.133338e-02;1.214990e-01;5.107344e-02;3.476954e-02;2.965551e-02;2.366241e-02;3.916219e-02
6.997138e-02;3.450806e-01;2.009569e-01;4.383821e-02;1.558799e-02;6.122058e-02;1.125311e-01;2.325775e-02;4.865449e-02;2.336903e-02;1.424845e-02;4.128353e-02
5.200158e-02;3.750158e-01;2.360542e-01;3.494672e-02;1.252803e-02;6.188479e-02;8.485940e-02;2.643617e-02;4.085587e-02;1.740537e-02;2.082696e-02;3.718508e-02
4.498813e-02;3.591723e-01;2.564287e-01;3.018676e-02;1.666849e-02;7.900442e-02;8.265840e-02;3.333667e-02;3.120925e-02;1.975484e-02;1.976027e-02;2.683179e-02
5.701694e-02;3.498700e-01;2.399280e-01;4.737389e-02;1.463481e-02;7.300598e-02;9.158462e-02;3.442274e-02;3.718187e-02;2.163371e-02;1.375072e-02;1.959674e-02
6.412460e-02;3.395743e-01;2.418825e-01;6.425349e-02;1.312259e-02;6.627161e-02;7.750372e-02;3.681567e-02;3.117253e-02;2.215932e-02;1.815236e-02;2.496724e-02
7.282608e-02;3.380512e-01;2.318168e-01;5.745669e-02;1.145837e-02;5.908594e-02;6.061228e-02;3.855943e-02;2.306882e-02;3.265747e-02;2.847911e-02;4.592780e-02
7.875792e-02;3.033549e-01;1.622245e-01;4.617697e-02;2.244573e-02;7.689218e-02;7.978030e-02;5.112519e-02;3.229701e-02;4.491155e-02;3.412674e-02;6.790704e-02
7.159284e-02;2.809704e-01;7.243801e-02;4.468426e-02;5.514527e-02;8.537547e-02;1.095307e-01;7.568939e-02;4.831273e-02;5.789265e-02;2.971622e-02;6.865201e-02
5.777270e-02;2.761964e-01;1.458390e-01;6.000407e-02;5.568324e-02;8.008002e-02;1.123632e-01;7.351115e-02;3.628147e-02;3.920869e-02;2.508916e-02;3.797089e-02
6.549909e-02;2.815204e-01;1.933852e-01;5.968371e-02;3.698040e-02;8.284150e-02;1.132722e-01;6.581967e-02;2.186587e-02;2.317634e-02;2.319732e-02;3.275824e-02
6.348342e-02;2.841570e-01;2.125376e-01;5.722547e-02;2.034513e-02;7.576783e-02;1.050025e-01;7.467972e-02;2.424729e-02;1.516641e-02;2.347389e-02;4.391370e-02
6.696519e-02;2.667404e-01;2.089527e-01;6.526214e-02;2.698460e-02;6.475420e-02;8.249130e-02;8.905264e-02;2.654573e-02;1.787716e-02;2.964722e-02;5.472675e-02
6.798196e-02;2.634356e-01;2.362866e-01;3.011649e-02;2.725403e-02;5.968153e-02;9.482408e-02;6.716084e-02;3.784059e-02;2.762526e-02;2.918288e-02;5.861020e-02
5.547042e-02;2.333109e-01;2.137481e-01;6.543493e-02;1.966419e-02;8.301626e-02;9.453210e-02;4.776734e-02;5.104088e-02;3.160235e-02;4.669119e-02;5.772134e-02
6.172390e-02;2.219498e-01;1.759345e-01;6.051453e-02;3.286631e-02;8.649883e-02;1.128837e-01;7.080843e-02;5.005274e-02;3.459512e-02;4.199051e-02;5.018168e-02
8.661228e-02;2.178029e-01;1.379341e-01;6.265340e-02;3.357143e-02;7.630030e-02;1.074261e-01;9.759113e-02;3.413588e-02;4.342911e-02;3.785937e-02;6.468409e-02
7.243656e-02;2.108837e-01;1.392454e-01;8.595919e-02;2.644738e-02;7.541065e-02;1.454542e-01;9.023641e-02;3.553513e-02;3.497116e-02;3.085716e-02;5.256306e-02
3.015715e-02;1.825649e-01;1.663756e-01;4.972067e-02;2.437792e-02;1.121567e-01;2.019607e-01;7.269529e-02;2.570734e-02;3.253603e-02;2.554373e-02;7.620393e-02
2.877198e-02;1.805392e-01;1.768020e-01;9.285558e-02;1.904259e-02;1.009142e-01;1.636620e-01;6.704991e-02;3.054373e-02;3.117439e-02;2.901912e-02;7.962525e-02
4.160529e-02;2.417971e-01;2.143515e-01;1.051289e-01;1.880540e-02;7.322116e-02;1.014520e-01;5.753119e-02;3.341265e-02;3.021428e-02;3.610323e-02;4.637721e-02
6.105270e-02;2.886439e-01;2.197586e-01;6.814896e-02;1.576254e-02;7.471249e-02;8.358435e-02;6.478779e-02;3.555839e-02;2.415397e-02;3.454830e-02;2.928801e-02
6.246747e-02;2.869545e-01;2.198190e-01;4.587360e-02;2.001739e-02;7.792708e-02;9.344311e-02;5.095073e-02;4.760143e-02;1.710095e-02;3.954209e-02;3.830265e-02
5.756338e-02;2.599273e-01;2.380047e-01;6.296808e-02;2.129874e-02;7.135390e-02;1.004773e-01;4.886488e-02;3.900108e-02;1.935453e-02;3.769525e-02;4.349075e-02
5.607160e-02;1.780690e-01;2.270574e-01;9.578289e-02;1.807254e-02;5.473296e-02;9.790806e-02;8.271004e-02;5.218431e-02;2.823886e-02;4.124039e-02;6.793187e-02
5.675961e-02;1.709096e-01;1.598260e-01;6.884085e-02;1.836465e-02;9.328973e-02;7.622796e-02;1.454480e-01;8.437531e-02;3.033852e-02;3.363002e-02;6.198990e-02
7.038253e-02;2.136179e-01;1.470982e-01;7.257932e-02;2.302688e-02;9.960799e-02;6.548493e-02;1.542823e-01;6.785055e-02;2.375036e-02;2.055554e-02;4.176354e-02
7.064013e-02;1.559490e-01;1.467803e-01;9.993868e-02;4.099244e-02;1.136581e-01;9.760444e-02;1.442031e-01;4.135514e-02;3.059396e-02;2.733157e-02;3.095314e-02
5.386320e-02;2.304963e-01;2.195922e-01;7.306214e-02;3.319602e-02;6.282718e-02;1.153327e-01;8.906392e-02;2.857067e-02;2.588952e-02;2.566407e-02;4.244210e-02
6.272899e-02;3.090843e-01;2.680739e-01;4.834854e-02;1.985779e-02;4.300810e-02;9.430657e-02;5.217098e-02;2.024396e-02;1.627529e-02;1.991254e-02;4.598911e-02
5.261649e-02;3.243944e-01;2.870213e-01;7.759212e-02;1.910006e-02;2.181227e-02;8.658115e-02;5.162695e-02;1.691760e-02;1.498932e-02;1.868592e-02;2.866236e-02
4.386950e-02;3.011730e-01;2.795003e-01;7.520430e-02;1.663892e-02;3.187632e-02;9.248925e-02;5.708197e-02;2.007845e-02;1.250366e-02;2.345395e-02;4.613041e-02
5.248622e-02;3.028312e-01;2.564334e-01;4.585066e-02;2.346938e-02;6.251670e-02;9.414726e-02;5.651497e-02;1.651901e-02;1.641253e-02;1.918650e-02;5.363213e-02
5.767313e-02;2.765748e-01;2.336757e-01;4.867026e-02;2.562650e-02;9.383579e-02;9.392051e-02;4.939251e-02;3.531339e-02;2.405699e-02;1.965925e-02;4.160105e-02
6.485824e-02;2.515565e-01;2.044486e-01;8.644309e-02;2.825463e-02;1.284844e-01;7.013211e-02;5.237100e-02;3.357063e-02;2.615413e-02;2.344326e-02;3.028339e-02
6.568134e-02;2.470842e-01;1.719402e-01;5.417558e-02;2.814471e-02;1.445608e-01;5.761821e-02;9.167792e-02;4.535108e-02;3.764062e-02;2.371110e-02;3.241428e-02
7.618417e-02;2.255112e-01;1.831907e-01;6.873947e-02;2.613505e-02;1.110305e-01;5.826363e-02;1.153421e-01;2.675025e-02;3.989083e-02;2.565795e-02;4.330413e-02
6.509065e-02;2.481889e-01;1.938048e-01;8.358981e-02;1.936816e-02;9.368314e-02;4.976300e-02;1.052300e-01;2.512321e-02;4.510724e-02;2.361460e-02;4.743661e-02
5.889717e-02;2.528139e-01;2.054320e-01;6.053697e-02;2.053339e-02;8.666237e-02;8.332808e-02;8.981337e-02;2.800956e-02;3.166752e-02;3.445361e-02;4.785208e-02
4.456389e-02;2.029282e-01;2.385222e-01;4.779460e-02;2.530664e-02;1.113099e-01;1.251267e-01;6.582262e-02;3.424677e-02;2.056992e-02;3.379587e-02;5.001269e-02
5.339062e-02;2.149721e-01;2.631687e-01;3.518964e-02;2.343037e-02;8.274154e-02;1.201343e-01;6.890534e-02;4.287748e-02;2.158144e-02;1.786453e-02;5.574397e-02
5.795930e-02;2.946195e-01;2.849552e-01;3.618194e-02;2.098377e-02;6.061143e-02;6.568086e-02;6.337198e-02;2.825572e-02;1.650888e-02;1.518383e-02;5.568755e-02
4.791786e-02;2.926514e-01;3.027920e-01;5.578976e-02;2.213554e-02;5.626431e-02;3.876419e-02;7.506295e-02;3.286817e-02;1.708123e-02;1.379260e-02;4.487995e-02
3.962857e-02;2.787693e-01;2.927388e-01;5.862040e-02;1.812264e-02;6.028750e-02;6.392088e-02;6.282182e-02;3.870153e-02;2.257701e-02;2.570345e-02;3.810803e-02
4.959483e-02;2.878610e-01;2.448442e-01;4.525057e-02;2.610294e-02;7.461932e-02;4.144244e-02;6.177288e-02;3.880903e-02;2.541780e-02;4.348008e-02;6.080493e-02
7.169702e-02;2.974784e-01;1.347475e-01;5.300129e-02;3.451669e-02;6.895572e-02;5.403413e-02;9.405419e-02;5.454027e-02;2.746689e-02;4.928677e-02;6.022112e-02
6.022017e-02;2.743269e-01;2.241673e-01;7.323649e-02;2.524589e-02;7.272922e-02;5.088249e-02;8.597440e-02;3.712379e-02;2.304771e-02;2.379841e-02;4.924719e-02
2.718700e-02;2.227665e-01;2.676744e-01;6.969331e-02;2.809108e-02;9.215164e-02;3.618290e-02;1.024230e-01;5.010489e-02;2.864099e-02;1.940756e-02;5.567675e-02
5.100733e-02;2.807522e-01;2.559290e-01;3.955721e-02;1.842625e-02;5.838029e-02;5.264971e-02;1.123604e-01;4.809852e-02;1.666646e-02;2.399212e-02;4.218053e-02
6.454962e-02;3.269753e-01;2.521752e-01;2.391063e-02;9.729682e-03;4.848068e-02;5.303834e-02;9.085039e-02;4.573137e-02;1.514699e-02;3.085002e-02;3.856172e-02
6.415986e-02;3.181868e-01;2.690348e-01;3.553453e-02;1.114715e-02;5.482979e-02;3.822318e-02;7.446405e-02;4.542288e-02;2.277935e-02;2.951067e-02;3.670695e-02
5.984703e-02;2.900767e-01;2.601705e-01;3.672713e-02;2.252093e-02;4.079720e-02;3.866478e-02;9.741434e-02;4.580960e-02;4.493538e-02;3.066623e-02;3.237015e-02
5.144140e-02;1.509291e-01;1.164738e-01;7.062125e-02;6.659470e-02;1.378554e-01;9.445862e-02;1.156185e-01;9.802072e-02;5.246096e-02;2.256802e-02;2.295755e-02
3.592979e-02;1.655674e-01;2.290309e-01;6.548230e-02;5.631783e-02;1.572346e-01;8.962856e-02;5.571724e-02;6.959746e-02;4.887046e-02;1.036236e-02;1.626107e-02
3.014730e-02;2.098737e-01;2.898715e-01;4.504999e-02;4.493815e-02;1.425153e-01;7.393550e-02;4.394074e-02;5.142123e-02;4.739280e-02;1.075537e-02;1.015841e-02
3.617303e-02;2.879097e-01;2.954740e-01;1.866087e-02;4.644406e-02;1.029219e-01;5.666034e-02;5.853880e-02;4.588788e-02;2.964968e-02;1.276924e-02;8.910548e-03
4.753768e-02;3.293765e-01;2.418464e-01;2.367659e-02;5.062518e-02;8.762481e-02;3.268743e-02;9.146447e-02;4.536045e-02;2.553123e-02;1.146877e-02;1.280056e-02
5.588483e-02;3.086754e-01;2.206012e-01;3.102764e-02;5.152264e-02;9.177367e-02;2.065423e-02;1.181114e-01;5.079440e-02;3.193554e-02;5.764457e-03;1.325463e-02
5.116463e-02;2.325601e-01;2.166957e-01;3.474271e-02;6.232201e-02;1.102289e-01;3.521738e-02;1.329131e-01;6.370834e-02;2.844626e-02;1.161341e-02;2.038747e-02
3.713630e-02;1.291247e-01;1.763324e-01;4.212720e-02;6.693053e-02;1.065907e-01;3.557534e-02;2.226868e-01;9.955663e-02;3.888820e-02;1.912308e-02;2.592807e-02
3.459077e-02;1.419492e-01;1.554013e-01;2.708281e-02;3.908592e-02;1.817078e-01;3.392377e-02;2.243253e-01;8.051540e-02;3.952095e-02;1.578557e-02;2.611116e-02
3.037318e-02;1.036748e-01;1.319960e-01;2.979125e-02;4.395471e-02;2.728108e-01;4.182491e-02;2.362504e-01;2.903772e-02;3.724448e-02;1.914588e-02;2.389593e-02
2.628894e-02;9.925586e-02;1.408460e-01;2.771491e-02;4.728447e-02;2.341842e-01;4.039129e-02;2.717740e-01;3.533711e-02;4.626732e-02;1.466409e-02;1.599181e-02
3.411763e-02;1.398901e-01;1.456139e-01;3.672865e-02;3.993566e-02;1.290907e-01;4.010449e-02;2.756990e-01;7.864200e-02;4.257991e-02;1.945690e-02;1.814099e-02
1.912963e-02;1.165923e-01;1.220599e-01;3.319808e-02;2.629581e-02;2.054001e-01;6.375089e-02;2.407616e-01;7.720435e-02;4.690360e-02;2.188214e-02;2.682159e-02
2.087470e-02;7.741553e-02;9.159990e-02;3.155051e-02;3.352429e-02;2.504351e-01;8.311152e-02;2.255215e-01;6.719927e-02;6.909115e-02;2.136570e-02;2.831079e-02
3.340400e-02;9.980551e-02;1.042152e-01;2.435382e-02;2.873262e-02;2.090915e-01;8.691762e-02;2.243340e-01;7.440503e-02;8.010302e-02;1.193088e-02;2.270664e-02
3.593984e-02;1.327435e-01;1.329965e-01;1.991768e-02;2.675156e-02;1.432938e-01;7.012963e-02;2.359045e-01;9.466410e-02;7.090210e-02;1.933341e-02;1.742339e-02
3.278700e-02;1.495578e-01;1.446174e-01;2.826707e-02;4.526696e-02;1.235730e-01;4.121118e-02;2.390539e-01;1.050409e-01;5.113666e-02;2.152708e-02;1.796103e-02
2.691238e-02;1.119239e-01;1.328981e-01;3.514385e-02;3.644556e-02;1.748757e-01;5.422777e-02;2.230909e-01;1.129282e-01;4.380573e-02;2.084968e-02;2.689830e-02
2.882137e-02;1.687162e-01;1.919639e-01;3.376742e-02;2.620095e-02;1.162044e-01;5.002543e-02;1.919358e-01;1.055188e-01;2.911578e-02;2.800595e-02;2.972409e-02
3.417260e-02;2.249481e-01;2.682186e-01;2.883643e-02;1.628734e-02;8.605199e-02;3.358792e-02;1.258472e-01;1.050969e-01;3.016198e-02;2.536433e-02;2.142652e-02
3.245351e-02;2.283455e-01;2.874584e-01;1.973046e-02;1.537391e-02;7.866269e-02;3.053872e-02;1.160051e-01;9.960891e-02;3.765534e-02;2.420068e-02;2.996675e-02
3.497861e-02;1.425811e-01;2.196338e-01;8.360832e-02;5.280095e-02;6.347986e-02;5.337164e-02;1.416213e-01;7.704308e-02;5.505217e-02;3.479225e-02;4.103684e-02
3.717752e-02;9.856246e-02;1.459869e-01;1.509750e-01;8.684964e-02;8.555999e-02;7.499880e-02;1.120246e-01;6.068711e-02;5.864643e-02;4.448296e-02;4.404864e-02
3.755898e-02;7.957072e-02;1.209735e-01;1.859690e-01;9.789006e-02;1.153072e-01;7.480299e-02;9.411441e-02;5.533168e-02;5.505357e-02;4.061688e-02;4.281093e-02
5.268799e-02;6.983850e-02;1.052759e-01;1.921785e-01;1.036722e-01;1.423045e-01;7.398029e-02;8.255611e-02;4.417555e-02;5.764604e-02;3.006009e-02;4.562435e-02
7.037268e-02;6.140312e-02;7.506692e-02;1.247167e-01;1.046542e-01;1.406727e-01;1.336560e-01;9.896559e-02;7.404847e-02;5.551873e-02;2.061882e-02;4.030598e-02
7.571787e-02;9.657247e-02;1.067742e-01;7.075311e-02;8.864365e-02;1.782890e-01;1.170279e-01;8.223117e-02;6.331748e-02;6.285091e-02;2.496340e-02;3.285887e-02
1.533562e-01;1.451245e-01;1.605219e-01;3.308487e-02;8.226532e-02;1.050631e-01;4.799864e-02;1.114819e-01;6.883380e-02;4.584238e-02;1.993751e-02;2.648983e-02
1.998918e-01;1.463533e-01;1.267267e-01;3.833606e-02;1.009043e-01;4.450529e-02;2.750543e-02;1.576727e-01;6.626190e-02;3.093884e-02;3.091258e-02;2.999104e-02
2.198887e-01;1.209614e-01;8.367427e-02;3.892668e-02;1.201116e-01;3.741990e-02;2.958483e-02;1.752490e-01;4.537812e-02;2.215016e-02;5.314746e-02;5.350793e-02
2.546813e-01;8.466077e-02;5.735693e-02;4.455117e-02;1.162281e-01;2.742392e-02;3.568029e-02;1.839825e-01;3.476796e-02;2.286188e-02;5.894771e-02;7.885744e-02
2.730343e-01;6.427348e-02;4.249699e-02;4.561870e-02;1.140411e-01;3.406994e-02;3.748654e-02;2.293294e-01;2.869881e-02;3.178758e-02;3.519754e-02;6.396552e-02
2.313313e-01;5.098388e-02;4.650769e-02;3.635450e-02;1.119526e-01;3.808681e-02;7.083598e-02;2.595947e-01;3.200275e-02;3.352839e-02;4.347739e-02;4.534398e-02
1.643433e-01;5.900986e-02;5.553401e-02;3.128749e-02;9.603995e-02;4.839716e-02;1.379380e-01;2.436138e-01;3.022309e-02;4.152746e-02;3.509934e-02;5.698662e-02
1.204431e-01;6.846407e-02;6.441471e-02;2.073983e-02;7.849687e-02;8.220642e-02;1.890851e-01;2.418716e-01;3.135317e-02;3.220010e-02;2.468704e-02;4.603803e-02
1.107057e-01;1.063700e-01;1.016342e-01;3.107106e-02;4.769155e-02;1.061986e-01;1.462942e-01;2.365261e-01;2.993617e-02;2.803295e-02;2.124957e-02;3.428998e-02
1.102618e-01;2.240708e-01;1.627246e-01;2.751212e-02;3.156519e-02;8.580969e-02;3.994020e-02;2.182157e-01;3.288128e-02;1.573956e-02;1.163831e-02;3.964078e-02
1.045094e-01;2.953460e-01;1.851265e-01;2.190834e-02;2.579592e-02;5.647524e-02;2.072810e-02;2.186324e-01;2.619675e-02;1.267841e-02;6.177606e-03;2.642540e-02
1.251410e-01;2.975031e-01;1.781061e-01;1.530450e-02;2.217661e-02;3.526885e-02;5.911101e-02;1.995652e-01;2.600142e-02;1.425011e-02;1.284497e-02;1.472713e-02
1.294336e-01;3.162094e-01;1.736587e-01;1.066209e-02;2.442770e-02;1.951749e-02;7.038654e-02;1.741365e-01;2.852938e-02;1.409736e-02;2.162332e-02;1.731785e-02
1.294769e-01;3.572378e-01;1.551375e-01;7.511402e-03;4.358535e-02;2.238382e-02;4.967039e-02;1.323501e-01;2.692211e-02;2.104865e-02;2.698856e-02;2.768746e-02
1.609555e-01;3.811385e-01;1.845228e-01;1.366003e-02;6.718549e-02;1.035501e-02;2.496188e-02;6.311186e-02;2.638938e-02;1.646293e-02;2.184179e-02;2.941481e-02
1.490658e-01;3.648017e-01;2.075319e-01;1.531680e-02;6.107879e-02;2.213623e-02;3.803868e-02;7.922035e-02;2.385268e-02;1.054907e-02;1.265126e-02;1.575673e-02
9.747353e-02;3.700002e-01;2.316591e-01;1.459831e-02;4.229433e-02;3.802241e-02;4.131985e-02;8.203736e-02;3.118663e-02;1.723466e-02;9.817141e-03;2.435648e-02
9.201074e-02;3.767642e-01;2.508140e-01;1.440222e-02;2.182686e-02;3.708888e-02;3.066868e-02;7.213241e-02;3.908354e-02;3.234618e-02;7.881729e-03;2.498053e-02
1.137966e-01;3.831149e-01;2.068424e-01;1.212205e-02;2.146462e-02;3.992851e-02;3.420098e-02;8.144210e-02;4.033269e-02;4.172438e-02;6.690843e-03;1.833989e-02
1.154717e-01;3.930158e-01;1.996319e-01;1.036958e-02;2.380815e-02;2.908567e-02;3.775837e-02;1.006915e-01;3.070771e-02;3.950549e-02;7.282834e-03;1.267134e-02
1.218106e-01;3.967796e-01;2.044834e-01;7.354719e-03;1.326643e-02;1.679955e-02;5.311083e-02;9.572244e-02;3.424476e-02;3.730191e-02;7.446836e-03;1.167895e-02
1.430197e-01;4.132697e-01;2.108043e-01;7.045928e-03;1.288751e-02;1.571243e-02;4.582758e-02;5.962339e-02;3.398586e-02;2.739584e-02;1.220252e-02;1.822518e-02
1.428769e-01;4.145853e-01;2.447280e-01;1.370693e-02;1.636901e-02;2.234834e-02;2.302489e-02;4.674902e-02;2.278107e-02;1.916183e-02;1.769872e-02;1.597006e-02
1.290638e-01;4.110138e-01;2.591618e-01;1.680816e-02;1.741262e-02;3.048551e-02;2.665579e-02;4.015977e-02;2.246167e-02;1.739148e-02;1.353483e-02;1.585076e-02
1.192722e-01;3.673593e-01;2.487569e-01;1.169223e-02;2.353714e-02;3.099856e-02;3.854687e-02;7.527237e-02;3.669108e-02;1.771967e-02;1.038088e-02;1.977283e-02
1.558675e-01;2.859589e-01;1.954611e-01;1.400984e-02;3.164342e-02;4.492843e-02;4.600996e-02;1.379440e-01;3.318044e-02;1.399779e-02;1.301618e-02;2.798252e-02
1.744085e-01;2.504191e-01;1.290210e-01;1.432167e-02;2.946476e-02;5.853902e-02;3.310039e-02;1.985875e-01;4.457849e-02;1.420479e-02;2.197351e-02;3.138141e-02
1.552529e-01;3.041086e-01;9.578387e-02;1.889446e-02;1.901337e-02;5.284629e-02;4.310726e-02;1.773943e-01;4.991246e-02;1.086724e-02;2.121872e-02;5.160050e-02
1.878835e-01;2.692590e-01;8.471197e-02;2.622976e-02;2.202206e-02;6.738071e-02;6.099059e-02;1.214096e-01;5.785957e-02;2.274766e-02;1.847334e-02;6.103224e-02
1.998252e-01;2.676143e-01;7.390536e-02;3.267460e-02;2.427207e-02;3.974730e-02;4.424267e-02;1.240484e-01;5.594758e-02;3.555499e-02;1.902061e-02;8.314700e-02
9.777421e-02;2.745622e-01;1.165147e-01;6.539892e-02;4.455825e-02;4.572747e-02;5.078797e-02;9.730664e-02;6.664287e-02;5.273234e-02;1.467960e-02;7.331477e-02
9.600463e-02;2.335422e-01;1.353447e-01;7.121430e-02;4.015973e-02;4.742841e-02;8.349525e-02;1.135843e-01;5.789207e-02;4.308724e-02;1.682845e-02;6.141871e-02
1.362288e-01;2.087097e-01;1.064852e-01;5.079697e-02;3.265408e-02;3.238930e-02;8.292965e-02;1.481409e-01;4.977755e-02;5.011383e-02;1.169154e-02;9.008240e-02
1.260492e-01;1.325369e-01;6.717544e-02;4.606104e-02;2.969398e-02;4.386408e-02;9.051521e-02;1.771510e-01;5.426456e-02;9.218646e-02;1.881720e-02;1.216849e-01
9.304208e-02;6.616595e-02;4.514885e-02;6.202769e-02;2.720984e-02;4.903373e-02;1.510976e-01;1.888488e-01;7.275091e-02;1.160926e-01;2.364125e-02;1.049407e-01
7.355341e-02;8.033714e-02;5.484062e-02;8.891658e-02;2.132975e-02;7.359529e-02;2.043601e-01;1.680490e-01;6.614722e-02;9.959877e-02;7.240780e-03;6.203131e-02
3.199951e-02;8.183253e-02;4.186630e-02;1.626311e-01;2.644642e-02;8.285863e-02;2.509586e-01;1.575658e-01;3.905590e-02;6.423610e-02;9.594025e-03;5.095514e-02
6.938163e-02;7.822246e-02;7.387381e-02;2.643635e-01;3.735311e-02;6.038492e-02;1.916818e-01;1.197617e-01;2.132960e-02;3.181900e-02;9.023193e-03;4.280520e-02
8.735543e-02;8.474978e-02;1.036507e-01;3.037257e-01;4.499867e-02;4.468782e-02;1.175950e-01;1.135512e-01;1.460205e-02;1.750507e-02;1.392107e-02;5.365757e-02
1.173125e-01;9.692463e-02;1.143805e-01;2.315403e-01;2.629546e-02;4.016099e-02;1.056319e-01;1.410426e-01;2.658838e-02;1.506604e-02;1.343115e-02;7.162553e-02
2.077421e-01;9.692726e-02;8.478572e-02;1.095573e-01;3.899832e-02;3.059425e-02;1.120423e-01;1.743330e-01;3.158394e-02;1.491011e-02;1.113432e-02;8.739138e-02
3.110882e-01;8.847705e-02;4.478941e-02;5.719477e-02;4.859423e-02;1.911510e-02;8.336157e-02;1.644077e-01;2.599696e-02;1.247057e-02;1.223710e-02;1.322674e-01
3.481862e-01;1.129217e-01;8.085105e-02;2.640621e-02;5.051474e-02;1.458718e-02;4.928586e-02;1.242519e-01;2.585541e-02;1.780483e-02;1.066758e-02;1.386674e-01
3.250197e-01;1.887763e-01;9.169281e-02;1.477564e-02;5.141070e-02;1.260434e-02;4.464890e-02;1.038380e-01;3.143619e-02;1.508727e-02;1.885396e-02;1.018561e-01
2.558006e-01;2.731611e-01;9.949481e-02;1.655815e-02;4.034379e-02;1.963289e-02;4.292632e-02;1.155229e-01;4.036832e-02;1.669123e-02;2.080198e-02;5.869788e-02
1.953112e-01;3.678343e-01;1.194286e-01;1.581519e-02;3.201296e-02;3.251885e-02;3.822390e-02;8.238944e-02;5.808617e-02;2.268870e-02;1.222296e-02;2.346781e-02
1.074758e-01;4.531333e-01;1.876041e-01;9.529454e-03;1.465596e-02;3.325104e-02;3.157858e-02;3.465522e-02;7.771251e-02;1.843606e-02;1.682028e-02;1.514765e-02
5.779958e-02;4.622079e-01;2.280376e-01;1.287740e-02;1.105729e-02;3.249015e-02;1.652978e-02;4.420120e-02;8.350648e-02;1.984828e-02;9.047443e-03;2.239689e-02
7.659731e-02;3.822542e-01;2.919534e-01;1.694438e-02;1.200627e-02;3.490028e-02;4.510697e-03;4.032905e-02;6.474400e-02;5.040294e-02;1.101742e-02;1.434013e-02
7.920935e-02;2.681246e-01;3.709142e-01;1.338229e-02;9.192926e-03;2.332434e-02;2.187176e-02;5.364324e-02;4.340183e-02;8.792558e-02;1.842991e-02;1.058000e-02
7.612849e-02;1.712558e-01;4.022982e-01;2.764400e-02;1.464063e-02;2.716899e-02;3.689672e-02;5.442896e-02;2.466097e-02;1.079842e-01;3.826398e-02;1.862908e-02
7.174399e-02;1.628202e-01;3.975209e-01;3.887153e-02;2.033518e-02;2.663522e-02;5.205671e-02;3.930048e-02;2.575344e-02;9.075203e-02;6.032053e-02;1.388981e-02
5.629193e-02;1.715354e-01;3.370768e-01;5.201493e-02;2.328648e-02;6.083854e-02;5.269136e-02;7.887972e-02;4.236799e-02;4.434634e-02;6.242843e-02;1.824206e-02
6.408697e-02;2.203579e-01;3.177039e-01;4.935796e-02;1.879067e-02;6.045157e-02;3.741194e-02;9.655984e-02;4.071826e-02;1.821435e-02;4.638706e-02;2.995958e-02
9.421159e-02;2.307312e-01;2.666015e-01;6.210833e-02;2.569672e-02;3.003418e-02;5.313920e-02;1.111016e-01;3.713893e-02;2.808324e-02;2.677385e-02;3.437963e-02
1.170802e-01;2.112061e-01;2.020401e-01;8.240583e-02;1.665319e-02;3.478105e-02;6.225425e-02;1.443169e-01;5.967648e-02;3.654483e-02;8.195624e-03;2.484536e-02
1.141611e-01;2.513708e-01;1.889405e-01;8.149015e-02;1.545848e-02;3.168077e-02;5.839183e-02;1.111101e-01;6.391754e-02;3.182707e-02;1.668144e-02;3.497026e-02
1.011283e-01;2.717911e-01;2.570305e-01;6.772146e-02;2.110700e-02;3.387882e-02;3.891140e-02;5.025599e-02;4.214635e-02;4.389851e-02;2.147832e-02;5.065218e-02
9.192039e-02;2.495406e-01;2.933812e-01;5.917265e-02;2.436909e-02;4.499474e-02;2.724118e-02;6.307602e-02;4.060952e-02;2.791971e-02;1.338328e-02;6.439170e-02
1.521882e-01;1.843176e-01;2.237100e-01;6.063667e-02;3.195573e-02;5.129794e-02;3.331726e-02;7.793564e-02;6.078904e-02;5.327456e-02;2.660047e-02;4.397691e-02
1.504188e-01;1.918056e-01;1.674288e-01;4.861125e-02;2.178233e-02;6.106592e-02;3.573966e-02;1.065777e-01;7.022490e-02;5.092287e-02;2.738544e-02;6.803685e-02
1.011719e-01;1.928488e-01;1.675313e-01;7.193898e-02;4.391911e-02;7.416743e-02;4.367011e-02;1.193405e-01;8.296371e-02;1.814102e-02;2.306844e-02;6.123876e-02
5.207188e-02;1.747825e-01;2.232707e-01;9.242223e-02;4.287546e-02;7.588386e-02;2.909432e-02;1.152901e-01;1.039954e-01;3.674243e-02;2.357716e-02;2.999400e-02
8.412432e-02;1.222192e-01;2.287783e-01;5.358874e-02;2.852255e-02;6.585727e-02;6.794900e-02;1.301809e-01;9.366577e-02;4.710326e-02;3.997837e-02;3.803225e-02
9.100053e-02;2.538156e-01;2.516659e-01;1.850485e-02;2.848747e-02;3.583251e-02;5.882897e-02;9.395532e-02;7.425283e-02;3.019591e-02;3.751367e-02;2.594650e-02
6.922437e-02;3.074428e-01;2.768397e-01;3.477477e-02;1.803594e-02;4.939112e-02;3.511444e-02;6.974684e-02;6.862422e-02;2.652364e-02;2.753137e-02;1.675079e-02
5.011979e-02;2.874203e-01;3.069071e-01;4.721441e-02;8.578358e-03;4.917971e-02;3.561112e-02;8.975128e-02;7.050068e-02;2.402760e-02;1.755611e-02;1.313348e-02
3.633577e-02;2.200424e-01;3.405478e-01;4.566649e-02;1.211303e-02;6.505703e-02;3.533732e-02;1.153960e-01;7.707301e-02;2.944203e-02;9.297096e-03;1.369205e-02
3.414881e-02;1.811582e-01;3.578042e-01;3.470542e-02;1.199918e-02;6.141766e-02;4.253452e-02;1.341563e-01;8.597218e-02;2.849041e-02;6.173748e-03;2.143935e-02
4.607234e-02;2.092380e-01;2.698471e-01;3.479699e-02;1.976393e-02;9.192891e-02;3.848214e-02;1.141929e-01;9.740370e-02;3.080037e-02;2.005028e-02;2.742328e-02
4.130701e-02;1.554410e-01;1.777951e-01;3.969234e-02;3.651300e-02;1.304254e-01;5.154346e-02;1.150588e-01;1.064942e-01;7.535630e-02;4.254761e-02;2.782559e-02
4.056346e-02;1.393219e-01;1.079155e-01;3.168742e-02;4.747539e-02;1.518320e-01;5.846025e-02;1.904943e-01;1.167728e-01;7.043375e-02;2.744047e-02;1.760276e-02
3.731373e-02;1.257015e-01;1.245129e-01;2.793667e-02;4.564397e-02;1.341619e-01;4.628878e-02;2.214673e-01;1.269729e-01;4.837009e-02;3.479170e-02;2.683852e-02
4.064793e-02;1.331196e-01;1.456146e-01;3.578189e-02;4.471052e-02;7.340222e-02;4.383503e-02;2.335474e-01;1.126414e-01;4.781687e-02;5.080798e-02;3.807461e-02
4.507424e-02;1.225382e-01;1.604373e-01;6.313815e-02;4.358679e-02;1.267907e-01;4.349150e-02;1.904479e-01;8.022988e-02;5.189935e-02;3.931002e-02;3.305597e-02
4.811462e-02;1.174138e-01;1.442186e-01;7.001846e-02;3.434357e-02;1.203231e-01;7.672291e-02;1.837526e-01;7.732075e-02;5.365339e-02;2.577193e-02;4.834627e-02
6.249948e-02;1.586310e-01;1.252203e-01;3.429459e-02;2.949587e-02;1.206091e-01;8.093247e-02;1.460562e-01;8.962170e-02;6.217425e-02;3.574726e-02;5.471766e-02
5.368578e-02;1.311460e-01;1.484250e-01;6.189770e-02;2.901426e-02;1.593217e-01;4.895695e-02;1.284796e-01;1.107820e-01;4.511466e-02;3.263800e-02;5.053836e-02
3.918907e-02;1.538356e-01;1.651867e-01;6.698304e-02;4.076882e-02;1.241169e-01;3.614775e-02;1.433235e-01;1.059867e-01;4.207081e-02;3.149298e-02;5.089816e-02
3.495308e-02;1.472085e-01;1.105129e-01;4.330630e-02;5.602186e-02;1.384247e-01;5.209983e-02;1.555249e-01;9.657180e-02;6.198338e-02;6.002684e-02;4.336587e-02
2.958383e-02;1.161459e-01;7.416742e-02;3.417742e-02;4.884785e-02;1.924632e-01;6.406900e-02;1.800138e-01;1.001799e-01;8.300877e-02;4.233063e-02;3.501238e-02
5.916512e-02;9.118132e-02;1.013378e-01;5.349460e-02;7.980517e-02;1.788518e-01;5.507837e-02;1.525055e-01;9.481087e-02;6.523616e-02;3.306436e-02;3.546892e-02
5.149447e-02;8.143213e-02;8.405373e-02;6.446325e-02;1.022924e-01;1.585101e-01;9.773130e-02;1.333881e-01;1.055090e-01;4.469188e-02;4.472993e-02;3.170379e-02
5.486074e-02;1.269829e-01;1.093536e-01;7.224645e-02;9.222584e-02;1.347458e-01;9.218723e-02;1.313527e-01;8.293348e-02;4.303095e-02;3.217874e-02;2.790155e-02
9.520220e-02;2.033025e-01;1.676617e-01;6.174447e-02;7.334326e-02;7.510510e-02;5.997833e-02;1.238147e-01;4.891558e-02;2.702309e-02;2.108050e-02;4.282859e-02
1.233729e-01;2.281425e-01;1.603058e-01;3.557846e-02;7.394743e-02;6.924432e-02;4.721308e-02;1.244487e-01;4.461588e-02;2.011122e-02;2.218924e-02;5.083045e-02
1.067447e-01;1.948783e-01;1.185901e-01;3.916859e-02;6.912193e-02;8.539115e-02;6.749136e-02;1.311713e-01;4.368528e-02;3.698593e-02;3.820802e-02;6.856334e-02
6.310050e-02;1.535742e-01;9.590751e-02;5.164300e-02;5.761409e-02;1.088971e-01;6.363546e-02;1.441480e-01;8.590070e-02;6.180817e-02;4.451654e-02;6.925476e-02
8.072380e-02;1.811303e-01;1.099699e-01;4.279935e-02;6.888580e-02;1.104976e-01;6.246148e-02;1.311534e-01;6.140680e-02;5.796610e-02;5.043671e-02;4.256876e-02
1.072469e-01;2.164910e-01;1.289199e-01;3.038455e-02;9.661534e-02;8.336143e-02;4.034425e-02;1.387070e-01;5.102560e-02;3.509847e-02;4.704257e-02;2.476309e-02
1.214930e-01;2.063530e-01;9.704847e-02;4.458266e-02;1.251159e-01;5.597871e-02;5.811835e-02;1.614187e-01;4.252992e-02;1.690487e-02;3.032887e-02;4.012766e-02
1.075051e-01;1.696137e-01;4.748576e-02;8.964747e-02;1.247622e-01;6.474922e-02;6.722254e-02;1.402497e-01;8.187282e-02;3.223078e-02;1.196669e-02;6.269411e-02
7.229234e-02;1.289088e-01;5.876458e-02;1.070300e-01;7.504457e-02;6.796838e-02;6.816922e-02;1.215694e-01;1.292907e-01;6.633690e-02;4.837652e-02;5.624861e-02
5.541599e-02;1.746160e-01;1.344027e-01;6.858838e-02;5.082128e-02;7.564717e-02;6.644975e-02;1.295397e-01;1.194879e-01;5.582942e-02;3.271209e-02;3.648973e-02
5.648182e-02;2.214313e-01;1.756101e-01;3.345931e-02;5.347279e-02;8.963927e-02;4.708920e-02;1.455035e-01;6.848391e-02;4.573040e-02;3.154946e-02;3.154901e-02
5.918782e-02;2.218616e-01;1.824857e-01;3.505063e-02;5.283091e-02;5.693365e-02;2.962102e-02;1.968995e-01;5.949670e-02;4.802823e-02;2.869396e-02;2.891028e-02
5.911561e-02;2.344086e-01;1.720390e-01;3.335974e-02;3.390236e-02;6.659809e-02;6.002380e-02;1.795317e-01;7.602178e-02;4.118774e-02;2.118935e-02;2.262217e-02
4.850425e-02;2.406179e-01;1.700046e-01;2.183340e-02;3.129263e-02;5.531272e-02;5.602754e-02;1.622072e-01;1.155793e-01;3.793540e-02;3.117121e-02;2.951385e-02
7.011508e-02;2.415967e-01;1.744983e-01;3.414971e-02;4.418457e-02;4.944368e-02;3.668819e-02;1.440523e-01;1.247368e-01;2.829942e-02;2.124582e-02;3.098951e-02
8.692147e-02;2.017540e-01;1.351396e-01;2.629460e-02;4.451928e-02;9.922974e-02;6.902629e-02;1.579733e-01;9.034508e-02;2.739422e-02;4.087809e-02;2.052444e-02
