8.662893e-02;1.005926e-01;1.290868e-01;5.272391e-02;7.074159e-02;4.774064e-02;1.220863e-01;9.694424e-02;4.777849e-02;1.084983e-01;6.578965e-02;7.138865e-02
5.444676e-02;8.608452e-02;1.429172e-01;4.213491e-02;6.947848e-02;4.182790e-02;1.365225e-01;7.962950e-02;6.745636e-02;9.666822e-02;7.812852e-02;1.047052e-01
3.752686e-02;5.296417e-02;1.174108e-01;4.791423e-02;8.358729e-02;7.050727e-02;1.197540e-01;7.389265e-02;9.622417e-02;8.034445e-02;1.089553e-01;1.109188e-01
6.173754e-02;7.051247e-02;1.167978e-01;7.887638e-02;8.915170e-02;7.696135e-02;7.504020e-02;7.210026e-02;7.523761e-02;9.603569e-02;8.758248e-02;9.996655e-02
1.126748e-01;7.063153e-02;1.318025e-01;5.056744e-02;7.055529e-02;7.705266e-02;1.121135e-01;8.561846e-02;7.100528e-02;7.861325e-02;5.309894e-02;8.626639e-02
1.113851e-01;7.055555e-02;1.429763e-01;5.222123e-02;8.312865e-02;9.149528e-02;9.344719e-02;7.999489e-02;8.660428e-02;5.736033e-02;6.519699e-02;6.563420e-02
8.555266e-02;5.502987e-02;1.462506e-01;4.699634e-02;9.117803e-02;9.047084e-02;1.647215e-01;7.087427e-02;7.574559e-02;5.897537e-02;6.473920e-02;4.946573e-02
8.500356e-02;7.832836e-02;1.161551e-01;7.440186e-02;8.619204e-02;5.890895e-02;1.394409e-01;7.654914e-02;8.066578e-02;8.120307e-02;7.943728e-02;4.371395e-02
7.949168e-02;7.832615e-02;1.165325e-01;5.872464e-02;6.826888e-02;4.894139e-02;7.036439e-02;7.044816e-02;9.642093e-02;9.011216e-02;1.131812e-01;1.091879e-01
9.723479e-02;1.043255e-01;6.839430e-02;4.995424e-02;3.703032e-02;4.457114e-02;5.975330e-02;6.575417e-02;1.275750e-01;8.386044e-02;1.311339e-01;1.304129e-01
8.117757e-02;1.250895e-01;8.454462e-02;5.734218e-02;4.880625e-02;5.165453e-02;5.642621e-02;5.202183e-02;1.089376e-01;7.105356e-02;1.386169e-01;1.243293e-01
6.288616e-02;1.200312e-01;1.102928e-01;5.699387e-02;5.853063e-02;6.600260e-02;6.550380e-02;4.265911e-02;8.499497e-02;9.341790e-02;1.409383e-01;9.774866e-02
8.588847e-02;9.383222e-02;1.499051e-01;3.879908e-02;6.237179e-02;7.157677e-02;6.720675e-02;3.376666e-02;7.201678e-02;1.263430e-01;1.093139e-01;8.897948e-02
8.380031e-02;6.571462e-02;2.151001e-01;3.123409e-02;5.449781e-02;6.687026e-02;7.807682e-02;3.051145e-02;5.610973e-02;1.565250e-01;8.192056e-02;7.963914e-02
5.780035e-02;4.609323e-02;3.244886e-01;3.250748e-02;3.800008e-02;4.590084e-02;7.450303e-02;2.992269e-02;6.223392e-02;1.863743e-01;5.952666e-02;4.264884e-02
4.375666e-02;6.643955e-02;3.958944e-01;2.239762e-02;3.140518e-02;3.121991e-02;4.239452e-02;1.990511e-02;1.165736e-01;1.562219e-01;4.766577e-02;2.612583e-02
3.074673e-02;5.989778e-02;4.528372e-01;2.856768e-02;2.788668e-02;4.332336e-02;3.277069e-02;2.444726e-02;1.281606e-01;1.123211e-01;3.779418e-02;2.124665e-02
2.423775e-02;6.311502e-02;4.894195e-01;3.034006e-02;3.126019e-02;2.849787e-02;4.511885e-02;2.712198e-02;1.189512e-01;1.017427e-01;2.706319e-02;1.313172e-02
3.485864e-02;7.786991e-02;4.693373e-01;3.536294e-02;3.774647e-02;2.435489e-02;5.683854e-02;3.373200e-02;1.103401e-01;8.345168e-02;1.356426e-02;2.254326e-02
5.302557e-02;6.743520e-02;4.341934e-01;3.200918e-02;4.147526e-02;2.483170e-02;4.972594e-02;3.945501e-02;7.695153e-02;8.904251e-02;4.068623e-02;5.116848e-02
6.455842e-02;5.950609e-02;3.482213e-01;3.747835e-02;4.860917e-02;4.157086e-02;5.823680e-02;3.530582e-02;4.104437e-02;1.038642e-01;8.879502e-02;7.280959e-02
7.948122e-02;7.299317e-02;2.332274e-01;6.395149e-02;5.699068e-02;3.929527e-02;1.027711e-01;3.315881e-02;1.085821e-01;9.649223e-02;7.415959e-02;3.889693e-02
1.021833e-01;5.194270e-02;2.074110e-01;7.180676e-02;5.990284e-02;6.833932e-02;9.234849e-02;3.850016e-02;1.230534e-01;5.796419e-02;3.555558e-02;9.099223e-02
9.048440e-02;5.798402e-02;2.154316e-01;8.349091e-02;8.941119e-02;8.199907e-02;7.222940e-02;4.502448e-02;7.767559e-02;8.318215e-02;2.875144e-02;7.433578e-02
9.492071e-02;8.155003e-02;2.025342e-01;7.676322e-02;5.767794e-02;2.802034e-02;7.305862e-02;6.223928e-02;7.162086e-02;1.307044e-01;5.379764e-02;6.711275e-02
7.840588e-02;8.139931e-02;1.838893e-01;6.570657e-02;3.620492e-02;4.455109e-02;8.590068e-02;5.954250e-02;7.164654e-02;8.725191e-02;9.332609e-02;1.121752e-01
6.744317e-02;8.203921e-02;1.591696e-01;5.955480e-02;4.571499e-02;6.946624e-02;9.705152e-02;6.606407e-02;8.117139e-02;6.001783e-02;8.722585e-02;1.250813e-01
7.349300e-02;9.747192e-02;1.170769e-01;4.898223e-02;5.107018e-02;7.742494e-02;7.060891e-02;6.928784e-02;9.641704e-02;1.229451e-01;7.937467e-02;9.584732e-02
6.802595e-02;1.138332e-01;9.505854e-02;5.329735e-02;9.600160e-02;6.103485e-02;8.072811e-02;7.519753e-02;9.348460e-02;1.316122e-01;5.714693e-02;7.457912e-02
7.953430e-02;1.065805e-01;9.952972e-02;9.313059e-02;1.140891e-01;6.671175e-02;8.135593e-02;4.167721e-02;8.570939e-02;1.175888e-01;5.130880e-02;6.278398e-02
8.650094e-02;9.428670e-02;7.388595e-02;1.099719e-01;1.237186e-01;7.178376e-02;7.817123e-02;3.761726e-02;9.700850e-02;1.117289e-01;4.997825e-02;6.534789e-02
6.593052e-02;6.334802e-02;1.550539e-01;9.386415e-02;1.433127e-01;6.645077e-02;1.286080e-01;5.241850e-02;8.302014e-02;6.712377e-02;3.617099e-02;4.469843e-02
3.461342e-02;2.640131e-02;2.983545e-01;9.665548e-02;1.377624e-01;6.537488e-02;1.751271e-01;3.836124e-02;3.028823e-02;3.292712e-02;3.113727e-02;3.299703e-02
2.760486e-02;1.937917e-02;3.637662e-01;1.411847e-01;1.246011e-01;5.838221e-02;1.192710e-01;2.752917e-02;8.305384e-03;2.372645e-02;6.126700e-02;2.498275e-02
1.445070e-02;1.862040e-02;4.354510e-01;1.887257e-01;1.066751e-01;3.953647e-02;4.023479e-02;2.475660e-02;8.271188e-03;2.341312e-02;8.372568e-02;1.613933e-02
1.042344e-02;9.891713e-03;4.888960e-01;1.992615e-01;8.555783e-02;2.724607e-02;1.813813e-02;2.376007e-02;1.421957e-02;3.012896e-02;8.759395e-02;4.882808e-03
9.726155e-03;1.075228e-02;5.682591e-01;1.597873e-01;5.617767e-02;1.668390e-02;1.312285e-02;1.901165e-02;1.277586e-02;4.740621e-02;7.782380e-02;8.473303e-03
1.913132e-02;1.380821e-02;6.344480e-01;1.117403e-01;3.615289e-02;1.280675e-02;1.926441e-02;1.334565e-02;1.224932e-02;5.599101e-02;6.198172e-02;9.080418e-03
4.154415e-02;6.030058e-02;6.082411e-01;8.075191e-02;3.300999e-02;1.116373e-02;2.341878e-02;9.332032e-03;1.808892e-02;4.987400e-02;5.587653e-02;8.398295e-03
7.918890e-02;1.026502e-01;5.095888e-01;6.329586e-02;3.941063e-02;1.822347e-02;5.483459e-02;9.858673e-03;1.833490e-02;3.978433e-02;5.140506e-02;1.342462e-02
1.046749e-01;1.399871e-01;3.475423e-01;6.760223e-02;6.097391e-02;2.897214e-02;8.481551e-02;1.258137e-02;3.061867e-02;3.138471e-02;5.554037e-02;3.530678e-02
5.547816e-02;7.414610e-02;4.056498e-01;5.982987e-02;7.583433e-02;3.313416e-02;8.610100e-02;2.332941e-02;4.893269e-02;3.632183e-02;4.573647e-02;5.550615e-02
3.588424e-02;7.542664e-02;4.992203e-01;5.335917e-02;7.077911e-02;3.513059e-02;5.609996e-02;2.872068e-02;3.469087e-02;2.565893e-02;3.208570e-02;5.294375e-02
4.224435e-02;8.998274e-02;4.196406e-01;8.094481e-02;8.043472e-02;3.302502e-02;5.163274e-02;5.844076e-02;3.012703e-02;3.527278e-02;3.014879e-02;4.810563e-02
4.868837e-02;1.265499e-01;1.961341e-01;1.223170e-01;1.024521e-01;5.454754e-02;8.502297e-02;7.777120e-02;4.337777e-02;6.603005e-02;2.892736e-02;4.818156e-02
7.240362e-02;9.894850e-02;2.845797e-01;1.118734e-01;7.241115e-02;5.037513e-02;6.796297e-02;3.295645e-02;5.125916e-02;7.044620e-02;3.939476e-02;4.738902e-02
7.091751e-02;1.088294e-01;3.190690e-01;1.068063e-01;4.965820e-02;6.594284e-02;5.342150e-02;3.818625e-02;5.269481e-02;5.936093e-02;2.649057e-02;4.862277e-02
4.626752e-02;1.231054e-01;3.147323e-01;9.584885e-02;3.963445e-02;7.592746e-02;5.920424e-02;5.257559e-02;8.284310e-02;4.962367e-02;1.578052e-02;4.445687e-02
6.877851e-02;1.000734e-01;3.908896e-01;7.424298e-02;3.757473e-02;5.109465e-02;5.906450e-02;5.107507e-02;7.883515e-02;3.837157e-02;1.540325e-02;3.459656e-02
6.278718e-02;6.592102e-02;5.068113e-01;6.647106e-02;4.507517e-02;3.841123e-02;5.554723e-02;2.767640e-02;4.404986e-02;4.533013e-02;1.881264e-02;2.310685e-02
4.146868e-02;5.368122e-02;6.206878e-01;5.853346e-02;4.295620e-02;4.185748e-02;2.863974e-02;2.204475e-02;2.563107e-02;4.121722e-02;1.405953e-02;9.222764e-03
3.338599e-02;6.807695e-02;6.432848e-01;4.902877e-02;2.746119e-02;3.030105e-02;2.458489e-02;1.878841e-02;3.492912e-02;3.592068e-02;1.710002e-02;1.713814e-02
4.989709e-02;1.089820e-01;5.810923e-01;4.566867e-02;2.237064e-02;1.955950e-02;3.501185e-02;1.974338e-02;4.749076e-02;2.958844e-02;2.105182e-02;1.954350e-02
7.733008e-02;1.436251e-01;4.881124e-01;3.589191e-02;3.359044e-02;2.959162e-02;5.656981e-02;1.904059e-02;4.681793e-02;2.756657e-02;2.048191e-02;2.138174e-02
1.483472e-01;1.663244e-01;3.891092e-01;2.451072e-02;3.314344e-02;2.515877e-02;6.394076e-02;2.766094e-02;4.705430e-02;3.145210e-02;1.759093e-02;2.570711e-02
1.905243e-01;1.413851e-01;3.114572e-01;4.376468e-02;3.890498e-02;2.701776e-02;6.594608e-02;2.682109e-02;3.308622e-02;5.735864e-02;2.082128e-02;4.291280e-02
1.591453e-01;1.009855e-01;2.634804e-01;8.074201e-02;6.765236e-02;4.026645e-02;5.933427e-02;2.319053e-02;2.681378e-02;7.218673e-02;3.930638e-02;6.689627e-02
1.094192e-01;1.244506e-01;2.064386e-01;8.740052e-02;8.701719e-02;4.069917e-02;5.630908e-02;4.682758e-02;5.466998e-02;6.418870e-02;4.389224e-02;7.868712e-02
1.241040e-01;1.544252e-01;1.780683e-01;7.108261e-02;7.478930e-02;3.988328e-02;6.382970e-02;6.833191e-02;6.840497e-02;7.514977e-02;2.812761e-02;5.380335e-02
1.149781e-01;1.363553e-01;1.487193e-01;7.127621e-02;6.886473e-02;5.743386e-02;7.382038e-02;8.300093e-02;8.735739e-02;6.230181e-02;6.022835e-02;3.566358e-02
8.811179e-02;1.273450e-01;1.558136e-01;3.963822e-02;6.368563e-02;4.555409e-02;1.265716e-01;4.631091e-02;1.164290e-01;7.759379e-02;7.585773e-02;3.708867e-02
6.988382e-02;8.363096e-02;1.435786e-01;4.136274e-02;7.171285e-02;5.174248e-02;1.384809e-01;9.358219e-02;7.638890e-02;1.081384e-01;8.078511e-02;4.071311e-02
4.818953e-02;6.622275e-02;1.264974e-01;6.503693e-02;7.155262e-02;6.397872e-02;1.779633e-01;1.079548e-01;6.908801e-02;6.210256e-02;6.678081e-02;7.463259e-02
4.846819e-02;6.271893e-02;1.539440e-01;5.473765e-02;8.188567e-02;7.100265e-02;2.589642e-01;4.902365e-02;4.527031e-02;4.264395e-02;5.754526e-02;7.379546e-02
5.189804e-02;3.057098e-02;1.805515e-01;4.946458e-02;7.658871e-02;7.158928e-02;2.298043e-01;5.223960e-02;3.585232e-02;6.183691e-02;7.251801e-02;8.708569e-02
5.597589e-02;5.039790e-02;2.224932e-01;5.073049e-02;6.063486e-02;5.618759e-02;1.380370e-01;5.207441e-02;4.566528e-02;1.023744e-01;8.972874e-02;7.570029e-02
5.401804e-02;7.868972e-02;2.726933e-01;3.789088e-02;3.693060e-02;3.490346e-02;5.337004e-02;3.517849e-02;1.391996e-01;1.415017e-01;7.203246e-02;4.359166e-02
5.810647e-02;1.171191e-01;2.643328e-01;1.834492e-02;1.800861e-02;2.696395e-02;2.049910e-02;4.077965e-02;2.553107e-01;1.269599e-01;3.040189e-02;2.317293e-02
7.977420e-02;1.248905e-01;2.323325e-01;1.085920e-02;2.002330e-02;2.864304e-02;3.829254e-02;7.011646e-02;2.711273e-01;5.468543e-02;4.019099e-02;2.906451e-02
1.042526e-01;8.398210e-02;2.679264e-01;1.750254e-02;3.222474e-02;3.685421e-02;1.007708e-01;9.166253e-02;1.446417e-01;3.912622e-02;4.491303e-02;3.614321e-02
8.948681e-02;6.638615e-02;2.819723e-01;2.212868e-02;4.325185e-02;4.352516e-02;1.267887e-01;7.068879e-02;9.977726e-02;5.156477e-02;7.031929e-02;3.411023e-02
6.703211e-02;4.472427e-02;2.024074e-01;2.044496e-02;4.818808e-02;4.708232e-02;8.603144e-02;5.887897e-02;2.375776e-01;8.146092e-02;7.536273e-02;3.080916e-02
7.769541e-02;3.311990e-02;1.413955e-01;2.812234e-02;5.885759e-02;6.449655e-02;1.180496e-01;4.812696e-02;2.339539e-01;6.511772e-02;6.432766e-02;6.673690e-02
7.112466e-02;5.808930e-02;1.777218e-01;3.778636e-02;6.565370e-02;6.667096e-02;1.178974e-01;2.257748e-02;1.515808e-01;7.927911e-02;8.759333e-02;6.402510e-02
4.721734e-02;8.537742e-02;2.330444e-01;5.532704e-02;5.484055e-02;3.920513e-02;1.219504e-01;2.422350e-02;1.410563e-01;6.244227e-02;1.097616e-01;2.555403e-02
5.587429e-02;9.459628e-02;1.551779e-01;5.707133e-02;5.032316e-02;4.452850e-02;1.528561e-01;3.607152e-02;1.671457e-01;5.545770e-02;9.005946e-02;4.083803e-02
1.068899e-01;7.938935e-02;1.383167e-01;3.589914e-02;7.111518e-02;7.171601e-02;1.168804e-01;4.743494e-02;1.176057e-01;9.797595e-02;4.309104e-02;7.368572e-02
1.118679e-01;7.235181e-02;1.351263e-01;3.643826e-02;5.997064e-02;7.237113e-02;1.211735e-01;5.908968e-02;6.856189e-02;1.045823e-01;7.805470e-02;8.041186e-02
1.132070e-01;8.516574e-02;1.258622e-01;3.303967e-02;5.681072e-02;7.370520e-02;1.124271e-01;5.928970e-02;7.018599e-02;1.015207e-01;9.797002e-02;7.081594e-02
9.388229e-02;6.176997e-02;2.678621e-01;3.632721e-02;6.355299e-02;6.021051e-02;7.221724e-02;6.651511e-02;8.057822e-02;7.926622e-02;9.002513e-02;2.779303e-02
6.033081e-02;6.901560e-02;4.196640e-01;3.568192e-02;5.519304e-02;2.592291e-02;7.407367e-02;3.614604e-02;9.987541e-02;4.005269e-02;5.240532e-02;3.163867e-02
1.052921e-01;8.289207e-02;3.651232e-01;2.767972e-02;3.966387e-02;2.159442e-02;6.521906e-02;3.997229e-02;1.243353e-01;5.322253e-02;4.273147e-02;3.227402e-02
1.827103e-01;8.682784e-02;2.457676e-01;2.435100e-02;2.861645e-02;1.974851e-02;7.275814e-02;9.375567e-02;1.272460e-01;4.917931e-02;3.033839e-02;3.870083e-02
2.282787e-01;7.339498e-02;1.546750e-01;2.290285e-02;3.021861e-02;2.207655e-02;1.105779e-01;1.393206e-01;1.028937e-01;4.399239e-02;3.680746e-02;3.486131e-02
2.077413e-01;5.707849e-02;1.520996e-01;2.647993e-02;3.992288e-02;3.339411e-02;1.323353e-01;1.417915e-01;9.542497e-02;3.819056e-02;4.505060e-02;3.049082e-02
1.378202e-01;2.183359e-02;2.276285e-01;3.894017e-02;5.411479e-02;4.165521e-02;1.377461e-01;1.174420e-01;9.933233e-02;4.346574e-02;4.770713e-02;3.231418e-02
1.063299e-01;8.717559e-02;2.483929e-01;3.787674e-02;4.696280e-02;5.067067e-02;1.124600e-01;7.605407e-02;1.067074e-01;4.121778e-02;3.751109e-02;4.864118e-02
1.088825e-01;1.285171e-01;2.487834e-01;2.950080e-02;3.640612e-02;4.680477e-02;6.647249e-02;5.893358e-02;1.379967e-01;3.773968e-02;3.706278e-02;6.290007e-02
8.151358e-02;1.705581e-01;2.516249e-01;2.500246e-02;1.989611e-02;4.713926e-02;4.262474e-02;4.274732e-02;1.825408e-01;2.488246e-02;3.139913e-02;8.007110e-02
8.057994e-02;2.029314e-01;2.419589e-01;2.517852e-02;9.279837e-03;4.779819e-02;2.703640e-02;3.720693e-02;2.095501e-01;1.654232e-02;2.565739e-02;7.628012e-02
1.316452e-01;2.234038e-01;2.448257e-01;2.658143e-02;1.240285e-02;3.690174e-02;1.701012e-02;4.522677e-02;1.695583e-01;1.528535e-02;1.914132e-02;5.801750e-02
1.688676e-01;1.664360e-01;3.100620e-01;2.638500e-02;2.182723e-02;3.253569e-02;1.707048e-02;5.720104e-02;7.647979e-02;3.925266e-02;3.221025e-02;5.167219e-02
1.765337e-01;1.090388e-01;3.236288e-01;2.847654e-02;2.804439e-02;3.077379e-02;3.095644e-02;7.019307e-02;3.762004e-02;4.906902e-02;4.396092e-02;7.170454e-02
1.484639e-01;8.916468e-02;2.048925e-01;2.570741e-02;3.469659e-02;3.619219e-02;9.105726e-02;8.218490e-02;6.975220e-02;5.448701e-02;6.011964e-02;1.032817e-01
8.127236e-02;6.566648e-02;1.122452e-01;3.477940e-02;4.202954e-02;5.403285e-02;1.299217e-01;9.284306e-02;8.041971e-02;1.034159e-01;9.085359e-02;1.125202e-01
1.051237e-01;9.133325e-02;9.385242e-02;5.224398e-02;4.443048e-02;5.634491e-02;1.021774e-01;9.259493e-02;8.051449e-02;1.287235e-01;6.872550e-02;8.393540e-02
1.632380e-01;1.254927e-01;1.476619e-01;4.968585e-02;3.523840e-02;5.911036e-02;6.866152e-02;6.135156e-02;7.305321e-02;9.850062e-02;4.925580e-02;6.875008e-02
1.155671e-01;1.248190e-01;1.631898e-01;7.268867e-02;4.430637e-02;7.924636e-02;9.498012e-02;4.597427e-02;7.004981e-02;6.008223e-02;5.228266e-02;7.681354e-02
9.169066e-02;1.325503e-01;1.100092e-01;8.384667e-02;6.116292e-02;1.026930e-01;9.494124e-02;4.368034e-02;6.167550e-02;6.896248e-02;6.543946e-02;8.334828e-02
8.669166e-02;1.500943e-01;8.528256e-02;6.163444e-02;8.506692e-02;7.878432e-02;8.027060e-02;7.413093e-02;5.911050e-02;6.854440e-02;8.151774e-02;8.887163e-02
4.679590e-02;1.616805e-01;1.861997e-01;3.862695e-02;1.098270e-01;6.612857e-02;4.317859e-02;9.059499e-02;4.584841e-02;6.105565e-02;8.523532e-02;6.482836e-02
4.593678e-02;1.317049e-01;2.596701e-01;5.596771e-02;1.028240e-01;7.357837e-02;4.229311e-02;8.650320e-02;5.221830e-02;3.400387e-02;6.077969e-02;5.451991e-02
4.267308e-02;7.546643e-02;1.969981e-01;1.032067e-01;7.220788e-02;7.020382e-02;7.449307e-02;7.685894e-02;9.933059e-02;5.853739e-02;7.286960e-02;5.715439e-02
5.456385e-02;6.709582e-02;2.030417e-01;1.003772e-01;6.969605e-02;6.416157e-02;8.462845e-02;5.823347e-02;9.141648e-02;7.954103e-02;6.452768e-02;6.271660e-02
6.752528e-02;5.401250e-02;2.170143e-01;9.025063e-02;8.886958e-02;6.586432e-02;1.080095e-01;5.096531e-02;5.093572e-02;9.171293e-02;3.617141e-02;7.866857e-02
6.485168e-02;5.926389e-02;1.171883e-01;6.574921e-02;1.068193e-01;9.238592e-02;1.481960e-01;7.727125e-02;5.554371e-02;9.327203e-02;3.868146e-02;8.077736e-02
7.346454e-02;9.225488e-02;1.024655e-01;6.683930e-02;7.718050e-02;7.202442e-02;1.601420e-01;5.785555e-02;6.850569e-02;5.808466e-02;7.738999e-02;9.379293e-02
8.538258e-02;1.240227e-01;1.217051e-01;6.433730e-02;8.293395e-02;5.742451e-02;1.352610e-01;4.259178e-02;7.126085e-02;6.366284e-02;8.914388e-02;6.227359e-02
1.188715e-01;1.267670e-01;9.583049e-02;4.283631e-02;7.024533e-02;7.624513e-02;1.082834e-01;6.168284e-02;7.811742e-02;9.369356e-02;1.032411e-01;2.418601e-02
1.225952e-01;1.235740e-01;6.014735e-02;3.827134e-02;7.030767e-02;6.870880e-02;1.215270e-01;5.220948e-02;8.267041e-02;1.030364e-01;1.011604e-01;5.579197e-02
1.055656e-01;1.052332e-01;9.871782e-02;6.244423e-02;7.292537e-02;6.543717e-02;1.034143e-01;4.849942e-02;7.884319e-02;1.073535e-01;7.186155e-02;7.970463e-02
1.030677e-01;4.785771e-02;1.134815e-01;6.873087e-02;1.261301e-01;8.582718e-02;1.109801e-01;6.392879e-02;8.005183e-02;1.103352e-01;2.951798e-02;6.009114e-02
5.791094e-02;3.564855e-02;3.779167e-02;4.184661e-02;7.192887e-02;5.457408e-02;4.029388e-01;8.392523e-02;6.023990e-02;8.060234e-02;4.648666e-02;2.610632e-02
4.547052e-02;2.061084e-02;3.301239e-02;1.593265e-02;3.664963e-02;4.499418e-02;5.403717e-01;9.090725e-02;6.077630e-02;5.710405e-02;3.399090e-02;2.017950e-02
2.824350e-02;1.551788e-02;1.570648e-02;6.397370e-03;2.810031e-02;4.567486e-02;6.449471e-01;9.282009e-02;4.941751e-02;3.989520e-02;2.104230e-02;1.223739e-02
1.261980e-02;1.620392e-02;8.077171e-03;3.524927e-03;2.377739e-02;4.552938e-02;7.589617e-01;7.025286e-02;2.861569e-02;1.397098e-02;1.339627e-02;5.069962e-03
7.385616e-03;1.788938e-02;7.307511e-03;3.098292e-03;2.032498e-02;4.575992e-02;8.300241e-01;3.541191e-02;1.246324e-02;7.664275e-03;9.848094e-03;2.822668e-03
7.442437e-03;1.782313e-02;6.314826e-03;4.126035e-03;2.098355e-02;4.855169e-02;8.198099e-01;4.183524e-02;1.206004e-02;6.568855e-03;1.231023e-02;2.174046e-03
5.829383e-03;1.268142e-02;9.182882e-03;3.960786e-03;1.983095e-02;4.001816e-02;8.032103e-01;6.819614e-02;1.486837e-02;7.360858e-03;1.165183e-02;3.208892e-03
5.738748e-03;6.605545e-03;1.383719e-02;3.310887e-03;1.685494e-02;2.841400e-02;7.791478e-01;1.095623e-01;2.045346e-02;6.169200e-03;7.484256e-03;2.421614e-03
9.803806e-03;5.614000e-03;1.764034e-02;2.254497e-03;1.134701e-02;2.414715e-02;6.960087e-01;1.725264e-01;3.935451e-02;1.273495e-02;5.590932e-03;2.977705e-03
9.990828e-03;9.429417e-03;1.767525e-02;5.143084e-03;8.456348e-03;1.906362e-02;5.671889e-01;2.488333e-01;7.207271e-02;3.155166e-02;7.629987e-03;2.964839e-03
8.410811e-03;9.615860e-03;1.977567e-02;6.042941e-03;1.321116e-02;1.431781e-02;4.134426e-01;2.505113e-01;1.691114e-01;7.943363e-02;8.474447e-03;7.652330e-03
1.085122e-02;8.916522e-03;2.155126e-02;1.130080e-02;9.611672e-03;1.352131e-02;3.572034e-01;1.594869e-01;2.652504e-01;1.186241e-01;1.672128e-02;6.961100e-03
1.708389e-02;1.096981e-02;1.238792e-02;2.203850e-02;8.511744e-03;1.308066e-02;2.928185e-01;1.044997e-01;3.106108e-01;1.757762e-01;2.172575e-02;1.049643e-02
2.666663e-02;7.315901e-03;1.288176e-02;2.727789e-02;1.287385e-02;1.952341e-02;1.738807e-01;9.089561e-02;2.893468e-01;2.834777e-01;4.809823e-02;7.761594e-03
8.132001e-03;1.924921e-02;1.744578e-02;2.687705e-02;3.611064e-02;2.919048e-02;1.458899e-01;5.861417e-02;1.718885e-01;3.991181e-01;7.566158e-02;1.182259e-02
1.739247e-02;4.039946e-02;2.273022e-02;2.598164e-02;7.872827e-02;2.232731e-02;9.462610e-02;3.146015e-02;8.626468e-02;4.566919e-01;1.110543e-01;1.234351e-02
7.389458e-02;6.353495e-02;3.711778e-02;2.250756e-02;9.147771e-02;2.207813e-02;5.455023e-02;2.782606e-02;5.599322e-02;3.949620e-01;1.333732e-01;2.268461e-02
1.249778e-01;8.613065e-02;5.678326e-02;1.473482e-02;6.641050e-02;2.543750e-02;9.382959e-02;3.868644e-02;9.492510e-02;2.750725e-01;8.532608e-02;3.768587e-02
1.449540e-01;8.722656e-02;5.721026e-02;1.208324e-02;4.678129e-02;2.192065e-02;1.005199e-01;5.064578e-02;1.091528e-01;2.539269e-01;7.271218e-02;4.286637e-02
1.063395e-01;4.156221e-02;3.238434e-02;1.017066e-02;3.553529e-02;1.408892e-02;3.776100e-02;3.701771e-02;8.466967e-02;4.281915e-01;1.547945e-01;1.748469e-02
5.139513e-02;1.507045e-02;2.936732e-02;1.328786e-02;4.271402e-02;1.855719e-02;8.149806e-02;3.799411e-02;1.004995e-01;4.474673e-01;1.436226e-01;1.852654e-02
4.354227e-02;1.889488e-02;5.017200e-02;1.946888e-02;2.291195e-02;1.576069e-02;1.083326e-01;5.986229e-02;1.413717e-01;4.150665e-01;8.747250e-02;1.714373e-02
2.540718e-02;4.018615e-02;5.398388e-02;1.634181e-02;2.440892e-02;1.513129e-02;7.543893e-02;5.811887e-02;1.595341e-01;4.184200e-01;8.825596e-02;2.477293e-02
2.268016e-02;3.615738e-02;3.207514e-02;1.339646e-02;4.203201e-02;1.564359e-02;3.780330e-02;4.789017e-02;1.125333e-01;4.727693e-01;1.418777e-01;2.514148e-02
5.138078e-02;3.532207e-02;3.611667e-02;8.493673e-03;5.271195e-02;1.168424e-02;2.228992e-02;3.300322e-02;6.608924e-02;4.496959e-01;2.057041e-01;2.750822e-02
3.335812e-02;2.902615e-02;4.673517e-02;1.170760e-02;4.482212e-02;1.246944e-02;4.145074e-02;2.592981e-02;2.907567e-02;4.376431e-01;2.559696e-01;3.181255e-02
5.750123e-02;5.128857e-02;4.477338e-02;2.137189e-02;4.539192e-02;1.613526e-02;5.372944e-02;3.559208e-02;4.337835e-02;3.723359e-01;2.281218e-01;3.038022e-02
1.163369e-01;8.038188e-02;7.904226e-02;2.860230e-02;5.638090e-02;3.018370e-02;6.978100e-02;3.030208e-02;6.279156e-02;2.085199e-01;1.814983e-01;5.617917e-02
1.132723e-01;7.094332e-02;7.416534e-02;2.307165e-02;6.137119e-02;3.625464e-02;6.877561e-02;1.782024e-02;4.577579e-02;2.553867e-01;1.681967e-01;6.496643e-02
6.983695e-02;3.927566e-02;4.329987e-02;1.468784e-02;6.357693e-02;2.860124e-02;4.326059e-02;1.523936e-02;5.410837e-02;4.476536e-01;1.370200e-01;4.343963e-02
2.851058e-02;1.839179e-02;1.804626e-02;6.780802e-03;5.656126e-02;1.464802e-02;2.851395e-02;1.688466e-02;1.078347e-01;6.203237e-01;6.290583e-02;2.059846e-02
1.506016e-02;1.195191e-02;1.380257e-02;6.879834e-03;4.652883e-02;1.396732e-02;2.909529e-02;2.944777e-02;1.691719e-01;6.135259e-01;3.857655e-02;1.199206e-02
2.497348e-02;1.280467e-02;2.033648e-02;8.360553e-03;4.417113e-02;2.250979e-02;3.795362e-02;2.940498e-02;1.984934e-01;5.154782e-01;6.447508e-02;2.103861e-02
3.117045e-02;1.501290e-02;1.917660e-02;1.803302e-02;3.510462e-02;1.951039e-02;2.867010e-02;3.141188e-02;3.937834e-01;3.289380e-01;6.221434e-02;1.697432e-02
2.507040e-02;1.462060e-02;2.158272e-02;3.515577e-02;1.581870e-02;1.193557e-02;4.897286e-02;3.191158e-02;5.849234e-01;1.560580e-01;3.601648e-02;1.793399e-02
3.087992e-02;9.883405e-03;1.962318e-02;4.249966e-02;1.008431e-02;6.808856e-03;3.991472e-02;2.970324e-02;6.628736e-01;9.654330e-02;3.486821e-02;1.631751e-02
6.542588e-02;1.066234e-02;1.237271e-02;4.643769e-02;6.512000e-03;7.619026e-03;3.298803e-02;3.385039e-02;6.869351e-01;4.999586e-02;2.573188e-02;2.146918e-02
9.819967e-02;9.360164e-03;1.032213e-02;4.009942e-02;8.492962e-03;8.176341e-03;3.261820e-02;8.842164e-02;6.135370e-01;4.534621e-02;2.507314e-02;2.035324e-02
1.007693e-01;1.064836e-02;1.017674e-02;2.652688e-02;8.746055e-03;1.106261e-02;5.296520e-02;1.712672e-01;5.352210e-01;3.820717e-02;2.028681e-02;1.412262e-02
4.904991e-02;1.112844e-02;1.594771e-02;1.324524e-02;1.382173e-02;1.138647e-02;7.126375e-02;2.376455e-01;5.171314e-01;3.021868e-02;2.127813e-02;7.883055e-03
1.783000e-02;1.391678e-02;2.095735e-02;2.271842e-02;1.742141e-02;1.304085e-02;8.439826e-02;2.688386e-01;4.815165e-01;2.357574e-02;1.734508e-02;1.844109e-02
1.289192e-02;1.621517e-02;1.847772e-02;3.495977e-02;2.268050e-02;2.270800e-02;1.203957e-01;2.911487e-01;3.827686e-01;4.206707e-02;1.796534e-02;1.772149e-02
1.443788e-02;1.469496e-02;1.882313e-02;2.640272e-02;3.153693e-02;6.763852e-02;2.452260e-01;3.137530e-01;2.060836e-01;3.977327e-02;9.202673e-03;1.242728e-02
1.319061e-02;1.085465e-02;2.458173e-02;1.994422e-02;1.646138e-02;1.016515e-01;3.816974e-01;3.028600e-01;8.044956e-02;3.102464e-02;6.934843e-03;1.034958e-02
6.534213e-03;8.730565e-03;2.372580e-02;1.300822e-02;7.998750e-03;7.490375e-02;4.824927e-01;2.735067e-01;5.621988e-02;3.840123e-02;5.749379e-03;8.728825e-03
5.866519e-03;3.872527e-03;1.437008e-02;5.566002e-03;1.054343e-02;3.806927e-02;6.060640e-01;2.425310e-01;3.382554e-02;2.814633e-02;4.159494e-03;6.985766e-03
4.664104e-03;7.212928e-03;1.327773e-02;6.089051e-03;1.232800e-02;3.361641e-02;6.994843e-01;1.610739e-01;4.648727e-02;7.636218e-03;3.624737e-03;4.505347e-03
6.887962e-03;6.381440e-03;1.036688e-02;7.199503e-03;1.948463e-02;4.062751e-02;7.745308e-01;8.004935e-02;3.804622e-02;5.450912e-03;7.836041e-03;3.138744e-03
6.691700e-03;1.094178e-02;8.393992e-03;5.068950e-03;3.289004e-02;6.741837e-02;7.837665e-01;4.039067e-02;2.828758e-02;8.368571e-03;4.803606e-03;2.978174e-03
8.482408e-03;8.502480e-03;1.430268e-02;3.502865e-03;5.187367e-02;1.001052e-01;7.280920e-01;3.854228e-02;3.004768e-02;7.675886e-03;4.325323e-03;4.547585e-03
1.486856e-02;7.545739e-03;1.388137e-02;3.667849e-03;7.332257e-02;1.288076e-01;6.745059e-01;2.882682e-02;3.385590e-02;8.270656e-03;7.821171e-03;4.625953e-03
1.691613e-02;4.608969e-03;2.499194e-02;7.797104e-03;8.668759e-02;1.394509e-01;6.418489e-01;1.967674e-02;3.613397e-02;9.946537e-03;7.495134e-03;4.446020e-03
1.395633e-02;6.287300e-03;1.892928e-02;8.442243e-03;9.972079e-02;1.464615e-01;6.070530e-01;2.960344e-02;4.278844e-02;1.693780e-02;5.614452e-03;4.205377e-03
1.618430e-02;1.005564e-02;1.519706e-02;1.029737e-02;1.150483e-01;1.595967e-01;5.628670e-01;3.113476e-02;4.650234e-02;1.562534e-02;6.827875e-03;1.066333e-02
1.237512e-02;1.728189e-02;3.870629e-02;1.231527e-02;1.287462e-01;1.679732e-01;5.079598e-01;2.901969e-02;4.796006e-02;1.759386e-02;7.087501e-03;1.298113e-02
1.575851e-02;1.908378e-02;4.292865e-02;9.711092e-03;1.390775e-01;1.660188e-01;5.073612e-01;2.396800e-02;5.043856e-02;1.055958e-02;7.747600e-03;7.346783e-03
2.611156e-02;1.312527e-02;3.695098e-02;1.027635e-02;1.396878e-01;1.629006e-01;4.965312e-01;3.562056e-02;4.877269e-02;1.531517e-02;8.823723e-03;5.884079e-03
2.979516e-02;1.402937e-02;5.174535e-02;2.219834e-02;1.467955e-01;1.782937e-01;4.360853e-01;4.095379e-02;4.339957e-02;1.658891e-02;8.727475e-03;1.138758e-02
4.318787e-02;1.737849e-02;3.324740e-02;1.567930e-02;1.239005e-01;1.591519e-01;5.023698e-01;5.080004e-02;2.289738e-02;1.114615e-02;6.840935e-03;1.340022e-02
2.956431e-02;1.174981e-02;2.927972e-02;8.628066e-03;7.929020e-02;1.189918e-01;6.443621e-01;3.821360e-02;1.488925e-02;1.367768e-02;4.653396e-03;6.700115e-03
1.363893e-02;8.001777e-03;1.212188e-02;6.320615e-03;5.068672e-02;9.504165e-02;7.475997e-01;3.115333e-02;1.302008e-02;1.194100e-02;5.627539e-03;4.846729e-03
6.991415e-03;6.281006e-03;1.745268e-02;3.892846e-03;4.654984e-02;8.591723e-02;7.783518e-01;2.485517e-02;1.415905e-02;8.309746e-03;3.574856e-03;3.664324e-03
2.839699e-03;8.290186e-03;8.761836e-03;4.899217e-03;6.375317e-02;1.040543e-01;7.657413e-01;1.945674e-02;1.173891e-02;5.987337e-03;2.709543e-03;1.767787e-03
7.305150e-03;6.096913e-03;1.241912e-02;6.811587e-03;9.365528e-02;1.368770e-01;7.017882e-01;1.423817e-02;6.826890e-03;8.741994e-03;3.377310e-03;1.862383e-03
8.983215e-03;4.381995e-03;1.869616e-02;8.237794e-03;1.303468e-01;1.737609e-01;6.226913e-01;1.171304e-02;4.335419e-03;7.481605e-03;5.218190e-03;4.153586e-03
1.313067e-02;2.100164e-03;3.081151e-02;1.041121e-02;1.542386e-01;1.967908e-01;5.598724e-01;1.170006e-02;3.896065e-03;7.053568e-03;6.210431e-03;3.784554e-03
1.208307e-02;5.498475e-03;2.420448e-02;8.409572e-03;1.502992e-01;2.049270e-01;5.590665e-01;9.781607e-03;5.727021e-03;1.145650e-02;4.724997e-03;3.821575e-03
1.703862e-02;6.684297e-03;1.479685e-02;6.083050e-03;1.417357e-01;2.270855e-01;5.358521e-01;1.711455e-02;1.032616e-02;9.912684e-03;6.324149e-03;7.046180e-03
2.899951e-02;5.931529e-03;3.474991e-02;9.652355e-03;1.484429e-01;2.895127e-01;4.194062e-01;2.354808e-02;1.735168e-02;5.943555e-03;9.369436e-03;7.092121e-03
2.685872e-02;5.015038e-03;3.824668e-02;1.680776e-02;1.299635e-01;3.117172e-01;3.828511e-01;4.355273e-02;1.627067e-02;7.480680e-03;5.449569e-03;1.578633e-02
3.843766e-02;5.700992e-03;4.421668e-02;1.246595e-02;1.061138e-01;2.732615e-01;3.848642e-01;8.305192e-02;2.035884e-02;9.909896e-03;6.041907e-03;1.557661e-02
6.508224e-02;1.137150e-02;7.126939e-02;1.525270e-02;1.258998e-01;2.141461e-01;3.053381e-01;8.981607e-02;3.260304e-02;1.917719e-02;1.553397e-02;3.450988e-02
1.123659e-01;5.625908e-02;1.022571e-01;1.835694e-02;1.562301e-01;1.435248e-01;2.073133e-01;5.346866e-02;3.258157e-02;3.291876e-02;2.281540e-02;6.190854e-02
1.398985e-01;8.453134e-02;1.390791e-01;2.426138e-02;1.691554e-01;1.246282e-01;1.528351e-01;2.224938e-02;3.442751e-02;2.951814e-02;2.417183e-02;5.524419e-02
1.092314e-01;5.537622e-02;1.691403e-01;2.877448e-02;1.682541e-01;1.007896e-01;1.376982e-01;2.512851e-02;3.283122e-02;1.519462e-02;2.715731e-02;1.304239e-01
8.047991e-02;2.945860e-02;1.738663e-01;3.244368e-02;1.765856e-01;9.460250e-02;1.234248e-01;2.161267e-02;3.917667e-02;1.734866e-02;2.013919e-02;1.908614e-01
6.536098e-02;2.392570e-02;1.466483e-01;2.303807e-02;2.085264e-01;1.113742e-01;1.234215e-01;1.364170e-02;6.026025e-02;1.904893e-02;3.298255e-02;1.717714e-01
1.061454e-01;2.576520e-02;1.085739e-01;2.368479e-02;2.090810e-01;1.446377e-01;1.395735e-01;3.077997e-02;4.724838e-02;2.206731e-02;3.566450e-02;1.067782e-01
1.678483e-01;3.654762e-02;8.014272e-02;3.068286e-02;1.663576e-01;2.182375e-01;1.441615e-01;2.135591e-02;2.702593e-02;3.929910e-02;2.554430e-02;4.279666e-02
2.173283e-01;3.771318e-02;4.955859e-02;2.286406e-02;1.225029e-01;2.686431e-01;1.454588e-01;1.310243e-02;1.971913e-02;4.001278e-02;2.126628e-02;4.183047e-02
2.500666e-01;3.606514e-02;3.466846e-02;1.719548e-02;1.169671e-01;2.521357e-01;1.148583e-01;1.993196e-02;3.622792e-02;3.192151e-02;1.361078e-02;7.635100e-02
3.391168e-01;3.586436e-02;3.095363e-02;1.201310e-02;9.371977e-02;2.057788e-01;1.032903e-01;2.613387e-02;4.458408e-02;4.822658e-02;1.635254e-02;4.396613e-02
4.077785e-01;2.984722e-02;3.050337e-02;1.173242e-02;6.887335e-02;1.868160e-01;1.186564e-01;2.057602e-02;2.219201e-02;5.391763e-02;1.112203e-02;3.798507e-02
3.739955e-01;1.925497e-02;2.563125e-02;1.610968e-02;4.941735e-02;1.737016e-01;1.996705e-01;1.306932e-02;1.574678e-02;6.566980e-02;1.213578e-02;3.559757e-02
2.425157e-01;5.672517e-02;2.464508e-02;1.974405e-02;3.910629e-02;1.548325e-01;3.300470e-01;1.334568e-02;1.782811e-02;5.707590e-02;2.048962e-02;2.364494e-02
1.114345e-01;1.014354e-01;1.797851e-02;1.805174e-02;3.379463e-02;1.076512e-01;4.690499e-01;2.553684e-02;2.541602e-02;2.711846e-02;4.121120e-02;2.132152e-02
3.730817e-02;1.020170e-01;2.596494e-02;9.748087e-03;2.754188e-02;5.954799e-02;5.665533e-01;5.045848e-02;3.123585e-02;2.316065e-02;4.269149e-02;2.377222e-02
8.147447e-03;6.565282e-02;3.040425e-02;9.742756e-03;3.189293e-02;7.060651e-02;6.068050e-01;6.844365e-02;3.394427e-02;2.312437e-02;3.228647e-02;1.894952e-02
3.067945e-02;3.619288e-02;2.780462e-02;1.135763e-02;3.600537e-02;7.355316e-02;6.402785e-01;6.290475e-02;2.465097e-02;1.818917e-02;2.562459e-02;1.275892e-02
3.992053e-02;3.015615e-02;2.571306e-02;9.197170e-03;2.046954e-02;4.915071e-02;6.973850e-01;5.568515e-02;1.979489e-02;2.209302e-02;1.627915e-02;1.415567e-02
3.099783e-02;1.796030e-02;1.316890e-02;4.919650e-03;1.683461e-02;4.554487e-02;7.742495e-01;4.749110e-02;1.478257e-02;1.470159e-02;1.116719e-02;8.181850e-03
1.676941e-02;9.594301e-03;1.022688e-02;3.819475e-03;3.139492e-02;5.743433e-02;8.087814e-01;3.150113e-02;1.289891e-02;4.584500e-03;9.644849e-03;3.349864e-03
9.417542e-03;6.864706e-03;4.125851e-03;4.877874e-03;4.184413e-02;7.236920e-02;8.082504e-01;2.560997e-02;9.715718e-03;4.760462e-03;7.899739e-03;4.264384e-03
6.840921e-03;5.399104e-03;9.092855e-03;4.552650e-03;5.192586e-02;8.993360e-02;7.937911e-01;1.824890e-02;7.179763e-03;3.743679e-03;5.807648e-03;3.483942e-03
7.159283e-03;9.358992e-03;1.146062e-02;6.040694e-03;6.554728e-02;1.015311e-01;7.665209e-01;1.335644e-02;6.527221e-03;4.991955e-03;4.886954e-03;2.618581e-03
8.177929e-03;7.531271e-03;1.461485e-02;8.950092e-03;7.680041e-02;1.047635e-01;7.152628e-01;2.160281e-02;1.339250e-02;1.320821e-02;1.112563e-02;4.569978e-03
2.084903e-02;2.023124e-02;4.771385e-02;1.403145e-02;6.969525e-02;8.793888e-02;5.863289e-01;4.504900e-02;3.750824e-02;3.280981e-02;2.719720e-02;1.064723e-02
2.899100e-02;3.007788e-02;6.372037e-02;2.173926e-02;4.609394e-02;7.855939e-02;5.013657e-01;6.448944e-02;6.012398e-02;4.250653e-02;4.174410e-02;2.058841e-02
2.730635e-02;2.014448e-02;5.245468e-02;2.060879e-02;3.717055e-02;7.168888e-02;5.836438e-01;5.665649e-02;4.995882e-02;3.794245e-02;2.558395e-02;1.684078e-02
1.721045e-02;1.728269e-02;2.423213e-02;1.922127e-02;3.797548e-02;5.931244e-02;7.288051e-01;4.148964e-02;2.351689e-02;1.587076e-02;8.189063e-03;6.894152e-03
1.877044e-02;1.813726e-02;2.366631e-02;1.357811e-02;3.229118e-02;5.238925e-02;7.599626e-01;3.467469e-02;1.775014e-02;8.345264e-03;1.287295e-02;7.561767e-03
1.905714e-02;2.267789e-02;1.889358e-02;1.005756e-02;2.321727e-02;3.622255e-02;7.716796e-01;4.602014e-02;1.484901e-02;7.273082e-03;2.235942e-02;7.692758e-03
1.636727e-02;1.599575e-02;1.594529e-02;8.746448e-03;1.110869e-02;2.672224e-02;7.636289e-01;7.287119e-02;1.509973e-02;9.908081e-03;3.612179e-02;7.484639e-03
1.354857e-02;1.347246e-02;1.495990e-02;6.696802e-03;1.480779e-02;3.092656e-02;7.406306e-01;9.216656e-02;2.317562e-02;1.494725e-02;2.930840e-02;5.359433e-03
1.130206e-02;1.476252e-02;1.643804e-02;5.181466e-03;1.063303e-02;2.606406e-02;7.640102e-01;9.307162e-02;2.647334e-02;1.396719e-02;1.454158e-02;3.554885e-03
6.480531e-03;1.530334e-02;1.384136e-02;4.719662e-03;9.001208e-03;2.793198e-02;7.804613e-01;8.604957e-02;2.845088e-02;1.167064e-02;1.029254e-02;5.797033e-03
9.169034e-03;8.737170e-03;1.499436e-02;5.517877e-03;1.493150e-02;3.907550e-02;7.795464e-01;7.121064e-02;2.593804e-02;9.436468e-03;1.172022e-02;9.722820e-03
7.902192e-03;1.317627e-02;1.441672e-02;7.071692e-03;2.357308e-02;5.312322e-02;7.600559e-01;6.367620e-02;2.505727e-02;1.281979e-02;9.185112e-03;9.942582e-03
1.359926e-02;1.558776e-02;1.466029e-02;1.036814e-02;4.543142e-02;7.606022e-02;6.957542e-01;6.242313e-02;2.222659e-02;1.632174e-02;1.625514e-02;1.131209e-02
1.293953e-02;1.700574e-02;3.227613e-02;1.392613e-02;7.429856e-02;1.063271e-01;5.808955e-01;5.324427e-02;2.644961e-02;3.006917e-02;3.728659e-02;1.528162e-02
3.101956e-02;2.345746e-02;5.605723e-02;2.105562e-02;7.232218e-02;1.015434e-01;4.723313e-01;5.542542e-02;5.633435e-02;3.487891e-02;5.397921e-02;2.159537e-02
6.143497e-02;4.004283e-02;8.856610e-02;2.545091e-02;4.836076e-02;5.095303e-02;4.306619e-01;6.180719e-02;7.494613e-02;3.540206e-02;5.674313e-02;2.563109e-02
8.698005e-02;6.796270e-02;7.320739e-02;2.297685e-02;5.013780e-02;6.237766e-02;3.995174e-01;5.816603e-02;5.997713e-02;4.245966e-02;4.226853e-02;3.396883e-02
1.030483e-01;5.347467e-02;6.017516e-02;2.459630e-02;5.614687e-02;5.572087e-02;3.843696e-01;7.828960e-02;5.704978e-02;4.616954e-02;5.415350e-02;2.680579e-02
9.536322e-02;3.219184e-02;7.849530e-02;2.740654e-02;7.291725e-02;4.188535e-02;3.002200e-01;9.262054e-02;8.464082e-02;6.616560e-02;8.326607e-02;2.482740e-02
7.329903e-02;3.245739e-02;8.373479e-02;3.841274e-02;7.394350e-02;3.770996e-02;2.194721e-01;1.355901e-01;8.348697e-02;7.210462e-02;9.769560e-02;5.209325e-02
4.346908e-02;5.376335e-02;7.888702e-02;4.424980e-02;7.322112e-02;4.528426e-02;2.406315e-01;1.318520e-01;8.808683e-02;8.218275e-02;6.051437e-02;5.785788e-02
3.986033e-02;6.996459e-02;7.454298e-02;4.176238e-02;8.878254e-02;4.765115e-02;2.155043e-01;1.218181e-01;9.714896e-02;8.171190e-02;6.328221e-02;5.797054e-02
7.668792e-02;8.881461e-02;6.972053e-02;4.777546e-02;8.858003e-02;5.404897e-02;1.324133e-01;1.227861e-01;1.130181e-01;7.980375e-02;5.058239e-02;7.576887e-02
1.031736e-01;8.695807e-02;5.960795e-02;6.756578e-02;6.822042e-02;6.481861e-02;1.343646e-01;9.063306e-02;1.290065e-01;6.569843e-02;5.961262e-02;7.034028e-02
7.066803e-02;7.487558e-02;8.930206e-02;8.236489e-02;6.848167e-02;4.901773e-02;1.658882e-01;6.279174e-02;1.030346e-01;9.297475e-02;7.771312e-02;6.288756e-02
3.393759e-02;7.203948e-02;8.486515e-02;8.539628e-02;7.268398e-02;5.034387e-02;2.098854e-01;6.356012e-02;7.962556e-02;9.047848e-02;1.026355e-01;5.454855e-02
8.343837e-02;5.540043e-02;6.525108e-02;6.689139e-02;5.519751e-02;8.254594e-02;2.523451e-01;8.132791e-02;1.028403e-01;5.936735e-02;6.807896e-02;2.731574e-02
1.139512e-01;3.239499e-02;6.890372e-02;4.025766e-02;5.469205e-02;1.036237e-01;2.288090e-01;7.523015e-02;1.104332e-01;7.711785e-02;5.368225e-02;4.090420e-02
1.372437e-01;6.514696e-02;8.873154e-02;4.669650e-02;7.563455e-02;9.579734e-02;1.291929e-01;6.513976e-02;8.116089e-02;1.057564e-01;7.258853e-02;3.691095e-02
1.544567e-01;6.582203e-02;7.875594e-02;4.788963e-02;8.996316e-02;7.387900e-02;1.890348e-01;8.403691e-02;3.493702e-02;6.087619e-02;7.931125e-02;4.103734e-02
1.403288e-01;3.862969e-02;8.640559e-02;6.649540e-02;1.007570e-01;5.640101e-02;2.087605e-01;1.019479e-01;4.278915e-02;7.325466e-02;4.198655e-02;4.224375e-02
1.088323e-01;6.172070e-02;1.070053e-01;6.168196e-02;7.650787e-02;4.366829e-02;1.805331e-01;1.091584e-01;6.129282e-02;5.994007e-02;7.406633e-02;5.559281e-02
1.210776e-01;6.179370e-02;1.216551e-01;6.599721e-02;4.918270e-02;5.416303e-02;1.258505e-01;1.095567e-01;6.771688e-02;8.884308e-02;6.718405e-02;6.697948e-02
1.054286e-01;6.646177e-02;1.241993e-01;7.366958e-02;5.541276e-02;6.230514e-02;1.060931e-01;1.082081e-01;6.769961e-02;1.142065e-01;5.626499e-02;6.005060e-02
1.075507e-01;6.985479e-02;7.458510e-02;7.160252e-02;5.178822e-02;5.352779e-02;1.638388e-01;1.054735e-01;8.018796e-02;7.447271e-02;8.629683e-02;6.082109e-02
1.443859e-01;9.278531e-02;1.030503e-01;4.714835e-02;4.245862e-02;5.460570e-02;1.255334e-01;9.446793e-02;7.853307e-02;6.567841e-02;7.721724e-02;7.413578e-02
1.544259e-01;1.042302e-01;8.502666e-02;2.954160e-02;5.457877e-02;5.788716e-02;9.764104e-02;9.129371e-02;1.025369e-01;8.400787e-02;5.327811e-02;8.555213e-02
1.395810e-01;9.161664e-02;6.435002e-02;5.656175e-02;8.729716e-02;5.665436e-02;8.405285e-02;9.515028e-02;1.138483e-01;7.067351e-02;5.968202e-02;8.053202e-02
1.222297e-01;1.007177e-01;4.556334e-02;6.466591e-02;1.160780e-01;5.099630e-02;8.574551e-02;1.065490e-01;7.788801e-02;1.159817e-01;7.308650e-02;4.049841e-02
8.783516e-02;9.331756e-02;6.385610e-02;5.981686e-02;9.038845e-02;5.078258e-02;1.057801e-01;8.672650e-02;7.696179e-02;1.650634e-01;6.990830e-02;4.956312e-02
8.819860e-02;8.457522e-02;8.780801e-02;5.993130e-02;5.022741e-02;7.072258e-02;1.456146e-01;6.599902e-02;7.603525e-02;1.388421e-01;7.616812e-02;5.587772e-02
7.894659e-02;8.043714e-02;8.840453e-02;7.627816e-02;4.976982e-02;7.780074e-02;1.776589e-01;5.534834e-02;8.757377e-02;9.863630e-02;7.889599e-02;5.024970e-02
9.424724e-02;6.316219e-02;6.864844e-02;6.753718e-02;5.437351e-02;6.346927e-02;1.750616e-01;6.485147e-02;1.173899e-01;7.907761e-02;9.582307e-02;5.635862e-02
1.125169e-01;4.262618e-02;4.614896e-02;7.247080e-02;6.099192e-02;4.187590e-02;1.375105e-01;7.967512e-02;1.184481e-01;6.984831e-02;1.385932e-01;7.929422e-02
9.142308e-02;4.720189e-02;4.733838e-02;7.143449e-02;5.824864e-02;4.832804e-02;1.210740e-01;8.906090e-02;8.821619e-02;8.496012e-02;1.469757e-01;1.057387e-01
1.098663e-01;8.616722e-02;8.074877e-02;5.686066e-02;5.100837e-02;5.459661e-02;1.075260e-01;9.298472e-02;5.033490e-02;1.248980e-01;8.671098e-02;9.829751e-02
1.585783e-01;9.770644e-02;1.013238e-01;4.896067e-02;5.289697e-02;6.164068e-02;7.468959e-02;6.807034e-02;5.443907e-02;1.298491e-01;7.491270e-02;7.693230e-02
1.809065e-01;6.533878e-02;1.048978e-01;3.306743e-02;6.637111e-02;6.484827e-02;1.012735e-01;4.887436e-02;7.623851e-02;9.102566e-02;7.835521e-02;8.880294e-02
