5.429082e-02;7.142451e-02;1.022131e-01;7.495026e-02;4.431587e-02;1.338032e-01;1.020004e-01;7.218191e-02;1.100425e-01;1.120628e-01;6.538954e-02;5.732502e-02
5.993526e-02;7.967075e-02;1.052601e-01;9.641537e-02;6.313947e-02;9.568777e-02;6.970852e-02;7.152285e-02;1.031988e-01;1.347958e-01;6.246483e-02;5.820047e-02
8.257509e-02;8.576445e-02;1.309845e-01;8.887640e-02;8.374736e-02;6.444462e-02;1.191715e-01;5.246081e-02;8.124671e-02;1.163334e-01;3.624415e-02;5.815095e-02
5.869870e-02;6.632649e-02;1.389422e-01;7.277042e-02;7.106479e-02;7.785624e-02;1.371819e-01;6.892984e-02;1.136670e-01;9.271959e-02;6.080489e-02;4.103800e-02
4.395132e-02;7.864762e-02;1.263224e-01;5.323905e-02;8.243652e-02;9.420277e-02;1.130072e-01;8.571818e-02;1.033762e-01;1.021373e-01;8.358329e-02;3.337803e-02
5.077863e-02;8.533442e-02;1.152249e-01;9.292811e-02;6.237533e-02;7.874362e-02;1.043784e-01;8.474920e-02;1.000975e-01;1.233071e-01;4.730084e-02;5.478187e-02
5.146944e-02;8.029489e-02;9.389944e-02;8.004182e-02;6.236945e-02;7.003944e-02;9.290660e-02;8.285393e-02;1.133840e-01;1.699588e-01;4.784723e-02;5.493497e-02
7.297383e-02;7.014559e-02;9.508312e-02;9.222633e-02;4.297755e-02;9.904297e-02;7.647156e-02;6.440194e-02;1.297762e-01;1.756468e-01;3.898109e-02;4.227293e-02
8.928940e-02;7.125429e-02;1.280783e-01;8.206335e-02;4.287561e-02;8.916602e-02;1.242035e-01;5.480713e-02;9.127438e-02;1.242654e-01;5.949900e-02;4.322359e-02
4.085816e-02;9.671996e-02;1.187034e-01;7.375012e-02;5.579626e-02;8.589809e-02;1.304685e-01;5.930921e-02;6.736770e-02;9.374064e-02;1.118026e-01;6.558547e-02
1.351919e-01;1.112472e-01;1.736241e-01;8.532713e-02;6.818888e-02;6.313630e-02;1.064053e-01;4.070917e-02;5.716988e-02;3.923641e-02;7.160396e-02;4.815979e-02
1.492607e-01;1.057599e-01;2.072581e-01;9.318422e-02;7.063199e-02;5.224891e-02;9.209201e-02;4.721689e-02;3.765246e-02;4.298905e-02;4.850127e-02;5.320454e-02
2.081306e-01;9.456731e-02;1.730080e-01;9.254027e-02;4.325485e-02;4.554358e-02;1.069804e-01;4.069377e-02;3.473590e-02;7.069173e-02;4.367734e-02;4.617633e-02
1.836631e-01;1.305584e-01;1.147361e-01;7.930354e-02;7.847344e-02;7.337772e-02;1.337635e-01;2.767141e-02;3.285084e-02;6.049079e-02;4.843125e-02;3.667986e-02
1.679826e-01;1.222083e-01;1.425189e-01;6.176085e-02;9.047774e-02;8.829561e-02;1.552997e-01;2.217317e-02;2.156158e-02;5.286465e-02;3.632340e-02;3.853346e-02
1.438198e-01;8.198004e-02;1.881544e-01;5.600151e-02;1.076916e-01;9.267705e-02;1.704878e-01;3.035413e-02;2.544955e-02;4.527660e-02;2.397138e-02;3.413605e-02
1.348186e-01;3.270682e-02;2.947277e-01;7.003766e-02;9.361846e-02;7.157364e-02;1.152138e-01;3.289634e-02;2.796653e-02;4.544711e-02;3.684321e-02;4.415013e-02
1.364112e-01;8.801425e-02;4.030161e-01;5.522631e-02;5.293161e-02;4.037614e-02;5.371062e-02;1.963064e-02;2.722120e-02;5.375465e-02;3.516598e-02;3.454126e-02
1.319561e-01;1.584526e-01;4.409195e-01;3.857762e-02;1.831146e-02;1.838725e-02;3.999649e-02;2.308383e-02;2.996133e-02;5.736104e-02;2.494765e-02;1.804513e-02
1.739026e-01;1.831220e-01;3.359506e-01;3.683782e-02;3.415618e-02;2.030049e-02;2.534273e-02;4.149928e-02;3.812328e-02;5.525997e-02;2.898997e-02;2.651509e-02
2.196427e-01;9.527469e-02;2.241546e-01;3.711347e-02;5.095514e-02;3.928007e-02;6.061332e-02;5.574037e-02;4.985489e-02;6.228550e-02;5.684089e-02;4.824444e-02
2.109005e-01;7.090021e-02;2.266208e-01;4.469439e-02;4.797884e-02;5.308376e-02;5.777659e-02;5.213941e-02;4.309967e-02;6.365100e-02;6.833383e-02;6.082100e-02
1.973449e-01;7.541667e-02;1.606249e-01;4.066556e-02;5.765458e-02;5.136044e-02;6.984743e-02;5.230430e-02;3.015004e-02;1.164880e-01;8.578759e-02;6.235566e-02
1.156375e-01;5.849509e-02;1.762570e-01;5.090316e-02;6.699217e-02;3.733895e-02;6.542787e-02;8.675748e-02;5.327358e-02;1.316659e-01;1.113032e-01;4.594801e-02
9.537760e-02;6.141578e-02;2.458031e-01;6.195107e-02;4.838357e-02;4.276703e-02;7.338297e-02;7.615169e-02;6.409556e-02;1.158788e-01;8.085121e-02;3.394169e-02
8.574903e-02;9.871289e-02;3.988271e-01;5.294158e-02;5.213014e-02;3.212809e-02;6.853649e-02;4.231992e-02;4.735935e-02;5.719459e-02;3.682515e-02;2.727569e-02
5.370099e-02;7.640719e-02;5.554940e-01;6.706318e-02;4.336571e-02;1.987780e-02;3.572602e-02;3.304116e-02;3.205217e-02;3.923871e-02;2.180449e-02;2.222862e-02
2.643939e-02;5.139567e-02;6.450216e-01;9.110096e-02;4.327389e-02;1.551351e-02;3.033795e-02;2.225706e-02;1.668017e-02;3.310968e-02;1.403895e-02;1.083117e-02
2.830856e-02;6.467295e-02;6.603949e-01;9.560934e-02;4.048420e-02;1.457319e-02;1.943382e-02;1.418697e-02;8.360871e-03;3.163926e-02;1.185197e-02;1.048396e-02
7.861134e-02;1.158854e-01;5.780843e-01;6.771282e-02;3.333055e-02;1.543435e-02;1.984932e-02;1.175043e-02;1.652084e-02;3.528283e-02;1.220476e-02;1.533306e-02
1.388387e-01;1.661893e-01;4.740663e-01;3.493988e-02;2.453240e-02;1.606252e-02;1.966283e-02;1.709091e-02;2.924440e-02;3.886152e-02;1.555752e-02;2.495380e-02
1.777392e-01;1.676726e-01;3.491712e-01;3.607582e-02;2.986152e-02;2.671749e-02;3.629583e-02;2.895434e-02;4.615381e-02;3.321518e-02;2.160318e-02;4.653989e-02
8.797787e-02;1.150621e-01;4.974747e-01;5.265616e-02;3.662050e-02;1.620876e-02;1.798982e-02;3.222616e-02;4.059618e-02;2.371854e-02;2.063732e-02;5.883190e-02
1.362650e-01;1.043476e-01;4.806218e-01;4.552140e-02;4.938539e-02;1.672817e-02;2.769150e-02;2.696458e-02;3.749346e-02;2.485026e-02;1.745325e-02;3.267753e-02
1.579477e-01;6.159192e-02;3.802285e-01;5.410868e-02;7.874734e-02;3.678321e-02;5.654976e-02;2.664703e-02;5.321029e-02;4.192691e-02;1.949240e-02;3.276626e-02
1.002994e-01;8.176244e-02;2.987430e-01;7.576586e-02;7.121467e-02;5.252014e-02;1.144124e-01;4.715902e-02;4.334175e-02;5.274216e-02;1.727604e-02;4.476306e-02
6.627835e-02;9.355689e-02;1.931313e-01;6.163614e-02;6.820084e-02;6.132917e-02;1.255940e-01;8.737882e-02;6.163826e-02;1.010832e-01;2.843162e-02;5.174147e-02
7.202669e-02;1.072779e-01;1.508079e-01;5.795517e-02;7.724221e-02;6.252953e-02;1.174011e-01;9.103109e-02;6.519857e-02;1.078904e-01;3.541037e-02;5.522900e-02
3.103933e-02;7.884395e-02;1.620701e-01;9.356362e-02;9.693517e-02;7.161196e-02;1.878587e-01;5.309533e-02;5.093822e-02;6.202831e-02;5.731602e-02;5.469933e-02
3.913697e-02;3.521795e-02;1.787322e-01;1.175129e-01;1.306811e-01;8.803544e-02;1.775765e-01;2.990803e-02;2.531639e-02;3.507165e-02;8.482005e-02;5.799071e-02
2.217560e-02;3.011461e-02;2.499347e-01;1.471337e-01;1.191198e-01;7.625770e-02;1.064862e-01;2.418523e-02;1.501960e-02;4.790180e-02;1.154590e-01;4.621206e-02
1.547963e-02;2.802928e-02;3.728472e-01;1.399275e-01;7.904670e-02;4.626847e-02;5.580191e-02;1.746050e-02;1.232415e-02;1.111396e-01;9.813911e-02;2.353590e-02
1.554492e-02;2.655422e-02;5.094729e-01;8.192874e-02;3.932618e-02;2.087425e-02;4.529055e-02;9.971396e-03;1.523739e-02;1.808680e-01;4.700271e-02;7.928701e-03
2.535456e-02;5.788899e-02;5.137640e-01;2.999780e-02;3.782135e-02;1.430277e-02;4.430768e-02;7.421668e-03;4.708432e-02;1.905554e-01;2.180012e-02;9.701440e-03
7.438653e-02;1.144033e-01;4.305905e-01;2.362180e-02;3.395354e-02;1.449542e-02;3.529671e-02;1.063445e-02;7.652145e-02;1.500614e-01;1.799620e-02;1.803865e-02
1.415053e-01;1.528192e-01;3.062610e-01;3.009998e-02;3.731157e-02;2.814081e-02;4.344605e-02;1.826463e-02;7.686436e-02;1.101058e-01;2.559274e-02;2.958857e-02
1.200124e-01;9.241468e-02;3.096790e-01;6.962691e-02;6.842622e-02;3.814602e-02;4.918844e-02;2.548562e-02;3.000818e-02;1.026444e-01;6.556403e-02;2.880418e-02
5.325435e-02;2.266418e-02;3.869906e-01;1.106440e-01;6.860844e-02;2.799294e-02;5.051288e-02;2.291901e-02;2.471354e-02;1.179203e-01;8.825664e-02;2.552324e-02
4.697951e-02;2.792131e-02;4.298009e-01;8.974422e-02;4.038497e-02;1.935442e-02;5.145574e-02;1.397645e-02;1.972943e-02;1.918361e-01;4.147280e-02;2.734417e-02
2.380659e-02;2.743246e-02;4.042677e-01;5.132885e-02;2.382983e-02;1.372882e-02;5.850552e-02;1.383910e-02;2.099362e-02;2.678680e-01;7.785717e-02;1.654240e-02
1.238715e-02;1.299685e-02;3.811189e-01;2.273217e-02;3.173184e-02;8.428710e-03;6.106397e-02;1.228245e-02;2.591323e-02;3.277099e-01;9.424201e-02;9.392754e-03
1.349080e-02;1.493776e-02;3.872433e-01;1.977077e-02;3.710283e-02;1.123987e-02;7.391761e-02;8.997293e-03;1.311171e-02;3.488987e-01;6.182193e-02;9.467505e-03
1.283873e-02;1.698243e-02;4.122490e-01;1.858784e-02;4.143324e-02;1.443452e-02;8.108008e-02;1.089650e-02;1.919152e-02;3.391256e-01;2.179805e-02;1.138242e-02
1.784767e-02;8.381695e-03;4.339380e-01;1.560885e-02;3.876900e-02;1.221562e-02;8.938745e-02;1.148737e-02;1.269098e-02;3.259700e-01;1.660975e-02;1.709355e-02
2.736748e-02;1.272842e-02;4.295821e-01;2.550371e-02;2.721733e-02;8.622088e-03;9.407576e-02;7.996719e-03;1.124756e-02;3.193583e-01;1.995213e-02;1.634836e-02
2.558651e-02;1.680208e-02;4.254975e-01;2.292473e-02;1.618061e-02;7.262900e-03;9.238404e-02;7.079135e-03;1.284819e-02;3.529207e-01;1.179824e-02;8.715326e-03
2.193711e-02;9.238731e-03;3.923678e-01;2.252522e-02;1.326434e-02;6.002178e-03;8.103556e-02;1.017179e-02;1.896799e-02;3.804083e-01;3.580393e-02;8.277079e-03
1.957292e-02;1.079597e-02;3.735847e-01;2.466573e-02;1.252686e-02;6.224073e-03;6.675290e-02;1.207656e-02;4.453485e-02;3.792867e-01;3.712141e-02;1.285737e-02
2.587212e-02;2.845977e-02;3.963865e-01;3.443902e-02;2.256128e-02;1.136410e-02;4.847296e-02;1.257439e-02;5.661733e-02;3.359792e-01;1.519823e-02;1.207514e-02
5.474536e-02;7.848039e-02;4.095376e-01;4.753746e-02;2.919824e-02;1.599784e-02;4.434951e-02;1.502863e-02;2.386912e-02;2.348304e-01;2.973405e-02;1.669151e-02
7.888930e-02;1.054151e-01;4.141806e-01;4.582317e-02;2.337731e-02;1.752252e-02;5.329062e-02;1.673780e-02;3.094205e-02;1.552331e-01;3.696549e-02;2.162299e-02
5.463719e-02;6.668483e-02;4.615374e-01;7.659711e-02;2.777391e-02;2.774017e-02;5.185812e-02;1.967594e-02;3.101530e-02;1.312138e-01;3.498996e-02;1.627625e-02
2.281067e-02;2.615615e-02;4.351210e-01;1.617323e-01;5.034696e-02;3.976817e-02;4.486525e-02;3.901723e-02;2.483582e-02;1.024433e-01;4.211069e-02;1.079250e-02
2.808172e-02;2.567412e-02;4.172573e-01;1.909415e-01;5.113919e-02;3.412458e-02;3.231984e-02;3.672438e-02;2.397531e-02;9.547722e-02;5.442320e-02;9.861680e-03
2.448024e-02;1.675500e-02;4.724252e-01;1.694256e-01;4.750476e-02;2.480720e-02;2.776388e-02;1.978092e-02;3.390637e-02;1.058762e-01;5.176893e-02;5.505629e-03
3.765215e-02;1.026803e-02;5.370912e-01;1.224583e-01;5.023416e-02;1.596235e-02;4.087945e-02;1.769518e-02;3.390676e-02;1.021346e-01;2.365980e-02;8.058066e-03
3.336225e-02;3.704172e-02;5.521292e-01;7.338046e-02;5.197807e-02;1.817212e-02;3.778535e-02;2.638449e-02;2.693327e-02;1.031342e-01;2.436789e-02;1.533104e-02
2.965515e-02;6.612712e-02;4.962166e-01;6.730068e-02;3.892697e-02;2.586244e-02;5.110763e-02;3.176099e-02;2.227053e-02;1.113582e-01;3.162909e-02;2.778463e-02
6.137374e-02;6.983567e-02;3.671333e-01;7.933535e-02;5.183363e-02;3.401911e-02;8.739186e-02;3.710779e-02;2.336045e-02;1.188311e-01;3.434853e-02;3.542949e-02
4.995332e-02;5.176082e-02;3.035342e-01;8.994970e-02;7.911030e-02;3.860268e-02;9.878435e-02;4.990575e-02;3.124850e-02;1.321870e-01;4.508623e-02;2.987709e-02
6.251608e-02;5.716453e-02;3.307420e-01;9.483618e-02;7.251280e-02;3.870492e-02;8.392721e-02;4.760970e-02;2.608615e-02;1.341612e-01;2.994792e-02;2.179126e-02
5.908800e-02;6.210554e-02;3.112586e-01;1.000580e-01;4.234502e-02;3.148622e-02;1.280254e-01;4.088274e-02;3.416647e-02;1.230065e-01;4.393055e-02;2.364691e-02
6.238820e-02;4.066934e-02;1.738166e-01;7.162225e-02;5.925933e-02;6.487729e-02;1.295162e-01;3.823989e-02;6.803715e-02;1.040221e-01;1.070623e-01;8.048942e-02
5.221413e-02;3.068391e-02;8.120543e-02;4.695415e-02;8.375982e-02;1.022206e-01;2.270266e-01;3.193974e-02;6.420580e-02;8.798896e-02;1.067486e-01;8.505237e-02
4.493898e-02;2.089255e-02;9.452661e-02;4.064678e-02;1.190821e-01;1.301017e-01;2.978300e-01;2.360960e-02;4.658579e-02;5.607539e-02;6.235136e-02;6.335914e-02
3.996273e-02;1.782061e-02;7.947831e-02;3.365424e-02;1.633172e-01;1.608376e-01;3.134404e-01;2.654669e-02;3.453437e-02;4.478799e-02;3.137892e-02;5.424090e-02
3.396370e-02;8.081948e-03;6.553153e-02;2.451401e-02;2.210841e-01;2.071523e-01;2.782856e-01;2.516582e-02;4.096450e-02;2.585502e-02;2.136992e-02;4.803155e-02
4.043661e-02;9.564653e-03;4.601919e-02;1.836758e-02;2.567956e-01;2.323675e-01;2.473619e-01;1.794633e-02;5.345780e-02;1.534848e-02;2.644861e-02;3.588572e-02
5.607142e-02;5.253082e-03;5.520847e-02;1.685917e-02;2.532021e-01;2.577175e-01;2.443487e-01;1.312527e-02;3.234475e-02;1.873178e-02;2.387343e-02;2.326434e-02
4.139505e-02;7.985839e-03;5.941984e-02;2.158314e-02;2.384437e-01;2.845216e-01;2.442134e-01;1.154325e-02;3.457657e-02;1.601516e-02;1.435209e-02;2.595027e-02
4.372705e-02;1.250025e-02;4.334215e-02;2.352774e-02;2.286690e-01;2.978506e-01;2.239994e-01;1.182037e-02;3.821595e-02;1.578176e-02;1.064647e-02;4.991926e-02
4.951719e-02;1.841608e-02;5.001021e-02;3.798555e-02;2.336109e-01;2.577499e-01;1.950240e-01;1.343736e-02;3.800862e-02;1.635861e-02;1.045725e-02;7.942434e-02
3.377662e-02;1.657608e-02;7.261913e-02;6.685599e-02;2.494258e-01;1.932621e-01;1.486350e-01;1.427375e-02;5.513040e-02;1.278264e-02;1.767557e-02;1.189869e-01
2.435061e-02;1.317563e-02;1.751817e-01;1.015022e-01;1.955179e-01;1.329990e-01;1.156624e-01;1.734117e-02;3.970451e-02;1.874826e-02;3.686595e-02;1.289507e-01
2.918980e-02;1.618450e-02;3.444611e-01;1.117743e-01;8.980575e-02;8.825069e-02;8.137597e-02;2.034519e-02;4.335925e-02;1.957617e-02;5.873460e-02;9.694278e-02
3.074176e-02;2.411488e-02;5.054556e-01;7.239174e-02;4.671974e-02;6.855681e-02;5.969669e-02;2.265803e-02;4.296153e-02;2.386221e-02;5.018499e-02;5.265600e-02
2.370461e-02;2.467497e-02;5.857293e-01;4.135562e-02;8.070298e-02;6.848780e-02;4.733107e-02;2.098407e-02;2.405278e-02;2.085914e-02;3.113127e-02;3.098640e-02
1.904501e-02;2.383110e-02;5.422423e-01;5.310919e-02;9.432046e-02;7.061694e-02;5.376952e-02;3.116223e-02;3.339798e-02;2.994876e-02;2.492391e-02;2.363264e-02
3.535310e-02;1.738876e-02;4.508898e-01;1.087584e-01;6.932851e-02;7.753067e-02;4.244031e-02;3.101205e-02;4.823979e-02;3.888818e-02;5.842054e-02;2.174999e-02
2.839737e-02;1.071272e-02;2.988428e-01;1.498550e-01;1.655540e-01;6.208144e-02;4.263688e-02;2.874408e-02;3.292564e-02;2.796642e-02;1.017443e-01;5.053924e-02
1.157645e-02;9.012631e-03;1.763272e-01;1.357856e-01;2.744088e-01;6.490075e-02;7.750751e-02;3.152034e-02;2.566798e-02;1.408683e-02;7.609822e-02;1.031078e-01
6.729924e-03;6.360848e-03;1.254701e-01;1.197021e-01;3.429302e-01;8.954803e-02;8.283556e-02;2.849193e-02;2.726778e-02;1.092200e-02;3.306537e-02;1.266762e-01
1.033490e-02;7.643040e-03;1.131542e-01;1.364675e-01;3.752365e-01;8.170904e-02;5.369358e-02;2.245203e-02;2.372613e-02;1.440865e-02;2.148894e-02;1.396855e-01
1.608892e-02;1.334008e-02;1.085278e-01;1.413428e-01;3.581510e-01;6.762855e-02;3.681742e-02;1.701475e-02;3.921924e-02;1.897959e-02;3.604288e-02;1.468469e-01
2.048013e-02;1.673224e-02;1.084423e-01;1.371645e-01;3.335362e-01;5.561186e-02;4.338061e-02;1.421899e-02;6.336612e-02;1.420815e-02;3.897002e-02;1.538889e-01
1.582002e-02;1.576071e-02;1.190437e-01;1.597874e-01;3.143095e-01;4.875524e-02;4.445961e-02;9.078301e-03;6.398752e-02;1.274191e-02;3.571820e-02;1.605379e-01
8.585783e-03;1.352860e-02;1.481242e-01;1.852139e-01;2.806310e-01;4.884907e-02;3.948641e-02;1.411629e-02;5.902938e-02;1.723991e-02;4.961075e-02;1.355848e-01
1.703882e-02;1.258168e-02;2.015769e-01;2.149548e-01;2.396888e-01;4.831694e-02;2.551411e-02;3.261555e-02;3.237344e-02;1.940864e-02;6.872545e-02;8.720481e-02
1.355729e-02;1.847206e-02;2.875626e-01;2.166286e-01;1.888962e-01;2.925325e-02;1.253903e-02;4.098050e-02;2.914163e-02;1.881756e-02;8.574130e-02;5.840990e-02
1.537833e-02;3.503972e-02;4.318938e-01;1.597643e-01;1.370126e-01;1.592274e-02;1.850656e-02;3.552341e-02;1.931581e-02;1.953471e-02;6.886123e-02;4.324685e-02
1.939497e-02;6.061751e-02;5.415074e-01;8.184084e-02;1.187102e-01;1.829259e-02;2.210500e-02;2.607200e-02;1.513193e-02;2.009883e-02;3.400256e-02;4.222614e-02
3.698801e-02;7.703847e-02;4.475687e-01;7.189333e-02;1.242214e-01;2.965888e-02;4.491825e-02;4.118444e-02;2.863265e-02;3.388000e-02;2.219044e-02;4.182553e-02
7.978697e-02;9.625833e-02;2.839673e-01;5.192709e-02;1.291877e-01;3.884965e-02;9.829751e-02;6.288011e-02;5.367049e-02;3.396785e-02;3.210619e-02;3.910085e-02
4.249263e-02;9.871331e-02;2.848684e-01;5.185742e-02;1.208482e-01;3.817550e-02;1.343993e-01;6.475306e-02;6.048051e-02;4.501318e-02;3.307571e-02;2.532271e-02
1.001350e-01;8.200242e-02;2.228846e-01;4.344448e-02;8.367660e-02;4.419419e-02;1.727193e-01;7.238483e-02;5.082510e-02;6.751710e-02;3.126690e-02;2.894958e-02
1.130914e-01;1.001583e-01;2.114619e-01;4.963449e-02;4.165514e-02;4.849263e-02;1.514903e-01;7.318261e-02;5.701934e-02;8.516578e-02;3.595304e-02;3.269501e-02
9.158318e-02;1.038782e-01;1.994902e-01;5.456956e-02;7.999601e-02;5.708763e-02;1.159485e-01;4.429353e-02;8.009720e-02;8.221644e-02;4.472941e-02;4.611005e-02
5.285930e-02;5.792860e-02;1.930803e-01;6.994406e-02;1.574327e-01;5.454802e-02;1.794123e-01;4.204356e-02;6.021471e-02;5.635044e-02;3.328505e-02;4.290096e-02
3.931454e-02;2.346890e-02;2.198020e-01;9.642861e-02;1.848919e-01;7.843082e-02;1.845163e-01;4.076586e-02;3.548624e-02;2.703730e-02;3.296402e-02;3.689346e-02
3.250669e-02;1.608109e-02;2.506981e-01;1.400980e-01;1.862390e-01;7.842195e-02;1.338930e-01;4.272707e-02;3.516597e-02;1.915335e-02;3.523972e-02;2.977613e-02
2.919397e-02;1.696613e-02;3.035516e-01;1.895605e-01;1.716335e-01;6.318890e-02;6.480082e-02;3.865943e-02;2.791280e-02;1.445356e-02;5.767908e-02;2.239967e-02
2.056793e-02;2.893273e-02;3.214785e-01;2.050065e-01;1.721457e-01;4.814115e-02;3.879751e-02;3.057706e-02;2.585983e-02;1.687430e-02;6.221143e-02;2.940741e-02
2.549150e-02;2.831378e-02;3.098578e-01;1.797424e-01;2.035186e-01;5.145667e-02;6.119712e-02;1.932958e-02;1.956916e-02;1.851822e-02;4.710989e-02;3.589527e-02
2.452919e-02;2.054167e-02;2.900931e-01;1.389896e-01;2.295033e-01;7.510024e-02;8.509350e-02;1.569816e-02;1.404172e-02;1.799540e-02;3.591711e-02;5.249703e-02
1.765462e-02;2.094272e-02;3.078259e-01;1.155922e-01;2.441130e-01;9.467122e-02;2.813032e-02;2.753444e-02;2.783337e-02;2.358295e-02;1.324107e-02;7.887832e-02
3.787129e-02;2.870879e-02;2.211291e-01;7.550552e-02;1.898742e-01;9.337810e-02;1.642119e-01;3.384297e-02;2.476101e-02;2.742468e-02;2.973836e-02;7.355402e-02
4.335311e-02;3.707220e-02;1.566031e-01;3.540761e-02;1.362671e-01;1.152536e-01;2.775036e-01;3.662685e-02;4.993280e-02;3.561633e-02;3.362393e-02;4.273973e-02
2.927496e-02;4.279308e-02;1.621823e-01;3.867454e-02;1.476355e-01;1.225685e-01;2.583909e-01;2.753850e-02;5.752966e-02;7.735705e-02;2.790513e-02;8.149922e-03
3.300119e-02;3.830149e-02;1.810919e-01;6.450122e-02;1.530912e-01;1.248013e-01;1.631541e-01;3.460161e-02;5.184954e-02;9.592126e-02;3.656743e-02;2.311767e-02
5.999984e-02;6.448656e-02;1.486246e-01;6.720499e-02;1.237861e-01;1.015869e-01;1.737570e-01;2.465209e-02;8.532947e-02;1.042483e-01;2.998864e-02;1.633552e-02
9.507135e-02;8.863688e-02;1.554002e-01;6.080595e-02;8.769427e-02;8.189473e-02;1.611088e-01;4.729354e-02;7.862372e-02;7.213591e-02;4.275189e-02;2.858284e-02
9.888462e-02;8.547813e-02;1.771647e-01;9.563877e-02;6.145006e-02;8.883029e-02;1.231494e-01;4.325740e-02;6.823456e-02;7.874868e-02;4.050280e-02;3.866065e-02
7.719674e-02;9.036714e-02;1.860432e-01;1.435311e-01;6.175303e-02;8.220943e-02;1.037700e-01;3.306533e-02;7.003475e-02;7.147934e-02;3.933958e-02;4.121041e-02
5.831758e-02;8.949334e-02;1.547871e-01;1.587612e-01;8.635006e-02;9.899236e-02;9.233405e-02;3.587923e-02;6.892512e-02;6.945801e-02;3.725304e-02;4.944896e-02
4.905415e-02;7.241691e-02;1.133066e-01;1.871494e-01;9.242094e-02;9.760208e-02;7.045457e-02;4.772493e-02;5.889536e-02;1.199502e-01;3.733302e-02;5.369183e-02
3.779430e-02;5.725177e-02;7.177419e-02;1.584629e-01;1.082348e-01;8.511006e-02;1.392374e-01;5.862972e-02;5.934021e-02;1.417296e-01;3.895268e-02;4.348238e-02
4.892775e-02;5.515769e-02;9.687261e-02;8.746445e-02;8.653975e-02;8.521916e-02;1.907518e-01;6.319078e-02;7.583420e-02;1.282732e-01;5.427060e-02;2.749800e-02
6.327038e-02;4.831053e-02;1.319831e-01;4.984543e-02;7.932062e-02;9.775543e-02;1.681052e-01;5.709625e-02;8.574460e-02;1.152233e-01;5.581604e-02;4.752917e-02
4.258057e-02;4.172694e-02;1.284882e-01;7.586672e-02;1.127084e-01;1.188413e-01;8.983105e-02;8.785888e-02;7.689950e-02;1.268625e-01;4.096577e-02;5.737016e-02
4.700246e-02;4.501943e-02;1.477988e-01;9.086313e-02;1.450327e-01;1.188876e-01;6.258491e-02;8.809493e-02;7.161520e-02;8.791271e-02;4.112570e-02;5.406240e-02
7.357068e-02;4.970043e-02;1.659872e-01;1.226495e-01;1.187746e-01;8.488414e-02;6.976022e-02;6.579944e-02;9.135326e-02;8.340972e-02;2.918367e-02;4.492714e-02
6.753086e-02;5.272749e-02;2.086179e-01;1.341876e-01;1.046066e-01;6.673468e-02;5.917707e-02;5.136178e-02;8.367150e-02;1.006158e-01;2.894002e-02;4.182852e-02
5.800996e-02;5.536027e-02;1.752265e-01;1.348380e-01;1.200541e-01;7.554559e-02;6.889165e-02;4.714125e-02;7.425587e-02;9.596331e-02;6.170569e-02;3.300786e-02
7.870724e-02;5.290556e-02;1.209880e-01;1.580797e-01;1.078599e-01;8.269992e-02;1.152528e-01;5.103889e-02;4.920400e-02;6.927513e-02;6.190697e-02;5.208191e-02
8.988827e-02;6.841794e-02;1.264528e-01;1.020866e-01;1.087612e-01;1.239807e-01;1.052122e-01;4.387473e-02;6.331202e-02;6.840012e-02;2.548376e-02;7.412963e-02
6.979062e-02;4.690733e-02;1.183402e-01;7.822797e-02;1.480698e-01;1.515235e-01;1.143722e-01;5.489291e-02;8.809441e-02;5.414764e-02;2.258598e-02;5.304742e-02
6.005655e-02;4.100896e-02;1.164874e-01;1.331938e-01;1.757333e-01;1.116376e-01;1.321067e-01;5.954992e-02;8.346144e-02;4.538996e-02;2.494044e-02;1.643401e-02
4.042613e-02;3.344703e-02;2.423193e-01;1.189610e-01;1.391976e-01;7.854468e-02;1.701609e-01;3.151263e-02;3.587780e-02;2.956052e-02;4.751343e-02;3.247898e-02
2.792209e-02;2.292300e-02;3.060564e-01;1.293453e-01;1.259858e-01;7.696269e-02;1.455834e-01;1.673185e-02;1.357748e-02;3.852996e-02;6.790289e-02;2.847913e-02
8.125816e-03;1.343716e-02;3.801543e-01;1.495172e-01;1.078084e-01;7.712154e-02;8.734616e-02;1.111789e-02;1.516784e-02;5.740339e-02;7.541709e-02;1.738319e-02
1.028523e-02;2.803011e-02;5.029871e-01;1.095250e-01;5.659176e-02;5.341864e-02;4.528030e-02;6.717874e-03;1.859626e-02;1.081563e-01;5.529471e-02;5.116684e-03
8.126400e-03;5.159954e-02;5.961453e-01;4.243594e-02;3.341037e-02;2.534637e-02;5.075404e-02;4.569605e-03;2.257318e-02;1.439472e-01;1.855046e-02;2.541508e-03
1.177513e-02;6.268992e-02;6.240398e-01;2.759772e-02;3.167329e-02;1.335097e-02;5.245492e-02;3.864949e-03;1.811116e-02;1.452481e-01;5.775349e-03;3.418689e-03
9.225120e-03;6.568734e-02;6.568041e-01;2.463724e-02;1.917994e-02;1.375989e-02;3.620231e-02;4.399848e-03;1.948111e-02;1.419666e-01;4.614833e-03;4.041672e-03
1.071082e-02;5.923176e-02;6.800638e-01;3.525738e-02;1.331800e-02;1.699297e-02;2.133640e-02;4.509086e-03;1.505192e-02;1.334053e-01;5.919865e-03;4.202709e-03
4.342946e-03;6.742317e-02;6.917868e-01;3.992732e-02;1.175496e-02;1.721868e-02;1.584565e-02;9.730747e-03;1.038546e-02;1.221317e-01;4.708675e-03;4.743885e-03
1.856782e-02;1.206597e-01;6.251610e-01;3.251727e-02;1.029864e-02;2.313775e-02;2.016018e-02;2.069792e-02;3.226418e-02;8.850998e-02;3.971851e-03;4.053698e-03
6.329650e-02;2.219101e-01;4.702742e-01;2.175762e-02;6.834835e-03;3.311393e-02;1.607796e-02;2.428630e-02;8.485461e-02;4.951813e-02;3.076109e-03;4.999722e-03
1.158466e-01;3.122483e-01;2.913671e-01;2.178950e-02;1.001564e-02;4.262299e-02;2.097670e-02;1.766388e-02;1.269065e-01;2.607306e-02;5.911260e-03;8.578453e-03
1.198991e-01;3.363034e-01;2.541807e-01;2.380834e-02;9.448055e-03;5.594135e-02;2.254346e-02;1.599108e-02;1.267540e-01;1.968022e-02;6.381975e-03;9.068432e-03
7.167747e-02;3.060540e-01;3.531950e-01;1.760482e-02;7.695038e-03;5.150915e-02;1.970444e-02;3.771732e-02;9.595159e-02;3.048500e-02;3.407054e-03;4.999108e-03
6.044010e-02;2.480232e-01;4.345398e-01;1.735667e-02;1.014592e-02;3.751247e-02;1.798973e-02;5.643976e-02;5.890736e-02;4.766531e-02;2.320065e-03;8.659568e-03
3.302069e-02;1.918287e-01;5.206810e-01;1.621729e-02;2.086090e-02;2.672504e-02;2.677991e-02;4.889243e-02;3.693469e-02;6.694954e-02;2.503871e-03;8.605932e-03
1.393271e-02;1.258631e-01;5.648818e-01;2.004061e-02;4.168413e-02;1.263512e-02;4.301979e-02;2.848342e-02;2.499219e-02;1.143445e-01;2.274874e-03;7.847752e-03
1.263036e-02;6.758994e-02;5.332512e-01;2.869183e-02;6.648856e-02;8.048151e-03;8.372054e-02;1.573996e-02;2.201173e-02;1.553509e-01;2.614623e-03;3.862171e-03
1.099328e-02;2.606756e-02;5.160530e-01;4.134305e-02;7.282775e-02;7.903925e-03;1.306266e-01;9.007419e-03;1.595382e-02;1.599269e-01;5.069902e-03;4.226810e-03
1.859869e-02;1.778257e-02;5.132225e-01;5.512172e-02;5.615892e-02;6.610959e-03;1.405829e-01;7.711357e-03;2.610233e-02;1.398964e-01;1.604967e-02;2.162068e-03
2.522599e-02;2.051595e-02;4.878384e-01;9.051491e-02;4.035780e-02;1.513578e-02;9.343906e-02;5.338870e-03;7.385008e-02;1.013581e-01;4.458867e-02;1.836453e-03
1.936021e-02;1.218020e-02;4.228352e-01;1.550526e-01;3.622582e-02;4.119417e-02;4.063445e-02;8.749143e-03;9.274253e-02;6.562922e-02;1.019004e-01;3.496127e-03
1.065072e-02;1.723866e-02;2.989139e-01;2.413824e-01;4.837189e-02;9.025570e-02;2.239075e-02;2.186440e-02;4.677083e-02;4.145649e-02;1.533435e-01;7.360731e-03
1.238711e-02;4.093705e-02;1.828512e-01;3.176496e-01;6.500848e-02;1.011346e-01;1.887447e-02;3.584850e-02;1.234469e-02;4.017764e-02;1.598060e-01;1.298072e-02
1.303447e-02;8.694930e-02;1.138291e-01;3.316903e-01;7.393761e-02;6.394257e-02;2.064003e-02;4.002419e-02;1.738234e-02;5.685419e-02;1.476309e-01;3.408495e-02
1.248450e-02;1.455445e-01;1.192015e-01;2.473484e-01;9.345066e-02;2.805078e-02;1.878081e-02;3.180257e-02;1.258195e-02;1.006143e-01;1.262999e-01;6.384023e-02
1.076351e-02;1.624843e-01;1.367643e-01;1.697883e-01;1.246548e-01;3.393190e-02;2.743392e-02;1.725333e-02;1.457922e-02;1.107524e-01;9.547032e-02;9.612375e-02
1.189661e-02;1.225535e-01;2.232102e-01;1.550625e-01;1.220721e-01;3.928949e-02;5.551543e-02;1.190782e-02;2.460197e-02;6.851517e-02;6.594642e-02;9.942874e-02
2.060464e-02;1.091317e-01;3.149884e-01;1.089709e-01;8.419678e-02;4.771278e-02;8.764207e-02;2.435104e-02;3.283380e-02;3.895804e-02;4.226414e-02;8.834571e-02
2.445001e-02;1.556403e-01;3.131841e-01;7.527241e-02;7.473372e-02;6.221665e-02;8.511600e-02;2.952688e-02;4.334831e-02;3.689269e-02;4.103266e-02;5.858625e-02
4.698914e-02;2.162463e-01;1.377013e-01;7.959919e-02;1.125948e-01;7.176221e-02;5.331862e-02;5.049217e-02;5.667860e-02;3.992114e-02;6.485648e-02;6.984000e-02
2.994779e-02;1.822077e-01;2.885472e-01;9.698002e-02;8.281664e-02;6.618226e-02;3.144211e-02;4.160490e-02;5.001885e-02;2.916574e-02;4.353041e-02;5.755634e-02
4.282027e-02;2.138072e-01;2.923411e-01;9.011754e-02;6.290304e-02;5.832647e-02;4.836292e-02;2.789106e-02;4.177126e-02;3.177207e-02;4.058705e-02;4.930000e-02
8.980530e-02;2.283987e-01;1.836607e-01;1.124392e-01;6.909205e-02;5.067298e-02;5.640037e-02;4.617450e-02;3.789482e-02;3.562741e-02;4.278968e-02;4.704428e-02
1.286780e-01;1.653520e-01;2.284463e-01;1.115657e-01;6.328017e-02;2.662266e-02;6.218578e-02;6.419099e-02;3.967648e-02;3.656268e-02;3.115657e-02;4.228270e-02
1.588234e-01;1.208901e-01;1.710196e-01;1.119993e-01;6.538426e-02;2.615264e-02;1.040436e-01;7.358115e-02;3.049210e-02;3.918454e-02;5.151552e-02;4.691388e-02
1.415985e-01;8.946364e-02;1.114433e-01;8.357523e-02;8.376749e-02;7.749545e-02;1.144540e-01;1.058177e-01;4.388862e-02;5.729370e-02;4.611820e-02;4.508419e-02
6.894129e-02;8.831290e-02;2.322024e-01;7.931279e-02;7.595932e-02;8.141850e-02;8.839320e-02;9.393044e-02;6.408758e-02;6.481151e-02;2.312608e-02;3.950400e-02
4.612597e-02;9.552220e-02;3.636252e-01;6.558684e-02;4.097205e-02;4.642591e-02;4.796280e-02;6.418242e-02;6.922306e-02;1.021556e-01;2.304059e-02;3.517738e-02
6.141863e-02;9.039956e-02;4.593016e-01;5.110669e-02;3.453756e-02;1.761991e-02;3.070652e-02;2.653564e-02;4.720384e-02;1.355879e-01;2.030048e-02;2.528166e-02
2.899744e-02;8.943669e-02;5.498137e-01;4.901535e-02;3.399132e-02;1.157537e-02;2.318357e-02;1.044376e-02;2.849640e-02;1.495116e-01;1.168144e-02;1.385334e-02
3.340511e-02;1.147253e-01;5.774050e-01;4.077078e-02;2.382333e-02;7.779626e-03;1.488788e-02;1.211121e-02;2.606718e-02;1.286486e-01;8.430204e-03;1.194580e-02
1.844435e-02;1.616919e-01;5.499791e-01;2.774225e-02;1.482170e-02;1.971238e-02;1.918037e-02;1.530515e-02;5.093270e-02;7.656580e-02;1.427178e-02;3.135255e-02
5.447537e-02;1.792816e-01;5.057397e-01;2.635771e-02;2.374136e-02;3.242878e-02;3.145861e-02;1.526042e-02;4.690128e-02;3.956734e-02;1.393370e-02;3.085415e-02
2.444697e-02;1.248487e-01;5.617065e-01;3.996440e-02;3.848120e-02;2.366994e-02;3.807830e-02;1.801097e-02;3.194997e-02;6.309836e-02;1.451808e-02;2.122653e-02
3.465647e-02;8.774390e-02;5.816379e-01;3.645433e-02;4.638625e-02;2.609000e-02;5.035905e-02;1.759548e-02;2.182265e-02;6.552214e-02;1.760992e-02;1.412188e-02
4.141265e-02;5.614039e-02;6.004143e-01;3.346571e-02;5.511721e-02;2.734323e-02;5.798655e-02;1.778089e-02;2.177243e-02;5.852756e-02;1.674765e-02;1.329143e-02
3.315423e-02;1.002599e-01;6.168828e-01;3.529226e-02;5.103936e-02;1.879948e-02;4.164590e-02;1.017346e-02;2.393474e-02;4.484921e-02;1.194292e-02;1.202564e-02
3.602955e-02;1.749683e-01;5.838538e-01;2.377681e-02;3.581633e-02;1.758218e-02;2.463675e-02;1.001552e-02;3.710601e-02;3.578741e-02;7.874222e-03;1.255307e-02
5.749476e-02;2.536311e-01;4.941225e-01;2.319242e-02;2.697897e-02;2.285817e-02;1.139901e-02;1.076129e-02;4.919310e-02;3.007672e-02;9.313343e-03;1.097856e-02
1.124417e-01;3.045786e-01;4.033007e-01;2.529006e-02;2.066369e-02;2.688948e-02;1.234780e-02;1.170088e-02;4.938431e-02;1.696898e-02;7.764318e-03;8.669526e-03
1.963872e-01;2.946525e-01;3.380962e-01;2.244075e-02;2.172994e-02;2.075252e-02;2.036354e-02;1.329872e-02;3.582898e-02;1.272645e-02;8.659175e-03;1.506401e-02
2.732404e-01;2.251421e-01;2.899602e-01;2.734398e-02;5.547632e-02;1.252596e-02;2.310241e-02;1.686707e-02;2.976452e-02;1.130489e-02;1.290004e-02;2.237207e-02
2.960829e-01;1.426726e-01;2.537210e-01;3.369747e-02;8.699437e-02;2.042140e-02;3.181431e-02;2.950193e-02;2.924282e-02;1.951919e-02;1.981629e-02;3.651568e-02
2.350665e-01;9.445278e-02;2.753478e-01;5.368227e-02;9.004733e-02;3.872477e-02;2.944180e-02;4.903495e-02;3.529522e-02;3.786955e-02;2.298662e-02;3.805036e-02
1.908973e-01;1.027615e-01;2.842501e-01;5.240833e-02;7.021038e-02;6.231266e-02;3.675191e-02;4.618834e-02;3.569096e-02;5.908643e-02;2.271311e-02;3.672903e-02
1.899177e-01;1.039785e-01;2.351604e-01;6.035993e-02;6.929624e-02;7.377850e-02;6.521194e-02;3.520199e-02;4.313828e-02;6.763200e-02;1.829779e-02;3.802676e-02
1.719202e-01;1.282933e-01;2.008381e-01;5.129363e-02;8.583891e-02;7.039569e-02;8.127249e-02;5.453496e-02;3.692655e-02;6.101812e-02;2.744529e-02;3.022287e-02
1.257973e-01;1.919515e-01;1.744036e-01;2.687499e-02;9.989100e-02;6.208461e-02;9.129393e-02;6.542962e-02;3.771316e-02;6.003946e-02;3.244579e-02;3.207511e-02
6.540383e-02;1.763139e-01;1.566980e-01;2.998849e-02;9.512366e-02;9.439795e-02;9.082069e-02;6.218066e-02;8.904313e-02;6.684873e-02;4.326374e-02;2.991725e-02
6.860407e-02;1.036904e-01;1.758161e-01;4.495917e-02;1.127562e-01;9.935082e-02;8.537327e-02;6.314864e-02;1.029020e-01;7.077798e-02;3.656857e-02;3.605284e-02
8.233029e-02;7.001390e-02;1.579036e-01;5.301233e-02;1.355764e-01;8.484488e-02;8.387812e-02;7.499593e-02;7.570645e-02;1.013375e-01;3.827065e-02;4.212991e-02
9.416797e-02;4.642714e-02;1.200820e-01;8.740913e-02;1.618628e-01;7.243337e-02;8.995303e-02;6.802759e-02;7.004422e-02;1.214078e-01;3.580754e-02;3.237741e-02
1.047146e-01;4.230550e-02;9.868701e-02;8.168007e-02;1.406424e-01;8.218524e-02;8.160194e-02;6.027614e-02;8.049884e-02;1.065143e-01;5.001406e-02;7.087987e-02
9.382752e-02;7.015789e-02;1.118749e-01;9.449236e-02;9.290913e-02;8.233853e-02;8.784671e-02;6.718873e-02;5.942822e-02;8.642125e-02;6.233339e-02;9.118130e-02
7.650453e-02;1.142805e-01;1.129713e-01;1.307101e-01;7.793001e-02;5.932857e-02;1.022532e-01;6.202707e-02;4.767979e-02;6.721754e-02;6.122297e-02;8.787446e-02
8.943443e-02;1.292505e-01;1.104738e-01;1.349253e-01;8.813757e-02;7.132657e-02;6.851847e-02;5.223688e-02;4.513470e-02;6.575524e-02;6.489833e-02;7.990810e-02
9.326533e-02;7.861647e-02;1.110009e-01;1.269792e-01;8.544037e-02;8.142500e-02;6.227569e-02;7.912602e-02;6.729219e-02;8.936399e-02;6.951219e-02;5.570262e-02
8.631120e-02;8.022662e-02;8.993355e-02;1.044374e-01;6.794801e-02;8.943087e-02;1.152696e-01;9.227614e-02;5.581155e-02;7.511510e-02;8.853829e-02;5.470166e-02
1.061016e-01;1.142441e-01;7.814477e-02;3.940850e-02;8.930537e-02;9.031244e-02;1.066035e-01;6.981253e-02;5.097809e-02;4.279325e-02;1.024318e-01;1.098641e-01
1.474554e-01;1.312097e-01;8.528604e-02;4.981638e-02;1.002977e-01;5.257895e-02;4.631916e-02;5.813777e-02;5.501521e-02;3.927823e-02;8.830940e-02;1.462961e-01
1.346574e-01;1.762634e-01;1.270723e-01;5.733683e-02;1.167113e-01;5.485179e-02;3.892789e-02;3.399114e-02;3.695136e-02;3.863355e-02;4.540677e-02;1.391963e-01
1.087485e-01;1.513071e-01;1.599269e-01;6.396075e-02;1.111386e-01;7.071705e-02;4.702275e-02;3.516120e-02;6.518661e-02;6.449133e-02;3.279185e-02;8.954747e-02
9.596444e-02;1.051950e-01;1.074447e-01;6.054335e-02;7.635961e-02;8.072776e-02;7.153667e-02;5.747870e-02;1.000848e-01;1.015881e-01;7.648441e-02;6.659239e-02
1.105255e-01;1.259993e-01;6.371755e-02;9.341547e-02;5.822768e-02;5.625347e-02;8.655718e-02;5.884310e-02;7.798960e-02;1.174566e-01;1.000673e-01;5.094723e-02
8.776188e-02;1.285131e-01;8.488414e-02;9.135398e-02;6.063174e-02;3.845211e-02;1.048228e-01;6.327581e-02;6.990593e-02;1.066600e-01;1.057581e-01;5.798051e-02
1.280816e-01;8.797140e-02;1.419429e-01;7.569984e-02;6.418396e-02;3.550139e-02;1.022168e-01;6.646505e-02;3.874829e-02;8.414130e-02;1.148640e-01;6.018355e-02
1.775091e-01;7.594833e-02;1.603938e-01;6.774136e-02;6.443796e-02;4.008007e-02;6.369931e-02;4.912765e-02;5.941384e-02;7.353278e-02;8.486955e-02;8.324625e-02
1.404801e-01;1.316945e-01;1.129321e-01;6.627031e-02;7.078855e-02;6.410404e-02;2.944369e-02;6.117365e-02;6.254392e-02;8.029267e-02;7.283623e-02;1.074402e-01
9.137510e-02;1.165939e-01;1.087831e-01;6.301255e-02;6.820791e-02;8.395272e-02;7.398285e-02;7.436500e-02;6.139846e-02;5.743709e-02;8.944535e-02;1.114460e-01
9.938905e-02;5.872802e-02;1.058545e-01;5.695327e-02;7.962148e-02;1.094517e-01;1.204142e-01;7.039580e-02;4.705856e-02;5.339556e-02;9.209194e-02;1.066459e-01
1.265691e-01;8.908425e-02;9.896395e-02;3.522298e-02;8.585358e-02;9.365176e-02;1.022284e-01;5.309398e-02;4.853137e-02;8.868982e-02;8.270676e-02;9.540404e-02
9.473284e-02;7.072055e-02;9.626283e-02;6.289562e-02;7.856932e-02;7.950997e-02;9.760540e-02;6.660740e-02;8.036511e-02;9.684956e-02;6.790087e-02;1.079806e-01
9.366231e-02;5.482439e-02;1.117586e-01;6.353737e-02;6.651687e-02;9.647758e-02;6.441421e-02;7.443399e-02;1.064810e-01;1.312430e-01;4.132843e-02;9.532221e-02
1.062368e-01;8.597361e-02;1.576124e-01;8.503785e-02;6.588324e-02;6.683819e-02;7.489963e-02;5.556064e-02;5.767410e-02;1.345227e-01;2.555430e-02;8.420655e-02
1.073294e-01;7.956880e-02;1.539938e-01;1.072451e-01;9.237413e-02;4.378032e-02;1.093524e-01;3.720888e-02;3.841352e-02;1.096617e-01;5.788347e-02;6.318858e-02
7.878570e-02;6.094699e-02;1.865899e-01;9.941899e-02;8.785833e-02;6.925445e-02;1.074251e-01;5.130040e-02;6.003551e-02;1.005405e-01;4.778477e-02;5.005927e-02
8.233758e-02;8.010837e-02;1.926057e-01;7.062171e-02;6.833578e-02;1.048038e-01;7.647458e-02;5.518972e-02;7.068073e-02;1.114375e-01;4.395704e-02;4.344746e-02
1.017232e-01;8.906774e-02;1.524307e-01;7.919283e-02;6.785976e-02;9.399834e-02;9.990455e-02;6.316137e-02;7.098606e-02;8.751118e-02;4.696776e-02;4.719648e-02
5.489851e-02;7.691184e-02;1.447530e-01;9.997443e-02;7.178348e-02;9.814006e-02;1.067326e-01;6.811374e-02;5.810624e-02;1.124618e-01;4.699622e-02;6.112802e-02
3.392297e-02;9.075867e-02;1.586006e-01;8.166737e-02;6.747573e-02;9.740507e-02;1.308507e-01;5.580362e-02;5.256036e-02;1.233861e-01;6.510505e-02;4.246376e-02
