1.336002e-01;4.846278e-02;7.669280e-02;1.200207e-01;5.711280e-02;2.595085e-02;8.537667e-02;1.037184e-01;6.293954e-02;5.858218e-02;1.490345e-01;7.850860e-02
1.297277e-01;5.411296e-02;6.419548e-02;8.110316e-02;4.741777e-02;2.193734e-02;1.032971e-01;1.468010e-01;6.664005e-02;5.752284e-02;1.581064e-01;6.913821e-02
1.160547e-01;4.346186e-02;3.033920e-02;1.095527e-01;2.952282e-02;2.224290e-02;1.329914e-01;2.093555e-01;1.156134e-01;4.573135e-02;8.747581e-02;5.765832e-02
1.019058e-01;3.653701e-02;3.207187e-02;1.311852e-01;1.446565e-02;3.022123e-02;1.485783e-01;2.956842e-01;1.186566e-01;2.431417e-02;3.904481e-02;2.733517e-02
8.609533e-02;9.453730e-02;3.261287e-02;7.399584e-02;1.162063e-02;2.885237e-02;2.128007e-01;3.237402e-01;6.606844e-02;1.898187e-02;4.351021e-02;7.184216e-03
8.673756e-02;1.151013e-01;2.829303e-02;2.528627e-02;1.473532e-02;5.166258e-02;2.677507e-01;2.911345e-01;3.156217e-02;1.660131e-02;6.311686e-02;8.018387e-03
9.987386e-02;9.435152e-02;2.314600e-02;1.139045e-02;1.038658e-02;4.757051e-02;3.070096e-01;2.984453e-01;1.546291e-02;2.281584e-02;5.996159e-02;9.585814e-03
9.864519e-02;4.774335e-02;1.897074e-02;2.952922e-02;9.382456e-03;1.292837e-02;2.784073e-01;3.791806e-01;3.352932e-02;2.949189e-02;4.844895e-02;1.374260e-02
5.953465e-02;5.165805e-02;2.870544e-02;3.068984e-02;1.522026e-02;1.391941e-02;2.746124e-01;4.124283e-01;3.171160e-02;2.880909e-02;4.133041e-02;1.138055e-02
3.790477e-02;5.500372e-02;3.848684e-02;1.596597e-02;1.104625e-02;1.570988e-02;2.876458e-01;3.939698e-01;4.059940e-02;3.054140e-02;5.031675e-02;2.280943e-02
4.115840e-02;3.942651e-02;4.355481e-02;1.814833e-02;7.251531e-03;2.079359e-02;3.037464e-01;3.750009e-01;2.790027e-02;3.075018e-02;4.938978e-02;4.287935e-02
8.650170e-02;6.708387e-02;3.970452e-02;3.286453e-02;7.997895e-03;1.946403e-02;2.035571e-01;3.016921e-01;2.825051e-02;2.842529e-02;1.330938e-01;5.136472e-02
1.148360e-01;1.183075e-01;3.300109e-02;3.636077e-02;8.300506e-03;2.311512e-02;2.240883e-01;2.506857e-01;1.588650e-02;1.729867e-02;1.279337e-01;3.018602e-02
7.695011e-02;1.839314e-01;3.579577e-02;3.019168e-02;1.567725e-02;3.015067e-02;2.868555e-01;2.453186e-01;8.330146e-03;6.750103e-03;6.963805e-02;1.041065e-02
3.001330e-02;2.278648e-01;4.768591e-02;2.235389e-02;3.565127e-02;4.015044e-02;3.041094e-01;2.257945e-01;7.469166e-03;7.262872e-03;4.922145e-02;2.422936e-03
3.373335e-02;2.158083e-01;5.243172e-02;2.924610e-02;4.589351e-02;4.803773e-02;2.860422e-01;2.237965e-01;1.168090e-02;7.405625e-03;3.971919e-02;6.204920e-03
1.174485e-02;1.991677e-01;4.596310e-02;2.840023e-02;4.589088e-02;3.660058e-02;3.020046e-01;2.661289e-01;1.266134e-02;8.233903e-03;3.358802e-02;9.615859e-03
1.950027e-02;1.589053e-01;5.508703e-02;1.361091e-02;3.054339e-02;1.717697e-02;3.118038e-01;3.306176e-01;1.218338e-02;8.119234e-03;2.312036e-02;1.933171e-02
2.031482e-02;1.075044e-01;6.615547e-02;8.343769e-03;1.316314e-02;2.892743e-02;3.094976e-01;3.861579e-01;1.257160e-02;1.229766e-02;1.625919e-02;1.880699e-02
2.722515e-02;1.341104e-01;5.983099e-02;9.355044e-03;7.977250e-03;2.258566e-02;3.077245e-01;3.852030e-01;1.211035e-02;1.291413e-02;1.202588e-02;8.937703e-03
5.396913e-02;1.707472e-01;4.389870e-02;9.404524e-03;1.271913e-02;2.278632e-02;3.068725e-01;3.229548e-01;1.105226e-02;1.186222e-02;2.246370e-02;1.126959e-02
9.969293e-02;1.691581e-01;2.739227e-02;1.581053e-02;1.441686e-02;3.627263e-02;2.799502e-01;2.473196e-01;1.268046e-02;1.485426e-02;6.237040e-02;2.008169e-02
1.361029e-01;1.730250e-01;2.601470e-02;2.284458e-02;2.344808e-02;4.642184e-02;2.136924e-01;1.858729e-01;2.413525e-02;2.568795e-02;9.323654e-02;2.951782e-02
1.649905e-01;1.810529e-01;2.276898e-02;2.693156e-02;3.310915e-02;6.043794e-02;1.842887e-01;1.425185e-01;2.470909e-02;2.833895e-02;9.867293e-02;3.218088e-02
1.332390e-01;1.675323e-01;3.391798e-02;1.653946e-02;3.011529e-02;4.878616e-02;2.136276e-01;1.873734e-01;2.007984e-02;2.583205e-02;8.419367e-02;3.876326e-02
6.455965e-02;8.366201e-02;5.337559e-02;1.093055e-02;1.845468e-02;3.355315e-02;3.372369e-01;2.736311e-01;2.037055e-02;2.515758e-02;4.494002e-02;3.412817e-02
2.100793e-02;1.078646e-01;5.300827e-02;1.463170e-02;5.724701e-03;2.487655e-02;3.716522e-01;3.157845e-01;2.196375e-02;2.131665e-02;1.572099e-02;2.644813e-02
2.265139e-02;1.554966e-01;3.654445e-02;1.273434e-02;2.259701e-02;2.041091e-02;3.628566e-01;2.976193e-01;1.633316e-02;1.075562e-02;2.456821e-02;1.743244e-02
3.102531e-02;1.982353e-01;2.582229e-02;9.528730e-03;4.091344e-02;2.384648e-02;3.637219e-01;2.644888e-01;7.392355e-03;4.227411e-03;2.141542e-02;9.382538e-03
5.142512e-02;2.224796e-01;2.021347e-02;1.401812e-02;4.459718e-02;3.120558e-02;3.588199e-01;2.178025e-01;5.183693e-03;3.181822e-03;2.653013e-02;4.542934e-03
8.958943e-02;2.184273e-01;9.519976e-03;4.323292e-02;3.437818e-02;3.881705e-02;3.428685e-01;1.731842e-01;5.642131e-03;5.858211e-03;3.636630e-02;2.115674e-03
1.456024e-01;1.823172e-01;1.547924e-02;8.882216e-02;2.028943e-02;4.374811e-02;3.232557e-01;1.169690e-01;5.760447e-03;1.347788e-02;3.961105e-02;4.667441e-03
2.204632e-01;1.121268e-01;2.712169e-02;1.168156e-01;1.546439e-02;5.589750e-02;3.027951e-01;6.372774e-02;6.204577e-03;2.965036e-02;3.948665e-02;1.024644e-02
3.094133e-01;3.718427e-02;3.013177e-02;8.921579e-02;1.983671e-02;6.421015e-02;2.947055e-01;3.056324e-02;2.016255e-02;5.274596e-02;2.873550e-02;2.309529e-02
3.209713e-01;4.834913e-02;2.639640e-02;4.666099e-02;3.256650e-02;4.864763e-02;2.549646e-01;5.408913e-02;2.718589e-02;4.965242e-02;6.421870e-02;2.629736e-02
3.458887e-01;4.452839e-02;1.926187e-02;3.111282e-02;4.011409e-02;4.630461e-02;2.045224e-01;5.538127e-02;2.472322e-02;3.396872e-02;9.624702e-02;5.794688e-02
2.593310e-01;8.279242e-02;1.982856e-02;2.840241e-02;4.360617e-02;4.038794e-02;2.692386e-01;9.019709e-02;1.889318e-02;2.121779e-02;6.365637e-02;6.244843e-02
1.612112e-01;1.357409e-01;1.566058e-02;3.079931e-02;4.832961e-02;3.364063e-02;3.128526e-01;1.220900e-01;7.584297e-03;1.599360e-02;7.800771e-02;3.808959e-02
8.523329e-02;1.608323e-01;1.206711e-02;2.439431e-02;3.030485e-02;3.910057e-02;3.526782e-01;1.487841e-01;8.180748e-03;1.389664e-02;9.918186e-02;2.534596e-02
3.249506e-02;1.513686e-01;9.820019e-03;1.195112e-02;1.040344e-02;4.789612e-02;3.982934e-01;1.933151e-01;7.580958e-03;1.323519e-02;1.115670e-01;1.207389e-02
3.826279e-02;1.345809e-01;5.345031e-03;9.132204e-03;8.578529e-03;5.453710e-02;4.291083e-01;1.985580e-01;4.125498e-03;5.198307e-03;1.060906e-01;6.482793e-03
5.680783e-02;1.283835e-01;3.089311e-03;5.831460e-03;7.119830e-03;5.283389e-02;4.344932e-01;1.964668e-01;5.123834e-03;5.765725e-03;9.583803e-02;8.246690e-03
6.960586e-02;1.278044e-01;4.166418e-03;3.312035e-03;8.996262e-03;5.239313e-02;4.325960e-01;2.039253e-01;5.061837e-03;9.887815e-03;7.795948e-02;4.291470e-03
9.216767e-02;1.171397e-01;7.192757e-03;5.613300e-03;1.241929e-02;5.946089e-02;4.128927e-01;1.916134e-01;4.365479e-03;2.612370e-02;6.036237e-02;1.064873e-02
1.357431e-01;1.043523e-01;1.234558e-02;3.095956e-03;1.906546e-02;7.183438e-02;3.695424e-01;1.483549e-01;1.576711e-02;4.566658e-02;5.653204e-02;1.770012e-02
1.935008e-01;9.117240e-02;1.938106e-02;1.130806e-02;2.740140e-02;8.841160e-02;3.395661e-01;8.684658e-02;1.909715e-02;5.883780e-02;4.586690e-02;1.861016e-02
2.013146e-01;6.935833e-02;2.046668e-02;2.479958e-02;2.771395e-02;8.715878e-02;4.152704e-01;6.910017e-02;1.240317e-02;4.355980e-02;1.927418e-02;9.580454e-03
1.680267e-01;2.071644e-02;1.452436e-02;1.983178e-02;1.646561e-02;5.598861e-02;4.717706e-01;1.475661e-01;1.738832e-02;1.773549e-02;4.267754e-02;7.308411e-03
1.286707e-01;5.812021e-02;1.174362e-02;1.261425e-02;1.425222e-02;4.834207e-02;4.495174e-01;1.761523e-01;1.227395e-02;2.928407e-02;4.941957e-02;9.609653e-03
1.028347e-01;5.842133e-02;1.384260e-02;9.770129e-03;2.015825e-02;6.848929e-02;4.166590e-01;1.869251e-01;2.150159e-02;3.927392e-02;5.574537e-02;6.378658e-03
8.691227e-02;5.190764e-02;1.318934e-02;2.042347e-02;2.215369e-02;8.075994e-02;4.031306e-01;2.178461e-01;2.017486e-02;3.615681e-02;4.176795e-02;5.577385e-03
6.967966e-02;1.020676e-01;3.391083e-02;4.067699e-02;3.641422e-02;1.039091e-01;3.241187e-01;1.247820e-01;2.770368e-02;3.518575e-02;7.289157e-02;2.865993e-02
7.270564e-02;1.125830e-01;5.818882e-02;6.778941e-02;5.766235e-02;8.192586e-02;1.777915e-01;1.024661e-01;4.253374e-02;4.992934e-02;1.308247e-01;4.559963e-02
8.881852e-02;1.110153e-01;6.869406e-02;6.919160e-02;6.170933e-02;6.931298e-02;1.429963e-01;1.119403e-01;3.842414e-02;5.274740e-02;1.412141e-01;4.393593e-02
7.847277e-02;1.270600e-01;8.383585e-02;6.901258e-02;6.625441e-02;6.258337e-02;1.243380e-01;9.538686e-02;3.011630e-02;5.750567e-02;1.699514e-01;3.548278e-02
2.205540e-01;1.281683e-01;3.894328e-02;5.830570e-02;1.866375e-02;2.676820e-02;1.453161e-01;1.110626e-01;1.996534e-02;3.944658e-02;1.787353e-01;1.407090e-02
1.543637e-01;1.954762e-01;3.227899e-02;3.470565e-02;2.566124e-02;3.897512e-02;1.681695e-01;1.558098e-01;1.256145e-02;1.802154e-02;1.450160e-01;1.896091e-02
8.589403e-02;2.271831e-01;4.536366e-02;2.716330e-02;2.207651e-02;4.696090e-02;2.046186e-01;2.007919e-01;1.111199e-02;1.425659e-02;9.877295e-02;1.580643e-02
4.352618e-02;2.876016e-01;4.879697e-02;1.499952e-02;1.427714e-02;4.267145e-02;2.539540e-01;2.113585e-01;8.596286e-03;7.448591e-03;5.377997e-02;1.298971e-02
1.164636e-01;3.181834e-01;3.176325e-02;8.948958e-03;1.301860e-02;3.119480e-02;2.475836e-01;1.639039e-01;6.464236e-03;5.266723e-03;5.033918e-02;6.869854e-03
1.911990e-01;2.930705e-01;2.083785e-02;9.127887e-03;1.163663e-02;2.869626e-02;2.102009e-01;1.254375e-01;8.327672e-03;1.024336e-02;8.457385e-02;6.648539e-03
2.252100e-01;2.455449e-01;2.254153e-02;1.520988e-02;1.535554e-02;2.889807e-02;1.555589e-01;1.131645e-01;2.051308e-02;2.529084e-02;1.223585e-01;1.035427e-02
1.630872e-01;1.788576e-01;2.838207e-02;3.049540e-02;1.970817e-02;3.478519e-02;1.745699e-01;1.388024e-01;5.080118e-02;5.134234e-02;1.085605e-01;2.060804e-02
9.749135e-02;2.358596e-01;3.176881e-02;2.832096e-02;1.477360e-02;3.056142e-02;2.442921e-01;1.630414e-01;4.365540e-02;3.661441e-02;6.281595e-02;1.080507e-02
6.929689e-02;2.892386e-01;3.275945e-02;1.350374e-02;1.337508e-02;3.621467e-02;2.876131e-01;1.690926e-01;2.393963e-02;1.196802e-02;4.848845e-02;4.509759e-03
6.957644e-02;2.726000e-01;2.635703e-02;1.006591e-02;1.429235e-02;4.026002e-02;3.134462e-01;1.611548e-01;1.987081e-02;1.330499e-02;5.351573e-02;5.555694e-03
6.501193e-02;2.352795e-01;1.527514e-02;7.930848e-03;1.420205e-02;5.137040e-02;3.400443e-01;1.683245e-01;1.947957e-02;1.449458e-02;6.202880e-02;6.558327e-03
1.131869e-01;1.864004e-01;7.063508e-03;2.009236e-02;1.319223e-02;6.827983e-02;3.251146e-01;1.469634e-01;2.026370e-02;1.991618e-02;6.555071e-02;1.397615e-02
1.599505e-01;1.512233e-01;1.953581e-02;3.029556e-02;2.008016e-02;8.131774e-02;3.140122e-01;1.064755e-01;1.823097e-02;2.712535e-02;5.185414e-02;1.989870e-02
1.685922e-01;1.033316e-01;3.429957e-02;3.359522e-02;3.055524e-02;7.662037e-02;2.756427e-01;7.225823e-02;2.457113e-02;3.753090e-02;1.153291e-01;2.767378e-02
1.664368e-01;1.065308e-01;3.272311e-02;2.140735e-02;2.576796e-02;6.085599e-02;2.692252e-01;9.191731e-02;2.403650e-02;3.945871e-02;1.313784e-01;3.026194e-02
1.723556e-01;7.751335e-02;2.734120e-02;1.049711e-02;1.615419e-02;5.840630e-02;3.272821e-01;1.435274e-01;2.088050e-02;4.227030e-02;8.319102e-02;2.058092e-02
1.156214e-01;3.754886e-02;2.806486e-02;3.721212e-02;2.778477e-02;6.240171e-02;2.739023e-01;2.095446e-01;4.641785e-02;6.178248e-02;8.504305e-02;1.467603e-02
6.860497e-02;4.568172e-02;5.756846e-02;8.465328e-02;3.969591e-02;8.326368e-02;1.838520e-01;1.181057e-01;7.053742e-02;5.898691e-02;1.266631e-01;6.238693e-02
8.116551e-02;5.116883e-02;5.349641e-02;8.465127e-02;3.047232e-02;9.699861e-02;1.363451e-01;8.863918e-02;5.786363e-02;8.478889e-02;1.589140e-01;7.549626e-02
8.429305e-02;8.123627e-02;4.101294e-02;7.980695e-02;2.415742e-02;1.183424e-01;1.204589e-01;9.929340e-02;5.501847e-02;8.035831e-02;1.276520e-01;8.836987e-02
9.805884e-02;9.190540e-02;4.306698e-02;6.199450e-02;2.661307e-02;1.264011e-01;1.392078e-01;1.072717e-01;4.556081e-02;3.812497e-02;1.282730e-01;9.352188e-02
1.636928e-01;8.093359e-02;2.136517e-02;2.052951e-02;2.208753e-02;5.477934e-02;1.829872e-01;1.302950e-01;2.023110e-02;2.957871e-02;2.446863e-01;2.883391e-02
1.317200e-01;6.398178e-02;2.094899e-02;2.278840e-02;2.039492e-02;2.794834e-02;1.930205e-01;2.209640e-01;2.162293e-02;3.036157e-02;2.332458e-01;1.300282e-02
8.660716e-02;9.006641e-02;3.057082e-02;3.037112e-02;2.232056e-02;2.659220e-02;2.074075e-01;2.857330e-01;2.881162e-02;2.638622e-02;1.566973e-01;8.436175e-03
6.528667e-02;1.310358e-01;3.919937e-02;2.907403e-02;2.433180e-02;4.375418e-02;2.813829e-01;3.012902e-01;2.781369e-02;1.631214e-02;3.574429e-02;4.774924e-03
1.050669e-01;1.229278e-01;3.367646e-02;1.764238e-02;2.059822e-02;5.639786e-02;3.690406e-01;1.741783e-01;1.806255e-02;9.558063e-03;6.597629e-02;6.874517e-03
9.967034e-02;8.351359e-02;1.278598e-02;7.889855e-03;2.266668e-02;5.992968e-02;4.304911e-01;1.912660e-01;1.541992e-02;1.427335e-02;4.898887e-02;1.310471e-02
4.101558e-02;5.713298e-02;6.773680e-03;7.737134e-03;3.325307e-02;4.897776e-02;4.385160e-01;3.044947e-01;1.558764e-02;6.595684e-03;3.451377e-02;5.401967e-03
2.992569e-02;3.904951e-02;9.730464e-03;1.018123e-02;2.993069e-02;3.086525e-02;4.435378e-01;3.497681e-01;1.294670e-02;8.290433e-03;3.050795e-02;5.266238e-03
2.115995e-02;4.750426e-02;1.093745e-02;6.168864e-03;2.579820e-02;3.309982e-02;4.583876e-01;3.469119e-01;9.408182e-03;6.887039e-03;3.093464e-02;2.802119e-03
1.691846e-02;5.747011e-02;8.786035e-03;4.116112e-03;2.060950e-02;4.082295e-02;4.875346e-01;3.147941e-01;9.206649e-03;5.119717e-03;2.984251e-02;4.779239e-03
2.820840e-02;6.443385e-02;6.953322e-03;5.686576e-03;2.066613e-02;3.296634e-02;4.713266e-01;3.112430e-01;8.674857e-03;6.518657e-03;3.974344e-02;3.578804e-03
6.848236e-02;7.914250e-02;9.013568e-03;1.076145e-02;1.356887e-02;3.446107e-02;4.251775e-01;2.796060e-01;8.586064e-03;7.963014e-03;5.922467e-02;4.012960e-03
7.261140e-02;7.909667e-02;8.449502e-03;1.046018e-02;1.015322e-02;5.496420e-02;4.551677e-01;2.399899e-01;7.796561e-03;6.563352e-03;5.140961e-02;3.337753e-03
5.833614e-02;6.993204e-02;5.229558e-03;3.532915e-03;1.272223e-02;7.566805e-02;5.277878e-01;2.021371e-01;6.707900e-03;5.617905e-03;2.930753e-02;3.020837e-03
6.436580e-02;5.368956e-02;5.599887e-03;6.309472e-03;1.543370e-02;8.693708e-02;5.378452e-01;1.901054e-01;6.980262e-03;8.067062e-03;2.127938e-02;3.387168e-03
8.073477e-02;3.451980e-02;7.847744e-03;1.083459e-02;1.765428e-02;1.044763e-01;5.394249e-01;1.558458e-01;7.802863e-03;1.317595e-02;2.174296e-02;5.940070e-03
1.352738e-01;4.984482e-02;8.153950e-03;1.970007e-02;2.301578e-02;1.114653e-01;5.102798e-01;9.390629e-02;7.312566e-03;1.438647e-02;1.921780e-02;7.443331e-03
1.689520e-01;5.810377e-02;1.550600e-02;1.471639e-02;2.487736e-02;9.858386e-02;4.465297e-01;1.179226e-01;1.497797e-02;2.053684e-02;1.415393e-02;5.139606e-03
1.588766e-01;4.468586e-02;1.844730e-02;1.080904e-02;3.001150e-02;7.929932e-02;3.962688e-01;1.423712e-01;3.229670e-02;2.807435e-02;5.130415e-02;7.555227e-03
1.353790e-01;3.143666e-02;2.873439e-02;2.669474e-02;3.414030e-02;4.896945e-02;3.419225e-01;1.647758e-01;7.570166e-02;3.648411e-02;5.931459e-02;1.644684e-02
6.988730e-02;5.877106e-02;4.278397e-02;2.957653e-02;4.380536e-02;6.896784e-02;3.330355e-01;1.648158e-01;6.524152e-02;3.950386e-02;6.304482e-02;2.056643e-02
1.074490e-01;7.778729e-02;5.374914e-02;2.310570e-02;5.304614e-02;9.602170e-02;3.160345e-01;1.059522e-01;6.306237e-02;3.614746e-02;5.216379e-02;1.548070e-02
1.253802e-01;8.965158e-02;3.813961e-02;1.269390e-02;3.740895e-02;8.662545e-02;3.443615e-01;1.385179e-01;6.470203e-02;3.202914e-02;2.311517e-02;7.374538e-03
8.294824e-02;7.432280e-02;1.764775e-02;1.310434e-02;1.625283e-02;6.865934e-02;4.242735e-01;2.134114e-01;3.035998e-02;1.788932e-02;3.709599e-02;4.034597e-03
5.701587e-02;8.105508e-02;1.477006e-02;1.305262e-02;1.026354e-02;6.500991e-02;4.608124e-01;2.526121e-01;1.394209e-02;8.933725e-03;1.827256e-02;4.260138e-03
7.119579e-02;9.916519e-02;1.594645e-02;9.292946e-03;8.966650e-03;6.191656e-02;4.589445e-01;2.412772e-01;1.608614e-02;5.636516e-03;7.671871e-03;3.900123e-03
6.966454e-02;1.258626e-01;1.463712e-02;5.464465e-03;9.830468e-03;6.211779e-02;4.566927e-01;2.150488e-01;2.086485e-02;5.057395e-03;1.200500e-02;2.754159e-03
7.064547e-02;1.456793e-01;1.010710e-02;6.071783e-03;9.996649e-03;5.795205e-02;4.320472e-01;2.123471e-01;3.125713e-02;8.084773e-03;1.384029e-02;1.971073e-03
7.774728e-02;1.585375e-01;7.394073e-03;6.105085e-03;9.084022e-03;5.002381e-02;4.157706e-01;2.012324e-01;4.014660e-02;1.063147e-02;2.013903e-02;3.188083e-03
8.283415e-02;1.710310e-01;9.277676e-03;9.696503e-03;9.202493e-03;4.476596e-02;4.019853e-01;1.947634e-01;3.675813e-02;1.158754e-02;2.460694e-02;3.490926e-03
8.073061e-02;1.730642e-01;2.138929e-02;1.013628e-02;7.250180e-03;3.394298e-02;3.732908e-01;2.227871e-01;2.104339e-02;1.360811e-02;3.603131e-02;6.725714e-03
4.446186e-02;1.348528e-01;3.382342e-02;1.096419e-02;1.034802e-02;1.535205e-02;3.505597e-01;3.269435e-01;2.327018e-02;1.553369e-02;2.153385e-02;1.235671e-02
2.763874e-02;8.576556e-02;3.304776e-02;9.631305e-03;6.762138e-03;1.926645e-02;3.571306e-01;3.764149e-01;3.485092e-02;1.825005e-02;1.964782e-02;1.159386e-02
4.980181e-02;6.187037e-02;2.240838e-02;1.009052e-02;9.787035e-03;3.484149e-02;3.775582e-01;3.267045e-01;3.374251e-02;2.079885e-02;4.567285e-02;6.723526e-03
5.781359e-02;5.794816e-02;2.215812e-02;1.604588e-02;1.628526e-02;4.039284e-02;4.140644e-01;2.716931e-01;2.798685e-02;2.386568e-02;4.523690e-02;6.509182e-03
6.361782e-02;6.439676e-02;2.853072e-02;2.284023e-02;2.331099e-02;4.564470e-02;4.213674e-01;2.342709e-01;2.424609e-02;2.602766e-02;2.603936e-02;1.970739e-02
4.961391e-02;1.017892e-01;2.590368e-02;1.978273e-02;5.574983e-02;4.795429e-02;2.962171e-01;2.199749e-01;3.010814e-02;2.768607e-02;1.118594e-01;1.336066e-02
7.617585e-02;1.648539e-01;3.539163e-02;2.624330e-02;5.480640e-02;4.550856e-02;1.927945e-01;1.747337e-01;3.763375e-02;3.291694e-02;1.428702e-01;1.607135e-02
1.115229e-01;1.303336e-01;2.819775e-02;4.355339e-02;6.145950e-02;6.715204e-02;1.289102e-01;9.464508e-02;4.502850e-02;8.221070e-02;1.428534e-01;6.413300e-02
1.065830e-01;8.130173e-02;3.093989e-02;5.683149e-02;5.411566e-02;7.960902e-02;1.199883e-01;1.152039e-01;7.207046e-02;8.629807e-02;1.251457e-01;7.191278e-02
1.283835e-01;7.743131e-02;3.743414e-02;5.724612e-02;4.849426e-02;7.196036e-02;1.259134e-01;1.253418e-01;7.641704e-02;7.266348e-02;1.116977e-01;6.701688e-02
1.895086e-01;9.823707e-02;4.255868e-02;4.920944e-02;3.892785e-02;5.352171e-02;1.339379e-01;1.260791e-01;7.560625e-02;5.141262e-02;8.357163e-02;5.742927e-02
3.143119e-01;1.093061e-01;2.947297e-02;1.885997e-02;1.935904e-02;2.803415e-02;9.728552e-02;1.075434e-01;4.901416e-02;3.477894e-02;1.696944e-01;2.233948e-02
2.823215e-01;1.593231e-01;2.330743e-02;9.558772e-03;1.103159e-02;2.088956e-02;7.492250e-02;7.108884e-02;2.047456e-02;3.046855e-02;2.745272e-01;2.208637e-02
2.251996e-01;1.179518e-01;2.350818e-02;7.482307e-03;1.308632e-02;3.264450e-02;7.758083e-02;5.073012e-02;1.705616e-02;3.607773e-02;3.772828e-01;2.139951e-02
1.408098e-01;5.678644e-02;2.323365e-02;6.182595e-03;1.909434e-02;4.594043e-02;6.010929e-02;3.069993e-02;2.228055e-02;5.385021e-02;5.234644e-01;1.754843e-02
7.789883e-02;4.143789e-02;1.968700e-02;1.483618e-02;1.902502e-02;4.184848e-02;3.677893e-02;5.160041e-02;1.739983e-02;5.548313e-02;6.024009e-01;2.160337e-02
1.281754e-01;6.497171e-02;2.575301e-02;1.429305e-02;1.213025e-02;3.312331e-02;5.039053e-02;5.651417e-02;1.241609e-02;4.627399e-02;5.340194e-01;2.193919e-02
1.551798e-01;5.897555e-02;3.359136e-02;1.094281e-02;2.431682e-02;3.007382e-02;5.304851e-02;6.318918e-02;1.982032e-02;5.575936e-02;4.699333e-01;2.516917e-02
1.619228e-01;7.609195e-02;2.740093e-02;2.120536e-02;3.565539e-02;2.581521e-02;5.803704e-02;8.799248e-02;3.430882e-02;6.686272e-02;3.708998e-01;3.380743e-02
1.832451e-01;9.894377e-02;1.945268e-02;2.199165e-02;3.523996e-02;2.674011e-02;6.025660e-02;8.106364e-02;3.016962e-02;7.743282e-02;3.297849e-01;3.567918e-02
2.086563e-01;7.769460e-02;1.431883e-02;2.240332e-02;3.047550e-02;2.805329e-02;1.091164e-01;6.939545e-02;2.593390e-02;7.970941e-02;3.039605e-01;3.028249e-02
2.054288e-01;9.659567e-02;3.036052e-02;1.810865e-02;4.056337e-02;3.063115e-02;1.971255e-01;1.069923e-01;3.309920e-02;6.833045e-02;1.466502e-01;2.611424e-02
1.418627e-01;1.018181e-01;4.843377e-02;1.229533e-02;3.202235e-02;3.938280e-02;2.167082e-01;7.239483e-02;4.563958e-02;4.914124e-02;1.962135e-01;4.408759e-02
1.248884e-01;1.090692e-01;4.173069e-02;2.867497e-02;3.214534e-02;6.750377e-02;2.106558e-01;1.488878e-01;4.732864e-02;4.825661e-02;1.169056e-01;2.395324e-02
7.778415e-02;9.764714e-02;3.055074e-02;2.321153e-02;1.858845e-02;5.568571e-02;2.985687e-01;2.792537e-01;2.870281e-02;3.578343e-02;3.804525e-02;1.617843e-02
1.169900e-02;7.584164e-02;2.525496e-02;1.909414e-02;2.036966e-02;4.536576e-02;3.410006e-01;3.746020e-01;2.808498e-02;3.671007e-02;1.825066e-02;3.726396e-03
6.734684e-02;5.288028e-02;2.542914e-02;2.851023e-02;2.051647e-02;4.039459e-02;2.038708e-01;3.766831e-01;4.873116e-02;6.334019e-02;7.026456e-02;2.032568e-03
5.419400e-02;4.298070e-02;1.638332e-02;1.775365e-02;1.789404e-02;3.946245e-02;3.044457e-01;3.422994e-01;4.370319e-02;5.583318e-02;6.256981e-02;2.480456e-03
3.143162e-02;5.313167e-02;1.290192e-02;1.413729e-02;1.491741e-02;3.719452e-02;3.562331e-01;3.103037e-01;5.039949e-02;5.847133e-02;5.544363e-02;5.434356e-03
2.507428e-02;4.749775e-02;1.549361e-02;2.046243e-02;1.608125e-02;4.281523e-02;3.774599e-01;2.516128e-01;6.439564e-02;7.421385e-02;5.510892e-02;9.784291e-03
6.051483e-02;3.788999e-02;2.022484e-02;3.092982e-02;1.974595e-02;3.923411e-02;2.457081e-01;2.059262e-01;1.267590e-01;1.185039e-01;7.928415e-02;1.527906e-02
6.029909e-02;2.953978e-02;3.987287e-02;2.751100e-02;2.671272e-02;3.169424e-02;2.003920e-01;1.442872e-01;2.465019e-01;1.156290e-01;5.884608e-02;1.871406e-02
4.837355e-02;2.595968e-02;6.402796e-02;4.060157e-02;5.279072e-02;2.084120e-02;2.109312e-01;1.062239e-01;2.915508e-01;8.264219e-02;2.893512e-02;2.712218e-02
4.437995e-02;5.484849e-02;6.157563e-02;5.422834e-02;5.234767e-02;5.054905e-02;2.244647e-01;1.925298e-01;1.694334e-01;4.859806e-02;1.663933e-02;3.040562e-02
4.770447e-02;6.801255e-02;4.846708e-02;4.951561e-02;4.266439e-02;5.080651e-02;1.397849e-01;2.892966e-01;1.434097e-01;6.631014e-02;3.502986e-02;1.899815e-02
6.108021e-02;5.962306e-02;3.571105e-02;7.676399e-02;4.370603e-02;2.863679e-02;9.653032e-02;3.006402e-01;1.436487e-01;7.815893e-02;5.762807e-02;1.787261e-02
6.645036e-02;7.227579e-02;3.217141e-02;9.912100e-02;5.329372e-02;5.474224e-02;9.066588e-02;2.243480e-01;1.178038e-01;6.655863e-02;9.122291e-02;3.134625e-02
7.468575e-02;9.558342e-02;6.504388e-02;5.831029e-02;5.556753e-02;4.759040e-02;1.067484e-01;1.316562e-01;1.402368e-01;7.447218e-02;1.050944e-01;4.501077e-02
7.806839e-02;7.440314e-02;6.921965e-02;5.211338e-02;3.789958e-02;4.078516e-02;9.912019e-02;8.356360e-02;2.507236e-01;1.024943e-01;8.052266e-02;3.108641e-02
9.424418e-02;5.442360e-02;4.525466e-02;5.133282e-02;3.581869e-02;2.656534e-02;8.800358e-02;9.136710e-02;3.166139e-01;9.951884e-02;7.886223e-02;1.799507e-02
1.626869e-01;1.102648e-01;1.815780e-02;3.018599e-02;2.526622e-02;4.083540e-02;1.052202e-01;1.014841e-01;1.638961e-01;5.203380e-02;1.659076e-01;2.406101e-02
1.757260e-01;1.276505e-01;1.656261e-02;3.533723e-02;2.865504e-02;5.287887e-02;1.026117e-01;1.152019e-01;6.615014e-02;4.061335e-02;2.152802e-01;2.333251e-02
1.525004e-01;1.056126e-01;2.366235e-02;6.124806e-02;4.722383e-02;6.368363e-02;8.314196e-02;1.025092e-01;9.748787e-02;4.609860e-02;1.973705e-01;1.946112e-02
1.110486e-01;5.892060e-02;2.745223e-02;9.035534e-02;5.923042e-02;6.479834e-02;7.873334e-02;1.506744e-01;1.731775e-01;4.893049e-02;1.192696e-01;1.740907e-02
8.053531e-02;2.888068e-02;3.483383e-02;7.705891e-02;3.293728e-02;4.924919e-02;1.252978e-01;2.736264e-01;1.837522e-01;2.834775e-02;5.019370e-02;3.528689e-02
3.906400e-02;5.130644e-02;4.902452e-02;3.473675e-02;9.578922e-03;3.424302e-02;1.333631e-01;4.142563e-01;1.240144e-01;2.334469e-02;3.006388e-02;5.700403e-02
2.194304e-02;1.043974e-01;4.954344e-02;1.053710e-02;8.331170e-03;2.752111e-02;1.717697e-01;4.347900e-01;7.335048e-02;2.133027e-02;2.079991e-02;5.568639e-02
3.543805e-02;2.028326e-01;4.637678e-02;9.613990e-03;1.028966e-02;1.735544e-02;2.159033e-01;3.535205e-01;3.800334e-02;1.526690e-02;1.776965e-02;3.762990e-02
8.202729e-02;2.863221e-01;3.026441e-02;1.645515e-02;1.204208e-02;2.335409e-02;2.559547e-01;2.235679e-01;1.697672e-02;8.795871e-03;2.715272e-02;1.708694e-02
1.238241e-01;2.974368e-01;9.905824e-03;2.215321e-02;8.603496e-03;2.558263e-02;2.656165e-01;1.875139e-01;1.520457e-02;5.263548e-03;3.091861e-02;7.976874e-03
1.472858e-01;2.817498e-01;8.177662e-03;2.380643e-02;1.037562e-02;2.713002e-02;2.719144e-01;1.891510e-01;1.306712e-02;4.219736e-03;1.924678e-02;3.875548e-03
9.131157e-02;2.533696e-01;1.096680e-02;1.724871e-02;1.452321e-02;3.608987e-02;3.256207e-01;2.183101e-01;1.452042e-02;4.729402e-03;1.048484e-02;2.824930e-03
3.012102e-02;1.958097e-01;8.309215e-03;8.739979e-03;1.740782e-02;4.658417e-02;4.124007e-01;2.389465e-01;1.502105e-02;8.269223e-03;1.464084e-02;3.749883e-03
3.477325e-02;1.356195e-01;3.336764e-03;5.106665e-03;1.695833e-02;5.046294e-02;4.582968e-01;2.580910e-01;1.058137e-02;8.132129e-03;1.489439e-02;3.746906e-03
2.757086e-02;8.800869e-02;5.713132e-03;4.066768e-03;1.375793e-02;4.479089e-02;4.681068e-01;3.131166e-01;7.828510e-03;7.300933e-03;1.865091e-02;1.087967e-03
1.775733e-02;5.184400e-02;1.014817e-02;7.483249e-03;7.706353e-03;3.460170e-02;4.328141e-01;4.010581e-01;8.850245e-03;1.009477e-02;1.359454e-02;4.047452e-03
9.206467e-03;2.196513e-02;9.521144e-03;1.131437e-02;3.846331e-03;2.448220e-02;3.878859e-01;4.776972e-01;1.439615e-02;1.346502e-02;1.887658e-02;7.343515e-03
3.333206e-02;2.290775e-02;5.341454e-03;1.477271e-02;3.731501e-03;2.146138e-02;3.477201e-01;4.427933e-01;2.173877e-02;1.857753e-02;5.993834e-02;7.685137e-03
6.424854e-02;4.927029e-02;7.656026e-03;1.378844e-02;5.949419e-03;2.339394e-02;3.321946e-01;3.453313e-01;1.927897e-02;2.147182e-02;1.109420e-01;6.474652e-03
8.010537e-02;7.046154e-02;9.791016e-03;1.625992e-02;1.497556e-02;2.980477e-02;3.427745e-01;2.841694e-01;2.856446e-02;2.687280e-02;9.095642e-02;5.264201e-03
8.784021e-02;1.052113e-01;2.135043e-02;2.669928e-02;2.222179e-02;3.735748e-02;1.532616e-01;2.613128e-01;4.888769e-02;4.513682e-02;1.762989e-01;1.442160e-02
6.231607e-02;8.661874e-02;1.871307e-02;1.786788e-02;2.178239e-02;3.161928e-02;2.052345e-01;2.325644e-01;3.341294e-02;4.029396e-02;2.305279e-01;1.904888e-02
7.571561e-02;8.854105e-02;1.610323e-02;1.377996e-02;2.121945e-02;3.489478e-02;2.165631e-01;2.064733e-01;2.553903e-02;3.977120e-02;2.419405e-01;1.945880e-02
1.101311e-01;1.000614e-01;1.348801e-02;1.291895e-02;2.171279e-02;4.337651e-02;2.359035e-01;1.364827e-01;2.436478e-02;4.004581e-02;2.440853e-01;1.742918e-02
1.378971e-01;1.046331e-01;1.636560e-02;2.146127e-02;2.396467e-02;5.090874e-02;2.805727e-01;7.250402e-02;2.326850e-02;3.521055e-02;2.225481e-01;1.066567e-02
1.512711e-01;1.077336e-01;2.390994e-02;2.088104e-02;2.541994e-02;4.589895e-02;2.239685e-01;8.392155e-02;3.520972e-02;4.068201e-02;2.274813e-01;1.362233e-02
1.547904e-01;7.921825e-02;4.148359e-02;4.447307e-02;5.307901e-02;9.974851e-02;1.795573e-01;9.311057e-02;4.544193e-02;5.492482e-02;1.208544e-01;3.331818e-02
8.716749e-02;9.643655e-02;4.450778e-02;5.624273e-02;6.016565e-02;1.022173e-01;1.438930e-01;1.221883e-01;6.341549e-02;5.789312e-02;1.244204e-01;4.145213e-02
1.257997e-01;1.189173e-01;4.323188e-02;3.591117e-02;5.830760e-02;9.591078e-02;1.059415e-01;1.244305e-01;5.210708e-02;4.394991e-02;1.640755e-01;3.141711e-02
1.551291e-01;1.195254e-01;3.138711e-02;2.939314e-02;7.209596e-02;5.734082e-02;1.026306e-01;1.128839e-01;1.991317e-02;3.799466e-02;2.452063e-01;1.649973e-02
1.029417e-01;8.738605e-02;1.873111e-02;2.636196e-02;9.666038e-02;4.980491e-02;1.084643e-01;1.259587e-01;3.524264e-02;5.521613e-02;2.768836e-01;1.634851e-02
6.622816e-02;4.811312e-02;1.933256e-02;8.082059e-02;9.937724e-02;3.859570e-02;1.083686e-01;1.689158e-01;8.879268e-02;6.727385e-02;2.073720e-01;6.809705e-03
5.240844e-02;4.151964e-02;3.321933e-02;1.315232e-01;6.769238e-02;3.837136e-02;1.298867e-01;2.177164e-01;1.451811e-01;4.834964e-02;9.232217e-02;1.809668e-03
4.650703e-02;9.762093e-02;5.346803e-02;9.273715e-02;4.409735e-02;4.454648e-02;1.428864e-01;2.700601e-01;1.188695e-01;2.085137e-02;5.795640e-02;1.039927e-02
7.601511e-02;1.717024e-01;6.001371e-02;3.909759e-02;2.214590e-02;4.834699e-02;1.751457e-01;2.601157e-01;5.390370e-02;2.455597e-02;4.943247e-02;1.952473e-02
1.232471e-01;2.199169e-01;5.351707e-02;3.106122e-02;1.663591e-02;5.239633e-02;2.109864e-01;1.797404e-01;2.303351e-02;2.446293e-02;4.022029e-02;2.478190e-02
8.456976e-02;2.243012e-01;3.795895e-02;1.831745e-02;3.296445e-02;3.549150e-02;3.014095e-01;1.592150e-01;2.672203e-02;1.535604e-02;4.448893e-02;1.920527e-02
3.808939e-02;1.753346e-01;4.618564e-02;1.810130e-02;4.555285e-02;2.579982e-02;2.863359e-01;2.501557e-01;2.635956e-02;1.916065e-02;4.467576e-02;2.424876e-02
3.398782e-02;1.538423e-01;6.165564e-02;2.689951e-02;4.480941e-02;3.190931e-02;2.746415e-01;2.721279e-01;1.594490e-02;1.572972e-02;2.606690e-02;4.238509e-02
1.963562e-02;1.205170e-01;6.148477e-02;2.096300e-02;2.617980e-02;2.750671e-02;2.900438e-01;3.193209e-01;1.291841e-02;1.380404e-02;2.635206e-02;6.127385e-02
2.243247e-02;8.019800e-02;4.334421e-02;1.370687e-02;9.723738e-03;3.083569e-02;3.092968e-01;3.675398e-01;2.336776e-02;1.369060e-02;2.608843e-02;5.977569e-02
3.430327e-02;5.572336e-02;2.691414e-02;3.535792e-02;1.700740e-02;3.756957e-02;2.984821e-01;3.939402e-01;3.499148e-02;1.860239e-02;2.147683e-02;2.563137e-02
4.269892e-02;3.661063e-02;4.359242e-02;4.590230e-02;2.891586e-02;4.884169e-02;2.443907e-01;3.894909e-01;4.440061e-02;2.161356e-02;2.255342e-02;3.098901e-02
3.088272e-02;5.266782e-02;5.233538e-02;3.787923e-02;2.635938e-02;3.859174e-02;1.762154e-01;3.725828e-01;7.936196e-02;3.254185e-02;5.915332e-02;4.142844e-02
4.583652e-02;7.118780e-02;2.737178e-02;4.818698e-02;2.188286e-02;2.041968e-02;1.680818e-01;3.125769e-01;1.120532e-01;4.609715e-02;8.204985e-02;4.425553e-02
1.010348e-01;1.099563e-01;3.416877e-02;9.786616e-02;3.521772e-02;1.593304e-02;1.405930e-01;2.012612e-01;1.177284e-01;4.730368e-02;5.527787e-02;4.365918e-02
1.281980e-01;1.249982e-01;5.388962e-02;1.408395e-01;5.075164e-02;2.280094e-02;1.121694e-01;1.517455e-01;7.651839e-02;2.829174e-02;1.007669e-01;9.030089e-03
8.538811e-02;1.056009e-01;6.757256e-02;1.557266e-01;5.844919e-02;1.685631e-02;1.446890e-01;2.169861e-01;5.052103e-02;1.670997e-02;5.961057e-02;2.188966e-02
7.937485e-02;8.067868e-02;6.425680e-02;1.167339e-01;4.882079e-02;3.961316e-02;1.915130e-01;2.246934e-01;3.339455e-02;2.256822e-02;6.746080e-02;3.089195e-02
1.085880e-01;1.410335e-01;4.546347e-02;4.820069e-02;5.032614e-02;7.440528e-02;2.401950e-01;1.605867e-01;1.563912e-02;2.023839e-02;6.738628e-02;2.793752e-02
1.470916e-01;1.697804e-01;2.346638e-02;2.891685e-02;5.267804e-02;8.727103e-02;2.329533e-01;1.142061e-01;1.502080e-02;1.957950e-02;9.102890e-02;1.800712e-02
1.964844e-01;1.138749e-01;5.387241e-02;4.842072e-02;4.092972e-02;6.366283e-02;1.229837e-01;1.540158e-01;5.514767e-02;2.185692e-02;1.138059e-01;1.494503e-02
1.331945e-01;1.158250e-01;5.897363e-02;7.246042e-02;5.388948e-02;4.571139e-02;1.341811e-01;1.480798e-01;7.343554e-02;2.952313e-02;1.099848e-01;2.474114e-02
9.485172e-02;7.998935e-02;4.735149e-02;8.151811e-02;5.823436e-02;7.350377e-02;1.969193e-01;1.350799e-01;5.381466e-02;6.450810e-02;6.179054e-02;5.243868e-02
1.168787e-01;9.006330e-02;5.339773e-02;8.005860e-02;4.110157e-02;5.517685e-02;1.511878e-01;1.744838e-01;6.158707e-02;7.522720e-02;5.922348e-02;4.161391e-02
1.097869e-01;1.144724e-01;4.103369e-02;8.428953e-02;3.663444e-02;2.970372e-02;1.050378e-01;2.390804e-01;7.191937e-02;6.926630e-02;6.068313e-02;3.809222e-02
9.716216e-02;1.155719e-01;2.800136e-02;7.865834e-02;4.004026e-02;3.928778e-02;1.182705e-01;2.455099e-01;8.366004e-02;4.426115e-02;7.846627e-02;3.111033e-02
8.881645e-02;1.073890e-01;3.626738e-02;6.008574e-02;5.557764e-02;5.451455e-02;1.553954e-01;1.586930e-01;1.356559e-01;2.217758e-02;9.065462e-02;3.477275e-02
1.675711e-01;1.425951e-01;3.757954e-02;1.073579e-02;2.529573e-02;6.266900e-02;1.528480e-01;1.129481e-01;6.691749e-02;4.316285e-02;1.596397e-01;1.803761e-02
1.455315e-01;1.132435e-01;2.649863e-02;1.325610e-02;2.411575e-02;4.896718e-02;1.875645e-01;1.547796e-01;3.413901e-02;4.735990e-02;1.836470e-01;2.089717e-02
1.010041e-01;4.362501e-02;2.868795e-02;2.207601e-02;3.772274e-02;3.664423e-02;2.089144e-01;2.154579e-01;4.889121e-02;5.294447e-02;1.877266e-01;1.630550e-02
8.563380e-02;6.199035e-02;2.337859e-02;2.949830e-02;3.692257e-02;3.485373e-02;2.428280e-01;2.656417e-01;4.713460e-02;3.412740e-02;1.239737e-01;1.401727e-02
8.812035e-02;8.288205e-02;1.903397e-02;2.861949e-02;2.222116e-02;2.820580e-02;2.647249e-01;2.633273e-01;3.586880e-02;2.831919e-02;1.258288e-01;1.284808e-02
1.043947e-01;6.289668e-02;2.143532e-02;3.783374e-02;2.145923e-02;2.394552e-02;2.825950e-01;2.086844e-01;4.352237e-02;5.382315e-02;1.248890e-01;1.452092e-02
7.663957e-02;2.479431e-02;3.898337e-02;5.182467e-02;2.610582e-02;3.837073e-02;3.140344e-01;1.516211e-01;7.524976e-02;1.004319e-01;8.978260e-02;1.216184e-02
4.307520e-02;3.663040e-02;3.742802e-02;3.248244e-02;2.164785e-02;5.718867e-02;2.755814e-01;1.724214e-01;6.101256e-02;1.235953e-01;1.301903e-01;8.746422e-03
6.106476e-02;2.759294e-02;3.892583e-02;2.933184e-02;2.183308e-02;5.651820e-02;2.294807e-01;1.509859e-01;5.292203e-02;1.340396e-01;1.855824e-01;1.172280e-02
6.615496e-02;3.173859e-02;3.065873e-02;1.547073e-02;2.796277e-02;5.648934e-02;2.066833e-01;1.264502e-01;4.683316e-02;1.305997e-01;2.536311e-01;7.327379e-03
6.574760e-02;2.729851e-02;3.147453e-02;1.211597e-02;3.198828e-02;5.565574e-02;2.164084e-01;1.021073e-01;6.607840e-02;1.318990e-01;2.531603e-01;6.065836e-03
5.971054e-02;3.526285e-02;3.189295e-02;2.712524e-02;2.956272e-02;5.333560e-02;2.495131e-01;1.087101e-01;8.268036e-02;1.239394e-01;1.895091e-01;8.758033e-03
9.237252e-02;2.291147e-02;2.527322e-02;3.685995e-02;1.969980e-02;3.403127e-02;2.451497e-01;1.694158e-01;8.777209e-02;1.094976e-01;1.518827e-01;5.133951e-03
9.339337e-02;2.396885e-02;1.427394e-02;4.098750e-02;1.870209e-02;2.299226e-02;2.642827e-01;2.440608e-01;7.567332e-02;7.908837e-02;1.127372e-01;9.839587e-03
7.279564e-02;3.646124e-02;1.355700e-02;2.415458e-02;2.023024e-02;3.574350e-02;2.784261e-01;3.335130e-01;4.680298e-02;4.740705e-02;6.480569e-02;2.610302e-02
4.693287e-02;4.455513e-02;2.024374e-02;1.818513e-02;2.177997e-02;3.770348e-02;3.098868e-01;3.812844e-01;2.628059e-02;3.142546e-02;1.646007e-02;4.526240e-02
2.813091e-02;4.333970e-02;2.224608e-02;1.763908e-02;3.217174e-02;2.610575e-02;3.461618e-01;3.591385e-01;2.880862e-02;2.411381e-02;3.808929e-02;3.405463e-02
3.974462e-02;7.427621e-02;2.047845e-02;2.982612e-02;3.112812e-02;4.162652e-02;3.719009e-01;2.658568e-01;3.774108e-02;2.321991e-02;4.771572e-02;1.648565e-02
8.402502e-02;9.518313e-02;3.068786e-02;5.559378e-02;1.971549e-02;6.029635e-02;3.297550e-01;1.880088e-01;4.856998e-02;2.870110e-02;4.014929e-02;1.931423e-02
1.193359e-01;7.685168e-02;4.413407e-02;6.307833e-02;5.537299e-02;6.651749e-02;2.150328e-01;1.509801e-01;5.975309e-02;3.202907e-02;6.521753e-02;5.169702e-02
9.993471e-02;6.428912e-02;3.399682e-02;6.699996e-02;7.195047e-02;4.715246e-02;1.368596e-01;1.852249e-01;6.443792e-02;1.997298e-02;1.338043e-01;7.537677e-02
5.904732e-02;5.677398e-02;2.667892e-02;9.333757e-02;4.859871e-02;3.212452e-02;9.934844e-02;2.169187e-01;5.524511e-02;1.538611e-02;2.170806e-01;7.946010e-02
8.104721e-02;5.035664e-02;4.950115e-02;9.093271e-02;2.678725e-02;1.995766e-02;1.367347e-01;1.740611e-01;3.957955e-02;4.550708e-02;2.256072e-01;5.992777e-02
1.047690e-01;8.199689e-02;8.186562e-02;4.180728e-02;2.771485e-02;2.626983e-02;1.741598e-01;9.668569e-02;4.338569e-02;8.762594e-02;1.779051e-01;5.581428e-02
1.160572e-01;1.196764e-01;6.517904e-02;5.256151e-02;3.268252e-02;3.382370e-02;1.368588e-01;6.477702e-02;4.705152e-02;9.265726e-02;1.336089e-01;1.050661e-01
9.241284e-02;1.819561e-01;6.106507e-02;3.901938e-02;2.162882e-02;5.646655e-02;7.717355e-02;1.011070e-01;5.712877e-02;5.759300e-02;1.223397e-01;1.321093e-01
1.011587e-01;2.022324e-01;6.839929e-02;6.479709e-02;1.282380e-02;4.263839e-02;6.031947e-02;1.155383e-01;9.062521e-02;3.479100e-02;1.274568e-01;7.921957e-02
1.191294e-01;1.864035e-01;4.941485e-02;8.293562e-02;3.376917e-02;5.694816e-02;7.625726e-02;9.177760e-02;1.044665e-01;4.421399e-02;1.094124e-01;4.527156e-02
1.672943e-01;1.703337e-01;3.567835e-02;9.013875e-02;3.335787e-02;4.449195e-02;9.762441e-02;1.014412e-01;8.481082e-02;2.875593e-02;9.427557e-02;5.179718e-02
2.074340e-01;1.454825e-01;4.235198e-02;8.203458e-02;2.343175e-02;4.183902e-02;1.152872e-01;1.459995e-01;5.788424e-02;2.587362e-02;5.796911e-02;5.441248e-02
2.635700e-01;1.180873e-01;3.245717e-02;6.354360e-02;2.807752e-02;4.637610e-02;9.416473e-02;1.647336e-01;3.531479e-02;3.581281e-02;5.872921e-02;5.913330e-02
3.105843e-01;1.569945e-01;4.001873e-02;3.137470e-02;3.384257e-02;3.046181e-02;7.630349e-02;1.454075e-01;3.297190e-02;4.340284e-02;5.625742e-02;4.238027e-02
3.390417e-01;1.587303e-01;3.457988e-02;1.907771e-02;3.704596e-02;4.424778e-02;9.681155e-02;1.061003e-01;2.766875e-02;4.447680e-02;7.112248e-02;2.109686e-02
2.920333e-01;1.534215e-01;2.988111e-02;2.135958e-02;4.506281e-02;6.308630e-02;1.235010e-01;8.109282e-02;4.508283e-02;4.300960e-02;6.817204e-02;3.429719e-02
2.127825e-01;1.231880e-01;4.865789e-02;2.137508e-02;4.555195e-02;5.080381e-02;1.431330e-01;1.182466e-01;4.044678e-02;3.142174e-02;1.191863e-01;4.520620e-02
2.264812e-01;1.905506e-01;4.993875e-02;2.632360e-02;2.789305e-02;2.915141e-02;1.302610e-01;1.237839e-01;2.682048e-02;2.157870e-02;1.160800e-01;3.113724e-02
2.432121e-01;2.458293e-01;4.177288e-02;1.783055e-02;2.301060e-02;2.037173e-02;1.213710e-01;1.368385e-01;2.348562e-02;1.906953e-02;8.631653e-02;2.089167e-02
2.484549e-01;2.144405e-01;3.446451e-02;2.413352e-02;2.571070e-02;2.204191e-02;1.276407e-01;1.770044e-01;2.464600e-02;2.267077e-02;6.139268e-02;1.739933e-02
2.455820e-01;1.444310e-01;3.741574e-02;3.292476e-02;2.790116e-02;2.650997e-02;1.407052e-01;2.219758e-01;2.049905e-02;2.421943e-02;5.385974e-02;2.397616e-02
2.103385e-01;8.862727e-02;3.704077e-02;4.355690e-02;3.492275e-02;2.908750e-02;1.422293e-01;2.178241e-01;4.785517e-02;3.854704e-02;5.832125e-02;5.164947e-02
1.470271e-01;6.757792e-02;2.196522e-02;4.668668e-02;3.231401e-02;3.858916e-02;1.281831e-01;1.975399e-01;8.008120e-02;5.984509e-02;9.471670e-02;8.547394e-02
1.108239e-01;7.870144e-02;3.789365e-02;5.373022e-02;2.477938e-02;2.772781e-02;1.252478e-01;1.715912e-01;7.169368e-02;5.383452e-02;1.341911e-01;1.097853e-01
1.141012e-01;9.881783e-02;6.496284e-02;8.157368e-02;3.477985e-02;2.346291e-02;1.413160e-01;1.113479e-01;6.346513e-02;4.826168e-02;1.155899e-01;1.023212e-01
