9.662377e-02;5.891838e-02;1.194079e-01;6.298438e-02;4.104776e-02;6.135326e-02;1.271291e-01;1.169051e-01;1.065076e-01;6.525800e-02;5.382418e-02;9.004061e-02
7.229992e-02;7.439277e-02;1.142793e-01;7.106349e-02;4.768232e-02;6.801727e-02;1.134896e-01;1.298387e-01;8.771182e-02;6.002891e-02;5.342843e-02;1.077676e-01
8.847395e-02;9.549834e-02;9.737136e-02;7.258897e-02;6.723623e-02;5.808735e-02;1.378649e-01;1.256322e-01;8.455555e-02;5.189272e-02;4.360959e-02;7.718889e-02
9.083644e-02;1.214399e-01;6.683379e-02;7.005014e-02;1.033345e-01;3.710278e-02;1.393418e-01;1.057420e-01;1.047356e-01;4.095847e-02;4.508886e-02;7.453575e-02
5.414145e-02;1.454854e-01;6.756996e-02;6.988043e-02;1.243966e-01;5.551253e-02;1.229395e-01;9.568083e-02;9.683406e-02;4.731908e-02;4.969869e-02;7.054146e-02
8.784140e-02;1.156397e-01;1.035440e-01;7.044226e-02;1.174923e-01;8.453228e-02;9.143186e-02;9.172219e-02;6.492326e-02;6.463074e-02;3.468757e-02;7.311239e-02
1.379406e-01;5.356969e-02;1.214359e-01;9.577886e-02;1.050085e-01;8.462865e-02;8.437781e-02;6.208783e-02;8.670557e-02;8.529933e-02;2.075538e-02;6.241193e-02
1.221835e-01;6.199811e-02;8.743683e-02;9.257428e-02;9.190147e-02;7.080486e-02;1.389808e-01;6.330884e-02;1.267529e-01;6.809425e-02;2.288903e-02;5.307508e-02
7.104556e-02;6.758879e-02;1.761721e-01;7.213705e-02;6.926648e-02;5.857808e-02;1.293593e-01;6.649069e-02;1.252761e-01;7.096277e-02;4.347357e-02;4.964948e-02
7.064505e-02;5.806159e-02;2.299380e-01;7.002542e-02;5.859081e-02;4.387062e-02;1.193650e-01;4.771878e-02;7.563879e-02;1.033250e-01;6.080415e-02;6.201676e-02
6.742177e-02;6.679943e-02;2.833869e-01;6.579290e-02;5.173298e-02;3.312577e-02;8.623950e-02;3.404827e-02;3.871711e-02;1.356172e-01;6.359396e-02;7.352418e-02
5.314516e-02;1.313324e-01;2.688138e-01;4.305382e-02;3.375025e-02;2.964579e-02;4.246747e-02;2.249643e-02;1.010687e-01;1.316766e-01;4.381120e-02;9.873837e-02
8.375175e-02;2.148111e-01;1.541924e-01;2.875656e-02;2.584754e-02;2.755918e-02;2.238143e-02;3.990857e-02;1.756604e-01;8.147165e-02;4.593516e-02;9.972426e-02
1.767956e-01;1.927088e-01;8.392644e-02;2.268753e-02;5.819476e-02;1.335489e-02;2.157309e-02;1.164251e-01;1.355397e-01;5.993087e-02;5.483665e-02;6.402665e-02
2.845168e-01;8.421216e-02;7.609765e-02;2.096472e-02;9.185850e-02;1.041165e-02;3.273606e-02;2.115817e-01;3.726841e-02;4.539019e-02;4.838596e-02;5.657624e-02
2.493749e-01;3.656881e-02;5.838859e-02;3.211933e-02;7.458574e-02;1.456566e-02;8.595596e-02;2.089290e-01;4.442835e-02;4.101195e-02;4.913557e-02;1.049361e-01
1.589508e-01;3.446656e-02;5.073155e-02;5.690627e-02;3.517614e-02;2.212134e-02;1.959971e-01;1.588397e-01;6.454829e-02;3.519312e-02;4.321603e-02;1.438531e-01
2.126644e-01;4.940499e-02;5.485282e-02;3.996076e-02;2.747389e-02;2.283926e-02;2.806784e-01;1.115245e-01;5.149290e-02;2.024028e-02;3.277724e-02;9.609053e-02
2.460141e-01;4.384771e-02;5.324771e-02;2.700733e-02;3.737522e-02;1.233723e-02;2.428255e-01;1.847710e-01;4.232787e-02;2.767216e-02;3.895255e-02;4.362165e-02
2.240764e-01;3.491016e-02;4.723058e-02;2.407259e-02;3.299814e-02;1.227079e-02;1.929960e-01;2.487782e-01;4.593421e-02;3.273797e-02;4.525955e-02;5.873546e-02
2.118241e-01;5.035158e-02;6.012656e-02;2.107600e-02;4.147544e-02;1.059873e-02;1.241926e-01;2.843401e-01;4.499577e-02;3.831243e-02;5.290846e-02;5.979825e-02
2.184552e-01;4.790726e-02;7.248892e-02;3.640069e-02;6.607310e-02;1.285377e-02;9.467015e-02;2.421362e-01;4.855398e-02;2.911052e-02;5.694980e-02;7.440045e-02
2.695478e-01;5.485746e-02;5.477512e-02;3.258935e-02;1.039114e-01;1.981103e-02;8.507547e-02;1.348500e-01;1.226933e-01;2.568064e-02;4.028826e-02;5.592014e-02
2.909440e-01;7.628544e-02;4.484680e-02;1.384661e-02;1.371530e-01;1.146350e-02;5.751338e-02;1.560364e-01;1.273091e-01;3.137820e-02;1.597525e-02;3.724835e-02
3.261043e-01;5.082523e-02;3.923554e-02;1.810107e-02;1.698652e-01;7.335249e-03;2.618421e-02;2.463956e-01;4.873788e-02;2.334930e-02;1.340852e-02;3.045788e-02
3.547658e-01;2.687760e-02;4.631521e-02;1.058938e-02;1.714117e-01;9.343450e-03;1.616500e-02;2.779414e-01;1.065634e-02;1.662400e-02;2.963340e-02;2.967671e-02
3.610317e-01;3.744138e-02;4.980227e-02;8.497886e-03;1.641394e-01;4.539571e-03;2.937410e-02;2.385460e-01;2.519056e-02;1.911284e-02;3.988537e-02;2.243887e-02
3.395944e-01;6.701916e-02;5.581948e-02;9.567456e-03;1.491801e-01;1.306254e-02;3.848423e-02;1.812839e-01;6.441490e-02;3.385499e-02;2.728035e-02;2.043855e-02
2.319722e-01;1.611514e-01;5.082322e-02;1.798096e-02;9.386056e-02;2.542314e-02;2.819341e-02;1.068097e-01;1.752254e-01;3.818034e-02;3.565430e-02;3.472545e-02
1.264254e-01;2.184231e-01;7.097564e-02;1.822062e-02;5.183600e-02;3.666492e-02;2.344892e-02;5.933321e-02;2.528271e-01;3.686359e-02;4.016346e-02;6.481807e-02
7.903959e-02;1.988268e-01;1.055969e-01;1.420482e-02;4.335861e-02;3.725883e-02;3.102788e-02;8.199265e-02;2.462065e-01;3.980612e-02;2.865708e-02;9.402428e-02
1.246727e-01;1.449665e-01;1.180094e-01;1.375286e-02;4.671399e-02;3.684550e-02;4.608257e-02;1.082216e-01;2.088109e-01;3.988282e-02;2.335260e-02;8.868872e-02
1.728813e-01;1.058589e-01;1.111870e-01;1.322225e-02;7.419240e-02;4.467576e-02;5.155252e-02;8.676114e-02;1.888562e-01;4.397278e-02;3.506755e-02;7.177228e-02
1.752685e-01;1.142122e-01;9.779575e-02;1.156126e-02;1.250822e-01;3.693984e-02;4.942192e-02;6.091245e-02;1.852600e-01;5.615301e-02;4.208175e-02;4.531125e-02
1.264512e-01;8.408116e-02;5.324847e-02;1.421808e-02;1.189779e-01;2.242826e-02;5.016444e-02;9.715796e-02;2.567161e-01;7.422628e-02;6.989102e-02;3.243911e-02
1.234818e-01;3.555332e-02;6.532911e-02;1.582448e-02;7.030751e-02;2.614881e-02;6.405973e-02;1.733895e-01;2.640498e-01;5.223344e-02;7.185604e-02;3.776644e-02
1.945804e-01;1.043439e-01;9.558865e-02;1.281678e-02;5.051755e-02;2.509162e-02;6.332047e-02;1.471878e-01;1.815265e-01;3.294009e-02;5.033255e-02;4.175373e-02
2.668414e-01;1.936041e-01;1.164042e-01;1.269598e-02;3.001837e-02;1.033610e-02;3.892164e-02;1.180074e-01;1.128511e-01;3.000367e-02;2.919855e-02;4.111746e-02
3.320592e-01;1.896436e-01;1.087442e-01;8.024305e-03;3.238466e-02;1.437243e-02;2.120274e-02;1.281177e-01;7.624029e-02;2.324804e-02;3.051376e-02;3.544903e-02
3.508652e-01;1.369444e-01;9.743979e-02;5.825583e-03;4.555398e-02;2.155535e-02;4.222498e-02;1.254277e-01;6.735188e-02;1.693971e-02;4.529371e-02;4.457771e-02
3.022931e-01;8.127053e-02;1.251579e-01;1.442734e-02;4.712060e-02;2.533992e-02;6.864332e-02;1.168776e-01;9.708016e-02;2.660909e-02;4.227012e-02;5.291030e-02
2.561122e-01;3.006818e-02;1.300302e-01;1.908228e-02;4.082593e-02;3.081514e-02;1.076658e-01;1.135004e-01;1.452083e-01;4.560306e-02;3.149794e-02;4.959057e-02
3.048889e-01;4.750084e-02;5.307253e-02;1.070394e-02;4.256418e-02;3.209228e-02;9.896326e-02;1.371950e-01;1.441757e-01;4.865053e-02;3.772895e-02;4.246383e-02
2.851236e-01;7.586749e-02;6.041487e-02;1.115858e-02;3.076248e-02;4.613525e-02;4.252695e-02;1.385923e-01;1.392914e-01;5.450497e-02;5.034802e-02;6.527405e-02
2.440496e-01;8.131015e-02;6.271704e-02;1.237635e-02;4.928302e-02;4.437500e-02;1.881067e-02;1.547339e-01;1.636615e-01;4.073027e-02;5.281395e-02;7.513861e-02
1.941583e-01;8.579618e-02;7.309827e-02;1.271030e-02;5.919696e-02;3.945855e-02;3.716286e-02;1.562832e-01;1.756462e-01;4.661410e-02;5.223010e-02;6.764501e-02
2.041175e-01;8.870297e-02;7.912821e-02;1.384655e-02;5.828893e-02;3.448641e-02;4.434618e-02;1.321154e-01;1.884263e-01;5.404595e-02;4.005797e-02;6.243756e-02
2.213779e-01;9.774438e-02;8.944163e-02;1.573127e-02;6.541137e-02;2.556124e-02;5.108038e-02;1.250849e-01;1.623583e-01;5.022522e-02;3.976929e-02;5.621400e-02
1.892270e-01;8.981309e-02;1.019035e-01;2.106757e-02;6.620103e-02;3.221465e-02;7.207346e-02;1.208313e-01;1.238001e-01;5.585927e-02;8.025097e-02;4.675809e-02
1.477669e-01;1.037139e-01;1.023773e-01;2.943690e-02;5.105989e-02;3.824050e-02;5.750207e-02;1.211224e-01;1.554346e-01;7.619878e-02;7.815725e-02;3.898950e-02
9.768990e-02;1.132709e-01;1.262209e-01;5.406331e-02;3.494484e-02;5.175608e-02;5.629649e-02;1.375372e-01;1.636775e-01;5.891496e-02;6.702238e-02;3.860546e-02
1.147897e-01;1.215732e-01;9.637070e-02;5.889593e-02;2.831623e-02;5.909375e-02;1.091930e-01;1.476280e-01;1.082151e-01;4.050957e-02;6.098584e-02;5.442904e-02
1.785936e-01;9.254284e-02;7.070124e-02;4.982156e-02;3.194134e-02;5.958845e-02;1.321184e-01;1.035724e-01;7.326531e-02;4.649772e-02;7.704808e-02;8.430917e-02
1.499539e-01;5.622005e-02;8.073878e-02;4.054509e-02;4.107162e-02;5.454243e-02;1.746737e-01;8.332821e-02;9.376454e-02;4.914082e-02;8.472722e-02;9.129352e-02
8.962342e-02;4.776883e-02;9.365396e-02;3.052274e-02;5.627981e-02;7.851700e-02;1.649759e-01;7.056222e-02;1.158014e-01;6.304402e-02;1.084810e-01;8.076973e-02
1.024904e-01;6.351794e-02;6.884074e-02;2.611058e-02;5.002747e-02;1.065663e-01;1.297866e-01;3.913124e-02;9.587008e-02;8.496003e-02;1.561384e-01;7.656027e-02
6.015512e-02;4.509604e-02;9.374841e-02;2.924710e-02;3.828539e-02;1.125998e-01;1.074274e-01;4.597252e-02;1.271506e-01;9.517431e-02;1.869557e-01;5.818757e-02
1.158550e-01;3.708961e-02;8.056963e-02;4.082061e-02;2.989208e-02;9.862239e-02;6.380012e-02;6.502703e-02;1.258916e-01;9.333828e-02;1.797716e-01;6.932198e-02
1.347452e-01;4.584225e-02;9.047764e-02;3.598384e-02;2.186353e-02;8.664441e-02;8.988015e-02;7.293013e-02;9.142532e-02;7.819692e-02;1.841220e-01;6.788870e-02
9.415138e-02;4.873123e-02;8.115956e-02;2.407408e-02;2.368448e-02;8.671907e-02;9.871604e-02;8.673283e-02;1.216687e-01;9.106856e-02;1.801599e-01;6.313412e-02
1.412498e-01;3.583693e-02;9.558322e-02;2.192493e-02;2.039732e-02;9.217788e-02;4.039820e-02;6.753355e-02;1.483517e-01;9.516635e-02;1.734557e-01;6.792440e-02
1.580157e-01;4.383337e-02;1.020736e-01;1.528296e-02;1.334271e-02;6.643049e-02;5.779030e-02;4.462772e-02;1.637010e-01;1.017036e-01;1.656093e-01;6.758929e-02
1.803629e-01;5.040397e-02;1.226483e-01;5.304997e-02;3.554761e-02;4.342776e-02;7.950151e-02;6.049925e-02;1.237289e-01;6.655425e-02;9.607723e-02;8.819832e-02
1.837404e-01;9.037071e-02;1.492607e-01;7.035584e-02;4.456460e-02;5.655702e-02;1.334950e-01;7.255696e-02;6.468934e-02;4.535121e-02;4.323912e-02;4.581905e-02
2.066846e-01;9.780760e-02;1.296031e-01;6.253108e-02;4.558099e-02;5.745154e-02;1.599191e-01;1.151010e-01;4.104058e-02;3.407608e-02;2.395078e-02;2.625357e-02
2.590511e-01;7.845090e-02;9.443367e-02;4.284485e-02;4.981268e-02;3.890343e-02;1.325998e-01;1.691875e-01;5.351946e-02;2.323361e-02;2.982301e-02;2.813997e-02
3.393792e-01;5.226822e-02;1.055451e-01;2.200274e-02;5.443249e-02;1.665111e-02;5.383691e-02;1.989663e-01;4.755773e-02;2.630055e-02;4.251505e-02;4.054458e-02
3.925431e-01;5.237964e-02;9.426308e-02;1.229607e-02;6.700619e-02;1.086794e-02;1.924743e-02;1.829351e-01;4.428959e-02;3.303312e-02;4.109183e-02;5.004682e-02
3.657347e-01;9.206704e-02;9.680889e-02;1.548926e-02;6.836150e-02;1.177688e-02;1.514051e-02;1.605952e-01;6.182228e-02;2.481811e-02;4.484616e-02;4.253948e-02
3.443398e-01;1.022825e-01;1.189264e-01;1.583439e-02;6.031844e-02;1.350770e-02;3.111817e-02;1.638153e-01;4.810765e-02;2.404174e-02;4.785768e-02;2.985018e-02
3.146434e-01;1.411483e-01;1.306848e-01;1.795430e-02;4.072531e-02;1.469478e-02;3.011025e-02;1.484517e-01;7.940775e-02;2.003531e-02;4.127699e-02;2.086713e-02
2.565040e-01;1.968548e-01;1.535466e-01;2.263620e-02;2.461030e-02;1.890043e-02;2.626894e-02;1.107114e-01;9.148762e-02;3.299152e-02;3.475456e-02;3.073371e-02
2.078313e-01;2.001716e-01;1.752690e-01;2.636624e-02;2.983214e-02;2.290352e-02;3.648815e-02;7.559609e-02;7.302010e-02;6.692109e-02;4.250672e-02;4.309408e-02
1.899041e-01;1.481922e-01;2.100790e-01;3.782903e-02;4.571846e-02;2.229874e-02;4.109446e-02;6.549577e-02;1.050081e-01;6.868831e-02;3.902478e-02;2.666715e-02
1.680339e-01;1.810952e-01;2.339802e-01;2.533053e-02;3.690549e-02;1.654058e-02;3.281276e-02;8.117274e-02;1.029629e-01;5.705166e-02;3.166910e-02;3.244496e-02
1.671961e-01;1.925003e-01;2.514705e-01;2.545401e-02;2.105394e-02;2.433136e-02;3.508477e-02;9.077053e-02;9.777138e-02;3.991992e-02;2.414551e-02;3.030173e-02
1.618100e-01;1.564811e-01;2.448639e-01;3.270161e-02;4.628824e-02;2.528814e-02;5.886588e-02;1.036572e-01;8.537826e-02;4.258066e-02;2.310119e-02;1.898377e-02
1.552361e-01;1.259187e-01;1.857189e-01;4.565161e-02;6.324960e-02;2.818686e-02;5.818206e-02;1.264680e-01;7.628592e-02;5.657845e-02;5.016036e-02;2.836339e-02
1.505481e-01;9.928934e-02;1.372509e-01;4.791898e-02;7.098825e-02;2.452673e-02;6.131416e-02;1.709658e-01;7.606753e-02;5.246822e-02;6.624899e-02;4.241304e-02
1.572165e-01;7.077985e-02;1.199930e-01;3.298384e-02;6.817100e-02;3.541884e-02;6.164599e-02;2.257439e-01;8.580031e-02;3.747921e-02;6.019131e-02;4.457621e-02
1.588041e-01;5.106518e-02;1.027581e-01;6.410637e-02;6.011297e-02;3.582493e-02;4.764670e-02;1.879256e-01;1.497060e-01;4.856347e-02;6.215357e-02;3.133289e-02
1.425633e-01;6.467917e-02;1.166181e-01;5.120656e-02;9.277418e-02;5.207334e-02;7.868718e-02;1.071219e-01;1.177491e-01;8.422995e-02;5.398880e-02;3.830843e-02
1.430570e-01;1.070334e-01;1.430023e-01;2.757388e-02;1.150523e-01;5.794974e-02;8.910580e-02;8.746143e-02;5.985048e-02;7.717279e-02;3.410536e-02;5.863554e-02
1.719686e-01;1.080908e-01;1.653932e-01;3.838680e-02;6.906732e-02;3.927223e-02;7.572602e-02;1.042890e-01;8.052744e-02;5.550639e-02;3.552771e-02;5.624456e-02
2.031178e-01;7.511559e-02;1.775955e-01;3.713841e-02;6.002653e-02;2.622293e-02;9.192471e-02;9.994326e-02;6.854010e-02;7.653898e-02;3.042200e-02;5.341418e-02
1.687540e-01;5.537040e-02;1.513093e-01;5.500038e-02;7.464337e-02;4.290120e-02;1.020563e-01;8.114550e-02;6.720411e-02;8.868639e-02;3.280981e-02;8.011915e-02
1.119795e-01;8.285296e-02;1.205379e-01;6.069030e-02;6.281263e-02;4.668579e-02;9.649146e-02;7.400524e-02;9.860696e-02;9.659289e-02;4.093426e-02;1.078101e-01
1.104700e-01;1.281301e-01;1.408724e-01;5.260610e-02;4.527678e-02;3.556331e-02;9.971224e-02;2.973585e-02;1.306593e-01;7.402125e-02;4.877652e-02;1.041762e-01
1.271698e-01;1.302153e-01;2.069232e-01;4.260574e-02;2.285974e-02;2.273347e-02;1.040637e-01;6.022181e-02;1.116605e-01;7.573643e-02;4.196945e-02;5.384086e-02
1.217631e-01;1.351540e-01;2.100479e-01;3.927198e-02;1.759836e-02;2.098382e-02;1.163684e-01;8.972029e-02;9.733730e-02;8.047778e-02;3.384769e-02;3.742929e-02
1.061942e-01;1.356760e-01;2.183226e-01;3.772607e-02;2.568038e-02;2.320538e-02;1.376903e-01;9.514591e-02;7.932507e-02;7.222770e-02;3.706618e-02;3.174019e-02
8.009293e-02;9.702874e-02;2.343863e-01;3.147625e-02;2.939462e-02;2.676351e-02;1.688939e-01;8.030970e-02;9.919824e-02;5.574999e-02;6.408533e-02;3.262052e-02
1.124725e-01;9.202247e-02;1.827108e-01;3.256601e-02;2.476789e-02;3.617532e-02;1.181281e-01;1.046212e-01;1.375751e-01;3.834179e-02;9.422655e-02;2.639228e-02
1.604494e-01;1.029060e-01;1.523210e-01;2.700463e-02;3.921983e-02;1.952744e-02;1.172767e-01;1.165899e-01;1.160362e-01;2.841296e-02;8.396981e-02;3.628607e-02
1.517675e-01;9.761576e-02;1.523038e-01;5.383818e-02;4.029595e-02;2.480713e-02;1.531820e-01;8.892766e-02;1.011232e-01;4.041088e-02;6.734432e-02;2.838364e-02
1.027419e-01;8.181232e-02;1.554895e-01;7.719938e-02;5.079269e-02;3.395855e-02;1.778624e-01;3.803597e-02;1.050766e-01;6.456712e-02;7.481690e-02;3.764679e-02
1.053547e-01;5.725550e-02;1.791921e-01;6.045311e-02;6.319291e-02;3.888942e-02;1.494158e-01;4.567027e-02;6.942464e-02;7.954954e-02;1.013130e-01;5.028895e-02
1.086886e-01;4.503238e-02;2.275213e-01;3.518264e-02;6.074198e-02;3.422434e-02;1.190716e-01;4.416018e-02;6.869675e-02;8.772604e-02;1.068942e-01;6.206010e-02
1.054778e-01;7.001574e-02;1.889324e-01;5.229327e-02;6.533986e-02;5.596422e-02;9.832761e-02;4.769100e-02;1.005358e-01;8.776644e-02;6.720158e-02;6.045416e-02
5.387234e-02;5.851859e-02;1.301096e-01;8.815987e-02;9.049709e-02;7.962628e-02;1.443381e-01;7.324511e-02;1.098574e-01;9.069683e-02;4.071391e-02;4.036492e-02
3.039538e-02;5.952672e-02;1.359171e-01;6.817178e-02;8.780623e-02;6.556626e-02;1.901157e-01;5.481577e-02;1.518472e-01;8.908848e-02;3.699722e-02;2.975208e-02
5.252735e-02;1.003273e-01;2.567761e-01;3.904381e-02;4.668772e-02;3.661162e-02;1.244449e-01;2.792901e-02;1.500208e-01;1.066688e-01;3.366863e-02;2.529404e-02
4.746491e-02;1.495846e-01;2.581005e-01;4.816236e-02;2.748050e-02;4.182232e-02;6.673708e-02;2.145915e-02;1.784564e-01;1.096236e-01;2.952367e-02;2.158487e-02
4.027068e-02;2.425736e-01;1.947282e-01;3.523265e-02;2.008595e-02;4.132084e-02;3.156666e-02;2.269832e-02;2.529947e-01;8.519541e-02;1.835736e-02;1.497555e-02
7.683407e-02;3.084616e-01;1.007457e-01;2.094062e-02;3.795691e-02;3.150056e-02;1.953309e-02;3.645623e-02;2.701604e-01;5.984214e-02;3.033841e-02;7.230121e-03
1.630032e-01;2.430937e-01;7.208737e-02;1.909654e-02;9.370781e-02;1.464699e-02;1.997641e-02;8.212575e-02;1.655465e-01;4.965266e-02;7.078771e-02;6.275382e-03
2.308595e-01;1.093413e-01;6.740953e-02;1.292298e-02;1.621289e-01;1.814446e-02;2.054079e-02;1.326187e-01;9.984981e-02;3.984874e-02;9.890192e-02;7.433495e-03
2.325293e-01;9.089237e-02;5.322076e-02;2.064567e-02;2.072525e-01;1.967476e-02;1.718866e-02;1.441232e-01;7.411472e-02;2.582090e-02;1.036179e-01;1.091918e-02
1.950444e-01;9.904379e-02;5.067289e-02;2.169506e-02;2.243381e-01;1.708131e-02;1.704699e-02;1.309251e-01;1.063403e-01;2.120509e-02;9.749629e-02;1.911067e-02
1.159119e-01;1.823542e-01;5.710262e-02;1.661820e-02;1.487760e-01;4.457942e-02;1.749747e-02;7.593390e-02;2.169902e-01;2.706769e-02;5.603409e-02;4.113435e-02
4.154246e-02;2.650754e-01;8.854438e-02;1.885448e-02;7.243379e-02;5.620509e-02;9.629562e-03;4.216867e-02;2.663967e-01;3.763995e-02;3.435116e-02;6.715832e-02
5.627677e-02;2.260448e-01;1.937507e-01;2.043696e-02;4.927315e-02;3.309311e-02;1.240417e-02;3.925543e-02;2.035309e-01;8.802526e-02;2.010867e-02;5.780006e-02
7.659519e-02;1.157657e-01;3.120812e-01;3.617701e-02;5.227345e-02;2.800936e-02;3.042751e-02;3.768804e-02;9.449464e-02;1.506739e-01;3.398095e-02;3.183303e-02
9.362236e-02;7.133064e-02;2.907026e-01;6.281616e-02;5.532949e-02;2.217688e-02;4.412473e-02;3.481844e-02;8.900860e-02;1.421464e-01;6.743672e-02;2.648696e-02
1.006190e-01;1.054987e-01;2.131692e-01;5.798792e-02;6.209239e-02;3.824853e-02;4.826686e-02;3.292085e-02;1.456636e-01;1.079120e-01;6.506880e-02;2.255210e-02
7.843386e-02;1.453024e-01;1.961130e-01;3.279970e-02;7.484177e-02;3.707857e-02;4.404057e-02;5.147185e-02;2.023589e-01;7.236929e-02;4.395577e-02;2.123443e-02
6.313212e-02;1.188358e-01;2.024020e-01;1.804469e-02;1.170625e-01;5.055026e-02;2.765468e-02;8.374614e-02;1.778559e-01;6.429590e-02;4.806370e-02;2.835631e-02
8.147672e-02;7.350813e-02;2.475204e-01;2.146433e-02;1.621122e-01;4.288732e-02;2.445191e-02;9.608220e-02;9.681772e-02;5.230428e-02;6.783108e-02;3.354372e-02
1.016238e-01;3.779618e-02;2.242666e-01;2.446219e-02;1.979214e-01;5.605192e-02;3.736058e-02;9.392922e-02;1.088070e-01;3.197584e-02;6.922933e-02;1.657593e-02
9.271890e-02;4.188212e-02;1.919437e-01;3.906899e-02;1.871243e-01;5.032771e-02;6.441268e-02;7.303090e-02;1.226987e-01;6.916710e-02;4.788845e-02;1.973641e-02
8.756649e-02;5.176329e-02;2.006147e-01;4.144755e-02;1.370407e-01;3.940171e-02;6.907368e-02;5.474373e-02;1.303769e-01;1.036818e-01;5.783844e-02;2.645093e-02
1.106202e-01;8.281145e-02;1.853935e-01;4.130781e-02;1.161198e-01;3.002926e-02;5.959231e-02;5.689077e-02;1.075487e-01;1.056543e-01;7.079001e-02;3.324192e-02
1.174860e-01;1.150926e-01;1.299762e-01;3.572127e-02;1.101643e-01;4.624611e-02;9.600631e-02;5.432023e-02;8.197469e-02;8.559711e-02;7.760353e-02;4.981158e-02
1.042904e-01;1.216802e-01;2.215790e-01;3.966714e-02;7.310815e-02;5.919939e-02;1.464465e-01;4.944289e-02;4.087142e-02;4.938944e-02;4.708734e-02;4.723821e-02
1.672722e-01;1.493852e-01;2.092011e-01;2.851068e-02;5.806534e-02;5.520526e-02;1.244660e-01;4.342219e-02;4.460173e-02;4.340149e-02;3.934215e-02;3.712668e-02
2.262593e-01;1.583754e-01;1.443192e-01;3.953918e-02;6.082230e-02;4.441499e-02;1.166082e-01;4.375223e-02;5.148464e-02;4.081237e-02;3.644473e-02;3.716753e-02
2.131108e-01;1.160760e-01;1.468737e-01;4.354247e-02;6.534395e-02;3.553528e-02;1.687775e-01;4.749103e-02;5.826721e-02;3.353364e-02;3.391900e-02;3.752941e-02
1.684085e-01;1.048814e-01;1.468531e-01;4.218512e-02;7.212167e-02;2.812981e-02;2.033696e-01;5.666436e-02;6.599984e-02;4.222462e-02;3.452696e-02;3.463506e-02
1.127727e-01;1.212204e-01;1.488551e-01;3.955596e-02;8.488490e-02;2.531013e-02;1.799368e-01;5.921346e-02;5.670003e-02;6.214888e-02;6.620946e-02;4.319221e-02
1.098646e-01;9.398356e-02;1.778257e-01;2.967918e-02;9.590285e-02;4.639014e-02;1.213312e-01;5.920063e-02;5.780207e-02;7.847567e-02;9.131624e-02;3.822825e-02
1.345124e-01;5.097430e-02;1.436637e-01;3.707156e-02;9.230776e-02;4.322958e-02;1.529132e-01;7.317679e-02;7.380268e-02;9.503115e-02;7.084847e-02;3.246842e-02
1.146873e-01;8.883598e-02;1.255037e-01;3.227868e-02;7.885846e-02;3.312253e-02;1.879668e-01;6.868663e-02;8.905915e-02;9.364640e-02;3.996240e-02;4.739194e-02
1.126286e-01;8.886427e-02;1.688323e-01;4.737697e-02;6.171938e-02;5.056348e-02;1.562092e-01;5.814891e-02;7.594211e-02;7.246114e-02;5.365859e-02;5.359508e-02
1.023557e-01;7.452969e-02;2.225973e-01;5.746307e-02;5.217484e-02;5.787610e-02;1.517846e-01;4.118034e-02;4.392916e-02;5.931337e-02;7.521830e-02;6.157755e-02
7.422582e-02;7.929520e-02;1.844987e-01;6.889417e-02;4.160926e-02;4.056733e-02;1.644302e-01;4.661062e-02;7.902385e-02;6.715313e-02;7.097982e-02;8.271191e-02
1.126675e-01;9.375826e-02;1.381553e-01;7.376487e-02;3.632716e-02;2.515000e-02;1.634473e-01;5.074037e-02;7.745326e-02;7.109538e-02;6.853551e-02;8.890505e-02
1.331784e-01;9.222199e-02;1.334534e-01;6.630191e-02;3.884823e-02;2.938667e-02;1.571988e-01;3.919992e-02;7.244986e-02;7.218461e-02;8.252553e-02;8.305071e-02
1.157633e-01;8.662248e-02;1.530254e-01;5.124671e-02;4.664831e-02;3.506533e-02;1.574329e-01;5.033589e-02;6.719817e-02;9.543074e-02;7.725114e-02;6.397963e-02
1.248154e-01;9.621183e-02;1.142036e-01;5.444766e-02;5.743796e-02;3.554367e-02;1.681304e-01;7.095355e-02;5.375564e-02;9.301963e-02;6.572951e-02;6.575131e-02
1.064233e-01;1.232258e-01;9.924673e-02;5.703881e-02;7.275157e-02;4.844797e-02;1.607809e-01;7.091478e-02;5.905390e-02;7.126801e-02;6.141950e-02;6.942879e-02
1.074336e-01;1.181810e-01;1.035849e-01;5.940835e-02;8.354940e-02;6.425472e-02;1.417922e-01;5.022341e-02;7.576134e-02;6.569285e-02;6.319999e-02;6.691808e-02
1.479295e-01;1.471320e-01;1.261855e-01;4.220062e-02;5.965864e-02;5.930416e-02;9.990522e-02;3.556307e-02;9.149992e-02;7.187396e-02;4.906468e-02;6.968261e-02
1.298782e-01;1.924673e-01;1.398144e-01;5.701371e-02;5.808535e-02;4.837299e-02;6.040256e-02;4.362401e-02;5.646435e-02;7.875729e-02;5.935942e-02;7.576030e-02
1.380014e-01;1.790320e-01;1.499842e-01;7.417792e-02;5.760440e-02;5.341372e-02;7.501274e-02;5.181189e-02;5.900700e-02;5.451385e-02;4.316879e-02;6.427208e-02
1.483003e-01;1.148051e-01;1.496963e-01;7.516789e-02;5.051156e-02;5.372230e-02;1.094647e-01;5.396752e-02;6.362180e-02;3.703508e-02;5.680485e-02;8.690244e-02
1.000599e-01;1.337735e-01;1.006160e-01;6.791333e-02;6.429082e-02;5.818316e-02;1.341003e-01;6.925404e-02;8.154190e-02;4.163998e-02;4.732535e-02;1.013018e-01
1.366756e-01;1.664776e-01;1.239157e-01;4.836697e-02;5.051755e-02;5.043349e-02;1.184928e-01;6.671429e-02;6.366930e-02;4.483903e-02;2.630018e-02;1.035976e-01
1.492938e-01;1.369985e-01;1.749350e-01;3.176018e-02;7.605962e-02;3.880786e-02;9.608831e-02;8.162547e-02;9.647420e-02;4.119344e-02;2.642727e-02;5.033635e-02
2.037801e-01;1.056867e-01;1.698455e-01;2.819666e-02;7.154273e-02;3.148760e-02;8.336014e-02;1.131576e-01;1.053970e-01;3.327062e-02;1.778912e-02;3.648627e-02
2.401203e-01;1.017202e-01;1.310586e-01;4.127075e-02;5.652443e-02;2.309251e-02;8.357725e-02;1.395197e-01;8.773040e-02;2.768151e-02;1.370970e-02;5.399460e-02
2.067309e-01;7.766845e-02;8.688593e-02;9.148860e-02;3.561275e-02;1.837991e-02;1.436788e-01;1.321268e-01;5.255193e-02;3.613960e-02;1.520744e-02;1.035289e-01
8.553906e-02;8.504230e-02;6.116512e-02;1.460201e-01;1.442478e-02;2.748999e-02;2.257135e-01;6.901444e-02;4.526487e-02;3.753319e-02;2.217335e-02;1.806194e-01
8.074437e-02;1.135099e-01;4.333039e-02;1.297753e-01;1.682636e-02;3.989933e-02;2.525901e-01;3.852360e-02;4.920399e-02;2.961502e-02;3.018368e-02;1.757979e-01
8.213495e-02;1.220541e-01;7.281196e-02;8.320712e-02;2.944563e-02;6.231962e-02;2.417526e-01;7.524327e-02;4.759628e-02;3.209169e-02;3.810048e-02;1.132424e-01
8.170222e-02;1.162930e-01;1.145997e-01;5.167818e-02;5.104135e-02;7.696628e-02;2.103827e-01;8.456135e-02;6.688952e-02;3.861580e-02;4.381036e-02;6.345960e-02
1.170226e-01;1.140625e-01;1.235513e-01;4.241446e-02;6.817162e-02;5.670341e-02;1.472201e-01;6.437491e-02;9.778512e-02;6.334483e-02;5.537841e-02;4.997076e-02
8.796864e-02;1.200919e-01;1.085802e-01;1.013695e-01;7.051085e-02;5.428183e-02;9.081369e-02;4.396240e-02;8.878068e-02;7.029251e-02;8.756756e-02;7.578032e-02
9.456288e-02;8.501501e-02;1.136497e-01;9.629560e-02;7.225247e-02;7.395732e-02;1.106051e-01;4.487625e-02;7.608714e-02;6.028901e-02;7.395195e-02;9.845761e-02
1.075220e-01;7.411151e-02;1.140393e-01;7.344757e-02;6.334931e-02;6.576443e-02;1.312948e-01;5.052958e-02;8.119790e-02;6.971502e-02;5.834738e-02;1.106812e-01
9.674534e-02;6.712634e-02;9.431389e-02;6.546983e-02;3.766478e-02;6.615752e-02;1.314840e-01;6.151230e-02;7.376828e-02;7.428254e-02;8.940983e-02;1.420653e-01
5.713077e-02;5.013809e-02;9.014511e-02;1.091910e-01;4.866286e-02;6.754284e-02;1.245134e-01;8.675944e-02;5.033306e-02;6.724700e-02;1.079133e-01;1.404231e-01
4.780139e-02;5.366225e-02;9.537202e-02;1.250978e-01;3.003936e-02;5.184144e-02;1.457988e-01;1.043500e-01;4.824165e-02;6.941601e-02;1.191914e-01;1.091879e-01
7.035113e-02;5.610317e-02;1.201340e-01;7.050098e-02;4.027526e-02;3.735809e-02;1.156194e-01;1.081011e-01;4.270790e-02;7.770152e-02;1.459672e-01;1.151803e-01
1.295097e-01;4.190394e-02;1.215549e-01;4.110168e-02;2.903793e-02;4.048058e-02;8.583933e-02;8.247047e-02;5.578438e-02;8.944598e-02;1.360135e-01;1.468576e-01
2.184829e-01;6.331858e-02;9.362369e-02;5.663212e-02;3.607006e-02;6.670117e-02;1.144650e-01;5.222075e-02;4.671082e-02;6.497817e-02;6.127102e-02;1.255257e-01
2.048977e-01;5.697087e-02;8.000862e-02;5.912692e-02;4.258738e-02;6.824166e-02;2.049434e-01;3.414996e-02;3.413118e-02;4.494574e-02;6.195988e-02;1.080367e-01
1.438150e-01;4.899588e-02;6.011665e-02;6.146936e-02;4.211933e-02;3.802572e-02;2.950579e-01;4.712224e-02;3.168149e-02;4.354441e-02;7.171780e-02;1.163342e-01
1.455471e-01;5.619520e-02;4.645535e-02;6.148192e-02;3.857870e-02;3.055896e-02;3.309431e-01;6.233393e-02;2.974441e-02;3.284767e-02;4.972527e-02;1.155884e-01
1.476959e-01;5.067583e-02;3.635393e-02;7.591300e-02;3.054674e-02;2.176804e-02;3.553735e-01;7.171372e-02;1.730441e-02;3.582914e-02;4.334871e-02;1.134770e-01
1.380924e-01;5.733350e-02;4.927839e-02;7.442874e-02;3.688513e-02;2.974633e-02;3.566853e-01;3.673452e-02;1.866486e-02;3.571188e-02;5.256313e-02;1.138757e-01
8.766000e-02;9.071459e-02;4.982666e-02;5.879501e-02;4.069937e-02;5.515544e-02;3.648530e-01;3.760251e-02;2.692907e-02;2.655824e-02;5.567481e-02;1.055313e-01
8.325344e-02;1.223813e-01;6.403518e-02;4.269954e-02;3.164718e-02;6.201168e-02;3.124017e-01;5.348605e-02;3.968833e-02;3.652564e-02;5.474310e-02;9.712677e-02
1.041453e-01;1.189736e-01;1.067705e-01;4.638483e-02;3.345698e-02;6.443115e-02;2.430144e-01;5.136188e-02;4.390178e-02;5.241836e-02;4.691150e-02;8.822979e-02
5.604350e-02;9.298009e-02;1.349359e-01;7.658677e-02;4.181852e-02;6.663671e-02;2.362954e-01;6.413144e-02;5.389562e-02;6.427602e-02;3.388044e-02;7.851961e-02
9.775391e-02;5.714315e-02;9.392421e-02;1.128953e-01;3.488836e-02;5.776889e-02;1.843189e-01;7.560220e-02;8.771995e-02;7.254403e-02;4.077718e-02;8.466396e-02
9.514676e-02;4.686389e-02;8.796273e-02;1.075363e-01;3.701740e-02;4.146463e-02;1.434724e-01;7.552630e-02;9.774242e-02;7.248820e-02;3.787287e-02;1.569061e-01
9.454966e-02;5.519477e-02;1.135671e-01;8.703359e-02;5.364786e-02;4.590118e-02;1.086983e-01;7.849807e-02;8.082268e-02;5.327065e-02;4.639310e-02;1.824230e-01
1.133295e-01;7.665742e-02;8.472791e-02;6.930733e-02;6.405626e-02;3.994687e-02;8.296210e-02;8.932358e-02;8.162403e-02;4.517248e-02;4.589610e-02;2.069964e-01
1.529088e-01;1.429345e-01;2.022188e-01;5.208508e-02;5.396108e-02;3.310287e-02;9.056586e-02;6.198145e-02;4.662540e-02;4.056137e-02;4.299372e-02;8.006103e-02
1.632200e-01;1.364127e-01;2.462496e-01;5.051307e-02;5.370144e-02;4.924517e-02;1.218664e-01;4.601557e-02;2.473534e-02;3.142915e-02;3.399684e-02;4.261471e-02
1.569767e-01;1.428305e-01;2.057531e-01;4.406561e-02;4.548387e-02;5.713096e-02;1.486397e-01;6.065804e-02;1.647370e-02;2.483532e-02;3.688280e-02;6.026962e-02
1.100585e-01;1.573318e-01;1.165602e-01;3.808587e-02;4.142177e-02;5.748453e-02;1.856408e-01;7.114784e-02;2.633482e-02;3.462167e-02;5.482486e-02;1.064873e-01
2.866569e-01;1.027899e-01;1.281951e-01;2.669100e-02;3.479666e-02;2.546093e-02;1.140227e-01;2.521888e-02;1.705637e-02;4.403325e-02;5.692269e-02;1.381556e-01
2.492678e-01;5.428451e-02;1.254303e-01;4.701732e-02;3.178841e-02;2.921702e-02;9.840156e-02;6.834426e-02;2.181438e-02;4.995850e-02;6.655170e-02;1.579242e-01
2.086848e-01;5.303332e-02;9.986148e-02;5.979371e-02;3.448323e-02;3.260653e-02;1.309315e-01;6.492657e-02;3.140287e-02;5.288856e-02;7.218621e-02;1.592012e-01
1.837734e-01;9.124008e-02;8.395788e-02;5.101120e-02;3.302919e-02;2.892792e-02;1.514151e-01;5.405888e-02;3.801835e-02;5.699178e-02;7.612716e-02;1.514491e-01
2.785681e-01;1.162390e-01;1.032969e-01;3.860545e-02;2.613593e-02;3.186204e-02;1.180793e-01;5.396910e-02;3.231879e-02;4.634373e-02;4.836978e-02;1.062119e-01
3.131108e-01;1.118381e-01;1.034296e-01;3.866197e-02;1.997110e-02;2.725361e-02;1.200962e-01;5.266653e-02;3.754979e-02;4.066387e-02;3.700995e-02;9.774857e-02
2.969451e-01;6.098603e-02;1.010243e-01;5.067090e-02;1.643016e-02;3.871539e-02;1.593761e-01;5.715567e-02;3.397195e-02;3.373170e-02;3.076346e-02;1.202293e-01
2.981075e-01;5.299318e-02;5.664707e-02;5.357260e-02;2.169479e-02;4.486652e-02;1.801566e-01;7.169623e-02;2.687195e-02;2.770760e-02;3.059922e-02;1.350867e-01
2.881840e-01;4.951268e-02;6.730130e-02;5.080570e-02;2.163102e-02;2.994597e-02;1.838402e-01;8.418202e-02;2.153310e-02;3.235342e-02;3.714937e-02;1.335611e-01
2.480159e-01;3.429094e-02;5.245116e-02;7.469923e-02;2.000886e-02;2.444682e-02;2.209204e-01;7.520132e-02;2.444995e-02;3.061114e-02;4.276904e-02;1.521353e-01
1.734107e-01;2.340144e-02;6.039444e-02;8.608066e-02;1.863058e-02;4.058307e-02;2.876739e-01;6.080296e-02;1.856912e-02;2.556384e-02;4.789820e-02;1.569910e-01
1.185461e-01;2.480280e-02;6.922583e-02;7.249076e-02;1.991101e-02;6.554922e-02;3.234904e-01;5.821059e-02;2.095803e-02;3.794318e-02;6.058108e-02;1.282910e-01
7.491383e-02;4.084321e-02;9.125234e-02;4.882572e-02;3.473961e-02;9.277427e-02;2.670779e-01;6.246451e-02;5.327558e-02;5.688403e-02;8.694820e-02;9.000082e-02
4.861513e-02;3.474416e-02;1.013098e-01;3.894271e-02;5.405290e-02;1.084508e-01;1.664680e-01;5.149343e-02;9.934475e-02;8.343899e-02;1.315825e-01;8.155680e-02
1.109381e-01;3.764760e-02;1.274410e-01;4.093767e-02;5.290601e-02;8.117709e-02;8.196228e-02;2.896139e-02;1.076923e-01;7.930773e-02;1.601494e-01;9.087942e-02
1.616893e-01;4.442561e-02;1.041972e-01;2.374300e-02;3.434945e-02;6.506320e-02;7.967571e-02;3.424064e-02;9.305098e-02;7.131507e-02;1.692830e-01;1.189669e-01
1.456341e-01;3.827611e-02;8.155534e-02;1.752518e-02;1.921997e-02;7.044460e-02;1.482506e-01;4.998107e-02;6.438741e-02;8.170933e-02;1.688623e-01;1.141540e-01
1.268949e-01;3.494141e-02;7.255416e-02;2.598290e-02;2.897929e-02;8.101221e-02;1.871847e-01;6.578661e-02;5.169499e-02;1.011243e-01;1.653213e-01;5.852332e-02
1.341623e-01;5.936259e-02;7.231897e-02;4.229143e-02;4.109907e-02;6.362557e-02;1.317289e-01;7.486078e-02;6.655414e-02;9.876346e-02;1.334307e-01;8.180214e-02
9.190112e-02;8.309376e-02;8.732156e-02;5.119525e-02;5.923597e-02;6.749413e-02;1.014516e-01;8.459293e-02;6.958992e-02;9.419776e-02;1.194193e-01;9.050665e-02
1.059959e-01;8.327095e-02;5.144173e-02;4.883439e-02;7.025387e-02;1.108539e-01;7.123809e-02;8.683268e-02;4.977891e-02;7.257599e-02;1.569057e-01;9.201789e-02
1.275645e-01;4.493276e-02;6.441787e-02;3.695515e-02;3.747820e-02;1.339068e-01;1.030549e-01;4.903996e-02;4.349036e-02;5.856099e-02;1.815002e-01;1.190983e-01
8.482976e-02;1.916988e-02;5.709515e-02;3.624253e-02;2.908365e-02;1.751258e-01;1.196055e-01;2.972965e-02;6.983127e-02;7.770298e-02;1.983324e-01;1.032514e-01
5.241075e-02;1.804126e-02;5.868892e-02;3.157165e-02;4.466020e-02;2.096476e-01;1.183528e-01;3.798778e-02;6.487422e-02;8.688642e-02;2.140961e-01;6.278236e-02
5.394069e-02;3.063051e-02;6.380318e-02;2.849679e-02;6.793693e-02;1.958485e-01;9.773146e-02;4.050305e-02;4.140182e-02;1.096531e-01;2.123827e-01;5.767123e-02
6.973016e-02;3.302641e-02;5.771993e-02;4.385317e-02;9.009432e-02;1.647378e-01;7.619835e-02;2.508703e-02;3.521162e-02;1.448490e-01;2.095302e-01;4.996193e-02
3.987815e-02;5.514425e-02;4.870664e-02;6.769725e-02;1.265494e-01;1.328825e-01;8.558479e-02;3.988447e-02;4.572480e-02;1.719349e-01;1.577772e-01;2.823559e-02
2.998608e-02;7.097891e-02;4.441769e-02;9.150142e-02;1.566168e-01;1.109770e-01;7.150706e-02;4.259473e-02;4.944499e-02;1.862495e-01;1.100244e-01;3.570142e-02
4.648855e-02;5.458236e-02;4.869636e-02;1.154437e-01;1.527273e-01;9.609698e-02;7.788380e-02;4.566427e-02;3.969817e-02;1.858448e-01;8.913913e-02;4.773458e-02
3.201951e-02;3.261236e-02;8.796974e-02;1.393801e-01;1.100119e-01;8.449861e-02;8.312886e-02;7.745480e-02;6.624401e-02;1.727144e-01;6.732247e-02;4.664320e-02
3.695120e-02;3.393482e-02;1.681618e-01;1.117385e-01;5.540810e-02;6.608868e-02;1.545252e-01;8.690893e-02;6.154314e-02;1.332467e-01;4.598588e-02;4.550701e-02
5.984918e-02;6.442295e-02;2.009170e-01;5.913907e-02;4.206103e-02;5.612448e-02;1.735892e-01;7.400824e-02;6.654792e-02;9.885140e-02;6.698886e-02;3.750062e-02
4.024060e-02;5.937954e-02;2.036598e-01;3.516616e-02;4.044535e-02;5.277304e-02;2.016068e-01;6.488711e-02;8.218008e-02;1.176185e-01;7.539155e-02;2.665153e-02
4.862932e-02;3.713086e-02;1.852277e-01;3.622601e-02;5.483304e-02;4.676062e-02;2.499555e-01;6.016061e-02;7.410404e-02;1.196350e-01;6.264076e-02;2.469651e-02
6.933116e-02;4.476932e-02;2.082335e-01;2.018514e-02;5.522744e-02;3.867166e-02;2.542314e-01;7.524604e-02;4.888768e-02;1.057003e-01;5.369124e-02;2.582512e-02
8.371536e-02;4.288306e-02;1.872256e-01;4.263614e-02;4.514354e-02;3.394955e-02;2.543909e-01;6.107052e-02;6.948443e-02;1.010890e-01;5.053675e-02;2.787513e-02
4.257571e-02;3.936866e-02;1.856081e-01;4.164520e-02;4.737533e-02;4.885694e-02;2.354451e-01;6.369404e-02;7.997841e-02;1.012750e-01;6.242758e-02;5.174992e-02
6.865419e-02;5.125172e-02;1.902229e-01;4.724723e-02;5.848492e-02;6.059781e-02;1.732121e-01;6.649779e-02;7.896560e-02;8.970343e-02;6.021073e-02;5.495156e-02
1.039844e-01;7.315258e-02;2.147862e-01;4.532565e-02;5.558673e-02;6.252115e-02;1.282578e-01;6.741038e-02;8.224489e-02;8.947771e-02;4.884523e-02;2.840728e-02
6.070575e-02;8.985073e-02;1.881994e-01;4.042559e-02;4.725067e-02;7.388069e-02;1.236510e-01;6.737959e-02;1.173160e-01;9.212881e-02;5.334423e-02;4.586749e-02
8.060238e-02;1.223024e-01;1.202076e-01;4.028402e-02;5.492382e-02;9.336586e-02;1.455592e-01;6.025931e-02;1.313619e-01;7.311799e-02;4.590037e-02;3.211512e-02
