8.768922e-02;6.784313e-02;9.689926e-02;1.255084e-01;8.122651e-02;7.143129e-02;8.017384e-02;1.082169e-01;1.053290e-01;1.014131e-01;3.363265e-02;4.063672e-02
7.554849e-02;7.347012e-02;6.935158e-02;1.172587e-01;7.754922e-02;8.632790e-02;1.000329e-01;8.807922e-02;1.249654e-01;1.035912e-01;3.645840e-02;4.736679e-02
6.493416e-02;7.366728e-02;4.615813e-02;9.351528e-02;7.414615e-02;6.309889e-02;1.418344e-01;1.224459e-01;7.494905e-02;1.163392e-01;5.405279e-02;7.485875e-02
7.198265e-02;6.804740e-02;3.748410e-02;6.609187e-02;7.058560e-02;5.440674e-02;1.193511e-01;1.638195e-01;9.582049e-02;1.134676e-01;7.631942e-02;6.262359e-02
6.785608e-02;7.926629e-02;6.720958e-02;3.469309e-02;7.759089e-02;6.106439e-02;1.099560e-01;1.444224e-01;1.134905e-01;1.012629e-01;9.991125e-02;4.327665e-02
7.658859e-02;6.664153e-02;8.487704e-02;3.688913e-02;6.392460e-02;6.227985e-02;1.810914e-01;9.038731e-02;8.471038e-02;1.126692e-01;9.460415e-02;4.533688e-02
7.814596e-02;5.450911e-02;7.169471e-02;4.110762e-02;3.782799e-02;6.709512e-02;2.124455e-01;1.376324e-01;7.430526e-02;1.016507e-01;7.110312e-02;5.248240e-02
7.127087e-02;5.456469e-02;8.844550e-02;5.205729e-02;3.166601e-02;6.335250e-02;1.892945e-01;1.634596e-01;6.433428e-02;8.456589e-02;7.926719e-02;5.772166e-02
6.900778e-02;5.625432e-02;1.099429e-01;4.870208e-02;3.144727e-02;7.635776e-02;1.548027e-01;1.673081e-01;6.912785e-02;5.412213e-02;8.705999e-02;7.586711e-02
6.501396e-02;6.772164e-02;9.494169e-02;4.319967e-02;4.597569e-02;7.124720e-02;1.820361e-01;1.471629e-01;5.111015e-02;7.850583e-02;8.158550e-02;7.149964e-02
1.007460e-01;6.575525e-02;1.485242e-01;4.865062e-02;8.836117e-02;6.701233e-02;1.251742e-01;1.269182e-01;4.028479e-02;8.295234e-02;5.342031e-02;5.220058e-02
9.702843e-02;1.007798e-01;1.655569e-01;5.990659e-02;1.081412e-01;5.012447e-02;7.298264e-02;1.184878e-01;5.320861e-02;6.904905e-02;4.145724e-02;6.327740e-02
5.553123e-02;1.342750e-01;1.293738e-01;6.110491e-02;8.848082e-02;4.733434e-02;1.235884e-01;1.032580e-01;5.137948e-02;6.021994e-02;6.432528e-02;8.112863e-02
6.335916e-02;1.337055e-01;1.337230e-01;5.599309e-02;7.240223e-02;4.567296e-02;1.577731e-01;8.959963e-02;6.766690e-02;5.683549e-02;5.248783e-02;7.078120e-02
7.126122e-02;1.342668e-01;1.470719e-01;4.106839e-02;5.566876e-02;5.813900e-02;1.416030e-01;9.162150e-02;9.312834e-02;7.671331e-02;4.452699e-02;4.493092e-02
8.122757e-02;1.460570e-01;1.314900e-01;4.984180e-02;1.864976e-02;4.325122e-02;9.850168e-02;1.368563e-01;1.046681e-01;1.028741e-01;4.414691e-02;4.243561e-02
9.582862e-02;1.715511e-01;1.109581e-01;7.034948e-02;3.800161e-02;2.015974e-02;9.133404e-02;1.230603e-01;9.521907e-02;9.416465e-02;4.073541e-02;4.863786e-02
1.676604e-01;1.802572e-01;8.459754e-02;7.421037e-02;4.666005e-02;2.732916e-02;9.603467e-02;7.324834e-02;8.599214e-02;6.793190e-02;3.380717e-02;6.227100e-02
1.560905e-01;1.472644e-01;9.444405e-02;4.855182e-02;5.680378e-02;3.674623e-02;1.186314e-01;9.456331e-02;7.369199e-02;7.592384e-02;3.661605e-02;6.067262e-02
1.217842e-01;1.040938e-01;1.563821e-01;5.195337e-02;4.994511e-02;3.357781e-02;1.186340e-01;8.974387e-02;8.910646e-02;6.589048e-02;6.817560e-02;5.071320e-02
1.367496e-01;7.296036e-02;1.680469e-01;4.603932e-02;5.001824e-02;4.185671e-02;1.241893e-01;7.226151e-02;8.759802e-02;8.597292e-02;7.255215e-02;4.175500e-02
1.477270e-01;8.684008e-02;1.670666e-01;4.818907e-02;4.267266e-02;3.416523e-02;1.214929e-01;7.599383e-02;6.412870e-02;8.590065e-02;4.887241e-02;7.695089e-02
1.738392e-01;1.603532e-01;1.276635e-01;5.168552e-02;2.754015e-02;3.880957e-02;7.922280e-02;5.272368e-02;5.121221e-02;9.091382e-02;4.134470e-02;1.046916e-01
2.400924e-01;1.756025e-01;2.089071e-01;4.753723e-02;2.053019e-02;2.521805e-02;5.523209e-02;2.565877e-02;2.657498e-02;6.802621e-02;3.949808e-02;6.712236e-02
2.334615e-01;1.909810e-01;2.596308e-01;4.583134e-02;2.245375e-02;2.274261e-02;4.699351e-02;1.941484e-02;2.310676e-02;5.174628e-02;3.350373e-02;5.013391e-02
1.816937e-01;1.989600e-01;3.278453e-01;4.197944e-02;2.034309e-02;1.916973e-02;4.671784e-02;3.008206e-02;2.979755e-02;3.723237e-02;3.064200e-02;3.553693e-02
8.399835e-02;1.621086e-01;3.282034e-01;3.259078e-02;2.644555e-02;2.005134e-02;9.098306e-02;5.779339e-02;6.242698e-02;5.431708e-02;4.498925e-02;3.609224e-02
8.066256e-02;1.209043e-01;1.868665e-01;6.041380e-02;5.497790e-02;5.237893e-02;1.365156e-01;4.250205e-02;7.666931e-02;8.413241e-02;4.032633e-02;6.365029e-02
1.564527e-01;8.161735e-02;1.627176e-01;5.933468e-02;6.807711e-02;4.155016e-02;1.179794e-01;5.402926e-02;8.109206e-02;7.376622e-02;4.205571e-02;6.132778e-02
1.723587e-01;4.818834e-02;1.872700e-01;6.791198e-02;8.088849e-02;4.173119e-02;8.003499e-02;3.986417e-02;9.560885e-02;7.246316e-02;3.896433e-02;7.471574e-02
1.643153e-01;6.389493e-02;2.157018e-01;8.550885e-02;8.029810e-02;4.059448e-02;8.727938e-02;4.689298e-02;7.239541e-02;4.775877e-02;4.093805e-02;5.442197e-02
1.063615e-01;7.282137e-02;2.407325e-01;1.272066e-01;1.051155e-01;3.707061e-02;7.189802e-02;4.275285e-02;4.811903e-02;4.017116e-02;5.696044e-02;5.079047e-02
6.083823e-02;6.099455e-02;2.355877e-01;1.688664e-01;1.633817e-01;3.896521e-02;4.579452e-02;2.445581e-02;3.428765e-02;4.610872e-02;6.363603e-02;5.708347e-02
3.794753e-02;5.522517e-02;2.582409e-01;1.902036e-01;1.838658e-01;4.370835e-02;4.327568e-02;1.345998e-02;1.319566e-02;3.471841e-02;6.447593e-02;6.168300e-02
7.841622e-03;3.967622e-02;3.675403e-01;2.099648e-01;1.468984e-01;3.373049e-02;3.253522e-02;1.371174e-02;9.306003e-03;1.736243e-02;7.669076e-02;4.474196e-02
3.077240e-02;4.788160e-02;4.898243e-01;1.692535e-01;8.656343e-02;2.023594e-02;3.370223e-02;1.058730e-02;1.078120e-02;1.846719e-02;5.342323e-02;2.850762e-02
2.129859e-02;6.559665e-02;5.888818e-01;1.148551e-01;6.241749e-02;1.571238e-02;3.650468e-02;6.926987e-03;1.629850e-02;2.989096e-02;2.158874e-02;2.002810e-02
4.267015e-02;8.611107e-02;5.369114e-01;8.542746e-02;7.651988e-02;3.146600e-02;3.185711e-02;1.614989e-02;1.978261e-02;3.878582e-02;1.757625e-02;1.674236e-02
7.430618e-02;9.744897e-02;3.792129e-01;1.010575e-01;1.210505e-01;4.576765e-02;4.418073e-02;1.985079e-02;1.147831e-02;3.694860e-02;2.814793e-02;4.055001e-02
4.783246e-02;6.931928e-02;3.740827e-01;1.122216e-01;1.436395e-01;4.550633e-02;6.619855e-02;2.382028e-02;1.965132e-02;3.320107e-02;2.422156e-02;4.030549e-02
4.463367e-02;6.038307e-02;3.962430e-01;1.082957e-01;1.570650e-01;4.156598e-02;6.515847e-02;2.638511e-02;3.396592e-02;2.738928e-02;2.328712e-02;1.562767e-02
3.115565e-02;6.363579e-02;3.120061e-01;1.192379e-01;1.581108e-01;3.987445e-02;7.025643e-02;4.172177e-02;4.811255e-02;3.624502e-02;4.075311e-02;3.889042e-02
8.343498e-02;8.742862e-02;2.078333e-01;1.124360e-01;1.028675e-01;2.996668e-02;1.142004e-01;5.237072e-02;6.696461e-02;5.247780e-02;3.857704e-02;5.144246e-02
5.767841e-02;7.483149e-02;1.014841e-01;7.998108e-02;8.671644e-02;6.272955e-02;1.465446e-01;8.076178e-02;1.370270e-01;8.902136e-02;4.504137e-02;3.818277e-02
3.410137e-02;5.673831e-02;7.255288e-02;7.259627e-02;6.560507e-02;7.930589e-02;1.825067e-01;8.035800e-02;1.734133e-01;9.727221e-02;5.024172e-02;3.530828e-02
6.058024e-02;5.771906e-02;1.016296e-01;8.363386e-02;4.777351e-02;7.085597e-02;1.904910e-01;5.489901e-02;1.193777e-01;1.253091e-01;4.949650e-02;3.823445e-02
1.300061e-01;7.479648e-02;9.284233e-02;6.159179e-02;4.128808e-02;5.437971e-02;1.614407e-01;6.034411e-02;9.242022e-02;1.682318e-01;2.839033e-02;3.426828e-02
1.215068e-01;7.568397e-02;5.678705e-02;5.112047e-02;3.318334e-02;7.735215e-02;1.625792e-01;8.306863e-02;9.054029e-02;1.683472e-01;3.357518e-02;4.625579e-02
4.237158e-02;4.709231e-02;9.187666e-02;2.931106e-02;6.705654e-02;7.828520e-02;4.142089e-01;6.382797e-02;6.145057e-02;5.081509e-02;2.917195e-02;2.453214e-02
3.090725e-02;2.101094e-02;8.492281e-02;1.857500e-02;9.577210e-02;1.008113e-01;5.147759e-01;3.245895e-02;4.101401e-02;3.368539e-02;1.630131e-02;9.765061e-03
2.464185e-02;7.786104e-03;7.533478e-02;1.558897e-02;1.101699e-01;1.205111e-01;5.487619e-01;1.686447e-02;3.025310e-02;3.161623e-02;8.156737e-03;1.031479e-02
3.234465e-02;6.412414e-03;4.478371e-02;1.003973e-02;1.100874e-01;1.381781e-01;5.712026e-01;1.605195e-02;1.533325e-02;4.452540e-02;3.154293e-03;7.886573e-03
3.216888e-02;7.044783e-03;3.283761e-02;9.191709e-03;1.058392e-01;1.435112e-01;5.431736e-01;4.834008e-02;1.662131e-02;4.895993e-02;3.553871e-03;8.757822e-03
2.734829e-02;9.316250e-03;9.675824e-02;2.053878e-02;1.277625e-01;1.374144e-01;4.234703e-01;6.622453e-02;2.443383e-02;4.761568e-02;4.263212e-03;1.485398e-02
2.310397e-02;1.997634e-02;2.370964e-01;3.655820e-02;1.326880e-01;1.068505e-01;2.666410e-01;5.183327e-02;4.391814e-02;4.231139e-02;1.854874e-02;2.047409e-02
4.736611e-02;6.051354e-02;3.761148e-01;3.690290e-02;8.701741e-02;7.201724e-02;1.126644e-01;4.645462e-02;6.733834e-02;5.149288e-02;3.055928e-02;1.155848e-02
8.288223e-02;9.633228e-02;2.558548e-01;1.995168e-02;5.264289e-02;6.779242e-02;1.901794e-01;5.422818e-02;8.431558e-02;5.496534e-02;1.887815e-02;2.197705e-02
7.011773e-02;7.233132e-02;2.439249e-01;3.680738e-02;8.790184e-02;7.433014e-02;1.352980e-01;6.388558e-02;1.161333e-01;5.543018e-02;9.693236e-03;3.414638e-02
2.635513e-02;2.792163e-02;2.168607e-01;4.778012e-02;1.197478e-01;8.319331e-02;1.875537e-01;6.401874e-02;1.246480e-01;5.436833e-02;1.528129e-02;3.227117e-02
2.565959e-02;1.651046e-02;9.025021e-02;2.667878e-02;1.291093e-01;1.224189e-01;3.030791e-01;7.510200e-02;9.767817e-02;8.640873e-02;1.001685e-02;1.708785e-02
2.958372e-02;1.214783e-02;1.219725e-02;1.020705e-02;1.021250e-01;1.474742e-01;3.708502e-01;1.025887e-01;4.171356e-02;1.642537e-01;4.401192e-03;2.457602e-03
2.745577e-02;9.275600e-03;1.654384e-02;1.194268e-02;8.307640e-02;1.382162e-01;4.448425e-01;6.993896e-02;1.854464e-02;1.712325e-01;2.358881e-03;6.572082e-03
1.843709e-02;1.557688e-02;2.206209e-02;1.336323e-02;6.690406e-02;1.113150e-01;5.637757e-01;3.470422e-02;6.053863e-02;8.459339e-02;2.587988e-03;6.141740e-03
6.858401e-03;2.045576e-02;1.460931e-02;6.279196e-03;3.658675e-02;7.023729e-02;5.832686e-01;2.962722e-02;2.001811e-01;2.570905e-02;2.892701e-03;3.294628e-03
2.540554e-03;1.724856e-02;1.004949e-02;3.539090e-03;4.028660e-02;3.487244e-02;5.205581e-01;3.096509e-02;3.116113e-01;2.028521e-02;5.706770e-03;2.336739e-03
2.466779e-03;1.392321e-02;1.292016e-02;3.424056e-03;1.051608e-01;1.522004e-02;5.077639e-01;4.751156e-02;2.621483e-01;2.106704e-02;6.848077e-03;1.546130e-03
3.183857e-03;1.195127e-02;2.175961e-02;6.360685e-03;2.144710e-01;1.126109e-02;4.969231e-01;9.329416e-02;1.126244e-01;1.759464e-02;8.085647e-03;2.490483e-03
4.845680e-03;1.028306e-02;4.688743e-02;1.040824e-02;2.389794e-01;1.602393e-02;4.212605e-01;1.612831e-01;5.508007e-02;2.530246e-02;6.048799e-03;3.597406e-03
3.750716e-03;3.130751e-02;8.512865e-02;9.465972e-03;1.291340e-01;1.492476e-02;3.431176e-01;2.619228e-01;5.845969e-02;5.208284e-02;8.016722e-03;2.688764e-03
5.704098e-03;3.362198e-02;1.478376e-01;6.725923e-03;3.763252e-02;7.842548e-03;2.333644e-01;3.648711e-01;4.699186e-02;1.019034e-01;8.920816e-03;4.583754e-03
5.451429e-03;1.482418e-02;1.629328e-01;5.021181e-03;1.546861e-02;8.235506e-03;1.901015e-01;4.318450e-01;3.984271e-02;1.129689e-01;6.638459e-03;6.669625e-03
3.809037e-03;9.085272e-03;1.518169e-01;3.554071e-03;1.788643e-02;4.707032e-03;1.461004e-01;5.166032e-01;3.161421e-02;1.072382e-01;3.053940e-03;4.531322e-03
3.469895e-03;7.573455e-03;1.292402e-01;1.930196e-03;1.784096e-02;5.236609e-03;1.215154e-01;5.517692e-01;6.823391e-02;8.470261e-02;3.397800e-03;5.089800e-03
3.386354e-03;7.610674e-03;1.380492e-01;3.795225e-03;1.542733e-02;5.244757e-03;1.107896e-01;5.909998e-01;5.771123e-02;5.891621e-02;2.598278e-03;5.471319e-03
1.992516e-03;4.250541e-03;1.699773e-01;3.973760e-03;8.599258e-03;5.917097e-03;1.013373e-01;6.222529e-01;3.707128e-02;3.825095e-02;1.757142e-03;4.620032e-03
1.113318e-03;1.992203e-03;1.917221e-01;7.422840e-03;3.357658e-03;8.030942e-03;6.577273e-02;6.166787e-01;7.576445e-02;1.903436e-02;1.986918e-03;7.123799e-03
8.480921e-04;3.666086e-03;2.079517e-01;3.197245e-03;6.034247e-03;7.205445e-03;5.001360e-02;6.280901e-01;6.483945e-02;1.658969e-02;2.269163e-03;9.295120e-03
1.688810e-03;4.832567e-03;2.131404e-01;8.999227e-03;5.808955e-03;9.427402e-03;4.156785e-02;6.061010e-01;8.214191e-02;1.622952e-02;2.642114e-03;7.420196e-03
2.743838e-03;6.678643e-03;2.378854e-01;5.757533e-03;3.510121e-03;7.931883e-03;5.822261e-02;5.780001e-01;7.439325e-02;1.627963e-02;2.704717e-03;5.892331e-03
2.026770e-03;9.197548e-03;2.458496e-01;4.799515e-03;3.273555e-03;8.020892e-03;1.248804e-01;5.236487e-01;4.936112e-02;2.035810e-02;2.474518e-03;6.109242e-03
5.485795e-03;2.765446e-02;2.319201e-01;8.841717e-03;5.320040e-03;8.778962e-03;2.022886e-01;4.541477e-01;2.499378e-02;1.973430e-02;3.430557e-03;7.403999e-03
4.482909e-03;5.976026e-02;2.044608e-01;1.240635e-02;8.067392e-03;1.409752e-02;3.145640e-01;3.516543e-01;1.292971e-02;1.077285e-02;2.133184e-03;4.670752e-03
1.068208e-02;1.039839e-01;1.832396e-01;1.533425e-02;1.645042e-02;1.189164e-02;3.680534e-01;2.623303e-01;1.318474e-02;8.023482e-03;3.487143e-03;3.339004e-03
1.326273e-02;2.185573e-01;1.123665e-01;1.151726e-02;2.444608e-02;1.508339e-02;4.041590e-01;1.747925e-01;5.624909e-03;7.561901e-03;8.190895e-03;4.437563e-03
1.413241e-02;3.222575e-01;3.307271e-02;3.556511e-03;2.363220e-02;1.496921e-02;4.581552e-01;9.233849e-02;1.524974e-02;8.174811e-03;8.404527e-03;6.056685e-03
2.010687e-02;3.247046e-01;2.472803e-02;9.422412e-03;1.777539e-02;2.226904e-02;4.580656e-01;8.077490e-02;2.070263e-02;7.201662e-03;8.969512e-03;5.279345e-03
2.189336e-02;2.862992e-01;1.791038e-02;8.022062e-03;1.752236e-02;2.545485e-02;4.802506e-01;8.185112e-02;3.530294e-02;7.045922e-03;1.366219e-02;4.785018e-03
2.647405e-02;2.229752e-01;2.390165e-02;6.429331e-03;1.930609e-02;5.325639e-02;5.109252e-01;5.837725e-02;4.469398e-02;6.956020e-03;1.784562e-02;8.859158e-03
6.848089e-02;1.201481e-01;2.205568e-02;1.549154e-02;2.943696e-02;1.056735e-01;5.154855e-01;4.716385e-02;4.224176e-02;1.159410e-02;1.558821e-02;6.640011e-03
1.288541e-01;8.812242e-02;3.331433e-02;1.993052e-02;4.689243e-02;1.713373e-01;3.825867e-01;6.571701e-02;1.598492e-02;3.096923e-02;1.107146e-02;5.219549e-03
1.761397e-01;6.628808e-02;4.318853e-02;2.009776e-02;6.141501e-02;2.263990e-01;2.670032e-01;6.747246e-02;9.269143e-03;5.049447e-02;8.869444e-03;3.363115e-03
1.988480e-01;4.966336e-02;3.760329e-02;2.142269e-02;6.638756e-02;2.626538e-01;2.201709e-01;6.682587e-02;9.494799e-03;4.861684e-02;1.122479e-02;7.088103e-03
1.707959e-01;9.523309e-02;1.941265e-02;1.993270e-02;5.194908e-02;2.235794e-01;2.892351e-01;5.382827e-02;1.403874e-02;4.356341e-02;8.601385e-03;9.830219e-03
1.050315e-01;1.433720e-01;1.558433e-02;1.791881e-02;3.553848e-02;1.500522e-01;4.198743e-01;3.999849e-02;3.164819e-02;3.059388e-02;6.340327e-03;4.047526e-03
5.405908e-02;1.436806e-01;1.638911e-02;1.161359e-02;3.100030e-02;9.360966e-02;5.469528e-01;2.617722e-02;4.844232e-02;1.581241e-02;8.467383e-03;3.795566e-03
2.975457e-02;1.223251e-01;1.084886e-02;7.520641e-03;2.716635e-02;6.688002e-02;6.406505e-01;2.997702e-02;4.359512e-02;7.881847e-03;8.900801e-03;4.499294e-03
1.899495e-02;1.060289e-01;8.683139e-03;6.032963e-03;2.357777e-02;4.613966e-02;7.100263e-01;3.309905e-02;3.037948e-02;5.320270e-03;8.472583e-03;3.244931e-03
1.367074e-02;8.513743e-02;1.241666e-02;5.416209e-03;2.233851e-02;5.209661e-02;7.268973e-01;3.905588e-02;2.694675e-02;6.525892e-03;5.465331e-03;4.032700e-03
1.303775e-02;6.673410e-02;1.680804e-02;6.910568e-03;2.721786e-02;5.915188e-02;7.220604e-01;3.492313e-02;3.364366e-02;1.073979e-02;5.605005e-03;3.167790e-03
9.050402e-03;6.023736e-02;2.494485e-02;9.017231e-03;3.199449e-02;5.966891e-02;7.183215e-01;3.374816e-02;2.798536e-02;1.825262e-02;4.320848e-03;2.458288e-03
8.506927e-03;6.550893e-02;2.045948e-02;6.829428e-03;2.206176e-02;4.955492e-02;7.147695e-01;5.283454e-02;2.858247e-02;2.510386e-02;3.238436e-03;2.549782e-03
5.889128e-03;7.342749e-02;9.715628e-03;3.174468e-03;9.480385e-03;3.462156e-02;7.497557e-01;5.557203e-02;3.555214e-02;1.704502e-02;3.488063e-03;2.278346e-03
6.367123e-03;6.476668e-02;1.095095e-02;1.984421e-03;1.607427e-02;3.160091e-02;7.629279e-01;5.979404e-02;2.881286e-02;1.122466e-02;3.619752e-03;1.876488e-03
7.461233e-03;6.375287e-02;1.521407e-02;4.528602e-03;2.005868e-02;3.623344e-02;7.458924e-01;6.676072e-02;2.080655e-02;1.177403e-02;3.876812e-03;3.640634e-03
9.345043e-03;7.823671e-02;1.751590e-02;4.553868e-03;1.455768e-02;3.483971e-02;7.424830e-01;5.614430e-02;2.201054e-02;1.170558e-02;4.184930e-03;4.422735e-03
7.884955e-03;8.905680e-02;1.233922e-02;4.081945e-03;2.506963e-02;4.912011e-02;7.209197e-01;3.279385e-02;3.725464e-02;1.230089e-02;5.027401e-03;4.150930e-03
5.212390e-03;8.404984e-02;9.645775e-03;4.393778e-03;3.021892e-02;5.907886e-02;7.181763e-01;2.630939e-02;4.194022e-02;1.121789e-02;6.315300e-03;3.441280e-03
7.320333e-03;5.996149e-02;1.198754e-02;5.183246e-03;3.543753e-02;6.711059e-02;7.442230e-01;2.507470e-02;2.745445e-02;6.686379e-03;5.423713e-03;4.136984e-03
5.885635e-03;2.684700e-02;1.279916e-02;4.964283e-03;3.257234e-02;7.022914e-02;7.751089e-01;2.641119e-02;2.728374e-02;9.692411e-03;4.308545e-03;3.897585e-03
1.163407e-02;2.780744e-02;2.151394e-02;7.940760e-03;3.224555e-02;6.660233e-02;7.486319e-01;3.510688e-02;2.515264e-02;9.882685e-03;8.052006e-03;5.429797e-03
3.548707e-02;5.233365e-02;6.821907e-02;1.940094e-02;3.827453e-02;4.956087e-02;6.222321e-01;4.871116e-02;3.080061e-02;1.412314e-02;1.071876e-02;1.013812e-02
5.453520e-02;5.966128e-02;1.413183e-01;2.653625e-02;3.094383e-02;2.810853e-02;4.729166e-01;1.009335e-01;3.627505e-02;2.066351e-02;1.297542e-02;1.513257e-02
3.949369e-02;3.630743e-02;2.300305e-01;2.308520e-02;1.718024e-02;1.422368e-02;3.889222e-01;1.763401e-01;3.136082e-02;2.324916e-02;8.145450e-03;1.166155e-02
1.597040e-02;8.665680e-03;3.025792e-01;2.109315e-02;1.001914e-02;1.230229e-02;3.243569e-01;2.348371e-01;2.029872e-02;3.920503e-02;5.003682e-03;5.668768e-03
6.830435e-03;6.173396e-03;3.289601e-01;1.788644e-02;4.717979e-03;1.099373e-02;2.651138e-01;2.620258e-01;4.208106e-02;4.322826e-02;4.035020e-03;7.953945e-03
5.362318e-03;7.002439e-03;3.291148e-01;1.046741e-02;4.353558e-03;1.430873e-02;2.505252e-01;2.678886e-01;5.908161e-02;4.062007e-02;3.071632e-03;8.203721e-03
8.212189e-03;1.214063e-02;2.811261e-01;1.813529e-02;1.477669e-02;2.651677e-02;2.750312e-01;2.238081e-01;7.347755e-02;5.256723e-02;6.419838e-03;7.788352e-03
1.459669e-02;3.078434e-02;2.590018e-01;2.510045e-02;3.683171e-02;4.910810e-02;2.246102e-01;1.855812e-01;8.933623e-02;5.599573e-02;1.633852e-02;1.271501e-02
3.790474e-02;4.198783e-02;1.917826e-01;4.992720e-02;5.502871e-02;7.221733e-02;2.613972e-01;1.339002e-01;6.455559e-02;5.156158e-02;1.680126e-02;2.293578e-02
2.291867e-02;1.433560e-02;1.412295e-01;8.013654e-02;2.815958e-02;4.797699e-02;2.601869e-01;1.536045e-01;1.520913e-01;6.786189e-02;1.061795e-02;2.088063e-02
1.812095e-02;1.196652e-02;1.068387e-01;1.558969e-01;1.748344e-02;2.306071e-02;1.618018e-01;1.745612e-01;2.121500e-01;8.855728e-02;1.803982e-02;1.152277e-02
2.264797e-02;1.107546e-02;1.003071e-01;1.903955e-01;1.491708e-02;3.431635e-02;1.811307e-01;1.543303e-01;1.809085e-01;7.291500e-02;1.922426e-02;1.783172e-02
2.140970e-02;8.240463e-03;9.398212e-02;2.464638e-01;1.464376e-02;3.133165e-02;1.575995e-01;8.948927e-02;2.247525e-01;8.215243e-02;1.979047e-02;1.014438e-02
2.044217e-02;8.570654e-03;6.386383e-02;2.480593e-01;2.496235e-02;2.803888e-02;2.016975e-01;1.021938e-01;2.071867e-01;7.192845e-02;1.645699e-02;6.599379e-03
1.750665e-02;1.290769e-02;6.862190e-02;1.524600e-01;4.615235e-02;3.029751e-02;3.531767e-01;1.325827e-01;1.181580e-01;5.071256e-02;8.291456e-03;9.132423e-03
1.176096e-02;2.044300e-02;5.618891e-02;4.596576e-02;6.804868e-02;4.969382e-02;4.755111e-01;1.142748e-01;1.066674e-01;3.809378e-02;6.169935e-03;7.181820e-03
1.333993e-02;2.179156e-02;3.469608e-02;2.875530e-02;7.581347e-02;8.231790e-02;4.550570e-01;8.961481e-02;1.060665e-01;7.579708e-02;1.022563e-02;6.524715e-03
1.556794e-02;1.229760e-02;2.915937e-02;5.072434e-02;1.162649e-01;1.073156e-01;2.882918e-01;7.052880e-02;1.454538e-01;1.533269e-01;6.740551e-03;4.328224e-03
1.117840e-02;7.671855e-03;3.983644e-02;5.841634e-02;9.903231e-02;8.783625e-02;2.117258e-01;6.897529e-02;1.498126e-01;2.575757e-01;5.931128e-03;2.007917e-03
7.020398e-03;6.972612e-03;3.453267e-02;6.075598e-02;7.969737e-02;8.258741e-02;1.353781e-01;9.683057e-02;1.409403e-01;3.470868e-01;5.302965e-03;2.894771e-03
4.919088e-03;9.575034e-03;2.003969e-02;5.840529e-02;5.683565e-02;1.659719e-01;1.136091e-01;7.076687e-02;2.651618e-01;2.280767e-01;3.255855e-03;3.383141e-03
4.622405e-03;8.586892e-03;2.033090e-02;3.970230e-02;3.095391e-02;2.306708e-01;8.410987e-02;1.408772e-01;3.409787e-01;9.312907e-02;2.571373e-03;3.466592e-03
5.891111e-03;6.935700e-03;1.643264e-02;2.376319e-02;3.947227e-02;2.129832e-01;1.099692e-01;1.819499e-01;2.516962e-01;1.475501e-01;1.804851e-03;1.551544e-03
5.941154e-03;5.474510e-03;1.857438e-02;1.796213e-02;4.685026e-02;1.443847e-01;1.168893e-01;1.853267e-01;1.090558e-01;3.455715e-01;2.032296e-03;1.937248e-03
6.046335e-03;4.257278e-03;2.894048e-02;2.524141e-02;3.520126e-02;1.189540e-01;1.269062e-01;1.637788e-01;1.069610e-01;3.763998e-01;3.093445e-03;4.219961e-03
9.624383e-03;5.479702e-03;4.201303e-02;7.522673e-02;5.603159e-02;1.481534e-01;1.434185e-01;1.061085e-01;1.410404e-01;2.624071e-01;4.554512e-03;5.942112e-03
1.043564e-02;6.066264e-03;3.791763e-02;1.014169e-01;6.505298e-02;1.365044e-01;1.048444e-01;6.631624e-02;1.448910e-01;3.038901e-01;1.402935e-02;8.635025e-03
9.877354e-03;2.085741e-02;3.073774e-02;8.747844e-02;1.063948e-01;1.272269e-01;8.221561e-02;9.276231e-02;1.552240e-01;2.493667e-01;2.140429e-02;1.645449e-02
3.216891e-02;4.331593e-02;4.904784e-02;7.363917e-02;1.129755e-01;1.165722e-01;1.682600e-01;1.095151e-01;1.020204e-01;1.341766e-01;3.246223e-02;2.584604e-02
3.756173e-02;3.811564e-02;4.054228e-02;5.722122e-02;8.443704e-02;8.179072e-02;2.971541e-01;1.743090e-01;7.396301e-02;6.891043e-02;3.219269e-02;1.380214e-02
3.190360e-02;3.125074e-02;6.033603e-02;3.613487e-02;5.357033e-02;5.027806e-02;3.253790e-01;2.195910e-01;8.646859e-02;6.948720e-02;2.439827e-02;1.120224e-02
1.061496e-02;5.544695e-02;6.084991e-02;1.605122e-02;2.980451e-02;4.476110e-02;3.621537e-01;2.506076e-01;8.892532e-02;6.526770e-02;9.583009e-03;5.933952e-03
2.883230e-02;9.202141e-02;3.601559e-02;2.230853e-02;3.383900e-02;6.706172e-02;4.315978e-01;1.844080e-01;6.374563e-02;3.111985e-02;3.823433e-03;5.226762e-03
7.260486e-02;9.346577e-02;1.748009e-02;4.964095e-02;3.764122e-02;1.274849e-01;4.187151e-01;9.118207e-02;4.538734e-02;2.718187e-02;9.009614e-03;1.020620e-02
1.221932e-01;5.040409e-02;1.891853e-02;8.920652e-02;6.439644e-02;2.009806e-01;3.179243e-01;2.036533e-02;4.329349e-02;4.613562e-02;1.546778e-02;1.071402e-02
1.329947e-01;4.353989e-02;2.769455e-02;1.021094e-01;8.531687e-02;2.169826e-01;2.569641e-01;3.665841e-02;3.712915e-02;3.906517e-02;1.572824e-02;5.816948e-03
1.508438e-01;3.489509e-02;2.903200e-02;9.913214e-02;7.185952e-02;2.106820e-01;2.979546e-01;2.768721e-02;1.158264e-02;4.816590e-02;1.382700e-02;4.338104e-03
1.895058e-01;2.122729e-02;1.998447e-02;8.801010e-02;6.261405e-02;2.159944e-01;2.821997e-01;2.381979e-02;1.376851e-02;6.817923e-02;8.154126e-03;6.542590e-03
2.113128e-01;1.325435e-02;2.942314e-02;5.378731e-02;8.211557e-02;2.123232e-01;2.653438e-01;3.467657e-02;1.283917e-02;7.249287e-02;2.876905e-03;9.554391e-03
2.064978e-01;7.171287e-03;6.128236e-02;2.554244e-02;1.221376e-01;2.010110e-01;2.490638e-01;3.813438e-02;1.056651e-02;5.728259e-02;6.172117e-03;1.513806e-02
1.295536e-01;1.022144e-02;1.233038e-01;4.020844e-02;1.789639e-01;1.744766e-01;2.189697e-01;3.046251e-02;1.669613e-02;2.982760e-02;3.872452e-03;4.344373e-02
6.373547e-02;1.070032e-02;1.799323e-01;4.224493e-02;2.049489e-01;1.820525e-01;1.731133e-01;1.998812e-02;2.469352e-02;2.197926e-02;3.724480e-03;7.288684e-02
5.084918e-02;1.158895e-02;2.107644e-01;3.941985e-02;2.146995e-01;1.867388e-01;1.319430e-01;1.279211e-02;3.016856e-02;1.577360e-02;7.160316e-03;8.810180e-02
4.334480e-02;9.945051e-03;1.717255e-01;3.069505e-02;2.003392e-01;2.522126e-01;1.164357e-01;1.892571e-02;2.596203e-02;3.058961e-02;9.769655e-03;9.005520e-02
9.618489e-02;1.066083e-02;8.523235e-02;3.631328e-02;1.670944e-01;3.365960e-01;1.124182e-01;3.333864e-02;1.684103e-02;4.402164e-02;7.308819e-03;5.398992e-02
1.345538e-01;7.694166e-03;4.550352e-02;2.176786e-02;1.482030e-01;4.305748e-01;9.481146e-02;4.189460e-02;1.152875e-02;4.083980e-02;3.831795e-03;1.879640e-02
1.436130e-01;5.863713e-03;2.741186e-02;6.218283e-03;1.472372e-01;4.540959e-01;1.222908e-01;4.514124e-02;8.765062e-03;2.566659e-02;4.017536e-03;9.678849e-03
1.297518e-01;6.053900e-03;2.625835e-02;1.329563e-02;1.789170e-01;4.034554e-01;1.430788e-01;3.865543e-02;1.439965e-02;2.268170e-02;2.498976e-03;2.095331e-02
1.025771e-01;7.194655e-03;5.235933e-02;3.285366e-02;2.327480e-01;3.289205e-01;1.461695e-01;2.228089e-02;2.485777e-02;1.859330e-02;3.357132e-03;2.808812e-02
6.614780e-02;8.333548e-03;1.405412e-01;6.634893e-02;2.482069e-01;2.399278e-01;1.293846e-01;1.802992e-02;3.815581e-02;1.186851e-02;2.537427e-03;3.051768e-02
5.232884e-02;1.462639e-02;2.226209e-01;7.958154e-02;1.994018e-01;2.061354e-01;1.122946e-01;2.316928e-02;4.040675e-02;1.656816e-02;5.054093e-03;2.781225e-02
5.806122e-02;1.891118e-02;2.325759e-01;6.164706e-02;1.199949e-01;2.482573e-01;1.168044e-01;3.316815e-02;4.571826e-02;3.816642e-02;4.689508e-03;2.200570e-02
5.643532e-02;1.844528e-02;1.931328e-01;3.800863e-02;9.264621e-02;2.596509e-01;1.193196e-01;8.295131e-02;6.201701e-02;6.320069e-02;4.729444e-03;9.462814e-03
4.745975e-02;1.791323e-02;1.464540e-01;4.236686e-02;1.031377e-01;2.539959e-01;1.057871e-01;1.315774e-01;6.580570e-02;6.373937e-02;1.095082e-02;1.081220e-02
3.278657e-02;1.737180e-02;1.195082e-01;5.125406e-02;1.587581e-01;2.269704e-01;1.194374e-01;9.842788e-02;7.035248e-02;7.464804e-02;1.998111e-02;1.050391e-02
2.728829e-02;1.276018e-02;1.114280e-01;4.486914e-02;1.659234e-01;2.054616e-01;1.507286e-01;7.026438e-02;8.966888e-02;9.022169e-02;2.142070e-02;9.965227e-03
2.938909e-02;1.401285e-02;1.041642e-01;3.299947e-02;1.335197e-01;1.885365e-01;1.951211e-01;6.929643e-02;1.167504e-01;9.000815e-02;1.877332e-02;7.428849e-03
3.033255e-02;1.593152e-02;6.375131e-02;3.226381e-02;8.774190e-02;1.704376e-01;2.574201e-01;9.282688e-02;9.390077e-02;1.276454e-01;1.902825e-02;8.719960e-03
3.141433e-02;2.373376e-02;6.199503e-02;2.893639e-02;8.647031e-02;1.317900e-01;3.012442e-01;7.483830e-02;9.483413e-02;1.291906e-01;2.142698e-02;1.412601e-02
3.302151e-02;2.058410e-02;4.208276e-02;3.870891e-02;7.089265e-02;1.217924e-01;2.586557e-01;1.196883e-01;8.934386e-02;1.686344e-01;1.414809e-02;2.244724e-02
3.372258e-02;4.092896e-02;5.685503e-02;7.879017e-02;7.189108e-02;1.116302e-01;1.378718e-01;1.168282e-01;6.057475e-02;2.406716e-01;2.123626e-02;2.899935e-02
2.763242e-02;5.546492e-02;1.275503e-01;9.303323e-02;5.855655e-02;1.046577e-01;8.866438e-02;1.000640e-01;4.509944e-02;2.040612e-01;4.026804e-02;5.494776e-02
9.341982e-02;4.971806e-02;1.173837e-01;6.428307e-02;6.680456e-02;5.734542e-02;1.917502e-01;4.927897e-02;6.468721e-02;1.269314e-01;5.721173e-02;6.118588e-02
1.442725e-01;4.127029e-02;6.382123e-02;6.172375e-02;7.177056e-02;1.079220e-01;2.536384e-01;5.108538e-02;5.750108e-02;4.599030e-02;1.317347e-02;8.783103e-02
1.506867e-01;3.662471e-02;4.419431e-02;4.696931e-02;1.317760e-01;1.400090e-01;1.966830e-01;4.012877e-02;2.708365e-02;2.535405e-02;1.742585e-02;1.430646e-01
1.628249e-01;2.129463e-02;2.868747e-02;3.446454e-02;1.870018e-01;1.707549e-01;1.203656e-01;2.254707e-02;8.904121e-03;1.747040e-02;2.111536e-02;2.045692e-01
1.971909e-01;1.162935e-02;1.249307e-02;1.598737e-02;2.278839e-01;1.877152e-01;6.485254e-02;5.744985e-03;1.105571e-02;7.921075e-03;1.955613e-02;2.379697e-01
1.523777e-01;1.952816e-02;2.017694e-02;1.068437e-02;2.572666e-01;1.138620e-01;3.557790e-02;1.487085e-02;2.451375e-02;1.832102e-02;2.950482e-02;3.033158e-01
7.371140e-02;2.053502e-02;2.334318e-02;2.092220e-02;2.866325e-01;5.451115e-02;2.129130e-02;1.565740e-02;2.524105e-02;2.611990e-02;3.232077e-02;3.997140e-01
2.690901e-02;1.398811e-02;2.919403e-02;3.261825e-02;2.873934e-01;3.080572e-02;1.261286e-02;1.468766e-02;2.769751e-02;2.047823e-02;4.622516e-02;4.573901e-01
4.630828e-02;1.540640e-02;3.461106e-02;3.391358e-02;2.844452e-01;2.190082e-02;1.044151e-02;1.147613e-02;2.663911e-02;1.349118e-02;3.081013e-02;4.705565e-01
5.535979e-02;4.012024e-02;4.249255e-02;3.478331e-02;3.043393e-01;2.096005e-02;1.003337e-02;1.190039e-02;2.433093e-02;1.211128e-02;3.395418e-02;4.096146e-01
3.998965e-02;3.391390e-02;3.429323e-02;3.945165e-02;3.603610e-01;2.530537e-02;1.609144e-02;9.378369e-03;1.578404e-02;9.684729e-03;2.196148e-02;3.937852e-01
9.716967e-03;1.594875e-02;2.400090e-02;3.440259e-02;4.066667e-01;1.798120e-02;1.606699e-02;5.746655e-03;2.472474e-02;1.296390e-02;2.513198e-02;4.066486e-01
1.078095e-02;1.084253e-02;2.180718e-02;2.243155e-02;4.037436e-01;2.362014e-02;1.753898e-02;8.211340e-03;4.503082e-02;1.861722e-02;2.928257e-02;3.880931e-01
1.678990e-02;9.247838e-03;2.929133e-02;1.550901e-02;3.901498e-01;3.588886e-02;2.125418e-02;9.800510e-03;5.757219e-02;2.132384e-02;1.458994e-02;3.785826e-01
3.378487e-02;9.220854e-03;4.495649e-02;1.351194e-02;3.427277e-01;5.062501e-02;2.830134e-02;1.347813e-02;6.957997e-02;1.841989e-02;1.584251e-02;3.595513e-01
1.058568e-01;8.930303e-03;6.514194e-02;2.056535e-02;2.575074e-01;7.666304e-02;3.870516e-02;2.386658e-02;9.153402e-02;1.565613e-02;1.438264e-02;2.811905e-01
2.202858e-01;7.543417e-03;6.259268e-02;2.782926e-02;2.015167e-01;1.371994e-01;6.114179e-02;3.808844e-02;7.754450e-02;1.377774e-02;1.896088e-02;1.335194e-01
2.341121e-01;7.212088e-03;4.238700e-02;4.916393e-02;1.945007e-01;1.909734e-01;7.265557e-02;6.025352e-02;4.064399e-02;3.602744e-02;1.069948e-02;6.137072e-02
1.820817e-01;1.050581e-02;3.319921e-02;4.946445e-02;1.790843e-01;2.171444e-01;7.614543e-02;7.462642e-02;4.511967e-02;7.678733e-02;5.534940e-03;5.030636e-02
1.620729e-01;1.048457e-02;2.905809e-02;3.084742e-02;1.615879e-01;2.284129e-01;1.079392e-01;7.070538e-02;6.883419e-02;1.000873e-01;4.568544e-03;2.540161e-02
1.579219e-01;7.423452e-03;2.621465e-02;1.441107e-02;1.337482e-01;2.078602e-01;2.310666e-01;4.392269e-02;6.753499e-02;8.107100e-02;7.906866e-03;2.091834e-02
1.438129e-01;6.409420e-03;2.379130e-02;1.063184e-02;1.182256e-01;2.146904e-01;3.046120e-01;3.009011e-02;4.588177e-02;7.352188e-02;5.769776e-03;2.256297e-02
1.290792e-01;1.206406e-02;1.594036e-02;9.513665e-03;1.136615e-01;2.131969e-01;3.536708e-01;2.403857e-02;3.123586e-02;7.410844e-02;3.128791e-03;2.036186e-02
1.001773e-01;2.724566e-02;2.059360e-02;1.353811e-02;8.935494e-02;1.775671e-01;4.548370e-01;1.593788e-02;2.739914e-02;5.182279e-02;3.325927e-03;1.820057e-02
8.537376e-02;5.671748e-02;1.291195e-02;9.870236e-03;5.342649e-02;1.272634e-01;5.435185e-01;1.811259e-02;6.091137e-02;2.092580e-02;2.177041e-03;8.791467e-03
5.262368e-02;8.200588e-02;8.696956e-03;4.853826e-03;2.526793e-02;7.838815e-02;5.697567e-01;2.944688e-02;1.272710e-01;1.547817e-02;2.020746e-03;4.190052e-03
2.014133e-02;9.182823e-02;9.857293e-03;2.490146e-03;1.612854e-02;3.669464e-02;5.780177e-01;3.991534e-02;1.756459e-01;2.267351e-02;3.336700e-03;3.270685e-03
7.534998e-03;8.734155e-02;8.338995e-03;2.267257e-03;1.948946e-02;3.661428e-02;5.786259e-01;3.725391e-02;1.970878e-01;1.891691e-02;2.941372e-03;3.587592e-03
7.861365e-03;7.486774e-02;5.427010e-03;2.057306e-03;2.664971e-02;5.630818e-02;5.603272e-01;3.872210e-02;2.122899e-01;1.110796e-02;2.434241e-03;1.947402e-03
3.045891e-02;5.449644e-02;1.031646e-02;5.268386e-03;4.589983e-02;8.962823e-02;4.984029e-01;5.150709e-02;1.781549e-01;2.922108e-02;1.653375e-03;4.992471e-03
5.588581e-02;3.456153e-02;3.528890e-02;1.348948e-02;7.396778e-02;1.097884e-01;4.269981e-01;6.331850e-02;1.108323e-01;5.688082e-02;5.065002e-03;1.392342e-02
6.534786e-02;3.132355e-02;7.495477e-02;1.937410e-02;9.393675e-02;8.025221e-02;3.720321e-01;6.676897e-02;9.270915e-02;6.013252e-02;1.561086e-02;2.755718e-02
4.373512e-02;4.176741e-02;8.554131e-02;1.723797e-02;8.266267e-02;6.213585e-02;3.071454e-01;1.273649e-01;1.278199e-01;3.850130e-02;2.831724e-02;3.777083e-02
2.923782e-02;5.179548e-02;4.614102e-02;6.885547e-03;5.802625e-02;5.285460e-02;3.249214e-01;1.657616e-01;1.712366e-01;4.016930e-02;2.032263e-02;3.264784e-02
4.033820e-02;5.522266e-02;5.565726e-02;1.820257e-02;5.891862e-02;5.959156e-02;2.376270e-01;1.905122e-01;1.500618e-01;7.904229e-02;1.481271e-02;4.001307e-02
4.642668e-02;5.208037e-02;7.061718e-02;2.859390e-02;8.011371e-02;6.584188e-02;1.347986e-01;2.218911e-01;1.518513e-01;8.826721e-02;1.860183e-02;4.091624e-02
5.818052e-02;3.109004e-02;6.111714e-02;3.250488e-02;1.252597e-01;7.684857e-02;1.968426e-01;1.350949e-01;1.389981e-01;9.321173e-02;2.178591e-02;2.906590e-02
6.963968e-02;3.219588e-02;4.144040e-02;2.557506e-02;1.679105e-01;1.297325e-01;2.128130e-01;8.346546e-02;1.004478e-01;8.937659e-02;2.135802e-02;2.604511e-02
6.070584e-02;2.670940e-02;2.275253e-02;2.719552e-02;2.119085e-01;1.503041e-01;1.674830e-01;1.180497e-01;1.021580e-01;7.930821e-02;1.181941e-02;2.160590e-02
3.063525e-02;1.909429e-02;1.824793e-02;3.731701e-02;2.720082e-01;1.117344e-01;1.426146e-01;1.294561e-01;1.415018e-01;7.449707e-02;1.318027e-02;9.713062e-03
1.513737e-02;1.542646e-02;2.339935e-02;3.088739e-02;2.201448e-01;1.393377e-01;1.399731e-01;1.252986e-01;1.734858e-01;7.806785e-02;2.913587e-02;9.705673e-03
3.162388e-02;1.041066e-02;2.979607e-02;3.401816e-02;2.314082e-01;1.410101e-01;1.333345e-01;1.277529e-01;1.192470e-01;9.477894e-02;3.272628e-02;1.389326e-02
2.967123e-02;2.889516e-02;3.411323e-02;4.640392e-02;2.415985e-01;1.178863e-01;1.727409e-01;1.047628e-01;9.492720e-02;6.229198e-02;2.265022e-02;4.405851e-02
2.595397e-02;4.924418e-02;7.514323e-02;6.926695e-02;1.797733e-01;1.035150e-01;1.005669e-01;7.094292e-02;1.557141e-01;1.019531e-01;2.074401e-02;4.718235e-02
2.925416e-02;4.019110e-02;7.937071e-02;7.525972e-02;1.666051e-01;1.131327e-01;9.414171e-02;8.443383e-02;1.586625e-01;1.081206e-01;1.096930e-02;3.985866e-02
3.294232e-02;3.288592e-02;7.292318e-02;6.567866e-02;1.275633e-01;1.242603e-01;8.310047e-02;1.283539e-01;1.557894e-01;1.237773e-01;2.465201e-02;2.807320e-02
2.362008e-02;5.665897e-02;4.573587e-02;6.399224e-02;2.190357e-01;1.649679e-01;7.041381e-02;1.295340e-01;1.119773e-01;9.479874e-02;7.720310e-03;1.154504e-02
1.146273e-02;5.205534e-02;5.292714e-02;7.165042e-02;2.175930e-01;1.333504e-01;8.032653e-02;1.090799e-01;1.325018e-01;8.494365e-02;2.954184e-02;2.456719e-02
1.962318e-02;3.612805e-02;6.877036e-02;7.742755e-02;1.373883e-01;1.257247e-01;8.506590e-02;8.455334e-02;1.831004e-01;1.247886e-01;2.346921e-02;3.396029e-02
1.367503e-02;3.008123e-02;6.191655e-02;7.167795e-02;8.098938e-02;8.011506e-02;1.075693e-01;1.465517e-01;2.011981e-01;1.499595e-01;5.543512e-03;5.072266e-02
1.267255e-02;2.418163e-02;5.284123e-02;5.497571e-02;9.663300e-02;5.052916e-02;1.181999e-01;2.090626e-01;1.333339e-01;1.458814e-01;2.012440e-02;8.156451e-02
3.925625e-02;1.868578e-02;5.143451e-02;4.504533e-02;1.512144e-01;7.273558e-02;1.007368e-01;2.226012e-01;6.061227e-02;8.593417e-02;3.287334e-02;1.188703e-01
3.828439e-02;2.244988e-02;4.338166e-02;3.981266e-02;1.698352e-01;1.358902e-01;1.743351e-01;1.204333e-01;6.743456e-02;3.654511e-02;3.236023e-02;1.192377e-01
3.365820e-02;3.336299e-02;2.221769e-02;3.088473e-02;1.817726e-01;2.115016e-01;2.354701e-01;3.571010e-02;8.214327e-02;4.574607e-02;2.258411e-02;6.494852e-02
5.919001e-02;2.810736e-02;3.011331e-02;2.370378e-02;1.672069e-01;2.678966e-01;2.802453e-01;2.685984e-02;4.178751e-02;3.682817e-02;1.280294e-02;2.525822e-02
6.675597e-02;1.664427e-02;2.302103e-02;1.619077e-02;1.099104e-01;2.889688e-01;3.580689e-01;3.118363e-02;2.448075e-02;3.743030e-02;1.058840e-02;1.675690e-02
6.818844e-02;1.823953e-02;1.154622e-02;1.543348e-02;6.995715e-02;2.664204e-01;4.344380e-01;2.835689e-02;2.646677e-02;4.801923e-02;4.450448e-03;8.483430e-03
6.730019e-02;2.963014e-02;1.204472e-02;1.228012e-02;5.161365e-02;2.368525e-01;5.085972e-01;1.971607e-02;1.599078e-02;3.926713e-02;4.329102e-03;2.378409e-03
6.415092e-02;3.705833e-02;1.268022e-02;1.031027e-02;4.665969e-02;2.104239e-01;5.497123e-01;2.718671e-02;1.090908e-02;2.064936e-02;3.168143e-03;7.091144e-03
5.256121e-02;3.591522e-02;1.744040e-02;6.622549e-03;5.481787e-02;1.932852e-01;5.672521e-01;3.049298e-02;1.180437e-02;1.467879e-02;3.493384e-03;1.163589e-02
5.504129e-02;3.289929e-02;1.095189e-02;5.205355e-03;6.731584e-02;1.913058e-01;5.738076e-01;2.700987e-02;8.636146e-03;1.889371e-02;3.408613e-03;5.524605e-03
5.475414e-02;2.086031e-02;1.219937e-02;8.422568e-03;1.030946e-01;1.922614e-01;5.183206e-01;3.007202e-02;1.657203e-02;3.038752e-02;3.749702e-03;9.305647e-03
4.891342e-02;1.279420e-02;4.182670e-02;1.624940e-02;1.612884e-01;1.976659e-01;3.971087e-01;4.286141e-02;4.348383e-02;2.850344e-02;3.856391e-03;5.448168e-03
3.183678e-02;6.609104e-03;8.684701e-02;3.429978e-02;2.040868e-01;1.884068e-01;2.671215e-01;5.577820e-02;4.510782e-02;6.697867e-02;4.782282e-03;8.145356e-03
1.444103e-02;4.920864e-03;1.393093e-01;5.247517e-02;1.815917e-01;1.445834e-01;1.783841e-01;9.533918e-02;4.848795e-02;1.256841e-01;3.431554e-03;1.135161e-02
5.825787e-03;4.860098e-03;1.453665e-01;5.422606e-02;1.140554e-01;1.206587e-01;1.553497e-01;1.172742e-01;1.377520e-01;1.307897e-01;5.384174e-03;8.457754e-03
5.372086e-03;3.828580e-03;1.297561e-01;4.463335e-02;6.862064e-02;1.095984e-01;1.559963e-01;1.036482e-01;2.236471e-01;1.447539e-01;7.224757e-03;2.920516e-03
1.086082e-02;6.225952e-03;1.122067e-01;5.714315e-02;8.381583e-02;1.001288e-01;1.756634e-01;1.105768e-01;1.713397e-01;1.570029e-01;5.732497e-03;9.303592e-03
1.615346e-02;8.254085e-03;6.737489e-02;4.890710e-02;1.625437e-01;1.172238e-01;1.878804e-01;1.263706e-01;1.345251e-01;1.041774e-01;7.217788e-03;1.937169e-02
1.199888e-02;1.069180e-02;4.436955e-02;3.186017e-02;1.869077e-01;1.539809e-01;3.057942e-01;7.878574e-02;9.135959e-02;6.104746e-02;7.614523e-03;1.558941e-02
1.995282e-02;7.529203e-03;3.352538e-02;2.399549e-02;1.788766e-01;1.765667e-01;4.216587e-01;3.451687e-02;5.092251e-02;3.697792e-02;6.423597e-03;9.054157e-03
2.950875e-02;6.840479e-03;5.625669e-02;1.724685e-02;1.776843e-01;2.032380e-01;4.170641e-01;2.008583e-02;4.405586e-02;2.122913e-02;3.847231e-03;2.942751e-03
5.191806e-02;5.908536e-03;4.842994e-02;1.609923e-02;1.683348e-01;2.345020e-01;4.053772e-01;1.594835e-02;2.828368e-02;1.537389e-02;3.879266e-03;5.945131e-03
9.173552e-02;8.765024e-03;1.799613e-02;9.806093e-03;1.321130e-01;2.303360e-01;4.651309e-01;1.121341e-02;1.258824e-02;1.174671e-02;3.879410e-03;4.689575e-03
1.563862e-01;1.750758e-02;1.310003e-02;9.245151e-03;8.820511e-02;1.858813e-01;4.960506e-01;1.052063e-02;7.937465e-03;8.231893e-03;3.459077e-03;3.474970e-03
2.280772e-01;3.680009e-02;1.306427e-02;5.868291e-03;5.921904e-02;1.445323e-01;4.761410e-01;1.036964e-02;6.333489e-03;7.048250e-03;2.959426e-03;9.586935e-03
2.800023e-01;3.331010e-02;1.305852e-02;5.227756e-03;5.161076e-02;1.415144e-01;4.491877e-01;7.280712e-03;4.900774e-03;6.770227e-03;3.563213e-03;3.573567e-03
3.085435e-01;5.637061e-02;1.081540e-02;5.655811e-03;4.650371e-02;1.582652e-01;3.837929e-01;1.131950e-02;4.716385e-03;6.293057e-03;2.634868e-03;5.089031e-03
3.589395e-01;6.619791e-02;9.602175e-03;4.196749e-03;4.192258e-02;1.904021e-01;2.945400e-01;6.017360e-03;7.495292e-03;1.031820e-02;2.160287e-03;8.207751e-03
3.887944e-01;5.234062e-02;1.244983e-02;6.126521e-03;5.038815e-02;2.334420e-01;2.108708e-01;3.745517e-03;7.957292e-03;1.521675e-02;3.338389e-03;1.532978e-02
3.643941e-01;2.250879e-02;1.163758e-02;8.393658e-03;6.455538e-02;2.899295e-01;1.746137e-01;1.241723e-02;1.015155e-02;1.231788e-02;6.371634e-03;2.270891e-02
2.707393e-01;2.169881e-02;1.667279e-02;1.237509e-02;9.444383e-02;3.446144e-01;1.259521e-01;1.378068e-02;1.537022e-02;7.669167e-03;6.333146e-03;7.035039e-02
1.546298e-01;1.714604e-02;1.629749e-02;1.331502e-02;1.474327e-01;3.046069e-01;9.975482e-02;1.291598e-02;1.801236e-02;1.698426e-02;1.114622e-02;1.877584e-01
9.213636e-02;1.324205e-02;1.797090e-02;1.892816e-02;1.887157e-01;1.853656e-01;6.420063e-02;2.016602e-02;3.152109e-02;2.407596e-02;1.789710e-02;3.257805e-01
