1.762101e-01;1.197649e-01;1.242537e-01;4.839925e-02;6.406134e-02;6.180584e-02;7.265603e-02;3.886710e-02;3.959959e-02;7.873188e-02;9.222396e-02;8.342631e-02
1.703792e-01;1.346363e-01;1.363563e-01;4.069156e-02;6.139908e-02;6.394672e-02;6.797736e-02;3.307941e-02;3.529337e-02;9.001455e-02;7.992273e-02;8.630344e-02
1.514473e-01;1.308948e-01;1.101699e-01;4.446950e-02;5.801171e-02;7.797740e-02;7.574857e-02;5.624780e-02;4.971919e-02;9.005787e-02;7.524817e-02;8.000778e-02
1.054043e-01;1.161715e-01;1.108154e-01;6.162693e-02;7.118683e-02;7.465314e-02;6.837196e-02;7.474856e-02;6.706502e-02;1.008254e-01;7.562142e-02;7.350961e-02
9.360357e-02;1.051252e-01;1.164216e-01;4.916270e-02;8.848404e-02;7.777809e-02;6.263253e-02;6.461305e-02;6.603753e-02;1.095664e-01;8.513790e-02;8.143732e-02
6.361334e-02;8.639118e-02;1.513130e-01;4.748837e-02;9.584714e-02;9.201929e-02;6.607731e-02;5.000566e-02;8.287089e-02;1.037095e-01;7.872021e-02;8.194413e-02
6.326249e-02;1.015637e-01;1.310175e-01;6.920209e-02;8.063832e-02;1.056333e-01;8.098634e-02;5.205309e-02;6.675895e-02;1.102194e-01;8.294716e-02;5.571768e-02
7.771576e-02;9.530013e-02;1.277347e-01;8.261014e-02;5.628632e-02;1.242950e-01;6.543185e-02;5.355486e-02;5.128423e-02;1.365532e-01;8.623844e-02;4.299527e-02
6.983364e-02;7.062227e-02;1.304015e-01;8.686197e-02;6.486080e-02;1.110148e-01;7.380307e-02;4.807446e-02;6.559587e-02;1.497853e-01;8.402321e-02;4.512303e-02
6.982927e-02;8.330617e-02;1.214211e-01;1.176703e-01;5.285994e-02;6.686392e-02;9.047005e-02;3.307660e-02;6.575263e-02;1.255637e-01;9.327982e-02;7.990652e-02
1.096709e-01;6.928297e-02;1.147450e-01;1.016806e-01;5.256246e-02;5.419396e-02;7.513623e-02;3.377126e-02;6.113719e-02;1.119803e-01;8.788426e-02;1.279549e-01
1.135722e-01;6.199133e-02;1.332699e-01;8.109178e-02;6.021517e-02;4.934733e-02;5.940432e-02;3.542557e-02;6.000255e-02;1.332524e-01;7.372490e-02;1.387025e-01
1.429593e-01;1.058310e-01;1.834453e-01;4.960123e-02;5.479756e-02;2.954245e-02;6.053402e-02;5.631595e-02;9.418445e-02;1.133793e-01;4.240393e-02;6.700545e-02
1.855554e-01;1.319018e-01;1.662116e-01;3.195178e-02;5.606287e-02;2.161177e-02;5.257253e-02;9.678096e-02;9.886326e-02;7.246444e-02;4.660154e-02;3.942212e-02
2.534705e-01;1.302705e-01;1.017804e-01;2.037185e-02;5.778000e-02;1.732072e-02;5.692782e-02;1.556048e-01;8.059765e-02;5.102473e-02;4.498312e-02;2.986790e-02
2.682176e-01;9.763341e-02;4.829609e-02;2.513625e-02;4.683568e-02;1.821184e-02;1.467553e-01;1.763610e-01;4.751909e-02;3.480086e-02;3.065748e-02;5.957546e-02
1.328415e-01;7.915649e-02;5.072840e-02;4.984103e-02;3.360165e-02;4.023325e-02;2.609446e-01;1.341619e-01;2.049017e-02;4.392637e-02;3.204238e-02;1.220323e-01
1.472152e-01;7.722199e-02;4.262082e-02;7.215674e-02;2.158901e-02;4.252458e-02;2.588455e-01;7.703949e-02;1.672862e-02;3.058423e-02;3.852191e-02;1.749519e-01
2.219245e-01;5.182984e-02;2.994145e-02;7.595681e-02;1.761785e-02;2.622793e-02;2.379931e-01;4.292173e-02;8.759147e-03;1.926186e-02;5.162590e-02;2.159398e-01
1.529832e-01;1.601547e-02;4.022039e-02;6.162474e-02;1.877659e-02;5.857443e-02;2.554226e-01;3.589909e-02;1.714669e-02;2.744504e-02;1.110100e-01;2.048818e-01
5.071952e-02;2.321685e-02;8.808360e-02;2.616013e-02;2.163743e-02;8.837546e-02;2.696150e-01;4.766764e-02;4.606514e-02;3.608202e-02;1.927581e-01;1.096191e-01
4.585296e-02;2.064204e-02;9.805971e-02;2.633268e-02;2.085314e-02;1.270932e-01;2.402059e-01;5.821386e-02;6.046562e-02;2.642322e-02;2.081138e-01;6.774385e-02
3.807351e-02;1.449023e-02;8.379696e-02;2.503412e-02;1.629121e-02;1.818334e-01;1.672293e-01;5.507684e-02;6.212820e-02;2.435561e-02;2.564495e-01;7.524114e-02
3.692516e-02;2.869380e-02;5.132816e-02;2.156604e-02;1.599930e-02;2.136619e-01;8.679906e-02;6.638991e-02;4.977921e-02;5.654456e-02;3.185584e-01;5.375455e-02
2.292922e-02;7.306588e-02;3.092949e-02;2.011580e-02;3.963935e-02;1.637496e-01;6.836707e-02;1.120820e-01;3.066320e-02;1.252691e-01;2.905089e-01;2.268033e-02
1.235999e-02;1.247226e-01;3.208994e-02;2.528171e-02;5.069134e-02;1.036695e-01;6.119874e-02;1.661696e-01;2.500244e-02;2.090683e-01;1.675662e-01;2.217978e-02
2.522214e-02;1.191284e-01;4.057886e-02;2.762302e-02;4.967905e-02;8.455691e-02;4.637495e-02;1.328954e-01;2.569048e-02;2.499305e-01;1.799497e-01;1.837054e-02
3.905829e-02;6.234783e-02;7.158069e-02;1.450846e-02;3.322851e-02;1.140427e-01;3.412123e-02;6.727827e-02;6.124156e-02;1.811007e-01;2.957288e-01;2.576305e-02
4.105274e-02;1.994787e-02;9.244627e-02;7.331537e-03;2.765550e-02;1.573664e-01;4.040426e-02;3.129683e-02;9.039769e-02;9.180000e-02;3.629565e-01;3.734445e-02
4.040419e-02;1.554598e-02;9.446134e-02;2.403402e-02;6.047989e-02;1.607555e-01;7.432152e-02;1.897771e-02;9.505505e-02;3.479322e-02;3.116449e-01;6.952668e-02
6.572574e-02;4.204085e-02;9.939032e-02;4.597938e-02;7.364874e-02;1.180560e-01;1.271104e-01;3.228907e-02;6.941850e-02;5.316148e-02;1.792574e-01;9.392219e-02
9.562720e-02;6.973182e-02;9.322261e-02;4.889699e-02;7.292075e-02;7.305659e-02;1.725618e-01;2.734143e-02;5.169837e-02;6.658095e-02;1.422278e-01;8.613371e-02
8.274966e-02;6.380544e-02;8.014411e-02;3.425108e-02;5.013231e-02;5.662593e-02;1.809112e-01;3.890270e-02;4.014408e-02;7.324441e-02;2.360924e-01;6.299668e-02
4.541717e-02;6.105227e-02;1.013995e-01;2.926456e-02;5.659757e-02;7.871199e-02;1.584271e-01;4.940777e-02;3.608050e-02;7.492422e-02;2.478507e-01;6.086675e-02
8.263227e-02;7.823988e-02;1.146322e-01;4.894900e-02;4.448516e-02;7.937012e-02;7.272524e-02;5.904045e-02;4.192254e-02;8.369797e-02;2.066196e-01;8.768557e-02
1.431122e-01;6.562103e-02;8.084451e-02;5.518542e-02;6.326877e-02;7.150539e-02;7.176701e-02;7.897382e-02;4.050896e-02;9.009261e-02;1.387023e-01;1.004180e-01
1.301142e-01;6.628989e-02;1.003813e-01;5.323365e-02;5.744423e-02;7.243214e-02;8.616301e-02;6.688438e-02;5.776680e-02;9.635212e-02;1.228056e-01;9.013274e-02
1.063843e-01;5.449760e-02;8.076101e-02;4.454799e-02;3.733307e-02;3.755933e-02;6.276969e-02;3.598098e-02;8.719945e-02;1.318299e-01;2.261077e-01;9.502891e-02
9.371826e-02;2.028294e-02;5.676870e-02;2.851864e-02;3.236001e-02;8.183189e-02;4.512300e-02;1.488071e-02;7.448629e-02;1.626391e-01;3.089093e-01;8.048125e-02
9.676261e-02;1.974310e-02;8.673586e-02;2.473720e-02;3.414796e-02;9.367514e-02;5.751044e-02;1.519774e-02;4.713922e-02;1.617709e-01;2.841132e-01;7.846656e-02
9.276488e-02;2.022668e-02;1.139737e-01;3.652504e-02;3.762968e-02;5.601213e-02;6.802143e-02;2.201077e-02;4.344674e-02;1.753680e-01;2.192107e-01;1.148103e-01
7.270204e-02;2.672223e-02;8.816086e-02;5.950033e-02;3.924407e-02;5.545499e-02;6.379580e-02;4.258190e-02;6.997921e-02;2.063377e-01;1.744655e-01;1.010554e-01
4.991668e-02;3.357116e-02;9.895974e-02;7.857244e-02;4.347990e-02;5.396937e-02;5.956535e-02;5.081793e-02;9.606300e-02;2.342163e-01;1.434207e-01;5.744741e-02
4.868652e-02;3.492623e-02;1.548974e-01;7.040194e-02;6.306324e-02;3.740459e-02;8.036015e-02;5.292322e-02;1.107141e-01;2.140785e-01;9.701424e-02;3.552996e-02
6.921690e-02;5.084384e-02;1.217076e-01;4.318838e-02;8.480898e-02;6.424528e-02;9.760769e-02;5.807406e-02;9.710885e-02;1.689430e-01;9.530384e-02;4.895154e-02
4.572121e-02;5.629662e-02;1.005490e-01;3.544677e-02;8.880196e-02;7.092872e-02;9.901582e-02;5.637429e-02;8.345728e-02;1.396946e-01;1.531098e-01;7.060391e-02
1.004320e-01;4.168228e-02;1.052846e-01;2.116616e-02;9.383133e-02;6.646144e-02;9.444579e-02;4.033522e-02;6.745379e-02;1.073612e-01;1.636462e-01;9.789988e-02
1.417669e-01;2.971333e-02;9.881547e-02;3.233800e-02;1.039767e-01;4.588610e-02;9.807774e-02;5.771476e-02;6.516326e-02;6.217576e-02;1.505851e-01;1.137869e-01
1.320884e-01;4.238842e-02;1.165616e-01;4.798152e-02;8.912715e-02;5.387051e-02;1.001038e-01;5.710989e-02;5.346748e-02;7.379384e-02;1.495979e-01;8.390962e-02
1.039705e-01;4.145163e-02;1.158688e-01;4.153009e-02;4.790666e-02;9.921644e-02;1.033675e-01;4.620917e-02;3.880224e-02;1.062838e-01;2.170001e-01;3.839315e-02
5.319860e-02;2.287427e-02;8.877073e-02;1.585541e-02;3.453159e-02;1.581082e-01;8.689499e-02;3.854944e-02;6.413304e-02;1.087242e-01;2.665011e-01;6.185841e-02
6.736045e-02;1.442503e-02;9.832344e-02;1.107008e-02;4.959586e-02;1.197435e-01;7.442778e-02;7.294729e-02;9.046751e-02;8.527026e-02;2.276261e-01;8.874259e-02
5.797118e-02;1.912833e-02;8.974202e-02;1.850265e-02;6.240812e-02;6.866104e-02;7.931402e-02;1.333041e-01;9.334700e-02;7.013343e-02;1.920875e-01;1.154005e-01
4.179255e-02;2.050383e-02;8.250528e-02;2.208789e-02;7.210223e-02;5.994279e-02;7.786936e-02;1.621812e-01;8.876609e-02;6.765365e-02;1.748977e-01;1.296974e-01
4.704769e-02;1.351185e-02;9.719467e-02;2.091653e-02;7.990641e-02;5.459896e-02;7.411423e-02;1.356652e-01;1.122320e-01;6.419697e-02;1.765449e-01;1.240705e-01
3.505062e-02;1.079585e-02;1.281438e-01;2.155416e-02;8.293317e-02;5.900441e-02;6.085489e-02;8.059890e-02;1.666106e-01;5.991974e-02;1.880122e-01;1.065216e-01
2.854063e-02;1.709661e-02;1.719109e-01;1.517191e-02;6.876890e-02;5.684441e-02;4.353116e-02;3.823868e-02;2.001152e-01;6.268229e-02;2.040990e-01;9.300020e-02
6.254384e-02;2.962392e-02;1.707959e-01;5.178390e-02;5.638614e-02;8.236844e-02;9.676335e-02;4.953898e-02;1.177455e-01;7.493719e-02;1.480625e-01;5.945036e-02
6.903962e-02;3.972810e-02;1.476467e-01;6.422894e-02;5.027356e-02;1.236906e-01;1.366995e-01;6.418101e-02;5.807521e-02;6.901050e-02;1.421395e-01;3.528681e-02
4.478147e-02;3.200624e-02;1.017983e-01;5.537291e-02;3.851406e-02;1.736966e-01;1.387749e-01;7.167558e-02;3.554731e-02;6.040127e-02;2.155078e-01;3.192345e-02
3.076910e-02;3.144198e-02;3.784880e-02;3.453384e-02;2.943736e-02;2.053404e-01;9.087769e-02;7.482059e-02;3.561046e-02;6.533986e-02;3.444516e-01;1.952835e-02
3.234623e-02;3.771514e-02;3.877752e-02;3.133816e-02;3.857211e-02;1.701399e-01;4.095346e-02;6.197834e-02;3.043850e-02;1.032774e-01;3.924219e-01;2.204133e-02
3.785440e-02;4.182783e-02;3.910953e-02;3.388960e-02;3.250378e-02;1.590522e-01;2.940080e-02;1.075519e-01;3.243401e-02;1.235401e-01;3.336202e-01;2.921569e-02
3.711539e-02;4.183885e-02;5.968200e-02;2.328540e-02;2.970104e-02;1.650232e-01;2.831259e-02;1.108675e-01;3.379280e-02;1.072593e-01;3.330961e-01;3.002580e-02
4.407315e-02;2.796065e-02;8.629656e-02;1.708519e-02;3.572920e-02;2.058931e-01;2.950273e-02;5.871198e-02;5.426425e-02;7.885712e-02;3.419982e-01;1.962801e-02
4.394637e-02;1.407061e-02;1.184669e-01;9.106408e-03;2.134945e-02;2.420790e-01;1.701659e-02;2.228666e-02;9.322828e-02;4.797395e-02;3.585408e-01;1.193488e-02
3.625972e-02;1.614639e-02;1.239274e-01;9.059537e-03;1.707826e-02;2.003327e-01;2.178985e-02;3.061497e-02;1.557789e-01;2.832733e-02;3.209859e-01;3.969903e-02
2.696297e-02;1.366453e-02;1.122347e-01;2.825499e-02;2.015396e-02;1.254672e-01;7.107510e-02;4.038439e-02;2.047524e-01;2.410371e-02;2.555231e-01;7.742295e-02
2.390426e-02;2.264138e-02;7.414687e-02;5.679501e-02;1.519417e-02;6.653957e-02;1.854479e-01;4.197712e-02;1.624001e-01;4.968986e-02;1.629160e-01;1.383478e-01
3.402976e-02;4.582439e-02;3.106426e-02;8.432846e-02;1.401949e-02;6.088689e-02;2.645919e-01;4.858990e-02;6.299316e-02;6.914335e-02;1.021699e-01;1.823586e-01
4.310517e-02;6.476545e-02;2.961382e-02;1.186579e-01;1.499669e-02;4.422755e-02;2.520260e-01;5.488507e-02;2.605567e-02;7.464893e-02;7.843175e-02;1.985860e-01
3.574168e-02;5.783207e-02;5.346772e-02;9.902766e-02;1.894292e-02;6.183482e-02;1.606532e-01;4.155122e-02;8.473774e-02;7.743658e-02;1.374159e-01;1.713586e-01
5.436969e-02;3.888901e-02;7.004651e-02;4.227696e-02;3.672267e-02;7.728531e-02;1.226099e-01;4.473212e-02;1.450733e-01;6.956325e-02;1.628417e-01;1.355896e-01
7.053826e-02;3.267616e-02;5.057683e-02;7.741667e-02;6.231085e-02;1.008237e-01;1.649199e-01;3.622872e-02;1.425510e-01;5.760309e-02;1.066872e-01;9.766766e-02
7.786887e-02;3.491699e-02;9.127600e-02;1.017965e-01;7.751983e-02;1.107643e-01;1.491811e-01;3.056888e-02;6.263587e-02;5.529764e-02;1.217827e-01;8.639131e-02
7.838819e-02;4.151527e-02;8.816513e-02;9.977466e-02;8.281781e-02;1.002164e-01;1.164516e-01;5.876018e-02;5.605161e-02;4.500629e-02;1.289240e-01;1.039289e-01
7.846393e-02;4.881790e-02;6.998283e-02;9.747834e-02;5.882065e-02;6.312492e-02;1.136903e-01;7.009894e-02;8.513137e-02;4.977312e-02;1.415241e-01;1.230935e-01
8.806606e-02;5.978738e-02;1.171017e-01;7.400556e-02;5.009469e-02;6.415270e-02;7.874611e-02;5.078716e-02;1.084791e-01;6.152976e-02;1.174898e-01;1.297600e-01
1.160368e-01;9.160183e-02;1.036580e-01;8.200260e-02;5.465002e-02;3.567557e-02;4.962186e-02;5.642640e-02;8.900765e-02;8.428025e-02;1.497973e-01;8.724164e-02
1.152488e-01;9.925044e-02;6.185500e-02;8.722151e-02;5.604067e-02;4.043809e-02;5.121038e-02;5.216821e-02;1.069481e-01;8.913352e-02;1.819420e-01;5.854328e-02
1.102511e-01;7.170187e-02;9.101611e-02;7.409017e-02;4.991909e-02;6.740000e-02;5.603129e-02;4.615560e-02;1.162848e-01;7.828452e-02;1.789087e-01;5.995678e-02
1.296566e-01;7.188884e-02;1.550632e-01;5.723165e-02;4.919256e-02;6.224370e-02;8.513939e-02;5.331379e-02;8.932358e-02;8.056661e-02;9.267772e-02;7.370233e-02
1.625332e-01;9.700660e-02;1.445405e-01;5.175636e-02;3.577241e-02;3.332538e-02;1.015513e-01;6.890894e-02;8.246718e-02;7.545754e-02;6.128396e-02;8.539663e-02
1.538195e-01;8.745368e-02;1.209850e-01;5.913314e-02;2.428889e-02;3.528160e-02;1.261433e-01;6.940444e-02;8.149613e-02;7.933655e-02;6.388918e-02;9.876852e-02
1.209615e-01;7.294676e-02;1.030967e-01;6.191014e-02;2.524411e-02;6.064598e-02;1.465133e-01;6.660383e-02;8.111199e-02;8.420622e-02;7.624082e-02;1.005186e-01
8.140544e-02;6.117694e-02;1.188009e-01;6.023511e-02;3.573422e-02;8.203162e-02;1.467373e-01;7.915944e-02;8.509613e-02;8.389079e-02;9.627504e-02;6.945709e-02
5.222687e-02;5.832860e-02;8.173103e-02;2.646530e-02;4.437735e-02;7.888460e-02;2.155783e-01;1.051675e-01;7.869635e-02;7.160281e-02;1.027743e-01;8.416697e-02
1.663641e-01;9.762632e-02;6.169662e-02;2.719766e-02;2.331587e-02;5.261559e-02;1.419391e-01;7.393453e-02;6.946413e-02;6.970094e-02;8.801434e-02;1.281308e-01
2.112515e-01;9.398132e-02;5.975049e-02;3.278206e-02;2.299448e-02;4.823086e-02;1.398907e-01;6.263473e-02;6.756432e-02;6.733325e-02;7.638921e-02;1.171971e-01
1.913966e-01;6.409834e-02;7.418778e-02;2.076872e-02;2.380735e-02;3.549214e-02;1.773043e-01;5.417503e-02;5.893140e-02;8.725712e-02;1.122806e-01;1.003007e-01
1.589496e-01;1.105623e-01;9.129433e-02;4.282641e-02;2.409004e-02;3.718664e-02;1.352372e-01;2.869973e-02;4.278644e-02;7.524227e-02;1.054162e-01;1.477088e-01
7.300092e-02;1.055881e-01;1.259073e-01;5.161757e-02;3.355007e-02;5.166111e-02;1.487500e-01;4.158318e-02;2.399547e-02;6.647244e-02;8.229515e-02;1.955786e-01
9.874490e-02;9.613255e-02;9.680605e-02;3.408375e-02;7.829109e-02;7.392434e-02;1.278703e-01;5.877496e-02;7.962091e-02;1.000918e-01;5.616584e-02;9.949358e-02
1.342087e-01;7.229005e-02;1.526645e-01;6.606855e-02;6.924322e-02;6.582770e-02;1.159727e-01;7.979386e-02;7.471954e-02;6.253744e-02;4.073675e-02;6.593695e-02
1.093471e-01;5.712110e-02;1.228231e-01;9.778927e-02;5.478855e-02;6.492761e-02;1.983172e-01;9.330555e-02;5.565584e-02;4.213579e-02;3.304907e-02;7.073987e-02
8.013459e-02;4.331249e-02;6.743762e-02;1.145637e-01;3.987416e-02;5.623783e-02;3.091094e-01;9.989900e-02;3.454374e-02;2.981086e-02;2.407196e-02;1.010047e-01
3.633125e-02;2.867745e-02;1.983346e-02;1.102888e-01;2.380006e-02;4.731945e-02;4.342425e-01;8.469164e-02;1.963541e-02;2.704956e-02;2.186904e-02;1.462613e-01
1.525273e-02;2.749365e-02;2.170077e-02;8.157775e-02;7.943351e-03;5.247115e-02;4.819058e-01;4.040345e-02;1.972233e-02;3.129364e-02;4.171406e-02;1.785214e-01
2.918575e-02;3.147848e-02;1.540963e-02;8.383000e-02;5.155195e-03;5.096155e-02;4.658332e-01;3.452034e-02;1.154075e-02;5.139743e-02;3.237088e-02;1.883168e-01
3.498303e-02;3.076832e-02;1.045086e-02;8.122724e-02;4.629306e-03;3.535237e-02;4.391206e-01;4.096591e-02;1.329834e-02;1.085527e-01;1.449158e-02;1.861597e-01
5.384686e-02;3.103650e-02;1.666772e-02;8.031551e-02;9.593889e-03;3.510115e-02;3.629870e-01;5.082126e-02;2.423511e-02;1.545337e-01;1.425269e-02;1.666086e-01
7.324392e-02;4.352105e-02;4.107156e-02;8.578142e-02;1.995830e-02;6.403695e-02;2.654109e-01;4.917632e-02;3.926678e-02;1.476826e-01;3.171299e-02;1.391372e-01
7.437968e-02;5.258415e-02;7.194509e-02;7.200234e-02;3.242182e-02;8.424758e-02;2.290699e-01;4.292792e-02;4.824442e-02;1.128958e-01;4.630205e-02;1.329793e-01
4.778198e-02;3.975759e-02;5.801878e-02;3.881963e-02;2.737567e-02;8.410575e-02;2.933654e-01;4.544039e-02;3.433406e-02;9.741330e-02;3.759668e-02;1.959908e-01
4.038979e-02;2.229725e-02;2.226845e-02;7.863242e-02;1.939877e-02;8.312546e-02;3.265330e-01;4.158497e-02;1.402763e-02;7.995473e-02;2.730538e-02;2.444822e-01
5.575437e-02;2.645558e-02;3.356800e-02;8.446515e-02;3.179205e-02;7.504879e-02;2.862737e-01;5.766232e-02;3.310310e-02;6.491852e-02;3.850390e-02;2.124545e-01
8.325116e-02;8.060262e-02;7.076699e-02;7.713543e-02;5.795501e-02;7.777186e-02;1.792142e-01;7.367864e-02;6.145176e-02;6.004068e-02;3.975653e-02;1.383752e-01
1.052964e-01;1.259258e-01;1.004032e-01;5.684028e-02;6.562793e-02;5.645520e-02;1.385483e-01;6.708439e-02;6.956325e-02;5.503000e-02;4.945075e-02;1.097745e-01
1.243025e-01;1.342151e-01;9.733464e-02;4.966105e-02;6.191656e-02;6.578791e-02;1.062058e-01;5.779561e-02;5.974098e-02;6.913874e-02;6.753097e-02;1.063701e-01
1.801799e-01;1.035669e-01;1.296328e-01;5.964648e-02;4.893565e-02;5.138365e-02;9.980549e-02;2.950273e-02;3.778457e-02;7.215189e-02;8.445755e-02;1.029524e-01
1.655860e-01;7.739259e-02;1.993931e-01;4.480046e-02;5.000423e-02;3.668952e-02;9.588142e-02;2.586108e-02;3.372901e-02;6.486519e-02;8.252033e-02;1.232771e-01
1.787163e-01;6.443017e-02;1.783039e-01;4.137046e-02;4.766458e-02;3.485127e-02;8.729976e-02;3.440965e-02;3.665086e-02;7.093778e-02;9.017031e-02;1.351951e-01
1.489414e-01;6.478103e-02;1.513980e-01;3.893691e-02;4.642231e-02;2.662237e-02;1.127956e-01;3.623195e-02;4.037018e-02;9.247201e-02;1.206897e-01;1.203385e-01
1.042976e-01;7.130858e-02;7.821082e-02;2.502782e-02;4.335297e-02;3.707123e-02;1.592004e-01;3.094526e-02;4.639258e-02;1.576051e-01;1.757867e-01;7.080097e-02
1.010489e-01;8.561490e-02;5.009380e-02;3.056874e-02;3.918042e-02;1.837147e-02;1.273098e-01;2.926067e-02;5.224230e-02;2.044984e-01;1.744423e-01;8.736815e-02
7.963834e-02;7.758906e-02;8.100102e-02;5.852676e-02;7.566007e-02;4.407108e-02;1.299601e-01;3.937929e-02;5.860778e-02;1.617525e-01;1.187393e-01;7.507455e-02
3.460932e-02;4.647480e-02;1.711320e-01;1.082040e-01;1.331621e-01;5.592872e-02;1.467233e-01;4.493475e-02;6.500432e-02;1.002574e-01;6.276362e-02;3.080567e-02
4.351763e-02;5.136995e-02;1.620622e-01;1.088261e-01;1.407832e-01;5.322578e-02;1.345389e-01;4.204323e-02;6.501576e-02;8.870980e-02;6.205666e-02;4.785071e-02
8.680513e-02;6.453301e-02;9.358508e-02;9.314521e-02;1.049346e-01;6.746448e-02;1.250715e-01;4.116011e-02;6.002998e-02;9.605788e-02;8.603105e-02;8.118187e-02
1.123681e-01;6.129315e-02;1.509570e-01;7.218596e-02;3.326839e-02;1.007153e-01;1.142839e-01;3.618841e-02;3.400777e-02;7.823362e-02;1.056279e-01;1.008706e-01
1.039907e-01;5.602052e-02;2.051355e-01;5.241638e-02;4.321703e-02;9.162408e-02;9.143064e-02;2.815758e-02;2.574969e-02;9.707204e-02;1.224347e-01;8.275113e-02
7.870049e-02;4.123977e-02;1.863532e-01;4.003798e-02;7.009631e-02;7.766957e-02;8.921741e-02;3.195922e-02;4.048068e-02;1.333309e-01;1.505032e-01;6.041126e-02
5.059772e-02;3.422105e-02;1.331047e-01;3.565050e-02;6.397575e-02;9.189973e-02;1.427523e-01;5.348572e-02;6.070001e-02;1.300944e-01;1.531137e-01;5.040433e-02
8.772937e-02;2.922393e-02;1.092002e-01;5.610274e-02;5.396678e-02;9.678632e-02;1.504407e-01;8.348013e-02;6.014238e-02;9.081364e-02;1.129206e-01;6.919326e-02
1.324998e-01;4.997801e-02;8.196836e-02;5.463197e-02;5.180248e-02;4.670014e-02;9.133244e-02;7.868776e-02;6.800796e-02;1.105632e-01;1.150554e-01;1.187724e-01
1.074168e-01;7.467628e-02;1.058754e-01;3.876995e-02;5.218066e-02;5.667812e-02;7.852640e-02;9.718937e-02;9.346133e-02;7.847587e-02;1.028577e-01;1.138921e-01
9.866033e-02;7.758939e-02;9.699427e-02;7.950332e-02;6.228640e-02;8.460151e-02;7.585477e-02;1.024534e-01;7.044180e-02;7.179290e-02;9.706819e-02;8.275372e-02
8.267612e-02;1.479040e-01;9.747680e-02;1.303277e-01;7.546526e-02;5.750075e-02;6.745173e-02;6.882162e-02;5.931792e-02;7.132177e-02;3.866576e-02;1.030706e-01
1.151749e-01;1.496058e-01;1.039749e-01;1.355093e-01;7.369012e-02;4.386660e-02;6.326846e-02;6.626944e-02;6.972502e-02;6.365531e-02;3.699948e-02;7.826066e-02
1.679816e-01;9.646337e-02;8.669994e-02;1.317458e-01;6.727137e-02;4.064570e-02;1.000393e-01;6.985360e-02;6.881834e-02;5.247274e-02;6.674781e-02;5.126045e-02
1.838444e-01;9.209277e-02;6.299429e-02;1.057445e-01;5.149700e-02;4.439671e-02;1.360172e-01;6.898853e-02;6.641570e-02;5.900960e-02;5.760220e-02;7.139704e-02
1.774406e-01;1.446277e-01;7.924727e-02;7.607065e-02;4.212217e-02;5.317497e-02;1.300563e-01;6.481704e-02;6.485919e-02;6.781290e-02;3.913345e-02;6.063776e-02
1.930520e-01;1.475824e-01;9.655811e-02;8.724991e-02;4.360338e-02;3.594485e-02;1.014348e-01;4.191477e-02;3.166859e-02;5.041078e-02;3.983702e-02;1.307434e-01
1.412425e-01;1.196287e-01;7.759732e-02;8.918398e-02;4.900528e-02;5.271713e-02;1.617286e-01;3.823413e-02;2.672675e-02;3.684315e-02;4.186196e-02;1.652305e-01
8.466946e-02;9.095516e-02;4.767156e-02;6.840970e-02;7.655945e-02;9.225880e-02;1.983217e-01;3.936901e-02;4.415661e-02;3.188464e-02;7.251074e-02;1.532332e-01
6.719852e-02;4.644477e-02;8.228049e-02;2.845717e-02;8.451031e-02;1.720034e-01;1.758837e-01;2.390110e-02;6.254879e-02;2.680820e-02;1.395700e-01;9.039348e-02
5.200689e-02;1.500193e-02;1.323766e-01;1.433103e-02;5.403366e-02;2.419330e-01;1.326736e-01;1.211169e-02;5.862672e-02;2.453147e-02;2.204222e-01;4.195119e-02
6.872753e-02;1.619739e-02;1.603301e-01;1.768924e-02;2.868193e-02;2.554992e-01;8.298898e-02;5.131326e-03;4.535075e-02;3.199458e-02;2.506563e-01;3.675261e-02
1.413512e-01;1.910746e-02;1.745298e-01;1.349740e-02;2.975525e-02;2.258833e-01;3.918654e-02;8.135702e-03;3.393877e-02;3.548240e-02;2.449575e-01;3.417468e-02
1.870070e-01;2.545820e-02;1.755463e-01;1.437122e-02;2.936359e-02;1.931819e-01;1.618551e-02;8.193800e-03;2.422410e-02;5.120198e-02;2.419674e-01;3.329917e-02
1.806763e-01;3.129872e-02;1.668929e-01;2.720632e-02;2.890054e-02;1.758797e-01;2.974345e-02;1.391524e-02;1.879200e-02;7.563046e-02;2.222847e-01;2.877965e-02
1.409883e-01;4.759556e-02;1.607314e-01;3.895234e-02;3.662971e-02;1.287735e-01;7.647835e-02;2.649216e-02;2.603415e-02;1.023964e-01;1.788560e-01;3.607218e-02
9.619421e-02;6.811602e-02;1.376912e-01;5.205143e-02;4.060758e-02;7.953221e-02;1.077426e-01;5.983756e-02;3.519263e-02;1.299011e-01;1.447121e-01;4.842138e-02
4.260501e-02;6.824236e-02;1.020653e-01;4.206382e-02;4.296969e-02;8.122119e-02;8.431626e-02;1.020689e-01;3.949485e-02;1.607160e-01;1.833272e-01;5.090949e-02
3.476151e-02;7.575709e-02;5.607528e-02;2.304443e-02;6.239488e-02;6.802701e-02;4.889856e-02;1.476354e-01;4.849885e-02;1.883694e-01;2.062175e-01;4.032008e-02
2.503761e-02;8.549915e-02;3.190698e-02;2.534754e-02;8.094015e-02;4.946193e-02;4.762717e-02;1.758554e-01;5.202495e-02;2.117475e-01;1.835766e-01;3.097518e-02
2.592861e-02;8.184154e-02;2.269243e-02;2.898445e-02;9.708873e-02;5.825912e-02;3.998082e-02;1.823381e-01;4.105766e-02;2.214728e-01;1.675895e-01;3.276624e-02
4.424283e-02;6.726447e-02;5.194164e-02;3.532688e-02;1.042398e-01;6.441315e-02;6.198054e-02;1.413596e-01;6.063451e-02;1.821067e-01;1.526198e-01;3.387010e-02
6.443363e-02;6.040797e-02;8.948192e-02;4.831480e-02;1.011157e-01;5.836682e-02;1.051096e-01;9.335807e-02;7.980441e-02;1.405902e-01;1.219985e-01;3.701831e-02
5.219798e-02;5.371706e-02;8.113509e-02;4.919563e-02;1.158518e-01;6.529841e-02;1.040514e-01;8.229472e-02;8.417254e-02;1.636596e-01;1.168510e-01;3.157492e-02
2.853457e-02;6.248415e-02;4.320158e-02;3.969336e-02;1.109631e-01;5.811033e-02;8.410065e-02;1.019356e-01;6.715073e-02;2.278491e-01;1.551398e-01;2.083714e-02
9.714151e-03;7.228394e-02;1.633272e-02;3.385876e-02;1.026967e-01;4.052406e-02;4.396132e-02;1.208716e-01;8.073733e-02;2.831019e-01;1.652209e-01;3.069666e-02
1.694206e-02;6.713432e-02;1.202280e-02;2.731813e-02;8.479472e-02;4.003092e-02;4.572988e-02;1.268582e-01;1.113132e-01;2.976754e-01;1.425881e-01;2.759230e-02
1.581360e-02;6.031865e-02;1.563895e-02;3.228184e-02;7.395585e-02;4.309205e-02;5.220399e-02;1.595173e-01;9.303832e-02;2.808622e-01;1.493336e-01;2.394373e-02
2.273037e-02;4.574233e-02;1.812642e-02;3.984648e-02;5.735080e-02;4.503223e-02;7.999086e-02;1.712269e-01;6.934867e-02;2.545058e-01;1.783168e-01;1.778233e-02
1.648287e-02;3.515293e-02;2.097015e-02;4.295986e-02;5.870143e-02;4.642849e-02;1.018410e-01;1.367978e-01;4.791662e-02;2.547346e-01;2.133962e-01;2.461801e-02
1.871987e-02;2.374021e-02;2.374381e-02;6.392539e-02;5.234767e-02;4.856200e-02;1.550339e-01;8.316161e-02;3.660445e-02;2.424399e-01;2.248496e-01;2.687164e-02
1.294296e-02;2.476346e-02;1.709202e-02;8.284953e-02;4.086319e-02;6.683735e-02;1.792711e-01;5.907093e-02;4.323949e-02;2.082152e-01;2.325206e-01;3.233413e-02
1.747287e-02;1.976963e-02;1.916670e-02;9.400629e-02;3.070015e-02;7.326569e-02;1.710186e-01;6.379946e-02;3.823722e-02;1.872734e-01;2.472592e-01;3.803077e-02
3.178226e-02;1.586425e-02;2.911647e-02;1.172973e-01;2.032533e-02;8.036014e-02;1.285551e-01;4.363984e-02;2.836513e-02;1.886406e-01;2.741595e-01;4.189403e-02
4.816638e-02;3.543044e-02;5.841696e-02;1.346044e-01;2.223215e-02;7.897566e-02;1.037092e-01;3.697753e-02;2.945920e-02;1.649488e-01;2.348341e-01;5.224509e-02
1.132349e-01;6.345515e-02;8.707518e-02;1.001868e-01;3.219063e-02;4.863392e-02;1.072149e-01;6.805612e-02;4.601517e-02;1.194223e-01;1.515696e-01;6.294529e-02
9.787901e-02;9.053656e-02;7.317209e-02;4.870470e-02;6.106695e-02;4.775245e-02;1.162167e-01;6.557844e-02;7.273632e-02;9.630147e-02;1.160669e-01;1.139884e-01
6.296214e-02;7.424781e-02;6.179688e-02;3.311338e-02;9.462231e-02;4.982644e-02;6.815514e-02;5.192392e-02;9.424945e-02;1.490731e-01;9.893227e-02;1.610971e-01
9.253847e-02;7.388942e-02;5.461080e-02;2.948562e-02;8.230747e-02;5.696227e-02;4.694290e-02;6.732129e-02;7.513636e-02;1.551116e-01;1.038275e-01;1.618663e-01
1.070208e-01;5.702492e-02;8.862559e-02;2.183867e-02;4.085832e-02;1.037132e-01;4.354707e-02;6.219318e-02;3.642120e-02;1.381404e-01;1.781919e-01;1.224248e-01
9.084726e-02;2.322362e-02;1.138339e-01;1.485015e-02;1.409042e-02;2.104085e-01;5.600050e-02;3.759585e-02;5.110721e-02;8.335731e-02;2.196541e-01;8.503129e-02
4.810044e-02;7.579450e-03;1.574261e-01;1.583101e-02;1.706140e-02;2.987587e-01;6.770638e-02;1.445068e-02;5.946594e-02;5.543515e-02;1.999111e-01;5.827373e-02
2.406124e-02;7.749803e-03;1.929465e-01;1.272740e-02;2.364585e-02;3.185230e-01;8.161940e-02;1.392076e-02;5.789090e-02;4.958640e-02;1.645914e-01;5.273734e-02
2.332908e-02;1.088439e-02;2.101534e-01;8.386958e-03;3.201106e-02;2.863969e-01;1.101216e-01;1.611362e-02;5.284477e-02;4.161850e-02;1.438487e-01;6.429111e-02
3.618259e-02;6.842361e-03;2.255350e-01;2.336254e-02;3.558174e-02;2.112401e-01;1.320531e-01;1.921959e-02;4.726427e-02;4.012386e-02;1.466388e-01;7.595606e-02
4.141455e-02;1.282038e-02;2.306478e-01;1.942638e-02;3.695007e-02;1.339731e-01;1.379736e-01;2.741488e-02;4.384591e-02;6.732315e-02;1.717078e-01;7.650239e-02
3.351370e-02;1.175565e-02;2.171613e-01;3.235837e-02;4.245721e-02;1.193289e-01;1.219558e-01;3.604230e-02;4.738775e-02;8.318391e-02;1.877876e-01;6.706759e-02
4.362912e-02;1.594978e-02;2.286000e-01;2.563625e-02;5.004062e-02;8.651903e-02;8.685295e-02;3.264182e-02;6.170451e-02;8.774354e-02;1.949044e-01;8.577799e-02
4.119687e-02;2.151913e-02;1.748502e-01;1.760358e-02;7.074551e-02;5.454317e-02;6.674699e-02;3.286706e-02;8.749244e-02;9.756081e-02;2.344382e-01;1.004359e-01
3.538365e-02;9.615480e-03;1.445513e-01;1.946341e-02;9.663763e-02;4.601980e-02;7.539062e-02;4.712874e-02;9.165243e-02;8.655608e-02;2.262145e-01;1.213863e-01
3.100584e-02;1.245019e-02;1.137376e-01;3.286002e-02;1.125163e-01;5.842993e-02;9.227838e-02;4.226737e-02;8.621236e-02;8.565483e-02;2.033199e-01;1.292673e-01
6.833991e-02;4.831482e-02;8.665028e-02;3.727551e-02;1.011370e-01;5.498106e-02;1.221335e-01;4.219273e-02;7.217109e-02;7.895543e-02;1.420892e-01;1.457595e-01
1.453436e-01;9.247476e-02;8.658464e-02;6.383717e-02;7.445034e-02;5.518355e-02;1.374539e-01;2.448222e-02;3.782265e-02;4.714108e-02;8.507900e-02;1.501471e-01
1.743156e-01;1.095472e-01;4.233989e-02;1.259630e-01;4.547093e-02;6.228720e-02;1.330787e-01;2.326885e-02;1.712352e-02;3.902972e-02;7.098289e-02;1.565925e-01
1.691919e-01;8.571254e-02;9.799305e-02;1.816009e-01;2.197999e-02;4.621699e-02;1.157615e-01;2.209111e-02;1.458989e-02;3.350547e-02;6.784174e-02;1.435149e-01
1.326771e-01;7.400966e-02;1.518664e-01;1.546281e-01;3.183416e-02;4.182358e-02;1.027204e-01;2.628458e-02;3.079156e-02;5.491081e-02;9.504796e-02;1.034057e-01
5.735505e-02;6.083831e-02;2.038877e-01;8.654153e-02;4.675781e-02;5.897057e-02;9.945858e-02;4.750461e-02;4.338490e-02;7.465135e-02;1.461371e-01;7.451249e-02
3.364686e-02;4.293163e-02;1.651354e-01;4.063128e-02;3.821191e-02;8.176097e-02;7.735426e-02;4.937391e-02;5.722016e-02;1.061949e-01;2.255444e-01;8.199431e-02
7.929279e-02;1.978415e-02;1.234052e-01;2.417247e-02;1.753682e-02;8.600083e-02;6.028505e-02;3.184388e-02;5.518965e-02;1.423829e-01;2.682448e-01;9.186134e-02
6.423726e-02;3.381471e-02;7.947268e-02;3.412751e-02;1.626237e-02;5.966797e-02;8.335481e-02;3.657170e-02;5.474868e-02;1.846591e-01;2.661086e-01;8.697460e-02
6.901629e-02;4.140740e-02;6.413876e-02;4.041316e-02;3.870749e-02;3.131934e-02;8.420695e-02;5.259122e-02;6.333074e-02;2.045131e-01;2.256342e-01;8.472135e-02
9.639572e-02;5.825136e-02;1.084922e-01;4.837524e-02;6.345832e-02;4.452524e-02;7.412449e-02;4.797531e-02;7.240088e-02;1.397965e-01;1.422508e-01;1.039539e-01
1.111154e-01;9.461478e-02;1.615767e-01;3.704497e-02;6.600409e-02;4.890796e-02;5.407256e-02;4.746417e-02;4.861854e-02;1.256783e-01;5.780465e-02;1.470978e-01
1.262288e-01;1.021158e-01;1.683400e-01;3.105286e-02;4.797717e-02;5.297222e-02;5.333106e-02;4.518567e-02;3.634577e-02;1.149061e-01;6.272480e-02;1.588198e-01
9.118441e-02;8.272959e-02;1.354498e-01;2.557148e-02;3.923974e-02;7.137575e-02;6.331345e-02;3.967679e-02;5.511034e-02;1.122648e-01;1.086897e-01;1.753941e-01
6.033732e-02;5.098427e-02;7.896686e-02;1.438960e-02;4.224895e-02;1.109097e-01;1.261865e-01;5.018389e-02;7.242751e-02;7.503752e-02;1.432610e-01;1.750669e-01
7.353486e-02;3.011210e-02;7.872466e-02;4.485222e-02;4.515797e-02;1.009406e-01;1.640741e-01;4.701278e-02;5.182666e-02;6.607548e-02;1.442754e-01;1.534132e-01
6.787211e-02;2.443565e-02;1.087537e-01;5.614593e-02;5.447556e-02;7.891572e-02;1.578252e-01;4.247132e-02;2.538885e-02;6.128224e-02;1.585522e-01;1.638814e-01
6.164891e-02;1.641833e-02;1.156244e-01;6.144087e-02;4.600760e-02;6.751479e-02;1.483090e-01;3.998546e-02;4.419393e-02;5.509458e-02;1.704164e-01;1.733458e-01
6.782056e-02;1.232361e-02;8.903363e-02;5.444216e-02;5.872151e-02;6.092053e-02;2.138336e-01;3.965883e-02;3.154857e-02;5.359916e-02;1.484522e-01;1.696456e-01
8.761953e-02;1.821340e-02;5.305190e-02;4.545290e-02;5.990194e-02;5.404829e-02;2.505572e-01;4.296554e-02;2.715777e-02;5.177018e-02;1.333223e-01;1.759391e-01
7.307007e-02;2.053221e-02;4.672170e-02;3.039878e-02;8.521522e-02;5.058354e-02;2.034647e-01;4.216800e-02;2.606584e-02;7.420441e-02;1.504741e-01;1.971014e-01
4.036099e-02;5.224800e-02;7.555012e-02;2.466325e-02;1.241613e-01;6.485938e-02;1.113244e-01;2.950536e-02;4.602760e-02;7.589597e-02;1.651002e-01;1.903034e-01
3.980953e-02;5.678748e-02;1.044932e-01;4.672880e-02;1.649088e-01;9.726464e-02;4.971344e-02;3.156674e-02;4.621315e-02;7.090458e-02;1.615654e-01;1.300442e-01
3.508968e-02;2.612847e-02;1.115838e-01;4.700065e-02;1.626319e-01;1.245637e-01;3.174097e-02;5.466084e-02;7.127256e-02;8.760272e-02;1.658209e-01;8.190381e-02
2.359897e-02;9.546268e-03;1.202379e-01;2.657584e-02;9.669105e-02;1.498996e-01;3.302328e-02;5.348570e-02;9.742621e-02;1.262953e-01;1.945893e-01;6.863061e-02
2.037368e-02;1.628344e-02;9.586500e-02;1.012740e-02;4.582009e-02;1.949189e-01;4.518231e-02;2.816169e-02;7.121919e-02;1.597153e-01;2.412375e-01;7.109545e-02
3.322741e-02;2.122421e-02;6.933480e-02;1.269464e-02;4.710298e-02;1.716872e-01;7.068997e-02;1.602359e-02;3.307521e-02;1.753344e-01;2.718696e-01;7.773589e-02
3.407682e-02;3.091482e-02;5.649666e-02;1.760631e-02;4.850803e-02;1.148644e-01;1.022945e-01;2.383615e-02;2.378800e-02;1.817243e-01;2.876029e-01;7.828718e-02
4.186163e-02;2.658814e-02;6.532604e-02;1.881612e-02;4.142167e-02;1.433768e-01;1.168797e-01;1.599781e-02;2.600054e-02;1.756752e-01;2.621607e-01;6.589568e-02
4.486400e-02;2.370389e-02;1.066533e-01;1.635017e-02;2.483137e-02;1.765513e-01;8.063048e-02;2.079477e-02;4.214599e-02;1.627453e-01;2.473699e-01;5.335953e-02
4.792972e-02;2.334053e-02;1.176268e-01;1.415811e-02;1.991677e-02;1.594887e-01;4.356998e-02;2.047867e-02;8.442564e-02;1.521852e-01;2.598321e-01;5.704780e-02
4.713950e-02;1.188451e-02;1.223895e-01;1.484206e-02;2.381413e-02;1.195505e-01;4.031396e-02;3.112782e-02;1.098584e-01;1.496351e-01;2.641676e-01;6.527688e-02
3.665981e-02;1.251943e-02;8.355048e-02;1.345536e-02;1.709365e-02;1.125479e-01;5.194132e-02;3.662680e-02;9.953812e-02;1.610449e-01;2.949718e-01;8.005046e-02
4.077470e-02;1.583697e-02;6.607834e-02;2.326389e-02;1.911896e-02;8.646539e-02;6.669643e-02;3.418759e-02;6.135056e-02;1.673292e-01;3.205896e-01;9.830840e-02
4.236026e-02;2.569171e-02;1.155657e-01;2.162966e-02;2.339299e-02;3.669140e-02;6.508107e-02;2.501361e-02;4.971297e-02;1.704218e-01;3.042549e-01;1.201840e-01
4.353774e-02;3.144499e-02;1.009330e-01;1.986621e-02;3.180211e-02;5.096034e-02;5.323710e-02;2.099390e-02;8.121907e-02;1.813768e-01;2.494223e-01;1.352064e-01
4.447278e-02;1.825293e-02;7.211529e-02;3.751163e-02;3.172544e-02;7.302521e-02;7.802571e-02;4.479273e-02;9.135132e-02;1.572154e-01;2.053520e-01;1.461595e-01
5.973532e-02;4.234688e-02;7.525807e-02;4.978665e-02;3.312637e-02;8.184839e-02;1.091716e-01;6.993169e-02;7.792623e-02;1.195121e-01;1.653248e-01;1.160319e-01
4.346277e-02;4.971261e-02;6.935284e-02;5.805665e-02;3.969884e-02;7.628056e-02;1.425105e-01;8.451519e-02;1.100844e-01;8.396842e-02;1.463809e-01;9.597632e-02
7.855615e-02;6.844287e-02;5.783906e-02;3.536645e-02;5.037519e-02;7.729787e-02;1.179310e-01;6.915181e-02;1.231922e-01;8.799966e-02;1.344492e-01;9.939853e-02
6.308662e-02;8.495811e-02;5.941871e-02;4.348212e-02;4.800460e-02;6.023549e-02;1.036344e-01;1.124822e-01;1.226037e-01;8.847931e-02;1.084802e-01;1.051345e-01
1.218538e-01;6.468004e-02;7.477942e-02;3.851822e-02;3.819146e-02;6.770464e-02;1.377302e-01;1.174964e-01;8.135883e-02;8.638502e-02;8.545320e-02;8.584876e-02
