1.056063e-01;1.926715e-01;1.201658e-01;5.685336e-02;6.999239e-02;6.085971e-02;3.090370e-02;4.072712e-02;3.699670e-02;6.760433e-02;9.912433e-02;1.184948e-01
1.485915e-01;1.712143e-01;8.659172e-02;5.617404e-02;7.551553e-02;6.515873e-02;4.514456e-02;5.610410e-02;5.592839e-02;8.513612e-02;5.464213e-02;9.979893e-02
5.556830e-02;1.109573e-01;6.141102e-02;1.204130e-01;1.026801e-01;9.098737e-02;5.982237e-02;8.399371e-02;6.916119e-02;1.074292e-01;8.687465e-02;5.070179e-02
5.150790e-02;6.765647e-02;5.785401e-02;1.442343e-01;1.192645e-01;9.571777e-02;7.489418e-02;9.315465e-02;5.483063e-02;9.912881e-02;7.128095e-02;7.047579e-02
4.509370e-02;5.585744e-02;8.545826e-02;1.098733e-01;1.195486e-01;1.111316e-01;1.017329e-01;1.026339e-01;6.884212e-02;1.011891e-01;5.297495e-02;4.566423e-02
7.280051e-02;8.176319e-02;1.052849e-01;7.453171e-02;9.174029e-02;7.240700e-02;9.890284e-02;8.460263e-02;6.845763e-02;9.865864e-02;5.544964e-02;9.540100e-02
7.879377e-02;1.027080e-01;9.618840e-02;9.671502e-02;6.493329e-02;8.667900e-02;7.888222e-02;9.899336e-02;4.061544e-02;6.323439e-02;7.684313e-02;1.154140e-01
6.294582e-02;1.107742e-01;1.018997e-01;9.732611e-02;4.450430e-02;1.174543e-01;5.566552e-02;1.113236e-01;4.758650e-02;5.236615e-02;8.129369e-02;1.168601e-01
5.326862e-02;1.339123e-01;1.605127e-01;6.805973e-02;3.100674e-02;1.311681e-01;3.023548e-02;1.034479e-01;6.287906e-02;7.303149e-02;5.849357e-02;9.398425e-02
6.131193e-02;1.826690e-01;1.915730e-01;4.093391e-02;2.563638e-02;1.553882e-01;4.859743e-02;8.930398e-02;5.815968e-02;3.573256e-02;4.283788e-02;6.785598e-02
7.544944e-02;1.794753e-01;1.683476e-01;4.512083e-02;2.918178e-02;1.525948e-01;7.367319e-02;7.282177e-02;4.659290e-02;2.406152e-02;4.321986e-02;8.946091e-02
7.957347e-02;1.500352e-01;1.263056e-01;4.484548e-02;4.198673e-02;1.408941e-01;8.698363e-02;7.729382e-02;5.545155e-02;3.408805e-02;6.083262e-02;1.017097e-01
7.269032e-02;9.481384e-02;9.817848e-02;4.082702e-02;5.272732e-02;1.271343e-01;8.209822e-02;1.268016e-01;1.041901e-01;4.066743e-02;7.632074e-02;8.355071e-02
4.419975e-02;7.184806e-02;1.062380e-01;2.632570e-02;3.401747e-02;1.040069e-01;7.964024e-02;2.395465e-01;1.486812e-01;3.558158e-02;6.695670e-02;4.295791e-02
5.519515e-02;4.934509e-02;6.348760e-02;9.501050e-02;5.868593e-02;7.573018e-02;4.792071e-02;2.197882e-01;1.825330e-01;5.039090e-02;8.277460e-02;1.913816e-02
8.860783e-02;3.987943e-02;4.832309e-02;1.439004e-01;9.881222e-02;5.276928e-02;5.996552e-02;1.092340e-01;1.976401e-01;6.904044e-02;6.389951e-02;2.792823e-02
8.426443e-02;3.578379e-02;6.741385e-02;1.446931e-01;1.408451e-01;5.300371e-02;5.818015e-02;7.340787e-02;1.646213e-01;8.566296e-02;5.190887e-02;4.021489e-02
5.635027e-02;5.959039e-02;5.189902e-02;1.278626e-01;2.138934e-01;4.759737e-02;4.043139e-02;4.397781e-02;1.252417e-01;1.154953e-01;4.505702e-02;7.260370e-02
5.568548e-02;1.051326e-01;1.815801e-02;9.359676e-02;2.352906e-01;7.543106e-02;2.370893e-02;5.294065e-02;8.789261e-02;1.256958e-01;4.702309e-02;7.944446e-02
5.866936e-02;1.158843e-01;3.682058e-02;7.128745e-02;1.820997e-01;1.485386e-01;3.374119e-02;7.369509e-02;6.347581e-02;1.009584e-01;6.595681e-02;4.887271e-02
7.450912e-02;8.352434e-02;4.681673e-02;4.656161e-02;1.286496e-01;2.257675e-01;4.472587e-02;8.404919e-02;6.564491e-02;8.054736e-02;8.988082e-02;2.932285e-02
7.518322e-02;7.644831e-02;4.036496e-02;4.819845e-02;9.652249e-02;2.336433e-01;4.474039e-02;1.046422e-01;8.204439e-02;6.570123e-02;8.521004e-02;4.730105e-02
4.995085e-02;7.874331e-02;4.646109e-02;7.031246e-02;5.675876e-02;2.580267e-01;4.007585e-02;1.304572e-01;1.062914e-01;3.573569e-02;6.644870e-02;6.073809e-02
3.673936e-02;4.465324e-02;4.865806e-02;7.470784e-02;9.953499e-02;2.275009e-01;5.781362e-02;9.889477e-02;9.523214e-02;1.119771e-01;6.402532e-02;4.026265e-02
8.159243e-02;6.216960e-02;4.830357e-02;7.525302e-02;1.402149e-01;1.134518e-01;6.895081e-02;6.741658e-02;9.685231e-02;1.444525e-01;6.860285e-02;3.273961e-02
8.579858e-02;7.478415e-02;5.434742e-02;1.048287e-01;1.108477e-01;8.768570e-02;7.445402e-02;6.626038e-02;1.047495e-01;1.377123e-01;3.543532e-02;6.309629e-02
7.047052e-02;9.174357e-02;8.630488e-02;9.691096e-02;5.002392e-02;7.160478e-02;9.209912e-02;6.903229e-02;8.580880e-02;1.339539e-01;8.427317e-02;6.777411e-02
8.241989e-02;1.124797e-01;1.426229e-01;7.487249e-02;3.000021e-02;8.337707e-02;6.012155e-02;8.199569e-02;7.640858e-02;1.023904e-01;8.817495e-02;6.513659e-02
8.553886e-02;1.683999e-01;1.580641e-01;3.375031e-02;3.250068e-02;1.342182e-01;8.668492e-02;8.702034e-02;6.333114e-02;4.209581e-02;4.892292e-02;5.947288e-02
7.866232e-02;1.543130e-01;1.340207e-01;3.567224e-02;3.861042e-02;1.309805e-01;9.452379e-02;8.618118e-02;7.092152e-02;3.818334e-02;6.154179e-02;7.638925e-02
6.715839e-02;1.043093e-01;1.324028e-01;3.695896e-02;4.976260e-02;1.503275e-01;8.959462e-02;8.444995e-02;7.275462e-02;6.516428e-02;8.064034e-02;6.647657e-02
4.524436e-02;6.522125e-02;1.240596e-01;3.679948e-02;6.277099e-02;2.358460e-01;7.117657e-02;4.486911e-02;4.986791e-02;6.035672e-02;1.580872e-01;4.570076e-02
2.630084e-02;3.822358e-02;1.066231e-01;3.667641e-02;6.424272e-02;3.106503e-01;4.572310e-02;3.752312e-02;5.779846e-02;4.177666e-02;1.904099e-01;4.405183e-02
1.455357e-02;5.874379e-02;6.989302e-02;3.947077e-02;6.741149e-02;3.246144e-01;2.389356e-02;6.152405e-02;7.069265e-02;6.588162e-02;1.701458e-01;3.317536e-02
1.275911e-02;8.863178e-02;2.924857e-02;6.692627e-02;1.576851e-01;2.441935e-01;1.874108e-02;8.829599e-02;8.167936e-02;1.014803e-01;9.163703e-02;1.872194e-02
1.963381e-02;7.078689e-02;3.610387e-02;1.065424e-01;1.903462e-01;1.468548e-01;3.709283e-02;9.579900e-02;1.229876e-01;1.084472e-01;4.438172e-02;2.102360e-02
3.210763e-02;3.819152e-02;6.401030e-02;1.495904e-01;1.458542e-01;7.133338e-02;5.362971e-02;1.275837e-01;1.730393e-01;8.528833e-02;3.094999e-02;2.842160e-02
4.085971e-02;4.952995e-02;1.261898e-01;1.459214e-01;7.629524e-02;3.498011e-02;4.994818e-02;1.942226e-01;1.912011e-01;4.131939e-02;1.818640e-02;3.134608e-02
2.914908e-02;6.729670e-02;1.838048e-01;9.331275e-02;3.434305e-02;8.145138e-02;2.807748e-02;2.598016e-01;1.421197e-01;3.134560e-02;1.303582e-02;3.626204e-02
2.749687e-02;9.595539e-02;1.861689e-01;3.393906e-02;3.543710e-02;1.097815e-01;3.533996e-02;2.722956e-01;7.984906e-02;3.557128e-02;4.239863e-02;4.576668e-02
2.719713e-02;9.663922e-02;1.096506e-01;4.486344e-02;4.598829e-02;1.160254e-01;5.030140e-02;2.496113e-01;1.026746e-01;4.413078e-02;7.111000e-02;4.180770e-02
1.922794e-02;8.329148e-02;9.069277e-02;5.870473e-02;4.184285e-02;1.552345e-01;6.195730e-02;2.050951e-01;8.497128e-02;6.769533e-02;8.752304e-02;4.376378e-02
3.708246e-02;5.450607e-02;7.299985e-02;4.861484e-02;4.205752e-02;1.928503e-01;4.923007e-02;1.331466e-01;1.156796e-01;1.143977e-01;8.739205e-02;5.204296e-02
4.530278e-02;3.318868e-02;3.647609e-02;2.599200e-02;7.535538e-02;2.006723e-01;4.541697e-02;1.525297e-01;1.015844e-01;1.200982e-01;1.064297e-01;5.695385e-02
6.816383e-02;5.629671e-02;7.329606e-02;5.903248e-02;6.501664e-02;1.492253e-01;5.390374e-02;1.446032e-01;9.589886e-02;9.242925e-02;9.267062e-02;4.946333e-02
6.575985e-02;7.673502e-02;5.796507e-02;9.245062e-02;4.186332e-02;1.303902e-01;8.803347e-02;1.450660e-01;1.156655e-01;9.780335e-02;5.908213e-02;2.918553e-02
4.185372e-02;6.870521e-02;7.455417e-02;1.120286e-01;7.005636e-02;1.566108e-01;1.034015e-01;1.075787e-01;1.011559e-01;9.126444e-02;5.246944e-02;2.032105e-02
3.409759e-02;1.008463e-01;1.434621e-01;8.637531e-02;6.932423e-02;1.456417e-01;1.053449e-01;9.830597e-02;6.529158e-02;5.126704e-02;6.113566e-02;3.890759e-02
1.533369e-02;9.789786e-02;1.954576e-01;6.487431e-02;5.354621e-02;7.992468e-02;6.518544e-02;1.928907e-01;1.185201e-01;2.625767e-02;4.785698e-02;4.225475e-02
1.631441e-02;8.325064e-02;1.454123e-01;6.916671e-02;5.860118e-02;4.713287e-02;2.994441e-02;2.466031e-01;2.025101e-01;2.992395e-02;3.210254e-02;3.903776e-02
3.121598e-02;4.803494e-02;8.365559e-02;1.240516e-01;6.246720e-02;3.686563e-02;4.741984e-02;2.083680e-01;2.613001e-01;4.820919e-02;2.949303e-02;1.891888e-02
2.865015e-02;2.769340e-02;9.197976e-02;1.130886e-01;9.662261e-02;5.817423e-02;5.950901e-02;1.280501e-01;2.738211e-01;8.041203e-02;2.612549e-02;1.587345e-02
1.718624e-02;5.651219e-02;8.735783e-02;6.115166e-02;1.661436e-01;7.103717e-02;5.288984e-02;8.530121e-02;2.269252e-01;1.164397e-01;2.362348e-02;3.543188e-02
1.905413e-02;8.821196e-02;5.538626e-02;6.925017e-02;1.719451e-01;1.123346e-01;3.417956e-02;9.622183e-02;1.650756e-01;1.130517e-01;3.347009e-02;4.181901e-02
2.531111e-02;8.174333e-02;7.667680e-02;9.004175e-02;1.012667e-01;1.827218e-01;6.797864e-02;9.162255e-02;1.015694e-01;7.383729e-02;7.385926e-02;3.337125e-02
3.346806e-02;4.327465e-02;1.128043e-01;8.812447e-02;7.834308e-02;2.251922e-01;1.164743e-01;6.658829e-02;5.074266e-02;3.689262e-02;1.026656e-01;4.542967e-02
3.191783e-02;6.664462e-02;1.066217e-01;8.897287e-02;8.528193e-02;1.812655e-01;1.448495e-01;6.239010e-02;3.515154e-02;2.252608e-02;9.310014e-02;8.127815e-02
4.774555e-02;1.088802e-01;1.007777e-01;9.253491e-02;9.681908e-02;1.040820e-01;1.452530e-01;7.670169e-02;4.393926e-02;3.496895e-02;6.153531e-02;8.676232e-02
5.430511e-02;1.276819e-01;1.194118e-01;9.550527e-02;1.101402e-01;8.154161e-02;1.208664e-01;9.546319e-02;4.649927e-02;5.914670e-02;3.376077e-02;5.567784e-02
3.970569e-02;1.011688e-01;9.089661e-02;1.156488e-01;1.127681e-01;1.057833e-01;6.807598e-02;1.248620e-01;1.094213e-01;5.846170e-02;3.526395e-02;3.794390e-02
3.732165e-02;5.206573e-02;9.230237e-02;1.269301e-01;1.188454e-01;1.126394e-01;6.886795e-02;1.222120e-01;1.504121e-01;6.440129e-02;2.510253e-02;2.889947e-02
3.138613e-02;3.799115e-02;7.288217e-02;9.282169e-02;1.232483e-01;1.086828e-01;5.577584e-02;1.544678e-01;1.708449e-01;8.250021e-02;4.314221e-02;2.625683e-02
3.753280e-02;5.074132e-02;5.168626e-02;8.187703e-02;1.015375e-01;1.114365e-01;8.451383e-02;1.541980e-01;1.504318e-01;8.104293e-02;5.343157e-02;4.157047e-02
4.881173e-02;6.003794e-02;6.581900e-02;9.670348e-02;1.038166e-01;1.062248e-01;1.013490e-01;1.390791e-01;1.079409e-01;7.422077e-02;5.353279e-02;4.246390e-02
3.704066e-02;9.303789e-02;1.053516e-01;8.412938e-02;7.562231e-02;1.582274e-01;1.104889e-01;9.998315e-02;6.562706e-02;5.735509e-02;6.932100e-02;4.381553e-02
3.346462e-02;8.553847e-02;1.170192e-01;5.496391e-02;8.191285e-02;2.021313e-01;9.338976e-02;8.498786e-02;3.923146e-02;7.284878e-02;9.242439e-02;4.208732e-02
3.337046e-02;8.666914e-02;7.647596e-02;4.654648e-02;1.077327e-01;2.276458e-01;9.082597e-02;7.755876e-02;3.411230e-02;1.157801e-01;7.417469e-02;2.910766e-02
4.873865e-02;8.600584e-02;6.126883e-02;8.344270e-02;1.414944e-01;1.944833e-01;8.457956e-02;5.742980e-02;6.109812e-02;1.266165e-01;3.083367e-02;2.400860e-02
6.715082e-02;8.042213e-02;9.293272e-02;1.232957e-01;1.195473e-01;1.382322e-01;6.735355e-02;6.788335e-02;9.162665e-02;1.009381e-01;1.916872e-02;3.144871e-02
5.983878e-02;6.480728e-02;1.429051e-01;1.564819e-01;5.638963e-02;1.026912e-01;3.946504e-02;1.273386e-01;1.378901e-01;6.212527e-02;1.681871e-02;3.324828e-02
2.432971e-02;3.283336e-02;1.789239e-01;1.294948e-01;3.241012e-02;8.653353e-02;4.894660e-02;2.132094e-01;1.463015e-01;2.850969e-02;2.439709e-02;5.411020e-02
1.578866e-02;5.416684e-02;1.824040e-01;7.211337e-02;4.238214e-02;9.055629e-02;8.539095e-02;2.269145e-01;9.232755e-02;3.297375e-02;1.849890e-02;8.648304e-02
2.929541e-02;4.576660e-02;9.036413e-02;1.529983e-01;6.943965e-02;1.187000e-01;7.601114e-02;1.910424e-01;9.287080e-02;3.483006e-02;1.371023e-02;8.497135e-02
4.345760e-02;3.349146e-02;1.169300e-01;1.541693e-01;6.414912e-02;1.312745e-01;4.991622e-02;1.789050e-01;9.393065e-02;3.480644e-02;1.460365e-02;8.436620e-02
2.913883e-02;5.301491e-02;1.838751e-01;1.016335e-01;3.004539e-02;1.382200e-01;3.402379e-02;2.033958e-01;8.258796e-02;3.649037e-02;7.224794e-03;1.003495e-01
1.226221e-02;8.326560e-02;2.062545e-01;6.242429e-02;2.527054e-02;1.392224e-01;3.354131e-02;2.134747e-01;6.323177e-02;3.208279e-02;3.320311e-02;9.576678e-02
2.869936e-02;1.255069e-01;1.808420e-01;6.131577e-02;2.615424e-02;1.388044e-01;2.013301e-02;2.170951e-01;5.366855e-02;3.069425e-02;5.613446e-02;6.095185e-02
5.311926e-02;1.143298e-01;1.205128e-01;8.517865e-02;3.681392e-02;1.553010e-01;3.933145e-02;2.097378e-01;8.302424e-02;4.462618e-02;3.927942e-02;1.874544e-02
6.791153e-02;5.414835e-02;8.594649e-02;1.115995e-01;4.440151e-02;1.445772e-01;5.266874e-02;1.844112e-01;8.212941e-02;9.895378e-02;4.042440e-02;3.282781e-02
7.689478e-02;4.620466e-02;8.121484e-02;9.559818e-02;5.514407e-02;1.437529e-01;8.272125e-02;1.750196e-01;7.044271e-02;1.191606e-01;2.111158e-02;3.273476e-02
5.564209e-02;5.213158e-02;1.218564e-01;9.865621e-02;6.255186e-02;1.733217e-01;4.587895e-02;1.777968e-01;5.702936e-02;9.934998e-02;1.907704e-02;3.670798e-02
2.405569e-02;4.190292e-02;1.190062e-01;1.036173e-01;9.412912e-02;1.881712e-01;2.786973e-02;1.793694e-01;7.049565e-02;6.626847e-02;3.699744e-02;4.811686e-02
3.420733e-02;4.059105e-02;9.063270e-02;1.198590e-01;1.012985e-01;1.297166e-01;4.929950e-02;1.911752e-01;6.016456e-02;7.488344e-02;7.361636e-02;3.455575e-02
7.139779e-02;9.925070e-02;1.303436e-01;1.039494e-01;5.206727e-02;6.429507e-02;5.572154e-02;1.600700e-01;5.390310e-02;1.004176e-01;7.278938e-02;3.579469e-02
7.860706e-02;1.253679e-01;1.759106e-01;1.257205e-01;5.001640e-02;4.361692e-02;6.903201e-02;1.048245e-01;6.246142e-02;7.628076e-02;2.680184e-02;6.136005e-02
7.258467e-02;7.758500e-02;1.520812e-01;1.243673e-01;8.364707e-02;8.734340e-02;7.056346e-02;6.319991e-02;9.462767e-02;7.967883e-02;3.292609e-02;6.139550e-02
5.505915e-02;4.533793e-02;8.109055e-02;9.395492e-02;1.312880e-01;1.056725e-01;4.604452e-02;1.010274e-01;1.375430e-01;1.214243e-01;3.463693e-02;4.692089e-02
3.310380e-02;4.734428e-02;4.696402e-02;7.422765e-02;1.629835e-01;6.697661e-02;2.895017e-02;1.480166e-01;1.771062e-01;1.662085e-01;2.456879e-02;2.354987e-02
2.274904e-02;7.299710e-02;4.193548e-02;6.466037e-02;1.759697e-01;3.942100e-02;2.186725e-02;1.254971e-01;1.766598e-01;1.834086e-01;2.908582e-02;4.574871e-02
2.321401e-02;1.243238e-01;3.757160e-02;5.194014e-02;1.741430e-01;7.309341e-02;2.172698e-02;7.275239e-02;1.404335e-01;1.762123e-01;3.894313e-02;6.564580e-02
2.210014e-02;1.380068e-01;2.766056e-02;4.797603e-02;1.368320e-01;1.101330e-01;3.188736e-02;8.657015e-02;1.283753e-01;1.521720e-01;5.462774e-02;6.365901e-02
3.689923e-02;1.040961e-01;5.114912e-02;4.999759e-02;8.005740e-02;1.402325e-01;6.590403e-02;9.849792e-02;1.342976e-01;1.120576e-01;8.626675e-02;4.054421e-02
6.996977e-02;6.508686e-02;1.069406e-01;4.602600e-02;4.316681e-02;1.377892e-01;7.660672e-02;7.028627e-02;1.384784e-01;7.211147e-02;1.426181e-01;3.091958e-02
6.667601e-02;4.690565e-02;1.337034e-01;2.267199e-02;3.398474e-02;1.475872e-01;6.607603e-02;4.602291e-02;1.304178e-01;4.262972e-02;2.174566e-01;4.586799e-02
4.487623e-02;3.220978e-02;1.209829e-01;2.037395e-02;3.020453e-02;1.734075e-01;4.800484e-02;2.572446e-02;1.311347e-01;5.067594e-02;2.671360e-01;5.526911e-02
3.081538e-02;5.814426e-02;9.189565e-02;4.024406e-02;4.393851e-02;1.471252e-01;8.065269e-02;3.576554e-02;1.458249e-01;5.379388e-02;2.136498e-01;5.815013e-02
3.900919e-02;7.138234e-02;6.065797e-02;1.008529e-01;4.682845e-02;6.079789e-02;1.710159e-01;4.129914e-02;9.057213e-02;8.919895e-02;9.036528e-02;1.380199e-01
4.431914e-02;8.039168e-02;3.012816e-02;1.571418e-01;2.463054e-02;2.378174e-02;2.142733e-01;5.047984e-02;3.215868e-02;1.373105e-01;2.790460e-02;1.774800e-01
4.902242e-02;8.536709e-02;2.008960e-02;1.554642e-01;1.959172e-02;3.793796e-02;2.075085e-01;5.757308e-02;2.656154e-02;1.404210e-01;2.641510e-02;1.740479e-01
5.173564e-02;7.639647e-02;3.399211e-02;1.261684e-01;2.347115e-02;5.000743e-02;2.009517e-01;6.698804e-02;3.180724e-02;1.263677e-01;3.287474e-02;1.792395e-01
4.929460e-02;7.538338e-02;5.502853e-02;9.330440e-02;3.810428e-02;8.951204e-02;1.661938e-01;7.311291e-02;4.432715e-02;1.051705e-01;4.026351e-02;1.703049e-01
3.537843e-02;8.909359e-02;6.716169e-02;8.311107e-02;4.373198e-02;1.318736e-01;1.107273e-01;7.761259e-02;6.019861e-02;8.999154e-02;6.312189e-02;1.479976e-01
3.247447e-02;5.584271e-02;5.040222e-02;9.721573e-02;4.217052e-02;9.161770e-02;1.683402e-01;8.034668e-02;9.680925e-02;1.176242e-01;5.400478e-02;1.131515e-01
2.055892e-02;8.924198e-02;1.033103e-01;9.595458e-02;6.271119e-02;7.510965e-02;1.261960e-01;8.522250e-02;8.157368e-02;1.236298e-01;4.472245e-02;9.176898e-02
2.706001e-02;7.961304e-02;1.313021e-01;8.853576e-02;5.880795e-02;7.084380e-02;9.926159e-02;1.055187e-01;1.112627e-01;9.250689e-02;4.554078e-02;8.974668e-02
4.264682e-02;7.083555e-02;1.020512e-01;6.379206e-02;3.414989e-02;1.173228e-01;1.157629e-01;1.184699e-01;9.351339e-02;4.799042e-02;1.186190e-01;7.484613e-02
5.906712e-02;8.829071e-02;8.393849e-02;7.369728e-02;6.260294e-02;1.784675e-01;8.826888e-02;8.661088e-02;6.693179e-02;5.646954e-02;1.139748e-01;4.168001e-02
4.131916e-02;1.048905e-01;6.262550e-02;6.693240e-02;1.235418e-01;1.614258e-01;4.681085e-02;7.335592e-02;9.155504e-02;1.053696e-01;6.911356e-02;5.305991e-02
2.378558e-02;1.026547e-01;3.760177e-02;4.634396e-02;1.615291e-01;1.452466e-01;4.288445e-02;7.195675e-02;1.000760e-01;1.554057e-01;5.315684e-02;5.935849e-02
3.498507e-02;8.328205e-02;4.418648e-02;4.785357e-02;1.524947e-01;1.023497e-01;5.298145e-02;8.770748e-02;1.456735e-01;1.744026e-01;2.224893e-02;5.183446e-02
8.520583e-02;5.230960e-02;5.360991e-02;9.955691e-02;1.132298e-01;4.095623e-02;5.441639e-02;9.446184e-02;1.933438e-01;1.407392e-01;3.454414e-02;3.762632e-02
1.135343e-01;2.509492e-02;7.882887e-02;1.282085e-01;7.625677e-02;3.203883e-02;5.079168e-02;1.196069e-01;2.017549e-01;7.825641e-02;5.205655e-02;4.357144e-02
7.824702e-02;4.046550e-02;1.112613e-01;9.726640e-02;4.555870e-02;5.771450e-02;3.090505e-02;2.042072e-01;1.622951e-01;2.938928e-02;4.703948e-02;9.565046e-02
2.482072e-02;6.415801e-02;1.241395e-01;5.863933e-02;4.669027e-02;5.958376e-02;4.540290e-02;2.794936e-01;1.177803e-01;2.379658e-02;4.852540e-02;1.069697e-01
3.809929e-02;9.518749e-02;1.257420e-01;6.506839e-02;5.033551e-02;5.286599e-02;7.666402e-02;2.475056e-01;6.669880e-02;2.997868e-02;9.503234e-02;5.682189e-02
2.317447e-02;9.700216e-02;1.973418e-01;4.405950e-02;3.325555e-02;3.753520e-02;6.032453e-02;2.041314e-01;8.590389e-02;4.208941e-02;9.671222e-02;7.846983e-02
1.743602e-02;8.916545e-02;2.905428e-01;4.262671e-02;2.152476e-02;2.584004e-02;2.647063e-02;2.235745e-01;7.164088e-02;3.435904e-02;5.218558e-02;1.046336e-01
2.259361e-02;6.003692e-02;3.422881e-01;9.262200e-02;1.837557e-02;2.929761e-02;1.609057e-02;2.212746e-01;5.478220e-02;1.861338e-02;1.262442e-02;1.114010e-01
2.024620e-02;4.382758e-02;3.180857e-01;1.182863e-01;2.114484e-02;5.846854e-02;1.209384e-02;2.180993e-01;7.346951e-02;1.044323e-02;8.086625e-03;9.774838e-02
7.823420e-03;4.738123e-02;2.857634e-01;9.764488e-02;2.813861e-02;9.879540e-02;2.991001e-02;2.209525e-01;7.801750e-02;9.080169e-03;1.104795e-02;8.544503e-02
1.396840e-02;5.887484e-02;2.764029e-01;7.769926e-02;2.056063e-02;1.108244e-01;5.341271e-02;2.293275e-01;7.029883e-02;8.273887e-03;1.397587e-02;6.638076e-02
2.106914e-02;6.668726e-02;2.764647e-01;7.111965e-02;2.269464e-02;8.820976e-02;5.107729e-02;2.453588e-01;7.175773e-02;1.201853e-02;2.050774e-02;5.303471e-02
2.893964e-02;1.029409e-01;2.373918e-01;5.152957e-02;2.308730e-02;5.973247e-02;4.300165e-02;2.542016e-01;8.796937e-02;2.361398e-02;4.108262e-02;4.650908e-02
3.515668e-02;1.307946e-01;1.726338e-01;4.594521e-02;2.274686e-02;6.297899e-02;4.185827e-02;2.314089e-01;1.068785e-01;4.383291e-02;6.859543e-02;3.716985e-02
6.743974e-02;1.170489e-01;1.021388e-01;5.865854e-02;4.374744e-02;5.866007e-02;3.467375e-02;1.872482e-01;1.460046e-01;8.725131e-02;7.031803e-02;2.681050e-02
8.480107e-02;8.012272e-02;6.897215e-02;8.704096e-02;1.017521e-01;3.342460e-02;4.635009e-02;1.547312e-01;1.395605e-01;9.449326e-02;6.181883e-02;4.693255e-02
6.562580e-02;7.561293e-02;7.394424e-02;7.284712e-02;1.085494e-01;5.430550e-02;7.702009e-02;1.727415e-01;1.002522e-01;6.768499e-02;5.888534e-02;7.253084e-02
3.497633e-02;4.743688e-02;1.293657e-01;6.781972e-02;8.019625e-02;7.971359e-02;8.904839e-02;1.684978e-01;9.759487e-02;8.622389e-02;4.033478e-02;7.879181e-02
4.684099e-02;6.379750e-02;1.776416e-01;9.082323e-02;4.727055e-02;5.752332e-02;6.030385e-02;1.563838e-01;1.035004e-01;8.582889e-02;3.544714e-02;7.463874e-02
3.791272e-02;7.359511e-02;1.779437e-01;7.087937e-02;5.664435e-02;5.184305e-02;1.093930e-01;1.380199e-01;1.084690e-01;7.646661e-02;4.413955e-02;5.469355e-02
7.343936e-02;9.390917e-02;1.602198e-01;5.535769e-02;4.688969e-02;7.005807e-02;1.200069e-01;1.259023e-01;1.017066e-01;8.273669e-02;1.788173e-02;5.189198e-02
1.213164e-01;1.331259e-01;1.156232e-01;6.765175e-02;4.512185e-02;5.978818e-02;9.380104e-02;1.271619e-01;9.368319e-02;7.370662e-02;1.076925e-02;5.825075e-02
1.121550e-01;1.462087e-01;1.078262e-01;7.295448e-02;5.110157e-02;4.737576e-02;9.850447e-02;1.182033e-01;1.220709e-01;6.481850e-02;1.681511e-02;4.196600e-02
7.783452e-02;1.769008e-01;9.581748e-02;6.275643e-02;3.172773e-02;4.276169e-02;1.076355e-01;1.565588e-01;1.121740e-01;7.266207e-02;2.924370e-02;3.392726e-02
3.444475e-02;1.131073e-01;7.826712e-02;4.775473e-02;7.229918e-02;9.410711e-02;6.976127e-02;1.564427e-01;1.351168e-01;1.071958e-01;5.424086e-02;3.726236e-02
1.329684e-02;1.266835e-01;5.550749e-02;5.035532e-02;1.027925e-01;1.126655e-01;4.263894e-02;1.478168e-01;1.286360e-01;1.260807e-01;6.087371e-02;3.265279e-02
1.427285e-02;1.488055e-01;5.609049e-02;3.761494e-02;1.224217e-01;1.316266e-01;4.028515e-02;1.359098e-01;9.862252e-02;1.309935e-01;5.760570e-02;2.575136e-02
1.703681e-02;1.290286e-01;3.799372e-02;7.810464e-02;1.236177e-01;1.631793e-01;2.600159e-02;1.431541e-01;8.756159e-02;1.180805e-01;5.315327e-02;2.308830e-02
2.693544e-02;8.365110e-02;5.184938e-02;9.662429e-02;1.110324e-01;2.271236e-01;3.880079e-02;1.177287e-01;5.603221e-02;8.666634e-02;8.460215e-02;1.895355e-02
3.363710e-02;6.191487e-02;9.766549e-02;6.626592e-02;7.728563e-02;2.497118e-01;1.026148e-01;6.978082e-02;4.992921e-02;4.986737e-02;9.467284e-02;4.665411e-02
3.351210e-02;7.770072e-02;9.276924e-02;6.066091e-02;4.904125e-02;1.833990e-01;1.956570e-01;7.202122e-02;4.137645e-02;3.658960e-02;6.486823e-02;9.240420e-02
7.078370e-02;1.209072e-01;9.381214e-02;8.894799e-02;3.276746e-02;8.197515e-02;2.053277e-01;1.376684e-01;2.093098e-02;3.284824e-02;2.300692e-02;9.102405e-02
1.125185e-01;1.994985e-01;1.476245e-01;6.135184e-02;3.121085e-02;3.291110e-02;1.130680e-01;1.660929e-01;4.413607e-02;1.179580e-02;3.481136e-02;4.498077e-02
8.257696e-02;2.808834e-01;2.358670e-01;3.492476e-02;1.579705e-02;2.980065e-02;3.044836e-02;1.016149e-01;7.695369e-02;4.674103e-02;3.436362e-02;3.002851e-02
3.907097e-02;2.787010e-01;3.309519e-01;3.038844e-02;1.449618e-02;2.988470e-02;1.724551e-02;4.332927e-02;6.908628e-02;1.068203e-01;1.900636e-02;2.101917e-02
2.475182e-02;1.794032e-01;4.246956e-01;3.704587e-02;3.016297e-02;1.970755e-02;2.787373e-02;3.065318e-02;3.647751e-02;1.439348e-01;3.428269e-02;1.101109e-02
3.149344e-02;1.202719e-01;4.282168e-01;4.901794e-02;5.377775e-02;2.526080e-02;6.012572e-02;3.678237e-02;2.161543e-02;1.247906e-01;3.797709e-02;1.067016e-02
4.183839e-02;1.520945e-01;3.505982e-01;6.931757e-02;6.874930e-02;5.876777e-02;8.248484e-02;3.890032e-02;2.602477e-02;7.597188e-02;7.577009e-03;2.767538e-02
4.429528e-02;1.681454e-01;2.256502e-01;6.191857e-02;8.663437e-02;9.359112e-02;6.465207e-02;5.176830e-02;3.425896e-02;6.673588e-02;5.349115e-02;4.885868e-02
4.134321e-02;1.587889e-01;1.649549e-01;3.924472e-02;1.070815e-01;1.188599e-01;6.562094e-02;6.321365e-02;4.586980e-02;7.118415e-02;5.874041e-02;6.509784e-02
7.008009e-02;1.679292e-01;1.346212e-01;4.469221e-02;7.896946e-02;1.225820e-01;7.117353e-02;8.199017e-02;5.016635e-02;6.563091e-02;3.962611e-02;7.253864e-02
9.678398e-02;1.952903e-01;1.853697e-01;6.535183e-02;6.780966e-02;9.464495e-02;4.557737e-02;6.886818e-02;3.363696e-02;5.598722e-02;3.228520e-02;5.839465e-02
1.016356e-01;1.817332e-01;1.706727e-01;8.792196e-02;9.591133e-02;7.653646e-02;6.616905e-02;4.584292e-02;3.568915e-02;6.093686e-02;2.877422e-02;4.817648e-02
1.154182e-01;1.315117e-01;1.249778e-01;8.642228e-02;8.604538e-02;1.335119e-01;9.342364e-02;4.407802e-02;3.458448e-02;7.415251e-02;2.528142e-02;5.059272e-02
1.430501e-01;1.029193e-01;1.246803e-01;6.893474e-02;5.989179e-02;1.484917e-01;8.281568e-02;4.265083e-02;5.998055e-02;9.356805e-02;1.688445e-02;5.613250e-02
