5.294282e-02;1.681241e-01;1.928226e-01;4.483752e-02;2.482861e-02;7.767742e-02;8.431753e-02;4.327085e-02;7.563921e-02;1.223369e-01;6.579866e-02;4.740373e-02
3.340134e-02;2.436988e-01;1.951696e-01;4.950141e-02;2.348144e-02;7.368492e-02;6.908952e-02;5.752565e-02;9.481142e-02;7.462572e-02;2.844878e-02;5.656147e-02
5.486993e-02;3.010691e-01;2.039168e-01;4.502220e-02;2.836849e-02;6.972833e-02;5.582070e-02;7.903845e-02;8.019772e-02;2.396810e-02;1.702871e-02;4.097143e-02
7.195422e-02;3.068278e-01;2.009857e-01;3.468786e-02;2.182080e-02;4.767508e-02;4.326741e-02;9.404899e-02;5.337756e-02;4.566110e-02;3.927717e-02;4.041619e-02
6.226735e-02;2.879664e-01;2.593963e-01;2.435111e-02;1.924835e-02;3.556107e-02;3.022578e-02;6.522212e-02;4.993882e-02;9.401430e-02;3.495789e-02;3.685053e-02
3.807085e-02;3.047642e-01;2.708111e-01;2.918999e-02;3.381301e-02;7.306354e-02;4.889804e-02;3.560941e-02;3.851752e-02;8.640470e-02;1.481901e-02;2.603865e-02
5.977945e-02;2.211442e-01;2.048902e-01;5.246149e-02;5.127390e-02;7.594297e-02;6.062954e-02;5.895314e-02;7.797308e-02;6.880682e-02;3.846741e-02;2.967780e-02
8.260359e-02;1.042171e-01;1.334058e-01;5.737738e-02;6.669835e-02;8.122876e-02;8.525150e-02;9.190548e-02;1.015628e-01;7.676325e-02;6.898021e-02;5.000581e-02
7.921997e-02;7.552572e-02;1.021877e-01;6.560714e-02;6.731066e-02;1.306610e-01;8.605327e-02;9.103289e-02;9.752222e-02;8.741332e-02;6.905233e-02;4.841382e-02
4.416267e-02;7.633003e-02;1.399232e-01;1.244277e-01;6.965147e-02;1.454859e-01;5.234312e-02;6.100991e-02;5.309687e-02;6.376263e-02;1.403430e-01;2.946352e-02
2.202642e-02;7.321572e-02;1.403913e-01;1.802500e-01;6.402639e-02;1.169736e-01;2.512258e-02;6.111615e-02;2.144716e-02;3.672719e-02;2.333947e-01;2.530874e-02
1.919166e-02;5.843297e-02;1.012197e-01;2.205932e-01;4.396036e-02;9.409574e-02;1.369065e-02;7.311604e-02;7.884158e-03;1.947469e-02;3.364240e-01;1.191683e-02
1.220118e-02;3.126151e-02;1.130301e-01;2.216861e-01;2.330207e-02;9.945285e-02;1.442717e-02;7.442519e-02;8.088011e-03;4.514009e-02;3.426272e-01;1.435856e-02
9.532582e-03;5.927660e-02;1.830717e-01;2.063421e-01;2.041058e-02;8.960983e-02;1.461733e-02;6.480691e-02;1.441762e-02;5.608371e-02;2.698548e-01;1.197615e-02
9.929374e-03;7.535554e-02;2.937038e-01;1.842691e-01;2.422664e-02;6.094636e-02;2.032442e-02;4.580677e-02;2.493009e-02;7.229632e-02;1.777982e-01;1.041337e-02
1.222778e-02;9.093013e-02;3.757678e-01;1.850113e-01;2.573420e-02;5.525710e-02;1.992810e-02;2.842666e-02;2.813294e-02;6.470379e-02;1.060747e-01;7.805588e-03
1.234288e-02;8.139795e-02;3.801289e-01;1.926989e-01;4.955281e-02;1.039088e-01;2.405555e-02;2.929645e-02;1.971731e-02;3.125697e-02;6.853946e-02;7.103981e-03
1.900947e-02;1.363594e-01;4.120255e-01;1.508964e-01;5.454478e-02;9.956598e-02;3.301812e-02;2.710486e-02;1.962222e-02;1.654773e-02;2.693609e-02;4.369456e-03
2.961246e-02;2.281797e-01;3.783766e-01;9.544371e-02;4.447690e-02;9.012604e-02;2.905919e-02;3.760994e-02;1.990638e-02;1.672899e-02;2.080456e-02;9.675560e-03
3.355836e-02;2.284665e-01;2.499634e-01;6.785187e-02;4.191418e-02;1.160366e-01;5.900319e-02;9.125729e-02;3.919857e-02;2.347202e-02;3.012383e-02;1.915414e-02
3.129162e-02;8.606208e-02;2.435285e-01;9.244695e-02;5.991840e-02;1.187287e-01;8.015066e-02;1.376974e-01;7.386083e-02;4.344453e-02;2.372011e-02;9.150191e-03
2.926694e-02;6.598598e-02;2.389276e-01;1.074646e-01;6.623629e-02;1.367379e-01;5.640518e-02;9.675334e-02;1.010220e-01;5.800867e-02;3.140212e-02;1.178939e-02
2.278852e-02;5.142064e-02;2.834100e-01;1.497348e-01;6.453288e-02;7.942379e-02;3.446563e-02;4.295281e-02;9.342971e-02;6.542065e-02;1.032251e-01;9.195533e-03
1.938245e-02;9.220594e-02;2.964836e-01;1.481489e-01;6.960353e-02;4.678692e-02;4.871992e-02;5.350548e-02;6.131467e-02;2.544268e-02;1.294865e-01;8.919314e-03
1.851097e-02;1.026601e-01;2.701048e-01;1.492861e-01;6.613270e-02;6.341287e-02;5.220983e-02;6.296454e-02;4.694593e-02;3.408666e-02;1.165939e-01;1.709162e-02
1.907470e-02;9.588812e-02;2.356625e-01;1.580225e-01;5.003226e-02;8.595396e-02;5.261660e-02;7.769266e-02;5.844391e-02;4.816211e-02;9.607629e-02;2.237438e-02
2.001859e-02;7.549454e-02;1.838013e-01;1.118537e-01;7.246285e-02;7.211760e-02;7.119614e-02;1.068646e-01;1.217328e-01;4.274320e-02;9.761338e-02;2.410138e-02
3.760439e-02;1.119431e-01;2.202087e-01;1.101443e-01;7.408185e-02;4.297879e-02;5.622080e-02;9.057582e-02;9.897786e-02;3.043281e-02;1.040396e-01;2.279198e-02
3.948258e-02;1.160642e-01;2.064418e-01;1.115885e-01;8.404374e-02;7.090712e-02;5.774445e-02;1.128110e-01;5.441197e-02;1.870906e-02;1.115255e-01;1.627016e-02
4.069109e-02;1.467174e-01;2.428879e-01;9.864987e-02;6.038119e-02;1.016995e-01;4.730116e-02;8.559366e-02;4.299496e-02;2.194372e-02;9.393771e-02;1.720190e-02
5.835261e-02;1.666352e-01;2.987579e-01;1.005471e-01;2.598035e-02;1.322679e-01;2.517005e-02;6.210935e-02;2.958901e-02;2.975067e-02;5.452494e-02;1.631489e-02
5.775451e-02;1.686722e-01;3.504817e-01;1.132475e-01;4.268729e-02;9.589631e-02;2.512600e-02;3.661736e-02;1.442063e-02;2.527732e-02;5.635583e-02;1.346332e-02
4.357580e-02;1.454830e-01;3.244367e-01;1.600538e-01;5.581466e-02;8.007477e-02;2.044475e-02;3.030264e-02;1.087271e-02;3.034479e-02;8.614059e-02;1.245574e-02
3.336180e-02;9.024487e-02;3.511797e-01;2.149046e-01;5.581173e-02;7.901864e-02;2.512870e-02;1.654628e-02;1.116826e-02;3.072068e-02;8.249518e-02;9.419627e-03
5.248992e-02;6.400132e-02;3.863477e-01;2.022234e-01;5.634231e-02;4.484604e-02;4.957259e-02;1.665539e-02;1.308319e-02;5.675512e-02;4.989044e-02;7.792573e-03
5.351180e-02;1.094576e-01;4.165314e-01;1.376303e-01;5.209861e-02;2.779522e-02;5.530936e-02;1.673329e-02;1.875090e-02;8.521904e-02;2.077802e-02;6.184466e-03
3.337763e-02;1.930840e-01;4.069906e-01;7.979187e-02;3.376449e-02;3.070939e-02;3.202863e-02;3.196338e-02;3.592374e-02;9.324880e-02;9.373951e-03;1.974358e-02
2.109470e-02;2.929637e-01;3.236130e-01;3.423692e-02;1.277142e-02;5.428599e-02;1.395923e-02;4.953887e-02;6.587285e-02;8.107005e-02;7.560006e-03;4.303319e-02
2.297377e-02;3.703530e-01;2.148334e-01;2.153718e-02;8.056846e-03;6.957769e-02;1.232393e-02;5.238122e-02;1.007664e-01;5.740480e-02;1.328456e-02;5.650730e-02
3.055538e-02;3.768562e-01;1.776075e-01;2.675382e-02;9.066027e-03;6.226736e-02;3.076098e-02;4.684143e-02;1.112424e-01;6.219108e-02;1.744612e-02;4.841168e-02
4.650329e-02;3.440282e-01;1.390412e-01;2.805567e-02;1.678278e-02;7.715733e-02;6.212349e-02;6.355286e-02;1.027654e-01;5.845003e-02;2.476626e-02;3.677336e-02
6.189648e-02;2.693642e-01;1.562847e-01;4.008416e-02;3.343100e-02;8.782212e-02;7.903343e-02;7.388535e-02;7.705059e-02;4.630251e-02;4.427365e-02;3.057181e-02
8.601041e-02;2.689016e-01;2.149365e-01;3.266196e-02;3.807425e-02;5.935583e-02;4.461211e-02;4.779190e-02;8.847707e-02;3.967115e-02;4.810143e-02;3.140577e-02
5.215272e-02;3.339051e-01;2.043893e-01;4.069261e-02;3.035160e-02;4.761816e-02;2.453968e-02;3.076354e-02;1.198477e-01;4.736820e-02;3.801009e-02;3.036123e-02
3.364692e-02;3.257170e-01;2.026561e-01;5.555641e-02;2.529524e-02;6.210055e-02;2.367247e-02;2.021122e-02;1.277720e-01;3.325162e-02;3.110759e-02;5.901280e-02
3.866585e-02;2.994364e-01;1.984250e-01;6.307621e-02;2.819758e-02;6.755073e-02;2.418659e-02;2.597650e-02;1.145406e-01;4.319931e-02;2.992900e-02;6.681625e-02
4.010865e-02;2.989070e-01;2.072762e-01;6.041084e-02;3.069355e-02;6.167478e-02;2.518429e-02;3.677031e-02;8.510420e-02;8.638570e-02;1.297633e-02;5.450802e-02
4.632355e-02;3.138905e-01;1.794560e-01;6.041081e-02;2.784938e-02;5.879731e-02;3.949500e-02;4.594077e-02;6.947187e-02;8.621626e-02;3.529030e-02;3.685821e-02
5.722063e-02;3.004183e-01;1.938068e-01;6.753989e-02;3.921968e-02;5.154828e-02;4.086510e-02;3.776831e-02;7.063713e-02;6.839454e-02;4.786878e-02;2.471257e-02
6.973328e-02;3.554613e-01;1.135218e-01;5.226538e-02;3.285421e-02;3.929170e-02;3.972277e-02;5.147040e-02;7.493457e-02;8.698685e-02;4.416446e-02;3.959318e-02
4.178676e-02;3.227888e-01;2.276399e-01;6.303158e-02;3.018741e-02;3.504584e-02;2.913367e-02;4.570777e-02;7.613361e-02;6.229346e-02;2.380981e-02;4.244146e-02
2.498206e-02;2.933759e-01;3.257748e-01;6.189805e-02;3.484271e-02;3.637013e-02;2.051747e-02;3.725783e-02;7.336650e-02;4.691454e-02;2.118312e-02;2.351685e-02
2.301410e-02;2.774207e-01;3.268869e-01;5.619511e-02;4.974559e-02;5.201177e-02;2.462542e-02;3.760692e-02;6.480353e-02;2.536992e-02;3.543450e-02;2.688556e-02
3.829930e-02;2.399613e-01;2.548068e-01;9.416292e-02;4.619936e-02;5.272974e-02;4.953300e-02;5.373700e-02;6.296688e-02;2.985236e-02;3.481457e-02;4.293681e-02
5.620664e-02;1.656696e-01;2.929351e-01;7.061949e-02;4.207738e-02;8.093642e-02;4.383150e-02;6.912887e-02;5.848517e-02;4.449645e-02;4.056534e-02;3.504804e-02
4.441590e-02;1.052216e-01;3.024812e-01;4.273345e-02;4.555823e-02;9.943555e-02;3.932273e-02;5.236182e-02;5.988033e-02;1.242625e-01;5.756479e-02;2.676192e-02
2.770172e-02;1.719509e-01;3.289732e-01;3.362096e-02;2.694945e-02;6.134005e-02;3.976123e-02;1.893855e-02;5.414270e-02;1.813778e-01;4.008734e-02;1.515614e-02
2.747761e-02;1.786143e-01;3.733419e-01;2.919220e-02;1.635905e-02;3.349265e-02;3.527107e-02;1.613587e-02;4.735415e-02;2.147354e-01;1.527704e-02;1.274878e-02
2.470303e-02;2.085613e-01;3.814465e-01;2.313254e-02;8.843765e-03;2.223461e-02;1.905950e-02;2.401530e-02;6.549460e-02;1.875871e-01;8.831647e-03;2.609012e-02
2.052761e-02;2.726696e-01;3.571130e-01;1.542738e-02;8.010763e-03;3.112136e-02;1.063050e-02;2.556991e-02;9.111232e-02;1.220570e-01;6.629766e-03;3.913083e-02
1.929404e-02;3.216109e-01;3.387888e-01;1.488607e-02;7.795028e-03;2.693350e-02;7.862852e-03;3.420617e-02;8.611590e-02;9.496532e-02;1.361622e-02;3.392526e-02
1.933895e-02;3.433100e-01;3.576805e-01;1.507318e-02;1.069822e-02;2.481841e-02;1.128154e-02;4.304221e-02;6.008768e-02;8.171902e-02;1.551699e-02;1.743339e-02
2.444364e-02;3.154269e-01;4.122427e-01;2.031668e-02;1.125270e-02;1.985192e-02;2.171781e-02;3.991201e-02;3.862141e-02;7.725328e-02;8.709140e-03;1.025171e-02
3.094519e-02;2.555898e-01;4.476879e-01;4.224737e-02;1.985064e-02;2.303070e-02;2.430823e-02;2.798037e-02;3.432761e-02;6.892956e-02;1.544230e-02;9.660323e-03
3.218414e-02;2.333728e-01;4.888110e-01;5.505831e-02;2.462056e-02;2.721762e-02;2.600407e-02;1.679616e-02;2.675659e-02;4.928195e-02;1.189503e-02;8.001819e-03
3.199970e-02;3.046232e-01;4.623137e-01;4.432967e-02;1.906855e-02;2.386999e-02;1.994985e-02;1.596753e-02;1.940480e-02;3.862206e-02;8.498228e-03;1.135268e-02
4.004880e-02;3.107964e-01;4.131627e-01;3.262312e-02;1.774198e-02;2.819669e-02;1.114193e-02;2.847188e-02;3.294891e-02;5.938786e-02;1.490190e-02;1.057784e-02
3.904177e-02;2.906410e-01;3.800191e-01;2.253657e-02;1.249504e-02;2.328557e-02;2.579717e-02;3.257798e-02;5.745698e-02;8.558027e-02;1.868111e-02;1.188754e-02
2.345552e-02;2.684949e-01;2.862347e-01;4.324307e-02;2.287510e-02;5.065493e-02;3.085342e-02;6.379623e-02;8.322816e-02;9.224802e-02;1.768761e-02;1.722827e-02
2.921853e-02;2.285078e-01;2.709712e-01;6.186961e-02;2.736124e-02;8.753531e-02;2.866084e-02;8.407931e-02;7.106727e-02;6.488014e-02;2.462570e-02;2.122296e-02
3.796175e-02;2.273886e-01;2.463400e-01;8.511892e-02;2.978935e-02;9.984360e-02;3.080868e-02;7.676488e-02;5.941908e-02;4.809293e-02;3.734909e-02;2.112314e-02
5.498150e-02;2.874430e-01;2.410045e-01;7.586856e-02;1.965874e-02;6.834605e-02;4.564209e-02;4.995010e-02;5.340001e-02;5.566281e-02;3.375765e-02;1.428495e-02
6.083640e-02;3.501618e-01;2.540364e-01;4.223097e-02;1.211269e-02;4.552853e-02;3.134812e-02;4.840112e-02;5.266076e-02;6.322487e-02;2.037690e-02;1.908140e-02
6.316156e-02;3.729064e-01;3.151375e-01;2.156427e-02;1.042467e-02;2.289145e-02;2.715981e-02;3.313887e-02;3.793617e-02;5.232111e-02;1.875863e-02;2.459964e-02
5.617303e-02;3.326579e-01;3.969733e-01;2.220823e-02;1.478035e-02;3.062928e-02;2.158723e-02;3.138973e-02;3.172342e-02;2.848905e-02;1.474123e-02;1.864728e-02
4.562338e-02;3.411924e-01;4.179479e-01;1.827488e-02;1.821291e-02;2.878608e-02;1.792709e-02;2.601677e-02;3.674518e-02;2.001167e-02;1.987435e-02;9.387440e-03
3.894114e-02;3.644658e-01;3.964821e-01;1.844868e-02;1.600029e-02;3.913690e-02;1.354638e-02;2.375444e-02;4.121182e-02;2.067218e-02;1.686950e-02;1.047082e-02
3.970122e-02;3.824528e-01;3.865510e-01;1.755182e-02;9.897322e-03;5.813722e-02;6.744846e-03;1.763176e-02;3.840295e-02;1.636200e-02;1.492831e-02;1.163865e-02
3.678694e-02;3.747509e-01;3.725236e-01;2.682732e-02;7.459884e-03;7.087493e-02;8.535721e-03;2.364956e-02;4.995814e-02;6.449060e-03;8.624205e-03;1.355971e-02
3.319201e-02;3.433558e-01;3.407017e-01;3.337257e-02;9.267463e-03;8.353803e-02;1.139592e-02;2.677915e-02;7.230481e-02;2.385515e-02;1.029660e-02;1.194075e-02
3.218948e-02;3.215254e-01;2.967361e-01;2.785324e-02;1.620524e-02;1.017013e-01;2.254908e-02;1.992276e-02;9.553097e-02;2.450940e-02;2.497855e-02;1.629851e-02
3.700006e-02;3.078136e-01;2.714594e-01;1.832296e-02;2.141622e-02;1.158460e-01;2.672544e-02;3.091507e-02;1.103025e-01;2.343384e-02;2.347915e-02;1.328568e-02
3.201481e-02;3.589247e-01;2.604952e-01;1.865147e-02;1.388839e-02;1.022070e-01;1.884327e-02;3.572703e-02;1.181400e-01;2.040644e-02;6.300279e-03;1.440137e-02
3.520345e-02;4.089780e-01;2.503901e-01;1.613290e-02;8.802833e-03;8.210081e-02;1.481271e-02;3.429070e-02;1.021169e-01;1.998842e-02;1.622302e-02;1.096023e-02
4.859775e-02;4.323327e-01;2.352071e-01;1.777561e-02;1.710647e-02;5.581731e-02;3.818119e-02;2.907686e-02;7.654780e-02;1.755895e-02;2.264606e-02;9.152165e-03
7.143319e-02;3.750613e-01;2.032383e-01;1.340946e-02;3.110365e-02;6.390657e-02;7.076140e-02;4.502470e-02;7.439010e-02;1.742546e-02;2.248440e-02;1.176146e-02
1.062294e-01;3.083320e-01;1.096228e-01;1.278759e-02;6.174933e-02;6.331818e-02;8.707268e-02;6.972414e-02;9.846225e-02;2.787209e-02;3.111320e-02;2.371629e-02
1.390564e-01;2.853306e-01;8.396089e-02;2.390432e-02;1.044285e-01;4.139312e-02;5.710655e-02;1.120621e-01;7.979801e-02;1.754429e-02;2.554135e-02;2.987393e-02
1.413286e-01;2.259121e-01;1.535205e-01;3.973387e-02;1.276697e-01;3.780487e-02;6.213253e-02;1.246265e-01;3.948131e-02;1.708226e-02;1.111219e-02;1.959556e-02
1.322381e-01;2.608944e-01;1.887709e-01;3.064342e-02;1.075794e-01;3.409772e-02;8.130902e-02;1.051165e-01;2.099888e-02;1.288331e-02;1.103337e-02;1.443487e-02
1.369386e-01;3.002678e-01;1.777818e-01;2.158791e-02;7.655540e-02;4.590647e-02;5.618299e-02;1.171574e-01;2.384038e-02;1.187603e-02;1.376237e-02;1.814292e-02
1.688146e-01;2.688470e-01;1.313256e-01;2.778681e-02;6.382607e-02;6.498795e-02;2.980519e-02;1.504576e-01;2.744159e-02;1.719084e-02;2.109152e-02;2.842521e-02
1.423416e-01;2.964247e-01;2.288264e-01;3.017986e-02;2.985099e-02;3.962692e-02;1.271992e-02;1.161797e-01;3.458310e-02;1.964675e-02;1.253067e-02;3.708940e-02
1.207872e-01;2.893139e-01;3.053159e-01;2.150379e-02;1.584875e-02;3.634741e-02;1.450526e-02;8.109173e-02;3.455853e-02;2.045197e-02;1.023932e-02;5.003622e-02
9.942397e-02;2.544934e-01;3.230637e-01;1.758499e-02;1.567935e-02;3.948332e-02;2.522203e-02;6.564472e-02;4.766116e-02;2.580318e-02;2.149801e-02;6.444219e-02
9.062599e-02;2.076810e-01;3.242486e-01;2.637823e-02;1.528930e-02;4.125091e-02;3.090933e-02;6.747927e-02;8.082404e-02;3.866779e-02;3.089359e-02;4.575187e-02
9.360038e-02;3.192910e-01;2.473939e-01;2.947257e-02;1.403339e-02;4.610866e-02;2.642961e-02;5.750135e-02;8.373512e-02;3.675885e-02;1.988687e-02;2.578838e-02
1.052711e-01;3.181949e-01;2.089815e-01;4.299560e-02;1.317737e-02;6.053136e-02;2.133774e-02;4.539401e-02;8.035094e-02;4.225530e-02;2.719915e-02;3.431107e-02
9.094368e-02;2.927271e-01;2.938117e-01;4.723116e-02;1.862373e-02;5.476891e-02;2.729294e-02;2.884000e-02;4.946292e-02;4.726611e-02;2.227350e-02;2.675824e-02
7.322195e-02;3.113980e-01;2.527000e-01;4.067657e-02;3.568726e-02;5.302956e-02;3.000970e-02;3.781436e-02;4.764567e-02;6.901374e-02;2.465933e-02;2.414383e-02
8.471418e-02;1.976830e-01;2.097639e-01;5.038974e-02;6.117664e-02;9.886687e-02;4.191085e-02;4.140018e-02;5.811607e-02;8.340717e-02;4.379937e-02;2.877201e-02
8.970365e-02;1.395420e-01;2.824381e-01;5.140205e-02;5.603499e-02;1.233690e-01;3.091894e-02;5.328909e-02;4.957045e-02;5.103774e-02;2.925194e-02;4.344207e-02
5.160321e-02;2.389055e-01;2.964889e-01;3.504573e-02;3.039210e-02;1.141637e-01;3.022611e-02;7.400601e-02;4.345006e-02;2.126479e-02;3.081826e-02;3.363559e-02
5.843363e-02;2.939717e-01;2.661774e-01;2.036013e-02;3.175073e-02;8.798414e-02;3.629252e-02;7.998643e-02;4.087936e-02;1.441261e-02;3.954862e-02;3.020271e-02
7.131550e-02;3.026761e-01;2.365855e-01;1.621731e-02;3.648533e-02;7.739230e-02;4.254436e-02;9.202340e-02;4.118503e-02;1.358226e-02;4.103246e-02;2.896050e-02
7.542519e-02;2.565317e-01;1.947502e-01;3.221286e-02;4.483193e-02;9.484970e-02;5.680275e-02;1.210658e-01;5.002436e-02;1.736071e-02;3.139253e-02;2.475232e-02
5.862920e-02;2.282341e-01;2.593578e-01;4.359116e-02;3.902545e-02;8.152639e-02;4.552361e-02;1.119289e-01;6.710266e-02;2.135769e-02;2.404092e-02;1.968214e-02
5.799730e-02;2.638420e-01;3.275093e-01;2.747623e-02;1.489813e-02;8.017772e-02;1.799406e-02;6.200210e-02;8.279366e-02;2.446866e-02;1.671099e-02;2.412976e-02
6.772585e-02;1.567909e-01;3.286516e-01;2.010900e-02;2.157857e-02;1.092251e-01;1.831059e-02;7.405245e-02;1.118099e-01;3.582784e-02;2.683998e-02;2.907814e-02
7.477878e-02;2.851628e-01;2.759140e-01;2.071954e-02;1.380795e-02;7.617369e-02;1.659297e-02;6.435747e-02;9.903075e-02;2.807442e-02;2.353389e-02;2.185367e-02
4.007144e-02;2.378805e-01;2.095902e-01;3.952511e-02;3.357419e-02;1.027810e-01;7.120000e-02;9.744694e-02;8.583258e-02;2.737464e-02;2.606733e-02;2.865613e-02
4.863531e-02;1.399519e-01;1.386672e-01;6.665660e-02;5.069802e-02;9.523129e-02;1.279792e-01;1.727849e-01;5.625229e-02;3.113844e-02;2.204637e-02;4.995855e-02
8.748520e-02;1.021864e-01;8.561850e-02;5.723692e-02;7.280626e-02;5.791549e-02;1.159223e-01;2.809326e-01;5.205220e-02;2.610896e-02;1.468922e-02;4.704596e-02
1.493539e-01;7.023031e-02;5.510344e-02;3.110534e-02;9.823313e-02;2.064009e-02;6.675940e-02;4.003273e-01;5.583868e-02;1.060590e-02;1.506679e-02;2.673573e-02
2.111940e-01;5.622701e-02;4.914388e-02;1.330508e-02;9.703067e-02;1.102919e-02;3.667152e-02;4.373375e-01;4.235677e-02;1.449790e-02;1.576506e-02;1.544147e-02
2.404336e-01;6.891318e-02;5.087022e-02;2.463934e-02;6.083677e-02;2.706091e-02;5.191092e-02;3.734501e-01;2.679340e-02;2.107883e-02;1.125264e-02;4.276010e-02
2.403669e-01;5.471539e-02;3.538381e-02;4.155055e-02;3.750925e-02;4.982683e-02;8.730731e-02;3.075981e-01;3.093592e-02;2.592661e-02;1.146270e-02;7.741660e-02
1.766168e-01;6.594652e-02;2.588215e-02;4.899218e-02;3.020963e-02;6.399383e-02;1.542776e-01;2.274950e-01;2.840478e-02;3.953773e-02;1.826562e-02;1.203781e-01
1.052368e-01;7.037054e-02;4.805645e-02;6.536059e-02;2.002658e-02;6.157038e-02;2.432285e-01;1.520550e-01;1.989944e-02;5.817022e-02;1.837353e-02;1.376520e-01
4.838830e-02;5.798374e-02;3.841280e-02;8.076116e-02;2.079912e-02;5.306610e-02;3.285902e-01;1.425236e-01;1.444901e-02;6.818956e-02;1.558939e-02;1.312470e-01
2.633538e-02;6.242212e-02;2.452882e-02;8.685279e-02;1.460361e-02;7.569002e-02;3.777866e-01;1.159257e-01;1.439833e-02;7.211655e-02;1.137107e-02;1.179690e-01
3.783427e-02;8.265410e-02;6.450362e-02;8.203536e-02;1.109528e-02;8.255737e-02;3.367109e-01;8.406998e-02;2.797345e-02;6.922206e-02;1.404165e-02;1.073019e-01
4.484024e-02;9.842304e-02;1.172395e-01;7.351030e-02;2.006923e-02;1.077579e-01;2.095730e-01;1.141801e-01;5.746023e-02;5.713849e-02;1.606624e-02;8.374164e-02
6.716309e-02;1.027020e-01;1.518446e-01;6.357808e-02;4.048497e-02;1.093273e-01;1.235638e-01;1.570144e-01;7.188658e-02;4.372466e-02;2.103578e-02;4.767472e-02
1.028159e-01;1.130899e-01;1.244673e-01;4.980689e-02;5.406830e-02;6.960054e-02;1.209796e-01;1.345633e-01;7.009654e-02;4.356163e-02;5.364603e-02;6.330414e-02
1.067695e-01;1.253174e-01;1.039088e-01;5.312300e-02;5.353369e-02;4.500466e-02;1.387172e-01;1.130124e-01;9.267632e-02;3.575800e-02;5.073888e-02;8.144008e-02
9.857404e-02;9.891828e-02;6.932253e-02;6.643229e-02;3.614911e-02;4.094769e-02;2.040312e-01;8.881474e-02;1.184430e-01;3.220146e-02;3.402169e-02;1.121439e-01
7.963078e-02;7.426182e-02;6.277446e-02;6.768842e-02;2.714781e-02;5.436797e-02;2.577252e-01;5.974875e-02;9.472702e-02;3.852446e-02;2.998357e-02;1.534198e-01
7.267636e-02;1.323395e-01;8.302204e-02;4.006720e-02;2.645777e-02;1.014386e-01;2.121269e-01;6.136793e-02;5.192630e-02;3.110240e-02;2.872140e-02;1.587537e-01
8.637843e-02;1.401730e-01;1.052199e-01;3.688423e-02;2.679330e-02;1.194474e-01;1.212929e-01;7.542407e-02;6.477825e-02;3.757810e-02;4.322376e-02;1.428068e-01
8.716958e-02;9.592088e-02;1.328685e-01;4.198500e-02;2.594673e-02;1.040412e-01;6.814591e-02;1.017933e-01;1.021960e-01;5.884867e-02;7.954633e-02;1.015379e-01
7.737423e-02;1.345602e-01;1.688636e-01;2.223821e-02;2.096821e-02;9.341508e-02;5.686446e-02;1.037003e-01;9.076720e-02;5.315791e-02;7.970026e-02;9.839031e-02
8.681881e-02;1.570994e-01;1.507127e-01;1.754131e-02;1.419577e-02;8.023433e-02;7.532673e-02;9.787094e-02;8.478966e-02;5.256327e-02;9.547316e-02;8.737393e-02
6.893232e-02;1.752660e-01;2.030426e-01;9.693393e-03;1.153005e-02;5.383455e-02;7.548292e-02;1.340160e-01;6.603055e-02;3.476615e-02;9.168148e-02;7.572391e-02
5.783316e-02;1.630068e-01;1.949075e-01;1.563023e-02;9.495915e-03;9.236752e-02;5.642618e-02;1.197205e-01;7.499211e-02;3.860211e-02;9.712750e-02;7.989048e-02
4.924528e-02;1.576705e-01;1.676124e-01;2.224271e-02;1.129342e-02;1.528239e-01;4.265412e-02;9.922212e-02;7.935643e-02;4.724244e-02;9.843519e-02;7.220149e-02
5.271583e-02;1.363498e-01;1.180889e-01;2.724305e-02;1.494570e-02;1.887800e-01;7.645907e-02;9.348907e-02;8.940780e-02;4.442331e-02;9.239297e-02;6.570453e-02
7.699792e-02;1.496598e-01;1.106746e-01;3.277544e-02;1.668415e-02;1.645688e-01;5.479155e-02;6.676816e-02;1.010904e-01;5.576799e-02;9.261971e-02;7.760143e-02
9.613518e-02;1.308268e-01;1.114476e-01;2.925407e-02;1.771497e-02;1.403630e-01;5.202047e-02;8.813182e-02;1.133756e-01;5.835375e-02;7.591044e-02;8.646632e-02
1.022927e-01;1.127402e-01;6.699293e-02;2.251751e-02;2.351557e-02;1.240515e-01;8.301688e-02;1.318442e-01;1.130496e-01;5.827414e-02;6.797589e-02;9.372890e-02
8.525918e-02;1.341801e-01;7.964747e-02;2.392522e-02;2.751609e-02;8.193172e-02;9.559304e-02;1.659479e-01;1.317302e-01;5.666542e-02;5.656917e-02;6.103443e-02
7.442792e-02;1.578134e-01;1.011453e-01;3.666417e-02;4.010086e-02;1.040275e-01;3.565387e-02;1.337896e-01;1.328095e-01;5.554177e-02;6.486729e-02;6.315874e-02
7.006449e-02;1.738573e-01;5.386184e-02;3.446207e-02;3.896869e-02;1.070388e-01;4.641631e-02;1.593156e-01;1.292259e-01;5.538014e-02;5.108092e-02;8.032786e-02
7.640172e-02;2.007917e-01;7.245971e-02;2.239211e-02;3.485980e-02;9.594648e-02;5.498559e-02;1.474409e-01;1.244720e-01;6.133744e-02;4.077264e-02;6.814001e-02
6.417897e-02;2.129207e-01;1.186094e-01;1.348833e-02;2.934263e-02;8.961193e-02;6.864239e-02;1.134396e-01;1.170031e-01;5.157869e-02;5.349425e-02;6.769003e-02
8.486605e-02;1.779594e-01;1.110590e-01;1.768498e-02;3.456861e-02;8.834912e-02;7.184504e-02;1.133143e-01;1.165227e-01;5.349644e-02;7.767501e-02;5.265935e-02
9.436852e-02;1.521551e-01;1.173330e-01;2.483575e-02;2.857389e-02;8.116485e-02;5.569923e-02;1.106354e-01;1.299404e-01;5.393872e-02;7.518404e-02;7.617114e-02
7.695627e-02;1.493247e-01;1.451598e-01;1.905099e-02;3.138761e-02;8.988681e-02;5.562965e-02;8.403795e-02;1.361640e-01;4.253839e-02;8.465411e-02;8.520973e-02
7.120621e-02;1.260746e-01;9.124868e-02;1.615811e-02;5.009478e-02;8.627363e-02;8.212516e-02;7.790117e-02;1.391211e-01;3.365393e-02;1.102324e-01;1.159102e-01
7.521880e-02;1.113338e-01;8.812597e-02;1.195589e-02;5.863627e-02;8.715245e-02;1.157005e-01;8.230978e-02;1.208313e-01;2.995011e-02;8.983245e-02;1.289526e-01
7.645555e-02;9.823588e-02;6.362668e-02;2.806424e-02;4.982710e-02;6.245730e-02;1.259758e-01;1.038553e-01;1.184141e-01;2.956745e-02;6.431408e-02;1.792065e-01
8.432119e-02;1.562972e-01;1.060576e-01;3.658151e-02;2.841639e-02;4.654446e-02;9.473404e-02;9.900894e-02;9.682339e-02;3.597946e-02;5.039371e-02;1.648420e-01
9.357433e-02;1.539660e-01;9.002955e-02;2.119669e-02;3.371762e-02;7.521230e-02;1.136298e-01;1.052077e-01;8.481681e-02;2.978763e-02;5.116725e-02;1.476943e-01
9.543337e-02;1.374471e-01;1.009311e-01;3.493634e-02;3.541265e-02;8.793506e-02;1.156185e-01;9.969565e-02;8.357412e-02;3.339604e-02;5.843281e-02;1.171873e-01
7.099389e-02;1.937356e-01;1.600876e-01;2.323512e-02;2.613246e-02;7.577730e-02;1.229906e-01;1.016354e-01;8.037765e-02;2.073373e-02;3.933941e-02;8.496128e-02
5.596387e-02;2.054593e-01;1.700334e-01;3.581963e-02;2.602617e-02;6.738947e-02;1.340545e-01;7.688618e-02;6.589763e-02;2.299028e-02;3.790598e-02;1.015736e-01
5.269564e-02;1.267054e-01;1.356121e-01;3.855894e-02;3.432984e-02;7.377719e-02;1.120024e-01;1.438517e-01;8.921470e-02;3.777794e-02;4.791227e-02;1.075619e-01
4.929087e-02;1.221104e-01;1.380536e-01;3.667300e-02;5.483598e-02;9.157129e-02;1.818075e-02;1.733123e-01;9.774284e-02;4.619497e-02;6.061391e-02;1.114201e-01
5.292443e-02;1.462457e-01;1.581676e-01;4.573611e-02;3.485000e-02;6.196232e-02;8.870392e-02;1.273406e-01;5.912786e-02;4.960747e-02;5.508510e-02;1.202490e-01
