8.545194e-02;3.545564e-02;1.332722e-01;6.784811e-02;1.174176e-01;8.764160e-02;1.471363e-01;5.352088e-02;8.370389e-02;6.511997e-02;5.829708e-02;6.513484e-02
8.766693e-02;7.080067e-02;1.481431e-01;5.378893e-02;8.758997e-02;6.463479e-02;1.583401e-01;6.446718e-02;8.551833e-02;6.366657e-02;7.640274e-02;3.898070e-02
5.911329e-02;5.816099e-02;1.590434e-01;3.310196e-02;7.639935e-02;6.296260e-02;2.399271e-01;5.961719e-02;7.172178e-02;6.883917e-02;6.791822e-02;4.319500e-02
3.063816e-02;5.196451e-02;1.214069e-01;3.345219e-02;8.938471e-02;8.194249e-02;2.989171e-01;4.821789e-02;6.424651e-02;7.155298e-02;5.934389e-02;4.893259e-02
5.588760e-02;5.251757e-02;1.306092e-01;2.310092e-02;9.468695e-02;1.027113e-01;2.571326e-01;3.329226e-02;3.953839e-02;8.043253e-02;7.879898e-02;5.129163e-02
8.458315e-02;4.111448e-02;1.338868e-01;2.122838e-02;7.887128e-02;9.373420e-02;2.397168e-01;2.560596e-02;1.811278e-02;1.001866e-01;1.201167e-01;4.284282e-02
5.659565e-02;4.307190e-02;9.376278e-02;2.295210e-02;8.849230e-02;9.237444e-02;1.786744e-01;3.250024e-02;3.533706e-02;1.356685e-01;1.724371e-01;4.813366e-02
7.434821e-02;3.592892e-02;8.776154e-02;1.699637e-02;6.917632e-02;8.712256e-02;1.487917e-01;2.604035e-02;4.001574e-02;1.338897e-01;1.988609e-01;8.106770e-02
1.041116e-01;1.509691e-02;7.787181e-02;1.922145e-02;5.018060e-02;7.870987e-02;1.826567e-01;2.008140e-02;2.920351e-02;1.105749e-01;2.186478e-01;9.364346e-02
9.000171e-02;3.075399e-02;4.022843e-02;2.310574e-02;4.552513e-02;5.855507e-02;1.512467e-01;4.907656e-02;4.886304e-02;1.517419e-01;2.437654e-01;6.713627e-02
7.054661e-02;2.338232e-02;9.943129e-02;3.519120e-02;5.658092e-02;3.504802e-02;1.095627e-01;5.147798e-02;7.646921e-02;2.225191e-01;1.896789e-01;3.011161e-02
5.152577e-02;4.254501e-02;1.955834e-01;6.116375e-02;4.636851e-02;4.293946e-02;1.097539e-01;4.225267e-02;8.341893e-02;2.007218e-01;9.765563e-02;2.607111e-02
3.565936e-02;2.579848e-02;2.162577e-01;5.263897e-02;4.216446e-02;4.631842e-02;2.637830e-01;6.289256e-02;5.716576e-02;1.108613e-01;5.324237e-02;3.321767e-02
6.205294e-02;3.991645e-02;2.327586e-01;3.411314e-02;3.975223e-02;2.508729e-02;2.429662e-01;7.180425e-02;4.851948e-02;9.630883e-02;6.856850e-02;3.815205e-02
3.802478e-02;2.726315e-02;2.561247e-01;3.353570e-02;3.229740e-02;2.632232e-02;2.911298e-01;6.714019e-02;5.061872e-02;8.948857e-02;5.350025e-02;3.455444e-02
2.262686e-02;4.084649e-02;2.874240e-01;2.683534e-02;3.416283e-02;4.376239e-02;3.201508e-01;5.790202e-02;4.414329e-02;6.617112e-02;3.117176e-02;2.480299e-02
3.847541e-02;3.149963e-02;3.389654e-01;3.686637e-02;5.077657e-02;3.507520e-02;2.634962e-01;4.409044e-02;4.167288e-02;5.937877e-02;3.915858e-02;2.054453e-02
5.664139e-02;3.020235e-02;3.016492e-01;4.133989e-02;7.920211e-02;5.432034e-02;2.198580e-01;2.441252e-02;2.476742e-02;7.160554e-02;6.314698e-02;3.285436e-02
7.658789e-02;3.735318e-02;1.827229e-01;3.738291e-02;8.856998e-02;7.103255e-02;2.161067e-01;1.874161e-02;3.282790e-02;9.793903e-02;9.417089e-02;4.656449e-02
6.101433e-02;3.344733e-02;2.227114e-01;5.061083e-02;8.109415e-02;6.760676e-02;1.282113e-01;1.965492e-02;5.181691e-02;1.349268e-01;1.090182e-01;3.988696e-02
4.785012e-02;5.377505e-02;1.762022e-01;6.957993e-02;1.213192e-01;6.609926e-02;9.457316e-02;1.957131e-02;4.703576e-02;1.702448e-01;1.013684e-01;3.238080e-02
2.166790e-02;5.495305e-02;2.345306e-01;4.598416e-02;1.271694e-01;5.151302e-02;1.248605e-01;1.950894e-02;5.571159e-02;1.460643e-01;8.892620e-02;2.911047e-02
1.965988e-02;3.467534e-02;3.795067e-01;4.604108e-02;9.411295e-02;5.048488e-02;1.469456e-01;2.557938e-02;4.206168e-02;8.074781e-02;5.108668e-02;2.909803e-02
3.247253e-02;3.070953e-02;3.833938e-01;3.454472e-02;7.931121e-02;4.254086e-02;2.010390e-01;2.626176e-02;3.040084e-02;6.506471e-02;4.889508e-02;2.536604e-02
2.459209e-02;2.743891e-02;3.720856e-01;3.249827e-02;6.305654e-02;3.250709e-02;2.430781e-01;3.947937e-02;3.230375e-02;5.796766e-02;5.453549e-02;2.045710e-02
1.435624e-02;2.741692e-02;3.095192e-01;3.344707e-02;6.602510e-02;2.919543e-02;3.437698e-01;4.462003e-02;3.026206e-02;5.392391e-02;3.545684e-02;1.200742e-02
2.062907e-02;3.504053e-02;2.276795e-01;2.699973e-02;5.738248e-02;3.229836e-02;4.261898e-01;5.026739e-02;3.217043e-02;4.415134e-02;2.910509e-02;1.808623e-02
3.537094e-02;4.324186e-02;1.512470e-01;2.124831e-02;7.264552e-02;3.093634e-02;4.715935e-01;6.023119e-02;3.364383e-02;4.406850e-02;2.222979e-02;1.354324e-02
4.832463e-02;4.471958e-02;1.098684e-01;2.633224e-02;6.565642e-02;2.112255e-02;4.967396e-01;7.020324e-02;3.851523e-02;4.236184e-02;2.701183e-02;9.144414e-03
4.885726e-02;3.873242e-02;1.053955e-01;3.512077e-02;6.646217e-02;2.040876e-02;5.037065e-01;6.702609e-02;3.807617e-02;4.634735e-02;2.395573e-02;5.911306e-03
4.503618e-02;3.287134e-02;8.753737e-02;4.074062e-02;7.758228e-02;2.543463e-02;4.925162e-01;7.599654e-02;3.581147e-02;5.068034e-02;2.458192e-02;1.121107e-02
4.029502e-02;4.632521e-02;9.283645e-02;4.018422e-02;6.512128e-02;2.772108e-02;3.839264e-01;9.669583e-02;5.521103e-02;6.699146e-02;4.260826e-02;4.208382e-02
9.481001e-02;9.441599e-02;9.180591e-02;5.335726e-02;9.057877e-02;5.151764e-02;1.548688e-01;6.535576e-02;7.500160e-02;8.590001e-02;5.039943e-02;9.198889e-02
9.113908e-02;1.222100e-01;8.122120e-02;6.434938e-02;1.256361e-01;5.916636e-02;7.681605e-02;3.006800e-02;7.587052e-02;9.678034e-02;5.720910e-02;1.195338e-01
1.519943e-01;1.239436e-01;7.021936e-02;4.774449e-02;1.290831e-01;4.629426e-02;8.040412e-02;1.942468e-02;4.694194e-02;8.826933e-02;7.522815e-02;1.204527e-01
2.545661e-01;1.076073e-01;6.560689e-02;3.456802e-02;9.700583e-02;4.239169e-02;6.833027e-02;2.047663e-02;2.943934e-02;5.246181e-02;1.132302e-01;1.143159e-01
2.490375e-01;9.193209e-02;9.144270e-02;2.118869e-02;7.317387e-02;5.839095e-02;8.649933e-02;2.110989e-02;4.286349e-02;2.352655e-02;1.468823e-01;9.395261e-02
1.223810e-01;5.814451e-02;1.210280e-01;1.634831e-02;5.683339e-02;1.265321e-01;1.346222e-01;2.017859e-02;5.070284e-02;2.986075e-02;2.038273e-01;5.954098e-02
5.793255e-02;3.000809e-02;9.634411e-02;1.350778e-02;4.120283e-02;2.088251e-01;1.808377e-01;5.255518e-02;5.001277e-02;3.682614e-02;2.045466e-01;2.740113e-02
4.344922e-02;3.103906e-02;5.856714e-02;2.040971e-02;4.283841e-02;2.111648e-01;1.699090e-01;1.207463e-01;4.384178e-02;7.738300e-02;1.651441e-01;1.550743e-02
1.766414e-02;5.071609e-02;3.391690e-02;2.626069e-02;7.972988e-02;1.457473e-01;9.479237e-02;2.002045e-01;3.284474e-02;1.692661e-01;1.290777e-01;1.977957e-02
2.317551e-02;6.650050e-02;1.266233e-02;1.954813e-02;1.253624e-01;6.363662e-02;3.026211e-02;2.434085e-01;3.850666e-02;2.657487e-01;7.912800e-02;3.206042e-02
1.706753e-02;6.233645e-02;5.332745e-03;1.265379e-02;1.450177e-01;3.622188e-02;3.186275e-02;2.677211e-01;3.408185e-02;3.037834e-01;5.079281e-02;3.312794e-02
5.533685e-03;6.115098e-02;3.732287e-03;9.476550e-03;1.474958e-01;2.675425e-02;2.672851e-02;2.801767e-01;3.855395e-02;3.205374e-01;4.246484e-02;3.739492e-02
6.429563e-03;7.558231e-02;4.214524e-03;9.278607e-03;1.424683e-01;1.305162e-02;1.795672e-02;2.726614e-01;3.864862e-02;3.312873e-01;4.497706e-02;4.344388e-02
4.837624e-03;9.568312e-02;4.615233e-03;1.091236e-02;1.411472e-01;1.091687e-02;1.312050e-02;2.672329e-01;3.851157e-02;3.371007e-01;3.069483e-02;4.522715e-02
4.332327e-03;1.034511e-01;8.429604e-03;2.274138e-02;1.199631e-01;1.885949e-02;2.477841e-02;2.989463e-01;3.151100e-02;2.932163e-01;3.468204e-02;3.908888e-02
1.229940e-02;9.457711e-02;1.430886e-02;4.342271e-02;7.776915e-02;4.715673e-02;5.976655e-02;3.153054e-01;2.038443e-02;2.113190e-01;8.461522e-02;1.907537e-02
4.277262e-02;6.376725e-02;4.248144e-02;4.341812e-02;4.722896e-02;1.215667e-01;8.654243e-02;2.201080e-01;2.998611e-02;1.246726e-01;1.712014e-01;6.254390e-03
7.549474e-02;3.117543e-02;7.863160e-02;2.227992e-02;3.141389e-02;1.989861e-01;6.162083e-02;9.704211e-02;7.503612e-02;6.304856e-02;2.574614e-01;7.809286e-03
7.633808e-02;1.198781e-02;1.091557e-01;7.124358e-03;2.884948e-02;2.233348e-01;2.965426e-02;3.040561e-02;1.449708e-01;3.473274e-02;2.890589e-01;1.438745e-02
4.485391e-02;1.408800e-02;1.024731e-01;1.338006e-02;4.027775e-02;1.792219e-01;5.150719e-02;4.732292e-02;2.039076e-01;2.118377e-02;2.310489e-01;5.073491e-02
1.931490e-02;3.214836e-02;5.447665e-02;2.518571e-02;5.193551e-02;1.335933e-01;1.217856e-01;7.246093e-02;1.799264e-01;3.842515e-02;1.594402e-01;1.113074e-01
3.427786e-02;4.714408e-02;2.820344e-02;3.695439e-02;5.099368e-02;1.336088e-01;1.867056e-01;7.385462e-02;9.656352e-02;5.790515e-02;9.965903e-02;1.541299e-01
4.174291e-02;3.771753e-02;4.853960e-02;3.176543e-02;5.745119e-02;1.294105e-01;1.936141e-01;5.434021e-02;1.198255e-01;5.830191e-02;1.140948e-01;1.131963e-01
2.164610e-02;3.027674e-02;6.788697e-02;3.097446e-02;7.545899e-02;1.393506e-01;1.527964e-01;4.142065e-02;1.768281e-01;7.989258e-02;1.421642e-01;4.130419e-02
2.801243e-02;3.745018e-02;1.142153e-01;3.811354e-02;6.796778e-02;1.338199e-01;1.155653e-01;4.962736e-02;1.727216e-01;7.756541e-02;9.966038e-02;6.528083e-02
2.634363e-02;4.552155e-02;1.612033e-01;3.137156e-02;5.502494e-02;1.165764e-01;1.135112e-01;6.189420e-02;1.125740e-01;7.160108e-02;1.222782e-01;8.209997e-02
2.800795e-02;2.620437e-02;1.432411e-01;1.825317e-02;4.355216e-02;9.033538e-02;1.371600e-01;5.612512e-02;1.538661e-01;4.551442e-02;1.986058e-01;5.913436e-02
2.686499e-02;1.471070e-02;9.658075e-02;1.946761e-02;3.709337e-02;7.849423e-02;1.239966e-01;4.803815e-02;1.763104e-01;5.177112e-02;2.163908e-01;1.102814e-01
2.801823e-02;1.413991e-02;6.058314e-02;2.773736e-02;3.543061e-02;5.149345e-02;1.167586e-01;8.957074e-02;2.023803e-01;6.106099e-02;2.212687e-01;9.155795e-02
4.681338e-02;1.923201e-02;4.439982e-02;3.654376e-02;5.519925e-02;6.661691e-02;8.916151e-02;9.710495e-02;2.235272e-01;5.654569e-02;2.002816e-01;6.457386e-02
5.092676e-02;4.325991e-02;8.969682e-02;4.034438e-02;6.885142e-02;1.603798e-01;6.641003e-02;8.897578e-02;1.049365e-01;7.327052e-02;1.403445e-01;7.260361e-02
2.427046e-02;4.212232e-02;7.993966e-02;3.578642e-02;5.735658e-02;1.762425e-01;7.406534e-02;1.249729e-01;1.742864e-01;6.464607e-02;5.766414e-02;8.864731e-02
3.762697e-02;2.870416e-02;6.746969e-02;4.323997e-02;5.113667e-02;1.139146e-01;8.184206e-02;1.118474e-01;1.998620e-01;7.988007e-02;9.227293e-02;9.220352e-02
8.512556e-02;6.252427e-02;7.436903e-02;7.804301e-02;8.536237e-02;4.667177e-02;1.034615e-01;7.639010e-02;1.317649e-01;4.931339e-02;1.248463e-01;8.212777e-02
1.039659e-01;7.385347e-02;1.489094e-01;6.620533e-02;7.484191e-02;5.067090e-02;1.465573e-01;5.875585e-02;8.489543e-02;5.711201e-02;8.211487e-02;5.211770e-02
1.343290e-01;7.238882e-02;1.735070e-01;4.890125e-02;5.230071e-02;7.305108e-02;1.332832e-01;5.181555e-02;5.970241e-02;7.539805e-02;4.908494e-02;7.623795e-02
2.000812e-01;7.466386e-02;1.437584e-01;3.826106e-02;3.094810e-02;9.690763e-02;1.018771e-01;5.077314e-02;4.069817e-02;7.952707e-02;4.991971e-02;9.258466e-02
2.610759e-01;7.556526e-02;1.129844e-01;2.804947e-02;1.919352e-02;1.080861e-01;9.198313e-02;4.713142e-02;3.081262e-02;8.236258e-02;4.087474e-02;1.018808e-01
2.165190e-01;7.487810e-02;7.936488e-02;3.607214e-02;2.679989e-02;7.707496e-02;1.223162e-01;3.726464e-02;2.994133e-02;7.291169e-02;5.136984e-02;1.754874e-01
1.536192e-01;5.226298e-02;5.298197e-02;3.272186e-02;4.465690e-02;6.158352e-02;1.202572e-01;4.550057e-02;4.663334e-02;7.805835e-02;9.909122e-02;2.126329e-01
1.376755e-01;3.835506e-02;6.665462e-02;2.971021e-02;4.901441e-02;6.139232e-02;1.158252e-01;4.434074e-02;5.880231e-02;1.217099e-01;1.178034e-01;1.587164e-01
1.015252e-01;5.437286e-02;1.090017e-01;3.832173e-02;5.114174e-02;4.786559e-02;1.388064e-01;4.393803e-02;6.665803e-02;1.406967e-01;1.055061e-01;1.021659e-01
9.652135e-02;9.171289e-02;1.331258e-01;5.719066e-02;5.382058e-02;6.799957e-02;1.329236e-01;5.639051e-02;5.997348e-02;7.291565e-02;7.117312e-02;1.062527e-01
1.270500e-01;1.286348e-01;1.314339e-01;6.562715e-02;4.479577e-02;8.091453e-02;6.576424e-02;5.126547e-02;4.495605e-02;5.716014e-02;7.120872e-02;1.311893e-01
1.260542e-01;1.061611e-01;9.049811e-02;6.571756e-02;4.379134e-02;6.306477e-02;7.845366e-02;4.078007e-02;5.649428e-02;1.004873e-01;9.370966e-02;1.347880e-01
7.743122e-02;8.615024e-02;8.535431e-02;5.190626e-02;4.498702e-02;5.996010e-02;9.293891e-02;5.055461e-02;5.623826e-02;1.252903e-01;1.028508e-01;1.663381e-01
8.441038e-02;7.114605e-02;1.103721e-01;3.209566e-02;4.325568e-02;8.698372e-02;1.012426e-01;4.690938e-02;5.664458e-02;1.381745e-01;9.885962e-02;1.299056e-01
4.356825e-02;7.214291e-02;1.156815e-01;2.781613e-02;5.523790e-02;1.027116e-01;1.054045e-01;3.907168e-02;6.864816e-02;1.061279e-01;1.010696e-01;1.625199e-01
1.040621e-01;6.247408e-02;9.250855e-02;3.301123e-02;5.371009e-02;9.359618e-02;1.266368e-01;4.182851e-02;6.883239e-02;6.097550e-02;9.590197e-02;1.664626e-01
1.088095e-01;5.991931e-02;8.535660e-02;4.157804e-02;3.547519e-02;6.901377e-02;1.682177e-01;5.292863e-02;6.663699e-02;5.778972e-02;1.139533e-01;1.403213e-01
1.526101e-01;1.234147e-01;1.614634e-01;3.748759e-02;5.439148e-02;6.166001e-02;8.649737e-02;5.369474e-02;8.078697e-02;6.293981e-02;4.841304e-02;7.664082e-02
1.504854e-01;1.210438e-01;1.798363e-01;4.735226e-02;4.304850e-02;4.949117e-02;9.977515e-02;7.160838e-02;8.342658e-02;7.093909e-02;3.289529e-02;5.009807e-02
1.320103e-01;9.807204e-02;1.600972e-01;5.358771e-02;3.684435e-02;4.172717e-02;1.466414e-01;1.084041e-01;7.374059e-02;7.036719e-02;2.770874e-02;5.079914e-02
9.514033e-02;6.975838e-02;1.198351e-01;5.475830e-02;2.724767e-02;2.838714e-02;2.563332e-01;1.356251e-01;6.356622e-02;6.012672e-02;2.242866e-02;6.679311e-02
3.416574e-02;3.950868e-02;8.319695e-02;4.496641e-02;2.304236e-02;7.393796e-02;3.594435e-01;1.166181e-01;6.643011e-02;2.895701e-02;4.547235e-02;8.426088e-02
3.131431e-02;2.245025e-02;9.027347e-02;2.152828e-02;3.502045e-02;1.714940e-01;2.303012e-01;6.958386e-02;1.449364e-01;2.325692e-02;1.044508e-01;5.539000e-02
3.610218e-02;1.935944e-02;1.030372e-01;1.215617e-02;3.836190e-02;2.823290e-01;9.179670e-02;4.536163e-02;1.456568e-01;3.038201e-02;1.600226e-01;3.543437e-02
3.715479e-02;2.357661e-02;8.752728e-02;1.709657e-02;5.660028e-02;3.212988e-01;8.996037e-02;4.298647e-02;7.828494e-02;3.935724e-02;1.808659e-01;2.529073e-02
4.618589e-02;3.775026e-02;6.321904e-02;3.887527e-02;1.064758e-01;2.392944e-01;8.909406e-02;7.357118e-02;5.177591e-02;9.842180e-02;1.328998e-01;2.243663e-02
5.497739e-02;3.297216e-02;6.248318e-02;7.496884e-02;1.198653e-01;1.365254e-01;1.146949e-01;7.473386e-02;8.458737e-02;1.441120e-01;8.142103e-02;1.865860e-02
9.550223e-02;3.169926e-02;6.324418e-02;1.324021e-01;6.379721e-02;7.630015e-02;1.504847e-01;4.500123e-02;1.518092e-01;1.266947e-01;5.137595e-02;1.168910e-02
1.291011e-01;2.480228e-02;4.281009e-02;1.853340e-01;4.718668e-02;5.868764e-02;1.209488e-01;6.231996e-02;2.041100e-01;6.719368e-02;5.008356e-02;7.422256e-03
1.286934e-01;2.610589e-02;7.739827e-02;2.069719e-01;4.557291e-02;4.954249e-02;5.750117e-02;6.689349e-02;1.860371e-01;7.451437e-02;6.405208e-02;1.671704e-02
1.014169e-01;6.094147e-02;7.352501e-02;1.797040e-01;8.389252e-02;6.979674e-02;4.326405e-02;5.022562e-02;1.363556e-01;1.339544e-01;5.109324e-02;1.583044e-02
4.751663e-02;8.167576e-02;4.856208e-02;8.964685e-02;1.053974e-01;9.959283e-02;5.659715e-02;5.643841e-02;8.209172e-02;1.779334e-01;1.324839e-01;2.206394e-02
4.436627e-02;8.829403e-02;1.198314e-01;2.249758e-02;6.951187e-02;1.555763e-01;6.727424e-02;4.499096e-02;3.215083e-02;1.159678e-01;1.961295e-01;4.340913e-02
5.464175e-02;7.914588e-02;1.804584e-01;2.064781e-02;5.544271e-02;1.814677e-01;6.108720e-02;2.215459e-02;3.225200e-02;5.841791e-02;2.111602e-01;4.312390e-02
3.978694e-02;5.700047e-02;2.170258e-01;1.774115e-02;5.738562e-02;2.055291e-01;2.985316e-02;2.329051e-02;3.008213e-02;6.542376e-02;2.334733e-01;2.340807e-02
3.984390e-02;5.197533e-02;2.338527e-01;1.220457e-02;5.353497e-02;2.039920e-01;3.674760e-02;2.381404e-02;2.327203e-02;7.529448e-02;2.202603e-01;2.520807e-02
2.681332e-02;5.061081e-02;2.566468e-01;1.605907e-02;4.539100e-02;2.019493e-01;4.828018e-02;3.232364e-02;2.803153e-02;7.445092e-02;1.968421e-01;2.260132e-02
1.753762e-02;2.386686e-02;2.106334e-01;2.424375e-02;5.947840e-02;2.163499e-01;5.251011e-02;3.165993e-02;2.825703e-02;1.078166e-01;2.073531e-01;2.029336e-02
3.316632e-02;7.825809e-02;7.563940e-02;3.113236e-02;7.528343e-02;1.535088e-01;7.880898e-02;8.119687e-02;3.849844e-02;1.664450e-01;1.619538e-01;2.610850e-02
2.672631e-02;1.055619e-01;8.011550e-02;3.154601e-02;8.376513e-02;8.822372e-02;9.762719e-02;1.041608e-01;6.772253e-02;1.968433e-01;9.919874e-02;1.850894e-02
2.188057e-02;1.063722e-01;1.081292e-01;2.326003e-02;8.809216e-02;5.944156e-02;9.726822e-02;8.663122e-02;8.197296e-02;2.360003e-01;7.310813e-02;1.784354e-02
1.390636e-02;1.074346e-01;9.821412e-02;1.651204e-02;1.056682e-01;4.668104e-02;4.167518e-02;6.446993e-02;7.467987e-02;2.792849e-01;1.304586e-01;2.101516e-02
2.216273e-02;1.051660e-01;6.155878e-02;1.053111e-02;1.103827e-01;3.804689e-02;3.718180e-02;4.803808e-02;7.306387e-02;3.041959e-01;1.708436e-01;1.882848e-02
1.095987e-02;1.002892e-01;4.685065e-02;1.555993e-02;9.213974e-02;4.472462e-02;2.268149e-02;9.264107e-02;6.652594e-02;2.875487e-01;1.957556e-01;2.432325e-02
3.117620e-02;1.114005e-01;4.484856e-02;2.279877e-02;5.793284e-02;7.402775e-02;5.838694e-02;1.157054e-01;4.714498e-02;2.098241e-01;1.985134e-01;2.824047e-02
8.628951e-02;9.047491e-02;6.534980e-02;2.141470e-02;4.339728e-02;1.454442e-01;9.918746e-02;8.385713e-02;4.092705e-02;9.706416e-02;1.680024e-01;5.859146e-02
1.170638e-01;5.290946e-02;6.421961e-02;1.842414e-02;3.689356e-02;2.036515e-01;1.243073e-01;6.740870e-02;4.928380e-02;5.007154e-02;1.552807e-01;6.048589e-02
7.361622e-02;2.774329e-02;6.339192e-02;6.898636e-03;2.579975e-02;2.618821e-01;1.065996e-01;5.902031e-02;8.011763e-02;6.662591e-02;1.903463e-01;3.795832e-02
5.355674e-02;1.292805e-02;7.744431e-02;4.539020e-03;2.087254e-02;3.109020e-01;7.004178e-02;2.379262e-02;1.117880e-01;6.125605e-02;2.248569e-01;2.802199e-02
5.070021e-02;1.301547e-02;8.249483e-02;6.134945e-03;2.075955e-02;3.221194e-01;5.473089e-02;1.933892e-02;1.195901e-01;5.587997e-02;2.265582e-01;2.867750e-02
6.094400e-02;1.090429e-02;6.812583e-02;1.334162e-02;2.462658e-02;2.976285e-01;6.988285e-02;5.248583e-02;9.912024e-02;6.712427e-02;2.116379e-01;2.417818e-02
6.140184e-02;2.631599e-02;4.965018e-02;2.411521e-02;3.815667e-02;2.506230e-01;8.857032e-02;9.091756e-02;6.764614e-02;8.220197e-02;2.070201e-01;1.338106e-02
4.958071e-02;3.486539e-02;5.374447e-02;3.905229e-02;7.532826e-02;1.657053e-01;7.685755e-02;1.164887e-01;4.576162e-02;1.213677e-01;2.008055e-01;2.044257e-02
3.464841e-02;4.652979e-02;8.876991e-02;6.042413e-02;1.135821e-01;8.838419e-02;9.664727e-02;1.181634e-01;5.612780e-02;1.410908e-01;1.277573e-01;2.787493e-02
3.871786e-02;4.324244e-02;1.216414e-01;6.667219e-02;1.058294e-01;7.611455e-02;1.355419e-01;1.100070e-01;6.709921e-02;1.326379e-01;7.707285e-02;2.542341e-02
2.940825e-02;4.962903e-02;1.027099e-01;6.589508e-02;7.262116e-02;7.165643e-02;9.148972e-02;2.112630e-01;6.309280e-02;1.362797e-01;8.645565e-02;1.949931e-02
1.617243e-02;5.871826e-02;6.355200e-02;6.010193e-02;7.302361e-02;5.112538e-02;6.030996e-02;2.726392e-01;4.467092e-02;1.448828e-01;1.318155e-01;2.298798e-02
9.089021e-03;5.821726e-02;6.187225e-02;6.318899e-02;6.232134e-02;4.056351e-02;6.837287e-02;2.730016e-01;3.212203e-02;1.476988e-01;1.609827e-01;2.256963e-02
1.611319e-02;6.673927e-02;5.149378e-02;5.116069e-02;6.432540e-02;5.392430e-02;6.976017e-02;2.676858e-01;3.849513e-02;1.487504e-01;1.511838e-01;2.036813e-02
4.454320e-02;7.228483e-02;5.277034e-02;3.983969e-02;8.714872e-02;6.526133e-02;8.296171e-02;2.158949e-01;6.092919e-02;1.251490e-01;1.251172e-01;2.809987e-02
4.775442e-02;6.824571e-02;5.282647e-02;3.544282e-02;1.493522e-01;6.859200e-02;1.016206e-01;1.575678e-01;5.240038e-02;1.183331e-01;1.092028e-01;3.866173e-02
2.706053e-02;5.498903e-02;3.765122e-02;5.149934e-02;1.575745e-01;9.732416e-02;7.251818e-02;1.394832e-01;3.813263e-02;1.433493e-01;1.458432e-01;3.457479e-02
1.796311e-02;3.691336e-02;3.140806e-02;6.134887e-02;8.804340e-02;1.984611e-01;4.963271e-02;1.347679e-01;2.093209e-02;1.500152e-01;1.861262e-01;2.438808e-02
2.004744e-02;3.467092e-02;3.167282e-02;6.668090e-02;8.417510e-02;1.835170e-01;3.574686e-02;1.560983e-01;1.594140e-02;1.672162e-01;1.824985e-01;2.173465e-02
3.073378e-02;4.965199e-02;6.731459e-02;6.564370e-02;1.012921e-01;8.907116e-02;4.612309e-02;1.666559e-01;3.053139e-02;1.832903e-01;1.443893e-01;2.530259e-02
5.334839e-02;4.748797e-02;9.992214e-02;5.728963e-02;1.034118e-01;5.417676e-02;7.933529e-02;1.508826e-01;5.474950e-02;1.713004e-01;8.923225e-02;3.886334e-02
3.245356e-02;4.725549e-02;1.090181e-01;5.227812e-02;7.967850e-02;3.608407e-02;7.553844e-02;1.983619e-01;5.322069e-02;1.803141e-01;1.031309e-01;3.266618e-02
1.644861e-02;6.546910e-02;5.362019e-02;3.534284e-02;8.881035e-02;4.512737e-02;4.017581e-02;2.689199e-01;4.852416e-02;1.814062e-01;1.347869e-01;2.136851e-02
5.189300e-02;7.484061e-02;5.023349e-02;2.704097e-02;4.611363e-02;6.374672e-02;6.469949e-02;2.197277e-01;1.041224e-01;1.443201e-01;1.154980e-01;3.776386e-02
6.402566e-02;7.854979e-02;5.224809e-02;3.294068e-02;7.084721e-02;7.905828e-02;7.961848e-02;1.713872e-01;1.005810e-01;1.163277e-01;1.077144e-01;4.670154e-02
4.784727e-02;5.826928e-02;6.119462e-02;4.312896e-02;6.903579e-02;1.281855e-01;9.294007e-02;1.509106e-01;5.928409e-02;1.069316e-01;1.442078e-01;3.806446e-02
3.569178e-02;4.807924e-02;4.802581e-02;4.642589e-02;4.776789e-02;1.693277e-01;9.196883e-02;1.517452e-01;5.635732e-02;1.135909e-01;1.734295e-01;1.758989e-02
1.523059e-02;6.933557e-02;2.365995e-02;5.014604e-02;7.844859e-02;1.271345e-01;5.083853e-02;2.181266e-01;4.099236e-02;1.763320e-01;1.344814e-01;1.527376e-02
1.129510e-02;8.963388e-02;1.615353e-02;4.205732e-02;1.172201e-01;6.572208e-02;3.433155e-02;2.294088e-01;4.395122e-02;2.255479e-01;9.236621e-02;3.231237e-02
1.837839e-02;9.117674e-02;3.770024e-02;4.936276e-02;1.490169e-01;5.419625e-02;6.068452e-02;1.615214e-01;5.044406e-02;2.168792e-01;7.394359e-02;3.669599e-02
2.594783e-02;8.323123e-02;9.729477e-02;7.366780e-02;1.481409e-01;5.797652e-02;1.155408e-01;8.851574e-02;5.107418e-02;1.671869e-01;6.168731e-02;2.973606e-02
3.038894e-02;8.446247e-02;1.679114e-01;8.612783e-02;1.135821e-01;5.234990e-02;1.712325e-01;4.289405e-02;4.553566e-02;1.250276e-01;5.852361e-02;2.196390e-02
4.914732e-02;1.036029e-01;1.788371e-01;6.537756e-02;1.089791e-01;5.590476e-02;1.582639e-01;4.234264e-02;2.988930e-02;1.179544e-01;6.864762e-02;2.105335e-02
3.715312e-02;1.147519e-01;1.486502e-01;3.343879e-02;1.502288e-01;7.816692e-02;7.608347e-02;6.747838e-02;4.598932e-02;1.510556e-01;7.687693e-02;2.012656e-02
2.291572e-02;1.151767e-01;1.010806e-01;5.066305e-02;1.596759e-01;8.678526e-02;5.029601e-02;7.698700e-02;5.762311e-02;1.818267e-01;7.883817e-02;1.813194e-02
1.287056e-02;1.210079e-01;7.093306e-02;5.315541e-02;1.560888e-01;7.636284e-02;7.602134e-02;5.430559e-02;6.298521e-02;2.307329e-01;5.574747e-02;2.978898e-02
1.290546e-02;1.294867e-01;7.792503e-02;3.880325e-02;1.386911e-01;4.903082e-02;7.352437e-02;9.304932e-02;4.634357e-02;2.547233e-01;5.421256e-02;3.130459e-02
2.353977e-02;1.357011e-01;6.208153e-02;3.897891e-02;1.384461e-01;4.200406e-02;8.502299e-02;1.145457e-01;4.586603e-02;2.277938e-01;6.199965e-02;2.402032e-02
2.201973e-02;1.407225e-01;6.078258e-02;3.921728e-02;1.252821e-01;4.101897e-02;1.235440e-01;1.457824e-01;3.294135e-02;1.902665e-01;5.945773e-02;1.896493e-02
3.131941e-02;1.156917e-01;6.170931e-02;4.138180e-02;1.137116e-01;5.171431e-02;1.778170e-01;1.884125e-01;2.707702e-02;1.291943e-01;4.879718e-02;1.317389e-02
4.129575e-02;9.624293e-02;8.172179e-02;4.131083e-02;1.065715e-01;7.579695e-02;1.769230e-01;1.689604e-01;3.032960e-02;1.076381e-01;5.378104e-02;1.942810e-02
6.077116e-02;9.473492e-02;1.075800e-01;6.570653e-02;8.197851e-02;7.401697e-02;1.398484e-01;1.396405e-01;4.336821e-02;1.083394e-01;5.725508e-02;2.676034e-02
6.885739e-02;7.875391e-02;1.326923e-01;7.953224e-02;7.902282e-02;4.644341e-02;9.832944e-02;1.432099e-01;4.320635e-02;1.147692e-01;7.765526e-02;3.752780e-02
6.527729e-02;6.900780e-02;1.363156e-01;9.430291e-02;9.738792e-02;6.923676e-02;6.413315e-02;1.033650e-01;4.117767e-02;1.470597e-01;6.910615e-02;4.363010e-02
3.201627e-02;4.452895e-02;1.244748e-01;6.763736e-02;6.871620e-02;8.090939e-02;1.104345e-01;1.689976e-01;5.451319e-02;1.341135e-01;6.370611e-02;4.995210e-02
1.767696e-02;6.468303e-02;1.455030e-01;4.259789e-02;7.321505e-02;7.419661e-02;1.499707e-01;1.407208e-01;2.490593e-02;1.515813e-01;6.746098e-02;4.748772e-02
4.675755e-02;9.878205e-02;1.337541e-01;6.271334e-02;9.474991e-02;6.177709e-02;1.510675e-01;1.069642e-01;2.109357e-02;1.248584e-01;4.936463e-02;4.811771e-02
6.113886e-02;1.067163e-01;1.356367e-01;6.955437e-02;1.154558e-01;7.347367e-02;1.322586e-01;8.820122e-02;3.039939e-02;8.865509e-02;5.533420e-02;4.317577e-02
3.374337e-02;4.968627e-02;2.193667e-01;4.850033e-02;1.046277e-01;9.842072e-02;1.982720e-01;5.067965e-02;4.622218e-02;5.984987e-02;4.989738e-02;4.073371e-02
1.076233e-01;8.842011e-02;2.042130e-01;5.625277e-02;5.815205e-02;6.098437e-02;2.217239e-01;4.421341e-02;3.377487e-02;4.960666e-02;3.877288e-02;3.626259e-02
1.115314e-01;9.925780e-02;1.974191e-01;6.329843e-02;4.254860e-02;4.829628e-02;2.022710e-01;4.394888e-02;2.726258e-02;5.923717e-02;5.562592e-02;4.930284e-02
1.169157e-01;1.022163e-01;1.845662e-01;6.209424e-02;4.047859e-02;3.844596e-02;1.389811e-01;6.282067e-02;2.906580e-02;7.084737e-02;9.050587e-02;6.306221e-02
7.521117e-02;7.123914e-02;1.764230e-01;8.277215e-02;5.260161e-02;4.904393e-02;5.749250e-02;9.402330e-02;4.762975e-02;1.117355e-01;1.226534e-01;5.917449e-02
3.218884e-02;5.215172e-02;1.923736e-01;9.785277e-02;4.763823e-02;5.000050e-02;3.751174e-02;9.164970e-02;8.029145e-02;1.843597e-01;9.751022e-02;3.647159e-02
3.644781e-02;3.182578e-02;1.462699e-01;1.834991e-01;2.845280e-02;2.800671e-02;8.282255e-02;7.711489e-02;1.201985e-01;1.982439e-01;5.073970e-02;1.637835e-02
2.696258e-02;2.817403e-02;6.039125e-02;2.503513e-01;6.452741e-02;1.799884e-02;1.363631e-01;6.567746e-02;1.249415e-01;1.784212e-01;3.603682e-02;1.015452e-02
3.865670e-02;4.966960e-02;2.842127e-02;1.785790e-01;1.005533e-01;2.794784e-02;1.852445e-01;7.793850e-02;1.174251e-01;1.435651e-01;4.176784e-02;1.023113e-02
3.471437e-02;3.994789e-02;5.406763e-02;1.454224e-01;8.316433e-02;2.366038e-02;1.909366e-01;9.688374e-02;1.444319e-01;1.226137e-01;5.083346e-02;1.332371e-02
2.281793e-02;2.725523e-02;8.219665e-02;1.448405e-01;8.321897e-02;3.269774e-02;1.306742e-01;7.820808e-02;1.193960e-01;1.964005e-01;6.339487e-02;1.889928e-02
2.604780e-02;5.328802e-02;7.541864e-02;1.046631e-01;1.463304e-01;3.576435e-02;4.724746e-02;7.225955e-02;9.652422e-02;2.318426e-01;8.316860e-02;2.744517e-02
1.667667e-02;5.446595e-02;4.243251e-02;2.001172e-01;1.014887e-01;2.779052e-02;5.176894e-02;9.807972e-02;9.544420e-02;1.880483e-01;1.003915e-01;2.329580e-02
1.761587e-02;3.605161e-02;3.459017e-02;3.117805e-01;3.438832e-02;4.315072e-02;8.324049e-02;9.765819e-02;5.968881e-02;1.378471e-01;1.226202e-01;2.136799e-02
4.866226e-02;1.550007e-02;7.293509e-02;2.800266e-01;1.701735e-02;8.649648e-02;8.818821e-02;6.024389e-02;4.274654e-02;1.211280e-01;1.417832e-01;2.527233e-02
7.578257e-02;1.581403e-02;1.554102e-01;1.260728e-01;3.304197e-02;1.290545e-01;3.524422e-02;3.168079e-02;8.676103e-02;1.171562e-01;1.567433e-01;3.723836e-02
8.436663e-02;1.670528e-02;1.617280e-01;6.183652e-02;3.244736e-02;1.346454e-01;2.893829e-02;4.051815e-02;9.157783e-02;1.382945e-01;1.663125e-01;4.262940e-02
8.084150e-02;2.212319e-02;1.352963e-01;1.130432e-01;2.735947e-02;1.243478e-01;5.326305e-02;4.372086e-02;4.325619e-02;1.199053e-01;1.885918e-01;4.825132e-02
6.091856e-02;4.355058e-02;6.333437e-02;2.381920e-01;2.072439e-02;7.014158e-02;7.446646e-02;9.059342e-02;2.344254e-02;9.841991e-02;1.703146e-01;4.590147e-02
1.330328e-02;9.340606e-02;2.603576e-02;2.543322e-01;3.817871e-02;3.735711e-02;4.757072e-02;1.601972e-01;3.042909e-02;1.160562e-01;1.460412e-01;3.709254e-02
1.631079e-02;1.668125e-01;2.672370e-02;1.367665e-01;6.814377e-02;3.497234e-02;2.118700e-02;1.924166e-01;6.107307e-02;1.321565e-01;1.092091e-01;3.422815e-02
1.039855e-02;2.668593e-01;3.352092e-02;5.269967e-02;8.530802e-02;3.558037e-02;2.018658e-02;1.987919e-01;7.064338e-02;1.201924e-01;7.344594e-02;3.237302e-02
1.256526e-02;3.155963e-01;1.921892e-02;7.653764e-02;6.989495e-02;4.135108e-02;5.404814e-02;1.914084e-01;4.329517e-02;8.808047e-02;5.540840e-02;3.259536e-02
2.731192e-02;2.601428e-01;1.164808e-02;1.114253e-01;5.293689e-02;8.124036e-02;1.322640e-01;1.497066e-01;1.969824e-02;5.859404e-02;7.423356e-02;2.079818e-02
7.278775e-02;1.141313e-01;2.729623e-02;1.122084e-01;5.228654e-02;1.396412e-01;2.181480e-01;7.398170e-02;1.244979e-02;4.685933e-02;1.110790e-01;1.913076e-02
9.602989e-02;3.920890e-02;4.064249e-02;6.985144e-02;6.205121e-02;1.451319e-01;2.291289e-01;5.390861e-02;1.550297e-02;7.389344e-02;1.176438e-01;5.700650e-02
9.219576e-02;5.079133e-02;5.831584e-02;5.724167e-02;6.716987e-02;1.123966e-01;1.941219e-01;8.033204e-02;2.761166e-02;8.895262e-02;9.009801e-02;8.077270e-02
8.324602e-02;5.273369e-02;8.996105e-02;5.320322e-02;6.365069e-02;1.108535e-01;1.918231e-01;8.757097e-02;3.388552e-02;7.423365e-02;8.366300e-02;7.517558e-02
5.977172e-02;4.153201e-02;1.109508e-01;5.989053e-02;7.128436e-02;1.279272e-01;1.692534e-01;8.152394e-02;7.013204e-02;7.560384e-02;8.042812e-02;5.170210e-02
8.168764e-02;2.397203e-02;9.698536e-02;8.344001e-02;8.375077e-02;8.486543e-02;1.380230e-01;1.041349e-01;9.892381e-02;5.225677e-02;1.142685e-01;3.769186e-02
8.853535e-02;1.954786e-02;8.412105e-02;1.001977e-01;6.955044e-02;5.254682e-02;1.219734e-01;1.176106e-01;1.142392e-01;6.844849e-02;1.138133e-01;4.941579e-02
9.870126e-02;1.350722e-02;9.969099e-02;1.106385e-01;4.475393e-02;3.874167e-02;9.665986e-02;1.301588e-01;1.311306e-01;7.611967e-02;9.701953e-02;6.287801e-02
1.227889e-01;3.548977e-02;1.350229e-01;1.032240e-01;4.192595e-02;4.564044e-02;9.729696e-02;1.149983e-01;1.110498e-01;6.420051e-02;5.454872e-02;7.381368e-02
1.361712e-01;8.440771e-02;1.323260e-01;6.843752e-02;7.646836e-02;3.699123e-02;9.717820e-02;9.539153e-02;8.238500e-02;7.048137e-02;6.691458e-02;5.284735e-02
9.568156e-02;1.077316e-01;8.785021e-02;5.110056e-02;8.407812e-02;6.788383e-02;8.533553e-02;5.590966e-02;1.031449e-01;9.694783e-02;6.953996e-02;9.479628e-02
1.867706e-01;8.247339e-02;5.791474e-02;5.258949e-02;7.287680e-02;8.078416e-02;7.515041e-02;4.386283e-02;8.622561e-02;8.092002e-02;8.364122e-02;9.679069e-02
2.116740e-01;4.052193e-02;5.330496e-02;5.621617e-02;6.003939e-02;5.992429e-02;8.806669e-02;8.525869e-02;9.354259e-02;7.348915e-02;7.865613e-02;9.930606e-02
1.967236e-01;6.098168e-02;6.178257e-02;5.663881e-02;6.182232e-02;6.271054e-02;8.876098e-02;9.211564e-02;6.946234e-02;6.856661e-02;6.816646e-02;1.122684e-01
1.935952e-01;8.588476e-02;6.858320e-02;4.963262e-02;8.046479e-02;6.590887e-02;9.324330e-02;6.631172e-02;5.120812e-02;5.982247e-02;9.570462e-02;8.964032e-02
1.816757e-01;8.776150e-02;9.002169e-02;4.148038e-02;8.004590e-02;5.493220e-02;1.175821e-01;4.666002e-02;5.782603e-02;1.000476e-01;7.369932e-02;6.826744e-02
1.113935e-01;6.758483e-02;9.041666e-02;4.453901e-02;6.523439e-02;4.731263e-02;1.394117e-01;5.522291e-02;7.100825e-02;1.136566e-01;1.081728e-01;8.604666e-02
8.869635e-02;5.016068e-02;8.274282e-02;5.435948e-02;5.577144e-02;4.199095e-02;1.564244e-01;5.151883e-02;6.444870e-02;1.152831e-01;1.044578e-01;1.341454e-01
9.337389e-02;9.354643e-02;9.610356e-02;7.262732e-02;6.449568e-02;6.301722e-02;9.975288e-02;5.463221e-02;5.166780e-02;9.682617e-02;7.586350e-02;1.380933e-01
7.345754e-02;1.096614e-01;9.793972e-02;7.408907e-02;7.008886e-02;7.031627e-02;1.064100e-01;7.640110e-02;8.060247e-02;6.404284e-02;6.809581e-02;1.088949e-01
5.312393e-02;8.369184e-02;1.111648e-01;7.183968e-02;7.820192e-02;7.295351e-02;9.822800e-02;5.895725e-02;1.023937e-01;6.803019e-02;8.840360e-02;1.130116e-01
5.108302e-02;6.868342e-02;1.375731e-01;7.769452e-02;6.833303e-02;7.019087e-02;9.951327e-02;5.335519e-02;9.482500e-02;5.985170e-02;9.712358e-02;1.217733e-01
7.339571e-02;6.206047e-02;1.314656e-01;8.136486e-02;8.147086e-02;8.001879e-02;1.289083e-01;5.124300e-02;6.759116e-02;6.343112e-02;6.574556e-02;1.133046e-01
