9.041779e-02;5.217451e-02;8.897749e-02;4.385661e-02;7.655787e-02;6.990653e-02;1.742212e-01;6.875346e-02;9.469676e-02;8.684541e-02;7.341118e-02;8.018124e-02
9.162340e-02;6.180960e-02;1.098414e-01;5.824492e-02;4.402294e-02;3.359563e-02;1.831829e-01;6.497095e-02;9.289560e-02;7.980495e-02;7.729927e-02;1.027084e-01
7.211036e-02;6.615889e-02;1.418634e-01;5.266599e-02;4.634595e-02;2.963138e-02;1.941298e-01;6.016258e-02;9.463800e-02;6.730163e-02;7.753082e-02;9.746128e-02
5.488646e-02;7.230817e-02;1.560224e-01;3.673052e-02;5.460313e-02;4.455238e-02;1.733619e-01;7.303836e-02;1.105579e-01;6.860217e-02;7.534865e-02;7.998798e-02
6.734825e-02;6.176278e-02;1.646706e-01;3.440770e-02;5.902633e-02;5.022351e-02;1.311847e-01;8.219314e-02;1.520697e-01;6.102989e-02;6.355991e-02;7.252343e-02
5.230625e-02;4.551155e-02;1.479288e-01;3.428290e-02;5.801397e-02;3.671595e-02;1.245095e-01;9.280545e-02;1.977830e-01;6.034868e-02;7.641228e-02;7.338166e-02
1.055827e-01;4.691581e-02;6.295185e-02;5.242489e-02;5.805869e-02;9.078995e-02;8.968624e-02;9.664692e-02;1.696151e-01;8.097744e-02;5.596758e-02;9.038291e-02
9.212860e-02;6.128848e-02;6.093664e-02;6.201789e-02;3.863980e-02;9.980806e-02;8.225646e-02;9.654256e-02;1.604190e-01;1.036889e-01;4.552120e-02;9.675238e-02
7.005185e-02;7.395247e-02;8.509248e-02;5.793211e-02;5.455264e-02;9.300248e-02;8.631240e-02;7.077329e-02;1.542664e-01;1.026791e-01;6.814922e-02;8.323558e-02
8.549426e-02;9.872860e-02;9.853503e-02;6.425665e-02;5.883385e-02;7.389465e-02;7.388059e-02;6.294278e-02;1.245988e-01;7.631160e-02;9.813926e-02;8.438388e-02
1.121426e-01;8.771499e-02;1.400731e-01;9.959525e-02;6.233361e-02;4.528495e-02;7.603248e-02;4.205669e-02;7.877963e-02;6.754258e-02;1.017980e-01;8.664616e-02
1.148328e-01;6.121769e-02;1.416674e-01;1.285367e-01;8.224928e-02;3.030653e-02;7.789253e-02;2.975852e-02;1.130324e-01;9.504959e-02;8.340656e-02;4.205004e-02
1.023315e-01;3.311545e-02;1.374301e-01;1.571726e-01;7.634621e-02;2.617743e-02;5.932924e-02;4.628886e-02;1.443031e-01;8.759321e-02;8.041296e-02;4.949929e-02
5.454311e-02;3.938305e-02;2.401045e-01;1.281175e-01;4.976432e-02;2.453600e-02;8.195695e-02;6.826449e-02;1.003003e-01;6.561231e-02;6.746108e-02;7.995626e-02
4.170139e-02;7.821149e-02;3.048873e-01;7.614170e-02;3.030176e-02;2.210695e-02;1.257835e-01;6.970908e-02;3.933803e-02;5.820312e-02;6.233351e-02;9.128212e-02
7.379343e-02;1.086881e-01;2.854204e-01;4.475754e-02;2.420905e-02;2.262875e-02;1.729690e-01;4.415191e-02;1.854311e-02;5.601439e-02;7.431222e-02;7.451215e-02
9.471013e-02;1.035013e-01;1.894877e-01;3.136020e-02;3.351162e-02;3.711428e-02;1.858440e-01;6.628599e-02;6.470793e-02;6.014674e-02;7.839032e-02;5.493967e-02
9.509096e-02;5.674149e-02;1.498604e-01;6.175974e-02;4.874302e-02;2.930164e-02;1.250077e-01;1.100896e-01;9.916265e-02;1.068597e-01;5.254069e-02;6.484245e-02
6.864386e-02;5.574016e-02;1.405173e-01;6.995416e-02;3.870916e-02;1.697413e-02;6.715300e-02;9.392946e-02;1.582608e-01;1.364068e-01;4.635445e-02;1.073567e-01
5.682708e-02;4.223345e-02;7.923354e-02;4.059895e-02;3.166545e-02;2.774530e-02;8.483002e-02;1.408730e-01;1.636489e-01;1.712964e-01;3.468492e-02;1.263630e-01
4.074723e-02;4.597422e-02;6.913917e-02;3.937012e-02;3.360289e-02;5.089650e-02;1.326589e-01;1.660303e-01;1.052384e-01;1.708318e-01;4.851479e-02;9.699561e-02
4.135817e-02;5.015507e-02;5.571549e-02;4.139234e-02;4.806708e-02;5.278469e-02;1.359752e-01;1.988322e-01;1.216995e-01;1.264748e-01;7.439291e-02;5.315255e-02
4.785926e-02;4.291052e-02;4.373034e-02;3.546900e-02;5.161822e-02;4.819490e-02;1.313987e-01;1.798880e-01;1.948598e-01;1.201603e-01;6.609352e-02;3.781752e-02
5.292162e-02;4.551806e-02;4.900052e-02;3.553715e-02;4.616065e-02;4.864440e-02;1.108887e-01;9.794437e-02;2.252823e-01;1.340074e-01;9.274507e-02;6.134982e-02
5.437061e-02;5.416785e-02;6.839766e-02;3.569145e-02;5.215088e-02;6.731991e-02;1.020409e-01;5.657917e-02;2.026654e-01;9.761559e-02;1.334267e-01;7.557385e-02
9.451401e-02;3.390795e-02;7.478348e-02;5.273293e-02;5.305576e-02;9.908919e-02;1.174590e-01;1.052720e-01;1.198762e-01;7.624672e-02;1.208989e-01;5.216391e-02
1.390010e-01;7.044793e-02;1.832152e-01;5.687578e-02;5.137294e-02;6.108063e-02;1.224284e-01;6.220994e-02;3.618953e-02;7.741792e-02;9.007102e-02;4.968961e-02
1.193300e-01;7.113130e-02;1.602478e-01;6.534459e-02;7.156999e-02;5.926000e-02;8.149472e-02;4.749520e-02;4.739005e-02;1.208385e-01;1.003039e-01;5.559386e-02
8.577868e-02;4.742813e-02;1.174854e-01;8.944018e-02;7.541820e-02;4.047715e-02;7.856590e-02;4.281735e-02;1.180350e-01;1.573051e-01;1.048000e-01;4.244883e-02
6.125168e-02;2.226707e-02;1.117132e-01;1.349792e-01;5.530677e-02;1.551898e-02;9.480319e-02;5.034587e-02;1.899605e-01;1.420854e-01;9.244713e-02;2.932097e-02
4.829784e-02;2.266614e-02;1.760733e-01;1.641131e-01;3.408917e-02;1.721801e-02;1.016953e-01;5.352008e-02;1.936671e-01;9.050865e-02;7.175229e-02;2.639904e-02
3.385199e-02;2.232987e-02;2.574037e-01;1.971801e-01;2.833679e-02;1.495292e-02;7.582829e-02;5.854668e-02;1.653318e-01;5.991336e-02;6.045619e-02;2.586827e-02
2.836289e-02;2.494656e-02;3.191559e-01;1.800973e-01;3.085634e-02;1.866648e-02;7.400283e-02;5.956478e-02;1.183860e-01;5.070178e-02;4.328631e-02;5.197279e-02
2.085255e-02;4.290843e-02;3.708370e-01;1.237991e-01;2.163485e-02;2.461799e-02;1.119223e-01;6.648662e-02;7.079796e-02;4.115929e-02;2.150697e-02;8.347690e-02
2.054880e-02;6.559647e-02;3.829162e-01;8.444549e-02;2.006187e-02;2.244260e-02;1.553615e-01;6.291530e-02;4.031720e-02;3.429628e-02;2.224519e-02;8.885307e-02
4.825041e-02;9.410722e-02;3.519335e-01;6.505319e-02;2.133835e-02;2.166651e-02;1.945301e-01;3.824975e-02;2.898362e-02;2.703037e-02;3.491041e-02;7.394659e-02
7.159124e-02;1.085955e-01;2.470588e-01;7.104158e-02;2.424240e-02;2.657829e-02;2.301911e-01;5.161928e-02;3.850954e-02;4.045906e-02;4.123068e-02;4.888255e-02
6.169932e-02;4.172046e-02;2.109422e-01;8.659616e-02;3.242133e-02;2.492185e-02;2.303923e-01;8.225577e-02;6.811499e-02;7.354157e-02;3.006956e-02;5.732448e-02
3.097233e-02;7.034082e-02;2.297152e-01;7.631551e-02;4.446210e-02;3.403888e-02;1.875176e-01;5.760742e-02;9.155745e-02;8.787006e-02;2.993218e-02;5.967050e-02
5.811103e-02;6.314218e-02;1.669604e-01;7.173327e-02;7.277862e-02;4.908979e-02;1.360162e-01;5.539416e-02;1.084428e-01;1.040715e-01;3.827853e-02;7.598165e-02
6.014970e-02;4.900356e-02;1.491221e-01;7.143806e-02;8.505879e-02;6.522167e-02;9.559834e-02;7.839521e-02;9.438916e-02;1.232910e-01;4.260373e-02;8.572865e-02
6.493847e-02;6.887037e-02;1.643751e-01;8.270288e-02;7.019041e-02;6.758273e-02;9.552773e-02;7.239009e-02;6.756096e-02;1.123004e-01;5.568176e-02;7.787919e-02
8.774702e-02;6.799594e-02;7.223222e-02;8.884800e-02;6.658715e-02;7.660684e-02;1.204963e-01;6.849308e-02;6.937373e-02;1.120158e-01;7.075013e-02;9.885374e-02
9.618735e-02;3.831805e-02;9.946752e-02;8.605300e-02;7.661558e-02;8.916183e-02;1.057324e-01;7.706705e-02;6.608683e-02;1.084595e-01;5.413305e-02;1.027178e-01
6.048462e-02;4.543908e-02;1.355187e-01;9.098232e-02;8.310089e-02;8.953750e-02;6.528735e-02;8.378218e-02;9.569433e-02;1.259177e-01;4.511395e-02;7.914131e-02
4.717926e-02;8.221766e-02;1.516937e-01;6.476452e-02;5.569169e-02;5.982114e-02;8.406895e-02;9.847919e-02;1.447418e-01;1.157931e-01;5.683891e-02;3.871002e-02
7.784089e-02;7.947221e-02;1.437794e-01;8.657601e-02;9.434291e-02;6.064856e-02;1.119123e-01;7.648750e-02;7.838187e-02;8.014140e-02;5.311341e-02;5.730358e-02
1.055290e-01;6.038149e-02;1.448680e-01;8.724295e-02;9.006588e-02;6.060243e-02;1.256549e-01;7.753479e-02;4.768489e-02;8.122206e-02;6.627166e-02;5.294194e-02
8.980184e-02;7.340250e-02;1.687989e-01;8.230256e-02;6.373204e-02;5.345708e-02;1.272409e-01;9.533878e-02;6.263424e-02;6.925745e-02;5.931016e-02;5.472354e-02
3.972144e-02;9.835362e-02;2.617985e-01;6.820307e-02;3.053073e-02;4.288124e-02;1.482811e-01;1.059114e-01;5.438995e-02;5.147011e-02;3.630754e-02;6.215125e-02
4.244573e-02;1.311289e-01;2.940643e-01;4.020212e-02;2.557199e-02;2.203215e-02;2.036071e-01;8.909915e-02;3.009921e-02;3.436996e-02;3.768827e-02;4.969104e-02
6.122680e-02;1.686350e-01;2.044018e-01;1.621242e-02;3.595867e-02;2.211808e-02;3.036279e-01;6.058260e-02;1.345854e-02;2.307126e-02;6.121262e-02;2.949427e-02
1.023658e-01;1.713628e-01;9.709792e-02;1.076916e-02;4.060157e-02;4.058527e-02;3.384565e-01;5.584830e-02;2.607360e-02;2.629982e-02;6.004011e-02;3.049900e-02
1.617901e-01;1.481949e-01;5.768671e-02;2.064143e-02;4.999922e-02;5.878531e-02;2.939950e-01;4.888392e-02;2.410143e-02;4.450913e-02;4.416597e-02;4.724684e-02
2.061096e-01;1.422470e-01;7.637923e-02;3.500592e-02;6.436817e-02;6.679950e-02;1.727904e-01;2.981444e-02;3.123799e-02;6.012383e-02;4.333805e-02;7.178592e-02
1.493790e-01;1.556089e-01;8.908143e-02;3.929748e-02;7.681448e-02;6.543405e-02;1.274779e-01;3.368096e-02;3.545125e-02;8.806887e-02;6.010515e-02;7.960050e-02
6.402022e-02;1.186557e-01;1.291369e-01;2.850084e-02;7.234353e-02;7.754136e-02;2.083276e-01;4.926660e-02;4.231119e-02;1.068956e-01;6.550027e-02;3.750024e-02
5.654414e-02;7.035310e-02;1.412062e-01;2.251771e-02;7.260955e-02;7.033967e-02;3.137788e-01;3.918649e-02;3.397765e-02;1.052443e-01;4.176985e-02;3.247254e-02
2.032640e-02;6.349921e-02;1.161441e-01;1.783792e-02;4.631519e-02;3.911317e-02;4.493203e-01;4.974487e-02;3.011042e-02;7.984600e-02;4.737344e-02;4.036900e-02
2.121308e-02;6.120311e-02;1.720687e-01;1.326364e-02;3.208261e-02;2.275634e-02;4.409041e-01;7.335342e-02;3.181557e-02;4.727009e-02;4.158641e-02;4.248285e-02
2.382100e-02;5.160519e-02;2.057886e-01;1.989345e-02;2.490133e-02;2.530314e-02;3.958803e-01;8.091272e-02;3.646630e-02;3.556161e-02;3.761579e-02;6.225059e-02
1.113165e-02;2.753126e-02;2.305784e-01;3.296823e-02;2.494564e-02;3.936907e-02;3.504962e-01;8.595391e-02;4.814444e-02;4.053326e-02;2.870566e-02;7.964230e-02
7.830589e-03;1.569592e-02;2.462321e-01;4.735399e-02;2.914402e-02;5.033930e-02;3.029093e-01;9.375605e-02;6.582890e-02;4.467964e-02;1.997988e-02;7.625031e-02
7.121968e-03;1.042378e-02;2.740244e-01;4.944625e-02;3.144386e-02;4.890582e-02;2.720033e-01;1.099860e-01;7.024704e-02;4.544805e-02;1.884260e-02;6.210698e-02
1.416508e-02;2.840611e-02;2.689196e-01;3.998664e-02;2.443942e-02;3.633909e-02;3.009223e-01;1.036736e-01;5.322968e-02;4.644771e-02;2.602884e-02;5.744190e-02
2.376286e-02;4.462573e-02;2.251801e-01;3.030170e-02;3.454003e-02;2.812819e-02;3.854099e-01;6.807823e-02;4.082276e-02;4.174073e-02;3.576056e-02;4.164918e-02
2.322798e-02;4.131757e-02;1.781171e-01;2.395379e-02;5.035196e-02;3.153831e-02;4.729262e-01;3.886675e-02;3.837759e-02;4.011987e-02;4.251288e-02;1.868993e-02
2.876317e-02;2.631120e-02;1.548629e-01;1.916915e-02;6.631272e-02;3.773447e-02;4.537691e-01;7.031934e-02;4.451356e-02;4.232544e-02;4.506559e-02;1.085336e-02
3.262762e-02;5.088754e-02;2.184903e-01;3.872247e-02;9.166365e-02;3.415191e-02;2.752616e-01;7.008681e-02;5.618777e-02;5.754348e-02;4.604572e-02;2.833113e-02
5.581408e-02;8.518804e-02;2.167197e-01;6.780527e-02;1.049695e-01;3.962516e-02;1.575498e-01;6.919732e-02;6.079045e-02;6.142480e-02;4.453916e-02;3.637674e-02
8.437832e-02;7.675602e-02;6.828780e-02;4.300657e-02;5.082516e-02;5.628501e-02;7.754079e-02;8.850130e-02;9.236348e-02;1.509874e-01;1.079986e-01;1.030696e-01
9.785824e-02;7.272653e-02;6.892941e-02;3.186840e-02;3.783049e-02;6.263734e-02;7.337505e-02;7.940359e-02;1.025670e-01;1.502542e-01;1.143124e-01;1.082373e-01
9.654379e-02;9.462810e-02;1.244508e-01;2.688421e-02;3.644100e-02;6.094502e-02;8.877912e-02;6.819379e-02;9.591698e-02;1.165486e-01;9.307346e-02;9.759511e-02
1.363620e-01;1.241101e-01;2.185763e-01;3.865437e-02;4.879884e-02;4.173985e-02;1.124927e-01;4.281763e-02;4.770825e-02;6.164233e-02;6.125270e-02;6.584498e-02
1.381715e-01;1.299158e-01;2.249905e-01;4.894928e-02;5.568769e-02;3.936490e-02;1.474684e-01;2.316282e-02;2.804670e-02;4.975086e-02;5.841156e-02;5.607997e-02
9.876572e-02;1.080722e-01;2.340458e-01;5.722894e-02;6.439840e-02;4.712808e-02;1.806510e-01;2.230011e-02;3.032703e-02;5.372793e-02;5.330568e-02;5.004911e-02
2.781833e-02;5.002820e-02;2.822008e-01;6.108932e-02;1.043725e-01;6.270674e-02;1.745232e-01;5.243528e-02;3.093892e-02;5.529458e-02;6.349053e-02;3.510163e-02
5.403829e-02;3.314104e-02;2.224633e-01;4.293124e-02;1.323985e-01;8.487496e-02;2.290693e-01;4.731139e-02;2.338936e-02;4.932728e-02;5.681662e-02;2.423877e-02
7.142710e-02;8.296607e-02;1.601391e-01;3.163477e-02;1.075252e-01;7.554385e-02;2.833748e-01;5.681072e-02;3.892005e-02;2.657565e-02;2.637274e-02;3.870988e-02
1.175205e-01;1.283594e-01;2.168332e-01;5.411144e-02;6.160313e-02;2.766217e-02;1.383972e-01;4.130643e-02;5.069698e-02;4.953472e-02;5.169228e-02;6.228243e-02
1.055125e-01;1.477284e-01;2.299618e-01;5.744467e-02;5.761156e-02;2.617951e-02;1.403315e-01;2.445086e-02;4.679515e-02;4.494411e-02;6.538843e-02;5.365153e-02
9.137739e-02;1.541869e-01;2.116176e-01;6.203107e-02;6.229007e-02;5.238330e-02;1.546982e-01;3.564543e-02;3.909408e-02;4.036179e-02;5.902771e-02;3.728638e-02
1.328847e-01;1.340141e-01;1.545672e-01;6.248699e-02;8.458494e-02;1.077860e-01;1.421498e-01;3.405191e-02;3.890932e-02;5.201018e-02;3.388394e-02;2.267097e-02
1.911920e-01;7.315970e-02;1.059323e-01;5.206335e-02;1.019867e-01;2.058178e-01;6.331690e-02;2.768892e-02;7.280171e-02;6.108769e-02;1.324094e-02;3.171196e-02
2.085089e-01;2.378192e-02;6.911552e-02;2.080051e-02;1.056784e-01;2.592663e-01;5.585041e-02;4.798171e-02;9.262136e-02;5.332811e-02;1.649763e-02;4.656912e-02
2.417713e-01;3.456472e-02;5.811463e-02;1.488937e-02;1.123123e-01;2.284191e-01;4.182316e-02;6.908224e-02;8.987454e-02;5.238820e-02;1.485160e-02;4.190875e-02
2.496078e-01;3.500255e-02;5.690200e-02;1.748654e-02;1.208739e-01;2.091845e-01;4.581642e-02;7.186907e-02;8.855466e-02;4.827518e-02;1.551657e-02;4.091074e-02
2.352603e-01;2.067291e-02;6.599591e-02;1.640483e-02;1.450182e-01;1.845158e-01;4.501709e-02;5.825049e-02;1.087553e-01;4.326697e-02;2.144479e-02;5.539741e-02
2.322862e-01;2.021313e-02;7.981977e-02;2.588704e-02;1.514816e-01;1.473343e-01;4.564930e-02;2.450383e-02;1.303501e-01;3.285033e-02;3.177844e-02;7.784588e-02
2.192235e-01;3.583464e-02;8.338647e-02;2.878213e-02;1.200616e-01;1.024670e-01;7.380494e-02;2.302635e-02;1.410297e-01;3.701217e-02;4.255222e-02;9.281941e-02
2.023939e-01;4.931914e-02;9.209634e-02;3.696259e-02;8.834492e-02;9.092849e-02;8.018209e-02;3.866345e-02;1.358151e-01;4.081842e-02;5.631263e-02;8.816291e-02
2.041329e-01;3.060661e-02;7.851113e-02;3.074046e-02;1.003721e-01;1.049480e-01;1.531662e-01;3.452349e-02;1.058415e-01;3.119572e-02;4.566947e-02;8.029237e-02
2.499323e-01;4.757284e-02;9.368031e-02;1.565601e-02;1.193035e-01;1.010740e-01;1.378647e-01;2.041521e-02;7.802295e-02;3.210428e-02;2.479203e-02;7.958181e-02
2.895194e-01;5.398356e-02;1.110244e-01;2.286968e-02;1.145836e-01;9.214372e-02;9.168907e-02;1.026594e-02;6.537637e-02;3.106704e-02;1.812428e-02;9.935287e-02
2.771068e-01;5.020833e-02;1.271853e-01;1.942577e-02;1.128904e-01;8.587966e-02;6.907123e-02;8.632489e-03;6.633013e-02;2.270181e-02;1.190934e-02;1.486587e-01
2.575366e-01;3.284673e-02;1.017646e-01;1.624428e-02;1.198628e-01;9.615798e-02;7.413852e-02;3.657098e-03;7.030786e-02;1.858123e-02;1.289138e-02;1.960109e-01
2.919954e-01;3.178415e-02;4.456436e-02;1.077064e-02;1.131578e-01;1.098733e-01;1.101049e-01;3.684342e-03;5.484900e-02;4.656335e-02;8.261111e-03;1.743917e-01
3.267380e-01;3.686215e-02;1.679556e-02;1.400770e-02;9.326085e-02;1.251217e-01;1.643862e-01;6.939804e-03;3.348158e-02;7.747780e-02;4.415203e-03;1.005135e-01
3.360171e-01;6.837957e-02;1.039948e-02;1.460775e-02;8.189069e-02;1.329472e-01;1.995539e-01;7.614676e-03;1.964178e-02;8.489844e-02;3.794788e-03;4.025459e-02
3.240750e-01;1.033133e-01;1.034054e-02;2.543780e-02;8.147760e-02;1.261497e-01;1.891622e-01;5.942980e-03;2.829615e-02;6.649274e-02;1.149510e-02;2.781694e-02
2.982184e-01;9.815466e-02;3.611084e-02;7.085505e-02;9.599941e-02;1.241485e-01;1.467365e-01;7.191276e-03;3.710233e-02;3.765239e-02;8.868539e-03;3.896206e-02
2.468232e-01;6.946699e-02;4.921635e-02;9.112938e-02;1.236767e-01;1.473738e-01;1.435988e-01;1.485569e-02;3.412276e-02;2.484545e-02;8.627495e-03;4.626331e-02
1.988399e-01;5.591483e-02;1.036322e-01;6.227133e-02;1.340891e-01;1.567726e-01;1.276913e-01;2.350307e-02;3.789221e-02;3.300308e-02;1.478660e-02;5.160370e-02
1.139697e-01;3.749260e-02;1.926658e-01;5.023644e-02;1.556288e-01;1.344967e-01;1.205780e-01;3.328941e-02;5.487820e-02;3.177706e-02;2.091533e-02;5.407198e-02
6.975765e-02;1.689576e-02;1.843455e-01;3.607152e-02;1.897776e-01;1.036631e-01;2.268784e-01;2.208187e-02;5.860719e-02;2.640994e-02;1.950023e-02;4.601128e-02
8.647946e-02;1.872505e-02;1.645664e-01;5.145214e-02;2.082756e-01;1.173296e-01;1.646374e-01;1.806301e-02;6.014567e-02;2.644437e-02;2.584627e-02;5.803503e-02
8.564720e-02;2.034350e-02;1.383177e-01;5.070674e-02;1.538717e-01;9.419414e-02;2.608003e-01;2.088604e-02;5.031626e-02;4.218671e-02;3.165627e-02;5.107338e-02
6.674572e-02;3.589869e-02;1.584787e-01;3.341510e-02;8.248991e-02;7.425901e-02;3.179866e-01;4.418524e-02;5.567221e-02;6.569517e-02;3.216572e-02;3.300793e-02
9.552917e-02;9.854312e-02;1.626537e-01;4.466844e-02;7.511491e-02;7.264466e-02;1.468968e-01;5.147432e-02;7.659728e-02;8.136639e-02;5.266054e-02;4.185071e-02
1.753755e-01;1.183891e-01;1.363976e-01;4.309627e-02;6.422814e-02;5.851303e-02;1.029641e-01;3.313389e-02;4.884074e-02;7.337023e-02;7.384191e-02;7.184941e-02
2.317865e-01;9.666339e-02;1.156501e-01;4.262648e-02;5.764912e-02;2.554387e-02;1.167491e-01;3.874059e-02;5.295864e-02;6.934809e-02;5.340138e-02;9.888276e-02
1.679144e-01;9.542762e-02;1.016181e-01;5.461960e-02;7.552933e-02;3.038117e-02;1.149023e-01;4.802792e-02;6.756713e-02;8.170663e-02;5.932755e-02;1.029781e-01
8.145303e-02;7.203310e-02;1.144121e-01;8.260129e-02;7.631592e-02;3.931806e-02;9.746243e-02;5.004565e-02;4.695359e-02;8.760095e-02;9.911770e-02;1.526862e-01
5.611327e-02;4.371134e-02;1.592703e-01;7.238847e-02;7.896314e-02;4.501319e-02;1.212083e-01;4.913018e-02;5.538269e-02;5.065986e-02;8.042242e-02;1.877369e-01
7.585406e-02;5.917858e-02;1.510932e-01;6.788702e-02;6.386308e-02;5.178571e-02;1.264745e-01;4.976455e-02;6.015267e-02;7.497524e-02;6.575241e-02;1.532190e-01
