5.287299e-02;2.399803e-02;2.723488e-02;1.504326e-02;2.285071e-02;3.722787e-02;2.572641e-01;5.693457e-02;1.117452e-01;2.028880e-01;1.468805e-01;4.505978e-02
4.021902e-02;1.857992e-02;1.861565e-02;1.009033e-02;3.913466e-02;5.223999e-02;3.827397e-01;7.535775e-02;1.262634e-01;1.225501e-01;6.458746e-02;4.962198e-02
3.111180e-02;2.877022e-02;2.891366e-02;7.756256e-03;4.519222e-02;6.652411e-02;5.891666e-01;5.426061e-02;7.663734e-02;3.129089e-02;1.369420e-02;2.668207e-02
1.000700e-02;1.783082e-02;1.875265e-02;7.960850e-03;3.140906e-02;5.726207e-02;7.395661e-01;4.601377e-02;2.956143e-02;1.640298e-02;8.949098e-03;1.628414e-02
1.268767e-02;1.015963e-02;3.190917e-02;9.814483e-03;2.009248e-02;5.739676e-02;7.410614e-01;3.915573e-02;2.700287e-02;1.847732e-02;1.711769e-02;1.512475e-02
1.507043e-02;8.245792e-03;7.873303e-02;2.114553e-02;8.668198e-02;9.562960e-02;5.739517e-01;2.806937e-02;2.915450e-02;1.637401e-02;2.285454e-02;2.408951e-02
2.198564e-02;1.297445e-02;1.445319e-01;3.402204e-02;1.968938e-01;1.514191e-01;2.943563e-01;2.128712e-02;3.138955e-02;8.865183e-03;2.704604e-02;5.522875e-02
3.777198e-02;1.145712e-02;1.320921e-01;3.236585e-02;2.967717e-01;1.890395e-01;1.387160e-01;2.338846e-02;2.623898e-02;1.432416e-02;2.080331e-02;7.703086e-02
2.165466e-02;7.702259e-03;1.070028e-01;3.809833e-02;3.130384e-01;1.879981e-01;2.092632e-01;1.553255e-02;1.069727e-02;1.188583e-02;1.180628e-02;6.532036e-02
1.939661e-02;7.816852e-03;1.572886e-01;3.422857e-02;2.809273e-01;1.655104e-01;2.384702e-01;1.272661e-02;1.409934e-02;9.403406e-03;1.159172e-02;4.854035e-02
1.410689e-02;8.554153e-03;2.634344e-01;4.840340e-02;2.488725e-01;1.335114e-01;1.906305e-01;1.806017e-02;1.640094e-02;1.064733e-02;1.465205e-02;3.272622e-02
1.565785e-02;1.543901e-02;4.110679e-01;5.815954e-02;2.017919e-01;1.016346e-01;1.251571e-01;2.007872e-02;1.124268e-02;1.007337e-02;1.116971e-02;1.852765e-02
4.918020e-02;8.588504e-02;3.210997e-01;9.975251e-02;9.097998e-02;6.498744e-02;9.794976e-02;4.061706e-02;5.225400e-02;1.708687e-02;2.414335e-02;5.606410e-02
6.457353e-02;1.397543e-01;1.630126e-01;1.284752e-01;5.805662e-02;6.321206e-02;5.326783e-02;9.655200e-02;8.188286e-02;2.646502e-02;3.851428e-02;8.623368e-02
4.503902e-02;1.371529e-01;1.374406e-01;1.146227e-01;6.627594e-02;6.651713e-02;7.775560e-02;1.189719e-01;7.813569e-02;3.478384e-02;4.353018e-02;7.977448e-02
3.216151e-02;1.105848e-01;1.386674e-01;9.086621e-02;6.952812e-02;6.036930e-02;1.373959e-01;1.371908e-01;6.981213e-02;4.872507e-02;5.114432e-02;5.355446e-02
4.207287e-02;7.185975e-02;1.047662e-01;7.615970e-02;5.711391e-02;4.545025e-02;2.488487e-01;1.330189e-01;7.107450e-02;6.532203e-02;5.005794e-02;3.425522e-02
3.685639e-02;4.875877e-02;9.504421e-02;4.022396e-02;4.015154e-02;2.845212e-02;3.466842e-01;1.264007e-01;8.844084e-02;5.038125e-02;3.404444e-02;6.456163e-02
4.192936e-02;6.592754e-02;9.787133e-02;2.310232e-02;2.602552e-02;2.506869e-02;3.861999e-01;1.263170e-01;9.620219e-02;3.267454e-02;2.246589e-02;5.621577e-02
2.835809e-02;6.163799e-02;7.897906e-02;3.103681e-02;4.170518e-02;3.744679e-02;4.261099e-01;1.031930e-01;7.078464e-02;3.910153e-02;3.617879e-02;4.546824e-02
3.200784e-02;7.134187e-02;5.233716e-02;6.395437e-02;5.339305e-02;4.690509e-02;3.427098e-01;8.030600e-02;4.698864e-02;8.165275e-02;6.237533e-02;6.602807e-02
4.779139e-02;1.000869e-01;4.171212e-02;6.528770e-02;6.510561e-02;4.927306e-02;2.365765e-01;6.689272e-02;8.018716e-02;1.197820e-01;4.933610e-02;7.796881e-02
6.921722e-02;6.149372e-02;3.386506e-02;7.159839e-02;1.010154e-01;4.487484e-02;1.423647e-01;5.606833e-02;1.084603e-01;1.129286e-01;1.053862e-01;9.272725e-02
7.330413e-02;5.283828e-02;7.005806e-02;8.889069e-02;1.151610e-01;4.806089e-02;1.226732e-01;3.788564e-02;8.200820e-02;7.729343e-02;1.301524e-01;1.016741e-01
8.106013e-02;5.580457e-02;1.137661e-01;8.936127e-02;8.769108e-02;3.606525e-02;1.497138e-01;5.784086e-02;7.152484e-02;5.443704e-02;7.100756e-02;1.317275e-01
1.203441e-01;6.347900e-02;1.467225e-01;5.928994e-02;4.745862e-02;2.723486e-02;1.484650e-01;8.568296e-02;8.314620e-02;5.274614e-02;4.436534e-02;1.210654e-01
1.516562e-01;7.356767e-02;1.271076e-01;3.991601e-02;6.096266e-02;3.450152e-02;1.173522e-01;1.009317e-01;9.766068e-02;5.942355e-02;5.927505e-02;7.764509e-02
1.300651e-01;5.189685e-02;1.253659e-01;5.425227e-02;7.375167e-02;5.896877e-02;1.475903e-01;7.590782e-02;1.093697e-01;7.191304e-02;5.024853e-02;5.066993e-02
1.011375e-01;5.060792e-02;1.512772e-01;4.398854e-02;6.925321e-02;6.513815e-02;1.552984e-01;6.155090e-02;1.108327e-01;8.242518e-02;5.741984e-02;5.107044e-02
8.316881e-02;7.840439e-02;1.730510e-01;3.973821e-02;5.911975e-02;7.538268e-02;8.677854e-02;7.788914e-02;1.189202e-01;8.848634e-02;7.775913e-02;4.130176e-02
4.696389e-02;6.502028e-02;1.387440e-01;5.435858e-02;8.107955e-02;7.225595e-02;1.173262e-01;9.292527e-02;1.031723e-01;8.113118e-02;1.007320e-01;4.629080e-02
7.782023e-02;4.810265e-02;1.111340e-01;9.085197e-02;8.404661e-02;6.634632e-02;9.728158e-02;9.853290e-02;9.966956e-02;7.704163e-02;9.489997e-02;5.427257e-02
1.065059e-01;5.081104e-02;1.165473e-01;7.231462e-02;8.876637e-02;5.040046e-02;8.036104e-02;1.039269e-01;9.359536e-02;7.839153e-02;9.239382e-02;6.598558e-02
1.232565e-01;7.098101e-02;1.205656e-01;3.915618e-02;7.710456e-02;4.199823e-02;1.097006e-01;9.795399e-02;1.009903e-01;7.717394e-02;7.766161e-02;6.345753e-02
1.130233e-01;5.999807e-02;9.410568e-02;1.574125e-02;4.605662e-02;5.757525e-02;2.530410e-01;6.079144e-02;1.143832e-01;8.214896e-02;4.893444e-02;5.420078e-02
6.701480e-02;4.142291e-02;6.361742e-02;1.645633e-02;4.424455e-02;5.062011e-02;3.975518e-01;5.789035e-02;8.506048e-02;7.294282e-02;5.224803e-02;5.093039e-02
3.816521e-02;3.106214e-02;5.764463e-02;1.444235e-02;4.866850e-02;5.073304e-02;5.029473e-01;6.073839e-02;6.418599e-02;6.104391e-02;3.385501e-02;3.651352e-02
3.759531e-02;2.995781e-02;8.654761e-02;2.511892e-02;6.543903e-02;6.211548e-02;4.987456e-01;5.459440e-02;4.926486e-02;4.783671e-02;1.711408e-02;2.567025e-02
3.043866e-02;4.982840e-02;1.375232e-01;4.010884e-02;7.953428e-02;6.181446e-02;3.845996e-01;5.761712e-02;5.764718e-02;4.684351e-02;2.816211e-02;2.588258e-02
3.568377e-02;5.950121e-02;1.759667e-01;4.909665e-02;8.261502e-02;4.224762e-02;2.177363e-01;6.729621e-02;1.133833e-01;6.904670e-02;5.204835e-02;3.537815e-02
4.592316e-02;3.528685e-02;1.343846e-01;6.185415e-02;8.787179e-02;5.625815e-02;2.402883e-01;8.093420e-02;9.955531e-02;7.439628e-02;3.285613e-02;5.039113e-02
6.053331e-02;4.276229e-02;1.231398e-01;4.088551e-02;8.600805e-02;6.349987e-02;3.317049e-01;6.157009e-02;6.881347e-02;5.357102e-02;1.985432e-02;4.765730e-02
5.648544e-02;5.178704e-02;1.269481e-01;3.996736e-02;6.624426e-02;4.978285e-02;3.263838e-01;6.557707e-02;8.002038e-02;5.191989e-02;2.987764e-02;5.500616e-02
7.363465e-02;2.838330e-02;1.418140e-01;6.388070e-02;6.171924e-02;4.129181e-02;2.772695e-01;7.447246e-02;7.937390e-02;7.053635e-02;3.811434e-02;4.950977e-02
8.930241e-02;3.085551e-02;1.181162e-01;5.197085e-02;6.682526e-02;7.993191e-02;1.770877e-01;7.942654e-02;9.599876e-02;8.024544e-02;5.252276e-02;7.771671e-02
1.313486e-01;6.525321e-02;8.696117e-02;3.228393e-02;4.952763e-02;4.731000e-02;8.438686e-02;5.356637e-02;3.064141e-02;1.231014e-01;1.613071e-01;1.343123e-01
1.122193e-01;5.908454e-02;8.159219e-02;2.869807e-02;4.221055e-02;5.111918e-02;6.959851e-02;3.824206e-02;3.452259e-02;1.265889e-01;2.477867e-01;1.083374e-01
7.791861e-02;5.497304e-02;5.484584e-02;1.588650e-02;4.579636e-02;4.619844e-02;5.002424e-02;3.758442e-02;6.165212e-02;2.050659e-01;2.749846e-01;7.506992e-02
4.330323e-02;4.625394e-02;2.985995e-02;2.496164e-02;5.009176e-02;2.460746e-02;2.530389e-02;2.783522e-02;1.632823e-01;3.296199e-01;1.975310e-01;3.734964e-02
4.531400e-02;2.549405e-02;2.117277e-02;4.921511e-02;3.706746e-02;8.878945e-03;2.666471e-02;6.133790e-02;3.524229e-01;2.864930e-01;7.129697e-02;1.464219e-02
4.150001e-02;1.113933e-02;3.162313e-02;5.662341e-02;2.140283e-02;1.100918e-02;9.230861e-02;1.400813e-01;4.172561e-01;1.339537e-01;2.882213e-02;1.428031e-02
2.198398e-02;1.189487e-02;4.751967e-02;4.241661e-02;2.456602e-02;2.123729e-02;2.186237e-01;2.107901e-01;3.214778e-01;4.830025e-02;2.155245e-02;9.637279e-03
1.459127e-02;1.499016e-02;4.882827e-02;3.473893e-02;4.404173e-02;4.010697e-02;3.067111e-01;1.949776e-01;1.873119e-01;5.658891e-02;3.832082e-02;1.879231e-02
2.972916e-02;1.935422e-02;4.908711e-02;6.015525e-02;6.774749e-02;5.397014e-02;2.090337e-01;1.220154e-01;2.074661e-01;9.445968e-02;6.072618e-02;2.625556e-02
4.156621e-02;1.692169e-02;6.081347e-02;7.599225e-02;1.003482e-01;6.960064e-02;1.168022e-01;9.662192e-02;1.989246e-01;1.006811e-01;7.339770e-02;4.832996e-02
5.330556e-02;3.718748e-02;6.642910e-02;7.583393e-02;1.136792e-01;7.446577e-02;9.054919e-02;7.760951e-02;1.649405e-01;1.242667e-01;6.023964e-02;6.149337e-02
2.859132e-02;3.541852e-02;7.220174e-02;5.960639e-02;8.757224e-02;5.754487e-02;1.477229e-01;1.000611e-01;1.301841e-01;1.519023e-01;8.035355e-02;4.884098e-02
2.844585e-02;4.603784e-02;6.542853e-02;4.010391e-02;4.819548e-02;7.765829e-02;2.003741e-01;1.203337e-01;1.144629e-01;1.392998e-01;6.730535e-02;5.235435e-02
6.173451e-02;3.922092e-02;9.127722e-02;4.911440e-02;4.579560e-02;1.040324e-01;1.602630e-01;1.167115e-01;9.590851e-02;1.212079e-01;5.425339e-02;6.048056e-02
8.412885e-02;7.671367e-02;7.207207e-02;6.151363e-02;7.808237e-02;8.685857e-02;8.612400e-02;7.315784e-02;1.002691e-01;9.321349e-02;1.158678e-01;7.199855e-02
8.974992e-02;6.446478e-02;1.228773e-01;4.607802e-02;8.689301e-02;4.999686e-02;1.409554e-01;6.872873e-02;8.716523e-02;6.779445e-02;1.095907e-01;6.570550e-02
7.024578e-02;2.907819e-02;7.565802e-02;5.841540e-02;4.964254e-02;4.147146e-02;2.696299e-01;1.252844e-01;1.296270e-01;8.538785e-02;4.699193e-02;1.856758e-02
4.057484e-02;1.495081e-02;6.121682e-02;1.182202e-01;2.509217e-02;1.988702e-02;2.077813e-01;9.116397e-02;2.749383e-01;8.773197e-02;4.205557e-02;1.638699e-02
2.167866e-02;4.991138e-03;4.810236e-02;1.982180e-01;1.400341e-02;6.981075e-03;9.517654e-02;5.224547e-02;4.133993e-01;1.105315e-01;2.481690e-02;9.855612e-03
1.588183e-02;4.257880e-03;3.329345e-02;2.510666e-01;1.239811e-02;5.903107e-03;2.783361e-02;3.504349e-02;4.851388e-01;1.049236e-01;1.975019e-02;4.509387e-03
1.328101e-02;4.840854e-03;2.086279e-02;2.718908e-01;1.316424e-02;6.435152e-03;2.310283e-02;5.300393e-02;4.994780e-01;6.939352e-02;1.589783e-02;8.649042e-03
1.043992e-02;5.223670e-03;2.035718e-02;2.723805e-01;8.915667e-03;4.502069e-03;3.971567e-02;1.356295e-01;4.464143e-01;3.239853e-02;1.118455e-02;1.283853e-02
1.080967e-02;7.753948e-03;5.733821e-02;1.904959e-01;2.119883e-02;2.007455e-02;6.575878e-02;2.736996e-01;3.067291e-01;1.520742e-02;9.439741e-03;2.149423e-02
9.753658e-03;1.103925e-02;7.212502e-02;8.202786e-02;1.993572e-02;4.004879e-02;1.225875e-01;3.769851e-01;2.018278e-01;2.159285e-02;1.366392e-02;2.841251e-02
8.097395e-03;1.388620e-02;8.760463e-02;4.129428e-02;1.479995e-02;4.179842e-02;2.164342e-01;3.968855e-01;1.066613e-01;2.387122e-02;1.487972e-02;3.378725e-02
1.475427e-02;2.529163e-02;7.684574e-02;3.281830e-02;2.328452e-02;3.273118e-02;3.182469e-01;3.410119e-01;7.024024e-02;2.004273e-02;1.884361e-02;2.588901e-02
2.542780e-02;3.738100e-02;5.478605e-02;2.992162e-02;2.631123e-02;3.280786e-02;4.363979e-01;2.514355e-01;6.737985e-02;1.000022e-02;1.620039e-02;1.195058e-02
2.817110e-02;5.087486e-02;3.631886e-02;1.856052e-02;3.247935e-02;5.933382e-02;5.602846e-01;1.254687e-01;5.221106e-02;1.255373e-02;1.177394e-02;1.196949e-02
2.088265e-02;6.056622e-02;3.412643e-02;9.336112e-03;3.022707e-02;6.993583e-02;6.154193e-01;6.397983e-02;4.699631e-02;1.200801e-02;1.703295e-02;1.948931e-02
1.210150e-02;4.544349e-02;1.879909e-02;1.835136e-02;2.351089e-02;7.377554e-02;6.728044e-01;4.562650e-02;4.616845e-02;1.678457e-02;1.497805e-02;1.165620e-02
9.872576e-03;3.585016e-02;3.447717e-02;2.852042e-02;2.734287e-02;4.970136e-02;6.116161e-01;1.216831e-01;5.231067e-02;1.154366e-02;1.398198e-02;3.099844e-03
5.473772e-03;1.675190e-02;6.203682e-02;4.038080e-02;2.447001e-02;3.316142e-02;4.763153e-01;2.438073e-01;6.532613e-02;9.115947e-03;1.199187e-02;1.116877e-02
1.013945e-02;1.388964e-02;6.639845e-02;4.546160e-02;1.458043e-02;2.510612e-02;3.004766e-01;2.800025e-01;1.866121e-01;3.025105e-02;1.083224e-02;1.624979e-02
1.866779e-02;1.014322e-02;3.915141e-02;9.949379e-02;1.487459e-02;1.713661e-02;1.404509e-01;1.879592e-01;3.708088e-01;7.648890e-02;8.846610e-03;1.597820e-02
2.606806e-02;1.055727e-02;2.483598e-02;1.175478e-01;8.182183e-02;1.154422e-02;5.930645e-02;6.812490e-02;3.744138e-01;1.887764e-01;2.553027e-02;1.147305e-02
1.269998e-02;1.947188e-02;1.801319e-02;6.936235e-02;1.876730e-01;1.827028e-02;6.074999e-02;2.338813e-02;1.976033e-01;3.169448e-01;6.120193e-02;1.462117e-02
2.771289e-02;3.163084e-02;1.396349e-02;3.366504e-02;2.237151e-01;3.106840e-02;4.660727e-02;1.902527e-02;4.404817e-02;3.671211e-01;1.287114e-01;3.273098e-02
7.140739e-02;4.241604e-02;3.063655e-02;1.852313e-02;1.406723e-01;4.249597e-02;3.759546e-02;2.398757e-02;5.185531e-02;3.427477e-01;1.516895e-01;4.597301e-02
9.164318e-02;5.946540e-02;3.956371e-02;2.845990e-02;5.190934e-02;2.876087e-02;7.393572e-02;2.927439e-02;4.810213e-02;3.560913e-01;1.542810e-01;3.851314e-02
7.452864e-02;4.743359e-02;2.519961e-02;1.671179e-02;5.128048e-02;1.151534e-02;3.617304e-02;2.345316e-02;3.787839e-02;4.623121e-01;1.881553e-01;2.535848e-02
4.141820e-02;2.103086e-02;1.745163e-02;7.585965e-03;4.055050e-02;9.341105e-03;3.521740e-02;3.859362e-02;9.261958e-02;4.967447e-01;1.785500e-01;2.089649e-02
2.327613e-02;1.758114e-02;1.768622e-02;1.966128e-02;1.333067e-02;1.108945e-02;1.192427e-01;7.607802e-02;1.828146e-01;3.989900e-01;1.132147e-01;7.035074e-03
3.449081e-02;8.822066e-03;1.598164e-02;1.750921e-02;1.910354e-02;9.383236e-03;2.980033e-01;1.002014e-01;1.991294e-01;2.266314e-01;6.249923e-02;8.244730e-03
1.016972e-02;8.912473e-03;1.802601e-02;1.101861e-02;2.099352e-02;2.160177e-02;5.027362e-01;9.869041e-02;1.242688e-01;1.245090e-01;4.637757e-02;1.269591e-02
1.388569e-02;1.182104e-02;3.606105e-02;1.892676e-02;4.488596e-02;4.241402e-02;6.046183e-01;6.336539e-02;6.576554e-02;4.817205e-02;3.778769e-02;1.229656e-02
4.137259e-02;3.391928e-02;6.012216e-02;3.123058e-02;5.930248e-02;7.379660e-02;4.327407e-01;6.168680e-02;5.082512e-02;5.403491e-02;5.944165e-02;4.152707e-02
5.411476e-02;3.515406e-02;4.807901e-02;2.768988e-02;5.650923e-02;6.906669e-02;3.719707e-01;8.462232e-02;4.673998e-02;7.010452e-02;7.442097e-02;6.152784e-02
3.155201e-02;1.615369e-02;2.655125e-02;2.143606e-02;3.943793e-02;5.554672e-02;5.212081e-01;9.040394e-02;3.020983e-02;7.263048e-02;5.886526e-02;3.600476e-02
2.021424e-02;9.973766e-03;4.213072e-02;1.430360e-02;4.388454e-02;5.628527e-02;6.428304e-01;5.641138e-02;2.421703e-02;4.841819e-02;3.449463e-02;6.836198e-03
1.549671e-02;1.423527e-02;3.250986e-02;8.297522e-03;3.229154e-02;4.799457e-02;7.327176e-01;3.816568e-02;1.106244e-02;2.947667e-02;2.500241e-02;1.274971e-02
7.692437e-03;1.223024e-02;1.352813e-02;5.902542e-03;1.888091e-02;3.530014e-02;7.445529e-01;8.406347e-02;2.734499e-02;2.314730e-02;1.865035e-02;8.706591e-03
7.405932e-03;8.234625e-03;1.823766e-02;3.396049e-03;1.114094e-02;2.155363e-02;7.064481e-01;1.424578e-01;3.974269e-02;2.501513e-02;1.012947e-02;6.237967e-03
1.086601e-02;5.403572e-03;2.291663e-02;4.988270e-03;6.573855e-03;1.889948e-02;6.787497e-01;1.785274e-01;3.918378e-02;1.588365e-02;7.219160e-03;1.078846e-02
1.438849e-02;1.153186e-02;2.761759e-02;5.292540e-03;4.365098e-03;2.025489e-02;6.738355e-01;1.643906e-01;3.297355e-02;2.346124e-02;9.486659e-03;1.240196e-02
3.105052e-02;3.251303e-02;4.316340e-02;1.219336e-02;1.988050e-02;2.975207e-02;5.464113e-01;1.310446e-01;7.039638e-02;3.523790e-02;2.900828e-02;1.934863e-02
4.134614e-02;5.018583e-02;5.970503e-02;1.798728e-02;2.504522e-02;2.881647e-02;3.858494e-01;1.441105e-01;1.184483e-01;5.435620e-02;4.962338e-02;2.452619e-02
3.148374e-02;5.363799e-02;5.025765e-02;1.173098e-02;2.453993e-02;3.528348e-02;4.058982e-01;1.658303e-01;1.197112e-01;3.648121e-02;4.839216e-02;1.675317e-02
1.828627e-02;6.275249e-02;3.467354e-02;3.487847e-03;2.543494e-02;3.742710e-02;4.939102e-01;1.358248e-01;7.665048e-02;1.989099e-02;7.834055e-02;1.332082e-02
1.990555e-02;5.793192e-02;1.880970e-02;8.521882e-03;3.363213e-02;3.851160e-02;5.220371e-01;5.922696e-02;4.488425e-02;2.173130e-02;1.616948e-01;1.311282e-02
2.773542e-02;4.664559e-02;2.490545e-02;8.887106e-03;3.401634e-02;4.383323e-02;4.959658e-01;2.988895e-02;3.072497e-02;2.658737e-02;2.093309e-01;2.147876e-02
2.675262e-02;3.827507e-02;4.590286e-02;9.574316e-03;3.056715e-02;4.537392e-02;4.789045e-01;6.939082e-02;2.096555e-02;3.189286e-02;1.862226e-01;1.617779e-02
2.382649e-02;3.488681e-02;6.863791e-02;2.456325e-02;2.243119e-02;4.326230e-02;4.683520e-01;1.123369e-01;3.278464e-02;3.831331e-02;1.085607e-01;2.204451e-02
3.998468e-02;3.404325e-02;8.052338e-02;4.282365e-02;4.270071e-02;4.398168e-02;4.268319e-01;1.150289e-01;5.254176e-02;3.579120e-02;4.918296e-02;3.656597e-02
5.262977e-02;3.604620e-02;7.643434e-02;4.408582e-02;6.659948e-02;6.352358e-02;4.061592e-01;7.713325e-02;5.692385e-02;3.626818e-02;4.498665e-02;3.920972e-02
6.548404e-02;1.307396e-02;1.443212e-01;4.047744e-02;7.967816e-02;8.036015e-02;3.626797e-01;3.991376e-02;4.250333e-02;4.616696e-02;5.608519e-02;2.925610e-02
7.871036e-02;3.305513e-02;1.625457e-01;4.507790e-02;3.722944e-02;4.605259e-02;3.768046e-01;5.588422e-02;3.474499e-02;5.295455e-02;5.143032e-02;2.551018e-02
5.982650e-02;3.954217e-02;1.501294e-01;3.865578e-02;2.005388e-02;4.690535e-02;4.053124e-01;7.688721e-02;5.284454e-02;4.125344e-02;5.108427e-02;1.750513e-02
4.547838e-02;4.411122e-02;1.310679e-01;2.450709e-02;3.961071e-02;4.963274e-02;4.109242e-01;7.149578e-02;7.259287e-02;3.759102e-02;4.833692e-02;2.465110e-02
6.250682e-02;3.720820e-02;1.128389e-01;3.224379e-02;4.347087e-02;5.082118e-02;3.947345e-01;5.785646e-02;7.904467e-02;4.654380e-02;4.533474e-02;3.739609e-02
6.012111e-02;4.757800e-02;1.144692e-01;4.523506e-02;5.779197e-02;5.152287e-02;2.984250e-01;8.069649e-02;7.114475e-02;7.309321e-02;5.486027e-02;4.506203e-02
4.763880e-02;5.541338e-02;1.313592e-01;3.408751e-02;9.428288e-02;5.980380e-02;2.448624e-01;6.490842e-02;5.020270e-02;8.663232e-02;6.655619e-02;6.425232e-02
5.810603e-02;4.627899e-02;9.816857e-02;2.931680e-02;7.885849e-02;5.631331e-02;2.541236e-01;7.096410e-02;8.949497e-02;6.155141e-02;7.751045e-02;7.931332e-02
6.198141e-02;5.258212e-02;1.203075e-01;3.215863e-02;5.769375e-02;6.377371e-02;2.029884e-01;9.170832e-02;1.109244e-01;5.576565e-02;8.564966e-02;6.446643e-02
6.345247e-02;6.619961e-02;1.295758e-01;3.555388e-02;4.692253e-02;6.790879e-02;2.232054e-01;9.131806e-02;7.457945e-02;9.131665e-02;6.302713e-02;4.694018e-02
6.990423e-02;6.653585e-02;1.056409e-01;4.511505e-02;4.573664e-02;6.159205e-02;2.604096e-01;9.720834e-02;7.931897e-02;8.387829e-02;5.113680e-02;3.352327e-02
1.236583e-01;8.595166e-02;1.305496e-01;3.627199e-02;6.139122e-02;6.498950e-02;1.862303e-01;6.701255e-02;7.316729e-02;5.791685e-02;7.425158e-02;3.860918e-02
1.983351e-01;1.164772e-01;1.027452e-01;5.148966e-02;8.338135e-02;2.104438e-02;9.011886e-02;4.113239e-02;5.577927e-02;1.090944e-01;6.954838e-02;6.085384e-02
1.902530e-01;1.179366e-01;9.482602e-02;5.306141e-02;9.616262e-02;1.570233e-02;6.868094e-02;3.002943e-02;8.095658e-02;1.291921e-01;7.299361e-02;5.020526e-02
1.613987e-01;9.724165e-02;7.878865e-02;5.734085e-02;9.927049e-02;1.629653e-02;7.339087e-02;2.704694e-02;1.361897e-01;1.549586e-01;6.298749e-02;3.508952e-02
1.278837e-01;5.126951e-02;6.579236e-02;8.114348e-02;7.182178e-02;2.043793e-02;7.727534e-02;4.031020e-02;2.481825e-01;1.603027e-01;3.713974e-02;1.844066e-02
8.932440e-02;1.471216e-02;3.920017e-02;1.322963e-01;3.253612e-02;2.798655e-02;1.268034e-01;4.923859e-02;3.400619e-01;1.235225e-01;1.553416e-02;8.783692e-03
5.496145e-02;1.005204e-02;2.866657e-02;1.267745e-01;2.370530e-02;5.068622e-02;1.448246e-01;9.094139e-02;3.510838e-01;8.725578e-02;2.443024e-02;6.618098e-03
3.341515e-02;1.250513e-02;2.960931e-02;8.462300e-02;3.276940e-02;9.672737e-02;1.286522e-01;1.133180e-01;3.655014e-01;6.040530e-02;2.753744e-02;1.493629e-02
2.050583e-02;9.928748e-03;2.406303e-02;5.230695e-02;3.419757e-02;9.765073e-02;1.454683e-01;1.304020e-01;3.879426e-01;6.100107e-02;1.885451e-02;1.767858e-02
2.112465e-02;1.233363e-02;4.188723e-02;3.630390e-02;2.832492e-02;4.017124e-02;1.481240e-01;1.409434e-01;4.330958e-01;6.396396e-02;1.430084e-02;1.942641e-02
2.277880e-02;1.100177e-02;5.120099e-02;4.168016e-02;1.944662e-02;5.652637e-02;1.487212e-01;1.270648e-01;4.410064e-01;5.371790e-02;1.035771e-02;1.649715e-02
1.372399e-02;1.414499e-02;4.427069e-02;5.258460e-02;2.765604e-02;3.719456e-02;1.552012e-01;1.132208e-01;4.524186e-01;6.265344e-02;1.461098e-02;1.232011e-02
1.717212e-02;1.249485e-02;3.083646e-02;4.640779e-02;2.354194e-02;3.555041e-02;1.419612e-01;1.064425e-01;4.912783e-01;6.541487e-02;1.486305e-02;1.403660e-02
1.792785e-02;7.576837e-03;1.657609e-02;2.955627e-02;2.095678e-02;8.713358e-02;1.496189e-01;1.405789e-01;4.557314e-01;4.860668e-02;8.318667e-03;1.741795e-02
1.346241e-02;8.182471e-03;3.518797e-02;1.909035e-02;2.759822e-02;1.813252e-01;1.316873e-01;2.005403e-01;3.018747e-01;3.260597e-02;1.561854e-02;3.282650e-02
1.037851e-02;1.196873e-02;6.971613e-02;2.444124e-02;2.464218e-02;1.880359e-01;1.288706e-01;2.708707e-01;1.821459e-01;3.032165e-02;2.105428e-02;3.755414e-02
8.954946e-03;1.077785e-02;8.965547e-02;3.108035e-02;2.575299e-02;1.080205e-01;1.538040e-01;3.544987e-01;1.251632e-01;3.346797e-02;2.096085e-02;3.786322e-02
1.488939e-02;1.071613e-02;8.930380e-02;6.035301e-02;2.306502e-02;3.993136e-02;1.765878e-01;4.132867e-01;7.409301e-02;3.632122e-02;2.809394e-02;3.335863e-02
2.586515e-02;1.453697e-02;8.788280e-02;1.050862e-01;2.728148e-02;2.302727e-02;1.830509e-01;3.866399e-01;4.353971e-02;3.809479e-02;2.510416e-02;3.989063e-02
3.075333e-02;2.256749e-02;9.354831e-02;9.295256e-02;4.208094e-02;2.521957e-02;1.419141e-01;3.350476e-01;9.864540e-02;3.592049e-02;2.466234e-02;5.668793e-02
2.754297e-02;3.332010e-02;1.257620e-01;5.253118e-02;4.241477e-02;2.881664e-02;1.364758e-01;2.910819e-01;1.357619e-01;3.437784e-02;3.011655e-02;6.179830e-02
4.873975e-02;5.454656e-02;1.439310e-01;2.131122e-02;4.260453e-02;4.643397e-02;2.252699e-01;1.954703e-01;9.914114e-02;3.168055e-02;4.550665e-02;4.536443e-02
6.702578e-02;5.378417e-02;2.126670e-01;2.459967e-02;4.984705e-02;5.329302e-02;2.058683e-01;1.382762e-01;7.676841e-02;3.748478e-02;4.773667e-02;3.264899e-02
5.999956e-02;2.609673e-02;3.723000e-01;3.636013e-02;5.098401e-02;4.396301e-02;1.207599e-01;1.395254e-01;6.372423e-02;3.230513e-02;2.595880e-02;2.802310e-02
5.577056e-02;4.515569e-02;3.910154e-01;4.006856e-02;5.643822e-02;2.977574e-02;5.380600e-02;1.564943e-01;8.254054e-02;3.367830e-02;3.006272e-02;2.519394e-02
6.819842e-02;6.890927e-02;4.088255e-01;7.599560e-02;6.508420e-02;3.510869e-02;6.940776e-02;7.298198e-02;5.672738e-02;3.670969e-02;2.044846e-02;2.160301e-02
6.443246e-02;4.357630e-02;4.247269e-01;1.211172e-01;8.258893e-02;4.402713e-02;5.540103e-02;2.663893e-02;3.894003e-02;4.690785e-02;3.649876e-02;1.514445e-02
6.713831e-02;1.671043e-02;4.491477e-01;1.195008e-01;8.150201e-02;4.298659e-02;3.714403e-02;1.505223e-02;3.274943e-02;8.333840e-02;4.618195e-02;8.548189e-03
5.466183e-02;2.213797e-02;5.116845e-01;6.366410e-02;5.025061e-02;2.427526e-02;3.966090e-02;1.600593e-02;2.112017e-02;1.538394e-01;3.444843e-02;8.250942e-03
2.699503e-02;3.882769e-02;5.453053e-01;2.521115e-02;3.195246e-02;1.303269e-02;3.161415e-02;1.465270e-02;3.470891e-02;2.183817e-01;9.282474e-03;1.003574e-02
1.756909e-02;6.221418e-02;4.562031e-01;1.975868e-02;2.428739e-02;1.500545e-02;2.512945e-02;1.688150e-02;1.166351e-01;2.218573e-01;4.285173e-03;2.017362e-02
2.421168e-02;8.947562e-02;3.707882e-01;1.526713e-02;9.916176e-03;2.072281e-02;1.500738e-02;2.646765e-02;1.879472e-01;1.919204e-01;1.196724e-02;3.630841e-02
3.755622e-02;9.474140e-02;3.476000e-01;2.290769e-02;1.552958e-02;1.711744e-02;1.562420e-02;3.146091e-02;1.904743e-01;1.648234e-01;2.051265e-02;4.165208e-02
5.299588e-02;1.121351e-01;3.215048e-01;3.040694e-02;2.108316e-02;2.636378e-02;2.059548e-02;4.588132e-02;1.596325e-01;1.176816e-01;3.658634e-02;5.513325e-02
5.086574e-02;1.318542e-01;2.810390e-01;2.643781e-02;1.930741e-02;4.156533e-02;1.635891e-02;4.096770e-02;2.098427e-01;7.821096e-02;2.412525e-02;7.942494e-02
4.637001e-02;1.376358e-01;2.588331e-01;2.681386e-02;1.174045e-02;3.886802e-02;2.208444e-02;1.941389e-02;2.780970e-01;7.290472e-02;9.159057e-03;7.807964e-02
4.252987e-02;1.383642e-01;2.473878e-01;4.002224e-02;1.517843e-02;4.287616e-02;2.991217e-02;1.715859e-02;3.074445e-01;5.705282e-02;9.432607e-03;5.264067e-02
3.936261e-02;1.097695e-01;3.543256e-01;3.993305e-02;1.337002e-02;4.219571e-02;3.523191e-02;3.009900e-02;2.136974e-01;6.772096e-02;2.130333e-02;3.299094e-02
6.124691e-02;1.041678e-01;4.082276e-01;6.138718e-02;3.361136e-02;3.445374e-02;3.379424e-02;3.370487e-02;9.557690e-02;6.518369e-02;3.464733e-02;3.399834e-02
6.846613e-02;9.736169e-02;3.354812e-01;6.217011e-02;5.771623e-02;1.829729e-02;8.039120e-02;3.856556e-02;1.244128e-01;4.365690e-02;3.354834e-02;3.993256e-02
7.591937e-02;1.126877e-01;1.600839e-01;5.507632e-02;5.740834e-02;4.525817e-02;1.459725e-01;4.556471e-02;1.578611e-01;5.140425e-02;3.198270e-02;6.078101e-02
7.536516e-02;1.308746e-01;1.826692e-01;6.140444e-02;3.465741e-02;6.110936e-02;1.131131e-01;5.444647e-02;1.390273e-01;5.047306e-02;3.877770e-02;5.808226e-02
6.846531e-02;1.034967e-01;2.269867e-01;7.057834e-02;3.374820e-02;6.257018e-02;8.340774e-02;6.124442e-02;1.390604e-01;4.719740e-02;5.734318e-02;4.590150e-02
6.229090e-02;1.021574e-01;2.310604e-01;7.393802e-02;3.725676e-02;5.484654e-02;1.169849e-01;5.598810e-02;1.220634e-01;6.620892e-02;5.269042e-02;2.451423e-02
6.120666e-02;9.926069e-02;2.405703e-01;8.263704e-02;5.518418e-02;3.243467e-02;1.179708e-01;7.605047e-02;1.082745e-01;6.150825e-02;3.974427e-02;2.515810e-02
6.228258e-02;9.672917e-02;2.367207e-01;1.156285e-01;4.902969e-02;3.787793e-02;8.629841e-02;8.220597e-02;7.146848e-02;6.048959e-02;5.450817e-02;4.676083e-02
6.548035e-02;8.450232e-02;2.014712e-01;1.666065e-01;7.252774e-02;5.229465e-02;8.515646e-02;5.946621e-02;6.076176e-02;6.934572e-02;4.132955e-02;4.105753e-02
9.595847e-02;6.813487e-02;1.655153e-01;1.748506e-01;7.715027e-02;8.672313e-02;6.155981e-02;4.993361e-02;7.417700e-02;6.334695e-02;3.057401e-02;5.207597e-02
1.124001e-01;1.065098e-01;1.083741e-01;1.359676e-01;6.206736e-02;8.631318e-02;4.286686e-02;5.570799e-02;7.005365e-02;5.597845e-02;5.238641e-02;1.113746e-01
1.013978e-01;1.641332e-01;1.267976e-01;8.327777e-02;8.891666e-02;6.197820e-02;7.072067e-02;3.786037e-02;3.976390e-02;5.433764e-02;5.813871e-02;1.126775e-01
