7.750615e-02;1.519251e-02;2.296351e-01;7.193695e-02;6.242367e-02;6.215135e-02;1.843284e-01;5.702047e-02;4.905836e-02;5.512665e-02;6.335903e-02;7.226133e-02
6.473629e-02;3.659336e-02;3.991744e-01;7.243168e-02;7.940038e-02;5.915006e-02;6.539579e-02;3.799064e-02;5.342598e-02;4.033427e-02;3.681462e-02;5.455257e-02
6.474595e-02;6.962230e-02;3.951859e-01;5.026272e-02;7.015145e-02;4.548834e-02;1.546882e-01;2.232628e-02;4.588342e-02;2.986808e-02;2.479452e-02;2.698279e-02
1.121336e-01;1.015563e-01;3.580689e-01;3.786046e-02;5.048691e-02;3.860861e-02;1.551488e-01;2.932527e-02;4.545375e-02;3.001237e-02;2.068790e-02;2.065716e-02
1.883207e-01;1.398948e-01;3.147742e-01;2.471438e-02;2.568252e-02;2.267344e-02;1.407440e-01;4.109030e-02;4.475916e-02;2.807491e-02;1.458259e-02;1.468892e-02
2.705576e-01;1.556095e-01;2.186841e-01;2.999495e-02;1.450382e-02;2.694223e-02;1.164100e-01;5.699219e-02;3.613670e-02;2.721228e-02;2.301589e-02;2.394083e-02
2.863704e-01;1.631378e-01;1.693511e-01;3.038920e-02;2.099540e-02;2.473833e-02;1.058612e-01;7.448892e-02;3.192727e-02;2.405109e-02;2.814591e-02;4.054337e-02
2.353135e-01;1.554353e-01;1.156750e-01;4.385385e-02;3.495344e-02;2.466182e-02;1.463534e-01;9.046241e-02;3.649968e-02;3.358357e-02;3.782004e-02;4.538797e-02
9.910214e-02;1.300157e-01;1.052234e-01;5.937736e-02;4.982664e-02;4.955337e-02;2.310913e-01;7.195544e-02;4.129153e-02;6.519510e-02;5.295321e-02;4.441476e-02
1.432471e-01;1.176669e-01;1.415827e-01;3.938600e-02;4.139613e-02;4.678689e-02;2.374919e-01;5.898554e-02;5.155940e-02;4.881354e-02;4.471108e-02;2.837287e-02
2.266282e-01;1.268111e-01;1.760537e-01;2.827302e-02;3.228533e-02;2.841743e-02;1.343742e-01;9.885202e-02;5.359799e-02;3.253083e-02;3.671756e-02;2.545859e-02
2.074260e-01;1.073043e-01;1.646713e-01;4.059549e-02;2.958625e-02;2.463763e-02;1.234220e-01;1.113127e-01;6.574816e-02;5.269366e-02;3.848930e-02;3.411314e-02
1.418141e-01;1.138147e-01;1.206968e-01;7.960886e-02;6.408244e-02;3.595106e-02;1.036738e-01;8.793655e-02;6.901383e-02;1.005575e-01;4.377662e-02;3.907379e-02
1.283706e-01;9.135268e-02;1.156133e-01;1.154191e-01;9.019095e-02;5.419756e-02;1.082766e-01;4.339321e-02;7.477294e-02;1.025384e-01;4.052392e-02;3.535081e-02
7.654787e-02;7.681239e-02;2.861601e-01;8.766735e-02;7.766351e-02;5.905067e-02;1.094805e-01;5.398559e-02;8.375198e-02;4.591654e-02;3.004397e-02;1.291952e-02
7.646225e-02;1.191125e-01;3.125509e-01;5.973461e-02;5.458530e-02;4.736216e-02;7.933375e-02;4.481969e-02;1.108169e-01;6.329001e-02;1.437723e-02;1.755473e-02
1.185433e-01;1.488230e-01;3.052943e-01;3.898788e-02;3.718031e-02;3.235862e-02;5.623371e-02;3.059713e-02;1.203120e-01;7.925721e-02;9.467427e-03;2.294524e-02
1.559973e-01;1.563635e-01;2.504281e-01;2.822221e-02;4.666607e-02;2.041940e-02;6.044650e-02;5.611545e-02;1.105164e-01;7.756928e-02;1.909860e-02;1.815723e-02
1.220100e-01;1.750266e-01;1.672008e-01;3.150202e-02;3.601588e-02;2.224653e-02;2.917067e-02;5.697501e-02;2.743798e-01;5.487909e-02;1.674985e-02;1.384383e-02
1.022959e-01;1.994089e-01;1.135949e-01;2.555977e-02;1.687581e-02;2.702717e-02;2.021242e-02;3.636398e-02;3.822206e-01;4.282526e-02;1.681389e-02;1.680142e-02
1.195032e-01;1.855988e-01;8.841824e-02;2.152940e-02;2.739557e-02;2.848516e-02;3.816300e-02;5.021863e-02;3.806720e-01;3.594379e-02;1.156394e-02;1.250823e-02
1.303832e-01;1.979614e-01;8.452266e-02;1.719095e-02;3.274869e-02;2.675179e-02;3.340518e-02;5.900833e-02;3.731852e-01;3.204458e-02;6.297004e-03;6.500951e-03
1.144095e-01;2.196375e-01;1.077958e-01;1.782208e-02;3.577514e-02;3.224758e-02;2.029664e-02;5.532439e-02;3.657521e-01;1.536596e-02;8.960974e-03;6.612318e-03
1.047534e-01;2.337773e-01;1.680101e-01;2.116615e-02;3.416266e-02;3.819409e-02;2.504313e-02;2.375186e-02;3.079795e-01;2.494779e-02;1.156999e-02;6.643992e-03
1.231263e-01;2.060551e-01;1.919224e-01;2.025376e-02;3.818681e-02;3.531725e-02;4.456220e-02;5.254544e-02;2.150757e-01;4.361116e-02;1.137675e-02;1.796716e-02
1.160090e-01;1.511339e-01;1.694178e-01;2.149778e-02;3.156914e-02;4.562240e-02;7.202399e-02;6.956358e-02;2.409045e-01;4.214211e-02;1.765878e-02;2.245697e-02
8.418624e-02;1.159675e-01;1.475022e-01;2.577291e-02;3.906560e-02;3.617543e-02;8.157561e-02;3.859961e-02;3.583937e-01;3.472542e-02;2.102969e-02;1.700613e-02
7.161106e-02;1.147278e-01;9.971449e-02;2.127368e-02;4.192141e-02;2.471495e-02;5.189113e-02;6.344000e-02;4.367709e-01;3.659619e-02;2.064839e-02;1.668993e-02
5.833861e-02;1.034012e-01;6.764542e-02;2.551339e-02;3.160780e-02;3.294544e-02;4.039706e-02;6.155393e-02;4.806419e-01;5.498753e-02;2.763049e-02;1.533725e-02
4.333889e-02;6.872703e-02;1.037979e-01;2.933178e-02;1.578975e-02;2.722704e-02;5.752983e-02;1.061704e-01;4.482690e-01;4.925299e-02;2.686001e-02;2.370534e-02
3.225026e-02;7.720339e-02;1.559263e-01;3.406411e-02;3.811525e-02;3.446745e-02;5.767791e-02;1.006640e-01;3.882520e-01;4.710044e-02;1.285297e-02;2.142585e-02
3.630415e-02;8.502563e-02;1.872700e-01;3.160068e-02;6.053252e-02;5.643367e-02;4.741492e-02;7.238435e-02;3.339019e-01;5.227717e-02;1.517910e-02;2.167595e-02
3.431511e-02;5.420471e-02;2.075841e-01;3.542237e-02;8.030716e-02;7.911541e-02;3.275482e-02;4.324316e-02;3.489585e-01;4.624009e-02;2.572207e-02;1.213254e-02
4.986127e-02;7.584418e-02;1.852726e-01;3.520963e-02;8.600371e-02;5.903438e-02;3.753047e-02;3.793658e-02;3.468295e-01;4.495345e-02;3.150752e-02;1.001670e-02
9.062462e-02;1.138658e-01;1.408364e-01;2.744882e-02;6.211803e-02;2.363531e-02;5.486136e-02;3.900424e-02;3.692881e-01;2.673721e-02;1.882915e-02;3.275093e-02
9.184791e-02;1.077688e-01;1.110046e-01;1.395570e-02;3.358725e-02;3.173766e-02;6.184629e-02;6.809375e-02;3.814876e-01;4.441963e-02;2.054185e-02;3.370897e-02
4.785179e-02;9.851006e-02;1.072280e-01;2.424080e-02;2.555527e-02;4.319932e-02;5.692959e-02;5.788016e-02;4.087701e-01;7.436918e-02;3.719610e-02;1.826967e-02
2.631580e-02;1.034205e-01;9.945019e-02;4.671883e-02;5.142774e-02;3.173623e-02;6.382095e-02;7.954001e-02;3.819366e-01;5.308373e-02;3.789564e-02;2.465372e-02
3.666038e-02;1.114537e-01;8.177002e-02;5.696026e-02;6.513851e-02;6.321651e-02;6.997653e-02;9.387159e-02;3.065085e-01;4.137214e-02;3.702710e-02;3.604481e-02
7.370484e-02;1.424942e-01;1.081712e-01;5.773022e-02;5.921482e-02;6.114421e-02;3.269918e-02;7.896328e-02;2.374868e-01;5.170169e-02;5.181750e-02;4.487214e-02
1.716052e-01;1.458671e-01;2.220597e-01;4.411927e-02;5.754304e-02;3.903097e-02;8.280585e-02;5.280566e-02;1.001093e-01;1.970228e-02;3.050382e-02;3.384781e-02
2.380409e-01;1.524364e-01;2.290319e-01;4.078198e-02;5.390202e-02;2.228876e-02;7.950658e-02;3.765746e-02;6.658309e-02;1.517848e-02;1.868873e-02;4.590369e-02
2.576419e-01;1.457241e-01;1.623116e-01;5.782502e-02;3.605339e-02;1.226660e-02;9.809354e-02;6.350423e-02;6.155131e-02;1.331449e-02;1.717826e-02;7.453551e-02
1.853043e-01;1.015916e-01;1.041618e-01;1.016267e-01;2.304545e-02;1.891551e-02;1.767773e-01;7.230064e-02;5.912947e-02;1.810713e-02;2.585459e-02;1.131856e-01
6.693162e-02;5.399061e-02;6.569300e-02;1.351278e-01;2.697526e-02;2.298649e-02;3.107816e-01;6.335300e-02;6.679320e-02;2.124796e-02;3.186782e-02;1.342516e-01
6.670415e-02;4.487983e-02;7.257055e-02;1.036251e-01;2.249523e-02;4.870141e-02;3.650461e-01;6.905506e-02;6.299139e-02;1.420357e-02;3.548985e-02;9.423783e-02
6.386211e-02;5.540739e-02;8.590554e-02;6.134315e-02;1.926728e-02;7.540093e-02;3.840741e-01;4.913963e-02;5.914092e-02;2.084396e-02;4.604791e-02;7.956702e-02
1.102357e-01;5.735213e-02;7.585979e-02;2.968507e-02;2.208690e-02;9.909607e-02;3.396757e-01;1.871784e-02;5.731774e-02;2.692124e-02;5.579558e-02;1.072562e-01
4.621264e-02;6.095896e-02;8.686318e-02;4.459945e-02;1.684697e-02;1.104968e-01;3.415500e-01;2.108142e-02;5.296968e-02;2.510611e-02;8.324867e-02;1.100661e-01
9.470838e-02;4.305474e-02;9.158824e-02;6.779888e-02;2.546756e-02;9.361392e-02;3.195950e-01;3.040956e-02;3.072921e-02;3.390246e-02;9.766378e-02;7.146828e-02
1.275124e-01;3.646573e-02;1.418488e-01;5.214971e-02;3.290362e-02;7.340366e-02;2.161407e-01;2.347442e-02;4.227715e-02;5.488817e-02;1.065235e-01;9.241213e-02
1.171229e-01;5.002501e-02;1.610298e-01;4.000036e-02;3.155403e-02;5.198124e-02;1.751778e-01;3.589410e-02;6.628355e-02;6.417187e-02;9.917942e-02;1.075799e-01
1.121992e-01;4.573229e-02;1.200793e-01;4.771900e-02;4.024309e-02;6.071705e-02;1.909377e-01;4.325856e-02;8.415514e-02;5.482559e-02;9.338479e-02;1.067483e-01
1.648113e-01;6.401407e-02;8.548744e-02;6.311369e-02;3.756970e-02;5.754862e-02;1.175520e-01;7.980771e-02;7.951111e-02;5.986044e-02;8.866303e-02;1.020610e-01
1.814584e-01;5.127029e-02;9.483878e-02;5.338166e-02;3.036733e-02;4.797225e-02;9.184179e-02;9.319931e-02;6.757178e-02;4.319166e-02;6.280177e-02;1.821049e-01
1.876476e-01;7.145921e-02;8.640411e-02;4.977985e-02;2.520097e-02;4.548325e-02;1.211407e-01;4.532926e-02;5.009757e-02;4.699795e-02;5.552373e-02;2.149358e-01
1.267512e-01;9.022024e-02;8.530886e-02;5.432523e-02;2.922922e-02;4.742768e-02;1.265211e-01;4.946962e-02;6.077867e-02;5.361322e-02;7.435494e-02;2.020001e-01
1.115994e-01;1.076444e-01;6.225980e-02;4.124288e-02;4.484538e-02;4.730197e-02;1.991908e-01;4.459086e-02;5.312930e-02;4.819835e-02;6.494106e-02;1.750558e-01
1.539436e-01;9.863315e-02;8.665706e-02;3.698620e-02;5.595139e-02;5.024929e-02;2.288487e-01;4.316815e-02;3.675309e-02;5.956763e-02;5.605613e-02;9.318563e-02
1.558172e-01;8.408241e-02;8.023600e-02;6.475186e-02;4.332049e-02;6.527670e-02;2.454165e-01;6.640943e-02;4.430622e-02;4.180491e-02;4.798426e-02;6.059408e-02
1.513018e-01;9.897079e-02;6.786489e-02;5.622220e-02;5.496321e-02;6.402989e-02;1.680132e-01;4.940347e-02;8.905415e-02;4.806341e-02;3.501070e-02;1.171022e-01
9.908992e-02;9.466767e-02;1.139698e-01;8.132389e-02;7.281290e-02;5.061862e-02;7.976107e-02;4.184894e-02;1.126599e-01;8.838341e-02;6.007991e-02;1.047840e-01
9.142806e-02;8.029909e-02;1.404991e-01;9.802103e-02;8.055116e-02;5.186704e-02;4.947719e-02;6.990848e-02;1.042527e-01;9.125278e-02;5.426165e-02;8.818173e-02
1.089975e-01;5.987995e-02;1.403973e-01;1.074497e-01;7.931343e-02;5.235552e-02;2.381555e-02;9.789951e-02;1.037787e-01;8.675575e-02;5.592805e-02;8.342909e-02
9.265643e-02;1.306673e-01;1.953553e-01;9.777743e-02;6.440322e-02;2.343297e-02;7.098097e-02;7.972506e-02;7.854698e-02;6.287219e-02;5.465212e-02;4.893001e-02
1.531388e-01;1.778787e-01;2.559627e-01;6.757087e-02;4.886606e-02;2.291592e-02;7.791194e-02;5.616765e-02;5.988234e-02;2.914742e-02;1.941935e-02;3.113821e-02
2.105294e-01;1.788091e-01;2.065696e-01;4.675059e-02;5.985041e-02;2.143048e-02;8.308225e-02;8.654074e-02;4.896381e-02;1.623861e-02;1.280916e-02;2.842580e-02
2.892962e-01;1.571783e-01;1.319273e-01;2.523767e-02;8.337566e-02;1.415812e-02;7.586093e-02;1.384142e-01;2.978401e-02;9.818131e-03;9.369771e-03;3.557965e-02
3.565381e-01;7.823002e-02;8.090904e-02;1.763361e-02;1.158864e-01;9.922594e-03;4.993191e-02;1.914238e-01;3.182978e-02;1.282995e-02;1.256190e-02;4.230297e-02
3.566002e-01;9.361093e-02;8.041320e-02;1.003823e-02;1.120219e-01;1.146560e-02;5.009744e-02;1.663494e-01;4.866958e-02;1.332646e-02;1.520418e-02;4.220287e-02
3.036190e-01;1.789084e-01;1.501343e-01;1.212865e-02;7.127781e-02;1.416766e-02;3.809462e-02;1.139800e-01;6.545296e-02;9.051243e-03;1.352768e-02;2.965759e-02
2.005759e-01;2.319631e-01;2.360753e-01;1.901619e-02;3.659005e-02;2.292359e-02;3.169772e-02;8.585421e-02;9.834649e-02;9.261101e-03;1.187251e-02;1.582379e-02
9.059928e-02;2.654035e-01;3.441567e-01;2.188514e-02;2.748238e-02;2.192560e-02;2.351878e-02;6.083582e-02;1.010507e-01;1.471976e-02;1.358651e-02;1.483583e-02
8.272632e-02;2.123018e-01;4.624560e-01;2.532309e-02;1.441775e-02;1.067013e-02;1.987394e-02;3.643572e-02;7.710876e-02;3.820316e-02;9.698865e-03;1.078455e-02
9.742261e-02;1.279258e-01;5.416452e-01;4.164149e-02;1.937677e-02;1.545316e-02;1.459317e-02;2.341468e-02;4.730003e-02;5.210897e-02;9.224774e-03;9.893368e-03
1.080072e-01;5.368809e-02;5.194417e-01;9.420274e-02;4.347564e-02;2.270502e-02;1.942575e-02;3.071480e-02;2.970627e-02;4.159684e-02;2.506987e-02;1.196607e-02
1.099980e-01;7.411255e-02;3.326198e-01;1.501190e-01;9.843310e-02;3.474430e-02;2.642539e-02;5.121433e-02;4.425996e-02;1.646347e-02;4.404550e-02;1.756466e-02
1.064249e-01;7.405593e-02;2.016632e-01;1.783330e-01;1.586202e-01;4.634939e-02;3.130655e-02;5.896166e-02;5.702107e-02;1.651170e-02;5.019842e-02;2.055395e-02
8.478532e-02;4.793338e-02;2.324335e-01;1.653972e-01;1.597460e-01;6.486637e-02;7.507341e-02;5.721474e-02;3.804352e-02;1.361856e-02;3.359308e-02;2.729500e-02
6.408904e-02;4.953098e-02;3.993279e-01;1.228869e-01;1.292037e-01;5.348785e-02;6.322587e-02;5.490658e-02;1.791251e-02;1.540931e-02;1.183462e-02;1.818475e-02
4.337109e-02;4.533677e-02;4.919167e-01;8.933890e-02;1.121517e-01;5.260335e-02;5.813816e-02;5.756630e-02;9.421780e-03;1.442582e-02;1.293990e-02;1.278955e-02
2.840101e-02;4.702434e-02;4.770790e-01;7.343787e-02;1.307981e-01;6.515399e-02;7.099517e-02;4.479114e-02;1.588877e-02;1.472745e-02;1.913086e-02;1.257227e-02
3.851632e-02;3.129182e-02;4.977918e-01;8.382709e-02;1.316440e-01;5.409814e-02;5.707866e-02;3.034244e-02;2.274087e-02;1.712281e-02;2.149707e-02;1.404906e-02
3.813155e-02;3.354464e-02;5.904702e-01;6.485354e-02;8.396378e-02;3.374152e-02;6.010636e-02;2.135274e-02;2.599878e-02;2.273984e-02;1.338617e-02;1.171088e-02
3.506086e-02;6.446399e-02;6.585894e-01;4.545043e-02;3.650897e-02;1.423915e-02;5.087671e-02;2.127466e-02;2.176469e-02;2.678908e-02;8.077737e-03;1.690436e-02
6.132205e-02;9.697565e-02;6.147368e-01;5.070021e-02;2.302085e-02;1.299347e-02;2.958115e-02;3.726013e-02;2.506711e-02;1.761456e-02;8.994293e-03;2.173368e-02
1.395810e-01;1.472068e-01;4.675430e-01;4.644503e-02;3.310501e-02;1.981765e-02;2.221256e-02;5.647890e-02;1.488366e-02;1.934532e-02;1.328805e-02;2.009301e-02
1.988699e-01;1.741816e-01;3.332777e-01;3.780768e-02;2.794067e-02;2.382278e-02;4.680826e-02;5.478493e-02;2.206420e-02;2.655162e-02;2.309632e-02;3.079438e-02
1.792882e-01;1.765448e-01;2.899543e-01;5.094326e-02;3.125838e-02;3.486265e-02;5.623530e-02;4.249964e-02;2.995707e-02;3.088003e-02;4.320356e-02;3.437288e-02
1.040073e-01;1.431284e-01;2.792146e-01;6.844808e-02;4.588810e-02;5.419764e-02;7.923011e-02;4.211045e-02;3.704939e-02;4.527532e-02;5.673388e-02;4.471682e-02
1.329324e-01;1.115982e-01;3.267351e-01;5.713956e-02;6.842617e-02;4.351662e-02;6.878383e-02;3.765534e-02;3.106446e-02;4.312364e-02;4.724716e-02;3.177758e-02
1.360050e-01;1.178857e-01;3.434328e-01;6.451500e-02;7.533540e-02;3.881515e-02;6.852858e-02;4.572976e-02;3.214851e-02;2.728967e-02;3.766419e-02;1.265026e-02
1.233634e-01;1.003421e-01;3.640611e-01;7.949183e-02;6.041235e-02;3.276885e-02;7.574693e-02;3.624753e-02;4.466917e-02;3.495270e-02;2.584162e-02;2.210233e-02
8.310790e-02;7.408562e-02;3.827291e-01;7.071472e-02;4.881290e-02;3.521082e-02;8.336759e-02;3.884856e-02;6.086989e-02;4.740949e-02;3.852461e-02;3.631881e-02
7.500746e-02;4.916039e-02;3.821552e-01;5.793927e-02;5.996545e-02;3.569387e-02;8.812475e-02;4.162971e-02;6.693958e-02;4.873808e-02;5.993277e-02;3.471352e-02
9.149063e-02;5.189487e-02;4.099020e-01;5.102852e-02;6.973840e-02;3.025443e-02;5.304777e-02;5.045283e-02;5.098179e-02;4.896641e-02;5.528461e-02;3.695769e-02
7.927142e-02;6.302059e-02;3.953953e-01;6.004276e-02;6.577773e-02;4.026815e-02;4.176933e-02;6.863844e-02;6.054932e-02;5.997825e-02;3.494892e-02;3.033981e-02
7.675005e-02;6.542029e-02;2.633715e-01;1.006845e-01;7.177370e-02;5.210632e-02;6.054333e-02;9.581380e-02;6.374639e-02;6.759817e-02;4.318126e-02;3.901068e-02
8.807768e-02;5.059894e-02;1.161421e-01;1.443666e-01;6.998018e-02;6.126377e-02;1.030887e-01;1.092785e-01;6.211840e-02;7.796045e-02;7.191244e-02;4.521226e-02
7.586995e-02;5.498270e-02;1.294876e-01;1.517029e-01;4.887120e-02;5.379733e-02;1.243874e-01;8.703924e-02;6.944764e-02;9.753645e-02;7.352967e-02;3.334793e-02
8.502027e-02;8.321057e-02;1.014149e-01;1.666384e-01;5.203433e-02;6.234181e-02;1.186183e-01;7.824425e-02;4.845186e-02;7.997336e-02;8.387656e-02;4.017543e-02
9.940172e-02;7.861138e-02;1.661937e-01;1.554801e-01;4.746293e-02;6.003320e-02;5.347686e-02;6.577206e-02;6.748048e-02;8.907902e-02;6.284431e-02;5.416418e-02
8.609463e-02;5.112406e-02;1.429861e-01;1.160029e-01;4.487628e-02;7.148673e-02;1.376989e-01;5.756846e-02;7.919554e-02;1.093853e-01;3.853384e-02;6.504725e-02
7.302240e-02;5.407779e-02;1.246871e-01;8.262079e-02;6.467029e-02;7.407609e-02;1.751396e-01;8.508331e-02;5.262034e-02;1.053462e-01;3.589185e-02;7.276415e-02
8.976723e-02;5.747851e-02;1.032886e-01;4.391981e-02;7.768602e-02;5.797543e-02;1.500622e-01;9.730342e-02;6.129681e-02;9.809242e-02;5.767018e-02;1.054593e-01
8.353174e-02;7.242996e-02;1.047929e-01;3.803302e-02;7.708269e-02;3.963826e-02;1.087081e-01;1.023418e-01;8.516658e-02;9.168240e-02;7.507844e-02;1.215141e-01
6.473462e-02;8.164632e-02;1.604407e-01;6.808623e-02;7.264937e-02;5.754335e-02;7.895340e-02;9.735593e-02;7.244705e-02;9.252067e-02;4.847881e-02;1.051435e-01
9.934532e-02;6.861232e-02;1.410175e-01;1.232149e-01;5.427496e-02;4.575792e-02;6.066404e-02;7.225565e-02;1.064778e-01;1.004357e-01;5.507245e-02;7.287142e-02
9.962471e-02;7.286903e-02;1.206829e-01;1.448821e-01;3.751031e-02;4.261855e-02;7.563639e-02;3.654743e-02;1.572840e-01;9.022713e-02;4.360582e-02;7.851160e-02
7.400675e-02;9.892239e-02;9.349269e-02;1.462617e-01;4.534281e-02;4.718689e-02;6.640484e-02;2.243940e-02;1.572734e-01;1.006405e-01;5.913468e-02;8.889402e-02
5.908637e-02;1.107205e-01;8.680551e-02;1.204021e-01;3.971775e-02;5.039464e-02;7.491648e-02;3.978350e-02;1.530638e-01;9.057839e-02;1.015119e-01;7.301908e-02
5.059480e-02;7.371092e-02;1.062559e-01;1.041862e-01;5.551379e-02;4.993628e-02;9.557204e-02;6.551871e-02;1.702652e-01;8.266668e-02;1.025384e-01;4.324101e-02
8.257782e-02;5.719951e-02;8.192238e-02;1.093157e-01;6.242243e-02;5.469896e-02;1.281730e-01;8.675899e-02;1.484249e-01;7.210543e-02;6.660490e-02;4.979594e-02
8.728474e-02;6.593168e-02;7.440372e-02;1.207249e-01;3.925335e-02;4.103962e-02;1.488578e-01;5.919032e-02;8.255199e-02;1.273236e-01;9.993466e-02;5.350374e-02
7.044832e-02;9.779865e-02;1.032295e-01;1.235185e-01;2.960322e-02;2.475977e-02;1.158751e-01;2.663373e-02;7.097895e-02;1.372968e-01;1.238793e-01;7.597823e-02
7.591298e-02;1.044042e-01;1.196587e-01;1.183667e-01;4.650525e-02;3.123896e-02;6.986740e-02;3.036232e-02;1.139819e-01;8.661383e-02;1.340042e-01;6.908341e-02
8.167206e-02;8.455455e-02;1.402696e-01;9.586968e-02;7.325178e-02;5.352008e-02;6.631192e-02;3.414633e-02;1.281693e-01;8.573975e-02;1.226151e-01;3.387986e-02
5.943874e-02;7.713089e-02;1.265644e-01;7.083636e-02;7.268129e-02;5.305777e-02;7.774874e-02;5.655816e-02;8.647399e-02;1.694707e-01;9.925114e-02;5.078790e-02
6.358848e-02;5.192588e-02;8.817876e-02;6.087093e-02;6.818244e-02;6.742208e-02;9.562121e-02;9.825516e-02;9.174038e-02;1.738928e-01;7.176586e-02;6.855603e-02
6.585681e-02;3.747733e-02;1.148584e-01;6.513227e-02;7.802928e-02;7.791518e-02;1.278898e-01;7.524142e-02;9.255469e-02;1.065849e-01;8.536503e-02;7.309489e-02
6.887008e-02;3.764246e-02;1.219469e-01;6.906903e-02;5.796533e-02;8.441541e-02;1.267906e-01;5.970232e-02;1.089300e-01;1.180616e-01;8.622345e-02;6.038277e-02
6.209517e-02;2.591660e-02;1.364417e-01;7.625472e-02;4.455008e-02;7.996359e-02;8.332644e-02;7.506686e-02;1.591310e-01;1.524983e-01;6.376488e-02;4.099062e-02
4.120823e-02;5.049868e-02;1.341484e-01;7.492170e-02;5.470330e-02;6.777907e-02;1.448878e-01;4.732255e-02;1.998895e-01;1.012151e-01;5.003789e-02;3.338774e-02
8.803970e-02;6.330859e-02;1.623226e-01;3.948816e-02;6.200521e-02;6.911093e-02;1.972181e-01;9.209643e-02;1.128658e-01;4.111984e-02;3.417095e-02;3.825364e-02
1.272613e-01;6.755808e-02;1.381879e-01;2.533952e-02;5.570426e-02;5.606032e-02;1.877615e-01;1.453623e-01;9.234827e-02;4.178044e-02;2.626938e-02;3.636670e-02
1.793501e-01;7.940632e-02;1.097651e-01;1.329771e-02;4.773188e-02;3.866179e-02;1.630702e-01;1.986176e-01;7.930292e-02;3.840112e-02;2.220990e-02;3.018534e-02
2.357282e-01;1.048401e-01;1.130249e-01;1.456519e-02;3.953754e-02;2.374608e-02;1.142689e-01;2.204835e-01;5.623927e-02;3.129664e-02;2.249356e-02;2.377617e-02
2.899150e-01;1.100103e-01;1.424050e-01;1.793854e-02;4.680519e-02;2.093885e-02;4.944859e-02;2.022339e-01;4.022510e-02;1.941976e-02;2.871918e-02;3.194062e-02
3.099554e-01;7.542926e-02;1.349877e-01;1.550262e-02;6.944888e-02;1.818436e-02;4.538836e-02;2.009246e-01;2.254136e-02;1.797331e-02;3.734883e-02;5.231538e-02
2.958044e-01;3.822397e-02;1.148394e-01;1.324115e-02;7.680141e-02;1.505914e-02;5.656283e-02;2.130375e-01;3.061055e-02;3.287682e-02;4.278869e-02;7.015418e-02
2.794993e-01;4.671481e-02;1.202377e-01;1.705372e-02;4.948949e-02;3.148581e-02;8.398344e-02;1.751209e-01;3.432371e-02;4.579315e-02;4.640195e-02;6.989606e-02
2.349191e-01;5.813417e-02;1.343360e-01;3.350713e-02;3.894806e-02;4.736531e-02;8.394175e-02;1.498643e-01;3.322449e-02;7.169653e-02;6.615660e-02;4.790660e-02
1.824902e-01;7.258531e-02;1.045517e-01;3.978661e-02;5.296781e-02;5.687786e-02;1.093460e-01;1.402381e-01;5.137685e-02;8.387328e-02;7.084960e-02;3.505662e-02
1.567174e-01;7.533517e-02;6.784599e-02;2.977773e-02;7.294583e-02;3.977098e-02;1.443035e-01;1.630256e-01;7.548219e-02;6.339037e-02;5.986698e-02;5.153819e-02
1.223660e-01;7.146861e-02;9.472468e-02;1.903263e-02;7.587010e-02;2.445270e-02;1.361701e-01;1.976291e-01;9.114659e-02;6.562252e-02;6.338190e-02;3.813505e-02
1.496932e-01;6.153948e-02;9.711634e-02;2.519179e-02;5.871428e-02;4.109068e-02;1.000041e-01;1.958582e-01;9.891596e-02;6.347735e-02;6.949905e-02;3.889966e-02
1.081853e-01;4.070550e-02;1.164045e-01;6.282749e-02;5.838211e-02;6.361821e-02;8.022426e-02;1.751903e-01;8.524678e-02;7.406826e-02;6.642688e-02;6.872039e-02
5.611709e-02;5.571854e-02;1.277979e-01;7.349036e-02;4.781028e-02;7.367732e-02;1.305396e-01;1.327224e-01;9.417909e-02;8.992087e-02;5.954593e-02;5.848066e-02
8.258328e-02;1.219387e-01;2.569815e-01;6.217960e-02;3.623750e-02;5.993202e-02;8.861337e-02;5.094460e-02;1.276951e-01;5.398252e-02;3.163403e-02;2.727774e-02
1.299320e-01;1.877729e-01;2.402975e-01;3.532390e-02;2.646980e-02;3.028954e-02;4.133081e-02;2.376338e-02;2.099473e-01;4.240139e-02;1.724611e-02;1.522541e-02
1.688129e-01;2.170788e-01;1.671201e-01;1.413943e-02;1.706992e-02;1.096088e-02;2.618997e-02;4.414853e-02;2.752686e-01;3.634274e-02;9.388180e-03;1.347997e-02
1.458344e-01;2.102997e-01;1.365469e-01;1.213248e-02;1.595215e-02;1.745972e-02;2.139650e-02;3.825479e-02;3.423775e-01;4.223563e-02;8.881351e-03;8.628833e-03
1.372307e-01;1.853079e-01;1.091343e-01;1.128152e-02;2.561430e-02;1.789151e-02;2.691803e-02;7.108326e-02;3.553214e-01;4.435002e-02;7.961586e-03;7.905382e-03
1.752294e-01;1.660753e-01;8.354575e-02;8.148870e-03;2.215746e-02;8.740865e-03;4.256497e-02;1.407118e-01;2.813146e-01;4.378447e-02;1.251668e-02;1.520987e-02
2.135877e-01;1.560969e-01;9.385788e-02;1.028426e-02;2.355307e-02;1.181610e-02;6.222219e-02;2.292098e-01;1.147592e-01;4.012165e-02;2.388073e-02;2.061051e-02
2.175798e-01;1.400257e-01;9.272461e-02;7.732820e-03;3.391889e-02;2.666880e-02;6.566738e-02;2.410128e-01;1.006049e-01;2.654508e-02;2.777521e-02;1.974396e-02
1.754148e-01;1.339518e-01;1.070006e-01;1.105427e-02;4.561412e-02;3.624166e-02;1.215456e-01;2.101585e-01;8.731740e-02;1.771808e-02;2.209759e-02;3.188569e-02
1.281249e-01;1.428428e-01;1.363620e-01;2.032615e-02;5.155059e-02;3.017260e-02;1.414001e-01;1.754202e-01;7.824300e-02;2.158962e-02;4.326253e-02;3.070560e-02
2.420431e-01;1.569363e-01;1.673061e-01;2.004278e-02;3.784198e-02;1.797592e-02;7.941998e-02;1.349566e-01;7.044752e-02;1.535372e-02;3.314737e-02;2.452867e-02
3.221320e-01;1.503809e-01;1.376367e-01;1.131888e-02;4.818765e-02;1.256463e-02;3.142167e-02;1.482569e-01;7.884966e-02;1.446075e-02;1.984716e-02;2.494302e-02
3.349505e-01;1.377014e-01;1.068204e-01;2.106598e-02;5.883795e-02;1.434683e-02;3.854728e-02;1.273423e-01;9.132142e-02;2.589491e-02;1.660613e-02;2.656480e-02
3.367239e-01;1.681006e-01;8.008395e-02;2.678466e-02;6.625302e-02;2.226572e-02;6.586305e-02;7.427019e-02;8.321337e-02;3.014661e-02;1.446925e-02;3.182571e-02
3.250314e-01;1.789421e-01;1.589944e-01;1.650810e-02;6.457645e-02;1.939281e-02;5.306392e-02;6.553479e-02;4.111676e-02;1.827997e-02;1.628517e-02;4.227416e-02
2.818188e-01;1.412194e-01;1.633090e-01;1.505619e-02;3.510004e-02;1.029715e-02;5.613794e-02;1.149567e-01;6.683839e-02;1.983341e-02;3.418951e-02;6.124352e-02
1.929907e-01;6.212933e-02;1.531366e-01;2.318342e-02;3.263387e-02;2.107766e-02;8.940673e-02;1.480605e-01;1.288791e-01;3.354314e-02;5.252934e-02;6.242957e-02
1.766701e-01;7.594466e-02;1.003498e-01;1.879259e-02;6.743663e-02;4.368551e-02;9.123788e-02;1.429631e-01;1.445587e-01;4.681723e-02;6.141884e-02;3.012498e-02
2.257530e-01;1.017330e-01;4.851343e-02;1.006557e-02;6.894186e-02;3.673931e-02;8.457790e-02;1.506288e-01;1.082676e-01;5.458509e-02;7.566761e-02;3.452680e-02
2.233689e-01;9.803905e-02;6.851240e-02;2.464742e-02;5.129682e-02;3.750673e-02;7.707556e-02;1.503721e-01;9.332949e-02;6.312349e-02;6.575216e-02;4.697586e-02
1.954653e-01;9.942579e-02;1.216751e-01;2.992354e-02;4.431665e-02;3.885991e-02;5.564985e-02;1.081015e-01;1.520521e-01;7.111745e-02;5.044546e-02;3.296728e-02
2.017140e-01;1.154836e-01;1.602062e-01;2.289119e-02;4.682736e-02;2.125608e-02;5.407242e-02;1.279758e-01;1.598057e-01;3.358381e-02;3.187454e-02;2.430934e-02
2.386333e-01;1.175759e-01;1.558062e-01;1.645234e-02;5.007365e-02;9.917484e-03;2.420892e-02;1.545647e-01;1.484961e-01;2.897997e-02;2.643129e-02;2.886011e-02
2.713311e-01;9.598324e-02;1.254253e-01;1.620899e-02;5.654396e-02;8.291142e-03;2.398131e-02;1.854317e-01;1.251080e-01;3.194295e-02;3.143773e-02;2.831456e-02
2.821823e-01;6.949774e-02;8.985472e-02;2.171819e-02;6.123685e-02;1.216371e-02;5.092800e-02;2.184547e-01;8.217228e-02;4.209310e-02;3.302314e-02;3.667522e-02
2.546320e-01;5.298611e-02;6.777093e-02;3.067783e-02;5.628875e-02;1.709997e-02;9.724420e-02;2.250254e-01;6.939207e-02;4.964023e-02;3.136384e-02;4.787867e-02
2.175319e-01;5.827831e-02;9.892698e-02;2.916214e-02;3.693313e-02;2.021170e-02;1.456955e-01;1.849706e-01;7.439460e-02;5.492600e-02;2.381442e-02;5.515472e-02
2.275924e-01;5.564428e-02;1.266084e-01;3.061751e-02;3.221039e-02;2.525153e-02;1.728321e-01;1.373070e-01;6.743989e-02;4.854938e-02;1.664650e-02;5.930065e-02
2.311099e-01;5.085489e-02;1.331964e-01;3.794015e-02;4.805605e-02;2.418311e-02;1.747133e-01;1.364311e-01;5.177862e-02;4.019995e-02;1.764227e-02;5.389420e-02
2.320874e-01;4.171988e-02;1.245084e-01;3.972610e-02;6.881348e-02;3.404661e-02;1.495360e-01;1.573093e-01;5.540929e-02;3.341048e-02;2.618251e-02;3.725063e-02
2.338901e-01;6.635311e-02;1.588695e-01;3.738772e-02;9.102295e-02;4.174557e-02;1.259424e-01;1.105144e-01;4.313083e-02;3.438248e-02;2.823935e-02;2.852158e-02
2.575607e-01;8.612908e-02;1.867522e-01;2.806308e-02;1.020298e-01;3.515982e-02;8.970167e-02;9.347996e-02;3.741864e-02;3.047051e-02;2.370933e-02;2.952527e-02
2.439446e-01;1.027921e-01;1.751543e-01;3.335907e-02;8.230899e-02;1.731190e-02;5.871195e-02;1.138254e-01;1.099357e-01;1.902109e-02;2.201533e-02;2.161958e-02
2.110122e-01;1.342251e-01;1.728648e-01;3.809410e-02;4.902699e-02;1.567655e-02;4.377037e-02;7.185127e-02;2.064591e-01;2.077439e-02;1.949750e-02;1.674768e-02
1.799531e-01;1.679318e-01;1.824019e-01;3.325482e-02;2.934102e-02;1.905565e-02;3.008563e-02;4.291091e-02;2.488600e-01;3.272663e-02;1.609595e-02;1.738252e-02
1.818778e-01;1.836659e-01;1.595116e-01;3.370738e-02;3.140895e-02;1.213296e-02;2.939713e-02;7.599401e-02;2.282511e-01;4.036024e-02;8.941495e-03;1.475150e-02
1.796792e-01;2.010674e-01;1.638037e-01;3.198962e-02;2.345834e-02;1.898948e-02;2.801441e-02;6.642379e-02;2.124728e-01;4.043483e-02;9.832178e-03;2.383429e-02
1.604315e-01;2.305575e-01;2.017586e-01;3.302155e-02;1.813898e-02;1.994976e-02;2.136556e-02;5.674548e-02;1.979389e-01;2.988071e-02;9.910335e-03;2.030104e-02
1.533161e-01;2.305119e-01;1.980819e-01;3.077925e-02;1.656565e-02;1.918235e-02;4.763791e-02;7.391173e-02;1.725286e-01;2.868820e-02;9.594101e-03;1.920243e-02
1.664656e-01;1.982474e-01;2.288424e-01;2.466766e-02;1.888769e-02;1.905840e-02;8.289608e-02;5.304608e-02;1.381750e-01;3.660003e-02;1.368916e-02;1.942455e-02
1.411525e-01;1.280520e-01;4.160614e-01;2.597879e-02;2.197205e-02;1.671561e-02;7.394791e-02;1.991300e-02;9.159041e-02;3.254417e-02;1.825279e-02;1.381937e-02
7.254785e-02;1.274054e-01;5.556294e-01;2.400005e-02;2.187516e-02;1.545569e-02;2.670307e-02;2.369291e-02;8.619351e-02;2.217201e-02;1.264208e-02;1.168284e-02
3.922289e-02;1.136764e-01;5.859880e-01;2.561691e-02;9.562293e-03;1.559506e-02;2.836465e-02;2.880476e-02;1.144171e-01;2.098329e-02;4.570308e-03;1.319833e-02
2.358154e-02;9.362113e-02;5.991785e-01;2.579822e-02;1.446396e-02;1.578353e-02;2.091600e-02;4.185333e-02;1.083977e-01;2.965438e-02;7.172205e-03;1.957952e-02
2.354772e-02;9.851073e-02;6.676827e-01;2.842482e-02;1.843829e-02;1.817899e-02;1.883889e-02;2.379954e-02;4.738018e-02;2.793663e-02;5.103923e-03;2.215762e-02
2.823753e-02;1.002517e-01;6.685227e-01;2.684300e-02;1.014834e-02;1.740027e-02;1.648525e-02;2.774255e-02;5.027670e-02;2.623664e-02;8.296093e-03;1.955930e-02
1.240476e-02;1.202445e-01;6.336906e-01;2.507189e-02;1.688563e-02;2.225178e-02;1.973129e-02;2.485741e-02;7.287471e-02;2.521748e-02;6.797194e-03;1.997283e-02
4.526630e-02;1.378060e-01;5.888364e-01;2.808495e-02;1.431152e-02;2.289692e-02;1.972017e-02;1.779327e-02;8.402509e-02;1.869725e-02;4.951286e-03;1.761086e-02
9.623415e-02;1.732921e-01;5.135465e-01;2.824443e-02;1.401084e-02;1.736685e-02;1.095981e-02;1.884955e-02;9.444975e-02;1.379538e-02;5.822442e-03;1.342817e-02
1.538208e-01;1.967779e-01;4.135137e-01;2.221265e-02;1.641641e-02;1.252647e-02;4.042494e-02;2.845811e-02;8.476377e-02;1.149019e-02;7.993640e-03;1.160140e-02
2.291560e-01;1.787606e-01;2.675066e-01;1.964810e-02;2.919046e-02;1.814416e-02;7.791713e-02;5.556316e-02;7.879797e-02;1.287227e-02;1.308257e-02;1.936105e-02
2.733521e-01;1.271754e-01;1.421453e-01;2.745487e-02;3.537014e-02;1.622876e-02;1.062859e-01;7.473718e-02;1.004337e-01;2.849751e-02;2.066585e-02;4.765328e-02
2.191766e-01;7.896031e-02;1.242782e-01;4.336586e-02;3.136955e-02;1.733954e-02;1.374007e-01;7.203090e-02;1.241993e-01;4.245451e-02;2.469134e-02;8.473315e-02
1.025379e-01;5.512579e-02;2.319293e-01;5.800773e-02;1.839242e-02;2.258879e-02;1.734596e-01;4.256593e-02;8.219551e-02;4.921063e-02;4.245885e-02;1.215275e-01
7.952116e-02;5.693903e-02;2.510742e-01;4.801997e-02;9.259317e-03;3.210637e-02;1.790650e-01;4.428593e-02;5.842187e-02;4.462444e-02;6.092947e-02;1.357532e-01
6.313898e-02;4.397043e-02;2.410571e-01;3.438868e-02;1.888110e-02;3.748916e-02;1.583274e-01;6.800736e-02;6.702693e-02;5.888450e-02;7.369749e-02;1.351308e-01
1.143272e-01;2.698618e-02;2.179239e-01;2.977914e-02;1.963912e-02;3.654636e-02;1.435221e-01;7.107854e-02;7.949205e-02;5.989128e-02;6.493369e-02;1.358805e-01
6.841744e-02;2.360242e-02;1.935512e-01;1.799807e-02;2.531685e-02;4.909357e-02;1.309149e-01;5.994665e-02;1.470236e-01;5.819114e-02;9.827423e-02;1.276699e-01
7.642507e-02;3.351999e-02;1.758191e-01;1.123350e-02;1.933032e-02;7.051893e-02;9.796479e-02;5.771505e-02;1.604338e-01;4.709727e-02;1.344210e-01;1.155211e-01
1.541960e-01;6.034184e-02;1.669399e-01;1.778845e-02;2.829487e-02;6.983007e-02;7.840315e-02;3.045657e-02;1.086529e-01;5.664395e-02;1.254318e-01;1.030205e-01
1.310923e-01;7.676019e-02;1.082723e-01;2.380824e-02;5.539171e-02;5.789540e-02;1.508188e-01;4.160376e-02;8.992117e-02;7.896950e-02;1.073575e-01;7.810903e-02
1.071895e-01;5.373289e-02;6.533498e-02;2.019782e-02;5.756987e-02;6.278048e-02;2.230276e-01;4.603159e-02;7.965881e-02;8.177436e-02;1.112438e-01;9.145835e-02
8.290913e-02;3.579418e-02;9.852338e-02;9.930977e-03;4.061886e-02;8.301152e-02;1.866466e-01;3.900547e-02;9.473880e-02;6.755113e-02;1.691356e-01;9.213443e-02
6.383540e-02;3.429827e-02;1.240390e-01;2.210562e-02;3.746862e-02;1.143983e-01;6.480204e-02;2.675838e-02;1.047098e-01;9.899667e-02;2.436718e-01;6.491617e-02
9.094956e-02;4.264656e-02;1.517010e-01;1.146641e-02;3.216234e-02;1.147354e-01;6.562283e-02;1.729671e-02;5.412836e-02;1.236365e-01;2.375526e-01;5.810160e-02
4.825069e-02;5.863959e-02;1.477792e-01;1.849833e-02;2.291634e-02;1.172247e-01;4.977055e-02;2.784396e-02;6.236752e-02;1.226280e-01;2.246855e-01;9.939568e-02
1.210789e-01;7.899634e-02;1.582706e-01;3.416675e-02;4.714755e-02;1.018602e-01;7.461260e-02;2.941307e-02;4.955303e-02;7.797831e-02;1.383886e-01;8.853412e-02
9.376681e-02;8.344516e-02;1.206615e-01;4.769058e-02;7.686526e-02;1.388091e-01;9.854779e-02;2.051691e-02;3.690394e-02;9.518600e-02;1.306366e-01;5.697036e-02
7.946958e-02;7.418609e-02;8.130227e-02;3.381110e-02;9.161076e-02;1.882470e-01;9.926952e-02;1.484015e-02;2.526949e-02;1.136747e-01;1.704080e-01;2.791134e-02
7.620350e-02;6.282774e-02;6.887976e-02;3.874251e-02;1.167598e-01;2.167187e-01;6.475247e-02;1.266219e-02;2.075596e-02;1.245885e-01;1.701633e-01;2.694559e-02
6.918664e-02;7.092858e-02;7.401741e-02;4.219114e-02;1.225224e-01;2.296825e-01;7.045805e-02;1.694277e-02;1.793658e-02;1.098074e-01;1.526274e-01;2.369910e-02
3.927574e-02;9.458458e-02;6.368405e-02;3.608382e-02;1.289868e-01;2.230095e-01;6.048015e-02;2.470441e-02;1.985041e-02;1.121872e-01;1.727096e-01;2.444378e-02
4.178145e-02;1.075644e-01;6.204769e-02;3.645783e-02;1.338812e-01;1.824370e-01;4.903939e-02;2.314393e-02;1.643662e-02;1.421238e-01;1.684806e-01;3.660598e-02
4.248782e-02;1.221841e-01;7.059030e-02;2.856663e-02;1.364865e-01;1.142657e-01;3.672558e-02;2.095390e-02;3.254781e-02;1.819292e-01;1.726502e-01;4.061213e-02
4.801363e-02;1.311705e-01;7.813481e-02;4.960072e-02;1.193972e-01;5.589572e-02;5.652124e-02;3.414967e-02;4.249157e-02;2.035516e-01;1.421147e-01;3.895860e-02
6.264469e-02;1.166210e-01;9.022308e-02;5.813488e-02;9.994575e-02;6.238612e-02;7.978394e-02;4.165648e-02;6.404261e-02;2.090191e-01;7.001863e-02;4.552364e-02
6.552786e-02;5.949572e-02;1.167654e-01;6.486667e-02;7.667144e-02;6.783126e-02;6.729285e-02;3.918270e-02;1.064297e-01;2.195766e-01;7.625794e-02;4.010187e-02
8.976831e-02;5.301611e-02;1.121421e-01;6.364267e-02;8.276196e-02;6.809548e-02;5.787356e-02;3.974202e-02;1.058103e-01;1.947141e-01;1.054744e-01;2.695894e-02
5.409613e-02;4.436182e-02;1.266069e-01;6.308129e-02;7.362916e-02;7.962643e-02;1.133718e-01;4.384640e-02;9.157379e-02;1.587066e-01;1.258944e-01;2.520539e-02
5.518529e-02;5.934191e-02;1.021670e-01;8.010655e-02;7.980849e-02;9.038115e-02;1.065678e-01;4.576136e-02;7.861534e-02;1.563349e-01;1.170521e-01;2.867818e-02
5.404265e-02;5.487709e-02;1.095373e-01;8.554263e-02;7.435765e-02;9.502435e-02;4.395970e-02;3.847702e-02;7.182902e-02;1.994788e-01;1.323840e-01;4.048985e-02
4.316110e-02;4.232104e-02;8.549821e-02;9.126109e-02;1.083108e-01;9.409476e-02;4.805507e-02;4.729929e-02;6.646810e-02;2.072642e-01;1.163822e-01;4.988419e-02
4.389232e-02;3.137036e-02;7.895373e-02;8.804675e-02;9.897164e-02;8.162797e-02;9.312490e-02;3.521221e-02;5.584361e-02;2.086798e-01;1.484042e-01;3.587256e-02
4.902146e-02;2.599420e-02;7.433973e-02;6.146172e-02;8.950396e-02;8.647447e-02;6.849086e-02;3.142439e-02;3.913246e-02;2.267170e-01;1.991917e-01;4.824810e-02
5.737563e-02;2.376733e-02;8.809476e-02;4.296258e-02;5.767724e-02;6.360588e-02;8.724466e-02;3.585014e-02;4.252626e-02;2.255162e-01;2.269027e-01;4.847659e-02
4.909622e-02;3.791938e-02;9.829387e-02;3.150163e-02;4.842016e-02;4.828503e-02;6.894854e-02;3.425731e-02;5.926817e-02;2.146479e-01;2.560727e-01;5.328903e-02
3.743056e-02;1.973202e-02;1.031770e-01;3.715719e-02;6.348622e-02;6.961317e-02;6.247990e-02;3.258869e-02;5.749432e-02;1.797935e-01;2.852844e-01;5.176304e-02
4.938290e-02;1.549895e-02;1.188143e-01;3.842274e-02;6.040528e-02;1.035900e-01;7.282998e-02;3.506332e-02;6.389739e-02;1.203778e-01;2.675911e-01;5.412629e-02
8.452080e-02;2.077267e-02;1.205411e-01;2.428899e-02;5.085126e-02;8.529777e-02;8.440948e-02;2.843116e-02;6.277113e-02;9.755614e-02;2.480103e-01;9.254918e-02
6.715657e-02;3.557995e-02;1.663376e-01;2.981547e-02;3.168356e-02;4.414820e-02;8.382028e-02;3.216613e-02;4.929091e-02;1.345613e-01;2.181724e-01;1.072677e-01
7.584900e-02;4.923386e-02;1.453263e-01;4.100650e-02;3.219116e-02;4.137724e-02;8.531047e-02;4.213319e-02;5.433305e-02;1.239885e-01;1.980738e-01;1.111769e-01
6.757291e-02;3.923034e-02;1.323380e-01;3.978448e-02;3.757927e-02;4.788461e-02;9.810855e-02;4.274973e-02;7.062840e-02;9.582271e-02;1.865273e-01;1.417736e-01
7.140024e-02;4.347949e-02;1.265679e-01;2.390162e-02;2.525636e-02;6.217409e-02;1.002343e-01;3.955058e-02;5.913768e-02;1.153844e-01;2.084248e-01;1.244886e-01
2.688233e-02;5.522761e-02;6.612162e-02;3.099129e-02;3.334357e-02;7.483852e-02;1.386803e-01;4.310171e-02;5.945750e-02;1.338538e-01;2.434595e-01;9.404222e-02
6.549308e-02;6.360581e-02;1.135288e-01;6.552625e-02;4.087093e-02;6.746612e-02;1.251608e-01;4.495448e-02;7.336817e-02;1.157398e-01;1.788733e-01;4.541239e-02
6.358791e-02;4.897278e-02;9.673098e-02;9.708254e-02;5.464747e-02;8.159486e-02;1.161658e-01;5.063815e-02;9.910901e-02;1.038554e-01;1.210876e-01;6.652755e-02
3.047799e-02;7.048680e-02;7.072011e-02;1.047409e-01;1.015624e-01;7.253392e-02;8.868179e-02;7.436700e-02;9.838685e-02;9.995478e-02;9.990754e-02;8.817995e-02
7.869124e-02;1.136985e-01;1.148712e-01;6.603797e-02;1.042562e-01;6.600475e-02;8.535562e-02;7.786561e-02;7.428738e-02;7.793039e-02;6.866174e-02;7.233940e-02
1.402553e-01;1.244530e-01;1.105929e-01;6.319188e-02;7.047206e-02;7.517188e-02;1.048347e-01;6.642116e-02;7.573189e-02;5.978880e-02;3.801830e-02;7.106813e-02
1.029949e-01;9.033792e-02;1.215727e-01;8.880985e-02;6.222664e-02;9.144053e-02;1.143338e-01;7.629506e-02;6.132239e-02;6.398370e-02;5.406601e-02;7.261659e-02
1.035951e-01;8.597996e-02;1.048207e-01;7.877164e-02;5.941154e-02;8.648744e-02;1.536277e-01;7.871715e-02;6.178530e-02;7.185190e-02;6.011026e-02;5.484130e-02
1.300653e-01;7.381630e-02;8.750399e-02;4.547143e-02;6.299213e-02;1.047945e-01;1.266115e-01;7.946981e-02;6.311740e-02;9.154924e-02;7.248254e-02;6.212597e-02
9.109718e-02;6.953521e-02;9.287461e-02;6.207010e-02;7.511371e-02;1.306274e-01;7.973409e-02;1.106107e-01;7.792898e-02;9.709042e-02;5.311169e-02;6.020593e-02
5.246815e-02;6.952843e-02;5.588639e-02;6.935062e-02;8.005444e-02;1.053192e-01;1.503264e-01;1.409486e-01;6.218603e-02;1.068088e-01;3.657169e-02;7.055124e-02
4.620941e-02;4.173345e-02;1.103518e-01;5.902627e-02;7.054213e-02;9.344276e-02;1.687998e-01;1.316161e-01;5.581678e-02;1.180750e-01;3.163404e-02;7.275252e-02
4.176600e-02;3.270033e-02;1.288091e-01;9.596921e-02;7.327260e-02;5.845154e-02;1.821585e-01;1.215659e-01;5.647451e-02;1.040680e-01;3.657272e-02;6.819149e-02
5.221470e-02;3.856527e-02;1.222307e-01;8.326118e-02;8.389890e-02;5.116086e-02;1.644363e-01;1.350301e-01;8.126204e-02;8.748076e-02;3.944677e-02;6.101244e-02
8.469921e-02;4.711258e-02;1.381701e-01;6.800197e-02;7.760516e-02;5.050889e-02;1.452686e-01;9.227257e-02;9.128414e-02;9.090374e-02;4.830335e-02;6.586959e-02
8.718478e-02;7.992273e-02;1.452707e-01;7.639398e-02;5.899692e-02;5.089619e-02;1.681880e-01;7.976545e-02;7.330281e-02;1.199497e-01;3.889337e-02;2.123536e-02
7.483670e-02;6.577379e-02;2.780708e-01;5.456756e-02;6.134967e-02;4.187667e-02;1.984662e-01;6.777111e-02;3.138167e-02;4.905020e-02;5.307075e-02;2.378486e-02
5.807360e-02;6.372913e-02;3.981478e-01;3.697983e-02;6.172336e-02;3.714276e-02;1.609272e-01;3.895802e-02;6.066158e-02;3.741819e-02;3.165682e-02;1.458171e-02
4.177839e-02;8.551092e-02;4.977955e-01;3.400814e-02;3.724584e-02;2.470414e-02;1.001665e-01;4.099783e-02;7.597912e-02;3.407621e-02;1.792088e-02;9.816602e-03
2.825317e-02;9.590706e-02;6.085113e-01;3.113895e-02;1.194962e-02;1.327040e-02;5.176700e-02;3.420110e-02;7.636916e-02;2.980966e-02;1.109664e-02;7.725990e-03
1.286048e-02;7.529575e-02;6.957062e-01;3.445248e-02;1.713975e-02;1.469303e-02;2.764782e-02;1.880287e-02;4.444355e-02;4.615205e-02;5.392515e-03;7.413528e-03
1.125245e-02;3.956605e-02;7.553726e-01;4.338934e-02;1.682871e-02;1.522960e-02;3.167780e-02;9.109781e-03;1.239371e-02;5.325187e-02;5.042620e-03;6.885512e-03
1.220832e-02;1.957622e-02;7.247729e-01;6.161486e-02;4.672128e-02;2.105271e-02;4.629580e-02;7.632755e-03;1.374689e-02;2.903866e-02;1.279246e-02;4.547163e-03
8.240324e-03;1.420726e-02;6.328183e-01;8.877199e-02;9.531274e-02;3.383314e-02;3.842906e-02;1.469435e-02;1.356899e-02;1.840897e-02;3.602983e-02;5.685025e-03
8.209289e-03;9.229769e-03;4.330722e-01;1.064129e-01;1.826265e-01;6.535140e-02;6.159045e-02;2.280868e-02;1.283622e-02;2.806635e-02;5.110230e-02;1.869394e-02
