1.196572e-01;1.132346e-01;1.036404e-01;5.730484e-02;5.190277e-02;1.779769e-01;5.512365e-02;1.218605e-01;6.888421e-02;5.241602e-02;4.321877e-02;3.478013e-02
1.010658e-01;1.196391e-01;1.215526e-01;4.528044e-02;5.466534e-02;1.444836e-01;5.877542e-02;1.066948e-01;8.649932e-02;6.375291e-02;5.259263e-02;4.499792e-02
9.550657e-02;8.981035e-02;1.327099e-01;3.172845e-02;3.136976e-02;1.379282e-01;4.792862e-02;8.245686e-02;7.422327e-02;7.132368e-02;7.444455e-02;1.305697e-01
1.200306e-01;9.769826e-02;1.099578e-01;2.570251e-02;3.757780e-02;1.222533e-01;4.732513e-02;6.327869e-02;7.201380e-02;4.392376e-02;1.043516e-01;1.558866e-01
1.066097e-01;7.765944e-02;7.679678e-02;2.976446e-02;6.060626e-02;1.041750e-01;5.539500e-02;1.029356e-01;1.322197e-01;6.442251e-02;8.172255e-02;1.076930e-01
5.338176e-02;6.479220e-02;6.920344e-02;3.896830e-02;9.912787e-02;8.695799e-02;3.200323e-02;1.467612e-01;2.237818e-01;9.475589e-02;5.167603e-02;3.859026e-02
1.383680e-02;7.047420e-02;7.287645e-02;4.247657e-02;1.295052e-01;8.727654e-02;2.570041e-02;9.047665e-02;2.717852e-01;9.521757e-02;6.152739e-02;3.884702e-02
5.315317e-02;5.385354e-02;6.623538e-02;8.318012e-02;9.303123e-02;8.445052e-02;5.636869e-02;1.247931e-01;2.522349e-01;5.231176e-02;4.561263e-02;3.477493e-02
7.558800e-02;2.536988e-02;8.560006e-02;1.073536e-01;5.600763e-02;6.149217e-02;5.935195e-02;2.085167e-01;2.063497e-01;3.526785e-02;3.600832e-02;4.309422e-02
6.421942e-02;2.994277e-02;1.093404e-01;7.319909e-02;4.303527e-02;1.070627e-01;4.354136e-02;2.598875e-01;1.287435e-01;4.180894e-02;3.501125e-02;6.420774e-02
4.405507e-02;4.098217e-02;1.300714e-01;3.985996e-02;4.035589e-02;1.085359e-01;4.420289e-02;3.067430e-01;7.651761e-02;4.160412e-02;6.038420e-02;6.668788e-02
3.153773e-02;3.278957e-02;1.405750e-01;2.085944e-02;4.962582e-02;6.775744e-02;6.129301e-02;3.338828e-01;9.815394e-02;6.402403e-02;4.764666e-02;5.185461e-02
2.292057e-02;3.086882e-02;1.286512e-01;2.500331e-02;4.488996e-02;7.029369e-02;6.689730e-02;3.022938e-01;1.215381e-01;8.759744e-02;4.371358e-02;5.533223e-02
2.604219e-02;3.575434e-02;1.194871e-01;3.636514e-02;4.053436e-02;9.020655e-02;5.645113e-02;2.748405e-01;1.472588e-01;8.229411e-02;3.841102e-02;5.235481e-02
2.787814e-02;3.303538e-02;1.308428e-01;5.214445e-02;5.011273e-02;1.048012e-01;3.677956e-02;2.939984e-01;1.256538e-01;5.842555e-02;3.205592e-02;5.427213e-02
2.694256e-02;3.149497e-02;1.291001e-01;4.116331e-02;6.411008e-02;8.806934e-02;3.858732e-02;3.141024e-01;1.480190e-01;4.722308e-02;3.173875e-02;3.944921e-02
4.849459e-02;4.085993e-02;1.224757e-01;4.269547e-02;7.248972e-02;5.122417e-02;3.039426e-02;2.760641e-01;1.806649e-01;5.349848e-02;3.253315e-02;4.860559e-02
8.943811e-02;8.763245e-02;1.293491e-01;8.256955e-02;5.240450e-02;2.778245e-02;5.463508e-02;1.590978e-01;1.438560e-01;6.877160e-02;5.585886e-02;4.860446e-02
8.543354e-02;1.592531e-01;1.612602e-01;3.593304e-02;5.486662e-02;3.379735e-02;5.695553e-02;7.748269e-02;8.988202e-02;7.418870e-02;1.140923e-01;5.685494e-02
5.113160e-02;1.585976e-01;1.886070e-01;8.816376e-02;3.960861e-02;5.313249e-02;3.811531e-02;4.989040e-02;6.306197e-02;5.686544e-02;1.175453e-01;9.528047e-02
4.315333e-02;1.198126e-01;1.430413e-01;1.604105e-01;2.584663e-02;6.567367e-02;1.022961e-01;5.837144e-02;3.850444e-02;3.211646e-02;6.558172e-02;1.451918e-01
4.809847e-02;7.024999e-02;6.980877e-02;2.004182e-01;1.842245e-02;6.799752e-02;2.188372e-01;6.643588e-02;1.558951e-02;1.332251e-02;2.325503e-02;1.875645e-01
3.708316e-02;3.089746e-02;3.660266e-02;1.765018e-01;1.044451e-02;6.706709e-02;3.091087e-01;6.183202e-02;1.049219e-02;1.324269e-02;4.826847e-02;1.984593e-01
3.032371e-02;3.485569e-02;4.533331e-02;1.133743e-01;1.529576e-02;1.098176e-01;2.945140e-01;2.570696e-02;1.801335e-02;2.061785e-02;1.343264e-01;1.578211e-01
3.233458e-02;3.563754e-02;6.299853e-02;6.330955e-02;2.519969e-02;1.426021e-01;2.107179e-01;4.022324e-02;4.403687e-02;4.178304e-02;1.994937e-01;1.016632e-01
3.615279e-02;2.820090e-02;1.078786e-01;3.522157e-02;2.998650e-02;1.335982e-01;1.265220e-01;5.412289e-02;7.978968e-02;5.993874e-02;2.225272e-01;8.606093e-02
4.758734e-02;7.545985e-02;1.860217e-01;3.964380e-02;2.782819e-02;8.627982e-02;4.462401e-02;4.359226e-02;1.027953e-01;4.189709e-02;2.391406e-01;6.513010e-02
5.482662e-02;8.418231e-02;2.032680e-01;6.110591e-02;3.830630e-02;6.182873e-02;4.876537e-02;4.724255e-02;9.207293e-02;4.253240e-02;2.293329e-01;3.653596e-02
3.022434e-02;7.784148e-02;2.082450e-01;1.030675e-01;5.022243e-02;7.379647e-02;8.226790e-02;6.432300e-02;1.148055e-01;3.857080e-02;1.191282e-01;3.750733e-02
2.296442e-02;8.325709e-02;1.359628e-01;1.106255e-01;5.439785e-02;1.218582e-01;8.963534e-02;9.523786e-02;1.285105e-01;4.928990e-02;6.744672e-02;4.081398e-02
2.294825e-02;8.368408e-02;6.136061e-02;7.283629e-02;5.572974e-02;1.512849e-01;1.080674e-01;1.084999e-01;1.366196e-01;6.062517e-02;7.111778e-02;6.722624e-02
3.453054e-02;8.745731e-02;8.507580e-02;7.189241e-02;6.416261e-02;1.041661e-01;1.136311e-01;1.039886e-01;1.477131e-01;6.234806e-02;5.564316e-02;6.939126e-02
4.616158e-02;1.104961e-01;1.000424e-01;6.042816e-02;5.858158e-02;1.104306e-01;8.329498e-02;1.100382e-01;1.554565e-01;3.642114e-02;3.472610e-02;9.392268e-02
6.375109e-02;1.462777e-01;7.473214e-02;7.103693e-02;3.758734e-02;1.191622e-01;6.020793e-02;7.695211e-02;9.535471e-02;3.193970e-02;6.250636e-02;1.604917e-01
8.100070e-02;1.800977e-01;5.767886e-02;9.565837e-02;2.742133e-02;9.197925e-02;8.539812e-02;4.994270e-02;4.961313e-02;3.534122e-02;5.048857e-02;1.953801e-01
7.376554e-02;2.379127e-01;6.102743e-02;1.173769e-01;3.163937e-02;5.186097e-02;1.050143e-01;5.153151e-02;2.295904e-02;3.359850e-02;2.939779e-02;1.839160e-01
5.256286e-02;2.187599e-01;6.323952e-02;1.416869e-01;6.289806e-02;5.158824e-02;1.340785e-01;5.797870e-02;1.599143e-02;2.700072e-02;2.183085e-02;1.523843e-01
4.508593e-02;1.841265e-01;4.825767e-02;1.729358e-01;6.322739e-02;6.787498e-02;1.806616e-01;4.599772e-02;1.746041e-02;2.753210e-02;1.778907e-02;1.290508e-01
4.733188e-02;1.608512e-01;4.617078e-02;1.871160e-01;3.666525e-02;6.028545e-02;2.130775e-01;4.428786e-02;2.176378e-02;4.154108e-02;1.315920e-02;1.277500e-01
5.913578e-02;1.940234e-01;5.267991e-02;1.488263e-01;1.776499e-02;8.701035e-02;1.869777e-01;6.281994e-02;1.692269e-02;4.759319e-02;1.125643e-02;1.149893e-01
7.633292e-02;1.648509e-01;3.914272e-02;9.878542e-02;2.760980e-02;1.154288e-01;1.727510e-01;9.808218e-02;2.046124e-02;5.651537e-02;1.627535e-02;1.137642e-01
6.793272e-02;1.218687e-01;5.857923e-02;1.120831e-01;3.290989e-02;1.090728e-01;1.495766e-01;9.506651e-02;3.593490e-02;4.992234e-02;3.260646e-02;1.344468e-01
6.014648e-02;1.378510e-01;1.004834e-01;1.025884e-01;4.777347e-02;1.057297e-01;1.244941e-01;6.529875e-02;5.126714e-02;3.843984e-02;3.825951e-02;1.276682e-01
7.147469e-02;1.010133e-01;1.204063e-01;4.302251e-02;4.294842e-02;1.228489e-01;1.113223e-01;6.486298e-02;6.197229e-02;5.228431e-02;3.292797e-02;1.749161e-01
1.294356e-01;8.818235e-02;8.759820e-02;1.734235e-02;2.186454e-02;1.423273e-01;1.057610e-01;1.192291e-01;3.452830e-02;5.725753e-02;3.702842e-02;1.594454e-01
2.452114e-01;1.076146e-01;9.909925e-02;2.488877e-02;2.500559e-02;8.865322e-02;5.848560e-02;1.719267e-01;2.641587e-02;3.237198e-02;3.878157e-02;8.154551e-02
2.342658e-01;1.375805e-01;9.279143e-02;3.124988e-02;2.201448e-02;5.176747e-02;8.545202e-02;1.690701e-01;2.610141e-02;3.055926e-02;4.415470e-02;7.499299e-02
1.593515e-01;1.424705e-01;6.942560e-02;5.789564e-02;2.416164e-02;5.763093e-02;1.405730e-01;1.294696e-01;3.345805e-02;3.278926e-02;4.819603e-02;1.045782e-01
1.179177e-01;1.458706e-01;6.474832e-02;5.975480e-02;2.755790e-02;8.434688e-02;1.576962e-01;9.437606e-02;5.194610e-02;3.147838e-02;7.379922e-02;9.050781e-02
1.033863e-01;1.230587e-01;6.631437e-02;9.181625e-02;1.905397e-02;1.182896e-01;1.156600e-01;8.115283e-02;8.436646e-02;5.497516e-02;1.016765e-01;4.024974e-02
1.382071e-01;9.168922e-02;6.410293e-02;8.404626e-02;2.935817e-02;1.271241e-01;4.086967e-02;7.560173e-02;8.569563e-02;4.064747e-02;1.596466e-01;6.301102e-02
1.230156e-01;1.077695e-01;6.579558e-02;6.588423e-02;3.244229e-02;9.742823e-02;1.389428e-01;3.952312e-02;6.171281e-02;2.963879e-02;1.187041e-01;1.191430e-01
6.420095e-02;1.344741e-01;6.191021e-02;9.515009e-02;1.858821e-02;7.335132e-02;2.078147e-01;5.884337e-02;3.557037e-02;3.505765e-02;5.229066e-02;1.627484e-01
5.305775e-02;1.359208e-01;5.615131e-02;8.488405e-02;1.540850e-02;7.904980e-02;2.052461e-01;1.017126e-01;2.297603e-02;5.484480e-02;2.707355e-02;1.636747e-01
6.778332e-02;1.129782e-01;4.265222e-02;5.000810e-02;1.787576e-02;9.299209e-02;1.678570e-01;1.370263e-01;3.071445e-02;7.386804e-02;2.997632e-02;1.762682e-01
7.614694e-02;1.052759e-01;3.570762e-02;5.184513e-02;2.032785e-02;7.765911e-02;1.349460e-01;1.247333e-01;4.744058e-02;7.080131e-02;5.117975e-02;2.039365e-01
7.644323e-02;9.676318e-02;3.923890e-02;6.048160e-02;3.964421e-02;5.929700e-02;9.913860e-02;1.054685e-01;7.631444e-02;7.439356e-02;1.064049e-01;1.664118e-01
7.974905e-02;1.380745e-01;5.372988e-02;4.691210e-02;6.465220e-02;7.810392e-02;9.638925e-02;9.959769e-02;8.937121e-02;7.776374e-02;8.143624e-02;9.422021e-02
7.875416e-02;1.244905e-01;4.411020e-02;4.572387e-02;5.709603e-02;1.006143e-01;1.078942e-01;8.375099e-02;8.345773e-02;1.085007e-01;7.046758e-02;9.513967e-02
6.414077e-02;1.038146e-01;4.922593e-02;6.034210e-02;4.466587e-02;1.098784e-01;1.248324e-01;8.056933e-02;8.172331e-02;1.222229e-01;7.708908e-02;8.149535e-02
8.406005e-02;1.141306e-01;5.866402e-02;4.868040e-02;4.299942e-02;1.051578e-01;1.115631e-01;7.289396e-02;7.602929e-02;1.220417e-01;8.577518e-02;7.800440e-02
9.953473e-02;9.459285e-02;6.520869e-02;4.491208e-02;7.641697e-02;1.361851e-01;1.110592e-01;6.315727e-02;5.382830e-02;7.541014e-02;1.065896e-01;7.310507e-02
8.883332e-02;1.332136e-01;1.078461e-01;4.100656e-02;8.692744e-02;9.940521e-02;9.421196e-02;1.257756e-01;4.420722e-02;6.273888e-02;6.830233e-02;4.753170e-02
9.905098e-02;1.458622e-01;1.022115e-01;4.495934e-02;6.520198e-02;6.786902e-02;8.444564e-02;2.085322e-01;4.467406e-02;4.400583e-02;3.286192e-02;6.032531e-02
1.310555e-01;1.110051e-01;7.354923e-02;5.226786e-02;5.915844e-02;6.014859e-02;1.134836e-01;2.510805e-01;2.854355e-02;3.517190e-02;1.618151e-02;6.835432e-02
1.476329e-01;7.127906e-02;3.383929e-02;5.120134e-02;4.945238e-02;6.031103e-02;1.413891e-01;3.083715e-01;1.834426e-02;3.516725e-02;1.457371e-02;6.843812e-02
1.030641e-01;3.795823e-02;1.537761e-02;5.345249e-02;2.999829e-02;7.158974e-02;1.606287e-01;3.694038e-01;2.389636e-02;4.224216e-02;1.984976e-02;7.253872e-02
7.070713e-02;3.100016e-02;1.471484e-02;6.044129e-02;2.396017e-02;8.005343e-02;1.787294e-01;3.593348e-01;2.790375e-02;4.618043e-02;2.515860e-02;8.181603e-02
9.411344e-02;2.774734e-02;3.239784e-02;7.256284e-02;1.981675e-02;8.811188e-02;1.953882e-01;2.317646e-01;2.860329e-02;5.531334e-02;5.300199e-02;1.011784e-01
1.825317e-01;3.434147e-02;5.438656e-02;5.688668e-02;1.967548e-02;8.749610e-02;1.643228e-01;1.505935e-01;2.138988e-02;5.205552e-02;5.648379e-02;1.198365e-01
1.757179e-01;5.414466e-02;1.049448e-01;5.476360e-02;1.808754e-02;9.448712e-02;1.450843e-01;1.285623e-01;1.082195e-02;4.347097e-02;3.604922e-02;1.338657e-01
1.290977e-01;8.248620e-02;1.391833e-01;4.213443e-02;5.147673e-02;7.690863e-02;1.275327e-01;1.342335e-01;1.584400e-02;3.615407e-02;3.173451e-02;1.332142e-01
8.747955e-02;1.372897e-01;1.141617e-01;4.131480e-02;7.861807e-02;5.118332e-02;9.227338e-02;1.574693e-01;4.404878e-02;3.199614e-02;4.272816e-02;1.214371e-01
8.108765e-02;1.509171e-01;1.215240e-01;6.638283e-02;4.984692e-02;9.302014e-02;6.742378e-02;1.266499e-01;6.969877e-02;5.416492e-02;4.926543e-02;7.001852e-02
9.027028e-02;1.251682e-01;1.073698e-01;9.712549e-02;4.777019e-02;7.903332e-02;5.398597e-02;1.665127e-01;6.197704e-02;1.007342e-01;3.596367e-02;3.408911e-02
9.737077e-02;1.103143e-01;6.760738e-02;7.203623e-02;7.713688e-02;8.375350e-02;4.487527e-02;1.578427e-01;7.490746e-02;1.213720e-01;3.417081e-02;5.861270e-02
1.104605e-01;9.717125e-02;5.421276e-02;5.672964e-02;9.793222e-02;1.063420e-01;5.833689e-02;9.133532e-02;7.365943e-02;1.080324e-01;6.009054e-02;8.569720e-02
7.894291e-02;7.307284e-02;4.772527e-02;8.292395e-02;1.099576e-01;8.762934e-02;9.702166e-02;7.607969e-02;7.686024e-02;1.245040e-01;6.364232e-02;8.164027e-02
5.821602e-02;1.274493e-01;9.231117e-02;8.530936e-02;7.903554e-02;1.024748e-01;6.280662e-02;9.690581e-02;7.293367e-02;1.228760e-01;3.915542e-02;6.052616e-02
3.769999e-02;2.267523e-01;1.791151e-01;1.009946e-01;3.591351e-02;1.014861e-01;4.704227e-02;6.813387e-02;7.789774e-02;7.615859e-02;1.712885e-02;3.167704e-02
5.098412e-02;2.721190e-01;1.883265e-01;1.365862e-01;1.763072e-02;7.750151e-02;6.716846e-02;4.578635e-02;8.371499e-02;2.984976e-02;1.323419e-02;1.709826e-02
7.251151e-02;2.607762e-01;1.995534e-01;1.446165e-01;1.715819e-02;7.127526e-02;7.321791e-02;2.827985e-02;7.666512e-02;2.268507e-02;1.453896e-02;1.872199e-02
9.495685e-02;2.088951e-01;1.896942e-01;1.125568e-01;3.101751e-02;7.522770e-02;6.715468e-02;6.201524e-02;6.797476e-02;3.362478e-02;2.411646e-02;3.276601e-02
1.015180e-01;1.559601e-01;1.645840e-01;8.225469e-02;4.008173e-02;7.548378e-02;7.426982e-02;9.690820e-02;7.477608e-02;4.690632e-02;3.782315e-02;4.943410e-02
7.728402e-02;1.256907e-01;1.182877e-01;6.860545e-02;6.150763e-02;8.130654e-02;1.021904e-01;1.092529e-01;9.322546e-02;5.762855e-02;4.692474e-02;5.809585e-02
7.670704e-02;1.751606e-01;1.440762e-01;9.678716e-02;7.316429e-02;6.850689e-02;9.170998e-02;9.899260e-02;6.103249e-02;5.432162e-02;3.280025e-02;2.674086e-02
6.987391e-02;2.276371e-01;2.048609e-01;1.034897e-01;4.768028e-02;7.388564e-02;6.610502e-02;5.446856e-02;2.959137e-02;4.639295e-02;2.838980e-02;4.762473e-02
8.886735e-02;2.325216e-01;2.185783e-01;8.758267e-02;4.988496e-02;4.933633e-02;3.471458e-02;6.643258e-02;3.330845e-02;4.248480e-02;3.650122e-02;5.978712e-02
7.155728e-02;2.500414e-01;2.079314e-01;7.570354e-02;5.562546e-02;4.202219e-02;3.166652e-02;1.208133e-01;3.875137e-02;3.079946e-02;2.596575e-02;4.912232e-02
1.156805e-01;1.776222e-01;1.388342e-01;9.212987e-02;5.363870e-02;4.874840e-02;5.274748e-02;1.357121e-01;3.409703e-02;2.893352e-02;3.894929e-02;8.290663e-02
7.150992e-02;9.907663e-02;1.030308e-01;5.315457e-02;6.792989e-02;1.135089e-01;1.379398e-01;1.117164e-01;7.897756e-02;5.763242e-02;5.350588e-02;5.201726e-02
1.154098e-01;8.903538e-02;8.615844e-02;6.041175e-02;8.635823e-02;7.117808e-02;1.037107e-01;1.761780e-01;6.089545e-02;5.277174e-02;1.471911e-02;8.317326e-02
1.209238e-01;7.700760e-02;5.974076e-02;8.390146e-02;7.040426e-02;5.179099e-02;1.287468e-01;1.826891e-01;4.040384e-02;4.813280e-02;1.290000e-02;1.233586e-01
9.576879e-02;5.192856e-02;3.346186e-02;1.179228e-01;4.239351e-02;4.263757e-02;2.182067e-01;1.488726e-01;2.392807e-02;3.755525e-02;7.815039e-03;1.795092e-01
3.902785e-02;4.191141e-02;2.291930e-02;1.395560e-01;2.122934e-02;2.029156e-02;3.331362e-01;8.888303e-02;2.648668e-02;2.466129e-02;8.625334e-03;2.332721e-01
2.178018e-02;3.903656e-02;4.302784e-02;1.034434e-01;1.986880e-02;4.268720e-02;3.425369e-01;5.460719e-02;6.211172e-02;1.948253e-02;4.353635e-02;2.078813e-01
2.196736e-02;3.856248e-02;1.119324e-01;3.804126e-02;3.898874e-02;8.655388e-02;2.149540e-01;6.940256e-02;1.251758e-01;1.651268e-02;1.140290e-01;1.238799e-01
1.374540e-02;2.878862e-02;1.596439e-01;1.887785e-02;3.758559e-02;1.400292e-01;1.237856e-01;5.586399e-02;1.672557e-01;1.498597e-02;1.700755e-01;6.936261e-02
9.597795e-03;1.399446e-02;1.606617e-01;3.200918e-02;2.944871e-02;1.463342e-01;1.185169e-01;2.607387e-02;1.835821e-01;1.397918e-02;2.030794e-01;6.272242e-02
8.741301e-03;1.393590e-02;1.464308e-01;3.233647e-02;3.035861e-02;1.655469e-01;7.174800e-02;4.450737e-02;1.976791e-01;1.697184e-02;2.448352e-01;2.690852e-02
5.404953e-03;1.399184e-02;9.490812e-02;2.994459e-02;4.501923e-02;1.374615e-01;1.116664e-01;5.694234e-02;1.611623e-01;3.145405e-02;2.356746e-01;7.637008e-02
5.538911e-03;1.931816e-02;4.756080e-02;2.302559e-02;5.542535e-02;1.080718e-01;1.845851e-01;5.228790e-02;1.024114e-01;3.301856e-02;2.280229e-01;1.407335e-01
5.983551e-03;2.142929e-02;1.350366e-02;5.119082e-02;3.952544e-02;8.264040e-02;3.145421e-01;3.528055e-02;5.119892e-02;2.292351e-02;1.752299e-01;1.865518e-01
1.256946e-02;2.878063e-02;1.138007e-02;7.773083e-02;2.039844e-02;1.126816e-01;3.864859e-01;3.945000e-02;2.704899e-02;4.574886e-02;7.302614e-02;1.646991e-01
3.620381e-02;2.661188e-02;1.356261e-02;6.819165e-02;2.907544e-02;1.676970e-01;3.527277e-01;9.564255e-02;2.072197e-02;4.754930e-02;4.590520e-02;9.611093e-02
5.959325e-02;2.324933e-02;2.830578e-02;4.473549e-02;4.732868e-02;1.878799e-01;2.727816e-01;1.554850e-01;2.975863e-02;4.493624e-02;5.685990e-02;4.908625e-02
7.167992e-02;4.684926e-02;6.101099e-02;6.504757e-02;3.886722e-02;1.236663e-01;2.177801e-01;1.380392e-01;8.275735e-02;3.501672e-02;6.553661e-02;5.374882e-02
5.745494e-02;4.951063e-02;7.541725e-02;8.279904e-02;2.915042e-02;8.521372e-02;1.718332e-01;8.895145e-02;1.520213e-01;3.819620e-02;7.048894e-02;9.896294e-02
3.784406e-02;3.861453e-02;1.166387e-01;6.503855e-02;2.328243e-02;1.367957e-01;1.491891e-01;8.689554e-02;1.633713e-01;3.512013e-02;4.775307e-02;9.945690e-02
2.015658e-02;3.996971e-02;1.168993e-01;6.675135e-02;3.908481e-02;1.467839e-01;2.328151e-01;7.651464e-02;1.074800e-01;4.273292e-02;8.242722e-02;2.838453e-02
3.974135e-02;2.894068e-02;6.802553e-02;4.077925e-02;5.600566e-02;1.205605e-01;2.281719e-01;9.002011e-02;4.615394e-02;4.417017e-02;1.724020e-01;6.502885e-02
5.839309e-02;3.268606e-02;4.527887e-02;3.934851e-02;5.049225e-02;8.015835e-02;2.320990e-01;1.051900e-01;4.835964e-02;3.558635e-02;2.042007e-01;6.820710e-02
4.657185e-02;3.453510e-02;6.181541e-02;4.923689e-02;5.961458e-02;9.226239e-02;1.957041e-01;6.976515e-02;5.774974e-02;3.067992e-02;1.671270e-01;1.349379e-01
4.298075e-02;3.054231e-02;6.334281e-02;5.326821e-02;6.301540e-02;1.328940e-01;1.548141e-01;4.244917e-02;5.353514e-02;3.045403e-02;1.565777e-01;1.761265e-01
4.437141e-02;2.908968e-02;4.519778e-02;5.446527e-02;4.235923e-02;1.469717e-01;1.664939e-01;5.552723e-02;5.411351e-02;3.015842e-02;1.845514e-01;1.467005e-01
6.007484e-02;3.264928e-02;3.348942e-02;5.178068e-02;2.271216e-02;1.281694e-01;1.305558e-01;8.832476e-02;1.063660e-01;5.872001e-02;2.394286e-01;4.772901e-02
6.271874e-02;3.606560e-02;5.722517e-02;4.399584e-02;1.999060e-02;1.255340e-01;1.223120e-01;8.483611e-02;1.289594e-01;5.079047e-02;1.886670e-01;7.890517e-02
5.110774e-02;3.364656e-02;1.018990e-01;4.111182e-02;3.030683e-02;1.295762e-01;1.295052e-01;7.394581e-02;1.492032e-01;4.066475e-02;1.902371e-01;2.879566e-02
4.966565e-02;2.197544e-02;1.146317e-01;6.456103e-02;4.364984e-02;8.986542e-02;1.106707e-01;3.994745e-02;1.356781e-01;3.123041e-02;2.060287e-01;9.209565e-02
6.905428e-02;2.126644e-02;8.402710e-02;9.109220e-02;2.783303e-02;7.443955e-02;1.912267e-01;5.238114e-02;1.229327e-01;4.306819e-02;1.614295e-01;6.124915e-02
6.298371e-02;4.072712e-02;6.174138e-02;1.079190e-01;4.476298e-02;6.354930e-02;2.300634e-01;6.819636e-02;1.125972e-01;4.471036e-02;1.152364e-01;4.751270e-02
5.603906e-02;5.775680e-02;8.077389e-02;7.021037e-02;5.842563e-02;9.473944e-02;1.983868e-01;6.198171e-02;9.680106e-02;5.176293e-02;9.961228e-02;7.351007e-02
4.678883e-02;9.228604e-02;7.601579e-02;3.848569e-02;6.646336e-02;1.411443e-01;1.620893e-01;4.777082e-02;9.326044e-02;5.002465e-02;8.102435e-02;1.046464e-01
1.083634e-01;1.535885e-01;1.367372e-01;5.158075e-02;4.579499e-02;8.441754e-02;8.347637e-02;9.390843e-02;5.444665e-02;4.034391e-02;4.208845e-02;1.052538e-01
1.863427e-01;1.447696e-01;1.024819e-01;3.607217e-02;2.915002e-02;4.591365e-02;9.013923e-02;1.211545e-01;3.215189e-02;2.095490e-02;2.604875e-02;1.648208e-01
2.096507e-01;1.005756e-01;5.634129e-02;3.014989e-02;1.794955e-02;3.462164e-02;1.421700e-01;1.518624e-01;1.548703e-02;1.331602e-02;2.110557e-02;2.067704e-01
1.706389e-01;5.570015e-02;1.829060e-02;3.375019e-02;1.513125e-02;4.156317e-02;2.402425e-01;1.753666e-01;9.838729e-03;2.016576e-02;2.023981e-02;1.990725e-01
9.232122e-02;5.444882e-02;9.677730e-03;4.918771e-02;1.724271e-02;5.219663e-02;3.534375e-01;1.508474e-01;7.857688e-03;2.463059e-02;1.113362e-02;1.770184e-01
3.189391e-02;7.924899e-02;3.130071e-02;7.325532e-02;1.835141e-02;1.000778e-01;3.701746e-01;6.124245e-02;1.370814e-02;2.175164e-02;2.748105e-02;1.715139e-01
3.189671e-02;9.490367e-02;5.134052e-02;7.817171e-02;1.463060e-02;1.321330e-01;3.056455e-01;2.860685e-02;2.249350e-02;1.894204e-02;5.717102e-02;1.640649e-01
5.212965e-02;1.074556e-01;4.257651e-02;7.951767e-02;2.155527e-02;1.196419e-01;2.292495e-01;5.404071e-02;3.734371e-02;3.557562e-02;6.313267e-02;1.577812e-01
4.004735e-02;1.084392e-01;3.036991e-02;7.775358e-02;2.532045e-02;7.620103e-02;2.760016e-01;5.671227e-02;5.088487e-02;4.657730e-02;6.121167e-02;1.504807e-01
1.704765e-02;9.704523e-02;3.676503e-02;5.668093e-02;2.893865e-02;6.688563e-02;3.620232e-01;3.596237e-02;4.327291e-02;4.372368e-02;8.190536e-02;1.297493e-01
1.556486e-02;7.868495e-02;2.638863e-02;6.396618e-02;2.514794e-02;5.566708e-02;3.599538e-01;6.684677e-02;3.128014e-02;2.680985e-02;6.717128e-02;1.825185e-01
3.277481e-02;6.815637e-02;2.361955e-02;6.607052e-02;2.891691e-02;4.336311e-02;2.960059e-01;7.546045e-02;3.449103e-02;4.992678e-02;4.775550e-02;2.334591e-01
2.936065e-02;6.512398e-02;2.400440e-02;7.372338e-02;2.809430e-02;4.385250e-02;2.420164e-01;5.545812e-02;4.953672e-02;8.223823e-02;3.303343e-02;2.735579e-01
2.220944e-02;9.881187e-02;6.962431e-02;7.122137e-02;6.325416e-02;8.512127e-02;1.044303e-01;6.477378e-02;3.749911e-02;6.333029e-02;1.128874e-01;2.068367e-01
2.431391e-02;7.244945e-02;1.448071e-01;9.663224e-02;5.053651e-02;1.560738e-01;1.670298e-01;5.648949e-02;2.525069e-02;2.153276e-02;1.326366e-01;5.224765e-02
1.568385e-02;3.741312e-02;1.559689e-01;1.075547e-01;4.435809e-02;2.226082e-01;1.926582e-01;4.615486e-02;2.045830e-02;1.258655e-02;1.200711e-01;2.448409e-02
1.386332e-02;2.545164e-02;1.472115e-01;7.169577e-02;4.768635e-02;3.106526e-01;1.670997e-01;5.285398e-02;1.427556e-02;1.999693e-02;1.123069e-01;1.690575e-02
1.094506e-02;6.301486e-02;1.092331e-01;4.566485e-02;6.847065e-02;3.164475e-01;1.030022e-01;9.476691e-02;2.723111e-02;5.021833e-02;8.834741e-02;2.265802e-02
3.295663e-02;8.739557e-02;5.649967e-02;4.074767e-02;9.401432e-02;1.953750e-01;1.314158e-01;1.223932e-01;6.258927e-02;9.089329e-02;4.704022e-02;3.867932e-02
9.613771e-02;5.394624e-02;4.350643e-02;9.984041e-02;6.436810e-02;8.356591e-02;1.740517e-01;8.349271e-02;1.152422e-01;1.004410e-01;4.509388e-02;4.031382e-02
1.089377e-01;3.185913e-02;6.346137e-02;1.403785e-01;4.452775e-02;8.351415e-02;1.684253e-01;6.982819e-02;1.319943e-01;6.606755e-02;5.614239e-02;3.486362e-02
8.311014e-02;4.040509e-02;7.952638e-02;1.306955e-01;4.511277e-02;1.175142e-01;1.173076e-01;7.992787e-02;1.278390e-01;4.274255e-02;5.303327e-02;8.278570e-02
1.580410e-02;3.132026e-02;1.425917e-01;5.447117e-02;2.905709e-02;1.698356e-01;4.918045e-02;2.098350e-01;7.903022e-02;2.898645e-02;2.566607e-02;1.642219e-01
2.070002e-02;2.131191e-02;1.674011e-01;2.667202e-02;3.005130e-02;1.358416e-01;3.579354e-02;3.004906e-01;3.469174e-02;2.149822e-02;2.056822e-02;1.849797e-01
1.209308e-02;2.794875e-02;1.834614e-01;1.720523e-02;2.105979e-02;1.061951e-01;4.881446e-02;3.364048e-01;1.766607e-02;2.496701e-02;1.667538e-02;1.875088e-01
2.369747e-02;2.041853e-02;1.855131e-01;2.838233e-02;1.084769e-02;1.313582e-01;2.935049e-02;3.185401e-01;2.331303e-02;3.166408e-02;7.205395e-03;1.897097e-01
2.183618e-02;2.059739e-02;1.748487e-01;1.835635e-02;1.846819e-02;1.560396e-01;3.903082e-02;2.865311e-01;2.786873e-02;2.814816e-02;1.039184e-02;1.978830e-01
2.422115e-02;2.930173e-02;1.495841e-01;3.493498e-02;1.613259e-02;1.795641e-01;4.240049e-02;2.405090e-01;3.325087e-02;1.880275e-02;2.045717e-02;2.108411e-01
5.418225e-02;4.060980e-02;1.076067e-01;6.865802e-02;3.352655e-02;1.802379e-01;4.324949e-02;1.663562e-01;5.749564e-02;1.853356e-02;2.686367e-02;2.026802e-01
8.345729e-02;5.364320e-02;6.562105e-02;8.962128e-02;6.151328e-02;1.511515e-01;4.371465e-02;9.898464e-02;1.086666e-01;3.092205e-02;3.643329e-02;1.762712e-01
1.141530e-01;5.040387e-02;5.610522e-02;1.314664e-01;5.543237e-02;9.666731e-02;4.605154e-02;8.006924e-02;1.769621e-01;3.641031e-02;5.702544e-02;9.925327e-02
1.926970e-01;3.190524e-02;3.154020e-02;1.668046e-01;2.991863e-02;4.695866e-02;5.717433e-02;5.409994e-02;2.300288e-01;3.012312e-02;7.603645e-02;5.271303e-02
2.526202e-01;2.054049e-02;2.722038e-02;1.399545e-01;3.051025e-02;2.173191e-02;8.756912e-02;3.649411e-02;2.179823e-01;3.650536e-02;7.267306e-02;5.619835e-02
2.597657e-01;2.488725e-02;4.258208e-02;9.080987e-02;5.076813e-02;2.293174e-02;1.301023e-01;4.905723e-02;1.771506e-01;6.751177e-02;5.196030e-02;3.247297e-02
1.873630e-01;4.945687e-02;4.791708e-02;6.491132e-02;9.948629e-02;3.699063e-02;1.197821e-01;5.865793e-02;1.254330e-01;1.343760e-01;2.001667e-02;5.560916e-02
9.911951e-02;8.202628e-02;3.434427e-02;5.753987e-02;1.544954e-01;4.850242e-02;6.374142e-02;5.556558e-02;9.215820e-02;2.070255e-01;9.364603e-03;9.611693e-02
5.015421e-02;1.093935e-01;2.311693e-02;5.407612e-02;1.825725e-01;5.213771e-02;4.463775e-02;7.343464e-02;6.009535e-02;2.234755e-01;1.623289e-02;1.106729e-01
4.197571e-02;1.073869e-01;3.461765e-02;6.094560e-02;1.541594e-01;7.759827e-02;5.525878e-02;9.906431e-02;4.981129e-02;1.671925e-01;4.790670e-02;1.040829e-01
6.262717e-02;9.989489e-02;5.622413e-02;7.100181e-02;1.185520e-01;1.050894e-01;7.722226e-02;1.002750e-01;6.442044e-02;9.627414e-02;5.837587e-02;9.004288e-02
6.470352e-02;1.155281e-01;6.400222e-02;7.897231e-02;1.012022e-01;7.180136e-02;8.556168e-02;1.093622e-01;5.714392e-02;1.066245e-01;4.959095e-02;9.550698e-02
6.664672e-02;1.134768e-01;6.814212e-02;5.938065e-02;1.180437e-01;6.975845e-02;9.285958e-02;1.073041e-01;6.835897e-02;9.629781e-02;4.772538e-02;9.200579e-02
5.484515e-02;1.146830e-01;7.559756e-02;5.928719e-02;1.137405e-01;5.829133e-02;1.240244e-01;1.089794e-01;8.725573e-02;7.487236e-02;3.065800e-02;9.776539e-02
5.020861e-02;9.276607e-02;7.352593e-02;5.732618e-02;8.654948e-02;5.993356e-02;1.126153e-01;1.121908e-01;1.130615e-01;9.071673e-02;3.368641e-02;1.174195e-01
7.613463e-02;6.666090e-02;6.870627e-02;4.440200e-02;4.953206e-02;7.154180e-02;1.032258e-01;8.672909e-02;1.520890e-01;7.564349e-02;6.050950e-02;1.448255e-01
6.891263e-02;4.781640e-02;6.581732e-02;4.038089e-02;2.302225e-02;9.040745e-02;1.278160e-01;8.889966e-02;1.760758e-01;7.991375e-02;7.620645e-02;1.147314e-01
9.473512e-02;4.295269e-02;5.292726e-02;6.733172e-02;2.469933e-02;1.052448e-01;7.990510e-02;1.006448e-01;1.906425e-01;9.999846e-02;5.373703e-02;8.718120e-02
1.073583e-01;5.108040e-02;6.969421e-02;8.380346e-02;4.680695e-02;7.943211e-02;4.142214e-02;1.428615e-01;1.877475e-01;8.720225e-02;4.331261e-02;5.927851e-02
6.807371e-02;4.693573e-02;1.287635e-01;8.242194e-02;4.228963e-02;6.250521e-02;5.968664e-02;2.256122e-01;1.486166e-01;6.249637e-02;3.111970e-02;4.147881e-02
4.327798e-02;8.740909e-02;1.343005e-01;5.215643e-02;4.302778e-02;8.803182e-02;1.060695e-01;2.008468e-01;8.388451e-02;4.153226e-02;7.871659e-02;4.074671e-02
2.480751e-02;1.120400e-01;1.171433e-01;3.924862e-02;5.182983e-02;1.205474e-01;1.650015e-01;1.580219e-01;4.809647e-02;2.254831e-02;1.041255e-01;3.658984e-02
1.840505e-02;1.137072e-01;8.835424e-02;4.268136e-02;4.452601e-02;1.375603e-01;2.234457e-01;1.324703e-01;4.088914e-02;3.930780e-02;1.029053e-01;1.574762e-02
4.710804e-02;8.645999e-02;5.322289e-02;4.760357e-02;4.778325e-02;1.777074e-01;2.136889e-01;7.177211e-02;6.980939e-02;8.861868e-02;7.089221e-02;2.533352e-02
4.781447e-02;7.892156e-02;5.599332e-02;4.579801e-02;6.422625e-02;2.128434e-01;1.497424e-01;6.981298e-02;7.844058e-02;1.201545e-01;5.318106e-02;2.307158e-02
6.829794e-02;8.870070e-02;4.975228e-02;4.855261e-02;5.450842e-02;1.914985e-01;7.596228e-02;1.171888e-01;8.795121e-02;1.005418e-01;7.976272e-02;3.728275e-02
8.929364e-02;9.285175e-02;6.308558e-02;5.117749e-02;5.662078e-02;1.315217e-01;6.969179e-02;1.082658e-01;8.556887e-02;9.578668e-02;9.887712e-02;5.725879e-02
9.828009e-02;5.950926e-02;7.728794e-02;5.546206e-02;6.628624e-02;1.106746e-01;7.526428e-02;1.086299e-01;9.423851e-02;9.763169e-02;5.676132e-02;9.997412e-02
1.467248e-01;5.394423e-02;6.026633e-02;5.942303e-02;6.856501e-02;1.149914e-01;4.137317e-02;1.231848e-01;8.705313e-02;7.168735e-02;5.065061e-02;1.221361e-01
1.402355e-01;5.262939e-02;6.535639e-02;4.770713e-02;8.006229e-02;1.141214e-01;4.801994e-02;1.297491e-01;5.758416e-02;7.850739e-02;7.471608e-02;1.113113e-01
9.635506e-02;4.433634e-02;9.347885e-02;9.971920e-02;8.100329e-02;1.012963e-01;3.478123e-02;1.110578e-01;7.659040e-02;1.311767e-01;7.197666e-02;5.822824e-02
4.584572e-02;5.689833e-02;1.110268e-01;1.318330e-01;7.474851e-02;8.182178e-02;5.459693e-02;1.549012e-01;9.028010e-02;1.124525e-01;4.248031e-02;4.311480e-02
3.200604e-02;6.739610e-02;1.379412e-01;1.160877e-01;5.729429e-02;1.184040e-01;7.151750e-02;1.431381e-01;7.704170e-02;3.023875e-02;7.619582e-02;7.273882e-02
3.162689e-02;1.051225e-01;1.152431e-01;6.696290e-02;4.281818e-02;1.293189e-01;7.801701e-02;1.094323e-01;1.066281e-01;5.261973e-02;6.588332e-02;9.632705e-02
4.261023e-02;1.213942e-01;1.465436e-01;5.653277e-02;5.602473e-02;1.095615e-01;6.238119e-02;1.546985e-01;1.287936e-01;3.139213e-02;2.181134e-02;6.825624e-02
4.894366e-02;1.100063e-01;1.236401e-01;5.722854e-02;5.856746e-02;1.526611e-01;5.780267e-02;1.662149e-01;1.013914e-01;4.074921e-02;4.389976e-02;3.889486e-02
5.598868e-02;1.170364e-01;9.705687e-02;3.791330e-02;4.910493e-02;1.349941e-01;1.017305e-01;2.112613e-01;8.224382e-02;3.245333e-02;4.543262e-02;3.478416e-02
4.893611e-02;1.188905e-01;1.299273e-01;2.460271e-02;2.855184e-02;7.103352e-02;1.132212e-01;2.190053e-01;8.628181e-02;7.636391e-02;3.433922e-02;4.884654e-02
4.773605e-02;8.718587e-02;1.357817e-01;3.883773e-02;2.986096e-02;1.257634e-01;8.307367e-02;1.290985e-01;9.009518e-02;1.181401e-01;3.706899e-02;7.735784e-02
3.455199e-02;7.244100e-02;1.218064e-01;6.310737e-02;3.595208e-02;1.231723e-01;8.068799e-02;1.408236e-01;7.890156e-02;9.707259e-02;5.447334e-02;9.700975e-02
4.331832e-02;8.046659e-02;1.151904e-01;7.306711e-02;3.486823e-02;1.184119e-01;9.426638e-02;1.737602e-01;8.827779e-02;4.719947e-02;3.547430e-02;9.569927e-02
6.745733e-02;1.246327e-01;7.971624e-02;4.813703e-02;3.357152e-02;1.189501e-01;9.624170e-02;2.078479e-01;9.895966e-02;3.573428e-02;3.114541e-02;5.760616e-02
7.069661e-02;1.266603e-01;5.580067e-02;3.150424e-02;5.949121e-02;1.131777e-01;1.158388e-01;1.905294e-01;1.138713e-01;5.881168e-02;2.909308e-02;3.452506e-02
4.969540e-02;7.850973e-02;6.896400e-02;5.439636e-02;7.527630e-02;1.506496e-01;1.282251e-01;1.453107e-01;1.175045e-01;4.823288e-02;2.806386e-02;5.517162e-02
3.233842e-02;4.814989e-02;7.784017e-02;7.338709e-02;5.546208e-02;1.395285e-01;1.122046e-01;1.343301e-01;1.571923e-01;3.723774e-02;3.879587e-02;9.353320e-02
3.744302e-02;5.359509e-02;6.664574e-02;5.924657e-02;5.771326e-02;1.193596e-01;1.309807e-01;9.956642e-02;2.088556e-01;2.966477e-02;3.681950e-02;1.001097e-01
7.110622e-02;6.709272e-02;4.256460e-02;9.313498e-02;6.036355e-02;1.290513e-01;1.141762e-01;8.714384e-02;1.784093e-01;5.133241e-02;4.234613e-02;6.327882e-02
1.257907e-01;6.748981e-02;2.785432e-02;1.102178e-01;5.418981e-02;1.122741e-01;8.537316e-02;9.386025e-02;1.500836e-01;9.734426e-02;4.155771e-02;3.396457e-02
1.206155e-01;5.624765e-02;6.569768e-02;8.122657e-02;3.556319e-02;8.098521e-02;8.020022e-02;1.121744e-01;1.411110e-01;1.165868e-01;5.286879e-02;5.672310e-02
7.584554e-02;4.655148e-02;8.959022e-02;7.070753e-02;4.657394e-02;4.752708e-02;5.422787e-02;1.314684e-01;1.799729e-01;1.150425e-01;7.437773e-02;6.811491e-02
6.063696e-02;4.230060e-02;9.846227e-02;1.279644e-01;4.717521e-02;8.390087e-02;3.050381e-02;9.738139e-02;1.878652e-01;1.133704e-01;3.593698e-02;7.450189e-02
8.356449e-02;4.473551e-02;6.431153e-02;1.317581e-01;4.672152e-02;8.220204e-02;6.471830e-02;5.747428e-02;1.494104e-01;1.265517e-01;4.835070e-02;1.002015e-01
