1.142006e-01;7.141856e-02;1.440010e-01;6.375843e-02;5.600330e-02;6.741215e-02;4.800050e-02;6.039991e-02;9.135991e-02;6.730998e-02;8.715061e-02;1.289851e-01
1.107346e-01;9.323594e-02;1.403833e-01;4.660198e-02;8.362785e-02;6.989202e-02;1.207390e-01;6.865947e-02;6.268526e-02;6.055670e-02;6.548237e-02;7.740150e-02
6.441158e-02;7.051767e-02;1.047523e-01;8.946824e-02;3.961378e-02;7.804262e-02;9.858281e-02;9.865253e-02;9.863520e-02;8.786513e-02;1.113551e-01;5.810305e-02
4.256960e-02;4.529336e-02;9.535621e-02;9.469814e-02;3.070050e-02;7.217319e-02;9.444460e-02;7.811685e-02;1.084570e-01;1.279814e-01;1.284488e-01;8.176035e-02
4.389581e-02;2.827586e-02;8.883795e-02;9.072371e-02;4.635510e-02;8.009848e-02;9.277980e-02;6.215603e-02;9.383170e-02;1.338475e-01;1.218686e-01;1.173294e-01
7.646076e-02;4.400549e-02;5.878508e-02;7.880020e-02;6.672979e-02;7.709844e-02;8.444704e-02;5.711854e-02;9.560778e-02;1.212837e-01;8.960693e-02;1.500562e-01
8.398551e-02;9.747272e-02;5.444887e-02;7.819858e-02;8.797602e-02;5.725595e-02;8.143091e-02;8.723542e-02;9.780117e-02;8.450781e-02;8.558680e-02;1.041003e-01
1.143718e-01;8.278542e-02;3.899619e-02;5.687563e-02;7.143178e-02;6.183137e-02;8.426473e-02;7.597435e-02;7.989195e-02;1.198018e-01;9.899322e-02;1.147817e-01
7.511020e-02;8.591413e-02;5.566784e-02;3.414976e-02;8.503377e-02;8.282288e-02;7.329247e-02;9.468979e-02;5.899082e-02;1.491767e-01;9.545038e-02;1.097013e-01
6.977417e-02;8.871043e-02;1.081695e-01;4.244337e-02;8.297670e-02;9.182808e-02;4.464608e-02;9.378043e-02;7.101699e-02;1.199790e-01;1.065315e-01;8.014380e-02
1.010830e-01;7.370301e-02;1.242446e-01;5.501705e-02;7.222591e-02;9.826630e-02;4.932303e-02;5.740127e-02;6.181595e-02;1.209876e-01;9.055085e-02;9.538141e-02
1.246290e-01;6.133184e-02;1.229412e-01;5.753239e-02;1.034568e-01;7.135659e-02;8.072411e-02;7.449712e-02;5.789897e-02;1.475351e-01;3.834872e-02;5.974806e-02
1.377927e-01;8.978048e-02;1.822557e-01;4.158022e-02;7.464821e-02;3.829377e-02;6.475319e-02;8.241437e-02;9.383018e-02;9.034038e-02;6.596665e-02;3.834422e-02
1.587818e-01;1.206147e-01;1.819177e-01;3.487941e-02;4.716321e-02;2.301536e-02;5.128857e-02;7.864521e-02;1.288947e-01;6.059585e-02;7.659212e-02;3.761140e-02
1.800245e-01;1.241572e-01;1.334016e-01;2.308410e-02;3.885498e-02;2.197231e-02;4.230956e-02;1.132832e-01;1.765668e-01;4.798486e-02;7.505900e-02;2.330182e-02
1.873066e-01;8.126324e-02;6.241914e-02;1.875338e-02;4.938452e-02;1.900934e-02;5.460283e-02;2.126796e-01;1.812087e-01;4.341414e-02;6.091028e-02;2.904834e-02
1.396922e-01;3.743010e-02;2.625167e-02;4.794838e-02;4.166581e-02;1.925804e-02;1.406767e-01;2.238152e-01;1.136984e-01;6.258196e-02;4.158397e-02;1.053976e-01
6.481219e-02;2.491186e-02;2.325222e-02;7.338979e-02;2.080301e-02;3.316870e-02;2.400254e-01;1.365843e-01;6.491730e-02;5.932302e-02;5.046358e-02;2.083487e-01
1.501277e-02;2.598040e-02;4.862451e-02;5.325818e-02;1.432777e-02;8.280002e-02;2.347329e-01;8.788061e-02;6.269553e-02;3.236630e-02;1.075896e-01;2.347314e-01
2.081633e-02;1.675959e-02;9.005215e-02;1.668468e-02;2.420366e-02;1.458751e-01;1.864303e-01;7.546161e-02;5.895121e-02;1.513270e-02;1.791005e-01;1.705322e-01
2.529259e-02;2.404617e-02;1.269588e-01;3.652050e-02;3.977463e-02;1.576584e-01;1.878847e-01;4.310216e-02;3.582940e-02;2.167950e-02;1.567157e-01;1.445375e-01
3.020406e-02;3.274586e-02;1.398947e-01;4.806389e-02;5.920486e-02;1.455856e-01;1.963443e-01;2.581128e-02;3.712205e-02;2.938871e-02;1.066807e-01;1.489539e-01
3.907823e-02;3.364735e-02;1.040187e-01;5.803186e-02;6.384217e-02;9.233773e-02;2.767286e-01;4.620481e-02;5.279692e-02;2.640076e-02;4.597875e-02;1.609341e-01
5.677231e-02;4.189551e-02;1.151807e-01;2.338276e-02;2.922744e-02;9.747387e-02;2.896165e-01;7.148975e-02;4.226782e-02;2.873280e-02;1.007020e-01;1.032586e-01
4.725462e-02;4.741848e-02;1.611865e-01;4.060285e-02;1.979147e-02;9.993277e-02;2.490764e-01;6.313545e-02;6.160585e-02;4.561358e-02;1.272558e-01;3.712627e-02
4.646819e-02;4.048083e-02;1.371873e-01;5.246067e-02;2.563129e-02;9.043512e-02;2.217104e-01;5.634741e-02;6.789837e-02;5.721767e-02;1.348358e-01;6.932700e-02
3.878491e-02;2.833768e-02;8.550870e-02;1.066070e-01;3.301518e-02;1.027846e-01;1.915017e-01;5.773816e-02;6.334040e-02;6.604238e-02;1.414583e-01;8.488102e-02
4.943102e-02;2.109192e-02;4.392093e-02;1.202375e-01;4.137208e-02;9.929435e-02;2.027150e-01;6.227762e-02;8.423840e-02;6.472999e-02;1.172160e-01;9.347512e-02
8.934706e-02;2.585474e-02;6.147923e-02;1.214421e-01;4.198906e-02;7.273431e-02;1.651466e-01;6.763475e-02;1.003432e-01;1.038820e-01;9.118556e-02;5.896134e-02
9.207419e-02;3.892776e-02;8.536399e-02;7.837594e-02;6.655028e-02;8.939277e-02;8.111412e-02;1.074797e-01;5.729865e-02;1.137050e-01;9.639105e-02;9.332649e-02
8.483648e-02;4.952218e-02;8.100720e-02;3.512296e-02;7.218029e-02;9.836523e-02;8.146267e-02;1.176377e-01;6.890166e-02;1.034085e-01;1.122732e-01;9.528193e-02
1.338446e-01;7.094406e-02;1.208398e-01;2.542338e-02;4.590091e-02;6.429090e-02;8.636384e-02;8.433336e-02;8.291678e-02;1.027618e-01;9.754261e-02;8.483785e-02
1.617603e-01;9.188024e-02;1.411000e-01;3.551821e-02;2.945946e-02;3.334887e-02;9.607077e-02;5.912387e-02;8.182275e-02;1.076031e-01;8.612114e-02;7.619125e-02
1.395442e-01;1.009717e-01;1.017006e-01;3.730138e-02;3.266825e-02;4.220171e-02;1.373869e-01;4.318452e-02;6.338055e-02;1.011798e-01;1.337938e-01;6.668653e-02
5.101119e-02;4.118112e-02;9.798317e-02;5.043499e-02;6.891799e-02;5.969214e-02;1.245854e-01;4.042469e-02;7.088506e-02;1.294438e-01;1.459367e-01;1.195038e-01
9.008604e-02;4.974217e-02;1.518463e-01;6.841360e-02;9.853771e-02;9.380969e-02;7.109003e-02;3.668386e-02;5.061648e-02;8.991469e-02;8.530471e-02;1.139548e-01
1.210377e-01;6.434950e-02;1.689061e-01;5.500661e-02;9.409454e-02;9.146692e-02;8.727498e-02;3.315442e-02;3.613635e-02;6.732756e-02;7.720766e-02;1.040376e-01
2.153103e-01;9.787075e-02;1.357924e-01;4.102536e-02;5.686370e-02;5.299700e-02;9.610046e-02;2.490505e-02;2.756055e-02;7.165034e-02;6.561204e-02;1.143120e-01
3.221535e-01;1.057000e-01;5.080288e-02;3.425975e-02;1.777977e-02;1.438454e-02;9.690497e-02;5.020462e-02;2.689275e-02;1.316196e-01;4.119603e-02;1.081016e-01
3.282705e-01;8.910970e-02;3.727611e-02;2.712187e-02;6.999344e-03;1.032567e-02;1.159068e-01;7.571066e-02;2.099110e-02;1.897216e-01;1.612526e-02;8.244142e-02
2.369659e-01;4.043063e-02;2.227371e-02;4.294025e-02;5.088220e-03;1.194677e-02;1.932289e-01;9.376253e-02;1.659400e-02;2.127955e-01;1.611987e-02;1.078538e-01
1.302421e-01;1.754126e-02;1.433471e-02;6.501056e-02;6.339916e-03;1.936069e-02;2.934241e-01;8.936953e-02;1.177985e-02;1.670415e-01;2.212066e-02;1.634352e-01
9.237904e-02;3.227163e-02;2.051318e-02;6.576055e-02;5.662128e-03;4.084198e-02;3.230201e-01;6.235110e-02;2.369675e-02;1.046876e-01;3.770765e-02;1.911083e-01
1.384733e-01;4.703704e-02;6.438783e-02;4.450922e-02;1.766284e-02;6.219879e-02;2.540730e-01;4.238679e-02;3.656759e-02;8.187194e-02;6.711484e-02;1.437169e-01
1.644851e-01;5.305714e-02;1.089057e-01;2.840829e-02;3.570097e-02;7.175402e-02;2.117825e-01;5.209186e-02;3.975824e-02;7.593448e-02;9.484930e-02;6.327230e-02
1.502296e-01;3.063545e-02;1.072398e-01;2.053717e-02;3.887229e-02;7.795998e-02;1.805761e-01;5.939602e-02;7.346375e-02;4.777908e-02;1.286387e-01;8.467209e-02
8.287199e-02;1.618891e-02;7.288702e-02;2.511834e-02;2.523200e-02;1.124438e-01;9.613850e-02;3.678356e-02;1.474209e-01;8.506877e-02;1.800631e-01;1.197831e-01
5.034536e-02;1.660371e-02;1.026282e-01;2.005066e-02;1.778440e-02;1.288421e-01;7.815081e-02;1.752623e-02;1.529971e-01;9.900913e-02;2.240329e-01;9.202946e-02
2.469066e-02;2.595741e-02;1.274110e-01;1.866633e-02;2.642602e-02;1.432606e-01;5.988554e-02;1.825204e-02;1.238346e-01;1.167215e-01;2.345430e-01;8.035125e-02
7.088790e-02;5.445052e-02;1.433914e-01;5.626207e-02;5.803801e-02;1.311508e-01;5.841205e-02;2.932567e-02;6.871002e-02;9.701342e-02;1.456730e-01;8.668518e-02
1.091389e-01;6.400830e-02;1.598394e-01;7.506206e-02;7.267370e-02;1.111185e-01;8.043779e-02;2.994165e-02;3.547521e-02;6.559673e-02;1.031134e-01;9.359439e-02
7.668480e-02;4.496054e-02;1.589247e-01;6.966115e-02;6.499565e-02;1.080849e-01;1.077779e-01;3.672016e-02;4.651280e-02;5.206303e-02;1.251683e-01;1.084461e-01
4.348578e-02;2.081422e-02;1.553640e-01;7.743804e-02;3.958458e-02;1.017054e-01;1.512324e-01;3.924125e-02;5.271992e-02;3.243949e-02;1.427476e-01;1.432272e-01
5.067899e-02;1.355906e-02;1.317082e-01;1.315296e-01;2.166544e-02;7.822987e-02;1.861125e-01;4.746012e-02;3.438205e-02;2.096442e-02;1.210366e-01;1.626732e-01
5.064056e-02;1.049093e-02;8.445626e-02;1.680975e-01;2.275816e-02;6.996810e-02;2.171755e-01;6.011854e-02;1.782367e-02;1.723200e-02;1.044991e-01;1.767397e-01
6.502927e-02;1.836965e-02;6.403226e-02;1.023151e-01;2.203041e-02;7.031603e-02;2.597004e-01;9.235945e-02;1.154282e-02;1.503584e-02;8.838416e-02;1.908845e-01
8.382023e-02;3.106273e-02;4.394020e-02;4.994871e-02;1.411485e-02;5.712055e-02;2.688933e-01;1.049691e-01;2.275628e-02;3.769432e-02;8.041368e-02;2.052660e-01
7.481147e-02;4.970063e-02;2.044148e-02;3.953702e-02;1.372019e-02;4.240987e-02;2.373453e-01;8.239296e-02;2.820337e-02;1.012925e-01;9.412398e-02;2.160212e-01
1.220501e-01;5.465444e-02;5.075356e-02;3.100477e-02;1.761123e-02;4.244867e-02;1.756848e-01;4.556058e-02;3.113074e-02;1.295082e-01;1.139958e-01;1.855971e-01
2.782302e-01;6.088631e-02;1.202283e-01;2.538887e-02;1.680242e-02;4.178046e-02;1.105240e-01;4.577439e-02;2.429128e-02;7.542494e-02;9.235632e-02;1.083125e-01
3.200373e-01;4.861540e-02;1.502718e-01;2.896470e-02;2.926745e-02;5.581783e-02;9.779500e-02;7.282813e-02;2.979562e-02;2.812213e-02;6.224472e-02;7.623997e-02
2.545209e-01;3.960404e-02;1.422234e-01;3.519740e-02;4.709771e-02;8.498173e-02;7.280995e-02;8.422619e-02;4.815563e-02;3.754033e-02;6.299151e-02;9.065115e-02
1.460973e-01;4.698562e-02;1.672137e-01;4.277673e-02;4.100581e-02;1.010504e-01;5.586183e-02;7.126932e-02;5.787688e-02;6.724046e-02;9.444587e-02;1.081761e-01
5.588514e-02;5.017164e-02;1.749020e-01;4.274628e-02;4.728146e-02;7.841394e-02;9.270872e-02;6.308115e-02;4.287926e-02;9.575888e-02;1.380734e-01;1.180982e-01
1.257301e-01;4.142202e-02;1.384497e-01;2.486699e-02;3.406279e-02;3.516636e-02;1.309013e-01;4.571003e-02;2.882875e-02;9.499743e-02;1.764310e-01;1.234335e-01
2.203429e-01;5.119118e-02;1.015584e-01;2.556276e-02;3.530234e-02;2.978196e-02;9.282631e-02;3.102502e-02;2.664975e-02;6.836846e-02;1.505242e-01;1.668667e-01
1.717479e-01;3.570570e-02;8.486632e-02;6.241573e-02;6.068159e-02;9.065936e-02;1.016298e-01;4.169397e-02;3.694565e-02;1.051289e-01;9.166346e-02;1.168616e-01
8.351606e-02;2.980648e-02;8.046088e-02;7.712983e-02;8.834770e-02;1.264969e-01;1.312868e-01;5.118739e-02;7.502473e-02;1.296495e-01;6.416465e-02;6.292911e-02
3.904080e-02;2.980457e-02;5.966000e-02;6.681699e-02;7.570283e-02;1.665075e-01;1.255553e-01;6.185582e-02;1.314197e-01;1.465801e-01;5.440433e-02;4.265214e-02
4.603913e-02;3.302073e-02;4.265397e-02;4.487546e-02;5.234212e-02;2.078761e-01;9.826784e-02;6.483248e-02;1.770237e-01;1.438147e-01;4.516812e-02;4.408559e-02
4.785282e-02;5.227825e-02;8.276862e-02;3.688356e-02;7.482198e-02;1.553228e-01;8.230656e-02;5.838906e-02;1.459589e-01;1.670742e-01;5.102690e-02;4.531647e-02
6.586602e-02;5.796659e-02;8.754858e-02;4.275093e-02;1.005033e-01;6.666377e-02;9.829542e-02;1.091879e-01;8.600026e-02;1.704674e-01;4.989199e-02;6.485780e-02
7.725058e-02;5.900200e-02;5.631926e-02;6.005796e-02;8.172390e-02;5.593918e-02;1.243238e-01;1.308694e-01;1.092725e-01;9.416252e-02;6.121837e-02;8.986051e-02
7.990243e-02;5.813449e-02;4.362737e-02;6.441704e-02;8.080353e-02;7.013620e-02;1.305607e-01;1.170695e-01;9.081717e-02;9.933921e-02;8.701280e-02;7.817961e-02
7.569683e-02;5.311907e-02;6.118511e-02;4.854986e-02;7.442328e-02;9.465090e-02;8.955431e-02;9.948757e-02;1.382520e-01;1.220078e-01;8.069499e-02;6.237818e-02
1.061329e-01;4.092201e-02;9.204272e-02;5.376520e-02;8.025886e-02;9.759917e-02;8.828054e-02;7.704939e-02;1.341967e-01;1.239117e-01;5.219109e-02;5.364971e-02
9.138571e-02;3.781174e-02;2.168999e-01;6.600534e-02;9.457589e-02;7.132196e-02;1.085683e-01;8.694901e-02;9.735530e-02;6.945679e-02;2.827276e-02;3.139724e-02
1.000728e-01;6.506398e-02;2.646899e-01;7.208744e-02;9.288628e-02;5.289578e-02;1.148754e-01;8.173736e-02;5.184611e-02;4.963024e-02;2.297245e-02;3.124232e-02
1.314168e-01;8.028758e-02;2.712052e-01;6.610000e-02;6.580468e-02;5.268220e-02;1.095708e-01;5.652808e-02;3.326257e-02;4.359537e-02;3.972251e-02;4.982415e-02
1.484932e-01;8.135016e-02;2.387770e-01;4.622035e-02;4.818911e-02;5.612966e-02;9.436373e-02;3.798385e-02;3.547544e-02;5.111043e-02;8.658017e-02;7.532689e-02
8.128288e-02;7.079732e-02;1.679584e-01;3.305602e-02;4.331574e-02;1.005797e-01;8.477704e-02;2.626641e-02;4.719201e-02;9.455053e-02;1.734339e-01;7.679003e-02
2.913019e-02;4.613551e-02;1.249964e-01;5.266352e-02;3.937135e-02;1.472913e-01;7.235713e-02;3.766504e-02;4.895507e-02;1.119498e-01;2.233909e-01;6.609377e-02
1.295818e-01;5.777686e-02;1.659027e-01;7.185297e-02;4.454134e-02;1.045600e-01;6.887623e-02;4.819720e-02;2.788241e-02;7.231072e-02;1.376385e-01;7.087927e-02
1.972584e-01;1.172315e-01;1.737226e-01;4.949202e-02;5.616169e-02;4.571968e-02;5.983640e-02;7.518401e-02;6.321954e-02;4.327721e-02;6.116231e-02;5.773463e-02
2.183601e-01;1.750392e-01;1.656919e-01;3.070863e-02;5.517955e-02;2.055400e-02;3.430488e-02;7.503200e-02;1.304346e-01;2.196101e-02;4.143949e-02;3.129470e-02
2.370279e-01;2.083231e-01;1.224420e-01;1.405174e-02;3.938850e-02;1.213566e-02;3.750725e-02;6.290591e-02;1.831813e-01;1.332610e-02;5.566310e-02;1.404742e-02
2.666779e-01;1.851311e-01;6.431960e-02;9.371149e-03;4.510435e-02;1.148229e-02;4.887679e-02;7.670638e-02;1.445876e-01;1.681561e-02;1.168621e-01;1.406516e-02
2.923893e-01;1.239492e-01;6.129132e-02;7.810040e-03;6.696079e-02;1.125315e-02;4.188006e-02;9.993019e-02;7.273227e-02;1.511242e-02;1.787351e-01;2.795619e-02
3.205034e-01;8.894983e-02;6.739229e-02;6.816143e-03;9.021265e-02;9.037240e-03;2.362960e-02;1.124322e-01;3.947724e-02;8.625903e-03;1.998152e-01;3.310831e-02
3.613111e-01;1.004419e-01;8.688837e-02;1.263479e-02;8.509451e-02;7.303697e-03;2.253316e-02;1.033629e-01;2.103297e-02;9.336668e-03;1.441474e-01;4.591245e-02
4.158272e-01;1.050145e-01;1.042028e-01;1.594431e-02;5.945905e-02;1.728686e-02;2.868160e-02;8.375517e-02;2.213579e-02;1.661130e-02;7.514039e-02;5.594098e-02
3.452685e-01;1.059882e-01;1.177593e-01;3.749381e-02;3.322082e-02;4.037103e-02;4.845659e-02;5.606315e-02;3.629801e-02;3.362265e-02;6.685973e-02;7.859822e-02
2.307485e-01;1.395023e-01;1.099755e-01;4.395074e-02;2.171562e-02;4.130948e-02;6.264590e-02;6.518193e-02;4.093841e-02;5.769505e-02;9.563386e-02;9.070274e-02
2.313433e-01;1.589429e-01;8.190955e-02;2.531084e-02;5.096467e-02;4.661148e-02;5.748568e-02;6.321247e-02;5.424332e-02;6.865751e-02;9.253430e-02;6.878399e-02
3.002174e-01;1.329443e-01;3.397084e-02;3.323009e-02;5.205860e-02;4.647945e-02;6.518200e-02;6.455486e-02;5.652735e-02;7.415979e-02;7.406798e-02;6.660732e-02
2.156132e-01;1.077422e-01;5.511479e-02;5.363608e-02;4.650764e-02;5.375135e-02;5.808873e-02;8.676208e-02;6.925378e-02;8.969075e-02;7.080010e-02;9.303930e-02
1.532106e-01;8.548532e-02;7.030830e-02;5.761277e-02;6.534799e-02;7.072225e-02;6.309672e-02;8.998854e-02;9.352131e-02;9.548070e-02;6.012540e-02;9.510008e-02
8.683170e-02;6.564420e-02;1.050962e-01;7.162139e-02;8.430077e-02;7.271099e-02;9.273882e-02;6.935439e-02;1.219280e-01;8.727761e-02;4.669831e-02;9.579754e-02
8.496960e-02;9.251667e-02;1.718490e-01;6.033653e-02;7.863098e-02;4.697123e-02;7.402920e-02;6.047381e-02;1.047473e-01;7.793099e-02;5.025417e-02;9.729045e-02
1.132851e-01;1.217721e-01;1.983388e-01;4.617537e-02;6.785768e-02;4.172711e-02;6.403444e-02;5.458141e-02;1.184208e-01;5.691974e-02;5.249074e-02;6.439664e-02
1.536387e-01;1.382595e-01;1.573029e-01;3.194504e-02;6.533829e-02;3.290422e-02;4.533964e-02;7.267290e-02;1.337077e-01;4.273196e-02;8.241663e-02;4.374255e-02
2.361066e-01;1.425055e-01;8.099788e-02;1.405999e-02;5.821383e-02;1.602451e-02;3.032988e-02;1.250431e-01;1.174064e-01;2.829492e-02;1.241823e-01;2.683509e-02
3.041176e-01;1.048980e-01;5.675390e-02;6.387686e-03;4.933570e-02;1.094468e-02;4.148445e-02;1.861124e-01;6.343193e-02;2.471793e-02;1.224308e-01;2.938484e-02
3.208086e-01;5.780007e-02;5.221155e-02;9.851985e-03;3.678352e-02;1.204596e-02;7.884031e-02;2.018306e-01;4.151933e-02;4.801293e-02;8.133607e-02;5.895900e-02
2.618338e-01;4.315069e-02;3.783180e-02;2.973833e-02;1.844097e-02;1.998402e-02;1.239794e-01;1.542545e-01;3.804564e-02;1.227743e-01;4.908654e-02;1.008800e-01
1.577222e-01;6.356365e-02;4.618017e-02;4.399601e-02;8.543207e-03;3.287028e-02;1.102682e-01;1.163805e-01;5.554054e-02;1.641142e-01;7.713436e-02;1.236867e-01
5.163896e-02;6.030446e-02;6.315564e-02;3.237097e-02;2.850047e-02;6.104318e-02;9.828739e-02;1.343307e-01;1.109844e-01;1.257481e-01;1.382140e-01;9.542187e-02
1.422063e-01;4.878917e-02;6.952830e-02;2.000438e-02;5.247801e-02;5.363880e-02;8.613114e-02;1.030418e-01;1.133362e-01;1.178029e-01;1.457066e-01;4.733649e-02
1.891306e-01;7.963176e-02;5.598487e-02;4.581244e-02;5.919353e-02;2.541600e-02;3.193700e-02;5.843721e-02;6.481148e-02;1.738737e-01;1.258759e-01;8.989547e-02
1.749911e-01;7.963484e-02;6.118011e-02;5.754527e-02;5.286328e-02;3.550439e-02;7.546346e-02;5.029600e-02;6.827523e-02;1.387878e-01;1.024147e-01;1.030439e-01
8.619180e-02;6.207295e-02;7.970261e-02;4.860930e-02;4.402379e-02;3.138454e-02;8.481981e-02;7.302471e-02;1.123158e-01;1.635470e-01;1.029831e-01;1.113246e-01
6.260613e-02;7.046818e-02;7.023627e-02;6.429762e-02;5.456347e-02;3.903522e-02;4.972884e-02;7.552905e-02;8.913927e-02;2.162162e-01;9.072743e-02;1.174523e-01
8.876646e-02;6.599309e-02;3.882682e-02;5.323312e-02;4.482492e-02;3.219677e-02;4.156088e-02;5.447082e-02;1.086112e-01;2.110193e-01;1.341165e-01;1.263802e-01
1.031692e-01;5.484330e-02;4.254584e-02;2.808226e-02;4.462913e-02;4.637514e-02;2.652618e-02;3.914613e-02;1.175065e-01;2.015203e-01;1.505566e-01;1.450994e-01
1.815806e-01;5.103806e-02;5.452964e-02;1.651249e-02;4.354334e-02;5.588638e-02;3.675414e-02;3.511703e-02;1.077132e-01;1.453259e-01;1.622923e-01;1.097069e-01
2.099875e-01;7.899809e-02;6.128206e-02;3.229249e-02;4.128713e-02;4.606751e-02;5.953414e-02;3.717364e-02;8.785009e-02;8.618543e-02;1.578490e-01;1.014929e-01
2.320726e-01;1.116320e-01;4.993033e-02;6.006744e-02;2.619473e-02;3.058594e-02;8.176108e-02;3.304857e-02;5.386795e-02;5.153864e-02;1.068659e-01;1.624348e-01
2.988138e-01;1.213157e-01;2.267670e-02;8.053647e-02;1.027680e-02;1.762647e-02;1.087338e-01;2.144636e-02;1.804132e-02;2.576138e-02;5.702201e-02;2.177492e-01
3.229782e-01;1.091303e-01;2.072692e-02;6.900915e-02;1.095517e-02;1.867617e-02;1.293539e-01;3.153488e-02;1.081072e-02;1.951364e-02;3.109486e-02;2.262160e-01
2.739629e-01;1.210077e-01;1.980623e-02;5.880066e-02;1.226883e-02;1.913000e-02;1.563785e-01;3.838352e-02;8.463295e-03;2.275276e-02;3.118449e-02;2.378612e-01
2.358436e-01;1.248917e-01;2.279723e-02;6.857192e-02;9.624379e-03;2.688456e-02;1.658064e-01;3.754838e-02;1.040046e-02;4.062258e-02;2.753093e-02;2.294779e-01
2.997756e-01;1.061852e-01;3.165075e-02;5.646659e-02;7.669631e-03;4.618507e-02;1.192807e-01;5.582456e-02;2.074887e-02;6.123898e-02;1.918951e-02;1.757845e-01
4.029940e-01;7.237545e-02;6.950242e-02;2.626958e-02;1.836185e-02;5.375584e-02;5.414764e-02;9.756859e-02;2.993439e-02;4.596298e-02;1.711871e-02;1.120085e-01
4.590714e-01;6.513587e-02;9.608030e-02;1.281860e-02;4.254445e-02;3.763812e-02;3.066980e-02;1.256240e-01;2.518765e-02;1.896487e-02;2.298894e-02;6.327609e-02
4.687995e-01;9.269895e-02;9.054267e-02;9.158816e-03;6.906620e-02;1.933639e-02;2.865820e-02;1.189888e-01;2.165108e-02;9.402490e-03;3.607016e-02;3.562670e-02
4.270884e-01;1.385498e-01;8.295214e-02;1.062910e-02;8.273238e-02;9.687325e-03;3.063306e-02;8.774615e-02;1.937833e-02;9.709644e-03;7.149413e-02;2.939956e-02
3.619527e-01;1.746835e-01;9.293269e-02;1.565653e-02;8.319583e-02;1.067212e-02;3.612789e-02;4.620064e-02;1.807577e-02;1.877730e-02;1.131372e-01;2.858780e-02
3.602720e-01;1.498151e-01;1.041142e-01;1.638583e-02;9.197763e-02;1.400299e-02;3.210991e-02;2.801538e-02;2.247049e-02;2.188749e-02;1.225119e-01;3.643705e-02
3.787490e-01;1.052166e-01;1.074206e-01;1.815513e-02;8.003293e-02;3.010273e-02;4.146317e-02;3.125258e-02;2.042800e-02;2.435914e-02;9.309535e-02;6.972487e-02
3.381631e-01;7.435086e-02;1.603121e-01;2.352690e-02;5.698659e-02;4.654295e-02;5.572052e-02;4.133917e-02;1.525747e-02;3.565146e-02;5.582115e-02;9.632777e-02
2.653969e-01;1.003738e-01;1.955309e-01;3.143021e-02;4.795122e-02;5.840385e-02;4.226901e-02;5.522475e-02;1.768546e-02;4.538174e-02;6.255808e-02;7.779413e-02
2.501569e-01;1.018287e-01;1.606406e-01;3.190840e-02;6.123393e-02;6.111603e-02;4.612157e-02;6.006477e-02;3.157127e-02;4.720506e-02;7.874566e-02;6.940721e-02
2.196403e-01;1.275638e-01;8.898139e-02;4.455928e-02;9.752856e-02;6.199859e-02;5.672532e-02;6.668159e-02;3.686376e-02;4.584025e-02;8.270572e-02;7.091140e-02
1.734118e-01;1.524443e-01;7.427647e-02;4.370363e-02;1.013315e-01;5.458900e-02;7.967149e-02;6.127490e-02;5.150408e-02;5.699310e-02;6.816489e-02;8.263469e-02
1.769238e-01;1.262871e-01;9.184482e-02;6.800967e-02;9.300881e-02;4.631971e-02;9.163133e-02;4.906617e-02;5.352614e-02;7.243577e-02;5.558719e-02;7.535955e-02
2.170063e-01;1.613557e-01;8.592103e-02;6.776565e-02;5.509616e-02;4.939867e-02;6.995457e-02;4.869301e-02;6.640770e-02;6.611945e-02;3.085972e-02;8.142207e-02
3.083535e-01;1.674113e-01;7.214597e-02;3.999291e-02;4.749101e-02;5.387188e-02;7.196561e-02;4.051267e-02;5.624111e-02;3.842277e-02;2.848198e-02;7.510929e-02
3.302323e-01;1.408026e-01;7.188383e-02;3.149132e-02;4.507306e-02;5.374360e-02;7.324483e-02;4.667382e-02;3.547310e-02;3.412704e-02;4.692205e-02;9.033245e-02
3.677859e-01;1.335329e-01;7.256950e-02;3.133462e-02;4.124808e-02;3.977946e-02;5.113800e-02;5.397545e-02;4.073252e-02;3.213193e-02;4.623928e-02;8.953233e-02
4.118881e-01;1.572047e-01;6.336623e-02;2.810288e-02;3.815497e-02;2.324744e-02;5.047580e-02;4.748698e-02;3.940283e-02;4.160665e-02;3.313677e-02;6.592663e-02
