1.082722e-01;6.830844e-02;1.807357e-01;7.807879e-02;8.734815e-02;4.792461e-02;1.085610e-01;7.299597e-02;8.689997e-02;5.942402e-02;5.000701e-02;5.144409e-02
9.164855e-02;5.788277e-02;9.911654e-02;4.914945e-02;9.872787e-02;6.844553e-02;8.407369e-02;1.099088e-01;6.074227e-02;6.508355e-02;1.414766e-01;7.374436e-02
7.027270e-02;6.640809e-02;1.128416e-01;6.686102e-02;6.596813e-02;9.415310e-02;1.221063e-01;7.778318e-02;8.227732e-02;8.632776e-02;6.973644e-02;8.526424e-02
8.238504e-02;7.781340e-02;7.326441e-02;4.759483e-02;9.319385e-02;5.211744e-02;9.842771e-02;7.812875e-02;1.118729e-01;1.114063e-01;8.111061e-02;9.268478e-02
8.822946e-02;8.337872e-02;5.929756e-02;7.289851e-02;1.118004e-01;3.746348e-02;9.916186e-02;6.746162e-02;1.341266e-01;1.058359e-01;7.393821e-02;6.640770e-02
9.960192e-02;8.767481e-02;7.190239e-02;9.497951e-02;1.234838e-01;2.832546e-02;9.690474e-02;4.714512e-02;1.540139e-01;8.619644e-02;6.326024e-02;4.651173e-02
9.022447e-02;9.176784e-02;1.359482e-01;8.775847e-02;1.025540e-01;3.839597e-02;8.294297e-02;3.811380e-02;1.449451e-01;5.067404e-02;5.605094e-02;8.062411e-02
6.993438e-02;1.021611e-01;2.000486e-01;7.954067e-02;6.371401e-02;4.661821e-02;6.350824e-02;3.531914e-02;1.134926e-01;6.068342e-02;6.917743e-02;9.580223e-02
5.920632e-02;8.994230e-02;1.916713e-01;8.892199e-02;8.152004e-02;4.107103e-02;6.215261e-02;4.398780e-02;1.332025e-01;5.340178e-02;6.831124e-02;8.661111e-02
6.718363e-02;1.065718e-01;1.394632e-01;5.827981e-02;1.181585e-01;2.254763e-02;8.471623e-02;4.301822e-02;1.695772e-01;7.490993e-02;6.263770e-02;5.293619e-02
1.406821e-01;8.807424e-02;8.584951e-02;6.685498e-02;1.083007e-01;2.236471e-02;1.258618e-01;4.636062e-02;8.689664e-02;8.023430e-02;7.497940e-02;7.354102e-02
1.482300e-01;5.441156e-02;1.079981e-01;8.343194e-02;8.818786e-02;2.394551e-02;1.067853e-01;4.191841e-02;1.318114e-01;6.319087e-02;9.122083e-02;5.886833e-02
1.393395e-01;6.239542e-02;1.320765e-01;8.250542e-02;8.159756e-02;3.286449e-02;6.771304e-02;3.646340e-02;1.406728e-01;5.963144e-02;1.057529e-01;5.898749e-02
1.459508e-01;7.364861e-02;1.174132e-01;7.744726e-02;7.696211e-02;3.697838e-02;5.963832e-02;3.733564e-02;1.582368e-01;7.057364e-02;8.539055e-02;6.042479e-02
9.225556e-02;7.071647e-02;1.094098e-01;1.014967e-01;5.247082e-02;6.803280e-02;1.114423e-01;8.745741e-02;8.223092e-02;7.881385e-02;8.791821e-02;5.775509e-02
5.569127e-02;1.087282e-01;8.703952e-02;1.041730e-01;3.048476e-02;7.124529e-02;1.049841e-01;7.388798e-02;1.417507e-01;6.949735e-02;8.613228e-02;6.638552e-02
3.864623e-02;1.447475e-01;8.603407e-02;7.659334e-02;3.624110e-02;8.231563e-02;8.813579e-02;7.806489e-02;1.513834e-01;6.143397e-02;6.184439e-02;9.455966e-02
6.057840e-02;1.450182e-01;1.140369e-01;6.023879e-02;4.365901e-02;9.974487e-02;7.155722e-02;8.786523e-02;1.248664e-01;4.541830e-02;5.038001e-02;9.663675e-02
9.471350e-02;1.212613e-01;1.176834e-01;6.970213e-02;6.678618e-02;1.040692e-01;5.042014e-02;8.116184e-02;7.904458e-02;8.095344e-02;7.567471e-02;5.852960e-02
1.339055e-01;8.816521e-02;9.157570e-02;8.699871e-02;6.801793e-02;6.916081e-02;8.240334e-02;4.736226e-02;1.079721e-01;1.064743e-01;6.410382e-02;5.386033e-02
1.722091e-01;5.127235e-02;7.247859e-02;9.926063e-02;5.664359e-02;6.300061e-02;1.016863e-01;2.850812e-02;1.651212e-01;8.852425e-02;6.688330e-02;3.441206e-02
1.912467e-01;1.489657e-02;5.231974e-02;1.275190e-01;4.763941e-02;5.205959e-02;1.005731e-01;2.942315e-02;2.287882e-01;5.342771e-02;8.538226e-02;1.672463e-02
1.800556e-01;1.035819e-02;3.819771e-02;1.501598e-01;3.115666e-02;3.332124e-02;8.940891e-02;4.943625e-02;2.670964e-01;4.594388e-02;9.205278e-02;1.281271e-02
1.617625e-01;1.272105e-02;5.717723e-02;1.614588e-01;2.004069e-02;2.071550e-02;7.742942e-02;7.613013e-02;2.503127e-01;4.426137e-02;1.020579e-01;1.593272e-02
1.552103e-01;2.432706e-02;1.139342e-01;1.418829e-01;2.642945e-02;1.584278e-02;8.073520e-02;8.922774e-02;1.837309e-01;4.345400e-02;1.024071e-01;2.281837e-02
1.411020e-01;5.599307e-02;1.338511e-01;9.639315e-02;3.691898e-02;2.510406e-02;1.345196e-01;8.459508e-02;1.037325e-01;5.257472e-02;8.187211e-02;5.334372e-02
1.026703e-01;9.362587e-02;8.207624e-02;7.486486e-02;4.146738e-02;4.481458e-02;2.373608e-01;6.010441e-02;6.135384e-02;7.482087e-02;5.265839e-02;7.418242e-02
1.451775e-01;9.376294e-02;1.024098e-01;5.480048e-02;4.776397e-02;4.422941e-02;1.936905e-01;7.120071e-02;7.851633e-02;4.831018e-02;7.838035e-02;4.175774e-02
1.979126e-01;8.477226e-02;4.473547e-02;6.445608e-02;6.001118e-02;4.220200e-02;1.193269e-01;8.907523e-02;1.069230e-01;5.111759e-02;9.938052e-02;4.008722e-02
1.542693e-01;5.722334e-02;7.444482e-02;7.590301e-02;5.740074e-02;3.750711e-02;1.401574e-01;7.576566e-02;1.617124e-01;5.648325e-02;8.145849e-02;2.767443e-02
1.139893e-01;3.968250e-02;1.128059e-01;8.243419e-02;5.694857e-02;4.177659e-02;1.884343e-01;4.197915e-02;1.617917e-01;4.283359e-02;8.427638e-02;3.304790e-02
7.297853e-02;4.243190e-02;1.299231e-01;7.661783e-02;5.706342e-02;4.218160e-02;1.828023e-01;5.196863e-02;1.239702e-01;7.999825e-02;9.460051e-02;4.546361e-02
5.689179e-02;3.703685e-02;1.853600e-01;7.688457e-02;4.886610e-02;3.692329e-02;1.340258e-01;9.356613e-02;6.410161e-02;1.095997e-01;5.213887e-02;1.046053e-01
4.992540e-02;3.582764e-02;1.685639e-01;9.131432e-02;5.367115e-02;3.666963e-02;1.167746e-01;9.243061e-02;7.412572e-02;1.018614e-01;5.128672e-02;1.275489e-01
5.014868e-02;4.188044e-02;1.614316e-01;8.043942e-02;5.806098e-02;4.239722e-02;1.159705e-01;9.657605e-02;9.065466e-02;7.244838e-02;6.224231e-02;1.277498e-01
5.101382e-02;5.098785e-02;1.391640e-01;6.002042e-02;5.235268e-02;3.859893e-02;1.496781e-01;1.088141e-01;7.716566e-02;7.489176e-02;7.349537e-02;1.238174e-01
6.120357e-02;6.303094e-02;9.377307e-02;5.427210e-02;5.352098e-02;4.934865e-02;1.724357e-01;9.336243e-02;8.009538e-02;8.652983e-02;1.029970e-01;8.943032e-02
5.562567e-02;6.534997e-02;8.734056e-02;5.818237e-02;7.204194e-02;7.312503e-02;1.309263e-01;7.810347e-02;1.216224e-01;9.612889e-02;1.003341e-01;6.121928e-02
6.985755e-02;7.120982e-02;9.349060e-02;4.795462e-02;5.830480e-02;7.154326e-02;1.168984e-01;1.459814e-01;1.467122e-01;8.091594e-02;5.159223e-02;4.553919e-02
6.849463e-02;7.363965e-02;9.401575e-02;4.704567e-02;3.481280e-02;6.246519e-02;1.741670e-01;1.358573e-01;1.245295e-01;7.586052e-02;4.697347e-02;6.213854e-02
4.881862e-02;6.133509e-02;1.005281e-01;6.757780e-02;4.953355e-02;6.150008e-02;1.764964e-01;1.133129e-01;9.254665e-02;6.357199e-02;8.314922e-02;8.162963e-02
6.631476e-02;4.338684e-02;8.126710e-02;6.623136e-02;5.782144e-02;7.224324e-02;1.710537e-01;1.034779e-01;9.641952e-02;7.912712e-02;8.959300e-02;7.306412e-02
6.836689e-02;4.231029e-02;7.599017e-02;6.236729e-02;6.709058e-02;6.893192e-02;1.754279e-01;1.005483e-01;9.919092e-02;8.446308e-02;9.512302e-02;6.018964e-02
6.884123e-02;5.580889e-02;1.524695e-01;6.310549e-02;6.179194e-02;7.567418e-02;1.034902e-01;6.865899e-02;1.027275e-01;7.348163e-02;8.807025e-02;8.588032e-02
6.566201e-02;5.006075e-02;1.752500e-01;6.807264e-02;4.986805e-02;5.650923e-02;1.090595e-01;6.489336e-02;1.199099e-01;7.440789e-02;7.430843e-02;9.199827e-02
4.470394e-02;5.633719e-02;1.600265e-01;8.529675e-02;6.263464e-02;4.580930e-02;1.591263e-01;8.379211e-02;7.779767e-02;1.081385e-01;7.268327e-02;4.365387e-02
2.833818e-02;6.862929e-02;1.217542e-01;7.815070e-02;5.878767e-02;5.561373e-02;1.383310e-01;1.237802e-01;8.145426e-02;1.040932e-01;8.565217e-02;5.541541e-02
3.612586e-02;6.311738e-02;8.560584e-02;7.239895e-02;5.382636e-02;8.741383e-02;9.907841e-02;1.717483e-01;9.517872e-02;8.086654e-02;6.303932e-02;9.160051e-02
3.623200e-02;4.152000e-02;9.048529e-02;6.690452e-02;4.637567e-02;1.312291e-01;9.436147e-02;1.951914e-01;6.438387e-02;8.383992e-02;5.493015e-02;9.454667e-02
4.809703e-02;4.907665e-02;9.299718e-02;4.646523e-02;4.069651e-02;1.380239e-01;1.027627e-01;1.586930e-01;8.288377e-02;9.040440e-02;4.209384e-02;1.078058e-01
8.258348e-02;7.243225e-02;9.496780e-02;6.539650e-02;9.566786e-02;1.350891e-01;8.666476e-02;7.423799e-02;8.116916e-02;7.236844e-02;4.213851e-02;9.728418e-02
9.025159e-02;5.777072e-02;7.078881e-02;9.212563e-02;1.097727e-01;9.353562e-02;1.043214e-01;6.631503e-02;8.843686e-02;1.117598e-01;4.695814e-02;6.796362e-02
9.063353e-02;8.268240e-02;1.102305e-01;7.607570e-02;1.081101e-01;5.608037e-02;7.146899e-02;8.084396e-02;9.236924e-02;1.228509e-01;5.804775e-02;5.060665e-02
1.456288e-01;6.800053e-02;1.457075e-01;4.543842e-02;7.732076e-02;6.652901e-02;9.583272e-02;5.512789e-02;8.125793e-02;7.658184e-02;7.636302e-02;6.621153e-02
1.663833e-01;7.312517e-02;1.365233e-01;6.645636e-02;6.101643e-02;4.444379e-02;1.020702e-01;5.021334e-02;8.529694e-02;7.021580e-02;7.593415e-02;6.832126e-02
1.785308e-01;6.701000e-02;1.068680e-01;1.153980e-01;6.670361e-02;3.050618e-02;9.263856e-02;4.027175e-02;1.192703e-01;7.201713e-02;5.929697e-02;5.148870e-02
1.962609e-01;5.572741e-02;4.850838e-02;2.197062e-01;8.000672e-02;1.384720e-02;5.926976e-02;2.985772e-02;1.863783e-01;5.622655e-02;3.328109e-02;2.092970e-02
1.635714e-01;3.442499e-02;5.687843e-02;3.012925e-01;9.173314e-02;6.371182e-03;2.527801e-02;2.820290e-02;2.266391e-01;4.044054e-02;1.815027e-02;7.017547e-03
1.083108e-01;2.357354e-02;6.247490e-02;2.859852e-01;1.483276e-01;1.265615e-02;4.144298e-02;2.242533e-02;2.158295e-01;5.174659e-02;1.643582e-02;1.079166e-02
5.516157e-02;3.084049e-02;4.690656e-02;2.116286e-01;2.569966e-01;2.401141e-02;5.552898e-02;2.450657e-02;1.697282e-01;9.900090e-02;1.230342e-02;1.338672e-02
2.696624e-02;6.309938e-02;3.079077e-02;1.258583e-01;3.231200e-01;3.537101e-02;3.459671e-02;5.671773e-02;1.060811e-01;1.527738e-01;2.170026e-02;2.292466e-02
3.866847e-02;9.614378e-02;2.550179e-02;7.704163e-02;2.834506e-01;6.255970e-02;1.882707e-02;1.027715e-01;7.029524e-02;1.551965e-01;4.536820e-02;2.417556e-02
5.763771e-02;7.060670e-02;7.068288e-02;5.903935e-02;1.603027e-01;1.353510e-01;2.449135e-02;9.314650e-02;1.180604e-01;1.014433e-01;9.150439e-02;1.773378e-02
6.105816e-02;3.267654e-02;1.172390e-01;4.159149e-02;7.427777e-02;1.660984e-01;5.540504e-02;3.714902e-02;1.922662e-01;7.674356e-02;1.047247e-01;4.077017e-02
5.855410e-02;4.750019e-02;9.371108e-02;6.455519e-02;6.307759e-02;1.187565e-01;1.099545e-01;1.907044e-02;1.632317e-01;9.013663e-02;6.415678e-02;1.072952e-01
1.177898e-01;7.888746e-02;6.139239e-02;9.445835e-02;4.979116e-02;5.853018e-02;1.271155e-01;3.369636e-02;7.386259e-02;1.093416e-01;4.971217e-02;1.454224e-01
1.877892e-01;9.531356e-02;1.021151e-01;7.289224e-02;7.223760e-02;2.836744e-02;8.378898e-02;4.049050e-02;4.176715e-02;9.642775e-02;6.829175e-02;1.105187e-01
1.860642e-01;8.335585e-02;1.241335e-01;6.124076e-02;9.853796e-02;5.021324e-02;7.215228e-02;3.582620e-02;4.032534e-02;7.511882e-02;9.982879e-02;7.320307e-02
1.453252e-01;3.848854e-02;1.043775e-01;6.972089e-02;1.211292e-01;8.718451e-02;8.734040e-02;2.695654e-02;7.691982e-02;7.284167e-02;1.086054e-01;6.111027e-02
1.266245e-01;3.003114e-02;8.271142e-02;7.206404e-02;8.953494e-02;8.931093e-02;9.193499e-02;2.785539e-02;9.998093e-02;8.632297e-02;1.172659e-01;8.636287e-02
9.338187e-02;4.302254e-02;9.328015e-02;6.365947e-02;9.698440e-02;1.027918e-01;9.978160e-02;4.413712e-02;7.764053e-02;9.575770e-02;1.142435e-01;7.531933e-02
8.204545e-02;5.433689e-02;8.365114e-02;6.414559e-02;1.280359e-01;1.094615e-01;9.175394e-02;7.003852e-02;4.423134e-02;1.021279e-01;8.685667e-02;8.331514e-02
1.066984e-01;4.329259e-02;7.557370e-02;8.213360e-02;9.819488e-02;9.816705e-02;6.355929e-02;6.477432e-02;5.921730e-02;1.378757e-01;7.249090e-02;9.802225e-02
1.253182e-01;5.137813e-02;5.312442e-02;9.859027e-02;7.085298e-02;9.129654e-02;5.357614e-02;4.091261e-02;9.863722e-02;1.168040e-01;7.625955e-02;1.232499e-01
8.462396e-02;6.926719e-02;7.268132e-02;1.029557e-01;7.432821e-02;1.468511e-01;9.839331e-02;4.432461e-02;7.370652e-02;1.086977e-01;5.154524e-02;7.262515e-02
5.924523e-02;7.158191e-02;8.856681e-02;8.035455e-02;6.105340e-02;1.771088e-01;1.164191e-01;7.958578e-02;8.566275e-02;1.117842e-01;3.864970e-02;2.998773e-02
3.051459e-02;7.412207e-02;9.280865e-02;7.677361e-02;4.832712e-02;1.778987e-01;1.002211e-01;9.031503e-02;1.447573e-01;1.152648e-01;2.211899e-02;2.687813e-02
4.017336e-02;6.392635e-02;6.900074e-02;6.713300e-02;3.521960e-02;1.325198e-01;1.238075e-01;7.305585e-02;1.790459e-01;1.529267e-01;3.111399e-02;3.207716e-02
5.910560e-02;6.013809e-02;3.448518e-02;6.954086e-02;2.053097e-02;6.854436e-02;1.775983e-01;5.797330e-02;1.612966e-01;2.009917e-01;3.947107e-02;5.032388e-02
5.113906e-02;6.844594e-02;5.625003e-02;7.123537e-02;3.316789e-02;5.308505e-02;1.720898e-01;9.241310e-02;1.529653e-01;1.493401e-01;4.381019e-02;5.605826e-02
7.426054e-02;6.646815e-02;7.720239e-02;5.537802e-02;4.501195e-02;5.415351e-02;1.298376e-01;1.150881e-01;1.551689e-01;8.928340e-02;5.720697e-02;8.094046e-02
5.019676e-02;5.155564e-02;8.845988e-02;6.110543e-02;8.948709e-02;6.098326e-02;1.444244e-01;8.894701e-02;1.408339e-01;7.757378e-02;4.225535e-02;1.041775e-01
6.339226e-02;7.836038e-02;9.659889e-02;4.573813e-02;1.268991e-01;4.812138e-02;1.495785e-01;6.794571e-02;6.827297e-02;1.160059e-01;4.460038e-02;9.448642e-02
6.227266e-02;1.048250e-01;8.785558e-02;3.111120e-02;1.240917e-01;6.551193e-02;1.469179e-01;7.974584e-02;5.476907e-02;1.058968e-01;5.237823e-02;8.462406e-02
5.783435e-02;9.700427e-02;7.832054e-02;5.035425e-02;1.171106e-01;8.368941e-02;1.458871e-01;7.366333e-02;7.751123e-02;9.607892e-02;3.645201e-02;8.609397e-02
6.106742e-02;5.991488e-02;1.077506e-01;6.534369e-02;8.989212e-02;7.302946e-02;1.899226e-01;5.521413e-02;5.757065e-02;1.078568e-01;4.789155e-02;8.454601e-02
1.051462e-01;9.403475e-02;5.722409e-02;4.862488e-02;1.098767e-01;7.842894e-02;1.002711e-01;9.855560e-02;1.048336e-01;1.234623e-01;3.343051e-02;4.611136e-02
1.046221e-01;9.092772e-02;5.429876e-02;4.174902e-02;1.077679e-01;8.086278e-02;1.170479e-01;9.564150e-02;9.852272e-02;1.353437e-01;3.302249e-02;4.019339e-02
9.439799e-02;8.752706e-02;6.704414e-02;3.710720e-02;1.054918e-01;8.353726e-02;1.315286e-01;8.148995e-02;8.761491e-02;1.598579e-01;3.094972e-02;3.345348e-02
5.424076e-02;1.009610e-01;1.925338e-01;4.614931e-02;8.225759e-02;7.688143e-02;1.065236e-01;5.531283e-02;6.020294e-02;1.705905e-01;2.562285e-02;2.872334e-02
8.499243e-02;1.455441e-01;3.129551e-01;6.660496e-02;4.985825e-02;5.352914e-02;7.333864e-02;3.806185e-02;6.676697e-02;7.327431e-02;1.316556e-02;2.190869e-02
6.151492e-02;2.020962e-01;3.495229e-01;9.270795e-02;3.015419e-02;4.015516e-02;4.133819e-02;3.114615e-02;1.057958e-01;2.400686e-02;7.517005e-03;1.404472e-02
7.201268e-02;2.376114e-01;2.954335e-01;1.056270e-01;1.284634e-02;2.372666e-02;3.770166e-02;3.985408e-02;1.369615e-01;1.663497e-02;1.201958e-02;9.570637e-03
1.494646e-01;2.396605e-01;1.692548e-01;7.154126e-02;1.925855e-02;1.762677e-02;6.731918e-02;5.992891e-02;1.589433e-01;1.654938e-02;2.250173e-02;7.951043e-03
1.916898e-01;2.537380e-01;6.904569e-02;4.393874e-02;1.702614e-02;2.829887e-02;6.801211e-02;6.990629e-02;2.056421e-01;1.410303e-02;2.911042e-02;9.488761e-03
1.755111e-01;2.834227e-01;7.569706e-02;5.007543e-02;1.473974e-02;5.015386e-02;3.397553e-02;4.798414e-02;2.256919e-01;9.776849e-03;1.918815e-02;1.378344e-02
1.543535e-01;3.065335e-01;1.137642e-01;5.635895e-02;1.006518e-02;5.402769e-02;1.427174e-02;3.402418e-02;2.006049e-01;1.156762e-02;9.966891e-03;3.446167e-02
1.377590e-01;3.025579e-01;1.774571e-01;4.387343e-02;1.240957e-02;5.189867e-02;1.067644e-02;2.700436e-02;1.335033e-01;1.508409e-02;1.512109e-02;7.265497e-02
1.115965e-01;2.447365e-01;2.347142e-01;2.256729e-02;1.580914e-02;4.518944e-02;1.954324e-02;2.628658e-02;1.146582e-01;2.837555e-02;4.408548e-02;9.243772e-02
8.983845e-02;1.776517e-01;2.283440e-01;2.738506e-02;1.739856e-02;3.028428e-02;4.207391e-02;3.248017e-02;1.737951e-01;3.765370e-02;6.674666e-02;7.634839e-02
2.517202e-02;1.778435e-01;1.884358e-01;3.470615e-02;2.928506e-02;3.166322e-02;6.159746e-02;6.287959e-02;2.121842e-01;4.835094e-02;6.024280e-02;6.763937e-02
6.424621e-02;1.512898e-01;2.974671e-01;4.319441e-02;2.756326e-02;3.363182e-02;4.330792e-02;5.787079e-02;1.639351e-01;4.051715e-02;3.903160e-02;3.794497e-02
5.574761e-02;1.355796e-01;3.244713e-01;4.540760e-02;2.621962e-02;2.822204e-02;4.368390e-02;4.430243e-02;1.758526e-01;3.968934e-02;4.993578e-02;3.088818e-02
1.242085e-01;1.714359e-01;1.894157e-01;4.405923e-02;2.282864e-02;3.106065e-02;5.688202e-02;5.388305e-02;1.578396e-01;4.634082e-02;6.186085e-02;4.018492e-02
1.197291e-01;2.210077e-01;1.325731e-01;3.193801e-02;3.844393e-02;5.628011e-02;5.437212e-02;9.075679e-02;1.127397e-01;6.643416e-02;5.929393e-02;1.643135e-02
9.517717e-02;1.508777e-01;9.855025e-02;3.655677e-02;6.367070e-02;8.159135e-02;9.088393e-02;1.219448e-01;8.517656e-02;6.263153e-02;7.122635e-02;4.171290e-02
9.111652e-02;8.779494e-02;1.250254e-01;4.401582e-02;1.163932e-01;7.249167e-02;1.764448e-01;9.812187e-02;6.086090e-02;4.420849e-02;4.749234e-02;3.603405e-02
4.325178e-02;4.479601e-02;2.046427e-01;7.387862e-02;1.672970e-01;8.749446e-02;2.160679e-01;4.544513e-02;4.555121e-02;2.182839e-02;2.109537e-02;2.865148e-02
1.570747e-02;2.189383e-02;2.272473e-01;1.355389e-01;2.188967e-01;8.962009e-02;1.653865e-01;2.991595e-02;3.809570e-02;1.042041e-02;1.293309e-02;3.434407e-02
8.531760e-03;1.014244e-02;3.014762e-01;2.023363e-01;2.370284e-01;6.011207e-02;4.784073e-02;3.277804e-02;2.862707e-02;1.208532e-02;1.851033e-02;4.053143e-02
1.094611e-02;2.535710e-02;3.630391e-01;2.001844e-01;1.932842e-01;4.134857e-02;3.386803e-02;2.990955e-02;1.719128e-02;1.694848e-02;3.710672e-02;3.081648e-02
1.256957e-02;3.087709e-02;4.310527e-01;1.620287e-01;1.471098e-01;3.776580e-02;4.890791e-02;2.345945e-02;1.890070e-02;1.666428e-02;4.839528e-02;2.226874e-02
1.087225e-02;2.697824e-02;4.830436e-01;1.376106e-01;1.101952e-01;4.596796e-02;5.443118e-02;3.565200e-02;1.387488e-02;1.073471e-02;5.634534e-02;1.429406e-02
1.019610e-02;1.397053e-02;5.586233e-01;1.133043e-01;9.498917e-02;4.922969e-02;4.301762e-02;3.292908e-02;1.458978e-02;1.606882e-02;4.652735e-02;6.554310e-03
1.190545e-02;1.473329e-02;6.488320e-01;7.413337e-02;7.574014e-02;2.858098e-02;4.404855e-02;2.090351e-02;1.832637e-02;3.540496e-02;2.230232e-02;5.089062e-03
9.610455e-03;1.801627e-02;6.790786e-01;5.233942e-02;5.793697e-02;2.345307e-02;4.775341e-02;1.859378e-02;2.067557e-02;4.865542e-02;1.473544e-02;9.151679e-03
1.460855e-02;2.700156e-02;6.130790e-01;6.498381e-02;5.489587e-02;3.958908e-02;4.469228e-02;2.532626e-02;3.874104e-02;4.647897e-02;1.774343e-02;1.286019e-02
2.585730e-02;3.720567e-02;4.773961e-01;7.508206e-02;6.825037e-02;5.244149e-02;7.292795e-02;4.318287e-02;4.878606e-02;3.870962e-02;3.442839e-02;2.573212e-02
3.175045e-02;5.095793e-02;4.000925e-01;6.553192e-02;6.846958e-02;6.105617e-02;8.965878e-02;6.726982e-02;4.129173e-02;4.224560e-02;5.510706e-02;2.656843e-02
2.705052e-02;5.141707e-02;4.523054e-01;5.771406e-02;5.898209e-02;6.196395e-02;7.073233e-02;7.120768e-02;3.667211e-02;4.368525e-02;4.985700e-02;1.841255e-02
1.980418e-02;3.795934e-02;4.993536e-01;7.961135e-02;6.798483e-02;5.004223e-02;6.807885e-02;4.991362e-02;2.316576e-02;3.800397e-02;4.413248e-02;2.194976e-02
3.220814e-02;4.138336e-02;4.625446e-01;9.310339e-02;9.857298e-02;5.342464e-02;5.809128e-02;3.975885e-02;2.571241e-02;3.168160e-02;3.294225e-02;3.057647e-02
6.083467e-02;4.202574e-02;3.484124e-01;6.961943e-02;8.507904e-02;4.147040e-02;9.213167e-02;3.993931e-02;5.464065e-02;4.864202e-02;6.213748e-02;5.506722e-02
1.167656e-01;1.031034e-01;1.323412e-01;6.528087e-02;7.265790e-02;5.609501e-02;1.286581e-01;5.700289e-02;7.503051e-02;5.983773e-02;7.180205e-02;6.142486e-02
1.693915e-01;9.880859e-02;9.275286e-02;3.785356e-02;4.819946e-02;6.141030e-02;1.278493e-01;6.612846e-02;4.610379e-02;7.366502e-02;1.007729e-01;7.706430e-02
1.353804e-01;9.366132e-02;1.185866e-01;3.126656e-02;5.355655e-02;9.694199e-02;9.930868e-02;6.268374e-02;3.958638e-02;7.936082e-02;1.125525e-01;7.711448e-02
9.620436e-02;8.841940e-02;9.996787e-02;4.130049e-02;1.157640e-01;1.237559e-01;6.089687e-02;6.428088e-02;4.661831e-02;9.992155e-02;1.006522e-01;6.221814e-02
5.764103e-02;6.227338e-02;6.529188e-02;1.100424e-01;1.651217e-01;1.112538e-01;7.901765e-02;6.967354e-02;7.187223e-02;1.068949e-01;6.723683e-02;3.368063e-02
5.203454e-02;2.473380e-02;1.076537e-01;2.039758e-01;1.246254e-01;3.915003e-02;1.338754e-01;7.294402e-02;1.170580e-01;7.274502e-02;3.552233e-02;1.568196e-02
3.410515e-02;1.869836e-02;2.095062e-01;2.224010e-01;5.782857e-02;9.721090e-02;1.107852e-01;6.430745e-02;1.109898e-01;3.023458e-02;2.157276e-02;2.235995e-02
1.734233e-02;2.321544e-02;3.430435e-01;1.554139e-01;4.242283e-02;1.728978e-01;6.242031e-02;5.841750e-02;5.887689e-02;1.684379e-02;1.112415e-02;3.798152e-02
9.197609e-03;3.175227e-02;4.259906e-01;9.374043e-02;3.799751e-02;1.722562e-01;6.757724e-02;6.067251e-02;3.411746e-02;1.546032e-02;7.205553e-03;4.403233e-02
2.130973e-02;4.255857e-02;4.476332e-01;5.616003e-02;3.961452e-02;1.149136e-01;1.022931e-01;6.131967e-02;2.849206e-02;2.252132e-02;1.054714e-02;5.263704e-02
3.176923e-02;5.773109e-02;3.948191e-01;7.993990e-02;3.450564e-02;7.079995e-02;1.144001e-01;6.204113e-02;5.294812e-02;2.320239e-02;1.807115e-02;5.977223e-02
2.864818e-02;6.494206e-02;2.932965e-01;1.022794e-01;3.165816e-02;4.761061e-02;9.372671e-02;6.180652e-02;1.099417e-01;4.044025e-02;4.561111e-02;8.003872e-02
4.098340e-02;4.043545e-02;1.705291e-01;8.887630e-02;3.225886e-02;2.046835e-02;9.581171e-02;5.586056e-02;1.907314e-01;6.394137e-02;9.685847e-02;1.032451e-01
4.874752e-02;1.705148e-02;1.612385e-01;5.240828e-02;2.373808e-02;3.144054e-02;1.205368e-01;7.876468e-02;2.186652e-01;7.417684e-02;1.017510e-01;7.148121e-02
4.616790e-02;2.119034e-02;1.911771e-01;4.403226e-02;3.122714e-02;7.333945e-02;1.377392e-01;9.739723e-02;1.822161e-01;6.679327e-02;7.869276e-02;3.002722e-02
2.944792e-02;5.307221e-02;2.269630e-01;6.088808e-02;4.417269e-02;1.082579e-01;1.047804e-01;6.014255e-02;1.105215e-01;8.172149e-02;7.168773e-02;4.834453e-02
3.333277e-02;6.498659e-02;2.457192e-01;7.123756e-02;4.767441e-02;7.227156e-02;1.044304e-01;6.661232e-02;9.160249e-02;7.432720e-02;6.560956e-02;6.219601e-02
2.586742e-02;4.365211e-02;3.139479e-01;9.685905e-02;4.187727e-02;5.474249e-02;1.009965e-01;6.033918e-02;9.274275e-02;5.003202e-02;5.828337e-02;6.066003e-02
1.748358e-02;1.618158e-02;3.800819e-01;1.187735e-01;3.057673e-02;7.787479e-02;6.395950e-02;4.484151e-02;1.013779e-01;3.836631e-02;4.398499e-02;6.649775e-02
4.289134e-02;4.454542e-02;3.540276e-01;1.132264e-01;4.377211e-02;7.502159e-02;8.245286e-02;2.714118e-02;9.673368e-02;3.726661e-02;3.598507e-02;4.693611e-02
