1.766011e-01;1.836233e-01;1.724424e-01;3.549525e-02;4.459271e-02;9.577414e-02;7.963797e-02;3.610962e-02;6.225102e-02;5.938607e-02;3.159167e-02;2.249480e-02
2.396377e-01;1.552454e-01;1.166756e-01;3.406050e-02;4.720401e-02;6.101235e-02;1.004154e-01;6.637808e-02;5.708263e-02;5.362847e-02;3.647183e-02;3.218807e-02
3.320088e-01;1.336564e-01;7.289322e-02;2.870066e-02;4.319562e-02;3.915286e-02;7.532363e-02;9.164948e-02;5.203595e-02;4.465609e-02;3.960076e-02;4.712654e-02
4.083517e-01;1.381532e-01;6.451999e-02;1.586453e-02;3.617311e-02;2.524176e-02;4.873857e-02;1.171759e-01;3.848904e-02;2.783705e-02;3.524763e-02;4.420744e-02
4.776841e-01;1.126586e-01;4.288599e-02;7.991184e-03;2.376598e-02;1.140725e-02;5.087781e-02;1.452519e-01;1.588892e-02;2.394275e-02;2.309097e-02;6.455446e-02
4.876993e-01;5.857848e-02;5.043324e-02;8.393686e-03;1.636484e-02;1.503063e-02;7.241950e-02;1.402017e-01;6.683749e-03;2.498215e-02;2.044337e-02;9.876937e-02
4.493322e-01;5.866683e-02;8.251504e-02;1.334995e-02;4.704284e-02;1.736607e-02;7.345158e-02;1.010497e-01;1.830013e-02;1.678109e-02;2.391382e-02;9.823085e-02
4.218236e-01;8.480107e-02;1.133179e-01;3.408632e-02;6.021218e-02;1.155458e-02;5.777110e-02;7.397769e-02;2.376090e-02;1.052929e-02;2.303634e-02;8.512905e-02
3.476888e-01;7.016439e-02;1.285557e-01;5.764120e-02;3.744594e-02;1.460801e-02;7.987533e-02;6.388845e-02;4.701193e-02;4.008733e-02;3.231909e-02;8.071383e-02
2.181864e-01;9.368480e-02;1.786522e-01;6.483504e-02;2.599151e-02;1.855812e-02;1.036116e-01;5.563181e-02;7.603395e-02;6.853763e-02;4.150585e-02;5.477109e-02
1.524425e-01;9.884018e-02;2.166417e-01;5.644175e-02;4.365920e-02;1.819816e-02;1.160811e-01;5.070098e-02;8.785554e-02;7.124912e-02;4.896704e-02;3.892269e-02
8.546810e-02;4.711581e-02;2.377796e-01;1.374030e-01;7.119410e-02;8.079670e-02;1.034368e-01;4.333477e-02;4.141036e-02;4.447373e-02;5.919548e-02;4.839157e-02
5.537609e-02;2.372760e-02;1.769336e-01;1.979006e-01;1.149714e-01;9.406701e-02;8.265614e-02;3.976852e-02;5.471984e-02;4.940469e-02;6.481250e-02;4.566206e-02
6.829257e-02;5.721913e-02;8.548722e-02;7.194354e-02;1.582932e-01;6.221491e-02;1.338818e-01;6.982075e-02;1.292506e-01;6.609464e-02;6.003564e-02;3.746606e-02
8.668648e-02;6.440831e-02;9.661871e-02;8.546936e-02;1.608877e-01;7.869406e-02;1.129553e-01;4.818721e-02;1.255042e-01;5.235699e-02;5.956751e-02;2.866412e-02
9.790711e-02;6.341247e-02;1.120316e-01;8.497100e-02;1.424943e-01;7.905231e-02;8.982442e-02;5.449148e-02;1.062747e-01;5.343524e-02;7.101589e-02;4.508957e-02
8.561818e-02;6.496083e-02;1.186451e-01;9.455428e-02;1.041679e-01;6.944930e-02;9.280409e-02;9.107282e-02;9.160927e-02;4.906091e-02;7.569730e-02;6.236006e-02
7.747660e-02;6.198560e-02;1.001781e-01;9.413622e-02;8.879501e-02;8.406228e-02;1.366691e-01;1.153003e-01;6.753369e-02;5.144668e-02;6.211185e-02;6.030454e-02
5.493207e-02;3.731845e-02;2.991872e-01;5.921104e-02;9.519973e-02;6.973943e-02;1.566928e-01;6.173924e-02;4.137779e-02;5.924149e-02;4.159994e-02;2.376080e-02
5.746245e-02;6.165920e-02;3.961589e-01;4.180789e-02;6.730489e-02;5.608549e-02;1.327502e-01;3.567668e-02;4.698717e-02;5.838034e-02;2.704323e-02;1.868349e-02
7.177221e-02;1.091863e-01;4.111612e-01;3.659207e-02;4.120013e-02;6.969082e-02;8.105502e-02;2.639454e-02;7.256144e-02;4.634714e-02;1.825147e-02;1.578766e-02
7.759944e-02;1.564429e-01;3.890163e-01;3.299735e-02;1.875486e-02;1.021256e-01;3.845269e-02;1.752833e-02;1.125310e-01;3.424698e-02;1.086928e-02;9.435360e-03
8.818282e-02;1.438383e-01;3.207356e-01;3.868091e-02;2.333154e-02;1.176584e-01;5.465065e-02;1.615831e-02;1.276696e-01;4.322091e-02;1.158794e-02;1.428505e-02
9.185632e-02;9.841449e-02;2.579477e-01;3.891114e-02;4.939955e-02;1.026860e-01;1.121049e-01;2.851294e-02;1.089025e-01;7.032639e-02;2.189665e-02;1.904140e-02
8.110529e-02;5.085871e-02;2.153294e-01;3.221046e-02;6.694912e-02;8.452973e-02;1.584582e-01;4.105559e-02;8.799382e-02;9.384029e-02;5.576668e-02;3.190267e-02
5.561106e-02;4.025428e-02;1.464614e-01;3.624027e-02;5.465578e-02;1.174077e-01;1.170794e-01;3.330581e-02;6.664002e-02;1.242578e-01;1.473417e-01;6.074479e-02
6.764703e-02;6.679628e-02;1.630629e-01;5.202022e-02;7.322022e-02;1.143629e-01;1.232241e-01;6.768327e-02;6.092129e-02;7.227917e-02;8.730393e-02;5.147862e-02
1.144060e-01;7.352980e-02;2.240513e-01;4.308577e-02;7.515516e-02;9.259319e-02;1.029754e-01;7.794376e-02;5.071241e-02;4.814826e-02;5.360788e-02;4.379113e-02
1.756072e-01;8.639476e-02;2.546516e-01;2.411538e-02;7.983316e-02;5.186088e-02;1.240090e-01;6.824436e-02;3.274934e-02;3.556838e-02;3.756924e-02;2.939674e-02
1.758217e-01;9.127554e-02;2.393832e-01;1.089364e-02;7.351351e-02;1.658317e-02;2.477834e-01;3.023942e-02;2.164357e-02;5.292230e-02;2.558391e-02;1.435660e-02
1.276616e-01;1.070824e-01;2.220595e-01;1.334100e-02;3.348495e-02;1.062376e-02;3.168817e-01;2.162351e-02;2.284483e-02;9.981872e-02;1.556057e-02;9.017393e-03
9.138441e-02;1.371159e-01;2.262082e-01;3.871982e-02;1.331658e-02;4.513689e-02;2.547316e-01;1.683196e-02;5.807701e-02;1.006244e-01;1.004151e-02;7.811689e-03
6.219093e-02;1.713515e-01;2.405901e-01;9.719449e-02;1.202674e-02;1.191336e-01;1.134833e-01;1.151717e-02;1.061086e-01;4.760086e-02;6.163656e-03;1.263901e-02
4.046622e-02;1.742575e-01;2.536499e-01;1.500759e-01;1.004216e-02;1.750160e-01;3.727769e-02;2.362163e-02;9.915056e-02;1.203956e-02;2.959779e-03;2.144313e-02
3.008595e-02;1.853823e-01;2.848756e-01;1.570679e-01;9.353667e-03;1.587988e-01;1.750972e-02;4.740873e-02;6.521013e-02;9.828964e-03;2.498920e-03;3.197938e-02
2.752564e-02;2.355579e-01;3.396250e-01;9.850199e-02;7.500369e-03;1.028447e-01;9.578752e-03;7.082240e-02;4.621804e-02;8.317774e-03;3.024009e-03;5.048347e-02
4.182268e-02;2.483968e-01;3.756313e-01;3.189224e-02;7.922584e-03;5.651446e-02;9.815997e-03;9.776106e-02;3.987113e-02;1.142316e-02;5.366857e-03;7.358165e-02
2.625051e-02;1.886089e-01;3.645929e-01;2.643420e-02;9.747968e-03;4.806595e-02;2.103236e-02;1.138416e-01;6.326318e-02;2.574772e-02;1.890451e-02;9.351013e-02
4.456732e-02;1.493049e-01;2.833275e-01;3.111874e-02;1.876172e-02;5.794127e-02;3.854748e-02;9.676453e-02;1.003883e-01;4.748643e-02;4.681880e-02;8.497305e-02
7.990612e-02;1.540794e-01;2.119504e-01;4.456669e-02;3.010519e-02;5.546550e-02;6.146231e-02;6.329565e-02;1.154732e-01;5.989531e-02;6.472863e-02;5.907166e-02
8.900803e-02;1.541324e-01;3.229002e-01;4.975253e-02;2.688565e-02;3.410270e-02;5.588691e-02;3.093573e-02;1.178716e-01;4.546212e-02;4.223731e-02;3.082479e-02
1.144602e-01;1.931369e-01;4.201197e-01;3.231748e-02;6.668983e-03;1.910106e-02;2.199160e-02;1.570673e-02;1.204077e-01;3.230888e-02;1.383616e-02;9.944666e-03
1.120283e-01;2.006953e-01;4.387253e-01;2.721896e-02;1.280525e-02;8.278486e-03;1.580922e-02;2.050997e-02;1.046130e-01;3.269769e-02;1.167502e-02;1.494340e-02
9.869625e-02;1.884880e-01;3.935380e-01;3.106424e-02;2.919005e-02;3.013719e-02;4.256785e-02;2.597699e-02;9.370804e-02;3.688270e-02;1.538122e-02;1.436944e-02
5.219926e-02;1.581872e-01;3.162251e-01;4.032081e-02;4.465913e-02;8.247682e-02;8.048348e-02;4.830987e-02;8.005916e-02;4.911562e-02;2.072977e-02;2.723369e-02
7.110360e-02;1.476490e-01;2.673833e-01;3.223018e-02;3.968256e-02;1.036708e-01;6.893519e-02;5.293203e-02;1.273140e-01;4.079453e-02;1.677395e-02;3.153078e-02
6.752917e-02;1.902568e-01;2.534748e-01;1.947122e-02;1.889217e-02;1.279831e-01;3.910764e-02;3.748820e-02;1.767877e-01;3.004406e-02;9.374972e-03;2.959020e-02
4.849307e-02;2.403482e-01;2.490845e-01;1.881424e-02;4.872379e-03;1.547837e-01;1.174255e-02;1.367946e-02;2.080825e-01;1.994144e-02;3.522390e-03;2.663551e-02
6.141880e-02;2.677446e-01;2.271233e-01;1.774083e-02;7.201996e-03;1.491291e-01;4.998392e-03;6.579393e-03;2.163317e-01;1.269958e-02;4.614209e-03;2.441813e-02
8.952800e-02;2.798199e-01;2.252839e-01;1.852505e-02;7.122075e-03;1.242885e-01;4.502628e-03;7.750892e-03;2.103336e-01;9.836600e-03;3.275316e-03;1.973359e-02
1.210246e-01;2.675967e-01;2.327251e-01;2.170012e-02;9.928080e-03;9.625691e-02;1.514383e-02;1.132599e-02;1.912556e-01;1.244860e-02;4.804649e-03;1.578986e-02
1.392308e-01;2.472581e-01;2.135294e-01;2.807497e-02;1.956683e-02;8.186808e-02;3.623329e-02;2.041442e-02;1.653787e-01;2.171967e-02;1.155422e-02;1.517151e-02
1.426106e-01;2.043858e-01;2.859495e-01;3.220630e-02;2.478711e-02;5.803017e-02;6.977721e-02;2.647636e-02;9.714886e-02;2.702916e-02;1.917594e-02;1.242303e-02
1.508845e-01;1.904027e-01;3.959202e-01;2.548239e-02;1.176891e-02;2.412894e-02;8.702837e-02;1.990411e-02;5.237849e-02;1.230545e-02;2.004638e-02;9.749431e-03
1.308108e-01;1.920944e-01;4.225236e-01;2.609102e-02;1.192099e-02;2.004626e-02;8.614564e-02;1.661162e-02;5.261715e-02;1.113363e-02;1.617070e-02;1.383420e-02
7.687505e-02;1.416725e-01;3.932363e-01;4.084858e-02;2.464584e-02;6.335123e-02;8.476306e-02;4.183309e-02;7.008961e-02;2.196452e-02;1.582041e-02;2.489978e-02
5.451564e-02;9.630988e-02;3.824968e-01;4.142473e-02;3.628107e-02;6.530518e-02;7.939789e-02;5.738582e-02;8.336351e-02;4.919991e-02;2.080675e-02;3.351280e-02
7.292820e-02;9.011878e-02;4.312452e-01;3.302924e-02;2.888319e-02;4.201575e-02;5.171074e-02;4.437727e-02;7.537732e-02;8.357591e-02;1.930567e-02;2.743271e-02
6.691818e-02;6.490374e-02;5.520407e-01;2.878989e-02;3.198982e-02;1.615010e-02;3.816944e-02;1.726742e-02;4.303728e-02;1.224662e-01;8.444830e-03;9.822402e-03
4.056230e-02;4.544929e-02;6.204349e-01;2.787593e-02;4.156427e-02;5.825053e-03;4.072138e-02;6.333052e-03;2.168229e-02;1.387457e-01;6.806544e-03;3.999169e-03
1.595226e-02;5.299847e-02;6.453263e-01;2.599331e-02;4.421595e-02;4.835401e-03;3.975027e-02;6.395635e-03;1.710386e-02;1.395437e-01;3.562874e-03;4.321890e-03
2.399315e-02;7.127373e-02;6.280932e-01;2.484324e-02;4.220866e-02;3.689933e-03;4.792706e-02;4.845367e-03;1.525803e-02;1.289869e-01;5.883518e-03;2.997228e-03
5.539383e-02;9.952703e-02;5.765795e-01;2.559067e-02;3.965734e-02;5.884928e-03;6.048381e-02;4.351955e-03;1.465602e-02;1.071813e-01;4.411133e-03;6.282451e-03
7.916260e-02;1.079477e-01;5.077693e-01;3.979084e-02;3.879068e-02;1.049956e-02;6.333046e-02;1.086497e-02;2.212351e-02;9.232885e-02;1.320382e-02;1.418766e-02
7.964042e-02;8.980216e-02;4.519991e-01;4.770686e-02;3.309331e-02;2.285608e-02;6.715130e-02;3.233461e-02;4.165033e-02;7.658651e-02;2.358860e-02;3.359065e-02
9.016285e-02;6.690651e-02;4.193778e-01;4.759246e-02;3.468867e-02;3.549398e-02;5.789610e-02;4.592140e-02;5.353651e-02;5.772104e-02;3.758103e-02;5.312165e-02
6.444985e-02;8.309594e-02;4.317911e-01;3.652719e-02;3.286964e-02;2.992657e-02;5.136559e-02;3.625601e-02;6.377766e-02;6.794690e-02;4.373415e-02;5.825942e-02
3.871150e-02;9.162105e-02;4.452984e-01;2.728306e-02;2.208317e-02;3.396706e-02;4.565593e-02;3.629829e-02;7.548982e-02;6.969814e-02;4.735725e-02;6.653625e-02
5.179316e-02;1.056200e-01;4.031930e-01;2.320335e-02;1.563138e-02;3.628765e-02;5.541020e-02;4.454289e-02;7.796636e-02;6.758294e-02;3.664898e-02;8.212017e-02
9.613249e-02;1.388035e-01;3.541296e-01;3.262644e-02;1.516519e-02;4.032167e-02;5.777801e-02;3.609308e-02;6.844328e-02;5.659391e-02;2.422459e-02;7.968831e-02
1.411240e-01;1.640789e-01;3.196329e-01;4.488858e-02;1.566540e-02;3.498833e-02;4.463634e-02;2.686341e-02;8.631065e-02;4.878160e-02;1.354955e-02;5.948037e-02
1.513958e-01;1.700923e-01;3.140894e-01;4.438116e-02;1.599288e-02;2.346581e-02;4.921298e-02;3.079965e-02;9.706108e-02;4.345447e-02;1.942578e-02;4.062870e-02
1.478532e-01;1.656484e-01;3.211548e-01;2.907437e-02;1.542086e-02;1.297708e-02;8.120299e-02;3.390397e-02;7.453012e-02;5.931552e-02;3.136831e-02;2.755046e-02
1.576046e-01;1.365068e-01;3.050619e-01;1.817079e-02;1.480685e-02;8.702957e-03;1.328799e-01;4.488471e-02;4.568597e-02;5.924715e-02;4.981637e-02;2.663197e-02
1.783518e-01;1.090676e-01;2.629867e-01;1.473704e-02;1.858449e-02;1.240887e-02;1.573081e-01;4.236917e-02;6.145617e-02;4.722709e-02;6.767428e-02;2.782870e-02
2.012133e-01;9.996787e-02;2.233148e-01;1.857416e-02;3.015355e-02;2.133762e-02;1.502209e-01;3.536166e-02;7.984530e-02;3.487884e-02;7.468024e-02;3.045180e-02
2.181033e-01;1.036127e-01;1.937668e-01;2.309018e-02;3.858511e-02;2.796866e-02;1.336564e-01;4.444884e-02;8.340235e-02;2.653691e-02;6.972389e-02;3.710497e-02
2.356928e-01;9.923036e-02;1.512712e-01;2.895533e-02;4.551157e-02;3.162316e-02;1.429017e-01;6.122756e-02;7.438260e-02;2.672336e-02;5.685136e-02;4.562902e-02
2.544635e-01;8.330435e-02;8.838543e-02;3.731582e-02;4.296661e-02;4.660008e-02;1.753719e-01;8.363079e-02;5.157568e-02;3.657790e-02;4.737084e-02;5.243712e-02
2.128074e-01;6.895088e-02;7.386927e-02;4.262913e-02;3.353405e-02;4.824320e-02;2.032416e-01;9.247513e-02;6.539689e-02;4.988043e-02;5.534890e-02;5.362317e-02
1.297403e-01;7.998773e-02;1.633251e-01;4.766771e-02;4.461455e-02;5.320115e-02;1.752762e-01;7.966372e-02;6.787050e-02;6.038148e-02;5.777674e-02;4.049484e-02
4.485276e-02;8.811263e-02;2.284311e-01;4.226955e-02;5.772268e-02;6.222223e-02;1.154886e-01;6.342035e-02;7.930231e-02;9.845664e-02;6.300449e-02;5.671665e-02
1.062049e-01;8.325727e-02;2.209911e-01;5.333331e-02;4.896177e-02;6.885514e-02;8.179237e-02;5.708420e-02;8.066977e-02;1.088129e-01;4.641773e-02;4.361953e-02
1.049985e-01;1.172042e-01;1.444107e-01;8.290402e-02;6.049857e-02;8.231587e-02;7.421156e-02;7.702234e-02;1.027071e-01;9.205180e-02;2.885944e-02;3.281588e-02
7.227104e-02;1.239291e-01;7.459635e-02;9.193809e-02;7.767769e-02;7.647581e-02;1.004228e-01;9.397517e-02;1.415558e-01;9.517708e-02;2.337302e-02;2.860798e-02
5.265934e-02;8.706272e-02;1.345367e-01;7.365765e-02;8.016420e-02;6.993835e-02;1.195517e-01;7.593372e-02;1.163292e-01;1.007259e-01;4.645425e-02;4.298624e-02
6.272023e-02;5.796603e-02;2.698874e-01;7.681516e-02;9.907822e-02;5.041156e-02;1.486451e-01;5.408564e-02;3.928269e-02;5.941173e-02;3.809759e-02;4.359861e-02
1.021529e-01;9.405360e-02;3.078894e-01;5.516599e-02;6.412343e-02;4.766627e-02;1.113591e-01;4.511840e-02;6.064881e-02;5.321898e-02;2.302346e-02;3.557962e-02
1.317885e-01;1.287364e-01;3.123927e-01;4.105990e-02;4.105907e-02;4.547837e-02;7.533025e-02;3.683323e-02;8.364037e-02;5.549875e-02;1.463945e-02;3.354304e-02
1.418573e-01;1.644188e-01;2.778257e-01;4.391256e-02;3.214976e-02;4.475076e-02;5.651852e-02;3.222290e-02;9.700980e-02;4.922282e-02;2.133919e-02;3.877189e-02
9.464701e-02;1.964872e-01;2.341405e-01;5.111246e-02;2.411401e-02;6.505465e-02;3.609328e-02;4.207428e-02;9.868827e-02;4.296276e-02;3.409833e-02;8.052731e-02
1.026867e-01;1.898905e-01;2.205825e-01;3.014482e-02;3.205318e-02;6.430950e-02;6.631367e-02;3.746585e-02;7.694656e-02;5.075261e-02;4.722309e-02;8.163097e-02
1.755608e-01;1.914272e-01;1.447248e-01;1.884300e-02;4.595883e-02;5.790529e-02;8.284731e-02;3.938284e-02;6.223558e-02;6.059096e-02;7.722908e-02;4.329428e-02
2.262179e-01;1.553850e-01;9.372409e-02;1.571451e-02;5.742314e-02;4.281853e-02;1.101931e-01;3.930681e-02;4.272683e-02;5.587729e-02;1.162805e-01;4.433221e-02
2.302943e-01;1.292518e-01;9.144367e-02;1.842826e-02;6.480365e-02;2.951124e-02;1.352104e-01;4.107619e-02;3.557582e-02;3.693504e-02;1.305218e-01;5.694781e-02
1.521684e-01;1.260494e-01;1.335479e-01;4.118922e-02;7.201674e-02;4.555960e-02;1.276243e-01;6.295189e-02;3.652518e-02;3.830444e-02;1.183239e-01;4.573901e-02
1.345839e-01;1.074063e-01;1.174040e-01;7.037910e-02;9.256981e-02;6.875415e-02;1.034834e-01;9.633657e-02;4.095714e-02;4.364134e-02;9.060466e-02;3.387968e-02
2.036802e-01;7.051886e-02;1.024387e-01;7.490850e-02;9.347285e-02;7.055632e-02;8.610652e-02;9.947380e-02;5.783160e-02;3.901170e-02;5.819840e-02;4.380260e-02
2.327578e-01;1.207936e-01;1.628844e-01;5.195698e-02;6.901788e-02;4.303465e-02;7.518709e-02;7.885530e-02;7.829504e-02;2.841275e-02;2.891629e-02;2.988823e-02
2.699762e-01;2.004715e-01;1.801229e-01;3.960977e-02;4.213037e-02;2.911940e-02;5.061151e-02;5.310936e-02;7.791901e-02;1.690933e-02;1.893799e-02;2.108269e-02
3.019690e-01;1.955002e-01;1.670430e-01;3.276293e-02;3.557744e-02;2.280694e-02;4.643489e-02;6.037850e-02;6.203285e-02;1.677163e-02;2.367365e-02;3.504891e-02
3.065372e-01;1.477178e-01;1.340882e-01;2.749324e-02;4.494729e-02;2.165691e-02;7.361972e-02;7.267788e-02;3.333477e-02;2.888435e-02;3.941720e-02;6.962539e-02
2.073966e-01;9.972241e-02;1.259454e-01;4.212914e-02;6.101828e-02;3.651469e-02;1.113289e-01;5.725717e-02;3.615472e-02;6.889303e-02;7.286858e-02;8.077110e-02
7.878931e-02;8.813247e-02;1.392833e-01;6.006704e-02;7.650187e-02;6.352908e-02;1.034387e-01;8.231946e-02;6.281722e-02;9.587239e-02;8.693983e-02;6.230941e-02
5.473552e-02;6.738280e-02;6.475440e-02;9.025285e-02;8.710141e-02;7.122865e-02;1.068526e-01;9.927743e-02;8.511372e-02;1.248988e-01;7.339725e-02;7.500455e-02
7.219785e-02;4.590036e-02;7.472438e-02;9.141014e-02;1.111748e-01;1.238132e-01;9.468322e-02;8.394180e-02;1.137622e-01;9.822339e-02;3.339414e-02;5.677456e-02
7.541298e-02;5.160972e-02;8.328670e-02;9.449901e-02;8.487066e-02;1.222545e-01;1.329536e-01;8.078520e-02;1.098926e-01;7.365494e-02;4.317011e-02;4.760996e-02
5.897580e-02;7.756126e-02;8.371019e-02;8.008453e-02;8.099606e-02;8.693338e-02;1.546239e-01;9.800565e-02;9.094151e-02;7.825068e-02;4.689085e-02;6.302615e-02
6.756388e-02;8.391766e-02;7.510236e-02;6.300498e-02;1.048614e-01;8.918305e-02;1.208284e-01;8.681847e-02;8.589024e-02;8.315236e-02;7.894152e-02;6.073559e-02
6.139244e-02;6.098124e-02;6.405255e-02;5.130540e-02;1.136457e-01;6.351295e-02;1.019167e-01;1.121332e-01;8.457947e-02;8.612084e-02;1.181791e-01;8.218049e-02
7.060294e-02;4.723714e-02;6.868615e-02;6.583966e-02;9.308627e-02;8.699837e-02;1.481552e-01;1.097533e-01;5.978267e-02;7.879171e-02;7.479408e-02;9.627251e-02
7.897857e-02;5.666963e-02;1.064845e-01;4.377849e-02;4.612166e-02;9.427180e-02;1.598502e-01;9.468800e-02;8.756651e-02;9.438886e-02;6.100226e-02;7.619948e-02
7.145400e-02;4.961187e-02;1.370919e-01;5.027615e-02;5.508060e-02;6.320819e-02;1.711255e-01;8.601556e-02;1.268923e-01;7.850476e-02;5.741855e-02;5.332055e-02
1.013890e-01;5.263638e-02;1.518397e-01;6.653502e-02;7.941008e-02;5.959101e-02;1.459781e-01;4.742877e-02;8.476728e-02;8.770409e-02;7.127866e-02;5.144199e-02
6.217512e-02;5.898084e-02;2.739260e-01;1.141388e-01;7.604127e-02;4.793332e-02;1.399475e-01;2.740928e-02;4.037698e-02;4.743962e-02;5.642891e-02;5.520248e-02
6.455348e-02;9.176216e-02;2.547175e-01;1.237909e-01;6.505286e-02;6.936887e-02;1.174944e-01;1.119095e-02;6.331788e-02;2.717668e-02;5.004024e-02;6.153407e-02
7.702813e-02;1.099395e-01;1.924160e-01;1.082836e-01;7.640065e-02;8.082654e-02;1.164617e-01;2.807993e-02;8.993083e-02;2.369538e-02;4.165564e-02;5.528199e-02
1.215033e-01;9.621802e-02;1.361250e-01;7.935625e-02;7.265037e-02;7.495216e-02;1.236071e-01;6.208271e-02;1.015821e-01;4.106971e-02;5.730833e-02;3.354494e-02
1.696404e-01;8.971117e-02;1.174328e-01;4.174370e-02;7.042329e-02;4.626686e-02;1.222723e-01;1.126590e-01;9.645998e-02;3.948609e-02;7.703471e-02;1.686974e-02
2.149824e-01;9.622133e-02;8.719756e-02;2.050839e-02;1.010550e-01;3.590306e-02;7.308648e-02;1.335868e-01;1.127396e-01;1.963775e-02;8.347331e-02;2.160832e-02
2.900825e-01;9.454179e-02;7.952280e-02;1.081537e-02;1.183660e-01;1.272433e-02;3.352441e-02;1.326981e-01;9.646325e-02;9.827116e-03;9.686415e-02;2.457015e-02
3.262416e-01;8.391903e-02;9.309687e-02;1.074258e-02;1.122864e-01;8.387664e-03;2.935023e-02;1.613938e-01;3.757234e-02;1.228785e-02;9.555554e-02;2.916617e-02
3.116280e-01;8.096321e-02;1.251815e-01;1.758316e-02;1.052634e-01;9.126605e-03;4.523225e-02;1.606837e-01;2.321628e-02;1.407214e-02;6.671850e-02;4.033122e-02
2.812770e-01;6.216613e-02;1.079983e-01;2.836854e-02;9.994378e-02;2.160626e-02;7.203167e-02;1.570437e-01;3.741084e-02;2.265606e-02;5.076147e-02;5.873626e-02
2.172857e-01;2.786264e-02;2.175968e-01;2.419498e-02;5.174140e-02;3.729646e-02;1.028912e-01;1.139029e-01;5.167571e-02;3.602188e-02;4.794674e-02;7.158353e-02
2.509414e-01;2.300216e-02;1.523026e-01;1.920402e-02;2.219440e-02;4.486330e-02;1.373536e-01;8.203845e-02;6.196414e-02;4.843171e-02;6.839752e-02;8.930671e-02
2.751924e-01;3.038368e-02;1.127229e-01;1.501199e-02;1.823291e-02;4.399642e-02;1.208571e-01;9.274495e-02;5.642027e-02;6.353396e-02;7.219377e-02;9.870971e-02
2.830589e-01;2.950533e-02;1.403453e-01;2.048699e-02;1.601115e-02;5.878346e-02;9.449608e-02;1.094701e-01;3.479578e-02;6.174498e-02;5.491923e-02;9.638269e-02
2.801004e-01;5.993434e-02;1.616208e-01;2.165695e-02;2.958946e-02;7.103458e-02;8.658648e-02;1.071782e-01;3.879425e-02;4.098204e-02;3.147209e-02;7.105051e-02
2.911038e-01;1.048499e-01;2.156565e-01;1.333637e-02;4.921408e-02;5.263573e-02;6.707159e-02;8.951759e-02;3.098215e-02;2.310323e-02;2.079505e-02;4.173397e-02
2.950410e-01;1.454079e-01;2.870398e-01;1.089908e-02;4.794795e-02;2.263877e-02;5.849445e-02;4.809757e-02;1.274575e-02;2.800364e-02;1.577395e-02;2.791012e-02
2.671045e-01;1.547664e-01;3.226807e-01;1.165553e-02;3.367196e-02;1.973017e-02;7.533266e-02;1.476038e-02;1.470175e-02;4.439117e-02;1.880536e-02;2.239944e-02
2.178596e-01;1.307231e-01;3.331755e-01;1.587370e-02;3.353385e-02;3.317523e-02;8.320452e-02;4.013269e-02;1.995121e-02;4.415646e-02;2.503089e-02;2.318322e-02
1.766094e-01;9.343461e-02;2.828709e-01;2.534432e-02;4.027774e-02;5.031406e-02;1.299973e-01;6.794593e-02;2.751766e-02;3.953480e-02;3.400407e-02;3.214926e-02
1.243280e-01;7.016138e-02;2.322794e-01;3.250726e-02;3.412644e-02;5.135887e-02;1.928824e-01;8.175854e-02;2.217293e-02;5.643048e-02;5.633386e-02;4.566034e-02
5.373060e-02;2.732027e-02;1.908851e-01;3.522453e-02;4.615018e-02;4.407486e-02;2.395839e-01;6.273281e-02;3.209140e-02;1.042119e-01;1.060576e-01;5.793690e-02
3.394777e-02;1.970764e-02;2.249609e-01;2.736242e-02;5.137533e-02;3.468868e-02;2.144107e-01;3.652972e-02;2.921871e-02;1.261357e-01;1.362333e-01;6.542911e-02
3.859878e-02;3.904918e-02;1.313487e-01;2.352459e-02;5.017446e-02;3.110614e-02;1.880199e-01;7.550847e-02;3.793732e-02;1.539751e-01;1.536726e-01;7.708468e-02
6.394138e-02;3.377239e-02;1.890547e-01;4.472579e-02;6.207886e-02;3.624485e-02;1.020517e-01;6.879102e-02;5.260365e-02;1.556037e-01;1.277204e-01;6.341151e-02
7.781839e-02;5.807646e-02;1.424716e-01;5.669687e-02;7.391409e-02;7.486274e-02;1.117743e-01;7.962102e-02;6.953517e-02;1.125594e-01;8.361012e-02;5.905988e-02
7.884308e-02;6.426677e-02;1.248493e-01;6.059194e-02;8.001265e-02;7.601883e-02;1.373580e-01;8.614010e-02;7.892603e-02;8.612317e-02;6.525752e-02;6.161263e-02
7.888764e-02;6.108237e-02;1.064456e-01;7.476804e-02;7.491536e-02;6.027550e-02;1.382683e-01;9.789904e-02;9.458927e-02;8.572479e-02;6.165892e-02;6.548520e-02
5.574270e-02;3.775109e-02;9.806764e-02;6.131794e-02;8.860129e-02;8.782404e-02;1.360405e-01;1.126934e-01;7.728136e-02;1.149303e-01;6.020587e-02;6.954383e-02
5.353885e-02;3.428437e-02;7.050415e-02;7.957064e-02;8.767669e-02;1.118761e-01;1.374476e-01;1.046173e-01;6.665553e-02;1.083932e-01;5.401461e-02;9.142091e-02
5.739694e-02;5.479646e-02;1.112539e-01;1.022955e-01;8.753312e-02;1.103949e-01;1.013970e-01;8.725305e-02;7.734539e-02;1.178925e-01;4.320968e-02;4.923162e-02
5.925095e-02;6.158717e-02;1.457905e-01;6.132367e-02;6.471934e-02;7.529159e-02;1.237857e-01;9.740106e-02;9.154467e-02;1.191350e-01;4.675824e-02;5.341211e-02
5.759209e-02;6.803817e-02;1.425094e-01;1.007176e-01;5.980204e-02;6.102045e-02;1.292953e-01;1.003377e-01;1.180826e-01;1.018488e-01;3.138936e-02;2.936652e-02
6.352043e-02;6.888663e-02;1.515248e-01;1.170408e-01;4.967271e-02;7.247823e-02;9.778245e-02;8.222884e-02;1.317546e-01;9.866023e-02;4.926562e-02;1.718466e-02
7.598708e-02;5.384165e-02;1.538551e-01;9.087593e-02;5.634447e-02;8.733611e-02;8.082043e-02;9.134648e-02;1.195004e-01;8.924540e-02;5.847419e-02;4.237273e-02
5.032066e-02;4.769922e-02;1.619532e-01;9.496105e-02;5.338196e-02;1.045145e-01;7.380790e-02;8.394534e-02;9.235252e-02;9.483767e-02;6.607404e-02;7.615189e-02
4.931461e-02;7.977776e-02;1.940194e-01;1.092842e-01;4.264530e-02;8.314245e-02;1.392094e-01;5.379513e-02;7.266914e-02;6.204716e-02;4.963675e-02;6.445868e-02
7.347074e-02;9.438926e-02;2.955568e-01;8.257843e-02;6.125616e-02;7.273891e-02;1.546228e-01;3.524408e-02;4.552094e-02;3.435432e-02;2.161680e-02;2.865076e-02
9.821849e-02;1.226605e-01;3.309166e-01;4.792497e-02;5.142510e-02;6.457634e-02;1.040654e-01;3.761634e-02;5.152035e-02;4.141578e-02;1.949474e-02;3.016532e-02
7.491610e-02;1.444572e-01;3.726905e-01;3.781210e-02;4.496820e-02;5.468027e-02;8.142194e-02;3.934519e-02;5.533229e-02;4.244857e-02;2.249182e-02;2.943581e-02
6.388300e-02;1.622262e-01;3.132823e-01;5.100638e-02;5.660696e-02;6.233410e-02;8.332980e-02;4.286126e-02;6.286278e-02;3.549815e-02;3.114899e-02;3.496012e-02
1.662379e-01;1.960848e-01;1.758541e-01;3.538590e-02;5.763085e-02;6.712190e-02;7.434204e-02;4.876657e-02;7.619827e-02;3.212991e-02;3.526799e-02;3.497976e-02
2.553886e-01;1.835303e-01;9.946352e-02;2.624099e-02;7.129133e-02;4.989811e-02;9.679467e-02;4.623451e-02;6.400197e-02;2.814881e-02;5.292996e-02;2.607729e-02
2.961203e-01;1.571046e-01;9.610589e-02;1.411417e-02;8.280308e-02;4.537169e-02;1.199394e-01;5.006079e-02;4.103426e-02;2.106712e-02;5.722104e-02;1.905759e-02
3.087826e-01;1.375650e-01;9.301482e-02;2.330391e-02;8.938250e-02;4.360572e-02;1.191927e-01;6.229227e-02;2.826447e-02;1.715112e-02;5.366721e-02;2.377765e-02
3.324984e-01;1.277911e-01;8.930003e-02;1.963451e-02;9.336449e-02;4.037412e-02;1.124120e-01;6.283751e-02;2.675797e-02;1.488793e-02;5.281986e-02;2.732211e-02
3.359459e-01;1.330720e-01;1.014737e-01;1.784918e-02;8.734459e-02;4.317639e-02;1.189391e-01;4.347994e-02;2.457969e-02;1.524906e-02;5.319884e-02;2.569155e-02
3.416238e-01;1.354163e-01;9.918427e-02;1.661724e-02;8.258366e-02;4.607487e-02;1.237815e-01;3.098251e-02;2.465924e-02;1.719340e-02;5.459572e-02;2.728750e-02
3.394924e-01;1.367747e-01;1.087809e-01;1.151410e-02;7.303086e-02;4.752853e-02;1.258505e-01;2.595918e-02;2.569686e-02;1.820197e-02;5.746901e-02;2.970106e-02
3.304216e-01;1.295512e-01;1.077187e-01;1.672622e-02;6.871771e-02;5.003731e-02;1.272718e-01;3.261095e-02;2.681363e-02;1.872185e-02;5.966313e-02;3.174599e-02
3.177018e-01;1.161417e-01;1.091587e-01;3.155700e-02;7.160054e-02;4.304330e-02;1.250943e-01;4.758750e-02;2.223573e-02;2.107658e-02;5.204611e-02;4.275667e-02
3.280448e-01;1.156299e-01;1.152140e-01;4.266899e-02;7.352206e-02;2.811592e-02;1.015139e-01;5.265681e-02;1.612693e-02;1.993156e-02;4.478772e-02;6.178746e-02
3.289047e-01;1.295397e-01;1.250979e-01;4.897657e-02;6.925416e-02;3.138516e-02;8.185530e-02;4.283562e-02;1.181893e-02;2.352798e-02;3.326495e-02;7.353903e-02
3.439369e-01;1.301584e-01;1.256272e-01;5.312113e-02;5.364455e-02;4.397574e-02;7.010078e-02;3.526172e-02;1.362995e-02;1.897895e-02;3.672572e-02;7.483899e-02
3.649578e-01;1.202931e-01;1.389106e-01;4.086958e-02;6.135085e-02;4.008804e-02;5.083730e-02;3.752690e-02;1.352006e-02;1.585057e-02;3.951655e-02;7.627860e-02
3.725805e-01;1.058300e-01;1.228261e-01;2.663082e-02;4.980555e-02;3.599531e-02;4.523465e-02;3.911740e-02;2.308274e-02;3.580172e-02;4.208965e-02;1.010056e-01
2.995323e-01;9.978641e-02;8.883988e-02;3.937122e-02;5.416965e-02;2.425321e-02;4.662498e-02;4.245478e-02;3.286200e-02;5.007191e-02;7.427090e-02;1.477628e-01
1.902624e-01;9.534016e-02;7.295439e-02;4.033028e-02;7.689153e-02;4.361456e-02;6.128618e-02;4.909742e-02;3.504793e-02;7.759769e-02;1.148795e-01;1.426980e-01
1.424964e-01;8.607462e-02;1.024388e-01;3.587336e-02;5.650677e-02;6.428166e-02;6.525396e-02;7.550817e-02;5.920549e-02;9.509210e-02;1.176965e-01;9.957223e-02
1.171249e-01;5.569877e-02;9.338430e-02;2.433218e-02;7.290529e-02;5.379413e-02;9.089071e-02;1.148907e-01;8.067694e-02;1.162447e-01;1.233242e-01;5.673325e-02
1.146394e-01;3.777548e-02;5.469687e-02;3.084403e-02;1.289556e-01;4.532005e-02;1.247452e-01;7.623126e-02;6.740714e-02;1.294447e-01;1.421195e-01;4.782075e-02
6.722778e-02;3.934934e-02;6.332580e-02;4.599365e-02;1.041864e-01;8.824544e-02;1.229970e-01;5.116609e-02;9.701188e-02;1.237370e-01;1.452353e-01;5.152429e-02
4.381076e-02;4.607692e-02;6.755617e-02;5.512614e-02;4.522333e-02;1.250905e-01;1.053190e-01;7.874154e-02;1.423228e-01;1.474606e-01;8.891215e-02;5.436018e-02
5.332982e-02;4.903796e-02;6.347081e-02;4.365744e-02;3.968409e-02;1.127454e-01;1.225460e-01;1.031103e-01;1.556541e-01;1.367074e-01;5.261583e-02;6.744082e-02
6.407094e-02;6.693475e-02;1.717116e-01;5.568183e-02;4.701192e-02;6.968653e-02;1.378150e-01;9.470896e-02;1.187038e-01;8.984208e-02;4.459995e-02;3.923262e-02
8.461843e-02;9.234904e-02;2.875222e-01;6.198552e-02;6.539144e-02;4.482616e-02;1.494082e-01;5.875422e-02;4.602396e-02;3.443491e-02;3.816462e-02;3.652125e-02
1.240835e-01;1.115857e-01;2.628679e-01;5.263839e-02;7.921677e-02;4.310398e-02;1.550791e-01;4.913899e-02;3.696118e-02;2.202943e-02;3.801690e-02;2.527810e-02
1.871429e-01;1.128983e-01;1.752528e-01;3.322876e-02;9.894605e-02;4.435231e-02;1.573221e-01;6.842231e-02;3.463545e-02;1.872498e-02;4.306003e-02;2.601405e-02
2.347159e-01;9.051909e-02;1.051765e-01;2.211018e-02;1.198528e-01;4.619899e-02;1.799937e-01;8.710027e-02;2.503753e-02;1.662596e-02;4.604045e-02;2.662854e-02
2.414415e-01;7.621844e-02;1.111206e-01;2.050967e-02;1.080208e-01;4.338057e-02;1.855016e-01;9.638265e-02;2.437296e-02;2.274542e-02;4.546532e-02;2.484059e-02
2.438792e-01;7.693579e-02;1.156754e-01;3.228239e-02;8.874702e-02;2.729866e-02;2.005798e-01;1.087580e-01;2.405751e-02;2.461839e-02;3.615892e-02;2.100887e-02
2.306459e-01;8.177651e-02;1.158492e-01;5.099412e-02;7.552714e-02;3.163718e-02;1.948544e-01;1.028294e-01;3.829708e-02;3.024034e-02;2.848934e-02;1.885944e-02
2.028829e-01;7.431178e-02;1.151329e-01;6.710804e-02;1.043807e-01;4.420000e-02;1.810282e-01;9.366545e-02;3.353932e-02;3.621262e-02;2.158316e-02;2.595493e-02
1.762996e-01;4.753577e-02;1.284134e-01;6.723008e-02;1.734569e-01;4.676311e-02;1.454793e-01;1.146616e-01;2.799602e-02;3.430578e-02;1.819096e-02;1.966741e-02
1.489290e-01;3.011531e-02;9.696843e-02;6.684953e-02;2.421701e-01;5.855528e-02;1.407164e-01;1.368622e-01;2.108105e-02;3.106085e-02;6.322956e-03;2.036898e-02
1.346930e-01;2.275627e-02;9.026236e-02;6.776006e-02;2.618758e-01;5.137035e-02;1.159819e-01;1.590563e-01;2.445168e-02;3.190145e-02;1.913230e-02;2.075845e-02
1.206049e-01;2.466259e-02;9.663370e-02;7.539736e-02;2.145842e-01;7.008810e-02;1.167428e-01;1.653474e-01;2.920172e-02;3.728000e-02;2.791206e-02;2.154517e-02
1.142019e-01;3.026780e-02;1.125491e-01;8.940148e-02;1.722455e-01;7.323424e-02;1.142469e-01;1.635821e-01;3.603781e-02;3.108095e-02;3.538061e-02;2.777158e-02
9.059081e-02;3.189908e-02;1.205010e-01;1.025179e-01;1.674524e-01;7.965667e-02;1.132406e-01;1.435665e-01;4.223844e-02;3.185255e-02;3.675165e-02;3.973233e-02
9.203743e-02;4.052355e-02;1.441311e-01;9.136306e-02;9.511606e-02;7.882285e-02;1.438466e-01;1.307751e-01;6.401095e-02;1.848281e-02;5.356667e-02;4.732381e-02
1.402583e-01;8.008756e-02;1.614255e-01;4.822703e-02;8.443996e-02;5.050508e-02;1.146335e-01;1.007261e-01;6.658562e-02;7.490548e-02;4.735491e-02;3.085096e-02
1.603730e-01;1.289681e-01;1.235159e-01;7.163627e-02;7.439511e-02;6.212151e-02;8.900478e-02;6.030921e-02;3.575554e-02;1.063211e-01;3.209561e-02;5.550387e-02
1.366730e-01;1.123475e-01;1.194163e-01;6.738294e-02;5.214658e-02;5.532103e-02;1.199355e-01;1.966969e-02;6.589772e-02;8.798175e-02;5.665503e-02;1.065729e-01
1.198398e-01;4.519813e-02;1.040658e-01;6.311520e-02;4.596173e-02;5.850383e-02;1.430697e-01;3.831258e-02;5.667924e-02;8.149129e-02;1.158487e-01;1.279141e-01
9.162596e-02;3.780092e-02;1.133324e-01;6.539023e-02;4.638105e-02;6.388754e-02;1.628324e-01;5.182759e-02;6.647444e-02;8.849367e-02;1.143142e-01;9.763964e-02
8.826725e-02;3.805894e-02;1.457352e-01;6.505594e-02;6.020275e-02;8.005035e-02;1.924255e-01;6.605199e-02;6.963909e-02;8.636726e-02;5.295975e-02;5.518597e-02
1.174206e-01;4.477439e-02;2.275938e-01;5.411263e-02;6.077841e-02;7.595742e-02;1.988870e-01;6.283783e-02;5.338576e-02;6.109151e-02;1.479804e-02;2.836278e-02
1.132043e-01;1.134658e-01;3.315713e-01;3.889686e-02;5.184245e-02;4.263803e-02;1.417090e-01;3.251251e-02;4.435610e-02;3.361643e-02;2.550330e-02;3.068382e-02
1.156545e-01;1.453737e-01;3.329297e-01;3.751753e-02;5.102346e-02;2.857687e-02;1.344516e-01;2.870298e-02;4.184783e-02;2.711913e-02;3.940462e-02;1.739814e-02
1.392131e-01;1.229191e-01;3.143200e-01;4.345441e-02;5.894936e-02;3.725617e-02;1.381259e-01;2.897855e-02;3.201116e-02;3.077590e-02;3.422562e-02;1.977060e-02
1.636571e-01;1.031501e-01;4.121434e-01;3.346173e-02;5.350271e-02;4.130504e-02;8.138195e-02;1.350444e-02;1.782924e-02;2.809527e-02;2.681625e-02;2.515287e-02
1.598677e-01;1.018946e-01;4.820978e-01;2.283724e-02;2.518010e-02;2.564027e-02;5.754426e-02;1.341936e-02;1.403127e-02;2.711010e-02;3.816101e-02;3.221625e-02
1.595613e-01;9.101250e-02;4.493276e-01;2.474065e-02;2.043173e-02;1.458533e-02;6.929545e-02;2.031939e-02;1.262519e-02;3.556434e-02;5.870384e-02;4.383278e-02
1.297319e-01;9.102312e-02;3.145151e-01;3.159342e-02;2.991798e-02;2.876077e-02;9.804234e-02;3.878920e-02;2.643362e-02;6.152914e-02;8.873244e-02;6.093096e-02
1.034498e-01;8.537538e-02;2.084649e-01;2.911938e-02;4.409752e-02;3.626511e-02;1.245140e-01;5.216702e-02;6.484327e-02;9.186369e-02;8.433440e-02;7.550553e-02
5.549574e-02;6.992084e-02;2.820303e-01;3.617348e-02;4.521075e-02;3.806833e-02;1.197137e-01;7.097508e-02;7.540862e-02;8.667386e-02;6.278638e-02;5.754291e-02
9.514778e-02;4.271410e-02;1.693997e-01;4.149278e-02;6.278025e-02;4.717630e-02;1.369061e-01;9.765486e-02;9.150503e-02;8.876842e-02;6.800258e-02;5.845205e-02
8.491232e-02;4.285266e-02;1.535014e-01;4.831168e-02;5.951297e-02;5.753856e-02;1.592279e-01;8.612338e-02;9.195513e-02;9.003210e-02;5.358748e-02;7.244436e-02
5.937944e-02;4.688948e-02;1.688728e-01;5.786858e-02;6.485686e-02;6.792644e-02;1.513140e-01;8.943926e-02;9.404860e-02;8.257996e-02;4.771061e-02;6.911396e-02
6.876417e-02;4.591946e-02;1.292561e-01;6.390256e-02;6.254748e-02;7.528581e-02;1.318720e-01;7.621305e-02;1.022302e-01;7.408721e-02;9.070151e-02;7.922045e-02
7.807378e-02;7.529604e-02;1.436224e-01;4.243795e-02;6.858420e-02;9.314075e-02;1.248813e-01;7.579511e-02;7.557834e-02;1.017258e-01;6.548550e-02;5.537887e-02
7.798411e-02;6.059245e-02;1.496695e-01;6.317418e-02;4.439119e-02;1.071699e-01;1.008900e-01;7.084078e-02;7.981820e-02;1.112375e-01;6.786167e-02;6.637045e-02
