1.124897e-01;6.341787e-02;5.965498e-02;6.479337e-02;5.714585e-02;4.793306e-02;7.818763e-02;8.143017e-02;1.673966e-01;9.298475e-02;5.573792e-02;1.188280e-01
8.621315e-02;5.136041e-02;7.074345e-02;5.047159e-02;5.180579e-02;8.883161e-02;9.234966e-02;5.562029e-02;1.862313e-01;6.688626e-02;1.007736e-01;9.871287e-02
4.529855e-02;3.337476e-02;8.214823e-02;2.802105e-02;4.566578e-02;1.487908e-01;1.157197e-01;2.829100e-02;2.021633e-01;3.400640e-02;1.864495e-01;5.007080e-02
2.336448e-02;2.313071e-02;4.587155e-02;3.518156e-02;3.530272e-02;1.479310e-01;2.130671e-01;4.984274e-02;1.494204e-01;4.152934e-02;1.445921e-01;9.076629e-02
2.662410e-02;2.949640e-02;1.572529e-02;5.106024e-02;2.507233e-02;1.746419e-01;3.237541e-01;5.666242e-02;8.710797e-02;3.565518e-02;6.327062e-02;1.109294e-01
2.377939e-02;3.976679e-02;1.736469e-02;4.503070e-02;2.459952e-02;2.424401e-01;3.216409e-01;4.995158e-02;6.587971e-02;3.288549e-02;3.161972e-02;1.050414e-01
3.339949e-02;4.454345e-02;2.180186e-02;2.451462e-02;2.595141e-02;3.483478e-01;1.670871e-01;5.931182e-02;7.695143e-02;4.754685e-02;4.625297e-02;1.042912e-01
4.092671e-02;4.416988e-02;3.743782e-02;1.384380e-02;1.871748e-02;3.035890e-01;1.950902e-01;5.809794e-02;5.098801e-02;4.002102e-02;9.507392e-02;1.020442e-01
4.363644e-02;5.371964e-02;4.622466e-02;4.156100e-02;2.313262e-02;1.574778e-01;2.529961e-01;8.391789e-02;4.569418e-02;2.278879e-02;9.227791e-02;1.365729e-01
6.203617e-02;5.527012e-02;3.555663e-02;6.278241e-02;5.996437e-02;7.497789e-02;1.909040e-01;1.976045e-01;5.047637e-02;2.592609e-02;5.316630e-02;1.313352e-01
1.007408e-01;8.434787e-02;3.502421e-02;3.957891e-02;1.253261e-01;6.031077e-02;1.062212e-01;2.650477e-01;6.806521e-02;1.929032e-02;4.195498e-02;5.409189e-02
1.112610e-01;1.091351e-01;4.060012e-02;2.003730e-02;1.723891e-01;7.624099e-02;4.463356e-02;2.367960e-01;1.081314e-01;1.205361e-02;4.295422e-02;2.576763e-02
9.672692e-02;1.344001e-01;4.704532e-02;1.885963e-02;1.598881e-01;8.188412e-02;3.995142e-02;1.746177e-01;1.676698e-01;1.575545e-02;4.354085e-02;1.966062e-02
8.872273e-02;1.478868e-01;4.493468e-02;2.105794e-02;1.186621e-01;4.662833e-02;4.739974e-02;1.546785e-01;2.572574e-01;1.496004e-02;4.490460e-02;1.290722e-02
7.134181e-02;1.579426e-01;4.042166e-02;2.032411e-02;7.294233e-02;2.426502e-02;5.185298e-02;1.230591e-01;3.573210e-01;2.220654e-02;4.109313e-02;1.722966e-02
6.320859e-02;1.761523e-01;3.843344e-02;1.964342e-02;3.986140e-02;3.114413e-02;5.707532e-02;1.043048e-01;3.836121e-01;3.046263e-02;3.689983e-02;1.920208e-02
5.818257e-02;2.001462e-01;4.720668e-02;3.026988e-02;3.734957e-02;4.228151e-02;4.564245e-02;1.031845e-01;3.468634e-01;2.811703e-02;4.432371e-02;1.643259e-02
3.411043e-02;1.834015e-01;6.836583e-02;5.112044e-02;3.596529e-02;7.569271e-02;4.220959e-02;1.106115e-01;3.067940e-01;3.871882e-02;3.215531e-02;2.085459e-02
3.196628e-02;1.418114e-01;8.559554e-02;5.930029e-02;3.679162e-02;9.974457e-02;6.677002e-02;1.444530e-01;2.459857e-01;5.036308e-02;1.199436e-02;2.522401e-02
4.197375e-02;1.156468e-01;1.459546e-01;6.889430e-02;4.165992e-02;1.010485e-01;8.088476e-02;1.567678e-01;1.684256e-01;3.233712e-02;1.192541e-02;3.448154e-02
2.498266e-02;1.980814e-01;2.324765e-01;6.086199e-02;3.685539e-02;8.042321e-02;3.887206e-02;8.503737e-02;1.190551e-01;6.691779e-02;1.512176e-02;4.131475e-02
1.553885e-02;2.031519e-01;2.568802e-01;4.013908e-02;3.256164e-02;7.297757e-02;1.687285e-02;5.354104e-02;1.192417e-01;1.280746e-01;7.052645e-03;5.396801e-02
1.155149e-02;2.196852e-01;2.764377e-01;1.953367e-02;1.715530e-02;5.642771e-02;1.617013e-02;4.052740e-02;1.373901e-01;1.490256e-01;1.257063e-02;4.352517e-02
2.570468e-02;2.795719e-01;2.686009e-01;1.703477e-02;1.290427e-02;6.958230e-02;2.720279e-02;2.771550e-02;1.175230e-01;1.158351e-01;1.999942e-02;1.832555e-02
3.261208e-02;3.276283e-01;2.490834e-01;1.818514e-02;1.537685e-02;8.767004e-02;2.811933e-02;3.785413e-02;8.308552e-02;8.117613e-02;2.587060e-02;1.333845e-02
3.294415e-02;3.715152e-01;2.104034e-01;1.711999e-02;1.220124e-02;1.204440e-01;1.525720e-02;4.741934e-02;4.485324e-02;6.966793e-02;3.656130e-02;2.161290e-02
4.626837e-02;3.605891e-01;2.384895e-01;1.645547e-02;1.231822e-02;7.714463e-02;1.731208e-02;3.033113e-02;1.052651e-01;4.688295e-02;3.318152e-02;1.576190e-02
4.018128e-02;3.681937e-01;2.274002e-01;2.201060e-02;2.009402e-02;7.120927e-02;1.086477e-02;4.234464e-02;1.113087e-01;5.557221e-02;1.975241e-02;1.106815e-02
1.487808e-02;3.469393e-01;2.744531e-01;1.458727e-02;8.634214e-03;8.738684e-02;1.434635e-02;4.405901e-02;1.137615e-01;5.469336e-02;1.292069e-02;1.334029e-02
1.571615e-02;3.501601e-01;3.334023e-01;1.695218e-02;1.133336e-02;6.470156e-02;1.237063e-02;3.243484e-02;9.428173e-02;4.544161e-02;9.288184e-03;1.391739e-02
1.802015e-02;3.912394e-01;3.020971e-01;2.292468e-02;1.296286e-02;6.724229e-02;1.159475e-02;2.021983e-02;9.793509e-02;3.854492e-02;5.546864e-03;1.167201e-02
2.163817e-02;4.500500e-01;2.193933e-01;2.146719e-02;1.067178e-02;9.447878e-02;7.097308e-03;1.671179e-02;1.163139e-01;2.787182e-02;3.824784e-03;1.048110e-02
2.263905e-02;4.738631e-01;1.509758e-01;2.036276e-02;1.044551e-02;9.455689e-02;8.968984e-03;2.346149e-02;1.666252e-01;1.115492e-02;6.603000e-03;1.034326e-02
4.641826e-02;4.532746e-01;1.512783e-01;1.743297e-02;7.136141e-03;7.116327e-02;1.135752e-02;1.833124e-02;1.758310e-01;2.492951e-02;6.645305e-03;1.620182e-02
1.005571e-01;3.950860e-01;1.746823e-01;1.546181e-02;7.350374e-03;5.814805e-02;7.849652e-03;3.301346e-02;1.558845e-01;2.451607e-02;4.575045e-03;2.287567e-02
1.203500e-01;3.136379e-01;2.050355e-01;2.253708e-02;1.198631e-02;7.291076e-02;1.230766e-02;4.582327e-02;1.263352e-01;3.031942e-02;1.096199e-02;2.779488e-02
9.482452e-02;2.430396e-01;2.367939e-01;2.023964e-02;2.172510e-02;9.577071e-02;2.336834e-02;5.150672e-02;1.121993e-01;5.578641e-02;1.972039e-02;2.502541e-02
6.294439e-02;3.245444e-01;1.884150e-01;1.658823e-02;2.018327e-02;8.862238e-02;2.941883e-02;3.256868e-02;1.085870e-01;6.785106e-02;2.265455e-02;3.762215e-02
3.777831e-02;3.264967e-01;2.132231e-01;1.650340e-02;9.602549e-03;1.198974e-01;3.122832e-02;2.975298e-02;1.158270e-01;6.196035e-02;9.722285e-03;2.800758e-02
4.912153e-02;2.981354e-01;2.310228e-01;1.732397e-02;1.576896e-02;1.027184e-01;9.081982e-03;4.651574e-02;1.367728e-01;6.946639e-02;4.943497e-03;1.912864e-02
4.459657e-02;2.853141e-01;1.979281e-01;1.534482e-02;2.659193e-02;5.789468e-02;2.937770e-02;7.939768e-02;1.899719e-01;4.758894e-02;1.427643e-02;1.171722e-02
3.025292e-02;3.167317e-01;1.722242e-01;9.538190e-03;4.337806e-02;5.764283e-02;2.560419e-02;6.067766e-02;1.686067e-01;8.068193e-02;2.032565e-02;1.433594e-02
5.588017e-02;3.020625e-01;2.144275e-01;1.718794e-02;5.684713e-02;9.270860e-02;4.777720e-02;1.642380e-02;7.388058e-02;8.220452e-02;1.330840e-02;2.729159e-02
6.281248e-02;2.697625e-01;2.219164e-01;1.670835e-02;5.056668e-02;8.918904e-02;7.241216e-02;4.304624e-02;6.755360e-02;4.472602e-02;3.383207e-02;2.747445e-02
5.190702e-02;2.082836e-01;2.411056e-01;2.819096e-02;5.280962e-02;8.178515e-02;5.445085e-02;5.819751e-02;9.844272e-02;4.950503e-02;4.531575e-02;3.000619e-02
3.426956e-02;1.461978e-01;2.945130e-01;5.546580e-02;4.994218e-02;8.153308e-02;3.053140e-02;6.233523e-02;1.247830e-01;6.740650e-02;2.750510e-02;2.551733e-02
3.190024e-02;2.443785e-01;2.716196e-01;4.820322e-02;3.218557e-02;8.449413e-02;3.254390e-02;3.455608e-02;1.358427e-01;6.320187e-02;9.379171e-03;1.169503e-02
2.921557e-02;3.235952e-01;2.209485e-01;2.827607e-02;1.482110e-02;8.774109e-02;3.530621e-02;2.056758e-02;1.745991e-01;4.567217e-02;7.258963e-03;1.199832e-02
2.530756e-02;3.596918e-01;1.651642e-01;2.273602e-02;8.492853e-03;8.149286e-02;2.478201e-02;2.426988e-02;2.266604e-01;3.876536e-02;6.276820e-03;1.636025e-02
2.723590e-02;3.336743e-01;1.446066e-01;1.878272e-02;9.558775e-03;5.320145e-02;2.254370e-02;5.704815e-02;2.526651e-01;3.170671e-02;1.736236e-02;3.161430e-02
4.481205e-02;2.631840e-01;1.389764e-01;2.151839e-02;2.172097e-02;4.208069e-02;4.968274e-02;9.540261e-02;2.152546e-01;2.653504e-02;4.241902e-02;3.841345e-02
5.829738e-02;1.938886e-01;1.358702e-01;2.793985e-02;3.964419e-02;5.204853e-02;7.827935e-02;1.004554e-01;1.642839e-01;5.078091e-02;5.556755e-02;4.294413e-02
5.708826e-02;2.032140e-01;1.009169e-01;5.436432e-02;6.659884e-02;5.958391e-02;7.461902e-02;9.838499e-02;6.773110e-02;6.711592e-02;1.011282e-01;4.925454e-02
3.813176e-02;1.821224e-01;1.324899e-01;4.868795e-02;6.129660e-02;4.496157e-02;6.402509e-02;8.317448e-02;1.380223e-01;7.015685e-02;1.097464e-01;2.718476e-02
3.934018e-02;1.789983e-01;1.176344e-01;4.512624e-02;4.782489e-02;3.726267e-02;7.922636e-02;9.716479e-02;1.953807e-01;6.063994e-02;8.905397e-02;1.234750e-02
4.557804e-02;1.769467e-01;1.118800e-01;3.650535e-02;3.103655e-02;3.054151e-02;7.554957e-02;1.372191e-01;2.387199e-01;4.151905e-02;6.203842e-02;1.246578e-02
4.914561e-02;1.372597e-01;1.025783e-01;2.203939e-02;4.430437e-02;4.284113e-02;6.014322e-02;2.065770e-01;2.070769e-01;2.280725e-02;9.688263e-02;8.344628e-03
4.008237e-02;1.796655e-01;8.786616e-02;2.607647e-02;5.495347e-02;3.460583e-02;5.470829e-02;2.346307e-01;1.377863e-01;2.011519e-02;1.172557e-01;1.225396e-02
7.921147e-02;1.927263e-01;9.580139e-02;1.874429e-02;6.477898e-02;3.995661e-02;6.152387e-02;2.192491e-01;6.679397e-02;2.871709e-02;1.143037e-01;1.819314e-02
8.975026e-02;1.827710e-01;1.288851e-01;1.891623e-02;5.982859e-02;5.176389e-02;8.370703e-02;1.913852e-01;2.190225e-02;5.087911e-02;8.922535e-02;3.098598e-02
6.748721e-02;1.224979e-01;1.738891e-01;3.131276e-02;2.945080e-02;7.929581e-02;1.012594e-01;1.337133e-01;1.032840e-01;5.878591e-02;6.195644e-02;3.706730e-02
5.302047e-02;1.899440e-01;1.686673e-01;2.425435e-02;2.672924e-02;9.230173e-02;4.545140e-02;1.269824e-01;1.670117e-01;2.806403e-02;5.095285e-02;2.662049e-02
3.664258e-02;2.654125e-01;1.415517e-01;2.430622e-02;3.543947e-02;7.565305e-02;3.996202e-02;1.146833e-01;1.610555e-01;2.366434e-02;5.224705e-02;2.938222e-02
4.537963e-02;3.479077e-01;1.389334e-01;2.397557e-02;3.072118e-02;5.887588e-02;2.853779e-02;9.241705e-02;1.324178e-01;1.683656e-02;5.711795e-02;2.687955e-02
4.864245e-02;3.332528e-01;1.874378e-01;2.241548e-02;3.325313e-02;6.141806e-02;2.915340e-02;6.450841e-02;7.235444e-02;4.043842e-02;7.970068e-02;2.742490e-02
5.411236e-02;2.918931e-01;2.155261e-01;2.958910e-02;2.610445e-02;6.905606e-02;3.326254e-02;4.112034e-02;5.983216e-02;6.025939e-02;9.179155e-02;2.745282e-02
6.019991e-02;2.795854e-01;1.572955e-01;3.133101e-02;2.674116e-02;8.724026e-02;2.685738e-02;9.994852e-02;9.621255e-02;3.920627e-02;6.132558e-02;3.405648e-02
4.616107e-02;2.226821e-01;1.207138e-01;3.458304e-02;3.838096e-02;7.856508e-02;2.512533e-02;1.294896e-01;1.130804e-01;6.093689e-02;7.710749e-02;5.317419e-02
5.209745e-02;1.732061e-01;1.367829e-01;3.179633e-02;4.637085e-02;5.832198e-02;3.159106e-02;1.490651e-01;1.053668e-01;5.979600e-02;1.118085e-01;4.379688e-02
7.160737e-02;1.305124e-01;1.062255e-01;2.052238e-02;6.490450e-02;4.176255e-02;4.658421e-02;2.256498e-01;9.539238e-02;3.657802e-02;1.317823e-01;2.847854e-02
8.414567e-02;1.030221e-01;8.779435e-02;1.458207e-02;7.090969e-02;5.709155e-02;1.144848e-01;2.539916e-01;6.849774e-02;2.895696e-02;1.001987e-01;1.632471e-02
7.098591e-02;1.392704e-01;1.027453e-01;1.881948e-02;5.831784e-02;9.468971e-02;1.567050e-01;1.956636e-01;5.485178e-02;2.960632e-02;5.730545e-02;2.103921e-02
6.852719e-02;2.884848e-01;1.928920e-01;1.840829e-02;2.840357e-02;7.921506e-02;1.041999e-01;1.003122e-01;3.612510e-02;2.392704e-02;3.386872e-02;2.563603e-02
1.085497e-01;3.449416e-01;2.374634e-01;1.328044e-02;3.049831e-02;3.202558e-02;3.260379e-02;7.337581e-02;4.566386e-02;3.811283e-02;2.479185e-02;1.869290e-02
1.520489e-01;2.793185e-01;2.275190e-01;9.168735e-03;3.626921e-02;3.147137e-02;4.013211e-02;9.460293e-02;4.123912e-02;3.938037e-02;1.909708e-02;2.975276e-02
1.646258e-01;2.959538e-01;1.151025e-01;8.926393e-03;3.619165e-02;4.947535e-02;5.589892e-02;9.851677e-02;4.761974e-02;3.767408e-02;3.508178e-02;5.493326e-02
1.330815e-01;2.801673e-01;1.782058e-01;1.100592e-02;1.400852e-02;4.684215e-02;6.489677e-02;1.133855e-01;4.753839e-02;2.303438e-02;3.519263e-02;5.264125e-02
1.087695e-01;2.741755e-01;1.928444e-01;1.276930e-02;1.832329e-02;5.098152e-02;6.996886e-02;1.419854e-01;4.981496e-02;2.005497e-02;1.783896e-02;4.247332e-02
7.386914e-02;2.442574e-01;1.431249e-01;3.742217e-02;2.083831e-02;6.774451e-02;7.701085e-02;1.645226e-01;7.371181e-02;2.979366e-02;2.604150e-02;4.166318e-02
7.114729e-02;1.849116e-01;1.184570e-01;7.626139e-02;2.209410e-02;7.516637e-02;1.319531e-01;1.324166e-01;7.603791e-02;2.115757e-02;2.754741e-02;6.284972e-02
6.778328e-02;1.620447e-01;7.310449e-02;9.029334e-02;2.377773e-02;7.718824e-02;1.965658e-01;7.861282e-02;6.344952e-02;1.677706e-02;3.987963e-02;1.105235e-01
4.875197e-02;2.056182e-01;1.106312e-01;5.601755e-02;1.692292e-02;5.043210e-02;2.105138e-01;6.790385e-02;5.117628e-02;2.234225e-02;4.205707e-02;1.176328e-01
5.987887e-02;2.542151e-01;1.342998e-01;4.115074e-02;1.142802e-02;6.012483e-02;1.842591e-01;4.390439e-02;3.743059e-02;2.158966e-02;4.561263e-02;1.061063e-01
8.207595e-02;2.515181e-01;9.721573e-02;4.249163e-02;1.645276e-02;4.834213e-02;1.752562e-01;6.124312e-02;4.229690e-02;2.467773e-02;3.269803e-02;1.257317e-01
7.234209e-02;2.454545e-01;1.441284e-01;2.391039e-02;2.462886e-02;3.710211e-02;1.353339e-01;5.315077e-02;7.405639e-02;4.134424e-02;3.667651e-02;1.118719e-01
7.881457e-02;2.554199e-01;2.052262e-01;1.809371e-02;2.175812e-02;5.706047e-02;6.372927e-02;6.225578e-02;1.013940e-01;3.967949e-02;4.612310e-02;5.044549e-02
7.998142e-02;2.299914e-01;1.873987e-01;2.548463e-02;3.077528e-02;6.744710e-02;3.465065e-02;9.128682e-02;1.359145e-01;3.217647e-02;3.722419e-02;4.766898e-02
6.981812e-02;1.854139e-01;1.621448e-01;2.863814e-02;4.162608e-02;5.101853e-02;4.831563e-02;1.384670e-01;1.231132e-01;3.038015e-02;5.026769e-02;7.079680e-02
6.454798e-02;2.292846e-01;1.803085e-01;1.904757e-02;3.659314e-02;3.762520e-02;3.293344e-02;1.272235e-01;1.156723e-01;2.234558e-02;5.692338e-02;7.749480e-02
7.268633e-02;2.260975e-01;1.426375e-01;2.017686e-02;2.595378e-02;3.206530e-02;2.782360e-02;1.056881e-01;1.383167e-01;4.797123e-02;8.117856e-02;7.940459e-02
5.644361e-02;2.638710e-01;1.615321e-01;1.392630e-02;2.338445e-02;3.518667e-02;3.165074e-02;1.231482e-01;1.131662e-01;5.623614e-02;6.857261e-02;5.288191e-02
4.399621e-02;2.430284e-01;1.822179e-01;1.660888e-02;2.888889e-02;4.807937e-02;5.927226e-02;1.606905e-01;7.640952e-02;3.705574e-02;4.037131e-02;6.338114e-02
5.216117e-02;2.175596e-01;1.089506e-01;5.681922e-02;3.544807e-02;6.236641e-02;1.418830e-01;1.221233e-01;5.325046e-02;2.052052e-02;3.238392e-02;9.653371e-02
6.629986e-02;2.211683e-01;5.923393e-02;1.175510e-01;1.807441e-02;4.943336e-02;2.172651e-01;2.372029e-02;3.929764e-02;2.201003e-02;2.485916e-02;1.410869e-01
7.789259e-02;1.953985e-01;3.995148e-02;1.253587e-01;1.764023e-02;2.697521e-02;2.347569e-01;6.295796e-02;3.925690e-02;1.699283e-02;1.536882e-02;1.474499e-01
6.555542e-02;1.882821e-01;4.555297e-02;9.877150e-02;2.793369e-02;4.426613e-02;2.462014e-01;7.005722e-02;4.375850e-02;1.707097e-02;1.538594e-02;1.371641e-01
4.498613e-02;1.733404e-01;5.937906e-02;7.053908e-02;4.053881e-02;5.937704e-02;2.929028e-01;6.279408e-02;4.098317e-02;1.272709e-02;2.091815e-02;1.215142e-01
2.622804e-02;1.480856e-01;5.474917e-02;6.735867e-02;3.293816e-02;5.914912e-02;3.501785e-01;6.724079e-02;4.711958e-02;1.372441e-02;2.106877e-02;1.121592e-01
2.290828e-02;1.171622e-01;4.079519e-02;6.078384e-02;2.544246e-02;7.558528e-02;3.967100e-01;5.553072e-02;5.333356e-02;1.548100e-02;1.866636e-02;1.176011e-01
2.142449e-02;1.150948e-01;2.456307e-02;9.201937e-02;1.892286e-02;6.933127e-02;4.142067e-01;6.460663e-02;3.889526e-02;1.744627e-02;1.037519e-02;1.131141e-01
2.477971e-02;1.259358e-01;2.986687e-02;1.534875e-01;1.505326e-02;3.389085e-02;4.010232e-01;4.028761e-02;3.299841e-02;1.578510e-02;1.168463e-02;1.152070e-01
2.638616e-02;1.313998e-01;4.520636e-02;1.762240e-01;1.188684e-02;3.401113e-02;3.470571e-01;4.824262e-02;2.641138e-02;2.791118e-02;7.746913e-03;1.175165e-01
2.834407e-02;1.472831e-01;4.937181e-02;1.729675e-01;6.655269e-03;3.845356e-02;3.130900e-01;4.756801e-02;2.232469e-02;3.738647e-02;9.914775e-03;1.266408e-01
3.790930e-02;1.704841e-01;4.452092e-02;1.457825e-01;9.791457e-03;3.258681e-02;2.652634e-01;6.633656e-02;3.242997e-02;4.142413e-02;2.121879e-02;1.322521e-01
5.522583e-02;1.910152e-01;8.066571e-02;1.051112e-01;1.611026e-02;5.490806e-02;1.685652e-01;6.827258e-02;7.803930e-02;4.382832e-02;2.939501e-02;1.088633e-01
5.167970e-02;1.782652e-01;1.332488e-01;8.205821e-02;1.514369e-02;5.971016e-02;7.988253e-02;1.015934e-01;1.295079e-01;4.385605e-02;4.040733e-02;8.464704e-02
5.155503e-02;2.245656e-01;1.368686e-01;6.978184e-02;2.657370e-02;3.995039e-02;8.535983e-02;6.538749e-02;1.304683e-01;3.371793e-02;3.759454e-02;9.817675e-02
6.367917e-02;2.082099e-01;7.735131e-02;6.576097e-02;2.869819e-02;5.839523e-02;1.263981e-01;7.897075e-02;8.320121e-02;3.535782e-02;4.911210e-02;1.248653e-01
7.362903e-02;1.925464e-01;9.628290e-02;5.946942e-02;2.806716e-02;6.966747e-02;1.582193e-01;8.357483e-02;5.783651e-02;4.360116e-02;3.434186e-02;1.027641e-01
6.850751e-02;1.881271e-01;8.930387e-02;4.974491e-02;3.018566e-02;8.176575e-02;2.007447e-01;7.565067e-02;5.811211e-02;4.178744e-02;2.920605e-02;8.686420e-02
7.289475e-02;1.671167e-01;8.941683e-02;5.708532e-02;3.741396e-02;4.700327e-02;2.054864e-01;1.293828e-01;4.799984e-02;3.426465e-02;3.438709e-02;7.754834e-02
6.986682e-02;2.276649e-01;2.245078e-01;5.998057e-02;3.400177e-02;5.360475e-02;1.174169e-01;9.151671e-02;4.130030e-02;2.100855e-02;1.970999e-02;3.942100e-02
6.294667e-02;3.198269e-01;2.739229e-01;4.613851e-02;2.850487e-02;4.318874e-02;7.279322e-02;5.689222e-02;2.764624e-02;2.058605e-02;1.985612e-02;2.769750e-02
7.781105e-02;3.448399e-01;2.438980e-01;3.239000e-02;2.345635e-02;3.633388e-02;7.446723e-02;4.431179e-02;3.485435e-02;2.097316e-02;3.587119e-02;3.079312e-02
9.642247e-02;2.772009e-01;1.642182e-01;3.197811e-02;2.630440e-02;6.102303e-02;9.893050e-02;8.280224e-02;5.107804e-02;2.155459e-02;4.669224e-02;4.179524e-02
9.436765e-02;2.017926e-01;6.397581e-02;3.154784e-02;2.854271e-02;8.471128e-02;1.502161e-01;1.326363e-01;8.062363e-02;3.381928e-02;3.732981e-02;6.043693e-02
5.820935e-02;2.668168e-01;1.625439e-01;3.484416e-02;2.813561e-02;7.228199e-02;1.404806e-01;1.033140e-01;4.738385e-02;2.675748e-02;1.563247e-02;4.359979e-02
5.402501e-02;2.624242e-01;1.859562e-01;2.760859e-02;2.193904e-02;1.072218e-01;1.164761e-01;9.457286e-02;5.116636e-02;2.812090e-02;1.285027e-02;3.763859e-02
5.884258e-02;2.301970e-01;1.574795e-01;3.401196e-02;2.123655e-02;1.200257e-01;1.156142e-01;1.008266e-01;7.452341e-02;2.928064e-02;1.569025e-02;4.227169e-02
6.939978e-02;2.397604e-01;9.278475e-02;4.106077e-02;3.545416e-02;7.708633e-02;1.567410e-01;1.042654e-01;6.621560e-02;2.486770e-02;3.172812e-02;6.063608e-02
5.175085e-02;1.870089e-01;8.257353e-02;6.962087e-02;3.778982e-02;5.301971e-02;1.956734e-01;9.507452e-02;8.382570e-02;2.550454e-02;4.395599e-02;7.420213e-02
5.457135e-02;1.379082e-01;1.109132e-01;4.601590e-02;2.222396e-02;8.065830e-02;2.198086e-01;6.474204e-02;6.901372e-02;3.671180e-02;5.630761e-02;1.011254e-01
6.937438e-02;1.276424e-01;1.280139e-01;2.914792e-02;1.076627e-02;6.052557e-02;1.872161e-01;9.011837e-02;8.329147e-02;6.620464e-02;6.066981e-02;8.702917e-02
4.900724e-02;1.454816e-01;1.928912e-01;5.151942e-02;3.133158e-02;4.515534e-02;9.436933e-02;1.037793e-01;7.436296e-02;1.024225e-01;6.077056e-02;4.890895e-02
4.496734e-02;1.258639e-01;2.808173e-01;6.135396e-02;4.414483e-02;4.379891e-02;4.834599e-02;5.306984e-02;6.045320e-02;1.555558e-01;3.914831e-02;4.248065e-02
3.783790e-02;1.415464e-01;2.920709e-01;4.831205e-02;3.425294e-02;4.784001e-02;5.114411e-02;4.450205e-02;7.825690e-02;1.774562e-01;1.982581e-02;2.695481e-02
2.368691e-02;1.735498e-01;2.730073e-01;2.932646e-02;2.046243e-02;4.382962e-02;5.289394e-02;5.064805e-02;1.150355e-01;1.712077e-01;5.086366e-03;4.126595e-02
1.968395e-02;2.304929e-01;2.025099e-01;5.062658e-02;1.848946e-02;5.039339e-02;4.202367e-02;4.679703e-02;1.580690e-01;1.112761e-01;7.733616e-03;6.190452e-02
3.741571e-02;2.726921e-01;1.417854e-01;8.778163e-02;2.783898e-02;5.120914e-02;4.495845e-02;5.274145e-02;1.614853e-01;5.543037e-02;1.879822e-02;4.786315e-02
7.044230e-02;2.375032e-01;1.382919e-01;7.946673e-02;5.920871e-02;3.588928e-02;5.357722e-02;1.258747e-01;1.198667e-01;2.707905e-02;3.420892e-02;1.859130e-02
1.086011e-01;1.362034e-01;1.743879e-01;3.674058e-02;8.706149e-02;3.159143e-02;6.865648e-02;2.339024e-01;6.950291e-02;1.625397e-02;2.436553e-02;1.273289e-02
1.030756e-01;5.776203e-02;1.647764e-01;5.162453e-02;6.945173e-02;7.422198e-02;1.126131e-01;2.419362e-01;3.923212e-02;4.331034e-02;1.496625e-02;2.702974e-02
6.464321e-02;1.135908e-01;1.104903e-01;1.250632e-01;2.540738e-02;8.591123e-02;1.693644e-01;1.376517e-01;4.197490e-02;5.696433e-02;1.008580e-02;5.885275e-02
4.169165e-02;1.162600e-01;7.125013e-02;1.878086e-01;1.340618e-02;6.968860e-02;2.576054e-01;5.710214e-02;3.879904e-02;4.212077e-02;1.177224e-02;9.249514e-02
2.792785e-02;1.011897e-01;4.581594e-02;1.713479e-01;2.866225e-02;4.540199e-02;3.288880e-01;6.381732e-02;3.231106e-02;2.582567e-02;2.196152e-02;1.068508e-01
3.280442e-02;6.626884e-02;4.306296e-02;9.239123e-02;9.003773e-02;7.328010e-02;3.392903e-01;5.201860e-02;4.343648e-02;1.876672e-02;4.051434e-02;1.081283e-01
5.651141e-02;6.432951e-02;7.276198e-02;3.758322e-02;1.213989e-01;1.193043e-01;2.164993e-01;4.457881e-02;6.706547e-02;3.710300e-02;6.759288e-02;9.527117e-02
5.366761e-02;8.441217e-02;9.618701e-02;2.726262e-02;1.002468e-01;1.437597e-01;1.302254e-01;6.672260e-02;9.542586e-02;5.115287e-02;7.758296e-02;7.335435e-02
5.179752e-02;1.193764e-01;7.605037e-02;3.622993e-02;7.220918e-02;1.499795e-01;8.117358e-02;1.062576e-01;1.306473e-01;4.788085e-02;7.183183e-02;5.656596e-02
5.171363e-02;1.524821e-01;1.076297e-01;4.536122e-02;3.351457e-02;9.361900e-02;6.980750e-02;1.594359e-01;1.326783e-01;4.008519e-02;4.704591e-02;6.662691e-02
4.033146e-02;1.504890e-01;1.686929e-01;3.957738e-02;2.949038e-02;6.862857e-02;8.597701e-02;1.520191e-01;9.224421e-02;5.572218e-02;2.803940e-02;8.878847e-02
5.195216e-02;1.794354e-01;1.880679e-01;2.998035e-02;3.007439e-02;8.650979e-02;8.893579e-02;1.074949e-01;6.153798e-02;5.077938e-02;3.902726e-02;8.620463e-02
6.544923e-02;1.427855e-01;1.682457e-01;3.696559e-02;3.726280e-02;9.467204e-02;1.057633e-01;7.290699e-02;7.500414e-02;7.700110e-02;4.894197e-02;7.500168e-02
7.349767e-02;2.221488e-01;1.626302e-01;3.903882e-02;2.896548e-02;7.434465e-02;8.102586e-02;6.163003e-02;9.590296e-02;7.363956e-02;3.579199e-02;5.138407e-02
5.295910e-02;1.931493e-01;9.763969e-02;5.207709e-02;4.272130e-02;1.330151e-01;1.226419e-01;1.200093e-01;5.904121e-02;5.523910e-02;4.043565e-02;3.107129e-02
4.445700e-02;1.046727e-01;5.056201e-02;6.181026e-02;4.035956e-02;1.034571e-01;2.372273e-01;1.585044e-01;4.139038e-02;7.513611e-02;2.770828e-02;5.471501e-02
3.228438e-02;5.838617e-02;2.652851e-02;6.147496e-02;2.674956e-02;7.065005e-02;3.525122e-01;1.267350e-01;3.645263e-02;8.019215e-02;3.587990e-02;9.215446e-02
2.083692e-02;3.688458e-02;2.423706e-02;4.648279e-02;2.396976e-02;1.205057e-01;4.024505e-01;7.267690e-02;3.860565e-02;5.915424e-02;4.987862e-02;1.043172e-01
2.054870e-02;3.189515e-02;3.888819e-02;2.920240e-02;4.261127e-02;2.133713e-01;3.243032e-01;5.884977e-02;5.947750e-02;3.188569e-02;7.249386e-02;7.647299e-02
2.519810e-02;5.430864e-02;7.324439e-02;2.921752e-02;7.226366e-02;2.639599e-01;1.826763e-01;5.199202e-02;7.107774e-02;3.440759e-02;9.166942e-02;4.998469e-02
2.798687e-02;7.904776e-02;9.248576e-02;4.248092e-02;8.145909e-02;2.411967e-01;1.267815e-01;6.219945e-02;7.585125e-02;3.732617e-02;7.574774e-02;5.743676e-02
3.556983e-02;8.171939e-02;7.767513e-02;7.123336e-02;6.995691e-02;2.027158e-01;1.218267e-01;7.157245e-02;1.051469e-01;4.275542e-02;5.274330e-02;6.708470e-02
2.743573e-02;5.506375e-02;5.525671e-02;4.131045e-02;3.943228e-02;2.065681e-01;1.951586e-01;7.631607e-02;9.979163e-02;4.968022e-02;1.149442e-01;3.904222e-02
2.634996e-02;3.353475e-02;7.560759e-02;2.607022e-02;2.911127e-02;2.625101e-01;1.865846e-01;5.205086e-02;8.719815e-02;2.313260e-02;1.610473e-01;3.680257e-02
2.345952e-02;4.012001e-02;8.971453e-02;9.977313e-03;3.217207e-02;2.927463e-01;1.011335e-01;8.084459e-02;9.687461e-02;2.936806e-02;1.766397e-01;2.694988e-02
3.040501e-02;6.519880e-02;9.951600e-02;2.535633e-02;6.507026e-02;2.205084e-01;8.572348e-02;1.076247e-01;9.638020e-02;5.241391e-02;1.275757e-01;2.422718e-02
3.282446e-02;6.969654e-02;1.203699e-01;5.084473e-02;8.504343e-02;1.392864e-01;1.500161e-01;9.648667e-02;8.497009e-02;6.319521e-02;7.106916e-02;3.619737e-02
3.032445e-02;9.252351e-02;1.665758e-01;4.013432e-02;4.817609e-02;1.699056e-01;1.595770e-01;5.659392e-02;8.084025e-02;3.504119e-02;7.291292e-02;4.739504e-02
3.136572e-02;9.861394e-02;1.838354e-01;3.380655e-02;2.631275e-02;1.369365e-01;1.819886e-01;6.504747e-02;8.200028e-02;2.794637e-02;8.825786e-02;4.388853e-02
3.846230e-02;1.054939e-01;1.905615e-01;4.244006e-02;1.815552e-02;1.627610e-01;1.739990e-01;5.996321e-02;7.074010e-02;3.248237e-02;7.594341e-02;2.899760e-02
4.646771e-02;8.685951e-02;1.685103e-01;3.988542e-02;2.690162e-02;2.077411e-01;1.418451e-01;4.893989e-02;7.405544e-02;4.266025e-02;7.289120e-02;4.324246e-02
4.735743e-02;8.639707e-02;1.754698e-01;2.379422e-02;3.749982e-02;2.060955e-01;8.877078e-02;8.003853e-02;9.104445e-02;4.256476e-02;7.087137e-02;5.009632e-02
3.104507e-02;6.759898e-02;1.156189e-01;3.423413e-02;6.361144e-02;2.401081e-01;8.900936e-02;1.221803e-01;9.014374e-02;6.857731e-02;5.186414e-02;2.600862e-02
1.482889e-02;5.913864e-02;5.557010e-02;4.351726e-02;9.004621e-02;2.592569e-01;8.780984e-02;1.357778e-01;6.436599e-02;9.496573e-02;7.062558e-02;2.409698e-02
1.335331e-02;6.609449e-02;3.429638e-02;4.489899e-02;1.101691e-01;2.383902e-01;5.710332e-02;1.496838e-01;5.161166e-02;1.181468e-01;9.901346e-02;1.723848e-02
1.965575e-02;6.578656e-02;2.784396e-02;3.959151e-02;1.103095e-01;1.733618e-01;4.799189e-02;1.780321e-01;6.017195e-02;1.369547e-01;1.283188e-01;1.198144e-02
2.447616e-02;5.332923e-02;1.869049e-02;2.969216e-02;9.479187e-02;2.015473e-01;6.846935e-02;1.719241e-01;8.217968e-02;1.117693e-01;1.358878e-01;7.242582e-03
2.819593e-02;6.961548e-02;3.936683e-02;2.500227e-02;7.842497e-02;2.455220e-01;6.025024e-02;1.199367e-01;1.160190e-01;8.174462e-02;1.152444e-01;2.067764e-02
2.180996e-02;9.755648e-02;5.755176e-02;3.866953e-02;7.020251e-02;2.711683e-01;6.443023e-02;9.292652e-02;1.205454e-01;5.702392e-02;8.181740e-02;2.629800e-02
1.601154e-02;8.622509e-02;6.494869e-02;4.520595e-02;7.679941e-02;3.043084e-01;8.737046e-02;1.195254e-01;6.842097e-02;4.572440e-02;5.589297e-02;2.956664e-02
1.716725e-02;8.217072e-02;6.211458e-02;3.074103e-02;8.157503e-02;2.331380e-01;1.424271e-01;1.248792e-01;6.521216e-02;6.743588e-02;5.493330e-02;3.820582e-02
2.861904e-02;1.006209e-01;8.116242e-02;2.898346e-02;9.249830e-02;1.735858e-01;1.298421e-01;9.952226e-02;7.656652e-02;9.546428e-02;4.477421e-02;4.836059e-02
2.511380e-02;5.820815e-02;6.370471e-02;1.933567e-02;1.004462e-01;2.014660e-01;1.266255e-01;6.752566e-02;8.574769e-02;9.105702e-02;1.035006e-01;5.726900e-02
1.972891e-02;4.782045e-02;7.923096e-02;2.478794e-02;8.597280e-02;1.585727e-01;1.939374e-01;9.673604e-02;1.009940e-01;3.448394e-02;1.023675e-01;5.536745e-02
2.483179e-02;9.085439e-02;1.126594e-01;1.794747e-02;7.591119e-02;1.500020e-01;1.935506e-01;7.904449e-02;8.142449e-02;5.543035e-02;7.113273e-02;4.721115e-02
4.349376e-02;1.428192e-01;1.181723e-01;4.064633e-02;7.426953e-02;1.288223e-01;1.318854e-01;6.523672e-02;8.171023e-02;5.835330e-02;6.522658e-02;4.936440e-02
3.675117e-02;1.014130e-01;9.364210e-02;4.490295e-02;7.587745e-02;1.547064e-01;1.326104e-01;8.209128e-02;9.512801e-02;3.516101e-02;8.309695e-02;6.461930e-02
3.247608e-02;5.821685e-02;7.261685e-02;3.408899e-02;6.167708e-02;2.223404e-01;1.437935e-01;6.544330e-02;8.714916e-02;2.926502e-02;1.332526e-01;5.968020e-02
3.517228e-02;4.588409e-02;6.205890e-02;1.916966e-02;3.418545e-02;2.763391e-01;1.131312e-01;4.816527e-02;8.271471e-02;3.652364e-02;2.074813e-01;3.917436e-02
4.268775e-02;5.413870e-02;5.834669e-02;2.533353e-02;7.032274e-02;2.906236e-01;4.735293e-02;5.180989e-02;7.243694e-02;4.110823e-02;2.302082e-01;1.563080e-02
3.391287e-02;6.117023e-02;5.310367e-02;6.070152e-02;1.318809e-01;2.647908e-01;1.992600e-02;9.354144e-02;8.828875e-02;3.540742e-02;1.428415e-01;1.443477e-02
2.742208e-02;5.686964e-02;7.442306e-02;6.383436e-02;1.170998e-01;2.680558e-01;4.452110e-02;1.138669e-01;1.005760e-01;3.430714e-02;7.379601e-02;2.522805e-02
2.038369e-02;3.062661e-02;6.266369e-02;4.738407e-02;3.392448e-02;3.154052e-01;8.404875e-02;9.851584e-02;8.282995e-02;6.487472e-02;1.213595e-01;3.798339e-02
2.847427e-02;5.047878e-02;7.246404e-02;4.163783e-02;4.274761e-02;2.470166e-01;7.165898e-02;7.750949e-02;1.123605e-01;6.903090e-02;1.495742e-01;3.704678e-02
4.012371e-02;8.193086e-02;8.418453e-02;3.740658e-02;2.508974e-02;1.894936e-01;4.549671e-02;1.056830e-01;1.595881e-01;6.368941e-02;1.293367e-01;3.797707e-02
4.435648e-02;7.408696e-02;3.351799e-02;4.905222e-02;7.137960e-02;1.259334e-01;2.778327e-02;1.605365e-01;1.947806e-01;9.612112e-02;9.150509e-02;3.094674e-02
2.668155e-02;4.156545e-02;3.894604e-02;4.132643e-02;7.995342e-02;1.248034e-01;8.957601e-02;1.506030e-01;1.525475e-01;8.979898e-02;1.438554e-01;2.034286e-02
1.764151e-02;5.042163e-02;5.658750e-02;3.638966e-02;7.462631e-02;2.133134e-01;1.059985e-01;1.137694e-01;9.231180e-02;7.855830e-02;1.347495e-01;2.563242e-02
1.585214e-02;6.155249e-02;7.398374e-02;4.670480e-02;1.021468e-01;2.228502e-01;8.972025e-02;8.970444e-02;1.067824e-01;7.946657e-02;9.351896e-02;1.771732e-02
1.482551e-02;5.503556e-02;6.444018e-02;4.154023e-02;1.221982e-01;2.185534e-01;7.461513e-02;1.044262e-01;1.464603e-01;9.108307e-02;5.276482e-02;1.405747e-02
1.656714e-02;6.503057e-02;5.162251e-02;2.180713e-02;1.227280e-01;2.317440e-01;8.421741e-02;9.857287e-02;1.570005e-01;7.837484e-02;5.417646e-02;1.815853e-02
2.521004e-02;8.353401e-02;4.982101e-02;2.586578e-02;1.198785e-01;2.113891e-01;8.038729e-02;1.100436e-01;1.649855e-01;5.792436e-02;4.848858e-02;2.247223e-02
2.805751e-02;8.475604e-02;4.572641e-02;2.324826e-02;1.108300e-01;2.132941e-01;5.119278e-02;1.285817e-01;1.529882e-01;6.944739e-02;7.324588e-02;1.863175e-02
2.802548e-02;9.723932e-02;3.844567e-02;1.910528e-02;1.166233e-01;2.483064e-01;3.882749e-02;1.165452e-01;1.466250e-01;6.302114e-02;6.345737e-02;2.377827e-02
2.148776e-02;1.130998e-01;4.654801e-02;2.386077e-02;1.167895e-01;2.386979e-01;6.482435e-02;1.080789e-01;1.504721e-01;5.504521e-02;3.855631e-02;2.253941e-02
2.711338e-02;1.314716e-01;5.911190e-02;3.187248e-02;1.011260e-01;1.517832e-01;6.441750e-02;1.310857e-01;1.818557e-01;5.603752e-02;4.265542e-02;2.146953e-02
2.676242e-02;1.271368e-01;6.070096e-02;3.375965e-02;1.602821e-01;9.560873e-02;5.566193e-02;1.363709e-01;1.544825e-01;7.399784e-02;4.822891e-02;2.700724e-02
1.565842e-02;7.712098e-02;3.009206e-02;3.586760e-02;2.497368e-01;1.506367e-01;3.715780e-02;9.106076e-02;1.502942e-01;1.049234e-01;3.324497e-02;2.420629e-02
7.277297e-03;4.647966e-02;4.929755e-02;4.610356e-02;2.608505e-01;1.913710e-01;3.317194e-02;6.824984e-02;1.218631e-01;1.317504e-01;2.305781e-02;2.052726e-02
1.514352e-02;4.232392e-02;9.400429e-02;5.052703e-02;2.178143e-01;1.571704e-01;3.914512e-02;7.013197e-02;1.232932e-01;1.405754e-01;3.470808e-02;1.516277e-02
3.339624e-02;3.344118e-02;1.298043e-01;6.544900e-02;1.794837e-01;1.012673e-01;6.432983e-02;6.680693e-02;1.345208e-01;1.503150e-01;2.854314e-02;1.264249e-02
5.205611e-02;3.885560e-02;1.277383e-01;8.689966e-02;1.311433e-01;8.499534e-02;8.821879e-02;4.789677e-02;1.537699e-01;1.494912e-01;2.614204e-02;1.279312e-02
9.051409e-02;3.828096e-02;8.342499e-02;1.041702e-01;8.631205e-02;3.805601e-02;9.364004e-02;6.753869e-02;1.911843e-01;1.199791e-01;6.073510e-02;2.616439e-02
1.278604e-01;2.787236e-02;4.290935e-02;1.312120e-01;5.903964e-02;4.172502e-02;7.232729e-02;7.972238e-02;2.080706e-01;8.833505e-02;9.207896e-02;2.884692e-02
1.407172e-01;2.263818e-02;4.050427e-02;1.518344e-01;5.914560e-02;4.837329e-02;4.605179e-02;7.638085e-02;2.240997e-01;5.653931e-02;1.084923e-01;2.522315e-02
1.332809e-01;2.072063e-02;5.063976e-02;1.580701e-01;3.010148e-02;4.331405e-02;4.284008e-02;8.284908e-02;2.637334e-01;3.503418e-02;1.209666e-01;1.844968e-02
1.124635e-01;1.994010e-02;3.970510e-02;1.489379e-01;2.535654e-02;3.943139e-02;3.658804e-02;9.714886e-02;3.073898e-01;1.940692e-02;1.278443e-01;2.578755e-02
7.732098e-02;1.796818e-02;3.866911e-02;1.337174e-01;2.811032e-02;3.658175e-02;3.449398e-02;1.107893e-01;3.265260e-01;4.437771e-02;1.322327e-01;1.921251e-02
6.781606e-02;2.584683e-02;5.327106e-02;1.315524e-01;3.028137e-02;4.837163e-02;2.262348e-02;1.250264e-01;2.993514e-01;3.590365e-02;1.368233e-01;2.313246e-02
6.090364e-02;2.615809e-02;6.115305e-02;1.251246e-01;5.609782e-02;5.153021e-02;2.999349e-02;1.670367e-01;2.369272e-01;2.804715e-02;1.232845e-01;3.374353e-02
4.435178e-02;3.984784e-02;8.134566e-02;1.310773e-01;4.032310e-02;5.291628e-02;3.122857e-02;1.949031e-01;2.214429e-01;4.152618e-02;9.754794e-02;2.348931e-02
4.791263e-02;3.203546e-02;8.113123e-02;1.338711e-01;4.776937e-02;4.992633e-02;2.096489e-02;1.903987e-01;2.435249e-01;3.073575e-02;1.063104e-01;1.541923e-02
5.492582e-02;4.177976e-02;1.109863e-01;1.084055e-01;2.903828e-02;5.504738e-02;3.479991e-02;1.831957e-01;2.421634e-01;2.804563e-02;9.137093e-02;2.024131e-02
5.233448e-02;6.790160e-02;1.334357e-01;8.294620e-02;5.126258e-02;5.653545e-02;3.047400e-02;1.796478e-01;2.286960e-01;3.367044e-02;6.895524e-02;1.414045e-02
5.540173e-02;8.342352e-02;1.375471e-01;4.670901e-02;4.134870e-02;7.214100e-02;2.267314e-02;2.068023e-01;2.295485e-01;3.511389e-02;5.762886e-02;1.166226e-02
6.016610e-02;6.141697e-02;1.037400e-01;5.800647e-02;4.111233e-02;7.943067e-02;1.667559e-02;2.037272e-01;2.387814e-01;6.600866e-02;6.049477e-02;1.043984e-02
6.446929e-02;3.117470e-02;7.422825e-02;9.157918e-02;6.397805e-02;7.409354e-02;3.287908e-02;1.755866e-01;2.222466e-01;8.438414e-02;6.504068e-02;2.033987e-02
8.446003e-02;7.793297e-02;1.056827e-01;8.383409e-02;5.723095e-02;6.028244e-02;3.827189e-02;1.205472e-01;1.508479e-01;8.673969e-02;9.676860e-02;3.740162e-02
8.553552e-02;5.856876e-02;9.174521e-02;8.059455e-02;2.618064e-02;8.481038e-02;5.108440e-02;1.362679e-01;1.415563e-01;8.377005e-02;1.305303e-01;2.935600e-02
3.890861e-02;4.816872e-02;6.959044e-02;5.735928e-02;7.796896e-02;7.814832e-02;8.518010e-02;1.519393e-01;1.592125e-01;8.549549e-02;1.022691e-01;4.575917e-02
2.011037e-02;5.211049e-02;6.219045e-02;5.443769e-02;1.076425e-01;1.059829e-01;7.044150e-02;1.011704e-01;1.876958e-01;1.039679e-01;7.947329e-02;5.477664e-02
2.360782e-02;5.433603e-02;5.536864e-02;3.161565e-02;1.475148e-01;1.147128e-01;3.865521e-02;9.807031e-02;2.223625e-01;8.495004e-02;8.028869e-02;4.851747e-02
2.681299e-02;3.685855e-02;3.956204e-02;7.174276e-02;1.879591e-01;9.540889e-02;2.547054e-02;1.005251e-01;2.038825e-01;1.047435e-01;6.442247e-02;4.261148e-02
2.191338e-02;2.918749e-02;2.400870e-02;1.034921e-01;2.342141e-01;8.454186e-02;2.567672e-02;1.031913e-01;1.993518e-01;9.825762e-02;4.232752e-02;3.383740e-02
1.866715e-02;3.088659e-02;2.584544e-02;1.098220e-01;2.426195e-01;7.516960e-02;2.599917e-02;9.488285e-02;2.061716e-01;9.977780e-02;3.082793e-02;3.933038e-02
2.106594e-02;4.152853e-02;2.632724e-02;8.418049e-02;2.128490e-01;1.242637e-01;1.544745e-02;7.839046e-02;2.125198e-01;1.107257e-01;2.286215e-02;4.983950e-02
3.639622e-02;5.497805e-02;1.944069e-02;3.056284e-02;1.447804e-01;1.621417e-01;2.577035e-02;1.075173e-01;2.412838e-01;1.039915e-01;3.023209e-02;4.290504e-02
6.209882e-02;6.332096e-02;4.753733e-02;4.813248e-02;7.876232e-02;1.652889e-01;2.489211e-02;1.264478e-01;2.443187e-01;6.124075e-02;4.706373e-02;3.089612e-02
6.859922e-02;7.391132e-02;4.980250e-02;7.322306e-02;9.525642e-03;1.509947e-01;4.579845e-02;1.515072e-01;2.302048e-01;5.730572e-02;6.198963e-02;2.713776e-02
