5.832659e-02;5.373872e-02;1.596589e-01;3.186566e-02;6.542604e-02;4.478005e-02;2.818784e-01;6.982219e-02;9.124473e-02;6.802285e-02;3.576739e-02;3.946855e-02
7.923684e-02;7.936163e-02;1.834094e-01;3.156523e-02;7.125986e-02;7.076477e-02;1.957905e-01;6.303021e-02;7.151755e-02;7.470290e-02;3.823584e-02;4.112522e-02
6.397710e-02;1.498845e-01;2.379158e-01;6.934587e-02;8.643712e-02;5.553631e-02;1.436079e-01;2.949222e-02;4.944452e-02;5.094248e-02;3.556915e-02;2.784693e-02
5.345805e-02;7.068949e-02;3.557160e-01;1.337419e-01;1.152095e-01;6.570426e-02;1.145284e-01;2.165866e-02;1.734945e-02;1.750311e-02;1.648494e-02;1.795613e-02
8.014917e-02;8.165818e-02;3.357319e-01;1.230928e-01;1.060335e-01;6.754908e-02;1.151936e-01;2.366639e-02;1.444390e-02;1.750771e-02;1.583543e-02;1.913838e-02
1.117110e-01;9.893425e-02;3.169240e-01;1.103889e-01;1.000909e-01;6.525318e-02;9.102567e-02;2.429340e-02;2.071778e-02;1.866525e-02;1.832995e-02;2.366580e-02
1.185775e-01;9.122884e-02;2.600113e-01;8.238477e-02;8.365788e-02;6.072428e-02;1.767026e-01;2.560685e-02;3.460969e-02;2.028600e-02;2.187049e-02;2.433966e-02
5.052753e-02;3.579127e-02;1.905265e-01;4.533762e-02;5.951062e-02;5.237615e-02;3.571330e-01;5.485656e-02;5.131396e-02;5.261759e-02;2.793517e-02;2.207400e-02
9.497365e-02;4.910314e-02;1.906401e-01;3.995247e-02;6.800703e-02;6.467544e-02;2.764191e-01;5.993696e-02;5.031226e-02;4.967779e-02;2.997542e-02;2.632664e-02
1.326865e-01;4.399733e-02;1.466810e-01;4.334904e-02;7.124453e-02;7.372145e-02;2.451198e-01;6.224459e-02;5.254402e-02;5.872590e-02;2.477428e-02;4.491160e-02
1.872529e-01;5.757469e-02;1.307913e-01;4.995010e-02;5.175798e-02;5.083426e-02;2.343731e-01;5.488173e-02;3.474779e-02;5.167666e-02;3.312823e-02;6.303123e-02
2.137024e-01;5.658263e-02;1.234345e-01;5.211283e-02;2.726270e-02;2.481057e-02;2.649207e-01;5.284132e-02;3.790202e-02;3.985875e-02;3.729272e-02;6.927893e-02
1.785021e-01;2.172337e-02;1.191996e-01;4.588962e-02;4.571819e-02;3.991994e-02;2.822832e-01;5.168498e-02;4.630399e-02;5.784868e-02;5.114281e-02;5.978341e-02
1.382610e-01;2.525864e-02;1.064660e-01;2.706025e-02;6.693623e-02;6.850380e-02;2.462086e-01;5.448946e-02;4.167831e-02;1.044391e-01;9.555045e-02;2.514813e-02
1.397122e-01;4.413376e-02;7.705960e-02;2.724348e-02;8.966367e-02;6.259023e-02;1.719915e-01;5.808845e-02;3.078989e-02;1.410676e-01;1.218470e-01;3.581262e-02
9.466342e-02;8.714534e-02;7.878868e-02;2.630181e-02;9.149496e-02;3.611174e-02;1.849270e-01;5.970810e-02;4.414624e-02;1.517590e-01;1.014013e-01;4.355242e-02
7.885387e-02;7.253074e-02;1.043203e-01;1.875933e-02;8.524805e-02;6.560919e-02;2.106860e-01;4.636015e-02;5.101021e-02;1.368907e-01;9.254628e-02;3.718513e-02
1.265291e-01;4.236462e-02;9.477735e-02;2.550290e-02;8.097334e-02;5.887119e-02;2.419758e-01;4.929522e-02;5.803666e-02;9.664558e-02;8.259719e-02;4.243099e-02
8.171863e-02;3.242182e-02;6.817646e-02;3.065363e-02;7.423275e-02;5.059086e-02;2.569430e-01;5.047730e-02;4.577501e-02;1.005644e-01;1.276714e-01;8.077477e-02
4.927517e-02;5.535705e-02;9.341654e-02;3.167416e-02;6.497512e-02;4.655052e-02;2.634083e-01;4.511061e-02;1.986836e-02;1.214370e-01;1.307199e-01;7.820722e-02
1.382213e-01;3.708043e-02;1.223145e-01;2.073199e-02;4.250404e-02;4.067022e-02;2.804544e-01;3.346418e-02;5.229825e-02;7.598004e-02;6.594950e-02;9.033120e-02
2.072723e-01;5.127036e-02;1.398314e-01;3.553445e-02;4.009947e-02;4.843961e-02;1.492630e-01;6.607386e-02;4.295069e-02;6.017910e-02;5.276367e-02;1.063221e-01
1.895213e-01;3.183600e-02;1.104145e-01;7.534208e-02;6.508919e-02;5.086079e-02;1.460494e-01;6.361115e-02;2.117941e-02;8.384065e-02;5.312572e-02;1.091298e-01
1.643220e-01;3.978284e-02;8.168215e-02;9.395431e-02;4.996380e-02;4.199653e-02;1.659531e-01;2.754368e-02;7.378650e-02;8.893234e-02;6.536939e-02;1.067134e-01
1.347189e-01;5.009688e-02;1.769594e-01;9.478976e-02;2.018461e-02;2.803567e-02;1.540342e-01;2.584360e-02;9.516316e-02;6.863187e-02;6.810441e-02;8.343749e-02
7.874117e-02;2.048744e-02;2.506884e-01;9.681761e-02;4.185737e-02;3.296400e-02;1.426165e-01;3.257451e-02;1.019503e-01;5.958633e-02;6.927273e-02;7.244366e-02
4.475558e-02;2.113545e-02;2.371636e-01;7.247096e-02;3.935331e-02;6.445481e-02;1.516219e-01;4.854102e-02;8.997638e-02;7.237922e-02;8.436613e-02;7.378170e-02
6.038450e-02;3.021441e-02;2.043857e-01;5.285420e-02;3.855398e-02;8.082170e-02;1.363797e-01;5.769370e-02;8.140413e-02;9.031847e-02;1.036538e-01;6.333567e-02
9.501217e-02;5.303667e-02;1.577438e-01;3.052320e-02;4.880879e-02;4.935482e-02;1.504863e-01;5.221227e-02;8.603171e-02;9.951517e-02;9.759335e-02;7.968179e-02
1.135907e-01;4.898617e-02;2.015048e-01;6.234146e-02;4.507861e-02;3.677967e-02;1.252487e-01;3.310006e-02;7.697780e-02;7.899397e-02;7.886618e-02;9.853186e-02
1.260299e-01;4.765317e-02;2.022812e-01;7.704823e-02;4.025977e-02;2.505072e-02;2.032388e-01;3.890480e-02;2.440716e-02;5.280650e-02;9.127884e-02;7.104088e-02
7.113361e-02;3.536126e-02;1.281496e-01;6.119228e-02;3.906832e-02;4.440685e-02;2.682553e-01;4.644394e-02;5.202939e-02;5.599039e-02;9.817224e-02;9.979685e-02
1.138208e-01;4.599921e-02;6.593272e-02;2.895280e-02;5.282960e-02;4.803603e-02;3.086628e-01;5.393180e-02;6.454001e-02;7.568885e-02;6.673403e-02;7.487135e-02
1.208495e-01;3.909995e-02;9.886131e-02;4.548257e-02;5.746405e-02;4.182474e-02;2.899033e-01;4.174908e-02;6.189730e-02;5.848479e-02;6.612123e-02;7.826218e-02
9.433668e-02;2.672067e-02;1.165499e-01;8.735183e-02;7.529286e-02;5.372032e-02;2.957891e-01;6.931682e-02;5.797885e-02;4.376927e-02;3.905727e-02;4.011637e-02
9.538561e-02;5.870917e-02;2.022189e-01;8.172030e-02;7.804024e-02;6.646574e-02;2.138860e-01;5.141285e-02;3.791656e-02;4.799517e-02;2.574666e-02;4.050273e-02
1.374719e-01;1.057322e-01;2.568716e-01;7.371018e-02;6.446949e-02;3.157040e-02;8.755878e-02;8.190199e-02;5.963070e-02;3.693064e-02;3.587201e-02;2.828015e-02
1.529683e-01;9.121675e-02;2.030326e-01;8.716196e-02;4.659083e-02;2.155307e-02;1.394670e-01;1.018145e-01;6.094490e-02;2.992705e-02;2.818700e-02;3.713603e-02
1.556434e-01;6.253275e-02;1.305456e-01;9.497287e-02;3.863846e-02;2.697466e-02;2.129743e-01;1.151400e-01;4.614773e-02;2.525481e-02;2.590754e-02;6.526792e-02
1.386021e-01;1.816726e-02;4.676855e-02;8.804453e-02;2.884566e-02;2.110091e-02;3.731508e-01;1.080669e-01;2.341216e-02;2.155451e-02;2.172581e-02;1.105609e-01
9.456684e-02;2.241823e-02;2.116048e-02;4.288882e-02;1.687819e-02;5.455099e-02;5.024347e-01;6.595554e-02;8.999162e-03;1.860168e-02;2.515776e-02;1.263876e-01
4.711581e-02;1.330670e-02;1.938274e-02;1.902549e-02;1.889903e-02;1.066237e-01;5.629662e-01;2.698698e-02;1.291110e-02;1.642702e-02;3.586580e-02;1.204894e-01
1.419838e-02;1.152907e-02;2.767494e-02;2.086026e-02;2.722482e-02;1.587945e-01;5.194110e-01;3.438942e-02;1.922300e-02;1.646334e-02;5.412012e-02;9.611112e-02
1.400549e-02;9.024020e-03;2.635085e-02;1.725217e-02;4.553267e-02;2.008374e-01;4.561899e-01;1.414036e-02;2.559297e-02;2.549082e-02;9.472601e-02;7.085735e-02
4.149400e-02;1.455408e-02;3.355546e-02;1.282085e-02;4.836524e-02;1.704495e-01;3.771567e-01;2.678891e-02;3.691259e-02;6.086716e-02;1.410592e-01;3.597627e-02
5.198931e-02;1.060442e-02;3.568310e-02;3.492695e-02;4.531126e-02;1.179503e-01;2.902675e-01;3.769060e-02;3.821502e-02;9.193383e-02;1.984214e-01;4.700629e-02
5.168980e-02;1.915697e-02;4.313724e-02;4.469831e-02;4.395863e-02;1.957367e-01;1.938263e-01;1.778360e-02;3.081416e-02;8.863051e-02;1.924103e-01;7.815744e-02
3.675445e-02;1.150307e-02;5.224171e-02;1.926430e-02;3.841678e-02;1.763825e-01;3.187155e-01;3.235854e-02;3.232814e-02;7.098198e-02;1.671920e-01;4.386105e-02
1.311012e-02;5.243581e-03;4.949744e-02;1.368483e-02;2.307386e-02;1.560220e-01;3.829921e-01;7.286108e-02;2.671843e-02;5.939589e-02;1.756862e-01;2.171447e-02
1.203077e-02;4.799723e-03;5.622315e-02;1.300303e-02;1.610501e-02;1.526320e-01;3.341120e-01;8.738844e-02;1.795812e-02;4.309653e-02;2.468760e-01;1.577522e-02
2.213458e-02;5.060197e-03;7.671352e-02;1.359120e-02;1.199452e-02;1.438195e-01;1.911711e-01;6.102544e-02;1.652300e-02;3.167403e-02;3.853761e-01;4.091681e-02
3.035495e-02;5.327694e-03;1.270152e-01;1.127434e-02;1.050239e-02;1.148139e-01;7.041647e-02;2.882853e-02;1.849971e-02;5.265198e-02;4.690735e-01;6.124135e-02
3.166645e-02;8.045773e-03;1.915785e-01;1.345169e-02;1.094405e-02;1.019956e-01;3.015616e-02;1.162118e-02;3.063310e-02;4.627853e-02;4.663962e-01;5.723289e-02
3.970382e-02;5.990470e-03;2.577560e-01;9.186405e-03;1.380372e-02;1.040528e-01;2.025285e-02;4.474535e-03;3.287463e-02;4.370655e-02;4.342231e-01;3.397517e-02
4.488795e-02;8.705929e-03;3.140004e-01;1.029676e-02;1.497015e-02;1.030674e-01;1.049558e-02;9.091272e-03;2.875341e-02;3.400130e-02;3.970525e-01;2.467728e-02
4.541047e-02;8.876855e-03;3.759392e-01;6.786415e-03;1.229226e-02;1.006801e-01;1.219243e-02;1.064305e-02;2.472886e-02;2.496492e-02;3.560951e-01;2.139036e-02
4.279555e-02;8.545704e-03;4.177563e-01;1.059814e-02;1.652455e-02;9.878913e-02;6.391228e-03;4.853162e-03;2.575777e-02;1.935871e-02;3.293444e-01;1.928540e-02
4.215762e-02;1.458218e-02;4.107556e-01;1.437165e-02;1.432284e-02;1.005461e-01;4.390927e-03;5.232769e-03;2.659004e-02;3.359563e-02;3.246929e-01;8.761757e-03
3.844737e-02;1.467108e-02;3.893086e-01;1.786538e-02;1.395427e-02;9.689862e-02;1.308136e-02;1.123448e-02;3.738398e-02;3.206763e-02;3.274587e-01;7.628582e-03
3.444020e-02;2.217663e-02;3.256376e-01;1.825002e-02;3.658495e-02;7.552390e-02;3.623306e-02;1.585544e-02;5.038477e-02;2.618345e-02;3.071574e-01;5.157257e-02
2.755204e-02;1.582214e-02;2.385642e-01;1.962760e-02;6.062758e-02;5.301469e-02;8.436139e-02;2.176494e-02;5.727191e-02;1.801115e-02;2.954865e-01;1.078959e-01
2.075728e-02;3.169948e-02;1.158801e-01;2.631895e-02;4.952044e-02;6.806120e-02;1.438053e-01;2.546983e-02;6.205590e-02;1.859858e-02;2.661515e-01;1.716815e-01
2.974708e-02;4.619073e-02;4.343615e-02;5.064014e-02;2.379952e-02;8.661821e-02;2.184293e-01;1.847071e-02;4.513376e-02;2.052792e-02;2.023772e-01;2.146293e-01
5.075175e-02;4.577523e-02;4.705276e-02;7.349021e-02;1.614590e-02;1.036030e-01;2.855782e-01;3.887054e-02;2.241171e-02;3.079684e-02;1.088964e-01;1.766275e-01
7.767591e-02;3.850930e-02;5.295888e-02;8.204254e-02;2.142167e-02;1.111694e-01;3.089724e-01;7.484215e-02;2.618046e-02;3.871876e-02;7.908781e-02;8.842070e-02
8.181217e-02;3.397566e-02;7.929693e-02;6.463529e-02;2.575088e-02;9.291409e-02;2.907967e-01;7.450437e-02;3.123173e-02;3.770155e-02;9.096485e-02;9.641580e-02
5.493507e-02;3.636632e-02;1.301537e-01;4.620148e-02;3.167091e-02;6.563023e-02;2.327587e-01;4.640650e-02;3.492623e-02;3.317755e-02;1.146795e-01;1.730938e-01
8.207865e-02;7.084711e-02;1.914178e-01;9.160639e-02;3.157476e-02;6.044294e-02;1.510760e-01;3.836676e-02;2.065455e-02;2.819155e-02;7.364939e-02;1.600941e-01
2.385517e-01;9.227572e-02;1.836552e-01;7.728986e-02;2.420460e-02;3.616666e-02;8.699621e-02;5.451781e-02;2.220436e-02;2.055661e-02;5.253497e-02;1.110463e-01
3.975464e-01;1.006997e-01;1.335326e-01;3.685647e-02;1.595529e-02;3.272267e-02;2.906833e-02;7.593017e-02;1.526400e-02;1.615373e-02;5.837286e-02;8.789781e-02
4.274220e-01;8.894844e-02;8.208568e-02;2.511116e-02;2.420089e-02;2.306673e-02;8.676930e-02;8.086324e-02;1.272008e-02;1.147050e-02;5.072904e-02;8.661298e-02
4.364054e-01;7.480200e-02;5.890134e-02;2.871216e-02;2.682021e-02;2.591085e-02;6.807347e-02;7.623143e-02;1.754513e-02;1.741927e-02;6.296792e-02;1.062109e-01
4.165430e-01;7.479488e-02;5.154890e-02;3.307554e-02;2.894555e-02;3.827948e-02;3.903649e-02;5.068124e-02;1.679109e-02;1.845810e-02;8.242933e-02;1.494164e-01
2.659716e-01;6.603135e-02;8.274787e-02;3.644321e-02;3.481739e-02;4.858065e-02;1.065318e-01;2.915267e-02;3.957530e-02;3.573310e-02;9.878284e-02;1.556322e-01
1.301765e-01;4.444958e-02;8.458340e-02;4.064713e-02;3.919311e-02;5.152552e-02;1.307833e-01;5.980057e-02;4.841508e-02;5.421653e-02;1.480716e-01;1.681377e-01
6.778438e-02;6.240410e-02;1.135687e-01;4.262453e-02;4.117423e-02;5.766509e-02;1.771564e-01;5.928966e-02;3.702902e-02;6.522440e-02;1.505353e-01;1.255442e-01
1.237053e-01;6.634603e-02;1.470868e-01;5.033372e-02;4.732119e-02;5.194461e-02;1.836364e-01;4.397273e-02;3.794267e-02;4.946179e-02;1.243728e-01;7.387596e-02
1.896060e-01;4.895734e-02;1.774205e-01;5.468928e-02;5.607577e-02;3.901256e-02;1.478361e-01;4.297219e-02;2.314904e-02;3.664338e-02;8.331264e-02;1.003251e-01
2.710405e-01;3.443167e-02;1.976047e-01;3.446371e-02;3.732206e-02;3.547917e-02;1.431730e-01;2.648435e-02;2.021393e-02;2.989201e-02;6.064923e-02;1.092458e-01
3.764318e-01;7.493605e-02;1.353622e-01;1.824735e-02;2.298585e-02;2.774235e-02;1.155001e-01;3.852480e-02;1.628091e-02;2.360629e-02;4.484182e-02;1.055404e-01
5.172707e-01;7.890150e-02;5.385888e-02;1.012172e-02;1.418663e-02;1.203092e-02;8.743747e-02;4.860029e-02;6.654675e-03;1.551828e-02;2.686746e-02;1.285515e-01
5.821669e-01;5.964103e-02;4.144580e-02;6.183954e-03;6.273601e-03;8.462127e-03;7.524618e-02;3.842314e-02;8.071117e-03;1.568844e-02;1.957947e-02;1.388182e-01
5.932255e-01;9.836008e-02;3.731722e-02;3.287560e-03;4.840777e-03;4.460487e-03;6.538216e-02;3.807548e-02;5.590233e-03;1.640797e-02;1.376669e-02;1.192858e-01
5.766122e-01;1.060315e-01;2.691511e-02;7.485191e-03;5.209859e-03;4.499193e-03;6.639247e-02;5.475096e-02;6.844619e-03;2.308879e-02;1.173762e-02;1.104324e-01
5.419530e-01;7.141822e-02;2.384148e-02;1.045724e-02;4.190492e-03;3.448895e-03;9.291109e-02;9.230296e-02;4.391470e-03;3.071186e-02;1.212307e-02;1.122501e-01
4.685764e-01;6.116817e-02;2.835835e-02;1.173080e-02;7.211844e-03;3.995006e-03;1.269669e-01;1.366639e-01;1.439019e-02;3.135239e-02;9.612544e-03;9.997348e-02
3.990621e-01;6.035138e-02;2.764561e-02;1.583828e-02;7.672307e-03;7.983184e-03;1.714987e-01;1.660200e-01;1.036021e-02;2.835868e-02;9.861895e-03;9.534764e-02
3.437182e-01;4.936291e-02;2.812041e-02;1.721510e-02;6.765565e-03;1.181241e-02;2.125251e-01;1.731530e-01;8.948400e-03;3.792853e-02;8.956249e-03;1.014941e-01
3.139078e-01;6.068115e-02;2.222511e-02;1.056033e-02;5.189025e-03;6.799953e-03;2.316918e-01;1.565494e-01;1.004972e-02;5.176609e-02;1.103971e-02;1.195399e-01
2.754132e-01;3.951740e-02;2.736636e-02;9.948425e-03;5.228733e-03;7.133056e-03;2.570939e-01;1.163520e-01;1.564738e-02;6.868630e-02;1.698866e-02;1.606245e-01
2.434532e-01;2.637876e-02;1.372502e-02;1.403684e-02;1.061882e-02;9.633275e-03;2.999841e-01;6.798493e-02;6.480571e-03;7.819272e-02;2.445947e-02;2.050523e-01
1.868626e-01;3.447614e-02;2.009679e-02;1.685877e-02;1.131248e-02;2.142971e-02;3.355383e-01;3.849219e-02;1.982704e-02;7.426841e-02;3.178053e-02;2.090570e-01
1.111842e-01;2.037070e-02;2.984693e-02;1.541623e-02;1.051719e-02;2.884221e-02;3.975414e-01;4.483596e-02;2.072628e-02;6.073133e-02;5.241559e-02;2.075720e-01
5.817404e-02;5.870218e-03;2.066142e-02;1.175202e-02;1.107311e-02;5.476001e-02;4.702355e-01;3.555641e-02;2.946614e-02;4.545511e-02;6.670021e-02;1.902958e-01
7.291155e-02;4.583883e-03;1.857650e-02;1.221236e-02;1.372913e-02;6.382380e-02;5.108108e-01;2.437203e-02;3.216816e-02;3.786701e-02;5.579420e-02;1.531506e-01
8.509794e-02;8.046251e-03;2.331274e-02;1.696266e-02;1.096630e-02;5.889173e-02;4.994315e-01;4.434805e-02;4.257382e-02;3.351507e-02;4.208218e-02;1.347718e-01
7.810942e-02;1.016680e-02;2.740730e-02;2.233409e-02;8.546320e-03;4.975469e-02;5.339810e-01;5.210263e-02;1.884758e-02;2.931076e-02;2.651445e-02;1.429250e-01
5.593246e-02;1.319163e-02;2.488332e-02;2.185186e-02;8.430093e-03;5.062934e-02;5.286419e-01;5.446582e-02;4.340338e-02;3.437287e-02;2.290527e-02;1.412920e-01
4.496513e-02;1.261867e-02;2.808697e-02;2.293446e-02;1.122114e-02;5.185051e-02;5.157575e-01;4.559457e-02;6.505384e-02;4.454815e-02;2.020851e-02;1.371606e-01
5.277638e-02;9.935373e-03;2.438491e-02;1.851263e-02;5.411020e-03;3.493205e-02;5.295707e-01;8.176102e-02;4.063328e-02;3.901682e-02;1.797486e-02;1.450910e-01
5.375281e-02;6.087168e-03;1.773447e-02;1.245965e-02;3.494204e-03;5.872566e-02;5.664237e-01;5.415657e-02;1.566189e-02;2.946958e-02;1.963782e-02;1.623965e-01
5.665478e-02;1.692928e-02;2.423891e-02;7.475559e-03;9.420990e-03;9.622661e-02;5.177159e-01;5.550183e-02;1.257852e-02;1.300845e-02;4.320523e-02;1.470440e-01
7.356042e-02;3.147918e-02;3.678683e-02;1.435819e-02;1.913749e-02;8.754267e-02;4.361500e-01;6.997020e-02;3.522719e-02;2.351672e-02;5.423328e-02;1.180378e-01
1.233027e-01;3.024086e-02;3.663124e-02;2.019715e-02;1.673678e-02;3.447266e-02;4.148713e-01;9.950257e-02;3.834074e-02;3.222505e-02;3.165661e-02;1.218223e-01
1.181173e-01;2.371947e-02;3.210364e-02;1.691380e-02;8.369423e-03;4.881283e-02;4.168479e-01;9.174423e-02;2.636820e-02;3.275404e-02;3.529800e-02;1.489512e-01
1.137722e-01;2.856216e-02;2.415179e-02;1.284081e-02;8.778020e-03;5.018723e-02;3.987203e-01;5.598602e-02;1.580110e-02;4.369478e-02;5.744279e-02;1.900628e-01
2.717387e-01;4.489391e-02;5.793177e-02;1.426652e-02;1.097381e-02;2.403178e-02;2.445542e-01;3.519744e-02;1.832722e-02;5.349761e-02;5.193074e-02;1.726563e-01
3.498446e-01;4.452207e-02;7.705411e-02;9.843614e-03;8.225742e-03;8.044442e-03;1.609704e-01;4.425359e-02;2.245124e-02;6.067638e-02;5.146765e-02;1.626462e-01
3.490334e-01;4.449132e-02;6.441370e-02;1.097011e-02;6.304909e-03;1.655958e-02;1.202201e-01;2.558125e-02;2.287115e-02;6.915790e-02;1.122817e-01;1.581150e-01
2.770080e-01;3.312755e-02;4.883065e-02;1.488237e-02;2.256613e-02;2.002015e-02;1.140281e-01;2.103069e-02;4.247701e-02;1.186879e-01;1.982960e-01;8.904549e-02
2.170939e-01;4.182741e-02;7.507136e-02;2.217386e-02;2.705407e-02;3.033850e-02;1.002487e-01;2.205591e-02;5.142557e-02;1.329104e-01;2.000810e-01;7.971926e-02
1.522603e-01;5.845006e-02;1.105575e-01;5.709462e-02;3.899631e-02;4.450204e-02;1.163700e-01;2.441117e-02;5.122335e-02;1.060892e-01;1.546920e-01;8.535351e-02
1.341667e-01;7.315807e-02;1.685884e-01;8.701379e-02;7.641752e-02;7.363801e-02;7.217290e-02;1.791144e-02;2.586855e-02;1.060409e-01;9.316549e-02;7.185821e-02
8.347605e-02;5.784122e-02;1.888559e-01;9.843962e-02;8.465996e-02;7.896335e-02;8.649975e-02;2.361055e-02;3.981529e-02;1.286390e-01;6.387877e-02;6.532057e-02
6.741909e-02;4.544158e-02;1.715863e-01;9.577139e-02;6.773806e-02;7.122055e-02;9.441814e-02;4.092431e-02;1.141606e-01;1.511952e-01;3.989140e-02;4.023337e-02
5.571356e-02;8.297641e-02;1.022847e-01;4.280563e-02;2.242155e-02;3.364622e-02;4.690166e-02;6.764111e-02;1.899104e-01;1.909748e-01;1.133060e-01;5.141791e-02
1.566236e-01;1.164077e-01;1.952137e-01;2.356704e-02;2.404354e-02;3.152257e-02;3.762515e-02;1.044609e-01;1.510426e-01;8.190086e-02;4.878757e-02;2.880481e-02
2.036643e-01;1.188609e-01;1.722506e-01;1.940143e-02;2.552921e-02;1.832036e-02;3.574156e-02;1.369514e-01;1.753011e-01;4.262083e-02;2.267859e-02;2.867971e-02
2.595049e-01;1.167435e-01;1.151126e-01;1.140573e-02;2.080508e-02;9.924557e-03;3.661055e-02;2.033631e-01;1.627679e-01;2.057808e-02;1.739582e-02;2.578827e-02
3.287087e-01;1.055894e-01;7.812972e-02;5.682278e-03;2.102173e-02;4.775787e-03;2.747718e-02;2.680608e-01;1.106263e-01;9.559410e-03;1.051496e-02;2.985365e-02
3.840256e-01;9.417723e-02;7.113688e-02;3.559999e-03;2.399575e-02;4.712189e-03;3.467563e-02;2.781965e-01;3.957896e-02;1.438623e-02;1.433725e-02;3.721780e-02
4.026451e-01;1.345430e-01;7.593152e-02;2.958300e-03;2.393248e-02;5.151534e-03;2.477931e-02;2.270609e-01;4.619044e-02;1.036791e-02;1.513892e-02;3.130077e-02
3.737096e-01;1.900403e-01;1.116351e-01;4.521121e-03;1.698578e-02;3.311231e-03;1.401680e-02;1.447421e-01;9.317479e-02;9.750030e-03;1.499057e-02;2.312254e-02
3.286557e-01;2.298387e-01;1.461135e-01;5.472730e-03;1.068243e-02;6.081150e-03;1.434649e-02;7.998770e-02;1.437070e-01;4.677837e-03;1.412220e-02;1.631460e-02
2.888155e-01;2.480268e-01;1.853496e-01;5.463359e-03;9.218401e-03;4.196870e-03;1.107719e-02;5.018241e-02;1.553602e-01;9.490352e-03;1.989413e-02;1.292513e-02
2.842296e-01;2.260220e-01;2.012575e-01;8.603918e-03;2.020951e-02;4.827676e-03;1.621874e-02;6.168752e-02;1.348126e-01;6.292316e-03;2.570025e-02;1.013835e-02
3.019973e-01;1.605037e-01;2.262793e-01;1.169799e-02;3.097433e-02;5.132642e-03;1.739891e-02;6.784117e-02;1.040357e-01;1.111713e-02;3.461644e-02;2.840532e-02
3.438823e-01;6.495833e-02;2.459551e-01;1.169305e-02;3.670182e-02;6.401077e-03;2.354476e-02;6.401814e-02;8.552058e-02;1.539390e-02;4.319398e-02;5.873695e-02
3.791026e-01;9.546141e-02;1.665367e-01;1.095247e-02;3.173465e-02;1.310471e-02;3.768771e-02;4.782322e-02;4.996237e-02;2.595472e-02;5.120597e-02;9.047350e-02
3.775647e-01;1.312440e-01;1.307749e-01;2.198599e-02;4.702850e-02;1.751389e-02;3.267815e-02;3.557036e-02;3.399875e-02;3.503874e-02;6.606971e-02;7.053226e-02
3.499299e-01;1.487469e-01;1.222158e-01;2.694111e-02;5.169887e-02;2.897435e-02;5.193658e-02;3.182563e-02;2.790127e-02;4.665079e-02;6.907371e-02;4.410519e-02
2.366748e-01;1.447313e-01;1.313043e-01;4.635506e-02;4.978043e-02;4.355561e-02;8.012184e-02;3.663972e-02;5.165784e-02;5.878859e-02;6.516618e-02;5.522429e-02
1.851859e-01;1.161836e-01;1.487763e-01;4.989066e-02;6.891734e-02;3.624875e-02;5.963938e-02;5.921260e-02;8.129367e-02;6.165202e-02;7.534155e-02;5.765817e-02
1.699270e-01;6.529152e-02;1.742873e-01;6.965441e-02;5.868548e-02;4.767222e-02;7.281929e-02;5.247373e-02;1.011955e-01;5.620057e-02;6.145222e-02;7.034072e-02
1.245601e-01;1.362970e-01;1.355298e-01;8.703554e-02;6.382287e-02;5.430422e-02;8.506931e-02;6.916001e-02;6.227640e-02;6.672722e-02;4.169632e-02;7.352126e-02
9.061038e-02;1.254164e-01;1.033310e-01;1.264882e-01;6.061090e-02;8.085481e-02;1.123767e-01;1.139365e-01;6.227924e-02;5.000836e-02;4.756688e-02;2.652065e-02
7.102413e-02;1.034110e-01;1.229878e-01;1.286419e-01;6.495917e-02;8.409481e-02;7.403267e-02;9.777654e-02;7.160536e-02;8.047538e-02;6.620065e-02;3.479056e-02
5.324084e-02;7.051181e-02;2.071514e-01;1.625698e-01;7.908680e-02;5.840800e-02;9.786870e-02;5.369334e-02;8.122343e-02;5.534656e-02;6.660908e-02;1.429026e-02
3.629346e-02;3.701884e-02;3.350655e-01;2.062925e-01;7.872514e-02;3.462644e-02;7.805109e-02;4.035923e-02;5.202695e-02;3.968719e-02;4.343174e-02;1.842194e-02
2.531311e-02;2.344482e-02;3.562045e-01;1.567399e-01;1.853077e-01;4.064642e-02;7.383072e-02;2.331977e-02;2.582606e-02;3.308985e-02;3.288935e-02;2.338781e-02
2.941945e-02;1.446557e-02;1.940380e-01;3.153346e-01;2.752062e-01;3.516445e-02;4.916994e-02;1.181468e-02;1.459177e-02;1.378905e-02;2.767961e-02;1.932668e-02
2.328083e-02;1.798527e-02;8.651884e-02;4.527597e-01;2.323568e-01;2.883589e-02;5.854348e-02;2.208892e-02;1.777661e-02;2.842472e-02;2.000933e-02;1.141959e-02
1.308634e-02;2.227218e-02;5.819483e-02;4.288602e-01;2.458579e-01;1.986355e-02;7.771970e-02;3.830639e-02;3.127420e-02;3.990230e-02;1.548978e-02;9.172725e-03
1.721432e-02;1.713289e-02;3.926931e-02;4.455056e-01;2.000796e-01;1.768217e-02;9.501697e-02;4.903689e-02;4.397149e-02;4.512697e-02;1.462501e-02;1.533876e-02
3.194940e-02;1.690877e-02;5.726214e-02;3.982418e-01;1.790888e-01;2.700580e-02;9.443395e-02;5.644210e-02;4.764371e-02;5.031104e-02;2.470344e-02;1.600910e-02
2.658973e-02;1.830779e-02;6.348906e-02;3.079629e-01;1.872890e-01;3.792141e-02;9.285066e-02;8.541254e-02;4.609694e-02;7.265090e-02;4.195118e-02;1.947786e-02
1.750284e-02;1.403863e-02;9.403404e-02;1.911209e-01;3.081195e-01;5.349685e-02;1.388659e-01;5.340824e-02;2.902917e-02;4.936925e-02;2.857715e-02;2.243761e-02
3.210844e-02;2.666445e-02;1.215857e-01;8.753262e-02;2.395423e-01;9.519204e-02;1.870789e-01;6.519102e-02;3.591719e-02;3.944563e-02;3.570838e-02;3.403340e-02
1.367438e-01;8.736237e-02;2.650228e-01;5.680317e-02;8.965241e-02;8.429080e-02;1.264018e-01;4.619884e-02;1.622374e-02;3.482141e-02;2.910960e-02;2.736932e-02
1.736078e-01;9.232393e-02;2.515922e-01;3.478071e-02;6.541772e-02;6.668275e-02;1.379466e-01;3.722249e-02;2.383627e-02;3.598649e-02;3.792324e-02;4.267976e-02
1.882305e-01;7.421500e-02;2.200637e-01;2.458739e-02;5.286761e-02;6.777021e-02;1.339178e-01;3.701502e-02;3.881810e-02;4.106081e-02;5.152202e-02;6.993186e-02
1.360458e-01;1.528719e-02;1.532389e-01;5.003092e-02;3.479888e-02;5.220093e-02;2.754026e-01;4.430585e-02;5.247476e-02;4.281130e-02;4.993448e-02;9.346845e-02
7.965270e-02;2.001501e-02;1.300882e-01;7.196223e-02;2.462805e-02;3.415219e-02;3.531387e-01;3.907982e-02;6.058689e-02;5.352452e-02;3.933648e-02;9.383526e-02
1.542500e-01;3.541172e-02;1.002576e-01;7.766809e-02;2.956985e-02;3.302445e-02;2.957699e-01;4.244874e-02;5.532397e-02;6.790601e-02;2.935632e-02;7.901330e-02
2.590191e-01;4.162916e-02;5.439895e-02;7.620394e-02;4.482535e-02;2.513607e-02;2.440906e-01;4.632713e-02;3.460553e-02;8.119798e-02;2.147439e-02;7.109177e-02
2.881612e-01;2.942496e-02;4.801826e-02;7.954157e-02;4.088235e-02;2.490820e-02;2.308051e-01;4.761054e-02;1.977438e-02;9.590952e-02;1.961468e-02;7.534924e-02
2.780480e-01;1.396692e-02;5.032103e-02;8.486162e-02;4.311264e-02;2.364966e-02;2.387065e-01;5.552769e-02;2.227737e-02;9.124628e-02;1.816096e-02;8.012124e-02
2.873434e-01;2.238025e-02;5.398371e-02;8.338451e-02;5.032279e-02;3.563572e-02;2.237505e-01;5.289629e-02;2.230581e-02;7.585400e-02;1.227553e-02;7.986745e-02
2.979759e-01;3.089330e-02;4.846001e-02;8.054045e-02;5.048415e-02;5.158032e-02;2.243872e-01;4.844619e-02;2.424729e-02;5.608130e-02;9.857939e-03;7.704592e-02
2.655538e-01;3.718027e-02;6.379355e-02;8.769208e-02;5.228251e-02;4.944372e-02;2.343973e-01;4.195713e-02;2.245887e-02;4.468896e-02;1.913697e-02;8.141483e-02
2.563747e-01;2.216916e-02;3.996877e-02;1.063745e-01;8.193202e-02;3.386916e-02;2.476473e-01;3.233643e-02;1.585313e-02;4.877867e-02;2.079469e-02;9.390140e-02
2.134848e-01;4.349446e-02;1.032395e-01;1.040770e-01;7.610224e-02;2.932115e-02;2.363660e-01;1.958571e-02;1.317847e-02;4.201101e-02;2.738806e-02;9.175149e-02
1.682124e-01;3.188777e-02;9.592775e-02;1.065656e-01;4.710324e-02;4.061449e-02;2.658676e-01;2.205818e-02;3.082883e-02;4.191992e-02;5.254397e-02;9.647018e-02
1.728707e-01;3.309986e-02;1.347295e-01;8.629649e-02;4.157709e-02;4.624852e-02;2.089277e-01;2.370557e-02;3.876600e-02;6.631558e-02;8.570704e-02;6.175597e-02
2.174840e-01;1.178180e-02;1.553731e-01;6.893993e-02;4.976844e-02;4.225728e-02;1.573556e-01;2.968293e-02;4.045209e-02;8.429156e-02;1.131629e-01;2.945037e-02
3.090152e-01;4.095204e-02;8.185051e-02;4.671032e-02;4.425183e-02;3.234403e-02;1.224653e-01;3.016600e-02;3.333721e-02;6.788793e-02;9.473803e-02;9.628163e-02
3.548165e-01;6.928193e-02;6.925642e-02;4.430733e-02;3.401681e-02;3.783074e-02;1.405207e-01;1.631629e-02;2.850444e-02;4.783992e-02;4.840877e-02;1.089002e-01
3.173525e-01;6.353736e-02;7.580901e-02;5.526271e-02;4.387789e-02;5.646249e-02;1.564188e-01;3.444381e-02;2.803871e-02;2.740392e-02;3.459917e-02;1.067936e-01
2.714819e-01;6.024041e-02;8.688960e-02;6.655400e-02;7.543936e-02;5.497246e-02;1.192489e-01;3.470458e-02;4.920051e-02;3.412560e-02;3.971354e-02;1.074292e-01
2.867337e-01;7.849995e-02;1.137549e-01;5.945081e-02;6.041027e-02;4.754741e-02;1.015081e-01;3.745829e-02;4.987741e-02;3.958727e-02;3.225921e-02;9.291276e-02
1.751471e-01;7.198901e-02;1.109062e-01;5.677813e-02;7.808895e-02;6.153510e-02;1.733882e-01;3.833224e-02;4.747626e-02;5.012026e-02;5.750817e-02;7.873043e-02
1.009080e-01;4.321414e-02;9.440390e-02;4.902697e-02;7.011151e-02;5.646186e-02;1.677089e-01;2.642819e-02;1.947573e-01;6.247290e-02;6.657938e-02;6.792697e-02
7.795522e-02;1.831854e-02;5.214584e-02;3.140706e-02;4.466151e-02;3.619216e-02;1.164015e-01;1.062317e-01;2.815219e-01;1.224173e-01;6.354083e-02;4.920643e-02
6.056058e-02;1.997648e-02;5.045525e-02;2.531661e-02;3.161147e-02;3.315480e-02;1.399084e-01;1.416557e-01;2.595645e-01;1.340194e-01;6.393325e-02;3.984354e-02
6.408287e-02;2.192444e-02;6.837053e-02;2.046927e-02;2.965512e-02;2.311606e-02;1.532317e-01;1.630606e-01;2.159990e-01;1.433164e-01;6.128766e-02;3.548624e-02
1.181885e-01;8.975969e-02;7.918257e-02;2.911492e-02;3.261950e-02;3.572807e-02;1.021575e-01;1.658099e-01;9.581015e-02;1.595619e-01;6.456846e-02;2.749879e-02
1.054720e-01;1.118564e-01;8.887214e-02;3.696794e-02;3.807461e-02;4.927142e-02;1.275657e-01;1.151399e-01;1.070080e-01;1.235849e-01;5.122784e-02;4.495914e-02
6.098220e-02;5.164199e-02;7.865155e-02;4.122715e-02;3.958852e-02;5.682923e-02;1.616236e-01;6.349331e-02;2.169832e-01;1.017343e-01;6.471577e-02;6.252913e-02
5.796680e-02;1.707205e-02;6.062581e-02;2.503147e-02;4.033634e-02;4.323491e-02;1.750243e-01;8.880826e-02;2.696397e-01;9.889006e-02;6.088054e-02;6.248968e-02
5.354960e-02;4.057892e-02;9.264884e-02;2.985673e-02;4.633256e-02;3.913215e-02;1.811777e-01;5.499491e-02;2.329407e-01;1.077723e-01;5.685881e-02;6.415682e-02
8.014106e-02;8.529414e-02;1.310530e-01;4.493786e-02;4.683328e-02;5.066523e-02;1.709009e-01;8.566873e-02;1.148996e-01;7.746743e-02;4.856282e-02;6.357597e-02
7.540714e-02;9.646054e-02;1.442686e-01;5.067777e-02;6.290776e-02;6.560054e-02;1.623935e-01;9.559965e-02;8.426502e-02;4.677612e-02;4.086117e-02;7.478214e-02
3.850375e-02;6.364653e-02;1.106479e-01;5.177256e-02;6.955981e-02;7.018888e-02;2.200286e-01;9.668029e-02;9.152584e-02;8.297106e-02;5.477470e-02;4.970006e-02
5.302718e-02;5.927060e-02;1.295201e-01;4.932073e-02;5.764922e-02;5.509740e-02;1.876115e-01;8.223481e-02;1.364406e-01;9.245929e-02;5.383051e-02;4.353802e-02
5.915617e-02;7.386208e-02;1.791733e-01;3.506249e-02;6.753121e-02;5.217781e-02;1.007219e-01;6.204139e-02;1.756790e-01;9.993012e-02;4.871006e-02;4.595442e-02
