9.550600e-02;5.836115e-02;1.553127e-01;6.363600e-02;4.514063e-02;4.465132e-02;1.675432e-01;4.645905e-02;8.716603e-02;7.398264e-02;9.906015e-02;6.318114e-02
1.015943e-01;7.920864e-02;1.591526e-01;7.874767e-02;6.204876e-02;6.855153e-02;1.040780e-01;4.217343e-02;9.264992e-02;7.209223e-02;7.736494e-02;6.233806e-02
1.038579e-01;8.664118e-02;1.540290e-01;8.847950e-02;6.218529e-02;8.782136e-02;9.976860e-02;7.391474e-02;6.804687e-02;4.293561e-02;6.049075e-02;7.182914e-02
8.286048e-02;7.515251e-02;1.205628e-01;8.137782e-02;5.528976e-02;8.156314e-02;9.856592e-02;8.175800e-02;1.001219e-01;6.410097e-02;7.624210e-02;8.240459e-02
7.065263e-02;8.236177e-02;9.597953e-02;6.646667e-02;5.564657e-02;7.456316e-02;1.094780e-01;7.061128e-02;1.333731e-01;7.588244e-02;9.604629e-02;6.893854e-02
6.703636e-02;1.142500e-01;1.028467e-01;4.754997e-02;5.893355e-02;6.427347e-02;1.100203e-01;1.066187e-01;1.486885e-01;6.567463e-02;6.919849e-02;4.490937e-02
4.854177e-02;1.250587e-01;1.245711e-01;7.535557e-02;5.804367e-02;5.751755e-02;9.241475e-02;7.834417e-02;7.618945e-02;1.033746e-01;8.631369e-02;7.427505e-02
4.057656e-02;1.163109e-01;8.412187e-02;9.990320e-02;4.787871e-02;5.533456e-02;5.146234e-02;5.530148e-02;8.185726e-02;1.330283e-01;1.366608e-01;9.756409e-02
7.522318e-02;8.704291e-02;8.186046e-02;7.579042e-02;5.749212e-02;4.275076e-02;8.752823e-02;9.617446e-02;9.112683e-02;9.961390e-02;1.215008e-01;8.389594e-02
7.734174e-02;6.400654e-02;8.645076e-02;7.771608e-02;7.035122e-02;5.279230e-02;8.757175e-02;1.112844e-01;9.775693e-02;8.100761e-02;1.010321e-01;9.268847e-02
7.484195e-02;9.187557e-02;9.858430e-02;6.609281e-02;7.194906e-02;7.326727e-02;5.706159e-02;1.296447e-01;1.178992e-01;6.739912e-02;7.957200e-02;7.181247e-02
7.917820e-02;9.917291e-02;8.823086e-02;5.719875e-02;6.788787e-02;7.859420e-02;9.749189e-02;1.419785e-01;9.936216e-02;6.433234e-02;5.643289e-02;7.013943e-02
1.085253e-01;6.063593e-02;1.666474e-01;7.286698e-02;4.948430e-02;7.453912e-02;1.261994e-01;1.178994e-01;6.587298e-02;4.769346e-02;5.827469e-02;5.136108e-02
1.506084e-01;8.713592e-02;1.601432e-01;7.271343e-02;5.577936e-02;6.693804e-02;1.126819e-01;6.352085e-02;6.258314e-02;7.266913e-02;5.005390e-02;4.517272e-02
1.997968e-01;9.442134e-02;1.224485e-01;6.991684e-02;4.821647e-02;8.698893e-02;1.181144e-01;5.970223e-02;5.303569e-02;8.456263e-02;3.367186e-02;2.912419e-02
2.068030e-01;8.130236e-02;8.161150e-02;5.799836e-02;6.218505e-02;1.124563e-01;1.025454e-01;6.021503e-02;8.582469e-02;7.087829e-02;2.964631e-02;4.853370e-02
1.587570e-01;4.952763e-02;1.119184e-01;4.341989e-02;1.066677e-01;1.250579e-01;5.665079e-02;4.942595e-02;1.558197e-01;2.525564e-02;4.181566e-02;7.568379e-02
1.978634e-01;3.503085e-02;1.221831e-01;2.980642e-02;1.185305e-01;1.392355e-01;4.744754e-02;2.043401e-02;1.476849e-01;4.887164e-02;3.123946e-02;6.167267e-02
2.750084e-01;5.339864e-02;8.628334e-02;5.299753e-02;9.813062e-02;1.457825e-01;7.037684e-02;2.123316e-02;5.744746e-02;8.380061e-02;1.987329e-02;3.566761e-02
2.795442e-01;6.885754e-02;9.113950e-02;7.091250e-02;8.545341e-02;1.300661e-01;6.167101e-02;2.013712e-02;2.150957e-02;9.367044e-02;3.034210e-02;4.669653e-02
1.837063e-01;7.205480e-02;1.661127e-01;7.089099e-02;8.886012e-02;1.000366e-01;5.287901e-02;1.502722e-02;5.404521e-02;8.316500e-02;4.351035e-02;6.971166e-02
7.357460e-02;4.309205e-02;2.115365e-01;4.997146e-02;1.432247e-01;7.390726e-02;9.651145e-02;2.381670e-02;8.382019e-02;5.043681e-02;3.198548e-02;1.181228e-01
2.009808e-01;3.194319e-02;1.419136e-01;3.078875e-02;1.399322e-01;8.509820e-02;1.021993e-01;1.175030e-02;8.812094e-02;6.231844e-02;1.085055e-02;9.410376e-02
3.128453e-01;7.548492e-02;7.854404e-02;5.871502e-02;7.286598e-02;7.674894e-02;1.336418e-01;7.541082e-03;4.291810e-02;8.322817e-02;1.260154e-02;4.486513e-02
2.904841e-01;1.442316e-01;5.284864e-02;8.230381e-02;4.579928e-02;5.955728e-02;1.611954e-01;1.109327e-02;2.127380e-02;8.259910e-02;2.511508e-02;2.349857e-02
2.135450e-01;2.226895e-01;8.032023e-02;6.524691e-02;4.587993e-02;3.720489e-02;1.865414e-01;1.458057e-02;1.332952e-02;5.851990e-02;4.693753e-02;1.520468e-02
1.381657e-01;2.738627e-01;1.243547e-01;2.909646e-02;6.292704e-02;2.226840e-02;2.162852e-01;1.854583e-02;1.075250e-02;2.895343e-02;6.744961e-02;7.338503e-03
8.676571e-02;2.711509e-01;1.652619e-01;8.484779e-03;7.396590e-02;1.809403e-02;2.435443e-01;3.087568e-02;9.853608e-03;1.165685e-02;7.095772e-02;9.388573e-03
8.174568e-02;2.345451e-01;1.930924e-01;1.358327e-02;7.154729e-02;1.765343e-02;2.542284e-01;3.811655e-02;1.201649e-02;8.281698e-03;5.927774e-02;1.591203e-02
8.479053e-02;2.095793e-01;2.025969e-01;1.874889e-02;7.009088e-02;2.456191e-02;2.489669e-01;4.227808e-02;1.901715e-02;1.286557e-02;4.821787e-02;1.828602e-02
8.877107e-02;2.115407e-01;1.760355e-01;2.898899e-02;7.437961e-02;2.543493e-02;2.572611e-01;4.091258e-02;2.350543e-02;2.044397e-02;3.817246e-02;1.455351e-02
3.909469e-02;2.226378e-01;1.140454e-01;3.604322e-02;7.057795e-02;2.163187e-02;3.199997e-01;3.645325e-02;3.265029e-02;4.517685e-02;3.548352e-02;2.620548e-02
2.968586e-02;1.309739e-01;2.627381e-01;3.537144e-02;4.945515e-02;1.769387e-02;2.538295e-01;6.450720e-02;4.183868e-02;4.042814e-02;3.658503e-02;3.689308e-02
2.853801e-02;6.118163e-02;3.556705e-01;7.511111e-02;2.463874e-02;1.670793e-02;1.530299e-01;8.855192e-02;7.188923e-02;4.127374e-02;3.364835e-02;4.975902e-02
3.220735e-02;2.335122e-02;3.719181e-01;1.260821e-01;2.111697e-02;2.087496e-02;1.009553e-01;9.393307e-02;9.811898e-02;4.210053e-02;2.093993e-02;4.840149e-02
2.303722e-02;3.029306e-02;3.518085e-01;1.544553e-01;2.199479e-02;2.478506e-02;9.216877e-02;1.048087e-01;9.419432e-02;3.232208e-02;1.176324e-02;5.836891e-02
1.597385e-02;2.744154e-02;3.986321e-01;1.319021e-01;1.684399e-02;2.973724e-02;9.906842e-02;1.227081e-01;5.325902e-02;2.158782e-02;6.313730e-03;7.653209e-02
8.974256e-03;2.265269e-02;4.592634e-01;9.339996e-02;1.244319e-02;2.759319e-02;1.044896e-01;1.351489e-01;2.782292e-02;1.975600e-02;6.983440e-03;8.147255e-02
5.953278e-03;2.136897e-02;4.753413e-01;6.354214e-02;1.065200e-02;1.980238e-02;1.229737e-01;1.465573e-01;3.262327e-02;1.767121e-02;1.020879e-02;7.330554e-02
7.864229e-03;4.661013e-02;4.542778e-01;4.060366e-02;1.387815e-02;1.086669e-02;1.664564e-01;1.446584e-01;2.304366e-02;1.411945e-02;2.113234e-02;5.648912e-02
1.416342e-02;9.099034e-02;3.593502e-01;2.306890e-02;2.811616e-02;1.272187e-02;2.414890e-01;1.194687e-01;1.456121e-02;1.084755e-02;4.416943e-02;4.105331e-02
4.907857e-02;1.425753e-01;2.177870e-01;1.513819e-02;4.956759e-02;2.906827e-02;2.996657e-01;6.894872e-02;1.254840e-02;1.455016e-02;6.962109e-02;3.145096e-02
8.186012e-02;1.490871e-01;1.651839e-01;2.290728e-02;5.966019e-02;4.118259e-02;2.893230e-01;4.914162e-02;2.121868e-02;1.864955e-02;7.356705e-02;2.821885e-02
1.321129e-01;1.088745e-01;1.810906e-01;3.129787e-02;6.483968e-02;5.379038e-02;2.650671e-01;4.235388e-02;2.259114e-02;2.109323e-02;5.105805e-02;2.583067e-02
2.051415e-01;9.424644e-02;1.230785e-01;5.842334e-02;9.246396e-02;7.017382e-02;2.302844e-01;3.328202e-02;1.512146e-02;2.933964e-02;1.554344e-02;3.290142e-02
2.054455e-01;5.057918e-02;1.346728e-01;5.665862e-02;1.364259e-01;8.148824e-02;1.456664e-01;2.582346e-02;4.065991e-02;2.101648e-02;3.050347e-02;7.106001e-02
1.301389e-01;4.987629e-02;2.224699e-01;6.163248e-02;1.645299e-01;7.329827e-02;7.932852e-02;2.281125e-02;4.415633e-02;1.919110e-02;3.276677e-02;9.980019e-02
4.411352e-02;7.371812e-02;3.224426e-01;1.099074e-01;1.397634e-01;4.759874e-02;3.111121e-02;4.134674e-02;2.450307e-02;2.416596e-02;7.317824e-02;6.815100e-02
5.728379e-02;4.768732e-02;4.261950e-01;1.158038e-01;9.376294e-02;2.798911e-02;3.383617e-02;3.962970e-02;8.300381e-03;4.165014e-02;7.756754e-02;3.029416e-02
7.513601e-02;3.683709e-02;4.774440e-01;9.986124e-02;5.980273e-02;1.954148e-02;6.236164e-02;1.144814e-02;1.335334e-02;6.079827e-02;5.551159e-02;2.790444e-02
7.516924e-02;4.257375e-02;4.287812e-01;7.675921e-02;5.786569e-02;3.084453e-02;9.856845e-02;2.132641e-02;2.493512e-02;6.707986e-02;4.174883e-02;3.434769e-02
4.660134e-02;5.022809e-02;4.788518e-01;6.389587e-02;4.654725e-02;3.501527e-02;8.416347e-02;1.798287e-02;2.574203e-02;8.014144e-02;3.394908e-02;3.688149e-02
2.324334e-02;8.713067e-02;5.269138e-01;4.496683e-02;2.765054e-02;3.682036e-02;5.703541e-02;8.237943e-03;3.795229e-02;8.070005e-02;2.306971e-02;4.627908e-02
1.730447e-02;1.376613e-01;4.900544e-01;2.963630e-02;2.434438e-02;4.629359e-02;4.166609e-02;8.703465e-03;6.306677e-02;6.631792e-02;1.795670e-02;5.699460e-02
3.481073e-02;1.739144e-01;4.268923e-01;3.848935e-02;3.749489e-02;4.955695e-02;2.866222e-02;1.375230e-02;7.217341e-02;5.576635e-02;1.736126e-02;5.112583e-02
4.656611e-02;1.890673e-01;4.096783e-01;4.892036e-02;4.691733e-02;4.892443e-02;3.469283e-02;1.675378e-02;5.986424e-02;4.790813e-02;1.377129e-02;3.693581e-02
7.471577e-02;2.042495e-01;4.093156e-01;4.380982e-02;4.280951e-02;4.405394e-02;4.286228e-02;1.518141e-02;3.976311e-02;4.980305e-02;1.487592e-02;1.856008e-02
1.553275e-01;2.011840e-01;3.327795e-01;3.199902e-02;3.070507e-02;3.673112e-02;4.398445e-02;2.238774e-02;4.408888e-02;5.171639e-02;2.552596e-02;2.357030e-02
1.531939e-01;1.738068e-01;3.077950e-01;3.551034e-02;3.749000e-02;4.157161e-02;3.008839e-02;3.360062e-02;6.376629e-02;6.037853e-02;2.528982e-02;3.750873e-02
9.506492e-02;1.423348e-01;3.095255e-01;4.479653e-02;3.481030e-02;4.289756e-02;5.338165e-02;3.917845e-02;6.292377e-02;8.095016e-02;3.434726e-02;5.978904e-02
9.352830e-02;1.046407e-01;2.529604e-01;4.871033e-02;5.064832e-02;4.200854e-02;1.422013e-01;3.807157e-02;5.402371e-02;7.560931e-02;4.209371e-02;5.550382e-02
1.362201e-01;8.875908e-02;2.124210e-01;3.735670e-02;5.543398e-02;4.267093e-02;1.877850e-01;3.187483e-02;5.644028e-02;6.911386e-02;3.329529e-02;4.862892e-02
9.523986e-02;7.238361e-02;2.527674e-01;4.100664e-02;5.631529e-02;3.420248e-02;1.873369e-01;2.778816e-02;5.257824e-02;8.224379e-02;5.919065e-02;3.894693e-02
7.260546e-02;7.111794e-02;2.860834e-01;6.112861e-02;5.522664e-02;2.005719e-02;1.590193e-01;4.935427e-02;3.689743e-02;8.829119e-02;6.697208e-02;3.324651e-02
5.792842e-02;9.407403e-02;2.355232e-01;7.506559e-02;5.693892e-02;2.861110e-02;1.353238e-01;7.217274e-02;5.249705e-02;7.839575e-02;7.175714e-02;4.171234e-02
1.041045e-01;1.307102e-01;1.671011e-01;9.284218e-02;7.818004e-02;3.841446e-02;9.107643e-02;6.349513e-02;5.289976e-02;7.452396e-02;7.098483e-02;3.566738e-02
1.024661e-01;1.124596e-01;1.755097e-01;6.038229e-02;7.568730e-02;7.140990e-02;9.072802e-02;4.331134e-02;5.893409e-02;8.431512e-02;7.349189e-02;5.130458e-02
8.631320e-02;1.261200e-01;1.572114e-01;3.652765e-02;7.188950e-02;7.171631e-02;1.222895e-01;5.168012e-02;4.930262e-02;9.052338e-02;7.773579e-02;5.869051e-02
7.168905e-02;1.293318e-01;1.737244e-01;5.231645e-02;8.080310e-02;6.308777e-02;5.051301e-02;5.463256e-02;8.539031e-02;9.499569e-02;9.476083e-02;4.875495e-02
8.111445e-02;1.000124e-01;1.305184e-01;5.346584e-02;6.872475e-02;8.243661e-02;7.130153e-02;7.175431e-02;1.029789e-01;1.021292e-01;8.073881e-02;5.482478e-02
5.858877e-02;6.997693e-02;1.268923e-01;3.848413e-02;7.079532e-02;9.986973e-02;9.031129e-02;1.008938e-01;1.520196e-01;1.063271e-01;4.839897e-02;3.744203e-02
3.693363e-02;7.270821e-02;9.886558e-02;7.020003e-02;6.691234e-02;9.348736e-02;8.274999e-02;1.240697e-01;1.807321e-01;1.036038e-01;3.300393e-02;3.673332e-02
3.596919e-02;8.871702e-02;7.585222e-02;9.380050e-02;6.241848e-02;1.116356e-01;1.121700e-01;1.156779e-01;1.248836e-01;9.302193e-02;4.271518e-02;4.313841e-02
6.015126e-02;9.163713e-02;1.389554e-01;5.982748e-02;8.915989e-02;1.647536e-01;8.340564e-02;9.656335e-02;5.869023e-02;8.468383e-02;4.713955e-02;2.503267e-02
7.119793e-02;9.186517e-02;1.530512e-01;7.670546e-02;7.611705e-02;1.887576e-01;6.191634e-02;8.923481e-02;5.894899e-02;6.955151e-02;2.677399e-02;3.587999e-02
7.227129e-02;8.158832e-02;1.416044e-01;9.755335e-02;5.628912e-02;1.502301e-01;6.973861e-02;1.113869e-01;7.497024e-02;7.115841e-02;2.146926e-02;5.174008e-02
5.624763e-02;6.316813e-02;1.084766e-01;6.693944e-02;7.377076e-02;1.524864e-01;1.152796e-01;1.283189e-01;6.073840e-02;6.662705e-02;3.638061e-02;7.156647e-02
5.671890e-02;6.283703e-02;8.717962e-02;4.590263e-02;8.015814e-02;1.166200e-01;1.801053e-01;1.390319e-01;5.086616e-02;5.469612e-02;4.770367e-02;7.818048e-02
8.034349e-02;9.714136e-02;8.204003e-02;3.453332e-02;5.656852e-02;9.245394e-02;2.011911e-01;1.420280e-01;6.814270e-02;5.005683e-02;4.465295e-02;5.084779e-02
9.191819e-02;6.204728e-02;1.134164e-01;4.009361e-02;5.106056e-02;1.588154e-01;2.046990e-01;9.681286e-02;6.473461e-02;4.629979e-02;3.505321e-02;3.504914e-02
1.013517e-01;9.287605e-02;1.452110e-01;3.746660e-02;4.519865e-02;1.164693e-01;2.012350e-01;5.866240e-02;6.003311e-02;4.819619e-02;3.757883e-02;5.572129e-02
9.596232e-02;1.305817e-01;1.256445e-01;4.513726e-02;5.536789e-02;7.204365e-02;1.822738e-01;8.046114e-02;5.603227e-02;5.690094e-02;3.758380e-02;6.201072e-02
9.276401e-02;1.221876e-01;1.127072e-01;3.482269e-02;7.511586e-02;1.161387e-01;1.359143e-01;9.155160e-02;6.353924e-02;6.540179e-02;2.802335e-02;6.183365e-02
7.102506e-02;1.228888e-01;1.396201e-01;3.376297e-02;8.660803e-02;1.369810e-01;9.771065e-02;7.142673e-02;6.918666e-02;8.407613e-02;2.222082e-02;6.449305e-02
5.207326e-02;1.654176e-01;1.609942e-01;6.072010e-02;9.436472e-02;1.126106e-01;8.745329e-02;4.869438e-02;3.893464e-02;6.965882e-02;4.383149e-02;6.524692e-02
9.065486e-02;1.468310e-01;1.548152e-01;6.200707e-02;6.520692e-02;6.828961e-02;8.720703e-02;8.143487e-02;5.882594e-02;5.961461e-02;6.426820e-02;6.084479e-02
9.059069e-02;8.558707e-02;1.882236e-01;5.700342e-02;3.903280e-02;5.197487e-02;9.972939e-02;1.084554e-01;1.031416e-01;3.955870e-02;6.964654e-02;6.705595e-02
9.012999e-02;9.764202e-02;1.896538e-01;5.505729e-02;3.821948e-02;6.212545e-02;1.021155e-01;6.280008e-02;1.093185e-01;5.853402e-02;7.769494e-02;5.670889e-02
9.572893e-02;1.202291e-01;1.610265e-01;6.563611e-02;3.971836e-02;4.874207e-02;9.033221e-02;5.016147e-02;1.089963e-01;8.649226e-02;9.392194e-02;3.901470e-02
4.182617e-02;1.213540e-01;1.757479e-01;8.209535e-02;4.908779e-02;4.651790e-02;1.002240e-01;7.944761e-02;1.030238e-01;7.641431e-02;8.532447e-02;3.893669e-02
6.004051e-02;1.193954e-01;1.912335e-01;7.273648e-02;5.681324e-02;6.408444e-02;1.226494e-01;6.321942e-02;8.054192e-02;6.846728e-02;6.778521e-02;3.303319e-02
3.726041e-02;1.151876e-01;1.517862e-01;6.523664e-02;6.290930e-02;6.175056e-02;1.232304e-01;7.017399e-02;9.341188e-02;8.344240e-02;8.051278e-02;5.509776e-02
1.100924e-01;7.079739e-02;1.179945e-01;5.688984e-02;7.998166e-02;5.789334e-02;9.170306e-02;5.868280e-02;1.228269e-01;7.626220e-02;9.704395e-02;5.983191e-02
1.203442e-01;6.446287e-02;9.700470e-02;8.253875e-02;9.102127e-02;6.695464e-02;8.433285e-02;6.064317e-02;1.252691e-01;6.238763e-02;9.119830e-02;5.384256e-02
9.512828e-02;8.695199e-02;1.124159e-01;8.515811e-02;7.630967e-02;1.017186e-01;7.659627e-02;7.557495e-02;7.698417e-02;6.720444e-02;7.224570e-02;7.371200e-02
1.147323e-01;1.113098e-01;1.453562e-01;5.463228e-02;7.598543e-02;1.097571e-01;5.582919e-02;5.503967e-02;4.436862e-02;1.006827e-01;6.456932e-02;6.773740e-02
9.594142e-02;1.338767e-01;1.780813e-01;4.552466e-02;7.151949e-02;9.526385e-02;6.288841e-02;3.462713e-02;4.410852e-02;9.126039e-02;8.278058e-02;6.412757e-02
7.418541e-02;1.454461e-01;2.159384e-01;4.637643e-02;5.816295e-02;6.060796e-02;7.783771e-02;4.777760e-02;6.300067e-02;7.933581e-02;6.868630e-02;6.264465e-02
5.734536e-02;1.080942e-01;2.021595e-01;5.777949e-02;5.500531e-02;2.564067e-02;9.498949e-02;6.268633e-02;9.432888e-02;9.280490e-02;9.826478e-02;5.090111e-02
9.218506e-02;9.684471e-02;2.164247e-01;6.384131e-02;5.217002e-02;2.833637e-02;1.249215e-01;5.715188e-02;7.514098e-02;6.828105e-02;7.151533e-02;5.318705e-02
1.020490e-01;1.025897e-01;2.236098e-01;6.637943e-02;4.402147e-02;3.448541e-02;1.460810e-01;4.828733e-02;6.940464e-02;6.074344e-02;5.573656e-02;4.661221e-02
5.690772e-02;1.013023e-01;2.266250e-01;8.076405e-02;3.863249e-02;3.156228e-02;1.745528e-01;5.172307e-02;8.113007e-02;6.483674e-02;5.671587e-02;3.524763e-02
6.697953e-02;9.296378e-02;2.167853e-01;9.761912e-02;5.990470e-02;2.410944e-02;1.322525e-01;5.327459e-02;5.439344e-02;5.317624e-02;8.760899e-02;6.093236e-02
7.134681e-02;7.842547e-02;2.533669e-01;1.197871e-01;7.078410e-02;1.811361e-02;9.453410e-02;5.513445e-02;3.356205e-02;3.860842e-02;1.028781e-01;6.345882e-02
5.528858e-02;8.767819e-02;2.864668e-01;1.260377e-01;9.309763e-02;1.969447e-02;6.575684e-02;4.814771e-02;2.452425e-02;3.613174e-02;9.821243e-02;5.896370e-02
7.412007e-02;7.940379e-02;2.758400e-01;8.930495e-02;1.092670e-01;3.544274e-02;6.647132e-02;3.995448e-02;2.576419e-02;6.646366e-02;7.030275e-02;6.766507e-02
8.147315e-02;7.203647e-02;1.825848e-01;6.314276e-02;8.268718e-02;3.185724e-02;7.787655e-02;8.993342e-02;4.500629e-02;7.483891e-02;1.107635e-01;8.779970e-02
8.736142e-02;8.759074e-02;1.165981e-01;9.058482e-02;6.468938e-02;3.990401e-02;6.464775e-02;1.078003e-01;6.343304e-02;5.869179e-02;1.441976e-01;7.450104e-02
1.163126e-01;9.563729e-02;1.677357e-01;8.405472e-02;5.971011e-02;3.515474e-02;5.902372e-02;3.619127e-02;7.059252e-02;6.519111e-02;1.092295e-01;1.011667e-01
1.071257e-01;1.068515e-01;1.535177e-01;8.282425e-02;5.447493e-02;3.590342e-02;6.082544e-02;2.900013e-02;8.200237e-02;7.573037e-02;1.084588e-01;1.032853e-01
9.571021e-02;1.207296e-01;1.507084e-01;8.103935e-02;4.699522e-02;4.255051e-02;7.338355e-02;4.102207e-02;8.510797e-02;9.226155e-02;1.156794e-01;5.481217e-02
1.193578e-01;9.591159e-02;1.790977e-01;9.608570e-02;5.346156e-02;4.716960e-02;6.536596e-02;4.957433e-02;4.957099e-02;8.477888e-02;1.011484e-01;5.847747e-02
1.281378e-01;6.781000e-02;2.456720e-01;7.236307e-02;3.941976e-02;3.482291e-02;1.068111e-01;4.320899e-02;5.815044e-02;4.699562e-02;7.444250e-02;8.216576e-02
9.440704e-02;6.942935e-02;2.565731e-01;6.061966e-02;3.202089e-02;1.511762e-02;1.355133e-01;5.790469e-02;7.514664e-02;7.090406e-02;6.268790e-02;6.967576e-02
1.189798e-01;1.050381e-01;2.260493e-01;5.298246e-02;3.244809e-02;2.344191e-02;1.722479e-01;5.616446e-02;5.498098e-02;5.467117e-02;5.605312e-02;4.694277e-02
1.647037e-01;1.406280e-01;2.077104e-01;5.028142e-02;3.944526e-02;4.302449e-02;1.674456e-01;4.268403e-02;2.194981e-02;5.164775e-02;3.816834e-02;3.231123e-02
2.187051e-01;1.266963e-01;1.976514e-01;5.880147e-02;6.051955e-02;6.725041e-02;9.252849e-02;2.801194e-02;3.221767e-02;5.931010e-02;2.317740e-02;3.513009e-02
1.999830e-01;5.504344e-02;1.833044e-01;4.924244e-02;1.163227e-01;7.950845e-02;6.144329e-02;2.732609e-02;8.364004e-02;5.605612e-02;2.674881e-02;6.138111e-02
1.345626e-01;2.652378e-02;1.840714e-01;4.779336e-02;1.607574e-01;6.750452e-02;5.962422e-02;3.403096e-02;1.520644e-01;3.658464e-02;1.720355e-02;7.927907e-02
1.813960e-01;6.108656e-02;1.441393e-01;4.865114e-02;1.141531e-01;8.136723e-02;9.853223e-02;2.550204e-02;1.197312e-01;3.638319e-02;2.183337e-02;6.722467e-02
2.479686e-01;1.105822e-01;1.018168e-01;5.248822e-02;6.177066e-02;7.821004e-02;1.349038e-01;2.561125e-02;4.557603e-02;7.388327e-02;2.213739e-02;4.505165e-02
2.750338e-01;1.434896e-01;7.499102e-02;6.224072e-02;4.710736e-02;8.059409e-02;1.297334e-01;2.519440e-02;3.078696e-02;8.544184e-02;1.628547e-02;2.910129e-02
2.788319e-01;1.778030e-01;4.058846e-02;6.528080e-02;3.376416e-02;8.260102e-02;1.390833e-01;2.724206e-02;3.685098e-02;7.970069e-02;1.288900e-02;2.536470e-02
2.717523e-01;1.684834e-01;6.691586e-02;6.317533e-02;2.995490e-02;7.745542e-02;1.235775e-01;2.675282e-02;4.031430e-02;7.917351e-02;2.440689e-02;2.803775e-02
3.280052e-01;1.216119e-01;6.044743e-02;6.171266e-02;3.914761e-02;8.826967e-02;8.892696e-02;2.925998e-02;2.807777e-02;1.020956e-01;1.396823e-02;3.847710e-02
3.689279e-01;9.563946e-02;4.265827e-02;5.130196e-02;4.024849e-02;1.042943e-01;7.791342e-02;2.647110e-02;2.111509e-02;1.116142e-01;1.487872e-02;4.493707e-02
3.646852e-01;9.429245e-02;4.216300e-02;4.602714e-02;4.847061e-02;1.105627e-01;6.888305e-02;2.100295e-02;4.377814e-02;9.167612e-02;1.570144e-02;5.275728e-02
3.366343e-01;8.660866e-02;7.057482e-02;4.340454e-02;6.269889e-02;1.192592e-01;4.520899e-02;1.213148e-02;5.821507e-02;8.016380e-02;1.929929e-02;6.580102e-02
2.631027e-01;9.629960e-02;1.049116e-01;4.971186e-02;7.865483e-02;1.070124e-01;6.550296e-02;1.026184e-02;4.497605e-02;7.916103e-02;3.743569e-02;6.296953e-02
1.665739e-01;1.176910e-01;1.417754e-01;6.152793e-02;8.793040e-02;7.985190e-02;8.985252e-02;3.046523e-02;1.693799e-02;8.283231e-02;6.647632e-02;5.808520e-02
1.308418e-01;9.978943e-02;1.856222e-01;6.179825e-02;7.490136e-02;4.733894e-02;8.105683e-02;5.561951e-02;6.084978e-02;8.144198e-02;5.391590e-02;6.682408e-02
1.359088e-01;1.148243e-01;1.335628e-01;4.940384e-02;5.787737e-02;4.853348e-02;8.384038e-02;6.272157e-02;1.091027e-01;9.016116e-02;5.890372e-02;5.515989e-02
1.635723e-01;1.004316e-01;1.160614e-01;4.994197e-02;5.554174e-02;5.833382e-02;1.057121e-01;6.992803e-02;9.583232e-02;8.412744e-02;5.639018e-02;4.412716e-02
1.604171e-01;8.090878e-02;1.212482e-01;5.266205e-02;7.003167e-02;6.088637e-02;1.136349e-01;8.278235e-02;5.491815e-02;7.074942e-02;4.479784e-02;8.696318e-02
1.393204e-01;6.080350e-02;1.191009e-01;5.034453e-02;6.032234e-02;4.400922e-02;1.251159e-01;6.931744e-02;1.068977e-01;7.142301e-02;4.013040e-02;1.132147e-01
1.428780e-01;8.158844e-02;7.435206e-02;3.924569e-02;7.580626e-02;6.591499e-02;1.279058e-01;5.844196e-02;1.201257e-01;7.438061e-02;4.927492e-02;9.008554e-02
1.014235e-01;9.433886e-02;1.676790e-01;6.935292e-02;6.465401e-02;5.622886e-02;1.309834e-01;5.543346e-02;7.257894e-02;5.854214e-02;6.318337e-02;6.560157e-02
8.173071e-02;1.077823e-01;2.336276e-01;8.969461e-02;5.355929e-02;4.293960e-02;1.037664e-01;7.109142e-02;2.893953e-02;5.904302e-02;7.874690e-02;4.907861e-02
5.965052e-02;1.371036e-01;2.292106e-01;1.257079e-01;5.184849e-02;4.032312e-02;4.892142e-02;9.671646e-02;3.115468e-02;5.332695e-02;9.492002e-02;3.111634e-02
8.571193e-02;1.262564e-01;2.081268e-01;1.267222e-01;4.812207e-02;3.018053e-02;7.904546e-02;8.506838e-02;4.632061e-02;4.518243e-02;7.809062e-02;4.117258e-02
6.306756e-02;9.642930e-02;4.418045e-01;9.196705e-02;2.425674e-02;1.075526e-02;6.816420e-02;3.247521e-02;4.047779e-02;6.098628e-02;4.622323e-02;2.339288e-02
6.447711e-02;9.825784e-02;5.194673e-01;6.958652e-02;1.699500e-02;1.088087e-02;4.796464e-02;2.049346e-02;3.439093e-02;6.424481e-02;3.912084e-02;1.412069e-02
5.441470e-02;1.108886e-01;5.112246e-01;6.205263e-02;2.311281e-02;1.503513e-02;3.615894e-02;3.314173e-02;3.762744e-02;6.515969e-02;4.126947e-02;9.914314e-03
5.119934e-02;1.040101e-01;4.515819e-01;6.154906e-02;3.807627e-02;2.376068e-02;4.459275e-02;4.565649e-02;3.444376e-02;7.580549e-02;5.058192e-02;1.874220e-02
6.017974e-02;6.521007e-02;3.902195e-01;6.360474e-02;4.512431e-02;2.757021e-02;7.271922e-02;6.752623e-02;5.589795e-02;8.832029e-02;4.234070e-02;2.128699e-02
6.901255e-02;5.986094e-02;3.811627e-01;6.469812e-02;4.712364e-02;2.687735e-02;8.272100e-02;6.463632e-02;6.130695e-02;8.728557e-02;2.801970e-02;2.729514e-02
4.842147e-02;5.777085e-02;3.316143e-01;6.906077e-02;4.972681e-02;2.821678e-02;6.441740e-02;8.237948e-02;7.028877e-02;9.831446e-02;5.986395e-02;3.992492e-02
5.580633e-02;5.344464e-02;2.945420e-01;6.282754e-02;6.014713e-02;2.780135e-02;8.421601e-02;7.870443e-02;7.002144e-02;9.836731e-02;6.142865e-02;5.269317e-02
7.101182e-02;6.087348e-02;3.180775e-01;5.741804e-02;5.471048e-02;4.355047e-02;1.356012e-01;4.406401e-02;5.086293e-02;7.546541e-02;4.591426e-02;4.245037e-02
6.135511e-02;7.232977e-02;3.054194e-01;5.020979e-02;4.945061e-02;4.236659e-02;1.413918e-01;3.927321e-02;5.842376e-02;7.876453e-02;6.231983e-02;3.869564e-02
1.180813e-01;4.125861e-02;2.289337e-01;3.648588e-02;5.358409e-02;4.403116e-02;2.034312e-01;4.057282e-02;4.034334e-02;7.258617e-02;6.287188e-02;5.781995e-02
1.535760e-01;6.287091e-02;1.761433e-01;1.899666e-02;5.190225e-02;5.261915e-02;2.389889e-01;4.069314e-02;2.429595e-02;6.612881e-02;5.098208e-02;6.280287e-02
1.690495e-01;8.106515e-02;1.350939e-01;2.672712e-02;5.871867e-02;5.130992e-02;1.833136e-01;5.386985e-02;4.706684e-02;7.440616e-02;5.256001e-02;6.681914e-02
1.980246e-01;1.047174e-01;9.072812e-02;2.648998e-02;7.077128e-02;4.380632e-02;1.663333e-01;5.757760e-02;5.342152e-02;8.053642e-02;5.498172e-02;5.261169e-02
1.934640e-01;1.497311e-01;1.611794e-01;3.517045e-02;4.839809e-02;3.995808e-02;1.687731e-01;4.025977e-02;3.950879e-02;4.808586e-02;3.635693e-02;3.911431e-02
1.832458e-01;1.958563e-01;2.324005e-01;4.009166e-02;3.148042e-02;3.730635e-02;1.197226e-01;3.011188e-02;2.679963e-02;2.220608e-02;3.139846e-02;4.938036e-02
8.934458e-02;1.314363e-01;2.261933e-01;4.909071e-02;5.223706e-02;5.126848e-02;1.103983e-01;3.880019e-02;7.400023e-02;4.933584e-02;6.750543e-02;6.038959e-02
5.256723e-02;7.225049e-02;2.859684e-01;5.089231e-02;5.400968e-02;5.403229e-02;1.647942e-01;5.844038e-02;8.397149e-02;2.961750e-02;5.155843e-02;4.189762e-02
6.219048e-02;6.262767e-02;3.610139e-01;6.629588e-02;5.514679e-02;4.263097e-02;1.217062e-01;5.091811e-02;6.933649e-02;4.665990e-02;2.450575e-02;3.696788e-02
9.237633e-02;1.127774e-01;2.973963e-01;6.951590e-02;4.416418e-02;3.454004e-02;4.871679e-02;1.623463e-02;6.658861e-02;7.784232e-02;8.334962e-02;5.649790e-02
1.125362e-01;1.212916e-01;1.530091e-01;7.049332e-02;3.336730e-02;3.970466e-02;5.612121e-02;5.302815e-02;6.862797e-02;8.874384e-02;1.238763e-01;7.920031e-02
9.357087e-02;1.013086e-01;1.265168e-01;9.099014e-02;2.840977e-02;4.510013e-02;6.479523e-02;6.222207e-02;7.197442e-02;1.030093e-01;1.105817e-01;1.015209e-01
9.908659e-02;8.084937e-02;1.128631e-01;8.893638e-02;3.429967e-02;5.485284e-02;6.205589e-02;5.944971e-02;9.036947e-02;1.056617e-01;8.545260e-02;1.261227e-01
1.194716e-01;1.037631e-01;1.674120e-01;5.753202e-02;3.403698e-02;5.528821e-02;6.265619e-02;4.837809e-02;7.502867e-02;7.488609e-02;6.465563e-02;1.368913e-01
9.229580e-02;1.257122e-01;1.866490e-01;4.356018e-02;2.705240e-02;4.848282e-02;7.470410e-02;4.356118e-02;7.654224e-02;7.905612e-02;8.055974e-02;1.218242e-01
9.851450e-02;7.428941e-02;1.982493e-01;5.234666e-02;4.883695e-02;6.547935e-02;8.850119e-02;7.423057e-02;3.319995e-02;8.136318e-02;7.614278e-02;1.088462e-01
