1.155938e-01;1.645300e-01;1.167421e-01;6.959541e-02;2.705083e-02;2.783376e-02;7.675923e-02;8.980682e-02;1.187267e-01;8.620799e-02;6.800739e-02;3.914593e-02
1.250549e-01;1.702868e-01;1.183629e-01;6.023538e-02;4.777040e-02;3.927584e-02;7.080665e-02;7.598231e-02;9.828664e-02;8.303245e-02;7.645728e-02;3.444843e-02
1.023513e-01;1.084647e-01;1.184972e-01;6.685890e-02;7.460145e-02;5.707209e-02;6.386937e-02;7.993417e-02;1.056049e-01;8.686335e-02;6.922543e-02;6.665717e-02
1.143592e-01;1.021444e-01;1.165953e-01;6.726426e-02;8.001857e-02;4.974793e-02;6.253235e-02;8.039814e-02;1.020329e-01;8.496161e-02;5.622713e-02;8.371826e-02
1.222575e-01;9.349784e-02;7.934592e-02;7.559999e-02;5.486168e-02;7.849034e-02;8.010504e-02;8.575582e-02;7.105906e-02;7.365225e-02;7.744920e-02;1.079254e-01
1.156950e-01;8.082178e-02;1.197212e-01;5.771765e-02;6.607341e-02;7.039583e-02;9.568135e-02;8.183981e-02;8.253902e-02;7.910295e-02;6.275278e-02;8.765923e-02
1.138394e-01;6.239809e-02;1.855582e-01;4.191754e-02;6.893364e-02;4.247018e-02;1.066411e-01;5.221156e-02;6.023417e-02;9.992391e-02;8.232754e-02;8.354466e-02
1.471572e-01;7.815315e-02;1.806832e-01;3.826319e-02;7.170840e-02;4.553806e-02;1.113374e-01;3.809630e-02;3.330345e-02;8.581948e-02;9.207354e-02;7.786664e-02
1.694977e-01;6.506885e-02;1.773420e-01;2.792202e-02;5.091104e-02;4.100897e-02;1.756627e-01;4.394791e-02;2.551971e-02;8.452715e-02;5.548112e-02;8.311082e-02
1.386684e-01;7.323382e-02;2.199965e-01;4.905931e-02;2.880984e-02;3.913541e-02;1.553412e-01;4.582360e-02;2.230245e-02;1.042027e-01;4.994155e-02;7.348518e-02
1.212404e-01;8.804024e-02;2.659355e-01;6.113593e-02;2.144853e-02;3.439359e-02;9.445634e-02;3.511016e-02;4.354383e-02;9.808641e-02;6.863780e-02;6.797129e-02
1.144337e-01;5.950886e-02;3.278820e-01;7.498482e-02;3.582675e-02;2.260690e-02;1.066976e-01;3.448513e-02;4.638312e-02;9.532424e-02;4.678542e-02;3.508146e-02
1.006966e-01;9.238864e-02;3.458443e-01;5.463241e-02;4.207721e-02;2.342545e-02;8.722127e-02;2.830356e-02;5.817178e-02;1.029813e-01;3.132158e-02;3.293585e-02
5.017783e-02;1.354067e-01;3.361383e-01;4.011063e-02;5.488129e-02;3.300276e-02;5.829674e-02;3.228065e-02;7.207759e-02;1.052325e-01;4.148341e-02;4.091156e-02
6.216194e-02;1.669764e-01;2.576913e-01;6.251510e-02;5.342583e-02;3.315751e-02;7.741731e-02;3.014708e-02;7.220122e-02;8.677328e-02;4.860751e-02;4.892560e-02
9.656431e-02;1.847011e-01;2.133652e-01;7.191789e-02;4.274449e-02;3.482174e-02;7.580028e-02;3.417502e-02;7.294289e-02;7.589462e-02;5.382676e-02;4.324574e-02
9.257893e-02;1.446961e-01;2.445924e-01;5.517501e-02;5.961332e-02;4.275033e-02;9.700724e-02;2.950055e-02;7.882849e-02;7.906748e-02;5.078446e-02;2.540567e-02
3.824489e-02;1.466873e-01;2.530306e-01;4.117347e-02;7.913861e-02;5.298160e-02;9.748302e-02;4.153147e-02;6.809582e-02;1.163355e-01;3.062101e-02;3.467677e-02
6.607414e-02;1.257170e-01;2.506958e-01;5.070813e-02;7.262565e-02;4.383283e-02;8.243603e-02;4.791361e-02;6.632435e-02;9.579401e-02;7.049435e-02;2.738413e-02
8.888532e-02;1.004756e-01;1.989347e-01;6.683639e-02;6.797978e-02;4.698737e-02;1.055865e-01;6.037012e-02;7.749578e-02;7.323179e-02;8.411811e-02;2.909848e-02
5.978518e-02;8.335913e-02;3.250126e-01;8.252122e-02;4.317027e-02;4.141433e-02;7.056237e-02;6.109108e-02;7.951023e-02;7.413944e-02;4.953218e-02;2.990192e-02
6.638343e-02;3.888751e-02;3.238343e-01;6.459939e-02;6.473554e-02;3.540429e-02;8.274744e-02;6.345967e-02;6.504180e-02;8.376832e-02;7.942259e-02;3.171577e-02
7.823332e-02;5.902791e-02;3.189446e-01;5.881196e-02;4.570025e-02;3.238236e-02;8.271398e-02;4.016989e-02;4.644232e-02;9.625466e-02;8.255819e-02;5.876058e-02
5.186525e-02;9.845407e-02;3.630075e-01;3.717607e-02;2.828929e-02;3.246194e-02;7.185144e-02;1.639947e-02;5.967211e-02;1.051074e-01;4.610894e-02;8.960651e-02
2.467029e-02;1.204213e-01;3.867125e-01;2.707987e-02;1.705140e-02;3.322592e-02;5.468499e-02;1.783538e-02;8.170949e-02;9.457713e-02;2.181471e-02;1.202171e-01
3.180640e-02;1.133027e-01;3.944778e-01;2.970966e-02;1.211528e-02;3.809662e-02;3.158820e-02;1.266485e-02;9.539992e-02;7.931503e-02;1.638164e-02;1.451419e-01
2.303482e-02;1.089189e-01;3.717338e-01;2.688396e-02;1.193677e-02;4.933188e-02;2.935850e-02;1.068553e-02;1.226797e-01;6.458957e-02;2.190893e-02;1.589376e-01
2.896700e-02;1.215572e-01;3.218248e-01;1.860917e-02;1.266055e-02;6.356872e-02;3.452791e-02;1.190116e-02;1.588291e-01;5.527928e-02;1.754303e-02;1.547319e-01
6.041482e-02;1.343224e-01;2.518080e-01;2.006900e-02;2.263150e-02;7.405411e-02;4.231223e-02;1.778210e-02;1.900594e-01;3.231616e-02;2.042902e-02;1.338012e-01
8.883774e-02;1.133835e-01;2.144286e-01;2.663401e-02;3.209998e-02;7.127223e-02;7.078609e-02;2.862193e-02;1.879262e-01;3.380143e-02;3.262763e-02;9.958071e-02
7.533867e-02;8.122526e-02;2.639569e-01;4.453104e-02;4.214292e-02;6.128052e-02;1.091383e-01;3.622856e-02;1.541206e-01;3.258269e-02;3.417188e-02;6.528272e-02
6.754408e-02;8.535051e-02;3.760909e-01;5.427775e-02;5.056838e-02;4.234324e-02;1.160738e-01;3.196761e-02;8.895221e-02;2.326814e-02;2.871210e-02;3.485128e-02
8.930362e-02;9.324009e-02;3.335483e-01;3.013505e-02;4.023065e-02;2.832136e-02;1.870094e-01;4.617028e-02;2.415855e-02;2.988017e-02;6.040360e-02;3.759899e-02
1.237746e-01;4.569916e-02;2.217204e-01;2.111768e-02;5.104559e-02;2.882570e-02;2.234237e-01;6.630414e-02;6.656142e-02;3.059801e-02;6.977274e-02;5.115686e-02
1.589774e-01;4.492998e-02;1.607628e-01;2.850348e-02;4.206380e-02;2.050358e-02;2.149334e-01;7.742610e-02;7.141078e-02;5.232925e-02;6.715746e-02;6.100198e-02
8.276714e-02;7.994992e-02;2.516925e-01;4.539908e-02;3.194937e-02;3.080917e-02;1.591637e-01;6.751862e-02;4.853457e-02;5.921599e-02;7.205191e-02;7.094806e-02
9.544329e-02;6.511630e-02;2.923407e-01;4.054769e-02;3.847858e-02;3.020608e-02;1.297836e-01;4.821707e-02;3.543378e-02;8.008330e-02;8.185740e-02;6.249224e-02
8.742930e-02;9.279838e-02;2.764246e-01;3.203205e-02;3.225386e-02;3.608685e-02;9.477288e-02;3.756283e-02;5.962706e-02;8.902065e-02;8.688986e-02;7.510163e-02
5.816508e-02;1.313740e-01;2.899927e-01;2.634704e-02;2.307250e-02;4.347225e-02;3.826084e-02;2.651179e-02;7.360892e-02;9.227585e-02;9.472775e-02;1.021912e-01
6.522003e-02;1.439073e-01;2.993696e-01;2.434476e-02;1.835520e-02;4.855061e-02;4.018443e-02;2.430004e-02;6.602102e-02;8.109439e-02;7.568235e-02;1.129703e-01
4.551278e-02;1.233015e-01;3.557215e-01;3.316731e-02;2.145725e-02;4.720525e-02;5.732004e-02;2.284782e-02;4.888423e-02;9.674938e-02;6.236362e-02;8.546928e-02
5.560647e-02;9.825613e-02;3.916058e-01;4.631754e-02;2.783502e-02;3.468078e-02;7.116504e-02;2.447183e-02;2.960230e-02;1.166366e-01;6.071584e-02;4.310672e-02
9.921112e-02;6.265222e-02;3.794098e-01;5.027075e-02;2.866894e-02;1.928864e-02;8.053516e-02;3.067604e-02;2.236169e-02;1.200994e-01;6.854013e-02;3.828614e-02
9.552351e-02;3.446466e-02;3.384453e-01;6.288586e-02;4.161565e-02;1.773203e-02;6.623242e-02;4.563864e-02;2.210171e-02;1.037323e-01;1.123877e-01;5.924023e-02
5.352580e-02;4.705362e-02;2.703905e-01;8.670986e-02;6.642751e-02;2.657297e-02;5.126550e-02;7.437118e-02;1.795962e-02;6.802014e-02;1.604994e-01;7.720388e-02
4.088914e-02;5.989414e-02;2.559136e-01;8.390179e-02;8.506178e-02;3.095399e-02;3.477699e-02;9.095655e-02;1.870239e-02;4.967723e-02;1.788120e-01;7.046036e-02
5.472405e-02;5.557091e-02;2.656925e-01;5.646094e-02;8.883078e-02;3.299452e-02;5.001283e-02;7.539225e-02;3.647007e-02;5.123599e-02;1.566570e-01;7.595819e-02
7.020569e-02;4.191511e-02;2.667472e-01;4.524069e-02;7.460996e-02;3.784776e-02;1.046738e-01;5.195701e-02;4.486267e-02;5.627950e-02;1.286291e-01;7.703146e-02
9.091663e-02;4.657975e-02;2.681517e-01;4.923140e-02;5.342080e-02;4.272338e-02;1.235645e-01;3.564605e-02;4.492730e-02;5.310421e-02;1.061800e-01;8.555421e-02
8.817887e-02;8.403603e-02;1.700446e-01;6.146000e-02;7.266230e-02;5.475632e-02;1.300089e-01;2.244305e-02;9.264748e-02;6.828488e-02;8.468795e-02;7.078967e-02
5.212880e-02;8.210767e-02;2.024420e-01;3.640260e-02;8.128724e-02;5.549850e-02;1.720251e-01;3.010233e-02;8.040632e-02;7.305359e-02;7.290890e-02;6.163694e-02
9.513019e-02;1.050553e-01;2.097013e-01;3.379853e-02;8.622562e-02;4.905497e-02;1.535973e-01;4.576123e-02;4.682568e-02;7.618949e-02;4.953721e-02;4.912316e-02
1.535868e-01;7.004304e-02;1.258498e-01;4.329702e-02;1.048016e-01;5.313604e-02;1.543220e-01;5.692051e-02;5.384877e-02;5.470092e-02;4.435971e-02;8.513363e-02
1.516860e-01;3.584474e-02;1.846824e-01;4.402069e-02;1.192825e-01;5.155162e-02;8.838233e-02;5.055405e-02;8.376008e-02;3.736045e-02;4.051704e-02;1.123580e-01
1.241381e-01;6.136315e-02;1.792268e-01;4.879059e-02;1.225718e-01;4.903250e-02;7.607373e-02;5.643857e-02;8.067827e-02;3.956196e-02;5.445101e-02;1.076735e-01
1.177776e-01;7.786332e-02;1.273910e-01;4.908793e-02;1.292582e-01;6.803615e-02;7.206853e-02;5.551026e-02;8.603179e-02;6.394885e-02;7.324119e-02;7.978511e-02
8.684459e-02;6.986605e-02;2.267738e-01;6.616907e-02;1.111324e-01;6.277217e-02;1.301937e-01;3.043709e-02;6.151097e-02;6.076568e-02;4.315774e-02;5.037678e-02
7.650043e-02;4.793485e-02;2.182773e-01;5.304224e-02;1.221099e-01;5.989057e-02;1.399420e-01;2.600557e-02;8.188469e-02;6.492632e-02;6.216868e-02;4.731753e-02
1.111716e-01;5.093501e-02;1.112989e-01;4.501555e-02;1.168963e-01;8.041863e-02;1.720681e-01;2.549988e-02;7.193647e-02;6.778728e-02;8.124987e-02;6.572246e-02
1.251374e-01;4.729410e-02;1.060717e-01;3.353484e-02;1.132185e-01;7.255553e-02;1.556299e-01;4.578357e-02;9.559988e-02;6.019912e-02;6.743242e-02;7.754302e-02
1.260430e-01;4.910916e-02;1.190274e-01;2.961559e-02;1.239652e-01;7.124747e-02;1.090921e-01;5.284853e-02;1.083368e-01;5.020604e-02;7.218456e-02;8.832416e-02
6.358118e-02;4.433850e-02;1.689621e-01;4.354236e-02;1.494992e-01;7.811128e-02;6.056164e-02;4.394380e-02;8.722262e-02;4.339758e-02;6.860102e-02;1.482387e-01
6.798851e-02;3.976962e-02;2.471452e-01;6.738099e-02;1.298851e-01;5.715625e-02;5.881474e-02;4.236343e-02;5.979986e-02;4.406682e-02;6.974329e-02;1.158862e-01
3.716245e-02;3.957418e-02;3.157281e-01;8.944616e-02;1.020358e-01;4.975380e-02;5.574536e-02;5.357511e-02;3.135334e-02;5.180762e-02;1.210324e-01;5.278569e-02
2.689929e-02;2.258082e-02;3.590461e-01;9.532366e-02;7.924803e-02;4.400228e-02;5.217209e-02;4.976037e-02;2.224946e-02;5.254139e-02;1.299813e-01;6.619518e-02
3.289084e-02;1.458372e-02;4.078833e-01;8.639231e-02;6.575137e-02;3.033669e-02;5.067963e-02;3.316765e-02;2.697092e-02;5.067349e-02;1.077975e-01;9.287250e-02
5.146214e-02;2.244468e-02;4.153579e-01;6.749585e-02;5.764074e-02;2.450882e-02;6.006421e-02;1.650979e-02;2.664334e-02;7.542963e-02;9.429991e-02;8.814296e-02
5.834685e-02;5.053335e-02;4.037526e-01;5.031372e-02;5.203668e-02;2.466906e-02;5.966158e-02;1.589634e-02;2.817152e-02;9.854134e-02;9.298366e-02;6.509329e-02
8.162406e-02;7.128173e-02;3.207191e-01;4.650295e-02;5.962694e-02;3.982177e-02;7.753050e-02;3.519511e-02;3.656104e-02;9.945432e-02;8.956804e-02;4.211448e-02
8.591258e-02;9.655731e-02;1.554638e-01;5.380326e-02;8.350489e-02;7.294129e-02;1.094776e-01;6.979749e-02;5.648327e-02;1.120054e-01;6.856691e-02;3.548619e-02
4.899434e-02;8.390176e-02;2.188977e-01;5.050156e-02;6.032493e-02;4.595466e-02;1.124711e-01;8.793212e-02;7.123002e-02;1.133220e-01;6.131882e-02;4.515100e-02
6.055441e-02;6.210851e-02;2.110577e-01;4.355813e-02;6.610117e-02;3.855311e-02;8.607149e-02;8.302772e-02;1.190530e-01;1.241076e-01;5.958332e-02;4.622385e-02
4.633240e-02;6.482891e-02;1.734004e-01;5.872395e-02;8.016826e-02;4.650247e-02;8.242050e-02;7.253737e-02;1.315810e-01;1.143018e-01;8.778017e-02;4.142269e-02
8.695783e-02;7.660937e-02;1.579270e-01;6.822699e-02;6.138120e-02;5.556507e-02;6.533050e-02;7.129710e-02;1.175446e-01;8.789610e-02;9.806520e-02;5.319908e-02
1.108968e-01;9.267814e-02;1.492719e-01;5.166099e-02;2.891602e-02;7.358210e-02;7.174646e-02;6.120074e-02;1.084244e-01;5.126010e-02;1.005798e-01;9.978257e-02
1.167600e-01;8.151414e-02;1.207881e-01;5.164512e-02;4.759651e-02;7.609345e-02;6.833733e-02;5.782561e-02;1.117051e-01;7.800884e-02;8.802357e-02;1.017023e-01
8.026146e-02;7.394478e-02;1.069914e-01;4.976768e-02;5.032137e-02;7.301785e-02;9.325889e-02;1.000660e-01;8.980196e-02;7.145546e-02;1.011641e-01;1.099491e-01
7.230838e-02;8.291107e-02;1.367920e-01;4.104651e-02;4.418856e-02;5.891042e-02;1.024923e-01;9.824630e-02;1.001117e-01;9.948020e-02;5.712246e-02;1.063901e-01
9.147810e-02;8.050180e-02;1.377727e-01;4.189289e-02;5.466773e-02;5.449927e-02;1.281454e-01;1.070631e-01;9.921724e-02;1.027611e-01;2.092946e-02;8.107129e-02
1.021593e-01;6.633810e-02;1.385791e-01;3.661047e-02;6.085895e-02;6.142829e-02;1.378295e-01;8.950551e-02;9.357183e-02;1.123642e-01;4.714406e-02;5.361066e-02
1.251927e-01;7.195812e-02;1.217784e-01;4.045880e-02;7.064752e-02;6.607357e-02;2.064662e-01;4.158225e-02;6.726858e-02;9.022807e-02;5.658981e-02;4.175610e-02
1.036677e-01;6.179170e-02;2.064086e-01;4.431708e-02;7.872691e-02;6.161600e-02;1.768887e-01;4.718278e-02;6.033481e-02;6.030265e-02;5.374089e-02;4.502208e-02
7.330037e-02;5.467404e-02;3.287578e-01;5.594654e-02;6.179849e-02;4.145426e-02;1.538442e-01;3.573236e-02;5.107317e-02;7.186758e-02;3.424928e-02;3.730199e-02
5.544002e-02;4.434829e-02;4.433581e-01;6.104389e-02;4.874539e-02;1.955184e-02;1.311812e-01;2.425449e-02;3.223255e-02;8.894685e-02;3.147786e-02;1.941956e-02
3.664527e-02;4.556519e-02;4.934286e-01;5.514332e-02;3.797052e-02;2.672467e-02;1.030027e-01;1.925480e-02;3.609976e-02;8.684026e-02;3.345830e-02;2.586666e-02
1.860850e-02;4.424525e-02;5.388028e-01;4.162150e-02;3.480405e-02;3.544523e-02;9.126308e-02;2.155287e-02;3.329420e-02;9.371409e-02;2.584564e-02;2.080275e-02
2.676625e-02;4.769278e-02;5.474755e-01;3.206261e-02;3.098755e-02;2.316991e-02;9.306160e-02;1.887547e-02;2.094292e-02;1.208997e-01;2.313579e-02;1.492994e-02
2.503850e-02;6.485467e-02;5.541405e-01;3.223854e-02;2.976420e-02;2.286378e-02;8.358070e-02;1.181869e-02;1.591602e-02;1.227116e-01;2.445644e-02;1.261638e-02
3.301195e-02;8.055004e-02;5.574656e-01;3.067218e-02;2.920005e-02;2.166134e-02;6.710575e-02;1.778009e-02;1.755219e-02;1.143658e-01;1.849935e-02;1.213564e-02
4.457565e-02;9.083553e-02;5.473643e-01;3.060783e-02;3.332680e-02;1.657418e-02;4.957147e-02;1.477413e-02;3.027869e-02;1.066109e-01;2.024021e-02;1.524030e-02
3.508145e-02;8.873945e-02;5.116637e-01;3.172435e-02;3.591362e-02;1.996530e-02;7.485580e-02;2.685382e-02;4.146587e-02;9.575770e-02;1.919405e-02;1.878489e-02
4.406905e-02;8.334774e-02;4.234331e-01;2.865988e-02;3.225160e-02;1.809725e-02;1.316446e-01;3.543795e-02;6.066558e-02;8.849012e-02;2.752940e-02;2.637372e-02
4.642706e-02;6.638849e-02;3.227240e-01;2.477977e-02;3.807307e-02;3.745033e-02;2.364497e-01;4.557263e-02;4.277421e-02;8.296315e-02;2.935781e-02;2.703972e-02
3.655501e-02;4.599288e-02;3.325451e-01;2.441471e-02;3.872617e-02;4.130398e-02;2.788043e-01;3.870209e-02;2.777195e-02;7.688224e-02;3.359905e-02;2.470250e-02
4.124914e-02;7.612505e-02;3.946381e-01;3.725836e-02;4.018049e-02;2.431601e-02;1.925625e-01;2.407827e-02;4.512352e-02;6.328059e-02;4.399841e-02;1.718956e-02
6.228719e-02;9.249830e-02;2.573508e-01;3.846425e-02;3.531471e-02;3.649534e-02;1.231138e-01;4.832863e-02;8.261949e-02;1.005331e-01;6.387691e-02;5.911751e-02
1.078345e-01;1.291230e-01;1.270141e-01;4.797152e-02;3.404127e-02;4.730047e-02;7.030778e-02;5.780671e-02;1.138710e-01;1.153216e-01;7.810868e-02;7.129940e-02
1.113510e-01;1.103334e-01;1.374361e-01;5.047819e-02;3.630311e-02;4.342040e-02;8.132184e-02;7.150316e-02;1.085578e-01;1.258903e-01;6.051670e-02;6.288804e-02
1.139759e-01;6.882572e-02;1.648699e-01;5.373379e-02;3.483304e-02;3.899431e-02;1.047570e-01;8.419296e-02;9.455974e-02;1.422166e-01;3.906005e-02;5.998096e-02
1.060321e-01;8.324812e-02;1.664869e-01;5.767838e-02;4.773005e-02;3.647348e-02;1.037728e-01;7.503338e-02;7.789522e-02;1.134377e-01;6.952374e-02;6.268819e-02
9.830104e-02;9.437416e-02;1.523799e-01;5.610393e-02;5.197109e-02;4.400333e-02;1.433672e-01;5.604256e-02;7.809494e-02;1.091689e-01;7.019117e-02;4.600172e-02
1.088697e-01;5.282319e-02;1.880263e-01;3.412591e-02;6.868245e-02;4.181278e-02;2.270455e-01;4.266347e-02;5.785762e-02;7.888721e-02;6.193361e-02;3.727223e-02
1.213998e-01;4.862698e-02;2.447575e-01;3.597262e-02;6.952994e-02;4.205596e-02;2.067127e-01;3.780289e-02;3.855531e-02;4.659074e-02;5.798741e-02;5.000831e-02
1.124358e-01;6.576867e-02;2.832297e-01;3.863302e-02;6.352216e-02;4.834178e-02;1.656869e-01;2.713177e-02;2.883413e-02;5.278028e-02;5.998297e-02;5.365284e-02
8.939956e-02;7.725284e-02;2.237160e-01;6.294337e-02;7.828118e-02;6.195984e-02;1.314296e-01;5.142611e-02;5.317329e-02;6.039351e-02;7.923384e-02;3.079079e-02
8.332120e-02;1.078052e-01;1.887550e-01;8.263841e-02;5.163545e-02;5.144259e-02;1.259226e-01;8.604997e-02;5.664339e-02;6.506900e-02;4.994591e-02;5.077125e-02
5.690864e-02;1.235998e-01;1.951265e-01;9.711676e-02;5.692553e-02;6.133034e-02;8.469728e-02;9.434729e-02;5.553259e-02;6.903295e-02;5.178726e-02;5.359508e-02
1.077551e-01;7.441962e-02;1.913598e-01;8.510848e-02;5.438869e-02;6.256983e-02;1.025890e-01;6.288217e-02;3.833100e-02;9.391152e-02;7.786970e-02;4.881511e-02
1.162172e-01;7.592729e-02;1.920291e-01;7.353936e-02;4.433991e-02;4.182583e-02;1.287929e-01;6.579325e-02;6.691128e-02;8.467901e-02;7.789075e-02;3.205403e-02
9.046848e-02;1.010206e-01;1.653024e-01;4.814880e-02;4.696201e-02;3.578092e-02;1.137814e-01;9.210297e-02;1.012375e-01;9.161098e-02;6.779904e-02;4.578487e-02
8.484580e-02;1.148823e-01;1.428424e-01;6.732295e-02;3.743355e-02;3.691213e-02;9.579927e-02;6.012307e-02;1.017300e-01;1.071766e-01;7.086292e-02;8.006888e-02
7.875550e-02;1.149138e-01;1.295583e-01;9.890874e-02;5.944451e-02;4.270416e-02;7.990928e-02;5.684405e-02;1.012870e-01;1.139272e-01;3.505224e-02;8.869526e-02
1.189206e-01;1.171170e-01;9.200101e-02;8.192629e-02;8.611987e-02;5.341779e-02;1.095322e-01;7.602736e-02;5.567028e-02;1.164492e-01;4.571264e-02;4.710573e-02
1.384675e-01;1.525966e-01;6.195035e-02;5.790799e-02;7.847504e-02;5.278985e-02;1.429386e-01;3.850354e-02;7.311387e-02;1.234787e-01;4.985818e-02;2.991975e-02
1.342692e-01;7.667594e-02;2.150567e-01;7.259098e-02;7.434014e-02;5.461353e-02;1.302026e-01;4.658981e-02;3.487908e-02;6.633500e-02;4.943460e-02;4.501236e-02
1.117441e-01;9.949679e-02;2.167842e-01;5.376221e-02;6.844128e-02;6.947906e-02;1.127698e-01;3.965668e-02;5.428983e-02;6.994504e-02;5.284469e-02;5.078627e-02
8.759379e-02;9.430989e-02;1.353189e-01;9.512721e-02;8.214748e-02;4.546041e-02;1.099918e-01;7.490901e-02;1.046074e-01;6.099297e-02;5.907310e-02;5.046803e-02
9.687949e-02;1.024779e-01;1.373657e-01;1.081537e-01;8.096588e-02;5.508252e-02;7.724851e-02;9.626296e-02;9.667192e-02;4.749381e-02;6.013554e-02;4.126219e-02
6.703878e-02;1.156413e-01;1.663545e-01;1.327614e-01;8.323219e-02;7.400065e-02;5.799532e-02;1.170717e-01;5.322994e-02;4.103218e-02;6.609245e-02;2.554960e-02
3.417883e-02;8.473136e-02;2.170528e-01;9.891734e-02;5.601776e-02;9.052657e-02;1.193366e-01;7.156610e-02;7.077115e-02;4.645868e-02;3.958420e-02;7.085858e-02
3.559630e-02;8.381663e-02;2.289713e-01;5.171625e-02;4.685706e-02;1.288120e-01;1.234337e-01;1.747014e-02;1.293859e-01;4.086430e-02;1.067986e-02;1.023965e-01
3.265617e-02;8.583951e-02;1.905661e-01;3.908099e-02;2.991513e-02;1.484672e-01;1.431272e-01;4.428885e-02;1.127132e-01;5.176471e-02;1.706531e-02;1.045156e-01
2.072993e-02;6.944055e-02;1.820080e-01;3.949545e-02;2.570144e-02;1.297823e-01;1.331566e-01;6.475898e-02;1.277033e-01;1.040952e-01;2.513407e-02;7.799413e-02
1.532026e-02;4.936238e-02;2.115704e-01;2.658453e-02;4.571043e-02;1.053994e-01;1.299087e-01;5.165588e-02;1.272380e-01;1.600922e-01;2.467866e-02;5.247919e-02
3.203482e-02;3.564080e-02;2.355858e-01;2.379404e-02;5.763853e-02;7.957087e-02;1.792687e-01;2.622070e-02;8.254582e-02;1.966468e-01;2.342655e-02;2.762655e-02
4.987221e-02;2.736122e-02;2.562123e-01;2.735290e-02;6.074334e-02;5.565733e-02;2.232620e-01;2.326087e-02;2.402353e-02;2.165404e-01;2.313334e-02;1.258058e-02
6.386984e-02;2.148189e-02;2.718620e-01;2.764482e-02;5.100704e-02;4.385204e-02;2.337359e-01;2.492021e-02;4.791455e-02;1.828241e-01;1.611156e-02;1.477608e-02
7.844595e-02;1.878441e-02;3.340041e-01;3.903368e-02;3.874042e-02;3.649751e-02;2.209537e-01;3.262736e-02;3.712130e-02;1.232726e-01;3.053349e-02;9.985525e-03
8.437703e-02;5.087483e-02;4.081903e-01;4.701246e-02;3.868489e-02;2.667012e-02;1.747173e-01;4.696398e-02;2.533508e-02;5.014161e-02;3.257081e-02;1.446161e-02
7.132154e-02;7.520904e-02;4.386003e-01;5.118032e-02;4.134960e-02;2.132751e-02;1.512008e-01;3.803340e-02;1.799698e-02;4.998429e-02;3.156200e-02;1.223421e-02
3.947720e-02;6.404438e-02;4.610252e-01;4.449845e-02;2.386647e-02;3.052097e-02;1.729488e-01;2.227625e-02;1.731994e-02;9.342900e-02;1.564495e-02;1.494835e-02
2.171103e-02;3.238728e-02;4.759393e-01;3.533181e-02;3.234414e-02;3.650317e-02;1.901794e-01;1.279133e-02;1.948652e-02;1.021181e-01;2.534652e-02;1.586140e-02
2.373916e-02;2.023008e-02;5.064841e-01;5.005561e-02;5.451267e-02;3.870795e-02;1.859493e-01;2.040206e-02;1.029950e-02;5.857339e-02;1.897993e-02;1.206618e-02
2.835145e-02;1.801137e-02;5.480003e-01;6.568819e-02;6.945512e-02;3.880635e-02;1.327439e-01;1.962802e-02;1.971085e-02;2.198536e-02;2.952631e-02;8.092777e-03
3.166784e-02;2.809840e-02;5.263786e-01;5.699762e-02;7.993881e-02;2.505780e-02;7.856286e-02;2.550191e-02;2.593885e-02;7.315689e-02;3.584969e-02;1.285075e-02
3.079558e-02;5.212058e-02;4.486901e-01;4.911557e-02;9.037071e-02;2.401035e-02;5.009608e-02;3.036319e-02;4.803696e-02;1.076330e-01;4.392793e-02;2.483988e-02
4.928453e-02;4.285690e-02;4.235603e-01;5.251434e-02;9.579607e-02;3.439678e-02;6.183150e-02;2.107935e-02;2.656353e-02;1.181718e-01;4.790571e-02;2.603924e-02
4.903991e-02;6.067755e-02;3.911601e-01;5.480981e-02;9.790440e-02;3.275463e-02;4.384305e-02;1.761100e-02;3.550253e-02;1.156161e-01;5.745779e-02;4.362309e-02
6.558805e-02;9.976285e-02;3.233554e-01;6.334375e-02;8.311324e-02;2.798764e-02;6.275990e-02;1.993245e-02;4.774644e-02;1.057801e-01;4.966610e-02;5.096407e-02
7.870411e-02;8.652113e-02;2.721446e-01;6.123791e-02;5.533533e-02;3.509272e-02;1.055791e-01;3.764590e-02;4.112398e-02;1.075184e-01;4.930262e-02;6.979419e-02
4.131623e-02;4.753006e-02;2.871583e-01;5.345699e-02;3.435237e-02;2.997686e-02;9.889765e-02;7.079305e-02;5.800854e-02;1.194139e-01;7.872331e-02;8.037272e-02
5.980038e-02;7.548428e-02;2.321161e-01;6.243285e-02;4.676317e-02;2.947666e-02;6.296502e-02;8.409812e-02;7.690069e-02;1.102602e-01;1.008259e-01;5.887668e-02
7.704967e-02;6.499381e-02;1.494981e-01;8.077823e-02;7.847089e-02;4.949693e-02;6.985190e-02;7.042627e-02;9.520096e-02;1.249085e-01;6.453838e-02;7.478635e-02
8.311769e-02;7.662921e-02;9.421024e-02;5.501981e-02;9.823011e-02;6.123501e-02;8.274554e-02;6.342687e-02;1.146354e-01;1.466515e-01;3.183253e-02;9.226601e-02
7.812531e-02;9.835020e-02;8.922470e-02;3.736702e-02;9.067908e-02;7.387586e-02;1.226439e-01;9.083952e-02;7.927947e-02;1.418416e-01;3.041309e-02;6.736026e-02
8.938065e-02;8.140271e-02;7.582469e-02;7.653238e-02;7.288318e-02;9.598926e-02;8.836948e-02;1.181529e-01;7.527327e-02;8.563717e-02;8.741778e-02;5.313655e-02
1.138237e-01;7.400376e-02;8.055480e-02;1.021326e-01;6.283610e-02;7.387473e-02;5.894332e-02;9.832630e-02;8.520977e-02;8.993862e-02;1.064887e-01;5.386772e-02
1.078144e-01;1.163145e-01;1.022556e-01;1.185451e-01;7.069398e-02;4.678996e-02;6.619062e-02;5.869781e-02;4.942406e-02;8.956217e-02;9.684003e-02;7.687175e-02
1.236289e-01;1.353806e-01;1.061151e-01;1.287901e-01;9.194635e-02;3.061230e-02;7.512386e-02;3.624193e-02;5.605699e-02;5.897987e-02;8.308920e-02;7.403474e-02
1.311978e-01;1.040881e-01;8.160498e-02;1.284405e-01;1.006946e-01;3.079957e-02;8.465446e-02;3.879848e-02;9.996770e-02;3.909414e-02;1.232348e-01;3.742492e-02
4.001477e-02;9.613279e-02;7.628278e-02;1.469495e-01;5.169281e-02;4.366054e-02;7.400287e-02;3.888927e-02;1.096831e-01;8.416251e-02;1.724913e-01;6.603771e-02
5.567989e-02;1.107906e-01;1.875953e-01;1.700384e-01;6.958582e-02;4.701258e-02;5.412156e-02;1.311181e-02;6.007814e-02;7.412926e-02;1.221459e-01;3.571066e-02
8.068732e-02;1.190797e-01;2.660446e-01;1.173360e-01;5.940048e-02;4.284325e-02;5.198062e-02;2.137349e-02;8.604340e-02;2.908812e-02;7.075427e-02;5.536877e-02
8.091163e-02;5.396193e-02;2.223669e-01;5.904699e-02;5.997865e-02;4.056556e-02;1.057952e-01;3.546267e-02;1.080243e-01;1.123871e-01;8.810126e-02;3.339781e-02
5.591874e-02;2.319441e-02;2.238756e-01;7.229304e-02;4.570080e-02;3.213220e-02;1.065809e-01;4.569937e-02;7.057975e-02;1.500106e-01;1.163921e-01;5.762243e-02
3.240346e-02;2.169820e-02;3.086190e-01;7.209160e-02;3.119798e-02;2.917593e-02;9.038541e-02;2.971388e-02;5.304405e-02;1.815166e-01;9.484363e-02;5.531026e-02
2.207145e-02;3.519919e-02;3.706618e-01;5.181919e-02;2.287426e-02;3.674354e-02;8.808678e-02;1.314067e-02;8.036032e-02;1.873793e-01;5.651645e-02;3.514702e-02
1.343913e-02;4.171802e-02;4.247604e-01;3.344700e-02;1.254525e-02;4.368102e-02;9.706046e-02;1.079987e-02;1.227406e-01;1.510165e-01;3.228328e-02;1.650848e-02
1.436061e-02;4.634356e-02;4.705997e-01;2.157882e-02;1.851545e-02;5.502263e-02;1.250520e-01;1.210880e-02;1.113111e-01;1.030840e-01;1.305328e-02;8.970016e-03
3.122425e-02;6.742082e-02;4.826674e-01;2.382445e-02;2.560508e-02;5.871800e-02;1.355991e-01;1.718414e-02;4.559688e-02;8.874085e-02;1.766684e-02;5.752206e-03
5.548862e-02;7.838625e-02;4.810577e-01;3.455360e-02;2.735114e-02;4.460637e-02;1.260812e-01;2.206987e-02;2.254709e-02;7.710055e-02;2.474163e-02;6.016004e-03
6.302378e-02;5.861698e-02;5.266801e-01;4.509550e-02;3.218217e-02;3.117266e-02;1.083206e-01;2.482728e-02;1.707006e-02;6.152460e-02;2.330025e-02;8.185999e-03
6.350975e-02;2.185406e-02;5.503796e-01;4.511707e-02;4.654220e-02;2.513869e-02;1.258207e-01;2.586495e-02;1.458664e-02;6.175966e-02;1.353182e-02;5.894797e-03
6.316809e-02;1.456983e-02;5.370081e-01;4.692872e-02;5.280781e-02;2.022867e-02;1.240418e-01;1.843305e-02;1.477957e-02;8.329991e-02;2.118827e-02;3.546215e-03
6.562322e-02;1.756582e-02;5.255244e-01;4.247546e-02;4.715138e-02;1.593731e-02;1.027156e-01;2.883483e-02;1.289360e-02;9.878305e-02;3.411221e-02;8.383036e-03
5.696039e-02;1.964549e-02;5.178815e-01;4.247340e-02;4.713472e-02;1.579154e-02;8.825823e-02;3.381119e-02;1.283020e-02;1.076903e-01;4.624182e-02;1.128127e-02
5.006387e-02;3.558581e-02;4.655950e-01;5.298609e-02;5.970893e-02;2.362241e-02;9.018918e-02;2.767489e-02;2.930607e-02;1.113142e-01;2.380871e-02;3.014484e-02
7.437550e-02;6.098665e-02;2.587421e-01;6.028751e-02;5.734834e-02;4.479027e-02;1.404691e-01;5.511614e-02;4.358852e-02;9.490627e-02;6.215394e-02;4.723562e-02
8.252776e-02;6.493400e-02;1.986486e-01;9.481944e-02;4.505511e-02;4.185215e-02;1.632351e-01;7.438782e-02;3.719997e-02;8.898121e-02;6.833906e-02;4.001979e-02
7.155391e-02;3.936260e-02;1.913818e-01;1.494107e-01;4.218077e-02;3.164697e-02;1.639157e-01;1.000760e-01;2.726809e-02;8.276917e-02;7.116855e-02;2.926587e-02
5.286923e-02;1.795010e-02;2.134640e-01;1.392867e-01;4.244775e-02;2.716773e-02;1.625456e-01;1.298901e-01;1.925706e-02;7.942495e-02;9.408415e-02;2.161260e-02
6.085833e-02;1.751920e-02;2.374469e-01;6.688364e-02;3.528704e-02;2.917619e-02;1.984430e-01;9.343120e-02;2.325403e-02;1.573794e-01;6.590021e-02;1.442080e-02
5.393522e-02;1.728867e-02;2.520466e-01;3.222689e-02;3.912761e-02;3.313025e-02;2.138918e-01;4.906396e-02;2.755592e-02;2.353940e-01;3.325836e-02;1.308089e-02
3.444667e-02;2.802264e-02;2.211036e-01;2.126463e-02;3.258898e-02;4.890057e-02;1.715190e-01;4.998012e-02;8.212376e-02;2.543554e-01;2.519156e-02;3.050302e-02
2.337158e-02;4.966444e-02;1.847714e-01;2.399313e-02;2.417214e-02;7.166912e-02;1.068977e-01;6.887466e-02;1.478490e-01;2.313605e-01;2.635189e-02;4.102452e-02
2.370497e-02;5.631758e-02;2.001269e-01;2.815052e-02;1.631892e-02;7.632971e-02;6.496652e-02;9.779250e-02;1.601162e-01;1.934734e-01;3.404355e-02;4.865918e-02
2.877037e-02;5.910927e-02;1.901948e-01;2.569229e-02;2.007515e-02;6.724026e-02;8.841427e-02;8.291972e-02;1.871167e-01;1.666751e-01;3.973139e-02;4.406066e-02
2.484814e-02;6.854727e-02;1.366175e-01;2.897338e-02;2.186084e-02;5.694545e-02;8.216191e-02;7.877391e-02;2.760921e-01;1.286633e-01;6.724071e-02;2.927559e-02
2.191230e-02;5.058374e-02;1.139040e-01;2.963697e-02;2.325650e-02;4.801534e-02;7.970166e-02;1.381730e-01;2.503785e-01;1.239661e-01;9.701531e-02;2.345664e-02
2.813498e-02;3.010385e-02;9.755148e-02;2.425924e-02;2.596291e-02;3.517786e-02;1.219995e-01;2.011603e-01;1.710398e-01;1.228874e-01;1.173236e-01;2.439899e-02
6.623200e-02;2.828098e-02;7.082777e-02;2.576528e-02;2.958505e-02;2.144227e-02;2.227942e-01;2.149545e-01;4.988603e-02;1.076941e-01;1.231500e-01;3.938790e-02
9.704841e-02;3.328583e-02;4.504336e-02;2.391311e-02;2.937524e-02;1.560844e-02;2.210187e-01;1.730835e-01;4.214462e-02;1.450337e-01;1.210976e-01;5.334753e-02
7.482371e-02;2.826155e-02;7.942300e-02;2.028485e-02;1.400467e-02;1.085235e-02;1.696637e-01;1.815260e-01;1.082836e-01;1.629236e-01;1.103590e-01;3.959400e-02
5.577120e-02;2.835483e-02;7.488754e-02;2.718460e-02;1.862009e-02;1.352402e-02;2.165554e-01;1.561266e-01;9.923472e-02;1.930850e-01;8.811446e-02;2.854147e-02
4.549152e-02;4.724467e-02;6.884719e-02;2.905300e-02;2.569871e-02;2.834118e-02;2.603340e-01;7.299987e-02;9.390604e-02;2.173457e-01;8.105436e-02;2.968376e-02
7.071605e-02;3.291827e-02;5.752452e-02;3.330981e-02;3.142359e-02;3.731819e-02;2.479588e-01;7.836784e-02;1.617443e-01;1.278195e-01;8.272596e-02;3.817319e-02
5.914181e-02;4.141215e-02;1.272934e-01;4.965469e-02;3.962120e-02;4.257190e-02;1.765561e-01;7.683210e-02;2.084976e-01;8.810797e-02;6.499895e-02;2.531212e-02
4.173866e-02;3.596639e-02;1.165814e-01;4.065466e-02;3.509599e-02;3.913255e-02;1.769887e-01;1.342051e-01;1.804716e-01;9.880929e-02;6.286377e-02;3.749185e-02
4.277471e-02;5.455924e-02;1.046014e-01;3.973991e-02;3.923741e-02;3.914786e-02;1.864326e-01;1.595889e-01;1.483512e-01;8.615962e-02;4.967657e-02;4.973058e-02
3.405190e-02;7.511792e-02;1.132698e-01;4.107969e-02;4.149863e-02;4.283492e-02;1.648113e-01;3.421945e-02;1.856325e-01;1.066844e-01;1.121097e-01;4.868989e-02
3.419850e-02;6.083869e-02;1.217890e-01;4.137541e-02;4.372301e-02;6.021025e-02;1.582828e-01;6.594834e-02;1.425961e-01;1.319738e-01;9.910513e-02;3.995900e-02
3.957570e-02;4.471778e-02;1.188523e-01;3.310770e-02;5.941653e-02;7.245799e-02;1.828744e-01;6.069148e-02;1.242262e-01;1.317878e-01;8.910426e-02;4.318777e-02
5.357618e-02;3.941398e-02;1.438257e-01;3.464688e-02;7.134254e-02;7.377265e-02;1.748113e-01;5.049862e-02;1.049753e-01;1.370050e-01;5.312969e-02;6.300212e-02
6.527898e-02;5.742927e-02;2.097246e-01;7.357188e-02;9.662008e-02;6.511888e-02;8.133059e-02;3.649084e-02;1.000983e-01;9.338190e-02;3.677637e-02;8.417828e-02
6.752009e-02;4.989151e-02;2.550115e-01;9.648088e-02;7.562726e-02;4.337638e-02;1.018761e-01;5.980727e-02;5.267756e-02;4.542834e-02;7.618122e-02;7.612190e-02
6.351476e-02;4.699326e-02;2.733090e-01;8.694617e-02;7.038448e-02;3.309000e-02;7.912723e-02;3.078438e-02;7.667266e-02;8.539683e-02;1.076468e-01;4.613446e-02
6.222663e-02;5.059211e-02;1.461792e-01;5.945266e-02;7.992121e-02;6.230117e-02;9.324450e-02;8.960015e-02;1.097436e-01;8.398113e-02;8.058838e-02;8.216932e-02
8.276913e-02;5.014284e-02;8.556968e-02;5.861846e-02;6.563316e-02;5.812477e-02;1.123672e-01;1.018728e-01;1.342846e-01;8.487348e-02;5.695453e-02;1.087895e-01
9.534670e-02;4.500980e-02;8.807110e-02;5.689311e-02;5.949292e-02;3.482325e-02;1.137510e-01;9.400991e-02;1.435487e-01;8.098397e-02;7.136628e-02;1.167033e-01
1.025681e-01;5.385037e-02;1.115900e-01;4.858000e-02;5.595925e-02;2.299329e-02;1.235085e-01;9.748620e-02;1.363633e-01;6.753615e-02;1.093520e-01;7.021286e-02
1.400791e-01;7.586633e-02;1.146816e-01;2.842396e-02;4.427893e-02;5.161851e-02;1.475605e-01;1.052050e-01;9.251940e-02;4.715616e-02;1.024481e-01;5.016243e-02
1.374385e-01;7.544102e-02;1.163046e-01;3.198837e-02;4.493547e-02;6.700032e-02;1.458553e-01;8.342343e-02;7.550140e-02;6.866094e-02;8.582398e-02;6.762674e-02
1.036854e-01;5.411489e-02;9.657353e-02;4.756058e-02;6.089247e-02;6.234404e-02;1.834149e-01;6.967808e-02;4.682321e-02;7.234118e-02;1.447474e-01;5.782438e-02
5.740866e-02;5.887924e-02;6.365586e-02;7.787276e-02;6.129743e-02;4.129268e-02;1.460349e-01;1.149925e-01;1.412559e-01;4.196784e-02;1.635361e-01;3.180622e-02
