7.100874e-02;8.122559e-02;2.139995e-01;8.502010e-02;6.507155e-02;4.340994e-02;1.280612e-01;5.787856e-02;7.729863e-02;4.373785e-02;6.285016e-02;7.043818e-02
8.121467e-02;7.727999e-02;2.083986e-01;7.848597e-02;5.823014e-02;4.472622e-02;1.652149e-01;5.765517e-02;6.020948e-02;4.155505e-02;4.475164e-02;8.227818e-02
9.060808e-02;6.632018e-02;2.469303e-01;5.753122e-02;4.450095e-02;4.713349e-02;1.672073e-01;4.104303e-02;4.133786e-02;6.919006e-02;3.189620e-02;9.630136e-02
1.006365e-01;1.149695e-01;2.976250e-01;7.158170e-02;3.107699e-02;4.649535e-02;7.251706e-02;2.240698e-02;4.925314e-02;6.368854e-02;2.990738e-02;9.984186e-02
1.124628e-01;1.722513e-01;2.457910e-01;8.442758e-02;2.535919e-02;5.345941e-02;3.637783e-02;2.258303e-02;6.469925e-02;5.369781e-02;3.013342e-02;9.875739e-02
7.914385e-02;2.071200e-01;2.088545e-01;9.467965e-02;2.357831e-02;5.851037e-02;4.436319e-02;2.279707e-02;9.047288e-02;4.582716e-02;3.107325e-02;9.357972e-02
8.512994e-02;2.177014e-01;1.606342e-01;1.350246e-01;2.493460e-02;5.268889e-02;4.335812e-02;1.892164e-02;1.136206e-01;3.505637e-02;4.104105e-02;7.188844e-02
8.739259e-02;2.139359e-01;1.467377e-01;1.625686e-01;2.320611e-02;4.457247e-02;3.735178e-02;2.051842e-02;1.189011e-01;3.607583e-02;4.367790e-02;6.506160e-02
1.211850e-01;1.740870e-01;1.372865e-01;1.407436e-01;4.286052e-02;3.204332e-02;6.250612e-02;3.105905e-02;9.197686e-02;3.725540e-02;6.731275e-02;6.168373e-02
1.725204e-01;1.472217e-01;1.152404e-01;1.103295e-01;5.200667e-02;2.330357e-02;8.503839e-02;4.814312e-02;7.723910e-02;3.099745e-02;8.745298e-02;5.050684e-02
1.881019e-01;9.362515e-02;1.654126e-01;8.031505e-02;4.248708e-02;4.642105e-02;9.170227e-02;6.314984e-02;5.010571e-02;4.272033e-02;8.946688e-02;4.649215e-02
1.600379e-01;5.693612e-02;1.860334e-01;7.152903e-02;5.725485e-02;5.580918e-02;9.867483e-02;6.672609e-02;7.507034e-02;6.862621e-02;4.946378e-02;5.383820e-02
1.111832e-01;9.815173e-02;2.317184e-01;7.582831e-02;4.570552e-02;4.438582e-02;7.602233e-02;7.711569e-02;7.509661e-02;6.922352e-02;5.697587e-02;3.859302e-02
5.165143e-02;1.325457e-01;3.008901e-01;4.127885e-02;4.665598e-02;4.406832e-02;3.318017e-02;5.399037e-02;1.031971e-01;8.016588e-02;4.539563e-02;6.698052e-02
3.511857e-02;1.353101e-01;3.244866e-01;4.943640e-02;4.717654e-02;4.838175e-02;5.021147e-02;2.657521e-02;8.789377e-02;7.976997e-02;4.005524e-02;7.558442e-02
4.147559e-02;1.478066e-01;3.304021e-01;4.811011e-02;3.468155e-02;4.849933e-02;5.001533e-02;2.431972e-02;8.197314e-02;7.521772e-02;3.465286e-02;8.284599e-02
3.015008e-02;1.566087e-01;3.538892e-01;4.812120e-02;2.648934e-02;4.551533e-02;4.641587e-02;2.685446e-02;8.143695e-02;7.585559e-02;2.588927e-02;8.277401e-02
4.213103e-02;1.739752e-01;3.267047e-01;4.679256e-02;3.604295e-02;3.888228e-02;4.898444e-02;2.670071e-02;8.355968e-02;6.377339e-02;3.218492e-02;8.026811e-02
1.003424e-01;1.822903e-01;2.396918e-01;7.192056e-02;3.727929e-02;3.436805e-02;6.577711e-02;3.101148e-02;8.784418e-02;4.191414e-02;4.126088e-02;6.629996e-02
1.415962e-01;1.548624e-01;2.053500e-01;8.130079e-02;4.439737e-02;3.579245e-02;8.101921e-02;4.143954e-02;8.689751e-02;2.776222e-02;4.767647e-02;5.190579e-02
1.344129e-01;9.447519e-02;2.194155e-01;7.216129e-02;4.860275e-02;4.474459e-02;1.294702e-01;4.509838e-02;8.438828e-02;3.332603e-02;4.635122e-02;4.755375e-02
4.848360e-02;6.194438e-02;2.984726e-01;4.848717e-02;6.532919e-02;4.272657e-02;1.200328e-01;5.899066e-02;8.635146e-02;7.352035e-02;7.350364e-02;2.215759e-02
7.860773e-02;1.000667e-01;2.068162e-01;5.647573e-02;5.614796e-02;4.770627e-02;6.795137e-02;5.829866e-02;1.183013e-01;7.861533e-02;8.367895e-02;4.733372e-02
9.581838e-02;1.503962e-01;2.191010e-01;7.963482e-02;6.863872e-02;3.834127e-02;5.948038e-02;4.072921e-02;8.506522e-02;3.969534e-02;6.112316e-02;6.197639e-02
1.274265e-01;1.229478e-01;2.061603e-01;1.105221e-01;6.865312e-02;4.337388e-02;5.893404e-02;2.968954e-02;8.656794e-02;4.028530e-02;3.903129e-02;6.640824e-02
1.519709e-01;7.767344e-02;1.768452e-01;9.205896e-02;5.201427e-02;4.680227e-02;4.682052e-02;5.420920e-02;8.650549e-02;9.123585e-02;6.004431e-02;6.381962e-02
1.624159e-01;4.818202e-02;1.749928e-01;7.101219e-02;5.530347e-02;4.193055e-02;8.870177e-02;5.156606e-02;1.070011e-01;8.507118e-02;6.189454e-02;5.192845e-02
1.638244e-01;6.631780e-02;1.801040e-01;5.749377e-02;5.930263e-02;4.170993e-02;1.324871e-01;2.025053e-02;8.413915e-02;6.997856e-02;6.142785e-02;6.296436e-02
1.396724e-01;6.119196e-02;2.321707e-01;5.891654e-02;4.647737e-02;2.995763e-02;1.161178e-01;3.628518e-02;5.455567e-02;7.440954e-02;8.240503e-02;6.784011e-02
9.043486e-02;4.237615e-02;3.549513e-01;5.420292e-02;4.093179e-02;2.747311e-02;9.035141e-02;2.896496e-02;3.830046e-02;9.947991e-02;7.306269e-02;5.947046e-02
3.601746e-02;8.504597e-02;4.604103e-01;4.230273e-02;3.541163e-02;3.239106e-02;7.491466e-02;1.369072e-02;2.763813e-02;1.112195e-01;4.302267e-02;3.793517e-02
4.333042e-02;1.075902e-01;4.585591e-01;2.449666e-02;2.207945e-02;3.626591e-02;5.520658e-02;2.387337e-02;4.028953e-02;7.727278e-02;5.537592e-02;5.566009e-02
1.915202e-02;1.022488e-01;5.202823e-01;1.702819e-02;2.089567e-02;3.572536e-02;4.530451e-02;2.038363e-02;3.356775e-02;6.926802e-02;5.860816e-02;5.753561e-02
1.573633e-02;9.903052e-02;5.452932e-01;2.146004e-02;1.642235e-02;3.360235e-02;3.526439e-02;2.203418e-02;4.097756e-02;6.990248e-02;4.979442e-02;5.048212e-02
1.202024e-02;9.732725e-02;5.502343e-01;2.977616e-02;1.530864e-02;3.462964e-02;4.452698e-02;2.305612e-02;3.464165e-02;6.198604e-02;4.094762e-02;5.554538e-02
2.524109e-02;1.057431e-01;4.931066e-01;3.504550e-02;1.921074e-02;3.819931e-02;6.099325e-02;2.731064e-02;4.216832e-02;6.296061e-02;3.971977e-02;5.030117e-02
7.773342e-02;1.357489e-01;3.741945e-01;3.449621e-02;2.775046e-02;4.752109e-02;8.107731e-02;2.900525e-02;4.850189e-02;5.962969e-02;3.875417e-02;4.558711e-02
1.292048e-01;1.307952e-01;2.484698e-01;4.565766e-02;4.871078e-02;5.970815e-02;1.002795e-01;5.185175e-02;2.917063e-02;5.895701e-02;4.645458e-02;5.074031e-02
1.716967e-01;6.439305e-02;9.841091e-02;3.679964e-02;7.971978e-02;9.792056e-02;1.497979e-01;8.954078e-02;6.731509e-02;4.422228e-02;4.864383e-02;5.153948e-02
5.463906e-02;9.955923e-02;2.254342e-01;4.237907e-02;3.994889e-02;9.871881e-02;1.439390e-01;5.925196e-02;9.851357e-02;5.354533e-02;3.776791e-02;4.630301e-02
3.507350e-02;6.323576e-02;2.826412e-01;4.501330e-02;5.253894e-02;7.436810e-02;1.820072e-01;7.274517e-02;5.512989e-02;8.543560e-02;2.063529e-02;3.117596e-02
4.908638e-02;3.564459e-02;2.958907e-01;3.542919e-02;4.873037e-02;4.019032e-02;2.234787e-01;6.998689e-02;3.118344e-02;1.236442e-01;3.337516e-02;1.336000e-02
7.245259e-02;1.634915e-02;2.508945e-01;3.006525e-02;3.449865e-02;1.869313e-02;2.266507e-01;8.944634e-02;4.953816e-02;1.437610e-01;5.369385e-02;1.395675e-02
7.615665e-02;1.630970e-02;1.756901e-01;4.263079e-02;2.569900e-02;2.572485e-02;1.940761e-01;1.362008e-01;6.617035e-02;1.105858e-01;1.103798e-01;2.037613e-02
6.644174e-02;1.846014e-02;1.272930e-01;5.906949e-02;1.537943e-02;2.422759e-02;1.597255e-01;1.898407e-01;6.348997e-02;7.825090e-02;1.769657e-01;2.085590e-02
4.582767e-02;2.880796e-02;9.914638e-02;7.515781e-02;2.241295e-02;2.916579e-02;1.412376e-01;2.291236e-01;3.278266e-02;5.852525e-02;2.224450e-01;1.536728e-02
2.589040e-02;5.133894e-02;7.968085e-02;8.685645e-02;2.901608e-02;3.419969e-02;1.090499e-01;2.729686e-01;2.496586e-02;3.715816e-02;2.272072e-01;2.166788e-02
1.394576e-02;7.451459e-02;6.892045e-02;8.509394e-02;4.559954e-02;3.142862e-02;6.605992e-02;2.996252e-01;5.502105e-02;3.037612e-02;1.820382e-01;4.737666e-02
2.131719e-02;6.884230e-02;6.667602e-02;6.539068e-02;8.535924e-02;3.272966e-02;5.925433e-02;2.397732e-01;1.417391e-01;3.357864e-02;9.675203e-02;8.858760e-02
3.484268e-02;3.741701e-02;8.551770e-02;5.182226e-02;1.243867e-01;4.121460e-02;5.156381e-02;1.259878e-01;2.714308e-01;3.200473e-02;2.901853e-02;1.147934e-01
8.080421e-02;2.687542e-02;9.252888e-02;5.659203e-02;1.226372e-01;4.908876e-02;4.291006e-02;9.074919e-02;2.664253e-01;3.425676e-02;4.509742e-02;9.203470e-02
1.532791e-01;5.103004e-02;8.036046e-02;5.817577e-02;9.185100e-02;6.882375e-02;8.740448e-02;1.024091e-01;1.288043e-01;6.666264e-02;4.344166e-02;6.775769e-02
1.746830e-01;6.762942e-02;1.024559e-01;4.267972e-02;7.278732e-02;8.283404e-02;9.293511e-02;1.014783e-01;7.541241e-02;8.227689e-02;4.828663e-02;5.654125e-02
1.040053e-01;8.420906e-02;1.411661e-01;4.141634e-02;8.180481e-02;9.380300e-02;1.186399e-01;7.322656e-02;1.195610e-01;6.523225e-02;3.818000e-02;3.875575e-02
1.858954e-01;6.127412e-02;9.524985e-02;3.796549e-02;1.405263e-01;1.074216e-01;1.273571e-01;3.194205e-02;7.134394e-02;3.138798e-02;4.495706e-02;6.467911e-02
2.297845e-01;5.427700e-02;8.526090e-02;3.836705e-02;1.214104e-01;8.358604e-02;8.274855e-02;4.290907e-02;9.677675e-02;4.363586e-02;3.910327e-02;8.214058e-02
2.909484e-01;5.499060e-02;5.207167e-02;3.127076e-02;9.175203e-02;8.537600e-02;1.238158e-01;4.227828e-02;1.106990e-01;2.502036e-02;2.827791e-02;6.349926e-02
3.473556e-01;6.667483e-02;4.095105e-02;2.517235e-02;8.305309e-02;8.503499e-02;1.369049e-01;3.761772e-02;4.692287e-02;3.562264e-02;3.253764e-02;6.215237e-02
3.644722e-01;6.050938e-02;4.483532e-02;1.616870e-02;7.746772e-02;7.868542e-02;1.218717e-01;3.803908e-02;6.590814e-02;4.024595e-02;2.392901e-02;6.786739e-02
3.780867e-01;5.915625e-02;5.267193e-02;1.621304e-02;8.688973e-02;7.783992e-02;1.102873e-01;4.581841e-02;5.007666e-02;3.883817e-02;2.004203e-02;6.407992e-02
3.465551e-01;4.964574e-02;8.261231e-02;1.818215e-02;9.705676e-02;6.491140e-02;8.930790e-02;4.296827e-02;6.636743e-02;4.141992e-02;2.310476e-02;7.786829e-02
2.834268e-01;6.036067e-02;1.041761e-01;2.632635e-02;1.098220e-01;5.214423e-02;7.550710e-02;3.236725e-02;8.157399e-02;4.771562e-02;2.259980e-02;1.039802e-01
1.731376e-01;6.017163e-02;1.440712e-01;5.744880e-02;1.451452e-01;4.902702e-02;3.513196e-02;3.209566e-02;8.606306e-02;4.376844e-02;3.793732e-02;1.360021e-01
1.278517e-01;4.641848e-02;1.250657e-01;6.743456e-02;1.550799e-01;5.991274e-02;5.513109e-02;3.968329e-02;8.603013e-02;4.312126e-02;5.713559e-02;1.371355e-01
1.115706e-01;3.662734e-02;1.461947e-01;7.035507e-02;1.616469e-01;7.281180e-02;6.329171e-02;4.575618e-02;5.415522e-02;5.780130e-02;6.007995e-02;1.197093e-01
5.748141e-02;6.042884e-02;1.379226e-01;8.121788e-02;1.364306e-01;7.349037e-02;7.621555e-02;6.113872e-02;9.015413e-02;7.237398e-02;5.821374e-02;9.493212e-02
4.605708e-02;5.876057e-02;1.224799e-01;6.187426e-02;1.403734e-01;7.287482e-02;8.149926e-02;8.733949e-02;9.691270e-02;7.603392e-02;6.478327e-02;9.101132e-02
1.602731e-01;3.675526e-02;5.007651e-02;5.171667e-02;1.875259e-01;6.632769e-02;7.207102e-02;7.978801e-02;9.216183e-02;5.460650e-02;4.067811e-02;1.080195e-01
2.430045e-01;4.889999e-02;6.227490e-02;4.777601e-02;1.358267e-01;5.896241e-02;8.581209e-02;4.011387e-02;9.214322e-02;2.731688e-02;3.313049e-02;1.247389e-01
3.054446e-01;5.521961e-02;6.190073e-02;3.311668e-02;9.249438e-02;5.871889e-02;8.425711e-02;2.411760e-02;9.635590e-02;3.535245e-02;3.607295e-02;1.169491e-01
3.423277e-01;6.456662e-02;5.833781e-02;2.357678e-02;8.063460e-02;6.987316e-02;5.547221e-02;1.714621e-02;9.915088e-02;5.061885e-02;4.099899e-02;9.729612e-02
3.550132e-01;6.158837e-02;6.282518e-02;2.850098e-02;8.908985e-02;7.856243e-02;3.681477e-02;1.887060e-02;1.038508e-01;5.270044e-02;3.420059e-02;7.798283e-02
2.784705e-01;8.690386e-02;9.130622e-02;4.297197e-02;1.022971e-01;6.518420e-02;6.310634e-02;2.365586e-02;9.885502e-02;4.967652e-02;2.696720e-02;7.060517e-02
1.756107e-01;8.438524e-02;1.517326e-01;7.104644e-02;1.072670e-01;5.184833e-02;4.183917e-02;3.099743e-02;8.821715e-02;5.516254e-02;5.752230e-02;8.437116e-02
7.329857e-02;4.421934e-02;2.599920e-01;1.017009e-01;9.028031e-02;4.443626e-02;2.210317e-02;4.788257e-02;8.108989e-02;7.242817e-02;8.124360e-02;8.132523e-02
5.178436e-02;3.430700e-02;2.697235e-01;1.067486e-01;6.208994e-02;5.549958e-02;6.319232e-02;5.071957e-02;1.022675e-01;1.016211e-01;5.075518e-02;5.129135e-02
5.854549e-02;4.271598e-02;2.043631e-01;1.204412e-01;9.460957e-02;5.612502e-02;7.085237e-02;4.627822e-02;1.136962e-01;1.113140e-01;3.647306e-02;4.458583e-02
8.617415e-02;6.098499e-02;1.504319e-01;8.181540e-02;1.463019e-01;4.570778e-02;5.887519e-02;5.077483e-02;8.842340e-02;9.979588e-02;3.565358e-02;9.506111e-02
1.559514e-01;8.079533e-02;1.133210e-01;3.739540e-02;1.302384e-01;6.823325e-02;1.256587e-01;3.720396e-02;7.728457e-02;4.961427e-02;3.934683e-02;8.495691e-02
2.225068e-01;1.068722e-01;5.275221e-02;5.864137e-02;8.600977e-02;8.653955e-02;1.610013e-01;1.783679e-02;5.241177e-02;9.655415e-02;2.219991e-02;3.667410e-02
2.109162e-01;1.310982e-01;5.426580e-02;9.566149e-02;4.934429e-02;8.835419e-02;1.631820e-01;9.816345e-03;2.726745e-02;1.150313e-01;3.065997e-02;2.440268e-02
1.970721e-01;1.258541e-01;5.613097e-02;1.274123e-01;3.086971e-02;9.167755e-02;1.562231e-01;1.523558e-02;1.543163e-02;1.305096e-01;3.729026e-02;1.629308e-02
2.184427e-01;8.891217e-02;4.061253e-02;1.479877e-01;3.585938e-02;1.225897e-01;1.398905e-01;1.287111e-02;2.209138e-02;1.442508e-01;1.745431e-02;9.037775e-03
2.244730e-01;4.612311e-02;4.574576e-02;1.265349e-01;5.467941e-02;1.666061e-01;1.127855e-01;1.092244e-02;4.926815e-02;1.358897e-01;1.207470e-02;1.489718e-02
1.772740e-01;2.821315e-02;1.142123e-01;6.625622e-02;8.923349e-02;1.867247e-01;7.250684e-02;1.519307e-02;1.003957e-01;9.549043e-02;1.068145e-02;4.381867e-02
9.681648e-02;3.048199e-02;1.717516e-01;5.169172e-02;1.194423e-01;1.540878e-01;5.395931e-02;1.841983e-02;1.369045e-01;7.284577e-02;2.424475e-02;6.935386e-02
3.630250e-02;4.600422e-02;2.044526e-01;4.937481e-02;1.195979e-01;1.146506e-01;6.899180e-02;2.932526e-02;1.244578e-01;8.350302e-02;4.616252e-02;7.717694e-02
9.453677e-02;4.887449e-02;1.515671e-01;6.772647e-02;1.113407e-01;1.005750e-01;1.305874e-01;2.738394e-02;8.732214e-02;8.764663e-02;3.936083e-02;5.307861e-02
1.301160e-01;3.860584e-02;1.003897e-01;8.657603e-02;1.273890e-01;1.010780e-01;1.657622e-01;2.150644e-02;8.182769e-02;9.506834e-02;1.958587e-02;3.209496e-02
8.261443e-02;4.109332e-02;1.457178e-01;6.629512e-02;1.521308e-01;1.010122e-01;1.454381e-01;2.096171e-02;8.552930e-02;8.998545e-02;2.108532e-02;4.813642e-02
3.333711e-02;3.823382e-02;2.258309e-01;7.597861e-02;1.737353e-01;1.012833e-01;7.665103e-02;1.920179e-02;8.164380e-02;8.047685e-02;3.763610e-02;5.599139e-02
5.108748e-02;8.104894e-02;1.530357e-01;5.881490e-02;9.409020e-02;6.077467e-02;1.704863e-01;6.910613e-02;7.502263e-02;6.190592e-02;6.156184e-02;6.306531e-02
5.091557e-02;9.447180e-02;1.426774e-01;4.788428e-02;5.508344e-02;6.265493e-02;1.779798e-01;8.839064e-02;7.280357e-02;6.388415e-02;7.642036e-02;6.683413e-02
8.590218e-02;7.042316e-02;1.634924e-01;5.683333e-02;4.933345e-02;8.948930e-02;1.312791e-01;7.445738e-02;6.404945e-02;6.985259e-02;8.148262e-02;6.340502e-02
1.141635e-01;9.480878e-02;1.923506e-01;5.097497e-02;4.515849e-02;5.414333e-02;1.586186e-01;6.308769e-02;8.436081e-02;4.299068e-02;5.455291e-02;4.478969e-02
1.318353e-01;9.353121e-02;1.909942e-01;4.293992e-02;6.825027e-02;4.090162e-02;1.654500e-01;3.251056e-02;9.190863e-02;4.126475e-02;4.259228e-02;5.782128e-02
1.321852e-01;1.039616e-01;1.675492e-01;4.221193e-02;1.012751e-01;4.368122e-02;1.311717e-01;2.829315e-02;1.042031e-01;3.973209e-02;3.329016e-02;7.244551e-02
8.818670e-02;1.215457e-01;1.467162e-01;7.028205e-02;1.447585e-01;3.947127e-02;6.135736e-02;5.740123e-02;1.134546e-01;3.405343e-02;2.836468e-02;9.440819e-02
2.733729e-02;1.471043e-01;1.884030e-01;9.416714e-02;1.506339e-01;3.413470e-02;3.362306e-02;8.444340e-02;7.651457e-02;2.340243e-02;6.564894e-02;7.458729e-02
1.524477e-02;1.849393e-01;1.859030e-01;1.078658e-01;1.326983e-01;3.009455e-02;1.662331e-02;1.054254e-01;5.363568e-02;1.524011e-02;1.022527e-01;5.007713e-02
1.321392e-02;1.766535e-01;1.833569e-01;9.747458e-02;1.059578e-01;2.951129e-02;2.135288e-02;9.823310e-02;7.093646e-02;1.762869e-02;1.184307e-01;6.725012e-02
2.808431e-02;1.549170e-01;2.108290e-01;9.359571e-02;8.389316e-02;2.642281e-02;3.545075e-02;8.572600e-02;6.130093e-02;2.489875e-02;1.170102e-01;7.787143e-02
2.969282e-02;1.375106e-01;2.499785e-01;8.341761e-02;9.218554e-02;2.198503e-02;6.899942e-02;7.519726e-02;4.881597e-02;3.334576e-02;9.231912e-02;6.655237e-02
2.275610e-02;9.516080e-02;2.461652e-01;6.106725e-02;9.429857e-02;2.660135e-02;8.263818e-02;7.415912e-02;7.966655e-02;4.482172e-02;9.455791e-02;7.810725e-02
4.039773e-02;6.822421e-02;2.168301e-01;6.468144e-02;8.162708e-02;4.669300e-02;6.163703e-02;8.779909e-02;5.472247e-02;5.701670e-02;1.378507e-01;8.252043e-02
6.872119e-02;5.856062e-02;1.624777e-01;8.033205e-02;9.074242e-02;7.284708e-02;7.126559e-02;7.976551e-02;8.978714e-02;7.020218e-02;1.058648e-01;4.943372e-02
8.854859e-02;8.141465e-02;6.717122e-02;9.864307e-02;9.621038e-02;8.347376e-02;7.596198e-02;7.375593e-02;1.442564e-01;7.370768e-02;6.031144e-02;5.654492e-02
6.708285e-02;5.125101e-02;8.231489e-02;7.065770e-02;7.096688e-02;6.416181e-02;1.387704e-01;1.291381e-01;1.498135e-01;6.340855e-02;5.006042e-02;6.237406e-02
5.838570e-02;5.318014e-02;1.017771e-01;5.514326e-02;7.345121e-02;6.471026e-02;1.328010e-01;1.564742e-01;1.397054e-01;8.288722e-02;6.449039e-02;1.699415e-02
7.663602e-02;4.572364e-02;1.047716e-01;6.339380e-02;9.362724e-02;5.676224e-02;1.154849e-01;1.083243e-01;1.236903e-01;1.162045e-01;6.232611e-02;3.305538e-02
8.277488e-02;6.368811e-02;1.089448e-01;7.936673e-02;9.703995e-02;4.158298e-02;1.481908e-01;5.270784e-02;1.381489e-01;1.086579e-01;4.483041e-02;3.406668e-02
6.506510e-02;8.148468e-02;1.063407e-01;7.559145e-02;8.059495e-02;4.174288e-02;1.496105e-01;5.745813e-02;1.212127e-01;1.203221e-01;5.708959e-02;4.348712e-02
5.480570e-02;7.032373e-02;1.051825e-01;5.507705e-02;5.584004e-02;5.389081e-02;1.146878e-01;9.652685e-02;9.792771e-02;1.374238e-01;9.262183e-02;6.569213e-02
1.012555e-01;5.949424e-02;1.472066e-01;4.381362e-02;5.053775e-02;4.857342e-02;6.756494e-02;1.128818e-01;1.107409e-01;1.145411e-01;8.419024e-02;5.919996e-02
9.967162e-02;6.358586e-02;1.586392e-01;4.911049e-02;4.589948e-02;3.781435e-02;7.004829e-02;1.466723e-01;9.400958e-02;1.049863e-01;6.377073e-02;6.579181e-02
9.723702e-02;9.314762e-02;1.200979e-01;3.696025e-02;6.143403e-02;5.238473e-02;8.675874e-02;1.950607e-01;6.612396e-02;7.450562e-02;5.809725e-02;5.819217e-02
8.641753e-02;8.921053e-02;9.542474e-02;3.266382e-02;8.463964e-02;4.814391e-02;1.517777e-01;1.587194e-01;7.578570e-02;7.718913e-02;5.627514e-02;4.375291e-02
7.244209e-02;5.850196e-02;2.199887e-01;4.103852e-02;7.709466e-02;4.054404e-02;1.795277e-01;7.585814e-02;4.787077e-02;8.545510e-02;6.103255e-02;4.064570e-02
4.817667e-02;5.283643e-02;2.820682e-01;4.164520e-02;6.620230e-02;4.311208e-02;1.894142e-01;4.699324e-02;3.641336e-02;8.615907e-02;6.238134e-02;4.459793e-02
1.074941e-01;6.769913e-02;2.298969e-01;2.532080e-02;4.380934e-02;3.753471e-02;2.389721e-01;4.679489e-02;3.717606e-02;7.248218e-02;5.529250e-02;3.752733e-02
1.756410e-01;6.370204e-02;1.098946e-01;2.586729e-02;3.930365e-02;3.481233e-02;3.280420e-01;4.809638e-02;4.533085e-02;5.573439e-02;3.667272e-02;3.690273e-02
1.796773e-01;5.297578e-02;7.950249e-02;3.467102e-02;4.033215e-02;3.799769e-02;3.533594e-01;3.819084e-02;4.388857e-02;3.956861e-02;2.840055e-02;7.143563e-02
1.617088e-01;5.598648e-02;8.313673e-02;3.251752e-02;4.401592e-02;4.743646e-02;2.872010e-01;3.431313e-02;4.497616e-02;5.048270e-02;5.201203e-02;1.062130e-01
1.485262e-01;1.107762e-01;1.537777e-01;3.237478e-02;5.562058e-02;3.941500e-02;1.299372e-01;4.163662e-02;5.866531e-02;5.419901e-02;9.393963e-02;8.113179e-02
1.600433e-01;1.313734e-01;1.930945e-01;4.174425e-02;5.025725e-02;2.608855e-02;5.713846e-02;4.502029e-02;5.979424e-02;6.875084e-02;9.813079e-02;6.856415e-02
2.079397e-01;1.289304e-01;1.572804e-01;4.343287e-02;3.062461e-02;3.075313e-02;5.959246e-02;5.335922e-02;6.119553e-02;6.164302e-02;8.830063e-02;7.694816e-02
1.331242e-01;1.163751e-01;1.107907e-01;5.538091e-02;3.797490e-02;3.810867e-02;1.166539e-01;7.471396e-02;7.776452e-02;8.873933e-02;7.196162e-02;7.841209e-02
1.086698e-01;8.650680e-02;1.875750e-01;5.246084e-02;4.867433e-02;3.374937e-02;1.637556e-01;5.920922e-02;6.967343e-02;8.173203e-02;7.019556e-02;3.779808e-02
1.493181e-01;9.508941e-02;2.102143e-01;4.367485e-02;3.534019e-02;3.873640e-02;1.251342e-01;5.331398e-02;6.385551e-02;7.244184e-02;6.967051e-02;4.321067e-02
1.617772e-01;9.214418e-02;2.189832e-01;4.706821e-02;5.329657e-02;5.774718e-02;8.345143e-02;4.785447e-02;4.468016e-02;6.048006e-02;7.341012e-02;5.910717e-02
4.791922e-02;6.886958e-02;2.093876e-01;5.442634e-02;5.968667e-02;4.293510e-02;2.060757e-01;5.374768e-02;5.748075e-02;7.249524e-02;8.029440e-02;4.668172e-02
6.624846e-02;4.930919e-02;2.832491e-01;5.843130e-02;9.482842e-02;4.485817e-02;1.235479e-01;4.737435e-02;5.332371e-02;7.428630e-02;7.349543e-02;3.104770e-02
6.249597e-02;5.899141e-02;3.427543e-01;6.335767e-02;9.521992e-02;5.185784e-02;7.758219e-02;4.277157e-02;5.131132e-02;5.798701e-02;5.442763e-02;4.124317e-02
6.440555e-02;8.011865e-02;1.474898e-01;5.535341e-02;9.483046e-02;5.905810e-02;1.269052e-01;6.252544e-02;8.354842e-02;9.128776e-02;6.828231e-02;6.619490e-02
