8.148283e-02;3.221782e-02;1.100187e-01;3.599744e-02;8.276066e-02;4.995584e-02;9.414013e-02;8.391885e-02;1.275727e-01;1.305964e-01;1.132198e-01;5.811884e-02
5.447989e-02;3.319659e-02;9.701494e-02;4.347728e-02;8.908134e-02;5.910663e-02;7.631478e-02;9.685580e-02;1.578811e-01;1.332958e-01;9.825831e-02;6.103749e-02
8.248499e-02;4.795865e-02;2.307247e-01;4.597007e-02;7.644187e-02;4.790764e-02;1.465982e-01;3.979559e-02;5.215952e-02;9.500501e-02;8.926955e-02;4.568423e-02
1.040398e-01;6.199651e-02;2.085927e-01;3.690968e-02;5.918460e-02;3.546403e-02;1.208287e-01;3.988155e-02;7.758482e-02;1.037114e-01;1.078458e-01;4.396044e-02
9.560082e-02;5.221697e-02;2.139915e-01;4.520033e-02;5.798928e-02;4.094950e-02;9.755937e-02;6.284375e-02;8.951679e-02;1.023303e-01;9.821895e-02;4.358250e-02
5.669405e-02;4.732970e-02;1.544251e-01;5.978773e-02;6.198965e-02;6.315026e-02;1.644475e-01;6.049905e-02;1.016256e-01;1.163540e-01;7.398614e-02;3.971111e-02
7.225128e-02;4.698762e-02;1.310166e-01;8.264466e-02;6.445159e-02;5.715703e-02;1.573626e-01;4.431345e-02;1.092105e-01;1.159420e-01;7.976963e-02;3.889308e-02
7.581632e-02;4.328382e-02;1.192297e-01;1.146553e-01;6.990056e-02;3.788114e-02;1.368802e-01;4.977868e-02;1.430523e-01;1.085211e-01;7.183661e-02;2.916430e-02
6.214899e-02;3.692957e-02;8.824456e-02;1.631750e-01;6.391513e-02;3.370883e-02;1.561747e-01;4.279583e-02;1.623397e-01;1.164669e-01;5.544199e-02;1.865897e-02
3.496277e-02;3.569005e-02;1.671384e-01;1.482452e-01;4.594989e-02;2.560704e-02;2.182590e-01;4.381716e-02;1.087089e-01;9.198985e-02;5.430505e-02;2.532671e-02
3.678132e-02;3.116049e-02;1.894695e-01;1.199199e-01;5.673370e-02;3.300644e-02;2.708595e-01;4.195291e-02;7.205237e-02;6.308041e-02;5.178436e-02;3.319913e-02
3.477830e-02;4.224116e-02;1.652200e-01;8.292068e-02;8.179776e-02;5.275850e-02;3.046471e-01;4.138792e-02;6.984884e-02;5.603907e-02;4.316127e-02;2.519947e-02
5.284610e-02;2.697609e-02;2.329907e-01;7.917183e-02;1.097655e-01;5.081940e-02;2.026527e-01;4.370349e-02;9.736672e-02;5.221891e-02;3.161867e-02;1.986986e-02
3.883181e-02;8.550672e-03;2.226685e-01;1.415648e-01;7.929899e-02;2.231249e-02;2.793071e-01;4.282769e-02;6.801306e-02;5.559459e-02;2.387267e-02;1.715765e-02
3.604239e-02;1.732425e-02;1.605904e-01;1.644699e-01;5.907803e-02;3.369894e-02;3.032033e-01;4.363315e-02;5.085242e-02;7.692212e-02;3.213983e-02;2.204525e-02
3.684495e-02;2.953824e-02;1.623118e-01;1.606036e-01;4.674896e-02;3.305939e-02;2.639098e-01;3.336812e-02;6.266451e-02;9.422667e-02;5.358383e-02;2.314011e-02
6.497061e-02;6.007273e-02;1.305930e-01;9.801842e-02;6.194163e-02;6.995554e-02;1.426716e-01;6.104365e-02;9.880450e-02;9.285885e-02;6.830684e-02;5.076266e-02
9.254880e-02;7.320990e-02;1.144837e-01;7.926439e-02;6.159071e-02;8.717093e-02;9.705205e-02;7.545547e-02;9.397041e-02;7.930064e-02;8.662308e-02;5.932999e-02
1.031159e-01;7.052538e-02;1.144233e-01;8.604096e-02;5.555392e-02;8.125935e-02;1.063130e-01;8.153947e-02;1.058993e-01;6.828140e-02;8.200279e-02;4.504509e-02
1.128424e-01;4.981775e-02;1.326208e-01;9.321862e-02;5.273679e-02;7.482086e-02;1.420180e-01;9.441019e-02;1.185619e-01;5.246615e-02;5.411251e-02;2.237404e-02
1.373457e-01;5.449183e-02;1.236829e-01;7.169297e-02;7.876197e-02;1.172521e-01;1.885855e-01;4.704494e-02;6.242704e-02;5.473984e-02;2.930715e-02;3.466794e-02
1.600923e-01;9.437152e-02;7.914029e-02;6.443568e-02;7.535272e-02;1.225846e-01;1.877923e-01;7.113920e-02;4.544046e-02;5.711738e-02;1.742309e-02;2.511041e-02
1.831808e-01;1.130658e-01;7.230037e-02;5.416290e-02;5.497091e-02;1.484665e-01;1.628797e-01;7.613138e-02;3.717938e-02;6.931314e-02;9.732014e-03;1.861717e-02
2.006426e-01;1.055047e-01;5.121910e-02;6.386890e-02;4.468292e-02;2.022271e-01;1.517426e-01;6.901564e-02;2.194874e-02;7.247318e-02;2.972292e-03;1.370217e-02
1.913331e-01;6.057195e-02;3.368089e-02;6.322829e-02;5.495214e-02;2.597508e-01;1.457469e-01;6.978308e-02;3.225861e-02;6.305722e-02;6.599484e-03;1.903749e-02
1.769506e-01;2.497984e-02;5.951224e-02;3.819192e-02;8.678969e-02;2.623099e-01;1.171138e-01;6.287470e-02;7.360397e-02;4.800486e-02;1.711206e-02;3.255638e-02
1.619250e-01;3.207958e-02;1.039679e-01;1.784863e-02;1.340147e-01;1.970281e-01;7.362992e-02;3.492096e-02;1.257198e-01;4.289754e-02;2.732997e-02;4.863793e-02
1.202698e-01;2.418862e-02;1.303950e-01;2.140549e-02;1.714496e-01;1.104600e-01;7.341914e-02;2.191365e-02;1.814627e-01;4.090587e-02;3.162812e-02;7.250198e-02
1.040951e-01;2.118652e-02;1.228428e-01;3.343185e-02;1.761240e-01;7.649863e-02;1.024326e-01;3.699392e-02;1.877311e-01;2.808481e-02;3.742937e-02;7.314929e-02
1.274622e-01;3.586353e-02;9.560979e-02;2.598412e-02;1.517916e-01;1.106029e-01;1.024678e-01;6.155812e-02;1.491763e-01;4.698921e-02;4.220664e-02;5.028796e-02
1.673557e-01;4.191278e-02;8.339527e-02;1.349829e-02;1.234476e-01;1.368606e-01;9.525774e-02;7.024150e-02;1.230138e-01;6.731254e-02;2.696764e-02;5.073645e-02
1.609661e-01;3.774437e-02;1.232551e-01;2.370262e-02;1.020273e-01;1.156578e-01;8.414216e-02;7.436787e-02;1.219936e-01;6.184080e-02;3.130369e-02;6.299861e-02
1.416530e-01;4.161101e-02;1.413902e-01;3.484324e-02;8.861622e-02;9.849728e-02;6.859919e-02;6.285894e-02;1.174458e-01;6.881989e-02;5.583967e-02;7.982555e-02
1.701991e-01;5.231751e-02;8.817525e-02;5.242673e-02;1.104637e-01;1.064337e-01;5.285208e-02;3.098018e-02;9.583054e-02;8.892288e-02;4.672634e-02;1.046720e-01
1.924774e-01;6.940361e-02;6.113628e-02;7.299805e-02;1.371986e-01;9.247936e-02;4.665494e-02;2.096680e-02;8.152406e-02;7.899527e-02;3.218138e-02;1.139842e-01
1.452578e-01;5.913479e-02;8.402596e-02;7.886425e-02;1.408693e-01;9.167255e-02;9.671195e-02;3.484944e-02;7.069274e-02;6.962902e-02;4.480312e-02;8.348914e-02
1.080451e-01;4.609777e-02;1.099223e-01;9.669258e-02;1.309793e-01;9.798683e-02;1.098818e-01;3.044573e-02;7.060514e-02;8.798504e-02;2.432374e-02;8.703464e-02
1.142512e-01;6.047447e-02;1.186320e-01;1.125910e-01;1.072179e-01;8.048545e-02;8.946455e-02;4.391887e-02;6.151515e-02;1.189685e-01;1.778761e-02;7.469328e-02
1.093172e-01;6.735723e-02;1.140166e-01;1.054108e-01;8.549279e-02;7.287980e-02;6.663382e-02;4.939717e-02;9.552002e-02;1.442548e-01;3.170882e-02;5.801086e-02
7.912559e-02;5.052163e-02;9.555580e-02;1.126282e-01;7.536174e-02;8.931667e-02;5.366141e-02;7.918528e-02;1.547459e-01;1.014391e-01;5.833555e-02;5.012313e-02
1.073511e-01;4.341716e-02;8.650788e-02;1.158220e-01;4.765374e-02;7.907156e-02;8.174839e-02;9.463692e-02;1.512477e-01;4.112823e-02;5.708252e-02;9.433280e-02
8.112519e-02;4.527513e-02;6.108854e-02;9.240130e-02;6.046182e-02;5.917834e-02;1.185788e-01;1.509961e-01;1.240572e-01;5.060992e-02;6.670374e-02;8.952390e-02
8.852584e-02;4.864284e-02;7.145612e-02;6.467299e-02;7.677773e-02;6.214351e-02;1.207643e-01;1.565874e-01;1.164223e-01;6.939930e-02;7.323083e-02;5.137689e-02
9.875482e-02;4.056974e-02;1.559304e-01;5.925268e-02;7.088269e-02;6.550959e-02;1.007005e-01;1.018398e-01;1.160926e-01;8.326449e-02;7.588510e-02;3.131755e-02
8.750480e-02;6.281089e-02;2.298419e-01;4.253036e-02;5.646139e-02;5.127828e-02;4.251264e-02;4.723148e-02;6.229353e-02;1.152148e-01;1.343668e-01;6.795311e-02
6.736272e-02;8.095056e-02;1.603085e-01;3.804131e-02;5.967689e-02;4.945724e-02;6.715205e-02;7.132339e-02;5.322257e-02;1.447535e-01;1.471822e-01;6.056903e-02
3.570968e-02;9.470983e-02;7.533763e-02;4.543567e-02;6.434462e-02;3.680473e-02;5.604758e-02;1.142206e-01;4.791491e-02;2.112566e-01;1.763188e-01;4.189931e-02
5.266099e-02;8.882287e-02;5.144296e-02;5.064255e-02;4.274180e-02;2.937255e-02;3.924644e-02;1.335769e-01;4.673496e-02;2.354514e-01;1.940792e-01;3.522727e-02
7.004082e-02;8.093837e-02;9.158389e-02;3.975393e-02;5.720083e-02;6.064969e-02;5.896416e-02;9.079438e-02;4.959454e-02;1.587452e-01;1.733829e-01;6.835119e-02
5.541525e-02;6.166671e-02;1.086018e-01;3.279310e-02;6.121636e-02;1.123549e-01;5.233033e-02;5.307916e-02;4.353498e-02;1.322864e-01;1.889154e-01;9.780566e-02
4.502456e-02;3.609871e-02;8.494906e-02;2.341292e-02;4.227596e-02;1.512737e-01;9.696724e-02;1.386714e-02;3.942460e-02;1.038060e-01;2.334716e-01;1.294286e-01
3.965660e-02;1.278368e-02;7.746600e-02;1.419711e-02;3.585117e-02;1.224762e-01;1.686604e-01;1.224260e-02;3.774168e-02;5.913175e-02;1.952481e-01;2.245447e-01
9.570336e-02;9.159913e-03;4.205893e-02;3.058033e-02;2.581888e-02;5.738026e-02;2.295997e-01;1.537745e-02;2.746777e-02;3.235696e-02;1.145306e-01;3.199659e-01
1.649341e-01;1.051181e-02;2.152356e-02;5.564532e-02;1.224736e-02;1.976842e-02;2.674262e-01;3.206499e-02;1.211991e-02;2.963232e-02;5.875362e-02;3.153723e-01
2.293353e-01;2.507811e-02;3.620919e-02;6.217925e-02;6.742099e-03;1.102326e-02;2.565253e-01;7.940438e-02;8.065412e-03;3.300928e-02;4.325506e-02;2.091733e-01
3.258635e-01;4.534723e-02;5.188957e-02;4.261198e-02;1.915368e-02;1.381817e-02;2.018569e-01;1.279798e-01;1.020767e-02;2.700431e-02;2.520443e-02;1.090627e-01
4.137706e-01;5.654683e-02;4.957375e-02;2.619646e-02;4.472975e-02;8.523089e-03;1.255985e-01;1.467229e-01;8.779034e-03;1.537218e-02;2.059393e-02;8.359290e-02
4.295039e-01;7.018046e-02;8.664118e-02;2.052247e-02;6.304701e-02;6.711540e-03;6.619723e-02;1.125242e-01;1.985415e-02;8.910537e-03;2.386989e-02;9.203742e-02
3.971132e-01;7.589269e-02;1.309918e-01;1.667271e-02;5.804816e-02;1.449863e-02;5.530708e-02;6.154851e-02;2.736245e-02;1.715890e-02;4.192515e-02;1.034807e-01
4.111918e-01;3.687376e-02;1.107965e-01;2.258954e-02;3.765595e-02;2.272740e-02;5.899811e-02;4.714884e-02;3.939261e-02;3.470369e-02;5.554754e-02;1.223743e-01
3.922132e-01;7.559818e-02;9.821853e-02;2.078539e-02;4.875131e-02;1.869832e-02;4.980322e-02;6.947945e-02;3.322404e-02;3.298738e-02;5.821412e-02;1.020269e-01
2.633497e-01;8.206739e-02;1.409971e-01;2.566357e-02;6.246581e-02;1.782581e-02;4.851300e-02;8.694988e-02;4.518596e-02;2.551638e-02;5.792319e-02;1.435422e-01
1.619189e-01;6.869779e-02;1.672833e-01;2.890367e-02;7.451721e-02;1.557736e-02;6.320974e-02;9.015907e-02;4.028393e-02;2.472308e-02;6.320846e-02;2.015174e-01
2.603171e-01;4.417302e-02;1.246194e-01;2.843531e-02;7.078716e-02;1.965486e-02;9.878007e-02;9.440392e-02;2.809182e-02;1.522693e-02;5.680559e-02;1.587048e-01
2.983231e-01;4.332312e-02;7.721585e-02;2.428056e-02;8.379647e-02;1.133358e-02;1.187315e-01;1.179503e-01;2.894731e-02;1.895301e-02;5.722969e-02;1.199155e-01
2.938732e-01;3.470966e-02;5.154726e-02;3.110402e-02;7.728287e-02;2.015039e-02;1.085257e-01;9.752060e-02;4.992323e-02;2.620846e-02;5.718236e-02;1.519723e-01
2.929875e-01;5.385126e-02;1.115617e-01;3.813819e-02;5.387601e-02;3.326505e-02;8.339926e-02;7.027899e-02;6.579936e-02;2.966534e-02;5.583523e-02;1.113421e-01
7.443722e-02;2.168890e-02;6.364032e-02;5.306579e-02;6.583013e-02;8.345725e-02;1.086768e-01;1.267637e-01;1.750250e-01;1.721562e-01;3.328006e-02;2.197862e-02
5.593349e-02;2.790487e-02;5.011450e-02;5.639493e-02;7.096961e-02;8.423466e-02;1.064802e-01;1.206026e-01;1.878675e-01;1.852549e-01;3.540131e-02;1.884145e-02
5.895207e-02;3.065475e-02;5.035703e-02;6.300937e-02;6.816941e-02;8.209440e-02;9.917461e-02;1.048226e-01;1.945779e-01;1.861719e-01;4.278579e-02;1.923017e-02
8.459079e-02;3.958695e-02;1.111622e-01;8.005939e-02;5.690559e-02;7.197603e-02;9.151606e-02;6.233325e-02;1.633216e-01;1.648172e-01;4.741806e-02;2.631292e-02
1.405108e-01;1.234741e-01;2.984189e-01;6.496395e-02;4.360366e-02;3.096126e-02;5.876552e-02;2.972680e-02;7.826141e-02;6.939592e-02;3.014155e-02;3.177614e-02
1.872060e-01;1.850123e-01;2.738022e-01;4.418482e-02;3.472682e-02;1.816027e-02;5.239787e-02;3.164716e-02;6.369302e-02;4.571301e-02;2.955338e-02;3.390316e-02
3.149652e-01;2.347966e-01;1.890305e-01;2.605939e-02;2.340198e-02;8.783030e-03;3.088935e-02;4.820795e-02;4.789416e-02;3.027683e-02;1.808279e-02;2.761228e-02
5.010979e-01;2.410896e-01;7.000861e-02;9.180806e-03;1.514355e-02;3.627136e-03;1.427772e-02;7.525184e-02;2.051961e-02;1.243533e-02;1.065786e-02;2.671012e-02
5.907881e-01;1.882599e-01;3.387046e-02;3.361867e-03;1.389491e-02;2.941518e-03;1.066150e-02;8.649112e-02;2.359987e-02;3.809155e-03;9.620684e-03;3.270103e-02
6.581906e-01;1.540839e-01;1.897749e-02;2.257732e-03;1.175172e-02;2.022384e-03;1.051876e-02;8.448513e-02;1.537041e-02;3.212272e-03;8.358254e-03;3.077135e-02
6.882976e-01;1.373501e-01;2.252554e-02;2.733382e-03;1.198277e-02;1.924644e-03;9.219562e-03;7.472391e-02;3.172842e-03;3.099523e-03;8.684594e-03;3.628547e-02
6.894755e-01;1.467076e-01;2.584140e-02;2.033125e-03;1.175355e-02;1.780968e-03;4.543412e-03;6.322192e-02;1.071735e-02;4.199372e-03;8.970571e-03;3.075526e-02
6.285980e-01;1.941410e-01;2.800751e-02;2.745583e-03;1.044315e-02;1.839544e-03;3.931199e-03;5.070049e-02;3.321639e-02;8.682538e-03;1.104378e-02;2.665082e-02
4.512200e-01;2.962842e-01;6.744394e-02;4.053605e-03;4.783452e-03;4.023350e-03;5.418228e-03;3.565320e-02;8.705845e-02;1.843263e-02;7.131178e-03;1.849777e-02
2.122170e-01;3.697428e-01;1.752812e-01;7.055984e-03;5.113233e-03;1.001207e-02;3.182379e-03;3.173558e-02;1.411449e-01;2.780754e-02;3.751305e-03;1.295597e-02
4.455734e-02;3.107095e-01;3.807935e-01;2.346174e-02;7.794412e-03;1.218160e-02;6.878063e-03;2.870824e-02;1.224019e-01;4.873967e-02;3.438620e-03;1.033540e-02
2.974098e-02;1.701891e-01;5.395805e-01;4.919339e-02;8.129396e-03;5.395375e-03;1.220005e-02;1.999815e-02;5.795736e-02;9.545424e-02;6.130873e-03;6.030512e-03
3.464567e-02;8.613157e-02;5.471238e-01;5.145062e-02;1.643874e-02;2.867914e-03;1.578087e-02;8.101457e-03;6.842759e-02;1.472622e-01;1.582710e-02;5.942402e-03
3.759024e-02;4.152741e-02;5.449288e-01;3.974920e-02;2.807259e-02;6.747154e-03;1.945510e-02;1.083859e-02;4.468154e-02;1.698288e-01;5.088999e-02;5.690671e-03
3.665415e-02;2.977388e-02;4.903274e-01;7.746347e-02;3.392377e-02;1.668021e-02;4.927148e-02;2.174912e-02;2.822949e-02;1.167760e-01;8.368618e-02;1.546478e-02
3.957616e-02;4.393620e-02;4.730213e-01;7.710813e-02;3.504780e-02;2.340360e-02;7.935579e-02;2.174808e-02;4.229227e-02;7.886408e-02;6.341259e-02;2.223399e-02
6.997246e-02;7.677544e-02;5.038553e-01;5.971950e-02;5.424680e-02;2.241323e-02;6.434067e-02;1.005398e-02;4.665237e-02;5.611162e-02;2.197737e-02;1.388128e-02
9.323082e-02;7.652344e-02;5.518109e-01;6.908303e-02;4.817058e-02;9.512012e-03;3.252673e-02;5.693004e-03;3.623741e-02;3.451984e-02;3.299661e-02;9.695552e-03
8.383058e-02;5.978352e-02;5.794578e-01;7.315727e-02;5.279270e-02;1.292769e-02;3.245015e-02;6.197567e-03;1.846743e-02;2.203589e-02;4.934799e-02;9.551426e-03
5.420093e-02;3.437416e-02;5.161502e-01;9.448277e-02;7.665798e-02;3.474106e-02;3.798333e-02;2.132099e-02;2.139826e-02;3.784615e-02;5.937523e-02;1.146894e-02
2.873142e-02;4.556330e-02;3.269862e-01;1.105724e-01;1.419830e-01;7.263834e-02;7.036588e-02;4.011233e-02;3.530665e-02;3.562010e-02;6.837828e-02;2.374214e-02
2.132354e-02;5.397313e-02;2.510106e-01;1.124118e-01;1.926645e-01;8.394433e-02;7.160859e-02;3.345536e-02;4.278038e-02;3.488093e-02;6.916902e-02;3.277782e-02
2.585773e-02;5.233941e-02;2.959249e-01;1.391064e-01;2.108811e-01;7.010715e-02;4.296198e-02;2.621592e-02;2.564080e-02;2.868021e-02;5.023359e-02;3.205083e-02
2.786785e-02;3.564773e-02;3.352842e-01;1.915592e-01;1.793009e-01;4.658701e-02;1.950695e-02;2.538284e-02;1.578592e-02;2.614136e-02;7.229900e-02;2.463696e-02
1.535479e-02;3.033299e-02;3.424821e-01;2.205712e-01;1.663577e-01;4.163610e-02;1.721254e-02;2.500964e-02;1.374826e-02;2.414804e-02;8.491221e-02;1.823447e-02
1.015714e-02;1.838866e-02;3.438433e-01;2.088576e-01;1.784218e-01;4.514779e-02;1.450530e-02;2.319941e-02;1.898985e-02;2.814437e-02;8.674803e-02;2.359689e-02
1.658737e-02;2.187106e-02;3.474610e-01;1.590914e-01;1.707207e-01;5.143368e-02;7.092796e-02;1.658560e-02;2.224961e-02;2.111213e-02;7.210843e-02;2.985096e-02
1.236953e-02;2.370213e-02;3.704162e-01;1.288358e-01;1.642670e-01;5.731115e-02;1.066121e-01;1.500142e-02;1.522963e-02;2.336198e-02;5.425283e-02;2.864019e-02
1.965385e-02;3.806066e-02;3.342922e-01;1.451054e-01;1.548863e-01;5.025519e-02;8.809010e-02;1.240831e-02;2.817484e-02;3.822504e-02;6.341886e-02;2.742935e-02
3.147002e-02;4.047537e-02;2.558052e-01;1.810260e-01;1.709653e-01;4.328363e-02;6.950450e-02;2.061857e-02;4.406439e-02;4.029381e-02;6.248722e-02;4.000600e-02
3.385399e-02;2.879267e-02;3.371543e-01;1.797098e-01;1.601326e-01;4.657545e-02;5.785865e-02;2.345668e-02;3.677712e-02;4.488444e-02;2.399941e-02;2.680494e-02
2.492469e-02;3.218169e-02;3.090746e-01;1.849523e-01;1.304978e-01;4.676909e-02;6.909878e-02;2.276928e-02;2.208480e-02;4.881391e-02;8.152964e-02;2.730343e-02
3.562542e-02;2.701733e-02;2.758416e-01;1.879032e-01;1.387045e-01;2.378392e-02;9.357426e-02;2.744939e-02;2.018345e-02;4.017287e-02;1.181742e-01;1.156991e-02
6.144672e-02;5.999791e-02;1.318824e-01;1.565698e-01;1.559975e-01;4.550856e-02;1.224712e-01;2.386594e-02;4.449934e-02;6.587049e-02;8.693833e-02;4.495189e-02
1.012270e-01;1.032733e-01;9.832215e-02;1.382605e-01;1.164174e-01;4.752823e-02;6.755152e-02;3.050505e-02;5.790584e-02;1.082098e-01;7.151638e-02;5.928287e-02
1.026482e-01;1.195265e-01;1.154899e-01;1.025210e-01;8.305800e-02;4.029683e-02;4.428627e-02;2.811200e-02;8.095024e-02;9.446402e-02;1.101246e-01;7.852247e-02
8.933820e-02;1.484669e-01;1.217415e-01;6.298716e-02;8.017946e-02;4.447108e-02;7.586095e-02;3.435533e-02;9.765547e-02;6.755185e-02;8.841314e-02;8.897898e-02
1.016522e-01;1.705859e-01;1.018462e-01;6.080744e-02;7.326683e-02;7.115672e-02;1.197141e-01;4.396094e-02;8.130497e-02;6.544053e-02;3.885100e-02;7.141314e-02
1.271169e-01;1.238432e-01;7.057756e-02;1.029597e-01;6.459787e-02;8.787423e-02;1.116641e-01;2.735399e-02;9.993275e-02;5.836176e-02;5.952547e-02;6.619255e-02
8.852860e-02;7.172224e-02;6.239771e-02;1.291859e-01;7.639471e-02;9.904548e-02;8.784141e-02;3.667670e-02;1.427689e-01;6.058431e-02;6.334791e-02;8.150619e-02
5.026542e-02;4.618583e-02;8.069220e-02;1.215610e-01;7.951045e-02;1.001090e-01;7.513935e-02;7.853407e-02;1.141687e-01;7.462162e-02;9.505291e-02;8.415942e-02
7.401998e-02;5.766119e-02;1.050132e-01;5.838565e-02;6.574099e-02;6.780054e-02;1.136793e-01;9.745812e-02;7.630692e-02;1.156096e-01;1.304162e-01;3.790818e-02
5.878312e-02;6.327095e-02;1.620746e-01;6.605887e-02;7.384917e-02;6.474404e-02;7.040542e-02;9.061259e-02;9.218954e-02;1.329732e-01;8.495711e-02;4.008138e-02
6.738129e-02;7.706130e-02;1.200695e-01;6.130317e-02;5.191921e-02;5.081448e-02;6.624643e-02;1.313062e-01;1.689538e-01;1.238943e-01;5.349614e-02;2.755412e-02
7.840674e-02;7.410546e-02;1.015249e-01;5.197878e-02;4.066900e-02;4.797255e-02;8.426449e-02;1.215382e-01;2.134420e-01;1.051773e-01;6.192463e-02;1.899601e-02
8.654894e-02;6.188848e-02;1.880259e-01;3.994044e-02;4.783227e-02;5.572709e-02;7.271878e-02;8.998854e-02;1.884208e-01;8.407670e-02;6.169752e-02;2.313450e-02
5.578889e-02;5.788527e-02;2.075080e-01;5.909539e-02;7.078622e-02;6.215585e-02;1.567287e-01;8.979423e-02;9.992252e-02;7.091448e-02;4.371811e-02;2.570234e-02
5.512831e-02;4.135321e-02;1.655105e-01;5.102420e-02;7.837013e-02;8.777671e-02;1.735380e-01;8.357251e-02;1.241897e-01;5.853070e-02;4.826551e-02;3.274051e-02
4.522711e-02;4.495251e-02;1.448317e-01;5.506098e-02;7.023335e-02;1.071728e-01;1.742417e-01;8.128502e-02;1.384452e-01;5.047103e-02;6.113061e-02;2.694793e-02
7.279918e-02;4.897835e-02;1.211811e-01;5.582232e-02;3.951645e-02;1.013157e-01;1.860997e-01;9.931795e-02;1.103034e-01;6.911853e-02;6.849898e-02;2.704835e-02
1.333635e-01;4.836328e-02;9.482254e-02;4.976599e-02;4.443557e-02;6.379527e-02;1.664931e-01;1.546816e-01;7.480693e-02;7.829799e-02;5.553246e-02;3.564165e-02
2.440802e-01;4.944200e-02;6.693438e-02;3.639117e-02;5.702811e-02;2.811944e-02;1.272345e-01;2.158749e-01;4.035753e-02;5.600896e-02;3.197871e-02;4.655009e-02
3.090923e-01;5.714668e-02;5.883145e-02;2.093178e-02;5.369058e-02;1.205151e-02;1.249026e-01;2.124500e-01;4.840566e-02;1.981270e-02;3.355990e-02;4.912474e-02
3.149550e-01;2.627241e-02;1.229069e-01;2.639905e-02;5.266296e-02;1.729329e-02;1.130285e-01;1.493005e-01;5.091799e-02;1.390145e-02;4.082260e-02;7.153946e-02
3.593294e-01;7.332499e-02;1.541170e-01;2.366973e-02;4.528030e-02;1.566359e-02;6.251506e-02;1.104787e-01;3.456740e-02;1.501684e-02;3.957740e-02;6.645957e-02
3.976700e-01;6.922679e-02;1.559281e-01;2.195086e-02;4.055435e-02;1.408384e-02;3.689069e-02;1.041962e-01;2.837350e-02;1.761859e-02;4.523306e-02;6.827408e-02
3.841050e-01;4.657094e-02;9.784196e-02;2.499829e-02;3.792254e-02;2.116989e-02;5.720223e-02;9.147956e-02;4.115572e-02;3.912139e-02;6.455900e-02;9.387344e-02
3.481682e-01;6.928559e-02;3.913436e-02;3.184061e-02;3.026890e-02;1.727413e-02;5.571472e-02;8.068638e-02;4.813643e-02;6.831264e-02;9.557206e-02;1.156060e-01
2.269571e-01;5.230603e-02;1.354358e-01;4.402693e-02;3.879995e-02;3.104645e-02;4.620787e-02;8.874080e-02;6.804381e-02;8.809966e-02;1.007159e-01;7.961965e-02
1.554292e-01;3.936666e-02;1.977729e-01;5.295863e-02;5.504074e-02;6.239915e-02;6.455549e-02;1.141542e-01;4.999157e-02;8.461387e-02;7.355425e-02;5.016337e-02
5.760216e-02;7.362886e-02;1.893704e-01;7.465172e-02;6.064049e-02;9.180553e-02;1.171931e-01;1.215657e-01;6.057380e-02;4.942401e-02;5.241904e-02;5.112519e-02
1.457188e-01;8.442605e-02;1.147838e-01;6.694017e-02;3.902169e-02;7.525073e-02;1.266789e-01;1.141931e-01;8.222347e-02;4.125674e-02;4.202875e-02;6.747782e-02
1.904431e-01;5.796287e-02;1.428206e-01;5.627946e-02;4.065321e-02;6.125506e-02;8.386444e-02;1.036735e-01;6.293926e-02;6.498531e-02;6.195363e-02;7.316961e-02
7.695054e-02;6.117064e-02;1.080986e-01;7.955581e-02;9.227718e-02;9.084553e-02;9.312493e-02;8.564459e-02;1.083505e-01;1.022625e-01;5.278854e-02;4.893068e-02
7.570340e-02;6.876422e-02;1.112730e-01;8.125824e-02;9.339408e-02;8.465035e-02;8.782037e-02;8.563761e-02;1.074596e-01;1.005527e-01;5.292383e-02;5.056255e-02
1.083839e-01;7.576160e-02;1.346227e-01;7.323948e-02;8.369352e-02;7.521382e-02;8.313987e-02;7.363291e-02;9.194510e-02;8.948573e-02;5.283803e-02;5.804332e-02
1.754867e-01;7.628738e-02;1.545088e-01;7.464466e-02;5.639479e-02;5.782896e-02;8.886842e-02;5.051307e-02;5.817307e-02;6.797687e-02;5.668619e-02;8.263116e-02
2.307782e-01;4.410354e-02;1.467964e-01;7.896461e-02;2.808845e-02;7.019593e-02;7.616249e-02;2.048786e-02;3.511356e-02;3.825552e-02;9.962045e-02;1.314330e-01
1.662636e-01;1.761800e-02;1.618463e-01;4.854322e-02;1.906373e-02;1.371671e-01;4.472627e-02;7.110165e-03;3.398512e-02;7.016220e-02;1.822509e-01;1.112633e-01
8.336647e-02;3.397520e-02;1.651484e-01;2.620313e-02;2.846965e-02;2.077431e-01;3.822573e-02;1.245259e-02;1.791787e-02;1.017683e-01;2.350758e-01;4.965381e-02
4.671666e-02;6.039545e-02;7.324738e-02;2.558111e-02;5.827541e-02;2.965258e-01;2.739741e-02;2.864284e-02;1.517503e-02;1.223713e-01;2.105283e-01;3.514333e-02
1.829742e-02;4.904945e-02;4.282561e-02;2.035652e-02;8.368246e-02;3.740630e-01;4.281579e-02;2.724463e-02;1.683806e-02;1.269187e-01;1.673218e-01;3.058659e-02
4.404987e-02;3.469260e-02;4.560104e-02;2.272129e-02;7.190239e-02;3.316648e-01;6.746969e-02;2.741861e-02;4.694368e-02;1.208987e-01;1.609461e-01;2.569124e-02
6.367984e-02;3.164168e-02;4.934919e-02;1.638659e-02;3.747706e-02;2.180589e-01;8.837622e-02;3.049774e-02;1.169500e-01;1.295688e-01;1.834239e-01;3.459001e-02
6.021197e-02;3.331361e-02;9.481172e-02;2.695889e-02;3.336860e-02;1.508467e-01;7.624194e-02;2.578129e-02;1.395757e-01;1.376218e-01;1.851022e-01;3.616554e-02
8.537653e-02;4.371639e-02;1.194137e-01;3.004328e-02;4.716419e-02;1.336903e-01;4.648055e-02;2.980520e-02;1.067000e-01;1.262129e-01;1.849315e-01;4.646552e-02
7.535192e-02;1.990995e-02;8.108227e-02;2.378682e-02;7.119568e-02;1.530117e-01;8.508179e-02;3.440790e-02;8.925183e-02;9.014785e-02;1.939012e-01;8.287109e-02
4.375465e-02;3.658744e-02;6.429894e-02;2.435279e-02;8.215852e-02;1.642566e-01;1.222450e-01;3.428204e-02;7.030833e-02;7.384336e-02;1.734281e-01;1.104842e-01
1.101024e-01;7.208493e-02;7.205153e-02;2.725124e-02;5.969053e-02;1.086564e-01;1.392399e-01;2.149976e-02;4.016098e-02;6.739338e-02;1.237719e-01;1.580970e-01
1.782703e-01;7.922038e-02;4.064642e-02;2.745067e-02;3.983584e-02;6.206135e-02;1.246043e-01;3.701572e-02;3.816370e-02;8.987851e-02;1.031421e-01;1.797108e-01
2.623168e-01;6.031276e-02;7.103258e-02;3.526158e-02;3.829602e-02;4.459646e-02;1.097573e-01;4.393641e-02;3.451775e-02;1.017822e-01;6.150919e-02;1.366810e-01
3.559369e-01;4.505499e-02;6.307268e-02;3.376864e-02;2.450256e-02;4.211943e-02;1.032830e-01;5.425120e-02;3.526989e-02;9.270211e-02;3.715255e-02;1.128860e-01
4.150859e-01;6.245302e-02;6.827229e-02;2.304715e-02;1.324685e-02;3.505436e-02;8.348060e-02;6.681668e-02;3.615586e-02;6.273726e-02;3.004425e-02;1.036058e-01
4.200464e-01;6.131740e-02;6.010124e-02;1.403786e-02;9.409726e-03;2.177823e-02;9.168835e-02;6.180860e-02;3.995954e-02;5.799655e-02;3.362077e-02;1.282354e-01
3.893676e-01;4.367968e-02;4.804765e-02;1.587932e-02;7.574911e-03;2.480722e-02;1.118863e-01;5.243730e-02;3.289698e-02;6.271412e-02;6.062151e-02;1.500874e-01
3.122143e-01;5.283732e-02;5.611778e-02;1.988229e-02;1.100461e-02;5.332752e-02;8.646087e-02;4.288122e-02;3.222327e-02;8.354252e-02;1.251035e-01;1.244047e-01
2.223406e-01;7.782256e-02;8.302522e-02;1.667464e-02;2.391496e-02;6.177574e-02;7.166074e-02;4.834814e-02;4.703380e-02;1.124946e-01;1.575643e-01;7.734477e-02
1.509502e-01;9.238080e-02;6.872391e-02;2.018001e-02;5.753828e-02;5.408082e-02;3.903740e-02;7.599699e-02;6.160610e-02;1.440952e-01;1.357567e-01;9.965360e-02
1.079560e-01;1.166228e-01;6.496135e-02;2.880603e-02;1.065085e-01;3.548331e-02;3.711724e-02;6.945933e-02;8.294435e-02;1.685067e-01;9.695625e-02;8.467817e-02
1.072076e-01;1.257821e-01;6.008452e-02;2.130904e-02;9.123070e-02;1.028766e-01;5.774305e-02;5.398567e-02;6.252524e-02;1.405499e-01;1.334275e-01;4.327800e-02
1.025018e-01;7.488433e-02;1.063773e-01;2.358355e-02;4.232625e-02;1.810887e-01;1.097553e-01;4.335332e-02;4.401802e-02;7.927947e-02;1.298857e-01;6.294616e-02
9.665263e-02;3.554831e-02;9.499776e-02;3.623863e-02;3.092515e-02;1.661425e-01;2.306214e-01;5.218467e-02;3.699359e-02;4.829188e-02;8.380505e-02;8.759846e-02
8.324903e-02;2.007754e-02;5.350377e-02;4.197617e-02;1.331965e-02;9.956899e-02;3.801427e-01;6.706294e-02;3.307828e-02;5.010362e-02;3.978529e-02;1.181321e-01
6.039109e-02;1.813519e-02;1.469164e-02;3.581271e-02;1.166620e-02;6.117545e-02;4.470565e-01;7.340129e-02;1.979468e-02;7.798655e-02;4.878215e-02;1.311065e-01
3.087560e-02;1.417463e-02;8.507880e-03;2.576862e-02;2.171741e-02;8.569386e-02;4.130386e-01;8.458551e-02;3.756690e-02;8.684542e-02;6.535232e-02;1.258732e-01
7.753961e-03;1.120375e-02;2.593745e-02;2.002765e-02;2.673825e-02;1.270253e-01;3.612532e-01;8.693667e-02;4.587466e-02;4.857326e-02;6.944528e-02;1.692306e-01
1.761257e-02;1.225770e-02;3.492947e-02;1.412347e-02;3.596371e-02;1.609997e-01;2.879940e-01;8.587642e-02;5.166603e-02;2.162562e-02;8.042698e-02;1.965244e-01
3.069280e-02;3.645683e-02;4.604791e-02;1.291412e-02;5.019714e-02;1.912305e-01;2.222207e-01;8.407304e-02;6.590008e-02;2.407717e-02;8.233053e-02;1.538592e-01
4.068502e-02;4.205448e-02;5.692917e-02;1.542583e-02;6.390017e-02;1.969202e-01;1.998320e-01;9.698113e-02;6.488027e-02;2.883454e-02;8.257321e-02;1.109839e-01
3.782646e-02;2.961813e-02;6.769580e-02;2.166047e-02;7.932820e-02;1.647068e-01;1.976716e-01;1.159974e-01;7.180662e-02;2.942688e-02;8.591469e-02;9.834704e-02
3.562967e-02;2.581082e-02;6.724842e-02;2.749529e-02;9.017254e-02;1.285484e-01;1.898685e-01;1.260219e-01;7.631198e-02;3.159993e-02;1.076780e-01;9.361461e-02
5.138324e-02;1.880266e-02;6.178642e-02;2.257667e-02;1.043175e-01;8.304965e-02;2.260627e-01;1.214980e-01;8.553024e-02;3.421497e-02;1.095250e-01;8.125299e-02
3.583834e-02;1.681676e-02;6.004564e-02;1.385898e-02;1.085400e-01;8.829211e-02;2.723643e-01;1.150008e-01;8.188823e-02;3.045369e-02;1.026207e-01;7.428044e-02
2.141108e-02;1.034671e-02;5.570791e-02;1.090065e-02;1.014821e-01;1.349611e-01;2.927798e-01;8.687989e-02;6.581334e-02;2.669109e-02;1.131342e-01;7.989209e-02
3.088848e-02;1.297929e-02;7.326326e-02;1.250234e-02;8.155805e-02;1.563463e-01;2.595520e-01;7.014883e-02;6.892891e-02;3.181170e-02;1.202699e-01;8.175091e-02
3.129848e-02;1.898579e-02;1.037133e-01;1.513515e-02;6.695239e-02;1.872729e-01;2.023664e-01;4.358581e-02;7.700932e-02;3.205356e-02;1.413733e-01;8.025363e-02
4.993325e-02;2.127106e-02;1.295334e-01;8.471427e-03;4.962085e-02;2.099782e-01;1.293687e-01;2.304746e-02;8.604960e-02;5.121565e-02;1.764172e-01;6.509323e-02
7.423683e-02;1.513283e-02;1.245506e-01;1.208800e-02;4.942236e-02;2.054793e-01;9.289474e-02;2.010875e-02;7.753074e-02;7.924318e-02;1.864115e-01;6.290121e-02
9.296293e-02;2.425769e-02;1.029790e-01;2.673074e-02;5.902294e-02;1.886975e-01;7.651510e-02;3.081202e-02;6.451971e-02;9.758414e-02;1.721416e-01;6.377671e-02
9.627528e-02;1.807793e-02;1.032676e-01;3.438971e-02;5.556861e-02;1.752537e-01;5.066443e-02;3.461760e-02;5.218703e-02;1.140620e-01;2.055626e-01;6.007349e-02
4.146213e-02;2.835291e-02;6.238170e-02;3.072477e-02;5.711693e-02;1.049020e-01;8.995187e-02;8.716224e-02;4.944031e-02;1.554665e-01;2.485975e-01;4.444113e-02
1.903357e-02;5.044539e-02;4.917501e-02;2.599402e-02;1.043417e-01;7.532132e-02;6.551725e-02;9.540444e-02;3.503537e-02;2.284350e-01;1.980115e-01;5.328550e-02
2.697465e-02;5.158783e-02;2.719837e-02;3.645189e-02;1.384461e-01;4.933924e-02;5.053012e-02;6.936493e-02;6.092088e-02;2.818944e-01;1.463339e-01;6.095773e-02
3.882487e-02;2.967909e-02;4.890490e-02;7.974516e-02;9.557998e-02;7.181402e-02;8.911724e-02;4.287899e-02;1.108744e-01;2.295539e-01;1.266597e-01;3.636762e-02
4.666527e-02;1.600453e-02;9.067106e-02;1.267891e-01;5.159754e-02;6.490646e-02;1.133039e-01;5.080278e-02;1.529058e-01;1.424652e-01;1.154633e-01;2.842497e-02
3.387846e-02;2.904436e-02;1.265358e-01;1.228863e-01;5.950618e-02;4.865009e-02;1.401541e-01;6.945737e-02;1.424421e-01;1.044639e-01;8.747599e-02;3.550536e-02
3.344782e-02;3.804832e-02;2.040498e-01;8.955692e-02;5.074172e-02;4.835230e-02;1.739216e-01;9.752236e-02;9.691887e-02;8.074865e-02;4.639001e-02;4.030153e-02
3.216292e-02;3.786593e-02;2.208538e-01;5.847650e-02;3.221289e-02;4.891507e-02;2.295439e-01;9.719031e-02;9.220653e-02;7.637772e-02;2.980814e-02;4.438631e-02
1.637365e-02;2.724732e-02;2.146238e-01;3.496931e-02;1.912730e-02;7.188480e-02;2.654979e-01;1.029364e-01;8.938990e-02;8.044137e-02;2.922641e-02;4.828183e-02
9.470090e-03;1.893753e-02;2.091454e-01;3.215559e-02;2.270415e-02;9.371322e-02;2.729732e-01;1.101567e-01;8.061761e-02;7.547878e-02;2.800331e-02;4.664438e-02
1.565437e-02;1.658260e-02;1.987232e-01;5.189097e-02;3.418233e-02;8.483603e-02;2.347509e-01;1.011165e-01;9.189278e-02;9.428647e-02;3.816620e-02;3.791765e-02
2.231842e-02;1.374171e-02;1.477788e-01;9.779886e-02;4.285824e-02;5.154008e-02;1.927742e-01;9.558749e-02;1.519636e-01;1.183560e-01;4.260714e-02;2.267534e-02
3.719377e-02;8.747449e-03;8.307376e-02;1.349936e-01;4.013726e-02;1.922732e-02;1.470826e-01;9.558556e-02;2.209193e-01;1.442988e-01;6.025395e-02;8.486637e-03
5.275002e-02;9.135606e-03;5.401520e-02;1.388884e-01;4.463299e-02;2.268144e-02;1.293543e-01;1.082045e-01;2.181865e-01;1.429517e-01;7.025916e-02;8.940161e-03
6.073432e-02;1.350340e-02;8.116680e-02;1.457233e-01;6.644604e-02;3.578978e-02;1.223921e-01;9.513626e-02;1.708612e-01;1.382157e-01;5.729020e-02;1.274087e-02
6.118215e-02;1.987524e-02;1.313012e-01;1.384963e-01;7.934093e-02;5.032716e-02;1.140959e-01;4.712008e-02;1.326610e-01;1.558436e-01;5.717963e-02;1.257684e-02
5.876078e-02;1.045146e-02;1.034074e-01;1.064174e-01;8.985897e-02;8.498232e-02;9.033222e-02;3.501618e-02;1.210907e-01;2.036206e-01;7.945789e-02;1.660417e-02
4.457930e-02;1.470766e-02;7.575166e-02;8.231864e-02;1.098653e-01;1.141022e-01;6.192403e-02;2.946949e-02;9.436804e-02;2.582299e-01;9.175476e-02;2.292892e-02
1.489692e-02;1.965675e-02;6.004496e-02;7.795367e-02;1.331409e-01;1.075284e-01;5.901323e-02;2.747226e-02;7.267392e-02;2.778245e-01;9.985790e-02;4.993657e-02
3.258914e-02;3.015751e-02;4.542693e-02;6.709988e-02;1.513675e-01;8.062072e-02;5.613314e-02;1.988482e-02;5.865076e-02;2.708701e-01;1.159404e-01;7.125911e-02
5.488555e-02;4.923542e-02;6.018297e-02;3.947551e-02;1.391366e-01;7.522664e-02;6.022151e-02;3.479457e-02;5.946838e-02;2.172491e-01;1.092817e-01;1.008420e-01
6.468076e-02;7.675931e-02;6.669456e-02;3.820184e-02;1.475170e-01;6.389391e-02;4.849387e-02;4.055487e-02;5.197002e-02;1.947226e-01;9.511777e-02;1.113935e-01
4.738440e-02;1.036373e-01;3.686101e-02;3.733623e-02;1.834826e-01;6.449356e-02;3.540986e-02;4.045311e-02;3.665690e-02;2.060305e-01;9.365669e-02;1.145978e-01
3.284962e-02;1.110415e-01;2.212212e-02;4.575811e-02;1.867104e-01;6.681941e-02;7.608681e-03;5.068165e-02;3.167545e-02;2.114041e-01;9.371053e-02;1.396184e-01
3.714415e-02;9.843013e-02;2.109240e-02;5.547364e-02;1.732112e-01;4.553923e-02;1.699371e-02;4.405088e-02;3.081312e-02;2.120647e-01;8.664944e-02;1.785374e-01
2.811909e-02;8.290662e-02;2.413367e-02;5.338109e-02;1.499890e-01;3.601218e-02;1.885533e-02;3.194014e-02;3.316743e-02;2.192326e-01;8.889849e-02;2.333644e-01
3.511035e-02;5.942797e-02;2.265556e-02;5.766728e-02;1.163289e-01;3.156956e-02;3.857389e-02;2.481670e-02;5.004822e-02;2.180438e-01;8.825621e-02;2.575015e-01
5.695190e-02;4.150208e-02;4.534351e-02;8.733562e-02;7.935305e-02;3.031539e-02;5.054014e-02;3.415882e-02;7.930080e-02;2.055055e-01;9.421778e-02;1.954755e-01
1.153842e-01;4.536024e-02;6.285311e-02;1.052495e-01;3.962269e-02;3.714186e-02;8.693489e-02;4.902956e-02;8.916628e-02;1.903976e-01;1.141787e-01;6.468128e-02
1.391872e-01;5.288767e-02;1.022756e-01;1.160692e-01;6.602050e-02;4.671833e-02;8.700116e-02;5.415569e-02;7.589174e-02;1.292703e-01;8.539063e-02;4.513202e-02
8.141099e-02;8.215608e-02;1.212127e-01;1.210455e-01;8.609413e-02;5.470740e-02;8.214791e-02;6.351379e-02;8.167443e-02;1.160389e-01;8.332878e-02;2.666946e-02
8.348831e-02;8.419222e-02;1.155221e-01;1.260693e-01;5.608261e-02;4.166297e-02;7.043160e-02;5.559202e-02;1.002809e-01;1.619232e-01;7.330481e-02;3.145004e-02
7.238412e-02;7.112846e-02;1.600011e-01;1.380790e-01;7.379084e-02;2.832937e-02;5.389310e-02;3.598134e-02;8.038706e-02;1.955087e-01;6.476720e-02;2.574988e-02
4.694191e-02;5.075551e-02;1.209281e-01;1.206154e-01;9.863883e-02;6.260214e-02;4.431685e-02;3.391948e-02;5.717152e-02;2.241575e-01;1.065616e-01;3.339122e-02
3.230235e-02;3.735385e-02;8.220488e-02;7.046321e-02;7.739252e-02;1.194376e-01;5.598907e-02;5.604366e-02;5.937284e-02;2.010892e-01;1.562292e-01;5.212155e-02
6.727014e-02;2.184311e-02;6.066744e-02;3.517352e-02;3.208769e-02;1.235323e-01;7.187059e-02;1.015505e-01;7.950123e-02;1.369772e-01;1.786661e-01;9.086005e-02
1.184130e-01;1.990983e-02;4.301588e-02;2.834840e-02;2.356208e-02;6.956956e-02;9.639610e-02;1.363591e-01;7.032546e-02;8.507932e-02;1.701802e-01;1.388411e-01
1.434659e-01;3.602251e-02;4.683340e-02;3.458596e-02;1.488162e-02;3.115937e-02;1.546873e-01;9.152034e-02;4.032154e-02;6.358607e-02;1.587483e-01;1.841877e-01
1.308361e-01;3.579140e-02;3.699290e-02;4.305815e-02;1.301891e-02;2.351796e-02;1.766628e-01;5.761506e-02;3.318098e-02;6.964023e-02;1.721475e-01;2.075379e-01
1.093942e-01;3.515540e-02;8.653847e-02;4.351618e-02;2.083899e-02;2.932685e-02;1.595867e-01;3.773649e-02;3.512446e-02;7.210931e-02;1.861635e-01;1.845094e-01
8.409107e-02;2.332005e-02;1.075100e-01;3.395695e-02;2.840300e-02;4.414604e-02;1.217577e-01;2.266736e-02;4.768457e-02;9.921766e-02;2.302263e-01;1.570194e-01
2.805899e-02;1.823163e-02;1.002788e-01;2.206527e-02;4.002981e-02;7.064164e-02;7.649746e-02;3.080394e-02;6.095968e-02;1.374340e-01;2.795095e-01;1.354893e-01
6.080757e-02;3.557052e-02;7.484287e-02;3.625167e-02;5.598602e-02;8.196475e-02;5.165075e-02;3.280400e-02;5.519085e-02;1.572171e-01;2.464523e-01;1.112616e-01
5.965661e-02;4.776622e-02;1.489415e-01;5.616717e-02;6.533951e-02;8.921912e-02;8.381733e-02;3.821347e-02;6.024441e-02;1.204501e-01;1.500880e-01;8.009664e-02
5.244388e-02;5.981401e-02;1.544250e-01;5.994782e-02;6.147500e-02;9.710129e-02;1.108713e-01;5.729444e-02;9.172847e-02;7.525004e-02;1.060158e-01;7.363294e-02
6.391457e-02;6.793879e-02;1.196604e-01;5.818188e-02;5.652322e-02;9.698019e-02;1.387079e-01;6.798231e-02;1.055827e-01;5.678846e-02;9.291914e-02;7.482043e-02
7.342183e-02;5.636490e-02;6.955138e-02;5.677127e-02;6.140940e-02;9.507630e-02;1.797883e-01;8.621339e-02;9.282254e-02;6.422375e-02;7.476398e-02;8.959297e-02
5.051445e-02;6.010344e-02;1.003273e-01;5.979143e-02;9.426789e-02;9.752890e-02;1.164810e-01;1.045976e-01;1.173479e-01;8.815654e-02;3.336674e-02;7.751681e-02
5.256267e-02;7.075367e-02;9.653090e-02;7.242925e-02;8.774088e-02;1.034532e-01;8.448429e-02;7.223802e-02;1.516701e-01;1.147385e-01;4.194384e-02;5.145467e-02
6.307999e-02;6.342152e-02;7.518413e-02;7.849067e-02;5.926397e-02;1.239495e-01;9.260569e-02;5.643291e-02;1.482174e-01;1.429486e-01;5.085900e-02;4.554661e-02
6.634834e-02;3.531802e-02;8.352324e-02;7.818630e-02;4.652667e-02;1.075883e-01;1.306386e-01;6.245873e-02;1.204399e-01;1.515628e-01;6.081564e-02;5.659356e-02
2.633582e-02;1.198761e-02;1.267771e-01;7.275628e-02;5.687654e-02;6.699503e-02;1.834752e-01;7.917082e-02;1.270402e-01;1.435516e-01;5.797472e-02;4.705910e-02
4.113801e-02;2.036767e-02;1.114181e-01;8.817329e-02;5.137427e-02;4.279123e-02;1.442724e-01;9.308644e-02;1.208380e-01;1.817010e-01;7.178234e-02;3.305715e-02
3.966784e-02;1.952426e-02;5.969245e-02;9.503353e-02;6.856201e-02;4.226677e-02;1.103964e-01;8.631687e-02;1.399305e-01;2.264800e-01;9.345049e-02;1.867882e-02
3.047665e-02;1.943418e-02;3.909206e-02;9.085403e-02;9.335358e-02;5.732818e-02;1.279981e-01;6.030163e-02;1.235185e-01;2.544814e-01;8.848315e-02;1.467859e-02
3.448363e-02;1.125735e-02;4.671962e-02;9.866752e-02;9.256662e-02;4.663210e-02;1.402999e-01;6.213367e-02;1.231326e-01;2.509262e-01;8.047744e-02;1.270342e-02
5.013349e-02;9.975549e-03;2.944913e-02;1.128650e-01;6.886203e-02;2.721664e-02;1.506876e-01;1.170094e-01;1.358452e-01;2.034927e-01;7.855117e-02;1.591211e-02
5.665771e-02;1.201232e-02;3.638894e-02;1.327934e-01;5.380897e-02;2.222398e-02;1.322342e-01;1.448255e-01;1.572380e-01;1.662469e-01;7.435068e-02;1.121946e-02
6.766951e-02;1.050325e-02;4.302664e-02;1.543166e-01;4.747171e-02;2.147076e-02;1.112343e-01;1.116810e-01;1.766704e-01;1.577995e-01;8.688961e-02;1.126667e-02
6.886371e-02;5.863204e-03;5.049986e-02;1.675395e-01;5.165942e-02;1.978316e-02;9.392338e-02;6.728604e-02;1.953988e-01;1.740589e-01;9.616154e-02;8.962399e-03
5.707343e-02;7.976283e-03;6.258465e-02;1.590176e-01;5.279018e-02;2.074667e-02;6.288023e-02;5.635077e-02;2.075466e-01;2.102853e-01;9.223252e-02;1.051578e-02
5.239996e-02;5.728513e-03;8.404832e-02;1.281025e-01;4.240518e-02;2.389707e-02;7.564821e-02;5.924171e-02;1.867817e-01;2.524114e-01;7.872513e-02;1.061027e-02
4.004141e-02;9.351415e-03;1.286274e-01;8.257038e-02;4.771819e-02;2.735363e-02;1.447951e-01;7.559176e-02;1.302006e-01;2.317158e-01;5.576019e-02;2.627429e-02
1.986519e-02;1.882162e-02;1.574358e-01;6.809052e-02;5.082351e-02;4.348674e-02;2.155136e-01;8.614694e-02;8.603869e-02;1.592877e-01;5.914384e-02;3.534580e-02
3.172468e-02;1.532178e-02;1.407592e-01;1.013585e-01;7.208309e-02;3.492279e-02;2.443815e-01;7.582732e-02;9.483728e-02;1.207708e-01;3.832873e-02;2.968426e-02
3.838105e-02;2.203192e-02;1.162057e-01;1.345477e-01;8.356272e-02;4.260525e-02;2.553561e-01;8.078619e-02;8.921390e-02;1.013297e-01;2.182869e-02;1.415114e-02
2.931017e-02;2.320662e-02;1.362661e-01;1.248731e-01;6.061790e-02;4.753144e-02;2.832181e-01;8.196648e-02;7.171835e-02;7.959779e-02;3.392506e-02;2.776884e-02
2.907092e-02;1.796138e-02;1.891363e-01;7.361465e-02;5.926834e-02;3.328336e-02;3.057128e-01;7.586173e-02;6.577208e-02;9.691308e-02;2.480335e-02;2.860210e-02
4.522852e-02;2.414079e-02;2.210564e-01;3.138622e-02;5.553864e-02;2.340453e-02;2.899158e-01;7.913646e-02;7.330479e-02;1.005186e-01;2.993135e-02;2.643786e-02
3.868962e-02;1.927271e-02;2.412687e-01;2.799026e-02;4.109671e-02;1.745543e-02;2.803040e-01;7.186033e-02;1.090591e-01;9.719775e-02;3.212209e-02;2.368328e-02
3.167521e-02;3.884725e-02;2.327045e-01;5.891600e-02;5.600121e-02;3.285806e-02;2.080704e-01;6.296377e-02;1.169941e-01;1.004256e-01;3.355760e-02;2.698632e-02
3.794541e-02;7.661489e-02;1.917095e-01;6.581453e-02;7.860447e-02;4.697554e-02;8.409026e-02;7.260960e-02;1.094583e-01;1.217886e-01;7.193086e-02;4.245802e-02
4.822332e-02;7.137660e-02;1.815674e-01;4.053573e-02;7.919502e-02;4.449462e-02;9.561494e-02;7.935770e-02;8.218765e-02;1.318244e-01;1.012259e-01;4.439665e-02
8.570606e-02;6.291246e-02;1.400111e-01;3.856721e-02;6.972446e-02;4.067842e-02;1.249249e-01;7.728343e-02;5.616270e-02;1.229201e-01;1.174012e-01;6.370792e-02
