6.151234e-02;6.732567e-02;2.856570e-01;4.457607e-02;7.172031e-02;5.391438e-02;1.386258e-01;4.222733e-02;6.929760e-02;6.522954e-02;5.741614e-02;4.249774e-02
8.262777e-02;9.570474e-02;3.085921e-01;2.929601e-02;3.964390e-02;3.606166e-02;9.306533e-02;4.165732e-02;1.210875e-01;6.945866e-02;4.610735e-02;3.669764e-02
8.994007e-02;1.446217e-01;3.318486e-01;1.727911e-02;1.654663e-02;1.986349e-02;4.656602e-02;4.384591e-02;1.792850e-01;6.087894e-02;2.464084e-02;2.468367e-02
1.449344e-01;1.751403e-01;2.967252e-01;1.616964e-02;1.149152e-02;1.395432e-02;2.286345e-02;6.102837e-02;1.729629e-01;4.239331e-02;2.197147e-02;2.036504e-02
2.800111e-01;1.696464e-01;2.119447e-01;1.121615e-02;1.856375e-02;8.601408e-03;3.009784e-02;7.537461e-02;1.057603e-01;2.728284e-02;3.004930e-02;3.145162e-02
3.985846e-01;1.315363e-01;1.460336e-01;7.879396e-03;2.648981e-02;9.561741e-03;3.466802e-02;9.733294e-02;3.870637e-02;2.065153e-02;4.355172e-02;4.500393e-02
3.918040e-01;9.612738e-02;8.400311e-02;5.810340e-03;3.194776e-02;1.868550e-02;5.164241e-02;1.411121e-01;5.190505e-02;3.061945e-02;5.027628e-02;4.606656e-02
3.273481e-01;5.727676e-02;1.711236e-01;8.639347e-03;2.943124e-02;1.925387e-02;6.122398e-02;1.604470e-01;3.463459e-02;3.318567e-02;5.012698e-02;4.730891e-02
2.943991e-01;3.385594e-02;2.272244e-01;9.167485e-03;1.871661e-02;2.504629e-02;4.961751e-02;1.826470e-01;2.980467e-02;2.847351e-02;4.553809e-02;5.550927e-02
2.794460e-01;3.939504e-02;2.215506e-01;1.207325e-02;2.014175e-02;2.354429e-02;4.404667e-02;2.049986e-01;3.448189e-02;2.590855e-02;4.472422e-02;4.968910e-02
2.734866e-01;4.310710e-02;2.208869e-01;1.065552e-02;2.240787e-02;1.539789e-02;5.069698e-02;2.217433e-01;3.943751e-02;2.066081e-02;4.020545e-02;4.131403e-02
2.614440e-01;2.819337e-02;2.163960e-01;2.251847e-02;2.674615e-02;2.010294e-02;5.030657e-02;2.350467e-01;4.265334e-02;1.957469e-02;3.422983e-02;4.278794e-02
2.537872e-01;8.683778e-02;1.991921e-01;2.539128e-02;3.035852e-02;1.985047e-02;6.312411e-02;1.956191e-01;2.666743e-02;2.330092e-02;2.741069e-02;4.846043e-02
2.787761e-01;1.184059e-01;1.423207e-01;1.683080e-02;3.588536e-02;1.306085e-02;5.084087e-02;1.730001e-01;9.433428e-02;1.641551e-02;2.319485e-02;3.693474e-02
3.073977e-01;1.216353e-01;8.667593e-02;6.715684e-03;3.880873e-02;6.217819e-03;2.407441e-02;1.663890e-01;1.723013e-01;2.262359e-02;2.527286e-02;2.188770e-02
3.398326e-01;1.103076e-01;6.219461e-02;3.544517e-03;4.518971e-02;3.285010e-03;1.599781e-02;1.983174e-01;1.604385e-01;1.762524e-02;2.627198e-02;1.699500e-02
3.916937e-01;1.028409e-01;6.216620e-02;3.478809e-03;5.478191e-02;2.952444e-03;1.717560e-02;2.456356e-01;6.636735e-02;9.487005e-03;2.218228e-02;2.123827e-02
4.144204e-01;9.362660e-02;6.373931e-02;5.008285e-03;6.277914e-02;2.216420e-03;1.873412e-02;2.550302e-01;3.273918e-02;7.515681e-03;1.731647e-02;2.687415e-02
4.085265e-01;8.194974e-02;6.432268e-02;6.507319e-03;6.610605e-02;2.658292e-03;3.738312e-02;2.411891e-01;3.370929e-02;6.198998e-03;1.821057e-02;3.323835e-02
4.011874e-01;7.230437e-02;6.123857e-02;6.766021e-03;7.018340e-02;7.184210e-03;6.769422e-02;2.192044e-01;2.699219e-02;1.039259e-02;1.895767e-02;3.789492e-02
3.527744e-01;6.870497e-02;4.370350e-02;2.010266e-02;7.551444e-02;2.155571e-02;9.613367e-02;1.765970e-01;4.085469e-02;2.645372e-02;2.615251e-02;5.145271e-02
2.381629e-01;5.532699e-02;1.166620e-01;3.015343e-02;7.457833e-02;3.302621e-02;9.031984e-02;1.528640e-01;7.075065e-02;3.813358e-02;3.861513e-02;6.140703e-02
2.302591e-01;4.619612e-02;1.829398e-01;2.782384e-02;4.839178e-02;5.707152e-02;5.165131e-02;1.408290e-01;8.470131e-02;2.926168e-02;4.148656e-02;5.938803e-02
2.817313e-01;3.898055e-02;1.265559e-01;2.099719e-02;6.127080e-02;7.368013e-02;6.158843e-02;1.165572e-01;7.805201e-02;3.659888e-02;3.911059e-02;6.487692e-02
2.795208e-01;4.345436e-02;1.435026e-01;1.747132e-02;5.900732e-02;6.547298e-02;5.868552e-02;1.450158e-01;5.506457e-02;3.020650e-02;4.009378e-02;6.250442e-02
2.812300e-01;3.926378e-02;1.606266e-01;1.736432e-02;3.856833e-02;4.572933e-02;6.598868e-02;1.799055e-01;5.098553e-02;2.590359e-02;3.681687e-02;5.761746e-02
2.847589e-01;6.826451e-02;1.495245e-01;2.266785e-02;3.045889e-02;4.054691e-02;8.525262e-02;1.485832e-01;4.502952e-02;3.949363e-02;4.217695e-02;4.324262e-02
2.691768e-01;1.047616e-01;1.660049e-01;3.337788e-02;5.336304e-02;3.932846e-02;7.455419e-02;1.238654e-01;2.929462e-02;3.412878e-02;2.870044e-02;4.344394e-02
2.980695e-01;9.850138e-02;1.371907e-01;2.523637e-02;9.210823e-02;2.843124e-02;4.502227e-02;1.652218e-01;2.854563e-02;2.042785e-02;2.244500e-02;3.880005e-02
3.290791e-01;8.053413e-02;1.135126e-01;1.304532e-02;1.347465e-01;1.375480e-02;2.244905e-02;2.189546e-01;2.454165e-02;7.563801e-03;1.446601e-02;2.735243e-02
3.299714e-01;6.949586e-02;1.126571e-01;6.933453e-03;1.388820e-01;1.295940e-02;2.171985e-02;2.420635e-01;2.126402e-02;7.651594e-03;1.097625e-02;2.542552e-02
3.258290e-01;5.467440e-02;9.435767e-02;8.145573e-03;1.017602e-01;3.224636e-02;3.449716e-02;2.405018e-01;5.230545e-02;1.245021e-02;1.205974e-02;3.117238e-02
3.355479e-01;4.361020e-02;9.964506e-02;1.616644e-02;5.513678e-02;3.749530e-02;4.465356e-02;2.282619e-01;6.984439e-02;2.072679e-02;1.237411e-02;3.653761e-02
3.382714e-01;5.138505e-02;1.173820e-01;1.316634e-02;6.678271e-02;1.945976e-02;4.331634e-02;2.261124e-01;5.285685e-02;2.204617e-02;1.351097e-02;3.571004e-02
3.501757e-01;5.134243e-02;9.846473e-02;1.849674e-02;5.947263e-02;2.738522e-02;5.150846e-02;2.200588e-01;3.926080e-02;2.513328e-02;1.617779e-02;4.252341e-02
3.491640e-01;6.797130e-02;1.245470e-01;1.200476e-02;5.737980e-02;1.783267e-02;4.343247e-02;2.075562e-01;3.119155e-02;2.466707e-02;1.615386e-02;4.809932e-02
3.405801e-01;6.722752e-02;1.155452e-01;1.511046e-02;6.009438e-02;1.635129e-02;4.610658e-02;2.049865e-01;1.938185e-02;3.381523e-02;2.150464e-02;5.929616e-02
3.440629e-01;6.095031e-02;1.084709e-01;1.493311e-02;6.592445e-02;1.188068e-02;4.057391e-02;2.169099e-01;1.899051e-02;4.460055e-02;1.993258e-02;5.277008e-02
3.227055e-01;5.602806e-02;1.177199e-01;7.850335e-03;7.034427e-02;7.157670e-03;4.168196e-02;2.286410e-01;2.490484e-02;5.194612e-02;3.041816e-02;4.060232e-02
2.975637e-01;3.557040e-02;1.060607e-01;1.241887e-02;7.786452e-02;8.077975e-03;5.184809e-02;2.300270e-01;2.885889e-02;5.307631e-02;4.859137e-02;5.004221e-02
2.699776e-01;3.328138e-02;1.488115e-01;1.178229e-02;7.079231e-02;1.316874e-02;5.167082e-02;2.091818e-01;3.586389e-02;3.541492e-02;6.530302e-02;5.475166e-02
2.240168e-01;3.009769e-02;2.375483e-01;1.275441e-02;3.842442e-02;1.181096e-02;6.262398e-02;2.003179e-01;4.043072e-02;3.915049e-02;5.483737e-02;4.798697e-02
1.816968e-01;4.010978e-02;2.738933e-01;1.283908e-02;2.362772e-02;1.502030e-02;7.077524e-02;1.753637e-01;3.504119e-02;5.471812e-02;5.956303e-02;5.735172e-02
1.693961e-01;3.029878e-02;2.291359e-01;1.463404e-02;3.639103e-02;3.435948e-02;8.466028e-02;1.195685e-01;4.392456e-02;8.668268e-02;8.923900e-02;6.170962e-02
1.173316e-01;4.613484e-02;2.181846e-01;5.020225e-02;6.591500e-02;4.608708e-02;9.630101e-02;7.203089e-02;5.891321e-02;8.745125e-02;8.760663e-02;5.384166e-02
7.835437e-02;4.845604e-02;1.856731e-01;6.997934e-02;7.233037e-02;6.531595e-02;1.162059e-01;6.923378e-02;7.531551e-02;7.790374e-02;7.822083e-02;6.301113e-02
3.710423e-02;5.848155e-02;1.453057e-01;5.205711e-02;9.347536e-02;1.020131e-01;1.295188e-01;4.848694e-02;8.868663e-02;7.512164e-02;8.809311e-02;8.165583e-02
3.808093e-02;5.465017e-02;1.428295e-01;5.520910e-02;1.232344e-01;1.061033e-01;8.353365e-02;4.175724e-02;7.972265e-02;9.788397e-02;1.031936e-01;7.380151e-02
5.175119e-02;6.257629e-02;1.127177e-01;5.032565e-02;1.262790e-01;9.562134e-02;9.376478e-02;4.075255e-02;6.922868e-02;1.241645e-01;1.062865e-01;6.653175e-02
5.411389e-02;7.746609e-02;9.868244e-02;3.989536e-02;1.043304e-01;9.551531e-02;1.273783e-01;2.841146e-02;5.841418e-02;1.724294e-01;9.790683e-02;4.545631e-02
7.106397e-02;5.582940e-02;1.203368e-01;4.114085e-02;7.988849e-02;1.117647e-01;1.201023e-01;5.238340e-02;5.601341e-02;1.612914e-01;7.586268e-02;5.432258e-02
5.613787e-02;2.453256e-02;2.310127e-01;4.614341e-02;7.655168e-02;8.824874e-02;2.181962e-01;5.344646e-02;3.816753e-02;7.543255e-02;6.161486e-02;3.051535e-02
3.600580e-02;2.954982e-02;2.803765e-01;3.606113e-02;7.876550e-02;6.424107e-02;2.803299e-01;3.646130e-02;2.687282e-02;5.807230e-02;5.200423e-02;2.125960e-02
2.834804e-02;2.136176e-02;3.686023e-01;3.220034e-02;7.898667e-02;5.907338e-02;2.450624e-01;3.079860e-02;2.526944e-02;5.267675e-02;3.778177e-02;1.983855e-02
2.826806e-02;2.325867e-02;4.711600e-01;3.113835e-02;7.583537e-02;4.087973e-02;1.531050e-01;3.788115e-02;2.733757e-02;4.249559e-02;4.220806e-02;2.643237e-02
3.228973e-02;3.987845e-02;3.589202e-01;3.590208e-02;6.768797e-02;4.711150e-02;1.545867e-01;4.606582e-02;3.370990e-02;6.340723e-02;8.663621e-02;3.380422e-02
7.693819e-02;1.091020e-01;1.995815e-01;5.305297e-02;6.342449e-02;3.911185e-02;1.020459e-01;6.822096e-02;5.960257e-02;8.614924e-02;9.971976e-02;4.305058e-02
1.720120e-01;1.557445e-01;1.651230e-01;6.151802e-02;4.417875e-02;2.718863e-02;8.664501e-02;7.002003e-02;6.002114e-02;6.374488e-02;4.318810e-02;5.061597e-02
2.236416e-01;1.693814e-01;1.583620e-01;5.848916e-02;3.580358e-02;3.875070e-02;7.689612e-02;5.199905e-02;6.520162e-02;4.918421e-02;2.810692e-02;4.418368e-02
2.346952e-01;1.947266e-01;1.651358e-01;3.960292e-02;3.710346e-02;4.726208e-02;5.756520e-02;5.579935e-02;7.664318e-02;3.492930e-02;2.861108e-02;2.792587e-02
2.462751e-01;2.202958e-01;1.808512e-01;3.512157e-02;2.970101e-02;4.119743e-02;5.293474e-02;4.979772e-02;7.772338e-02;2.269664e-02;2.217207e-02;2.123333e-02
2.561198e-01;2.110854e-01;1.936736e-01;3.316806e-02;2.340489e-02;2.633511e-02;5.799790e-02;3.256840e-02;6.360219e-02;2.158229e-02;4.276542e-02;3.769690e-02
1.942385e-01;1.700996e-01;1.718476e-01;4.007396e-02;4.742839e-02;2.925047e-02;1.158972e-01;2.756631e-02;5.149316e-02;3.685436e-02;5.932782e-02;5.592258e-02
1.607264e-01;1.237430e-01;1.290739e-01;4.073987e-02;6.738044e-02;3.578497e-02;1.480122e-01;4.645755e-02;7.180876e-02;6.126220e-02;5.445227e-02;6.055842e-02
1.600038e-01;8.518232e-02;1.140697e-01;3.640028e-02;6.926662e-02;3.635280e-02;1.449425e-01;5.713667e-02;9.345879e-02;7.925270e-02;6.025608e-02;6.367768e-02
1.396137e-01;5.825781e-02;1.385203e-01;4.985655e-02;7.212630e-02;5.005311e-02;1.192529e-01;5.698169e-02;1.066449e-01;8.749422e-02;5.928750e-02;6.191109e-02
1.049742e-01;7.751276e-02;9.222712e-02;5.182645e-02;5.492264e-02;6.530094e-02;1.267079e-01;6.104260e-02;1.137168e-01;6.593397e-02;8.086856e-02;1.049660e-01
8.394911e-02;3.759518e-02;1.457354e-01;4.524085e-02;4.504374e-02;8.964793e-02;1.181410e-01;7.228714e-02;1.379755e-01;6.455541e-02;7.544645e-02;8.438223e-02
9.053297e-02;6.979427e-02;1.162201e-01;5.558067e-02;4.334017e-02;1.117753e-01;1.068608e-01;6.453776e-02;9.753551e-02;9.351892e-02;8.551749e-02;6.478609e-02
1.205059e-01;9.978997e-02;1.493958e-01;6.159717e-02;3.792585e-02;1.157624e-01;9.682349e-02;6.367460e-02;5.417342e-02;8.684140e-02;7.638206e-02;3.712798e-02
9.747396e-02;1.228820e-01;1.502130e-01;5.938979e-02;3.857659e-02;1.234236e-01;1.222169e-01;5.172945e-02;5.772436e-02;7.826829e-02;5.736701e-02;4.073506e-02
1.080547e-01;5.785820e-02;1.466434e-01;6.548370e-02;7.202943e-02;7.423216e-02;1.409496e-01;7.666808e-02;8.608226e-02;6.448912e-02;5.824998e-02;4.925933e-02
9.040271e-02;5.908378e-02;1.848066e-01;8.253480e-02;7.081123e-02;7.529209e-02;1.321198e-01;8.331648e-02;7.947517e-02;5.256769e-02;3.230505e-02;5.728462e-02
8.871404e-02;4.321688e-02;1.892896e-01;8.919001e-02;6.444694e-02;7.595418e-02;1.185186e-01;8.240427e-02;7.607924e-02;5.562609e-02;4.651481e-02;7.004534e-02
9.032319e-02;3.438265e-02;1.839582e-01;9.785756e-02;5.980185e-02;7.687382e-02;1.076105e-01;7.846925e-02;6.769845e-02;5.776532e-02;6.101064e-02;8.424864e-02
1.014020e-01;5.496714e-02;1.647225e-01;1.012703e-01;7.093866e-02;7.467953e-02;9.812839e-02;6.938000e-02;5.169264e-02;5.678757e-02;6.561125e-02;9.042000e-02
1.026408e-01;5.779175e-02;1.999200e-01;8.227398e-02;9.213807e-02;7.588388e-02;1.450440e-01;5.305523e-02;2.973086e-02;5.032562e-02;4.891668e-02;6.227909e-02
1.095810e-01;9.839286e-02;2.027376e-01;2.713838e-02;9.230783e-02;7.217043e-02;1.353378e-01;2.089235e-02;6.405602e-02;4.543068e-02;7.928539e-02;5.266956e-02
1.139724e-01;1.358150e-01;1.217283e-01;1.241130e-02;6.856833e-02;7.633858e-02;9.900057e-02;2.972278e-02;9.244291e-02;6.424831e-02;1.159371e-01;6.981433e-02
1.899196e-01;1.471644e-01;5.693588e-02;9.325606e-03;6.112661e-02;5.719381e-02;6.861111e-02;4.782584e-02;6.227269e-02;3.496080e-02;1.755072e-01;8.915656e-02
2.478020e-01;1.340478e-01;7.317292e-02;1.688619e-02;5.773177e-02;3.079449e-02;4.961738e-02;5.049273e-02;3.127241e-02;1.856616e-02;2.008227e-01;8.879346e-02
3.042392e-01;1.081771e-01;9.339587e-02;3.259446e-02;4.984673e-02;1.786676e-02;5.865086e-02;6.695692e-02;1.579272e-02;2.788241e-02;1.572452e-01;6.735192e-02
3.463598e-01;1.052943e-01;1.088236e-01;4.270123e-02;5.897778e-02;1.310547e-02;6.100816e-02;9.052970e-02;1.393751e-02;2.415034e-02;8.244997e-02;5.266218e-02
3.500476e-01;1.111735e-01;1.123581e-01;5.806964e-02;9.020152e-02;1.455575e-02;4.375764e-02;1.100031e-01;1.173850e-02;1.324386e-02;5.615284e-02;2.869803e-02
3.108271e-01;7.686008e-02;1.059954e-01;6.775486e-02;1.242998e-01;2.698683e-02;6.736309e-02;1.185934e-01;1.140256e-02;1.640043e-02;4.611881e-02;2.739768e-02
2.764210e-01;6.451105e-02;9.601228e-02;4.503186e-02;1.392055e-01;4.376944e-02;1.081036e-01;1.211019e-01;1.189908e-02;1.793154e-02;4.523725e-02;3.077550e-02
2.682705e-01;6.954317e-02;8.577688e-02;3.544949e-02;1.238650e-01;3.888267e-02;1.307341e-01;1.106854e-01;1.682793e-02;3.191976e-02;5.749989e-02;3.054526e-02
2.672025e-01;8.276152e-02;7.075571e-02;3.298938e-02;1.053944e-01;3.572802e-02;1.056431e-01;1.072854e-01;3.073043e-02;5.509353e-02;7.898317e-02;2.743291e-02
2.713400e-01;1.045229e-01;8.052263e-02;2.258101e-02;9.446386e-02;4.409222e-02;8.122017e-02;8.285563e-02;3.570094e-02;5.688317e-02;9.923301e-02;2.658455e-02
2.839279e-01;1.234946e-01;7.475933e-02;2.687954e-02;8.427752e-02;5.252903e-02;8.357693e-02;5.960193e-02;3.953767e-02;3.751149e-02;1.049483e-01;2.895571e-02
2.783464e-01;1.623017e-01;8.700383e-02;2.990440e-02;7.371198e-02;5.272759e-02;7.873133e-02;6.025806e-02;4.284523e-02;3.084897e-02;7.729807e-02;2.602233e-02
2.460815e-01;2.031967e-01;1.239947e-01;3.251593e-02;6.144423e-02;7.316124e-02;5.804608e-02;5.315880e-02;4.971075e-02;2.803814e-02;4.101406e-02;2.963799e-02
1.879727e-01;2.133866e-01;1.711926e-01;2.470337e-02;4.285470e-02;1.036103e-01;6.315111e-02;4.842698e-02;4.891248e-02;3.420011e-02;2.208025e-02;3.950874e-02
1.064774e-01;1.827925e-01;2.353572e-01;1.556046e-02;2.025450e-02;9.797619e-02;9.792397e-02;7.639096e-02;5.421333e-02;5.422495e-02;2.065503e-02;3.817346e-02
2.963080e-02;1.306101e-01;3.178247e-01;1.522128e-02;2.234052e-02;7.375320e-02;1.183133e-01;9.307030e-02;7.538387e-02;6.904883e-02;2.560020e-02;2.920298e-02
2.216895e-02;8.489434e-02;3.984923e-01;2.782829e-02;3.748807e-02;6.027909e-02;8.542611e-02;6.767597e-02;9.231554e-02;7.513434e-02;3.209211e-02;1.620493e-02
1.459432e-02;5.327804e-02;4.753140e-01;3.576530e-02;5.431905e-02;6.481577e-02;8.149844e-02;3.180306e-02;6.644395e-02;7.733983e-02;3.488249e-02;9.945797e-03
1.999866e-02;5.932055e-02;5.335763e-01;4.458004e-02;6.021761e-02;4.800876e-02;7.628827e-02;2.638697e-02;3.018086e-02;6.339626e-02;2.824488e-02;9.800860e-03
1.823594e-02;7.547706e-02;5.589206e-01;5.283826e-02;5.041876e-02;4.872856e-02;5.895392e-02;2.380701e-02;3.043313e-02;5.042006e-02;2.409864e-02;7.668148e-03
4.021393e-02;8.176180e-02;5.257770e-01;8.504773e-02;3.761682e-02;6.806698e-02;3.213023e-02;2.527455e-02;4.273534e-02;3.219723e-02;1.501064e-02;1.416778e-02
4.808513e-02;5.275158e-02;3.788796e-01;1.502576e-01;6.336574e-02;7.514340e-02;6.839324e-02;4.066347e-02;4.087346e-02;4.058136e-02;2.324999e-02;1.775552e-02
4.171672e-02;3.615100e-02;2.390112e-01;1.569970e-01;9.582841e-02;8.742847e-02;1.274666e-01;4.161089e-02;5.555965e-02;7.249872e-02;3.226878e-02;1.346257e-02
4.457269e-02;6.742734e-02;1.934890e-01;8.395988e-02;7.813811e-02;1.316053e-01;1.290726e-01;3.906374e-02;7.277314e-02;9.301110e-02;4.398167e-02;2.290538e-02
6.962916e-02;8.368345e-02;2.103241e-01;5.810658e-02;5.031587e-02;7.723746e-02;1.423449e-01;4.504504e-02;7.500727e-02;9.501722e-02;5.868047e-02;3.460842e-02
8.038623e-02;8.989371e-02;2.290985e-01;5.798107e-02;4.514115e-02;5.073848e-02;1.212388e-01;5.871427e-02;7.429182e-02;9.925921e-02;6.525298e-02;2.800375e-02
8.099940e-02;9.676321e-02;2.428069e-01;6.858660e-02;6.320496e-02;5.017645e-02;8.980781e-02;7.073281e-02;6.654541e-02;9.154404e-02;6.109499e-02;1.773744e-02
8.306602e-02;8.100913e-02;2.147262e-01;8.478405e-02;9.318910e-02;5.622805e-02;8.870564e-02;8.483293e-02;4.352925e-02;9.940913e-02;5.082409e-02;1.969648e-02
5.513556e-02;6.438198e-02;2.559688e-01;3.634117e-02;8.700822e-02;5.162239e-02;1.372584e-01;8.696276e-02;5.738724e-02;8.481279e-02;6.413683e-02;1.898384e-02
3.298285e-02;6.690789e-02;3.209598e-01;4.774775e-02;1.013300e-01;6.685629e-02;7.981901e-02;5.937166e-02;5.097887e-02;8.159192e-02;6.696753e-02;2.448639e-02
5.423764e-02;5.572609e-02;2.538910e-01;6.526023e-02;1.068618e-01;7.176398e-02;1.423286e-01;5.779302e-02;3.885577e-02;5.368839e-02;6.666593e-02;3.292757e-02
7.557579e-02;6.934653e-02;1.189256e-01;7.001466e-02;8.412861e-02;9.477565e-02;1.819436e-01;6.914663e-02;6.073515e-02;4.980145e-02;6.905790e-02;5.654848e-02
6.057499e-02;9.083201e-02;1.396184e-01;7.567415e-02;6.816565e-02;8.062059e-02;1.505529e-01;7.724256e-02;7.267177e-02;6.719231e-02;5.109595e-02;6.575865e-02
5.314195e-02;1.075358e-01;1.076990e-01;9.631331e-02;1.053844e-01;6.169121e-02;1.349785e-01;8.940041e-02;7.818975e-02;6.598508e-02;4.185235e-02;5.782833e-02
4.025991e-02;8.626066e-02;1.104519e-01;1.066621e-01;9.272008e-02;7.870946e-02;1.343035e-01;8.600538e-02;1.001759e-01;5.814233e-02;6.068412e-02;4.562461e-02
4.847226e-02;5.948277e-02;1.655409e-01;7.826757e-02;7.579012e-02;9.846747e-02;1.483483e-01;6.311704e-02;8.949718e-02;5.299362e-02;6.593721e-02;5.408558e-02
7.517321e-02;6.860247e-02;1.809467e-01;6.692895e-02;8.422495e-02;9.295860e-02;1.290670e-01;7.186529e-02;8.225796e-02;6.117979e-02;4.852046e-02;3.827467e-02
9.832115e-02;1.267991e-01;1.788192e-01;5.963401e-02;8.862991e-02;6.330143e-02;1.028590e-01;7.050665e-02;6.387730e-02;6.210639e-02;4.670422e-02;3.844167e-02
8.444374e-02;1.112034e-01;1.682291e-01;3.485713e-02;8.290276e-02;5.983824e-02;1.153981e-01;9.038331e-02;7.129046e-02;6.062987e-02;6.584068e-02;5.498317e-02
8.038152e-02;5.351204e-02;1.040405e-01;6.448835e-02;8.054391e-02;8.689040e-02;1.270855e-01;1.038823e-01;7.990979e-02;8.980104e-02;6.437173e-02;6.509283e-02
6.832417e-02;7.408641e-02;1.022914e-01;4.926409e-02;8.792256e-02;7.694791e-02;1.517321e-01;9.570598e-02;8.335483e-02;8.726244e-02;6.994057e-02;5.316753e-02
6.730390e-02;1.363279e-01;1.107604e-01;4.915792e-02;6.937665e-02;5.835609e-02;1.546277e-01;8.750925e-02;7.993582e-02;6.155312e-02;6.950719e-02;5.558400e-02
6.729194e-02;2.861233e-01;9.569435e-02;6.348061e-02;5.811209e-02;3.008628e-02;1.186731e-01;6.489763e-02;6.586346e-02;3.339100e-02;4.909479e-02;6.729148e-02
7.660138e-02;3.087315e-01;1.038035e-01;4.940820e-02;7.278119e-02;3.615264e-02;7.906944e-02;6.754626e-02;6.311914e-02;3.729478e-02;3.588053e-02;6.961144e-02
1.029885e-01;1.642785e-01;1.138901e-01;5.315288e-02;7.947943e-02;4.763008e-02;7.550201e-02;8.877503e-02;8.570633e-02;6.324276e-02;6.217394e-02;6.318040e-02
1.232307e-01;1.088280e-01;8.930858e-02;5.864564e-02;7.647353e-02;5.899682e-02;9.045797e-02;8.391123e-02;9.124901e-02;7.031265e-02;7.824680e-02;7.033899e-02
1.168582e-01;1.124569e-01;6.415577e-02;7.797504e-02;7.093045e-02;6.239194e-02;8.905335e-02;8.203994e-02;8.085273e-02;6.834855e-02;8.329081e-02;9.164631e-02
9.368198e-02;1.214386e-01;1.061048e-01;8.549254e-02;5.499111e-02;6.059052e-02;1.164986e-01;8.452190e-02;5.976513e-02;7.362049e-02;7.221562e-02;7.107875e-02
7.029145e-02;1.250598e-01;1.175349e-01;9.762536e-02;5.228670e-02;6.199022e-02;1.372627e-01;6.527063e-02;6.940515e-02;9.015050e-02;5.465012e-02;5.847249e-02
8.735015e-02;1.141906e-01;1.172501e-01;7.335460e-02;6.064187e-02;3.972623e-02;1.713032e-01;7.608233e-02;7.358382e-02;7.677903e-02;4.129944e-02;6.843854e-02
1.489864e-01;9.923168e-02;1.220882e-01;6.346078e-02;5.986444e-02;4.197208e-02;1.623787e-01;6.509624e-02;7.237959e-02;5.281642e-02;4.091697e-02;7.080854e-02
1.451592e-01;9.476002e-02;1.293295e-01;6.551769e-02;5.898931e-02;4.490484e-02;1.418895e-01;7.192981e-02;6.993729e-02;5.182880e-02;5.510167e-02;7.065237e-02
1.113385e-01;6.823789e-02;1.554452e-01;4.441869e-02;5.729215e-02;6.262512e-02;1.437736e-01;6.651925e-02;9.444465e-02;1.028263e-01;3.857367e-02;5.450503e-02
1.207427e-01;1.151934e-01;2.233513e-01;6.685454e-02;6.156087e-02;4.815096e-02;1.017045e-01;5.664181e-02;6.004167e-02;8.585491e-02;3.382820e-02;2.607501e-02
1.461505e-01;1.593589e-01;2.924378e-01;4.575752e-02;4.209731e-02;4.595519e-02;6.617604e-02;2.989162e-02;5.905573e-02;5.292309e-02;2.665387e-02;3.354245e-02
1.755458e-01;2.024136e-01;3.241363e-01;2.704938e-02;2.284927e-02;4.839394e-02;3.195814e-02;2.214748e-02;5.938714e-02;3.657271e-02;1.663551e-02;3.291075e-02
1.784722e-01;2.152237e-01;3.235586e-01;2.554973e-02;2.014494e-02;5.566207e-02;2.906453e-02;2.540664e-02;5.837350e-02;3.104784e-02;1.095982e-02;2.653646e-02
1.850965e-01;1.802883e-01;2.569594e-01;3.816543e-02;3.735239e-02;6.262401e-02;6.181882e-02;3.019287e-02;5.548766e-02;3.555521e-02;2.550822e-02;3.095108e-02
2.301942e-01;8.866362e-02;2.704059e-01;4.876223e-02;5.832938e-02;4.744289e-02;8.397113e-02;3.381866e-02;3.566432e-02;3.619613e-02;4.138767e-02;2.516394e-02
2.851363e-01;7.126185e-02;2.645891e-01;4.844209e-02;5.874511e-02;2.551153e-02;5.030907e-02;5.527101e-02;2.494034e-02;2.668569e-02;4.689352e-02;4.221441e-02
3.153777e-01;5.819012e-02;2.355859e-01;2.963790e-02;4.494166e-02;4.435825e-02;6.184706e-02;6.296697e-02;2.618588e-02;3.133585e-02;4.980025e-02;3.977244e-02
2.963977e-01;1.819477e-01;2.134040e-01;3.087969e-02;3.571026e-02;3.823604e-02;3.873884e-02;5.156618e-02;3.072287e-02;2.688294e-02;2.370702e-02;3.180670e-02
3.296500e-01;2.457665e-01;2.023444e-01;2.063224e-02;2.794414e-02;1.950126e-02;2.508585e-02;3.687100e-02;3.289698e-02;1.569784e-02;1.570582e-02;2.790405e-02
3.651473e-01;2.857017e-01;1.981724e-01;9.966712e-03;1.622144e-02;6.620226e-03;1.906841e-02;2.005445e-02;3.065761e-02;1.431089e-02;1.255689e-02;2.152198e-02
3.881590e-01;2.788065e-01;1.875719e-01;9.628647e-03;1.332695e-02;6.361584e-03;1.685796e-02;1.280753e-02;3.365684e-02;1.668470e-02;1.250483e-02;2.363354e-02
3.895608e-01;2.384349e-01;1.835328e-01;1.643605e-02;1.477268e-02;1.035096e-02;1.715908e-02;1.988348e-02;3.495085e-02;1.893641e-02;1.945436e-02;3.652770e-02
3.358233e-01;1.924419e-01;1.846512e-01;2.612352e-02;1.404141e-02;2.344013e-02;3.845939e-02;2.990976e-02;4.644204e-02;2.899279e-02;2.901681e-02;5.065779e-02
2.057431e-01;1.525384e-01;1.835459e-01;4.873953e-02;4.157033e-02;6.564678e-02;8.033565e-02;3.202325e-02;6.965231e-02;3.658894e-02;3.833906e-02;4.527676e-02
1.406916e-01;1.415288e-01;1.237636e-01;6.592964e-02;3.988981e-02;9.082632e-02;8.240896e-02;4.521746e-02;1.016955e-01;4.559251e-02;6.983300e-02;5.262275e-02
9.535732e-02;1.351557e-01;1.321119e-01;5.609560e-02;6.153526e-02;6.300721e-02;7.814384e-02;7.387292e-02;9.198199e-02;6.691229e-02;6.287697e-02;8.294909e-02
6.757633e-02;1.110957e-01;1.016481e-01;6.282622e-02;8.205440e-02;7.656258e-02;1.152530e-01;8.362084e-02;7.472363e-02;9.549263e-02;5.516300e-02;7.398361e-02
7.819555e-02;8.579249e-02;7.784752e-02;5.783466e-02;7.528345e-02;7.769574e-02;1.135137e-01;9.717038e-02;1.017739e-01;9.949633e-02;4.388558e-02;9.151077e-02
8.236996e-02;5.130493e-02;1.636469e-01;4.947243e-02;5.859683e-02;7.862856e-02;1.228259e-01;8.342715e-02;9.684987e-02;9.194690e-02;4.173763e-02;7.919307e-02
7.381609e-02;8.967458e-02;2.108987e-01;4.061833e-02;4.653231e-02;4.341830e-02;9.592219e-02;6.695770e-02;1.472873e-01;8.690818e-02;5.161346e-02;4.635292e-02
9.536101e-02;1.166335e-01;1.803466e-01;2.970126e-02;3.701814e-02;3.700496e-02;6.967221e-02;3.979784e-02;2.289489e-01;6.716286e-02;6.310161e-02;3.525100e-02
1.243346e-01;1.222749e-01;1.216199e-01;1.546622e-02;4.020904e-02;2.678945e-02;4.568743e-02;9.237725e-02;2.773099e-01;3.985493e-02;7.611682e-02;1.795960e-02
1.850435e-01;9.701310e-02;7.028373e-02;5.367008e-03;6.942969e-02;1.452279e-02;4.516796e-02;1.726131e-01;2.185735e-01;1.799302e-02;9.242976e-02;1.156285e-02
2.307712e-01;6.964161e-02;5.428448e-02;8.436202e-03;9.268516e-02;1.397341e-02;4.122336e-02;2.201614e-01;1.300620e-01;2.099082e-02;1.008597e-01;1.691064e-02
2.172719e-01;7.497250e-02;5.195532e-02;1.544148e-02;8.771493e-02;2.744100e-02;6.551783e-02;1.772366e-01;1.177878e-01;3.372141e-02;1.000789e-01;3.086038e-02
2.174425e-01;9.414692e-02;7.555102e-02;1.961527e-02;8.405377e-02;3.789726e-02;7.554681e-02;1.183885e-01;9.566478e-02;2.899729e-02;1.089413e-01;4.375455e-02
2.437656e-01;8.803312e-02;8.996464e-02;1.439962e-02;9.614339e-02;2.393880e-02;7.984925e-02;1.085646e-01;6.600498e-02;3.358599e-02;1.128027e-01;4.294733e-02
2.313117e-01;5.515376e-02;8.588190e-02;2.401173e-02;1.078007e-01;3.931312e-02;7.994869e-02;1.136281e-01;7.925714e-02;4.341805e-02;8.995267e-02;5.032250e-02
1.877441e-01;3.738682e-02;1.849088e-01;2.155128e-02;7.057019e-02;7.403227e-02;7.494700e-02;1.354307e-01;6.209186e-02;3.793715e-02;5.152095e-02;6.187896e-02
2.335225e-01;3.462780e-02;1.219306e-01;1.484611e-02;2.869864e-02;9.267308e-02;8.104903e-02;1.310610e-01;5.231147e-02;6.400830e-02;6.925280e-02;7.601868e-02
2.360768e-01;3.306428e-02;1.180617e-01;2.255581e-02;1.499322e-02;9.400114e-02;1.037661e-01;8.852948e-02;3.749685e-02;8.126869e-02;7.742040e-02;9.276553e-02
2.048676e-01;2.601213e-02;9.230960e-02;3.586664e-02;1.597841e-02;8.484519e-02;1.432266e-01;7.657013e-02;3.966969e-02;9.303466e-02;7.855821e-02;1.090611e-01
1.916928e-01;2.682064e-02;9.532885e-02;4.377727e-02;9.938007e-03;6.126444e-02;1.720782e-01;7.954944e-02;3.257852e-02;8.760098e-02;7.687461e-02;1.224963e-01
1.820852e-01;2.327845e-02;7.412693e-02;5.241618e-02;1.282285e-02;4.205256e-02;2.279588e-01;5.579468e-02;2.267170e-02;8.500589e-02;7.822908e-02;1.435578e-01
1.688257e-01;3.087145e-02;9.103341e-02;4.986934e-02;2.686520e-02;4.629719e-02;2.050995e-01;7.084517e-02;7.002269e-02;6.418562e-02;5.816383e-02;1.179209e-01
1.700823e-01;2.850984e-02;9.178597e-02;3.735792e-02;2.767203e-02;6.479887e-02;1.468419e-01;8.333045e-02;1.073893e-01;9.093270e-02;5.005993e-02;1.012387e-01
1.596805e-01;1.783695e-02;5.561435e-02;2.601442e-02;1.467534e-02;6.453240e-02;1.402913e-01;8.068810e-02;1.137483e-01;1.639467e-01;5.148113e-02;1.114904e-01
1.527952e-01;1.761851e-02;6.106875e-02;2.986924e-02;7.737034e-03;3.883404e-02;1.919009e-01;6.406412e-02;5.865302e-02;1.920856e-01;5.648410e-02;1.288895e-01
1.564308e-01;1.231569e-02;5.398760e-02;3.514262e-02;1.177117e-02;1.969322e-02;2.687382e-01;6.229804e-02;3.715028e-02;1.320600e-01;6.489063e-02;1.455217e-01
1.466523e-01;1.215483e-02;5.547200e-02;3.569088e-02;1.104811e-02;1.104644e-02;3.194153e-01;8.877875e-02;3.899620e-02;8.403470e-02;5.676892e-02;1.399416e-01
1.564098e-01;1.461617e-02;5.255109e-02;4.308131e-02;2.293752e-02;1.326336e-02;3.697694e-01;7.552566e-02;2.037995e-02;5.619384e-02;4.706530e-02;1.282067e-01
1.829311e-01;2.895549e-02;4.844403e-02;7.918239e-02;5.599674e-02;1.319946e-02;3.272372e-01;4.703644e-02;1.170128e-02;4.738143e-02;3.716840e-02;1.207661e-01
2.101223e-01;7.089322e-02;5.544876e-02;1.146229e-01;5.676489e-02;2.302857e-02;2.046092e-01;5.606498e-02;1.101656e-02;4.769098e-02;2.738435e-02;1.223533e-01
2.313465e-01;8.995415e-02;4.050144e-02;1.125515e-01;2.645218e-02;2.800303e-02;1.518830e-01;7.333571e-02;1.209811e-02;6.013329e-02;2.532238e-02;1.484187e-01
2.137292e-01;6.059745e-02;2.431805e-02;9.516161e-02;1.319174e-02;2.550599e-02;1.935740e-01;9.320223e-02;2.007205e-02;6.669601e-02;2.683797e-02;1.671137e-01
1.596738e-01;2.415074e-02;2.403355e-02;1.078586e-01;1.029234e-02;2.577439e-02;3.018361e-01;9.312140e-02;2.085585e-02;5.981843e-02;2.360416e-02;1.489807e-01
1.119066e-01;1.273087e-02;2.177035e-02;1.412262e-01;5.124499e-03;3.364907e-02;3.833836e-01;8.296154e-02;1.234669e-02;5.263614e-02;1.938820e-02;1.228762e-01
9.069903e-02;1.031184e-02;2.058398e-02;1.877622e-01;1.168414e-02;3.406573e-02;3.827590e-01;7.791805e-02;8.683632e-03;4.597259e-02;1.488157e-02;1.146782e-01
7.730315e-02;1.374601e-02;3.521083e-02;2.256387e-01;1.407271e-02;2.817135e-02;3.580027e-01;6.898644e-02;8.829609e-03;3.859354e-02;1.408183e-02;1.173632e-01
7.169004e-02;1.590679e-02;5.694325e-02;2.259078e-01;9.532378e-03;2.789729e-02;3.622261e-01;5.689080e-02;1.083394e-02;2.822744e-02;1.682767e-02;1.171165e-01
6.875754e-02;2.275103e-02;6.302140e-02;1.853284e-01;6.944648e-03;3.794353e-02;3.914036e-01;4.965181e-02;8.202225e-03;2.716993e-02;2.104379e-02;1.177821e-01
9.502403e-02;3.919441e-02;5.648625e-02;1.190482e-01;1.702701e-02;4.755624e-02;3.705393e-01;2.251044e-02;3.088662e-02;4.700257e-02;2.695854e-02;1.277664e-01
1.336732e-01;8.016685e-02;7.833325e-02;7.475122e-02;2.701630e-02;3.220099e-02;2.721502e-01;5.451038e-02;4.388971e-02;6.972911e-02;1.461976e-02;1.189590e-01
1.143216e-01;9.366822e-02;8.614196e-02;8.121294e-02;2.397395e-02;2.135569e-02;2.493346e-01;5.603051e-02;3.273755e-02;1.038539e-01;1.359020e-02;1.237789e-01
1.052427e-01;6.947522e-02;6.774098e-02;9.998683e-02;3.711864e-02;2.888597e-02;2.274211e-01;7.080769e-02;2.319707e-02;1.278637e-01;1.918955e-02;1.230705e-01
1.514503e-01;4.766746e-02;7.008949e-02;9.617516e-02;5.788580e-02;2.648042e-02;1.687896e-01;9.941724e-02;2.584592e-02;1.231932e-01;3.438713e-02;9.861839e-02
2.166335e-01;4.119441e-02;6.301199e-02;7.822406e-02;7.714368e-02;1.636347e-02;1.281990e-01;1.251042e-01;1.721541e-02;1.127598e-01;6.324620e-02;6.090433e-02
2.405706e-01;4.772564e-02;7.147745e-02;5.370320e-02;8.907213e-02;1.732598e-02;1.089496e-01;1.148456e-01;2.156369e-02;8.868762e-02;1.099531e-01;3.612520e-02
2.173692e-01;8.815607e-02;7.202755e-02;3.640014e-02;8.769260e-02;2.886782e-02;7.102818e-02;7.241403e-02;4.614196e-02;6.412508e-02;1.866217e-01;2.915566e-02
1.748179e-01;1.315603e-01;9.408514e-02;2.302890e-02;7.485367e-02;4.593914e-02;5.180576e-02;3.151575e-02;6.730417e-02;4.369661e-02;2.244453e-01;3.694729e-02
1.651340e-01;1.646324e-01;1.016211e-01;2.044476e-02;6.210567e-02;7.000204e-02;4.027005e-02;2.494766e-02;7.685983e-02;1.854229e-02;1.989307e-01;5.650942e-02
1.462361e-01;1.804940e-01;1.266189e-01;2.098980e-02;4.209775e-02;7.653405e-02;4.639376e-02;2.765055e-02;9.320273e-02;2.585484e-02;1.333879e-01;8.053957e-02
1.148879e-01;2.019359e-01;1.941335e-01;1.750208e-02;2.633145e-02;5.948251e-02;4.249701e-02;1.751380e-02;1.241654e-01;2.442711e-02;8.418532e-02;9.293801e-02
1.000079e-01;2.193484e-01;2.702194e-01;1.595210e-02;1.757899e-02;3.296163e-02;3.565018e-02;1.514657e-02;1.325147e-01;2.828712e-02;6.235875e-02;6.997420e-02
1.100383e-01;2.117624e-01;3.669533e-01;1.633277e-02;1.551080e-02;1.188853e-02;3.102910e-02;1.403342e-02;1.119237e-01;2.198225e-02;4.771429e-02;4.083119e-02
8.513927e-02;1.742584e-01;4.805555e-01;2.706039e-02;1.532906e-02;9.672206e-03;1.470631e-02;8.570937e-03;1.010946e-01;2.587949e-02;2.798826e-02;2.974550e-02
2.992560e-02;1.195294e-01;5.138279e-01;4.207578e-02;2.643445e-02;1.074792e-02;2.719609e-02;1.598487e-02;8.926903e-02;6.082267e-02;2.704861e-02;3.713775e-02
4.528451e-02;7.643524e-02;3.609501e-01;5.544447e-02;5.431434e-02;2.617614e-02;8.953858e-02;3.405050e-02;6.906534e-02;6.796157e-02;3.101482e-02;8.976440e-02
7.889783e-02;6.604328e-02;2.068108e-01;4.471432e-02;6.956287e-02;3.116897e-02;1.162142e-01;4.320023e-02;6.660126e-02;6.773266e-02;4.423654e-02;1.648170e-01
1.167904e-01;7.519536e-02;1.826129e-01;7.610331e-02;5.579574e-02;2.279787e-02;9.080733e-02;3.236425e-02;6.522687e-02;6.696771e-02;3.994348e-02;1.753948e-01
1.178079e-01;8.492655e-02;1.733395e-01;1.017001e-01;4.162449e-02;2.907504e-02;4.874501e-02;3.129875e-02;7.245497e-02;8.869504e-02;7.415272e-02;1.361800e-01
8.220519e-02;5.202345e-02;1.963352e-01;7.303487e-02;7.983716e-02;3.444678e-02;7.025889e-02;3.992412e-02;5.721207e-02;1.250403e-01;1.186925e-01;7.098952e-02
5.765654e-02;6.275868e-02;1.317521e-01;5.912235e-02;9.760601e-02;6.185173e-02;1.411809e-01;5.159840e-02;9.695008e-02;9.660149e-02;8.979186e-02;5.312983e-02
7.257284e-02;9.034968e-02;1.236297e-01;5.517042e-02;8.100492e-02;6.775482e-02;1.726481e-01;4.571408e-02;9.574911e-02;8.807902e-02;6.047358e-02;4.685375e-02
9.845430e-02;8.296169e-02;9.592658e-02;6.590161e-02;7.843279e-02;5.150018e-02;1.489927e-01;6.866208e-02;8.086465e-02;8.185402e-02;8.838470e-02;5.806471e-02
7.576787e-02;5.310182e-02;1.435484e-01;9.985216e-02;8.819243e-02;5.368467e-02;1.487981e-01;7.221394e-02;4.593604e-02;7.648829e-02;8.730134e-02;5.511498e-02
7.225540e-02;4.975549e-02;1.642829e-01;1.156076e-01;8.438846e-02;6.092783e-02;1.372864e-01;5.997864e-02;4.134431e-02;8.498386e-02;6.834243e-02;6.084669e-02
6.412077e-02;3.801902e-02;1.149492e-01;1.164311e-01;6.602281e-02;5.094720e-02;1.465043e-01;9.362368e-02;8.262260e-02;1.010044e-01;5.178650e-02;7.396835e-02
7.122157e-02;3.624962e-02;1.220850e-01;8.946922e-02;5.430805e-02;5.505631e-02;1.933659e-01;7.372873e-02;8.762640e-02;8.727689e-02;4.147174e-02;8.814058e-02
9.073973e-02;5.942951e-02;1.278535e-01;4.363172e-02;7.239306e-02;5.090134e-02;1.727478e-01;5.896841e-02;9.311101e-02;8.664078e-02;4.825463e-02;9.532858e-02
9.849742e-02;1.007902e-01;1.226234e-01;3.870882e-02;5.544821e-02;4.716170e-02;1.408889e-01;7.822897e-02;6.666234e-02;1.023007e-01;5.635864e-02;9.233077e-02
9.025908e-02;9.474255e-02;8.485787e-02;4.143678e-02;4.041189e-02;5.024375e-02;2.231070e-01;6.917974e-02;5.706993e-02;9.414584e-02;5.829061e-02;9.625497e-02
9.476307e-02;7.061821e-02;1.151163e-01;3.874629e-02;5.498373e-02;4.974842e-02;2.491527e-01;8.262180e-02;6.281114e-02;6.573752e-02;6.135440e-02;5.434643e-02
5.495088e-02;3.606509e-02;2.214972e-01;3.882921e-02;7.562620e-02;7.502531e-02;2.515227e-01;8.227308e-02;6.677102e-02;5.034634e-02;2.263915e-02;2.445390e-02
7.009007e-02;5.761436e-02;3.046158e-01;3.942163e-02;6.243892e-02;7.138336e-02;1.903372e-01;4.580727e-02;5.572510e-02;5.211685e-02;2.561496e-02;2.483455e-02
5.744137e-02;7.663197e-02;3.972606e-01;3.629228e-02;4.366663e-02;5.886223e-02;1.200031e-01;4.899607e-02;4.921644e-02;6.465364e-02;2.341077e-02;2.356493e-02
1.038558e-02;9.550828e-02;4.465513e-01;3.928850e-02;3.916964e-02;4.232744e-02;9.721935e-02;4.357818e-02;8.449747e-02;6.279419e-02;2.141109e-02;1.726905e-02
6.291312e-02;1.187856e-01;3.815240e-01;3.841159e-02;3.272936e-02;7.557487e-02;8.768451e-02;4.011888e-02;9.130853e-02;3.552755e-02;1.772281e-02;1.769920e-02
9.780248e-02;1.327511e-01;3.334094e-01;3.846256e-02;3.147184e-02;9.739533e-02;7.550600e-02;3.257379e-02;9.947340e-02;2.797426e-02;1.440387e-02;1.877598e-02
1.396854e-01;1.216016e-01;2.824011e-01;3.816867e-02;6.076616e-02;7.694931e-02;7.327347e-02;2.673432e-02;1.012677e-01;3.179726e-02;2.178601e-02;2.556903e-02
1.778596e-01;9.464763e-02;1.801076e-01;4.544878e-02;7.531584e-02;5.732089e-02;7.403504e-02;5.201677e-02;9.342365e-02;5.303784e-02;4.791827e-02;4.886811e-02
1.172075e-01;5.571908e-02;2.334758e-01;6.095326e-02;4.431418e-02;5.890856e-02;1.003644e-01;5.520874e-02;6.232488e-02;7.705265e-02;7.351642e-02;6.095443e-02
4.660025e-02;7.418922e-02;1.761108e-01;1.049296e-01;6.193658e-02;6.179322e-02;9.726524e-02;9.628961e-02;8.920217e-02;1.040295e-01;6.994861e-02;1.770516e-02
3.874053e-02;7.104409e-02;1.436933e-01;1.182202e-01;7.990729e-02;7.284839e-02;9.631719e-02;1.069832e-01;1.059949e-01;9.004928e-02;4.951076e-02;2.669087e-02
8.965562e-02;9.062253e-02;2.345771e-01;9.351630e-02;5.277097e-02;5.027411e-02;1.016493e-01;7.334281e-02;7.988520e-02;5.552050e-02;4.444176e-02;3.374384e-02
1.651044e-01;1.363780e-01;2.636543e-01;5.665524e-02;3.874863e-02;3.521914e-02;7.986081e-02;5.110456e-02;7.168357e-02;2.916024e-02;3.882645e-02;3.360472e-02
2.228357e-01;1.569453e-01;2.547392e-01;3.725704e-02;2.954923e-02;2.660917e-02;5.076773e-02;5.372611e-02;7.288919e-02;1.962303e-02;3.982831e-02;3.522994e-02
2.690526e-01;1.158205e-01;1.949581e-01;2.638796e-02;3.801358e-02;3.133060e-02;6.645874e-02;6.570284e-02;8.225153e-02;2.359816e-02;4.630503e-02;4.012038e-02
2.464920e-01;9.991227e-02;1.152922e-01;3.864557e-02;6.125400e-02;5.264422e-02;6.401234e-02;9.861106e-02;8.599661e-02;4.142313e-02;5.113949e-02;4.457711e-02
2.284688e-01;1.221242e-01;1.313094e-01;2.950819e-02;7.852694e-02;3.507512e-02;5.671564e-02;1.297853e-01;6.224755e-02;3.105832e-02;5.339396e-02;4.178651e-02
2.901061e-01;1.081161e-01;8.770201e-02;1.657515e-02;9.729254e-02;1.875743e-02;4.066246e-02;1.847946e-01;4.760305e-02;1.875336e-02;5.188045e-02;3.775677e-02
2.877863e-01;8.404218e-02;1.001038e-01;1.635735e-02;9.898461e-02;1.939145e-02;5.576890e-02;1.997245e-01;3.227278e-02;2.053875e-02;4.285630e-02;4.217313e-02
2.132950e-01;5.905956e-02;1.664650e-01;2.316062e-02;9.471962e-02;3.391034e-02;6.729291e-02;1.610503e-01;4.366372e-02;4.827318e-02;5.078245e-02;3.832726e-02
1.032992e-01;2.916390e-02;2.877816e-01;3.020889e-02;8.409349e-02;3.990801e-02;1.150228e-01;9.455521e-02;4.855939e-02;7.068190e-02;6.315151e-02;3.357400e-02
4.894428e-02;1.773947e-02;3.084832e-01;3.172966e-02;7.239080e-02;4.945415e-02;2.053346e-01;5.804278e-02;3.509866e-02;7.197584e-02;7.470977e-02;2.609673e-02
9.896822e-02;5.800676e-02;1.832492e-01;3.404407e-02;4.725007e-02;4.440533e-02;1.670095e-01;4.966106e-02;7.082403e-02;7.963233e-02;9.746271e-02;6.948670e-02
1.020141e-01;6.355635e-02;1.574109e-01;3.107543e-02;6.505012e-02;6.405523e-02;1.531081e-01;7.055039e-02;7.991014e-02;6.917092e-02;7.796887e-02;6.612951e-02
1.070891e-01;5.242286e-02;1.643847e-01;1.870712e-02;6.676827e-02;6.930138e-02;1.726061e-01;8.640978e-02;7.228235e-02;5.753128e-02;6.885489e-02;6.364208e-02
1.082581e-01;3.708365e-02;1.704468e-01;2.431014e-02;5.770316e-02;6.142345e-02;2.085392e-01;9.959563e-02;6.347596e-02;5.310139e-02;5.293104e-02;6.313140e-02
9.709661e-02;4.289261e-02;1.514708e-01;3.942002e-02;4.326624e-02;4.752773e-02;2.040391e-01;9.426893e-02;8.261316e-02;8.218233e-02;5.487033e-02;6.035211e-02
9.100059e-02;6.365601e-02;1.537012e-01;4.271135e-02;3.655212e-02;5.070075e-02;1.646153e-01;8.329919e-02;1.012284e-01;9.129024e-02;7.174757e-02;4.949726e-02
8.550812e-02;5.939657e-02;2.876339e-01;4.053677e-02;5.095837e-02;6.721547e-02;6.236367e-02;7.483217e-02;7.938035e-02;8.737343e-02;7.222675e-02;3.257442e-02
7.703499e-02;8.038361e-02;3.499607e-01;4.593291e-02;5.672533e-02;6.801516e-02;1.058823e-01;5.682760e-02;3.548796e-02;5.096464e-02;4.755392e-02;2.523078e-02
9.582055e-02;1.396639e-01;3.037506e-01;4.744790e-02;4.510783e-02;5.611420e-02;1.027613e-01;4.213637e-02;5.316294e-02;4.021864e-02;3.961057e-02;3.420518e-02
1.710869e-01;1.809569e-01;2.030965e-01;3.829545e-02;5.269995e-02;5.334803e-02;6.153638e-02;3.701730e-02;7.069221e-02;3.617897e-02;5.443786e-02;4.065365e-02
2.095957e-01;2.166464e-01;1.406846e-01;3.105797e-02;4.087713e-02;5.325042e-02;5.068454e-02;4.082797e-02;9.917504e-02;3.632235e-02;4.808237e-02;3.279542e-02
2.106463e-01;2.373067e-01;1.812203e-01;3.096282e-02;2.234302e-02;5.495878e-02;3.121433e-02;3.754832e-02;1.265823e-01;2.697278e-02;2.171815e-02;1.852626e-02
2.388545e-01;2.205703e-01;1.776284e-01;2.612610e-02;2.401982e-02;4.161480e-02;1.945934e-02;3.877594e-02;1.226643e-01;2.750171e-02;3.132965e-02;3.145504e-02
3.022792e-01;1.726480e-01;1.318213e-01;2.559427e-02;2.858830e-02;2.813088e-02;4.552518e-02;4.638538e-02;9.790514e-02;2.675844e-02;5.198991e-02;4.237398e-02
2.848789e-01;1.195710e-01;1.315854e-01;3.512121e-02;3.015066e-02;3.805908e-02;7.072455e-02;4.437812e-02;7.530302e-02;5.140222e-02;6.300221e-02;5.582369e-02
1.402676e-01;1.074353e-01;1.445868e-01;4.104168e-02;5.861495e-02;6.088888e-02;8.169241e-02;7.412432e-02;6.480041e-02;9.096558e-02;7.044423e-02;6.513785e-02
6.853631e-02;9.821543e-02;1.452773e-01;5.328847e-02;7.629614e-02;8.151210e-02;6.758598e-02;7.434943e-02;6.833390e-02;1.289607e-01;3.790716e-02;9.973706e-02
6.240154e-02;7.353342e-02;9.088271e-02;1.000561e-01;4.380523e-02;8.792721e-02;1.178271e-01;8.108190e-02;5.803984e-02;1.558381e-01;4.823042e-02;8.037648e-02
