4.798134e-02;5.744695e-02;1.384124e-01;8.138638e-02;8.621110e-02;4.348516e-02;8.280320e-02;9.858113e-02;1.133587e-01;8.742370e-02;8.037677e-02;8.253312e-02
5.889819e-02;5.869798e-02;1.211689e-01;6.010557e-02;7.690930e-02;6.419217e-02;9.983154e-02;8.486195e-02;1.346657e-01;8.561830e-02;1.013884e-01;5.366191e-02
9.686183e-02;6.956418e-02;1.039783e-01;7.376643e-02;6.168671e-02;6.340399e-02;1.079122e-01;9.285146e-02;1.149015e-01;7.685798e-02;8.488095e-02;5.333439e-02
8.701497e-02;8.330930e-02;1.428537e-01;5.217168e-02;5.622996e-02;9.087083e-02;8.573826e-02;9.335522e-02;1.302005e-01;6.482935e-02;5.953097e-02;5.389528e-02
7.773419e-02;6.392422e-02;1.892246e-01;7.748762e-02;6.524026e-02;6.312653e-02;1.119754e-01;8.811604e-02;1.067403e-01;5.014014e-02;5.802460e-02;4.826611e-02
5.782858e-02;4.332495e-02;2.024807e-01;8.634645e-02;6.686572e-02;6.002582e-02;1.246923e-01;7.662521e-02;1.407502e-01;3.641932e-02;5.926417e-02;4.537655e-02
5.088581e-02;4.829136e-02;1.640738e-01;7.818858e-02;5.700343e-02;9.495100e-02;1.145879e-01;5.986757e-02;1.997028e-01;4.008147e-02;4.093802e-02;5.142825e-02
5.872791e-02;6.285346e-02;9.227432e-02;5.440595e-02;3.569028e-02;1.023694e-01;1.072796e-01;8.094358e-02;2.512286e-01;6.493862e-02;3.652173e-02;5.276657e-02
7.481902e-02;5.584225e-02;6.598362e-02;3.245767e-02;5.288684e-02;7.552169e-02;1.230854e-01;1.403933e-01;2.088435e-01;5.941256e-02;8.291976e-02;2.783435e-02
1.118878e-01;4.212386e-02;7.335534e-02;2.886466e-02;7.421628e-02;5.877984e-02;1.220545e-01;2.058688e-01;1.062614e-01;6.011264e-02;8.974054e-02;2.673426e-02
1.275613e-01;3.273481e-02;7.173984e-02;4.256224e-02;6.492298e-02;8.688246e-02;1.321757e-01;2.205358e-01;5.688458e-02;6.902365e-02;6.799182e-02;2.698485e-02
1.108522e-01;3.024585e-02;9.618367e-02;9.186762e-02;4.459706e-02;1.180602e-01;1.660269e-01;1.565562e-01;5.392601e-02;6.666174e-02;4.157059e-02;2.345195e-02
1.001671e-01;5.170929e-02;1.412434e-01;1.293813e-01;2.763200e-02;1.029112e-01;1.673726e-01;1.066158e-01;5.173198e-02;5.706204e-02;3.002789e-02;3.414524e-02
8.102816e-02;5.536857e-02;1.687954e-01;1.540071e-01;4.496736e-02;5.565003e-02;1.789806e-01;8.481087e-02;4.627760e-02;4.154911e-02;3.161326e-02;5.695203e-02
4.363677e-02;3.806708e-02;2.291317e-01;1.343222e-01;7.607837e-02;3.467714e-02;2.175381e-01;6.852659e-02;5.391945e-02;2.469950e-02;2.208058e-02;5.732252e-02
2.611682e-02;1.576083e-02;2.537653e-01;1.066030e-01;8.875426e-02;4.809896e-02;2.488784e-01;5.168709e-02;5.078425e-02;3.205977e-02;3.540223e-02;4.208901e-02
2.282995e-02;4.892891e-02;2.180434e-01;1.020632e-01;7.973295e-02;5.472516e-02;2.809948e-01;6.043269e-02;3.551226e-02;3.044115e-02;2.847736e-02;3.781821e-02
1.846499e-02;5.346669e-02;1.422363e-01;9.152000e-02;5.508832e-02;7.236561e-02;2.885525e-01;7.363981e-02;4.274322e-02;5.292597e-02;3.091331e-02;7.808336e-02
2.211083e-02;3.632449e-02;8.581980e-02;5.260424e-02;5.790457e-02;6.311926e-02;2.707141e-01;9.683602e-02;9.933917e-02;9.224984e-02;3.130574e-02;9.167185e-02
2.381650e-02;1.849671e-02;6.200577e-02;6.251244e-02;5.942584e-02;3.857950e-02;2.970619e-01;8.892349e-02;1.136791e-01;1.199272e-01;2.175000e-02;9.382149e-02
3.045077e-02;3.172645e-02;3.242651e-02;8.277336e-02;3.801580e-02;5.485794e-02;2.852598e-01;7.443147e-02;1.233202e-01;1.462129e-01;2.044141e-02;8.008332e-02
4.004256e-02;2.483658e-02;3.509419e-02;6.871829e-02;4.396540e-02;7.526999e-02;1.988078e-01;1.277930e-01;1.410153e-01;1.655534e-01;3.893074e-02;3.997269e-02
7.450120e-02;2.517716e-02;4.315039e-02;5.176479e-02;5.929780e-02;6.268790e-02;1.097321e-01;2.132983e-01;1.309415e-01;1.458139e-01;5.523042e-02;2.840459e-02
1.099599e-01;4.118871e-02;4.286309e-02;2.976212e-02;8.546602e-02;4.491195e-02;7.100970e-02;2.597373e-01;8.124696e-02;9.503448e-02;9.581471e-02;4.300506e-02
1.060576e-01;4.480355e-02;6.107246e-02;4.100079e-02;7.696511e-02;3.223016e-02;1.420718e-01;2.161590e-01;7.343033e-02;6.371598e-02;1.003120e-01;4.218115e-02
8.908622e-02;3.013865e-02;1.033851e-01;6.335892e-02;7.177907e-02;4.614322e-02;1.967199e-01;1.565978e-01;8.833256e-02;4.726047e-02;8.182310e-02;2.537497e-02
8.806743e-02;2.052956e-02;1.238592e-01;5.616685e-02;6.667389e-02;5.169097e-02;1.741488e-01;1.689112e-01;6.875839e-02;6.375928e-02;9.431387e-02;2.312047e-02
1.125109e-01;3.016397e-02;1.106490e-01;3.107444e-02;6.992126e-02;4.238952e-02;1.184153e-01;1.934394e-01;4.200953e-02;8.558048e-02;1.402008e-01;2.364542e-02
1.084079e-01;3.454175e-02;6.316451e-02;4.099136e-02;7.824335e-02;3.056946e-02;1.410646e-01;1.983566e-01;6.231224e-02;9.486337e-02;1.155354e-01;3.194952e-02
1.084351e-01;5.576562e-02;7.644488e-02;5.086225e-02;7.384294e-02;5.525438e-02;1.856512e-01;1.474060e-01;5.363921e-02;9.763177e-02;6.081560e-02;3.425105e-02
6.417072e-02;7.341472e-02;1.234178e-01;5.208728e-02;5.341740e-02;8.144064e-02;1.836873e-01;6.270469e-02;5.965692e-02;1.120795e-01;7.795624e-02;5.596689e-02
1.262487e-01;6.950217e-02;1.641131e-01;5.708957e-02;5.497313e-02;4.725721e-02;9.265861e-02;7.199933e-02;6.771527e-02;1.390337e-01;5.022686e-02;5.918232e-02
1.863666e-01;9.658123e-02;1.590861e-01;3.637444e-02;4.316361e-02;3.107687e-02;1.072169e-01;4.565681e-02;7.980797e-02;9.058870e-02;4.693262e-02;7.714818e-02
2.359610e-01;1.151483e-01;1.377000e-01;3.063794e-02;3.409822e-02;1.982765e-02;1.079786e-01;3.558054e-02;7.538135e-02;6.029605e-02;5.605561e-02;9.133480e-02
2.641584e-01;1.000431e-01;9.091188e-02;4.830537e-02;3.599935e-02;1.712284e-02;1.219505e-01;3.181591e-02;5.103225e-02;8.304333e-02;7.111038e-02;8.450670e-02
2.491361e-01;5.903206e-02;4.364780e-02;5.391547e-02;4.395285e-02;2.519564e-02;1.626136e-01;3.570193e-02;3.816881e-02;1.041006e-01;9.141802e-02;9.311707e-02
2.047660e-01;5.228278e-02;7.197861e-02;3.834453e-02;5.563256e-02;4.706027e-02;1.571519e-01;3.682279e-02;3.851856e-02;9.764054e-02;1.021121e-01;9.768929e-02
1.457122e-01;8.893443e-02;1.130899e-01;2.310443e-02;7.643327e-02;6.153810e-02;1.336701e-01;3.596109e-02;3.944267e-02;9.549673e-02;8.974451e-02;9.687266e-02
7.672939e-02;1.240848e-01;1.119750e-01;3.603339e-02;8.547081e-02;6.591728e-02;1.367165e-01;4.458361e-02;3.822217e-02;1.067625e-01;9.525629e-02;7.824820e-02
1.177388e-01;1.212080e-01;1.244820e-01;2.852538e-02;6.428367e-02;6.090034e-02;1.014830e-01;4.568648e-02;4.302580e-02;1.097933e-01;1.059681e-01;7.690516e-02
6.667795e-02;1.033589e-01;1.361752e-01;3.987727e-02;5.432266e-02;6.587771e-02;1.756548e-01;3.959992e-02;4.917439e-02;1.166440e-01;8.670780e-02;6.592946e-02
8.214595e-02;9.870957e-02;1.020687e-01;3.825822e-02;8.949041e-02;6.519939e-02;2.297497e-01;4.948649e-02;5.233582e-02;9.995857e-02;5.956883e-02;3.302829e-02
7.505534e-02;9.183599e-02;8.109134e-02;5.130370e-02;9.340612e-02;7.247712e-02;2.007421e-01;6.347974e-02;8.000107e-02;1.225451e-01;3.433178e-02;3.373052e-02
7.146268e-02;5.953910e-02;1.395402e-01;5.454227e-02;8.163349e-02;6.537577e-02;1.670483e-01;6.458595e-02;1.067532e-01;1.211073e-01;3.301409e-02;3.539767e-02
8.271352e-02;5.512009e-02;1.344733e-01;4.436760e-02;8.906496e-02;6.232507e-02;2.389170e-01;7.256635e-02;6.426605e-02;7.447947e-02;3.817625e-02;4.353036e-02
1.041834e-01;8.725398e-02;9.382504e-02;3.345351e-02;8.371615e-02;7.668807e-02;2.652641e-01;6.509726e-02;3.893236e-02;6.531774e-02;3.709897e-02;4.916953e-02
1.277342e-01;9.519339e-02;9.209865e-02;3.374578e-02;8.677013e-02;7.795760e-02;2.202968e-01;4.365670e-02;3.226514e-02;6.969479e-02;6.251078e-02;5.807605e-02
1.428285e-01;7.395662e-02;1.420134e-01;3.755227e-02;1.080467e-01;7.131135e-02;1.229455e-01;2.399924e-02;3.511885e-02;8.372473e-02;8.858223e-02;6.992066e-02
1.083823e-01;3.478989e-02;1.912659e-01;3.285820e-02;1.181600e-01;1.157753e-01;1.083963e-01;1.354308e-02;3.254290e-02;8.729052e-02;9.840412e-02;5.859139e-02
4.677957e-02;3.470742e-02;1.492524e-01;2.700709e-02;9.705438e-02;1.624764e-01;2.141734e-01;2.207094e-02;3.290507e-02;7.831459e-02;9.588942e-02;3.936933e-02
3.868549e-02;2.499097e-02;1.476637e-01;3.197197e-02;7.954952e-02;1.557265e-01;2.710047e-01;2.158881e-02;4.395865e-02;6.749404e-02;7.855132e-02;3.881423e-02
3.424141e-02;4.028099e-02;1.645051e-01;2.785204e-02;6.901904e-02;1.557880e-01;2.707081e-01;2.492216e-02;3.993435e-02;6.355822e-02;7.527907e-02;3.391145e-02
4.339399e-02;4.377337e-02;1.494954e-01;2.299006e-02;7.981401e-02;1.503180e-01;2.678714e-01;3.168157e-02;2.904255e-02;6.405887e-02;8.517461e-02;3.238621e-02
5.789468e-02;4.385210e-02;1.498136e-01;2.839153e-02;8.825177e-02;1.210345e-01;2.691414e-01;4.242684e-02;2.778339e-02;6.166090e-02;7.032601e-02;3.942324e-02
4.944167e-02;3.373937e-02;1.169674e-01;4.934180e-02;6.987911e-02;1.178984e-01;2.622257e-01;7.396315e-02;7.839331e-02;3.535638e-02;7.904772e-02;3.374604e-02
4.142154e-02;2.551801e-02;7.912668e-02;6.319634e-02;6.521546e-02;1.191785e-01;1.801107e-01;9.183402e-02;1.255466e-01;6.644204e-02;1.131947e-01;2.921526e-02
4.427129e-02;3.251531e-02;5.273832e-02;7.901502e-02;6.273568e-02;1.013400e-01;1.336240e-01;9.155293e-02;1.161567e-01;1.114504e-01;1.452570e-01;2.934334e-02
4.581499e-02;4.591459e-02;4.729411e-02;1.029134e-01;5.838174e-02;8.052830e-02;1.315469e-01;8.815563e-02;5.949372e-02;1.113616e-01;1.816280e-01;4.696693e-02
4.252362e-02;4.112164e-02;6.797385e-02;1.018142e-01;5.009053e-02;6.558286e-02;1.085480e-01;1.135011e-01;4.245623e-02;9.092765e-02;2.203465e-01;5.511378e-02
7.184972e-02;3.382881e-02;9.340730e-02;5.830997e-02;3.875309e-02;8.001021e-02;7.334647e-02;7.319312e-02;6.877344e-02;1.405964e-01;2.277386e-01;4.019284e-02
9.390725e-02;2.624889e-02;1.104635e-01;2.331126e-02;3.064913e-02;9.297381e-02;6.358020e-02;4.008682e-02;1.075530e-01;1.629021e-01;2.072582e-01;4.106584e-02
1.014184e-01;2.512453e-02;1.134333e-01;1.527102e-02;2.834436e-02;9.942731e-02;6.914330e-02;3.820952e-02;1.185830e-01;1.582538e-01;1.902876e-01;4.250391e-02
1.066800e-01;2.928105e-02;1.036087e-01;2.616784e-02;2.928415e-02;1.055299e-01;7.941156e-02;5.760863e-02;1.055659e-01;1.274952e-01;1.795337e-01;4.983321e-02
1.227134e-01;3.488464e-02;9.941419e-02;3.021771e-02;2.652460e-02;1.183982e-01;8.362601e-02;7.323787e-02;7.533181e-02;9.560271e-02;1.888942e-01;5.115473e-02
1.247631e-01;3.427228e-02;8.217017e-02;3.004444e-02;3.099929e-02;1.076768e-01;1.010537e-01;9.534876e-02;8.590310e-02;8.185186e-02;1.774924e-01;4.842417e-02
1.248306e-01;3.105099e-02;7.392613e-02;4.228005e-02;4.713532e-02;8.399966e-02;1.295122e-01;1.147500e-01;7.707116e-02;8.439279e-02;1.377367e-01;5.331446e-02
1.277624e-01;3.477963e-02;9.963566e-02;5.946806e-02;6.250072e-02;6.933921e-02;1.424639e-01;1.162888e-01;5.690797e-02;7.734702e-02;9.627074e-02;5.723593e-02
1.452658e-01;2.849723e-02;1.259900e-01;6.262787e-02;7.198462e-02;6.216461e-02;1.208994e-01;9.826611e-02;5.451378e-02;8.682974e-02;9.565773e-02;4.730310e-02
1.515629e-01;4.094756e-02;1.273812e-01;4.811505e-02;6.180272e-02;4.776239e-02;5.765977e-02;1.114904e-01;4.328837e-02;1.222650e-01;1.351625e-01;5.256217e-02
1.011942e-01;4.544834e-02;8.598952e-02;3.455169e-02;6.035206e-02;4.368624e-02;9.488242e-02;1.392950e-01;4.861873e-02;1.439753e-01;1.549451e-01;4.706144e-02
6.670945e-02;3.948354e-02;9.481039e-02;5.083924e-02;5.873289e-02;6.271768e-02;8.351289e-02;1.073320e-01;4.992061e-02;1.489467e-01;1.822057e-01;5.478895e-02
7.390226e-02;5.141093e-02;1.310915e-01;6.007822e-02;4.603893e-02;7.084636e-02;9.153412e-02;1.017334e-01;5.481957e-02;1.101236e-01;1.609071e-01;4.751391e-02
8.236959e-02;5.538281e-02;1.194635e-01;6.071967e-02;4.887912e-02;7.463015e-02;1.436381e-01;7.742932e-02;5.984970e-02;8.993182e-02;1.456401e-01;4.206615e-02
8.676031e-02;5.001491e-02;9.173854e-02;4.009905e-02;5.429626e-02;8.584970e-02;1.289560e-01;7.479805e-02;4.679386e-02;1.259919e-01;1.711989e-01;4.350246e-02
9.386297e-02;3.813665e-02;8.192992e-02;4.772689e-02;7.581136e-02;8.093335e-02;1.260902e-01;7.084557e-02;5.530391e-02;1.118318e-01;1.652164e-01;5.231100e-02
9.817255e-02;5.772902e-02;1.084903e-01;3.987803e-02;8.452734e-02;9.275363e-02;1.186365e-01;4.519914e-02;5.329393e-02;8.070178e-02;1.729906e-01;4.762716e-02
9.997521e-02;9.318048e-02;1.598850e-01;5.084252e-02;7.201298e-02;6.570486e-02;1.033762e-01;5.227325e-02;7.281417e-02;1.043764e-01;7.668618e-02;4.887271e-02
1.038480e-01;1.141927e-01;1.850411e-01;4.964449e-02;5.187127e-02;5.992673e-02;8.997661e-02;4.205952e-02;1.084028e-01;1.131368e-01;3.892944e-02;4.297052e-02
1.158254e-01;1.106784e-01;1.950606e-01;3.613191e-02;4.531276e-02;5.666150e-02;9.911333e-02;4.753116e-02;1.052240e-01;9.841481e-02;4.851351e-02;4.153254e-02
1.113125e-01;6.934691e-02;1.807072e-01;5.649300e-02;4.609530e-02;5.523084e-02;1.373968e-01;7.496117e-02;7.280292e-02;8.204689e-02;5.843496e-02;5.517145e-02
1.255314e-01;5.321983e-02;1.889970e-01;6.301862e-02;5.118407e-02;5.248495e-02;1.447991e-01;9.183853e-02;4.147458e-02;7.103775e-02;5.431383e-02;6.210024e-02
1.664615e-01;7.834550e-02;1.911309e-01;4.925977e-02;3.864846e-02;4.618285e-02;1.072088e-01;8.741115e-02;4.265555e-02;7.574195e-02;5.927378e-02;5.767976e-02
1.670182e-01;1.143990e-01;1.352297e-01;4.308132e-02;5.862294e-02;4.647699e-02;8.392768e-02;9.514254e-02;5.553106e-02;8.626840e-02;6.497810e-02;4.932402e-02
1.333511e-01;1.558034e-01;1.685622e-01;4.683176e-02;4.120036e-02;3.321467e-02;1.223587e-01;7.475327e-02;3.485890e-02;7.636086e-02;6.065609e-02;5.204874e-02
8.855589e-02;1.222224e-01;2.247036e-01;5.803750e-02;4.517632e-02;3.807407e-02;1.711561e-01;4.908980e-02;2.795303e-02;7.588358e-02;4.436657e-02;5.478118e-02
5.988653e-02;8.756080e-02;2.026851e-01;6.495766e-02;4.234570e-02;3.084150e-02;2.272335e-01;5.705215e-02;5.381028e-02;9.507833e-02;3.627834e-02;4.227017e-02
9.602243e-02;7.052142e-02;8.437195e-02;5.188114e-02;4.604272e-02;2.207174e-02;2.669930e-01;3.964112e-02;7.656663e-02;1.473136e-01;6.931400e-02;2.926019e-02
9.366939e-02;5.501975e-02;1.461132e-01;4.968541e-02;4.756992e-02;3.775498e-02;2.325705e-01;6.383628e-02;6.583741e-02;1.203625e-01;5.570146e-02;3.187919e-02
1.096391e-01;7.300247e-02;1.741159e-01;6.297835e-02;3.735041e-02;3.684580e-02;1.929275e-01;8.460961e-02;5.817226e-02;9.660318e-02;4.636294e-02;2.739247e-02
1.513636e-01;8.527213e-02;1.636189e-01;6.439319e-02;3.932173e-02;4.431022e-02;1.341095e-01;7.063995e-02;5.736247e-02;8.480871e-02;6.391563e-02;4.088390e-02
2.106346e-01;1.419883e-01;9.352421e-02;6.015004e-02;4.190342e-02;5.617812e-02;1.109923e-01;5.900408e-02;5.926064e-02;5.180781e-02;6.574589e-02;4.881053e-02
1.842783e-01;1.368805e-01;1.288437e-01;5.963285e-02;4.080781e-02;6.331161e-02;9.255332e-02;6.199279e-02;6.944460e-02;3.568897e-02;7.880271e-02;4.776279e-02
1.054615e-01;1.102111e-01;1.319363e-01;6.452630e-02;7.695620e-02;6.861679e-02;1.617852e-01;4.144082e-02;6.779104e-02;5.852189e-02;3.642999e-02;7.632284e-02
8.654927e-02;7.881562e-02;1.269740e-01;5.322746e-02;6.277429e-02;7.774310e-02;1.158201e-01;1.224681e-01;7.618965e-02;4.508059e-02;6.913693e-02;8.522080e-02
4.045936e-02;6.398654e-02;1.017183e-01;6.932656e-02;5.097797e-02;8.196280e-02;9.966359e-02;1.615425e-01;1.032963e-01;5.035976e-02;1.006614e-01;7.604494e-02
1.763060e-02;5.169000e-02;6.996772e-02;7.622419e-02;3.651879e-02;8.577958e-02;1.156698e-01;1.701911e-01;1.169564e-01;1.035506e-01;9.580833e-02;6.001295e-02
3.242618e-02;3.776281e-02;4.925059e-02;7.331869e-02;3.514098e-02;9.562850e-02;1.343557e-01;1.604712e-01;1.219533e-01;1.687756e-01;5.429608e-02;3.662030e-02
3.539819e-02;3.184839e-02;4.288820e-02;7.478531e-02;4.160556e-02;9.412419e-02;1.286820e-01;1.588093e-01;1.224006e-01;2.142688e-01;3.555897e-02;1.963040e-02
3.263360e-02;4.755840e-02;4.001231e-02;8.785845e-02;3.526102e-02;6.395523e-02;1.711434e-01;1.189479e-01;1.121300e-01;2.044607e-01;4.197840e-02;4.406060e-02
3.450127e-02;6.918230e-02;4.692129e-02;8.946719e-02;2.836438e-02;3.912951e-02;2.134603e-01;9.102363e-02;1.287109e-01;1.626953e-01;3.519531e-02;6.134860e-02
2.983404e-02;7.331490e-02;7.537739e-02;7.125431e-02;5.201356e-02;4.935898e-02;1.975359e-01;1.141807e-01;1.292684e-01;1.064287e-01;3.793286e-02;6.350027e-02
4.208702e-02;6.163250e-02;1.158247e-01;6.359170e-02;6.852712e-02;8.302753e-02;1.582233e-01;1.280176e-01;8.724396e-02;9.917364e-02;3.999076e-02;5.266024e-02
3.579932e-02;6.949676e-02;1.443519e-01;6.850577e-02;6.608041e-02;9.493767e-02;1.362651e-01;1.156853e-01;6.206316e-02;1.138228e-01;4.597937e-02;4.701239e-02
2.096083e-02;1.059267e-01;1.108031e-01;9.734958e-02;5.872007e-02;7.639544e-02;1.148166e-01;1.229527e-01;1.178336e-01;9.339157e-02;3.670789e-02;4.414191e-02
2.759939e-02;1.262128e-01;7.534255e-02;6.897841e-02;4.118671e-02;7.365654e-02;1.927468e-01;1.761418e-01;1.031058e-01;4.175432e-02;2.896464e-02;4.431015e-02
3.359561e-02;8.221559e-02;5.750811e-02;4.214194e-02;4.743204e-02;5.644676e-02;2.597203e-01;1.444016e-01;8.430888e-02;8.903441e-02;6.518776e-02;3.800698e-02
3.543038e-02;5.489060e-02;9.297314e-02;4.664684e-02;4.242709e-02;5.603885e-02;2.989349e-01;1.080362e-01;6.395316e-02;9.224509e-02;7.303640e-02;3.538730e-02
3.233941e-02;7.338784e-02;7.695918e-02;1.073088e-01;4.013917e-02;4.194397e-02;2.475602e-01;1.003182e-01;8.285009e-02;9.650534e-02;6.440831e-02;3.627947e-02
8.672606e-02;6.367186e-02;9.868243e-02;1.139050e-01;5.740213e-02;7.836500e-02;1.101554e-01;5.538590e-02;1.414992e-01;1.028563e-01;6.189039e-02;2.946021e-02
7.431848e-02;4.886339e-02;1.350196e-01;9.883498e-02;7.873132e-02;7.090456e-02;7.876264e-02;1.134406e-01;9.762088e-02;9.481248e-02;6.543149e-02;4.325947e-02
7.095852e-02;2.817805e-02;1.288835e-01;9.504098e-02;1.067859e-01;6.378074e-02;9.488576e-02;1.505560e-01;7.133108e-02;7.729158e-02;7.062616e-02;4.168173e-02
8.731843e-02;3.093554e-02;9.819654e-02;9.306645e-02;1.079782e-01;5.585520e-02;1.208171e-01;1.480611e-01;9.005557e-02;7.610966e-02;6.027775e-02;3.132858e-02
6.390753e-02;3.891609e-02;1.284947e-01;1.046056e-01;7.537960e-02;3.891228e-02;1.457480e-01;1.030727e-01;9.369067e-02;1.108114e-01;5.698804e-02;3.947345e-02
5.291608e-02;5.785840e-02;2.012481e-01;8.296131e-02;5.406837e-02;3.899632e-02;1.280327e-01;8.914290e-02;6.345424e-02;1.138271e-01;6.704678e-02;5.044763e-02
5.724403e-02;7.840151e-02;2.398829e-01;4.510950e-02;4.382997e-02;4.234344e-02;1.075298e-01;9.549952e-02;8.534996e-02;8.963553e-02;7.389754e-02;4.127631e-02
5.910334e-02;7.638736e-02;2.079021e-01;5.809464e-02;5.331809e-02;3.884825e-02;1.545391e-01;8.818436e-02;8.075733e-02;8.904052e-02;6.853757e-02;2.528732e-02
9.480207e-02;3.400280e-02;1.474797e-01;7.965780e-02;7.443577e-02;4.535859e-02;1.933185e-01;5.927926e-02;5.723749e-02;1.155057e-01;7.163753e-02;2.728473e-02
5.349312e-02;4.295231e-02;8.086975e-02;8.851212e-02;1.018817e-01;7.495879e-02;2.417377e-01;5.108413e-02;4.203979e-02;1.202632e-01;7.440583e-02;2.780148e-02
3.165562e-02;5.407701e-02;2.041058e-01;7.396384e-02;1.113072e-01;5.652433e-02;2.341276e-01;2.676829e-02;3.466562e-02;8.456556e-02;6.220942e-02;2.602976e-02
7.599435e-02;1.070524e-01;1.915664e-01;4.718591e-02;9.154201e-02;3.789071e-02;2.331255e-01;3.876601e-02;1.996304e-02;7.823182e-02;4.219032e-02;3.649155e-02
1.439106e-01;1.254688e-01;6.209777e-02;5.422657e-02;5.591746e-02;4.885910e-02;2.073653e-01;7.050141e-02;4.194225e-02;7.099235e-02;5.243482e-02;6.628363e-02
1.995594e-01;1.187181e-01;7.144665e-02;4.681630e-02;2.970541e-02;3.532924e-02;1.766635e-01;6.801619e-02;4.870975e-02;6.294062e-02;5.671350e-02;8.538131e-02
2.249057e-01;8.374657e-02;1.286995e-01;3.901283e-02;3.106062e-02;4.283132e-02;1.345965e-01;4.579927e-02;4.906220e-02;5.653063e-02;7.094846e-02;9.280645e-02
2.238323e-01;9.601967e-02;1.685132e-01;4.326407e-02;3.622941e-02;5.120577e-02;8.972386e-02;4.271691e-02;3.696446e-02;4.467553e-02;7.511082e-02;9.174396e-02
1.884093e-01;8.591993e-02;1.794700e-01;4.705480e-02;5.974269e-02;5.559065e-02;1.272527e-01;5.230835e-02;3.454904e-02;3.683917e-02;6.201376e-02;7.084956e-02
1.471065e-01;9.263427e-02;1.735332e-01;4.404574e-02;8.015592e-02;5.719244e-02;1.509604e-01;6.180151e-02;5.185509e-02;5.689465e-02;4.878332e-02;3.503694e-02
1.342677e-01;6.837980e-02;1.357827e-01;3.690493e-02;9.310021e-02;1.095605e-01;1.511370e-01;5.120851e-02;4.992708e-02;7.063508e-02;6.831773e-02;3.077881e-02
1.176119e-01;1.727014e-02;1.123721e-01;2.194462e-02;9.423869e-02;1.663501e-01;2.121066e-01;3.624309e-02;2.135587e-02;6.977031e-02;8.744844e-02;4.328818e-02
8.034984e-02;3.180721e-02;1.185534e-01;1.923380e-02;8.297814e-02;1.684661e-01;2.179145e-01;4.751651e-02;2.320506e-02;7.330421e-02;8.766914e-02;4.900217e-02
5.370986e-02;3.857626e-02;1.435536e-01;2.475583e-02;8.097314e-02;1.523172e-01;2.252896e-01;5.127607e-02;2.040322e-02;7.248794e-02;8.753262e-02;4.912470e-02
5.053388e-02;4.395889e-02;1.377814e-01;2.946823e-02;8.836719e-02;1.402447e-01;2.172102e-01;5.898974e-02;2.346011e-02;7.088750e-02;9.126192e-02;4.783626e-02
4.909816e-02;3.309295e-02;1.139815e-01;3.466352e-02;1.112317e-01;1.506623e-01;2.138101e-01;5.499321e-02;2.763378e-02;6.481536e-02;9.866558e-02;4.735175e-02
4.820299e-02;4.898449e-02;1.238637e-01;3.122633e-02;1.068581e-01;1.478427e-01;2.126665e-01;4.761104e-02;3.646841e-02;6.587678e-02;8.761726e-02;4.278171e-02
8.504219e-02;7.254957e-02;1.462966e-01;3.986439e-02;7.427308e-02;9.550703e-02;2.396013e-01;5.021081e-02;4.925213e-02;4.842248e-02;6.373323e-02;3.524715e-02
1.042890e-01;9.628718e-02;1.373793e-01;3.377922e-02;7.424693e-02;7.663655e-02;2.380344e-01;4.196672e-02;4.448127e-02;4.328855e-02;6.158410e-02;4.802678e-02
9.017915e-02;1.057569e-01;1.357123e-01;2.625679e-02;9.793829e-02;9.312918e-02;2.426561e-01;2.905122e-02;4.022613e-02;3.533512e-02;6.033986e-02;4.341888e-02
6.349435e-02;8.537104e-02;1.169406e-01;3.227400e-02;1.324513e-01;1.126665e-01;2.536714e-01;2.648379e-02;4.135699e-02;3.628502e-02;6.523798e-02;3.376708e-02
5.520946e-02;5.654657e-02;9.123307e-02;4.151000e-02;1.605782e-01;1.188188e-01;2.542238e-01;2.760268e-02;3.889117e-02;4.988340e-02;7.313802e-02;3.236483e-02
5.826657e-02;7.178015e-02;8.026608e-02;4.649354e-02;1.629914e-01;9.641858e-02;2.103690e-01;2.782403e-02;3.901511e-02;6.923439e-02;9.439425e-02;4.294693e-02
5.610384e-02;5.196980e-02;1.516849e-01;4.703943e-02;1.489638e-01;1.018061e-01;1.541893e-01;5.074263e-02;3.775141e-02;7.465001e-02;8.791635e-02;3.718250e-02
4.149344e-02;3.087540e-02;1.490116e-01;2.268089e-02;1.230192e-01;1.505862e-01;2.037182e-01;6.472129e-02;2.645116e-02;6.555866e-02;8.632631e-02;3.555765e-02
4.396594e-02;4.126728e-02;1.168846e-01;1.268339e-02;1.142021e-01;1.606169e-01;2.133880e-01;7.018194e-02;3.274623e-02;6.887033e-02;9.547699e-02;2.971636e-02
3.644948e-02;4.426907e-02;1.110722e-01;1.897300e-02;1.283439e-01;1.473668e-01;2.028597e-01;5.842005e-02;4.798418e-02;7.787701e-02;1.018872e-01;2.449735e-02
3.770447e-02;5.798571e-02;9.402620e-02;2.803943e-02;1.335537e-01;1.117380e-01;2.228897e-01;4.177314e-02;5.539578e-02;9.394731e-02;9.863947e-02;2.430705e-02
3.191440e-02;8.551421e-02;7.836673e-02;3.078363e-02;1.258247e-01;1.082785e-01;2.076932e-01;4.411845e-02;4.702163e-02;1.152206e-01;1.054953e-01;1.976874e-02
3.459314e-02;8.457558e-02;9.042230e-02;3.369345e-02;9.256141e-02;1.081683e-01;2.278682e-01;5.087287e-02;4.699913e-02;1.027793e-01;1.045480e-01;2.291826e-02
3.760551e-02;5.252221e-02;1.387379e-01;2.820788e-02;5.624386e-02;7.644021e-02;3.059517e-01;7.860455e-02;5.178403e-02;6.595930e-02;8.662444e-02;2.131836e-02
3.615233e-02;5.598651e-02;1.210527e-01;2.782735e-02;6.119391e-02;8.405975e-02;3.074892e-01;8.791466e-02;4.091911e-02;6.646971e-02;8.634409e-02;2.459065e-02
4.316187e-02;6.958371e-02;1.156122e-01;3.747088e-02;8.520193e-02;9.845901e-02;2.810695e-01;5.375315e-02;2.660303e-02;7.738584e-02;8.766221e-02;2.403668e-02
3.743016e-02;8.036140e-02;1.081019e-01;4.757489e-02;1.144219e-01;9.466352e-02;2.285929e-01;5.308101e-02;2.484603e-02;1.064843e-01;8.495377e-02;1.948834e-02
3.972715e-02;7.620580e-02;8.791402e-02;6.043137e-02;1.440798e-01;9.504925e-02;1.347665e-01;7.538970e-02;3.095162e-02;1.397501e-01;9.920599e-02;1.652867e-02
2.039033e-02;4.541077e-02;7.075488e-02;5.438812e-02;1.310041e-01;1.137945e-01;2.009992e-01;5.789712e-02;4.438050e-02;1.369335e-01;1.038874e-01;2.015959e-02
3.221996e-02;4.008019e-02;4.652674e-02;4.661915e-02;1.159351e-01;1.055567e-01;2.044232e-01;5.089576e-02;5.599222e-02;1.336936e-01;1.313662e-01;3.669125e-02
6.690744e-02;4.953058e-02;6.542879e-02;3.880762e-02;1.261799e-01;8.882236e-02;1.576303e-01;2.263743e-02;5.102091e-02;1.154085e-01;1.507636e-01;6.686263e-02
8.817266e-02;5.173937e-02;1.046072e-01;4.482894e-02;1.583093e-01;1.005978e-01;1.509902e-01;1.503149e-02;2.400126e-02;7.242741e-02;1.193343e-01;6.995996e-02
7.977891e-02;5.148042e-02;1.442546e-01;6.591096e-02;1.871107e-01;1.085318e-01;1.419591e-01;2.761607e-02;2.214482e-02;5.506211e-02;7.563180e-02;4.051874e-02
4.272513e-02;4.571455e-02;1.388357e-01;4.588973e-02;2.248891e-01;1.076775e-01;1.595611e-01;5.226493e-02;3.210087e-02;6.699353e-02;6.298109e-02;2.036686e-02
2.434224e-02;3.392357e-02;1.352455e-01;2.906226e-02;1.885081e-01;1.557695e-01;1.653786e-01;6.997471e-02;3.809039e-02;7.241891e-02;7.327238e-02;1.401380e-02
3.887768e-02;4.118396e-02;1.086298e-01;2.733370e-02;1.401000e-01;1.803895e-01;1.835404e-01;5.924749e-02;4.896671e-02;7.288154e-02;7.941011e-02;1.943919e-02
2.725381e-02;5.066131e-02;1.088123e-01;3.389642e-02;1.664461e-01;1.351589e-01;2.065035e-01;3.475274e-02;5.569655e-02;8.353684e-02;7.593933e-02;2.134223e-02
2.021947e-02;5.788397e-02;1.227566e-01;3.585083e-02;1.732888e-01;1.148310e-01;2.089413e-01;2.626457e-02;4.253052e-02;8.291113e-02;8.823480e-02;2.628702e-02
2.500255e-02;5.521805e-02;1.200029e-01;3.004904e-02;1.687274e-01;1.362604e-01;2.136496e-01;2.126620e-02;2.717643e-02;7.411250e-02;9.682074e-02;3.171412e-02
3.316084e-02;4.192672e-02;1.336146e-01;2.355254e-02;1.378352e-01;1.667286e-01;2.335641e-01;1.767425e-02;2.544750e-02;6.212889e-02;9.601271e-02;2.835396e-02
3.208423e-02;3.545612e-02;1.417253e-01;1.942780e-02;9.559073e-02;1.775163e-01;2.528073e-01;2.095254e-02;2.698696e-02;6.354418e-02;9.898591e-02;3.492258e-02
3.508895e-02;3.522744e-02;1.396606e-01;2.168086e-02;6.550176e-02;1.574034e-01;2.868110e-01;2.728450e-02;3.098623e-02;6.696230e-02;9.540142e-02;3.799159e-02
4.301951e-02;2.694639e-02;1.422777e-01;2.339971e-02;8.102419e-02;1.312166e-01;3.055604e-01;2.479427e-02;3.344839e-02;6.393751e-02;8.755866e-02;3.681666e-02
5.632764e-02;2.693565e-02;1.174080e-01;1.771263e-02;1.094074e-01;1.355678e-01;3.144592e-01;1.631064e-02;2.879635e-02;6.097974e-02;8.887181e-02;2.722307e-02
4.887836e-02;2.853852e-02;9.315700e-02;1.805668e-02;1.250242e-01;1.420586e-01;3.313098e-01;1.638549e-02;2.540570e-02;6.270471e-02;8.448915e-02;2.399179e-02
4.698917e-02;4.306159e-02;9.772138e-02;2.362081e-02;1.289544e-01;1.258580e-01;3.463320e-01;1.865572e-02;2.381044e-02;6.623048e-02;6.226422e-02;1.650176e-02
4.946220e-02;6.385806e-02;1.361110e-01;2.542495e-02;1.102358e-01;1.063858e-01;3.416873e-01;2.294142e-02;1.980237e-02;5.990670e-02;4.782767e-02;1.635669e-02
5.875181e-02;6.901769e-02;1.603097e-01;4.594735e-02;8.460125e-02;1.080885e-01;2.742062e-01;3.507088e-02;3.103502e-02;4.644956e-02;5.540415e-02;3.111792e-02
6.293052e-02;5.229420e-02;2.196698e-01;5.311408e-02;1.489601e-01;1.405757e-01;1.159876e-01;4.326323e-02;3.927121e-02;3.985199e-02;5.834665e-02;2.573494e-02
6.504524e-02;4.128766e-02;2.024999e-01;5.353225e-02;1.400505e-01;1.564244e-01;1.233453e-01;3.610736e-02;4.689091e-02;4.451393e-02;6.319941e-02;2.710315e-02
6.783425e-02;4.767970e-02;1.342310e-01;4.578246e-02;1.281335e-01;1.683613e-01;1.379949e-01;3.601187e-02;4.884258e-02;6.640901e-02;8.195306e-02;3.676629e-02
9.414317e-02;8.198922e-02;1.327284e-01;4.932609e-02;8.489378e-02;1.121810e-01;1.306215e-01;6.425095e-02;3.243160e-02;6.694920e-02;8.443905e-02;6.604601e-02
1.309423e-01;8.604932e-02;1.503159e-01;6.063198e-02;6.404415e-02;6.193965e-02;9.777969e-02;7.582740e-02;5.552498e-02;6.491968e-02;5.890913e-02;9.311578e-02
1.566237e-01;8.538725e-02;1.381075e-01;5.469058e-02;6.451927e-02;5.467311e-02;1.089788e-01;7.172374e-02;5.949859e-02;6.064880e-02;4.383034e-02;1.013183e-01
1.674241e-01;6.235596e-02;1.126921e-01;4.133430e-02;5.828616e-02;5.344504e-02;1.270016e-01;6.760020e-02;6.681013e-02;5.246031e-02;6.482799e-02;1.257622e-01
9.523945e-02;6.181746e-02;1.309238e-01;4.092752e-02;4.498819e-02;6.539799e-02;1.560080e-01;5.457565e-02;8.868200e-02;7.084588e-02;5.372573e-02;1.368683e-01
7.081508e-02;6.018681e-02;1.556208e-01;5.584647e-02;4.860717e-02;7.338788e-02;1.489970e-01;6.603733e-02;9.367339e-02;6.936426e-02;6.091076e-02;9.655298e-02
6.845240e-02;4.132962e-02;1.219286e-01;5.445119e-02;5.730469e-02;6.395028e-02;1.853211e-01;8.260816e-02;9.971322e-02;8.060773e-02;7.359598e-02;7.073701e-02
6.596521e-02;2.848925e-02;1.073026e-01;3.603456e-02;4.748102e-02;6.955454e-02;1.521260e-01;6.129128e-02;1.467708e-01;1.307862e-01;9.813847e-02;5.606014e-02
7.868928e-02;2.933431e-02;1.132427e-01;2.186835e-02;3.710695e-02;9.526866e-02;1.017979e-01;3.197844e-02;1.707700e-01;1.395177e-01;1.367603e-01;4.366546e-02
9.375850e-02;3.324370e-02;1.248364e-01;1.361483e-02;4.050644e-02;1.136958e-01;8.920292e-02;5.559349e-02;1.300420e-01;9.395111e-02;1.705369e-01;4.101784e-02
9.833936e-02;2.437480e-02;1.365653e-01;1.860165e-02;3.028983e-02;1.170655e-01;7.040620e-02;5.666677e-02;1.304796e-01;7.374389e-02;1.875024e-01;5.596470e-02
8.093479e-02;3.875040e-02;1.358539e-01;1.255135e-02;3.092497e-02;1.148460e-01;6.382503e-02;3.700421e-02;1.328921e-01;8.374061e-02;1.935688e-01;7.510776e-02
6.857804e-02;5.081411e-02;1.334565e-01;2.054522e-02;4.790818e-02;1.063604e-01;7.429131e-02;2.944601e-02;1.184243e-01;9.408166e-02;1.894923e-01;6.660198e-02
7.927641e-02;5.796613e-02;1.373677e-01;3.371075e-02;6.307323e-02;8.574681e-02;9.488299e-02;3.870850e-02;1.065681e-01;1.062852e-01;1.531519e-01;4.326218e-02
8.468903e-02;5.230562e-02;1.356475e-01;5.046538e-02;6.420596e-02;6.704113e-02;1.139309e-01;4.070726e-02;1.031000e-01;1.338476e-01;1.220384e-01;3.202121e-02
9.281569e-02;6.257681e-02;1.088119e-01;3.470910e-02;6.758505e-02;5.483853e-02;1.193555e-01;3.792358e-02;9.262833e-02;1.546671e-01;1.418167e-01;3.227174e-02
1.146653e-01;8.447375e-02;1.208431e-01;2.986286e-02;4.869952e-02;5.904917e-02;1.452741e-01;3.660626e-02;1.037243e-01;1.174516e-01;9.696694e-02;4.238315e-02
1.430959e-01;9.091787e-02;1.958513e-01;4.332807e-02;4.281443e-02;3.984017e-02;1.030516e-01;2.863801e-02;7.051007e-02;8.122467e-02;9.606172e-02;6.466620e-02
1.386184e-01;3.519059e-02;2.152939e-01;4.395831e-02;4.418704e-02;4.406462e-02;8.699852e-02;3.151805e-02;7.269048e-02;6.894643e-02;1.385018e-01;8.003184e-02
1.208705e-01;6.857348e-02;1.919856e-01;2.676412e-02;3.659630e-02;5.526577e-02;8.138722e-02;2.107456e-02;9.089574e-02;1.071476e-01;1.389679e-01;6.047126e-02
9.571911e-02;9.119520e-02;1.798206e-01;3.508944e-02;4.273295e-02;4.436412e-02;1.035882e-01;3.219745e-02;9.559618e-02;1.356171e-01;9.757965e-02;4.649994e-02
8.979971e-02;5.665054e-02;1.964252e-01;4.212631e-02;9.316188e-02;4.954977e-02;1.057717e-01;3.668411e-02;8.921798e-02;1.365463e-01;5.398140e-02;5.008508e-02
8.868740e-02;4.057353e-02;1.858186e-01;3.395681e-02;1.354472e-01;5.898954e-02;8.306962e-02;2.453853e-02;6.543776e-02;1.388268e-01;9.155942e-02;5.309480e-02
3.333554e-02;3.944327e-02;1.759634e-01;3.383386e-02;1.258322e-01;8.699628e-02;1.812060e-01;2.930146e-02;4.995780e-02;1.212834e-01;8.302773e-02;3.981915e-02
5.082000e-02;5.836741e-02;2.035302e-01;2.440341e-02;8.367731e-02;8.411817e-02;2.515476e-01;3.085800e-02;3.013577e-02;7.663942e-02;7.681879e-02;2.908389e-02
6.357643e-02;8.020635e-02;1.852369e-01;3.018423e-02;9.618139e-02;7.940546e-02;2.129019e-01;4.143985e-02;3.422144e-02;8.042550e-02;7.153629e-02;2.468426e-02
4.058451e-02;8.422364e-02;1.398466e-01;3.907590e-02;1.316061e-01;1.079457e-01;1.692809e-01;5.935213e-02;3.309716e-02;9.557600e-02;7.458884e-02;2.482260e-02
2.558587e-02;7.723670e-02;1.115262e-01;4.800390e-02;1.534888e-01;1.252222e-01;1.248123e-01;7.543699e-02;4.143029e-02;1.065704e-01;8.527078e-02;2.541549e-02
4.033461e-02;6.642250e-02;1.300276e-01;4.554828e-02;1.358844e-01;1.225795e-01;1.379109e-01;7.359020e-02;4.521545e-02;8.884338e-02;8.674108e-02;2.690219e-02
5.962024e-02;5.342944e-02;1.296679e-01;5.470106e-02;8.809037e-02;9.824302e-02;2.460088e-01;5.043889e-02;3.506821e-02;7.019926e-02;8.150369e-02;3.302908e-02
5.938490e-02;7.561843e-02;1.247474e-01;7.876126e-02;8.727239e-02;8.300669e-02;2.631124e-01;5.122507e-02;3.004000e-02;6.462257e-02;5.534138e-02;2.686758e-02
3.430500e-02;7.889336e-02;1.128864e-01;1.122381e-01;1.182896e-01;9.829044e-02;2.099729e-01;6.766840e-02;3.600634e-02;7.383902e-02;3.885403e-02;1.875650e-02
3.489220e-02;9.772900e-02;1.259676e-01;1.292473e-01;1.346336e-01;1.105892e-01;1.218386e-01;7.738769e-02;3.457531e-02;7.843535e-02;3.849997e-02;1.620415e-02
7.823382e-02;1.253574e-01;1.207093e-01;9.259378e-02;1.538818e-01;1.104539e-01;4.507932e-02;7.353607e-02;5.741363e-02;7.969581e-02;4.401842e-02;1.902675e-02
1.268213e-01;1.160656e-01;1.043948e-01;4.034887e-02;1.727807e-01;9.618957e-02;7.778266e-02;5.283859e-02;6.181261e-02;7.847770e-02;4.445373e-02;2.803390e-02
1.329319e-01;8.446118e-02;9.763805e-02;5.542437e-02;1.702499e-01;8.606070e-02;1.047240e-01;4.901712e-02;6.653491e-02;9.124066e-02;2.998581e-02;3.173146e-02
1.068604e-01;5.841145e-02;1.704969e-01;6.039709e-02;1.288779e-01;9.179009e-02;6.545544e-02;5.142977e-02;9.681115e-02;1.101198e-01;3.411446e-02;2.523557e-02
7.615028e-02;2.765865e-02;2.766117e-01;8.482727e-02;8.589810e-02;7.001951e-02;8.736834e-02;3.792360e-02;9.252876e-02;1.060188e-01;3.827167e-02;1.672325e-02
8.103605e-02;3.455414e-02;3.644819e-01;9.081319e-02;7.696338e-02;3.647331e-02;6.830662e-02;2.856649e-02;6.927099e-02;9.559161e-02;3.957098e-02;1.437132e-02
7.654418e-02;4.319310e-02;3.469662e-01;7.193168e-02;1.054128e-01;3.430209e-02;1.030540e-01;3.626842e-02;5.965052e-02;6.467190e-02;3.945842e-02;1.854677e-02
5.313070e-02;4.171371e-02;3.216672e-01;7.877830e-02;1.402684e-01;3.715438e-02;7.719275e-02;4.985131e-02;6.893432e-02;7.449217e-02;3.569121e-02;2.112554e-02
2.109469e-02;3.700220e-02;3.258650e-01;9.533776e-02;1.324378e-01;4.292123e-02;8.379266e-02;6.358740e-02;6.870522e-02;8.042785e-02;2.965265e-02;1.917564e-02
4.116271e-02;4.098253e-02;3.283758e-01;1.196563e-01;9.152206e-02;3.180444e-02;1.032658e-01;6.562675e-02;6.096906e-02;7.543866e-02;1.699549e-02;2.420035e-02
6.746592e-02;5.186356e-02;3.298012e-01;1.040574e-01;1.109812e-01;3.252834e-02;7.088084e-02;6.681068e-02;5.304708e-02;7.100343e-02;2.031886e-02;2.124147e-02
1.059561e-01;8.326844e-02;2.710410e-01;8.794729e-02;9.325358e-02;2.967580e-02;1.007677e-01;6.050791e-02;4.533577e-02;6.923286e-02;2.985977e-02;2.315373e-02
1.391759e-01;1.095491e-01;2.400107e-01;6.986561e-02;6.690742e-02;2.350602e-02;1.112489e-01;5.688132e-02;4.734837e-02;6.662598e-02;3.376878e-02;3.511187e-02
1.774525e-01;1.117750e-01;1.990315e-01;5.352050e-02;5.890267e-02;2.045646e-02;1.207225e-01;4.828742e-02;4.612632e-02;7.084530e-02;4.707588e-02;4.580397e-02
1.760770e-01;9.973134e-02;1.457521e-01;5.236647e-02;7.980788e-02;4.117043e-02;1.710493e-01;3.621943e-02;4.356831e-02;6.616534e-02;5.299668e-02;3.509562e-02
1.521317e-01;7.714912e-02;1.444316e-01;4.736896e-02;1.245195e-01;6.822801e-02;1.881913e-01;2.877224e-02;3.911511e-02;4.685611e-02;4.671309e-02;3.652318e-02
1.137056e-01;5.782823e-02;2.341043e-01;7.310400e-02;9.708324e-02;6.640656e-02;1.581929e-01;2.412461e-02;4.066156e-02;4.805296e-02;5.269831e-02;3.403766e-02
1.240742e-01;1.138198e-01;1.906068e-01;8.593538e-02;5.750671e-02;6.506336e-02;9.555414e-02;2.638077e-02;4.973238e-02;6.255025e-02;6.950394e-02;5.927217e-02
1.301997e-01;1.197283e-01;1.738697e-01;8.053398e-02;5.617821e-02;7.434422e-02;8.797469e-02;3.366694e-02;5.362305e-02;6.028986e-02;7.323037e-02;5.636100e-02
1.421958e-01;6.779791e-02;1.474408e-01;5.704525e-02;8.516830e-02;8.106574e-02;1.733458e-01;5.391404e-02;5.092777e-02;4.146903e-02;5.808840e-02;4.154107e-02
1.584297e-01;4.793131e-02;1.906134e-01;3.630472e-02;1.040730e-01;7.041554e-02;1.982964e-01;5.168302e-02;3.194522e-02;4.113555e-02;3.010389e-02;3.906818e-02
1.964198e-01;6.339102e-02;2.228459e-01;4.182078e-02;1.101573e-01;6.902473e-02;1.245811e-01;3.916634e-02;2.414128e-02;5.208903e-02;2.299733e-02;3.336542e-02
1.740264e-01;6.613155e-02;1.805482e-01;6.062395e-02;9.853815e-02;7.479042e-02;1.732300e-01;3.031012e-02;2.509028e-02;5.680243e-02;2.828154e-02;3.162694e-02
1.076501e-01;6.650563e-02;2.144570e-01;6.645253e-02;6.587388e-02;6.514102e-02;2.253450e-01;3.182929e-02;3.417471e-02;5.065740e-02;3.611122e-02;3.580229e-02
1.035315e-01;3.655797e-02;2.567867e-01;4.169166e-02;5.235713e-02;5.145663e-02;2.334629e-01;3.612949e-02;3.870808e-02;5.368283e-02;5.249224e-02;4.314282e-02
1.114762e-01;7.020087e-02;2.092044e-01;4.638978e-02;6.895234e-02;5.269849e-02;2.149599e-01;3.018188e-02;4.093923e-02;4.902150e-02;5.751240e-02;4.846298e-02
