8.464345e-02;1.191837e-01;6.939482e-02;6.903433e-02;3.596759e-02;5.315737e-02;1.719605e-01;1.243739e-01;5.782922e-02;8.018594e-02;8.083303e-02;5.343616e-02
8.617555e-02;8.581694e-02;6.371830e-02;7.995115e-02;3.282482e-02;6.578995e-02;1.204699e-01;1.007343e-01;8.870088e-02;9.102818e-02;1.080460e-01;7.674405e-02
8.199718e-02;7.130027e-02;6.653509e-02;7.659804e-02;3.790504e-02;7.344761e-02;9.017263e-02;1.074330e-01;9.925818e-02;8.046173e-02;1.022895e-01;1.126018e-01
7.184520e-02;6.885492e-02;5.644017e-02;7.820951e-02;4.122858e-02;7.713302e-02;8.759665e-02;1.057402e-01;1.047448e-01;7.827383e-02;6.971147e-02;1.602217e-01
5.892273e-02;7.352366e-02;4.876668e-02;6.935790e-02;4.618100e-02;7.379034e-02;1.211773e-01;8.872048e-02;1.115178e-01;1.036907e-01;5.600319e-02;1.483482e-01
4.679554e-02;7.977039e-02;6.524966e-02;6.349081e-02;5.579329e-02;9.596425e-02;1.137651e-01;1.019282e-01;1.042299e-01;9.177148e-02;6.073504e-02;1.205063e-01
4.042048e-02;9.184829e-02;6.231031e-02;5.988647e-02;6.592699e-02;1.016975e-01;1.145172e-01;1.300942e-01;7.670217e-02;8.110243e-02;8.335623e-02;9.213782e-02
4.122820e-02;9.301994e-02;6.548670e-02;6.192175e-02;7.256938e-02;1.323553e-01;7.690875e-02;1.295239e-01;6.785764e-02;6.817253e-02;1.111810e-01;7.977492e-02
4.856972e-02;9.365964e-02;6.632437e-02;9.487998e-02;6.396383e-02;1.469220e-01;5.630409e-02;9.462842e-02;7.830163e-02;8.536334e-02;1.177059e-01;5.337713e-02
6.344117e-02;6.177175e-02;6.041900e-02;1.243109e-01;5.924856e-02;1.473510e-01;8.974067e-02;9.763445e-02;1.014799e-01;7.506923e-02;6.584598e-02;5.368739e-02
7.017604e-02;7.362764e-02;6.846192e-02;9.968217e-02;4.161771e-02;1.372356e-01;1.197180e-01;1.323735e-01;5.907266e-02;7.276051e-02;5.336387e-02;7.191046e-02
7.693198e-02;7.521349e-02;4.490690e-02;8.739296e-02;6.459374e-02;1.014078e-01;7.068977e-02;1.184659e-01;4.572724e-02;1.409539e-01;7.529896e-02;9.841736e-02
1.237332e-01;5.028719e-02;3.988634e-02;9.081099e-02;4.211267e-02;4.766151e-02;3.573689e-02;7.444832e-02;5.335774e-02;1.491367e-01;1.416431e-01;1.511854e-01
1.215786e-01;5.002163e-02;7.209829e-02;7.568774e-02;4.079192e-02;5.277795e-02;4.181055e-02;4.491147e-02;6.250783e-02;1.002995e-01;1.568808e-01;1.806337e-01
8.562294e-02;6.629179e-02;9.504917e-02;9.073149e-02;6.756019e-02;1.031678e-01;4.136818e-02;8.621904e-02;8.029197e-02;4.168143e-02;1.011763e-01;1.408397e-01
9.157542e-02;1.130826e-01;1.254040e-01;1.045423e-01;7.377356e-02;8.839611e-02;9.314497e-02;1.185123e-01;5.212278e-02;1.979678e-02;5.659053e-02;6.305865e-02
8.889580e-02;1.254030e-01;1.419008e-01;7.986302e-02;5.860236e-02;6.372029e-02;1.329311e-01;1.502590e-01;3.387252e-02;1.273728e-02;6.577835e-02;4.603651e-02
8.658534e-02;1.058789e-01;1.444580e-01;8.370818e-02;3.630704e-02;3.053737e-02;1.617978e-01;2.088050e-01;2.522073e-02;1.094561e-02;6.785959e-02;3.789640e-02
5.440410e-02;8.785591e-02;1.519305e-01;8.837065e-02;2.190915e-02;2.572823e-02;1.586920e-01;2.700631e-01;2.729051e-02;2.211485e-02;5.021472e-02;4.142629e-02
2.572033e-02;9.116720e-02;2.111915e-01;6.218971e-02;1.058543e-02;2.168960e-02;1.117360e-01;2.935217e-01;3.309549e-02;3.662385e-02;2.834454e-02;7.413468e-02
2.965333e-02;1.039250e-01;2.384165e-01;4.257165e-02;7.995805e-03;3.732195e-02;6.343666e-02;2.706464e-01;4.008533e-02;3.689025e-02;1.979212e-02;1.092649e-01
2.306699e-02;1.410048e-01;2.234682e-01;3.366503e-02;1.117267e-02;5.770950e-02;5.656153e-02;2.479802e-01;4.794814e-02;3.311056e-02;2.239087e-02;1.019215e-01
4.329932e-02;1.622567e-01;1.738855e-01;2.769779e-02;1.642354e-02;8.667157e-02;8.770386e-02;2.187600e-01;6.152264e-02;2.624028e-02;3.922535e-02;5.631341e-02
6.845966e-02;1.430660e-01;1.007499e-01;2.900478e-02;4.292675e-02;1.329599e-01;1.314049e-01;1.591534e-01;8.646504e-02;3.335116e-02;3.427791e-02;3.818054e-02
5.433724e-02;7.784536e-02;9.530500e-02;4.327872e-02;8.039157e-02;1.390565e-01;1.356796e-01;1.534337e-01;8.313442e-02;4.433799e-02;5.138134e-02;4.181857e-02
3.025378e-02;1.219599e-01;7.268939e-02;4.826197e-02;5.187779e-02;1.135904e-01;9.826214e-02;2.270825e-01;7.250662e-02;7.709584e-02;5.169110e-02;3.472852e-02
3.313266e-02;1.111102e-01;8.646594e-02;5.033624e-02;3.082475e-02;1.615985e-01;8.663568e-02;2.084741e-01;6.518504e-02;8.077289e-02;4.540968e-02;4.005444e-02
3.513442e-02;9.509070e-02;1.019116e-01;5.901213e-02;3.762864e-02;1.565465e-01;1.258811e-01;1.700908e-01;6.681515e-02;6.910630e-02;4.351494e-02;3.926781e-02
2.919488e-02;9.128767e-02;9.640929e-02;4.905032e-02;4.030176e-02;1.263421e-01;1.807039e-01;1.632731e-01;7.024212e-02;9.459566e-02;3.211637e-02;2.648288e-02
3.599527e-02;1.650080e-01;7.459047e-02;5.094013e-02;4.545313e-02;1.387632e-01;1.242199e-01;1.211230e-01;9.803900e-02;9.237539e-02;2.379336e-02;2.969909e-02
4.173276e-02;2.311783e-01;8.478069e-02;6.129925e-02;4.988588e-02;1.207373e-01;7.761256e-02;1.099782e-01;1.055242e-01;7.508951e-02;2.522689e-02;1.695440e-02
5.668665e-02;2.286891e-01;8.242448e-02;4.099833e-02;4.283387e-02;8.243368e-02;1.035616e-01;1.579465e-01;7.576168e-02;8.307365e-02;2.555694e-02;2.003356e-02
8.219671e-02;1.563668e-01;6.227561e-02;3.526840e-02;2.717450e-02;1.143571e-01;1.845449e-01;1.445789e-01;7.947449e-02;7.637113e-02;1.468917e-02;2.270237e-02
7.432988e-02;9.994094e-02;5.310863e-02;4.575879e-02;3.239535e-02;1.560618e-01;1.608328e-01;1.608691e-01;1.014838e-01;7.390694e-02;2.168478e-02;1.962711e-02
3.318044e-02;1.286401e-01;9.199042e-02;4.353243e-02;4.042809e-02;8.063166e-02;6.628125e-02;2.158963e-01;1.750583e-01;5.706142e-02;3.917449e-02;2.812510e-02
1.615555e-02;1.015674e-01;1.232315e-01;2.623186e-02;2.292822e-02;7.732623e-02;3.424451e-02;3.274877e-01;1.889191e-01;3.593837e-02;2.784046e-02;1.812919e-02
1.289486e-02;7.555065e-02;1.386230e-01;2.544338e-02;2.825519e-02;9.453259e-02;2.543120e-02;4.000655e-01;1.583706e-01;1.754690e-02;1.220097e-02;1.108525e-02
2.310848e-02;7.729921e-02;1.403562e-01;2.353207e-02;3.486035e-02;7.909324e-02;2.399977e-02;4.425499e-01;1.178773e-01;9.014990e-03;1.154721e-02;1.676128e-02
2.166484e-02;6.911501e-02;1.045612e-01;2.448802e-02;3.053626e-02;9.256585e-02;1.778438e-02;4.566640e-01;1.329435e-01;8.293681e-03;9.338537e-03;3.204473e-02
9.793046e-03;6.231745e-02;8.405881e-02;2.662736e-02;2.456393e-02;1.142359e-01;2.207104e-02;4.185974e-01;1.719472e-01;1.359566e-02;9.173395e-03;4.301880e-02
6.355998e-03;9.437053e-02;1.127417e-01;2.760463e-02;4.280691e-02;1.136504e-01;1.797106e-02;3.344370e-01;1.695010e-01;1.227851e-02;8.433457e-03;5.984871e-02
1.552379e-02;1.494229e-01;9.764239e-02;2.523329e-02;7.225508e-02;1.106847e-01;2.214483e-02;2.727225e-01;1.474678e-01;1.002986e-02;6.304794e-03;7.056806e-02
2.468607e-02;1.632408e-01;7.198236e-02;4.989204e-02;1.366292e-01;9.695960e-02;1.898431e-02;2.294625e-01;1.338788e-01;8.904973e-03;1.004131e-02;5.533801e-02
3.752276e-02;1.180851e-01;4.987773e-02;1.416022e-01;1.609263e-01;6.538910e-02;1.871824e-02;1.976828e-01;1.449730e-01;1.619921e-02;2.500014e-02;2.402352e-02
4.820941e-02;5.823952e-02;3.218814e-02;2.679422e-01;1.173249e-01;2.695928e-02;3.518314e-02;1.783045e-01;1.631231e-01;2.991715e-02;2.993482e-02;1.267383e-02
5.932449e-02;1.700521e-02;3.480823e-02;3.054410e-01;6.295793e-02;1.932936e-02;8.944246e-02;1.701056e-01;1.734667e-01;3.399787e-02;2.757940e-02;6.541770e-03
5.750806e-02;1.693136e-02;8.123574e-02;2.484868e-01;5.519205e-02;2.183526e-02;1.279928e-01;1.451066e-01;1.818764e-01;3.215380e-02;2.546928e-02;6.211945e-03
3.704810e-02;1.845458e-02;1.662918e-01;1.556479e-01;8.325483e-02;7.309665e-02;1.188996e-01;9.291033e-02;1.871061e-01;3.750870e-02;2.083626e-02;8.945136e-03
2.149021e-02;1.547537e-02;2.446547e-01;9.493174e-02;1.069810e-01;1.190896e-01;6.773986e-02;6.538836e-02;1.790585e-01;4.884312e-02;1.473806e-02;2.160958e-02
2.920820e-02;2.211812e-02;2.684404e-01;8.607090e-02;1.309580e-01;1.252497e-01;2.593635e-02;4.176685e-02;1.685126e-01;5.193315e-02;1.749371e-02;3.231211e-02
4.654301e-02;5.007676e-02;2.229140e-01;7.413850e-02;1.205983e-01;1.123314e-01;3.148996e-02;7.142708e-02;1.671829e-01;4.680786e-02;2.272470e-02;3.376553e-02
6.496865e-02;7.050198e-02;1.482173e-01;8.428008e-02;8.078890e-02;1.169893e-01;4.880256e-02;1.268931e-01;1.579044e-01;4.131010e-02;3.206880e-02;2.727488e-02
9.592433e-02;8.444010e-02;8.190539e-02;9.927676e-02;3.780368e-02;1.160241e-01;4.911642e-02;1.171141e-01;1.569961e-01;3.456905e-02;5.879517e-02;6.803478e-02
2.105615e-01;5.997210e-02;7.146110e-02;8.633972e-02;8.276127e-02;8.340377e-02;5.293429e-02;6.928515e-02;1.506797e-01;3.214178e-02;5.040133e-02;5.005829e-02
2.312997e-01;2.477418e-02;8.098839e-02;1.227410e-01;1.026006e-01;4.964231e-02;5.047215e-02;7.070371e-02;1.542109e-01;3.216444e-02;5.161398e-02;2.878864e-02
1.862726e-01;1.686531e-02;6.964704e-02;1.685147e-01;1.060406e-01;3.321674e-02;3.715415e-02;7.920644e-02;1.488423e-01;2.809684e-02;1.019326e-01;2.421070e-02
1.306039e-01;2.149698e-02;6.720968e-02;1.968163e-01;1.040270e-01;2.427757e-02;3.222862e-02;9.383688e-02;1.504746e-01;2.328070e-02;1.305160e-01;2.523187e-02
7.348342e-02;2.951250e-02;9.516525e-02;1.929934e-01;1.014932e-01;2.736141e-02;3.035225e-02;1.263986e-01;1.445443e-01;3.758004e-02;1.206462e-01;2.046948e-02
5.251439e-02;5.550027e-02;1.342486e-01;1.705352e-01;8.831643e-02;5.582754e-02;3.011842e-02;1.555163e-01;1.214392e-01;4.208028e-02;7.175856e-02;2.214481e-02
8.015844e-02;8.087534e-02;1.215915e-01;1.408126e-01;9.670613e-02;1.030659e-01;3.997273e-02;1.380787e-01;8.871097e-02;5.199896e-02;2.853106e-02;2.949755e-02
1.072384e-01;5.588925e-02;8.373061e-02;1.682277e-01;1.481097e-01;7.819363e-02;4.860457e-02;1.259177e-01;7.337680e-02;5.428019e-02;3.639651e-02;2.003496e-02
8.376274e-02;5.156876e-02;1.389036e-01;1.550085e-01;1.489584e-01;5.676302e-02;6.304371e-02;1.384561e-01;5.492710e-02;5.073106e-02;2.858175e-02;2.929531e-02
4.382864e-02;4.319945e-02;2.026398e-01;9.678253e-02;1.280238e-01;5.863977e-02;5.746920e-02;1.533714e-01;8.586435e-02;6.223365e-02;3.782843e-02;3.011894e-02
6.401221e-02;4.846198e-02;1.589390e-01;9.592900e-02;1.150021e-01;7.469362e-02;5.559891e-02;1.535145e-01;1.015223e-01;6.813086e-02;2.790982e-02;3.628577e-02
5.963288e-02;4.085117e-02;1.153807e-01;1.599947e-01;1.271643e-01;8.279044e-02;3.224524e-02;1.500109e-01;6.115527e-02;8.838943e-02;4.187836e-02;4.050662e-02
5.573697e-02;7.641798e-02;1.184053e-01;1.512390e-01;1.116531e-01;9.104101e-02;2.866847e-02;9.775834e-02;1.014092e-01;9.402727e-02;4.167401e-02;3.196936e-02
6.386591e-02;5.864304e-02;1.045414e-01;1.862171e-01;1.110858e-01;5.420592e-02;4.070566e-02;6.858182e-02;1.249033e-01;8.229189e-02;8.330881e-02;2.164931e-02
8.232091e-02;3.672638e-02;9.921159e-02;2.288181e-01;9.587528e-02;3.297005e-02;3.548794e-02;6.471144e-02;1.378551e-01;6.068636e-02;1.127141e-01;1.262277e-02
9.246994e-02;3.148606e-02;1.400403e-01;2.458230e-01;7.056277e-02;2.076191e-02;2.392610e-02;7.180867e-02;1.292627e-01;2.796435e-02;1.277949e-01;1.809931e-02
1.042113e-01;7.075519e-02;1.867559e-01;2.045532e-01;6.836892e-02;2.676969e-02;1.225047e-02;8.518666e-02;1.028055e-01;1.784463e-02;1.005709e-01;1.992771e-02
8.331842e-02;1.408021e-01;2.143827e-01;1.228058e-01;8.071477e-02;5.269663e-02;1.824832e-02;1.224974e-01;8.580526e-02;1.359133e-02;4.401316e-02;2.112410e-02
3.345329e-02;1.936613e-01;2.090892e-01;5.849133e-02;7.845043e-02;8.960125e-02;2.890638e-02;1.750366e-01;7.723365e-02;7.870713e-03;1.165676e-02;3.654906e-02
2.106831e-02;1.973091e-01;1.710571e-01;6.389330e-02;5.708152e-02;1.067952e-01;3.030647e-02;2.118681e-01;7.392524e-02;1.033108e-02;1.525574e-02;4.110881e-02
1.625514e-02;1.619325e-01;1.326046e-01;5.309996e-02;4.703882e-02;1.096200e-01;4.279181e-02;2.659485e-01;1.035460e-01;9.363855e-03;1.375123e-02;4.404764e-02
3.573430e-02;1.377117e-01;8.680884e-02;4.580426e-02;4.082811e-02;1.086698e-01;6.420209e-02;2.977961e-01;1.209650e-01;1.077595e-02;1.066490e-02;4.003893e-02
4.710023e-02;1.369928e-01;5.833458e-02;7.092524e-02;4.405013e-02;9.733359e-02;5.566712e-02;3.270357e-01;1.100439e-01;1.621440e-02;1.037098e-02;2.593132e-02
3.149020e-02;1.354457e-01;7.724150e-02;1.095662e-01;5.196097e-02;4.991905e-02;5.316651e-02;3.336127e-01;1.017274e-01;1.946233e-02;1.219205e-02;2.421537e-02
4.601690e-02;1.259311e-01;1.005378e-01;9.966295e-02;4.985919e-02;7.143599e-02;4.885337e-02;2.978489e-01;9.904630e-02;1.630902e-02;1.861649e-02;2.588196e-02
5.273123e-02;1.323387e-01;9.064073e-02;9.272955e-02;6.445055e-02;1.386758e-01;3.051994e-02;2.070039e-01;1.017811e-01;2.094492e-02;1.810006e-02;5.008346e-02
1.478063e-01;1.391078e-01;8.235537e-02;9.971064e-02;8.293741e-02;1.434118e-01;2.142848e-02;1.160461e-01;6.715868e-02;2.809658e-02;2.475730e-02;4.718364e-02
1.463834e-01;1.662964e-01;8.961575e-02;6.423198e-02;6.846612e-02;1.424450e-01;4.236696e-02;1.182830e-01;8.806629e-02;3.238760e-02;2.271612e-02;1.874150e-02
7.142289e-02;1.411773e-01;7.042751e-02;5.875921e-02;5.180529e-02;1.629771e-01;3.950284e-02;1.895082e-01;1.463529e-01;4.062699e-02;1.382631e-02;1.361354e-02
5.127930e-02;1.093871e-01;7.272917e-02;7.021729e-02;4.682931e-02;1.427189e-01;4.182665e-02;2.148308e-01;1.579808e-01;5.598354e-02;2.041209e-02;1.580505e-02
3.962594e-02;1.213963e-01;1.013326e-01;6.656429e-02;4.236089e-02;1.451674e-01;4.902560e-02;2.268978e-01;1.180154e-01;4.429720e-02;2.887151e-02;1.644507e-02
3.081249e-02;1.512391e-01;1.071325e-01;4.595397e-02;5.466792e-02;1.281642e-01;4.263633e-02;2.936947e-01;8.716679e-02;2.323300e-02;2.064815e-02;1.465090e-02
2.432346e-02;1.107387e-01;8.472311e-02;4.412762e-02;8.938695e-02;1.024849e-01;3.075792e-02;3.269357e-01;1.314681e-01;1.813671e-02;2.590151e-02;1.101530e-02
2.385719e-02;7.576436e-02;4.633075e-02;9.602918e-02;9.620910e-02;6.243198e-02;1.733948e-02;3.905117e-01;1.498793e-01;1.385818e-02;2.130805e-02;6.480718e-03
2.558266e-02;7.138383e-02;7.467509e-02;1.341791e-01;6.183793e-02;4.269549e-02;1.053357e-02;4.017043e-01;1.328438e-01;1.664247e-02;9.387936e-03;1.853389e-02
1.420694e-02;6.039874e-02;1.173129e-01;1.072123e-01;3.253947e-02;4.985845e-02;2.220753e-02;3.855363e-01;1.391453e-01;2.932629e-02;1.912197e-02;2.313383e-02
1.617812e-02;5.194826e-02;1.261001e-01;5.341389e-02;2.035037e-02;6.236252e-02;3.652104e-02;3.970029e-01;1.345454e-01;3.753732e-02;1.646493e-02;4.757508e-02
2.417543e-02;4.253851e-02;9.391675e-02;2.970569e-02;3.051185e-02;5.975599e-02;4.156321e-02;4.068077e-01;1.535378e-01;3.370602e-02;8.232773e-03;7.554828e-02
2.235788e-02;5.557672e-02;5.596574e-02;4.813279e-02;7.971870e-02;4.296307e-02;3.862131e-02;3.634464e-01;1.896409e-01;2.486426e-02;8.602157e-03;7.011008e-02
6.220727e-02;6.703822e-02;7.648982e-02;8.877963e-02;1.020435e-01;3.367902e-02;2.381209e-02;2.316411e-01;2.196251e-01;2.892361e-02;3.305468e-02;3.270596e-02
1.058461e-01;6.963882e-02;9.094545e-02;1.324767e-01;9.834355e-02;2.247763e-02;2.657649e-02;1.349688e-01;2.243931e-01;2.049378e-02;4.034685e-02;3.349273e-02
1.055386e-01;4.324273e-02;8.029938e-02;1.316853e-01;1.007860e-01;2.741868e-02;3.721695e-02;1.477162e-01;2.267600e-01;3.701081e-02;3.257760e-02;2.974771e-02
6.276228e-02;5.790140e-02;5.270137e-02;8.207490e-02;1.541530e-01;5.445040e-02;2.940248e-02;1.631649e-01;2.075505e-01;8.364204e-02;2.453752e-02;2.765919e-02
2.584319e-02;8.887437e-02;2.746528e-02;7.172686e-02;1.897319e-01;6.431273e-02;2.554246e-02;1.702555e-01;1.681952e-01;1.097057e-01;2.913409e-02;2.921265e-02
3.564700e-02;8.313274e-02;3.830900e-02;9.735879e-02;1.268886e-01;1.066460e-01;5.642128e-02;1.406090e-01;1.361507e-01;9.480058e-02;5.590624e-02;2.813011e-02
4.835427e-02;5.001590e-02;4.678385e-02;9.447979e-02;5.157933e-02;1.705429e-01;8.045682e-02;1.072824e-01;1.328298e-01;6.888070e-02;1.206696e-01;2.812459e-02
6.227343e-02;3.668136e-02;6.535970e-02;6.520284e-02;5.347378e-02;1.870154e-01;8.738363e-02;6.926208e-02;1.219249e-01;5.504908e-02;1.609938e-01;3.538009e-02
5.276909e-02;3.397874e-02;8.245970e-02;3.356864e-02;1.025847e-01;1.769370e-01;9.907584e-02;5.500602e-02;1.216470e-01;4.381230e-02;1.441957e-01;5.396530e-02
4.114400e-02;5.165979e-02;6.947585e-02;2.385252e-02;1.309013e-01;1.196564e-01;1.408651e-01;9.478313e-02;1.417310e-01;3.340532e-02;8.123596e-02;7.128967e-02
4.750887e-02;8.295437e-02;7.348794e-02;2.638955e-02;1.099211e-01;1.367102e-01;1.719080e-01;8.118390e-02;1.203699e-01;3.422350e-02;4.568032e-02;6.966242e-02
4.387493e-02;8.770990e-02;7.256789e-02;2.802268e-02;5.541854e-02;1.470165e-01;1.298202e-01;1.441709e-01;1.543050e-01;4.995636e-02;3.036107e-02;5.677595e-02
2.966013e-02;7.909795e-02;7.631633e-02;3.371573e-02;2.804098e-02;9.476053e-02;4.012374e-02;2.698983e-01;2.304601e-01;4.398472e-02;3.221573e-02;4.172577e-02
3.381578e-02;5.381406e-02;5.845211e-02;2.671950e-02;2.914626e-02;8.475818e-02;6.500822e-02;3.136215e-01;2.066597e-01;6.438474e-02;3.454090e-02;2.907906e-02
3.821426e-02;4.797211e-02;6.200390e-02;3.525499e-02;5.984692e-02;1.005446e-01;4.804621e-02;2.597439e-01;1.430759e-01;1.590529e-01;2.377578e-02;2.246851e-02
3.685460e-02;3.786946e-02;7.325468e-02;4.214314e-02;7.839020e-02;8.314521e-02;5.307543e-02;2.209504e-01;1.342552e-01;1.985030e-01;1.803646e-02;2.352221e-02
3.592263e-02;8.975714e-02;1.276651e-01;4.305498e-02;6.022504e-02;8.850469e-02;5.804767e-02;2.088775e-01;1.195948e-01;1.311314e-01;1.837107e-02;1.884802e-02
4.066237e-02;1.653349e-01;1.766568e-01;3.565113e-02;4.845643e-02;9.763920e-02;5.214999e-02;1.814376e-01;1.135811e-01;4.571139e-02;1.904020e-02;2.367893e-02
4.205388e-02;1.697975e-01;1.559153e-01;2.912968e-02;4.807465e-02;8.629097e-02;6.364359e-02;1.926688e-01;1.281677e-01;3.070349e-02;2.485705e-02;2.869755e-02
3.261634e-02;1.149179e-01;9.408516e-02;2.068939e-02;3.939800e-02;8.359543e-02;5.387573e-02;2.256649e-01;2.368269e-01;4.799780e-02;2.835084e-02;2.198156e-02
3.779449e-02;1.019219e-01;6.721054e-02;3.106396e-02;6.586127e-02;5.513934e-02;4.488238e-02;2.010292e-01;2.746220e-01;6.698452e-02;3.366456e-02;1.982586e-02
2.299955e-02;5.678579e-02;4.005050e-02;2.698646e-02;5.116078e-02;3.769429e-02;2.931162e-02;2.854316e-01;3.413750e-01;6.473505e-02;2.675051e-02;1.671885e-02
1.951770e-02;3.295606e-02;4.010938e-02;2.864035e-02;3.140592e-02;2.060866e-02;1.914809e-02;2.906279e-01;4.087107e-01;6.861616e-02;2.774331e-02;1.191586e-02
2.319484e-02;4.271054e-02;9.141141e-02;4.451364e-02;4.109241e-02;8.262708e-02;4.966486e-02;1.989200e-01;3.004181e-01;6.632891e-02;3.830390e-02;2.081434e-02
1.970118e-02;1.101126e-01;1.686665e-01;7.215317e-02;5.120326e-02;1.946820e-01;1.110233e-01;7.667340e-02;9.621137e-02;2.842939e-02;4.638942e-02;2.475444e-02
1.821680e-02;9.801149e-02;1.784114e-01;6.531554e-02;5.006018e-02;2.534005e-01;1.716159e-01;2.988032e-02;3.953196e-02;2.103481e-02;4.764170e-02;2.687937e-02
1.602755e-02;6.059185e-02;1.502136e-01;4.820967e-02;5.276758e-02;2.731686e-01;2.716594e-01;1.747302e-02;3.108744e-02;8.503517e-03;4.559758e-02;2.470010e-02
8.691839e-03;2.457571e-02;1.068098e-01;4.564398e-02;3.184452e-02;2.646595e-01;3.998737e-01;1.885564e-02;3.147413e-02;7.497109e-03;3.973021e-02;2.034383e-02
4.805671e-03;1.927341e-02;8.926690e-02;3.620445e-02;2.944417e-02;2.657959e-01;4.333242e-01;1.814078e-02;4.197748e-02;5.741246e-03;3.055357e-02;2.547217e-02
8.691284e-03;2.121907e-02;7.549515e-02;3.020610e-02;3.649370e-02;2.804328e-01;3.752738e-01;1.914411e-02;7.361738e-02;6.936022e-03;4.419952e-02;2.829111e-02
2.009780e-02;1.831579e-02;8.860918e-02;1.995482e-02;3.291650e-02;3.193191e-01;2.707117e-01;1.750330e-02;1.359409e-01;8.527040e-03;5.110130e-02;1.700256e-02
2.553206e-02;1.546848e-02;9.650484e-02;1.401279e-02;2.439201e-02;3.739583e-01;1.676032e-01;1.562108e-02;1.710261e-01;1.278083e-02;6.721182e-02;1.588848e-02
3.081288e-02;1.048298e-02;9.610878e-02;1.180764e-02;2.608354e-02;4.181259e-01;1.058351e-01;1.581229e-02;1.540718e-01;2.132924e-02;1.003801e-01;9.149782e-03
4.151387e-02;1.861215e-02;8.596802e-02;1.699908e-02;4.466832e-02;4.366541e-01;5.731934e-02;2.518997e-02;1.173579e-01;2.583680e-02;1.162460e-01;1.363441e-02
3.834437e-02;3.294089e-02;5.502949e-02;3.893698e-02;1.057007e-01;3.660020e-01;4.982641e-02;6.446473e-02;8.754399e-02;5.070508e-02;9.446663e-02;1.603881e-02
2.656576e-02;4.938732e-02;4.230142e-02;6.278624e-02;1.584374e-01;2.552722e-01;3.000158e-02;1.077909e-01;9.237467e-02;9.353118e-02;5.937791e-02;2.217357e-02
2.743607e-02;5.848491e-02;6.799944e-02;8.043803e-02;1.308437e-01;1.799854e-01;2.584853e-02;1.254704e-01;1.317050e-01;1.024054e-01;3.668625e-02;3.269679e-02
3.223027e-02;5.124818e-02;8.656131e-02;8.120489e-02;6.111313e-02;1.613201e-01;6.892782e-02;1.394495e-01;1.734390e-01;7.640079e-02;3.623838e-02;3.186671e-02
2.255900e-02;6.442517e-02;8.806447e-02;7.508151e-02;2.557075e-02;1.525512e-01;1.024385e-01;2.084291e-01;1.955140e-01;2.937713e-02;1.181618e-02;2.417303e-02
2.011525e-02;8.060140e-02;8.654578e-02;6.474121e-02;2.521908e-02;2.345276e-01;8.791711e-02;2.126912e-01;1.414991e-01;1.767693e-02;9.906648e-03;1.855875e-02
1.673716e-02;7.669714e-02;6.181469e-02;5.551384e-02;3.137699e-02;3.650288e-01;9.378547e-02;1.744315e-01;8.828849e-02;1.499146e-02;9.375781e-03;1.195866e-02
2.106645e-02;5.935689e-02;7.514831e-02;5.542453e-02;3.021472e-02;4.542942e-01;1.034614e-01;1.159221e-01;4.873999e-02;1.667826e-02;8.655354e-03;1.103768e-02
2.379627e-02;3.906437e-02;1.173716e-01;3.016037e-02;3.904606e-02;4.237671e-01;1.095795e-01;1.051461e-01;5.940680e-02;2.039320e-02;1.174485e-02;2.052385e-02
1.835503e-02;2.899444e-02;1.134535e-01;2.458716e-02;7.563610e-02;4.664859e-01;1.097526e-01;6.816338e-02;3.306238e-02;1.298322e-02;1.497542e-02;3.355090e-02
1.334190e-02;5.928557e-02;1.201779e-01;5.444140e-02;8.027023e-02;3.909586e-01;1.149169e-01;5.846536e-02;4.667051e-02;1.070900e-02;1.249865e-02;3.826408e-02
1.479974e-02;6.617329e-02;1.336399e-01;8.911601e-02;6.326901e-02;2.703443e-01;1.264887e-01;6.361814e-02;8.295738e-02;1.891873e-02;2.586779e-02;4.480703e-02
9.564486e-03;8.846369e-02;1.523931e-01;1.116348e-01;4.563816e-02;2.436714e-01;1.087658e-01;8.029794e-02;6.940389e-02;1.741551e-02;2.876228e-02;4.398884e-02
1.094881e-02;8.868045e-02;1.745927e-01;1.349377e-01;4.766135e-02;2.050858e-01;1.079010e-01;8.758286e-02;5.094088e-02;1.625733e-02;3.276338e-02;4.264777e-02
1.127266e-02;9.453557e-02;2.334834e-01;1.708089e-01;3.010204e-02;1.585706e-01;9.956489e-02;5.535152e-02;4.253060e-02;2.006566e-02;4.104768e-02;4.266648e-02
1.127142e-02;8.589435e-02;2.647491e-01;1.575279e-01;3.837143e-02;1.452804e-01;9.256788e-02;6.524219e-02;2.851948e-02;2.172694e-02;4.611160e-02;4.273734e-02
5.320344e-03;7.081497e-02;2.355593e-01;1.070782e-01;2.616479e-02;2.454265e-01;7.041998e-02;7.823300e-02;4.708894e-02;2.658307e-02;4.590835e-02;4.140252e-02
5.987886e-03;7.285502e-02;2.079491e-01;6.890366e-02;3.090260e-02;2.920049e-01;2.320128e-02;9.736018e-02;9.505931e-02;3.060209e-02;3.897058e-02;3.620333e-02
1.225818e-02;8.735146e-02;1.923915e-01;3.337680e-02;2.023060e-02;2.767746e-01;1.869599e-02;1.379054e-01;1.361362e-01;3.037412e-02;2.897245e-02;2.553257e-02
1.447339e-02;1.032005e-01;2.228317e-01;2.278355e-02;1.894260e-02;2.962059e-01;2.760131e-02;8.563560e-02;1.487051e-01;2.643247e-02;2.129855e-02;1.188928e-02
1.395221e-02;7.466906e-02;2.139418e-01;3.080871e-02;2.701616e-02;3.598326e-01;4.767759e-02;6.303671e-02;1.174921e-01;1.817891e-02;1.846199e-02;1.493216e-02
1.387649e-02;5.291902e-02;1.582259e-01;3.263268e-02;2.709892e-02;4.071098e-01;8.757484e-02;1.059175e-01;7.934409e-02;8.534763e-03;1.171103e-02;1.505494e-02
9.283614e-03;2.420614e-02;9.598982e-02;2.792287e-02;2.031529e-02;4.996324e-01;1.071363e-01;1.167508e-01;6.755670e-02;9.013186e-03;6.614008e-03;1.557891e-02
1.073805e-02;3.304389e-02;7.035397e-02;3.599397e-02;3.181084e-02;4.996633e-01;1.234325e-01;7.754808e-02;6.245265e-02;1.458647e-02;1.150262e-02;2.887368e-02
1.596056e-02;4.123497e-02;2.124115e-02;3.164744e-02;3.734221e-02;4.334545e-01;9.553926e-02;1.437744e-01;1.056293e-01;1.695704e-02;2.091480e-02;3.630432e-02
1.721474e-02;3.773572e-02;8.119655e-02;3.221253e-02;3.773819e-02;3.729119e-01;8.132050e-02;1.009116e-01;1.426413e-01;2.345233e-02;2.653443e-02;4.613025e-02
1.521525e-02;6.243299e-02;1.394572e-01;3.337109e-02;3.409303e-02;2.993922e-01;7.546984e-02;7.793789e-02;1.341412e-01;3.451415e-02;4.354317e-02;5.043201e-02
1.435576e-02;6.174639e-02;1.545348e-01;3.399677e-02;3.104190e-02;2.780599e-01;7.483822e-02;8.196564e-02;1.297574e-01;3.351215e-02;5.176876e-02;5.442230e-02
1.729997e-02;4.427417e-02;1.188029e-01;2.960652e-02;3.981327e-02;2.751080e-01;5.675638e-02;1.318152e-01;1.750136e-01;2.505004e-02;3.127968e-02;5.518029e-02
2.260516e-02;4.291435e-02;8.468319e-02;1.913679e-02;2.385201e-02;2.457198e-01;3.992690e-02;2.472214e-01;1.716672e-01;2.401097e-02;2.822708e-02;5.003515e-02
3.037060e-02;9.372662e-02;1.266372e-01;1.952919e-02;1.301512e-02;1.871240e-01;4.893549e-02;2.216103e-01;1.638363e-01;2.187623e-02;2.891348e-02;4.442549e-02
2.266165e-02;7.923621e-02;9.928117e-02;2.081835e-02;2.054872e-02;2.614145e-01;4.611002e-02;2.213237e-01;1.708933e-01;1.467391e-02;1.308208e-02;2.995646e-02
2.187048e-02;6.713333e-02;7.442266e-02;2.606829e-02;3.019251e-02;3.397051e-01;3.767885e-02;2.482744e-01;7.789624e-02;2.198674e-02;2.685031e-02;2.792111e-02
1.702845e-02;3.818678e-02;8.368655e-02;2.703417e-02;3.577702e-02;2.727714e-01;5.935372e-02;2.231362e-01;1.404711e-01;3.468063e-02;4.496052e-02;2.291341e-02
2.250831e-02;6.409091e-02;1.292475e-01;3.451257e-02;3.364458e-02;2.390769e-01;1.327045e-01;1.309313e-01;1.028159e-01;4.990137e-02;3.927897e-02;2.128726e-02
2.437835e-02;1.004849e-01;1.102905e-01;4.106576e-02;2.565161e-02;2.406435e-01;1.545870e-01;1.150475e-01;1.006022e-01;3.892335e-02;2.883511e-02;1.949023e-02
2.726255e-02;9.440417e-02;7.615537e-02;5.688269e-02;4.591458e-02;2.089556e-01;1.631087e-01;1.370416e-01;9.800853e-02;3.709554e-02;2.739863e-02;2.777195e-02
3.179501e-02;9.926044e-02;9.706700e-02;5.822546e-02;5.695723e-02;1.698364e-01;1.432710e-01;1.431759e-01;8.878071e-02;4.241325e-02;3.314315e-02;3.607450e-02
