6.297465e-02;9.894972e-02;1.152200e-01;5.815409e-02;5.691342e-02;1.780165e-01;4.463570e-02;9.142435e-02;9.285508e-02;5.581565e-02;6.586329e-02;7.917756e-02
7.001615e-02;1.586743e-01;1.011090e-01;5.986105e-02;5.623496e-02;1.182569e-01;7.065137e-02;4.690197e-02;4.710109e-02;1.095040e-01;6.500866e-02;9.668057e-02
7.753533e-02;1.907168e-01;7.139245e-02;4.748285e-02;5.396463e-02;1.085208e-01;8.427648e-02;5.447089e-02;5.358021e-02;7.075290e-02;8.202481e-02;1.052819e-01
7.050901e-02;1.567288e-01;7.998779e-02;6.298646e-02;3.496771e-02;8.728787e-02;7.607047e-02;9.275901e-02;6.125101e-02;5.262861e-02;8.312440e-02;1.416989e-01
4.321194e-02;1.066228e-01;1.299503e-01;7.042076e-02;2.629328e-02;7.550874e-02;4.708160e-02;1.134278e-01;5.921547e-02;8.128764e-02;5.791082e-02;1.890689e-01
2.094105e-02;9.673903e-02;1.536560e-01;6.628603e-02;3.259163e-02;8.167728e-02;2.583965e-02;1.259846e-01;7.037673e-02;8.601113e-02;4.236080e-02;1.975361e-01
2.257340e-02;8.992115e-02;1.607134e-01;6.678474e-02;4.209302e-02;6.724770e-02;2.701349e-02;1.440408e-01;8.155848e-02;6.983760e-02;7.788854e-02;1.503276e-01
7.258557e-02;6.560232e-02;1.402158e-01;9.204917e-02;4.627907e-02;3.873757e-02;4.045666e-02;1.651353e-01;9.498124e-02;4.391490e-02;1.082870e-01;9.175549e-02
7.261442e-02;5.879598e-02;9.529810e-02;8.951414e-02;4.099676e-02;4.807667e-02;4.992798e-02;1.448190e-01;8.027232e-02;7.054639e-02;1.057139e-01;1.434244e-01
3.708479e-02;1.172291e-01;1.007191e-01;6.852572e-02;3.735772e-02;9.596754e-02;5.634291e-02;1.214008e-01;7.917665e-02;2.585032e-02;1.127220e-01;1.476234e-01
4.135383e-02;1.615653e-01;9.511047e-02;6.960192e-02;3.482336e-02;9.022507e-02;5.123795e-02;1.336094e-01;6.160847e-02;4.460583e-02;6.973736e-02;1.465211e-01
5.240751e-02;1.524642e-01;9.952529e-02;5.712438e-02;3.161150e-02;7.893917e-02;5.039271e-02;1.599698e-01;5.204570e-02;7.061405e-02;6.656145e-02;1.283443e-01
1.021111e-01;1.539987e-01;9.193853e-02;4.226981e-02;3.508598e-02;5.573215e-02;5.518866e-02;1.535565e-01;4.779387e-02;7.484511e-02;7.187557e-02;1.156040e-01
1.475449e-01;1.814034e-01;1.091274e-01;5.242701e-02;4.563538e-02;8.499065e-02;4.981121e-02;8.621348e-02;3.732600e-02;5.136355e-02;6.847302e-02;8.568399e-02
1.187479e-01;1.795984e-01;1.276899e-01;5.484233e-02;4.115435e-02;1.099100e-01;6.845882e-02;9.902792e-02;4.051310e-02;4.899396e-02;5.189392e-02;5.916942e-02
6.989473e-02;1.415414e-01;1.327373e-01;5.218532e-02;5.457740e-02;1.036629e-01;1.270539e-01;8.258436e-02;4.584049e-02;3.625919e-02;9.508415e-02;5.857885e-02
9.997602e-02;7.599419e-02;1.553861e-01;3.050246e-02;5.738941e-02;1.199373e-01;1.232483e-01;4.680074e-02;5.328415e-02;1.919023e-02;1.537944e-01;6.449670e-02
1.416143e-01;3.452630e-02;1.591792e-01;1.730898e-02;4.910087e-02;1.601722e-01;8.102217e-02;3.239360e-02;5.113785e-02;1.463061e-02;2.158896e-01;4.302430e-02
1.795001e-01;2.313235e-02;1.438933e-01;1.279681e-02;3.749270e-02;2.039006e-01;4.190052e-02;2.972590e-02;3.975901e-02;2.657411e-02;2.449088e-01;1.641577e-02
1.911720e-01;3.535350e-02;1.088055e-01;2.106850e-02;4.003548e-02;2.176361e-01;2.067932e-02;3.488053e-02;4.040002e-02;5.276938e-02;2.044565e-01;3.274319e-02
1.311497e-01;8.344115e-02;7.364440e-02;3.258529e-02;8.173548e-02;1.662084e-01;3.704057e-02;6.318713e-02;6.071686e-02;7.775746e-02;1.329927e-01;5.954093e-02
6.035997e-02;8.910737e-02;6.865466e-02;4.296557e-02;9.181669e-02;1.416461e-01;5.457094e-02;7.724239e-02;8.711023e-02;6.923532e-02;1.353272e-01;8.196356e-02
4.549872e-02;6.670927e-02;8.961344e-02;6.804110e-02;5.524936e-02;1.570145e-01;5.194477e-02;8.375886e-02;8.588009e-02;4.466413e-02;1.657024e-01;8.592345e-02
5.238044e-02;4.603649e-02;7.958445e-02;6.044855e-02;4.822212e-02;1.968940e-01;5.648102e-02;8.695266e-02;8.709091e-02;5.437580e-02;1.752395e-01;5.629395e-02
3.893192e-02;4.826524e-02;7.068194e-02;4.915020e-02;4.344577e-02;2.322838e-01;3.091464e-02;8.119372e-02;8.811310e-02;5.969246e-02;2.044305e-01;5.289665e-02
8.760122e-02;5.441606e-02;1.027520e-01;6.127964e-02;2.789829e-02;1.820418e-01;5.444567e-02;8.163311e-02;1.090163e-01;5.230214e-02;1.326516e-01;5.396225e-02
1.105568e-01;5.670189e-02;1.198192e-01;7.626859e-02;4.489895e-02;1.024210e-01;5.799964e-02;6.997305e-02;1.079813e-01;6.741613e-02;1.319157e-01;5.404780e-02
7.971946e-02;4.222950e-02;1.114603e-01;6.449616e-02;6.940913e-02;1.206964e-01;5.441346e-02;1.050592e-01;1.073831e-01;6.427549e-02;1.293543e-01;5.150347e-02
4.165329e-02;5.480007e-02;1.042443e-01;6.963842e-02;5.963036e-02;1.750609e-01;3.470552e-02;1.412544e-01;1.231511e-01;7.367268e-02;5.391109e-02;6.827790e-02
5.295533e-02;6.930915e-02;8.672491e-02;6.476453e-02;5.104557e-02;1.540194e-01;6.881443e-02;1.387617e-01;1.297791e-01;7.651268e-02;5.746080e-02;4.985249e-02
7.258892e-02;9.471991e-02;7.236664e-02;6.350709e-02;4.777081e-02;1.340404e-01;8.107825e-02;1.217536e-01;1.262166e-01;5.085872e-02;6.559097e-02;6.950806e-02
7.551385e-02;1.110681e-01;7.875893e-02;5.203945e-02;4.462984e-02;1.311024e-01;6.739776e-02;9.255214e-02;9.873345e-02;6.260463e-02;8.826879e-02;9.733059e-02
5.572460e-02;1.281944e-01;9.810403e-02;4.417697e-02;5.289208e-02;1.371425e-01;7.473350e-02;8.723155e-02;9.423584e-02;7.438214e-02;4.421283e-02;1.089696e-01
6.982150e-02;1.381249e-01;9.246226e-02;3.380968e-02;4.419795e-02;1.079894e-01;5.378086e-02;8.299350e-02;8.625921e-02;8.140706e-02;1.108361e-01;9.831748e-02
1.182866e-01;1.362684e-01;9.883176e-02;4.588177e-02;2.055093e-02;1.365643e-01;3.266441e-02;7.316193e-02;7.649139e-02;7.193267e-02;1.145144e-01;7.485137e-02
1.002879e-01;1.214761e-01;1.316423e-01;4.871101e-02;1.629009e-02;1.710029e-01;6.052832e-02;7.317710e-02;9.293427e-02;4.743835e-02;6.584007e-02;7.067166e-02
6.543014e-02;1.120137e-01;1.321829e-01;4.192400e-02;2.058701e-02;1.582437e-01;1.156782e-01;7.572309e-02;1.201436e-01;4.645125e-02;5.326916e-02;5.835320e-02
4.611768e-02;8.102049e-02;1.061307e-01;2.490843e-02;2.612052e-02;1.804833e-01;1.194366e-01;8.475411e-02;1.566104e-01;4.685794e-02;6.848902e-02;5.907075e-02
4.724995e-02;4.053430e-02;9.952626e-02;9.985421e-03;2.868939e-02;2.901273e-01;7.903232e-02;8.655054e-02;1.428098e-01;4.725682e-02;7.858315e-02;4.965471e-02
4.678986e-02;6.267207e-02;1.062910e-01;1.250343e-02;3.908280e-02;3.704309e-01;3.936984e-02;6.984952e-02;9.133335e-02;5.288742e-02;6.301537e-02;4.577450e-02
4.086843e-02;6.869129e-02;9.001666e-02;2.394781e-02;6.618868e-02;3.295765e-01;4.224494e-02;1.088865e-01;8.374286e-02;4.974415e-02;5.334878e-02;4.274336e-02
4.253436e-02;6.516316e-02;6.075706e-02;3.542464e-02;8.912791e-02;2.738302e-01;4.203167e-02;1.343429e-01;1.164940e-01;3.764602e-02;6.782757e-02;3.482056e-02
4.560396e-02;6.872822e-02;4.434254e-02;2.305329e-02;8.950108e-02;2.251351e-01;3.405495e-02;1.566397e-01;1.518814e-01;4.194062e-02;9.742371e-02;2.169545e-02
8.028299e-02;7.537998e-02;3.631302e-02;4.208966e-02;1.018509e-01;1.631267e-01;1.946069e-02;1.557858e-01;1.419391e-01;5.481634e-02;1.032738e-01;2.568100e-02
8.112425e-02;6.249264e-02;3.725686e-02;8.524597e-02;1.217982e-01;1.617059e-01;3.214742e-02;1.418945e-01;1.150044e-01;6.548654e-02;6.415877e-02;3.168458e-02
4.221021e-02;5.445730e-02;5.414648e-02;1.075770e-01;1.108927e-01;2.240555e-01;4.939903e-02;1.051426e-01;9.561003e-02;6.040895e-02;6.637778e-02;2.972241e-02
2.315606e-02;3.974701e-02;4.619349e-02;8.876456e-02;1.012076e-01;2.977340e-01;7.574019e-02;9.095451e-02;1.009175e-01;5.443340e-02;6.010618e-02;2.104552e-02
1.357526e-02;4.017754e-02;5.591340e-02;4.905729e-02;7.154293e-02;3.351025e-01;1.079618e-01;9.206732e-02;9.503627e-02;5.376333e-02;5.531740e-02;3.048494e-02
2.397501e-02;3.438450e-02;4.812082e-02;2.541043e-02;3.933255e-02;3.614401e-01;9.232988e-02;8.388474e-02;9.284002e-02;6.757652e-02;9.724171e-02;3.346371e-02
3.360218e-02;3.456458e-02;6.127951e-02;1.529097e-02;3.016456e-02;4.028966e-01;7.197265e-02;6.216547e-02;7.200833e-02;8.611438e-02;1.033671e-01;2.657366e-02
3.546192e-02;2.853438e-02;8.086145e-02;1.382773e-02;1.759417e-02;4.070270e-01;6.111240e-02;4.390383e-02;7.252648e-02;1.232655e-01;8.747185e-02;2.841327e-02
3.051993e-02;3.318187e-02;8.503523e-02;1.524584e-02;4.433395e-02;3.670954e-01;8.382964e-02;2.563015e-02;9.931267e-02;1.184688e-01;7.056486e-02;2.678173e-02
1.781508e-02;2.636019e-02;7.520926e-02;3.029215e-02;6.069804e-02;3.222593e-01;1.451232e-01;3.141849e-02;1.208807e-01;7.935677e-02;5.630942e-02;3.427727e-02
2.101675e-02;4.760618e-02;9.361288e-02;6.189121e-02;7.046793e-02;2.184230e-01;1.692245e-01;4.865332e-02;1.053148e-01;8.010042e-02;4.923352e-02;3.445542e-02
3.177935e-02;7.584225e-02;1.219435e-01;8.632131e-02;8.465751e-02;9.000919e-02;1.726469e-01;8.604359e-02;9.420870e-02;7.956330e-02;4.012796e-02;3.685638e-02
5.144891e-02;7.988834e-02;8.641243e-02;5.678324e-02;7.151480e-02;1.227547e-01;2.158735e-01;9.596159e-02;8.081438e-02;4.495192e-02;4.235099e-02;5.124529e-02
3.449603e-02;8.439410e-02;7.684988e-02;5.292597e-02;4.256881e-02;8.046337e-02;3.308685e-01;8.164962e-02;7.469445e-02;3.612336e-02;5.442640e-02;5.053947e-02
2.039600e-02;5.419026e-02;1.111855e-01;4.162175e-02;3.675346e-02;1.131369e-01;3.645975e-01;5.551247e-02;8.296864e-02;2.477051e-02;5.233334e-02;4.253373e-02
3.928398e-02;3.856327e-02;1.313050e-01;2.283637e-02;2.961396e-02;1.575338e-01;3.332076e-01;4.187791e-02;8.765836e-02;1.837635e-02;6.372106e-02;3.602236e-02
7.190186e-02;2.491437e-02;1.231465e-01;1.623556e-02;2.068761e-02;2.142114e-01;2.481739e-01;3.571937e-02;8.623441e-02;1.634836e-02;1.106803e-01;3.174637e-02
6.800824e-02;2.351105e-02;1.071539e-01;1.735704e-02;3.888171e-02;2.467581e-01;1.544749e-01;4.312226e-02;7.733338e-02;3.952466e-02;1.415871e-01;4.228771e-02
3.927329e-02;2.486079e-02;8.321977e-02;3.410897e-02;6.508209e-02;2.549163e-01;9.737980e-02;6.816486e-02;7.659733e-02;6.387532e-02;1.418268e-01;5.069463e-02
3.563594e-02;2.103188e-02;9.022890e-02;4.187988e-02;7.204925e-02;1.862927e-01;1.602253e-01;9.192563e-02;9.234390e-02;6.665470e-02;9.675428e-02;4.497753e-02
4.671326e-02;3.381387e-02;1.033911e-01;4.191286e-02;5.730272e-02;1.290979e-01;1.953158e-01;8.274693e-02;1.166179e-01;5.970279e-02;9.497064e-02;3.841427e-02
4.172869e-02;3.692850e-02;8.188362e-02;3.038821e-02;4.207171e-02;2.236800e-01;1.810557e-01;7.536448e-02;8.243728e-02;4.886230e-02;1.076480e-01;4.795153e-02
3.645886e-02;4.249474e-02;7.718598e-02;2.591953e-02;5.037131e-02;2.246947e-01;1.662700e-01;7.329183e-02;8.455814e-02;3.839693e-02;1.187739e-01;6.158405e-02
3.703738e-02;7.913095e-02;8.934188e-02;3.332303e-02;6.837552e-02;1.595354e-01;1.349204e-01;8.296666e-02;9.690876e-02;5.068159e-02;1.135383e-01;5.424011e-02
4.795834e-02;5.345469e-02;7.480648e-02;2.978232e-02;5.906135e-02;1.670653e-01;1.679870e-01;9.147147e-02;1.087803e-01;5.653659e-02;1.088569e-01;3.423924e-02
3.815712e-02;4.819830e-02;7.055723e-02;2.279957e-02;6.039091e-02;2.102147e-01;1.685672e-01;9.517670e-02;1.060290e-01;5.063173e-02;9.413115e-02;3.514647e-02
3.734881e-02;4.056932e-02;7.732200e-02;3.631607e-02;8.768577e-02;1.742429e-01;1.402243e-01;1.288745e-01;1.294531e-01;4.507179e-02;5.047429e-02;5.241717e-02
4.684932e-02;7.858269e-02;9.159613e-02;4.411582e-02;4.929712e-02;1.534782e-01;1.629148e-01;9.772744e-02;1.125085e-01;5.181916e-02;5.545576e-02;5.565505e-02
4.974610e-02;7.539496e-02;1.029435e-01;4.205043e-02;4.074085e-02;1.268724e-01;1.614442e-01;9.887630e-02;9.143271e-02;4.355363e-02;8.896736e-02;7.797759e-02
8.564459e-02;4.321783e-02;9.660377e-02;3.806124e-02;3.554372e-02;1.410569e-01;1.204922e-01;6.822570e-02;8.437590e-02;3.407302e-02;1.850471e-01;6.765805e-02
1.363769e-01;2.443596e-02;7.394097e-02;4.340855e-02;3.418388e-02;1.932058e-01;6.325210e-02;3.929489e-02;6.670464e-02;6.154078e-02;2.300682e-01;3.358740e-02
1.402381e-01;6.016520e-02;5.143394e-02;7.892609e-02;6.083047e-02;1.749388e-01;4.779083e-02;5.332251e-02;5.124088e-02;9.129601e-02;1.683935e-01;2.142366e-02
7.709973e-02;1.163126e-01;4.278162e-02;1.364651e-01;1.309152e-01;7.919546e-02;6.478386e-02;7.198126e-02;5.318508e-02;1.075430e-01;8.211230e-02;3.762487e-02
2.038166e-02;1.366240e-01;3.684929e-02;1.908903e-01;2.014858e-01;6.547631e-02;5.163787e-02;7.405885e-02;6.420612e-02;8.191920e-02;3.321205e-02;4.325847e-02
1.616289e-02;1.106102e-01;4.082029e-02;2.272814e-01;2.384435e-01;6.864295e-02;5.226681e-02;6.981607e-02;6.972901e-02;5.491870e-02;2.151910e-02;2.978897e-02
1.714319e-02;6.551374e-02;5.648964e-02;1.756188e-01;2.148735e-01;1.325321e-01;5.768784e-02;6.882542e-02;8.007666e-02;6.332131e-02;5.049891e-02;1.741899e-02
2.175438e-02;6.901400e-02;3.600623e-02;8.628628e-02;1.906985e-01;1.780306e-01;4.680958e-02;1.023121e-01;1.244512e-01;7.563048e-02;5.369120e-02;1.531550e-02
2.549230e-02;8.021544e-02;3.548770e-02;6.080490e-02;1.853300e-01;9.865060e-02;6.040389e-02;1.210433e-01;1.667490e-01;1.019212e-01;4.412505e-02;1.977666e-02
4.128790e-02;7.500016e-02;6.372879e-02;5.410085e-02;1.421258e-01;1.127229e-01;7.454716e-02;1.131910e-01;1.692965e-01;8.652749e-02;4.871857e-02;1.875280e-02
5.135244e-02;7.549015e-02;6.635299e-02;7.035620e-02;9.944830e-02;1.244121e-01;7.128239e-02;1.175632e-01;1.845890e-01;5.219706e-02;6.019113e-02;2.676503e-02
5.098630e-02;9.592066e-02;5.925224e-02;8.702058e-02;4.412046e-02;5.195782e-02;7.433852e-02;1.544677e-01;2.261682e-01;5.256432e-02;6.702323e-02;3.618006e-02
3.254696e-02;9.015547e-02;6.204689e-02;8.229231e-02;5.323391e-02;6.425313e-02;7.429781e-02;1.622891e-01;2.259623e-01;7.708390e-02;5.393498e-02;2.190327e-02
4.021076e-02;6.166546e-02;4.781669e-02;8.759952e-02;8.390091e-02;6.404641e-02;1.081320e-01;1.502891e-01;1.929349e-01;7.197692e-02;6.406135e-02;2.736591e-02
4.797693e-02;7.562548e-02;6.156422e-02;7.034615e-02;1.014063e-01;1.110166e-01;1.445443e-01;1.335536e-01;1.266811e-01;5.791610e-02;4.275577e-02;2.661355e-02
6.037899e-02;7.928221e-02;6.419394e-02;7.542923e-02;1.083951e-01;7.956315e-02;1.567373e-01;1.443091e-01;1.027205e-01;6.725881e-02;3.835262e-02;2.337903e-02
3.644878e-02;6.518216e-02;7.701443e-02;5.932281e-02;1.167475e-01;1.039446e-01;1.093975e-01;1.356752e-01;1.149477e-01;6.602614e-02;7.877563e-02;3.651753e-02
2.489147e-02;5.174521e-02;5.461374e-02;7.782110e-02;1.280869e-01;1.676882e-01;7.596232e-02;1.293131e-01;1.147988e-01;5.819882e-02;7.359898e-02;4.328148e-02
3.263519e-02;5.268795e-02;5.279693e-02;7.497108e-02;1.106079e-01;2.262651e-01;7.119586e-02;1.038290e-01;9.765370e-02;5.299111e-02;7.755773e-02;4.680848e-02
3.046635e-02;7.446705e-02;5.109465e-02;4.346744e-02;6.444659e-02;2.750523e-01;8.400738e-02;7.157638e-02;8.580145e-02;6.177459e-02;1.233630e-01;3.448278e-02
2.251560e-02;9.968103e-02;5.535560e-02;3.935561e-02;8.104661e-02;2.227247e-01;7.590169e-02;6.941987e-02;1.052944e-01;9.363324e-02;1.086101e-01;2.646154e-02
2.345637e-02;9.880900e-02;6.521481e-02;5.223771e-02;1.177315e-01;1.590561e-01;5.945669e-02;8.889818e-02;1.148303e-01;9.756635e-02;7.458453e-02;4.815838e-02
1.765637e-02;9.946756e-02;5.348250e-02;4.195003e-02;1.365937e-01;1.636495e-01;1.062065e-01;8.423563e-02;1.011170e-01;8.403754e-02;6.851087e-02;4.309276e-02
1.478871e-02;9.297526e-02;7.474498e-02;4.887814e-02;1.113045e-01;1.546750e-01;1.087740e-01;9.013914e-02;7.815134e-02;7.938640e-02;1.221752e-01;2.400744e-02
1.624947e-02;8.407573e-02;7.813842e-02;4.765517e-02;6.998142e-02;2.280343e-01;9.141999e-02;8.444268e-02;6.404988e-02;5.503761e-02;1.580438e-01;2.287145e-02
2.058828e-02;6.511097e-02;8.278694e-02;4.180250e-02;6.721450e-02;2.815113e-01;7.399724e-02;6.194920e-02;6.765626e-02;3.806962e-02;1.716197e-01;2.769352e-02
1.673731e-02;4.005815e-02;9.998919e-02;4.057520e-02;5.973841e-02;3.097905e-01;9.122247e-02;3.823664e-02;7.871519e-02;2.700241e-02;1.627197e-01;3.521487e-02
1.471574e-02;3.696479e-02;1.010376e-01;8.634388e-02;3.418222e-02;2.493514e-01;1.735509e-01;2.804398e-02;7.767739e-02;2.997215e-02;1.167039e-01;5.145600e-02
1.973943e-02;4.499236e-02;8.159488e-02;1.607240e-01;3.399513e-02;1.471066e-01;2.762803e-01;3.566772e-02;5.732508e-02;3.108711e-02;3.698203e-02;7.450535e-02
3.204482e-02;7.639111e-02;6.003316e-02;1.538276e-01;3.479490e-02;1.147188e-01;2.344287e-01;8.783996e-02;4.037065e-02;5.134130e-02;4.151709e-02;7.269180e-02
7.328206e-02;1.366002e-01;6.336598e-02;9.869338e-02;5.102142e-02;9.048331e-02;6.944375e-02;1.818240e-01;5.792290e-02;5.516144e-02;7.278842e-02;4.941317e-02
7.230344e-02;1.866533e-01;1.084614e-01;4.843535e-02;7.045334e-02;8.830447e-02;6.486105e-02;1.595828e-01;6.117600e-02;4.150364e-02;6.976464e-02;2.850057e-02
4.395432e-02;2.541578e-01;1.714102e-01;3.316399e-02;7.141028e-02;1.114381e-01;3.466696e-02;8.588362e-02;6.244063e-02;4.110847e-02;5.956240e-02;3.080324e-02
4.467015e-02;3.018362e-01;2.029603e-01;3.404035e-02;5.352221e-02;1.029337e-01;2.340467e-02;4.286024e-02;6.489420e-02;3.746184e-02;6.141232e-02;3.000379e-02
4.466199e-02;3.258143e-01;2.581327e-01;3.372038e-02;4.393414e-02;7.115099e-02;3.267629e-02;3.717301e-02;5.565644e-02;2.694389e-02;4.812242e-02;2.201338e-02
4.689679e-02;3.173440e-01;2.965590e-01;3.952390e-02;4.951786e-02;5.205751e-02;4.546928e-02;4.162386e-02;4.457695e-02;2.448511e-02;2.764995e-02;1.429577e-02
3.848526e-02;2.740476e-01;2.873529e-01;3.639529e-02;5.823005e-02;5.960064e-02;4.539493e-02;5.257251e-02;6.437214e-02;3.801564e-02;3.244573e-02;1.308734e-02
3.068002e-02;1.875426e-01;2.454548e-01;2.055839e-02;5.719488e-02;1.167480e-01;6.610230e-02;6.783894e-02;9.865805e-02;4.400614e-02;4.077691e-02;2.443895e-02
3.923335e-02;1.155644e-01;2.045665e-01;3.647863e-02;8.038991e-02;1.335366e-01;1.023609e-01;6.478587e-02;1.017299e-01;5.406633e-02;3.529492e-02;3.199265e-02
5.909836e-02;1.830266e-01;2.181635e-01;6.100919e-02;8.693196e-02;8.066969e-02;6.773485e-02;4.272460e-02;7.962123e-02;5.442443e-02;2.588535e-02;4.071021e-02
6.841519e-02;2.610237e-01;2.119085e-01;6.487327e-02;6.533994e-02;6.333074e-02;2.069903e-02;6.843156e-02;6.023031e-02;4.273136e-02;2.195565e-02;5.106076e-02
4.320854e-02;2.364888e-01;1.724292e-01;6.199385e-02;5.206582e-02;1.425330e-01;4.911831e-02;7.437362e-02;5.898099e-02;4.043063e-02;2.258708e-02;4.579017e-02
2.270656e-02;1.939913e-01;2.573366e-01;6.715074e-02;5.591393e-02;1.545408e-01;4.549028e-02;6.309901e-02;4.777113e-02;4.596046e-02;2.590591e-02;2.013327e-02
2.156507e-02;2.314925e-01;3.213032e-01;5.706184e-02;4.850489e-02;1.123551e-01;3.038355e-02;4.403685e-02;4.485016e-02;4.898017e-02;2.328532e-02;1.618136e-02
2.987715e-02;2.933937e-01;3.149884e-01;2.700713e-02;5.071825e-02;9.652650e-02;3.055181e-02;2.516898e-02;4.830511e-02;3.925604e-02;2.196455e-02;2.224235e-02
4.259688e-02;3.012263e-01;2.568257e-01;3.296195e-02;5.869656e-02;8.670437e-02;4.096817e-02;3.903772e-02;5.027544e-02;2.670167e-02;3.044758e-02;3.355765e-02
4.166560e-02;1.988220e-01;2.413205e-01;4.677467e-02;5.593868e-02;1.150375e-01;7.848947e-02;7.484577e-02;4.927642e-02;1.612143e-02;4.917687e-02;3.253118e-02
3.466467e-02;8.430685e-02;2.759060e-01;5.396165e-02;6.274591e-02;2.020659e-01;5.314460e-02;8.122652e-02;5.200115e-02;2.506837e-02;5.849600e-02;1.641234e-02
2.808688e-02;1.559676e-01;2.547247e-01;6.384845e-02;3.612293e-02;1.891052e-01;7.800829e-02;7.312242e-02;4.043877e-02;1.422495e-02;4.487221e-02;2.147767e-02
4.858081e-02;1.335703e-01;2.151282e-01;9.352198e-02;3.716231e-02;1.017346e-01;9.761064e-02;1.085877e-01;6.187009e-02;4.446505e-02;2.690607e-02;3.086221e-02
6.698474e-02;1.029131e-01;1.407164e-01;8.696883e-02;7.505596e-02;8.592436e-02;8.225841e-02;1.994607e-01;5.439830e-02;2.783261e-02;4.028899e-02;3.719760e-02
9.064619e-02;8.897879e-02;9.218389e-02;5.818632e-02;9.438045e-02;6.529915e-02;7.151497e-02;2.694497e-01;6.498957e-02;1.428723e-02;6.321768e-02;2.686601e-02
1.355228e-01;6.627652e-02;5.416055e-02;2.724593e-02;9.824505e-02;3.920155e-02;3.255736e-02;3.107444e-01;9.432901e-02;2.500051e-02;9.692737e-02;1.978897e-02
1.799517e-01;6.071540e-02;6.041170e-02;1.160351e-02;7.392431e-02;2.231869e-02;2.884218e-02;3.039124e-01;6.452237e-02;3.880654e-02;1.335236e-01;2.146762e-02
2.138138e-01;6.754421e-02;7.520457e-02;1.058732e-02;6.138973e-02;1.768409e-02;1.626354e-02;3.056876e-01;2.896702e-02;3.258439e-02;1.356810e-01;3.459262e-02
2.259298e-01;7.224537e-02;8.901397e-02;1.881277e-02;5.739191e-02;1.504321e-02;2.572655e-02;3.123258e-01;2.541494e-02;2.602655e-02;1.011243e-01;3.094493e-02
2.431517e-01;6.439904e-02;7.988451e-02;1.620645e-02;4.727616e-02;2.928289e-02;4.089885e-02;3.327941e-01;3.516859e-02;1.596035e-02;3.832083e-02;5.665656e-02
2.174296e-01;7.569976e-02;8.294914e-02;2.310778e-02;4.449691e-02;3.003265e-02;7.430919e-02;2.708806e-01;4.200209e-02;3.070376e-02;2.319895e-02;8.518952e-02
1.985875e-01;5.725171e-02;6.517575e-02;2.473664e-02;4.623979e-02;3.654897e-02;1.361702e-01;2.273811e-01;4.669464e-02;5.645849e-02;2.185633e-02;8.289883e-02
1.250258e-01;3.994195e-02;2.984123e-02;4.512285e-02;3.988234e-02;4.671334e-02;2.614176e-01;1.718063e-01;4.316875e-02;9.020434e-02;1.626662e-02;9.060887e-02
7.469878e-02;6.695019e-02;3.248470e-02;6.422035e-02;2.936302e-02;8.473338e-02;2.989491e-01;1.070871e-01;3.067084e-02;8.395711e-02;1.424206e-02;1.126434e-01
6.089373e-02;9.288707e-02;4.372380e-02;7.179125e-02;3.970820e-02;1.686782e-01;2.580829e-01;5.953918e-02;3.245428e-02;5.477860e-02;1.115426e-02;1.063085e-01
6.567352e-02;8.617365e-02;4.310386e-02;6.979371e-02;6.081263e-02;2.011071e-01;1.966298e-01;7.465468e-02;5.950929e-02;3.580025e-02;2.605981e-02;8.068177e-02
8.681921e-02;6.827568e-02;6.122318e-02;7.548444e-02;7.555940e-02;1.637794e-01;1.151459e-01;1.228348e-01;9.793071e-02;3.515757e-02;3.944503e-02;5.834476e-02
8.653105e-02;7.646985e-02;1.023179e-01;7.274050e-02;4.621330e-02;9.395111e-02;9.581129e-02;1.567130e-01;1.152464e-01;5.724851e-02;6.423432e-02;3.252276e-02
3.756375e-02;1.031795e-01;1.382214e-01;7.231621e-02;4.488603e-02;8.076371e-02;8.127843e-02;2.024557e-01;1.024244e-01;5.019401e-02;5.714903e-02;2.956792e-02
2.631560e-02;1.208439e-01;1.617589e-01;6.005925e-02;5.090338e-02;1.084628e-01;6.075352e-02;2.363780e-01;7.674210e-02;4.374685e-02;3.337615e-02;2.065951e-02
4.464104e-02;1.496703e-01;1.348547e-01;5.549133e-02;4.348566e-02;1.514723e-01;6.437834e-02;2.328562e-01;5.225689e-02;2.899889e-02;2.315777e-02;1.873664e-02
4.800337e-02;1.543219e-01;7.867493e-02;8.278079e-02;3.541192e-02;2.201396e-01;8.059476e-02;1.975582e-01;3.986232e-02;2.975716e-02;1.916786e-02;1.372724e-02
5.460607e-02;9.814043e-02;6.195350e-02;9.161630e-02;1.982659e-02;3.157446e-01;9.035657e-02;1.652677e-01;3.300518e-02;2.759840e-02;2.383886e-02;1.804583e-02
5.792677e-02;6.240243e-02;4.495616e-02;5.858261e-02;4.016642e-02;3.542496e-01;9.802536e-02;1.424355e-01;5.686853e-02;2.619908e-02;2.083438e-02;3.735317e-02
7.087719e-02;5.596737e-02;7.637178e-02;4.457982e-02;6.479008e-02;2.814041e-01;8.142146e-02;1.586516e-01;5.018893e-02;2.025835e-02;2.592867e-02;6.956065e-02
8.787902e-02;8.857203e-02;8.526742e-02;3.260239e-02;7.271498e-02;2.730051e-01;4.487267e-02;1.412681e-01;5.580488e-02;1.861244e-02;4.253963e-02;5.686142e-02
9.668402e-02;9.284784e-02;6.874166e-02;2.214312e-02;6.445938e-02;2.233769e-01;1.268690e-01;1.295257e-01;5.333577e-02;1.850482e-02;2.457244e-02;7.893928e-02
7.803142e-02;8.636018e-02;8.475190e-02;2.567063e-02;7.088010e-02;2.469936e-01;1.000901e-01;1.346872e-01;6.037643e-02;1.637305e-02;1.254793e-02;8.323751e-02
6.570831e-02;6.989342e-02;6.846119e-02;2.688425e-02;8.787118e-02;2.562866e-01;6.017983e-02;1.615091e-01;9.075794e-02;2.251342e-02;1.963450e-02;7.030036e-02
6.587639e-02;9.823354e-02;1.154721e-01;1.264640e-02;6.843748e-02;2.316736e-01;6.746240e-02;1.702654e-01;7.294522e-02;2.353851e-02;2.958607e-02;4.386279e-02
7.831622e-02;7.609978e-02;1.103239e-01;1.688045e-02;5.351101e-02;2.210176e-01;8.727686e-02;2.161100e-01;4.157538e-02;2.301653e-02;2.931729e-02;4.655509e-02
9.863514e-02;5.951937e-02;9.838397e-02;2.697587e-02;5.237656e-02;2.614434e-01;3.817393e-02;2.339747e-01;3.965021e-02;1.251321e-02;2.538861e-02;5.296499e-02
7.428195e-02;8.293769e-02;1.125902e-01;1.723023e-02;3.453349e-02;2.978260e-01;9.116615e-02;1.665896e-01;3.961973e-02;1.913112e-02;2.225302e-02;4.184085e-02
6.396972e-02;1.156563e-01;1.419769e-01;1.894307e-02;2.680699e-02;2.187840e-01;1.466305e-01;1.286003e-01;3.975094e-02;2.089191e-02;2.144335e-02;5.654601e-02
7.784704e-02;7.443759e-02;6.866062e-02;3.082777e-02;3.232392e-02;3.016618e-01;1.331567e-01;1.186637e-01;4.004266e-02;2.258221e-02;2.525391e-02;7.454219e-02
7.249593e-02;6.899857e-02;8.881548e-02;3.408533e-02;3.947463e-02;3.129663e-01;3.839994e-02;2.051734e-01;4.031439e-02;3.490925e-02;1.585816e-02;4.850856e-02
6.639274e-02;1.346821e-01;1.303457e-01;4.067253e-02;4.011415e-02;1.699241e-01;6.250311e-02;2.168224e-01;5.115880e-02;4.477266e-02;2.089745e-02;2.171426e-02
8.458650e-02;1.708851e-01;1.055172e-01;3.877782e-02;4.331394e-02;1.467086e-01;1.241970e-01;1.702656e-01;4.875324e-02;2.955843e-02;1.552275e-02;2.191384e-02
9.292455e-02;1.424061e-01;1.210709e-01;2.887392e-02;5.089283e-02;2.090068e-01;1.082158e-01;1.202028e-01;3.966253e-02;1.937161e-02;1.707948e-02;5.029269e-02
7.981819e-02;8.502420e-02;8.025401e-02;4.404964e-02;7.734176e-02;2.287928e-01;8.234371e-02;1.388254e-01;5.926796e-02;2.514554e-02;3.127297e-02;6.786393e-02
7.538670e-02;9.251031e-02;1.034892e-01;5.115179e-02;9.468049e-02;2.048816e-01;4.495327e-02;1.433517e-01;5.083311e-02;2.940349e-02;3.803803e-02;7.132039e-02
1.093067e-01;1.192013e-01;8.530899e-02;5.222221e-02;1.000234e-01;6.351297e-02;4.440359e-02;1.987646e-01;4.868963e-02;5.509778e-02;3.859306e-02;8.487577e-02
8.461552e-02;1.064309e-01;1.397249e-01;2.851163e-02;4.799531e-02;2.055981e-01;6.381367e-02;1.757419e-01;4.472366e-02;3.452288e-02;2.289950e-02;4.542198e-02
9.314457e-02;4.954410e-02;1.366081e-01;2.968820e-02;2.473410e-02;2.239964e-01;9.605266e-02;2.177127e-01;4.690787e-02;2.891685e-02;1.931941e-02;3.337505e-02
6.954507e-02;1.095610e-01;1.439257e-01;3.400816e-02;2.641486e-02;1.130922e-01;1.077169e-01;2.148010e-01;7.505355e-02;2.698407e-02;2.043797e-02;5.845960e-02
6.001388e-02;1.349784e-01;1.057148e-01;2.518137e-02;2.767573e-02;1.312014e-01;1.315196e-01;2.001499e-01;6.998014e-02;2.716641e-02;3.594607e-02;5.047228e-02
8.397762e-02;1.405759e-01;1.635651e-01;2.226580e-02;2.282129e-02;1.538112e-01;1.373856e-01;1.378745e-01;3.907701e-02;2.184268e-02;2.635903e-02;5.044423e-02
9.429154e-02;1.120806e-01;1.267565e-01;3.022798e-02;2.498838e-02;2.426149e-01;8.618890e-02;1.364011e-01;5.196679e-02;2.629513e-02;2.655826e-02;4.162995e-02
6.578826e-02;1.264833e-01;1.321031e-01;2.125203e-02;3.085897e-02;2.773512e-01;6.479409e-02;1.610947e-01;4.364193e-02;2.466257e-02;3.126437e-02;2.070552e-02
4.536687e-02;1.387784e-01;1.049161e-01;2.542797e-02;4.237940e-02;2.307932e-01;1.051933e-01;1.773294e-01;5.790945e-02;1.910760e-02;2.304482e-02;2.975341e-02
5.058779e-02;1.514201e-01;9.980991e-02;2.964182e-02;4.437045e-02;1.438554e-01;1.366466e-01;1.871923e-01;8.195880e-02;1.733191e-02;2.704862e-02;3.013632e-02
6.230994e-02;1.700053e-01;1.233984e-01;2.974614e-02;3.415158e-02;1.223328e-01;1.202956e-01;1.393640e-01;9.793078e-02;2.920082e-02;4.304678e-02;2.821788e-02
5.687373e-02;1.633501e-01;9.338672e-02;1.864360e-02;4.016743e-02;1.857568e-01;9.114176e-02;1.284061e-01;9.830919e-02;4.352935e-02;4.198349e-02;3.845160e-02
4.340170e-02;1.355168e-01;1.109238e-01;2.341567e-02;4.222726e-02;1.729908e-01;9.642887e-02;1.784364e-01;6.421317e-02;4.925000e-02;3.355197e-02;4.964352e-02
6.533179e-02;1.400323e-01;1.112036e-01;3.282262e-02;4.904923e-02;1.334462e-01;1.017336e-01;1.742708e-01;6.213577e-02;7.018192e-02;2.826812e-02;3.152401e-02
