7.853126e-02;8.412016e-02;2.276321e-01;9.217650e-02;6.364556e-02;5.309209e-02;1.054193e-01;5.514952e-02;7.594472e-02;8.403973e-02;5.360006e-02;2.664901e-02
1.318190e-01;1.150750e-01;2.430690e-01;5.513595e-02;6.489421e-02;4.727646e-02;1.110159e-01;6.829710e-02;7.706141e-02;3.614931e-02;2.498206e-02;2.522466e-02
1.898199e-01;1.426230e-01;1.987607e-01;4.450591e-02;6.578444e-02;2.899579e-02;1.112731e-01;7.090924e-02;7.697340e-02;2.707091e-02;1.992446e-02;2.335919e-02
2.658213e-01;1.739075e-01;1.375659e-01;3.894527e-02;6.594604e-02;2.164248e-02;1.033777e-01;4.785514e-02;8.059631e-02;2.126556e-02;1.606142e-02;2.701526e-02
2.888590e-01;1.672255e-01;1.153365e-01;3.143965e-02;8.011631e-02;2.622119e-02;7.274741e-02;6.310504e-02;8.936293e-02;1.952544e-02;1.963256e-02;2.642840e-02
2.221881e-01;1.157455e-01;1.453044e-01;2.924004e-02;1.362450e-01;1.610462e-02;4.049918e-02;1.682828e-01;6.904852e-02;1.858914e-02;2.047773e-02;1.827515e-02
1.352387e-01;5.073169e-02;2.205624e-01;2.290982e-02;1.611601e-01;1.308094e-02;4.984092e-02;2.454188e-01;3.767296e-02;1.550642e-02;2.939452e-02;1.848284e-02
1.263007e-01;5.021702e-02;2.166543e-01;2.080337e-02;1.369133e-01;1.117744e-02;5.682036e-02;2.552046e-01;6.093271e-02;1.448549e-02;2.687478e-02;2.361599e-02
1.329785e-01;6.663024e-02;2.148371e-01;1.675976e-02;1.149232e-01;1.882849e-02;5.358060e-02;2.390037e-01;8.395658e-02;1.550838e-02;2.218921e-02;2.080420e-02
1.468792e-01;8.043642e-02;2.152734e-01;1.314803e-02;1.118386e-01;1.863272e-02;3.159790e-02;2.426079e-01;8.418101e-02;1.749633e-02;1.950053e-02;1.840808e-02
1.812059e-01;7.460476e-02;1.639620e-01;9.767765e-03;1.223182e-01;1.350316e-02;2.914595e-02;2.411692e-01;1.074395e-01;2.019129e-02;1.790275e-02;1.878951e-02
2.066132e-01;6.529221e-02;1.450662e-01;1.240371e-02;1.190089e-01;8.839027e-03;2.356216e-02;2.320577e-01;1.383728e-01;1.386177e-02;1.489157e-02;2.003065e-02
1.981423e-01;8.587545e-02;1.579366e-01;2.380859e-02;9.200738e-02;1.450265e-02;5.743198e-02;1.981176e-01;1.172879e-01;1.681856e-02;1.746859e-02;2.060242e-02
2.033695e-01;1.238234e-01;1.475258e-01;4.317442e-02;4.681903e-02;2.528859e-02;1.229196e-01;1.449300e-01;6.198077e-02;2.577691e-02;1.818513e-02;3.620685e-02
2.982159e-01;1.182729e-01;7.597344e-02;3.905025e-02;2.475359e-02;2.349341e-02;1.572047e-01;1.487969e-01;3.668287e-02;2.399182e-02;1.312802e-02;4.043631e-02
3.073914e-01;6.284481e-02;4.164997e-02;2.655052e-02;3.995581e-02;1.794888e-02;1.948278e-01;2.030662e-01;2.755190e-02;1.998160e-02;7.937853e-03;5.029319e-02
2.220415e-01;1.253539e-02;4.204600e-02;4.003954e-02;2.965720e-02;1.959419e-02;2.638430e-01;2.319656e-01;2.865859e-02;2.945000e-02;1.278985e-02;6.737909e-02
1.622633e-01;3.039673e-02;3.501020e-02;7.975385e-02;1.433091e-02;2.813157e-02;3.209091e-01;1.649438e-01;2.584875e-02;3.893881e-02;2.012907e-02;7.934389e-02
1.204448e-01;3.688921e-02;2.899567e-02;1.291780e-01;2.650920e-02;3.305903e-02;3.458934e-01;9.161375e-02;2.276639e-02;5.375880e-02;3.198339e-02;7.890833e-02
6.376841e-02;4.389919e-02;2.321082e-02;1.332550e-01;5.712309e-02;3.367234e-02;2.742994e-01;1.693339e-01;3.737727e-02;6.472614e-02;3.357965e-02;6.575473e-02
1.799869e-01;5.187681e-02;6.163033e-02;7.598501e-02;1.096315e-01;3.263925e-02;1.297005e-01;1.786880e-01;4.632724e-02;4.709447e-02;2.530619e-02;6.113378e-02
2.439260e-01;4.149970e-02;7.167238e-02;5.779188e-02;1.430736e-01;2.876885e-02;9.665076e-02;1.650434e-01;3.835342e-02;2.663404e-02;2.353367e-02;6.305221e-02
2.588442e-01;4.266980e-02;5.972550e-02;6.632900e-02;1.209961e-01;3.126435e-02;1.299977e-01;1.537822e-01;4.067180e-02;2.317653e-02;2.434812e-02;4.819460e-02
2.538725e-01;4.270648e-02;9.056355e-02;4.876734e-02;8.619113e-02;2.961763e-02;1.102393e-01;1.726076e-01;5.244068e-02;2.358861e-02;2.544554e-02;6.395966e-02
2.403423e-01;2.682751e-02;9.303421e-02;5.473862e-02;5.638345e-02;5.145421e-02;8.479913e-02;1.864390e-01;5.535429e-02;3.449508e-02;3.038309e-02;8.574913e-02
2.717026e-01;6.675034e-02;8.809535e-02;6.731471e-02;3.719431e-02;5.397372e-02;8.634005e-02;1.423210e-01;5.233686e-02;3.332056e-02;4.153743e-02;5.911308e-02
2.095418e-01;1.125424e-01;1.092799e-01;9.445337e-02;2.367972e-02;4.413844e-02;1.510199e-01;7.875686e-02;3.134776e-02;3.446858e-02;4.100537e-02;6.976590e-02
1.441878e-01;9.254760e-02;7.416111e-02;1.210526e-01;2.222885e-02;4.139169e-02;2.474124e-01;8.243860e-02;2.192076e-02;3.623303e-02;2.982197e-02;8.660363e-02
6.607508e-02;4.875449e-02;3.275301e-02;1.777894e-01;1.581952e-02;2.921403e-02;3.730353e-01;8.145019e-02;2.712854e-02;4.721990e-02;1.453641e-02;8.622411e-02
5.016615e-02;3.092241e-02;2.706865e-02;2.041901e-01;2.088820e-02;2.054597e-02;3.969997e-01;9.320068e-02;1.824942e-02;6.148553e-02;7.603561e-03;6.867956e-02
4.365064e-02;2.289322e-02;1.614003e-02;2.151309e-01;1.472806e-02;2.089032e-02;3.972007e-01;1.143351e-01;1.258945e-02;7.238952e-02;1.062371e-02;5.942836e-02
4.925406e-02;2.774870e-02;2.748305e-02;2.029664e-01;7.644690e-03;2.478672e-02;3.651522e-01;1.391609e-01;1.833332e-02;7.949573e-02;8.880974e-03;4.909328e-02
6.546043e-02;2.488469e-02;3.612557e-02;1.622692e-01;1.462181e-02;2.762385e-02;3.395739e-01;1.824562e-01;2.091629e-02;8.102554e-02;7.865850e-03;3.717663e-02
5.779332e-02;2.794657e-02;2.589592e-02;1.074629e-01;1.926815e-02;3.741472e-02;3.445520e-01;2.253571e-01;2.832782e-02;8.132700e-02;8.164032e-03;3.649051e-02
5.441330e-02;4.146792e-02;1.919751e-02;9.318974e-02;8.354357e-03;3.987019e-02;3.651918e-01;2.405905e-01;2.084320e-02;6.862043e-02;6.586059e-03;4.167505e-02
6.508683e-02;3.657035e-02;2.312469e-02;7.846665e-02;8.287434e-03;3.207537e-02;3.983854e-01;2.352122e-01;2.609237e-02;4.580338e-02;8.857783e-03;4.203744e-02
6.597635e-02;2.289882e-02;1.563695e-02;7.684669e-02;8.844966e-03;3.164707e-02;4.203348e-01;2.096199e-01;2.830459e-02;5.002298e-02;1.473504e-02;5.513179e-02
5.619937e-02;2.297524e-02;2.336544e-02;1.047393e-01;1.820616e-02;3.678337e-02;4.051957e-01;1.558705e-01;1.631452e-02;6.137311e-02;2.315628e-02;7.582103e-02
9.331175e-02;3.882032e-02;5.456170e-02;1.076280e-01;3.970755e-02;4.632983e-02;3.020464e-01;1.273841e-01;2.172720e-02;5.414004e-02;3.075240e-02;8.359077e-02
1.622883e-01;6.598099e-02;9.201872e-02;8.868804e-02;4.874304e-02;4.635619e-02;1.654611e-01;1.482526e-01;4.443330e-02;3.446655e-02;2.068554e-02;8.262561e-02
1.449458e-01;8.470873e-02;1.130043e-01;9.365734e-02;3.511239e-02;3.851263e-02;1.439004e-01;1.387127e-01;4.035204e-02;6.475591e-02;2.788855e-02;7.444911e-02
4.307265e-02;8.752658e-02;9.979559e-02;9.997422e-02;2.746081e-02;5.860725e-02;1.548074e-01;9.267984e-02;6.060554e-02;1.201560e-01;4.420281e-02;1.111112e-01
1.131300e-01;6.723522e-02;6.411318e-02;1.058445e-01;3.634259e-02;7.627827e-02;1.326802e-01;3.969962e-02;5.455680e-02;1.060643e-01;4.852327e-02;1.555320e-01
5.347620e-02;5.758334e-02;6.223644e-02;1.513876e-01;3.051195e-02;5.995163e-02;2.021019e-01;6.808925e-02;3.961968e-02;8.175178e-02;3.591476e-02;1.573755e-01
6.768925e-02;4.513948e-02;9.616696e-02;1.378493e-01;3.124395e-02;2.530029e-02;2.044293e-01;1.095058e-01;3.614698e-02;9.577311e-02;3.149227e-02;1.192633e-01
1.515653e-01;6.187926e-02;1.077965e-01;9.015057e-02;3.818839e-02;2.242745e-02;1.673719e-01;1.481042e-01;3.005597e-02;7.602716e-02;2.673119e-02;7.970229e-02
2.449935e-01;8.046471e-02;8.875063e-02;5.921569e-02;4.458187e-02;1.722578e-02;1.251443e-01;1.587220e-01;3.505111e-02;5.375386e-02;2.330849e-02;6.878804e-02
2.882665e-01;8.478256e-02;6.876774e-02;5.370511e-02;4.444155e-02;1.540440e-02;1.428147e-01;1.381882e-01;3.457969e-02;4.022686e-02;2.491831e-02;6.390446e-02
2.622046e-01;6.327875e-02;5.624174e-02;6.305523e-02;3.075401e-02;1.282262e-02;2.086335e-01;1.169328e-01;4.562933e-02;4.761653e-02;2.384977e-02;6.898116e-02
2.081006e-01;4.368096e-02;4.653311e-02;6.856500e-02;1.408702e-02;1.435218e-02;2.711821e-01;1.365501e-01;4.167312e-02;5.014466e-02;3.636115e-02;6.877004e-02
1.471040e-01;2.870663e-02;3.951065e-02;6.899323e-02;1.461989e-02;3.584056e-02;3.277693e-01;1.565604e-01;2.978910e-02;4.400042e-02;3.908294e-02;6.802291e-02
1.145059e-01;4.265784e-02;5.654376e-02;6.262184e-02;1.644471e-02;7.144661e-02;2.835823e-01;1.493201e-01;3.712573e-02;3.826845e-02;5.456609e-02;7.291672e-02
1.311396e-01;2.994330e-02;4.154526e-02;6.006079e-02;3.255846e-02;1.145476e-01;2.018195e-01;1.279601e-01;4.719533e-02;5.372998e-02;8.622141e-02;7.327865e-02
1.663152e-01;4.403728e-02;6.503005e-02;5.122943e-02;3.850136e-02;1.254563e-01;1.110371e-01;8.678403e-02;6.202995e-02;7.680808e-02;1.015147e-01;7.125645e-02
1.876055e-01;8.823156e-02;6.530216e-02;4.862858e-02;2.116764e-02;6.727257e-02;1.344236e-01;8.685327e-02;5.515754e-02;8.697207e-02;6.484079e-02;9.354470e-02
2.076106e-01;8.043397e-02;5.040638e-02;5.541413e-02;1.146373e-02;2.745521e-02;1.887815e-01;1.046953e-01;4.591169e-02;1.043342e-01;3.104905e-02;9.244417e-02
2.029104e-01;4.692983e-02;4.804371e-02;5.714881e-02;1.697134e-02;2.812388e-02;2.119126e-01;1.176099e-01;3.759051e-02;1.140146e-01;2.905941e-02;8.968497e-02
2.003029e-01;3.889054e-02;3.791039e-02;5.209368e-02;1.856712e-02;2.874656e-02;2.451146e-01;1.056776e-01;4.599720e-02;9.927860e-02;2.737120e-02;1.000497e-01
1.800237e-01;6.116934e-02;4.639911e-02;4.875919e-02;1.284760e-02;3.530847e-02;2.730797e-01;8.798587e-02;3.808808e-02;7.859898e-02;3.219724e-02;1.055427e-01
1.181511e-01;5.486159e-02;5.416837e-02;4.573721e-02;1.750312e-02;5.247055e-02;2.764412e-01;1.144386e-01;4.574598e-02;7.501759e-02;5.607064e-02;8.939400e-02
9.903037e-02;4.815912e-02;5.372443e-02;4.249155e-02;3.544468e-02;7.303932e-02;2.351497e-01;1.502132e-01;4.051843e-02;7.266486e-02;7.201164e-02;7.755273e-02
1.822816e-01;3.406873e-02;4.286446e-02;4.612722e-02;4.933816e-02;5.473616e-02;1.297831e-01;1.641946e-01;3.579357e-02;8.243346e-02;6.292392e-02;1.154550e-01
2.494673e-01;6.338845e-02;3.878221e-02;3.037793e-02;3.023285e-02;5.495647e-02;1.714596e-01;1.003065e-01;3.270181e-02;8.760662e-02;5.216329e-02;8.855694e-02
2.511162e-01;6.067010e-02;6.681121e-02;3.395215e-02;3.045920e-02;5.604738e-02;1.972431e-01;4.778477e-02;3.512512e-02;8.944210e-02;4.334869e-02;8.800004e-02
2.283823e-01;3.143946e-02;6.317966e-02;4.423258e-02;2.353993e-02;6.142438e-02;2.000210e-01;3.432642e-02;4.278891e-02;1.065599e-01;4.404971e-02;1.200557e-01
2.361584e-01;6.229142e-02;3.150059e-02;4.663019e-02;2.634854e-02;4.978862e-02;1.642074e-01;7.341052e-02;3.622553e-02;1.039467e-01;3.980901e-02;1.296831e-01
2.722369e-01;8.509764e-02;3.967158e-02;4.648544e-02;2.578596e-02;3.586486e-02;1.315054e-01;8.718881e-02;3.011117e-02;9.520853e-02;3.292089e-02;1.179228e-01
3.081820e-01;5.055794e-02;7.752579e-02;3.682524e-02;2.925572e-02;3.110304e-02;1.004544e-01;6.812083e-02;5.414983e-02;7.885525e-02;4.074788e-02;1.242221e-01
2.286252e-01;8.092844e-02;1.060860e-01;6.141913e-02;4.647943e-02;3.627080e-02;1.143429e-01;3.717389e-02;6.523664e-02;8.772748e-02;4.589482e-02;8.981531e-02
1.183495e-01;8.674478e-02;1.208484e-01;9.694180e-02;5.791519e-02;5.934193e-02;1.239089e-01;5.079387e-02;7.532983e-02;1.219471e-01;4.001513e-02;4.786357e-02
7.030761e-02;1.078798e-01;1.072796e-01;1.125520e-01;5.688748e-02;7.354549e-02;1.144402e-01;6.733494e-02;8.288171e-02;1.330762e-01;4.413730e-02;2.967774e-02
6.640519e-02;9.204209e-02;8.557748e-02;8.086997e-02;6.731911e-02;7.534724e-02;1.359492e-01;9.817295e-02;8.900034e-02;1.037303e-01;7.211272e-02;3.347335e-02
1.363386e-01;8.091808e-02;1.866474e-01;7.106448e-02;7.670698e-02;7.124294e-02;1.596700e-01;7.101336e-02;2.349465e-02;3.084441e-02;4.772064e-02;4.433839e-02
1.769868e-01;8.325610e-02;1.532552e-01;5.526258e-02;7.031149e-02;5.721664e-02;1.864434e-01;9.428609e-02;3.096817e-02;2.451581e-02;2.769491e-02;3.980280e-02
2.481098e-01;7.744183e-02;1.044622e-01;3.623459e-02;6.476955e-02;3.766650e-02;1.695098e-01;1.488737e-01;3.159883e-02;2.655824e-02;1.829144e-02;3.648341e-02
3.103320e-01;4.790461e-02;7.024995e-02;3.126850e-02;6.466213e-02;2.114137e-02;1.384695e-01;2.112410e-01;2.921001e-02;2.190452e-02;9.577473e-03;4.403896e-02
3.431792e-01;5.216861e-02;5.093256e-02;1.908401e-02;9.427696e-02;1.374057e-02;8.068128e-02;2.392754e-01;3.392734e-02;1.633381e-02;9.904134e-03;4.649609e-02
3.450734e-01;5.837147e-02;4.280687e-02;2.041549e-02;1.428746e-01;1.619283e-02;3.291027e-02;2.441080e-01;3.064635e-02;1.668678e-02;1.146585e-02;3.844801e-02
3.110282e-01;4.689108e-02;4.660407e-02;1.987533e-02;1.612630e-01;1.397552e-02;7.271586e-02;2.413529e-01;3.182400e-02;1.158644e-02;6.795809e-03;3.608770e-02
3.122308e-01;4.626252e-02;3.631446e-02;1.290070e-02;1.289552e-01;7.786084e-03;8.503586e-02;2.751438e-01;3.818952e-02;1.088324e-02;8.973057e-03;3.732470e-02
3.131971e-01;5.930347e-02;3.623222e-02;9.757734e-03;8.513054e-02;9.708585e-03;7.087022e-02;2.910530e-01;6.234130e-02;1.291733e-02;1.940853e-02;3.007994e-02
2.876206e-01;9.777683e-02;5.972732e-02;7.273136e-03;6.252766e-02;1.014248e-02;5.432629e-02;2.576120e-01;9.821554e-02;1.546404e-02;2.889277e-02;2.042135e-02
2.279955e-01;1.488471e-01;6.546555e-02;1.063806e-02;2.978874e-02;1.100011e-02;7.329986e-02;2.144297e-01;1.437006e-01;1.949513e-02;3.464288e-02;2.069679e-02
1.455328e-01;1.991752e-01;9.082228e-02;2.556828e-02;2.143271e-02;2.375736e-02;5.842518e-02;1.532970e-01;2.152017e-01;1.752423e-02;2.487471e-02;2.438851e-02
9.391573e-02;2.298922e-01;1.401974e-01;3.360362e-02;2.110222e-02;3.607192e-02;2.200723e-02;1.128792e-01;2.496262e-01;1.994926e-02;1.380377e-02;2.695124e-02
6.707019e-02;2.095902e-01;2.287392e-01;2.472370e-02;2.372589e-02;2.652635e-02;1.355738e-02;1.144567e-01;2.255453e-01;3.830601e-02;4.959433e-03;2.279958e-02
6.697500e-02;1.583601e-01;3.554434e-01;1.781420e-02;3.574239e-02;1.864832e-02;1.796869e-02;9.399274e-02;1.508371e-01;6.904931e-02;4.578921e-03;1.058987e-02
7.113937e-02;6.898890e-02;4.511847e-01;3.177655e-02;4.524840e-02;1.551066e-02;3.132311e-02;5.407086e-02;1.090096e-01;9.560396e-02;1.068750e-02;1.545630e-02
7.132276e-02;3.990380e-02;4.233781e-01;8.189955e-02;4.474901e-02;1.872745e-02;3.364167e-02;2.535635e-02;1.358414e-01;8.259193e-02;2.713508e-02;1.545294e-02
6.487560e-02;4.440477e-02;2.809477e-01;1.854330e-01;4.708596e-02;3.003330e-02;2.763905e-02;4.382884e-02;1.697521e-01;4.559301e-02;4.424585e-02;1.616080e-02
4.164545e-02;3.004820e-02;2.249851e-01;2.660662e-01;7.784318e-02;3.805028e-02;2.633640e-02;7.599060e-02;1.134128e-01;3.633076e-02;4.782394e-02;2.146708e-02
3.275117e-02;3.727331e-02;2.042436e-01;2.857280e-01;1.173396e-01;2.472843e-02;2.516779e-02;8.220914e-02;5.284745e-02;6.927403e-02;3.752399e-02;3.091335e-02
3.139676e-02;2.685688e-02;1.976352e-01;2.804686e-01;1.431376e-01;2.638756e-02;2.268628e-02;7.123847e-02;5.351977e-02;9.293232e-02;2.359828e-02;3.014230e-02
2.253449e-02;2.531417e-02;3.431346e-01;2.106388e-01;1.174067e-01;2.924603e-02;3.337108e-02;5.131533e-02;5.651095e-02;6.297278e-02;2.788676e-02;1.966836e-02
2.385618e-02;2.907606e-02;4.254146e-01;1.776628e-01;8.467268e-02;2.880928e-02;1.838696e-02;5.042963e-02;6.984144e-02;3.489409e-02;3.743468e-02;1.952161e-02
3.803634e-02;2.923863e-02;4.338089e-01;1.253672e-01;7.149711e-02;2.385748e-02;2.613270e-02;6.457186e-02;8.513130e-02;5.548308e-02;3.146638e-02;1.540903e-02
6.627366e-02;9.207070e-02;3.634238e-01;8.532050e-02;7.611351e-02;2.680453e-02;3.711545e-02;7.639347e-02;6.213917e-02;6.965065e-02;2.718645e-02;1.750807e-02
8.050738e-02;1.021799e-01;3.178849e-01;1.105330e-01;8.657866e-02;3.124842e-02;4.245758e-02;6.873319e-02;6.563149e-02;4.508394e-02;2.697639e-02;2.218510e-02
9.137361e-02;9.836574e-02;2.385090e-01;1.354315e-01;9.570062e-02;3.380226e-02;5.319899e-02;6.638036e-02;7.985422e-02;4.955359e-02;2.363927e-02;3.419084e-02
7.593145e-02;8.794278e-02;2.123113e-01;1.600500e-01;9.574904e-02;2.985837e-02;5.245567e-02;7.378121e-02;7.543933e-02;6.912962e-02;2.782444e-02;3.952678e-02
7.790349e-02;1.284733e-01;2.168168e-01;1.438514e-01;8.886499e-02;2.782286e-02;5.047947e-02;9.310632e-02;7.441077e-02;5.781442e-02;1.476160e-02;2.569449e-02
1.287150e-01;1.894421e-01;2.064336e-01;9.965365e-02;5.950008e-02;4.089816e-02;4.678499e-02;8.125428e-02;6.799185e-02;3.194639e-02;2.054012e-02;2.683979e-02
1.466843e-01;1.947520e-01;2.933282e-01;5.668979e-02;4.590827e-02;4.205267e-02;4.866020e-02;4.394777e-02;5.631215e-02;2.553200e-02;1.632979e-02;2.980292e-02
1.654748e-01;2.279007e-01;2.949248e-01;5.070449e-02;4.372196e-02;4.089986e-02;2.519254e-02;3.292808e-02;5.563411e-02;3.278009e-02;1.147673e-02;1.836189e-02
1.212896e-01;2.533223e-01;3.087421e-01;6.321370e-02;3.129915e-02;3.835171e-02;4.145497e-02;2.684168e-02;6.003215e-02;2.336719e-02;9.597734e-03;2.248779e-02
8.647376e-02;2.662773e-01;3.173476e-01;7.808267e-02;2.656447e-02;3.808344e-02;3.554548e-02;1.920437e-02;9.748895e-02;1.468901e-02;7.271080e-03;1.297190e-02
1.183873e-01;2.708138e-01;2.822070e-01;8.353892e-02;1.585813e-02;2.777861e-02;3.929996e-02;9.743613e-03;1.227782e-01;1.612714e-02;5.304313e-03;8.162994e-03
1.695699e-01;2.359333e-01;2.740703e-01;8.411285e-02;1.373338e-02;1.821184e-02;4.260630e-02;1.146817e-02;1.133555e-01;1.811985e-02;6.830600e-03;1.198794e-02
2.203735e-01;1.815454e-01;2.185492e-01;8.213573e-02;2.449039e-02;2.149487e-02;6.713296e-02;2.002819e-02;9.909577e-02;2.848760e-02;1.717838e-02;1.948791e-02
2.317752e-01;1.062294e-01;1.361559e-01;8.382501e-02;4.030046e-02;2.179199e-02;8.267533e-02;5.417947e-02;1.000093e-01;5.865911e-02;3.429226e-02;5.010661e-02
1.604072e-01;8.423556e-02;1.958203e-01;6.693635e-02;3.532878e-02;3.203860e-02;8.706778e-02;6.528744e-02;1.110638e-01;5.293799e-02;3.989663e-02;6.897961e-02
2.275896e-01;1.089844e-01;1.529375e-01;4.837581e-02;3.892022e-02;3.514931e-02;1.520977e-01;3.983020e-02;9.437881e-02;3.216783e-02;2.694511e-02;4.262349e-02
2.661888e-01;5.660227e-02;1.495336e-01;6.746929e-02;6.092422e-02;3.314961e-02;1.252663e-01;5.237137e-02;8.683783e-02;3.413952e-02;1.997943e-02;4.753785e-02
2.565683e-01;1.112325e-01;1.782702e-01;5.266447e-02;6.529575e-02;3.201381e-02;8.103522e-02;6.423192e-02;8.292177e-02;2.219846e-02;2.001523e-02;3.355243e-02
2.576066e-01;1.616524e-01;1.753377e-01;2.620026e-02;5.456337e-02;3.741615e-02;7.954172e-02;5.104322e-02;9.136992e-02;1.755566e-02;2.052918e-02;2.718386e-02
2.521923e-01;1.758682e-01;1.859787e-01;3.259968e-02;4.092216e-02;4.071172e-02;6.768700e-02;4.893102e-02;8.832260e-02;1.461176e-02;2.105700e-02;3.111792e-02
2.048975e-01;1.644130e-01;2.064786e-01;5.180290e-02;4.782965e-02;5.142440e-02;7.886788e-02;4.109580e-02;7.137785e-02;2.459610e-02;2.283005e-02;3.438613e-02
1.038990e-01;1.502570e-01;2.161218e-01;7.462239e-02;5.880181e-02;6.223179e-02;1.164851e-01;2.830409e-02;7.835849e-02;4.254987e-02;2.724179e-02;4.112678e-02
1.593844e-01;1.186763e-01;1.860643e-01;7.063238e-02;5.079855e-02;6.019241e-02;1.022172e-01;5.920073e-02;7.559044e-02;3.548860e-02;3.608943e-02;4.566523e-02
2.431103e-01;1.338449e-01;7.422470e-02;5.335772e-02;5.833410e-02;7.291847e-02;1.238896e-01;6.974914e-02;7.181035e-02;2.749397e-02;3.227398e-02;3.899274e-02
2.639520e-01;1.604200e-01;9.444536e-02;3.540122e-02;6.540628e-02;6.712274e-02;1.054813e-01;4.292989e-02;7.711792e-02;3.036671e-02;2.329320e-02;3.406347e-02
2.529377e-01;1.865819e-01;1.011180e-01;5.229654e-02;5.837328e-02;4.917174e-02;1.088534e-01;2.109667e-02;7.557358e-02;3.523891e-02;3.130223e-02;2.745606e-02
2.100049e-01;1.854119e-01;1.504813e-01;9.042987e-02;5.143104e-02;3.137016e-02;8.371898e-02;3.123251e-02;6.035781e-02;4.724909e-02;3.719116e-02;2.112130e-02
1.614577e-01;1.431838e-01;2.214579e-01;1.024774e-01;6.818912e-02;3.051979e-02;6.361869e-02;2.940767e-02;5.252654e-02;6.891334e-02;3.687482e-02;2.137315e-02
1.451780e-01;1.196261e-01;2.162473e-01;9.081089e-02;7.575281e-02;3.301779e-02;8.811583e-02;3.386486e-02;5.679947e-02;7.679656e-02;3.659876e-02;2.719157e-02
1.767140e-01;6.964446e-02;2.042173e-01;7.592469e-02;5.954038e-02;3.820603e-02;1.330452e-01;4.320419e-02;5.082860e-02;6.962372e-02;3.946366e-02;3.958777e-02
1.720915e-01;9.500905e-02;1.474851e-01;6.596631e-02;4.809133e-02;6.854525e-02;1.609245e-01;5.135771e-02;6.236847e-02;5.721461e-02;3.099088e-02;3.995519e-02
1.396671e-01;1.184957e-01;1.098057e-01;8.121159e-02;6.472684e-02;7.387942e-02;1.518874e-01;7.602543e-02;7.470377e-02;5.786636e-02;2.043969e-02;3.129103e-02
1.148577e-01;1.381873e-01;1.742358e-01;6.178541e-02;5.911905e-02;6.748592e-02;8.633287e-02;7.282606e-02;7.355131e-02;6.732441e-02;2.760771e-02;5.668645e-02
5.761331e-02;1.346073e-01;2.579024e-01;5.302194e-02;4.343140e-02;4.868199e-02;4.330871e-02;4.161672e-02;1.351430e-01;9.716061e-02;4.773736e-02;3.977536e-02
8.267147e-02;1.384277e-01;2.131360e-01;4.479338e-02;4.300281e-02;3.388980e-02;4.208636e-02;5.919920e-02;1.819996e-01;8.481134e-02;5.425867e-02;2.172371e-02
1.217104e-01;1.561706e-01;1.678969e-01;2.617424e-02;4.577137e-02;2.069298e-02;3.677184e-02;1.010113e-01;2.029760e-01;5.588340e-02;5.109650e-02;1.384453e-02
1.857921e-01;1.399630e-01;1.251962e-01;1.440327e-02;4.349476e-02;1.757108e-02;4.698906e-02;1.590236e-01;1.685644e-01;3.064152e-02;5.857609e-02;9.784794e-03
2.198500e-01;9.402220e-02;1.034641e-01;1.174767e-02;6.844893e-02;1.565314e-02;8.960136e-02;1.977252e-01;8.815250e-02;2.307962e-02;7.164435e-02;1.661092e-02
2.054826e-01;5.822609e-02;7.707983e-02;9.934547e-03;9.063145e-02;1.561487e-02;1.534354e-01;1.962217e-01;5.795565e-02;2.964408e-02;7.553902e-02;3.023475e-02
2.228811e-01;8.377454e-02;7.682457e-02;1.602121e-02;8.175880e-02;2.343607e-02;1.609487e-01;1.330444e-01;6.961820e-02;3.539302e-02;5.976775e-02;3.653156e-02
3.005056e-01;1.276163e-01;1.288534e-01;1.403469e-02;4.206334e-02;1.964542e-02;1.096696e-01;1.076022e-01;6.099689e-02;2.565951e-02;2.954298e-02;3.381006e-02
3.515882e-01;1.450248e-01;9.199381e-02;1.118746e-02;4.428964e-02;2.077443e-02;6.543131e-02;1.317844e-01;6.341331e-02;1.731423e-02;2.127978e-02;3.591863e-02
3.960789e-01;1.275035e-01;1.110204e-01;1.478825e-02;6.316611e-02;1.346585e-02;3.467425e-02;1.169076e-01;4.417745e-02;1.202392e-02;2.386136e-02;4.233255e-02
4.290756e-01;1.037819e-01;8.240902e-02;1.015970e-02;6.929598e-02;1.130411e-02;5.209510e-02;9.598383e-02;4.884903e-02;2.095109e-02;2.543309e-02;5.066153e-02
4.454110e-01;9.749684e-02;9.571420e-02;8.630601e-03;4.969605e-02;2.118517e-02;4.053522e-02;1.020651e-01;4.564377e-02;1.581603e-02;2.844432e-02;4.936171e-02
3.830284e-01;9.633049e-02;1.349245e-01;2.390422e-02;5.864032e-02;3.479854e-02;6.400155e-02;9.674050e-02;1.911909e-02;1.709040e-02;3.600761e-02;3.541430e-02
3.467177e-01;1.083553e-01;1.304941e-01;3.041017e-02;6.677034e-02;3.863658e-02;8.373623e-02;8.517531e-02;1.874988e-02;2.755178e-02;3.005069e-02;3.335196e-02
4.103944e-01;8.491104e-02;1.017476e-01;2.251329e-02;4.345658e-02;2.354346e-02;7.656881e-02;8.500972e-02;4.492348e-02;2.643824e-02;2.585561e-02;5.463783e-02
4.440305e-01;8.234870e-02;9.715758e-02;1.844080e-02;2.549604e-02;1.589968e-02;5.852191e-02;7.154328e-02;6.165788e-02;2.307824e-02;2.921940e-02;7.260602e-02
3.784597e-01;9.237110e-02;6.037992e-02;3.143346e-02;3.374238e-02;1.998375e-02;6.865826e-02;8.851121e-02;6.894369e-02;3.959270e-02;3.450084e-02;8.342295e-02
2.721446e-01;7.238255e-02;4.977810e-02;6.232681e-02;2.237150e-02;2.840860e-02;1.204501e-01;1.310169e-01;6.114243e-02;5.587336e-02;4.080204e-02;8.330301e-02
4.186362e-02;8.108735e-02;6.380696e-02;1.044297e-01;4.714314e-02;3.357464e-02;1.786143e-01;1.742874e-01;3.446610e-02;6.916299e-02;6.383324e-02;1.077306e-01
2.177258e-01;6.909854e-02;6.540340e-02;1.009688e-01;2.413924e-02;1.497296e-02;1.451114e-01;1.241685e-01;2.802280e-02;5.162514e-02;5.177800e-02;1.069854e-01
2.572605e-01;6.697665e-02;5.238520e-02;1.028291e-01;3.193713e-02;1.518569e-02;1.741754e-01;5.920891e-02;3.004216e-02;4.839061e-02;4.934584e-02;1.122629e-01
1.996669e-01;5.686951e-02;5.760816e-02;1.016226e-01;4.935841e-02;2.237499e-02;2.376168e-01;2.715928e-02;2.791470e-02;4.279457e-02;5.496366e-02;1.220503e-01
8.968318e-02;8.083683e-02;4.675683e-02;6.989472e-02;3.166113e-02;4.043146e-02;2.627369e-01;7.534745e-02;3.929751e-02;4.837044e-02;7.255778e-02;1.424257e-01
2.094781e-01;7.269039e-02;3.402846e-02;5.770147e-02;3.951772e-02;3.632550e-02;1.696554e-01;8.485363e-02;5.119160e-02;3.631797e-02;6.900255e-02;1.392372e-01
2.505606e-01;4.505151e-02;2.643593e-02;4.455275e-02;3.663020e-02;3.796250e-02;1.496072e-01;9.068625e-02;5.840831e-02;3.824924e-02;6.715379e-02;1.547017e-01
1.961583e-01;2.141392e-02;4.722052e-02;3.448816e-02;4.158220e-02;5.565847e-02;1.886197e-01;9.693812e-02;6.207594e-02;4.198128e-02;6.548005e-02;1.483833e-01
1.216285e-01;3.383862e-02;5.744546e-02;8.670335e-02;4.603203e-02;5.027984e-02;2.521008e-01;8.615092e-02;5.961429e-02;3.163964e-02;5.523276e-02;1.193339e-01
4.554113e-02;3.789573e-02;8.253495e-02;1.341305e-01;4.112977e-02;4.596543e-02;3.301079e-01;5.362358e-02;3.946138e-02;3.148273e-02;5.166042e-02;1.064666e-01
7.291166e-02;4.183666e-02;6.901354e-02;1.167660e-01;3.493307e-02;4.483117e-02;3.737897e-01;1.878646e-02;3.316277e-02;3.450537e-02;5.163455e-02;1.078291e-01
4.127473e-02;3.936213e-02;5.360859e-02;9.584578e-02;3.506406e-02;5.351681e-02;4.115782e-01;1.280819e-02;5.166800e-02;3.725846e-02;5.170875e-02;1.163063e-01
6.482927e-02;3.332459e-02;3.964635e-02;1.050187e-01;2.652954e-02;5.071629e-02;4.148943e-01;3.572403e-02;4.200462e-02;2.676439e-02;4.957252e-02;1.109754e-01
9.646825e-02;3.475817e-02;3.386220e-02;1.245757e-01;1.888425e-02;3.602872e-02;4.353229e-01;2.596405e-02;2.503185e-02;2.896454e-02;3.781850e-02;1.023209e-01
8.671965e-02;3.158007e-02;1.890866e-02;1.334681e-01;1.632430e-02;2.937156e-02;4.618603e-01;4.288166e-02;1.799930e-02;3.470287e-02;3.099958e-02;9.518398e-02
6.978282e-02;2.444933e-02;3.960336e-02;1.417115e-01;2.566127e-02;3.013411e-02;4.503883e-01;5.448757e-02;9.277148e-03;3.266865e-02;3.269320e-02;8.914275e-02
7.247723e-02;2.740884e-02;3.377372e-02;1.639988e-01;2.312369e-02;2.712964e-02;4.323100e-01;5.583626e-02;1.515304e-02;3.444161e-02;2.874258e-02;8.560462e-02
1.030845e-01;2.786511e-02;5.078840e-02;1.778470e-01;1.477282e-02;2.818059e-02;3.603639e-01;9.074318e-02;1.413809e-02;3.681209e-02;2.525536e-02;7.014906e-02
1.660817e-01;2.087138e-02;5.030268e-02;1.753317e-01;2.833032e-02;2.167263e-02;2.656791e-01;1.515686e-01;1.318901e-02;3.044253e-02;2.588676e-02;5.064365e-02
2.435499e-01;6.202657e-02;9.942689e-02;1.017887e-01;9.670983e-02;2.623500e-02;1.231401e-01;1.557174e-01;1.537931e-02;2.037746e-02;2.098863e-02;3.466011e-02
2.953643e-01;1.249295e-01;1.086265e-01;3.636774e-02;1.321116e-01;2.521621e-02;6.333621e-02;9.893025e-02;5.280880e-02;1.629368e-02;1.508023e-02;3.093500e-02
2.372240e-01;2.130083e-01;1.657938e-01;1.882693e-02;8.857279e-02;3.127348e-02;5.375960e-02;3.890489e-02;1.067184e-01;1.213267e-02;1.113078e-02;2.265439e-02
1.233081e-01;2.696348e-01;2.423854e-01;2.091383e-02;3.821185e-02;4.314635e-02;4.394535e-02;4.063461e-02;1.372294e-01;1.466622e-02;8.456228e-03;1.746778e-02
5.302797e-02;2.503906e-01;3.483459e-01;3.126518e-02;2.364489e-02;3.735464e-02;4.092264e-02;3.407974e-02;1.220532e-01;3.520709e-02;6.280951e-03;1.742710e-02
6.360102e-02;1.620860e-01;4.764045e-01;3.591676e-02;1.852952e-02;1.212027e-02;3.968696e-02;2.358612e-02;7.762460e-02;6.657462e-02;1.199724e-02;1.187236e-02
4.864012e-02;6.631156e-02;5.195600e-01;8.072109e-02;3.292340e-02;1.967461e-02;4.849958e-02;1.899078e-02;3.690104e-02;8.510887e-02;3.505557e-02;7.613332e-03
3.413752e-02;2.355993e-02;4.237998e-01;1.879222e-01;4.586989e-02;1.729016e-02;5.243220e-02;2.015061e-02;3.370699e-02;7.108855e-02;8.181386e-02;8.228251e-03
4.398574e-02;4.104605e-02;2.964131e-01;2.708925e-01;7.698723e-02;1.789997e-02;3.903421e-02;2.004695e-02;3.787208e-02;2.355878e-02;1.179513e-01;1.431198e-02
4.704254e-02;2.796509e-02;2.054817e-01;2.614011e-01;1.572508e-01;3.873610e-02;2.860066e-02;2.774401e-02;3.243059e-02;1.092759e-02;1.168581e-01;4.556167e-02
3.781096e-02;1.692830e-02;1.233868e-01;2.247005e-01;2.742015e-01;5.079047e-02;5.892200e-02;2.910531e-02;1.521540e-02;1.223260e-02;8.080056e-02;7.590564e-02
2.188434e-02;1.687801e-02;2.341433e-01;1.345181e-01;3.012751e-01;6.703154e-02;6.732389e-02;2.252608e-02;1.923416e-02;1.743422e-02;2.707035e-02;7.068096e-02
2.622915e-02;1.960866e-02;2.294367e-01;5.419532e-02;3.066998e-01;1.322334e-01;9.246787e-02;2.073431e-02;3.281285e-02;1.456053e-02;2.613779e-02;4.488354e-02
3.478001e-02;1.518854e-02;1.543536e-01;6.269933e-02;2.699537e-01;1.945971e-01;1.113304e-01;2.280091e-02;4.168392e-02;2.151311e-02;4.147735e-02;2.962205e-02
2.426859e-02;1.606901e-02;1.974260e-01;6.585515e-02;2.170650e-01;1.852398e-01;1.433318e-01;2.851189e-02;3.098475e-02;3.278045e-02;3.833032e-02;2.013715e-02
3.075891e-02;2.508777e-02;1.265241e-01;6.327154e-02;2.619950e-01;1.865473e-01;1.610297e-01;4.071171e-02;2.529085e-02;3.107577e-02;2.271774e-02;2.498957e-02
4.661346e-02;4.126647e-02;6.623192e-02;8.573472e-02;2.529162e-01;1.583593e-01;2.024591e-01;4.519674e-02;4.356285e-02;2.361204e-02;8.244171e-03;2.580304e-02
5.636396e-02;4.670870e-02;1.617398e-01;6.471773e-02;1.876952e-01;9.833852e-02;2.480161e-01;4.131496e-02;3.123221e-02;2.527893e-02;1.424991e-02;2.434402e-02
3.339008e-02;6.099555e-02;2.678022e-01;7.013865e-02;1.483959e-01;6.871098e-02;1.906128e-01;3.007693e-02;3.243965e-02;3.705462e-02;1.887773e-02;4.150487e-02
3.163443e-02;6.661479e-02;3.383296e-01;1.025924e-01;1.208428e-01;4.805107e-02;8.527238e-02;5.424242e-02;3.210866e-02;4.447247e-02;2.452508e-02;5.131395e-02
4.242022e-02;4.563743e-02;3.311414e-01;8.356517e-02;1.563750e-01;4.916345e-02;7.934102e-02;5.865784e-02;3.722768e-02;5.355745e-02;3.384260e-02;2.907080e-02
6.431500e-02;5.359413e-02;2.602403e-01;5.964664e-02;1.798081e-01;7.316868e-02;1.108015e-01;4.249018e-02;4.510311e-02;4.853540e-02;3.147218e-02;3.082470e-02
5.135339e-02;6.058200e-02;1.489070e-01;1.258945e-01;1.975910e-01;1.061563e-01;1.114738e-01;3.318648e-02;4.473173e-02;3.835162e-02;2.744198e-02;5.433021e-02
4.406569e-02;4.515797e-02;1.638476e-01;1.550762e-01;1.960257e-01;1.045756e-01;7.839178e-02;4.587453e-02;3.104054e-02;4.021306e-02;2.750561e-02;6.822573e-02
3.942988e-02;4.310507e-02;1.714757e-01;1.451674e-01;1.779824e-01;8.743609e-02;1.409324e-01;5.367182e-02;1.783510e-02;3.797270e-02;2.505540e-02;5.993610e-02
3.361252e-02;6.120587e-02;2.178245e-01;7.546254e-02;1.241777e-01;9.215858e-02;1.853067e-01;5.234028e-02;3.062876e-02;3.883525e-02;3.978178e-02;4.866553e-02
5.233275e-02;5.969223e-02;1.985191e-01;7.155150e-02;1.103633e-01;1.027444e-01;1.439820e-01;3.197484e-02;5.217564e-02;4.110597e-02;5.644847e-02;7.910980e-02
9.009609e-02;6.290030e-02;1.563582e-01;7.073799e-02;9.844781e-02;7.888033e-02;1.547306e-01;4.691115e-02;6.765150e-02;3.436339e-02;4.186044e-02;9.706220e-02
8.796363e-02;6.323102e-02;1.297237e-01;5.967266e-02;1.074955e-01;5.790418e-02;1.999545e-01;6.883225e-02;6.534116e-02;4.175287e-02;2.668015e-02;9.144831e-02
6.377666e-02;5.363497e-02;1.867584e-01;6.357603e-02;1.372261e-01;5.479196e-02;2.200332e-01;4.832597e-02;6.135964e-02;2.870782e-02;1.729875e-02;6.451049e-02
7.715881e-02;4.097006e-02;1.799356e-01;6.081502e-02;1.545344e-01;5.217158e-02;2.041203e-01;5.193882e-02;6.172098e-02;3.615468e-02;2.806168e-02;5.241807e-02
1.087282e-01;4.905853e-02;1.411802e-01;7.337516e-02;1.338841e-01;5.212753e-02;1.443003e-01;6.440352e-02;5.490331e-02;7.357250e-02;6.507368e-02;3.939303e-02
1.140438e-01;6.820607e-02;7.507072e-02;5.892523e-02;8.470371e-02;7.509474e-02;1.315624e-01;6.377269e-02;7.916118e-02;1.038812e-01;7.529017e-02;7.028802e-02
8.287541e-02;6.209701e-02;1.163839e-01;6.215498e-02;5.833088e-02;6.855557e-02;1.156161e-01;6.046852e-02;1.112115e-01;1.250223e-01;5.426280e-02;8.302098e-02
6.207537e-02;5.182346e-02;1.200780e-01;5.805684e-02;3.948113e-02;5.164139e-02;1.214335e-01;7.334808e-02;1.609561e-01;1.278021e-01;7.071593e-02;6.258810e-02
1.071746e-01;5.918443e-02;1.199891e-01;5.999047e-02;5.070563e-02;3.913781e-02;1.062380e-01;8.107287e-02;1.393951e-01;1.165016e-01;7.613335e-02;4.447706e-02
1.311182e-01;4.350104e-02;8.288391e-02;4.711160e-02;4.950196e-02;5.110908e-02;1.497737e-01;7.705666e-02;1.328538e-01;1.404367e-01;5.263359e-02;4.201968e-02
1.083545e-01;7.239894e-02;1.356168e-01;3.521109e-02;4.107193e-02;5.041619e-02;2.269807e-01;6.037784e-02;8.340908e-02;1.064457e-01;4.228484e-02;3.743240e-02
7.321949e-02;7.927965e-02;1.309798e-01;4.052626e-02;8.419504e-02;7.155315e-02;2.124933e-01;7.713633e-02;6.007718e-02;8.957034e-02;4.518926e-02;3.578019e-02
3.160074e-02;4.838611e-02;2.401763e-01;8.213609e-02;1.266373e-01;8.659948e-02;2.030894e-01;4.535753e-02;4.176888e-02;5.270860e-02;2.764470e-02;1.389481e-02
3.556931e-02;3.459378e-02;3.414534e-01;9.040089e-02;9.227269e-02;6.363789e-02;1.895864e-01;3.911014e-02;2.858019e-02;4.624810e-02;2.366209e-02;1.488513e-02
3.994595e-02;4.033822e-02;4.565027e-01;9.192178e-02;6.197461e-02;3.929123e-02;1.290580e-01;3.716538e-02;2.487404e-02;4.773483e-02;2.054336e-02;1.064992e-02
5.362397e-02;9.572838e-02;5.016533e-01;8.219642e-02;5.305739e-02;2.642348e-02;7.086238e-02;2.583138e-02;2.423569e-02;4.350927e-02;1.438218e-02;8.496185e-03
1.017465e-01;1.619318e-01;4.588318e-01;6.345706e-02;4.470125e-02;1.996007e-02;4.283817e-02;1.492514e-02;2.391820e-02;3.346606e-02;1.634848e-02;1.787543e-02
1.220877e-01;1.728697e-01;4.394958e-01;4.929399e-02;3.681472e-02;2.009269e-02;4.242412e-02;2.108216e-02;2.634138e-02;2.305715e-02;2.030164e-02;2.613893e-02
5.850662e-02;1.095953e-01;4.322388e-01;7.300621e-02;5.936157e-02;3.239904e-02;9.641631e-02;3.338957e-02;2.534240e-02;3.399815e-02;2.250136e-02;2.324472e-02
7.778334e-02;2.498859e-02;4.174614e-01;8.711474e-02;6.136747e-02;3.882134e-02;1.192355e-01;4.850635e-02;3.511275e-02;5.226000e-02;2.300543e-02;1.434307e-02
8.824911e-02;7.632745e-02;4.756728e-01;4.689036e-02;3.788893e-02;2.869866e-02;9.061228e-02;3.869825e-02;4.138770e-02;4.268856e-02;2.003218e-02;1.285371e-02
8.016776e-02;5.948768e-02;4.419389e-01;4.815946e-02;3.719310e-02;2.721076e-02;7.952560e-02;6.453332e-02;5.428450e-02;4.875843e-02;2.436693e-02;3.437351e-02
7.445391e-02;6.475965e-02;3.295025e-01;6.692273e-02;4.966461e-02;3.736996e-02;6.198052e-02;8.011223e-02;7.426387e-02;6.992679e-02;4.449091e-02;4.655235e-02
1.043854e-01;7.719376e-02;2.556978e-01;5.974784e-02;6.177429e-02;4.036123e-02;6.006975e-02;7.025523e-02;7.714459e-02;8.820701e-02;4.829679e-02;5.686635e-02
9.692824e-02;5.835539e-02;3.053198e-01;6.793971e-02;6.049293e-02;4.184579e-02;9.439994e-02;5.970616e-02;8.207744e-02;6.245134e-02;3.432494e-02;3.615831e-02
7.007640e-02;6.375594e-02;3.364161e-01;6.207200e-02;7.266475e-02;4.782187e-02;1.116673e-01;5.258763e-02;8.014579e-02;4.454158e-02;3.080619e-02;2.744439e-02
6.033532e-02;7.216591e-02;2.761648e-01;5.196108e-02;9.777328e-02;5.745004e-02;1.209337e-01;7.089018e-02;8.755358e-02;4.714474e-02;2.490768e-02;3.271971e-02
3.970953e-02;4.767304e-02;3.713596e-01;1.123251e-01;8.987731e-02;3.827080e-02;7.583997e-02;4.882620e-02;6.108715e-02;4.739588e-02;4.297196e-02;2.466343e-02
3.775662e-02;2.559292e-02;4.068172e-01;1.777269e-01;9.408776e-02;3.601189e-02;3.544168e-02;2.402438e-02;3.718439e-02;4.022214e-02;7.073749e-02;1.439662e-02
2.799595e-02;2.100985e-02;4.381995e-01;1.987379e-01;8.609757e-02;2.603248e-02;1.643963e-02;1.744317e-02;2.469446e-02;4.460354e-02;8.827386e-02;1.047210e-02
6.102142e-02;4.289753e-02;4.283357e-01;1.604843e-01;6.161623e-02;2.184749e-02;3.399825e-02;1.591892e-02;3.003659e-02;5.689728e-02;7.898854e-02;7.957739e-03
1.040323e-01;8.014316e-02;3.050450e-01;1.348948e-01;6.792955e-02;3.106752e-02;6.997589e-02;2.068557e-02;4.545054e-02;6.132131e-02;6.938815e-02;1.006611e-02
9.971880e-02;9.843233e-02;3.284080e-01;1.162857e-01;6.607860e-02;3.439786e-02;6.901847e-02;2.495487e-02;3.628416e-02;4.651272e-02;6.050107e-02;1.940740e-02
6.589545e-02;5.824873e-02;4.486530e-01;1.461204e-01;6.109963e-02;2.791648e-02;4.416790e-02;2.238831e-02;2.164956e-02;2.225838e-02;5.643864e-02;2.516347e-02
4.397840e-02;2.863052e-02;4.077480e-01;1.622465e-01;7.778707e-02;2.491044e-02;5.143912e-02;3.247989e-02;3.224039e-02;4.800812e-02;6.230902e-02;2.822255e-02
5.725249e-02;4.699312e-02;4.237473e-01;9.376097e-02;7.928855e-02;2.910474e-02;4.501592e-02;3.529646e-02;4.412817e-02;5.690404e-02;7.097065e-02;1.753758e-02
6.347201e-02;3.750309e-02;4.180009e-01;7.760998e-02;7.336572e-02;3.633435e-02;7.462437e-02;4.271658e-02;4.943249e-02;5.337581e-02;5.264086e-02;2.092383e-02
7.852502e-02;5.577971e-02;3.094680e-01;1.157340e-01;8.467826e-02;4.358643e-02;6.006308e-02;4.822438e-02;5.482386e-02;7.152219e-02;4.219132e-02;3.540383e-02
9.642624e-02;8.452248e-02;1.447541e-01;1.242896e-01;1.151045e-01;5.946229e-02;7.477288e-02;7.007158e-02;5.005126e-02;8.906206e-02;3.933757e-02;5.214554e-02
5.531432e-02;5.247847e-02;7.274269e-02;6.122672e-02;1.168745e-01;1.313089e-01;2.993063e-01;5.804591e-02;4.543931e-02;5.938753e-02;1.720175e-02;3.067365e-02
9.022988e-02;3.337711e-02;7.760110e-02;3.187638e-02;1.150797e-01;1.865164e-01;3.039607e-01;4.656673e-02;3.725152e-02;4.424134e-02;1.674082e-02;1.655832e-02
1.252353e-01;1.976548e-02;4.253647e-02;2.025557e-02;1.356234e-01;2.718347e-01;2.443579e-01;3.629597e-02;2.857989e-02;4.909801e-02;1.451568e-02;1.190169e-02
1.437936e-01;1.302046e-02;2.386437e-02;2.013091e-02;1.320260e-01;3.347012e-01;1.913345e-01;3.450939e-02;1.882913e-02;7.318889e-02;1.015967e-02;4.441852e-03
1.326323e-01;1.093878e-02;3.103830e-02;2.460183e-02;1.250737e-01;3.045849e-01;2.338755e-01;3.263593e-02;1.522572e-02;7.496519e-02;6.841922e-03;7.586074e-03
1.087424e-01;7.552424e-03;8.387109e-02;3.423647e-02;1.571940e-01;2.630693e-01;2.155878e-01;2.240334e-02;2.577002e-02;5.531085e-02;3.996309e-03;2.226601e-02
9.961440e-02;1.556183e-02;1.693234e-01;4.869050e-02;1.626182e-01;2.151674e-01;1.335030e-01;2.950975e-02;4.011413e-02;4.293761e-02;1.208712e-02;3.087269e-02
8.052246e-02;3.591378e-02;2.183795e-01;5.615390e-02;1.240045e-01;1.972024e-01;1.141535e-01;3.347056e-02;4.559154e-02;4.089246e-02;2.635171e-02;2.736371e-02
1.038403e-01;4.884243e-02;1.384952e-01;3.819982e-02;1.046213e-01;2.095641e-01;1.869930e-01;3.019786e-02;3.829186e-02;5.530317e-02;2.961914e-02;1.603184e-02
1.199367e-01;4.572380e-02;7.168909e-02;3.977069e-02;9.435055e-02;1.768435e-01;2.966016e-01;2.783704e-02;4.066240e-02;5.057651e-02;1.942174e-02;1.658632e-02
1.051619e-01;3.906266e-02;1.217448e-01;4.137742e-02;1.185114e-01;1.693889e-01;2.561080e-01;3.164614e-02;4.128423e-02;4.355527e-02;1.183482e-02;2.032447e-02
6.206787e-02;4.429161e-02;1.279405e-01;5.196043e-02;1.604951e-01;2.185527e-01;1.565550e-01;5.263720e-02;4.060786e-02;4.614512e-02;1.874544e-02;2.000107e-02
8.205291e-02;3.873057e-02;1.526844e-01;6.489651e-02;1.194421e-01;1.948881e-01;1.157479e-01;6.632710e-02;4.533518e-02;6.251176e-02;2.784068e-02;2.954275e-02
1.338043e-01;3.957867e-02;1.571341e-01;7.154403e-02;7.436127e-02;1.743903e-01;1.240395e-01;4.042090e-02;4.137775e-02;7.238296e-02;3.391177e-02;3.705451e-02
1.439866e-01;4.869051e-02;9.629320e-02;6.809733e-02;1.004777e-01;1.718210e-01;1.400382e-01;4.536807e-02;3.731431e-02;6.128892e-02;4.787543e-02;3.874855e-02
1.140286e-01;3.071672e-02;1.036786e-01;5.142759e-02;1.142916e-01;1.772711e-01;1.511963e-01;6.361713e-02;4.811389e-02;6.754370e-02;4.855617e-02;2.955867e-02
9.282827e-02;3.706954e-02;1.170696e-01;4.076946e-02;8.509281e-02;1.949582e-01;1.333247e-01;5.364280e-02;7.479694e-02;8.384889e-02;6.132853e-02;2.527024e-02
5.990303e-02;5.386290e-02;8.142476e-02;6.536555e-02;1.117077e-01;2.061174e-01;1.622424e-01;4.094948e-02;6.570609e-02;6.912723e-02;5.751534e-02;2.607815e-02
6.574005e-02;4.062467e-02;1.058191e-01;7.619152e-02;8.318669e-02;1.742305e-01;2.028145e-01;5.538636e-02;5.472290e-02;7.099815e-02;5.542133e-02;1.486425e-02
9.691183e-02;3.986373e-02;7.684986e-02;5.229942e-02;9.133118e-02;1.450222e-01;1.864652e-01;6.892737e-02;6.362219e-02;9.397458e-02;5.854229e-02;2.619007e-02
1.257358e-01;4.536681e-02;1.151238e-01;2.892804e-02;8.737931e-02;1.442119e-01;1.541829e-01;7.322496e-02;5.832399e-02;8.977626e-02;4.065131e-02;3.709499e-02
1.389641e-01;3.676507e-02;2.378675e-01;3.225484e-02;4.046632e-02;1.125412e-01;1.329981e-01;5.277655e-02;5.934453e-02;6.937269e-02;2.861573e-02;5.803341e-02
1.192029e-01;4.488554e-02;3.107599e-01;3.327545e-02;5.654736e-02;8.996455e-02;1.111195e-01;3.680002e-02;5.131582e-02;7.227914e-02;4.015348e-02;3.369639e-02
1.208286e-01;4.232026e-02;3.696321e-01;3.195001e-02;6.148492e-02;8.068246e-02;1.036530e-01;2.623735e-02;4.162618e-02;6.026905e-02;3.670050e-02;2.461553e-02
