4.825877e-02;5.132921e-02;1.386313e-01;7.358333e-02;4.539116e-02;7.459118e-02;2.665171e-01;5.631548e-02;7.325020e-02;7.527897e-02;6.465719e-02;3.219611e-02
6.733245e-02;4.863022e-02;1.024752e-01;8.319230e-02;5.252116e-02;6.409541e-02;2.885530e-01;4.720575e-02;7.831778e-02;5.361914e-02;6.584886e-02;4.820877e-02
1.046687e-01;5.199477e-02;1.276636e-01;7.025487e-02;5.690742e-02;4.905892e-02;2.714814e-01;4.931121e-02;5.510622e-02;5.891315e-02;6.019001e-02;4.444978e-02
1.189830e-01;6.448212e-02;1.520603e-01;8.271702e-02;7.550426e-02;8.035831e-02;1.669315e-01;4.637643e-02;4.957889e-02;5.222112e-02;6.114356e-02;4.964347e-02
9.232809e-02;6.534431e-02;1.692344e-01;8.042025e-02;6.983496e-02;7.841486e-02;2.014477e-01;3.678067e-02;4.389301e-02;5.245862e-02;5.398336e-02;5.585971e-02
1.164808e-01;6.269292e-02;1.421982e-01;7.689430e-02;6.463178e-02;5.703278e-02;2.294061e-01;4.808973e-02;3.793942e-02;5.404659e-02;5.352011e-02;5.706728e-02
1.600962e-01;7.345907e-02;1.147183e-01;7.402162e-02;5.943696e-02;3.069167e-02;2.373999e-01;6.594059e-02;3.649288e-02;4.243010e-02;4.576809e-02;5.954463e-02
1.974013e-01;6.933924e-02;6.887256e-02;7.651737e-02;5.514399e-02;2.749570e-02;2.565801e-01;6.510828e-02;3.318946e-02;2.506406e-02;5.109585e-02;7.419219e-02
2.140880e-01;4.203968e-02;1.108256e-01;8.466625e-02;4.951843e-02;2.857980e-02;2.312607e-01;4.476338e-02;4.128771e-02;2.316635e-02;6.054195e-02;6.926210e-02
1.521843e-01;6.314921e-02;9.137226e-02;8.120564e-02;5.543229e-02;2.438955e-02;1.795776e-01;1.113111e-01;1.892749e-02;4.714894e-02;8.303607e-02;9.226562e-02
1.082454e-01;3.869473e-02;6.637886e-02;9.680723e-02;8.374206e-02;3.010874e-02;2.402647e-01;1.024440e-01;1.868220e-02;6.305714e-02;8.409450e-02;6.748039e-02
1.642046e-01;5.318145e-02;8.148640e-02;7.889056e-02;1.085432e-01;5.296792e-02;2.183778e-01;5.857417e-02;1.910364e-02;5.791963e-02;5.552191e-02;5.122870e-02
1.525656e-01;5.723806e-02;8.453640e-02;5.088644e-02;1.003436e-01;7.042041e-02;2.370658e-01;3.077567e-02;3.630612e-02;6.533636e-02;5.210988e-02;6.241566e-02
6.645697e-02;4.659747e-02;1.094736e-01;6.137567e-02;9.667379e-02;7.159830e-02;1.959935e-01;4.060243e-02;7.262818e-02;9.024943e-02;7.420231e-02;7.414843e-02
1.252154e-01;7.144599e-02;9.935984e-02;7.759454e-02;1.071772e-01;6.809861e-02;9.648091e-02;6.402709e-02;8.039054e-02;9.451696e-02;7.474831e-02;4.094467e-02
1.533946e-01;9.325798e-02;6.903896e-02;5.917356e-02;6.853969e-02;4.409024e-02;1.730653e-01;5.719211e-02;5.525613e-02;1.035408e-01;7.269126e-02;5.075936e-02
1.751724e-01;8.859392e-02;8.876594e-02;5.047730e-02;5.278450e-02;2.682938e-02;1.499482e-01;3.300963e-02;4.222415e-02;1.076772e-01;1.020169e-01;8.250044e-02
2.073731e-01;9.322827e-02;1.012244e-01;4.934229e-02;4.920748e-02;3.974327e-02;1.326298e-01;5.355051e-02;2.836287e-02;8.701559e-02;8.617591e-02;7.214649e-02
2.488706e-01;1.175203e-01;9.896620e-02;5.218742e-02;2.824902e-02;4.605763e-02;1.352815e-01;8.656207e-02;1.677697e-02;5.661679e-02;4.549405e-02;6.741748e-02
2.661854e-01;1.184280e-01;9.091370e-02;4.314955e-02;2.551767e-02;4.232892e-02;1.028872e-01;1.565199e-01;4.090269e-02;3.458407e-02;2.317887e-02;5.540410e-02
2.463653e-01;8.692532e-02;1.245372e-01;2.036420e-02;5.141674e-02;2.494133e-02;4.898778e-02;2.231758e-01;9.367849e-02;2.657033e-02;2.199352e-02;3.104400e-02
2.070977e-01;5.992520e-02;1.301585e-01;1.073374e-02;6.839149e-02;8.127467e-03;2.263930e-02;2.361714e-01;1.884214e-01;2.581231e-02;2.349180e-02;1.902966e-02
2.039761e-01;3.822815e-02;1.061943e-01;7.364982e-03;8.184601e-02;7.043932e-03;2.191003e-02;2.416104e-01;2.223729e-01;3.242617e-02;2.538189e-02;1.164515e-02
2.722211e-01;1.979105e-02;8.385682e-02;7.725177e-03;1.022658e-01;7.157159e-03;2.134755e-02;2.475537e-01;1.522336e-01;2.971218e-02;4.067910e-02;1.545664e-02
3.542289e-01;5.267293e-02;6.527379e-02;6.000843e-03;1.208959e-01;7.467208e-03;1.606413e-02;2.238346e-01;6.678446e-02;1.306472e-02;6.415530e-02;9.557214e-03
3.430536e-01;6.975137e-02;4.894653e-02;1.074018e-02;1.331311e-01;6.957104e-03;2.395444e-02;1.660419e-01;6.964802e-02;1.254536e-02;1.076625e-01;7.567789e-03
2.880805e-01;8.113884e-02;4.194732e-02;1.538469e-02;1.334863e-01;1.693637e-02;4.292362e-02;1.172788e-01;6.359862e-02;2.243074e-02;1.687089e-01;8.085341e-03
1.954030e-01;1.423752e-01;4.883179e-02;2.349721e-02;1.197744e-01;4.523782e-02;5.492456e-02;8.633927e-02;3.871670e-02;3.552907e-02;1.969055e-01;1.246562e-02
1.021696e-01;2.390759e-01;5.238396e-02;3.142222e-02;8.216543e-02;9.981414e-02;4.610387e-02;6.169806e-02;1.162240e-01;3.336140e-02;1.216042e-01;1.397732e-02
7.169838e-02;2.875367e-01;6.208939e-02;3.416196e-02;4.987821e-02;1.473460e-01;2.627658e-02;5.209873e-02;1.549882e-01;2.871043e-02;4.395933e-02;4.125611e-02
7.286731e-02;2.678189e-01;1.032584e-01;3.926141e-02;3.132788e-02;1.199681e-01;1.949261e-02;5.625576e-02;1.611699e-01;4.538724e-02;3.178444e-02;5.140802e-02
6.090160e-02;1.795028e-01;2.058277e-01;3.631622e-02;3.627859e-02;5.624832e-02;5.353324e-02;5.446699e-02;1.390871e-01;1.078983e-01;4.072599e-02;2.921322e-02
7.212695e-02;7.790323e-02;2.740704e-01;5.974512e-02;4.741938e-02;4.859918e-02;7.455690e-02;3.583226e-02;9.787221e-02;1.391124e-01;6.149530e-02;1.126665e-02
8.232793e-02;3.637880e-02;1.874073e-01;1.746581e-01;3.975651e-02;3.491477e-02;5.817155e-02;3.427699e-02;9.922283e-02;8.756035e-02;1.474659e-01;1.785890e-02
7.053871e-02;3.854666e-02;1.043440e-01;2.623526e-01;3.974519e-02;2.749437e-02;2.941026e-02;3.524734e-02;9.316942e-02;3.235655e-02;2.413221e-01;2.547276e-02
6.025548e-02;5.035353e-02;6.905878e-02;2.422894e-01;5.794697e-02;2.958948e-02;2.525866e-02;5.069675e-02;6.376906e-02;6.009990e-02;2.585062e-01;3.217570e-02
6.427141e-02;4.831333e-02;7.304399e-02;2.192026e-01;4.990896e-02;2.462971e-02;2.801735e-02;7.289392e-02;5.040896e-02;8.350512e-02;2.324312e-01;5.337342e-02
7.246894e-02;3.664773e-02;1.319586e-01;1.949909e-01;6.854520e-02;3.355704e-02;1.942810e-02;7.427135e-02;2.999070e-02;7.338183e-02;2.191617e-01;4.559796e-02
8.376267e-02;6.143458e-02;1.691279e-01;1.405157e-01;8.546717e-02;4.936154e-02;4.304619e-02;5.055234e-02;4.057698e-02;4.451209e-02;2.114067e-01;2.023606e-02
9.004897e-02;6.643561e-02;1.729334e-01;8.374485e-02;7.733002e-02;7.330606e-02;5.125723e-02;3.183027e-02;5.341126e-02;4.290760e-02;2.235363e-01;3.325835e-02
9.034935e-02;6.766584e-02;1.332991e-01;8.402558e-02;4.003622e-02;8.007722e-02;5.431543e-02;8.275983e-02;6.636603e-02;6.146396e-02;2.084163e-01;3.122510e-02
8.552078e-02;9.614874e-02;1.299586e-01;1.011768e-01;4.758541e-02;6.723247e-02;4.011224e-02;1.059639e-01;6.249721e-02;5.900543e-02;1.815619e-01;2.323660e-02
7.932407e-02;7.474623e-02;1.331297e-01;6.435509e-02;6.572735e-02;7.256164e-02;6.497774e-02;1.072532e-01;6.623673e-02;4.425330e-02;1.941025e-01;3.333247e-02
4.875991e-02;9.403855e-02;1.040544e-01;9.532784e-02;6.822938e-02;8.550809e-02;6.910014e-02;8.706781e-02;5.698417e-02;8.040772e-02;1.637657e-01;4.675627e-02
4.407046e-02;1.112387e-01;8.716617e-02;1.271815e-01;5.251079e-02;8.666828e-02;4.985804e-02;1.189559e-01;6.597055e-02;8.618870e-02;1.141478e-01;5.604297e-02
5.718250e-02;9.409046e-02;1.280955e-01;1.356509e-01;4.678451e-02;5.104902e-02;3.472641e-02;1.273321e-01;9.940717e-02;5.743661e-02;1.133909e-01;5.485393e-02
6.899028e-02;9.383984e-02;1.168340e-01;1.107675e-01;5.542995e-02;4.642207e-02;5.652144e-02;9.542877e-02;1.240983e-01;5.376581e-02;1.332422e-01;4.465975e-02
8.353047e-02;6.643736e-02;1.135142e-01;9.809768e-02;7.321991e-02;7.318086e-02;6.028640e-02;7.483082e-02;1.022923e-01;6.680956e-02;1.453924e-01;4.240803e-02
1.116193e-01;8.336090e-02;1.055553e-01;1.285837e-01;7.070328e-02;5.992204e-02;5.068704e-02;8.487003e-02;8.495259e-02;4.464304e-02;1.333615e-01;4.174121e-02
9.833312e-02;1.079092e-01;1.135003e-01;1.725380e-01;4.773154e-02;5.547755e-02;7.935842e-02;1.037442e-01;6.190308e-02;3.446377e-02;8.970325e-02;3.533762e-02
6.419923e-02;1.544295e-01;8.189085e-02;1.727827e-01;5.252254e-02;7.317819e-02;8.162032e-02;1.074595e-01;5.558431e-02;3.157815e-02;5.791464e-02;6.684007e-02
4.853089e-02;1.552239e-01;7.114725e-02;1.451229e-01;7.319353e-02;8.939455e-02;7.506886e-02;9.516282e-02;5.728954e-02;3.617534e-02;8.699077e-02;6.669974e-02
6.131136e-02;1.107931e-01;8.828019e-02;1.334956e-01;5.715184e-02;8.026369e-02;9.738229e-02;7.585737e-02;7.096032e-02;5.268716e-02;1.248185e-01;4.699860e-02
8.967349e-02;6.449918e-02;1.393894e-01;1.032631e-01;6.208361e-02;6.877814e-02;1.086325e-01;4.786352e-02;5.802932e-02;9.959520e-02;1.181031e-01;4.008947e-02
7.177501e-02;6.262024e-02;1.654569e-01;5.439491e-02;4.486329e-02;5.896256e-02;1.145895e-01;8.978865e-02;9.827489e-02;1.024355e-01;1.081112e-01;2.872735e-02
8.763583e-02;8.653409e-02;1.674993e-01;6.281465e-02;4.881669e-02;5.771076e-02;6.709409e-02;1.086781e-01;9.778915e-02;6.210536e-02;1.165452e-01;3.677673e-02
1.092584e-01;9.372904e-02;2.706529e-01;5.661817e-02;5.440757e-02;4.175651e-02;8.920504e-02;7.350607e-02;4.847885e-02;4.261529e-02;7.266299e-02;4.710912e-02
9.682323e-02;8.605318e-02;2.527418e-01;5.801915e-02;5.431196e-02;4.553721e-02;1.414101e-01;4.962709e-02;6.340241e-02;5.133931e-02;5.619363e-02;4.454089e-02
6.700846e-02;6.144990e-02;1.887723e-01;7.197155e-02;4.473447e-02;6.369711e-02;2.259047e-01;3.611945e-02;8.215608e-02;5.354541e-02;5.581881e-02;4.882171e-02
8.695120e-02;4.554077e-02;1.462669e-01;7.302841e-02;3.403077e-02;6.351829e-02;2.769518e-01;3.857259e-02;7.613104e-02;5.255544e-02;5.345605e-02;5.299670e-02
1.076053e-01;5.035623e-02;9.638190e-02;7.635842e-02;3.902683e-02;6.396975e-02;2.774138e-01;5.804612e-02;6.541450e-02;4.452604e-02;5.025293e-02;7.064810e-02
1.204420e-01;6.269753e-02;8.192674e-02;8.236001e-02;3.300994e-02;7.012272e-02;2.438270e-01;5.528178e-02;6.195980e-02;4.583505e-02;6.751507e-02;7.502237e-02
1.010209e-01;4.342488e-02;1.154164e-01;1.017405e-01;5.285686e-02;8.035169e-02;2.250059e-01;4.586238e-02;6.821009e-02;4.990265e-02;7.913721e-02;3.707061e-02
5.344382e-02;5.355784e-02;1.499067e-01;8.932963e-02;7.856167e-02;6.512329e-02;2.489692e-01;3.317508e-02;6.498465e-02;5.442854e-02;7.490838e-02;3.361128e-02
6.080558e-02;5.291962e-02;1.976997e-01;8.965135e-02;7.327484e-02;4.877098e-02;2.290486e-01;2.877029e-02;5.960163e-02;5.611838e-02;6.794562e-02;3.539345e-02
3.971678e-02;4.548559e-02;2.227850e-01;8.073429e-02;5.858616e-02;6.876957e-02;1.979627e-01;6.281194e-02;8.438791e-02;4.645598e-02;5.739068e-02;3.491341e-02
2.578971e-02;5.203423e-02;2.038045e-01;7.240165e-02;4.149922e-02;6.994404e-02;1.359295e-01;8.110959e-02;1.286421e-01;4.169095e-02;7.630397e-02;7.085052e-02
5.312338e-02;5.637925e-02;1.287041e-01;7.508211e-02;4.725764e-02;5.575177e-02;1.791349e-01;6.178252e-02;1.535256e-01;5.531770e-02;6.077103e-02;7.317001e-02
6.786551e-02;6.152057e-02;9.053338e-02;6.735774e-02;5.260028e-02;4.429612e-02;1.997218e-01;9.631258e-02;1.348550e-01;7.193504e-02;4.266819e-02;7.033382e-02
5.609591e-02;4.649197e-02;9.531464e-02;5.073772e-02;5.086601e-02;5.325251e-02;2.522115e-01;1.183524e-01;1.000448e-01;5.928573e-02;3.604364e-02;8.130311e-02
5.466769e-02;3.907745e-02;9.990250e-02;7.398076e-02;4.295697e-02;4.564790e-02;2.791071e-01;9.999824e-02;9.807623e-02;4.573143e-02;5.819601e-02;6.265767e-02
6.596027e-02;4.255457e-02;1.160872e-01;7.518035e-02;6.082601e-02;5.052825e-02;2.456621e-01;9.098668e-02;1.003476e-01;6.137480e-02;5.051238e-02;3.997985e-02
7.568797e-02;4.579769e-02;8.786146e-02;8.003939e-02;5.852767e-02;4.674549e-02;2.557412e-01;8.313119e-02;9.949654e-02;7.213042e-02;4.154726e-02;5.329366e-02
6.756148e-02;6.134206e-02;7.646588e-02;7.727054e-02;6.846158e-02;5.321774e-02;2.539070e-01;8.655981e-02;7.597822e-02;5.221181e-02;6.199209e-02;6.503186e-02
6.372280e-02;5.978767e-02;9.255391e-02;5.243620e-02;6.592771e-02;6.369786e-02;2.249044e-01;9.946664e-02;5.467283e-02;6.313309e-02;6.134360e-02;9.835328e-02
9.990992e-02;5.211830e-02;8.243052e-02;5.736588e-02;4.366386e-02;6.029124e-02;1.837499e-01;7.077779e-02;9.939162e-02;8.306035e-02;7.984709e-02;8.739352e-02
1.090857e-01;6.804612e-02;1.236579e-01;4.278566e-02;5.719707e-02;6.273797e-02;1.603619e-01;1.144481e-01;1.190513e-01;6.170183e-02;3.052714e-02;5.039930e-02
1.071368e-01;5.786141e-02;9.972083e-02;3.487789e-02;4.280475e-02;5.271607e-02;1.478444e-01;1.495533e-01;1.444409e-01;6.400754e-02;4.529032e-02;5.374573e-02
1.301563e-01;5.489644e-02;8.039568e-02;3.438923e-02;3.994404e-02;4.197218e-02;9.177409e-02;1.725810e-01;1.621233e-01;8.534590e-02;5.183447e-02;5.458735e-02
1.629116e-01;4.086126e-02;4.961941e-02;4.040312e-02;4.288678e-02;2.957532e-02;9.207979e-02;2.122002e-01;1.478311e-01;8.974507e-02;4.786936e-02;4.401693e-02
1.561501e-01;1.242432e-02;2.615080e-02;7.236172e-02;3.246486e-02;2.553189e-02;1.374556e-01;2.124851e-01;1.118018e-01;1.195154e-01;2.400021e-02;6.965801e-02
1.450170e-01;1.392248e-02;2.235343e-02;9.714213e-02;1.792367e-02;1.995663e-02;1.652323e-01;1.232812e-01;9.834600e-02;1.903969e-01;9.843739e-03;9.658450e-02
1.561127e-01;2.055911e-02;2.925078e-02;8.102489e-02;3.302825e-02;2.143534e-02;1.657880e-01;7.133762e-02;9.469733e-02;2.188907e-01;1.218812e-02;9.568713e-02
1.669946e-01;1.249399e-02;3.401426e-02;5.213179e-02;7.409259e-02;1.816844e-02;1.544851e-01;1.382434e-01;9.796000e-02;1.830782e-01;1.583385e-02;5.250376e-02
1.567108e-01;1.311879e-02;4.117151e-02;2.859048e-02;1.046893e-01;1.994765e-02;1.549397e-01;1.719505e-01;1.107962e-01;1.222073e-01;2.046638e-02;5.541145e-02
1.063404e-01;1.685841e-02;5.421646e-02;1.221144e-01;8.071606e-02;2.751696e-02;1.920439e-01;1.473242e-01;8.097272e-02;6.993370e-02;1.775890e-02;8.420393e-02
7.472148e-02;1.550208e-02;5.884916e-02;1.761372e-01;3.561299e-02;2.876711e-02;2.137927e-01;1.403849e-01;6.646770e-02;9.553954e-02;2.317143e-02;7.105372e-02
6.973065e-02;2.450744e-02;1.015765e-01;1.479313e-01;2.891828e-02;3.201967e-02;2.084152e-01;1.320411e-01;5.433418e-02;1.415556e-01;3.110188e-02;2.786808e-02
6.355207e-02;2.077396e-02;1.291682e-01;9.615296e-02;2.861390e-02;4.656778e-02;1.747310e-01;1.026440e-01;5.040786e-02;1.592680e-01;4.452896e-02;8.359135e-02
1.210246e-01;3.288747e-02;8.008005e-02;4.811343e-02;4.210013e-02;3.653718e-02;1.954898e-01;1.376496e-01;5.578875e-02;1.281605e-01;3.467175e-02;8.749685e-02
1.741192e-01;5.558667e-02;8.655413e-02;3.573852e-02;6.586026e-02;2.661300e-02;1.500889e-01;1.731356e-01;5.267394e-02;1.058041e-01;2.350249e-02;5.032323e-02
2.012587e-01;6.927965e-02;8.658272e-02;4.066266e-02;8.888982e-02;2.622038e-02;1.031592e-01;1.602331e-01;7.212348e-02;1.054359e-01;1.959947e-02;2.655471e-02
2.076978e-01;1.296530e-01;9.723892e-02;3.102915e-02;9.876508e-02;1.887759e-02;5.213697e-02;8.027144e-02;1.237031e-01;1.088309e-01;1.877220e-02;3.302380e-02
2.067889e-01;1.472770e-01;1.033254e-01;9.746576e-03;6.074449e-02;1.430504e-02;7.095865e-02;1.249417e-01;1.403424e-01;8.785703e-02;1.069214e-02;2.302060e-02
2.185422e-01;1.022555e-01;7.959586e-02;2.136084e-02;7.068617e-02;1.409714e-02;9.372758e-02;2.186180e-01;9.369003e-02;5.572337e-02;9.658503e-03;2.204485e-02
2.096762e-01;5.432168e-02;5.699306e-02;3.163778e-02;8.552604e-02;1.371844e-02;1.598043e-01;2.740710e-01;4.207554e-02;3.401652e-02;1.503731e-02;2.312201e-02
1.547342e-01;3.018139e-02;2.048225e-02;2.301807e-02;6.576195e-02;2.228288e-02;2.772885e-01;2.803039e-01;4.941630e-02;1.831130e-02;1.223750e-02;4.598179e-02
1.128383e-01;1.752064e-02;1.633453e-02;8.924267e-02;4.844817e-02;3.801189e-02;3.769677e-01;1.638799e-01;2.354776e-02;1.991940e-02;1.510118e-02;7.818793e-02
1.064990e-01;3.432421e-02;2.987328e-02;1.349254e-01;3.181377e-02;3.024304e-02;3.833973e-01;8.527953e-02;2.910984e-02;2.045297e-02;2.092110e-02;9.316072e-02
3.705743e-02;4.918081e-02;2.431968e-02;1.268591e-01;3.301344e-02;1.769822e-02;3.148020e-01;2.107268e-01;5.791344e-02;1.898913e-02;2.031640e-02;8.912358e-02
1.774859e-01;6.215080e-02;3.792314e-02;8.970259e-02;3.645317e-02;1.539942e-02;2.114044e-01;1.880619e-01;4.691738e-02;2.095191e-02;1.660417e-02;9.694526e-02
2.968713e-01;5.431967e-02;5.965932e-02;5.134796e-02;3.689699e-02;2.473904e-02;1.678979e-01;1.301471e-01;3.620803e-02;2.602077e-02;1.693095e-02;9.896110e-02
3.176744e-01;2.959635e-02;5.195364e-02;9.467150e-02;5.538508e-02;3.571237e-02;1.806728e-01;6.515408e-02;3.103354e-02;4.068251e-02;2.161828e-02;7.584552e-02
2.162918e-01;3.976546e-02;4.060565e-02;7.906079e-02;1.047494e-01;4.064353e-02;1.472944e-01;1.682188e-01;4.870233e-02;4.783656e-02;2.013014e-02;4.670115e-02
1.350330e-01;4.362945e-02;4.994383e-02;3.028072e-02;8.646232e-02;3.910717e-02;2.007124e-01;2.725457e-01;6.242376e-02;3.652289e-02;1.303070e-02;3.030806e-02
1.027561e-01;1.957161e-02;3.940084e-02;2.056984e-02;3.090328e-02;2.904012e-02;3.039297e-01;3.565063e-01;3.478940e-02;2.661108e-02;9.555919e-03;2.636583e-02
8.026121e-02;1.449329e-02;2.754433e-02;2.855711e-02;2.142982e-02;2.390783e-02;3.557804e-01;3.231945e-01;3.747558e-02;4.614354e-02;1.038892e-02;3.082337e-02
5.848582e-02;1.111953e-02;1.788913e-02;3.475166e-02;1.196273e-02;2.630628e-02;4.492321e-01;2.497032e-01;2.418474e-02;6.911632e-02;1.150708e-02;3.574147e-02
4.513376e-02;1.101639e-02;2.189652e-02;3.472877e-02;9.103319e-03;1.536263e-02;5.023903e-01;2.209249e-01;1.375751e-02;7.868151e-02;7.983608e-03;3.902080e-02
3.657966e-02;1.857122e-02;9.007761e-03;4.593145e-02;1.510717e-02;3.505724e-02;4.688820e-01;2.252400e-01;1.428372e-02;8.355916e-02;8.725852e-03;3.905483e-02
3.761178e-02;3.530839e-02;3.759933e-02;6.340939e-02;2.146877e-02;3.539461e-02;3.575006e-01;2.317543e-01;2.389796e-02;8.421938e-02;2.554205e-02;4.629346e-02
1.075342e-01;5.704544e-02;8.970724e-02;6.207660e-02;5.071067e-02;2.955181e-02;1.927337e-01;2.150421e-01;4.324530e-02;6.237272e-02;2.745897e-02;6.252132e-02
2.020952e-01;7.081494e-02;8.423905e-02;2.625376e-02;7.618644e-02;2.368431e-02;1.521555e-01;1.801550e-01;4.963784e-02;5.243986e-02;2.654986e-02;5.578820e-02
2.206885e-01;5.467957e-02;9.419043e-02;1.388140e-02;5.201793e-02;1.777309e-02;2.178423e-01;1.227132e-01;5.344033e-02;7.195519e-02;3.167990e-02;4.913816e-02
1.943306e-01;3.941879e-02;4.978820e-02;4.144082e-02;3.827803e-02;3.050332e-02;2.210131e-01;1.443441e-01;4.691005e-02;9.665829e-02;4.232978e-02;5.498489e-02
1.747064e-01;6.227456e-02;4.358192e-02;7.160901e-02;4.659824e-02;2.925793e-02;1.801696e-01;1.184388e-01;2.607312e-02;1.092785e-01;3.676596e-02;1.012459e-01
1.624682e-01;6.926849e-02;1.521616e-02;6.945811e-02;2.812226e-02;3.401423e-02;2.633603e-01;7.451716e-02;3.136939e-02;9.756614e-02;2.871458e-02;1.259250e-01
8.049495e-02;4.856895e-02;5.069051e-02;5.925408e-02;2.513190e-02;5.532027e-02;3.314485e-01;8.190028e-02;4.458357e-02;5.039911e-02;4.279074e-02;1.294171e-01
4.502438e-02;3.640924e-02;6.531361e-02;4.984227e-02;3.468192e-02;6.409336e-02;2.876497e-01;1.056873e-01;5.755170e-02;7.428753e-02;7.271700e-02;1.067419e-01
7.431747e-02;3.709682e-02;9.443157e-02;3.761117e-02;3.724447e-02;5.077787e-02;2.119918e-01;1.163683e-01;5.957094e-02;1.018572e-01;7.483056e-02;1.039019e-01
1.243892e-01;4.085026e-02;6.647835e-02;6.274492e-02;3.923297e-02;3.198230e-02;1.806432e-01;1.251531e-01;5.515889e-02;9.262339e-02;5.124356e-02;1.294998e-01
1.606059e-01;4.650430e-02;6.151497e-02;6.982283e-02;2.648173e-02;2.842451e-02;2.461768e-01;1.154363e-01;3.146617e-02;5.747913e-02;3.507175e-02;1.210155e-01
2.111724e-01;7.408602e-02;3.380073e-02;8.688976e-02;2.115532e-02;2.058567e-02;2.078920e-01;1.075054e-01;3.639231e-02;6.063030e-02;3.865806e-02;1.012321e-01
1.739775e-01;7.863760e-02;5.200534e-02;8.944555e-02;1.804086e-02;2.016975e-02;1.596372e-01;1.585179e-01;2.572306e-02;8.935066e-02;4.077657e-02;9.371804e-02
1.271006e-01;4.778338e-02;3.709663e-02;8.156425e-02;1.547964e-02;2.301179e-02;1.926674e-01;2.203915e-01;2.808602e-02;1.083627e-01;3.782569e-02;8.063042e-02
1.058120e-01;2.541462e-02;3.166782e-02;6.972915e-02;1.433042e-02;2.615588e-02;2.241102e-01;2.542641e-01;5.652539e-02;1.057869e-01;3.160921e-02;5.459425e-02
1.398293e-01;3.691878e-02;5.572662e-02;4.285288e-02;2.599997e-02;2.702861e-02;2.114142e-01;2.604954e-01;5.863835e-02;7.269751e-02;2.976758e-02;3.863078e-02
1.770799e-01;3.399209e-02;5.267047e-02;1.740428e-02;3.734893e-02;1.991392e-02;1.992681e-01;2.601722e-01;5.714943e-02;6.605453e-02;2.847705e-02;5.046909e-02
1.548966e-01;2.387221e-02;5.161414e-02;2.301174e-02;4.982510e-02;3.416317e-02;2.842902e-01;1.918597e-01;5.469603e-02;5.341353e-02;2.499623e-02;5.336135e-02
1.049737e-01;2.056417e-02;4.695779e-02;3.968422e-02;5.055368e-02;6.054900e-02;3.612973e-01;1.423344e-01;5.399517e-02;4.985654e-02;3.019906e-02;3.903501e-02
8.735077e-02;1.875290e-02;5.033625e-02;2.621473e-02;3.149268e-02;5.297408e-02;3.217352e-01;2.089569e-01;5.904261e-02;6.935704e-02;3.276656e-02;4.102036e-02
1.121738e-01;2.579066e-02;5.197179e-02;2.059489e-02;1.561518e-02;2.964612e-02;2.115362e-01;2.754253e-01;5.545770e-02;7.869612e-02;3.090873e-02;9.218360e-02
1.266983e-01;3.934057e-02;4.125790e-02;4.740064e-02;3.034466e-02;3.164475e-02;1.382487e-01;2.680987e-01;5.620192e-02;7.963105e-02;4.500324e-02;9.612960e-02
1.217109e-01;3.579505e-02;3.887407e-02;5.159809e-02;4.750482e-02;4.670805e-02;1.848795e-01;1.879667e-01;4.720983e-02;9.547595e-02;6.573775e-02;7.653928e-02
1.339667e-01;3.083873e-02;7.234738e-02;4.256677e-02;4.375648e-02;5.194189e-02;1.562005e-01;1.224612e-01;5.774403e-02;1.207164e-01;7.486905e-02;9.259097e-02
1.520719e-01;4.973694e-02;6.829111e-02;3.806187e-02;4.334822e-02;5.312347e-02;1.406797e-01;1.123107e-01;4.399262e-02;1.427111e-01;5.725266e-02;9.841970e-02
1.312904e-01;3.785108e-02;7.485989e-02;4.465596e-02;4.959439e-02;4.573248e-02;1.811834e-01;1.063592e-01;7.803896e-02;1.499408e-01;3.080021e-02;6.969333e-02
1.145340e-01;4.820361e-02;5.812911e-02;5.200938e-02;5.527091e-02;4.260285e-02;2.274289e-01;1.273929e-01;5.793826e-02;1.274767e-01;3.243764e-02;5.657567e-02
8.001850e-02;4.328443e-02;4.946219e-02;3.934729e-02;4.241503e-02;3.927410e-02;2.590629e-01;2.087090e-01;4.774546e-02;9.508558e-02;4.055969e-02;5.503573e-02
5.854219e-02;3.688607e-02;4.895462e-02;3.502275e-02;3.621931e-02;3.532003e-02;2.600977e-01;2.469872e-01;4.832859e-02;9.134111e-02;3.280161e-02;6.949878e-02
5.052519e-02;4.180207e-02;4.274249e-02;4.682545e-02;3.900932e-02;3.533471e-02;2.362945e-01;2.390357e-01;6.724346e-02;5.226737e-02;5.557562e-02;9.334416e-02
4.227592e-02;3.835648e-02;4.460127e-02;4.000803e-02;4.769091e-02;6.346494e-02;2.206929e-01;1.538013e-01;1.013515e-01;7.791774e-02;6.240237e-02;1.074367e-01
8.135528e-02;5.779013e-02;1.400792e-01;8.741189e-02;8.390710e-02;8.205868e-02;1.400537e-01;4.806943e-02;6.873028e-02;8.391514e-02;6.376748e-02;6.286176e-02
6.904880e-02;4.710653e-02;1.872262e-01;9.064540e-02;7.793154e-02;9.083718e-02;1.587738e-01;5.938412e-02;5.055210e-02;6.941982e-02;6.837471e-02;3.069989e-02
5.450404e-02;3.101690e-02;1.639757e-01;9.268010e-02;8.312812e-02;1.261102e-01;1.471547e-01;6.086581e-02;5.176985e-02;6.627766e-02;9.477565e-02;2.774125e-02
4.312054e-02;4.829099e-02;9.636334e-02;6.864741e-02;1.091478e-01;1.920356e-01;1.247865e-01;4.766844e-02;5.643640e-02;8.545988e-02;1.126087e-01;1.543431e-02
3.461942e-02;4.479795e-02;9.195741e-02;3.161978e-02;9.567419e-02;2.590621e-01;9.731054e-02;5.273805e-02;4.538322e-02;9.937789e-02;1.240088e-01;2.345071e-02
3.453442e-02;2.915259e-02;8.534402e-02;3.357440e-02;7.637928e-02;2.939787e-01;1.265149e-01;4.785062e-02;2.136027e-02;7.611894e-02;1.458158e-01;2.937603e-02
5.306648e-02;2.567159e-02;5.151553e-02;2.737753e-02;8.136044e-02;3.185159e-01;1.060071e-01;3.587967e-02;2.110178e-02;8.109862e-02;1.707888e-01;2.761666e-02
3.515036e-02;2.377884e-02;6.855711e-02;2.307163e-02;8.032102e-02;3.367622e-01;8.647693e-02;2.906262e-02;3.694590e-02;7.638976e-02;1.741263e-01;2.935727e-02
4.087611e-02;2.912212e-02;7.867484e-02;2.541035e-02;6.536184e-02;3.041329e-01;9.346935e-02;4.908562e-02;4.006582e-02;8.407600e-02;1.587891e-01;3.093598e-02
4.366961e-02;2.569639e-02;8.326500e-02;4.585723e-02;6.382123e-02;3.083722e-01;9.556399e-02;4.104604e-02;4.066592e-02;7.154272e-02;1.540168e-01;2.648291e-02
5.732008e-02;1.844502e-02;1.055648e-01;3.274338e-02;5.045018e-02;3.263488e-01;1.317580e-01;2.181520e-02;4.220602e-02;4.452970e-02;1.493632e-01;1.945580e-02
6.618846e-02;1.954705e-02;1.181628e-01;3.607497e-02;6.664481e-02;3.263360e-01;1.069672e-01;2.330105e-02;3.259369e-02;4.966772e-02;1.399341e-01;1.458216e-02
7.638989e-02;3.454630e-02;1.057682e-01;3.151008e-02;9.614122e-02;2.869230e-01;9.414984e-02;2.867267e-02;3.803385e-02;6.409786e-02;1.244873e-01;1.927980e-02
7.117742e-02;4.963989e-02;9.671032e-02;6.566753e-02;9.786246e-02;2.141721e-01;1.570202e-01;2.814532e-02;3.901813e-02;6.748132e-02;9.611148e-02;1.699381e-02
5.769936e-02;3.613584e-02;1.160513e-01;7.345350e-02;7.019262e-02;1.792228e-01;1.889763e-01;4.231172e-02;5.518786e-02;9.284995e-02;6.975966e-02;1.815901e-02
5.476343e-02;5.454088e-02;1.368982e-01;5.203195e-02;4.892744e-02;1.316382e-01;2.179518e-01;5.639485e-02;8.538739e-02;7.503869e-02;5.382571e-02;3.260153e-02
6.080461e-02;7.668208e-02;1.119831e-01;4.427432e-02;4.225451e-02;1.019563e-01;2.715664e-01;5.215673e-02;6.756601e-02;6.104700e-02;6.737057e-02;4.233841e-02
3.843779e-02;7.845341e-02;9.790234e-02;4.171631e-02;4.930717e-02;1.087556e-01;2.853691e-01;4.784169e-02;5.419635e-02;7.327124e-02;9.387030e-02;3.087874e-02
4.557448e-02;5.622008e-02;1.120785e-01;4.236024e-02;8.139712e-02;9.559602e-02;2.388515e-01;3.796328e-02;6.384581e-02;9.364017e-02;1.099841e-01;2.248866e-02
8.826318e-02;7.104726e-02;1.275579e-01;4.617835e-02;1.060193e-01;7.132760e-02;1.579582e-01;4.416934e-02;5.797367e-02;1.170037e-01;9.789422e-02;1.460724e-02
1.059007e-01;8.359944e-02;1.202933e-01;7.491952e-02;9.902010e-02;1.008426e-01;1.079412e-01;5.057916e-02;6.300108e-02;1.075315e-01;5.743882e-02;2.893254e-02
1.236546e-01;1.070704e-01;8.660240e-02;1.330632e-01;6.392124e-02;1.270945e-01;9.874301e-02;4.393846e-02;6.476675e-02;6.398912e-02;5.528760e-02;3.186866e-02
1.052804e-01;1.063116e-01;8.789428e-02;1.120306e-01;6.366640e-02;1.113986e-01;1.165599e-01;5.428090e-02;6.972900e-02;7.220578e-02;5.312391e-02;4.751855e-02
