9.950528e-02;1.492612e-01;9.254923e-02;3.220415e-02;4.720505e-02;7.190382e-02;8.653282e-02;1.132112e-01;1.113068e-01;6.607667e-02;6.339764e-02;6.684630e-02
1.311447e-01;1.402289e-01;7.824539e-02;3.730307e-02;4.350496e-02;5.160293e-02;8.958546e-02;1.277752e-01;1.172152e-01;7.955300e-02;4.294348e-02;6.089767e-02
1.144186e-01;1.060763e-01;5.048602e-02;3.073110e-02;5.431322e-02;5.477025e-02;1.133332e-01;1.393842e-01;9.566709e-02;8.747020e-02;6.292350e-02;9.042633e-02
5.381852e-02;6.465892e-02;3.511306e-02;4.403508e-02;4.338945e-02;7.881750e-02;1.765268e-01;1.308023e-01;6.434198e-02;7.968116e-02;6.956109e-02;1.592541e-01
3.387919e-02;4.735655e-02;2.735491e-02;7.721958e-02;2.475475e-02;7.545081e-02;2.466617e-01;9.054275e-02;5.993912e-02;6.618120e-02;2.989696e-02;2.207625e-01
4.570346e-02;6.831827e-02;3.989037e-02;8.592107e-02;2.299629e-02;5.751761e-02;2.784909e-01;5.541940e-02;4.546779e-02;4.119472e-02;2.302722e-02;2.360529e-01
6.688499e-02;9.500244e-02;5.122790e-02;6.783325e-02;1.621523e-02;8.736378e-02;2.411878e-01;7.719254e-02;4.159784e-02;3.832971e-02;4.070617e-02;1.764583e-01
5.282967e-02;1.132242e-01;7.057048e-02;4.773438e-02;3.454338e-02;1.350151e-01;1.594818e-01;1.240272e-01;8.718497e-02;4.639353e-02;6.618446e-02;6.281079e-02
9.624372e-02;8.002513e-02;5.600376e-02;3.876617e-02;4.694218e-02;1.156317e-01;1.061072e-01;1.429215e-01;9.624103e-02;6.741589e-02;6.406381e-02;8.963802e-02
1.326795e-01;8.978530e-02;6.028879e-02;5.019316e-02;3.877555e-02;6.830446e-02;1.122244e-01;1.435476e-01;8.323410e-02;7.194040e-02;7.709406e-02;7.193264e-02
1.127179e-01;1.024176e-01;6.862923e-02;6.068829e-02;4.245654e-02;5.529961e-02;1.367158e-01;1.494475e-01;5.773431e-02;7.354216e-02;6.202538e-02;7.832576e-02
6.967850e-02;9.518123e-02;7.064363e-02;6.443505e-02;5.188145e-02;6.755289e-02;1.871389e-01;1.181957e-01;4.497936e-02;3.736702e-02;4.154582e-02;1.514004e-01
5.213084e-02;9.649511e-02;9.282242e-02;3.439190e-02;4.053724e-02;8.591067e-02;1.755767e-01;1.052821e-01;6.649432e-02;3.681029e-02;6.600418e-02;1.475442e-01
3.139773e-02;9.853065e-02;8.016619e-02;3.435109e-02;3.050582e-02;8.280022e-02;1.688168e-01;1.162037e-01;1.066227e-01;7.005188e-02;6.488581e-02;1.156674e-01
5.225705e-02;8.265714e-02;6.762882e-02;5.960765e-02;3.549650e-02;1.008289e-01;1.934025e-01;8.304592e-02;1.115560e-01;8.400829e-02;5.000738e-02;7.950380e-02
6.867687e-02;6.700020e-02;9.596997e-02;4.766989e-02;3.669304e-02;8.734246e-02;1.707071e-01;7.930129e-02;1.179395e-01;8.934882e-02;4.535422e-02;9.399664e-02
6.192551e-02;8.059048e-02;9.061140e-02;4.488133e-02;4.455527e-02;9.491400e-02;1.545563e-01;9.426717e-02;1.108318e-01;8.546378e-02;3.084571e-02;1.065572e-01
5.507501e-02;8.971304e-02;9.541461e-02;9.415841e-02;6.608512e-02;1.006001e-01;1.054263e-01;7.585878e-02;7.351804e-02;6.811199e-02;6.097656e-02;1.150621e-01
4.679153e-02;1.826273e-01;1.854511e-01;7.254389e-02;5.768470e-02;7.263617e-02;6.802826e-02;1.025094e-01;5.840487e-02;4.984303e-02;3.996644e-02;6.351328e-02
7.904567e-02;2.082695e-01;1.683377e-01;5.407337e-02;7.549531e-02;6.272599e-02;5.412291e-02;1.345312e-01;6.921216e-02;3.201953e-02;2.709495e-02;3.507169e-02
1.211005e-01;2.083127e-01;1.197925e-01;3.428169e-02;1.196646e-01;3.841212e-02;2.714799e-02;2.111779e-01;6.625845e-02;1.476129e-02;1.884741e-02;2.024282e-02
1.462412e-01;1.353493e-01;5.415072e-02;2.206404e-02;1.598487e-01;2.207495e-02;5.154325e-02;3.156746e-01;5.032878e-02;9.188166e-03;1.485075e-02;1.868559e-02
1.383792e-01;5.356893e-02;3.944006e-02;2.032232e-02;1.538452e-01;3.105656e-02;8.192204e-02;4.105487e-01;2.376665e-02;7.807788e-03;1.470985e-02;2.463278e-02
1.135259e-01;5.969895e-02;4.478307e-02;2.357477e-02;1.115886e-01;3.132702e-02;9.282897e-02;4.668047e-01;2.159324e-02;4.941960e-03;8.115592e-03;2.121727e-02
1.139940e-01;8.100727e-02;6.443858e-02;1.884619e-02;7.792778e-02;2.411809e-02;5.731638e-02;5.088864e-01;1.747720e-02;9.864732e-03;6.800816e-03;1.932258e-02
1.168151e-01;5.708498e-02;6.540468e-02;1.334555e-02;4.965581e-02;2.827013e-02;9.806626e-02;4.992372e-01;2.433412e-02;1.436430e-02;1.587391e-02;1.754796e-02
1.353468e-01;8.465164e-02;5.435188e-02;1.068290e-02;5.589488e-02;2.547668e-02;1.023173e-01;4.336489e-01;3.017347e-02;1.126704e-02;4.084073e-02;1.534779e-02
1.655292e-01;1.166272e-01;6.787822e-02;1.758526e-02;7.229219e-02;2.614305e-02;5.614406e-02;3.257664e-01;2.571066e-02;1.348568e-02;9.126508e-02;2.157298e-02
1.869222e-01;1.428918e-01;6.957050e-02;1.710457e-02;6.496532e-02;3.949364e-02;3.901989e-02;2.336771e-01;2.383561e-02;1.232588e-02;1.293045e-01;4.088904e-02
1.526091e-01;2.609393e-01;1.317960e-01;2.538319e-02;3.924219e-02;3.749562e-02;1.343497e-02;1.318358e-01;4.425488e-02;1.453253e-02;1.026737e-01;4.580282e-02
9.383813e-02;3.702747e-01;1.992366e-01;4.910570e-02;1.843759e-02;5.054468e-02;2.011305e-02;4.499684e-02;5.848503e-02;1.219251e-02;4.688569e-02;3.588951e-02
6.880834e-02;3.473393e-01;2.018748e-01;5.357130e-02;1.231056e-02;4.181502e-02;4.749112e-02;1.216103e-01;4.763124e-02;1.470771e-02;2.566362e-02;1.717667e-02
6.302202e-02;2.503169e-01;1.952814e-01;5.286482e-02;2.800533e-02;3.947290e-02;5.035328e-02;2.252335e-01;3.056527e-02;1.823718e-02;2.590634e-02;2.074101e-02
5.121061e-02;1.327217e-01;1.555603e-01;5.093319e-02;4.529172e-02;5.648724e-02;6.999995e-02;3.278631e-01;3.326955e-02;2.056103e-02;2.534129e-02;3.076028e-02
4.974151e-02;1.110372e-01;1.213271e-01;4.049478e-02;5.650245e-02;4.583555e-02;7.778784e-02;3.474003e-01;4.160057e-02;2.326617e-02;4.974099e-02;3.526551e-02
7.322500e-02;1.870832e-01;1.507722e-01;2.742274e-02;6.163496e-02;3.379504e-02;7.046457e-02;2.474413e-01;3.207090e-02;2.141691e-02;5.710730e-02;3.756587e-02
6.802347e-02;1.781017e-01;2.072743e-01;2.709562e-02;8.408347e-02;6.392694e-02;3.709491e-02;2.026595e-01;3.453084e-02;1.848269e-02;3.442098e-02;4.430562e-02
8.997907e-02;1.870582e-01;2.120171e-01;2.432072e-02;7.894091e-02;5.348942e-02;4.713060e-02;1.483342e-01;4.623057e-02;2.139944e-02;3.226184e-02;5.883802e-02
1.165435e-01;1.765220e-01;1.874978e-01;2.893910e-02;7.496991e-02;5.144168e-02;3.853020e-02;1.533912e-01;3.799221e-02;2.403159e-02;3.486429e-02;7.527660e-02
1.145345e-01;1.137223e-01;1.810774e-01;3.888749e-02;8.044544e-02;7.473466e-02;4.181590e-02;1.771267e-01;3.821906e-02;1.981829e-02;4.129043e-02;7.832786e-02
1.012689e-01;2.428689e-01;2.091782e-01;3.127297e-02;7.157844e-02;4.988953e-02;1.582723e-02;1.321932e-01;3.033014e-02;1.230320e-02;4.647195e-02;5.681725e-02
1.000769e-01;2.607798e-01;1.820997e-01;1.992445e-02;6.906006e-02;6.789910e-02;1.564797e-02;1.526134e-01;4.647201e-02;1.704713e-02;3.326000e-02;3.511938e-02
9.189064e-02;2.076761e-01;1.818965e-01;2.240737e-02;6.336613e-02;8.235923e-02;2.315986e-02;2.117205e-01;5.704930e-02;1.448546e-02;1.964449e-02;2.434431e-02
9.030590e-02;1.295039e-01;1.531754e-01;2.494804e-02;6.345692e-02;5.998312e-02;6.293602e-02;2.731822e-01;5.447857e-02;1.512674e-02;2.387863e-02;4.902450e-02
7.849608e-02;7.761934e-02;1.005744e-01;2.823722e-02;7.205673e-02;8.757290e-02;7.250587e-02;3.015103e-01;7.153333e-02;1.845443e-02;3.157346e-02;5.986596e-02
8.843089e-02;1.398905e-01;1.020955e-01;2.577678e-02;6.763368e-02;7.578876e-02;1.925760e-02;2.999353e-01;8.541293e-02;1.953739e-02;2.948402e-02;4.675671e-02
9.296087e-02;1.930480e-01;1.169626e-01;2.184413e-02;4.830578e-02;3.610180e-02;6.554636e-02;2.634512e-01;7.110042e-02;2.118498e-02;2.518036e-02;4.431336e-02
6.714632e-02;2.241505e-01;1.324094e-01;1.780832e-02;3.595006e-02;4.754785e-02;6.636468e-02;2.318032e-01;4.232700e-02;3.107195e-02;5.226155e-02;5.115917e-02
7.788832e-02;1.790618e-01;1.712014e-01;4.064178e-02;6.679409e-02;7.900921e-02;6.284262e-02;1.231521e-01;5.357520e-02;3.968183e-02;6.792402e-02;3.822761e-02
5.173455e-02;1.190034e-01;1.865207e-01;7.524286e-02;7.920875e-02;1.067753e-01;7.799448e-02;8.775828e-02;5.076585e-02;7.276168e-02;4.609377e-02;4.614041e-02
2.180939e-02;1.206514e-01;1.754218e-01;7.132572e-02;6.120506e-02;1.084553e-01;6.176662e-02;8.861332e-02;8.662879e-02;1.143799e-01;4.143823e-02;4.830427e-02
2.269620e-02;1.862214e-01;1.661343e-01;5.849171e-02;3.765091e-02;9.357087e-02;3.252781e-02;5.324947e-02;1.422007e-01;1.232668e-01;3.022163e-02;5.376832e-02
2.973701e-02;2.339450e-01;1.326741e-01;4.381603e-02;2.444869e-02;7.103765e-02;1.815121e-02;2.676516e-02;2.160484e-01;1.206933e-01;2.695008e-02;5.573329e-02
4.708713e-02;2.245532e-01;9.997487e-02;2.755250e-02;3.510995e-02;4.821476e-02;3.389013e-02;7.399387e-02;2.357147e-01;7.703003e-02;6.495537e-02;3.192341e-02
9.093995e-02;1.782487e-01;7.309734e-02;1.132706e-02;6.842539e-02;3.338239e-02;5.507596e-02;1.663692e-01;1.612831e-01;2.470927e-02;1.200820e-01;1.705956e-02
1.153698e-01;1.550040e-01;4.906988e-02;1.007898e-02;8.015186e-02;3.451676e-02;5.395181e-02;2.486796e-01;9.347554e-02;1.070053e-02;1.369901e-01;1.201111e-02
9.216903e-02;1.445810e-01;4.064288e-02;1.916190e-02;6.968968e-02;5.178272e-02;7.908550e-02;2.948746e-01;8.068921e-02;1.812672e-02;9.790625e-02;1.129047e-02
6.221727e-02;1.452142e-01;6.132009e-02;2.823882e-02;4.894323e-02;6.893756e-02;1.210843e-01;2.496887e-01;1.071994e-01;3.704637e-02;5.055656e-02;1.955349e-02
4.993659e-02;1.424173e-01;7.544854e-02;3.650191e-02;3.438324e-02;7.742352e-02;1.328396e-01;2.013440e-01;1.267095e-01;6.126473e-02;3.205137e-02;2.967959e-02
5.629038e-02;1.349440e-01;7.992801e-02;3.996034e-02;2.792101e-02;6.136297e-02;1.061194e-01;2.004193e-01;1.610209e-01;6.265219e-02;3.758300e-02;3.179844e-02
6.005861e-02;1.110291e-01;8.083569e-02;3.532237e-02;5.635830e-02;1.017493e-01;5.605609e-02;1.914570e-01;1.634883e-01;4.584637e-02;7.538196e-02;2.241688e-02
4.431016e-02;1.264360e-01;1.154602e-01;4.483190e-02;1.033087e-01;1.253116e-01;2.291661e-02;8.998440e-02;1.300796e-01;4.362462e-02;1.159907e-01;3.774548e-02
7.407554e-02;1.275768e-01;1.138141e-01;4.214368e-02;9.160265e-02;1.039877e-01;6.628957e-02;1.047508e-01;8.772950e-02;3.295401e-02;1.107236e-01;4.435202e-02
1.094180e-01;1.367697e-01;1.306977e-01;4.672148e-02;5.080299e-02;7.597735e-02;4.404416e-02;8.393756e-02;1.112326e-01;7.978768e-02;9.095796e-02;3.965293e-02
9.131036e-02;1.566438e-01;1.130845e-01;5.820101e-02;6.645004e-02;1.169222e-01;6.679494e-02;6.851111e-02;6.157146e-02;9.412059e-02;7.701711e-02;2.937284e-02
3.450721e-02;1.516657e-01;1.229836e-01;5.112504e-02;6.430658e-02;1.091621e-01;6.881279e-02;1.100391e-01;1.183055e-01;9.360521e-02;5.705718e-02;1.843001e-02
5.613059e-02;1.425594e-01;1.079084e-01;3.300517e-02;6.469132e-02;7.732825e-02;7.364337e-02;1.526534e-01;1.438151e-01;7.023193e-02;5.968322e-02;1.834997e-02
1.065502e-01;1.135957e-01;8.198977e-02;1.407971e-02;7.235136e-02;3.903899e-02;6.274372e-02;2.364236e-01;1.352797e-01;3.824751e-02;8.794957e-02;1.175021e-02
1.410694e-01;5.725933e-02;5.875018e-02;1.169036e-02;5.926582e-02;2.544658e-02;8.775722e-02;3.435888e-01;7.382270e-02;1.754613e-02;9.942485e-02;2.437865e-02
1.113520e-01;3.822679e-02;3.758435e-02;1.837623e-02;2.734060e-02;5.724692e-02;1.871346e-01;3.238159e-01;3.600258e-02;4.376638e-02;6.249087e-02;5.666275e-02
5.869450e-02;3.574218e-02;2.187493e-02;3.375745e-02;2.181516e-02;1.065556e-01;3.164741e-01;1.859635e-01;1.740560e-02;7.288806e-02;3.918967e-02;8.963931e-02
3.057081e-02;5.107103e-02;1.755108e-02;3.938529e-02;3.307145e-02;1.339534e-01;3.426574e-01;1.142722e-01;2.554969e-02;6.110684e-02;3.745900e-02;1.133517e-01
3.095976e-02;7.096763e-02;3.769998e-02;2.876220e-02;4.835532e-02;9.181831e-02;2.989408e-01;1.208817e-01;4.597667e-02;4.116805e-02;3.354923e-02;1.509203e-01
2.997842e-02;6.395230e-02;4.093527e-02;1.833405e-02;4.830321e-02;7.964397e-02;3.443416e-01;1.106395e-01;4.732075e-02;3.811465e-02;1.951532e-02;1.589210e-01
2.171099e-02;4.457155e-02;2.919969e-02;1.055905e-02;3.854511e-02;1.438291e-01;4.048901e-01;9.545995e-02;4.962115e-02;1.623092e-02;4.101566e-02;1.043667e-01
2.479114e-02;4.834184e-02;2.576872e-02;1.396531e-02;3.757002e-02;2.391273e-01;3.793476e-01;9.490962e-02;4.457572e-02;8.051577e-03;3.515944e-02;4.839169e-02
3.084719e-02;6.786957e-02;2.772882e-02;2.012293e-02;3.069155e-02;2.844161e-01;3.178610e-01;8.862061e-02;3.815943e-02;1.263864e-02;2.062454e-02;6.041952e-02
3.826537e-02;7.775731e-02;2.558928e-02;3.260324e-02;2.410641e-02;2.497511e-01;3.014891e-01;9.266277e-02;3.638827e-02;1.891141e-02;2.454525e-02;7.793057e-02
3.846666e-02;8.056568e-02;6.191954e-02;3.693188e-02;2.423964e-02;1.996818e-01;2.291825e-01;1.258203e-01;6.323559e-02;3.432850e-02;4.700167e-02;5.862619e-02
2.736624e-02;8.767015e-02;9.695229e-02;3.108572e-02;3.399801e-02;1.972916e-01;7.807313e-02;1.342528e-01;1.073209e-01;5.251718e-02;6.064512e-02;9.282692e-02
5.672421e-02;1.024403e-01;9.877437e-02;2.537447e-02;2.512303e-02;2.024811e-01;1.088548e-01;8.697484e-02;9.082995e-02;6.282286e-02;6.546805e-02;7.413201e-02
7.957365e-02;8.544018e-02;8.720337e-02;2.546158e-02;1.607450e-02;2.360827e-01;1.482577e-01;7.424659e-02;6.274830e-02;5.677594e-02;5.302091e-02;7.511454e-02
6.873406e-02;7.404393e-02;7.962625e-02;3.533490e-02;2.871875e-02;2.606502e-01;8.601099e-02;9.713062e-02;5.500907e-02;8.179817e-02;5.243203e-02;8.051103e-02
4.411503e-02;7.992134e-02;7.476199e-02;2.870635e-02;3.944980e-02;2.248738e-01;1.214757e-01;1.133199e-01;6.166185e-02;7.674283e-02;6.451678e-02;7.045471e-02
3.536033e-02;1.254630e-01;1.066585e-01;2.468070e-02;4.676773e-02;1.651353e-01;1.654443e-01;1.068516e-01;6.291302e-02;3.310848e-02;5.269922e-02;7.491786e-02
5.031767e-02;1.050112e-01;8.969437e-02;2.394709e-02;2.832094e-02;1.815445e-01;2.220843e-01;9.764434e-02;6.127758e-02;4.739280e-02;2.233287e-02;7.043231e-02
5.751938e-02;5.807711e-02;4.642212e-02;2.238092e-02;3.723440e-02;2.452834e-01;2.314879e-01;1.078846e-01;7.793711e-02;3.651891e-02;2.110320e-02;5.815085e-02
6.166051e-02;8.265606e-02;4.362785e-02;2.062195e-02;5.049594e-02;2.373256e-01;1.659184e-01;1.479156e-01;6.601011e-02;2.971141e-02;4.548328e-02;4.857337e-02
7.680085e-02;1.340751e-01;5.848536e-02;2.469436e-02;5.752034e-02;1.264258e-01;1.078084e-01;1.642576e-01;6.070576e-02;6.090070e-02;5.595318e-02;7.237253e-02
5.075065e-02;1.154892e-01;3.761736e-02;3.546083e-02;4.805940e-02;1.732904e-01;1.308464e-01;1.680517e-01;4.817508e-02;7.132670e-02;6.982292e-02;5.110937e-02
4.602193e-02;8.590204e-02;4.644907e-02;3.347121e-02;4.853869e-02;2.315688e-01;7.691803e-02;2.039187e-01;6.849679e-02;4.344117e-02;5.233084e-02;6.294269e-02
4.525143e-02;6.924650e-02;4.716436e-02;2.682218e-02;3.089288e-02;2.465783e-01;1.266457e-01;1.807316e-01;1.019537e-01;2.725975e-02;3.057446e-02;6.687904e-02
4.700540e-02;1.080749e-01;6.283462e-02;1.697595e-02;5.121764e-02;2.098719e-01;1.567460e-01;8.993892e-02;1.177984e-01;4.207494e-02;2.921923e-02;6.824206e-02
4.015128e-02;1.248673e-01;1.029192e-01;2.561149e-02;4.046552e-02;1.190577e-01;1.363714e-01;1.846930e-01;9.771641e-02;5.172320e-02;2.006565e-02;5.635788e-02
3.902936e-02;1.382241e-01;1.726370e-01;3.541311e-02;1.943602e-02;1.176099e-01;1.820547e-01;1.570256e-01;6.644649e-02;3.078213e-02;6.728916e-03;3.461278e-02
3.920811e-02;2.043885e-01;2.062303e-01;2.972789e-02;3.059976e-02;1.264082e-01;1.369629e-01;1.054428e-01;4.649416e-02;4.154389e-02;9.473270e-03;2.352018e-02
4.928676e-02;2.826401e-01;1.967468e-01;1.721690e-02;5.743660e-02;9.631050e-02;1.094334e-01;5.983580e-02;3.896350e-02;6.341671e-02;9.694785e-03;1.901817e-02
7.204178e-02;2.976472e-01;1.824303e-01;9.639632e-03;9.980609e-02;5.796897e-02;7.940707e-02;8.131091e-02;2.763396e-02;5.270965e-02;1.701395e-02;2.239045e-02
1.029629e-01;2.452452e-01;1.426837e-01;1.877829e-02;1.302169e-01;4.676070e-02;6.078792e-02;1.478231e-01;3.518465e-02;3.068903e-02;1.633768e-02;2.253006e-02
1.338556e-01;2.059167e-01;8.719253e-02;2.109750e-02;9.947460e-02;6.551788e-02;1.083145e-01;1.501513e-01;5.529558e-02;2.628650e-02;1.655946e-02;3.033770e-02
1.294516e-01;2.237090e-01;1.145944e-01;2.203217e-02;4.335305e-02;1.265464e-01;9.637369e-02;7.877054e-02;6.939509e-02;3.871131e-02;2.264160e-02;3.442110e-02
1.119898e-01;2.091833e-01;9.016410e-02;4.836135e-02;2.012976e-02;1.595552e-01;1.102447e-01;8.211578e-02;7.249410e-02;3.765284e-02;1.868820e-02;3.942077e-02
9.037837e-02;1.623957e-01;7.990024e-02;6.457584e-02;2.773108e-02;1.788956e-01;1.360309e-01;1.182402e-01;5.426554e-02;2.527092e-02;1.634976e-02;4.596573e-02
1.042741e-01;1.668479e-01;1.216812e-01;4.729609e-02;2.750616e-02;1.619336e-01;1.057640e-01;1.439384e-01;4.288634e-02;1.640635e-02;1.514055e-02;4.632521e-02
1.340328e-01;2.318791e-01;1.595152e-01;2.072129e-02;3.278404e-02;8.791193e-02;9.406829e-02;1.228551e-01;4.161978e-02;1.929415e-02;1.262932e-02;4.268891e-02
1.749759e-01;2.188029e-01;1.016878e-01;1.652957e-02;2.631021e-02;5.431612e-02;1.012874e-01;1.487287e-01;6.360302e-02;2.632115e-02;1.627602e-02;5.116114e-02
1.723748e-01;2.432201e-01;1.022736e-01;2.493456e-02;2.553203e-02;6.606695e-02;5.599814e-02;1.514554e-01;6.404094e-02;2.853352e-02;2.256122e-02;4.300876e-02
1.524539e-01;2.460738e-01;1.593439e-01;2.041022e-02;2.981980e-02;6.965303e-02;2.379750e-02;1.634334e-01;5.452744e-02;2.280329e-02;1.758351e-02;4.010016e-02
1.494607e-01;2.618902e-01;1.439402e-01;2.135578e-02;3.881587e-02;7.758179e-02;1.281152e-02;1.947905e-01;4.006685e-02;1.695009e-02;1.642485e-02;2.591164e-02
1.478324e-01;2.402111e-01;1.407150e-01;2.183834e-02;4.312105e-02;8.066822e-02;1.919573e-02;2.103720e-01;3.269041e-02;1.531636e-02;1.404429e-02;3.399502e-02
1.147900e-01;1.875696e-01;1.210219e-01;1.928539e-02;4.631372e-02;1.020186e-01;1.021631e-01;1.876317e-01;6.383613e-02;1.266328e-02;1.743587e-02;2.527062e-02
9.591074e-02;1.791987e-01;1.085971e-01;2.280521e-02;4.074299e-02;1.155449e-01;1.207020e-01;1.737828e-01;8.214286e-02;1.598878e-02;1.901069e-02;2.557343e-02
1.463230e-01;1.347319e-01;5.078777e-02;2.332944e-02;2.858309e-02;1.271100e-01;5.167483e-02;2.300200e-01;1.196795e-01;2.794137e-02;1.722852e-02;4.259053e-02
1.381012e-01;1.240062e-01;6.727026e-02;2.160516e-02;1.537737e-02;1.203492e-01;9.813445e-02;1.822315e-01;1.486620e-01;2.817485e-02;9.699341e-03;4.638862e-02
1.390143e-01;1.642299e-01;7.549970e-02;1.729521e-02;9.612401e-03;1.572077e-01;1.795527e-02;1.560682e-01;1.761500e-01;3.643857e-02;8.321553e-03;4.220717e-02
1.283118e-01;1.385263e-01;4.440355e-02;1.480525e-02;1.466777e-02;1.944900e-01;6.241155e-02;1.569522e-01;1.519255e-01;4.990567e-02;1.056347e-02;3.303704e-02
1.078581e-01;9.920794e-02;2.995690e-02;2.648519e-02;1.933791e-02;2.285183e-01;8.018675e-02;1.923382e-01;1.177051e-01;5.946673e-02;6.939914e-03;3.199898e-02
6.895055e-02;7.158475e-02;3.447283e-02;6.639593e-02;1.796874e-02;1.962849e-01;1.136036e-01;2.552647e-01;7.375833e-02;6.398129e-02;4.326059e-03;3.340821e-02
3.116801e-02;7.026391e-02;3.497484e-02;1.290683e-01;1.410322e-02;1.115286e-01;1.569844e-01;2.934778e-01;4.311743e-02;6.414807e-02;4.562250e-03;4.660315e-02
2.412512e-02;7.825200e-02;2.229468e-02;1.622023e-01;1.239101e-02;4.736192e-02;2.158185e-01;2.576715e-01;3.102848e-02;5.571554e-02;6.199961e-03;8.693907e-02
2.519587e-02;1.164602e-01;1.394982e-02;1.619323e-01;7.232094e-03;2.193115e-02;2.629772e-01;1.714229e-01;2.093886e-02;3.965345e-02;9.512428e-03;1.487938e-01
2.212607e-02;1.521316e-01;1.652794e-02;1.387148e-01;6.861589e-03;2.029412e-02;2.863559e-01;7.761969e-02;1.432900e-02;3.106504e-02;1.089784e-02;2.230764e-01
1.346300e-02;1.512564e-01;1.697532e-02;1.146744e-01;1.103351e-02;3.391529e-02;2.760415e-01;4.574791e-02;1.479128e-02;2.889858e-02;1.265664e-02;2.805463e-01
1.854036e-02;1.192411e-01;2.650463e-02;8.783033e-02;2.562405e-02;4.074021e-02;2.515928e-01;3.873559e-02;1.495762e-02;2.593178e-02;3.979297e-02;3.105086e-01
1.654147e-02;8.142258e-02;4.388567e-02;5.949738e-02;5.897737e-02;5.506330e-02;2.237608e-01;4.743721e-02;3.643660e-02;1.870982e-02;6.254187e-02;2.957259e-01
2.013525e-02;4.661099e-02;6.820894e-02;3.329929e-02;9.707823e-02;9.314659e-02;1.871227e-01;5.230394e-02;5.842269e-02;1.982766e-02;1.318254e-01;1.920183e-01
4.339684e-02;3.095222e-02;7.909545e-02;1.727686e-02;8.459707e-02;1.385860e-01;1.234645e-01;4.586540e-02;6.969584e-02;2.118983e-02;2.296267e-01;1.162533e-01
6.862882e-02;3.799336e-02;9.873920e-02;9.912363e-03;4.568889e-02;1.957267e-01;5.042619e-02;4.340623e-02;6.745493e-02;1.642138e-02;3.044475e-01;6.115440e-02
1.040757e-01;4.148948e-02;1.014358e-01;1.078080e-02;2.335204e-02;2.406442e-01;6.251696e-02;4.103381e-02;4.371264e-02;2.435010e-02;2.744845e-01;3.212393e-02
1.384360e-01;4.282829e-02;9.552269e-02;1.805548e-02;4.410409e-02;2.740853e-01;2.381404e-02;3.473870e-02;3.291658e-02;3.396761e-02;2.147116e-01;4.681972e-02
1.265402e-01;4.501405e-02;8.438984e-02;5.101020e-02;8.390452e-02;2.308331e-01;7.951358e-02;4.526804e-02;4.147838e-02;3.198731e-02;1.324321e-01;4.762866e-02
1.049209e-01;7.446236e-02;8.149090e-02;7.107471e-02;1.010504e-01;1.416384e-01;1.378501e-01;6.702481e-02;6.149715e-02;3.356154e-02;6.740720e-02;5.802164e-02
1.078135e-01;6.313367e-02;5.548603e-02;4.510726e-02;5.210146e-02;1.729131e-01;1.314051e-01;5.818065e-02;7.327710e-02;2.581347e-02;1.323006e-01;8.246798e-02
1.004940e-01;5.256965e-02;4.215588e-02;1.935663e-02;2.195827e-02;2.239920e-01;8.474138e-02;7.268611e-02;6.480210e-02;2.936334e-02;1.818614e-01;1.060192e-01
7.253764e-02;4.869578e-02;3.074332e-02;1.904830e-02;2.336354e-02;2.644233e-01;1.447830e-01;5.413625e-02;5.253957e-02;2.731054e-02;1.891271e-01;7.329170e-02
7.791661e-02;7.591756e-02;5.459489e-02;2.734357e-02;2.861017e-02;2.526228e-01;1.125908e-01;5.376652e-02;7.138582e-02;1.960619e-02;1.770706e-01;4.857453e-02
1.183060e-01;9.829178e-02;7.598966e-02;3.891306e-02;1.918655e-02;1.779192e-01;7.478306e-02;5.581985e-02;7.459235e-02;3.055408e-02;1.618035e-01;7.384090e-02
1.285887e-01;8.676773e-02;8.608904e-02;3.158787e-02;3.150982e-02;1.620563e-01;6.827926e-02;5.970261e-02;8.293979e-02;3.280211e-02;1.780251e-01;5.165165e-02
1.023304e-01;8.895070e-02;8.507497e-02;3.583306e-02;2.829402e-02;1.557566e-01;5.631402e-02;8.145542e-02;9.446716e-02;5.414636e-02;1.645440e-01;5.283318e-02
7.263657e-02;1.148880e-01;5.719189e-02;4.151840e-02;2.551250e-02;1.600905e-01;5.495618e-02;1.147624e-01;1.079596e-01;5.413510e-02;1.245589e-01;7.178991e-02
4.876532e-02;1.361593e-01;9.100603e-02;3.139640e-02;3.478141e-02;1.797586e-01;3.599866e-02;1.309155e-01;1.055476e-01;3.092482e-02;8.851296e-02;8.623343e-02
6.170666e-02;1.150940e-01;9.178980e-02;2.703879e-02;4.013142e-02;1.378817e-01;8.951736e-02;1.150997e-01;8.184173e-02;2.414661e-02;1.310606e-01;8.469164e-02
5.700746e-02;1.196391e-01;9.046167e-02;2.818950e-02;3.618258e-02;1.098451e-01;1.461182e-01;8.941993e-02;6.510191e-02;2.212360e-02;1.564638e-01;7.944717e-02
3.509060e-02;1.102531e-01;7.932060e-02;3.528314e-02;5.566029e-02;1.569539e-01;1.145765e-01;9.350573e-02;6.164866e-02;2.178021e-02;1.454739e-01;9.045327e-02
3.899099e-02;9.655052e-02;7.127181e-02;4.354489e-02;7.509299e-02;1.731225e-01;6.654511e-02;1.149801e-01;8.293068e-02;2.867640e-02;1.264921e-01;8.180184e-02
3.419479e-02;9.934469e-02;1.033321e-01;6.415723e-02;3.493174e-02;1.303477e-01;1.042195e-01;1.008358e-01;8.679124e-02;2.690255e-02;1.418741e-01;7.306856e-02
3.851204e-02;8.700586e-02;1.037128e-01;6.214805e-02;3.953928e-02;1.307189e-01;1.292164e-01;7.349682e-02;9.267963e-02;3.177310e-02;1.220599e-01;8.913724e-02
4.727077e-02;7.857373e-02;8.387932e-02;2.846840e-02;4.875785e-02;1.512915e-01;1.795751e-01;4.197459e-02;9.724179e-02;3.362649e-02;1.184401e-01;9.090034e-02
4.590039e-02;5.888139e-02;9.973756e-02;1.448527e-02;4.500889e-02;1.840143e-01;1.577307e-01;4.628638e-02;9.679823e-02;2.463099e-02;1.583609e-01;6.816498e-02
7.247947e-02;5.021131e-02;1.153942e-01;2.544039e-02;3.267346e-02;2.416410e-01;6.967978e-02;4.298535e-02;6.579465e-02;2.538181e-02;1.939657e-01;6.435284e-02
1.127164e-01;4.265424e-02;9.211712e-02;3.584313e-02;3.584448e-02;2.663304e-01;6.399149e-02;3.339661e-02;4.754389e-02;2.702951e-02;1.977440e-01;4.478872e-02
1.325275e-01;3.739536e-02;5.401793e-02;5.764299e-02;6.658807e-02;2.983320e-01;3.810078e-02;3.354214e-02;4.604131e-02;3.462425e-02;1.703537e-01;3.083408e-02
1.222401e-01;3.700384e-02;3.246381e-02;8.598428e-02;8.355340e-02;3.481943e-01;3.497278e-02;4.439838e-02;4.820209e-02;4.652271e-02;9.391522e-02;2.254899e-02
6.563707e-02;4.882697e-02;4.319334e-02;1.060801e-01;9.403742e-02;3.587281e-01;2.085995e-02;6.963249e-02;5.080343e-02;5.316462e-02;6.494673e-02;2.408984e-02
2.002694e-02;6.090409e-02;3.891169e-02;1.018094e-01;1.067961e-01;3.346519e-01;5.119278e-02;6.131582e-02;5.852157e-02;4.534368e-02;8.294163e-02;3.758439e-02
2.466960e-02;5.439974e-02;3.079744e-02;7.406869e-02;1.034978e-01;3.034899e-01;6.387554e-02;6.101729e-02;7.997190e-02;6.392409e-02;5.726274e-02;8.302524e-02
3.156004e-02;4.248261e-02;3.198269e-02;5.478479e-02;9.236224e-02;2.736386e-01;2.940120e-02;9.724704e-02;1.195929e-01;9.080849e-02;4.048371e-02;9.565558e-02
3.448054e-02;7.598642e-02;6.227657e-02;4.529331e-02;5.637465e-02;2.289275e-01;5.696569e-02;8.877604e-02;1.218857e-01;7.915691e-02;7.405410e-02;7.582263e-02
3.951012e-02;7.869009e-02;7.645917e-02;4.010948e-02;3.610408e-02;1.959931e-01;9.775712e-02;6.870148e-02;9.861470e-02;5.879110e-02;1.433072e-01;6.596234e-02
3.868331e-02;7.054985e-02;6.999535e-02;2.493584e-02;3.408541e-02;1.668360e-01;8.601430e-02;9.280156e-02;1.253705e-01;5.636686e-02;1.517453e-01;8.261566e-02
4.172158e-02;7.170486e-02;6.027952e-02;4.071338e-02;3.407677e-02;1.470603e-01;9.679975e-02;1.327451e-01;1.366570e-01;4.453717e-02;1.054453e-01;8.825921e-02
4.387364e-02;5.674613e-02;4.725996e-02;5.288514e-02;5.777419e-02;1.706788e-01;1.042756e-01;1.156159e-01;1.213844e-01;4.666361e-02;1.008314e-01;8.201131e-02
7.376745e-02;6.209613e-02;4.120149e-02;5.330919e-02;7.006031e-02;1.794106e-01;5.137955e-02;1.065026e-01;1.302120e-01;5.317671e-02;1.081547e-01;7.072928e-02
7.263196e-02;9.507883e-02;6.099763e-02;4.169180e-02;6.121530e-02;1.830251e-01;3.998840e-02;1.019256e-01;1.387961e-01;6.143726e-02;9.291511e-02;5.029698e-02
4.017168e-02;8.273505e-02;7.021590e-02;5.044080e-02;1.182251e-01;2.088864e-01;7.262547e-02;9.805438e-02;1.049901e-01;5.996345e-02;4.958374e-02;4.410797e-02
3.174375e-02;5.278310e-02;1.093239e-01;9.228673e-02;1.640014e-01;2.002799e-01;8.198376e-02;8.221751e-02;8.861870e-02;4.826188e-02;1.835068e-02;3.014854e-02
2.961958e-02;3.482552e-02;1.152543e-01;1.415609e-01;1.940269e-01;1.632056e-01;4.975859e-02;7.460393e-02;1.160475e-01;4.254679e-02;2.018753e-02;1.836289e-02
1.919648e-02;2.747932e-02;8.921065e-02;1.892215e-01;1.967241e-01;1.270691e-01;6.375217e-02;6.782550e-02;1.398234e-01;3.973070e-02;2.669394e-02;1.327323e-02
2.006039e-02;1.978420e-02;6.289002e-02;2.005311e-01;2.211450e-01;1.295673e-01;6.854254e-02;7.562374e-02;1.294232e-01;2.834584e-02;2.658312e-02;1.750348e-02
2.970745e-02;1.555485e-02;5.699049e-02;2.133250e-01;1.966875e-01;1.268664e-01;6.170285e-02;7.988844e-02;1.329693e-01;3.410603e-02;3.212235e-02;2.007930e-02
3.896409e-02;1.624322e-02;3.799396e-02;2.199857e-01;1.647308e-01;1.217888e-01;7.719454e-02;8.971165e-02;1.425225e-01;3.583601e-02;3.743875e-02;1.758997e-02
4.070320e-02;1.760295e-02;3.788134e-02;2.309903e-01;1.808670e-01;1.037943e-01;8.378444e-02;8.595469e-02;1.398107e-01;2.992097e-02;3.485368e-02;1.383645e-02
3.938996e-02;1.971150e-02;2.881467e-02;2.730156e-01;1.825331e-01;6.024429e-02;7.253964e-02;9.498666e-02;1.544725e-01;2.554844e-02;3.654460e-02;1.219908e-02
4.099899e-02;2.314098e-02;6.304181e-02;2.607695e-01;1.711837e-01;5.891136e-02;5.565878e-02;1.005100e-01;1.646794e-01;2.478294e-02;2.078651e-02;1.553598e-02
4.387574e-02;2.558316e-02;8.675091e-02;2.364650e-01;1.251504e-01;5.156474e-02;4.669970e-02;1.351935e-01;1.927008e-01;2.274495e-02;1.135251e-02;2.191859e-02
4.740531e-02;2.541575e-02;1.061710e-01;1.719176e-01;6.563454e-02;3.431635e-02;5.693035e-02;2.165303e-01;2.000033e-01;2.371975e-02;2.090713e-02;3.104870e-02
4.071222e-02;5.648008e-02;1.025388e-01;9.755117e-02;5.859791e-02;8.223164e-02;5.705297e-02;2.427317e-01;1.771691e-01;2.935412e-02;2.642260e-02;2.915771e-02
3.431520e-02;7.070383e-02;6.861065e-02;7.725356e-02;4.762514e-02;1.494233e-01;3.322136e-02;2.119047e-01;1.930385e-01;3.074235e-02;5.657277e-02;2.658864e-02
3.583549e-02;5.473030e-02;1.023223e-01;1.240621e-01;2.361728e-02;1.905625e-01;1.927062e-02;1.393564e-01;1.674106e-01;2.735140e-02;7.184488e-02;4.363617e-02
3.501171e-02;4.357425e-02;6.725772e-02;1.546479e-01;1.146876e-01;2.024720e-01;2.066200e-02;1.217658e-01;1.280833e-01;2.447635e-02;4.638350e-02;4.097788e-02
2.585172e-02;5.948771e-02;8.047473e-02;1.675526e-01;1.100961e-01;1.407945e-01;2.970090e-02;1.148002e-01;1.658782e-01;3.502232e-02;4.317889e-02;2.716203e-02
2.252382e-02;6.145419e-02;7.637952e-02;1.656829e-01;1.297102e-01;9.141789e-02;2.783404e-02;1.276817e-01;1.927964e-01;3.203226e-02;4.809471e-02;2.439222e-02
2.452066e-02;4.434223e-02;4.228398e-02;1.680380e-01;1.467805e-01;7.187587e-02;3.658337e-02;1.300503e-01;2.210178e-01;3.311659e-02;5.418783e-02;2.720290e-02
2.386539e-02;5.251990e-02;7.315551e-02;1.366082e-01;1.411821e-01;1.018683e-01;4.933659e-02;1.080224e-01;2.023630e-01;4.437155e-02;4.553905e-02;2.116813e-02
2.134528e-02;7.001876e-02;7.235216e-02;7.878727e-02;1.654947e-01;1.646503e-01;3.758825e-02;1.022216e-01;1.682491e-01;6.969744e-02;3.033456e-02;1.926065e-02
1.717805e-02;8.406498e-02;6.632091e-02;5.359821e-02;1.786037e-01;1.206767e-01;3.473229e-02;1.219184e-01;1.760544e-01;9.062754e-02;2.426470e-02;3.196009e-02
2.055731e-02;9.050227e-02;3.844600e-02;3.771553e-02;1.783935e-01;1.115991e-01;3.408180e-02;1.148007e-01;1.854499e-01;1.048727e-01;3.671172e-02;4.686956e-02
1.771411e-02;9.091900e-02;5.080523e-02;2.976149e-02;1.387710e-01;1.334600e-01;4.335382e-02;1.397563e-01;1.727215e-01;8.880781e-02;3.934551e-02;5.458430e-02
3.218051e-02;1.189401e-01;7.977320e-02;2.750392e-02;8.862675e-02;1.319914e-01;5.513201e-02;1.474222e-01;1.549080e-01;6.598428e-02;4.706926e-02;5.046833e-02
4.865692e-02;1.057036e-01;8.725949e-02;3.435634e-02;6.208681e-02;1.514937e-01;4.005039e-02;1.335290e-01;1.815477e-01;6.182409e-02;4.608899e-02;4.740290e-02
5.108481e-02;7.659299e-02;3.772098e-02;5.633249e-02;6.120650e-02;1.765374e-01;2.751175e-02;1.144165e-01;2.000198e-01;4.312923e-02;8.504428e-02;7.040323e-02
5.066362e-02;8.455776e-02;6.546374e-02;5.347444e-02;7.709719e-02;1.632389e-01;3.799321e-02;9.396444e-02;1.803484e-01;3.331473e-02;9.161896e-02;6.826460e-02
4.034169e-02;9.088540e-02;6.426584e-02;3.823826e-02;6.032306e-02;1.602280e-01;5.502167e-02;1.381191e-01;1.842700e-01;3.944143e-02;8.112605e-02;4.773953e-02
4.420364e-02;1.045263e-01;6.112285e-02;6.800581e-02;2.979497e-02;1.676477e-01;1.947667e-02;1.573863e-01;1.929984e-01;4.579247e-02;7.744295e-02;3.160200e-02
