6.321583e-02;5.672221e-02;8.813342e-02;1.227261e-01;9.055377e-02;5.620953e-02;6.577937e-02;4.998438e-02;9.541528e-02;9.734783e-02;1.188493e-01;9.506302e-02
5.922039e-02;6.132841e-02;9.946951e-02;1.428754e-01;8.541541e-02;5.028487e-02;7.231807e-02;5.495333e-02;9.407263e-02;8.817504e-02;1.138607e-01;7.802634e-02
9.523448e-02;1.034459e-01;1.267945e-01;1.142357e-01;5.942344e-02;5.971288e-02;5.756735e-02;6.175492e-02;8.321144e-02;6.208849e-02;1.021353e-01;7.439552e-02
1.069437e-01;9.805501e-02;1.531148e-01;8.757920e-02;8.905133e-02;6.980944e-02;6.362236e-02;4.392524e-02;7.670405e-02;4.438784e-02;9.872832e-02;6.807868e-02
1.246789e-01;7.285622e-02;1.677193e-01;5.669424e-02;1.005890e-01;7.018200e-02;6.204339e-02;2.663532e-02;8.994868e-02;5.782607e-02;1.042693e-01;6.655759e-02
1.210904e-01;1.064769e-01;1.277343e-01;5.658785e-02;9.885529e-02;5.213456e-02;5.421249e-02;2.305407e-02;9.693266e-02;1.108599e-01;8.363742e-02;6.842426e-02
7.920518e-02;1.442698e-01;8.428597e-02;9.624128e-02;7.508467e-02;4.373644e-02;3.984881e-02;3.656969e-02;7.232692e-02;1.531103e-01;1.242904e-01;5.103066e-02
3.714626e-02;1.723972e-01;5.494190e-02;8.663804e-02;4.312727e-02;7.199439e-02;4.165619e-02;4.419117e-02;3.700903e-02;2.197702e-01;1.510101e-01;4.011835e-02
5.103397e-02;1.809525e-01;6.008048e-02;4.590006e-02;3.461316e-02;7.749666e-02;5.965615e-02;3.169997e-02;1.096826e-01;2.430679e-01;6.020229e-02;4.561426e-02
3.097190e-02;1.451372e-01;7.544042e-02;5.678936e-02;5.790620e-02;8.368304e-02;6.650200e-02;3.300964e-02;1.375459e-01;1.944015e-01;6.748885e-02;5.112400e-02
4.117616e-02;1.321615e-01;7.593583e-02;7.895126e-02;1.043452e-01;6.499355e-02;8.495305e-02;5.989001e-02;1.045845e-01;1.387732e-01;6.095626e-02;5.327955e-02
4.059399e-02;1.198350e-01;9.707654e-02;1.480539e-01;1.293965e-01;7.086102e-02;6.510749e-02;8.970701e-02;7.038648e-02;9.841783e-02;4.225879e-02;2.830545e-02
5.371067e-02;8.902393e-02;1.465755e-01;1.062837e-01;1.534130e-01;8.330430e-02;3.781917e-02;6.315376e-02;8.364780e-02;8.854903e-02;7.047457e-02;2.404459e-02
7.046720e-02;9.891032e-02;1.340428e-01;7.562964e-02;1.951085e-01;6.812510e-02;3.440143e-02;3.920711e-02;6.794841e-02;1.041240e-01;7.712413e-02;3.491132e-02
5.055730e-02;1.088863e-01;1.504643e-01;4.859455e-02;2.169340e-01;5.840998e-02;2.988489e-02;5.785760e-02;5.660330e-02;1.229163e-01;7.299907e-02;2.589239e-02
3.278698e-02;7.660636e-02;1.298783e-01;1.354541e-01;1.547433e-01;6.013818e-02;7.142979e-02;5.612341e-02;4.891945e-02;1.190143e-01;6.404272e-02;5.086312e-02
3.053638e-02;7.025022e-02;1.096666e-01;9.562572e-02;1.719341e-01;1.364662e-01;1.152573e-01;4.713916e-02;4.582150e-02;6.061654e-02;6.038606e-02;5.630024e-02
4.809580e-02;4.248673e-02;1.380971e-01;6.471116e-02;1.472229e-01;1.346697e-01;1.025837e-01;7.163705e-02;9.500958e-02;5.117184e-02;5.178931e-02;5.252509e-02
4.213836e-02;6.871602e-02;1.370798e-01;5.736877e-02;1.276256e-01;1.402889e-01;9.980500e-02;5.265816e-02;1.040713e-01;6.570554e-02;5.725389e-02;4.728869e-02
4.425766e-02;8.126891e-02;1.350034e-01;6.281383e-02;1.290947e-01;1.262467e-01;1.056719e-01;5.015575e-02;9.732968e-02;7.876342e-02;5.631891e-02;3.307513e-02
8.883437e-02;5.154019e-02;1.004421e-01;6.127242e-02;1.006764e-01;7.169694e-02;9.815595e-02;1.206368e-01;1.145407e-01;9.180525e-02;4.359047e-02;5.680835e-02
1.126657e-01;6.843048e-02;7.351039e-02;5.879905e-02;4.056803e-02;2.231546e-02;1.299664e-01;1.358788e-01;1.095334e-01;7.160094e-02;6.033157e-02;1.163999e-01
9.446093e-02;5.393546e-02;9.259291e-02;6.531938e-02;1.564866e-02;3.250674e-02;1.434577e-01;1.064595e-01;7.642005e-02;5.233129e-02;1.017556e-01;1.651117e-01
6.356121e-02;3.210230e-02;1.694628e-01;4.810229e-02;1.185161e-02;6.540237e-02;1.128915e-01;4.965608e-02;4.134374e-02;3.294423e-02;2.247525e-01;1.479294e-01
3.428249e-02;6.155116e-02;2.129945e-01;2.627036e-02;1.343268e-02;7.908604e-02;6.500767e-02;1.439116e-02;3.203363e-02;6.237305e-02;3.187276e-01;7.984959e-02
4.910010e-02;7.488196e-02;2.019208e-01;1.810394e-02;1.278078e-02;9.731641e-02;4.560142e-02;1.246482e-02;2.337300e-02;7.556786e-02;3.620363e-01;2.685260e-02
7.254001e-02;3.573025e-02;2.242899e-01;8.108716e-03;1.615555e-02;1.147649e-01;2.921323e-02;8.771827e-03;1.500431e-02;4.285388e-02;4.180274e-01;1.454011e-02
6.754909e-02;2.670089e-02;2.350415e-01;1.043673e-02;1.537512e-02;1.090066e-01;1.164584e-02;6.087686e-03;1.148838e-02;3.185626e-02;4.499648e-01;2.484706e-02
6.377649e-02;1.141019e-02;2.385253e-01;8.410985e-03;9.280301e-03;1.053562e-01;1.006870e-02;6.533520e-03;1.264725e-02;1.776645e-02;4.893367e-01;2.688790e-02
4.625298e-02;1.830148e-02;2.102035e-01;5.451816e-03;5.870362e-03;9.849827e-02;1.610041e-02;8.085234e-03;2.256462e-02;3.738067e-02;5.012272e-01;3.006343e-02
3.516147e-02;1.107218e-02;1.789443e-01;2.662799e-03;8.636384e-03;1.003471e-01;3.042412e-02;9.373930e-03;2.979023e-02;3.079892e-02;5.268742e-01;3.591442e-02
3.085673e-02;9.654426e-03;1.449225e-01;6.791629e-03;1.247706e-02;1.204509e-01;3.313733e-02;1.248298e-02;3.137327e-02;2.335332e-02;5.213444e-01;5.315538e-02
3.671778e-02;1.555279e-02;9.527905e-02;1.983617e-02;1.358717e-02;1.287506e-01;9.354320e-02;2.944143e-02;3.187241e-02;3.793383e-02;3.618816e-01;1.356039e-01
4.564798e-02;2.205475e-02;5.707946e-02;2.855555e-02;1.461227e-02;1.402798e-01;1.995981e-01;4.453745e-02;3.221938e-02;3.576287e-02;1.687438e-01;2.109086e-01
4.798804e-02;2.425757e-02;3.109692e-02;3.481596e-02;1.553522e-02;1.534506e-01;2.355483e-01;4.444909e-02;3.664422e-02;4.319546e-02;1.372500e-01;1.957685e-01
3.651481e-02;3.116971e-02;7.358379e-02;3.118218e-02;1.240685e-02;1.426971e-01;1.552538e-01;1.618764e-02;4.609269e-02;5.309419e-02;2.915606e-01;1.102567e-01
5.822455e-02;2.057368e-02;1.009957e-01;2.529297e-02;1.906364e-02;1.119853e-01;9.264117e-02;2.296421e-02;3.460309e-02;4.855822e-02;3.076066e-01;1.574909e-01
4.171039e-02;1.874473e-02;1.290348e-01;1.834733e-02;2.900419e-02;1.378166e-01;1.040229e-01;2.241027e-02;4.238164e-02;6.410883e-02;2.457004e-01;1.467180e-01
5.417979e-02;1.810863e-02;1.424731e-01;1.679482e-02;2.265982e-02;1.814905e-01;1.407532e-01;3.134540e-02;4.615616e-02;7.810344e-02;1.839690e-01;8.396617e-02
7.954193e-02;2.093519e-02;7.292449e-02;1.748222e-02;2.211008e-02;1.439634e-01;2.483008e-01;5.494503e-02;4.324574e-02;7.358810e-02;1.423137e-01;8.064935e-02
9.743911e-02;2.621075e-02;2.902959e-02;1.576153e-02;1.621479e-02;8.477341e-02;3.857441e-01;4.097242e-02;4.962583e-02;5.079283e-02;8.029562e-02;1.231401e-01
7.561802e-02;2.057574e-02;2.126691e-02;1.161113e-02;8.693186e-03;8.365843e-02;4.683942e-01;4.853750e-02;2.182728e-02;1.869829e-02;8.599770e-02;1.351216e-01
4.176551e-02;9.008520e-03;2.663188e-02;6.601898e-03;8.734093e-03;1.135690e-01;4.768890e-01;2.863796e-02;4.111707e-02;2.676469e-02;1.015019e-01;1.187783e-01
2.317371e-02;6.586503e-03;3.574861e-02;7.856688e-03;6.284831e-03;1.305103e-01;4.473143e-01;5.920848e-02;5.037272e-02;1.484657e-02;1.169023e-01;1.011951e-01
1.104914e-02;7.106579e-03;5.811653e-02;6.800760e-03;1.637290e-02;1.548013e-01;3.576866e-01;4.204657e-02;4.617119e-02;2.639228e-02;1.939164e-01;7.953978e-02
1.450057e-02;2.295856e-02;7.145265e-02;8.329308e-03;3.483871e-02;1.506615e-01;2.565519e-01;1.653673e-02;3.652646e-02;8.154478e-02;2.444819e-01;6.161690e-02
2.693680e-02;4.102830e-02;7.520554e-02;2.187924e-02;5.117100e-02;8.995282e-02;2.007296e-01;1.817025e-02;6.330681e-02;1.643787e-01;1.869057e-01;6.033514e-02
3.437289e-02;3.232951e-02;8.272203e-02;3.019783e-02;5.127418e-02;4.806748e-02;2.018108e-01;3.038511e-02;1.084258e-01;1.870078e-01;1.035857e-01;8.982099e-02
3.625407e-02;5.007803e-02;7.153163e-02;2.166323e-02;2.947212e-02;5.609900e-02;1.707677e-01;5.011902e-02;9.685817e-02;1.274339e-01;1.865640e-01;1.031591e-01
2.367165e-02;6.967825e-02;7.182682e-02;2.709410e-02;3.034659e-02;8.298209e-02;1.407657e-01;4.543328e-02;9.713567e-02;1.098018e-01;2.276208e-01;7.364320e-02
1.939863e-02;3.420325e-02;5.561524e-02;1.978804e-02;3.483612e-02;7.985193e-02;1.649954e-01;8.458328e-02;1.173986e-01;1.800254e-01;1.783219e-01;3.098224e-02
2.763266e-02;3.315875e-02;5.239533e-02;4.450725e-02;4.410451e-02;4.422853e-02;1.781499e-01;1.008234e-01;7.508035e-02;2.069581e-01;1.376876e-01;5.527363e-02
2.658261e-02;2.746826e-02;7.890680e-02;6.790247e-02;5.140799e-02;7.076894e-02;1.704417e-01;1.081325e-01;4.124499e-02;1.473583e-01;1.106616e-01;9.912381e-02
4.292816e-02;1.719814e-02;9.189174e-02;6.224465e-02;4.785297e-02;9.250622e-02;1.335638e-01;1.393227e-01;4.536566e-02;1.325014e-01;8.962089e-02;1.050036e-01
6.229406e-02;4.016924e-02;7.917484e-02;3.412138e-02;4.373747e-02;6.329565e-02;1.631685e-01;1.429567e-01;8.375396e-02;1.240793e-01;8.464682e-02;7.860207e-02
8.135989e-02;6.390419e-02;4.344829e-02;4.352577e-02;4.306494e-02;3.501986e-02;2.049752e-01;7.284883e-02;1.384212e-01;1.209830e-01;1.029333e-01;4.951547e-02
8.163527e-02;6.608717e-02;5.978270e-02;4.380722e-02;3.342324e-02;2.934517e-02;1.528047e-01;9.625074e-02;1.382661e-01;1.452400e-01;1.086547e-01;4.470291e-02
8.072449e-02;8.364487e-02;7.669138e-02;5.906435e-02;5.798373e-02;5.235223e-02;5.741930e-02;1.099891e-01;9.057393e-02;2.242441e-01;5.726776e-02;5.004482e-02
1.199753e-01;8.836032e-02;1.567277e-01;3.018664e-02;2.604221e-02;3.537395e-02;1.049788e-01;1.065916e-01;1.468769e-01;1.263060e-01;2.805460e-02;3.052598e-02
9.978329e-02;7.945086e-02;1.433059e-01;4.155304e-02;2.851776e-02;3.687376e-02;1.393303e-01;1.105129e-01;1.820585e-01;9.039140e-02;1.940904e-02;2.881321e-02
8.144522e-02;6.811114e-02;1.062962e-01;5.977497e-02;2.859337e-02;2.725955e-02;1.797982e-01;8.227936e-02;2.013105e-01;1.039729e-01;2.310706e-02;3.805145e-02
5.474943e-02;5.230953e-02;7.004120e-02;7.708771e-02;1.439470e-02;1.894096e-02;2.390570e-01;6.847716e-02;1.688401e-01;1.308898e-01;3.965609e-02;6.555634e-02
3.771199e-02;4.187633e-02;3.830145e-02;8.279526e-02;1.535189e-02;4.998866e-02;2.704543e-01;1.159397e-01;7.299821e-02;1.582653e-01;3.211213e-02;8.420477e-02
3.730244e-02;3.805171e-02;2.766746e-02;8.256715e-02;1.845988e-02;6.330931e-02;2.583538e-01;1.472232e-01;1.112106e-02;2.174743e-01;1.565954e-02;8.281014e-02
3.483395e-02;3.775652e-02;2.625354e-02;8.205267e-02;1.751796e-02;5.246818e-02;2.090790e-01;1.190247e-01;6.123904e-02;2.390387e-01;3.130946e-02;8.942632e-02
2.803865e-02;3.317934e-02;3.282540e-02;7.621261e-02;1.764677e-02;3.771091e-02;1.861048e-01;6.870526e-02;1.432553e-01;2.117837e-01;4.873735e-02;1.158000e-01
3.652739e-02;3.145675e-02;5.112595e-02;4.692298e-02;1.685193e-02;3.382041e-02;1.296217e-01;5.572076e-02;2.703730e-01;1.494252e-01;6.757279e-02;1.105811e-01
7.587430e-02;3.191129e-02;4.493188e-02;2.805171e-02;1.649796e-02;3.603745e-02;6.129158e-02;5.225945e-02;3.261039e-01;1.533870e-01;9.592741e-02;7.772605e-02
9.656199e-02;2.168656e-02;3.728251e-02;2.863973e-02;2.064303e-02;4.382658e-02;3.316421e-02;8.518510e-02;2.509792e-01;1.688695e-01;1.471816e-01;6.597994e-02
7.824311e-02;2.937665e-02;4.252382e-02;2.332338e-02;2.161529e-02;6.006661e-02;3.251800e-02;8.754609e-02;1.459380e-01;1.734320e-01;2.478633e-01;5.755369e-02
5.017564e-02;2.566786e-02;6.117445e-02;1.814260e-02;2.113841e-02;9.715502e-02;2.463040e-02;5.909676e-02;1.150713e-01;1.644423e-01;3.370470e-01;2.625824e-02
2.997608e-02;1.583846e-02;1.129187e-01;1.473307e-02;2.774832e-02;1.567709e-01;3.972744e-02;3.429266e-02;7.995482e-02;8.035897e-02;3.838578e-01;2.382278e-02
2.315066e-02;1.022961e-02;1.497445e-01;1.987671e-02;6.614237e-02;1.838803e-01;4.274631e-02;2.782068e-02;6.424563e-02;5.551678e-02;3.097218e-01;4.692471e-02
4.317801e-02;1.791740e-02;1.457731e-01;4.540825e-02;1.000421e-01;1.621766e-01;7.328331e-02;2.623901e-02;6.553822e-02;7.317389e-02;1.982098e-01;4.906038e-02
5.353649e-02;3.039759e-02;1.274024e-01;4.875230e-02;1.020933e-01;1.175088e-01;1.077275e-01;4.809003e-02;9.715511e-02;6.832036e-02;1.324893e-01;6.652684e-02
5.454240e-02;2.847169e-02;8.296208e-02;4.744713e-02;8.136012e-02;7.972991e-02;1.201159e-01;7.916956e-02;1.659507e-01;9.689758e-02;1.120099e-01;5.134307e-02
4.323065e-02;1.711145e-02;4.233693e-02;4.244186e-02;6.531494e-02;1.032740e-01;1.016803e-01;8.112968e-02;1.723088e-01;1.121526e-01;1.622269e-01;5.679189e-02
3.953582e-02;2.206645e-02;3.561115e-02;1.920214e-02;3.869453e-02;9.866889e-02;9.425428e-02;7.703970e-02;1.635822e-01;1.653305e-01;2.134757e-01;3.253872e-02
2.876005e-02;2.445753e-02;6.454635e-02;1.535836e-02;2.699409e-02;9.535655e-02;6.008597e-02;5.255440e-02;2.192800e-01;1.707924e-01;2.085955e-01;3.321876e-02
2.916576e-02;2.037617e-02;1.053236e-01;3.758281e-02;4.755706e-02;7.872216e-02;4.743259e-02;6.261169e-02;1.633741e-01;1.902481e-01;1.788940e-01;3.871201e-02
3.449582e-02;2.836252e-02;1.318074e-01;5.158224e-02;4.051441e-02;8.251176e-02;6.739599e-02;7.019213e-02;6.802236e-02;1.887532e-01;1.847246e-01;5.163754e-02
4.101186e-02;2.840064e-02;9.701449e-02;3.450158e-02;3.241227e-02;8.964092e-02;1.243342e-01;1.536023e-01;1.168555e-01;1.068591e-01;1.238990e-01;5.146820e-02
4.996724e-02;2.555380e-02;6.627042e-02;3.073843e-02;4.414726e-02;1.077059e-01;1.802907e-01;1.748363e-01;1.544860e-01;7.189705e-02;5.231758e-02;4.178933e-02
3.455848e-02;2.087042e-02;4.211568e-02;3.163696e-02;5.951590e-02;8.850662e-02;2.425586e-01;1.697148e-01;1.192349e-01;1.478779e-01;2.596358e-02;1.744625e-02
1.798272e-02;1.020582e-02;2.023385e-02;4.614992e-02;7.214353e-02;1.619311e-01;1.853452e-01;1.623151e-01;1.018648e-01;1.874675e-01;2.667860e-02;7.681949e-03
1.113563e-02;8.179095e-03;1.418899e-02;4.492217e-02;4.525227e-02;1.548593e-01;3.238515e-01;1.367988e-01;8.231474e-02;1.428786e-01;2.541850e-02;1.020051e-02
1.057366e-02;1.439671e-02;1.485752e-02;2.653449e-02;2.396345e-02;1.229807e-01;4.171916e-01;1.656160e-01;4.479405e-02;1.321397e-01;1.696266e-02;9.989538e-03
1.327608e-02;1.981492e-02;1.944524e-02;2.845975e-02;5.234168e-02;9.765758e-02;4.069542e-01;1.408611e-01;7.480733e-02;1.169049e-01;1.694173e-02;1.253554e-02
1.649198e-02;2.302417e-02;2.194906e-02;2.378277e-02;8.317529e-02;9.183726e-02;3.842122e-01;1.201356e-01;9.772633e-02;9.917738e-02;2.185662e-02;1.663133e-02
1.368928e-02;2.294076e-02;2.275973e-02;3.890081e-02;1.088873e-01;9.680808e-02;3.337340e-01;1.263015e-01;1.085171e-01;8.508558e-02;2.138358e-02;2.099227e-02
2.535152e-02;3.296456e-02;4.491663e-02;4.028603e-02;7.105266e-02;8.571527e-02;2.257910e-01;1.420796e-01;1.241341e-01;1.617574e-01;1.837247e-02;2.757876e-02
2.481274e-02;3.468670e-02;4.078260e-02;3.975231e-02;5.687917e-02;1.457143e-01;1.865128e-01;1.223786e-01;9.158880e-02;2.035006e-01;2.955976e-02;2.383171e-02
3.086885e-02;3.787921e-02;6.386759e-02;6.213278e-02;7.369826e-02;1.686122e-01;1.611713e-01;9.693018e-02;5.129958e-02;1.765286e-01;4.400780e-02;3.300374e-02
3.908298e-02;3.154811e-02;6.862351e-02;6.487057e-02;6.416339e-02;9.919629e-02;2.204093e-01;1.095351e-01;9.431962e-02;1.676376e-01;1.668489e-02;2.392859e-02
6.117502e-02;4.128589e-02;8.401036e-02;6.977092e-02;7.306518e-02;1.156687e-01;1.737627e-01;1.780628e-01;8.727671e-02;6.251051e-02;2.808406e-02;2.532707e-02
6.210817e-02;3.554833e-02;8.477211e-02;7.926182e-02;7.226522e-02;1.008902e-01;1.903287e-01;2.028473e-01;5.482515e-02;6.399036e-02;2.053806e-02;3.262459e-02
8.507930e-02;1.474911e-02;6.241069e-02;8.924603e-02;7.467319e-02;8.167882e-02;1.723021e-01;2.107461e-01;9.097347e-02;6.494769e-02;1.530536e-02;3.788821e-02
1.517171e-01;6.494897e-02;1.503645e-01;7.656273e-02;6.329957e-02;5.187562e-02;1.074792e-01;1.197271e-01;8.994042e-02;4.640487e-02;3.167379e-02;4.600619e-02
1.551863e-01;7.227720e-02;1.481543e-01;5.105713e-02;4.958884e-02;5.409131e-02;1.902232e-01;1.037193e-01;5.834227e-02;3.169261e-02;2.354336e-02;6.212415e-02
1.237070e-01;5.010259e-02;7.537062e-02;5.322370e-02;3.963367e-02;6.168838e-02;3.242206e-01;8.595232e-02;4.540152e-02;2.631684e-02;1.875194e-02;9.563079e-02
6.848235e-02;3.083327e-02;2.148468e-02;5.432025e-02;5.028628e-02;8.011710e-02;4.151182e-01;8.853331e-02;3.291510e-02;2.491454e-02;2.472022e-02;1.082747e-01
3.137052e-02;2.550863e-02;2.989793e-02;3.538337e-02;1.078385e-01;1.182468e-01;3.863793e-01;8.505889e-02;1.850937e-02;1.667851e-02;5.467961e-02;9.044849e-02
2.019269e-02;1.812225e-02;6.157247e-02;2.575750e-02;1.345918e-01;1.551219e-01;3.384682e-01;5.754698e-02;1.225619e-02;2.420584e-02;8.204603e-02;7.011808e-02
5.095768e-02;3.128555e-02;9.563094e-02;2.991047e-02;1.116087e-01;1.297556e-01;3.110825e-01;4.706682e-02;2.095952e-02;3.895061e-02;9.013311e-02;4.265845e-02
7.031639e-02;6.151935e-02;1.216495e-01;4.393933e-02;7.618762e-02;6.085590e-02;3.320238e-01;5.017150e-02;3.655078e-02;4.322820e-02;7.039958e-02;3.315802e-02
1.082146e-01;9.497295e-02;2.261490e-01;6.565317e-02;3.075542e-02;4.909087e-02;1.628957e-01;7.715040e-02;6.191969e-02;4.821360e-02;2.023221e-02;5.475234e-02
1.523740e-01;1.018640e-01;2.364459e-01;5.666782e-02;2.858520e-02;2.966546e-02;1.075703e-01;6.943078e-02;6.150571e-02;5.605927e-02;4.219464e-02;5.763697e-02
1.838717e-01;8.073779e-02;1.730353e-01;3.426410e-02;3.429006e-02;3.814737e-02;1.188166e-01;6.208025e-02;4.157670e-02;6.669888e-02;7.538973e-02;9.109163e-02
1.899124e-01;7.555769e-02;1.122999e-01;3.233191e-02;4.171973e-02;2.266574e-02;1.063266e-01;3.935299e-02;5.935818e-02;8.842044e-02;1.034737e-01;1.285808e-01
1.811794e-01;8.907919e-02;1.095263e-01;3.223256e-02;3.987370e-02;2.000185e-02;6.343026e-02;4.866512e-02;7.478669e-02;1.001766e-01;1.113379e-01;1.297104e-01
1.592661e-01;1.061383e-01;1.001027e-01;1.986278e-02;3.928868e-02;4.112547e-02;7.237004e-02;5.686525e-02;7.637203e-02;1.049775e-01;1.039845e-01;1.196468e-01
6.920166e-02;8.312104e-02;5.984215e-02;5.708858e-02;4.942337e-02;7.412768e-02;1.446237e-01;6.150798e-02;8.986307e-02;1.055616e-01;6.693760e-02;1.387016e-01
9.542752e-02;9.189038e-02;1.060722e-01;7.600432e-02;4.118041e-02;5.230617e-02;9.344137e-02;6.263056e-02;1.293211e-01;1.029723e-01;8.057507e-02;6.817856e-02
1.135318e-01;1.047390e-01;1.147965e-01;9.755522e-02;3.676626e-02;4.017131e-02;6.980702e-02;8.027428e-02;1.226559e-01;1.069074e-01;7.627256e-02;3.652274e-02
1.191578e-01;1.116507e-01;7.675422e-02;1.143704e-01;6.666148e-02;5.994850e-02;7.497095e-02;8.341463e-02;6.354672e-02;6.481285e-02;9.269878e-02;7.201301e-02
1.053038e-01;1.230996e-01;7.239597e-02;1.321427e-01;8.640405e-02;8.672816e-02;7.881311e-02;5.543780e-02;3.323282e-02;2.797944e-02;1.042944e-01;9.416822e-02
1.058267e-01;9.584595e-02;1.356941e-01;9.318479e-02;7.096659e-02;7.468369e-02;6.681495e-02;8.419593e-02;6.708258e-02;5.777597e-02;5.585689e-02;9.207189e-02
1.184052e-01;8.217578e-02;1.249162e-01;3.474301e-02;2.884269e-02;3.348273e-02;1.496518e-01;1.274707e-01;1.167240e-01;7.155935e-02;2.276715e-02;8.926137e-02
1.002178e-01;5.780032e-02;8.263107e-02;2.974501e-02;1.565729e-02;3.613714e-02;2.171473e-01;1.081245e-01;1.036789e-01;6.631997e-02;5.199697e-02;1.305437e-01
6.360435e-02;2.878832e-02;4.073433e-02;3.565341e-02;1.065145e-02;4.894284e-02;3.298195e-01;5.175329e-02;6.558198e-02;5.119151e-02;7.877987e-02;1.944992e-01
4.113026e-02;1.161116e-02;1.409325e-02;3.590743e-02;5.710059e-03;5.616181e-02;4.682548e-01;2.341560e-02;1.672243e-02;3.020738e-02;7.538769e-02;2.213981e-01
5.370355e-02;5.199035e-03;1.520266e-02;2.470717e-02;5.373541e-03;4.435452e-02;5.121630e-01;6.336590e-02;2.414463e-02;3.523069e-02;5.659718e-02;1.599581e-01
8.979929e-02;7.076570e-03;1.784626e-02;1.626173e-02;4.002796e-03;2.395546e-02;5.144299e-01;9.292332e-02;2.341142e-02;4.995372e-02;3.382762e-02;1.265119e-01
1.578393e-01;1.511621e-02;1.327511e-02;1.237604e-02;5.803640e-03;1.796231e-02;4.430309e-01;1.266388e-01;1.703880e-02;4.995028e-02;2.059752e-02;1.203711e-01
2.587315e-01;3.243191e-02;2.287496e-02;1.551738e-02;6.811485e-03;2.811974e-02;3.033909e-01;1.730583e-01;1.835855e-02;3.740457e-02;2.145571e-02;8.184496e-02
3.895749e-01;5.892964e-02;3.054597e-02;1.311804e-02;7.205535e-03;2.678857e-02;1.368394e-01;1.954309e-01;2.836735e-02;2.239734e-02;2.256067e-02;6.824178e-02
4.505314e-01;8.072967e-02;3.547057e-02;7.412561e-03;7.631229e-03;1.528017e-02;8.523538e-02;1.940820e-01;1.124696e-02;1.590878e-02;2.554861e-02;7.092268e-02
4.454480e-01;7.936016e-02;3.932734e-02;6.649187e-03;9.123714e-03;8.038091e-03;6.620771e-02;2.075376e-01;1.863494e-02;2.265912e-02;2.838495e-02;6.862916e-02
3.792231e-01;5.662928e-02;1.011956e-01;7.486768e-03;1.123220e-02;8.164571e-03;7.474361e-02;2.312868e-01;2.360122e-02;2.060403e-02;2.889142e-02;5.694148e-02
2.872810e-01;4.915814e-02;1.170011e-01;1.213527e-02;1.203015e-02;1.144747e-02;1.162890e-01;2.573397e-01;2.013787e-02;3.080579e-02;3.215385e-02;5.422069e-02
2.170996e-01;3.889304e-02;1.091260e-01;1.043463e-02;1.032415e-02;8.435627e-03;1.376562e-01;2.745329e-01;1.005334e-02;5.321750e-02;4.068785e-02;8.953918e-02
1.314008e-01;3.568453e-02;1.060541e-01;1.814767e-02;1.278764e-02;9.512238e-03;1.485246e-01;2.078315e-01;2.797886e-02;8.732379e-02;6.447582e-02;1.502785e-01
1.569468e-01;5.323934e-02;5.494862e-02;2.563978e-02;1.538997e-02;1.534753e-02;1.450053e-01;1.173482e-01;3.516246e-02;9.942185e-02;9.825525e-02;1.832949e-01
1.424800e-01;5.547370e-02;9.516494e-02;2.396546e-02;2.691453e-02;2.075073e-02;1.181238e-01;1.088119e-01;5.973930e-02;8.433663e-02;1.274163e-01;1.368227e-01
1.015826e-01;4.659790e-02;8.421960e-02;2.474470e-02;4.073413e-02;2.269266e-02;1.141857e-01;1.351755e-01;1.017242e-01;1.112187e-01;1.223254e-01;9.479892e-02
1.596332e-01;8.488746e-02;6.929656e-02;2.767469e-02;4.806783e-02;3.723229e-02;9.196682e-02;1.001700e-01;1.132916e-01;8.189253e-02;1.139243e-01;7.196268e-02
2.140955e-01;8.661222e-02;7.825741e-02;2.401458e-02;5.469203e-02;4.573772e-02;9.246904e-02;9.600657e-02;7.789572e-02;5.873637e-02;9.800112e-02;7.348169e-02
1.693449e-01;5.010339e-02;1.014172e-01;3.106199e-02;5.802472e-02;3.508832e-02;1.303682e-01;1.204244e-01;8.049761e-02;7.898562e-02;7.404414e-02;7.063955e-02
1.850301e-01;8.038409e-02;1.237868e-01;5.787107e-02;5.974660e-02;5.158162e-02;8.206773e-02;9.239760e-02;7.521096e-02;6.807826e-02;6.545196e-02;5.839325e-02
1.671976e-01;1.022767e-01;1.438726e-01;5.880357e-02;4.520872e-02;4.679928e-02;1.132459e-01;6.137317e-02;5.520533e-02;5.581589e-02;7.153321e-02;7.866801e-02
1.427750e-01;1.054109e-01;1.386271e-01;5.660092e-02;4.379940e-02;4.748698e-02;1.163956e-01;6.580441e-02;4.904492e-02;6.685846e-02;7.604892e-02;9.114731e-02
1.213006e-01;8.639561e-02;8.012835e-02;6.658326e-02;3.606756e-02;3.984207e-02;1.003680e-01;1.039743e-01;1.025712e-01;6.460899e-02;8.732364e-02;1.108364e-01
1.096428e-01;7.634012e-02;1.016209e-01;4.025057e-02;3.993979e-02;6.588754e-02;1.255853e-01;8.240504e-02;1.171961e-01;4.907362e-02;9.494250e-02;9.711576e-02
7.939307e-02;6.545828e-02;9.208387e-02;2.355839e-02;3.974659e-02;1.075777e-01;1.297575e-01;5.072118e-02;1.170739e-01;7.261635e-02;1.398033e-01;8.220985e-02
5.064141e-02;6.283630e-02;7.047491e-02;6.442783e-03;5.699862e-02;1.540437e-01;1.231389e-01;3.135088e-02;9.658965e-02;1.058246e-01;1.856119e-01;5.604622e-02
4.089867e-02;1.272135e-01;2.842960e-02;1.029072e-02;1.306730e-01;1.382906e-01;6.455876e-02;3.096879e-02;5.939543e-02;1.920596e-01;1.454636e-01;3.175779e-02
3.522920e-02;1.857823e-01;1.598023e-02;2.299784e-02;1.853116e-01;8.303180e-02;1.496755e-02;3.551863e-02;4.722085e-02;2.645782e-01;8.292451e-02;2.645718e-02
1.611051e-02;2.159406e-01;1.716324e-02;3.001205e-02;2.008776e-01;5.746093e-02;2.814686e-02;3.480785e-02;3.535729e-02;3.010539e-01;3.240615e-02;3.066299e-02
1.665010e-02;2.205219e-01;1.218043e-02;4.159615e-02;1.973314e-01;4.425978e-02;1.254636e-02;2.384293e-02;5.024534e-02;3.236760e-01;3.615821e-02;2.099148e-02
3.103843e-02;2.123710e-01;1.610025e-02;5.952254e-02;1.989038e-01;3.106854e-02;1.117098e-02;1.473145e-02;1.748775e-02;3.593882e-01;3.352780e-02;1.468925e-02
9.910392e-02;1.535493e-01;1.569237e-02;8.912907e-02;1.662565e-01;1.980575e-02;4.980582e-03;1.053659e-02;5.476785e-02;3.249224e-01;4.103335e-02;2.022234e-02
1.430516e-01;9.399219e-02;3.612687e-02;1.094288e-01;1.089133e-01;2.157415e-02;1.490605e-02;1.503837e-02;1.472931e-01;2.344434e-01;3.763150e-02;3.760061e-02
1.287737e-01;5.026226e-02;5.635821e-02;1.317935e-01;5.757925e-02;1.711003e-02;2.521044e-02;1.106510e-02;2.912166e-01;1.403266e-01;4.633109e-02;4.397327e-02
7.173029e-02;1.866581e-02;5.420708e-02;1.456019e-01;7.038576e-02;1.510684e-02;3.645578e-02;1.973679e-02;4.035766e-01;9.570636e-02;4.566167e-02;2.316517e-02
6.262488e-02;2.244811e-02;1.669824e-02;1.340461e-01;6.827043e-02;1.056453e-02;3.698840e-02;4.096836e-02;4.290911e-01;1.348372e-01;3.533737e-02;8.125299e-03
5.893346e-02;1.513869e-02;7.652288e-02;1.449380e-01;4.992834e-02;1.521214e-02;5.821569e-02;7.744471e-02;3.694908e-01;9.860430e-02;2.587241e-02;9.698576e-03
6.215723e-02;1.444984e-02;9.796982e-02;1.793304e-01;7.193206e-02;1.645836e-02;6.189281e-02;7.943355e-02;2.560257e-01;1.125288e-01;3.085206e-02;1.696937e-02
1.285580e-01;6.627654e-02;7.999662e-02;1.493002e-01;8.728819e-02;1.222679e-02;4.992960e-02;3.923289e-02;1.046830e-01;1.933902e-01;6.043235e-02;2.868560e-02
1.778616e-01;1.157649e-01;6.635842e-02;8.265883e-02;7.423643e-02;1.771572e-02;4.154531e-02;2.935206e-02;1.108948e-01;1.907471e-01;6.205172e-02;3.081308e-02
2.022615e-01;1.297979e-01;1.035532e-01;4.270712e-02;5.523088e-02;1.364704e-02;3.254851e-02;3.641826e-02;7.923558e-02;2.006783e-01;7.648503e-02;2.743669e-02
1.693702e-01;1.098179e-01;7.734936e-02;2.374905e-02;5.997847e-02;1.744177e-02;4.797222e-02;3.851835e-02;6.989910e-02;2.584237e-01;9.786888e-02;2.961095e-02
8.140685e-02;5.593559e-02;7.573810e-02;5.998554e-02;6.578048e-02;1.899566e-02;3.712757e-02;3.801419e-02;1.170197e-01;3.104029e-01;1.114268e-01;2.816662e-02
4.885401e-02;3.028017e-02;7.818401e-02;6.697537e-02;5.191183e-02;1.435759e-02;6.722926e-02;3.853713e-02;1.139134e-01;3.321990e-01;1.304335e-01;2.712461e-02
4.666428e-02;3.119723e-02;1.241145e-01;6.728598e-02;3.678721e-02;1.717395e-02;8.737697e-02;3.527727e-02;7.480983e-02;3.117448e-01;1.374495e-01;3.011843e-02
4.271714e-02;3.447960e-02;1.301160e-01;5.868806e-02;3.011083e-02;2.018556e-02;7.415352e-02;2.945522e-02;7.369460e-02;2.996096e-01;1.583004e-01;4.848953e-02
8.047465e-02;3.577499e-02;1.188488e-01;3.471839e-02;5.459906e-02;3.644741e-02;3.813758e-02;3.008095e-02;8.498188e-02;2.788811e-01;1.491144e-01;5.794076e-02
8.630719e-02;5.331731e-02;1.019479e-01;2.176159e-02;5.421113e-02;3.055837e-02;9.761427e-02;4.096618e-02;9.564759e-02;2.268550e-01;1.449408e-01;4.587267e-02
9.176650e-02;6.625155e-02;8.171092e-02;3.047496e-02;4.947258e-02;2.608041e-02;1.297841e-01;5.085535e-02;1.110844e-01;1.791616e-01;1.441602e-01;3.919732e-02
8.753267e-02;6.256726e-02;8.582500e-02;3.689311e-02;5.208576e-02;2.715736e-02;1.191718e-01;5.752654e-02;1.172518e-01;1.546849e-01;1.310099e-01;6.829392e-02
7.842927e-02;7.051532e-02;1.021241e-01;4.366594e-02;6.679668e-02;5.405600e-02;9.073684e-02;8.367155e-02;1.225131e-01;1.144216e-01;9.818804e-02;7.488149e-02
8.657350e-02;7.230799e-02;8.292486e-02;2.944078e-02;5.656285e-02;7.060464e-02;1.257644e-01;9.513532e-02;1.109151e-01;1.083213e-01;8.479722e-02;7.665202e-02
9.503495e-02;5.554878e-02;8.352895e-02;7.176239e-02;5.462074e-02;6.535270e-02;1.209795e-01;8.241446e-02;1.241097e-01;1.137293e-01;7.295676e-02;5.996176e-02
