8.882121e-02;7.070831e-02;1.045265e-01;6.223614e-02;1.126852e-01;4.726476e-02;1.004010e-01;5.633723e-02;7.947512e-02;8.782037e-02;1.152304e-01;7.449381e-02
8.826699e-02;1.087099e-01;9.064282e-02;3.464434e-02;1.127616e-01;7.537729e-02;1.388976e-01;6.956974e-02;6.661851e-02;7.548105e-02;1.033848e-01;3.564538e-02
7.870711e-02;1.020585e-01;8.532287e-02;5.428560e-02;3.950166e-02;6.678737e-02;1.787906e-01;9.331768e-02;9.323013e-02;8.531780e-02;6.258436e-02;6.009633e-02
7.162870e-02;7.162672e-02;1.183374e-01;7.784755e-02;5.819183e-02;5.546510e-02;1.526100e-01;9.382608e-02;9.774791e-02;7.749764e-02;7.527354e-02;4.994752e-02
3.954966e-02;7.057848e-02;1.560323e-01;7.277974e-02;8.158368e-02;6.240500e-02;1.449829e-01;6.645699e-02;1.042078e-01;6.570579e-02;1.006710e-01;3.504659e-02
8.130478e-02;7.910720e-02;1.356795e-01;4.664606e-02;8.623444e-02;1.111718e-01;1.356376e-01;5.751089e-02;8.994673e-02;4.959496e-02;9.113592e-02;3.603021e-02
1.030706e-01;7.055198e-02;9.927334e-02;8.534267e-02;9.719630e-02;7.959278e-02;1.188525e-01;7.955029e-02;7.505081e-02;7.805626e-02;7.307056e-02;4.039191e-02
8.553644e-02;5.468218e-02;9.158711e-02;8.742847e-02;9.861431e-02;7.327422e-02;1.284743e-01;9.863227e-02;7.097827e-02;9.157654e-02;5.676819e-02;6.244772e-02
1.027926e-01;5.127015e-02;9.411488e-02;7.831292e-02;1.024118e-01;1.009783e-01;1.044008e-01;8.612894e-02;6.566184e-02;8.511104e-02;6.197084e-02;6.684591e-02
8.530442e-02;6.025955e-02;1.039093e-01;6.122807e-02;6.215505e-02;7.752405e-02;1.379544e-01;8.363942e-02;7.522272e-02;1.083276e-01;8.181123e-02;6.266405e-02
5.041257e-02;6.905463e-02;1.386535e-01;5.556644e-02;5.577154e-02;7.317568e-02;1.253800e-01;8.527507e-02;1.049923e-01;1.084194e-01;7.248108e-02;6.081779e-02
5.015605e-02;6.517192e-02;1.602734e-01;6.950724e-02;4.505644e-02;5.115188e-02;1.166021e-01;1.041096e-01;1.407151e-01;9.071017e-02;4.703283e-02;5.951335e-02
7.256265e-02;4.670213e-02;1.303692e-01;8.729219e-02;5.326888e-02;1.025171e-01;6.109201e-02;1.328652e-01;1.604651e-01;6.647182e-02;2.869615e-02;5.769753e-02
7.822916e-02;4.925703e-02;1.286730e-01;8.033779e-02;6.197590e-02;1.060700e-01;9.389713e-02;1.551737e-01;1.131541e-01;3.952041e-02;5.514051e-02;3.857117e-02
7.384691e-02;4.692601e-02;1.672886e-01;5.314256e-02;6.632791e-02;6.032657e-02;9.836362e-02;8.153316e-02;1.308984e-01;7.661411e-02;9.666849e-02;4.806368e-02
5.343708e-02;6.261805e-02;1.927102e-01;4.465971e-02;5.185092e-02;5.639616e-02;8.828148e-02;4.127192e-02;1.493248e-01;1.208534e-01;8.167543e-02;5.692090e-02
3.624277e-02;9.704705e-02;2.005411e-01;3.450605e-02;3.526945e-02;5.473352e-02;6.366637e-02;2.309918e-02;2.063045e-01;1.391948e-01;5.598285e-02;5.341240e-02
4.037070e-02;1.419723e-01;1.531899e-01;1.963480e-02;1.576738e-02;6.051724e-02;3.397986e-02;4.617742e-02;3.189234e-01;1.039226e-01;2.052370e-02;4.502083e-02
5.615333e-02;1.487054e-01;1.036427e-01;1.864056e-02;1.299035e-02;6.740053e-02;5.564584e-02;9.166317e-02;3.540768e-01;4.572669e-02;1.109153e-02;3.426310e-02
6.858618e-02;1.136042e-01;1.143433e-01;2.390482e-02;2.896199e-02;6.289571e-02;8.866198e-02;9.838729e-02;3.013304e-01;5.434083e-02;1.989758e-02;2.508573e-02
9.982184e-02;4.633557e-02;1.565990e-01;2.994051e-02;4.630062e-02;6.435197e-02;8.382490e-02;7.426986e-02;2.566310e-01;6.977154e-02;4.715352e-02;2.499970e-02
1.119315e-01;5.695918e-02;1.509596e-01;1.958362e-02;3.749805e-02;5.593979e-02;1.268039e-01;9.438402e-02;2.157416e-01;3.067776e-02;5.782190e-02;4.169904e-02
1.115172e-01;5.898653e-02;9.875914e-02;2.159053e-02;3.323493e-02;5.477999e-02;1.337015e-01;1.096020e-01;1.978590e-01;5.875203e-02;5.968774e-02;6.152934e-02
6.675437e-02;9.306820e-02;1.802662e-01;3.193498e-02;4.576435e-02;5.316208e-02;1.424803e-01;7.827262e-02;5.960171e-02;7.161931e-02;8.151542e-02;9.556048e-02
2.718471e-02;8.608039e-02;1.305861e-01;2.620118e-02;5.858380e-02;6.524724e-02;1.553142e-01;7.223623e-02;1.858490e-01;5.998278e-02;6.714293e-02;6.559141e-02
7.170900e-02;8.744429e-02;2.286826e-01;4.452916e-02;2.812848e-02;5.051397e-02;1.233823e-01;8.999301e-02;1.609814e-01;5.966716e-02;3.496714e-02;2.000152e-02
6.987893e-02;1.119186e-01;2.695914e-01;3.979488e-02;1.877335e-02;4.601075e-02;9.455137e-02;7.916180e-02;1.579686e-01;7.417240e-02;1.685424e-02;2.132365e-02
3.700070e-02;1.342923e-01;3.368445e-01;3.122691e-02;1.765957e-02;4.684881e-02;6.402131e-02;5.383952e-02;1.600677e-01;8.187424e-02;1.288766e-02;2.343672e-02
4.534939e-02;1.684654e-01;3.577664e-01;2.143287e-02;1.409292e-02;4.967446e-02;2.480624e-02;2.689761e-02;1.642636e-01;8.525774e-02;9.106438e-03;3.288689e-02
1.204977e-01;2.004936e-01;3.012692e-01;2.021085e-02;1.162367e-02;5.050160e-02;1.875138e-02;1.390020e-02;1.492224e-01;6.555361e-02;8.337336e-03;3.963850e-02
1.712532e-01;1.778256e-01;2.585511e-01;2.890213e-02;2.377914e-02;5.282160e-02;4.640448e-02;1.299833e-02;1.307488e-01;4.158326e-02;1.600011e-02;3.913223e-02
2.102583e-01;1.130418e-01;1.929723e-01;4.284176e-02;3.973636e-02;5.076396e-02;8.159903e-02;3.173131e-02;1.297905e-01;3.451746e-02;3.543003e-02;3.731726e-02
1.742256e-01;4.917305e-02;2.383086e-01;4.458007e-02;3.202312e-02;3.171389e-02;1.064825e-01;6.353035e-02;1.057167e-01;5.339687e-02;5.477614e-02;4.607312e-02
1.252206e-01;8.332247e-02;2.285339e-01;3.956718e-02;2.620569e-02;7.371431e-02;1.279085e-01;4.871283e-02;1.040709e-01;5.188790e-02;5.890780e-02;3.194795e-02
7.418652e-02;5.498187e-02;1.942334e-01;4.929447e-02;4.211406e-02;8.337786e-02;1.469804e-01;8.268107e-02;9.970999e-02;8.456663e-02;5.140416e-02;3.646958e-02
5.903720e-02;6.442797e-02;2.325838e-01;5.471933e-02;3.721066e-02;7.457139e-02;1.381793e-01;8.979847e-02;8.285302e-02;8.883847e-02;4.351132e-02;3.426903e-02
5.408648e-02;1.007517e-01;3.255644e-01;5.036254e-02;4.354614e-02;5.632959e-02;1.004757e-01;5.685638e-02;6.450758e-02;8.645733e-02;3.893461e-02;2.212751e-02
5.555939e-02;1.442604e-01;3.420778e-01;3.838490e-02;3.268459e-02;4.267598e-02;3.496336e-02;3.077950e-02;1.460116e-01;7.696260e-02;3.420762e-02;2.143226e-02
6.211236e-02;1.862551e-01;2.439889e-01;2.303269e-02;1.872065e-02;4.054530e-02;2.035956e-02;2.390282e-02;2.694956e-01;6.361973e-02;2.287601e-02;2.509126e-02
9.209044e-02;2.065748e-01;1.412459e-01;1.192067e-02;1.434779e-02;3.384994e-02;1.409157e-02;2.122840e-02;3.728184e-01;5.346095e-02;2.018074e-02;1.819043e-02
1.284920e-01;1.852916e-01;1.059981e-01;7.896911e-03;2.051348e-02;2.498172e-02;1.356976e-02;7.660113e-02;3.749366e-01;2.732000e-02;2.354450e-02;1.085413e-02
1.871521e-01;1.516130e-01;9.595543e-02;7.233649e-03;3.604353e-02;1.316332e-02;1.023521e-02;1.539846e-01;2.883657e-01;2.353160e-02;2.098799e-02;1.173394e-02
2.495082e-01;1.310426e-01;1.007568e-01;1.014978e-02;5.275426e-02;8.296419e-03;1.864867e-02;2.122176e-01;1.554178e-01;2.067365e-02;2.291019e-02;1.762395e-02
2.708167e-01;1.221639e-01;1.217939e-01;1.001763e-02;5.241092e-02;1.263433e-02;4.897760e-02;2.154283e-01;8.035078e-02;1.667999e-02;2.480243e-02;2.392366e-02
3.024268e-01;6.579990e-02;1.165907e-01;1.509581e-02;5.127686e-02;2.343250e-02;8.772097e-02;1.818684e-01;7.640037e-02;2.271455e-02;2.649934e-02;3.017377e-02
3.088528e-01;1.171666e-01;2.407892e-01;2.146943e-02;3.077859e-02;2.017781e-02;5.733884e-02;8.502334e-02;5.058187e-02;1.844629e-02;1.799807e-02;3.137724e-02
3.527583e-01;1.798273e-01;2.366854e-01;1.276563e-02;1.894098e-02;1.249643e-02;2.674905e-02;2.783710e-02;7.600883e-02;1.308053e-02;1.694991e-02;2.590053e-02
3.859735e-01;1.831393e-01;2.073391e-01;1.047439e-02;2.091261e-02;1.209488e-02;2.245478e-02;3.051408e-02;6.730764e-02;1.705055e-02;1.584474e-02;2.689442e-02
3.878622e-01;1.689363e-01;2.075232e-01;1.009051e-02;2.682239e-02;7.181555e-03;2.414829e-02;5.317934e-02;4.900299e-02;1.494315e-02;2.111211e-02;2.919795e-02
3.687486e-01;1.671176e-01;1.782826e-01;1.168162e-02;3.424970e-02;1.151619e-02;4.895438e-02;7.933616e-02;2.262810e-02;1.824238e-02;2.794221e-02;3.130048e-02
2.941402e-01;1.622485e-01;1.968628e-01;2.334194e-02;4.011125e-02;2.251625e-02;7.537374e-02;9.073161e-02;3.618929e-02;2.234067e-02;2.101265e-02;1.513105e-02
3.273313e-01;1.330948e-01;1.413150e-01;2.205690e-02;4.834634e-02;1.839618e-02;6.901420e-02;1.484531e-01;2.371999e-02;1.817063e-02;1.911947e-02;3.098211e-02
3.887089e-01;1.002825e-01;7.670133e-02;1.331147e-02;5.505707e-02;1.307868e-02;4.741992e-02;2.281495e-01;2.212708e-02;9.193417e-03;1.303542e-02;3.293484e-02
3.875591e-01;9.294169e-02;7.833935e-02;9.197609e-03;5.695039e-02;9.373020e-03;3.126533e-02;2.626618e-01;1.897234e-02;9.744327e-03;1.309556e-02;2.989957e-02
3.711363e-01;9.740825e-02;8.437392e-02;4.844408e-03;6.299073e-02;6.033935e-03;3.016517e-02;2.662022e-01;2.417737e-02;9.581289e-03;1.527291e-02;2.781350e-02
3.607346e-01;1.039694e-01;7.569745e-02;5.777773e-03;7.134464e-02;4.159997e-03;2.892939e-02;2.519198e-01;3.957516e-02;7.111247e-03;2.704419e-02;2.373634e-02
3.509021e-01;1.383174e-01;8.635335e-02;4.224773e-03;6.568091e-02;5.973091e-03;1.583411e-02;2.047096e-01;5.931567e-02;9.437978e-03;3.754628e-02;2.170470e-02
3.216878e-01;1.901965e-01;9.379943e-02;9.188243e-03;4.752317e-02;1.464932e-02;1.865291e-02;1.342235e-01;8.667839e-02;1.549956e-02;4.276254e-02;2.513863e-02
2.330801e-01;2.431624e-01;1.345768e-01;1.660326e-02;2.662267e-02;3.084672e-02;1.874990e-02;5.949716e-02;1.418211e-01;1.745971e-02;3.158351e-02;4.599654e-02
1.476118e-01;2.920476e-01;1.778433e-01;2.331540e-02;1.207125e-02;3.893513e-02;1.587332e-02;3.066685e-02;1.700695e-01;1.404861e-02;1.456795e-02;6.294930e-02
9.546085e-02;2.764113e-01;3.120772e-01;1.883993e-02;1.341125e-02;2.902596e-02;1.639702e-02;3.397781e-02;1.213548e-01;2.473152e-02;5.065246e-03;5.324713e-02
7.158823e-02;1.965469e-01;4.855957e-01;2.869511e-02;2.507653e-02;1.244070e-02;2.445510e-02;2.933895e-02;6.365332e-02;3.681944e-02;2.326605e-03;2.346343e-02
6.501322e-02;1.171428e-01;5.952193e-01;4.347352e-02;2.868410e-02;1.008974e-02;2.918958e-02;1.788765e-02;4.886385e-02;3.158956e-02;4.675780e-03;8.170855e-03
4.622103e-02;4.890842e-02;6.470311e-01;7.978013e-02;3.383436e-02;2.694670e-02;2.138275e-02;1.703465e-02;4.645108e-02;1.773517e-02;9.247841e-03;5.426744e-03
2.101945e-02;2.056447e-02;6.210103e-01;1.172763e-01;5.667787e-02;5.791151e-02;1.999638e-02;2.332618e-02;3.169518e-02;1.188673e-02;1.267737e-02;5.958261e-03
1.283254e-02;3.086816e-02;6.042175e-01;1.027857e-01;6.580267e-02;6.824964e-02;4.117149e-02;2.422330e-02;1.598365e-02;1.522372e-02;1.312097e-02;5.520687e-03
3.315965e-02;5.202427e-02;5.932667e-01;6.913199e-02;6.697790e-02;5.379190e-02;4.030903e-02;2.230459e-02;2.184181e-02;2.283834e-02;1.447390e-02;9.879961e-03
4.887630e-02;6.450091e-02;5.074845e-01;4.267036e-02;7.008611e-02;4.957158e-02;7.380757e-02;2.490594e-02;3.852169e-02;3.247108e-02;2.330320e-02;2.380078e-02
9.017903e-02;8.344919e-02;3.687387e-01;4.103728e-02;5.602648e-02;5.978799e-02;8.188783e-02;3.315822e-02;7.483362e-02;4.088077e-02;3.258543e-02;3.743551e-02
9.888063e-02;8.401718e-02;2.206092e-01;7.299186e-02;7.496395e-02;8.398708e-02;1.022169e-01;5.936500e-02;8.583003e-02;4.930453e-02;2.773432e-02;4.009929e-02
5.867060e-02;4.589787e-02;1.604638e-01;7.547174e-02;9.101367e-02;8.089693e-02;1.095437e-01;9.185763e-02;9.747066e-02;8.586396e-02;6.473904e-02;3.811047e-02
8.159783e-02;6.450304e-02;1.201849e-01;6.494485e-02;9.958800e-02;6.226281e-02;1.115224e-01;1.076302e-01;9.194412e-02;8.685450e-02;6.916043e-02;3.980698e-02
9.708157e-02;6.383447e-02;9.222315e-02;6.674773e-02;9.854936e-02;5.975008e-02;1.214175e-01;1.159277e-01;8.009820e-02;1.020279e-01;6.165970e-02;4.068265e-02
7.688553e-02;5.941651e-02;1.216974e-01;8.547152e-02;7.148262e-02;6.121316e-02;9.192708e-02;9.115951e-02;1.365118e-01;1.145923e-01;4.724550e-02;4.239709e-02
4.963575e-02;1.340470e-01;1.720431e-01;1.086815e-01;4.785831e-02;4.509272e-02;5.480299e-02;7.248349e-02;1.678234e-01;5.975472e-02;3.892496e-02;4.885208e-02
3.207112e-02;1.744615e-01;2.130516e-01;8.240601e-02;3.768376e-02;4.143707e-02;9.056109e-02;7.013477e-02;1.185376e-01;4.543595e-02;3.010556e-02;6.411400e-02
4.446400e-02;1.246808e-01;2.851101e-01;6.293393e-02;5.483143e-02;4.586820e-02;1.223375e-01;7.069018e-02;5.502077e-02;3.816508e-02;3.801510e-02;5.788285e-02
5.585736e-02;6.144705e-02;3.711019e-01;6.464366e-02;7.812943e-02;4.963841e-02;1.524161e-01;3.702467e-02;2.966384e-02;3.267023e-02;3.800759e-02;2.939980e-02
1.254172e-01;1.006651e-01;3.606381e-01;4.833837e-02;6.139091e-02;3.777617e-02;1.357488e-01;2.522231e-02;2.186367e-02;3.176348e-02;2.575009e-02;2.542569e-02
1.917165e-01;1.443536e-01;3.176333e-01;3.544331e-02;3.107353e-02;2.351883e-02;9.773815e-02;3.107557e-02;2.467267e-02;3.936586e-02;2.926746e-02;3.414119e-02
1.997643e-01;1.403235e-01;2.387874e-01;3.313366e-02;2.243496e-02;2.971526e-02;8.015328e-02;5.089878e-02;6.049794e-02;6.383027e-02;4.084460e-02;3.961601e-02
1.648704e-01;9.126057e-02;1.616038e-01;4.252854e-02;5.021952e-02;4.078690e-02;8.009826e-02;7.892756e-02;1.012537e-01;9.214473e-02;5.227615e-02;4.402984e-02
1.381977e-01;3.282248e-02;7.849351e-02;7.508180e-02;8.866806e-02;4.641269e-02;1.353283e-01;1.000698e-01;1.162643e-01;1.046017e-01;5.131285e-02;3.274680e-02
9.403678e-02;6.464396e-02;1.568865e-01;7.008194e-02;7.014789e-02;8.162179e-02;1.708878e-01;4.861014e-02;5.094083e-02;7.932154e-02;6.305829e-02;4.976251e-02
7.114718e-02;8.564597e-02;1.067127e-01;8.387373e-02;4.589129e-02;9.348618e-02;1.519003e-01;4.006811e-02;1.014671e-01;8.236015e-02;8.306202e-02;5.438529e-02
6.681243e-02;8.935263e-02;1.148732e-01;9.655679e-02;4.025171e-02;8.649094e-02;1.245295e-01;5.510047e-02;1.176557e-01;8.050775e-02;8.720596e-02;4.066284e-02
5.682045e-02;8.564477e-02;1.190650e-01;9.513868e-02;6.599186e-02;7.083815e-02;1.017879e-01;7.548571e-02;1.351259e-01;8.018588e-02;7.968911e-02;3.422661e-02
6.301129e-02;7.641975e-02;1.065990e-01;9.205595e-02;8.875100e-02;5.348947e-02;8.956641e-02;9.020967e-02;1.407357e-01;1.022254e-01;5.662913e-02;4.030712e-02
4.225224e-02;4.832217e-02;2.826108e-01;9.658124e-02;7.991098e-02;5.329403e-02;1.071892e-01;7.743499e-02;7.765858e-02;8.109668e-02;3.051685e-02;2.313220e-02
3.555291e-02;4.635351e-02;4.053777e-01;6.674914e-02;6.851692e-02;6.284918e-02;1.477922e-01;4.259784e-02;3.606850e-02;3.395457e-02;2.796286e-02;2.622464e-02
8.203798e-02;6.423310e-02;3.835117e-01;5.790639e-02;6.326551e-02;5.112394e-02;1.327892e-01;4.217733e-02;3.641349e-02;3.026280e-02;2.947981e-02;2.679869e-02
1.552925e-01;8.361731e-02;3.196904e-01;4.941766e-02;5.948574e-02;3.751931e-02;9.765984e-02;5.531761e-02;4.751628e-02;2.812417e-02;3.468021e-02;3.167893e-02
2.495916e-01;7.527009e-02;1.214533e-01;4.028947e-02;6.865632e-02;3.898970e-02;9.441611e-02;9.133771e-02;6.521667e-02;6.164880e-02;5.317505e-02;3.995520e-02
2.459752e-01;5.543584e-02;1.473820e-01;4.159097e-02;5.318619e-02;5.124010e-02;1.208905e-01;7.582157e-02;5.150022e-02;6.904572e-02;5.396577e-02;3.396596e-02
1.509832e-01;1.578395e-01;2.854464e-01;3.225976e-02;3.220632e-02;3.780803e-02;1.137017e-01;4.302523e-02;5.847546e-02;3.783024e-02;2.689121e-02;2.353296e-02
1.096254e-01;1.603804e-01;2.976006e-01;3.588235e-02;3.923490e-02;6.383464e-02;8.916972e-02;2.653086e-02;9.705342e-02;3.402304e-02;2.200277e-02;2.466181e-02
1.065106e-01;1.535461e-01;2.506866e-01;4.221642e-02;4.519090e-02;8.011868e-02;8.666230e-02;2.241460e-02;1.218334e-01;3.352275e-02;2.274306e-02;3.455467e-02
9.251340e-02;1.713804e-01;1.831160e-01;3.925475e-02;3.512234e-02;8.593363e-02;9.428663e-02;2.425931e-02;1.761921e-01;3.845339e-02;2.016066e-02;3.932733e-02
7.276119e-02;2.084505e-01;1.425717e-01;3.558286e-02;1.682991e-02;8.255854e-02;7.006805e-02;3.427262e-02;2.551391e-01;3.543797e-02;1.082862e-02;3.549891e-02
4.550777e-02;2.163301e-01;1.884832e-01;3.617017e-02;1.409009e-02;6.849346e-02;2.498531e-02;2.723607e-02;2.840613e-01;4.222165e-02;9.945361e-03;4.247553e-02
2.947794e-02;1.630719e-01;2.785022e-01;2.996949e-02;1.720660e-02;4.155249e-02;2.823178e-02;4.231643e-02;2.262031e-01;7.708015e-02;1.443487e-02;5.195302e-02
8.901644e-03;1.192563e-01;4.092478e-01;3.028560e-02;1.857338e-02;2.674487e-02;3.246517e-02;4.845942e-02;1.461545e-01;1.101842e-01;1.001636e-02;3.971076e-02
4.482822e-02;1.225615e-01;4.409592e-01;3.382776e-02;2.254541e-02;2.025004e-02;4.286809e-02;4.408742e-02;9.772466e-02;9.575743e-02;7.628277e-03;2.696201e-02
7.944240e-02;1.326977e-01;3.929514e-01;3.662395e-02;2.221019e-02;3.570982e-02;5.258824e-02;4.756989e-02;9.437976e-02;6.443877e-02;1.613172e-02;2.525614e-02
8.655367e-02;9.638059e-02;2.849077e-01;4.301639e-02;3.279163e-02;6.275154e-02;8.841950e-02;5.628465e-02;1.015707e-01;6.255575e-02;4.473370e-02;4.003419e-02
5.592979e-02;5.862925e-02;1.424276e-01;4.425370e-02;5.304202e-02;7.958508e-02;9.083275e-02;8.870355e-02;1.874747e-01;1.015740e-01;5.922437e-02;3.832315e-02
5.982536e-02;7.168330e-02;1.231275e-01;3.760401e-02;5.067658e-02;7.224863e-02;9.734784e-02;9.255353e-02;2.121887e-01;8.600174e-02;6.372463e-02;3.301813e-02
7.307045e-02;7.413588e-02;1.259109e-01;4.675114e-02;5.934063e-02;5.466810e-02;7.015729e-02;8.856750e-02;2.357626e-01;7.932672e-02;4.544505e-02;4.686370e-02
8.528200e-02;6.664378e-02;7.339984e-02;6.303065e-02;9.668073e-02;4.900816e-02;1.290726e-01;4.418850e-02;1.767311e-01;9.857208e-02;6.184031e-02;5.555024e-02
6.908830e-02;5.617571e-02;9.880037e-02;9.348186e-02;1.172909e-01;5.691206e-02;1.440858e-01;3.804351e-02;1.132759e-01;1.102773e-01;7.066789e-02;3.190043e-02
6.405786e-02;8.053132e-02;1.428724e-01;7.142773e-02;5.617389e-02;7.653246e-02;1.213441e-01;5.201531e-02;9.922019e-02;1.372894e-01;6.614359e-02;3.239174e-02
4.899204e-02;1.005414e-01;1.285924e-01;4.298684e-02;1.114718e-01;5.910319e-02;1.122703e-01;6.229524e-02;1.041366e-01;1.191724e-01;5.736765e-02;5.307009e-02
6.803709e-02;8.294407e-02;1.044409e-01;7.822072e-02;1.355035e-01;6.060837e-02;1.065784e-01;9.137640e-02;8.534553e-02;7.298152e-02;5.817966e-02;5.578381e-02
8.833648e-02;7.653499e-02;1.065557e-01;1.250953e-01;1.039746e-01;4.961272e-02;9.199419e-02;1.070788e-01;7.937074e-02;5.687942e-02;5.870460e-02;5.586236e-02
5.895153e-02;4.422641e-02;2.512514e-01;8.216856e-02;7.569113e-02;4.903900e-02;1.117349e-01;5.730370e-02;6.501851e-02;8.480091e-02;6.429877e-02;5.551520e-02
6.395455e-02;7.583504e-02;2.635389e-01;6.926963e-02;6.272710e-02;5.733491e-02;9.522881e-02;5.126696e-02;9.460834e-02;5.724133e-02;6.973518e-02;3.925925e-02
7.545844e-02;1.209252e-01;2.389774e-01;4.763481e-02;4.674661e-02;5.964962e-02;7.726039e-02;5.893145e-02;1.440818e-01;3.076545e-02;5.520165e-02;4.436722e-02
6.695062e-02;1.762369e-01;2.464695e-01;2.501532e-02;2.318322e-02;5.826632e-02;4.598332e-02;4.585234e-02;2.016913e-01;2.449189e-02;3.148835e-02;5.437103e-02
2.284868e-02;1.958932e-01;3.818519e-01;1.935876e-02;8.226555e-03;3.753963e-02;2.569606e-02;1.644951e-02;1.809709e-01;5.374781e-02;7.701711e-03;4.971532e-02
6.528805e-02;1.938630e-01;4.578368e-01;2.385705e-02;1.386063e-02;1.950863e-02;2.055175e-02;1.290414e-02;9.877796e-02;5.789844e-02;7.894265e-03;2.775924e-02
1.400611e-01;2.096294e-01;4.237151e-01;1.739583e-02;1.861701e-02;1.696690e-02;2.339914e-02;1.656860e-02;5.976316e-02;4.121062e-02;1.452986e-02;1.814324e-02
2.139946e-01;1.922335e-01;3.343368e-01;1.573008e-02;2.181658e-02;1.703632e-02;2.756330e-02;3.119664e-02;6.184324e-02;3.161837e-02;2.472007e-02;2.791050e-02
2.826584e-01;1.141841e-01;2.030594e-01;2.837795e-02;3.399153e-02;1.661323e-02;4.607562e-02;5.781261e-02;7.812200e-02;3.760953e-02;5.220528e-02;4.929033e-02
2.182888e-01;7.288045e-02;1.521081e-01;4.806223e-02;3.718697e-02;5.104723e-02;6.568696e-02;5.746818e-02;7.101149e-02;6.146012e-02;9.250503e-02;7.229437e-02
1.096788e-01;6.184724e-02;1.379990e-01;4.415346e-02;3.962930e-02;7.679357e-02;7.479609e-02;7.536739e-02;1.223558e-01;1.167703e-01;8.789367e-02;5.271551e-02
9.239745e-02;5.408091e-02;1.082723e-01;4.398149e-02;5.455443e-02;6.924625e-02;9.226952e-02;9.278075e-02;1.267508e-01;1.265677e-01;9.816198e-02;4.093632e-02
6.305634e-02;7.898145e-02;1.150708e-01;4.071346e-02;6.943850e-02;7.080522e-02;6.320451e-02;8.927234e-02;1.125607e-01;1.279159e-01;1.304027e-01;3.857802e-02
4.415200e-02;6.862081e-02;1.052666e-01;4.578662e-02;1.001738e-01;6.530882e-02;6.950927e-02;8.724315e-02;1.010197e-01;1.380256e-01;1.353791e-01;3.951447e-02
7.186016e-02;5.016221e-02;1.257734e-01;5.787351e-02;9.335651e-02;7.840401e-02;5.789872e-02;5.073567e-02;7.755782e-02;1.270297e-01;1.223216e-01;8.702666e-02
9.529497e-02;3.392645e-02;1.182817e-01;4.990020e-02;7.741957e-02;1.105866e-01;7.196180e-02;2.850071e-02;5.651401e-02;1.273952e-01;1.430548e-01;8.716402e-02
7.932897e-02;3.903290e-02;1.459571e-01;5.116853e-02;6.583878e-02;1.362837e-01;6.126296e-02;2.680968e-02;4.590742e-02;1.138787e-01;1.616515e-01;7.287967e-02
1.140319e-01;6.691153e-02;1.558454e-01;4.228891e-02;6.245027e-02;1.307987e-01;6.522733e-02;1.341737e-02;2.898890e-02;1.145627e-01;1.409876e-01;6.448932e-02
7.832974e-02;7.070411e-02;1.103727e-01;9.262911e-02;1.092801e-01;1.171296e-01;5.102443e-02;1.194560e-02;3.955084e-02;1.611544e-01;1.121766e-01;4.570274e-02
3.375469e-02;5.530527e-02;5.406630e-02;1.832111e-01;1.780996e-01;7.880560e-02;5.403812e-02;2.629384e-02;6.341597e-02;1.785888e-01;7.513177e-02;1.928897e-02
3.928857e-02;3.071811e-02;1.146992e-01;2.436049e-01;1.702443e-01;2.933617e-02;8.740176e-02;4.031343e-02;9.135271e-02;1.122368e-01;2.814034e-02;1.266366e-02
5.657116e-02;3.868917e-02;2.538520e-01;1.842199e-01;1.204324e-01;3.125878e-02;1.229338e-01;2.956731e-02;6.856059e-02;6.375342e-02;1.877561e-02;1.138590e-02
8.666314e-02;7.327054e-02;2.799604e-01;6.599233e-02;9.964769e-02;4.999934e-02;1.750607e-01;2.937919e-02;4.051315e-02;5.314042e-02;3.147348e-02;1.489962e-02
1.091320e-01;5.698126e-02;2.295000e-01;6.614394e-02;9.161721e-02;5.575607e-02;2.038092e-01;3.261318e-02;4.588202e-02;4.232405e-02;3.375743e-02;3.248369e-02
1.119921e-01;1.738155e-02;2.201626e-01;8.608819e-02;9.116951e-02;5.518673e-02;2.166462e-01;4.672627e-02;4.543998e-02;4.116546e-02;3.208853e-02;3.595293e-02
1.018024e-01;4.218129e-02;2.605705e-01;4.530262e-02;9.534641e-02;5.887358e-02;1.624684e-01;4.632758e-02;3.707582e-02;7.026556e-02;5.763285e-02;2.215303e-02
9.703285e-02;5.445674e-02;2.325600e-01;5.343594e-02;8.293154e-02;4.022309e-02;1.123867e-01;4.382180e-02;4.044811e-02;1.189066e-01;1.026471e-01;2.114950e-02
6.932087e-02;4.531263e-02;1.768493e-01;7.855813e-02;7.847036e-02;4.553115e-02;1.120362e-01;2.538049e-02;6.221148e-02;1.538158e-01;1.235193e-01;2.899424e-02
3.894917e-02;4.380876e-02;1.429270e-01;7.942253e-02;8.821399e-02;5.147844e-02;1.332381e-01;6.166664e-02;1.116568e-01;1.426595e-01;7.432634e-02;3.165265e-02
5.041751e-02;5.085409e-02;1.153785e-01;7.871410e-02;8.655859e-02;7.611122e-02;1.702978e-01;7.184365e-02;1.188441e-01;9.300009e-02;6.802388e-02;1.995645e-02
7.678483e-02;6.891357e-02;1.769749e-01;8.874104e-02;6.008995e-02;7.842180e-02;1.347453e-01;4.928876e-02;9.514950e-02;7.521790e-02;6.093629e-02;3.473614e-02
7.441518e-02;4.315498e-02;2.207821e-01;5.035916e-02;1.003062e-01;4.925396e-02;1.499809e-01;8.688223e-02;8.691131e-02;6.239450e-02;4.215477e-02;3.340464e-02
5.377638e-02;5.411905e-02;1.728518e-01;5.323515e-02;9.802876e-02;7.557350e-02;1.702646e-01;1.233634e-01;7.816841e-02;6.207481e-02;3.585077e-02;2.269337e-02
5.357036e-02;7.314187e-02;1.570570e-01;7.147549e-02;7.386316e-02;8.962250e-02;1.276618e-01;1.273249e-01;1.016818e-01;6.631769e-02;3.341755e-02;2.486588e-02
7.095668e-02;8.365645e-02;1.392808e-01;8.316173e-02;6.794085e-02;7.843152e-02;1.069155e-01;1.020871e-01;1.320605e-01;5.899712e-02;4.534766e-02;3.116412e-02
7.103015e-02;9.047873e-02;1.158801e-01;6.252202e-02;7.407929e-02;7.879840e-02;1.338011e-01;6.528478e-02;1.522118e-01;5.505060e-02;6.284852e-02;3.801455e-02
6.062216e-02;8.406559e-02;1.392961e-01;4.001248e-02;5.489819e-02;8.778407e-02;1.298123e-01;6.707767e-02;1.536470e-01;6.065372e-02;7.365565e-02;4.847517e-02
5.084072e-02;8.115563e-02;9.103794e-02;8.416780e-02;6.829477e-02;1.081784e-01;1.470490e-01;6.455177e-02;1.470046e-01;5.303226e-02;6.422300e-02;4.046404e-02
7.763849e-02;6.084074e-02;8.208510e-02;7.397579e-02;1.058850e-01;1.042940e-01;1.530308e-01;6.017989e-02;1.238582e-01;7.253830e-02;4.350033e-02;4.217338e-02
