7.702705e-02;9.169807e-02;7.316650e-02;5.440940e-02;6.251599e-02;1.027350e-01;6.852679e-02;1.314326e-01;1.313826e-01;4.601477e-02;7.417568e-02;8.691558e-02
9.086290e-02;6.526420e-02;8.584708e-02;6.620789e-02;7.166267e-02;8.434301e-02;8.730384e-02;1.296657e-01;1.143846e-01;4.579975e-02;6.679612e-02;9.186217e-02
1.046540e-01;5.755001e-02;8.271828e-02;6.353880e-02;6.970699e-02;9.537228e-02;8.289213e-02;1.490305e-01;1.074522e-01;5.023026e-02;5.583360e-02;8.102093e-02
1.260509e-01;7.548901e-02;5.685047e-02;4.057634e-02;4.599965e-02;1.682857e-01;4.207332e-02;1.634546e-01;8.818521e-02;9.549875e-02;5.139134e-02;4.614477e-02
1.261985e-01;8.256207e-02;4.566703e-02;2.938564e-02;3.980186e-02;2.047116e-01;4.373179e-02;1.359990e-01;7.930858e-02;1.276940e-01;4.823256e-02;3.670740e-02
7.764696e-02;8.625601e-02;7.527036e-02;2.717425e-02;6.030140e-02;1.942884e-01;5.951530e-02;1.145231e-01;8.256851e-02;9.673435e-02;7.569709e-02;5.002425e-02
4.514591e-02;8.449649e-02;8.761095e-02;4.100154e-02;7.274871e-02;1.929771e-01;4.642826e-02;8.991884e-02;9.645287e-02;6.222831e-02;1.138943e-01;6.709673e-02
4.216071e-02;6.010561e-02;8.966216e-02;6.494491e-02;8.136847e-02;1.731981e-01;2.963072e-02;1.029555e-01;9.459750e-02;6.129821e-02;1.049052e-01;9.517294e-02
3.637869e-02;6.216950e-02;9.911107e-02;1.090186e-01;7.429665e-02;1.339755e-01;5.390486e-02;1.430209e-01;6.826518e-02;6.709488e-02;7.570758e-02;7.705656e-02
4.939885e-02;8.591809e-02;8.666524e-02;1.349816e-01;7.213774e-02;1.188023e-01;4.391348e-02;1.621144e-01;7.082640e-02;1.031882e-01;3.775474e-02;3.429908e-02
8.520954e-02;5.922319e-02;4.866115e-02;9.642150e-02;3.436846e-02;1.401541e-01;6.337938e-02;1.938880e-01;5.603658e-02;8.432566e-02;6.458509e-02;7.374731e-02
1.265824e-01;4.711992e-02;4.647587e-02;8.444651e-02;4.484728e-02;1.834412e-01;3.526774e-02;1.993060e-01;5.300464e-02;6.186343e-02;5.944978e-02;5.819522e-02
1.585214e-01;3.179142e-02;4.231083e-02;4.982968e-02;5.498590e-02;2.423219e-01;6.647751e-02;1.614475e-01;6.113555e-02;5.156299e-02;4.516535e-02;3.444992e-02
1.682226e-01;6.436370e-02;3.086251e-02;3.508156e-02;2.097855e-02;2.387831e-01;7.104886e-02;1.233317e-01;5.981474e-02;8.429954e-02;2.786248e-02;7.535065e-02
1.970996e-01;6.559085e-02;3.975698e-02;3.447895e-02;2.306667e-02;1.522790e-01;7.752167e-02;1.061559e-01;7.417106e-02;9.627267e-02;1.978057e-02;1.138260e-01
1.945607e-01;9.855017e-02;4.307320e-02;6.502967e-02;2.623552e-02;1.101929e-01;9.768981e-02;6.928238e-02;8.861078e-02;4.517850e-02;3.522310e-02;1.263733e-01
1.505712e-01;1.123751e-01;6.539521e-02;8.594542e-02;4.376951e-02;1.108727e-01;8.916961e-02;4.415573e-02;8.200595e-02;3.721156e-02;4.420546e-02;1.343225e-01
8.203223e-02;8.145286e-02;9.655280e-02;7.185208e-02;4.312809e-02;1.077612e-01;9.021410e-02;1.025062e-01;8.153951e-02;7.339720e-02;7.658117e-02;9.298254e-02
3.469994e-02;1.018480e-01;8.117763e-02;4.305489e-02;5.675675e-02;7.743745e-02;1.318582e-01;1.383719e-01;5.724597e-02;5.999495e-02;1.679882e-01;4.956600e-02
2.237719e-02;1.117506e-01;6.764887e-02;2.621779e-02;6.435586e-02;5.208551e-02;1.889036e-01;1.350459e-01;3.594639e-02;2.574065e-02;2.403344e-01;2.959335e-02
1.536702e-02;1.025371e-01;3.683626e-02;1.722666e-02;7.203066e-02;2.652228e-02;2.260194e-01;1.121728e-01;4.022216e-02;1.398879e-02;3.162511e-01;2.082579e-02
1.848026e-02;8.042616e-02;1.964683e-02;1.577629e-02;7.688411e-02;2.321923e-02;2.471987e-01;7.004783e-02;5.861414e-02;1.673411e-02;3.497672e-01;2.320521e-02
1.774291e-02;6.444386e-02;1.336955e-02;1.336814e-02;7.032112e-02;2.243991e-02;2.718402e-01;5.312763e-02;7.453174e-02;2.493182e-02;3.645738e-01;9.309367e-03
8.531637e-03;5.017574e-02;1.102164e-02;1.086249e-02;6.650519e-02;3.086026e-02;2.903932e-01;4.110816e-02;8.548511e-02;1.325131e-02;3.865055e-01;5.299764e-03
1.467811e-02;5.056394e-02;1.317219e-02;1.040901e-02;7.059115e-02;3.415887e-02;2.904801e-01;4.080378e-02;7.513935e-02;3.087025e-02;3.526392e-01;1.649399e-02
3.144510e-02;6.714757e-02;1.569238e-02;1.974490e-02;7.387412e-02;4.011190e-02;3.113731e-01;6.953849e-02;4.853981e-02;3.647940e-02;2.661551e-01;1.989815e-02
3.626909e-02;8.650589e-02;4.105598e-02;2.503929e-02;6.203766e-02;7.659239e-02;3.360332e-01;8.089716e-02;2.578710e-02;3.527196e-02;1.672211e-01;2.728914e-02
2.857960e-02;1.132167e-01;7.634705e-02;2.238566e-02;3.897462e-02;8.311952e-02;2.931516e-01;1.523156e-01;3.932619e-02;4.521658e-02;8.383917e-02;2.352769e-02
2.110793e-02;1.531281e-01;1.208855e-01;2.360089e-02;2.302815e-02;5.938463e-02;2.062271e-01;2.114718e-01;3.516580e-02;5.250470e-02;7.237278e-02;2.112270e-02
2.893505e-02;1.726402e-01;1.235188e-01;2.660905e-02;4.120672e-02;8.167262e-02;1.226788e-01;2.160713e-01;5.234937e-02;4.022488e-02;6.495874e-02;2.913445e-02
3.660163e-02;1.668205e-01;7.446813e-02;2.415770e-02;4.797186e-02;1.441916e-01;9.843070e-02;1.948968e-01;7.388972e-02;2.862461e-02;7.056576e-02;3.938104e-02
3.292416e-02;1.305827e-01;3.285036e-02;2.268555e-02;4.254645e-02;1.714776e-01;8.628553e-02;1.879026e-01;8.296382e-02;3.216097e-02;1.443848e-01;3.323543e-02
3.426469e-02;1.133909e-01;3.727452e-02;2.405247e-02;1.848496e-02;1.563347e-01;1.276110e-01;1.737968e-01;6.803004e-02;2.922368e-02;1.837552e-01;3.378101e-02
1.620487e-02;1.085971e-01;4.729443e-02;2.215483e-02;3.016938e-02;1.450664e-01;1.411556e-01;1.799572e-01;8.182073e-02;4.274569e-02;1.697841e-01;1.504970e-02
2.003830e-02;7.502690e-02;5.259721e-02;1.786272e-02;3.618532e-02;1.246839e-01;1.571505e-01;1.387905e-01;1.370376e-01;4.992244e-02;1.662320e-01;2.447258e-02
1.562932e-02;1.290978e-01;9.613544e-02;1.698986e-02;1.821766e-02;1.040719e-01;1.659794e-01;1.074321e-01;1.405664e-01;3.162466e-02;1.516316e-01;2.262374e-02
7.021389e-03;1.597922e-01;1.751786e-01;3.091960e-02;2.856578e-02;6.975408e-02;1.707402e-01;1.202981e-01;9.075161e-02;1.805629e-02;1.161945e-01;1.272771e-02
5.176238e-03;1.578290e-01;2.215499e-01;5.335055e-02;4.712674e-02;6.348530e-02;1.700254e-01;1.191161e-01;4.741011e-02;1.217398e-02;8.940962e-02;1.334711e-02
1.063800e-02;1.535684e-01;1.971075e-01;6.555920e-02;4.847448e-02;6.626259e-02;1.733715e-01;1.123312e-01;4.601265e-02;2.034711e-02;8.749615e-02;1.883114e-02
1.961231e-02;1.490904e-01;1.191336e-01;6.257786e-02;4.683798e-02;8.138732e-02;2.059772e-01;1.029667e-01;6.401800e-02;3.947858e-02;9.615350e-02;1.276659e-02
2.549005e-02;1.461035e-01;3.741572e-02;5.107453e-02;5.104806e-02;1.182130e-01;2.523301e-01;9.376081e-02;7.274185e-02;3.811899e-02;1.101001e-01;3.603347e-03
3.584289e-02;1.199195e-01;4.079314e-02;4.308033e-02;4.287259e-02;1.570449e-01;2.252342e-01;8.110322e-02;6.550914e-02;5.840126e-02;1.148360e-01;1.536277e-02
3.609980e-02;7.267380e-02;8.073480e-02;4.971256e-02;3.911668e-02;1.848166e-01;1.739166e-01;9.647441e-02;6.731792e-02;7.872072e-02;9.963366e-02;2.078251e-02
3.472754e-02;3.373577e-02;8.987031e-02;6.445695e-02;7.767621e-02;1.632225e-01;1.590209e-01;1.006749e-01;1.070071e-01;6.983696e-02;8.116391e-02;1.860698e-02
2.450366e-02;6.131288e-02;1.117190e-01;5.578145e-02;8.873957e-02;1.317981e-01;1.485843e-01;7.593936e-02;1.614802e-01;5.714153e-02;7.100507e-02;1.199492e-02
1.418585e-02;1.047643e-01;1.338440e-01;3.011745e-02;7.041910e-02;9.718562e-02;1.226903e-01;7.457265e-02;1.814637e-01;5.596871e-02;1.029530e-01;1.183527e-02
1.634523e-02;1.095195e-01;1.103082e-01;2.714872e-02;4.817029e-02;9.071263e-02;1.699705e-01;9.279644e-02;1.740436e-01;4.514931e-02;9.787405e-02;1.796153e-02
1.100856e-02;8.698838e-02;7.463728e-02;4.844249e-02;3.653656e-02;9.470778e-02;2.039012e-01;1.055062e-01;1.756069e-01;4.497664e-02;9.125335e-02;2.643465e-02
2.266190e-02;5.882173e-02;2.939044e-02;6.007513e-02;4.850049e-02;1.033364e-01;2.140151e-01;1.141424e-01;1.447196e-01;6.595651e-02;1.110932e-01;2.728703e-02
1.685575e-02;4.873988e-02;6.061831e-02;4.111169e-02;5.106517e-02;1.236557e-01;2.476886e-01;1.215446e-01;8.325683e-02;3.041624e-02;1.579158e-01;1.713146e-02
1.399203e-02;4.920428e-02;6.119363e-02;1.894872e-02;3.646867e-02;1.153736e-01;2.357289e-01;1.521344e-01;7.389686e-02;4.515299e-02;1.726074e-01;2.529857e-02
4.352767e-02;6.935361e-02;8.955587e-02;4.198866e-02;4.158311e-02;1.048801e-01;1.519163e-01;1.027642e-01;6.734435e-02;7.521423e-02;1.673417e-01;4.453028e-02
4.620340e-02;1.012865e-01;1.162248e-01;5.568442e-02;4.328852e-02;1.200592e-01;9.481619e-02;8.682901e-02;8.700098e-02;7.789651e-02;1.018393e-01;6.887106e-02
3.496462e-02;1.204464e-01;1.204609e-01;6.262849e-02;4.253165e-02;1.432224e-01;7.877581e-02;7.923058e-02;8.676811e-02;7.212257e-02;7.776448e-02;8.108395e-02
4.067040e-02;1.284336e-01;1.076938e-01;5.886587e-02;3.610734e-02;1.502977e-01;6.030815e-02;1.088561e-01;8.537559e-02;5.466732e-02;8.162735e-02;8.709679e-02
3.596923e-02;1.630588e-01;1.420423e-01;4.347270e-02;3.015498e-02;1.330771e-01;7.444836e-02;1.715946e-01;7.921884e-02;3.047280e-02;4.215612e-02;5.433419e-02
1.242810e-02;1.734244e-01;1.994454e-01;1.959043e-02;3.579529e-02;6.435001e-02;1.052087e-01;1.687635e-01;5.818164e-02;1.683384e-02;9.104373e-02;5.493505e-02
1.023061e-02;2.072189e-01;2.056991e-01;1.923938e-02;3.491127e-02;4.322669e-02;1.167007e-01;1.614298e-01;4.017945e-02;1.463403e-02;1.136456e-01;3.288454e-02
9.796198e-03;2.170794e-01;2.288724e-01;1.498335e-02;3.273140e-02;3.916262e-02;1.375405e-01;1.656909e-01;2.032341e-02;8.702052e-03;1.037997e-01;2.131801e-02
7.936519e-03;1.935733e-01;2.511066e-01;1.840550e-02;4.086111e-02;2.639877e-02;1.542391e-01;1.749519e-01;1.895972e-02;5.783227e-03;8.490764e-02;2.287658e-02
8.019673e-03;1.648007e-01;2.724181e-01;2.110866e-02;5.632438e-02;2.465118e-02;1.517489e-01;1.885168e-01;1.479331e-02;5.501622e-03;7.668179e-02;1.543490e-02
1.053452e-02;1.244222e-01;2.679429e-01;3.513505e-02;6.442136e-02;5.159753e-02;1.178703e-01;2.221640e-01;1.475659e-02;1.010677e-02;6.468026e-02;1.636860e-02
6.741915e-03;7.956356e-02;2.708414e-01;4.800202e-02;5.245701e-02;1.082849e-01;8.596800e-02;2.573014e-01;1.546813e-02;1.295681e-02;3.470439e-02;2.771050e-02
9.625304e-03;5.920136e-02;2.661995e-01;4.971548e-02;3.139644e-02;1.563431e-01;6.824721e-02;2.565773e-01;2.682605e-02;1.550135e-02;8.272426e-03;5.209447e-02
1.474833e-02;4.587308e-02;2.267247e-01;7.487606e-02;3.268698e-02;1.540575e-01;5.196961e-02;2.204214e-01;8.286272e-02;1.187314e-02;1.474315e-02;6.916334e-02
4.410704e-02;4.275770e-02;1.829051e-01;1.571340e-01;3.830443e-02;7.778899e-02;3.974664e-02;1.348564e-01;1.766281e-01;1.147949e-02;5.022997e-02;4.406209e-02
8.118687e-02;2.419058e-02;1.502307e-01;2.138333e-01;5.310496e-02;2.436631e-02;5.475720e-02;9.640208e-02;1.865947e-01;2.036310e-02;7.068097e-02;2.428920e-02
8.179253e-02;3.409481e-02;1.734777e-01;2.005518e-01;7.168616e-02;2.959388e-02;6.554348e-02;8.711161e-02;1.371442e-01;2.896906e-02;6.425180e-02;2.578299e-02
5.812297e-02;5.557856e-02;1.692550e-01;1.738408e-01;8.967559e-02;5.448142e-02;7.419936e-02;8.657487e-02;9.909005e-02;3.400941e-02;7.661524e-02;2.855668e-02
3.489224e-02;7.880494e-02;1.224560e-01;1.421282e-01;1.089055e-01;7.168511e-02;6.476548e-02;1.183301e-01;8.663613e-02;2.766197e-02;1.129823e-01;3.075202e-02
4.916246e-02;7.940050e-02;9.316376e-02;6.811580e-02;1.125656e-01;8.682925e-02;5.899668e-02;1.597837e-01;1.163314e-01;3.492428e-02;1.034882e-01;3.723828e-02
3.053594e-02;7.123467e-02;1.637369e-01;1.003842e-01;6.412598e-02;1.118696e-01;7.986763e-02;1.767112e-01;8.550287e-02;1.818252e-02;6.284979e-02;3.499861e-02
3.171156e-02;1.029154e-01;1.282336e-01;1.307490e-01;4.943033e-02;1.571720e-01;9.752510e-02;1.659788e-01;5.053683e-02;2.056319e-02;3.456080e-02;3.062344e-02
3.566118e-02;1.134349e-01;1.327492e-01;1.661719e-01;4.381295e-02;1.879209e-01;7.328559e-02;1.040009e-01;6.577565e-02;1.974506e-02;2.369907e-02;3.374277e-02
2.596339e-02;1.197987e-01;1.997229e-01;1.325459e-01;3.488118e-02;1.584267e-01;8.386253e-02;8.560093e-02;7.628279e-02;3.213457e-02;2.000885e-02;3.077167e-02
1.519008e-02;9.595617e-02;1.634139e-01;9.311115e-02;6.203113e-02;1.112932e-01;1.002057e-01;1.466135e-01;1.167982e-01;7.211550e-02;1.025008e-02;1.302134e-02
1.438948e-02;6.813731e-02;1.261122e-01;7.751097e-02;4.648342e-02;1.215895e-01;1.120541e-01;1.460790e-01;1.819074e-01;8.387881e-02;1.174049e-02;1.011744e-02
1.431618e-02;5.006967e-02;7.217437e-02;5.503073e-02;4.815452e-02;1.463386e-01;1.311506e-01;1.516623e-01;2.476883e-01;6.291083e-02;9.523174e-03;1.098079e-02
9.317966e-03;5.670307e-02;5.621418e-02;4.988744e-02;5.933652e-02;1.361412e-01;1.238212e-01;2.112690e-01;2.193692e-01;5.420056e-02;1.631965e-02;7.420086e-03
1.119851e-02;8.568270e-02;1.155857e-01;4.360165e-02;8.206476e-02;8.040395e-02;1.481453e-01;2.045248e-01;1.620423e-01;3.625901e-02;2.502062e-02;5.470753e-03
9.673143e-03;9.118176e-02;1.219468e-01;3.117500e-02;6.828392e-02;6.233954e-02;1.934303e-01;2.428038e-01;1.365853e-01;2.307236e-02;1.424322e-02;5.264840e-03
6.682928e-03;9.735533e-02;1.549253e-01;3.879982e-02;4.704898e-02;7.815003e-02;2.187470e-01;2.326975e-01;9.066327e-02;1.693021e-02;8.304337e-03;9.695238e-03
8.414457e-03;9.712149e-02;1.670835e-01;4.944379e-02;4.589453e-02;1.123179e-01;1.736191e-01;1.910942e-01;9.850685e-02;3.330792e-02;1.109119e-02;1.210513e-02
1.806343e-02;9.824497e-02;1.188303e-01;4.702960e-02;7.527054e-02;1.318597e-01;1.498469e-01;1.296530e-01;1.476983e-01;4.906072e-02;1.827666e-02;1.616579e-02
2.059942e-02;7.010329e-02;6.318809e-02;4.138896e-02;7.027440e-02;1.157257e-01;1.084016e-01;1.903202e-01;2.201907e-01;5.161937e-02;2.703790e-02;2.115049e-02
1.802823e-02;5.862990e-02;4.476077e-02;3.760853e-02;5.645454e-02;5.550460e-02;6.622128e-02;2.675721e-01;2.849660e-01;5.651272e-02;3.228426e-02;2.145708e-02
1.867352e-02;6.318874e-02;7.417955e-02;4.588778e-02;4.764037e-02;6.346557e-02;4.174205e-02;2.935446e-01;2.514100e-01;4.908976e-02;3.493406e-02;1.624390e-02
2.177354e-02;8.069235e-02;7.735087e-02;5.916601e-02;5.414836e-02;7.614568e-02;5.799586e-02;3.109373e-01;1.906112e-01;2.248806e-02;4.022635e-02;8.464401e-03
2.185338e-02;9.492607e-02;8.329748e-02;6.398297e-02;5.386610e-02;7.954100e-02;5.729343e-02;3.190355e-01;1.647462e-01;1.373413e-02;3.947435e-02;8.249390e-03
1.928675e-02;6.657176e-02;7.255486e-02;8.284151e-02;8.180392e-02;1.232987e-01;1.009209e-01;2.344611e-01;1.546058e-01;2.583724e-02;3.039053e-02;7.426952e-03
1.086565e-02;2.452272e-02;5.166789e-02;8.259707e-02;1.264753e-01;1.902816e-01;1.405249e-01;1.707129e-01;1.283607e-01;4.126914e-02;2.140693e-02;1.131531e-02
1.829434e-02;4.473281e-02;8.066013e-02;7.580268e-02;1.152385e-01;1.461091e-01;1.173540e-01;1.663083e-01;1.542372e-01;5.000627e-02;1.637389e-02;1.488273e-02
2.739837e-02;6.683906e-02;1.161760e-01;7.653747e-02;9.781446e-02;1.268142e-01;1.207372e-01;9.441190e-02;1.473608e-01;7.811879e-02;2.170627e-02;2.608551e-02
2.088896e-02;9.988087e-02;1.454663e-01;3.822141e-02;1.188757e-01;7.752619e-02;8.481509e-02;1.435179e-01;1.664900e-01;6.007973e-02;1.983963e-02;2.439823e-02
2.280838e-02;1.033208e-01;1.615826e-01;7.701644e-02;1.055027e-01;5.549579e-02;3.016010e-02;1.854728e-01;1.762219e-01;3.354082e-02;2.027986e-02;2.859782e-02
2.086528e-02;1.047620e-01;1.819607e-01;1.093955e-01;7.804398e-02;6.679257e-02;1.487342e-02;1.901491e-01;1.643976e-01;2.334008e-02;1.565071e-02;2.976907e-02
9.469123e-03;1.067367e-01;2.370247e-01;1.364385e-01;6.286098e-02;8.808847e-02;8.781333e-03;1.764437e-01;1.164120e-01;1.519288e-02;7.788036e-03;3.476349e-02
8.340861e-03;1.232096e-01;2.377273e-01;1.666901e-01;7.304792e-02;1.038915e-01;1.392399e-02;1.407771e-01;6.441782e-02;1.464539e-02;4.688159e-03;4.864013e-02
1.362830e-02;1.380790e-01;2.260418e-01;1.898232e-01;8.114243e-02;9.150190e-02;1.516898e-02;1.165349e-01;5.048406e-02;1.214786e-02;4.613227e-03;6.083434e-02
1.222496e-02;1.609483e-01;2.444020e-01;1.621561e-01;7.546450e-02;8.162153e-02;1.524329e-02;1.183126e-01;5.239097e-02;1.052960e-02;4.614904e-03;6.209133e-02
1.218528e-02;2.066473e-01;2.972929e-01;1.032887e-01;7.458120e-02;5.586078e-02;8.309281e-03;1.107812e-01;6.144433e-02;5.928228e-03;1.876394e-02;4.491695e-02
2.855524e-02;2.140130e-01;2.817951e-01;1.110697e-01;8.039364e-02;4.193090e-02;6.252524e-03;8.571182e-02;6.207754e-02;1.010018e-02;3.899307e-02;3.910730e-02
4.162061e-02;1.908988e-01;2.360738e-01;1.334360e-01;6.976695e-02;4.329886e-02;1.354633e-02;7.502849e-02;6.536994e-02;1.866795e-02;4.370911e-02;6.858315e-02
7.610686e-02;1.105063e-01;1.501279e-01;1.439846e-01;5.241334e-02;3.568106e-02;1.912454e-02;1.319171e-01;1.244037e-01;2.835144e-02;5.040763e-02;7.697552e-02
8.072212e-02;6.593540e-02;1.176232e-01;9.860371e-02;6.135425e-02;4.598550e-02;1.460473e-02;1.919443e-01;1.628799e-01;2.883667e-02;7.389726e-02;5.761297e-02
5.850431e-02;7.137577e-02;1.167174e-01;8.302094e-02;4.252189e-02;6.948623e-02;1.021095e-02;2.309105e-01;1.664041e-01;3.330651e-02;6.668447e-02;5.085691e-02
3.116622e-02;9.051095e-02;1.202739e-01;9.206890e-02;3.299050e-02;1.086262e-01;1.128317e-02;2.615795e-01;1.342388e-01;3.163010e-02;4.584860e-02;3.978323e-02
4.806456e-02;1.234223e-01;1.659249e-01;7.289367e-02;3.310044e-02;1.213404e-01;2.082121e-02;2.111296e-01;8.738888e-02;1.919750e-02;4.798683e-02;4.872969e-02
5.268579e-02;1.401857e-01;1.758719e-01;6.140020e-02;3.747647e-02;9.477051e-02;1.193998e-02;1.885554e-01;1.061338e-01;2.009108e-02;5.436885e-02;5.652032e-02
5.027568e-02;1.854688e-01;2.087098e-01;5.926705e-02;3.467730e-02;7.496248e-02;2.317433e-02;1.595238e-01;8.010482e-02;2.453642e-02;4.784109e-02;5.145841e-02
4.626182e-02;1.814956e-01;2.022283e-01;8.967841e-02;4.195182e-02;6.884295e-02;3.441831e-02;1.226168e-01;7.647296e-02;3.058719e-02;3.760547e-02;6.784043e-02
9.620056e-02;1.627800e-01;1.431185e-01;1.336360e-01;5.092260e-02;5.878783e-02;1.961993e-02;8.135345e-02;8.758816e-02;3.500666e-02;4.288047e-02;8.810581e-02
1.165498e-01;1.925998e-01;9.655094e-02;1.436709e-01;6.105060e-02;6.418658e-02;1.339633e-02;8.326211e-02;7.630333e-02;3.371578e-02;4.652606e-02;7.218786e-02
5.738483e-02;1.788826e-01;1.721012e-01;6.763611e-02;6.059951e-02;6.319523e-02;3.062566e-02;1.249941e-01;8.513450e-02;4.976093e-02;5.070952e-02;5.897585e-02
3.954932e-02;1.797976e-01;9.123373e-02;4.893063e-02;6.771663e-02;9.557725e-02;1.971827e-02;1.024244e-01;1.437949e-01;8.930967e-02;6.731821e-02;5.462933e-02
2.166178e-02;1.576973e-01;7.194736e-02;5.861098e-02;1.128041e-01;8.406245e-02;9.598274e-03;7.379223e-02;1.876230e-01;1.287162e-01;5.684759e-02;3.663874e-02
1.573284e-02;1.070458e-01;5.096092e-02;5.867514e-02;1.701175e-01;6.370952e-02;3.254090e-03;5.426806e-02;2.479645e-01;1.758638e-01;3.698145e-02;1.542646e-02
1.233273e-02;8.623663e-02;3.503831e-02;7.954624e-02;1.931935e-01;3.938100e-02;4.491285e-03;6.713303e-02;2.697484e-01;1.764547e-01;2.777987e-02;8.664275e-03
9.712463e-03;7.007888e-02;4.126259e-02;1.242930e-01;2.018102e-01;2.446937e-02;9.228673e-03;6.965670e-02;2.699463e-01;1.584011e-01;1.552237e-02;5.618344e-03
1.205773e-02;8.951941e-02;5.840771e-02;1.211582e-01;1.805295e-01;1.457086e-02;9.979492e-03;8.793098e-02;2.534029e-01;1.434211e-01;1.731370e-02;1.170843e-02
1.923417e-02;1.230411e-01;4.784906e-02;6.631016e-02;1.416741e-01;4.767093e-02;1.059489e-02;1.195382e-01;2.304925e-01;1.551719e-01;1.769605e-02;2.072692e-02
7.562270e-03;1.487197e-01;4.184587e-02;5.738581e-02;1.574725e-01;7.318110e-02;1.027359e-02;1.227797e-01;1.700747e-01;1.638516e-01;2.058885e-02;2.626430e-02
1.778048e-02;1.556963e-01;3.231522e-02;6.922104e-02;2.039614e-01;7.733031e-02;9.519205e-03;9.767697e-02;1.304254e-01;1.701121e-01;1.576370e-02;2.019779e-02
4.728431e-02;1.296619e-01;3.641801e-02;6.406800e-02;1.890899e-01;7.528180e-02;1.082607e-02;9.933856e-02;1.462301e-01;1.671910e-01;1.371739e-02;2.089301e-02
1.025600e-01;7.828653e-02;4.341619e-02;5.658559e-02;1.250247e-01;6.612349e-02;1.632524e-02;1.392928e-01;2.034120e-01;1.426513e-01;1.126855e-02;1.505357e-02
1.296934e-01;3.300589e-02;3.487681e-02;5.648690e-02;7.054219e-02;3.989910e-02;2.177170e-02;1.974780e-01;2.836711e-01;1.009309e-01;1.562479e-02;1.601911e-02
1.021546e-01;3.411315e-02;2.367197e-02;3.867079e-02;4.250243e-02;2.858987e-02;2.431532e-02;2.839150e-01;3.245913e-01;5.440753e-02;1.401254e-02;2.905547e-02
5.111895e-02;3.260523e-02;1.395531e-02;4.130288e-02;3.294279e-02;4.807031e-02;1.488804e-02;3.628747e-01;3.076358e-01;4.431795e-02;1.328017e-02;3.700786e-02
1.774375e-02;4.304369e-02;4.914922e-02;4.089128e-02;3.139055e-02;6.557047e-02;2.548594e-02;3.628532e-01;2.276217e-01;8.772880e-02;1.585867e-02;3.266272e-02
1.852501e-02;5.171276e-02;8.801471e-02;5.273166e-02;3.879993e-02;4.098221e-02;2.848723e-02;3.330966e-01;1.967153e-01;1.013996e-01;2.256897e-02;2.696602e-02
1.706455e-02;6.239541e-02;7.637903e-02;5.997999e-02;4.347453e-02;6.573579e-02;2.832394e-02;3.133206e-01;1.762655e-01;1.046342e-01;1.917659e-02;3.324981e-02
2.732114e-02;6.614795e-02;6.554049e-02;3.178232e-02;3.667864e-02;8.380891e-02;3.851347e-02;2.897683e-01;1.832371e-01;1.267335e-01;2.892639e-02;2.154176e-02
1.953640e-02;5.549460e-02;4.226145e-02;3.950201e-02;4.598275e-02;1.045082e-01;1.491044e-02;2.804516e-01;2.500103e-01;1.084573e-01;2.686101e-02;1.202404e-02
2.099472e-02;3.856451e-02;4.313362e-02;1.200732e-01;1.095901e-01;1.321508e-01;2.425080e-02;2.219278e-01;1.794273e-01;7.991886e-02;1.668512e-02;1.328318e-02
4.544354e-02;9.804700e-02;9.904697e-02;1.804223e-01;1.232087e-01;8.952647e-02;3.855301e-02;1.128083e-01;7.874317e-02;5.587198e-02;4.124796e-02;3.708057e-02
7.168547e-02;1.172157e-01;1.131823e-01;1.490755e-01;1.127244e-01;1.694819e-01;5.316864e-02;6.030056e-02;3.359628e-02;5.252980e-02;4.736076e-02;1.967860e-02
8.213634e-02;9.967720e-02;9.485079e-02;1.305729e-01;1.059475e-01;2.331190e-01;4.458315e-02;5.024862e-02;3.332766e-02;5.620623e-02;3.353447e-02;3.579616e-02
7.437387e-02;5.345076e-02;8.936615e-02;8.744810e-02;1.753467e-01;2.706802e-01;2.941703e-02;4.332453e-02;4.769483e-02;4.467971e-02;1.666334e-02;6.755483e-02
4.197372e-02;2.908317e-02;8.011566e-02;6.678301e-02;2.717983e-01;2.339838e-01;2.250825e-02;5.267787e-02;6.689089e-02;2.119168e-02;1.230624e-02;1.006874e-01
1.265132e-02;5.823819e-02;5.528882e-02;1.509742e-01;2.588346e-01;1.346121e-01;2.437981e-02;8.730269e-02;5.869876e-02;1.376109e-02;5.878950e-02;8.646897e-02
2.429226e-02;8.234685e-02;8.167420e-02;2.374016e-01;1.499403e-01;6.569694e-02;2.537688e-02;1.233188e-01;3.218686e-02;1.566967e-02;1.140368e-01;4.805896e-02
7.414218e-02;6.941757e-02;1.374741e-01;1.966480e-01;8.625294e-02;6.801086e-02;6.669977e-02;1.158542e-01;2.519479e-02;3.316204e-02;1.069414e-01;2.020219e-02
1.269615e-01;5.885081e-02;2.247672e-01;1.015787e-01;5.098510e-02;4.409464e-02;1.190374e-01;8.975484e-02;3.206315e-02;5.632860e-02;7.120413e-02;2.437404e-02
1.444509e-01;7.358259e-02;2.675598e-01;5.258902e-02;1.972826e-02;2.393155e-02;1.490024e-01;5.529979e-02;3.585389e-02;1.002287e-01;3.953173e-02;3.824144e-02
1.082433e-01;6.959864e-02;2.705495e-01;4.891482e-02;1.896598e-02;3.429812e-02;1.614043e-01;6.505699e-02;5.063111e-02;1.178980e-01;3.158753e-02;2.285174e-02
8.059542e-02;7.719130e-02;2.674425e-01;5.253314e-02;3.074962e-02;3.508641e-02;1.719254e-01;7.112596e-02;6.498442e-02;9.910184e-02;2.987674e-02;1.938724e-02
7.243581e-02;9.019252e-02;2.689089e-01;3.429565e-02;3.937144e-02;6.446459e-02;1.990937e-01;5.053488e-02;7.139452e-02;7.057242e-02;1.450902e-02;2.422653e-02
6.645141e-02;8.848658e-02;2.538770e-01;5.510839e-02;4.327902e-02;6.176233e-02;1.984464e-01;6.445617e-02;6.452046e-02;5.916073e-02;2.068277e-02;2.376875e-02
6.920058e-02;1.037496e-01;2.485166e-01;3.923599e-02;4.453175e-02;8.227735e-02;1.618652e-01;8.379017e-02;6.129634e-02;5.135429e-02;2.709958e-02;2.708241e-02
6.893241e-02;1.012286e-01;2.731101e-01;6.768298e-02;4.320812e-02;1.168965e-01;8.574878e-02;7.564761e-02;5.216502e-02;3.810543e-02;4.007798e-02;3.719651e-02
6.275079e-02;1.517300e-01;2.479963e-01;7.923248e-02;4.200500e-02;7.127228e-02;1.826488e-02;1.271333e-01;7.039005e-02;4.221575e-02;3.952808e-02;4.748117e-02
5.839034e-02;1.520726e-01;1.981297e-01;7.986304e-02;5.206855e-02;9.544656e-02;4.134285e-02;1.002864e-01;9.909324e-02;4.699511e-02;3.239075e-02;4.392091e-02
5.208433e-02;1.181695e-01;1.696443e-01;7.375681e-02;4.484279e-02;1.008767e-01;4.191585e-02;1.307171e-01;1.214326e-01;7.003171e-02;4.330440e-02;3.322394e-02
