9.465601e-02;1.069479e-01;1.510453e-01;4.250805e-02;4.730676e-02;9.421626e-02;1.346228e-01;6.103408e-02;6.638061e-02;8.189195e-02;7.069390e-02;4.869642e-02
1.191938e-01;7.003598e-02;1.368887e-01;5.723131e-02;5.065164e-02;9.090053e-02;1.685298e-01;7.833045e-02;6.337398e-02;7.439407e-02;4.481532e-02;4.565445e-02
9.459637e-02;4.254869e-02;1.922039e-01;6.447973e-02;4.535082e-02;7.812606e-02;2.054944e-01;7.680418e-02;6.443550e-02;5.455412e-02;3.837955e-02;4.302663e-02
7.342546e-02;4.819389e-02;1.611430e-01;5.564708e-02;6.106129e-02;7.434922e-02;2.480892e-01;7.175963e-02;6.729157e-02;6.210773e-02;4.001098e-02;3.692096e-02
6.049480e-02;5.141229e-02;1.160397e-01;6.616828e-02;6.003377e-02;6.885455e-02;2.958924e-01;6.242339e-02;6.709375e-02;6.638066e-02;3.996475e-02;4.524161e-02
8.047101e-02;7.035527e-02;5.695958e-02;6.872685e-02;6.195816e-02;8.926836e-02;3.007696e-01;3.190571e-02;5.653697e-02;7.579423e-02;4.952639e-02;5.772793e-02
2.118738e-01;1.055860e-01;8.685850e-02;4.317355e-02;5.753481e-02;7.289571e-02;1.832612e-01;4.621626e-02;4.043209e-02;5.935495e-02;4.463213e-02;4.818098e-02
2.990298e-01;1.680015e-01;1.369824e-01;2.310989e-02;4.314997e-02;3.382218e-02;1.089850e-01;3.824189e-02;3.723621e-02;4.844451e-02;3.486278e-02;2.813392e-02
2.976318e-01;2.132820e-01;1.661444e-01;1.295929e-02;2.941559e-02;2.003387e-02;1.125045e-01;2.256429e-02;4.024107e-02;4.811416e-02;2.431076e-02;1.279817e-02
2.824507e-01;2.393846e-01;1.784644e-01;1.282977e-02;2.850071e-02;1.953960e-02;1.157928e-01;1.549615e-02;3.325897e-02;4.576366e-02;1.122892e-02;1.728968e-02
2.497823e-01;2.549426e-01;1.965957e-01;2.068019e-02;2.747750e-02;1.575485e-02;1.150096e-01;1.989241e-02;2.978544e-02;4.525573e-02;1.166650e-02;1.315715e-02
2.721306e-01;2.445764e-01;1.911884e-01;1.852315e-02;2.739363e-02;1.930668e-02;1.071032e-01;2.268203e-02;3.117951e-02;3.401701e-02;1.306998e-02;1.882933e-02
2.899326e-01;2.236887e-01;1.634019e-01;1.963493e-02;5.077950e-02;1.615756e-02;9.655425e-02;2.504231e-02;3.693059e-02;2.977773e-02;1.787963e-02;3.022038e-02
2.185372e-01;2.246068e-01;1.620389e-01;3.463277e-02;4.692631e-02;2.616511e-02;9.854991e-02;4.088737e-02;5.091127e-02;3.585158e-02;2.795083e-02;3.294200e-02
1.696842e-01;2.577187e-01;1.604137e-01;3.859321e-02;3.492143e-02;3.237265e-02;8.438399e-02;3.765930e-02;4.680160e-02;5.456144e-02;4.893175e-02;3.395799e-02
3.047495e-01;2.052589e-01;8.268002e-02;2.824385e-02;4.515146e-02;2.641858e-02;7.870542e-02;4.412749e-02;2.582095e-02;4.800525e-02;6.394283e-02;4.689577e-02
2.710586e-01;1.510855e-01;5.941129e-02;2.279924e-02;4.214314e-02;2.601166e-02;1.345460e-01;9.113660e-02;3.647787e-02;5.174920e-02;7.134762e-02;4.223320e-02
1.765317e-01;1.063760e-01;8.326640e-02;2.523651e-02;3.997131e-02;4.478989e-02;1.712158e-01;8.803315e-02;7.732376e-02;6.836372e-02;8.578996e-02;3.310186e-02
1.183553e-01;1.093429e-01;1.334760e-01;5.566229e-02;7.007429e-02;5.001494e-02;1.666841e-01;5.011968e-02;7.045387e-02;5.864671e-02;9.947900e-02;1.769094e-02
7.182778e-02;9.977803e-02;1.912047e-01;6.713741e-02;1.108757e-01;5.254982e-02;1.610171e-01;5.059907e-02;4.196318e-02;5.698152e-02;8.138347e-02;1.468220e-02
6.803622e-02;4.717257e-02;2.022566e-01;5.404384e-02;1.056891e-01;9.143202e-02;1.507929e-01;6.053160e-02;8.808542e-02;6.903663e-02;4.184021e-02;2.108296e-02
5.701204e-02;8.953859e-02;1.820259e-01;4.428448e-02;7.203192e-02;1.012514e-01;1.289859e-01;4.510742e-02;1.739178e-01;6.180238e-02;2.684004e-02;1.720214e-02
6.135326e-02;1.284542e-01;1.353430e-01;2.178674e-02;4.000265e-02;8.714587e-02;9.125534e-02;4.332345e-02;2.947915e-01;5.984264e-02;2.553410e-02;1.116729e-02
1.073460e-01;1.256044e-01;8.407599e-02;1.638565e-02;3.712695e-02;4.229881e-02;5.499669e-02;8.580228e-02;3.430369e-01;4.595360e-02;4.778533e-02;9.587424e-03
1.865436e-01;8.114468e-02;6.315357e-02;1.202287e-02;7.498312e-02;1.471442e-02;4.052148e-02;1.556798e-01;2.450732e-01;2.462085e-02;9.050605e-02;1.103639e-02
2.526094e-01;3.402739e-02;4.885579e-02;6.461766e-03;1.011067e-01;1.408764e-02;2.934980e-02;2.318540e-01;1.338022e-01;1.744743e-02;1.176364e-01;1.276148e-02
2.566970e-01;2.911792e-02;5.722573e-02;6.884891e-03;1.010634e-01;1.113581e-02;2.928850e-02;2.780673e-01;1.028602e-01;1.037265e-02;1.024807e-01;1.480598e-02
2.214765e-01;3.243401e-02;6.999187e-02;6.065329e-03;9.383278e-02;1.127862e-02;3.352399e-02;3.243569e-01;1.155186e-01;1.150794e-02;7.030733e-02;9.706231e-03
1.664829e-01;3.535540e-02;7.469688e-02;7.655862e-03;7.624833e-02;1.333262e-02;1.178730e-01;3.450218e-01;7.677366e-02;2.010124e-02;5.559074e-02;1.086749e-02
1.310693e-01;4.354374e-02;8.514584e-02;1.766566e-02;4.856695e-02;2.121408e-02;1.849584e-01;2.613412e-01;1.131312e-01;2.314083e-02;5.312368e-02;1.709920e-02
1.335497e-01;5.179700e-02;1.141782e-01;1.918372e-02;4.574972e-02;2.625702e-02;2.249054e-01;1.623895e-01;1.167221e-01;2.998336e-02;5.265860e-02;2.262564e-02
1.436928e-01;5.951196e-02;1.062239e-01;3.472892e-02;5.552485e-02;3.779106e-02;1.936607e-01;1.767275e-01;8.279359e-02;2.410144e-02;5.232481e-02;3.291858e-02
1.958326e-01;7.776639e-02;6.924833e-02;6.203058e-02;6.125030e-02;5.929263e-02;8.578796e-02;1.952516e-01;6.007181e-02;2.847889e-02;4.864978e-02;5.633922e-02
2.264713e-01;7.621205e-02;4.427711e-02;5.472441e-02;5.215798e-02;6.257717e-02;6.656650e-02;1.791988e-01;1.027989e-01;2.871889e-02;5.004998e-02;5.624694e-02
2.403475e-01;5.955607e-02;2.450039e-02;2.994157e-02;5.331175e-02;6.661891e-02;7.100412e-02;2.020622e-01;1.439508e-01;1.935854e-02;4.516262e-02;4.418547e-02
2.240794e-01;3.321758e-02;2.903306e-02;1.862914e-02;5.193207e-02;7.281481e-02;8.078690e-02;2.186109e-01;1.780276e-01;1.304162e-02;4.148455e-02;3.834239e-02
1.797301e-01;1.977772e-02;2.321726e-02;3.584815e-02;3.488391e-02;8.034521e-02;1.517275e-01;2.039752e-01;1.568856e-01;2.684887e-02;3.836185e-02;4.839870e-02
1.282566e-01;2.230861e-02;2.599727e-02;7.650522e-02;2.259191e-02;7.944262e-02;2.673188e-01;1.259398e-01;9.795877e-02;5.154590e-02;3.268291e-02;6.945166e-02
1.149840e-01;2.799935e-02;3.762707e-02;8.670899e-02;2.492181e-02;6.945673e-02;3.330497e-01;7.784436e-02;6.713204e-02;4.959226e-02;4.146059e-02;6.922307e-02
9.441274e-02;2.543370e-02;5.164834e-02;6.456598e-02;4.324233e-02;7.493863e-02;2.900098e-01;1.509541e-01;4.832133e-02;3.507848e-02;6.321149e-02;5.818309e-02
1.483043e-01;5.566408e-02;7.938433e-02;4.213661e-02;6.671264e-02;7.517961e-02;1.768346e-01;1.791837e-01;3.654711e-02;2.961931e-02;5.410238e-02;5.633141e-02
1.961348e-01;8.673780e-02;8.622167e-02;3.973883e-02;5.180475e-02;8.021986e-02;6.276152e-02;2.015488e-01;5.290555e-02;3.546900e-02;5.151490e-02;5.494247e-02
1.136972e-01;8.977072e-02;1.078409e-01;3.196102e-02;3.318164e-02;8.549683e-02;1.249351e-01;1.952030e-01;4.627844e-02;5.092799e-02;6.813979e-02;5.256748e-02
1.779833e-01;8.962876e-02;8.106878e-02;5.078788e-02;4.309648e-02;7.095688e-02;1.074019e-01;1.515001e-01;8.724510e-02;4.436629e-02;5.163993e-02;4.432462e-02
2.365900e-01;6.443231e-02;4.454680e-02;4.247279e-02;3.888956e-02;6.620054e-02;7.677661e-02;1.636308e-01;1.347222e-01;3.370331e-02;3.068078e-02;6.735421e-02
2.022672e-01;4.602696e-02;5.544400e-02;2.618078e-02;5.672108e-02;4.830334e-02;9.897154e-02;1.794550e-01;1.366553e-01;4.882024e-02;3.793709e-02;6.321745e-02
1.692914e-01;3.170711e-02;8.964465e-02;3.624189e-02;7.116070e-02;4.601335e-02;1.266742e-01;1.418311e-01;1.117083e-01;6.631700e-02;5.965689e-02;4.975337e-02
1.345077e-01;3.815544e-02;8.740560e-02;7.173999e-02;7.710005e-02;5.090624e-02;1.543531e-01;1.243613e-01;1.294069e-01;4.575247e-02;4.385699e-02;4.245424e-02
1.588890e-01;5.880069e-02;1.409588e-01;6.478233e-02;7.393261e-02;5.759320e-02;1.777495e-01;8.047166e-02;1.046269e-01;3.008147e-02;2.448997e-02;2.762378e-02
1.498607e-01;8.435430e-02;1.345751e-01;4.781813e-02;6.452595e-02;9.794801e-02;1.764631e-01;4.227648e-02;7.405005e-02;5.893331e-02;3.133849e-02;3.785630e-02
9.186297e-02;7.690015e-02;1.209461e-01;3.680137e-02;6.186906e-02;1.665033e-01;1.718902e-01;4.682073e-02;4.610862e-02;9.075276e-02;6.052064e-02;2.902410e-02
5.268387e-02;5.804176e-02;8.461821e-02;4.161081e-02;6.655150e-02;2.088511e-01;1.637183e-01;5.129838e-02;4.438510e-02;1.107990e-01;9.725316e-02;2.018877e-02
2.561686e-02;4.026533e-02;4.834717e-02;7.020355e-02;9.076906e-02;1.627497e-01;1.591357e-01;7.493445e-02;6.639387e-02;1.289619e-01;1.186747e-01;1.394773e-02
4.845508e-02;4.343997e-02;4.383783e-02;6.290051e-02;1.023491e-01;1.311672e-01;1.232774e-01;1.049467e-01;7.131185e-02;1.351582e-01;1.099258e-01;2.323050e-02
8.539753e-02;6.138589e-02;5.157437e-02;6.179167e-02;1.067274e-01;1.491034e-01;7.133029e-02;9.445760e-02;6.781791e-02;1.327589e-01;9.314379e-02;2.451119e-02
9.222624e-02;5.818588e-02;4.620577e-02;5.526509e-02;1.004978e-01;1.302751e-01;1.663559e-01;8.476967e-02;8.970764e-02;1.011876e-01;5.867077e-02;1.665252e-02
8.116958e-02;5.045290e-02;7.633431e-02;4.285797e-02;7.094308e-02;8.970390e-02;2.469884e-01;9.100752e-02;1.040925e-01;7.822444e-02;4.756453e-02;2.066090e-02
6.904984e-02;2.554781e-02;1.026906e-01;3.604569e-02;5.546309e-02;9.795135e-02;2.185024e-01;1.378524e-01;9.987908e-02;7.965247e-02;6.094993e-02;1.641531e-02
9.271066e-02;5.149705e-02;1.072078e-01;4.371088e-02;6.063265e-02;1.132534e-01;1.603100e-01;1.188216e-01;7.627488e-02;8.594399e-02;7.144935e-02;1.818776e-02
1.037514e-01;6.141784e-02;9.009880e-02;3.883687e-02;8.190872e-02;9.488412e-02;1.939263e-01;6.715446e-02;6.733129e-02;9.484534e-02;7.126176e-02;3.458306e-02
8.718516e-02;3.405605e-02;6.247174e-02;2.591090e-02;8.032912e-02;1.035124e-01;2.210385e-01;1.131529e-01;7.283082e-02;9.318423e-02;7.075910e-02;3.556915e-02
8.029582e-02;3.064820e-02;8.404662e-02;5.293934e-02;7.012746e-02;1.350811e-01;1.559123e-01;1.305898e-01;8.049979e-02;6.983045e-02;6.771312e-02;4.231592e-02
4.364464e-02;4.678033e-02;1.211883e-01;1.012196e-01;1.088380e-01;9.170239e-02;1.094109e-01;1.088967e-01;1.258448e-01;6.774887e-02;5.351587e-02;2.120969e-02
7.027574e-02;2.057542e-02;1.727386e-01;9.456155e-02;1.064212e-01;7.357387e-02;1.598136e-01;6.951231e-02;9.460390e-02;7.292927e-02;5.108835e-02;1.390625e-02
6.477053e-02;3.636041e-02;1.527688e-01;1.024112e-01;8.548477e-02;9.229030e-02;1.913203e-01;5.334351e-02;5.302520e-02;7.713588e-02;6.758544e-02;2.350377e-02
5.150815e-02;4.102482e-02;9.857372e-02;1.212766e-01;7.636175e-02;1.141824e-01;1.921936e-01;4.827267e-02;4.934152e-02;9.621888e-02;8.818616e-02;2.285976e-02
2.886511e-02;4.634816e-02;5.901497e-02;1.251155e-01;7.972907e-02;1.078630e-01;2.144502e-01;7.052570e-02;6.043005e-02;9.990422e-02;8.626368e-02;2.149031e-02
6.446848e-02;5.145102e-02;8.939881e-02;1.075733e-01;7.409713e-02;8.331253e-02;2.128487e-01;8.655889e-02;6.447981e-02;8.229636e-02;6.491730e-02;1.859770e-02
8.254852e-02;6.770659e-02;9.000225e-02;1.103549e-01;6.817348e-02;9.012805e-02;1.296512e-01;9.121208e-02;8.914091e-02;1.060877e-01;5.075461e-02;2.423966e-02
4.115128e-02;5.163031e-02;8.149549e-02;1.470419e-01;9.531648e-02;1.017677e-01;7.840289e-02;1.012276e-01;1.042955e-01;1.039592e-01;6.978229e-02;2.392941e-02
2.507954e-02;4.045549e-02;5.892131e-02;1.498458e-01;8.988938e-02;1.511295e-01;1.093908e-01;9.717486e-02;7.492870e-02;9.109864e-02;9.158853e-02;2.049745e-02
2.083525e-02;2.219711e-02;5.551473e-02;1.089714e-01;6.787148e-02;2.645752e-01;1.316684e-01;5.556402e-02;5.248025e-02;8.802984e-02;1.189534e-01;1.333904e-02
2.970701e-02;1.137118e-02;6.122081e-02;4.403763e-02;5.799220e-02;3.691426e-01;7.759035e-02;1.612270e-02;6.557055e-02;1.204359e-01;1.353922e-01;1.141688e-02
3.328181e-02;1.016602e-02;6.639375e-02;1.374876e-02;4.977091e-02;3.634139e-01;4.484800e-02;1.236919e-02;8.701607e-02;1.733087e-01;1.315191e-01;1.416389e-02
3.137759e-02;1.016991e-02;7.678339e-02;1.720992e-02;4.882758e-02;2.635597e-01;5.332829e-02;1.485675e-02;1.648822e-01;1.815286e-01;1.169096e-01;2.056644e-02
1.563637e-02;8.408994e-03;7.551961e-02;2.023969e-02;6.764694e-02;1.920223e-01;7.607630e-02;2.682193e-02;2.197735e-01;1.702344e-01;1.014780e-01;2.614199e-02
2.667035e-02;8.363975e-03;6.054405e-02;1.853051e-02;9.441980e-02;1.405796e-01;1.362439e-01;7.629808e-02;2.071613e-01;1.199262e-01;6.978959e-02;4.147262e-02
2.053747e-02;2.044369e-02;5.120728e-02;1.968515e-02;8.516763e-02;1.230166e-01;2.965697e-01;1.098690e-01;1.223139e-01;5.672738e-02;3.124923e-02;6.321295e-02
5.039125e-02;2.582121e-02;2.718294e-02;3.345248e-02;3.242173e-02;7.168025e-02;4.897088e-01;5.936631e-02;4.719368e-02;5.618168e-02;3.522429e-02;7.137533e-02
6.252129e-02;2.197589e-02;1.627784e-02;3.557651e-02;2.052540e-02;4.901190e-02;5.239933e-01;4.076917e-02;2.506068e-02;9.559668e-02;3.389907e-02;7.479230e-02
1.005553e-01;1.471033e-02;1.595752e-02;3.485625e-02;1.467677e-02;5.060241e-02;3.967677e-01;6.907620e-02;4.180366e-02;1.569418e-01;2.617206e-02;7.788002e-02
1.628338e-01;1.339482e-02;1.861172e-02;2.482991e-02;1.036466e-02;7.671120e-02;2.072357e-01;8.262999e-02;1.239196e-01;1.782851e-01;2.043694e-02;8.074652e-02
2.477081e-01;4.624816e-02;1.973907e-02;1.492399e-02;1.679855e-02;6.481361e-02;8.795769e-02;1.205553e-01;1.764438e-01;1.222130e-01;1.748795e-02;6.511073e-02
2.602588e-01;1.068148e-01;6.767942e-02;9.370841e-03;2.156278e-02;2.984963e-02;6.495684e-02;1.503604e-01;1.489472e-01;9.081823e-02;1.392250e-02;3.545848e-02
1.916068e-01;1.581213e-01;1.425886e-01;7.725487e-03;1.360442e-02;3.316282e-02;9.139187e-02;1.425486e-01;1.041807e-01;9.465936e-02;1.119018e-02;9.219831e-03
1.076060e-01;1.435512e-01;2.357568e-01;1.418911e-02;9.411894e-03;2.976903e-02;1.013653e-01;1.548539e-01;8.500741e-02;9.802844e-02;1.125292e-02;9.208032e-03
2.663000e-02;8.773977e-02;2.716923e-01;3.278294e-02;1.304129e-02;2.387566e-02;9.723604e-02;1.265352e-01;1.713359e-01;1.201330e-01;1.755130e-02;1.144660e-02
4.474275e-02;4.607904e-02;2.061566e-01;6.680909e-02;3.181622e-02;3.891086e-02;6.515954e-02;1.174265e-01;2.169546e-01;1.217646e-01;3.588622e-02;8.293864e-03
6.011524e-02;2.413998e-02;1.645939e-01;9.644201e-02;8.744541e-02;4.665614e-02;6.128067e-02;1.314815e-01;1.348070e-01;1.285749e-01;4.788132e-02;1.658193e-02
5.045587e-02;3.659285e-02;1.083342e-01;8.329742e-02;1.434387e-01;4.635663e-02;8.242486e-02;8.003546e-02;1.938699e-01;1.063724e-01;3.063074e-02;3.819095e-02
3.846028e-02;2.793593e-02;1.001235e-01;5.398066e-02;1.664599e-01;7.799871e-02;9.674484e-02;4.091624e-02;3.024979e-01;4.294764e-02;1.127937e-02;4.065504e-02
7.337625e-02;2.226419e-02;1.323975e-01;2.490113e-02;1.477177e-01;1.104416e-01;1.408710e-01;4.944910e-02;2.124629e-01;3.529049e-02;1.544904e-02;3.537906e-02
1.117408e-01;1.743316e-02;1.018816e-01;1.971694e-02;1.519923e-01;1.496807e-01;2.211080e-01;6.404775e-02;8.007235e-02;3.449512e-02;1.744222e-02;3.038918e-02
1.094971e-01;2.728490e-02;9.003895e-02;2.206016e-02;1.576004e-01;1.599239e-01;2.851837e-01;5.444522e-02;3.095658e-02;2.320522e-02;1.727631e-02;2.252746e-02
7.742453e-02;2.106776e-02;1.005457e-01;2.554209e-02;1.496355e-01;1.505993e-01;3.026008e-01;6.255683e-02;4.565197e-02;2.822824e-02;1.609901e-02;2.004827e-02
5.527686e-02;1.644305e-02;1.400484e-01;5.228160e-02;1.679059e-01;1.338059e-01;2.432682e-01;5.217789e-02;5.123099e-02;4.139890e-02;1.414918e-02;3.201318e-02
4.906538e-02;2.476387e-02;2.097971e-01;8.299674e-02;1.454447e-01;1.350208e-01;1.219720e-01;6.524544e-02;3.989175e-02;6.171529e-02;2.883576e-02;3.525120e-02
5.070077e-02;3.711629e-02;2.925105e-01;8.786311e-02;6.582376e-02;1.355112e-01;8.359784e-02;7.842988e-02;4.538999e-02;5.986588e-02;3.384962e-02;2.934116e-02
6.726734e-02;4.129507e-02;3.047063e-01;6.261553e-02;7.176820e-02;1.007538e-01;1.438788e-01;6.405891e-02;4.557483e-02;5.659280e-02;1.794771e-02;2.354073e-02
8.245930e-02;3.864421e-02;3.060709e-01;3.850841e-02;9.050011e-02;7.555795e-02;1.752141e-01;5.030084e-02;4.536890e-02;6.283852e-02;1.137154e-02;2.316523e-02
6.560226e-02;3.938030e-02;3.076485e-01;4.328289e-02;1.092406e-01;9.900106e-02;1.535326e-01;3.022186e-02;6.236553e-02;4.947038e-02;1.434410e-02;2.590986e-02
3.131287e-02;2.395848e-02;3.658173e-01;7.623613e-02;1.263902e-01;1.063032e-01;1.030652e-01;3.688845e-02;6.883465e-02;2.545029e-02;1.256802e-02;2.317515e-02
3.938381e-02;4.575616e-02;3.823951e-01;8.285798e-02;9.411625e-02;7.581852e-02;9.274414e-02;4.622042e-02;8.421936e-02;2.183660e-02;1.524969e-02;1.940190e-02
6.474945e-02;6.856110e-02;3.342425e-01;6.331393e-02;7.956503e-02;7.165758e-02;1.211460e-01;4.842268e-02;7.290503e-02;3.269086e-02;1.988370e-02;2.286209e-02
8.161836e-02;7.263830e-02;3.310498e-01;3.062537e-02;6.796152e-02;7.486735e-02;1.450099e-01;5.468290e-02;7.808010e-02;2.666556e-02;1.797610e-02;1.882476e-02
9.803157e-02;4.770761e-02;3.286273e-01;3.117489e-02;7.818817e-02;9.180707e-02;1.230252e-01;6.194469e-02;6.625525e-02;2.090579e-02;2.344238e-02;2.889012e-02
1.227759e-01;3.404785e-02;2.627251e-01;3.599130e-02;9.262071e-02;1.324406e-01;7.298297e-02;6.945041e-02;5.847746e-02;5.668754e-02;2.741758e-02;3.438271e-02
1.482366e-01;7.603076e-02;1.375782e-01;6.730439e-02;8.152453e-02;1.149094e-01;8.581275e-02;8.611674e-02;4.757920e-02;7.488362e-02;4.371651e-02;3.630735e-02
8.778302e-02;7.557002e-02;1.750361e-01;1.118980e-01;6.641661e-02;6.591533e-02;1.224951e-01;7.466163e-02;5.905078e-02;5.863588e-02;5.453287e-02;4.800477e-02
5.326913e-02;5.340904e-02;2.077109e-01;1.020180e-01;7.288127e-02;5.002468e-02;1.417158e-01;5.873077e-02;5.562797e-02;6.435619e-02;6.918170e-02;7.107454e-02
6.717278e-02;4.319331e-02;1.620306e-01;6.765759e-02;6.777423e-02;5.612756e-02;1.698724e-01;5.995019e-02;4.864977e-02;6.202351e-02;8.787001e-02;1.076781e-01
1.752638e-01;3.968702e-02;1.164710e-01;1.022802e-01;5.656840e-02;3.039116e-02;1.555686e-01;5.078007e-02;4.044868e-02;5.128403e-02;6.228041e-02;1.189766e-01
2.999693e-01;7.771833e-02;7.287813e-02;7.429876e-02;4.683384e-02;3.174177e-02;1.134996e-01;6.999264e-02;3.733588e-02;5.029663e-02;4.001804e-02;8.541703e-02
3.564322e-01;9.714381e-02;1.018519e-01;3.340156e-02;5.571084e-02;2.153469e-02;8.442090e-02;1.001100e-01;3.846049e-02;3.533104e-02;2.413536e-02;5.146722e-02
3.624316e-01;1.065357e-01;1.166573e-01;1.477177e-02;6.002913e-02;1.056155e-02;6.342179e-02;1.254881e-01;4.224062e-02;4.173090e-02;1.374639e-02;4.238520e-02
3.643761e-01;1.001629e-01;1.151499e-01;1.045548e-02;5.455321e-02;1.300436e-02;4.102792e-02;1.652356e-01;3.542720e-02;4.369440e-02;1.266778e-02;4.424516e-02
3.574713e-01;7.970525e-02;1.180438e-01;1.132604e-02;4.267895e-02;1.877216e-02;3.446438e-02;1.882866e-01;3.726381e-02;4.002185e-02;1.643021e-02;5.553556e-02
3.332570e-01;5.584320e-02;9.308626e-02;1.666011e-02;3.309654e-02;2.883729e-02;6.026866e-02;1.548183e-01;6.999756e-02;5.775989e-02;2.236406e-02;7.401116e-02
3.290996e-01;3.687479e-02;7.266653e-02;3.521508e-02;3.459122e-02;3.043166e-02;1.065217e-01;8.566382e-02;7.485818e-02;6.132884e-02;2.774442e-02;1.050040e-01
2.577710e-01;6.061158e-02;6.783926e-02;5.849480e-02;3.087769e-02;2.711861e-02;1.680938e-01;5.556092e-02;4.061088e-02;6.051023e-02;4.061063e-02;1.319006e-01
9.544192e-02;6.113171e-02;6.547298e-02;7.772096e-02;3.375994e-02;3.237296e-02;2.350465e-01;8.461285e-02;2.402655e-02;7.571267e-02;5.698824e-02;1.577127e-01
1.248503e-01;5.127748e-02;8.681945e-02;6.066032e-02;3.275124e-02;4.279518e-02;2.231916e-01;7.995895e-02;2.731190e-02;5.432906e-02;6.875236e-02;1.473021e-01
1.411068e-01;3.332979e-02;8.223826e-02;3.482801e-02;3.818730e-02;7.497369e-02;1.682320e-01;8.361626e-02;4.079356e-02;5.722098e-02;1.120321e-01;1.334412e-01
7.279233e-02;4.928603e-02;7.741472e-02;4.510633e-02;6.086006e-02;9.182547e-02;1.406301e-01;7.453553e-02;4.351569e-02;9.209839e-02;1.504172e-01;1.015181e-01
1.763452e-01;6.359602e-02;8.541613e-02;6.146605e-02;1.028845e-01;5.161175e-02;1.016389e-01;4.563653e-02;3.376454e-02;1.121334e-01;9.287099e-02;7.263598e-02
2.058074e-01;5.481864e-02;1.060003e-01;5.959111e-02;9.854390e-02;6.204964e-02;1.174383e-01;4.147940e-02;3.445219e-02;8.841411e-02;6.709241e-02;6.431263e-02
2.118576e-01;4.096087e-02;7.695423e-02;3.631327e-02;6.369148e-02;7.532442e-02;1.651361e-01;4.577480e-02;4.752328e-02;9.039415e-02;7.690446e-02;6.916533e-02
2.044007e-01;3.789916e-02;8.968944e-02;3.888935e-02;4.248203e-02;8.482058e-02;1.689340e-01;4.680141e-02;7.334585e-02;9.723578e-02;6.550837e-02;4.999333e-02
1.905010e-01;4.073748e-02;7.474661e-02;6.156975e-02;4.347187e-02;9.134204e-02;1.157894e-01;8.522934e-02;1.094478e-01;9.764011e-02;3.633422e-02;5.319034e-02
1.616490e-01;5.702227e-02;4.538596e-02;4.413171e-02;5.455254e-02;9.450244e-02;8.358056e-02;7.305965e-02;1.074477e-01;1.750199e-01;3.837135e-02;6.527697e-02
1.378327e-01;5.701422e-02;7.357323e-02;3.337654e-02;9.132001e-02;7.684588e-02;5.491995e-02;7.082381e-02;1.027244e-01;1.897840e-01;5.148270e-02;6.030255e-02
1.160417e-01;5.216724e-02;1.040736e-01;4.353256e-02;1.225626e-01;6.166214e-02;6.234042e-02;7.915279e-02;7.587691e-02;1.658346e-01;5.839997e-02;5.835547e-02
1.403509e-01;6.463329e-02;8.928563e-02;7.152645e-02;8.631841e-02;8.581480e-02;9.656947e-02;7.662909e-02;4.446727e-02;1.338054e-01;4.607746e-02;6.452186e-02
1.089166e-01;5.617012e-02;7.879553e-02;1.066829e-01;6.252623e-02;8.519874e-02;1.289881e-01;1.032901e-01;5.340027e-02;1.295673e-01;3.515025e-02;5.131376e-02
7.119062e-02;3.499296e-02;9.779843e-02;1.069805e-01;9.606773e-02;6.635729e-02;1.335708e-01;1.319582e-01;8.159243e-02;1.086433e-01;3.569892e-02;3.514875e-02
8.956720e-02;4.731985e-02;9.879375e-02;9.796789e-02;1.032027e-01;7.655876e-02;1.009756e-01;1.083159e-01;9.684292e-02;8.449117e-02;5.958224e-02;3.638206e-02
1.537828e-01;6.104146e-02;1.200422e-01;5.694943e-02;8.908722e-02;9.056978e-02;4.887621e-02;6.185792e-02;1.396592e-01;5.289290e-02;8.066054e-02;4.458023e-02
1.596995e-01;8.178375e-02;1.238631e-01;3.657969e-02;6.038625e-02;8.202116e-02;7.186957e-02;3.577292e-02;1.415457e-01;6.501640e-02;7.935629e-02;6.210570e-02
1.323311e-01;6.870470e-02;1.295458e-01;3.481600e-02;5.249949e-02;5.893059e-02;1.217633e-01;4.610483e-02;1.015618e-01;1.283566e-01;6.940561e-02;5.598024e-02
9.686426e-02;5.052604e-02;1.275249e-01;4.492718e-02;7.049103e-02;6.199195e-02;1.551138e-01;5.397300e-02;8.170920e-02;1.549256e-01;5.760601e-02;4.434701e-02
7.873633e-02;5.200309e-02;1.314856e-01;8.115670e-02;6.809211e-02;7.789122e-02;1.978171e-01;5.975110e-02;6.499672e-02;1.130865e-01;3.710464e-02;3.787889e-02
8.151705e-02;5.431093e-02;1.694975e-01;6.597193e-02;6.565528e-02;6.711381e-02;1.807960e-01;5.581672e-02;5.957446e-02;1.189369e-01;4.658927e-02;3.422010e-02
1.069143e-01;5.056081e-02;1.702854e-01;4.467849e-02;8.833034e-02;8.123390e-02;1.026849e-01;5.878652e-02;5.555694e-02;1.333455e-01;5.601059e-02;5.161238e-02
1.056531e-01;4.810259e-02;1.605711e-01;6.164074e-02;6.932869e-02;9.633406e-02;7.933475e-02;4.972496e-02;6.747447e-02;1.441237e-01;5.638361e-02;6.132824e-02
6.587264e-02;4.917184e-02;1.244734e-01;5.879144e-02;4.811960e-02;9.450958e-02;1.293993e-01;6.897462e-02;8.969003e-02;1.705140e-01;5.100377e-02;4.947976e-02
5.918260e-02;5.763863e-02;7.938360e-02;5.502041e-02;8.264063e-02;5.728943e-02;1.529595e-01;8.345881e-02;1.060527e-01;1.765993e-01;4.547803e-02;4.429634e-02
6.712484e-02;5.001014e-02;1.007878e-01;3.640694e-02;9.909323e-02;5.350137e-02;1.512784e-01;9.194586e-02;9.645787e-02;1.402560e-01;6.148379e-02;5.165382e-02
4.473729e-02;5.088024e-02;1.554524e-01;6.160655e-02;1.028724e-01;5.996349e-02;1.530894e-01;6.931107e-02;1.040338e-01;8.788521e-02;5.633207e-02;5.383607e-02
4.786238e-02;4.667322e-02;1.350370e-01;1.186075e-01;9.305128e-02;7.096297e-02;1.675906e-01;4.962829e-02;9.315906e-02;8.128037e-02;4.639415e-02;4.975318e-02
4.564099e-02;4.756264e-02;1.538426e-01;1.091805e-01;8.169442e-02;6.117763e-02;1.484090e-01;8.351678e-02;9.067605e-02;8.413929e-02;4.277177e-02;5.138836e-02
4.851568e-02;5.894540e-02;1.713618e-01;8.023465e-02;9.485167e-02;6.828476e-02;1.367533e-01;9.281957e-02;1.021677e-01;7.989344e-02;1.720234e-02;4.896966e-02
7.914202e-02;6.934786e-02;1.219539e-01;7.157458e-02;1.131725e-01;6.430929e-02;9.614852e-02;8.539394e-02;7.738096e-02;1.401444e-01;3.388450e-02;4.754755e-02
4.717536e-02;5.537849e-02;1.494595e-01;7.135975e-02;7.157829e-02;9.132149e-02;1.821875e-01;5.591558e-02;6.607155e-02;1.017512e-01;6.344131e-02;4.436005e-02
5.850992e-02;5.169769e-02;1.277111e-01;5.877493e-02;6.590927e-02;8.988720e-02;2.266669e-01;5.073734e-02;7.736670e-02;8.785325e-02;5.373876e-02;5.114685e-02
6.285220e-02;4.619447e-02;1.044827e-01;5.009305e-02;5.461866e-02;8.119603e-02;2.466842e-01;6.307825e-02;9.975442e-02;9.379000e-02;4.013065e-02;5.712537e-02
5.643835e-02;3.126789e-02;1.138805e-01;4.089667e-02;3.809567e-02;8.642616e-02;2.089638e-01;6.106249e-02;1.177736e-01;7.993088e-02;1.172213e-01;4.804271e-02
6.552523e-02;2.253295e-02;1.353559e-01;2.977011e-02;2.880051e-02;1.237342e-01;1.161919e-01;4.425986e-02;1.010144e-01;6.772652e-02;2.468246e-01;1.826383e-02
7.072932e-02;1.449706e-02;1.496082e-01;2.195085e-02;2.146368e-02;1.479486e-01;4.319206e-02;3.397029e-02;7.523114e-02;5.053552e-02;3.411185e-01;2.975472e-02
6.327593e-02;1.578273e-02;1.598446e-01;1.559596e-02;2.154459e-02;1.485443e-01;3.523886e-02;3.866591e-02;8.738660e-02;6.222918e-02;3.354255e-01;1.646590e-02
5.089029e-02;1.987381e-02;1.527892e-01;1.481952e-02;3.216255e-02;1.275326e-01;9.080537e-02;3.782406e-02;1.116048e-01;4.736664e-02;2.721382e-01;4.219306e-02
2.636506e-02;2.395965e-02;1.380693e-01;2.928792e-02;4.310815e-02;1.011211e-01;1.293256e-01;8.044789e-02;1.185713e-01;3.766485e-02;1.784631e-01;9.361593e-02
3.484528e-02;4.825902e-02;9.817806e-02;6.963407e-02;4.081276e-02;7.418714e-02;1.974003e-01;9.449673e-02;7.577117e-02;3.581459e-02;6.591258e-02;1.646883e-01
4.850121e-02;5.700057e-02;3.025198e-02;1.347149e-01;1.990137e-02;5.520783e-02;2.417706e-01;8.991589e-02;4.739902e-02;4.552208e-02;6.418835e-02;1.656262e-01
8.729525e-02;4.095098e-02;4.052339e-02;1.365990e-01;2.996707e-02;4.899123e-02;2.054727e-01;1.241176e-01;7.107843e-02;6.124162e-02;5.488184e-02;9.888094e-02
1.210731e-01;4.739657e-02;7.035871e-02;7.315405e-02;7.143559e-02;3.233231e-02;1.340970e-01;1.917856e-01;1.198366e-01;5.010467e-02;4.217590e-02;4.624989e-02
1.015964e-01;1.074278e-01;8.958453e-02;4.415864e-02;6.920627e-02;3.689260e-02;8.156687e-02;1.548077e-01;2.198893e-01;4.500711e-02;2.935007e-02;2.051281e-02
5.161550e-02;1.308972e-01;1.368046e-01;6.537915e-02;3.381642e-02;4.513398e-02;5.164711e-02;7.201680e-02;3.026839e-01;7.366129e-02;1.941976e-02;1.692426e-02
3.202558e-02;8.552845e-02;2.117395e-01;7.509504e-02;4.373717e-02;2.375573e-02;4.943513e-02;5.609582e-02;2.448246e-01;1.271712e-01;3.269911e-02;1.789264e-02
3.742420e-02;4.663321e-02;2.201345e-01;1.091537e-01;4.513175e-02;3.351227e-02;5.212789e-02;5.432931e-02;1.680089e-01;1.337255e-01;7.623996e-02;2.357880e-02
3.872579e-02;2.851167e-02;1.575429e-01;1.600810e-01;7.134882e-02;5.173692e-02;3.995360e-02;6.436799e-02;1.414699e-01;9.955147e-02;1.095050e-01;3.720497e-02
3.021168e-02;2.589195e-02;1.418042e-01;1.711996e-01;1.403620e-01;5.198276e-02;5.787820e-02;4.172027e-02;1.355642e-01;6.793252e-02;9.677234e-02;3.868032e-02
3.383083e-02;2.389712e-02;1.499683e-01;1.467281e-01;1.715705e-01;6.386009e-02;8.374157e-02;1.873911e-02;1.750805e-01;4.476227e-02;6.544182e-02;2.237978e-02
5.286890e-02;4.438554e-02;1.598711e-01;1.035754e-01;1.084822e-01;5.092018e-02;9.901757e-02;6.877831e-02;2.014644e-01;3.992849e-02;5.178142e-02;1.892646e-02
7.837079e-02;5.850340e-02;2.003169e-01;6.975475e-02;5.949956e-02;4.115972e-02;7.088956e-02;1.166142e-01;1.357541e-01;6.209506e-02;6.185986e-02;4.518206e-02
7.370228e-02;4.060570e-02;1.805926e-01;7.584683e-02;9.477516e-02;5.726043e-02;4.523551e-02;1.131211e-01;9.595769e-02;4.441144e-02;9.375422e-02;8.473705e-02
4.240296e-02;6.070744e-02;1.511087e-01;7.589043e-02;9.111144e-02;6.316467e-02;8.660046e-02;9.331480e-02;1.343675e-01;7.021492e-02;8.211110e-02;4.900565e-02
3.723815e-02;4.507046e-02;1.602440e-01;7.391111e-02;1.051124e-01;5.150292e-02;1.272614e-01;1.030867e-01;1.205089e-01;1.010139e-01;4.813774e-02;2.691229e-02
4.751763e-02;4.948352e-02;8.693331e-02;9.839758e-02;1.173500e-01;4.559700e-02;1.225888e-01;9.846888e-02;1.350056e-01;1.076006e-01;4.062557e-02;5.043148e-02
5.405539e-02;6.118333e-02;1.406178e-01;8.387695e-02;9.085613e-02;4.331978e-02;6.479646e-02;9.593402e-02;1.533412e-01;1.004577e-01;4.630266e-02;6.525860e-02
4.746490e-02;5.551416e-02;1.107705e-01;7.286870e-02;1.000164e-01;5.646925e-02;4.629018e-02;9.941003e-02;1.689032e-01;1.426351e-01;2.296485e-02;7.669278e-02
4.403739e-02;6.026389e-02;7.168726e-02;5.363720e-02;1.161060e-01;5.460501e-02;4.553394e-02;7.886409e-02;1.392121e-01;2.554539e-01;1.935555e-02;6.124373e-02
3.991587e-02;5.478408e-02;1.016905e-01;5.282293e-02;1.051327e-01;4.018828e-02;5.494662e-02;4.754776e-02;1.479509e-01;2.869422e-01;3.499483e-02;3.308342e-02
3.956311e-02;3.482749e-02;1.096991e-01;8.330776e-02;1.056507e-01;4.548053e-02;6.775706e-02;7.663151e-02;1.391354e-01;2.372018e-01;3.920318e-02;2.154244e-02
4.541855e-02;2.276682e-02;1.002238e-01;7.467850e-02;1.009955e-01;4.118869e-02;9.300902e-02;9.578780e-02;8.138216e-02;2.804742e-01;4.653094e-02;1.754404e-02
4.481436e-02;3.408510e-02;1.172693e-01;7.517110e-02;1.038446e-01;4.144952e-02;9.985042e-02;1.076934e-01;1.482801e-01;1.665087e-01;4.063638e-02;2.039699e-02
3.526643e-02;4.294861e-02;9.561671e-02;7.425117e-02;9.426893e-02;4.141042e-02;7.934521e-02;1.180598e-01;2.043059e-01;1.359844e-01;4.796304e-02;3.057938e-02
2.867499e-02;4.861754e-02;1.058093e-01;6.446268e-02;9.256113e-02;3.721924e-02;5.639477e-02;1.087709e-01;1.930740e-01;1.857962e-01;3.792502e-02;4.069415e-02
5.387432e-02;5.526194e-02;1.596996e-01;6.123429e-02;8.359891e-02;3.343438e-02;7.509512e-02;6.918846e-02;1.621315e-01;1.936744e-01;2.039642e-02;3.241071e-02
6.387863e-02;7.745534e-02;1.405073e-01;4.967433e-02;4.853579e-02;3.144532e-02;9.444595e-02;6.136801e-02;2.221267e-01;1.388032e-01;3.991165e-02;3.184773e-02
5.733569e-02;8.369374e-02;1.075889e-01;3.560565e-02;4.770210e-02;4.414599e-02;1.322089e-01;5.406915e-02;2.426077e-01;1.219017e-01;3.932293e-02;3.381750e-02
7.545866e-02;7.020048e-02;9.434759e-02;4.659496e-02;5.469557e-02;5.196770e-02;1.491582e-01;7.623853e-02;1.717615e-01;1.455037e-01;2.577082e-02;3.830231e-02
1.470074e-01;8.233602e-02;1.525643e-01;5.478813e-02;5.925625e-02;4.363992e-02;1.133472e-01;6.292604e-02;9.187853e-02;9.639190e-02;4.522666e-02;5.063771e-02
1.873560e-01;7.574332e-02;1.750758e-01;7.029669e-02;4.062563e-02;4.007134e-02;1.331227e-01;4.170769e-02;5.195342e-02;7.761342e-02;4.608009e-02;6.035388e-02
2.301613e-01;3.620349e-02;8.541603e-02;1.029459e-01;3.734909e-02;3.523445e-02;1.958132e-01;3.809355e-02;3.670488e-02;7.209276e-02;4.696185e-02;8.302346e-02
2.048846e-01;5.454342e-02;6.173030e-02;1.122233e-01;1.838652e-02;2.423340e-02;2.469210e-01;8.040853e-02;2.691875e-02;5.108615e-02;3.249205e-02;8.617200e-02
1.564349e-01;4.801524e-02;2.051309e-02;1.158469e-01;1.355061e-02;2.388505e-02;2.980310e-01;1.192862e-01;3.572228e-02;5.767611e-02;2.364271e-02;8.739601e-02
9.308236e-02;2.355856e-02;2.154734e-02;1.232539e-01;1.000968e-02;2.014597e-02;3.763773e-01;1.248263e-01;3.214644e-02;7.095950e-02;1.971549e-02;8.437721e-02
5.119213e-02;1.980458e-02;1.820128e-02;1.179205e-01;8.593249e-03;3.162934e-02;4.664874e-01;1.068781e-01;2.048520e-02;6.173244e-02;1.682685e-02;8.024884e-02
2.504999e-02;2.254143e-02;1.377284e-02;9.949329e-02;8.990659e-03;4.550783e-02;5.308480e-01;9.152451e-02;1.427060e-02;4.986368e-02;2.134732e-02;7.678981e-02
3.750098e-02;2.264714e-02;3.108675e-02;7.856447e-02;8.341061e-03;6.573852e-02;5.046716e-01;8.429170e-02;2.369926e-02;4.769642e-02;2.457512e-02;7.118696e-02
4.337237e-02;2.173040e-02;4.850482e-02;5.350795e-02;1.796503e-02;1.088665e-01;4.168278e-01;7.627705e-02;4.804498e-02;5.585692e-02;4.375803e-02;6.528819e-02
3.782685e-02;2.662122e-02;8.089461e-02;2.688755e-02;3.947641e-02;1.516424e-01;3.126764e-01;5.256962e-02;7.015086e-02;6.523954e-02;7.170860e-02;6.430595e-02
8.775729e-02;4.697929e-02;6.889477e-02;5.347580e-02;5.934524e-02;1.122647e-01;2.394288e-01;3.331522e-02;6.856534e-02;7.307498e-02;7.607210e-02;8.082651e-02
1.133224e-01;4.899126e-02;4.265423e-02;7.986780e-02;5.738014e-02;7.141760e-02;2.522574e-01;4.126870e-02;6.104207e-02;7.392795e-02;5.841433e-02;9.945618e-02
1.075894e-01;4.173940e-02;4.740904e-02;9.925964e-02;3.190734e-02;4.048233e-02;2.847975e-01;6.227862e-02;8.570587e-02;6.758490e-02;4.632485e-02;8.492118e-02
1.267761e-01;2.982303e-02;6.728774e-02;1.047062e-01;2.938716e-02;5.254289e-02;2.672260e-01;7.162138e-02;6.313492e-02;6.665641e-02;5.506071e-02;6.577747e-02
1.801259e-01;6.905220e-02;1.121705e-01;8.742605e-02;3.969822e-02;4.870886e-02;2.130802e-01;3.382091e-02;5.248605e-02;7.276034e-02;3.694294e-02;5.372787e-02
1.812292e-01;7.863522e-02;1.398274e-01;5.051855e-02;3.712831e-02;3.510148e-02;1.935929e-01;8.477314e-02;6.262308e-02;7.443120e-02;2.327738e-02;3.886207e-02
1.853577e-01;3.824430e-02;8.584975e-02;4.213937e-02;2.534842e-02;4.323945e-02;2.150690e-01;1.163986e-01;7.001815e-02;9.248444e-02;2.531485e-02;6.053597e-02
2.102656e-01;4.551062e-02;4.753934e-02;3.987911e-02;1.534926e-02;4.457372e-02;1.820170e-01;1.468148e-01;1.078451e-01;7.242620e-02;1.753470e-02;7.024449e-02
2.007875e-01;3.974310e-02;5.877615e-02;4.459491e-02;1.403403e-02;4.757364e-02;1.693764e-01;1.584558e-01;1.248252e-01;5.787653e-02;1.817269e-02;6.578400e-02
1.567014e-01;1.323654e-02;5.108153e-02;6.398455e-02;2.431114e-02;5.278348e-02;2.345041e-01;1.551088e-01;8.722172e-02;8.712999e-02;1.530247e-02;5.863426e-02
1.385141e-01;1.853334e-02;3.574004e-02;8.215828e-02;2.454653e-02;4.296146e-02;2.960035e-01;1.524555e-01;5.748400e-02;8.919789e-02;1.041209e-02;5.199330e-02
1.185308e-01;2.005100e-02;2.584712e-02;1.157462e-01;1.434707e-02;3.835078e-02;3.180638e-01;1.466821e-01;4.404604e-02;8.764082e-02;1.886501e-02;5.182921e-02
8.403286e-02;4.525365e-02;4.139704e-02;1.363215e-01;1.456891e-02;4.606587e-02;3.146274e-01;1.372889e-01;2.975714e-02;7.894057e-02;2.807034e-02;4.367584e-02
8.442492e-02;6.999999e-02;4.356664e-02;1.398838e-01;2.154005e-02;6.004339e-02;2.696848e-01;1.340967e-01;2.850236e-02;5.698938e-02;4.531664e-02;4.595135e-02
1.458168e-01;7.437884e-02;6.649489e-02;1.220568e-01;3.528613e-02;5.959377e-02;1.176813e-01;1.356724e-01;3.758893e-02;5.093047e-02;7.679934e-02;7.770032e-02
1.206911e-01;6.013859e-02;6.323341e-02;1.037300e-01;4.163114e-02;5.380921e-02;1.348744e-01;1.153794e-01;5.265203e-02;1.105039e-01;7.751974e-02;6.583717e-02
1.561333e-01;5.866157e-02;6.579364e-02;6.846743e-02;5.118355e-02;5.061117e-02;1.710969e-01;7.764342e-02;4.781588e-02;1.172192e-01;6.765354e-02;6.772030e-02
1.709339e-01;4.753527e-02;7.550920e-02;8.316331e-02;3.420727e-02;4.972541e-02;2.003275e-01;5.355807e-02;6.571720e-02;7.962484e-02;6.322590e-02;7.647217e-02
1.375935e-01;5.862036e-02;8.277637e-02;8.974465e-02;3.346691e-02;5.597705e-02;2.112448e-01;5.892575e-02;7.857952e-02;4.314350e-02;5.555237e-02;9.437527e-02
1.290730e-01;7.794013e-02;1.053702e-01;4.918879e-02;3.467749e-02;6.752449e-02;2.123066e-01;9.611860e-02;6.525810e-02;4.855328e-02;3.778457e-02;7.620466e-02
1.447104e-01;7.179305e-02;8.641736e-02;4.232448e-02;4.395397e-02;8.108517e-02;2.284542e-01;9.496760e-02;6.580321e-02;6.335529e-02;2.679350e-02;5.034182e-02
1.308232e-01;4.084910e-02;1.426753e-01;7.506382e-02;5.175819e-02;7.593894e-02;1.964110e-01;8.216558e-02;6.350719e-02;5.941249e-02;3.285742e-02;4.853777e-02
9.843706e-02;4.153031e-02;2.014286e-01;8.800158e-02;8.811139e-02;7.951149e-02;1.808997e-01;6.202679e-02;3.703007e-02;6.734990e-02;2.770723e-02;2.796587e-02
8.655556e-02;4.386456e-02;1.475382e-01;9.867962e-02;9.509984e-02;7.362116e-02;2.429924e-01;4.955478e-02;3.522728e-02;7.388876e-02;2.774118e-02;2.523668e-02
5.308593e-02;3.998145e-02;1.590263e-01;1.070711e-01;7.877960e-02;6.111355e-02;2.853162e-01;4.011223e-02;5.210512e-02;7.274756e-02;2.443124e-02;2.622971e-02
2.189500e-02;2.096534e-02;1.865647e-01;9.134474e-02;7.685879e-02;7.549862e-02;2.948366e-01;3.978045e-02;5.977000e-02;7.910620e-02;2.526801e-02;2.811148e-02
2.452848e-02;2.539534e-02;1.884046e-01;6.635295e-02;9.088235e-02;9.175973e-02;2.741463e-01;4.487517e-02;5.362464e-02;8.127824e-02;3.049497e-02;2.825718e-02
2.135965e-02;2.367410e-02;1.588644e-01;4.189142e-02;9.609643e-02;1.038625e-01;3.067298e-01;5.533557e-02;5.283746e-02;7.330476e-02;3.954940e-02;2.649456e-02
2.774157e-02;1.674610e-02;1.334122e-01;3.307811e-02;9.874058e-02;1.001360e-01;3.370077e-01;5.849994e-02;5.615247e-02;7.071763e-02;4.570056e-02;2.206706e-02
2.245637e-02;2.688757e-02;1.329940e-01;3.047073e-02;8.593111e-02;8.781718e-02;3.661957e-01;5.357775e-02;5.302961e-02;6.064175e-02;5.470493e-02;2.529330e-02
2.984131e-02;1.354490e-02;1.505646e-01;3.762019e-02;6.053174e-02;9.183113e-02;3.589104e-01;4.570354e-02;4.385871e-02;7.018382e-02;6.943844e-02;2.797117e-02
3.543534e-02;1.883508e-02;1.847772e-01;2.471611e-02;4.853537e-02;8.639024e-02;3.056867e-01;3.875301e-02;7.353390e-02;9.167180e-02;6.659488e-02;2.507046e-02
2.659216e-02;2.469973e-02;2.049461e-01;6.860256e-02;6.129920e-02;6.374008e-02;2.807619e-01;3.230902e-02;7.500679e-02;9.411479e-02;4.962738e-02;1.830017e-02
3.327603e-02;2.414058e-02;1.989054e-01;7.324651e-02;8.283582e-02;7.828856e-02;2.714996e-01;2.418049e-02;5.691480e-02;9.124853e-02;3.111002e-02;3.435374e-02
5.460835e-02;2.231250e-02;1.680906e-01;6.770936e-02;1.038090e-01;8.863571e-02;2.183871e-01;4.513371e-02;6.315398e-02;9.624802e-02;2.380795e-02;4.810372e-02
7.194885e-02;4.193860e-02;1.393082e-01;4.253694e-02;1.283895e-01;6.213083e-02;1.727807e-01;7.612407e-02;6.453580e-02;1.010613e-01;4.543320e-02;5.381193e-02
6.129396e-02;5.264471e-02;7.894135e-02;6.661378e-02;1.413541e-01;3.326262e-02;1.418277e-01;9.583430e-02;7.357340e-02;9.888226e-02;8.296776e-02;7.280403e-02
6.681448e-02;5.321904e-02;1.292559e-01;8.614214e-02;1.293638e-01;6.178679e-02;1.449033e-01;4.881684e-02;6.187216e-02;7.255280e-02;6.755782e-02;7.771488e-02
4.876111e-02;4.651263e-02;1.186891e-01;8.437265e-02;9.576572e-02;1.074768e-01;1.951456e-01;5.813882e-02;6.257305e-02;7.200923e-02;5.196633e-02;5.858899e-02
4.397761e-02;4.939067e-02;1.078306e-01;6.532483e-02;9.678964e-02;1.142992e-01;1.767603e-01;8.416173e-02;1.084324e-01;7.278299e-02;5.480870e-02;2.544135e-02
5.805736e-02;5.914883e-02;1.284482e-01;7.962297e-02;1.155930e-01;7.970019e-02;1.506699e-01;7.549173e-02;1.283468e-01;5.932843e-02;3.974995e-02;2.584256e-02
6.222813e-02;6.142723e-02;1.641306e-01;8.340047e-02;9.218588e-02;7.224915e-02;1.467523e-01;9.098108e-02;1.144166e-01;6.450643e-02;2.111056e-02;2.661159e-02
4.721516e-02;6.840204e-02;1.734014e-01;8.133103e-02;1.007398e-01;7.041646e-02;1.768576e-01;7.666993e-02;7.901341e-02;7.367560e-02;2.274965e-02;2.952799e-02
5.359537e-02;6.217402e-02;1.762823e-01;6.595679e-02;9.907155e-02;8.465926e-02;1.806057e-01;8.768204e-02;7.188860e-02;7.134977e-02;2.108444e-02;2.565024e-02
7.431510e-02;3.544970e-02;1.410657e-01;6.620107e-02;6.569094e-02;1.004005e-01;2.053929e-01;7.688247e-02;9.100132e-02;7.935463e-02;3.076052e-02;3.348516e-02
7.116533e-02;5.718020e-02;2.117279e-01;7.287373e-02;6.116207e-02;8.534104e-02;1.495120e-01;6.545606e-02;7.075804e-02;7.407646e-02;5.235256e-02;2.839465e-02
8.365064e-02;8.282190e-02;2.759594e-01;6.404690e-02;6.686530e-02;5.669302e-02;1.625217e-01;4.010087e-02;4.289816e-02;6.759335e-02;3.667111e-02;2.017763e-02
7.488858e-02;9.337188e-02;3.773046e-01;4.489665e-02;5.484585e-02;3.732697e-02;1.467550e-01;2.547826e-02;4.273416e-02;5.896044e-02;2.726965e-02;1.616805e-02
4.789618e-02;1.054801e-01;5.112427e-01;3.599006e-02;3.456663e-02;1.962797e-02;9.203221e-02;2.609871e-02;3.774174e-02;5.810335e-02;2.105373e-02;1.016664e-02
7.520644e-03;1.158610e-01;6.377209e-01;2.571715e-02;2.247621e-02;1.238666e-02;4.274971e-02;2.654262e-02;3.024407e-02;5.564908e-02;1.465288e-02;8.479064e-03
2.431406e-02;1.123522e-01;6.486791e-01;2.530380e-02;1.275790e-02;1.281529e-02;3.364797e-02;3.230634e-02;2.490699e-02;4.921363e-02;1.295285e-02;1.074987e-02
6.146746e-03;9.225483e-02;6.460531e-01;2.427872e-02;2.280713e-02;1.727679e-02;4.091204e-02;3.020436e-02;2.742694e-02;6.981159e-02;1.011845e-02;1.270926e-02
2.198889e-02;6.685600e-02;5.969388e-01;3.025397e-02;2.947697e-02;1.976665e-02;8.226489e-02;1.539129e-02;2.854303e-02;8.991276e-02;8.521507e-03;1.008530e-02
2.355997e-02;3.850931e-02;5.825416e-01;4.534258e-02;2.932346e-02;1.807053e-02;1.175052e-01;1.248353e-02;2.789981e-02;8.316988e-02;1.583184e-02;5.762322e-03
