1.342617e-01;9.714860e-02;2.783312e-02;3.960823e-02;2.743987e-02;4.377209e-02;2.500445e-01;1.807664e-01;2.511620e-02;3.947341e-02;1.132994e-01;2.123642e-02
1.024967e-01;9.442232e-02;2.996625e-02;2.598655e-02;1.831035e-02;4.387913e-02;2.905194e-01;2.176918e-01;2.378441e-02;3.115708e-02;1.065464e-01;1.523960e-02
8.095247e-02;6.949383e-02;1.817187e-02;1.448820e-02;1.838405e-02;3.510221e-02;3.080970e-01;2.985095e-01;1.493967e-02;2.111595e-02;1.093040e-01;1.144125e-02
7.997283e-02;7.759359e-02;1.470613e-02;6.793217e-03;2.439992e-02;1.638517e-02;2.594094e-01;3.538676e-01;1.179849e-02;1.876391e-02;1.249438e-01;1.136593e-02
6.260592e-02;1.177878e-01;1.360669e-02;3.863574e-03;2.431586e-02;3.404521e-02;3.177776e-01;3.189802e-01;8.114961e-03;1.072676e-02;7.997968e-02;8.195752e-03
6.789859e-02;1.524848e-01;1.561830e-02;4.076293e-03;1.983112e-02;5.479837e-02;3.820867e-01;2.569299e-01;7.613933e-03;4.950122e-03;2.839174e-02;5.320200e-03
1.345535e-01;1.678172e-01;1.884434e-02;1.602324e-02;1.638902e-02;7.219112e-02;3.547565e-01;1.701747e-01;3.789093e-03;9.862987e-03;2.997987e-02;5.618559e-03
1.598099e-01;1.335865e-01;1.381729e-02;2.436878e-02;2.961167e-02;9.115418e-02;3.327967e-01;1.069626e-01;9.192992e-03;1.630473e-02;7.854104e-02;3.853561e-03
9.752104e-02;7.739882e-02;2.232555e-02;1.240407e-02;2.964902e-02;7.666833e-02;4.286296e-01;1.492232e-01;9.284047e-03;1.374629e-02;7.614230e-02;7.007753e-03
1.023111e-01;1.049191e-01;3.294908e-02;1.496173e-02;3.021549e-02;3.614954e-02;4.100416e-01;2.202504e-01;9.294853e-03;9.075421e-03;1.783971e-02;1.199192e-02
8.765913e-02;9.209637e-02;3.082660e-02;1.298198e-02;2.934493e-02;3.457960e-02;3.575771e-01;2.187050e-01;1.411038e-02;1.674797e-02;8.599953e-02;1.937135e-02
7.531726e-02;1.164719e-01;2.265080e-02;1.630931e-02;3.286668e-02;5.869662e-02;3.584388e-01;1.714630e-01;1.840739e-02;2.118001e-02;8.881057e-02;1.938770e-02
9.317436e-02;1.175237e-01;3.576494e-02;5.796816e-02;5.644462e-02;3.627422e-02;2.802365e-01;9.877575e-02;3.400430e-02;5.894735e-02;1.039814e-01;2.690471e-02
1.263743e-01;1.221180e-01;4.600473e-02;6.068461e-02;5.628254e-02;3.685236e-02;1.384158e-01;1.178250e-01;3.920215e-02;5.561756e-02;1.591286e-01;4.149443e-02
1.088055e-01;1.223885e-01;4.448950e-02;5.352398e-02;5.317944e-02;5.729373e-02;1.638410e-01;1.319348e-01;3.759424e-02;4.116181e-02;1.372947e-01;4.849293e-02
5.331254e-02;1.120890e-01;4.908046e-02;3.563979e-02;4.320190e-02;6.546245e-02;2.366590e-01;2.219451e-01;2.854035e-02;2.978567e-02;7.658902e-02;4.769466e-02
4.016881e-02;8.999113e-02;5.792745e-02;2.343426e-02;1.980332e-02;6.902146e-02;2.759033e-01;3.219928e-01;1.625962e-02;1.957979e-02;3.108683e-02;3.483117e-02
4.884946e-02;1.147672e-01;4.614511e-02;2.689622e-02;1.629127e-02;6.678582e-02;2.557928e-01;3.052291e-01;2.005744e-02;1.871723e-02;6.155683e-02;1.891161e-02
6.674947e-02;1.355918e-01;3.166565e-02;2.937754e-02;2.430175e-02;6.929256e-02;2.811119e-01;2.430987e-01;2.171772e-02;2.423340e-02;6.030767e-02;1.255177e-02
7.802963e-02;1.201584e-01;2.407636e-02;2.259637e-02;4.651888e-02;5.774859e-02;2.021610e-01;1.971311e-01;3.664043e-02;4.307844e-02;1.559388e-01;1.592212e-02
8.277541e-02;9.582998e-02;1.917816e-02;2.668947e-02;9.712216e-02;5.285666e-02;1.148696e-01;1.239710e-01;3.901089e-02;6.958511e-02;2.617075e-01;1.640410e-02
5.195807e-02;9.496305e-02;7.843417e-03;2.479118e-02;1.911659e-01;6.521359e-02;7.333477e-02;9.101903e-02;1.850152e-02;1.195068e-01;2.442760e-01;1.742678e-02
3.830326e-02;7.454166e-02;9.405345e-03;2.762059e-02;2.450505e-01;7.561384e-02;5.394979e-02;9.140353e-02;3.867904e-02;1.558203e-01;1.701619e-01;1.945018e-02
5.622375e-02;4.965212e-02;1.945414e-02;7.072277e-02;1.917732e-01;7.016911e-02;1.273259e-01;9.778063e-02;8.691256e-02;1.405446e-01;7.430080e-02;1.514034e-02
7.413311e-02;2.336755e-02;2.271662e-02;1.176501e-01;1.107546e-01;4.056485e-02;1.875482e-01;9.993291e-02;1.534446e-01;1.105283e-01;5.002737e-02;9.331799e-03
9.625735e-02;1.749134e-02;2.084901e-02;1.468409e-01;6.575472e-02;1.812954e-02;1.889763e-01;9.717917e-02;1.990748e-01;8.540365e-02;4.959159e-02;1.445161e-02
9.594730e-02;1.934266e-02;1.848770e-02;1.651824e-01;6.752402e-02;2.953570e-02;1.639379e-01;1.058471e-01;1.973016e-01;8.240011e-02;4.547257e-02;9.021003e-03
9.763753e-02;2.219152e-02;3.175570e-02;1.775588e-01;4.213634e-02;2.657148e-02;1.531308e-01;1.118675e-01;1.834996e-01;8.079528e-02;5.630012e-02;1.655533e-02
1.014156e-01;4.549244e-02;3.879416e-02;1.431185e-01;4.643279e-02;4.434618e-02;1.281269e-01;1.332854e-01;1.486786e-01;7.144237e-02;8.019534e-02;1.867162e-02
8.680351e-02;3.931559e-02;3.762075e-02;9.433997e-02;4.432535e-02;5.135866e-02;1.483397e-01;1.712710e-01;1.177436e-01;7.398280e-02;1.140411e-01;2.085802e-02
5.114138e-02;1.042312e-01;4.249359e-02;5.764614e-02;2.326491e-02;5.515338e-02;2.230257e-01;1.882228e-01;9.045415e-02;3.824451e-02;8.944216e-02;3.668012e-02
9.553697e-02;1.213159e-01;3.726896e-02;5.328964e-02;2.875827e-02;5.214783e-02;2.496965e-01;9.294154e-02;1.142965e-01;6.431152e-02;4.674222e-02;4.369412e-02
9.650857e-02;8.953568e-02;2.518156e-02;5.808700e-02;3.829693e-02;4.486381e-02;1.753333e-01;1.221904e-01;1.396066e-01;9.847039e-02;8.412227e-02;2.780353e-02
6.911890e-02;6.291837e-02;3.772454e-02;8.813474e-02;5.843472e-02;5.310841e-02;1.586249e-01;1.693585e-01;1.190235e-01;8.945195e-02;6.158974e-02;3.251168e-02
7.068761e-02;8.232023e-02;3.468419e-02;7.898752e-02;7.616539e-02;4.608591e-02;1.748593e-01;1.513397e-01;1.047705e-01;1.002765e-01;4.972616e-02;3.009699e-02
9.623045e-02;5.747374e-02;3.922631e-02;6.960496e-02;7.216110e-02;4.823841e-02;1.582495e-01;1.688846e-01;8.200598e-02;1.358971e-01;5.372208e-02;1.830585e-02
1.170239e-01;5.258970e-02;2.585817e-02;7.235274e-02;6.107559e-02;6.979573e-02;1.536693e-01;1.935701e-01;5.387646e-02;1.078160e-01;5.724092e-02;3.513134e-02
1.094635e-01;6.244055e-02;3.108943e-02;6.603519e-02;5.182158e-02;9.085046e-02;1.558077e-01;1.548907e-01;9.691228e-02;8.877080e-02;5.647691e-02;3.544087e-02
1.036467e-01;8.766975e-02;3.745047e-02;4.618115e-02;3.706527e-02;6.627526e-02;1.458250e-01;1.455433e-01;8.666861e-02;1.139885e-01;9.542104e-02;3.426491e-02
1.073323e-01;9.728793e-02;3.955121e-02;3.968499e-02;6.480758e-02;6.233811e-02;1.419591e-01;1.409717e-01;7.273316e-02;9.640718e-02;9.201176e-02;4.491498e-02
1.057211e-01;9.944391e-02;4.609428e-02;4.090925e-02;8.631722e-02;5.666086e-02;1.436726e-01;1.247317e-01;7.742937e-02;9.153111e-02;7.389798e-02;5.359068e-02
1.116555e-01;9.839229e-02;3.540154e-02;3.379233e-02;7.195817e-02;5.563813e-02;2.090040e-01;1.334792e-01;8.043025e-02;8.302964e-02;4.960022e-02;3.761877e-02
1.010165e-01;9.807137e-02;2.339618e-02;1.681490e-02;2.490854e-02;6.002196e-02;3.054877e-01;2.350999e-01;2.134231e-02;3.660291e-02;5.752350e-02;1.971430e-02
5.526304e-02;6.085587e-02;1.911781e-02;1.052676e-02;1.403435e-02;6.173115e-02;4.062273e-01;2.863207e-01;1.383623e-02;1.749298e-02;3.994787e-02;1.464594e-02
2.345002e-02;4.251934e-02;1.120623e-02;1.425524e-02;1.477438e-02;6.994098e-02;4.853684e-01;2.797324e-01;9.559811e-03;1.723080e-02;2.251727e-02;9.445140e-03
5.883169e-02;5.885241e-02;6.727886e-03;1.852185e-02;1.633110e-02;7.516883e-02;4.342221e-01;2.270415e-01;2.008575e-02;2.435013e-02;4.702089e-02;1.284577e-02
1.590956e-01;7.669567e-02;8.233537e-03;1.759756e-02;2.559012e-02;7.202917e-02;3.121627e-01;1.548030e-01;3.415594e-02;2.324772e-02;9.542329e-02;2.096570e-02
2.677700e-01;8.046481e-02;1.827735e-02;1.706589e-02;4.586618e-02;7.446727e-02;2.038690e-01;5.666729e-02;5.311029e-02;1.144576e-02;1.336539e-01;3.734220e-02
2.387591e-01;3.990502e-02;2.198574e-02;2.438750e-02;5.993882e-02;7.661850e-02;1.790630e-01;5.147604e-02;5.891430e-02;7.864878e-03;1.803353e-01;6.075178e-02
9.841160e-02;3.280259e-02;2.553203e-02;2.812281e-02;5.970973e-02;5.617779e-02;1.253166e-01;9.972910e-02;5.044327e-02;1.606551e-02;3.193686e-01;8.832033e-02
1.117352e-01;5.189260e-02;2.420682e-02;2.478569e-02;4.225010e-02;3.952621e-02;8.685947e-02;1.008959e-01;3.413935e-02;1.302597e-02;3.881984e-01;8.248416e-02
1.227718e-01;3.474541e-02;2.130996e-02;2.295187e-02;3.516536e-02;2.798174e-02;8.577030e-02;8.585270e-02;2.783575e-02;1.318462e-02;4.663662e-01;5.606433e-02
9.187713e-02;6.073207e-02;2.762159e-02;2.039354e-02;2.328333e-02;1.107405e-02;5.982298e-02;8.244219e-02;1.869735e-02;1.793979e-02;5.374408e-01;4.867519e-02
9.117336e-02;9.571590e-02;4.523459e-02;2.736613e-02;1.957551e-02;1.747107e-02;6.476030e-02;4.674059e-02;1.098201e-02;2.385885e-02;5.083456e-01;4.877605e-02
1.228716e-01;1.836044e-01;7.572193e-02;3.286250e-02;2.089622e-02;1.815050e-02;8.754671e-02;4.153673e-02;1.447213e-02;4.148569e-02;3.266610e-01;3.419059e-02
1.132798e-01;2.337802e-01;8.200482e-02;1.929752e-02;1.906099e-02;1.715139e-02;7.741241e-02;8.459403e-02;1.276021e-02;3.860612e-02;2.847275e-01;1.732504e-02
1.468978e-01;2.177550e-01;6.797689e-02;2.523974e-02;1.953669e-02;2.638810e-02;1.296550e-01;1.048354e-01;1.151233e-02;2.995081e-02;2.070726e-01;1.317959e-02
1.918587e-01;2.191799e-01;7.050669e-02;2.265836e-02;1.817350e-02;3.286322e-02;1.801657e-01;1.278623e-01;1.319653e-02;2.527508e-02;9.299505e-02;5.264853e-03
1.356159e-01;1.721658e-01;9.689456e-02;3.722904e-02;3.032709e-02;5.369244e-02;2.137076e-01;1.021858e-01;2.956356e-02;2.973968e-02;6.046630e-02;3.841218e-02
2.171070e-01;1.488174e-01;8.013580e-02;4.230835e-02;4.578757e-02;4.720724e-02;9.647414e-02;9.749732e-02;2.086469e-02;3.677966e-02;1.064965e-01;6.052424e-02
1.713666e-01;1.324912e-01;6.048608e-02;3.555284e-02;3.372718e-02;4.192868e-02;8.144876e-02;7.994335e-02;1.987592e-02;3.503900e-02;2.672634e-01;4.087695e-02
7.403755e-02;1.516446e-01;4.857998e-02;3.009115e-02;3.058300e-02;3.370749e-02;7.474674e-02;6.523681e-02;1.565287e-02;4.075182e-02;3.994816e-01;3.548637e-02
9.476464e-02;9.914387e-02;4.553489e-02;3.892088e-02;3.037124e-02;5.495462e-02;1.140536e-01;9.558616e-02;3.494330e-02;4.662822e-02;3.040324e-01;4.106618e-02
1.116432e-01;1.530298e-01;5.038324e-02;5.942321e-02;5.394388e-02;6.360559e-02;1.831041e-01;1.077798e-01;3.974777e-02;3.588679e-02;9.678404e-02;4.466863e-02
1.248517e-01;1.118687e-01;4.452382e-02;7.017434e-02;5.921299e-02;4.132150e-02;1.777480e-01;1.498752e-01;3.151585e-02;5.858590e-02;1.060339e-01;2.428806e-02
9.085929e-02;8.540938e-02;5.467187e-02;8.246727e-02;6.919901e-02;7.093780e-02;1.457195e-01;1.202042e-01;5.407418e-02;6.539284e-02;7.934467e-02;8.171999e-02
8.554067e-02;7.115170e-02;4.773229e-02;7.815889e-02;6.750490e-02;7.414159e-02;1.373851e-01;1.413503e-01;5.044493e-02;5.954932e-02;1.086216e-01;7.841883e-02
1.049170e-01;1.113136e-01;3.020582e-02;5.093362e-02;4.369931e-02;7.584038e-02;1.994267e-01;1.768774e-01;2.740953e-02;4.346756e-02;9.545538e-02;4.045362e-02
1.618438e-01;1.400054e-01;2.145721e-02;4.001209e-02;2.155214e-02;6.277476e-02;2.593068e-01;1.642760e-01;8.231637e-03;1.891165e-02;9.288025e-02;8.748194e-03
2.968452e-01;1.361086e-01;1.637433e-02;3.132675e-02;1.808357e-02;6.450706e-02;2.322561e-01;1.072744e-01;9.592032e-03;1.335229e-02;6.740582e-02;6.873730e-03
4.493264e-01;1.169614e-01;3.382102e-02;1.520817e-02;1.843316e-02;6.702278e-02;1.699520e-01;5.328762e-02;1.284532e-02;1.510299e-02;3.511580e-02;1.292328e-02
5.514261e-01;8.756275e-02;5.940276e-02;1.248367e-02;2.063184e-02;6.403908e-02;1.310919e-01;1.753126e-02;1.546145e-02;1.759919e-02;7.903678e-03;1.486630e-02
5.358270e-01;6.084166e-02;6.804745e-02;1.180309e-02;2.239290e-02;6.257876e-02;1.193973e-01;2.654662e-02;2.722316e-02;1.774761e-02;3.247135e-02;1.512302e-02
4.968784e-01;4.419299e-02;7.978457e-02;1.489898e-02;3.158003e-02;6.914954e-02;1.030131e-01;2.084251e-02;4.890676e-02;1.947234e-02;4.970598e-02;2.157482e-02
3.892435e-01;2.044291e-02;1.002480e-01;2.071583e-02;4.775120e-02;7.194082e-02;1.176736e-01;2.322599e-02;7.719422e-02;2.121385e-02;7.757995e-02;3.277016e-02
2.732059e-01;2.299225e-02;1.251434e-01;2.451469e-02;6.255420e-02;7.032330e-02;1.254817e-01;3.066933e-02;9.362999e-02;1.222374e-02;1.162883e-01;4.297313e-02
2.261634e-01;3.264346e-02;1.508688e-01;2.430109e-02;7.234541e-02;6.002983e-02;1.073353e-01;1.946945e-02;9.534039e-02;1.642737e-02;1.496171e-01;4.545837e-02
1.758903e-01;3.276398e-02;1.872472e-01;2.578834e-02;8.399136e-02;5.259117e-02;9.911735e-02;1.601760e-02;9.091332e-02;1.077819e-02;1.865632e-01;3.833790e-02
1.277091e-01;4.422517e-02;1.757080e-01;2.563458e-02;8.224037e-02;4.580390e-02;9.727979e-02;4.444914e-02;6.848171e-02;1.574712e-02;2.501008e-01;2.262025e-02
1.224442e-01;5.247591e-02;1.017406e-01;2.521717e-02;9.520097e-02;3.678600e-02;9.602822e-02;4.857000e-02;2.469670e-02;1.942296e-02;3.211160e-01;5.630125e-02
1.156577e-01;6.851769e-02;4.517180e-02;5.011849e-02;1.067416e-01;2.138951e-02;6.428242e-02;4.327159e-02;7.082422e-03;1.751788e-02;3.997620e-01;6.048694e-02
6.086345e-02;6.924010e-02;3.001437e-02;9.056398e-02;8.915105e-02;1.919404e-02;4.284642e-02;5.290555e-02;5.678558e-03;2.375452e-02;4.763855e-01;3.940250e-02
5.171186e-02;7.918973e-02;4.490146e-02;1.035399e-01;5.920300e-02;3.166314e-02;5.701727e-02;6.184920e-02;6.873768e-03;2.483623e-02;4.601652e-01;1.904932e-02
1.198877e-01;1.628834e-01;5.369371e-02;8.877271e-02;2.011220e-02;5.093616e-02;9.851563e-02;8.194699e-02;1.577030e-02;2.903054e-02;2.618994e-01;1.655124e-02
1.086637e-01;2.369016e-01;6.903227e-02;4.779013e-02;4.066171e-02;6.930939e-02;1.187146e-01;1.157444e-01;3.549555e-02;3.347363e-02;1.044666e-01;1.974635e-02
5.096843e-02;2.501833e-01;8.904414e-02;6.190775e-02;5.975612e-02;6.613677e-02;6.999294e-02;9.504282e-02;3.979029e-02;3.866072e-02;1.587398e-01;1.977691e-02
1.109406e-01;3.122009e-01;9.654605e-02;5.648399e-02;7.194937e-02;3.577574e-02;7.651816e-02;4.880650e-02;3.371509e-02;4.897230e-02;9.519146e-02;1.289986e-02
1.246502e-01;3.721766e-01;1.051659e-01;3.995820e-02;6.822523e-02;4.032946e-02;4.736711e-02;6.282140e-02;2.781679e-02;5.237444e-02;5.142033e-02;7.694305e-03
1.514153e-01;3.981154e-01;8.107953e-02;6.000496e-02;3.636603e-02;3.231125e-02;5.660827e-02;6.400837e-02;2.049479e-02;3.464892e-02;5.605860e-02;8.888548e-03
1.069217e-01;3.860244e-01;6.325579e-02;5.853212e-02;3.236290e-02;3.183613e-02;7.072753e-02;5.994102e-02;2.800527e-02;3.087741e-02;1.189826e-01;1.253311e-02
1.811413e-01;3.393963e-01;3.648477e-02;6.028320e-02;3.485928e-02;3.203414e-02;5.837686e-02;8.796202e-02;3.740262e-02;2.666904e-02;8.795019e-02;1.744032e-02
2.496270e-01;2.884724e-01;2.914955e-02;4.352208e-02;2.520483e-02;2.326625e-02;7.804634e-02;1.248945e-01;3.845067e-02;2.598309e-02;5.333377e-02;2.004958e-02
2.961399e-01;2.166580e-01;3.465324e-02;1.127381e-02;2.472511e-02;2.260256e-02;1.063406e-01;1.710306e-01;2.115757e-02;1.758178e-02;6.068700e-02;1.714981e-02
3.111418e-01;1.742169e-01;3.960638e-02;2.526753e-02;2.098059e-02;1.893660e-02;1.112545e-01;1.741944e-01;1.774800e-02;2.024994e-02;7.291339e-02;1.348990e-02
3.124010e-01;1.444876e-01;4.289000e-02;1.963598e-02;2.305856e-02;1.777374e-02;1.141673e-01;1.704062e-01;2.386082e-02;2.705662e-02;8.453757e-02;1.972451e-02
2.729323e-01;1.381597e-01;4.593199e-02;3.046182e-02;2.475928e-02;2.215621e-02;1.338596e-01;1.538842e-01;3.003394e-02;3.369876e-02;7.683412e-02;3.728801e-02
2.431039e-01;1.809450e-01;4.634924e-02;3.498405e-02;1.772642e-02;2.583538e-02;1.267027e-01;9.865779e-02;4.530668e-02;4.564185e-02;1.010352e-01;3.371174e-02
2.571984e-01;1.325775e-01;4.684214e-02;1.816214e-02;1.987573e-02;3.165038e-02;9.251068e-02;7.968965e-02;4.905650e-02;4.331360e-02;1.993734e-01;2.974991e-02
2.448253e-01;1.165841e-01;4.586458e-02;3.610006e-02;2.056617e-02;4.583000e-02;1.321923e-01;1.266617e-01;2.206985e-02;5.140834e-02;1.127748e-01;4.512275e-02
1.497765e-01;1.722133e-01;4.754955e-02;3.183210e-02;3.334184e-02;5.286600e-02;1.093404e-01;1.402691e-01;1.890246e-02;5.751970e-02;1.219322e-01;6.445685e-02
1.393467e-01;1.130054e-01;4.196374e-02;3.364706e-02;4.176113e-02;4.388412e-02;1.533919e-01;1.666608e-01;2.790163e-02;4.403594e-02;1.573327e-01;3.706891e-02
1.005405e-01;1.056955e-01;4.028397e-02;3.447007e-02;4.871685e-02;5.635031e-02;1.881721e-01;1.911600e-01;4.154350e-02;3.559502e-02;1.447432e-01;1.272882e-02
1.330015e-01;1.311579e-01;2.821887e-02;3.153565e-02;4.366643e-02;5.253283e-02;1.707337e-01;1.958049e-01;6.012462e-02;4.523877e-02;8.958321e-02;1.840178e-02
1.528347e-01;1.247979e-01;3.985830e-02;3.410236e-02;4.311883e-02;5.180463e-02;1.162969e-01;1.633577e-01;6.410898e-02;5.443125e-02;1.304375e-01;2.485109e-02
1.538086e-01;1.378948e-01;2.991434e-02;3.011541e-02;4.478572e-02;6.017279e-02;1.422195e-01;1.221473e-01;5.169687e-02;5.966725e-02;1.358166e-01;3.176085e-02
1.244984e-01;1.602210e-01;3.605312e-02;3.589886e-02;4.056830e-02;7.889497e-02;1.640389e-01;8.401017e-02;5.609790e-02;6.428379e-02;1.200243e-01;3.541024e-02
1.416107e-01;1.328976e-01;5.272674e-02;4.778075e-02;4.585874e-02;8.996923e-02;1.203025e-01;9.161247e-02;4.629634e-02;6.656874e-02;1.043035e-01;6.007271e-02
1.398327e-01;7.669014e-02;4.638823e-02;5.420868e-02;3.852535e-02;7.307538e-02;1.935838e-01;1.713772e-01;6.177517e-02;2.932890e-02;7.287200e-02;4.234248e-02
1.359755e-01;7.538867e-02;3.766005e-02;5.155257e-02;4.135657e-02;7.693171e-02;2.024402e-01;1.924766e-01;4.969969e-02;2.463990e-02;6.385464e-02;4.802382e-02
1.410024e-01;5.091137e-02;3.228946e-02;4.141235e-02;3.944603e-02;7.568458e-02;2.407009e-01;1.784821e-01;5.264616e-02;2.449427e-02;9.058490e-02;3.234550e-02
2.005490e-01;6.704907e-02;2.647639e-02;3.249925e-02;4.666658e-02;8.660042e-02;2.247239e-01;1.217797e-01;6.379093e-02;4.494280e-02;6.560360e-02;1.931839e-02
2.669040e-01;7.040129e-02;1.138752e-02;1.698685e-02;4.335734e-02;1.069361e-01;2.222073e-01;1.072572e-01;4.471957e-02;5.819776e-02;4.018119e-02;1.146387e-02
2.382874e-01;8.005976e-02;1.242836e-02;1.629028e-02;3.567563e-02;9.047466e-02;2.594912e-01;1.484166e-01;2.752722e-02;3.389638e-02;4.962049e-02;7.832055e-03
2.500610e-01;1.203316e-01;1.361864e-02;3.001221e-02;2.692277e-02;7.602540e-02;3.056197e-01;1.058854e-01;2.099379e-02;1.218587e-02;3.334003e-02;5.003639e-03
2.628677e-01;1.805800e-01;9.399930e-03;2.443320e-02;1.455754e-02;5.766291e-02;3.268575e-01;8.490930e-02;1.159775e-02;4.070304e-03;1.645070e-02;6.613076e-03
2.056110e-01;2.253103e-01;3.665602e-03;1.921896e-02;9.799076e-03;4.969814e-02;3.560019e-01;1.009814e-01;1.036507e-02;4.957317e-03;1.078200e-02;3.609260e-03
1.337534e-01;2.561342e-01;5.176852e-03;1.379378e-02;1.691300e-02;3.652279e-02;3.686586e-01;1.273489e-01;1.437848e-02;8.961543e-03;1.519695e-02;3.161482e-03
6.391666e-02;2.710171e-01;1.062655e-02;9.290560e-03;2.413067e-02;3.722459e-02;3.731078e-01;1.599669e-01;1.342276e-02;1.093637e-02;2.359408e-02;2.766004e-03
9.995314e-02;2.406894e-01;1.868853e-02;1.916379e-02;2.799790e-02;4.009059e-02;3.354541e-01;1.512917e-01;1.754867e-02;1.140485e-02;3.586359e-02;1.853791e-03
1.365511e-01;1.811064e-01;2.488579e-02;2.284070e-02;3.095386e-02;5.734376e-02;3.357172e-01;9.964165e-02;2.816963e-02;2.080282e-02;5.714048e-02;4.846517e-03
1.371156e-01;8.752830e-02;2.014933e-02;1.392759e-02;2.053286e-02;6.585219e-02;3.918782e-01;1.370414e-01;2.986085e-02;2.587840e-02;6.285717e-02;7.378093e-03
1.424005e-01;6.081701e-02;1.400455e-02;2.960425e-02;2.100184e-02;7.033008e-02;4.017425e-01;1.590532e-01;1.783262e-02;2.156807e-02;5.282086e-02;8.824486e-03
1.525344e-01;7.300012e-02;1.605820e-02;3.456254e-02;2.088056e-02;8.146260e-02;3.709949e-01;1.255608e-01;2.834736e-02;2.286585e-02;6.505541e-02;8.677271e-03
1.594429e-01;7.477701e-02;2.445213e-02;2.011289e-02;2.443481e-02;8.380734e-02;3.640946e-01;9.224318e-02;3.926592e-02;2.823933e-02;8.255829e-02;6.571608e-03
1.445580e-01;1.106227e-01;2.799502e-02;2.933004e-02;2.050746e-02;6.945544e-02;3.306651e-01;1.300996e-01;2.725037e-02;3.492745e-02;6.177484e-02;1.281414e-02
1.323274e-01;1.234139e-01;3.251662e-02;5.203898e-02;1.281193e-02;5.807970e-02;2.892071e-01;1.495990e-01;2.607940e-02;4.121995e-02;6.836009e-02;1.434588e-02
1.110317e-01;8.027871e-02;3.048935e-02;4.608444e-02;2.188508e-02;6.983534e-02;3.361506e-01;1.563462e-01;4.283957e-02;4.058328e-02;4.924839e-02;1.522730e-02
5.925444e-02;1.087415e-01;3.011851e-02;2.275076e-02;1.367098e-02;7.207742e-02;3.642722e-01;1.515927e-01;3.729394e-02;3.665970e-02;9.212150e-02;1.144630e-02
7.631820e-02;1.084550e-01;3.504901e-02;1.707650e-02;1.751391e-02;6.817918e-02;3.350972e-01;1.432836e-01;2.283529e-02;4.115774e-02;1.205063e-01;1.452804e-02
7.728975e-02;7.345289e-02;3.749285e-02;1.500609e-02;1.889232e-02;7.575844e-02;3.078638e-01;1.556183e-01;2.488995e-02;3.963714e-02;1.544077e-01;1.969081e-02
1.224973e-01;8.724630e-02;3.104836e-02;2.051353e-02;2.327139e-02;6.864364e-02;2.988495e-01;1.398823e-01;2.880702e-02;3.686373e-02;1.155354e-01;2.684158e-02
8.445420e-02;9.920520e-02;6.728773e-02;6.111855e-02;5.754084e-02;7.300390e-02;1.833062e-01;1.576244e-01;3.336152e-02;5.780201e-02;9.829839e-02;2.699709e-02
8.630783e-02;8.320897e-02;6.678636e-02;7.849969e-02;8.207671e-02;6.853975e-02;1.244547e-01;1.009229e-01;4.140994e-02;8.172776e-02;1.473298e-01;3.873560e-02
9.215132e-02;7.419927e-02;5.384392e-02;7.023612e-02;8.184519e-02;6.085692e-02;1.378944e-01;1.096996e-01;3.581946e-02;8.423634e-02;1.572845e-01;4.193301e-02
1.118098e-01;6.561042e-02;5.789505e-02;4.161892e-02;6.146593e-02;5.799856e-02;1.833061e-01;1.636178e-01;2.087366e-02;7.406712e-02;1.214401e-01;4.029658e-02
7.523682e-02;1.269972e-01;5.875913e-02;3.487143e-02;2.450623e-02;4.538568e-02;2.321478e-01;2.183892e-01;1.511675e-02;2.210517e-02;1.207592e-01;2.572530e-02
2.395303e-02;1.508400e-01;6.494662e-02;1.921337e-02;1.627173e-02;3.614419e-02;2.817320e-01;2.878345e-01;1.275474e-02;1.214756e-02;7.270428e-02;2.145805e-02
2.864653e-02;1.806592e-01;6.609476e-02;7.362517e-03;6.104812e-03;2.389406e-02;3.098448e-01;3.161324e-01;6.379616e-03;7.094102e-03;2.882219e-02;1.896502e-02
1.658780e-02;1.994394e-01;7.161901e-02;7.770356e-03;3.592920e-03;1.770283e-02;3.093100e-01;3.299130e-01;4.850300e-03;4.985544e-03;1.577857e-02;1.845032e-02
1.528018e-02;1.678227e-01;9.879123e-02;9.938272e-03;4.675009e-03;1.586036e-02;2.798334e-01;3.500440e-01;6.158669e-03;6.073987e-03;1.586034e-02;2.966181e-02
1.520973e-02;1.232051e-01;1.274620e-01;1.620166e-02;3.036068e-03;2.126024e-02;2.451750e-01;3.668620e-01;7.956109e-03;8.219148e-03;1.937693e-02;4.603589e-02
1.332944e-02;9.626788e-02;1.351887e-01;3.551786e-02;5.741422e-03;3.989510e-02;2.188958e-01;3.713346e-01;1.060528e-02;1.010861e-02;1.141714e-02;5.169805e-02
1.237170e-02;6.590641e-02;1.286928e-01;4.525086e-02;1.191817e-02;6.353157e-02;2.071599e-01;3.715166e-01;1.583746e-02;8.758640e-03;1.784647e-02;5.120942e-02
2.457716e-02;3.489552e-02;1.236058e-01;5.184479e-02;1.540616e-02;6.400135e-02;1.988832e-01;3.836782e-01;2.718987e-02;9.908129e-03;1.731814e-02;4.869171e-02
2.931220e-02;5.460878e-02;1.169255e-01;6.230696e-02;1.551359e-02;2.789715e-02;1.891339e-01;3.692103e-01;5.120236e-02;1.311656e-02;2.500818e-02;4.576449e-02
5.280171e-02;1.674871e-02;1.048037e-01;9.010338e-02;1.714141e-02;1.032110e-02;1.486722e-01;3.487302e-01;7.640975e-02;2.306866e-02;6.619406e-02;4.500515e-02
5.934187e-02;5.580855e-02;7.231312e-02;7.983442e-02;1.371174e-02;1.038981e-02;1.493008e-01;3.393953e-01;7.819577e-02;2.991377e-02;7.007673e-02;4.171810e-02
7.380056e-02;5.756778e-02;4.170291e-02;4.483524e-02;1.457439e-02;2.016491e-02;1.993072e-01;3.280328e-01;5.791778e-02;2.970630e-02;1.064234e-01;2.596676e-02
7.800345e-02;6.349859e-02;2.347678e-02;2.415141e-02;1.189622e-02;2.707565e-02;2.144951e-01;3.017439e-01;4.957831e-02;3.099752e-02;1.611134e-01;1.396965e-02
7.232343e-02;6.590102e-02;1.903841e-02;2.152287e-02;9.991584e-03;1.391599e-02;1.978012e-01;2.806526e-01;5.464384e-02;5.688651e-02;1.939096e-01;1.341286e-02
6.068905e-02;4.172291e-02;3.793038e-02;3.025730e-02;1.817956e-02;1.896714e-02;2.320701e-01;2.149397e-01;7.288136e-02;1.065393e-01;1.529694e-01;1.285370e-02
8.726548e-02;3.415060e-02;3.268118e-02;2.192725e-02;1.851608e-02;2.524245e-02;2.403946e-01;1.983466e-01;5.445864e-02;1.043505e-01;1.756064e-01;7.060226e-03
5.944481e-02;1.818354e-02;2.193921e-02;1.049401e-02;1.573291e-02;3.129809e-02;2.386157e-01;2.461424e-01;4.694550e-02;1.072670e-01;1.890865e-01;1.485028e-02
8.495083e-02;3.350897e-02;1.908765e-02;1.990983e-02;1.653605e-02;2.808589e-02;1.904850e-01;1.150320e-01;5.391380e-02;1.049386e-01;3.241848e-01;9.366547e-03
7.952308e-02;4.534128e-02;1.703960e-02;4.045047e-02;1.091142e-02;1.855941e-02;1.444162e-01;2.045634e-01;7.365130e-02;8.615074e-02;2.727073e-01;6.685902e-03
5.444881e-02;5.245383e-02;2.049646e-02;6.433711e-02;1.645560e-02;1.345775e-02;1.103500e-01;3.129556e-01;1.028153e-01;8.813168e-02;1.497164e-01;1.438154e-02
3.808440e-02;5.975784e-02;2.450031e-02;4.327022e-02;1.802251e-02;2.036362e-02;1.888579e-01;3.534357e-01;7.524915e-02;6.638352e-02;7.409217e-02;3.798263e-02
4.111426e-02;7.380812e-02;2.999122e-02;1.634202e-02;2.014117e-02;3.424515e-02;2.700648e-01;3.389808e-01;4.121698e-02;5.129472e-02;3.580454e-02;4.699616e-02
6.067887e-02;1.198002e-01;2.053952e-02;1.999667e-02;2.470903e-02;3.880708e-02;3.459356e-01;2.389781e-01;2.109264e-02;2.748049e-02;4.468026e-02;3.730155e-02
1.110328e-01;1.452156e-01;1.419188e-02;2.908526e-02;2.164372e-02;5.884672e-02;3.502910e-01;1.729522e-01;1.733363e-02;1.392628e-02;4.330802e-02;2.217298e-02
1.883185e-01;1.244531e-01;2.076362e-02;2.608376e-02;2.081921e-02;8.387857e-02;2.851401e-01;1.432955e-01;2.654466e-02;2.807661e-02;4.250730e-02;1.011907e-02
2.023110e-01;1.178899e-01;3.842339e-02;3.629700e-02;4.519116e-02;8.967502e-02;2.187054e-01;9.613275e-02;2.985671e-02;3.729468e-02;5.786599e-02;3.035693e-02
1.093659e-01;1.102034e-01;3.775345e-02;7.092591e-02;5.366087e-02;5.517982e-02;2.478645e-01;8.956409e-02;3.937847e-02;5.963280e-02;7.759571e-02;4.887509e-02
1.333266e-01;8.234318e-02;2.401689e-02;6.505020e-02;5.962966e-02;2.798950e-02;1.904851e-01;1.423443e-01;5.680342e-02;7.440504e-02;8.285057e-02;6.075559e-02
1.685694e-01;8.370168e-02;2.636245e-02;5.338056e-02;5.833860e-02;9.031790e-02;2.222330e-01;8.052929e-02;5.466172e-02;6.620024e-02;4.713979e-02;4.856536e-02
1.277403e-01;1.198714e-01;2.103993e-02;7.161853e-02;2.432382e-02;1.067893e-01;2.990054e-01;1.031410e-01;2.779458e-02;5.439099e-02;2.423857e-02;2.004625e-02
6.805361e-02;1.488797e-01;1.583492e-02;5.487394e-02;2.505414e-02;6.706353e-02;3.614172e-01;1.785493e-01;1.454007e-02;3.259667e-02;2.509254e-02;8.044264e-03
1.951073e-02;1.472193e-01;1.697535e-02;2.849823e-02;2.578481e-02;6.331149e-02;4.039018e-01;2.144110e-01;1.812987e-02;1.724237e-02;3.573589e-02;9.279184e-03
2.402002e-02;1.355625e-01;1.225533e-02;1.163300e-02;2.051301e-02;6.282755e-02;4.385597e-01;2.066832e-01;3.237768e-02;1.203608e-02;3.770327e-02;5.828716e-03
3.780284e-02;1.146384e-01;7.635821e-03;6.482546e-03;1.661412e-02;5.501773e-02;4.597623e-01;1.785313e-01;3.741652e-02;1.735160e-02;5.767914e-02;1.106770e-02
5.554582e-02;9.297881e-02;9.018390e-03;1.532953e-02;1.458118e-02;5.886998e-02;4.592126e-01;1.375306e-01;2.328722e-02;2.513451e-02;8.504041e-02;2.347096e-02
7.524540e-02;7.711703e-02;1.478603e-02;3.714935e-02;1.212182e-02;7.261761e-02;3.972853e-01;1.070221e-01;2.322588e-02;3.385707e-02;1.086401e-01;4.093226e-02
1.049250e-01;5.411084e-02;1.343817e-02;5.662812e-02;2.360772e-02;9.569073e-02;2.855178e-01;7.017233e-02;3.580794e-02;1.056809e-01;9.888291e-02;5.553759e-02
1.458419e-01;4.688816e-02;7.928923e-03;5.682402e-02;3.716054e-02;1.259920e-01;2.144683e-01;7.266281e-02;2.430723e-02;1.805343e-01;3.552889e-02;5.186294e-02
1.481301e-01;3.759477e-02;1.462180e-02;4.530209e-02;3.406742e-02;1.211566e-01;1.763660e-01;9.308267e-02;4.736174e-02;1.814623e-01;5.524318e-02;4.561136e-02
1.436561e-01;3.381617e-02;2.132889e-02;2.259492e-02;2.378001e-02;1.005987e-01;1.713725e-01;8.353567e-02;1.144367e-01;1.554583e-01;8.423637e-02;4.518560e-02
1.427956e-01;4.747291e-02;3.886886e-02;1.837103e-02;3.087662e-02;7.765733e-02;1.425238e-01;5.434779e-02;1.910971e-01;1.408976e-01;7.342555e-02;4.166578e-02
1.242179e-01;4.350315e-02;7.390874e-02;1.679572e-02;4.753133e-02;6.200700e-02;9.970906e-02;4.437430e-02;2.297273e-01;1.210516e-01;8.419091e-02;5.298306e-02
9.212301e-02;3.599672e-02;8.489414e-02;2.377407e-02;5.567740e-02;5.698168e-02;1.106779e-01;4.062144e-02;2.251798e-01;1.055197e-01;1.148218e-01;5.373229e-02
8.237470e-02;2.663358e-02;7.984271e-02;3.393229e-02;5.170003e-02;6.668351e-02;1.440214e-01;4.448098e-02;2.269202e-01;7.977089e-02;1.262475e-01;3.739222e-02
7.805476e-02;2.087215e-02;7.833915e-02;3.528418e-02;5.579654e-02;6.521857e-02;1.451332e-01;4.977668e-02;2.538208e-01;5.472767e-02;9.749722e-02;6.547912e-02
6.058299e-02;2.221130e-02;6.726607e-02;2.998310e-02;7.512627e-02;6.310001e-02;1.145300e-01;7.122225e-02;2.406931e-01;4.713757e-02;6.815170e-02;1.399956e-01
4.804054e-02;2.294612e-02;4.922165e-02;2.614193e-02;7.163846e-02;6.001003e-02;1.254125e-01;1.247214e-01;1.736676e-01;3.532812e-02;9.816651e-02;1.647051e-01
6.562153e-02;2.738972e-02;3.476522e-02;2.401299e-02;5.920614e-02;5.604256e-02;1.337480e-01;1.890822e-01;9.056382e-02;5.802690e-02;1.207512e-01;1.407897e-01
1.107687e-01;5.812180e-02;2.987404e-02;2.055456e-02;3.926982e-02;4.804708e-02;1.422509e-01;1.943436e-01;5.248059e-02;7.735337e-02;1.414017e-01;8.553385e-02
1.398127e-01;1.139188e-01;3.984971e-02;2.526723e-02;2.645477e-02;4.960030e-02;1.574066e-01;1.523959e-01;6.441996e-02;6.516356e-02;1.184743e-01;4.723620e-02
9.235965e-02;1.363912e-01;5.566058e-02;2.372873e-02;3.801237e-02;7.228110e-02;2.155238e-01;1.343096e-01;6.580564e-02;3.829843e-02;8.991466e-02;3.771427e-02
8.302397e-02;1.273387e-01;6.150478e-02;3.852738e-02;4.915806e-02;8.225156e-02;1.420560e-01;9.726124e-02;3.303071e-02;5.120137e-02;1.943812e-01;4.026496e-02
8.724839e-02;9.580524e-02;6.050320e-02;4.510152e-02;5.733262e-02;6.267317e-02;1.275405e-01;8.133090e-02;1.837943e-02;5.401645e-02;2.803712e-01;2.969749e-02
6.179938e-02;7.488730e-02;5.171683e-02;3.016577e-02;5.471426e-02;4.819753e-02;1.135903e-01;1.019387e-01;2.124575e-02;6.724727e-02;3.171261e-01;5.737076e-02
1.079395e-01;5.413873e-02;4.768273e-02;2.798537e-02;5.349382e-02;5.447605e-02;1.081412e-01;6.730405e-02;2.322855e-02;7.128890e-02;3.099888e-01;7.433229e-02
1.312739e-01;2.358668e-02;4.535689e-02;3.232081e-02;6.460594e-02;7.377216e-02;1.577393e-01;2.518587e-02;3.028899e-02;6.828959e-02;2.705688e-01;7.701121e-02
1.128986e-01;3.203245e-02;4.104862e-02;3.122094e-02;8.007266e-02;9.416987e-02;1.879843e-01;4.674634e-02;2.488862e-02;5.042508e-02;2.354400e-01;6.307244e-02
1.096410e-01;4.184804e-02;4.121014e-02;3.466709e-02;9.530652e-02;1.194697e-01;1.605990e-01;5.752100e-02;1.497883e-02;3.391351e-02;2.266346e-01;6.421062e-02
1.675941e-01;5.382613e-02;3.403535e-02;3.654116e-02;7.751293e-02;1.247188e-01;2.352190e-01;9.061972e-02;2.948057e-02;1.918935e-02;8.557496e-02;4.568804e-02
1.874378e-01;4.308313e-02;2.149056e-02;2.443908e-02;4.913701e-02;1.082376e-01;2.779720e-01;1.162607e-01;3.516834e-02;1.738017e-02;8.767513e-02;3.171841e-02
2.182249e-01;3.960599e-02;2.590214e-02;2.277283e-02;4.984841e-02;1.203607e-01;2.501393e-01;6.393152e-02;3.866901e-02;1.598981e-02;1.294740e-01;2.508141e-02
2.390871e-01;4.082315e-02;1.972459e-02;1.884393e-02;4.464331e-02;1.598890e-01;2.970951e-01;5.785859e-02;2.175716e-02;2.032736e-02;6.686848e-02;1.308231e-02
1.948529e-01;2.670939e-02;7.742392e-03;1.310085e-02;4.065548e-02;1.949644e-01;3.779520e-01;7.105194e-02;1.093936e-02;2.274443e-02;3.394629e-02;5.340596e-03
1.726438e-01;4.778123e-02;6.693185e-03;1.366387e-02;3.701285e-02;1.732476e-01;3.958346e-01;9.289724e-02;8.657916e-03;2.337761e-02;2.267267e-02;5.517327e-03
1.591295e-01;6.499080e-02;4.725039e-03;1.309675e-02;2.780519e-02;1.302232e-01;4.299197e-01;1.176177e-01;5.392458e-03;1.940249e-02;2.029705e-02;7.400181e-03
1.246149e-01;8.491392e-02;3.286147e-03;9.628570e-03;1.544006e-02;9.858042e-02;4.790739e-01;1.478735e-01;5.214087e-03;1.487276e-02;1.011588e-02;6.385913e-03
8.792686e-02;1.092915e-01;6.275342e-03;6.443552e-03;1.086959e-02;7.485771e-02;4.724600e-01;1.868304e-01;1.194403e-02;1.170049e-02;1.670829e-02;4.692258e-03
5.405907e-02;1.334662e-01;5.369066e-03;4.393726e-03;6.877171e-03;5.809235e-02;4.489509e-01;2.165138e-01;2.149140e-02;2.012599e-02;2.598168e-02;4.678663e-03
2.914179e-02;1.494187e-01;6.543654e-03;7.344950e-03;8.378766e-03;5.280652e-02;4.223148e-01;2.330536e-01;2.651013e-02;3.290273e-02;2.881244e-02;2.771895e-03
3.952096e-02;1.688757e-01;1.036153e-02;1.429715e-02;9.745854e-03;4.457048e-02;4.043567e-01;2.205531e-01;2.493507e-02;4.053330e-02;1.988467e-02;2.365450e-03
6.301872e-02;1.770250e-01;1.740190e-02;1.762148e-02;8.058691e-03;4.954454e-02;3.976316e-01;1.875554e-01;2.025839e-02;3.787267e-02;2.222081e-02;1.790778e-03
1.198279e-01;1.671588e-01;2.024217e-02;1.388713e-02;1.105908e-02;6.746725e-02;4.035242e-01;9.452360e-02;2.035784e-02;3.249032e-02;3.970150e-02;9.760254e-03
9.947536e-02;1.036217e-01;1.422443e-02;9.494727e-03;1.508545e-02;8.397687e-02;4.403853e-01;1.164127e-01;1.627305e-02;2.829402e-02;5.761845e-02;1.513799e-02
8.912140e-02;4.939263e-02;7.917750e-03;1.513268e-02;1.934797e-02;9.147983e-02;4.742798e-01;1.586178e-01;9.338138e-03;3.535406e-02;3.566978e-02;1.434821e-02
1.119927e-01;2.977572e-02;9.332594e-03;1.412788e-02;2.471623e-02;1.126799e-01;4.787288e-01;1.317593e-01;1.040424e-02;4.866900e-02;1.617090e-02;1.164276e-02
1.450759e-01;2.678615e-02;1.474949e-02;1.544272e-02;3.028463e-02;1.303926e-01;4.418183e-01;1.006937e-01;2.458400e-02;4.453153e-02;1.686952e-02;8.771462e-03
1.482896e-01;3.703013e-02;2.480810e-02;2.307072e-02;4.093591e-02;1.242425e-01;3.586276e-01;7.963203e-02;5.791255e-02;3.170244e-02;6.158987e-02;1.215853e-02
1.340032e-01;7.014361e-02;3.281163e-02;3.682994e-02;6.985398e-02;1.181251e-01;1.943481e-01;9.511559e-02;9.575870e-02;3.097213e-02;9.533487e-02;2.670305e-02
1.833289e-01;9.039671e-02;2.487435e-02;2.566514e-02;6.081956e-02;9.205855e-02;1.785631e-01;1.166834e-01;6.879245e-02;3.794385e-02;9.440079e-02;2.647319e-02
1.948006e-01;9.105223e-02;1.910706e-02;1.820074e-02;4.590509e-02;7.199582e-02;1.826570e-01;9.566515e-02;3.852291e-02;6.133890e-02;1.641966e-01;1.655795e-02
1.390910e-01;8.816322e-02;2.732120e-02;3.377676e-02;4.239889e-02;5.764170e-02;1.466489e-01;6.160199e-02;2.612703e-02;9.176208e-02;2.708319e-01;1.463529e-02
6.419165e-02;7.860714e-02;4.011074e-02;5.144581e-02;4.146204e-02;2.571016e-02;8.918005e-02;9.123906e-02;2.524608e-02;8.946174e-02;3.731884e-01;3.015716e-02
6.782732e-02;1.037224e-01;4.868809e-02;6.559578e-02;3.045603e-02;3.639684e-02;8.386242e-02;8.723654e-02;2.060196e-02;5.383090e-02;3.783018e-01;2.347990e-02
1.081262e-01;1.386931e-01;5.475356e-02;5.968358e-02;2.152504e-02;3.608080e-02;8.329418e-02;1.211313e-01;1.722483e-02;3.985887e-02;2.991114e-01;2.051717e-02
1.258495e-01;2.017800e-01;6.064105e-02;4.070826e-02;1.982900e-02;2.859775e-02;9.523091e-02;1.170802e-01;2.583835e-02;4.713089e-02;2.191202e-01;1.819388e-02
1.205577e-01;2.170174e-01;5.675436e-02;3.010520e-02;2.737113e-02;2.172722e-02;1.048521e-01;8.649661e-02;2.171582e-02;4.208345e-02;2.461449e-01;2.517420e-02
1.661993e-01;1.864329e-01;5.134835e-02;3.228030e-02;1.902461e-02;2.021925e-02;1.258717e-01;1.048270e-01;2.222651e-02;5.464975e-02;1.851756e-01;3.174478e-02
1.368068e-01;1.448611e-01;6.015232e-02;4.210256e-02;4.764136e-02;3.803721e-02;1.320817e-01;8.429377e-02;5.006932e-02;7.603183e-02;1.180860e-01;6.983605e-02
8.045224e-02;1.227108e-01;7.667679e-02;8.379517e-02;9.339023e-02;6.608775e-02;1.013901e-01;4.903204e-02;5.179990e-02;7.798060e-02;1.054403e-01;9.124412e-02
8.468390e-02;1.170195e-01;7.622001e-02;1.138726e-01;7.938839e-02;7.941470e-02;9.456071e-02;5.515750e-02;3.946439e-02;5.307811e-02;1.399904e-01;6.714979e-02
1.258370e-01;1.249349e-01;6.629767e-02;8.861039e-02;5.321083e-02;5.190295e-02;8.701129e-02;7.949682e-02;3.889830e-02;7.428838e-02;1.539375e-01;5.557396e-02
8.795983e-02;7.725847e-02;5.034667e-02;6.494544e-02;4.400036e-02;5.731072e-02;9.680352e-02;1.017112e-01;6.663554e-02;9.154297e-02;1.370501e-01;1.244352e-01
8.899431e-02;6.519723e-02;3.880834e-02;6.591957e-02;4.124861e-02;5.361110e-02;1.108660e-01;9.345248e-02;7.141984e-02;1.022792e-01;1.202820e-01;1.479213e-01
7.488872e-02;6.254634e-02;3.504172e-02;1.215063e-01;4.078977e-02;6.919336e-02;1.205329e-01;1.001858e-01;6.325632e-02;8.502122e-02;1.003980e-01;1.266395e-01
9.023962e-02;5.983093e-02;5.104446e-02;1.413301e-01;6.506960e-02;8.826908e-02;8.065622e-02;1.160195e-01;7.715132e-02;6.551287e-02;8.989372e-02;7.498260e-02
8.521810e-02;7.248810e-02;4.140455e-02;9.094447e-02;5.964689e-02;8.299638e-02;9.829587e-02;1.216409e-01;9.039749e-02;8.098585e-02;1.303332e-01;4.564825e-02
7.643323e-02;7.725973e-02;5.519387e-02;6.766368e-02;5.687973e-02;6.007793e-02;1.039747e-01;1.159737e-01;8.209094e-02;8.904813e-02;1.395966e-01;7.580771e-02
8.051167e-02;9.781434e-02;6.681675e-02;9.269480e-02;3.568617e-02;5.371961e-02;8.820771e-02;1.156303e-01;8.237736e-02;9.342410e-02;9.754295e-02;9.557427e-02
6.896811e-02;6.994667e-02;5.959947e-02;7.691678e-02;3.110508e-02;5.872601e-02;1.410903e-01;1.548988e-01;1.075999e-01;7.813015e-02;6.748867e-02;8.553005e-02
1.268074e-01;3.328298e-02;4.765524e-02;4.709930e-02;2.379764e-02;4.712235e-02;1.158098e-01;1.617772e-01;9.457431e-02;6.446548e-02;1.593417e-01;7.826658e-02
2.271899e-01;1.083947e-01;4.097404e-02;3.987491e-02;1.815058e-02;3.954870e-02;5.532415e-02;1.341266e-01;5.128669e-02;7.761918e-02;1.301194e-01;7.739121e-02
1.711925e-01;1.965036e-01;4.696655e-02;5.115797e-02;1.538160e-02;5.329844e-02;6.724010e-02;1.254795e-01;4.509577e-02;4.889455e-02;1.491309e-01;2.965845e-02
1.558413e-01;1.549701e-01;5.410521e-02;6.007258e-02;1.960869e-02;4.862634e-02;1.092717e-01;1.351563e-01;4.686924e-02;4.482510e-02;1.385368e-01;3.211663e-02
1.436139e-01;1.173669e-01;5.481308e-02;7.088268e-02;3.161540e-02;5.245035e-02;1.091933e-01;1.536064e-01;4.200876e-02;6.196425e-02;1.007310e-01;6.175388e-02
1.110199e-01;1.076673e-01;4.788577e-02;4.946604e-02;2.882349e-02;3.556206e-02;1.125384e-01;1.603264e-01;3.638832e-02;7.230868e-02;1.545431e-01;8.347062e-02
9.424788e-02;6.398537e-02;4.278863e-02;2.784938e-02;3.437971e-02;3.644809e-02;1.485420e-01;1.550723e-01;3.203245e-02;6.698138e-02;2.125350e-01;8.513785e-02
1.029605e-01;1.310235e-01;2.664472e-02;3.771280e-02;5.349234e-02;8.047397e-02;1.262870e-01;1.665948e-01;5.584837e-02;6.017080e-02;8.204805e-02;7.674320e-02
1.536682e-01;1.112662e-01;2.114683e-02;4.156220e-02;3.378465e-02;7.399373e-02;1.722384e-01;1.477671e-01;3.147411e-02;3.272215e-02;1.600936e-01;2.028275e-02
2.125108e-01;8.919913e-02;2.339880e-02;3.856602e-02;3.030141e-02;6.875186e-02;2.190181e-01;1.290716e-01;2.542355e-02;2.244302e-02;1.225350e-01;1.878064e-02
2.866985e-01;4.022276e-02;1.631101e-02;2.522623e-02;4.409475e-02;1.028794e-01;2.385966e-01;1.024073e-01;2.244516e-02;2.549348e-02;8.094025e-02;1.468465e-02
3.204661e-01;8.489981e-02;1.685147e-02;1.334130e-02;5.464018e-02;1.373946e-01;1.969818e-01;6.487373e-02;2.473534e-02;2.628850e-02;4.852609e-02;1.100100e-02
2.683110e-01;9.518785e-02;2.544947e-02;2.279334e-02;5.430493e-02;1.169001e-01;1.604133e-01;3.789420e-02;3.637530e-02;2.002558e-02;1.381990e-01;2.414598e-02
1.411128e-01;5.333879e-02;3.163157e-02;3.472189e-02;5.524909e-02;9.627241e-02;1.910540e-01;6.672907e-02;4.398250e-02;2.683038e-02;2.232720e-01;3.580552e-02
4.508184e-02;3.364438e-02;3.559979e-02;3.990873e-02;5.489587e-02;1.324004e-01;2.738179e-01;1.050279e-01;3.675726e-02;3.136913e-02;1.737116e-01;3.778514e-02
1.571647e-01;5.594089e-02;4.291895e-02;2.438156e-02;5.677718e-02;1.363908e-01;2.541595e-01;1.006246e-01;2.855648e-02;3.215406e-02;8.319983e-02;2.773144e-02
1.720685e-01;3.779574e-02;3.941130e-02;1.824291e-02;4.821536e-02;1.324247e-01;2.778074e-01;8.612011e-02;2.162535e-02;2.362579e-02;1.186833e-01;2.397955e-02
1.721144e-01;3.558351e-02;3.291398e-02;1.801810e-02;4.491930e-02;1.501434e-01;3.669897e-01;6.971259e-02;1.493205e-02;1.049978e-02;7.013475e-02;1.403841e-02
1.643879e-01;2.868248e-02;3.237872e-02;1.981612e-02;5.319561e-02;1.795673e-01;4.016848e-01;2.818179e-02;2.300010e-02;1.526403e-02;4.457733e-02;9.263929e-03
1.561996e-01;4.199477e-02;2.479146e-02;2.179111e-02;5.230492e-02;1.775103e-01;3.914590e-01;6.447357e-02;1.709011e-02;1.533407e-02;2.202874e-02;1.502234e-02
1.335070e-01;2.626620e-02;1.882006e-02;2.687342e-02;5.093297e-02;1.751632e-01;4.346191e-01;5.770757e-02;2.258919e-02;1.816931e-02;2.271911e-02;1.263280e-02
