7.959118e-02;2.257222e-01;1.946281e-01;6.247826e-02;3.538411e-02;6.541049e-02;1.087385e-01;1.170582e-01;3.362765e-02;2.560378e-02;1.867136e-02;3.308622e-02
1.410069e-01;1.340735e-01;1.537563e-01;5.493129e-02;5.287985e-02;6.784163e-02;9.831627e-02;1.950768e-01;2.833059e-02;2.068592e-02;2.364600e-02;2.945501e-02
1.784873e-01;1.798250e-01;1.342750e-01;4.025039e-02;5.334665e-02;6.529716e-02;2.173753e-02;2.224941e-01;2.881370e-02;1.587994e-02;2.865738e-02;3.093594e-02
2.015831e-01;1.791777e-01;9.014363e-02;2.332461e-02;5.150734e-02;4.071774e-02;4.087703e-02;2.374409e-01;2.829254e-02;4.557308e-02;2.452737e-02;3.683504e-02
1.698454e-01;1.707562e-01;1.088578e-01;1.205849e-02;5.043513e-02;3.781077e-02;4.948550e-02;2.111033e-01;4.906552e-02;6.360339e-02;4.034091e-02;3.663752e-02
1.090855e-01;3.076903e-01;1.888047e-01;1.294356e-02;3.289483e-02;4.336052e-02;3.291930e-02;1.087387e-01;5.151660e-02;3.355333e-02;4.725603e-02;3.123671e-02
5.954069e-02;3.762534e-01;2.702652e-01;1.564297e-02;1.892694e-02;5.073366e-02;2.852160e-02;5.678571e-02;4.988706e-02;1.814288e-02;3.130645e-02;2.399337e-02
3.646772e-02;3.658201e-01;2.973344e-01;2.021476e-02;1.635889e-02;5.438481e-02;3.762805e-02;6.006048e-02;4.584058e-02;2.252775e-02;1.819836e-02;2.516410e-02
4.918735e-02;3.334633e-01;2.850204e-01;1.833455e-02;1.806054e-02;6.143019e-02;3.573951e-02;7.118593e-02;5.513028e-02;2.337557e-02;2.378169e-02;2.529071e-02
5.262221e-02;2.665307e-01;2.751192e-01;2.315156e-02;2.904968e-02;4.616095e-02;4.277718e-02;1.092856e-01;6.406277e-02;2.839741e-02;3.275767e-02;3.008505e-02
6.216795e-02;1.844664e-01;3.451042e-01;2.675575e-02;3.195234e-02;3.482722e-02;4.461214e-02;9.069585e-02;4.877578e-02;4.047941e-02;5.434426e-02;3.581868e-02
6.963855e-02;2.688722e-01;3.091210e-01;2.194992e-02;3.297614e-02;3.789425e-02;1.716093e-02;8.026828e-02;3.284547e-02;2.961170e-02;6.471053e-02;3.495105e-02
6.504576e-02;2.834041e-01;2.828641e-01;2.175839e-02;2.891602e-02;3.816113e-02;5.423269e-02;9.824657e-02;2.881337e-02;1.975167e-02;4.328731e-02;3.551889e-02
6.102040e-02;2.667087e-01;2.388517e-01;2.281836e-02;2.791393e-02;5.207921e-02;8.625999e-02;1.136139e-01;2.779680e-02;3.251358e-02;3.030710e-02;4.011626e-02
7.842637e-02;2.194985e-01;2.137355e-01;4.655060e-02;5.114265e-02;6.421260e-02;8.064850e-02;8.629873e-02;3.794987e-02;4.753763e-02;2.851708e-02;4.548200e-02
9.982891e-02;1.307207e-01;1.807148e-01;7.513137e-02;9.908845e-02;7.189870e-02;9.836278e-02;7.405460e-02;3.597372e-02;4.564657e-02;3.447647e-02;5.410289e-02
8.466738e-02;1.525678e-01;1.866519e-01;5.489280e-02;7.006334e-02;9.833101e-02;6.112831e-02;1.315265e-01;6.703635e-02;3.564039e-02;1.620820e-02;4.128602e-02
4.813019e-02;1.351270e-01;2.569304e-01;4.941971e-02;7.644212e-02;1.367199e-01;3.768940e-02;1.450568e-01;5.849989e-02;2.510444e-02;1.209048e-02;1.878962e-02
3.107476e-02;2.205354e-01;3.065049e-01;3.894119e-02;6.882600e-02;1.044702e-01;3.311826e-02;1.176745e-01;3.470093e-02;2.552325e-02;7.943711e-03;1.068687e-02
2.370576e-02;3.010226e-01;3.707435e-01;2.446731e-02;4.242390e-02;4.680351e-02;2.075194e-02;1.031947e-01;2.100009e-02;2.628896e-02;5.784177e-03;1.381342e-02
2.994834e-02;3.527798e-01;3.612533e-01;2.322903e-02;1.662109e-02;5.784551e-02;9.918048e-03;7.276691e-02;3.595526e-02;1.835335e-02;4.678118e-03;1.665122e-02
3.874069e-02;3.494652e-01;3.330835e-01;4.415293e-02;8.088754e-03;7.281715e-02;9.457884e-03;4.534318e-02;7.277098e-02;6.932461e-03;2.740329e-03;1.640699e-02
3.949159e-02;2.925051e-01;3.095980e-01;5.968653e-02;7.203300e-03;7.770532e-02;1.345230e-02;5.558912e-02;1.025637e-01;1.606874e-02;6.963163e-03;1.917309e-02
2.273477e-02;2.159657e-01;2.992436e-01;4.774882e-02;1.458202e-02;9.912362e-02;1.775968e-02;9.255085e-02;1.099059e-01;3.300089e-02;1.920770e-02;2.817647e-02
4.097677e-02;2.370360e-01;3.035105e-01;3.009433e-02;4.742822e-02;5.187548e-02;3.738834e-02;7.155948e-02;8.079997e-02;3.465907e-02;3.117052e-02;3.350132e-02
6.150649e-02;2.680834e-01;2.489504e-01;3.432775e-02;7.045352e-02;5.951972e-02;6.756388e-02;6.021789e-02;5.907674e-02;2.455051e-02;2.665373e-02;1.909601e-02
7.034039e-02;3.273940e-01;1.199844e-01;3.374098e-02;9.152855e-02;5.886051e-02;1.284995e-01;5.558897e-02;4.547735e-02;3.137170e-02;2.542910e-02;1.178463e-02
4.696656e-02;3.446655e-01;1.770077e-01;3.686213e-02;5.693246e-02;7.070421e-02;1.130993e-01;3.711595e-02;6.158075e-02;2.838936e-02;1.750052e-02;9.175517e-03
4.361809e-02;3.694465e-01;2.231191e-01;3.802898e-02;3.870272e-02;4.981802e-02;8.353189e-02;5.550689e-02;6.331804e-02;2.297280e-02;5.953540e-03;5.983469e-03
4.546113e-02;3.814332e-01;2.199681e-01;4.318234e-02;6.573466e-02;2.223372e-02;7.382444e-02;5.954785e-02;5.807309e-02;1.828138e-02;5.584315e-03;6.675872e-03
6.310858e-02;3.884704e-01;2.123994e-01;3.934436e-02;4.423441e-02;2.768173e-02;9.807549e-02;3.596175e-02;5.177811e-02;1.857020e-02;1.671866e-02;3.656939e-03
1.014365e-01;3.861723e-01;1.952818e-01;1.741442e-02;2.550080e-02;2.903100e-02;1.045655e-01;3.886369e-02;3.201573e-02;1.743649e-02;4.614938e-02;6.132395e-03
1.170274e-01;3.761215e-01;1.569567e-01;1.700742e-02;4.277455e-02;2.972824e-02;8.470648e-02;6.708698e-02;2.199579e-02;1.618018e-02;6.068123e-02;9.733570e-03
1.043913e-01;3.163602e-01;1.643883e-01;2.686789e-02;5.429825e-02;2.960665e-02;5.713840e-02;1.470153e-01;2.192932e-02;2.275163e-02;4.465613e-02;1.059655e-02
1.201918e-01;2.335598e-01;1.514011e-01;2.310085e-02;5.401311e-02;1.314684e-02;4.980507e-02;2.694026e-01;2.607538e-02;2.064451e-02;2.561713e-02;1.304180e-02
1.578744e-01;1.252614e-01;9.150995e-02;9.304964e-03;4.320110e-02;3.059422e-02;5.053653e-02;4.196282e-01;2.283004e-02;2.003808e-02;1.392241e-02;1.529878e-02
1.481570e-01;1.571947e-01;1.105437e-01;1.118380e-02;2.717029e-02;1.989116e-02;4.723913e-02;4.090828e-01;2.028326e-02;1.987243e-02;9.591781e-03;1.978992e-02
1.218506e-01;1.652558e-01;1.287314e-01;1.194057e-02;2.437493e-02;3.708489e-02;7.603725e-02;3.585233e-01;2.755925e-02;1.844162e-02;7.888759e-03;2.231168e-02
8.944435e-02;1.336245e-01;1.262709e-01;2.420905e-02;2.812597e-02;5.599510e-02;1.134397e-01;2.746485e-01;4.282470e-02;4.079222e-02;1.546064e-02;5.516433e-02
7.963023e-02;1.322076e-01;1.202569e-01;2.926734e-02;3.549779e-02;8.061208e-02;1.222085e-01;2.150623e-01;5.641943e-02;4.988867e-02;1.238245e-02;6.656682e-02
1.059384e-01;2.153532e-01;1.608034e-01;2.062174e-02;3.300212e-02;4.527832e-02;7.135342e-02;2.346762e-01;4.535041e-02;2.649631e-02;9.920643e-03;3.120588e-02
1.309965e-01;2.907678e-01;1.676025e-01;1.671652e-02;3.713224e-02;2.869851e-02;2.857674e-02;2.225525e-01;3.304678e-02;1.402292e-02;1.349360e-02;1.639332e-02
1.476986e-01;2.336093e-01;1.597954e-01;2.701027e-02;5.113208e-02;4.040400e-02;2.994267e-02;2.051019e-01;4.049420e-02;1.690771e-02;2.056990e-02;2.733389e-02
1.409288e-01;1.892646e-01;1.119781e-01;3.994327e-02;5.611208e-02;5.934016e-02;3.704055e-02;2.184991e-01;5.565756e-02;2.333987e-02;3.424373e-02;3.365206e-02
1.455613e-01;1.757866e-01;1.009666e-01;3.124619e-02;6.030833e-02;5.516408e-02;5.479600e-02;2.464905e-01;4.854920e-02;2.215717e-02;2.452608e-02;3.444793e-02
1.734855e-01;1.559092e-01;1.259644e-01;2.601801e-02;6.453852e-02;2.776538e-02;5.375916e-02;2.919956e-01;2.673776e-02;1.659342e-02;1.001487e-02;2.721813e-02
1.777343e-01;1.631481e-01;1.158764e-01;2.411349e-02;5.967512e-02;2.659311e-02;3.896662e-02;3.234544e-01;1.910904e-02;1.160573e-02;1.178857e-02;2.793508e-02
1.764388e-01;2.176782e-01;1.184765e-01;1.592796e-02;5.445193e-02;1.581452e-02;4.835076e-02;2.945509e-01;1.743642e-02;5.647444e-03;1.027408e-02;2.495250e-02
1.751943e-01;1.903493e-01;1.303468e-01;1.329870e-02;6.884181e-02;3.634286e-02;5.836387e-02;2.559097e-01;1.454971e-02;1.140047e-02;1.062549e-02;3.477699e-02
1.881547e-01;9.719388e-02;1.091419e-01;1.855310e-02;1.001429e-01;5.223776e-02;6.602659e-02;2.549352e-01;2.453843e-02;1.989001e-02;2.729183e-02;4.189372e-02
1.646042e-01;1.754320e-01;1.441791e-01;2.310365e-02;9.253304e-02;4.942884e-02;6.444963e-02;1.739811e-01;2.255162e-02;2.123529e-02;3.025263e-02;3.824889e-02
1.331231e-01;2.637861e-01;2.098110e-01;1.680342e-02;6.273147e-02;4.317768e-02;7.054738e-02;9.787557e-02;2.232241e-02;2.259694e-02;2.553952e-02;3.168542e-02
1.302223e-01;3.009416e-01;2.205286e-01;1.964343e-02;4.638811e-02;4.763475e-02;6.606776e-02;5.951511e-02;2.822670e-02;2.537918e-02;3.206193e-02;2.339064e-02
1.028030e-01;3.087601e-01;1.621362e-01;1.968410e-02;4.735219e-02;7.792870e-02;6.163869e-02;1.070962e-01;2.594196e-02;2.988628e-02;3.240957e-02;2.436293e-02
4.913610e-02;2.201666e-01;1.114994e-01;3.477958e-02;5.280044e-02;1.142706e-01;8.033246e-02;1.342150e-01;3.312462e-02;6.428704e-02;4.917471e-02;5.621348e-02
4.794728e-02;1.606243e-01;1.143962e-01;3.851513e-02;4.003998e-02;1.007611e-01;9.730510e-02;1.269488e-01;4.085818e-02;8.650520e-02;7.848483e-02;6.761383e-02
5.554781e-02;1.698291e-01;1.560335e-01;3.628490e-02;3.601635e-02;6.647205e-02;8.633170e-02;1.291794e-01;4.722305e-02;7.463446e-02;8.632314e-02;5.612453e-02
8.486801e-02;1.969053e-01;1.813360e-01;3.554541e-02;2.915588e-02;8.202803e-02;5.108450e-02;1.552498e-01;4.140949e-02;4.405431e-02;5.567422e-02;4.268897e-02
1.249998e-01;1.777402e-01;1.330873e-01;2.529542e-02;3.501897e-02;9.949876e-02;1.193932e-01;1.259957e-01;4.557680e-02;4.100171e-02;2.036724e-02;5.202481e-02
1.260828e-01;1.803304e-01;8.748880e-02;3.688877e-02;5.925042e-02;7.500112e-02;1.610993e-01;1.091230e-01;5.308260e-02;2.796735e-02;1.594308e-02;6.774225e-02
1.186111e-01;1.994708e-01;1.366536e-01;3.186818e-02;5.915968e-02;4.634033e-02;1.346060e-01;1.174635e-01;4.770821e-02;2.566660e-02;1.870703e-02;6.374490e-02
1.316935e-01;2.161499e-01;1.966172e-01;3.281169e-02;6.347148e-02;2.794170e-02;8.953222e-02;1.110572e-01;3.663388e-02;1.981789e-02;2.584811e-02;4.842516e-02
1.228186e-01;2.646134e-01;2.121218e-01;6.330451e-02;5.651289e-02;1.584508e-02;7.469639e-02;7.262637e-02;3.851772e-02;1.472717e-02;3.028935e-02;3.392660e-02
1.047309e-01;3.056449e-01;1.962642e-01;8.189851e-02;4.136990e-02;3.112968e-02;5.883015e-02;7.429387e-02;3.735650e-02;2.135545e-02;1.773721e-02;2.938865e-02
1.021752e-01;2.865879e-01;1.305756e-01;6.169262e-02;6.392370e-02;3.692704e-02;5.429828e-02;1.433263e-01;4.722027e-02;2.220926e-02;2.584577e-02;2.521810e-02
1.132277e-01;2.268795e-01;1.406375e-01;4.900473e-02;5.579665e-02;5.529870e-02;3.983503e-02;1.507723e-01;5.893945e-02;2.886762e-02;3.293557e-02;4.780515e-02
1.312981e-01;2.400566e-01;1.066455e-01;6.155999e-02;3.634777e-02;8.522896e-02;5.058154e-02;1.075903e-01;7.305402e-02;3.017366e-02;1.806524e-02;5.939834e-02
1.589806e-01;2.921683e-01;9.608993e-02;5.594026e-02;4.249254e-02;7.594305e-02;3.791592e-02;7.395154e-02;6.111453e-02;2.779048e-02;2.498049e-02;5.263235e-02
1.444159e-01;2.572027e-01;1.284422e-01;4.424342e-02;4.231159e-02;7.162688e-02;6.315590e-02;9.586404e-02;5.306959e-02;2.975087e-02;2.383042e-02;4.608659e-02
1.355961e-01;2.166310e-01;1.361817e-01;3.432548e-02;4.414413e-02;8.490184e-02;5.215066e-02;1.186434e-01;5.071693e-02;3.628983e-02;2.771717e-02;6.270190e-02
1.582299e-01;2.220527e-01;1.237763e-01;1.985267e-02;3.617129e-02;8.402979e-02;5.124594e-02;9.912979e-02;5.178975e-02;4.715542e-02;3.242848e-02;7.413792e-02
1.317341e-01;3.228621e-01;1.983839e-01;2.020071e-02;2.165037e-02;5.242996e-02;4.055154e-02;5.524625e-02;5.822258e-02;4.182138e-02;2.002005e-02;3.687707e-02
1.189621e-01;3.202360e-01;2.081608e-01;2.077017e-02;2.711430e-02;4.353595e-02;3.234867e-02;6.061465e-02;8.106881e-02;3.325350e-02;2.195843e-02;3.197662e-02
1.188067e-01;3.069004e-01;2.135754e-01;1.727316e-02;3.199673e-02;6.889617e-02;2.335419e-02;7.083794e-02;6.694864e-02;2.097981e-02;2.192928e-02;3.850155e-02
1.173939e-01;3.689701e-01;1.993893e-01;1.724558e-02;3.417987e-02;6.944863e-02;2.684324e-02;5.847580e-02;3.846540e-02;2.293685e-02;2.338466e-02;2.326665e-02
1.223685e-01;3.614509e-01;2.132151e-01;2.812522e-02;2.043439e-02;3.992142e-02;2.189562e-02;7.573276e-02;3.293971e-02;2.483524e-02;2.618831e-02;3.289283e-02
9.742539e-02;2.776703e-01;2.484266e-01;4.738305e-02;4.626181e-02;3.296308e-02;2.934932e-02;7.400173e-02;3.488553e-02;3.369841e-02;2.859381e-02;4.934102e-02
8.039803e-02;1.600204e-01;1.964924e-01;8.869789e-02;6.235486e-02;8.573305e-02;7.573627e-02;6.092742e-02;6.024773e-02;3.796766e-02;4.173337e-02;4.969094e-02
9.192599e-02;1.912925e-01;2.162341e-01;5.982928e-02;4.863457e-02;8.335984e-02;6.509896e-02;1.105450e-01;4.867092e-02;1.970408e-02;3.876944e-02;2.593527e-02
1.326334e-01;2.260920e-01;2.323432e-01;3.936922e-02;4.541460e-02;4.267160e-02;4.000247e-02;1.494302e-01;3.420874e-02;1.139641e-02;3.031877e-02;1.611937e-02
1.839068e-01;1.925307e-01;1.998714e-01;3.276343e-02;4.499176e-02;2.449608e-02;4.743560e-02;2.039037e-01;2.638832e-02;9.469872e-03;1.692345e-02;1.731895e-02
2.167601e-01;1.303988e-01;1.690311e-01;2.178346e-02;3.438185e-02;3.390546e-02;5.996729e-02;2.289528e-01;2.610079e-02;1.175311e-02;3.306095e-02;3.390427e-02
1.946959e-01;1.423897e-01;1.199679e-01;1.861687e-02;3.189876e-02;5.729090e-02;7.209838e-02;1.867684e-01;4.270856e-02;2.166177e-02;5.037242e-02;6.153033e-02
1.263266e-01;2.168142e-01;1.589625e-01;1.886152e-02;2.681529e-02;9.260098e-02;8.499243e-02;1.082357e-01;4.099646e-02;1.761761e-02;4.220136e-02;6.557541e-02
8.425228e-02;2.792125e-01;2.158754e-01;1.890059e-02;3.573592e-02;7.018311e-02;9.193325e-02;6.901476e-02;3.138854e-02;2.145728e-02;4.676024e-02;3.528616e-02
8.483487e-02;2.557704e-01;2.430230e-01;1.672611e-02;4.864310e-02;3.254772e-02;1.254037e-01;6.133586e-02;1.783360e-02;1.980288e-02;6.575866e-02;2.832006e-02
1.030136e-01;2.603116e-01;2.295339e-01;2.310195e-02;4.769642e-02;4.180227e-02;9.783552e-02;5.992704e-02;2.277069e-02;2.159485e-02;6.458162e-02;2.783058e-02
9.475686e-02;3.248493e-01;2.236015e-01;5.042505e-02;3.561242e-02;3.775327e-02;3.849424e-02;5.313775e-02;4.871627e-02;2.541818e-02;5.099191e-02;1.624325e-02
6.172777e-02;3.991220e-01;1.880666e-01;6.291614e-02;2.215503e-02;4.350914e-02;1.824435e-02;4.657048e-02;8.637927e-02;2.184784e-02;3.167606e-02;1.778538e-02
4.506544e-02;4.298941e-01;1.499262e-01;5.031440e-02;1.087091e-02;6.353386e-02;1.733911e-02;4.731056e-02;1.017788e-01;3.514269e-02;1.435424e-02;3.446971e-02
3.752570e-02;3.596350e-01;2.276967e-01;3.409083e-02;1.465866e-02;6.526613e-02;2.260453e-02;4.623307e-02;8.203305e-02;4.652822e-02;1.597927e-02;4.774892e-02
4.344911e-02;2.898380e-01;2.809391e-01;3.743927e-02;2.266589e-02;5.963831e-02;2.217235e-02;5.274335e-02;6.790788e-02;5.166991e-02;2.338168e-02;4.815515e-02
6.845129e-02;3.001093e-01;2.547874e-01;3.352262e-02;2.325052e-02;5.579016e-02;2.223787e-02;5.891762e-02;5.897059e-02;4.448788e-02;2.826537e-02;5.120940e-02
1.101706e-01;3.066173e-01;2.159134e-01;3.141766e-02;2.013925e-02;5.369639e-02;2.771202e-02;7.156073e-02;4.929036e-02;4.579289e-02;2.174493e-02;4.594447e-02
9.183876e-02;2.575328e-01;2.276720e-01;2.437838e-02;2.397108e-02;4.646460e-02;4.056840e-02;9.290608e-02;6.705113e-02;5.479768e-02;2.580511e-02;4.701395e-02
7.785666e-02;2.524310e-01;2.257296e-01;2.522655e-02;3.382853e-02;5.721602e-02;3.276843e-02;9.359093e-02;7.316289e-02;5.257585e-02;3.921079e-02;3.640275e-02
8.279128e-02;2.834132e-01;2.505134e-01;2.873237e-02;3.065707e-02;6.219163e-02;3.344552e-02;8.298391e-02;5.516223e-02;4.161027e-02;2.260145e-02;2.589766e-02
9.032200e-02;2.870304e-01;2.058719e-01;4.928917e-02;3.310422e-02;5.459907e-02;3.636643e-02;7.609807e-02;6.465179e-02;5.032846e-02;1.459142e-02;3.774706e-02
9.568729e-02;3.094662e-01;1.716900e-01;5.355909e-02;2.685290e-02;4.666114e-02;5.090037e-02;6.954721e-02;6.628794e-02;4.669546e-02;2.880705e-02;3.384531e-02
7.846843e-02;3.241561e-01;2.342395e-01;3.342904e-02;2.721700e-02;3.793041e-02;5.665739e-02;5.736363e-02;4.285648e-02;3.127074e-02;4.054384e-02;3.586743e-02
6.353834e-02;2.982986e-01;2.009377e-01;2.806986e-02;3.447144e-02;5.416591e-02;7.103276e-02;7.363705e-02;5.352315e-02;4.136006e-02;4.015898e-02;4.080608e-02
8.285938e-02;3.094032e-01;1.617576e-01;3.198612e-02;3.102660e-02;4.227922e-02;4.978435e-02;9.139971e-02;7.932200e-02;3.650741e-02;4.022675e-02;4.344770e-02
9.258575e-02;2.498701e-01;2.085193e-01;3.284386e-02;2.559848e-02;6.355354e-02;4.560569e-02;1.054684e-01;7.862028e-02;4.000042e-02;2.855133e-02;2.878292e-02
7.045638e-02;1.614290e-01;1.615863e-01;6.115239e-02;6.789279e-02;8.138842e-02;1.077227e-01;1.381624e-01;5.077249e-02;4.533583e-02;2.470146e-02;2.939977e-02
6.010263e-02;1.348438e-01;1.185509e-01;6.599081e-02;6.662646e-02;8.966424e-02;1.999452e-01;1.328497e-01;3.878771e-02;2.716017e-02;1.989909e-02;4.557927e-02
4.595913e-02;1.050856e-01;6.623799e-02;6.584949e-02;5.426643e-02;1.204169e-01;3.022967e-01;1.030412e-01;3.952886e-02;1.714705e-02;2.464162e-02;5.552902e-02
2.172960e-02;8.127478e-02;6.817473e-02;4.590984e-02;4.134918e-02;2.107354e-01;2.939794e-01;5.672317e-02;6.613267e-02;1.989894e-02;5.048018e-02;4.361213e-02
1.070499e-02;7.116745e-02;6.018089e-02;3.523612e-02;7.327081e-02;3.150360e-01;1.763718e-01;3.942023e-02;1.158701e-01;2.125766e-02;5.875695e-02;2.272701e-02
1.653478e-02;8.358894e-02;5.458372e-02;4.123882e-02;1.452298e-01;2.471886e-01;4.389193e-02;7.853664e-02;1.377950e-01;7.236317e-02;5.829570e-02;2.075294e-02
1.291992e-02;9.877696e-02;6.446397e-02;4.185413e-02;2.038522e-01;1.552874e-01;2.100614e-02;7.235205e-02;1.141282e-01;1.052447e-01;7.856407e-02;3.155024e-02
8.710027e-03;1.087254e-01;7.450362e-02;4.573888e-02;1.959512e-01;1.463640e-01;3.428349e-02;7.289113e-02;1.225737e-01;9.507143e-02;4.765672e-02;4.753029e-02
1.740521e-02;1.162488e-01;7.959739e-02;5.334376e-02;1.476117e-01;1.215555e-01;3.527239e-02;1.155713e-01;1.512600e-01;8.321737e-02;2.515685e-02;5.375982e-02
3.503824e-02;1.217204e-01;7.339745e-02;5.542500e-02;1.070729e-01;1.438699e-01;4.724184e-02;1.521629e-01;1.484681e-01;5.196373e-02;1.524372e-02;4.839581e-02
4.467585e-02;1.238674e-01;9.102402e-02;3.018934e-02;6.612097e-02;1.967917e-01;6.949198e-02;1.477460e-01;1.312867e-01;2.738781e-02;3.048026e-02;4.093795e-02
4.838671e-02;1.153193e-01;6.499337e-02;2.321563e-02;6.960263e-02;1.650401e-01;6.877215e-02;1.573221e-01;1.583271e-01;4.015110e-02;5.522224e-02;3.364752e-02
5.557333e-02;1.038781e-01;5.088738e-02;3.698010e-02;7.706575e-02;1.290316e-01;1.426006e-01;1.420807e-01;1.321130e-01;4.416613e-02;6.698001e-02;1.864332e-02
4.596924e-02;9.929930e-02;8.430012e-02;3.303086e-02;5.704315e-02;1.524582e-01;1.475993e-01;1.068111e-01;1.410584e-01;5.226413e-02;5.536865e-02;2.479750e-02
3.835595e-02;1.427275e-01;9.467450e-02;3.006514e-02;3.687460e-02;1.034249e-01;1.222730e-01;1.315052e-01;1.407942e-01;5.836434e-02;6.369530e-02;3.724531e-02
5.130063e-02;1.563545e-01;8.626060e-02;3.165962e-02;5.137278e-02;1.221354e-01;7.895758e-02;1.276755e-01;1.447077e-01;4.544296e-02;5.950018e-02;4.463251e-02
5.272301e-02;1.751635e-01;1.009374e-01;2.389364e-02;7.296147e-02;1.361524e-01;7.377347e-02;9.069900e-02;1.263695e-01;4.439513e-02;6.539395e-02;3.753754e-02
5.076251e-02;1.880966e-01;1.213775e-01;1.498787e-02;7.126761e-02;1.577810e-01;6.665336e-02;8.113712e-02;1.139787e-01;4.521276e-02;5.803575e-02;3.070926e-02
3.825637e-02;1.646175e-01;9.157863e-02;2.888035e-02;6.494044e-02;2.672932e-01;5.658788e-02;8.640270e-02;1.001492e-01;3.988795e-02;4.054997e-02;2.085581e-02
1.913506e-02;1.573022e-01;9.234533e-02;3.625364e-02;5.829462e-02;2.898230e-01;3.681004e-02;1.219243e-01;1.008867e-01;4.027584e-02;2.433792e-02;2.261130e-02
2.299520e-02;1.380880e-01;1.081564e-01;4.229536e-02;8.482400e-02;2.157567e-01;5.844167e-02;1.389191e-01;1.059287e-01;3.909652e-02;2.104663e-02;2.445175e-02
3.136657e-02;1.616790e-01;1.070484e-01;4.612245e-02;6.592205e-02;1.932940e-01;6.841885e-02;1.017654e-01;1.247940e-01;4.030345e-02;3.522057e-02;2.406524e-02
3.225306e-02;1.174275e-01;1.220074e-01;5.225967e-02;4.723314e-02;2.020283e-01;8.282660e-02;8.990671e-02;1.401237e-01;4.852922e-02;4.186188e-02;2.354272e-02
3.245974e-02;7.833602e-02;1.025412e-01;4.220080e-02;7.606725e-02;1.965736e-01;9.130508e-02;1.258695e-01;1.529080e-01;4.413609e-02;3.261009e-02;2.499270e-02
4.117823e-02;1.428574e-01;1.064398e-01;2.213306e-02;7.320841e-02;1.504058e-01;8.108916e-02;1.259345e-01;1.327752e-01;5.699841e-02;3.474644e-02;3.223365e-02
4.824230e-02;2.058991e-01;1.479978e-01;2.689163e-02;5.526407e-02;1.080822e-01;8.580474e-02;1.026979e-01;1.060896e-01;5.008284e-02;3.035040e-02;3.259744e-02
5.081356e-02;2.259566e-01;1.344874e-01;3.701988e-02;4.959117e-02;9.885959e-02;8.938805e-02;8.441646e-02;1.268238e-01;3.776628e-02;3.245575e-02;3.242140e-02
5.387690e-02;2.040600e-01;1.159729e-01;4.420343e-02;5.902131e-02;1.164615e-01;8.867356e-02;8.298441e-02;1.268596e-01;4.148581e-02;3.996829e-02;2.643236e-02
4.944506e-02;2.078925e-01;1.165427e-01;3.482922e-02;4.891023e-02;1.233734e-01;9.073047e-02;1.156360e-01;1.037051e-01;5.815577e-02;2.967415e-02;2.110540e-02
7.301535e-02;1.314877e-01;1.174534e-01;4.797796e-02;5.064340e-02;1.336334e-01;8.485025e-02;1.370405e-01;8.722083e-02;2.881588e-02;5.529171e-02;5.256966e-02
7.454854e-02;1.386559e-01;1.447136e-01;5.205048e-02;5.500206e-02;1.263217e-01;5.718285e-02;1.005353e-01;7.665341e-02;4.626997e-02;6.607829e-02;6.198783e-02
6.130999e-02;1.528795e-01;1.614990e-01;3.569989e-02;4.504032e-02;1.247609e-01;6.921592e-02;1.267702e-01;6.514803e-02;5.001825e-02;5.441995e-02;5.323809e-02
3.654410e-02;1.254680e-01;1.408485e-01;2.086190e-02;2.118570e-02;1.947961e-01;8.972999e-02;1.758650e-01;7.395015e-02;4.481814e-02;3.447914e-02;4.145323e-02
2.109215e-02;6.285242e-02;9.209064e-02;2.717266e-02;6.142142e-02;2.432990e-01;7.346178e-02;1.739528e-01;1.055356e-01;4.682285e-02;5.879087e-02;3.350781e-02
2.043640e-02;6.046937e-02;6.108270e-02;2.991983e-02;1.322315e-01;2.007610e-01;3.700990e-02;2.102045e-01;1.133800e-01;5.835857e-02;5.102883e-02;2.511732e-02
1.115648e-02;7.150237e-02;4.064961e-02;2.883107e-02;1.812679e-01;1.199041e-01;2.112134e-02;2.163197e-01;1.459760e-01;1.003671e-01;3.622377e-02;2.668063e-02
1.008487e-02;5.347574e-02;3.717510e-02;4.246895e-02;1.879960e-01;9.421096e-02;1.936487e-02;1.607249e-01;1.908549e-01;1.376965e-01;3.242524e-02;3.352191e-02
1.076340e-02;4.854019e-02;2.474776e-02;4.950064e-02;1.845665e-01;5.610640e-02;2.436360e-02;1.146503e-01;2.354506e-01;1.691615e-01;3.227118e-02;4.987789e-02
1.264399e-02;3.033623e-02;2.377752e-02;4.396213e-02;1.472328e-01;9.348325e-02;1.804083e-02;1.239266e-01;2.682952e-01;1.643627e-01;2.428717e-02;4.965159e-02
1.419743e-02;3.170618e-02;3.889757e-02;5.308151e-02;1.093889e-01;9.351498e-02;2.539352e-02;1.232846e-01;2.958432e-01;1.504382e-01;1.403437e-02;5.021948e-02
1.739029e-02;4.439995e-02;3.605416e-02;5.771258e-02;9.166106e-02;6.334560e-02;3.078735e-02;1.302008e-01;3.262584e-01;1.269117e-01;1.509876e-02;6.017937e-02
1.503312e-02;6.385843e-02;3.155150e-02;4.888611e-02;1.000825e-01;5.144033e-02;2.408918e-02;1.485068e-01;3.189462e-01;1.098081e-01;2.111308e-02;6.668474e-02
2.199053e-02;5.968389e-02;2.284339e-02;3.589023e-02;9.454127e-02;5.322072e-02;4.984946e-02;1.761459e-01;2.937963e-01;1.003937e-01;3.759098e-02;5.405360e-02
3.858206e-02;5.230857e-02;4.505578e-02;3.136175e-02;7.356585e-02;7.546493e-02;7.880556e-02;1.716647e-01;2.612084e-01;7.544278e-02;5.902781e-02;3.751174e-02
3.558843e-02;8.617820e-02;5.291077e-02;2.836905e-02;8.427151e-02;1.023941e-01;7.029717e-02;1.518395e-01;2.079752e-01;9.302091e-02;5.530419e-02;3.185106e-02
2.925071e-02;1.064042e-01;3.795020e-02;2.075952e-02;9.872735e-02;1.015646e-01;4.639711e-02;1.860070e-01;2.148585e-01;8.770560e-02;3.570963e-02;3.466547e-02
2.563218e-02;9.295913e-02;4.299669e-02;1.707936e-02;8.924556e-02;8.855309e-02;2.953623e-02;2.023940e-01;2.511128e-01;8.980883e-02;3.006606e-02;4.061605e-02
1.811665e-02;9.843858e-02;5.778980e-02;2.337345e-02;6.773242e-02;9.856037e-02;3.554441e-02;1.892182e-01;2.722403e-01;8.014767e-02;2.422091e-02;3.461725e-02
1.976471e-02;1.071976e-01;6.380347e-02;1.926320e-02;4.797447e-02;9.442914e-02;6.728729e-02;2.102005e-01;2.673129e-01;6.100918e-02;1.788604e-02;2.387152e-02
2.142167e-02;8.826234e-02;6.506450e-02;1.782461e-02;3.849340e-02;8.089496e-02;9.745101e-02;2.087196e-01;2.496080e-01;8.115929e-02;1.664187e-02;3.445875e-02
1.711185e-02;1.020508e-01;7.647917e-02;1.975941e-02;4.968687e-02;8.607460e-02;7.745340e-02;1.689738e-01;2.082618e-01;1.081677e-01;3.792788e-02;4.805271e-02
2.614978e-02;1.211818e-01;6.025690e-02;3.416989e-02;8.411876e-02;1.061664e-01;6.598741e-02;1.468424e-01;1.620619e-01;1.001432e-01;6.157962e-02;3.134194e-02
2.639626e-02;9.501407e-02;5.373200e-02;4.485095e-02;1.211478e-01;7.179806e-02;5.195591e-02;1.250473e-01;2.214300e-01;9.256360e-02;5.080319e-02;4.526088e-02
1.658919e-02;7.913516e-02;3.491322e-02;3.600019e-02;1.280679e-01;6.470415e-02;3.540193e-02;1.161391e-01;2.700299e-01;1.129225e-01;5.340234e-02;5.269450e-02
9.055585e-03;7.238406e-02;3.354289e-02;2.271472e-02;1.221023e-01;5.266191e-02;3.532890e-02;1.313195e-01;3.193803e-01;1.167825e-01;5.085026e-02;3.387707e-02
1.255130e-02;6.963240e-02;4.279646e-02;1.099831e-02;1.474276e-01;3.392135e-02;4.769529e-02;1.161867e-01;3.478192e-01;1.092819e-01;3.978771e-02;2.190174e-02
1.963048e-02;5.615588e-02;4.034412e-02;5.105760e-02;1.838204e-01;4.581787e-02;2.775690e-02;8.660840e-02;3.106419e-01;1.184539e-01;4.104894e-02;1.866359e-02
3.979479e-02;4.588408e-02;2.783291e-02;1.231378e-01;1.798592e-01;5.008432e-02;3.079686e-02;9.200493e-02;2.734322e-01;9.126047e-02;3.029359e-02;1.561892e-02
7.267016e-02;3.095116e-02;3.263840e-02;2.174183e-01;1.511123e-01;2.362430e-02;3.749928e-02;1.096526e-01;2.476150e-01;5.089677e-02;1.490364e-02;1.101800e-02
8.355268e-02;2.208693e-02;4.162275e-02;2.898940e-01;1.294001e-01;1.186964e-02;2.870115e-02;1.224859e-01;2.181079e-01;2.799666e-02;1.065413e-02;1.362819e-02
7.060745e-02;2.352456e-02;7.707464e-02;3.054056e-01;1.145530e-01;2.532766e-02;1.814755e-02;1.443605e-01;1.776647e-01;1.743605e-02;7.803609e-03;1.809479e-02
5.061194e-02;2.875813e-02;1.331486e-01;2.680735e-01;9.018499e-02;3.316965e-02;9.199721e-03;1.808319e-01;1.521076e-01;1.418044e-02;7.704364e-03;3.202921e-02
2.513755e-02;4.574692e-02;2.088629e-01;1.826614e-01;4.375586e-02;4.364026e-02;6.854374e-03;2.292850e-01;1.454688e-01;1.475817e-02;9.015424e-03;4.481323e-02
1.743861e-02;3.823766e-02;2.922712e-01;8.718575e-02;2.046542e-02;5.276944e-02;1.611889e-02;2.777477e-01;1.132656e-01;2.526450e-02;7.986510e-03;5.124867e-02
1.086852e-02;5.311354e-02;3.399783e-01;3.470167e-02;2.140816e-02;3.616923e-02;2.904823e-02;3.250569e-01;6.351708e-02;2.561506e-02;1.156675e-02;4.895655e-02
7.897090e-03;3.827545e-02;3.161710e-01;2.659926e-02;2.473423e-02;3.918649e-02;1.492118e-02;3.605123e-01;1.000727e-01;1.983810e-02;1.051494e-02;4.127723e-02
1.289095e-02;7.006843e-02;2.632152e-01;5.915057e-02;2.330749e-02;2.451342e-02;1.139094e-02;3.560086e-01;9.558336e-02;1.546967e-02;2.041280e-02;4.798857e-02
1.757258e-02;8.009324e-02;2.441499e-01;4.559141e-02;1.862044e-02;2.809725e-02;1.434706e-02;3.643597e-01;6.297626e-02;9.122338e-03;4.423653e-02;7.083322e-02
1.574937e-02;6.503537e-02;2.165581e-01;3.078128e-02;1.444822e-02;3.567646e-02;1.455095e-02;3.730856e-01;1.100221e-01;1.691445e-02;4.261937e-02;6.455879e-02
1.061379e-02;6.282574e-02;1.952554e-01;5.566048e-02;1.721385e-02;3.512933e-02;2.644317e-02;3.749507e-01;1.383733e-01;1.892409e-02;1.660013e-02;4.800995e-02
1.660803e-02;4.959840e-02;1.895644e-01;6.553108e-02;3.196533e-02;4.902174e-02;2.541468e-02;3.618292e-01;1.299437e-01;2.548392e-02;1.047269e-02;4.456688e-02
3.482055e-02;5.565332e-02;1.438933e-01;4.671087e-02;8.288961e-02;5.712525e-02;3.103092e-02;3.258160e-01;1.454503e-01;2.231704e-02;2.043425e-02;3.385853e-02
3.671629e-02;5.770673e-02;6.047998e-02;1.122682e-01;9.927356e-02;2.615891e-02;1.578799e-02;2.874329e-01;2.407568e-01;2.120950e-02;2.128609e-02;2.092309e-02
3.843927e-02;4.567062e-02;1.091188e-01;1.448996e-01;9.057423e-02;2.322016e-02;1.889015e-02;2.370032e-01;2.302637e-01;2.075228e-02;2.113319e-02;2.003471e-02
3.519289e-02;4.189171e-02;1.577228e-01;1.162277e-01;7.302117e-02;5.307195e-02;3.057981e-02;2.112718e-01;2.072222e-01;2.338725e-02;2.692262e-02;2.348804e-02
3.556390e-02;3.810067e-02;1.706900e-01;4.935355e-02;5.462183e-02;5.769055e-02;3.168587e-02;2.607746e-01;2.131547e-01;2.470968e-02;3.137980e-02;3.227475e-02
3.463226e-02;4.985989e-02;1.600275e-01;5.918032e-02;5.955869e-02;3.982650e-02;1.880977e-02;2.850483e-01;1.984431e-01;3.185859e-02;2.608300e-02;3.667213e-02
