8.063942e-02;6.047307e-02;1.194142e-01;5.332737e-02;7.607667e-02;5.194213e-02;1.788219e-01;7.165038e-02;8.641943e-02;1.140798e-01;5.932007e-02;4.783553e-02
7.133300e-02;4.837688e-02;1.210305e-01;6.240615e-02;7.214472e-02;5.782529e-02;1.749319e-01;5.934945e-02;9.302710e-02;1.452394e-01;3.952756e-02;5.480816e-02
9.162855e-02;3.842063e-02;8.497220e-02;7.382487e-02;8.034861e-02;7.321516e-02;2.038268e-01;5.322282e-02;9.229387e-02;7.724329e-02;3.951889e-02;9.148429e-02
1.295030e-01;7.459807e-02;6.351747e-02;6.014535e-02;7.412791e-02;8.031262e-02;1.659838e-01;7.968124e-02;6.746878e-02;6.145175e-02;6.219323e-02;8.101682e-02
9.416977e-02;1.126525e-01;1.106357e-01;4.886690e-02;7.121018e-02;9.941509e-02;1.526655e-01;5.164566e-02;8.131523e-02;5.634602e-02;6.462669e-02;5.645091e-02
1.193964e-01;1.072781e-01;1.898298e-01;8.425804e-02;6.753348e-02;7.550245e-02;9.802701e-02;3.259994e-02;7.037601e-02;7.012221e-02;4.635689e-02;3.871966e-02
1.018875e-01;9.011381e-02;2.045832e-01;1.023946e-01;8.904114e-02;7.496658e-02;4.368229e-02;4.101283e-02;7.436837e-02;7.422148e-02;6.559835e-02;3.812985e-02
1.055942e-01;5.278344e-02;1.663195e-01;9.189442e-02;7.503085e-02;9.872923e-02;9.753409e-02;1.906438e-02;6.432468e-02;7.458868e-02;9.483118e-02;5.930544e-02
9.415761e-02;2.756606e-02;1.341083e-01;6.513781e-02;3.575481e-02;1.250985e-01;1.702523e-01;2.340117e-02;4.826527e-02;5.213339e-02;1.322817e-01;9.184313e-02
5.431551e-02;1.919671e-02;1.124689e-01;3.925863e-02;4.906377e-03;1.492385e-01;2.460284e-01;1.681784e-02;3.111977e-02;3.604192e-02;1.781244e-01;1.124832e-01
1.974388e-02;2.459549e-02;6.495889e-02;1.797083e-02;1.254326e-02;1.630815e-01;2.660401e-01;6.972148e-03;2.409178e-02;4.067310e-02;2.281660e-01;1.311631e-01
1.138683e-01;2.966099e-02;3.210251e-02;7.636028e-03;7.472216e-03;1.308979e-01;2.075549e-01;1.463680e-02;2.225473e-02;5.469149e-02;2.391553e-01;1.400689e-01
1.047365e-01;2.354654e-02;4.700853e-02;1.032961e-02;1.989458e-02;9.124347e-02;1.650613e-01;1.962820e-02;2.854015e-02;1.013512e-01;2.565773e-01;1.320826e-01
6.324703e-02;2.460860e-02;7.384091e-02;3.069441e-02;4.621225e-02;5.705887e-02;1.526307e-01;3.829119e-02;4.102621e-02;1.269394e-01;2.337750e-01;1.116754e-01
8.024069e-02;1.440274e-02;8.999149e-02;4.023747e-02;5.464442e-02;7.585218e-02;1.838517e-01;5.097031e-02;4.434635e-02;1.140958e-01;1.529505e-01;9.841631e-02
7.205702e-02;4.077374e-02;9.810272e-02;4.644498e-02;3.667349e-02;1.010292e-01;2.165531e-01;3.678078e-02;2.876439e-02;7.251194e-02;1.572091e-01;9.309955e-02
1.566087e-01;4.625935e-02;6.686860e-02;5.090251e-02;4.937850e-02;6.720455e-02;1.150602e-01;3.749667e-02;7.150581e-02;1.128195e-01;1.514947e-01;7.440095e-02
6.754648e-02;3.451920e-02;3.588532e-02;4.490344e-02;4.942097e-02;4.258795e-02;4.786938e-02;7.172025e-02;1.154955e-01;2.569993e-01;1.579920e-01;7.506020e-02
3.260653e-02;3.052498e-02;3.690316e-02;4.010211e-02;5.106094e-02;4.438061e-02;9.107789e-02;6.318105e-02;1.234118e-01;2.522975e-01;1.706239e-01;6.382962e-02
3.842857e-02;2.967646e-02;5.061602e-02;3.698249e-02;4.846354e-02;4.800666e-02;1.275724e-01;8.002032e-02;9.990209e-02;2.284973e-01;1.615741e-01;5.026010e-02
5.519498e-02;3.244899e-02;6.438944e-02;3.479479e-02;5.093272e-02;4.524549e-02;1.675337e-01;1.134885e-01;1.044866e-01;1.830509e-01;1.148033e-01;3.363070e-02
8.286157e-02;2.478519e-02;6.501795e-02;3.361747e-02;3.453650e-02;4.218182e-02;1.570123e-01;1.390422e-01;1.349068e-01;2.053791e-01;4.773728e-02;3.292187e-02
6.286383e-02;5.786179e-02;9.703276e-02;2.025611e-02;4.092307e-02;5.138140e-02;1.203403e-01;9.973200e-02;1.387059e-01;2.440838e-01;3.126506e-02;3.555398e-02
9.719371e-02;7.268929e-02;2.153999e-01;1.907669e-02;5.718844e-02;3.916314e-02;1.787541e-01;5.412726e-02;7.224699e-02;1.228563e-01;3.485128e-02;3.645278e-02
1.831286e-01;6.675640e-02;2.187691e-01;1.699112e-02;4.549089e-02;3.193302e-02;1.863036e-01;5.814822e-02;4.395740e-02;7.286565e-02;2.754008e-02;4.811590e-02
2.585027e-01;5.745827e-02;1.440891e-01;1.071036e-02;2.893403e-02;2.370271e-02;1.696027e-01;6.781673e-02;3.925217e-02;1.014282e-01;2.386527e-02;7.463787e-02
3.212996e-01;3.509386e-02;3.817260e-02;5.255263e-03;1.391251e-02;1.464406e-02;1.865494e-01;6.522717e-02;3.086276e-02;1.450924e-01;2.957438e-02;1.143161e-01
2.948819e-01;2.593318e-02;3.077678e-02;6.399225e-03;7.040725e-03;2.296151e-02;2.338297e-01;7.106042e-02;2.141313e-02;1.188444e-01;4.443201e-02;1.224271e-01
2.180942e-01;3.384289e-02;4.862989e-02;6.372939e-03;1.257917e-02;4.957658e-02;2.358897e-01;1.257444e-01;1.751107e-02;9.689981e-02;6.861817e-02;8.624113e-02
1.579904e-01;3.029541e-02;6.647100e-02;1.302245e-02;3.333329e-02;7.079746e-02;2.021124e-01;1.327367e-01;3.240114e-02;1.257676e-01;9.825387e-02;3.681817e-02
1.379163e-01;1.412720e-02;6.954651e-02;2.418560e-02;5.710704e-02;4.851023e-02;1.781594e-01;8.041584e-02;5.938345e-02;1.762914e-01;1.185612e-01;3.579582e-02
7.885520e-02;3.514108e-02;7.737035e-02;2.942980e-02;5.492927e-02;4.685936e-02;1.699054e-01;9.328174e-02;7.689040e-02;1.775732e-01;1.043756e-01;5.538851e-02
3.200198e-02;2.406558e-02;8.062887e-02;2.165847e-02;3.238446e-02;5.512813e-02;1.622880e-01;1.363596e-01;9.178219e-02;2.062093e-01;9.576932e-02;6.172426e-02
1.000269e-01;2.625184e-02;3.671950e-02;1.160836e-02;1.902918e-02;3.642916e-02;1.458824e-01;1.523949e-01;6.864803e-02;2.723613e-01;6.277289e-02;6.787555e-02
1.525194e-01;2.429747e-02;4.223907e-02;6.344287e-03;6.409917e-03;2.716270e-02;1.238332e-01;1.225040e-01;1.005200e-01;3.000912e-01;3.022013e-02;6.385867e-02
1.913116e-01;1.956157e-02;2.604262e-02;4.953915e-03;3.990279e-03;3.336171e-02;1.118407e-01;9.971084e-02;1.302045e-01;3.098769e-01;1.339891e-02;5.574648e-02
2.309325e-01;1.967218e-02;1.925631e-02;7.368393e-03;4.753541e-03;5.132530e-02;1.142713e-01;8.338276e-02;1.367695e-01;2.707104e-01;9.761393e-03;5.179639e-02
2.966291e-01;3.106480e-02;2.293524e-02;2.959673e-02;1.222935e-02;5.914750e-02;8.759869e-02;8.013934e-02;1.183371e-01;1.961174e-01;9.080004e-03;5.712474e-02
3.858686e-01;5.837332e-02;3.336501e-02;5.628541e-02;1.680859e-02;3.795816e-02;5.778524e-02;9.634084e-02;8.404323e-02;1.009013e-01;9.600065e-03;6.267022e-02
4.767970e-01;8.987016e-02;4.701090e-02;4.238619e-02;9.920086e-03;1.361363e-02;3.923370e-02;1.137860e-01;6.013009e-02;3.622763e-02;8.117194e-03;6.290736e-02
5.268711e-01;1.119934e-01;4.127419e-02;1.383047e-02;6.084340e-03;1.239273e-02;2.734301e-02;1.231343e-01;3.077425e-02;3.560660e-02;8.755952e-03;6.193968e-02
5.421070e-01;1.322956e-01;3.458222e-02;3.803251e-03;6.403423e-03;1.114477e-02;2.124562e-02;1.255587e-01;1.757849e-02;4.022139e-02;1.134824e-02;5.371121e-02
5.153010e-01;1.626548e-01;4.736743e-02;5.457721e-03;9.268607e-03;8.461842e-03;1.295682e-02;1.232980e-01;2.314107e-02;3.362650e-02;2.170936e-02;3.675685e-02
4.964149e-01;1.992861e-01;3.841924e-02;4.714025e-03;1.002389e-02;6.018551e-03;1.030522e-02;1.180218e-01;3.161795e-02;2.869625e-02;3.057556e-02;2.590651e-02
4.619943e-01;2.222112e-01;6.356193e-02;4.649791e-03;9.311186e-03;3.999601e-03;1.147834e-02;1.096111e-01;3.650923e-02;2.363701e-02;3.091653e-02;2.211976e-02
4.355233e-01;2.252992e-01;6.075025e-02;5.021687e-03;1.211191e-02;8.717926e-03;2.298611e-02;9.950597e-02;5.034145e-02;2.735974e-02;2.935450e-02;2.302791e-02
3.620301e-01;2.056209e-01;7.268061e-02;4.322055e-03;1.840876e-02;1.901199e-02;2.730446e-02;7.563403e-02;1.068649e-01;5.326788e-02;3.139100e-02;2.346340e-02
2.461094e-01;1.582531e-01;1.052791e-01;8.503948e-03;2.915782e-02;3.675209e-02;6.280328e-02;5.228810e-02;1.606929e-01;6.861442e-02;4.084104e-02;3.070476e-02
1.561561e-01;1.061584e-01;1.212983e-01;1.966378e-02;4.784699e-02;5.965646e-02;1.097683e-01;2.819427e-02;1.937386e-01;7.286156e-02;5.721450e-02;2.744272e-02
8.438344e-02;5.577182e-02;1.719580e-01;1.959589e-02;5.622620e-02;5.126261e-02;1.147456e-01;7.414433e-02;1.982420e-01;7.416353e-02;7.826116e-02;2.124543e-02
1.284858e-01;5.825010e-02;1.965094e-01;2.251716e-02;3.337557e-02;4.036643e-02;1.004435e-01;6.340471e-02;2.016662e-01;6.132828e-02;4.766526e-02;4.598761e-02
1.837907e-01;9.900278e-02;1.878383e-01;1.542109e-02;1.992527e-02;3.110341e-02;8.980910e-02;6.890013e-02;1.809608e-01;5.060701e-02;2.647646e-02;4.616496e-02
2.382220e-01;1.408369e-01;1.373034e-01;1.040200e-02;1.476258e-02;1.709953e-02;7.483312e-02;1.045744e-01;1.565733e-01;3.452376e-02;4.229072e-02;2.857837e-02
2.498550e-01;2.017194e-01;1.484641e-01;7.907251e-03;9.305945e-03;9.089806e-03;2.882653e-02;1.098380e-01;1.389261e-01;2.704484e-02;4.652859e-02;2.249449e-02
2.483915e-01;2.320445e-01;1.635295e-01;1.237120e-02;1.170590e-02;5.953525e-03;3.021785e-02;1.046415e-01;9.048510e-02;1.936229e-02;5.012634e-02;3.117094e-02
3.492749e-01;2.237611e-01;1.103344e-01;5.420172e-03;8.049672e-03;3.035277e-03;2.309313e-02;1.213593e-01;5.912559e-02;1.562277e-02;4.828406e-02;3.263963e-02
4.220323e-01;2.281159e-01;6.836085e-02;1.908320e-03;6.957269e-03;3.362600e-03;9.424238e-03;1.198589e-01;5.843491e-02;5.061049e-03;4.992478e-02;2.655883e-02
4.583092e-01;2.058695e-01;5.753247e-02;1.807926e-03;5.438067e-03;1.991040e-03;9.587160e-03;1.153358e-01;5.922896e-02;4.941191e-03;5.245068e-02;2.750803e-02
4.801918e-01;1.720305e-01;5.090429e-02;2.982070e-03;5.572866e-03;2.813553e-03;6.552647e-03;1.238205e-01;5.180476e-02;7.065544e-03;5.752430e-02;3.873717e-02
4.832298e-01;1.302243e-01;5.269583e-02;5.284649e-03;7.256936e-03;3.710313e-03;1.401991e-02;1.358619e-01;4.595619e-02;1.138556e-02;6.232855e-02;4.804609e-02
4.817837e-01;8.519240e-02;7.716112e-02;6.704183e-03;1.306781e-02;7.358370e-03;1.713819e-02;1.639513e-01;2.442569e-02;1.586746e-02;5.971244e-02;4.763735e-02
4.299506e-01;1.015053e-01;1.108581e-01;6.043445e-03;1.171509e-02;6.747187e-03;3.048353e-02;1.878462e-01;2.119061e-02;1.565381e-02;4.198344e-02;3.602276e-02
4.324329e-01;1.072278e-01;6.503254e-02;5.218872e-03;9.645530e-03;5.911727e-03;4.993027e-02;2.154616e-01;2.599502e-02;1.574395e-02;2.678127e-02;4.061849e-02
3.953121e-01;8.728782e-02;4.207124e-02;4.977220e-03;7.105860e-03;4.261746e-03;1.024244e-01;1.876408e-01;2.765818e-02;3.568090e-02;2.901283e-02;7.656682e-02
2.766898e-01;7.542523e-02;7.479364e-02;1.985273e-02;2.210098e-02;1.700702e-02;1.340364e-01;9.314980e-02;4.658550e-02;6.642105e-02;6.052108e-02;1.134167e-01
2.572060e-01;1.188475e-01;1.383707e-01;2.339570e-02;3.245374e-02;1.742238e-02;8.729572e-02;8.281454e-02;3.193040e-02;5.674597e-02;7.223517e-02;8.128219e-02
2.800155e-01;1.781632e-01;1.278239e-01;2.028728e-02;2.453659e-02;1.062635e-02;6.070951e-02;1.039286e-01;6.471013e-02;3.530741e-02;5.393275e-02;3.995869e-02
2.841731e-01;2.161551e-01;1.119609e-01;3.718970e-02;1.552304e-02;4.663846e-03;3.611697e-02;1.052950e-01;1.052763e-01;2.626479e-02;3.859789e-02;1.878330e-02
2.761622e-01;2.295376e-01;7.330677e-02;3.447074e-02;2.248480e-02;4.161801e-03;3.546212e-02;1.140910e-01;1.287401e-01;3.802278e-02;3.526778e-02;8.292255e-03
2.741908e-01;2.188341e-01;4.657634e-02;1.490622e-02;1.732097e-02;4.591454e-03;3.848229e-02;1.271163e-01;1.503138e-01;6.683827e-02;3.348941e-02;7.340076e-03
2.706830e-01;1.903307e-01;4.893898e-02;2.421976e-02;2.240395e-02;4.654652e-03;5.148551e-02;1.155756e-01;1.544684e-01;8.129641e-02;2.917572e-02;6.767442e-03
3.093266e-01;1.612392e-01;4.923061e-02;2.143029e-02;3.679917e-02;3.230120e-03;5.267010e-02;1.090243e-01;1.396654e-01;7.148158e-02;3.061648e-02;1.528624e-02
3.178796e-01;1.372941e-01;8.006667e-02;1.529231e-02;3.861015e-02;4.407106e-03;4.609656e-02;1.079645e-01;1.229469e-01;6.711207e-02;3.203313e-02;3.029682e-02
2.775370e-01;1.008535e-01;1.491542e-01;1.731452e-02;3.751270e-02;8.695357e-03;4.875763e-02;9.877748e-02;1.101201e-01;7.140283e-02;3.605023e-02;4.382449e-02
3.047291e-01;7.067996e-02;1.937921e-01;2.315399e-02;2.879667e-02;1.924041e-02;4.312366e-02;9.371724e-02;8.268851e-02;5.290389e-02;3.461765e-02;5.255678e-02
3.595442e-01;1.468696e-01;1.468660e-01;2.936321e-02;1.704863e-02;2.678822e-02;4.562364e-02;7.763425e-02;4.900298e-02;4.109555e-02;2.403322e-02;3.613051e-02
2.864207e-01;2.248574e-01;1.308140e-01;5.960669e-02;1.450961e-02;2.234314e-02;3.402301e-02;4.956174e-02;1.116603e-01;2.243759e-02;1.512045e-02;2.864524e-02
2.178977e-01;2.870605e-01;1.401557e-01;8.595166e-02;9.658410e-03;1.860010e-02;1.453865e-02;2.521186e-02;1.576415e-01;1.962653e-02;8.239950e-03;1.541756e-02
1.673702e-01;3.251558e-01;1.336143e-01;9.400889e-02;7.987733e-03;2.291614e-02;9.371446e-03;1.147744e-02;1.900087e-01;2.231815e-02;5.265648e-03;1.050556e-02
1.251469e-01;3.225448e-01;1.616525e-01;9.407627e-02;5.199293e-03;3.585464e-02;8.928676e-03;1.027361e-02;2.034874e-01;1.926456e-02;3.135335e-03;1.043600e-02
1.303249e-01;2.756965e-01;1.759303e-01;1.026226e-01;9.092147e-03;4.538532e-02;1.516162e-02;1.256347e-02;1.923746e-01;2.738762e-02;2.436140e-03;1.102479e-02
1.744797e-01;2.246436e-01;1.396877e-01;8.427386e-02;2.060903e-02;4.628935e-02;3.672042e-02;2.483773e-02;1.613154e-01;7.258635e-02;3.751985e-03;1.080489e-02
2.172128e-01;1.683650e-01;9.765355e-02;4.344654e-02;4.866063e-02;4.751213e-02;6.277370e-02;5.980835e-02;1.223948e-01;1.065487e-01;6.504267e-03;1.911947e-02
1.884152e-01;9.376463e-02;8.096856e-02;2.175864e-02;8.180986e-02;5.790360e-02;8.104067e-02;7.706379e-02;1.292872e-01;1.393538e-01;1.519482e-02;3.343923e-02
1.195311e-01;3.930609e-02;6.138258e-02;2.950006e-02;9.339865e-02;6.301832e-02;8.621430e-02;8.220256e-02;1.081686e-01;2.669946e-01;1.734515e-02;3.293805e-02
1.017520e-01;5.517042e-02;5.218928e-02;3.229754e-02;1.030935e-01;7.098132e-02;7.501964e-02;1.134006e-01;1.303940e-01;2.280938e-01;1.817314e-02;1.943474e-02
5.534573e-02;6.213458e-02;5.636188e-02;3.374864e-02;9.502137e-02;1.239512e-01;1.365226e-01;9.573060e-02;9.883391e-02;2.251604e-01;8.886586e-03;8.302436e-03
3.539034e-02;4.738867e-02;2.087230e-02;5.796928e-02;6.051512e-02;1.581635e-01;1.657588e-01;1.023334e-01;1.018410e-01;2.392085e-01;4.991121e-03;5.568002e-03
4.490303e-02;3.645018e-02;3.073663e-02;7.162999e-02;8.870737e-02;1.235802e-01;1.496195e-01;1.332056e-01;1.402807e-01;1.610617e-01;7.843367e-03;1.198178e-02
3.728376e-02;1.665595e-02;2.596941e-02;4.913094e-02;8.278293e-02;7.075840e-02;8.095797e-02;1.351688e-01;1.366235e-01;3.488570e-01;6.778478e-03;9.032892e-03
4.346273e-02;2.570811e-02;1.810087e-02;2.845262e-02;5.042364e-02;1.198400e-01;4.374558e-02;1.217839e-01;7.110792e-02;4.542568e-01;1.124511e-02;1.187280e-02
5.975753e-02;3.261058e-02;2.214930e-02;2.618176e-02;2.095975e-02;1.311666e-01;9.378555e-02;1.270805e-01;3.202180e-02;4.413744e-01;4.538046e-03;8.374189e-03
8.237472e-02;4.565258e-02;3.444217e-02;2.543677e-02;3.624144e-02;1.188535e-01;1.337165e-01;8.322067e-02;6.150006e-02;3.598461e-01;7.966306e-03;1.074917e-02
8.296888e-02;5.719393e-02;6.744347e-02;3.568336e-02;5.030929e-02;1.079183e-01;8.209151e-02;9.784435e-02;1.523659e-01;2.355694e-01;1.516236e-02;1.544921e-02
4.826329e-02;3.195986e-02;5.440290e-02;4.069591e-02;4.236877e-02;7.619601e-02;1.003178e-01;1.341454e-01;1.388998e-01;2.755198e-01;3.895909e-02;1.827134e-02
5.470758e-02;1.067250e-02;2.996149e-02;1.681349e-02;9.960888e-02;6.102655e-02;1.010019e-01;1.266825e-01;1.460768e-01;2.637891e-01;5.740387e-02;3.225547e-02
6.117182e-02;2.122835e-02;1.671934e-02;1.529798e-02;1.551087e-01;4.447736e-02;1.217664e-01;1.274629e-01;2.028595e-01;1.246446e-01;6.324052e-02;4.602249e-02
6.568138e-02;2.387770e-02;1.618646e-02;2.181051e-02;1.582979e-01;4.839127e-02;1.184960e-01;1.379258e-01;1.965474e-01;9.906597e-02;6.780990e-02;4.590970e-02
9.533524e-02;9.355882e-03;7.738253e-02;3.528145e-02;1.768059e-01;4.240051e-02;9.905646e-02;1.290135e-01;1.660289e-01;7.485635e-02;5.953572e-02;3.494754e-02
1.556388e-01;1.070897e-01;2.306443e-01;5.404380e-02;1.073223e-01;2.713733e-02;9.769814e-02;5.407428e-02;6.649600e-02;4.398825e-02;2.265411e-02;3.321300e-02
1.876214e-01;1.119821e-01;1.989502e-01;4.480205e-02;5.323100e-02;2.789341e-02;1.056346e-01;9.513546e-02;6.663224e-02;3.072142e-02;3.013362e-02;4.726247e-02
2.215370e-01;9.333823e-02;1.348361e-01;3.604751e-02;3.416558e-02;2.379009e-02;1.502007e-01;1.264611e-01;4.959922e-02;2.910468e-02;2.772697e-02;7.319276e-02
2.319105e-01;5.297887e-02;5.572351e-02;3.007692e-02;1.930458e-02;1.907488e-02;2.432420e-01;1.343460e-01;2.309409e-02;3.886278e-02;2.889581e-02;1.224900e-01
1.886379e-01;4.412196e-02;4.984134e-02;2.256439e-02;9.345337e-03;4.272217e-02;3.039373e-01;7.563189e-02;1.530928e-02;4.598859e-02;4.239228e-02;1.595076e-01
1.452651e-01;7.037032e-02;5.565831e-02;1.085489e-02;1.009675e-02;4.883837e-02;3.014118e-01;3.056733e-02;1.451756e-02;4.305835e-02;8.098269e-02;1.883785e-01
2.003065e-01;8.591223e-02;5.043339e-02;1.052985e-02;1.512489e-02;3.185705e-02;2.340323e-01;6.078027e-03;1.691877e-02;4.058268e-02;9.851285e-02;2.097114e-01
2.508012e-01;8.608755e-02;5.453862e-02;1.455621e-02;1.047232e-02;1.419519e-02;1.656769e-01;1.783199e-02;2.717638e-02;3.539696e-02;1.022600e-01;2.210066e-01
1.639464e-01;5.426615e-02;4.618544e-02;1.512960e-02;1.295060e-02;4.047113e-02;1.425498e-01;1.991382e-02;4.268269e-02;5.280298e-02;1.644270e-01;2.446744e-01
1.646525e-01;7.054736e-02;3.535713e-02;2.104851e-02;3.168782e-02;5.247875e-02;8.992711e-02;3.073360e-02;3.801922e-02;6.618403e-02;1.537543e-01;2.456097e-01
2.087461e-01;6.607065e-02;4.586653e-02;2.467593e-02;3.716795e-02;8.099897e-02;1.742328e-01;3.253230e-02;2.320113e-02;3.420736e-02;1.045113e-01;1.677890e-01
1.130860e-01;2.516949e-02;4.861361e-02;2.751054e-02;3.477224e-02;1.243707e-01;2.884412e-01;3.379600e-02;2.162064e-02;3.142653e-02;1.079759e-01;1.432170e-01
1.369499e-02;9.180889e-03;4.224151e-02;2.879374e-02;3.477272e-02;1.562245e-01;3.815403e-01;3.334772e-02;1.915696e-02;3.291254e-02;1.161565e-01;1.319776e-01
4.295400e-02;1.021254e-02;3.281755e-02;5.384300e-02;4.031545e-02;1.514101e-01;3.603542e-01;1.955797e-02;1.829439e-02;3.748218e-02;1.133636e-01;1.193951e-01
6.155969e-02;1.449267e-02;3.214100e-02;5.649948e-02;3.659339e-02;1.354455e-01;3.350008e-01;2.550670e-02;1.901188e-02;3.421513e-02;1.243377e-01;1.251960e-01
7.426360e-02;1.849631e-02;4.511736e-02;3.365482e-02;3.771104e-02;1.299574e-01;2.982736e-01;1.639580e-02;1.728407e-02;5.137586e-02;1.558587e-01;1.216115e-01
8.942045e-02;3.561489e-02;3.754468e-02;2.968601e-02;4.854538e-02;1.115247e-01;2.373350e-01;7.559290e-03;1.971339e-02;9.240158e-02;1.857594e-01;1.048953e-01
6.077424e-02;5.171756e-02;4.170211e-02;5.267717e-02;7.504887e-02;4.525628e-02;1.673503e-01;2.663159e-02;3.999390e-02;1.346105e-01;2.053884e-01;9.884907e-02
5.271191e-02;2.570519e-02;5.308183e-02;4.461113e-02;8.569612e-02;3.694605e-02;8.811085e-02;2.749990e-02;6.786339e-02;2.364801e-01;1.850548e-01;9.623871e-02
6.121723e-02;3.393249e-02;7.194791e-02;3.391653e-02;1.158973e-01;4.013096e-02;5.496788e-02;5.501483e-02;6.940948e-02;2.978212e-01;1.192466e-01;4.649763e-02
2.273620e-02;2.819877e-02;7.150327e-02;6.126717e-02;1.737559e-01;4.143095e-02;6.777456e-02;6.076118e-02;8.775540e-02;1.853839e-01;1.390083e-01;6.042444e-02
2.609101e-02;2.119148e-02;5.519854e-02;7.713711e-02;1.768270e-01;4.448320e-02;5.275172e-02;6.571431e-02;1.157562e-01;1.614399e-01;1.645172e-01;3.889233e-02
4.096558e-02;3.173679e-02;6.801722e-02;7.100161e-02;1.005814e-01;4.564625e-02;4.097126e-02;8.373187e-02;1.444381e-01;1.876898e-01;1.594232e-01;2.579683e-02
3.796697e-02;3.446066e-02;9.029400e-02;4.557004e-02;4.368939e-02;8.866230e-02;6.445155e-02;1.221524e-01;9.053168e-02;2.111602e-01;1.340579e-01;3.700298e-02
2.186524e-02;2.272792e-02;6.692185e-02;7.980637e-02;8.948196e-02;6.956887e-02;5.813341e-02;1.395007e-01;7.148179e-02;1.950480e-01;1.293486e-01;5.611527e-02
3.443593e-02;1.774688e-02;4.856556e-02;7.241037e-02;1.054709e-01;6.954078e-02;5.451063e-02;1.217150e-01;1.552457e-01;1.429473e-01;1.246756e-01;5.273540e-02
3.870598e-02;1.921934e-02;4.276346e-02;6.559683e-02;1.168346e-01;7.943916e-02;9.070477e-02;9.041050e-02;2.282674e-01;9.125033e-02;8.370499e-02;5.310268e-02
2.383299e-02;2.235787e-02;4.815727e-02;8.584362e-02;1.549998e-01;8.663351e-02;8.822686e-02;9.325711e-02;1.043441e-01;1.508289e-01;8.876760e-02;5.275030e-02
2.233266e-02;2.506107e-02;6.389294e-02;7.318618e-02;9.100993e-02;9.336445e-02;9.337449e-02;9.310263e-02;1.696528e-01;1.502862e-01;6.430634e-02;6.043032e-02
3.714151e-02;5.000006e-02;7.372589e-02;1.272568e-01;7.057264e-02;6.429767e-02;1.058129e-01;9.564009e-02;1.400229e-01;1.250189e-01;6.608997e-02;4.442067e-02
3.755923e-02;4.415021e-02;6.932621e-02;6.820291e-02;6.812751e-02;7.547383e-02;1.487866e-01;1.281436e-01;1.160538e-01;1.450641e-01;7.245984e-02;2.665210e-02
6.540380e-02;4.327437e-02;8.539308e-02;2.727557e-02;6.799657e-02;1.019950e-01;1.782445e-01;9.920669e-02;1.333165e-01;1.202525e-01;5.060092e-02;2.704055e-02
6.625405e-02;5.889995e-02;1.278111e-01;5.323815e-02;7.577222e-02;7.804044e-02;1.603766e-01;6.987319e-02;1.086820e-01;8.841325e-02;7.077254e-02;4.186649e-02
7.328950e-02;4.691407e-02;1.291613e-01;5.718181e-02;7.346839e-02;9.372538e-02;1.465706e-01;5.040947e-02;1.377751e-01;7.213413e-02;9.489943e-02;2.447072e-02
7.596602e-02;3.824829e-02;1.248398e-01;4.558495e-02;5.330619e-02;1.120509e-01;1.326540e-01;3.580910e-02;1.662347e-01;5.389783e-02;1.249867e-01;3.642158e-02
6.262860e-02;3.297485e-02;1.285644e-01;3.011154e-02;2.651628e-02;1.392806e-01;1.307918e-01;3.182210e-02;1.577235e-01;3.361653e-02;1.789223e-01;4.704752e-02
3.746078e-02;1.830493e-02;1.366301e-01;1.322867e-02;2.499127e-02;1.834667e-01;1.325915e-01;2.504559e-02;1.033474e-01;2.271822e-02;2.610807e-01;4.113409e-02
1.865740e-02;1.455742e-02;1.266520e-01;6.012936e-03;3.494796e-02;2.276931e-01;1.156772e-01;1.105749e-02;4.712757e-02;3.569676e-02;3.340187e-01;2.790147e-02
9.523431e-03;2.981922e-02;9.915618e-02;1.070124e-02;4.010040e-02;2.524650e-01;6.033471e-02;1.300708e-02;2.996916e-02;7.204942e-02;3.689936e-01;1.388051e-02
1.318336e-02;2.747302e-02;7.414829e-02;1.206838e-02;4.187028e-02;2.614733e-01;2.487743e-02;1.776770e-02;2.557531e-02;8.382475e-02;4.055675e-01;1.217073e-02
1.134900e-02;1.931798e-02;5.722781e-02;8.520253e-03;3.951367e-02;2.429699e-01;3.660105e-02;1.702326e-02;2.388975e-02;9.015502e-02;4.295781e-01;2.385417e-02
1.905835e-02;2.035050e-02;3.913538e-02;7.695578e-03;3.871850e-02;2.144855e-01;2.754998e-02;1.890782e-02;3.730480e-02;1.178839e-01;4.492556e-01;9.654120e-03
2.803556e-02;2.365757e-02;4.288962e-02;8.259112e-03;3.960054e-02;1.778327e-01;2.532362e-02;2.132934e-02;5.186037e-02;1.168658e-01;4.504389e-01;1.390680e-02
5.017241e-02;1.474487e-02;6.027922e-02;6.220496e-03;4.166295e-02;1.651996e-01;3.239153e-02;2.387433e-02;4.667769e-02;9.659337e-02;4.407731e-01;2.141042e-02
5.250816e-02;1.278918e-02;8.429230e-02;9.206799e-03;6.617135e-02;1.708535e-01;3.189822e-02;3.239575e-02;3.823527e-02;8.659402e-02;3.921012e-01;2.295431e-02
4.639439e-02;1.430182e-02;8.955294e-02;2.469715e-02;1.091421e-01;1.756113e-01;5.806184e-02;4.587410e-02;5.659536e-02;5.125310e-02;2.901357e-01;3.838010e-02
5.855466e-02;3.854080e-02;6.892538e-02;3.760620e-02;1.435546e-01;1.505395e-01;9.720626e-02;6.396580e-02;7.115599e-02;4.007519e-02;1.826298e-01;4.724580e-02
7.654510e-02;5.936405e-02;8.136271e-02;2.643683e-02;1.580369e-01;8.779934e-02;1.817432e-01;6.393883e-02;8.660993e-02;4.554209e-02;9.544493e-02;3.717617e-02
1.092860e-01;2.618882e-02;9.936129e-02;2.233971e-02;1.108590e-01;6.695348e-02;2.055219e-01;7.385731e-02;8.916098e-02;5.061297e-02;1.004163e-01;4.544225e-02
1.404614e-01;6.502874e-02;1.154247e-01;3.734276e-02;1.050007e-01;8.501371e-02;1.097133e-01;6.805816e-02;8.226175e-02;3.686598e-02;1.098713e-01;4.495741e-02
1.148103e-01;9.515908e-02;2.143088e-01;3.943204e-02;7.566547e-02;6.520905e-02;1.587335e-01;4.261028e-02;4.903889e-02;4.497371e-02;8.075229e-02;1.930660e-02
1.689042e-01;1.169211e-01;1.907513e-01;1.648321e-02;5.511115e-02;3.345258e-02;1.835298e-01;5.272197e-02;4.286379e-02;3.754377e-02;8.356462e-02;1.815246e-02
2.262625e-01;1.572656e-01;1.548587e-01;1.665962e-02;5.085862e-02;3.045115e-02;1.261697e-01;4.478962e-02;5.463268e-02;2.400304e-02;8.965940e-02;2.438939e-02
2.215759e-01;1.728681e-01;1.309535e-01;1.506008e-02;5.000683e-02;3.924208e-02;1.226863e-01;4.789248e-02;5.689132e-02;3.738295e-02;8.518229e-02;2.025812e-02
2.362056e-01;1.733732e-01;1.494938e-01;1.142423e-02;5.017412e-02;2.989363e-02;8.051166e-02;5.615643e-02;7.315827e-02;2.996258e-02;8.262207e-02;2.702445e-02
2.125718e-01;1.751182e-01;1.355520e-01;1.462357e-02;4.822316e-02;4.093838e-02;9.497751e-02;4.088945e-02;9.629742e-02;4.115193e-02;6.965835e-02;2.999828e-02
1.499979e-01;1.642381e-01;2.256147e-01;9.702224e-03;4.517419e-02;5.367338e-02;1.024582e-01;4.487525e-02;8.669788e-02;3.851146e-02;4.670015e-02;3.235660e-02
1.213016e-01;1.250267e-01;2.521735e-01;1.603986e-02;5.296238e-02;5.190581e-02;1.481846e-01;5.914133e-02;5.191536e-02;3.054065e-02;5.620114e-02;3.460716e-02
9.026893e-02;9.792797e-02;1.924267e-01;2.798368e-02;5.835484e-02;4.859807e-02;2.464272e-01;6.673963e-02;4.063632e-02;1.345879e-02;7.893892e-02;3.823891e-02
2.040533e-01;1.361582e-01;1.250423e-01;1.767202e-02;4.034215e-02;5.030250e-02;1.840939e-01;4.344453e-02;4.522974e-02;4.162960e-02;7.482923e-02;3.720256e-02
2.952948e-01;1.576232e-01;1.413518e-01;1.852638e-02;2.829373e-02;5.489124e-02;6.673115e-02;3.595814e-02;3.664099e-02;4.092360e-02;8.357770e-02;4.018729e-02
2.536434e-01;1.291383e-01;1.109149e-01;3.659792e-02;3.445483e-02;6.728978e-02;7.338609e-02;3.080420e-02;3.300463e-02;6.422202e-02;1.169491e-01;4.959484e-02
1.726247e-01;6.221613e-02;1.241257e-01;5.152960e-02;5.437918e-02;9.554441e-02;9.397363e-02;5.847635e-02;6.297474e-02;8.150768e-02;1.081716e-01;3.447618e-02
1.209195e-01;5.569014e-02;1.518241e-01;5.638308e-02;4.454785e-02;1.055206e-01;1.345250e-01;7.892334e-02;6.360193e-02;6.711877e-02;6.527072e-02;5.567490e-02
9.233517e-02;7.503185e-02;1.615243e-01;4.967915e-02;3.869858e-02;8.629160e-02;1.792065e-01;8.889318e-02;5.116358e-02;6.169036e-02;7.451580e-02;4.096993e-02
9.756462e-02;8.365165e-02;1.856000e-01;3.488136e-02;4.068787e-02;5.334765e-02;1.597993e-01;8.802801e-02;6.942328e-02;6.689235e-02;7.776403e-02;4.235990e-02
7.493892e-02;9.283697e-02;1.913840e-01;5.803234e-02;7.011591e-02;4.541852e-02;9.063256e-02;6.437439e-02;8.002768e-02;9.036786e-02;7.716717e-02;6.470367e-02
3.562060e-02;9.254441e-02;1.519040e-01;6.790865e-02;1.335781e-01;6.339602e-02;9.693218e-02;8.229373e-02;9.133189e-02;9.685049e-02;4.078509e-02;4.685481e-02
5.185062e-02;1.045517e-01;8.388662e-02;3.590055e-02;1.501024e-01;1.049429e-01;1.065791e-01;7.758254e-02;9.511773e-02;9.795084e-02;5.987796e-02;3.165703e-02
5.794839e-02;6.774092e-02;6.550445e-02;2.872466e-02;2.342032e-01;1.688523e-01;1.046363e-01;4.229619e-02;9.054007e-02;6.225342e-02;6.235269e-02;1.494742e-02
6.476896e-02;2.541691e-02;4.170095e-02;2.080996e-02;2.970174e-01;2.083287e-01;6.791212e-02;2.779355e-02;7.845236e-02;4.985584e-02;8.238684e-02;3.555641e-02
5.984117e-02;4.037152e-02;8.209325e-02;2.808371e-02;2.688556e-01;2.044819e-01;7.921966e-02;3.258316e-02;5.090802e-02;6.048776e-02;3.146957e-02;6.160465e-02
9.171211e-02;6.403451e-02;8.726627e-02;4.118562e-02;1.593491e-01;1.560034e-01;1.373013e-01;3.953819e-02;3.977464e-02;5.513463e-02;6.264459e-02;6.605556e-02
1.166192e-01;6.627892e-02;8.813502e-02;5.249302e-02;1.045919e-01;1.318637e-01;1.573762e-01;4.442479e-02;7.018777e-02;4.083315e-02;7.151389e-02;5.568239e-02
7.985007e-02;4.537122e-02;1.669618e-01;7.122456e-02;1.382884e-01;9.175725e-02;1.660501e-01;5.608838e-02;7.323194e-02;3.883731e-02;4.115886e-02;3.118011e-02
9.383371e-02;7.316111e-02;1.902795e-01;8.092166e-02;9.039835e-02;7.246047e-02;1.985566e-01;6.479018e-02;3.453698e-02;3.588568e-02;2.711084e-02;3.806484e-02
1.375988e-01;7.487644e-02;1.692631e-01;7.732129e-02;6.876680e-02;5.433961e-02;1.866137e-01;8.100206e-02;3.463573e-02;4.025463e-02;2.494123e-02;5.038662e-02
1.868444e-01;6.750974e-02;1.344740e-01;8.132039e-02;6.099628e-02;2.749326e-02;1.646983e-01;1.004423e-01;3.482743e-02;4.825914e-02;2.730839e-02;6.582630e-02
2.184909e-01;5.034096e-02;8.941844e-02;9.396192e-02;5.238774e-02;1.942626e-02;1.651760e-01;9.670350e-02;3.145934e-02;6.784301e-02;4.053559e-02;7.425639e-02
2.157150e-01;5.119470e-02;9.162822e-02;1.023777e-01;4.928955e-02;2.091166e-02;1.495662e-01;7.122902e-02;3.988423e-02;8.683895e-02;5.050538e-02;7.085946e-02
2.078234e-01;1.346073e-02;5.919571e-02;1.083484e-01;5.378015e-02;2.115507e-02;2.108946e-01;6.132225e-02;3.954517e-02;8.891180e-02;6.939543e-02;6.616738e-02
2.222802e-01;2.836573e-02;5.857077e-02;8.789091e-02;5.950943e-02;2.090762e-02;1.975116e-01;5.685172e-02;5.750392e-02;6.868228e-02;7.348658e-02;6.843933e-02
2.676641e-01;2.426026e-02;3.871871e-02;7.684283e-02;5.797621e-02;1.709521e-02;1.970246e-01;4.224528e-02;4.937398e-02;8.602640e-02;6.083540e-02;8.193709e-02
3.290945e-01;3.602078e-02;4.279130e-02;7.093646e-02;4.496459e-02;1.096813e-02;1.855518e-01;2.653539e-02;2.414256e-02;9.256792e-02;3.722301e-02;9.920358e-02
3.829086e-01;2.967592e-02;5.082864e-02;5.140693e-02;3.912932e-02;1.237545e-02;1.348532e-01;3.535737e-02;1.979375e-02;7.290027e-02;3.421989e-02;1.365506e-01
4.605984e-01;6.103229e-02;4.961361e-02;2.262236e-02;2.697993e-02;1.094272e-02;7.407309e-02;5.416987e-02;1.848512e-02;4.533134e-02;4.487986e-02;1.312713e-01
5.552405e-01;8.942743e-02;6.676704e-02;6.308758e-03;1.452921e-02;4.888502e-03;2.396042e-02;6.288577e-02;2.045659e-02;1.634652e-02;3.530189e-02;1.038874e-01
6.088275e-01;1.016890e-01;5.168067e-02;1.219222e-02;9.141441e-03;4.908296e-03;1.535066e-02;6.500215e-02;9.568211e-03;9.203347e-03;1.443879e-02;9.799773e-02
6.024374e-01;9.440712e-02;4.794519e-02;1.519440e-02;8.862320e-03;6.262009e-03;2.225771e-02;6.353451e-02;5.660960e-03;7.712913e-03;1.529925e-02;1.104263e-01
5.694430e-01;7.112114e-02;4.126087e-02;3.216816e-02;1.448198e-02;1.149677e-02;3.666624e-02;6.115077e-02;7.448045e-03;9.744563e-03;2.008042e-02;1.249380e-01
4.597842e-01;7.318873e-02;5.424079e-02;7.389157e-02;1.990280e-02;1.617480e-02;5.138101e-02;4.610566e-02;7.450186e-03;1.523505e-02;3.925849e-02;1.433868e-01
3.275300e-01;6.085504e-02;6.878769e-02;1.386548e-01;3.760309e-02;2.725728e-02;4.123396e-02;2.999259e-02;1.016423e-02;3.522229e-02;7.429344e-02;1.484057e-01
1.425399e-01;7.329383e-02;1.344490e-01;2.302160e-01;5.658139e-02;4.250535e-02;3.773823e-02;1.449692e-02;1.899829e-02;3.549490e-02;1.148003e-01;9.888577e-02
8.496875e-02;1.227657e-01;1.346656e-01;2.741848e-01;3.433488e-02;4.217863e-02;3.316762e-02;1.588241e-02;2.488524e-02;4.219481e-02;1.109931e-01;7.977845e-02
1.314222e-01;1.353982e-01;1.183927e-01;2.136707e-01;2.861655e-02;3.416349e-02;3.763055e-02;1.524484e-02;2.409393e-02;4.710065e-02;1.026678e-01;1.115984e-01
2.079642e-01;1.029095e-01;1.355309e-01;7.999082e-02;5.282615e-02;1.972353e-02;7.158531e-02;2.225625e-02;2.290400e-02;4.452493e-02;8.483579e-02;1.549486e-01
2.653792e-01;6.298912e-02;1.449706e-01;3.523308e-02;5.823560e-02;2.003668e-02;9.926022e-02;2.427104e-02;3.021872e-02;4.751296e-02;5.631974e-02;1.555731e-01
3.353397e-01;4.741649e-02;9.638816e-02;3.886523e-02;3.145374e-02;1.551673e-02;9.740054e-02;2.873024e-02;4.355628e-02;9.253243e-02;3.895844e-02;1.338421e-01
3.985134e-01;4.992205e-02;7.449272e-02;2.458278e-02;1.439582e-02;7.835741e-03;7.480365e-02;5.317473e-02;2.781978e-02;1.267918e-01;3.231328e-02;1.153542e-01
4.780951e-01;6.310955e-02;5.113262e-02;1.720777e-02;2.113122e-02;7.770708e-03;4.964774e-02;7.356415e-02;2.350758e-02;9.605234e-02;2.768695e-02;9.109431e-02
5.233864e-01;1.020691e-01;6.852764e-02;1.211014e-02;1.814288e-02;9.558946e-03;2.468056e-02;7.829984e-02;2.513994e-02;4.406856e-02;2.125717e-02;7.275888e-02
5.101668e-01;1.443425e-01;9.726571e-02;1.077363e-02;2.275093e-02;7.873099e-03;1.761822e-02;6.724106e-02;3.182375e-02;1.817857e-02;1.849286e-02;5.347297e-02
4.563131e-01;1.906682e-01;1.194452e-01;1.104903e-02;2.988241e-02;1.043374e-02;1.538022e-02;5.075192e-02;4.735251e-02;2.259322e-02;1.611518e-02;3.001522e-02
3.908088e-01;2.463216e-01;1.538944e-01;1.118829e-02;3.201710e-02;5.963845e-03;1.357138e-02;4.521232e-02;5.129270e-02;2.447631e-02;1.454510e-02;1.070815e-02
3.677496e-01;2.901022e-01;1.554057e-01;7.105722e-03;2.735558e-02;5.344559e-03;1.244716e-02;4.361304e-02;5.147747e-02;1.474511e-02;1.514013e-02;9.513713e-03
3.686347e-01;2.834125e-01;1.344396e-01;5.150113e-03;2.823504e-02;4.200526e-03;1.250497e-02;7.522637e-02;5.965787e-02;3.982824e-03;1.221621e-02;1.233928e-02
3.793273e-01;2.256143e-01;1.114613e-01;4.470711e-03;4.608206e-02;5.367486e-03;2.328611e-02;1.201641e-01;5.105684e-02;3.418234e-03;9.316491e-03;2.043509e-02
3.791687e-01;1.361434e-01;7.175551e-02;1.230275e-02;5.226314e-02;5.188211e-03;6.784232e-02;1.798398e-01;3.601269e-02;5.518483e-03;1.102497e-02;4.293996e-02
3.174377e-01;4.933916e-02;3.735561e-02;3.337960e-02;4.165906e-02;9.478570e-03;1.826231e-01;1.974880e-01;1.077833e-02;1.073991e-02;1.209818e-02;9.762280e-02
2.065272e-01;2.288632e-02;1.703946e-02;4.446515e-02;2.724364e-02;2.651123e-02;3.264793e-01;1.209776e-01;1.176757e-02;1.258338e-02;2.960168e-02;1.539175e-01
1.183948e-01;2.942660e-02;3.099428e-02;3.406220e-02;1.786973e-02;7.173605e-02;3.915935e-01;5.109120e-02;2.259569e-02;1.270204e-02;6.380446e-02;1.557294e-01
4.873511e-02;2.286642e-02;5.611431e-02;1.024458e-02;1.283694e-02;1.667433e-01;3.632713e-01;1.937064e-02;4.155835e-02;1.658999e-02;1.359771e-01;1.056920e-01
2.001508e-02;2.413445e-02;6.656303e-02;9.755130e-03;2.583995e-02;2.461151e-01;2.554904e-01;1.893074e-02;4.863071e-02;4.439031e-02;2.010364e-01;3.909866e-02
2.110894e-02;3.530943e-02;5.210980e-02;6.677394e-03;7.037754e-02;2.544756e-01;1.541973e-01;3.195130e-02;3.138809e-02;1.075829e-01;2.149154e-01;1.990635e-02
2.957735e-02;7.594052e-02;2.512419e-02;1.339538e-02;1.308301e-01;1.812130e-01;7.314940e-02;6.104516e-02;1.041239e-02;2.193790e-01;1.503072e-01;2.962617e-02
2.719638e-02;1.061280e-01;1.272126e-02;2.063708e-02;1.798065e-01;1.188567e-01;2.157451e-02;5.920579e-02;1.166420e-02;3.028912e-01;1.084194e-01;3.089907e-02
1.999465e-02;1.198452e-01;1.455045e-02;2.755990e-02;2.122154e-01;9.137166e-02;3.045246e-02;3.652848e-02;2.860303e-02;3.382716e-01;5.371319e-02;2.689401e-02
1.734022e-02;1.263678e-01;1.527232e-02;4.300511e-02;2.180005e-01;9.131934e-02;2.889403e-02;3.356165e-02;3.181936e-02;3.357231e-01;3.733008e-02;2.136650e-02
4.552326e-02;1.151715e-01;2.506634e-02;5.723832e-02;1.870400e-01;6.758973e-02;4.728457e-02;3.009946e-02;5.490495e-02;3.065499e-01;4.171440e-02;2.181759e-02
7.342953e-02;1.083544e-01;2.868909e-02;7.618967e-02;1.672479e-01;3.275774e-02;4.566576e-02;2.444207e-02;7.084519e-02;3.025040e-01;4.442858e-02;2.544598e-02
1.165352e-01;9.657778e-02;3.422766e-02;9.929909e-02;1.310569e-01;2.090315e-02;4.090182e-02;2.051810e-02;8.666930e-02;2.743285e-01;4.734961e-02;3.163293e-02
1.295313e-01;5.672215e-02;2.421248e-02;1.171879e-01;9.803095e-02;2.823674e-02;4.375760e-02;2.997903e-02;1.535017e-01;2.284517e-01;5.324784e-02;3.714062e-02
9.400846e-02;2.384070e-02;3.052686e-02;1.389866e-01;1.007988e-01;3.173183e-02;6.202530e-02;3.058020e-02;1.999904e-01;2.139973e-01;4.576189e-02;2.775170e-02
6.340639e-02;1.894085e-02;3.807663e-02;1.495744e-01;1.065802e-01;2.876061e-02;5.387871e-02;2.389297e-02;2.650824e-01;1.919919e-01;4.154716e-02;1.826773e-02
5.574725e-02;1.398432e-02;2.435222e-02;1.523827e-01;1.171036e-01;1.538159e-02;5.635720e-02;3.021655e-02;3.081058e-01;1.690290e-01;4.195052e-02;1.538930e-02
4.708440e-02;1.599525e-02;1.931970e-02;1.635258e-01;1.354101e-01;1.755792e-02;3.549682e-02;3.448357e-02;3.329213e-01;1.445683e-01;4.043196e-02;1.320495e-02
2.875299e-02;2.195011e-02;4.672483e-02;1.766714e-01;1.241672e-01;1.384377e-02;1.605692e-02;5.150355e-02;3.049995e-01;1.473391e-01;5.547730e-02;1.251341e-02
3.783167e-02;2.070565e-02;5.727081e-02;1.937597e-01;1.023696e-01;1.731838e-02;3.203540e-02;5.655490e-02;2.331260e-01;1.764915e-01;6.164080e-02;1.089553e-02
5.622547e-02;4.388680e-02;8.100849e-02;1.640472e-01;1.163798e-01;3.483662e-02;9.534465e-02;4.438804e-02;1.168423e-01;1.659028e-01;5.717267e-02;2.396517e-02
8.915908e-02;6.871115e-02;1.908556e-01;7.157333e-02;8.852887e-02;4.399545e-02;1.479445e-01;2.176387e-02;4.053691e-02;1.436021e-01;5.965135e-02;3.367776e-02
7.835170e-02;5.739176e-02;1.775300e-01;1.205147e-02;6.898332e-02;4.639699e-02;1.653837e-01;2.798661e-02;6.656986e-02;1.788859e-01;8.533005e-02;3.513872e-02
6.824379e-02;4.601165e-02;1.458516e-01;3.093885e-02;6.151254e-02;3.596826e-02;1.028661e-01;3.546005e-02;8.186756e-02;2.515702e-01;1.035617e-01;3.614766e-02
7.834319e-02;3.833655e-02;1.069820e-01;4.203998e-02;5.010271e-02;2.742696e-02;5.986658e-02;3.925009e-02;7.033705e-02;2.884630e-01;1.619984e-01;3.685356e-02
6.869888e-02;3.139046e-02;7.323617e-02;5.098391e-02;4.979361e-02;3.636053e-02;9.785564e-02;3.290354e-02;6.407496e-02;2.637153e-01;1.751944e-01;5.579262e-02
7.793779e-02;3.908211e-02;7.721510e-02;4.682377e-02;4.653789e-02;3.894186e-02;1.295477e-01;3.358139e-02;9.017085e-02;2.134724e-01;1.492880e-01;5.740119e-02
