8.683730e-02;1.176383e-01;4.148226e-01;5.030166e-02;6.770140e-02;4.697710e-02;1.276629e-01;2.230995e-02;2.873999e-02;1.442076e-02;9.691368e-03;1.289667e-02
1.087002e-01;1.649181e-01;4.259878e-01;3.045776e-02;4.435504e-02;3.447189e-02;8.455015e-02;2.635470e-02;4.118285e-02;1.771514e-02;9.773440e-03;1.153292e-02
1.970400e-01;1.845461e-01;3.085499e-01;2.455108e-02;3.219376e-02;2.013565e-02;5.391369e-02;5.321521e-02;5.543228e-02;2.661865e-02;2.126182e-02;2.254185e-02
3.136439e-01;1.284409e-01;1.635768e-01;2.029010e-02;4.099483e-02;1.742921e-02;3.696062e-02;1.206535e-01;5.345203e-02;2.822744e-02;3.480688e-02;4.152374e-02
2.993398e-01;5.328333e-02;1.193243e-01;2.582593e-02;3.923836e-02;2.229219e-02;8.521532e-02;1.465998e-01;4.227227e-02;4.421427e-02;4.265709e-02;7.973733e-02
2.567921e-01;3.875755e-02;1.203816e-01;1.780187e-02;4.384726e-02;1.816720e-02;1.199073e-01;1.012929e-01;5.640061e-02;6.221867e-02;6.257442e-02;1.018585e-01
2.033439e-01;4.849047e-02;1.379506e-01;2.553445e-02;4.329422e-02;3.058913e-02;1.521738e-01;6.277838e-02;5.099374e-02;6.567154e-02;8.808158e-02;9.109808e-02
1.483388e-01;6.684384e-02;1.643203e-01;3.270628e-02;4.076947e-02;4.323597e-02;1.628283e-01;3.901026e-02;5.192440e-02;6.957645e-02;1.042716e-01;7.617450e-02
1.229143e-01;5.966566e-02;1.942000e-01;3.354235e-02;4.151744e-02;4.858403e-02;1.671139e-01;3.508195e-02;4.234297e-02;6.916613e-02;1.077304e-01;7.814088e-02
1.595098e-01;7.237475e-02;1.555672e-01;4.574560e-02;3.932948e-02;4.243877e-02;1.652832e-01;6.048997e-02;3.804928e-02;5.239814e-02;8.117860e-02;8.763528e-02
1.916524e-01;1.309338e-01;2.184066e-01;5.535827e-02;7.803017e-02;3.561119e-02;6.190604e-02;8.486199e-02;4.675930e-02;3.089902e-02;3.238528e-02;3.319591e-02
9.482396e-02;1.790392e-01;3.086569e-01;4.365456e-02;8.676193e-02;7.367639e-02;5.092894e-02;6.027451e-02;3.274098e-02;3.494196e-02;1.293147e-02;2.156915e-02
5.742064e-02;1.284538e-01;3.858099e-01;7.355519e-02;6.454299e-02;5.776074e-02;7.876984e-02;4.305895e-02;2.750030e-02;4.207710e-02;1.989993e-02;2.115065e-02
4.078239e-02;7.727253e-02;4.470544e-01;1.142913e-01;5.884169e-02;4.005180e-02;8.144654e-02;2.820181e-02;2.151126e-02;5.493225e-02;1.909460e-02;1.651943e-02
4.363747e-02;5.484356e-02;4.513315e-01;1.195348e-01;5.594153e-02;4.755622e-02;5.492783e-02;1.452987e-02;6.704696e-02;6.147979e-02;1.547038e-02;1.370010e-02
5.846473e-02;1.688332e-01;3.319363e-01;6.341305e-02;3.272071e-02;6.011834e-02;2.235639e-02;6.393184e-03;1.829906e-01;5.561538e-02;1.045922e-02;6.698960e-03
9.524401e-02;2.606232e-01;1.540655e-01;2.458137e-02;1.362211e-02;6.176440e-02;1.533036e-02;3.011927e-02;3.053750e-01;2.715373e-02;6.863835e-03;5.257240e-03
1.562877e-01;2.426986e-01;9.372716e-02;1.727309e-02;1.139145e-02;4.188913e-02;2.388794e-02;7.666178e-02;2.906912e-01;2.186588e-02;8.273446e-03;1.535266e-02
1.921064e-01;1.913851e-01;1.478390e-01;2.133756e-02;1.557038e-02;2.882360e-02;6.189680e-02;9.133180e-02;1.910287e-01;2.005086e-02;1.540752e-02;2.322224e-02
1.668457e-01;1.769702e-01;3.001892e-01;2.157231e-02;2.945983e-02;2.825934e-02;6.874111e-02;6.389193e-02;8.674160e-02;1.941172e-02;1.581883e-02;2.209830e-02
8.421303e-02;2.469100e-01;4.635440e-01;3.348053e-02;2.523419e-02;2.117115e-02;3.873790e-02;1.981249e-02;2.440421e-02;1.972845e-02;1.048430e-02;1.227971e-02
4.028823e-02;2.208314e-01;4.870570e-01;4.701074e-02;2.180196e-02;2.674473e-02;2.010900e-02;1.925549e-02;8.021306e-02;1.563527e-02;1.109847e-02;9.954643e-03
9.022168e-02;1.883417e-01;4.585425e-01;4.242872e-02;9.855920e-03;3.429745e-02;1.365442e-02;1.971743e-02;1.090033e-01;1.955398e-02;6.158368e-03;8.224626e-03
1.251779e-01;1.862773e-01;3.596837e-01;3.696121e-02;2.013318e-02;3.840485e-02;2.693329e-02;2.321811e-02;1.373251e-01;2.011243e-02;1.448033e-02;1.129256e-02
1.005609e-01;1.666110e-01;3.019030e-01;2.481619e-02;3.344701e-02;3.851428e-02;3.389686e-02;6.293759e-02;1.556830e-01;3.187329e-02;2.192127e-02;2.783564e-02
7.091625e-02;1.572353e-01;3.957037e-01;4.939181e-02;3.771825e-02;3.150209e-02;3.944898e-02;4.491303e-02;7.722491e-02;3.715023e-02;2.452384e-02;3.427161e-02
8.896264e-02;1.479088e-01;4.846591e-01;5.569465e-02;2.498315e-02;2.045174e-02;2.898045e-02;2.617022e-02;4.755576e-02;3.720639e-02;1.133940e-02;2.608765e-02
6.089231e-02;1.127876e-01;6.013069e-01;6.216240e-02;1.847683e-02;1.052191e-02;1.515010e-02;1.544775e-02;3.331249e-02;4.818513e-02;4.377507e-03;1.737911e-02
3.095941e-02;8.405402e-02;6.716760e-01;4.894432e-02;1.171091e-02;1.053472e-02;1.330487e-02;1.218256e-02;3.915274e-02;6.180806e-02;2.459932e-03;1.321251e-02
2.909137e-02;1.318426e-01;6.386427e-01;1.741702e-02;7.986020e-03;1.428815e-02;1.354456e-02;1.518532e-02;4.826915e-02;6.607268e-02;2.771846e-03;1.488864e-02
1.494167e-02;1.598628e-01;6.205914e-01;2.060902e-02;7.246933e-03;1.102374e-02;1.997905e-02;1.844145e-02;3.982105e-02;7.559701e-02;2.086793e-03;9.799055e-03
6.704370e-02;1.976992e-01;5.273427e-01;1.593021e-02;1.068486e-02;1.061702e-02;2.607667e-02;1.223969e-02;3.202748e-02;7.858419e-02;6.713859e-03;1.504046e-02
1.443984e-01;2.052365e-01;3.912804e-01;2.798809e-02;2.278760e-02;2.101621e-02;3.441810e-02;1.057994e-02;4.258941e-02;5.953573e-02;1.608786e-02;2.408167e-02
1.721582e-01;1.860126e-01;2.795243e-01;4.606253e-02;4.362020e-02;3.561736e-02;5.890748e-02;2.297161e-02;5.626820e-02;4.376800e-02;2.081468e-02;3.427489e-02
8.102586e-02;1.647242e-01;3.121935e-01;4.842605e-02;4.337170e-02;4.234423e-02;5.451940e-02;5.051800e-02;1.240960e-01;4.168497e-02;1.394188e-02;2.315409e-02
9.068279e-02;1.612447e-01;3.744325e-01;3.261699e-02;1.613022e-02;3.114328e-02;2.273645e-02;4.791171e-02;1.590107e-01;3.829893e-02;7.802428e-03;1.798938e-02
8.291725e-02;1.741962e-01;3.173392e-01;5.059846e-02;2.315467e-02;3.367759e-02;1.370285e-02;3.595836e-02;1.822797e-01;4.122401e-02;7.286110e-03;3.766559e-02
4.134912e-02;9.305635e-02;5.115846e-01;5.814350e-02;2.665168e-02;2.493462e-02;2.112444e-02;1.976774e-02;9.926626e-02;5.558822e-02;1.037816e-02;3.815535e-02
5.429101e-02;4.257641e-02;5.998449e-01;8.624540e-02;3.358969e-02;1.798762e-02;2.354480e-02;1.261166e-02;4.940990e-02;4.880809e-02;9.557120e-03;2.153342e-02
5.094578e-02;1.537595e-02;6.298901e-01;1.161712e-01;4.436338e-02;1.651298e-02;2.631366e-02;9.705134e-03;3.483967e-02;3.081012e-02;1.385603e-02;1.121601e-02
5.786739e-02;2.133723e-02;6.453449e-01;1.084975e-01;4.473720e-02;1.847120e-02;2.801707e-02;7.615769e-03;2.282558e-02;2.074347e-02;1.448049e-02;1.006220e-02
5.996386e-02;3.108159e-02;6.592852e-01;7.850438e-02;3.960181e-02;1.819281e-02;3.330499e-02;9.470378e-03;2.197350e-02;2.584776e-02;1.249167e-02;1.028203e-02
6.598216e-02;8.293989e-02;5.996794e-01;5.407232e-02;3.118188e-02;1.862989e-02;2.496039e-02;1.401668e-02;3.530112e-02;4.141505e-02;1.703336e-02;1.478787e-02
1.196320e-01;1.247684e-01;4.602883e-01;3.828312e-02;2.859052e-02;2.569708e-02;2.218818e-02;3.317697e-02;4.619748e-02;5.164521e-02;2.487633e-02;2.465630e-02
1.672195e-01;8.650534e-02;3.252617e-01;3.470064e-02;4.811813e-02;4.960238e-02;4.572259e-02;6.323398e-02;5.002142e-02;6.440079e-02;3.886452e-02;2.634902e-02
1.528511e-01;4.163284e-02;2.447837e-01;5.364479e-02;6.010488e-02;7.467158e-02;6.646146e-02;9.319803e-02;6.935066e-02;7.282836e-02;3.714047e-02;3.333221e-02
8.800914e-02;1.153924e-01;3.519132e-01;6.570903e-02;2.722840e-02;4.007753e-02;7.454351e-02;5.238714e-02;4.622704e-02;6.667089e-02;3.389201e-02;3.794966e-02
1.094608e-01;1.531658e-01;4.236500e-01;4.413727e-02;1.550053e-02;1.856178e-02;4.891960e-02;2.699820e-02;4.059803e-02;6.813002e-02;2.261192e-02;2.826614e-02
1.818092e-01;2.046523e-01;3.487467e-01;3.346052e-02;1.880414e-02;9.899014e-03;4.130261e-02;2.289256e-02;3.111766e-02;6.222600e-02;2.332238e-02;2.176700e-02
1.879908e-01;2.531766e-01;3.263571e-01;2.982932e-02;1.196513e-02;1.163473e-02;3.905709e-02;1.851378e-02;3.480535e-02;4.823441e-02;1.901536e-02;1.942040e-02
1.936071e-01;2.765873e-01;3.428255e-01;2.764858e-02;1.393021e-02;1.516425e-02;2.528486e-02;1.090247e-02;3.797152e-02;2.239959e-02;1.342908e-02;2.024953e-02
2.545811e-01;2.688768e-01;3.026663e-01;2.438725e-02;1.084365e-02;1.033385e-02;1.960681e-02;1.704041e-02;3.301751e-02;2.802385e-02;1.261221e-02;1.801023e-02
3.117388e-01;2.100855e-01;2.461137e-01;2.556758e-02;1.083916e-02;1.355700e-02;2.026867e-02;3.470633e-02;3.264366e-02;3.906778e-02;2.331734e-02;3.209445e-02
3.192217e-01;1.361262e-01;2.011927e-01;3.535412e-02;2.997681e-02;2.493736e-02;3.829879e-02;5.597658e-02;3.283142e-02;4.708505e-02;3.419947e-02;4.479980e-02
2.043487e-01;8.467591e-02;1.628698e-01;3.592711e-02;4.830222e-02;4.699360e-02;7.687093e-02;8.434837e-02;5.625664e-02;1.044105e-01;5.101739e-02;4.397875e-02
1.106223e-01;5.489575e-02;1.443400e-01;4.697067e-02;7.480700e-02;4.585110e-02;9.888101e-02;7.201212e-02;8.124856e-02;1.719935e-01;5.965550e-02;3.872254e-02
1.049301e-01;6.898411e-02;1.425640e-01;3.593016e-02;8.009304e-02;2.745683e-02;8.212215e-02;7.875741e-02;1.262724e-01;1.503264e-01;6.909251e-02;3.347090e-02
8.451740e-02;8.827926e-02;1.524971e-01;5.354460e-02;5.182367e-02;2.835164e-02;1.036795e-01;1.033707e-01;1.182393e-01;9.817375e-02;8.292709e-02;3.459593e-02
6.272914e-02;8.003967e-02;1.105204e-01;6.065006e-02;6.314970e-02;6.140286e-02;1.648911e-01;1.099677e-01;1.075683e-01;7.453740e-02;6.795073e-02;3.659296e-02
7.639394e-02;6.331551e-02;1.052146e-01;5.552116e-02;8.097558e-02;9.902089e-02;1.440023e-01;8.561812e-02;8.735017e-02;8.292747e-02;6.652488e-02;5.313535e-02
7.191547e-02;6.349941e-02;1.064272e-01;7.788979e-02;7.508855e-02;7.345390e-02;8.525417e-02;8.783022e-02;9.351772e-02;1.146549e-01;7.898256e-02;7.148615e-02
7.003921e-02;6.817336e-02;1.082062e-01;8.579687e-02;7.716181e-02;5.695080e-02;8.504574e-02;1.122564e-01;1.100529e-01;1.153144e-01;5.735563e-02;5.364664e-02
5.649834e-02;5.692191e-02;1.606997e-01;5.539408e-02;6.995395e-02;7.622956e-02;1.971178e-01;1.039750e-01;5.017370e-02;8.301029e-02;4.974481e-02;4.028087e-02
6.113260e-02;7.629485e-02;1.696700e-01;4.197199e-02;5.221929e-02;7.233198e-02;1.831471e-01;1.008779e-01;1.048226e-01;5.941850e-02;4.211885e-02;3.599436e-02
6.731982e-02;1.180397e-01;1.646346e-01;3.211096e-02;3.453590e-02;6.090286e-02;1.356522e-01;7.412847e-02;2.100950e-01;4.319410e-02;2.955741e-02;2.982905e-02
1.240007e-01;1.602359e-01;1.097794e-01;1.792487e-02;2.452075e-02;3.383493e-02;7.690500e-02;5.362281e-02;3.347089e-01;2.525643e-02;1.998541e-02;1.922495e-02
2.053471e-01;1.435499e-01;5.323801e-02;9.940242e-03;2.602335e-02;9.992330e-03;2.927491e-02;1.375956e-01;3.148671e-01;2.325751e-02;2.962136e-02;1.729270e-02
2.486525e-01;1.371413e-01;6.720506e-02;5.735155e-03;3.050437e-02;1.233409e-02;3.411171e-02;1.853231e-01;1.959718e-01;1.897985e-02;4.441818e-02;1.962289e-02
2.753131e-01;1.827697e-01;8.792058e-02;7.295264e-03;3.198110e-02;1.132470e-02;3.338173e-02;1.770751e-01;1.151391e-01;2.300861e-02;4.242476e-02;1.236639e-02
2.808091e-01;2.142661e-01;9.984313e-02;9.806318e-03;2.836986e-02;9.940568e-03;3.447745e-02;1.379017e-01;1.047726e-01;4.168578e-02;2.448513e-02;1.364232e-02
2.862008e-01;2.110824e-01;1.123206e-01;1.807944e-02;2.782463e-02;1.033782e-02;3.295602e-02;1.209279e-01;1.161907e-01;4.138948e-02;8.758347e-03;1.393195e-02
2.860554e-01;2.023449e-01;1.296212e-01;3.773825e-02;2.594552e-02;1.189757e-02;2.906641e-02;1.028675e-01;1.094996e-01;3.598774e-02;1.269668e-02;1.627928e-02
2.984610e-01;2.010803e-01;1.728418e-01;4.118932e-02;2.017187e-02;8.894132e-03;2.002540e-02;8.125322e-02;9.276582e-02;3.076896e-02;1.345049e-02;1.909775e-02
3.299176e-01;1.899470e-01;1.878010e-01;3.423287e-02;2.043733e-02;1.899562e-02;1.850841e-02;6.475445e-02;5.915567e-02;2.535217e-02;1.592818e-02;3.496971e-02
3.337446e-01;1.556638e-01;1.605507e-01;2.966078e-02;2.819337e-02;2.503227e-02;3.660280e-02;5.815114e-02;4.224570e-02;3.216941e-02;3.730281e-02;6.068255e-02
2.810111e-01;9.179679e-02;1.114696e-01;3.037459e-02;2.273629e-02;2.817310e-02;6.366047e-02;2.623939e-02;1.236911e-01;7.655802e-02;8.116591e-02;6.312359e-02
2.052742e-01;3.798586e-02;8.334751e-02;2.641262e-02;2.924408e-02;2.945674e-02;6.849005e-02;1.160923e-01;1.550817e-01;1.031867e-01;1.060077e-01;3.942059e-02
1.905834e-01;5.845588e-02;7.110496e-02;2.298571e-02;4.201926e-02;2.879073e-02;7.202794e-02;1.691905e-01;1.660061e-01;6.643359e-02;6.468713e-02;4.771485e-02
1.484288e-01;6.682812e-02;9.107572e-02;3.696838e-02;8.875882e-02;5.668570e-02;8.386242e-02;1.410265e-01;1.117908e-01;1.029142e-01;3.647121e-02;3.518921e-02
7.274980e-02;4.711124e-02;6.777788e-02;5.270267e-02;9.047713e-02;9.529703e-02;9.870808e-02;1.465195e-01;1.411767e-01;1.101282e-01;3.829833e-02;3.905345e-02
6.202624e-02;4.357455e-02;6.183342e-02;5.337587e-02;8.323157e-02;1.062121e-01;9.085625e-02;1.420879e-01;1.580185e-01;1.119034e-01;5.090696e-02;3.597314e-02
8.638294e-02;5.370155e-02;5.305228e-02;4.629672e-02;7.218850e-02;1.006320e-01;9.609569e-02;1.134429e-01;1.535114e-01;1.258787e-01;6.962803e-02;2.918934e-02
1.238716e-01;7.118544e-02;5.975707e-02;3.540312e-02;4.959267e-02;7.458209e-02;1.459658e-01;7.614332e-02;1.281671e-01;1.155358e-01;7.783815e-02;4.195774e-02
1.099106e-01;7.230183e-02;9.579744e-02;2.509057e-02;5.994206e-02;9.315600e-02;1.774602e-01;6.629152e-02;1.246422e-01;6.975554e-02;6.117151e-02;4.448051e-02
6.518746e-02;5.961590e-02;9.311117e-02;2.759293e-02;9.119102e-02;1.188596e-01;1.505014e-01;8.525676e-02;1.606156e-01;6.610589e-02;4.892055e-02;3.304175e-02
1.124524e-01;6.453860e-02;7.517127e-02;4.310516e-02;1.042762e-01;6.493368e-02;1.183612e-01;1.228017e-01;1.636558e-01;5.044768e-02;4.297312e-02;3.728326e-02
9.768981e-02;6.688623e-02;1.107829e-01;4.197469e-02;8.818948e-02;5.293248e-02;1.315370e-01;1.059567e-01;1.655328e-01;6.497384e-02;3.819714e-02;3.534688e-02
1.067041e-01;4.625831e-02;8.119644e-02;4.755883e-02;6.843439e-02;4.895554e-02;1.716789e-01;9.956597e-02;1.319676e-01;1.124061e-01;4.990381e-02;3.536990e-02
6.476069e-02;4.602828e-02;6.185545e-02;6.744493e-02;7.201854e-02;5.417984e-02;1.565093e-01;1.407686e-01;1.105336e-01;1.218255e-01;7.108283e-02;3.299250e-02
7.206557e-02;5.574919e-02;1.334525e-01;8.095152e-02;6.548487e-02;6.734652e-02;1.229067e-01;8.879654e-02;8.203492e-02;7.379813e-02;9.242793e-02;6.498560e-02
7.186563e-02;3.926246e-02;1.908989e-01;1.054060e-01;9.347859e-02;3.279799e-02;1.626147e-01;1.076730e-01;4.297926e-02;5.416246e-02;7.154098e-02;2.732009e-02
7.486565e-02;6.607868e-02;2.124303e-01;8.779587e-02;9.343072e-02;3.767412e-02;1.340750e-01;7.795692e-02;8.894999e-02;5.719990e-02;5.487341e-02;1.466943e-02
1.087190e-01;9.144032e-02;1.893583e-01;6.331085e-02;8.269328e-02;4.368942e-02;8.896945e-02;8.177967e-02;1.299943e-01;5.624336e-02;4.379580e-02;2.000620e-02
1.782127e-01;9.624287e-02;1.301340e-01;2.826036e-02;8.439647e-02;3.023195e-02;4.217232e-02;1.574183e-01;1.434944e-01;5.432928e-02;3.379479e-02;2.131261e-02
2.230747e-01;5.657062e-02;5.338264e-02;4.066629e-02;8.538899e-02;1.355172e-02;8.983840e-02;2.236755e-01;8.543800e-02;5.776413e-02;2.066794e-02;4.998112e-02
1.797618e-01;2.050916e-02;3.362411e-02;1.007024e-01;4.602214e-02;3.342324e-02;1.700293e-01;1.823080e-01;2.640862e-02;9.502157e-02;1.519067e-02;9.699897e-02
1.651238e-01;1.572855e-02;3.326967e-02;1.137163e-01;4.138051e-02;3.795128e-02;1.682650e-01;1.889468e-01;2.103321e-02;1.057297e-01;1.636412e-02;9.249113e-02
2.093260e-01;2.502515e-02;3.470312e-02;6.864913e-02;5.467220e-02;3.147153e-02;1.249082e-01;2.548830e-01;3.730322e-02;7.277145e-02;2.865152e-02;5.763545e-02
2.544925e-01;3.134818e-02;4.076229e-02;2.339075e-02;7.968761e-02;1.537131e-02;7.227975e-02;3.407245e-01;3.467029e-02;3.203752e-02;4.092000e-02;3.431523e-02
2.638969e-01;2.845091e-02;3.964734e-02;8.973789e-03;7.133358e-02;7.316019e-03;9.754639e-02;3.680244e-01;3.496044e-02;1.279159e-02;3.636315e-02;3.069554e-02
2.372694e-01;2.688925e-02;3.620405e-02;1.186910e-02;5.399825e-02;2.231454e-02;2.127881e-01;3.089403e-01;1.709169e-02;1.089054e-02;2.211914e-02;3.962554e-02
2.109609e-01;3.506500e-02;5.399056e-02;1.402547e-02;4.264066e-02;4.165243e-02;2.788504e-01;2.330228e-01;2.235326e-02;1.218916e-02;1.825801e-02;3.699129e-02
2.011553e-01;5.590402e-02;8.136782e-02;1.361251e-02;3.774480e-02;4.859602e-02;2.643441e-01;1.711764e-01;3.229048e-02;2.317037e-02;3.344540e-02;3.719274e-02
1.863196e-01;7.307710e-02;7.933335e-02;1.977446e-02;3.304925e-02;4.869783e-02;1.974019e-01;1.464168e-01;5.504526e-02;4.967131e-02;6.823166e-02;4.298145e-02
1.292871e-01;5.705583e-02;1.104409e-01;2.235987e-02;3.633553e-02;4.862573e-02;1.464087e-01;1.420004e-01;5.691892e-02;7.074037e-02;1.043179e-01;7.550883e-02
1.046553e-01;3.921708e-02;4.044557e-02;2.930973e-02;5.231166e-02;6.724901e-02;2.422109e-01;1.425342e-01;5.139422e-02;6.755885e-02;1.089113e-01;5.420220e-02
7.917525e-02;3.031432e-02;6.731827e-02;3.477480e-02;7.069680e-02;6.366818e-02;2.665361e-01;1.306035e-01;3.791032e-02;8.092676e-02;1.057945e-01;3.228121e-02
1.255249e-01;3.551850e-02;9.612598e-02;3.816658e-02;6.003257e-02;4.618170e-02;2.375741e-01;9.662636e-02;4.525898e-02;8.441623e-02;8.822913e-02;4.634506e-02
1.824005e-01;5.733303e-02;6.073640e-02;5.295837e-02;5.410887e-02;8.601315e-02;1.773354e-01;4.732323e-02;4.190974e-02;8.657452e-02;6.423222e-02;8.907451e-02
1.425976e-01;3.873378e-02;8.382312e-02;6.898417e-02;6.412829e-02;8.090312e-02;1.340645e-01;1.009616e-01;4.423493e-02;1.114965e-01;5.391109e-02;7.616135e-02
8.696396e-02;3.851186e-02;9.126735e-02;8.533506e-02;7.047123e-02;6.026039e-02;1.090375e-01;1.118109e-01;8.038920e-02;1.470456e-01;5.455741e-02;6.434949e-02
7.260378e-02;5.249462e-02;7.647347e-02;7.103435e-02;8.054567e-02;3.707413e-02;8.143687e-02;9.321927e-02;1.208184e-01;1.659655e-01;8.956852e-02;5.876547e-02
6.209117e-02;6.092850e-02;6.749006e-02;4.604418e-02;8.546394e-02;4.506969e-02;9.723004e-02;8.663970e-02;1.303991e-01;1.697302e-01;1.064721e-01;4.244126e-02
6.060354e-02;7.830196e-02;6.812076e-02;7.144728e-02;8.903641e-02;7.681362e-02;8.461865e-02;1.361167e-01;1.262659e-01;9.732386e-02;6.554320e-02;4.580824e-02
7.543231e-02;9.206562e-02;1.106065e-01;7.173921e-02;7.673635e-02;9.874960e-02;5.603486e-02;1.509092e-01;9.343353e-02;6.439316e-02;5.116436e-02;5.873526e-02
8.172905e-02;1.074186e-01;1.266345e-01;5.872100e-02;7.984316e-02;8.448686e-02;9.957612e-02;1.252887e-01;8.233409e-02;6.006752e-02;4.529337e-02;4.860698e-02
7.681646e-02;1.184331e-01;1.231513e-01;4.029798e-02;8.212781e-02;5.888417e-02;1.523318e-01;1.225911e-01;8.496346e-02;5.072348e-02;4.833844e-02;4.134097e-02
8.829552e-02;7.034609e-02;1.084336e-01;5.690295e-02;7.865988e-02;8.766195e-02;1.539178e-01;1.225993e-01;8.411134e-02;5.901589e-02;4.659593e-02;4.345968e-02
9.646235e-02;8.591451e-02;1.660100e-01;8.224795e-02;7.963827e-02;7.414947e-02;9.509641e-02;9.688177e-02;7.967678e-02;5.233390e-02;5.163900e-02;3.994963e-02
7.110646e-02;8.709185e-02;9.996048e-02;7.130357e-02;1.191914e-01;1.052082e-01;1.207597e-01;6.317405e-02;6.355338e-02;6.083819e-02;7.167259e-02;6.614020e-02
6.022326e-02;8.926314e-02;1.271861e-01;1.062441e-01;1.176724e-01;1.070127e-01;1.207839e-01;4.388676e-02;4.650233e-02;5.690690e-02;6.675886e-02;5.755952e-02
3.893230e-02;9.592076e-02;1.598822e-01;1.495127e-01;1.096138e-01;9.951609e-02;1.217335e-01;3.394754e-02;2.908345e-02;5.358452e-02;6.167653e-02;4.659665e-02
5.551991e-02;9.743775e-02;1.824789e-01;1.782956e-01;8.535287e-02;7.346984e-02;1.229802e-01;2.797578e-02;3.123973e-02;5.339948e-02;5.978723e-02;3.206274e-02
4.764905e-02;3.699478e-02;1.905743e-01;5.229692e-02;5.913887e-02;5.518497e-02;1.931341e-01;7.674769e-02;4.239633e-02;7.728665e-02;8.346915e-02;8.512718e-02
1.034714e-01;4.150521e-02;1.367199e-01;3.079353e-02;4.427571e-02;4.352199e-02;1.841782e-01;1.179171e-01;6.417205e-02;6.825461e-02;8.839557e-02;7.679477e-02
1.498256e-01;5.518642e-02;1.015980e-01;2.149372e-02;3.720495e-02;2.933627e-02;1.529694e-01;1.815954e-01;7.946649e-02;5.584950e-02;7.459247e-02;6.088170e-02
2.082852e-01;4.906511e-02;5.278870e-02;1.055749e-02;2.908895e-02;1.366780e-02;1.562057e-01;2.915032e-01;5.188652e-02;3.627776e-02;4.711077e-02;5.356282e-02
1.870485e-01;1.828820e-02;2.222376e-02;6.927316e-03;1.392840e-02;1.896738e-02;3.285681e-01;3.015803e-01;6.819293e-03;2.306849e-02;1.593955e-02;5.664068e-02
1.309276e-01;1.390718e-02;2.432377e-02;9.417105e-03;6.443256e-03;2.640759e-02;4.549649e-01;2.213855e-01;1.868922e-02;1.959709e-02;1.330734e-02;6.062938e-02
1.247958e-01;6.565764e-03;3.724055e-02;1.333152e-02;4.021334e-03;3.891370e-02;5.003517e-01;1.605437e-01;1.486047e-02;2.087612e-02;1.744824e-02;6.105107e-02
1.644278e-01;1.364697e-02;4.850287e-02;2.516570e-02;1.367684e-02;4.377567e-02;4.446893e-01;8.840965e-02;1.882109e-02;3.020324e-02;2.136148e-02;8.731932e-02
2.660010e-01;3.060203e-02;4.670027e-02;2.956932e-02;1.151573e-02;3.196273e-02;2.623156e-01;1.143149e-01;2.017284e-02;3.522595e-02;3.997813e-02;1.116417e-01
3.204930e-01;3.043061e-02;5.337407e-02;2.665370e-02;1.104368e-02;2.566620e-02;1.427506e-01;1.297335e-01;2.192857e-02;4.770441e-02;5.909724e-02;1.311244e-01
3.122793e-01;4.030309e-02;6.677114e-02;3.196257e-02;1.723590e-02;2.913030e-02;7.486850e-02;1.503775e-01;3.550733e-02;5.903488e-02;7.406401e-02;1.084655e-01
2.617063e-01;2.897797e-02;1.400407e-01;2.351629e-02;1.624721e-02;2.052834e-02;1.124741e-01;1.878745e-01;3.229860e-02;4.539075e-02;5.853359e-02;7.241174e-02
2.643168e-01;2.154160e-02;1.367864e-01;1.101637e-02;1.958533e-02;1.113740e-02;1.347695e-01;2.255390e-01;3.173609e-02;3.156944e-02;4.698016e-02;6.502186e-02
2.884939e-01;4.092715e-02;1.660365e-01;1.491553e-02;2.579812e-02;1.330707e-02;6.314076e-02;2.278732e-01;3.227727e-02;2.777917e-02;4.423759e-02;5.521375e-02
3.004457e-01;3.287626e-02;2.021896e-01;1.494638e-02;4.358110e-02;1.304750e-02;5.104122e-02;2.151730e-01;3.418773e-02;1.470414e-02;3.542705e-02;4.238020e-02
3.268840e-01;1.157840e-02;1.970745e-01;1.473391e-02;5.897083e-02;1.114983e-02;7.036773e-02;2.042659e-01;1.250433e-02;1.099811e-02;3.717921e-02;4.429324e-02
3.524410e-01;4.263058e-02;1.887385e-01;1.391762e-02;6.494339e-02;7.576358e-03;5.360486e-02;1.435521e-01;3.693763e-02;1.610244e-02;3.849845e-02;4.105702e-02
3.590792e-01;8.723281e-02;2.093485e-01;1.059540e-02;6.347251e-02;1.256719e-02;3.687033e-02;9.229800e-02;4.234565e-02;1.855578e-02;3.592697e-02;3.170758e-02
3.145145e-01;1.171583e-01;2.571256e-01;8.929881e-03;6.177180e-02;7.760423e-03;3.652435e-02;6.830136e-02;6.304566e-02;1.448221e-02;3.185207e-02;1.853368e-02
2.374331e-01;1.752554e-01;2.995892e-01;1.592035e-02;4.285677e-02;1.749539e-02;3.792531e-02;3.895732e-02;7.451832e-02;2.109958e-02;2.349688e-02;1.545245e-02
9.268809e-02;2.004446e-01;3.855433e-01;3.814151e-02;2.913444e-02;2.168284e-02;4.198067e-02;5.389324e-02;6.772393e-02;3.647075e-02;2.008055e-02;1.221615e-02
4.786746e-02;2.221012e-01;3.697675e-01;4.440045e-02;2.317408e-02;3.709305e-02;3.267383e-02;3.461910e-02;1.174875e-01;4.250366e-02;1.588823e-02;1.242391e-02
6.266403e-02;2.374817e-01;2.543252e-01;3.023676e-02;2.712720e-02;6.860642e-02;3.834948e-02;2.581692e-02;1.970225e-01;3.630477e-02;9.748569e-03;1.231640e-02
3.647316e-02;2.311169e-01;1.586057e-01;2.407727e-02;2.664352e-02;1.091139e-01;5.362871e-02;2.204936e-02;2.747820e-01;3.925745e-02;1.149148e-02;1.276044e-02
2.895359e-02;2.004982e-01;1.245571e-01;2.044354e-02;2.279777e-02;1.328527e-01;4.417295e-02;2.762924e-02;3.283240e-01;3.138650e-02;1.763383e-02;2.075057e-02
2.125414e-02;1.818361e-01;1.421551e-01;1.569865e-02;1.307570e-02;1.321836e-01;2.310261e-02;1.759109e-02;3.661302e-01;3.319116e-02;1.490596e-02;3.887563e-02
2.158508e-02;1.718609e-01;1.446563e-01;2.170212e-02;7.736561e-03;1.223486e-01;1.190227e-02;1.728613e-02;3.747631e-01;3.773344e-02;1.273959e-02;5.568592e-02
4.645096e-02;1.728782e-01;1.181899e-01;2.592662e-02;1.262323e-02;1.006690e-01;1.184750e-02;2.219191e-02;3.875664e-01;3.764389e-02;1.738029e-02;4.663207e-02
1.070360e-01;1.530682e-01;8.609892e-02;1.590640e-02;3.884685e-02;5.909549e-02;1.211974e-02;5.410440e-02;3.361992e-01;4.120316e-02;6.463916e-02;3.168262e-02
1.968170e-01;9.392291e-02;6.962577e-02;7.549583e-03;9.198738e-02;2.632665e-02;1.732634e-02;1.371989e-01;1.782255e-01;3.428400e-02;1.122702e-01;3.446578e-02
2.516807e-01;5.258942e-02;6.138210e-02;2.290208e-02;1.067675e-01;1.780456e-02;3.774621e-02;1.984854e-01;6.185272e-02;3.889137e-02;1.063122e-01;4.358577e-02
2.164549e-01;3.301166e-02;5.460006e-02;6.368554e-02;6.091416e-02;1.291221e-02;9.392822e-02;1.765797e-01;1.638783e-02;9.310775e-02;6.993946e-02;1.084785e-01
1.016242e-01;2.434525e-02;3.326647e-02;9.935174e-02;1.884305e-02;1.292458e-02;1.682400e-01;9.195885e-02;2.119682e-02;1.188779e-01;5.456996e-02;2.548011e-01
6.061342e-02;3.407013e-02;4.524203e-02;8.695306e-02;2.335858e-02;2.264595e-02;1.637805e-01;4.686928e-02;4.607072e-02;6.981663e-02;8.376964e-02;3.168100e-01
5.679654e-02;3.568349e-02;9.213354e-02;4.217010e-02;2.851382e-02;6.993209e-02;9.883019e-02;2.894331e-02;9.270311e-02;3.246992e-02;2.043363e-01;2.174876e-01
8.449123e-02;2.105559e-02;1.249592e-01;1.028915e-02;2.522782e-02;1.242578e-01;3.153525e-02;1.267466e-02;9.481806e-02;3.646112e-02;3.443960e-01;8.983402e-02
1.184714e-01;1.914315e-02;1.095995e-01;1.467983e-02;1.638644e-02;1.499925e-01;1.378600e-02;7.771187e-03;5.125168e-02;4.859416e-02;4.130992e-01;3.722503e-02
1.466334e-01;1.584152e-02;9.177388e-02;1.561284e-02;1.796868e-02;1.521892e-01;1.786486e-02;1.078508e-02;3.954631e-02;4.314135e-02;4.215253e-01;2.711755e-02
1.646023e-01;1.879467e-02;7.557270e-02;1.571621e-02;1.941652e-02;1.468301e-01;1.113118e-02;1.408506e-02;3.332889e-02;6.257406e-02;4.111683e-01;2.678001e-02
1.505633e-01;6.257010e-02;5.733714e-02;2.599313e-02;3.534475e-02;1.100874e-01;2.689717e-02;2.823862e-02;3.049507e-02;1.281325e-01;3.164458e-01;2.789502e-02
8.558396e-02;1.216478e-01;3.306083e-02;4.573960e-02;7.585774e-02;6.853944e-02;2.723057e-02;5.132708e-02;2.841680e-02;2.432706e-01;1.926288e-01;2.669675e-02
2.629725e-02;1.473266e-01;2.659826e-02;3.974517e-02;1.021622e-01;4.914029e-02;2.917780e-02;6.922217e-02;2.523230e-02;3.240209e-01;1.150067e-01;4.607046e-02
2.137109e-02;1.549453e-01;2.459282e-02;2.276112e-02;1.319479e-01;3.096884e-02;2.194379e-02;6.466804e-02;3.861669e-02;3.426512e-01;7.763659e-02;6.789664e-02
3.146093e-02;1.534628e-01;1.812749e-02;2.585291e-02;1.615241e-01;1.493813e-02;1.665813e-02;4.608957e-02;5.597948e-02;3.399656e-01;4.154180e-02;9.439906e-02
4.665998e-02;1.228961e-01;3.662458e-02;3.976277e-02;1.640628e-01;2.249448e-02;2.306334e-02;2.703197e-02;6.655246e-02;3.136891e-01;3.984967e-02;9.731276e-02
7.294797e-02;6.860369e-02;5.200785e-02;6.281159e-02;1.307074e-01;2.689598e-02;4.964959e-02;3.558511e-02;1.532758e-01;2.453278e-01;4.241607e-02;5.977118e-02
8.995155e-02;4.600658e-02;6.776520e-02;7.715985e-02;8.574064e-02;3.238938e-02;7.494260e-02;3.018812e-02;2.197824e-01;1.749665e-01;7.014427e-02;3.096303e-02
1.009119e-01;5.497488e-02;1.191880e-01;7.106207e-02;6.422607e-02;3.377020e-02;1.042638e-01;5.615165e-02;1.684070e-01;1.189721e-01;6.522512e-02;4.284722e-02
1.387756e-01;6.871078e-02;2.075968e-01;5.840484e-02;6.993968e-02;3.862239e-02;7.597915e-02;7.227301e-02;8.691218e-02;9.451865e-02;5.494757e-02;3.331935e-02
1.286504e-01;3.640481e-02;1.958457e-01;5.262220e-02;7.051181e-02;5.004549e-02;1.900178e-01;5.835841e-02;4.159010e-02;8.961068e-02;6.205652e-02;2.428612e-02
1.096604e-01;3.566936e-02;1.719087e-01;2.834312e-02;6.763197e-02;5.749128e-02;2.562414e-01;5.260590e-02;4.794173e-02;8.824518e-02;6.222657e-02;2.203439e-02
9.861580e-02;4.392812e-02;1.706063e-01;3.504650e-02;7.465164e-02;3.900090e-02;2.567011e-01;6.000673e-02;4.278367e-02;9.522995e-02;6.546603e-02;1.796327e-02
9.237841e-02;5.261876e-02;1.620569e-01;3.608288e-02;6.454169e-02;2.625585e-02;2.196199e-01;6.506774e-02;4.071543e-02;1.265314e-01;9.275508e-02;2.137597e-02
7.484560e-02;5.045848e-02;1.159830e-01;3.137765e-02;7.097829e-02;4.029199e-02;1.737724e-01;5.495606e-02;4.504090e-02;1.851970e-01;1.293085e-01;2.779015e-02
5.458582e-02;2.422722e-02;8.422612e-02;4.343072e-02;6.556924e-02;4.100079e-02;1.659542e-01;3.276900e-02;6.943820e-02;2.525021e-01;1.416716e-01;2.462495e-02
4.735909e-02;2.447706e-02;5.903446e-02;6.427906e-02;7.115331e-02;3.852667e-02;1.278015e-01;4.758686e-02;9.663114e-02;2.782880e-01;1.110583e-01;3.380455e-02
6.469160e-02;5.181348e-02;1.120293e-01;4.667373e-02;6.444404e-02;4.243599e-02;1.205989e-01;6.174615e-02;1.028997e-01;2.056185e-01;9.608167e-02;3.096703e-02
7.752817e-02;5.296672e-02;1.758349e-01;2.152563e-02;5.485134e-02;5.073050e-02;1.438453e-01;8.045848e-02;9.497041e-02;1.237093e-01;8.649085e-02;3.708839e-02
7.313754e-02;3.946730e-02;2.329081e-01;2.568898e-02;5.241599e-02;4.499137e-02;1.184270e-01;9.998836e-02;1.057543e-01;9.207897e-02;8.055796e-02;3.458425e-02
7.385711e-02;4.469857e-02;2.858210e-01;3.475101e-02;6.328399e-02;4.874715e-02;8.983819e-02;8.463149e-02;9.056816e-02;7.649691e-02;7.883967e-02;2.846675e-02
6.146944e-02;5.574467e-02;2.505035e-01;6.054814e-02;7.306536e-02;5.183063e-02;9.856105e-02;5.033658e-02;7.506268e-02;9.467787e-02;1.012198e-01;2.698036e-02
6.651150e-02;6.020084e-02;1.624889e-01;5.906138e-02;6.958889e-02;4.796021e-02;1.217768e-01;5.902941e-02;5.082069e-02;1.061670e-01;1.574285e-01;3.896582e-02
8.191748e-02;6.376848e-02;9.465089e-02;4.584055e-02;5.209348e-02;4.603111e-02;1.011526e-01;5.990675e-02;6.870229e-02;1.552957e-01;1.773039e-01;5.333682e-02
6.025634e-02;4.269811e-02;7.959105e-02;4.650828e-02;4.936612e-02;2.979763e-02;1.053723e-01;6.434991e-02;7.593118e-02;1.897738e-01;1.927192e-01;6.363606e-02
5.097293e-02;2.849287e-02;8.067896e-02;3.941032e-02;5.006627e-02;5.015789e-02;9.235284e-02;7.518230e-02;9.452868e-02;1.718065e-01;1.969353e-01;6.941520e-02
4.984896e-02;3.280398e-02;9.606896e-02;3.112548e-02;5.261603e-02;8.871245e-02;1.033441e-01;6.087712e-02;1.084113e-01;1.643616e-01;1.718985e-01;3.993156e-02
5.287060e-02;6.099063e-02;7.467505e-02;6.609879e-02;5.812838e-02;8.988880e-02;1.581102e-01;6.465844e-02;6.863996e-02;1.460737e-01;1.122551e-01;4.761043e-02
5.064823e-02;7.310638e-02;8.317504e-02;9.437202e-02;8.822853e-02;5.877860e-02;1.509436e-01;1.003583e-01;7.540278e-02;1.014258e-01;7.802568e-02;4.553503e-02
4.865848e-02;6.965168e-02;8.884486e-02;7.901791e-02;1.108066e-01;6.083867e-02;1.278487e-01;1.092892e-01;9.256484e-02;7.924827e-02;7.575122e-02;5.747963e-02
