7.438584e-02;5.688546e-02;1.013178e-01;4.619821e-02;6.074672e-02;7.673530e-02;2.212721e-01;1.152659e-01;9.501146e-02;6.621253e-02;4.670705e-02;3.926159e-02
7.694893e-02;6.006410e-02;9.798815e-02;5.651970e-02;5.227333e-02;7.895494e-02;2.611474e-01;1.070568e-01;8.603534e-02;5.440498e-02;2.913623e-02;3.947014e-02
7.495925e-02;6.427530e-02;1.425486e-01;7.591421e-02;4.189707e-02;8.203719e-02;2.794309e-01;6.693704e-02;6.953529e-02;4.552045e-02;2.282189e-02;3.412278e-02
5.375803e-02;5.008143e-02;2.819024e-01;1.002860e-01;3.372893e-02;6.726236e-02;2.176174e-01;3.169652e-02;5.060425e-02;4.655453e-02;4.418845e-02;2.231974e-02
2.566178e-02;2.473315e-02;3.722601e-01;1.325537e-01;6.079715e-02;4.888806e-02;1.215895e-01;6.289383e-02;3.699125e-02;4.134293e-02;5.524160e-02;1.704689e-02
3.156427e-02;3.145624e-02;4.077042e-01;1.473240e-01;9.043837e-02;4.242700e-02;7.371301e-02;6.017152e-02;3.081356e-02;2.300201e-02;4.087291e-02;2.051297e-02
4.216993e-02;4.751368e-02;3.604533e-01;1.350794e-01;9.635969e-02;4.862907e-02;7.773534e-02;7.641791e-02;2.968552e-02;2.285650e-02;3.344870e-02;2.965097e-02
4.102153e-02;4.090822e-02;2.640049e-01;1.173516e-01;9.847771e-02;4.317702e-02;1.441961e-01;1.056739e-01;3.201669e-02;3.522516e-02;4.931159e-02;2.863550e-02
5.347465e-02;1.419548e-02;1.813021e-01;1.132095e-01;7.852370e-02;8.727182e-02;1.998522e-01;9.651957e-02;4.398924e-02;4.641806e-02;6.106269e-02;2.418106e-02
4.234517e-02;2.702647e-02;2.484073e-01;1.041218e-01;4.271636e-02;1.091010e-01;2.138491e-01;4.886916e-02;5.187579e-02;6.063056e-02;3.520484e-02;1.585243e-02
4.785922e-02;5.884116e-02;1.521202e-01;6.847654e-02;5.479116e-02;7.606289e-02;1.685105e-01;8.877522e-02;9.056846e-02;6.177309e-02;7.757902e-02;5.464255e-02
9.397301e-02;6.210193e-02;1.089121e-01;6.657861e-02;3.853669e-02;6.520945e-02;1.070848e-01;1.105137e-01;1.007502e-01;6.835677e-02;8.759210e-02;9.039064e-02
1.143297e-01;6.205130e-02;1.136083e-01;5.613676e-02;3.004458e-02;7.615937e-02;1.132449e-01;1.115877e-01;9.602272e-02;5.662647e-02;7.565216e-02;9.453613e-02
1.121635e-01;5.722266e-02;1.212817e-01;5.235492e-02;3.713631e-02;9.170204e-02;1.502564e-01;1.088545e-01;8.771081e-02;3.762757e-02;6.540123e-02;7.828824e-02
5.358322e-02;3.318866e-02;1.456267e-01;4.964960e-02;9.193069e-02;1.071319e-01;2.842127e-01;6.886899e-02;5.497931e-02;4.617770e-02;3.567407e-02;2.897640e-02
2.265742e-02;1.895235e-02;1.409740e-01;6.858172e-02;1.802260e-01;1.331558e-01;2.985005e-01;4.258575e-02;3.180116e-02;2.784418e-02;1.752468e-02;1.719651e-02
9.904824e-03;1.647422e-02;1.236770e-01;9.434268e-02;2.938191e-01;1.421701e-01;1.935808e-01;3.166357e-02;3.723678e-02;1.787288e-02;7.919970e-03;3.133811e-02
7.176864e-03;1.327842e-02;9.038233e-02;1.294869e-01;4.092347e-01;1.260092e-01;1.051415e-01;1.809901e-02;3.153510e-02;1.448268e-02;9.367693e-03;4.580557e-02
7.106361e-03;1.036551e-02;1.042905e-01;1.767657e-01;4.354131e-01;9.175078e-02;6.458434e-02;1.113678e-02;2.939102e-02;1.863275e-02;5.310935e-03;4.525218e-02
8.529829e-03;1.750775e-02;1.907495e-01;1.969330e-01;3.387001e-01;5.913106e-02;6.287851e-02;1.269109e-02;2.070654e-02;4.710646e-02;1.094410e-02;3.412215e-02
1.800099e-02;2.588411e-02;2.955680e-01;1.543378e-01;2.107926e-01;5.583793e-02;1.030107e-01;1.868814e-02;2.275364e-02;6.421764e-02;1.148033e-02;1.942825e-02
2.300984e-02;2.915713e-02;3.695607e-01;8.413706e-02;1.337806e-01;4.990797e-02;1.490682e-01;2.473778e-02;4.463920e-02;6.449147e-02;1.294399e-02;1.456616e-02
3.810763e-02;5.938259e-02;3.286458e-01;6.816953e-02;1.170968e-01;4.350840e-02;1.427333e-01;4.866684e-02;7.695747e-02;3.915894e-02;2.585413e-02;1.171856e-02
6.558833e-02;8.886193e-02;3.484873e-01;9.730366e-02;6.899161e-02;3.045166e-02;1.194543e-01;5.096227e-02;3.730714e-02;4.060850e-02;3.065447e-02;2.132889e-02
6.788554e-02;8.114895e-02;3.762816e-01;1.316591e-01;9.194187e-02;3.584120e-02;7.338553e-02;3.470608e-02;2.118786e-02;4.792992e-02;2.109438e-02;1.693806e-02
3.673379e-02;4.753679e-02;2.890612e-01;1.242327e-01;1.725795e-01;6.311019e-02;1.189266e-01;2.137307e-02;3.454000e-02;5.601278e-02;1.094811e-02;2.494513e-02
2.018074e-02;2.254873e-02;1.835776e-01;7.813787e-02;2.341423e-01;1.332253e-01;1.749062e-01;1.602371e-02;5.539327e-02;4.352107e-02;1.280193e-02;2.554129e-02
3.592838e-02;2.103638e-02;1.064737e-01;3.894835e-02;1.790851e-01;2.133693e-01;2.607015e-01;2.144122e-02;4.375916e-02;4.757196e-02;1.380513e-02;1.787987e-02
3.553760e-02;3.679433e-02;4.324874e-02;3.831238e-02;8.763178e-02;1.782604e-01;4.122815e-01;5.166546e-02;3.433836e-02;5.853541e-02;1.685643e-02;6.537592e-03
2.065676e-02;5.542642e-02;3.833621e-02;2.578929e-02;4.360299e-02;9.006678e-02;4.839393e-01;1.143513e-01;5.182271e-02;4.501189e-02;1.594745e-02;1.504893e-02
1.903134e-02;5.509135e-02;5.476886e-02;1.515664e-02;3.328200e-02;3.920866e-02;4.061200e-01;1.786195e-01;9.451367e-02;5.707280e-02;1.248663e-02;3.464851e-02
6.512491e-02;3.264131e-02;6.020371e-02;3.267337e-02;2.798752e-02;1.566105e-02;2.502749e-01;1.609733e-01;1.901856e-01;9.411875e-02;1.822100e-02;5.193465e-02
1.207553e-01;2.686702e-02;4.609115e-02;4.107574e-02;5.006832e-02;2.792544e-02;9.889415e-02;8.396694e-02;2.387157e-01;1.783400e-01;4.144134e-02;4.585891e-02
1.311480e-01;5.074909e-02;6.562204e-02;3.043712e-02;7.307860e-02;2.792672e-02;9.025700e-02;4.699562e-02;1.712279e-01;2.250682e-01;4.503364e-02;4.245607e-02
1.280231e-01;6.748437e-02;7.966017e-02;2.727945e-02;7.333695e-02;2.765294e-02;5.980794e-02;4.187777e-02;1.341854e-01;2.483173e-01;7.165232e-02;4.072225e-02
6.719384e-02;5.493405e-02;6.482907e-02;1.902300e-02;6.723735e-02;3.341584e-02;7.015273e-02;3.315186e-02;6.802267e-02;2.853457e-01;2.074612e-01;2.923258e-02
3.789274e-02;2.830934e-02;4.204823e-02;2.078569e-02;4.668840e-02;6.050210e-02;9.568372e-02;2.068127e-02;4.122178e-02;2.339905e-01;3.209526e-01;5.124368e-02
5.741313e-02;3.444982e-02;4.730989e-02;1.724838e-02;1.843695e-02;7.274798e-02;8.490682e-02;2.962060e-02;3.467678e-02;1.522228e-01;3.855552e-01;6.541158e-02
8.521979e-02;5.931771e-02;7.402919e-02;2.402637e-02;3.304560e-02;7.010610e-02;1.092809e-01;5.200054e-02;6.419253e-02;1.100433e-01;2.505639e-01;6.817406e-02
1.255365e-01;5.670267e-02;8.184260e-02;2.747179e-02;3.094280e-02;7.460926e-02;1.119967e-01;5.125969e-02;6.132842e-02;9.983466e-02;2.077737e-01;7.070123e-02
7.145096e-02;4.090969e-02;6.383890e-02;2.194363e-02;2.981778e-02;7.378729e-02;7.589282e-02;4.312474e-02;5.101258e-02;2.180992e-01;2.530619e-01;5.706056e-02
2.776936e-02;2.463762e-02;2.978970e-02;2.764544e-02;5.524502e-02;4.455967e-02;6.831056e-02;4.614417e-02;8.529789e-02;3.596201e-01;2.007374e-01;3.024307e-02
3.677336e-02;1.382095e-02;3.024198e-02;5.261308e-02;5.342950e-02;2.142856e-02;2.107878e-01;8.479951e-02;1.417313e-01;2.557112e-01;8.148549e-02;1.717717e-02
4.847762e-02;2.151230e-02;3.337885e-02;4.160975e-02;2.442138e-02;1.860018e-02;4.373610e-01;1.372674e-01;1.015791e-01;7.955001e-02;3.884275e-02;1.739974e-02
2.119305e-02;2.212304e-02;3.503534e-02;1.499154e-02;2.467207e-02;4.285675e-02;6.266840e-01;1.191140e-01;4.126117e-02;2.090031e-02;1.807634e-02;1.309239e-02
1.254166e-02;2.016722e-02;2.224665e-02;9.406863e-03;4.952320e-02;9.187890e-02;6.733629e-01;6.185818e-02;2.063298e-02;1.510439e-02;1.563174e-02;7.645346e-03
2.058700e-02;1.454700e-02;2.613882e-02;1.925967e-02;1.062495e-01;1.541950e-01;5.716531e-01;2.739274e-02;1.608893e-02;1.833574e-02;1.674278e-02;8.809723e-03
2.298351e-02;1.136890e-02;9.586932e-02;3.376577e-02;1.970966e-01;1.657212e-01;3.700879e-01;1.843125e-02;3.785185e-02;2.215427e-02;1.314977e-02;1.151967e-02
3.910496e-02;3.557303e-02;2.413282e-01;7.829707e-02;2.254864e-01;9.493236e-02;9.840788e-02;3.821298e-02;5.359739e-02;3.935570e-02;3.737910e-02;1.832502e-02
5.606993e-02;3.097473e-02;3.653794e-01;1.175183e-01;1.258861e-01;4.172801e-02;7.699052e-02;3.391717e-02;2.921669e-02;6.132187e-02;4.450476e-02;1.649254e-02
7.772564e-02;6.036091e-02;4.763809e-01;9.218968e-02;5.708072e-02;1.888019e-02;5.656499e-02;1.726873e-02;2.905900e-02;6.998124e-02;2.635136e-02;1.815668e-02
1.252650e-01;1.323014e-01;4.560072e-01;4.164163e-02;2.350159e-02;1.416829e-02;3.782102e-02;1.714106e-02;4.716737e-02;5.855206e-02;1.306242e-02;3.337090e-02
1.711394e-01;1.688101e-01;3.559396e-01;2.577612e-02;3.133888e-02;2.400932e-02;2.413723e-02;2.937086e-02;5.751436e-02;3.843161e-02;2.531571e-02;4.821680e-02
1.804571e-01;1.360443e-01;2.515499e-01;2.815889e-02;5.148170e-02;3.611799e-02;5.679655e-02;5.394898e-02;4.998612e-02;4.388716e-02;5.016351e-02;6.140777e-02
1.019842e-01;4.307417e-02;2.449484e-01;3.414333e-02;5.845174e-02;7.433287e-02;1.443728e-01;6.396937e-02;4.752143e-02;6.183482e-02;7.166328e-02;5.370354e-02
7.341697e-02;5.213085e-02;2.007552e-01;5.122225e-02;6.811285e-02;7.378425e-02;1.422108e-01;5.917877e-02;8.240365e-02;7.884136e-02;8.771270e-02;3.023037e-02
7.148229e-02;3.659832e-02;1.615558e-01;8.046087e-02;7.645244e-02;4.905077e-02;1.504312e-01;5.738403e-02;1.067823e-01;8.380746e-02;8.883546e-02;3.715914e-02
4.479933e-02;5.332493e-02;1.462048e-01;7.725043e-02;7.190515e-02;7.006596e-02;1.507935e-01;7.395160e-02;1.055323e-01;7.383490e-02;8.817805e-02;4.415914e-02
4.512287e-02;5.321966e-02;2.083909e-01;5.989684e-02;4.707890e-02;8.879353e-02;8.353877e-02;6.400394e-02;8.134616e-02;1.121453e-01;1.088618e-01;4.760132e-02
3.964267e-02;4.462840e-02;2.343683e-01;4.161997e-02;3.969623e-02;8.002923e-02;5.138849e-02;5.915164e-02;5.744608e-02;1.649863e-01;1.408166e-01;4.622609e-02
4.780450e-02;4.936319e-02;1.843040e-01;2.634290e-02;5.483704e-02;6.818369e-02;6.624078e-02;5.418308e-02;4.970752e-02;2.186547e-01;1.427364e-01;3.764217e-02
4.581671e-02;3.930972e-02;1.404636e-01;3.372528e-02;5.578711e-02;6.554691e-02;7.287572e-02;4.953727e-02;8.592861e-02;2.468789e-01;1.279110e-01;3.621922e-02
3.353940e-02;4.021258e-02;1.282157e-01;6.129952e-02;4.573027e-02;5.665921e-02;7.199921e-02;4.243699e-02;1.197470e-01;2.526464e-01;1.030267e-01;4.448697e-02
3.445264e-02;4.590768e-02;1.691113e-01;5.501219e-02;5.563858e-02;4.599509e-02;7.891515e-02;5.682131e-02;1.230125e-01;1.980124e-01;8.757713e-02;4.954402e-02
5.585473e-02;4.698161e-02;1.840369e-01;4.363040e-02;7.792827e-02;5.957597e-02;6.023075e-02;6.942853e-02;8.053905e-02;1.752423e-01;9.859932e-02;4.795216e-02
5.399022e-02;4.407266e-02;1.967027e-01;6.186468e-02;7.204911e-02;8.291232e-02;9.784941e-02;6.521966e-02;7.529123e-02;1.124008e-01;1.051624e-01;3.248483e-02
6.358687e-02;4.049994e-02;1.575239e-01;5.716947e-02;6.875622e-02;9.822263e-02;8.262295e-02;6.817219e-02;8.322373e-02;1.250706e-01;9.962878e-02;5.552267e-02
8.826191e-02;5.247058e-02;1.252049e-01;4.542694e-02;1.032106e-01;8.497627e-02;5.295902e-02;1.004374e-01;6.956267e-02;9.630571e-02;8.605973e-02;9.512424e-02
8.552847e-02;6.807535e-02;1.236325e-01;4.057662e-02;9.063999e-02;6.799338e-02;1.364170e-01;8.581176e-02;4.408933e-02;6.701806e-02;7.237341e-02;1.178441e-01
5.094272e-02;7.399638e-02;1.723221e-01;4.779504e-02;8.220477e-02;8.185600e-02;1.567656e-01;3.718344e-02;6.323642e-02;8.411422e-02;4.735908e-02;1.022242e-01
6.605843e-02;6.283250e-02;1.374241e-01;4.425216e-02;9.261995e-02;8.166511e-02;1.691709e-01;2.450103e-02;8.177266e-02;1.173925e-01;6.760559e-02;5.470514e-02
8.441868e-02;7.109567e-02;6.763353e-02;5.741039e-02;6.793393e-02;7.049885e-02;1.533120e-01;1.148733e-01;5.051394e-02;1.193920e-01;1.018385e-01;4.107918e-02
6.844621e-02;6.155246e-02;8.312602e-02;7.458641e-02;6.302133e-02;5.479875e-02;1.254171e-01;1.304790e-01;7.890989e-02;1.189602e-01;8.601908e-02;5.468355e-02
4.920623e-02;5.009613e-02;6.562934e-02;6.322750e-02;8.910756e-02;5.889631e-02;1.458727e-01;1.117959e-01;1.011724e-01;1.343983e-01;7.716624e-02;5.343148e-02
1.143730e-01;8.639822e-02;2.187201e-01;7.227670e-02;7.503351e-02;4.889983e-02;1.195750e-01;5.483383e-02;5.647641e-02;7.606686e-02;4.357388e-02;3.377267e-02
1.822641e-01;1.271770e-01;2.754508e-01;6.624784e-02;5.199368e-02;4.005650e-02;1.087336e-01;3.681631e-02;2.529905e-02;2.928689e-02;2.199889e-02;3.467542e-02
2.125757e-01;1.271627e-01;2.352620e-01;6.260192e-02;3.755366e-02;3.696068e-02;1.348872e-01;3.981160e-02;1.355135e-02;2.125613e-02;2.349209e-02;5.488498e-02
1.999560e-01;9.426225e-02;1.629622e-01;5.844488e-02;2.189903e-02;3.025929e-02;2.293434e-01;4.479395e-02;1.065906e-02;2.107389e-02;2.981406e-02;9.653199e-02
5.442817e-02;4.779935e-02;8.658599e-02;5.569838e-02;1.904652e-02;5.019376e-02;3.931825e-01;4.143121e-02;1.652102e-02;2.850784e-02;5.768489e-02;1.489203e-01
1.219821e-01;5.902905e-02;7.750883e-02;3.808579e-02;2.493009e-02;7.739396e-02;3.256308e-01;3.878796e-02;1.708831e-02;4.014410e-02;7.224835e-02;1.071707e-01
1.025884e-01;6.747781e-02;1.704441e-01;3.693530e-02;4.903674e-02;7.847442e-02;2.512467e-01;4.056966e-02;2.726202e-02;4.785356e-02;6.443045e-02;6.368084e-02
1.316100e-01;6.258030e-02;2.918017e-01;4.103144e-02;5.154467e-02;4.732931e-02;1.204999e-01;8.432100e-02;3.717186e-02;4.515290e-02;3.725156e-02;4.970531e-02
2.932895e-01;6.979927e-02;2.346269e-01;2.360972e-02;3.276829e-02;2.266959e-02;9.878013e-02;1.072341e-01;1.905720e-02;3.031611e-02;2.297132e-02;4.487793e-02
3.837244e-01;1.002973e-01;1.321183e-01;2.047337e-02;2.434982e-02;2.999583e-02;8.351147e-02;1.109132e-01;1.720704e-02;2.753334e-02;2.706473e-02;4.281117e-02
4.011115e-01;7.974248e-02;1.731991e-01;1.892877e-02;2.689291e-02;2.525646e-02;6.768562e-02;1.107550e-01;2.472704e-02;2.311358e-02;2.715855e-02;2.142897e-02
3.843970e-01;1.008353e-01;1.708195e-01;2.930347e-02;2.174358e-02;1.188494e-02;5.722677e-02;8.475550e-02;3.093115e-02;2.978884e-02;3.286057e-02;4.545334e-02
3.568629e-01;1.369058e-01;1.274376e-01;4.361138e-02;1.825074e-02;1.433264e-02;9.218210e-02;5.393307e-02;2.259370e-02;3.051039e-02;3.145894e-02;7.192066e-02
3.493262e-01;1.347955e-01;5.519839e-02;4.809108e-02;1.269135e-02;2.178374e-02;1.605614e-01;4.022004e-02;1.310316e-02;2.209034e-02;3.519748e-02;1.069414e-01
2.194265e-01;1.041788e-01;2.887694e-02;4.468930e-02;2.001672e-02;5.268770e-02;2.594383e-01;2.951294e-02;1.321708e-02;2.195791e-02;6.276114e-02;1.432366e-01
8.926995e-02;6.994174e-02;4.659579e-02;3.565285e-02;2.728175e-02;8.635510e-02;3.221860e-01;2.347713e-02;1.451915e-02;3.221497e-02;1.035834e-01;1.489222e-01
1.789257e-01;4.908403e-02;6.741173e-02;2.605685e-02;2.616981e-02;9.161796e-02;2.447946e-01;3.073389e-02;2.158756e-02;5.002632e-02;1.029127e-01;1.106788e-01
1.510443e-01;4.614979e-02;6.229723e-02;2.204864e-02;4.580102e-02;1.094667e-01;2.121150e-01;3.686325e-02;3.959581e-02;8.764698e-02;1.026413e-01;8.433004e-02
9.340917e-02;4.461643e-02;7.028040e-02;3.882371e-02;5.153587e-02;1.131776e-01;1.729357e-01;3.817753e-02;5.308277e-02;1.199831e-01;1.290835e-01;7.489423e-02
1.424949e-01;5.966758e-02;8.695175e-02;4.654549e-02;5.578109e-02;4.433230e-02;1.663656e-01;5.920381e-02;8.331207e-02;8.737832e-02;8.867233e-02;7.929479e-02
1.534495e-01;3.818623e-02;8.879853e-02;6.173688e-02;5.526784e-02;6.072789e-02;1.801472e-01;4.351181e-02;7.190619e-02;8.314511e-02;6.613247e-02;9.699035e-02
1.261031e-01;3.989751e-02;7.681887e-02;6.199616e-02;5.541600e-02;6.353897e-02;2.147999e-01;5.491214e-02;6.055206e-02;9.520350e-02;5.036196e-02;1.003998e-01
1.036923e-01;3.085381e-02;7.965163e-02;4.448724e-02;3.918495e-02;5.309696e-02;2.121644e-01;4.303133e-02;9.866267e-02;1.275000e-01;7.190599e-02;9.576864e-02
1.179272e-01;5.081083e-02;1.013761e-01;4.430662e-02;3.540223e-02;8.425580e-02;1.373658e-01;7.530855e-02;1.022288e-01;1.175095e-01;7.304787e-02;6.046063e-02
1.375006e-01;6.620864e-02;7.912984e-02;5.883359e-02;6.835323e-02;1.154886e-01;1.164732e-01;6.807016e-02;9.502164e-02;8.796457e-02;6.474823e-02;4.220762e-02
1.074905e-01;3.153795e-02;6.797359e-02;6.576213e-02;9.676485e-02;1.117439e-01;1.384218e-01;4.055092e-02;1.271497e-01;9.157109e-02;7.572191e-02;4.531154e-02
3.929595e-02;4.499084e-02;6.914701e-02;7.497425e-02;1.005900e-01;6.955865e-02;1.405370e-01;1.082963e-01;9.852047e-02;1.360503e-01;6.742364e-02;5.061561e-02
4.188564e-02;7.371806e-02;7.668494e-02;5.422749e-02;1.029187e-01;8.866328e-02;1.353033e-01;9.980068e-02;8.240953e-02;1.541161e-01;4.046302e-02;4.980941e-02
5.942446e-02;6.734975e-02;1.133991e-01;4.823561e-02;8.946702e-02;9.077889e-02;1.450738e-01;8.872014e-02;9.153799e-02;1.215413e-01;3.484901e-02;4.962296e-02
7.728212e-02;5.256904e-02;1.221120e-01;4.061006e-02;8.996264e-02;9.473364e-02;1.397732e-01;9.396849e-02;7.479974e-02;9.968383e-02;6.174148e-02;5.276376e-02
7.476301e-02;3.901769e-02;1.000935e-01;3.386473e-02;7.130320e-02;7.726632e-02;1.519463e-01;1.199710e-01;1.255479e-01;6.194335e-02;1.062850e-01;3.799807e-02
4.669747e-02;6.414434e-02;2.073722e-01;5.314435e-02;5.745007e-02;5.972495e-02;1.617641e-01;1.088873e-01;1.045680e-01;6.644142e-02;4.224290e-02;2.756292e-02
8.150416e-02;6.412966e-02;2.153952e-01;6.818982e-02;6.926117e-02;5.281709e-02;1.145734e-01;7.967936e-02;5.853886e-02;6.685807e-02;7.075535e-02;5.829787e-02
1.434474e-01;4.310154e-02;1.673903e-01;5.895684e-02;6.345123e-02;5.089517e-02;1.374075e-01;1.085517e-01;2.392983e-02;5.919317e-02;7.986999e-02;6.380528e-02
2.554707e-01;3.694304e-02;9.836832e-02;3.616383e-02;5.470812e-02;3.393635e-02;1.261193e-01;1.854930e-01;2.695884e-02;4.070842e-02;6.220571e-02;4.292430e-02
3.862754e-01;5.103403e-02;5.790003e-02;1.632364e-02;4.909598e-02;1.135791e-02;5.515665e-02;2.676707e-01;3.271103e-02;1.582042e-02;2.919436e-02;2.745989e-02
4.038834e-01;8.130155e-02;4.998271e-02;1.054345e-02;5.283611e-02;9.162948e-03;3.728587e-02;2.592083e-01;5.815037e-02;6.189252e-03;1.237606e-02;1.907999e-02
3.065698e-01;2.007851e-01;5.152384e-02;1.117418e-02;3.783197e-02;1.413809e-02;2.353923e-02;1.695177e-01;1.507438e-01;7.158112e-03;1.101589e-02;1.600220e-02
1.817703e-01;3.089622e-01;1.033825e-01;1.001199e-02;1.192338e-02;3.065100e-02;1.766717e-02;6.222150e-02;2.447042e-01;1.125939e-02;5.874618e-03;1.157181e-02
9.396613e-02;3.224568e-01;1.215734e-01;1.622662e-02;1.309617e-02;6.231984e-02;2.025646e-02;1.674355e-02;2.971960e-01;2.111031e-02;4.351038e-03;1.070362e-02
3.884046e-02;2.533102e-01;1.944907e-01;1.969127e-02;1.083931e-02;7.348257e-02;3.425074e-02;1.717018e-02;2.880913e-01;4.325851e-02;3.991300e-03;2.258340e-02
3.172145e-02;1.696028e-01;3.169510e-01;1.692200e-02;9.250072e-03;4.672014e-02;5.426485e-02;1.805061e-02;2.276520e-01;8.011264e-02;3.559164e-03;2.519324e-02
3.767521e-02;1.186131e-01;4.259450e-01;1.830889e-02;1.541831e-02;2.832649e-02;4.183796e-02;1.371028e-02;1.425932e-01;1.359878e-01;5.236774e-03;1.634695e-02
5.162781e-02;8.702318e-02;4.849170e-01;4.204915e-02;3.436463e-02;2.407254e-02;2.703596e-02;2.063628e-02;5.451115e-02;1.507396e-01;1.422144e-02;8.801347e-03
7.396056e-02;8.594979e-02;4.171854e-01;4.994982e-02;4.335903e-02;1.922917e-02;6.590120e-02;3.609426e-02;6.557962e-02;9.543674e-02;2.898985e-02;1.836453e-02
4.808390e-02;5.963033e-02;4.975753e-01;5.878016e-02;5.100834e-02;2.217145e-02;7.564159e-02;3.709025e-02;5.868212e-02;4.630137e-02;2.800993e-02;1.702520e-02
2.568552e-02;2.065946e-02;6.678993e-01;5.943918e-02;4.230498e-02;1.589582e-02;6.544587e-02;2.200609e-02;2.968340e-02;2.898348e-02;1.257330e-02;9.423672e-03
1.674930e-02;4.402835e-02;6.914791e-01;5.227011e-02;3.536141e-02;2.100501e-02;4.560486e-02;1.559127e-02;3.108236e-02;3.429913e-02;6.569432e-03;5.959709e-03
2.728853e-02;9.284567e-02;6.691059e-01;3.445978e-02;1.806732e-02;1.353625e-02;2.733424e-02;1.219000e-02;5.042338e-02;3.871476e-02;5.836075e-03;1.019814e-02
4.172553e-02;1.304933e-01;5.833954e-01;2.447640e-02;1.013293e-02;1.644461e-02;3.008125e-02;2.417285e-02;8.135082e-02;2.747818e-02;1.342859e-02;1.682016e-02
5.843590e-02;1.488625e-01;4.573959e-01;2.973531e-02;2.963089e-02;3.379875e-02;4.499212e-02;2.876492e-02;9.195652e-02;3.111077e-02;2.193798e-02;2.337836e-02
1.950174e-01;1.851169e-01;3.172057e-01;2.200028e-02;2.380482e-02;2.756035e-02;5.542273e-02;2.985474e-02;7.331957e-02;3.155081e-02;1.678991e-02;2.235678e-02
3.426188e-01;2.000001e-01;2.138270e-01;1.440630e-02;3.339380e-02;1.267510e-02;3.531062e-02;4.651440e-02;3.683417e-02;2.153058e-02;1.657784e-02;2.631134e-02
4.417543e-01;1.457290e-01;1.466452e-01;9.032186e-03;3.959922e-02;1.077168e-02;2.910757e-02;8.590649e-02;1.570163e-02;1.498517e-02;1.595645e-02;4.481125e-02
4.353364e-01;1.053567e-01;1.400731e-01;1.465248e-02;2.685403e-02;1.326620e-02;4.321762e-02;9.602799e-02;1.670960e-02;2.092975e-02;2.032103e-02;6.725501e-02
3.704999e-01;7.750130e-02;1.445753e-01;1.801581e-02;2.424869e-02;2.080844e-02;7.265929e-02;7.416446e-02;2.851128e-02;4.099155e-02;3.998838e-02;8.803555e-02
2.637992e-01;7.638260e-02;1.458855e-01;2.345519e-02;3.135398e-02;2.583825e-02;1.049087e-01;5.135793e-02;3.548655e-02;7.559982e-02;8.177993e-02;8.415229e-02
1.413559e-01;1.034535e-01;1.295100e-01;2.973799e-02;3.276154e-02;4.671195e-02;1.154384e-01;3.208205e-02;5.275103e-02;1.127742e-01;1.398750e-01;6.354856e-02
1.429546e-01;6.932246e-02;8.583643e-02;2.718001e-02;4.306121e-02;6.704304e-02;9.161720e-02;2.092297e-02;6.563228e-02;1.440296e-01;1.762910e-01;6.610924e-02
9.786166e-02;2.069847e-02;7.944775e-02;2.206359e-02;7.130121e-02;6.024419e-02;6.721443e-02;2.643226e-02;8.172487e-02;2.298442e-01;1.911468e-01;5.202049e-02
4.911164e-02;2.260504e-02;1.098117e-01;5.097038e-02;7.669187e-02;4.409869e-02;6.941962e-02;6.197751e-02;7.100840e-02;2.397162e-01;1.603944e-01;4.419450e-02
1.098041e-01;5.997127e-02;1.098460e-01;4.327584e-02;7.305060e-02;3.869026e-02;7.109510e-02;6.177528e-02;7.012890e-02;1.886885e-01;1.088618e-01;6.481239e-02
9.666713e-02;5.928237e-02;1.405434e-01;5.502441e-02;6.123996e-02;6.981462e-02;9.114614e-02;6.016971e-02;9.002448e-02;1.322625e-01;8.680993e-02;5.701533e-02
6.529155e-02;4.707981e-02;1.381327e-01;6.306223e-02;6.478367e-02;9.086640e-02;1.141103e-01;6.288063e-02;9.481207e-02;1.065756e-01;9.544677e-02;5.695819e-02
6.340802e-02;5.097722e-02;1.273348e-01;5.294003e-02;5.267682e-02;7.551187e-02;1.458079e-01;6.939522e-02;5.553145e-02;9.312437e-02;1.416677e-01;7.162464e-02
7.836910e-02;5.216091e-02;1.462612e-01;3.870794e-02;4.383757e-02;5.111207e-02;1.763636e-01;4.804212e-02;6.053804e-02;9.001292e-02;1.268783e-01;8.771627e-02
1.327164e-01;4.934280e-02;1.086245e-01;3.576496e-02;4.235774e-02;4.780941e-02;2.237280e-01;3.114835e-02;7.523022e-02;5.930973e-02;9.551052e-02;9.845743e-02
1.624458e-01;2.959847e-02;8.977314e-02;3.284219e-02;3.429865e-02;3.942826e-02;2.152213e-01;3.652653e-02;6.209961e-02;6.571239e-02;1.051868e-01;1.268668e-01
2.172325e-01;5.464849e-02;6.692264e-02;2.365314e-02;2.268549e-02;4.174164e-02;1.810907e-01;4.129326e-02;3.530360e-02;6.919377e-02;9.527606e-02;1.509587e-01
1.899964e-01;5.170003e-02;6.496979e-02;2.618342e-02;2.217389e-02;4.929733e-02;1.431452e-01;5.493506e-02;4.704352e-02;8.731174e-02;1.209924e-01;1.422513e-01
1.197642e-01;6.280832e-02;1.322373e-01;3.166557e-02;2.743368e-02;3.513790e-02;9.678788e-02;4.767168e-02;6.992826e-02;1.340519e-01;1.175369e-01;1.249764e-01
9.757502e-02;6.146735e-02;1.426233e-01;3.367331e-02;4.092302e-02;2.117529e-02;8.167773e-02;3.787270e-02;9.278627e-02;1.707803e-01;9.266566e-02;1.267801e-01
5.146911e-02;6.457022e-02;9.013484e-02;4.261962e-02;6.981628e-02;4.121434e-02;9.100515e-02;4.397694e-02;9.906446e-02;1.801580e-01;1.053023e-01;1.206687e-01
9.889286e-02;5.720426e-02;1.001186e-01;6.024486e-02;7.530294e-02;3.530762e-02;8.940448e-02;7.569176e-02;8.387294e-02;1.178699e-01;9.375748e-02;1.123323e-01
1.009671e-01;4.291983e-02;9.378245e-02;8.360786e-02;8.288836e-02;4.222147e-02;8.226865e-02;8.166283e-02;7.386413e-02;1.232713e-01;8.002672e-02;1.125193e-01
4.021066e-02;3.540885e-02;1.190699e-01;1.029438e-01;9.518769e-02;7.101062e-02;6.794140e-02;7.755941e-02;4.889138e-02;1.761775e-01;7.850679e-02;8.709197e-02
7.248017e-02;6.296682e-02;1.176464e-01;8.518423e-02;6.924135e-02;9.593123e-02;9.541282e-02;7.946105e-02;5.252541e-02;1.522478e-01;5.423020e-02;6.267253e-02
9.776350e-02;6.817958e-02;7.692747e-02;6.431748e-02;6.944381e-02;1.065440e-01;9.236344e-02;9.585398e-02;7.325271e-02;1.383779e-01;4.120110e-02;7.577496e-02
1.163370e-01;5.977656e-02;8.355800e-02;6.288556e-02;9.525079e-02;7.354570e-02;9.554892e-02;8.751434e-02;7.841494e-02;1.443007e-01;2.417291e-02;7.869457e-02
1.289064e-01;7.098328e-02;7.707833e-02;6.111703e-02;7.780562e-02;7.905456e-02;9.753536e-02;5.704539e-02;8.214783e-02;1.418123e-01;4.678601e-02;7.972787e-02
9.966572e-02;6.442588e-02;9.062727e-02;1.048683e-01;4.418405e-02;8.133535e-02;1.071900e-01;4.145182e-02;9.385127e-02;1.619698e-01;5.063891e-02;5.979181e-02
5.455429e-02;6.749549e-02;1.299470e-01;1.104288e-01;5.272817e-02;6.559784e-02;1.118851e-01;6.904242e-02;1.086552e-01;1.322076e-01;5.432553e-02;4.313261e-02
8.091664e-02;7.733246e-02;9.797250e-02;7.925636e-02;6.656381e-02;4.563245e-02;1.175933e-01;7.819167e-02;1.468411e-01;1.448219e-01;4.539649e-02;1.948130e-02
1.065438e-01;8.708367e-02;9.378721e-02;6.732500e-02;5.890466e-02;5.259051e-02;8.563385e-02;7.225108e-02;1.429256e-01;1.502402e-01;4.448364e-02;3.823087e-02
1.310983e-01;8.472882e-02;1.690049e-01;4.781150e-02;4.621917e-02;6.871985e-02;8.280654e-02;8.803097e-02;8.352263e-02;9.454365e-02;4.629313e-02;5.722055e-02
1.021437e-01;3.600853e-02;2.486195e-01;7.183784e-02;8.376288e-02;6.759489e-02;1.780321e-01;6.742915e-02;2.769020e-02;4.716493e-02;3.497716e-02;3.473915e-02
1.063959e-01;9.704117e-02;2.912036e-01;6.211913e-02;6.452025e-02;4.805377e-02;1.651464e-01;5.019569e-02;3.753755e-02;2.990821e-02;2.012433e-02;2.775399e-02
1.339207e-01;1.515001e-01;2.987404e-01;5.587364e-02;5.020384e-02;3.229294e-02;1.214571e-01;4.269522e-02;4.938113e-02;2.247106e-02;2.028782e-02;2.117604e-02
1.438971e-01;2.400819e-01;2.663068e-01;3.870103e-02;3.604025e-02;2.261689e-02;8.495921e-02;3.240729e-02;7.622883e-02;1.676974e-02;1.933733e-02;2.265362e-02
1.364312e-01;3.404793e-01;2.066946e-01;1.838459e-02;2.241520e-02;3.411566e-02;4.783041e-02;2.099724e-02;1.163868e-01;1.534971e-02;1.454957e-02;2.636567e-02
9.366694e-02;3.254686e-01;3.055382e-01;1.415579e-02;1.112496e-02;4.204406e-02;2.324045e-02;1.499878e-02;1.133544e-01;1.202260e-02;1.146693e-02;3.291829e-02
6.513755e-02;2.740083e-01;4.248556e-01;1.582642e-02;6.983977e-03;3.379852e-02;8.697636e-03;1.775401e-02;8.191870e-02;1.715826e-02;1.363355e-02;4.022742e-02
2.875780e-02;2.387844e-01;5.239798e-01;1.275919e-02;6.070787e-03;2.015824e-02;1.252033e-02;3.153943e-02;5.414115e-02;3.104169e-02;8.557941e-03;3.168931e-02
2.797377e-02;2.038924e-01;5.744759e-01;1.743058e-02;5.759443e-03;1.489931e-02;1.203671e-02;3.278705e-02;4.048573e-02;4.664718e-02;7.335216e-03;1.627676e-02
2.532272e-02;1.783048e-01;6.166130e-01;1.859372e-02;8.070115e-03;9.526812e-03;1.839437e-02;2.296071e-02;2.769039e-02;5.518455e-02;9.382153e-03;9.956641e-03
1.814634e-02;1.551986e-01;6.655775e-01;2.132166e-02;1.225453e-02;7.573433e-03;1.931437e-02;1.292630e-02;1.311719e-02;6.043885e-02;7.243463e-03;6.887742e-03
2.786464e-02;1.326148e-01;6.817225e-01;2.882742e-02;1.682618e-02;6.816582e-03;2.026187e-02;8.814177e-03;8.797655e-03;5.584888e-02;6.615855e-03;4.989468e-03
1.943692e-02;1.279727e-01;6.684569e-01;3.472833e-02;2.618415e-02;1.231849e-02;2.233981e-02;1.130772e-02;1.030866e-02;4.868727e-02;8.843569e-03;9.415560e-03
3.432151e-02;1.568667e-01;5.852142e-01;3.226203e-02;2.438935e-02;1.925996e-02;3.459955e-02;1.573307e-02;2.939164e-02;4.278952e-02;8.517886e-03;1.665457e-02
5.813239e-02;1.943790e-01;5.063465e-01;2.815300e-02;2.005011e-02;2.031341e-02;3.367117e-02;1.780982e-02;5.600819e-02;4.043865e-02;8.093518e-03;1.660427e-02
9.901875e-02;1.864924e-01;4.164807e-01;2.729646e-02;2.678247e-02;2.523227e-02;5.741234e-02;1.735246e-02;7.837749e-02;3.505760e-02;1.143314e-02;1.906391e-02
1.339039e-01;1.328991e-01;3.181909e-01;2.986052e-02;3.774231e-02;3.554466e-02;9.029092e-02;4.797847e-02;8.565895e-02;4.544881e-02;2.321006e-02;1.927144e-02
1.324830e-01;5.259826e-02;2.125378e-01;2.371461e-02;5.379883e-02;7.253213e-02;1.327953e-01;1.058417e-01;9.071065e-02;5.938892e-02;3.437818e-02;2.922054e-02
8.241432e-02;4.030430e-02;1.461384e-01;2.102857e-02;6.421615e-02;1.346826e-01;1.542596e-01;1.477295e-01;7.226101e-02;5.336645e-02;4.007389e-02;4.352513e-02
5.950769e-02;4.518644e-02;1.123647e-01;2.194335e-02;7.910669e-02;1.283816e-01;1.717222e-01;1.736103e-01;8.466259e-02;4.652744e-02;3.438089e-02;4.260610e-02
7.120986e-02;5.693603e-02;1.078444e-01;2.584502e-02;9.462071e-02;9.266421e-02;1.574437e-01;1.359065e-01;1.143992e-01;5.219338e-02;4.259234e-02;4.834474e-02
1.202213e-01;6.606414e-02;1.342543e-01;3.986264e-02;6.392607e-02;9.088352e-02;1.063654e-01;8.670401e-02;9.229762e-02;6.752042e-02;6.304596e-02;6.885466e-02
1.841731e-01;6.008414e-02;2.105310e-01;3.609987e-02;2.663249e-02;5.082405e-02;1.077946e-01;6.006558e-02;5.531044e-02;5.799942e-02;6.042504e-02;9.006025e-02
2.509305e-01;1.040977e-01;1.846451e-01;3.219918e-02;3.246232e-02;2.182635e-02;8.422999e-02;5.075663e-02;3.586625e-02;5.280589e-02;5.090367e-02;9.927639e-02
3.081895e-01;1.234275e-01;1.510808e-01;2.865275e-02;3.375125e-02;2.022060e-02;5.186185e-02;3.916566e-02;3.527045e-02;7.880548e-02;3.996585e-02;8.960836e-02
3.523498e-01;1.286087e-01;1.309756e-01;1.930369e-02;3.822530e-02;1.550182e-02;4.953514e-02;5.472267e-02;3.676736e-02;7.320830e-02;3.511492e-02;6.568664e-02
4.223035e-01;1.359141e-01;9.866908e-02;1.025856e-02;4.757179e-02;1.463414e-02;3.559602e-02;7.416952e-02;3.055634e-02;5.298487e-02;2.961493e-02;4.772719e-02
4.800732e-01;1.308933e-01;9.924757e-02;1.198518e-02;5.239577e-02;1.885491e-02;2.968292e-02;5.603625e-02;2.924840e-02;2.151892e-02;2.222544e-02;4.783815e-02
5.067266e-01;1.259732e-01;1.003085e-01;2.943217e-02;3.753028e-02;2.123886e-02;2.426367e-02;3.520111e-02;1.512558e-02;1.139103e-02;2.422886e-02;6.858022e-02
5.250528e-01;1.101942e-01;8.654907e-02;5.744606e-02;1.153752e-02;1.804508e-02;2.228363e-02;1.925069e-02;1.432882e-02;1.926908e-02;2.329113e-02;9.275197e-02
4.739029e-01;1.019242e-01;7.362133e-02;8.003066e-02;1.544154e-02;1.288485e-02;4.653429e-02;1.993972e-02;1.355529e-02;1.911523e-02;3.415770e-02;1.088923e-01
3.264296e-01;8.193664e-02;6.106806e-02;1.111366e-01;1.616556e-02;1.949805e-02;1.020302e-01;3.872922e-02;1.765088e-02;2.674801e-02;6.976442e-02;1.288426e-01
8.936162e-02;5.292962e-02;9.237776e-02;1.038121e-01;2.390606e-02;5.895755e-02;1.875061e-01;3.689968e-02;2.467488e-02;4.089600e-02;1.122160e-01;1.764626e-01
1.054935e-01;2.844420e-02;1.093013e-01;3.796628e-02;2.528648e-02;7.462569e-02;1.813050e-01;2.085288e-02;3.867292e-02;3.739121e-02;1.292587e-01;2.114019e-01
1.279613e-01;4.781944e-02;6.811882e-02;2.248544e-02;2.047200e-02;4.369687e-02;1.521542e-01;3.508082e-02;4.016662e-02;3.814690e-02;1.428171e-01;2.610804e-01
2.578523e-01;4.870617e-02;3.185727e-02;2.473026e-02;1.555581e-02;3.088857e-02;1.584561e-01;2.677639e-02;2.488631e-02;2.898070e-02;9.570173e-02;2.556084e-01
2.909582e-01;7.172659e-02;5.922782e-02;5.711704e-02;1.524508e-02;2.213154e-02;1.790077e-01;2.403552e-02;1.685944e-02;2.208241e-02;4.099710e-02;2.006116e-01
2.114339e-01;7.683685e-02;8.065823e-02;7.213169e-02;3.481055e-02;9.460376e-02;1.531730e-01;2.535344e-02;1.642323e-02;3.751144e-02;6.782120e-02;1.292427e-01
8.147889e-02;7.664625e-02;1.006434e-01;6.367522e-02;8.529688e-02;1.915428e-01;1.199781e-01;3.944179e-02;2.124560e-02;7.329324e-02;9.119806e-02;5.555982e-02
2.323367e-02;8.775257e-02;6.568205e-02;5.220967e-02;1.705035e-01;2.106018e-01;1.240967e-01;4.731969e-02;2.257050e-02;1.197090e-01;5.618229e-02;2.013861e-02
3.501759e-02;8.231483e-02;3.796371e-02;6.621831e-02;2.422892e-01;1.591517e-01;9.244376e-02;2.983014e-02;3.328639e-02;1.632705e-01;3.822711e-02;1.998676e-02
4.793762e-02;6.367600e-02;2.711125e-02;1.034481e-01;2.515034e-01;8.598762e-02;4.021473e-02;3.517197e-02;7.665442e-02;2.013126e-01;4.284662e-02;2.413577e-02
7.246479e-02;3.400043e-02;5.651418e-02;1.381434e-01;1.795827e-01;5.632917e-02;8.939265e-02;3.237585e-02;1.205375e-01;1.633367e-01;3.239626e-02;2.492627e-02
1.026291e-01;5.188549e-02;8.620027e-02;1.263065e-01;1.067830e-01;5.124058e-02;1.133030e-01;2.799266e-02;1.497289e-01;1.076737e-01;4.528989e-02;3.096704e-02
8.301524e-02;9.334785e-02;1.625423e-01;5.750427e-02;7.149734e-02;4.162101e-02;1.508379e-01;4.252632e-02;9.776319e-02;1.064179e-01;5.629271e-02;3.663397e-02
6.827326e-02;1.026691e-01;2.069701e-01;3.567153e-02;6.609096e-02;4.692408e-02;1.717183e-01;5.922901e-02;6.279503e-02;8.550613e-02;5.650839e-02;3.764407e-02
8.762730e-02;7.004043e-02;2.450738e-01;5.638469e-02;4.643207e-02;6.594237e-02;1.324468e-01;6.573807e-02;6.574482e-02;6.516816e-02;7.016484e-02;2.923658e-02
1.100475e-01;5.683348e-02;3.000451e-01;4.986262e-02;5.524545e-02;7.981408e-02;1.296033e-01;4.628434e-02;5.322497e-02;5.376188e-02;5.126685e-02;1.401048e-02
1.014302e-01;4.969095e-02;2.917123e-01;4.549828e-02;6.473320e-02;7.007059e-02;1.734064e-01;3.006188e-02;4.175971e-02;6.129589e-02;4.632082e-02;2.401980e-02
7.051518e-02;5.454385e-02;2.130715e-01;5.135494e-02;8.941004e-02;6.950623e-02;2.054492e-01;2.711666e-02;4.208341e-02;8.408686e-02;5.850354e-02;3.435858e-02
1.942567e-02;5.184680e-02;1.604484e-01;4.697085e-02;1.097829e-01;5.063537e-02;2.123764e-01;3.226690e-02;5.458436e-02;1.230224e-01;9.778508e-02;4.085496e-02
2.996103e-02;3.647847e-02;1.797521e-01;5.309265e-02;8.451486e-02;5.273518e-02;1.563503e-01;3.069431e-02;8.326346e-02;1.277538e-01;1.276741e-01;3.772983e-02
4.227137e-02;4.996648e-02;8.105125e-02;6.336068e-02;6.102335e-02;5.873622e-02;1.443888e-01;5.547706e-02;1.040071e-01;1.433936e-01;1.488114e-01;4.751272e-02
5.875598e-02;6.737164e-02;8.295478e-02;3.116903e-02;6.529652e-02;6.292564e-02;9.438744e-02;5.955522e-02;1.140421e-01;1.629048e-01;1.468495e-01;5.378746e-02
7.764616e-02;6.966558e-02;1.276287e-01;2.563785e-02;7.811910e-02;5.772561e-02;9.176119e-02;4.533189e-02;1.059585e-01;1.559159e-01;1.248920e-01;3.971740e-02
5.772646e-02;5.587407e-02;1.380138e-01;3.602881e-02;9.882391e-02;5.955622e-02;9.848028e-02;5.652644e-02;9.027545e-02;1.436108e-01;1.108986e-01;5.418510e-02
7.583282e-02;6.381641e-02;8.933305e-02;5.615260e-02;9.277070e-02;8.367956e-02;8.657808e-02;6.269597e-02;1.039433e-01;1.277847e-01;8.744341e-02;6.996936e-02
6.564921e-02;7.362318e-02;1.085247e-01;7.513095e-02;8.646140e-02;6.764939e-02;1.690062e-01;4.618547e-02;7.930788e-02;9.834019e-02;6.407510e-02;6.604636e-02
6.763798e-02;5.331781e-02;1.162279e-01;8.315946e-02;6.570552e-02;8.209559e-02;1.787431e-01;6.370617e-02;6.836607e-02;8.106973e-02;5.651280e-02;8.345787e-02
9.404310e-02;7.152576e-02;1.239969e-01;8.530061e-02;9.250072e-02;1.086726e-01;4.664899e-02;6.132635e-02;8.169546e-02;8.173833e-02;5.266886e-02;9.988239e-02
9.745744e-02;7.562158e-02;1.358868e-01;6.090386e-02;7.679957e-02;7.030245e-02;1.764135e-01;4.212771e-02;7.425264e-02;8.072848e-02;4.044427e-02;6.906173e-02
