2.633691e-02;5.875510e-02;1.044762e-01;3.998128e-02;4.093603e-02;4.961750e-02;7.635821e-02;6.850840e-02;2.702398e-01;1.156617e-01;4.347849e-02;1.056504e-01
4.996539e-02;5.701944e-02;1.010915e-01;3.973852e-02;4.237918e-02;4.097865e-02;6.097725e-02;9.383252e-02;2.536065e-01;1.022285e-01;8.975209e-02;6.843054e-02
6.937400e-02;4.319652e-02;9.287066e-02;3.342011e-02;4.789922e-02;2.899481e-02;5.656317e-02;1.558891e-01;2.169578e-01;6.247252e-02;1.747682e-01;1.759390e-02
4.874505e-02;6.337361e-02;7.013604e-02;3.714784e-02;3.610150e-02;3.474218e-02;6.746301e-02;1.343566e-01;2.381755e-01;7.289338e-02;1.586196e-01;3.824571e-02
5.332711e-02;5.026659e-02;8.623572e-02;3.805293e-02;4.088807e-02;3.110545e-02;6.291063e-02;1.490748e-01;2.287361e-01;9.079986e-02;1.480152e-01;2.058756e-02
5.860901e-02;5.777840e-02;6.806501e-02;4.612388e-02;4.423714e-02;3.499768e-02;4.527315e-02;1.565307e-01;2.554849e-01;8.850951e-02;1.113728e-01;3.301779e-02
6.098031e-02;5.996498e-02;7.777839e-02;4.741438e-02;6.083023e-02;4.351327e-02;4.363285e-02;1.455553e-01;2.442513e-01;8.439346e-02;9.494124e-02;3.674432e-02
6.131493e-02;5.809801e-02;8.256176e-02;5.874708e-02;7.319476e-02;4.456491e-02;4.272662e-02;1.288729e-01;2.047454e-01;9.377871e-02;1.076846e-01;4.371025e-02
9.292847e-02;4.611406e-02;1.144966e-01;7.122102e-02;6.997482e-02;3.932121e-02;6.860621e-02;1.213093e-01;1.354971e-01;8.860292e-02;1.006028e-01;5.132546e-02
1.229802e-01;2.462993e-02;1.566119e-01;6.743442e-02;5.503957e-02;3.095226e-02;1.307620e-01;1.335672e-01;8.035114e-02;6.300200e-02;7.689979e-02;5.776951e-02
1.239413e-01;4.133362e-02;1.338140e-01;4.783985e-02;4.123829e-02;2.583819e-02;2.459223e-01;1.378258e-01;4.459398e-02;4.336149e-02;4.932799e-02;6.496320e-02
7.507002e-02;3.963882e-02;9.177948e-02;3.120658e-02;4.260658e-02;3.476826e-02;3.214341e-01;8.784825e-02;7.377762e-02;5.967769e-02;7.070468e-02;7.148788e-02
3.638694e-02;4.311732e-02;1.356774e-01;3.602899e-02;5.844413e-02;5.329309e-02;3.035363e-01;5.973771e-02;6.510086e-02;5.995105e-02;8.461614e-02;6.411008e-02
6.914702e-02;3.834698e-02;2.007679e-01;3.752652e-02;5.721783e-02;7.030901e-02;2.126359e-01;5.901691e-02;5.761277e-02;4.319301e-02;9.601063e-02;5.821553e-02
1.003398e-01;5.424162e-02;1.973011e-01;3.044900e-02;3.336085e-02;4.988202e-02;2.591385e-01;4.159178e-02;5.101267e-02;2.671116e-02;9.389966e-02;6.207186e-02
1.062038e-01;4.299010e-02;1.505144e-01;5.816808e-02;1.751788e-02;2.825460e-02;2.939817e-01;2.738173e-02;4.915339e-02;2.504561e-02;9.935895e-02;1.014297e-01
9.738876e-02;5.427382e-02;9.812433e-02;7.261279e-02;2.574386e-02;1.855546e-02;2.898957e-01;6.964882e-02;3.281956e-02;2.629655e-02;7.571492e-02;1.389254e-01
1.721909e-01;4.213388e-02;7.985999e-02;5.685059e-02;3.900088e-02;9.511323e-03;2.384844e-01;9.780754e-02;2.076556e-02;6.500440e-02;5.499024e-02;1.234003e-01
2.412131e-01;6.008640e-02;7.702984e-02;2.104144e-02;3.402028e-02;8.989276e-03;1.667938e-01;9.544718e-02;2.922691e-02;9.108669e-02;1.144800e-01;6.058504e-02
2.845779e-01;7.884740e-02;7.344475e-02;1.497898e-02;2.576104e-02;6.041192e-03;1.381307e-01;9.369153e-02;2.223986e-02;8.624507e-02;1.300649e-01;4.597666e-02
3.258971e-01;1.028158e-01;6.428574e-02;1.680005e-02;2.481877e-02;5.668082e-03;1.083686e-01;9.042152e-02;1.679305e-02;6.406301e-02;1.419390e-01;3.812939e-02
3.545528e-01;1.462156e-01;6.180490e-02;1.332274e-02;2.650308e-02;4.653878e-03;8.034894e-02;8.266024e-02;1.561437e-02;3.432838e-02;1.578272e-01;2.216776e-02
3.387820e-01;1.812887e-01;8.034861e-02;1.121513e-02;3.002897e-02;8.491584e-03;6.111282e-02;7.320659e-02;2.115958e-02;1.715368e-02;1.490471e-01;2.816513e-02
3.127667e-01;2.003631e-01;9.490144e-02;1.259810e-02;4.226036e-02;1.960287e-02;5.078743e-02;7.558753e-02;3.163282e-02;9.388682e-03;1.330472e-01;1.706382e-02
3.163445e-01;1.845220e-01;9.058913e-02;1.345457e-02;6.010668e-02;2.769526e-02;4.380192e-02;8.666914e-02;3.132552e-02;7.581055e-03;1.189766e-01;1.893368e-02
3.275798e-01;1.310812e-01;1.075475e-01;2.116184e-02;7.786950e-02;2.339120e-02;5.052137e-02;9.584831e-02;1.821560e-02;1.472823e-02;1.070518e-01;2.500350e-02
3.131558e-01;1.072820e-01;1.381146e-01;2.300934e-02;8.990640e-02;2.846486e-02;4.596730e-02;9.438784e-02;3.222125e-02;7.105306e-03;9.600677e-02;2.437852e-02
2.777950e-01;9.781374e-02;1.762352e-01;3.399576e-02;9.557576e-02;2.965920e-02;4.514778e-02;8.545212e-02;2.904667e-02;2.004752e-02;9.158625e-02;1.764503e-02
2.309701e-01;7.356415e-02;1.965304e-01;7.344722e-02;9.578548e-02;2.613912e-02;5.269918e-02;7.081329e-02;2.209418e-02;2.425897e-02;1.081612e-01;2.553677e-02
1.578248e-01;1.126001e-01;1.679130e-01;1.325452e-01;7.852149e-02;7.083429e-02;2.962844e-02;4.698537e-02;4.581220e-02;1.649238e-02;1.064575e-01;3.438521e-02
9.359653e-02;1.416588e-01;1.201226e-01;1.578477e-01;7.084002e-02;1.277457e-01;2.132009e-02;3.696693e-02;8.003682e-02;1.789431e-02;7.065461e-02;6.131584e-02
5.218928e-02;1.329416e-01;1.399041e-01;1.147240e-01;6.123873e-02;1.567375e-01;6.367588e-02;3.683530e-02;7.982358e-02;3.556626e-02;3.447355e-02;9.189018e-02
3.892929e-02;9.473407e-02;2.468467e-01;4.985366e-02;6.855839e-02;1.354803e-01;1.302500e-01;2.541152e-02;3.497561e-02;7.365284e-02;2.571421e-02;7.559352e-02
6.177335e-02;5.949543e-02;3.174965e-01;3.841247e-02;5.601028e-02;7.354619e-02;1.535068e-01;3.333219e-02;2.577220e-02;9.179711e-02;5.988074e-02;2.897668e-02
6.433157e-02;3.407073e-02;3.107739e-01;9.107350e-02;3.512118e-02;3.137260e-02;1.245028e-01;8.887766e-02;2.393544e-02;7.277100e-02;1.017448e-01;2.142480e-02
3.693470e-02;4.881132e-02;2.240397e-01;1.483621e-01;4.622302e-02;2.337698e-02;7.703888e-02;1.556708e-01;2.667497e-02;4.278696e-02;1.393244e-01;3.075611e-02
2.504422e-02;7.037173e-02;1.600510e-01;1.626304e-01;6.501001e-02;2.502985e-02;5.497179e-02;1.803010e-01;4.658742e-02;2.662092e-02;1.289610e-01;5.442059e-02
5.644805e-02;6.878401e-02;1.812756e-01;1.170423e-01;7.238951e-02;3.528030e-02;5.954121e-02;1.284718e-01;7.164139e-02;4.576940e-02;8.420617e-02;7.915030e-02
8.512411e-02;7.096174e-02;2.325591e-01;8.637106e-02;5.123755e-02;5.377525e-02;1.154184e-01;7.738580e-02;5.193406e-02;4.055028e-02;6.085288e-02;7.382983e-02
1.324132e-01;8.583786e-02;1.948015e-01;5.393579e-02;4.713295e-02;9.074619e-02;1.615172e-01;4.995131e-02;4.791304e-02;4.630646e-02;4.932928e-02;4.011521e-02
1.410055e-01;1.342649e-01;1.092709e-01;3.677694e-02;4.088557e-02;7.912875e-02;2.355241e-01;3.206263e-02;4.316638e-02;7.406047e-02;5.428087e-02;1.957303e-02
9.911372e-02;1.508460e-01;7.051990e-02;2.082484e-02;3.753985e-02;5.976069e-02;2.990329e-01;4.434550e-02;4.454150e-02;6.173214e-02;1.006826e-01;1.106027e-02
6.137661e-02;1.302182e-01;8.335708e-02;2.194885e-02;3.499596e-02;3.454212e-02;2.880491e-01;9.238190e-02;4.252869e-02;4.240318e-02;1.267945e-01;4.140379e-02
2.954421e-02;8.402648e-02;1.899218e-01;2.557249e-02;2.810304e-02;1.578304e-02;2.165268e-01;1.690911e-01;3.935605e-02;3.301410e-02;8.701296e-02;8.204793e-02
1.458512e-02;4.012552e-02;2.621672e-01;3.616066e-02;1.665101e-02;1.700648e-02;1.406849e-01;2.079988e-01;8.522841e-02;3.738622e-02;3.047451e-02;1.115312e-01
1.065969e-02;1.553122e-02;2.715336e-01;4.047530e-02;1.160386e-02;1.849868e-02;1.494883e-01;2.191928e-01;9.723222e-02;3.810577e-02;9.975093e-03;1.177035e-01
1.619518e-02;3.556993e-02;2.434531e-01;3.283093e-02;1.291644e-02;1.305841e-02;1.780717e-01;2.071280e-01;7.930280e-02;4.191210e-02;3.400576e-02;1.055558e-01
2.319887e-02;5.867833e-02;1.914887e-01;3.073852e-02;2.064145e-02;1.946829e-02;2.536742e-01;1.403537e-01;6.222473e-02;4.361235e-02;7.985685e-02;7.606396e-02
2.301692e-02;6.979339e-02;1.192318e-01;3.289469e-02;3.227881e-02;3.121774e-02;3.629768e-01;4.768184e-02;6.698216e-02;5.169252e-02;1.275801e-01;3.465324e-02
3.517492e-02;4.861757e-02;6.885133e-02;2.861958e-02;3.854796e-02;2.548175e-02;3.329515e-01;1.418703e-01;6.161132e-02;3.946803e-02;8.979651e-02;8.900929e-02
5.769376e-02;4.129173e-02;1.210016e-01;3.027837e-02;4.637127e-02;2.515705e-02;2.464063e-01;1.438939e-01;8.025334e-02;4.821376e-02;5.720541e-02;1.022335e-01
7.118212e-02;4.132845e-02;2.032213e-01;3.991466e-02;4.348122e-02;3.470384e-02;1.469388e-01;1.160680e-01;8.655195e-02;4.436740e-02;1.307486e-01;4.149370e-02
4.775103e-02;5.265756e-02;2.221030e-01;4.743411e-02;6.322776e-02;2.783836e-02;8.521801e-02;1.397154e-01;8.672290e-02;4.529063e-02;1.089784e-01;7.306278e-02
7.897355e-02;7.457950e-02;1.425115e-01;5.082325e-02;6.891948e-02;4.760025e-02;1.384452e-01;1.249459e-01;9.865168e-02;6.195641e-02;5.102983e-02;6.156346e-02
8.758581e-02;9.778605e-02;1.296885e-01;5.663020e-02;6.155408e-02;4.134095e-02;1.627893e-01;1.299795e-01;6.036696e-02;5.234750e-02;5.784212e-02;6.208907e-02
9.165431e-02;8.202333e-02;1.329855e-01;4.163389e-02;5.498463e-02;4.553161e-02;1.564738e-01;1.176250e-01;5.204385e-02;5.107560e-02;9.668349e-02;7.728489e-02
9.486461e-02;1.143045e-01;1.093371e-01;3.989958e-02;4.330377e-02;4.565288e-02;1.160896e-01;7.508381e-02;8.698703e-02;5.345157e-02;1.073848e-01;1.136406e-01
7.964283e-02;1.497930e-01;1.142394e-01;3.834597e-02;4.024125e-02;3.931010e-02;1.097826e-01;4.602135e-02;9.426699e-02;8.020560e-02;1.012173e-01;1.069336e-01
7.567231e-02;1.080652e-01;1.655384e-01;3.412578e-02;5.441765e-02;4.777228e-02;1.126218e-01;4.834952e-02;8.325011e-02;9.827458e-02;6.074607e-02;1.111664e-01
9.113059e-02;7.723212e-02;1.523282e-01;5.489587e-02;5.748576e-02;6.504433e-02;1.054264e-01;5.616090e-02;7.193842e-02;9.983953e-02;2.941878e-02;1.390992e-01
1.428088e-01;4.871897e-02;1.216648e-01;4.958938e-02;4.150753e-02;5.857896e-02;9.246437e-02;6.086245e-02;1.347352e-01;7.604087e-02;6.377579e-02;1.092529e-01
1.943200e-01;6.215044e-02;1.478987e-01;5.579878e-02;4.302838e-02;5.401419e-02;8.417663e-02;3.471898e-02;1.062002e-01;7.550857e-02;7.594813e-02;6.623693e-02
1.404930e-01;5.186455e-02;1.442617e-01;6.315961e-02;4.847429e-02;5.992633e-02;1.376231e-01;6.815495e-02;5.139861e-02;6.485285e-02;8.300927e-02;8.678170e-02
7.293394e-02;7.687875e-02;1.126706e-01;4.864300e-02;4.244515e-02;6.890395e-02;1.266318e-01;8.629910e-02;1.244238e-01;6.736611e-02;8.044413e-02;9.235961e-02
7.628456e-02;1.154636e-01;1.003161e-01;3.894581e-02;4.862163e-02;5.971314e-02;7.123113e-02;5.378441e-02;1.476715e-01;9.157369e-02;8.831187e-02;1.080826e-01
6.507121e-02;8.872075e-02;1.285999e-01;3.758225e-02;4.245734e-02;4.843411e-02;5.425754e-02;5.890730e-02;1.457548e-01;9.524693e-02;1.047181e-01;1.302498e-01
1.103047e-01;6.739369e-02;1.270330e-01;5.659714e-02;6.398050e-02;3.474463e-02;5.577551e-02;7.502406e-02;1.383121e-01;6.481715e-02;9.997920e-02;1.060383e-01
1.647421e-01;6.349973e-02;1.394823e-01;5.893431e-02;8.027052e-02;4.445643e-02;3.293476e-02;8.395854e-02;1.112473e-01;5.063562e-02;1.042814e-01;6.555702e-02
1.627047e-01;5.778680e-02;1.050334e-01;3.441532e-02;7.000277e-02;5.969633e-02;7.564334e-02;9.451573e-02;9.354252e-02;8.927030e-02;1.191520e-01;3.823676e-02
1.347588e-01;7.166898e-02;8.674980e-02;3.160214e-02;4.854605e-02;5.646767e-02;9.351379e-02;1.164390e-01;6.152735e-02;1.020407e-01;1.286004e-01;6.808536e-02
9.101761e-02;6.009682e-02;1.081517e-01;4.009017e-02;5.514254e-02;3.213039e-02;1.187358e-01;1.439677e-01;8.879003e-02;1.047144e-01;1.170273e-01;4.013548e-02
7.755095e-02;7.573532e-02;1.407975e-01;7.162966e-02;5.840584e-02;2.429477e-02;1.190395e-01;1.264732e-01;7.323262e-02;8.832315e-02;9.739149e-02;4.712607e-02
4.325706e-02;9.031533e-02;1.650356e-01;1.107218e-01;6.459706e-02;4.831889e-02;1.132792e-01;1.118404e-01;6.468996e-02;8.262687e-02;5.006032e-02;5.525751e-02
7.431699e-02;6.326573e-02;1.459760e-01;1.103855e-01;7.659451e-02;5.137515e-02;7.276846e-02;8.968144e-02;9.630878e-02;9.344321e-02;6.199227e-02;6.389194e-02
1.228991e-01;7.562083e-02;1.412703e-01;9.490372e-02;7.011555e-02;5.293511e-02;5.338147e-02;8.871821e-02;1.029840e-01;4.687458e-02;6.962524e-02;8.067185e-02
1.294736e-01;1.184916e-01;9.896848e-02;1.073571e-01;5.950830e-02;4.167190e-02;4.540197e-02;8.931958e-02;7.377966e-02;6.186236e-02;6.811866e-02;1.060469e-01
8.907603e-02;1.377273e-01;9.326605e-02;1.223639e-01;6.401780e-02;3.950129e-02;9.106223e-02;5.743545e-02;8.888391e-02;8.548159e-02;3.489371e-02;9.629072e-02
8.650292e-02;1.120885e-01;1.538239e-01;1.180946e-01;5.930350e-02;5.232995e-02;1.332304e-01;2.460367e-02;7.411227e-02;5.685325e-02;6.003759e-02;6.901938e-02
8.821301e-02;6.073593e-02;1.818703e-01;1.023315e-01;7.089674e-02;4.329665e-02;1.274463e-01;4.826222e-02;5.345106e-02;5.894067e-02;9.642373e-02;6.813191e-02
9.753478e-02;4.727512e-02;1.430975e-01;7.686444e-02;7.182142e-02;2.738621e-02;1.213420e-01;4.826112e-02;9.165528e-02;6.818499e-02;1.323880e-01;7.418917e-02
1.144823e-01;1.089092e-01;1.120839e-01;3.401752e-02;5.329806e-02;3.895566e-02;7.240719e-02;4.736733e-02;1.145666e-01;7.071587e-02;1.333785e-01;9.981804e-02
1.131009e-01;1.252813e-01;1.289837e-01;3.805542e-02;4.284560e-02;4.006656e-02;1.252550e-01;6.852619e-02;6.913203e-02;4.920781e-02;6.648074e-02;1.330647e-01
1.032584e-01;8.273490e-02;1.846547e-01;3.344177e-02;3.547848e-02;2.488517e-02;1.573555e-01;6.335986e-02;4.522188e-02;1.000328e-01;8.352035e-02;8.605621e-02
8.310322e-02;3.875420e-02;2.558937e-01;3.288988e-02;2.586049e-02;2.145830e-02;1.447959e-01;4.394892e-02;2.364313e-02;1.812981e-01;1.114014e-01;3.695274e-02
4.422628e-02;2.669838e-02;2.921306e-01;2.563027e-02;1.827158e-02;2.609853e-02;1.176711e-01;2.312858e-02;8.952858e-02;2.428374e-01;6.485263e-02;2.892596e-02
2.452370e-02;4.050766e-02;3.163477e-01;1.671698e-02;1.129445e-02;3.536749e-02;1.068577e-01;1.345169e-02;1.405128e-01;2.511736e-01;2.538176e-02;1.786437e-02
1.190504e-02;4.226589e-02;3.376970e-01;1.715521e-02;1.511667e-02;4.050509e-02;1.046701e-01;1.526547e-02;1.521695e-01;2.266770e-01;2.636540e-02;1.020758e-02
1.581379e-02;5.138815e-02;3.425795e-01;1.650170e-02;1.342137e-02;4.738030e-02;1.011313e-01;2.120721e-02;1.625827e-01;1.902145e-01;2.179015e-02;1.598943e-02
8.437037e-03;5.972598e-02;3.761082e-01;1.915240e-02;1.542393e-02;6.488147e-02;9.117138e-02;3.227250e-02;1.431525e-01;1.557364e-01;1.645740e-02;1.748080e-02
3.251194e-02;8.525383e-02;3.872384e-01;1.846963e-02;1.897382e-02;8.515294e-02;8.308979e-02;2.981683e-02;1.170395e-01;1.060679e-01;1.897561e-02;1.740980e-02
5.620690e-02;1.043445e-01;3.494500e-01;1.727781e-02;2.859725e-02;1.022734e-01;7.829366e-02;2.689603e-02;1.453174e-01;5.833097e-02;2.003257e-02;1.297951e-02
9.224222e-02;9.300052e-02;2.865457e-01;1.990265e-02;3.691977e-02;1.041306e-01;1.171806e-01;2.133805e-02;1.353885e-01;5.272234e-02;2.152759e-02;1.910143e-02
8.146854e-02;6.426183e-02;2.363339e-01;2.184284e-02;4.620622e-02;9.429256e-02;1.862625e-01;2.874280e-02;1.329531e-01;5.635315e-02;3.324703e-02;1.803557e-02
3.518763e-02;3.335010e-02;2.672851e-01;2.574676e-02;5.884143e-02;7.977400e-02;1.994709e-01;2.035219e-02;1.566890e-01;8.034466e-02;2.892440e-02;1.403379e-02
2.713807e-02;5.699187e-02;2.815202e-01;4.467397e-02;6.278349e-02;5.641922e-02;1.466737e-01;3.816672e-02;1.554662e-01;7.550953e-02;2.621220e-02;2.844486e-02
5.427141e-02;7.914904e-02;2.609506e-01;4.242982e-02;5.495294e-02;5.229047e-02;9.557020e-02;5.080989e-02;1.405889e-01;7.374863e-02;4.285070e-02;5.238741e-02
4.350964e-02;8.980870e-02;2.357644e-01;4.685150e-02;5.537613e-02;4.533360e-02;5.837249e-02;8.138561e-02;1.731240e-01;1.030615e-01;2.615210e-02;4.126026e-02
6.209469e-02;8.217628e-02;1.671310e-01;6.477064e-02;5.386438e-02;4.018604e-02;8.788680e-02;9.316944e-02;1.710211e-01;1.080899e-01;4.746303e-02;2.214674e-02
8.507816e-02;6.482228e-02;9.438867e-02;6.739400e-02;6.066350e-02;6.559917e-02;8.724979e-02;8.720431e-02;1.428074e-01;9.965269e-02;8.229509e-02;6.284493e-02
7.640990e-02;6.874509e-02;1.456718e-01;5.634405e-02;6.683184e-02;7.648137e-02;8.392220e-02;8.543684e-02;9.990640e-02;1.042512e-01;6.442899e-02;7.157034e-02
6.901389e-02;9.695374e-02;1.400870e-01;3.712643e-02;6.257868e-02;6.653378e-02;8.946425e-02;9.184760e-02;1.183468e-01;1.143298e-01;5.971730e-02;5.400069e-02
1.046782e-01;5.875557e-02;1.524750e-01;4.550960e-02;8.617313e-02;5.806172e-02;1.220870e-01;9.577853e-02;8.195193e-02;7.230977e-02;8.833756e-02;3.388201e-02
1.090587e-01;9.076834e-02;1.567714e-01;6.571677e-02;5.116518e-02;3.704526e-02;1.371448e-01;7.001820e-02;7.089568e-02;7.553244e-02;8.294368e-02;5.293950e-02
1.071075e-01;1.006232e-01;1.517623e-01;7.737560e-02;5.193236e-02;3.075039e-02;1.232772e-01;6.319802e-02;8.734082e-02;6.563359e-02;7.825264e-02;6.274634e-02
8.780327e-02;8.970933e-02;1.787981e-01;8.012890e-02;5.221092e-02;2.495972e-02;9.892457e-02;8.029761e-02;1.336715e-01;5.612552e-02;6.509626e-02;5.227433e-02
4.568339e-02;6.468003e-02;1.567101e-01;4.670186e-02;4.081753e-02;2.916965e-02;1.160538e-01;6.011686e-02;1.582327e-01;1.275211e-01;1.010139e-01;5.329916e-02
5.650752e-02;6.037912e-02;1.280792e-01;3.654919e-02;3.863814e-02;2.734879e-02;1.045477e-01;7.449099e-02;1.339315e-01;1.049250e-01;1.468664e-01;8.773647e-02
5.956531e-02;6.033210e-02;1.168128e-01;4.289320e-02;3.426574e-02;2.273316e-02;7.286690e-02;9.540261e-02;9.422909e-02;6.168339e-02;2.132051e-01;1.260107e-01
6.915698e-02;9.514731e-02;1.691416e-01;5.263528e-02;2.742579e-02;1.432000e-02;5.110221e-02;8.231672e-02;4.644314e-02;6.246926e-02;2.238260e-01;1.060157e-01
8.304993e-02;1.549784e-01;1.764244e-01;6.893633e-02;4.447910e-02;1.483586e-02;4.191388e-02;7.775895e-02;3.408875e-02;5.274739e-02;1.788569e-01;7.193015e-02
9.907772e-02;1.590756e-01;1.486109e-01;7.119552e-02;9.759747e-02;1.652989e-02;2.369571e-02;7.977825e-02;6.479532e-02;2.623028e-02;1.253225e-01;8.809076e-02
1.439900e-01;1.016545e-01;8.876867e-02;4.573059e-02;1.585188e-01;2.771430e-02;2.082299e-02;6.154430e-02;1.113994e-01;1.763789e-02;6.653726e-02;1.556812e-01
1.672632e-01;5.284679e-02;7.552531e-02;3.316911e-02;1.629699e-01;3.803741e-02;3.350419e-02;4.886242e-02;1.390765e-01;1.100650e-02;5.048903e-02;1.872496e-01
1.992835e-01;2.934676e-02;8.012564e-02;2.742559e-02;1.378903e-01;4.404281e-02;5.268414e-02;3.825090e-02;1.577011e-01;7.444105e-03;4.567510e-02;1.801300e-01
2.236676e-01;6.442431e-02;1.074266e-01;2.345829e-02;9.806661e-02;4.762130e-02;8.974075e-02;1.650500e-02;1.346289e-01;2.421817e-02;4.072531e-02;1.295171e-01
1.810381e-01;1.051987e-01;1.097827e-01;3.013263e-02;8.002885e-02;5.089098e-02;1.448353e-01;3.713148e-02;9.569046e-02;3.678023e-02;4.151475e-02;8.697581e-02
2.216598e-01;3.428920e-02;1.599450e-01;5.177150e-02;8.141034e-02;5.168586e-02;1.144803e-01;6.171842e-02;6.897255e-02;3.610483e-02;4.577149e-02;7.219075e-02
2.598617e-01;7.826111e-02;1.593658e-01;3.319870e-02;6.817804e-02;6.845082e-02;5.903517e-02;4.786388e-02;7.888431e-02;5.145719e-02;3.975783e-02;5.568538e-02
2.739347e-01;8.777153e-02;1.331267e-01;2.075890e-02;7.746583e-02;8.957784e-02;5.542443e-02;2.892252e-02;9.290165e-02;4.434152e-02;3.808965e-02;5.768476e-02
2.375012e-01;4.677364e-02;1.192828e-01;2.695656e-02;1.068144e-01;1.069370e-01;5.006822e-02;2.041080e-02;1.247493e-01;2.469301e-02;5.944924e-02;7.636391e-02
2.069948e-01;2.742211e-02;1.084918e-01;1.957445e-02;1.195478e-01;1.076727e-01;5.620315e-02;1.024332e-02;1.396952e-01;3.500886e-02;8.029886e-02;8.884701e-02
1.894542e-01;4.694840e-02;1.121166e-01;2.777052e-02;1.080126e-01;9.434453e-02;5.611078e-02;1.155336e-02;1.339459e-01;3.729860e-02;9.357561e-02;8.886896e-02
1.618433e-01;3.853678e-02;1.497845e-01;2.709746e-02;1.127957e-01;9.614357e-02;4.301821e-02;5.760352e-03;1.399918e-01;4.316444e-02;1.045160e-01;7.734796e-02
1.309515e-01;3.127568e-02;1.696276e-01;3.896898e-02;1.027134e-01;9.218549e-02;4.553834e-02;1.908453e-02;1.337619e-01;8.105625e-02;9.000465e-02;6.483159e-02
1.151224e-01;6.352113e-02;9.981715e-02;5.169417e-02;9.047884e-02;9.106296e-02;5.413378e-02;2.951527e-02;1.292056e-01;1.285358e-01;5.926493e-02;8.764795e-02
9.843890e-02;4.272240e-02;9.540261e-02;2.842951e-02;1.165810e-01;1.133607e-01;6.465296e-02;2.863907e-02;1.429503e-01;1.256534e-01;3.943156e-02;1.037375e-01
8.125853e-02;4.846628e-02;1.217938e-01;4.210654e-02;1.158187e-01;1.226633e-01;7.006396e-02;4.373702e-02;1.614763e-01;7.522810e-02;4.818253e-02;6.920499e-02
6.076540e-02;6.640144e-02;9.466471e-02;5.905686e-02;8.185082e-02;1.027166e-01;7.984784e-02;1.033543e-01;8.965056e-02;1.160953e-01;5.482490e-02;9.077129e-02
1.152342e-01;5.976208e-02;1.545803e-01;6.487477e-02;6.070546e-02;3.571583e-02;1.244001e-01;4.075851e-02;1.183626e-01;6.332937e-02;7.916897e-02;8.310787e-02
1.150689e-01;7.831856e-02;1.575307e-01;6.460555e-02;5.304303e-02;4.209725e-02;9.306920e-02;4.781741e-02;1.009893e-01;5.394701e-02;1.007581e-01;9.275515e-02
8.479281e-02;1.145316e-01;2.335253e-01;4.504652e-02;5.257196e-02;6.222197e-02;7.028846e-02;3.085943e-02;4.749535e-02;5.882203e-02;9.055707e-02;1.092874e-01
1.466472e-01;9.881137e-02;1.764974e-01;3.868427e-02;4.942625e-02;5.758571e-02;9.489650e-02;2.625569e-02;6.124064e-02;8.284271e-02;8.632530e-02;8.078698e-02
1.732797e-01;1.010972e-01;1.432351e-01;3.621298e-02;5.700686e-02;6.188886e-02;8.760149e-02;2.460041e-02;7.483882e-02;7.866422e-02;9.128398e-02;7.029046e-02
1.529203e-01;8.430644e-02;1.341289e-01;4.834161e-02;8.269798e-02;6.646983e-02;6.705160e-02;3.469119e-02;8.725397e-02;5.641982e-02;9.168336e-02;9.403497e-02
8.879562e-02;5.954066e-02;1.701468e-01;8.003458e-02;9.975135e-02;5.687698e-02;3.054793e-02;7.550532e-02;8.060013e-02;3.563157e-02;1.239471e-01;9.862190e-02
3.725624e-02;5.512930e-02;2.723088e-01;1.169356e-01;7.416947e-02;3.551155e-02;2.732115e-02;1.026501e-01;4.553131e-02;3.394649e-02;1.565543e-01;4.268565e-02
3.081613e-02;3.848479e-02;4.043405e-01;1.083475e-01;4.873950e-02;2.297878e-02;5.924702e-02;6.967591e-02;3.686171e-02;3.394781e-02;1.182430e-01;2.831723e-02
5.019224e-02;2.078089e-02;4.927779e-01;6.682570e-02;3.781582e-02;2.950018e-02;1.066875e-01;1.903215e-02;4.494116e-02;4.106231e-02;5.213456e-02;3.824955e-02
5.344298e-02;2.478724e-02;5.510473e-01;5.521747e-02;5.653166e-02;2.691683e-02;7.217583e-02;2.662434e-02;1.753673e-02;4.707332e-02;4.470176e-02;2.394454e-02
5.230967e-02;2.855164e-02;6.088180e-01;5.686658e-02;5.259033e-02;1.640922e-02;4.799948e-02;1.607060e-02;1.069151e-02;6.535336e-02;3.015215e-02;1.418748e-02
3.495205e-02;2.927310e-02;6.420633e-01;5.157910e-02;5.265088e-02;1.275787e-02;4.870553e-02;5.849188e-03;1.218996e-02;7.437385e-02;2.797636e-02;7.628856e-03
1.507122e-02;3.744819e-02;6.566035e-01;4.959969e-02;5.337036e-02;1.654107e-02;4.012423e-02;7.147133e-03;1.317991e-02;7.503974e-02;2.415602e-02;1.171890e-02
1.559491e-02;4.731413e-02;6.670836e-01;4.732592e-02;4.077679e-02;1.576822e-02;3.323045e-02;9.750471e-03;1.697006e-02;6.814809e-02;2.596815e-02;1.206923e-02
9.549829e-03;4.448985e-02;6.802605e-01;4.413451e-02;3.258043e-02;1.566565e-02;3.131689e-02;9.785746e-03;2.168898e-02;6.376821e-02;2.797530e-02;1.878410e-02
1.454045e-02;5.157741e-02;6.563301e-01;4.255799e-02;3.681587e-02;2.115596e-02;3.432691e-02;1.096627e-02;2.611357e-02;6.006120e-02;2.541054e-02;2.014373e-02
1.851817e-02;6.300581e-02;6.332198e-01;3.866125e-02;2.600123e-02;1.898270e-02;3.781550e-02;1.608790e-02;3.485898e-02;5.520396e-02;2.595020e-02;3.169454e-02
1.354561e-02;7.045069e-02;6.321881e-01;3.489280e-02;1.966549e-02;2.243848e-02;2.814597e-02;1.961819e-02;3.948285e-02;5.883622e-02;2.203614e-02;3.869950e-02
1.797815e-02;8.213302e-02;5.895554e-01;3.992770e-02;2.148661e-02;3.339858e-02;3.142052e-02;2.014855e-02;4.936805e-02;5.646254e-02;1.730453e-02;4.081628e-02
2.188100e-02;9.952316e-02;5.473213e-01;3.926923e-02;2.546534e-02;3.665492e-02;4.279779e-02;2.486078e-02;6.604338e-02;4.605113e-02;1.363152e-02;3.650046e-02
4.703702e-02;9.922147e-02;4.848095e-01;3.367634e-02;2.478967e-02;3.523824e-02;7.197969e-02;4.304883e-02;7.425909e-02;3.752114e-02;2.258856e-02;2.583045e-02
8.759938e-02;8.456805e-02;4.111887e-01;2.784208e-02;2.668646e-02;2.651716e-02;1.066562e-01;6.054855e-02;6.582443e-02;3.371317e-02;4.182607e-02;2.702975e-02
1.430581e-01;8.431686e-02;3.011976e-01;2.405173e-02;3.230279e-02;2.019953e-02;1.541577e-01;7.331732e-02;4.823589e-02;3.372917e-02;4.747517e-02;3.795811e-02
1.877299e-01;1.084282e-01;2.000767e-01;2.195046e-02;3.788460e-02;1.950800e-02;1.672005e-01;8.987891e-02;4.715301e-02;2.752559e-02;4.514997e-02;4.751428e-02
2.008133e-01;9.765845e-02;1.546237e-01;1.821922e-02;4.592438e-02;2.556755e-02;1.722371e-01;9.061687e-02;4.202460e-02;2.865003e-02;6.636845e-02;5.729631e-02
1.488958e-01;8.924435e-02;1.296107e-01;3.226686e-02;5.202688e-02;3.396258e-02;1.851123e-01;9.495164e-02;3.708616e-02;6.205160e-02;7.598096e-02;5.881020e-02
6.983104e-02;8.783926e-02;2.724298e-01;4.452343e-02;6.006915e-02;4.180695e-02;1.087110e-01;9.830607e-02;3.943652e-02;7.698362e-02;5.369892e-02;4.636424e-02
7.596656e-02;7.120122e-02;3.515342e-01;5.216770e-02;5.405260e-02;4.024143e-02;4.944616e-02;9.075791e-02;4.883948e-02;6.871795e-02;2.888324e-02;6.819154e-02
9.359070e-02;5.590181e-02;3.813133e-01;5.594601e-02;5.272758e-02;2.915471e-02;5.304103e-02;4.922707e-02;7.870074e-02;4.119632e-02;6.468407e-02;4.451666e-02
7.394385e-02;3.879540e-02;4.042467e-01;7.349847e-02;5.295521e-02;1.737274e-02;4.486674e-02;4.931738e-02;6.959601e-02;5.119992e-02;8.578641e-02;3.842111e-02
4.949920e-02;2.193325e-02;3.732585e-01;9.012441e-02;8.496629e-02;3.194837e-02;6.980482e-02;5.898083e-02;2.954945e-02;6.036189e-02;7.584704e-02;5.372595e-02
3.738958e-02;2.919206e-02;3.734367e-01;8.878415e-02;1.132050e-01;4.087937e-02;6.647065e-02;2.617303e-02;3.647333e-02;6.158600e-02;6.268900e-02;6.372108e-02
4.415693e-02;4.075497e-02;3.437259e-01;9.145746e-02;1.091542e-01;3.394144e-02;7.047737e-02;4.698284e-02;3.954653e-02;5.270822e-02;7.330345e-02;5.379060e-02
5.956784e-02;4.975374e-02;2.605350e-01;9.881852e-02;1.179446e-01;3.214387e-02;7.045526e-02;5.132596e-02;3.377211e-02;6.141841e-02;1.077837e-01;5.648087e-02
5.223849e-02;6.453895e-02;2.345652e-01;8.846622e-02;1.186855e-01;3.492895e-02;8.126847e-02;5.437734e-02;2.701135e-02;6.268359e-02;1.262108e-01;5.502507e-02
4.432434e-02;7.711009e-02;2.013977e-01;8.323110e-02;1.207309e-01;3.792636e-02;7.569810e-02;8.212598e-02;2.767392e-02;2.647725e-02;1.409933e-01;8.231095e-02
5.462927e-02;1.050322e-01;2.191757e-01;6.458835e-02;1.048829e-01;4.896382e-02;4.616550e-02;8.565010e-02;2.934253e-02;5.084040e-02;1.076184e-01;8.311069e-02
6.596889e-02;9.008092e-02;3.110905e-01;4.966574e-02;6.742419e-02;4.200619e-02;8.849357e-02;5.160597e-02;4.238688e-02;6.200081e-02;7.129937e-02;5.797696e-02
3.208092e-02;7.515668e-02;4.152934e-01;3.895420e-02;4.014090e-02;4.209402e-02;8.313232e-02;3.948803e-02;4.037376e-02;8.700482e-02;6.087102e-02;4.541000e-02
2.050382e-02;5.488018e-02;4.551618e-01;4.571455e-02;3.278799e-02;4.153708e-02;8.451921e-02;3.214080e-02;3.823802e-02;1.095374e-01;4.735193e-02;3.762722e-02
2.823726e-02;4.484254e-02;4.619995e-01;5.277044e-02;5.204381e-02;4.065489e-02;8.249000e-02;2.304667e-02;1.677553e-02;1.237573e-01;5.014908e-02;2.323299e-02
4.539901e-02;5.337349e-02;4.271353e-01;5.166656e-02;4.961368e-02;3.243143e-02;9.594243e-02;2.200087e-02;2.030547e-02;1.187923e-01;6.702138e-02;1.631813e-02
6.076265e-02;3.547697e-02;3.669158e-01;5.888226e-02;5.388239e-02;2.581930e-02;8.952596e-02;5.470245e-02;2.664988e-02;8.929444e-02;1.015955e-01;3.649234e-02
9.318127e-02;5.949539e-02;2.338409e-01;6.838439e-02;8.142366e-02;3.169349e-02;6.932653e-02;8.241551e-02;4.073864e-02;5.221135e-02;1.181672e-01;6.912162e-02
1.672172e-01;7.514360e-02;1.420411e-01;4.855261e-02;1.020207e-01;3.859114e-02;4.405333e-02;6.792949e-02;7.629810e-02;3.090933e-02;8.741304e-02;1.198304e-01
2.091414e-01;4.316690e-02;1.139223e-01;3.312669e-02;1.096308e-01;4.244926e-02;4.788452e-02;4.774693e-02;1.073687e-01;1.965631e-02;5.725442e-02;1.686518e-01
2.193908e-01;3.716426e-02;1.008931e-01;2.990945e-02;1.022283e-01;4.484155e-02;6.472627e-02;3.693093e-02;1.149079e-01;1.914960e-02;4.116658e-02;1.886913e-01
2.085900e-01;4.181579e-02;1.192817e-01;2.848469e-02;8.852658e-02;4.017444e-02;8.115514e-02;4.223198e-02;9.626240e-02;3.049644e-02;5.487267e-02;1.681082e-01
1.744126e-01;5.697558e-02;1.663353e-01;3.140322e-02;7.001440e-02;3.925749e-02;1.084495e-01;5.308355e-02;6.773679e-02;4.671694e-02;5.943663e-02;1.261781e-01
1.075950e-01;7.947443e-02;1.917428e-01;4.121610e-02;6.363818e-02;3.388072e-02;1.493427e-01;6.926022e-02;2.708535e-02;6.575891e-02;7.257351e-02;9.843204e-02
9.044345e-02;6.530689e-02;1.351343e-01;5.279767e-02;7.068456e-02;2.888591e-02;1.716713e-01;8.199945e-02;6.566118e-02;6.391847e-02;3.989072e-02;1.336061e-01
9.726571e-02;6.588980e-02;1.524624e-01;4.277200e-02;1.202354e-01;4.677594e-02;1.095805e-01;9.640021e-02;7.238309e-02;5.564724e-02;5.811253e-02;8.247520e-02
1.146929e-01;5.830983e-02;1.453680e-01;3.925653e-02;1.095606e-01;7.221070e-02;1.221158e-01;6.713379e-02;8.919626e-02;6.469920e-02;6.007363e-02;5.738273e-02
1.109251e-01;4.498057e-02;1.222868e-01;5.100282e-02;1.112603e-01;8.810729e-02;1.288969e-01;4.595007e-02;1.021096e-01;5.892172e-02;6.272437e-02;7.283454e-02
9.823473e-02;4.698130e-02;1.288136e-01;6.868590e-02;9.400954e-02;5.991452e-02;1.140416e-01;7.939262e-02;1.172567e-01;5.494997e-02;8.195574e-02;5.576381e-02
9.799547e-02;7.184367e-02;9.940198e-02;5.135138e-02;4.487442e-02;4.076177e-02;9.473051e-02;8.833034e-02;9.684113e-02;9.266617e-02;1.185321e-01;1.026711e-01
9.675066e-02;8.162776e-02;1.007214e-01;5.090884e-02;3.452900e-02;3.662885e-02;9.963553e-02;7.836429e-02;9.696651e-02;9.813869e-02;1.202338e-01;1.054946e-01
8.781262e-02;8.946653e-02;9.975712e-02;5.985500e-02;3.129525e-02;4.555051e-02;8.764061e-02;8.859013e-02;9.140225e-02;9.294967e-02;1.265490e-01;9.913132e-02
4.903217e-02;8.682253e-02;1.230250e-01;7.486124e-02;3.571768e-02;5.355998e-02;1.538638e-01;7.320886e-02;7.663154e-02;9.080847e-02;1.115478e-01;7.092096e-02
5.008909e-02;8.445333e-02;1.645204e-01;4.230658e-02;4.909495e-02;3.951332e-02;2.058204e-01;3.185563e-02;7.252377e-02;1.106654e-01;9.480599e-02;5.435108e-02
7.072678e-02;8.378147e-02;1.660626e-01;3.587674e-02;6.763093e-02;5.317246e-02;2.284588e-01;3.205770e-02;5.532251e-02;8.171702e-02;6.820591e-02;5.698711e-02
1.571083e-01;8.883408e-02;1.179755e-01;3.095768e-02;7.879412e-02;7.211977e-02;2.511920e-01;2.801883e-02;2.936319e-02;5.396815e-02;3.633089e-02;5.533754e-02
2.412473e-01;9.987532e-02;5.188683e-02;2.793005e-02;8.971313e-02;9.281213e-02;2.401803e-01;2.192190e-02;1.632137e-02;5.433965e-02;1.992361e-02;4.384846e-02
2.648145e-01;1.122185e-01;5.442005e-02;2.805784e-02;9.448456e-02;9.788072e-02;1.909043e-01;1.838378e-02;1.712576e-02;5.857693e-02;2.775607e-02;3.537704e-02
2.411777e-01;1.185612e-01;6.106670e-02;3.343222e-02;1.009390e-01;9.896826e-02;1.458098e-01;2.685566e-02;3.012038e-02;6.995627e-02;3.188245e-02;4.123033e-02
1.757090e-01;1.109865e-01;9.231830e-02;4.722322e-02;7.826911e-02;7.700661e-02;1.387863e-01;5.361424e-02;3.848783e-02;8.204801e-02;5.486097e-02;5.068992e-02
1.691580e-01;8.882079e-02;7.568605e-02;6.203863e-02;5.558214e-02;5.687804e-02;8.564777e-02;8.985849e-02;8.762572e-02;8.110981e-02;7.612153e-02;7.147302e-02
1.544686e-01;9.635252e-02;7.040785e-02;5.887696e-02;4.897129e-02;3.833656e-02;1.046119e-01;1.417830e-01;1.093680e-01;6.052081e-02;4.170918e-02;7.459325e-02
1.649477e-01;1.106523e-01;5.436344e-02;7.105900e-02;6.678215e-02;5.465512e-02;1.139824e-01;1.020717e-01;1.079997e-01;4.849951e-02;4.174008e-02;6.324695e-02
1.513990e-01;1.518974e-01;7.188224e-02;6.926958e-02;6.944511e-02;6.048812e-02;9.657814e-02;6.051394e-02;8.021389e-02;6.178019e-02;7.696223e-02;4.957014e-02
1.528671e-01;1.051373e-01;9.750961e-02;6.376038e-02;5.166430e-02;4.556287e-02;9.807105e-02;5.695904e-02;1.020165e-01;7.466426e-02;9.118363e-02;6.060397e-02
1.628286e-01;6.812052e-02;1.198992e-01;6.955261e-02;4.534068e-02;3.978772e-02;7.770796e-02;9.747891e-02;8.658554e-02;6.191722e-02;7.777407e-02;9.300689e-02
1.336370e-01;8.710924e-02;1.262751e-01;5.944671e-02;4.647905e-02;5.310335e-02;9.184264e-02;1.321216e-01;7.019532e-02;3.397606e-02;7.983630e-02;8.597767e-02
1.034365e-01;8.369500e-02;1.161704e-01;6.311186e-02;5.036879e-02;7.016796e-02;1.125968e-01;1.471983e-01;7.853780e-02;5.199835e-02;6.970114e-02;5.301704e-02
7.980917e-02;1.022408e-01;1.356049e-01;6.179875e-02;5.082760e-02;5.902368e-02;1.119338e-01;1.136385e-01;6.988705e-02;8.387900e-02;6.023737e-02;7.111945e-02
6.061593e-02;1.124942e-01;1.636148e-01;8.101577e-02;5.046329e-02;4.454851e-02;1.155316e-01;6.493144e-02;4.315663e-02;1.006555e-01;8.896200e-02;7.401029e-02
1.106741e-01;9.559829e-02;1.531761e-01;5.973637e-02;5.386046e-02;4.918869e-02;1.183378e-01;5.677330e-02;8.030992e-02;7.976183e-02;7.871960e-02;6.386356e-02
1.698001e-01;1.042825e-01;1.123771e-01;5.473870e-02;4.805110e-02;5.826414e-02;1.048399e-01;5.870780e-02;6.944920e-02;8.289385e-02;7.065536e-02;6.594022e-02
1.669495e-01;1.209142e-01;1.149638e-01;6.243909e-02;5.264325e-02;5.571023e-02;1.075934e-01;5.518793e-02;3.308595e-02;8.340607e-02;8.805975e-02;5.904683e-02
8.992364e-02;1.403809e-01;1.713880e-01;7.043574e-02;6.236237e-02;3.512317e-02;7.272784e-02;5.089583e-02;5.926285e-02;7.288784e-02;9.442073e-02;8.019108e-02
1.978406e-01;1.378021e-01;1.523000e-01;4.860491e-02;3.251747e-02;2.634625e-02;9.387477e-02;4.395285e-02;7.063528e-02;5.392956e-02;6.725136e-02;7.494492e-02
2.421169e-01;1.076335e-01;1.811943e-01;4.095933e-02;3.115183e-02;3.249326e-02;1.162173e-01;3.104300e-02;5.894025e-02;4.519584e-02;5.342619e-02;5.962831e-02
2.352758e-01;8.314200e-02;1.701684e-01;3.330108e-02;3.464877e-02;3.673719e-02;1.669432e-01;2.170719e-02;4.190048e-02;6.908102e-02;3.641841e-02;7.067636e-02
1.887802e-01;6.270847e-02;1.698058e-01;3.783489e-02;4.777491e-02;3.250129e-02;2.089968e-01;2.764751e-02;3.639265e-02;8.571592e-02;2.518701e-02;7.665459e-02
1.638813e-01;5.328313e-02;1.756563e-01;2.677038e-02;5.329550e-02;3.503720e-02;2.332530e-01;4.494267e-02;3.180975e-02;8.776036e-02;3.114716e-02;6.316333e-02
1.143549e-01;5.022397e-02;2.059829e-01;3.573106e-02;5.453729e-02;4.801523e-02;2.423110e-01;5.431198e-02;3.074397e-02;7.863685e-02;3.061021e-02;5.454063e-02
8.808213e-02;5.545206e-02;2.379729e-01;3.605535e-02;6.052860e-02;5.451619e-02;2.076029e-01;5.595330e-02;4.425514e-02;7.498553e-02;3.951825e-02;4.507762e-02
5.208026e-02;5.761377e-02;3.077410e-01;3.174925e-02;4.815213e-02;4.865337e-02;2.061057e-01;5.272103e-02;4.567809e-02;7.295952e-02;3.616351e-02;4.038241e-02
4.650879e-02;6.079138e-02;3.934833e-01;3.745753e-02;4.374697e-02;3.911995e-02;1.583819e-01;3.882305e-02;3.535679e-02;6.645977e-02;4.698579e-02;3.288477e-02
4.888808e-02;5.024829e-02;4.712376e-01;4.359296e-02;2.471414e-02;2.696664e-02;1.280020e-01;3.445045e-02;3.198788e-02;7.258876e-02;5.140334e-02;1.591993e-02
5.201408e-02;4.550973e-02;5.051567e-01;5.130984e-02;4.367594e-02;1.636921e-02;9.614968e-02;2.252707e-02;1.708329e-02;7.957660e-02;5.596523e-02;1.466266e-02
5.440798e-02;3.693702e-02;4.517260e-01;6.081415e-02;4.902206e-02;1.566652e-02;7.761208e-02;4.030840e-02;1.820904e-02;7.339460e-02;8.440912e-02;3.749305e-02
5.910490e-02;3.524712e-02;3.714030e-01;6.882010e-02;6.125089e-02;2.099653e-02;6.933106e-02;5.457147e-02;1.789850e-02;6.357215e-02;1.150520e-01;6.275225e-02
6.896240e-02;3.386751e-02;3.223100e-01;5.825425e-02;6.605240e-02;2.772569e-02;7.599717e-02;5.320891e-02;2.778450e-02;7.719174e-02;1.183091e-01;7.033630e-02
7.409186e-02;4.989278e-02;3.206526e-01;4.782616e-02;6.177799e-02;2.962342e-02;8.356974e-02;3.457948e-02;3.545831e-02;9.746543e-02;1.057726e-01;5.928971e-02
9.404196e-02;6.472843e-02;2.166506e-01;4.742816e-02;6.532834e-02;3.091241e-02;1.581627e-01;3.126540e-02;6.067190e-02;9.377055e-02;6.946025e-02;6.757934e-02
7.523180e-02;7.787941e-02;1.909070e-01;4.673688e-02;8.920998e-02;4.031923e-02;1.555761e-01;6.045418e-02;6.012421e-02;7.804872e-02;4.190627e-02;8.360614e-02
4.416995e-02;4.665464e-02;3.111765e-01;4.876143e-02;8.191934e-02;4.867250e-02;1.198278e-01;7.127014e-02;2.222826e-02;6.312548e-02;6.750546e-02;7.468845e-02
4.590177e-02;8.935249e-02;2.863971e-01;5.459708e-02;8.806259e-02;5.588814e-02;7.585210e-02;7.507829e-02;5.619583e-02;6.934784e-02;6.589627e-02;3.743052e-02
6.702437e-02;1.203463e-01;1.680957e-01;4.848724e-02;8.693751e-02;6.069649e-02;1.026218e-01;7.638826e-02;8.998251e-02;7.754456e-02;7.692394e-02;2.495125e-02
7.296075e-02;1.013747e-01;1.257783e-01;2.283459e-02;8.440406e-02;4.594291e-02;1.100007e-01;9.689214e-02;1.153661e-01;8.140681e-02;8.759764e-02;5.544127e-02
6.703952e-02;8.949866e-02;2.077142e-01;4.972671e-02;6.706662e-02;4.568634e-02;9.787265e-02;8.993296e-02;9.686518e-02;8.483773e-02;6.251006e-02;4.124940e-02
6.252535e-02;8.742885e-02;2.145854e-01;6.791566e-02;3.752680e-02;4.576993e-02;1.335892e-01;8.380520e-02;8.584939e-02;9.570759e-02;4.807798e-02;3.721861e-02
3.742823e-02;9.359677e-02;1.667109e-01;6.600993e-02;5.776266e-02;6.609370e-02;1.488868e-01;5.739674e-02;9.705829e-02;1.181213e-01;4.473485e-02;4.619981e-02
9.011428e-02;9.148097e-02;1.039664e-01;6.137801e-02;6.175201e-02;8.443823e-02;1.213320e-01;8.202445e-02;9.410103e-02;8.316534e-02;6.717815e-02;5.906918e-02
1.212539e-01;6.083544e-02;1.145485e-01;3.459162e-02;7.451128e-02;7.444221e-02;1.027781e-01;9.460353e-02;9.586877e-02;7.173696e-02;1.020443e-01;5.278542e-02
7.534374e-02;5.877254e-02;1.354368e-01;8.322326e-02;8.214694e-02;5.528463e-02;7.616629e-02;6.330572e-02;1.339542e-01;1.164201e-01;7.415117e-02;4.579464e-02
7.209498e-02;6.091093e-02;1.401106e-01;8.003539e-02;7.433910e-02;5.810997e-02;9.044324e-02;7.159532e-02;1.268379e-01;9.510434e-02;8.164758e-02;4.877061e-02
6.830964e-02;5.616547e-02;1.661967e-01;7.851373e-02;7.025318e-02;6.436063e-02;1.086592e-01;7.273778e-02;1.175674e-01;6.206718e-02;9.131254e-02;4.385666e-02
1.126893e-01;6.538803e-02;1.934969e-01;6.145494e-02;6.979822e-02;8.703909e-02;1.235478e-01;1.883180e-02;9.224570e-02;4.357611e-02;9.076270e-02;4.116942e-02
9.954517e-02;4.244718e-02;1.673689e-01;2.463494e-02;8.142773e-02;8.257060e-02;8.927049e-02;5.410304e-02;1.462726e-01;4.747055e-02;9.004331e-02;7.484542e-02
6.432528e-02;5.322952e-02;1.635398e-01;3.636989e-02;8.537056e-02;5.618976e-02;1.078304e-01;4.899140e-02;1.652895e-01;5.521510e-02;8.579243e-02;7.785640e-02
7.866266e-02;7.266755e-02;1.467147e-01;5.872761e-02;7.331083e-02;2.852363e-02;1.251934e-01;6.804450e-02;1.437648e-01;6.169580e-02;7.139263e-02;7.130190e-02
9.807112e-02;9.549982e-02;1.264875e-01;5.595849e-02;5.650415e-02;6.737588e-02;1.223534e-01;6.418040e-02;1.200495e-01;7.715464e-02;5.740145e-02;5.896361e-02
3.677632e-02;1.211784e-01;1.287909e-01;6.304014e-02;6.017988e-02;1.072815e-01;1.204108e-01;8.989725e-02;1.102135e-01;5.990942e-02;5.177481e-02;5.054706e-02
1.010526e-01;5.114170e-02;1.530401e-01;6.817377e-02;6.527292e-02;6.800635e-02;1.202965e-01;7.797394e-02;1.004494e-01;4.087479e-02;8.333689e-02;7.038105e-02
7.890816e-02;7.450742e-02;1.307299e-01;8.185338e-02;7.625701e-02;5.606875e-02;8.371217e-02;1.063650e-01;8.974351e-02;5.087284e-02;9.198383e-02;7.899803e-02
5.879390e-02;8.605280e-02;8.555802e-02;1.029644e-01;7.824117e-02;4.117475e-02;4.189666e-02;1.530302e-01;8.399879e-02;5.738287e-02;1.311559e-01;7.975053e-02
4.556805e-02;6.840160e-02;1.158776e-01;1.187099e-01;5.401288e-02;2.434764e-02;5.694092e-02;1.642475e-01;6.558143e-02;5.608513e-02;1.787429e-01;5.148440e-02
4.407131e-02;5.771154e-02;1.790464e-01;1.303785e-01;5.146782e-02;3.138193e-02;7.382595e-02;1.414070e-01;2.405181e-02;3.542751e-02;2.049367e-01;2.629366e-02
4.914400e-02;4.648693e-02;2.137619e-01;1.137019e-01;4.184465e-02;2.877624e-02;8.703683e-02;9.063106e-02;2.266048e-02;6.307542e-02;1.983884e-01;4.449219e-02
6.315886e-02;5.576900e-02;2.333284e-01;8.672455e-02;3.235665e-02;2.555179e-02;7.628427e-02;5.328790e-02;2.644410e-02;7.330880e-02;2.094607e-01;6.432498e-02
5.828099e-02;6.546205e-02;2.163851e-01;6.520188e-02;4.393999e-02;3.856922e-02;6.374896e-02;7.271864e-02;2.278940e-02;7.057885e-02;2.052251e-01;7.709982e-02
3.635256e-02;5.162445e-02;1.830707e-01;9.035159e-02;5.293422e-02;6.059233e-02;7.931863e-02;1.170970e-01;4.893866e-02;5.297190e-02;1.605102e-01;6.623769e-02
2.827146e-02;5.341034e-02;1.754033e-01;9.940350e-02;6.183755e-02;6.873188e-02;4.148253e-02;1.536386e-01;8.274914e-02;7.602939e-02;8.656428e-02;7.247800e-02
8.574256e-02;5.034864e-02;2.027745e-01;6.037772e-02;3.955878e-02;4.321077e-02;7.491097e-02;9.944007e-02;6.514311e-02;8.420783e-02;9.849929e-02;9.578574e-02
1.039680e-01;7.393926e-02;1.515093e-01;7.079213e-02;3.532603e-02;3.949562e-02;8.557859e-02;6.391050e-02;4.935014e-02;8.792435e-02;1.209099e-01;1.172962e-01
