2.481482e-02;5.744416e-02;1.156469e-01;6.284063e-02;8.613727e-02;1.940474e-01;1.278536e-01;6.864671e-02;1.450900e-01;3.689114e-02;4.107594e-02;3.951145e-02
4.319162e-02;5.481555e-02;7.815528e-02;2.389109e-02;7.223761e-02;1.717451e-01;1.917630e-01;7.562462e-02;1.562040e-01;2.597228e-02;5.733142e-02;4.906845e-02
4.173144e-02;3.958437e-02;4.515537e-02;1.340599e-02;5.622538e-02;1.958361e-01;2.526100e-01;6.895643e-02;1.237564e-01;2.415902e-02;7.603089e-02;6.254856e-02
2.454922e-02;2.744935e-02;2.912142e-02;2.263233e-02;3.912643e-02;2.344947e-01;2.819027e-01;6.903817e-02;1.024320e-01;2.494799e-02;7.054019e-02;7.376550e-02
1.924077e-02;2.664438e-02;2.925308e-02;2.518071e-02;2.974331e-02;2.787618e-01;2.723781e-01;5.537841e-02;9.599273e-02;3.095056e-02;7.320475e-02;6.327127e-02
1.876549e-02;4.900462e-02;4.558869e-02;2.415641e-02;1.937888e-02;3.024011e-01;2.398647e-01;5.641768e-02;7.721996e-02;4.016395e-02;7.995493e-02;4.708365e-02
2.149331e-02;6.149164e-02;5.288133e-02;3.036401e-02;1.444792e-02;2.738605e-01;2.089671e-01;7.584730e-02;7.501869e-02;5.145738e-02;8.401431e-02;5.015654e-02
2.174690e-02;5.429177e-02;8.868001e-02;3.196047e-02;2.621034e-02;2.106559e-01;1.997188e-01;8.163203e-02;8.266117e-02;4.657601e-02;9.331294e-02;6.255360e-02
2.207247e-02;6.652561e-02;9.834471e-02;3.301379e-02;3.859913e-02;2.042009e-01;1.717101e-01;8.869256e-02;8.937742e-02;3.753168e-02;8.755354e-02;6.237808e-02
2.926478e-02;9.175459e-02;1.308209e-01;4.061909e-02;3.711614e-02;2.322703e-01;1.064040e-01;7.616521e-02;9.063274e-02;2.908187e-02;7.350246e-02;6.236797e-02
3.656425e-02;7.536359e-02;1.372889e-01;6.362042e-02;6.008874e-02;2.439125e-01;4.669240e-02;7.692811e-02;8.216748e-02;3.101482e-02;7.218594e-02;7.417286e-02
3.186306e-02;5.089747e-02;1.161966e-01;8.607292e-02;6.953480e-02;1.908199e-01;1.206589e-01;9.014082e-02;9.184065e-02;6.252935e-02;4.232748e-02;4.711808e-02
2.736080e-02;6.950501e-02;8.312167e-02;6.715096e-02;5.820078e-02;1.486489e-01;1.237820e-01;1.136114e-01;1.352939e-01;1.262009e-01;1.975376e-02;2.737008e-02
2.748195e-02;6.696693e-02;7.246432e-02;5.952884e-02;4.699842e-02;1.337769e-01;1.429392e-01;9.737976e-02;1.325517e-01;1.755037e-01;2.841534e-02;1.599305e-02
3.056684e-02;6.161531e-02;7.387197e-02;7.486307e-02;5.344048e-02;1.377941e-01;1.501453e-01;7.639080e-02;1.182329e-01;1.624726e-01;3.241376e-02;2.819294e-02
2.151235e-02;1.039226e-01;1.560147e-01;7.521201e-02;6.430862e-02;1.674186e-01;7.266138e-02;8.332573e-02;9.805575e-02;9.181826e-02;3.555981e-02;3.019024e-02
3.472566e-02;2.069343e-01;2.283362e-01;1.921294e-02;3.945119e-02;1.342158e-01;5.177169e-02;9.550720e-02;8.351526e-02;5.322736e-02;3.453814e-02;1.856424e-02
5.115326e-02;2.835997e-01;2.075240e-01;2.529125e-02;2.384618e-02;9.422339e-02;9.355826e-02;7.996623e-02;6.526016e-02;3.934384e-02;1.738726e-02;1.884639e-02
6.372166e-02;3.235929e-01;2.112030e-01;2.123161e-02;1.492188e-02;7.171815e-02;9.745294e-02;6.364293e-02;6.934407e-02;3.639177e-02;1.561304e-02;1.116603e-02
6.756786e-02;3.156528e-01;1.933542e-01;1.921427e-02;1.811786e-02;5.834755e-02;1.019844e-01;8.505574e-02;7.028203e-02;4.010571e-02;1.702190e-02;1.329579e-02
7.476047e-02;2.752796e-01;1.499745e-01;1.650640e-02;2.286045e-02;9.654887e-02;1.203971e-01;1.180891e-01;6.890840e-02;2.970820e-02;1.474328e-02;1.222365e-02
8.934809e-02;2.166382e-01;9.915137e-02;1.811922e-02;3.359803e-02;1.208218e-01;1.033982e-01;2.033633e-01;6.050604e-02;2.053831e-02;1.297795e-02;2.153953e-02
7.541408e-02;1.517079e-01;6.314592e-02;3.043365e-02;3.631823e-02;1.410589e-01;1.233681e-01;2.108444e-01;6.954338e-02;4.164941e-02;1.744054e-02;3.907553e-02
4.231714e-02;1.069673e-01;9.307506e-02;3.252273e-02;4.006508e-02;1.601543e-01;2.248683e-01;1.321415e-01;6.554869e-02;3.911961e-02;2.655221e-02;3.666809e-02
2.380018e-02;7.172540e-02;1.048495e-01;2.708152e-02;4.314221e-02;2.346372e-01;1.981393e-01;9.349164e-02;8.660938e-02;3.360872e-02;5.799447e-02;2.492046e-02
2.378506e-02;9.600694e-02;1.165930e-01;2.941670e-02;1.825522e-02;2.943445e-01;1.171177e-01;6.567295e-02;7.717651e-02;4.888889e-02;8.461914e-02;2.812334e-02
3.157387e-02;1.332216e-01;9.933860e-02;2.382231e-02;4.429847e-02;2.187107e-01;1.470356e-01;8.331148e-02;5.896652e-02;5.669103e-02;6.163458e-02;4.139526e-02
5.420903e-02;1.251457e-01;5.467106e-02;1.827095e-02;3.450699e-02;1.208659e-01;2.100170e-01;1.717324e-01;7.415802e-02;6.456378e-02;3.325907e-02;3.860006e-02
9.240168e-02;1.256922e-01;4.921050e-02;1.568680e-02;2.422320e-02;5.139124e-02;1.537790e-01;2.965316e-01;1.008528e-01;4.338512e-02;2.340171e-02;2.344402e-02
1.062672e-01;1.471144e-01;1.077576e-01;1.587553e-02;3.659671e-02;4.101038e-02;5.761652e-02;3.311949e-01;7.655792e-02;2.606818e-02;2.007008e-02;3.387067e-02
9.951053e-02;1.903343e-01;1.342926e-01;1.815469e-02;4.325078e-02;5.145105e-02;2.909238e-02;2.849531e-01;7.388524e-02;3.496652e-02;1.656215e-02;2.354656e-02
9.468517e-02;2.296622e-01;1.276224e-01;1.519047e-02;3.439358e-02;4.593035e-02;4.789654e-02;2.305895e-01;7.464731e-02;5.229493e-02;2.301953e-02;2.406805e-02
8.286773e-02;2.633898e-01;1.346258e-01;1.466937e-02;3.189333e-02;3.616970e-02;6.275813e-02;1.366869e-01;8.338138e-02;1.028369e-01;2.594524e-02;2.477564e-02
5.890867e-02;3.023020e-01;1.839209e-01;1.360337e-02;2.301148e-02;3.806030e-02;5.243747e-02;6.348135e-02;9.818248e-02;1.300414e-01;1.897592e-02;1.707458e-02
3.565816e-02;3.250073e-01;2.145092e-01;1.666504e-02;1.444697e-02;4.737879e-02;3.549895e-02;4.360021e-02;1.464142e-01;9.121605e-02;1.260869e-02;1.699638e-02
2.803835e-02;3.273037e-01;2.499298e-01;1.583022e-02;7.736641e-03;4.343082e-02;1.492462e-02;4.836978e-02;2.006273e-01;4.363644e-02;7.601624e-03;1.257077e-02
2.890228e-02;3.232505e-01;2.782583e-01;1.241064e-02;4.906345e-03;6.280535e-02;1.123820e-02;6.185441e-02;1.611245e-01;3.874272e-02;7.155040e-03;9.351743e-03
2.588349e-02;2.926029e-01;3.325235e-01;1.520768e-02;9.088045e-03;8.916663e-02;1.049692e-02;8.641358e-02;7.978243e-02;4.704996e-02;5.064777e-03;6.720077e-03
1.342182e-02;2.382801e-01;4.066535e-01;3.458397e-02;1.376803e-02;9.387799e-02;1.274262e-02;7.337610e-02;4.511510e-02;5.748883e-02;4.373005e-03;6.318923e-03
1.075294e-02;2.535276e-01;4.558485e-01;3.983253e-02;8.082149e-03;5.095737e-02;1.830992e-02;3.856598e-02;4.195035e-02;6.510256e-02;4.533205e-03;1.253686e-02
2.146662e-02;3.164076e-01;4.375207e-01;1.875551e-02;3.681056e-03;2.523812e-02;1.967081e-02;3.908985e-02;4.088194e-02;5.099662e-02;7.472882e-03;1.881833e-02
2.805773e-02;3.690017e-01;3.990929e-01;1.129081e-02;5.348656e-03;1.979278e-02;1.281894e-02;3.559868e-02;5.738082e-02;3.191614e-02;9.978235e-03;1.972258e-02
2.936652e-02;4.038784e-01;3.520535e-01;1.632488e-02;6.248814e-03;2.073823e-02;7.808765e-03;3.300666e-02;8.003286e-02;2.921770e-02;7.661738e-03;1.366193e-02
5.700888e-02;4.345545e-01;2.868310e-01;1.432656e-02;8.810009e-03;2.167625e-02;7.322627e-03;4.665548e-02;8.018893e-02;2.436367e-02;7.696239e-03;1.056584e-02
8.567638e-02;3.617570e-01;2.234230e-01;1.633559e-02;2.177448e-02;2.677275e-02;3.583014e-02;1.285148e-01;5.277782e-02;2.108917e-02;1.064704e-02;1.540184e-02
9.620993e-02;2.014199e-01;1.920313e-01;2.305387e-02;2.635023e-02;3.127808e-02;9.008927e-02;2.451967e-01;3.815639e-02;2.461549e-02;1.080090e-02;2.079802e-02
8.557145e-02;1.823273e-01;1.663171e-01;1.636984e-02;2.192479e-02;5.116029e-02;1.127414e-01;2.815364e-01;2.972671e-02;1.181761e-02;8.976902e-03;3.153013e-02
8.428457e-02;2.300370e-01;2.043251e-01;1.933157e-02;2.185113e-02;5.994507e-02;1.051139e-01;1.872887e-01;2.779017e-02;8.595693e-03;1.037731e-02;4.105986e-02
9.745546e-02;2.681194e-01;2.603182e-01;1.616140e-02;2.086243e-02;4.544517e-02;5.351134e-02;1.212621e-01;3.913976e-02;1.897208e-02;9.796349e-03;4.895624e-02
7.133692e-02;1.988799e-01;2.627595e-01;2.303761e-02;2.278594e-02;3.728002e-02;1.183996e-01;1.070823e-01;5.246161e-02;2.688386e-02;1.185649e-02;6.723630e-02
3.202301e-02;1.725715e-01;2.685237e-01;3.307045e-02;1.429034e-02;4.388915e-02;1.900664e-01;9.019843e-02;3.369532e-02;2.312795e-02;1.551965e-02;8.302408e-02
4.527194e-02;2.687808e-01;2.784966e-01;2.856595e-02;1.364680e-02;4.018709e-02;1.599106e-01;3.098886e-02;2.533983e-02;1.746351e-02;1.453155e-02;7.681654e-02
5.057152e-02;1.875394e-01;2.214512e-01;2.668952e-02;1.922619e-02;6.626579e-02;2.086661e-01;6.752802e-02;2.742986e-02;2.130446e-02;2.237122e-02;8.095672e-02
3.226613e-02;5.837120e-02;1.379351e-01;3.105384e-02;2.603901e-02;1.175143e-01;3.525270e-01;5.232510e-02;3.560097e-02;2.492432e-02;3.045600e-02;1.009871e-01
2.306082e-02;7.755266e-02;1.047159e-01;2.579835e-02;1.791466e-02;1.012854e-01;4.292442e-01;5.340359e-02;3.079831e-02;1.517065e-02;1.699343e-02;1.040621e-01
1.247796e-02;9.761902e-02;1.221965e-01;2.571012e-02;1.001325e-02;7.841039e-02;4.371154e-01;5.939252e-02;2.578833e-02;1.497439e-02;8.466592e-03;1.078356e-01
2.616780e-02;1.071938e-01;1.458884e-01;2.691144e-02;1.101604e-02;7.699280e-02;3.792476e-01;5.266133e-02;2.753678e-02;1.363414e-02;1.220627e-02;1.205435e-01
4.183776e-02;1.651321e-01;1.758856e-01;3.331537e-02;1.267488e-02;5.856211e-02;2.891099e-01;4.169013e-02;2.939823e-02;1.269715e-02;1.323734e-02;1.264594e-01
2.876065e-02;1.415183e-01;1.936224e-01;4.071597e-02;1.893130e-02;6.382384e-02;2.761277e-01;5.496462e-02;2.993263e-02;1.530456e-02;1.385767e-02;1.224404e-01
3.139230e-02;9.204951e-02;1.731665e-01;3.930074e-02;1.540108e-02;5.361303e-02;3.296320e-01;9.222693e-02;3.022350e-02;1.142024e-02;1.584147e-02;1.157327e-01
3.716832e-02;1.336877e-01;1.475817e-01;3.463987e-02;7.397448e-03;4.301547e-02;3.404067e-01;6.803764e-02;3.338885e-02;1.481028e-02;2.075063e-02;1.191154e-01
3.943009e-02;1.017414e-01;1.137932e-01;3.871256e-02;1.447503e-02;3.396533e-02;3.737490e-01;4.849096e-02;3.406797e-02;1.857732e-02;2.368042e-02;1.593168e-01
3.957171e-02;1.247939e-01;1.043492e-01;3.979962e-02;1.771796e-02;5.351209e-02;3.326149e-01;4.614662e-02;3.231038e-02;2.767520e-02;1.727542e-02;1.642330e-01
4.112255e-02;1.638318e-01;1.401842e-01;3.993607e-02;1.695491e-02;5.517210e-02;2.784648e-01;3.516857e-02;2.800461e-02;3.928694e-02;2.256257e-02;1.393109e-01
3.310193e-02;1.662824e-01;1.286409e-01;4.054473e-02;3.005373e-02;8.956739e-02;2.639870e-01;6.174317e-02;3.244639e-02;3.297909e-02;1.510350e-02;1.055498e-01
2.340657e-02;1.501122e-01;8.954687e-02;3.968996e-02;3.651399e-02;1.327605e-01;3.152874e-01;5.431945e-02;2.297686e-02;1.916333e-02;2.149555e-02;9.472734e-02
1.918085e-02;1.381382e-01;5.989534e-02;4.614952e-02;1.415567e-02;1.172279e-01;4.118289e-01;4.122424e-02;1.814236e-02;1.366775e-02;1.649196e-02;1.038973e-01
1.862706e-02;9.800535e-02;5.488158e-02;3.886701e-02;2.920335e-02;1.535543e-01;4.151158e-01;3.297396e-02;2.289498e-02;1.403766e-02;1.922759e-02;1.026114e-01
3.458636e-02;9.992595e-02;6.566216e-02;2.630513e-02;3.505611e-02;2.172320e-01;2.868112e-01;5.312257e-02;4.562080e-02;1.760677e-02;4.014707e-02;7.792384e-02
4.429137e-02;9.569611e-02;6.816643e-02;3.017986e-02;5.842164e-02;2.746157e-01;1.345626e-01;8.691821e-02;7.866217e-02;3.235950e-02;3.615703e-02;5.996937e-02
3.515892e-02;7.532568e-02;6.978933e-02;3.257832e-02;7.567361e-02;2.302642e-01;1.690816e-01;7.950580e-02;9.774918e-02;5.661904e-02;3.525562e-02;4.299863e-02
2.815524e-02;1.223239e-01;1.071712e-01;4.859969e-02;7.494609e-02;1.187285e-01;1.742415e-01;9.502269e-02;9.959459e-02;6.400827e-02;3.877728e-02;2.843104e-02
3.937013e-02;1.238277e-01;1.436810e-01;4.855427e-02;5.399356e-02;1.320724e-01;1.056601e-01;7.596013e-02;1.187087e-01;5.588603e-02;6.050015e-02;4.178584e-02
5.396639e-02;1.245258e-01;1.576424e-01;3.308220e-02;2.149149e-02;1.421997e-01;9.823357e-02;5.489208e-02;1.219170e-01;5.378014e-02;8.345952e-02;5.480970e-02
4.857066e-02;1.790622e-01;1.908157e-01;2.552472e-02;2.514225e-02;1.300135e-01;9.148280e-02;4.581009e-02;8.738396e-02;5.148133e-02;7.986105e-02;4.485174e-02
3.672763e-02;1.982712e-01;2.114451e-01;3.470441e-02;2.594836e-02;9.894931e-02;8.858801e-02;4.155094e-02;8.633616e-02;5.589690e-02;7.638130e-02;4.520074e-02
1.256715e-02;1.476553e-01;1.917315e-01;2.665153e-02;5.043548e-02;9.113327e-02;1.001191e-01;7.435258e-02;1.215169e-01;7.201144e-02;5.307732e-02;5.874846e-02
2.215360e-02;1.267884e-01;1.771077e-01;4.027906e-02;5.831861e-02;1.090211e-01;1.141599e-01;8.519124e-02;1.325586e-01;6.922814e-02;1.836826e-02;4.682540e-02
3.001994e-02;1.506134e-01;2.011551e-01;6.418842e-02;3.533640e-02;6.035688e-02;1.183970e-01;9.222742e-02;1.435476e-01;4.628985e-02;1.248783e-02;4.538021e-02
2.122990e-02;1.712233e-01;1.943313e-01;6.979246e-02;3.068488e-02;3.570156e-02;1.075792e-01;1.122787e-01;1.529752e-01;4.636926e-02;1.901622e-02;3.881789e-02
2.110193e-02;1.610190e-01;1.589684e-01;5.335291e-02;6.953134e-02;4.877140e-02;9.370051e-02;1.053246e-01;1.432032e-01;8.984657e-02;2.171227e-02;3.346784e-02
2.492873e-02;1.044931e-01;1.175397e-01;4.855693e-02;1.122661e-01;7.632090e-02;1.046175e-01;9.462211e-02;1.314209e-01;1.169607e-01;2.939759e-02;3.887577e-02
2.755397e-02;1.310441e-01;9.974695e-02;3.570350e-02;9.168601e-02;1.417280e-01;9.877083e-02;8.835746e-02;1.325151e-01;9.021674e-02;4.012032e-02;2.255701e-02
3.047250e-02;1.577225e-01;1.164059e-01;3.003832e-02;6.958388e-02;1.374189e-01;6.766997e-02;9.464655e-02;1.429302e-01;7.635874e-02;5.627563e-02;2.047705e-02
3.096830e-02;1.089695e-01;1.130051e-01;3.596635e-02;6.884411e-02;1.932276e-01;4.796997e-02;8.433080e-02;1.464406e-01;5.600940e-02;8.025760e-02;3.401069e-02
2.959093e-02;9.925044e-02;1.181960e-01;2.546819e-02;4.628411e-02;2.579991e-01;9.211672e-02;5.748106e-02;1.237397e-01;4.541947e-02;6.932215e-02;3.513223e-02
2.512558e-02;1.220424e-01;1.252872e-01;2.201168e-02;4.847430e-02;2.034755e-01;1.246359e-01;9.379085e-02;1.278949e-01;4.787801e-02;3.064420e-02;2.873950e-02
2.242207e-02;1.097296e-01;1.493183e-01;3.364664e-02;4.273167e-02;1.212012e-01;1.175743e-01;1.338510e-01;1.555940e-01;5.597688e-02;2.440432e-02;3.355001e-02
3.509477e-02;1.042225e-01;1.842191e-01;5.509712e-02;4.672962e-02;5.749261e-02;5.984147e-02;1.069990e-01;2.009686e-01;5.987302e-02;3.004241e-02;5.941978e-02
4.186665e-02;1.312385e-01;1.232646e-01;2.923983e-02;4.120322e-02;1.309317e-01;1.078400e-01;9.548975e-02;1.770558e-01;5.256508e-02;2.015343e-02;4.915145e-02
4.387461e-02;1.469407e-01;1.201303e-01;1.893468e-02;1.855956e-02;1.496041e-01;1.454499e-01;8.454784e-02;1.480459e-01;5.320919e-02;3.495712e-02;3.574610e-02
4.877254e-02;1.798888e-01;1.618833e-01;3.421594e-02;3.689912e-02;8.461655e-02;1.330615e-01;7.388683e-02;1.392781e-01;4.443194e-02;3.156660e-02;3.149878e-02
4.623090e-02;1.624113e-01;1.499336e-01;5.545427e-02;4.466882e-02;1.320358e-01;1.456354e-01;7.759269e-02;9.654792e-02;2.823692e-02;3.357195e-02;2.768048e-02
4.308854e-02;1.017224e-01;1.188189e-01;4.764728e-02;3.823078e-02;2.259760e-01;1.875167e-01;6.008189e-02;6.031257e-02;2.162937e-02;6.276798e-02;3.220763e-02
4.496351e-02;3.801080e-02;7.400470e-02;3.304563e-02;5.808752e-02;3.645642e-01;1.646902e-01;3.011480e-02;4.810121e-02;3.194015e-02;8.481929e-02;2.765790e-02
3.888885e-02;3.619997e-02;6.158410e-02;1.667798e-02;4.797064e-02;5.051435e-01;9.885717e-02;2.661295e-02;3.935012e-02;2.727056e-02;8.565381e-02;1.579032e-02
2.748296e-02;2.864417e-02;4.853931e-02;1.664452e-02;7.999273e-02;5.516820e-01;7.856470e-02;2.980205e-02;3.579072e-02;1.544684e-02;7.525631e-02;1.215369e-02
3.108606e-02;4.236182e-02;4.719096e-02;1.875517e-02;1.226278e-01;4.737610e-01;7.068531e-02;3.227894e-02;4.998964e-02;2.777849e-02;6.489227e-02;1.859246e-02
2.382872e-02;6.803268e-02;5.610102e-02;4.742506e-02;1.452859e-01;3.510515e-01;4.253173e-02;6.900080e-02;8.704196e-02;4.862958e-02;4.036770e-02;2.070330e-02
2.013959e-02;6.444876e-02;5.821252e-02;5.982739e-02;1.191621e-01;2.896048e-01;4.660549e-02;8.822931e-02;1.256291e-01;5.998747e-02;4.109140e-02;2.706207e-02
2.585264e-02;8.296320e-02;6.970471e-02;5.645367e-02;4.447955e-02;1.691375e-01;7.390457e-02;9.850275e-02;1.670690e-01;4.965985e-02;1.242252e-01;3.804731e-02
2.015827e-02;6.771067e-02;5.942983e-02;8.291843e-02;1.143281e-01;1.841393e-01;9.716593e-02;9.327316e-02;9.740572e-02;5.983670e-02;9.450251e-02;2.913142e-02
1.351830e-02;6.354279e-02;4.716291e-02;9.364752e-02;1.238217e-01;3.068786e-01;8.956803e-02;6.221989e-02;6.607071e-02;5.145476e-02;6.250212e-02;1.961272e-02
1.611058e-02;5.081165e-02;4.886846e-02;8.746487e-02;1.037951e-01;4.092461e-01;7.194890e-02;4.450345e-02;5.944433e-02;4.116637e-02;4.815853e-02;1.848159e-02
1.001559e-02;4.417375e-02;5.285726e-02;8.128735e-02;8.177742e-02;4.689744e-01;4.924960e-02;4.310852e-02;6.869169e-02;3.314285e-02;5.447529e-02;1.224623e-02
9.614239e-03;5.648188e-02;5.215856e-02;7.526789e-02;1.279639e-01;4.204980e-01;3.681552e-02;4.073919e-02;6.832547e-02;4.852671e-02;5.175060e-02;1.185804e-02
8.193467e-03;6.795406e-02;4.156435e-02;4.944037e-02;1.652993e-01;3.700514e-01;4.272870e-02;5.374254e-02;8.403312e-02;6.205253e-02;3.764209e-02;1.729809e-02
8.465511e-03;7.647688e-02;4.461435e-02;6.500857e-02;1.825180e-01;2.793390e-01;4.733074e-02;7.860757e-02;1.144184e-01;6.736771e-02;1.402916e-02;2.182410e-02
2.224299e-02;9.490405e-02;8.434895e-02;9.276306e-02;1.514892e-01;1.766787e-01;1.712573e-02;1.039920e-01;1.460338e-01;5.199295e-02;2.833503e-02;3.009347e-02
2.413743e-02;7.373870e-02;7.619353e-02;6.951717e-02;8.970738e-02;2.195628e-01;5.866146e-02;1.105854e-01;1.508937e-01;4.625053e-02;5.045577e-02;3.029616e-02
1.916197e-02;3.964100e-02;7.891988e-02;5.616539e-02;4.578707e-02;2.851895e-01;1.047784e-01;9.360565e-02;1.303920e-01;6.113898e-02;5.375377e-02;3.146630e-02
1.883315e-02;5.064670e-02;5.159441e-02;4.507807e-02;6.188752e-02;2.888564e-01;1.032840e-01;9.878417e-02;1.507044e-01;6.273635e-02;3.691826e-02;3.067655e-02
1.849670e-02;5.891265e-02;3.917062e-02;3.975575e-02;4.814741e-02;3.077910e-01;7.979836e-02;1.219578e-01;1.633739e-01;5.862956e-02;3.526761e-02;2.869867e-02
2.302588e-02;5.156756e-02;4.607281e-02;3.393508e-02;5.947725e-02;3.256137e-01;4.216783e-02;1.157549e-01;1.560654e-01;4.352238e-02;7.056724e-02;3.222991e-02
2.805622e-02;8.103083e-02;8.705087e-02;3.470990e-02;7.681766e-02;2.402330e-01;5.912213e-02;1.110463e-01;1.244607e-01;4.736708e-02;7.666311e-02;3.344225e-02
3.340727e-02;9.956099e-02;1.085883e-01;3.650576e-02;1.207411e-01;2.002153e-01;7.441331e-02;7.432787e-02;1.194001e-01;4.400955e-02;5.771685e-02;3.111363e-02
3.323962e-02;6.525743e-02;8.129302e-02;3.642324e-02;1.203331e-01;3.449291e-01;6.131843e-02;6.013300e-02;1.075993e-01;3.328869e-02;3.928779e-02;1.689725e-02
3.822543e-02;3.209645e-02;4.638341e-02;2.630312e-02;9.005016e-02;4.006990e-01;5.995185e-02;9.071624e-02;1.205494e-01;3.051164e-02;4.435927e-02;2.015404e-02
3.643424e-02;7.451176e-02;7.993554e-02;3.163164e-02;6.877433e-02;3.274972e-01;4.687975e-02;8.839019e-02;1.225379e-01;4.094982e-02;5.875884e-02;2.369879e-02
2.956706e-02;8.300315e-02;9.138756e-02;5.913239e-02;5.670037e-02;2.402960e-01;4.303255e-02;7.559915e-02;1.398990e-01;5.543885e-02;9.156743e-02;3.437657e-02
3.432893e-02;1.349399e-01;1.000964e-01;8.058638e-02;1.102919e-01;1.087214e-01;3.874112e-02;8.215215e-02;1.253784e-01;6.831267e-02;8.125344e-02;3.519733e-02
2.511649e-02;1.577070e-01;6.208211e-02;7.073671e-02;1.722040e-01;1.349266e-01;3.403027e-02;5.988430e-02;1.014918e-01;1.075074e-01;5.157873e-02;2.273454e-02
1.386927e-02;1.620321e-01;2.851629e-02;7.306294e-02;2.540034e-01;1.324098e-01;7.744402e-03;4.238611e-02;1.051267e-01;1.483293e-01;1.969069e-02;1.282894e-02
2.428947e-02;1.566375e-01;3.195331e-02;8.929256e-02;2.953211e-01;6.894233e-02;8.246507e-03;4.383392e-02;9.999107e-02;1.445704e-01;1.835486e-02;1.856701e-02
2.551081e-02;1.408161e-01;2.820667e-02;9.191889e-02;3.135690e-01;8.300861e-02;1.286093e-02;3.948363e-02;8.625716e-02;1.335103e-01;2.298689e-02;2.187094e-02
1.132185e-02;1.058621e-01;1.683284e-02;7.610241e-02;2.862290e-01;1.664862e-01;3.051524e-02;4.535671e-02;7.243130e-02;1.374302e-01;2.962953e-02;2.180264e-02
6.598650e-03;8.461220e-02;2.047431e-02;4.994976e-02;2.402186e-01;1.605627e-01;5.652688e-02;9.561503e-02;8.593224e-02;1.485707e-01;3.045611e-02;2.048278e-02
1.033495e-02;8.722693e-02;1.653854e-02;2.255952e-02;2.290955e-01;3.825565e-02;6.085447e-02;1.640118e-01;1.377208e-01;1.744524e-01;4.194397e-02;1.700541e-02
2.724774e-02;6.939179e-02;1.999083e-02;3.731363e-02;2.032599e-01;1.048322e-01;4.249228e-02;1.511762e-01;1.374541e-01;1.520837e-01;3.791185e-02;1.684584e-02
5.352293e-02;4.320077e-02;1.690477e-02;4.823742e-02;2.044672e-01;2.013922e-01;4.212987e-02;1.016288e-01;1.039938e-01;1.227190e-01;4.289925e-02;1.890391e-02
5.464724e-02;4.312129e-02;3.561715e-02;7.525457e-02;1.840880e-01;2.406727e-01;6.943095e-02;7.815470e-02;7.861975e-02;9.215171e-02;2.954732e-02;1.869470e-02
3.811712e-02;5.665747e-02;7.050177e-02;7.764588e-02;1.312571e-01;1.937573e-01;7.066327e-02;8.675785e-02;1.026247e-01;8.968923e-02;5.649688e-02;2.583137e-02
3.910103e-02;5.262664e-02;7.462840e-02;5.257647e-02;7.499427e-02;2.073848e-01;5.805397e-02;6.765115e-02;1.084301e-01;1.133183e-01;1.171196e-01;3.411532e-02
3.137846e-02;7.697905e-02;5.383219e-02;1.983012e-02;7.173524e-02;2.666500e-01;4.639136e-02;8.177297e-02;9.697070e-02;9.955482e-02;1.268837e-01;2.802135e-02
2.057652e-02;7.080746e-02;6.226421e-02;2.411555e-02;7.266986e-02;3.132887e-01;2.571386e-02;9.453221e-02;9.710894e-02;7.975825e-02;1.115933e-01;2.757110e-02
2.382524e-02;4.787391e-02;5.032686e-02;2.755142e-02;5.228981e-02;3.373279e-01;4.552930e-02;8.614144e-02;1.130371e-01;8.323701e-02;1.047858e-01;2.807420e-02
1.329703e-02;3.715196e-02;3.209253e-02;3.686317e-02;8.658843e-02;3.412673e-01;4.781101e-02;8.044045e-02;1.206167e-01;7.851477e-02;1.006964e-01;2.466027e-02
1.248992e-02;5.709948e-02;3.000305e-02;3.778192e-02;1.013438e-01;3.052650e-01;2.646034e-02;8.396910e-02;1.227926e-01;9.590334e-02;1.037478e-01;2.314369e-02
1.884989e-02;5.183735e-02;3.432310e-02;3.804816e-02;7.892263e-02;2.334433e-01;5.105011e-02;1.141340e-01;1.479846e-01;1.256588e-01;8.247463e-02;2.327333e-02
2.055307e-02;3.908824e-02;2.599532e-02;5.126723e-02;1.193994e-01;1.192117e-01;5.017230e-02;1.550786e-01;2.184992e-01;1.364394e-01;3.579564e-02;2.849993e-02
2.164245e-02;3.976319e-02;2.935146e-02;7.082976e-02;1.578254e-01;7.459979e-02;3.726403e-02;1.607924e-01;2.400413e-01;9.734992e-02;4.282684e-02;2.771356e-02
1.966707e-02;5.163796e-02;4.213807e-02;6.760911e-02;1.680412e-01;1.081500e-01;3.424815e-02;1.730101e-01;1.948354e-01;8.082313e-02;4.188264e-02;1.795717e-02
1.688877e-02;4.947014e-02;5.108993e-02;3.669396e-02;1.674874e-01;1.316677e-01;4.258956e-02;1.791851e-01;1.634274e-01;1.020469e-01;4.412695e-02;1.532623e-02
2.185562e-02;4.268718e-02;4.491686e-02;6.585993e-02;1.390263e-01;1.522263e-01;5.733073e-02;1.619657e-01;1.434259e-01;1.029233e-01;4.233676e-02;2.544556e-02
1.389689e-02;5.647410e-02;4.417520e-02;9.678860e-02;1.135665e-01;1.784230e-01;5.769757e-02;1.256473e-01;1.612036e-01;9.535895e-02;3.642502e-02;2.034319e-02
9.700591e-03;5.438058e-02;6.315679e-02;8.871017e-02;1.718262e-01;1.367916e-01;4.051896e-02;9.241721e-02;1.641553e-01;1.152584e-01;4.720662e-02;1.587758e-02
1.142911e-02;5.985047e-02;6.514911e-02;7.635348e-02;1.920663e-01;9.261149e-02;3.784696e-02;9.813663e-02;1.807587e-01;1.061572e-01;5.506919e-02;2.457136e-02
1.956929e-02;8.034429e-02;6.120922e-02;7.077809e-02;1.653761e-01;1.085351e-01;2.776762e-02;1.088963e-01;1.761409e-01;7.923181e-02;7.162573e-02;3.052546e-02
1.920962e-02;7.304464e-02;6.483877e-02;7.369246e-02;1.560785e-01;8.722738e-02;3.705838e-02;1.156875e-01;1.782113e-01;8.950581e-02;7.694037e-02;2.850519e-02
2.611506e-02;6.998526e-02;5.071278e-02;7.510907e-02;1.517823e-01;8.755439e-02;4.161120e-02;1.279035e-01;2.044518e-01;9.949465e-02;4.510272e-02;2.017721e-02
3.208116e-02;8.474784e-02;2.587999e-02;7.306667e-02;1.300008e-01;5.291555e-02;4.767441e-02;1.642864e-01;2.480046e-01;9.569817e-02;2.249267e-02;2.315171e-02
2.746312e-02;7.963972e-02;3.280457e-02;4.821122e-02;7.997160e-02;1.165017e-01;2.801586e-02;1.716993e-01;2.574874e-01;8.626140e-02;5.189329e-02;2.005076e-02
3.179895e-02;8.525086e-02;4.157756e-02;2.973493e-02;6.458747e-02;1.677209e-01;2.435437e-02;1.423431e-01;2.523140e-01;9.633268e-02;4.059881e-02;2.338636e-02
3.078726e-02;8.673268e-02;6.248945e-02;1.766847e-02;1.077838e-01;1.961107e-01;3.881996e-02;1.201592e-01;1.947709e-01;8.815631e-02;3.694447e-02;1.957682e-02
1.511725e-02;6.132380e-02;4.728525e-02;3.389777e-02;1.339946e-01;2.143135e-01;3.579073e-02;1.062146e-01;1.954869e-01;8.998560e-02;4.893322e-02;1.765681e-02
2.286601e-02;5.487567e-02;5.221916e-02;2.582935e-02;1.488329e-01;1.704839e-01;2.706034e-02;1.203695e-01;2.064338e-01;9.451286e-02;4.888972e-02;2.762681e-02
3.306788e-02;5.719215e-02;6.725181e-02;3.399760e-02;1.608516e-01;8.661174e-02;2.340551e-02;1.570732e-01;2.255944e-01;7.990538e-02;3.567034e-02;3.937835e-02
2.157611e-02;5.230590e-02;6.079245e-02;5.743503e-02;1.484691e-01;1.605275e-01;3.868349e-02;1.376523e-01;1.844445e-01;6.270171e-02;3.943259e-02;3.597930e-02
3.166262e-02;1.072334e-01;1.030341e-01;5.969042e-02;1.078884e-01;2.275878e-01;4.410150e-02;1.074522e-01;1.057191e-01;4.533964e-02;3.364483e-02;2.664588e-02
4.185224e-02;1.406794e-01;1.413656e-01;5.263302e-02;7.206065e-02;2.062525e-01;9.036527e-02;9.914460e-02;7.408547e-02;3.702855e-02;1.721627e-02;2.731646e-02
5.051165e-02;1.039697e-01;1.043893e-01;4.956041e-02;7.879894e-02;2.196344e-01;1.380889e-01;6.491111e-02;6.804539e-02;3.371752e-02;5.419042e-02;3.418221e-02
5.328395e-02;5.495531e-02;6.600500e-02;3.161604e-02;6.601384e-02;3.416186e-01;1.288513e-01;4.327549e-02;7.052307e-02;2.940130e-02;8.838589e-02;2.607030e-02
4.612147e-02;2.835331e-02;4.727412e-02;1.981026e-02;2.726292e-02;4.398694e-01;9.907190e-02;5.945440e-02;7.860035e-02;3.688418e-02;9.356255e-02;2.373518e-02
3.067096e-02;3.636771e-02;3.008098e-02;2.380018e-02;9.274351e-02;4.504088e-01;5.567328e-02;7.209007e-02;7.987531e-02;4.148419e-02;6.954650e-02;1.725854e-02
1.427222e-02;4.767218e-02;3.488966e-02;3.546021e-02;1.338695e-01;3.640140e-01;5.720649e-02;9.591877e-02;8.471864e-02;6.873694e-02;5.162608e-02;1.161525e-02
7.583599e-03;3.386585e-02;3.384040e-02;3.699232e-02;1.230430e-01;3.664986e-01;7.232885e-02;8.732755e-02;8.888077e-02;7.824537e-02;6.035313e-02;1.104054e-02
1.095723e-02;4.165633e-02;5.095395e-02;2.642771e-02;8.024896e-02;3.751976e-01;7.176112e-02;9.046052e-02;1.175788e-01;7.061568e-02;5.249630e-02;1.164573e-02
1.324677e-02;5.329939e-02;5.167136e-02;2.421368e-02;6.599639e-02;3.399998e-01;5.335969e-02;8.482944e-02;1.511658e-01;6.830522e-02;7.651816e-02;1.739426e-02
1.855519e-02;5.634336e-02;5.486934e-02;2.962505e-02;5.864370e-02;2.833012e-01;3.991738e-02;8.933458e-02;1.663867e-01;6.048753e-02;1.170967e-01;2.543919e-02
2.396534e-02;6.376342e-02;6.486484e-02;3.590497e-02;4.901811e-02;2.546199e-01;4.668341e-02;9.269907e-02;1.593805e-01;7.689028e-02;9.738613e-02;3.482407e-02
2.261978e-02;5.050409e-02;4.299114e-02;3.401069e-02;1.026555e-01;2.056513e-01;5.952049e-02;1.255527e-01;1.817534e-01;8.658151e-02;5.599121e-02;3.216825e-02
2.245504e-02;6.713600e-02;6.315384e-02;3.844707e-02;1.473701e-01;7.247941e-02;5.275089e-02;1.642594e-01;2.043455e-01;8.786053e-02;5.284261e-02;2.689959e-02
1.791352e-02;4.874321e-02;6.295317e-02;5.610838e-02;1.570095e-01;1.110002e-01;4.610012e-02;1.609978e-01;1.941185e-01;8.091262e-02;4.335345e-02;2.078950e-02
3.623371e-02;4.399692e-02;9.339660e-02;4.329814e-02;1.546458e-01;1.147454e-01;5.340213e-02;1.277554e-01;1.904749e-01;8.030856e-02;3.927853e-02;2.246395e-02
3.811502e-02;4.086737e-02;7.682302e-02;4.867742e-02;1.421329e-01;1.153821e-01;6.878138e-02;1.319207e-01;2.049764e-01;7.573811e-02;3.614632e-02;2.043935e-02
2.793620e-02;4.034087e-02;5.136451e-02;4.338976e-02;1.057004e-01;1.491411e-01;8.284553e-02;1.491808e-01;2.237090e-01;8.058367e-02;3.282914e-02;1.297910e-02
1.656311e-02;6.319985e-02;7.759309e-02;4.681094e-02;9.201439e-02;1.355076e-01;8.457017e-02;1.376269e-01;2.033233e-01;9.077630e-02;3.381384e-02;1.820043e-02
8.046248e-03;6.801058e-02;6.651101e-02;5.977257e-02;9.741703e-02;1.492897e-01;6.072780e-02;1.297515e-01;1.946230e-01;1.061539e-01;3.483271e-02;2.486391e-02
1.440032e-02;5.342390e-02;6.453225e-02;4.996225e-02;9.443460e-02;1.920239e-01;6.139051e-02;1.174302e-01;1.832588e-01;9.439924e-02;4.232600e-02;3.241790e-02
1.845383e-02;3.918254e-02;5.097279e-02;2.700852e-02;7.027422e-02;2.756489e-01;6.476422e-02;1.261089e-01;1.675659e-01;6.702534e-02;6.060669e-02;3.238822e-02
1.953424e-02;4.475588e-02;3.975399e-02;1.762168e-02;9.841343e-02;2.845876e-01;7.212110e-02;1.279534e-01;1.534986e-01;6.078913e-02;5.800439e-02;2.296657e-02
1.122005e-02;5.525099e-02;3.806457e-02;2.061146e-02;1.549446e-01;2.087151e-01;5.607052e-02;1.397364e-01;1.755840e-01;8.448210e-02;3.765978e-02;1.766041e-02
1.875755e-02;6.453452e-02;3.015405e-02;3.802295e-02;2.054313e-01;1.724716e-01;3.077443e-02;1.205078e-01;1.755431e-01;1.003005e-01;2.413639e-02;1.936575e-02
4.075982e-02;4.143722e-02;2.033621e-02;7.519978e-02;2.194309e-01;1.407878e-01;2.562279e-02;1.090364e-01;1.881514e-01;1.007734e-01;1.449216e-02;2.397218e-02
7.659080e-02;2.960196e-02;4.391496e-02;1.572199e-01;1.800906e-01;5.815015e-02;1.748808e-02;1.100634e-01;2.039014e-01;6.824683e-02;2.571801e-02;2.901390e-02
7.676978e-02;3.219643e-02;1.149027e-01;2.094047e-01;1.129180e-01;3.547093e-02;2.574011e-02;1.247334e-01;1.713801e-01;3.011281e-02;1.944205e-02;4.692907e-02
3.742488e-02;6.656955e-02;2.327967e-01;1.677788e-01;5.879473e-02;1.669146e-02;5.126514e-02;1.595157e-01;1.098660e-01;1.564600e-02;2.419440e-02;5.945659e-02
1.505998e-02;1.231764e-01;2.487458e-01;9.690133e-02;3.760143e-02;4.909556e-02;1.228857e-01;1.430774e-01;6.187518e-02;1.309882e-02;5.281018e-02;3.567222e-02
1.665582e-02;1.450933e-01;1.485841e-01;6.222733e-02;4.674138e-02;1.037669e-01;2.230219e-01;1.009275e-01;4.561858e-02;3.101016e-02;5.795654e-02;1.839643e-02
3.421134e-02;1.084836e-01;1.776375e-02;4.760893e-02;4.046517e-02;2.434526e-01;2.825283e-01;6.056900e-02;4.689053e-02;6.378113e-02;4.025953e-02;1.398612e-02
3.837783e-02;4.664238e-02;5.625810e-02;4.800165e-02;6.000853e-02;3.060277e-01;1.959142e-01;5.988367e-02;8.094573e-02;6.301117e-02;1.629150e-02;2.863748e-02
3.079583e-02;4.413565e-02;6.253136e-02;3.669095e-02;1.349818e-01;2.662885e-01;1.177534e-01;6.095090e-02;1.250101e-01;5.851001e-02;1.324620e-02;4.910542e-02
3.163772e-02;5.539789e-02;7.567721e-02;7.738683e-02;2.087467e-01;1.040062e-01;7.896502e-02;9.053070e-02;1.347830e-01;4.871941e-02;3.830839e-02;5.584087e-02
3.387943e-02;5.916099e-02;4.130089e-02;1.259804e-01;1.964798e-01;1.124847e-01;1.075853e-01;1.217700e-01;9.045708e-02;1.535216e-02;3.960434e-02;5.594493e-02
2.651519e-02;7.409512e-02;3.868772e-02;1.359779e-01;1.834689e-01;1.567834e-01;1.125194e-01;8.793299e-02;7.692415e-02;2.890616e-02;1.076862e-02;6.742046e-02
1.769552e-02;7.786212e-02;5.284122e-02;1.353171e-01;1.576310e-01;1.519665e-01;1.043037e-01;7.773720e-02;1.007991e-01;2.662033e-02;1.578516e-02;8.144110e-02
2.413667e-02;6.313762e-02;6.100326e-02;7.965842e-02;1.405179e-01;1.757908e-01;7.219254e-02;1.094539e-01;1.529346e-01;2.615964e-02;8.950390e-03;8.606438e-02
2.826979e-02;8.131921e-02;8.750974e-02;4.271770e-02;1.485752e-01;1.679856e-01;5.402947e-02;1.085467e-01;1.492817e-01;2.425208e-02;2.670924e-02;8.080349e-02
1.953582e-02;6.530648e-02;1.184210e-01;8.140337e-02;1.534681e-01;1.728024e-01;6.557695e-02;8.646120e-02;1.077140e-01;4.180013e-02;3.545135e-02;5.205926e-02
1.732040e-02;4.324082e-02;1.486595e-01;6.533279e-02;1.603535e-01;1.890517e-01;8.149025e-02;9.072416e-02;1.087974e-01;4.128712e-02;2.784859e-02;2.589376e-02
1.832026e-02;6.771091e-02;1.679034e-01;6.175188e-02;1.538316e-01;1.659009e-01;5.818189e-02;1.042892e-01;1.254052e-01;2.020441e-02;1.929129e-02;3.720910e-02
2.367486e-02;6.236379e-02;1.144882e-01;9.478747e-02;8.084391e-02;2.495308e-01;3.993665e-02;1.127276e-01;1.102170e-01;5.119492e-02;1.801463e-02;4.222016e-02
2.688777e-02;3.955668e-02;6.678823e-02;8.162661e-02;6.855329e-02;2.622818e-01;5.476379e-02;1.367576e-01;1.150012e-01;9.867185e-02;1.592200e-02;3.318925e-02
2.554202e-02;6.012750e-02;1.067510e-01;2.810101e-02;1.096915e-01;1.775033e-01;5.844958e-02;1.349265e-01;1.498967e-01;9.489395e-02;2.932095e-02;2.479593e-02
2.199935e-02;7.898171e-02;1.018358e-01;9.301865e-02;1.313065e-01;1.456277e-01;8.994449e-02;7.976004e-02;1.329094e-01;6.750225e-02;3.306385e-02;2.405028e-02
2.924423e-02;6.486110e-02;5.528574e-02;1.171806e-01;1.334269e-01;1.274011e-01;1.068500e-01;1.250909e-01;1.245187e-01;4.832542e-02;1.417528e-02;5.363997e-02
3.758058e-02;4.367619e-02;4.639639e-02;1.103448e-01;1.060591e-01;1.630731e-01;1.063661e-01;1.364434e-01;9.975298e-02;4.212167e-02;4.546315e-02;6.272246e-02
3.802465e-02;4.149282e-02;4.613939e-02;1.254985e-01;8.675995e-02;1.848523e-01;3.579792e-02;2.051357e-01;8.483186e-02;4.661113e-02;5.321935e-02;5.163641e-02
1.382880e-02;6.546300e-02;9.458880e-02;6.239882e-02;8.788085e-02;2.061078e-01;1.329895e-01;1.397133e-01;7.746138e-02;4.045230e-02;3.162790e-02;4.748752e-02
1.581028e-02;6.998051e-02;1.097097e-01;5.264156e-02;7.049681e-02;2.479144e-01;1.304212e-01;1.249592e-01;6.948585e-02;4.023950e-02;2.758140e-02;4.075955e-02
2.190975e-02;5.120897e-02;1.443167e-01;7.992812e-02;5.815222e-02;2.097301e-01;1.005781e-01;1.537491e-01;6.704672e-02;4.324784e-02;3.227426e-02;3.785809e-02
2.494655e-02;3.263951e-02;1.024497e-01;5.993527e-02;1.032380e-01;2.728184e-01;9.867537e-02;1.579812e-01;4.098824e-02;3.769986e-02;3.469368e-02;3.393422e-02
2.768142e-02;4.367243e-02;8.635110e-02;5.211607e-02;1.055672e-01;2.739267e-01;1.121914e-01;1.504277e-01;5.192654e-02;3.599370e-02;3.238615e-02;2.775956e-02
