7.158736e-02;4.827930e-02;8.000363e-02;3.009816e-02;5.575974e-02;7.606895e-02;1.027968e-01;1.254579e-01;1.470554e-01;1.177196e-01;8.885555e-02;5.631759e-02
7.669434e-02;3.740513e-02;7.214354e-02;5.508376e-02;4.819939e-02;8.102719e-02;1.220047e-01;1.063454e-01;1.403050e-01;1.339739e-01;5.465327e-02;7.216445e-02
1.009312e-01;3.860574e-02;8.809939e-02;8.443531e-02;3.881605e-02;5.891796e-02;1.416936e-01;8.014048e-02;1.078505e-01;1.325247e-01;4.840774e-02;7.957724e-02
1.266925e-01;4.095545e-02;1.134037e-01;8.717762e-02;5.566636e-02;3.608217e-02;1.216499e-01;7.567528e-02;6.648737e-02;1.061003e-01;9.389760e-02;7.621174e-02
1.581096e-01;5.814493e-02;9.410714e-02;5.951164e-02;6.185477e-02;2.812445e-02;1.320660e-01;7.724403e-02;3.947301e-02;8.588430e-02;1.246509e-01;8.082912e-02
1.378742e-01;5.890238e-02;7.165524e-02;5.686741e-02;5.650567e-02;3.189906e-02;2.037247e-01;5.485613e-02;3.681622e-02;9.415029e-02;1.133382e-01;8.341052e-02
8.738951e-02;3.909553e-02;1.347592e-01;4.635936e-02;6.466854e-02;5.690091e-02;2.647156e-01;5.087647e-02;2.277982e-02;7.557490e-02;9.068331e-02;6.619687e-02
6.900455e-02;7.641678e-02;1.575555e-01;2.455410e-02;1.007587e-01;7.602693e-02;2.405065e-01;4.263514e-02;2.360308e-02;5.944834e-02;8.846860e-02;4.102173e-02
7.577021e-02;8.079245e-02;1.632029e-01;3.292559e-02;1.078129e-01;7.004706e-02;2.485848e-01;3.678219e-02;2.193060e-02;6.230341e-02;7.769248e-02;2.215535e-02
7.700087e-02;8.804955e-02;1.964012e-01;5.638175e-02;9.336473e-02;4.082843e-02;2.431977e-01;2.674308e-02;2.615890e-02;8.822302e-02;4.772271e-02;1.592805e-02
6.239776e-02;9.035758e-02;1.882878e-01;6.800254e-02;9.080783e-02;4.634604e-02;2.028394e-01;4.083743e-02;3.754732e-02;1.081935e-01;4.378562e-02;2.059716e-02
8.939359e-02;6.652756e-02;1.965673e-01;7.490227e-02;8.334755e-02;5.635468e-02;1.499701e-01;1.817384e-02;2.388865e-02;1.121892e-01;7.459694e-02;5.408840e-02
1.951238e-01;8.107966e-02;1.200002e-01;6.154764e-02;5.240615e-02;4.112861e-02;1.465291e-01;3.166348e-02;3.810953e-02;6.700471e-02;7.522747e-02;9.017979e-02
2.624514e-01;7.781444e-02;1.158371e-01;6.128962e-02;2.689291e-02;2.283196e-02;1.748647e-01;2.810418e-02;4.393610e-02;3.773296e-02;4.507424e-02;1.031703e-01
2.395503e-01;4.487629e-02;1.609816e-01;6.187994e-02;3.106257e-02;2.237441e-02;1.813844e-01;2.015722e-02;4.571750e-02;2.697555e-02;6.683805e-02;9.820228e-02
1.696954e-01;4.089181e-02;2.289652e-01;8.336812e-02;3.357968e-02;2.343909e-02;1.674548e-01;2.540266e-02;3.737938e-02;1.830754e-02;6.861926e-02;1.028971e-01
8.453374e-02;7.059563e-02;2.975172e-01;1.060872e-01;3.256401e-02;2.488990e-02;1.522548e-01;3.025472e-02;2.992275e-02;1.668815e-02;5.873731e-02;9.595454e-02
2.794672e-02;6.752379e-02;3.123490e-01;1.331845e-01;3.230757e-02;2.759821e-02;1.670998e-01;3.701944e-02;2.561934e-02;2.111165e-02;5.166705e-02;9.657294e-02
3.673814e-02;7.133912e-02;2.397396e-01;1.750028e-01;4.271635e-02;2.690612e-02;1.677515e-01;3.315287e-02;2.385630e-02;2.924656e-02;3.963732e-02;1.139134e-01
7.148921e-02;7.718131e-02;1.560972e-01;2.123935e-01;7.357144e-02;2.762380e-02;1.479713e-01;2.610831e-02;2.546928e-02;4.611185e-02;2.782288e-02;1.081599e-01
1.254105e-01;6.250015e-02;1.141255e-01;1.918509e-01;1.349625e-01;3.828245e-02;1.216600e-01;3.672156e-02;1.982270e-02;5.910590e-02;2.134489e-02;7.421301e-02
1.478666e-01;4.727953e-02;1.226006e-01;1.288272e-01;1.967348e-01;4.548977e-02;8.126993e-02;6.583260e-02;3.501658e-02;4.128262e-02;4.664225e-02;4.115752e-02
1.681181e-01;4.138834e-02;1.313900e-01;6.250200e-02;2.273395e-01;5.736206e-02;3.934519e-02;9.413019e-02;5.494178e-02;2.863297e-02;6.776205e-02;2.708781e-02
1.518932e-01;4.998519e-02;8.856188e-02;4.439424e-02;1.856802e-01;6.633458e-02;7.210142e-02;8.700914e-02;1.111444e-01;2.862339e-02;8.204334e-02;3.222902e-02
1.059200e-01;7.336381e-02;4.934452e-02;4.815487e-02;1.059463e-01;1.083423e-01;1.194211e-01;5.549483e-02;1.903393e-01;3.822846e-02;7.566962e-02;2.977499e-02
6.744517e-02;8.204217e-02;6.198698e-02;5.244803e-02;5.202582e-02;1.362912e-01;1.096619e-01;5.119807e-02;2.652516e-01;4.665145e-02;5.291736e-02;2.208025e-02
5.792651e-02;7.888811e-02;5.775072e-02;5.694453e-02;5.483127e-02;1.400839e-01;8.209848e-02;6.554168e-02;3.187779e-01;3.522817e-02;2.604963e-02;2.587905e-02
4.517628e-02;7.514284e-02;7.453448e-02;4.912236e-02;5.069141e-02;1.439691e-01;6.446823e-02;7.466574e-02;3.378317e-01;2.864594e-02;1.463175e-02;4.112019e-02
4.488012e-02;7.198682e-02;7.030458e-02;4.264744e-02;4.076331e-02;1.606089e-01;4.061652e-02;7.702605e-02;3.212263e-01;3.532292e-02;1.967005e-02;7.494696e-02
4.284055e-02;7.284700e-02;9.377614e-02;3.245852e-02;4.553704e-02;1.541062e-01;6.683403e-02;9.072261e-02;2.373741e-01;4.048695e-02;1.791563e-02;1.051012e-01
5.442687e-02;6.829745e-02;1.201539e-01;3.845746e-02;5.600018e-02;1.197188e-01;9.072313e-02;8.694032e-02;1.764909e-01;5.429864e-02;3.543563e-02;9.905671e-02
6.456266e-02;5.747187e-02;1.251561e-01;4.928809e-02;5.468990e-02;9.069345e-02;1.007552e-01;8.293257e-02;1.824444e-01;7.187146e-02;4.387418e-02;7.626015e-02
7.401666e-02;9.700526e-02;1.186013e-01;5.220482e-02;4.737096e-02;6.566679e-02;7.974553e-02;6.827483e-02;2.010066e-01;6.584244e-02;5.737966e-02;7.288519e-02
6.978562e-02;1.127968e-01;1.302390e-01;4.806893e-02;7.068048e-02;6.114006e-02;1.015454e-01;6.525422e-02;7.668053e-02;7.918790e-02;9.648635e-02;8.813471e-02
8.038430e-02;8.936446e-02;1.931344e-01;5.541286e-02;6.400527e-02;5.929702e-02;1.138808e-01;5.161152e-02;4.676790e-02;9.384644e-02;9.439930e-02;5.789570e-02
7.324032e-02;6.556772e-02;2.658015e-01;5.187702e-02;4.251887e-02;4.666135e-02;1.168580e-01;4.998712e-02;5.458866e-02;1.143809e-01;8.925439e-02;2.926405e-02
6.672841e-02;2.266626e-02;3.311680e-01;5.303366e-02;2.588922e-02;2.561947e-02;1.190913e-01;5.411464e-02;8.286504e-02;1.045194e-01;7.773318e-02;3.657145e-02
4.736587e-02;6.863497e-02;3.099642e-01;5.869063e-02;3.422401e-02;4.063319e-02;1.034098e-01;4.943583e-02;8.146332e-02;1.092772e-01;6.086013e-02;3.604075e-02
5.898092e-02;8.791302e-02;2.543096e-01;4.514490e-02;3.280605e-02;6.737655e-02;1.047746e-01;3.973047e-02;7.123858e-02;1.141636e-01;8.527850e-02;3.828320e-02
8.923315e-02;6.003899e-02;1.931089e-01;5.814398e-02;6.398385e-02;7.386280e-02;9.933652e-02;4.657058e-02;5.614584e-02;1.068782e-01;1.007275e-01;5.196974e-02
7.291554e-02;5.632551e-02;1.826809e-01;8.636203e-02;8.393393e-02;6.784783e-02;9.523784e-02;6.334057e-02;3.843743e-02;1.005398e-01;9.703847e-02;5.534009e-02
4.027788e-02;5.094493e-02;1.639731e-01;8.664781e-02;8.399773e-02;5.923503e-02;1.176263e-01;8.207211e-02;4.774229e-02;1.149379e-01;9.503842e-02;5.750657e-02
5.947257e-02;3.252468e-02;6.757133e-02;5.463525e-02;9.593865e-02;5.652010e-02;1.629447e-01;9.747717e-02;1.253642e-01;1.208098e-01;8.543541e-02;4.130627e-02
5.768148e-02;4.506727e-02;7.425053e-02;3.658909e-02;9.439792e-02;3.445487e-02;1.973062e-01;9.020553e-02;1.439509e-01;1.301828e-01;7.421546e-02;2.169792e-02
6.118929e-02;5.632358e-02;1.249472e-01;4.601713e-02;7.951395e-02;3.578083e-02;1.889141e-01;6.105977e-02;1.343629e-01;1.230661e-01;6.110030e-02;2.772483e-02
7.582309e-02;5.130674e-02;1.976332e-01;8.462755e-02;6.154661e-02;4.412545e-02;1.536291e-01;3.104024e-02;1.431483e-01;8.604380e-02;3.747093e-02;3.360499e-02
9.815253e-02;4.499806e-02;2.441346e-01;6.424478e-02;4.657956e-02;5.559353e-02;1.131396e-01;4.457322e-02;1.118024e-01;9.767383e-02;5.012246e-02;2.898547e-02
9.808737e-02;5.336292e-02;2.739787e-01;5.455263e-02;5.230403e-02;6.411305e-02;1.209825e-01;4.822823e-02;7.387529e-02;8.135700e-02;5.155075e-02;2.760760e-02
8.578002e-02;4.505655e-02;3.182629e-01;4.721383e-02;5.457878e-02;6.971826e-02;8.758689e-02;4.665867e-02;6.562242e-02;6.411350e-02;6.283513e-02;5.257307e-02
4.320502e-02;4.597331e-02;2.475053e-01;5.698005e-02;5.137848e-02;7.586758e-02;1.129266e-01;3.621709e-02;6.936690e-02;5.314156e-02;1.268732e-01;8.056500e-02
6.479569e-02;4.986282e-02;1.689022e-01;3.736962e-02;5.041155e-02;8.182523e-02;1.676194e-01;2.692046e-02;7.341330e-02;5.961990e-02;1.528121e-01;6.644765e-02
6.905010e-02;5.224604e-02;1.508742e-01;3.192884e-02;4.229520e-02;7.092572e-02;2.120693e-01;4.018044e-02;7.022116e-02;6.331710e-02;1.367434e-01;6.014847e-02
9.326902e-02;5.410553e-02;1.325396e-01;4.615835e-02;2.970331e-02;4.472616e-02;2.381283e-01;4.581414e-02;7.282010e-02;5.015608e-02;1.010915e-01;9.148785e-02
1.878240e-01;7.963627e-02;1.306036e-01;5.559079e-02;3.838634e-02;2.240857e-02;1.983870e-01;5.945313e-02;5.397936e-02;4.064552e-02;5.514496e-02;7.794058e-02
2.736360e-01;1.228945e-01;1.456963e-01;4.592353e-02;5.666000e-02;2.229063e-02;9.734105e-02;4.487698e-02;5.038446e-02;3.921775e-02;5.889665e-02;4.218203e-02
2.307797e-01;2.279804e-01;1.709075e-01;3.608102e-02;4.379638e-02;2.622027e-02;4.395742e-02;2.896499e-02;5.104626e-02;3.411297e-02;6.162657e-02;4.452655e-02
1.670926e-01;3.203639e-01;1.782976e-01;3.171926e-02;2.630584e-02;3.613999e-02;3.230234e-02;3.126252e-02;4.896576e-02;3.026879e-02;5.796859e-02;3.931286e-02
2.780937e-01;2.811360e-01;1.336539e-01;2.418322e-02;3.224771e-02;2.876388e-02;3.103949e-02;4.188686e-02;4.164240e-02;2.317075e-02;4.835504e-02;3.582701e-02
4.251824e-01;2.094050e-01;7.347416e-02;1.728981e-02;3.703834e-02;1.868136e-02;4.668206e-02;4.698843e-02;3.210726e-02;1.885034e-02;4.181636e-02;3.248442e-02
4.453939e-01;1.518523e-01;4.390631e-02;1.836222e-02;3.079588e-02;1.576331e-02;9.691911e-02;4.878866e-02;2.617325e-02;3.036948e-02;3.722147e-02;5.445413e-02
3.785816e-01;1.155263e-01;6.155949e-02;2.270309e-02;2.876096e-02;1.918527e-02;1.472940e-01;4.625111e-02;2.361712e-02;4.266125e-02;4.108126e-02;7.277852e-02
3.305602e-01;5.608781e-02;5.893104e-02;2.928707e-02;4.899749e-02;3.507186e-02;1.808846e-01;4.685386e-02;3.451464e-02;5.899246e-02;5.367930e-02;6.613960e-02
2.902348e-01;1.450432e-01;1.374408e-01;2.050305e-02;4.865998e-02;3.050152e-02;1.228609e-01;4.682859e-02;2.222680e-02;5.197635e-02;5.717430e-02;2.654959e-02
2.798026e-01;1.894632e-01;1.635494e-01;2.223363e-02;2.822204e-02;1.694916e-02;1.193732e-01;4.328595e-02;1.555577e-02;3.941607e-02;5.326350e-02;2.888564e-02
2.672772e-01;1.972861e-01;9.716136e-02;2.330953e-02;3.672431e-02;2.237437e-02;1.699283e-01;3.550383e-02;1.425705e-02;3.562357e-02;5.512717e-02;4.542713e-02
1.281435e-01;2.573565e-01;6.537030e-02;2.262500e-02;2.242982e-02;2.610212e-02;2.553564e-01;3.716628e-02;2.304135e-02;5.449076e-02;7.079253e-02;3.712543e-02
2.030448e-01;2.526312e-01;1.095678e-01;1.828237e-02;2.972936e-02;2.294143e-02;2.021561e-01;1.955656e-02;2.125940e-02;3.976491e-02;6.215444e-02;1.891157e-02
2.853107e-01;2.324698e-01;9.004243e-02;1.238504e-02;2.877844e-02;1.187438e-02;1.687079e-01;3.612472e-02;2.375185e-02;3.315026e-02;4.661815e-02;3.078635e-02
2.931009e-01;1.531145e-01;1.141425e-01;2.577921e-02;4.412389e-02;2.522807e-02;1.612966e-01;4.193488e-02;3.051135e-02;2.837094e-02;3.849732e-02;4.389976e-02
1.106599e-01;9.595071e-02;1.092607e-01;8.953786e-02;7.979072e-02;3.797357e-02;1.229093e-01;5.260276e-02;5.139812e-02;8.735522e-02;6.667861e-02;9.588257e-02
1.090998e-01;1.169222e-01;2.885249e-01;6.585355e-02;3.919957e-02;2.605497e-02;7.723011e-02;3.428992e-02;3.785627e-02;7.814223e-02;6.970154e-02;5.712489e-02
7.246339e-02;1.269082e-01;4.023110e-01;5.890775e-02;3.710465e-02;3.851173e-02;4.416779e-02;2.668733e-02;4.129039e-02;5.807636e-02;5.387710e-02;3.969432e-02
1.008493e-01;1.531389e-01;3.703461e-01;5.636048e-02;3.808378e-02;5.440979e-02;5.536959e-02;1.793049e-02;3.786013e-02;3.719248e-02;4.583323e-02;3.262572e-02
1.523723e-01;1.628041e-01;2.507981e-01;5.421844e-02;5.423137e-02;7.808051e-02;9.000582e-02;3.467015e-02;2.399237e-02;2.383709e-02;5.081719e-02;2.417255e-02
1.937915e-01;1.171589e-01;1.121132e-01;5.222555e-02;9.950329e-02;8.359498e-02;1.268353e-01;8.741604e-02;2.901578e-02;2.418017e-02;5.165619e-02;2.250901e-02
1.839146e-01;6.017454e-02;5.455736e-02;6.369348e-02;1.024648e-01;7.051571e-02;1.450546e-01;1.328274e-01;8.420128e-02;3.797184e-02;3.981804e-02;2.480632e-02
1.311061e-01;3.928996e-02;8.142942e-02;9.378875e-02;8.332627e-02;5.415202e-02;1.210076e-01;1.395589e-01;1.421715e-01;5.192738e-02;2.908208e-02;3.315994e-02
1.198381e-01;4.136671e-02;1.455991e-01;8.577510e-02;7.232460e-02;4.260918e-02;9.865624e-02;1.218918e-01;1.443079e-01;5.624036e-02;2.408789e-02;4.730300e-02
1.571191e-01;9.454233e-02;1.453852e-01;5.504909e-02;7.094336e-02;3.990682e-02;6.992278e-02;1.239394e-01;9.816185e-02;5.438482e-02;3.576301e-02;5.488222e-02
1.418062e-01;1.007575e-01;1.118703e-01;4.082232e-02;5.790521e-02;5.520840e-02;8.474544e-02;9.018286e-02;9.917429e-02;8.348779e-02;7.788218e-02;5.615762e-02
1.275912e-01;9.234776e-02;1.121464e-01;4.176382e-02;6.052491e-02;6.323820e-02;8.509387e-02;6.058723e-02;1.033426e-01;1.222589e-01;8.826332e-02;4.284183e-02
1.503033e-01;8.399775e-02;9.088937e-02;3.174027e-02;7.277857e-02;5.909048e-02;8.555293e-02;5.820978e-02;8.276226e-02;1.178782e-01;1.195387e-01;4.725837e-02
1.876276e-01;7.276867e-02;7.486138e-02;4.035543e-02;7.574810e-02;4.143599e-02;7.809632e-02;6.722800e-02;5.755319e-02;7.224908e-02;1.603519e-01;7.172424e-02
1.980024e-01;7.504047e-02;1.017041e-01;5.218289e-02;7.324258e-02;2.457470e-02;9.713640e-02;4.599311e-02;5.676517e-02;4.951647e-02;1.415792e-01;8.426243e-02
1.716268e-01;6.955580e-02;1.184716e-01;4.017104e-02;6.856810e-02;3.425308e-02;1.134211e-01;4.152651e-02;6.575619e-02;8.491623e-02;1.032892e-01;8.844431e-02
1.758477e-01;4.997890e-02;4.200262e-02;1.966617e-02;6.610768e-02;4.223622e-02;9.972840e-02;8.774436e-02;6.701266e-02;1.039930e-01;1.500140e-01;9.566822e-02
1.492019e-01;1.070623e-01;1.288985e-01;4.595328e-02;5.896455e-02;3.450390e-02;6.283370e-02;6.048553e-02;6.078735e-02;8.428422e-02;1.344150e-01;7.260978e-02
1.079707e-01;1.203295e-01;9.888542e-02;6.209363e-02;5.542008e-02;5.493565e-02;9.974032e-02;6.182676e-02;7.737931e-02;1.146667e-01;1.055970e-01;4.115487e-02
8.205497e-02;9.439218e-02;6.935265e-02;6.672829e-02;6.506337e-02;6.754335e-02;1.155001e-01;7.507751e-02;7.577462e-02;1.553182e-01;9.307865e-02;4.011611e-02
7.373525e-02;6.714673e-02;8.238074e-02;4.641157e-02;9.318481e-02;7.713316e-02;1.203946e-01;6.408423e-02;8.305306e-02;1.562192e-01;9.360445e-02;4.265210e-02
7.094087e-02;3.981937e-02;1.076476e-01;4.595032e-02;8.201282e-02;8.568339e-02;1.277562e-01;8.092906e-02;1.078802e-01;8.175666e-02;1.250704e-01;4.455316e-02
9.856539e-02;5.619934e-02;1.533840e-01;3.843291e-02;6.647505e-02;7.729930e-02;1.041935e-01;4.803051e-02;1.118640e-01;8.588596e-02;9.293675e-02;6.673331e-02
1.250581e-01;9.848468e-02;1.779464e-01;4.522184e-02;5.190980e-02;7.616553e-02;1.043730e-01;3.392934e-02;1.068620e-01;7.178900e-02;4.052878e-02;6.773146e-02
1.035059e-01;9.631684e-02;1.759662e-01;5.405454e-02;4.530115e-02;8.120892e-02;8.930664e-02;6.825831e-02;1.088061e-01;5.831062e-02;5.353591e-02;6.542892e-02
9.342639e-02;5.719471e-02;1.232321e-01;5.666939e-02;6.655040e-02;8.367869e-02;8.485964e-02;1.140736e-01;1.368075e-01;6.061091e-02;5.721188e-02;6.568476e-02
8.113845e-02;2.683855e-02;1.146343e-01;6.259695e-02;6.414387e-02;9.420065e-02;1.577232e-01;1.183448e-01;1.172779e-01;6.551292e-02;4.602659e-02;5.156193e-02
9.274746e-02;5.420310e-02;1.738566e-01;5.611040e-02;7.360302e-02;9.333339e-02;1.688923e-01;9.949232e-02;6.311398e-02;5.622309e-02;3.177104e-02;3.665330e-02
1.150019e-01;3.541037e-02;1.722292e-01;4.070180e-02;7.056381e-02;6.990813e-02;2.786267e-01;7.462223e-02;4.086358e-02;2.735878e-02;2.724666e-02;4.746692e-02
1.091838e-01;6.621038e-02;7.513829e-02;4.326298e-02;4.976053e-02;5.107420e-02;3.505589e-01;6.886496e-02;3.364217e-02;4.098430e-02;4.369071e-02;6.762885e-02
6.294362e-02;6.264589e-02;8.337688e-02;3.933384e-02;3.370882e-02;5.539961e-02;3.983588e-01;5.527007e-02;2.908074e-02;4.490886e-02;5.110664e-02;8.386625e-02
5.651839e-02;4.535090e-02;6.196681e-02;5.421500e-02;3.854026e-02;5.697552e-02;4.277075e-01;4.408857e-02;2.187349e-02;3.908028e-02;6.891091e-02;8.477243e-02
6.635707e-02;4.218685e-02;7.341684e-02;6.671187e-02;4.459831e-02;4.204450e-02;4.227929e-01;3.178594e-02;1.374702e-02;4.235478e-02;6.555782e-02;8.844611e-02
7.181660e-02;4.355021e-02;9.633704e-02;7.368363e-02;4.722697e-02;4.551718e-02;3.923535e-01;3.304625e-02;1.640909e-02;3.515727e-02;6.110194e-02;8.380034e-02
7.316348e-02;5.514182e-02;9.164067e-02;7.821707e-02;5.082483e-02;5.733583e-02;3.603926e-01;4.533285e-02;2.699785e-02;4.693370e-02;5.337404e-02;6.064529e-02
5.506917e-02;7.870054e-02;1.591559e-01;5.793256e-02;7.453490e-02;5.953230e-02;3.205686e-01;4.656189e-02;2.631252e-02;4.179605e-02;4.651151e-02;3.332401e-02
2.308863e-02;5.759706e-02;1.623477e-01;5.201970e-02;8.307945e-02;8.722568e-02;3.634834e-01;5.066698e-02;2.922930e-02;2.789281e-02;3.782748e-02;2.554188e-02
2.308177e-02;5.119548e-02;1.601667e-01;4.844645e-02;8.165721e-02;8.605678e-02;3.881341e-01;4.325704e-02;2.978128e-02;2.780295e-02;4.166939e-02;1.875081e-02
3.659659e-02;7.825990e-02;1.853042e-01;4.114254e-02;8.277469e-02;7.107160e-02;3.587536e-01;2.256790e-02;2.423686e-02;3.191306e-02;4.600219e-02;2.137684e-02
6.042452e-02;1.069406e-01;1.513460e-01;3.436688e-02;7.513642e-02;7.395355e-02;3.283646e-01;2.057212e-02;1.777788e-02;3.806516e-02;5.808699e-02;3.496521e-02
7.327686e-02;1.135911e-01;1.267458e-01;3.167730e-02;6.736252e-02;8.063815e-02;3.068106e-01;2.336539e-02;1.500628e-02;4.629597e-02;6.682067e-02;4.840938e-02
4.670375e-02;9.208692e-02;1.306949e-01;3.837437e-02;1.032579e-01;7.795803e-02;2.683039e-01;2.856442e-02;2.074117e-02;6.049928e-02;7.352422e-02;5.929110e-02
7.103382e-02;1.004996e-01;1.315825e-01;4.337562e-02;1.179391e-01;6.033767e-02;1.603345e-01;4.083707e-02;3.509987e-02;7.262658e-02;7.844793e-02;8.788583e-02
1.235047e-01;1.138880e-01;1.780472e-01;4.252333e-02;9.520423e-02;4.748091e-02;1.189992e-01;4.222599e-02;3.165225e-02;6.142856e-02;5.224546e-02;9.280018e-02
1.119851e-01;6.111950e-02;2.242158e-01;5.551781e-02;7.363929e-02;3.772387e-02;1.533147e-01;3.201374e-02;2.907506e-02;6.897989e-02;5.913222e-02;9.328306e-02
1.065040e-01;2.929489e-02;2.393035e-01;6.628094e-02;7.394854e-02;5.097851e-02;1.698084e-01;2.563701e-02;4.134214e-02;7.112963e-02;6.318246e-02;6.259003e-02
1.161855e-01;2.536841e-02;2.235544e-01;7.161151e-02;4.541305e-02;4.960146e-02;1.860457e-01;4.105983e-02;4.693882e-02;4.990681e-02;5.129883e-02;9.301565e-02
1.249493e-01;7.727649e-02;1.550756e-01;5.597123e-02;7.153334e-02;7.124771e-02;1.762515e-01;4.031005e-02;3.503805e-02;5.417600e-02;5.589598e-02;8.227473e-02
1.385719e-01;7.065114e-02;1.116450e-01;2.916343e-02;6.953631e-02;6.516109e-02;2.168811e-01;5.672348e-02;3.568485e-02;5.403136e-02;6.696693e-02;8.498343e-02
1.007269e-01;9.259744e-02;9.588134e-02;3.656846e-02;5.824466e-02;4.367651e-02;2.911448e-01;6.357973e-02;3.981896e-02;4.333786e-02;6.586698e-02;6.855630e-02
4.784205e-02;8.637539e-02;7.531663e-02;4.475591e-02;7.081869e-02;5.125157e-02;3.323686e-01;6.737443e-02;4.971352e-02;3.911049e-02;7.446715e-02;6.060560e-02
7.483985e-02;2.964018e-02;1.013444e-01;4.537976e-02;7.630544e-02;5.425374e-02;3.174430e-01;7.674412e-02;5.369880e-02;3.354489e-02;6.988256e-02;6.692319e-02
6.237764e-02;2.838959e-02;1.457572e-01;4.674058e-02;7.379121e-02;5.876765e-02;2.983825e-01;5.647381e-02;5.728804e-02;3.670980e-02;7.050321e-02;6.481874e-02
3.289570e-02;2.366043e-02;1.304440e-01;4.787919e-02;7.556272e-02;7.289743e-02;3.120271e-01;6.752168e-02;6.208187e-02;3.666045e-02;7.496895e-02;6.340047e-02
3.453718e-02;1.952317e-02;8.521723e-02;4.045656e-02;7.822525e-02;8.023067e-02;3.261438e-01;1.056798e-01;5.072885e-02;4.242621e-02;6.662690e-02;7.020435e-02
8.043219e-02;3.769629e-02;8.648174e-02;3.078600e-02;5.855724e-02;6.942273e-02;3.187508e-01;1.038662e-01;3.646145e-02;4.506144e-02;4.876856e-02;8.371536e-02
1.557304e-01;7.187098e-02;1.073427e-01;3.478885e-02;3.197564e-02;4.691700e-02;2.871461e-01;6.309492e-02;3.037542e-02;3.733554e-02;3.356124e-02;9.986124e-02
2.194984e-01;1.135924e-01;1.129379e-01;4.260563e-02;2.581473e-02;2.423804e-02;2.199721e-01;4.662266e-02;2.608371e-02;3.528139e-02;2.837136e-02;1.049816e-01
2.646853e-01;1.399779e-01;9.616096e-02;4.436361e-02;2.815870e-02;1.675653e-02;1.687059e-01;4.665200e-02;1.669854e-02;3.557946e-02;3.155043e-02;1.107107e-01
2.909469e-01;1.230815e-01;7.124578e-02;4.673867e-02;2.621900e-02;1.760879e-02;1.385118e-01;4.978868e-02;1.739365e-02;3.895303e-02;4.456903e-02;1.349432e-01
2.647001e-01;7.313246e-02;7.686806e-02;4.742982e-02;3.114681e-02;2.300628e-02;1.269711e-01;5.110498e-02;2.291612e-02;5.216458e-02;7.430319e-02;1.562566e-01
2.030800e-01;3.772697e-02;1.167903e-01;4.089123e-02;4.269126e-02;3.300902e-02;1.343980e-01;4.603694e-02;2.895327e-02;6.825683e-02;9.717138e-02;1.509947e-01
1.184171e-01;6.339575e-02;1.516255e-01;3.062169e-02;3.516413e-02;3.984053e-02;2.057757e-01;4.097074e-02;3.085868e-02;6.825595e-02;8.856332e-02;1.265109e-01
1.222296e-01;8.143226e-02;1.184178e-01;2.875043e-02;4.363568e-02;4.476603e-02;3.039208e-01;4.337393e-02;2.307741e-02;4.038180e-02;6.407788e-02;8.593639e-02
1.554260e-01;5.432297e-02;6.702381e-02;3.187295e-02;3.355048e-02;4.186423e-02;3.352386e-01;4.689174e-02;2.482792e-02;5.226685e-02;8.343395e-02;7.328045e-02
1.191411e-01;3.197494e-02;6.563271e-02;2.488093e-02;3.710943e-02;4.372541e-02;3.603532e-01;6.530166e-02;2.855864e-02;6.757221e-02;8.600035e-02;6.974941e-02
8.594709e-02;5.110775e-02;8.136371e-02;2.014557e-02;4.982721e-02;3.959936e-02;3.555707e-01;8.773527e-02;3.150746e-02;6.376924e-02;5.730756e-02;7.611910e-02
1.550208e-01;1.062786e-01;9.595966e-02;3.696763e-02;4.411361e-02;6.396765e-02;1.971486e-01;6.887429e-02;6.653550e-02;5.538667e-02;5.496359e-02;5.478334e-02
2.035660e-01;9.636419e-02;1.271728e-01;5.151389e-02;4.859709e-02;7.511513e-02;1.040829e-01;5.648825e-02;7.741538e-02;4.350074e-02;4.905039e-02;6.713320e-02
1.997952e-01;1.280861e-01;1.431478e-01;4.965418e-02;5.796280e-02;5.933709e-02;1.090777e-01;5.650628e-02;5.133313e-02;3.548096e-02;4.370039e-02;6.591836e-02
2.112834e-01;1.701119e-01;1.328890e-01;3.874469e-02;5.394953e-02;3.575281e-02;1.257565e-01;5.324228e-02;3.565181e-02;3.623157e-02;3.996808e-02;6.641828e-02
2.577650e-01;1.663865e-01;1.086078e-01;3.431767e-02;4.471963e-02;1.862717e-02;1.406025e-01;5.588011e-02;3.279604e-02;3.566034e-02;3.232339e-02;7.231385e-02
2.586738e-01;1.208660e-01;8.484804e-02;3.230215e-02;5.236777e-02;3.334637e-02;1.672365e-01;5.697658e-02;3.230289e-02;3.393708e-02;4.124833e-02;8.589438e-02
2.293555e-01;6.236406e-02;9.567501e-02;2.542400e-02;7.165860e-02;5.593144e-02;1.818147e-01;5.274234e-02;3.190425e-02;4.424214e-02;5.770552e-02;9.118246e-02
1.766981e-01;6.086085e-02;1.524275e-01;3.284548e-02;7.782643e-02;5.735193e-02;1.790046e-01;3.636608e-02;3.099602e-02;6.050529e-02;6.665350e-02;6.846433e-02
1.047267e-01;1.119044e-01;1.494812e-01;2.893006e-02;9.012398e-02;4.158081e-02;2.115070e-01;5.359873e-02;3.372147e-02;6.368154e-02;5.172050e-02;5.902366e-02
1.557022e-01;9.664357e-02;1.348824e-01;2.454703e-02;7.777978e-02;3.650662e-02;1.680286e-01;7.854692e-02;5.262010e-02;4.162537e-02;4.958770e-02;8.352968e-02
1.970645e-01;5.028185e-02;1.123532e-01;4.537488e-02;7.916519e-02;4.364458e-02;1.359096e-01;7.418804e-02;5.848926e-02;3.691849e-02;5.327648e-02;1.133339e-01
2.223389e-01;6.984942e-02;1.043259e-01;4.932819e-02;7.873444e-02;3.856042e-02;1.208520e-01;6.144328e-02;6.182531e-02;3.894477e-02;4.402671e-02;1.097706e-01
2.009652e-01;9.543034e-02;1.117283e-01;7.058604e-02;7.059862e-02;7.226308e-02;8.768073e-02;5.571382e-02;7.610868e-02;5.147920e-02;2.920470e-02;7.824129e-02
1.188736e-01;1.030616e-01;1.185564e-01;1.053719e-01;8.217711e-02;8.711927e-02;6.705967e-02;4.709122e-02;7.529133e-02;8.369316e-02;4.614610e-02;6.555872e-02
1.522332e-01;9.801663e-02;1.013091e-01;1.154616e-01;1.023227e-01;5.159527e-02;6.373989e-02;4.586430e-02;6.157813e-02;9.635619e-02;3.842198e-02;7.310106e-02
1.504177e-01;9.288970e-02;1.250204e-01;9.944948e-02;9.701739e-02;5.571537e-02;4.795868e-02;4.949110e-02;7.393279e-02;8.866511e-02;2.065498e-02;9.878727e-02
1.753765e-01;1.060620e-01;1.328897e-01;6.315888e-02;6.940138e-02;5.689805e-02;4.866058e-02;6.608557e-02;9.714372e-02;7.769939e-02;2.958915e-02;7.703499e-02
1.610702e-01;1.105237e-01;1.227771e-01;5.411610e-02;6.989022e-02;3.950265e-02;7.805748e-02;7.503054e-02;9.371153e-02;8.729469e-02;4.565070e-02;6.237510e-02
1.260251e-01;7.348217e-02;1.979282e-01;7.168271e-02;5.475850e-02;4.531995e-02;9.266257e-02;6.705556e-02;4.730859e-02;4.909255e-02;8.067222e-02;9.401183e-02
1.720273e-01;1.068050e-01;1.925478e-01;6.372038e-02;4.888286e-02;3.837332e-02;8.246167e-02;6.547865e-02;3.640586e-02;3.821714e-02;5.567956e-02;9.940039e-02
2.518902e-01;1.580099e-01;1.160495e-01;5.075716e-02;4.033646e-02;3.303694e-02;9.516138e-02;6.031818e-02;4.103633e-02;3.636475e-02;2.508128e-02;9.195788e-02
2.211033e-01;1.609216e-01;1.183018e-01;5.255032e-02;4.147389e-02;3.925319e-02;1.112768e-01;6.347607e-02;4.634630e-02;3.300130e-02;4.133110e-02;7.096431e-02
1.089662e-01;8.621013e-02;1.900187e-01;6.983676e-02;5.588107e-02;5.187801e-02;1.523723e-01;7.030144e-02;6.153497e-02;4.160821e-02;6.512442e-02;4.626776e-02
5.341759e-02;6.156333e-02;2.366418e-01;7.817408e-02;4.965880e-02;6.507125e-02;1.708704e-01;4.205348e-02;6.213102e-02;6.314199e-02;7.958167e-02;3.769454e-02
5.632450e-02;7.148212e-02;2.044598e-01;8.842070e-02;4.660261e-02;8.291308e-02;1.454298e-01;5.087014e-02;5.031109e-02;8.028217e-02;8.959807e-02;3.330589e-02
5.310124e-02;7.787495e-02;1.658445e-01;1.080558e-01;5.197077e-02;8.308512e-02;1.360420e-01;7.126302e-02;3.705956e-02;8.564652e-02;9.362822e-02;3.642824e-02
3.458915e-02;7.085538e-02;1.308887e-01;1.353049e-01;6.375195e-02;8.023327e-02;1.693391e-01;6.788684e-02;3.635903e-02;8.159089e-02;9.098636e-02;3.821447e-02
2.762179e-02;4.820053e-02;1.425496e-01;1.320918e-01;6.936117e-02;1.002244e-01;1.985858e-01;4.929784e-02;3.689759e-02;7.013602e-02;8.529689e-02;3.973648e-02
3.046257e-02;2.191820e-02;1.472855e-01;1.455302e-01;7.706558e-02;7.639075e-02;2.622628e-01;3.080924e-02;4.832362e-02;5.354662e-02;7.371335e-02;3.269159e-02
1.674363e-02;2.483074e-02;1.493842e-01;1.535964e-01;1.060989e-01;5.260412e-02;3.048207e-01;1.511354e-02;4.805275e-02;3.504024e-02;6.407193e-02;2.964285e-02
1.119609e-02;1.672407e-02;1.480274e-01;1.571900e-01;1.143977e-01;5.382815e-02;3.288212e-01;1.322489e-02;4.417050e-02;2.562793e-02;5.803430e-02;2.875767e-02
1.995339e-02;1.019503e-02;1.414064e-01;1.594053e-01;1.113050e-01;5.391756e-02;3.319987e-01;1.742362e-02;4.201627e-02;2.611268e-02;5.103052e-02;3.523547e-02
3.598418e-02;1.229575e-02;1.313669e-01;1.314344e-01;1.074810e-01;5.830894e-02;3.299680e-01;3.595889e-02;3.819973e-02;2.480868e-02;4.881685e-02;4.537665e-02
7.473115e-02;2.607416e-02;1.214035e-01;7.637474e-02;9.565691e-02;7.908161e-02;3.195286e-01;5.081365e-02;2.671134e-02;2.523720e-02;4.077182e-02;6.361534e-02
1.416993e-01;6.081084e-02;9.008060e-02;3.101722e-02;6.716471e-02;7.668812e-02;3.065904e-01;4.549380e-02;2.326797e-02;2.861077e-02;3.779344e-02;9.078281e-02
1.977311e-01;9.457674e-02;7.040141e-02;2.461287e-02;3.601740e-02;5.368522e-02;2.841754e-01;2.740678e-02;2.967448e-02;2.423762e-02;4.890580e-02;1.085752e-01
2.255658e-01;7.680631e-02;1.065468e-01;2.983983e-02;2.828833e-02;5.126531e-02;2.346781e-01;2.529194e-02;2.954512e-02;2.731119e-02;6.222991e-02;1.026314e-01
2.454306e-01;7.093364e-02;1.377154e-01;3.100614e-02;3.756056e-02;5.106641e-02;1.774035e-01;2.620819e-02;3.194065e-02;4.583940e-02;5.880800e-02;8.608754e-02
2.355015e-01;8.826119e-02;1.780744e-01;3.035008e-02;3.584759e-02;4.421364e-02;1.534896e-01;2.406534e-02;3.361102e-02;6.806320e-02;3.511656e-02;7.340580e-02
1.015413e-01;8.344789e-02;1.849208e-01;3.789881e-02;5.457702e-02;4.110862e-02;2.518431e-01;4.009789e-02;2.534451e-02;5.767865e-02;5.447659e-02;6.706474e-02
1.400811e-01;6.078701e-02;1.127200e-01;4.895173e-02;3.899203e-02;3.347636e-02;3.290362e-01;2.981064e-02;2.614563e-02;4.253690e-02;6.808875e-02;6.937363e-02
9.147583e-02;2.953961e-02;1.025419e-01;8.541793e-02;7.711898e-02;5.659993e-02;2.951973e-01;2.237416e-02;2.736209e-02;6.237281e-02;7.230835e-02;7.769115e-02
4.919361e-02;4.301397e-02;1.198209e-01;1.106647e-01;9.856237e-02;5.365512e-02;2.446105e-01;2.504802e-02;4.130761e-02;6.593484e-02;7.584868e-02;7.233976e-02
6.397425e-02;4.194677e-02;9.935037e-02;9.063403e-02;1.050919e-01;5.621288e-02;2.691118e-01;3.427578e-02;4.051499e-02;6.387127e-02;7.412635e-02;6.088960e-02
1.270576e-01;3.091235e-02;7.850950e-02;3.291887e-02;8.071161e-02;5.731954e-02;3.044438e-01;4.296266e-02;4.586269e-02;6.689956e-02;8.165354e-02;5.074833e-02
1.663495e-01;4.818005e-02;6.705602e-02;3.980456e-02;6.185213e-02;7.975273e-02;2.588873e-01;2.927522e-02;5.817194e-02;6.612848e-02;8.275862e-02;4.178352e-02
2.002030e-01;7.633478e-02;9.935045e-02;4.611813e-02;6.546097e-02;8.492570e-02;1.596724e-01;3.409784e-02;5.633257e-02;6.888835e-02;6.492526e-02;4.369048e-02
2.326306e-01;9.434842e-02;1.104293e-01;3.666611e-02;6.586301e-02;5.094131e-02;1.253008e-01;3.977611e-02;4.456371e-02;7.481741e-02;4.183739e-02;8.282582e-02
2.214252e-01;6.994371e-02;1.333099e-01;5.544365e-02;8.099311e-02;4.397470e-02;7.258412e-02;3.550927e-02;3.308080e-02;7.274877e-02;7.083403e-02;1.101527e-01
1.570077e-01;6.312010e-02;1.369885e-01;7.920634e-02;6.877773e-02;4.308886e-02;1.196243e-01;4.121777e-02;3.665006e-02;6.141431e-02;1.054935e-01;8.741084e-02
8.487676e-02;8.311761e-02;1.721617e-01;7.578749e-02;6.861670e-02;8.147962e-02;9.850758e-02;3.873473e-02;3.844910e-02;6.699667e-02;1.136827e-01;7.758935e-02
6.656566e-02;4.631384e-02;1.562324e-01;8.110219e-02;8.390158e-02;1.123008e-01;1.415590e-01;9.360904e-02;4.720017e-02;4.637639e-02;7.136666e-02;5.347230e-02
6.699005e-02;4.755646e-02;1.799882e-01;6.210935e-02;7.804495e-02;8.536957e-02;1.924482e-01;1.007749e-01;4.546394e-02;5.494052e-02;5.193813e-02;3.437576e-02
6.335809e-02;4.348774e-02;1.705817e-01;5.366492e-02;6.877733e-02;6.430800e-02;2.371101e-01;1.024645e-01;6.755133e-02;4.998347e-02;4.782701e-02;3.088581e-02
4.869111e-02;3.010216e-02;1.278762e-01;4.713408e-02;5.907187e-02;5.302689e-02;2.574186e-01;1.236007e-01;9.874435e-02;5.972182e-02;4.682056e-02;4.779166e-02
3.118789e-02;9.326393e-03;9.245558e-02;2.994402e-02;5.536731e-02;5.207414e-02;2.322756e-01;1.366793e-01;1.733129e-01;8.767907e-02;4.091213e-02;5.878561e-02
1.705771e-02;2.207054e-02;9.152009e-02;3.326077e-02;6.564204e-02;7.834145e-02;1.824459e-01;1.134299e-01;2.356110e-01;7.654251e-02;4.084847e-02;4.322958e-02
2.988447e-02;3.064600e-02;9.820658e-02;2.520819e-02;7.242820e-02;1.046085e-01;1.715696e-01;1.020161e-01;2.330758e-01;5.409977e-02;4.409801e-02;3.415877e-02
3.471474e-02;3.198180e-02;1.151390e-01;2.680008e-02;6.035710e-02;1.126431e-01;1.760351e-01;9.542638e-02;1.611784e-01;4.317934e-02;9.151798e-02;5.102706e-02
6.266315e-02;4.749453e-02;1.366477e-01;3.521575e-02;4.819196e-02;1.089739e-01;1.587540e-01;9.127980e-02;9.906320e-02;5.211315e-02;1.047369e-01;5.486603e-02
8.703104e-02;5.783645e-02;1.548669e-01;3.817988e-02;4.563339e-02;9.655807e-02;1.305688e-01;7.961361e-02;9.941854e-02;8.306549e-02;8.152557e-02;4.570213e-02
8.682641e-02;4.715598e-02;1.625292e-01;3.091693e-02;4.987704e-02;7.855368e-02;1.664695e-01;7.612328e-02;1.207557e-01;8.605462e-02;5.560433e-02;3.913330e-02
5.852738e-02;5.727893e-02;1.345261e-01;4.548134e-02;8.520926e-02;8.304575e-02;1.422467e-01;8.187411e-02;1.170883e-01;6.989234e-02;7.049143e-02;5.433832e-02
8.872056e-02;4.301111e-02;9.956641e-02;5.303377e-02;9.995821e-02;7.888158e-02;1.250121e-01;7.778934e-02;9.454364e-02;1.191433e-01;5.314271e-02;6.719732e-02
1.355960e-01;5.947110e-02;1.230104e-01;5.791168e-02;7.666373e-02;6.689803e-02;1.219857e-01;6.948636e-02;1.043028e-01;8.920851e-02;3.411989e-02;6.134582e-02
1.532740e-01;7.381406e-02;1.036051e-01;6.976801e-02;6.608132e-02;6.100914e-02;1.365299e-01;7.598521e-02;1.092573e-01;6.131064e-02;2.962561e-02;5.973958e-02
1.369816e-01;7.111568e-02;9.357453e-02;7.749383e-02;6.505792e-02;5.362267e-02;1.609276e-01;8.652855e-02;9.035705e-02;5.868602e-02;4.086022e-02;6.479433e-02
1.206908e-01;5.956790e-02;1.514111e-01;5.721177e-02;8.062172e-02;6.216471e-02;1.363568e-01;7.989897e-02;6.312219e-02;6.899798e-02;4.971787e-02;7.023815e-02
1.527591e-01;7.915647e-02;1.650227e-01;3.032421e-02;7.526124e-02;8.316914e-02;9.718324e-02;6.289554e-02;5.222113e-02;7.408287e-02;5.971700e-02;6.820737e-02
5.219905e-02;8.974125e-02;1.482768e-01;3.139768e-02;6.904048e-02;7.775233e-02;2.088344e-01;6.570059e-02;4.477242e-02;7.337523e-02;7.418226e-02;6.472746e-02
1.075865e-01;8.160152e-02;9.445737e-02;3.211275e-02;8.340222e-02;5.663526e-02;2.566777e-01;6.277438e-02;4.519235e-02;5.732555e-02;6.875679e-02;5.347759e-02
6.271583e-02;6.650174e-02;1.086408e-01;5.030163e-02;9.332787e-02;6.685396e-02;2.672116e-01;7.050393e-02;4.638691e-02;5.106079e-02;6.700484e-02;4.949013e-02
5.427232e-02;5.809476e-02;9.740618e-02;4.834266e-02;8.347210e-02;5.952067e-02;2.798058e-01;7.778001e-02;5.323023e-02;4.689565e-02;8.058704e-02;6.059261e-02
6.385764e-02;7.447315e-02;7.039025e-02;4.055153e-02;5.497820e-02;5.746781e-02;3.018867e-01;6.014588e-02;5.961809e-02;5.099992e-02;8.509892e-02;8.053188e-02
6.926835e-02;7.934349e-02;9.515548e-02;4.577349e-02;2.826562e-02;5.283708e-02;3.159672e-01;3.446496e-02;5.561744e-02;6.135313e-02;7.803132e-02;8.392245e-02
5.690319e-02;5.745617e-02;9.066657e-02;3.751883e-02;5.448101e-02;5.130465e-02;3.344138e-01;3.689703e-02;7.294780e-02;5.240474e-02;9.441449e-02;6.059172e-02
3.592476e-02;3.928569e-02;1.034343e-01;3.728073e-02;7.177245e-02;6.617963e-02;3.258057e-01;4.400297e-02;9.439228e-02;4.565877e-02;1.014990e-01;3.476371e-02
4.091451e-02;3.902635e-02;8.502707e-02;3.202164e-02;8.342836e-02;7.277756e-02;3.054300e-01;5.969653e-02;8.514287e-02;5.214338e-02;8.427118e-02;6.012059e-02
3.083238e-02;3.482782e-02;8.921043e-02;3.073841e-02;9.026181e-02;6.985239e-02;3.104655e-01;8.010659e-02;5.543396e-02;5.004919e-02;7.714683e-02;8.107468e-02
3.523172e-02;3.463496e-02;7.064429e-02;5.461426e-02;1.011192e-01;6.832106e-02;2.854977e-01;9.968372e-02;7.401441e-02;4.745932e-02;6.064799e-02;6.813141e-02
4.227982e-02;5.868284e-02;1.065398e-01;8.676053e-02;9.175156e-02;7.007745e-02;2.516378e-01;9.110965e-02;7.626197e-02;3.603877e-02;4.204489e-02;4.681491e-02
2.782531e-02;4.912776e-02;7.974185e-02;9.691400e-02;1.072367e-01;1.089269e-01;2.752966e-01;8.218894e-02;7.168107e-02;3.004759e-02;3.564727e-02;3.536601e-02
1.870472e-02;2.769138e-02;6.491811e-02;5.266965e-02;1.172546e-01;1.317049e-01;3.234672e-01;8.075394e-02;7.218737e-02;3.007924e-02;3.318149e-02;4.738740e-02
2.287007e-02;2.223411e-02;7.283519e-02;2.719321e-02;8.443208e-02;1.042131e-01;3.485320e-01;8.988523e-02;8.890899e-02;2.992620e-02;4.724857e-02;6.172119e-02
3.516833e-02;1.662122e-02;8.067036e-02;3.276304e-02;6.890406e-02;7.683557e-02;3.056005e-01;1.020844e-01;1.165234e-01;3.445743e-02;7.182569e-02;5.854599e-02
5.249926e-02;3.173088e-02;7.279090e-02;2.698427e-02;6.003137e-02;8.719609e-02;2.355492e-01;6.466673e-02;1.312892e-01;6.919271e-02;1.074456e-01;6.062391e-02
5.028991e-02;3.195296e-02;9.325479e-02;2.358577e-02;6.375518e-02;7.436725e-02;2.458646e-01;3.302868e-02;1.247836e-01;5.569413e-02;1.294813e-01;7.394174e-02
3.587883e-02;2.605341e-02;8.728917e-02;2.256240e-02;5.876039e-02;5.602673e-02;3.255594e-01;4.294004e-02;8.902849e-02;3.450848e-02;1.247364e-01;9.665626e-02
2.735156e-02;3.128134e-02;5.454618e-02;2.355148e-02;7.859764e-02;6.009337e-02;3.494908e-01;5.443866e-02;7.952981e-02;4.628008e-02;9.357038e-02;1.012687e-01
4.645021e-02;3.995628e-02;9.007813e-02;4.916557e-02;8.218833e-02;5.589364e-02;2.623192e-01;6.106101e-02;1.042478e-01;4.809041e-02;8.471925e-02;7.583015e-02
3.898319e-02;3.783283e-02;1.754274e-01;6.182043e-02;9.681395e-02;9.557363e-02;1.362534e-01;7.102701e-02;1.036065e-01;4.857787e-02;7.936954e-02;5.471426e-02
6.975591e-02;5.798429e-02;1.516091e-01;4.505711e-02;9.745716e-02;7.652329e-02;1.514856e-01;3.957507e-02;7.566392e-02;5.887907e-02;9.131607e-02;8.469340e-02
1.396976e-01;7.868360e-02;1.042603e-01;3.808815e-02;5.671373e-02;3.368441e-02;4.582146e-02;4.944637e-02;7.421166e-02;8.881990e-02;1.261390e-01;1.644338e-01
1.534990e-01;8.646685e-02;8.103994e-02;3.653982e-02;4.041214e-02;2.749346e-02;4.181467e-02;5.173070e-02;7.300863e-02;8.853373e-02;1.218689e-01;1.975921e-01
1.397875e-01;7.196435e-02;9.031244e-02;3.380521e-02;3.273153e-02;3.491376e-02;6.350169e-02;6.341968e-02;8.126684e-02;8.010073e-02;9.841228e-02;2.097840e-01
8.993406e-02;4.430030e-02;1.110994e-01;4.071850e-02;5.087131e-02;5.309052e-02;8.965141e-02;6.625210e-02;9.958736e-02;1.054130e-01;1.206879e-01;1.283942e-01
8.738149e-02;4.682267e-02;7.986920e-02;2.952598e-02;5.729558e-02;5.211320e-02;1.015021e-01;9.340722e-02;1.127367e-01;1.177796e-01;1.369678e-01;8.459844e-02
9.299408e-02;5.205313e-02;5.937794e-02;3.697981e-02;4.873881e-02;4.772835e-02;1.300855e-01;1.092014e-01;1.182755e-01;1.292547e-01;8.819118e-02;8.711965e-02
6.322072e-02;5.727969e-02;5.992034e-02;5.168343e-02;3.424567e-02;5.330435e-02;1.787059e-01;1.051006e-01;9.249356e-02;1.365848e-01;7.785816e-02;8.960279e-02
6.222734e-02;6.239646e-02;8.353145e-02;4.547262e-02;4.364567e-02;6.910910e-02;1.708187e-01;1.188213e-01;9.936044e-02;9.735421e-02;6.371303e-02;8.354975e-02
9.188333e-02;6.465450e-02;1.255287e-01;3.756648e-02;7.202797e-02;9.454558e-02;1.482807e-01;1.044798e-01;5.860672e-02;8.029585e-02;5.386116e-02;6.826925e-02
9.355614e-02;5.457991e-02;1.086034e-01;3.968365e-02;6.887215e-02;8.474901e-02;2.543367e-01;4.753504e-02;4.126791e-02;6.944846e-02;8.078521e-02;5.658247e-02
8.481790e-02;5.139623e-02;5.870532e-02;5.247837e-02;5.646574e-02;5.824116e-02;3.268461e-01;6.498148e-02;3.328013e-02;5.996637e-02;9.037849e-02;6.244271e-02
9.326519e-02;3.969196e-02;5.313943e-02;6.291089e-02;7.034604e-02;4.675993e-02;3.483231e-01;5.366848e-02;3.190087e-02;4.572600e-02;8.790211e-02;6.636593e-02
1.009510e-01;3.665506e-02;7.174932e-02;7.182140e-02;8.392046e-02;4.675605e-02;3.248976e-01;4.249146e-02;2.362904e-02;4.273216e-02;7.786991e-02;7.652651e-02
1.198724e-01;5.422173e-02;6.172440e-02;7.484778e-02;9.443012e-02;5.097091e-02;2.841250e-01;4.122933e-02;1.933956e-02;3.336471e-02;7.886045e-02;8.701359e-02
9.735767e-02;5.455718e-02;7.873239e-02;8.397749e-02;1.004326e-01;5.556892e-02;2.552963e-01;3.755873e-02;2.844979e-02;3.583945e-02;9.371918e-02;7.851028e-02
9.005801e-02;6.106164e-02;7.697881e-02;8.585013e-02;1.001523e-01;7.115061e-02;2.320980e-01;4.124553e-02;3.543398e-02;5.256414e-02;8.731298e-02;6.609384e-02
6.712359e-02;5.951301e-02;9.621245e-02;7.735188e-02;7.056180e-02;8.759553e-02;2.459892e-01;5.529558e-02;5.758770e-02;6.253213e-02;6.056400e-02;5.967312e-02
4.034444e-02;4.151448e-02;1.114840e-01;5.614562e-02;5.786264e-02;8.543567e-02;2.921633e-01;6.702751e-02;7.531851e-02;7.219967e-02;5.229746e-02;4.820665e-02
1.639580e-02;1.546744e-02;1.262839e-01;3.719145e-02;9.370668e-02;8.717548e-02;3.135951e-01;7.474875e-02;6.556223e-02;7.372722e-02;5.916144e-02;3.698456e-02
2.243957e-02;1.125639e-02;1.317158e-01;2.751812e-02;1.083812e-01;8.501704e-02;3.398626e-01;6.301908e-02;4.980227e-02;6.839345e-02;6.512370e-02;2.747086e-02
2.631472e-02;1.783245e-02;1.157770e-01;1.738027e-02;8.143556e-02;1.171101e-01;3.683959e-01;4.588635e-02;4.088404e-02;7.390410e-02;6.870288e-02;2.637663e-02
2.220207e-02;1.907548e-02;1.265224e-01;1.678126e-02;7.287087e-02;1.359646e-01;3.623730e-01;3.429724e-02;4.037255e-02;7.515727e-02;6.958484e-02;2.479846e-02
2.607973e-02;1.918168e-02;1.008024e-01;2.204411e-02;9.860019e-02;1.257554e-01;3.584755e-01;2.609639e-02;4.367311e-02;8.245215e-02;7.095538e-02;2.588397e-02
2.554156e-02;2.315746e-02;1.009209e-01;2.594697e-02;9.755538e-02;1.331128e-01;3.365996e-01;3.450051e-02;3.860061e-02;1.121384e-01;5.434743e-02;1.757838e-02
1.893631e-02;4.802921e-02;9.349719e-02;3.066604e-02;1.043891e-01;1.342182e-01;3.022005e-01;4.838765e-02;4.093426e-02;1.189560e-01;3.635107e-02;2.343445e-02
3.309259e-02;9.973495e-02;6.335913e-02;3.028912e-02;1.264732e-01;1.183556e-01;2.503803e-01;5.851169e-02;3.571121e-02;9.904855e-02;3.788875e-02;4.715493e-02
5.601271e-02;1.252912e-01;5.853835e-02;2.639214e-02;1.375864e-01;9.015972e-02;1.791631e-01;7.670584e-02;5.019243e-02;7.663715e-02;4.541641e-02;7.790459e-02
9.197824e-02;9.129006e-02;1.047816e-01;2.747484e-02;1.128563e-01;6.412528e-02;1.301688e-01;1.016456e-01;4.349443e-02;7.094066e-02;6.495807e-02;9.628612e-02
