7.509058e-02;5.580305e-02;1.445050e-01;7.130277e-02;6.561419e-02;6.711458e-02;8.621774e-02;9.989724e-02;8.404987e-02;9.450867e-02;9.326763e-02;6.262862e-02
1.094128e-01;6.731544e-02;9.378038e-02;8.310995e-02;5.354372e-02;4.443209e-02;1.061483e-01;1.223224e-01;6.501675e-02;9.813803e-02;6.963001e-02;8.715014e-02
1.037647e-01;4.463122e-02;4.809168e-02;8.326153e-02;2.672070e-02;2.869000e-02;1.867100e-01;1.324413e-01;3.936828e-02;1.084419e-01;3.088374e-02;1.669949e-01
7.397962e-02;1.942205e-02;2.403612e-02;7.284797e-02;9.797840e-03;2.374018e-02;2.773568e-01;1.139415e-01;2.086604e-02;9.886040e-02;2.396758e-02;2.411839e-01
5.206635e-02;1.468170e-02;2.547086e-02;8.051231e-02;1.105358e-02;3.951227e-02;3.193294e-01;9.285063e-02;1.498392e-02;7.280190e-02;2.545819e-02;2.512789e-01
4.404425e-02;1.354053e-02;6.411067e-02;7.009401e-02;2.308593e-02;6.093236e-02;3.124313e-01;7.131425e-02;2.254391e-02;4.918962e-02;5.614300e-02;2.125702e-01
4.904525e-02;2.404164e-02;8.304677e-02;4.351087e-02;4.364994e-02;8.521319e-02;2.756204e-01;6.398619e-02;4.129967e-02;5.133467e-02;7.348914e-02;1.657622e-01
4.133433e-02;3.487357e-02;1.211960e-01;3.433320e-02;6.406777e-02;8.866419e-02;2.225377e-01;6.950053e-02;4.982734e-02;7.295459e-02;7.952721e-02;1.211836e-01
5.010801e-02;6.101640e-02;1.281971e-01;4.124476e-02;7.894931e-02;6.680218e-02;1.559332e-01;8.295752e-02;6.281828e-02;7.123277e-02;6.321965e-02;1.375208e-01
5.887800e-02;6.145573e-02;1.450047e-01;6.108847e-02;8.683004e-02;7.895727e-02;8.598711e-02;8.772669e-02;7.415617e-02;5.913096e-02;6.961638e-02;1.311685e-01
6.392886e-02;4.597001e-02;2.050089e-01;4.551034e-02;8.166342e-02;1.010969e-01;1.202393e-01;7.015027e-02;8.258569e-02;5.328897e-02;6.509471e-02;6.546263e-02
5.093231e-02;3.961557e-02;2.370498e-01;5.132841e-02;9.757568e-02;1.011159e-01;1.832212e-01;4.570435e-02;6.325315e-02;5.257745e-02;5.691280e-02;2.071335e-02
5.317562e-02;3.479025e-02;2.161903e-01;5.479778e-02;1.073152e-01;8.779433e-02;1.968572e-01;6.028209e-02;4.098240e-02;4.796794e-02;5.985287e-02;3.999398e-02
6.511193e-02;4.015125e-02;1.774289e-01;5.088985e-02;9.691168e-02;1.017785e-01;1.641321e-01;8.296992e-02;4.413745e-02;4.509265e-02;6.287929e-02;6.851645e-02
6.576678e-02;3.678425e-02;1.036186e-01;6.664177e-02;9.454178e-02;1.122310e-01;1.289819e-01;8.831532e-02;8.323999e-02;5.859357e-02;8.189947e-02;7.938557e-02
3.941138e-02;7.150424e-02;1.129973e-01;9.984880e-02;1.064270e-01;1.016112e-01;1.092878e-01;8.830370e-02;6.902334e-02;6.011354e-02;7.691929e-02;6.455238e-02
2.329991e-02;7.721921e-02;1.297389e-01;1.128393e-01;8.011908e-02;1.321282e-01;9.079561e-02;8.413474e-02;7.610305e-02;5.998507e-02;6.461874e-02;6.901824e-02
3.652434e-02;7.131682e-02;1.250684e-01;8.519159e-02;4.888029e-02;1.374385e-01;1.237901e-01;8.452426e-02;8.145626e-02;6.059320e-02;7.906136e-02;6.615493e-02
5.112251e-02;8.697882e-02;1.335325e-01;6.958885e-02;7.067120e-02;1.336370e-01;1.176830e-01;8.595959e-02;8.219705e-02;6.931529e-02;6.099281e-02;3.832138e-02
4.117054e-02;8.842937e-02;1.041668e-01;5.875625e-02;1.101939e-01;8.945619e-02;1.576749e-01;8.493207e-02;6.257719e-02;8.782095e-02;5.780316e-02;5.701884e-02
1.455433e-01;1.205486e-01;1.837382e-01;5.315211e-02;5.725754e-02;3.533399e-02;1.317777e-01;6.525636e-02;7.989296e-02;4.357284e-02;4.421361e-02;3.971262e-02
2.348683e-01;1.565570e-01;1.541109e-01;3.319122e-02;4.681615e-02;2.263977e-02;7.985411e-02;9.562039e-02;7.591975e-02;3.534630e-02;3.058184e-02;3.449434e-02
3.632955e-01;1.734722e-01;1.036590e-01;1.605363e-02;4.715986e-02;1.192312e-02;2.540068e-02;1.380080e-01;5.591135e-02;1.915715e-02;1.927580e-02;2.668373e-02
4.700905e-01;1.364274e-01;3.895574e-02;6.755506e-03;5.544645e-02;6.558215e-03;3.499068e-02;1.852318e-01;1.857376e-02;8.131984e-03;9.600190e-03;2.923779e-02
4.691883e-01;8.044202e-02;2.940167e-02;8.616159e-03;6.232275e-02;9.283842e-03;6.451086e-02;2.162554e-01;7.202516e-03;5.457738e-03;7.040457e-03;4.027830e-02
4.157557e-01;5.260517e-02;2.449744e-02;1.178824e-02;7.822722e-02;1.826942e-02;9.045361e-02;2.369328e-01;9.125730e-03;4.503464e-03;7.454919e-03;5.038629e-02
3.588499e-01;4.386479e-02;2.528852e-02;8.247405e-03;1.087002e-01;3.023410e-02;1.008389e-01;2.455461e-01;1.630154e-02;5.573123e-03;6.713105e-03;4.984241e-02
3.258357e-01;3.060782e-02;2.061568e-02;1.426723e-02;1.196264e-01;4.503960e-02;1.044317e-01;2.656802e-01;1.222933e-02;7.054158e-03;6.613697e-03;4.799846e-02
3.110932e-01;3.292742e-02;2.677893e-02;1.119094e-02;9.767575e-02;5.237703e-02;9.913259e-02;2.968344e-01;1.348094e-02;6.909200e-03;7.943892e-03;4.365573e-02
3.157429e-01;3.695412e-02;3.173414e-02;1.152033e-02;6.934989e-02;4.603354e-02;9.440427e-02;3.299311e-01;8.869329e-03;5.891497e-03;7.944786e-03;4.162415e-02
3.264740e-01;4.452047e-02;4.060909e-02;8.191790e-03;6.626148e-02;2.215496e-02;8.109010e-02;3.519810e-01;1.229744e-02;3.952498e-03;8.402544e-03;3.406457e-02
3.251019e-01;5.841925e-02;5.061393e-02;9.405696e-03;8.126384e-02;7.402353e-03;6.068527e-02;3.196681e-01;3.717154e-02;5.180930e-03;1.727875e-02;2.780837e-02
3.037104e-01;1.031672e-01;6.986903e-02;1.254120e-02;8.205968e-02;9.732907e-03;4.187241e-02;2.209431e-01;9.553826e-02;6.386285e-03;2.862329e-02;2.555619e-02
2.460956e-01;1.702953e-01;1.180970e-01;2.561284e-02;5.134481e-02;2.706779e-02;2.198911e-02;9.911627e-02;1.674460e-01;9.212770e-03;2.544896e-02;3.827351e-02
1.912242e-01;1.996529e-01;1.863719e-01;4.046001e-02;2.529068e-02;4.707389e-02;1.660461e-02;3.069688e-02;1.711444e-01;1.468101e-02;1.940715e-02;5.739226e-02
1.677270e-01;1.832649e-01;2.297785e-01;3.922422e-02;3.097376e-02;5.438270e-02;2.076800e-02;2.982237e-02;1.271433e-01;1.615156e-02;3.017728e-02;7.058645e-02
1.617280e-01;1.426994e-01;2.256375e-01;3.467542e-02;6.671430e-02;5.173297e-02;5.619448e-02;3.458660e-02;8.757762e-02;3.225216e-02;3.924161e-02;6.695993e-02
1.116032e-01;6.408948e-02;1.871438e-01;5.007361e-02;9.954648e-02;8.916394e-02;9.543099e-02;7.466356e-02;9.884895e-02;5.660533e-02;4.239233e-02;3.043830e-02
4.691282e-02;5.967900e-02;1.816254e-01;3.950565e-02;7.544816e-02;8.331823e-02;1.368257e-01;9.582521e-02;8.818319e-02;9.869568e-02;7.113052e-02;2.285044e-02
3.427929e-02;5.954425e-02;1.904706e-01;3.325003e-02;8.555751e-02;6.435654e-02;1.601400e-01;7.888032e-02;7.896050e-02;1.031474e-01;8.135441e-02;3.005911e-02
4.698461e-02;5.080593e-02;2.115450e-01;5.210846e-02;9.201512e-02;5.694262e-02;1.684762e-01;5.412877e-02;6.392894e-02;8.541850e-02;7.712094e-02;4.052497e-02
5.233586e-02;6.062026e-02;1.914547e-01;8.061515e-02;6.811695e-02;4.605328e-02;1.871778e-01;5.780720e-02;7.410903e-02;6.311550e-02;6.476783e-02;5.382643e-02
2.063739e-02;8.737694e-02;1.413743e-01;7.992518e-02;1.020417e-01;4.270332e-02;1.581088e-01;1.069883e-01;1.089093e-01;5.244046e-02;4.242058e-02;5.707361e-02
3.482386e-02;6.531554e-02;1.046868e-01;8.752942e-02;1.230520e-01;5.674759e-02;1.241708e-01;1.132011e-01;1.203755e-01;6.459782e-02;5.211578e-02;5.338387e-02
2.656284e-02;7.515971e-02;9.373368e-02;6.997935e-02;1.239314e-01;7.257725e-02;1.174291e-01;1.013715e-01;1.147045e-01;1.107471e-01;5.768248e-02;3.612124e-02
4.651288e-02;9.394623e-02;9.060931e-02;8.102883e-02;1.022750e-01;7.751970e-02;1.176649e-01;9.191061e-02;9.254972e-02;1.154290e-01;6.397194e-02;2.658205e-02
5.533968e-02;8.387940e-02;1.108690e-01;7.128910e-02;8.298058e-02;7.231886e-02;1.136451e-01;7.966515e-02;1.306154e-01;9.432711e-02;6.414460e-02;4.092598e-02
3.067037e-02;6.306182e-02;1.599519e-01;9.948228e-02;7.612299e-02;9.673250e-02;8.099113e-02;7.709994e-02;1.563514e-01;6.856099e-02;5.205289e-02;3.892182e-02
6.479452e-02;5.931330e-02;1.992425e-01;9.076664e-02;9.514575e-02;9.544734e-02;6.721825e-02;7.843907e-02;1.106222e-01;6.289141e-02;3.624547e-02;3.987353e-02
8.697981e-02;4.865812e-02;2.160087e-01;8.148858e-02;1.124068e-01;7.566112e-02;5.166981e-02;7.425728e-02;8.617373e-02;6.616773e-02;4.519046e-02;5.533784e-02
8.955450e-02;5.268414e-02;1.927970e-01;8.436595e-02;1.144186e-01;5.286188e-02;5.962580e-02;6.311306e-02;9.805578e-02;5.727369e-02;7.179307e-02;6.345647e-02
6.397235e-02;7.663298e-02;1.517100e-01;8.887629e-02;8.379921e-02;6.083504e-02;9.539551e-02;6.614698e-02;8.048338e-02;6.947316e-02;8.534420e-02;7.733090e-02
6.151267e-02;7.363473e-02;1.172481e-01;7.291084e-02;8.069060e-02;9.746441e-02;1.222798e-01;6.412359e-02;6.042170e-02;8.639804e-02;1.052575e-01;5.805812e-02
7.588188e-02;8.932630e-02;1.014860e-01;1.008178e-01;1.044782e-01;1.129025e-01;1.320492e-01;7.264112e-02;8.215312e-02;4.720716e-02;5.292845e-02;2.812831e-02
6.916329e-02;8.471265e-02;1.216810e-01;1.123556e-01;1.163937e-01;1.118481e-01;1.215867e-01;7.314776e-02;5.972500e-02;4.338972e-02;5.007112e-02;3.592536e-02
3.260458e-02;7.397817e-02;1.650232e-01;8.448892e-02;9.203018e-02;8.073349e-02;1.286288e-01;7.011364e-02;1.224873e-01;8.161954e-02;2.903367e-02;3.925857e-02
6.276622e-02;8.635125e-02;1.584779e-01;4.487438e-02;4.709000e-02;5.902838e-02;1.015945e-01;6.718464e-02;2.227766e-01;8.098882e-02;4.508723e-02;2.378005e-02
7.934699e-02;1.180921e-01;1.298429e-01;2.293064e-02;2.623102e-02;4.824041e-02;6.659655e-02;3.775356e-02;3.422776e-01;7.740577e-02;3.600902e-02;1.527342e-02
1.034787e-01;1.212616e-01;7.775051e-02;1.079216e-02;3.659910e-02;3.515377e-02;3.620911e-02;8.569682e-02;3.587115e-01;5.049228e-02;6.931063e-02;1.454374e-02
1.498784e-01;8.682036e-02;4.713717e-02;1.301415e-02;6.135797e-02;2.066105e-02;4.802919e-02;1.891451e-01;2.205383e-01;4.622392e-02;9.381764e-02;2.337679e-02
1.610090e-01;5.784100e-02;4.685891e-02;1.692507e-02;7.504772e-02;2.778192e-02;9.941409e-02;2.523487e-01;1.024528e-01;4.393192e-02;8.718532e-02;2.920353e-02
1.317387e-01;5.987830e-02;6.949023e-02;2.124974e-02;7.079640e-02;4.288626e-02;1.425087e-01;2.379211e-01;7.332970e-02;3.825960e-02;7.467403e-02;3.726721e-02
9.924588e-02;7.143859e-02;1.174088e-01;4.847954e-02;6.897498e-02;5.370114e-02;1.491260e-01;1.554395e-01;7.052124e-02;5.141753e-02;7.597207e-02;3.827481e-02
1.098234e-01;7.231897e-02;1.293721e-01;6.322920e-02;7.229962e-02;5.579342e-02;1.647347e-01;9.637755e-02;3.470297e-02;6.984799e-02;8.551200e-02;4.598812e-02
1.084874e-01;6.567954e-02;8.564529e-02;5.556679e-02;8.846142e-02;5.631382e-02;1.544975e-01;1.029997e-01;5.067651e-02;8.039857e-02;1.038976e-01;4.737584e-02
1.099757e-01;5.610561e-02;1.152846e-01;3.968812e-02;8.135826e-02;3.895080e-02;8.135970e-02;1.199679e-01;1.570706e-01;7.460474e-02;7.954156e-02;4.609232e-02
1.262103e-01;3.993145e-02;5.826353e-02;2.222422e-02;4.895870e-02;3.777797e-02;9.567125e-02;1.837073e-01;1.873864e-01;5.814973e-02;8.396137e-02;5.775787e-02
1.083503e-01;6.858044e-02;7.693090e-02;3.105027e-02;2.354230e-02;4.351168e-02;1.392730e-01;1.508179e-01;1.215636e-01;6.742275e-02;8.578509e-02;8.317182e-02
6.651236e-02;7.454896e-02;1.306927e-01;3.578858e-02;4.825973e-02;5.078922e-02;1.639259e-01;8.257826e-02;1.137730e-01;6.990834e-02;9.508272e-02;6.814027e-02
4.684460e-02;3.810905e-02;2.013673e-01;5.699832e-02;6.878786e-02;5.436321e-02;1.291288e-01;1.030725e-01;1.447081e-01;8.489054e-02;4.882544e-02;2.290444e-02
4.735816e-02;3.113703e-02;1.849236e-01;5.101500e-02;6.876704e-02;5.657627e-02;1.232110e-01;1.109863e-01;1.555484e-01;8.815514e-02;4.674660e-02;3.557542e-02
3.995704e-02;2.250087e-02;1.494845e-01;4.357304e-02;5.986288e-02;6.671959e-02;1.278546e-01;1.114181e-01;1.753008e-01;8.118821e-02;6.943116e-02;5.270922e-02
5.413613e-02;3.925056e-02;9.703415e-02;3.913176e-02;5.246134e-02;6.878594e-02;1.409090e-01;1.169898e-01;1.746827e-01;5.460943e-02;1.039142e-01;5.809501e-02
9.027474e-02;4.378682e-02;7.246450e-02;4.024152e-02;7.647186e-02;4.271719e-02;8.818067e-02;1.800427e-01;1.304685e-01;3.958097e-02;1.372873e-01;5.848312e-02
1.217418e-01;5.031186e-02;8.524504e-02;5.202080e-02;8.899960e-02;2.692229e-02;8.076507e-02;2.207943e-01;3.615580e-02;3.018801e-02;1.342121e-01;7.264340e-02
8.488870e-02;4.778715e-02;7.198472e-02;6.158089e-02;5.688963e-02;4.444556e-02;1.338486e-01;1.351706e-01;1.293333e-01;8.027329e-02;8.332677e-02;7.047088e-02
6.550148e-02;5.735655e-02;7.522162e-02;6.339242e-02;4.145203e-02;6.478905e-02;1.874037e-01;5.723056e-02;1.583770e-01;1.121419e-01;4.674559e-02;7.038807e-02
6.987657e-02;7.060241e-02;1.025803e-01;4.068607e-02;4.817829e-02;7.699990e-02;1.874486e-01;9.399775e-02;1.185881e-01;8.192944e-02;5.868601e-02;5.042657e-02
9.895885e-02;8.403983e-02;1.488715e-01;5.868993e-02;7.820485e-02;7.754083e-02;1.058829e-01;9.878594e-02;9.034134e-02;4.750516e-02;6.460694e-02;4.657193e-02
9.730263e-02;6.645723e-02;9.045885e-02;5.218183e-02;9.126873e-02;9.082443e-02;1.193214e-01;1.033291e-01;9.424303e-02;6.765799e-02;7.977621e-02;4.717848e-02
8.450251e-02;4.845782e-02;7.306229e-02;5.418780e-02;8.584984e-02;7.042069e-02;1.499581e-01;1.502173e-01;7.965755e-02;8.659302e-02;7.601631e-02;4.107675e-02
8.910593e-02;5.528859e-02;7.267054e-02;6.277819e-02;8.184131e-02;4.971194e-02;9.241323e-02;1.673341e-01;1.022503e-01;8.227459e-02;7.830586e-02;6.602548e-02
6.413426e-02;4.377419e-02;5.086367e-02;7.951846e-02;5.834428e-02;5.014601e-02;2.029130e-01;1.264647e-01;7.177981e-02;1.337627e-01;4.484208e-02;7.345680e-02
8.250389e-02;3.935262e-02;4.661464e-02;7.028665e-02;5.281408e-02;4.329554e-02;2.451795e-01;1.240153e-01;5.442231e-02;1.307277e-01;5.682895e-02;5.395877e-02
1.402912e-01;5.298914e-02;6.496675e-02;4.224163e-02;5.002859e-02;3.698408e-02;2.053072e-01;1.961499e-01;4.526034e-02;7.816149e-02;4.684522e-02;4.077452e-02
2.009036e-01;5.058775e-02;7.198938e-02;2.346878e-02;4.471820e-02;1.794727e-02;1.785875e-01;2.567953e-01;3.816896e-02;4.260069e-02;3.251547e-02;4.171708e-02
2.210064e-01;4.542319e-02;7.098944e-02;1.796641e-02;3.574129e-02;1.668888e-02;2.079847e-01;2.547876e-01;2.571399e-02;2.260308e-02;2.253393e-02;5.856108e-02
1.819130e-01;5.463112e-02;7.265205e-02;2.458030e-02;3.139554e-02;2.517287e-02;2.312186e-01;1.855981e-01;3.400561e-02;4.010376e-02;4.424714e-02;7.448188e-02
1.157716e-01;6.267843e-02;1.015185e-01;3.311692e-02;4.302462e-02;4.488505e-02;1.767815e-01;1.352936e-01;6.462532e-02;6.893093e-02;7.926840e-02;7.410515e-02
9.111823e-02;7.352532e-02;1.138991e-01;6.495409e-02;6.789191e-02;5.953623e-02;1.076451e-01;1.098764e-01;8.767874e-02;9.071503e-02;8.449139e-02;4.866847e-02
6.367268e-02;8.243398e-02;9.379814e-02;6.918410e-02;6.879830e-02;6.309963e-02;1.658117e-01;1.089959e-01;9.245189e-02;8.846708e-02;6.155225e-02;4.173438e-02
8.128857e-02;6.716350e-02;9.297409e-02;5.172849e-02;4.166861e-02;6.111645e-02;1.903576e-01;1.412706e-01;1.068827e-01;7.126307e-02;5.073763e-02;4.354859e-02
8.114546e-02;6.874400e-02;8.984103e-02;4.083231e-02;5.238687e-02;6.972372e-02;1.735560e-01;1.270716e-01;1.041641e-01;1.005452e-01;4.964588e-02;4.234377e-02
5.581868e-02;5.183517e-02;1.014610e-01;9.649524e-02;5.174584e-02;5.909912e-02;1.471599e-01;1.108978e-01;1.078161e-01;1.144701e-01;4.228712e-02;6.091384e-02
4.462975e-02;6.695489e-02;1.077379e-01;1.074287e-01;5.719466e-02;6.826933e-02;1.332672e-01;1.089562e-01;1.075312e-01;8.956432e-02;5.200133e-02;5.646447e-02
3.621609e-02;5.799421e-02;8.519451e-02;7.380825e-02;4.726313e-02;8.561310e-02;1.165265e-01;1.190678e-01;1.504085e-01;1.135572e-01;7.949463e-02;3.485609e-02
3.803363e-02;5.061862e-02;8.145025e-02;1.065872e-01;2.876114e-02;8.173284e-02;1.207269e-01;1.189346e-01;1.572693e-01;1.095399e-01;6.913196e-02;3.721366e-02
8.924036e-02;4.951248e-02;9.188111e-02;1.070769e-01;6.379907e-02;6.117306e-02;1.126650e-01;1.478965e-01;8.503300e-02;9.065604e-02;6.160592e-02;3.946054e-02
5.853517e-02;3.407564e-02;8.696087e-02;6.391221e-02;1.075897e-01;6.570490e-02;1.398600e-01;1.454472e-01;8.058172e-02;1.236329e-01;5.569794e-02;3.800172e-02
3.926007e-02;5.180205e-02;5.619115e-02;3.043042e-02;1.203270e-01;9.484050e-02;1.246827e-01;8.992534e-02;1.021345e-01;1.846654e-01;6.605242e-02;3.968849e-02
5.125925e-02;6.035938e-02;4.083299e-02;3.762134e-02;8.320739e-02;1.180718e-01;1.079249e-01;9.566026e-02;1.093995e-01;1.690596e-01;7.455917e-02;5.204433e-02
3.738946e-02;3.910794e-02;6.157717e-02;4.370296e-02;7.400777e-02;1.616350e-01;1.220875e-01;1.059151e-01;1.284488e-01;1.099365e-01;7.478809e-02;4.140374e-02
3.277878e-02;3.949551e-02;7.145070e-02;5.045735e-02;1.447199e-01;1.994730e-01;7.287420e-02;8.540007e-02;1.055914e-01;8.817121e-02;6.435640e-02;4.523151e-02
4.938360e-02;3.827743e-02;6.824690e-02;5.683155e-02;1.419282e-01;1.631037e-01;7.648166e-02;1.039549e-01;9.570406e-02;1.057779e-01;6.595858e-02;3.435157e-02
7.772887e-02;3.616296e-02;5.917272e-02;7.370268e-02;1.071216e-01;1.315543e-01;1.095863e-01;1.109863e-01;7.780534e-02;1.243869e-01;7.377924e-02;1.801287e-02
7.517413e-02;6.367245e-02;7.859480e-02;8.724258e-02;8.685055e-02;1.591621e-01;1.228236e-01;6.808971e-02;4.836489e-02;1.331364e-01;4.769390e-02;2.919480e-02
7.478665e-02;7.271130e-02;9.860829e-02;6.992381e-02;7.202096e-02;1.830468e-01;1.307827e-01;1.107674e-01;3.589265e-02;9.779809e-02;3.367308e-02;1.998819e-02
4.759017e-02;4.301155e-02;2.725701e-01;3.832694e-02;8.053327e-02;1.201350e-01;1.885703e-01;5.962873e-02;3.342643e-02;6.084644e-02;4.125201e-02;1.410905e-02
3.714593e-02;2.411863e-02;3.957781e-01;3.646312e-02;8.730454e-02;5.756764e-02;2.356173e-01;2.870826e-02;2.498823e-02;3.119247e-02;2.558321e-02;1.553263e-02
5.098962e-02;4.743826e-02;4.225239e-01;3.337065e-02;6.813072e-02;4.225837e-02;2.133858e-01;3.106381e-02;2.510535e-02;2.867484e-02;1.935466e-02;1.770401e-02
8.861973e-02;8.667913e-02;4.507148e-01;2.793822e-02;3.821141e-02;3.581968e-02;1.378546e-01;4.537696e-02;2.943050e-02;2.776101e-02;1.368914e-02;1.790483e-02
1.583945e-01;1.109413e-01;3.730600e-01;1.941682e-02;4.075680e-02;4.636849e-02;8.278538e-02;5.146500e-02;3.634001e-02;3.615165e-02;2.344503e-02;2.087505e-02
2.100033e-01;1.055494e-01;2.802695e-01;1.367147e-02;6.314788e-02;4.429789e-02;1.383376e-01;4.189575e-02;2.906769e-02;2.398726e-02;2.840414e-02;2.136807e-02
2.294655e-01;1.349518e-01;2.674006e-01;1.491666e-02;6.415276e-02;2.468966e-02;1.106980e-01;4.802503e-02;2.913769e-02;3.006356e-02;2.909685e-02;1.740194e-02
2.333734e-01;1.522539e-01;1.975037e-01;1.224777e-02;6.174317e-02;2.320905e-02;9.874218e-02;7.445079e-02;5.446557e-02;5.060156e-02;2.097284e-02;2.043602e-02
2.362522e-01;1.723175e-01;1.952836e-01;1.062374e-02;4.177003e-02;1.665833e-02;1.043195e-01;6.372893e-02;7.366517e-02;4.984748e-02;1.441377e-02;2.111979e-02
1.942987e-01;1.871809e-01;2.824246e-01;1.405162e-02;2.864176e-02;1.712404e-02;1.001525e-01;3.052987e-02;8.617853e-02;3.805316e-02;1.033422e-02;1.103010e-02
1.678585e-01;1.904552e-01;2.996243e-01;1.818738e-02;3.340776e-02;2.612036e-02;8.699142e-02;2.537734e-02;9.704379e-02;2.905420e-02;1.684511e-02;9.034582e-03
1.925005e-01;1.834359e-01;2.729883e-01;2.234127e-02;3.668357e-02;3.225574e-02;8.305111e-02;3.507526e-02;8.364615e-02;2.404550e-02;2.159595e-02;1.238066e-02
2.000012e-01;1.445225e-01;3.528114e-01;2.263196e-02;3.144494e-02;2.232347e-02;9.427730e-02;3.147934e-02;3.214553e-02;1.941990e-02;3.330877e-02;1.563368e-02
2.057976e-01;1.429341e-01;3.719346e-01;1.226439e-02;2.436197e-02;1.034597e-02;9.805674e-02;2.633719e-02;3.330243e-02;1.693882e-02;4.032396e-02;1.740222e-02
1.858350e-01;1.519973e-01;4.104059e-01;1.162911e-02;2.223733e-02;8.726845e-03;9.263692e-02;1.589871e-02;2.745316e-02;2.454177e-02;3.319012e-02;1.544773e-02
1.661634e-01;1.552441e-01;4.400881e-01;1.670376e-02;2.109328e-02;8.932091e-03;8.077805e-02;1.194137e-02;2.953990e-02;2.924201e-02;2.652933e-02;1.374461e-02
1.596939e-01;1.578271e-01;4.663909e-01;1.698820e-02;1.408989e-02;9.310219e-03;7.235013e-02;1.058610e-02;2.347533e-02;2.942553e-02;2.600176e-02;1.386088e-02
1.473888e-01;1.696304e-01;4.769202e-01;1.815661e-02;1.735559e-02;1.600561e-02;5.324073e-02;1.405719e-02;2.625736e-02;2.533983e-02;2.372449e-02;1.192315e-02
8.708818e-02;1.550064e-01;4.484237e-01;3.163193e-02;2.311011e-02;2.346861e-02;5.687169e-02;2.945887e-02;6.782068e-02;4.036070e-02;1.995034e-02;1.680879e-02
3.706504e-02;1.259529e-01;3.675633e-01;3.532482e-02;3.394228e-02;8.803612e-02;5.816330e-02;3.437946e-02;1.386237e-01;5.290545e-02;1.456591e-02;1.347772e-02
4.635285e-02;1.468340e-01;3.016148e-01;3.169169e-02;3.004597e-02;1.239594e-01;4.004436e-02;2.692167e-02;1.739699e-01;4.772935e-02;8.673480e-03;2.216259e-02
3.708510e-02;1.855396e-01;2.537854e-01;2.153726e-02;1.580533e-02;1.395122e-01;2.314340e-02;1.280919e-02;2.164813e-01;4.439604e-02;4.817562e-03;4.508758e-02
3.653275e-02;2.150817e-01;1.919964e-01;2.274557e-02;9.240943e-03;1.282613e-01;1.240735e-02;9.313826e-03;2.627407e-01;2.938344e-02;6.035237e-03;7.626078e-02
5.670796e-02;2.265138e-01;1.609176e-01;3.052746e-02;6.142312e-03;9.187374e-02;7.289740e-03;2.113977e-02;2.814978e-01;2.714249e-02;6.280855e-03;8.396648e-02
9.304962e-02;2.385022e-01;1.492571e-01;4.367452e-02;6.506647e-03;6.066411e-02;9.334529e-03;3.503452e-02;2.809291e-01;1.479593e-02;9.091301e-03;5.916034e-02
1.417548e-01;2.310534e-01;1.558125e-01;5.187297e-02;7.252282e-03;4.223729e-02;2.052502e-02;5.645252e-02;2.436352e-01;1.299145e-02;6.211122e-03;3.020152e-02
2.137730e-01;2.239265e-01;1.544897e-01;4.556932e-02;1.048414e-02;3.153603e-02;1.740529e-02;6.634634e-02;1.948949e-01;1.539577e-02;1.088380e-02;1.529532e-02
2.892824e-01;2.293665e-01;1.790655e-01;2.960678e-02;8.106573e-03;1.908141e-02;1.405701e-02;4.992178e-02;1.387703e-01;2.287840e-02;6.419311e-03;1.344410e-02
3.441735e-01;2.331897e-01;2.017205e-01;1.949584e-02;5.666579e-03;1.193513e-02;1.719635e-02;2.202008e-02;9.520788e-02;2.352051e-02;6.921604e-03;1.895222e-02
3.615783e-01;2.152894e-01;2.218381e-01;1.386557e-02;9.374528e-03;1.044087e-02;4.069685e-02;1.223753e-02;5.541918e-02;2.721396e-02;1.002689e-02;2.201880e-02
3.594334e-01;1.732836e-01;2.279228e-01;9.798566e-03;1.976529e-02;6.943014e-03;5.541847e-02;4.534269e-02;3.324946e-02;2.614012e-02;1.770637e-02;2.499627e-02
3.855258e-01;1.085790e-01;1.923790e-01;9.972191e-03;3.024858e-02;9.452555e-03;4.582835e-02;1.176984e-01;2.699396e-02;1.567929e-02;2.134781e-02;3.629515e-02
3.936650e-01;7.165401e-02;1.856377e-01;6.692360e-03;3.567690e-02;1.585948e-02;2.210984e-02;1.787349e-01;1.324168e-02;1.250019e-02;1.955786e-02;4.467008e-02
3.577195e-01;1.120756e-01;2.007824e-01;7.992853e-03;4.670045e-02;9.297750e-03;3.208438e-02;1.634809e-01;1.221873e-02;8.998552e-03;2.102751e-02;2.762127e-02
3.193529e-01;1.803156e-01;2.044123e-01;7.978884e-03;6.214674e-02;9.844122e-03;2.951816e-02;1.317536e-01;1.282343e-02;9.111463e-03;2.062264e-02;1.212020e-02
2.734580e-01;2.404721e-01;2.205545e-01;1.192898e-02;6.062865e-02;9.828735e-03;2.012451e-02;1.117982e-01;1.154604e-02;9.498024e-03;1.862042e-02;1.154179e-02
2.548396e-01;2.243796e-01;2.266750e-01;1.845790e-02;5.453141e-02;1.264695e-02;2.433381e-02;1.220575e-01;2.404647e-02;1.215978e-02;1.413889e-02;1.173306e-02
2.580533e-01;1.593912e-01;1.669062e-01;2.628697e-02;4.024018e-02;3.599050e-02;4.518397e-02;1.746403e-01;3.392530e-02;2.062928e-02;1.245845e-02;2.629439e-02
2.384784e-01;6.499596e-02;8.268890e-02;2.831932e-02;2.575233e-02;6.457834e-02;6.902232e-02;2.632056e-01;7.245828e-02;3.905499e-02;1.170218e-02;3.974338e-02
2.037818e-01;2.167330e-02;4.001552e-02;3.218618e-02;3.024921e-02;6.980977e-02;9.171444e-02;2.990535e-01;9.646436e-02;4.825484e-02;1.635826e-02;5.043889e-02
1.910857e-01;2.523551e-02;2.802383e-02;5.072985e-02;2.772682e-02;7.024736e-02;1.308164e-01;2.513799e-01;6.589592e-02;7.450129e-02;1.443014e-02;6.992719e-02
1.729494e-01;3.145564e-02;3.485402e-02;7.900729e-02;1.365401e-02;6.123117e-02;1.689352e-01;1.640896e-01;3.879373e-02;9.358793e-02;1.981968e-02;1.216224e-01
1.206614e-01;4.276543e-02;2.409803e-02;1.268194e-01;1.069658e-02;4.442886e-02;2.028232e-01;9.621463e-02;1.774763e-02;8.949795e-02;1.954159e-02;2.047053e-01
7.782431e-02;4.400051e-02;1.820065e-02;1.700641e-01;9.667325e-03;2.549513e-02;2.330657e-01;5.644436e-02;1.147268e-02;7.560720e-02;1.289876e-02;2.652592e-01
5.206762e-02;6.039125e-02;1.816416e-02;1.765117e-01;1.256103e-02;2.039164e-02;2.411125e-01;3.458023e-02;1.459256e-02;5.977300e-02;2.646653e-02;2.833878e-01
4.283671e-02;6.710023e-02;2.547399e-02;1.707936e-01;1.485139e-02;1.915871e-02;2.406687e-01;3.037550e-02;1.525624e-02;5.943179e-02;3.145565e-02;2.825975e-01
4.543908e-02;5.647267e-02;2.342773e-02;1.631180e-01;1.161616e-02;2.371475e-02;2.456983e-01;3.390504e-02;1.472695e-02;7.122047e-02;2.961060e-02;2.810502e-01
4.834811e-02;3.582231e-02;1.963613e-02;1.430924e-01;1.169733e-02;3.338199e-02;2.607853e-01;4.775131e-02;1.320850e-02;8.037739e-02;2.676548e-02;2.791338e-01
6.516711e-02;1.586523e-02;1.981372e-02;1.076385e-01;1.357910e-02;5.881517e-02;2.911128e-01;6.461415e-02;1.553360e-02;8.521957e-02;2.012058e-02;2.425204e-01
6.822761e-02;1.458904e-02;1.765484e-02;8.994356e-02;1.588622e-02;8.000166e-02;3.310349e-01;8.120193e-02;2.014097e-02;8.515096e-02;1.452645e-02;1.816420e-01
8.879174e-02;1.570743e-02;2.293297e-02;7.597961e-02;1.644161e-02;1.035716e-01;3.360945e-01;1.012488e-01;3.165871e-02;7.821920e-02;1.081631e-02;1.185376e-01
1.098818e-01;3.130178e-02;4.150257e-02;5.713650e-02;2.289379e-02;1.099901e-01;2.998204e-01;1.197030e-01;4.315261e-02;6.979863e-02;1.381473e-02;8.100408e-02
8.670618e-02;6.272873e-02;6.855225e-02;7.446922e-02;3.921148e-02;9.238198e-02;2.562365e-01;1.160044e-01;5.376275e-02;6.015699e-02;2.097342e-02;6.881611e-02
7.777964e-02;6.519248e-02;1.152804e-01;7.676494e-02;4.297218e-02;7.154354e-02;2.525785e-01;8.670634e-02;5.110219e-02;5.495407e-02;3.577159e-02;6.935403e-02
1.116407e-01;3.629813e-02;7.419702e-02;7.588185e-02;3.761093e-02;6.478044e-02;3.139886e-01;5.531791e-02;4.820796e-02;4.955135e-02;5.964997e-02;7.287508e-02
7.762210e-02;4.372912e-02;1.605236e-01;7.937022e-02;4.890763e-02;6.127645e-02;2.732065e-01;4.768270e-02;3.847950e-02;5.275072e-02;4.858907e-02;6.786231e-02
1.215562e-01;1.034374e-01;1.273020e-01;6.621300e-02;9.245696e-02;6.595615e-02;1.508366e-01;6.976503e-02;4.528026e-02;7.322203e-02;3.980835e-02;4.416605e-02
1.442376e-01;1.339864e-01;1.850257e-01;5.586767e-02;9.239890e-02;6.443632e-02;1.059642e-01;4.794994e-02;3.865597e-02;6.933643e-02;2.685866e-02;3.528218e-02
1.828701e-01;1.191886e-01;1.423221e-01;7.212050e-02;8.114081e-02;6.699325e-02;1.332732e-01;3.967607e-02;3.172947e-02;5.742975e-02;3.197030e-02;4.128592e-02
2.030910e-01;8.339309e-02;5.070833e-02;8.996130e-02;8.069066e-02;8.472515e-02;1.798213e-01;4.011788e-02;3.854562e-02;6.218365e-02;3.764795e-02;4.911403e-02
1.650884e-01;3.581645e-02;7.231867e-02;1.019903e-01;8.888431e-02;9.433803e-02;2.128833e-01;3.738096e-02;4.344151e-02;6.569997e-02;3.188947e-02;5.026867e-02
1.073120e-01;5.542231e-02;6.253985e-02;1.118133e-01;8.535412e-02;7.544916e-02;2.596580e-01;4.274622e-02;3.720879e-02;5.102119e-02;4.276510e-02;6.870992e-02
6.691857e-02;6.133539e-02;8.328767e-02;1.190815e-01;7.140202e-02;5.857863e-02;2.822699e-01;4.935927e-02;2.784212e-02;4.935133e-02;5.229269e-02;7.828098e-02
9.449645e-02;5.260226e-02;6.225828e-02;1.248711e-01;6.002700e-02;7.101374e-02;3.048304e-01;4.212501e-02;2.957699e-02;6.400453e-02;3.270328e-02;6.149096e-02
8.367261e-02;5.363714e-02;1.070190e-01;1.198302e-01;4.508467e-02;6.119488e-02;3.195303e-01;3.762772e-02;3.438338e-02;4.764195e-02;3.852833e-02;5.184983e-02
6.947929e-02;5.957925e-02;1.237782e-01;7.860812e-02;5.972666e-02;8.148787e-02;2.505167e-01;6.552964e-02;5.276975e-02;5.870242e-02;5.594382e-02;4.387839e-02
5.277590e-02;5.906498e-02;1.293573e-01;6.096003e-02;6.428822e-02;1.000181e-01;1.965888e-01;7.452124e-02;4.761103e-02;6.798697e-02;7.903665e-02;6.779081e-02
7.654129e-02;4.541158e-02;1.128934e-01;6.551331e-02;7.571252e-02;6.945189e-02;2.247178e-01;6.746408e-02;3.777598e-02;4.701812e-02;7.127535e-02;1.062247e-01
1.121688e-01;2.362132e-02;1.327547e-01;5.195671e-02;9.563514e-02;7.992436e-02;1.534609e-01;5.969467e-02;5.537670e-02;6.232122e-02;5.304324e-02;1.200423e-01
1.280742e-01;3.138674e-02;1.436507e-01;4.665004e-02;8.060052e-02;9.391987e-02;1.227175e-01;6.052768e-02;8.265526e-02;6.668192e-02;4.076297e-02;1.023726e-01
1.245608e-01;3.717834e-02;9.265189e-02;7.053088e-02;6.653566e-02;8.906817e-02;1.826759e-01;5.399067e-02;7.756034e-02;8.927882e-02;4.328678e-02;7.268178e-02
1.597186e-01;5.935330e-02;6.425895e-02;8.749537e-02;6.204338e-02;8.089167e-02;1.743857e-01;5.881218e-02;6.206689e-02;8.810478e-02;4.749443e-02;5.537478e-02
2.010388e-01;7.019255e-02;7.141352e-02;7.525296e-02;6.376552e-02;7.469988e-02;1.144780e-01;9.727212e-02;5.755900e-02;7.098221e-02;4.199138e-02;6.135407e-02
2.531567e-01;6.947538e-02;6.804751e-02;4.898599e-02;6.635407e-02;5.760708e-02;8.374039e-02;1.456101e-01;4.736682e-02;4.370220e-02;5.888182e-02;5.707197e-02
3.047658e-01;6.005177e-02;6.697620e-02;2.899568e-02;4.624801e-02;5.530523e-02;7.934517e-02;1.918410e-01;3.387101e-02;2.630185e-02;5.310342e-02;5.319481e-02
3.332165e-01;3.725822e-02;4.952973e-02;2.543295e-02;2.954642e-02;6.771249e-02;9.900509e-02;2.161373e-01;2.682704e-02;3.505634e-02;1.882957e-02;6.144841e-02
3.532543e-01;2.880492e-02;5.601127e-02;2.288321e-02;3.364196e-02;6.069460e-02;9.872943e-02;2.155423e-01;2.054037e-02;3.121849e-02;1.991040e-02;5.876869e-02
3.755468e-01;3.864594e-02;8.038734e-02;1.668262e-02;3.564312e-02;4.422367e-02;9.117961e-02;2.031872e-01;2.169758e-02;2.289238e-02;1.757813e-02;5.233555e-02
3.672405e-01;5.094756e-02;1.030757e-01;1.872296e-02;3.474208e-02;3.944005e-02;9.562893e-02;1.667036e-01;2.371531e-02;2.139146e-02;1.296868e-02;6.542327e-02
3.416056e-01;5.776618e-02;1.327629e-01;2.249354e-02;3.700735e-02;3.388195e-02;1.005536e-01;1.215930e-01;2.638033e-02;3.472313e-02;2.296804e-02;6.826451e-02
2.560631e-01;5.719152e-02;1.502851e-01;4.444949e-02;4.387543e-02;5.241982e-02;1.352197e-01;8.517215e-02;2.997205e-02;5.253267e-02;2.970355e-02;6.311540e-02
9.049622e-02;5.701471e-02;1.267244e-01;6.710415e-02;5.474425e-02;8.721451e-02;1.895948e-01;8.212299e-02;3.795029e-02;6.188687e-02;4.871652e-02;9.643021e-02
1.896755e-01;8.761525e-02;1.071504e-01;6.816259e-02;6.377586e-02;8.125984e-02;1.220309e-01;4.471502e-02;3.926959e-02;4.767790e-02;3.911360e-02;1.095536e-01
2.470895e-01;7.601088e-02;9.899954e-02;4.697376e-02;5.871775e-02;9.102552e-02;1.015786e-01;5.349301e-02;3.828709e-02;5.550627e-02;4.161228e-02;9.070578e-02
2.115979e-01;4.923509e-02;8.784840e-02;3.665571e-02;6.723914e-02;9.843750e-02;1.513302e-01;5.326917e-02;4.023126e-02;6.956998e-02;6.419430e-02;7.039141e-02
1.530175e-01;6.595010e-02;1.394855e-01;5.125277e-02;6.254639e-02;7.345090e-02;1.890785e-01;4.351663e-02;3.142669e-02;6.177235e-02;7.066396e-02;5.783870e-02
9.097730e-02;7.754762e-02;2.290457e-01;5.853492e-02;6.376310e-02;5.745512e-02;1.824230e-01;2.716540e-02;2.483386e-02;5.795668e-02;6.423385e-02;6.606337e-02
1.401594e-01;7.712005e-02;2.311519e-01;3.883128e-02;4.779949e-02;4.437325e-02;1.197503e-01;5.560228e-02;3.452438e-02;6.305958e-02;6.058919e-02;8.703887e-02
3.067554e-01;5.283609e-02;1.375980e-01;1.367609e-02;1.158730e-02;5.847314e-02;8.588069e-02;8.970966e-02;3.120400e-02;6.418974e-02;5.508161e-02;9.300829e-02
2.848475e-01;3.442530e-02;1.297501e-01;1.896531e-02;9.896062e-03;8.466090e-02;9.015419e-02;8.289109e-02;2.505047e-02;8.009723e-02;5.377081e-02;1.054911e-01
2.518581e-01;2.795931e-02;1.164323e-01;2.705318e-02;9.520937e-03;9.438311e-02;1.099827e-01;6.868611e-02;2.238184e-02;9.670947e-02;5.972445e-02;1.153084e-01
2.140878e-01;2.699739e-02;8.194088e-02;4.745049e-02;1.255655e-02;8.369319e-02;1.452610e-01;5.607592e-02;1.714010e-02;1.145513e-01;6.395152e-02;1.362938e-01
1.894323e-01;3.008428e-02;7.699584e-02;6.183041e-02;1.135083e-02;6.205787e-02;1.711131e-01;4.992545e-02;1.266087e-02;1.195336e-01;6.640518e-02;1.486103e-01
1.991906e-01;5.488410e-02;8.918282e-02;4.739682e-02;2.820390e-02;6.469825e-02;1.520883e-01;5.267956e-02;1.930419e-02;9.694513e-02;7.723188e-02;1.181944e-01
2.072531e-01;9.746253e-02;1.364773e-01;4.331906e-02;6.367709e-02;6.372612e-02;1.116456e-01;6.267115e-02;3.666879e-02;5.426855e-02;6.034376e-02;6.248694e-02
1.809356e-01;1.126755e-01;1.286542e-01;4.045850e-02;8.242171e-02;6.421722e-02;1.255657e-01;7.643051e-02;5.720748e-02;5.225611e-02;4.961866e-02;2.955882e-02
1.538949e-01;8.833304e-02;1.086178e-01;5.235769e-02;9.346240e-02;7.062646e-02;1.417861e-01;1.007141e-01;7.511483e-02;6.055769e-02;3.866550e-02;1.586942e-02
1.484940e-01;5.979610e-02;7.021127e-02;6.035561e-02;1.335110e-01;6.051464e-02;1.322240e-01;1.148266e-01;8.063676e-02;8.118440e-02;3.496634e-02;2.327919e-02
1.322081e-01;6.761812e-02;1.044629e-01;3.452128e-02;1.103314e-01;1.017129e-01;1.388787e-01;9.151250e-02;5.585715e-02;1.034505e-01;3.430062e-02;2.514579e-02
8.933812e-02;7.024431e-02;1.034968e-01;4.374971e-02;6.709471e-02;1.483294e-01;1.824791e-01;6.817463e-02;7.704556e-02;9.704718e-02;2.434880e-02;2.865173e-02
7.113709e-02;5.375429e-02;1.084668e-01;5.676640e-02;8.172317e-02;1.556574e-01;1.893779e-01;7.418402e-02;8.593763e-02;7.512191e-02;1.810488e-02;2.976848e-02
9.442344e-02;1.959848e-02;1.537233e-01;4.879158e-02;1.059376e-01;1.291891e-01;1.315199e-01;8.785454e-02;9.983657e-02;6.687493e-02;2.720043e-02;3.505009e-02
8.028086e-02;6.065946e-02;2.085713e-01;7.214200e-02;8.607350e-02;1.139233e-01;9.460793e-02;7.832360e-02;8.272036e-02;6.027834e-02;3.069134e-02;3.172802e-02
5.273588e-02;1.017733e-01;1.648597e-01;6.814720e-02;7.505087e-02;1.488249e-01;9.274766e-02;8.582205e-02;7.708640e-02;6.356534e-02;3.068832e-02;3.869831e-02
1.096176e-01;1.228784e-01;1.724342e-01;4.409372e-02;6.004430e-02;9.884427e-02;1.077565e-01;8.235022e-02;7.611806e-02;5.422729e-02;3.531478e-02;3.632065e-02
6.252686e-02;1.557882e-01;1.701284e-01;4.646166e-02;7.071126e-02;8.184023e-02;1.338280e-01;7.936236e-02;7.904263e-02;4.659726e-02;4.004145e-02;3.367162e-02
1.515559e-01;1.408123e-01;1.335713e-01;5.403334e-02;7.705646e-02;8.182052e-02;1.339178e-01;5.649228e-02;5.262259e-02;4.622664e-02;3.721010e-02;3.468080e-02
1.787739e-01;1.225892e-01;1.255604e-01;5.532768e-02;9.406658e-02;7.873308e-02;1.408037e-01;4.494094e-02;3.567878e-02;4.902750e-02;3.835446e-02;3.614375e-02
1.631742e-01;1.035319e-01;1.756973e-01;3.701914e-02;9.977397e-02;6.648950e-02;1.619270e-01;3.949713e-02;2.988967e-02;4.414859e-02;4.397989e-02;3.487172e-02
7.316435e-02;8.027326e-02;1.415613e-01;6.113654e-02;6.864545e-02;6.882504e-02;2.441119e-01;4.228689e-02;6.598002e-02;5.082331e-02;5.712260e-02;4.606938e-02
5.927461e-02;7.439319e-02;1.603610e-01;5.838932e-02;5.631990e-02;8.117015e-02;1.707797e-01;6.540534e-02;8.902312e-02;9.483732e-02;4.198743e-02;4.805883e-02
6.982465e-02;6.934766e-02;2.801825e-01;5.389614e-02;7.131343e-02;7.189174e-02;1.340240e-01;5.172759e-02;5.505892e-02;8.044546e-02;3.168658e-02;3.060122e-02
7.916667e-02;8.637384e-02;4.025840e-01;4.902782e-02;7.569551e-02;5.131623e-02;1.047799e-01;2.451706e-02;1.915524e-02;5.306743e-02;2.571210e-02;2.860416e-02
8.737868e-02;1.241952e-01;4.293006e-01;4.864904e-02;6.587297e-02;4.297188e-02;8.238683e-02;1.710426e-02;1.607550e-02;4.180036e-02;1.653259e-02;2.773207e-02
1.433391e-01;1.114365e-01;3.485675e-01;3.639237e-02;5.639090e-02;3.649190e-02;1.103889e-01;2.650797e-02;2.592841e-02;3.538889e-02;3.724058e-02;3.192692e-02
1.677427e-01;1.067805e-01;1.997488e-01;5.884828e-02;6.469774e-02;5.678007e-02;1.148350e-01;5.058967e-02;4.318327e-02;4.453052e-02;5.343061e-02;3.883275e-02
1.693413e-01;1.474863e-01;2.265849e-01;6.753737e-02;5.454923e-02;5.404905e-02;7.886938e-02;4.936940e-02;3.717583e-02;4.009410e-02;3.742214e-02;3.752100e-02
2.113803e-01;1.957348e-01;3.595866e-01;3.143832e-02;2.280279e-02;2.270367e-02;3.152295e-02;2.895568e-02;2.932971e-02;1.771918e-02;2.194149e-02;2.688442e-02
2.561448e-01;2.174204e-01;3.467040e-01;2.081830e-02;1.402768e-02;1.824521e-02;2.056459e-02;2.234619e-02;2.103116e-02;1.122753e-02;2.413161e-02;2.733861e-02
2.993781e-01;2.186833e-01;2.779279e-01;2.496691e-02;1.089548e-02;1.691807e-02;2.510183e-02;2.548090e-02;1.169973e-02;2.244571e-02;3.154209e-02;3.496001e-02
2.941441e-01;1.899888e-01;2.298547e-01;3.124871e-02;1.408331e-02;1.961651e-02;3.475047e-02;2.507671e-02;3.522927e-02;4.237771e-02;3.567740e-02;4.795229e-02
1.959751e-01;1.163520e-01;2.175246e-01;4.125185e-02;2.378145e-02;3.541802e-02;7.455789e-02;2.462249e-02;7.725964e-02;5.951500e-02;7.257658e-02;6.116533e-02
1.182043e-01;5.220254e-02;1.163039e-01;4.881139e-02;5.327946e-02;6.289857e-02;1.262168e-01;6.903043e-02;1.101926e-01;5.338565e-02;1.043072e-01;8.516717e-02
