2.771846e-01;9.693229e-02;8.254890e-02;1.377891e-02;3.032011e-02;2.063023e-02;1.875899e-01;1.573781e-02;2.287840e-02;5.858871e-02;1.000145e-01;9.379567e-02
1.937671e-01;6.101487e-02;8.591290e-02;1.501062e-02;3.350874e-02;3.156992e-02;2.076368e-01;3.889859e-02;5.531902e-02;5.934137e-02;1.198749e-01;9.814513e-02
1.780563e-01;6.432409e-02;8.583310e-02;1.701839e-02;3.102508e-02;3.106583e-02;1.922461e-01;4.301633e-02;5.964388e-02;7.987519e-02;1.058775e-01;1.120183e-01
2.046377e-01;5.659922e-02;7.957337e-02;1.315072e-02;3.172517e-02;3.288276e-02;1.608258e-01;3.991133e-02;5.146626e-02;7.709178e-02;1.137155e-01;1.384203e-01
1.423559e-01;3.757106e-02;1.873629e-01;2.624818e-02;5.013603e-02;3.528113e-02;1.483196e-01;6.258578e-02;3.546726e-02;8.854954e-02;1.113319e-01;7.479065e-02
6.863240e-02;3.485789e-02;2.461710e-01;3.587092e-02;5.607491e-02;3.264768e-02;9.945982e-02;7.440229e-02;5.692536e-02;1.239422e-01;1.249193e-01;4.609618e-02
5.860458e-02;4.086625e-02;1.975226e-01;2.531056e-02;5.088746e-02;3.315224e-02;1.253695e-01;4.922390e-02;1.418207e-01;1.260900e-01;1.235722e-01;2.758000e-02
6.546487e-02;6.024825e-02;1.138922e-01;1.408493e-02;4.384435e-02;3.113568e-02;1.322374e-01;3.776824e-02;2.215819e-01;1.336069e-01;1.247718e-01;2.136357e-02
9.473524e-02;4.522150e-02;8.697809e-02;1.956062e-02;2.620359e-02;2.111416e-02;1.864522e-01;8.693082e-02;1.508514e-01;1.577730e-01;9.088832e-02;3.329103e-02
1.147348e-01;1.113604e-02;8.117136e-02;2.396598e-02;2.221102e-02;1.603388e-02;2.971545e-01;7.411750e-02;7.005584e-02;1.697142e-01;6.458388e-02;5.512113e-02
9.027210e-02;1.795967e-02;3.273262e-02;2.475386e-02;2.543067e-02;4.128421e-02;3.744619e-01;5.093868e-02;7.284261e-02;1.356384e-01;6.661865e-02;6.706664e-02
5.003287e-02;1.204872e-02;7.182849e-02;1.486678e-02;1.988868e-02;6.538341e-02;3.344117e-01;1.871116e-02;1.719354e-01;1.019306e-01;7.679174e-02;6.217044e-02
2.936174e-02;1.344261e-02;1.123198e-01;1.312890e-02;1.885659e-02;8.883777e-02;2.554547e-01;1.309646e-02;2.305724e-01;7.076561e-02;1.079085e-01;4.625497e-02
3.572166e-02;5.037124e-02;1.352442e-01;2.839455e-02;5.222239e-02;9.079105e-02;1.980020e-01;3.071979e-02;1.758635e-01;4.776347e-02;1.116912e-01;4.321498e-02
6.862337e-02;5.928117e-02;2.724898e-01;8.707226e-02;5.318099e-02;4.687732e-02;1.420120e-01;2.859633e-02;7.963039e-02;6.264412e-02;5.621494e-02;4.337721e-02
1.159482e-01;9.237162e-02;2.194125e-01;7.690780e-02;5.598126e-02;4.153246e-02;1.683518e-01;3.967375e-02;3.328524e-02;6.955840e-02;3.558180e-02;5.139520e-02
1.550784e-01;9.196676e-02;1.015634e-01;6.015103e-02;5.686615e-02;2.419048e-02;2.308613e-01;8.258101e-02;3.696041e-02;5.963837e-02;2.961896e-02;7.052381e-02
1.218577e-01;5.490511e-02;4.194341e-02;3.468676e-02;4.015539e-02;4.972279e-02;3.378789e-01;9.084185e-02;3.482227e-02;4.436708e-02;6.975864e-02;7.906006e-02
5.604987e-02;1.723900e-02;4.407056e-02;1.635689e-02;2.715335e-02;9.151684e-02;4.007480e-01;1.070212e-01;1.668337e-02;3.013100e-02;1.495409e-01;4.348907e-02
2.698653e-02;1.073329e-02;5.392089e-02;5.241163e-03;1.820498e-02;1.371410e-01;3.124273e-01;9.037315e-02;2.940164e-02;2.154489e-02;2.646369e-01;2.938825e-02
2.453574e-02;1.582482e-02;7.049452e-02;7.743486e-03;1.327067e-02;1.387493e-01;1.659916e-01;4.097581e-02;3.773538e-02;3.066923e-02;3.989728e-01;5.503666e-02
2.995006e-02;2.256756e-02;9.518977e-02;1.636868e-02;1.399186e-02;9.543414e-02;8.869932e-02;2.406747e-02;3.740047e-02;3.572612e-02;4.803031e-01;6.030146e-02
2.948740e-02;6.688908e-02;1.088546e-01;2.300480e-02;1.898148e-02;6.400810e-02;8.303311e-02;2.661854e-02;2.989392e-02;8.747314e-02;4.267099e-01;3.504590e-02
1.986715e-02;1.260255e-01;1.083348e-01;2.973776e-02;2.562236e-02;5.519756e-02;9.495538e-02;3.273692e-02;2.195804e-02;1.325684e-01;3.237879e-01;2.920822e-02
1.586057e-02;1.458922e-01;1.320403e-01;2.412092e-02;2.342783e-02;5.106851e-02;9.276750e-02;2.796395e-02;1.187219e-02;1.291298e-01;3.278261e-01;1.803011e-02
3.564147e-02;1.190523e-01;1.726492e-01;1.483094e-02;1.879651e-02;7.596786e-02;7.264595e-02;1.791886e-02;1.173694e-02;1.015576e-01;3.474119e-01;1.179044e-02
4.511405e-02;5.765926e-02;2.202405e-01;1.239787e-02;1.061349e-02;1.090125e-01;4.425601e-02;1.002396e-02;1.576891e-02;6.517811e-02;4.037543e-01;5.981022e-03
4.262549e-02;3.069817e-02;2.382012e-01;5.462103e-03;1.341769e-02;1.088543e-01;2.040466e-02;8.501728e-03;2.946797e-02;4.996753e-02;4.451883e-01;7.210826e-03
3.557827e-02;1.512554e-02;2.083516e-01;5.860537e-03;2.238705e-02;9.265511e-02;3.865258e-02;1.101055e-02;4.785024e-02;3.235229e-02;4.478021e-01;4.237415e-02
2.796022e-02;1.369799e-02;1.449342e-01;1.172798e-02;2.527570e-02;9.021376e-02;8.518104e-02;1.792747e-02;5.476474e-02;1.251019e-02;4.063431e-01;1.094636e-01
2.357825e-02;2.462405e-02;7.669939e-02;2.412151e-02;2.088391e-02;9.975547e-02;1.670584e-01;2.005331e-02;4.422447e-02;1.504086e-02;2.843230e-01;1.996374e-01
5.297289e-02;4.804975e-02;3.598807e-02;3.607359e-02;1.231318e-02;1.044662e-01;2.505097e-01;4.604083e-02;3.536579e-02;2.194549e-02;1.240936e-01;2.321810e-01
7.463650e-02;5.564653e-02;3.398288e-02;4.070629e-02;1.730211e-02;1.054797e-01;2.905787e-01;7.869838e-02;3.786644e-02;3.014544e-02;7.097297e-02;1.639841e-01
6.535006e-02;3.977334e-02;3.140358e-02;3.220342e-02;2.127262e-02;9.818885e-02;3.017793e-01;7.593151e-02;4.988470e-02;4.260053e-02;1.566288e-01;8.498330e-02
5.415640e-02;2.773912e-02;4.604739e-02;1.957116e-02;1.919863e-02;6.499959e-02;2.267261e-01;3.776656e-02;7.922320e-02;5.079419e-02;2.056013e-01;1.681764e-01
5.156250e-02;5.465162e-02;1.136279e-01;2.976810e-02;9.977098e-03;6.555619e-02;1.687777e-01;3.533916e-02;9.266168e-02;3.357354e-02;1.450190e-01;1.994855e-01
3.990656e-02;7.768830e-02;2.349694e-01;3.650223e-02;1.578584e-02;4.311328e-02;1.144879e-01;2.527892e-02;8.888068e-02;3.003997e-02;1.075296e-01;1.858173e-01
3.205854e-02;9.316311e-02;2.882739e-01;3.646703e-02;1.996182e-02;2.811991e-02;3.352277e-02;3.492315e-02;7.209100e-02;2.254754e-02;2.214151e-01;1.174561e-01
2.715255e-02;8.030133e-02;1.903334e-01;2.985222e-02;2.260808e-02;6.795601e-02;8.979207e-02;7.337143e-02;4.891601e-02;4.265957e-02;2.498584e-01;7.719901e-02
3.781202e-02;8.796413e-02;1.186914e-01;6.488942e-02;3.760353e-02;9.167472e-02;1.188004e-01;9.681901e-02;6.262535e-02;5.024694e-02;1.887816e-01;4.409158e-02
7.272973e-02;6.062724e-02;9.643202e-02;7.110977e-02;4.786739e-02;7.655843e-02;1.590061e-01;1.197764e-01;1.065749e-01;5.110591e-02;1.087507e-01;2.946147e-02
1.004991e-01;4.858568e-02;7.203583e-02;5.725523e-02;5.540518e-02;5.354152e-02;1.060440e-01;9.979604e-02;1.362405e-01;9.467828e-02;1.264601e-01;4.945851e-02
1.051884e-01;5.359447e-02;2.315731e-02;8.858269e-02;6.259435e-02;5.335815e-02;1.182104e-01;7.269750e-02;1.275655e-01;1.006265e-01;1.382500e-01;5.617470e-02
6.625590e-02;4.038518e-02;4.243785e-02;1.172441e-01;6.625795e-02;5.521812e-02;1.783313e-01;1.136157e-01;8.809514e-02;9.302887e-02;1.103827e-01;2.874702e-02
5.379741e-02;2.701714e-02;3.967861e-02;8.211429e-02;1.137586e-01;6.179904e-02;1.750855e-01;9.121469e-02;9.627564e-02;1.020755e-01;7.075376e-02;8.642979e-02
5.065411e-02;2.901814e-02;4.229597e-02;9.942932e-02;9.832656e-02;5.937961e-02;1.459476e-01;1.044968e-01;7.217675e-02;1.083790e-01;7.599776e-02;1.138984e-01
2.998297e-02;1.972735e-02;4.460271e-02;1.282963e-01;5.526288e-02;5.363904e-02;9.414457e-02;1.093572e-01;1.620713e-01;1.205944e-01;9.027413e-02;9.204717e-02
2.086035e-02;1.452302e-02;5.925126e-02;1.013866e-01;5.398824e-02;4.885035e-02;9.253780e-02;1.100613e-01;2.364228e-01;1.476550e-01;7.003473e-02;4.442850e-02
2.315941e-02;1.418936e-02;6.553221e-02;7.058497e-02;5.133561e-02;4.893335e-02;1.158853e-01;1.158656e-01;2.309117e-01;1.518908e-01;8.249516e-02;2.921651e-02
3.307652e-02;2.174882e-02;7.733706e-02;6.928553e-02;4.387174e-02;4.938166e-02;1.215025e-01;1.096482e-01;2.077162e-01;1.414917e-01;8.983520e-02;3.510486e-02
5.579828e-02;2.487281e-02;7.471776e-02;8.143597e-02;6.971528e-02;4.590308e-02;1.328059e-01;9.650107e-02;1.715645e-01;9.367219e-02;7.592556e-02;7.708766e-02
3.824177e-02;2.364963e-02;7.882634e-02;8.739376e-02;6.191690e-02;6.049136e-02;1.517981e-01;1.093008e-01;1.378688e-01;1.321826e-01;8.298203e-02;3.534793e-02
6.034398e-02;4.164020e-02;6.547700e-02;9.752361e-02;7.583072e-02;5.002577e-02;1.141785e-01;1.335174e-01;1.260287e-01;1.405028e-01;4.601882e-02;4.891250e-02
9.459692e-02;8.669521e-02;1.282912e-01;8.804809e-02;5.127912e-02;5.176458e-02;1.061875e-01;9.739228e-02;3.778896e-02;1.186857e-01;8.420686e-02;5.506356e-02
7.434335e-02;9.382061e-02;1.513922e-01;8.957081e-02;7.655483e-02;7.895649e-02;8.558559e-02;4.231578e-02;1.107117e-01;8.330667e-02;8.296595e-02;3.047598e-02
9.939759e-02;4.775327e-02;1.260885e-01;5.170867e-02;3.714442e-02;4.979367e-02;1.538598e-01;1.138599e-01;1.824756e-01;5.792013e-02;3.470458e-02;4.529381e-02
9.842422e-02;5.375827e-02;9.499308e-02;3.036652e-02;2.398840e-02;2.032495e-02;1.661574e-01;1.669611e-01;1.755485e-01;5.374658e-02;4.604452e-02;6.968638e-02
7.933997e-02;4.692724e-02;7.281732e-02;2.239340e-02;1.592530e-02;2.032189e-02;1.836513e-01;1.677332e-01;1.510891e-01;4.325319e-02;6.739420e-02;1.291539e-01
4.528203e-02;3.030733e-02;5.988853e-02;1.271164e-02;1.323304e-02;3.827100e-02;2.096637e-01;1.279163e-01;1.151583e-01;2.557589e-02;1.014418e-01;2.205504e-01
1.924616e-02;2.169610e-02;6.414669e-02;1.733491e-02;1.277998e-02;5.351892e-02;1.945036e-01;5.003430e-02;9.266992e-02;1.068671e-02;1.569978e-01;3.063849e-01
2.092208e-02;2.599890e-02;7.300103e-02;3.848159e-02;1.491465e-02;5.530976e-02;1.659467e-01;2.119305e-02;9.571169e-02;1.904727e-02;1.541815e-01;3.152918e-01
2.319342e-02;4.021300e-02;7.332128e-02;5.242311e-02;1.090083e-02;5.474425e-02;1.761973e-01;8.943991e-03;9.736302e-02;2.083019e-02;1.576437e-01;2.842259e-01
2.566577e-02;3.627453e-02;1.104219e-01;4.750091e-02;8.331177e-03;5.877721e-02;1.674877e-01;2.041083e-02;9.778748e-02;2.782283e-02;2.132975e-01;1.862221e-01
2.578076e-02;3.140076e-02;1.643399e-01;3.336223e-02;1.105364e-02;5.898792e-02;1.302607e-01;3.234047e-02;8.997967e-02;4.295587e-02;2.792966e-01;1.002414e-01
1.033834e-02;4.596667e-02;1.859819e-01;3.488408e-02;1.402939e-02;4.210308e-02;9.433617e-02;3.296002e-02;8.165101e-02;5.426817e-02;2.460432e-01;1.574380e-01
1.942340e-02;7.079673e-02;1.926405e-01;2.733565e-02;1.675491e-02;1.958270e-02;7.960075e-02;2.791515e-02;6.987298e-02;9.987072e-02;2.006112e-01;1.755952e-01
3.638459e-02;9.234877e-02;1.897858e-01;1.297947e-02;3.304521e-02;2.696820e-02;6.110807e-02;5.756499e-02;8.358690e-02;1.228310e-01;1.284449e-01;1.549520e-01
4.792809e-02;4.979039e-02;1.294031e-01;2.843130e-02;5.816630e-02;6.748775e-02;1.154338e-01;1.066825e-01;9.788340e-02;9.654261e-02;1.675543e-01;3.469643e-02
9.372651e-02;7.505661e-02;6.581104e-02;2.611542e-02;4.723040e-02;6.760609e-02;1.121521e-01;8.136614e-02;1.048279e-01;8.369868e-02;1.213170e-01;1.210922e-01
1.291360e-01;8.768847e-02;5.216362e-02;4.258162e-02;3.351690e-02;5.925431e-02;8.425658e-02;8.682657e-02;1.019943e-01;5.172298e-02;7.836232e-02;1.924964e-01
1.240651e-01;3.764281e-02;2.733984e-02;5.809244e-02;1.497116e-02;3.667566e-02;1.951544e-01;1.201747e-01;5.383675e-02;2.562857e-02;7.621442e-02;2.302042e-01
2.283874e-01;4.172572e-02;3.686506e-02;4.517098e-02;9.043517e-03;2.299170e-02;1.881958e-01;1.595319e-01;1.539882e-02;1.681849e-02;5.867274e-02;1.771978e-01
2.944319e-01;5.684157e-02;4.414540e-02;2.305366e-02;8.852992e-03;2.081663e-02;2.139829e-01;1.927536e-01;3.039652e-02;6.656241e-03;2.635034e-02;8.171833e-02
2.018061e-01;3.825799e-02;3.141966e-02;2.996026e-02;5.011323e-03;3.500115e-02;2.671240e-01;1.214780e-01;2.119655e-02;4.246622e-03;3.752922e-02;2.069690e-01
1.082010e-01;1.725298e-02;4.218340e-02;3.094247e-02;7.366624e-03;7.335811e-02;2.992376e-01;4.695681e-02;1.047449e-02;1.154030e-02;9.285367e-02;2.596326e-01
5.613702e-02;2.643820e-02;7.140946e-02;1.389765e-02;1.037530e-02;1.190428e-01;2.922744e-01;6.714948e-03;4.235612e-02;1.427909e-02;1.444252e-01;2.026499e-01
5.034321e-02;4.369238e-02;1.036170e-01;2.702358e-02;1.744862e-02;1.386153e-01;2.381902e-01;1.068128e-02;6.992219e-02;2.523103e-02;1.577172e-01;1.175180e-01
5.092505e-02;3.827127e-02;1.591819e-01;1.808517e-02;3.038570e-02;1.661513e-01;1.552655e-01;1.363848e-02;7.078096e-02;2.438802e-02;2.149003e-01;5.802626e-02
3.839586e-02;1.726773e-02;2.024601e-01;1.547461e-02;4.641125e-02;2.022772e-01;6.092958e-02;1.142214e-02;5.084029e-02;3.727720e-02;2.720660e-01;4.517820e-02
3.664647e-02;2.482308e-02;2.035744e-01;1.156609e-02;5.735245e-02;2.334146e-01;2.427910e-02;1.805852e-02;4.016227e-02;4.340454e-02;2.708569e-01;3.586147e-02
4.001408e-02;2.444926e-02;1.660470e-01;2.178047e-02;6.234042e-02;2.406929e-01;4.166199e-02;1.266313e-02;4.234318e-02;5.180368e-02;2.595227e-01;3.668107e-02
3.541482e-02;1.619777e-02;1.401316e-01;2.268269e-02;5.724429e-02;2.404124e-01;2.288699e-02;5.440199e-03;3.370748e-02;6.989557e-02;3.179147e-01;3.807157e-02
3.829744e-02;2.806226e-02;1.356767e-01;1.619185e-02;4.299640e-02;2.148773e-01;1.371039e-02;1.289256e-02;3.076954e-02;8.248276e-02;3.524294e-01;3.161340e-02
7.191195e-02;3.033590e-02;1.520774e-01;6.999175e-03;2.544996e-02;1.737762e-01;2.595406e-02;3.305560e-03;3.887251e-02;7.731286e-02;3.333146e-01;6.068978e-02
4.194263e-02;3.310207e-02;1.634116e-01;1.226085e-02;1.455677e-02;1.562546e-01;5.082405e-02;1.030405e-02;4.568596e-02;6.693603e-02;3.153712e-01;8.935025e-02
5.795019e-02;1.756450e-02;1.503737e-01;1.315815e-02;1.797817e-02;1.487197e-01;4.819291e-02;1.870105e-02;4.491939e-02;6.939308e-02;3.142134e-01;9.883583e-02
3.513179e-02;1.854822e-02;1.248620e-01;9.598083e-03;1.791478e-02;1.925419e-01;4.275267e-02;1.264788e-02;2.678029e-02;6.838843e-02;3.443769e-01;1.064572e-01
3.721100e-02;2.091595e-02;9.307732e-02;1.370476e-02;3.440062e-02;2.355916e-01;3.934462e-02;1.344432e-02;1.224469e-02;8.980956e-02;3.317288e-01;7.852677e-02
2.300807e-02;2.573072e-02;5.714039e-02;1.128122e-02;7.067638e-02;2.753288e-01;1.369890e-02;1.634016e-02;1.723229e-02;1.071095e-01;3.206635e-01;6.179014e-02
2.463494e-02;3.381006e-02;2.779978e-02;9.989838e-03;1.033055e-01;2.978360e-01;2.238968e-02;2.709499e-02;1.942440e-02;1.264954e-01;2.698392e-01;3.738022e-02
1.102585e-02;3.967876e-02;3.623306e-02;2.175758e-02;1.009628e-01;3.226869e-01;7.070733e-02;3.293887e-02;3.076023e-02;1.239268e-01;1.931009e-01;1.622092e-02
1.450637e-02;3.363487e-02;4.021340e-02;2.427283e-02;6.032333e-02;3.270670e-01;1.376600e-01;5.205089e-02;4.801153e-02;1.146368e-01;1.370904e-01;1.053247e-02
3.304222e-03;3.445818e-02;2.073573e-02;1.407938e-02;1.138752e-01;3.171953e-01;1.429200e-01;4.930856e-02;3.300419e-02;1.510859e-01;1.124635e-01;7.569929e-03
4.881187e-03;3.834639e-02;1.431869e-02;1.538161e-02;1.892319e-01;2.893472e-01;7.751714e-02;3.954253e-02;2.090020e-02;2.042577e-01;1.005524e-01;5.723110e-03
6.223341e-03;4.480576e-02;1.219098e-02;2.005889e-02;2.510125e-01;2.039453e-01;4.231135e-02;4.109886e-02;2.579685e-02;2.482520e-01;9.797575e-02;6.328464e-03
5.024294e-03;5.162856e-02;1.676889e-02;3.234155e-02;2.743450e-01;1.472202e-01;2.768253e-02;4.303980e-02;2.328007e-02;2.881077e-01;8.361404e-02;6.947385e-03
4.711461e-03;5.874400e-02;1.159261e-02;4.311844e-02;2.926863e-01;1.166267e-01;1.447334e-02;5.221880e-02;2.086238e-02;3.284084e-01;4.715710e-02;9.400407e-03
6.685341e-03;5.891783e-02;1.166239e-02;4.549694e-02;2.834408e-01;8.605437e-02;2.835989e-02;8.136749e-02;2.988392e-02;3.178970e-01;3.934212e-02;1.089204e-02
8.061749e-03;5.432648e-02;1.314463e-02;4.562872e-02;2.664367e-01;9.661974e-02;2.795061e-02;1.157741e-01;2.476945e-02;2.508645e-01;8.616842e-02;1.025494e-02
1.339121e-02;4.561162e-02;2.490987e-02;3.388061e-02;2.267976e-01;2.044720e-01;2.440673e-02;1.049195e-01;1.814591e-02;1.415553e-01;1.506162e-01;1.129346e-02
1.523319e-02;3.753844e-02;4.345553e-02;1.904175e-02;1.737137e-01;2.867708e-01;5.119189e-02;4.693072e-02;3.554186e-02;6.585272e-02;2.094346e-01;1.529475e-02
2.482339e-02;2.881653e-02;4.671691e-02;1.348582e-02;1.205727e-01;2.758249e-01;6.960972e-02;5.487075e-02;4.158722e-02;8.064348e-02;2.217178e-01;2.133065e-02
5.173712e-02;3.025331e-02;7.128762e-02;2.254684e-02;7.820588e-02;1.881385e-01;7.358347e-02;6.893604e-02;4.676468e-02;1.105839e-01;1.944388e-01;6.352386e-02
1.425907e-01;3.726185e-02;5.140511e-02;2.094920e-02;3.235518e-02;7.014304e-02;1.921753e-01;8.685917e-02;3.002831e-02;8.348533e-02;1.118414e-01;1.409054e-01
1.905464e-01;2.279599e-02;2.236599e-02;2.075151e-02;1.156752e-02;6.683706e-02;2.334115e-01;9.047571e-02;1.006189e-02;6.280920e-02;8.410337e-02;1.842739e-01
1.996756e-01;1.947426e-02;2.501594e-02;2.987016e-02;2.166637e-02;6.251065e-02;2.275119e-01;8.465520e-02;1.751020e-02;7.490549e-02;5.944939e-02;1.777549e-01
2.250871e-01;3.458922e-02;2.774681e-02;3.216245e-02;3.194278e-02;5.548078e-02;2.033613e-01;7.702065e-02;4.276985e-02;8.345640e-02;5.245479e-02;1.339279e-01
2.538570e-01;4.175172e-02;6.595179e-02;2.710191e-02;3.207302e-02;4.172227e-02;1.884837e-01;9.153257e-02;5.099533e-02;7.605035e-02;5.000871e-02;8.047161e-02
2.663555e-01;5.030603e-02;9.058373e-02;2.374081e-02;3.576948e-02;3.621421e-02;1.837836e-01;7.641837e-02;5.618700e-02;6.299902e-02;6.610575e-02;5.153644e-02
2.850053e-01;6.758339e-02;9.974039e-02;1.226261e-02;3.417385e-02;3.354371e-02;1.697501e-01;5.437606e-02;5.691192e-02;3.269474e-02;8.307718e-02;7.088066e-02
3.309494e-01;4.261297e-02;6.861918e-02;1.872611e-02;2.845797e-02;3.000119e-02;1.623046e-01;4.774338e-02;4.300366e-02;5.686798e-02;7.405686e-02;9.665676e-02
2.976632e-01;8.844364e-02;1.613830e-01;2.125760e-02;3.429168e-02;3.419495e-02;9.594484e-02;6.306021e-02;4.665671e-02;3.891535e-02;5.936975e-02;5.881900e-02
1.577693e-01;1.382058e-01;2.534788e-01;3.190786e-02;4.177397e-02;2.738754e-02;8.575957e-02;7.410830e-02;4.670740e-02;4.105819e-02;6.619495e-02;3.564825e-02
2.349796e-01;1.310853e-01;1.565786e-01;2.187153e-02;3.410488e-02;1.717094e-02;1.152508e-01;9.349170e-02;6.439339e-02;2.588636e-02;6.821986e-02;3.696703e-02
2.367490e-01;1.369504e-01;1.233547e-01;9.692388e-03;2.716319e-02;2.019124e-02;1.144443e-01;7.252282e-02;1.040694e-01;4.842791e-02;6.499247e-02;4.144225e-02
1.231181e-01;1.497837e-01;2.087642e-01;1.716942e-02;3.496147e-02;2.987767e-02;1.174351e-01;3.470110e-02;1.584045e-01;3.622345e-02;5.470106e-02;3.486025e-02
1.733562e-01;1.336379e-01;1.551765e-01;1.918695e-02;3.907043e-02;2.986864e-02;7.004339e-02;9.043622e-02;1.407752e-01;4.685448e-02;6.898839e-02;3.260575e-02
2.400380e-01;1.009743e-01;8.412273e-02;1.220836e-02;4.644687e-02;2.834070e-02;1.415858e-01;1.092307e-01;6.981445e-02;3.841411e-02;1.029327e-01;2.589124e-02
2.631167e-01;6.883868e-02;8.371591e-02;1.721610e-02;4.316919e-02;1.628395e-02;1.682483e-01;1.135822e-01;5.378821e-02;4.516698e-02;9.362411e-02;3.324959e-02
2.705202e-01;6.342901e-02;6.287490e-02;2.004657e-02;3.936496e-02;1.750611e-02;2.090069e-01;1.224440e-01;4.645052e-02;4.761178e-02;6.893337e-02;3.181170e-02
2.430947e-01;8.693368e-02;8.181439e-02;1.982601e-02;3.812957e-02;2.862573e-02;2.001345e-01;1.136971e-01;4.699376e-02;3.772324e-02;6.873401e-02;3.429340e-02
1.531833e-01;9.051057e-02;1.145647e-01;3.762591e-02;6.025842e-02;5.527627e-02;1.364509e-01;1.030848e-01;7.138851e-02;6.824400e-02;8.618265e-02;2.323003e-02
1.304873e-01;6.453701e-02;6.945998e-02;4.066323e-02;7.999788e-02;5.575978e-02;1.163141e-01;1.302458e-01;8.839892e-02;9.037998e-02;1.119200e-01;2.183597e-02
1.423450e-01;4.354682e-02;4.013063e-02;4.041948e-02;8.650423e-02;2.798242e-02;1.077495e-01;1.549111e-01;8.365826e-02;8.051408e-02;1.524145e-01;3.982391e-02
1.329904e-01;5.436466e-02;4.572314e-02;4.566284e-02;7.432870e-02;2.316765e-02;1.047972e-01;1.641405e-01;4.564143e-02;8.599091e-02;1.831395e-01;4.005325e-02
1.221986e-01;5.237321e-02;5.549902e-02;2.556072e-02;6.112907e-02;3.308333e-02;1.196299e-01;1.684060e-01;7.534907e-02;5.337464e-02;1.792672e-01;5.412928e-02
9.365667e-02;5.472632e-02;5.675334e-02;2.103661e-02;4.977326e-02;3.035076e-02;1.542307e-01;1.489018e-01;1.216171e-01;7.444388e-02;1.416990e-01;5.281054e-02
6.950201e-02;5.271331e-02;6.385028e-02;2.143489e-02;4.777481e-02;5.135100e-02;1.476003e-01;1.140110e-01;1.584441e-01;1.108934e-01;1.030525e-01;5.937247e-02
7.750466e-02;3.243134e-02;8.649773e-02;2.891808e-02;4.539451e-02;3.391011e-02;1.618840e-01;1.221099e-01;1.605635e-01;1.056106e-01;7.681935e-02;6.835620e-02
1.142442e-01;3.455187e-02;1.442973e-01;2.258914e-02;4.649146e-02;2.969198e-02;1.646173e-01;1.017087e-01;1.374961e-01;9.620423e-02;5.861375e-02;4.949393e-02
2.026805e-01;6.738590e-02;1.783440e-01;1.866548e-02;4.440998e-02;3.758958e-02;1.245112e-01;6.983144e-02;8.816675e-02;7.316957e-02;4.151969e-02;5.372591e-02
2.244284e-01;5.838355e-02;1.150968e-01;2.073328e-02;3.437613e-02;4.742488e-02;1.758057e-01;2.740589e-02;9.534248e-02;3.200461e-02;5.650662e-02;1.124917e-01
1.702604e-01;4.545420e-02;8.227334e-02;2.878343e-02;3.981277e-02;5.967471e-02;1.560549e-01;7.545637e-02;1.186359e-01;3.443612e-02;8.818047e-02;1.009773e-01
8.261826e-02;5.342441e-02;1.183210e-01;3.593528e-02;4.051133e-02;6.112131e-02;1.456219e-01;1.177126e-01;1.311039e-01;6.133156e-02;9.360270e-02;5.869574e-02
6.819462e-02;5.664326e-02;1.106210e-01;4.162334e-02;4.940208e-02;4.309501e-02;1.266748e-01;1.079786e-01;1.462111e-01;9.937117e-02;6.549396e-02;8.469105e-02
1.461855e-01;5.241259e-02;1.046140e-01;3.504609e-02;4.783080e-02;4.548851e-02;1.343065e-01;6.475858e-02;1.321253e-01;9.833764e-02;5.141311e-02;8.748142e-02
1.562256e-01;3.346361e-02;1.074534e-01;3.104521e-02;3.424500e-02;6.259851e-02;1.507776e-01;3.947177e-02;1.371437e-01;8.706848e-02;5.222131e-02;1.082858e-01
1.081650e-01;7.459597e-02;1.021581e-01;3.742897e-02;3.843868e-02;5.481545e-02;1.609904e-01;7.626247e-02;1.582946e-01;7.446656e-02;5.601870e-02;5.836523e-02
6.644261e-02;5.695076e-02;1.445887e-01;4.000676e-02;4.454688e-02;5.544834e-02;1.110059e-01;1.684455e-01;1.151624e-01;9.209725e-02;6.197134e-02;4.333368e-02
1.353253e-01;8.310175e-02;1.136325e-01;3.352979e-02;2.998941e-02;4.693705e-02;9.751050e-02;1.448129e-01;1.088964e-01;9.715740e-02;6.458679e-02;4.452030e-02
1.288699e-01;8.483212e-02;1.306165e-01;3.838988e-02;2.925910e-02;4.502376e-02;1.162297e-01;1.402844e-01;1.138360e-01;7.405329e-02;6.941257e-02;2.919266e-02
1.589213e-01;1.068190e-01;2.510954e-01;4.165911e-02;4.508537e-02;2.207305e-02;1.218216e-01;8.268571e-02;4.308903e-02;4.087346e-02;5.367633e-02;3.220057e-02
1.669641e-01;1.074869e-01;2.576611e-01;4.337585e-02;4.520386e-02;2.986524e-02;1.346501e-01;4.315466e-02;4.046284e-02;4.107889e-02;4.681918e-02;4.327718e-02
1.495296e-01;9.404662e-02;2.198137e-01;3.979366e-02;4.456748e-02;5.632910e-02;1.404743e-01;2.602330e-02;4.177070e-02;5.593411e-02;7.807110e-02;5.364630e-02
8.123616e-02;7.226621e-02;1.452205e-01;3.091734e-02;4.131232e-02;1.148084e-01;1.425387e-01;1.082238e-02;3.598322e-02;8.082271e-02;1.807027e-01;6.336933e-02
8.096596e-02;6.175848e-02;2.673329e-02;1.184089e-02;6.727938e-02;1.370959e-01;8.736987e-02;1.148752e-02;1.778002e-02;1.832547e-01;2.759635e-01;3.847057e-02
8.347090e-02;4.105746e-02;2.949648e-02;2.020371e-02;1.000249e-01;8.414216e-02;4.869599e-02;2.334161e-02;3.594357e-02;2.635445e-01;2.254930e-01;4.458576e-02
3.902722e-02;2.081395e-02;2.306622e-02;2.697093e-02;1.322841e-01;5.490414e-02;2.394469e-02;3.634403e-02;5.142037e-02;3.628326e-01;1.906556e-01;3.773618e-02
4.461999e-02;2.151470e-02;2.888113e-02;3.864643e-02;1.353936e-01;3.535988e-02;1.289092e-02;3.449009e-02;7.375328e-02;4.047085e-01;1.498505e-01;1.989103e-02
3.944146e-02;2.295976e-02;3.650851e-02;3.194100e-02;1.239999e-01;3.152218e-02;3.323413e-02;3.556383e-02;8.381302e-02;4.124278e-01;1.338000e-01;1.478831e-02
2.741577e-02;2.292216e-02;3.408669e-02;4.715079e-02;1.196762e-01;1.793148e-02;3.578434e-02;4.360415e-02;7.720011e-02;4.257686e-01;1.307111e-01;1.774872e-02
4.610315e-02;2.924844e-02;5.138218e-02;6.492264e-02;1.043279e-01;2.012181e-02;3.200730e-02;5.981378e-02;8.189281e-02;3.756004e-01;1.149484e-01;1.963121e-02
4.959118e-02;1.981977e-02;4.720055e-02;1.177304e-01;7.944987e-02;2.094315e-02;5.451518e-02;1.113995e-01;1.311146e-01;2.796468e-01;7.833653e-02;1.025248e-02
6.245948e-02;2.256300e-02;5.301524e-02;1.728158e-01;7.283593e-02;3.152283e-02;6.411891e-02;1.270872e-01;1.667507e-01;1.759419e-01;4.254611e-02;8.342891e-03
6.856979e-02;2.707001e-02;1.124881e-01;2.075705e-01;7.610070e-02;4.654021e-02;7.033437e-02;8.012504e-02;1.636707e-01;1.069594e-01;3.170024e-02;8.871015e-03
7.129250e-02;1.085708e-02;1.174651e-01;2.552410e-01;8.781427e-02;7.192934e-02;6.828326e-02;4.099127e-02;1.723120e-01;6.807445e-02;2.374789e-02;1.199180e-02
6.637128e-02;2.064046e-02;2.123300e-01;2.248184e-01;8.968587e-02;5.775516e-02;5.961973e-02;4.728138e-02;1.471691e-01;4.408626e-02;1.805714e-02;1.218527e-02
7.375573e-02;3.930839e-02;3.098484e-01;1.646771e-01;8.464326e-02;2.969762e-02;8.222675e-02;5.075407e-02;1.137762e-01;2.603927e-02;1.401069e-02;1.126256e-02
9.801801e-02;8.343260e-02;3.025593e-01;1.070756e-01;7.840941e-02;3.474021e-02;1.097033e-01;5.365729e-02;8.363407e-02;2.181755e-02;1.265372e-02;1.429901e-02
1.232852e-01;8.793266e-02;2.435804e-01;7.281971e-02;7.253388e-02;5.247318e-02;1.235991e-01;6.011957e-02;9.838408e-02;3.086544e-02;1.807302e-02;1.633379e-02
1.232811e-01;5.349154e-02;1.188713e-01;4.184404e-02;1.102718e-01;7.848652e-02;1.123226e-01;1.232122e-01;1.389991e-01;6.171609e-02;2.177697e-02;1.572671e-02
7.011696e-02;6.276307e-02;2.093105e-01;6.953593e-02;1.214124e-01;6.563517e-02;1.501667e-01;9.055603e-02;7.154873e-02;3.772877e-02;2.030984e-02;3.091576e-02
7.369217e-02;6.526338e-02;2.300845e-01;1.187394e-01;1.417963e-01;5.309559e-02;1.480042e-01;2.708121e-02;5.429414e-02;3.723056e-02;2.797138e-02;2.274719e-02
5.609817e-02;5.248477e-02;1.579569e-01;1.605472e-01;1.775480e-01;5.291051e-02;1.109847e-01;3.392405e-02;1.034513e-01;5.705297e-02;2.224313e-02;1.479833e-02
3.686382e-02;3.731562e-02;4.867121e-02;2.138549e-01;2.601269e-01;5.175250e-02;7.611185e-02;2.374712e-02;1.450637e-01;7.773135e-02;1.916967e-02;9.591467e-03
3.795829e-02;2.710076e-02;3.163724e-02;2.311591e-01;2.467269e-01;2.905205e-02;4.855375e-02;4.373783e-02;1.660025e-01;1.057913e-01;2.244370e-02;9.836559e-03
3.576307e-02;2.239226e-02;7.659391e-02;2.329750e-01;1.720321e-01;4.401364e-02;2.046102e-02;4.096266e-02;1.859064e-01;1.273317e-01;2.906613e-02;1.250203e-02
2.514150e-02;1.650128e-02;5.354290e-02;2.374149e-01;1.874319e-01;5.604415e-02;2.208757e-02;2.403212e-02;1.567950e-01;1.658008e-01;4.232446e-02;1.288351e-02
2.598037e-02;2.237567e-02;6.722213e-02;2.243143e-01;2.011531e-01;3.509962e-02;3.051620e-02;3.278344e-02;1.072773e-01;1.858675e-01;5.512111e-02;1.228934e-02
2.808858e-02;3.640349e-02;5.902040e-02;2.030305e-01;1.725023e-01;2.105441e-02;6.302774e-02;3.480844e-02;1.053408e-01;2.048042e-01;5.810448e-02;1.381470e-02
2.679825e-02;4.376056e-02;8.332915e-02;1.536889e-01;1.473298e-01;2.439822e-02;6.148685e-02;2.765270e-02;7.379469e-02;2.392440e-01;9.850207e-02;2.001486e-02
2.330994e-02;4.131654e-02;1.118397e-01;7.011086e-02;1.006962e-01;2.849543e-02;7.615332e-02;2.579384e-02;7.985003e-02;2.458642e-01;1.579112e-01;3.865870e-02
3.758660e-02;4.740203e-02;7.456470e-02;5.805852e-02;7.242069e-02;3.058966e-02;7.681379e-02;3.983814e-02;9.760653e-02;2.461756e-01;1.733817e-01;4.556202e-02
2.767145e-02;6.099716e-02;8.245238e-02;7.663948e-02;8.077684e-02;3.308159e-02;4.034582e-02;5.839389e-02;9.622245e-02;2.353821e-01;1.645907e-01;4.344624e-02
6.097252e-02;5.428205e-02;1.499365e-01;7.607634e-02;8.149569e-02;2.374143e-02;5.145793e-02;6.972143e-02;8.035849e-02;1.669088e-01;1.391618e-01;4.588711e-02
1.286773e-01;4.178814e-02;1.481345e-01;6.833734e-02;7.736784e-02;3.034073e-02;6.611586e-02;7.856746e-02;8.567919e-02;1.001532e-01;1.260449e-01;4.879358e-02
1.588709e-01;5.770282e-02;1.078046e-01;5.720408e-02;8.549117e-02;4.197589e-02;7.574657e-02;1.129581e-01;9.743854e-02;4.990298e-02;1.066212e-01;4.828329e-02
1.350261e-01;4.031632e-02;5.429222e-02;5.389007e-02;9.080381e-02;5.239722e-02;1.711123e-01;1.029281e-01;9.019806e-02;9.371668e-02;6.088418e-02;5.443497e-02
8.003913e-02;5.078885e-02;9.797665e-02;5.233325e-02;7.599866e-02;8.831821e-02;2.099362e-01;7.347681e-02;7.287034e-02;8.543706e-02;5.763200e-02;5.519284e-02
4.706966e-02;5.967589e-02;1.407301e-01;4.494729e-02;6.788527e-02;8.727141e-02;2.020773e-01;8.151045e-02;7.244960e-02;6.444249e-02;8.215145e-02;4.978908e-02
5.610237e-02;4.373673e-02;2.159900e-01;6.194371e-02;5.643001e-02;6.762377e-02;1.201810e-01;7.697840e-02;1.069282e-01;7.922172e-02;6.073494e-02;5.412919e-02
6.378073e-02;5.682800e-02;2.112483e-01;6.604828e-02;5.760716e-02;7.915247e-02;1.402831e-01;4.617361e-02;1.090107e-01;9.581909e-02;4.322234e-02;3.082624e-02
