9.772515e-02;1.168976e-01;1.054984e-02;1.804903e-02;3.198977e-02;7.891899e-02;4.611637e-01;1.280610e-01;7.395812e-03;8.223431e-03;3.830706e-02;2.718600e-03
7.339292e-02;1.147200e-01;1.018477e-02;8.689019e-03;2.256541e-02;8.742929e-02;5.238104e-01;1.070491e-01;6.558016e-03;6.838514e-03;3.597230e-02;2.790266e-03
3.491338e-02;6.948453e-02;8.831170e-03;1.048150e-02;1.487189e-02;8.575228e-02;5.562706e-01;1.525229e-01;8.200964e-03;7.118858e-03;4.529816e-02;6.253835e-03
5.384282e-02;5.309408e-02;8.772139e-03;6.530402e-03;1.907243e-02;8.151089e-02;5.410605e-01;1.792812e-01;7.092173e-03;9.224867e-03;3.408945e-02;6.429058e-03
1.012873e-01;4.954616e-02;1.322988e-02;7.168195e-03;2.684899e-02;8.290496e-02;5.022457e-01;1.433484e-01;1.305950e-02;1.433473e-02;3.936411e-02;6.662059e-03
1.007509e-01;3.502094e-02;1.937135e-02;1.168764e-02;3.616839e-02;6.163187e-02;4.590133e-01;1.582324e-01;3.403042e-02;1.840922e-02;4.982952e-02;1.585400e-02
1.326091e-01;4.054381e-02;2.398131e-02;1.943785e-02;2.961256e-02;5.069028e-02;3.376254e-01;1.801986e-01;3.627151e-02;2.771165e-02;9.544494e-02;2.587302e-02
8.992694e-02;8.523487e-02;1.503642e-02;1.822230e-02;2.172068e-02;5.850134e-02;3.809117e-01;2.246761e-01;2.273266e-02;2.985042e-02;3.710469e-02;1.608182e-02
4.796229e-02;8.081235e-02;1.933936e-02;1.090714e-02;1.246608e-02;2.467217e-02;3.509793e-01;3.759990e-01;1.964657e-02;1.984956e-02;2.404176e-02;1.332441e-02
1.273467e-02;4.243144e-02;2.010582e-02;1.107013e-02;8.223675e-03;3.669544e-02;3.094682e-01;4.784109e-01;2.575692e-02;1.581215e-02;2.423488e-02;1.505567e-02
1.324459e-02;8.762512e-03;2.260307e-02;2.316833e-02;1.053846e-02;6.122517e-02;2.606840e-01;4.810448e-01;2.973137e-02;1.714128e-02;5.334207e-02;1.851433e-02
1.969184e-02;1.996047e-02;3.165340e-02;3.652576e-02;1.293529e-02;7.521697e-02;2.003983e-01;4.662799e-01;4.029086e-02;1.611984e-02;6.198465e-02;1.894278e-02
2.579022e-02;1.135833e-02;3.966526e-02;4.974041e-02;1.476961e-02;7.670542e-02;1.643089e-01;5.109832e-01;5.213397e-02;1.555572e-02;2.461446e-02;1.437460e-02
1.654753e-02;4.279521e-02;6.875507e-02;3.506498e-02;1.473258e-02;5.083057e-02;1.802897e-01;4.998110e-01;4.193759e-02;1.098640e-02;1.531233e-02;2.293704e-02
2.331595e-02;8.951855e-02;7.340394e-02;2.239816e-02;1.113803e-02;4.269996e-02;2.634375e-01;3.924616e-01;2.356250e-02;9.892213e-03;2.012046e-02;2.805112e-02
5.948479e-02;1.289968e-01;6.246046e-02;1.962084e-02;1.389543e-02;4.619811e-02;3.009039e-01;2.776553e-01;1.811894e-02;1.214767e-02;3.810603e-02;2.241168e-02
8.781599e-02;1.734981e-01;4.846676e-02;7.132971e-03;2.063022e-02;5.371744e-02;3.165270e-01;1.986943e-01;1.969455e-02;1.216432e-02;4.913059e-02;1.252775e-02
1.324596e-01;1.342790e-01;4.435960e-02;2.109419e-02;2.104691e-02;7.133085e-02;2.371683e-01;1.736902e-01;2.444606e-02;1.980474e-02;1.058395e-01;1.448110e-02
9.864631e-02;1.479492e-01;4.872497e-02;2.566617e-02;2.466824e-02;6.813721e-02;3.381818e-01;1.361780e-01;1.094305e-02;1.113873e-02;7.684893e-02;1.291724e-02
4.554660e-02;1.503543e-01;7.250362e-02;2.496730e-02;2.183954e-02;5.899306e-02;3.203894e-01;1.718104e-01;1.561817e-02;1.979975e-02;8.122420e-02;1.695367e-02
6.847566e-02;1.125093e-01;7.242457e-02;3.641986e-02;3.856598e-02;6.423935e-02;3.475638e-01;1.400403e-01;2.027858e-02;3.183971e-02;4.833058e-02;1.931239e-02
1.174338e-01;1.277074e-01;3.790921e-02;4.155954e-02;3.788224e-02;4.178330e-02;2.374943e-01;1.374698e-01;4.079542e-02;4.331516e-02;8.308874e-02;5.356103e-02
1.473465e-01;1.427527e-01;3.344838e-02;3.682677e-02;3.768132e-02;4.468255e-02;1.941655e-01;1.377971e-01;4.172726e-02;3.197663e-02;9.568582e-02;5.590952e-02
1.348413e-01;1.349393e-01;3.546328e-02;3.930549e-02;3.917556e-02;5.695191e-02;2.299369e-01;1.100202e-01;3.713629e-02;5.599418e-02;8.220448e-02;4.403114e-02
4.491726e-02;1.121614e-01;3.024615e-02;2.363220e-02;2.155392e-02;4.404560e-02;2.744493e-01;2.338281e-01;2.391245e-02;6.211981e-02;9.891444e-02;3.021932e-02
3.446364e-02;1.689548e-01;2.695088e-02;1.212543e-02;1.325329e-02;3.823449e-02;3.264150e-01;2.752132e-01;1.336978e-02;3.948316e-02;3.401861e-02;1.751768e-02
9.550755e-02;2.515106e-01;1.978995e-02;9.344847e-03;9.538326e-03;4.261050e-02;3.143217e-01;2.022675e-01;5.253278e-03;1.783274e-02;2.156169e-02;1.046137e-02
2.056687e-01;3.049202e-01;1.332465e-02;1.103531e-02;7.350563e-03;4.916963e-02;2.512993e-01;1.093273e-01;4.018846e-03;1.217435e-02;2.024434e-02;1.146679e-02
3.439243e-01;2.899020e-01;8.949177e-03;1.270769e-02;1.076037e-02;5.951308e-02;1.792170e-01;4.749903e-02;6.747325e-03;1.673998e-02;1.255996e-02;1.148012e-02
4.533066e-01;2.009473e-01;9.994898e-03;1.109532e-02;1.878573e-02;6.909980e-02;1.489281e-01;2.219569e-02;1.243741e-02;1.624719e-02;2.547587e-02;1.148602e-02
4.737605e-01;9.409561e-02;1.810902e-02;9.791180e-03;3.063370e-02;7.807563e-02;1.633664e-01;3.513268e-02;1.967833e-02;1.578896e-02;4.843104e-02;1.313695e-02
4.107550e-01;3.811839e-02;3.002369e-02;1.378973e-02;4.249756e-02;9.194376e-02;1.629952e-01;6.223113e-02;3.641884e-02;2.003312e-02;7.380457e-02;1.738905e-02
2.372802e-01;6.688966e-02;3.344613e-02;2.166212e-02;4.450595e-02;8.190293e-02;1.216864e-01;8.097132e-02;4.205831e-02;2.189248e-02;2.218597e-01;2.584472e-02
1.173861e-01;6.063449e-02;2.911722e-02;1.848728e-02;3.435614e-02;6.761748e-02;1.805937e-01;1.183665e-01;3.625544e-02;2.767315e-02;2.852937e-01;2.421883e-02
8.712929e-02;1.179025e-01;3.331150e-02;1.834145e-02;2.142357e-02;7.320869e-02;2.102131e-01;1.049773e-01;2.987754e-02;3.692709e-02;2.448164e-01;2.187148e-02
1.865309e-01;2.183912e-01;3.159304e-02;1.980714e-02;1.817966e-02;7.048789e-02;2.380018e-01;8.142598e-02;1.641903e-02;2.753729e-02;6.268610e-02;2.894007e-02
2.407609e-01;2.101486e-01;1.804657e-02;2.183335e-02;1.556092e-02;7.028598e-02;2.340304e-01;5.074640e-02;1.110724e-02;2.633841e-02;7.031103e-02;3.083019e-02
2.321502e-01;1.567297e-01;1.158697e-02;2.832729e-02;1.445360e-02;7.926717e-02;2.996032e-01;7.047885e-02;6.864858e-03;3.361477e-02;3.249705e-02;3.442637e-02
1.584504e-01;9.083081e-02;8.339245e-03;2.576903e-02;1.114269e-02;7.016856e-02;3.995855e-01;1.146524e-01;6.180110e-03;3.208990e-02;3.709403e-02;4.569728e-02
8.495014e-02;7.810371e-02;7.265998e-03;1.466276e-02;1.503722e-02;4.832971e-02;4.287474e-01;1.582681e-01;1.002092e-02;2.199067e-02;8.684342e-02;4.578000e-02
3.989693e-02;9.717993e-02;6.410566e-03;6.706269e-03;1.956402e-02;3.506096e-02;4.410826e-01;1.532286e-01;1.454840e-02;2.533623e-02;1.321002e-01;2.888539e-02
1.867078e-02;1.125369e-01;7.560125e-03;8.651205e-03;2.728959e-02;3.332196e-02;4.114926e-01;1.087477e-01;2.399071e-02;3.024092e-02;2.041618e-01;1.333559e-02
1.902797e-02;1.101255e-01;5.192389e-03;5.928057e-03;3.633469e-02;2.998157e-02;3.624336e-01;1.226821e-01;2.318131e-02;2.145194e-02;2.473865e-01;1.627428e-02
2.063959e-02;1.062803e-01;7.026801e-03;2.860599e-03;4.843841e-02;2.477874e-02;3.355646e-01;1.416268e-01;1.922635e-02;1.165474e-02;2.518719e-01;3.003125e-02
1.740000e-02;9.922493e-02;1.319542e-02;7.565106e-03;5.170634e-02;1.577505e-02;3.012817e-01;1.847047e-01;1.570152e-02;1.397191e-02;2.245129e-01;5.496050e-02
1.664860e-02;8.722513e-02;2.143615e-02;1.462388e-02;4.310820e-02;9.894226e-03;2.590086e-01;2.531472e-01;1.321336e-02;1.466585e-02;1.768933e-01;9.013542e-02
2.250288e-02;7.587775e-02;2.850904e-02;2.225973e-02;3.380753e-02;1.147241e-02;2.283547e-01;2.882031e-01;1.363490e-02;2.134427e-02;1.362370e-01;1.177966e-01
2.267586e-02;5.935154e-02;4.043803e-02;2.169353e-02;2.799980e-02;2.189990e-02;2.043359e-01;2.868618e-01;1.580041e-02;3.581233e-02;1.396330e-01;1.234979e-01
2.380655e-02;5.980409e-02;5.013279e-02;1.817075e-02;2.107107e-02;2.420485e-02;2.149413e-01;2.886040e-01;1.072182e-02;4.697586e-02;1.321860e-01;1.093809e-01
2.101705e-02;6.413978e-02;4.138511e-02;1.342345e-02;1.878597e-02;2.223019e-02;2.492160e-01;3.138811e-01;1.671069e-02;2.668383e-02;1.240892e-01;8.843756e-02
1.638007e-02;5.388819e-02;3.977615e-02;1.136491e-02;1.446447e-02;1.272406e-02;2.612443e-01;3.534203e-01;2.568331e-02;2.073971e-02;1.001761e-01;9.013846e-02
1.305500e-02;4.612934e-02;3.068517e-02;9.850755e-03;9.707057e-03;1.225856e-02;3.079382e-01;3.671426e-01;2.200039e-02;1.650801e-02;8.198204e-02;8.274285e-02
1.613724e-02;5.609159e-02;1.580713e-02;1.027597e-02;1.211991e-02;2.179646e-02;3.819613e-01;3.416912e-01;1.405830e-02;1.618121e-02;6.607708e-02;4.780260e-02
4.786643e-02;8.976831e-02;1.248002e-02;8.094888e-03;2.078212e-02;3.766283e-02;4.032534e-01;2.760651e-01;6.952591e-03;1.098041e-02;6.285368e-02;2.324023e-02
9.569589e-02;1.278166e-01;1.250168e-02;1.062846e-02;2.191941e-02;4.361385e-02;3.331831e-01;2.286201e-01;1.312740e-02;9.575365e-03;8.665854e-02;1.665958e-02
1.236233e-01;1.591930e-01;1.820392e-02;1.272460e-02;1.425104e-02;3.909282e-02;2.066166e-01;2.500911e-01;2.028790e-02;1.935575e-02;1.248119e-01;1.174790e-02
1.325058e-01;1.314290e-01;1.764856e-02;1.339247e-02;1.772363e-02;4.072899e-02;2.490972e-01;2.292830e-01;1.612567e-02;3.258878e-02;1.003286e-01;1.914821e-02
2.253565e-01;1.380315e-01;1.074625e-02;1.607370e-02;1.504221e-02;4.585503e-02;2.326480e-01;1.681994e-01;9.826291e-03;2.952145e-02;9.063924e-02;1.806034e-02
3.447583e-01;1.666789e-01;8.368447e-03;1.754622e-02;1.320720e-02;5.835190e-02;2.271361e-01;8.990537e-02;4.514571e-03;2.373819e-02;3.374266e-02;1.205219e-02
4.320535e-01;1.364846e-01;5.883094e-03;1.626242e-02;1.326937e-02;6.842685e-02;2.184059e-01;4.719172e-02;6.640420e-03;1.847921e-02;2.491727e-02;1.198557e-02
4.628641e-01;7.964952e-02;1.155416e-02;1.028233e-02;1.677074e-02;7.217139e-02;2.047947e-01;5.274805e-02;1.062490e-02;1.184259e-02;5.173663e-02;1.496097e-02
4.312835e-01;4.947815e-02;2.049880e-02;1.066035e-02;2.238094e-02;7.318494e-02;2.013468e-01;5.199788e-02;1.755604e-02;9.729426e-03;9.747792e-02;1.440519e-02
2.795055e-01;5.245280e-02;3.005102e-02;1.261597e-02;3.121339e-02;6.421203e-02;1.671289e-01;6.732222e-02;2.548183e-02;1.258582e-02;2.269596e-01;3.047091e-02
4.801100e-02;6.951364e-02;3.418749e-02;2.376914e-02;3.350387e-02;6.228969e-02;1.282039e-01;7.791712e-02;1.894703e-02;1.932469e-02;4.520851e-01;3.224730e-02
1.207792e-01;6.388275e-02;2.871378e-02;1.775477e-02;2.136158e-02;4.245247e-02;1.080048e-01;5.702323e-02;1.102243e-02;2.014919e-02;4.913207e-01;1.753508e-02
9.788972e-02;7.054265e-02;2.947210e-02;1.830411e-02;1.570409e-02;3.129309e-02;8.660159e-02;5.246762e-02;1.657537e-02;2.508556e-02;5.272774e-01;2.878676e-02
1.007046e-01;1.270593e-01;3.945650e-02;2.004228e-02;1.546959e-02;2.065951e-02;9.885802e-02;5.001627e-02;2.128800e-02;3.122031e-02;4.285894e-01;4.663625e-02
1.213513e-01;1.943965e-01;5.135261e-02;1.947850e-02;3.126484e-02;2.488752e-02;9.668729e-02;6.073302e-02;2.099768e-02;5.148310e-02;2.838887e-01;4.347896e-02
7.684461e-02;1.744147e-01;5.269985e-02;3.372490e-02;5.049966e-02;4.092154e-02;8.450295e-02;6.941283e-02;3.900339e-02;7.221936e-02;2.695644e-01;3.619182e-02
9.039880e-02;1.785121e-01;6.119885e-02;3.588334e-02;5.516856e-02;4.581498e-02;1.289620e-01;8.182082e-02;5.061523e-02;7.961893e-02;1.509727e-01;4.103362e-02
1.369829e-01;2.392333e-01;7.195169e-02;2.784084e-02;3.466059e-02;2.989336e-02;1.311368e-01;5.400380e-02;3.478412e-02;6.744207e-02;1.485140e-01;2.355656e-02
1.193965e-01;2.117123e-01;6.690039e-02;3.231101e-02;1.121151e-02;1.553278e-02;9.206136e-02;5.504701e-02;4.770022e-02;7.274254e-02;2.503745e-01;2.500987e-02
6.514779e-02;1.936273e-01;6.152533e-02;2.940742e-02;1.837263e-02;2.011713e-02;5.429031e-02;6.233646e-02;7.220820e-02;5.949926e-02;3.323527e-01;3.111553e-02
5.628011e-02;1.506645e-01;6.031469e-02;3.514350e-02;2.934277e-02;2.892608e-02;6.972755e-02;6.751882e-02;6.405636e-02;3.780743e-02;3.699868e-01;3.023135e-02
5.067054e-02;1.495496e-01;7.011814e-02;4.206263e-02;3.513752e-02;3.058052e-02;8.408296e-02;7.167225e-02;4.227132e-02;3.067627e-02;3.773163e-01;1.586196e-02
4.491471e-02;1.542123e-01;7.854509e-02;5.028856e-02;3.692938e-02;3.992322e-02;1.149750e-01;7.351451e-02;2.306522e-02;1.954847e-02;3.542119e-01;9.871598e-03
5.706515e-02;1.822889e-01;8.430299e-02;5.346532e-02;4.196737e-02;4.996606e-02;1.076718e-01;1.000104e-01;1.976538e-02;2.179951e-02;2.673027e-01;1.439433e-02
1.140257e-01;1.375722e-01;6.003673e-02;4.330115e-02;3.510961e-02;5.731124e-02;1.285197e-01;1.061828e-01;2.227502e-02;2.166563e-02;2.578750e-01;1.612512e-02
2.046691e-01;1.125670e-01;4.445636e-02;3.433896e-02;2.524929e-02;3.694095e-02;7.495693e-02;8.920363e-02;1.233874e-02;1.395739e-02;3.401071e-01;1.121451e-02
2.129858e-01;1.080316e-01;3.510039e-02;3.415602e-02;2.521616e-02;2.175184e-02;7.436474e-02;8.165922e-02;1.148727e-02;1.172185e-02;3.694622e-01;1.406291e-02
1.023805e-01;9.387846e-02;3.754363e-02;3.695329e-02;2.788466e-02;2.484299e-02;7.256560e-02;9.461879e-02;1.295819e-02;1.726091e-02;4.660583e-01;1.305470e-02
7.645278e-02;5.554184e-02;4.381161e-02;4.330082e-02;2.856889e-02;3.645447e-02;5.060415e-02;9.015942e-02;9.147434e-03;2.236265e-02;5.184277e-01;2.516827e-02
8.569746e-02;9.448043e-02;4.502156e-02;3.897471e-02;2.722922e-02;4.275317e-02;7.390396e-02;7.021220e-02;1.390549e-02;3.073266e-02;4.267429e-01;5.034628e-02
7.918479e-02;1.846063e-01;6.205574e-02;3.463928e-02;2.839159e-02;4.396649e-02;8.305515e-02;8.392814e-02;2.099488e-02;4.655408e-02;2.787248e-01;5.389873e-02
1.090355e-01;2.570749e-01;6.876577e-02;1.816060e-02;2.233754e-02;4.043014e-02;1.117745e-01;1.122863e-01;2.112218e-02;3.827377e-02;1.695859e-01;3.115295e-02
1.488425e-01;2.744786e-01;5.174186e-02;3.389528e-02;1.699158e-02;5.131374e-02;8.594386e-02;1.100612e-01;1.751138e-02;1.720578e-02;1.759289e-01;1.608525e-02
1.388582e-01;2.093562e-01;4.074920e-02;5.958663e-02;2.433731e-02;5.391813e-02;5.244051e-02;1.034898e-01;2.740693e-02;3.931239e-02;2.290107e-01;2.153405e-02
1.744912e-01;1.818123e-01;5.476691e-02;5.358113e-02;4.652611e-02;4.092478e-02;8.004575e-02;1.007354e-01;2.235171e-02;3.478397e-02;1.905490e-01;1.943187e-02
1.294893e-01;1.789281e-01;6.375790e-02;5.366625e-02;6.041999e-02;4.811827e-02;1.249386e-01;1.244477e-01;3.792344e-02;3.778004e-02;1.112295e-01;2.930086e-02
9.550188e-02;1.360213e-01;5.208032e-02;5.744884e-02;6.076843e-02;6.909513e-02;1.085522e-01;1.375586e-01;4.214631e-02;4.452138e-02;1.554131e-01;4.089248e-02
8.336384e-02;7.083269e-02;4.490917e-02;1.027740e-01;6.449610e-02;7.806317e-02;9.994762e-02;1.272580e-01;3.809993e-02;2.945378e-02;2.239282e-01;3.687352e-02
2.044079e-01;9.202506e-02;6.886529e-02;9.052184e-02;6.500935e-02;8.300117e-02;9.474462e-02;6.460547e-02;4.190621e-02;2.493577e-02;1.262605e-01;4.371684e-02
2.601189e-01;8.995573e-02;8.891322e-02;4.944802e-02;6.041736e-02;1.113173e-01;1.193909e-01;3.918028e-02;5.307690e-02;2.541323e-02;6.583320e-02;3.693495e-02
2.690085e-01;4.521642e-02;8.722497e-02;1.980164e-02;8.626762e-02;1.790385e-01;1.192548e-01;2.694609e-02;6.337930e-02;2.745158e-02;4.475562e-02;3.165498e-02
2.514875e-01;1.782951e-02;6.092702e-02;9.829284e-03;9.151676e-02;2.275793e-01;1.347692e-01;4.856317e-02;5.672941e-02;3.667158e-02;3.542027e-02;2.867711e-02
2.850163e-01;2.216979e-02;3.426131e-02;1.636254e-02;6.411977e-02;2.542406e-01;1.548653e-01;5.013139e-02;3.909605e-02;4.291841e-02;2.164515e-02;1.517344e-02
3.323066e-01;3.749110e-02;1.242087e-02;1.471185e-02;4.398587e-02;2.457299e-01;1.713343e-01;5.576873e-02;1.850567e-02;4.350754e-02;1.740986e-02;6.827729e-03
3.328620e-01;7.073702e-02;7.095209e-03;2.571444e-02;2.416779e-02;2.023862e-01;2.113905e-01;6.117740e-02;9.057825e-03;3.866167e-02;1.195365e-02;4.796344e-03
2.999575e-01;1.156925e-01;6.981279e-03;4.340129e-02;1.558695e-02;1.480067e-01;2.567655e-01;6.199724e-02;7.463013e-03;3.045785e-02;8.742617e-03;4.947564e-03
2.453279e-01;1.641742e-01;7.905573e-03;4.221421e-02;1.405271e-02;1.033851e-01;2.836836e-01;8.170943e-02;8.501845e-03;1.977497e-02;1.751391e-02;1.175647e-02
2.045387e-01;1.942119e-01;1.231466e-02;3.211687e-02;1.980095e-02;6.789952e-02;3.048388e-01;9.689102e-02;1.551306e-02;1.399831e-02;2.059591e-02;1.728028e-02
1.497661e-01;1.838143e-01;8.578271e-03;2.114070e-02;3.291859e-02;4.745876e-02;3.129184e-01;1.337327e-01;2.538244e-02;1.403062e-02;5.401762e-02;1.624145e-02
1.416578e-01;1.583879e-01;1.272108e-02;1.230940e-02;4.072009e-02;5.599953e-02;3.176319e-01;1.487534e-01;2.235331e-02;1.362047e-02;6.273606e-02;1.310902e-02
1.678454e-01;1.129543e-01;2.327791e-02;1.389191e-02;3.681725e-02;7.154188e-02;3.298291e-01;1.167086e-01;2.073073e-02;1.391691e-02;8.107769e-02;1.140832e-02
1.852738e-01;7.240482e-02;2.063182e-02;3.269068e-02;3.987533e-02;8.652601e-02;3.543737e-01;8.390611e-02;2.222831e-02;3.387072e-02;6.173315e-02;6.485574e-03
1.695222e-01;1.016698e-01;2.172703e-02;3.133304e-02;4.379385e-02;8.505753e-02;3.267121e-01;1.323343e-01;1.633558e-02;2.516367e-02;2.977894e-02;1.657198e-02
1.765934e-01;8.041985e-02;3.201033e-02;2.194473e-02;4.355635e-02;7.323804e-02;3.043101e-01;1.214397e-01;4.037912e-02;2.332047e-02;6.946892e-02;1.331902e-02
1.175259e-01;5.894784e-02;3.376697e-02;2.474912e-02;4.656129e-02;9.050779e-02;2.765712e-01;1.553967e-01;8.210002e-02;2.710570e-02;5.845846e-02;2.830896e-02
1.035211e-01;6.851854e-02;4.907363e-02;4.612960e-02;3.359073e-02;7.576187e-02;2.021724e-01;1.707353e-01;6.118173e-02;6.010631e-02;8.328208e-02;4.592677e-02
1.327529e-01;8.710937e-02;6.431110e-02;5.071945e-02;3.469267e-02;5.838900e-02;1.301398e-01;1.095796e-01;4.587718e-02;7.292624e-02;1.223953e-01;9.110733e-02
1.640274e-01;1.166871e-01;4.627299e-02;2.203649e-02;2.643922e-02;3.951774e-02;1.321772e-01;1.449443e-01;3.042258e-02;5.409377e-02;1.551551e-01;6.822609e-02
1.642442e-01;1.468513e-01;3.375445e-02;2.424672e-02;2.333727e-02;3.800295e-02;1.427640e-01;1.539170e-01;3.495892e-02;3.649329e-02;1.761612e-01;2.526870e-02
1.279518e-01;1.450415e-01;3.820747e-02;4.583150e-02;2.916414e-02;4.279654e-02;1.352794e-01;1.413067e-01;5.813424e-02;4.565967e-02;1.819902e-01;8.636845e-03
1.017600e-01;1.124378e-01;3.725658e-02;1.622947e-01;4.004804e-02;4.448308e-02;1.024322e-01;1.185924e-01;1.016208e-01;5.840499e-02;1.106626e-01;1.000673e-02
1.093566e-01;7.611549e-02;5.259678e-02;2.153200e-01;3.487241e-02;2.469418e-02;9.869716e-02;1.685178e-01;1.228782e-01;4.500655e-02;3.526711e-02;1.667768e-02
1.232289e-01;5.043413e-02;5.058202e-02;1.428069e-01;1.893253e-02;1.459132e-02;1.152209e-01;2.184824e-01;1.482189e-01;3.245867e-02;3.490029e-02;5.014296e-02
1.224008e-01;4.756910e-02;3.468536e-02;6.171061e-02;1.426984e-02;1.317468e-02;1.318540e-01;2.676827e-01;1.784257e-01;3.519746e-02;3.696566e-02;5.606417e-02
9.769029e-02;3.432352e-02;2.282856e-02;5.702066e-02;1.394220e-02;1.174960e-02;1.239208e-01;2.707354e-01;1.782127e-01;6.483483e-02;9.280391e-02;3.193750e-02
7.133710e-02;3.419395e-02;2.832475e-02;3.719801e-02;1.662360e-02;2.143976e-02;1.629797e-01;2.865855e-01;1.386109e-01;5.058060e-02;1.313851e-01;2.074106e-02
6.325476e-02;3.006842e-02;2.772714e-02;4.582392e-02;2.436925e-02;1.567833e-02;1.891904e-01;2.837090e-01;1.022967e-01;5.049554e-02;1.517537e-01;1.563280e-02
6.510071e-02;4.279780e-02;2.831611e-02;4.706676e-02;2.477967e-02;1.529836e-02;2.203129e-01;3.111871e-01;7.544759e-02;5.150286e-02;9.468336e-02;2.350668e-02
6.209178e-02;6.456179e-02;3.921646e-02;3.052961e-02;2.311419e-02;2.968417e-02;2.968957e-01;3.105486e-01;3.808111e-02;4.205187e-02;3.387443e-02;2.935033e-02
5.734486e-02;9.884086e-02;3.892783e-02;2.243082e-02;1.919359e-02;4.130287e-02;3.694858e-01;2.142405e-01;2.984081e-02;4.063894e-02;3.947815e-02;2.827495e-02
9.759814e-02;1.206512e-01;2.730725e-02;2.173953e-02;2.895270e-02;4.708633e-02;3.718385e-01;1.441060e-01;3.418951e-02;4.062096e-02;4.871505e-02;1.719474e-02
1.182819e-01;1.016605e-01;4.133765e-02;4.937800e-02;6.175115e-02;4.236914e-02;2.788700e-01;1.182498e-01;4.251176e-02;4.296059e-02;6.534185e-02;3.728765e-02
1.045711e-01;8.269583e-02;5.833155e-02;4.800392e-02;6.745615e-02;4.515229e-02;1.933567e-01;1.541515e-01;4.193427e-02;6.240756e-02;8.369256e-02;5.824666e-02
1.249253e-01;8.608520e-02;4.976746e-02;3.390768e-02;5.697807e-02;4.888124e-02;1.861811e-01;1.866680e-01;4.298570e-02;7.433423e-02;6.558400e-02;4.370194e-02
1.388447e-01;5.889099e-02;4.895007e-02;4.924666e-02;4.862294e-02;5.074695e-02;1.734755e-01;2.218239e-01;3.718613e-02;5.848262e-02;6.666059e-02;4.706898e-02
1.024596e-01;7.274928e-02;6.282429e-02;7.005034e-02;5.228963e-02;5.407283e-02;1.520795e-01;1.817650e-01;4.865212e-02;7.443018e-02;7.767191e-02;5.095533e-02
7.570897e-02;8.995000e-02;6.474399e-02;7.791070e-02;7.477571e-02;8.884444e-02;1.252225e-01;1.230801e-01;4.774174e-02;8.176917e-02;9.557535e-02;5.467736e-02
7.232983e-02;9.373681e-02;6.671496e-02;4.351567e-02;5.327235e-02;1.210908e-01;1.264383e-01;8.945205e-02;7.208712e-02;9.932774e-02;1.016479e-01;6.038644e-02
6.563117e-02;1.133584e-01;5.074829e-02;6.735180e-02;5.816506e-02;8.502592e-02;1.544134e-01;1.004110e-01;6.228820e-02;9.222609e-02;1.049692e-01;4.541146e-02
1.231041e-01;1.231603e-01;3.324137e-02;6.540294e-02;7.348232e-02;5.250983e-02;1.564022e-01;1.331845e-01;4.608227e-02;6.623121e-02;8.736505e-02;3.983389e-02
1.198134e-01;1.136240e-01;4.019097e-02;4.802462e-02;6.915824e-02;3.439263e-02;1.655205e-01;1.570334e-01;5.556558e-02;6.637738e-02;8.140635e-02;4.889296e-02
1.176493e-01;6.950937e-02;6.351347e-02;8.219420e-02;7.284594e-02;5.079419e-02;1.244453e-01;1.424922e-01;7.424156e-02;7.654700e-02;6.455810e-02;6.120925e-02
1.217293e-01;8.767255e-02;7.600261e-02;1.317727e-01;9.564039e-02;6.874891e-02;5.716001e-02;1.302328e-01;7.533759e-02;5.915690e-02;5.099431e-02;4.555200e-02
6.971878e-02;1.578717e-01;6.641431e-02;9.370468e-02;1.094619e-01;5.117666e-02;8.736186e-02;1.572477e-01;5.175507e-02;8.166989e-02;3.971479e-02;3.390265e-02
5.575239e-02;2.492551e-01;3.876669e-02;4.651514e-02;7.891620e-02;3.664677e-02;1.098095e-01;1.494450e-01;5.866449e-02;9.737755e-02;4.417156e-02;3.467960e-02
6.396595e-02;3.180315e-01;4.749520e-02;3.145558e-02;4.211386e-02;2.883671e-02;8.974035e-02;1.320315e-01;7.631740e-02;7.148895e-02;7.578463e-02;2.273836e-02
6.212937e-02;2.983963e-01;6.811786e-02;3.305826e-02;2.118024e-02;2.987741e-02;1.095616e-01;1.560400e-01;6.285816e-02;4.965766e-02;9.663089e-02;1.249234e-02
8.756379e-02;1.363501e-01;5.085695e-02;2.736604e-02;2.549392e-02;4.092300e-02;2.258057e-01;1.951817e-01;3.541489e-02;2.945857e-02;1.324493e-01;1.313610e-02
9.565877e-02;9.754216e-02;2.860856e-02;2.991716e-02;2.178057e-02;4.189181e-02;2.001955e-01;2.162218e-01;3.202739e-02;3.336264e-02;1.926432e-01;1.015043e-02
7.738680e-02;9.157361e-02;2.784241e-02;3.046727e-02;2.235650e-02;3.085631e-02;1.165478e-01;1.733892e-01;3.139316e-02;3.800376e-02;3.540211e-01;6.162012e-03
7.124767e-02;9.337270e-02;3.110275e-02;2.448737e-02;3.328087e-02;3.026325e-02;5.494462e-02;1.016192e-01;2.213067e-02;3.507553e-02;4.960307e-01;6.444644e-03
4.550019e-02;1.174872e-01;3.908173e-02;3.741123e-02;4.420598e-02;3.016078e-02;6.920292e-02;4.732972e-02;1.574367e-02;3.825342e-02;5.122793e-01;3.343831e-03
5.978565e-02;1.563621e-01;4.429549e-02;4.078584e-02;6.013205e-02;3.212649e-02;4.989225e-02;5.608430e-02;1.693803e-02;4.550884e-02;4.305836e-01;7.505371e-03
8.529391e-02;2.232790e-01;4.113901e-02;2.531174e-02;4.556954e-02;4.068051e-02;6.185833e-02;8.590447e-02;2.063652e-02;4.646561e-02;3.080344e-01;1.582685e-02
1.238046e-01;2.888848e-01;3.738048e-02;4.575545e-02;3.977041e-02;5.271180e-02;6.941319e-02;8.645473e-02;2.179737e-02;4.059384e-02;1.715084e-01;2.192498e-02
1.385016e-01;3.244846e-01;4.237246e-02;7.003570e-02;5.294028e-02;5.081614e-02;8.383948e-02;1.364421e-01;2.778611e-02;3.134937e-02;2.013074e-02;2.130133e-02
1.511576e-01;3.237971e-01;4.626475e-02;7.692261e-02;5.043335e-02;4.601467e-02;5.544690e-02;1.311562e-01;3.314267e-02;2.241312e-02;4.864120e-02;1.460982e-02
1.778062e-01;3.556491e-01;5.480604e-02;6.849295e-02;3.968306e-02;4.602305e-02;3.072829e-02;1.205944e-01;3.463657e-02;1.421464e-02;4.162708e-02;1.573866e-02
1.598880e-01;3.051228e-01;4.481932e-02;3.509042e-02;2.071062e-02;3.249403e-02;8.468319e-02;1.811710e-01;2.712819e-02;1.742140e-02;7.566085e-02;1.581024e-02
1.517729e-01;2.475042e-01;3.158445e-02;1.547814e-02;1.340361e-02;2.891790e-02;1.550006e-01;2.471765e-01;1.943192e-02;1.320450e-02;6.533448e-02;1.119082e-02
2.019754e-01;1.730949e-01;2.451940e-02;8.552863e-03;1.119867e-02;3.151212e-02;2.048788e-01;2.557523e-01;1.648711e-02;1.116304e-02;4.643191e-02;1.443352e-02
2.863224e-01;9.199755e-02;3.128469e-02;1.159039e-02;1.308456e-02;2.732434e-02;1.812276e-01;2.322060e-01;1.500898e-02;1.747040e-02;6.825086e-02;2.423230e-02
3.074695e-01;2.421812e-01;4.169884e-02;1.329163e-02;1.846080e-02;2.395925e-02;7.513365e-02;1.697429e-01;1.675103e-02;1.633418e-02;5.787720e-02;1.709974e-02
2.767152e-01;2.323180e-01;3.719432e-02;1.249497e-02;1.957216e-02;2.796508e-02;1.355621e-01;1.458025e-01;1.829481e-02;1.671806e-02;5.701030e-02;2.035259e-02
1.856772e-01;2.011934e-01;3.293409e-02;3.819913e-02;3.446298e-02;4.805391e-02;1.600817e-01;1.067513e-01;4.418979e-02;4.412354e-02;7.365061e-02;3.068229e-02
1.282772e-01;1.407039e-01;5.087126e-02;4.657995e-02;5.141971e-02;5.980491e-02;1.312550e-01;8.547737e-02;6.515827e-02;5.673488e-02;1.466074e-01;3.711010e-02
1.165280e-01;1.382193e-01;4.099417e-02;2.494196e-02;3.768107e-02;5.382559e-02;1.784602e-01;1.313136e-01;4.996030e-02;3.992825e-02;1.478316e-01;4.031592e-02
1.515046e-01;1.609838e-01;3.126393e-02;1.625527e-02;2.327901e-02;3.809043e-02;1.861621e-01;1.435030e-01;2.952428e-02;2.408247e-02;1.549625e-01;4.038863e-02
1.410759e-01;1.595613e-01;4.199980e-02;3.023637e-02;2.779640e-02;3.795237e-02;1.117210e-01;1.388951e-01;2.375460e-02;3.100208e-02;2.335208e-01;2.248421e-02
1.356950e-01;1.477975e-01;3.422163e-02;2.333690e-02;2.337188e-02;5.480900e-02;2.134128e-01;1.155564e-01;1.965638e-02;2.165981e-02;1.892484e-01;2.123426e-02
1.365419e-01;1.475029e-01;2.350932e-02;1.993472e-02;2.053150e-02;7.594547e-02;1.907563e-01;1.543766e-01;2.332320e-02;2.674172e-02;1.505945e-01;3.024173e-02
1.009510e-01;1.556146e-01;2.488110e-02;2.886322e-02;3.427151e-02;1.053871e-01;1.364045e-01;1.751851e-01;4.110540e-02;3.955127e-02;1.117177e-01;4.606757e-02
1.259285e-01;1.360968e-01;2.946298e-02;1.592642e-02;3.577924e-02;8.832842e-02;1.868328e-01;1.621833e-01;3.800474e-02;3.136447e-02;1.159487e-01;3.414369e-02
1.591039e-01;1.443464e-01;3.869634e-02;3.186337e-02;2.290118e-02;4.702004e-02;1.669466e-01;1.071785e-01;3.904894e-02;4.175708e-02;1.837609e-01;1.737670e-02
