8.240077e-02;1.051672e-01;1.393811e-01;6.187050e-02;8.621785e-02;6.876311e-02;1.340003e-01;8.651689e-02;5.297339e-02;7.509274e-02;7.730374e-02;3.031244e-02
8.780257e-02;6.210598e-02;9.390917e-02;6.389037e-02;8.619334e-02;6.690040e-02;1.239737e-01;1.177427e-01;9.950044e-02;7.961174e-02;6.624021e-02;5.212929e-02
8.443768e-02;4.125389e-02;9.096041e-02;5.745340e-02;9.871347e-02;8.307172e-02;1.200815e-01;1.241891e-01;1.319548e-01;7.066251e-02;4.132805e-02;5.589350e-02
1.088074e-01;8.159249e-02;8.518710e-02;4.818013e-02;1.072800e-01;8.738481e-02;9.914298e-02;1.019452e-01;1.130028e-01;7.562261e-02;3.897815e-02;5.287632e-02
1.139532e-01;8.958456e-02;9.047888e-02;3.466248e-02;6.320301e-02;4.554610e-02;1.571129e-01;9.043077e-02;8.965971e-02;8.825275e-02;6.475861e-02;7.235708e-02
9.737054e-02;6.030495e-02;1.044874e-01;6.054641e-02;5.472981e-02;3.771929e-02;1.644072e-01;6.276570e-02;1.245480e-01;8.437153e-02;6.184428e-02;8.690496e-02
1.320411e-01;3.621830e-02;7.479559e-02;7.247167e-02;4.122711e-02;3.436612e-02;1.540377e-01;6.312888e-02;1.525279e-01;7.319292e-02;5.728463e-02;1.087081e-01
1.101731e-01;2.928947e-02;6.648197e-02;6.873716e-02;2.774142e-02;2.089232e-02;1.520666e-01;7.322404e-02;1.601466e-01;6.287812e-02;9.726286e-02;1.311063e-01
6.959189e-02;3.674927e-02;8.371176e-02;5.034349e-02;4.953999e-02;4.158673e-02;1.444613e-01;8.334684e-02;1.367374e-01;8.067073e-02;7.880646e-02;1.444541e-01
1.169902e-01;4.460999e-02;1.087159e-01;6.009381e-02;7.337990e-02;4.070277e-02;9.495805e-02;9.295190e-02;8.652132e-02;9.665362e-02;5.084122e-02;1.335814e-01
1.514209e-01;6.568882e-02;1.372882e-01;1.028411e-01;5.315446e-02;3.161717e-02;8.841234e-02;8.701206e-02;4.412307e-02;8.457784e-02;5.871363e-02;9.515035e-02
9.801487e-02;7.162965e-02;1.234046e-01;1.214745e-01;4.333379e-02;3.464558e-02;1.121453e-01;9.124006e-02;8.838850e-02;8.091129e-02;6.847290e-02;6.633897e-02
7.093707e-02;6.175555e-02;7.997406e-02;1.309890e-01;7.518563e-02;6.062157e-02;1.748368e-01;1.087618e-01;8.599376e-02;7.135018e-02;3.513184e-02;4.446278e-02
7.472740e-02;1.005930e-01;1.329756e-01;9.671414e-02;6.248007e-02;7.072756e-02;1.455151e-01;8.459638e-02;9.631789e-02;6.168573e-02;3.508850e-02;3.857861e-02
5.391543e-02;1.296070e-01;1.781959e-01;7.450600e-02;4.647853e-02;8.111972e-02;9.896024e-02;4.670620e-02;1.154154e-01;7.472388e-02;5.657529e-02;4.379642e-02
8.995429e-02;1.476200e-01;1.573765e-01;5.596304e-02;5.795638e-02;6.433073e-02;7.090332e-02;3.198204e-02;1.447977e-01;7.452895e-02;7.390808e-02;3.067895e-02
1.717000e-01;1.356183e-01;9.908967e-02;3.246093e-02;8.338476e-02;3.761073e-02;4.835713e-02;6.711087e-02;1.401891e-01;4.974551e-02;1.147272e-01;2.000578e-02
2.712288e-01;7.743037e-02;5.489345e-02;1.508917e-02;1.115350e-01;2.316286e-02;4.551261e-02;1.207363e-01;9.260832e-02;2.532859e-02;1.333197e-01;2.915483e-02
3.128798e-01;3.611973e-02;3.726073e-02;1.713681e-02;1.133428e-01;1.697177e-02;5.157102e-02;1.911590e-01;6.342708e-02;2.103167e-02;9.556006e-02;4.353963e-02
2.933462e-01;2.138328e-02;3.651206e-02;1.861465e-02;7.665744e-02;1.444804e-02;8.267229e-02;2.566721e-01;8.351684e-02;1.910721e-02;4.754570e-02;4.952429e-02
2.244289e-01;3.146568e-02;5.481730e-02;2.133055e-02;5.133827e-02;1.766225e-02;1.709426e-01;2.280718e-01;7.201144e-02;3.407022e-02;5.292744e-02;4.093353e-02
1.766417e-01;4.718849e-02;6.325565e-02;1.808149e-02;6.326444e-02;3.275583e-02;2.450528e-01;1.584175e-01;6.494907e-02;3.590168e-02;5.071246e-02;4.377887e-02
1.875343e-01;3.904758e-02;5.822145e-02;1.218898e-02;5.390932e-02;4.354668e-02;2.923281e-01;1.086555e-01;5.800322e-02;4.560911e-02;5.637712e-02;4.457867e-02
1.930189e-01;2.571879e-02;4.461103e-02;1.319086e-02;4.658572e-02;2.916704e-02;2.322820e-01;1.925218e-01;4.984238e-02;4.291912e-02;9.509690e-02;3.504546e-02
1.843392e-01;3.877785e-02;4.653010e-02;1.880049e-02;5.895683e-02;3.245928e-02;1.251932e-01;2.681780e-01;4.967615e-02;5.171674e-02;8.689057e-02;3.848159e-02
1.658917e-01;4.719405e-02;6.609447e-02;1.821308e-02;6.570737e-02;2.820078e-02;9.391733e-02;2.909866e-01;3.527091e-02;4.705179e-02;1.102720e-01;3.119990e-02
1.341680e-01;3.766112e-02;7.285998e-02;1.214276e-02;1.129653e-01;2.400089e-02;1.085104e-01;2.662562e-01;4.708635e-02;3.817607e-02;1.017797e-01;4.439315e-02
1.470532e-01;3.671861e-02;7.547975e-02;2.168051e-02;1.166230e-01;2.582647e-02;1.028751e-01;2.155349e-01;5.963305e-02;5.164953e-02;9.695506e-02;4.997087e-02
1.955324e-01;7.194851e-02;7.352211e-02;2.463919e-02;4.931193e-02;2.541247e-02;1.116069e-01;1.881649e-01;6.716700e-02;6.389140e-02;6.851720e-02;6.028603e-02
2.322273e-01;1.055705e-01;9.493228e-02;1.818918e-02;4.922587e-02;2.425457e-02;6.207894e-02;1.904872e-01;6.614636e-02;6.727437e-02;4.844145e-02;4.117199e-02
2.459209e-01;1.023823e-01;8.094873e-02;1.573361e-02;1.436232e-02;1.196044e-02;5.382598e-02;2.375798e-01;9.423522e-02;5.669302e-02;5.686734e-02;2.949043e-02
1.713834e-01;5.605247e-02;4.336770e-02;3.293089e-02;2.122795e-02;1.311079e-02;1.284738e-01;2.651945e-01;9.241997e-02;9.243342e-02;4.885333e-02;3.455172e-02
1.188212e-01;2.159656e-02;1.926592e-02;5.147672e-02;1.533025e-02;1.871041e-02;2.092725e-01;2.804635e-01;4.850940e-02;1.432918e-01;3.708980e-02;3.617198e-02
1.300188e-01;2.249699e-02;2.661787e-02;5.577335e-02;1.270006e-02;1.684517e-02;2.571669e-01;2.459741e-01;2.991826e-02;1.371712e-01;3.018109e-02;3.513624e-02
1.299509e-01;3.334916e-02;4.747241e-02;7.622574e-02;2.264616e-02;2.883248e-02;3.052318e-01;1.459880e-01;2.320510e-02;1.076935e-01;3.053574e-02;4.886902e-02
7.439918e-02;3.930933e-02;6.727763e-02;9.982214e-02;3.187746e-02;6.155967e-02;3.240515e-01;1.046992e-01;2.755718e-02;9.008216e-02;4.831512e-02;3.104940e-02
7.822324e-02;2.731217e-02;5.457846e-02;7.420064e-02;3.870076e-02;5.938543e-02;2.156864e-01;2.358420e-01;4.592223e-02;7.523187e-02;5.579141e-02;3.912548e-02
9.965244e-02;3.313465e-02;3.508440e-02;4.993160e-02;4.036462e-02;3.158217e-02;1.500737e-01;3.307360e-01;6.417516e-02;9.243219e-02;3.687019e-02;3.596294e-02
9.697627e-02;3.128356e-02;4.417473e-02;4.904651e-02;4.694886e-02;3.476599e-02;9.906943e-02;2.828101e-01;9.438048e-02;1.098701e-01;5.057707e-02;6.009692e-02
8.901890e-02;2.442396e-02;7.999104e-02;3.219104e-02;5.610091e-02;4.644711e-02;6.927170e-02;2.233321e-01;1.110413e-01;1.313588e-01;7.541098e-02;6.141220e-02
1.007669e-01;3.390577e-02;8.412494e-02;5.959504e-02;4.507769e-02;3.816276e-02;4.565029e-02;1.876267e-01;1.088439e-01;1.644156e-01;7.767008e-02;5.416033e-02
1.302993e-01;5.167833e-02;5.066745e-02;6.627785e-02;3.572211e-02;2.335594e-02;8.884092e-02;1.481294e-01;9.936496e-02;1.750426e-01;5.576129e-02;7.485984e-02
1.755452e-01;5.860063e-02;7.709827e-02;7.662245e-02;2.633418e-02;2.272368e-02;1.003086e-01;9.603014e-02;7.563154e-02;1.747250e-01;3.274449e-02;8.363588e-02
1.755382e-01;4.436999e-02;9.445982e-02;9.504206e-02;4.951290e-02;3.744944e-02;8.217762e-02;9.539022e-02;5.232075e-02;1.586154e-01;5.228086e-02;6.284271e-02
1.606905e-01;6.190882e-02;5.903619e-02;8.676600e-02;4.949517e-02;4.445146e-02;8.175960e-02;1.263556e-01;5.986137e-02;1.614893e-01;6.287950e-02;4.530647e-02
1.176582e-01;4.156920e-02;6.892291e-02;1.086930e-01;5.780447e-02;3.787482e-02;1.186061e-01;1.542847e-01;6.588617e-02;1.473845e-01;4.306376e-02;3.825222e-02
7.270290e-02;3.255309e-02;6.768494e-02;6.948525e-02;6.960274e-02;4.310216e-02;1.505361e-01;1.949481e-01;6.667283e-02;1.234490e-01;7.349902e-02;3.576376e-02
6.271008e-02;3.855709e-02;7.915422e-02;6.471144e-02;6.499939e-02;3.959933e-02;1.729349e-01;1.690073e-01;4.038665e-02;1.143695e-01;8.544635e-02;6.812372e-02
6.164724e-02;4.611955e-02;1.133100e-01;1.145570e-01;7.139554e-02;2.528276e-02;1.563850e-01;1.146243e-01;5.565606e-02;1.333483e-01;5.711547e-02;5.055878e-02
7.627486e-02;6.842800e-02;8.332835e-02;9.329152e-02;9.179114e-02;3.957174e-02;1.616873e-01;7.313384e-02;9.628607e-02;1.327631e-01;3.988736e-02;4.355670e-02
5.260182e-02;5.604576e-02;1.284706e-01;9.064228e-02;6.146525e-02;4.508222e-02;1.561876e-01;1.291545e-01;6.899603e-02;1.029264e-01;6.128269e-02;4.714485e-02
7.366394e-02;5.929422e-02;1.242417e-01;8.454066e-02;8.800184e-02;6.954934e-02;2.078464e-01;2.359240e-02;8.218358e-02;5.976263e-02;7.608205e-02;5.124122e-02
9.073718e-02;5.465343e-02;1.100448e-01;5.818595e-02;8.216988e-02;6.135452e-02;2.043007e-01;1.117949e-01;9.317878e-02;3.383596e-02;6.711091e-02;3.263291e-02
1.225851e-01;4.986284e-02;9.684853e-02;2.399047e-02;6.984609e-02;3.867242e-02;1.772607e-01;2.121419e-01;8.510367e-02;4.376070e-02;5.922909e-02;2.069849e-02
1.698127e-01;3.080881e-02;7.667094e-02;2.314449e-02;7.295544e-02;2.036627e-02;1.369294e-01;3.096244e-01;4.915191e-02;4.343258e-02;4.321508e-02;2.388804e-02
2.167841e-01;1.514474e-02;4.878369e-02;1.631996e-02;1.152099e-01;1.284271e-02;8.515906e-02;3.349022e-01;8.264144e-02;1.980354e-02;2.768685e-02;2.472186e-02
2.522283e-01;2.632386e-02;5.000481e-02;3.114647e-02;1.715334e-01;1.147592e-02;5.766260e-02;2.887655e-01;5.803632e-02;1.720239e-02;1.403490e-02;2.158547e-02
2.710409e-01;3.932608e-02;4.186264e-02;2.073590e-02;2.296440e-01;1.290796e-02;3.108233e-02;2.576384e-01;4.960247e-02;1.664956e-02;1.257967e-02;1.693018e-02
2.534855e-01;5.392892e-02;4.152152e-02;1.568577e-02;2.432553e-01;8.372001e-03;3.386227e-02;2.585808e-01;3.899951e-02;1.876689e-02;1.725422e-02;1.628734e-02
1.732373e-01;1.195841e-01;4.254489e-02;2.451796e-02;1.478409e-01;3.374521e-02;3.012138e-02;2.119419e-01;1.573649e-01;2.756512e-02;2.171851e-02;9.817805e-03
1.063684e-01;2.034564e-01;5.880356e-02;2.357130e-02;5.261558e-02;6.261035e-02;1.581887e-02;1.305170e-01;2.895428e-01;3.140506e-02;1.920407e-02;6.086620e-03
6.289085e-02;2.106584e-01;1.160661e-01;1.478592e-02;4.540567e-02;5.069382e-02;2.247309e-02;7.050838e-02;3.201364e-01;6.649705e-02;9.289791e-03;1.059452e-02
3.816286e-02;1.437336e-01;2.282004e-01;1.050853e-02;2.837747e-02;1.902449e-02;3.424123e-02;6.399588e-02;2.468695e-01;1.730569e-01;6.652760e-03;7.176292e-03
2.854281e-02;5.471147e-02;3.222734e-01;9.780644e-03;1.825282e-02;3.298234e-02;6.362459e-02;4.745553e-02;1.184447e-01;2.805162e-01;1.853768e-02;4.877710e-03
3.357306e-02;1.901450e-02;3.183764e-01;2.592003e-02;2.306989e-02;1.673390e-02;7.080266e-02;3.471544e-02;1.067558e-01;2.954614e-01;4.922965e-02;6.347361e-03
3.863418e-02;1.777238e-02;2.290320e-01;6.697578e-02;4.183063e-02;1.108636e-02;5.410112e-02;2.979438e-02;1.930325e-01;2.022123e-01;1.063304e-01;9.198019e-03
4.249385e-02;1.639386e-02;1.843719e-01;9.517576e-02;4.723804e-02;1.717667e-02;2.385348e-02;3.927272e-02;2.238096e-01;1.245493e-01;1.804287e-01;5.236103e-03
4.172968e-02;1.444654e-02;1.563192e-01;1.086730e-01;4.669139e-02;1.756269e-02;1.524567e-02;5.837249e-02;1.589854e-01;1.412758e-01;2.332804e-01;7.417738e-03
4.191686e-02;2.151548e-02;1.049424e-01;1.389412e-01;4.517695e-02;3.054102e-02;2.074220e-02;5.941040e-02;6.876031e-02;1.548674e-01;3.029982e-01;1.018766e-02
3.777165e-02;3.111262e-02;1.428384e-01;1.375735e-01;3.530649e-02;4.535593e-02;2.601873e-02;3.789249e-02;5.749940e-02;1.082325e-01;3.285222e-01;1.187617e-02
3.756943e-02;4.017901e-02;2.177798e-01;1.276672e-01;4.203337e-02;5.111688e-02;2.732562e-02;3.990848e-02;5.147090e-02;4.457318e-02;3.085449e-01;1.183115e-02
3.547737e-02;2.982232e-02;2.856230e-01;1.242266e-01;4.791406e-02;4.691551e-02;3.217953e-02;3.308205e-02;5.327346e-02;6.577670e-02;2.352476e-01;1.046179e-02
3.590711e-02;5.749533e-02;2.671297e-01;1.182548e-01;4.378654e-02;3.761844e-02;4.741948e-02;4.582045e-02;5.806675e-02;1.128726e-01;1.687146e-01;6.914183e-03
4.521579e-02;7.856977e-02;2.296994e-01;1.070734e-01;3.852038e-02;3.150700e-02;6.414869e-02;6.783433e-02;8.514684e-02;1.239604e-01;1.163311e-01;1.199302e-02
6.189126e-02;8.092046e-02;2.784956e-01;8.679819e-02;2.714504e-02;3.416299e-02;5.650329e-02;7.550348e-02;8.209419e-02;1.346932e-01;7.252415e-02;9.268194e-03
7.855024e-02;8.459221e-02;2.146667e-01;7.539599e-02;3.189708e-02;4.071445e-02;6.263775e-02;6.723624e-02;7.798985e-02;1.662883e-01;8.614582e-02;1.388549e-02
8.560908e-02;7.252590e-02;1.685964e-01;6.708962e-02;5.130290e-02;2.839113e-02;5.765887e-02;5.923082e-02;1.116870e-01;1.867193e-01;9.491413e-02;1.627487e-02
6.923087e-02;5.765952e-02;1.949728e-01;5.618436e-02;5.198050e-02;2.708333e-02;5.230090e-02;7.949776e-02;1.102415e-01;1.629134e-01;1.250157e-01;1.291929e-02
5.620626e-02;4.548870e-02;2.500596e-01;6.070630e-02;5.016282e-02;3.539608e-02;6.879860e-02;8.164989e-02;6.848486e-02;1.202026e-01;1.525993e-01;1.024502e-02
5.193400e-02;5.121651e-02;2.290727e-01;7.669754e-02;5.791836e-02;4.742083e-02;5.112547e-02;5.124842e-02;6.731248e-02;1.338273e-01;1.728298e-01;9.396619e-03
6.470924e-02;6.696352e-02;1.384701e-01;8.163664e-02;5.002746e-02;5.726985e-02;6.420554e-02;4.358159e-02;7.691636e-02;1.541559e-01;1.911830e-01;1.088078e-02
7.050900e-02;1.013647e-01;1.226572e-01;6.434382e-02;3.553060e-02;5.585730e-02;7.575452e-02;5.670924e-02;9.169951e-02;1.432465e-01;1.738326e-01;8.495058e-03
4.580135e-02;9.759266e-02;1.396200e-01;6.902315e-02;3.450779e-02;5.476002e-02;5.762883e-02;7.193062e-02;9.521741e-02;1.746379e-01;1.413497e-01;1.793055e-02
5.181810e-02;7.859580e-02;1.445476e-01;8.407663e-02;3.578539e-02;5.048440e-02;8.360475e-02;8.156338e-02;1.048931e-01;1.384324e-01;1.275080e-01;1.869056e-02
3.494328e-02;4.848061e-02;1.235260e-01;7.945433e-02;3.557387e-02;3.703984e-02;9.816363e-02;1.022858e-01;1.367883e-01;1.748300e-01;1.153742e-01;1.354019e-02
4.275706e-02;4.268325e-02;7.803024e-02;6.926061e-02;5.753821e-02;3.488526e-02;7.338393e-02;9.915337e-02;1.440510e-01;2.506145e-01;9.532966e-02;1.231281e-02
5.269692e-02;3.879955e-02;6.620823e-02;5.838847e-02;8.102204e-02;3.596339e-02;6.157343e-02;8.070628e-02;1.553782e-01;2.474346e-01;1.070878e-01;1.474114e-02
3.274778e-02;2.090207e-02;1.143362e-01;6.032320e-02;8.308460e-02;2.489161e-02;5.495059e-02;5.504396e-02;1.850913e-01;2.272217e-01;1.261098e-01;1.529717e-02
5.006732e-02;5.543556e-02;1.345780e-01;7.006672e-02;8.858873e-02;5.971700e-02;1.432758e-01;5.123341e-02;1.197411e-01;1.084093e-01;1.039368e-01;1.495025e-02
7.469583e-02;5.114779e-02;1.659512e-01;5.574159e-02;8.297845e-02;8.451046e-02;1.919189e-01;6.204604e-02;7.415158e-02;6.157481e-02;6.900567e-02;2.627771e-02
7.586317e-02;5.151524e-02;1.256972e-01;4.835580e-02;7.896786e-02;8.613020e-02;2.020154e-01;7.045170e-02;8.043999e-02;6.998174e-02;7.159545e-02;3.898628e-02
6.045530e-02;5.091560e-02;7.736485e-02;3.042489e-02;6.936195e-02;1.067116e-01;1.871889e-01;8.848338e-02;9.449051e-02;8.578258e-02;8.926798e-02;5.955247e-02
1.026241e-01;5.554976e-02;9.806977e-02;2.543687e-02;6.681092e-02;1.376994e-01;1.331873e-01;6.498395e-02;7.492593e-02;7.828441e-02;1.077798e-01;5.464767e-02
7.337733e-02;5.060808e-02;1.531253e-01;2.908074e-02;6.398305e-02;1.081876e-01;1.742708e-01;3.989154e-02;6.421623e-02;9.401249e-02;1.054726e-01;4.377426e-02
8.210965e-02;2.827241e-02;1.603663e-01;2.659920e-02;6.396243e-02;6.923300e-02;2.270697e-01;5.271999e-02;8.488124e-02;6.277875e-02;1.032979e-01;3.870950e-02
8.103901e-02;3.766672e-02;8.506574e-02;2.647308e-02;5.102153e-02;7.777105e-02;2.362155e-01;7.124873e-02;1.025378e-01;8.919450e-02;9.758036e-02;4.418596e-02
5.646820e-02;4.624757e-02;8.968642e-02;2.911556e-02;4.880222e-02;1.140671e-01;2.087613e-01;7.432146e-02;9.402591e-02;1.123782e-01;6.933945e-02;5.678660e-02
9.165094e-02;4.054943e-02;1.705530e-01;3.508457e-02;6.393836e-02;1.242161e-01;8.277341e-02;6.867158e-02;6.658775e-02;1.281089e-01;7.447674e-02;5.338926e-02
7.879681e-02;5.135506e-02;1.264414e-01;7.137862e-02;6.583258e-02;6.735486e-02;1.075652e-01;8.029709e-02;4.790092e-02;1.970291e-01;5.157488e-02;5.447351e-02
5.675089e-02;3.975484e-02;6.215120e-02;1.137714e-01;5.256137e-02;4.128987e-02;1.105134e-01;1.132205e-01;6.135942e-02;2.708144e-01;3.198374e-02;4.582911e-02
6.741466e-02;3.488488e-02;7.662227e-02;1.066365e-01;4.320266e-02;5.438000e-02;9.764998e-02;1.025520e-01;7.850956e-02;2.446188e-01;4.252016e-02;5.100848e-02
8.130985e-02;4.602259e-02;9.557007e-02;9.577732e-02;7.004995e-02;1.074603e-01;8.130053e-02;6.892379e-02;1.001108e-01;1.357127e-01;7.166615e-02;4.609586e-02
6.030027e-02;6.083220e-02;9.068596e-02;1.028104e-01;9.141264e-02;1.147262e-01;1.451000e-01;4.787292e-02;1.200614e-01;7.751682e-02;5.416848e-02;3.451274e-02
6.106500e-02;9.128643e-02;1.659568e-01;1.003776e-01;7.368154e-02;8.435600e-02;1.566589e-01;8.284588e-02;9.564643e-02;4.650953e-02;1.985750e-02;2.175833e-02
9.759125e-02;9.529638e-02;1.776782e-01;1.076881e-01;5.558829e-02;6.886080e-02;1.152957e-01;1.147668e-01;9.684886e-02;3.251234e-02;1.778502e-02;2.008829e-02
1.380123e-01;8.394501e-02;1.627835e-01;8.542485e-02;5.560141e-02;4.626875e-02;1.015555e-01;1.878909e-01;8.823358e-02;2.120584e-02;1.288862e-02;1.618969e-02
1.631602e-01;5.551521e-02;1.329786e-01;5.176622e-02;5.753808e-02;3.353455e-02;6.981094e-02;3.080212e-01;8.495174e-02;1.115456e-02;1.320856e-02;1.836013e-02
1.454215e-01;1.708655e-02;9.439469e-02;3.030015e-02;3.806858e-02;3.965516e-02;7.977162e-02;3.915711e-01;1.126760e-01;1.202885e-02;1.406652e-02;2.495931e-02
1.538093e-01;2.896895e-02;1.161683e-01;1.762109e-02;3.446444e-02;2.650687e-02;9.202740e-02;3.795485e-01;8.971070e-02;1.541996e-02;1.725725e-02;2.849731e-02
1.725530e-01;4.789757e-02;1.390211e-01;2.231933e-02;4.943900e-02;1.876360e-02;8.709222e-02;3.078142e-01;7.817433e-02;2.795285e-02;2.100782e-02;2.796499e-02
1.875016e-01;5.377226e-02;1.425721e-01;1.542549e-02;7.425763e-02;1.989439e-02;9.566172e-02;2.839221e-01;5.839676e-02;2.479321e-02;2.430728e-02;1.949546e-02
1.720209e-01;5.529904e-02;1.369998e-01;9.527270e-03;7.314745e-02;2.994891e-02;1.736029e-01;2.205639e-01;6.036150e-02;2.183596e-02;2.693352e-02;1.975891e-02
1.595308e-01;6.724009e-02;1.166141e-01;1.746305e-02;5.581255e-02;3.515166e-02;2.365933e-01;1.300531e-01;8.430291e-02;3.040618e-02;3.821370e-02;2.861860e-02
1.120613e-01;7.994245e-02;1.273673e-01;2.666237e-02;2.685950e-02;2.025789e-02;1.914631e-01;2.215820e-01;8.433074e-02;4.864967e-02;4.099058e-02;1.983310e-02
1.287426e-01;8.933362e-02;1.377875e-01;2.909075e-02;1.902052e-02;1.609712e-02;1.323354e-01;2.883865e-01;7.053649e-02;3.820665e-02;3.161557e-02;1.884734e-02
1.388472e-01;8.336768e-02;1.495640e-01;3.432225e-02;1.283779e-02;2.027028e-02;1.243426e-01;3.141032e-01;5.169140e-02;2.327434e-02;3.068816e-02;1.669105e-02
1.201143e-01;7.153991e-02;1.252147e-01;3.503387e-02;2.238920e-02;1.918543e-02;1.526596e-01;2.705614e-01;9.432776e-02;2.759322e-02;3.228069e-02;2.909991e-02
1.646091e-01;6.411021e-02;1.103553e-01;3.528783e-02;5.619572e-02;3.364165e-02;1.499953e-01;1.743403e-01;1.185235e-01;2.859216e-02;2.620048e-02;3.814841e-02
1.750699e-01;6.903771e-02;1.434321e-01;3.339053e-02;8.089489e-02;3.966437e-02;1.049255e-01;1.449085e-01;9.902778e-02;3.841786e-02;3.020389e-02;4.102700e-02
2.060567e-01;5.718745e-02;1.829817e-01;3.169145e-02;7.560164e-02;2.659693e-02;5.187377e-02;2.098729e-01;6.070231e-02;3.187859e-02;3.390907e-02;3.164750e-02
2.142608e-01;5.066121e-02;2.071584e-01;4.190123e-02;5.840657e-02;2.400388e-02;4.211380e-02;2.095864e-01;6.023368e-02;2.136838e-02;3.687869e-02;3.342698e-02
2.036214e-01;3.107790e-02;2.133544e-01;4.128210e-02;4.413443e-02;2.731606e-02;9.184733e-02;2.018420e-01;6.649412e-02;2.576126e-02;2.850384e-02;2.476514e-02
1.744046e-01;3.142777e-02;2.068720e-01;3.529984e-02;3.486408e-02;3.479263e-02;9.009054e-02;2.023765e-01;8.447371e-02;4.398140e-02;3.949296e-02;2.192397e-02
1.167754e-01;5.121175e-02;2.332222e-01;6.503454e-02;7.389926e-02;4.664319e-02;1.136487e-01;1.549192e-01;6.107637e-02;3.827653e-02;2.449375e-02;2.079912e-02
4.890490e-02;6.351928e-02;2.873046e-01;7.034851e-02;6.920331e-02;6.016291e-02;1.592556e-01;6.860768e-02;5.802943e-02;5.129239e-02;4.146512e-02;2.190634e-02
3.941030e-02;7.423677e-02;3.704012e-01;7.052781e-02;4.771895e-02;4.368563e-02;1.233363e-01;3.992889e-02;6.270336e-02;7.437014e-02;4.084804e-02;1.283254e-02
3.188947e-02;9.523152e-02;4.732924e-01;5.371642e-02;3.586055e-02;1.725849e-02;9.069129e-02;2.123497e-02;5.382229e-02;9.167980e-02;2.901094e-02;6.311821e-03
3.954687e-02;1.042555e-01;5.195798e-01;2.569943e-02;3.039942e-02;1.538699e-02;7.031174e-02;4.487631e-02;3.187350e-02;9.606443e-02;1.473935e-02;7.266675e-03
4.967401e-02;8.530598e-02;5.369946e-01;2.947728e-02;2.198394e-02;1.547088e-02;6.211626e-02;6.152392e-02;1.397500e-02;1.075496e-01;1.081189e-02;5.116654e-03
4.251454e-02;5.188506e-02;5.127046e-01;3.348956e-02;2.948139e-02;2.379858e-02;7.533343e-02;6.564555e-02;3.681969e-02;1.099620e-01;9.505752e-03;8.859858e-03
3.831510e-02;6.518016e-02;4.973696e-01;3.396698e-02;2.956996e-02;3.951184e-02;6.391413e-02;5.171379e-02;7.381213e-02;8.904142e-02;6.885569e-03;1.071936e-02
3.768948e-02;9.254041e-02;5.193049e-01;2.682048e-02;2.404139e-02;5.410723e-02;4.274537e-02;2.248660e-02;9.110049e-02;6.932764e-02;7.730074e-03;1.210597e-02
2.298773e-02;8.767490e-02;5.777642e-01;3.379529e-02;3.070221e-02;4.620207e-02;3.788996e-02;1.551611e-02;6.370666e-02;5.493725e-02;1.433115e-02;1.449245e-02
4.395799e-02;5.493848e-02;6.097294e-01;4.856361e-02;5.250140e-02;3.224777e-02;3.782842e-02;2.128816e-02;3.242396e-02;3.733854e-02;1.184470e-02;1.733756e-02
5.719396e-02;6.040490e-02;5.440544e-01;4.720822e-02;5.009762e-02;4.203909e-02;4.685863e-02;3.354147e-02;2.526253e-02;5.449165e-02;2.140552e-02;1.744193e-02
4.078460e-02;6.366318e-02;5.166926e-01;3.617688e-02;2.438516e-02;2.665632e-02;8.183420e-02;3.228668e-02;6.414165e-02;7.300106e-02;2.441462e-02;1.596295e-02
2.743207e-02;4.873804e-02;5.208904e-01;4.774023e-02;4.767081e-02;3.773243e-02;5.993564e-02;3.265160e-02;7.826346e-02;6.069506e-02;2.318352e-02;1.506671e-02
2.739533e-02;7.399057e-02;4.981340e-01;5.785011e-02;4.849047e-02;4.024347e-02;6.250118e-02;5.583648e-02;4.721840e-02;4.859662e-02;2.540038e-02;1.434299e-02
5.152115e-02;8.494210e-02;4.297327e-01;6.407655e-02;5.192053e-02;2.404799e-02;5.803576e-02;5.874625e-02;6.913164e-02;5.328076e-02;3.006691e-02;2.449770e-02
6.002311e-02;7.177344e-02;3.579260e-01;7.488424e-02;5.452125e-02;2.730844e-02;7.221117e-02;8.145092e-02;8.294239e-02;6.523591e-02;2.870225e-02;2.302086e-02
6.768490e-02;7.275310e-02;2.759001e-01;8.758907e-02;4.984168e-02;3.135275e-02;8.742334e-02;8.894844e-02;9.091784e-02;8.341437e-02;3.775465e-02;2.641973e-02
6.442130e-02;6.105354e-02;2.645398e-01;9.150805e-02;5.026571e-02;4.727953e-02;7.699431e-02;7.729805e-02;1.009090e-01;7.584259e-02;5.940826e-02;3.047979e-02
4.368763e-02;5.120337e-02;2.718804e-01;8.888637e-02;7.375226e-02;8.890602e-02;8.595712e-02;5.280355e-02;8.709325e-02;6.444378e-02;6.106147e-02;3.032480e-02
9.076627e-02;2.494174e-02;2.316951e-01;1.170685e-01;5.643631e-02;9.681536e-02;1.288138e-01;6.335060e-02;4.277060e-02;5.507757e-02;6.059244e-02;3.167161e-02
6.933226e-02;5.421604e-02;1.979416e-01;8.077293e-02;8.646045e-02;1.175493e-01;1.383439e-01;4.648307e-02;5.434894e-02;6.753843e-02;6.125799e-02;2.575501e-02
4.072205e-02;5.587085e-02;1.657046e-01;6.126883e-02;9.014566e-02;1.706121e-01;1.509597e-01;2.942542e-02;6.338570e-02;6.948332e-02;8.021047e-02;2.221131e-02
1.661437e-02;6.274162e-02;9.416723e-02;4.552873e-02;1.542149e-01;2.164236e-01;1.281726e-01;4.508075e-02;4.866070e-02;7.314020e-02;9.958484e-02;1.567050e-02
1.774826e-02;9.581684e-02;8.799461e-02;4.720966e-02;2.488286e-01;1.673218e-01;4.599517e-02;4.874456e-02;3.347565e-02;1.102553e-01;8.880930e-02;7.800350e-03
1.371658e-02;9.568177e-02;5.561304e-02;2.543453e-02;3.540943e-01;1.026865e-01;7.678100e-02;3.769942e-02;2.801306e-02;1.333668e-01;6.288854e-02;1.402443e-02
1.696174e-02;7.987959e-02;5.406416e-02;5.641995e-02;3.864816e-01;6.600074e-02;8.641178e-02;2.737423e-02;3.574714e-02;1.371822e-01;4.143885e-02;1.203805e-02
1.684217e-02;1.069724e-01;5.859892e-02;5.014280e-02;4.080661e-01;3.619220e-02;7.025904e-02;2.637131e-02;2.245576e-02;1.569092e-01;3.147077e-02;1.571930e-02
1.676352e-02;1.357249e-01;5.609862e-02;5.503222e-02;3.749222e-01;4.408722e-02;5.121606e-02;1.972603e-02;2.148032e-02;1.677060e-01;4.254083e-02;1.470201e-02
4.040778e-02;1.299578e-01;4.174751e-02;7.789589e-02;3.429922e-01;3.861763e-02;2.957143e-02;2.032330e-02;3.463932e-02;1.834391e-01;5.007822e-02;1.032978e-02
4.392390e-02;1.018536e-01;5.649946e-02;8.833231e-02;3.293527e-01;3.344675e-02;2.651349e-02;2.364069e-02;3.372161e-02;1.914128e-01;6.102888e-02;1.027382e-02
2.893252e-02;9.539125e-02;4.991688e-02;6.901499e-02;3.149721e-01;5.322702e-02;4.183237e-02;2.583147e-02;4.037520e-02;1.926660e-01;6.848208e-02;1.935815e-02
3.554998e-02;8.115838e-02;5.367009e-02;6.765607e-02;3.146523e-01;4.795301e-02;4.519518e-02;3.627357e-02;4.182681e-02;1.935567e-01;6.262441e-02;1.988344e-02
3.875542e-02;6.887788e-02;5.501879e-02;5.751567e-02;3.095270e-01;4.801331e-02;5.281271e-02;5.193573e-02;3.341096e-02;1.947363e-01;7.026190e-02;1.913422e-02
3.674236e-02;7.165043e-02;5.618324e-02;4.121147e-02;3.007249e-01;6.258455e-02;4.914780e-02;4.688701e-02;4.852368e-02;1.957810e-01;7.300711e-02;1.755637e-02
5.469931e-02;7.393847e-02;5.125092e-02;5.311763e-02;2.730861e-01;6.797417e-02;6.481944e-02;5.327201e-02;5.274893e-02;1.624040e-01;6.229830e-02;3.039071e-02
4.091632e-02;7.438415e-02;6.280183e-02;6.626713e-02;2.176419e-01;8.072779e-02;8.299500e-02;6.494581e-02;5.667536e-02;1.360430e-01;7.293355e-02;4.366821e-02
4.493173e-02;6.215052e-02;1.347292e-01;6.750708e-02;1.225930e-01;7.216383e-02;9.774181e-02;7.432722e-02;7.972615e-02;1.201759e-01;8.111476e-02;4.283884e-02
9.219253e-02;5.104425e-02;1.687784e-01;6.856109e-02;1.603788e-01;5.699455e-02;6.271151e-02;6.665811e-02;7.696120e-02;8.128594e-02;7.524610e-02;3.918748e-02
