1.176458e-01;9.336811e-02;1.629373e-01;3.873382e-02;8.173408e-02;5.690980e-02;1.889616e-01;3.771110e-02;7.571421e-02;4.498158e-02;4.428414e-02;5.701847e-02
4.789427e-02;8.247229e-02;1.937022e-01;6.738487e-02;7.057506e-02;4.604592e-02;1.549119e-01;5.479193e-02;7.242177e-02;6.782960e-02;8.039885e-02;6.157133e-02
5.451467e-02;4.402088e-02;2.642916e-01;7.309482e-02;3.859299e-02;2.559877e-02;1.576079e-01;4.879493e-02;6.600925e-02;7.132314e-02;1.012596e-01;5.489135e-02
7.962153e-02;3.188552e-02;2.795749e-01;8.117644e-02;5.651050e-02;2.873927e-02;1.368064e-01;4.139102e-02;5.099183e-02;4.859393e-02;1.108912e-01;5.381739e-02
8.477323e-02;3.714066e-02;3.322901e-01;9.210448e-02;5.173527e-02;2.342099e-02;1.065623e-01;5.264562e-02;2.402578e-02;4.761007e-02;9.707217e-02;5.061927e-02
8.772478e-02;5.959185e-02;3.695023e-01;6.781774e-02;4.420550e-02;2.230124e-02;1.180401e-01;3.059386e-02;3.589189e-02;7.679220e-02;4.820906e-02;3.932947e-02
7.725803e-02;8.216697e-02;3.508042e-01;4.859758e-02;4.257146e-02;2.177426e-02;1.066980e-01;2.577434e-02;5.127798e-02;1.060673e-01;5.069927e-02;3.631070e-02
8.249564e-02;6.771336e-02;2.966050e-01;6.532639e-02;4.264047e-02;2.477025e-02;1.020434e-01;3.945409e-02;4.433830e-02;1.093151e-01;8.291256e-02;4.238538e-02
1.030858e-01;4.742704e-02;2.523295e-01;7.455894e-02;6.097248e-02;2.975170e-02;9.858885e-02;4.426428e-02;4.631975e-02;1.088287e-01;9.938741e-02;3.448568e-02
8.962271e-02;6.753420e-02;2.369127e-01;7.516018e-02;7.818161e-02;4.094216e-02;1.031925e-01;5.857300e-02;4.762847e-02;8.344965e-02;8.145973e-02;3.734309e-02
5.415816e-02;5.575925e-02;2.889332e-01;6.197380e-02;6.576151e-02;6.038483e-02;1.390110e-01;3.876669e-02;7.585871e-02;5.040099e-02;6.342309e-02;4.556873e-02
4.524684e-02;6.554649e-02;2.615830e-01;5.651760e-02;6.658114e-02;5.839584e-02;1.146876e-01;5.487652e-02;7.075419e-02;9.104599e-02;7.888509e-02;3.587966e-02
5.552496e-02;7.043040e-02;2.241548e-01;5.165268e-02;5.673965e-02;5.352141e-02;1.375106e-01;5.718870e-02;7.786607e-02;8.552109e-02;7.735180e-02;5.253779e-02
8.469179e-02;8.671013e-02;1.644505e-01;5.046366e-02;5.889972e-02;4.753150e-02;1.156570e-01;7.102568e-02;7.481015e-02;9.326252e-02;6.404433e-02;8.845303e-02
7.307805e-02;8.159899e-02;1.182665e-01;8.127029e-02;4.206308e-02;5.736169e-02;1.135515e-01;6.684047e-02;9.057697e-02;1.008108e-01;8.967876e-02;8.490288e-02
6.924007e-02;6.397579e-02;7.353339e-02;7.952943e-02;3.926972e-02;4.980953e-02;1.275088e-01;8.387076e-02;8.682239e-02;1.342742e-01;9.929654e-02;9.286933e-02
6.326162e-02;4.277579e-02;8.987611e-02;7.259327e-02;5.080146e-02;4.606012e-02;1.699656e-01;1.001187e-01;7.562617e-02;1.095997e-01;9.848382e-02;8.083763e-02
1.113146e-01;7.061896e-02;9.634623e-02;4.308455e-02;6.315666e-02;5.553569e-02;2.496834e-01;6.740221e-02;6.129364e-02;7.645842e-02;6.416151e-02;4.094417e-02
1.319102e-01;7.456160e-02;1.551888e-01;3.255976e-02;8.054388e-02;5.734406e-02;2.243286e-01;3.472624e-02;5.787390e-02;5.059575e-02;5.463114e-02;4.573591e-02
1.077683e-01;5.603071e-02;2.473180e-01;5.620151e-02;8.576568e-02;4.690027e-02;1.531233e-01;4.623266e-02;5.217480e-02;3.509532e-02;6.680676e-02;4.658266e-02
7.027016e-02;4.598875e-02;3.739090e-01;6.974975e-02;7.340764e-02;3.007346e-02;6.891567e-02;4.972384e-02;3.927382e-02;5.918241e-02;8.025140e-02;3.925410e-02
5.560509e-02;4.501885e-02;4.620315e-01;6.142134e-02;5.015913e-02;1.659171e-02;7.611912e-02;4.618181e-02;2.846346e-02;7.259226e-02;6.410006e-02;2.171572e-02
5.312731e-02;5.547576e-02;4.900523e-01;5.619286e-02;4.017981e-02;1.609587e-02;7.101034e-02;5.107634e-02;2.620901e-02;8.119076e-02;4.675443e-02;1.263525e-02
5.063909e-02;6.290021e-02;4.711567e-01;5.206951e-02;4.614784e-02;2.351089e-02;7.166254e-02;5.386836e-02;2.252637e-02;8.101225e-02;4.639032e-02;1.811594e-02
6.662404e-02;6.871262e-02;3.871778e-01;5.116153e-02;5.389434e-02;2.481514e-02;8.470958e-02;5.403239e-02;3.277597e-02;8.098752e-02;5.605417e-02;3.905491e-02
6.597480e-02;6.978033e-02;3.609660e-01;4.373791e-02;6.767859e-02;3.983974e-02;1.196083e-01;4.824965e-02;3.189484e-02;6.294309e-02;4.926120e-02;4.006562e-02
4.337283e-02;5.092107e-02;5.579613e-01;4.533679e-02;5.243737e-02;3.786029e-02;7.056770e-02;3.356682e-02;4.111158e-02;3.670409e-02;1.813979e-02;1.202037e-02
4.795721e-02;7.221830e-02;5.605211e-01;4.690566e-02;2.834125e-02;2.920023e-02;3.930482e-02;3.266315e-02;5.034822e-02;3.098157e-02;3.072703e-02;3.083151e-02
5.986748e-02;6.684136e-02;3.674831e-01;5.351048e-02;4.500281e-02;3.704923e-02;9.767793e-02;6.610922e-02;7.631811e-02;4.383330e-02;3.313954e-02;5.316747e-02
5.608978e-02;4.769127e-02;2.288850e-01;6.802264e-02;8.829408e-02;5.100204e-02;1.137562e-01;8.665909e-02;1.079430e-01;4.390997e-02;5.366525e-02;5.408172e-02
1.761518e-02;4.478493e-02;3.065012e-01;7.974505e-02;1.295201e-01;4.955727e-02;5.313147e-02;8.234303e-02;9.877479e-02;3.773483e-02;6.796429e-02;3.232782e-02
1.801474e-02;5.016095e-02;4.062047e-01;8.172578e-02;1.449514e-01;4.534445e-02;2.757601e-02;6.462592e-02;4.761202e-02;3.631953e-02;5.468227e-02;2.278218e-02
2.836109e-02;3.607632e-02;3.375999e-01;7.399478e-02;1.858110e-01;6.697083e-02;5.163278e-02;4.791525e-02;5.481431e-02;4.416694e-02;3.432873e-02;3.832803e-02
2.790782e-02;1.874284e-02;2.182676e-01;7.344453e-02;2.297734e-01;1.009715e-01;1.111948e-01;4.036102e-02;8.122937e-02;3.009291e-02;1.083294e-02;5.718132e-02
2.412432e-02;1.548812e-02;1.619777e-01;6.387638e-02;2.312114e-01;1.211790e-01;1.755102e-01;3.121213e-02;9.133244e-02;1.705883e-02;1.282281e-02;5.420664e-02
5.728955e-02;2.572302e-02;1.351136e-01;4.104067e-02;1.943818e-01;1.293603e-01;2.467194e-01;1.811540e-02;7.169110e-02;2.008569e-02;1.866611e-02;4.181331e-02
1.088289e-01;4.877095e-02;9.410091e-02;2.591713e-02;1.430064e-01;1.350826e-01;3.053096e-01;1.643646e-02;4.012601e-02;2.898500e-02;2.268387e-02;3.075211e-02
1.397356e-01;6.804439e-02;5.929786e-02;3.228745e-02;1.026753e-01;1.341369e-01;3.408542e-01;2.393004e-02;2.062422e-02;4.273771e-02;1.823951e-02;1.743680e-02
1.316159e-01;1.020892e-01;4.619109e-02;4.288128e-02;6.642592e-02;1.101243e-01;3.812987e-01;2.795204e-02;1.671641e-02;4.601386e-02;1.198355e-02;1.670780e-02
1.017708e-01;1.526587e-01;6.145843e-02;3.163972e-02;3.706870e-02;7.130740e-02;4.275655e-01;2.307280e-02;1.576841e-02;3.281893e-02;2.722814e-02;1.764246e-02
6.532811e-02;1.850083e-01;8.389778e-02;1.748839e-02;3.862466e-02;3.860282e-02;4.489497e-01;3.002120e-02;1.362846e-02;1.576758e-02;5.274882e-02;9.934155e-03
4.598414e-02;1.654629e-01;1.273777e-01;2.555223e-02;4.621809e-02;2.026114e-02;4.166230e-01;4.223002e-02;1.909770e-02;1.577286e-02;5.895701e-02;1.646316e-02
2.171955e-02;1.228091e-01;2.083926e-01;2.741003e-02;2.959733e-02;1.211203e-02;3.918922e-01;6.915352e-02;1.922844e-02;1.927271e-02;4.407237e-02;3.434003e-02
1.023473e-02;1.026689e-01;2.458569e-01;1.859538e-02;1.601416e-02;1.495044e-02;3.976036e-01;8.217631e-02;1.524185e-02;1.774509e-02;4.055962e-02;3.835304e-02
2.282151e-02;1.136894e-01;2.108938e-01;1.350497e-02;2.913686e-02;2.069155e-02;4.006637e-01;6.969680e-02;1.471906e-02;1.392250e-02;5.607223e-02;3.418764e-02
3.155789e-02;1.226987e-01;1.496478e-01;1.909267e-02;4.284185e-02;2.473778e-02;4.111566e-01;5.395665e-02;2.565390e-02;1.815146e-02;7.014094e-02;3.036364e-02
3.536894e-02;1.267002e-01;7.195785e-02;1.691050e-02;4.869580e-02;3.859481e-02;4.699406e-01;3.431949e-02;3.652925e-02;2.223468e-02;6.623898e-02;3.250894e-02
1.032979e-01;9.964354e-02;4.072667e-02;3.710228e-02;7.095869e-02;7.578044e-02;4.278801e-01;2.380436e-02;3.357027e-02;3.624677e-02;2.115321e-02;2.983583e-02
1.629455e-01;6.668315e-02;4.250711e-02;5.542846e-02;1.046455e-01;1.086705e-01;2.879517e-01;2.706316e-02;3.289201e-02;4.666313e-02;3.490464e-02;2.964510e-02
1.593694e-01;4.512866e-02;1.054609e-01;5.600194e-02;1.616181e-01;1.212764e-01;1.577487e-01;2.103909e-02;5.536066e-02;3.090360e-02;3.625344e-02;4.983921e-02
9.525774e-02;2.051155e-02;1.900885e-01;5.547896e-02;1.981412e-01;1.028038e-01;1.163571e-01;2.511151e-02;7.118446e-02;1.432663e-02;3.481026e-02;7.592823e-02
4.876921e-02;4.643910e-02;2.380830e-01;6.905203e-02;2.063386e-01;8.252205e-02;8.456939e-02;3.485408e-02;5.587049e-02;1.853393e-02;3.653635e-02;7.843175e-02
5.045503e-02;6.825130e-02;2.754801e-01;8.091991e-02;2.095436e-01;7.146921e-02;3.522392e-02;4.309590e-02;3.826691e-02;2.215324e-02;3.963696e-02;6.550395e-02
4.346645e-02;6.092605e-02;3.337374e-01;8.801344e-02;1.837055e-01;5.407036e-02;3.894693e-02;4.709306e-02;2.349631e-02;2.137276e-02;5.625407e-02;4.891767e-02
2.178757e-02;5.292076e-02;3.565286e-01;9.881150e-02;1.668997e-01;4.855254e-02;3.280059e-02;5.699737e-02;1.978827e-02;3.115903e-02;8.429512e-02;2.945893e-02
3.530789e-02;5.474517e-02;2.576691e-01;9.996630e-02;1.417373e-01;5.221545e-02;7.332856e-02;7.581285e-02;3.204908e-02;4.301133e-02;1.153154e-01;1.884163e-02
3.423826e-02;6.130978e-02;2.413047e-01;1.079108e-01;1.273440e-01;4.586535e-02;6.999288e-02;8.471962e-02;2.636266e-02;3.475853e-02;1.384275e-01;2.776591e-02
3.870400e-02;4.784331e-02;2.375633e-01;9.556738e-02;1.422117e-01;4.319755e-02;4.427043e-02;7.812193e-02;5.014078e-02;1.482042e-02;1.350584e-01;7.250074e-02
3.910047e-02;2.440022e-02;1.764657e-01;5.810743e-02;1.689338e-01;5.588924e-02;5.685170e-02;5.855766e-02;1.147718e-01;1.107566e-02;1.116358e-01;1.242105e-01
4.440296e-02;1.074663e-02;1.338100e-01;3.980110e-02;1.784001e-01;7.423939e-02;6.876843e-02;5.281865e-02;1.742084e-01;1.004210e-02;8.713358e-02;1.256287e-01
8.155718e-02;1.813595e-02;9.584954e-02;2.439921e-02;1.654023e-01;1.056147e-01;1.179463e-01;3.549073e-02;2.036151e-01;3.337154e-02;4.907271e-02;6.954475e-02
1.204505e-01;2.857500e-02;6.448065e-02;3.036962e-02;1.501833e-01;1.380573e-01;1.733461e-01;1.506771e-02;1.689957e-01;5.422439e-02;3.025234e-02;2.599740e-02
1.319494e-01;3.739591e-02;3.401325e-02;4.299404e-02;1.183822e-01;1.474004e-01;2.723669e-01;1.618118e-02;8.908969e-02;5.762803e-02;2.793032e-02;2.466865e-02
9.300329e-02;4.177015e-02;3.741093e-02;4.620314e-02;9.018729e-02;1.167905e-01;4.288981e-01;2.326813e-02;3.944705e-02;5.360547e-02;1.569732e-02;1.371860e-02
4.408418e-02;6.867541e-02;6.069133e-02;3.032559e-02;6.228061e-02;5.308373e-02;5.386037e-01;3.347747e-02;2.344362e-02;3.783111e-02;3.747844e-02;1.002480e-02
2.761978e-02;6.889559e-02;5.503767e-02;1.484892e-02;7.376121e-02;3.709250e-02;5.676486e-01;3.802883e-02;2.566839e-02;3.026833e-02;5.313591e-02;7.994174e-03
1.890002e-02;6.165869e-02;6.447687e-02;1.567591e-02;7.341429e-02;3.282699e-02;5.564820e-01;5.024121e-02;3.028242e-02;2.664483e-02;5.134076e-02;1.805601e-02
2.813731e-02;5.017304e-02;9.839991e-02;2.134677e-02;5.925922e-02;1.963948e-02;5.551935e-01;5.459003e-02;2.532000e-02;2.840995e-02;3.840698e-02;2.112377e-02
2.454674e-02;3.681915e-02;1.193297e-01;2.701199e-02;4.485002e-02;2.718837e-02;5.445260e-01;5.539068e-02;3.311602e-02;3.103065e-02;3.044236e-02;2.574822e-02
2.634752e-02;5.741100e-02;9.812392e-02;2.599510e-02;5.280207e-02;2.419957e-02;5.265437e-01;5.240657e-02;3.172053e-02;3.396569e-02;4.864641e-02;2.183789e-02
7.138635e-02;1.104566e-01;1.270776e-01;2.285878e-02;5.113040e-02;9.998542e-03;4.213361e-01;4.614790e-02;3.177037e-02;3.307345e-02;6.184896e-02;1.291495e-02
1.032832e-01;1.529362e-01;1.259172e-01;1.765763e-02;4.107657e-02;2.695257e-02;3.548591e-01;3.178160e-02;3.074004e-02;3.236215e-02;5.763821e-02;2.479557e-02
8.869272e-02;1.705164e-01;1.109194e-01;1.549061e-02;3.378648e-02;2.528115e-02;3.896916e-01;2.811482e-02;2.330712e-02;2.520829e-02;6.502122e-02;2.397020e-02
3.776756e-02;1.705109e-01;1.108057e-01;1.016944e-02;3.788514e-02;2.946683e-02;4.232191e-01;3.784147e-02;2.122093e-02;2.423524e-02;7.493514e-02;2.194245e-02
9.785727e-02;1.642041e-01;8.256252e-02;1.339948e-02;4.047304e-02;4.633281e-02;3.768919e-01;3.245405e-02;3.128491e-02;2.927317e-02;6.504671e-02;2.021999e-02
1.387231e-01;1.517003e-01;8.885305e-02;2.301103e-02;4.085401e-02;5.295198e-02;3.025908e-01;3.431826e-02;4.035847e-02;4.833298e-02;5.421435e-02;2.409174e-02
1.596970e-01;1.229350e-01;1.600306e-01;3.957970e-02;5.258149e-02;6.116524e-02;1.835403e-01;3.507371e-02;4.472775e-02;6.350978e-02;4.738630e-02;2.977312e-02
1.331562e-01;7.651212e-02;1.750453e-01;4.594077e-02;6.430641e-02;7.462488e-02;1.639325e-01;4.978247e-02;3.771467e-02;7.960634e-02;5.635219e-02;4.302620e-02
8.382363e-02;3.355183e-02;2.334936e-01;5.773907e-02;1.007174e-01;7.578619e-02;1.379283e-01;4.192634e-02;4.522159e-02;6.087914e-02;6.406814e-02;6.486481e-02
1.151053e-01;2.838666e-02;1.498481e-01;3.915130e-02;1.503791e-01;9.786931e-02;1.409236e-01;2.211369e-02;7.497002e-02;5.202724e-02;5.024680e-02;7.897894e-02
1.028976e-01;2.442803e-02;1.197983e-01;4.082565e-02;1.629347e-01;9.939716e-02;1.707513e-01;3.015395e-02;9.361698e-02;3.000284e-02;3.449866e-02;9.069495e-02
7.277665e-02;2.835469e-02;1.915997e-01;6.337253e-02;1.596214e-01;7.957936e-02;9.481505e-02;4.736317e-02;9.211988e-02;1.913553e-02;5.665293e-02;9.460920e-02
3.775246e-02;4.248745e-02;2.867811e-01;7.718560e-02;1.211634e-01;5.624513e-02;6.125236e-02;6.801909e-02;6.614520e-02;3.357028e-02;7.961868e-02;6.977924e-02
2.724952e-02;4.155437e-02;3.554282e-01;7.175536e-02;8.089096e-02;4.736594e-02;7.980674e-02;6.236858e-02;5.851620e-02;5.254011e-02;7.834876e-02;4.417528e-02
4.812116e-02;3.043808e-02;4.330596e-01;6.315640e-02;5.412305e-02;4.079258e-02;1.031258e-01;2.717520e-02;5.170610e-02;6.412214e-02;5.699196e-02;2.718788e-02
4.491059e-02;2.569866e-02;4.666220e-01;6.671610e-02;7.894006e-02;3.547869e-02;9.168415e-02;3.934821e-02;2.101466e-02;4.942995e-02;4.252119e-02;3.763575e-02
2.971642e-02;2.993520e-02;4.566891e-01;5.823922e-02;8.839619e-02;3.931038e-02;1.163684e-01;4.428548e-02;3.030120e-02;3.615746e-02;4.077857e-02;2.982240e-02
2.940840e-02;2.788010e-02;4.738275e-01;6.453054e-02;8.002905e-02;3.818389e-02;9.902234e-02;3.020549e-02;4.133103e-02;4.925713e-02;4.475261e-02;2.157190e-02
3.686428e-02;3.004176e-02;3.962875e-01;5.653765e-02;9.854186e-02;4.176067e-02;1.266162e-01;4.157159e-02;5.587445e-02;4.744120e-02;4.878886e-02;1.967401e-02
2.202755e-02;5.707125e-02;2.766907e-01;5.826715e-02;8.808729e-02;5.018416e-02;1.272019e-01;4.985388e-02;9.253298e-02;5.911345e-02;5.840587e-02;6.056388e-02
4.848975e-02;5.787216e-02;1.999828e-01;5.933160e-02;5.962399e-02;5.306369e-02;1.371502e-01;5.573791e-02;1.141045e-01;7.533391e-02;6.870202e-02;7.060745e-02
7.897700e-02;5.459016e-02;1.737041e-01;5.921459e-02;5.783863e-02;5.453724e-02;1.903927e-01;5.911596e-02;8.272906e-02;6.175014e-02;7.133921e-02;5.581114e-02
7.939156e-02;6.119968e-02;2.329150e-01;6.653923e-02;7.711311e-02;5.865255e-02;1.766506e-01;2.982675e-02;4.721078e-02;5.109511e-02;5.560621e-02;6.379945e-02
4.965904e-02;5.368027e-02;4.208454e-01;6.115847e-02;6.213890e-02;4.266135e-02;1.021508e-01;2.002021e-02;2.555607e-02;7.131629e-02;4.193019e-02;4.888292e-02
2.913928e-02;4.109365e-02;5.584756e-01;5.380083e-02;4.371797e-02;2.551013e-02;4.945951e-02;1.963535e-02;2.105504e-02;9.104844e-02;3.527925e-02;3.178503e-02
2.712560e-02;4.540193e-02;5.770377e-01;5.027784e-02;4.256394e-02;2.361154e-02;3.338299e-02;1.857892e-02;1.914705e-02;9.956528e-02;4.535408e-02;1.795316e-02
3.449890e-02;7.256445e-02;5.128969e-01;4.243424e-02;4.495057e-02;2.760847e-02;2.894959e-02;2.222378e-02;2.929020e-02;9.774628e-02;5.741943e-02;2.941725e-02
6.872152e-02;9.236947e-02;3.914653e-01;3.719651e-02;5.077378e-02;3.524668e-02;7.697503e-02;2.917471e-02;3.263697e-02;7.570290e-02;6.736747e-02;4.236966e-02
6.179963e-02;4.847480e-02;4.484315e-01;4.502879e-02;7.080165e-02;4.441120e-02;1.089755e-01;4.199331e-02;2.250587e-02;5.147460e-02;3.124561e-02;2.485759e-02
3.882549e-02;4.609980e-02;4.592486e-01;4.745791e-02;6.095909e-02;3.475960e-02;1.001545e-01;4.456824e-02;3.009070e-02;6.914112e-02;4.033114e-02;2.836377e-02
3.427364e-02;7.398477e-02;4.063939e-01;6.283235e-02;5.283922e-02;2.564369e-02;7.437139e-02;5.733399e-02;4.479155e-02;8.177103e-02;4.131619e-02;4.444825e-02
4.533147e-02;9.384551e-02;3.440110e-01;7.721739e-02;5.563669e-02;4.119414e-02;7.016747e-02;6.620970e-02;6.175487e-02;5.119177e-02;5.105066e-02;4.238939e-02
7.150768e-02;8.966932e-02;2.714339e-01;7.167492e-02;4.411916e-02;4.475265e-02;8.581083e-02;7.506116e-02;4.817591e-02;5.680035e-02;6.959563e-02;7.139847e-02
3.296572e-02;8.405009e-02;2.240842e-01;8.198488e-02;4.387348e-02;4.716162e-02;9.621774e-02;1.001788e-01;5.966026e-02;9.667246e-02;7.640117e-02;5.674955e-02
9.297331e-02;1.005563e-01;1.583667e-01;6.889379e-02;5.413984e-02;4.406404e-02;1.319571e-01;9.205928e-02;5.782183e-02;8.113513e-02;6.788187e-02;5.015071e-02
8.997310e-02;9.080116e-02;1.304294e-01;6.900435e-02;5.498932e-02;6.309734e-02;1.231521e-01;8.644588e-02;6.015897e-02;7.951049e-02;9.118965e-02;6.124828e-02
8.655322e-02;8.767516e-02;1.670125e-01;6.500217e-02;4.279285e-02;6.077597e-02;1.179379e-01;8.919695e-02;7.988053e-02;6.322084e-02;9.112598e-02;4.882599e-02
9.519561e-02;8.950920e-02;2.076546e-01;5.078970e-02;3.008456e-02;5.010457e-02;1.261534e-01;7.512192e-02;9.785327e-02;6.254839e-02;9.200002e-02;2.298474e-02
8.883083e-02;1.086930e-01;2.252745e-01;4.923019e-02;3.255495e-02;3.607043e-02;1.257087e-01;4.387652e-02;9.895011e-02;8.126552e-02;8.995824e-02;1.958698e-02
8.300831e-02;7.546130e-02;1.434917e-01;5.632006e-02;5.220157e-02;5.429877e-02;1.995913e-01;4.745263e-02;8.289721e-02;8.756643e-02;7.418645e-02;4.352420e-02
5.979195e-02;2.839192e-02;2.420166e-01;6.240833e-02;6.061355e-02;3.914713e-02;1.742396e-01;4.850394e-02;6.788627e-02;7.233628e-02;9.011843e-02;5.454601e-02
4.798554e-02;2.760540e-02;3.624282e-01;5.917910e-02;5.250449e-02;3.494311e-02;1.176687e-01;4.838839e-02;6.117304e-02;6.614839e-02;7.493610e-02;4.703952e-02
3.864191e-02;4.119225e-02;4.929394e-01;4.397176e-02;3.992267e-02;4.371605e-02;9.333143e-02;3.430881e-02;4.240312e-02;5.658008e-02;3.658384e-02;3.640873e-02
1.078836e-02;6.083093e-02;5.796087e-01;3.245289e-02;2.509754e-02;5.180306e-02;6.864841e-02;3.598398e-02;3.137568e-02;4.832324e-02;2.262733e-02;3.245989e-02
2.305461e-02;5.615432e-02;5.844678e-01;3.279205e-02;1.977507e-02;5.545652e-02;4.264073e-02;3.767772e-02;2.991289e-02;4.481679e-02;2.766606e-02;4.558542e-02
4.108254e-02;5.035992e-02;5.064639e-01;3.005973e-02;2.151280e-02;4.625502e-02;4.621268e-02;3.087584e-02;3.843862e-02;8.057792e-02;5.721622e-02;5.094476e-02
4.959882e-02;6.621981e-02;4.180521e-01;2.748780e-02;3.032674e-02;3.937076e-02;7.465823e-02;2.983448e-02;3.264907e-02;1.025973e-01;8.427418e-02;4.493071e-02
4.852683e-02;4.918906e-02;3.999778e-01;3.579368e-02;3.172053e-02;3.780991e-02;1.037537e-01;2.880964e-02;2.064123e-02;1.232767e-01;8.674771e-02;3.375325e-02
7.085467e-02;2.988461e-02;3.915883e-01;4.760435e-02;3.045869e-02;3.322246e-02;1.057263e-01;3.627570e-02;2.142156e-02;1.242001e-01;8.161490e-02;2.714833e-02
8.439142e-02;3.351055e-02;3.692334e-01;6.214528e-02;3.348118e-02;1.998806e-02;9.216674e-02;4.134887e-02;2.786602e-02;1.065157e-01;8.872226e-02;4.063045e-02
7.071137e-02;3.097288e-02;3.356798e-01;7.904023e-02;4.141665e-02;1.913092e-02;1.002623e-01;3.878386e-02;2.882078e-02;9.073880e-02;1.099241e-01;5.451825e-02
5.203691e-02;2.634985e-02;3.491456e-01;7.652181e-02;4.457701e-02;2.615435e-02;7.533495e-02;4.367972e-02;3.510040e-02;1.054479e-01;1.093224e-01;5.632912e-02
6.147153e-02;4.632720e-02;3.491820e-01;6.607705e-02;4.495445e-02;3.078604e-02;4.861810e-02;4.169410e-02;4.604902e-02;1.087564e-01;1.077940e-01;4.829014e-02
9.968391e-02;9.563145e-02;2.780216e-01;4.892003e-02;4.931661e-02;3.445239e-02;8.222416e-02;3.638371e-02;4.268959e-02;9.434232e-02;9.693192e-02;4.140229e-02
1.166684e-01;1.081960e-01;2.288689e-01;4.008889e-02;6.901766e-02;4.974006e-02;1.171927e-01;6.700070e-02;5.003764e-02;6.623727e-02;5.930463e-02;2.764702e-02
9.467686e-02;4.707579e-02;2.473480e-01;7.014902e-02;7.154202e-02;3.741094e-02;1.094468e-01;5.873020e-02;6.022147e-02;7.152367e-02;8.568883e-02;4.618639e-02
9.723657e-02;1.059692e-01;1.665976e-01;9.560691e-02;5.549907e-02;3.460952e-02;8.175088e-02;7.100116e-02;4.093336e-02;6.624485e-02;9.457041e-02;8.998047e-02
7.687808e-02;1.056898e-01;1.368201e-01;1.109102e-01;5.926524e-02;3.749070e-02;8.444495e-02;6.537855e-02;3.656711e-02;6.619573e-02;8.129082e-02;1.390688e-01
7.453629e-02;5.402290e-02;1.450848e-01;1.102410e-01;4.785627e-02;3.750667e-02;1.144099e-01;7.467026e-02;5.384174e-02;6.603185e-02;8.530955e-02;1.364887e-01
1.054107e-01;8.818142e-02;1.252863e-01;7.486944e-02;6.374089e-02;3.425466e-02;1.258127e-01;8.489069e-02;4.753418e-02;7.760565e-02;1.052324e-01;6.718103e-02
1.521425e-01;8.829585e-02;9.699836e-02;6.983150e-02;5.585548e-02;3.229707e-02;9.782471e-02;7.294585e-02;6.477202e-02;5.625579e-02;1.193291e-01;9.345170e-02
1.121479e-01;4.856404e-02;1.038886e-01;1.253098e-01;6.842858e-02;4.987741e-02;9.338296e-02;3.922064e-02;1.002985e-01;5.703197e-02;1.131448e-01;8.870484e-02
7.368676e-02;8.688909e-02;1.189864e-01;9.645460e-02;8.850399e-02;5.556215e-02;9.364594e-02;3.225963e-02;9.325540e-02;9.779724e-02;9.252107e-02;7.043778e-02
6.802081e-02;1.127271e-01;1.127706e-01;8.365469e-02;6.178990e-02;4.964342e-02;7.717656e-02;3.717615e-02;1.027720e-01;1.422793e-01;1.053897e-01;4.659978e-02
8.161610e-02;9.733102e-02;1.614410e-01;8.345240e-02;3.654858e-02;3.317372e-02;5.610876e-02;5.010638e-02;1.042143e-01;1.381916e-01;9.662141e-02;6.119478e-02
7.569008e-02;8.826075e-02;1.601630e-01;7.331768e-02;3.789612e-02;4.353865e-02;6.683021e-02;7.400493e-02;5.855648e-02;1.203387e-01;1.019958e-01;9.940756e-02
5.118316e-02;8.048030e-02;1.901801e-01;4.517651e-02;5.562771e-02;5.897353e-02;6.869089e-02;8.742019e-02;2.980696e-02;1.488556e-01;8.567343e-02;9.793162e-02
5.570173e-02;6.082982e-02;2.235841e-01;7.428470e-02;5.022991e-02;6.899434e-02;4.983813e-02;9.608197e-02;5.921410e-02;1.244767e-01;4.433008e-02;9.243443e-02
9.073953e-02;5.168821e-02;1.317628e-01;6.530593e-02;3.764318e-02;5.109728e-02;1.307203e-01;9.616286e-02;9.956930e-02;9.373038e-02;7.260784e-02;7.897241e-02
7.186297e-02;3.417301e-02;1.617314e-01;6.388785e-02;6.052263e-02;4.204513e-02;1.806726e-01;1.060266e-01;1.153285e-01;7.474378e-02;4.924758e-02;3.975796e-02
6.494083e-02;4.146240e-02;2.087653e-01;7.323758e-02;5.682778e-02;3.384692e-02;1.611204e-01;1.302359e-01;1.121975e-01;4.160265e-02;5.037368e-02;2.538914e-02
5.296735e-02;4.518747e-02;3.162082e-01;7.476950e-02;3.355037e-02;2.657764e-02;1.687392e-01;1.177267e-01;7.178929e-02;3.732575e-02;4.021687e-02;1.494169e-02
2.906192e-02;2.878951e-02;4.502435e-01;6.603573e-02;1.759019e-02;1.888630e-02;2.075224e-01;5.882028e-02;2.630153e-02;6.446145e-02;2.514214e-02;7.145106e-03
2.235486e-02;2.299769e-02;5.142605e-01;5.264470e-02;1.490952e-02;1.889944e-02;2.174022e-01;2.174256e-02;9.916407e-03;8.474149e-02;1.686015e-02;3.270374e-03
2.040643e-02;2.496680e-02;5.096225e-01;5.119694e-02;1.443638e-02;1.820045e-02;1.961724e-01;2.573686e-02;8.868719e-03;9.782255e-02;2.942304e-02;3.146988e-03
1.957303e-02;2.030125e-02;4.617387e-01;6.506701e-02;1.747756e-02;1.294543e-02;1.632306e-01;2.116949e-02;1.248024e-02;9.525634e-02;9.372845e-02;1.703192e-02
1.668536e-02;1.769694e-02;3.438618e-01;8.445706e-02;2.331940e-02;7.729392e-03;1.107728e-01;4.503127e-02;1.004278e-02;7.324994e-02;1.980653e-01;6.908787e-02
3.859450e-02;3.926052e-02;2.340073e-01;1.024300e-01;4.043136e-02;1.005411e-02;5.860399e-02;7.318251e-02;9.881379e-03;4.244731e-02;2.326092e-01;1.184979e-01
5.335679e-02;7.002229e-02;2.076865e-01;1.089985e-01;8.280876e-02;1.509679e-02;2.592805e-02;9.906963e-02;3.280649e-02;2.190674e-02;1.882428e-01;9.407661e-02
4.368793e-02;6.376709e-02;2.034342e-01;9.261424e-02;1.592623e-01;3.356804e-02;4.177983e-02;8.828509e-02;9.247665e-02;1.275313e-02;9.491627e-02;7.345523e-02
2.455208e-02;2.562504e-02;1.575791e-01;6.620828e-02;1.873650e-01;4.929907e-02;6.258173e-02;6.598774e-02;1.480222e-01;1.424662e-02;5.445843e-02;1.440747e-01
2.567085e-02;2.174335e-02;1.930704e-01;6.043860e-02;1.589938e-01;5.438873e-02;4.913328e-02;6.497391e-02;1.437448e-01;1.865369e-02;7.861037e-02;1.305782e-01
9.493413e-02;3.258774e-02;1.668171e-01;5.024051e-02;1.297179e-01;7.859375e-02;1.370744e-01;5.806332e-02;8.472089e-02;2.955760e-02;7.898667e-02;5.870592e-02
1.701907e-01;3.021238e-02;8.836047e-02;3.526188e-02;1.589571e-01;1.259854e-01;1.874607e-01;3.549206e-02;4.319774e-02;2.591953e-02;5.567763e-02;4.328441e-02
1.807293e-01;3.317600e-02;9.709758e-02;2.650823e-02;1.787231e-01;1.344515e-01;1.867055e-01;1.672532e-02;4.350846e-02;2.273623e-02;4.710763e-02;3.253123e-02
1.650033e-01;2.528153e-02;1.262445e-01;2.273649e-02;1.873119e-01;1.254989e-01;1.822298e-01;7.476007e-03;4.316123e-02;1.873467e-02;5.661503e-02;3.970674e-02
1.543107e-01;1.711698e-02;1.235517e-01;2.348160e-02;1.916517e-01;1.240936e-01;1.810229e-01;1.140664e-02;5.787500e-02;1.487650e-02;5.392339e-02;4.668923e-02
1.623569e-01;2.800061e-02;1.379588e-01;2.183456e-02;1.688997e-01;1.187170e-01;1.809504e-01;1.516553e-02;5.458979e-02;1.456458e-02;4.447508e-02;5.248708e-02
1.534533e-01;3.643072e-02;1.149933e-01;2.204932e-02;1.527974e-01;1.083943e-01;2.020648e-01;1.467862e-02;6.876456e-02;2.962882e-02;3.582610e-02;6.091873e-02
1.340148e-01;1.629661e-02;1.505248e-01;3.338661e-02;1.714929e-01;1.063296e-01;1.458815e-01;2.430273e-02;9.682075e-02;2.070453e-02;2.669094e-02;7.355417e-02
1.052912e-01;1.688071e-02;1.509134e-01;3.917182e-02;1.972499e-01;1.018496e-01;1.126439e-01;2.838814e-02;1.143156e-01;1.532701e-02;2.322284e-02;9.474586e-02
7.346379e-02;3.012496e-02;2.079517e-01;4.853281e-02;1.775007e-01;8.420394e-02;1.108968e-01;3.120268e-02;9.241815e-02;1.871246e-02;2.909539e-02;9.589671e-02
5.611176e-02;4.411238e-02;3.123260e-01;6.174111e-02;1.415361e-01;6.098585e-02;6.374862e-02;3.814613e-02;5.684427e-02;2.759382e-02;5.613360e-02;8.072034e-02
4.142283e-02;3.802979e-02;4.121382e-01;6.766974e-02;1.075151e-01;4.446079e-02;4.339006e-02;5.038821e-02;2.590706e-02;3.620806e-02;7.623573e-02;5.663447e-02
1.876842e-02;3.117794e-02;5.001767e-01;7.914374e-02;5.987018e-02;3.497289e-02;5.454814e-02;5.933708e-02;2.075947e-02;3.086506e-02;6.167603e-02;4.870436e-02
2.144118e-02;2.854530e-02;5.097532e-01;7.701924e-02;9.935644e-02;3.475364e-02;6.565775e-02;3.148230e-02;1.964536e-02;2.474989e-02;4.142547e-02;4.617023e-02
3.427581e-02;3.013290e-02;4.821564e-01;5.518857e-02;1.081792e-01;3.952638e-02;9.917608e-02;1.752295e-02;3.717043e-02;3.003087e-02;3.956692e-02;2.707347e-02
5.660130e-02;4.334630e-02;4.495113e-01;4.825097e-02;7.780676e-02;3.314850e-02;1.064020e-01;1.140020e-02;4.948022e-02;5.050437e-02;5.125874e-02;2.228931e-02
7.073600e-02;5.090262e-02;3.374897e-01;5.514558e-02;4.727689e-02;2.126777e-02;1.393290e-01;3.683030e-02;5.424052e-02;8.417987e-02;7.078048e-02;3.182123e-02
8.590186e-02;6.941072e-02;1.991576e-01;4.994320e-02;5.625275e-02;3.951341e-02;1.301228e-01;4.150666e-02;8.099224e-02;9.762420e-02;9.296352e-02;5.661109e-02
9.884427e-02;8.162293e-02;1.294087e-01;5.830024e-02;7.526194e-02;5.482763e-02;1.183564e-01;4.743053e-02;8.503349e-02;9.883733e-02;9.066780e-02;6.140874e-02
8.776008e-02;6.405973e-02;3.002024e-01;6.063171e-02;9.336136e-02;5.881542e-02;6.883185e-02;6.844535e-02;2.965361e-02;7.172549e-02;6.785561e-02;2.865741e-02
9.386995e-02;5.284889e-02;3.373315e-01;5.238955e-02;8.680066e-02;6.037080e-02;8.962765e-02;6.155438e-02;3.498862e-02;5.312905e-02;5.677285e-02;2.031606e-02
8.687066e-02;5.896809e-02;3.746782e-01;5.076359e-02;7.439301e-02;4.831278e-02;5.529680e-02;3.729996e-02;4.289866e-02;8.065727e-02;6.886654e-02;2.099448e-02
6.832969e-02;5.666675e-02;3.697411e-01;4.859465e-02;7.130124e-02;3.107030e-02;7.977153e-02;4.008156e-02;4.513662e-02;9.027999e-02;7.773855e-02;2.128802e-02
2.999287e-02;9.505942e-02;3.039042e-01;3.826902e-02;6.330899e-02;4.049044e-02;9.067127e-02;4.732778e-02;7.913128e-02;1.092091e-01;7.058161e-02;3.205402e-02
5.798357e-02;1.746656e-01;1.474047e-01;4.659662e-02;4.539100e-02;5.816713e-02;7.853394e-02;7.056215e-02;8.356562e-02;1.407248e-01;5.247092e-02;4.393406e-02
8.411434e-02;1.559969e-01;1.359524e-01;5.405638e-02;3.285854e-02;4.406466e-02;7.309874e-02;9.392442e-02;6.980852e-02;1.614650e-01;3.572993e-02;5.893015e-02
5.962368e-02;1.114180e-01;1.482643e-01;4.524462e-02;3.627101e-02;2.908181e-02;1.058148e-01;9.892497e-02;9.820846e-02;1.433169e-01;5.644080e-02;6.739068e-02
5.122442e-02;9.442922e-02;1.613137e-01;4.497638e-02;3.625568e-02;3.437523e-02;1.310825e-01;1.107119e-01;8.305871e-02;1.131847e-01;9.108653e-02;4.830114e-02
4.919638e-02;7.917909e-02;1.522620e-01;4.365604e-02;3.415895e-02;4.047811e-02;9.698467e-02;1.415057e-01;5.235668e-02;1.184317e-01;1.112791e-01;8.051164e-02
7.475625e-02;9.079260e-02;1.186844e-01;6.152473e-02;2.595590e-02;3.362510e-02;9.209269e-02;1.367693e-01;6.492255e-02;1.441475e-01;9.550523e-02;6.122372e-02
9.565007e-02;7.810795e-02;9.731192e-02;7.395759e-02;2.546812e-02;3.910683e-02;1.227647e-01;9.440719e-02;8.553175e-02;1.298399e-01;7.943077e-02;7.842320e-02
1.184504e-01;6.900857e-02;9.285404e-02;5.633217e-02;4.081407e-02;4.437526e-02;1.282087e-01;9.312743e-02;1.133376e-01;9.375273e-02;7.309623e-02;7.664278e-02
1.287133e-01;7.168832e-02;1.035009e-01;7.577082e-02;5.204978e-02;4.173732e-02;1.056242e-01;1.180699e-01;7.010826e-02;1.171684e-01;5.851232e-02;5.705649e-02
1.324228e-01;7.770643e-02;1.308197e-01;7.937273e-02;5.110358e-02;3.369976e-02;9.303103e-02;9.128616e-02;6.977344e-02;8.218358e-02;6.579720e-02;9.280363e-02
1.288794e-01;4.707019e-02;1.460429e-01;4.095002e-02;3.946340e-02;4.264906e-02;1.424935e-01;5.937269e-02;9.024379e-02;8.148362e-02;7.591048e-02;1.054410e-01
9.643562e-02;2.399951e-02;2.014238e-01;3.990467e-02;4.439054e-02;3.733893e-02;1.831457e-01;3.815660e-02;7.034025e-02;8.250525e-02;9.296934e-02;8.938983e-02
9.161621e-02;3.195532e-02;2.205286e-01;3.892128e-02;6.629687e-02;4.786406e-02;1.510255e-01;4.257218e-02;6.763657e-02;7.079536e-02;8.580718e-02;8.498086e-02
9.039801e-02;4.276308e-02;2.564492e-01;5.425416e-02;6.602564e-02;4.428903e-02;1.238116e-01;5.543466e-02;5.494797e-02;5.014297e-02;8.329578e-02;7.818789e-02
6.161865e-02;2.825073e-02;3.336037e-01;7.329603e-02;5.151123e-02;2.876364e-02;9.027755e-02;6.135332e-02;3.861794e-02;6.179880e-02;1.063256e-01;6.458284e-02
5.647161e-02;1.477773e-02;4.026329e-01;7.623953e-02;3.955881e-02;1.436708e-02;9.851269e-02;4.105131e-02;3.264599e-02;7.875795e-02;1.029890e-01;4.199547e-02
6.796230e-02;1.598438e-02;4.118463e-01;6.671802e-02;4.193451e-02;1.099603e-02;1.133706e-01;3.929398e-02;2.984213e-02;8.822488e-02;8.533345e-02;2.849341e-02
6.770681e-02;1.782873e-02;4.523975e-01;5.810456e-02;4.109012e-02;1.140567e-02;1.036624e-01;2.812392e-02;2.444723e-02;9.918756e-02;7.624555e-02;1.980001e-02
5.967165e-02;1.763155e-02;4.602123e-01;7.812287e-02;4.422523e-02;1.080087e-02;8.465948e-02;2.798880e-02;2.049514e-02;9.006766e-02;8.963793e-02;1.648647e-02
4.146970e-02;1.830788e-02;4.439655e-01;1.059479e-01;4.880343e-02;1.380411e-02;6.263183e-02;4.821190e-02;1.395394e-02;6.736994e-02;1.131872e-01;2.234663e-02
2.444184e-02;2.522693e-02;4.253203e-01;1.260570e-01;5.459160e-02;1.917841e-02;4.641018e-02;6.926102e-02;1.243042e-02;4.881796e-02;1.265735e-01;2.169094e-02
2.057687e-02;2.730079e-02;4.254016e-01;1.262050e-01;6.432544e-02;2.001860e-02;3.810811e-02;7.478791e-02;1.293524e-02;4.092716e-02;1.268788e-01;2.253438e-02
2.449935e-02;2.500949e-02;4.255483e-01;1.175935e-01;6.877955e-02;2.260014e-02;4.502871e-02;6.367040e-02;2.062301e-02;4.399021e-02;1.190484e-01;2.360888e-02
4.199625e-02;1.547683e-02;4.116159e-01;1.019033e-01;7.391470e-02;2.554840e-02;5.378410e-02;4.595933e-02;3.534612e-02;5.587570e-02;1.080214e-01;3.055797e-02
6.197128e-02;3.623112e-02;3.734613e-01;6.907931e-02;6.988534e-02;2.369077e-02;4.177757e-02;4.267199e-02;4.527946e-02;8.126045e-02;1.066880e-01;4.800342e-02
7.027566e-02;6.415556e-02;2.631700e-01;5.290548e-02;6.717953e-02;3.025936e-02;5.932119e-02;4.567120e-02;6.170268e-02;1.002614e-01;9.522804e-02;8.986998e-02
7.883881e-02;9.878402e-02;1.592735e-01;6.140772e-02;7.093848e-02;4.046653e-02;8.629547e-02;3.731514e-02;8.239039e-02;1.116175e-01;6.611080e-02;1.065616e-01
7.904006e-02;1.224507e-01;1.591795e-01;1.105141e-01;8.461986e-02;3.698016e-02;9.693487e-02;4.312333e-02;8.109032e-02;8.543644e-02;4.138959e-02;5.924102e-02
9.069908e-02;1.237513e-01;1.382806e-01;1.338271e-01;8.433899e-02;2.397443e-02;7.263657e-02;6.829296e-02;1.107269e-01;7.136772e-02;4.216982e-02;3.993438e-02
7.635637e-02;1.165672e-01;1.185017e-01;1.082745e-01;1.000116e-01;3.182580e-02;5.171371e-02;8.482276e-02;1.034454e-01;8.799206e-02;8.046187e-02;4.002712e-02
7.851258e-02;9.600001e-02;1.779723e-01;5.672849e-02;9.105098e-02;4.889105e-02;6.690224e-02;5.871411e-02;6.127788e-02;8.769175e-02;9.617266e-02;8.008593e-02
5.572607e-02;6.023997e-02;2.375749e-01;9.948232e-02;8.980565e-02;5.796449e-02;8.533312e-02;4.490153e-02;4.624502e-02;6.417521e-02;7.026051e-02;8.829118e-02
4.852102e-02;7.744528e-02;2.253385e-01;1.077514e-01;1.192295e-01;3.375534e-02;7.548121e-02;4.922213e-02;4.600266e-02;6.285238e-02;9.511835e-02;5.928208e-02
6.787961e-02;6.317708e-02;2.228774e-01;9.584055e-02;1.272712e-01;3.304242e-02;5.483773e-02;4.328078e-02;3.052437e-02;8.296940e-02;1.137128e-01;6.458662e-02
9.196837e-02;7.387723e-02;1.917363e-01;6.000882e-02;1.302792e-01;3.924758e-02;1.003745e-01;2.168493e-02;3.584540e-02;8.938380e-02;9.299742e-02;7.259662e-02
1.076840e-01;1.233114e-01;2.562334e-01;3.633010e-02;6.083860e-02;3.126692e-02;1.239307e-01;3.378547e-02;4.283420e-02;5.498207e-02;7.297306e-02;5.583020e-02
1.115892e-01;1.704084e-01;2.800213e-01;3.286937e-02;2.375353e-02;4.106583e-02;9.327050e-02;2.382962e-02;3.501036e-02;5.873079e-02;4.277724e-02;8.667383e-02
7.064743e-02;1.977404e-01;2.965394e-01;2.763643e-02;2.673703e-02;5.593247e-02;6.141032e-02;1.186005e-02;3.316468e-02;7.949470e-02;3.927557e-02;9.956151e-02
8.106739e-02;2.235865e-01;2.716272e-01;1.872729e-02;1.997947e-02;5.525265e-02;5.841221e-02;1.470330e-02;4.879865e-02;7.855079e-02;5.535756e-02;7.393690e-02
4.461989e-02;2.288350e-01;2.942402e-01;2.897023e-02;1.636262e-02;5.483051e-02;5.210374e-02;2.843064e-02;6.310394e-02;6.678852e-02;5.993028e-02;6.178444e-02
6.160830e-02;1.837376e-01;3.514464e-01;3.622751e-02;1.645403e-02;5.024480e-02;6.562985e-02;2.026759e-02;7.221218e-02;4.425215e-02;5.523932e-02;4.268029e-02
9.514396e-02;1.519057e-01;3.652490e-01;3.155728e-02;1.744281e-02;4.728801e-02;6.961690e-02;3.989379e-02;8.438744e-02;4.167542e-02;3.427519e-02;2.156453e-02
1.202658e-01;1.993944e-01;2.827936e-01;4.311582e-02;2.233019e-02;4.938385e-02;6.800174e-02;2.394324e-02;7.533316e-02;4.136259e-02;5.491131e-02;1.916446e-02
9.634051e-02;1.828582e-01;2.306041e-01;6.138632e-02;5.054080e-02;3.955904e-02;9.010389e-02;4.494401e-02;4.771530e-02;3.651285e-02;6.534121e-02;5.409372e-02
1.077522e-01;1.088080e-01;2.761644e-01;7.501139e-02;5.077806e-02;2.769252e-02;7.772657e-02;6.500890e-02;6.281017e-02;4.042770e-02;4.049888e-02;6.732120e-02
1.123650e-01;4.458346e-02;1.855193e-01;6.652147e-02;5.982374e-02;4.980286e-02;1.308208e-01;6.253919e-02;9.291121e-02;4.735031e-02;6.576074e-02;8.200195e-02
1.086722e-01;6.228870e-02;1.530079e-01;5.921569e-02;7.148678e-02;6.894676e-02;9.876907e-02;6.061732e-02;8.797906e-02;6.135784e-02;7.843462e-02;8.922408e-02
9.425369e-02;5.487020e-02;1.781863e-01;4.836446e-02;7.288834e-02;8.538345e-02;1.149252e-01;4.636217e-02;6.905656e-02;6.055976e-02;8.139344e-02;9.375644e-02
5.322184e-02;2.507596e-02;2.676319e-01;4.078832e-02;6.039726e-02;7.179147e-02;1.837242e-01;3.073393e-02;3.377629e-02;6.935213e-02;9.322817e-02;7.027852e-02
1.811355e-02;2.723820e-02;3.167861e-01;2.786363e-02;4.556873e-02;4.706989e-02;1.511178e-01;8.826005e-02;8.997374e-02;7.530125e-02;9.108895e-02;2.161804e-02
3.064645e-02;4.035454e-02;3.180784e-01;5.488159e-02;4.830987e-02;2.363566e-02;9.293623e-02;1.098688e-01;1.389484e-01;5.846187e-02;6.003086e-02;2.384732e-02
5.176620e-02;5.638054e-02;2.448605e-01;6.076345e-02;6.712169e-02;3.310540e-02;1.133643e-01;8.786929e-02;9.614264e-02;7.222904e-02;6.168706e-02;5.470985e-02
8.434722e-02;1.148122e-01;1.628928e-01;6.496531e-02;9.907705e-02;3.416431e-02;8.128902e-02;7.454298e-02;4.204251e-02;9.163792e-02;1.004266e-01;4.980197e-02
1.060263e-01;1.368555e-01;8.709425e-02;4.952971e-02;9.898273e-02;5.605476e-02;9.367584e-02;2.215154e-02;1.067375e-01;9.807454e-02;8.366051e-02;6.115688e-02
1.069113e-01;1.176908e-01;9.431717e-02;3.761878e-02;9.748402e-02;7.455200e-02;1.231617e-01;3.444156e-02;7.426485e-02;6.743546e-02;9.993339e-02;7.218899e-02
6.597243e-02;7.572646e-02;1.519384e-01;6.329662e-02;6.859037e-02;8.279511e-02;1.711852e-01;3.325923e-02;3.811647e-02;5.903726e-02;1.016776e-01;8.840495e-02
1.218851e-01;5.937624e-02;1.888052e-01;4.571594e-02;5.430738e-02;5.979930e-02;1.206863e-01;5.328166e-02;4.989311e-02;6.221875e-02;6.640626e-02;1.176247e-01
