6.722093e-02;5.615662e-02;1.215049e-01;3.435471e-02;9.231183e-02;6.947505e-02;1.526092e-01;9.684052e-02;6.711791e-02;6.641009e-02;9.659206e-02;7.940620e-02
8.427707e-02;7.928769e-02;8.617832e-02;5.454206e-02;1.036743e-01;8.235064e-02;1.269663e-01;7.323104e-02;1.355565e-01;5.786009e-02;5.815967e-02;5.791639e-02
6.248701e-02;7.202320e-02;7.697891e-02;7.151141e-02;1.042662e-01;8.897739e-02;9.819767e-02;7.840239e-02;1.596156e-01;5.492998e-02;7.911909e-02;5.349116e-02
7.074113e-02;7.545394e-02;9.122244e-02;6.280456e-02;1.021471e-01;8.067723e-02;6.844383e-02;1.123675e-01;9.162649e-02;6.183313e-02;9.502926e-02;8.765335e-02
7.287588e-02;7.652663e-02;8.636539e-02;9.820744e-02;1.353609e-01;5.364801e-02;7.599353e-02;9.848107e-02;7.885567e-02;7.321935e-02;6.604274e-02;8.442339e-02
6.938585e-02;9.636427e-02;9.050452e-02;1.090348e-01;1.541819e-01;5.307447e-02;8.786288e-02;6.117418e-02;6.693431e-02;7.804502e-02;5.428237e-02;7.915541e-02
3.735841e-02;1.005545e-01;6.093902e-02;7.748459e-02;1.787397e-01;7.897359e-02;8.649202e-02;8.806209e-02;5.826380e-02;7.416451e-02;7.966201e-02;7.930577e-02
2.416754e-02;6.280633e-02;6.323682e-02;5.547259e-02;1.799465e-01;9.694415e-02;8.025171e-02;9.134365e-02;7.621305e-02;6.496722e-02;1.177458e-01;8.690467e-02
1.848024e-02;6.389605e-02;6.479604e-02;7.598065e-02;1.084531e-01;1.183205e-01;7.348306e-02;6.829970e-02;1.348812e-01;6.930816e-02;1.243926e-01;7.970866e-02
4.212432e-02;5.469937e-02;7.843605e-02;1.014377e-01;4.445074e-02;1.491002e-01;6.400303e-02;5.526781e-02;1.606898e-01;9.408650e-02;9.013252e-02;6.557193e-02
5.505531e-02;4.983018e-02;1.013875e-01;8.386734e-02;6.718717e-02;1.196897e-01;7.305268e-02;8.520216e-02;1.323232e-01;8.533326e-02;7.756341e-02;6.950806e-02
5.768595e-02;4.724027e-02;1.191911e-01;7.792357e-02;1.174728e-01;1.027223e-01;6.724972e-02;1.350991e-01;1.141463e-01;5.729283e-02;7.055687e-02;3.341901e-02
4.914782e-02;4.837798e-02;8.673523e-02;9.092118e-02;1.306299e-01;1.298141e-01;6.105984e-02;1.351376e-01;9.924817e-02;6.449433e-02;8.037360e-02;2.406029e-02
3.432073e-02;7.469133e-02;7.514535e-02;1.297129e-01;1.059193e-01;1.310005e-01;8.555996e-02;9.918573e-02;7.521843e-02;8.731139e-02;7.032317e-02;3.161123e-02
2.897217e-02;5.483268e-02;1.151142e-01;1.333795e-01;9.031346e-02;1.034698e-01;9.853192e-02;1.277999e-01;5.851372e-02;7.699697e-02;7.619487e-02;3.588076e-02
3.355273e-02;4.181022e-02;1.488345e-01;1.284946e-01;8.077690e-02;9.567087e-02;1.159719e-01;1.043537e-01;8.977458e-02;8.066063e-02;4.775001e-02;3.234937e-02
3.022926e-02;4.839354e-02;1.452144e-01;9.014318e-02;7.182799e-02;1.176574e-01;1.403119e-01;7.086340e-02;9.120385e-02;8.806536e-02;3.966349e-02;6.642620e-02
1.471981e-02;8.220302e-02;1.069639e-01;7.926171e-02;7.281005e-02;1.450406e-01;1.472730e-01;1.323809e-01;5.697724e-02;5.237160e-02;4.708843e-02;6.290978e-02
3.790308e-02;9.160206e-02;1.037426e-01;8.004636e-02;7.410609e-02;1.493810e-01;1.252827e-01;1.493626e-01;6.908956e-02;3.645698e-02;3.609854e-02;4.692852e-02
4.059689e-02;6.394199e-02;1.086659e-01;6.806748e-02;4.766235e-02;1.577674e-01;9.539925e-02;1.322713e-01;1.018218e-01;8.052241e-02;5.367317e-02;4.961001e-02
5.018418e-02;3.701387e-02;8.305098e-02;7.788826e-02;5.775883e-02;1.010466e-01;9.827532e-02;8.808941e-02;1.220131e-01;1.093349e-01;1.096093e-01;6.573528e-02
6.261462e-02;4.768281e-02;7.559700e-02;6.492560e-02;7.118840e-02;6.661454e-02;1.548816e-01;7.691082e-02;9.149048e-02;8.600628e-02;1.250762e-01;7.701168e-02
6.228968e-02;4.967206e-02;6.864458e-02;5.665945e-02;8.534043e-02;1.024364e-01;2.076010e-01;1.115814e-01;9.754363e-02;6.155856e-02;5.501412e-02;4.165862e-02
5.518632e-02;5.753082e-02;7.748739e-02;5.499947e-02;6.864830e-02;9.161714e-02;2.605549e-01;1.245539e-01;9.997647e-02;3.060985e-02;3.877051e-02;4.006502e-02
4.833613e-02;6.123150e-02;6.339368e-02;6.021443e-02;4.732687e-02;6.335521e-02;3.019524e-01;1.155007e-01;7.984427e-02;4.949756e-02;6.496855e-02;4.437867e-02
6.077820e-02;4.420283e-02;2.690336e-02;7.414666e-02;3.383611e-02;1.066571e-01;2.608410e-01;6.886213e-02;5.971566e-02;1.263013e-01;1.027475e-01;3.500810e-02
9.677156e-02;3.233150e-02;1.078942e-02;8.457515e-02;3.096793e-02;1.623726e-01;1.672598e-01;5.930428e-02;4.991863e-02;1.950818e-01;9.267981e-02;1.794754e-02
1.466505e-01;2.620588e-02;1.676404e-02;8.646263e-02;3.420004e-02;1.855353e-01;9.543903e-02;8.664337e-02;6.315321e-02;1.966350e-01;4.851450e-02;1.379654e-02
1.970772e-01;1.618770e-02;1.945624e-02;8.098457e-02;4.080012e-02;2.005840e-01;7.306350e-02;1.092179e-01;6.047041e-02;1.701480e-01;1.929474e-02;1.271566e-02
2.171912e-01;2.031384e-02;1.052363e-02;9.239890e-02;4.288116e-02;2.056405e-01;6.877919e-02;9.739415e-02;4.827437e-02;1.798008e-01;5.429210e-03;1.137316e-02
1.947526e-01;2.013403e-02;1.112123e-02;1.213677e-01;4.247534e-02;1.856908e-01;8.050749e-02;6.240561e-02;3.309204e-02;2.109788e-01;1.376937e-02;2.370491e-02
1.411214e-01;4.858885e-02;2.299751e-02;1.343992e-01;3.756002e-02;1.458023e-01;1.269419e-01;3.914325e-02;2.207127e-02;2.229117e-01;2.962023e-02;2.884238e-02
7.218814e-02;7.185201e-02;2.772631e-02;9.726997e-02;3.421801e-02;1.222806e-01;2.108174e-01;5.113582e-02;3.609601e-02;1.821779e-01;6.950120e-02;2.473660e-02
3.793553e-02;7.034535e-02;4.125472e-02;6.198952e-02;6.538753e-02;1.371456e-01;2.625161e-01;4.942005e-02;6.306511e-02;1.052588e-01;8.523211e-02;2.044954e-02
4.282166e-02;5.487983e-02;5.320880e-02;6.962243e-02;1.080530e-01;1.609753e-01;2.476537e-01;6.744181e-02;6.320190e-02;3.112484e-02;8.223692e-02;1.877992e-02
5.582818e-02;4.737877e-02;5.820536e-02;7.189346e-02;1.177048e-01;1.546348e-01;1.866614e-01;8.877116e-02;4.534531e-02;1.011833e-01;5.486260e-02;1.753078e-02
5.359507e-02;3.919175e-02;2.823660e-02;5.891084e-02;1.107165e-01;1.373919e-01;2.073354e-01;1.015359e-01;4.333227e-02;1.854707e-01;2.195348e-02;1.232955e-02
7.106209e-02;6.370473e-02;1.258277e-02;2.775505e-02;9.663580e-02;1.594180e-01;2.236302e-01;8.958650e-02;2.751485e-02;2.031583e-01;1.314917e-02;1.180249e-02
7.391313e-02;6.590012e-02;2.378252e-02;3.413380e-02;8.890510e-02;1.744944e-01;2.200205e-01;6.822823e-02;4.364204e-02;1.592697e-01;2.507801e-02;2.263252e-02
1.028472e-01;6.371018e-02;4.437980e-02;5.604627e-02;8.129353e-02;1.676425e-01;2.166556e-01;4.577986e-02;4.506219e-02;9.049502e-02;3.995582e-02;4.613201e-02
1.979008e-01;8.656312e-02;5.445589e-02;3.603617e-02;4.705308e-02;1.403463e-01;2.199326e-01;4.014017e-02;3.800265e-02;4.758705e-02;3.116874e-02;6.081338e-02
2.667439e-01;9.656458e-02;3.712038e-02;4.443914e-02;5.406401e-02;1.184715e-01;1.983824e-01;3.800390e-02;4.138650e-02;4.205521e-02;1.581836e-02;4.695009e-02
3.064076e-01;9.035375e-02;1.963580e-02;5.764254e-02;5.973949e-02;1.121738e-01;1.881548e-01;3.938960e-02;4.378198e-02;4.160326e-02;8.007737e-03;3.310968e-02
2.974038e-01;7.779915e-02;4.446267e-02;7.573856e-02;7.713612e-02;1.076400e-01;1.476457e-01;3.661170e-02;5.006777e-02;3.420861e-02;8.229436e-03;4.305646e-02
2.369199e-01;5.156248e-02;7.928380e-02;7.523774e-02;1.114065e-01;1.077088e-01;9.294770e-02;5.366937e-02;7.557962e-02;3.251700e-02;1.432913e-02;6.883790e-02
1.404102e-01;2.389879e-02;9.887724e-02;5.630603e-02;1.507547e-01;1.087663e-01;1.025904e-01;1.004868e-01;8.511620e-02;2.958925e-02;2.315877e-02;8.004530e-02
9.477817e-02;1.876141e-02;1.035828e-01;5.424271e-02;1.676706e-01;1.027908e-01;1.210989e-01;1.201034e-01;7.240365e-02;3.570135e-02;3.564779e-02;7.321842e-02
6.043585e-02;3.200261e-02;1.406961e-01;7.327305e-02;1.395001e-01;9.262983e-02;1.450942e-01;1.066086e-01;6.503250e-02;4.840643e-02;3.923091e-02;5.708984e-02
5.656755e-02;3.946105e-02;2.420192e-01;7.508923e-02;1.088025e-01;8.829158e-02;1.311771e-01;7.407940e-02;6.604127e-02;3.833738e-02;3.633575e-02;4.379785e-02
1.428565e-01;3.943286e-02;2.937612e-01;5.118943e-02;7.985784e-02;7.431894e-02;8.807493e-02;7.304234e-02;4.453393e-02;4.105108e-02;2.986643e-02;4.201454e-02
1.181488e-01;4.874488e-02;2.675639e-01;8.303963e-02;7.714496e-02;6.938206e-02;9.902526e-02;6.598461e-02;4.796338e-02;4.282092e-02;2.624011e-02;5.394142e-02
6.644779e-02;6.452470e-02;2.112392e-01;1.131655e-01;1.072423e-01;7.494097e-02;1.248362e-01;6.797601e-02;2.986143e-02;4.021168e-02;4.753600e-02;5.201828e-02
7.933772e-02;5.375195e-02;1.339098e-01;1.567006e-01;1.286206e-01;7.891298e-02;1.115467e-01;7.528586e-02;3.506983e-02;3.793145e-02;6.571623e-02;4.321625e-02
4.303710e-02;3.316801e-02;1.526372e-01;1.980397e-01;1.469152e-01;6.932669e-02;8.224491e-02;7.765024e-02;3.450358e-02;4.192462e-02;8.460507e-02;3.594772e-02
3.325321e-02;2.051342e-02;1.553434e-01;1.900671e-01;1.354335e-01;5.741777e-02;8.595572e-02;1.164804e-01;5.918538e-02;4.598355e-02;7.423402e-02;2.613250e-02
4.372020e-02;1.715858e-02;1.887113e-01;1.306039e-01;9.882694e-02;4.829859e-02;1.467245e-01;1.406661e-01;6.259612e-02;6.003937e-02;4.614128e-02;1.651318e-02
3.935171e-02;2.685298e-02;1.904604e-01;7.160753e-02;6.991879e-02;4.939529e-02;2.423255e-01;1.267717e-01;5.694227e-02;8.540568e-02;2.447167e-02;1.649649e-02
2.879915e-02;3.656604e-02;1.569577e-01;3.887302e-02;5.527449e-02;8.133611e-02;2.861435e-01;8.409467e-02;8.394855e-02;9.200454e-02;2.575608e-02;3.024612e-02
2.710045e-02;4.339371e-02;1.114231e-01;4.798261e-02;5.102914e-02;1.535395e-01;2.300628e-01;6.799049e-02;1.015301e-01;6.837139e-02;3.313250e-02;6.444412e-02
4.225116e-02;5.762317e-02;1.061811e-01;7.142901e-02;8.099385e-02;1.937041e-01;1.243838e-01;6.846335e-02;9.834471e-02;4.374596e-02;3.195896e-02;8.092088e-02
5.609727e-02;6.295686e-02;1.311828e-01;8.340438e-02;1.137530e-01;1.671700e-01;7.354061e-02;6.483391e-02;1.134894e-01;3.118312e-02;2.861525e-02;7.377335e-02
6.197523e-02;5.682641e-02;1.432204e-01;6.824813e-02;1.119634e-01;9.954435e-02;8.349758e-02;1.304890e-01;1.270493e-01;2.898465e-02;3.697699e-02;5.122458e-02
5.418296e-02;5.910815e-02;1.525982e-01;6.154323e-02;8.396322e-02;8.245652e-02;1.205841e-01;1.811499e-01;8.942661e-02;5.134796e-02;3.200063e-02;3.163849e-02
6.384859e-02;6.848045e-02;1.629937e-01;4.468695e-02;4.738487e-02;5.895106e-02;1.688323e-01;1.987709e-01;7.049472e-02;5.515880e-02;3.819649e-02;2.220113e-02
5.973427e-02;7.664350e-02;1.671776e-01;3.911982e-02;4.431776e-02;6.139054e-02;1.706987e-01;2.291295e-01;5.670891e-02;4.440724e-02;3.559979e-02;1.507232e-02
4.119449e-02;8.974741e-02;2.190857e-01;4.882452e-02;6.544728e-02;6.522708e-02;1.428596e-01;1.837761e-01;5.895168e-02;4.608807e-02;2.345665e-02;1.534145e-02
4.753732e-02;1.062430e-01;2.262727e-01;6.400886e-02;7.319723e-02;9.056229e-02;9.179165e-02;1.096613e-01;8.788349e-02;4.805266e-02;3.047400e-02;2.431545e-02
5.181400e-02;1.214389e-01;1.933785e-01;8.738492e-02;8.469945e-02;1.390965e-01;5.553289e-02;7.325877e-02;9.760107e-02;3.572778e-02;2.432830e-02;3.573890e-02
4.761077e-02;1.321085e-01;1.889336e-01;8.651279e-02;6.950953e-02;1.706348e-01;3.581155e-02;6.283440e-02;1.075878e-01;2.905937e-02;1.502740e-02;5.436938e-02
3.057260e-02;1.337535e-01;2.352532e-01;5.972055e-02;4.027142e-02;1.680905e-01;5.168569e-02;5.892809e-02;9.755123e-02;3.527400e-02;1.566430e-02;7.323489e-02
2.734699e-02;1.254958e-01;2.981272e-01;3.637484e-02;4.282978e-02;1.258098e-01;5.701324e-02;5.930270e-02;7.236014e-02;5.006848e-02;2.577376e-02;7.949726e-02
2.110571e-02;1.016975e-01;3.573688e-01;3.495845e-02;5.317542e-02;7.859333e-02;9.903438e-02;4.090232e-02;5.699896e-02;5.733444e-02;3.645473e-02;6.237595e-02
2.309204e-02;7.779321e-02;3.713565e-01;3.459240e-02;8.225708e-02;7.431346e-02;1.222252e-01;2.744825e-02;5.105944e-02;6.817608e-02;3.295711e-02;3.472926e-02
1.756691e-02;5.841222e-02;3.686269e-01;4.743294e-02;8.912999e-02;9.492904e-02;1.402675e-01;2.166358e-02;4.873975e-02;7.706136e-02;2.092552e-02;1.524429e-02
3.266840e-02;4.888673e-02;3.705089e-01;5.223848e-02;7.393880e-02;1.061634e-01;1.320356e-01;2.479042e-02;5.537598e-02;6.598203e-02;2.295510e-02;1.445619e-02
3.847185e-02;3.087711e-02;3.740850e-01;6.793611e-02;7.211552e-02;8.320101e-02;9.236412e-02;3.803242e-02;7.128344e-02;4.937705e-02;5.348360e-02;2.877278e-02
2.780165e-02;4.118135e-02;2.916432e-01;1.173583e-01;1.065300e-01;9.866984e-02;7.223412e-02;4.834038e-02;3.880253e-02;3.275141e-02;9.578546e-02;2.890182e-02
4.730766e-02;5.852657e-02;2.041620e-01;1.416938e-01;1.292000e-01;1.255183e-01;5.626106e-02;5.474670e-02;2.452707e-02;3.077392e-02;9.499174e-02;3.229128e-02
7.898543e-02;5.229625e-02;1.261600e-01;1.483046e-01;1.341161e-01;1.572620e-01;5.209349e-02;5.500894e-02;4.579034e-02;3.931559e-02;5.987519e-02;5.079210e-02
6.917511e-02;6.291302e-02;1.077982e-01;1.224305e-01;1.601121e-01;2.167437e-01;6.211758e-02;3.952083e-02;4.575740e-02;2.619048e-02;2.643468e-02;6.080633e-02
7.536478e-02;1.291617e-01;1.157378e-01;9.067220e-02;1.316392e-01;1.580281e-01;1.244777e-01;2.902169e-02;4.732623e-02;2.004171e-02;2.827504e-02;5.025393e-02
8.769667e-02;1.573740e-01;6.220717e-02;4.438761e-02;8.615528e-02;1.145937e-01;2.767483e-01;6.046290e-02;3.862061e-02;1.468916e-02;2.518205e-02;3.188260e-02
8.247624e-02;8.096291e-02;2.952918e-02;4.952268e-02;9.442353e-02;1.315155e-01;3.271511e-01;1.016322e-01;4.938208e-02;2.112298e-02;1.228260e-02;1.999908e-02
7.003710e-02;3.797724e-02;3.675464e-02;8.938833e-02;1.147651e-01;1.317400e-01;3.020600e-01;9.491708e-02;5.884723e-02;3.842678e-02;5.665653e-03;1.942078e-02
5.724390e-02;3.795945e-02;6.698038e-02;1.252896e-01;1.085449e-01;1.250193e-01;2.778551e-01;6.373264e-02;5.643667e-02;5.034177e-02;8.162358e-03;2.243383e-02
3.262303e-02;6.195174e-02;1.042558e-01;1.373934e-01;9.413769e-02;9.507620e-02;2.662663e-01;4.731375e-02;6.339223e-02;6.236553e-02;1.023764e-02;2.498676e-02
6.358087e-02;6.814227e-02;1.239725e-01;1.135693e-01;1.337316e-01;7.606585e-02;1.871206e-01;3.926995e-02;8.084860e-02;6.821740e-02;1.551947e-02;2.996149e-02
1.083391e-01;5.938674e-02;1.019163e-01;8.842720e-02;1.946796e-01;6.921887e-02;6.857985e-02;7.868680e-02;7.370951e-02;6.346274e-02;3.122454e-02;6.236880e-02
7.325307e-02;6.176386e-02;8.392007e-02;8.786003e-02;1.492211e-01;7.434448e-02;1.971728e-01;9.369494e-02;5.613860e-02;4.966623e-02;2.909600e-02;4.386891e-02
5.524175e-02;4.079244e-02;7.516623e-02;1.104267e-01;1.286621e-01;7.864631e-02;2.526402e-01;9.245176e-02;4.193246e-02;6.483041e-02;3.329329e-02;2.591634e-02
4.487638e-02;5.447542e-02;8.044038e-02;1.057528e-01;1.205043e-01;7.919367e-02;1.944748e-01;9.658140e-02;6.745180e-02;8.243328e-02;3.551585e-02;3.829994e-02
2.126150e-02;6.121647e-02;5.795358e-02;7.490529e-02;1.016985e-01;1.096639e-01;1.198833e-01;1.628960e-01;1.352707e-01;1.011589e-01;2.688877e-02;2.720319e-02
2.056218e-02;3.230723e-02;8.690080e-02;3.845071e-02;3.690054e-02;7.516196e-02;1.300774e-01;2.235179e-01;2.013515e-01;1.107867e-01;2.726402e-02;1.671903e-02
1.381228e-02;3.583494e-02;8.395642e-02;2.610279e-02;2.941373e-02;4.233769e-02;1.074673e-01;2.996831e-01;2.013959e-01;1.262938e-01;2.460365e-02;9.098482e-03
1.598517e-02;4.880878e-02;6.869122e-02;3.452609e-02;4.123255e-02;5.467545e-02;1.053669e-01;2.699065e-01;2.205466e-01;9.835716e-02;2.167714e-02;2.022641e-02
2.490703e-02;4.892290e-02;8.107051e-02;4.828554e-02;4.535666e-02;1.291262e-01;1.160841e-01;1.532596e-01;2.543190e-01;5.805734e-02;1.367969e-02;2.693153e-02
2.263173e-02;2.566425e-02;8.131649e-02;2.452002e-02;4.580753e-02;1.941286e-01;1.438840e-01;1.342167e-01;2.505618e-01;4.390706e-02;1.666497e-02;1.669671e-02
1.285176e-02;2.181060e-02;1.084580e-01;2.012791e-02;3.025515e-02;1.575993e-01;2.389556e-01;1.026448e-01;2.437570e-01;3.244241e-02;1.844606e-02;1.265133e-02
1.477634e-02;2.586149e-02;1.210843e-01;2.398849e-02;3.322710e-02;9.852765e-02;1.874975e-01;2.256512e-01;2.153341e-01;2.801369e-02;1.081148e-02;1.522650e-02
1.690889e-02;1.772126e-02;9.245051e-02;2.741059e-02;3.309415e-02;9.618719e-02;1.165077e-01;3.498395e-01;1.933434e-01;2.979676e-02;1.119063e-02;1.554941e-02
2.413805e-02;2.521146e-02;7.289915e-02;3.170167e-02;4.053038e-02;1.197667e-01;1.668247e-01;2.627501e-01;1.920108e-01;3.861772e-02;1.074462e-02;1.480464e-02
3.797698e-02;4.390834e-02;1.130228e-01;3.464970e-02;5.548678e-02;1.242459e-01;1.416834e-01;2.402426e-01;1.403466e-01;3.556988e-02;1.387803e-02;1.898898e-02
4.415525e-02;6.284492e-02;1.208907e-01;4.374131e-02;6.347752e-02;9.971668e-02;1.920779e-01;1.806213e-01;1.074929e-01;3.268870e-02;2.833558e-02;2.395725e-02
3.965831e-02;9.063941e-02;1.952770e-01;7.455567e-02;5.763293e-02;9.661327e-02;2.453149e-01;6.615862e-02;5.520449e-02;3.549027e-02;2.524857e-02;1.820653e-02
3.896695e-02;9.770931e-02;1.784624e-01;9.535825e-02;7.790355e-02;7.362342e-02;2.235418e-01;8.009823e-02;5.565559e-02;4.070260e-02;1.755983e-02;2.041808e-02
6.386416e-02;7.835036e-02;1.507000e-01;1.002753e-01;1.151164e-01;5.850312e-02;1.387209e-01;8.560970e-02;8.792510e-02;5.975021e-02;3.134070e-02;2.984405e-02
4.972289e-02;6.787758e-02;1.175040e-01;8.330478e-02;1.368386e-01;6.518020e-02;9.864932e-02;1.281381e-01;1.067503e-01;7.991052e-02;3.501897e-02;3.110483e-02
4.407900e-02;6.746145e-02;1.512894e-01;5.764527e-02;1.162770e-01;5.295639e-02;1.739037e-01;1.110559e-01;9.056090e-02;6.790125e-02;3.617419e-02;3.069557e-02
5.860922e-02;5.796584e-02;1.458191e-01;6.748348e-02;9.024861e-02;6.555350e-02;1.533347e-01;9.137779e-02;1.085298e-01;6.572342e-02;3.994046e-02;5.541409e-02
6.496906e-02;5.598247e-02;1.310295e-01;6.030806e-02;9.509163e-02;1.058093e-01;1.308385e-01;9.343080e-02;8.924937e-02;4.159582e-02;6.245998e-02;6.923557e-02
5.229225e-02;6.568667e-02;1.103029e-01;4.782669e-02;1.122937e-01;1.183274e-01;1.148646e-01;6.653295e-02;7.791394e-02;8.291858e-02;8.207402e-02;6.896626e-02
4.165794e-02;7.012115e-02;7.158255e-02;3.885113e-02;1.275026e-01;1.164016e-01;1.111466e-01;8.576920e-02;6.693787e-02;9.746736e-02;1.152068e-01;5.735514e-02
4.628991e-02;5.925420e-02;6.944567e-02;3.805557e-02;1.339552e-01;9.626724e-02;8.728634e-02;1.358383e-01;9.174525e-02;9.095602e-02;9.450962e-02;5.639675e-02
6.099644e-02;3.679910e-02;1.013990e-01;4.708065e-02;1.174047e-01;7.458441e-02;9.174593e-02;1.400951e-01;1.361015e-01;7.693114e-02;6.713504e-02;4.972701e-02
5.380321e-02;4.710007e-02;1.353492e-01;5.105153e-02;1.290720e-01;6.323732e-02;8.419814e-02;1.187080e-01;1.084117e-01;8.449891e-02;7.320053e-02;5.136937e-02
5.501973e-02;6.590664e-02;1.552230e-01;8.581445e-02;1.053736e-01;8.195988e-02;8.076017e-02;7.199935e-02;7.260814e-02;8.758230e-02;6.542263e-02;7.233008e-02
6.143414e-02;6.862219e-02;1.361717e-01;9.129792e-02;1.116377e-01;5.819468e-02;1.100715e-01;5.419994e-02;7.568897e-02;7.550108e-02;7.109033e-02;8.608986e-02
1.125983e-01;5.607087e-02;1.072417e-01;1.052374e-01;1.295155e-01;6.993037e-02;9.594125e-02;8.614118e-02;6.128426e-02;4.097300e-02;6.820133e-02;6.686487e-02
1.496337e-01;5.784348e-02;9.628979e-02;9.328804e-02;1.169923e-01;1.076568e-01;4.747613e-02;7.352809e-02;8.390041e-02;4.385027e-02;6.322801e-02;6.631304e-02
1.373713e-01;5.816886e-02;1.156403e-01;4.463675e-02;8.659918e-02;1.077852e-01;7.440527e-02;6.317723e-02;1.032380e-01;6.001005e-02;7.950240e-02;6.946562e-02
7.985874e-02;5.482808e-02;1.329924e-01;5.987054e-02;7.575324e-02;8.299482e-02;1.116511e-01;1.053955e-01;9.055170e-02;7.896088e-02;7.827538e-02;4.886764e-02
4.355126e-02;5.689223e-02;1.408724e-01;8.407748e-02;6.783390e-02;8.203635e-02;8.759955e-02;1.189214e-01;1.155986e-01;8.625209e-02;5.687115e-02;5.949361e-02
4.607780e-02;7.513253e-02;1.170147e-01;9.163278e-02;9.580746e-02;7.820418e-02;8.899357e-02;9.360187e-02;1.193601e-01;7.944500e-02;7.020650e-02;4.452361e-02
7.349015e-02;1.096069e-01;8.092161e-02;9.865028e-02;1.080438e-01;8.993710e-02;1.004770e-01;5.595782e-02;7.872264e-02;6.927712e-02;7.953715e-02;5.537844e-02
1.027534e-01;9.772456e-02;1.107616e-01;1.007931e-01;9.437451e-02;6.505473e-02;1.527890e-01;6.289440e-02;4.724593e-02;6.807021e-02;4.673408e-02;5.080447e-02
1.104852e-01;6.600893e-02;1.597461e-01;6.702313e-02;9.629221e-02;9.106047e-02;1.146662e-01;7.572347e-02;5.768935e-02;6.617586e-02;6.393711e-02;3.119196e-02
7.634018e-02;5.071021e-02;2.395023e-01;3.863782e-02;1.152741e-01;8.967565e-02;1.117356e-01;4.614503e-02;6.502766e-02;5.359200e-02;6.113318e-02;5.222637e-02
7.147922e-02;4.403035e-02;2.188698e-01;4.077783e-02;1.060025e-01;5.021457e-02;1.327046e-01;3.840470e-02;5.991114e-02;5.545949e-02;1.026280e-01;7.951786e-02
7.510690e-02;3.719626e-02;1.304766e-01;3.384088e-02;1.075569e-01;5.612142e-02;8.397778e-02;3.469996e-02;5.785101e-02;1.283527e-01;1.559595e-01;9.886024e-02
5.252147e-02;5.821053e-02;7.998443e-02;4.309013e-02;1.143755e-01;5.862123e-02;8.417866e-02;2.576800e-02;5.192418e-02;1.990776e-01;1.408520e-01;9.139628e-02
4.907748e-02;6.140998e-02;9.199365e-02;3.892243e-02;1.108973e-01;7.714848e-02;7.887679e-02;2.125314e-02;4.500231e-02;2.021030e-01;1.389529e-01;8.436272e-02
7.381282e-02;5.231798e-02;1.366118e-01;6.070656e-02;1.024427e-01;7.543869e-02;1.126611e-01;2.172247e-02;5.808844e-02;1.548488e-01;9.099901e-02;6.034970e-02
7.639600e-02;4.809666e-02;1.694086e-01;8.640731e-02;8.436386e-02;5.501688e-02;1.421612e-01;3.010449e-02;7.866778e-02;1.144741e-01;6.815434e-02;4.674872e-02
4.847967e-02;6.596093e-02;1.452091e-01;8.322076e-02;8.933374e-02;4.573049e-02;1.283473e-01;3.753576e-02;7.279535e-02;1.033169e-01;8.511237e-02;9.495751e-02
5.346783e-02;1.166316e-01;1.215486e-01;5.355130e-02;9.701867e-02;9.058867e-02;9.829238e-02;6.164182e-02;6.147913e-02;9.402438e-02;7.137885e-02;8.037677e-02
3.886332e-02;6.608208e-02;1.005760e-01;8.723763e-02;9.906328e-02;1.318222e-01;1.500517e-01;6.183917e-02;1.044660e-01;6.931995e-02;5.140725e-02;3.927153e-02
3.289765e-02;2.779431e-02;9.698674e-02;9.879529e-02;6.417672e-02;1.149433e-01;1.350976e-01;9.392379e-02;1.673722e-01;7.528946e-02;6.377140e-02;2.895168e-02
2.961590e-02;3.708553e-02;9.546866e-02;8.389277e-02;7.024486e-02;6.303015e-02;9.506824e-02;1.409789e-01;1.987949e-01;9.495082e-02;6.414371e-02;2.672559e-02
2.980460e-02;4.630222e-02;1.025532e-01;6.539735e-02;8.473594e-02;3.521715e-02;9.121922e-02;1.343236e-01;2.246363e-01;1.070901e-01;5.912276e-02;1.959763e-02
2.629285e-02;5.064221e-02;1.017036e-01;5.920896e-02;7.579780e-02;3.538773e-02;1.290539e-01;1.001113e-01;2.543840e-01;1.029768e-01;4.764466e-02;1.679618e-02
1.932736e-02;5.807045e-02;8.527625e-02;8.154524e-02;5.478848e-02;5.502216e-02;1.221805e-01;1.993193e-01;1.501949e-01;1.151012e-01;3.898425e-02;2.018991e-02
7.718490e-02;5.885709e-02;1.108982e-01;8.027630e-02;8.155742e-02;6.663226e-02;1.322363e-01;1.610252e-01;8.431632e-02;8.328648e-02;2.733915e-02;3.639043e-02
1.137222e-01;6.299836e-02;1.537301e-01;9.705830e-02;1.307450e-01;6.484018e-02;1.160767e-01;4.971821e-02;3.123044e-02;4.860913e-02;7.157711e-02;5.969421e-02
1.039144e-01;6.375905e-02;1.405169e-01;9.361365e-02;1.434104e-01;8.095570e-02;9.855930e-02;2.353317e-02;3.196111e-02;4.596780e-02;1.121420e-01;6.166648e-02
7.938833e-02;5.797242e-02;1.099539e-01;8.355597e-02;1.359045e-01;1.094148e-01;7.729409e-02;2.220429e-02;3.308296e-02;7.846832e-02;1.607658e-01;5.199465e-02
4.062518e-02;7.239254e-02;6.930508e-02;6.948883e-02;1.598406e-01;1.094862e-01;4.781975e-02;4.446980e-02;3.304750e-02;1.701296e-01;1.466451e-01;3.674985e-02
3.529599e-02;6.559470e-02;5.087119e-02;6.597090e-02;2.580477e-01;7.115863e-02;3.750451e-02;3.672756e-02;5.524463e-02;2.033965e-01;6.993552e-02;5.025215e-02
4.518156e-02;4.191084e-02;6.467521e-02;7.142169e-02;2.611162e-01;7.245097e-02;8.418117e-02;1.879306e-02;7.512313e-02;1.557136e-01;6.163317e-02;4.779945e-02
5.650330e-02;3.616145e-02;4.655681e-02;1.067448e-01;2.414721e-01;9.161355e-02;8.810765e-02;1.641717e-02;9.724455e-02;1.155668e-01;6.734539e-02;3.626637e-02
5.295754e-02;3.987391e-02;5.988028e-02;1.124184e-01;2.659548e-01;1.103119e-01;7.672424e-02;1.707745e-02;7.658435e-02;9.949981e-02;6.235829e-02;2.635894e-02
3.170295e-02;2.593986e-02;4.291589e-02;8.165722e-02;3.259378e-01;1.383046e-01;6.202782e-02;1.657102e-02;7.753658e-02;1.230425e-01;5.852748e-02;1.583633e-02
1.377995e-02;2.847587e-02;3.886096e-02;9.844813e-02;3.337650e-01;1.484514e-01;7.977114e-02;3.177663e-02;9.958080e-02;7.906536e-02;3.758261e-02;1.044212e-02
2.964792e-02;2.580597e-02;4.877225e-02;1.397884e-01;2.507100e-01;1.216543e-01;9.868786e-02;3.368394e-02;1.472237e-01;6.284333e-02;2.746840e-02;1.371402e-02
3.008785e-02;2.072907e-02;8.514503e-02;1.706083e-01;1.682639e-01;7.190462e-02;8.466651e-02;5.918124e-02;1.988949e-01;7.028574e-02;2.852903e-02;1.170378e-02
1.868968e-02;3.017306e-02;1.550988e-01;1.372554e-01;9.745266e-02;8.648190e-02;7.629935e-02;1.118557e-01;1.845656e-01;5.777709e-02;2.242848e-02;2.192221e-02
1.630912e-02;3.877566e-02;1.874968e-01;7.749050e-02;4.077132e-02;8.221119e-02;1.365516e-01;1.615388e-01;1.295731e-01;6.969281e-02;2.422899e-02;3.536021e-02
3.418365e-02;6.453836e-02;1.370855e-01;5.013345e-02;6.797931e-02;5.952878e-02;2.098723e-01;1.346716e-01;7.887650e-02;5.835495e-02;7.096829e-02;3.380734e-02
5.334502e-02;9.738766e-02;7.778498e-02;3.604457e-02;9.781499e-02;9.236451e-02;2.501556e-01;6.861756e-02;4.300287e-02;3.292841e-02;1.265132e-01;2.404055e-02
7.733411e-02;9.501772e-02;5.359927e-02;2.605388e-02;9.715931e-02;1.095406e-01;2.521629e-01;4.684165e-02;3.565372e-02;3.907415e-02;1.465081e-01;2.105457e-02
9.737878e-02;7.253481e-02;4.140890e-02;2.726823e-02;1.016059e-01;1.149828e-01;2.205839e-01;5.874314e-02;6.380194e-02;4.845085e-02;1.268755e-01;2.636525e-02
7.132398e-02;4.631168e-02;9.537484e-02;6.062012e-02;1.282046e-01;9.283154e-02;1.641203e-01;5.714415e-02;1.019351e-01;5.316997e-02;8.561675e-02;4.334696e-02
3.634366e-02;5.805748e-02;1.292529e-01;1.222679e-01;1.582430e-01;5.110739e-02;9.980763e-02;7.527059e-02;9.477974e-02;6.416965e-02;6.964411e-02;4.105590e-02
5.005339e-02;6.952138e-02;1.250377e-01;1.263517e-01;1.162113e-01;5.017635e-02;1.071457e-01;7.411244e-02;1.130059e-01;7.560944e-02;5.920035e-02;3.357435e-02
6.335643e-02;7.345337e-02;1.203332e-01;9.932153e-02;9.754585e-02;7.472254e-02;9.263142e-02;9.565718e-02;1.169280e-01;8.149056e-02;6.179266e-02;2.276723e-02
8.660462e-02;5.950414e-02;1.189768e-01;6.945329e-02;1.119578e-01;8.912666e-02;7.362266e-02;9.221776e-02;1.238909e-01;7.007237e-02;8.292743e-02;2.164561e-02
8.213076e-02;4.249722e-02;9.228013e-02;6.833923e-02;1.096789e-01;6.398099e-02;7.701911e-02;6.910419e-02;1.548200e-01;6.944397e-02;1.236020e-01;4.710353e-02
8.193732e-02;7.016823e-02;9.829272e-02;6.079084e-02;5.142843e-02;4.568278e-02;1.000234e-01;6.822211e-02;1.768309e-01;7.881420e-02;1.211650e-01;4.664405e-02
8.480869e-02;6.868671e-02;1.407312e-01;4.484816e-02;8.237348e-02;6.344445e-02;1.139480e-01;7.130092e-02;1.360299e-01;6.146430e-02;7.944515e-02;5.291902e-02
7.189547e-02;4.364971e-02;1.174200e-01;7.935020e-02;1.393956e-01;1.079657e-01;1.275706e-01;6.062030e-02;8.379619e-02;5.294254e-02;4.715728e-02;6.823643e-02
7.438978e-02;4.128445e-02;9.638426e-02;9.045095e-02;1.737940e-01;1.184241e-01;1.342352e-01;5.193434e-02;7.256985e-02;4.491455e-02;2.728583e-02;7.433276e-02
5.228520e-02;3.875254e-02;9.346911e-02;1.260702e-01;1.876558e-01;9.946073e-02;1.212285e-01;7.690361e-02;5.399849e-02;3.866459e-02;4.500426e-02;6.650700e-02
1.875354e-02;2.494119e-02;1.505943e-01;1.689347e-01;1.450789e-01;6.983656e-02;1.037892e-01;1.171801e-01;3.924528e-02;3.816143e-02;8.606574e-02;3.741892e-02
1.142111e-02;2.121595e-02;2.526433e-01;1.639938e-01;8.665434e-02;6.345763e-02;9.405691e-02;1.051855e-01;3.398532e-02;4.745715e-02;1.012561e-01;1.867285e-02
2.795236e-02;3.273986e-02;3.137622e-01;1.037259e-01;3.353009e-02;5.479418e-02;8.920337e-02;1.204807e-01;5.307985e-02;7.292467e-02;7.474378e-02;2.306306e-02
3.624111e-02;4.424807e-02;2.865143e-01;4.667374e-02;5.242197e-02;4.721430e-02;1.064649e-01;1.531061e-01;5.938566e-02;1.024733e-01;4.696200e-02;1.829453e-02
1.947568e-02;6.392223e-02;2.402649e-01;6.674477e-02;7.111769e-02;5.737252e-02;1.122847e-01;1.425134e-01;5.276343e-02;1.057503e-01;4.267894e-02;2.511146e-02
5.503872e-02;8.335106e-02;1.642905e-01;7.061358e-02;7.671219e-02;7.999945e-02;1.070023e-01;1.291257e-01;7.100219e-02;7.303255e-02;5.349651e-02;3.633526e-02
6.496825e-02;8.654967e-02;1.916683e-01;5.828547e-02;6.398461e-02;6.635062e-02;9.430610e-02;1.595100e-01;8.438050e-02;4.605547e-02;5.068338e-02;3.325761e-02
7.684619e-02;8.174215e-02;1.866457e-01;7.100787e-02;6.898707e-02;5.304288e-02;9.439947e-02;1.547271e-01;7.049432e-02;5.519269e-02;5.691124e-02;3.000338e-02
8.897068e-02;9.037056e-02;1.043231e-01;9.457697e-02;9.160866e-02;6.393505e-02;1.270209e-01;1.104013e-01;8.437382e-02;8.309580e-02;4.531907e-02;1.600420e-02
7.877320e-02;1.108612e-01;1.358267e-01;1.051784e-01;7.463543e-02;5.422894e-02;7.531229e-02;1.241507e-01;1.087478e-01;6.741581e-02;4.778692e-02;1.708262e-02
5.278014e-02;1.220981e-01;1.553689e-01;8.973309e-02;8.190326e-02;7.255075e-02;4.933607e-02;1.200013e-01;1.162150e-01;5.702307e-02;5.742445e-02;2.556577e-02
5.807863e-02;1.198996e-01;1.893039e-01;5.799223e-02;8.004194e-02;6.769012e-02;4.934968e-02;9.429218e-02;1.026644e-01;8.259510e-02;6.438985e-02;3.370243e-02
6.487713e-02;1.232232e-01;2.000816e-01;7.407624e-02;5.951019e-02;6.412186e-02;5.489601e-02;7.891861e-02;1.037022e-01;9.255093e-02;3.606895e-02;4.797304e-02
1.007350e-01;1.153663e-01;1.369107e-01;6.165797e-02;3.851435e-02;8.601865e-02;1.527023e-01;5.513813e-02;6.274157e-02;7.997014e-02;4.950778e-02;6.073715e-02
1.425467e-01;1.025331e-01;7.945122e-02;4.003550e-02;4.655839e-02;7.934380e-02;2.112964e-01;7.285585e-02;3.564959e-02;5.585931e-02;8.117452e-02;5.269560e-02
1.823471e-01;9.683782e-02;5.264973e-02;4.910252e-02;5.777911e-02;6.184850e-02;2.086080e-01;8.154651e-02;2.528558e-02;4.704417e-02;7.497258e-02;6.197840e-02
2.105244e-01;6.526254e-02;4.340363e-02;5.822138e-02;5.103064e-02;9.448583e-02;2.145385e-01;6.258110e-02;3.020217e-02;4.458510e-02;6.476288e-02;6.040187e-02
2.170642e-01;5.964693e-02;5.454140e-02;5.557041e-02;3.600613e-02;1.039392e-01;2.249583e-01;4.405652e-02;3.737591e-02;3.118079e-02;5.067084e-02;8.498935e-02
1.981664e-01;4.474648e-02;9.445779e-02;3.889956e-02;4.506608e-02;1.439728e-01;1.810505e-01;5.087559e-02;4.070374e-02;3.505535e-02;3.936546e-02;8.764035e-02
1.482986e-01;7.912329e-02;1.366918e-01;3.739622e-02;4.812477e-02;1.764665e-01;1.160285e-01;2.898503e-02;4.010515e-02;4.082657e-02;6.181733e-02;8.613626e-02
1.183914e-01;1.012632e-01;1.443605e-01;2.927223e-02;6.057580e-02;1.948203e-01;8.891085e-02;3.845347e-02;3.780909e-02;3.616848e-02;7.033394e-02;7.964068e-02
9.758399e-02;1.122016e-01;1.453176e-01;5.393054e-02;6.846062e-02;1.935081e-01;9.926896e-02;4.680151e-02;3.327282e-02;4.762352e-02;5.585292e-02;4.617792e-02
8.947495e-02;1.172581e-01;1.502460e-01;6.051855e-02;5.523395e-02;2.029118e-01;8.370487e-02;4.755804e-02;2.106636e-02;5.307345e-02;6.187914e-02;5.707481e-02
7.580297e-02;1.008734e-01;1.853025e-01;4.841417e-02;6.521732e-02;1.747979e-01;7.019570e-02;3.713303e-02;2.831674e-02;3.457432e-02;9.577401e-02;8.359796e-02
6.336417e-02;8.732643e-02;2.260866e-01;3.946757e-02;6.012581e-02;1.205708e-01;1.114239e-01;3.108289e-02;3.936832e-02;2.860514e-02;9.382538e-02;9.875299e-02
5.248267e-02;8.245332e-02;1.939135e-01;6.949111e-02;6.945005e-02;1.470181e-01;1.501112e-01;2.536763e-02;3.993399e-02;3.900820e-02;7.486387e-02;5.590641e-02
7.826318e-02;8.579955e-02;1.197705e-01;6.624066e-02;8.831299e-02;1.438543e-01;1.594368e-01;3.508319e-02;3.029923e-02;5.160297e-02;8.271838e-02;5.861820e-02
1.089622e-01;8.495893e-02;1.057393e-01;3.899296e-02;8.884277e-02;1.153692e-01;1.422192e-01;3.723058e-02;4.469740e-02;5.343260e-02;1.039883e-01;7.556636e-02
8.402506e-02;7.974550e-02;1.386212e-01;3.573269e-02;7.940249e-02;1.162614e-01;8.791342e-02;3.542162e-02;6.406697e-02;4.926500e-02;1.189037e-01;1.106410e-01
6.458147e-02;5.429495e-02;1.951913e-01;2.691064e-02;8.047078e-02;1.275606e-01;8.280016e-02;4.374844e-02;7.648758e-02;6.155715e-02;8.910587e-02;9.729107e-02
4.543950e-02;6.564841e-02;1.812383e-01;4.514962e-02;9.207930e-02;1.392000e-01;9.372512e-02;3.976200e-02;7.094981e-02;8.894849e-02;6.137346e-02;7.648604e-02
5.301230e-02;8.355398e-02;1.280448e-01;7.247178e-02;9.408124e-02;1.290873e-01;7.904328e-02;2.858222e-02;5.655096e-02;8.426005e-02;7.674665e-02;1.145655e-01
6.589372e-02;1.082596e-01;1.064821e-01;9.613715e-02;9.883150e-02;1.020876e-01;9.921677e-02;2.391528e-02;2.917089e-02;7.002389e-02;8.507755e-02;1.149040e-01
1.061642e-01;9.956687e-02;9.214860e-02;6.263541e-02;9.205030e-02;1.148124e-01;9.982865e-02;3.090416e-02;3.773001e-02;9.852868e-02;6.591137e-02;9.971930e-02
