3.878449e-02;7.497525e-02;7.512891e-02;1.099061e-01;1.091440e-01;1.645939e-01;2.290305e-02;7.076591e-02;1.708040e-01;4.589481e-02;7.792647e-02;3.917310e-02
4.245168e-02;8.597205e-02;1.382109e-01;1.122090e-01;1.144322e-01;8.713154e-02;1.576226e-02;1.228688e-01;1.609540e-01;4.128523e-02;4.636916e-02;3.235321e-02
3.209096e-02;1.581631e-01;1.831060e-01;7.571904e-02;4.010779e-02;1.289879e-01;2.473767e-02;1.208417e-01;9.591240e-02;6.171491e-02;5.179843e-02;2.682001e-02
5.083443e-02;1.917760e-01;1.945274e-01;4.290132e-02;2.665087e-02;1.302160e-01;2.080745e-02;1.132864e-01;6.696288e-02;6.135785e-02;5.925979e-02;4.141955e-02
9.313995e-02;2.280120e-01;1.654379e-01;3.133368e-02;2.325557e-02;8.737770e-02;3.483994e-02;1.204787e-01;6.286007e-02;5.322996e-02;5.462032e-02;4.541429e-02
1.770440e-01;2.496156e-01;1.224774e-01;2.818090e-02;1.946104e-02;4.236342e-02;5.989813e-02;1.116500e-01;4.722488e-02;4.211443e-02;2.779109e-02;7.217909e-02
2.099364e-01;1.976983e-01;1.023088e-01;3.108886e-02;2.632532e-02;4.633186e-02;8.586612e-02;6.578568e-02;4.194827e-02;3.994273e-02;2.556795e-02;1.271997e-01
1.103263e-01;1.647668e-01;1.192004e-01;9.382495e-02;6.882875e-02;7.464407e-02;8.890413e-02;4.528231e-02;6.281070e-02;3.930984e-02;3.016192e-02;1.019398e-01
5.570034e-02;1.061862e-01;1.140028e-01;9.798046e-02;8.242694e-02;1.198150e-01;1.305317e-01;5.016524e-02;8.069620e-02;4.573553e-02;3.039393e-02;8.636573e-02
8.332808e-02;1.301341e-01;1.149186e-01;5.445718e-02;3.766048e-02;6.820734e-02;1.594900e-01;1.009164e-01;9.453765e-02;6.126495e-02;3.549435e-02;5.959094e-02
1.185746e-01;2.097587e-01;1.094558e-01;3.963506e-02;2.472035e-02;3.021363e-02;7.947680e-02;1.791803e-01;9.151063e-02;4.264068e-02;3.522842e-02;3.960509e-02
1.350398e-01;1.854108e-01;9.173817e-02;2.287186e-02;4.570422e-02;2.034066e-02;3.577002e-02;2.484692e-01;8.280927e-02;3.517505e-02;7.566482e-02;2.100624e-02
1.443542e-01;1.347886e-01;6.037675e-02;1.292634e-02;6.918816e-02;1.544066e-02;1.939015e-02;2.924767e-01;8.464521e-02;2.655002e-02;1.221414e-01;1.772169e-02
1.557643e-01;9.482002e-02;6.039422e-02;1.097917e-02;8.441359e-02;1.464196e-02;9.948395e-03;3.008908e-01;9.718250e-02;2.561354e-02;1.261892e-01;1.916222e-02
2.086781e-01;6.785569e-02;6.074891e-02;1.435214e-02;8.352779e-02;1.144112e-02;1.778066e-02;3.292429e-01;8.447791e-02;1.909605e-02;8.592170e-02;1.687697e-02
2.845589e-01;4.987448e-02;6.805093e-02;1.164180e-02;5.886298e-02;8.239670e-03;3.505035e-02;3.450577e-01;4.476049e-02;1.218417e-02;5.827353e-02;2.344492e-02
3.181189e-01;3.902541e-02;7.787935e-02;1.078180e-02;4.047115e-02;1.614372e-02;2.284501e-02;3.216872e-01;2.364638e-02;9.021892e-03;8.858016e-02;3.179907e-02
3.170066e-01;4.394308e-02;7.274866e-02;1.576725e-02;5.081287e-02;1.921891e-02;1.721030e-02;2.876959e-01;2.763811e-02;1.553556e-02;1.115615e-01;2.086120e-02
3.228007e-01;5.526918e-02;6.531306e-02;1.801030e-02;5.686647e-02;1.729410e-02;1.141328e-02;2.659068e-01;2.159321e-02;1.304456e-02;1.343417e-01;1.814665e-02
3.321596e-01;5.506243e-02;6.665035e-02;1.475276e-02;5.566450e-02;1.490972e-02;1.272585e-02;2.622330e-01;1.143256e-02;1.085757e-02;1.378826e-01;2.566902e-02
3.181942e-01;4.854827e-02;5.926950e-02;1.077167e-02;5.244308e-02;1.329075e-02;3.192651e-02;2.943109e-01;1.104337e-02;1.441271e-02;1.028618e-01;4.292721e-02
2.863670e-01;5.084600e-02;5.378054e-02;5.564571e-03;5.497975e-02;9.753772e-03;5.015215e-02;3.616060e-01;1.342117e-02;1.659359e-02;5.606065e-02;4.087481e-02
2.145538e-01;6.415366e-02;4.597922e-02;8.356176e-03;5.911834e-02;1.543510e-02;4.198063e-02;3.838523e-01;2.622923e-02;1.655119e-02;1.009112e-01;2.287913e-02
1.476202e-01;8.549424e-02;4.319000e-02;9.284348e-03;5.605874e-02;1.814297e-02;6.018090e-02;3.874148e-01;3.730949e-02;1.784434e-02;1.262971e-01;1.116291e-02
1.130558e-01;1.069104e-01;5.546527e-02;1.444838e-02;5.517407e-02;2.764176e-02;8.580738e-02;3.429091e-01;5.509847e-02;2.723444e-02;9.586982e-02;2.038510e-02
1.311437e-01;1.135961e-01;7.238546e-02;2.564856e-02;7.195886e-02;4.310780e-02;7.770253e-02;2.790177e-01;5.589219e-02;3.851413e-02;6.719577e-02;2.383721e-02
2.119202e-01;1.249782e-01;9.824780e-02;3.415631e-02;7.581769e-02;3.032162e-02;3.372625e-02;1.879812e-01;3.930934e-02;3.652444e-02;9.594768e-02;3.106926e-02
2.885931e-01;8.682734e-02;6.987478e-02;2.310899e-02;3.973505e-02;2.252902e-02;3.905894e-02;1.991253e-01;3.690127e-02;2.459631e-02;1.326357e-01;3.701410e-02
3.419845e-01;5.685416e-02;3.927858e-02;1.354126e-02;2.155443e-02;3.002400e-02;2.405863e-02;2.548154e-01;5.107078e-02;1.774238e-02;1.078815e-01;4.119438e-02
2.460716e-01;5.696044e-02;8.187080e-02;1.535723e-02;2.782409e-02;5.680452e-02;3.235909e-02;2.704145e-01;4.741948e-02;1.424842e-02;1.169185e-01;3.375128e-02
1.235425e-01;1.282440e-01;1.619269e-01;2.720856e-02;2.839422e-02;1.040091e-01;3.264533e-02;2.196513e-01;4.304054e-02;1.497428e-02;1.020261e-01;1.433720e-02
1.214419e-01;1.463873e-01;1.747167e-01;3.624142e-02;3.729156e-02;1.222885e-01;1.157600e-02;1.893703e-01;5.275445e-02;1.235673e-02;6.844224e-02;2.713293e-02
1.825281e-01;1.125935e-01;9.309484e-02;4.277735e-02;4.714063e-02;1.105427e-01;4.381677e-02;2.037295e-01;5.729476e-02;1.868319e-02;5.724446e-02;3.055420e-02
1.970720e-01;9.318686e-02;8.987691e-02;4.006965e-02;6.154314e-02;9.015951e-02;3.139403e-02;2.183764e-01;7.461651e-02;2.032039e-02;5.817552e-02;2.520905e-02
1.999340e-01;9.529135e-02;1.072782e-01;2.752884e-02;5.694813e-02;8.124407e-02;2.083258e-02;2.177183e-01;6.726979e-02;2.101652e-02;7.434218e-02;3.059599e-02
2.447691e-01;7.269676e-02;6.487060e-02;2.041105e-02;5.901610e-02;5.889744e-02;1.350499e-02;2.634231e-01;7.756275e-02;2.472863e-02;8.195418e-02;1.816538e-02
2.241428e-01;7.763130e-02;6.527855e-02;2.083398e-02;6.610722e-02;6.453265e-02;3.869886e-02;2.827157e-01;6.325240e-02;2.965436e-02;5.411966e-02;1.303254e-02
1.825545e-01;8.586296e-02;5.054405e-02;2.972667e-02;6.994624e-02;4.179134e-02;3.252674e-02;2.899861e-01;6.791429e-02;3.305578e-02;1.013173e-01;1.477414e-02
1.087641e-01;8.946528e-02;7.110577e-02;3.600907e-02;7.539848e-02;3.547879e-02;4.647304e-02;2.924525e-01;7.881318e-02;2.841933e-02;1.124168e-01;2.520358e-02
6.591439e-02;9.747194e-02;7.810853e-02;2.476844e-02;8.550506e-02;6.321133e-02;7.100143e-02;2.271395e-01;8.422390e-02;5.229459e-02;1.062179e-01;4.414299e-02
9.306859e-02;8.706656e-02;9.966108e-02;3.262225e-02;7.507274e-02;9.628750e-02;9.215688e-02;1.500125e-01;5.204794e-02;7.005055e-02;1.090739e-01;4.287958e-02
4.245039e-02;9.891700e-02;1.248960e-01;3.120161e-02;4.614248e-02;1.334789e-01;8.196468e-02;1.386978e-01;1.095027e-01;7.418720e-02;7.375398e-02;4.480737e-02
3.465728e-02;1.368782e-01;1.155112e-01;2.640906e-02;2.790136e-02;1.253968e-01;6.829738e-02;1.275151e-01;1.754196e-01;6.791120e-02;5.386530e-02;4.023751e-02
6.549069e-02;1.810105e-01;9.683515e-02;1.872496e-02;3.428210e-02;8.952087e-02;4.335615e-02;9.310147e-02;2.354774e-01;5.903365e-02;5.428669e-02;2.888036e-02
1.012961e-01;1.622612e-01;7.159847e-02;1.264200e-02;5.768870e-02;3.980991e-02;2.933050e-02;1.957211e-01;1.766116e-01;4.380679e-02;8.699245e-02;2.224109e-02
1.549430e-01;1.124849e-01;6.510090e-02;7.780436e-03;7.454564e-02;2.224772e-02;3.402874e-02;3.282323e-01;7.895110e-02;2.664292e-02;7.926859e-02;1.577368e-02
2.022555e-01;7.339215e-02;4.908158e-02;1.191188e-02;8.525567e-02;1.664605e-02;4.635487e-02;3.984496e-01;3.145366e-02;2.549782e-02;4.199317e-02;1.770807e-02
2.002827e-01;9.491403e-02;5.600872e-02;1.664603e-02;1.100470e-01;2.144984e-02;3.339074e-02;3.554492e-01;3.388995e-02;2.344900e-02;3.266062e-02;2.181211e-02
1.977500e-01;1.258810e-01;8.276300e-02;1.416195e-02;1.326644e-01;2.439819e-02;3.047470e-02;2.840881e-01;2.760167e-02;2.758216e-02;3.661044e-02;1.602433e-02
2.140600e-01;1.520197e-01;1.064032e-01;1.129534e-02;1.368416e-01;1.589574e-02;2.635536e-02;2.370813e-01;3.818054e-02;2.201156e-02;3.289650e-02;6.959137e-03
2.459910e-01;1.593511e-01;8.871354e-02;9.692404e-03;1.334568e-01;2.592212e-02;2.374285e-02;2.320441e-01;2.402548e-02;1.606521e-02;3.144058e-02;9.554771e-03
2.582392e-01;1.743309e-01;8.251192e-02;6.988230e-03;1.158819e-01;2.699435e-02;2.298548e-02;2.095793e-01;4.481331e-02;1.700130e-02;3.142333e-02;9.250914e-03
2.307028e-01;2.507421e-01;9.642448e-02;1.219218e-02;8.140846e-02;1.871074e-02;2.259977e-02;1.671895e-01;7.082207e-02;1.690810e-02;1.818054e-02;1.411932e-02
1.739695e-01;3.378847e-01;1.238499e-01;1.122682e-02;4.882625e-02;1.914485e-02;3.022591e-02;1.061830e-01;1.047025e-01;1.128248e-02;1.271352e-02;1.999065e-02
1.034129e-01;4.271302e-01;1.414315e-01;1.104582e-02;2.609306e-02;1.722134e-02;2.286591e-02;4.801067e-02;1.529109e-01;1.341678e-02;1.996157e-02;1.649928e-02
5.606223e-02;4.316991e-01;1.723977e-01;1.248126e-02;9.816655e-03;3.551777e-02;1.101860e-02;4.649880e-02;1.737944e-01;1.776979e-02;2.140650e-02;1.153713e-02
3.579935e-02;3.906856e-01;2.108888e-01;1.469233e-02;8.511016e-03;4.661882e-02;1.033987e-02;4.467618e-02;1.651440e-01;4.531800e-02;1.979237e-02;7.533687e-03
2.817574e-02;3.649901e-01;2.087308e-01;1.394822e-02;1.542293e-02;5.614550e-02;1.719091e-02;3.809042e-02;1.678297e-01;5.776777e-02;1.975273e-02;1.195522e-02
3.458611e-02;3.490593e-01;1.761675e-01;1.642651e-02;2.069469e-02;5.579137e-02;2.439228e-02;4.831729e-02;1.549019e-01;8.491296e-02;1.818242e-02;1.656770e-02
3.723032e-02;3.615394e-01;1.732551e-01;2.691837e-02;1.662536e-02;6.661452e-02;2.776117e-02;5.057122e-02;1.288757e-01;8.071363e-02;1.795685e-02;1.193845e-02
4.538317e-02;4.160732e-01;1.619882e-01;3.026053e-02;1.297656e-02;8.160598e-02;2.955578e-02;4.620004e-02;1.098465e-01;3.898549e-02;1.570573e-02;1.141890e-02
4.227999e-02;4.309691e-01;2.647740e-01;2.172242e-02;1.077876e-02;6.985357e-02;1.890423e-02;4.216690e-02;6.826662e-02;1.216518e-02;8.688987e-03;9.430194e-03
3.555804e-02;4.702609e-01;2.936189e-01;1.283426e-02;1.848117e-02;4.872139e-02;1.321500e-02;3.244387e-02;4.128975e-02;1.592834e-02;8.892671e-03;8.755672e-03
3.496189e-02;4.981328e-01;2.845481e-01;1.335481e-02;1.899641e-02;5.360992e-02;1.141208e-02;2.425841e-02;3.702633e-02;1.122958e-02;4.039161e-03;8.430455e-03
3.582400e-02;4.910185e-01;2.743295e-01;1.535463e-02;1.584213e-02;7.246793e-02;7.583354e-03;2.768419e-02;3.739457e-02;7.446585e-03;7.017318e-03;8.037303e-03
3.382256e-02;4.744343e-01;2.598992e-01;1.247364e-02;1.796334e-02;8.633099e-02;1.411412e-02;3.657934e-02;2.309580e-02;1.993793e-02;9.539300e-03;1.180946e-02
2.710430e-02;4.201273e-01;2.603192e-01;2.797008e-02;2.727941e-02;8.155269e-02;2.395907e-02;3.997453e-02;3.920504e-02;3.171281e-02;6.488216e-03;1.430731e-02
4.661753e-02;3.182634e-01;2.315436e-01;4.002856e-02;4.622685e-02;7.265764e-02;3.849692e-02;8.700860e-02;4.941954e-02;3.814602e-02;1.565695e-02;1.593442e-02
9.014846e-02;2.464368e-01;1.461188e-01;3.359053e-02;5.125060e-02;3.890815e-02;3.932327e-02;2.155824e-01;5.729565e-02;3.584710e-02;2.672063e-02;1.877758e-02
1.191157e-01;1.385364e-01;6.930165e-02;2.654465e-02;3.669840e-02;2.666414e-02;9.251778e-02;3.602908e-01;5.229460e-02;2.447511e-02;3.167018e-02;2.189066e-02
9.743283e-02;9.627360e-02;7.146610e-02;1.846043e-02;1.968765e-02;3.371349e-02;1.681910e-01;3.162300e-01;5.448872e-02;6.119662e-02;1.487186e-02;4.798765e-02
5.645833e-02;1.384981e-01;7.936628e-02;2.755523e-02;1.164013e-02;3.028708e-02;2.909923e-01;1.472922e-01;3.241123e-02;8.019695e-02;1.230089e-02;9.300136e-02
3.249660e-02;1.039348e-01;7.171881e-02;3.415335e-02;1.391400e-02;3.367756e-02;3.763141e-01;1.025868e-01;2.403763e-02;5.975907e-02;2.610433e-02;1.213029e-01
3.261351e-02;1.115350e-01;7.870652e-02;3.101833e-02;1.567093e-02;7.348190e-02;3.437801e-01;9.033601e-02;3.868436e-02;3.100867e-02;4.122359e-02;1.119411e-01
4.208643e-02;1.437666e-01;6.745680e-02;2.220098e-02;2.006378e-02;1.183622e-01;2.655602e-01;7.206455e-02;7.598786e-02;3.715926e-02;4.362882e-02;9.166253e-02
5.059550e-02;1.453627e-01;9.614196e-02;2.599071e-02;1.883372e-02;1.446764e-01;1.684322e-01;9.997433e-02;1.082439e-01;3.832496e-02;4.443446e-02;5.898931e-02
7.108678e-02;1.987813e-01;1.360882e-01;1.881834e-02;2.578207e-02;1.095563e-01;1.045775e-01;1.010565e-01;1.173957e-01;3.516917e-02;4.639723e-02;3.529082e-02
8.002742e-02;2.466033e-01;1.898938e-01;1.675909e-02;2.192187e-02;7.578614e-02;2.518782e-02;1.221397e-01;9.800803e-02;4.323821e-02;4.360726e-02;3.682730e-02
6.219026e-02;2.379923e-01;1.532647e-01;9.269470e-03;1.660349e-02;9.687424e-02;7.764130e-02;1.407321e-01;8.686478e-02;3.738824e-02;3.587981e-02;4.529933e-02
3.849424e-02;2.436171e-01;1.212180e-01;1.186289e-02;2.604965e-02;9.198322e-02;7.814334e-02;1.789625e-01;8.647467e-02;2.736418e-02;3.324882e-02;6.258143e-02
4.630433e-02;2.218129e-01;1.413770e-01;1.920769e-02;4.600412e-02;7.455564e-02;8.476744e-02;1.814204e-01;7.321791e-02;2.601204e-02;2.652416e-02;5.879636e-02
4.071092e-02;2.360430e-01;1.525669e-01;1.044236e-02;4.416880e-02;6.214496e-02;1.016733e-01;1.505280e-01;8.256202e-02;3.153954e-02;3.903664e-02;4.858346e-02
3.090109e-02;2.167547e-01;1.338588e-01;7.741978e-03;3.096865e-02;8.459646e-02;1.413581e-01;1.279778e-01;9.567934e-02;2.520813e-02;5.973011e-02;4.522478e-02
3.214166e-02;1.718027e-01;1.010607e-01;8.223098e-03;2.709104e-02;1.419087e-01;1.338270e-01;1.154422e-01;1.104014e-01;2.153684e-02;8.876576e-02;4.779882e-02
3.326888e-02;1.569117e-01;1.163497e-01;1.073022e-02;3.374038e-02;1.687434e-01;9.017643e-02;8.008126e-02;1.237695e-01;4.365438e-02;9.822638e-02;4.434777e-02
2.823363e-02;1.426218e-01;1.381461e-01;1.415133e-02;3.957009e-02;1.865240e-01;6.460041e-02;8.183340e-02;1.261457e-01;6.572463e-02;8.523888e-02;2.720999e-02
3.369391e-02;1.478993e-01;1.685565e-01;2.346917e-02;3.341184e-02;1.904685e-01;3.710161e-02;6.929171e-02;1.309740e-01;5.862840e-02;7.435591e-02;3.214918e-02
3.259532e-02;1.447313e-01;1.627356e-01;2.756918e-02;3.601147e-02;2.038102e-01;3.750736e-02;9.878770e-02;1.083490e-01;3.423786e-02;8.097082e-02;3.269412e-02
3.621928e-02;1.277122e-01;9.818403e-02;2.448590e-02;4.576523e-02;1.987134e-01;1.065315e-01;1.230496e-01;1.138027e-01;3.212161e-02;6.403893e-02;2.937568e-02
3.129578e-02;1.110442e-01;8.212508e-02;1.665227e-02;5.213217e-02;2.239361e-01;1.217769e-01;1.242847e-01;9.901927e-02;5.499452e-02;5.479391e-02;2.794516e-02
2.245012e-02;1.045042e-01;5.718507e-02;1.740359e-02;6.404039e-02;2.295579e-01;7.883214e-02;1.466960e-01;8.028544e-02;8.789418e-02;8.363511e-02;2.751588e-02
1.969540e-02;1.041206e-01;6.142946e-02;2.507023e-02;9.759448e-02;1.832797e-01;3.046821e-02;1.791840e-01;6.218722e-02;1.409910e-01;7.281532e-02;2.316433e-02
2.117698e-02;1.091772e-01;5.357818e-02;2.185421e-02;1.312582e-01;1.493800e-01;4.814409e-02;1.772684e-01;4.961233e-02;1.888811e-01;3.152107e-02;1.814825e-02
2.036510e-02;1.176252e-01;5.380046e-02;2.106219e-02;1.416906e-01;1.504323e-01;3.782134e-02;1.480618e-01;5.290276e-02;1.947091e-01;4.561901e-02;1.591013e-02
1.269613e-02;1.155253e-01;6.332958e-02;4.554081e-02;1.581033e-01;1.273724e-01;3.329423e-02;1.474330e-01;6.846336e-02;1.639958e-01;4.913663e-02;1.510947e-02
2.662938e-02;1.125265e-01;2.460426e-02;8.472848e-02;1.752130e-01;7.601658e-02;3.691882e-02;1.646417e-01;1.075844e-01;1.242883e-01;4.058683e-02;2.626168e-02
4.261595e-02;1.368560e-01;1.056399e-01;6.430050e-02;1.157495e-01;1.035257e-01;7.458626e-02;1.235731e-01;1.098614e-01;5.777123e-02;4.239535e-02;2.312517e-02
6.583324e-02;2.025823e-01;1.192550e-01;2.265943e-02;5.779184e-02;1.274542e-01;8.885579e-02;1.293881e-01;1.069581e-01;3.416776e-02;2.526965e-02;1.978456e-02
9.067936e-02;2.253546e-01;8.238220e-02;1.006414e-02;6.432056e-02;8.245969e-02;1.401528e-01;7.870265e-02;8.359848e-02;7.890911e-02;3.667427e-02;2.670216e-02
7.721590e-02;1.910821e-01;6.491628e-02;2.303812e-02;8.634833e-02;8.164950e-02;1.520971e-01;9.307750e-02;7.154471e-02;7.723546e-02;5.271338e-02;2.908154e-02
7.294691e-02;1.848380e-01;1.110069e-01;2.901471e-02;8.819668e-02;9.978610e-02;9.472524e-02;1.079644e-01;8.197777e-02;6.971861e-02;3.445585e-02;2.536885e-02
7.753286e-02;1.867806e-01;1.228783e-01;1.666953e-02;8.301789e-02;1.962223e-01;3.342994e-02;9.142692e-02;7.233249e-02;7.841495e-02;2.039425e-02;2.089997e-02
6.160787e-02;1.512545e-01;1.367792e-01;1.907898e-02;9.425025e-02;1.978333e-01;5.464571e-02;1.252488e-01;6.901899e-02;5.034684e-02;2.603882e-02;1.389678e-02
4.938500e-02;1.888341e-01;1.364050e-01;1.249075e-02;9.202679e-02;1.537822e-01;4.069517e-02;1.384469e-01;6.490384e-02;7.558478e-02;2.685791e-02;2.058750e-02
3.696558e-02;1.994129e-01;1.168770e-01;7.735451e-03;8.223188e-02;2.044385e-01;4.346002e-02;1.323413e-01;5.425211e-02;6.020495e-02;4.134191e-02;2.073841e-02
2.362997e-02;2.138311e-01;1.274430e-01;1.636846e-02;7.870758e-02;2.333003e-01;2.024789e-02;1.193043e-01;4.727696e-02;6.487101e-02;3.354096e-02;2.147855e-02
3.300053e-02;2.511654e-01;1.397356e-01;3.079350e-02;6.528565e-02;1.668833e-01;3.071612e-02;9.997970e-02;8.134802e-02;6.274789e-02;1.247341e-02;2.587079e-02
4.218342e-02;2.298816e-01;1.640668e-01;4.747713e-02;6.537854e-02;1.226409e-01;6.259306e-02;7.811771e-02;7.980317e-02;3.833770e-02;3.890078e-02;3.061923e-02
4.409293e-02;1.664512e-01;1.428371e-01;3.813657e-02;6.208311e-02;1.752937e-01;7.084887e-02;9.409206e-02;8.253090e-02;3.352226e-02;5.265911e-02;3.745217e-02
3.456130e-02;1.214888e-01;9.176170e-02;7.578784e-02;7.393774e-02;2.031542e-01;6.901235e-02;1.078155e-01;1.006918e-01;3.925485e-02;5.299861e-02;2.953532e-02
2.568298e-02;1.076988e-01;5.441699e-02;7.806631e-02;1.292602e-01;1.615897e-01;6.074615e-02;1.361969e-01;1.314215e-01;5.779590e-02;3.108426e-02;2.604029e-02
1.737603e-02;9.315915e-02;8.076953e-02;6.578112e-02;1.862608e-01;1.028406e-01;4.300766e-02;1.254119e-01;1.675193e-01;7.176621e-02;2.034804e-02;2.575973e-02
2.440264e-02;1.036176e-01;9.593046e-02;7.852525e-02;1.796916e-01;8.358482e-02;3.484380e-02;8.926182e-02;1.980712e-01;7.680925e-02;1.614185e-02;1.911975e-02
3.238076e-02;9.202266e-02;9.561384e-02;1.007019e-01;1.613971e-01;8.362191e-02;3.386306e-02;8.711291e-02;2.043612e-01;6.915957e-02;2.259515e-02;1.717003e-02
2.857496e-02;7.845660e-02;8.165433e-02;1.242193e-01;1.810810e-01;9.379756e-02;2.854354e-02;9.381495e-02;2.068723e-01;4.653507e-02;2.007363e-02;1.637671e-02
2.947163e-02;7.335438e-02;9.966837e-02;1.527155e-01;1.910980e-01;6.782781e-02;4.821581e-02;9.311318e-02;1.911132e-01;2.248529e-02;1.846316e-02;1.247377e-02
2.553872e-02;5.601030e-02;1.060975e-01;1.672810e-01;1.984577e-01;6.519805e-02;6.314047e-02;8.592448e-02;1.650881e-01;3.819922e-02;1.352654e-02;1.553794e-02
3.103245e-02;5.179242e-02;8.586238e-02;1.726281e-01;2.025257e-01;7.027206e-02;6.060818e-02;9.821324e-02;1.552228e-01;3.612000e-02;1.412587e-02;2.159680e-02
4.223558e-02;5.881722e-02;8.113670e-02;1.945197e-01;1.901403e-01;4.311055e-02;7.732401e-02;1.017563e-01;1.486284e-01;3.006112e-02;9.536093e-03;2.273412e-02
4.073322e-02;8.277518e-02;1.456327e-01;1.583969e-01;1.395577e-01;6.094785e-02;5.874962e-02;1.250471e-01;1.181319e-01;3.860969e-02;1.314127e-02;1.827678e-02
2.889524e-02;1.213946e-01;1.673941e-01;1.186573e-01;1.234652e-01;8.081990e-02;3.571443e-02;1.452174e-01;9.176273e-02;5.383700e-02;2.046433e-02;1.237781e-02
3.953107e-02;1.608461e-01;8.663867e-02;5.745032e-02;1.406117e-01;6.998182e-02;7.010708e-02;1.393967e-01;1.077995e-01;7.813325e-02;1.959731e-02;2.990640e-02
2.424664e-02;1.195299e-01;9.217156e-02;3.855784e-02;1.392587e-01;1.091863e-01;6.649064e-02;1.315950e-01;1.148105e-01;7.832171e-02;3.456466e-02;5.126647e-02
3.691648e-02;1.066579e-01;7.793924e-02;3.815648e-02;1.537986e-01;1.485762e-01;4.535033e-02;9.590797e-02;1.204122e-01;9.171975e-02;3.232459e-02;5.224032e-02
2.874095e-02;7.901427e-02;5.793056e-02;5.290870e-02;1.891894e-01;1.876323e-01;4.443816e-02;7.430346e-02;1.330849e-01;9.045994e-02;2.522770e-02;3.706970e-02
1.875473e-02;5.764550e-02;7.292348e-02;8.987553e-02;2.115455e-01;1.693327e-01;3.445595e-02;5.900842e-02;1.475060e-01;9.262270e-02;2.412412e-02;2.220534e-02
2.823439e-02;5.375569e-02;6.808725e-02;1.117043e-01;1.928550e-01;1.133779e-01;3.122025e-02;8.683789e-02;1.678158e-01;1.149714e-01;1.476293e-02;1.637722e-02
2.710769e-02;6.171349e-02;6.616476e-02;1.035295e-01;1.705339e-01;7.494479e-02;3.473094e-02;7.972080e-02;1.761979e-01;1.522249e-01;1.744835e-02;3.568299e-02
1.606229e-02;6.688777e-02;4.941830e-02;7.596436e-02;1.835646e-01;7.687191e-02;2.870668e-02;6.927019e-02;1.652061e-01;1.859633e-01;2.394973e-02;5.813479e-02
1.343054e-02;8.676127e-02;6.229833e-02;3.175930e-02;1.659249e-01;1.022969e-01;2.486380e-02;9.999957e-02;1.564557e-01;1.723091e-01;2.870969e-02;5.519091e-02
2.614379e-02;1.039933e-01;8.073379e-02;4.672613e-02;1.557114e-01;1.067386e-01;2.064303e-02;1.371273e-01;1.388949e-01;1.189562e-01;2.275245e-02;4.157919e-02
