7.582687e-02;4.427905e-02;1.111261e-01;3.604303e-02;5.255083e-02;3.647695e-02;8.762081e-02;5.129901e-02;8.530100e-02;1.939398e-01;1.242665e-01;1.012701e-01
7.451867e-02;5.107379e-02;1.111879e-01;4.846447e-02;4.514254e-02;3.536646e-02;1.235945e-01;3.865901e-02;9.633487e-02;1.942559e-01;1.057525e-01;7.564942e-02
7.940207e-02;4.749548e-02;5.903335e-02;4.817357e-02;3.599727e-02;3.655390e-02;1.348222e-01;5.132562e-02;1.017106e-01;1.447618e-01;1.442808e-01;1.164435e-01
1.132952e-01;4.673843e-02;6.836363e-02;4.474490e-02;5.736023e-02;3.146758e-02;1.139840e-01;9.325269e-02;5.338528e-02;9.884083e-02;1.627102e-01;1.158570e-01
1.427750e-01;4.565658e-02;1.015486e-01;5.555502e-02;6.403562e-02;3.344267e-02;8.280428e-02;1.054770e-01;3.780170e-02;8.685080e-02;1.375347e-01;1.065180e-01
1.864022e-01;7.174414e-02;1.370891e-01;5.557468e-02;6.205789e-02;2.138647e-02;4.151222e-02;1.002396e-01;4.067993e-02;7.763369e-02;1.123090e-01;9.337097e-02
1.894982e-01;7.181154e-02;1.152121e-01;2.177016e-02;5.556690e-02;2.139686e-02;9.107237e-02;1.001339e-01;4.041267e-02;6.811089e-02;1.338415e-01;9.117295e-02
1.646138e-01;3.796961e-02;4.220755e-02;3.054750e-02;5.861263e-02;3.018596e-02;1.329988e-01;1.098252e-01;3.828292e-02;8.796392e-02;1.820831e-01;8.470906e-02
1.717790e-01;7.128732e-02;7.279606e-02;4.217894e-02;6.577159e-02;2.857858e-02;1.254399e-01;8.831321e-02;2.486486e-02;9.694403e-02;1.468345e-01;6.521209e-02
1.471798e-01;8.511065e-02;1.025860e-01;3.811226e-02;5.477177e-02;3.362843e-02;1.573632e-01;8.944485e-02;3.292439e-02;1.078900e-01;1.138214e-01;3.716727e-02
5.323023e-02;7.986752e-02;1.163018e-01;3.046637e-02;5.474095e-02;2.996456e-02;1.904318e-01;7.976891e-02;5.446781e-02;1.154282e-01;1.134408e-01;8.189096e-02
7.256550e-02;8.845513e-02;1.173548e-01;4.627859e-02;7.191715e-02;3.797769e-02;1.811873e-01;8.112764e-02;4.664907e-02;5.929055e-02;9.375068e-02;1.034460e-01
1.207707e-01;1.764177e-01;1.334115e-01;5.687686e-02;3.041098e-02;5.149805e-02;9.737016e-02;7.046697e-02;5.600307e-02;6.262664e-02;7.138465e-02;7.276277e-02
1.020182e-01;1.866966e-01;1.291740e-01;5.100793e-02;6.353117e-02;6.100114e-02;1.008195e-01;6.184658e-02;5.171329e-02;5.506229e-02;7.586864e-02;6.126060e-02
1.108902e-01;1.381268e-01;1.205726e-01;4.701710e-02;7.026612e-02;6.967020e-02;1.200596e-01;6.089100e-02;5.887383e-02;7.296177e-02;6.086637e-02;6.980444e-02
1.365659e-01;6.682383e-02;9.469573e-02;5.056543e-02;7.104780e-02;6.354667e-02;1.149450e-01;5.921062e-02;9.207246e-02;9.985875e-02;5.238918e-02;9.827866e-02
1.018524e-01;4.173646e-02;9.851627e-02;3.757265e-02;6.187976e-02;4.108396e-02;1.038989e-01;6.397168e-02;1.007503e-01;1.232616e-01;1.183626e-01;1.071132e-01
6.884223e-02;4.735959e-02;1.101810e-01;2.903114e-02;3.805537e-02;2.866317e-02;8.815048e-02;7.287951e-02;9.553039e-02;1.562805e-01;1.864773e-01;7.854933e-02
5.954431e-02;5.680970e-02;8.981051e-02;2.430201e-02;1.894693e-02;5.220471e-02;5.672166e-02;7.344223e-02;1.288305e-01;1.089084e-01;2.271075e-01;1.033715e-01
4.985899e-02;6.032132e-02;7.648192e-02;2.266297e-02;1.770708e-02;6.816665e-02;5.817761e-02;7.074618e-02;1.334497e-01;5.559999e-02;2.322852e-01;1.545423e-01
5.673195e-02;7.273068e-02;9.124458e-02;2.892355e-02;3.230118e-02;7.011034e-02;5.527072e-02;9.183785e-02;1.067276e-01;4.523725e-02;1.796847e-01;1.691996e-01
1.082437e-01;1.084970e-01;1.284785e-01;3.125349e-02;5.138309e-02;5.426392e-02;6.303368e-02;9.123918e-02;7.097287e-02;3.659035e-02;9.907652e-02;1.569676e-01
1.965218e-01;1.213667e-01;1.325152e-01;3.610990e-02;4.845880e-02;4.035221e-02;7.575685e-02;6.357131e-02;4.958844e-02;4.016177e-02;6.607150e-02;1.295255e-01
2.162329e-01;9.181923e-02;1.187170e-01;2.537895e-02;3.909902e-02;3.876231e-02;1.069774e-01;4.196966e-02;5.684255e-02;4.925551e-02;1.029720e-01;1.119735e-01
1.375625e-01;8.058523e-02;9.549088e-02;1.618331e-02;4.986982e-02;6.026150e-02;1.023066e-01;6.045688e-02;9.875494e-02;7.397431e-02;1.359769e-01;8.857721e-02
9.971512e-02;8.159751e-02;8.981668e-02;3.312271e-02;5.441135e-02;8.245654e-02;1.052587e-01;9.127596e-02;1.100613e-01;1.036580e-01;9.511806e-02;5.350808e-02
9.373237e-02;8.811691e-02;9.560858e-02;3.820312e-02;6.800288e-02;8.372561e-02;1.116828e-01;9.357855e-02;1.290331e-01;1.270502e-01;3.624327e-02;3.502264e-02
9.706621e-02;7.512027e-02;5.572780e-02;3.569581e-02;1.102929e-01;7.541449e-02;1.035133e-01;7.013950e-02;1.685781e-01;1.347439e-01;4.271804e-02;3.098963e-02
9.236174e-02;6.311855e-02;4.120740e-02;3.467809e-02;1.151588e-01;7.044329e-02;9.507567e-02;8.560860e-02;2.228194e-01;1.140761e-01;4.494846e-02;2.050392e-02
6.381882e-02;5.101365e-02;3.913824e-02;2.235143e-02;7.791023e-02;4.726426e-02;1.531202e-01;1.686927e-01;2.318350e-01;9.129282e-02;3.517147e-02;1.839105e-02
5.177509e-02;5.799950e-02;4.267452e-02;4.126350e-02;6.270013e-02;5.677820e-02;1.834655e-01;2.454626e-01;1.131840e-01;7.945080e-02;4.273080e-02;2.251530e-02
4.938328e-02;9.275150e-02;5.071168e-02;5.939362e-02;6.216155e-02;8.227407e-02;1.513560e-01;2.041497e-01;9.215172e-02;8.565648e-02;4.788519e-02;2.212512e-02
3.814529e-02;1.512562e-01;8.533545e-02;5.087449e-02;1.102676e-01;1.029503e-01;9.901715e-02;9.529326e-02;8.599820e-02;1.157951e-01;3.049628e-02;3.457077e-02
6.862612e-02;1.554731e-01;8.619999e-02;4.376553e-02;1.110942e-01;8.389381e-02;9.948477e-02;8.217951e-02;6.277750e-02;1.307703e-01;2.178194e-02;5.395314e-02
1.329814e-01;1.057910e-01;4.898741e-02;4.097112e-02;4.921363e-02;8.385991e-02;1.766798e-01;6.591313e-02;8.451024e-02;9.071210e-02;3.147895e-02;8.890135e-02
1.599989e-01;1.060520e-01;6.914739e-02;3.426019e-02;4.408263e-02;1.073599e-01;1.525526e-01;5.034544e-02;4.966908e-02;4.645126e-02;3.254906e-02;1.475316e-01
1.770358e-01;8.198728e-02;8.532603e-02;3.398504e-02;3.964424e-02;9.394429e-02;1.127159e-01;3.487977e-02;4.287482e-02;6.075723e-02;6.041400e-02;1.764356e-01
1.740315e-01;5.767426e-02;1.412029e-01;4.245466e-02;4.747051e-02;7.065841e-02;1.100150e-01;3.673872e-02;6.351986e-02;7.804166e-02;5.688110e-02;1.213114e-01
1.774569e-01;6.443177e-02;1.991969e-01;4.332636e-02;5.775526e-02;7.367124e-02;1.116726e-01;3.956233e-02;5.866390e-02;6.669988e-02;4.937799e-02;5.818484e-02
2.347746e-01;1.321685e-01;1.850058e-01;3.416423e-02;5.853398e-02;7.008173e-02;9.128631e-02;4.571392e-02;4.069177e-02;5.108681e-02;4.060404e-02;1.588838e-02
3.151774e-01;1.206463e-01;8.358248e-02;4.399770e-02;4.476411e-02;4.956952e-02;1.608623e-01;4.662712e-02;1.977967e-02;4.196206e-02;2.685141e-02;4.617991e-02
3.508165e-01;8.520566e-02;4.366716e-02;5.914341e-02;2.427774e-02;5.061139e-02;2.001556e-01;3.681392e-02;1.855370e-02;4.146630e-02;1.736899e-02;7.191959e-02
3.442861e-01;6.750321e-02;3.124376e-02;5.028851e-02;1.790808e-02;5.197510e-02;2.216817e-01;3.318042e-02;1.780538e-02;4.964270e-02;1.819325e-02;9.629186e-02
3.217630e-01;6.242301e-02;6.524760e-02;4.047837e-02;2.919541e-02;4.793052e-02;2.237387e-01;2.931953e-02;1.653646e-02;4.842984e-02;1.591132e-02;9.902625e-02
3.229150e-01;4.255464e-02;5.650092e-02;3.545646e-02;5.047042e-02;5.619476e-02;2.198450e-01;3.014912e-02;2.038071e-02;5.250305e-02;1.985403e-02;9.317590e-02
3.705747e-01;8.276614e-02;1.982679e-02;2.455685e-02;5.039492e-02;5.665613e-02;1.905601e-01;4.610761e-02;2.725753e-02;3.906724e-02;1.642036e-02;7.581171e-02
3.977065e-01;1.056919e-01;3.726818e-02;1.891432e-02;2.352654e-02;2.949851e-02;1.453701e-01;5.700190e-02;3.668443e-02;4.617727e-02;3.022403e-02;7.193623e-02
4.082182e-01;1.101013e-01;4.130034e-02;2.337008e-02;2.339777e-02;1.204521e-02;1.110163e-01;5.816916e-02;3.119867e-02;4.522996e-02;4.700828e-02;8.894478e-02
4.092699e-01;1.129270e-01;5.220474e-02;3.467355e-02;3.157114e-02;1.608377e-02;9.946980e-02;5.490654e-02;1.414409e-02;2.891147e-02;4.786687e-02;9.797109e-02
3.837550e-01;1.055984e-01;8.798070e-02;5.212150e-02;3.433876e-02;1.755628e-02;1.279211e-01;5.064694e-02;9.673475e-03;1.997846e-02;2.717655e-02;8.325291e-02
3.487119e-01;7.899926e-02;1.003033e-01;7.597332e-02;3.207220e-02;1.534332e-02;1.745024e-01;5.379717e-02;2.093947e-02;1.786075e-02;1.312763e-02;6.836921e-02
3.216321e-01;4.799273e-02;7.472586e-02;8.283826e-02;4.155886e-02;2.180017e-02;2.165158e-01;5.724366e-02;3.333722e-02;2.482566e-02;1.455004e-02;6.297959e-02
2.903301e-01;5.651295e-02;6.429294e-02;7.868838e-02;7.469212e-02;2.270312e-02;2.010444e-01;6.630767e-02;3.005373e-02;4.310490e-02;1.755752e-02;5.471210e-02
2.561561e-01;6.874087e-02;7.818403e-02;9.256026e-02;9.254970e-02;1.194018e-02;1.855611e-01;7.880998e-02;2.594495e-02;5.285259e-02;1.516691e-02;4.153329e-02
2.418092e-01;7.048815e-02;7.189230e-02;8.455081e-02;8.267266e-02;1.166474e-02;2.192284e-01;8.241189e-02;2.955162e-02;5.850993e-02;1.191378e-02;3.530653e-02
2.395283e-01;6.772649e-02;6.353673e-02;7.081770e-02;6.095710e-02;1.534952e-02;2.622175e-01;7.779198e-02;3.799812e-02;5.840918e-02;1.039338e-02;3.527396e-02
2.050457e-01;6.452573e-02;7.858966e-02;9.307000e-02;9.104618e-02;2.075507e-02;2.305046e-01;7.577205e-02;3.566507e-02;5.619366e-02;1.239919e-02;3.643310e-02
1.704328e-01;6.374068e-02;8.065481e-02;1.240287e-01;1.481235e-01;2.923994e-02;1.687705e-01;7.616420e-02;4.375290e-02;5.026849e-02;1.276761e-02;3.205580e-02
1.544499e-01;6.397568e-02;7.972725e-02;1.455192e-01;1.722617e-01;3.756138e-02;1.354542e-01;6.591427e-02;5.586750e-02;4.527048e-02;1.531276e-02;2.868566e-02
1.577817e-01;6.984530e-02;7.605515e-02;1.466927e-01;1.420589e-01;5.319922e-02;1.283891e-01;5.193797e-02;8.512404e-02;4.158786e-02;2.071324e-02;2.661484e-02
1.805110e-01;1.035346e-01;9.961795e-02;1.212983e-01;7.719194e-02;5.133732e-02;1.368797e-01;4.309284e-02;9.012432e-02;5.182170e-02;2.535846e-02;1.923176e-02
1.804176e-01;1.338071e-01;1.720024e-01;5.976180e-02;4.035708e-02;3.692397e-02;1.675201e-01;4.931932e-02;4.786072e-02;5.466539e-02;3.270835e-02;2.465614e-02
1.804030e-01;1.277142e-01;2.072982e-01;4.129854e-02;5.091087e-02;3.955411e-02;1.567920e-01;3.802737e-02;3.866016e-02;4.941563e-02;3.009171e-02;3.983422e-02
1.871066e-01;9.285850e-02;2.422760e-01;5.836486e-02;6.820292e-02;4.878997e-02;9.390955e-02;3.207679e-02;3.643193e-02;5.255512e-02;3.928573e-02;4.814202e-02
1.688145e-01;4.861312e-02;1.845644e-01;5.047865e-02;8.726513e-02;5.669638e-02;1.174057e-01;3.823477e-02;4.462513e-02;7.940805e-02;6.127870e-02;6.261550e-02
1.367883e-01;1.305627e-01;1.116961e-01;4.207526e-02;6.464978e-02;5.203838e-02;1.296163e-01;6.933369e-02;5.508962e-02;9.053934e-02;4.406772e-02;7.354271e-02
2.007546e-01;1.491861e-01;1.751202e-01;4.664320e-02;3.734940e-02;4.036831e-02;9.249746e-02;6.086474e-02;5.049782e-02;5.782625e-02;3.764692e-02;5.124505e-02
1.814204e-01;1.618494e-01;2.124235e-01;4.585577e-02;3.326163e-02;3.935330e-02;6.170182e-02;4.830309e-02;4.874365e-02;5.228704e-02;6.672920e-02;4.807116e-02
1.444984e-01;1.474878e-01;1.829315e-01;2.811546e-02;4.559369e-02;5.071154e-02;7.776001e-02;4.147909e-02;4.294427e-02;4.579759e-02;1.025288e-01;9.015178e-02
1.513671e-01;1.219487e-01;1.077906e-01;2.635554e-02;6.700089e-02;6.498253e-02;6.908210e-02;5.705211e-02;6.779119e-02;4.577689e-02;1.151783e-01;1.056741e-01
1.380351e-01;8.652455e-02;9.035217e-02;5.412394e-02;6.948605e-02;5.597882e-02;8.396746e-02;6.509483e-02;9.287722e-02;7.399080e-02;9.426969e-02;9.529939e-02
9.674121e-02;7.845485e-02;1.269455e-01;6.460551e-02;7.815765e-02;3.638981e-02;7.896002e-02;7.131942e-02;8.923611e-02;8.923882e-02;8.121484e-02;1.087363e-01
1.216859e-01;1.210674e-01;1.502297e-01;6.674591e-02;5.265995e-02;3.701109e-02;6.644551e-02;1.045141e-01;3.403370e-02;5.567831e-02;9.630586e-02;9.362254e-02
1.251749e-01;1.600554e-01;1.324411e-01;5.662439e-02;4.273615e-02;3.664281e-02;5.657904e-02;9.675121e-02;6.310274e-02;6.953380e-02;9.038072e-02;6.997769e-02
1.396678e-01;1.847769e-01;9.210452e-02;6.778362e-02;3.651451e-02;4.120951e-02;5.581831e-02;8.785190e-02;8.517415e-02;1.083077e-01;5.834258e-02;4.244847e-02
8.140330e-02;1.543805e-01;6.715813e-02;5.689866e-02;4.220265e-02;5.275575e-02;1.072556e-01;8.033364e-02;8.205216e-02;1.217285e-01;8.816839e-02;6.566268e-02
1.256963e-01;9.597939e-02;8.984648e-02;4.362732e-02;4.516782e-02;5.838579e-02;9.620101e-02;8.613881e-02;3.382625e-02;1.000720e-01;1.507528e-01;7.430598e-02
1.417545e-01;1.009666e-01;8.297671e-02;3.253957e-02;3.042770e-02;5.219549e-02;5.579328e-02;7.794872e-02;8.371074e-02;8.653305e-02;1.528927e-01;1.022609e-01
8.002891e-02;6.964191e-02;7.178897e-02;4.597404e-02;6.085813e-02;7.132809e-02;1.154957e-01;8.426222e-02;1.495844e-01;7.257274e-02;8.870614e-02;8.975875e-02
5.729537e-02;5.393834e-02;1.020938e-01;5.143933e-02;8.731445e-02;7.831796e-02;1.424391e-01;7.918476e-02;1.714138e-01;7.488864e-02;4.067878e-02;6.099562e-02
4.944217e-02;5.583834e-02;1.360544e-01;6.032277e-02;7.623667e-02;8.337595e-02;1.363272e-01;7.504606e-02;1.532882e-01;7.145755e-02;3.941181e-02;6.319886e-02
5.177099e-02;6.487018e-02;1.427695e-01;6.418666e-02;7.472485e-02;8.631165e-02;1.230164e-01;8.487583e-02;1.309284e-01;7.209044e-02;5.162172e-02;5.283335e-02
1.046055e-01;5.454857e-02;9.777058e-02;7.801690e-02;9.429114e-02;6.828637e-02;9.875025e-02;9.426594e-02;8.300013e-02;7.151006e-02;7.740490e-02;7.754965e-02
1.354205e-01;2.510078e-02;1.119714e-01;1.126389e-01;8.665734e-02;4.861783e-02;1.263195e-01;8.404464e-02;4.663847e-02;4.900537e-02;7.366756e-02;9.991778e-02
1.274775e-01;6.142977e-02;1.706290e-01;1.142861e-01;6.244068e-02;4.999059e-02;1.192516e-01;7.833885e-02;2.506405e-02;5.243849e-02;3.669650e-02;1.019568e-01
1.926475e-01;9.211675e-02;1.532650e-01;6.508840e-02;3.311488e-02;5.488668e-02;1.440572e-01;6.831785e-02;3.143096e-02;3.506248e-02;3.824778e-02;9.176452e-02
2.696010e-01;7.868286e-02;5.625404e-02;4.056079e-02;3.171093e-02;7.098385e-02;1.838277e-01;5.220639e-02;3.636410e-02;3.328999e-02;5.092983e-02;9.558851e-02
2.465289e-01;3.267953e-02;4.351831e-02;3.617121e-02;4.010064e-02;7.871989e-02;2.264311e-01;3.755448e-02;3.886706e-02;4.441804e-02;6.420199e-02;1.108089e-01
1.229262e-01;4.130632e-02;4.819044e-02;3.192179e-02;4.597238e-02;7.804272e-02;2.680702e-01;3.338689e-02;3.824197e-02;4.840812e-02;1.052114e-01;1.383216e-01
4.886106e-02;5.192182e-02;8.870443e-02;3.684981e-02;7.415647e-02;8.596076e-02;2.765889e-01;3.453487e-02;3.058415e-02;4.542921e-02;1.109201e-01;1.154885e-01
1.080729e-01;6.488454e-02;1.290180e-01;3.965752e-02;8.251778e-02;8.002242e-02;2.509003e-01;2.866550e-02;3.479372e-02;5.006289e-02;7.143270e-02;5.997178e-02
8.001083e-02;6.455876e-02;1.041438e-01;2.515749e-02;7.529837e-02;7.573699e-02;2.726602e-01;3.597704e-02;6.789611e-02;8.933634e-02;6.500807e-02;4.421598e-02
6.008826e-02;6.734060e-02;6.522372e-02;3.308895e-02;6.499366e-02;4.678630e-02;2.713303e-01;3.459220e-02;9.120172e-02;1.195987e-01;9.833091e-02;4.742472e-02
6.506240e-02;6.033740e-02;1.361804e-01;4.110548e-02;6.431345e-02;5.724002e-02;2.512630e-01;2.492491e-02;9.567192e-02;1.000343e-01;6.926666e-02;3.460005e-02
6.757405e-02;3.983425e-02;1.607753e-01;3.385228e-02;6.514806e-02;1.087738e-01;3.000799e-01;3.026154e-02;5.565085e-02;5.334099e-02;5.060177e-02;3.410725e-02
8.676524e-02;3.507678e-02;1.186488e-01;2.497391e-02;6.227108e-02;1.084361e-01;3.801227e-01;5.355022e-02;3.828208e-02;2.259948e-02;3.239889e-02;3.687472e-02
1.356771e-01;5.875400e-02;1.773849e-01;2.974793e-02;6.054082e-02;6.381326e-02;2.939219e-01;5.621979e-02;3.456227e-02;2.946905e-02;2.661229e-02;3.329673e-02
1.616228e-01;7.990138e-02;2.383573e-01;3.252201e-02;7.140237e-02;5.085124e-02;1.728363e-01;5.104155e-02;3.658604e-02;3.245397e-02;3.597320e-02;3.645183e-02
1.820091e-01;7.771499e-02;2.420122e-01;4.112568e-02;7.735687e-02;3.950194e-02;1.112040e-01;6.534264e-02;4.178086e-02;3.376132e-02;4.547016e-02;4.272030e-02
1.886110e-01;5.824337e-02;1.830354e-01;3.867254e-02;6.167950e-02;3.658729e-02;1.627800e-01;8.519503e-02;5.290798e-02;3.992827e-02;4.321716e-02;4.914258e-02
2.083909e-01;4.262642e-02;1.221859e-01;2.507443e-02;3.738679e-02;5.481275e-02;2.208806e-01;9.533243e-02;7.036456e-02;3.768577e-02;3.825201e-02;4.700737e-02
1.708210e-01;6.883456e-02;2.145831e-01;3.129960e-02;5.480429e-02;7.287761e-02;1.186076e-01;8.189661e-02;6.400375e-02;3.234536e-02;4.401919e-02;4.590736e-02
1.504788e-01;9.956517e-02;2.412913e-01;3.446410e-02;7.317378e-02;6.022394e-02;1.182350e-01;7.657093e-02;4.023214e-02;2.202799e-02;4.786175e-02;3.587511e-02
1.815751e-01;1.313767e-01;1.800288e-01;5.809798e-02;7.057373e-02;4.475432e-02;1.115462e-01;7.995042e-02;2.466931e-02;2.130033e-02;4.994292e-02;4.618422e-02
1.757799e-01;1.248715e-01;1.773062e-01;8.471154e-02;6.601831e-02;6.243136e-02;9.824216e-02;6.439509e-02;3.552883e-02;2.994562e-02;5.031251e-02;3.045698e-02
1.498482e-01;1.139246e-01;1.841608e-01;6.771362e-02;6.663024e-02;7.998626e-02;1.131421e-01;4.777094e-02;6.966570e-02;3.938158e-02;4.181828e-02;2.595766e-02
1.491935e-01;1.404662e-01;2.360655e-01;4.294866e-02;5.823892e-02;5.064752e-02;8.313600e-02;4.324661e-02;8.200004e-02;4.171645e-02;3.286280e-02;3.947790e-02
1.793436e-01;1.441253e-01;2.683120e-01;4.597937e-02;7.398374e-02;2.870903e-02;4.562740e-02;3.566539e-02;5.982065e-02;3.461336e-02;2.637632e-02;5.744376e-02
1.746048e-01;1.244870e-01;2.676514e-01;5.504966e-02;8.879821e-02;3.691310e-02;8.419953e-02;2.888254e-02;3.286172e-02;2.973235e-02;2.039444e-02;5.642535e-02
1.520667e-01;9.161412e-02;2.250270e-01;4.851817e-02;1.055645e-01;4.373774e-02;1.725816e-01;3.369908e-02;1.540332e-02;3.130023e-02;2.604288e-02;5.444461e-02
1.215086e-01;5.139640e-02;2.206686e-01;3.562675e-02;1.053047e-01;7.409862e-02;2.097720e-01;3.378593e-02;2.241139e-02;4.350476e-02;3.647533e-02;4.544697e-02
1.720373e-01;8.886858e-02;1.888815e-01;3.110739e-02;7.901030e-02;6.880175e-02;1.811559e-01;2.895383e-02;3.166904e-02;4.469217e-02;4.877086e-02;3.605144e-02
1.941255e-01;1.526998e-01;7.870128e-02;4.919698e-02;7.415216e-02;4.462718e-02;1.849496e-01;4.062774e-02;3.792478e-02;4.648359e-02;5.163782e-02;4.487357e-02
1.420431e-01;1.488348e-01;1.078491e-01;5.984909e-02;7.745919e-02;5.736180e-02;2.049948e-01;3.848788e-02;2.723303e-02;4.016777e-02;4.929692e-02;4.642246e-02
1.110765e-01;1.151926e-01;1.054107e-01;4.921915e-02;8.579209e-02;5.327594e-02;1.795285e-01;5.814013e-02;6.487165e-02;8.256628e-02;5.474318e-02;4.018322e-02
8.402035e-02;7.408854e-02;1.267386e-01;6.497342e-02;8.201579e-02;4.611482e-02;1.406934e-01;6.694124e-02;9.170007e-02;9.877695e-02;5.759252e-02;6.634426e-02
1.211060e-01;7.969860e-02;1.196726e-01;5.465250e-02;6.918280e-02;6.537767e-02;1.767841e-01;5.658392e-02;7.491592e-02;7.556582e-02;4.779051e-02;5.866945e-02
1.482005e-01;9.015547e-02;1.569094e-01;6.282592e-02;7.096247e-02;7.606608e-02;1.623580e-01;4.855699e-02;4.338810e-02;4.920387e-02;4.535053e-02;4.602265e-02
1.441924e-01;8.358554e-02;2.128705e-01;6.696730e-02;8.099494e-02;7.401416e-02;1.036310e-01;4.669750e-02;2.665929e-02;5.280936e-02;5.490064e-02;5.267737e-02
1.219359e-01;9.101152e-02;2.712527e-01;4.772630e-02;6.278738e-02;5.835851e-02;1.027682e-01;3.856685e-02;1.846611e-02;6.986550e-02;6.503795e-02;5.222306e-02
8.279645e-02;1.171221e-01;3.005140e-01;3.471572e-02;6.133971e-02;4.140505e-02;1.068190e-01;3.803468e-02;3.270131e-02;6.780028e-02;6.322183e-02;5.352980e-02
1.126316e-01;7.041464e-02;3.808835e-01;5.810941e-02;5.412021e-02;4.059983e-02;5.008139e-02;3.098272e-02;3.678006e-02;4.552668e-02;5.759029e-02;6.227964e-02
1.250601e-01;3.542054e-02;3.000830e-01;5.813347e-02;4.939584e-02;4.808360e-02;6.287390e-02;2.986016e-02;3.764594e-02;7.745470e-02;9.918985e-02;7.679894e-02
1.342077e-01;5.520532e-02;1.311615e-01;4.080628e-02;5.490548e-02;7.351175e-02;1.396115e-01;3.376769e-02;4.007491e-02;1.065382e-01;1.485749e-01;4.163479e-02
7.824514e-02;8.060940e-02;1.369770e-01;3.791902e-02;9.887788e-02;7.173451e-02;1.535699e-01;3.677368e-02;3.447780e-02;1.147063e-01;1.261673e-01;2.994201e-02
9.085084e-02;6.859107e-02;2.152936e-01;8.857217e-02;9.363822e-02;8.593036e-02;1.135466e-01;5.116610e-02;3.614588e-02;5.629571e-02;6.614906e-02;3.382035e-02
1.248551e-01;1.014574e-01;2.112329e-01;9.322849e-02;1.168762e-01;7.893800e-02;8.423840e-02;5.384746e-02;2.974246e-02;3.084295e-02;4.319261e-02;3.154808e-02
1.412969e-01;9.554275e-02;1.945410e-01;7.063750e-02;1.255549e-01;8.284888e-02;1.016874e-01;7.130741e-02;2.310787e-02;2.856833e-02;3.522278e-02;2.968427e-02
1.355571e-01;7.263613e-02;1.286022e-01;4.348265e-02;1.193931e-01;9.488211e-02;1.427593e-01;1.271510e-01;4.156660e-02;3.587751e-02;3.209426e-02;2.599794e-02
1.073880e-01;2.890166e-02;5.348927e-02;6.327461e-02;9.971931e-02;8.160143e-02;1.759065e-01;2.268321e-01;7.132547e-02;4.233137e-02;2.804915e-02;2.118105e-02
7.267270e-02;1.487297e-02;3.754875e-02;8.044938e-02;8.657591e-02;6.906087e-02;1.630686e-01;2.624030e-01;1.133746e-01;5.731342e-02;1.800316e-02;2.465666e-02
5.973909e-02;1.648963e-02;4.192900e-02;1.032826e-01;6.795246e-02;6.934236e-02;1.499939e-01;1.941252e-01;1.619884e-01;9.018783e-02;1.861687e-02;2.635263e-02
5.132456e-02;2.709476e-02;5.896177e-02;1.150694e-01;5.618522e-02;6.582063e-02;1.511181e-01;1.152709e-01;1.872697e-01;1.181433e-01;2.888845e-02;2.485327e-02
5.471861e-02;3.154063e-02;1.183091e-01;1.138929e-01;3.749396e-02;6.449050e-02;1.299823e-01;7.670623e-02;1.598504e-01;1.435042e-01;3.687789e-02;3.263320e-02
9.883168e-02;2.113094e-02;1.728791e-01;9.735544e-02;3.084032e-02;6.482226e-02;1.079646e-01;5.030955e-02;1.581098e-01;1.308165e-01;2.638016e-02;4.055967e-02
1.386993e-01;4.621384e-02;1.467670e-01;6.567995e-02;2.961722e-02;6.084501e-02;1.270632e-01;7.624646e-02;1.618625e-01;6.976395e-02;2.953236e-02;4.770928e-02
1.510724e-01;4.853076e-02;1.041410e-01;6.060719e-02;3.353449e-02;5.545527e-02;1.359050e-01;1.093828e-01;1.435212e-01;5.897867e-02;4.947892e-02;4.939235e-02
1.469333e-01;3.740331e-02;8.877238e-02;7.105634e-02;4.838442e-02;4.232286e-02;1.131435e-01;1.093023e-01;1.121661e-01;1.031579e-01;7.664418e-02;5.071343e-02
5.817234e-02;7.614383e-02;1.544906e-01;6.686514e-02;4.358064e-02;4.478677e-02;1.458500e-01;9.448428e-02;5.720759e-02;1.060122e-01;9.779043e-02;5.461615e-02
7.840575e-02;7.785401e-02;1.880703e-01;5.497610e-02;4.368991e-02;4.705552e-02;1.441318e-01;8.478202e-02;4.040566e-02;9.004960e-02;8.119360e-02;6.938571e-02
8.420129e-02;5.525576e-02;1.445884e-01;5.477280e-02;9.010002e-02;5.004136e-02;2.188117e-01;6.170053e-02;4.534087e-02;6.761049e-02;5.854465e-02;6.903220e-02
6.035802e-02;2.089076e-02;1.457554e-01;5.988448e-02;1.280734e-01;6.102278e-02;2.731023e-01;3.334461e-02;3.860182e-02;5.568151e-02;6.767711e-02;5.560779e-02
3.396471e-02;2.423180e-02;2.018858e-01;6.255873e-02;1.067198e-01;6.845143e-02;2.873484e-01;2.767015e-02;2.910411e-02;4.920549e-02;6.972346e-02;3.913619e-02
5.683709e-02;1.909520e-02;2.204060e-01;3.751985e-02;7.990896e-02;6.984745e-02;3.288543e-01;2.474955e-02;3.100540e-02;3.678612e-02;6.505903e-02;2.993112e-02
6.535460e-02;1.597387e-02;2.183328e-01;1.758918e-02;6.433954e-02;8.169483e-02;3.449318e-01;1.982080e-02;3.079067e-02;4.385187e-02;7.010920e-02;2.721079e-02
6.998763e-02;1.582409e-02;2.134508e-01;1.837291e-02;6.835221e-02;1.103617e-01;3.222413e-01;1.860121e-02;2.253366e-02;4.410795e-02;7.223170e-02;2.393491e-02
8.436878e-02;2.584692e-02;2.119243e-01;2.354509e-02;7.480700e-02;1.139539e-01;2.826808e-01;1.698961e-02;1.929544e-02;4.529052e-02;7.628930e-02;2.500850e-02
7.804098e-02;2.476181e-02;2.120243e-01;2.943896e-02;9.742221e-02;1.074782e-01;2.410639e-01;1.905708e-02;2.741852e-02;5.020285e-02;8.717297e-02;2.591829e-02
6.835074e-02;3.310410e-02;1.542725e-01;5.397955e-02;1.394105e-01;1.264132e-01;2.019475e-01;2.318327e-02;3.411176e-02;5.265763e-02;8.759321e-02;2.497609e-02
4.421502e-02;4.763895e-02;9.079587e-02;5.261841e-02;1.444197e-01;1.602900e-01;2.233027e-01;2.624005e-02;3.008804e-02;6.362239e-02;9.114381e-02;2.562491e-02
3.820314e-02;5.678112e-02;7.489504e-02;5.527666e-02;1.009565e-01;1.660442e-01;2.108340e-01;5.909283e-02;4.821703e-02;8.066066e-02;8.836363e-02;2.067524e-02
3.578230e-02;5.904119e-02;9.503087e-02;3.823422e-02;8.184319e-02;1.501458e-01;1.236110e-01;8.437546e-02;6.167420e-02;1.301877e-01;1.079192e-01;3.215477e-02
4.685901e-02;4.625098e-02;1.572642e-01;3.706691e-02;7.162040e-02;1.105487e-01;9.188022e-02;6.260940e-02;4.402132e-02;1.558130e-01;1.420300e-01;3.403588e-02
5.316590e-02;3.259293e-02;1.971000e-01;4.063045e-02;6.054349e-02;5.779036e-02;1.393413e-01;3.718351e-02;2.825455e-02;1.285910e-01;1.552360e-01;6.957050e-02
6.940912e-02;3.926095e-02;1.740154e-01;4.257764e-02;7.670647e-02;3.722472e-02;1.400369e-01;3.399740e-02;3.881876e-02;9.788605e-02;1.216316e-01;1.284349e-01
8.079198e-02;4.060639e-02;2.372017e-01;4.383485e-02;7.683768e-02;2.302241e-02;8.138633e-02;3.753658e-02;4.511514e-02;9.637243e-02;9.587981e-02;1.414147e-01
8.111911e-02;3.030634e-02;3.179204e-01;3.668433e-02;7.501923e-02;4.709224e-02;1.255224e-01;2.761567e-02;3.437578e-02;7.717914e-02;7.133382e-02;7.583165e-02
7.577407e-02;3.662580e-02;3.348563e-01;4.252247e-02;6.810789e-02;4.203971e-02;1.345062e-01;2.766055e-02;3.103390e-02;7.607980e-02;6.623040e-02;6.456295e-02
5.419812e-02;3.899550e-02;3.518394e-01;3.701853e-02;7.148242e-02;3.806033e-02;1.568312e-01;3.330647e-02;3.179577e-02;7.591676e-02;4.586553e-02;6.468999e-02
5.926124e-02;3.945970e-02;3.129077e-01;2.075843e-02;7.033233e-02;4.374070e-02;1.480139e-01;3.809438e-02;2.867210e-02;6.133085e-02;5.784969e-02;1.195789e-01
6.939673e-02;5.710331e-02;2.075992e-01;2.917211e-02;5.896338e-02;5.287271e-02;2.040804e-01;2.644899e-02;2.227566e-02;5.959658e-02;6.471054e-02;1.477804e-01
8.591645e-02;7.299195e-02;2.304221e-01;3.769200e-02;4.885880e-02;5.241889e-02;1.745478e-01;2.191971e-02;1.972460e-02;5.508631e-02;1.025058e-01;9.791564e-02
8.996456e-02;6.606828e-02;1.996278e-01;4.265895e-02;6.097261e-02;5.832957e-02;1.601389e-01;2.605299e-02;5.687722e-02;7.250702e-02;1.021139e-01;6.468820e-02
6.477262e-02;5.150981e-02;1.125220e-01;4.078763e-02;5.050246e-02;6.167460e-02;2.714909e-01;4.664982e-02;9.132344e-02;8.845431e-02;6.844494e-02;5.186754e-02
3.975522e-02;3.568913e-02;1.100637e-01;2.898630e-02;6.354791e-02;7.979212e-02;3.743635e-01;5.764365e-02;6.716230e-02;5.724535e-02;5.968113e-02;2.606972e-02
4.363250e-02;4.359121e-02;1.552379e-01;4.751594e-02;8.334280e-02;7.210764e-02;3.411811e-01;3.934079e-02;3.362687e-02;5.065460e-02;5.912085e-02;3.064785e-02
6.361964e-02;4.926997e-02;1.750756e-01;5.006749e-02;7.616279e-02;6.556600e-02;3.049802e-01;3.731762e-02;3.584576e-02;4.731639e-02;5.473075e-02;4.004777e-02
5.866404e-02;5.123283e-02;1.883704e-01;5.450177e-02;8.065590e-02;8.153816e-02;2.755270e-01;4.234361e-02;2.288473e-02;4.847308e-02;3.985563e-02;5.595280e-02
3.752327e-02;7.248963e-02;1.402195e-01;8.772006e-02;7.037193e-02;6.304645e-02;1.981758e-01;6.383347e-02;5.106320e-02;7.121548e-02;5.383126e-02;9.050994e-02
8.117178e-02;9.519446e-02;9.271411e-02;7.905544e-02;7.370670e-02;6.504758e-02;8.486944e-02;6.918777e-02;7.025111e-02;9.636012e-02;9.233606e-02;1.001054e-01
9.997035e-02;9.303313e-02;5.393531e-02;6.756455e-02;6.972372e-02;5.417348e-02;1.034663e-01;8.301083e-02;5.073638e-02;1.080492e-01;1.177676e-01;9.856920e-02
1.056101e-01;7.634436e-02;8.753739e-02;5.011964e-02;8.733591e-02;5.875793e-02;1.048421e-01;6.034792e-02;7.025290e-02;1.284093e-01;1.061588e-01;6.428359e-02
9.551172e-02;7.422908e-02;1.555795e-01;4.591775e-02;9.484976e-02;6.002909e-02;5.484749e-02;6.480169e-02;5.379497e-02;1.420338e-01;1.182691e-01;4.013611e-02
