2.548496e-02;6.002326e-02;1.788151e-01;5.140562e-02;4.188622e-02;2.198918e-01;5.497306e-02;1.550700e-01;1.246454e-01;3.426984e-02;1.760888e-02;3.592589e-02
3.125083e-02;8.276471e-02;1.620149e-01;7.043864e-02;4.547179e-02;1.223919e-01;7.052974e-02;1.459077e-01;9.840871e-02;7.405129e-02;5.139550e-02;4.537432e-02
3.421443e-02;7.962736e-02;1.358767e-01;7.908818e-02;4.921569e-02;1.198209e-01;5.304874e-02;1.170854e-01;9.864429e-02;1.045111e-01;8.308818e-02;4.577897e-02
3.864372e-02;7.681499e-02;1.619034e-01;6.538635e-02;9.901182e-02;1.278594e-01;6.273405e-02;7.977799e-02;9.831501e-02;7.178731e-02;4.774119e-02;7.002474e-02
3.987346e-02;1.023824e-01;1.450184e-01;7.306065e-02;1.065414e-01;1.221615e-01;7.759853e-02;8.237690e-02;5.070271e-02;6.702901e-02;5.604495e-02;7.721017e-02
5.845502e-02;1.282297e-01;1.168776e-01;8.003610e-02;9.062480e-02;1.263005e-01;6.745684e-02;9.687098e-02;3.682320e-02;6.685578e-02;6.350849e-02;6.796096e-02
6.176077e-02;1.250666e-01;1.141567e-01;6.668973e-02;6.497326e-02;1.128599e-01;7.289957e-02;1.123521e-01;6.676695e-02;7.049995e-02;5.658391e-02;7.539052e-02
2.897220e-02;7.443371e-02;1.441575e-01;5.289211e-02;5.984651e-02;1.172527e-01;1.050520e-01;1.523107e-01;9.511507e-02;5.956554e-02;4.961814e-02;6.078381e-02
2.488468e-02;5.318163e-02;1.500901e-01;5.829018e-02;4.148861e-02;8.599603e-02;8.535556e-02;2.444329e-01;9.468231e-02;5.127067e-02;4.443437e-02;6.589301e-02
2.388411e-02;3.710643e-02;1.438958e-01;5.278809e-02;3.113584e-02;5.527430e-02;8.905348e-02;2.916104e-01;8.127222e-02;4.640491e-02;7.536315e-02;7.221132e-02
1.621718e-02;4.661293e-02;9.267002e-02;4.382887e-02;6.280069e-02;3.568135e-02;1.630452e-01;2.383219e-01;6.686835e-02;3.587570e-02;1.397593e-01;5.831844e-02
2.876778e-02;5.203959e-02;3.789316e-02;5.492900e-02;5.737239e-02;7.093188e-02;2.413124e-01;1.418338e-01;6.232039e-02;4.813614e-02;1.758176e-01;2.864587e-02
3.526982e-02;7.194094e-02;2.105002e-02;8.059472e-02;3.235569e-02;1.184551e-01;2.559720e-01;7.368307e-02;4.582379e-02;7.655010e-02;1.607561e-01;2.754867e-02
3.139691e-02;1.136243e-01;1.772670e-02;9.718382e-02;2.905057e-02;1.726612e-01;2.499531e-01;7.455952e-02;2.683556e-02;6.395742e-02;8.273510e-02;4.031567e-02
3.299789e-02;1.014528e-01;1.390638e-02;9.578764e-02;5.126612e-02;1.176556e-01;2.926545e-01;8.375367e-02;2.375837e-02;4.439007e-02;1.097821e-01;3.259491e-02
1.875046e-02;8.818948e-02;1.916069e-02;6.122696e-02;6.803167e-02;9.775734e-02;3.328668e-01;6.648404e-02;2.961438e-02;1.680456e-02;1.708476e-01;3.026604e-02
7.091005e-03;8.089399e-02;2.896197e-02;5.074450e-02;5.797997e-02;1.183524e-01;3.080684e-01;4.194161e-02;2.657944e-02;8.022302e-02;1.698657e-01;2.929807e-02
3.143613e-02;9.167378e-02;2.321984e-02;7.215776e-02;3.419992e-02;1.530718e-01;2.670203e-01;5.528859e-02;2.268211e-02;1.129686e-01;1.161765e-01;2.010466e-02
2.846749e-02;1.341341e-01;2.574370e-02;5.647724e-02;3.723160e-02;1.792308e-01;3.114642e-01;5.843715e-02;2.864970e-02;7.256327e-02;5.519795e-02;1.240281e-02
1.025410e-02;1.847852e-01;4.133298e-02;1.925802e-02;6.753361e-02;1.193601e-01;4.087387e-01;3.450675e-02;2.508198e-02;2.600074e-02;5.554863e-02;7.599179e-03
9.599803e-03;1.878137e-01;3.997630e-02;2.932288e-02;7.058173e-02;5.882909e-02;4.367723e-01;3.849358e-02;3.537067e-02;1.475991e-02;7.274928e-02;5.730704e-03
1.208196e-02;1.496663e-01;3.852866e-02;2.668455e-02;8.688903e-02;5.312148e-02;3.627771e-01;9.445058e-02;3.558105e-02;7.115478e-03;1.130601e-01;2.004368e-02
1.781507e-02;1.031418e-01;3.581261e-02;1.429509e-02;1.211988e-01;4.781526e-02;2.533666e-01;1.458494e-01;3.485063e-02;1.317823e-02;1.671417e-01;4.553467e-02
2.436016e-02;6.843514e-02;2.806475e-02;1.369438e-02;1.566248e-01;3.770440e-02;2.099872e-01;1.476860e-01;2.530484e-02;1.268741e-02;2.175647e-01;5.788622e-02
2.699847e-02;3.946301e-02;3.872090e-02;1.892487e-02;1.536494e-01;3.301990e-02;1.755234e-01;2.097456e-01;1.400955e-02;2.438325e-02;2.044961e-01;6.106556e-02
2.251221e-02;2.128985e-02;6.156798e-02;2.106277e-02;7.596659e-02;6.324280e-02;1.155022e-01;3.110310e-01;2.269394e-02;3.933695e-02;1.016541e-01;1.441396e-01
2.270156e-02;1.788156e-02;6.368675e-02;1.883264e-02;2.667485e-02;1.166016e-01;7.919939e-02;3.254551e-01;3.853107e-02;4.272963e-02;3.585967e-02;2.118462e-01
4.426192e-02;2.622594e-02;5.622901e-02;3.221971e-02;2.548597e-02;1.483855e-01;4.009473e-02;2.502033e-01;7.279935e-02;3.233989e-02;3.968990e-02;2.320647e-01
7.383416e-02;3.327067e-02;4.365882e-02;8.478973e-02;4.001445e-02;1.129308e-01;5.155395e-02;1.604933e-01;1.581699e-01;2.026089e-02;5.390524e-02;1.671181e-01
9.630024e-02;2.313549e-02;3.642916e-02;1.376990e-01;3.767801e-02;4.677160e-02;9.565655e-02;1.247526e-01;2.425818e-01;2.940209e-02;5.719383e-02;7.239969e-02
7.390658e-02;1.034343e-02;5.798146e-02;1.425077e-01;6.288510e-02;5.403917e-02;1.452284e-01;9.691993e-02;2.325896e-01;3.391346e-02;4.402405e-02;4.566119e-02
4.348424e-02;2.566326e-02;9.587897e-02;1.373116e-01;1.125637e-01;5.764304e-02;1.477064e-01;7.759717e-02;1.865465e-01;6.136901e-02;1.909696e-02;3.513912e-02
4.461688e-02;2.977977e-02;8.860692e-02;1.454072e-01;1.252299e-01;9.164158e-02;6.110539e-02;1.008406e-01;1.308424e-01;8.073383e-02;4.787248e-02;5.332299e-02
3.187840e-02;4.100297e-02;4.518979e-02;1.078796e-01;1.504088e-01;7.837141e-02;8.684473e-02;1.211012e-01;1.127385e-01;1.098785e-01;3.938038e-02;7.532575e-02
1.082835e-02;5.866443e-02;2.081138e-02;6.826388e-02;1.512288e-01;1.061936e-01;9.906990e-02;1.531494e-01;8.303221e-02;1.172723e-01;4.983801e-02;8.164763e-02
8.788120e-03;5.729439e-02;1.810994e-02;6.567769e-02;1.212743e-01;1.577082e-01;9.634972e-02;1.682809e-01;5.531098e-02;9.497134e-02;7.783051e-02;7.840393e-02
1.968603e-02;4.986295e-02;1.927740e-02;7.469113e-02;1.183234e-01;1.522035e-01;1.108007e-01;1.191620e-01;8.312910e-02;9.009410e-02;8.868433e-02;7.408541e-02
1.726042e-02;4.803535e-02;2.228352e-02;5.118939e-02;1.111106e-01;1.343799e-01;1.121917e-01;9.943776e-02;1.190202e-01;1.193250e-01;6.517796e-02;1.005883e-01
1.151779e-02;3.950346e-02;2.670728e-02;4.785092e-02;8.645505e-02;1.093764e-01;8.437462e-02;1.148601e-01;1.697050e-01;1.030315e-01;6.452110e-02;1.420967e-01
8.018780e-03;2.793943e-02;3.002501e-02;5.279156e-02;7.027441e-02;1.006194e-01;7.016021e-02;1.332060e-01;2.140526e-01;4.191706e-02;9.187003e-02;1.591255e-01
3.702234e-02;2.495329e-02;2.991020e-02;4.834618e-02;4.659783e-02;1.204787e-01;6.209759e-02;1.670009e-01;1.921713e-01;4.639092e-02;1.243576e-01;1.006731e-01
6.604187e-02;3.798553e-02;3.532406e-02;5.083582e-02;6.133889e-02;1.243435e-01;5.965216e-02;1.624189e-01;1.587058e-01;5.778431e-02;1.053188e-01;8.025029e-02
6.426588e-02;3.152862e-02;4.950067e-02;3.868299e-02;5.961446e-02;8.598576e-02;7.845649e-02;2.158827e-01;1.772863e-01;7.702923e-02;6.771906e-02;5.404777e-02
3.453748e-02;1.797123e-02;5.767360e-02;2.960275e-02;2.421522e-02;1.036618e-01;7.818144e-02;2.664758e-01;1.885796e-01;9.885471e-02;6.846821e-02;3.177825e-02
1.579902e-02;2.378253e-02;4.519102e-02;3.852676e-02;3.953582e-02;1.046089e-01;7.888678e-02;2.613202e-01;1.904974e-01;1.332499e-01;3.598921e-02;3.261247e-02
2.066988e-02;2.470239e-02;2.176522e-02;6.091487e-02;6.382616e-02;9.577809e-02;8.405373e-02;2.181394e-01;2.232169e-01;1.197183e-01;2.153291e-02;4.568213e-02
4.106285e-02;2.803859e-02;2.987219e-02;7.187402e-02;4.225726e-02;6.960353e-02;7.076351e-02;2.032087e-01;2.746700e-01;9.929571e-02;3.843462e-02;3.091900e-02
7.386866e-02;2.808936e-02;3.818792e-02;7.412731e-02;5.857106e-02;8.145439e-02;7.102467e-02;1.865362e-01;2.764153e-01;6.927676e-02;3.703154e-02;5.416846e-03
1.108751e-01;1.691951e-02;2.422198e-02;9.819257e-02;4.669072e-02;5.760746e-02;7.324549e-02;1.721562e-01;2.773312e-01;4.174025e-02;5.830511e-02;2.271438e-02
1.088364e-01;9.505559e-03;1.948406e-02;1.079064e-01;3.310042e-02;3.441017e-02;5.821064e-02;2.226015e-01;2.642872e-01;3.644909e-02;6.948420e-02;3.572427e-02
7.099338e-02;2.446153e-02;4.151681e-02;1.039251e-01;3.714018e-02;4.093477e-02;4.127081e-02;2.949301e-01;2.303053e-01;3.413476e-02;5.666454e-02;2.372274e-02
3.164629e-02;3.517850e-02;4.084025e-02;9.060278e-02;3.756935e-02;4.495412e-02;4.191630e-02;3.839924e-01;1.947818e-01;2.939267e-02;4.629716e-02;2.282847e-02
3.311009e-02;2.930143e-02;2.136608e-02;6.999476e-02;4.252805e-02;2.051163e-02;3.503576e-02;3.672216e-01;2.571084e-01;2.504931e-02;6.065542e-02;3.811747e-02
4.289916e-02;3.314879e-02;2.311026e-02;9.149969e-02;7.645892e-02;2.878848e-02;3.913794e-02;2.956352e-01;2.559058e-01;2.126238e-02;4.504137e-02;4.711195e-02
3.454274e-02;5.196879e-02;4.786643e-02;8.324266e-02;1.085755e-01;4.716719e-02;3.485397e-02;2.974560e-01;2.175434e-01;1.470163e-02;2.573463e-02;3.634707e-02
2.802370e-02;6.209067e-02;9.830487e-02;4.847108e-02;9.558205e-02;5.900041e-02;4.429360e-02;2.866056e-01;1.648738e-01;1.660847e-02;2.835986e-02;6.778591e-02
2.354454e-02;5.176376e-02;1.813499e-01;4.970244e-02;6.027203e-02;7.049308e-02;4.927083e-02;2.458272e-01;1.111356e-01;3.158553e-02;2.591006e-02;9.914503e-02
1.959120e-02;4.970254e-02;1.824932e-01;5.749812e-02;5.863887e-02;1.006200e-01;1.146236e-01;2.071095e-01;7.172609e-02;4.150624e-02;2.847048e-02;6.802019e-02
2.327647e-02;7.092483e-02;1.264510e-01;6.809352e-02;9.181417e-02;1.123158e-01;1.471157e-01;2.054509e-01;4.638679e-02;2.393319e-02;5.614753e-02;2.809012e-02
2.387921e-02;8.787512e-02;8.321977e-02;5.281053e-02;1.117158e-01;8.414356e-02;1.728747e-01;2.471166e-01;3.422209e-02;8.478950e-03;8.520759e-02;8.456022e-03
2.423422e-02;1.066186e-01;4.479612e-02;2.703449e-02;1.080122e-01;4.377748e-02;2.334764e-01;2.284205e-01;4.371466e-02;7.926954e-03;1.247213e-01;7.267112e-03
1.527790e-02;1.370719e-01;2.443762e-02;1.526621e-02;9.640902e-02;3.609473e-02;3.053545e-01;1.417164e-01;6.133148e-02;1.564451e-02;1.461596e-01;5.236136e-03
9.537540e-03;1.471607e-01;2.734541e-02;1.251202e-02;8.641068e-02;4.075141e-02;3.391848e-01;8.021406e-02;6.950105e-02;1.969045e-02;1.597793e-01;7.912513e-03
1.401373e-02;1.445571e-01;2.317096e-02;1.256215e-02;8.350999e-02;3.780819e-02;3.380392e-01;7.660508e-02;6.996337e-02;1.594151e-02;1.664497e-01;1.737898e-02
1.930010e-02;1.311607e-01;3.734696e-02;1.789844e-02;8.201966e-02;3.981730e-02;3.427878e-01;8.208356e-02;5.357232e-02;1.246504e-02;1.584433e-01;2.310482e-02
2.358543e-02;1.164555e-01;5.898026e-02;2.265283e-02;7.136567e-02;5.644757e-02;3.572119e-01;9.754267e-02;2.974471e-02;1.981541e-02;1.248348e-01;2.136328e-02
2.943346e-02;9.637559e-02;6.136279e-02;2.051377e-02;5.042556e-02;1.224720e-01;3.298510e-01;1.420457e-01;3.009528e-02;2.201151e-02;7.687683e-02;1.853648e-02
3.166096e-02;7.283485e-02;4.297456e-02;1.777055e-02;4.290103e-02;1.499908e-01;2.725965e-01;1.814495e-01;4.657601e-02;3.672107e-02;8.304475e-02;2.147945e-02
3.174866e-02;4.675614e-02;4.783818e-02;4.634170e-02;5.137247e-02;1.006492e-01;1.654289e-01;1.774934e-01;8.856918e-02;3.794250e-02;1.578777e-01;4.798201e-02
2.665041e-02;4.971944e-02;6.687512e-02;3.945106e-02;5.377012e-02;1.055428e-01;1.087445e-01;1.393925e-01;1.049599e-01;4.209154e-02;1.975275e-01;6.527526e-02
1.443623e-02;6.954469e-02;4.131265e-02;2.419408e-02;7.468643e-02;8.603706e-02;1.955056e-01;1.760314e-01;9.277502e-02;3.045071e-02;1.355834e-01;5.944273e-02
1.493513e-02;8.986430e-02;3.019700e-02;2.594531e-02;1.198267e-01;1.081440e-01;1.612490e-01;1.917631e-01;9.714221e-02;2.446521e-02;8.787824e-02;4.858979e-02
2.411100e-02;9.199721e-02;3.529549e-02;2.957175e-02;1.208244e-01;1.103070e-01;1.935219e-01;1.884122e-01;1.034222e-01;2.476619e-02;3.995972e-02;3.781102e-02
3.758447e-02;8.201789e-02;5.302625e-02;2.783055e-02;7.011729e-02;9.913865e-02;1.865193e-01;2.190102e-01;1.320704e-01;2.296777e-02;4.615888e-02;2.355818e-02
2.606746e-02;6.742694e-02;7.053954e-02;5.011491e-02;5.592991e-02;7.005155e-02;1.750375e-01;1.569152e-01;1.312337e-01;4.651960e-02;9.076582e-02;5.939785e-02
3.489241e-02;8.267422e-02;1.434304e-01;7.130942e-02;4.977255e-02;4.945804e-02;1.216525e-01;1.367725e-01;8.727866e-02;5.339241e-02;8.986983e-02;7.949700e-02
2.421974e-02;9.594414e-02;1.397489e-01;5.794662e-02;4.150692e-02;8.615572e-02;1.365954e-01;1.748543e-01;6.005815e-02;4.570139e-02;8.567004e-02;5.159868e-02
6.859486e-03;1.197592e-01;9.705145e-02;3.916615e-02;3.492489e-02;8.781464e-02;2.548498e-01;1.539391e-01;4.926956e-02;3.456133e-02;9.835532e-02;2.344901e-02
2.225319e-02;1.196155e-01;4.439990e-02;3.924444e-02;1.884414e-02;1.363053e-01;3.305772e-01;1.096538e-01;4.029745e-02;5.063785e-02;8.481206e-02;3.359176e-03
4.850034e-02;8.385147e-02;2.680160e-02;5.124366e-02;2.865009e-02;2.352919e-01;2.822983e-01;7.396694e-02;3.276685e-02;7.944845e-02;4.821489e-02;8.965498e-03
6.351472e-02;6.138809e-02;4.445411e-02;6.726941e-02;5.459436e-02;2.935228e-01;1.771424e-01;6.327184e-02;4.171337e-02;9.652450e-02;3.141917e-02;5.185228e-03
5.713719e-02;6.403266e-02;6.906226e-02;7.030766e-02;6.740167e-02;2.742621e-01;1.103219e-01;1.060080e-01;4.899499e-02;9.587013e-02;1.567093e-02;2.093049e-02
2.673401e-02;5.617557e-02;4.826605e-02;8.799005e-02;5.079102e-02;1.813910e-01;1.404472e-01;1.970270e-01;6.068543e-02;7.642813e-02;3.611348e-02;3.795118e-02
1.775785e-02;8.510898e-02;5.163379e-02;7.843073e-02;6.530335e-02;1.278681e-01;1.804595e-01;1.985482e-01;8.413900e-02;1.818222e-02;5.728688e-02;3.528140e-02
2.900876e-02;8.256357e-02;4.558113e-02;6.320452e-02;5.158794e-02;2.127555e-01;1.034508e-01;1.646986e-01;1.000073e-01;4.134211e-02;5.397180e-02;5.182783e-02
1.509291e-02;7.175677e-02;4.162352e-02;4.054057e-02;5.674462e-02;2.372248e-01;7.764915e-02;1.854150e-01;1.164797e-01;3.355456e-02;6.584803e-02;5.807044e-02
1.945340e-02;7.262029e-02;5.173632e-02;6.592389e-02;4.126115e-02;1.717698e-01;1.150092e-01;2.004955e-01;1.013031e-01;2.984172e-02;8.007602e-02;5.050976e-02
2.009562e-02;9.550618e-02;6.332900e-02;4.972887e-02;3.181934e-02;1.794324e-01;1.494432e-01;1.676118e-01;8.283941e-02;3.744242e-02;7.941345e-02;4.333837e-02
1.066200e-02;9.457897e-02;2.737551e-02;2.388698e-02;4.476301e-02;2.202842e-01;2.668902e-01;1.255738e-01;5.356234e-02;2.865686e-02;9.035353e-02;1.341267e-02
1.376279e-02;8.315469e-02;2.366419e-02;1.797437e-02;3.109065e-02;1.430275e-01;2.941452e-01;1.888716e-01;4.961171e-02;2.622782e-02;1.179351e-01;1.053438e-02
2.940461e-02;7.449427e-02;7.728907e-02;6.990228e-02;9.299254e-02;1.028580e-01;1.227835e-01;2.105800e-01;6.865370e-02;5.972159e-02;8.259899e-02;8.721432e-03
1.359412e-02;8.558138e-02;1.031407e-01;5.196669e-02;1.068791e-01;1.398223e-01;2.062135e-01;1.364109e-01;6.466673e-02;2.692937e-02;3.737338e-02;2.742174e-02
9.576488e-03;7.944822e-02;7.850838e-02;4.067282e-02;9.604295e-02;9.246106e-02;2.394980e-01;1.472478e-01;5.207443e-02;4.908232e-02;9.371664e-02;2.167085e-02
2.337385e-02;6.091906e-02;5.074577e-02;6.255789e-02;7.055620e-02;5.679273e-02;2.615077e-01;1.344990e-01;3.797881e-02;8.630767e-02;1.255530e-01;2.920833e-02
3.369503e-02;3.673671e-02;2.765677e-02;1.025156e-01;3.526779e-02;1.060352e-01;2.427673e-01;1.003601e-01;3.240672e-02;1.275199e-01;1.272027e-01;2.783621e-02
3.954719e-02;5.741445e-02;1.532217e-02;1.691697e-01;1.941367e-02;1.506106e-01;1.789393e-01;3.802507e-02;3.292819e-02;1.785927e-01;9.967401e-02;2.036300e-02
7.674614e-02;7.185782e-02;2.478539e-02;1.935428e-01;2.214254e-02;1.614203e-01;1.037564e-01;4.086474e-02;2.685666e-02;1.818198e-01;7.841039e-02;1.779704e-02
6.321289e-02;1.013876e-01;2.953793e-02;1.430662e-01;3.582076e-02;1.134729e-01;1.972684e-01;3.886543e-02;4.618456e-02;1.254050e-01;9.109358e-02;1.468460e-02
2.703235e-02;1.280899e-01;2.083153e-02;7.044922e-02;4.634092e-02;5.521575e-02;3.160176e-01;4.225812e-02;8.283957e-02;4.761039e-02;1.527901e-01;1.052464e-02
1.110214e-02;1.187444e-01;1.385818e-02;2.674200e-02;5.646688e-02;4.627486e-02;3.478816e-01;3.504557e-02;9.398925e-02;1.888439e-02;2.195611e-01;1.144972e-02
1.458531e-02;9.097056e-02;2.166460e-02;1.536539e-02;7.662132e-02;4.584258e-02;3.085572e-01;2.862036e-02;8.578046e-02;1.672715e-02;2.847470e-01;1.051808e-02
1.996465e-02;7.082851e-02;3.785235e-02;1.617195e-02;9.754506e-02;4.197531e-02;2.502340e-01;5.414386e-02;5.699848e-02;2.510767e-02;3.217283e-01;7.449879e-03
2.352611e-02;6.453063e-02;6.019527e-02;2.590246e-02;8.531655e-02;3.822387e-02;2.246552e-01;1.126935e-01;2.268908e-02;2.312407e-02;2.854028e-01;3.374049e-02
2.464523e-02;5.625947e-02;9.382416e-02;3.178215e-02;4.748624e-02;4.728918e-02;2.398164e-01;1.767274e-01;2.450980e-02;3.928524e-02;1.629065e-01;5.546832e-02
1.892860e-02;7.177439e-02;1.214678e-01;3.625714e-02;2.175316e-02;7.658327e-02;2.125962e-01;2.180487e-01;3.970111e-02;5.092492e-02;6.706193e-02;6.490273e-02
1.443274e-02;7.808259e-02;1.158058e-01;4.382081e-02;3.944879e-02;1.172919e-01;2.012343e-01;2.010490e-01;4.359047e-02;3.796336e-02;5.657169e-02;5.070862e-02
1.239161e-02;3.361269e-02;4.131881e-02;6.765872e-02;5.630028e-02;1.336380e-01;2.767175e-01;8.282740e-02;5.620614e-02;4.880639e-02;1.649276e-01;2.559494e-02
1.502828e-02;2.776731e-02;5.175091e-02;4.048707e-02;5.819610e-02;8.312079e-02;2.982666e-01;5.439901e-02;6.483878e-02;5.418226e-02;2.061905e-01;4.577240e-02
2.844836e-02;5.788914e-02;5.231636e-02;3.884048e-02;4.067153e-02;1.299993e-01;3.238404e-01;5.761622e-02;7.015914e-02;5.584432e-02;1.291954e-01;1.517933e-02
3.736773e-02;7.934995e-02;3.631547e-02;4.850856e-02;5.229132e-02;1.699652e-01;2.333099e-01;5.171761e-02;8.193918e-02;7.196364e-02;1.082979e-01;2.897363e-02
3.456685e-02;5.592375e-02;5.777141e-02;8.349049e-02;6.853736e-02;1.512473e-01;1.649937e-01;9.093639e-02;8.430314e-02;3.962664e-02;1.137277e-01;5.487530e-02
5.969191e-02;7.180578e-02;8.664710e-02;1.179972e-01;8.486974e-02;6.770967e-02;9.235567e-02;1.303768e-01;8.362827e-02;3.234292e-02;1.241218e-01;4.845312e-02
6.994192e-02;6.578455e-02;1.072009e-01;1.244163e-01;7.731021e-02;6.628446e-02;6.099667e-02;1.238184e-01;1.169032e-01;3.197035e-02;1.307476e-01;2.462537e-02
7.700996e-02;4.135743e-02;1.011985e-01;1.358655e-01;6.272122e-02;4.674282e-02;6.942267e-02;1.343550e-01;1.429254e-01;2.058757e-02;1.490397e-01;1.877433e-02
6.742105e-02;5.772046e-02;1.150566e-01;1.167132e-01;3.828755e-02;4.142555e-02;4.894829e-02;1.857567e-01;1.406558e-01;1.897450e-02;1.338870e-01;3.515338e-02
4.906115e-02;8.391964e-02;1.300023e-01;7.253347e-02;2.471666e-02;8.155786e-02;5.455394e-02;2.168745e-01;1.128893e-01;2.233364e-02;8.309871e-02;6.845883e-02
3.773585e-02;1.029584e-01;1.294340e-01;3.499176e-02;3.023462e-02;1.209992e-01;7.895252e-02;2.082293e-01;9.370034e-02;2.698141e-02;5.336175e-02;8.242074e-02
4.171347e-02;7.919033e-02;1.021887e-01;4.691807e-02;5.263302e-02;1.439633e-01;1.113092e-01;1.635178e-01;7.863248e-02;3.998302e-02;6.785374e-02;7.209684e-02
4.798712e-02;6.838564e-02;2.912105e-02;1.010572e-01;6.581044e-02;1.193287e-01;1.018266e-01;1.630609e-01;7.516509e-02;5.226444e-02;1.242478e-01;5.174501e-02
4.547049e-02;6.391711e-02;2.736888e-02;9.284096e-02;5.876301e-02;9.285147e-02;1.067355e-01;1.709108e-01;6.058715e-02;7.922316e-02;1.454386e-01;5.589280e-02
3.125868e-02;5.098861e-02;3.828329e-02;7.573540e-02;4.208477e-02;1.095660e-01;1.634645e-01;1.437738e-01;1.308693e-01;1.189965e-01;6.052677e-02;3.445239e-02
1.366770e-02;2.801433e-02;3.222187e-02;7.607563e-02;3.599130e-02;1.225787e-01;1.950038e-01;1.316590e-01;1.555449e-01;1.420294e-01;4.899815e-02;1.821515e-02
1.790175e-02;3.556581e-02;4.015549e-02;9.392313e-02;3.759685e-02;1.283009e-01;1.800603e-01;1.416464e-01;1.087403e-01;1.481852e-01;5.268205e-02;1.524190e-02
1.692834e-02;4.666653e-02;8.638876e-02;1.157265e-01;3.391078e-02;1.914575e-01;1.616967e-01;1.339908e-01;6.219340e-02;1.071843e-01;3.473327e-02;9.123221e-03
1.144221e-02;6.962322e-02;1.471851e-01;1.152236e-01;2.979482e-02;2.063068e-01;1.499278e-01;1.491550e-01;4.126415e-02;5.488005e-02;1.844111e-02;6.756118e-03
7.952495e-03;9.129275e-02;1.308064e-01;7.065858e-02;6.840602e-02;2.297646e-01;1.221416e-01;1.781140e-01;5.704060e-02;2.449220e-02;1.319296e-02;6.137785e-03
7.896008e-03;7.650699e-02;6.614480e-02;1.008146e-01;1.085833e-01;2.285361e-01;1.136909e-01;1.848282e-01;7.294517e-02;1.798199e-02;1.308323e-02;8.988856e-03
6.497494e-03;5.404060e-02;1.013967e-01;1.351592e-01;1.002110e-01;1.855163e-01;1.284690e-01;1.667919e-01;6.058615e-02;2.739705e-02;2.281303e-02;1.112130e-02
9.811681e-03;3.210671e-02;8.509168e-02;1.084511e-01;5.828116e-02;1.545782e-01;2.146859e-01;1.389110e-01;6.882868e-02;4.012847e-02;7.829212e-02;1.083324e-02
1.030447e-02;4.020112e-02;4.244862e-02;7.490054e-02;5.658551e-02;1.689976e-01;2.564943e-01;9.388711e-02;8.061285e-02;4.590990e-02;1.179059e-01;1.175209e-02
1.853673e-02;5.300369e-02;4.641335e-02;8.492590e-02;7.195950e-02;1.779418e-01;2.261106e-01;9.771466e-02;6.158665e-02;2.736691e-02;1.122840e-01;2.215613e-02
2.039855e-02;4.735735e-02;5.427071e-02;6.481880e-02;5.056728e-02;1.858875e-01;2.274229e-01;1.363336e-01;6.002680e-02;2.274379e-02;1.044439e-01;2.572884e-02
1.959849e-02;4.591940e-02;4.209405e-02;5.621992e-02;5.657746e-02;1.136188e-01;2.938590e-01;1.052691e-01;9.235516e-02;3.003171e-02;1.177791e-01;2.667777e-02
6.657951e-02;4.100177e-02;4.427404e-02;7.667189e-02;7.306661e-02;7.746625e-02;1.765655e-01;8.821303e-02;7.176095e-02;4.552568e-02;1.111561e-01;1.277187e-01
8.448900e-02;5.590952e-02;5.175453e-02;7.123709e-02;7.651387e-02;8.815024e-02;9.362920e-02;6.372072e-02;5.003333e-02;5.579843e-02;1.271202e-01;1.816438e-01
5.451457e-02;1.046271e-01;1.077727e-01;7.370739e-02;6.934866e-02;1.024240e-01;6.299945e-02;6.850942e-02;5.984135e-02;3.862391e-02;9.639500e-02;1.612365e-01
5.789116e-02;1.320450e-01;1.933237e-01;1.088523e-01;4.519349e-02;8.170205e-02;3.010237e-02;1.083746e-01;6.477173e-02;2.174290e-02;7.951944e-02;7.648123e-02
6.162086e-02;1.474977e-01;2.018020e-01;1.037807e-01;5.289241e-02;5.282814e-02;7.641312e-02;1.104299e-01;5.020027e-02;1.991571e-02;8.864066e-02;3.397863e-02
5.013047e-02;1.618116e-01;1.737314e-01;8.274107e-02;4.544308e-02;7.068869e-02;1.379256e-01;8.764733e-02;3.573417e-02;2.930362e-02;7.860570e-02;4.623724e-02
4.771583e-02;1.337548e-01;1.093385e-01;8.630061e-02;2.789841e-02;1.274728e-01;2.025549e-01;6.436738e-02;2.091309e-02;5.938540e-02;3.257460e-02;8.772372e-02
6.199169e-02;7.267467e-02;4.586612e-02;9.987652e-02;3.213572e-02;2.128471e-01;1.895930e-01;3.308221e-02;2.085996e-02;1.083753e-01;1.389855e-02;1.087991e-01
8.922628e-02;4.248497e-02;2.983173e-02;9.412146e-02;3.477632e-02;3.000680e-01;1.224149e-01;4.575768e-02;1.413411e-02;1.305249e-01;2.751062e-02;6.914900e-02
1.054869e-01;3.730112e-02;2.518305e-02;7.130323e-02;5.444695e-02;3.749831e-01;6.593602e-02;5.367350e-02;1.872432e-02;1.238318e-01;2.915484e-02;3.997520e-02
1.138607e-01;3.082949e-02;2.494638e-02;4.736506e-02;6.742726e-02;4.243147e-01;3.910336e-02;7.481749e-02;2.591848e-02;1.075143e-01;2.156467e-02;2.233810e-02
1.092923e-01;5.401009e-02;3.117145e-02;4.806753e-02;8.110377e-02;3.779429e-01;4.087440e-02;8.053159e-02;2.565157e-02;7.480528e-02;3.932388e-02;3.722529e-02
9.614176e-02;7.622494e-02;5.933740e-02;5.233571e-02;8.262520e-02;3.186233e-01;4.526443e-02;7.290444e-02;3.516077e-02;4.080748e-02;7.405742e-02;4.651718e-02
7.111172e-02;8.626200e-02;7.676905e-02;6.030471e-02;6.393039e-02;2.678925e-01;3.890283e-02;7.757229e-02;5.317615e-02;4.579210e-02;1.107455e-01;4.754085e-02
3.214436e-02;6.032828e-02;6.389313e-02;8.427478e-02;3.658109e-02;3.206231e-01;4.690680e-02;1.412132e-01;6.375241e-02;5.949861e-02;6.204315e-02;2.874112e-02
3.247773e-02;6.670915e-02;4.058062e-02;6.526343e-02;3.358153e-02;3.320816e-01;4.946161e-02;2.114823e-01;7.431602e-02;5.293613e-02;1.860654e-02;2.250325e-02
3.495117e-02;6.149849e-02;2.843715e-02;4.188442e-02;2.897073e-02;4.126962e-01;6.106482e-02;1.819746e-01;5.430106e-02;6.160710e-02;1.913948e-02;1.347478e-02
3.755657e-02;3.578968e-02;2.741463e-02;2.379295e-02;3.683580e-02;4.634528e-01;7.374064e-02;1.450862e-01;4.022305e-02;7.619916e-02;2.081646e-02;1.909211e-02
4.099045e-02;3.353955e-02;3.626228e-02;1.895264e-02;4.978914e-02;4.277423e-01;7.375552e-02;1.656801e-01;3.721797e-02;7.349893e-02;2.374110e-02;1.882996e-02
4.728798e-02;4.556175e-02;2.595130e-02;2.184495e-02;6.000336e-02;4.156695e-01;7.899472e-02;1.598299e-01;4.230979e-02;7.089138e-02;1.542360e-02;1.623183e-02
3.426374e-02;5.439729e-02;4.166507e-02;5.981699e-02;6.072168e-02;3.747025e-01;7.253073e-02;1.568281e-01;5.076860e-02;5.437736e-02;1.158417e-02;2.834376e-02
2.678313e-02;9.269597e-02;1.184222e-01;1.056248e-01;6.701175e-02;2.730021e-01;5.306658e-02;1.316550e-01;5.597306e-02;3.653847e-02;1.175074e-02;2.747611e-02
3.714038e-02;8.991146e-02;1.316415e-01;1.614262e-01;8.567518e-02;2.134065e-01;5.497677e-02;1.229162e-01;5.204976e-02;2.773933e-02;6.595805e-03;1.652089e-02
4.189821e-02;7.600196e-02;7.891331e-02;2.598890e-01;8.821008e-02;2.237718e-01;6.395733e-02;8.435855e-02;3.980490e-02;2.808099e-02;5.321221e-03;9.792649e-03
3.744102e-02;9.239750e-02;7.469810e-02;2.930945e-01;6.171406e-02;2.162333e-01;5.402361e-02;8.108099e-02;3.492487e-02;3.595066e-02;6.752935e-03;1.168847e-02
3.057776e-02;1.209166e-01;1.177734e-01;1.990630e-01;3.645927e-02;2.053152e-01;6.042590e-02;1.337250e-01;4.856407e-02;3.014458e-02;6.390102e-03;1.064513e-02
2.051110e-02;1.232421e-01;1.032284e-01;8.965963e-02;6.222715e-02;1.924155e-01;1.059774e-01;1.820533e-01;6.518859e-02;2.990476e-02;1.692204e-02;8.670065e-03
1.769810e-02;1.072847e-01;6.540619e-02;7.702290e-02;1.403103e-01;1.565229e-01;1.091143e-01;1.993598e-01;6.701766e-02;3.213520e-02;2.330375e-02;4.824265e-03
1.555560e-02;6.641933e-02;8.474617e-02;1.700770e-01;1.723570e-01;9.137391e-02;6.893831e-02;2.138150e-01;5.899645e-02;2.610080e-02;2.202362e-02;9.596806e-03
1.073422e-02;4.460476e-02;1.533375e-01;2.575136e-01;8.972606e-02;4.393941e-02;4.309107e-02;2.339524e-01;6.715707e-02;1.967983e-02;1.577124e-02;2.049286e-02
2.873798e-02;4.205732e-02;2.105741e-01;1.906155e-01;2.490541e-02;5.850146e-02;7.044184e-02;2.400766e-01;7.715864e-02;1.290801e-02;1.156522e-02;3.245790e-02
4.558968e-02;6.482042e-02;2.175494e-01;7.873430e-02;3.699879e-02;9.979469e-02;8.302279e-02;2.186330e-01;8.720400e-02;1.248258e-02;1.144515e-02;4.372520e-02
5.863049e-02;9.775838e-02;1.742907e-01;4.568828e-02;3.565009e-02;1.533928e-01;7.454173e-02;1.829967e-01;8.718204e-02;1.588602e-02;1.956104e-02;5.442171e-02
6.689253e-02;1.059349e-01;1.107789e-01;4.632984e-02;3.024994e-02;2.169094e-01;8.202336e-02;1.573015e-01;6.918662e-02;2.060142e-02;3.087874e-02;6.291276e-02
6.449676e-02;8.249146e-02;9.061521e-02;7.079257e-02;4.936447e-02;2.047076e-01;9.532848e-02;1.196012e-01;8.754348e-02;2.997545e-02;6.831444e-02;3.676891e-02
6.954099e-02;6.235858e-02;1.189396e-01;1.094010e-01;9.040283e-02;9.993978e-02;5.602817e-02;9.955791e-02;1.300195e-01;3.270870e-02;1.013256e-01;2.977732e-02
5.070278e-02;4.467389e-02;9.250900e-02;1.573919e-01;9.932472e-02;6.784057e-02;2.713912e-02;1.251304e-01;1.395142e-01;2.859147e-02;1.257871e-01;4.139487e-02
6.892478e-02;2.149628e-02;7.662620e-02;2.013239e-01;8.950050e-02;3.681324e-02;1.884910e-02;1.133431e-01;1.539478e-01;2.226684e-02;1.662657e-01;3.064257e-02
7.828250e-02;1.905327e-02;9.292997e-02;2.057233e-01;7.106635e-02;2.491806e-02;1.895793e-02;1.133471e-01;1.541862e-01;2.630932e-02;1.804884e-01;1.473760e-02
6.814697e-02;2.256918e-02;1.214550e-01;1.764124e-01;6.192856e-02;3.011859e-02;1.826465e-02;1.589228e-01;1.548487e-01;3.063622e-02;1.461002e-01;1.059684e-02
4.524115e-02;2.157929e-02;1.362663e-01;1.306766e-01;5.899342e-02;7.590687e-02;2.492213e-02;2.483901e-01;1.362371e-01;2.074712e-02;8.489072e-02;1.614918e-02
2.567274e-02;3.858771e-02;1.428710e-01;7.470897e-02;4.867772e-02;1.081479e-01;2.455293e-02;3.295816e-01;9.557432e-02;2.559638e-02;5.886620e-02;2.716247e-02
1.840913e-02;3.121066e-02;6.710162e-02;8.869771e-02;3.623284e-02;5.156536e-02;2.921423e-02;2.975260e-01;2.628107e-01;2.493178e-02;7.115325e-02;2.114672e-02
2.883765e-02;1.675806e-02;3.082534e-02;1.281867e-01;4.226817e-02;2.609820e-02;3.429325e-02;2.485171e-01;3.288923e-01;2.191398e-02;8.836003e-02;5.049239e-03
4.898056e-02;2.168345e-02;2.978044e-02;1.201343e-01;3.874389e-02;3.419491e-02;3.214126e-02;2.386561e-01;3.329157e-01;1.917399e-02;7.959505e-02;4.000374e-03
6.654139e-02;1.986032e-02;3.277113e-02;8.811405e-02;3.571936e-02;3.528034e-02;3.009921e-02;2.340087e-01;3.409032e-01;2.598592e-02;8.527529e-02;5.441166e-03
7.029843e-02;2.518136e-02;3.403170e-02;7.536512e-02;3.737956e-02;3.766966e-02;3.796460e-02;2.361914e-01;3.321223e-01;2.453879e-02;8.023373e-02;9.023331e-03
6.665831e-02;7.953723e-02;1.123926e-01;1.081311e-01;4.659259e-02;1.834187e-02;5.007069e-02;1.490947e-01;2.761478e-01;2.784696e-02;4.589755e-02;1.928861e-02
5.964996e-02;8.351196e-02;1.370895e-01;1.400468e-01;5.185072e-02;1.351417e-02;5.753632e-02;1.503404e-01;2.340696e-01;2.657625e-02;2.735437e-02;1.845993e-02
4.863981e-02;4.540582e-02;8.765750e-02;1.551028e-01;4.652881e-02;1.731541e-02;7.583357e-02;2.104455e-01;2.575084e-01;2.054500e-02;2.561576e-02;9.401624e-03
4.180092e-02;1.752122e-02;3.521684e-02;1.307967e-01;5.242553e-02;2.937178e-02;8.493347e-02;2.625104e-01;3.015919e-01;1.773023e-02;2.070588e-02;5.395194e-03
3.766261e-02;7.426649e-03;4.352021e-02;1.244345e-01;4.735574e-02;2.368144e-02;6.913949e-02;2.908440e-01;3.154883e-01;1.977841e-02;1.296511e-02;7.703512e-03
3.373249e-02;1.674411e-02;3.072471e-02;1.189333e-01;4.072787e-02;2.632154e-02;5.499269e-02;3.191330e-01;3.177820e-01;1.959145e-02;1.632599e-02;4.990959e-03
3.256316e-02;2.069696e-02;3.644656e-02;1.243810e-01;4.589181e-02;2.268509e-02;6.105762e-02;2.933202e-01;3.259086e-01;1.799248e-02;1.472773e-02;4.328770e-03
2.618844e-02;1.729836e-02;4.408059e-02;1.025520e-01;5.006535e-02;4.626672e-02;9.105045e-02;2.692590e-01;3.130772e-01;2.562593e-02;9.347886e-03;5.188186e-03
1.614639e-02;1.793271e-02;4.164415e-02;7.057606e-02;4.654548e-02;6.856959e-02;1.018514e-01;2.627893e-01;3.156725e-01;3.731981e-02;1.186278e-02;9.089725e-03
1.557941e-02;2.160892e-02;2.745097e-02;3.599718e-02;3.759399e-02;7.967004e-02;8.688978e-02;2.879551e-01;3.277190e-01;5.255637e-02;1.795805e-02;9.021184e-03
1.811908e-02;3.909409e-02;2.418136e-02;2.892007e-02;2.852501e-02;6.618369e-02;6.764525e-02;3.447376e-01;2.979549e-01;5.485436e-02;2.313293e-02;6.651646e-03
1.467504e-02;5.994203e-02;5.431468e-02;2.199530e-02;2.630455e-02;1.009756e-01;6.256559e-02;3.771333e-01;2.135976e-01;4.170376e-02;2.212982e-02;4.662727e-03
1.237557e-02;6.441393e-02;5.065957e-02;1.700010e-02;1.900223e-02;1.119483e-01;6.424311e-02;3.748125e-01;2.171118e-01;3.536211e-02;2.408858e-02;8.982126e-03
1.275576e-02;5.940731e-02;7.628714e-02;3.244176e-02;1.774584e-02;6.329542e-02;8.113196e-02;3.953306e-01;1.844549e-01;3.767692e-02;2.904846e-02;1.042391e-02
2.092672e-02;8.054472e-02;8.568140e-02;3.842444e-02;2.908774e-02;6.108358e-02;8.101428e-02;2.480676e-01;2.411004e-01;5.576804e-02;3.620040e-02;2.210072e-02
2.181831e-02;7.452863e-02;5.453948e-02;3.286738e-02;3.728887e-02;5.096672e-02;4.453958e-02;2.192659e-01;2.998096e-01;9.290723e-02;4.488466e-02;2.658353e-02
1.880096e-02;4.963872e-02;2.549208e-02;2.079408e-02;3.850644e-02;4.913213e-02;3.110133e-02;2.515206e-01;3.484569e-01;9.327688e-02;4.982622e-02;2.345365e-02
1.738553e-02;4.177190e-02;2.624041e-02;2.139456e-02;6.050490e-02;7.692156e-02;3.013010e-02;1.717215e-01;3.707379e-01;9.536606e-02;6.160710e-02;2.621846e-02
3.117963e-02;7.691489e-02;3.332073e-02;2.601175e-02;1.210959e-01;7.724655e-02;1.961102e-02;1.364526e-01;3.174456e-01;8.358995e-02;5.500668e-02;2.212464e-02
6.719412e-02;7.298721e-02;2.350876e-02;4.451765e-02;1.223947e-01;4.029087e-02;1.380580e-02;1.656497e-01;3.141977e-01;7.539210e-02;4.150393e-02;1.855733e-02
8.747064e-02;4.030714e-02;4.434808e-02;1.101058e-01;6.564228e-02;2.507359e-02;1.074001e-02;2.098363e-01;3.269953e-01;4.038433e-02;2.353500e-02;1.556151e-02
7.060739e-02;3.297611e-02;6.033924e-02;1.543658e-01;3.627548e-02;1.533258e-02;8.075416e-03;2.497059e-01;3.078297e-01;2.554005e-02;1.832821e-02;2.062413e-02
4.026955e-02;2.901487e-02;8.623734e-02;1.472640e-01;2.211156e-02;3.005512e-02;1.662858e-02;3.201286e-01;2.518188e-01;1.386400e-02;8.766767e-03;3.384068e-02
1.574617e-02;5.369291e-02;1.311756e-01;8.846486e-02;1.142339e-02;5.155611e-02;2.476006e-02;3.832920e-01;1.775713e-01;6.143298e-03;1.796950e-02;3.820486e-02
1.047903e-02;9.150914e-02;1.260582e-01;3.218968e-02;1.150853e-02;9.162102e-02;3.085895e-02;3.847231e-01;1.270559e-01;1.543148e-02;5.219394e-02;2.637101e-02
1.932867e-02;1.239632e-01;7.639885e-02;1.539599e-02;1.474487e-02;2.158762e-01;3.589376e-02;3.084683e-01;6.978433e-02;3.978582e-02;6.958173e-02;1.077830e-02
3.348964e-02;1.041542e-01;4.126533e-02;1.595582e-02;2.682344e-02;3.627683e-01;4.237678e-02;2.026694e-01;5.923385e-02;6.075244e-02;4.004409e-02;1.046668e-02
3.081931e-02;5.963525e-02;7.091843e-02;1.229085e-02;4.018723e-02;4.179599e-01;5.622272e-02;1.316951e-01;6.691995e-02;5.057895e-02;2.681611e-02;3.595613e-02
1.410578e-02;6.636028e-02;1.372567e-01;3.063652e-02;4.131579e-02;3.337426e-01;3.888132e-02;1.295725e-01;8.839656e-02;2.605352e-02;3.781418e-02;5.586417e-02
7.856547e-03;1.011290e-01;2.371656e-01;5.395274e-02;3.280384e-02;1.894031e-01;2.718000e-02;1.176736e-01;7.107048e-02;3.022218e-02;8.090350e-02;5.063945e-02
1.017232e-02;1.304078e-01;3.290792e-01;5.140084e-02;2.182701e-02;8.413249e-02;1.630668e-02;1.258704e-01;4.763852e-02;3.231549e-02;1.175411e-01;3.330811e-02
1.495729e-02;1.557799e-01;3.592388e-01;3.345510e-02;1.326857e-02;4.521960e-02;1.763519e-02;1.132672e-01;7.909103e-02;5.439150e-02;9.109537e-02;2.260040e-02
2.282753e-02;1.747779e-01;3.757076e-01;2.892690e-02;7.576596e-03;6.560161e-02;2.743422e-02;7.921030e-02;6.112871e-02;7.551610e-02;6.469224e-02;1.660030e-02
2.569484e-02;1.960175e-01;4.020985e-01;3.373297e-02;1.116041e-02;4.141109e-02;3.418771e-02;1.763497e-02;1.068803e-01;8.481073e-02;3.737802e-02;8.992927e-03
2.549057e-02;1.674196e-01;3.387340e-01;2.508325e-02;7.612511e-03;4.985240e-02;3.263148e-02;9.872999e-02;1.441098e-01;6.902017e-02;3.258840e-02;8.727791e-03
2.331684e-02;1.561371e-01;3.423558e-01;2.228186e-02;7.607071e-03;5.894655e-02;2.939888e-02;1.447521e-01;1.037768e-01;5.731821e-02;4.636054e-02;7.748233e-03
1.869998e-02;1.554513e-01;3.135076e-01;2.578696e-02;9.074587e-03;9.685682e-02;1.877446e-02;1.706027e-01;9.370310e-02;3.557771e-02;5.049967e-02;1.146506e-02
1.608268e-02;1.582627e-01;3.047305e-01;2.697218e-02;1.025417e-02;7.524809e-02;2.447063e-02;1.733107e-01;1.150222e-01;3.518093e-02;4.440902e-02;1.605615e-02
1.885198e-02;1.805439e-01;3.366130e-01;2.750136e-02;1.040186e-02;1.503789e-01;3.702626e-02;1.126351e-01;2.184186e-02;4.142482e-02;3.895476e-02;2.382614e-02
1.940423e-02;1.529455e-01;2.617875e-01;1.686504e-02;1.656902e-02;1.581869e-01;3.174122e-02;1.424903e-01;1.201410e-01;3.449190e-02;2.656199e-02;1.881537e-02
1.284996e-02;1.508964e-01;1.913382e-01;2.139946e-02;2.088066e-02;2.150793e-01;2.158006e-02;1.685024e-01;1.398719e-01;2.449214e-02;1.694417e-02;1.616534e-02
2.332886e-02;1.814835e-01;1.015856e-01;2.152261e-02;2.858998e-02;3.460297e-01;2.887765e-02;1.027988e-01;8.099674e-02;3.120955e-02;3.753647e-02;1.604053e-02
2.252959e-02;1.531523e-01;1.057836e-01;2.181655e-02;2.022514e-02;2.754564e-01;1.880066e-02;1.836290e-01;1.093484e-01;3.837908e-02;3.365565e-02;1.722362e-02
