1.718137e-01;4.482334e-02;9.355545e-02;6.824490e-02;1.023608e-01;9.907611e-02;1.601974e-01;3.486390e-02;4.599831e-02;5.949681e-02;4.836964e-02;7.119961e-02
1.502727e-01;5.859004e-02;1.737263e-01;5.903956e-02;8.628491e-02;8.032323e-02;1.281202e-01;3.824282e-02;5.011806e-02;4.610341e-02;4.626467e-02;8.291407e-02
1.210056e-01;9.548352e-02;2.110481e-01;5.685360e-02;6.831393e-02;8.475335e-02;8.472414e-02;3.653388e-02;4.419800e-02;4.525077e-02;6.010140e-02;9.173375e-02
7.155915e-02;1.396071e-01;2.489772e-01;4.770784e-02;4.907460e-02;1.070824e-01;5.321448e-02;2.745642e-02;4.607333e-02;4.232138e-02;5.433588e-02;1.125902e-01
3.301109e-02;1.364738e-01;2.865169e-01;3.303960e-02;3.802352e-02;1.183360e-01;6.890483e-02;3.782528e-02;5.201375e-02;4.652342e-02;1.902705e-02;1.303047e-01
2.504976e-02;8.528244e-02;3.340376e-01;3.223049e-02;3.018705e-02;9.031351e-02;1.012644e-01;6.079545e-02;5.388166e-02;6.255778e-02;2.235921e-02;1.020406e-01
3.478978e-02;4.718196e-02;3.933551e-01;4.897566e-02;3.823696e-02;6.909314e-02;1.041876e-01;5.103563e-02;4.842610e-02;8.454598e-02;2.559383e-02;5.457825e-02
3.636504e-02;3.529321e-02;3.911798e-01;6.111730e-02;3.373565e-02;5.471159e-02;1.079623e-01;8.941791e-02;3.326809e-02;9.339414e-02;3.540527e-02;2.814971e-02
2.688206e-02;3.753683e-02;3.585771e-01;6.135157e-02;4.020230e-02;5.475642e-02;1.119010e-01;1.225855e-01;2.517573e-02;9.868234e-02;3.997599e-02;2.237320e-02
3.473759e-02;5.919418e-02;2.960230e-01;5.684124e-02;4.130321e-02;6.915514e-02;1.134394e-01;1.377137e-01;4.683964e-02;8.917030e-02;4.134709e-02;1.423555e-02
5.646147e-02;7.898599e-02;2.442003e-01;4.256339e-02;3.960682e-02;7.924404e-02;1.404180e-01;1.289669e-01;5.911732e-02;6.800682e-02;4.894482e-02;1.348415e-02
8.076280e-02;9.302382e-02;2.259854e-01;4.793458e-02;5.907284e-02;7.791469e-02;1.515338e-01;8.166231e-02;5.105378e-02;7.579059e-02;4.291081e-02;1.235459e-02
6.296846e-02;7.013241e-02;3.195741e-01;4.738539e-02;7.527636e-02;6.965932e-02;7.942302e-02;3.462835e-02;4.010682e-02;1.184768e-01;5.067829e-02;3.169071e-02
4.164564e-02;5.446054e-02;2.994736e-01;6.468000e-02;9.214015e-02;6.403309e-02;7.829341e-02;4.619772e-02;4.231973e-02;1.052208e-01;6.016563e-02;5.136963e-02
3.919203e-02;7.611824e-02;2.491844e-01;1.065225e-01;8.187228e-02;5.986384e-02;8.589238e-02;5.592405e-02;5.810179e-02;8.452036e-02;4.620628e-02;5.660186e-02
4.891122e-02;9.070254e-02;2.114791e-01;8.961447e-02;7.221986e-02;6.723846e-02;9.214874e-02;6.302951e-02;6.601328e-02;8.334866e-02;5.824410e-02;5.705012e-02
4.187669e-02;8.165086e-02;1.546845e-01;6.985844e-02;6.060028e-02;7.278351e-02;1.194158e-01;7.342516e-02;8.302554e-02;6.898683e-02;7.482021e-02;9.887227e-02
5.401983e-02;5.992243e-02;1.383019e-01;7.134683e-02;6.716990e-02;6.515184e-02;1.179470e-01;9.533734e-02;1.191477e-01;6.575910e-02;3.970575e-02;1.061903e-01
7.226134e-02;4.326215e-02;1.324600e-01;5.961451e-02;8.085778e-02;8.097320e-02;9.196165e-02;1.494159e-01;1.246612e-01;5.842004e-02;4.060299e-02;6.550921e-02
8.902950e-02;4.652423e-02;1.141654e-01;6.712306e-02;6.637384e-02;9.403468e-02;7.929147e-02;1.573167e-01;1.205781e-01;5.877547e-02;4.675079e-02;6.003673e-02
1.219357e-01;5.842773e-02;1.001342e-01;6.528609e-02;4.346662e-02;1.132936e-01;1.035122e-01;9.728722e-02;9.499029e-02;7.166844e-02;5.113642e-02;7.886138e-02
1.102147e-01;7.112035e-02;1.254634e-01;5.121130e-02;7.089961e-02;1.476326e-01;1.914497e-01;4.178908e-02;6.221740e-02;5.184217e-02;3.362137e-02;4.253829e-02
1.704746e-01;8.601823e-02;9.403197e-02;3.915142e-02;6.583097e-02;1.303262e-01;2.110316e-01;4.429524e-02;4.521164e-02;3.586842e-02;3.489204e-02;4.286776e-02
2.089194e-01;1.002126e-01;6.470947e-02;3.386484e-02;6.991390e-02;1.234513e-01;1.880378e-01;4.496523e-02;3.806964e-02;2.411374e-02;5.125668e-02;5.248536e-02
1.591891e-01;7.184507e-02;6.573526e-02;5.346844e-02;1.101578e-01;1.511871e-01;1.256402e-01;4.801555e-02;4.934486e-02;2.474376e-02;4.991613e-02;9.075672e-02
1.122981e-01;5.334042e-02;5.186950e-02;7.769356e-02;1.413581e-01;1.660832e-01;1.005952e-01;4.882251e-02;4.781477e-02;3.139848e-02;6.518877e-02;1.035374e-01
4.243446e-02;5.259624e-02;9.910428e-02;1.170948e-01;1.582751e-01;1.368897e-01;7.878544e-02;4.346138e-02;4.143560e-02;3.951728e-02;1.271385e-01;6.326721e-02
2.634260e-02;2.612357e-02;1.644876e-01;1.270867e-01;1.499611e-01;1.384387e-01;7.796447e-02;4.228432e-02;3.983447e-02;4.561834e-02;1.323165e-01;2.954155e-02
3.539784e-02;2.795740e-02;2.118075e-01;1.006898e-01;1.335857e-01;1.444339e-01;9.119108e-02;4.418382e-02;4.256189e-02;5.928931e-02;8.207177e-02;2.683014e-02
5.847438e-02;5.883770e-02;2.142588e-01;7.202339e-02;1.063519e-01;1.755582e-01;8.011455e-02;5.247093e-02;3.175190e-02;7.561198e-02;3.052834e-02;4.401787e-02
8.653500e-02;9.158468e-02;1.806818e-01;6.127480e-02;8.029929e-02;1.817157e-01;6.643067e-02;4.470801e-02;2.713001e-02;6.689154e-02;5.661422e-02;5.613430e-02
6.790392e-02;6.086173e-02;2.276553e-01;6.251568e-02;9.289285e-02;1.848020e-01;6.923813e-02;4.862121e-02;4.199713e-02;5.315744e-02;4.610816e-02;4.424645e-02
5.419517e-02;5.199281e-02;3.288738e-01;6.079507e-02;1.044886e-01;1.019950e-01;8.225998e-02;3.672535e-02;6.282775e-02;5.249798e-02;3.024878e-02;3.309980e-02
4.534460e-02;3.629826e-02;3.409038e-01;5.903513e-02;1.361385e-01;6.922190e-02;1.169583e-01;2.502858e-02;4.693529e-02;6.862456e-02;3.073889e-02;2.477217e-02
5.377174e-02;1.822977e-02;3.070325e-01;9.460017e-02;1.271606e-01;7.599375e-02;1.225936e-01;5.206387e-02;3.083624e-02;6.213905e-02;3.283118e-02;2.274759e-02
5.256621e-02;2.004080e-02;2.392087e-01;1.225141e-01;9.992908e-02;7.833594e-02;1.419169e-01;9.310847e-02;3.859321e-02;4.066925e-02;4.638930e-02;2.672796e-02
4.642696e-02;2.293977e-02;2.003190e-01;1.063056e-01;7.853176e-02;6.047046e-02;2.081349e-01;1.349276e-01;4.537319e-02;2.909077e-02;4.641514e-02;2.106486e-02
5.317879e-02;2.333748e-02;1.644509e-01;6.519017e-02;5.228615e-02;4.301720e-02;2.889875e-01;1.485149e-01;4.774344e-02;2.804412e-02;5.632159e-02;2.892789e-02
6.183212e-02;2.533847e-02;1.374908e-01;2.521587e-02;3.532937e-02;3.078641e-02;3.516317e-01;1.226107e-01;5.013015e-02;4.761104e-02;7.089619e-02;4.112725e-02
7.320905e-02;1.994099e-02;1.311719e-01;2.515466e-02;2.436107e-02;5.197376e-02;3.823796e-01;9.909329e-02;5.246576e-02;5.143144e-02;6.710614e-02;2.171228e-02
6.893837e-02;1.863971e-02;1.379554e-01;3.176504e-02;1.707471e-02;5.830882e-02;3.715662e-01;1.007336e-01;6.412618e-02;3.641915e-02;3.893848e-02;5.553426e-02
4.713074e-02;1.455355e-02;1.699038e-01;4.683244e-02;2.038847e-02;7.298163e-02;3.127352e-01;8.979870e-02;5.841456e-02;2.563494e-02;4.270695e-02;9.891901e-02
2.746112e-02;2.388824e-02;2.282339e-01;7.303511e-02;2.324078e-02;6.582810e-02;2.303844e-01;5.489518e-02;3.718742e-02;3.604684e-02;7.448792e-02;1.253110e-01
3.305086e-02;5.046244e-02;2.883223e-01;8.484320e-02;3.224060e-02;4.774618e-02;1.476725e-01;2.959051e-02;3.365334e-02;3.890938e-02;7.064747e-02;1.428613e-01
5.188597e-02;5.896579e-02;2.626847e-01;8.497263e-02;4.874851e-02;5.005428e-02;1.538614e-01;2.457665e-02;3.716996e-02;3.546684e-02;7.556823e-02;1.160450e-01
5.283741e-02;4.797969e-02;2.127381e-01;7.798538e-02;6.842723e-02;5.293220e-02;2.107345e-01;4.274423e-02;5.128165e-02;4.407166e-02;7.504648e-02;6.322142e-02
5.399172e-02;3.337462e-02;1.988756e-01;5.414395e-02;6.512100e-02;4.450528e-02;2.214686e-01;4.454666e-02;8.724303e-02;7.041358e-02;7.916602e-02;4.714986e-02
4.012077e-02;4.174137e-02;2.723908e-01;3.137346e-02;4.081701e-02;3.590053e-02;1.571104e-01;5.554828e-02;1.071487e-01;6.577056e-02;8.194059e-02;7.013752e-02
3.884624e-02;5.335324e-02;2.426517e-01;6.624928e-02;4.250286e-02;3.892808e-02;1.382148e-01;7.137966e-02;9.334067e-02;4.720468e-02;7.362837e-02;9.370049e-02
6.810906e-02;6.428326e-02;1.684715e-01;7.681954e-02;3.981793e-02;7.081223e-02;1.177694e-01;8.945251e-02;5.909642e-02;3.177169e-02;8.993462e-02;1.236618e-01
5.173235e-02;7.669576e-02;1.578303e-01;6.747746e-02;4.815729e-02;9.626669e-02;1.637720e-01;6.406663e-02;5.032634e-02;3.601618e-02;7.005665e-02;1.176023e-01
6.561880e-02;7.436124e-02;1.751729e-01;5.425968e-02;5.373329e-02;9.219611e-02;1.965250e-01;4.286889e-02;5.243631e-02;4.265894e-02;8.685853e-02;6.331022e-02
6.359964e-02;6.676783e-02;1.934653e-01;7.511312e-02;7.265215e-02;9.625308e-02;1.634578e-01;4.059463e-02;4.323142e-02;5.013057e-02;9.292147e-02;4.181298e-02
3.996359e-02;5.463019e-02;1.853467e-01;1.017643e-01;1.040775e-01;1.092687e-01;1.396634e-01;4.787778e-02;3.453892e-02;4.963856e-02;9.303553e-02;4.019477e-02
2.493431e-02;4.949676e-02;1.742434e-01;9.836401e-02;1.166159e-01;1.206042e-01;1.539446e-01;5.371900e-02;4.096833e-02;5.808079e-02;5.966839e-02;4.936031e-02
3.241083e-02;5.665018e-02;2.354891e-01;3.637445e-02;2.863740e-02;8.734941e-02;2.088774e-01;7.761302e-02;5.269969e-02;1.000616e-01;4.202709e-02;4.180992e-02
3.100348e-02;8.227932e-02;2.662531e-01;2.588432e-02;2.490567e-02;4.858326e-02;2.123070e-01;7.041164e-02;6.254426e-02;9.668145e-02;3.878145e-02;4.036509e-02
3.308352e-02;1.035859e-01;2.565277e-01;2.476601e-02;2.887060e-02;6.949789e-02;2.126507e-01;7.312674e-02;7.099918e-02;5.259666e-02;2.429013e-02;5.000499e-02
4.354000e-02;1.230794e-01;2.020557e-01;3.346203e-02;3.430493e-02;9.199592e-02;1.853371e-01;8.559511e-02;8.377755e-02;4.978518e-02;2.630353e-02;4.076366e-02
9.600598e-02;1.587373e-01;1.529759e-01;3.203364e-02;4.356695e-02;7.912195e-02;1.125130e-01;1.072174e-01;9.154031e-02;6.211174e-02;3.474912e-02;2.942672e-02
1.660594e-01;1.540116e-01;9.167573e-02;2.592880e-02;4.482781e-02;5.756001e-02;1.230325e-01;1.365646e-01;6.177260e-02;7.799692e-02;3.886282e-02;2.170714e-02
2.273493e-01;1.155886e-01;5.798182e-02;2.194515e-02;5.086276e-02;6.067532e-02;1.563122e-01;1.092410e-01;6.016680e-02;5.764032e-02;5.340027e-02;2.883643e-02
2.569192e-01;9.966262e-02;6.330165e-02;2.928291e-02;5.379158e-02;6.225713e-02;1.499894e-01;7.554837e-02;6.923248e-02;2.921670e-02;6.363676e-02;4.716122e-02
2.226446e-01;9.782331e-02;7.459199e-02;3.968910e-02;4.463735e-02;4.829287e-02;1.632351e-01;9.662861e-02;6.397067e-02;4.423560e-02;4.442670e-02;5.982414e-02
1.180686e-01;8.419058e-02;7.967649e-02;4.929670e-02;4.062482e-02;6.157892e-02;2.239197e-01;1.178352e-01;9.314342e-02;4.986068e-02;1.982035e-02;6.198459e-02
1.115106e-01;6.304127e-02;7.889824e-02;5.271541e-02;4.855088e-02;6.803802e-02;2.404280e-01;9.191423e-02;8.464486e-02;7.086497e-02;4.028474e-02;4.910878e-02
1.258872e-01;7.588600e-02;5.323094e-02;6.690925e-02;4.988957e-02;5.838305e-02;2.369843e-01;8.196850e-02;5.835194e-02;7.855175e-02;6.776340e-02;4.619405e-02
5.885576e-02;6.667492e-02;5.866673e-02;9.219678e-02;6.021172e-02;5.203822e-02;2.934704e-01;6.948073e-02;6.052709e-02;4.628737e-02;8.767426e-02;5.391599e-02
7.654121e-02;2.970847e-02;7.288612e-02;8.154824e-02;7.238832e-02;3.680176e-02;2.898231e-01;8.208872e-02;7.196119e-02;4.323040e-02;9.839934e-02;4.462316e-02
1.279715e-01;6.538120e-02;4.681110e-02;5.350423e-02;7.395364e-02;3.506005e-02;2.832983e-01;7.236815e-02;8.270081e-02;4.129148e-02;6.192737e-02;5.573216e-02
9.200152e-02;9.699385e-02;1.158933e-01;3.217112e-02;6.559090e-02;5.592997e-02;1.991546e-01;7.080960e-02;9.000020e-02;7.162840e-02;6.273998e-02;4.708656e-02
5.341671e-02;9.921171e-02;1.591048e-01;2.504105e-02;5.536545e-02;8.284576e-02;1.334433e-01;8.268383e-02;1.038484e-01;8.479549e-02;5.825941e-02;6.198401e-02
5.804597e-02;9.361035e-02;1.628429e-01;3.091925e-02;5.610934e-02;1.241658e-01;9.924945e-02;6.612938e-02;9.099680e-02;4.908862e-02;6.932081e-02;9.952141e-02
5.859438e-02;1.068512e-01;1.745043e-01;3.899081e-02;5.431625e-02;1.279450e-01;1.164566e-01;3.300317e-02;7.435738e-02;3.907992e-02;5.724956e-02;1.186514e-01
7.893998e-02;1.398894e-01;1.755407e-01;4.951440e-02;5.484549e-02;1.066505e-01;8.802412e-02;3.984133e-02;8.257559e-02;4.213075e-02;3.267127e-02;1.093764e-01
1.092954e-01;1.732181e-01;1.644569e-01;5.614425e-02;5.217917e-02;7.019018e-02;6.502576e-02;8.158781e-02;8.904467e-02;4.181154e-02;2.933798e-02;6.770820e-02
1.355263e-01;1.978815e-01;1.546805e-01;5.413850e-02;4.152634e-02;4.293440e-02;7.610483e-02;1.139839e-01;8.705132e-02;4.045101e-02;2.721983e-02;2.850156e-02
1.378454e-01;2.094539e-01;1.414987e-01;4.590376e-02;3.727524e-02;3.791534e-02;7.975674e-02;1.165880e-01;7.582469e-02;3.843448e-02;4.005055e-02;3.945317e-02
1.469688e-01;1.911291e-01;9.860791e-02;2.881031e-02;3.299114e-02;3.458186e-02;1.691086e-01;9.731542e-02;5.235050e-02;3.819538e-02;7.359222e-02;3.634880e-02
1.705562e-01;1.337698e-01;6.116790e-02;1.786010e-02;3.793612e-02;5.680972e-02;2.187834e-01;6.737736e-02;4.130650e-02;2.927596e-02;9.921440e-02;6.594258e-02
1.715883e-01;9.700775e-02;4.966747e-02;2.702437e-02;5.282161e-02;7.866144e-02;2.006481e-01;4.826722e-02;4.378568e-02;2.275303e-02;1.164855e-01;9.128942e-02
1.399024e-01;6.707831e-02;6.532170e-02;3.984090e-02;5.516385e-02;8.318359e-02;1.780055e-01;7.432824e-02;4.715244e-02;4.344796e-02;1.206430e-01;8.593214e-02
8.997544e-02;7.210252e-02;1.900677e-01;4.164004e-02;5.200138e-02;9.199676e-02;1.253915e-01;5.534470e-02;9.021801e-02;7.268471e-02;7.034580e-02;4.823140e-02
5.110183e-02;9.828556e-02;2.192155e-01;6.677011e-02;5.551561e-02;1.240606e-01;1.278698e-01;2.994054e-02;9.123346e-02;5.354307e-02;3.965107e-02;4.281282e-02
4.134951e-02;9.835313e-02;1.724014e-01;7.292583e-02;6.937949e-02;1.527751e-01;1.322464e-01;4.352951e-02;9.221734e-02;4.693268e-02;3.724934e-02;4.064019e-02
4.484979e-02;9.888404e-02;9.799155e-02;5.995794e-02;6.207197e-02;1.791252e-01;1.344878e-01;7.603489e-02;1.082681e-01;5.742577e-02;3.946258e-02;4.144038e-02
5.167088e-02;7.580814e-02;5.594173e-02;3.682204e-02;7.678100e-02;1.730927e-01;1.387454e-01;9.641264e-02;1.137119e-01;6.837023e-02;7.177528e-02;4.086811e-02
5.759415e-02;6.189502e-02;7.252317e-02;4.169231e-02;1.235548e-01;1.474628e-01;1.221382e-01;7.761406e-02;1.009743e-01;5.444016e-02;8.467798e-02;5.543311e-02
6.987209e-02;5.095645e-02;7.806482e-02;5.219023e-02;1.641428e-01;1.443443e-01;1.125399e-01;4.130020e-02;8.663304e-02;3.472969e-02;1.097430e-01;5.548350e-02
8.150361e-02;9.369454e-02;9.588091e-02;6.254553e-02;1.548284e-01;1.188677e-01;1.020394e-01;3.073585e-02;6.816284e-02;3.423778e-02;1.064429e-01;5.106057e-02
5.720685e-02;1.069721e-01;1.387349e-01;9.029208e-02;1.360202e-01;1.022469e-01;9.309872e-02;2.942037e-02;6.622773e-02;4.638638e-02;7.468167e-02;5.871203e-02
3.186051e-02;7.584734e-02;1.714151e-01;1.045322e-01;1.369046e-01;1.037454e-01;9.294315e-02;2.849746e-02;8.599412e-02;7.635185e-02;5.322362e-02;3.868449e-02
6.900072e-02;7.947256e-02;1.354915e-01;7.848413e-02;1.171692e-01;9.048077e-02;8.176689e-02;4.876683e-02;1.115631e-01;1.000701e-01;6.174706e-02;2.598717e-02
5.959447e-02;7.182785e-02;1.002425e-01;8.558658e-02;1.274413e-01;7.667393e-02;8.504195e-02;6.873680e-02;8.824553e-02;9.642832e-02;7.948720e-02;6.069352e-02
8.180813e-02;6.160088e-02;9.708895e-02;1.007171e-01;1.363004e-01;6.572151e-02;8.023085e-02;8.348650e-02;6.993431e-02;1.036268e-01;7.420711e-02;4.527751e-02
8.496113e-02;4.238587e-02;9.247047e-02;8.834728e-02;1.418930e-01;1.215804e-01;8.294792e-02;6.340364e-02;7.358102e-02;1.228906e-01;5.175814e-02;3.378047e-02
5.463293e-02;5.093861e-02;6.904475e-02;6.390241e-02;1.454596e-01;1.707386e-01;1.200077e-01;8.936330e-02;7.153481e-02;1.089465e-01;1.714503e-02;3.828581e-02
3.805618e-02;6.700751e-02;3.693755e-02;6.662071e-02;1.058186e-01;1.352112e-01;1.606806e-01;1.655004e-01;9.629199e-02;7.545431e-02;1.797382e-02;3.444715e-02
6.121422e-02;9.216563e-02;1.214950e-01;5.603684e-02;6.843142e-02;9.408997e-02;2.246737e-01;9.436804e-02;5.671828e-02;7.019108e-02;2.149040e-02;3.912547e-02
8.931859e-02;1.045552e-01;2.048628e-01;9.041055e-02;7.736484e-02;6.969983e-02;1.464462e-01;5.664913e-02;4.819160e-02;4.765825e-02;2.724855e-02;3.759448e-02
7.415694e-02;8.927167e-02;2.308201e-01;1.112526e-01;7.228730e-02;4.424643e-02;1.313804e-01;7.289569e-02;3.679219e-02;5.448073e-02;5.068208e-02;3.173375e-02
2.947005e-02;5.480137e-02;2.213554e-01;9.940712e-02;7.491015e-02;4.944625e-02;1.973355e-01;7.669825e-02;3.296961e-02;5.593511e-02;8.334556e-02;2.432559e-02
1.400066e-02;3.528022e-02;1.950821e-01;6.268340e-02;6.579088e-02;7.811843e-02;2.588523e-01;6.332397e-02;5.033230e-02;4.809448e-02;9.648348e-02;3.195771e-02
1.677031e-02;3.954717e-02;1.467886e-01;2.858050e-02;4.154859e-02;1.328130e-01;2.743673e-01;5.041984e-02;8.248015e-02;5.583501e-02;7.679687e-02;5.405268e-02
2.306643e-02;5.900228e-02;9.254585e-02;3.151229e-02;3.607351e-02;2.115833e-01;2.178155e-01;5.424722e-02;9.326243e-02;5.264159e-02;3.956522e-02;8.868437e-02
5.557030e-02;8.662305e-02;5.465220e-02;6.102829e-02;6.880496e-02;2.300931e-01;1.378338e-01;3.524686e-02;9.247901e-02;4.491798e-02;2.440052e-02;1.083498e-01
1.023639e-01;1.094986e-01;8.695509e-02;9.496348e-02;8.358052e-02;1.713167e-01;1.065124e-01;1.797652e-02;7.839353e-02;2.547614e-02;2.060745e-02;1.023556e-01
1.341616e-01;1.439807e-01;1.040784e-01;9.765371e-02;6.840768e-02;9.375808e-02;8.766716e-02;3.845118e-02;8.079873e-02;3.102437e-02;4.297734e-02;7.704106e-02
1.829965e-01;1.490103e-01;1.290965e-01;6.531386e-02;5.073069e-02;5.544781e-02;8.784071e-02;6.334517e-02;6.118964e-02;4.338835e-02;7.401127e-02;3.762917e-02
2.327627e-01;1.251121e-01;1.448949e-01;5.187466e-02;9.732564e-02;3.303530e-02;8.725709e-02;6.330089e-02;3.722606e-02;4.351781e-02;6.375225e-02;1.994066e-02
1.847402e-01;9.051386e-02;1.357522e-01;6.039227e-02;1.681059e-01;4.920430e-02;1.098075e-01;6.822203e-02;1.865009e-02;5.910302e-02;3.454203e-02;2.096657e-02
1.135549e-01;4.682029e-02;8.867949e-02;9.746360e-02;2.180347e-01;9.737611e-02;1.076439e-01;7.899001e-02;2.479482e-02;7.650524e-02;2.919060e-02;2.094642e-02
6.346213e-02;2.610207e-02;6.331676e-02;1.477932e-01;1.883619e-01;1.322323e-01;1.365786e-01;7.899158e-02;2.445683e-02;8.493993e-02;2.072354e-02;3.304112e-02
4.418034e-02;2.418087e-02;7.529431e-02;1.663667e-01;1.123720e-01;1.328189e-01;1.872674e-01;8.675773e-02;2.526087e-02;7.918914e-02;3.115354e-02;3.515815e-02
5.502046e-02;3.065952e-02;9.243472e-02;1.601923e-01;6.738574e-02;1.484634e-01;1.875837e-01;8.413677e-02;2.626514e-02;6.379535e-02;3.719194e-02;4.687098e-02
5.801087e-02;4.240799e-02;1.172638e-01;1.456920e-01;8.160590e-02;1.465791e-01;1.872686e-01;5.488847e-02;3.010897e-02;3.927906e-02;3.782839e-02;5.906679e-02
4.924395e-02;4.679828e-02;9.467258e-02;1.328714e-01;1.194551e-01;1.372297e-01;1.772988e-01;3.897893e-02;3.749459e-02;5.174849e-02;5.455037e-02;5.965768e-02
5.116671e-02;6.058954e-02;9.692951e-02;1.344907e-01;1.323972e-01;8.626949e-02;1.460629e-01;5.781979e-02;4.944075e-02;9.349407e-02;4.218482e-02;4.915458e-02
4.225085e-02;8.273832e-02;1.026585e-01;1.252158e-01;1.098502e-01;6.702708e-02;1.433881e-01;8.553796e-02;6.888811e-02;1.019967e-01;4.031163e-02;3.013680e-02
6.036753e-02;7.262588e-02;1.123969e-01;1.374892e-01;7.128214e-02;1.219080e-01;1.100336e-01;9.381522e-02;3.843266e-02;8.170092e-02;6.097321e-02;3.897462e-02
6.813438e-02;3.892506e-02;1.322472e-01;1.575440e-01;9.653445e-02;1.413670e-01;8.938369e-02;6.847098e-02;4.390991e-02;6.397299e-02;6.348767e-02;3.602262e-02
7.190169e-02;3.875686e-02;1.018593e-01;1.933236e-01;1.587545e-01;1.219287e-01;8.575699e-02;7.082008e-02;3.503033e-02;5.805369e-02;4.171669e-02;2.209765e-02
6.931439e-02;5.545090e-02;7.674633e-02;2.035400e-01;2.033599e-01;9.005657e-02;9.534781e-02;6.130246e-02;3.101704e-02;6.353875e-02;3.224005e-02;1.808583e-02
6.045431e-02;6.932548e-02;1.123063e-01;1.439049e-01;1.768958e-01;8.139126e-02;1.323826e-01;5.531224e-02;4.550566e-02;6.955273e-02;3.922925e-02;1.373942e-02
7.357415e-02;6.153858e-02;9.009870e-02;1.101035e-01;1.551471e-01;9.975810e-02;1.621201e-01;7.752156e-02;3.892769e-02;7.620270e-02;3.385900e-02;2.114878e-02
9.397528e-02;5.576794e-02;1.126212e-01;1.163094e-01;9.173745e-02;8.295944e-02;1.105249e-01;6.077444e-02;6.747321e-02;7.222746e-02;6.535226e-02;7.027692e-02
7.107539e-02;6.972989e-02;1.109224e-01;8.534623e-02;1.074205e-01;5.664835e-02;9.521341e-02;3.158014e-02;9.248918e-02;6.542314e-02;1.043987e-01;1.097528e-01
6.981036e-02;6.465399e-02;1.111755e-01;5.175702e-02;9.845571e-02;3.637948e-02;7.056511e-02;3.935828e-02;1.247481e-01;8.451578e-02;1.244900e-01;1.240907e-01
1.015299e-01;7.458518e-02;9.756388e-02;5.271482e-02;7.399852e-02;4.662542e-02;7.743657e-02;4.334127e-02;1.066010e-01;8.622107e-02;1.200814e-01;1.193010e-01
1.481083e-01;1.125126e-01;1.293326e-01;3.686050e-02;6.571352e-02;3.384860e-02;1.183944e-01;3.825053e-02;8.215494e-02;5.441458e-02;7.528934e-02;1.051201e-01
1.698433e-01;1.390998e-01;1.930712e-01;2.214943e-02;3.913810e-02;4.237697e-02;1.286093e-01;3.152766e-02;6.874997e-02;5.897389e-02;4.413522e-02;6.232516e-02
1.015977e-01;1.509826e-01;2.207851e-01;2.886037e-02;3.790323e-02;5.936160e-02;9.584789e-02;2.370125e-02;7.808255e-02;7.425736e-02;3.569815e-02;9.292226e-02
9.029551e-02;1.794395e-01;1.990245e-01;4.680910e-02;5.739750e-02;9.266658e-02;5.143676e-02;1.672152e-02;7.399692e-02;5.551995e-02;3.916336e-02;9.752881e-02
1.073293e-01;2.139500e-01;1.696521e-01;7.322716e-02;7.342814e-02;1.048144e-01;3.332007e-02;1.961080e-02;6.381409e-02;3.250424e-02;3.720184e-02;7.114784e-02
1.159250e-01;2.383323e-01;1.572144e-01;9.781408e-02;8.102368e-02;1.165499e-01;2.209721e-02;2.613592e-02;5.458622e-02;2.365329e-02;3.026406e-02;3.640399e-02
1.241316e-01;2.284552e-01;1.386567e-01;1.002331e-01;7.317866e-02;1.598063e-01;2.767660e-02;2.751021e-02;5.049709e-02;2.121999e-02;2.369400e-02;2.494059e-02
1.271469e-01;2.229650e-01;1.188029e-01;9.700604e-02;7.529230e-02;1.722667e-01;3.063467e-02;2.995050e-02;5.433272e-02;2.055152e-02;2.332342e-02;2.772733e-02
1.256734e-01;2.069216e-01;1.312527e-01;9.392449e-02;9.834930e-02;1.407263e-01;2.777377e-02;3.943560e-02;5.562363e-02;2.374414e-02;2.274735e-02;3.382769e-02
1.318247e-01;2.102834e-01;1.306209e-01;8.233295e-02;1.102095e-01;1.046076e-01;3.409005e-02;5.461347e-02;5.626881e-02;3.549021e-02;1.664750e-02;3.301098e-02
1.494596e-01;2.200796e-01;1.175161e-01;7.393512e-02;8.234398e-02;8.947576e-02;5.903583e-02;6.518576e-02;6.006345e-02;3.692889e-02;1.422516e-02;3.175067e-02
1.501860e-01;2.088265e-01;1.386280e-01;6.939363e-02;4.321294e-02;7.547727e-02;7.068096e-02;9.877286e-02;6.383018e-02;3.815549e-02;1.812158e-02;2.471464e-02
1.340451e-01;1.833908e-01;1.553425e-01;4.690570e-02;3.927954e-02;5.084853e-02;9.552085e-02;1.266201e-01;6.781044e-02;4.149105e-02;2.597382e-02;3.277152e-02
1.234422e-01;1.333218e-01;1.205881e-01;2.993757e-02;4.851605e-02;6.108491e-02;1.743840e-01;1.029008e-01;7.136113e-02;3.836634e-02;5.196649e-02;4.413062e-02
1.257102e-01;1.059596e-01;8.565816e-02;2.098083e-02;4.365708e-02;7.127410e-02;2.351601e-01;5.905253e-02;6.254059e-02;2.976637e-02;9.011594e-02;7.012456e-02
1.394773e-01;8.251825e-02;7.195398e-02;3.325307e-02;5.022299e-02;6.090989e-02;2.446530e-01;3.553953e-02;4.454724e-02;3.985309e-02;1.013376e-01;9.573404e-02
1.132508e-01;5.213831e-02;5.401886e-02;6.177519e-02;5.419520e-02;6.498270e-02;2.517096e-01;5.775719e-02;3.363681e-02;8.356866e-02;9.344043e-02;7.952631e-02
8.970058e-02;5.426208e-02;4.762188e-02;8.090582e-02;4.699982e-02;6.052591e-02;2.523881e-01;6.955101e-02;4.398108e-02;1.055438e-01;1.026363e-01;4.588359e-02
8.155736e-02;6.290676e-02;8.726724e-02;8.779158e-02;6.329414e-02;5.510730e-02;2.442899e-01;7.020148e-02;4.023253e-02;8.497222e-02;7.864649e-02;4.373298e-02
1.197302e-01;7.327326e-02;6.836204e-02;9.463695e-02;7.704755e-02;5.480020e-02;2.122837e-01;5.668352e-02;5.917061e-02;6.090230e-02;5.842606e-02;6.468366e-02
1.397105e-01;7.486101e-02;6.530777e-02;8.229802e-02;6.178493e-02;7.010119e-02;1.794842e-01;5.913969e-02;9.193189e-02;6.845532e-02;4.370647e-02;6.321900e-02
1.477006e-01;6.181134e-02;5.205645e-02;8.161518e-02;5.562591e-02;7.463378e-02;1.945432e-01;8.984007e-02;9.056392e-02;6.968603e-02;3.380713e-02;4.811637e-02
2.384629e-01;9.872828e-02;4.194114e-02;5.012458e-02;4.022672e-02;6.283979e-02;1.969089e-01;8.127564e-02;7.386605e-02;4.600201e-02;1.441420e-02;5.520976e-02
2.826102e-01;1.077947e-01;3.810860e-02;3.411194e-02;3.524035e-02;7.460884e-02;1.865884e-01;6.802944e-02;7.179825e-02;3.352161e-02;2.019895e-02;4.738870e-02
2.617718e-01;1.014795e-01;4.060185e-02;3.492233e-02;4.493919e-02;1.000656e-01;1.664870e-01;6.152681e-02;6.983686e-02;4.008862e-02;3.150464e-02;4.677571e-02
2.036038e-01;7.695203e-02;5.850149e-02;5.913403e-02;6.787270e-02;1.151829e-01;1.419180e-01;5.138046e-02;5.603196e-02;5.901395e-02;5.692136e-02;5.348724e-02
1.365203e-01;5.730136e-02;9.496291e-02;8.803225e-02;8.107632e-02;1.096442e-01;1.426024e-01;3.443418e-02;4.710583e-02;6.288860e-02;7.741411e-02;6.801752e-02
9.385604e-02;5.952020e-02;1.444861e-01;9.431623e-02;6.580671e-02;8.395434e-02;1.660093e-01;3.807875e-02;5.022656e-02;4.637187e-02;7.523263e-02;8.214128e-02
9.768948e-02;8.014005e-02;1.803321e-01;7.347435e-02;6.131556e-02;7.340180e-02;1.587131e-01;4.988060e-02;4.482611e-02;4.864097e-02;5.187137e-02;7.971454e-02
4.307857e-02;1.144471e-01;1.312841e-01;5.785093e-02;9.725053e-02;9.040349e-02;1.379262e-01;3.043739e-02;8.961195e-02;9.347594e-02;4.357524e-02;7.065864e-02
1.577830e-01;8.393710e-02;1.008959e-01;6.880656e-02;7.211871e-02;6.053353e-02;9.459446e-02;3.821278e-02;1.027526e-01;9.190796e-02;5.879247e-02;6.966497e-02
1.834827e-01;4.862852e-02;1.147799e-01;6.337274e-02;5.099013e-02;5.366550e-02;1.066066e-01;5.907648e-02;1.014234e-01;7.275063e-02;7.451162e-02;7.071178e-02
1.401435e-01;1.003441e-01;1.147465e-01;6.089005e-02;3.898378e-02;5.040869e-02;6.195563e-02;5.924442e-02;9.071317e-02;8.183827e-02;9.520583e-02;1.055261e-01
1.430216e-01;1.053107e-01;1.008098e-01;6.922648e-02;3.741024e-02;5.477512e-02;7.775249e-02;2.954750e-02;7.321680e-02;7.968676e-02;8.813651e-02;1.411060e-01
1.576845e-01;9.336475e-02;1.320285e-01;6.203728e-02;4.864274e-02;4.770726e-02;8.564434e-02;3.943163e-02;8.088049e-02;5.619543e-02;9.610732e-02;1.002758e-01
1.893712e-01;1.058002e-01;1.251172e-01;3.355701e-02;5.252136e-02;4.134011e-02;8.694202e-02;6.773708e-02;7.565434e-02;3.800058e-02;1.167674e-01;6.719149e-02
2.201317e-01;1.178656e-01;6.334013e-02;3.721549e-02;6.374020e-02;3.281872e-02;1.160571e-01;9.891991e-02;3.929970e-02;5.707940e-02;1.009473e-01;5.258470e-02
2.024323e-01;1.008793e-01;8.695815e-02;6.365450e-02;9.490724e-02;3.965894e-02;9.658329e-02;1.361415e-01;2.733369e-02;5.900494e-02;5.926038e-02;3.318582e-02
1.552618e-01;5.898182e-02;7.785641e-02;7.446263e-02;1.133511e-01;5.022027e-02;1.433068e-01;1.549809e-01;3.415509e-02;6.253824e-02;5.204295e-02;2.284197e-02
1.103490e-01;2.558750e-02;5.474315e-02;9.825540e-02;1.168661e-01;7.756548e-02;1.792705e-01;1.272632e-01;4.599922e-02;9.094550e-02;4.645246e-02;2.670249e-02
8.832915e-02;1.785049e-02;5.975119e-02;1.263418e-01;9.982614e-02;9.418613e-02;2.094334e-01;8.900421e-02;4.072716e-02;1.053394e-01;3.337637e-02;3.583458e-02
8.551652e-02;2.443847e-02;6.737522e-02;1.315183e-01;7.246307e-02;7.585879e-02;2.331790e-01;9.742775e-02;4.526331e-02;8.196576e-02;3.227550e-02;5.271831e-02
7.448664e-02;1.884164e-02;1.062599e-01;1.164108e-01;6.084318e-02;5.463016e-02;2.833346e-01;8.335976e-02;3.682633e-02;6.372348e-02;3.336097e-02;6.792264e-02
4.446800e-02;1.605813e-02;1.333647e-01;9.309500e-02;5.102316e-02;5.323065e-02;3.234420e-01;5.428528e-02;4.949507e-02;7.083482e-02;3.415252e-02;7.655071e-02
4.717446e-02;1.099356e-02;1.255239e-01;5.317633e-02;4.130297e-02;7.231826e-02;3.348286e-01;5.207624e-02;9.740860e-02;5.949607e-02;3.396596e-02;7.173507e-02
6.000490e-02;2.837346e-02;1.121432e-01;2.230605e-02;3.686976e-02;7.852498e-02;3.399329e-01;4.982799e-02;1.128208e-01;2.476789e-02;6.366842e-02;7.075966e-02
6.041183e-02;4.103700e-02;9.892883e-02;4.943647e-02;4.116147e-02;6.816942e-02;3.344771e-01;3.324396e-02;7.118815e-02;2.871453e-02;5.904159e-02;1.141896e-01
6.712753e-02;3.103776e-02;6.513032e-02;7.591177e-02;3.700035e-02;4.349823e-02;3.346694e-01;3.541199e-02;3.414844e-02;6.107204e-02;4.050824e-02;1.744839e-01
1.061244e-01;2.521173e-02;3.645193e-02;7.616524e-02;2.745461e-02;2.969518e-02;3.279750e-01;2.520292e-02;3.819785e-02;8.483947e-02;2.629042e-02;1.963913e-01
1.289616e-01;3.303826e-02;5.567354e-02;6.691853e-02;1.717063e-02;2.509626e-02;3.099912e-01;2.739560e-02;5.182789e-02;7.986818e-02;2.286087e-02;1.811975e-01
1.600374e-01;6.711943e-02;4.227284e-02;7.179831e-02;1.475594e-02;3.035497e-02;2.923451e-01;4.161489e-02;3.636072e-02;6.499426e-02;2.671072e-02;1.516354e-01
1.696294e-01;7.654134e-02;7.319203e-02;8.939896e-02;2.342089e-02;2.689692e-02;2.556726e-01;3.627075e-02;4.559357e-02;5.046647e-02;3.384510e-02;1.190720e-01
1.394137e-01;7.076381e-02;1.077735e-01;1.055955e-01;3.211784e-02;2.510118e-02;2.435288e-01;3.100473e-02;4.871137e-02;5.379857e-02;3.260243e-02;1.095886e-01
1.316914e-01;6.266791e-02;9.463831e-02;1.088967e-01;3.535197e-02;3.549714e-02;2.579981e-01;4.253491e-02;4.381261e-02;5.420759e-02;2.740331e-02;1.053000e-01
1.449429e-01;6.438784e-02;9.568406e-02;9.260842e-02;2.792282e-02;5.255793e-02;2.495077e-01;5.047632e-02;5.201099e-02;3.593343e-02;3.606334e-02;9.790418e-02
1.265048e-01;5.339961e-02;1.406883e-01;8.010941e-02;5.959193e-02;7.881214e-02;2.190908e-01;4.369115e-02;4.604020e-02;1.486293e-02;5.659677e-02;8.061201e-02
9.200180e-02;7.122336e-02;1.517456e-01;7.108692e-02;7.096935e-02;9.170506e-02;1.909222e-01;6.026468e-02;4.675807e-02;3.590285e-02;6.263062e-02;5.478953e-02
4.408436e-02;9.750143e-02;1.398068e-01;9.222393e-02;6.954625e-02;8.136075e-02;1.595076e-01;8.884361e-02;6.678900e-02;4.813087e-02;5.212298e-02;6.008246e-02
9.228362e-02;8.004148e-02;1.038880e-01;1.148227e-01;5.501962e-02;7.935613e-02;8.160503e-02;9.274785e-02;8.455676e-02;8.282880e-02;6.742498e-02;6.542506e-02
9.344549e-02;5.074330e-02;8.245932e-02;1.123204e-01;3.927057e-02;7.332209e-02;8.786352e-02;1.227283e-01;7.224740e-02;1.324956e-01;6.218697e-02;7.091696e-02
7.407892e-02;5.278953e-02;5.209187e-02;1.139696e-01;5.406682e-02;6.650297e-02;8.894787e-02;1.534837e-01;5.506503e-02;1.545633e-01;7.126818e-02;6.317218e-02
5.353129e-02;5.262576e-02;3.637549e-02;1.125619e-01;8.653799e-02;8.389471e-02;9.289308e-02;1.304892e-01;9.070148e-02;1.089370e-01;7.585683e-02;7.559523e-02
8.257529e-02;5.407304e-02;6.267199e-02;7.060912e-02;1.258462e-01;8.209331e-02;1.044794e-01;8.076881e-02;1.078843e-01;8.865439e-02;7.632717e-02;6.401703e-02
9.116850e-02;5.144598e-02;1.096163e-01;5.964822e-02;1.120258e-01;5.559663e-02;7.623652e-02;1.106998e-01;1.373358e-01;9.703402e-02;4.823804e-02;5.095432e-02
6.195581e-02;5.112306e-02;8.435035e-02;7.611268e-02;7.902518e-02;7.215821e-02;9.104369e-02;9.642637e-02;1.733865e-01;1.084563e-01;4.446611e-02;6.149573e-02
6.790122e-02;6.447005e-02;4.284267e-02;9.981763e-02;3.663069e-02;1.089390e-01;8.203341e-02;9.958631e-02;1.595271e-01;8.396698e-02;7.607631e-02;7.820869e-02
9.385761e-02;6.975874e-02;8.275120e-02;6.543339e-02;6.475008e-02;8.393813e-02;7.484157e-02;9.595165e-02;8.581587e-02;4.756149e-02;1.428982e-01;9.244209e-02
1.167469e-01;8.386656e-02;1.301070e-01;3.563272e-02;6.279224e-02;8.312222e-02;1.913148e-01;6.286257e-02;4.864744e-02;4.069577e-02;9.485607e-02;4.935565e-02
1.521785e-01;7.420438e-02;1.196701e-01;4.120840e-02;6.500786e-02;7.585993e-02;2.031160e-01;5.098975e-02;4.119293e-02;4.560469e-02;7.690495e-02;5.406263e-02
1.982073e-01;5.561599e-02;1.053365e-01;6.067095e-02;7.769538e-02;6.323376e-02;1.615314e-01;5.524540e-02;3.738427e-02;4.941945e-02;6.260082e-02;7.305878e-02
1.883283e-01;3.766244e-02;7.309593e-02;7.887714e-02;1.181917e-01;1.047441e-01;1.346968e-01;5.704909e-02;4.184308e-02;3.788662e-02;2.958895e-02;9.803589e-02
1.810089e-01;4.115406e-02;6.342145e-02;6.823894e-02;1.173061e-01;1.196587e-01;1.656292e-01;3.659308e-02;5.112009e-02;2.554292e-02;2.980378e-02;1.005228e-01
2.454047e-01;8.559711e-02;5.102650e-02;5.546854e-02;1.045781e-01;1.160240e-01;1.344220e-01;2.160303e-02;4.496055e-02;3.036183e-02;3.447722e-02;7.607646e-02
2.488322e-01;1.101255e-01;4.032959e-02;4.114011e-02;8.713033e-02;1.435762e-01;1.598094e-01;2.771192e-02;3.160860e-02;3.187311e-02;2.142928e-02;5.643371e-02
1.866374e-01;1.618717e-01;8.269240e-02;3.242654e-02;5.728605e-02;1.064715e-01;1.868712e-01;3.764511e-02;3.218396e-02;2.949891e-02;2.982409e-02;5.659121e-02
1.245229e-01;1.983313e-01;1.162463e-01;2.405801e-02;4.674064e-02;8.572901e-02;1.975292e-01;5.018684e-02;3.235907e-02;2.593457e-02;5.492490e-02;4.343731e-02
1.050551e-01;1.576664e-01;1.279485e-01;3.969603e-02;6.007825e-02;1.131359e-01;1.597840e-01;5.597657e-02;2.853849e-02;3.890381e-02;7.217916e-02;4.103780e-02
6.324511e-02;1.006126e-01;1.345997e-01;6.433401e-02;7.280100e-02;1.251630e-01;1.710684e-01;4.944871e-02;3.798715e-02;4.785637e-02;7.447080e-02;5.841319e-02
7.191774e-02;5.348722e-02;9.651858e-02;7.638694e-02;7.028990e-02;1.016217e-01;2.054092e-01;4.958316e-02;4.833643e-02;4.819586e-02;7.578842e-02;1.024648e-01
1.463793e-01;8.489578e-02;9.118549e-02;6.164614e-02;8.066014e-02;5.388368e-02;1.945005e-01;4.392703e-02;4.362176e-02;4.879685e-02;6.549100e-02;8.501235e-02
1.899213e-01;1.094359e-01;1.072572e-01;5.215659e-02;8.748823e-02;4.061401e-02;1.426786e-01;4.329294e-02;3.748225e-02;6.354715e-02;5.537185e-02;7.075397e-02
1.729065e-01;9.904739e-02;1.069001e-01;5.307183e-02;8.447800e-02;6.781539e-02;1.204942e-01;4.821856e-02;5.596676e-02;6.415632e-02;5.189868e-02;7.504632e-02
1.125169e-01;6.357537e-02;1.339178e-01;7.372905e-02;8.928789e-02;1.100401e-01;9.539644e-02;6.122529e-02;7.224149e-02;6.610413e-02;4.521661e-02;7.674890e-02
1.538278e-01;7.892209e-02;1.177690e-01;7.802896e-02;8.069044e-02;7.221410e-02;9.423284e-02;6.387088e-02;6.193715e-02;8.286587e-02;3.035705e-02;8.528379e-02
1.383319e-01;9.206621e-02;1.090433e-01;6.509183e-02;8.247904e-02;5.998245e-02;1.207367e-01;7.453293e-02;7.401109e-02;7.970650e-02;3.966413e-02;6.435388e-02
1.346826e-01;1.184120e-01;7.610030e-02;5.130674e-02;8.804853e-02;7.793968e-02;1.421539e-01;6.689626e-02;6.457154e-02;7.384017e-02;4.274007e-02;6.330824e-02
1.394359e-01;1.579570e-01;1.149243e-01;5.566635e-02;7.363957e-02;6.588636e-02;1.372863e-01;4.193645e-02;5.633971e-02;6.810059e-02;4.095475e-02;4.787263e-02
1.577270e-01;1.517165e-01;1.511081e-01;3.092241e-02;6.252120e-02;6.489430e-02;1.404970e-01;3.945853e-02;4.402398e-02;5.536293e-02;3.863928e-02;6.312870e-02
1.805326e-01;1.072864e-01;1.193143e-01;4.148704e-02;5.848814e-02;5.228861e-02;1.308357e-01;4.445463e-02;5.363294e-02;6.695554e-02;5.704711e-02;8.767697e-02
8.643649e-02;8.323389e-02;8.840872e-02;7.287828e-02;6.498437e-02;7.343636e-02;1.172452e-01;6.853881e-02;1.156120e-01;7.387197e-02;6.875674e-02;8.659719e-02
