3.557569e-02;4.657540e-02;1.516530e-01;7.053594e-02;6.358501e-02;6.787219e-02;1.854893e-01;7.831690e-02;1.189426e-01;6.244072e-02;4.026898e-02;7.874430e-02
1.271743e-01;7.306625e-02;1.568467e-01;7.893038e-02;5.996803e-02;5.236569e-02;1.354478e-01;4.333774e-02;5.651465e-02;6.215512e-02;4.823500e-02;1.059584e-01
2.313033e-01;1.025338e-01;1.332808e-01;4.472451e-02;6.222546e-02;4.479675e-02;8.265954e-02;3.692537e-02;5.946143e-02;6.303959e-02;4.129231e-02;9.775721e-02
1.724287e-01;1.137943e-01;1.285868e-01;5.823929e-02;8.482844e-02;5.955779e-02;7.735121e-02;3.942250e-02;7.536583e-02;7.775804e-02;3.387246e-02;7.879461e-02
1.380163e-01;9.118012e-02;1.246698e-01;6.941790e-02;8.754499e-02;8.517532e-02;6.630493e-02;5.809355e-02;7.934590e-02;7.657535e-02;7.447103e-02;4.920483e-02
1.542611e-01;9.774029e-02;9.442208e-02;7.811752e-02;6.091930e-02;7.841216e-02;5.062069e-02;7.474786e-02;8.099367e-02;8.607779e-02;9.077572e-02;5.291187e-02
1.484237e-01;1.131095e-01;8.468615e-02;8.029222e-02;4.696348e-02;5.071190e-02;6.538771e-02;7.271275e-02;7.401318e-02;1.037947e-01;8.940104e-02;7.050363e-02
1.010082e-01;1.534890e-01;1.059582e-01;6.720476e-02;7.122886e-02;5.050390e-02;7.441592e-02;4.971678e-02;4.829847e-02;1.161112e-01;1.030547e-01;5.901013e-02
4.928751e-02;1.353026e-01;1.328302e-01;6.661131e-02;1.146868e-01;8.981547e-02;5.734289e-02;5.047564e-02;3.947518e-02;1.380007e-01;8.610604e-02;4.006567e-02
4.400760e-02;9.113173e-02;1.284780e-01;9.032223e-02;1.145575e-01;1.144051e-01;7.613207e-02;4.233782e-02;4.901225e-02;1.270020e-01;4.918410e-02;7.342962e-02
4.406116e-02;7.319023e-02;1.247494e-01;7.916564e-02;1.043329e-01;8.872768e-02;1.191261e-01;5.523841e-02;6.317672e-02;9.130959e-02;6.024328e-02;9.667893e-02
8.372431e-02;9.418842e-02;1.423318e-01;4.747839e-02;9.740546e-02;6.018830e-02;1.295943e-01;4.866479e-02;7.389399e-02;7.425649e-02;8.030876e-02;6.796498e-02
5.537283e-02;8.256326e-02;1.799060e-01;3.620308e-02;7.819726e-02;4.689572e-02;1.481143e-01;5.070062e-02;7.978095e-02;7.020897e-02;8.211464e-02;8.994229e-02
4.957120e-02;6.850121e-02;1.816821e-01;4.230497e-02;5.317901e-02;6.268098e-02;1.360327e-01;9.002145e-02;1.147267e-01;8.480558e-02;7.175232e-02;4.474178e-02
5.463635e-02;9.041841e-02;1.627961e-01;3.806784e-02;3.724805e-02;6.464517e-02;9.746142e-02;7.082449e-02;1.785049e-01;8.629509e-02;6.838144e-02;5.072075e-02
4.415601e-02;1.115707e-01;1.471817e-01;3.514097e-02;2.526314e-02;6.888086e-02;5.974289e-02;3.477375e-02;2.601403e-01;8.796357e-02;5.897368e-02;6.621234e-02
2.610018e-02;1.046132e-01;1.350248e-01;2.181490e-02;1.246624e-02;7.000378e-02;3.455480e-02;2.916174e-02;3.131729e-01;1.409710e-01;3.956608e-02;7.255035e-02
1.569619e-02;6.103175e-02;2.018647e-01;1.374475e-02;1.293705e-02;4.162093e-02;5.563033e-02;2.740557e-02;2.534506e-01;2.447585e-01;2.059591e-02;5.126368e-02
2.457964e-02;2.156402e-02;2.517120e-01;2.249246e-02;1.807165e-02;1.456634e-02;1.271383e-01;1.766368e-02;1.395947e-01;3.140437e-01;2.858818e-02;1.998531e-02
4.320229e-02;2.348521e-02;2.913875e-01;3.597636e-02;1.527945e-02;8.761574e-03;1.653673e-01;1.155088e-02;5.216597e-02;2.914376e-01;5.306446e-02;8.321404e-03
7.178901e-02;6.890551e-02;3.439956e-01;5.150577e-02;1.434853e-02;1.240947e-02;1.306011e-01;1.026843e-02;3.061296e-02;1.889852e-01;6.654235e-02;1.003601e-02
9.671494e-02;1.042435e-01;3.503728e-01;6.732680e-02;2.795996e-02;1.527034e-02;8.543700e-02;1.292301e-02;6.023203e-02;8.621722e-02;7.310460e-02;2.019784e-02
7.994597e-02;8.794942e-02;2.992707e-01;7.224175e-02;3.489192e-02;2.588505e-02;6.579935e-02;1.334841e-02;9.679008e-02;1.624093e-01;3.640898e-02;2.505904e-02
7.785667e-02;6.229673e-02;3.337606e-01;6.078020e-02;2.018409e-02;1.904432e-02;4.385881e-02;1.853813e-02;9.926842e-02;1.381216e-01;8.354689e-02;4.274355e-02
1.169660e-01;7.106742e-02;3.162210e-01;6.310873e-02;1.771086e-02;1.618025e-02;8.613335e-02;1.423176e-02;4.781619e-02;7.648787e-02;9.526690e-02;7.880956e-02
1.321485e-01;7.889974e-02;2.682829e-01;5.747313e-02;3.454679e-02;3.623594e-02;7.495573e-02;2.192533e-02;5.140794e-02;1.184187e-01;4.909581e-02;7.660950e-02
1.276079e-01;1.354408e-01;3.299583e-01;4.101912e-02;4.961849e-02;4.722361e-02;4.379524e-02;2.835126e-02;5.265848e-02;8.285933e-02;1.812632e-02;4.334123e-02
7.424397e-02;1.327584e-01;4.705000e-01;3.777270e-02;3.802155e-02;4.096390e-02;3.394323e-02;1.936510e-02;4.671324e-02;7.683089e-02;8.662153e-03;2.022488e-02
2.433845e-02;7.091020e-02;6.099657e-01;6.323462e-02;2.248712e-02;2.134722e-02;3.846312e-02;1.053957e-02;3.094844e-02;8.287447e-02;1.478025e-02;1.011079e-02
2.068055e-02;2.145077e-02;6.337421e-01;6.801801e-02;2.380384e-02;1.041581e-02;5.870935e-02;1.314839e-02;1.771606e-02;1.099284e-01;1.580895e-02;6.577799e-03
3.631698e-02;5.684345e-02;5.348021e-01;5.206219e-02;2.165659e-02;1.576622e-02;6.350129e-02;1.355836e-02;3.188981e-02;1.589581e-01;7.908581e-03;6.736264e-03
6.771298e-02;8.466455e-02;3.747931e-01;4.884649e-02;3.760380e-02;2.420891e-02;7.130241e-02;1.606070e-02;6.026942e-02;1.692020e-01;2.735978e-02;1.797592e-02
8.134055e-02;8.640172e-02;2.388347e-01;4.711677e-02;5.990428e-02;3.426583e-02;7.543409e-02;1.834258e-02;9.242622e-02;1.627467e-01;6.391331e-02;3.927328e-02
5.168104e-02;5.555334e-02;3.172636e-01;4.590410e-02;5.492676e-02;3.043142e-02;5.165629e-02;2.267617e-02;9.977946e-02;1.688856e-01;7.708123e-02;2.416098e-02
4.503573e-02;3.356701e-02;2.583833e-01;5.852195e-02;5.186002e-02;5.124344e-02;9.309011e-02;5.334457e-02;8.260570e-02;1.517137e-01;7.698239e-02;4.365208e-02
7.226192e-02;5.212299e-02;1.277813e-01;5.221302e-02;4.484263e-02;7.784057e-02;1.209265e-01;6.342093e-02;6.732358e-02;1.443172e-01;1.062941e-01;7.065528e-02
1.406850e-01;5.691449e-02;7.454751e-02;3.438694e-02;4.120915e-02;7.933085e-02;9.669140e-02;5.153475e-02;6.648806e-02;1.247166e-01;1.481717e-01;8.532353e-02
1.931041e-01;6.774199e-02;6.520253e-02;1.838181e-02;3.299770e-02;8.441018e-02;7.160317e-02;3.792158e-02;6.515150e-02;8.196715e-02;1.980746e-01;8.344365e-02
1.524872e-01;6.129713e-02;7.581356e-02;3.081263e-02;6.633781e-02;9.396023e-02;5.266850e-02;3.825142e-02;5.869672e-02;1.003905e-01;1.904885e-01;7.879581e-02
9.947640e-02;4.968132e-02;6.800142e-02;7.782751e-02;1.212601e-01;7.901379e-02;4.561287e-02;3.629713e-02;6.528298e-02;1.520610e-01;1.179932e-01;8.749231e-02
8.381820e-02;3.597218e-02;8.652939e-02;1.429498e-01;1.194281e-01;4.030347e-02;6.208894e-02;3.435550e-02;1.148074e-01;1.236688e-01;8.824372e-02;6.783460e-02
6.622607e-02;3.710705e-02;1.219451e-01;1.703567e-01;8.552907e-02;3.558125e-02;8.702518e-02;5.442473e-02;1.311137e-01;8.556990e-02;8.983448e-02;3.528684e-02
5.483904e-02;4.967901e-02;1.715587e-01;1.355921e-01;5.924401e-02;5.437604e-02;1.226980e-01;7.996024e-02;8.165719e-02;9.437647e-02;5.583014e-02;4.018905e-02
4.142474e-02;3.393345e-02;1.363521e-01;9.822814e-02;4.598258e-02;5.746749e-02;2.103654e-01;1.118519e-01;3.396376e-02;1.234289e-01;5.932352e-02;4.767796e-02
5.339221e-02;4.125799e-02;1.025305e-01;5.954958e-02;5.586546e-02;4.282129e-02;2.769754e-01;9.851367e-02;5.680940e-02;1.099628e-01;7.762095e-02;2.470078e-02
5.720436e-02;6.207432e-02;8.630243e-02;4.316021e-02;7.231764e-02;5.267579e-02;3.396605e-01;6.336669e-02;7.487316e-02;5.265630e-02;8.121405e-02;1.449457e-02
6.067056e-02;8.795036e-02;3.136275e-02;5.110572e-02;6.884987e-02;5.558941e-02;3.739236e-01;3.911531e-02;9.188730e-02;4.598058e-02;7.737952e-02;1.618502e-02
5.198507e-02;9.227563e-02;8.027934e-02;5.492251e-02;5.511895e-02;5.206316e-02;3.803352e-01;2.589767e-02;9.267217e-02;3.902244e-02;5.361488e-02;2.181293e-02
6.286963e-02;8.795714e-02;6.151831e-02;6.941123e-02;5.840701e-02;5.971402e-02;4.291302e-01;2.154620e-02;5.829432e-02;3.082113e-02;2.634108e-02;3.398973e-02
3.471053e-02;8.396000e-02;8.225551e-02;8.158612e-02;7.297739e-02;5.197390e-02;4.295214e-01;2.952448e-02;3.717794e-02;3.615652e-02;2.506312e-02;3.509318e-02
8.542058e-02;8.094522e-02;1.131288e-01;8.916159e-02;5.729122e-02;6.397119e-02;3.201500e-01;4.448838e-02;3.703285e-02;5.256807e-02;2.397152e-02;3.187059e-02
1.577239e-01;8.450291e-02;8.656990e-02;8.953309e-02;5.904287e-02;8.075863e-02;2.694735e-01;3.748493e-02;2.488066e-02;6.767498e-02;1.467032e-02;2.768439e-02
2.338328e-01;1.003078e-01;3.622710e-02;7.941094e-02;4.719192e-02;8.331325e-02;2.621956e-01;2.471855e-02;1.151999e-02;8.645834e-02;1.617189e-02;1.865179e-02
2.981826e-01;9.164856e-02;1.887248e-02;5.373792e-02;4.595353e-02;9.093580e-02;2.417960e-01;2.192993e-02;1.563957e-02;9.622330e-02;9.801771e-03;1.527856e-02
3.482331e-01;7.826407e-02;1.626441e-02;3.676992e-02;4.861229e-02;9.486959e-02;2.019408e-01;2.549156e-02;2.501847e-02;9.763591e-02;6.116705e-03;2.078313e-02
3.822449e-01;9.687143e-02;1.043281e-02;3.648162e-02;4.815179e-02;9.268721e-02;1.647759e-01;2.455141e-02;2.649840e-02;8.597428e-02;5.597012e-03;2.573328e-02
3.786109e-01;1.221852e-01;1.479808e-02;5.490991e-02;4.390535e-02;8.573762e-02;1.499282e-01;2.124408e-02;2.389651e-02;7.231014e-02;6.611742e-03;2.586219e-02
3.519206e-01;1.273920e-01;1.738651e-02;7.550517e-02;5.854744e-02;7.671215e-02;1.687355e-01;1.673962e-02;2.151806e-02;5.702756e-02;3.429441e-03;2.508593e-02
3.119321e-01;1.304224e-01;1.702657e-02;7.314870e-02;7.499115e-02;6.528882e-02;2.210554e-01;1.557750e-02;1.859447e-02;4.480606e-02;3.788566e-03;2.336828e-02
2.620274e-01;1.391438e-01;2.398412e-02;4.571196e-02;6.122194e-02;6.656518e-02;2.830556e-01;2.866142e-02;2.929838e-02;2.764736e-02;9.684702e-03;2.299811e-02
2.192491e-01;1.523521e-01;3.233562e-02;2.779447e-02;3.802518e-02;5.003664e-02;3.279994e-01;4.207208e-02;5.072963e-02;1.991114e-02;2.316859e-02;1.632592e-02
1.354433e-01;1.567739e-01;3.680042e-02;2.960384e-02;5.309274e-02;5.853224e-02;3.374097e-01;5.953214e-02;6.421780e-02;2.184853e-02;3.237392e-02;1.437144e-02
5.032488e-02;1.231345e-01;3.963944e-02;4.453166e-02;7.935046e-02;7.610033e-02;3.789288e-01;8.251825e-02;5.785800e-02;2.684405e-02;3.113394e-02;9.635600e-03
1.874414e-02;6.940803e-02;5.200821e-02;5.058542e-02;7.823994e-02;7.821928e-02;4.267731e-01;9.555028e-02;6.730556e-02;3.021129e-02;2.315974e-02;9.795065e-03
2.358821e-02;3.802495e-02;6.736039e-02;3.551946e-02;5.481024e-02;6.781169e-02;4.532531e-01;1.060635e-01;7.375897e-02;4.830172e-02;1.710540e-02;1.440235e-02
3.341012e-02;3.554577e-02;6.278332e-02;2.771080e-02;4.126291e-02;5.673531e-02;4.406525e-01;1.266554e-01;5.463115e-02;8.785276e-02;2.027222e-02;1.248782e-02
5.229041e-02;4.452430e-02;8.122594e-02;4.862610e-02;7.175265e-02;5.881151e-02;3.557298e-01;1.164366e-01;4.697729e-02;8.474226e-02;2.831019e-02;1.057293e-02
7.547061e-02;5.184983e-02;6.627718e-02;4.743550e-02;8.808850e-02;6.353442e-02;4.282428e-01;5.784935e-02;4.491819e-02;4.361609e-02;2.614574e-02;6.571758e-03
9.063016e-02;5.019403e-02;4.345254e-02;3.414493e-02;5.765535e-02;6.047706e-02;5.149409e-01;3.678127e-02;4.402375e-02;4.004377e-02;1.801845e-02;9.637838e-03
1.205263e-01;7.569914e-02;3.809853e-02;3.661853e-02;3.195818e-02;6.216941e-02;4.970771e-01;4.718539e-02;3.278502e-02;3.020895e-02;1.704468e-02;1.062874e-02
1.472199e-01;9.626825e-02;7.660992e-02;4.342673e-02;4.267894e-02;6.025305e-02;3.629917e-01;5.760859e-02;3.819087e-02;3.331181e-02;2.360085e-02;1.783941e-02
1.374453e-01;9.816653e-02;7.078713e-02;6.288477e-02;6.296279e-02;5.103545e-02;2.990032e-01;6.457267e-02;4.737526e-02;4.942799e-02;3.465877e-02;2.168012e-02
9.212183e-02;6.974503e-02;5.725989e-02;7.483696e-02;6.851814e-02;5.334636e-02;3.693547e-01;6.577419e-02;5.158936e-02;4.883470e-02;2.678130e-02;2.183758e-02
7.310013e-02;5.976819e-02;7.047261e-02;6.091253e-02;5.994696e-02;5.169477e-02;4.195849e-01;6.467173e-02;5.205830e-02;3.551725e-02;2.968464e-02;2.258796e-02
7.065294e-02;5.116796e-02;6.809942e-02;5.144626e-02;6.388825e-02;7.648102e-02;3.928007e-01;7.165506e-02;4.824328e-02;4.317379e-02;3.967233e-02;2.271904e-02
8.183514e-02;6.089278e-02;6.320132e-02;4.529072e-02;8.170940e-02;1.564003e-01;1.614516e-01;8.301232e-02;7.869320e-02;1.096014e-01;5.842933e-02;1.948246e-02
8.824486e-02;5.812494e-02;7.149172e-02;3.124021e-02;8.396850e-02;1.675371e-01;1.046539e-01;8.197150e-02;8.269293e-02;1.445835e-01;6.039102e-02;2.509981e-02
8.907393e-02;3.643885e-02;7.818978e-02;3.238150e-02;8.997303e-02;1.536266e-01;1.038377e-01;6.768209e-02;8.333997e-02;1.772702e-01;5.317913e-02;3.500722e-02
6.610542e-02;1.673959e-02;1.112352e-01;4.081235e-02;1.025565e-01;1.293868e-01;1.348335e-01;4.867512e-02;8.351476e-02;1.816660e-01;4.610678e-02;3.836793e-02
5.262151e-02;1.837249e-02;1.464744e-01;3.853529e-02;8.577447e-02;1.067786e-01;1.301407e-01;6.756537e-02;8.212950e-02;1.465040e-01;8.199410e-02;4.310960e-02
3.148094e-02;1.680293e-02;9.540371e-02;2.546331e-02;7.058800e-02;7.790675e-02;1.050425e-01;1.399193e-01;6.514447e-02;1.982022e-01;1.375623e-01;3.648363e-02
2.042713e-02;2.020052e-02;5.372402e-02;1.564515e-02;4.767337e-02;4.660674e-02;6.360807e-02;2.066753e-01;8.583429e-02;2.460875e-01;1.655167e-01;2.800124e-02
2.723015e-02;2.503600e-02;4.267819e-02;1.903269e-02;4.028261e-02;2.686497e-02;7.049613e-02;2.048124e-01;9.806276e-02;2.563976e-01;1.584558e-01;3.065073e-02
2.018279e-02;2.453634e-02;9.514035e-02;2.281178e-02;4.037113e-02;4.070202e-02;1.110530e-01;1.334137e-01;7.419727e-02;2.524224e-01;1.616226e-01;2.354655e-02
2.857919e-02;2.663467e-02;7.389112e-02;2.135752e-02;5.355535e-02;4.184666e-02;1.116102e-01;6.967475e-02;5.124642e-02;2.594792e-01;2.160468e-01;4.607813e-02
4.989196e-02;2.711589e-02;2.776454e-02;1.548678e-02;4.729214e-02;3.137913e-02;1.758119e-01;4.573764e-02;5.139650e-02;2.192192e-01;2.405103e-01;6.839395e-02
3.562740e-02;4.121648e-02;1.196605e-01;1.777649e-02;1.741486e-02;3.230834e-02;1.448615e-01;3.831493e-02;6.493574e-02;1.933122e-01;2.266565e-01;6.791509e-02
3.365472e-02;5.929569e-02;5.205216e-02;1.318519e-02;4.862719e-02;5.021592e-02;1.086541e-01;6.420461e-02;7.082760e-02;2.220484e-01;2.116730e-01;6.556142e-02
3.687460e-02;4.043976e-02;3.625435e-02;1.379337e-02;5.132997e-02;5.909804e-02;1.036261e-01;9.198891e-02;6.665070e-02;2.481945e-01;1.929673e-01;5.878231e-02
2.826752e-02;3.933475e-02;4.674935e-02;2.069369e-02;5.219884e-02;3.642327e-02;1.144190e-01;1.125556e-01;5.845421e-02;2.389514e-01;2.065407e-01;4.541157e-02
4.199411e-02;5.562849e-02;8.367639e-02;3.822885e-02;5.072540e-02;4.404148e-02;9.740946e-02;1.071566e-01;5.633332e-02;1.919277e-01;1.867591e-01;4.611916e-02
4.992191e-02;6.779889e-02;9.517373e-02;5.315816e-02;4.393970e-02;4.224087e-02;1.262862e-01;8.156542e-02;6.470215e-02;1.708377e-01;1.534544e-01;5.092084e-02
7.250773e-02;5.815555e-02;1.340813e-01;5.932695e-02;3.785791e-02;2.923468e-02;1.610518e-01;6.399836e-02;7.164434e-02;1.304071e-01;1.110816e-01;7.065278e-02
5.285554e-02;4.839804e-02;1.138649e-01;6.973983e-02;9.592247e-02;4.277459e-02;1.360558e-01;6.474978e-02;8.949646e-02;1.088676e-01;9.085511e-02;8.641990e-02
5.199285e-02;3.426039e-02;1.002920e-01;9.042571e-02;1.574781e-01;5.283778e-02;1.012503e-01;7.093652e-02;8.873571e-02;1.216227e-01;5.564492e-02;7.452303e-02
6.216716e-02;5.484120e-02;1.328520e-01;9.748533e-02;1.483442e-01;3.587374e-02;8.521811e-02;6.595851e-02;8.864095e-02;1.141806e-01;6.894895e-02;4.548916e-02
9.915491e-02;6.291071e-02;1.758883e-01;1.019872e-01;9.658787e-02;3.691663e-02;8.066536e-02;5.461831e-02;8.734696e-02;9.804478e-02;7.083758e-02;3.504147e-02
1.172096e-01;4.435209e-02;2.167361e-01;7.760285e-02;8.541384e-02;4.406074e-02;1.063720e-01;5.392637e-02;5.889389e-02;7.682005e-02;7.572131e-02;4.289118e-02
9.399179e-02;8.596960e-02;2.487405e-01;7.140353e-02;7.882766e-02;5.043986e-02;1.156546e-01;4.181430e-02;4.126893e-02;5.251804e-02;6.638833e-02;5.298286e-02
6.317427e-02;5.258658e-02;2.091037e-01;4.390956e-02;1.017786e-01;7.391267e-02;1.624333e-01;5.960495e-02;6.531960e-02;6.272757e-02;5.601646e-02;4.943283e-02
1.216757e-01;6.897964e-02;2.506694e-01;3.960941e-02;5.846982e-02;4.416225e-02;1.508339e-01;4.785654e-02;5.828338e-02;4.585886e-02;5.469303e-02;5.890798e-02
1.706644e-01;1.053306e-01;2.396899e-01;3.294058e-02;3.409399e-02;3.379138e-02;1.080589e-01;4.050351e-02;6.954402e-02;4.122855e-02;5.669887e-02;6.745527e-02
2.055851e-01;1.619209e-01;2.262489e-01;3.026629e-02;2.037239e-02;2.591503e-02;6.085001e-02;2.660420e-02;8.906741e-02;3.380287e-02;5.461626e-02;6.475068e-02
2.157134e-01;1.960580e-01;2.357554e-01;2.711888e-02;1.869315e-02;1.987628e-02;4.585769e-02;2.293024e-02;1.121191e-01;2.870774e-02;3.933523e-02;3.783489e-02
1.984862e-01;1.570939e-01;2.654406e-01;3.747920e-02;2.344211e-02;2.063051e-02;3.055958e-02;3.133349e-02;1.206747e-01;3.829999e-02;3.639954e-02;4.016024e-02
1.475142e-01;1.101705e-01;2.878802e-01;7.081958e-02;4.220985e-02;3.130371e-02;4.097960e-02;4.171344e-02;8.176807e-02;5.588347e-02;5.243197e-02;3.732539e-02
1.172166e-01;1.262546e-01;2.748083e-01;8.485226e-02;6.908905e-02;5.348424e-02;4.994378e-02;3.632288e-02;3.209555e-02;5.721638e-02;7.345074e-02;2.526550e-02
1.011257e-01;1.107201e-01;2.308138e-01;5.691696e-02;5.838374e-02;5.417855e-02;6.351352e-02;4.906646e-02;9.230679e-02;5.792648e-02;8.511212e-02;3.993574e-02
6.544846e-02;1.095625e-01;3.281567e-01;3.844277e-02;3.640660e-02;3.401301e-02;4.946772e-02;4.524261e-02;9.298347e-02;6.737254e-02;8.266312e-02;5.024052e-02
8.912072e-02;1.200833e-01;3.170639e-01;4.446035e-02;7.004136e-02;2.590686e-02;3.003525e-02;2.800227e-02;8.732044e-02;5.660169e-02;7.470383e-02;5.666002e-02
2.914168e-02;9.961916e-02;8.787879e-02;1.002404e-01;8.489579e-02;9.975318e-02;6.580901e-02;7.341848e-02;1.000140e-01;1.542727e-01;4.733101e-02;5.762574e-02
6.410689e-02;7.944518e-02;8.360692e-02;1.090516e-01;8.129026e-02;9.397770e-02;7.146538e-02;7.328560e-02;8.262971e-02;1.689015e-01;3.320222e-02;5.903704e-02
7.503398e-02;7.006560e-02;9.248978e-02;1.031334e-01;7.670040e-02;7.057224e-02;1.073168e-01;6.615083e-02;9.295330e-02;1.543668e-01;3.265922e-02;5.855763e-02
7.204802e-02;5.069401e-02;9.012339e-02;8.137111e-02;7.685562e-02;4.935227e-02;1.432742e-01;8.744898e-02;1.071727e-01;1.444975e-01;3.850105e-02;5.866111e-02
4.574493e-02;2.825920e-02;7.050346e-02;5.325300e-02;6.983521e-02;5.769018e-02;2.634055e-01;9.023050e-02;1.010803e-01;1.446212e-01;3.577912e-02;3.959740e-02
3.015293e-02;1.093695e-02;4.589336e-02;1.981897e-02;8.712900e-02;1.197923e-01;4.590384e-01;5.451592e-02;7.280955e-02;6.474715e-02;1.970963e-02;1.545585e-02
3.963366e-02;6.694549e-03;4.624065e-02;1.870340e-02;9.434331e-02;1.672260e-01;4.664137e-01;5.186477e-02;4.243270e-02;4.666108e-02;9.601948e-03;1.018425e-02
5.022593e-02;9.648146e-03;2.972429e-02;3.914041e-02;9.367155e-02;1.909962e-01;4.167014e-01;6.066533e-02;3.419678e-02;6.590217e-02;4.193784e-03;4.934079e-03
4.456829e-02;2.469598e-02;2.782898e-02;7.308966e-02;6.653232e-02;1.676476e-01;4.213208e-01;5.257982e-02;3.074147e-02;7.298055e-02;1.006582e-02;7.948804e-03
6.994759e-02;3.716708e-02;4.321358e-02;7.313992e-02;6.426888e-02;1.425102e-01;3.930877e-01;4.105858e-02;3.465493e-02;7.114565e-02;1.577853e-02;1.402737e-02
9.250103e-02;3.556648e-02;6.352618e-02;4.859860e-02;9.587415e-02;1.555674e-01;2.828558e-01;5.953811e-02;5.198359e-02;8.182447e-02;1.794573e-02;1.421845e-02
9.710199e-02;3.693346e-02;1.074859e-01;2.795944e-02;1.751327e-01;1.647435e-01;1.013175e-01;6.180485e-02;8.887605e-02;7.029688e-02;2.252044e-02;4.582724e-02
8.417488e-02;3.521396e-02;7.271983e-02;1.835672e-02;1.488222e-01;1.585850e-01;2.462073e-01;5.481434e-02;7.398706e-02;4.567547e-02;1.852372e-02;4.291952e-02
6.014716e-02;3.995880e-02;3.233856e-02;1.988373e-02;7.548956e-02;1.495727e-01;4.109892e-01;7.229283e-02;4.033337e-02;5.240778e-02;2.798697e-02;1.859940e-02
2.914818e-02;5.083081e-02;1.413216e-02;1.638507e-02;3.317504e-02;9.237426e-02;5.334229e-01;8.378632e-02;4.814801e-02;4.061225e-02;5.208413e-02;5.900776e-03
7.888547e-03;6.342642e-02;9.377365e-03;7.830657e-03;1.879617e-02;6.261651e-02;5.952433e-01;8.425268e-02;6.201009e-02;1.710765e-02;6.656229e-02;4.888308e-03
1.289789e-02;6.109521e-02;1.003677e-02;1.000111e-02;1.455832e-02;8.725534e-02;5.964506e-01;6.183800e-02;6.733825e-02;1.465004e-02;5.964111e-02;4.237357e-03
3.449102e-02;5.091580e-02;1.122514e-02;2.762659e-02;2.475267e-02;1.589088e-01;5.198961e-01;3.538588e-02;4.834297e-02;3.349366e-02;4.068325e-02;1.427806e-02
7.794834e-02;3.054771e-02;1.275020e-02;5.002737e-02;4.064154e-02;2.287941e-01;4.097996e-01;2.770233e-02;1.963149e-02;6.137525e-02;2.175100e-02;1.903111e-02
1.441591e-01;2.153716e-02;1.723447e-02;5.395995e-02;6.196028e-02;2.500205e-01;2.963622e-01;4.225719e-02;1.402055e-02;7.431983e-02;1.184142e-02;1.232730e-02
1.882634e-01;2.610127e-02;5.396697e-02;4.674494e-02;8.887587e-02;2.208413e-01;2.053443e-01;5.520870e-02;2.215417e-02;5.673997e-02;7.689146e-03;2.807002e-02
1.596304e-01;3.012717e-02;1.515355e-01;5.400496e-02;1.124109e-01;1.585390e-01;1.425063e-01;4.022353e-02;3.584153e-02;3.415018e-02;2.041226e-02;6.061832e-02
1.120921e-01;3.579003e-02;2.560213e-01;6.820000e-02;9.949075e-02;1.060536e-01;1.261534e-01;3.626181e-02;3.427558e-02;2.982255e-02;3.623375e-02;5.960518e-02
7.763720e-02;4.062227e-02;2.433230e-01;7.051355e-02;9.037729e-02;1.006724e-01;1.746704e-01;3.378569e-02;3.772228e-02;4.336222e-02;2.894513e-02;5.836859e-02
5.558936e-02;4.112167e-02;1.157844e-01;4.447587e-02;9.288134e-02;1.437564e-01;2.168835e-01;3.883424e-02;5.781747e-02;7.749473e-02;4.033997e-02;7.502103e-02
4.043308e-02;2.472766e-02;1.417420e-01;7.689533e-02;7.869732e-02;1.648897e-01;1.775907e-01;5.486601e-02;7.398080e-02;7.306928e-02;3.416890e-02;5.893914e-02
6.185260e-02;2.623243e-02;1.222481e-01;1.134435e-01;7.819434e-02;1.337722e-01;1.438336e-01;9.104392e-02;7.642697e-02;8.939268e-02;3.889691e-02;2.466282e-02
6.023563e-02;3.803246e-02;8.549263e-02;1.264964e-01;8.517898e-02;8.638595e-02;1.238838e-01;9.702010e-02;8.924265e-02;1.159368e-01;6.139348e-02;3.070114e-02
5.461730e-02;6.390798e-02;5.054736e-02;1.207018e-01;5.361469e-02;8.682318e-02;1.037534e-01;7.492799e-02;1.319178e-01;1.387719e-01;5.955944e-02;6.085715e-02
6.448580e-02;1.096528e-01;4.144549e-02;8.647304e-02;5.524918e-02;6.488609e-02;6.279553e-02;7.025633e-02;1.571255e-01;1.259882e-01;7.259180e-02;8.905027e-02
9.904388e-02;9.635982e-02;1.121783e-01;6.052213e-02;5.561456e-02;4.623996e-02;6.869593e-02;9.072385e-02;1.270481e-01;7.337803e-02;8.578365e-02;8.441170e-02
1.104956e-01;6.796925e-02;1.508275e-01;4.889069e-02;5.525442e-02;6.775205e-02;1.017102e-01;9.471639e-02;9.326148e-02;5.047796e-02;7.868132e-02;7.996314e-02
9.395210e-02;5.077910e-02;1.166779e-01;4.499944e-02;3.846754e-02;9.967643e-02;1.402564e-01;8.880271e-02;8.984950e-02;5.090899e-02;1.019612e-01;8.366866e-02
6.067823e-02;3.491894e-02;6.562619e-02;4.253254e-02;5.891233e-02;1.294322e-01;1.296680e-01;6.058800e-02;7.459900e-02;1.122040e-01;1.610315e-01;6.980898e-02
5.620714e-02;3.337724e-02;5.765521e-02;8.161880e-02;1.154308e-01;1.033384e-01;7.713925e-02;3.252701e-02;9.047627e-02;1.673959e-01;1.287615e-01;5.607247e-02
6.934944e-02;1.959411e-02;1.074457e-01;1.614572e-01;8.917908e-02;4.623562e-02;4.996195e-02;3.574537e-02;1.698105e-01;1.239474e-01;8.738614e-02;3.988744e-02
5.472891e-02;1.639541e-02;1.895087e-01;1.829021e-01;3.129311e-02;2.093453e-02;4.945917e-02;3.126615e-02;1.932307e-01;6.059244e-02;1.476752e-01;2.201356e-02
4.606364e-02;3.631638e-02;2.413686e-01;1.526381e-01;3.537770e-02;2.880707e-02;7.732322e-02;2.613476e-02;1.365941e-01;5.741055e-02;1.405580e-01;2.140793e-02
4.810219e-02;5.253107e-02;2.478662e-01;1.104130e-01;3.512161e-02;4.756420e-02;1.557709e-01;4.539353e-02;6.726327e-02;7.634423e-02;7.935447e-02;3.427526e-02
4.086500e-02;5.061572e-02;1.113777e-01;3.516293e-02;6.090916e-02;6.695962e-02;2.260544e-01;5.955140e-02;9.349791e-02;1.136134e-01;8.710121e-02;5.429157e-02
3.645795e-02;7.068051e-02;9.643581e-02;7.762869e-02;8.133420e-02;5.581832e-02;1.925946e-01;3.967456e-02;8.979395e-02;9.344854e-02;1.225856e-01;4.354726e-02
6.016010e-02;7.718727e-02;1.254656e-01;1.420733e-01;8.531858e-02;6.865491e-02;1.216599e-01;2.349604e-02;6.409760e-02;8.334407e-02;1.094499e-01;3.909270e-02
7.272750e-02;4.518445e-02;1.645790e-01;1.467163e-01;7.517645e-02;6.265296e-02;1.504800e-01;3.440847e-02;7.751141e-02;8.026854e-02;5.076762e-02;3.952729e-02
9.221067e-02;2.293028e-02;1.505192e-01;1.321559e-01;8.865616e-02;7.224503e-02;1.932474e-01;3.462635e-02;8.617927e-02;7.226179e-02;2.837968e-02;2.658824e-02
1.319682e-01;5.701140e-02;6.033687e-02;1.143213e-01;1.054630e-01;9.984173e-02;1.552856e-01;4.101930e-02;1.025799e-01;6.470575e-02;2.659788e-02;4.086905e-02
1.133225e-01;1.250647e-01;1.210380e-01;7.307462e-02;6.217150e-02;9.761921e-02;1.858831e-01;2.853266e-02;7.825023e-02;3.959054e-02;2.993440e-02;4.551857e-02
7.584526e-02;1.924513e-01;1.104794e-01;4.439051e-02;4.896326e-02;5.781529e-02;2.606671e-01;3.779862e-02;6.029633e-02;4.156217e-02;3.563761e-02;3.409317e-02
5.580137e-02;1.772545e-01;9.205334e-02;5.024025e-02;6.259613e-02;3.650142e-02;3.077943e-01;4.953200e-02;6.650638e-02;3.871091e-02;4.467436e-02;1.833503e-02
3.464818e-02;1.283886e-01;1.145211e-01;9.466822e-02;8.454457e-02;3.802903e-02;3.325428e-01;4.312091e-02;5.201519e-02;3.046328e-02;4.252413e-02;4.534021e-03
5.563210e-02;1.220958e-01;1.025116e-01;8.965432e-02;9.139003e-02;4.473417e-02;3.243493e-01;3.951420e-02;4.936117e-02;3.915732e-02;3.371818e-02;7.881800e-03
1.101869e-01;1.532181e-01;1.027882e-01;5.450340e-02;8.556950e-02;5.207637e-02;2.742962e-01;3.602180e-02;5.001225e-02;3.982181e-02;2.218331e-02;1.932217e-02
2.056631e-01;1.298018e-01;7.782722e-02;8.215577e-02;8.700717e-02;6.685571e-02;1.941045e-01;4.056126e-02;3.732603e-02;3.383099e-02;1.210936e-02;3.275697e-02
2.874018e-01;1.002680e-01;8.747250e-02;5.515670e-02;9.060784e-02;6.756314e-02;1.385447e-01;3.933966e-02;3.916022e-02;2.697976e-02;1.974395e-02;4.776167e-02
3.067130e-01;7.779674e-02;1.043562e-01;9.131940e-02;8.260015e-02;5.389659e-02;8.305511e-02;3.438630e-02;4.507886e-02;2.215547e-02;2.307359e-02;7.556860e-02
2.871028e-01;5.721982e-02;7.229488e-02;1.212558e-01;1.089008e-01;6.547213e-02;6.537072e-02;4.350045e-02;4.432851e-02;2.248864e-02;1.757668e-02;9.448869e-02
2.446296e-01;9.248555e-02;7.526463e-02;1.179815e-01;1.113648e-01;6.072112e-02;7.010390e-02;4.646549e-02;2.994106e-02;3.134173e-02;3.735552e-02;8.234520e-02
1.445771e-01;1.548176e-01;1.709641e-01;1.174133e-01;9.474120e-02;3.703490e-02;5.002500e-02;4.864204e-02;2.731853e-02;4.021794e-02;6.496338e-02;4.928492e-02
6.884506e-02;1.639321e-01;2.148927e-01;1.123334e-01;1.083794e-01;4.195676e-02;5.000239e-02;5.134673e-02;3.788378e-02;3.011337e-02;7.897473e-02;4.133952e-02
4.667721e-02;1.043750e-01;2.566927e-01;1.214405e-01;1.147714e-01;4.073724e-02;6.651174e-02;4.567501e-02;2.235650e-02;2.804961e-02;8.892752e-02;6.378553e-02
1.334094e-01;8.055692e-02;2.190960e-01;1.111223e-01;1.045511e-01;5.646479e-02;6.232919e-02;2.838422e-02;1.275148e-02;3.204713e-02;7.498161e-02;8.430588e-02
1.907125e-01;1.013080e-01;1.838793e-01;8.429307e-02;1.027959e-01;6.478680e-02;5.547357e-02;1.720247e-02;2.214390e-02;3.213284e-02;6.424169e-02;8.102988e-02
2.461543e-01;8.780824e-02;1.948360e-01;6.617591e-02;1.176898e-01;4.957625e-02;5.564640e-02;1.559659e-02;2.634351e-02;3.151311e-02;6.266963e-02;4.599028e-02
2.650588e-01;7.482833e-02;1.759868e-01;9.441569e-02;1.006039e-01;4.139512e-02;4.058183e-02;2.481683e-02;3.660838e-02;3.231060e-02;5.956079e-02;5.383293e-02
2.686394e-01;7.640112e-02;1.331268e-01;1.287966e-01;9.389657e-02;3.604751e-02;5.223218e-02;4.161670e-02;3.297861e-02;2.310468e-02;4.160749e-02;7.155233e-02
2.510831e-01;9.471844e-02;1.339037e-01;1.550709e-01;8.319270e-02;3.670932e-02;6.616636e-02;4.928538e-02;1.781640e-02;2.929664e-02;3.165345e-02;5.110352e-02
2.502503e-01;9.991176e-02;1.341451e-01;1.567637e-01;6.639526e-02;2.942114e-02;7.319647e-02;4.694606e-02;2.663489e-02;4.088669e-02;3.391682e-02;4.153187e-02
2.800141e-01;7.353994e-02;1.337619e-01;1.024918e-01;6.410831e-02;3.130675e-02;6.042547e-02;3.609678e-02;3.623816e-02;3.928902e-02;6.452961e-02;7.819816e-02
2.444585e-01;1.018589e-01;1.310293e-01;6.505722e-02;6.504113e-02;4.913763e-02;8.381433e-02;3.003770e-02;3.438152e-02;4.490246e-02;7.806987e-02;7.221150e-02
1.811876e-01;1.235614e-01;1.375972e-01;9.285498e-02;7.661976e-02;4.654112e-02;8.868786e-02;4.335627e-02;3.046412e-02;3.205423e-02;7.908972e-02;6.798569e-02
1.903759e-01;9.345853e-02;1.123678e-01;1.119708e-01;5.778614e-02;3.386393e-02;7.977556e-02;4.058768e-02;7.157200e-02;3.465858e-02;7.528209e-02;9.830093e-02
1.506223e-01;6.077531e-02;9.801781e-02;1.147210e-01;6.732712e-02;3.686143e-02;7.513928e-02;3.931485e-02;1.111657e-01;6.825306e-02;8.540058e-02;9.240162e-02
1.499630e-01;9.636519e-02;1.095028e-01;8.376939e-02;6.225334e-02;3.804996e-02;7.240108e-02;6.264307e-02;8.218805e-02;7.457136e-02;7.999475e-02;8.829803e-02
