8.011249e-02;7.184783e-02;2.885015e-01;6.790572e-02;7.718784e-02;6.235868e-02;1.459260e-01;3.250044e-02;2.554719e-02;3.621097e-02;4.440263e-02;6.749875e-02
9.498805e-02;1.181101e-01;3.040000e-01;5.715577e-02;4.563458e-02;5.801148e-02;9.273344e-02;2.660971e-02;2.739070e-02;4.238937e-02;4.164844e-02;9.132831e-02
1.604083e-01;1.819513e-01;1.852485e-01;4.010348e-02;3.057473e-02;5.115165e-02;6.397460e-02;3.074427e-02;5.289201e-02;4.885245e-02;5.721183e-02;9.688688e-02
2.067515e-01;2.653729e-01;1.741981e-01;2.421534e-02;1.730512e-02;3.595001e-02;3.081493e-02;2.477743e-02;8.304033e-02;3.485379e-02;4.324177e-02;5.947880e-02
2.983299e-01;3.241960e-01;1.488317e-01;1.051451e-02;1.511853e-02;1.862814e-02;1.354933e-02;2.326714e-02;8.231358e-02;1.422708e-02;2.129561e-02;2.972859e-02
3.861946e-01;3.477831e-01;1.072667e-01;6.183295e-03;1.755083e-02;7.860666e-03;6.278661e-03;1.791158e-02;7.119574e-02;4.820186e-03;1.125149e-02;1.570310e-02
3.848939e-01;3.332680e-01;1.278197e-01;4.835210e-03;1.869998e-02;5.429196e-03;1.073553e-02;9.863316e-03;7.064971e-02;5.280253e-03;6.643160e-03;2.188207e-02
3.718880e-01;3.050541e-01;1.345156e-01;5.734735e-03;1.989307e-02;7.017458e-03;1.481582e-02;2.365744e-02;6.730209e-02;9.724465e-03;1.185010e-02;2.854718e-02
3.692720e-01;2.453980e-01;1.482401e-01;9.260008e-03;3.058198e-02;9.220566e-03;2.210058e-02;4.489895e-02;4.455978e-02;1.326548e-02;2.144197e-02;4.176050e-02
3.303728e-01;1.317633e-01;1.402368e-01;3.434349e-02;8.336826e-02;1.798794e-02;5.025142e-02;4.582661e-02;2.289518e-02;2.984598e-02;3.931695e-02;7.379127e-02
1.700936e-01;7.196946e-02;1.007443e-01;8.555542e-02;1.641298e-01;4.064350e-02;1.061475e-01;3.579833e-02;3.223192e-02;4.704072e-02;6.880432e-02;7.684112e-02
4.448734e-02;6.066078e-02;7.479080e-02;9.390447e-02;1.937173e-01;6.528223e-02;1.619013e-01;3.276991e-02;3.175090e-02;6.605258e-02;1.102105e-01;6.447189e-02
1.773037e-02;3.346264e-02;6.259001e-02;4.570618e-02;9.673706e-02;1.393004e-01;2.060999e-01;3.653572e-02;4.118431e-02;9.630087e-02;1.596343e-01;6.471831e-02
3.311243e-02;3.260377e-02;4.920954e-02;1.616685e-02;4.506984e-02;1.549512e-01;1.702778e-01;3.888462e-02;6.493414e-02;1.226901e-01;2.004030e-01;7.169660e-02
1.849304e-02;2.387208e-02;1.083534e-01;1.792037e-02;4.809245e-02;1.591416e-01;9.577476e-02;2.964638e-02;7.171816e-02;1.392182e-01;2.268917e-01;6.087785e-02
8.891694e-02;7.073122e-02;9.989412e-02;4.332650e-02;7.666679e-02;1.093880e-01;9.111118e-02;4.955668e-02;8.144891e-02;7.652798e-02;1.332990e-01;7.913262e-02
1.218013e-01;8.521891e-02;1.241290e-01;3.050146e-02;6.736666e-02;8.583848e-02;9.868429e-02;3.912383e-02;8.712076e-02;5.628786e-02;1.171559e-01;8.677148e-02
1.849937e-01;1.170838e-01;1.427185e-01;1.224963e-02;5.285704e-02;7.223976e-02;8.554007e-02;2.411097e-02;6.644689e-02;4.789761e-02;1.042367e-01;8.962532e-02
2.779054e-01;1.559352e-01;1.490933e-01;1.343596e-02;3.590911e-02;3.844431e-02;4.731974e-02;8.669910e-02;5.033958e-02;2.731902e-02;5.640911e-02;6.119020e-02
3.493706e-01;1.470264e-01;1.370078e-01;1.532008e-02;3.204402e-02;1.348451e-02;1.947697e-02;1.859456e-01;4.147414e-02;8.422898e-03;1.921660e-02;3.121028e-02
3.211759e-01;8.577584e-02;8.072244e-02;1.019284e-02;2.843130e-02;1.996882e-02;4.083810e-02;3.023899e-01;5.847462e-02;9.604176e-03;1.384892e-02;2.857706e-02
2.286287e-01;3.552319e-02;4.277471e-02;1.052731e-02;2.516467e-02;3.346478e-02;8.448832e-02;3.665439e-01;1.130391e-01;1.798398e-02;6.598426e-03;3.526299e-02
1.831815e-01;1.482124e-02;2.639825e-02;1.993492e-02;2.169369e-02;5.365010e-02;1.310519e-01;3.557292e-01;1.021804e-01;2.812843e-02;1.143467e-02;5.179578e-02
1.817262e-01;1.284169e-02;1.245000e-02;3.637989e-02;1.378768e-02;7.556555e-02;1.729079e-01;2.902353e-01;5.489524e-02;5.758335e-02;1.372935e-02;7.789785e-02
1.964788e-01;1.281970e-02;2.142076e-02;5.934801e-02;1.544865e-02;8.015601e-02;1.787806e-01;2.073148e-01;2.864891e-02;8.456574e-02;1.097977e-02;1.040383e-01
1.726113e-01;2.494723e-02;2.359992e-02;9.116508e-02;1.409348e-02;7.330528e-02;1.754916e-01;1.431581e-01;2.202318e-02;1.022997e-01;1.672561e-02;1.405796e-01
1.243834e-01;3.805354e-02;3.474796e-02;1.035133e-01;2.510025e-02;7.853582e-02;1.639894e-01;1.165854e-01;2.915103e-02;1.193109e-01;2.848383e-02;1.381451e-01
1.172050e-01;3.252106e-02;3.365183e-02;1.136999e-01;1.850807e-02;9.261670e-02;1.569792e-01;1.112185e-01;3.830883e-02;1.366107e-01;2.059511e-02;1.280852e-01
1.705763e-01;1.956710e-02;3.762524e-02;1.028627e-01;4.727730e-02;8.019330e-02;1.162857e-01;1.530062e-01;3.254154e-02;1.104269e-01;1.536412e-02;1.142736e-01
2.864009e-01;1.554126e-02;6.306577e-02;5.324075e-02;1.056639e-01;4.217042e-02;5.801956e-02;2.209630e-01;2.267481e-02;5.191612e-02;2.752480e-02;5.281875e-02
3.562444e-01;2.013398e-02;8.158557e-02;2.252479e-02;1.324528e-01;1.127942e-02;2.827551e-02;2.486987e-01;1.564401e-02;1.639554e-02;4.305796e-02;2.370735e-02
3.851614e-01;2.595625e-02;7.669759e-02;1.584281e-02;1.314440e-01;8.494707e-03;2.298235e-02;2.467442e-01;8.155194e-03;1.570403e-02;4.417936e-02;1.863806e-02
3.652741e-01;4.009814e-02;7.029809e-02;1.099621e-02;1.171519e-01;1.766801e-02;3.085932e-02;2.296074e-01;1.337401e-02;2.265679e-02;5.207577e-02;2.994030e-02
3.311766e-01;5.210255e-02;7.035793e-02;1.107633e-02;9.619797e-02;2.105171e-02;2.451877e-02;2.253584e-01;4.706065e-02;2.492501e-02;5.513276e-02;4.104130e-02
2.856998e-01;6.185729e-02;6.183617e-02;7.035726e-03;7.905716e-02;1.841310e-02;9.847440e-02;2.324274e-01;5.039974e-02;1.998094e-02;5.616799e-02;2.865027e-02
2.272862e-01;6.869352e-02;1.046613e-01;1.143132e-02;6.430007e-02;1.888088e-02;1.621131e-01;2.131554e-01;4.144973e-02;2.300452e-02;4.148920e-02;2.353468e-02
1.878558e-01;8.028185e-02;1.364636e-01;1.684987e-02;4.827625e-02;3.698300e-02;1.755734e-01;1.615398e-01;5.802441e-02;3.112535e-02;3.076099e-02;3.626572e-02
2.104655e-01;6.093071e-02;1.159065e-01;2.668868e-02;6.417328e-02;5.923023e-02;1.005867e-01;1.656131e-01;5.939842e-02;3.903232e-02;5.671589e-02;4.125868e-02
2.641155e-01;2.744177e-02;6.521107e-02;1.285211e-02;8.209325e-02;3.636838e-02;1.595436e-01;2.007714e-01;2.024718e-02;3.132290e-02;6.719761e-02;3.283519e-02
2.414731e-01;2.702045e-02;6.874715e-02;2.906727e-02;6.653902e-02;4.325456e-02;1.862257e-01;1.463920e-01;3.883722e-02;5.948319e-02;6.149986e-02;3.146043e-02
9.570342e-02;6.393879e-02;8.720868e-02;6.451117e-02;5.365683e-02;1.165491e-01;9.620960e-02;7.164821e-02;8.004377e-02;1.172789e-01;7.012007e-02;8.313139e-02
8.857026e-02;6.075072e-02;7.150139e-02;6.300330e-02;6.790619e-02;1.147396e-01;1.229702e-01;6.719676e-02;8.459785e-02;1.125659e-01;6.664033e-02;7.955757e-02
7.939785e-02;7.114092e-02;7.193931e-02;6.399635e-02;6.686393e-02;1.061896e-01;1.103238e-01;7.713796e-02;1.211379e-01;1.091512e-01;6.575821e-02;5.696297e-02
6.058856e-02;5.402134e-02;2.290350e-01;4.890810e-02;9.379569e-02;8.225696e-02;1.032025e-01;6.403809e-02;1.078405e-01;7.387522e-02;5.025873e-02;3.217925e-02
7.721373e-02;6.604322e-02;3.630432e-01;4.477017e-02;7.438634e-02;4.622535e-02;1.221333e-01;4.558071e-02;6.822376e-02;4.480443e-02;2.706414e-02;2.051158e-02
6.513612e-02;9.953299e-02;4.057070e-01;4.246340e-02;3.531451e-02;4.319455e-02;9.014354e-02;4.477534e-02;7.090558e-02;4.589541e-02;2.587436e-02;3.105714e-02
2.854377e-02;1.224369e-01;4.282351e-01;5.025452e-02;3.296473e-02;4.160964e-02;6.832099e-02;4.114419e-02;7.849705e-02;4.812086e-02;2.594090e-02;3.393130e-02
6.962367e-02;1.528052e-01;3.749050e-01;4.483252e-02;3.597197e-02;3.274424e-02;7.837544e-02;3.198961e-02;8.027728e-02;4.534527e-02;2.383135e-02;2.929850e-02
1.124677e-01;1.758066e-01;3.099900e-01;4.535059e-02;4.152602e-02;2.315108e-02;9.401813e-02;3.109846e-02;8.056366e-02;4.008345e-02;2.310444e-02;2.283996e-02
1.111866e-01;1.249476e-01;2.835898e-01;4.019555e-02;4.690601e-02;3.605704e-02;1.002107e-01;5.661824e-02;7.306913e-02;4.257594e-02;4.148526e-02;4.315808e-02
8.926853e-02;8.568197e-02;1.986360e-01;3.425699e-02;6.695285e-02;5.759405e-02;1.141264e-01;9.305210e-02;5.556592e-02;6.867125e-02;7.121418e-02;6.497977e-02
7.646639e-02;8.644152e-02;8.431932e-02;3.908880e-02;8.746326e-02;8.364619e-02;1.371339e-01;7.476746e-02;8.859450e-02;1.065643e-01;8.262341e-02;5.289091e-02
5.811763e-02;8.597559e-02;1.069610e-01;5.310788e-02;7.928456e-02;6.444807e-02;1.351425e-01;7.098261e-02;9.497594e-02;1.181547e-01;7.443155e-02;5.841802e-02
6.729495e-02;6.939453e-02;1.209577e-01;5.690055e-02;7.787713e-02;4.746415e-02;1.014571e-01;8.861508e-02;8.862726e-02;1.051681e-01;7.752871e-02;9.871472e-02
9.511244e-02;6.131857e-02;1.562854e-01;4.265609e-02;7.218461e-02;4.539959e-02;8.305116e-02;1.134533e-01;9.346967e-02;7.714823e-02;5.441789e-02;1.055030e-01
9.636557e-02;5.753233e-02;1.576597e-01;5.519569e-02;6.685791e-02;7.137486e-02;1.180909e-01;8.110151e-02;1.072916e-01;8.167037e-02;3.769564e-02;6.916388e-02
6.957842e-02;5.426983e-02;1.229962e-01;5.022959e-02;7.805725e-02;1.020921e-01;1.510881e-01;7.524244e-02;8.118781e-02;9.558266e-02;6.368819e-02;5.598745e-02
1.084306e-01;9.739435e-02;1.520171e-01;8.214782e-02;5.539784e-02;6.159480e-02;9.716669e-02;6.229186e-02;6.536146e-02;6.980017e-02;7.156306e-02;7.683423e-02
9.435000e-02;1.078974e-01;1.710826e-01;8.012788e-02;6.378537e-02;7.146245e-02;9.901483e-02;6.448451e-02;6.261349e-02;6.829783e-02;7.594365e-02;4.093995e-02
4.997773e-02;5.776452e-02;1.650863e-01;4.866383e-02;6.339838e-02;9.679917e-02;1.790046e-01;8.747010e-02;7.621485e-02;5.110694e-02;7.923878e-02;4.527473e-02
4.357031e-02;4.476693e-02;1.402855e-01;3.939769e-02;4.912869e-02;9.470475e-02;1.948738e-01;1.007255e-01;8.852682e-02;7.120897e-02;6.426918e-02;6.854185e-02
3.388220e-02;4.985702e-02;1.109726e-01;4.081975e-02;2.492808e-02;8.941091e-02;1.688271e-01;1.072079e-01;1.392018e-01;8.201464e-02;6.961036e-02;8.326762e-02
4.026425e-02;5.912602e-02;7.043926e-02;4.422953e-02;2.979981e-02;8.302436e-02;1.164166e-01;8.258833e-02;2.138147e-01;7.625376e-02;9.142806e-02;9.261526e-02
7.780776e-02;5.492279e-02;5.629732e-02;3.472968e-02;7.179822e-02;6.148880e-02;6.087178e-02;6.853250e-02;1.623402e-01;9.819634e-02;1.721665e-01;8.084808e-02
1.268056e-01;2.918704e-02;6.697695e-02;2.943337e-02;9.103947e-02;4.678489e-02;8.450996e-02;1.306638e-01;4.822538e-02;6.242535e-02;2.342275e-01;4.972061e-02
1.695955e-01;3.320763e-02;7.854642e-02;2.685471e-02;6.685222e-02;5.035117e-02;1.142028e-01;1.529427e-01;4.491538e-02;2.806815e-02;1.741069e-01;6.035634e-02
2.024361e-01;3.780249e-02;6.603444e-02;2.409035e-02;5.529182e-02;4.649467e-02;1.502981e-01;1.681998e-01;6.068872e-02;4.703774e-02;8.103346e-02;6.059233e-02
1.793096e-01;1.988802e-02;4.685415e-02;2.122421e-02;4.656177e-02;2.824556e-02;2.091865e-01;2.041076e-01;5.595054e-02;4.390040e-02;3.726679e-02;1.075048e-01
1.119996e-01;3.481847e-02;5.992262e-02;2.185687e-02;2.730807e-02;2.946811e-02;2.306779e-01;2.112068e-01;2.919708e-02;4.776408e-02;3.167032e-02;1.641102e-01
1.701078e-01;3.590504e-02;6.850609e-02;2.316694e-02;2.072554e-02;4.072522e-02;2.100482e-01;2.139619e-01;3.855341e-02;3.407721e-02;3.873780e-02;1.054848e-01
2.573310e-01;4.389763e-02;7.192886e-02;2.534764e-02;4.138424e-02;4.075781e-02;1.645459e-01;2.300051e-01;3.222018e-02;2.033538e-02;3.102462e-02;4.122167e-02
3.323778e-01;5.657785e-02;7.356129e-02;2.780318e-02;6.570479e-02;2.515271e-02;7.997697e-02;2.598719e-01;1.475528e-02;1.409948e-02;1.978948e-02;3.032931e-02
3.766351e-01;6.396852e-02;7.067945e-02;2.111836e-02;9.823258e-02;8.743088e-03;3.274870e-02;2.631921e-01;1.589408e-02;1.053669e-02;1.148195e-02;2.676947e-02
3.741473e-01;8.041736e-02;6.269210e-02;9.787225e-03;1.296589e-01;6.771801e-03;3.780292e-02;2.290308e-01;2.633130e-02;6.173075e-03;1.571379e-02;2.147339e-02
3.316416e-01;1.266952e-01;6.605067e-02;1.041589e-02;1.367229e-01;9.175768e-03;3.178883e-02;1.683537e-01;7.822614e-02;5.502777e-03;2.171865e-02;1.370782e-02
2.542756e-01;1.905855e-01;8.517454e-02;2.791388e-02;9.787522e-02;2.758821e-02;2.774390e-02;9.247407e-02;1.340233e-01;1.067285e-02;3.708552e-02;1.458738e-02
1.705100e-01;2.119931e-01;8.959974e-02;6.228440e-02;5.827675e-02;6.688902e-02;3.606685e-02;5.718186e-02;1.629108e-01;1.186126e-02;4.835257e-02;2.407362e-02
1.088719e-01;1.585582e-01;1.040829e-01;9.054910e-02;8.372007e-02;9.595237e-02;6.486007e-02;4.521608e-02;1.334707e-01;2.339580e-02;5.518491e-02;3.613791e-02
1.083219e-01;1.046564e-01;1.238895e-01;9.047648e-02;1.562086e-01;9.216674e-02;7.996526e-02;3.482224e-02;7.941562e-02;2.929414e-02;7.188540e-02;2.889766e-02
1.585422e-01;5.930072e-02;1.408884e-01;6.165266e-02;2.188424e-01;5.715155e-02;7.541350e-02;7.275255e-02;2.906083e-02;1.605476e-02;8.766130e-02;2.267919e-02
1.772126e-01;3.006128e-02;1.560006e-01;7.824259e-02;1.868541e-01;4.300182e-02;1.003839e-01;8.784292e-02;2.827854e-02;1.216511e-02;6.787836e-02;3.207816e-02
2.186446e-01;1.963229e-02;1.613254e-01;8.971202e-02;1.283395e-01;3.911020e-02;1.191005e-01;9.610223e-02;2.325374e-02;3.769930e-02;3.087952e-02;3.620076e-02
2.513055e-01;3.809032e-02;1.478551e-01;7.336591e-02;8.061054e-02;3.766967e-02;1.142504e-01;8.630607e-02;2.932855e-02;5.376761e-02;4.385319e-02;4.359711e-02
2.953037e-01;6.372733e-02;1.285593e-01;5.099785e-02;9.342796e-02;3.442367e-02;9.033793e-02;8.479062e-02;2.431349e-02;4.108889e-02;4.903668e-02;4.399258e-02
3.492332e-01;7.992699e-02;9.606539e-02;3.158474e-02;1.345707e-01;2.838042e-02;5.449115e-02;1.095965e-01;2.002798e-02;2.794289e-02;3.338690e-02;3.479325e-02
3.882513e-01;8.676253e-02;7.135735e-02;1.488161e-02;1.704789e-01;1.492080e-02;3.191043e-02;1.389076e-01;1.622390e-02;1.605163e-02;2.148628e-02;2.876776e-02
4.010445e-01;8.784737e-02;4.240735e-02;1.167402e-02;1.756582e-01;1.261630e-02;2.961015e-02;1.795491e-01;6.143401e-03;9.479323e-03;1.424381e-02;2.972655e-02
3.397777e-01;7.969549e-02;5.529451e-02;1.423232e-02;1.310316e-01;2.216572e-02;4.485083e-02;2.350499e-01;2.204470e-02;1.400257e-02;1.497734e-02;2.687727e-02
2.809821e-01;5.048882e-02;4.547421e-02;1.881455e-02;7.314807e-02;2.676014e-02;8.102025e-02;3.198699e-01;4.007704e-02;1.683567e-02;1.373939e-02;3.278991e-02
2.488425e-01;3.193293e-02;3.684837e-02;1.614039e-02;4.522423e-02;2.592935e-02;9.828610e-02;3.921892e-01;4.115373e-02;1.667555e-02;1.101936e-02;3.575828e-02
2.305518e-01;2.963075e-02;2.736370e-02;1.608478e-02;4.685142e-02;3.287006e-02;8.453295e-02;3.978174e-01;5.695008e-02;2.516419e-02;1.459333e-02;3.758961e-02
2.174651e-01;1.813691e-02;2.929742e-02;3.742924e-02;4.007480e-02;4.456718e-02;8.905736e-02;3.486971e-01;5.905192e-02;4.403752e-02;1.460607e-02;5.757940e-02
2.171501e-01;1.541272e-02;4.005185e-02;5.591154e-02;1.877534e-02;4.393960e-02;1.570016e-01;2.510081e-01;4.068041e-02;5.692280e-02;1.999157e-02;8.315437e-02
2.479823e-01;2.529574e-02;4.254943e-02;5.657811e-02;2.581431e-02;3.319025e-02;1.708519e-01;1.982557e-01;3.655235e-02;5.149533e-02;2.266723e-02;8.876730e-02
2.430073e-01;2.686840e-02;5.613746e-02;4.442983e-02;3.870286e-02;3.155722e-02;1.411936e-01;2.181299e-01;4.947769e-02;3.968012e-02;2.413367e-02;8.668199e-02
2.323655e-01;1.998497e-02;6.068014e-02;3.815973e-02;3.953395e-02;2.839141e-02;1.264806e-01;2.261148e-01;6.565206e-02;3.822668e-02;3.278667e-02;9.162356e-02
2.367471e-01;1.628263e-02;5.468000e-02;2.494033e-02;4.148094e-02;2.902639e-02;1.187799e-01;2.183061e-01;8.635668e-02;5.019226e-02;3.942435e-02;8.378324e-02
1.814578e-01;1.823098e-02;8.987516e-02;3.282958e-02;2.828546e-02;3.758456e-02;1.509332e-01;1.393301e-01;8.317573e-02;1.059003e-01;4.595845e-02;8.643861e-02
1.382779e-01;1.368038e-02;6.582262e-02;4.972196e-02;2.189095e-02;4.363751e-02;2.273880e-01;9.184249e-02;6.153244e-02;1.348210e-01;6.333653e-02;8.804823e-02
1.399225e-01;2.741541e-02;5.639639e-02;5.376342e-02;2.716309e-02;3.525514e-02;2.745113e-01;6.601055e-02;4.470462e-02;9.798429e-02;6.636298e-02;1.105103e-01
1.490352e-01;3.233090e-02;5.968538e-02;6.389708e-02;2.561667e-02;3.431525e-02;2.802196e-01;4.554657e-02;4.635584e-02;5.842545e-02;6.965218e-02;1.349199e-01
1.974151e-01;5.224137e-02;7.145274e-02;6.336442e-02;3.167278e-02;4.645766e-02;1.913323e-01;6.671048e-02;6.252502e-02;5.641928e-02;5.323751e-02;1.071713e-01
2.651286e-01;7.136919e-02;7.696424e-02;5.189786e-02;3.401367e-02;6.937747e-02;9.364688e-02;8.356764e-02;1.077149e-01;4.586416e-02;3.309130e-02;6.736403e-02
2.620057e-01;6.016582e-02;6.487787e-02;4.257810e-02;3.817754e-02;8.318713e-02;9.434631e-02;8.178484e-02;1.555196e-01;4.732791e-02;2.462495e-02;4.540427e-02
2.438195e-01;4.155606e-02;5.416069e-02;4.556557e-02;4.073462e-02;9.155576e-02;9.965475e-02;7.710568e-02;1.850480e-01;5.522154e-02;2.183017e-02;4.374760e-02
2.064363e-01;4.634250e-02;6.964148e-02;4.841616e-02;4.115934e-02;8.392272e-02;1.148339e-01;8.168092e-02;1.738409e-01;5.899343e-02;2.613141e-02;4.860098e-02
1.563304e-01;6.083256e-02;9.035730e-02;4.973525e-02;4.462083e-02;7.481944e-02;1.319030e-01;7.710172e-02;1.578859e-01;6.252318e-02;4.301054e-02;5.087986e-02
7.685044e-02;6.058637e-02;1.210398e-01;5.737285e-02;4.346324e-02;6.969216e-02;1.758816e-01;6.201417e-02;1.552941e-01;6.066838e-02;6.239644e-02;5.474036e-02
8.289562e-02;3.972693e-02;1.321473e-01;5.766613e-02;2.913003e-02;5.751167e-02;2.388947e-01;6.076768e-02;1.268295e-01;5.775882e-02;6.400286e-02;5.266877e-02
1.195359e-01;2.195292e-02;5.834479e-02;6.737205e-02;2.687766e-02;3.212832e-02;3.153247e-01;6.092823e-02;6.189160e-02;7.700206e-02;8.890674e-02;6.973503e-02
1.326159e-01;2.777906e-02;9.735615e-02;7.061216e-02;3.437774e-02;3.008053e-02;2.581486e-01;6.909782e-02;3.882819e-02;7.712547e-02;1.021884e-01;6.178998e-02
1.188443e-01;6.704351e-02;7.615919e-02;7.010467e-02;3.850146e-02;3.724781e-02;1.356140e-01;8.691115e-02;5.523911e-02;1.543384e-01;1.135044e-01;4.649201e-02
8.417498e-02;6.668115e-02;5.711202e-02;7.067137e-02;4.805748e-02;6.158238e-02;1.074792e-01;6.270146e-02;5.803059e-02;1.998844e-01;1.225263e-01;6.109864e-02
6.980245e-02;6.000349e-02;4.401794e-02;6.331546e-02;4.346207e-02;8.971063e-02;1.005071e-01;4.909262e-02;5.528462e-02;2.336848e-01;1.138197e-01;7.729907e-02
7.886291e-02;5.222236e-02;6.612944e-02;5.750467e-02;4.136064e-02;9.857013e-02;9.397760e-02;7.004687e-02;7.365838e-02;2.443389e-01;6.558060e-02;5.774750e-02
8.477336e-02;3.071553e-02;8.478112e-02;5.254540e-02;5.668605e-02;8.324718e-02;8.872262e-02;9.256900e-02;1.044542e-01;1.946072e-01;7.591752e-02;5.098090e-02
6.470843e-02;4.117574e-02;7.346904e-02;4.861718e-02;4.510183e-02;7.782850e-02;1.220759e-01;7.921302e-02;1.085267e-01;1.597542e-01;9.007571e-02;8.945388e-02
6.603229e-02;5.143849e-02;9.040339e-02;4.527835e-02;4.989405e-02;6.529982e-02;1.456334e-01;9.589822e-02;9.777606e-02;1.518502e-01;7.157521e-02;6.892052e-02
8.365303e-02;4.380560e-02;1.164234e-01;4.725659e-02;7.015931e-02;6.139181e-02;1.493557e-01;1.180124e-01;7.532112e-02;1.221453e-01;7.759583e-02;3.487998e-02
6.767058e-02;4.448736e-02;1.243260e-01;5.167079e-02;7.586294e-02;7.665626e-02;1.187409e-01;1.064193e-01;9.869371e-02;9.634496e-02;8.545757e-02;5.366956e-02
3.942779e-02;3.041229e-02;1.954655e-01;4.493073e-02;5.000539e-02;1.119550e-01;1.268659e-01;7.371747e-02;9.315129e-02;7.994889e-02;8.278117e-02;7.133854e-02
7.079247e-02;5.702923e-02;2.065852e-01;3.811573e-02;5.400937e-02;9.313748e-02;1.390440e-01;5.610147e-02;7.409321e-02;7.624004e-02;6.556062e-02;6.929117e-02
1.274890e-01;9.521224e-02;2.035612e-01;3.050545e-02;4.358500e-02;5.679969e-02;1.462359e-01;4.236182e-02;7.787164e-02;7.339934e-02;3.713589e-02;6.584281e-02
1.358543e-01;1.022759e-01;1.533059e-01;2.836095e-02;3.701136e-02;5.897563e-02;1.413112e-01;8.773915e-02;9.616868e-02;9.711206e-02;2.534985e-02;3.653496e-02
8.967679e-02;5.147286e-02;9.970781e-02;4.385339e-02;4.362464e-02;9.266307e-02;1.539329e-01;1.313926e-01;1.297088e-01;1.047057e-01;2.683015e-02;3.243138e-02
5.589715e-02;4.012998e-02;9.558334e-02;4.174296e-02;4.461227e-02;1.390056e-01;1.248201e-01;1.245439e-01;1.085057e-01;1.352146e-01;4.105078e-02;4.889371e-02
7.276209e-02;4.937240e-02;9.390996e-02;3.911283e-02;4.552329e-02;1.133853e-01;1.187947e-01;1.075357e-01;1.129301e-01;1.206213e-01;8.138753e-02;4.466473e-02
8.560769e-02;3.351680e-02;9.675229e-02;4.610051e-02;4.585415e-02;6.832924e-02;1.441936e-01;4.830872e-02;1.537568e-01;1.069165e-01;1.106775e-01;5.998614e-02
8.268613e-02;6.107307e-02;1.154942e-01;6.133374e-02;6.723975e-02;6.849518e-02;1.075366e-01;4.969852e-02;1.585407e-01;8.070016e-02;8.805825e-02;5.914367e-02
9.208953e-02;5.912247e-02;9.332372e-02;4.857854e-02;7.583685e-02;8.628698e-02;1.223602e-01;6.541521e-02;1.157827e-01;7.902519e-02;9.904678e-02;6.313179e-02
7.384484e-02;5.906595e-02;1.379128e-01;7.572243e-02;1.154821e-01;8.337615e-02;1.059630e-01;5.676105e-02;8.632934e-02;7.893701e-02;6.759652e-02;5.900887e-02
8.771008e-02;8.866420e-02;1.046868e-01;9.451897e-02;1.423643e-01;5.605951e-02;1.400158e-01;5.494684e-02;9.591901e-02;4.062462e-02;7.631902e-02;1.817078e-02
5.538336e-02;8.970655e-02;2.437509e-01;6.704181e-02;1.208366e-01;3.722892e-02;7.994718e-02;6.216186e-02;1.011461e-01;5.852671e-02;4.598721e-02;3.828279e-02
1.161634e-01;1.086029e-01;2.862245e-01;4.464716e-02;7.634668e-02;4.141633e-02;1.171869e-01;3.857559e-02;5.649113e-02;5.296995e-02;2.836392e-02;3.301157e-02
1.725148e-01;1.470536e-01;2.511142e-01;3.215876e-02;6.669363e-02;4.956363e-02;1.157349e-01;3.084320e-02;3.488444e-02;4.159993e-02;3.160051e-02;2.623842e-02
2.170915e-01;1.723788e-01;1.591208e-01;2.631555e-02;7.256510e-02;6.679013e-02;1.194846e-01;3.989640e-02;2.977595e-02;4.029494e-02;3.505863e-02;2.122767e-02
2.507269e-01;1.887740e-01;1.042229e-01;1.829161e-02;6.239378e-02;7.420509e-02;1.231670e-01;3.947705e-02;3.423415e-02;4.754153e-02;3.814965e-02;1.881630e-02
2.679681e-01;1.850119e-01;9.723952e-02;2.104475e-02;6.289899e-02;7.758987e-02;1.069358e-01;4.510871e-02;3.982271e-02;4.671514e-02;3.581270e-02;1.385174e-02
2.858092e-01;1.555785e-01;8.147833e-02;2.823355e-02;7.900125e-02;6.629848e-02;1.024713e-01;6.041284e-02;3.234284e-02;5.334704e-02;3.310065e-02;2.192605e-02
2.879947e-01;1.174168e-01;6.801122e-02;4.298969e-02;7.238723e-02;5.205084e-02;1.164386e-01;7.105457e-02;3.267537e-02;8.619436e-02;2.447843e-02;2.830823e-02
2.806180e-01;9.006041e-02;6.453076e-02;5.274779e-02;7.034019e-02;3.819381e-02;1.406338e-01;8.318152e-02;2.956346e-02;1.000296e-01;1.806894e-02;3.203170e-02
2.326632e-01;5.848533e-02;9.739900e-02;6.599328e-02;7.873558e-02;6.607066e-02;1.374652e-01;7.658461e-02;3.529925e-02;9.137568e-02;2.079383e-02;3.913428e-02
1.683019e-01;7.885756e-02;2.203511e-01;5.769439e-02;6.894711e-02;9.768040e-02;8.908776e-02;5.060397e-02;3.931526e-02;6.487361e-02;2.932041e-02;3.496646e-02
1.330491e-01;9.928014e-02;2.822337e-01;6.479803e-02;7.648700e-02;8.721817e-02;7.274417e-02;3.923941e-02;3.707229e-02;4.919512e-02;3.324935e-02;2.543361e-02
1.351471e-01;6.534842e-02;3.039768e-01;8.678287e-02;9.136859e-02;5.129214e-02;6.090853e-02;5.295947e-02;5.049630e-02;4.425361e-02;2.964129e-02;2.782495e-02
1.040594e-01;8.642160e-02;2.239887e-01;1.323456e-01;9.907991e-02;5.864403e-02;1.093037e-01;3.443325e-02;5.706274e-02;4.733594e-02;1.958556e-02;2.773948e-02
9.955637e-02;1.119415e-01;1.749811e-01;1.356353e-01;9.711269e-02;7.759435e-02;1.030420e-01;3.668157e-02;7.244079e-02;4.165752e-02;2.595709e-02;2.339970e-02
1.279790e-01;1.234318e-01;1.687191e-01;7.893001e-02;1.043862e-01;9.117129e-02;7.629430e-02;4.205719e-02;8.844774e-02;3.935520e-02;3.504260e-02;2.418553e-02
1.505827e-01;1.233030e-01;1.775669e-01;7.228903e-02;8.336972e-02;8.300779e-02;8.372124e-02;3.826357e-02;7.835542e-02;3.927200e-02;3.616659e-02;3.410200e-02
1.592306e-01;1.100736e-01;2.342893e-01;6.963298e-02;6.149730e-02;6.039504e-02;7.821050e-02;4.715391e-02;4.991826e-02;5.105337e-02;3.137934e-02;4.716578e-02
1.358249e-01;5.244070e-02;1.975883e-01;6.345758e-02;6.605542e-02;4.645238e-02;1.001283e-01;8.191428e-02;7.051669e-02;9.399015e-02;4.504678e-02;4.658442e-02
1.231111e-01;9.451405e-02;2.362298e-01;6.109990e-02;7.633157e-02;3.728652e-02;7.299066e-02;7.374738e-02;7.681842e-02;8.923610e-02;2.713630e-02;3.149829e-02
1.212767e-01;1.383228e-01;2.976177e-01;7.638619e-02;6.391520e-02;3.375663e-02;4.228541e-02;4.828243e-02;7.507258e-02;6.288768e-02;2.536418e-02;1.483256e-02
1.345841e-01;1.389268e-01;2.490945e-01;7.764288e-02;6.338158e-02;3.818230e-02;5.727653e-02;4.252443e-02;8.809123e-02;5.071324e-02;3.675069e-02;2.283171e-02
1.668013e-01;1.413536e-01;1.855485e-01;5.109395e-02;6.043482e-02;4.492396e-02;4.494206e-02;7.414134e-02;1.206575e-01;4.209356e-02;4.327705e-02;2.473238e-02
2.052872e-01;1.067871e-01;1.967588e-01;2.036201e-02;4.160857e-02;3.296883e-02;5.323731e-02;1.229240e-01;1.131569e-01;2.561858e-02;4.398619e-02;3.730442e-02
2.011200e-01;7.941932e-02;1.499612e-01;2.848768e-02;2.699710e-02;4.645159e-02;1.036961e-01;1.261357e-01;8.145256e-02;3.182237e-02;5.064309e-02;7.381332e-02
1.488840e-01;6.841633e-02;1.079337e-01;5.616003e-02;3.248764e-02;7.162130e-02;1.412043e-01;8.099587e-02;4.877884e-02;7.292414e-02;6.946287e-02;1.011311e-01
9.740951e-02;5.610586e-02;1.166556e-01;7.368559e-02;3.385128e-02;8.070318e-02;1.602997e-01;8.765259e-02;6.790620e-02;1.012569e-01;6.324952e-02;6.122404e-02
7.963439e-02;9.394606e-02;1.298017e-01;5.393123e-02;6.199143e-02;7.647387e-02;1.725344e-01;7.354852e-02;8.235960e-02;8.536033e-02;4.515790e-02;4.526060e-02
8.481663e-02;6.494005e-02;1.229214e-01;7.856795e-02;8.134160e-02;7.956764e-02;1.465975e-01;4.356205e-02;8.561383e-02;5.116099e-02;7.597956e-02;8.493072e-02
9.036022e-02;3.828936e-02;1.571280e-01;1.046019e-01;8.077627e-02;8.752613e-02;9.194798e-02;4.563962e-02;8.914963e-02;2.545732e-02;1.050228e-01;8.410074e-02
9.854347e-02;3.677676e-02;1.465767e-01;7.367694e-02;4.816774e-02;8.065872e-02;1.002004e-01;6.634690e-02;9.040725e-02;5.745395e-02;1.009301e-01;1.002610e-01
8.650635e-02;3.436359e-02;1.278700e-01;3.419119e-02;4.477378e-02;8.026234e-02;1.212309e-01;5.958336e-02;1.115404e-01;8.914337e-02;7.061381e-02;1.399210e-01
7.345095e-02;3.870425e-02;1.081684e-01;2.805467e-02;4.390344e-02;7.353941e-02;1.082038e-01;6.317142e-02;9.965388e-02;1.145529e-01;9.957577e-02;1.490212e-01
8.741897e-02;2.991129e-02;9.568741e-02;2.563789e-02;4.626945e-02;6.030230e-02;1.057454e-01;7.573397e-02;8.152425e-02;1.186075e-01;1.283353e-01;1.448262e-01
9.515470e-02;2.397275e-02;8.916933e-02;2.648620e-02;4.810335e-02;4.861308e-02;1.094752e-01;8.468137e-02;7.653215e-02;1.159348e-01;1.373525e-01;1.445245e-01
