5.023967e-02;1.510538e-01;1.267253e-01;6.461381e-02;7.391280e-02;1.287251e-01;4.614294e-02;1.584539e-01;8.080277e-02;2.734818e-02;4.800916e-02;4.397260e-02
4.469236e-02;1.884898e-01;1.225044e-01;4.818124e-02;7.797147e-02;1.284963e-01;3.792971e-02;1.589019e-01;6.234834e-02;2.079865e-02;6.691065e-02;4.277520e-02
3.617590e-02;1.892181e-01;1.142996e-01;3.118170e-02;7.729800e-02;1.135409e-01;4.193589e-02;1.925281e-01;5.449206e-02;1.768181e-02;8.702447e-02;4.462347e-02
4.314987e-02;1.583623e-01;1.093940e-01;2.932427e-02;7.591749e-02;1.060324e-01;5.105705e-02;2.216382e-01;5.497101e-02;1.524365e-02;9.611098e-02;3.879887e-02
3.339937e-02;1.306803e-01;9.547173e-02;2.042961e-02;7.673137e-02;1.193189e-01;8.019198e-02;2.541257e-01;7.075781e-02;1.386159e-02;8.211074e-02;2.292087e-02
2.327956e-02;1.056669e-01;9.457549e-02;1.893771e-02;7.487204e-02;1.568917e-01;1.088679e-01;2.984949e-01;5.177036e-02;1.072885e-02;4.813849e-02;7.776089e-03
1.506102e-02;8.017360e-02;9.662244e-02;2.111425e-02;5.707617e-02;1.782537e-01;9.081082e-02;3.450251e-01;7.162283e-02;1.290313e-02;2.040799e-02;1.092895e-02
8.870959e-03;7.122892e-02;8.752719e-02;2.525833e-02;3.949157e-02;2.154637e-01;5.474713e-02;3.556007e-01;1.008699e-01;1.403230e-02;1.440930e-02;1.249999e-02
1.799276e-02;6.079653e-02;7.461417e-02;3.340648e-02;4.065313e-02;2.584811e-01;6.507387e-02;3.106229e-01;9.584636e-02;1.118828e-02;1.551379e-02;1.581058e-02
3.787990e-02;5.884721e-02;1.007457e-01;2.864943e-02;6.270265e-02;2.096652e-01;7.000772e-02;2.787864e-01;8.782356e-02;1.521897e-02;2.958871e-02;2.008458e-02
2.147929e-02;1.101610e-01;1.020144e-01;6.098444e-02;9.038441e-02;1.895826e-01;2.875346e-02;2.479023e-01;7.209425e-02;2.771577e-02;3.206307e-02;1.686499e-02
2.093964e-02;8.760221e-02;1.073467e-01;9.569190e-02;1.074964e-01;1.952627e-01;5.283248e-02;1.777636e-01;7.595995e-02;5.201379e-02;1.685148e-02;1.023921e-02
4.210452e-02;5.658019e-02;9.105974e-02;9.577826e-02;1.311598e-01;2.017593e-01;8.050976e-02;1.382269e-01;6.649254e-02;6.769849e-02;1.834728e-02;1.028316e-02
5.016007e-02;5.006013e-02;8.901349e-02;6.072595e-02;1.180428e-01;1.892563e-01;1.224270e-01;1.325745e-01;8.819124e-02;5.610608e-02;2.099625e-02;2.244624e-02
3.833508e-02;7.388830e-02;1.087089e-01;2.682178e-02;8.869693e-02;1.759848e-01;9.830957e-02;1.661238e-01;1.290583e-01;4.303345e-02;2.554710e-02;2.549196e-02
2.164294e-02;6.071903e-02;6.009201e-02;3.398031e-02;8.996190e-02;1.926569e-01;4.878633e-02;2.031075e-01;1.923410e-01;4.276829e-02;2.786162e-02;2.608220e-02
1.552936e-02;4.399895e-02;1.954802e-02;4.009274e-02;8.355722e-02;1.774062e-01;8.316611e-02;2.046284e-01;1.972669e-01;6.305319e-02;4.155480e-02;3.019806e-02
1.537793e-02;5.585974e-02;3.678223e-02;7.156949e-02;8.535784e-02;1.263116e-01;1.287870e-01;1.307837e-01;1.470864e-01;9.049761e-02;6.888074e-02;4.270565e-02
8.489161e-03;5.198374e-02;2.892698e-02;8.260186e-02;7.229912e-02;9.332049e-02;9.956916e-02;1.093224e-01;2.168697e-01;1.169960e-01;8.113737e-02;3.848397e-02
5.918104e-03;6.460623e-02;2.321080e-02;6.157091e-02;1.111175e-01;5.693140e-02;3.532299e-02;1.211770e-01;2.859874e-01;1.300896e-01;7.649602e-02;2.757199e-02
4.118392e-03;6.648909e-02;2.589312e-02;2.437998e-02;1.549173e-01;4.246546e-02;1.795748e-02;9.479910e-02;3.574689e-01;1.265232e-01;6.528622e-02;1.970166e-02
3.248220e-03;5.485480e-02;1.968514e-02;3.100631e-02;1.426146e-01;3.163361e-02;2.596322e-02;1.069862e-01;4.102356e-01;1.100149e-01;5.247374e-02;1.128370e-02
5.702798e-03;3.971792e-02;2.131772e-02;6.133264e-02;9.281006e-02;4.502635e-02;3.389565e-02;1.628873e-01;4.032474e-01;8.071610e-02;4.247555e-02;1.087044e-02
7.406111e-03;3.920725e-02;3.833985e-02;8.261725e-02;5.026236e-02;8.139569e-02;3.853573e-02;1.969071e-01;3.522907e-01;5.681925e-02;3.824889e-02;1.796979e-02
1.285325e-02;6.169074e-02;5.175544e-02;8.249908e-02;3.735267e-02;1.284899e-01;4.023249e-02;1.860953e-01;3.023095e-01;4.262480e-02;3.372155e-02;2.037533e-02
1.459356e-02;5.851217e-02;5.340676e-02;1.008677e-01;4.256229e-02;1.850519e-01;4.339958e-02;2.037230e-01;2.319953e-01;2.530345e-02;2.829903e-02;1.228529e-02
9.034463e-03;3.715793e-02;7.938700e-02;1.245873e-01;1.051382e-01;1.228083e-01;8.774649e-02;2.035960e-01;1.503475e-01;3.836767e-02;2.577159e-02;1.605758e-02
9.468139e-03;4.188227e-02;6.745620e-02;9.631176e-02;1.564807e-01;7.614768e-02;8.670334e-02;1.358943e-01;2.110365e-01;7.780840e-02;2.661071e-02;1.420004e-02
8.082478e-03;2.878193e-02;5.647660e-02;8.846767e-02;1.306433e-01;1.919176e-01;7.020947e-02;6.219338e-02;1.654547e-01;1.506631e-01;3.150527e-02;1.560459e-02
8.980202e-03;1.849308e-02;6.490222e-02;4.791886e-02;8.608452e-02;2.647600e-01;4.711746e-02;3.089157e-02;1.452636e-01;2.267067e-01;3.748751e-02;2.139430e-02
1.036660e-02;2.505729e-02;6.838286e-02;2.435368e-02;1.352478e-01;2.059371e-01;3.681174e-02;3.543108e-02;1.753643e-01;2.252033e-01;3.112932e-02;2.671485e-02
1.328027e-02;2.456712e-02;4.519531e-02;2.925884e-02;2.520883e-01;1.423401e-01;7.040500e-02;5.589203e-02;1.723203e-01;1.465859e-01;1.419856e-02;3.386826e-02
1.996765e-02;4.746817e-02;4.959644e-02;6.882889e-02;2.392362e-01;1.155405e-01;1.137549e-01;8.630931e-02;1.244514e-01;6.376872e-02;2.091179e-02;5.016605e-02
2.931790e-02;7.500359e-02;6.823813e-02;1.690935e-01;9.734663e-02;1.079224e-01;1.458187e-01;7.110996e-02;7.279275e-02;8.532728e-02;1.861403e-02;5.941509e-02
3.790943e-02;6.709428e-02;3.877068e-02;1.388018e-01;2.294077e-02;2.645866e-01;9.066991e-02;5.300016e-02;9.094993e-02;1.438150e-01;7.876748e-03;4.358480e-02
4.514248e-02;6.657077e-02;4.380967e-02;5.798575e-02;1.526540e-02;3.311620e-01;6.645404e-02;7.409330e-02;1.403664e-01;1.238221e-01;8.002872e-03;2.732521e-02
6.283420e-02;9.922921e-02;1.010868e-01;2.704073e-02;3.876785e-02;2.442571e-01;7.114475e-02;1.108881e-01;1.642772e-01;5.723879e-02;7.021197e-03;1.621415e-02
9.350252e-02;1.244519e-01;1.932659e-01;8.188733e-02;7.732235e-02;1.000922e-01;4.883379e-02;1.321038e-01;1.101273e-01;1.470609e-02;6.519135e-03;1.718764e-02
1.181236e-01;1.436076e-01;2.461606e-01;8.080734e-02;1.324707e-01;5.551659e-02;2.345521e-02;1.383404e-01;3.725917e-02;7.117612e-03;5.755151e-03;1.138617e-02
1.465878e-01;1.740194e-01;2.457675e-01;2.738034e-02;1.851125e-01;4.244151e-02;1.714173e-02;1.103692e-01;2.138056e-02;6.812623e-03;6.998403e-03;1.598853e-02
1.723578e-01;2.129631e-01;2.035992e-01;2.032809e-02;1.990144e-01;1.841650e-02;1.031574e-02;9.270832e-02;2.252568e-02;1.801935e-02;1.122736e-02;1.852443e-02
1.722537e-01;2.475468e-01;1.536962e-01;2.521368e-02;1.712219e-01;1.249876e-02;1.567557e-02;1.130779e-01;2.518733e-02;2.749245e-02;1.554860e-02;2.058703e-02
1.606733e-01;2.515691e-01;1.325290e-01;4.045192e-02;1.317969e-01;1.664124e-02;2.574566e-02;1.545680e-01;2.350455e-02;2.220873e-02;1.531478e-02;2.499678e-02
1.349720e-01;2.334219e-01;1.227053e-01;7.888995e-02;7.442493e-02;3.894760e-02;6.625047e-02;1.637965e-01;1.627612e-02;1.690651e-02;1.027391e-02;4.313487e-02
8.928632e-02;1.721683e-01;1.281540e-01;1.066754e-01;3.869025e-02;6.655547e-02;1.219217e-01;1.438165e-01;3.101774e-02;2.700289e-02;1.519698e-02;5.951459e-02
5.384239e-02;1.061059e-01;1.613010e-01;7.463961e-02;5.251887e-02;7.910414e-02;1.352152e-01;1.299421e-01;6.772764e-02;3.925503e-02;2.785720e-02;7.249097e-02
4.327782e-02;1.132210e-01;1.536502e-01;3.102165e-02;8.523137e-02;9.760407e-02;9.066135e-02;1.211253e-01;1.308736e-01;3.462546e-02;2.499927e-02;7.370890e-02
3.697580e-02;7.527389e-02;1.414690e-01;2.212012e-02;9.163476e-02;1.166993e-01;7.246426e-02;1.070613e-01;1.858800e-01;3.419216e-02;5.783916e-02;5.839029e-02
3.271085e-02;5.935803e-02;1.742488e-01;2.055131e-02;5.555155e-02;1.448027e-01;4.509831e-02;7.294393e-02;2.028786e-01;4.418473e-02;9.734152e-02;5.032963e-02
2.835019e-02;4.063980e-02;2.006200e-01;1.748583e-02;2.646741e-02;2.101687e-01;1.790397e-02;4.065104e-02;1.797483e-01;5.113050e-02;1.437601e-01;4.307425e-02
3.904992e-02;6.084949e-02;2.015032e-01;2.328649e-02;2.989030e-02;2.102698e-01;2.164584e-02;4.916277e-02;1.216831e-01;4.885394e-02;1.528066e-01;4.099865e-02
3.674195e-02;7.913025e-02;1.726760e-01;4.079302e-02;2.972529e-02;1.832503e-01;1.904385e-02;6.964222e-02;1.306323e-01;5.923716e-02;1.272426e-01;5.188511e-02
3.843233e-02;8.702238e-02;1.741518e-01;4.418262e-02;3.512385e-02;1.840118e-01;3.753533e-02;8.503670e-02;1.072304e-01;5.769417e-02;9.235356e-02;5.722498e-02
3.321508e-02;6.340154e-02;2.380563e-01;3.613422e-02;3.246937e-02;2.008033e-01;5.566325e-02;6.598833e-02;7.735617e-02;4.469511e-02;9.504010e-02;5.717726e-02
2.000005e-02;3.142051e-02;3.331605e-01;2.007336e-02;1.902992e-02;2.205722e-01;5.905255e-02;3.596014e-02;5.911499e-02;2.714835e-02;1.208119e-01;5.365551e-02
1.266003e-02;4.422493e-02;3.507964e-01;1.391886e-02;3.496340e-02;1.953286e-01;5.137156e-02;4.270493e-02;4.748428e-02;1.963851e-02;1.251542e-01;6.175427e-02
1.797855e-02;6.657115e-02;2.393249e-01;2.845806e-02;5.277996e-02;1.277005e-01;1.159913e-01;9.164240e-02;5.380069e-02;2.144212e-02;9.969541e-02;8.461490e-02
2.560665e-02;6.384093e-02;9.804203e-02;5.691341e-02;5.231816e-02;8.433682e-02;2.004138e-01;1.348468e-01;3.715973e-02;2.295772e-02;8.821771e-02;1.353462e-01
4.106202e-02;4.425691e-02;8.150951e-02;8.998053e-02;3.315916e-02;6.277534e-02;2.079850e-01;1.183196e-01;3.662991e-02;4.303940e-02;6.688558e-02;1.743971e-01
3.887566e-02;6.602240e-02;8.656163e-02;1.216162e-01;2.798565e-02;4.561722e-02;1.499895e-01;1.140052e-01;4.160676e-02;6.017682e-02;4.175898e-02;2.057840e-01
4.779989e-02;8.549967e-02;4.960081e-02;1.506184e-01;2.691956e-02;4.832451e-02;1.117535e-01;7.774518e-02;4.093144e-02;7.111799e-02;1.965785e-02;2.700311e-01
8.793689e-02;8.947041e-02;4.146492e-02;1.358069e-01;2.163874e-02;8.072228e-02;1.050196e-01;3.594271e-02;2.711808e-02;6.868956e-02;2.133671e-02;2.848531e-01
1.303104e-01;1.028083e-01;4.085308e-02;1.095829e-01;1.968130e-02;9.763806e-02;9.473756e-02;3.644582e-02;2.835017e-02;6.629146e-02;2.210815e-02;2.511928e-01
1.403938e-01;1.037067e-01;4.800293e-02;1.186381e-01;1.583352e-02;1.164809e-01;1.049423e-01;3.263443e-02;4.018848e-02;6.144732e-02;2.262177e-02;1.951098e-01
8.473233e-02;1.522470e-01;6.254628e-02;1.268034e-01;4.236292e-02;1.028336e-01;1.282966e-01;5.764153e-02;4.146505e-02;4.691687e-02;1.724240e-02;1.369121e-01
4.954794e-02;1.578506e-01;6.966326e-02;9.688024e-02;6.272384e-02;9.253321e-02;1.772604e-01;5.002108e-02;5.498294e-02;5.922018e-02;2.680110e-02;1.025152e-01
5.605981e-02;1.438689e-01;3.283817e-02;9.933259e-02;4.730917e-02;8.073301e-02;1.893210e-01;5.048893e-02;4.120256e-02;9.981024e-02;4.282580e-02;1.162098e-01
4.610529e-02;1.294250e-01;2.919471e-02;1.169724e-01;2.578351e-02;5.074217e-02;1.836241e-01;3.699665e-02;2.452318e-02;1.131601e-01;5.302108e-02;1.904517e-01
2.983716e-02;1.173401e-01;4.744034e-02;1.016021e-01;2.299248e-02;3.074172e-02;1.739706e-01;3.898340e-02;1.548766e-02;7.289013e-02;4.083398e-02;3.078803e-01
3.674602e-02;1.017434e-01;5.049602e-02;6.671736e-02;3.359645e-02;6.192894e-02;1.362622e-01;6.049952e-02;5.146313e-02;3.971582e-02;4.607689e-02;3.147543e-01
4.307238e-02;1.016573e-01;7.751991e-02;4.482373e-02;3.296196e-02;9.659084e-02;9.018408e-02;9.629638e-02;9.290496e-02;3.856646e-02;6.084927e-02;2.245727e-01
4.477549e-02;1.159147e-01;9.354796e-02;3.718315e-02;2.554234e-02;1.527376e-01;6.051860e-02;1.032523e-01;1.318156e-01;3.853801e-02;5.684100e-02;1.393333e-01
3.324923e-02;5.318024e-02;1.005037e-01;5.227046e-02;3.260069e-02;1.468897e-01;7.399309e-02;1.245658e-01;1.487220e-01;4.777981e-02;6.964087e-02;1.166044e-01
5.268001e-02;7.840882e-02;9.270762e-02;7.983489e-02;3.653959e-02;9.538015e-02;6.464510e-02;8.844168e-02;9.344225e-02;6.699838e-02;1.342664e-01;1.166551e-01
8.493547e-02;6.533635e-02;7.712556e-02;7.958291e-02;4.597405e-02;1.163456e-01;4.223672e-02;7.014475e-02;9.365540e-02;5.744238e-02;1.852112e-01;8.200973e-02
6.069646e-02;9.412012e-02;6.364783e-02;4.882547e-02;6.466649e-02;1.158078e-01;4.258876e-02;3.930524e-02;8.447710e-02;4.320331e-02;1.426885e-01;1.999729e-01
4.004962e-02;1.356581e-01;5.655180e-02;2.976989e-02;4.736104e-02;7.474706e-02;7.271858e-02;4.003317e-02;5.352022e-02;4.761374e-02;5.829917e-02;3.436776e-01
4.609208e-02;1.202890e-01;4.178400e-02;2.812492e-02;7.880583e-02;5.090554e-02;8.439160e-02;5.686970e-02;4.155715e-02;4.929605e-02;5.117989e-02;3.507043e-01
7.809517e-02;1.189751e-01;9.633877e-02;2.587342e-02;1.357972e-01;8.775648e-02;6.767983e-02;4.942902e-02;6.524444e-02;4.547652e-02;4.832186e-02;1.810122e-01
2.103586e-01;7.334940e-02;1.145693e-01;1.508901e-02;8.636774e-02;1.309739e-01;5.652689e-02;3.497817e-02;7.196116e-02;4.600121e-02;7.997532e-02;7.984921e-02
2.769234e-01;5.634140e-02;8.616867e-02;3.108529e-02;2.880338e-02;1.539008e-01;4.953524e-02;3.745655e-02;7.675754e-02;5.686269e-02;9.413445e-02;5.203064e-02
1.867599e-01;9.224070e-02;4.987756e-02;4.745406e-02;1.618220e-02;1.393466e-01;6.103483e-02;7.238653e-02;1.238494e-01;1.025279e-01;7.167036e-02;3.666997e-02
5.007926e-02;1.241059e-01;4.635293e-02;3.857353e-02;3.957280e-02;8.876412e-02;1.283126e-01;1.240445e-01;1.652413e-01;1.262983e-01;3.789950e-02;3.075517e-02
3.054810e-02;8.171657e-02;3.184433e-02;2.917423e-02;6.202264e-02;1.094826e-01;1.602745e-01;1.544090e-01;1.806393e-01;1.022961e-01;3.030796e-02;2.728474e-02
5.639319e-02;6.515587e-02;3.298090e-02;2.510974e-02;5.778957e-02;1.232275e-01;1.283076e-01;1.273628e-01;2.204012e-01;1.112145e-01;1.810823e-02;3.394890e-02
4.716882e-02;4.689557e-02;3.976701e-02;1.454293e-02;4.219578e-02;9.444240e-02;1.224331e-01;1.411784e-01;2.555531e-01;1.481287e-01;1.593141e-02;3.176275e-02
3.165584e-02;3.812448e-02;3.964922e-02;1.571554e-02;4.134310e-02;7.861380e-02;1.412650e-01;1.785141e-01;2.252060e-01;1.330834e-01;1.848227e-02;5.834727e-02
3.386113e-02;5.772341e-02;3.029735e-02;1.607772e-02;2.662273e-02;1.017372e-01;1.533351e-01;2.013844e-01;1.375298e-01;1.353268e-01;2.994451e-02;7.615979e-02
4.035404e-02;7.966765e-02;4.221405e-02;1.727369e-02;1.442072e-02;1.116877e-01;1.576125e-01;1.956808e-01;1.286017e-01;1.301264e-01;3.117088e-02;5.118991e-02
5.675750e-02;5.584637e-02;2.687760e-02;1.835523e-02;2.515715e-02;9.522162e-02;1.799063e-01;1.832580e-01;1.386207e-01;1.022006e-01;2.385591e-02;9.394297e-02
6.212721e-02;6.727177e-02;6.393785e-02;1.702251e-02;3.347401e-02;1.024336e-01;1.643045e-01;1.413102e-01;1.326749e-01;7.848637e-02;4.512163e-02;9.183548e-02
7.017293e-02;1.347691e-01;1.145571e-01;3.186818e-02;4.040590e-02;6.341934e-02;1.306265e-01;1.280323e-01;8.703019e-02;8.536445e-02;4.132607e-02;7.242794e-02
1.016589e-01;1.028592e-01;1.286604e-01;3.380074e-02;2.535380e-02;1.628792e-01;6.400104e-02;8.514580e-02;9.822012e-02;6.501016e-02;5.758752e-02;7.482314e-02
1.750737e-01;9.988799e-02;9.222613e-02;2.288068e-02;2.762933e-02;1.664818e-01;3.791631e-02;9.505951e-02;1.004935e-01;3.951228e-02;8.198734e-02;6.085149e-02
2.427270e-01;7.427339e-02;5.745028e-02;1.865166e-02;2.637402e-02;1.795900e-01;4.543388e-02;7.559252e-02;9.229949e-02;3.088390e-02;1.027356e-01;5.398821e-02
2.577572e-01;5.626569e-02;4.373500e-02;4.891240e-02;2.490710e-02;2.006384e-01;8.076104e-02;4.077166e-02;5.875964e-02;3.773948e-02;1.070397e-01;4.271267e-02
1.835629e-01;7.842188e-02;2.436495e-02;1.054234e-01;4.622287e-02;1.937668e-01;1.230379e-01;3.801306e-02;5.031282e-02;4.351556e-02;8.081059e-02;3.254730e-02
7.195020e-02;1.606062e-01;2.508572e-02;1.338732e-01;7.680921e-02;1.535643e-01;1.238074e-01;4.385607e-02;7.155164e-02;5.485542e-02;5.180106e-02;3.223963e-02
2.249521e-02;2.567112e-01;2.235607e-02;1.078936e-01;1.084629e-01;1.042668e-01;7.014085e-02;5.377419e-02;1.009936e-01;6.618766e-02;3.457934e-02;5.213851e-02
2.635931e-02;2.710853e-01;3.328738e-02;7.394648e-02;1.123780e-01;8.996265e-02;2.306419e-02;8.764295e-02;1.281855e-01;6.530070e-02;2.161476e-02;6.717277e-02
5.414720e-02;2.096152e-01;5.939946e-02;5.478587e-02;9.423907e-02;1.091088e-01;1.391252e-02;1.354151e-01;1.374839e-01;4.911631e-02;2.361828e-02;5.915843e-02
6.414419e-02;1.428243e-01;7.531621e-02;3.381715e-02;9.050977e-02;1.608874e-01;2.261091e-02;1.344768e-01;1.517652e-01;4.077620e-02;3.991307e-02;4.295881e-02
4.017084e-02;6.524005e-02;4.431012e-02;1.758791e-02;1.254030e-01;2.054408e-01;3.512049e-02;5.183742e-02;2.232012e-01;6.750490e-02;6.294674e-02;6.123651e-02
1.879134e-02;4.819879e-02;3.109696e-02;3.357770e-02;9.981071e-02;2.440974e-01;3.369207e-02;1.018775e-01;2.494444e-01;5.284674e-02;3.381841e-02;5.274791e-02
4.271565e-02;6.391906e-02;4.410089e-02;8.289380e-02;4.495662e-02;2.223618e-01;7.200193e-02;1.352284e-01;1.936555e-01;3.244980e-02;1.837962e-02;4.733704e-02
9.370839e-02;9.624771e-02;7.176086e-02;1.091161e-01;5.009753e-02;9.344651e-02;9.129470e-02;1.419294e-01;1.353169e-01;2.465485e-02;3.372671e-02;5.870030e-02
1.108477e-01;8.287035e-02;7.364802e-02;1.150435e-01;5.720755e-02;3.965504e-02;1.010473e-01;1.586322e-01;1.557028e-01;2.700161e-02;4.015004e-02;3.819387e-02
1.168400e-01;5.074301e-02;7.575656e-02;1.459049e-01;4.608054e-02;2.089581e-02;1.053789e-01;1.644680e-01;1.916351e-01;2.905159e-02;3.771621e-02;1.552939e-02
1.128403e-01;2.998926e-02;4.981407e-02;1.897510e-01;4.351059e-02;1.489195e-02;6.429025e-02;1.839062e-01;2.387222e-01;2.590810e-02;3.966016e-02;6.715955e-03
7.742532e-02;5.349002e-02;4.565024e-02;1.739061e-01;4.751544e-02;2.530989e-02;3.558633e-02;2.144782e-01;2.418164e-01;2.396492e-02;4.399300e-02;1.686412e-02
3.672732e-02;7.038431e-02;7.430290e-02;1.307966e-01;4.186324e-02;4.413248e-02;3.647538e-02;2.419765e-01;2.138869e-01;2.556906e-02;4.067557e-02;4.320972e-02
5.231904e-02;7.129540e-02;9.599141e-02;9.242368e-02;4.592267e-02;6.620538e-02;2.467638e-02;2.535873e-01;1.738385e-01;2.752248e-02;3.769077e-02;5.852695e-02
8.273813e-02;3.438150e-02;1.282348e-01;9.277388e-02;4.481073e-02;1.043904e-01;3.248642e-02;2.392565e-01;1.301050e-01;2.208906e-02;3.488273e-02;5.385077e-02
6.456295e-02;6.060190e-02;9.135807e-02;9.398288e-02;4.135155e-02;9.201576e-02;7.983997e-02;2.113145e-01;1.526404e-01;3.251055e-02;2.879569e-02;5.102582e-02
6.617410e-02;7.143390e-02;7.691691e-02;9.614488e-02;3.513543e-02;1.131512e-01;1.182708e-01;1.350361e-01;1.584170e-01;5.029243e-02;4.408488e-02;3.494233e-02
6.409148e-02;6.072481e-02;5.475951e-02;9.867908e-02;5.638046e-02;1.158041e-01;8.787814e-02;1.418639e-01;1.823099e-01;5.431629e-02;4.439682e-02;3.879560e-02
4.204472e-02;9.857640e-02;3.680615e-02;1.061419e-01;4.845217e-02;9.469176e-02;1.225539e-01;1.512028e-01;1.952601e-01;4.641583e-02;2.967305e-02;2.818123e-02
3.063235e-02;1.070593e-01;6.360808e-02;1.296875e-01;5.443325e-02;1.118341e-01;1.347543e-01;1.267626e-01;1.497275e-01;3.759962e-02;2.351020e-02;3.039110e-02
5.512568e-02;9.483538e-02;7.768194e-02;1.468850e-01;7.669234e-02;1.286905e-01;9.303779e-02;8.622240e-02;1.221344e-01;4.097218e-02;3.022792e-02;4.749440e-02
4.522461e-02;9.751248e-02;4.101246e-02;1.007892e-01;8.769376e-02;1.689114e-01;1.306108e-01;1.296108e-01;8.883987e-02;3.607874e-02;3.422447e-02;3.949148e-02
3.946676e-02;1.091392e-01;5.896477e-02;6.959768e-02;5.341087e-02;1.129724e-01;1.340083e-01;1.731266e-01;8.362578e-02;5.868635e-02;4.100484e-02;6.599637e-02
5.890332e-02;1.024259e-01;1.042565e-01;1.026997e-01;3.060998e-02;5.414809e-02;6.634907e-02;1.618639e-01;1.662919e-01;6.859264e-02;4.032845e-02;4.353050e-02
6.618230e-02;1.229363e-01;1.392079e-01;1.057985e-01;6.693777e-02;7.854649e-02;3.240099e-02;5.557163e-02;1.812331e-01;7.714574e-02;4.599838e-02;2.804095e-02
1.090349e-01;1.047879e-01;1.368860e-01;1.385565e-01;6.220423e-02;4.097308e-02;1.945154e-02;1.005302e-01;1.623674e-01;5.843671e-02;3.541841e-02;3.135309e-02
1.443737e-01;6.645627e-02;1.306822e-01;1.856649e-01;5.300188e-02;3.205083e-02;1.222714e-02;1.229548e-01;1.720721e-01;3.515118e-02;1.967055e-02;2.569446e-02
1.579061e-01;2.345514e-02;1.064968e-01;2.683049e-01;4.502928e-02;1.924927e-02;1.345712e-02;1.412488e-01;1.864916e-01;1.718274e-02;9.393496e-03;1.178465e-02
1.202887e-01;1.226219e-02;8.311563e-02;3.415111e-01;6.193967e-02;1.525834e-02;8.925410e-03;1.546315e-01;1.752120e-01;9.085522e-03;6.324493e-03;1.144542e-02
6.584316e-02;1.619720e-02;9.154875e-02;3.588419e-01;8.762575e-02;1.547097e-02;2.137802e-02;1.511243e-01;1.569282e-01;1.103389e-02;9.638513e-03;1.436935e-02
3.392569e-02;2.042045e-02;9.843493e-02;3.102061e-01;9.154216e-02;9.859161e-03;4.965045e-02;1.604216e-01;1.694161e-01;1.291599e-02;2.938491e-02;1.382238e-02
4.727038e-02;1.011640e-02;8.643599e-02;2.205314e-01;6.430528e-02;1.249985e-02;5.311962e-02;1.868750e-01;2.048389e-01;2.257262e-02;7.291137e-02;1.852320e-02
7.019227e-02;1.096909e-02;6.098010e-02;1.563203e-01;4.021113e-02;2.707360e-02;2.959638e-02;2.251979e-01;2.079859e-01;2.636230e-02;1.036962e-01;4.141491e-02
6.751809e-02;2.988386e-02;6.945863e-02;1.146910e-01;4.150128e-02;9.153992e-02;2.182806e-02;2.346588e-01;1.673961e-01;2.392322e-02;9.585639e-02;4.174462e-02
5.639642e-02;5.882754e-02;9.420112e-02;8.103482e-02;4.236874e-02;1.422240e-01;2.132918e-02;2.199872e-01;1.568335e-01;2.596362e-02;7.752746e-02;2.330637e-02
4.561695e-02;5.640608e-02;7.776638e-02;5.357926e-02;4.342625e-02;1.192020e-01;1.551721e-02;1.897122e-01;2.664283e-01;5.401765e-02;5.339762e-02;2.493004e-02
2.341347e-02;2.812152e-02;3.300052e-02;6.257695e-02;6.447282e-02;5.112326e-02;2.030599e-02;1.998371e-01;3.584179e-01;8.328494e-02;3.375690e-02;4.168855e-02
3.273012e-02;3.604817e-02;1.761499e-02;6.489237e-02;9.756173e-02;3.617502e-02;1.850829e-02;1.626807e-01;3.499665e-01;1.097206e-01;3.178420e-02;4.231733e-02
4.690783e-02;7.182353e-02;2.282197e-02;4.840729e-02;1.100124e-01;4.562780e-02;2.616649e-02;1.133951e-01;3.128979e-01;1.293458e-01;3.970801e-02;3.288595e-02
4.640539e-02;1.331103e-01;3.075126e-02;5.337220e-02;1.003045e-01;6.176981e-02;2.602480e-02;1.316753e-01;1.940974e-01;1.309598e-01;5.955281e-02;3.197641e-02
3.215095e-02;1.643560e-01;5.061144e-02;4.142972e-02;8.948416e-02;8.245802e-02;2.970316e-02;1.188893e-01;1.745276e-01;1.044163e-01;6.130080e-02;5.067250e-02
2.060224e-02;1.508137e-01;2.369598e-02;2.375542e-02;7.859342e-02;1.064024e-01;4.857871e-02;1.103413e-01;2.538964e-01;8.853921e-02;5.600236e-02;3.877874e-02
1.976636e-02;1.359120e-01;2.306523e-02;3.141219e-02;4.451633e-02;1.259832e-01;5.998517e-02;1.061162e-01;3.010520e-01;6.986646e-02;5.790032e-02;2.442452e-02
2.942501e-02;1.422851e-01;5.880520e-02;3.951620e-02;2.448456e-02;1.318061e-01;5.112367e-02;1.077240e-01;3.055142e-01;4.883071e-02;3.553075e-02;2.495454e-02
3.437316e-02;1.382941e-01;5.370628e-02;3.910448e-02;3.916865e-02;1.330022e-01;3.663204e-02;1.604606e-01;2.775207e-01;4.082924e-02;1.901627e-02;2.789229e-02
3.402861e-02;1.317351e-01;7.489818e-02;4.731634e-02;4.323098e-02;1.405476e-01;4.256334e-02;1.634683e-01;2.321739e-01;3.784933e-02;3.174000e-02;2.044834e-02
3.628456e-02;9.331193e-02;7.092381e-02;7.550772e-02;4.677044e-02;1.693092e-01;7.116081e-02;2.002300e-01;1.483210e-01;3.175078e-02;3.576883e-02;2.066079e-02
3.131936e-02;4.834259e-02;5.961099e-02;7.685819e-02;3.251638e-02;1.649439e-01;5.975716e-02;2.556115e-01;2.008709e-01;3.545761e-02;1.598456e-02;1.872692e-02
2.539642e-02;4.312374e-02;6.918209e-02;9.324999e-02;4.975688e-02;1.496679e-01;5.804710e-02;2.110200e-01;2.228870e-01;4.286816e-02;1.883110e-02;1.596961e-02
3.803607e-02;4.782879e-02;6.979918e-02;8.259537e-02;5.761078e-02;1.715033e-01;8.589004e-02;1.632169e-01;1.606343e-01;6.215839e-02;3.771761e-02;2.300934e-02
4.088865e-02;4.500442e-02;4.629567e-02;4.412926e-02;5.607174e-02;1.578842e-01;1.149178e-01;1.300115e-01;2.128470e-01;8.425836e-02;4.037619e-02;2.731524e-02
3.227512e-02;5.634740e-02;5.720684e-02;3.458704e-02;3.887333e-02;1.042698e-01;8.406214e-02;1.195996e-01;2.593841e-01;1.532067e-01;4.096534e-02;1.922262e-02
2.895624e-02;4.376842e-02;6.210046e-02;5.761112e-02;2.281362e-02;7.561546e-02;9.762868e-02;1.383392e-01;2.322817e-01;1.849049e-01;4.013569e-02;1.584459e-02
6.354734e-02;5.996972e-02;6.237293e-02;5.240702e-02;5.037350e-02;7.781969e-02;1.302767e-01;1.293435e-01;1.678293e-01;1.651949e-01;2.534672e-02;1.551861e-02
7.816893e-02;6.666487e-02;6.721270e-02;4.257821e-02;7.849265e-02;8.737600e-02;1.210819e-01;1.378205e-01;1.407389e-01;1.400349e-01;2.017394e-02;1.965652e-02
5.057934e-02;5.569038e-02;7.705272e-02;2.611064e-02;8.982461e-02;8.175282e-02;1.748405e-01;1.243038e-01;1.714280e-01;8.578160e-02;2.335441e-02;3.928120e-02
4.208907e-02;6.057401e-02;8.874406e-02;3.277389e-02;8.521780e-02;7.238376e-02;9.813880e-02;1.437762e-01;1.906620e-01;1.011273e-01;2.909795e-02;5.541516e-02
3.878608e-02;1.009228e-01;8.820802e-02;4.086946e-02;6.383663e-02;1.039684e-01;5.767838e-02;1.297166e-01;1.587007e-01;1.168611e-01;4.493033e-02;5.552140e-02
3.940102e-02;1.126912e-01;1.104542e-01;4.589782e-02;5.959861e-02;1.176564e-01;4.840517e-02;1.190027e-01;1.044377e-01;7.680433e-02;9.826656e-02;6.738426e-02
3.436971e-02;8.355236e-02;7.391175e-02;2.813628e-02;7.280682e-02;1.186587e-01;2.969681e-02;1.384796e-01;1.220209e-01;1.177350e-01;1.194288e-01;6.120321e-02
1.901094e-02;4.986158e-02;2.700489e-02;1.266195e-02;1.049632e-01;1.077705e-01;2.107312e-02;1.534417e-01;1.527129e-01;1.923267e-01;1.047747e-01;5.439788e-02
5.769080e-03;4.904366e-02;1.698582e-02;2.621753e-02;1.433866e-01;7.839573e-02;4.183090e-02;1.507350e-01;1.840912e-01;1.924996e-01;5.945401e-02;5.159094e-02
8.492430e-03;4.582876e-02;1.368393e-02;3.054117e-02;1.659869e-01;4.689339e-02;9.386584e-02;1.214695e-01;2.293337e-01;1.559089e-01;3.516034e-02;5.283502e-02
1.426955e-02;4.336024e-02;1.155962e-02;3.703887e-02;1.844950e-01;3.377030e-02;8.924997e-02;8.091702e-02;2.789236e-01;1.474948e-01;3.397967e-02;4.494131e-02
1.179891e-02;5.802221e-02;2.640432e-02;4.381955e-02;2.023643e-01;3.635655e-02;3.121276e-02;8.032779e-02;3.055277e-01;1.448027e-01;2.891595e-02;3.044730e-02
7.829243e-03;5.716433e-02;2.405167e-02;2.344207e-02;2.200928e-01;1.871309e-02;1.693209e-02;1.316447e-01;3.074814e-01;1.411447e-01;2.825094e-02;2.325294e-02
8.674877e-03;4.787901e-02;1.127360e-02;2.548776e-02;1.969796e-01;3.575611e-02;1.286750e-02;2.290100e-01;2.554769e-01;1.260897e-01;2.831084e-02;2.219409e-02
4.941558e-03;4.095007e-02;9.144137e-03;3.871145e-02;1.649741e-01;4.400584e-02;1.394642e-02;2.874823e-01;2.238351e-01;1.134617e-01;3.565977e-02;2.288747e-02
4.598780e-03;3.653151e-02;1.104890e-02;8.962616e-02;1.133620e-01;6.028529e-02;2.465654e-02;2.572786e-01;2.043264e-01;1.047470e-01;7.115450e-02;2.238435e-02
1.159598e-02;3.442464e-02;2.132742e-02;1.670101e-01;5.159976e-02;8.864620e-02;3.823429e-02;1.581641e-01;1.943718e-01;8.910584e-02;1.246742e-01;2.084567e-02
1.474995e-02;3.348552e-02;3.257371e-02;1.806230e-01;2.185329e-02;9.207136e-02;3.964167e-02;1.296718e-01;2.029999e-01;8.274506e-02;1.402342e-01;2.935063e-02
1.000652e-02;3.015999e-02;3.232871e-02;1.461849e-01;4.661549e-02;8.334489e-02;4.312724e-02;1.260099e-01;2.221950e-01;1.172291e-01;1.092749e-01;3.352328e-02
6.534146e-03;2.323110e-02;3.035099e-02;1.541141e-01;8.940370e-02;8.138227e-02;3.845015e-02;1.260194e-01;2.413676e-01;1.221106e-01;6.542464e-02;2.161136e-02
1.105659e-02;1.921861e-02;3.792689e-02;1.323316e-01;1.135957e-01;7.361118e-02;3.719069e-02;1.407213e-01;2.525335e-01;1.175958e-01;5.181069e-02;1.240742e-02
1.809963e-02;1.778015e-02;4.575639e-02;1.341291e-01;1.384201e-01;5.851951e-02;3.944041e-02;1.678515e-01;2.201694e-01;8.473703e-02;6.815855e-02;6.938335e-03
2.341126e-02;1.644229e-02;4.262399e-02;9.688165e-02;1.143399e-01;6.795210e-02;6.355618e-02;1.687957e-01;1.872521e-01;7.940168e-02;1.190320e-01;2.031110e-02
1.895706e-02;3.013570e-02;6.304691e-02;4.779362e-02;6.529301e-02;6.111065e-02;1.040062e-01;1.176293e-01;1.649647e-01;1.052189e-01;1.684532e-01;5.339067e-02
1.334108e-02;4.148645e-02;7.087927e-02;6.903689e-02;9.523376e-02;6.683195e-02;6.062184e-02;8.537548e-02;1.541290e-01;1.285765e-01;1.434299e-01;7.105785e-02
2.012360e-02;5.155727e-02;1.099756e-01;9.119134e-02;7.601533e-02;1.155800e-01;3.404969e-02;6.558665e-02;1.430167e-01;1.098057e-01;1.172059e-01;6.589224e-02
2.728194e-02;4.519756e-02;1.627514e-01;4.488174e-02;3.397008e-02;2.035749e-01;4.022381e-02;4.163360e-02;1.079198e-01;7.497066e-02;1.334947e-01;8.409972e-02
2.188297e-02;4.365430e-02;1.726570e-01;1.944460e-02;3.918965e-02;2.479640e-01;3.581940e-02;3.902042e-02;1.091489e-01;5.607996e-02;1.239997e-01;9.113904e-02
1.893882e-02;7.300459e-02;1.680321e-01;2.197788e-02;2.989970e-02;2.252227e-01;2.922342e-02;5.106960e-02;1.107291e-01;7.202101e-02;1.246979e-01;7.518321e-02
2.596234e-02;1.536331e-01;1.121953e-01;1.780625e-02;3.032448e-02;1.454828e-01;1.719393e-02;6.484396e-02;1.406128e-01;9.928121e-02;1.414228e-01;5.124112e-02
2.100893e-02;2.405445e-01;6.284874e-02;3.614068e-02;7.194094e-02;6.525675e-02;9.629423e-03;7.325301e-02;1.560283e-01;1.447531e-01;9.551655e-02;2.307913e-02
2.842380e-02;2.064877e-01;5.578358e-02;5.237951e-02;1.071229e-01;2.700739e-02;1.156271e-02;6.096007e-02;2.019784e-01;1.848617e-01;4.182129e-02;2.161096e-02
7.522036e-02;9.977405e-02;6.201230e-02;1.132959e-01;1.018360e-01;1.323857e-02;8.900930e-03;7.874979e-02;2.411081e-01;1.514923e-01;2.995631e-02;2.441545e-02
1.183057e-01;4.022051e-02;7.763365e-02;2.008895e-01;7.825302e-02;1.302669e-02;6.951063e-03;1.042355e-01;2.350780e-01;8.365523e-02;2.114810e-02;2.060305e-02
9.565829e-02;3.513159e-02;1.386015e-01;2.020684e-01;6.600467e-02;1.688905e-02;1.296516e-02;1.519260e-01;1.654334e-01;3.237842e-02;1.744975e-02;6.549370e-02
4.676022e-02;7.625601e-02;2.233994e-01;1.240392e-01;5.577733e-02;2.930379e-02;4.513004e-02;1.859878e-01;7.747083e-02;1.183123e-02;4.392859e-02;8.011561e-02
2.775624e-02;1.409567e-01;2.150807e-01;6.099279e-02;4.483006e-02;6.904039e-02;9.485472e-02;1.683717e-01;4.091500e-02;1.514566e-02;7.028402e-02;5.177194e-02
6.409851e-02;1.554806e-01;1.222079e-01;9.535979e-02;4.579469e-02;1.539773e-01;1.087033e-01;1.181453e-01;3.094191e-02;3.344351e-02;5.224262e-02;1.960459e-02
8.499340e-02;9.807692e-02;1.468805e-01;1.286834e-01;6.480922e-02;2.330990e-01;6.075512e-02;5.270135e-02;4.127861e-02;4.982035e-02;1.464024e-02;2.426187e-02
4.579523e-02;1.052753e-01;2.142561e-01;1.093206e-01;1.017492e-01;1.731043e-01;1.416673e-02;4.722346e-02;6.175804e-02;3.314134e-02;2.790847e-02;6.630118e-02
2.253634e-02;1.900736e-01;1.738321e-01;9.418010e-02;1.068837e-01;9.882241e-02;9.203501e-03;9.539964e-02;6.162472e-02;1.910076e-02;6.936906e-02;5.897404e-02
5.610651e-02;1.942522e-01;1.243438e-01;1.215630e-01;7.372473e-02;3.078524e-02;4.349112e-02;1.142816e-01;6.137744e-02;4.445978e-02;1.107561e-01;2.485853e-02
9.913781e-02;1.111310e-01;1.596875e-01;9.309988e-02;3.152626e-02;3.784907e-02;1.042394e-01;8.624510e-02;7.317389e-02;8.738943e-02;8.755592e-02;2.896475e-02
8.975893e-02;1.040238e-01;1.992626e-01;5.839031e-02;2.710907e-02;7.563965e-02;1.455017e-01;4.320357e-02;7.387332e-02;1.056908e-01;4.421384e-02;3.333239e-02
3.397641e-02;1.289652e-01;2.053515e-01;3.489158e-02;2.558361e-02;1.087525e-01;1.510708e-01;5.662384e-02;7.708770e-02;8.755867e-02;3.396930e-02;5.616897e-02
3.208787e-02;1.585552e-01;2.219368e-01;2.480380e-02;2.688901e-02;1.333388e-01;1.295713e-01;4.141402e-02;7.150794e-02;5.292729e-02;4.031086e-02;6.665698e-02
6.095166e-02;1.442362e-01;2.634452e-01;4.664344e-02;3.015864e-02;1.122503e-01;9.481106e-02;4.167868e-02;7.266589e-02;4.683505e-02;4.534673e-02;4.097719e-02
8.375821e-02;1.724372e-01;2.747628e-01;5.955513e-02;3.702328e-02;7.654190e-02;7.623171e-02;3.767546e-02;8.882661e-02;4.983646e-02;3.031652e-02;1.303468e-02
7.743666e-02;1.290430e-01;2.120102e-01;9.031718e-02;5.215584e-02;3.151076e-02;8.351271e-02;7.950652e-02;1.246779e-01;4.473182e-02;4.445022e-02;3.064726e-02
5.606533e-02;1.084774e-01;1.495082e-01;8.481423e-02;6.217858e-02;6.765634e-02;7.919570e-02;1.187305e-01;1.559612e-01;4.844479e-02;2.969329e-02;3.927453e-02
2.684839e-02;1.486308e-01;1.428728e-01;7.464366e-02;4.554323e-02;7.753512e-02;5.348575e-02;1.639347e-01;1.710488e-01;3.305438e-02;2.639247e-02;3.600993e-02
4.433015e-02;2.126023e-01;1.121153e-01;9.429625e-02;3.687808e-02;6.098896e-02;2.197936e-02;1.489360e-01;1.753143e-01;3.615180e-02;3.237889e-02;2.402871e-02
2.966099e-02;1.626928e-01;1.480003e-01;8.042480e-02;4.576989e-02;1.767040e-01;3.073905e-02;1.239180e-01;1.274408e-01;3.421329e-02;2.304380e-02;1.739230e-02
3.800911e-02;1.599798e-01;1.484521e-01;5.669652e-02;3.256157e-02;1.901237e-01;2.543448e-02;8.815974e-02;1.445552e-01;4.290394e-02;4.090102e-02;3.222278e-02
7.147986e-02;1.385795e-01;1.144210e-01;3.357395e-02;2.966204e-02;1.337128e-01;2.419643e-02;1.670577e-01;1.514567e-01;6.178229e-02;4.609352e-02;2.798430e-02
