3.455606e-02;8.105100e-02;3.892262e-01;8.108599e-02;5.142677e-02;2.748139e-02;8.496876e-02;4.101984e-02;5.939050e-02;6.050946e-02;4.181125e-02;4.747271e-02
6.967653e-02;1.299946e-01;3.757552e-01;5.732210e-02;4.271238e-02;3.296030e-02;2.934628e-02;3.202615e-02;9.183748e-02;4.759812e-02;3.291931e-02;5.785150e-02
8.477063e-02;1.791981e-01;3.042057e-01;5.499498e-02;4.053057e-02;4.686986e-02;3.759081e-02;1.956205e-02;1.204410e-01;3.189138e-02;2.740935e-02;5.253568e-02
9.600881e-02;1.919369e-01;2.199912e-01;6.428596e-02;3.027775e-02;5.586186e-02;6.870761e-02;2.151383e-02;1.255203e-01;3.453464e-02;3.781268e-02;5.354850e-02
1.126069e-01;1.399813e-01;1.655995e-01;5.786523e-02;3.476518e-02;5.445919e-02;1.360225e-01;4.404827e-02;9.166636e-02;5.073065e-02;6.594151e-02;4.631342e-02
1.028305e-01;8.246665e-02;1.563377e-01;5.286921e-02;4.076929e-02;6.498166e-02;2.230860e-01;5.979022e-02;6.039748e-02;6.194437e-02;6.787153e-02;2.665535e-02
5.964211e-02;5.186666e-02;1.741578e-01;4.943820e-02;5.309635e-02;7.320131e-02;2.973510e-01;5.388322e-02;2.061438e-02;6.795952e-02;4.245168e-02;5.633770e-02
6.727104e-02;1.226167e-01;1.848190e-01;5.769077e-02;7.009482e-02;3.952303e-02;1.978956e-01;4.761293e-02;5.328001e-02;3.647618e-02;6.551496e-02;5.720489e-02
7.976478e-02;1.494389e-01;2.114719e-01;6.082858e-02;6.283229e-02;3.606644e-02;1.218042e-01;4.289728e-02;6.917436e-02;7.508613e-02;7.140917e-02;1.922599e-02
4.473117e-02;1.610832e-01;1.786099e-01;5.654004e-02;5.623899e-02;5.158218e-02;9.138250e-02;5.314416e-02;9.657101e-02;8.769366e-02;7.813140e-02;4.429184e-02
1.010194e-01;8.449984e-02;1.647249e-01;6.161517e-02;6.095538e-02;6.297197e-02;1.335842e-01;5.413737e-02;8.138064e-02;6.728256e-02;7.782426e-02;5.000429e-02
8.013558e-02;6.908935e-02;1.720323e-01;5.086211e-02;5.528844e-02;4.885352e-02;1.426291e-01;7.491896e-02;9.072220e-02;8.677447e-02;7.574321e-02;5.295078e-02
8.867034e-02;7.512530e-02;1.534602e-01;5.274242e-02;7.231943e-02;4.870886e-02;1.254283e-01;8.000758e-02;9.029211e-02;6.641475e-02;8.356471e-02;6.326594e-02
1.053672e-01;8.797619e-02;2.054604e-01;7.870489e-02;7.352420e-02;4.289827e-02;1.201506e-01;5.591206e-02;6.288720e-02;5.218798e-02;6.034115e-02;5.458985e-02
1.026878e-01;7.955133e-02;2.422450e-01;8.876317e-02;6.880937e-02;3.991396e-02;1.167698e-01;4.902445e-02;5.408326e-02;5.524466e-02;5.177475e-02;5.113244e-02
1.006845e-01;6.262331e-02;2.883648e-01;9.667520e-02;6.682360e-02;3.465351e-02;8.276965e-02;6.038086e-02;4.911800e-02;6.509505e-02;4.098540e-02;5.182608e-02
1.208682e-01;8.597562e-02;2.769848e-01;8.936528e-02;5.841336e-02;1.393746e-02;1.136054e-01;6.238015e-02;3.306733e-02;6.779651e-02;3.382095e-02;4.378496e-02
7.739294e-02;9.651145e-02;3.155278e-01;7.981011e-02;6.392818e-02;1.877778e-02;9.826495e-02;4.718478e-02;4.509937e-02;6.707354e-02;3.422580e-02;5.620331e-02
9.781682e-02;1.216725e-01;3.526872e-01;5.084186e-02;5.318588e-02;3.031125e-02;6.101509e-02;3.443164e-02;4.753433e-02;4.811622e-02;4.003916e-02;6.234801e-02
1.014379e-01;1.400622e-01;3.930137e-01;3.887597e-02;4.359243e-02;4.455685e-02;4.106540e-02;2.282473e-02;4.650894e-02;4.219937e-02;3.081369e-02;5.504877e-02
5.142162e-02;9.022222e-02;4.749766e-01;4.875355e-02;5.630977e-02;4.144980e-02;7.795421e-02;1.842747e-02;2.174759e-02;6.434360e-02;2.111473e-02;3.327888e-02
3.818238e-02;4.579884e-02;5.201932e-01;5.749069e-02;5.769257e-02;2.488802e-02;1.094061e-01;2.657719e-02;1.444912e-02;6.635712e-02;2.610032e-02;1.286451e-02
4.322857e-02;2.464354e-02;4.955825e-01;8.845713e-02;4.246397e-02;1.685492e-02;1.082329e-01;4.948439e-02;2.187607e-02;5.086305e-02;4.662472e-02;1.168819e-02
4.306839e-02;3.927528e-02;4.176222e-01;1.323687e-01;3.695100e-02;2.704264e-02;8.198991e-02;7.182012e-02;2.842156e-02;2.982414e-02;7.459578e-02;1.702027e-02
2.229634e-02;4.862519e-02;3.500914e-01;1.804802e-01;4.957310e-02;3.008113e-02;4.094191e-02;8.672404e-02;4.254077e-02;1.895426e-02;1.132938e-01;1.639785e-02
4.098031e-02;4.949301e-02;3.003358e-01;1.933195e-01;4.055423e-02;2.678144e-02;3.753953e-02;8.095326e-02;3.730908e-02;3.345651e-02;1.272692e-01;3.200805e-02
7.074051e-02;4.538250e-02;2.988115e-01;1.671682e-01;5.678006e-02;4.866638e-02;6.125626e-02;5.223338e-02;1.962109e-02;3.948214e-02;1.023554e-01;3.750255e-02
5.706343e-02;5.187951e-02;3.261917e-01;1.380207e-01;7.264813e-02;8.118168e-02;7.249139e-02;2.582197e-02;3.370851e-02;4.010734e-02;5.295305e-02;4.793259e-02
4.573048e-02;3.594865e-02;3.487770e-01;8.593116e-02;4.630797e-02;6.647392e-02;9.822990e-02;8.227766e-02;3.657000e-02;4.852613e-02;6.748157e-02;3.774559e-02
3.845401e-02;2.064150e-02;3.119688e-01;1.185749e-01;3.705059e-02;4.512301e-02;9.500644e-02;1.328536e-01;6.050130e-02;4.363949e-02;7.532296e-02;2.086343e-02
5.960232e-02;4.833169e-02;2.115809e-01;1.053426e-01;3.130419e-02;3.242737e-02;8.048115e-02;1.980412e-01;7.206356e-02;7.769944e-02;4.294866e-02;4.017698e-02
4.858666e-02;5.681503e-02;1.185010e-01;7.459502e-02;3.911809e-02;2.967309e-02;6.027193e-02;2.212072e-01;1.077867e-01;1.237335e-01;7.565174e-02;4.406014e-02
5.166757e-02;6.514063e-02;1.236363e-01;5.603426e-02;3.592236e-02;3.087900e-02;6.315902e-02;1.741178e-01;1.269660e-01;1.456087e-01;1.024491e-01;2.441918e-02
6.573739e-02;7.598406e-02;1.556156e-01;6.821548e-02;3.067628e-02;3.024564e-02;7.618576e-02;9.733576e-02;1.430922e-01;1.275289e-01;1.084511e-01;2.093180e-02
8.308678e-02;6.925465e-02;1.478998e-01;4.764424e-02;5.026354e-02;4.592013e-02;6.871629e-02;1.005334e-01;1.659608e-01;9.249024e-02;8.717820e-02;4.105191e-02
7.784118e-02;5.982585e-02;1.426976e-01;4.968105e-02;4.807133e-02;8.292811e-02;7.436172e-02;9.054966e-02;1.481039e-01;8.358576e-02;1.048456e-01;3.750819e-02
6.945605e-02;4.125047e-02;1.485596e-01;4.426519e-02;4.875834e-02;1.033433e-01;1.405639e-01;7.677891e-02;9.980866e-02;6.690123e-02;1.165794e-01;4.373499e-02
6.289627e-02;5.612745e-02;1.605567e-01;3.243693e-02;5.123911e-02;6.354851e-02;2.824651e-01;6.843332e-02;2.799078e-02;6.388900e-02;7.966569e-02;5.075117e-02
7.302842e-02;4.753743e-02;1.897071e-01;3.723653e-02;8.655186e-02;5.401093e-02;2.469004e-01;4.957874e-02;4.607654e-02;4.560309e-02;5.454940e-02;6.921961e-02
7.491037e-02;4.450009e-02;2.612652e-01;5.313746e-02;1.135116e-01;5.254205e-02;1.551742e-01;4.414568e-02;4.413484e-02;2.259052e-02;5.791930e-02;7.616862e-02
5.968111e-02;3.841259e-02;4.080647e-01;8.686050e-02;1.002336e-01;3.492280e-02;3.849287e-02;3.967150e-02;2.429160e-02;4.335552e-02;7.225892e-02;5.375427e-02
4.078624e-02;3.272613e-02;5.360591e-01;7.811822e-02;6.388252e-02;1.767683e-02;4.953292e-02;2.113002e-02;1.087096e-02;7.382526e-02;5.120011e-02;2.419166e-02
4.067419e-02;2.567722e-02;5.875545e-01;5.067174e-02;4.213266e-02;1.508204e-02;5.263954e-02;1.716816e-02;3.186782e-02;7.932950e-02;3.877423e-02;1.842842e-02
5.407676e-02;5.187203e-02;4.621243e-01;3.893713e-02;3.975654e-02;2.162872e-02;5.626616e-02;1.757767e-02;8.124436e-02;8.510185e-02;5.576392e-02;3.565065e-02
5.338505e-02;9.723701e-02;3.677433e-01;3.221339e-02;2.986795e-02;3.673963e-02;4.755577e-02;1.268280e-02;1.309564e-01;8.985397e-02;4.103199e-02;6.073270e-02
4.961243e-02;1.485683e-01;3.201927e-01;2.481457e-02;1.880383e-02;5.188465e-02;3.079349e-02;8.742801e-03;1.807057e-01;5.864808e-02;1.161207e-02;9.562139e-02
6.814432e-02;1.775032e-01;2.496370e-01;1.965363e-02;1.484073e-02;5.627720e-02;2.577369e-02;1.087303e-02;1.965410e-01;3.643034e-02;2.337693e-02;1.209489e-01
1.125818e-01;1.686917e-01;1.932252e-01;2.055390e-02;1.319949e-02;4.481083e-02;3.292019e-02;2.365400e-02;1.706905e-01;3.288235e-02;6.741788e-02;1.193722e-01
1.797514e-01;1.388425e-01;1.370323e-01;1.883247e-02;1.656854e-02;3.311972e-02;4.144592e-02;4.981514e-02;1.248852e-01;2.605751e-02;1.321308e-01;1.015186e-01
2.389099e-01;9.084352e-02;1.116627e-01;1.864090e-02;2.306110e-02;2.028211e-02;6.826014e-02;6.614988e-02;6.771649e-02;3.199059e-02;1.899492e-01;7.253339e-02
2.933269e-01;6.855573e-02;9.602208e-02;1.469366e-02;3.076676e-02;1.239197e-02;1.090820e-01;7.761405e-02;2.647721e-02;3.975179e-02;1.871823e-01;4.413551e-02
2.970891e-01;9.879802e-02;7.281537e-02;1.105403e-02;3.134608e-02;8.573817e-03;1.345498e-01;7.934931e-02;3.448450e-02;3.664542e-02;1.454978e-01;4.979674e-02
2.357973e-01;1.300693e-01;9.589709e-02;1.035529e-02;2.611043e-02;1.113299e-02;1.238180e-01;7.248923e-02;6.264853e-02;3.540514e-02;1.538368e-01;4.244005e-02
1.560146e-01;1.372500e-01;1.186748e-01;1.606294e-02;2.586477e-02;1.984345e-02;1.312685e-01;6.690266e-02;9.497549e-02;3.624817e-02;1.458503e-01;5.104429e-02
1.323748e-01;1.027996e-01;1.183380e-01;2.161216e-02;3.073361e-02;2.768044e-02;1.712672e-01;6.693184e-02;7.845896e-02;5.859909e-02;1.290012e-01;6.220317e-02
1.605879e-01;6.821348e-02;9.090104e-02;2.774608e-02;3.579867e-02;3.109167e-02;2.128924e-01;7.870504e-02;5.410420e-02;8.644320e-02;1.092772e-01;4.423913e-02
1.638281e-01;5.357124e-02;1.305045e-01;3.452682e-02;4.805508e-02;2.305838e-02;2.072325e-01;7.423979e-02;6.209875e-02;9.291174e-02;5.472809e-02;5.524503e-02
1.719542e-01;1.118421e-01;1.173107e-01;2.962643e-02;4.751357e-02;3.422205e-02;1.091902e-01;7.372004e-02;7.690068e-02;5.729062e-02;1.211155e-01;4.931379e-02
1.675166e-01;1.274228e-01;1.451859e-01;3.497363e-02;3.492432e-02;4.968914e-02;6.060704e-02;8.535863e-02;1.007956e-01;7.275163e-02;8.371184e-02;3.706294e-02
1.429927e-01;8.022746e-02;1.652685e-01;3.967067e-02;3.495498e-02;5.514943e-02;5.660770e-02;8.389687e-02;1.493785e-01;9.326784e-02;3.895865e-02;5.962672e-02
1.316667e-01;4.471699e-02;1.801267e-01;2.454035e-02;4.712135e-02;6.986465e-02;8.779770e-02;1.012420e-01;8.927491e-02;7.045581e-02;1.176414e-01;3.555146e-02
1.344157e-01;9.465209e-02;1.344296e-01;4.011190e-02;4.299753e-02;6.952351e-02;9.258374e-02;1.128956e-01;6.761620e-02;5.661169e-02;1.125080e-01;4.165443e-02
1.258713e-01;6.976076e-02;9.772490e-02;6.155233e-02;5.722291e-02;4.786031e-02;1.237595e-01;1.033577e-01;4.382998e-02;6.608757e-02;1.002960e-01;1.026767e-01
9.949891e-02;7.059409e-02;9.430343e-02;7.398738e-02;8.655221e-02;5.704087e-02;8.782217e-02;9.170567e-02;3.542895e-02;4.204743e-02;9.357059e-02;1.674483e-01
1.151497e-01;8.728831e-02;1.255127e-01;5.009063e-02;7.125821e-02;3.947461e-02;8.465238e-02;7.620279e-02;4.567531e-02;8.257448e-02;6.610362e-02;1.560173e-01
1.302054e-01;1.060801e-01;1.246967e-01;6.851225e-02;4.865310e-02;4.391913e-02;1.027264e-01;8.823284e-02;3.923957e-02;7.079209e-02;7.654322e-02;1.003992e-01
1.244423e-01;1.097026e-01;7.832648e-02;8.956654e-02;3.980659e-02;4.839180e-02;9.983242e-02;5.797582e-02;1.193171e-01;5.063682e-02;1.034715e-01;7.853004e-02
1.077510e-01;9.183504e-02;9.354348e-02;1.045652e-01;8.135360e-02;6.535928e-02;5.697688e-02;6.907802e-02;1.165913e-01;6.799588e-02;9.202106e-02;5.292925e-02
1.172239e-01;9.813739e-02;1.156747e-01;9.035496e-02;7.437428e-02;5.105156e-02;5.639480e-02;5.644392e-02;8.713840e-02;9.042700e-02;7.789840e-02;8.488069e-02
1.117175e-01;1.026791e-01;1.097059e-01;9.197775e-02;7.449751e-02;5.117675e-02;5.214744e-02;5.521176e-02;8.030983e-02;9.661984e-02;7.769495e-02;9.626155e-02
6.234288e-02;1.334848e-01;1.326739e-01;7.861032e-02;6.009741e-02;4.457848e-02;1.099774e-01;5.078227e-02;5.826131e-02;9.669428e-02;8.295424e-02;8.954273e-02
1.238730e-01;1.327057e-01;1.617080e-01;4.213380e-02;3.224741e-02;2.996784e-02;1.558048e-01;5.720802e-02;2.663869e-02;5.662978e-02;1.055440e-01;7.553896e-02
1.486787e-01;8.598683e-02;2.162400e-01;3.097779e-02;3.444369e-02;2.279608e-02;1.466135e-01;4.533307e-02;3.333390e-02;6.604135e-02;1.270722e-01;4.248301e-02
1.363059e-01;8.347723e-02;2.223450e-01;2.229819e-02;2.377828e-02;3.663460e-02;1.021728e-01;2.341794e-02;8.468481e-02;8.629210e-02;9.557810e-02;8.301514e-02
8.793332e-02;1.415319e-01;1.869813e-01;1.663774e-02;1.950631e-02;5.563148e-02;5.489119e-02;1.808042e-02;1.422780e-01;7.159854e-02;6.462636e-02;1.403034e-01
7.201637e-02;1.700107e-01;1.464657e-01;1.642515e-02;2.216036e-02;6.948400e-02;2.963845e-02;1.656621e-02;1.793343e-01;3.638107e-02;9.307472e-02;1.484430e-01
5.233643e-02;1.648358e-01;1.707936e-01;1.497583e-02;1.916356e-02;6.415019e-02;3.360805e-02;2.933048e-02;1.977682e-01;3.443674e-02;1.011971e-01;1.174041e-01
2.965244e-02;1.517414e-01;2.487770e-01;1.498797e-02;1.484739e-02;4.887852e-02;3.194164e-02;2.251334e-02;2.326175e-01;2.885583e-02;7.215416e-02;1.030327e-01
3.984686e-02;1.356829e-01;2.990867e-01;1.057260e-02;1.082230e-02;3.885068e-02;2.955838e-02;1.854757e-02;2.293673e-01;6.364029e-02;4.112431e-02;8.290009e-02
2.303777e-02;1.157157e-01;3.566505e-01;1.525659e-02;7.713141e-03;4.531537e-02;3.613891e-02;1.368082e-02;1.847768e-01;1.107221e-01;2.988345e-02;6.110871e-02
8.758273e-03;9.898675e-02;3.820353e-01;1.660515e-02;7.596323e-03;5.449341e-02;4.869374e-02;1.251690e-02;1.400087e-01;1.283934e-01;3.154480e-02;7.036725e-02
1.632121e-02;9.101685e-02;3.829730e-01;1.694848e-02;9.385222e-03;6.563151e-02;6.353744e-02;1.026573e-02;1.163440e-01;1.142432e-01;2.402338e-02;8.931004e-02
3.106268e-02;8.326352e-02;3.685092e-01;1.473218e-02;1.306887e-02;6.986195e-02;8.092234e-02;1.127408e-02;8.187240e-02;1.154794e-01;3.113895e-02;9.881442e-02
5.198186e-02;8.265889e-02;3.480084e-01;1.872670e-02;1.471845e-02;6.417315e-02;8.718152e-02;1.557362e-02;6.372667e-02;1.169694e-01;3.545609e-02;1.008252e-01
6.113776e-02;8.964133e-02;3.546467e-01;1.898024e-02;2.418619e-02;5.865825e-02;8.221388e-02;1.459069e-02;6.089968e-02;1.052261e-01;2.893785e-02;1.008812e-01
5.837536e-02;8.220041e-02;4.304028e-01;2.941869e-02;4.148256e-02;4.808517e-02;5.251520e-02;1.553657e-02;3.442313e-02;1.185505e-01;1.786151e-02;7.114816e-02
6.303337e-02;4.384196e-02;5.318563e-01;4.542780e-02;5.070500e-02;2.843988e-02;3.235475e-02;1.770933e-02;2.796100e-02;1.061505e-01;2.470391e-02;2.781615e-02
6.857053e-02;1.924371e-02;5.778418e-01;6.985228e-02;5.526665e-02;2.093016e-02;1.458864e-02;2.118048e-02;2.491166e-02;6.863127e-02;3.437296e-02;2.460988e-02
5.282028e-02;3.308266e-02;5.124986e-01;1.009028e-01;7.995844e-02;2.848668e-02;2.834814e-02;2.776972e-02;2.423994e-02;3.615048e-02;4.651282e-02;2.922946e-02
4.145391e-02;6.361371e-02;3.893556e-01;1.237583e-01;1.292847e-01;4.338009e-02;3.644321e-02;3.779159e-02;1.705174e-02;3.050831e-02;5.987287e-02;2.748593e-02
4.250066e-02;7.858443e-02;3.035733e-01;1.001495e-01;1.779652e-01;5.830852e-02;4.139566e-02;3.242068e-02;2.470524e-02;3.196875e-02;4.835598e-02;6.007206e-02
8.752362e-02;5.497497e-02;2.336598e-01;4.861089e-02;1.729163e-01;7.852228e-02;9.455295e-02;1.899284e-02;6.249614e-02;2.210561e-02;3.533485e-02;9.030984e-02
1.361036e-01;3.669413e-02;1.453264e-01;2.372222e-02;1.279301e-01;9.024914e-02;1.704713e-01;1.458678e-02;8.826681e-02;4.280242e-02;3.446981e-02;8.937722e-02
1.650948e-01;2.537098e-02;9.340853e-02;2.858619e-02;9.978393e-02;1.004613e-01;2.045221e-01;1.665833e-02;1.042087e-01;5.955850e-02;3.398828e-02;6.835831e-02
1.504493e-01;4.856793e-02;6.947828e-02;4.184991e-02;8.812943e-02;1.046964e-01;2.278633e-01;6.086086e-03;7.475616e-02;8.397509e-02;4.057844e-02;6.356971e-02
9.096921e-02;6.138254e-02;6.801000e-02;4.325398e-02;6.516241e-02;7.646310e-02;2.657070e-01;4.064045e-02;4.748131e-02;1.011300e-01;7.945225e-02;6.034773e-02
4.972828e-02;6.541423e-02;1.033290e-01;3.447927e-02;3.590852e-02;3.502374e-02;2.525263e-01;6.438328e-02;5.862942e-02;9.852174e-02;1.174183e-01;8.463781e-02
4.063448e-02;7.339738e-02;1.153089e-01;2.370592e-02;4.443539e-02;3.656466e-02;2.446784e-01;4.599710e-02;6.757802e-02;8.038915e-02;1.415497e-01;8.576094e-02
4.662194e-02;8.893326e-02;9.829403e-02;2.109754e-02;5.979634e-02;3.507974e-02;3.026511e-01;1.693849e-02;6.357808e-02;5.321214e-02;1.442120e-01;6.958529e-02
5.006716e-02;5.509944e-02;8.847275e-02;4.074486e-02;8.272605e-02;2.582821e-02;2.483618e-01;5.941294e-02;4.580567e-02;1.023229e-01;1.625589e-01;3.859936e-02
8.609752e-02;4.266853e-02;8.220728e-02;3.991459e-02;8.385126e-02;3.655316e-02;1.959170e-01;4.693479e-02;4.441136e-02;9.971552e-02;1.841410e-01;5.758803e-02
1.207630e-01;5.523650e-02;1.057337e-01;5.246220e-02;9.978447e-02;4.397153e-02;1.551297e-01;2.623272e-02;8.092040e-02;7.397160e-02;1.484877e-01;3.730647e-02
1.103016e-01;7.469637e-02;1.477553e-01;8.669733e-02;9.750298e-02;3.014879e-02;1.157519e-01;3.850953e-02;1.281871e-01;6.969040e-02;8.149434e-02;1.926440e-02
9.138731e-02;7.743470e-02;1.138846e-01;7.574922e-02;7.431352e-02;3.540144e-02;1.705517e-01;5.421983e-02;7.469504e-02;7.310655e-02;1.038855e-01;5.537060e-02
7.905877e-02;6.207076e-02;1.386047e-01;6.853876e-02;7.936889e-02;3.500810e-02;1.873225e-01;2.601210e-02;3.753627e-02;6.601273e-02;1.371614e-01;8.330494e-02
8.271413e-02;5.389635e-02;1.612032e-01;7.673500e-02;8.389024e-02;5.356076e-02;1.482404e-01;3.837543e-02;7.702373e-02;4.747867e-02;1.086332e-01;6.824888e-02
7.873982e-02;8.454966e-02;1.297883e-01;6.826615e-02;1.008793e-01;6.703176e-02;1.181431e-01;5.204915e-02;8.780762e-02;8.223196e-02;9.581649e-02;3.469678e-02
7.518131e-02;8.674308e-02;8.377339e-02;8.787066e-02;1.006104e-01;7.553661e-02;7.712774e-02;6.519646e-02;1.144448e-01;8.717493e-02;1.140656e-01;3.227503e-02
8.651443e-02;7.554721e-02;1.203975e-01;8.499960e-02;8.422931e-02;6.432500e-02;1.127699e-01;7.169929e-02;1.078390e-01;4.909635e-02;9.608968e-02;4.649273e-02
7.961494e-02;7.961393e-02;1.849421e-01;6.682397e-02;5.739052e-02;4.745888e-02;1.253827e-01;1.040809e-01;4.924082e-02;6.588699e-02;6.347171e-02;7.609248e-02
6.951527e-02;8.242471e-02;1.894358e-01;7.068492e-02;5.986935e-02;6.270629e-02;1.166211e-01;8.292808e-02;6.723832e-02;8.967354e-02;5.094480e-02;5.795788e-02
7.548552e-02;1.003855e-01;1.519407e-01;7.742477e-02;6.901932e-02;7.161176e-02;1.196322e-01;6.969234e-02;9.032306e-02;8.456135e-02;2.672614e-02;6.319740e-02
9.175429e-02;9.445035e-02;1.261949e-01;6.910519e-02;6.117619e-02;5.680123e-02;1.613930e-01;5.519674e-02;8.415447e-02;8.412084e-02;5.740118e-02;5.825166e-02
5.735761e-02;7.440629e-02;1.636656e-01;6.817971e-02;5.715268e-02;3.885774e-02;1.979951e-01;8.494297e-02;7.782125e-02;6.129116e-02;6.308528e-02;5.524463e-02
9.944212e-02;7.348992e-02;1.420643e-01;7.060633e-02;7.183617e-02;4.388466e-02;1.522666e-01;1.073810e-01;6.820100e-02;5.082434e-02;7.118776e-02;4.881587e-02
1.172754e-01;7.784242e-02;1.290354e-01;6.464945e-02;8.150811e-02;6.079400e-02;1.283369e-01;1.061703e-01;7.925311e-02;5.643009e-02;7.378737e-02;2.491741e-02
9.694267e-02;9.353792e-02;1.720627e-01;6.743971e-02;7.309148e-02;8.432112e-02;1.063985e-01;5.761290e-02;9.234285e-02;6.606880e-02;6.526505e-02;2.491634e-02
9.528539e-02;6.893788e-02;1.771602e-01;6.611404e-02;8.824620e-02;7.466057e-02;1.191894e-01;7.516702e-02;8.627981e-02;5.696729e-02;7.336119e-02;1.863106e-02
7.881650e-02;9.429379e-02;1.900984e-01;8.022845e-02;7.376612e-02;8.129594e-02;7.170397e-02;5.217412e-02;1.410485e-01;3.500848e-02;6.128964e-02;4.027608e-02
8.901171e-02;8.185628e-02;1.722971e-01;7.375150e-02;8.004442e-02;8.984073e-02;8.847595e-02;3.104898e-02;1.411303e-01;4.255097e-02;6.598428e-02;4.400782e-02
1.004422e-01;6.147989e-02;1.725879e-01;5.582114e-02;7.378529e-02;7.730221e-02;1.228326e-01;5.733433e-02;1.213282e-01;5.119703e-02;7.154821e-02;3.434097e-02
8.024071e-02;9.409060e-02;2.405134e-01;5.077909e-02;5.109447e-02;6.673650e-02;1.127728e-01;3.680386e-02;1.030415e-01;5.180677e-02;4.593553e-02;6.618478e-02
4.871421e-02;1.026759e-01;4.003711e-01;5.037048e-02;4.502279e-02;4.533221e-02;7.542543e-02;2.950822e-02;6.063473e-02;5.119830e-02;2.650833e-02;6.423819e-02
5.535681e-02;1.100673e-01;4.494136e-01;6.660265e-02;4.239746e-02;3.399928e-02;5.806968e-02;3.092429e-02;5.218794e-02;4.446751e-02;2.123067e-02;3.528288e-02
8.180783e-02;1.073318e-01;4.448587e-01;7.619195e-02;3.510075e-02;3.077003e-02;4.886492e-02;3.221565e-02;6.051312e-02;4.736870e-02;2.586504e-02;9.111569e-03
8.607583e-02;7.679292e-02;4.327620e-01;6.484140e-02;2.676735e-02;2.537622e-02;1.132554e-01;3.490794e-02;4.764879e-02;4.534039e-02;2.732649e-02;1.890537e-02
6.318753e-02;6.048566e-02;4.315756e-01;5.139628e-02;3.223178e-02;2.235680e-02;1.749705e-01;3.572919e-02;2.829002e-02;3.906335e-02;3.501133e-02;2.570201e-02
2.698202e-02;3.542573e-02;4.064953e-01;4.139945e-02;5.407991e-02;3.807036e-02;2.200960e-01;3.759877e-02;3.149290e-02;3.457151e-02;4.956181e-02;2.422626e-02
2.612853e-02;5.451226e-02;3.528389e-01;4.912203e-02;6.486025e-02;6.415775e-02;1.860147e-01;3.638250e-02;3.271708e-02;2.952216e-02;7.542633e-02;2.831745e-02
4.978784e-02;8.779045e-02;3.431450e-01;7.104483e-02;7.199053e-02;6.632867e-02;1.247602e-01;2.439648e-02;4.347787e-02;3.181901e-02;6.418050e-02;2.127866e-02
6.189795e-02;7.339153e-02;3.355973e-01;5.490884e-02;6.263094e-02;6.083343e-02;1.069900e-01;3.785731e-02;7.438455e-02;5.915152e-02;3.917038e-02;3.318622e-02
8.451605e-02;7.607543e-02;2.829049e-01;4.936884e-02;6.024990e-02;8.040386e-02;8.385747e-02;5.453659e-02;8.657129e-02;5.564372e-02;2.950961e-02;5.636230e-02
8.373045e-02;7.149910e-02;2.644620e-01;5.927883e-02;5.605572e-02;7.616874e-02;8.901922e-02;6.881117e-02;7.059820e-02;5.101458e-02;4.661810e-02;6.274389e-02
5.652115e-02;6.700338e-02;2.323344e-01;7.718569e-02;5.052838e-02;6.137877e-02;9.720118e-02;8.486141e-02;8.444344e-02;7.338410e-02;6.956709e-02;4.559106e-02
1.077075e-01;8.034766e-02;1.187586e-01;6.819942e-02;6.059241e-02;4.939538e-02;1.237789e-01;6.842704e-02;4.842380e-02;8.339547e-02;9.535608e-02;9.561776e-02
1.152159e-01;9.783389e-02;1.508381e-01;6.967372e-02;7.124087e-02;5.615260e-02;1.021117e-01;5.052508e-02;2.525748e-02;8.097877e-02;8.943743e-02;9.073441e-02
1.161124e-01;9.408928e-02;1.660447e-01;6.748834e-02;7.087931e-02;6.313380e-02;9.028253e-02;5.300065e-02;4.097055e-02;7.771923e-02;7.886531e-02;8.141393e-02
1.534548e-01;5.584375e-02;1.817956e-01;7.710145e-02;4.400746e-02;5.625556e-02;1.118837e-01;5.480541e-02;1.024049e-01;9.132531e-02;3.905724e-02;3.206486e-02
1.396417e-01;1.006065e-01;1.946748e-01;6.646801e-02;3.483672e-02;2.013322e-02;1.245668e-01;6.326564e-02;7.237606e-02;6.237824e-02;5.572027e-02;6.533187e-02
1.431336e-01;1.087399e-01;2.056184e-01;5.521650e-02;2.928460e-02;1.818421e-02;1.069535e-01;5.879305e-02;5.603532e-02;6.467669e-02;7.613400e-02;7.723015e-02
1.108427e-01;1.024024e-01;2.802069e-01;3.919272e-02;2.074917e-02;2.527172e-02;9.353415e-02;3.945166e-02;4.517640e-02;9.209688e-02;7.269937e-02;7.837590e-02
2.921158e-02;7.208760e-02;4.360815e-01;3.864178e-02;1.946636e-02;2.927542e-02;9.666986e-02;2.135954e-02;3.778289e-02;1.055005e-01;4.313562e-02;7.078730e-02
1.080375e-01;4.861157e-02;4.701083e-01;5.610969e-02;1.986073e-02;1.790445e-02;8.443469e-02;7.941032e-03;2.051294e-02;9.967269e-02;2.091174e-02;4.589471e-02
1.408001e-01;3.433814e-02;4.378676e-01;9.929050e-02;2.253463e-02;6.905927e-03;8.032501e-02;2.384274e-02;6.957326e-03;8.382398e-02;4.607397e-02;1.724007e-02
1.013184e-01;4.573470e-02;3.503933e-01;1.652968e-01;4.935188e-02;7.100900e-03;6.000849e-02;5.554179e-02;1.099134e-02;5.244022e-02;8.392099e-02;1.790122e-02
4.747419e-02;6.888050e-02;2.380865e-01;1.941440e-01;1.098630e-01;1.445728e-02;3.782453e-02;8.730981e-02;2.836355e-02;2.809166e-02;1.094538e-01;3.605127e-02
2.617372e-02;8.699100e-02;1.585212e-01;1.521635e-01;1.866056e-01;2.868623e-02;1.847529e-02;9.897146e-02;5.889731e-02;2.746914e-02;9.404640e-02;6.299914e-02
3.277202e-02;6.195641e-02;1.250145e-01;8.702862e-02;1.958997e-01;3.914430e-02;5.308723e-02;7.535655e-02;1.197806e-01;3.235900e-02;6.994390e-02;1.076572e-01
4.346931e-02;3.830822e-02;1.164192e-01;5.697088e-02;1.659576e-01;6.303355e-02;9.279459e-02;4.943092e-02;1.589913e-01;4.630689e-02;5.605589e-02;1.122616e-01
6.900931e-02;3.544247e-02;1.631171e-01;4.929713e-02;1.448410e-01;9.227249e-02;7.284752e-02;3.786542e-02;1.269644e-01;5.520920e-02;5.910549e-02;9.402844e-02
1.165537e-01;6.045252e-02;1.138705e-01;5.105087e-02;9.253489e-02;8.071781e-02;2.740151e-01;4.117321e-02;4.260721e-02;3.164799e-02;4.594839e-02;4.942783e-02
1.153163e-01;9.064653e-02;4.653629e-02;5.821971e-02;6.397369e-02;7.434181e-02;4.184870e-01;1.910780e-02;1.386581e-02;3.557545e-02;3.090466e-02;3.302500e-02
8.665298e-02;1.254077e-01;4.638110e-02;3.425071e-02;4.920310e-02;5.540366e-02;4.832715e-01;1.814943e-02;1.890728e-02;2.532194e-02;2.921181e-02;2.783876e-02
6.485242e-02;1.417446e-01;3.550721e-02;9.764592e-03;5.011363e-02;4.448379e-02;5.292327e-01;2.808143e-02;2.116688e-02;1.529645e-02;4.723088e-02;1.252537e-02
4.763548e-02;1.258116e-01;6.732650e-02;1.501750e-02;5.343129e-02;3.928805e-02;4.981916e-01;2.319422e-02;1.966294e-02;2.599360e-02;6.758399e-02;1.686316e-02
5.046282e-02;1.019560e-01;9.877150e-02;2.742834e-02;4.041323e-02;3.904314e-02;4.356901e-01;2.982869e-02;2.663202e-02;5.691598e-02;6.298696e-02;2.987119e-02
9.281959e-02;1.062850e-01;6.752004e-02;3.243187e-02;4.097942e-02;5.847944e-02;4.209619e-01;1.624226e-02;1.731568e-02;6.973510e-02;4.271836e-02;3.451137e-02
1.086651e-01;1.333496e-01;3.198845e-02;2.866439e-02;3.442299e-02;6.827644e-02;4.279729e-01;1.727951e-02;1.058302e-02;6.837568e-02;3.888305e-02;3.153884e-02
1.592284e-01;1.264147e-01;3.318377e-02;4.297225e-02;3.803657e-02;7.424355e-02;3.528654e-01;2.103425e-02;9.079438e-03;7.901326e-02;3.218458e-02;3.174384e-02
2.182720e-01;9.982315e-02;2.744098e-02;5.470776e-02;5.291225e-02;8.934495e-02;2.519938e-01;2.505373e-02;2.363866e-02;1.029025e-01;2.131607e-02;3.259409e-02
2.157251e-01;6.926241e-02;7.120181e-02;5.155462e-02;8.898821e-02;9.559607e-02;1.466887e-01;2.587127e-02;7.116518e-02;9.017990e-02;2.467303e-02;4.909375e-02
1.594175e-01;3.865246e-02;1.335770e-01;5.545516e-02;1.397351e-01;8.877984e-02;6.552725e-02;3.124878e-02;1.166610e-01;5.102492e-02;3.354931e-02;8.637170e-02
7.120642e-02;5.458113e-02;1.798943e-01;7.036194e-02;1.452046e-01;6.265096e-02;6.188920e-02;5.797481e-02;1.047584e-01;2.725017e-02;6.971512e-02;9.451298e-02
4.159473e-02;6.721523e-02;2.133586e-01;1.273528e-01;1.092395e-01;4.218465e-02;4.547571e-02;8.660535e-02;5.427600e-02;4.502519e-02;1.000605e-01;6.761163e-02
6.511500e-02;4.469252e-02;2.555531e-01;1.457495e-01;8.568882e-02;2.329383e-02;6.732685e-02;8.197335e-02;2.646334e-02;6.206410e-02;1.094991e-01;3.258043e-02
7.460991e-02;2.947101e-02;3.142840e-01;1.344606e-01;5.691807e-02;2.492145e-02;8.919575e-02;4.696701e-02;2.483829e-02;6.445104e-02;9.924453e-02;4.063835e-02
5.289651e-02;4.380083e-02;2.741610e-01;1.318787e-01;6.993715e-02;3.759194e-02;6.826148e-02;9.534395e-02;2.729807e-02;4.744987e-02;1.131835e-01;3.819692e-02
8.390551e-02;7.453604e-02;1.654317e-01;1.441444e-01;9.146466e-02;2.574082e-02;4.931482e-02;1.043124e-01;4.373352e-02;3.133094e-02;1.297637e-01;5.632152e-02
1.100743e-01;9.411045e-02;1.237319e-01;1.149291e-01;1.040800e-01;2.513815e-02;4.354082e-02;8.678990e-02;6.820686e-02;3.985334e-02;1.100916e-01;7.945348e-02
8.353755e-02;1.096708e-01;1.127415e-01;1.293969e-01;1.183843e-01;1.910146e-02;3.563798e-02;1.009910e-01;5.414709e-02;3.639698e-02;1.146583e-01;8.533617e-02
4.159211e-02;1.148418e-01;1.139612e-01;1.650638e-01;1.223115e-01;1.960035e-02;2.046905e-02;1.234934e-01;3.079870e-02;2.572973e-02;1.411323e-01;8.100620e-02
2.561040e-02;1.198279e-01;1.008684e-01;1.768901e-01;1.245972e-01;1.803476e-02;2.440016e-02;1.523204e-01;1.748332e-02;2.263896e-02;1.534966e-01;6.383184e-02
2.559352e-02;9.864381e-02;1.167795e-01;1.771514e-01;1.081985e-01;2.736595e-02;3.395750e-02;1.800495e-01;1.395026e-02;2.439565e-02;1.495016e-01;4.441283e-02
2.506068e-02;7.686578e-02;9.479654e-02;1.733514e-01;8.325583e-02;3.752230e-02;5.601018e-02;2.206275e-01;2.588676e-02;2.842499e-02;1.508972e-01;2.730084e-02
1.566983e-02;7.582988e-02;9.234734e-02;1.665988e-01;6.494243e-02;3.824575e-02;5.078821e-02;2.576335e-01;2.550650e-02;4.903461e-02;1.472660e-01;1.613711e-02
2.556869e-02;9.326041e-02;8.531299e-02;1.503090e-01;7.058637e-02;2.992674e-02;2.153960e-02;2.523812e-01;2.881968e-02;8.739536e-02;1.236191e-01;3.128085e-02
4.978490e-02;9.905166e-02;9.268933e-02;1.392217e-01;7.630309e-02;2.704434e-02;2.624294e-02;2.061876e-01;3.959182e-02;9.038371e-02;1.073894e-01;4.610952e-02
9.780770e-02;8.666230e-02;9.248317e-02;1.381710e-01;8.620716e-02;2.524702e-02;2.204321e-02;1.583529e-01;5.092213e-02;6.701112e-02;9.862491e-02;7.646736e-02
1.355390e-01;9.035081e-02;8.453177e-02;1.387798e-01;1.020195e-01;1.914776e-02;1.307590e-02;1.263440e-01;6.487835e-02;5.079574e-02;8.336756e-02;9.116987e-02
1.407991e-01;9.833040e-02;1.091146e-01;1.331510e-01;1.081845e-01;1.713600e-02;1.541370e-02;1.126308e-01;5.994540e-02;4.251761e-02;8.273631e-02;8.004048e-02
1.274137e-01;1.046762e-01;1.199873e-01;1.204944e-01;1.217732e-01;2.199737e-02;1.251699e-02;9.709280e-02;6.092720e-02;4.060550e-02;8.354561e-02;8.896982e-02
1.130943e-01;1.029779e-01;1.219659e-01;1.022970e-01;1.378242e-01;2.669971e-02;1.965883e-02;7.933589e-02;7.588579e-02;3.982059e-02;7.584041e-02;1.045995e-01
8.231641e-02;1.309822e-01;1.459086e-01;9.762397e-02;1.340953e-01;3.053108e-02;2.616193e-02;7.211033e-02;6.653454e-02;4.716719e-02;7.947765e-02;8.709079e-02
6.194288e-02;1.483349e-01;1.397692e-01;1.039022e-01;1.371165e-01;3.848290e-02;3.278651e-02;7.861526e-02;5.758145e-02;4.427157e-02;8.494247e-02;7.225426e-02
3.978115e-02;1.350483e-01;1.765870e-01;1.079080e-01;1.532158e-01;4.283462e-02;3.316688e-02;8.459426e-02;2.999478e-02;3.867392e-02;9.066623e-02;6.752910e-02
5.368888e-02;1.000748e-01;1.667334e-01;7.782473e-02;1.745337e-01;4.649107e-02;4.067793e-02;8.281184e-02;6.257516e-02;2.954591e-02;6.793576e-02;9.710678e-02
6.546678e-02;7.657477e-02;1.701647e-01;8.375578e-02;1.659914e-01;5.032100e-02;2.129704e-02;8.968216e-02;8.575860e-02;2.302967e-02;8.187669e-02;8.608141e-02
4.641357e-02;6.820727e-02;1.926742e-01;1.044709e-01;1.512637e-01;5.530799e-02;3.523551e-02;1.144100e-01;7.441501e-02;2.217435e-02;8.669918e-02;4.872832e-02
2.056479e-02;7.254536e-02;2.221491e-01;1.014416e-01;1.244520e-01;4.445395e-02;5.085550e-02;1.637356e-01;2.701063e-02;3.001713e-02;1.128332e-01;2.994109e-02
1.910534e-02;5.445893e-02;2.212308e-01;9.893258e-02;1.124498e-01;3.140037e-02;2.009262e-02;2.073903e-01;2.607577e-02;2.627456e-02;1.527630e-01;2.982592e-02
2.215451e-02;4.917543e-02;2.070754e-01;9.740720e-02;1.010386e-01;2.472131e-02;3.354236e-02;2.293905e-01;1.973740e-02;3.188208e-02;1.598190e-01;2.405620e-02
2.992094e-02;4.869683e-02;1.852972e-01;9.291288e-02;7.103580e-02;2.187407e-02;6.726342e-02;2.103389e-01;5.896529e-02;4.703000e-02;1.385294e-01;2.813523e-02
2.893288e-02;4.305303e-02;1.865813e-01;1.036187e-01;5.107171e-02;2.402851e-02;1.040039e-01;2.055432e-01;5.287367e-02;3.647856e-02;1.434172e-01;2.039737e-02
3.155702e-02;3.193983e-02;2.210965e-01;1.108739e-01;4.705991e-02;2.462829e-02;1.381307e-01;1.769869e-01;3.177036e-02;2.467659e-02;1.397185e-01;2.156156e-02
4.102077e-02;3.117103e-02;2.908069e-01;1.001823e-01;4.282178e-02;2.374499e-02;1.556302e-01;1.100817e-01;2.761009e-02;3.927095e-02;1.132377e-01;2.442166e-02
5.067447e-02;3.993264e-02;3.722872e-01;8.444884e-02;4.128683e-02;2.309482e-02;1.390513e-01;5.873948e-02;2.568745e-02;5.054435e-02;8.658163e-02;2.767102e-02
5.220610e-02;2.347225e-02;4.876346e-01;6.126980e-02;5.852141e-02;3.434829e-02;9.937959e-02;3.562022e-02;2.134979e-02;5.348796e-02;5.451365e-02;1.819634e-02
3.677052e-02;2.348769e-02;5.913144e-01;5.380897e-02;6.716394e-02;3.211276e-02;5.268039e-02;2.581390e-02;7.646255e-03;6.218513e-02;3.307283e-02;1.394321e-02
2.269544e-02;3.378771e-02;6.263595e-01;5.219824e-02;5.974963e-02;2.263492e-02;3.731532e-02;2.231632e-02;1.093700e-02;6.387165e-02;3.305566e-02;1.507864e-02
1.553116e-02;5.163705e-02;6.314278e-01;4.900287e-02;4.534555e-02;1.915865e-02;3.304610e-02;2.229296e-02;2.361576e-02;5.303095e-02;3.079712e-02;2.511402e-02
1.688500e-02;7.673985e-02;6.043624e-01;4.958291e-02;3.618763e-02;2.435559e-02;2.223652e-02;1.888037e-02;3.245144e-02;4.048841e-02;3.041668e-02;4.741314e-02
1.808078e-02;9.836359e-02;5.662832e-01;4.486079e-02;2.886295e-02;3.221514e-02;3.117940e-02;1.381514e-02;4.140601e-02;3.305729e-02;2.800804e-02;6.386770e-02
2.585439e-02;1.075358e-01;5.540588e-01;4.672067e-02;3.160348e-02;3.934487e-02;1.628934e-02;1.199793e-02;4.693204e-02;3.212736e-02;2.082646e-02;6.670874e-02
3.248431e-02;1.138239e-01;5.476726e-01;5.125668e-02;2.460237e-02;4.264463e-02;1.806031e-02;1.278419e-02;4.898782e-02;2.792252e-02;1.613593e-02;6.362484e-02
3.773223e-02;1.186033e-01;5.383121e-01;5.064413e-02;3.455087e-02;4.032678e-02;1.898684e-02;1.127455e-02;5.202551e-02;3.000665e-02;1.536243e-02;5.217452e-02
4.357447e-02;1.178147e-01;5.136673e-01;6.965829e-02;3.796245e-02;4.156062e-02;2.205385e-02;1.050769e-02;5.537161e-02;2.552921e-02;1.566786e-02;4.663191e-02
4.109625e-02;1.128551e-01;5.179796e-01;6.836461e-02;3.888768e-02;4.167972e-02;2.366969e-02;1.040691e-02;5.508381e-02;2.794784e-02;1.241026e-02;4.961854e-02
3.928664e-02;1.110118e-01;5.375102e-01;6.245726e-02;3.812592e-02;4.267222e-02;1.385521e-02;8.415204e-03;4.948340e-02;3.002275e-02;1.677988e-02;5.037955e-02
3.528210e-02;9.694562e-02;5.466519e-01;6.338592e-02;3.927134e-02;4.085235e-02;2.931779e-02;1.214163e-02;4.213322e-02;3.391708e-02;1.306965e-02;4.703136e-02
2.949526e-02;9.173220e-02;5.353783e-01;5.327341e-02;4.082260e-02;4.618585e-02;4.488797e-02;1.580893e-02;4.606793e-02;4.464202e-02;1.280870e-02;3.889687e-02
3.177682e-02;9.800710e-02;5.428147e-01;5.652646e-02;3.445335e-02;4.858699e-02;2.854135e-02;1.888422e-02;5.074454e-02;4.338533e-02;1.203702e-02;3.424212e-02
1.614491e-02;8.482607e-02;5.967258e-01;4.857318e-02;3.030280e-02;4.245236e-02;2.420504e-02;1.923822e-02;4.215195e-02;4.559759e-02;1.813658e-02;3.164554e-02
1.344580e-02;6.320240e-02;6.426838e-01;4.227593e-02;2.841855e-02;2.777105e-02;3.788178e-02;1.463855e-02;2.877607e-02;4.922047e-02;2.495205e-02;2.673353e-02
1.062241e-02;4.682126e-02;6.524241e-01;4.938513e-02;5.116300e-02;2.846286e-02;3.581338e-02;1.005035e-02;1.911585e-02;5.543965e-02;2.383611e-02;1.686585e-02
1.569675e-02;3.499578e-02;6.526086e-01;5.740967e-02;6.807488e-02;2.840851e-02;3.743729e-02;7.988840e-03;9.764022e-03;5.771766e-02;2.063805e-02;9.259954e-03
2.812380e-02;2.495842e-02;6.502325e-01;6.164708e-02;6.630939e-02;2.552319e-02;4.186271e-02;1.025868e-02;1.019477e-02;5.285237e-02;1.951614e-02;8.520943e-03
4.079647e-02;1.642124e-02;6.295345e-01;7.018147e-02;6.256173e-02;1.985997e-02;4.488986e-02;1.784193e-02;1.351424e-02;4.248759e-02;2.808925e-02;1.382174e-02
4.035218e-02;1.505294e-02;5.633334e-01;1.029604e-01;7.715691e-02;2.573656e-02;3.964723e-02;2.826227e-02;1.312054e-02;3.222257e-02;4.279421e-02;1.936085e-02
2.879735e-02;1.322199e-02;4.836541e-01;1.311347e-01;1.042049e-01;4.094460e-02;3.790030e-02;4.029225e-02;9.660745e-03;3.453556e-02;5.343537e-02;2.221819e-02
2.211105e-02;1.884064e-02;4.534016e-01;1.382033e-01;1.270886e-01;4.719535e-02;2.626479e-02;4.921209e-02;1.068074e-02;3.449885e-02;5.183659e-02;2.066642e-02
2.064424e-02;3.409952e-02;3.893797e-01;1.304177e-01;1.575466e-01;5.347319e-02;3.385962e-02;5.983668e-02;2.110112e-02;2.825988e-02;4.752276e-02;2.385901e-02
2.650378e-02;4.538165e-02;3.256599e-01;1.004044e-01;1.911135e-01;6.535126e-02;4.828595e-02;5.234745e-02;4.625340e-02;2.319958e-02;4.073104e-02;3.476819e-02
4.573585e-02;4.314803e-02;2.802074e-01;6.227899e-02;2.090408e-01;7.695244e-02;6.874749e-02;3.764253e-02;7.413507e-02;1.895115e-02;2.883966e-02;5.432068e-02
1.026784e-01;4.035956e-02;2.241031e-01;4.847285e-02;2.096432e-01;9.387664e-02;5.510848e-02;3.758927e-02;8.233514e-02;1.947818e-02;2.251328e-02;6.384189e-02
1.725452e-01;3.666971e-02;1.147762e-01;3.246008e-02;1.720161e-01;1.111625e-01;1.976720e-01;3.320116e-02;4.944756e-02;1.304281e-02;2.445781e-02;4.254897e-02
2.180745e-01;3.688330e-02;4.173572e-02;2.583500e-02;1.410792e-01;1.289034e-01;2.841400e-01;2.732047e-02;2.562200e-02;3.057523e-02;1.284156e-02;2.698960e-02
2.263159e-01;4.698968e-02;2.982607e-02;3.158490e-02;1.265165e-01;1.331193e-01;2.914667e-01;2.482128e-02;1.498878e-02;4.269946e-02;6.929593e-03;2.474167e-02
2.306232e-01;4.932661e-02;2.564588e-02;3.766717e-02;1.162864e-01;1.301017e-01;2.896929e-01;2.729533e-02;2.066974e-02;4.977218e-02;4.142088e-03;1.877680e-02
2.287012e-01;5.375974e-02;1.810833e-02;3.721823e-02;1.080361e-01;1.236139e-01;3.019505e-01;2.875458e-02;1.517154e-02;5.726367e-02;5.111730e-03;2.231041e-02
2.042783e-01;5.396412e-02;2.750697e-02;4.439290e-02;8.702889e-02;1.127899e-01;3.202721e-01;3.196698e-02;1.697065e-02;7.608406e-02;5.097593e-03;1.964750e-02
1.623417e-01;6.150560e-02;4.610579e-02;5.017787e-02;6.651670e-02;1.027643e-01;3.276901e-01;3.350246e-02;2.329600e-02;9.072496e-02;2.392430e-02;1.145029e-02
1.568720e-01;5.692449e-02;7.874367e-02;4.185596e-02;7.412022e-02;1.048685e-01;2.706411e-01;3.352566e-02;3.841041e-02;8.813553e-02;3.569115e-02;2.021133e-02
1.701853e-01;6.140558e-02;6.627284e-02;3.634373e-02;6.940654e-02;1.184612e-01;2.563330e-01;2.399662e-02;3.864140e-02;1.045253e-01;3.136322e-02;2.306526e-02
1.900007e-01;8.003725e-02;3.071996e-02;3.521265e-02;5.504811e-02;1.224070e-01;2.853061e-01;1.030886e-02;2.101811e-02;1.216958e-01;2.394363e-02;2.430183e-02
2.218235e-01;7.759793e-02;2.464358e-02;3.098012e-02;5.897827e-02;1.126571e-01;2.588754e-01;1.823018e-02;2.086686e-02;1.250624e-01;2.162576e-02;2.865897e-02
2.695435e-01;5.802393e-02;2.000554e-02;2.779822e-02;7.759050e-02;1.163968e-01;2.129276e-01;1.885588e-02;2.126584e-02;1.301638e-01;1.532178e-02;3.210656e-02
2.479948e-01;4.920689e-02;5.140980e-02;2.433535e-02;9.908506e-02;1.096495e-01;1.662482e-01;2.155948e-02;5.282653e-02;1.002342e-01;2.767931e-02;4.977087e-02
1.882953e-01;3.139176e-02;8.772786e-02;2.758920e-02;1.284218e-01;1.016799e-01;1.157188e-01;1.718634e-02;1.103834e-01;6.033444e-02;5.061590e-02;8.065531e-02
1.222043e-01;2.711168e-02;1.138822e-01;3.048703e-02;1.535240e-01;8.567344e-02;7.684726e-02;2.487418e-02;1.570243e-01;3.062147e-02;5.942342e-02;1.183266e-01
1.654185e-01;4.313847e-02;9.188379e-02;3.509134e-02;1.512462e-01;6.781623e-02;4.759079e-02;3.286245e-02;1.542254e-01;3.784426e-02;3.962681e-02;1.332556e-01
1.667725e-01;3.903464e-02;9.738510e-02;5.373735e-02;1.611012e-01;5.912103e-02;3.518722e-02;4.405504e-02;1.104851e-01;5.470296e-02;4.653115e-02;1.318868e-01
7.790508e-02;5.090310e-02;1.687476e-01;8.088214e-02;1.624945e-01;5.381118e-02;4.600166e-02;4.835670e-02;6.444725e-02;7.569338e-02;7.004031e-02;1.007170e-01
4.598394e-02;5.776224e-02;2.375648e-01;1.051703e-01;1.317072e-01;3.786295e-02;5.763794e-02;5.562248e-02;2.787785e-02;6.825339e-02;1.171325e-01;5.742437e-02
3.811155e-02;4.784704e-02;3.422296e-01;1.039317e-01;8.392806e-02;1.466485e-02;4.840328e-02;4.292340e-02;4.473485e-02;5.524338e-02;1.373242e-01;4.065810e-02
4.527020e-02;3.532842e-02;4.443569e-01;8.021025e-02;6.413193e-02;1.808932e-02;4.449307e-02;1.956731e-02;4.029674e-02;7.867886e-02;1.034068e-01;2.617016e-02
5.159670e-02;3.418104e-02;5.217353e-01;5.975913e-02;4.571453e-02;1.718605e-02;3.867695e-02;1.716161e-02;3.084535e-02;1.069723e-01;5.555471e-02;2.061633e-02
5.284147e-02;5.871654e-02;5.365707e-01;4.407836e-02;3.307614e-02;1.752658e-02;4.506409e-02;1.800926e-02;2.438868e-02;1.089091e-01;4.033754e-02;2.048156e-02
3.718987e-02;7.158960e-02;5.342761e-01;3.710876e-02;2.971249e-02;1.755886e-02;5.457940e-02;2.550706e-02;4.484969e-02;8.810042e-02;4.607883e-02;1.344885e-02
1.842523e-02;5.678384e-02;5.620872e-01;4.247469e-02;2.942706e-02;2.513137e-02;6.474646e-02;2.839921e-02;4.177860e-02;7.401592e-02;3.027646e-02;2.645392e-02
1.692627e-02;5.422562e-02;5.854323e-01;4.821404e-02;2.866037e-02;3.223766e-02;4.827053e-02;1.895706e-02;3.384916e-02;8.097224e-02;2.438751e-02;2.786725e-02
1.169552e-02;3.859625e-02;6.249503e-01;4.696805e-02;4.442641e-02;3.129535e-02;4.087594e-02;1.015506e-02;2.254523e-02;8.710340e-02;2.523751e-02;1.615095e-02
1.504167e-02;3.474017e-02;6.465032e-01;4.349967e-02;5.532532e-02;3.461482e-02;3.711782e-02;6.452639e-03;1.140482e-02;8.261329e-02;2.382506e-02;8.861624e-03
1.376851e-02;4.802773e-02;6.363996e-01;3.919223e-02;5.016867e-02;3.585314e-02;2.858641e-02;1.009885e-02;1.885858e-02;6.997961e-02;2.939532e-02;1.967140e-02
1.388703e-02;6.637611e-02;6.313943e-01;3.627240e-02;3.738510e-02;3.529966e-02;2.620362e-02;1.229622e-02;2.574113e-02;5.510995e-02;2.944687e-02;3.058758e-02
2.052039e-02;8.607908e-02;6.037793e-01;4.160993e-02;3.159038e-02;3.213634e-02;3.159918e-02;1.363183e-02;3.287946e-02;4.392389e-02;2.334138e-02;3.890884e-02
1.991718e-02;9.753333e-02;6.113438e-01;4.052986e-02;2.027377e-02;3.616164e-02;3.215594e-02;1.499663e-02;3.395209e-02;3.729928e-02;1.562514e-02;4.021133e-02
