4.230642e-02;7.932125e-02;3.582150e-01;1.930484e-02;2.320783e-02;4.444973e-02;1.072255e-01;7.223231e-02;5.685790e-02;9.764183e-02;3.573743e-02;6.349991e-02
3.051340e-02;7.178639e-02;3.862653e-01;2.200872e-02;3.401821e-02;4.959263e-02;8.174565e-02;8.475322e-02;6.500670e-02;8.117763e-02;3.108410e-02;6.204801e-02
2.894370e-02;6.500488e-02;3.670447e-01;2.956268e-02;5.420651e-02;5.431329e-02;7.482252e-02;8.111408e-02;7.443572e-02;8.261909e-02;3.308202e-02;5.485077e-02
2.406376e-02;6.351406e-02;2.720353e-01;3.739982e-02;6.050611e-02;7.496323e-02;1.220723e-01;1.098648e-01;6.740953e-02;8.250666e-02;2.894745e-02;5.671705e-02
2.887594e-02;6.433426e-02;2.127574e-01;6.469956e-02;4.774584e-02;9.634854e-02;1.413577e-01;1.098763e-01;6.118381e-02;8.228049e-02;2.955030e-02;6.098983e-02
2.058521e-02;6.857786e-02;2.035120e-01;8.605272e-02;5.386283e-02;9.228807e-02;1.299837e-01;9.738550e-02;6.130746e-02;7.912284e-02;5.406845e-02;5.325336e-02
5.825587e-02;8.280073e-02;1.878671e-01;8.562689e-02;6.210350e-02;8.010558e-02;1.013976e-01;9.399569e-02;6.753438e-02;7.454585e-02;5.927496e-02;4.649177e-02
6.522060e-02;1.109047e-01;1.610294e-01;6.470616e-02;7.208779e-02;6.969029e-02;1.019959e-01;1.169019e-01;7.783209e-02;7.381449e-02;5.503463e-02;3.078208e-02
5.989708e-02;1.112361e-01;1.762255e-01;5.195250e-02;6.044574e-02;6.676196e-02;9.505701e-02;1.292692e-01;9.015291e-02;8.378806e-02;5.027035e-02;2.494361e-02
5.591153e-02;8.852031e-02;1.880410e-01;6.524473e-02;5.000061e-02;7.250262e-02;1.196879e-01;1.075237e-01;7.739326e-02;1.041764e-01;3.737237e-02;3.362557e-02
7.061114e-02;6.588510e-02;1.519909e-01;6.571292e-02;6.793552e-02;7.607896e-02;1.625986e-01;8.504487e-02;7.354981e-02;1.034030e-01;4.206595e-02;3.512319e-02
8.102021e-02;4.817412e-02;1.620071e-01;5.948417e-02;1.121788e-01;7.147768e-02;1.816595e-01;6.388736e-02;5.493179e-02;8.256767e-02;5.150720e-02;3.110441e-02
7.374348e-02;5.947185e-02;1.842977e-01;5.570497e-02;1.258593e-01;4.835204e-02;1.573215e-01;7.387299e-02;5.130604e-02;7.678510e-02;5.668313e-02;3.660191e-02
3.623589e-02;6.391764e-02;1.616235e-01;7.593802e-02;1.151489e-01;5.417635e-02;1.456151e-01;7.370897e-02;4.537006e-02;8.474255e-02;8.190514e-02;6.161783e-02
7.129994e-02;7.477883e-02;6.703537e-02;7.131454e-02;9.335545e-02;9.757582e-02;1.279401e-01;9.693579e-02;6.112046e-02;7.052463e-02;7.919501e-02;8.892404e-02
9.205409e-02;6.308831e-02;9.028362e-02;7.724448e-02;9.748375e-02;7.336325e-02;1.340293e-01;1.049743e-01;7.612930e-02;7.080498e-02;5.791593e-02;6.262861e-02
9.610543e-02;7.643536e-02;2.069498e-01;7.171772e-02;6.172465e-02;7.412871e-02;1.510352e-01;5.785763e-02;2.783754e-02;6.258062e-02;4.846118e-02;6.516620e-02
8.370872e-02;5.099585e-02;2.509943e-01;5.427589e-02;5.643297e-02;6.745999e-02;1.586677e-01;4.141169e-02;3.537132e-02;8.002337e-02;5.406509e-02;6.659311e-02
9.137983e-02;6.658166e-02;2.781133e-01;3.653582e-02;4.656641e-02;5.007612e-02;1.341151e-01;4.562949e-02;5.859220e-02;8.176727e-02;5.105028e-02;5.959256e-02
6.291486e-02;1.163460e-01;3.013338e-01;2.152667e-02;2.476122e-02;4.797233e-02;1.081971e-01;4.698566e-02;7.866874e-02;7.389715e-02;3.336585e-02;8.403060e-02
1.266895e-02;1.384576e-01;3.217184e-01;3.452851e-02;1.475120e-02;6.733301e-02;6.842880e-02;5.240791e-02;9.411919e-02;5.994044e-02;2.110430e-02;1.145417e-01
3.705686e-02;1.422586e-01;2.684208e-01;4.994782e-02;2.714226e-02;8.123714e-02;6.133929e-02;3.972069e-02;1.132967e-01;4.005567e-02;3.365293e-02;1.058712e-01
5.559999e-02;1.472677e-01;1.755532e-01;4.864268e-02;4.464659e-02;1.033210e-01;6.854302e-02;4.299268e-02;1.348918e-01;2.277903e-02;8.317434e-02;7.258802e-02
8.482530e-02;1.282521e-01;9.834971e-02;4.248884e-02;8.872940e-02;1.126739e-01;5.704129e-02;5.783631e-02;1.279737e-01;2.873452e-02;1.476430e-01;2.545188e-02
9.373017e-02;7.599180e-02;9.344679e-02;3.635267e-02;1.483136e-01;9.247930e-02;4.626310e-02;8.478637e-02;9.673134e-02;3.972580e-02;1.620058e-01;3.017330e-02
9.487049e-02;3.985341e-02;9.444378e-02;6.586484e-02;1.760426e-01;7.177582e-02;6.307369e-02;1.068910e-01;8.274663e-02;4.287577e-02;1.275125e-01;3.404950e-02
9.206194e-02;4.808920e-02;8.982202e-02;1.083536e-01;1.655342e-01;5.607269e-02;1.002348e-01;1.083777e-01;6.381073e-02;4.224441e-02;9.301449e-02;3.238418e-02
7.651242e-02;3.881900e-02;8.109806e-02;1.302316e-01;1.280164e-01;7.061138e-02;1.481028e-01;9.482379e-02;9.058667e-02;5.567025e-02;5.695982e-02;2.856788e-02
4.332000e-02;2.310301e-02;6.876900e-02;1.154676e-01;1.098747e-01;1.124795e-01;1.731598e-01;1.052267e-01;1.104072e-01;6.644090e-02;4.363176e-02;2.811985e-02
4.393153e-02;1.525264e-02;5.639382e-02;8.614156e-02;9.823696e-02;1.383235e-01;1.587908e-01;1.500976e-01;8.674669e-02;6.732275e-02;7.290062e-02;2.586151e-02
5.986770e-02;2.016952e-02;8.362240e-02;8.659136e-02;1.149861e-01;1.088159e-01;1.867933e-01;1.284633e-01;6.033521e-02;4.611759e-02;7.436379e-02;2.987382e-02
6.400370e-02;2.530520e-02;7.901942e-02;1.088497e-01;1.223160e-01;7.217915e-02;2.578346e-01;9.908864e-02;2.818402e-02;4.127526e-02;6.553664e-02;3.640762e-02
5.842515e-02;3.191066e-02;8.606357e-02;1.053504e-01;9.755319e-02;8.680113e-02;2.742467e-01;7.847552e-02;3.293294e-02;3.916251e-02;6.155680e-02;4.752148e-02
4.993727e-02;4.884957e-02;7.383571e-02;8.516368e-02;8.775527e-02;1.034660e-01;3.114017e-01;4.675888e-02;3.897759e-02;3.349845e-02;5.869404e-02;6.166186e-02
4.061663e-02;4.502942e-02;8.693897e-02;7.721093e-02;1.255100e-01;8.777099e-02;3.296065e-01;3.319142e-02;3.780457e-02;2.807179e-02;4.740721e-02;6.084151e-02
2.948594e-02;2.544779e-02;6.030864e-02;7.529338e-02;1.937616e-01;8.733046e-02;3.139920e-01;3.852257e-02;5.064540e-02;3.378998e-02;4.609978e-02;4.532246e-02
4.224718e-02;2.100709e-02;8.953967e-02;8.766697e-02;1.514420e-01;8.358944e-02;2.460111e-01;4.282692e-02;6.860912e-02;4.059548e-02;8.436437e-02;4.210056e-02
1.122862e-01;5.437887e-02;1.455349e-01;7.563587e-02;1.082747e-01;7.083243e-02;8.482432e-02;5.020528e-02;5.329510e-02;6.427337e-02;1.171583e-01;6.330071e-02
1.333944e-01;7.650160e-02;1.393704e-01;5.550410e-02;7.658692e-02;7.225765e-02;1.110766e-01;5.223119e-02;4.490459e-02;8.111209e-02;9.667438e-02;6.038604e-02
1.071569e-01;1.555633e-01;1.280026e-01;4.496869e-02;7.593491e-02;1.073816e-01;9.874485e-02;5.681532e-02;5.104267e-02;7.275014e-02;5.547056e-02;4.616835e-02
7.010392e-02;2.008927e-01;1.376683e-01;6.183187e-02;1.056993e-01;1.602510e-01;7.044761e-02;4.809328e-02;5.101603e-02;4.624505e-02;2.085153e-02;2.689942e-02
5.148047e-02;1.670129e-01;1.842456e-01;5.531980e-02;9.066089e-02;1.670333e-01;9.420118e-02;4.281356e-02;4.714374e-02;5.745146e-02;2.238409e-02;2.025297e-02
2.297775e-02;1.277122e-01;2.300589e-01;7.163329e-02;7.068561e-02;1.367511e-01;1.383820e-01;4.274684e-02;4.838300e-02;6.409299e-02;3.193528e-02;1.464098e-02
2.627722e-02;8.471362e-02;2.255166e-01;7.988454e-02;6.328364e-02;1.194539e-01;1.859273e-01;5.124225e-02;3.845547e-02;6.578857e-02;4.142972e-02;1.802713e-02
2.835892e-02;8.692349e-02;2.083803e-01;8.509216e-02;6.502052e-02;1.019382e-01;2.119729e-01;4.006169e-02;3.781036e-02;5.360197e-02;5.946566e-02;2.137388e-02
4.470994e-02;1.723789e-01;1.644597e-01;7.606615e-02;6.881763e-02;6.902648e-02;1.767711e-01;3.425124e-02;4.355637e-02;5.325127e-02;5.776954e-02;3.894171e-02
7.542506e-02;1.406128e-01;9.695952e-02;6.066345e-02;1.214344e-01;9.427329e-02;1.523056e-01;5.964727e-02;3.631972e-02;5.450126e-02;3.949923e-02;6.835838e-02
7.594551e-02;4.009489e-02;6.417599e-02;6.745756e-02;1.343901e-01;1.614097e-01;1.968375e-01;9.367056e-02;4.256149e-02;3.485997e-02;2.013888e-02;6.845790e-02
8.578578e-02;1.719206e-02;5.870273e-02;9.333096e-02;1.246909e-01;1.908055e-01;1.856563e-01;1.014278e-01;5.483436e-02;1.502125e-02;7.421592e-03;6.513068e-02
1.078242e-01;2.373161e-02;5.447266e-02;1.068643e-01;1.285997e-01;2.019467e-01;1.366320e-01;8.923125e-02;6.172325e-02;1.264281e-02;6.217242e-03;7.011430e-02
1.633076e-01;1.978637e-02;5.820356e-02;1.011225e-01;1.372688e-01;2.078286e-01;8.517879e-02;6.195580e-02;6.267866e-02;1.186461e-02;8.211317e-03;8.259347e-02
2.168322e-01;1.973382e-02;4.720760e-02;8.484387e-02;1.385305e-01;2.054780e-01;6.334756e-02;4.190646e-02;5.732451e-02;2.011253e-02;1.129490e-02;9.338801e-02
1.924020e-01;3.344480e-02;6.614126e-02;8.062936e-02;1.292851e-01;1.685434e-01;4.915317e-02;4.909327e-02;5.021894e-02;4.224152e-02;4.136243e-02;9.748470e-02
9.130096e-02;5.405504e-02;1.210176e-01;1.156538e-01;1.199913e-01;1.312752e-01;4.248536e-02;7.207138e-02;3.660608e-02;4.793869e-02;1.078171e-01;5.978765e-02
4.748712e-02;5.505202e-02;1.917724e-01;1.189766e-01;9.411070e-02;1.154702e-01;5.519850e-02;5.703596e-02;2.700678e-02;5.915387e-02;1.364376e-01;4.229837e-02
5.043434e-02;6.392529e-02;2.461187e-01;8.094215e-02;5.989009e-02;1.049071e-01;1.140089e-01;2.676201e-02;3.631273e-02;8.846992e-02;8.970547e-02;3.852332e-02
3.921546e-02;7.026775e-02;1.979071e-01;5.335676e-02;7.482502e-02;1.655733e-01;1.462019e-01;2.443504e-02;5.238447e-02;9.567488e-02;5.411473e-02;2.604355e-02
8.356714e-02;7.381450e-02;1.117870e-01;4.972815e-02;8.591222e-02;1.888065e-01;1.369713e-01;3.605557e-02;4.990351e-02;9.114496e-02;5.278831e-02;3.952076e-02
1.021878e-01;7.717219e-02;1.568692e-01;7.147261e-02;1.182217e-01;7.103945e-02;9.514178e-02;5.944526e-02;4.860206e-02;8.364863e-02;5.685889e-02;5.934046e-02
9.689709e-02;8.571645e-02;1.959995e-01;6.631790e-02;1.439503e-01;4.198522e-02;1.002868e-01;5.850263e-02;5.142923e-02;5.989537e-02;6.344174e-02;3.557779e-02
8.515652e-02;7.353275e-02;1.329684e-01;8.352308e-02;1.574067e-01;6.537648e-02;1.544582e-01;7.634261e-02;4.716433e-02;3.926194e-02;5.057529e-02;3.423374e-02
6.903972e-02;3.388447e-02;7.773967e-02;8.452328e-02;1.405989e-01;1.298729e-01;1.766658e-01;1.073252e-01;6.779814e-02;3.993288e-02;3.736708e-02;3.525190e-02
6.560945e-02;1.984321e-02;6.363007e-02;7.928969e-02;8.559241e-02;1.521123e-01;2.246723e-01;8.640546e-02;7.632644e-02;6.265792e-02;4.154994e-02;4.231070e-02
8.516709e-02;2.707042e-02;6.635563e-02;8.726118e-02;4.775478e-02;1.064134e-01;3.106557e-01;4.872452e-02;4.971016e-02;6.517801e-02;4.812602e-02;5.758312e-02
1.083530e-01;2.645153e-02;7.362425e-02;6.611884e-02;4.114227e-02;7.391461e-02;3.631585e-01;5.108975e-02;4.571514e-02;3.517736e-02;4.501713e-02;7.023760e-02
1.089229e-01;3.595344e-02;8.150931e-02;3.510869e-02;5.297222e-02;8.395842e-02;3.621213e-01;5.219582e-02;4.712019e-02;3.563942e-02;3.862382e-02;6.587457e-02
9.161396e-02;4.018311e-02;1.089678e-01;2.572738e-02;6.999014e-02;9.146389e-02;3.302044e-01;4.045073e-02;4.034555e-02;6.274922e-02;4.759559e-02;5.070825e-02
1.119038e-01;3.929341e-02;7.067934e-02;5.317719e-02;8.777228e-02;6.560840e-02;2.658259e-01;4.855699e-02;5.040689e-02;9.299202e-02;5.917549e-02;5.460830e-02
1.212551e-01;4.160534e-02;7.101948e-02;7.099940e-02;8.476423e-02;5.985744e-02;1.759246e-01;9.302875e-02;7.304972e-02;6.280019e-02;6.553075e-02;8.016503e-02
8.595669e-02;5.680305e-02;9.404499e-02;8.078460e-02;6.206131e-02;3.451832e-02;1.589131e-01;1.265970e-01;1.077808e-01;4.812371e-02;5.329251e-02;9.112393e-02
8.419297e-02;6.494960e-02;9.269804e-02;7.751155e-02;7.625742e-02;2.801628e-02;9.872103e-02;1.247084e-01;1.103620e-01;8.039818e-02;6.753416e-02;9.465037e-02
8.586345e-02;5.666867e-02;9.197509e-02;5.994738e-02;6.039882e-02;4.672727e-02;8.751443e-02;8.784595e-02;8.950736e-02;1.360658e-01;9.834038e-02;9.914532e-02
5.959954e-02;4.853008e-02;9.607160e-02;6.605746e-02;4.872067e-02;7.853956e-02;9.755540e-02;5.876403e-02;8.698688e-02;1.809267e-01;1.009619e-01;7.728622e-02
6.999575e-02;4.373480e-02;1.356207e-01;6.536888e-02;7.729834e-02;6.920430e-02;8.444121e-02;6.272432e-02;1.007976e-01;1.365887e-01;1.057579e-01;4.846756e-02
5.648674e-02;6.776058e-02;1.051289e-01;5.253744e-02;7.556089e-02;5.794933e-02;1.475382e-01;7.171538e-02;1.575957e-01;8.210969e-02;6.249924e-02;6.311795e-02
4.296911e-02;7.193223e-02;6.720380e-02;7.072774e-02;7.245377e-02;9.526031e-02;1.985842e-01;7.394300e-02;1.295248e-01;7.696844e-02;2.980649e-02;7.062611e-02
8.904906e-02;5.158493e-02;8.597305e-02;6.095680e-02;5.609547e-02;1.045300e-01;1.886684e-01;7.485427e-02;8.858403e-02;8.676051e-02;4.681819e-02;6.612529e-02
8.670839e-02;6.093232e-02;1.061321e-01;4.128391e-02;5.734561e-02;1.184289e-01;1.420332e-01;7.359596e-02;1.157213e-01;1.047882e-01;4.185702e-02;5.117315e-02
6.041692e-02;5.253030e-02;1.378424e-01;5.965174e-02;6.327506e-02;7.860119e-02;1.010645e-01;7.465059e-02;1.242104e-01;1.259906e-01;5.284646e-02;6.891984e-02
5.114268e-02;5.972921e-02;1.101541e-01;6.949681e-02;6.996876e-02;4.604838e-02;8.348095e-02;9.899069e-02;1.171699e-01;1.344600e-01;6.599379e-02;9.336466e-02
5.103381e-02;5.418174e-02;5.589280e-02;6.706465e-02;5.833450e-02;8.485963e-02;8.656843e-02;1.255720e-01;8.469205e-02;1.750531e-01;6.116203e-02;9.558524e-02
3.728670e-02;4.655969e-02;3.230197e-02;7.399976e-02;8.276591e-02;1.075190e-01;1.084455e-01;1.269023e-01;7.446411e-02;1.576681e-01;6.005656e-02;9.203036e-02
2.370526e-02;6.474508e-02;5.430042e-02;1.183849e-01;8.311399e-02;1.295584e-01;1.022547e-01;9.351064e-02;1.117290e-01;9.953070e-02;5.335254e-02;6.581438e-02
4.529476e-02;6.193893e-02;5.600625e-02;1.065610e-01;6.307989e-02;1.465952e-01;1.091177e-01;8.548594e-02;1.067545e-01;8.886521e-02;7.624668e-02;5.405406e-02
6.567502e-02;4.937838e-02;6.039206e-02;9.374552e-02;8.859852e-02;1.560535e-01;7.735614e-02;6.513372e-02;1.155553e-01;1.015179e-01;6.372418e-02;6.286982e-02
6.446375e-02;3.941482e-02;1.091029e-01;7.233977e-02;1.174360e-01;1.476357e-01;6.851286e-02;6.178823e-02;1.011229e-01;1.161827e-01;4.690071e-02;5.509963e-02
5.397709e-02;5.114047e-02;1.455251e-01;5.764949e-02;8.369474e-02;1.289140e-01;9.700351e-02;7.090797e-02;7.968760e-02;9.760802e-02;6.268870e-02;7.120328e-02
7.897940e-02;4.650473e-02;1.251233e-01;8.722810e-02;6.753525e-02;1.118680e-01;1.092755e-01;6.583503e-02;7.156310e-02;7.281023e-02;9.361605e-02;6.966127e-02
7.882828e-02;2.734201e-02;9.900700e-02;1.193546e-01;1.129236e-01;9.859163e-02;1.045146e-01;5.070978e-02;7.662272e-02;5.202503e-02;1.255754e-01;5.450528e-02
5.869910e-02;4.771146e-02;1.665131e-01;9.213850e-02;1.261552e-01;8.811490e-02;8.527500e-02;4.582684e-02;7.504905e-02;6.150779e-02;1.200733e-01;3.293572e-02
7.786789e-02;4.594690e-02;1.963098e-01;8.731184e-02;1.043125e-01;1.087326e-01;6.321004e-02;6.302083e-02;8.811544e-02;5.395105e-02;7.228416e-02;3.893695e-02
9.281524e-02;5.951840e-02;1.119600e-01;1.157163e-01;8.245324e-02;9.805848e-02;7.939629e-02;8.902679e-02;1.056387e-01;5.026552e-02;6.016776e-02;5.498330e-02
8.887959e-02;5.565647e-02;6.222394e-02;1.060013e-01;1.030408e-01;7.191887e-02;7.695920e-02;1.095821e-01;1.082869e-01;4.452815e-02;6.946791e-02;1.034548e-01
8.003942e-02;6.701007e-02;8.136330e-02;1.045086e-01;7.869074e-02;8.363245e-02;6.959189e-02;1.057810e-01;6.937332e-02;8.350354e-02;5.686189e-02;1.196438e-01
9.531055e-02;1.052983e-01;1.202812e-01;1.113172e-01;4.031349e-02;6.566264e-02;6.904923e-02;9.120138e-02;7.138267e-02;1.026995e-01;3.629370e-02;9.119017e-02
1.315332e-01;9.057905e-02;1.053732e-01;9.347972e-02;3.681588e-02;7.421630e-02;9.416437e-02;7.965719e-02;1.012262e-01;7.106713e-02;7.149599e-02;5.039186e-02
7.450797e-02;8.401469e-02;1.138563e-01;9.943029e-02;8.419684e-02;9.551060e-02;1.204296e-01;6.508534e-02;1.021501e-01;4.430894e-02;6.164180e-02;5.486754e-02
5.019949e-02;5.599728e-02;1.196981e-01;1.191989e-01;1.437859e-01;9.006329e-02;1.308310e-01;3.943838e-02;8.205086e-02;2.389573e-02;5.746307e-02;8.737808e-02
7.045667e-02;4.935529e-02;1.035517e-01;1.153126e-01;1.452908e-01;6.930695e-02;1.218686e-01;4.503489e-02;8.909999e-02;4.412017e-02;6.328745e-02;8.331506e-02
8.407910e-02;8.537948e-02;1.319123e-01;9.693447e-02;9.380822e-02;8.061898e-02;9.610665e-02;6.118777e-02;6.750929e-02;9.363425e-02;6.010951e-02;4.872000e-02
7.255556e-02;8.144129e-02;1.405504e-01;1.106867e-01;8.537929e-02;6.804565e-02;1.103752e-01;6.003721e-02;5.899241e-02;1.112613e-01;4.075401e-02;5.992108e-02
6.389019e-02;7.020665e-02;1.323035e-01;7.213435e-02;1.050816e-01;8.873481e-02;1.463476e-01;1.000381e-01;4.057685e-02;7.711795e-02;5.357948e-02;4.998891e-02
7.212947e-02;1.019211e-01;1.140882e-01;5.546894e-02;8.208130e-02;8.691791e-02;1.749143e-01;1.188179e-01;5.515021e-02;6.039826e-02;4.276692e-02;3.534549e-02
6.546193e-02;1.165166e-01;7.771052e-02;7.842831e-02;8.731438e-02;7.533134e-02;1.344309e-01;1.155255e-01;8.364910e-02;7.355821e-02;3.710107e-02;5.497210e-02
4.116079e-02;9.703828e-02;1.557732e-01;8.309142e-02;1.084766e-01;7.420339e-02;1.621437e-01;7.402946e-02;9.255485e-02;5.162937e-02;1.919933e-02;4.069966e-02
4.860282e-02;8.627887e-02;1.650768e-01;6.697045e-02;1.104478e-01;5.260833e-02;1.829735e-01;1.037892e-01;1.052482e-01;3.931932e-02;1.578831e-02;2.289641e-02
5.019353e-02;7.111743e-02;1.648589e-01;4.801816e-02;1.087176e-01;3.739401e-02;1.554184e-01;1.617168e-01;1.094919e-01;5.721904e-02;2.435890e-02;1.149534e-02
3.366683e-02;4.779410e-02;1.309005e-01;5.017022e-02;9.129032e-02;4.809416e-02;2.352378e-01;1.365117e-01;9.043278e-02;7.135407e-02;4.767634e-02;1.687114e-02
7.632175e-02;8.448941e-02;7.845555e-02;4.705283e-02;7.973879e-02;6.353240e-02;2.869752e-01;7.479735e-02;7.888579e-02;4.459824e-02;5.667651e-02;2.847617e-02
8.891014e-02;9.567478e-02;6.877422e-02;4.467481e-02;8.144218e-02;6.204673e-02;2.412950e-01;9.698660e-02;8.874372e-02;3.761443e-02;6.617791e-02;2.765948e-02
8.470548e-02;9.566922e-02;6.387036e-02;5.662951e-02;6.865456e-02;4.946688e-02;1.729415e-01;1.780692e-01;9.178434e-02;4.862455e-02;7.187954e-02;1.770479e-02
7.339685e-02;8.325881e-02;8.929979e-02;6.077463e-02;4.838095e-02;5.483150e-02;1.502264e-01;1.896486e-01;9.634262e-02;5.277419e-02;5.077180e-02;5.029398e-02
5.107535e-02;5.059308e-02;7.808329e-02;6.244355e-02;3.418077e-02;7.843360e-02;1.651181e-01;1.547491e-01;1.167920e-01;5.062646e-02;6.665174e-02;9.125298e-02
3.937042e-02;3.782873e-02;9.169221e-02;8.159267e-02;4.571803e-02;9.289209e-02;1.070347e-01;2.008233e-01;8.731313e-02;5.851729e-02;6.484807e-02;9.236933e-02
6.040110e-02;3.500275e-02;8.558118e-02;1.033634e-01;5.684731e-02;8.055075e-02;8.257999e-02;1.810408e-01;1.126727e-01;8.320203e-02;7.137974e-02;4.737821e-02
6.671588e-02;2.897355e-02;7.861681e-02;8.735474e-02;6.703351e-02;8.607420e-02;8.033270e-02;1.007882e-01;1.348573e-01;1.277954e-01;8.753930e-02;5.391846e-02
4.289577e-02;6.929691e-02;7.916715e-02;5.804406e-02;8.962242e-02;1.016083e-01;9.533804e-02;1.244592e-01;1.187962e-01;1.088348e-01;5.780927e-02;5.412790e-02
2.592664e-02;1.006014e-01;6.451277e-02;4.902085e-02;1.138533e-01;9.560123e-02;9.196867e-02;1.765017e-01;8.833310e-02;6.683064e-02;6.004116e-02;6.680847e-02
4.163884e-02;9.621084e-02;5.886865e-02;6.428036e-02;1.123498e-01;9.398345e-02;6.926347e-02;1.867402e-01;1.037907e-01;5.081086e-02;6.649718e-02;5.556570e-02
7.479262e-02;6.959664e-02;5.470564e-02;7.534585e-02;6.806771e-02;7.614584e-02;1.270668e-01;1.374038e-01;1.140196e-01;7.865488e-02;7.479344e-02;4.940723e-02
9.873471e-02;3.988075e-02;6.159259e-02;9.171843e-02;3.807959e-02;8.155184e-02;1.508842e-01;8.910257e-02;8.420373e-02;1.197338e-01;6.490738e-02;7.961041e-02
8.947663e-02;3.463780e-02;5.575355e-02;1.032087e-01;8.240090e-02;1.029548e-01;1.543698e-01;6.887317e-02;6.927323e-02;1.193906e-01;3.049372e-02;8.916700e-02
7.768891e-02;6.933553e-02;8.904399e-02;9.007230e-02;1.166502e-01;9.800789e-02;1.109755e-01;5.295836e-02;5.514248e-02;9.414759e-02;4.241217e-02;1.035650e-01
6.137554e-02;6.796081e-02;1.259563e-01;5.900439e-02;1.244557e-01;7.728218e-02;9.454354e-02;7.733046e-02;7.690646e-02;6.909478e-02;7.125126e-02;9.483856e-02
5.107821e-02;6.981554e-02;1.400800e-01;4.963206e-02;9.491849e-02;5.548465e-02;1.202760e-01;7.987064e-02;8.612051e-02;7.474183e-02;1.076901e-01;7.029200e-02
4.710985e-02;1.049858e-01;1.429876e-01;4.510159e-02;5.431149e-02;9.091561e-02;9.083065e-02;1.040772e-01;7.650920e-02;6.311473e-02;1.298125e-01;5.024378e-02
3.845282e-02;8.693400e-02;1.358401e-01;3.930993e-02;5.722565e-02;1.043907e-01;1.535655e-01;9.847797e-02;6.842640e-02;8.490631e-02;8.833418e-02;4.413638e-02
7.903119e-02;5.844221e-02;9.604264e-02;5.689963e-02;6.768265e-02;1.277781e-01;1.982124e-01;8.139692e-02;6.281529e-02;9.571972e-02;4.470653e-02;3.127258e-02
1.006268e-01;4.767457e-02;5.155480e-02;5.861270e-02;6.946276e-02;1.758037e-01;2.170754e-01;8.547784e-02;3.402964e-02;1.022964e-01;3.353130e-02;2.385409e-02
1.106392e-01;3.487665e-02;1.980529e-02;4.391646e-02;7.352799e-02;2.258305e-01;2.107632e-01;1.351079e-01;2.060172e-02;8.339335e-02;2.003209e-02;2.150550e-02
1.172282e-01;2.622868e-02;1.769773e-02;2.850104e-02;9.761472e-02;2.700205e-01;1.673216e-01;1.514939e-01;3.637298e-02;5.926864e-02;1.307704e-02;1.517504e-02
1.235772e-01;2.727948e-02;2.435064e-02;2.044197e-02;1.269672e-01;2.816644e-01;1.473235e-01;1.158240e-01;3.958385e-02;5.343854e-02;2.302918e-02;1.651998e-02
1.278595e-01;2.182011e-02;2.212109e-02;1.989169e-02;1.225071e-01;2.548996e-01;1.658488e-01;1.029779e-01;4.078786e-02;8.238590e-02;2.074630e-02;1.815415e-02
1.234698e-01;2.643804e-02;1.379329e-02;1.777432e-02;9.486305e-02;2.352908e-01;1.914935e-01;8.476019e-02;5.572963e-02;1.180362e-01;1.321532e-02;2.513577e-02
1.208834e-01;3.401885e-02;1.344202e-02;1.817788e-02;8.567375e-02;2.265453e-01;1.944396e-01;8.737990e-02;4.663022e-02;1.011723e-01;2.366011e-02;4.797662e-02
1.324730e-01;4.544471e-02;1.390886e-02;1.415798e-02;9.941644e-02;2.150037e-01;1.866858e-01;8.113565e-02;3.598739e-02;5.673804e-02;4.030449e-02;7.874388e-02
1.477945e-01;9.788455e-02;2.090506e-02;1.454342e-02;1.076692e-01;2.092848e-01;1.847862e-01;6.496360e-02;3.234456e-02;2.644080e-02;2.874490e-02;6.463841e-02
1.147812e-01;1.777276e-01;6.012451e-02;3.157724e-02;1.062949e-01;1.699887e-01;1.699816e-01;5.081176e-02;3.100331e-02;2.892081e-02;2.263000e-02;3.615835e-02
6.550292e-02;1.705238e-01;1.284159e-01;6.467208e-02;1.302198e-01;1.149979e-01;1.481463e-01;3.242475e-02;4.812242e-02;3.072350e-02;3.238489e-02;3.386573e-02
4.628035e-02;8.243982e-02;1.809678e-01;8.400382e-02;1.576199e-01;1.203065e-01;1.412066e-01;3.795982e-02;5.923215e-02;3.125308e-02;2.647330e-02;3.225685e-02
4.332964e-02;4.636119e-02;1.794954e-01;1.003286e-01;1.453557e-01;1.262020e-01;1.703716e-01;3.526828e-02;5.037219e-02;4.721158e-02;2.381890e-02;3.188500e-02
5.391797e-02;3.722646e-02;1.544480e-01;1.110315e-01;1.013502e-01;1.238097e-01;1.929364e-01;5.171048e-02;3.994737e-02;7.409792e-02;2.985243e-02;2.967155e-02
9.230129e-02;4.729239e-02;1.192832e-01;8.273481e-02;7.035473e-02;1.240717e-01;1.672070e-01;8.201315e-02;3.982083e-02;8.925698e-02;3.270881e-02;5.295514e-02
1.036077e-01;4.411737e-02;1.009316e-01;6.329639e-02;7.741755e-02;1.323689e-01;1.459218e-01;9.508054e-02;4.487000e-02;6.325012e-02;3.326550e-02;9.587264e-02
8.058624e-02;4.752437e-02;1.487111e-01;4.975574e-02;8.966461e-02;1.177848e-01;1.320551e-01;8.458783e-02;4.453409e-02;8.331712e-02;4.080454e-02;8.067454e-02
6.492224e-02;6.145039e-02;2.117213e-01;4.125539e-02;9.585882e-02;8.289278e-02;1.312303e-01;8.414632e-02;3.979190e-02;9.790233e-02;3.215770e-02;5.667059e-02
8.808059e-02;6.763602e-02;2.065279e-01;5.330543e-02;9.485305e-02;7.146677e-02;1.481072e-01;8.488663e-02;3.769038e-02;6.889489e-02;2.974235e-02;4.880876e-02
8.700980e-02;8.222480e-02;1.287307e-01;6.205831e-02;6.731378e-02;7.082037e-02;1.634877e-01;6.665009e-02;1.207025e-01;7.964900e-02;3.934084e-02;3.201206e-02
6.765223e-02;9.268373e-02;1.282199e-01;6.507397e-02;5.871754e-02;4.228988e-02;1.233366e-01;8.577330e-02;1.655310e-01;8.976994e-02;3.817924e-02;4.277268e-02
5.900864e-02;7.468504e-02;1.153067e-01;7.363028e-02;5.058478e-02;4.369494e-02;1.358624e-01;9.307843e-02;1.685716e-01;8.569900e-02;4.703090e-02;5.284730e-02
4.690003e-02;5.429262e-02;8.899086e-02;7.765263e-02;4.134003e-02;5.895724e-02;1.514203e-01;1.076230e-01;1.907035e-01;6.681467e-02;5.937115e-02;5.593392e-02
2.638691e-02;4.816446e-02;1.029509e-01;6.707470e-02;5.380756e-02;7.588851e-02;1.607255e-01;1.157530e-01;1.871326e-01;4.554721e-02;6.463854e-02;5.193016e-02
3.470685e-02;1.044748e-01;1.725560e-01;6.983179e-02;1.315466e-01;1.029638e-01;1.375908e-01;7.140876e-02;7.105392e-02;3.774321e-02;3.650609e-02;2.961738e-02
3.741341e-02;1.266098e-01;1.974727e-01;7.004463e-02;1.541169e-01;9.654901e-02;1.158314e-01;4.686951e-02;4.194474e-02;4.106529e-02;4.161142e-02;3.047108e-02
4.642149e-02;1.279396e-01;1.827068e-01;8.564283e-02;1.444691e-01;7.634776e-02;8.697543e-02;3.200179e-02;4.385505e-02;5.628572e-02;7.598383e-02;4.137053e-02
4.926971e-02;9.402705e-02;1.808868e-01;9.966618e-02;1.148009e-01;6.822745e-02;1.000787e-01;2.318222e-02;6.095547e-02;6.226950e-02;1.005128e-01;4.612323e-02
5.725335e-02;4.866305e-02;2.942009e-01;6.527386e-02;1.100041e-01;7.681175e-02;6.476996e-02;1.969935e-02;1.144936e-01;7.737985e-02;4.165219e-02;2.979812e-02
6.407460e-02;3.185513e-02;2.617023e-01;7.771797e-02;1.281060e-01;6.028986e-02;7.158788e-02;3.813597e-02;1.035595e-01;7.584479e-02;5.414705e-02;3.297897e-02
6.440309e-02;4.266376e-02;1.784303e-01;8.217755e-02;1.114125e-01;8.311649e-02;9.505069e-02;7.535943e-02;9.232980e-02;5.726068e-02;7.183700e-02;4.595868e-02
6.066333e-02;5.563853e-02;2.201976e-01;9.854651e-02;8.969715e-02;7.140915e-02;8.937481e-02;1.099127e-01;6.725580e-02;5.253562e-02;6.419411e-02;2.057461e-02
5.918880e-02;5.484898e-02;1.998895e-01;5.257117e-02;1.152838e-01;5.140096e-02;1.005021e-01;1.174097e-01;6.544246e-02;9.285497e-02;5.737537e-02;3.323218e-02
5.388050e-02;6.732363e-02;1.695625e-01;4.799790e-02;1.220115e-01;5.375478e-02;6.340262e-02;1.074864e-01;7.891018e-02;1.256994e-01;7.070848e-02;3.926209e-02
6.362525e-02;6.881303e-02;1.918971e-01;6.462301e-02;1.006958e-01;7.646111e-02;5.708941e-02;7.788131e-02;9.322552e-02;1.054231e-01;6.534840e-02;3.491690e-02
8.523051e-02;7.546610e-02;1.683199e-01;7.693741e-02;1.043481e-01;5.796405e-02;7.717612e-02;9.016483e-02;9.722598e-02;6.949273e-02;5.533841e-02;4.233595e-02
9.307872e-02;5.159910e-02;1.590270e-01;5.771494e-02;1.095427e-01;5.977627e-02;9.160923e-02;1.070436e-01;8.763561e-02;6.436750e-02;7.310399e-02;4.550136e-02
3.143902e-02;5.953933e-02;1.941018e-01;4.439837e-02;6.967178e-02;9.450922e-02;1.709959e-01;9.095355e-02;9.194607e-02;4.982322e-02;5.908805e-02;4.353371e-02
5.556674e-02;5.009114e-02;2.039275e-01;1.198170e-01;1.037677e-01;8.603459e-02;1.427433e-01;7.904021e-02;3.594935e-02;4.591074e-02;5.442933e-02;2.272243e-02
3.313397e-02;4.743057e-02;1.763001e-01;1.460987e-01;1.229356e-01;8.785606e-02;1.539251e-01;5.913391e-02;4.882601e-02;3.730923e-02;5.845043e-02;2.860031e-02
2.532568e-02;4.998272e-02;1.170496e-01;1.376809e-01;1.109168e-01;1.613778e-01;1.582155e-01;4.053565e-02;9.499471e-02;2.035077e-02;3.838380e-02;4.518601e-02
2.394510e-02;5.900565e-02;5.098365e-02;1.132515e-01;6.858602e-02;2.398331e-01;1.419191e-01;2.704899e-02;1.662561e-01;4.527592e-02;6.844526e-03;5.705022e-02
1.812615e-02;6.726389e-02;4.160791e-02;9.589204e-02;3.250754e-02;2.797258e-01;7.998049e-02;2.044221e-02;2.501383e-01;4.297017e-02;2.275836e-02;4.858713e-02
1.626097e-02;7.543659e-02;4.385774e-02;9.189060e-02;3.630626e-02;3.036155e-01;3.612019e-02;1.779041e-02;2.858265e-01;2.905643e-02;1.458320e-02;4.925568e-02
1.814894e-02;7.917234e-02;4.147180e-02;8.582568e-02;4.088940e-02;3.018512e-01;3.855489e-02;2.645012e-02;2.542414e-01;1.697245e-02;1.594052e-02;8.048122e-02
1.888432e-02;8.390341e-02;3.603614e-02;8.069076e-02;4.322904e-02;2.899214e-01;4.622211e-02;2.002113e-02;2.165294e-01;3.585020e-02;1.607260e-02;1.126395e-01
2.104859e-02;8.940700e-02;4.124875e-02;8.117876e-02;4.264437e-02;2.761078e-01;5.820499e-02;1.391257e-02;1.987408e-01;1.889343e-02;1.423195e-02;1.443810e-01
1.466048e-02;8.748241e-02;4.208261e-02;7.083619e-02;3.438864e-02;2.657629e-01;6.298098e-02;1.465458e-02;1.892416e-01;1.956567e-02;2.743388e-02;1.709100e-01
1.215468e-02;7.793173e-02;4.323264e-02;5.432880e-02;3.039431e-02;2.383468e-01;9.107209e-02;2.803957e-02;1.768840e-01;2.978041e-02;2.920359e-02;1.886314e-01
1.060741e-02;6.263335e-02;5.912316e-02;4.447128e-02;2.852994e-02;1.950394e-01;1.151862e-01;4.916073e-02;1.687529e-01;4.162734e-02;2.106898e-02;2.037993e-01
1.451410e-02;4.389476e-02;7.937170e-02;2.848004e-02;3.998046e-02;1.565423e-01;1.206543e-01;6.663276e-02;1.656895e-01;5.592414e-02;4.685067e-02;1.814653e-01
1.607916e-02;2.880084e-02;9.723394e-02;1.392109e-02;5.811575e-02;1.481313e-01;1.265080e-01;5.406048e-02;1.871977e-01;8.937398e-02;5.077057e-02;1.298072e-01
1.408561e-02;2.805679e-02;1.325927e-01;2.146828e-02;8.244804e-02;1.573593e-01;1.254606e-01;3.334405e-02;1.843270e-01;9.546983e-02;4.252768e-02;8.286003e-02
3.763677e-02;5.362086e-02;1.541887e-01;2.510044e-02;9.382179e-02;1.640590e-01;1.474161e-01;4.696970e-02;1.059313e-01;8.930239e-02;3.575108e-02;4.620180e-02
7.586140e-02;8.668263e-02;1.595520e-01;3.851772e-02;9.120933e-02;1.349494e-01;1.884606e-01;4.630600e-02;5.276214e-02;7.702968e-02;2.667297e-02;2.199614e-02
9.657817e-02;1.126730e-01;1.196069e-01;4.890671e-02;9.082653e-02;8.157346e-02;2.100347e-01;4.631026e-02;6.670406e-02;7.466801e-02;3.215444e-02;1.996370e-02
5.499285e-02;1.004008e-01;1.762615e-01;4.069214e-02;1.218877e-01;8.437080e-02;1.248825e-01;8.084887e-02;8.298256e-02;8.543186e-02;2.221880e-02;2.502955e-02
3.278806e-02;4.707655e-02;2.361767e-01;5.178336e-02;8.868863e-02;1.271132e-01;1.009051e-01;8.886034e-02;1.043753e-01;7.213024e-02;2.410447e-02;2.599802e-02
2.471000e-02;4.508784e-02;1.932074e-01;7.363577e-02;6.893390e-02;1.468322e-01;1.037049e-01;1.049748e-01;1.337566e-01;6.226213e-02;2.179300e-02;2.110156e-02
1.603048e-02;6.124611e-02;1.737209e-01;6.578051e-02;5.655078e-02;9.132536e-02;1.154029e-01;1.236354e-01;1.457213e-01;8.867253e-02;3.370337e-02;2.821042e-02
1.720561e-02;7.108257e-02;2.096904e-01;5.023310e-02;3.876456e-02;8.313671e-02;1.276130e-01;1.370999e-01;1.123316e-01;9.632911e-02;2.670833e-02;2.980509e-02
1.694964e-02;7.652143e-02;2.256693e-01;4.000776e-02;2.287709e-02;1.136116e-01;1.398986e-01;1.084002e-01;1.100468e-01;9.434962e-02;1.929789e-02;3.237000e-02
2.446273e-02;6.724388e-02;2.215577e-01;3.621938e-02;2.299087e-02;1.262488e-01;1.449045e-01;1.161445e-01;1.012085e-01;8.405106e-02;2.428479e-02;3.068336e-02
1.724521e-02;6.261653e-02;2.177264e-01;4.338081e-02;3.465428e-02;1.421692e-01;1.359707e-01;1.415996e-01;8.935907e-02;6.935751e-02;2.115999e-02;2.476062e-02
2.939241e-02;6.064836e-02;2.112690e-01;5.228804e-02;4.878770e-02;1.492913e-01;1.168872e-01;1.215154e-01;8.502389e-02;7.229906e-02;3.168596e-02;2.091174e-02
5.249399e-02;4.577293e-02;1.966614e-01;5.268707e-02;4.983541e-02;1.298104e-01;1.704837e-01;8.616395e-02;7.180144e-02;7.427239e-02;4.525986e-02;2.475754e-02
7.004391e-02;4.628272e-02;1.712898e-01;5.118557e-02;7.310209e-02;1.070309e-01;1.983280e-01;5.613795e-02;7.261271e-02;7.410578e-02;4.420357e-02;3.567696e-02
6.761557e-02;5.501243e-02;1.297041e-01;5.257314e-02;9.572290e-02;1.099949e-01;1.656043e-01;6.542887e-02;9.493868e-02;7.163800e-02;5.139189e-02;4.037512e-02
4.421081e-02;4.770579e-02;7.152931e-02;6.589364e-02;1.072942e-01;1.230987e-01;1.246148e-01;1.207829e-01;9.837731e-02;9.144541e-02;6.547040e-02;3.957676e-02
3.661036e-02;6.305896e-02;8.336291e-02;8.418957e-02;1.023282e-01;1.178429e-01;1.006034e-01;8.116046e-02;1.134498e-01;1.133174e-01;4.725628e-02;5.681967e-02
3.057737e-02;7.181216e-02;9.692661e-02;8.739352e-02;5.950757e-02;1.348304e-01;7.173225e-02;8.139966e-02;1.168933e-01;1.253667e-01;5.490586e-02;6.865454e-02
2.194555e-02;6.233245e-02;1.086394e-01;8.566874e-02;6.784917e-02;1.366967e-01;1.014998e-01;6.958006e-02;1.033874e-01;1.264189e-01;5.125751e-02;6.472442e-02
3.488414e-02;3.590794e-02;9.762687e-02;8.449917e-02;5.655138e-02;1.195466e-01;1.507131e-01;8.157587e-02;9.576067e-02;1.200420e-01;7.031789e-02;5.257450e-02
3.885075e-02;2.629362e-02;8.731143e-02;7.510948e-02;5.319527e-02;1.431793e-01;1.610742e-01;1.196178e-01;9.093632e-02;8.163975e-02;7.952563e-02;4.326637e-02
4.386349e-02;4.942473e-02;7.499035e-02;7.197154e-02;7.393589e-02;1.090544e-01;1.669096e-01;1.317175e-01;8.205926e-02;7.060087e-02;8.713653e-02;3.833581e-02
4.897228e-02;4.928278e-02;7.492848e-02;1.207013e-01;1.019347e-01;1.128691e-01;1.235236e-01;8.201231e-02;9.367985e-02;7.635942e-02;7.268576e-02;4.305045e-02
4.868886e-02;5.583780e-02;9.307364e-02;1.401471e-01;1.109843e-01;1.140878e-01;1.148487e-01;5.108212e-02;7.804487e-02;8.079664e-02;6.845608e-02;4.395210e-02
4.978794e-02;7.026862e-02;1.079447e-01;1.471100e-01;1.219726e-01;8.528277e-02;1.120912e-01;4.867747e-02;6.221326e-02;8.151801e-02;6.706501e-02;4.606843e-02
5.452643e-02;7.382768e-02;8.084647e-02;1.163525e-01;1.263699e-01;1.188809e-01;9.671251e-02;7.592860e-02;5.935915e-02;1.124058e-01;4.532918e-02;3.946095e-02
5.694477e-02;5.763844e-02;1.291088e-01;9.106284e-02;1.117750e-01;9.451008e-02;9.512254e-02;6.840981e-02;8.748841e-02;1.058237e-01;6.137895e-02;4.073676e-02
9.821043e-02;6.427760e-02;9.861324e-02;5.148685e-02;7.750276e-02;6.739366e-02;9.832994e-02;7.820426e-02;1.045705e-01;9.089430e-02;1.037102e-01;6.680631e-02
1.159051e-01;6.928572e-02;8.327897e-02;6.521641e-02;7.488269e-02;4.971199e-02;1.012785e-01;5.975331e-02;9.256615e-02;7.989533e-02;1.234418e-01;8.478402e-02
1.286372e-01;7.585866e-02;7.298932e-02;6.722102e-02;7.245071e-02;3.780222e-02;1.151259e-01;5.169044e-02;1.020128e-01;5.611531e-02;1.494490e-01;7.064734e-02
1.344552e-01;1.077173e-01;1.040855e-01;6.682432e-02;6.569821e-02;4.442473e-02;9.803025e-02;5.043110e-02;9.312338e-02;5.224543e-02;1.306301e-01;5.233454e-02
1.081855e-01;1.421579e-01;1.356265e-01;7.840015e-02;6.345259e-02;5.331857e-02;6.203907e-02;4.411897e-02;7.832200e-02;6.406460e-02;1.058432e-01;6.447090e-02
4.716960e-02;1.244408e-01;1.931766e-01;9.121663e-02;5.139167e-02;5.163962e-02;9.655758e-02;9.164965e-02;6.961560e-02;6.350619e-02;6.168966e-02;5.794646e-02
8.283388e-02;3.823363e-02;2.277134e-01;8.433581e-02;5.867262e-02;6.298865e-02;1.405731e-01;7.133640e-02;5.842703e-02;8.098711e-02;5.905477e-02;3.484358e-02
5.899452e-02;3.613838e-02;2.849053e-01;5.578175e-02;6.220472e-02;7.970703e-02;1.442122e-01;4.695617e-02;6.673016e-02;8.521287e-02;4.498319e-02;3.417363e-02
2.698050e-02;4.834902e-02;3.014348e-01;3.664465e-02;5.676135e-02;7.189491e-02;1.744442e-01;3.901628e-02;1.058923e-01;8.189394e-02;2.763565e-02;2.905231e-02
2.656292e-02;6.672750e-02;2.345394e-01;4.176323e-02;3.759493e-02;1.253500e-01;1.753878e-01;4.030803e-02;1.433383e-01;6.626751e-02;2.759271e-02;1.456767e-02
2.569610e-02;8.641230e-02;1.709033e-01;3.480424e-02;4.627074e-02;2.150544e-01;1.394452e-01;4.635904e-02;1.530032e-01;4.350923e-02;2.175333e-02;1.678889e-02
3.382816e-02;9.892272e-02;1.585478e-01;3.518202e-02;7.306102e-02;2.721091e-01;8.664654e-02;2.446114e-02;1.389937e-01;3.176798e-02;1.520063e-02;3.127912e-02
3.618781e-02;1.104295e-01;2.091912e-01;4.154192e-02;8.924311e-02;2.512875e-01;5.124857e-02;1.983686e-02;1.119710e-01;3.182521e-02;1.027018e-02;3.696715e-02
4.189732e-02;1.248394e-01;2.583633e-01;3.322790e-02;7.613827e-02;1.992407e-01;5.722546e-02;3.019296e-02;8.479356e-02;4.350125e-02;9.662089e-03;4.091782e-02
3.431735e-02;1.480923e-01;3.005129e-01;3.559338e-02;5.047968e-02;1.349679e-01;7.279450e-02;5.010205e-02;6.820086e-02;4.774257e-02;1.798898e-02;3.920759e-02
3.590153e-02;1.386284e-01;3.701143e-01;3.255956e-02;4.711605e-02;6.718779e-02;9.311003e-02;3.885496e-02;6.020868e-02;6.228944e-02;2.596940e-02;2.805989e-02
2.564427e-02;1.071709e-01;4.210255e-01;4.284740e-02;5.546583e-02;5.120350e-02;1.106264e-01;2.445261e-02;4.395864e-02;7.950298e-02;2.206103e-02;1.604091e-02
3.202991e-02;8.371801e-02;4.089219e-01;6.474746e-02;5.894212e-02;3.087732e-02;1.093926e-01;4.088268e-02;4.919956e-02;7.111066e-02;3.231314e-02;1.786468e-02
3.077478e-02;5.680020e-02;3.336922e-01;9.617892e-02;5.953053e-02;4.421365e-02;8.536385e-02;6.365728e-02;6.849112e-02;7.729054e-02;6.079699e-02;2.320998e-02
2.469015e-02;3.668355e-02;2.689738e-01;1.011930e-01;7.025345e-02;8.155516e-02;8.511037e-02;1.016828e-01;5.805103e-02;6.130195e-02;8.838362e-02;2.212116e-02
1.877234e-02;4.300169e-02;2.316103e-01;9.051049e-02;7.812440e-02;9.430933e-02;8.592089e-02;1.145605e-01;8.582377e-02;5.504259e-02;8.349301e-02;1.883070e-02
2.302709e-02;6.082620e-02;1.780963e-01;8.151226e-02;1.204793e-01;9.370775e-02;6.382696e-02;9.632402e-02;1.374084e-01;7.779666e-02;5.028575e-02;1.670928e-02
4.323717e-02;5.865845e-02;2.110195e-01;6.182986e-02;1.438434e-01;6.787848e-02;5.858634e-02;7.500632e-02;1.434405e-01;1.028248e-01;2.311798e-02;1.055709e-02
4.180868e-02;5.646925e-02;2.556972e-01;5.445325e-02;1.469201e-01;6.001219e-02;5.726781e-02;6.313714e-02;1.310574e-01;9.325292e-02;2.419416e-02;1.572989e-02
4.333905e-02;5.728020e-02;2.405691e-01;4.345659e-02;1.454737e-01;5.868055e-02;6.168848e-02;5.410710e-02;1.704439e-01;6.941248e-02;3.554844e-02;2.000043e-02
4.683330e-02;7.216251e-02;1.797634e-01;4.314742e-02;1.447865e-01;6.546348e-02;6.229844e-02;6.619590e-02;1.897222e-01;6.872062e-02;3.691820e-02;2.398804e-02
5.182475e-02;7.928433e-02;1.008510e-01;6.112945e-02;1.398688e-01;7.777920e-02;1.207317e-01;1.046520e-01;1.361924e-01;4.912403e-02;4.444122e-02;3.412119e-02
3.228546e-02;5.833771e-02;7.562926e-02;1.088732e-01;1.294665e-01;9.889662e-02;1.355531e-01;1.361689e-01;8.846652e-02;2.650827e-02;6.848405e-02;4.133050e-02
2.046085e-02;4.021133e-02;1.064814e-01;1.498073e-01;1.199232e-01;1.244425e-01;8.888704e-02;1.616241e-01;6.082965e-02;1.230078e-02;7.959156e-02;3.544036e-02
3.870172e-02;3.262556e-02;1.215184e-01;1.484038e-01;8.307499e-02;1.642735e-01;8.030837e-02;1.752619e-01;2.894601e-02;2.285773e-02;7.429614e-02;2.973191e-02
7.773148e-02;1.980707e-02;1.457086e-01;9.042166e-02;5.948334e-02;1.576626e-01;1.530387e-01;1.300503e-01;4.787114e-02;4.260305e-02;5.016171e-02;2.546041e-02
9.372526e-02;2.343480e-02;1.663866e-01;4.907983e-02;9.457029e-02;1.008535e-01;2.285854e-01;7.907829e-02;4.240675e-02;6.315833e-02;3.070997e-02;2.801104e-02
6.965896e-02;1.867969e-02;1.580937e-01;3.422967e-02;1.272116e-01;6.150253e-02;2.552590e-01;7.312344e-02;4.450275e-02;7.099880e-02;3.619966e-02;5.054010e-02
4.186632e-02;3.817138e-02;1.250980e-01;4.373853e-02;1.024626e-01;8.863874e-02;2.046980e-01;5.519691e-02;7.895222e-02;6.682321e-02;6.740452e-02;8.694956e-02
3.976686e-02;8.090885e-02;1.011474e-01;8.396143e-02;5.169461e-02;1.250124e-01;1.063047e-01;5.055857e-02;1.294466e-01;4.978910e-02;7.402955e-02;1.073800e-01
3.137545e-02;9.120560e-02;1.174236e-01;9.705503e-02;5.770723e-02;1.141392e-01;8.674224e-02;5.141138e-02;1.423680e-01;4.075912e-02;7.402628e-02;9.578682e-02
6.578995e-02;6.101516e-02;1.283859e-01;6.390449e-02;9.650750e-02;6.585083e-02;1.240635e-01;9.958256e-02;1.169870e-01;3.636185e-02;8.042294e-02;6.112835e-02
8.334026e-02;3.922842e-02;1.033161e-01;5.894613e-02;1.011551e-01;7.476968e-02;1.370354e-01;1.142023e-01;9.256262e-02;6.538276e-02;7.367386e-02;5.638742e-02
5.831226e-02;5.052624e-02;5.792037e-02;9.595890e-02;6.739915e-02;8.680184e-02;2.026375e-01;9.325552e-02;6.500832e-02;8.812267e-02;4.897961e-02;8.507765e-02
3.028886e-02;6.185178e-02;4.797981e-02;1.078238e-01;4.081529e-02;7.898783e-02;2.900967e-01;7.129613e-02;5.086171e-02;6.667756e-02;4.111401e-02;1.122065e-01
1.915408e-02;7.295754e-02;5.518822e-02;8.366992e-02;5.406358e-02;7.430337e-02;3.031831e-01;6.521470e-02;6.612593e-02;3.827828e-02;4.477189e-02;1.230894e-01
1.432020e-02;6.923446e-02;7.662591e-02;3.870435e-02;8.251809e-02;6.965416e-02;2.661609e-01;6.880611e-02;1.198613e-01;3.619402e-02;5.734827e-02;1.005722e-01
3.082085e-02;4.923223e-02;9.980796e-02;3.555457e-02;1.138572e-01;7.379420e-02;2.309157e-01;6.349557e-02;1.521161e-01;3.083189e-02;6.379722e-02;5.577661e-02
4.896649e-02;2.632713e-02;1.045201e-01;3.184100e-02;1.128184e-01;8.949342e-02;2.183656e-01;3.867187e-02;1.816896e-01;3.816838e-02;9.450193e-02;1.463616e-02
6.647605e-02;4.352158e-02;1.061127e-01;3.220284e-02;7.363426e-02;1.050580e-01;1.584015e-01;4.540943e-02;1.783548e-01;4.784417e-02;1.082404e-01;3.474424e-02
9.202562e-02;2.926624e-02;1.080095e-01;3.444101e-02;6.272960e-02;1.154659e-01;1.248851e-01;4.801579e-02;1.845256e-01;7.069920e-02;9.900958e-02;3.092684e-02
1.202270e-01;2.781995e-02;1.023725e-01;3.921535e-02;4.481828e-02;1.186766e-01;1.114169e-01;5.623847e-02;1.624610e-01;6.722312e-02;1.125041e-01;3.702673e-02
1.344756e-01;3.148741e-02;8.841860e-02;3.791105e-02;3.622253e-02;1.332955e-01;9.594252e-02;7.160562e-02;1.428181e-01;5.518271e-02;1.400704e-01;3.256996e-02
