9.362232e-02;5.120455e-02;1.077101e-01;4.110256e-02;4.553015e-02;7.028963e-02;7.819787e-02;5.039405e-02;8.245783e-02;1.160484e-01;1.360206e-01;1.274220e-01
8.728925e-02;4.964077e-02;1.108588e-01;4.153874e-02;5.038304e-02;4.997478e-02;1.106543e-01;5.368753e-02;7.180021e-02;1.221368e-01;1.205744e-01;1.314614e-01
8.572990e-02;5.069498e-02;9.466325e-02;3.646645e-02;5.160025e-02;4.048459e-02;1.135601e-01;8.162036e-02;7.475245e-02;1.164236e-01;1.295565e-01;1.244476e-01
9.847254e-02;5.664604e-02;8.891650e-02;3.586587e-02;5.384554e-02;3.769799e-02;1.004206e-01;1.003976e-01;6.942796e-02;9.225573e-02;1.365451e-01;1.295085e-01
1.175642e-01;6.431559e-02;9.108064e-02;5.090942e-02;5.803094e-02;4.366552e-02;7.284997e-02;1.036490e-01;7.982416e-02;8.402631e-02;1.013631e-01;1.327211e-01
1.423507e-01;6.873785e-02;8.581976e-02;5.995480e-02;7.230116e-02;4.050005e-02;9.511819e-02;1.189079e-01;3.962849e-02;5.628761e-02;8.608256e-02;1.343109e-01
1.323790e-01;6.479114e-02;8.829136e-02;3.965047e-02;6.702454e-02;2.276179e-02;9.604355e-02;1.210150e-01;5.900599e-02;5.827207e-02;1.370252e-01;1.137399e-01
1.180475e-01;5.356587e-02;8.127914e-02;3.643693e-02;7.670433e-02;1.953666e-02;9.502204e-02;1.091147e-01;6.444965e-02;8.827371e-02;1.585301e-01;9.903944e-02
1.273569e-01;8.807751e-02;6.173077e-02;4.338266e-02;8.359643e-02;2.132599e-02;1.107386e-01;1.068204e-01;6.674076e-02;8.458529e-02;1.085135e-01;9.713127e-02
1.408798e-01;9.977428e-02;6.618625e-02;4.750313e-02;5.399355e-02;3.111917e-02;1.499345e-01;7.823754e-02;6.326425e-02;9.119964e-02;6.323452e-02;1.146734e-01
1.066917e-01;8.207721e-02;5.969384e-02;4.974987e-02;5.263775e-02;4.828853e-02;1.604148e-01;3.098651e-02;6.167593e-02;1.448093e-01;7.473455e-02;1.282401e-01
1.447785e-01;8.248924e-02;5.680331e-02;2.590721e-02;3.787471e-02;2.075984e-02;5.984846e-02;7.201751e-02;8.688952e-02;1.031998e-01;1.494453e-01;1.599866e-01
1.624971e-01;9.085365e-02;6.789144e-02;1.954760e-02;3.756086e-02;2.791411e-02;4.305935e-02;6.533440e-02;7.532284e-02;1.012197e-01;1.401654e-01;1.686335e-01
1.593201e-01;8.561100e-02;1.118063e-01;3.814298e-02;5.351845e-02;2.774205e-02;6.334157e-02;7.895378e-02;7.124972e-02;9.052321e-02;1.009048e-01;1.188861e-01
1.210717e-01;4.984201e-02;1.500784e-01;6.761764e-02;6.526396e-02;5.255781e-02;1.005951e-01;7.544909e-02;1.235001e-01;8.376399e-02;5.002045e-02;6.023964e-02
9.354281e-02;5.516924e-02;1.159522e-01;5.572766e-02;5.794024e-02;7.045685e-02;1.040786e-01;4.900426e-02;1.745502e-01;9.291558e-02;7.437602e-02;5.628626e-02
1.002022e-01;5.173353e-02;6.265081e-02;4.442162e-02;4.965484e-02;6.508093e-02;6.257696e-02;1.273687e-01;1.861527e-01;9.746888e-02;1.061682e-01;4.652067e-02
8.675843e-02;2.550185e-02;4.044480e-02;4.344794e-02;3.118126e-02;6.779997e-02;1.337279e-01;1.316123e-01;1.661427e-01;1.687655e-01;7.242869e-02;3.218878e-02
6.777496e-02;1.480865e-02;3.765691e-02;5.324540e-02;3.206024e-02;7.114761e-02;1.849129e-01;1.112833e-01;1.910203e-01;1.599595e-01;3.249530e-02;4.363494e-02
8.186427e-02;1.571697e-02;7.851323e-02;6.698943e-02;3.424039e-02;8.074412e-02;1.820022e-01;1.226423e-01;1.599325e-01;9.480226e-02;2.522964e-02;5.732265e-02
9.389943e-02;3.906932e-02;1.285621e-01;7.818980e-02;1.822018e-02;9.002266e-02;1.543190e-01;1.006710e-01;1.337698e-01;7.075679e-02;3.842819e-02;5.409170e-02
9.273222e-02;4.859838e-02;1.870971e-01;8.436570e-02;3.067118e-02;8.232214e-02;1.310764e-01;9.108405e-02;1.091079e-01;5.438590e-02;5.311659e-02;3.544242e-02
5.564542e-02;5.448725e-02;1.927106e-01;8.171277e-02;5.103263e-02;6.187936e-02;1.660987e-01;8.720952e-02;8.158124e-02;6.709486e-02;5.885166e-02;4.169597e-02
8.384663e-02;4.856923e-02;1.652589e-01;6.599043e-02;5.716069e-02;7.179667e-02;1.760218e-01;6.670751e-02;7.369802e-02;8.282854e-02;6.046660e-02;4.765506e-02
1.001133e-01;4.824910e-02;1.561476e-01;5.915449e-02;5.766520e-02;7.005595e-02;2.137788e-01;6.567141e-02;6.041793e-02;6.367303e-02;7.275401e-02;3.231918e-02
7.425811e-02;4.315321e-02;1.729194e-01;4.341622e-02;4.652877e-02;5.129184e-02;2.681668e-01;8.890381e-02;6.081393e-02;5.304570e-02;4.979183e-02;4.771036e-02
1.522654e-01;7.313237e-02;1.216567e-01;6.355298e-02;3.835834e-02;4.865173e-02;2.433512e-01;7.203613e-02;4.996369e-02;4.223168e-02;3.628288e-02;5.851692e-02
2.248684e-01;9.011908e-02;7.608486e-02;6.574260e-02;4.760972e-02;4.835055e-02;1.619818e-01;7.480013e-02;7.875507e-02;5.496383e-02;3.166621e-02;4.505776e-02
2.309023e-01;9.259098e-02;3.730419e-02;5.941232e-02;6.741097e-02;5.100052e-02;1.143416e-01;7.872855e-02;1.095401e-01;6.728057e-02;3.462254e-02;5.686539e-02
1.653274e-01;6.498719e-02;7.404566e-02;7.326313e-02;6.933717e-02;4.273337e-02;1.379598e-01;8.049899e-02;9.568685e-02;7.488167e-02;5.046264e-02;7.081616e-02
1.208906e-01;4.167989e-02;1.235471e-01;7.191232e-02;6.478568e-02;6.090754e-02;1.385830e-01;6.634180e-02;8.337661e-02;8.703827e-02;7.481375e-02;6.612336e-02
8.840775e-02;6.354298e-02;1.428914e-01;5.834168e-02;6.020274e-02;7.911341e-02;1.069160e-01;5.813386e-02;9.172459e-02;1.129379e-01;7.650419e-02;6.128356e-02
1.059425e-01;5.601050e-02;1.296033e-01;6.013021e-02;5.597122e-02;8.154412e-02;1.005701e-01;8.002117e-02;7.388838e-02;1.184782e-01;6.848325e-02;6.935705e-02
1.110597e-01;7.792765e-02;9.337627e-02;7.340004e-02;4.836558e-02;7.785122e-02;1.220866e-01;7.049661e-02;8.713108e-02;8.682045e-02;9.012127e-02;6.136353e-02
8.156043e-02;8.508362e-02;9.164365e-02;7.285852e-02;4.404866e-02;5.680507e-02;1.447932e-01;6.576845e-02;8.462276e-02;1.058675e-01;7.993154e-02;8.701654e-02
6.084935e-02;6.423709e-02;1.238502e-01;6.494363e-02;6.795837e-02;3.006936e-02;1.665339e-01;6.601689e-02;5.884071e-02;1.271856e-01;7.367840e-02;9.583647e-02
7.855199e-02;7.333138e-02;1.200598e-01;7.316742e-02;8.841116e-02;3.611767e-02;1.641349e-01;3.350722e-02;7.097714e-02;1.234048e-01;5.963622e-02;7.870030e-02
1.296203e-01;7.787514e-02;6.695436e-02;6.427719e-02;7.529997e-02;5.226016e-02;1.609048e-01;7.071361e-02;6.760918e-02;1.077247e-01;4.850821e-02;7.825239e-02
1.310098e-01;7.631259e-02;9.607269e-02;5.187874e-02;6.537862e-02;6.336785e-02;1.381269e-01;8.063500e-02;8.823823e-02;8.117189e-02;6.683035e-02;6.097734e-02
9.949546e-02;6.575941e-02;8.897689e-02;7.127941e-02;8.294903e-02;9.114150e-02;1.319371e-01;6.393834e-02;6.841297e-02;5.722589e-02;8.796235e-02;9.092171e-02
7.359339e-02;9.404111e-02;5.662680e-02;5.679277e-02;9.031673e-02;1.268184e-01;8.397509e-02;5.736401e-02;6.251162e-02;5.860145e-02;1.323297e-01;1.070290e-01
8.033325e-02;9.430404e-02;5.129970e-02;3.844615e-02;7.195063e-02;1.042049e-01;7.416519e-02;5.603059e-02;7.881656e-02;7.807684e-02;1.688706e-01;1.035016e-01
1.039524e-01;8.868571e-02;1.173258e-01;7.421298e-02;4.760657e-02;7.382747e-02;8.703484e-02;5.164609e-02;6.338873e-02;7.977118e-02;1.268541e-01;8.569419e-02
9.960776e-02;6.733622e-02;2.426772e-01;8.226570e-02;5.617302e-02;4.448890e-02;1.045968e-01;5.059149e-02;5.104617e-02;6.543056e-02;8.691032e-02;4.887576e-02
1.395697e-01;9.000160e-02;2.502656e-01;7.053318e-02;6.547910e-02;3.950789e-02;7.789947e-02;5.667914e-02;4.573306e-02;4.941783e-02;7.148743e-02;4.342600e-02
1.928135e-01;1.217840e-01;2.063628e-01;5.250285e-02;7.647441e-02;3.769238e-02;6.564011e-02;5.942135e-02;3.136433e-02;4.475186e-02;5.370656e-02;5.748582e-02
1.737118e-01;1.126227e-01;1.303653e-01;9.621964e-02;7.977482e-02;2.659196e-02;1.282216e-01;5.302141e-02;2.704426e-02;6.780878e-02;2.551148e-02;7.910626e-02
9.583765e-02;1.245938e-01;9.727482e-02;1.377152e-01;5.853430e-02;1.881354e-02;1.952054e-01;3.886634e-02;3.905909e-02;8.151644e-02;1.896594e-02;9.361754e-02
4.608219e-02;1.451813e-01;9.960271e-02;1.405390e-01;3.634383e-02;2.793437e-02;2.390613e-01;3.933951e-02;3.566251e-02;8.576558e-02;1.723649e-02;8.725112e-02
4.856751e-02;1.313354e-01;8.990163e-02;1.295326e-01;3.620085e-02;4.687067e-02;2.215981e-01;6.914792e-02;3.285865e-02;1.019118e-01;2.558914e-02;6.648578e-02
6.663000e-02;9.892078e-02;1.122092e-01;1.087003e-01;7.844086e-02;5.483593e-02;1.663715e-01;1.194517e-01;3.484105e-02;9.976566e-02;2.097015e-02;3.886285e-02
7.485643e-02;6.273971e-02;1.010469e-01;8.461684e-02;1.369773e-01;5.813250e-02;1.562723e-01;1.817338e-01;3.013905e-02;7.274743e-02;2.037357e-02;2.036409e-02
8.639689e-02;3.512789e-02;9.024526e-02;6.279099e-02;1.586787e-01;4.367850e-02;1.773451e-01;2.167419e-01;3.090823e-02;3.572225e-02;4.088699e-02;2.147732e-02
9.120802e-02;4.010316e-02;7.342291e-02;4.563083e-02;1.382768e-01;4.251730e-02;1.876397e-01;1.969088e-01;5.789610e-02;3.353163e-02;7.143954e-02;2.142519e-02
8.895914e-02;5.876372e-02;5.726303e-02;4.429593e-02;1.088838e-01;4.652312e-02;1.631611e-01;1.491912e-01;1.301434e-01;5.006367e-02;8.286969e-02;1.988220e-02
9.446070e-02;9.237287e-02;6.036600e-02;4.757235e-02;1.043570e-01;5.429942e-02;8.806446e-02;9.427709e-02;1.818208e-01;6.048365e-02;9.241188e-02;2.951382e-02
1.297306e-01;1.057306e-01;9.007109e-02;4.989759e-02;8.719873e-02;6.468533e-02;6.677750e-02;6.360435e-02;1.490431e-01;4.702238e-02;1.000457e-01;4.619293e-02
1.517063e-01;9.595573e-02;1.045325e-01;4.037527e-02;8.233380e-02;6.003311e-02;8.910353e-02;6.454141e-02;8.712307e-02;6.004504e-02;1.047445e-01;5.950573e-02
1.462157e-01;8.823829e-02;1.058419e-01;3.947312e-02;9.724999e-02;5.194412e-02;1.310947e-01;5.466869e-02;5.924189e-02;6.640138e-02;1.061421e-01;5.348800e-02
1.103894e-01;7.160795e-02;6.312548e-02;6.669566e-02;1.104150e-01;4.925534e-02;1.906911e-01;7.276771e-02;1.020263e-01;6.958631e-02;6.905635e-02;2.438342e-02
1.282677e-01;8.548994e-02;5.214015e-02;5.656340e-02;9.313826e-02;3.742256e-02;1.679726e-01;1.189318e-01;8.945430e-02;6.781978e-02;7.025214e-02;3.254737e-02
1.304803e-01;1.135538e-01;9.274316e-02;4.796897e-02;6.904913e-02;2.798244e-02;1.316919e-01;1.291470e-01;5.013281e-02;7.539827e-02;9.080974e-02;4.104259e-02
8.245270e-02;1.563875e-01;1.112195e-01;8.218692e-02;8.398445e-02;3.826927e-02;1.105212e-01;8.511173e-02;3.810180e-02;9.392411e-02;8.106627e-02;3.677458e-02
1.184612e-01;1.349132e-01;1.014995e-01;8.766404e-02;1.019174e-01;5.485938e-02;1.244526e-01;5.743242e-02;3.596115e-02;7.642048e-02;7.460757e-02;3.181103e-02
1.172880e-01;1.035511e-01;9.461149e-02;6.904326e-02;7.766054e-02;6.080531e-02;1.263767e-01;8.777785e-02;6.169022e-02;7.568657e-02;1.004887e-01;2.502016e-02
9.938974e-02;8.751660e-02;8.036385e-02;7.713801e-02;4.954343e-02;5.628641e-02;1.480144e-01;8.992403e-02;9.738598e-02;7.044839e-02;1.093887e-01;3.460043e-02
7.954120e-02;4.338565e-02;8.430780e-02;9.768921e-02;6.301973e-02;6.696236e-02;1.201853e-01;1.096378e-01;1.107279e-01;1.032230e-01;7.683790e-02;4.448219e-02
5.549874e-02;3.615245e-02;1.058383e-01;8.031504e-02;5.855110e-02;6.353808e-02;9.370457e-02;1.291189e-01;1.522288e-01;1.420847e-01;4.070314e-02;4.226614e-02
5.046130e-02;6.870011e-02;7.864232e-02;3.595131e-02;3.449631e-02;5.182962e-02;8.109178e-02;1.240354e-01;1.787859e-01;2.170123e-01;3.990519e-02;3.908856e-02
4.256675e-02;9.278347e-02;6.694685e-02;2.766445e-02;3.399628e-02;7.355990e-02;7.611306e-02;1.423371e-01;1.217433e-01;2.536076e-01;4.119126e-02;2.748997e-02
5.399961e-02;6.959039e-02;7.036085e-02;3.180388e-02;4.741620e-02;8.145641e-02;1.015355e-01;1.475760e-01;1.418882e-01;1.859136e-01;3.748945e-02;3.096989e-02
5.894472e-02;3.590839e-02;1.191964e-01;3.030333e-02;6.535513e-02;9.804426e-02;1.409445e-01;1.083695e-01;1.710488e-01;1.088938e-01;3.110323e-02;3.188784e-02
3.805120e-02;7.463027e-02;1.387695e-01;2.634166e-02;9.948930e-02;9.038252e-02;1.424262e-01;1.658497e-01;1.063783e-01;6.956753e-02;1.965660e-02;2.845716e-02
3.548656e-02;6.697665e-02;1.178745e-01;2.286542e-02;1.128414e-01;7.169145e-02;1.261096e-01;1.605940e-01;8.981932e-02;1.042738e-01;2.852196e-02;6.294532e-02
4.392182e-02;7.239393e-02;1.069079e-01;3.080184e-02;8.013403e-02;6.882130e-02;1.154972e-01;8.328425e-02;1.538070e-01;1.132091e-01;3.485966e-02;9.636202e-02
4.640299e-02;8.924924e-02;9.302952e-02;5.371265e-02;5.891015e-02;4.569781e-02;1.538909e-01;8.157592e-02;1.802042e-01;8.689560e-02;2.413177e-02;8.629924e-02
6.625255e-02;8.606746e-02;9.210261e-02;5.372928e-02;1.231900e-01;3.596967e-02;1.655425e-01;7.180317e-02;1.155871e-01;6.639856e-02;5.365769e-02;6.969943e-02
7.008515e-02;7.876907e-02;8.834700e-02;4.151005e-02;1.745469e-01;4.519451e-02;1.407668e-01;6.529229e-02;9.936262e-02;7.450383e-02;7.062425e-02;5.099747e-02
6.108500e-02;7.669537e-02;6.403159e-02;4.609241e-02;1.757961e-01;6.215812e-02;1.179210e-01;8.835988e-02;1.143178e-01;9.784048e-02;6.716307e-02;2.853917e-02
5.971241e-02;7.753211e-02;9.965894e-02;4.310179e-02;1.103465e-01;1.032275e-01;8.833143e-02;7.523128e-02;1.092241e-01;1.380613e-01;6.221854e-02;3.335407e-02
5.861874e-02;6.234052e-02;9.957168e-02;5.224700e-02;5.421176e-02;1.153143e-01;1.102871e-01;1.176701e-01;9.933306e-02;1.195025e-01;8.076461e-02;3.013849e-02
3.633805e-02;6.568673e-02;1.116641e-01;5.843354e-02;6.539465e-02;1.056350e-01;1.248476e-01;9.183050e-02;1.330003e-01;1.129515e-01;7.048997e-02;2.372801e-02
6.164776e-02;5.349141e-02;9.277244e-02;3.965696e-02;8.915216e-02;7.331521e-02;1.263995e-01;7.334775e-02;1.408125e-01;1.671596e-01;4.405441e-02;3.819030e-02
8.038558e-02;6.120828e-02;9.160759e-02;4.086277e-02;9.554605e-02;4.029692e-02;9.326242e-02;8.122177e-02;1.276550e-01;2.068642e-01;4.342270e-02;3.766676e-02
1.101430e-01;6.621038e-02;9.215995e-02;7.895549e-02;9.740218e-02;5.395713e-02;1.276751e-01;8.329242e-02;7.574233e-02;1.033874e-01;5.407434e-02;5.700035e-02
1.058615e-01;7.564010e-02;1.162752e-01;6.984303e-02;1.026223e-01;6.158739e-02;1.073607e-01;1.019844e-01;6.729875e-02;8.148626e-02;4.754612e-02;6.249416e-02
1.149272e-01;7.467572e-02;1.369914e-01;5.961262e-02;1.004232e-01;5.538147e-02;1.045031e-01;1.107754e-01;7.368366e-02;7.918683e-02;3.184711e-02;5.799233e-02
2.013022e-01;9.065019e-02;1.590534e-01;5.335164e-02;7.095774e-02;5.164846e-02;1.447742e-01;5.856591e-02;4.749668e-02;4.999846e-02;2.223415e-02;4.996696e-02
1.971076e-01;1.530033e-01;2.150109e-01;5.411316e-02;4.931355e-02;4.647372e-02;1.208364e-01;3.821218e-02;3.469669e-02;2.693350e-02;3.155600e-02;3.274302e-02
1.868986e-01;1.845330e-01;2.380067e-01;5.813730e-02;4.830551e-02;3.645644e-02;8.061247e-02;4.516881e-02;3.784820e-02;3.513575e-02;2.484919e-02;2.404801e-02
2.047302e-01;1.559342e-01;1.919170e-01;5.923651e-02;6.720307e-02;4.397805e-02;9.093977e-02;5.143283e-02;3.912673e-02;4.486850e-02;1.905369e-02;3.157952e-02
2.126237e-01;8.240364e-02;1.047559e-01;7.256849e-02;9.459420e-02;4.768497e-02;1.254999e-01;7.274710e-02;2.951943e-02;7.203095e-02;3.339478e-02;5.217697e-02
1.558115e-01;3.108391e-02;4.288322e-02;1.032395e-01;1.018253e-01;4.172820e-02;1.460122e-01;1.127198e-01;3.578412e-02;9.124397e-02;4.877133e-02;8.889689e-02
1.199596e-01;2.999444e-02;4.785255e-02;1.030893e-01;8.591831e-02;3.650521e-02;1.545935e-01;1.371349e-01;4.912709e-02;8.007479e-02;5.020773e-02;1.055426e-01
1.095028e-01;3.548840e-02;6.857792e-02;1.036789e-01;7.869040e-02;3.621473e-02;1.574405e-01;1.499193e-01;6.484298e-02;7.590093e-02;4.628056e-02;7.346254e-02
1.186647e-01;2.476550e-02;1.075095e-01;9.511393e-02;6.697043e-02;3.796272e-02;1.429975e-01;1.407419e-01;8.287472e-02;9.836214e-02;3.419570e-02;4.984134e-02
1.360704e-01;4.844522e-02;1.278773e-01;6.938145e-02;5.804821e-02;4.854994e-02;1.137224e-01;1.323367e-01;8.929860e-02;1.013397e-01;2.714950e-02;4.778057e-02
1.601484e-01;8.161804e-02;1.593550e-01;5.163224e-02;5.864301e-02;4.944082e-02;9.842944e-02;1.304528e-01;7.058671e-02;7.340803e-02;2.395318e-02;4.233234e-02
1.604373e-01;9.924499e-02;1.588322e-01;6.303727e-02;7.869671e-02;5.178179e-02;8.365057e-02;1.050535e-01;5.571943e-02;6.231683e-02;3.544707e-02;4.578237e-02
1.219959e-01;7.129470e-02;1.240687e-01;1.007616e-01;8.453041e-02;7.523299e-02;7.130904e-02;7.269088e-02;9.851111e-02;7.350248e-02;4.158141e-02;6.452088e-02
1.051200e-01;5.357774e-02;1.172356e-01;1.230022e-01;9.001055e-02;8.890089e-02;1.224939e-01;5.977920e-02;8.936153e-02;5.230798e-02;3.910049e-02;5.910987e-02
1.022639e-01;5.788691e-02;1.269294e-01;9.691528e-02;5.594908e-02;6.531166e-02;1.932151e-01;8.725733e-02;6.982944e-02;6.255112e-02;4.693190e-02;3.495892e-02
1.127206e-01;8.045432e-02;1.298502e-01;5.241610e-02;4.975455e-02;3.269082e-02;2.057273e-01;1.394279e-01;3.825763e-02;7.484800e-02;5.051999e-02;3.333249e-02
1.188309e-01;4.964987e-02;1.090048e-01;5.150845e-02;3.738252e-02;3.848217e-02;2.125295e-01;1.555102e-01;5.322363e-02;8.743128e-02;3.742319e-02;4.902349e-02
1.384760e-01;3.791222e-02;9.653455e-02;7.165776e-02;5.812587e-02;6.268826e-02;1.905437e-01;1.079012e-01;4.864553e-02;1.263353e-01;2.049015e-02;4.068953e-02
1.548185e-01;3.467654e-02;1.315475e-01;8.975235e-02;5.836780e-02;7.071656e-02;1.139094e-01;4.105222e-02;5.580619e-02;1.075432e-01;4.738117e-02;9.442856e-02
1.379083e-01;6.957510e-02;9.692800e-02;6.738358e-02;3.879517e-02;3.966084e-02;9.808483e-02;7.338192e-02;7.609701e-02;9.703405e-02;8.263943e-02;1.225119e-01
1.141381e-01;8.562852e-02;1.520343e-01;6.246699e-02;4.479807e-02;2.965476e-02;1.136255e-01;5.180972e-02;5.708112e-02;9.897543e-02;5.954391e-02;1.302435e-01
1.004631e-01;8.129314e-02;2.597764e-01;4.621660e-02;3.606900e-02;3.296821e-02;9.774742e-02;3.341522e-02;4.162070e-02;9.031001e-02;5.381683e-02;1.263033e-01
2.129683e-01;1.247595e-01;2.157620e-01;1.391758e-02;3.215782e-02;2.198887e-02;8.902454e-02;4.574532e-02;4.266122e-02;4.801455e-02;6.764394e-02;8.535630e-02
2.797792e-01;1.660771e-01;1.270601e-01;2.320524e-02;3.478756e-02;1.413137e-02;1.069574e-01;5.554795e-02;2.817788e-02;3.683626e-02;6.979363e-02;5.764634e-02
2.902849e-01;1.451145e-01;1.091100e-01;2.873145e-02;4.034602e-02;2.422749e-02;1.394625e-01;6.096361e-02;1.926593e-02;4.062356e-02;6.039172e-02;4.147837e-02
2.634570e-01;8.249943e-02;1.000068e-01;3.945310e-02;4.715257e-02;4.656627e-02;1.772891e-01;7.111076e-02;2.665983e-02;5.432469e-02;4.350384e-02;4.797672e-02
1.823068e-01;5.115037e-02;1.193643e-01;3.704392e-02;4.410192e-02;6.802998e-02;1.930220e-01;8.369901e-02;3.924143e-02;6.853501e-02;6.043379e-02;5.307156e-02
1.199494e-01;2.532438e-02;1.800383e-01;2.854146e-02;4.503888e-02;7.323913e-02;1.972538e-01;9.096187e-02;4.396995e-02;6.847325e-02;7.873075e-02;4.847876e-02
1.035814e-01;7.012850e-02;1.939041e-01;2.914413e-02;3.548874e-02;6.322950e-02;1.590132e-01;8.681077e-02;5.674226e-02;6.893337e-02;8.114969e-02;5.187440e-02
1.533258e-01;9.686952e-02;1.460821e-01;3.248683e-02;4.274783e-02;7.011024e-02;1.429883e-01;6.929120e-02;4.641270e-02;8.092977e-02;6.911260e-02;4.964319e-02
1.467748e-01;9.268624e-02;1.165983e-01;2.879397e-02;6.238335e-02;7.255370e-02;2.202429e-01;5.780042e-02;2.808325e-02;7.188971e-02;4.759723e-02;5.459603e-02
8.610145e-02;8.863609e-02;1.455939e-01;3.178278e-02;1.061689e-01;6.873291e-02;2.274247e-01;5.527697e-02;1.913486e-02;6.939597e-02;5.844040e-02;4.331108e-02
1.304512e-01;7.729528e-02;1.852892e-01;4.702902e-02;1.184942e-01;7.203791e-02;1.012386e-01;6.317753e-02;3.985995e-02;5.329042e-02;6.002548e-02;5.181120e-02
1.228820e-01;7.213932e-02;1.753405e-01;2.842825e-02;7.762168e-02;6.193371e-02;1.706170e-01;5.243169e-02;4.676599e-02;7.330576e-02;6.218551e-02;5.634848e-02
1.525379e-01;7.036132e-02;1.252500e-01;2.163755e-02;6.083214e-02;6.206933e-02;1.740706e-01;5.569896e-02;4.256835e-02;9.120177e-02;7.526229e-02;6.850975e-02
1.459211e-01;7.844763e-02;1.237847e-01;3.477682e-02;3.548688e-02;5.092071e-02;1.961481e-01;5.416116e-02;2.453975e-02;9.172944e-02;9.585244e-02;6.823123e-02
1.216378e-01;9.061635e-02;1.476545e-01;4.347475e-02;5.515073e-02;4.289174e-02;2.044586e-01;4.906426e-02;2.615817e-02;6.992029e-02;8.912784e-02;5.984496e-02
8.165826e-02;5.310791e-02;1.763426e-01;6.863127e-02;7.236943e-02;4.149840e-02;1.869437e-01;5.250627e-02;6.240084e-02;5.305419e-02;8.762533e-02;6.386188e-02
1.274989e-01;9.524100e-02;1.238738e-01;1.049832e-01;1.072197e-01;6.342621e-02;8.157808e-02;5.910071e-02;6.849594e-02;6.880042e-02;4.690276e-02;5.287934e-02
1.345640e-01;1.171788e-01;1.254349e-01;1.195399e-01;1.130889e-01;5.639416e-02;8.276410e-02;4.440370e-02;6.246701e-02;5.668894e-02;4.178273e-02;4.569285e-02
1.137828e-01;1.216863e-01;2.197901e-01;1.099145e-01;1.047268e-01;7.322394e-02;5.200496e-02;2.815795e-02;5.976705e-02;4.173348e-02;3.616013e-02;3.905190e-02
7.592105e-02;9.885040e-02;2.948644e-01;8.450319e-02;8.176576e-02;1.058744e-01;7.262887e-02;2.499088e-02;5.526958e-02;3.380808e-02;4.099080e-02;3.053254e-02
6.329133e-02;1.159689e-01;2.769369e-01;7.234121e-02;8.960007e-02;1.298256e-01;8.369200e-02;4.149942e-02;3.981728e-02;3.366121e-02;4.023558e-02;1.313042e-02
9.625538e-02;1.770098e-01;1.672373e-01;5.537636e-02;1.793254e-01;8.996505e-02;6.264578e-02;5.422150e-02;2.728803e-02;3.758954e-02;3.160655e-02;2.147926e-02
1.718263e-01;1.783297e-01;9.386238e-02;9.136920e-02;1.809804e-01;4.827260e-02;5.840106e-02;4.847668e-02;2.149560e-02;3.906080e-02;3.213499e-02;3.579041e-02
2.433563e-01;1.432152e-01;1.176015e-01;1.428953e-01;9.984744e-02;2.778877e-02;5.588374e-02;3.468068e-02;1.899268e-02;3.345226e-02;4.227956e-02;4.000657e-02
2.479655e-01;1.785077e-01;1.251415e-01;1.075976e-01;7.791006e-02;2.271508e-02;4.481653e-02;2.553997e-02;3.256241e-02;3.942144e-02;6.389490e-02;3.392734e-02
2.118424e-01;1.544705e-01;1.998166e-01;7.286797e-02;3.903645e-02;2.248502e-02;5.900639e-02;1.418099e-02;4.725023e-02;4.996331e-02;6.537933e-02;6.370082e-02
1.478475e-01;7.847546e-02;3.012912e-01;6.598435e-02;4.747703e-02;3.057436e-02;1.062699e-01;2.862912e-02;4.342594e-02;5.556542e-02;3.419502e-02;6.026465e-02
1.132168e-01;1.012014e-01;2.907107e-01;6.437163e-02;5.666333e-02;3.361226e-02;1.486144e-01;4.163522e-02;2.653421e-02;4.457311e-02;3.847852e-02;4.038845e-02
1.070329e-01;9.054510e-02;2.393873e-01;5.394820e-02;5.513857e-02;3.622875e-02;2.147866e-01;4.296125e-02;3.824508e-02;3.910792e-02;5.406247e-02;2.855586e-02
9.941935e-02;1.001171e-01;2.352489e-01;4.813592e-02;6.487497e-02;3.032282e-02;2.382289e-01;4.542341e-02;2.348885e-02;2.904533e-02;4.985175e-02;3.584269e-02
9.068814e-02;1.147574e-01;1.765084e-01;4.790242e-02;8.444469e-02;5.279679e-02;2.556343e-01;5.109942e-02;1.634004e-02;4.224043e-02;3.320684e-02;3.438108e-02
1.164000e-01;1.244563e-01;1.521559e-01;5.800661e-02;6.956322e-02;5.991782e-02;2.201748e-01;4.438357e-02;2.194571e-02;5.843047e-02;4.359888e-02;3.096682e-02
7.557665e-02;9.792311e-02;2.200066e-01;6.990772e-02;8.616614e-02;7.156611e-02;2.015477e-01;2.834086e-02;2.299189e-02;5.912228e-02;4.371143e-02;2.313950e-02
7.748023e-02;6.951737e-02;2.132132e-01;5.676685e-02;1.201346e-01;7.567640e-02;2.081431e-01;3.192893e-02;2.768280e-02;6.114910e-02;3.301052e-02;2.529687e-02
1.040949e-01;1.029241e-01;2.044641e-01;5.824516e-02;1.020516e-01;7.019334e-02;1.532430e-01;4.449945e-02;3.141306e-02;4.929235e-02;4.851972e-02;3.105911e-02
9.544266e-02;9.838155e-02;1.723903e-01;7.425126e-02;1.061505e-01;6.756370e-02;1.482783e-01;3.093120e-02;3.198809e-02;6.788527e-02;6.418175e-02;4.255540e-02
7.785357e-02;6.794994e-02;1.545859e-01;5.583436e-02;9.885868e-02;7.952975e-02;2.727976e-01;2.317165e-02;3.829184e-02;5.818232e-02;3.895258e-02;3.399185e-02
5.829862e-02;9.184400e-02;1.732607e-01;4.728426e-02;1.027835e-01;7.756415e-02;2.713595e-01;3.435849e-02;3.997634e-02;3.596596e-02;3.077563e-02;3.652878e-02
4.363709e-02;1.126055e-01;2.012639e-01;6.580658e-02;9.765347e-02;5.062605e-02;2.285525e-01;4.022459e-02;4.722843e-02;2.537201e-02;4.471478e-02;4.231505e-02
1.016412e-01;1.040414e-01;2.009954e-01;5.519462e-02;8.668893e-02;4.018031e-02;1.795085e-01;4.314063e-02;4.622496e-02;3.998227e-02;5.985504e-02;4.254677e-02
1.006145e-01;7.415113e-02;1.819202e-01;5.672858e-02;9.038370e-02;4.554472e-02;1.433611e-01;6.820609e-02;5.998937e-02;5.120533e-02;7.886048e-02;4.903481e-02
