7.269180e-02;8.700116e-02;1.191960e-01;9.212845e-02;7.491130e-02;8.291022e-02;1.127647e-01;5.588704e-02;9.417723e-02;6.681528e-02;5.883018e-02;8.268659e-02
6.099754e-02;8.062585e-02;1.397820e-01;1.018964e-01;8.307558e-02;7.631115e-02;1.062395e-01;3.098184e-02;1.193383e-01;5.428290e-02;4.636747e-02;1.001015e-01
6.995054e-02;5.120670e-02;1.505725e-01;9.571732e-02;9.932423e-02;6.720724e-02;1.104165e-01;4.585814e-02;9.568053e-02;6.885156e-02;5.073943e-02;9.447530e-02
5.107372e-02;5.130831e-02;1.329261e-01;7.878581e-02;1.045143e-01;8.355036e-02;1.079273e-01;6.071085e-02;8.212589e-02;6.225828e-02;8.520983e-02;9.960923e-02
5.207705e-02;9.581272e-02;9.983177e-02;8.148901e-02;9.129764e-02;9.132012e-02;8.405748e-02;6.989670e-02;7.051106e-02;6.339879e-02;1.208483e-01;7.945936e-02
7.093757e-02;1.398356e-01;6.965732e-02;8.055929e-02;8.198670e-02;6.807519e-02;6.474421e-02;7.607047e-02;7.885198e-02;8.068172e-02;1.500348e-01;3.856517e-02
4.181744e-02;9.010401e-02;5.499904e-02;7.601623e-02;1.330885e-01;4.363953e-02;8.706196e-02;8.181202e-02;1.237599e-01;6.870584e-02;1.074153e-01;9.158026e-02
2.314005e-02;4.275281e-02;7.851738e-02;7.876837e-02;1.390696e-01;5.888386e-02;9.966719e-02;8.773059e-02;1.520192e-01;5.894283e-02;9.375812e-02;8.675000e-02
2.054529e-02;5.603703e-02;9.868781e-02;8.428662e-02;1.184547e-01;6.654527e-02;9.442642e-02;8.124142e-02;1.526424e-01;6.949682e-02;9.647150e-02;6.116474e-02
2.709466e-02;9.939893e-02;8.178465e-02;7.410310e-02;1.203330e-01;7.545325e-02;1.128830e-01;6.234749e-02;1.533273e-01;1.004964e-01;7.301854e-02;1.975974e-02
2.505031e-02;1.153080e-01;7.308345e-02;5.084000e-02;1.203332e-01;5.812147e-02;1.100171e-01;1.199317e-01;1.577482e-01;9.969058e-02;3.240189e-02;3.747411e-02
3.767705e-02;9.859949e-02;7.919043e-02;5.011218e-02;1.253049e-01;3.721699e-02;1.045760e-01;1.274276e-01;1.243515e-01;1.018543e-01;6.199535e-02;5.169427e-02
5.371181e-02;7.448850e-02;9.263055e-02;4.299465e-02;1.287570e-01;4.146909e-02;1.231302e-01;7.236955e-02;1.382028e-01;1.255166e-01;6.510033e-02;4.162885e-02
7.628247e-02;6.536756e-02;8.181636e-02;4.196602e-02;9.784961e-02;6.326802e-02;9.903540e-02;7.961111e-02;1.413331e-01;1.238074e-01;8.125586e-02;4.840707e-02
9.297641e-02;5.757683e-02;6.898871e-02;6.102875e-02;9.909080e-02;8.702829e-02;6.979232e-02;7.692870e-02;9.261056e-02;1.170880e-01;1.005852e-01;7.630542e-02
7.752290e-02;3.984003e-02;5.541209e-02;6.880635e-02;1.156811e-01;7.995614e-02;7.138927e-02;9.143604e-02;1.180256e-01;1.052865e-01;1.083748e-01;6.826928e-02
7.654636e-02;5.588192e-02;6.236829e-02;8.320579e-02;1.178572e-01;4.720673e-02;7.095052e-02;8.617565e-02;1.518938e-01;1.182230e-01;1.052811e-01;2.440971e-02
8.018608e-02;5.749993e-02;6.623186e-02;8.066729e-02;8.871543e-02;4.259942e-02;6.515371e-02;9.744787e-02;1.212932e-01;9.727111e-02;1.386832e-01;6.425085e-02
9.349149e-02;5.683820e-02;8.167481e-02;4.991531e-02;9.245490e-02;7.535020e-02;7.661810e-02;7.857384e-02;7.653841e-02;7.387688e-02;1.876946e-01;5.697321e-02
7.189386e-02;7.028724e-02;6.898529e-02;4.521023e-02;8.844883e-02;1.121797e-01;9.155721e-02;5.718817e-02;5.799343e-02;8.521933e-02;1.965621e-01;5.447470e-02
3.873334e-02;7.426145e-02;7.253429e-02;5.938603e-02;9.065982e-02;1.246979e-01;1.293738e-01;3.835918e-02;6.601781e-02;1.064479e-01;1.354261e-01;6.410240e-02
4.809268e-02;4.940188e-02;7.122672e-02;7.047533e-02;8.582345e-02;8.240254e-02;9.251913e-02;6.459171e-02;1.198055e-01;1.076767e-01;1.281968e-01;7.978752e-02
3.837007e-02;3.934262e-02;8.750755e-02;9.950415e-02;8.334329e-02;8.939714e-02;7.758758e-02;9.458648e-02;1.232471e-01;6.483115e-02;1.403992e-01;6.188366e-02
3.435461e-02;3.932697e-02;9.939620e-02;8.370682e-02;7.072552e-02;8.187046e-02;9.669712e-02;1.076063e-01;1.021724e-01;7.818476e-02;1.628551e-01;4.310374e-02
4.033021e-02;4.005958e-02;1.197935e-01;5.457181e-02;8.201174e-02;7.933042e-02;1.356410e-01;7.544809e-02;6.149737e-02;1.529498e-01;1.300192e-01;2.834735e-02
4.139454e-02;3.481244e-02;1.361341e-01;4.858783e-02;1.058426e-01;1.119122e-01;1.481524e-01;3.133461e-02;4.301855e-02;1.973040e-01;7.816840e-02;2.333844e-02
4.213221e-02;3.089844e-02;1.280068e-01;4.810416e-02;9.633078e-02;1.140868e-01;1.199002e-01;3.576977e-02;6.613225e-02;1.776193e-01;6.348255e-02;7.753678e-02
3.345780e-02;3.903633e-02;9.308086e-02;3.594899e-02;5.163779e-02;1.094180e-01;9.179614e-02;6.085501e-02;1.255773e-01;1.150084e-01;6.179884e-02;1.823846e-01
2.158955e-02;5.000008e-02;4.868523e-02;2.386726e-02;2.493060e-02;1.439810e-01;7.379913e-02;5.488947e-02;1.758100e-01;8.045840e-02;4.794147e-02;2.540479e-01
1.611890e-02;6.854077e-02;3.516912e-02;2.246111e-02;2.669686e-02;1.696806e-01;7.309396e-02;2.254158e-02;2.032097e-01;5.049953e-02;4.627532e-02;2.657126e-01
1.667555e-02;7.984594e-02;4.187946e-02;3.323014e-02;2.526251e-02;1.777862e-01;6.830310e-02;2.576089e-02;2.280923e-01;3.554005e-02;4.970573e-02;2.179181e-01
1.764474e-02;8.208555e-02;4.843097e-02;3.851178e-02;3.497627e-02;1.898637e-01;6.614473e-02;2.241481e-02;2.597452e-01;3.717094e-02;4.503867e-02;1.579726e-01
1.374225e-02;8.131728e-02;5.271783e-02;4.046939e-02;4.848403e-02;2.011156e-01;5.364018e-02;6.491988e-02;2.731754e-01;2.669478e-02;3.335355e-02;1.103699e-01
4.076536e-02;8.496355e-02;6.777006e-02;4.301476e-02;7.033639e-02;1.803837e-01;6.266841e-02;7.477178e-02;2.301258e-01;2.962205e-02;3.045755e-02;8.512062e-02
8.483870e-02;1.014756e-01;6.653506e-02;5.614079e-02;9.911259e-02;1.473019e-01;5.800330e-02;7.567099e-02;1.824262e-01;3.250599e-02;2.124473e-02;7.474419e-02
1.234031e-01;1.145756e-01;8.879925e-02;6.340513e-02;1.119110e-01;1.170807e-01;7.444951e-02;7.136442e-02;1.420354e-01;2.920066e-02;1.307730e-02;5.069796e-02
1.310708e-01;1.138273e-01;8.864248e-02;4.986949e-02;7.516196e-02;8.341645e-02;9.820452e-02;1.046583e-01;1.300727e-01;4.593712e-02;3.908979e-02;4.004908e-02
1.212341e-01;1.205449e-01;8.008286e-02;2.855378e-02;4.018673e-02;1.081726e-01;9.683760e-02;1.042719e-01;1.436528e-01;5.109191e-02;5.394138e-02;5.142945e-02
1.164661e-01;1.281416e-01;8.667365e-02;2.970274e-02;5.888553e-02;1.332303e-01;9.571048e-02;7.471476e-02;1.450674e-01;4.640683e-02;5.069980e-02;3.430077e-02
8.626276e-02;1.292949e-01;7.961252e-02;4.645836e-02;8.363412e-02;1.372140e-01;8.354679e-02;9.081580e-02;1.223865e-01;3.874860e-02;4.778667e-02;5.423908e-02
7.670376e-02;1.201556e-01;9.015120e-02;3.558557e-02;9.036871e-02;1.197596e-01;5.660887e-02;1.245251e-01;1.220957e-01;3.154486e-02;4.965513e-02;8.284594e-02
7.336342e-02;1.195398e-01;9.245893e-02;3.503530e-02;7.057557e-02;1.200433e-01;4.252379e-02;1.035837e-01;1.720303e-01;3.870203e-02;4.571558e-02;8.642831e-02
2.587540e-02;1.185708e-01;1.384204e-01;5.788832e-02;4.043801e-02;1.382277e-01;3.706766e-02;8.535207e-02;1.689146e-01;6.434192e-02;4.163566e-02;8.326742e-02
1.661589e-02;9.004975e-02;2.541544e-01;4.595439e-02;4.389560e-02;1.068422e-01;7.283120e-02;8.716980e-02;1.126690e-01;6.933323e-02;3.843379e-02;6.205076e-02
2.253504e-02;6.145009e-02;3.480034e-01;4.455358e-02;6.729017e-02;5.287271e-02;7.331149e-02;7.011627e-02;1.223485e-01;7.201189e-02;4.063651e-02;2.487043e-02
2.209527e-02;4.542487e-02;3.922286e-01;5.409098e-02;7.782678e-02;3.500180e-02;8.248583e-02;4.383227e-02;1.079078e-01;8.675849e-02;3.559328e-02;1.675401e-02
2.870242e-02;3.872338e-02;3.828933e-01;6.402845e-02;8.904192e-02;3.846869e-02;1.189008e-01;4.030701e-02;6.288996e-02;8.906355e-02;2.244561e-02;2.453496e-02
2.923012e-02;3.333345e-02;3.607532e-01;5.069676e-02;8.505128e-02;4.448757e-02;1.720263e-01;6.447691e-02;3.271784e-02;8.537295e-02;2.055636e-02;2.129721e-02
2.766364e-02;2.824640e-02;3.461464e-01;4.862601e-02;8.131331e-02;2.973449e-02;2.091127e-01;7.156851e-02;2.833562e-02;7.949059e-02;3.514057e-02;1.462172e-02
3.088580e-02;3.032795e-02;3.403498e-01;4.647163e-02;8.069500e-02;2.811307e-02;2.066170e-01;7.439720e-02;2.960088e-02;7.674747e-02;4.928080e-02;6.513413e-03
3.153526e-02;3.599773e-02;3.522142e-01;3.215760e-02;8.556600e-02;2.935927e-02;1.860961e-01;7.451127e-02;3.361262e-02;6.785042e-02;5.647960e-02;1.461995e-02
4.335739e-02;4.787233e-02;3.614118e-01;4.434229e-02;7.990523e-02;4.360525e-02;1.777384e-01;4.731747e-02;3.201199e-02;5.047439e-02;5.220173e-02;1.976167e-02
3.941580e-02;3.186781e-02;3.417592e-01;7.595758e-02;6.402852e-02;7.229724e-02;1.660386e-01;4.756218e-02;5.440233e-02;5.065114e-02;3.140869e-02;2.461085e-02
4.426790e-02;2.773585e-02;3.152354e-01;6.239879e-02;5.811607e-02;7.362937e-02;1.763914e-01;6.183573e-02;4.611222e-02;6.469475e-02;2.836669e-02;4.121582e-02
5.512913e-02;4.763440e-02;2.776070e-01;5.527237e-02;7.833645e-02;4.051541e-02;1.492742e-01;5.296167e-02;3.729327e-02;1.080938e-01;4.652408e-02;5.135836e-02
5.609243e-02;5.781531e-02;2.215252e-01;7.865012e-02;1.118189e-01;6.978014e-02;6.203049e-02;5.844363e-02;5.486188e-02;1.207532e-01;6.695303e-02;4.127558e-02
4.656434e-02;7.829498e-02;1.818989e-01;7.139838e-02;1.080511e-01;1.093750e-01;4.755677e-02;8.370066e-02;5.088964e-02;1.079892e-01;6.356907e-02;5.071190e-02
4.953917e-02;9.482170e-02;1.712709e-01;6.042502e-02;7.843821e-02;1.207417e-01;8.701516e-02;6.665916e-02;4.692437e-02;9.528667e-02;7.265644e-02;5.622149e-02
3.363097e-02;1.014991e-01;1.854495e-01;7.327732e-02;5.707442e-02;9.676032e-02;1.293646e-01;6.444265e-02;4.532132e-02;7.597739e-02;8.750314e-02;4.969924e-02
3.641932e-02;9.883051e-02;1.438498e-01;7.617574e-02;4.268042e-02;1.055301e-01;1.252761e-01;1.282161e-01;6.877231e-02;5.895022e-02;8.243352e-02;3.286595e-02
5.635756e-02;5.780279e-02;1.333201e-01;6.700072e-02;5.501157e-02;1.066283e-01;1.026057e-01;1.242943e-01;1.227311e-01;6.245612e-02;6.436131e-02;4.743043e-02
6.555047e-02;6.866364e-02;1.189623e-01;4.134607e-02;6.311191e-02;8.753511e-02;1.059116e-01;6.556905e-02;1.669921e-01;5.258545e-02;8.143464e-02;8.233767e-02
3.956611e-02;5.878452e-02;8.496463e-02;6.785721e-02;8.891996e-02;1.049350e-01;1.247270e-01;5.736132e-02;1.469752e-01;5.383949e-02;9.040204e-02;8.166742e-02
1.557234e-02;5.080937e-02;7.160652e-02;1.299288e-01;9.513904e-02;1.315116e-01;1.023201e-01;1.022669e-01;9.532635e-02;7.813098e-02;6.924810e-02;5.813987e-02
3.093762e-02;4.301728e-02;7.624639e-02;1.080236e-01;7.297193e-02;1.280160e-01;1.056540e-01;1.366008e-01;9.027568e-02;8.842719e-02;6.415871e-02;5.567082e-02
3.112014e-02;7.388970e-02;1.142082e-01;7.402986e-02;8.668341e-02;1.333573e-01;7.772534e-02;1.319555e-01;5.517483e-02;1.084577e-01;5.929840e-02;5.409955e-02
4.360696e-02;1.078916e-01;1.347861e-01;1.072557e-01;7.077359e-02;9.845289e-02;1.259051e-01;7.035674e-02;5.470058e-02;1.065564e-01;4.512022e-02;3.459407e-02
1.157020e-01;1.212054e-01;1.198830e-01;7.315331e-02;5.844947e-02;8.464539e-02;1.223976e-01;4.241039e-02;6.836231e-02;7.354179e-02;5.528297e-02;6.496643e-02
1.102749e-01;1.296820e-01;1.744080e-01;6.183821e-02;5.274278e-02;7.578743e-02;7.359000e-02;3.200964e-02;8.878925e-02;7.274844e-02;4.547524e-02;8.265417e-02
1.308083e-01;1.696833e-01;1.797763e-01;5.581849e-02;3.318723e-02;6.923947e-02;5.124974e-02;2.887072e-02;9.633236e-02;6.171823e-02;3.910455e-02;8.421122e-02
1.959816e-01;1.882960e-01;1.000863e-01;3.743736e-02;4.500915e-02;5.757748e-02;5.110781e-02;3.832322e-02;8.252925e-02;3.150287e-02;1.118803e-01;6.026859e-02
2.488766e-01;1.559573e-01;5.086697e-02;2.906263e-02;9.650186e-02;6.178628e-02;5.133209e-02;5.117837e-02;5.113658e-02;2.221028e-02;1.601873e-01;2.090376e-02
2.779897e-01;1.022684e-01;5.334604e-02;4.698933e-02;1.386903e-01;5.616430e-02;3.958761e-02;6.201874e-02;1.996582e-02;2.522166e-02;1.599071e-01;1.785099e-02
2.816209e-01;7.332707e-02;4.988379e-02;6.945805e-02;1.714541e-01;4.238569e-02;3.565994e-02;6.861497e-02;1.082382e-02;3.753988e-02;1.371484e-01;2.208346e-02
2.746156e-01;5.748360e-02;3.873960e-02;8.738462e-02;1.993362e-01;2.941956e-02;4.103546e-02;7.477403e-02;1.006710e-02;4.831307e-02;1.181219e-01;2.070918e-02
2.519599e-01;4.644096e-02;4.982192e-02;9.490906e-02;2.266536e-01;2.832514e-02;4.286038e-02;7.967900e-02;9.447700e-03;4.858969e-02;9.880227e-02;2.251032e-02
2.211004e-01;3.459247e-02;6.053915e-02;1.013237e-01;2.421527e-01;3.275340e-02;5.288446e-02;8.309851e-02;1.071853e-02;5.877475e-02;7.964405e-02;2.241774e-02
1.920412e-01;2.795450e-02;8.143391e-02;1.126860e-01;2.438772e-01;3.310602e-02;6.590078e-02;9.043416e-02;1.298736e-02;6.253186e-02;5.958954e-02;1.745754e-02
1.684158e-01;2.279198e-02;1.045826e-01;1.221656e-01;2.355270e-01;3.978179e-02;7.267278e-02;1.051220e-01;1.274190e-02;6.227310e-02;4.162936e-02;1.229622e-02
1.405870e-01;1.804000e-02;1.334106e-01;1.296491e-01;2.045852e-01;4.268571e-02;8.262310e-02;1.182453e-01;1.689579e-02;6.876654e-02;3.017566e-02;1.433603e-02
1.093347e-01;2.093791e-02;1.503474e-01;1.240011e-01;1.780218e-01;4.732046e-02;9.628536e-02;1.335350e-01;1.530294e-02;6.768121e-02;4.167190e-02;1.556027e-02
8.630694e-02;1.993735e-02;1.454120e-01;1.280576e-01;1.914354e-01;3.419230e-02;8.244248e-02;1.598162e-01;2.099656e-02;6.888621e-02;5.117890e-02;1.133805e-02
6.396277e-02;1.991639e-02;1.389285e-01;1.352810e-01;2.112769e-01;2.683220e-02;9.950607e-02;1.585712e-01;1.839723e-02;6.814752e-02;4.647046e-02;1.270984e-02
7.343899e-02;3.117482e-02;1.179387e-01;1.413734e-01;2.375485e-01;2.339392e-02;7.673869e-02;1.453294e-01;2.314491e-02;6.956273e-02;4.656329e-02;1.379269e-02
9.037229e-02;4.280950e-02;1.072049e-01;1.540630e-01;2.558916e-01;1.583221e-02;7.103139e-02;1.238513e-01;1.241650e-02;6.325068e-02;4.412526e-02;1.915149e-02
9.862144e-02;5.434447e-02;9.952379e-02;1.501207e-01;2.406376e-01;3.594052e-02;7.024716e-02;8.558193e-02;3.668760e-02;4.714187e-02;6.203318e-02;1.911979e-02
9.708977e-02;7.388122e-02;9.685147e-02;1.195506e-01;2.188460e-01;6.837603e-02;6.751989e-02;5.763528e-02;7.148458e-02;3.992181e-02;6.788524e-02;2.095814e-02
8.670977e-02;1.129113e-01;1.493855e-01;1.029927e-01;1.665649e-01;1.010389e-01;4.390427e-02;3.461712e-02;9.599666e-02;3.924500e-02;4.058069e-02;2.605319e-02
8.206616e-02;1.284998e-01;1.968356e-01;8.900094e-02;1.325383e-01;1.138966e-01;2.258642e-02;2.976819e-02;9.839190e-02;4.408168e-02;2.997210e-02;3.236225e-02
8.760975e-02;1.089567e-01;1.717289e-01;7.899442e-02;1.290156e-01;9.974065e-02;5.880615e-02;4.194803e-02;7.502437e-02;4.574677e-02;5.502874e-02;4.739990e-02
9.610002e-02;8.906740e-02;1.541986e-01;7.019155e-02;1.412390e-01;6.479184e-02;8.931042e-02;5.826655e-02;6.755613e-02;3.757661e-02;5.768906e-02;7.401284e-02
8.714566e-02;6.834427e-02;1.291902e-01;5.826342e-02;1.325583e-01;6.305806e-02;1.234093e-01;9.407286e-02;8.108174e-02;6.671225e-02;2.660405e-02;6.955995e-02
7.022083e-02;8.623768e-02;1.353438e-01;6.779730e-02;1.634275e-01;6.346616e-02;8.148785e-02;1.000250e-01;8.028497e-02;9.364181e-02;1.753464e-02;4.053249e-02
6.903031e-02;7.901597e-02;1.319474e-01;1.014542e-01;2.292283e-01;5.932650e-02;5.407125e-02;7.827070e-02;7.970206e-02;7.325839e-02;2.680144e-02;1.789357e-02
5.908035e-02;6.205294e-02;7.354400e-02;1.240316e-01;2.449502e-01;6.859360e-02;9.708573e-02;6.119629e-02;9.979209e-02;5.157911e-02;3.502872e-02;2.306535e-02
4.277804e-02;5.512981e-02;7.341047e-02;1.033811e-01;1.651818e-01;6.308828e-02;1.447523e-01;7.496709e-02;1.213183e-01;6.231306e-02;5.092923e-02;4.275049e-02
2.865744e-02;6.249245e-02;9.215324e-02;7.792562e-02;1.185304e-01;6.992722e-02;1.558837e-01;8.515421e-02;1.295996e-01;6.745740e-02;6.233415e-02;4.988459e-02
2.927124e-02;5.432478e-02;7.450907e-02;4.322909e-02;9.851756e-02;6.882346e-02;1.261707e-01;2.030067e-01;1.423895e-01;6.490301e-02;5.408657e-02;4.076835e-02
2.826706e-02;5.324732e-02;6.667569e-02;4.211611e-02;7.594357e-02;6.161467e-02;1.135536e-01;2.366384e-01;1.544820e-01;9.660379e-02;4.574078e-02;2.511701e-02
2.204147e-02;6.762075e-02;6.913320e-02;5.611672e-02;6.812657e-02;6.914791e-02;2.477823e-01;1.577459e-01;1.032779e-01;8.956239e-02;3.430925e-02;1.513572e-02
1.383617e-02;5.111203e-02;3.022652e-02;1.920606e-02;5.804029e-02;7.198980e-02;2.824061e-01;2.889115e-01;9.483672e-02;6.197871e-02;1.348358e-02;1.397249e-02
1.402409e-02;4.268946e-02;1.605769e-02;2.459843e-02;6.125427e-02;5.477942e-02;2.394231e-01;3.867601e-01;9.386326e-02;3.802278e-02;9.991542e-03;1.853593e-02
1.863921e-02;6.511221e-02;2.830889e-02;2.870976e-02;6.847496e-02;1.173331e-01;1.573412e-01;3.601040e-01;8.584866e-02;3.287961e-02;1.356270e-02;2.368572e-02
2.622354e-02;1.214089e-01;5.405464e-02;4.037988e-02;4.316545e-02;2.246153e-01;1.338451e-01;2.333800e-01;4.417688e-02;4.343265e-02;1.557937e-02;1.973819e-02
2.062862e-02;1.015203e-01;4.444935e-02;5.582451e-02;5.917932e-02;1.234306e-01;1.779504e-01;3.292518e-01;3.270996e-02;2.807311e-02;1.296884e-02;1.401316e-02
2.642254e-02;8.352726e-02;4.148556e-02;6.167498e-02;8.401424e-02;4.952056e-02;2.023436e-01;3.068323e-01;8.126450e-02;2.305155e-02;1.650923e-02;2.335364e-02
3.862960e-02;5.221367e-02;4.499343e-02;3.756962e-02;8.830522e-02;1.104674e-01;2.082087e-01;1.967755e-01;1.260760e-01;3.952564e-02;2.071182e-02;3.652335e-02
2.594064e-02;8.009550e-02;2.905061e-02;3.057097e-02;8.087701e-02;1.257713e-01;2.224756e-01;2.443969e-01;7.045719e-02;4.798728e-02;1.576005e-02;2.661695e-02
4.875951e-02;7.720209e-02;1.015486e-01;6.537116e-02;8.047363e-02;9.604917e-02;2.441757e-01;1.577683e-01;3.724252e-02;3.791590e-02;1.629363e-02;3.719975e-02
8.915535e-02;1.019801e-01;1.312647e-01;7.057483e-02;7.493583e-02;1.054578e-01;2.459468e-01;6.435979e-02;2.658859e-02;3.517250e-02;1.795667e-02;3.660709e-02
1.179277e-01;1.388728e-01;8.796003e-02;5.052563e-02;8.681794e-02;1.129701e-01;2.253945e-01;7.880428e-02;2.478032e-02;3.616429e-02;1.249602e-02;2.728651e-02
1.270829e-01;1.378269e-01;5.845494e-02;5.044936e-02;9.423429e-02;1.167537e-01;2.328444e-01;8.635701e-02;2.849375e-02;3.245370e-02;1.506113e-02;1.998782e-02
1.459015e-01;1.051582e-01;6.869599e-02;6.011225e-02;1.076409e-01;1.109606e-01;1.969660e-01;7.981111e-02;4.282102e-02;2.767099e-02;2.772135e-02;2.654009e-02
1.383729e-01;5.108596e-02;1.507969e-01;4.864581e-02;1.287801e-01;6.819192e-02;2.046987e-01;6.410810e-02;5.535143e-02;2.471948e-02;3.714492e-02;2.810375e-02
9.081311e-02;5.249361e-02;1.859766e-01;6.991171e-02;1.116465e-01;6.141265e-02;2.476080e-01;4.160809e-02;5.501798e-02;2.621173e-02;3.356652e-02;2.373358e-02
6.238985e-02;4.566923e-02;1.373808e-01;9.351785e-02;1.001848e-01;9.658001e-02;2.316391e-01;8.153191e-02;4.113653e-02;4.758789e-02;3.140958e-02;3.097233e-02
7.352254e-02;4.242856e-02;1.929338e-01;7.399078e-02;1.049684e-01;7.874794e-02;1.580649e-01;1.070892e-01;4.364910e-02;5.740869e-02;2.885866e-02;3.833746e-02
9.083551e-02;4.692777e-02;1.620825e-01;8.859926e-02;1.005597e-01;4.623540e-02;1.643240e-01;1.042192e-01;6.838384e-02;6.301458e-02;3.313304e-02;3.168524e-02
1.155263e-01;6.770834e-02;1.209586e-01;5.957517e-02;9.278265e-02;6.848226e-02;1.654179e-01;7.570042e-02;8.145168e-02;8.481304e-02;3.765743e-02;2.992627e-02
1.078569e-01;6.558400e-02;2.106418e-01;4.834215e-02;8.681979e-02;7.043219e-02;1.441212e-01;4.662979e-02;8.263459e-02;7.569504e-02;1.916999e-02;4.207259e-02
7.385518e-02;5.105176e-02;2.558082e-01;9.138355e-02;7.261847e-02;6.232863e-02;1.267893e-01;6.151683e-02;6.152197e-02;6.725219e-02;3.792995e-02;3.794400e-02
5.139444e-02;4.539949e-02;2.440261e-01;9.512816e-02;8.271781e-02;6.715976e-02;1.130550e-01;8.357573e-02;4.590259e-02;6.942055e-02;6.247835e-02;3.974202e-02
4.234588e-02;4.723467e-02;2.290998e-01;6.706159e-02;1.154090e-01;7.008447e-02;8.449882e-02;7.148705e-02;5.899036e-02;7.741805e-02;8.691104e-02;4.945924e-02
2.243494e-02;5.266676e-02;1.439417e-01;5.483899e-02;1.492291e-01;9.060948e-02;9.403979e-02;6.757019e-02;7.949199e-02;1.032606e-01;8.679467e-02;5.512183e-02
4.339296e-02;5.454566e-02;1.060303e-01;6.913222e-02;1.367875e-01;1.162857e-01;9.963955e-02;6.595729e-02;7.821485e-02;9.716589e-02;6.647076e-02;6.637728e-02
7.319069e-02;4.521073e-02;1.327213e-01;7.164250e-02;7.773769e-02;8.950523e-02;8.329736e-02;1.048357e-01;8.144351e-02;1.010148e-01;6.018458e-02;7.921599e-02
6.687682e-02;7.142952e-02;1.304984e-01;1.206546e-01;7.067312e-02;5.100337e-02;7.954154e-02;1.073478e-01;1.017964e-01;9.252145e-02;4.301697e-02;6.463999e-02
6.344789e-02;7.134538e-02;8.052535e-02;1.129640e-01;7.539640e-02;3.976716e-02;1.174983e-01;1.199063e-01;1.286785e-01;8.256802e-02;5.245108e-02;5.545163e-02
6.392559e-02;5.115742e-02;9.354148e-02;9.741911e-02;9.030114e-02;5.033598e-02;1.310488e-01;1.231372e-01;1.399906e-01;6.921583e-02;4.183268e-02;4.809413e-02
7.130491e-02;5.221488e-02;1.452435e-01;9.357601e-02;1.023383e-01;6.806579e-02;1.097486e-01;6.487561e-02;1.060518e-01;7.868550e-02;6.319346e-02;4.470154e-02
2.232033e-02;5.497309e-02;1.083845e-01;7.023928e-02;9.796280e-02;8.376613e-02;1.430985e-01;9.772259e-02;1.039800e-01;1.106843e-01;6.258003e-02;4.428843e-02
3.111365e-02;5.755492e-02;9.587103e-02;3.499341e-02;9.418394e-02;1.011990e-01;1.504932e-01;1.351951e-01;1.386221e-01;8.312201e-02;4.551915e-02;3.213237e-02
2.688567e-02;5.325712e-02;8.520643e-02;3.366532e-02;9.455330e-02;1.247910e-01;1.460843e-01;1.418622e-01;1.538796e-01;6.450148e-02;4.428544e-02;3.102827e-02
2.711341e-02;5.323997e-02;7.217635e-02;3.861107e-02;9.381236e-02;1.375825e-01;1.297459e-01;1.432849e-01;1.582391e-01;7.019353e-02;3.922853e-02;3.677228e-02
7.211392e-02;9.767227e-02;1.583592e-01;6.010057e-02;7.029265e-02;6.829551e-02;1.418723e-01;9.040572e-02;1.053770e-01;6.613380e-02;3.337092e-02;3.600613e-02
1.340705e-01;1.279333e-01;2.212919e-01;5.922267e-02;4.958153e-02;3.848718e-02;1.609690e-01;5.327641e-02;4.900253e-02;4.479901e-02;2.798353e-02;3.338247e-02
1.601652e-01;1.226058e-01;2.346493e-01;6.405824e-02;7.160087e-02;5.768183e-02;1.315369e-01;2.402505e-02;3.830168e-02;3.462958e-02;2.047924e-02;4.026629e-02
1.486722e-01;9.272254e-02;2.226328e-01;8.366504e-02;1.049575e-01;7.186090e-02;1.030524e-01;1.672784e-02;4.282224e-02;2.717663e-02;3.019134e-02;5.551856e-02
8.804916e-02;1.103348e-01;1.966822e-01;1.161420e-01;1.247469e-01;8.971338e-02;7.659890e-02;2.938598e-02;3.823139e-02;2.660376e-02;4.597367e-02;5.753790e-02
5.430439e-02;9.702222e-02;2.283505e-01;1.339345e-01;1.004065e-01;8.496178e-02;1.170116e-01;3.426459e-02;3.135114e-02;3.894215e-02;4.325545e-02;3.619514e-02
4.903965e-02;1.065047e-01;2.600259e-01;1.107824e-01;7.734817e-02;7.683454e-02;1.463755e-01;2.903041e-02;2.413061e-02;4.336710e-02;3.857161e-02;3.798942e-02
5.997156e-02;9.448224e-02;1.984604e-01;7.501237e-02;5.180971e-02;1.117297e-01;1.566347e-01;4.112459e-02;3.460669e-02;3.390200e-02;4.282694e-02;9.943906e-02
9.312399e-02;9.541991e-02;1.007846e-01;5.807304e-02;4.571557e-02;2.129139e-01;1.315287e-01;3.011895e-02;5.191392e-02;2.158804e-02;3.781355e-02;1.210058e-01
7.857485e-02;1.141705e-01;8.160438e-02;7.319784e-02;8.544819e-02;2.413386e-01;8.411062e-02;1.649089e-02;8.384557e-02;2.538835e-02;2.161683e-02;9.421342e-02
4.372479e-02;1.257107e-01;1.036797e-01;8.139163e-02;1.028070e-01;2.207806e-01;4.146297e-02;1.598134e-02;1.175284e-01;3.747416e-02;2.552586e-02;8.393293e-02
5.153467e-02;1.245310e-01;1.086805e-01;7.674631e-02;1.127218e-01;2.232499e-01;2.814896e-02;1.778058e-02;1.256143e-01;3.866634e-02;3.249106e-02;5.983457e-02
7.700562e-02;1.092761e-01;8.413420e-02;6.507659e-02;1.318802e-01;1.957524e-01;5.022864e-02;1.659328e-02;1.039892e-01;5.829524e-02;5.664692e-02;5.112147e-02
8.488477e-02;8.599710e-02;9.098370e-02;7.277868e-02;1.456344e-01;1.590000e-01;8.805840e-02;1.790558e-02;7.716280e-02;7.699531e-02;5.632520e-02;4.427401e-02
8.425339e-02;6.776559e-02;5.120940e-02;8.905710e-02;1.637629e-01;1.621067e-01;1.018166e-01;4.610219e-02;7.983340e-02;6.895760e-02;3.908384e-02;4.605129e-02
5.501494e-02;5.501588e-02;1.196320e-01;4.883581e-02;1.189477e-01;1.494563e-01;4.924565e-02;8.495944e-02;1.011404e-01;6.402326e-02;8.561140e-02;6.811722e-02
4.952741e-02;8.048163e-02;2.108039e-01;5.727855e-02;1.003427e-01;5.672952e-02;6.246055e-02;4.410631e-02;8.055520e-02;1.047840e-01;1.117173e-01;4.121299e-02
5.009056e-02;1.070776e-01;2.603753e-01;5.091935e-02;1.197691e-01;3.273071e-02;8.108341e-02;2.964434e-02;6.219428e-02;1.103870e-01;6.760731e-02;2.812097e-02
8.135390e-02;1.030517e-01;2.189352e-01;4.464532e-02;1.113431e-01;5.147913e-02;9.454753e-02;3.870259e-02;7.349580e-02;9.873673e-02;4.981611e-02;3.389285e-02
1.068489e-01;7.121962e-02;1.361796e-01;5.981408e-02;1.273817e-01;6.977826e-02;9.722751e-02;5.238038e-02;1.079414e-01;8.327540e-02;5.607055e-02;3.188261e-02
9.092622e-02;7.971741e-02;1.224876e-01;7.834832e-02;1.377979e-01;9.275839e-02;8.375501e-02;5.105369e-02;9.245501e-02;8.991126e-02;4.039231e-02;4.039684e-02
6.773490e-02;8.979379e-02;9.929341e-02;7.915793e-02;1.705552e-01;8.705268e-02;7.927443e-02;4.786916e-02;9.391256e-02;8.924381e-02;3.939560e-02;5.671657e-02
7.524954e-02;1.058273e-01;1.293024e-01;7.678185e-02;1.655903e-01;8.336953e-02;6.811841e-02;3.925866e-02;7.872721e-02;4.638870e-02;3.484938e-02;9.653676e-02
7.830086e-02;1.109376e-01;1.591389e-01;6.072873e-02;1.156558e-01;1.174759e-01;6.831598e-02;5.244544e-02;5.573124e-02;4.660660e-02;3.611073e-02;9.855218e-02
8.217452e-02;8.498343e-02;1.059460e-01;6.620920e-02;9.871823e-02;1.142694e-01;7.081242e-02;6.777987e-02;8.162712e-02;6.116659e-02;6.700888e-02;9.930439e-02
1.246078e-01;6.610084e-02;8.805171e-02;6.681336e-02;7.718901e-02;7.878131e-02;8.908442e-02;6.420126e-02;8.936714e-02;7.900305e-02;7.602069e-02;1.007794e-01
1.372466e-01;8.162555e-02;1.189830e-01;8.504914e-02;7.811882e-02;1.049302e-01;1.217827e-01;4.147159e-02;5.291482e-02;5.320528e-02;6.149595e-02;6.317629e-02
7.375275e-02;4.923787e-02;1.342050e-01;6.934682e-02;9.711336e-02;9.784672e-02;1.473474e-01;7.299588e-02;8.939551e-02;5.416674e-02;6.428747e-02;5.030452e-02
6.788669e-02;4.511392e-02;1.435776e-01;8.058003e-02;1.046741e-01;9.602112e-02;1.428754e-01;5.868807e-02;7.251932e-02;4.213425e-02;7.184715e-02;7.408230e-02
6.381486e-02;3.864717e-02;1.060494e-01;6.137366e-02;1.300174e-01;1.024046e-01;1.136749e-01;3.481860e-02;1.007249e-01;5.785417e-02;7.708063e-02;1.135397e-01
5.972609e-02;3.337070e-02;1.013944e-01;5.173404e-02;1.132314e-01;1.052017e-01;1.672559e-01;7.631517e-02;1.213878e-01;8.389330e-02;4.337994e-02;4.310960e-02
7.252719e-02;3.889549e-02;6.365529e-02;5.076559e-02;1.220155e-01;1.518016e-01;1.954236e-01;6.665244e-02;1.111881e-01;7.535060e-02;2.793211e-02;2.379244e-02
9.311022e-02;3.750043e-02;2.238024e-02;5.057345e-02;1.338350e-01;2.079826e-01;2.229629e-01;4.296507e-02;8.495668e-02;7.386422e-02;1.128573e-02;1.858346e-02
1.042796e-01;3.332169e-02;2.350561e-02;5.876772e-02;1.363717e-01;2.039399e-01;2.705314e-01;1.828030e-02;5.762010e-02;6.939992e-02;4.874353e-03;1.910773e-02
1.075712e-01;3.186544e-02;3.339387e-02;7.380055e-02;1.388236e-01;1.432232e-01;3.119888e-01;1.448958e-02;3.973499e-02;6.573934e-02;1.259502e-02;2.677448e-02
8.312524e-02;3.565198e-02;6.815810e-02;6.967258e-02;1.149565e-01;1.146697e-01;3.586937e-01;1.963330e-02;3.436195e-02;5.257059e-02;1.915301e-02;2.935327e-02
5.621668e-02;3.273485e-02;6.582189e-02;4.115681e-02;7.991056e-02;1.141453e-01;4.559197e-01;2.635127e-02;3.627614e-02;3.209794e-02;3.623234e-02;2.313656e-02
5.352985e-02;4.449865e-02;5.712929e-02;2.131058e-02;6.622280e-02;8.076302e-02;4.955562e-01;3.336969e-02;3.461105e-02;4.572127e-02;4.695415e-02;2.033340e-02
6.698598e-02;4.519854e-02;5.130487e-02;3.278685e-02;7.545666e-02;8.201633e-02;4.444802e-01;3.226670e-02;2.969247e-02;5.950677e-02;5.824453e-02;2.206006e-02
7.878312e-02;4.513978e-02;4.263452e-02;5.236845e-02;9.529494e-02;7.687811e-02;3.805841e-01;4.082935e-02;2.786752e-02;7.437097e-02;5.954229e-02;2.570689e-02
9.410950e-02;3.746266e-02;9.496468e-02;6.756414e-02;1.339970e-01;9.303969e-02;2.533222e-01;4.623849e-02;3.578498e-02;7.543898e-02;4.652140e-02;2.155633e-02
7.704835e-02;3.443937e-02;1.902395e-01;7.339995e-02;1.873532e-01;1.091071e-01;1.334847e-01;4.326918e-02;3.870849e-02;5.692428e-02;3.571767e-02;2.030826e-02
3.516810e-02;4.517642e-02;1.520022e-01;5.860455e-02;1.613862e-01;1.144707e-01;2.576368e-01;4.908993e-02;3.777253e-02;4.157246e-02;2.790542e-02;1.921471e-02
5.184856e-02;6.988163e-02;1.363644e-01;6.194291e-02;1.023113e-01;1.003426e-01;2.425337e-01;5.145926e-02;4.334304e-02;5.475856e-02;4.949602e-02;3.571805e-02
5.106817e-02;9.065656e-02;1.514265e-01;5.464917e-02;1.000205e-01;6.741609e-02;1.743859e-01;4.300633e-02;5.514814e-02;8.840560e-02;6.484492e-02;5.897208e-02
4.948023e-02;6.618739e-02;1.053452e-01;5.540614e-02;1.025459e-01;1.100456e-01;8.628953e-02;9.849479e-02;8.370940e-02;9.685439e-02;7.347999e-02;7.216139e-02
7.162970e-02;7.142788e-02;5.403318e-02;5.291889e-02;6.921966e-02;1.192492e-01;9.555732e-02;1.139866e-01;1.112201e-01;7.044791e-02;1.057659e-01;6.454373e-02
8.420164e-02;8.019760e-02;7.315094e-02;5.408052e-02;6.893205e-02;1.109557e-01;1.044556e-01;9.843525e-02;1.119175e-01;5.445744e-02;1.130812e-01;4.613459e-02
7.500842e-02;8.963961e-02;1.471061e-01;7.891329e-02;7.470454e-02;8.620521e-02;8.523324e-02;7.406192e-02;7.071440e-02;5.230576e-02;1.208489e-01;4.525861e-02
7.883327e-02;8.990253e-02;2.145994e-01;9.247586e-02;7.469852e-02;5.333040e-02;1.418532e-01;5.411456e-02;2.648721e-02;4.355666e-02;6.521592e-02;6.493250e-02
8.425001e-02;6.837570e-02;1.915974e-01;1.066106e-01;1.254253e-01;7.110712e-02;1.244754e-01;4.766325e-02;4.375796e-02;2.960498e-02;3.603773e-02;7.109448e-02
6.669159e-02;5.919177e-02;1.449802e-01;1.295573e-01;1.925029e-01;8.912779e-02;6.890082e-02;6.905726e-02;5.769904e-02;2.053725e-02;2.826991e-02;7.348420e-02
3.616085e-02;4.288499e-02;1.107119e-01;1.769989e-01;1.980437e-01;6.863932e-02;6.787357e-02;1.067176e-01;5.387646e-02;2.965186e-02;6.144417e-02;4.699663e-02
2.225970e-02;3.660438e-02;1.765406e-01;1.753303e-01;1.447940e-01;4.184895e-02;1.316743e-01;9.581709e-02;5.636370e-02;4.665858e-02;5.782508e-02;1.428325e-02
2.609785e-02;5.540873e-02;1.933614e-01;8.714166e-02;8.683644e-02;7.733530e-02;2.068910e-01;6.444402e-02;8.339638e-02;4.888957e-02;3.787047e-02;3.232716e-02
3.403084e-02;7.301877e-02;1.250027e-01;7.821028e-02;5.449426e-02;1.368983e-01;1.873524e-01;6.539547e-02;1.283644e-01;2.632973e-02;4.038424e-02;5.051865e-02
6.003499e-02;5.616453e-02;1.139034e-01;9.018017e-02;7.788318e-02;1.173308e-01;1.141116e-01;8.489212e-02;1.280468e-01;4.188978e-02;7.848548e-02;3.707715e-02
5.480900e-02;5.871990e-02;1.262803e-01;1.003680e-01;1.077856e-01;5.827191e-02;1.286374e-01;9.526422e-02;7.161234e-02;6.638092e-02;8.291539e-02;4.895504e-02
3.328988e-02;6.534886e-02;8.940140e-02;8.926549e-02;9.181158e-02;5.283400e-02;2.348428e-01;5.340376e-02;7.168719e-02;5.886907e-02;8.190048e-02;7.734553e-02
2.351751e-02;4.645610e-02;6.800477e-02;5.792922e-02;5.742359e-02;1.002308e-01;2.826040e-01;3.918483e-02;1.168335e-01;2.785264e-02;1.130750e-01;6.688793e-02
2.807351e-02;3.279039e-02;6.075370e-02;3.362017e-02;6.446619e-02;1.254586e-01;2.031888e-01;9.164080e-02;1.178352e-01;6.652352e-02;1.501584e-01;2.549061e-02
2.767546e-02;4.105623e-02;4.353594e-02;4.173073e-02;1.074203e-01;1.354292e-01;1.497728e-01;1.103847e-01;1.112634e-01;8.338691e-02;1.358647e-01;1.247958e-02
2.199194e-02;5.976837e-02;7.352449e-02;3.898517e-02;1.601614e-01;1.576180e-01;1.218008e-01;1.071725e-01;8.349312e-02;7.481056e-02;8.794388e-02;1.272973e-02
1.559965e-02;6.027683e-02;1.238052e-01;6.799843e-02;1.911888e-01;1.931366e-01;9.347829e-02;5.422179e-02;6.416474e-02;5.410463e-02;5.783038e-02;2.419466e-02
1.954920e-02;5.637578e-02;9.986337e-02;7.367410e-02;1.702039e-01;1.820673e-01;1.425886e-01;6.463599e-02;8.161929e-02;3.920085e-02;4.174462e-02;2.847701e-02
2.303904e-02;4.090103e-02;1.382354e-01;6.054466e-02;1.134949e-01;1.308840e-01;2.061455e-01;8.709124e-02;8.875054e-02;4.152356e-02;3.799338e-02;3.139685e-02
2.790195e-02;3.808411e-02;1.313174e-01;6.393646e-02;9.825685e-02;1.163788e-01;2.666920e-01;6.626067e-02;6.845362e-02;4.366570e-02;4.551592e-02;3.353650e-02
5.031829e-02;5.295337e-02;1.079372e-01;5.206825e-02;9.109493e-02;1.159932e-01;2.798591e-01;5.519449e-02;6.588233e-02;4.856064e-02;4.173891e-02;3.839934e-02
6.787503e-02;5.164241e-02;8.448616e-02;4.565898e-02;5.070952e-02;1.141105e-01;2.726142e-01;6.968696e-02;8.354486e-02;6.929515e-02;5.384601e-02;3.653027e-02
8.253353e-02;5.210484e-02;1.151085e-01;7.668979e-02;7.499932e-02;1.060917e-01;1.855520e-01;5.160566e-02;7.929634e-02;6.915246e-02;7.591987e-02;3.094603e-02
4.981402e-02;5.097891e-02;1.841951e-01;8.494154e-02;1.096926e-01;8.027200e-02;1.315029e-01;4.821759e-02;9.215326e-02;5.449922e-02;8.424184e-02;2.949109e-02
