3.287163e-02;1.683379e-01;1.884992e-01;1.663203e-02;1.031384e-02;6.925091e-02;2.546550e-02;2.264683e-01;1.728001e-01;3.058164e-02;3.213049e-02;2.664855e-02
3.002866e-02;1.685306e-01;1.804993e-01;1.441525e-02;1.430524e-02;1.233738e-01;4.121470e-02;2.043666e-01;1.353875e-01;2.745194e-02;3.533450e-02;2.509200e-02
1.880510e-02;1.441699e-01;1.294887e-01;1.171374e-02;1.737176e-02;1.574971e-01;9.311782e-02;2.390839e-01;1.040609e-01;2.116500e-02;4.831261e-02;1.521345e-02
1.122064e-02;1.347895e-01;6.799492e-02;9.760416e-03;1.935648e-02;1.328323e-01;1.345315e-01;3.006606e-01;1.055741e-01;2.072737e-02;5.638358e-02;6.168567e-03
1.371382e-02;1.512544e-01;5.708967e-02;6.751440e-03;2.512119e-02;9.590310e-02;1.443379e-01;3.037871e-01;1.166056e-01;2.126130e-02;6.151102e-02;2.663495e-03
1.015380e-02;1.451783e-01;7.348772e-02;7.701254e-03;3.191642e-02;1.123525e-01;1.386998e-01;2.784092e-01;1.026980e-01;1.916636e-02;7.460202e-02;5.634607e-03
1.031816e-02;1.178761e-01;8.502989e-02;1.645245e-02;6.320755e-02;1.010081e-01;1.313105e-01;2.694302e-01;8.637821e-02;1.513188e-02;9.704699e-02;6.810023e-03
7.252997e-03;8.002433e-02;6.946021e-02;2.541472e-02;7.638936e-02;8.735333e-02;1.104199e-01;3.168000e-01;9.718191e-02;1.524578e-02;1.063070e-01;8.150541e-03
9.642160e-03;7.493712e-02;3.025781e-02;3.321873e-02;6.002361e-02;6.946082e-02;9.996355e-02;3.582501e-01;1.216600e-01;2.178329e-02;1.007696e-01;2.003318e-02
1.393697e-02;1.086327e-01;6.179005e-02;2.294728e-02;3.994111e-02;9.226244e-02;1.099029e-01;2.856647e-01;1.294446e-01;2.172684e-02;9.588208e-02;1.786827e-02
1.416829e-02;1.481377e-01;9.810585e-02;7.818045e-03;2.660598e-02;1.224650e-01;1.105671e-01;2.616479e-01;8.283271e-02;2.202997e-02;9.611499e-02;9.506439e-03
1.636857e-02;1.831470e-01;1.278327e-01;5.976441e-03;3.908972e-02;1.157525e-01;9.997816e-02;2.220961e-01;3.430448e-02;1.895988e-02;1.202892e-01;1.620530e-02
1.717285e-02;2.182712e-01;1.565404e-01;8.084626e-03;5.336222e-02;8.855039e-02;7.485805e-02;1.616556e-01;3.109738e-02;1.575966e-02;1.466535e-01;2.799411e-02
1.782432e-02;2.735021e-01;1.614158e-01;5.851218e-03;5.928319e-02;7.110275e-02;6.501226e-02;1.302329e-01;2.320614e-02;9.008041e-03;1.541803e-01;2.938096e-02
2.061049e-02;3.000693e-01;1.338164e-01;5.957981e-03;5.068557e-02;1.024562e-01;6.697625e-02;1.356083e-01;3.297732e-02;8.601542e-03;1.263123e-01;1.592845e-02
2.839473e-02;2.994066e-01;1.054135e-01;1.096587e-02;3.360645e-02;1.363134e-01;7.109370e-02;1.388898e-01;4.606345e-02;1.597168e-02;1.055971e-01;8.283802e-03
3.299402e-02;2.442541e-01;6.883443e-02;2.928313e-02;4.698977e-02;1.756264e-01;6.468149e-02;1.206472e-01;6.441522e-02;2.453705e-02;9.635872e-02;3.137843e-02
1.442401e-02;1.003118e-01;1.074378e-01;4.465016e-02;6.702636e-02;1.275086e-01;3.736056e-02;2.578681e-01;1.015338e-01;3.666884e-02;6.117225e-02;4.403772e-02
1.639373e-02;3.352596e-02;1.258030e-01;4.291685e-02;6.354501e-02;4.921682e-02;3.098985e-02;3.763631e-01;1.499711e-01;3.256000e-02;3.037350e-02;4.834117e-02
2.112532e-02;3.826280e-02;8.708943e-02;8.735140e-02;7.580679e-02;3.699046e-02;2.884389e-02;3.355720e-01;2.038658e-01;1.815048e-02;3.502877e-02;3.191288e-02
5.156701e-02;4.535256e-02;5.654848e-02;1.445997e-01;7.515668e-02;3.742259e-02;3.330560e-02;2.169870e-01;2.463485e-01;2.719908e-02;5.249808e-02;1.301465e-02
6.604441e-02;3.659390e-02;1.007765e-01;1.329082e-01;8.000971e-02;8.532200e-02;5.910283e-02;1.017142e-01;2.143961e-01;4.819543e-02;5.347786e-02;2.145881e-02
5.249702e-02;3.227977e-02;1.199731e-01;1.176766e-01;1.126148e-01;9.952500e-02;5.277237e-02;1.124235e-01;1.956716e-01;6.104911e-02;2.874335e-02;1.477370e-02
3.197853e-02;3.971669e-02;9.153056e-02;1.028407e-01;1.899537e-01;1.050001e-01;2.575855e-02;9.872937e-02;1.992196e-01;9.259091e-02;1.268314e-02;9.998095e-03
1.835287e-02;6.065448e-02;3.782007e-02;7.164136e-02;2.197188e-01;9.484355e-02;2.314879e-02;1.156282e-01;1.868824e-01;1.344177e-01;2.667168e-02;1.022017e-02
1.119558e-02;7.400497e-02;1.541726e-02;6.147031e-02;1.550173e-01;1.130366e-01;5.717789e-02;1.276210e-01;1.674968e-01;1.399299e-01;6.543040e-02;1.220192e-02
9.203895e-03;6.072805e-02;2.778099e-02;3.384212e-02;6.613632e-02;2.201467e-01;7.435206e-02;9.843533e-02;1.370737e-01;1.222008e-01;1.300093e-01;2.009068e-02
1.199909e-02;3.699832e-02;4.646220e-02;1.556363e-02;5.173824e-02;2.914825e-01;7.755379e-02;5.595026e-02;1.184951e-01;8.281406e-02;1.765793e-01;3.436346e-02
1.511894e-02;2.171315e-02;4.822372e-02;2.187366e-02;9.105272e-02;2.430139e-01;1.203282e-01;4.360371e-02;1.131046e-01;5.571418e-02;1.565274e-01;6.972577e-02
2.498093e-02;5.593113e-02;5.916577e-02;2.474961e-02;1.046723e-01;1.437429e-01;1.640306e-01;7.865036e-02;1.145018e-01;4.604220e-02;9.872654e-02;8.480588e-02
4.394216e-02;7.191323e-02;7.392859e-02;2.937501e-02;1.013782e-01;1.361409e-01;1.674295e-01;8.167147e-02;1.166096e-01;5.071924e-02;5.260883e-02;7.428323e-02
4.769774e-02;7.448679e-02;9.411485e-02;5.065640e-02;8.584436e-02;1.476354e-01;5.044486e-02;1.657222e-01;1.496210e-01;5.810643e-02;4.363493e-02;3.203510e-02
2.620481e-02;1.237201e-01;9.458228e-02;4.968564e-02;6.920880e-02;1.062121e-01;4.398040e-02;2.186595e-01;1.638428e-01;6.103142e-02;1.669285e-02;2.617923e-02
1.685869e-02;1.344013e-01;1.052924e-01;4.401247e-02;5.463544e-02;8.313478e-02;4.423599e-02;2.307047e-01;1.748667e-01;3.965038e-02;4.091185e-02;3.129531e-02
2.022635e-02;1.556942e-01;1.243780e-01;4.530286e-02;4.220382e-02;9.210271e-02;6.782998e-02;1.694362e-01;1.460127e-01;6.890336e-02;3.572245e-02;3.218729e-02
2.011955e-02;1.599341e-01;1.093291e-01;6.407603e-02;4.909514e-02;9.794144e-02;9.264828e-02;1.669662e-01;1.082478e-01;6.286517e-02;2.914657e-02;3.963073e-02
2.607326e-02;2.060090e-01;8.932995e-02;6.126953e-02;4.071153e-02;1.264548e-01;9.082547e-02;1.459426e-01;8.115023e-02;4.640519e-02;2.766243e-02;5.816606e-02
4.945793e-02;2.222856e-01;1.493077e-01;3.907319e-02;3.206230e-02;1.068124e-01;6.164665e-02;1.021081e-01;7.500106e-02;2.992958e-02;2.802991e-02;1.042856e-01
5.706333e-02;1.858929e-01;1.416112e-01;4.093388e-02;3.154147e-02;9.008281e-02;8.948129e-02;7.598098e-02;6.564604e-02;2.666604e-02;2.061723e-02;1.744828e-01
4.999053e-02;1.232881e-01;1.056342e-01;4.037560e-02;4.030623e-02;1.041079e-01;1.176018e-01;6.851104e-02;5.691693e-02;2.661263e-02;3.860111e-02;2.280539e-01
3.012101e-02;8.497541e-02;9.266084e-02;3.146577e-02;3.711965e-02;1.008774e-01;8.689389e-02;1.513476e-01;1.402916e-01;3.173913e-02;5.407215e-02;1.584355e-01
2.044296e-02;5.189918e-02;5.667568e-02;2.955408e-02;3.614414e-02;1.512204e-01;4.258592e-02;2.269282e-01;2.375825e-01;5.049441e-02;5.402889e-02;4.244366e-02
1.599183e-02;5.581205e-02;5.077497e-02;3.222146e-02;3.103093e-02;2.005986e-01;3.110256e-02;1.839012e-01;2.787308e-01;4.964031e-02;4.221583e-02;2.797949e-02
5.186271e-02;8.944305e-02;1.036870e-01;5.140011e-02;5.288670e-02;1.436125e-01;3.719802e-02;1.854927e-01;1.806546e-01;3.085968e-02;2.634941e-02;4.655353e-02
5.845936e-02;2.026782e-01;9.694173e-02;4.808253e-02;6.115181e-02;8.246347e-02;5.788538e-02;1.184897e-01;1.249213e-01;3.012118e-02;3.185364e-02;8.695165e-02
3.748318e-02;2.874393e-01;6.897046e-02;3.740177e-02;8.253832e-02;5.446595e-02;5.228866e-02;7.809599e-02;1.264202e-01;4.944990e-02;3.414922e-02;9.129714e-02
2.536526e-02;3.158657e-01;3.682381e-02;4.056393e-02;1.012647e-01;4.250661e-02;5.182246e-02;5.636613e-02;1.284170e-01;7.098906e-02;4.214567e-02;8.786964e-02
3.014424e-02;2.426492e-01;6.573967e-02;4.386529e-02;1.246664e-01;6.811569e-02;3.068524e-02;5.405103e-02;1.436634e-01;7.587335e-02;4.131769e-02;7.922865e-02
9.185429e-02;1.302857e-01;1.104292e-01;6.238362e-02;1.062640e-01;8.149298e-02;4.773161e-02;5.992887e-02;1.663523e-01;5.374921e-02;3.603690e-02;5.349138e-02
1.754778e-01;4.859175e-02;1.076075e-01;1.024371e-01;6.796912e-02;5.207243e-02;6.430515e-02;8.687895e-02;1.762503e-01;3.307690e-02;5.293403e-02;3.239890e-02
1.744820e-01;2.713525e-02;7.850985e-02;1.335910e-01;5.063624e-02;3.455924e-02;4.806069e-02;1.264471e-01;1.666110e-01;3.793927e-02;7.199925e-02;5.002902e-02
1.078947e-01;4.752816e-02;7.855092e-02;1.176902e-01;3.900910e-02;5.708190e-02;2.332267e-02;1.774808e-01;1.616291e-01;5.828516e-02;7.139650e-02;6.013066e-02
5.970658e-02;9.740917e-02;1.132459e-01;8.469221e-02;3.573595e-02;9.651314e-02;2.010941e-02;1.901384e-01;1.449745e-01;5.823532e-02;5.295777e-02;4.628157e-02
4.971541e-02;1.447759e-01;1.222513e-01;7.124306e-02;5.260348e-02;1.188845e-01;3.709379e-02;1.696661e-01;1.240489e-01;4.611147e-02;3.232501e-02;3.128099e-02
1.199901e-01;1.344831e-01;6.705940e-02;9.326997e-02;7.082798e-02;6.970697e-02;2.580696e-02;1.667600e-01;1.317204e-01;2.819663e-02;5.092935e-02;4.124907e-02
1.013128e-01;1.518650e-01;9.457519e-02;8.288983e-02;6.739663e-02;4.117022e-02;2.528160e-02;1.324511e-01;1.650055e-01;3.461203e-02;6.727871e-02;3.616126e-02
5.413619e-02;2.066051e-01;1.080274e-01;4.260898e-02;6.544831e-02;4.526280e-02;3.882502e-02;7.994255e-02;1.924905e-01;5.359511e-02;7.160909e-02;4.144897e-02
2.965856e-02;2.050206e-01;9.836808e-02;5.127102e-02;5.256770e-02;4.751347e-02;3.295320e-02;1.075673e-01;2.297633e-01;6.482767e-02;4.818824e-02;3.230092e-02
3.100939e-02;1.579031e-01;5.740255e-02;7.532094e-02;4.063252e-02;6.339938e-02;3.725662e-02;1.127141e-01;2.708843e-01;7.275613e-02;4.358586e-02;3.713510e-02
7.332216e-02;1.204636e-01;6.137652e-02;8.315474e-02;2.935274e-02;1.011230e-01;2.982410e-02;1.049661e-01;2.196109e-01;7.569303e-02;6.097759e-02;4.013550e-02
6.423909e-02;1.237011e-01;8.793525e-02;7.543354e-02;3.270575e-02;1.504939e-01;2.638015e-02;1.633961e-01;8.661316e-02;5.795376e-02;7.393270e-02;5.721548e-02
7.307526e-02;1.333655e-01;1.168286e-01;6.104743e-02;2.215494e-02;1.825259e-01;3.460022e-02;1.440194e-01;4.824595e-02;4.891194e-02;6.502478e-02;7.020015e-02
6.664350e-02;1.065681e-01;7.969281e-02;1.744768e-02;1.548187e-02;1.070134e-01;3.529166e-02;1.840377e-01;1.205663e-01;4.867533e-02;1.044932e-01;1.140886e-01
5.459822e-02;1.502969e-01;7.283179e-02;8.032280e-03;1.292389e-02;1.079635e-01;3.824770e-02;2.043411e-01;9.794832e-02;3.010570e-02;1.339523e-01;8.875832e-02
3.574546e-02;2.364655e-01;6.223446e-02;1.106040e-02;1.129496e-02;1.463089e-01;5.269696e-02;1.816516e-01;5.121078e-02;1.628722e-02;1.422072e-01;5.283650e-02
2.010225e-02;3.419797e-01;6.560704e-02;2.057106e-02;6.833702e-03;1.709260e-01;5.398482e-02;1.471880e-01;3.641487e-02;1.014651e-02;1.012939e-01;2.495221e-02
2.821747e-02;3.928450e-01;1.111218e-01;3.480086e-02;2.463466e-02;1.572209e-01;5.324980e-02;1.048819e-01;2.633073e-02;7.246914e-03;4.797174e-02;1.147815e-02
3.272326e-02;3.546618e-01;1.369490e-01;3.285761e-02;7.957286e-02;1.607521e-01;7.391760e-02;6.717102e-02;2.463406e-02;8.826086e-03;1.807266e-02;9.861902e-03
3.635471e-02;2.866259e-01;9.513386e-02;5.662106e-02;1.086379e-01;1.537480e-01;1.166359e-01;7.241085e-02;3.766087e-02;8.313849e-03;1.892176e-02;8.935414e-03
3.829364e-02;2.771358e-01;8.194526e-02;3.168795e-02;7.961440e-02;1.275093e-01;1.326703e-01;1.123884e-01;4.841080e-02;1.629210e-02;4.467811e-02;9.374069e-03
6.126408e-02;2.530098e-01;9.258217e-02;3.411671e-02;8.331612e-02;9.417946e-02;9.665751e-02;1.407293e-01;4.651359e-02;1.809762e-02;5.885822e-02;2.067538e-02
8.136568e-02;1.934568e-01;1.304549e-01;7.435732e-02;9.560142e-02;6.065068e-02;5.515479e-02;1.707322e-01;4.955434e-02;1.138581e-02;4.568424e-02;3.160188e-02
7.230008e-02;1.108730e-01;2.165877e-01;9.375385e-02;5.550539e-02;5.922599e-02;5.018237e-02;2.342376e-01;3.103284e-02;2.611465e-02;2.097137e-02;2.921508e-02
3.745190e-02;5.815549e-02;2.536249e-01;5.751233e-02;1.320371e-02;9.250996e-02;4.650174e-02;2.826891e-01;7.292006e-02;3.039831e-02;8.680092e-03;4.635236e-02
1.437365e-02;8.119963e-02;1.975131e-01;2.409535e-02;1.940487e-02;1.304080e-01;4.395651e-02;3.214109e-01;8.659539e-02;1.948773e-02;8.172728e-03;5.338218e-02
1.160212e-02;1.018232e-01;1.018379e-01;3.604194e-02;3.626954e-02;1.264927e-01;3.315228e-02;3.593225e-01;1.286776e-01;1.171638e-02;1.491571e-02;3.814800e-02
2.713292e-02;1.057461e-01;5.641331e-02;8.743580e-02;4.771231e-02;6.122577e-02;2.101261e-02;3.589297e-01;1.883339e-01;8.731645e-03;2.161391e-02;1.571213e-02
4.201928e-02;6.939615e-02;5.508671e-02;1.037165e-01;3.549475e-02;4.596668e-02;3.506026e-02;3.248206e-01;2.392266e-01;1.368185e-02;2.166787e-02;1.386274e-02
3.248778e-02;7.380538e-02;9.517870e-02;6.587020e-02;3.217727e-02;7.319366e-02;4.411434e-02;2.416855e-01;2.770114e-01;2.407847e-02;2.100508e-02;1.939225e-02
3.686660e-02;1.059958e-01;8.725336e-02;4.148142e-02;4.703185e-02;9.212382e-02;3.395133e-02;1.357376e-01;3.437787e-01;3.323803e-02;1.859641e-02;2.394501e-02
3.841083e-02;9.573504e-02;3.252645e-02;4.692766e-02;3.802692e-02;5.483995e-02;1.692110e-02;2.607537e-01;3.462997e-01;3.434693e-02;2.321627e-02;1.199543e-02
3.353471e-02;8.463596e-02;4.330770e-02;5.041708e-02;2.785758e-02;9.374765e-02;2.543180e-02;3.472344e-01;2.353617e-01;2.878368e-02;2.052742e-02;9.160389e-03
4.292717e-02;9.002331e-02;9.436520e-02;5.021086e-02;3.624246e-02;1.165614e-01;4.872851e-02;3.608600e-01;9.299511e-02;2.997068e-02;1.959292e-02;1.752240e-02
2.765261e-02;1.144712e-01;9.280983e-02;4.069651e-02;5.926547e-02;1.348789e-01;6.761748e-02;2.684966e-01;1.250043e-01;2.630293e-02;2.323259e-02;1.957150e-02
5.546447e-02;1.072498e-01;8.042531e-02;4.784657e-02;9.015659e-02;1.283558e-01;4.957438e-02;2.810441e-01;1.026859e-01;1.952611e-02;1.490304e-02;2.276802e-02
3.705115e-02;8.156633e-02;1.179920e-01;3.721305e-02;4.146939e-02;1.077698e-01;3.272207e-02;3.277821e-01;1.523952e-01;2.212664e-02;1.219043e-02;2.972183e-02
3.102054e-02;7.581804e-02;8.805104e-02;4.428233e-02;4.427793e-02;8.744685e-02;1.929032e-02;3.175651e-01;2.399373e-01;2.120776e-02;1.181948e-02;1.928334e-02
2.585166e-02;6.289546e-02;4.497273e-02;4.919991e-02;4.016759e-02;6.839798e-02;2.559114e-02;3.325914e-01;2.956935e-01;2.059176e-02;2.194586e-02;1.210095e-02
3.131007e-02;9.249119e-02;4.889175e-02;5.079654e-02;4.486108e-02;4.811350e-02;3.107496e-02;3.010351e-01;2.956079e-01;2.012867e-02;2.429916e-02;1.139006e-02
3.633029e-02;1.420613e-01;4.307944e-02;5.129114e-02;4.692752e-02;5.741520e-02;2.519504e-02;3.027512e-01;2.408728e-01;1.403018e-02;1.621946e-02;2.382647e-02
1.520302e-02;1.641993e-01;6.264240e-02;3.258424e-02;3.380737e-02;9.384390e-02;3.377438e-02;3.374704e-01;1.686284e-01;1.003836e-02;7.223280e-03;4.058494e-02
1.402023e-02;1.508994e-01;7.532786e-02;1.617183e-02;1.861232e-02;1.551390e-01;5.223835e-02;3.504514e-01;1.015957e-01;1.122756e-02;7.196727e-03;4.711964e-02
2.601986e-02;1.151285e-01;6.590594e-02;1.971855e-02;1.347701e-02;2.041964e-01;5.866878e-02;3.545707e-01;7.223036e-02;1.424412e-02;1.972187e-02;3.611793e-02
3.247776e-02;6.434993e-02;4.716616e-02;3.192129e-02;3.992165e-02;1.584828e-01;3.111026e-02;3.168313e-01;2.123742e-01;1.227571e-02;2.390473e-02;2.918417e-02
6.691921e-02;5.861582e-02;1.464338e-01;5.375952e-02;4.514288e-02;1.422816e-01;3.351333e-02;1.799691e-01;2.225983e-01;1.494794e-02;1.686587e-02;1.895262e-02
4.324576e-02;5.184751e-02;2.013521e-01;3.999395e-02;2.346711e-02;1.052774e-01;4.114153e-02;2.749927e-01;1.678808e-01;2.083354e-02;1.052521e-02;1.944235e-02
1.547482e-02;4.015063e-02;2.178616e-01;3.562976e-02;1.307978e-02;8.982000e-02;4.283426e-02;3.645380e-01;1.322113e-01;2.036285e-02;5.519613e-03;2.251746e-02
9.173754e-03;4.029821e-02;1.873450e-01;8.037476e-02;8.775716e-03;1.075856e-01;4.897354e-02;3.855019e-01;8.857574e-02;1.624812e-02;6.786578e-03;2.036114e-02
2.029125e-02;4.889584e-02;1.110376e-01;1.007100e-01;2.269915e-02;1.794392e-01;4.244474e-02;3.683961e-01;7.287103e-02;1.271897e-02;1.004350e-02;1.045259e-02
2.829024e-02;7.292818e-02;5.505538e-02;7.111084e-02;3.819641e-02;2.477181e-01;3.411872e-02;3.430665e-01;7.764393e-02;1.041828e-02;9.853300e-03;1.160022e-02
3.140119e-02;1.052528e-01;8.168322e-02;3.905764e-02;3.975555e-02;2.037245e-01;2.723501e-02;3.750188e-01;4.978596e-02;1.119587e-02;1.358033e-02;2.230905e-02
2.798205e-02;9.154697e-02;6.702973e-02;3.186914e-02;2.921901e-02;1.836960e-01;4.286740e-02;3.246797e-01;1.521980e-01;1.081112e-02;1.492465e-02;2.317631e-02
2.452788e-02;6.775863e-02;6.132142e-02;3.139620e-02;3.033019e-02;2.480637e-01;3.864506e-02;2.367717e-01;2.140122e-01;1.815161e-02;1.090714e-02;1.811419e-02
1.435901e-02;8.391285e-02;8.410119e-02;3.132251e-02;3.879113e-02;1.976600e-01;3.957966e-02;2.863741e-01;1.539878e-01;2.083364e-02;2.114025e-02;2.793793e-02
1.002948e-01;1.289600e-01;5.671751e-02;3.781873e-02;2.533511e-02;1.015227e-01;3.969394e-02;1.763394e-01;7.381464e-02;6.805494e-02;1.020831e-01;8.936508e-02
1.235555e-01;1.092477e-01;7.059030e-02;5.165890e-02;3.206019e-02;6.264981e-02;3.227379e-02;6.954028e-02;8.391356e-02;8.139525e-02;1.433059e-01;1.398088e-01
1.057087e-01;9.716383e-02;8.062256e-02;5.819301e-02;4.684863e-02;6.863838e-02;5.203380e-02;8.441202e-02;7.997291e-02;7.172412e-02;1.257552e-01;1.289268e-01
7.572111e-02;6.569394e-02;1.006453e-01;6.559990e-02;7.049382e-02;8.178238e-02;1.377080e-01;1.088315e-01;8.700059e-02;4.292791e-02;7.817050e-02;8.542499e-02
7.582315e-02;6.480603e-02;9.768242e-02;7.877689e-02;8.745452e-02;1.214730e-01;1.215973e-01;8.429644e-02;9.781840e-02;6.281666e-02;7.334441e-02;3.411077e-02
7.955334e-02;4.965877e-02;8.850603e-02;9.259582e-02;1.046472e-01;1.226939e-01;9.161634e-02;7.187355e-02;1.144535e-01;8.730051e-02;7.311480e-02;2.398634e-02
9.490547e-02;3.715143e-02;7.630910e-02;1.092526e-01;1.076644e-01;9.113985e-02;8.889006e-02;5.444238e-02;1.632612e-01;1.072826e-01;4.007045e-02;2.963055e-02
1.286297e-01;2.648750e-02;6.275852e-02;1.224613e-01;7.738438e-02;3.631080e-02;1.397808e-01;3.802941e-02;2.166539e-01;1.011452e-01;2.973258e-02;2.062587e-02
1.355271e-01;1.633931e-02;9.469994e-02;1.177504e-01;6.253543e-02;2.249117e-02;1.616725e-01;4.546087e-02;2.076268e-01;8.361784e-02;2.748238e-02;2.479630e-02
1.077907e-01;2.837880e-02;1.132501e-01;1.098172e-01;9.274785e-02;2.643758e-02;1.443867e-01;5.220920e-02;1.757437e-01;1.020249e-01;2.627241e-02;2.094087e-02
7.598590e-02;5.619061e-02;9.162099e-02;1.103350e-01;1.355313e-01;3.341236e-02;1.075161e-01;4.690481e-02;1.547900e-01;1.240697e-01;2.906868e-02;3.457448e-02
5.571984e-02;8.664733e-02;9.279726e-02;1.130283e-01;1.591458e-01;3.907673e-02;8.111396e-02;5.880024e-02;1.200270e-01;1.218254e-01;2.372504e-02;4.809311e-02
4.509200e-02;1.037954e-01;8.018803e-02;1.183737e-01;1.695637e-01;5.204764e-02;5.007181e-02;9.218892e-02;1.127015e-01;1.104049e-01;2.040235e-02;4.516999e-02
3.385228e-02;7.977907e-02;6.555090e-02;1.413786e-01;1.272562e-01;6.481481e-02;7.817648e-02;1.199171e-01;1.329429e-01;9.206629e-02;3.336857e-02;3.089674e-02
2.522560e-02;7.427409e-02;7.000975e-02;1.942977e-01;5.376058e-02;6.362414e-02;1.340818e-01;1.053537e-01;1.227364e-01;7.301401e-02;5.151808e-02;3.210415e-02
3.149155e-02;8.693528e-02;4.500208e-02;1.927055e-01;6.308734e-02;6.328233e-02;1.169928e-01;1.230865e-01;1.193035e-01;7.111660e-02;6.332421e-02;2.367227e-02
3.661697e-02;1.255353e-01;4.414918e-02;1.175506e-01;1.147195e-01;4.899368e-02;6.837610e-02;1.607432e-01;1.043918e-01;9.049264e-02;5.806170e-02;3.036940e-02
2.653386e-02;1.139434e-01;4.679176e-02;6.609693e-02;1.738981e-01;5.587382e-02;3.591176e-02;1.271436e-01;1.533455e-01;1.200593e-01;4.490807e-02;3.549387e-02
1.374454e-02;8.641915e-02;3.294931e-02;7.035057e-02;2.059346e-01;4.520836e-02;2.395242e-02;1.032476e-01;2.311750e-01;1.346054e-01;2.735639e-02;2.505662e-02
2.458310e-02;5.951939e-02;3.221221e-02;6.185106e-02;1.815875e-01;5.483969e-02;1.774718e-02;1.020043e-01;3.047273e-01;1.178636e-01;2.676875e-02;1.629582e-02
4.611561e-02;2.705818e-02;4.282068e-02;6.922031e-02;1.001793e-01;4.535445e-02;3.529477e-02;1.897032e-01;3.384860e-01;7.018921e-02;2.347703e-02;1.210132e-02
5.714747e-02;1.917562e-02;3.613559e-02;8.110467e-02;6.041237e-02;2.937604e-02;3.223887e-02;2.424466e-01;3.428052e-01;4.615979e-02;3.951811e-02;1.347962e-02
4.385968e-02;3.135340e-02;5.576941e-02;6.839970e-02;5.836388e-02;3.312716e-02;2.340980e-02;3.025780e-01;2.775049e-01;3.850543e-02;4.145933e-02;2.566931e-02
2.566738e-02;3.366958e-02;8.288919e-02;2.534045e-02;5.733885e-02;4.445215e-02;4.511034e-02;3.769057e-01;1.933800e-01;3.916204e-02;2.817449e-02;4.790986e-02
9.347731e-03;3.482262e-02;1.046655e-01;2.958549e-02;4.046772e-02;4.771503e-02;6.590158e-02;3.892625e-01;1.476230e-01;5.538681e-02;1.334241e-02;6.187952e-02
3.371945e-03;2.704483e-02;1.076927e-01;3.567196e-02;3.123570e-02;4.070339e-02;5.989347e-02;4.281934e-01;1.232662e-01;6.681063e-02;2.188395e-02;5.423186e-02
6.536143e-03;3.675784e-02;8.572200e-02;5.696690e-02;4.555156e-02;6.736547e-02;3.879130e-02;4.174594e-01;1.179568e-01;5.187391e-02;4.097979e-02;3.403899e-02
7.685707e-03;5.491350e-02;5.892663e-02;7.219387e-02;1.123386e-01;9.101731e-02;4.211014e-02;3.683588e-01;7.249122e-02;3.156314e-02;6.591439e-02;2.248665e-02
9.531334e-03;6.603485e-02;4.313818e-02;5.519193e-02;1.343731e-01;1.127018e-01;5.148201e-02;3.236848e-01;9.001692e-02;1.917972e-02;8.242294e-02;1.224242e-02
8.637877e-03;8.844578e-02;4.062128e-02;2.789377e-02;1.050892e-01;1.640338e-01;7.851450e-02;2.792830e-01;8.875730e-02;1.740710e-02;9.493186e-02;6.384629e-03
1.131667e-02;1.087494e-01;5.459363e-02;2.250320e-02;4.298924e-02;2.042576e-01;8.520186e-02;2.833412e-01;7.164972e-02;1.509034e-02;9.653734e-02;3.769726e-03
1.286400e-02;1.278380e-01;4.866242e-02;2.710011e-02;2.132924e-02;2.039859e-01;6.970901e-02;3.071937e-01;7.127441e-02;1.835662e-02;8.066694e-02;1.101964e-02
1.565607e-02;1.552446e-01;7.796718e-02;3.258314e-02;2.905950e-02;1.786461e-01;7.544224e-02;2.799080e-01;6.670502e-02;1.071777e-02;6.172768e-02;1.634269e-02
2.593269e-02;1.924861e-01;1.102918e-01;3.573907e-02;3.262144e-02;1.656064e-01;8.098248e-02;2.103046e-01;5.307854e-02;1.875499e-02;6.093450e-02;1.326744e-02
2.254368e-02;2.285385e-01;9.948123e-02;2.233887e-02;4.152078e-02;1.401017e-01;1.006938e-01;1.697657e-01;5.875456e-02;2.359406e-02;7.546320e-02;1.720412e-02
1.853473e-02;2.451206e-01;8.717006e-02;1.119861e-02;4.127667e-02;1.174362e-01;1.161748e-01;1.650967e-01;4.607995e-02;1.582952e-02;1.137062e-01;2.237594e-02
2.419015e-02;2.168767e-01;1.165934e-01;2.030754e-02;7.138748e-02;8.231155e-02;9.917855e-02;1.519824e-01;4.145557e-02;1.031273e-02;1.336991e-01;3.170474e-02
2.003501e-02;1.997194e-01;1.424760e-01;3.623996e-02;9.855219e-02;5.285491e-02;7.712013e-02;1.463547e-01;2.438547e-02;1.138297e-02;1.421906e-01;4.868865e-02
2.680904e-02;1.904432e-01;1.660439e-01;4.871038e-02;8.170339e-02;4.729457e-02;6.511604e-02;1.589534e-01;1.857882e-02;1.332016e-02;1.488175e-01;3.420951e-02
2.200542e-02;1.577482e-01;2.037481e-01;5.493384e-02;4.110460e-02;3.825779e-02;5.020619e-02;1.967555e-01;1.733546e-02;1.333840e-02;1.330381e-01;7.152845e-02
1.617586e-02;1.115050e-01;2.166851e-01;3.657531e-02;1.443406e-02;2.969636e-02;4.134964e-02;2.430664e-01;3.293971e-02;1.111051e-02;7.786497e-02;1.685971e-01
8.035701e-03;7.215440e-02;2.063744e-01;2.294131e-02;5.815332e-03;3.336742e-02;3.829529e-02;2.764108e-01;4.833608e-02;1.042902e-02;3.749331e-02;2.403469e-01
7.480834e-03;4.797980e-02;1.713723e-01;2.724339e-02;1.092317e-02;3.328181e-02;3.256214e-02;2.854279e-01;7.328650e-02;5.802500e-03;2.788639e-02;2.767532e-01
3.002811e-02;3.705279e-02;1.313507e-01;3.843791e-02;2.623102e-02;2.811063e-02;2.431793e-02;2.923081e-01;9.803198e-02;8.921661e-03;2.542764e-02;2.597815e-01
4.375476e-02;2.153459e-02;8.558982e-02;5.307851e-02;4.300123e-02;2.898703e-02;1.817138e-02;3.247136e-01;1.642421e-01;1.094434e-02;2.683658e-02;1.791460e-01
1.088262e-01;2.007838e-02;6.706831e-02;5.598743e-02;3.129265e-02;3.041684e-02;1.473501e-02;3.219855e-01;2.312199e-01;1.124339e-02;1.135191e-02;9.579441e-02
1.745337e-01;2.187699e-02;5.849741e-02;5.147946e-02;2.752843e-02;1.624824e-02;1.515640e-02;2.727500e-01;2.728176e-01;2.286824e-02;5.352883e-03;6.089061e-02
1.614797e-01;7.120521e-02;4.229474e-02;4.076211e-02;3.722123e-02;1.773370e-02;1.517158e-02;1.977267e-01;3.193792e-01;4.653700e-02;8.939209e-03;4.154974e-02
8.726114e-02;1.542394e-01;4.215178e-02;2.839419e-02;5.963534e-02;3.087504e-02;1.205392e-02;1.439025e-01;3.274043e-01;6.795843e-02;1.749728e-02;2.862674e-02
5.391952e-02;1.628184e-01;4.598089e-02;2.607702e-02;6.403109e-02;8.664269e-02;1.593310e-02;9.209477e-02;3.017638e-01;7.866921e-02;3.553826e-02;3.653135e-02
4.688215e-02;7.879864e-02;9.381700e-02;2.663830e-02;4.507828e-02;1.512092e-01;2.716258e-02;1.028893e-01;2.461260e-01;6.838577e-02;6.232276e-02;5.069006e-02
4.997782e-02;3.209976e-02;1.863056e-01;1.637946e-02;7.987288e-02;2.017866e-01;2.822368e-02;6.800261e-02;1.585549e-01;5.009448e-02;6.760812e-02;6.109400e-02
5.311475e-02;4.506449e-02;2.978052e-01;1.337145e-02;1.024256e-01;2.111851e-01;2.961376e-02;2.320644e-02;7.504100e-02;3.221715e-02;5.857666e-02;5.837846e-02
6.303228e-02;4.278878e-02;3.256440e-01;1.837031e-02;5.339165e-02;2.276612e-01;3.563035e-02;6.491446e-02;5.430948e-02;2.431764e-02;4.559388e-02;4.434603e-02
6.302236e-02;6.057540e-02;2.789363e-01;2.227443e-02;3.230048e-02;2.565876e-01;4.500762e-02;6.633536e-02;7.150247e-02;2.472799e-02;3.677658e-02;4.195337e-02
3.950323e-02;1.034889e-01;1.803551e-01;3.596799e-02;2.978459e-02;2.302316e-01;4.624286e-02;1.098845e-01;1.330048e-01;2.729458e-02;2.236832e-02;4.187355e-02
3.438938e-02;9.713081e-02;1.078288e-01;2.699792e-02;3.660436e-02;1.621485e-01;4.301500e-02;2.466252e-01;1.648219e-01;2.688424e-02;2.241271e-02;3.114115e-02
3.415333e-02;6.097572e-02;1.026813e-01;2.424723e-02;5.579742e-02;1.234018e-01;3.858948e-02;3.073158e-01;1.768948e-01;2.256315e-02;2.784294e-02;2.553707e-02
3.843324e-02;9.430443e-02;1.561911e-01;2.582918e-02;4.414881e-02;1.264652e-01;3.666803e-02;2.004782e-01;1.858690e-01;3.719591e-02;3.645796e-02;1.795891e-02
4.296531e-02;1.407379e-01;2.198623e-01;3.488331e-02;4.874134e-02;1.265563e-01;2.672581e-02;1.836506e-01;6.499154e-02;4.416162e-02;4.180576e-02;2.491825e-02
3.331996e-02;1.383799e-01;2.279985e-01;1.781001e-02;4.155824e-02;9.689143e-02;2.623181e-02;1.862094e-01;1.026465e-01;5.506549e-02;4.080616e-02;3.308262e-02
3.660715e-02;9.437354e-02;1.478566e-01;4.379569e-02;5.117428e-02;1.346997e-01;5.832605e-02;1.499108e-01;1.151677e-01;8.339605e-02;4.247373e-02;4.221867e-02
2.393454e-02;5.836724e-02;1.196097e-01;7.476822e-02;6.213859e-02;1.323907e-01;9.987873e-02;1.404783e-01;9.940077e-02;7.681677e-02;6.607307e-02;4.614334e-02
1.902265e-02;7.808073e-02;1.324281e-01;7.976624e-02;7.477611e-02;7.463648e-02;9.392446e-02;1.354605e-01;8.717816e-02;8.902562e-02;9.401841e-02;4.168259e-02
2.727189e-02;1.220668e-01;1.191367e-01;4.878876e-02;8.127932e-02;1.043170e-01;4.269759e-02;1.653879e-01;1.013795e-01;9.588558e-02;5.573178e-02;3.605719e-02
2.737474e-02;1.181875e-01;8.951246e-02;4.274759e-02;7.851688e-02;1.051732e-01;2.876105e-02;1.788168e-01;1.473859e-01;7.957095e-02;7.231095e-02;3.164198e-02
2.853229e-02;1.206854e-01;9.559102e-02;5.699895e-02;8.051912e-02;9.269045e-02;4.158870e-02;1.674794e-01;1.647293e-01;6.488088e-02;5.851850e-02;2.778595e-02
2.453429e-02;8.893370e-02;1.021085e-01;1.029510e-01;1.098933e-01;8.425774e-02;7.833701e-02;1.564938e-01;1.517239e-01;5.032722e-02;3.728791e-02;1.315177e-02
1.444589e-02;7.640500e-02;6.665308e-02;1.024425e-01;1.167464e-01;1.131932e-01;7.801290e-02;1.793194e-01;1.042060e-01;6.480121e-02;5.633894e-02;2.743555e-02
1.037129e-02;6.114531e-02;3.811613e-02;7.701802e-02;1.151191e-01;1.746341e-01;9.317952e-02;1.951090e-01;8.837710e-02;4.765042e-02;6.754061e-02;3.173937e-02
7.647139e-03;5.502503e-02;3.794691e-02;6.555829e-02;1.662874e-01;2.172436e-01;9.270971e-02;1.375908e-01;7.576366e-02;4.763025e-02;6.861597e-02;2.798139e-02
1.745194e-02;7.808648e-02;3.761568e-02;6.799405e-02;2.171634e-01;1.832610e-01;4.878431e-02;9.979991e-02;1.200016e-01;5.703299e-02;5.125196e-02;2.155676e-02
2.880579e-02;8.067219e-02;4.976355e-02;6.967522e-02;1.854615e-01;1.449039e-01;1.457670e-02;1.378412e-01;1.726258e-01;6.132437e-02;3.142470e-02;2.292507e-02
3.079007e-02;6.079298e-02;6.821024e-02;7.864330e-02;1.223259e-01;1.406486e-01;2.386744e-02;1.870357e-01;1.868413e-01;5.918039e-02;2.071406e-02;2.094998e-02
3.157819e-02;3.747771e-02;6.658009e-02;9.356758e-02;9.156826e-02;1.343995e-01;3.968474e-02;2.810856e-01;1.104209e-01;5.860651e-02;3.511592e-02;1.991501e-02
1.950948e-02;7.246126e-02;1.159833e-01;4.720061e-02;1.141906e-01;8.109333e-02;2.376513e-02;2.783448e-01;1.439048e-01;4.271870e-02;3.532639e-02;2.550168e-02
1.409872e-02;7.228512e-02;9.451833e-02;3.792272e-02;1.216884e-01;1.272271e-01;3.050287e-02;2.972874e-01;9.472694e-02;3.077928e-02;4.806997e-02;3.089316e-02
1.117892e-02;6.021386e-02;7.135176e-02;5.841136e-02;1.071336e-01;1.575053e-01;6.279284e-02;2.753603e-01;1.205699e-01;1.497949e-02;3.905878e-02;2.144395e-02
1.240227e-02;5.919650e-02;6.802991e-02;7.118418e-02;1.013874e-01;1.612224e-01;5.997134e-02;2.971834e-01;6.755923e-02;4.345242e-02;3.811447e-02;2.029653e-02
1.258174e-02;5.919020e-02;3.618352e-02;5.256002e-02;1.159322e-01;1.431107e-01;2.882013e-02;2.460031e-01;1.559954e-01;6.333842e-02;6.838754e-02;1.789699e-02
5.694263e-02;1.004441e-01;6.256349e-02;4.543957e-02;5.970396e-02;1.056102e-01;4.154190e-02;1.527284e-01;1.004132e-01;4.577962e-02;1.781947e-01;5.063825e-02
9.446406e-02;9.144132e-02;8.477286e-02;2.312194e-02;4.544241e-02;1.119216e-01;3.851011e-02;5.687094e-02;8.620851e-02;4.723927e-02;2.573449e-01;6.266211e-02
1.201982e-01;5.161887e-02;8.148368e-02;1.816358e-02;3.168812e-02;1.385366e-01;3.248994e-02;4.234764e-02;7.758186e-02;3.423523e-02;3.146695e-01;5.698682e-02
1.481044e-01;2.783466e-02;7.238570e-02;5.297728e-03;3.319596e-02;1.587745e-01;2.700495e-02;2.492665e-02;5.309265e-02;3.157314e-02;3.601706e-01;5.763901e-02
1.574374e-01;1.762915e-02;6.585756e-02;4.487823e-03;5.332386e-02;1.640770e-01;2.873034e-02;2.274504e-02;4.709057e-02;4.513577e-02;3.384232e-01;5.506229e-02
1.507766e-01;2.586141e-02;5.050777e-02;6.852267e-03;5.661632e-02;2.034341e-01;2.633617e-02;2.388462e-02;6.549814e-02;5.357426e-02;2.771546e-01;5.950378e-02
1.418159e-01;2.440555e-02;3.640329e-02;1.507676e-02;4.019537e-02;2.082740e-01;3.185498e-02;3.329914e-02;1.033478e-01;6.279064e-02;2.042098e-01;9.832685e-02
1.029243e-01;4.474651e-02;2.201880e-02;1.900980e-02;3.237347e-02;1.640991e-01;3.315642e-02;7.589792e-02;1.589473e-01;7.017809e-02;1.424421e-01;1.342061e-01
5.118936e-02;5.436494e-02;3.887450e-02;1.520789e-02;4.278918e-02;1.530608e-01;2.428497e-02;1.419869e-01;2.003239e-01;6.281812e-02;1.012499e-01;1.138495e-01
6.068721e-02;6.524935e-02;6.840083e-02;1.452803e-02;4.265504e-02;1.466357e-01;4.591661e-02;1.284935e-01;1.927412e-01;4.471932e-02;8.779373e-02;1.021795e-01
8.369742e-02;6.518861e-02;6.737835e-02;3.389501e-02;4.262495e-02;1.740893e-01;7.667810e-02;1.177362e-01;1.469235e-01;5.599836e-02;8.323680e-02;5.255342e-02
6.399290e-02;6.207814e-02;4.188088e-02;4.803504e-02;4.333127e-02;1.526208e-01;5.757508e-02;1.550252e-01;1.468738e-01;1.256891e-01;5.354863e-02;4.934919e-02
4.007970e-02;5.356694e-02;2.574438e-02;4.746226e-02;7.519710e-02;1.541211e-01;6.033017e-02;1.061437e-01;1.159937e-01;1.885611e-01;6.607450e-02;6.672521e-02
3.873229e-02;5.520276e-02;3.945764e-02;4.939509e-02;7.984916e-02;1.324537e-01;9.137694e-02;8.800890e-02;1.268298e-01;1.750629e-01;7.086084e-02;5.276999e-02
5.039759e-02;5.634572e-02;6.420618e-02;4.719697e-02;5.023751e-02;1.029819e-01;1.721667e-01;8.330311e-02;1.779223e-01;1.150466e-01;5.773012e-02;2.246537e-02
6.651111e-02;5.648286e-02;8.555190e-02;3.453964e-02;4.957540e-02;1.301864e-01;1.745938e-01;5.824205e-02;1.949551e-01;8.909056e-02;4.015103e-02;2.012015e-02
6.439172e-02;4.237941e-02;6.902604e-02;2.706377e-02;4.814289e-02;1.429702e-01;1.184702e-01;8.645383e-02;1.905594e-01;1.370553e-01;3.656347e-02;3.692383e-02
2.936344e-02;3.083671e-02;3.818689e-02;1.861163e-02;4.155332e-02;1.442167e-01;1.439157e-01;9.968324e-02;2.236293e-01;1.502596e-01;3.623585e-02;4.350759e-02
1.882729e-02;4.763385e-02;3.982955e-02;2.457265e-02;4.778161e-02;1.251517e-01;1.372175e-01;1.027248e-01;2.457982e-01;1.384202e-01;3.174175e-02;4.030086e-02
2.675551e-02;7.209340e-02;4.249639e-02;2.508524e-02;4.926217e-02;7.001972e-02;1.130902e-01;8.916444e-02;2.552226e-01;1.840368e-01;4.016639e-02;3.260705e-02
3.039263e-02;9.988052e-02;4.051035e-02;2.256009e-02;3.674462e-02;8.455241e-02;8.397487e-02;8.108091e-02;2.977476e-01;1.293441e-01;5.690340e-02;3.630851e-02
1.927198e-02;9.997445e-02;1.063710e-01;4.642181e-02;7.051693e-02;9.248729e-02;6.126714e-02;1.367991e-01;2.277071e-01;4.505357e-02;4.562742e-02;4.850222e-02
2.742725e-02;9.025599e-02;1.314065e-01;4.170229e-02;9.195526e-02;1.310985e-01;5.623682e-02;2.031084e-01;1.401696e-01;2.265177e-02;2.123562e-02;4.275200e-02
2.624810e-02;1.091719e-01;1.399300e-01;4.737151e-02;1.077947e-01;1.902131e-01;6.004836e-02;1.493306e-01;8.965984e-02;1.428772e-02;2.097668e-02;4.496739e-02
2.864639e-02;9.362146e-02;1.332822e-01;9.711375e-02;1.119909e-01;2.412927e-01;6.891914e-02;7.936619e-02;4.982680e-02;7.334786e-03;3.527049e-02;5.333521e-02
2.968911e-02;9.247267e-02;1.590646e-01;1.645935e-01;7.796358e-02;2.295324e-01;4.827464e-02;5.144923e-02;3.297246e-02;1.968408e-02;5.629857e-02;3.800509e-02
3.659740e-02;6.500944e-02;2.740274e-01;1.553990e-01;6.914217e-02;1.583548e-01;4.123930e-02;5.144681e-02;4.374357e-02;3.117942e-02;5.469594e-02;1.916479e-02
4.374564e-02;7.631940e-02;3.868237e-01;9.224757e-02;3.460337e-02;7.518598e-02;6.474224e-02;4.148859e-02;8.112027e-02;4.476201e-02;4.003702e-02;1.892415e-02
4.398558e-02;1.049488e-01;4.471575e-01;3.467058e-02;2.417924e-02;3.317229e-02;7.436089e-02;2.867985e-02;9.532683e-02;5.891334e-02;2.372248e-02;3.088262e-02
3.708641e-02;1.556627e-01;3.778927e-01;2.419790e-02;2.315361e-02;4.155812e-02;6.307724e-02;4.218064e-02;1.154437e-01;5.829906e-02;2.040715e-02;4.104086e-02
3.846165e-02;1.789762e-01;2.644120e-01;2.776940e-02;1.265559e-02;5.564906e-02;4.869502e-02;7.419235e-02;1.514294e-01;5.174294e-02;2.762781e-02;6.838864e-02
6.955896e-02;1.552907e-01;2.026215e-01;2.378810e-02;1.360459e-02;5.720497e-02;6.487990e-02;7.324357e-02;1.646850e-01;4.435243e-02;2.617883e-02;1.045915e-01
1.066296e-01;1.183508e-01;2.204664e-01;2.193059e-02;1.207284e-02;6.256236e-02;8.020099e-02;3.715393e-02;1.382177e-01;7.328568e-02;2.370263e-02;1.054264e-01
1.395630e-01;1.124512e-01;2.183424e-01;1.212027e-02;1.252448e-02;5.459906e-02;7.426913e-02;2.782265e-02;1.380726e-01;1.041534e-01;3.498121e-02;7.110068e-02
1.411014e-01;1.247566e-01;1.900383e-01;1.804643e-02;1.249552e-02;4.807696e-02;6.160496e-02;3.929941e-02;1.425218e-01;1.095046e-01;3.053339e-02;8.202046e-02
8.447324e-02;1.258781e-01;1.362415e-01;4.445323e-02;1.651149e-02;3.899718e-02;5.297052e-02;7.698710e-02;1.266992e-01;9.940328e-02;8.346709e-02;1.139181e-01
3.482535e-02;1.650019e-01;1.612171e-01;7.342448e-02;3.835368e-02;4.258762e-02;3.228031e-02;1.397155e-01;7.248425e-02;6.466114e-02;9.727142e-02;7.817727e-02
6.342495e-02;1.695027e-01;1.991165e-01;6.215359e-02;3.217376e-02;6.117740e-02;3.287179e-02;1.506515e-01;8.199029e-02;3.496351e-02;7.565570e-02;3.631829e-02
1.066210e-01;2.095237e-01;1.535696e-01;3.956684e-02;1.981569e-02;5.223779e-02;5.992120e-02;1.241395e-01;1.053474e-01;2.120815e-02;6.999433e-02;3.805489e-02
1.288983e-01;2.115342e-01;1.029512e-01;3.185674e-02;2.041120e-02;4.775359e-02;5.866442e-02;1.283339e-01;1.255285e-01;1.936579e-02;8.618250e-02;3.851969e-02
7.475574e-02;2.230117e-01;9.585682e-02;2.434572e-02;2.580185e-02;4.820821e-02;3.977726e-02;1.206361e-01;1.247747e-01;4.307108e-02;1.274733e-01;5.228748e-02
4.982501e-02;1.845043e-01;1.410849e-01;2.703132e-02;2.921890e-02;7.697536e-02;4.922539e-02;1.249696e-01;1.131688e-01;5.128746e-02;8.664490e-02;6.606402e-02
