5.963122e-02;8.314420e-02;2.013173e-01;7.163149e-02;1.503530e-01;8.869225e-02;1.961451e-01;1.337929e-02;3.896229e-02;3.265528e-02;1.916153e-02;4.492707e-02
3.792867e-02;6.713001e-02;2.931817e-01;1.145938e-01;1.303311e-01;7.178730e-02;1.215338e-01;3.040901e-02;1.531919e-02;3.047239e-02;3.999287e-02;4.732021e-02
3.930113e-02;4.126468e-02;3.782005e-01;1.243050e-01;1.060306e-01;6.038319e-02;8.884707e-02;3.386843e-02;1.427749e-02;3.318056e-02;4.411087e-02;3.623048e-02
5.762874e-02;5.402247e-02;4.718433e-01;9.113210e-02;6.419213e-02;4.852436e-02;6.253951e-02;3.227084e-02;2.660332e-02;4.406104e-02;3.010581e-02;1.707636e-02
6.486503e-02;1.154298e-01;5.410487e-01;4.518074e-02;3.691088e-02;3.044800e-02;4.683450e-02;1.840035e-02;3.114145e-02;4.947551e-02;9.403373e-03;1.086167e-02
5.573352e-02;1.809596e-01;5.560839e-01;2.615161e-02;2.142995e-02;2.388343e-02;2.321866e-02;1.294344e-02;4.137015e-02;4.321378e-02;5.529512e-03;9.482428e-03
1.322881e-01;2.170172e-01;4.267585e-01;2.265181e-02;1.212420e-02;4.099235e-02;1.702897e-02;1.202828e-02;7.054157e-02;2.516253e-02;9.129596e-03;1.427692e-02
2.617030e-01;1.982441e-01;2.696253e-01;1.468391e-02;3.340904e-02;4.075227e-02;1.726871e-02;3.828467e-02;7.336094e-02;1.364405e-02;1.633888e-02;2.268514e-02
3.782201e-01;1.206428e-01;1.377188e-01;1.547215e-02;5.768523e-02;2.050323e-02;2.822188e-02;1.068428e-01;3.773586e-02;2.465340e-02;2.357407e-02;4.872965e-02
3.833660e-01;5.724377e-02;8.242172e-02;2.880873e-02;5.094058e-02;1.853182e-02;5.446152e-02;1.365411e-01;2.358130e-02;4.549357e-02;4.075656e-02;7.785325e-02
3.805744e-01;3.115643e-02;1.259518e-01;3.163718e-02;5.028557e-02;3.047618e-02;5.636388e-02;1.160490e-01;2.130850e-02;3.863484e-02;4.149267e-02;7.606955e-02
3.607612e-01;9.148054e-02;1.657656e-01;1.417001e-02;6.573783e-02;2.565430e-02;3.995709e-02;1.255821e-01;2.162378e-02;1.668578e-02;2.694893e-02;4.563283e-02
3.201482e-01;1.706976e-01;1.901162e-01;1.087150e-02;7.275910e-02;2.094760e-02;2.887888e-02;9.671099e-02;1.688552e-02;1.830551e-02;2.598112e-02;2.769786e-02
2.323284e-01;2.612073e-01;2.253357e-01;1.705995e-02;5.223634e-02;3.050695e-02;2.546041e-02;5.355059e-02;4.915986e-02;1.926531e-02;2.028801e-02;1.360117e-02
1.597697e-01;2.911601e-01;2.785760e-01;1.530613e-02;2.710080e-02;7.134181e-02;1.666656e-02;1.896256e-02;8.497543e-02;1.826772e-02;1.236589e-02;5.507244e-03
1.035892e-01;2.589950e-01;3.255841e-01;1.897847e-02;1.184674e-02;1.119254e-01;1.699108e-02;1.213557e-02;1.073014e-01;1.687534e-02;8.064574e-03;7.713141e-03
5.738312e-02;2.547755e-01;3.375235e-01;1.956219e-02;1.369592e-02;1.349448e-01;1.096428e-02;1.054325e-02;1.327561e-01;1.566578e-02;4.016194e-03;8.169331e-03
8.389152e-02;2.802747e-01;2.833828e-01;1.255187e-02;7.284140e-03;1.332420e-01;4.042036e-03;1.012516e-02;1.654612e-01;9.168099e-03;2.421538e-03;8.154990e-03
1.773978e-01;2.900349e-01;1.898542e-01;9.512406e-03;1.424035e-02;8.838497e-02;1.220767e-02;2.745260e-02;1.680629e-01;1.059330e-02;4.091082e-03;8.167798e-03
2.573237e-01;2.606860e-01;1.365584e-01;1.242827e-02;3.539961e-02;4.332741e-02;2.635179e-02;4.498683e-02;1.366065e-01;1.980814e-02;1.008758e-02;1.643570e-02
2.717444e-01;1.945696e-01;1.515874e-01;1.359488e-02;6.086943e-02;3.755638e-02;4.660960e-02;7.105114e-02;8.735021e-02;2.490617e-02;1.474010e-02;2.542076e-02
2.489723e-01;1.353354e-01;1.565646e-01;2.256657e-02;8.079296e-02;3.982726e-02;7.660180e-02;7.645956e-02;8.096145e-02;2.960007e-02;2.229032e-02;3.002769e-02
2.156282e-01;9.301222e-02;1.271825e-01;3.071460e-02;7.957003e-02;4.899282e-02;1.092412e-01;7.846369e-02;1.034621e-01;3.428355e-02;3.821098e-02;4.123815e-02
1.450880e-01;1.979771e-01;1.134349e-01;2.204516e-02;4.990772e-02;8.057979e-02;5.208701e-02;9.873842e-02;9.712379e-02;5.535141e-02;4.549183e-02;4.217492e-02
9.860034e-02;1.790114e-01;9.958123e-02;2.740823e-02;8.696086e-02;1.150610e-01;4.664052e-02;8.009077e-02;1.412255e-01;5.450925e-02;2.306174e-02;4.784914e-02
1.229813e-01;1.327433e-01;1.106086e-01;5.313404e-02;9.010334e-02;8.540317e-02;4.379658e-02;6.982546e-02;1.553996e-01;5.664680e-02;1.773477e-02;6.162304e-02
1.240704e-01;9.514975e-02;1.198859e-01;6.786606e-02;4.861751e-02;9.306394e-02;7.310240e-02;9.245455e-02;1.368524e-01;5.767949e-02;1.757664e-02;7.368097e-02
9.966574e-02;8.322295e-02;1.153480e-01;5.760298e-02;5.132014e-02;1.001481e-01;1.109929e-01;1.275101e-01;8.062296e-02;4.955007e-02;4.516466e-02;7.885148e-02
6.554794e-02;6.346224e-02;2.158132e-01;5.705621e-02;5.149052e-02;7.471611e-02;1.272343e-01;9.715935e-02;9.060784e-02;4.920265e-02;4.569561e-02;6.201399e-02
9.355640e-02;7.844558e-02;2.658098e-01;4.198517e-02;5.509475e-02;6.036833e-02;1.269783e-01;6.708869e-02;9.225632e-02;5.201180e-02;3.190940e-02;3.449547e-02
1.156667e-01;1.108808e-01;2.460781e-01;3.771103e-02;5.141333e-02;5.362866e-02;1.189535e-01;5.778421e-02;9.769166e-02;4.717999e-02;2.660709e-02;3.640486e-02
1.310046e-01;1.785394e-01;2.194439e-01;2.563598e-02;3.676354e-02;4.731318e-02;7.802761e-02;3.743015e-02;1.461644e-01;3.646591e-02;2.092238e-02;4.228900e-02
1.237921e-01;2.625367e-01;1.877689e-01;2.401092e-02;2.424518e-02;3.589685e-02;3.702679e-02;1.936828e-02;2.204213e-01;2.293130e-02;1.333373e-02;2.866789e-02
1.498202e-01;2.588351e-01;1.474846e-01;2.388164e-02;2.053569e-02;2.012203e-02;3.321488e-02;4.876773e-02;2.304969e-01;3.566488e-02;1.781053e-02;1.336592e-02
1.933671e-01;2.096578e-01;1.100974e-01;1.455859e-02;2.838207e-02;1.901662e-02;4.137556e-02;8.305495e-02;2.010754e-01;5.304556e-02;3.631112e-02;1.005792e-02
2.277198e-01;1.697894e-01;9.560743e-02;1.054706e-02;3.684762e-02;1.851252e-02;3.982153e-02;1.245954e-01;1.731016e-01;4.396677e-02;4.709082e-02;1.240002e-02
2.140927e-01;1.471372e-01;1.270138e-01;2.070707e-02;3.637249e-02;1.724776e-02;6.357328e-02;1.296891e-01;1.430486e-01;3.934985e-02;4.253262e-02;1.923550e-02
1.849486e-01;1.199342e-01;1.658351e-01;2.837100e-02;4.749440e-02;2.750256e-02;9.826460e-02;1.095330e-01;1.108311e-01;4.239278e-02;3.985110e-02;2.504156e-02
1.519816e-01;8.810451e-02;1.847289e-01;4.202811e-02;7.442719e-02;5.299614e-02;1.168668e-01;8.156355e-02;6.263754e-02;5.017232e-02;5.048188e-02;4.401149e-02
1.719675e-01;1.054712e-01;1.190113e-01;4.243338e-02;7.472446e-02;6.180209e-02;7.766965e-02;5.744051e-02;1.477769e-01;4.640080e-02;5.101039e-02;4.429194e-02
1.800190e-01;1.190366e-01;1.357962e-01;2.485158e-02;6.104313e-02;2.787713e-02;5.335425e-02;9.833995e-02;2.103445e-01;3.001135e-02;4.154969e-02;1.777666e-02
1.690928e-01;1.259107e-01;9.826202e-02;1.426224e-02;5.747670e-02;1.974416e-02;4.238128e-02;1.111023e-01;2.743044e-01;2.723841e-02;5.111629e-02;9.108759e-03
2.120832e-01;1.266369e-01;5.402727e-02;1.269881e-02;6.792364e-02;1.644215e-02;5.000582e-02;1.200727e-01;2.462450e-01;2.824398e-02;5.579264e-02;9.827889e-03
2.948008e-01;9.902128e-02;5.208344e-02;2.186948e-02;6.736708e-02;1.972411e-02;5.212952e-02;1.684818e-01;1.302689e-01;2.653190e-02;4.137076e-02;2.635094e-02
3.394994e-01;5.995561e-02;4.512209e-02;3.532119e-02;5.011039e-02;3.387248e-02;6.586856e-02;2.169989e-01;5.455809e-02;3.508218e-02;2.060337e-02;4.300772e-02
3.551383e-01;2.403128e-02;4.989588e-02;3.158594e-02;7.859848e-02;2.798548e-02;6.034026e-02;2.560461e-01;3.095567e-02;3.791632e-02;1.796752e-02;2.953873e-02
3.686589e-01;2.112366e-02;7.308114e-02;2.369391e-02;9.200236e-02;2.276705e-02;4.716156e-02;2.692395e-01;1.925342e-02;2.283097e-02;1.615950e-02;2.402800e-02
3.658144e-01;2.494447e-02;8.355389e-02;1.865601e-02;9.620081e-02;2.295109e-02;3.929726e-02;2.601014e-01;1.769162e-02;1.950652e-02;2.590550e-02;2.537694e-02
3.680796e-01;3.232639e-02;7.708044e-02;9.664836e-03;1.049611e-01;1.063424e-02;4.072598e-02;2.473766e-01;2.348985e-02;1.697582e-02;4.462545e-02;2.405967e-02
3.318515e-01;4.402190e-02;5.981055e-02;1.081363e-02;9.547903e-02;1.020263e-02;6.472954e-02;2.317647e-01;4.282877e-02;2.182332e-02;6.113087e-02;2.554364e-02
1.962608e-01;7.960039e-02;6.621247e-02;3.494557e-02;6.239058e-02;3.480444e-02;9.997265e-02;2.143881e-01;1.024902e-01;3.100173e-02;5.113646e-02;2.679652e-02
9.625442e-02;8.361664e-02;9.791960e-02;5.552689e-02;5.477163e-02;7.440060e-02;1.343408e-01;1.821152e-01;1.243000e-01;2.819297e-02;3.507203e-02;3.348931e-02
7.316615e-02;7.268609e-02;1.312334e-01;6.123195e-02;7.521231e-02;9.640739e-02;1.532298e-01;1.209137e-01;1.122746e-01;2.751892e-02;3.547760e-02;4.064806e-02
8.021788e-02;6.047329e-02;1.537007e-01;8.099242e-02;1.025038e-01;1.030625e-01;1.497677e-01;7.000618e-02;8.796719e-02;3.470197e-02;3.848810e-02;3.811821e-02
1.056907e-01;3.586956e-02;1.810932e-01;8.206721e-02;1.141214e-01;8.493682e-02;1.400804e-01;9.914974e-02;5.221331e-02;3.475706e-02;4.001772e-02;3.000287e-02
1.039319e-01;5.040717e-02;1.578144e-01;5.067636e-02;8.224606e-02;6.066469e-02;1.611385e-01;6.739890e-02;8.866320e-02;5.475834e-02;6.093727e-02;6.136328e-02
3.963764e-02;4.297207e-02;2.475862e-01;5.123061e-02;5.656875e-02;8.405144e-02;1.092476e-01;1.176334e-01;7.211497e-02;7.671323e-02;4.503724e-02;5.720694e-02
2.786752e-02;4.758907e-02;3.499179e-01;4.344535e-02;5.615409e-02;8.582663e-02;1.048814e-01;9.125273e-02;5.604631e-02;6.543854e-02;2.791354e-02;4.366701e-02
1.554832e-02;6.196757e-02;4.690644e-01;4.990050e-02;5.250494e-02;6.861247e-02;7.676210e-02;5.776087e-02;4.213620e-02;5.227957e-02;2.308585e-02;3.037722e-02
3.610890e-02;9.728307e-02;5.142352e-01;4.139687e-02;2.906362e-02;3.357242e-02;6.950236e-02;3.373287e-02;5.349629e-02;4.257750e-02;2.409406e-02;2.493683e-02
6.418586e-02;1.303592e-01;5.216410e-01;3.409554e-02;1.490561e-02;2.918054e-02;3.455754e-02;3.402365e-02;5.668801e-02;4.049614e-02;1.756653e-02;2.230035e-02
6.556050e-02;1.316141e-01;5.389103e-01;3.582441e-02;1.544922e-02;2.550134e-02;3.942922e-02;2.135620e-02;5.642781e-02;3.482742e-02;1.274733e-02;2.235211e-02
3.497631e-02;1.125111e-01;6.132559e-01;3.577754e-02;1.706720e-02;2.557406e-02;2.793508e-02;2.169773e-02;3.509757e-02;3.930612e-02;1.429273e-02;2.250867e-02
2.425050e-02;9.535247e-02;6.384268e-01;3.640117e-02;1.559816e-02;2.125706e-02;2.447798e-02;3.080474e-02;2.747430e-02;4.095533e-02;2.095565e-02;2.404580e-02
1.786586e-02;9.578896e-02;6.397402e-01;3.121379e-02;1.743841e-02;1.730577e-02;3.723502e-02;3.095760e-02;3.205140e-02;3.621070e-02;2.234570e-02;2.184658e-02
2.176957e-02;1.007751e-01;6.239223e-01;3.529203e-02;1.993250e-02;1.714072e-02;3.058726e-02;2.445934e-02;3.594898e-02;4.489469e-02;2.264591e-02;2.263156e-02
2.655557e-02;1.069176e-01;5.931070e-01;3.671328e-02;2.468628e-02;2.277399e-02;3.460964e-02;2.027022e-02;4.623847e-02;4.058779e-02;2.864346e-02;1.889669e-02
2.005296e-02;1.165397e-01;5.283173e-01;4.127793e-02;2.282966e-02;4.403543e-02;7.072412e-02;1.460159e-02;6.502124e-02;2.943916e-02;2.170048e-02;2.546046e-02
5.364000e-02;1.127329e-01;4.270693e-01;4.570347e-02;2.886021e-02;6.057536e-02;8.824774e-02;2.018108e-02;6.993097e-02;4.932868e-02;1.761818e-02;2.611210e-02
6.459627e-02;1.105170e-01;4.623426e-01;4.812246e-02;2.389349e-02;4.661351e-02;6.966271e-02;2.264189e-02;6.688049e-02;3.707665e-02;2.166161e-02;2.599125e-02
2.266034e-02;1.048568e-01;6.052035e-01;3.796804e-02;1.851400e-02;2.693655e-02;4.159761e-02;1.802773e-02;6.023608e-02;3.585398e-02;8.770957e-03;1.937439e-02
1.995976e-02;1.055543e-01;6.676244e-01;2.865368e-02;1.417605e-02;2.193873e-02;2.048724e-02;1.834709e-02;4.466931e-02;3.590766e-02;6.411363e-03;1.627037e-02
1.352164e-02;1.224055e-01;6.802453e-01;2.650606e-02;1.047989e-02;1.065958e-02;9.906666e-03;2.269734e-02;4.068064e-02;4.007282e-02;6.584610e-03;1.623997e-02
2.455848e-02;1.433516e-01;6.550009e-01;2.357765e-02;7.847997e-03;1.033386e-02;9.436767e-03;2.532894e-02;4.354081e-02;2.988797e-02;8.146961e-03;1.898807e-02
4.715469e-02;1.484778e-01;6.193544e-01;2.133199e-02;9.231160e-03;1.912345e-02;1.403965e-02;2.365440e-02;4.525806e-02;2.079097e-02;7.339892e-03;2.424345e-02
5.875256e-02;7.798401e-02;6.414037e-01;4.214961e-02;1.560826e-02;2.761451e-02;1.168212e-02;1.739371e-02;5.072542e-02;1.875151e-02;9.596916e-03;2.833764e-02
4.202973e-02;6.593112e-02;6.359915e-01;6.679853e-02;2.659539e-02;2.348037e-02;2.142350e-02;1.061148e-02;3.420327e-02;4.849701e-02;8.407602e-03;1.603059e-02
2.674064e-02;7.353260e-02;6.767651e-01;6.887595e-02;2.081375e-02;1.111563e-02;2.037112e-02;4.442349e-03;1.238157e-02;6.695456e-02;7.468417e-03;1.053823e-02
1.973004e-02;8.643123e-02;7.089889e-01;5.628609e-02;1.111362e-02;3.469867e-03;2.038509e-02;3.535510e-03;1.128407e-02;6.895297e-02;4.631128e-03;5.191480e-03
4.650195e-02;1.308913e-01;6.269312e-01;5.375461e-02;1.583692e-02;1.320586e-02;2.075486e-02;5.158096e-03;2.346839e-02;5.141790e-02;6.589415e-03;5.489456e-03
9.049299e-02;1.763593e-01;5.135545e-01;5.351562e-02;2.200180e-02;2.933950e-02;2.288711e-02;6.134592e-03;3.070640e-02;3.632685e-02;6.466874e-03;1.221448e-02
1.808352e-01;1.965803e-01;3.571467e-01;4.984261e-02;2.991661e-02;4.130528e-02;2.645647e-02;1.270494e-02;3.712447e-02;2.414984e-02;2.018877e-02;2.374877e-02
2.293321e-01;8.216849e-02;2.221665e-01;5.430581e-02;6.307848e-02;4.648896e-02;7.078670e-02;2.723426e-02;6.931137e-02;2.943872e-02;5.828369e-02;4.740486e-02
1.414298e-01;8.230755e-02;1.764073e-01;7.407591e-02;6.502314e-02;6.745334e-02;7.082867e-02;6.933706e-02;1.096663e-01;3.981266e-02;5.977675e-02;4.388155e-02
7.569905e-02;1.129008e-01;3.696299e-01;4.471594e-02;4.235688e-02;3.495179e-02;5.775015e-02;7.953403e-02;7.839295e-02;4.498195e-02;3.127399e-02;2.781259e-02
8.883311e-02;1.563462e-01;3.809836e-01;2.112610e-02;3.342216e-02;5.146744e-02;4.319126e-02;6.056419e-02;1.028262e-01;2.324268e-02;2.074399e-02;1.725312e-02
1.104034e-01;2.024137e-01;3.111919e-01;1.582018e-02;2.134253e-02;5.927061e-02;2.144845e-02;3.442670e-02;1.819585e-01;1.646142e-02;1.564469e-02;9.617835e-03
1.225122e-01;2.262436e-01;2.342127e-01;1.197975e-02;1.170382e-02;5.100910e-02;1.466035e-02;2.808039e-02;2.664459e-01;1.514038e-02;1.053851e-02;7.473300e-03
1.401881e-01;2.293727e-01;1.658137e-01;8.220987e-03;1.411244e-02;4.123287e-02;1.357193e-02;2.626865e-02;3.273417e-01;1.165373e-02;1.342030e-02;8.803020e-03
1.605531e-01;2.223046e-01;1.072772e-01;6.173159e-03;2.515827e-02;4.387965e-02;2.102483e-02;2.763012e-02;3.333404e-01;2.351562e-02;2.141469e-02;7.728379e-03
1.987091e-01;2.142804e-01;9.168349e-02;7.775855e-03;3.991463e-02;3.190036e-02;2.518880e-02;5.628495e-02;2.732351e-01;2.172310e-02;3.224538e-02;7.058823e-03
2.507827e-01;2.097705e-01;1.105850e-01;9.014108e-03;5.027482e-02;1.200594e-02;3.313046e-02;6.283396e-02;1.901507e-01;2.004801e-02;4.223536e-02;9.168355e-03
2.848377e-01;1.964213e-01;1.265607e-01;7.904748e-03;5.345422e-02;1.358638e-02;3.224094e-02;6.791574e-02;1.364462e-01;1.827977e-02;4.903904e-02;1.331316e-02
3.046428e-01;1.847149e-01;1.371559e-01;8.082702e-03;5.455862e-02;1.588257e-02;3.114624e-02;6.805415e-02;1.033797e-01;2.006224e-02;5.397800e-02;1.834225e-02
2.815351e-01;1.539375e-01;1.455354e-01;1.426281e-02;5.754035e-02;2.565701e-02;5.151198e-02;7.047696e-02;8.346744e-02;2.943309e-02;5.354213e-02;3.310022e-02
2.585820e-01;1.060689e-01;1.229400e-01;2.417579e-02;6.618184e-02;3.896470e-02;7.373004e-02;7.665885e-02;7.720939e-02;3.964980e-02;6.217117e-02;5.366746e-02
2.234360e-01;4.633156e-02;3.131222e-01;2.173863e-02;4.907998e-02;2.605598e-02;4.105233e-02;7.379320e-02;5.041029e-02;3.329938e-02;5.605383e-02;6.562652e-02
2.880954e-01;5.300133e-02;2.855359e-01;1.099126e-02;2.193013e-02;1.813117e-02;3.543886e-02;7.583854e-02;4.313798e-02;3.121573e-02;6.014445e-02;7.653917e-02
2.573450e-01;5.743751e-02;2.937147e-01;1.103128e-02;2.277751e-02;1.906921e-02;5.527795e-02;6.835123e-02;4.977288e-02;3.512678e-02;5.684166e-02;7.325434e-02
2.278468e-01;5.300333e-02;3.046413e-01;1.316528e-02;2.419994e-02;1.932091e-02;8.194774e-02;4.788355e-02;5.124540e-02;3.766611e-02;6.418701e-02;7.489266e-02
1.374276e-01;3.773053e-02;3.850327e-01;2.199875e-02;3.028227e-02;3.217817e-02;9.154522e-02;3.851896e-02;4.496561e-02;4.464289e-02;6.745940e-02;6.821785e-02
1.059875e-01;6.036555e-02;3.597348e-01;5.193026e-02;5.158817e-02;3.651096e-02;6.621492e-02;4.010133e-02;4.151735e-02;8.129604e-02;5.089241e-02;5.386068e-02
1.211797e-01;9.961125e-02;1.989407e-01;7.560925e-02;6.109796e-02;3.951835e-02;7.940326e-02;5.005459e-02;7.043263e-02;9.665149e-02;4.038835e-02;6.711243e-02
1.158242e-01;9.684632e-02;1.787695e-01;8.074856e-02;7.038150e-02;4.518818e-02;7.271118e-02;4.915205e-02;7.580574e-02;9.962756e-02;4.147569e-02;7.346950e-02
5.114412e-02;9.421042e-02;3.082847e-01;5.233195e-02;6.096277e-02;7.346325e-02;3.740575e-02;3.280685e-02;8.677746e-02;9.025814e-02;6.587493e-02;4.647972e-02
8.253681e-02;1.147839e-01;3.259201e-01;3.620300e-02;8.744490e-02;6.210445e-02;3.538572e-02;2.282186e-02;9.804925e-02;5.963374e-02;5.415448e-02;2.096181e-02
1.244450e-01;1.580697e-01;2.700461e-01;3.458659e-02;1.051160e-01;4.316909e-02;2.824601e-02;2.438270e-02;1.191998e-01;4.320487e-02;3.527128e-02;1.426287e-02
1.725034e-01;2.234842e-01;1.997220e-01;2.058380e-02;9.858114e-02;3.330553e-02;2.341196e-02;3.365557e-02;1.358939e-01;2.071069e-02;2.016751e-02;1.798033e-02
1.998231e-01;2.870034e-01;1.891750e-01;9.127547e-03;5.345920e-02;1.600539e-02;1.745253e-02;2.716445e-02;1.582487e-01;9.354510e-03;1.107504e-02;2.211121e-02
2.004910e-01;2.957759e-01;2.053747e-01;1.403653e-02;1.230595e-02;2.406475e-02;6.100282e-03;2.215724e-02;1.713479e-01;1.382258e-02;1.076837e-02;2.375478e-02
2.098155e-01;2.862621e-01;2.145075e-01;1.352778e-02;7.091077e-03;2.870380e-02;9.724615e-03;3.159792e-02;1.583299e-01;9.180996e-03;1.329840e-02;1.796047e-02
2.349826e-01;2.608167e-01;2.268491e-01;1.319703e-02;1.246037e-02;2.621329e-02;1.640956e-02;3.615658e-02;1.264415e-01;1.246452e-02;1.757129e-02;1.643744e-02
2.820999e-01;2.249814e-01;2.246400e-01;1.517139e-02;2.663653e-02;1.853788e-02;2.037779e-02;4.552381e-02;8.541884e-02;1.349003e-02;2.025373e-02;2.286872e-02
3.193430e-01;1.818951e-01;2.385043e-01;1.833611e-02;5.118280e-02;9.156348e-03;1.835451e-02;4.535627e-02;4.689885e-02;1.643210e-02;2.198981e-02;3.255088e-02
3.083511e-01;1.307403e-01;2.597811e-01;1.926108e-02;5.750399e-02;2.812659e-02;2.574889e-02;4.088121e-02;1.275510e-02;3.271791e-02;3.028852e-02;5.384418e-02
2.265039e-01;7.065544e-02;3.022203e-01;3.024355e-02;4.067721e-02;4.520834e-02;5.392644e-02;2.625765e-02;3.397131e-02;5.138883e-02;5.237793e-02;6.656905e-02
1.279656e-01;6.320551e-02;2.990756e-01;4.341821e-02;2.829580e-02;4.028637e-02;8.041957e-02;5.132773e-02;4.809410e-02;7.313741e-02;8.317650e-02;6.159769e-02
8.184951e-02;6.365246e-02;1.787743e-01;5.858460e-02;4.244244e-02;5.717153e-02;9.207665e-02;9.303431e-02;8.125838e-02;1.024062e-01;7.845174e-02;7.029796e-02
8.621252e-02;7.428985e-02;9.974275e-02;7.660734e-02;4.252369e-02;4.613232e-02;1.165119e-01;9.906412e-02;1.095216e-01;1.063998e-01;5.233819e-02;9.065589e-02
7.033807e-02;9.429273e-02;1.227156e-01;6.426409e-02;5.255968e-02;5.774176e-02;1.497764e-01;8.626885e-02;1.049055e-01;8.540957e-02;4.048468e-02;7.124307e-02
5.508782e-02;8.707986e-02;1.294220e-01;5.135596e-02;4.973464e-02;7.938974e-02;1.682032e-01;7.927166e-02;9.173685e-02;9.866626e-02;5.220629e-02;5.784572e-02
5.777076e-02;8.214727e-02;1.179436e-01;4.721738e-02;6.336461e-02;7.835983e-02;1.482439e-01;5.037250e-02;9.989012e-02;1.347596e-01;5.061331e-02;6.931711e-02
5.580056e-02;7.802431e-02;1.322173e-01;7.765763e-02;7.215071e-02;8.420217e-02;1.192582e-01;3.693196e-02;8.524544e-02;1.338739e-01;3.430040e-02;9.033738e-02
7.986327e-02;7.816248e-02;9.793730e-02;1.168169e-01;7.637680e-02;7.919603e-02;1.139936e-01;4.539129e-02;6.646959e-02;9.686180e-02;4.970735e-02;9.922363e-02
9.272090e-02;7.453631e-02;7.290987e-02;8.738078e-02;9.846472e-02;1.068362e-01;9.127276e-02;4.872465e-02;1.070025e-01;1.041466e-01;6.163293e-02;5.437166e-02
9.279301e-02;8.053716e-02;8.103486e-02;6.769529e-02;7.923014e-02;9.119340e-02;1.143939e-01;6.565712e-02;9.718695e-02;1.261881e-01;5.464388e-02;4.944618e-02
9.698734e-02;9.407721e-02;9.559952e-02;7.523627e-02;7.961007e-02;8.055197e-02;1.160146e-01;7.423373e-02;6.857417e-02;1.198890e-01;5.280089e-02;4.642532e-02
7.255405e-02;1.127229e-01;1.488086e-01;9.011324e-02;7.259869e-02;1.005785e-01;9.626938e-02;8.937980e-02;5.279908e-02;8.489556e-02;4.640055e-02;3.287961e-02
4.897906e-02;8.973850e-02;1.387666e-01;2.404551e-01;1.061246e-01;6.034153e-02;9.088583e-02;5.675865e-02;3.838952e-02;6.126097e-02;4.030995e-02;2.798964e-02
7.488944e-02;6.800897e-02;2.511467e-01;1.991717e-01;8.383533e-02;4.403011e-02;1.272016e-01;3.457679e-02;2.844499e-02;3.893247e-02;3.157156e-02;1.819025e-02
8.965345e-02;1.007216e-01;3.288318e-01;8.418322e-02;6.368762e-02;6.757437e-02;1.256106e-01;2.946161e-02;2.981207e-02;3.880762e-02;2.255899e-02;1.909700e-02
1.170384e-01;1.479893e-01;3.197035e-01;4.578593e-02;5.301768e-02;8.431233e-02;8.291762e-02;3.174103e-02;3.696573e-02;4.426134e-02;1.872367e-02;1.754358e-02
1.648037e-01;1.894600e-01;2.090398e-01;3.822961e-02;5.724414e-02;9.038992e-02;7.116502e-02;4.896729e-02;5.043235e-02;3.754005e-02;2.450432e-02;1.822378e-02
1.907450e-01;1.999710e-01;1.253645e-01;3.491241e-02;6.233658e-02;9.845653e-02;7.632461e-02;5.880597e-02;7.551198e-02;3.678015e-02;2.341208e-02;1.737921e-02
2.338766e-01;1.430977e-01;9.503601e-02;3.785960e-02;5.048534e-02;9.434605e-02;1.271786e-01;6.524149e-02;6.319088e-02;3.703323e-02;2.571326e-02;2.694126e-02
2.883395e-01;1.212110e-01;1.009987e-01;4.415024e-02;2.769718e-02;6.599351e-02;1.273522e-01;6.739284e-02;4.467434e-02;3.684172e-02;2.912990e-02;4.621897e-02
2.258439e-01;1.106562e-01;1.910200e-01;2.738200e-02;5.788362e-02;7.454789e-02;1.282521e-01;4.928761e-02;4.134827e-02;3.263501e-02;2.570419e-02;3.543925e-02
1.363812e-01;5.351869e-02;2.174510e-01;6.624392e-02;1.027483e-01;9.442484e-02;1.409345e-01;5.294605e-02;5.332304e-02;3.797005e-02;2.230416e-02;2.175424e-02
9.485054e-02;7.946644e-02;2.003159e-01;8.906940e-02;1.166853e-01;7.920357e-02;1.247879e-01;6.554007e-02;6.545963e-02;3.699942e-02;2.307397e-02;2.454781e-02
9.602975e-02;1.057470e-01;1.923833e-01;1.005331e-01;9.220671e-02;6.261763e-02;1.354181e-01;5.769048e-02;5.699632e-02;3.437942e-02;3.288877e-02;3.310942e-02
9.084187e-02;9.808227e-02;1.600814e-01;1.215965e-01;7.430652e-02;6.327222e-02;1.612792e-01;4.199297e-02;5.341506e-02;4.068805e-02;4.743233e-02;4.701155e-02
9.013902e-02;8.030906e-02;1.584306e-01;1.035655e-01;7.443961e-02;7.118940e-02;1.517629e-01;4.884305e-02;4.761122e-02;5.214925e-02;5.884639e-02;6.271396e-02
1.059183e-01;8.497059e-02;2.199206e-01;8.907373e-02;8.026540e-02;6.864632e-02;1.166775e-01;4.394403e-02;3.916242e-02;4.557506e-02;5.026929e-02;5.557675e-02
1.204969e-01;8.501988e-02;2.467087e-01;9.318989e-02;7.616959e-02;5.886722e-02;1.162392e-01;3.807475e-02;3.569201e-02;4.458407e-02;4.822457e-02;3.673333e-02
1.007443e-01;2.887238e-02;2.998143e-01;6.536038e-02;6.751652e-02;5.105689e-02;1.846138e-01;3.791754e-02;3.023771e-02;6.399766e-02;4.569758e-02;2.417093e-02
1.099355e-01;6.198999e-02;1.565091e-01;4.587928e-02;8.725292e-02;6.910930e-02;2.107831e-01;5.842604e-02;4.005248e-02;7.357547e-02;5.223179e-02;3.425494e-02
8.076183e-02;3.095431e-02;3.405639e-01;3.109256e-02;5.382989e-02;4.734379e-02;1.362404e-01;8.220170e-02;3.664612e-02;6.183638e-02;5.659938e-02;4.192964e-02
7.202359e-02;2.472525e-02;2.662733e-01;3.474687e-02;4.298619e-02;4.345028e-02;1.610762e-01;1.165139e-01;2.555301e-02;5.969843e-02;8.302213e-02;6.993087e-02
7.788734e-02;4.743090e-02;2.802980e-01;2.640640e-02;2.667641e-02;3.082510e-02;1.472971e-01;1.113878e-01;1.933196e-02;7.014506e-02;9.083132e-02;7.148257e-02
5.046534e-02;3.975781e-02;3.469249e-01;3.041065e-02;2.882283e-02;4.007219e-02;1.258028e-01;8.669841e-02;2.796185e-02;7.509908e-02;9.750218e-02;5.048202e-02
6.382505e-02;5.085337e-02;2.718380e-01;5.444614e-02;5.069711e-02;5.560846e-02;1.243570e-01;6.062685e-02;4.187309e-02;8.009259e-02;8.441215e-02;6.137016e-02
5.529008e-02;7.886792e-02;1.797374e-01;5.525344e-02;6.778271e-02;5.662588e-02;1.438638e-01;5.265471e-02;7.852985e-02;9.570420e-02;7.216961e-02;6.352037e-02
5.642255e-02;7.839235e-02;1.412335e-01;4.733757e-02;6.767776e-02;7.054754e-02;1.394386e-01;6.313814e-02;9.197430e-02;1.127886e-01;5.541235e-02;7.563672e-02
7.346677e-02;6.069975e-02;1.966515e-01;4.711754e-02;7.010806e-02;7.260781e-02;9.753206e-02;6.806418e-02;8.058815e-02;1.105896e-01;4.164595e-02;8.092860e-02
4.171170e-02;4.457681e-02;4.398565e-01;7.427025e-02;7.733661e-02;5.534126e-02;5.714198e-02;5.221210e-02;4.423826e-02;6.128811e-02;1.371816e-02;3.830824e-02
1.227188e-02;3.428903e-02;5.946756e-01;8.290029e-02;6.816850e-02;3.419998e-02;5.523694e-02;3.154776e-02;2.204281e-02;2.764711e-02;2.616077e-02;1.085933e-02
2.237582e-02;4.019289e-02;6.432330e-01;6.897275e-02;5.696175e-02;3.607127e-02;3.613021e-02;1.858262e-02;1.927973e-02;2.895468e-02;2.370482e-02;5.540442e-03
2.351939e-02;4.008536e-02;6.075403e-01;6.032176e-02;4.362934e-02;5.426342e-02;6.017990e-02;2.131976e-02;2.318777e-02;2.376019e-02;2.661441e-02;1.557840e-02
5.102726e-02;4.765538e-02;4.027680e-01;6.290543e-02;6.431186e-02;7.331496e-02;1.116323e-01;1.522608e-02;3.599683e-02;3.145032e-02;5.622964e-02;4.748191e-02
6.923326e-02;3.460382e-02;2.363076e-01;6.583687e-02;9.500661e-02;8.063564e-02;1.440725e-01;2.765577e-02;5.543820e-02;4.943193e-02;7.093899e-02;7.083876e-02
6.862819e-02;2.580043e-02;1.510579e-01;4.849306e-02;7.992404e-02;8.023702e-02;1.698908e-01;5.198321e-02;6.078447e-02;8.254663e-02;9.593549e-02;8.471875e-02
