8.953401e-02;8.575812e-02;1.572185e-01;3.922240e-02;6.434275e-02;6.108917e-02;1.684991e-01;7.075476e-02;8.505186e-02;8.248889e-02;6.137159e-02;3.466886e-02
7.358880e-02;6.689128e-02;1.264650e-01;5.545116e-02;8.673474e-02;6.109411e-02;1.778585e-01;5.551824e-02;1.132605e-01;8.225425e-02;5.415566e-02;4.672770e-02
1.019194e-01;9.776211e-02;2.459804e-01;7.479094e-02;8.255301e-02;6.267036e-02;1.370029e-01;3.281773e-02;5.133101e-02;4.046106e-02;3.697291e-02;3.573819e-02
1.100464e-01;1.008876e-01;3.223064e-01;7.005288e-02;6.414819e-02;5.688231e-02;1.346236e-01;1.816499e-02;3.769284e-02;3.361720e-02;2.298738e-02;2.859015e-02
1.020112e-01;9.440953e-02;3.834527e-01;8.222094e-02;4.056468e-02;4.721106e-02;1.256409e-01;2.091892e-02;2.891180e-02;2.913594e-02;2.023260e-02;2.528978e-02
7.032377e-02;5.952322e-02;4.185854e-01;1.162758e-01;6.386480e-02;5.119389e-02;8.717871e-02;4.129842e-02;1.505493e-02;2.749234e-02;3.077454e-02;1.843416e-02
3.534982e-02;2.221836e-02;4.102342e-01;1.623979e-01;1.473487e-01;5.948483e-02;2.326280e-02;4.802273e-02;1.607772e-02;2.164122e-02;3.240093e-02;2.156088e-02
1.999998e-02;1.940333e-02;3.603307e-01;1.515988e-01;2.133902e-01;6.787077e-02;4.639715e-02;3.009432e-02;1.793989e-02;1.595958e-02;2.512950e-02;3.188586e-02
1.419732e-02;1.574550e-02;3.885258e-01;1.417382e-01;2.246707e-01;6.235096e-02;5.844901e-02;1.985250e-02;1.051330e-02;1.047644e-02;3.342637e-02;2.005390e-02
7.762116e-03;2.058667e-02;4.404349e-01;1.430231e-01;1.997992e-01;5.715571e-02;4.035068e-02;1.582879e-02;9.535707e-03;7.047554e-03;4.460110e-02;1.387454e-02
1.639359e-02;2.086773e-02;3.442256e-01;1.403179e-01;1.648009e-01;8.753995e-02;1.045973e-01;2.156182e-02;1.613623e-02;1.482813e-02;4.985923e-02;1.887166e-02
1.737819e-02;1.490732e-02;2.306409e-01;1.464572e-01;1.709023e-01;9.680471e-02;1.405966e-01;3.553774e-02;2.386049e-02;1.225796e-02;7.531160e-02;3.534504e-02
1.285370e-02;1.177423e-02;2.500761e-01;1.734712e-01;1.424073e-01;6.557182e-02;8.130161e-02;3.546953e-02;1.571134e-02;8.850737e-03;1.365439e-01;6.596851e-02
1.223135e-02;1.055012e-02;3.391686e-01;1.775075e-01;7.909535e-02;2.529803e-02;3.881033e-02;1.768840e-02;9.483931e-03;3.511707e-02;1.872512e-01;6.779809e-02
1.044622e-02;8.119893e-03;4.893045e-01;1.553242e-01;3.902717e-02;1.238179e-02;1.399710e-02;4.274313e-03;9.604025e-03;8.629180e-02;1.471305e-01;2.409843e-02
7.341580e-03;2.747506e-02;5.880668e-01;1.167232e-01;2.956030e-02;8.791540e-03;2.077758e-02;5.349774e-03;1.270086e-02;1.264536e-01;5.311896e-02;3.640713e-03
1.954679e-02;6.764428e-02;5.986953e-01;7.245431e-02;1.628432e-02;5.634688e-03;2.689055e-02;6.285710e-03;2.814973e-02;1.291488e-01;2.665247e-02;2.613114e-03
5.774579e-02;1.150889e-01;5.378799e-01;4.376293e-02;1.643972e-02;8.820045e-03;3.504844e-02;1.142221e-02;4.672243e-02;1.010221e-01;1.932191e-02;6.725674e-03
8.458211e-02;1.490356e-01;4.253264e-01;4.138666e-02;2.933238e-02;2.035438e-02;6.033359e-02;1.370702e-02;6.578280e-02;7.583437e-02;1.732598e-02;1.699867e-02
3.756552e-02;1.454106e-01;4.663121e-01;3.448987e-02;2.938947e-02;3.869550e-02;5.697965e-02;1.391782e-02;7.059912e-02;5.954368e-02;2.795252e-02;1.914423e-02
5.185285e-02;1.581515e-01;5.314863e-01;2.887600e-02;1.449328e-02;4.044413e-02;2.540178e-02;8.443769e-03;8.837452e-02;2.494137e-02;1.416745e-02;1.336707e-02
8.125015e-02;2.037372e-01;4.450790e-01;3.438607e-02;1.325094e-02;3.853313e-02;1.261409e-02;1.121993e-02;1.312107e-01;1.006712e-02;4.726944e-03;1.392486e-02
1.057734e-01;2.427209e-01;2.800966e-01;3.840554e-02;1.726391e-02;2.650886e-02;3.157979e-02;3.154072e-02;1.801248e-01;1.604100e-02;1.309201e-02;1.685238e-02
6.075332e-02;1.977496e-01;2.870920e-01;3.059191e-02;3.773105e-02;2.610893e-02;6.839113e-02;5.145443e-02;1.714419e-01;2.885938e-02;1.752888e-02;2.229750e-02
1.515422e-01;1.581897e-01;1.925396e-01;3.165065e-02;5.085963e-02;2.708171e-02;6.491341e-02;1.135278e-01;1.370037e-01;2.583826e-02;2.201204e-02;2.484135e-02
2.596892e-01;1.376987e-01;1.077814e-01;2.830633e-02;6.091840e-02;1.777850e-02;3.299299e-02;2.043146e-01;8.702965e-02;1.634594e-02;2.193498e-02;2.520932e-02
3.298366e-01;1.030895e-01;7.976408e-02;2.164181e-02;7.371691e-02;1.009188e-02;2.738062e-02;2.781127e-01;2.084563e-02;1.069429e-02;2.002590e-02;2.480016e-02
3.224061e-01;7.079160e-02;6.904965e-02;1.397022e-02;6.750192e-02;7.797012e-03;6.884322e-02;2.806780e-01;3.776493e-02;1.121520e-02;1.501534e-02;3.496689e-02
2.983066e-01;6.390455e-02;6.771572e-02;1.465301e-02;5.412905e-02;9.262063e-03;1.219810e-01;2.361934e-01;3.988500e-02;1.913680e-02;2.305221e-02;5.178057e-02
2.513716e-01;6.628656e-02;4.726932e-02;1.791584e-02;4.875217e-02;2.085124e-02;1.724407e-01;1.924767e-01;4.475220e-02;2.743964e-02;3.928855e-02;7.115537e-02
1.628186e-01;4.336618e-02;1.789391e-01;2.099185e-02;4.656469e-02;2.600980e-02;1.518368e-01;1.618908e-01;4.880481e-02;3.260548e-02;4.692756e-02;7.924423e-02
1.437256e-01;7.653653e-02;1.991567e-01;3.422173e-02;3.172770e-02;2.027569e-02;7.148626e-02;1.432663e-01;4.193884e-02;6.031182e-02;8.444562e-02;9.290727e-02
8.640925e-02;9.318628e-02;1.331958e-01;5.592489e-02;2.836414e-02;2.424362e-02;5.647116e-02;1.403829e-01;6.545634e-02;9.552240e-02;1.335548e-01;8.728834e-02
9.933030e-02;7.447560e-02;9.914485e-02;6.003908e-02;6.896988e-02;5.574074e-02;6.533617e-02;1.574873e-01;8.513873e-02;7.987081e-02;9.443992e-02;6.002659e-02
8.843389e-02;6.141028e-02;1.234686e-01;5.343816e-02;1.005121e-01;8.498286e-02;8.556330e-02;1.441977e-01;5.856595e-02;7.109644e-02;7.725628e-02;5.107452e-02
1.111448e-01;6.274933e-02;1.533699e-01;6.450819e-02;9.257846e-02;6.646191e-02;1.209639e-01;7.885863e-02;5.264094e-02;1.027858e-01;5.804209e-02;3.589607e-02
1.058921e-01;3.483307e-02;1.731007e-01;5.861104e-02;8.730562e-02;5.456483e-02;1.335249e-01;6.891467e-02;7.147139e-02;1.232182e-01;4.535953e-02;4.320397e-02
9.363188e-02;5.339293e-02;1.679261e-01;3.800020e-02;6.504481e-02;6.972961e-02;1.501428e-01;1.131623e-01;7.332121e-02;9.623227e-02;3.936386e-02;4.005189e-02
8.513452e-02;9.453873e-02;1.999093e-01;4.842961e-02;6.789465e-02;8.807626e-02;1.217910e-01;8.823972e-02;6.141974e-02;7.233524e-02;3.625853e-02;3.597267e-02
1.239763e-01;8.694642e-02;2.573535e-01;3.783866e-02;5.719944e-02;5.535339e-02;8.703865e-02;4.775466e-02;5.530549e-02;8.761333e-02;4.821209e-02;5.540802e-02
1.046267e-01;6.322316e-02;2.636041e-01;3.658181e-02;5.124904e-02;4.909751e-02;1.016180e-01;3.972805e-02;6.026201e-02;9.551022e-02;7.424934e-02;6.024993e-02
7.543385e-02;4.105476e-02;1.923321e-01;2.422945e-02;5.340423e-02;8.451753e-02;1.455731e-01;2.820367e-02;5.747166e-02;9.253783e-02;1.469303e-01;5.831151e-02
5.310907e-02;2.925111e-02;1.187673e-01;2.694196e-02;4.346334e-02;1.135148e-01;1.307382e-01;4.180700e-02;3.450019e-02;1.039241e-01;2.398619e-01;6.412101e-02
2.433871e-02;2.191364e-02;6.753727e-02;2.831948e-02;3.031121e-02;1.253077e-01;9.508053e-02;5.829003e-02;4.493080e-02;1.281799e-01;2.977002e-01;7.809052e-02
1.155419e-01;6.939449e-02;8.785322e-02;2.855662e-02;4.555334e-02;9.221081e-02;7.706586e-02;5.425706e-02;5.342366e-02;1.131795e-01;1.909155e-01;7.204796e-02
2.435696e-01;8.785409e-02;1.001238e-01;2.402979e-02;4.002932e-02;6.205703e-02;1.062157e-01;5.504274e-02;5.932341e-02;6.066625e-02;7.457488e-02;8.651333e-02
3.680793e-01;1.255880e-01;8.108950e-02;1.435132e-02;2.430476e-02;3.283300e-02;1.084698e-01;3.889200e-02;3.134165e-02;4.100483e-02;4.105017e-02;9.299565e-02
4.166507e-01;1.516329e-01;9.296955e-02;1.767546e-02;1.463163e-02;1.975292e-02;8.555197e-02;4.917119e-02;1.901427e-02;2.583728e-02;2.047184e-02;8.664037e-02
3.919690e-01;1.285520e-01;9.775546e-02;2.277203e-02;1.017539e-02;2.055108e-02;1.170338e-01;7.146636e-02;1.398716e-02;2.222045e-02;1.350947e-02;9.000783e-02
2.881400e-01;8.564559e-02;9.959304e-02;3.207186e-02;1.228449e-02;2.938331e-02;1.908632e-01;8.620057e-02;1.976531e-02;2.706417e-02;2.915967e-02;9.982876e-02
1.986094e-01;7.068114e-02;1.333109e-01;3.960767e-02;9.828107e-03;2.926365e-02;2.094188e-01;8.178993e-02;2.848889e-02;4.184934e-02;5.789927e-02;9.925290e-02
1.519393e-01;8.220045e-02;1.678950e-01;3.506180e-02;1.718014e-02;3.253610e-02;2.033052e-01;6.214866e-02;4.704374e-02;5.847693e-02;7.260506e-02;6.960766e-02
1.240396e-01;7.696312e-02;1.538519e-01;4.039425e-02;3.447170e-02;3.694602e-02;2.312039e-01;2.178849e-02;5.799080e-02;9.448386e-02;7.099840e-02;5.686802e-02
1.100391e-01;4.979579e-02;1.311734e-01;3.665831e-02;5.914107e-02;2.254910e-02;1.905674e-01;7.192796e-02;5.766381e-02;1.041928e-01;7.294368e-02;9.334758e-02
1.797878e-01;5.174816e-02;8.805245e-02;4.161354e-02;5.942188e-02;4.550980e-02;2.215123e-01;6.646559e-02;3.725556e-02;8.006100e-02;4.152216e-02;8.704983e-02
2.354375e-01;8.303829e-02;4.692854e-02;4.227989e-02;6.343366e-02;4.603054e-02;2.126848e-01;6.060710e-02;3.734159e-02;4.822065e-02;3.907044e-02;8.492704e-02
2.231267e-01;6.663281e-02;1.030121e-01;3.808122e-02;6.155914e-02;4.647713e-02;1.384882e-01;7.535940e-02;5.217578e-02;3.846144e-02;6.099591e-02;9.563017e-02
1.834648e-01;4.496428e-02;1.221139e-01;4.116366e-02;4.714331e-02;3.553276e-02;1.494498e-01;8.841232e-02;8.434551e-02;4.346471e-02;7.371053e-02;8.623447e-02
1.852634e-01;5.192399e-02;9.533536e-02;5.438185e-02;3.658055e-02;3.655019e-02;1.895680e-01;9.092852e-02;9.854349e-02;4.650824e-02;5.709044e-02;5.732598e-02
1.834637e-01;4.407013e-02;9.120177e-02;6.709123e-02;3.749747e-02;3.838151e-02;1.709258e-01;9.228333e-02;9.090610e-02;6.453589e-02;5.997821e-02;5.966491e-02
1.862019e-01;5.031095e-02;1.120362e-01;7.340594e-02;3.695663e-02;3.426759e-02;1.610792e-01;8.930390e-02;8.332938e-02;7.283980e-02;5.289181e-02;4.737665e-02
1.167187e-01;5.321118e-02;1.602454e-01;5.553799e-02;4.942485e-02;3.900868e-02;1.916662e-01;7.322666e-02;8.040289e-02;6.544133e-02;4.532592e-02;6.979026e-02
8.311929e-02;5.157574e-02;1.731007e-01;6.587138e-02;5.033982e-02;6.923280e-02;1.614500e-01;8.797293e-02;5.912608e-02;5.320631e-02;4.107037e-02;1.039346e-01
8.572523e-02;8.322180e-02;1.933685e-01;7.456399e-02;5.124734e-02;6.867466e-02;1.112196e-01;9.838161e-02;3.578430e-02;5.224315e-02;4.665419e-02;9.891570e-02
9.147631e-02;9.209512e-02;2.910708e-01;8.210239e-02;7.904533e-02;5.726481e-02;1.008525e-01;3.269258e-02;2.440515e-02;4.488005e-02;5.330483e-02;5.081006e-02
1.239143e-01;9.306595e-02;2.373955e-01;8.590136e-02;7.885465e-02;4.892914e-02;1.309191e-01;3.379269e-02;1.563248e-02;4.247045e-02;5.395806e-02;5.516639e-02
2.002043e-01;9.307765e-02;1.725351e-01;7.545030e-02;7.262214e-02;3.690907e-02;1.398128e-01;6.422017e-02;8.139114e-03;3.951505e-02;4.052805e-02;5.698617e-02
3.112393e-01;7.949069e-02;1.185596e-01;5.041857e-02;8.785560e-02;2.131059e-02;1.116769e-01;1.235382e-01;7.045495e-03;3.100396e-02;1.473565e-02;4.312551e-02
3.381471e-01;8.355408e-02;9.748723e-02;4.385329e-02;1.155492e-01;1.941105e-02;5.599950e-02;1.503832e-01;2.275319e-02;2.106310e-02;2.725507e-02;2.454397e-02
3.369656e-01;1.116343e-01;7.721174e-02;3.879145e-02;1.245539e-01;3.312742e-02;2.769506e-02;1.408017e-01;4.044674e-02;1.288541e-02;3.132264e-02;2.456416e-02
2.890880e-01;1.672307e-01;6.800787e-02;1.726255e-02;9.894036e-02;6.770641e-02;2.878733e-02;9.685179e-02;1.048543e-01;1.390934e-02;2.752815e-02;1.983317e-02
1.924841e-01;2.159482e-01;1.281233e-01;1.333547e-02;4.914847e-02;9.918483e-02;3.058514e-02;4.200589e-02;1.759991e-01;2.085393e-02;1.884954e-02;1.348213e-02
9.683783e-02;2.228123e-01;2.280785e-01;1.179538e-02;1.265044e-02;9.329379e-02;2.745311e-02;3.172792e-02;1.979324e-01;4.913224e-02;1.492463e-02;1.336158e-02
2.631661e-02;1.741711e-01;3.961736e-01;1.248046e-02;1.549935e-02;5.113257e-02;1.162814e-02;3.390837e-02;1.516738e-01;1.024440e-01;1.150440e-02;1.306763e-02
5.713717e-02;1.073875e-01;5.114483e-01;1.988552e-02;1.791207e-02;1.418382e-02;3.317961e-02;1.890846e-02;8.451350e-02;1.184533e-01;6.563615e-03;1.042723e-02
6.671081e-02;5.603371e-02;5.901358e-01;5.907774e-02;2.171183e-02;1.540124e-02;3.558731e-02;9.746424e-03;3.505010e-02;8.804184e-02;1.221912e-02;1.028409e-02
5.219033e-02;4.166127e-02;5.860347e-01;1.333565e-01;3.515099e-02;1.292919e-02;2.279184e-02;1.949023e-02;1.560864e-02;4.527893e-02;2.720005e-02;8.307410e-03
2.544956e-02;3.619927e-02;5.069746e-01;1.966558e-01;7.677326e-02;2.246019e-02;2.273904e-02;2.980359e-02;1.291693e-02;2.790580e-02;3.330334e-02;8.818618e-03
1.762356e-02;2.408989e-02;4.100562e-01;1.964420e-01;1.555930e-01;4.068191e-02;4.958009e-02;2.476669e-02;1.985571e-02;2.393046e-02;1.882553e-02;1.855492e-02
2.010682e-02;2.454055e-02;3.630004e-01;1.429670e-01;2.063767e-01;6.129437e-02;8.800125e-02;1.784065e-02;2.552212e-02;1.968952e-02;5.443207e-03;2.521741e-02
1.627401e-02;3.357375e-02;4.418152e-01;1.154196e-01;1.612353e-01;5.887916e-02;8.859205e-02;1.302082e-02;2.000370e-02;1.840278e-02;1.452713e-02;1.825652e-02
1.108592e-02;2.908716e-02;5.576391e-01;9.119830e-02;9.314778e-02;3.901325e-02;5.582811e-02;1.114294e-02;3.613416e-02;3.264416e-02;2.712731e-02;1.595186e-02
2.358507e-02;3.639971e-02;5.866966e-01;8.100703e-02;5.944884e-02;3.217610e-02;4.156790e-02;1.137884e-02;3.879628e-02;4.615677e-02;3.176767e-02;1.101927e-02
2.839271e-02;4.343242e-02;4.935941e-01;6.002508e-02;5.879994e-02;5.735604e-02;6.757403e-02;5.228528e-02;2.983055e-02;4.856285e-02;3.583695e-02;2.431007e-02
4.476590e-02;6.458189e-02;3.921581e-01;6.867348e-02;5.899215e-02;7.572452e-02;7.698362e-02;6.275199e-02;4.241478e-02;6.810854e-02;2.441188e-02;2.043316e-02
4.429429e-02;1.191180e-01;4.010498e-01;9.791496e-02;8.027004e-02;5.261496e-02;6.674255e-02;3.827704e-02;2.048368e-02;4.360483e-02;1.749050e-02;1.813936e-02
8.802409e-02;1.712715e-01;4.816292e-01;5.087719e-02;5.017129e-02;2.994831e-02;3.211813e-02;1.523141e-02;2.343679e-02;2.666535e-02;9.553713e-03;2.107296e-02
6.342465e-02;2.148293e-01;5.356708e-01;2.935692e-02;1.905878e-02;2.209280e-02;1.872095e-02;1.195517e-02;2.931944e-02;1.708963e-02;9.120577e-03;2.936100e-02
4.055826e-02;2.543545e-01;5.277804e-01;4.214669e-02;1.090319e-02;1.813776e-02;1.173829e-02;1.231160e-02;3.922495e-02;1.277879e-02;4.942716e-03;2.512277e-02
1.523078e-01;2.944085e-01;3.897792e-01;3.675162e-02;8.277926e-03;1.247211e-02;8.915361e-03;1.407574e-02;4.721248e-02;1.220250e-02;5.708970e-03;1.788785e-02
2.935210e-01;3.035468e-01;2.261733e-01;2.237787e-02;1.470061e-02;7.209424e-03;1.366153e-02;2.375366e-02;4.148863e-02;1.952072e-02;1.200490e-02;2.204165e-02
3.821335e-01;2.333422e-01;1.177386e-01;2.162578e-02;2.458362e-02;1.175420e-02;5.165278e-02;4.369885e-02;2.339324e-02;2.326056e-02;2.073979e-02;4.607688e-02
3.147114e-01;1.265236e-01;1.514247e-01;3.638205e-02;3.241420e-02;2.567693e-02;1.080896e-01;6.699816e-02;1.879014e-02;2.359338e-02;2.186405e-02;7.353179e-02
1.430754e-01;1.186188e-01;1.620066e-01;4.188462e-02;3.059770e-02;3.782715e-02;1.900627e-01;7.068136e-02;2.112302e-02;3.861820e-02;2.787707e-02;1.176274e-01
1.559023e-01;1.429008e-01;7.086916e-02;5.471721e-02;2.265329e-02;4.554145e-02;2.270539e-01;2.548517e-02;2.213174e-02;4.193461e-02;3.881114e-02;1.519992e-01
2.951588e-01;1.512416e-01;7.463036e-02;4.299157e-02;2.371948e-02;3.241936e-02;1.402388e-01;4.033551e-02;2.852415e-02;2.791808e-02;3.366997e-02;1.091523e-01
3.401853e-01;1.470870e-01;1.459764e-01;2.690750e-02;2.524662e-02;1.777157e-02;8.552411e-02;5.431440e-02;2.948641e-02;1.729183e-02;3.176403e-02;7.844480e-02
3.477308e-01;1.432986e-01;1.771035e-01;1.557990e-02;2.575204e-02;1.299249e-02;6.925603e-02;5.617623e-02;2.916073e-02;2.506056e-02;3.765306e-02;6.023601e-02
3.507512e-01;1.337516e-01;1.405002e-01;1.910749e-02;3.244354e-02;2.158880e-02;8.627932e-02;4.903980e-02;3.144221e-02;4.874736e-02;5.503947e-02;3.130903e-02
3.723409e-01;1.077045e-01;5.187515e-02;2.813566e-02;3.656735e-02;2.357171e-02;1.090386e-01;4.822073e-02;4.088613e-02;6.451382e-02;5.528184e-02;6.186358e-02
2.738954e-01;1.124687e-01;1.119951e-01;4.012284e-02;3.603749e-02;2.249380e-02;1.209550e-01;5.428227e-02;5.676703e-02;4.859782e-02;4.159014e-02;8.079442e-02
3.825834e-02;1.277656e-01;1.498610e-01;5.152439e-02;6.463676e-02;5.817875e-02;1.813065e-01;4.840970e-02;5.572631e-02;5.218155e-02;5.979104e-02;1.123600e-01
2.141067e-01;4.343086e-02;1.611905e-01;3.950717e-02;4.677255e-02;7.098603e-02;1.074262e-01;4.808171e-02;2.797383e-02;6.356056e-02;6.521431e-02;1.117495e-01
1.744904e-01;1.538518e-01;1.163264e-01;4.637820e-02;7.357033e-02;6.814159e-02;6.729415e-02;6.496663e-02;8.409882e-02;6.384377e-02;3.342533e-02;5.361257e-02
1.122788e-01;1.646468e-01;1.371319e-01;6.920088e-02;9.792133e-02;7.885303e-02;7.726894e-02;5.864220e-02;8.478377e-02;5.177807e-02;2.992096e-02;3.757330e-02
8.977508e-02;1.463794e-01;1.415287e-01;7.628418e-02;1.028040e-01;8.323209e-02;9.248468e-02;5.715881e-02;9.529296e-02;4.802673e-02;2.735486e-02;3.967848e-02
5.470862e-02;8.792848e-02;1.416657e-01;7.622403e-02;9.150872e-02;6.706738e-02;1.200296e-01;8.199728e-02;1.282309e-01;7.050717e-02;3.579716e-02;4.433495e-02
5.845228e-02;6.664409e-02;1.472379e-01;7.052138e-02;8.146631e-02;4.837462e-02;1.121487e-01;7.759780e-02;1.443549e-01;8.998810e-02;4.167677e-02;6.153718e-02
7.467107e-02;9.156162e-02;1.407393e-01;5.184439e-02;7.740491e-02;3.888173e-02;5.838102e-02;5.710433e-02;1.630893e-01;8.582739e-02;5.286246e-02;1.076325e-01
5.986499e-02;4.477366e-02;2.018205e-01;5.577501e-02;5.002576e-02;5.644070e-02;1.597329e-01;8.635185e-02;1.093640e-01;5.550031e-02;6.396601e-02;5.638432e-02
5.996955e-02;5.888229e-02;3.083142e-01;7.410640e-02;5.733703e-02;5.191759e-02;1.150337e-01;7.303920e-02;8.105306e-02;5.527110e-02;4.909589e-02;1.597994e-02
7.765559e-02;9.340823e-02;3.184606e-01;6.438033e-02;4.838611e-02;4.129940e-02;7.889244e-02;4.977951e-02;1.272939e-01;5.252565e-02;3.030914e-02;1.760910e-02
1.257515e-01;1.073646e-01;2.461340e-01;4.079630e-02;3.932622e-02;2.966297e-02;5.939009e-02;1.097019e-01;1.570747e-01;3.842539e-02;2.560487e-02;2.076744e-02
1.942893e-01;8.649038e-02;1.267712e-01;1.889375e-02;4.238357e-02;1.892699e-02;7.809433e-02;2.117179e-01;1.496643e-01;2.008773e-02;2.814985e-02;2.453072e-02
2.033492e-01;5.807089e-02;5.805543e-02;1.503214e-02;4.516625e-02;2.232938e-02;1.670384e-01;2.586643e-01;6.778592e-02;2.764560e-02;3.397081e-02;4.289167e-02
1.128036e-01;7.243338e-02;9.140865e-02;2.911923e-02;4.657189e-02;4.337322e-02;2.349790e-01;1.996942e-01;3.285595e-02;4.166093e-02;3.477484e-02;6.032512e-02
2.218781e-01;9.964704e-02;1.758478e-01;2.534231e-02;3.348884e-02;3.227547e-02;1.519922e-01;7.251631e-02;6.677461e-02;2.970872e-02;2.842922e-02;6.209940e-02
3.941541e-01;9.325557e-02;1.301538e-01;1.020340e-02;1.933372e-02;1.889788e-02;6.436641e-02;9.487282e-02;5.149442e-02;1.973496e-02;3.586027e-02;6.767263e-02
4.291837e-01;6.062138e-02;1.135621e-01;1.147773e-02;2.143532e-02;1.475117e-02;7.612113e-02;1.032002e-01;2.397894e-02;2.059991e-02;4.282031e-02;8.224806e-02
3.775294e-01;4.890396e-02;1.278782e-01;1.236324e-02;1.909087e-02;1.809432e-02;8.842469e-02;1.093762e-01;3.106510e-02;3.090665e-02;4.349569e-02;9.287171e-02
3.305278e-01;3.421129e-02;1.251946e-01;1.285141e-02;1.569537e-02;2.739876e-02;1.332055e-01;8.692843e-02;3.424406e-02;3.840271e-02;5.426244e-02;1.070777e-01
3.053798e-01;2.734860e-02;1.114955e-01;1.868250e-02;1.699112e-02;3.555504e-02;1.627973e-01;8.678006e-02;1.976342e-02;4.033221e-02;5.977184e-02;1.151026e-01
2.884300e-01;3.826281e-02;1.248548e-01;2.842927e-02;2.752716e-02;2.448758e-02;1.486427e-01;9.072055e-02;2.264737e-02;4.923264e-02;4.700077e-02;1.097644e-01
2.710520e-01;5.223781e-02;1.364129e-01;3.880961e-02;2.825763e-02;2.219180e-02;1.677955e-01;4.020970e-02;2.275803e-02;5.757046e-02;5.509269e-02;1.076118e-01
2.529606e-01;2.953922e-02;5.723329e-02;3.610946e-02;1.979253e-02;2.785042e-02;2.277301e-01;5.918714e-02;1.761452e-02;7.747399e-02;7.066985e-02;1.238389e-01
1.947327e-01;1.635633e-02;8.879443e-02;3.310588e-02;1.353005e-02;2.340064e-02;2.691264e-01;9.180132e-02;1.273058e-02;5.709596e-02;6.545437e-02;1.338714e-01
1.937016e-01;2.063741e-02;4.765579e-02;3.444070e-02;1.316111e-02;1.868476e-02;2.995442e-01;7.941126e-02;2.401859e-02;5.569642e-02;7.732676e-02;1.357214e-01
2.128022e-01;2.536726e-02;6.963010e-02;3.493072e-02;1.037598e-02;1.722159e-02;2.849271e-01;7.873777e-02;1.207812e-02;5.046752e-02;7.740680e-02;1.260548e-01
2.628601e-01;3.053559e-02;8.221249e-02;3.096551e-02;1.232202e-02;1.352008e-02;2.468541e-01;7.371920e-02;1.772837e-02;3.822785e-02;6.494562e-02;1.261091e-01
2.813595e-01;1.926346e-02;9.184900e-02;2.074754e-02;1.776806e-02;1.891316e-02;2.108289e-01;9.790366e-02;2.331786e-02;3.845672e-02;6.204826e-02;1.175439e-01
2.906829e-01;2.748951e-02;8.913210e-02;1.973797e-02;2.258729e-02;1.360021e-02;1.830603e-01;1.220183e-01;2.468803e-02;3.643869e-02;5.994094e-02;1.106238e-01
2.899910e-01;2.887731e-02;1.272500e-01;1.527914e-02;1.692946e-02;1.241759e-02;1.730000e-01;1.105928e-01;1.968990e-02;3.728877e-02;5.878359e-02;1.099005e-01
2.931279e-01;1.843252e-02;9.776988e-02;2.292706e-02;1.614686e-02;1.771997e-02;2.096720e-01;9.185361e-02;1.648973e-02;3.878681e-02;6.304733e-02;1.140263e-01
2.699805e-01;3.756095e-02;1.013423e-01;2.722427e-02;8.752061e-03;2.241160e-02;2.240484e-01;8.763945e-02;1.832114e-02;3.620981e-02;6.604797e-02;1.004614e-01
2.465643e-01;2.475451e-02;9.687929e-02;2.864116e-02;1.939974e-02;2.718502e-02;2.423553e-01;7.514280e-02;2.402353e-02;3.183475e-02;6.989143e-02;1.133282e-01
2.527124e-01;4.708484e-02;6.183501e-02;2.330288e-02;2.854940e-02;3.189821e-02;2.608483e-01;7.512762e-02;2.781572e-02;2.940106e-02;4.946821e-02;1.119563e-01
2.517760e-01;6.631558e-02;6.011659e-02;3.541307e-02;2.081453e-02;2.210349e-02;2.522441e-01;1.061028e-01;1.325558e-02;2.994734e-02;3.267401e-02;1.092369e-01
2.315512e-01;7.070535e-02;4.902726e-02;4.426837e-02;1.212036e-02;1.613629e-02;2.482931e-01;1.182023e-01;1.279415e-02;4.582817e-02;3.336276e-02;1.177107e-01
2.086645e-01;3.507913e-02;3.935909e-02;3.937991e-02;8.651387e-03;1.718768e-02;2.593746e-01;1.427749e-01;1.530021e-02;7.701258e-02;3.706373e-02;1.201523e-01
2.028195e-01;1.909236e-02;3.032836e-02;2.765620e-02;9.280231e-03;1.482111e-02;2.500415e-01;1.853037e-01;3.238885e-02;1.005425e-01;3.259307e-02;9.513265e-02
2.210096e-01;1.906847e-02;4.587642e-02;2.201913e-02;8.158932e-03;1.787962e-02;2.414130e-01;2.141399e-01;2.837935e-02;8.907089e-02;2.021431e-02;7.277030e-02
2.634032e-01;3.257232e-02;4.563529e-02;1.842465e-02;1.379104e-02;1.861047e-02;2.116393e-01;2.551909e-01;2.117593e-02;4.732334e-02;1.379007e-02;5.844345e-02
3.164032e-01;4.714173e-02;3.564514e-02;1.702723e-02;2.911749e-02;1.445501e-02;1.441208e-01;2.957540e-01;2.005756e-02;1.784007e-02;1.245956e-02;4.997823e-02
3.530454e-01;5.926473e-02;5.402860e-02;2.456916e-02;5.772300e-02;1.059521e-02;7.513095e-02;2.926975e-01;1.153695e-02;7.374117e-03;9.496296e-03;4.453814e-02
3.812143e-01;8.537021e-02;5.769653e-02;1.450874e-02;7.686841e-02;9.838331e-03;4.736174e-02;2.530130e-01;1.896117e-02;4.446327e-03;1.422405e-02;3.649719e-02
4.009498e-01;1.233118e-01;5.961148e-02;1.174326e-02;7.178535e-02;6.457380e-03;3.620029e-02;1.955136e-01;3.699851e-02;6.539061e-03;1.645930e-02;3.443013e-02
4.239233e-01;1.753019e-01;6.943122e-02;1.305535e-02;5.174359e-02;7.137533e-03;1.874047e-02;1.384237e-01;5.443186e-02;5.923481e-03;1.420583e-02;2.768180e-02
3.837869e-01;2.510112e-01;9.224341e-02;8.980460e-03;3.258858e-02;1.157697e-02;2.126777e-02;6.464819e-02;9.554178e-02;1.220883e-02;5.764093e-03;2.038183e-02
2.738670e-01;2.987544e-01;1.668088e-01;1.183985e-02;1.806367e-02;1.185625e-02;2.067546e-02;1.750907e-02;1.434609e-01;1.663791e-02;5.368855e-03;1.515783e-02
1.556868e-01;2.944151e-01;2.802582e-01;1.506080e-02;8.812945e-03;1.177973e-02;2.338593e-02;6.821275e-03;1.568963e-01;2.523382e-02;8.532876e-03;1.311633e-02
4.897990e-02;2.534271e-01;4.243146e-01;1.690721e-02;8.816682e-03;6.485946e-03;3.475115e-02;1.492878e-02;1.342526e-01;3.482900e-02;1.278883e-02;9.518186e-03
8.483129e-02;1.735898e-01;4.882225e-01;2.156208e-02;1.205850e-02;6.261076e-03;3.603202e-02;2.131555e-02;8.245789e-02;5.208633e-02;1.147941e-02;1.010357e-02
7.724452e-02;9.547199e-02;6.012369e-01;3.100064e-02;1.568873e-02;7.651688e-03;3.162167e-02;2.473107e-02;2.818630e-02;6.256297e-02;1.261618e-02;1.198728e-02
5.254285e-02;6.738462e-02;6.505718e-01;4.338733e-02;1.980137e-02;9.003791e-03;1.970223e-02;3.166091e-02;2.299017e-02;5.314808e-02;1.790311e-02;1.190365e-02
3.695069e-02;5.660369e-02;6.547832e-01;5.053030e-02;2.904198e-02;1.167938e-02;2.599349e-02;4.123519e-02;2.646106e-02;3.462029e-02;1.986848e-02;1.223228e-02
2.384753e-02;3.633784e-02;6.462952e-01;5.413808e-02;5.842001e-02;2.565797e-02;4.887190e-02;4.211075e-02;1.834309e-02;2.056544e-02;1.587030e-02;9.541885e-03
3.399374e-02;4.111481e-02;6.256243e-01;5.191743e-02;6.008574e-02;2.690253e-02;7.197629e-02;3.848975e-02;1.180549e-02;2.035583e-02;8.841057e-03;8.893124e-03
6.795043e-02;6.533318e-02;5.512342e-01;5.056859e-02;4.094385e-02;1.500495e-02;6.382985e-02;3.570718e-02;4.196894e-02;3.113448e-02;1.671964e-02;1.960472e-02
9.406117e-02;8.343697e-02;3.858993e-01;3.893361e-02;5.436371e-02;3.098149e-02;1.035686e-01;2.658488e-02;9.114069e-02;3.128305e-02;2.376192e-02;3.598455e-02
8.994541e-02;6.458087e-02;2.439862e-01;3.625161e-02;7.269640e-02;6.769641e-02;1.333102e-01;5.204410e-02;1.012183e-01;4.774533e-02;3.182218e-02;5.870297e-02
3.948892e-02;8.967714e-02;1.205407e-01;6.657672e-02;8.498108e-02;8.201037e-02;1.539591e-01;9.430625e-02;5.820509e-02;8.900058e-02;6.238903e-02;5.886504e-02
4.189383e-02;5.997745e-02;1.916248e-01;7.655871e-02;5.202231e-02;7.037001e-02;1.213683e-01;9.119158e-02;1.144391e-01;5.928753e-02;7.047324e-02;5.079317e-02
8.200646e-02;7.032613e-02;2.300245e-01;5.867162e-02;3.445774e-02;7.315864e-02;9.079232e-02;8.306295e-02;1.411023e-01;5.147707e-02;4.764407e-02;3.727622e-02
1.330981e-01;7.516533e-02;1.194051e-01;4.593679e-02;8.339975e-02;7.481480e-02;1.087542e-01;8.139977e-02;1.257162e-01;6.950665e-02;4.649857e-02;3.630470e-02
1.194797e-01;5.216807e-02;1.401364e-01;3.221027e-02;8.886924e-02;5.764264e-02;1.829211e-01;6.924409e-02;9.713166e-02;6.586758e-02;4.830665e-02;4.602263e-02
8.261905e-02;8.881736e-02;1.744095e-01;2.410190e-02;4.871684e-02;6.531963e-02;1.835189e-01;5.026740e-02;1.170006e-01;6.479929e-02;4.953877e-02;5.089073e-02
9.353874e-02;9.527431e-02;1.210679e-01;3.257328e-02;2.823868e-02;8.028230e-02;1.376585e-01;9.536771e-02;1.139004e-01;7.814185e-02;5.842453e-02;6.553168e-02
9.955382e-02;8.321308e-02;7.812334e-02;3.895662e-02;5.129299e-02;6.055652e-02;1.395386e-01;9.557676e-02;7.930061e-02;1.023086e-01;7.828735e-02;9.329168e-02
6.951857e-02;8.580223e-02;8.511431e-02;4.462269e-02;4.461305e-02;3.972060e-02;1.719718e-01;1.079623e-01;8.527791e-02;1.206506e-01;6.598970e-02;7.875618e-02
7.531949e-02;6.575742e-02;7.265759e-02;5.099518e-02;5.994966e-02;6.037226e-02;2.258252e-01;1.389840e-01;7.598984e-02;7.919975e-02;6.295121e-02;3.199841e-02
6.372207e-02;5.098891e-02;8.081522e-02;6.339015e-02;8.185782e-02;8.760942e-02;1.933521e-01;1.035971e-01;8.120573e-02;7.826513e-02;7.325318e-02;4.194305e-02
7.828396e-02;4.170381e-02;7.366584e-02;7.372874e-02;9.050608e-02;1.114951e-01;1.352849e-01;7.991417e-02;1.015457e-01;9.701574e-02;6.671604e-02;5.013995e-02
6.408678e-02;3.756027e-02;1.066542e-01;5.350767e-02;8.830136e-02;7.868860e-02;2.022763e-01;8.632623e-02;8.158506e-02;8.437745e-02;6.973873e-02;4.689732e-02
6.808474e-02;5.977831e-02;8.872773e-02;3.249942e-02;1.041396e-01;9.155096e-02;2.220714e-01;6.273916e-02;4.783429e-02;7.377691e-02;8.982200e-02;5.897547e-02
6.793868e-02;7.136385e-02;1.222626e-01;2.860244e-02;1.008656e-01;1.165316e-01;1.765616e-01;5.140302e-02;7.491840e-02;5.389066e-02;8.086078e-02;5.480089e-02
8.226448e-02;6.845018e-02;1.339732e-01;3.924590e-02;9.884741e-02;1.025887e-01;1.523646e-01;6.060670e-02;9.715339e-02;6.519804e-02;6.124362e-02;3.806377e-02
9.174188e-02;6.461668e-02;9.218494e-02;5.176760e-02;9.333216e-02;7.580730e-02;1.234659e-01;8.089329e-02;1.221069e-01;6.887127e-02;7.890090e-02;5.631116e-02
6.955639e-02;6.163052e-02;9.154607e-02;3.604352e-02;9.827393e-02;9.320806e-02;9.625977e-02;9.462192e-02;1.219655e-01;8.588488e-02;8.492056e-02;6.608889e-02
5.544989e-02;4.963672e-02;1.126937e-01;2.731224e-02;1.077857e-01;1.051550e-01;9.578711e-02;9.552671e-02;1.206082e-01;9.356275e-02;6.789832e-02;6.858359e-02
7.735264e-02;3.957061e-02;1.221637e-01;4.891866e-02;8.957627e-02;1.088036e-01;1.029070e-01;8.518676e-02;1.096593e-01;8.894245e-02;6.809452e-02;5.882442e-02
1.040402e-01;7.957683e-02;9.649038e-02;5.967269e-02;8.528761e-02;8.552857e-02;1.087445e-01;6.333341e-02;7.706670e-02;8.966349e-02;9.555402e-02;5.504164e-02
9.725942e-02;4.993155e-02;4.543890e-02;6.458501e-02;8.389948e-02;7.238238e-02;1.441635e-01;8.353353e-02;5.278916e-02;9.489707e-02;1.374809e-01;7.363903e-02
9.872610e-02;4.853272e-02;6.496271e-02;7.707179e-02;6.692394e-02;5.072269e-02;1.902928e-01;8.629435e-02;1.133181e-01;5.151733e-02;8.537231e-02;6.626515e-02
9.305044e-02;4.912363e-02;1.104463e-01;7.746738e-02;7.922353e-02;5.989904e-02;1.996896e-01;8.182558e-02;8.338863e-02;1.009967e-01;3.717136e-02;2.771781e-02
5.280910e-02;6.530983e-02;1.418246e-01;7.705622e-02;1.014262e-01;5.202861e-02;1.714682e-01;5.983480e-02;5.192565e-02;1.358440e-01;3.209481e-02;5.837804e-02
5.950417e-02;6.047489e-02;1.188176e-01;8.138957e-02;8.522985e-02;6.152809e-02;9.523340e-02;6.584378e-02;1.040173e-01;1.533925e-01;5.742725e-02;5.714167e-02
7.544421e-02;6.036000e-02;1.649416e-01;3.740259e-02;9.831888e-02;8.678779e-02;8.186120e-02;7.633001e-02;1.178205e-01;1.138936e-01;4.837016e-02;3.846943e-02
7.176366e-02;7.767917e-02;1.558619e-01;3.663932e-02;8.272002e-02;7.356216e-02;1.197516e-01;8.637248e-02;1.223588e-01;8.864394e-02;4.880973e-02;3.583726e-02
4.672895e-02;9.064525e-02;1.258131e-01;5.234179e-02;9.205285e-02;9.048066e-02;1.744764e-01;8.814225e-02;1.023499e-01;6.385351e-02;4.075807e-02;3.235736e-02
4.132389e-02;7.588400e-02;1.371474e-01;6.118456e-02;1.154302e-01;1.011006e-01;1.645260e-01;7.535434e-02;8.174879e-02;6.946057e-02;4.220389e-02;3.463574e-02
4.696061e-02;8.262423e-02;1.464670e-01;6.542339e-02;1.366671e-01;8.524439e-02;1.531263e-01;8.551746e-02;7.438193e-02;6.673361e-02;2.842344e-02;2.843046e-02
1.207965e-01;6.939764e-02;1.589665e-01;6.785279e-02;1.194504e-01;4.710807e-02;1.639241e-01;8.290668e-02;6.287011e-02;4.807451e-02;2.901430e-02;2.963831e-02
2.316585e-01;2.758831e-02;1.209528e-01;4.875592e-02;8.720163e-02;5.290382e-02;1.626639e-01;9.371132e-02;5.157636e-02;3.048997e-02;3.415666e-02;5.834075e-02
3.566599e-01;1.360016e-01;7.402920e-02;3.146876e-02;3.940841e-02;3.664660e-02;9.927006e-02;1.000507e-01;3.095041e-02;2.309825e-02;1.917416e-02;5.324205e-02
3.628506e-01;1.783265e-01;1.238592e-01;3.933392e-02;3.848037e-02;2.305442e-02;5.177951e-02;6.966334e-02;3.623007e-02;3.196382e-02;1.268812e-02;3.177012e-02
3.592903e-01;1.960423e-01;1.510620e-01;4.568642e-02;3.477730e-02;1.699933e-02;4.906252e-02;4.168381e-02;2.473069e-02;3.064729e-02;1.529013e-02;3.472790e-02
3.454113e-01;1.802206e-01;2.011271e-01;4.164507e-02;2.668365e-02;1.316315e-02;4.273770e-02;3.427473e-02;1.685693e-02;3.006919e-02;2.645156e-02;4.135898e-02
3.365442e-01;1.293471e-01;1.869048e-01;3.889809e-02;3.802709e-02;2.141137e-02;6.760245e-02;2.770980e-02;3.558709e-02;4.567335e-02;3.902127e-02;3.327334e-02
3.556388e-01;7.471445e-02;1.016968e-01;4.846402e-02;5.432968e-02;2.424819e-02;1.051278e-01;3.171178e-02;4.291125e-02;6.874569e-02;5.752142e-02;3.489010e-02
3.453611e-01;9.325520e-02;1.259042e-01;3.562795e-02;3.673573e-02;4.727598e-02;9.333819e-02;4.094078e-02;4.489957e-02;5.589022e-02;4.190768e-02;3.886344e-02
3.046839e-01;1.152850e-01;1.319616e-01;3.395149e-02;4.197214e-02;6.712554e-02;9.552085e-02;3.886174e-02;5.653492e-02;3.917835e-02;3.456318e-02;4.036136e-02
2.291396e-01;1.348963e-01;1.296412e-01;3.691654e-02;5.226360e-02;5.591863e-02;9.839167e-02;4.861474e-02;6.843887e-02;6.094440e-02;5.670875e-02;2.812580e-02
8.838548e-02;1.089285e-01;1.560444e-01;5.845699e-02;6.108581e-02;4.204456e-02;1.209842e-01;8.327643e-02;1.119312e-01;7.585416e-02;5.461165e-02;3.839666e-02
9.516329e-02;8.763283e-02;1.521666e-01;5.931217e-02;6.344183e-02;5.001324e-02;1.236310e-01;1.021487e-01;1.117486e-01;7.474779e-02;4.283712e-02;3.715679e-02
1.154766e-01;5.467224e-02;1.330938e-01;6.749437e-02;7.303858e-02;5.838428e-02;1.389179e-01;1.062501e-01;1.059910e-01;7.991000e-02;3.949336e-02;2.727770e-02
1.406284e-01;4.480665e-02;1.947751e-01;6.444673e-02;7.531093e-02;3.707789e-02;1.238645e-01;8.309313e-02;8.328613e-02;7.211412e-02;3.780762e-02;4.278873e-02
1.223467e-01;7.987168e-02;2.595793e-01;4.790411e-02;6.407507e-02;3.953356e-02;1.391900e-01;3.908150e-02;7.026972e-02;6.089385e-02;3.882657e-02;3.842784e-02
5.251519e-02;7.957987e-02;2.702925e-01;5.374003e-02;5.763409e-02;4.951517e-02;1.794953e-01;4.683517e-02;5.246326e-02;6.925581e-02;4.120966e-02;4.746401e-02
1.325707e-01;9.365177e-02;2.338164e-01;4.410617e-02;4.734770e-02;3.659706e-02;1.206192e-01;8.606385e-02;4.868247e-02;5.290748e-02;4.976922e-02;5.386789e-02
2.477532e-01;1.226066e-01;2.123057e-01;3.268204e-02;3.632011e-02;2.046428e-02;6.811226e-02;1.078860e-01;2.803428e-02;3.572389e-02;3.686433e-02;5.124734e-02
3.430970e-01;1.146035e-01;1.520194e-01;2.530752e-02;2.444753e-02;1.415968e-02;5.804149e-02;1.384015e-01;2.687083e-02;2.007487e-02;2.468525e-02;5.829146e-02
3.765271e-01;6.011745e-02;7.217381e-02;2.240990e-02;1.534028e-02;1.895600e-02;1.133588e-01;1.703989e-01;2.154396e-02;3.393524e-02;1.860309e-02;7.663552e-02
3.395532e-01;3.228623e-02;5.741707e-02;2.242161e-02;1.333017e-02;2.167334e-02;1.692893e-01;1.691348e-01;2.545738e-02;4.208439e-02;2.335944e-02;8.399308e-02
2.830794e-01;6.192214e-02;7.508373e-02;3.167832e-02;1.493567e-02;2.647341e-02;1.987014e-01;1.367835e-01;2.648569e-02;4.232568e-02;3.385831e-02;6.867272e-02
2.350384e-01;7.830329e-02;9.703418e-02;3.780764e-02;1.978870e-02;4.094530e-02;1.958496e-01;1.056990e-01;3.153044e-02;6.047196e-02;4.826304e-02;4.926838e-02
2.115839e-01;9.252916e-02;1.132059e-01;3.868186e-02;1.878607e-02;5.344205e-02;1.780759e-01;9.533762e-02;3.322415e-02;7.833048e-02;6.089288e-02;2.591009e-02
1.765795e-01;5.824210e-02;9.378451e-02;4.397008e-02;3.693837e-02;4.252367e-02;1.570023e-01;1.275458e-01;6.462941e-02;7.898764e-02;7.376490e-02;4.603172e-02
9.826231e-02;6.956203e-02;1.015702e-01;6.437282e-02;5.213687e-02;4.284722e-02;1.777561e-01;1.503415e-01;6.395761e-02;6.734712e-02;7.110734e-02;4.073884e-02
1.467127e-01;4.923319e-02;1.537423e-01;6.519844e-02;5.466987e-02;3.997906e-02;1.835870e-01;9.704618e-02;5.023300e-02;4.944114e-02;5.456971e-02;5.558737e-02
2.156377e-01;5.375636e-02;1.547147e-01;4.341384e-02;3.188220e-02;5.088899e-02;1.597712e-01;5.478940e-02;6.047839e-02;4.122399e-02;4.588362e-02;8.755966e-02
2.131714e-01;5.858754e-02;1.016059e-01;4.963448e-02;3.341402e-02;6.130301e-02;1.178436e-01;8.782899e-02;7.274622e-02;5.754748e-02;6.570116e-02;8.061621e-02
1.391006e-01;4.727681e-02;1.014971e-01;5.309217e-02;5.949013e-02;6.048520e-02;1.587006e-01;8.367375e-02;7.156530e-02;9.837113e-02;6.932104e-02;5.742609e-02
7.689584e-02;2.778704e-02;1.841871e-01;4.935713e-02;6.532183e-02;5.412229e-02;1.937620e-01;6.802195e-02;6.689498e-02;9.376144e-02;6.594569e-02;5.394273e-02
9.906586e-02;9.847338e-02;3.209516e-01;5.997307e-02;4.924698e-02;4.235670e-02;1.380151e-01;4.900062e-02;4.001130e-02;4.589386e-02;2.976279e-02;2.724879e-02
1.742444e-01;1.252958e-01;2.844984e-01;6.359737e-02;5.307182e-02;3.186104e-02;1.058704e-01;5.111036e-02;2.610447e-02;2.651116e-02;2.431744e-02;3.351726e-02
2.656847e-01;1.203486e-01;2.312150e-01;6.248807e-02;5.136046e-02;2.146972e-02;8.006131e-02;6.850122e-02;1.696306e-02;2.143874e-02;1.748249e-02;4.298651e-02
3.915213e-01;9.391652e-02;1.614714e-01;4.528296e-02;4.870119e-02;1.355814e-02;5.272156e-02;1.015614e-01;1.893436e-02;1.854555e-02;8.802118e-03;4.498355e-02
4.501944e-01;1.331655e-01;1.329560e-01;1.670685e-02;3.655935e-02;8.037793e-03;2.646070e-02;1.062507e-01;2.571162e-02;1.251630e-02;1.382169e-02;3.761921e-02
4.647727e-01;1.702279e-01;1.255886e-01;9.045342e-03;3.207029e-02;7.494242e-03;1.981523e-02;8.334984e-02;2.536307e-02;1.195508e-02;1.801198e-02;3.230578e-02
4.305337e-01;1.919763e-01;1.514558e-01;1.784709e-02;2.585923e-02;1.093659e-02;1.755683e-02;5.267436e-02;2.897680e-02;1.480486e-02;2.059687e-02;3.678155e-02
4.278442e-01;1.846991e-01;1.502924e-01;1.903017e-02;2.343419e-02;1.522394e-02;2.431939e-02;4.213962e-02;1.973985e-02;2.076538e-02;2.688702e-02;4.562482e-02
3.979597e-01;1.397398e-01;1.843250e-01;2.450739e-02;3.452461e-02;2.579267e-02;3.307693e-02;3.315768e-02;2.311962e-02;3.128956e-02;2.974470e-02;4.276231e-02
3.669512e-01;7.974386e-02;1.663990e-01;3.947207e-02;5.496157e-02;4.518687e-02;5.103486e-02;3.335611e-02;3.610951e-02;5.194437e-02;3.540450e-02;3.943604e-02
2.894899e-01;1.131870e-01;1.227377e-01;5.033227e-02;5.066359e-02;5.852932e-02;6.042363e-02;5.100559e-02;5.823324e-02;6.394421e-02;2.804514e-02;5.340841e-02
2.488218e-01;9.835155e-02;1.480045e-01;4.460599e-02;4.849962e-02;5.115023e-02;6.654150e-02;4.538302e-02;6.547400e-02;7.763848e-02;2.801562e-02;7.751374e-02
1.757722e-01;1.023297e-01;1.504775e-01;4.830733e-02;6.755394e-02;4.205345e-02;8.137196e-02;6.630030e-02;6.287282e-02;7.451834e-02;3.696915e-02;9.147337e-02
1.228533e-01;7.884398e-02;1.144021e-01;6.786053e-02;7.732902e-02;3.983320e-02;9.946705e-02;1.040595e-01;6.708669e-02;6.580693e-02;5.900871e-02;1.034490e-01
8.813127e-02;6.489914e-02;9.220685e-02;5.619104e-02;5.365669e-02;2.254193e-02;1.224762e-01;1.021339e-01;9.147125e-02;1.131302e-01;9.209317e-02;1.010684e-01
6.298315e-02;6.486387e-02;1.047054e-01;5.346088e-02;4.902233e-02;5.770824e-02;1.145711e-01;7.880232e-02;1.244384e-01;1.215378e-01;9.725657e-02;7.064993e-02
1.036459e-01;4.585890e-02;6.433193e-02;4.456189e-02;6.841852e-02;7.236671e-02;9.337298e-02;5.725272e-02;1.164221e-01;1.382019e-01;1.192125e-01;7.635392e-02
1.137050e-01;3.552925e-02;1.129164e-01;6.204299e-02;7.558754e-02;5.197605e-02;1.025106e-01;4.970114e-02;1.023355e-01;1.349747e-01;8.763354e-02;7.108730e-02
1.299347e-01;6.025492e-02;1.240739e-01;5.815477e-02;7.973222e-02;4.410945e-02;9.445132e-02;6.513594e-02;1.093668e-01;9.985859e-02;8.713260e-02;4.779490e-02
1.011388e-01;6.833502e-02;1.177247e-01;5.622883e-02;7.597982e-02;3.733123e-02;1.135041e-01;8.888369e-02;1.164608e-01;6.914143e-02;8.837722e-02;6.689434e-02
6.556232e-02;5.922410e-02;2.291014e-01;6.600261e-02;8.478003e-02;6.302532e-02;2.006619e-01;6.844056e-02;5.705140e-02;3.614933e-02;3.725801e-02;3.274307e-02
9.507367e-02;8.196070e-02;2.550575e-01;5.133994e-02;6.513981e-02;7.725934e-02;1.918627e-01;7.130162e-02;4.081083e-02;2.111786e-02;2.352540e-02;2.555074e-02
1.047189e-01;8.530004e-02;2.797498e-01;5.374590e-02;4.106874e-02;7.087661e-02;1.760379e-01;7.647149e-02;2.748164e-02;3.009792e-02;2.717020e-02;2.728093e-02
5.863868e-02;5.181801e-02;3.113773e-01;8.151489e-02;5.232226e-02;5.609314e-02;1.819914e-01;7.588890e-02;2.997345e-02;3.900949e-02;3.377655e-02;2.759589e-02
8.195658e-02;6.060039e-02;3.266398e-01;7.437930e-02;7.586475e-02;3.915905e-02;1.665953e-01;4.763379e-02;3.000377e-02;3.215670e-02;3.290263e-02;3.210801e-02
1.330548e-01;5.658596e-02;3.578645e-01;6.640383e-02;7.422498e-02;3.458222e-02;9.954020e-02;4.529625e-02;2.845265e-02;3.200850e-02;3.563918e-02;3.634696e-02
1.175186e-01;5.603075e-02;3.712966e-01;5.675041e-02;6.757895e-02;3.949434e-02;8.980458e-02;6.251387e-02;3.171498e-02;4.055011e-02;3.216324e-02;3.458362e-02
8.202627e-02;3.513457e-02;3.509803e-01;5.024782e-02;8.090840e-02;5.740829e-02;9.874088e-02;6.046189e-02;5.216182e-02;4.641739e-02;5.032922e-02;3.518316e-02
9.748509e-02;6.969954e-02;2.398037e-01;6.111288e-02;8.727447e-02;5.885824e-02;1.202272e-01;5.385721e-02;4.817281e-02;6.477202e-02;6.467891e-02;3.405786e-02
1.247193e-01;6.650175e-02;2.083557e-01;4.526341e-02;8.060706e-02;5.379111e-02;1.147590e-01;5.064856e-02;4.270079e-02;1.004572e-01;7.400728e-02;3.818882e-02
7.025148e-02;2.382135e-02;1.968397e-01;7.598521e-02;7.441875e-02;6.496865e-02;1.232974e-01;4.776628e-02;5.278905e-02;1.287258e-01;8.702855e-02;5.410775e-02
4.190904e-02;3.685405e-02;1.987000e-01;4.404133e-02;7.617956e-02;7.290512e-02;1.449177e-01;6.509183e-02;7.052831e-02;1.221153e-01;7.612811e-02;5.062977e-02
8.839914e-02;4.732509e-02;1.991269e-01;7.285646e-02;8.083210e-02;6.227588e-02;1.157525e-01;5.931721e-02;8.817280e-02;8.758719e-02;5.684635e-02;4.150838e-02
