5.794008e-02;6.105126e-02;7.802702e-02;5.337718e-02;4.843751e-02;3.052569e-02;6.768186e-02;1.789888e-01;1.784233e-01;1.011124e-01;4.213957e-02;1.022952e-01
7.084095e-02;5.854477e-02;7.396543e-02;4.731216e-02;5.528749e-02;3.422581e-02;6.240260e-02;1.691860e-01;1.828702e-01;7.986722e-02;4.935877e-02;1.161386e-01
6.391798e-02;5.497859e-02;1.075372e-01;4.917314e-02;5.130720e-02;6.288043e-02;6.656647e-02;1.041417e-01;1.716185e-01;8.835672e-02;6.929730e-02;1.102248e-01
7.858694e-02;7.457826e-02;1.175296e-01;5.411667e-02;5.565754e-02;4.945748e-02;8.617248e-02;7.953936e-02;1.386916e-01;1.256360e-01;8.709688e-02;5.293713e-02
7.741065e-02;6.582140e-02;1.000287e-01;5.254411e-02;4.793319e-02;4.856545e-02;8.941896e-02;7.547119e-02;1.365785e-01;1.292053e-01;1.029828e-01;7.403979e-02
6.190377e-02;5.503367e-02;8.658187e-02;5.292740e-02;4.686200e-02;5.050675e-02;8.976859e-02;6.941509e-02;1.538940e-01;1.150531e-01;1.191681e-01;9.888568e-02
6.066558e-02;4.064802e-02;5.861608e-02;5.620335e-02;4.745734e-02;4.847642e-02;9.679309e-02;5.477613e-02;1.449078e-01;1.300025e-01;1.259165e-01;1.355373e-01
6.712468e-02;5.189591e-02;4.856591e-02;4.591555e-02;3.697671e-02;4.114630e-02;1.005832e-01;6.870464e-02;1.286006e-01;1.653968e-01;8.227012e-02;1.628196e-01
4.532101e-02;4.583257e-02;6.599828e-02;4.077405e-02;4.289966e-02;5.470746e-02;7.449365e-02;7.747951e-02;1.835780e-01;1.581327e-01;8.192023e-02;1.288628e-01
3.854030e-02;4.324512e-02;5.456911e-02;5.331691e-02;7.684270e-02;5.214335e-02;5.642860e-02;5.178148e-02;2.457711e-01;1.696390e-01;6.544903e-02;9.227334e-02
1.597407e-02;4.976184e-02;6.361807e-02;7.857312e-02;1.139442e-01;4.624021e-02;3.472697e-02;7.282896e-02;1.967974e-01;2.104156e-01;4.806813e-02;6.905142e-02
3.448460e-02;6.794103e-02;1.003628e-01;1.152251e-01;1.108674e-01;5.235462e-02;4.154646e-02;1.297744e-01;1.050995e-01;1.530866e-01;4.174682e-02;4.751068e-02
3.654022e-02;5.735978e-02;9.996420e-02;1.258055e-01;6.171657e-02;5.218622e-02;8.735144e-02;1.554152e-01;1.454649e-01;1.008758e-01;4.283096e-02;3.448917e-02
4.967194e-02;4.104995e-02;9.200356e-02;9.179820e-02;6.610952e-02;3.614186e-02;1.070371e-01;1.161506e-01;1.282153e-01;1.387891e-01;6.398821e-02;6.904455e-02
7.794983e-02;4.651701e-02;6.869251e-02;5.745586e-02;1.117047e-01;2.674248e-02;1.138368e-01;7.738206e-02;1.113272e-01;1.449573e-01;7.745669e-02;8.597756e-02
4.426739e-02;3.260798e-02;7.394416e-02;4.866698e-02;1.181787e-01;2.890552e-02;1.489428e-01;7.284573e-02;1.681639e-01;1.215162e-01;8.582295e-02;5.613776e-02
4.674825e-02;2.667321e-02;7.546914e-02;7.181580e-02;8.439193e-02;2.939130e-02;1.426121e-01;4.354911e-02;1.554757e-01;9.378022e-02;1.043902e-01;1.257031e-01
9.987840e-02;1.056456e-01;3.951002e-02;7.687546e-02;6.103211e-02;4.815665e-02;9.957968e-02;4.549534e-02;1.009533e-01;5.831241e-02;1.092668e-01;1.552942e-01
1.197486e-01;1.451032e-01;6.195280e-02;7.389046e-02;8.431187e-02;5.030883e-02;7.160768e-02;5.494918e-02;5.832151e-02;3.002975e-02;1.213785e-01;1.283976e-01
1.011124e-01;1.375202e-01;1.116894e-01;9.295780e-02;8.490414e-02;3.751665e-02;5.356227e-02;5.807477e-02;5.370310e-02;3.002420e-02;1.267225e-01;1.122127e-01
1.208830e-01;1.150268e-01;1.797941e-01;1.038889e-01;6.068899e-02;2.590876e-02;4.675167e-02;4.913166e-02;3.988430e-02;4.297060e-02;9.036558e-02;1.247055e-01
2.154710e-01;1.052051e-01;1.839360e-01;9.815895e-02;2.576510e-02;1.651260e-02;6.189008e-02;8.444000e-02;1.228423e-02;4.246721e-02;4.223581e-02;1.116340e-01
2.880927e-01;7.201365e-02;8.577366e-02;7.627330e-02;9.532532e-02;1.521936e-02;7.460789e-02;1.413792e-01;2.094074e-02;2.702599e-02;2.637655e-02;7.697159e-02
3.063963e-01;4.327327e-02;3.408268e-02;3.236834e-02;1.706211e-01;1.249513e-02;6.495745e-02;2.128235e-01;3.951948e-02;1.149396e-02;1.958859e-02;5.238019e-02
2.640760e-01;8.148450e-02;4.498894e-02;1.323022e-02;1.605277e-01;8.759250e-03;3.521643e-02;2.134038e-01;1.150982e-01;8.304038e-03;2.839159e-02;2.651933e-02
1.595985e-01;1.347716e-01;7.194024e-02;8.235634e-03;8.219071e-02;3.078704e-02;2.309150e-02;1.351609e-01;2.928898e-01;1.087697e-02;2.949365e-02;2.096348e-02
5.452581e-02;1.498985e-01;1.136157e-01;1.010609e-02;3.371187e-02;5.857153e-02;1.831823e-02;5.886334e-02;4.185031e-01;3.989607e-02;1.507474e-02;2.891488e-02
2.370592e-02;1.247073e-01;1.897930e-01;1.063013e-02;3.359729e-02;5.118683e-02;1.896563e-02;3.941158e-02;3.446659e-01;1.230260e-01;9.344806e-03;3.096563e-02
2.174317e-02;8.560732e-02;3.087487e-01;1.214802e-02;3.510457e-02;2.445922e-02;3.152352e-02;3.439811e-02;1.895438e-01;2.231407e-01;1.069167e-02;2.289116e-02
2.331848e-02;6.658338e-02;3.502244e-01;3.181272e-02;4.127310e-02;1.543571e-02;5.900828e-02;2.995240e-02;1.197125e-01;2.286028e-01;1.899373e-02;1.508254e-02
5.795522e-02;8.947790e-02;2.942403e-01;5.197596e-02;4.949565e-02;1.792520e-02;7.500791e-02;4.052326e-02;9.763929e-02;1.662483e-01;3.816035e-02;2.135060e-02
6.593807e-02;9.537764e-02;2.631434e-01;6.751827e-02;6.462535e-02;3.315841e-02;5.174104e-02;6.006676e-02;9.392149e-02;1.236776e-01;4.101488e-02;3.981714e-02
4.776060e-02;4.051485e-02;3.886945e-01;1.050707e-01;5.593370e-02;3.209304e-02;3.802731e-02;3.355778e-02;9.030188e-02;9.414709e-02;5.088727e-02;2.301131e-02
6.096207e-02;1.416322e-02;4.372270e-01;1.295916e-01;4.823773e-02;2.089647e-02;3.523129e-02;1.241023e-02;9.023705e-02;7.110667e-02;6.865180e-02;1.128482e-02
5.341832e-02;1.351269e-02;4.709028e-01;9.819864e-02;3.528846e-02;1.225193e-02;5.016414e-02;7.436299e-03;5.905620e-02;1.382427e-01;5.479929e-02;6.728523e-03
3.788624e-02;3.616429e-02;4.786607e-01;5.583986e-02;3.544229e-02;1.083364e-02;5.501850e-02;7.924844e-03;3.273270e-02;2.109554e-01;2.689759e-02;1.164394e-02
3.791914e-02;9.438283e-02;4.098469e-01;2.528431e-02;3.128411e-02;2.763301e-02;3.433467e-02;1.719332e-02;9.592677e-02;1.867894e-01;1.310946e-02;2.629609e-02
9.099756e-02;1.462955e-01;2.933747e-01;2.386559e-02;2.581551e-02;5.470670e-02;2.637950e-02;3.631134e-02;1.728898e-01;7.818113e-02;1.371223e-02;3.747058e-02
1.317536e-01;1.415035e-01;2.147595e-01;4.311423e-02;4.521034e-02;6.202157e-02;4.358830e-02;5.068435e-02;1.727358e-01;2.769385e-02;2.141203e-02;4.552297e-02
1.018344e-01;1.109359e-01;2.407869e-01;7.637679e-02;5.116244e-02;5.114916e-02;6.392162e-02;4.056029e-02;1.050445e-01;5.694982e-02;4.575256e-02;5.552562e-02
9.645880e-02;1.138152e-01;2.718989e-01;6.708097e-02;2.563082e-02;4.397597e-02;4.622568e-02;1.928082e-02;9.589627e-02;1.131192e-01;6.722539e-02;3.939189e-02
7.998836e-02;1.055767e-01;2.310365e-01;6.552257e-02;3.216515e-02;4.852630e-02;4.580798e-02;3.670121e-02;1.025777e-01;1.480355e-01;7.378086e-02;3.028125e-02
5.774524e-02;8.593453e-02;2.564858e-01;6.576101e-02;4.834013e-02;3.127376e-02;5.738137e-02;4.756085e-02;1.171849e-01;1.439259e-01;5.569321e-02;3.271332e-02
5.444479e-02;8.127971e-02;2.848869e-01;6.564698e-02;5.246310e-02;3.888312e-02;5.247284e-02;6.305657e-02;1.118945e-01;1.131226e-01;3.816135e-02;4.368753e-02
6.925012e-02;9.700055e-02;2.304562e-01;8.060392e-02;5.563319e-02;5.526794e-02;5.343518e-02;6.350020e-02;1.061428e-01;1.158438e-01;4.202821e-02;3.083785e-02
4.245358e-02;9.380485e-02;1.550555e-01;8.266944e-02;4.587484e-02;4.293503e-02;5.795867e-02;3.449635e-02;1.971172e-01;1.525002e-01;5.586012e-02;3.927416e-02
5.702712e-02;5.205281e-02;1.000502e-01;6.384268e-02;2.614098e-02;2.314011e-02;9.219256e-02;5.834417e-02;2.781242e-01;1.452585e-01;6.244607e-02;4.138059e-02
6.879549e-02;3.341470e-02;9.344800e-02;6.368196e-02;2.483775e-02;1.482685e-02;9.923636e-02;5.918025e-02;2.987506e-01;1.452070e-01;6.784624e-02;3.077486e-02
4.718323e-02;2.496154e-02;1.325859e-01;5.724980e-02;1.928689e-02;9.447934e-03;1.370067e-01;1.335884e-01;2.572333e-01;1.025345e-01;4.564196e-02;3.327994e-02
4.052269e-02;3.791064e-02;1.686286e-01;3.635573e-02;2.152893e-02;2.729504e-02;2.639484e-01;1.763350e-01;1.311371e-01;4.678372e-02;2.328951e-02;2.626446e-02
6.350411e-02;6.680173e-02;1.537178e-01;2.744681e-02;3.330272e-02;5.583324e-02;3.251693e-01;1.345421e-01;4.762111e-02;3.258648e-02;3.487780e-02;2.459685e-02
7.639734e-02;8.275454e-02;1.276789e-01;3.756941e-02;5.626648e-02;8.040876e-02;2.886904e-01;6.710347e-02;6.532115e-02;4.015384e-02;4.197095e-02;3.568480e-02
5.651686e-02;8.306765e-02;1.107648e-01;5.840930e-02;7.720148e-02;7.887929e-02;1.488725e-01;1.615790e-01;1.211099e-01;4.733132e-02;3.416573e-02;2.210215e-02
7.430980e-02;6.565718e-02;8.470301e-02;4.743313e-02;4.150806e-02;3.605554e-02;2.862848e-01;1.561516e-01;1.192552e-01;4.558640e-02;1.252783e-02;3.052744e-02
4.030860e-02;5.438197e-02;1.054460e-01;4.780130e-02;2.872658e-02;4.194795e-02;3.260541e-01;1.114716e-01;1.346217e-01;4.994119e-02;3.919282e-02;2.010627e-02
3.312892e-02;5.662150e-02;1.004416e-01;4.492381e-02;4.224822e-02;4.153287e-02;2.848820e-01;1.143453e-01;1.592343e-01;4.030960e-02;4.511051e-02;3.722128e-02
2.644035e-02;7.924531e-02;1.202319e-01;4.397892e-02;4.274026e-02;3.257610e-02;2.424546e-01;1.571008e-01;1.721009e-01;3.469455e-02;2.920900e-02;1.922726e-02
4.240809e-02;7.445052e-02;1.533167e-01;3.986521e-02;3.431761e-02;4.565641e-02;1.954204e-01;1.339067e-01;1.114442e-01;5.651672e-02;6.337366e-02;4.932375e-02
8.140259e-02;7.004591e-02;1.264720e-01;7.118702e-02;7.888838e-02;1.018140e-01;1.362301e-01;9.796137e-02;7.559007e-02;5.980400e-02;4.976112e-02;5.084340e-02
7.945697e-02;7.188792e-02;1.006770e-01;6.662132e-02;8.896117e-02;1.016013e-01;1.402982e-01;8.721633e-02;7.561514e-02;6.944056e-02;5.969618e-02;5.852789e-02
6.598964e-02;6.755942e-02;9.812886e-02;5.897736e-02;9.406954e-02;9.271550e-02;1.600145e-01;8.178528e-02;6.959493e-02;8.133447e-02;6.063239e-02;6.919813e-02
5.019683e-02;6.934349e-02;1.205174e-01;3.430817e-02;6.244410e-02;4.117911e-02;2.072794e-01;8.482858e-02;8.621240e-02;5.854314e-02;8.681293e-02;9.833440e-02
7.092665e-02;1.007511e-01;1.095470e-01;1.850084e-02;2.768568e-02;2.801198e-02;2.468427e-01;6.397705e-02;5.955986e-02;5.737861e-02;1.150494e-01;1.017692e-01
9.169073e-02;1.506662e-01;8.315679e-02;1.307065e-02;2.366948e-02;3.241355e-02;2.929722e-01;3.911718e-02;2.970193e-02;3.753966e-02;1.176258e-01;8.837589e-02
8.477773e-02;2.252466e-01;7.886854e-02;1.503196e-02;4.089052e-02;3.999707e-02;3.285081e-01;1.745369e-02;1.681706e-02;1.830740e-02;8.553425e-02;4.856706e-02
8.796114e-02;2.634015e-01;1.093544e-01;2.972571e-02;7.509807e-02;4.390103e-02;3.154549e-01;1.314154e-02;1.055221e-02;1.848890e-02;2.080162e-02;1.211902e-02
1.079652e-01;2.411891e-01;9.648976e-02;1.465222e-02;8.656228e-02;4.790976e-02;3.128912e-01;1.743506e-02;1.997095e-02;1.661902e-02;2.795286e-02;1.036261e-02
1.176647e-01;2.288255e-01;8.326099e-02;9.310069e-03;5.791274e-02;5.053106e-02;3.165331e-01;2.915214e-02;4.359054e-02;2.051783e-02;3.309190e-02;9.609337e-03
1.381716e-01;2.024820e-01;1.026094e-01;1.531629e-02;3.502122e-02;4.322568e-02;2.662466e-01;3.088658e-02;7.209399e-02;2.952074e-02;4.179474e-02;2.263110e-02
1.221783e-01;1.606271e-01;1.396522e-01;3.098151e-02;6.691973e-02;5.489440e-02;1.873190e-01;3.140651e-02;7.654666e-02;3.878909e-02;5.864850e-02;3.203696e-02
1.510147e-01;1.783834e-01;5.570524e-02;3.520662e-02;7.074662e-02;7.155616e-02;1.025114e-01;4.637530e-02;4.776121e-02;5.720739e-02;9.609383e-02;8.743807e-02
1.169812e-01;1.777665e-01;1.158353e-01;3.137652e-02;4.423515e-02;4.872221e-02;1.697669e-01;3.682615e-02;3.212829e-02;5.517830e-02;7.375386e-02;9.742958e-02
9.014006e-02;1.932865e-01;1.108680e-01;2.076587e-02;4.248603e-02;4.200759e-02;2.293916e-01;5.373190e-02;3.943252e-02;4.311033e-02;7.267462e-02;6.210507e-02
1.198114e-01;1.950475e-01;8.814813e-02;1.982191e-02;5.549425e-02;3.729507e-02;2.490231e-01;6.053521e-02;3.362213e-02;2.780476e-02;8.782140e-02;2.557522e-02
1.594876e-01;1.887903e-01;1.180492e-01;2.570281e-02;6.069092e-02;2.502590e-02;2.337423e-01;5.095561e-02;2.185706e-02;1.797312e-02;7.777424e-02;1.995087e-02
1.689407e-01;1.873313e-01;1.323657e-01;2.382716e-02;5.298139e-02;3.969318e-02;2.126249e-01;3.938373e-02;2.530743e-02;1.870705e-02;7.934526e-02;1.949220e-02
1.154543e-01;1.956059e-01;1.550337e-01;3.122421e-02;4.220110e-02;5.158758e-02;1.991984e-01;3.562009e-02;3.715010e-02;3.376963e-02;7.297798e-02;3.017700e-02
8.177746e-02;2.375481e-01;1.290228e-01;2.994513e-02;4.260326e-02;3.936107e-02;2.462696e-01;3.192227e-02;3.620246e-02;3.119358e-02;4.831233e-02;4.584184e-02
1.069432e-01;2.268391e-01;1.054944e-01;2.359402e-02;4.578815e-02;2.348632e-02;2.867571e-01;3.173589e-02;2.307687e-02;2.795349e-02;6.580772e-02;3.252379e-02
7.005303e-02;1.858931e-01;1.216719e-01;3.177577e-02;5.601744e-02;4.038422e-02;2.421313e-01;3.836941e-02;2.477916e-02;4.447426e-02;8.483124e-02;5.961917e-02
9.377275e-02;1.612949e-01;1.211189e-01;4.693123e-02;5.085614e-02;4.691590e-02;1.543870e-01;4.326641e-02;4.894942e-02;5.130612e-02;9.388530e-02;8.731590e-02
1.105207e-01;1.298922e-01;9.149168e-02;5.278964e-02;5.509924e-02;5.613291e-02;1.109287e-01;6.998451e-02;6.399237e-02;4.427599e-02;9.542630e-02;1.194658e-01
1.291653e-01;1.141375e-01;9.306070e-02;5.391182e-02;4.182888e-02;5.072575e-02;7.222121e-02;6.707542e-02;5.202676e-02;4.622325e-02;1.084139e-01;1.712095e-01
1.398564e-01;1.282353e-01;1.005637e-01;5.609669e-02;3.651557e-02;4.212841e-02;7.607397e-02;4.896954e-02;5.398782e-02;4.971310e-02;1.117935e-01;1.560660e-01
1.251744e-01;1.100501e-01;1.339510e-01;6.224064e-02;4.583962e-02;7.683603e-02;9.683746e-02;4.553017e-02;3.805017e-02;4.681464e-02;1.052198e-01;1.134559e-01
1.354006e-01;6.996982e-02;1.285490e-01;4.767728e-02;5.774302e-02;1.414860e-01;9.947305e-02;3.138985e-02;2.933409e-02;4.670941e-02;1.244948e-01;8.777307e-02
1.273646e-01;3.414764e-02;8.251059e-02;2.370016e-02;6.547453e-02;2.105037e-01;9.291168e-02;2.823765e-02;2.591350e-02;6.030761e-02;1.653550e-01;8.357340e-02
8.673979e-02;3.807187e-02;6.660409e-02;4.514775e-02;4.587277e-02;2.244064e-01;1.324036e-01;3.032448e-02;2.605965e-02;8.543089e-02;1.734333e-01;4.550530e-02
6.241786e-02;4.007578e-02;9.627725e-02;5.473771e-02;5.708652e-02;1.955663e-01;1.378108e-01;4.495804e-02;3.321811e-02;1.023061e-01;1.488059e-01;2.673960e-02
9.447856e-02;4.781360e-02;1.090565e-01;5.700973e-02;6.529938e-02;1.541705e-01;8.794105e-02;5.667002e-02;5.016263e-02;9.815089e-02;1.283970e-01;5.085000e-02
1.645764e-01;5.453742e-02;6.176668e-02;6.892954e-02;3.457619e-02;9.735224e-02;9.432089e-02;4.281989e-02;5.536604e-02;1.186834e-01;9.514505e-02;1.119262e-01
2.298092e-01;5.519236e-02;7.367542e-02;4.833787e-02;2.304266e-02;1.052880e-01;9.793540e-02;5.549910e-02;2.124290e-02;1.182021e-01;6.118236e-02;1.105927e-01
3.133098e-01;5.020180e-02;1.028965e-01;2.215865e-02;2.597312e-02;1.156600e-01;4.921589e-02;6.680199e-02;1.032572e-02;1.061438e-01;5.966717e-02;7.764556e-02
3.522720e-01;7.621648e-02;1.497492e-01;1.449603e-02;3.569965e-02;7.101772e-02;2.550032e-02;8.306780e-02;1.244387e-02;6.574520e-02;6.314147e-02;5.065022e-02
3.321298e-01;1.167234e-01;1.744834e-01;1.690444e-02;3.892262e-02;3.940160e-02;3.166312e-02;8.119055e-02;3.178845e-02;3.117507e-02;6.744878e-02;3.816880e-02
2.450343e-01;1.671643e-01;2.004791e-01;2.604043e-02;2.715216e-02;5.665850e-02;4.505548e-02;6.167004e-02;7.866497e-02;2.074925e-02;4.978076e-02;2.155061e-02
1.567897e-01;2.070012e-01;2.492493e-01;3.309615e-02;1.289201e-02;6.517047e-02;4.903688e-02;4.046807e-02;1.301909e-01;2.262533e-02;2.267399e-02;1.080599e-02
1.086466e-01;2.265419e-01;3.225883e-01;3.508672e-02;7.034685e-03;7.454389e-02;3.272153e-02;2.268323e-02;1.384663e-01;2.013133e-02;6.279961e-03;5.275529e-03
8.282188e-02;2.243439e-01;3.790584e-01;3.395464e-02;6.450785e-03;1.023231e-01;1.400715e-02;1.882880e-02;1.036667e-01;1.952031e-02;7.166290e-03;7.857922e-03
7.024591e-02;2.193926e-01;3.995237e-01;4.310159e-02;9.153125e-03;9.923390e-02;5.093833e-03;1.675649e-02;1.012918e-01;2.088440e-02;5.266314e-03;1.005632e-02
8.297122e-02;2.149766e-01;3.875215e-01;6.832430e-02;1.125099e-02;6.143847e-02;8.415747e-03;1.093279e-02;1.119850e-01;2.502907e-02;7.465349e-03;9.688935e-03
1.242038e-01;1.920729e-01;3.761103e-01;7.105464e-02;1.090983e-02;3.053732e-02;1.280463e-02;1.447442e-02;9.122898e-02;4.662179e-02;1.585990e-02;1.412132e-02
1.942707e-01;1.431564e-01;3.765474e-01;4.382651e-02;1.415201e-02;2.247533e-02;1.479056e-02;3.194455e-02;4.644134e-02;5.591208e-02;3.017482e-02;2.630830e-02
2.125795e-01;7.201499e-02;3.121212e-01;3.813476e-02;3.718389e-02;2.164256e-02;3.043593e-02;6.106505e-02;5.083290e-02;6.329473e-02;4.436733e-02;5.632714e-02
2.025453e-01;1.382809e-01;1.519030e-01;4.382623e-02;4.923941e-02;2.158322e-02;5.135313e-02;6.334522e-02;6.415106e-02;6.976090e-02;5.508681e-02;8.892480e-02
1.083848e-01;1.845873e-01;1.954290e-01;2.642872e-02;5.200867e-02;1.993296e-02;6.941935e-02;3.480814e-02;3.833446e-02;7.473395e-02;9.656262e-02;9.937006e-02
9.742375e-02;1.655125e-01;2.199569e-01;1.456055e-02;3.727510e-02;4.304086e-02;7.238781e-02;2.389018e-02;5.014166e-02;8.189944e-02;1.311305e-01;6.278078e-02
9.789155e-02;1.547026e-01;1.614429e-01;3.861134e-02;2.793221e-02;5.198098e-02;5.651711e-02;4.299708e-02;5.706017e-02;1.195893e-01;1.415311e-01;4.974367e-02
2.619446e-02;1.374557e-01;1.398631e-01;7.230544e-02;5.038882e-02;4.332092e-02;4.084252e-02;6.532310e-02;6.229461e-02;1.564629e-01;1.566504e-01;4.889803e-02
9.306998e-02;7.605892e-02;9.863582e-02;8.922167e-02;8.336541e-02;5.462775e-02;4.162576e-02;4.366095e-02;6.670370e-02;1.364760e-01;1.615751e-01;5.497893e-02
1.171023e-01;4.494171e-02;1.119372e-01;9.279902e-02;1.009170e-01;5.242186e-02;6.799588e-02;4.636257e-02;5.126855e-02;1.206901e-01;1.041951e-01;8.936866e-02
1.987049e-01;3.276741e-02;7.239273e-02;7.554065e-02;7.799509e-02;5.859283e-02;8.657584e-02;5.570424e-02;3.966342e-02;1.300314e-01;6.550846e-02;1.065230e-01
2.889521e-01;5.415875e-02;6.971466e-02;3.788292e-02;3.331654e-02;6.052148e-02;7.956211e-02;5.386502e-02;6.430477e-02;1.260752e-01;3.644321e-02;9.520333e-02
3.488535e-01;5.380875e-02;5.244864e-02;1.929597e-02;1.230211e-02;8.139156e-02;7.137368e-02;5.055433e-02;6.677981e-02;1.385243e-01;1.609175e-02;8.857560e-02
3.565043e-01;5.026186e-02;2.098511e-02;3.449110e-02;6.827057e-03;9.084645e-02;8.494281e-02;3.618051e-02;4.347939e-02;1.409429e-01;1.735481e-02;1.171837e-01
3.813343e-01;5.217684e-02;1.221029e-02;4.801951e-02;6.926136e-03;5.613730e-02;1.258396e-01;2.188025e-02;1.775307e-02;8.997890e-02;2.272389e-02;1.650199e-01
3.981970e-01;5.974241e-02;1.453075e-02;5.658434e-02;1.398400e-02;2.143417e-02;1.476378e-01;2.613783e-02;1.372778e-02;2.948634e-02;2.447258e-02;1.940650e-01
3.781058e-01;4.906029e-02;1.113187e-02;7.141640e-02;1.390705e-02;4.505984e-02;1.368062e-01;4.029279e-02;1.543995e-02;3.969924e-02;2.111541e-02;1.779651e-01
3.884838e-01;3.896261e-02;2.792808e-02;6.653461e-02;1.897244e-02;6.625224e-02;9.904674e-02;6.358378e-02;2.488872e-02;5.540789e-02;1.470320e-02;1.352359e-01
4.279790e-01;6.865937e-02;5.858649e-02;3.277474e-02;4.454262e-02;4.570873e-02;4.874380e-02;1.001573e-01;3.641238e-02;3.982823e-02;1.249711e-02;8.411027e-02
4.338957e-01;1.164706e-01;8.919385e-02;1.103625e-02;6.159743e-02;1.763042e-02;2.445725e-02;1.018965e-01;4.443667e-02;3.281417e-02;1.642650e-02;5.014470e-02
3.633696e-01;1.805364e-01;1.270483e-01;1.336695e-02;4.408199e-02;4.931707e-03;2.648647e-02;6.276705e-02;6.521714e-02;6.066521e-02;1.984391e-02;3.168519e-02
2.575927e-01;2.110658e-01;1.933984e-01;2.987953e-02;2.244545e-02;9.813703e-03;2.572641e-02;2.611208e-02;8.303405e-02;7.919087e-02;2.458780e-02;3.715322e-02
1.472277e-01;1.940301e-01;2.628770e-01;4.427256e-02;2.969943e-02;1.849742e-02;3.722297e-02;2.300904e-02;6.247215e-02;7.601371e-02;5.243973e-02;5.223824e-02
1.160606e-01;1.897862e-01;2.436173e-01;4.136615e-02;3.693328e-02;1.971867e-02;5.560190e-02;7.207872e-02;6.946000e-02;5.610164e-02;5.693639e-02;4.233912e-02
1.589761e-01;2.046095e-01;1.922966e-01;2.816697e-02;2.687429e-02;1.126693e-02;4.653134e-02;1.072703e-01;9.429678e-02;4.728870e-02;2.877550e-02;5.364697e-02
1.559842e-01;2.032829e-01;2.008728e-01;2.608572e-02;3.166956e-02;1.767628e-02;3.689839e-02;1.132867e-01;7.440075e-02;4.914980e-02;3.310668e-02;5.758626e-02
2.071119e-01;1.314749e-01;1.699899e-01;2.970937e-02;2.253709e-02;2.567954e-02;6.703486e-02;1.094368e-01;8.527839e-02;5.438370e-02;3.348173e-02;6.388180e-02
2.415261e-01;8.130525e-02;1.177527e-01;4.178920e-02;2.429137e-02;2.701602e-02;1.013673e-01;1.174752e-01;1.089917e-01;3.957113e-02;3.040517e-02;6.850883e-02
1.874505e-01;1.708797e-01;1.571232e-01;4.419208e-02;2.323698e-02;2.292061e-02;7.589386e-02;9.163539e-02;9.583721e-02;3.858120e-02;3.293393e-02;5.931532e-02
8.824158e-02;1.056705e-01;1.446749e-01;7.115795e-02;5.898904e-02;5.075867e-02;7.213381e-02;8.453748e-02;7.740380e-02;9.498665e-02;6.045731e-02;9.098827e-02
9.628101e-02;6.233162e-02;1.460904e-01;8.085369e-02;7.014199e-02;5.580384e-02;7.118262e-02;8.027438e-02;9.219920e-02;9.123053e-02;5.727949e-02;9.633121e-02
9.898159e-02;4.908673e-02;2.125224e-01;9.025273e-02;8.442797e-02;5.818991e-02;6.352120e-02;7.075809e-02;7.332315e-02;7.446230e-02;4.954645e-02;7.492749e-02
7.694726e-02;7.029067e-02;3.025242e-01;9.576792e-02;7.152469e-02;4.191881e-02;6.883628e-02;3.591542e-02;4.279543e-02;8.794641e-02;6.232934e-02;4.320358e-02
5.131578e-02;7.498780e-02;3.961959e-01;7.707085e-02;5.360266e-02;2.512174e-02;4.635191e-02;1.762793e-02;3.643506e-02;1.381059e-01;4.605023e-02;3.713419e-02
3.394246e-02;6.996831e-02;4.914601e-01;4.609135e-02;3.378307e-02;1.579879e-02;2.542123e-02;1.566432e-02;3.097364e-02;2.009007e-01;1.381176e-02;2.218418e-02
3.230458e-02;1.052805e-01;3.998222e-01;2.365095e-02;2.221552e-02;2.236713e-02;1.756031e-02;2.806713e-02;1.129721e-01;1.751806e-01;9.554581e-03;5.102440e-02
3.105686e-02;1.540078e-01;2.631594e-01;2.713572e-02;1.326239e-02;4.137810e-02;1.243199e-02;3.558545e-02;2.487239e-01;7.897894e-02;8.147161e-03;8.613235e-02
4.321390e-02;1.641664e-01;1.994641e-01;2.087612e-02;2.208182e-02;5.638595e-02;2.939257e-02;2.716036e-02;2.808820e-01;4.709675e-02;1.811668e-02;9.116338e-02
6.417913e-02;1.203412e-01;1.874292e-01;3.855106e-02;5.576179e-02;5.110421e-02;8.011100e-02;4.202268e-02;1.862137e-01;6.411985e-02;3.641906e-02;7.374720e-02
6.592834e-02;8.441460e-02;1.427764e-01;7.738464e-02;8.890212e-02;6.822714e-02;1.556820e-01;4.735633e-02;1.146056e-01;4.754642e-02;3.448179e-02;7.269461e-02
5.845771e-02;8.028800e-02;1.151149e-01;9.705672e-02;8.925602e-02;1.016352e-01;2.183961e-01;4.404890e-02;6.536958e-02;4.415801e-02;2.526759e-02;6.095126e-02
6.695075e-02;7.585966e-02;9.612598e-02;9.247564e-02;1.323451e-01;1.323065e-01;1.709351e-01;4.186482e-02;6.503785e-02;5.676882e-02;3.098681e-02;3.834300e-02
6.176557e-02;7.515918e-02;1.181651e-01;9.980337e-02;1.503943e-01;1.247494e-01;1.068943e-01;5.421530e-02;8.106465e-02;5.085236e-02;2.363923e-02;5.329728e-02
1.283452e-01;7.614828e-02;1.210373e-01;5.551502e-02;1.124486e-01;1.093394e-01;1.637872e-01;4.495614e-02;6.295460e-02;5.605586e-02;2.410611e-02;4.530640e-02
1.082902e-01;7.215787e-02;1.365105e-01;3.178501e-02;1.175504e-01;1.114363e-01;1.271324e-01;6.963734e-02;6.104103e-02;6.663726e-02;5.327721e-02;4.454445e-02
2.759754e-02;3.854338e-02;2.664899e-01;7.076764e-02;1.009431e-01;8.997683e-02;9.662067e-02;1.219063e-01;6.017702e-02;5.024243e-02;5.824532e-02;1.848985e-02
2.040666e-02;2.870359e-02;3.640243e-01;9.692530e-02;6.262930e-02;6.292515e-02;7.482841e-02;1.430509e-01;5.596191e-02;2.849162e-02;5.085791e-02;1.119502e-02
8.725562e-03;2.721209e-02;4.618098e-01;9.003469e-02;5.440420e-02;4.848278e-02;5.698198e-02;1.201697e-01;6.106018e-02;2.626173e-02;3.585579e-02;9.001536e-03
1.011764e-02;3.168999e-02;5.959619e-01;6.155236e-02;4.374763e-02;2.413458e-02;4.591309e-02;5.723671e-02;6.518740e-02;3.670391e-02;1.759474e-02;1.016006e-02
2.203322e-02;5.237107e-02;6.193932e-01;4.034994e-02;3.946072e-02;1.931590e-02;4.361194e-02;5.676138e-02;3.854896e-02;4.755985e-02;8.559136e-03;1.203473e-02
3.983220e-02;6.995455e-02;4.896332e-01;2.532332e-02;7.034133e-02;7.218414e-02;6.261277e-02;4.910430e-02;4.290359e-02;4.431697e-02;1.843797e-02;1.535573e-02
3.274891e-02;5.229387e-02;3.172045e-01;2.932797e-02;1.442219e-01;1.448422e-01;1.056973e-01;5.828849e-02;4.352336e-02;3.467778e-02;2.241342e-02;1.476017e-02
2.866117e-02;3.972384e-02;2.549814e-01;5.821349e-02;1.819402e-01;1.506523e-01;1.025759e-01;5.903172e-02;4.698985e-02;3.373736e-02;3.016970e-02;1.332299e-02
3.305954e-02;3.387464e-02;2.772825e-01;8.981379e-02;1.416012e-01;1.120576e-01;6.631333e-02;7.001203e-02;5.847149e-02;5.359920e-02;4.028773e-02;2.362703e-02
4.491311e-02;3.661639e-02;2.490257e-01;1.200339e-01;1.255188e-01;7.371189e-02;5.360614e-02;8.996438e-02;6.668192e-02;7.469793e-02;4.254498e-02;2.268485e-02
3.554442e-02;7.081442e-02;2.300291e-01;1.054276e-01;9.555832e-02;5.548956e-02;8.424044e-02;1.185184e-01;7.242037e-02;6.040905e-02;4.046577e-02;3.108250e-02
3.469282e-02;1.045768e-01;2.609081e-01;9.215724e-02;7.650113e-02;6.959220e-02;8.412766e-02;9.780622e-02;6.889562e-02;3.909476e-02;3.848069e-02;3.316672e-02
3.389758e-02;1.423560e-01;1.610599e-01;1.263775e-01;7.761192e-02;9.114002e-02;1.115370e-01;5.911088e-02;8.786436e-02;4.730162e-02;2.548363e-02;3.625964e-02
3.463347e-02;1.591849e-01;1.741714e-01;1.023429e-01;9.888162e-02;6.201948e-02;1.205961e-01;4.330088e-02;7.558724e-02;5.857449e-02;2.217289e-02;4.853455e-02
5.761955e-02;1.473198e-01;2.017128e-01;8.854368e-02;1.245702e-01;4.389331e-02;1.097797e-01;4.851919e-02;5.141427e-02;5.640016e-02;1.798186e-02;5.224553e-02
1.006721e-01;1.637755e-01;1.644936e-01;6.545204e-02;1.267222e-01;4.279584e-02;1.042298e-01;5.528421e-02;3.136592e-02;6.725831e-02;2.813706e-02;4.981337e-02
7.033813e-02;6.483318e-02;2.285347e-01;7.111304e-02;1.181551e-01;9.000970e-02;1.206499e-01;4.182040e-02;4.704163e-02;4.893464e-02;3.668778e-02;6.188181e-02
3.821073e-02;4.465485e-02;2.312337e-01;1.073303e-01;1.197198e-01;9.472734e-02;1.216199e-01;3.381206e-02;3.855122e-02;3.986102e-02;6.770577e-02;6.257323e-02
2.380351e-02;4.820516e-02;2.746106e-01;1.372507e-01;1.022587e-01;7.144701e-02;8.214469e-02;2.577539e-02;3.780748e-02;5.942643e-02;9.004027e-02;4.723002e-02
4.357193e-02;4.081704e-02;3.893620e-01;1.117737e-01;6.441332e-02;2.988150e-02;5.877669e-02;1.280891e-02;3.646651e-02;1.210133e-01;6.536300e-02;2.575207e-02
4.456668e-02;6.915111e-02;4.415744e-01;5.661475e-02;4.221043e-02;1.693550e-02;4.944715e-02;1.742332e-02;4.874738e-02;1.611866e-01;2.415032e-02;2.799229e-02
4.192300e-02;1.594716e-01;3.269182e-01;4.667781e-02;2.540340e-02;3.689933e-02;2.441132e-02;3.567312e-02;1.284417e-01;1.109189e-01;1.768530e-02;4.557638e-02
8.141617e-02;2.532305e-01;1.902570e-01;5.843144e-02;1.094008e-02;4.987054e-02;2.551647e-02;4.608719e-02;1.930312e-01;4.044328e-02;9.031175e-03;4.174503e-02
1.474647e-01;2.688045e-01;1.197055e-01;5.334375e-02;1.148171e-02;3.197736e-02;5.297132e-02;5.196154e-02;1.800305e-01;3.590346e-02;2.690691e-02;1.944884e-02
2.487467e-01;1.977993e-01;1.165347e-01;3.597199e-02;3.055088e-02;1.304421e-02;7.623678e-02;7.333982e-02;9.198042e-02;5.381328e-02;4.640298e-02;1.557899e-02
3.306739e-01;1.211753e-01;1.010180e-01;2.296664e-02;6.217711e-02;6.875122e-03;6.402751e-02;1.271134e-01;4.830210e-02;3.611915e-02;5.536963e-02;2.418209e-02
3.668315e-01;7.653565e-02;1.360814e-01;1.458203e-02;7.126461e-02;7.535928e-03;3.105646e-02;1.688672e-01;3.938308e-02;1.705106e-02;3.684194e-02;3.396909e-02
3.908033e-01;7.357860e-02;1.467357e-01;1.643794e-02;6.710921e-02;9.248649e-03;2.508006e-02;1.716697e-01;2.684916e-02;1.020470e-02;1.912583e-02;4.315706e-02
3.980912e-01;8.080186e-02;1.409091e-01;2.358875e-02;7.310776e-02;7.020107e-03;5.015694e-02;1.282146e-01;1.610365e-02;9.291724e-03;2.701448e-02;4.569993e-02
4.100708e-01;1.204216e-01;1.115991e-01;1.465376e-02;6.286291e-02;9.699900e-03;1.017032e-01;6.094547e-02;1.875077e-02;1.679860e-02;2.946322e-02;4.303071e-02
3.803816e-01;1.748839e-01;9.813828e-02;1.859184e-02;2.758894e-02;1.336250e-02;1.295938e-01;3.284278e-02;3.923873e-02;2.622004e-02;2.022947e-02;3.892821e-02
2.633711e-01;1.921486e-01;1.803460e-01;4.235421e-02;1.376457e-02;1.777271e-02;1.051328e-01;4.344637e-02;5.738357e-02;3.428415e-02;2.509505e-02;2.490093e-02
1.687633e-01;1.586584e-01;2.589722e-01;4.775471e-02;2.554285e-02;1.829245e-02;7.739145e-02;5.700294e-02;6.388494e-02;5.329043e-02;4.970212e-02;2.074415e-02
9.856436e-02;1.212707e-01;3.109183e-01;5.157521e-02;3.813209e-02;2.097493e-02;6.180126e-02;7.661185e-02;6.102501e-02;7.446656e-02;5.434374e-02;3.031593e-02
1.326174e-01;1.504967e-01;2.724758e-01;3.990580e-02;3.683212e-02;1.409996e-02;6.972863e-02;7.561083e-02;7.088133e-02;6.497679e-02;5.595098e-02;1.642362e-02
1.768236e-01;1.653686e-01;2.911143e-01;3.633284e-02;3.676965e-02;9.823284e-03;5.988838e-02;6.859054e-02;5.189897e-02;3.662911e-02;3.811445e-02;2.864622e-02
1.318541e-01;1.393858e-01;3.275203e-01;4.564679e-02;4.190664e-02;1.358145e-02;5.361994e-02;8.483942e-02;6.338341e-02;2.324724e-02;4.938528e-02;2.562957e-02
6.956439e-02;1.001348e-01;2.646179e-01;6.102087e-02;5.342209e-02;2.114572e-02;9.884514e-02;1.232915e-01;9.197494e-02;4.343211e-02;5.359206e-02;1.895843e-02
1.319576e-01;1.306071e-01;1.746372e-01;4.456044e-02;4.388323e-02;3.187210e-02;1.047273e-01;1.223218e-01;9.834749e-02;4.989466e-02;2.487654e-02;4.231451e-02
1.325458e-01;1.100019e-01;1.693135e-01;4.385461e-02;4.546599e-02;7.319983e-02;1.102453e-01;9.016090e-02;7.085420e-02;7.341649e-02;3.013747e-02;5.080393e-02
1.222523e-01;6.566612e-02;1.693046e-01;6.509433e-02;6.281152e-02;7.388068e-02;1.045975e-01;9.011838e-02;7.977297e-02;8.743269e-02;3.308184e-02;4.598703e-02
1.391336e-01;1.244783e-01;2.338032e-01;5.461754e-02;5.806176e-02;3.992027e-02;8.313400e-02;6.517534e-02;6.647999e-02;5.628436e-02;4.613815e-02;3.277347e-02
1.834406e-01;1.417641e-01;2.155462e-01;3.815146e-02;4.907034e-02;2.380399e-02;5.777119e-02;8.030097e-02;6.258105e-02;3.277973e-02;8.800157e-02;2.678877e-02
2.407736e-01;1.261723e-01;1.440696e-01;2.161328e-02;4.255845e-02;1.899411e-02;3.992937e-02;1.358701e-01;5.537919e-02;3.057808e-02;1.229823e-01;2.107958e-02
2.838186e-01;6.519002e-02;7.769899e-02;8.295083e-03;2.953982e-02;2.008301e-02;6.764038e-02;2.156122e-01;5.355887e-02;2.622685e-02;1.128543e-01;3.948185e-02
2.945586e-01;1.698812e-02;4.954021e-02;7.671150e-03;1.469070e-02;3.528203e-02;1.126915e-01;2.307612e-01;7.509582e-02;4.612397e-02;5.088555e-02;6.571111e-02
2.501628e-01;3.686978e-02;4.793711e-02;1.640318e-02;1.224006e-02;4.253314e-02;1.363151e-01;1.420138e-01;9.147791e-02;9.758108e-02;2.876608e-02;9.770004e-02
1.867114e-01;4.674396e-02;6.720407e-02;3.021043e-02;2.000548e-02;3.946128e-02;1.206692e-01;1.023607e-01;7.831006e-02;1.210484e-01;5.388092e-02;1.333939e-01
1.603949e-01;3.382666e-02;8.040533e-02;3.564140e-02;3.260511e-02;3.920339e-02;8.530288e-02;1.116998e-01;8.917805e-02;1.236098e-01;8.071177e-02;1.274210e-01
1.252872e-01;4.516774e-02;9.846736e-02;3.169444e-02;4.173997e-02;4.730276e-02;9.288513e-02;9.564298e-02;1.466600e-01;1.036846e-01;1.043572e-01;6.711064e-02
8.487492e-02;5.326076e-02;8.347141e-02;5.485069e-02;1.963198e-02;4.110292e-02;1.484544e-01;7.209377e-02;1.213030e-01;1.300827e-01;9.261754e-02;9.825594e-02
9.536594e-02;4.824456e-02;5.210259e-02;7.937927e-02;1.236158e-02;2.595301e-02;1.784212e-01;8.415298e-02;7.466533e-02;1.461958e-01;5.702716e-02;1.461306e-01
1.029101e-01;3.602454e-02;3.986926e-02;9.391969e-02;1.828870e-02;4.697810e-02;1.987732e-01;7.882094e-02;5.724257e-02;1.458898e-01;3.547136e-02;1.458118e-01
1.052148e-01;2.338761e-02;5.692721e-02;1.025355e-01;2.631387e-02;6.320224e-02;1.902841e-01;7.108001e-02;3.989867e-02;1.325325e-01;4.939315e-02;1.392304e-01
8.286640e-02;3.624438e-02;4.771125e-02;1.076916e-01;2.980364e-02;5.926844e-02;1.690243e-01;6.609726e-02;3.438660e-02;1.327820e-01;9.321771e-02;1.409065e-01
3.637939e-02;4.978590e-02;7.686779e-02;9.903062e-02;2.948483e-02;5.258114e-02;2.246514e-01;4.593729e-02;3.622640e-02;9.635574e-02;1.121159e-01;1.405837e-01
4.446710e-02;4.462956e-02;4.635588e-02;7.900976e-02;3.110122e-02;4.414255e-02;2.695612e-01;2.842662e-02;4.428150e-02;5.793389e-02;1.102586e-01;1.998321e-01
5.387560e-02;4.519373e-02;5.328111e-02;6.718142e-02;3.017103e-02;2.916504e-02;2.531373e-01;5.738307e-02;4.107472e-02;6.825089e-02;8.798537e-02;2.133008e-01
1.376185e-01;7.094414e-02;1.124732e-01;3.527921e-02;3.284897e-02;2.859739e-02;1.707534e-01;9.407597e-02;7.936744e-02;5.054162e-02;7.219592e-02;1.153041e-01
1.668123e-01;8.004154e-02;8.827982e-02;5.951346e-02;2.420111e-02;2.721707e-02;1.647049e-01;9.493051e-02;7.742333e-02;3.559913e-02;5.776556e-02;1.235113e-01
1.621107e-01;8.149314e-02;6.288451e-02;9.792192e-02;4.562550e-02;4.024602e-02;1.748810e-01;6.819926e-02;4.857199e-02;3.021712e-02;4.141841e-02;1.464305e-01
1.074181e-01;6.906337e-02;5.713760e-02;1.199576e-01;8.468726e-02;7.691560e-02;1.867936e-01;5.683470e-02;3.121245e-02;2.616617e-02;5.572311e-02;1.280905e-01
5.910022e-02;3.783338e-02;4.089313e-02;9.257438e-02;9.404375e-02;9.829675e-02;1.859475e-01;1.111347e-01;6.516904e-02;4.303067e-02;9.218638e-02;7.979005e-02
8.720741e-02;3.221413e-02;8.423386e-02;4.607610e-02;5.329247e-02;7.029661e-02;1.419763e-01;1.313829e-01;8.793221e-02;5.778451e-02;9.899984e-02;1.086037e-01
1.451367e-01;2.568571e-02;9.044528e-02;5.387950e-02;9.052587e-02;5.809783e-02;1.305459e-01;8.416410e-02;8.256157e-02;5.034446e-02;5.458924e-02;1.340238e-01
1.498276e-01;4.650572e-02;6.357097e-02;5.760740e-02;9.995814e-02;7.208176e-02;1.357099e-01;6.194762e-02;8.858576e-02;5.256394e-02;5.814164e-02;1.134996e-01
1.000062e-01;7.159588e-02;5.285418e-02;4.273604e-02;3.755952e-02;5.533471e-02;7.026640e-02;7.643079e-02;1.095338e-01;1.126751e-01;1.442010e-01;1.268064e-01
1.099876e-01;7.790961e-02;5.611262e-02;3.122450e-02;4.837428e-02;4.860531e-02;4.704766e-02;6.514313e-02;8.630114e-02;1.269105e-01;1.655961e-01;1.367875e-01
1.214421e-01;6.898391e-02;5.353097e-02;2.324665e-02;5.144022e-02;6.400903e-02;5.723793e-02;7.229331e-02;7.705636e-02;1.212803e-01;1.613124e-01;1.281668e-01
1.122250e-01;7.352471e-02;9.436858e-02;3.954864e-02;4.195374e-02;8.843977e-02;5.997572e-02;7.911289e-02;6.542189e-02;9.270734e-02;1.467793e-01;1.059423e-01
1.388424e-01;8.426850e-02;1.520348e-01;6.081058e-02;6.447757e-02;6.017694e-02;5.615835e-02;8.117595e-02;7.566396e-02;5.948777e-02;8.430376e-02;8.259948e-02
1.765654e-01;7.044012e-02;1.342491e-01;5.904886e-02;6.038260e-02;3.728514e-02;8.075914e-02;1.220719e-01;7.046792e-02;5.759733e-02;4.658854e-02;8.454397e-02
2.341002e-01;4.074356e-02;9.922920e-02;4.299015e-02;5.653820e-02;2.918043e-02;8.991233e-02;1.988989e-01;4.214031e-02;4.810382e-02;3.409677e-02;8.406617e-02
2.773913e-01;4.656350e-02;9.382255e-02;1.771054e-02;8.006597e-02;1.304827e-02;7.276413e-02;2.288104e-01;3.490833e-02;2.073729e-02;7.162324e-02;4.255444e-02
2.530846e-01;8.413265e-02;1.043571e-01;1.260361e-02;6.343608e-02;6.270872e-03;6.240403e-02;1.564786e-01;6.356704e-02;2.773475e-02;1.405901e-01;2.534060e-02
2.396768e-01;9.326542e-02;1.122332e-01;2.567307e-02;3.892514e-02;1.118415e-02;7.961664e-02;6.587419e-02;1.013166e-01;3.799484e-02;1.482328e-01;4.600706e-02
2.517908e-01;8.089457e-02;1.309447e-01;3.664819e-02;3.915773e-02;2.163895e-02;9.048403e-02;9.279792e-02;9.099647e-02;3.236467e-02;8.094100e-02;5.134098e-02
1.650434e-01;1.184648e-01;3.130505e-01;2.821690e-02;2.564862e-02;2.220266e-02;4.066942e-02;9.193205e-02;5.129827e-02;3.025732e-02;8.096859e-02;3.224758e-02
6.026738e-02;8.353731e-02;4.876103e-01;3.059719e-02;3.303146e-02;1.536719e-02;2.493314e-02;6.781304e-02;5.404370e-02;5.908450e-02;5.456660e-02;2.914818e-02
2.758378e-02;3.789503e-02;6.146441e-01;4.007740e-02;4.157798e-02;1.006743e-02;2.654700e-02;4.510592e-02;3.798170e-02;8.056991e-02;2.024066e-02;1.770908e-02
2.073797e-02;2.870810e-02;6.450570e-01;4.031854e-02;3.699082e-02;1.609061e-02;4.306519e-02;3.213832e-02;3.507007e-02;8.599810e-02;8.095920e-03;7.729351e-03
1.203366e-02;1.857509e-02;6.516607e-01;3.441270e-02;2.700774e-02;1.383767e-02;6.630319e-02;2.527843e-02;3.504762e-02;9.934100e-02;1.289288e-02;3.609333e-03
1.412207e-02;1.509580e-02;6.592535e-01;3.244985e-02;3.253997e-02;1.095480e-02;6.729221e-02;1.815302e-02;2.040454e-02;1.076776e-01;1.598330e-02;6.073441e-03
1.934368e-02;1.655973e-02;6.563513e-01;3.895922e-02;4.385893e-02;1.233217e-02;5.805166e-02;1.348668e-02;1.238904e-02;1.101907e-01;1.322643e-02;5.250540e-03
1.878352e-02;2.416208e-02;6.615976e-01;3.901137e-02;3.614377e-02;1.069921e-02;5.073176e-02;1.537935e-02;2.034821e-02;1.070592e-01;9.975771e-03;6.108123e-03
1.862331e-02;4.413800e-02;6.482580e-01;3.514525e-02;2.096038e-02;1.272446e-02;4.679221e-02;3.157125e-02;3.207946e-02;8.350754e-02;1.143217e-02;1.476795e-02
1.778413e-02;7.002522e-02;5.966056e-01;3.327020e-02;1.457535e-02;3.735455e-02;3.753032e-02;3.418206e-02;7.499284e-02;5.134169e-02;9.290420e-03;2.304763e-02
1.993646e-02;9.748232e-02;4.990745e-01;3.001188e-02;1.080274e-02;5.274082e-02;5.328206e-02;2.773129e-02;1.465036e-01;3.074992e-02;8.680659e-03;2.300376e-02
6.503964e-02;1.076840e-01;3.703287e-01;2.130262e-02;3.136569e-02;3.978573e-02;9.257351e-02;6.162379e-02;1.514892e-01;3.130621e-02;1.122785e-02;1.627309e-02
1.239962e-01;8.396849e-02;2.208606e-01;3.835237e-02;4.800389e-02;4.013390e-02;1.283174e-01;1.192747e-01;9.941135e-02;4.172324e-02;2.409063e-02;3.186718e-02
1.166882e-01;4.586736e-02;1.186267e-01;5.682788e-02;5.711799e-02;8.444951e-02;1.469637e-01;1.204252e-01;5.572348e-02;8.597761e-02;5.524467e-02;5.608767e-02
1.049761e-01;4.066841e-02;8.468214e-02;6.337115e-02;8.781611e-02;9.600539e-02;1.170248e-01;7.848349e-02;8.378202e-02;1.118340e-01;7.370528e-02;5.765111e-02
1.052868e-01;6.880752e-02;1.060409e-01;6.692516e-02;9.094010e-02;6.627938e-02;9.043691e-02;7.210612e-02;1.384088e-01;9.165146e-02;3.769602e-02;6.542079e-02
8.622246e-02;9.174539e-02;1.093996e-01;5.794649e-02;7.367962e-02;4.133423e-02;1.143387e-01;8.964950e-02;1.207242e-01;5.874410e-02;6.987071e-02;8.634494e-02
9.895482e-02;1.075858e-01;8.317294e-02;4.275500e-02;7.162686e-02;2.298493e-02;1.741363e-01;7.661659e-02;6.269319e-02;5.383248e-02;1.182564e-01;8.738474e-02
1.182230e-01;8.754815e-02;4.921193e-02;7.087309e-02;4.842861e-02;4.812525e-02;1.686499e-01;5.581144e-02;5.086229e-02;1.169203e-01;9.035534e-02;9.499067e-02
1.821312e-01;3.923686e-02;4.509064e-02;7.907181e-02;5.207306e-02;7.812116e-02;1.119677e-01;7.236001e-02;4.160219e-02;1.726696e-01;4.575570e-02;7.992002e-02
2.451732e-01;3.180452e-02;3.084042e-02;4.827611e-02;5.808980e-02;9.401232e-02;8.905946e-02;8.013033e-02;6.935962e-02;1.614425e-01;5.078897e-02;4.102266e-02
2.446070e-01;5.250358e-02;5.284799e-02;2.433835e-02;5.207919e-02;1.008691e-01;7.667162e-02;7.436807e-02;9.043428e-02;1.307977e-01;6.271950e-02;3.776353e-02
2.131791e-01;5.359054e-02;4.883144e-02;2.740032e-02;5.453991e-02;1.062835e-01;5.636780e-02;7.803896e-02;1.080053e-01;1.509596e-01;6.251746e-02;4.028600e-02
1.962153e-01;3.337784e-02;2.979649e-02;4.141163e-02;6.415341e-02;1.062072e-01;8.397465e-02;8.774262e-02;1.018216e-01;1.812731e-01;4.563766e-02;2.838859e-02
1.862602e-01;2.445413e-02;1.580594e-02;4.431371e-02;6.352886e-02;1.088205e-01;1.132359e-01;8.814697e-02;9.309695e-02;1.974043e-01;3.049456e-02;3.443807e-02
1.771585e-01;2.452353e-02;1.615233e-02;4.855324e-02;6.867324e-02;1.132428e-01;1.131089e-01;6.846476e-02;9.473693e-02;2.200564e-01;2.926034e-02;2.606908e-02
1.715558e-01;2.566708e-02;1.690032e-02;5.053479e-02;6.520975e-02;1.155779e-01;1.256286e-01;4.171249e-02;7.063617e-02;2.379535e-01;2.467534e-02;5.394831e-02
1.761552e-01;3.884272e-02;2.522889e-02;5.341965e-02;7.648432e-02;1.184556e-01;1.488328e-01;2.260489e-02;5.121573e-02;2.366993e-01;8.733433e-03;4.332738e-02
1.833633e-01;4.478773e-02;6.169497e-02;5.813270e-02;8.782393e-02;1.047451e-01;1.478188e-01;1.813205e-02;4.496127e-02;1.894647e-01;1.581795e-02;4.325752e-02
1.821807e-01;4.354691e-02;1.116763e-01;5.859155e-02;9.821908e-02;8.788306e-02;1.230875e-01;1.932086e-02;7.218731e-02;1.325167e-01;2.458397e-02;4.620611e-02
1.864993e-01;3.511028e-02;9.352186e-02;5.301461e-02;1.217977e-01;9.951218e-02;1.255264e-01;2.113292e-02;6.245361e-02;1.119944e-01;3.370885e-02;5.572786e-02
1.360572e-01;2.437347e-02;1.159728e-01;5.374193e-02;1.293497e-01;1.043089e-01;1.352662e-01;2.480876e-02;5.509697e-02;1.590274e-01;2.261032e-02;3.938644e-02
7.953379e-02;2.564050e-02;2.039679e-01;4.245074e-02;1.019416e-01;8.999186e-02;1.307225e-01;3.435092e-02;6.911494e-02;1.594497e-01;2.735238e-02;3.548310e-02
