2.611218e-01;9.123354e-02;9.764937e-02;4.233156e-02;4.252010e-02;3.971052e-02;2.054958e-01;3.541904e-02;2.169841e-02;3.489833e-02;3.864777e-02;8.927375e-02
2.731703e-01;9.342181e-02;9.499364e-02;2.825150e-02;3.879321e-02;4.823957e-02;1.425318e-01;3.364810e-02;2.351290e-02;4.023072e-02;6.950344e-02;1.137030e-01
2.681490e-01;8.726060e-02;1.048990e-01;1.809942e-02;3.960489e-02;4.174653e-02;1.121951e-01;2.917253e-02;3.816318e-02;6.241155e-02;1.018657e-01;9.643241e-02
2.390063e-01;9.028339e-02;9.812170e-02;1.410856e-02;4.249695e-02;2.984028e-02;1.589997e-01;3.732324e-02;4.697647e-02;8.044238e-02;1.120370e-01;5.036402e-02
2.450626e-01;9.802993e-02;7.944800e-02;2.248856e-02;4.293691e-02;3.056328e-02;1.781537e-01;5.557647e-02;3.577779e-02;7.440981e-02;9.230527e-02;4.524766e-02
2.690767e-01;6.773601e-02;1.082707e-01;2.149657e-02;4.095556e-02;4.227524e-02;1.431816e-01;5.790151e-02;4.497151e-02;4.747491e-02;1.042653e-01;5.239445e-02
2.444650e-01;8.201426e-02;7.773298e-02;2.070627e-02;4.174219e-02;5.488559e-02;1.605013e-01;3.638341e-02;5.733603e-02;7.119971e-02;1.138660e-01;3.916731e-02
1.985791e-01;1.023569e-01;6.454441e-02;2.444451e-02;4.631809e-02;3.797515e-02;2.087673e-01;4.318455e-02;4.697108e-02;7.372890e-02;8.792327e-02;6.520668e-02
1.733027e-01;9.579288e-02;9.391645e-02;3.684127e-02;4.834527e-02;3.800927e-02;2.323326e-01;3.769244e-02;3.364842e-02;7.445022e-02;7.139806e-02;6.427050e-02
1.146941e-01;6.471813e-02;7.471225e-02;8.719995e-02;8.966522e-02;6.166618e-02;1.780596e-01;4.516612e-02;6.389760e-02;6.388037e-02;6.356268e-02;9.277780e-02
9.697639e-02;6.255865e-02;9.192697e-02;1.213095e-01;9.474072e-02;5.946306e-02;1.171433e-01;6.696516e-02;7.710910e-02;4.999566e-02;6.802300e-02;9.378854e-02
1.054574e-01;6.908569e-02;9.777313e-02;1.257957e-01;9.357106e-02;5.563070e-02;1.167155e-01;6.780979e-02;7.392067e-02;4.274926e-02;6.151736e-02;8.997381e-02
7.389123e-02;6.655969e-02;1.364461e-01;9.701351e-02;9.768540e-02;7.790229e-02;1.663151e-01;5.489515e-02;6.474885e-02;4.458674e-02;4.709491e-02;7.286096e-02
8.797309e-02;3.463577e-02;2.550347e-01;4.732748e-02;1.027723e-01;6.910852e-02;1.701133e-01;1.969821e-02;3.512945e-02;6.250983e-02;5.996155e-02;5.573569e-02
1.051303e-01;9.631954e-02;3.117071e-01;3.724264e-02;7.552689e-02;4.772731e-02;9.427829e-02;2.020217e-02;2.531095e-02;6.668010e-02;6.590942e-02;5.396535e-02
1.273242e-01;1.758219e-01;3.085956e-01;3.921072e-02;4.402414e-02;3.325329e-02;4.031307e-02;3.106137e-02;3.693867e-02;6.715954e-02;5.403861e-02;4.225895e-02
2.301514e-01;1.885429e-01;1.913409e-01;3.288510e-02;3.834098e-02;2.752218e-02;1.011032e-01;3.405223e-02;3.046051e-02;4.640976e-02;4.078926e-02;3.840158e-02
2.807607e-01;1.718385e-01;1.457415e-01;3.230770e-02;4.443843e-02;2.596520e-02;1.263661e-01;3.818801e-02;2.581115e-02;2.521116e-02;3.600850e-02;4.736301e-02
2.552066e-01;1.535609e-01;1.860495e-01;3.644103e-02;5.167254e-02;3.147613e-02;1.178105e-01;3.330806e-02;2.416335e-02;2.098052e-02;3.951001e-02;4.982090e-02
2.521210e-01;1.434452e-01;1.989200e-01;3.733199e-02;6.819721e-02;4.342383e-02;6.399962e-02;3.215339e-02;2.614564e-02;3.763472e-02;4.532177e-02;5.130560e-02
2.282248e-01;8.980268e-02;1.918679e-01;4.576559e-02;6.398074e-02;6.671733e-02;5.349445e-02;4.090956e-02;4.000070e-02;6.772937e-02;7.207193e-02;3.943497e-02
1.447202e-01;1.238760e-01;2.174291e-01;6.760012e-02;5.598693e-02;8.045521e-02;8.382329e-02;4.181525e-02;3.123164e-02;6.068634e-02;5.453265e-02;3.784343e-02
1.297249e-01;9.848760e-02;2.321289e-01;8.447506e-02;8.617308e-02;5.439979e-02;1.118969e-01;5.277407e-02;2.388997e-02;4.349920e-02;3.700544e-02;4.554509e-02
1.280718e-01;7.794437e-02;2.206398e-01;8.241560e-02;1.048155e-01;4.854320e-02;1.487179e-01;5.185936e-02;2.884223e-02;3.283903e-02;3.189051e-02;4.342074e-02
1.162454e-01;6.542542e-02;1.939537e-01;7.870346e-02;1.075852e-01;1.010482e-01;1.611277e-01;4.635211e-02;3.210372e-02;2.753396e-02;3.075547e-02;3.916556e-02
1.001287e-01;6.356316e-02;1.838930e-01;4.472535e-02;7.836461e-02;1.625708e-01;1.909448e-01;4.106831e-02;3.422608e-02;4.391281e-02;2.912952e-02;2.747285e-02
8.525735e-02;9.391396e-02;2.350723e-01;3.668286e-02;5.129949e-02;1.362408e-01;1.746779e-01;4.401921e-02;3.670840e-02;6.746589e-02;2.394819e-02;1.471363e-02
6.721842e-02;9.846327e-02;2.921445e-01;5.592745e-02;7.522446e-02;9.307860e-02;1.083880e-01;3.928652e-02;4.759535e-02;6.528229e-02;1.645233e-02;4.093872e-02
5.560246e-02;1.054972e-01;2.787881e-01;4.823420e-02;9.135952e-02;1.342841e-01;4.386817e-02;2.953515e-02;4.886835e-02;6.746312e-02;3.057137e-02;6.592827e-02
7.102022e-02;9.381701e-02;2.642342e-01;3.770880e-02;7.841047e-02;1.433838e-01;1.767333e-02;2.260717e-02;6.103906e-02;1.191209e-01;4.506170e-02;4.592326e-02
6.249199e-02;9.812041e-02;2.433449e-01;3.711824e-02;5.964315e-02;1.144428e-01;4.433004e-02;3.241786e-02;8.005637e-02;1.660693e-01;3.929816e-02;2.266673e-02
7.701614e-02;1.159847e-01;2.086589e-01;3.271352e-02;3.661680e-02;5.880476e-02;1.192108e-01;6.147556e-02;7.691353e-02;1.513224e-01;4.359732e-02;1.768564e-02
1.288161e-01;1.529273e-01;1.694958e-01;2.022117e-02;3.240988e-02;3.242534e-02;1.693155e-01;8.580679e-02;5.052852e-02;9.746296e-02;4.759453e-02;1.299610e-02
2.090457e-01;1.817147e-01;1.338647e-01;1.158459e-02;4.968620e-02;4.572257e-02;1.557548e-01;6.000129e-02;3.242724e-02;4.993584e-02;4.522683e-02;2.503562e-02
2.366148e-01;1.591470e-01;1.528509e-01;1.519526e-02;6.292524e-02;5.157587e-02;1.487865e-01;3.997432e-02;3.064193e-02;4.319502e-02;3.692482e-02;2.216825e-02
2.270918e-01;1.152150e-01;1.397360e-01;3.967400e-02;7.034113e-02;4.572263e-02;1.567365e-01;5.681115e-02;2.748823e-02;4.738384e-02;3.647462e-02;3.732499e-02
2.185803e-01;4.678450e-02;1.673211e-01;5.316123e-02;6.637000e-02;4.757101e-02;1.606762e-01;8.380402e-02;2.213903e-02;4.172220e-02;3.982776e-02;5.204266e-02
2.517166e-01;9.630761e-02;2.240907e-01;4.329588e-02;5.150296e-02;4.025339e-02;7.893451e-02;8.493609e-02;1.920282e-02;2.677147e-02;3.603547e-02;4.695258e-02
2.905923e-01;1.164078e-01;1.822894e-01;3.625179e-02;5.270570e-02;4.300235e-02;6.351194e-02;8.411356e-02;3.172423e-02;3.095923e-02;2.674445e-02;4.169726e-02
2.586620e-01;9.343093e-02;1.505398e-01;3.826328e-02;6.582937e-02;4.718534e-02;1.096641e-01;8.429406e-02;4.426399e-02;3.641042e-02;2.847603e-02;4.298067e-02
2.128122e-01;4.938364e-02;1.795418e-01;4.091950e-02;6.319797e-02;4.891499e-02;1.524955e-01;7.573335e-02;5.393277e-02;4.449135e-02;3.246574e-02;4.611124e-02
1.995504e-01;8.866417e-02;2.055215e-01;3.418969e-02;6.753235e-02;4.240505e-02;1.141001e-01;6.483811e-02;4.725142e-02;5.002681e-02;4.216294e-02;4.375742e-02
1.531619e-01;8.452913e-02;2.819629e-01;3.740149e-02;7.704446e-02;3.828505e-02;1.253755e-01;6.306988e-02;3.519309e-02;3.888333e-02;4.121445e-02;2.387877e-02
1.518192e-01;8.023951e-02;2.835709e-01;4.832934e-02;8.970181e-02;3.229660e-02;1.231638e-01;6.300396e-02;2.643545e-02;2.574584e-02;4.854603e-02;2.714761e-02
1.756773e-01;6.641813e-02;2.178895e-01;5.133507e-02;9.807713e-02;2.979482e-02;1.446932e-01;6.340112e-02;2.682493e-02;2.442414e-02;6.900227e-02;3.246236e-02
1.950395e-01;6.742179e-02;2.342229e-01;4.422356e-02;7.193869e-02;3.692093e-02;1.251990e-01;4.954633e-02;3.213479e-02;2.566907e-02;8.662836e-02;3.105503e-02
2.091058e-01;5.374578e-02;1.093328e-01;4.239847e-02;7.577151e-02;5.097564e-02;1.861916e-01;4.404168e-02;4.361134e-02;3.376214e-02;1.059058e-01;4.515741e-02
1.728012e-01;5.643767e-02;2.523661e-01;4.044412e-02;6.962989e-02;4.943419e-02;1.333476e-01;3.854080e-02;3.535274e-02;3.257143e-02;8.446421e-02;3.461011e-02
1.434808e-01;1.108804e-01;3.829933e-01;4.580227e-02;4.077889e-02;3.592866e-02;5.687431e-02;4.256513e-02;2.232205e-02;2.882358e-02;5.719654e-02;3.235414e-02
1.212895e-01;1.387694e-01;4.243450e-01;4.455122e-02;2.752363e-02;2.254456e-02;6.929387e-02;5.072951e-02;1.757107e-02;2.996922e-02;2.963741e-02;2.377553e-02
9.780773e-02;1.391307e-01;4.550150e-01;4.577018e-02;2.690689e-02;1.882789e-02;7.881231e-02;5.311634e-02;1.949201e-02;3.371731e-02;1.545127e-02;1.595240e-02
9.760522e-02;1.262295e-01;4.262877e-01;5.302930e-02;2.731166e-02;2.519358e-02;9.991060e-02;5.086487e-02;2.198608e-02;3.552918e-02;2.335057e-02;1.270178e-02
1.122787e-01;1.118122e-01;3.990947e-01;5.201226e-02;3.505143e-02;3.602699e-02;1.107180e-01;4.794634e-02;2.324530e-02;3.414842e-02;2.252332e-02;1.514242e-02
1.144817e-01;9.870278e-02;3.746533e-01;3.658724e-02;6.478094e-02;4.215650e-02;1.161663e-01;3.133364e-02;2.643694e-02;3.229544e-02;3.744902e-02;2.495616e-02
4.449349e-02;8.705639e-02;3.387508e-01;2.693533e-02;7.488297e-02;4.849613e-02;1.386233e-01;2.753891e-02;6.282683e-02;5.321426e-02;6.743781e-02;2.974382e-02
7.825211e-02;7.724919e-02;2.562645e-01;3.513632e-02;5.829373e-02;3.415282e-02;1.309771e-01;4.027002e-02;6.880445e-02;5.648408e-02;1.021293e-01;6.198638e-02
1.416059e-01;8.276849e-02;1.342982e-01;4.436539e-02;6.403764e-02;2.540385e-02;1.018482e-01;6.319661e-02;4.574855e-02;4.170746e-02;1.341020e-01;1.209178e-01
1.648879e-01;7.309709e-02;7.697660e-02;4.568760e-02;7.291569e-02;2.297876e-02;1.184650e-01;7.405654e-02;2.796451e-02;1.922420e-02;1.150744e-01;1.886718e-01
1.404817e-01;6.084425e-02;9.069994e-02;3.916451e-02;6.585266e-02;3.184065e-02;1.468668e-01;6.147649e-02;3.032567e-02;3.046118e-02;1.008134e-01;2.011727e-01
1.203401e-01;5.669933e-02;1.017685e-01;3.715073e-02;6.474580e-02;4.413800e-02;1.664287e-01;4.757380e-02;3.879653e-02;4.312740e-02;9.920435e-02;1.800268e-01
1.156958e-01;3.701203e-02;1.150987e-01;3.547169e-02;6.639154e-02;6.472717e-02;1.802268e-01;4.518889e-02;4.446315e-02;5.014972e-02;1.134128e-01;1.321616e-01
6.076524e-02;8.907843e-02;1.199710e-01;2.989895e-02;7.118298e-02;6.724273e-02;2.515639e-01;3.276059e-02;3.039925e-02;7.644274e-02;9.905750e-02;7.163673e-02
1.304501e-01;1.177352e-01;1.395925e-01;3.786155e-02;8.193875e-02;5.455002e-02;9.797661e-02;4.069946e-02;4.144508e-02;1.179785e-01;8.456887e-02;5.520336e-02
1.963989e-01;1.013894e-01;1.412987e-01;2.427840e-02;6.279865e-02;3.731375e-02;1.164318e-01;5.443940e-02;3.348392e-02;1.068636e-01;8.223647e-02;4.306706e-02
2.357157e-01;1.123639e-01;1.032407e-01;1.780529e-02;4.561471e-02;3.037040e-02;1.444748e-01;6.474590e-02;5.670473e-02;6.513935e-02;8.093034e-02;4.289417e-02
2.654887e-01;1.163764e-01;7.370492e-02;1.726910e-02;3.888778e-02;2.617053e-02;1.642589e-01;7.504597e-02;6.330422e-02;3.925108e-02;6.831448e-02;5.192796e-02
2.632454e-01;9.872016e-02;8.473406e-02;2.396738e-02;3.633172e-02;2.416379e-02;1.852089e-01;7.527607e-02;4.241429e-02;5.736126e-02;4.843015e-02;6.014683e-02
2.494154e-01;8.365954e-02;7.752309e-02;2.884505e-02;4.183776e-02;2.920434e-02;2.027352e-01;6.197569e-02;5.144046e-02;7.325060e-02;3.736040e-02;6.275252e-02
2.259163e-01;7.895985e-02;1.412465e-01;3.032818e-02;5.146916e-02;3.952096e-02;1.454141e-01;5.047315e-02;6.468118e-02;6.028968e-02;5.948255e-02;5.221841e-02
2.207191e-01;5.871834e-02;2.396192e-01;2.127063e-02;6.360833e-02;4.829926e-02;7.583621e-02;5.933028e-02;5.605466e-02;5.553463e-02;7.460571e-02;2.640359e-02
2.199150e-01;9.296543e-02;1.744228e-01;2.843441e-02;4.859491e-02;4.721978e-02;1.128473e-01;5.998135e-02;4.453458e-02;5.574517e-02;7.876006e-02;3.657924e-02
2.001337e-01;8.285457e-02;1.640933e-01;2.210611e-02;2.519685e-02;4.675044e-02;1.066750e-01;6.139661e-02;6.221396e-02;7.686841e-02;1.054560e-01;4.625510e-02
1.348338e-01;6.544016e-02;1.804331e-01;2.451314e-02;5.843990e-02;6.059794e-02;9.781019e-02;4.613156e-02;6.238665e-02;9.885934e-02;1.209580e-01;4.959622e-02
1.152003e-01;7.740209e-02;9.548259e-02;3.098467e-02;6.540703e-02;5.964474e-02;1.988691e-01;3.662752e-02;6.903052e-02;1.102234e-01;8.882552e-02;5.230251e-02
1.153298e-01;8.216262e-02;8.582962e-02;2.530331e-02;4.284910e-02;4.259154e-02;2.470079e-01;9.290320e-02;7.915175e-02;6.930477e-02;6.635085e-02;5.121554e-02
1.167580e-01;8.118889e-02;1.205180e-01;4.264824e-02;2.468067e-02;4.372691e-02;2.576961e-01;1.444017e-01;5.061914e-02;4.147286e-02;4.561716e-02;3.067232e-02
1.444838e-01;7.797855e-02;1.207017e-01;4.510424e-02;2.653853e-02;4.201143e-02;2.483501e-01;1.161831e-01;3.621605e-02;4.126234e-02;4.693034e-02;5.423974e-02
1.461105e-01;8.652294e-02;1.036683e-01;3.713320e-02;3.200344e-02;4.570365e-02;2.661648e-01;8.469728e-02;4.749500e-02;3.652482e-02;4.868483e-02;6.529116e-02
1.234975e-01;1.051678e-01;8.897179e-02;2.758402e-02;4.517793e-02;6.860762e-02;2.819226e-01;6.559323e-02;4.015495e-02;4.734983e-02;5.079071e-02;5.518205e-02
8.260550e-02;1.161008e-01;1.246945e-01;2.834886e-02;5.691842e-02;7.579807e-02;2.634068e-01;4.432762e-02;3.186017e-02;6.509169e-02;6.011514e-02;5.073237e-02
7.572284e-02;1.221375e-01;1.469575e-01;3.149670e-02;6.101323e-02;5.752029e-02;2.384327e-01;3.376584e-02;4.322927e-02;7.756803e-02;6.118438e-02;5.097174e-02
9.134452e-02;1.008746e-01;1.944473e-01;3.352276e-02;4.721895e-02;3.471508e-02;2.389258e-01;3.238403e-02;4.410741e-02;7.482757e-02;5.888027e-02;4.875176e-02
9.160129e-02;5.079372e-02;2.346098e-01;2.958570e-02;7.433122e-02;5.119340e-02;2.593141e-01;3.904898e-02;3.480272e-02;5.795254e-02;3.600277e-02;4.076384e-02
9.090608e-02;6.809171e-02;1.442837e-01;2.788188e-02;6.420326e-02;4.367146e-02;2.954156e-01;4.406967e-02;3.010391e-02;7.932291e-02;7.484201e-02;3.720781e-02
1.227573e-01;8.714244e-02;7.929842e-02;3.228565e-02;4.852424e-02;3.306538e-02;2.841194e-01;4.081817e-02;4.321609e-02;9.705667e-02;8.052573e-02;5.119045e-02
1.446107e-01;8.784261e-02;1.351971e-01;3.640564e-02;4.285622e-02;4.486739e-02;2.702244e-01;4.974926e-02;3.662672e-02;6.266052e-02;4.461412e-02;4.434543e-02
1.244214e-01;6.060420e-02;7.465578e-02;3.458019e-02;6.662200e-02;8.095457e-02;2.823590e-01;6.084832e-02;4.145800e-02;6.968608e-02;6.501994e-02;3.879052e-02
9.432407e-02;9.812491e-02;1.310018e-01;6.971219e-02;8.165803e-02;5.882347e-02;1.285901e-01;8.808932e-02;7.727345e-02;5.928024e-02;5.539621e-02;5.772623e-02
1.467508e-01;7.570683e-02;1.512246e-01;5.652455e-02;6.382067e-02;4.683552e-02;1.180515e-01;9.004731e-02;7.931373e-02;6.094242e-02;4.241790e-02;6.836423e-02
1.898523e-01;1.183826e-01;1.766417e-01;2.755310e-02;4.631012e-02;3.768791e-02;1.526787e-01;5.822865e-02;5.196557e-02;4.371822e-02;3.155750e-02;6.542370e-02
2.192422e-01;2.164814e-01;1.626012e-01;2.277456e-02;3.332613e-02;2.675311e-02;1.206128e-01;4.994128e-02;3.357664e-02;3.467743e-02;3.971649e-02;4.029679e-02
2.849830e-01;2.627814e-01;1.182565e-01;3.441668e-02;2.913921e-02;1.697732e-02;8.419087e-02;5.310982e-02;2.537492e-02;2.809043e-02;3.572681e-02;2.695304e-02
3.278202e-01;2.488479e-01;7.189754e-02;4.326173e-02;2.860524e-02;1.244058e-02;9.150171e-02;4.234280e-02;1.971818e-02;3.000881e-02;2.646821e-02;5.708712e-02
3.118896e-01;2.037367e-01;6.890059e-02;5.637000e-02;3.247165e-02;1.153449e-02;1.183376e-01;2.388191e-02;2.006354e-02;3.310115e-02;3.170158e-02;8.801121e-02
2.419926e-01;1.650769e-01;9.134995e-02;6.096134e-02;2.977598e-02;2.047963e-02;1.468260e-01;2.410516e-02;3.357042e-02;3.316609e-02;4.576832e-02;1.069276e-01
1.823772e-01;1.182442e-01;1.421217e-01;4.885960e-02;3.757839e-02;3.346669e-02;1.356446e-01;3.745212e-02;4.411390e-02;5.996987e-02;6.178857e-02;9.838320e-02
8.971545e-02;6.957281e-02;1.673490e-01;3.668755e-02;4.872192e-02;4.446751e-02;1.635406e-01;3.959580e-02;6.341159e-02;8.270733e-02;7.579312e-02;1.184374e-01
6.933099e-02;6.037849e-02;5.704486e-02;3.062982e-02;3.407522e-02;3.365096e-02;3.082187e-01;3.163588e-02;4.825587e-02;4.577222e-02;8.528701e-02;1.957200e-01
7.121026e-02;5.180931e-02;4.524948e-02;2.821644e-02;2.688619e-02;2.295871e-02;3.500499e-01;2.670416e-02;4.003130e-02;3.541924e-02;8.531038e-02;2.161546e-01
5.959358e-02;4.378862e-02;3.919312e-02;2.341813e-02;2.531196e-02;3.565531e-02;3.756042e-01;2.860519e-02;4.049418e-02;3.399830e-02;8.988639e-02;2.044511e-01
1.168099e-01;3.561985e-02;6.268349e-02;2.698952e-02;2.946936e-02;4.496583e-02;3.229044e-01;2.915606e-02;4.075465e-02;3.582805e-02;9.337525e-02;1.614437e-01
2.247380e-01;7.864305e-02;5.558566e-02;3.660722e-02;3.384537e-02;2.839862e-02;2.216859e-01;3.218263e-02;3.353772e-02;4.684995e-02;9.376855e-02;1.141574e-01
3.433816e-01;1.011054e-01;4.232692e-02;4.218131e-02;2.810462e-02;2.206203e-02;1.449071e-01;3.556189e-02;1.816304e-02;4.614608e-02;7.416957e-02;1.018904e-01
3.385628e-01;9.582098e-02;6.500589e-02;4.124303e-02;2.509213e-02;2.531396e-02;1.211073e-01;3.130013e-02;1.671251e-02;4.249283e-02;7.542320e-02;1.219253e-01
2.964146e-01;8.471967e-02;9.587311e-02;3.770833e-02;2.557410e-02;4.741670e-02;9.169091e-02;2.928165e-02;2.568957e-02;4.813882e-02;9.208990e-02;1.254027e-01
2.368147e-01;9.140893e-02;1.149576e-01;3.699129e-02;2.593098e-02;5.886547e-02;9.063331e-02;3.476622e-02;4.754614e-02;6.372015e-02;9.892944e-02;9.943576e-02
2.462317e-01;6.823591e-02;1.152131e-01;3.739546e-02;2.343354e-02;4.414387e-02;1.371705e-01;3.445172e-02;5.931750e-02;6.912102e-02;9.017106e-02;7.511447e-02
2.812121e-01;8.705194e-02;8.441453e-02;3.067230e-02;3.043101e-02;3.125438e-02;1.975200e-01;2.679974e-02;2.765318e-02;3.785904e-02;7.357092e-02;9.156087e-02
2.322230e-01;9.923177e-02;5.530792e-02;3.088888e-02;3.667367e-02;3.110422e-02;2.323346e-01;3.397760e-02;2.543181e-02;5.164143e-02;8.253548e-02;8.864969e-02
1.631001e-01;1.018580e-01;5.677574e-02;2.863210e-02;3.462328e-02;3.849860e-02;2.415423e-01;4.904376e-02;5.187046e-02;7.459086e-02;1.009057e-01;5.855898e-02
1.299470e-01;8.961914e-02;5.543326e-02;3.148581e-02;3.685977e-02;5.783559e-02;2.375117e-01;5.719243e-02;8.317394e-02;8.670691e-02;9.617122e-02;3.806324e-02
1.173404e-01;7.949188e-02;6.650934e-02;4.284476e-02;4.811177e-02;6.341301e-02;1.826659e-01;8.703915e-02;9.550765e-02;1.187106e-01;5.806661e-02;4.029900e-02
1.658050e-01;8.389775e-02;7.644688e-02;4.031562e-02;5.496668e-02;4.917719e-02;9.915214e-02;1.072756e-01;7.903366e-02;1.328833e-01;5.389942e-02;5.714686e-02
1.901659e-01;7.973529e-02;9.412035e-02;3.118478e-02;6.847668e-02;3.379125e-02;7.942291e-02;1.019466e-01;8.705878e-02;1.188784e-01;3.345951e-02;8.175965e-02
1.631069e-01;5.599071e-02;1.126494e-01;3.864346e-02;7.795875e-02;6.359959e-02;1.209573e-01;5.377430e-02;7.901563e-02;8.228619e-02;5.135262e-02;1.006651e-01
1.707846e-01;1.183778e-01;1.877461e-01;3.876739e-02;5.539757e-02;5.391159e-02;1.114413e-01;5.383931e-02;4.343733e-02;4.574362e-02;5.545608e-02;6.509732e-02
1.945029e-01;1.964526e-01;2.080328e-01;3.995999e-02;4.040681e-02;3.050081e-02;6.978245e-02;4.068674e-02;4.803183e-02;3.679977e-02;4.268470e-02;5.215853e-02
2.005589e-01;1.808494e-01;2.100882e-01;7.766789e-02;3.883691e-02;2.262594e-02;9.080510e-02;3.116598e-02;3.664957e-02;2.967971e-02;3.331648e-02;4.775597e-02
1.634561e-01;1.269428e-01;2.161358e-01;1.310242e-01;5.753538e-02;2.809554e-02;1.132545e-01;3.208693e-02;3.164085e-02;2.277742e-02;2.409477e-02;5.295576e-02
8.092947e-02;5.741629e-02;2.823035e-01;1.447070e-01;9.398028e-02;3.782191e-02;1.214089e-01;4.276956e-02;4.031423e-02;1.818768e-02;3.592065e-02;4.424052e-02
4.019390e-02;5.175137e-02;2.887807e-01;9.360632e-02;1.116782e-01;6.505833e-02;1.586640e-01;5.031827e-02;4.042454e-02;2.243154e-02;4.147737e-02;3.561554e-02
6.335979e-02;6.393106e-02;1.995513e-01;1.010940e-01;8.227844e-02;6.550006e-02;2.275464e-01;4.077665e-02;3.398666e-02;3.296013e-02;4.034030e-02;4.867528e-02
3.961555e-02;5.570211e-02;1.017457e-01;1.279389e-01;5.116754e-02;3.580740e-02;2.914511e-01;6.021992e-02;8.113103e-02;5.045309e-02;4.504542e-02;5.972217e-02
3.203055e-02;5.612324e-02;1.051972e-01;1.062665e-01;4.335584e-02;3.968403e-02;2.574778e-01;6.209107e-02;1.269443e-01;6.126243e-02;5.738107e-02;5.218592e-02
5.220492e-02;4.177226e-02;1.267187e-01;7.474004e-02;5.514450e-02;4.591753e-02;2.345638e-01;5.188400e-02;1.250166e-01;7.032383e-02;7.230454e-02;4.940926e-02
5.324214e-02;2.887956e-02;1.358364e-01;4.855962e-02;7.484303e-02;6.175543e-02;2.752674e-01;5.335878e-02;8.510466e-02;5.739222e-02;7.239790e-02;5.336289e-02
6.045480e-02;3.281401e-02;1.205266e-01;6.079615e-02;4.131967e-02;5.774743e-02;3.695427e-01;4.470491e-02;4.126833e-02;4.991161e-02;5.421247e-02;6.670126e-02
6.526724e-02;4.084209e-02;8.394626e-02;7.065549e-02;4.993873e-02;4.008718e-02;3.884400e-01;4.332115e-02;4.471974e-02;4.593506e-02;5.297686e-02;7.387025e-02
5.660546e-02;4.520216e-02;8.659730e-02;6.256691e-02;4.524104e-02;5.379565e-02;3.997474e-01;4.179363e-02;3.683053e-02;3.814228e-02;5.826452e-02;7.521313e-02
7.536594e-02;3.743735e-02;9.932769e-02;6.653491e-02;2.134707e-02;5.536951e-02;3.962907e-01;3.406250e-02;2.464764e-02;4.777416e-02;6.472368e-02;7.711884e-02
1.002001e-01;5.843146e-02;9.987224e-02;6.797101e-02;3.294347e-02;4.670801e-02;3.437285e-01;3.309499e-02;2.399532e-02;5.227327e-02;5.406466e-02;8.671694e-02
7.780416e-02;8.659958e-02;1.509807e-01;5.374546e-02;4.031289e-02;4.813854e-02;3.358538e-01;2.574478e-02;2.467125e-02;3.706230e-02;4.266778e-02;7.641876e-02
4.462151e-02;7.417028e-02;1.998366e-01;5.228248e-02;3.553258e-02;5.661334e-02;3.648713e-01;1.685153e-02;2.790248e-02;2.973160e-02;3.631482e-02;6.127162e-02
3.659534e-02;5.445594e-02;1.771363e-01;5.362176e-02;4.025868e-02;7.625340e-02;3.863772e-01;1.703612e-02;3.054615e-02;3.756886e-02;4.087543e-02;4.927490e-02
2.174216e-02;4.270974e-02;1.300903e-01;5.682832e-02;8.373941e-02;8.849682e-02;4.072784e-01;2.081966e-02;2.121848e-02;4.433930e-02;4.941120e-02;3.332622e-02
4.225683e-02;5.140308e-02;1.419628e-01;3.658668e-02;1.059490e-01;9.008215e-02;3.509833e-01;2.776819e-02;1.971546e-02;4.641539e-02;5.677656e-02;3.010063e-02
4.861407e-02;4.699847e-02;1.780887e-01;3.367376e-02;1.112657e-01;7.375241e-02;3.086335e-01;2.573681e-02;1.761172e-02;5.397702e-02;6.582651e-02;3.582123e-02
3.904143e-02;3.018214e-02;1.463719e-01;3.096036e-02;1.160784e-01;6.904462e-02;3.342785e-01;1.888126e-02;1.777627e-02;6.813768e-02;8.762562e-02;4.162187e-02
2.983880e-02;3.987257e-02;7.550110e-02;2.412706e-02;1.172131e-01;9.793981e-02;4.050141e-01;2.874599e-02;1.888506e-02;6.348410e-02;6.873146e-02;3.064685e-02
2.689914e-02;4.496539e-02;5.682691e-02;2.427927e-02;1.080989e-01;1.052963e-01;4.121170e-01;3.320317e-02;2.867388e-02;7.797440e-02;5.641021e-02;2.525534e-02
4.942199e-02;4.866525e-02;1.319770e-01;3.572375e-02;1.028100e-01;8.553560e-02;2.417923e-01;4.952693e-02;4.158591e-02;8.760469e-02;8.077376e-02;4.458283e-02
8.392439e-02;7.709970e-02;1.981668e-01;4.576998e-02;7.839481e-02;6.391685e-02;1.182909e-01;5.687954e-02;5.082471e-02;7.575873e-02;7.961082e-02;7.136266e-02
1.347280e-01;8.825894e-02;1.448133e-01;4.228773e-02;7.398734e-02;7.303829e-02;1.691615e-01;4.989285e-02;3.592237e-02;5.727456e-02;5.934520e-02;7.128995e-02
1.491007e-01;8.864516e-02;9.473345e-02;4.404694e-02;5.638983e-02;7.448085e-02;2.521439e-01;4.209450e-02;2.607964e-02;3.627283e-02;5.791390e-02;7.809833e-02
1.515053e-01;9.070687e-02;1.104558e-01;4.021923e-02;4.437537e-02;6.669340e-02;2.470926e-01;3.760665e-02;2.504310e-02;3.723866e-02;6.421441e-02;8.484867e-02
1.864886e-01;8.270438e-02;1.006596e-01;3.356948e-02;5.413798e-02;6.637298e-02;2.000922e-01;2.388419e-02;3.017542e-02;6.162658e-02;6.858715e-02;9.170141e-02
1.937203e-01;6.934094e-02;1.311440e-01;3.577537e-02;5.212113e-02;5.802754e-02;1.766120e-01;2.566527e-02;4.390630e-02;6.389979e-02;5.690362e-02;9.288367e-02
1.425338e-01;5.517634e-02;1.704437e-01;4.102440e-02;4.967128e-02;4.196088e-02;2.086834e-01;4.824660e-02;4.728652e-02;3.926934e-02;4.862545e-02;1.070782e-01
2.310824e-01;3.669572e-02;8.877695e-02;2.897372e-02;7.347278e-02;5.106575e-02;2.153271e-01;4.774337e-02;3.919227e-02;4.015050e-02;3.548649e-02;1.120329e-01
2.487994e-01;5.878818e-02;8.673891e-02;2.494294e-02;4.056711e-02;5.348293e-02;1.820325e-01;5.571629e-02;4.194341e-02;5.105435e-02;4.923275e-02;1.067012e-01
2.050384e-01;4.980067e-02;8.923063e-02;7.234993e-02;4.620640e-02;4.793266e-02;1.457130e-01;6.963079e-02;4.368910e-02;6.169404e-02;6.908571e-02;9.962867e-02
1.990501e-01;3.687752e-02;7.636971e-02;8.138630e-02;5.571605e-02;4.826468e-02;1.314948e-01;7.549312e-02;4.392287e-02;7.428465e-02;6.283817e-02;1.143019e-01
1.962928e-01;6.720757e-02;1.049612e-01;3.783125e-02;4.888293e-02;5.740591e-02;1.239294e-01;7.301629e-02;5.331311e-02;8.168217e-02;4.983978e-02;1.056376e-01
1.737514e-01;8.609737e-02;8.217973e-02;3.989441e-02;5.940735e-02;6.029320e-02;1.469009e-01;6.486587e-02;5.015549e-02;8.582231e-02;6.794557e-02;8.268627e-02
8.749085e-02;6.410071e-02;1.767714e-01;4.977546e-02;7.228391e-02;4.828669e-02;1.279186e-01;5.079495e-02;5.065385e-02;9.619291e-02;1.027694e-01;7.296132e-02
1.231966e-01;9.476374e-02;1.929652e-01;3.606967e-02;6.128842e-02;4.632583e-02;9.705797e-02;3.773649e-02;4.215094e-02;9.223246e-02;1.133073e-01;6.290532e-02
2.241974e-01;1.108072e-01;1.316905e-01;1.839604e-02;4.001009e-02;4.347427e-02;1.303007e-01;3.359884e-02;5.098442e-02;6.243848e-02;9.646377e-02;5.763830e-02
2.774189e-01;9.560592e-02;5.398267e-02;2.399150e-02;2.636009e-02;4.467295e-02;1.849435e-01;5.218247e-02;5.941041e-02;4.838738e-02;6.697323e-02;6.607106e-02
2.411482e-01;6.322457e-02;3.881348e-02;3.426846e-02;3.488943e-02;4.724104e-02;2.447239e-01;7.266851e-02;3.341793e-02;4.383434e-02;5.367453e-02;9.209567e-02
1.522054e-01;3.362166e-02;6.011958e-02;3.169625e-02;6.519239e-02;6.768590e-02;2.827340e-01;8.473571e-02;2.183910e-02;3.396122e-02;6.814613e-02;9.806260e-02
4.666988e-02;3.201090e-02;6.721266e-02;2.455074e-02;9.557324e-02;8.487599e-02;2.843091e-01;1.138387e-01;5.515484e-02;4.081499e-02;7.061810e-02;8.437091e-02
5.470412e-02;3.493553e-02;6.941093e-02;3.243581e-02;9.276315e-02;7.884695e-02;2.442544e-01;9.874740e-02;9.190228e-02;6.214730e-02;7.555100e-02;6.430109e-02
5.819584e-02;3.770420e-02;6.383087e-02;3.275878e-02;8.226120e-02;7.311425e-02;2.642191e-01;7.984873e-02;8.809421e-02;8.776491e-02;8.079401e-02;5.141386e-02
4.695724e-02;4.456760e-02;7.142264e-02;2.944237e-02;7.045301e-02;7.829279e-02;3.199504e-01;4.823382e-02;5.009875e-02;1.015235e-01;8.655836e-02;5.249947e-02
6.077696e-02;3.301378e-02;6.956034e-02;3.749375e-02;8.882209e-02;7.088060e-02;3.667240e-01;3.188667e-02;2.549823e-02;7.512524e-02;9.258536e-02;4.763304e-02
8.095843e-02;3.021302e-02;6.074838e-02;4.764176e-02;9.270790e-02;6.636417e-02;3.293329e-01;3.611547e-02;2.593013e-02;6.743302e-02;8.642443e-02;7.613041e-02
1.147172e-01;5.075616e-02;6.392713e-02;6.658585e-02;8.671180e-02;6.986633e-02;2.179331e-01;3.421465e-02;4.946673e-02;6.449778e-02;8.627132e-02;9.505198e-02
1.088293e-01;6.838864e-02;4.571669e-02;8.018037e-02;9.818031e-02;6.440751e-02;1.394026e-01;3.907953e-02;7.778706e-02;7.707354e-02;1.149846e-01;8.596982e-02
1.829660e-01;8.810831e-02;3.675109e-02;1.216663e-01;9.051099e-02;4.824249e-02;9.733406e-02;4.233684e-02;5.653591e-02;6.330813e-02;9.296875e-02;7.927112e-02
1.968030e-01;7.526562e-02;3.474288e-02;1.752396e-01;8.464414e-02;4.935912e-02;9.358145e-02;5.300018e-02;4.038228e-02;5.215098e-02;6.538454e-02;7.944615e-02
1.959057e-01;6.685513e-02;6.909557e-02;1.391267e-01;8.005989e-02;3.651565e-02;1.262814e-01;5.030468e-02;4.638161e-02;7.191001e-02;4.042498e-02;7.713876e-02
1.874955e-01;5.607490e-02;7.228398e-02;1.075623e-01;5.813336e-02;4.417429e-02;1.407059e-01;2.736236e-02;3.968084e-02;5.698781e-02;6.959895e-02;1.399398e-01
1.773238e-01;7.934323e-02;7.004178e-02;9.161253e-02;4.637777e-02;3.265864e-02;1.847506e-01;2.873298e-02;2.852955e-02;2.959413e-02;1.245390e-01;1.064960e-01
1.386800e-01;7.430843e-02;1.106705e-01;6.917354e-02;5.302522e-02;2.584719e-02;2.060109e-01;5.711573e-02;5.148822e-02;4.203917e-02;1.179985e-01;5.364259e-02
1.576875e-01;7.375350e-02;1.252323e-01;6.143916e-02;6.574616e-02;3.044141e-02;1.256401e-01;9.712694e-02;9.988037e-02;6.109970e-02;4.410184e-02;5.785109e-02
2.082645e-01;6.469380e-02;8.995145e-02;5.908496e-02;5.772184e-02;3.996211e-02;1.401950e-01;1.033057e-01;1.021050e-01;5.012364e-02;3.305202e-02;5.154004e-02
2.361048e-01;5.671145e-02;5.104683e-02;5.661795e-02;6.167837e-02;5.850204e-02;2.337060e-01;6.957226e-02;6.549883e-02;3.696768e-02;2.535116e-02;4.824265e-02
2.376241e-01;6.657234e-02;4.161038e-02;6.872660e-02;5.716808e-02;6.296947e-02;2.582445e-01;4.667849e-02;3.179158e-02;4.227287e-02;2.281142e-02;6.353018e-02
2.152571e-01;8.180811e-02;4.871812e-02;7.951172e-02;4.557826e-02;4.659403e-02;2.705466e-01;3.506490e-02;1.966576e-02;4.962182e-02;2.242206e-02;8.521148e-02
1.696385e-01;7.575677e-02;7.617022e-02;5.868624e-02;3.697886e-02;3.941314e-02;2.945779e-01;2.257211e-02;4.020635e-02;4.323676e-02;4.202166e-02;1.007415e-01
1.027804e-01;3.265659e-02;1.190169e-01;3.296915e-02;3.586476e-02;5.472657e-02;3.112831e-01;2.734435e-02;6.542002e-02;3.362793e-02;8.616380e-02;9.814656e-02
8.723352e-02;4.050750e-02;1.383594e-01;2.754639e-02;4.507654e-02;6.194375e-02;2.673918e-01;3.177081e-02;6.066196e-02;4.237712e-02;1.210840e-01;7.604721e-02
1.062189e-01;8.619379e-02;1.001365e-01;1.954281e-02;5.474534e-02;6.949228e-02;2.391072e-01;4.509815e-02;3.533593e-02;6.638684e-02;1.188996e-01;5.884272e-02
1.757664e-01;1.717046e-01;6.452316e-02;2.148084e-02;5.313200e-02;4.902947e-02;1.862082e-01;3.554251e-02;3.427527e-02;8.252987e-02;7.444945e-02;5.135830e-02
2.344040e-01;2.090076e-01;1.286804e-01;3.773641e-02;3.207128e-02;2.222182e-02;1.134750e-01;2.374929e-02;3.102878e-02;7.086729e-02;5.325023e-02;4.350786e-02
2.747112e-01;1.982717e-01;1.421080e-01;7.489683e-02;3.576878e-02;3.255342e-02;7.704886e-02;2.103939e-02;2.716692e-02;5.400382e-02;3.289785e-02;2.953332e-02
2.457492e-01;1.441063e-01;1.993521e-01;1.168479e-01;3.804882e-02;4.751729e-02;6.414147e-02;2.635728e-02;2.228191e-02;3.565787e-02;2.117127e-02;3.876863e-02
1.901568e-01;7.596102e-02;2.379258e-01;1.425512e-01;3.930401e-02;6.361092e-02;6.323998e-02;4.412929e-02;2.305396e-02;4.507944e-02;2.751409e-02;4.747349e-02
1.289276e-01;3.358795e-02;2.818632e-01;1.143085e-01;6.470630e-02;9.268032e-02;7.086562e-02;5.338807e-02;2.442154e-02;6.641599e-02;1.875807e-02;5.007685e-02
9.494983e-02;4.753120e-02;2.872953e-01;1.057315e-01;5.249851e-02;1.039190e-01;6.452983e-02;5.751928e-02;1.502911e-02;9.031974e-02;2.978497e-02;5.089184e-02
8.997398e-02;8.849623e-02;2.259907e-01;1.133051e-01;5.547816e-02;8.372830e-02;9.212505e-02;6.352348e-02;2.331425e-02;9.365553e-02;2.792545e-02;4.248377e-02
1.020107e-01;1.267969e-01;2.115645e-01;9.054025e-02;6.920692e-02;4.802061e-02;1.372184e-01;6.980547e-02;2.367488e-02;6.402293e-02;3.668543e-02;2.045299e-02
8.464147e-02;1.187708e-01;1.990933e-01;6.166795e-02;6.914721e-02;3.934453e-02;1.870690e-01;7.793349e-02;4.930639e-02;4.472477e-02;3.141631e-02;3.688481e-02
1.026725e-01;8.895601e-02;1.370983e-01;5.453421e-02;7.284644e-02;4.032223e-02;2.458309e-01;7.205408e-02;7.215071e-02;5.258108e-02;3.268755e-02;2.826601e-02
7.997967e-02;8.683801e-02;1.555604e-01;6.539685e-02;6.879166e-02;4.664143e-02;2.981130e-01;4.638539e-02;5.175218e-02;4.110595e-02;3.980715e-02;1.962824e-02
6.937467e-02;9.443663e-02;1.357747e-01;8.633617e-02;7.481714e-02;6.673627e-02;3.184669e-01;3.986146e-02;2.989606e-02;2.742352e-02;3.544849e-02;2.142803e-02
1.471404e-01;8.897108e-02;1.302788e-01;6.651037e-02;7.696192e-02;7.717309e-02;2.907714e-01;3.240261e-02;1.773859e-02;2.214294e-02;2.047040e-02;2.943837e-02
1.608095e-01;9.003424e-02;1.166194e-01;3.064037e-02;8.374195e-02;8.282052e-02;3.065839e-01;3.092979e-02;2.132645e-02;2.287961e-02;2.178736e-02;3.182699e-02
1.196864e-01;6.267735e-02;1.097994e-01;4.553767e-02;1.085753e-01;9.221096e-02;3.289903e-01;3.185843e-02;2.257048e-02;2.702500e-02;2.889651e-02;2.217216e-02
9.777542e-02;3.827073e-02;1.057988e-01;5.897522e-02;1.257569e-01;9.031723e-02;3.111454e-01;5.090475e-02;2.139055e-02;2.928158e-02;3.402741e-02;3.635594e-02
1.201993e-01;5.603830e-02;1.321970e-01;5.393711e-02;1.219920e-01;8.962332e-02;2.218997e-01;5.486329e-02;3.023713e-02;3.796528e-02;3.682963e-02;4.421791e-02
1.411388e-01;8.549280e-02;9.394216e-02;5.560869e-02;1.210361e-01;8.444426e-02;1.943045e-01;4.598326e-02;4.401453e-02;4.916450e-02;5.081927e-02;3.405113e-02
1.197283e-01;1.029909e-01;1.196394e-01;7.980675e-02;1.352004e-01;6.008895e-02;1.520997e-01;4.600874e-02;4.613886e-02;4.802633e-02;5.945747e-02;3.081419e-02
9.295530e-02;9.881429e-02;2.406425e-01;8.655105e-02;1.139796e-01;4.674447e-02;6.284618e-02;5.995944e-02;4.554711e-02;5.183219e-02;5.772837e-02;4.239950e-02
7.757926e-02;8.006238e-02;2.360432e-01;6.210482e-02;9.613065e-02;5.868894e-02;1.188533e-01;5.769685e-02;4.491352e-02;5.307792e-02;5.318291e-02;6.166623e-02
1.167781e-01;8.388139e-02;1.423237e-01;6.572384e-02;8.429138e-02;8.171450e-02;1.560235e-01;4.106055e-02;4.947791e-02;6.088904e-02;4.035755e-02;7.747851e-02
1.230505e-01;8.988484e-02;2.270232e-01;6.990694e-02;5.877152e-02;8.322944e-02;1.201397e-01;2.820465e-02;2.813006e-02;5.512446e-02;4.659617e-02;6.993847e-02
7.209865e-02;6.475108e-02;2.091673e-01;6.261013e-02;8.405421e-02;8.690610e-02;1.682441e-01;5.222232e-02;6.470068e-02;5.009393e-02;3.946450e-02;4.568697e-02
4.385057e-02;5.151107e-02;1.426057e-01;5.562175e-02;1.019013e-01;1.129623e-01;2.034760e-01;7.728656e-02;9.523023e-02;5.296032e-02;3.518649e-02;2.740779e-02
