8.093290e-02;6.118819e-02;1.124345e-01;8.918785e-02;1.084991e-01;3.441618e-02;7.488120e-02;5.875231e-02;6.180376e-02;1.090346e-01;1.080241e-01;1.008453e-01
9.270079e-02;7.072755e-02;9.159579e-02;6.883480e-02;1.103405e-01;3.308383e-02;8.940402e-02;6.298823e-02;5.498381e-02;1.286971e-01;9.003671e-02;1.066069e-01
1.036802e-01;5.531667e-02;8.063553e-02;5.270682e-02;8.205839e-02;3.848362e-02;1.283009e-01;8.951523e-02;4.604109e-02;1.176442e-01;1.161238e-01;8.949358e-02
1.320748e-01;5.997104e-02;8.402577e-02;3.137178e-02;4.920705e-02;3.360152e-02;1.394093e-01;1.571387e-01;9.579350e-02;6.887879e-02;9.483980e-02;5.368799e-02
1.481215e-01;6.344217e-02;8.983161e-02;1.243995e-02;3.768356e-02;3.566464e-02;1.585815e-01;2.057386e-01;1.034766e-01;4.466557e-02;6.757408e-02;3.278026e-02
1.442921e-01;4.345579e-02;8.264443e-02;1.388629e-02;3.432974e-02;4.172576e-02;1.825822e-01;2.045119e-01;8.090691e-02;6.316732e-02;5.739712e-02;5.110054e-02
1.404770e-01;4.048835e-02;9.443969e-02;1.810973e-02;3.794466e-02;4.690154e-02;1.607913e-01;1.651470e-01;7.357855e-02;7.452012e-02;6.707938e-02;8.052270e-02
6.863541e-02;5.518620e-02;6.524626e-02;4.052188e-02;6.720701e-02;5.511804e-02;1.827350e-01;1.314166e-01;8.956162e-02;1.100112e-01;8.401960e-02;5.034113e-02
8.250930e-02;6.974536e-02;1.135906e-01;5.468262e-02;5.855264e-02;4.142767e-02;1.529866e-01;1.152519e-01;9.387366e-02;1.117523e-01;7.143971e-02;3.418765e-02
7.666850e-02;1.051406e-01;2.741001e-01;6.266353e-02;4.328589e-02;2.396630e-02;9.972230e-02;6.499877e-02;7.886808e-02;9.884418e-02;4.847136e-02;2.327042e-02
3.024898e-02;1.149309e-01;4.274801e-01;5.578067e-02;2.744859e-02;2.794704e-02;4.760744e-02;3.030708e-02;9.407947e-02;1.001377e-01;2.170623e-02;2.232577e-02
1.793969e-02;1.272997e-01;3.670315e-01;3.300941e-02;1.085256e-02;4.241271e-02;2.048456e-02;2.429031e-02;1.993948e-01;1.048328e-01;1.354149e-02;3.891059e-02
2.855317e-02;1.540135e-01;2.229876e-01;1.482134e-02;3.238630e-03;5.866577e-02;1.429521e-02;2.139232e-02;3.064390e-01;9.592779e-02;1.593412e-02;6.373154e-02
3.123789e-02;1.624511e-01;1.515020e-01;1.164107e-02;4.265144e-03;6.445353e-02;1.755918e-02;2.561559e-02;3.680811e-01;7.390340e-02;1.421664e-02;7.507335e-02
6.365941e-02;1.461479e-01;1.460457e-01;1.476610e-02;8.731999e-03;5.991922e-02;2.243396e-02;5.187834e-02;3.368354e-01;6.781647e-02;1.123062e-02;7.053483e-02
1.056730e-01;1.168213e-01;1.464120e-01;2.096460e-02;1.641671e-02;5.536601e-02;3.125062e-02;6.947962e-02;2.767159e-01;7.528213e-02;2.343846e-02;6.217960e-02
1.486980e-01;8.932254e-02;1.332525e-01;2.400542e-02;4.800487e-02;6.100579e-02;4.297511e-02;7.238338e-02;2.085925e-01;8.963661e-02;4.074094e-02;4.138237e-02
1.135159e-01;1.493110e-01;3.556641e-01;4.398705e-02;4.323250e-02;2.941941e-02;1.586731e-02;2.652746e-02;8.470003e-02;8.722322e-02;3.636085e-02;1.419116e-02
5.958956e-02;1.011228e-01;5.039402e-01;4.731044e-02;2.673416e-02;1.696496e-02;3.000261e-02;1.872998e-02;5.270226e-02;1.042822e-01;2.573838e-02;1.288250e-02
2.091583e-02;4.611608e-02;6.234476e-01;5.489846e-02;2.057852e-02;1.574533e-02;3.301830e-02;1.035690e-02;2.487898e-02;1.252903e-01;1.486081e-02;9.892908e-03
3.006831e-02;7.812873e-02;5.885432e-01;4.803410e-02;2.038891e-02;2.141621e-02;2.611789e-02;5.641459e-03;4.888126e-02;1.152207e-01;1.007069e-02;7.488545e-03
8.954239e-02;1.332869e-01;4.525230e-01;3.893091e-02;1.859889e-02;2.908143e-02;1.940410e-02;2.380867e-02;1.065267e-01;7.247762e-02;7.131337e-03;8.688065e-03
1.845861e-01;1.595247e-01;2.702694e-01;2.943987e-02;3.114710e-02;3.045356e-02;2.485007e-02;7.129854e-02;1.323901e-01;2.939047e-02;1.687597e-02;1.977405e-02
2.643068e-01;1.107542e-01;2.084717e-01;2.348047e-02;4.694353e-02;2.120907e-02;3.911882e-02;1.300524e-01;5.280761e-02;4.494379e-02;2.435236e-02;3.355920e-02
2.427981e-01;2.996850e-02;2.013859e-01;6.447812e-02;3.125579e-02;2.694473e-02;6.971534e-02;1.337502e-01;5.222744e-02;5.694394e-02;2.900709e-02;6.152480e-02
2.709911e-01;9.514117e-02;1.155012e-01;6.191642e-02;4.114604e-02;3.510474e-02;8.964909e-02;1.018709e-01;3.604962e-02;4.183207e-02;3.146853e-02;7.932922e-02
2.796149e-01;1.763192e-01;1.452544e-01;2.806246e-02;7.047381e-02;2.217859e-02;5.171660e-02;9.242558e-02;6.355547e-02;1.552202e-02;1.593717e-02;3.893979e-02
2.547860e-01;2.518939e-01;1.717651e-01;1.319695e-02;7.512654e-02;9.562143e-03;1.660513e-02;5.852843e-02;1.119834e-01;1.212325e-02;9.450821e-03;1.497831e-02
2.432500e-01;3.167373e-01;1.826092e-01;9.598581e-03;4.990612e-02;1.689123e-02;3.638310e-03;2.220554e-02;1.363039e-01;7.663203e-03;5.243176e-03;5.953467e-03
3.129472e-01;3.219471e-01;1.414959e-01;8.152912e-03;1.819041e-02;1.079873e-02;1.130476e-02;2.871764e-02;1.270347e-01;6.348740e-03;5.008641e-03;8.053269e-03
3.946266e-01;2.950630e-01;9.547576e-02;8.284667e-03;1.396519e-02;7.823222e-03;9.057028e-03;4.395721e-02;1.031578e-01;8.577105e-03;3.532067e-03;1.648035e-02
4.009361e-01;2.507631e-01;1.404533e-01;1.486462e-02;1.821587e-02;8.766361e-03;6.094409e-03;4.088396e-02;7.836331e-02;7.937991e-03;5.541627e-03;2.717935e-02
3.605407e-01;2.164337e-01;1.790707e-01;2.077336e-02;2.722692e-02;1.645458e-02;1.467070e-02;4.313514e-02;5.995281e-02;1.043582e-02;1.276425e-02;3.854124e-02
3.274508e-01;1.774980e-01;1.728007e-01;2.234683e-02;3.334482e-02;2.497354e-02;4.250091e-02;5.294869e-02;4.535437e-02;3.009377e-02;2.917017e-02;4.151740e-02
2.979731e-01;9.880147e-02;1.101596e-01;2.787406e-02;3.042505e-02;4.013248e-02;7.219614e-02;2.787897e-02;1.119922e-01;6.492061e-02;7.974242e-02;3.790392e-02
2.248861e-01;6.497614e-02;1.180513e-01;2.021675e-02;4.417017e-02;4.967741e-02;6.316791e-02;6.234150e-02;1.615631e-01;7.138943e-02;6.729468e-02;5.226554e-02
2.261775e-01;8.224208e-02;1.316171e-01;2.919646e-02;5.152278e-02;4.587598e-02;4.244689e-02;6.221211e-02;1.866679e-01;5.051335e-02;5.048416e-02;4.104374e-02
2.262880e-01;1.176670e-01;1.436694e-01;4.124144e-02;5.942200e-02;2.379349e-02;6.858423e-02;7.892901e-02;1.308705e-01;5.072679e-02;3.156522e-02;2.724295e-02
1.205748e-01;7.191720e-02;9.305339e-02;7.677208e-02;7.319282e-02;4.710414e-02;1.527470e-01;1.049156e-01;8.226506e-02;7.438573e-02;5.810409e-02;4.496802e-02
5.559593e-02;5.775352e-02;7.564285e-02;9.629393e-02;9.778652e-02;5.252500e-02;2.071080e-01;8.714747e-02;5.289764e-02;8.199744e-02;6.591529e-02;6.933643e-02
8.897936e-02;7.038061e-02;2.219239e-01;8.741381e-02;6.991962e-02;6.173900e-02;1.760699e-01;5.159761e-02;5.318619e-02;4.421053e-02;4.709036e-02;2.748921e-02
1.326319e-01;9.557180e-02;2.067926e-01;6.757377e-02;7.437095e-02;5.085630e-02;1.661752e-01;6.142425e-02;4.947036e-02;4.267136e-02;3.003258e-02;2.242881e-02
1.954883e-01;9.505063e-02;1.432220e-01;5.331483e-02;6.886317e-02;3.633581e-02;1.433313e-01;1.031616e-01;5.015025e-02;4.418507e-02;3.198032e-02;3.491679e-02
2.407357e-01;7.429734e-02;6.938969e-02;4.624908e-02;5.558402e-02;2.230321e-02;1.433242e-01;1.753631e-01;5.607481e-02;3.681056e-02;2.493869e-02;5.492954e-02
2.079409e-01;4.317330e-02;5.603778e-02;4.587970e-02;2.798602e-02;1.721725e-02;2.293215e-01;1.931988e-01;3.364599e-02;4.339484e-02;1.951285e-02;8.269104e-02
1.563126e-01;1.344665e-02;4.015819e-02;5.240406e-02;1.333711e-02;3.049233e-02;3.311116e-01;1.544190e-01;1.681087e-02;6.632710e-02;2.720631e-02;9.797421e-02
1.144879e-01;1.905051e-02;7.464252e-02;5.171808e-02;2.393472e-02;4.199070e-02;3.214361e-01;1.245092e-01;2.993640e-02;7.302387e-02;4.980325e-02;7.546668e-02
8.312319e-02;5.889165e-02;1.233347e-01;4.918968e-02;3.763194e-02;5.397570e-02;2.857339e-01;9.842303e-02;4.304468e-02;6.197481e-02;6.592955e-02;3.874715e-02
3.513195e-02;8.530284e-02;9.603561e-02;5.419885e-02;7.857879e-02;5.380725e-02;1.999370e-01;9.843560e-02;7.106686e-02;4.587864e-02;1.016013e-01;8.002525e-02
1.222037e-01;6.516318e-02;1.166752e-01;6.649227e-02;9.295945e-02;7.142571e-02;7.986645e-02;1.109355e-01;5.680763e-02;5.173457e-02;8.971348e-02;7.602291e-02
1.421304e-01;7.194681e-02;1.038227e-01;4.660263e-02;7.425311e-02;6.751972e-02;1.466518e-01;9.602329e-02;3.563444e-02;5.522101e-02;9.172258e-02;6.847150e-02
8.114820e-02;1.121271e-01;1.215324e-01;3.146861e-02;4.694159e-02;6.587078e-02;2.075678e-01;5.422862e-02;4.422905e-02;5.523219e-02;8.550982e-02;9.414373e-02
2.979054e-01;9.946896e-02;1.345796e-01;2.393764e-02;2.929019e-02;3.798301e-02;1.019560e-01;9.690015e-02;1.994444e-02;2.733473e-02;4.242112e-02;8.827873e-02
3.813702e-01;7.301165e-02;1.022213e-01;2.105458e-02;2.924661e-02;3.004683e-02;9.465265e-02;1.296648e-01;1.414206e-02;1.404220e-02;2.764639e-02;8.290078e-02
3.688119e-01;4.923737e-02;8.412398e-02;2.233843e-02;1.878051e-02;3.939037e-02;1.429671e-01;1.294319e-01;1.413602e-02;1.527231e-02;2.687915e-02;8.863098e-02
3.190002e-01;3.603715e-02;5.858837e-02;5.508727e-02;2.128232e-02;5.321280e-02;1.434556e-01;1.234272e-01;2.393368e-02;2.959280e-02;3.632607e-02;1.000566e-01
2.073936e-01;4.099705e-02;9.451018e-02;9.768841e-02;4.986114e-02;8.365650e-02;9.420495e-02;1.244320e-01;2.751298e-02;3.426575e-02;5.509989e-02;9.037759e-02
1.125594e-01;5.091146e-02;8.464080e-02;9.152042e-02;4.518883e-02;8.144822e-02;2.427936e-01;1.113945e-01;2.427911e-02;2.288665e-02;4.771899e-02;8.465806e-02
5.420504e-02;3.227053e-02;6.360253e-02;7.501469e-02;2.609453e-02;7.250588e-02;3.663845e-01;1.052892e-01;2.363006e-02;2.141861e-02;4.897674e-02;1.106077e-01
1.927561e-02;1.741539e-02;6.252363e-02;4.255050e-02;2.188859e-02;7.454266e-02;4.123933e-01;6.309151e-02;3.397755e-02;2.402407e-02;7.926450e-02;1.490527e-01
4.506076e-02;2.082986e-02;4.805576e-02;3.779386e-02;2.380223e-02;9.560342e-02;3.449532e-01;4.715187e-02;4.238142e-02;2.573536e-02;1.024794e-01;1.661529e-01
5.498205e-02;4.123050e-02;5.379115e-02;2.537090e-02;1.965517e-02;1.109674e-01;2.869383e-01;8.683768e-02;5.781328e-02;4.033935e-02;9.631070e-02;1.257635e-01
3.731736e-02;4.535981e-02;5.597240e-02;2.083327e-02;2.601427e-02;1.173620e-01;2.631138e-01;9.325344e-02;9.159152e-02;7.949740e-02;8.024095e-02;8.944377e-02
7.535068e-02;4.068631e-02;5.615220e-02;2.128313e-02;3.105920e-02;1.000443e-01;2.280788e-01;8.196499e-02;1.068217e-01;9.514169e-02;8.852631e-02;7.489067e-02
1.183196e-01;2.084130e-02;8.451927e-02;3.447618e-02;3.879925e-02;5.409742e-02;2.030669e-01;5.871474e-02;7.977796e-02;9.770717e-02;1.253032e-01;8.437702e-02
6.930252e-02;3.040539e-02;4.867645e-02;3.504231e-02;5.568364e-02;7.854013e-02;1.419985e-01;6.872980e-02;9.949371e-02;1.235681e-01;1.506439e-01;9.791557e-02
4.522568e-02;2.895901e-02;3.354567e-02;6.176528e-02;5.164919e-02;7.138897e-02;1.143958e-01;1.093969e-01;1.186892e-01;1.556843e-01;1.159344e-01;9.336547e-02
4.683918e-02;2.284336e-02;4.581279e-02;7.287573e-02;7.387891e-02;7.049377e-02;1.020533e-01;1.202025e-01;8.892998e-02;1.594638e-01;1.150631e-01;8.154354e-02
5.759081e-02;2.269466e-02;5.215786e-02;6.784681e-02;9.576338e-02;5.935482e-02;9.593730e-02;1.028639e-01;6.263895e-02;1.334615e-01;1.831868e-01;6.650314e-02
4.240941e-02;3.252526e-02;6.423595e-02;4.432100e-02;8.700211e-02;6.709830e-02;9.359095e-02;9.724662e-02;9.057015e-02;1.039391e-01;1.910836e-01;8.597757e-02
5.606561e-02;5.565518e-02;2.146798e-01;5.577105e-02;8.867986e-02;6.592787e-02;1.515127e-01;5.410028e-02;7.001569e-02;6.733715e-02;6.935325e-02;5.090157e-02
7.309012e-02;5.880649e-02;2.097709e-01;4.550944e-02;6.867219e-02;6.298699e-02;1.986881e-01;7.830784e-02;6.521310e-02;5.420321e-02;5.147532e-02;3.327624e-02
6.667951e-02;4.624809e-02;1.545186e-01;4.206844e-02;6.137095e-02;8.857394e-02;2.591744e-01;7.737357e-02;5.554880e-02;3.879979e-02;6.311756e-02;4.652635e-02
3.036736e-02;4.034401e-02;8.214206e-02;2.817803e-02;5.259509e-02;1.396204e-01;3.998404e-01;3.676569e-02;3.597653e-02;2.297793e-02;6.711110e-02;6.408138e-02
2.956129e-02;4.123821e-02;2.217098e-02;3.037470e-02;2.338608e-02;1.342065e-01;4.884582e-01;5.397061e-02;2.227338e-02;1.684845e-02;4.158829e-02;9.592333e-02
4.044308e-02;3.947639e-02;3.036231e-02;3.572518e-02;1.808908e-02;1.311445e-01;4.517626e-01;5.759423e-02;1.686931e-02;1.652464e-02;5.009843e-02;1.119102e-01
5.681441e-02;5.652492e-02;6.235474e-02;4.171510e-02;1.746743e-02;1.363901e-01;3.493106e-01;4.446239e-02;3.009303e-02;2.847767e-02;6.102033e-02;1.153693e-01
1.034500e-01;6.894892e-02;1.082554e-01;4.585541e-02;1.960452e-02;8.722264e-02;2.812708e-01;3.691822e-02;3.407810e-02;4.279478e-02;6.194769e-02;1.096535e-01
1.990152e-01;4.286781e-02;6.736505e-02;4.367950e-02;1.672914e-02;2.231392e-02;3.143311e-01;5.360601e-02;2.156576e-02;3.368498e-02;5.429912e-02;1.305425e-01
1.933469e-01;2.004870e-02;5.682800e-02;4.054167e-02;1.395318e-02;4.169479e-02;3.187802e-01;5.901721e-02;1.779152e-02;3.171496e-02;5.934959e-02;1.469333e-01
1.705578e-01;3.394482e-02;3.931424e-02;4.388371e-02;2.064850e-02;5.111883e-02;2.765936e-01;6.941485e-02;1.307456e-02;4.226625e-02;7.437227e-02;1.648106e-01
1.765001e-01;3.016332e-02;7.824466e-02;4.254705e-02;2.451601e-02;4.811859e-02;2.023392e-01;4.043682e-02;2.698634e-02;4.317536e-02;9.407704e-02;1.928955e-01
2.119162e-01;3.215937e-02;7.076396e-02;4.125924e-02;2.998370e-02;4.599291e-02;2.171152e-01;3.253602e-02;3.467039e-02;4.582214e-02;6.938092e-02;1.683999e-01
1.805064e-01;4.865764e-02;8.254399e-02;4.980407e-02;3.209750e-02;5.625408e-02;2.511880e-01;4.446491e-02;2.467999e-02;4.372656e-02;5.101973e-02;1.350572e-01
1.389021e-01;3.046319e-02;4.554795e-02;4.957005e-02;2.625662e-02;6.995700e-02;3.105948e-01;2.773181e-02;1.852445e-02;4.358810e-02;7.752892e-02;1.613350e-01
1.333155e-01;3.271969e-02;2.907041e-02;3.206049e-02;1.665532e-02;6.524192e-02;3.394853e-01;1.316611e-02;1.331870e-02;4.360512e-02;9.868184e-02;1.826796e-01
1.692303e-01;4.853928e-02;5.681870e-02;2.536330e-02;1.445568e-02;4.138558e-02;3.113451e-01;2.900737e-02;9.535088e-03;3.380590e-02;8.441896e-02;1.760948e-01
1.966494e-01;3.564026e-02;3.469390e-02;3.633327e-02;1.398338e-02;3.337804e-02;2.929668e-01;2.520181e-02;1.265478e-02;3.964574e-02;8.679336e-02;1.920592e-01
2.203976e-01;4.316597e-02;6.151493e-02;3.716644e-02;1.450376e-02;3.430840e-02;2.300812e-01;1.608067e-02;1.490752e-02;4.257149e-02;9.485317e-02;1.904488e-01
2.038949e-01;3.474076e-02;3.873407e-02;3.093317e-02;2.085635e-02;3.709190e-02;2.047421e-01;1.076481e-02;2.157030e-02;5.509320e-02;1.253423e-01;2.162361e-01
1.177736e-01;2.775308e-02;4.831844e-02;2.584163e-02;2.469074e-02;6.177293e-02;1.803898e-01;2.603103e-02;3.081381e-02;7.900997e-02;1.656245e-01;2.119805e-01
1.131478e-01;3.363798e-02;9.706687e-02;3.245914e-02;2.928733e-02;6.657384e-02;1.419077e-01;2.811425e-02;3.753968e-02;7.245819e-02;1.774993e-01;1.703079e-01
1.021049e-01;2.759357e-02;7.912014e-02;2.579824e-02;2.172295e-02;6.729070e-02;1.581058e-01;2.910382e-02;6.095726e-02;1.014975e-01;2.014816e-01;1.252236e-01
7.774177e-02;3.729954e-02;7.717919e-02;4.077520e-02;1.461296e-02;7.508121e-02;1.513263e-01;3.716390e-02;7.377645e-02;1.400264e-01;2.158413e-01;5.917572e-02
5.065823e-02;3.101777e-02;6.311724e-02;6.048542e-02;3.186138e-02;7.881631e-02;1.233765e-01;4.837948e-02;7.340584e-02;1.766495e-01;2.155736e-01;4.665871e-02
5.590885e-02;1.642821e-02;7.415509e-02;5.459988e-02;4.809688e-02;6.605026e-02;8.560485e-02;5.096955e-02;6.106610e-02;1.955764e-01;2.165404e-01;7.500349e-02
4.834228e-02;3.172554e-02;7.460821e-02;4.453985e-02;5.831662e-02;5.994902e-02;8.397195e-02;4.511815e-02;8.971997e-02;1.791082e-01;2.051802e-01;7.942002e-02
1.267424e-01;3.397587e-02;8.016635e-02;3.443339e-02;4.503991e-02;5.612327e-02;1.003097e-01;4.539419e-02;8.842683e-02;1.567688e-01;1.899053e-01;4.271392e-02
1.823514e-01;3.212869e-02;8.586330e-02;3.606573e-02;3.212412e-02;5.768606e-02;1.478699e-01;4.578792e-02;6.429785e-02;1.092550e-01;1.304843e-01;7.608563e-02
2.409672e-01;6.583429e-02;1.325542e-01;2.859331e-02;3.199837e-02;3.758160e-02;1.340048e-01;6.348331e-02;4.049065e-02;6.029920e-02;5.637430e-02;1.078188e-01
3.270751e-01;1.424703e-01;1.510828e-01;2.991276e-02;3.181758e-02;1.839218e-02;7.545071e-02;6.298779e-02;1.598641e-02;5.092479e-02;2.721544e-02;6.668420e-02
3.356630e-01;2.315906e-01;1.940845e-01;2.567406e-02;2.624679e-02;1.140690e-02;2.535392e-02;3.908310e-02;2.790443e-02;4.536017e-02;1.367115e-02;2.396141e-02
3.520606e-01;2.999242e-01;1.890550e-01;1.359645e-02;1.817347e-02;7.227281e-03;1.363115e-02;1.720188e-02;2.992337e-02;3.722760e-02;1.013453e-02;1.184450e-02
3.984425e-01;3.017843e-01;1.355903e-01;7.679827e-03;3.552777e-02;4.087637e-03;1.565329e-02;2.692980e-02;2.525746e-02;2.127151e-02;1.244633e-02;1.532923e-02
4.464571e-01;2.520546e-01;7.404143e-02;8.391626e-03;7.147751e-02;4.708364e-03;1.554725e-02;5.028626e-02;2.149567e-02;2.178643e-02;1.423892e-02;1.951492e-02
4.499915e-01;2.011627e-01;7.087153e-02;7.736994e-03;9.706899e-02;5.612654e-03;2.691843e-02;6.345829e-02;1.478348e-02;2.647374e-02;1.316890e-02;2.275282e-02
4.443048e-01;1.922712e-01;7.611800e-02;1.120864e-02;9.942091e-02;9.272938e-03;2.110688e-02;6.139527e-02;2.216887e-02;2.360358e-02;1.593441e-02;2.319448e-02
4.306605e-01;2.148681e-01;6.883018e-02;9.899505e-03;7.953615e-02;1.069617e-02;2.138153e-02;6.401177e-02;3.378108e-02;3.144962e-02;1.577936e-02;1.910613e-02
3.766008e-01;2.324788e-01;9.629025e-02;1.050901e-02;4.789806e-02;8.419935e-03;2.756654e-02;5.842709e-02;5.993953e-02;5.000797e-02;1.474068e-02;1.712136e-02
3.344999e-01;2.697443e-01;8.468539e-02;2.080552e-02;2.541536e-02;1.107917e-02;2.888427e-02;4.593784e-02;9.184670e-02;5.543454e-02;1.249211e-02;1.917490e-02
2.609449e-01;2.797069e-01;1.689442e-01;5.026805e-02;1.625481e-02;2.356073e-02;1.684707e-02;1.783990e-02;1.110839e-01;3.675959e-02;4.845046e-03;1.294491e-02
2.237344e-01;2.415021e-01;2.276497e-01;6.751663e-02;1.955736e-02;2.535518e-02;1.815644e-02;1.706927e-02;9.485817e-02;3.354799e-02;1.139603e-02;1.965666e-02
1.980487e-01;1.889379e-01;2.617638e-01;6.992736e-02;2.991958e-02;2.043973e-02;3.937224e-02;3.731178e-02;5.789722e-02;4.751089e-02;2.228240e-02;2.658841e-02
1.189725e-01;1.528123e-01;2.330904e-01;6.304805e-02;5.804566e-02;2.800733e-02;8.635207e-02;6.702520e-02;5.432439e-02;6.755871e-02;3.806834e-02;3.269503e-02
1.726145e-01;1.081418e-01;9.612788e-02;5.517957e-02;7.780965e-02;5.519333e-02;8.540346e-02;1.071097e-01;1.016091e-01;7.095784e-02;4.127234e-02;2.858075e-02
2.172223e-01;1.097795e-01;1.324159e-01;4.242229e-02;5.728864e-02;4.046556e-02;4.114562e-02;1.043651e-01;1.313893e-01;6.164289e-02;3.358668e-02;2.827623e-02
2.207551e-01;1.323576e-01;1.258564e-01;4.021622e-02;4.161732e-02;4.123492e-02;5.451589e-02;9.640373e-02;1.248877e-01;6.483740e-02;2.444119e-02;3.287650e-02
2.064935e-01;1.131656e-01;1.533131e-01;2.529902e-02;4.659730e-02;4.035819e-02;8.240488e-02;8.311069e-02;1.079746e-01;7.366315e-02;3.809039e-02;2.952942e-02
2.131348e-01;1.182867e-01;1.599053e-01;3.959929e-02;5.832782e-02;4.598973e-02;9.622641e-02;3.956460e-02;8.309758e-02;5.821436e-02;5.145786e-02;3.619561e-02
2.128698e-01;5.751426e-02;1.165674e-01;4.222538e-02;7.021782e-02;6.801636e-02;1.386542e-01;5.792337e-02;6.309953e-02;4.718462e-02;6.698412e-02;5.874317e-02
1.328195e-01;8.063892e-02;1.159551e-01;5.422375e-02;7.942543e-02;6.553463e-02;1.414061e-01;7.966954e-02;7.559021e-02;5.299206e-02;6.118955e-02;6.055512e-02
1.146053e-01;7.291478e-02;1.113586e-01;6.816576e-02;8.810846e-02;5.297161e-02;1.462640e-01;9.571271e-02;8.815591e-02;5.551476e-02;5.100167e-02;5.522639e-02
6.658235e-02;5.211356e-02;1.920541e-01;8.235123e-02;9.219862e-02;6.231587e-02;1.959184e-01;5.943768e-02;8.940638e-02;3.233600e-02;5.065509e-02;2.463085e-02
4.544640e-02;3.345776e-02;2.205928e-01;7.646811e-02;9.088953e-02;8.307569e-02;2.223664e-01;5.175239e-02;5.381654e-02;5.381748e-02;4.691488e-02;2.140204e-02
6.163554e-02;3.280101e-02;2.962182e-01;7.646937e-02;7.547258e-02;6.896463e-02;1.781620e-01;3.916594e-02;3.599036e-02;7.379583e-02;4.508979e-02;1.623474e-02
6.532203e-02;2.130471e-02;4.389231e-01;6.332158e-02;4.463804e-02;4.290859e-02;1.242390e-01;2.376233e-02;1.561117e-02;1.149652e-01;3.589493e-02;9.109451e-03
4.886723e-02;2.677569e-02;5.258849e-01;4.374521e-02;3.223020e-02;2.605842e-02;6.813607e-02;2.554346e-02;1.661659e-02;1.634412e-01;1.036665e-02;1.233443e-02
4.062039e-02;6.605345e-02;4.701752e-01;3.570416e-02;2.908014e-02;2.784657e-02;3.776782e-02;1.963907e-02;6.410443e-02;1.584931e-01;1.895141e-02;3.156433e-02
5.447871e-02;1.202549e-01;3.535062e-01;3.135357e-02;1.624833e-02;3.901530e-02;2.391176e-02;2.415598e-02;1.525003e-01;1.060347e-01;1.438945e-02;6.415083e-02
8.459549e-02;1.345557e-01;2.180951e-01;2.862995e-02;3.020913e-02;4.527240e-02;4.014447e-02;4.999189e-02;2.247718e-01;5.046611e-02;1.441849e-02;7.884939e-02
9.922696e-02;9.387650e-02;1.806718e-01;4.153781e-02;4.864369e-02;5.003490e-02;1.106771e-01;5.223644e-02;2.022686e-01;2.944235e-02;2.982424e-02;6.155954e-02
6.468035e-02;6.699264e-02;1.866902e-01;5.402912e-02;5.816825e-02;5.697541e-02;1.449518e-01;5.330306e-02;1.609078e-01;6.452216e-02;3.324551e-02;5.553365e-02
7.786907e-02;6.219721e-02;1.113177e-01;3.841060e-02;5.402663e-02;6.182176e-02;1.625803e-01;1.119380e-01;1.181175e-01;9.083825e-02;4.844132e-02;6.244159e-02
1.054927e-01;4.942622e-02;8.532721e-02;3.687450e-02;4.936462e-02;5.297679e-02;1.843050e-01;1.421453e-01;1.022010e-01;8.726124e-02;6.138798e-02;4.323744e-02
1.040246e-01;3.063468e-02;1.742615e-01;5.511824e-02;5.094949e-02;4.609066e-02;1.525303e-01;1.383834e-01;9.798241e-02;6.016233e-02;5.739293e-02;3.246954e-02
9.978917e-02;5.203197e-02;2.441068e-01;5.587416e-02;5.619511e-02;7.856370e-02;1.433962e-01;7.271878e-02;8.171857e-02;3.785795e-02;4.511386e-02;3.263371e-02
8.994565e-02;2.553308e-02;2.013607e-01;5.635080e-02;6.015015e-02;7.431678e-02;1.561171e-01;7.490119e-02;1.273636e-01;4.747262e-02;4.559575e-02;4.089264e-02
4.020515e-02;3.944806e-02;1.804140e-01;3.906747e-02;4.435613e-02;5.328930e-02;1.661430e-01;8.303777e-02;1.893246e-01;7.079963e-02;4.644773e-02;4.746711e-02
4.473447e-02;5.933532e-02;1.939569e-01;4.824226e-02;3.734058e-02;5.752369e-02;2.071621e-01;5.854111e-02;1.383192e-01;6.306821e-02;4.754903e-02;4.422719e-02
2.835486e-02;5.508547e-02;1.789796e-01;8.984302e-02;6.434923e-02;7.951143e-02;1.867646e-01;6.862250e-02;9.448671e-02;8.358614e-02;3.404056e-02;3.637587e-02
1.054826e-01;4.245384e-02;1.847138e-01;5.602267e-02;6.085576e-02;4.846605e-02;1.758873e-01;4.805922e-02;1.214259e-01;8.600895e-02;2.199781e-02;4.862607e-02
8.311506e-02;5.621258e-02;2.123052e-01;2.845899e-02;6.169963e-02;6.898733e-02;2.568572e-01;3.993210e-02;6.252560e-02;6.491887e-02;2.846299e-02;3.652445e-02
5.885521e-02;3.310517e-02;2.843887e-01;2.335774e-02;4.127052e-02;6.357292e-02;3.286489e-01;3.663470e-02;2.920611e-02;4.477203e-02;3.381348e-02;2.237454e-02
4.865043e-02;2.190953e-02;3.625126e-01;4.640773e-02;6.451631e-02;7.079438e-02;2.801311e-01;2.625460e-02;1.817415e-02;2.176262e-02;2.617846e-02;1.270812e-02
7.582568e-02;2.597902e-02;4.034967e-01;5.504067e-02;7.769179e-02;6.659638e-02;1.673401e-01;2.177208e-02;2.416562e-02;3.763466e-02;2.465309e-02;1.980418e-02
1.360479e-01;8.262696e-02;3.965886e-01;3.921919e-02;6.816462e-02;5.291088e-02;8.317588e-02;1.720158e-02;2.599112e-02;4.422421e-02;2.447598e-02;2.937308e-02
1.907300e-01;1.265503e-01;3.263767e-01;3.037424e-02;5.076410e-02;5.183076e-02;7.453600e-02;2.223355e-02;2.920513e-02;4.137300e-02;2.814021e-02;2.788613e-02
1.843636e-01;9.672058e-02;2.428917e-01;4.141121e-02;2.710622e-02;5.674682e-02;1.307676e-01;3.609513e-02;5.298197e-02;4.488538e-02;4.254917e-02;4.348060e-02
1.236581e-01;4.831684e-02;1.897171e-01;8.514819e-02;5.137878e-02;7.969160e-02;1.443156e-01;4.298582e-02;6.935237e-02;6.173638e-02;3.618248e-02;6.751672e-02
8.497306e-02;5.825537e-02;1.481608e-01;8.118570e-02;5.852209e-02;1.030366e-01;1.322525e-01;6.794919e-02;9.252840e-02;7.269527e-02;3.728491e-02;6.315611e-02
4.731556e-02;4.827822e-02;1.226696e-01;7.490153e-02;6.671497e-02;1.346298e-01;6.797840e-02;1.180534e-01;1.094940e-01;1.000552e-01;7.007849e-02;3.983071e-02
6.807764e-02;4.202605e-02;1.074271e-01;7.572033e-02;7.689968e-02;1.349222e-01;7.344308e-02;1.501776e-01;9.329873e-02;9.283892e-02;5.374862e-02;3.141999e-02
7.268821e-02;4.189584e-02;1.199824e-01;9.715974e-02;1.006252e-01;9.752197e-02;1.229680e-01;1.210670e-01;8.216688e-02;6.985099e-02;4.510043e-02;2.897324e-02
6.587823e-02;5.319051e-02;1.183622e-01;1.247513e-01;1.040256e-01;6.142747e-02;1.379657e-01;9.932741e-02;9.212610e-02;5.477394e-02;5.806635e-02;3.010523e-02
6.012235e-02;5.328672e-02;1.559358e-01;1.271262e-01;8.548972e-02;6.242779e-02;1.350522e-01;7.566056e-02;6.092656e-02;6.647176e-02;5.024634e-02;6.725416e-02
1.351882e-02;4.223577e-02;3.275886e-01;8.652901e-02;8.688579e-02;6.657844e-02;1.364354e-01;5.566987e-02;4.806772e-02;5.682014e-02;2.124185e-02;5.842864e-02
3.890273e-02;6.558413e-02;3.237050e-01;8.055140e-02;7.300248e-02;5.790730e-02;1.177400e-01;4.281097e-02;9.534864e-02;4.571651e-02;2.313072e-02;3.560004e-02
7.703584e-02;1.027211e-01;2.865537e-01;6.733177e-02;5.104025e-02;4.474865e-02;7.101520e-02;5.437567e-02;1.562423e-01;4.056317e-02;2.259122e-02;2.578111e-02
1.434490e-01;1.156061e-01;1.989082e-01;4.237982e-02;4.331531e-02;2.818348e-02;3.393771e-02;1.410246e-01;1.770056e-01;2.928273e-02;2.678060e-02;2.012686e-02
2.199443e-01;7.415154e-02;1.078437e-01;2.364486e-02;6.357256e-02;1.535939e-02;8.090285e-02;2.473988e-01;1.000013e-01;2.168625e-02;2.721817e-02;1.827628e-02
2.748614e-01;6.580962e-02;8.027294e-02;1.610155e-02;8.452179e-02;1.444659e-02;9.423212e-02;2.901111e-01;2.050392e-02;1.607378e-02;1.827660e-02;2.478857e-02
3.262233e-01;8.424750e-02;7.810655e-02;9.118782e-03;9.614769e-02;1.101864e-02;4.762090e-02;2.730303e-01;2.284209e-02;9.665587e-03;1.677230e-02;2.520638e-02
3.665139e-01;8.071681e-02;8.861670e-02;8.041135e-03;1.003823e-01;1.137300e-02;3.513721e-02;2.317111e-01;2.218072e-02;1.030733e-02;1.398563e-02;3.103419e-02
4.122393e-01;8.049234e-02;8.350880e-02;9.009941e-03;8.859003e-02;1.197688e-02;3.627514e-02;1.951514e-01;1.970188e-02;1.081746e-02;1.278738e-02;3.944957e-02
4.661374e-01;9.700615e-02;8.276768e-02;8.756162e-03;6.951747e-02;8.831051e-03;2.623297e-02;1.525148e-01;1.690556e-02;8.607967e-03;1.431447e-02;4.840828e-02
4.955457e-01;1.459075e-01;8.896071e-02;6.154932e-03;5.329474e-02;6.190979e-03;2.533421e-02;9.611019e-02;1.849721e-02;8.624895e-03;1.235235e-02;4.302663e-02
5.208634e-01;2.021843e-01;7.798480e-02;5.520393e-03;3.850623e-02;8.404977e-03;2.020029e-02;5.123162e-02;1.562322e-02;1.110907e-02;1.306091e-02;3.531070e-02
4.728033e-01;2.510740e-01;1.084044e-01;1.257656e-02;2.510890e-02;1.156674e-02;2.001523e-02;1.923740e-02;2.551525e-02;1.384488e-02;1.109720e-02;2.875622e-02
3.921577e-01;3.011952e-01;1.763634e-01;1.686271e-02;1.466863e-02;1.440805e-02;1.623354e-02;3.523497e-03;2.897317e-02;9.802035e-03;6.605900e-03;1.920618e-02
3.147897e-01;3.228360e-01;2.348413e-01;1.778672e-02;9.620712e-03;1.669467e-02;1.027713e-02;1.333541e-02;3.348595e-02;8.544762e-03;4.950403e-03;1.283722e-02
2.663172e-01;3.102743e-01;2.898033e-01;1.737601e-02;9.488403e-03;1.217694e-02;1.624179e-02;1.654571e-02;3.225538e-02;1.162539e-02;9.195130e-03;8.700502e-03
2.210854e-01;2.445285e-01;3.567383e-01;2.200733e-02;2.373620e-02;1.714126e-02;2.733770e-02;1.077954e-02;2.506739e-02;1.966158e-02;1.791160e-02;1.400525e-02
1.761543e-01;1.693897e-01;3.825100e-01;3.873612e-02;4.151663e-02;2.356918e-02;2.707457e-02;1.540538e-02;3.064213e-02;3.588289e-02;3.138824e-02;2.773089e-02
1.066280e-01;1.218073e-01;3.279017e-01;4.452606e-02;6.484012e-02;3.198285e-02;6.457744e-02;4.585839e-02;5.493616e-02;5.964155e-02;4.671193e-02;3.058851e-02
9.582721e-02;1.284313e-01;1.938924e-01;4.508097e-02;7.433796e-02;5.417594e-02;1.184708e-01;8.850711e-02;5.659533e-02;7.337315e-02;4.036034e-02;3.094743e-02
1.572984e-01;1.398751e-01;1.056292e-01;4.212813e-02;5.296669e-02;5.605841e-02;1.278549e-01;1.007151e-01;6.938475e-02;6.505858e-02;4.077152e-02;4.225929e-02
1.914689e-01;1.209150e-01;1.191930e-01;4.107857e-02;3.686161e-02;4.406307e-02;1.379524e-01;8.433200e-02;7.285299e-02;5.148404e-02;3.335427e-02;6.644426e-02
2.347636e-01;9.202059e-02;1.225530e-01;3.666563e-02;4.276115e-02;3.661702e-02;1.101538e-01;8.253759e-02;7.435656e-02;4.490240e-02;5.474848e-02;6.792021e-02
2.534082e-01;1.079529e-01;1.061425e-01;4.322714e-02;4.390001e-02;5.891270e-02;1.063676e-01;7.656708e-02;5.491960e-02;3.877082e-02;5.712166e-02;5.270984e-02
1.902861e-01;9.431719e-02;1.357909e-01;5.866848e-02;6.421854e-02;5.901850e-02;1.137024e-01;6.580725e-02;7.077248e-02;5.981764e-02;4.259926e-02;4.500118e-02
6.462239e-02;5.768560e-02;2.036567e-01;6.322683e-02;6.092265e-02;4.176190e-02;1.524534e-01;7.992510e-02;9.838286e-02;6.949403e-02;6.627823e-02;4.159028e-02
7.098140e-02;6.986844e-02;1.669090e-01;4.366701e-02;5.012767e-02;2.902575e-02;1.416871e-01;1.167300e-01;1.450709e-01;6.944402e-02;5.952602e-02;3.696258e-02
9.601858e-02;6.530923e-02;1.365562e-01;3.509377e-02;4.613517e-02;2.298807e-02;1.104188e-01;1.533975e-01;1.553620e-01;6.876033e-02;5.933824e-02;5.062211e-02
1.377071e-01;6.048552e-02;1.056133e-01;3.023756e-02;5.036870e-02;1.559830e-02;6.229701e-02;2.219885e-01;1.334343e-01;4.768085e-02;7.092300e-02;6.366593e-02
1.867287e-01;4.703679e-02;6.185394e-02;2.560589e-02;5.175252e-02;1.860089e-02;6.812174e-02;3.030353e-01;5.433901e-02;3.941153e-02;7.444982e-02;6.906384e-02
1.934943e-01;3.902629e-02;4.702496e-02;2.727262e-02;4.115988e-02;1.199704e-02;1.032046e-01;3.382469e-01;2.966530e-02;5.582264e-02;6.375863e-02;4.932691e-02
1.833983e-01;2.885156e-02;3.660179e-02;2.092927e-02;2.825478e-02;1.652890e-02;1.614079e-01;3.467160e-01;3.524104e-02;5.963638e-02;4.178921e-02;4.064489e-02
1.553306e-01;1.539171e-02;3.021887e-02;1.578488e-02;1.819285e-02;2.339343e-02;2.742964e-01;3.118898e-01;4.337586e-02;4.738181e-02;2.500671e-02;3.973718e-02
1.307810e-01;2.113725e-02;3.939120e-02;1.701771e-02;1.506210e-02;4.148400e-02;3.429792e-01;2.457880e-01;3.269507e-02;3.759114e-02;2.724066e-02;4.883272e-02
1.209243e-01;4.074790e-02;5.816492e-02;1.584786e-02;2.682726e-02;5.377632e-02;3.352073e-01;1.930456e-01;4.447039e-02;3.919880e-02;2.730555e-02;4.448377e-02
1.133002e-01;5.560576e-02;7.904082e-02;2.271250e-02;3.574315e-02;5.088298e-02;2.965397e-01;1.719665e-01;4.342143e-02;3.721882e-02;5.241720e-02;4.115099e-02
1.978997e-01;7.505280e-02;5.556720e-02;2.915949e-02;2.838689e-02;3.368907e-02;2.163170e-01;1.774702e-01;3.678992e-02;5.127716e-02;4.441002e-02;5.398056e-02
2.880166e-01;1.292551e-01;1.183978e-01;1.952762e-02;2.652183e-02;1.777558e-02;1.100916e-01;1.320845e-01;2.256496e-02;5.241762e-02;2.969103e-02;5.365574e-02
3.426331e-01;1.396110e-01;9.957819e-02;1.285045e-02;2.375725e-02;1.157779e-02;8.931242e-02;1.331683e-01;2.435386e-02;4.478411e-02;2.951674e-02;4.885678e-02
3.141041e-01;1.220447e-01;7.320938e-02;2.188656e-02;2.636577e-02;2.635875e-02;1.269330e-01;1.393095e-01;2.342692e-02;3.851486e-02;3.591628e-02;5.193017e-02
2.118176e-01;9.914695e-02;1.697689e-01;3.132822e-02;4.255192e-02;4.829010e-02;1.202033e-01;1.379710e-01;1.849415e-02;3.189423e-02;3.734511e-02;5.118862e-02
2.746977e-01;1.105288e-01;2.238509e-01;2.521563e-02;5.622053e-02;3.024891e-02;6.474303e-02;1.118795e-01;2.105789e-02;1.407580e-02;2.918115e-02;3.830017e-02
3.925593e-01;1.124306e-01;1.617026e-01;1.702220e-02;5.558339e-02;1.347018e-02;4.126563e-02;9.944659e-02;2.643754e-02;1.194979e-02;2.388602e-02;4.424622e-02
4.500512e-01;8.206285e-02;1.398335e-01;1.216830e-02;4.956315e-02;6.891607e-03;2.914525e-02;1.043810e-01;1.913686e-02;1.490877e-02;2.539404e-02;6.646349e-02
4.593638e-01;7.619157e-02;1.147423e-01;1.175679e-02;3.465674e-02;1.412527e-02;3.406635e-02;1.055310e-01;2.395667e-02;1.892041e-02;3.212250e-02;7.456660e-02
3.771197e-01;7.696301e-02;1.440247e-01;2.469179e-02;3.505918e-02;4.596271e-02;8.999415e-02;4.982037e-02;3.140742e-02;2.444641e-02;3.721883e-02;6.329171e-02
2.086100e-01;9.093228e-02;1.496494e-01;5.924926e-02;5.503461e-02;5.792559e-02;1.683026e-01;7.669428e-02;2.214688e-02;2.626378e-02;3.028124e-02;5.491006e-02
1.533162e-01;6.507865e-02;1.065769e-01;7.841136e-02;6.085139e-02;4.375323e-02;2.232196e-01;1.162139e-01;1.509501e-02;3.323628e-02;2.311497e-02;8.113246e-02
1.155375e-01;3.290805e-02;4.627022e-02;9.525729e-02;4.185395e-02;1.732931e-02;2.853946e-01;1.627472e-01;1.920415e-02;4.785784e-02;2.151204e-02;1.141279e-01
7.501157e-02;1.571394e-02;4.391521e-02;1.092620e-01;1.255685e-02;1.781474e-02;3.201513e-01;1.586354e-01;2.894878e-02;6.710702e-02;3.045582e-02;1.204274e-01
7.558683e-02;1.706907e-02;4.540634e-02;9.714196e-02;2.711480e-02;3.009278e-02;3.151533e-01;1.406568e-01;4.896299e-02;6.282984e-02;3.340330e-02;1.065819e-01
1.112378e-01;3.063164e-02;7.862300e-02;6.975187e-02;3.307099e-02;3.764941e-02;2.595217e-01;1.646815e-01;3.583014e-02;4.809066e-02;3.772320e-02;9.318806e-02
1.207932e-01;5.465717e-02;1.942467e-01;5.991961e-02;3.167470e-02;2.975894e-02;2.056131e-01;1.030998e-01;6.071070e-02;3.920288e-02;2.978130e-02;7.054187e-02
8.839694e-02;5.647168e-02;2.247936e-01;6.557676e-02;4.085551e-02;4.310117e-02;1.964111e-01;4.719289e-02;9.757455e-02;5.591652e-02;4.243199e-02;4.127736e-02
7.047166e-02;3.410767e-02;1.511575e-01;6.870324e-02;3.971610e-02;6.332029e-02;1.975718e-01;7.255428e-02;1.223696e-01;7.398403e-02;5.977962e-02;4.626417e-02
7.749254e-02;4.731013e-02;9.510626e-02;6.656563e-02;6.298606e-02;6.487915e-02;1.765803e-01;5.128348e-02;1.334015e-01;7.637246e-02;7.190605e-02;7.611638e-02
8.519080e-02;6.033917e-02;1.438767e-01;5.192193e-02;8.279508e-02;7.345479e-02;1.231796e-01;1.147017e-01;5.225704e-02;6.368956e-02;7.487155e-02;7.372218e-02
1.207600e-01;6.993443e-02;1.450432e-01;3.500272e-02;7.381646e-02;4.764765e-02;1.549879e-01;1.319342e-01;6.564695e-02;3.938142e-02;6.276253e-02;5.308257e-02
7.500765e-02;6.066650e-02;1.106723e-01;6.626970e-02;7.190060e-02;5.037875e-02;1.453176e-01;1.331163e-01;1.151531e-01;5.900709e-02;6.487785e-02;4.763256e-02
7.909021e-02;6.762043e-02;9.737948e-02;7.761844e-02;8.427976e-02;5.083118e-02;1.128436e-01;1.309946e-01;1.073703e-01;6.393901e-02;7.218887e-02;5.584422e-02
7.591292e-02;7.072617e-02;1.041933e-01;7.582349e-02;8.755261e-02;4.997162e-02;1.041212e-01;1.311852e-01;1.041374e-01;5.197397e-02;7.132569e-02;7.307639e-02
7.403596e-02;7.016009e-02;1.075567e-01;6.842727e-02;8.378453e-02;3.817171e-02;8.572953e-02;1.256694e-01;1.154697e-01;3.391783e-02;1.011180e-01;9.595929e-02
5.447549e-02;4.539816e-02;1.209420e-01;6.103305e-02;7.058580e-02;7.340122e-02;1.299152e-01;9.335876e-02;1.129843e-01;4.090059e-02;9.869521e-02;9.831025e-02
4.659538e-02;3.689667e-02;1.662520e-01;6.905080e-02;9.117327e-02;9.055015e-02;1.958695e-01;7.866959e-02;5.392150e-02;5.109007e-02;6.530265e-02;5.462845e-02
3.846634e-02;2.569624e-02;1.865603e-01;1.011734e-01;8.731177e-02;7.001452e-02;1.651849e-01;8.271467e-02;3.695554e-02;5.998210e-02;1.024087e-01;4.353145e-02
2.316900e-02;1.809351e-02;2.284306e-01;1.450565e-01;7.028179e-02;4.475757e-02;9.639473e-02;8.039966e-02;3.544207e-02;6.825773e-02;1.661846e-01;2.353223e-02
2.421409e-02;1.222827e-02;2.986890e-01;1.659791e-01;4.693735e-02;2.018602e-02;3.020734e-02;5.677503e-02;5.545284e-02;7.308418e-02;2.054144e-01;1.083230e-02
4.049797e-02;1.458388e-02;3.820797e-01;1.417922e-01;3.571364e-02;1.125213e-02;2.074213e-02;2.719495e-02;5.506331e-02;9.213438e-02;1.668071e-01;1.213864e-02
3.873551e-02;1.541331e-02;4.281299e-01;1.358772e-01;3.522993e-02;1.835479e-02;2.625589e-02;2.326117e-02;3.476256e-02;8.695120e-02;1.481613e-01;8.867142e-03
3.452986e-02;2.725497e-02;4.454677e-01;1.120585e-01;3.209329e-02;1.879941e-02;6.563081e-02;2.847880e-02;2.829736e-02;7.152247e-02;1.180317e-01;1.783510e-02
3.017328e-02;3.848178e-02;4.089609e-01;1.130910e-01;8.672351e-02;3.539252e-02;8.910625e-02;4.323367e-02;2.183866e-02;4.430173e-02;7.477744e-02;1.391922e-02
1.568053e-02;3.084659e-02;3.682819e-01;1.557139e-01;1.923834e-01;4.754013e-02;4.894925e-02;4.660899e-02;1.468920e-02;2.610185e-02;4.606373e-02;7.140571e-03
8.667951e-03;1.592776e-02;3.423103e-01;1.522705e-01;2.420623e-01;6.406010e-02;7.906748e-02;2.727587e-02;1.369088e-02;1.209616e-02;3.243073e-02;1.014008e-02
1.473136e-02;1.726120e-02;3.598906e-01;1.253599e-01;2.576160e-01;8.000162e-02;7.357185e-02;1.323338e-02;1.151978e-02;1.006541e-02;2.470962e-02;1.203925e-02
1.825172e-02;1.299522e-02;3.910891e-01;1.195925e-01;2.576075e-01;7.520610e-02;4.166508e-02;3.988541e-02;9.915333e-03;1.011857e-02;1.143529e-02;1.223821e-02
1.796443e-02;1.783880e-02;3.723456e-01;1.537007e-01;2.277391e-01;6.218243e-02;2.570868e-02;5.361933e-02;1.339278e-02;1.602705e-02;2.811541e-02;1.136576e-02
1.723998e-02;2.035942e-02;3.515637e-01;1.606998e-01;1.931368e-01;5.818370e-02;5.452358e-02;6.008315e-02;1.330149e-02;2.610998e-02;3.544969e-02;9.348760e-03
1.003812e-02;1.264707e-02;4.120380e-01;1.607926e-01;1.656312e-01;4.927007e-02;2.905666e-02;7.665363e-02;8.431342e-03;3.083125e-02;3.672479e-02;7.885230e-03
4.849622e-03;1.344379e-02;4.632138e-01;1.558525e-01;1.380752e-01;4.379831e-02;3.451509e-02;8.120849e-02;4.253927e-03;2.377650e-02;3.116867e-02;5.844034e-03
7.572989e-03;1.006053e-02;5.644937e-01;1.475868e-01;1.016855e-01;3.962414e-02;2.229734e-02;6.564571e-02;7.312725e-03;1.195993e-02;1.563113e-02;6.129606e-03
1.086400e-02;9.544776e-03;6.622151e-01;1.346778e-01;7.264543e-02;2.482356e-02;1.610652e-02;3.400499e-02;1.225250e-02;1.037376e-02;1.044063e-02;2.050842e-03
1.602793e-02;1.733053e-02;7.091668e-01;1.012255e-01;4.793847e-02;1.300567e-02;3.314991e-02;1.266906e-02;1.512646e-02;1.984116e-02;1.154873e-02;2.969768e-03
2.740104e-02;5.922254e-02;6.892564e-01;6.679764e-02;3.615392e-02;1.336171e-02;3.619828e-02;1.438600e-02;1.985202e-02;2.365089e-02;9.238983e-03;4.480550e-03
7.943756e-02;1.353787e-01;5.664009e-01;3.765345e-02;2.592415e-02;1.482423e-02;2.583528e-02;2.779075e-02;4.571906e-02;2.323126e-02;7.481140e-03;1.032345e-02
1.978052e-01;1.730027e-01;3.356093e-01;1.775544e-02;2.562592e-02;1.692849e-02;4.705874e-02;6.521659e-02;6.291742e-02;1.822578e-02;1.517805e-02;2.467642e-02
2.612915e-01;1.190689e-01;1.702153e-01;2.101723e-02;2.302837e-02;2.343214e-02;1.147455e-01;1.077119e-01;4.744179e-02;2.202047e-02;2.878258e-02;6.124436e-02
1.752934e-01;4.271901e-02;1.043375e-01;3.042929e-02;2.230762e-02;5.043283e-02;2.066554e-01;9.021662e-02;6.294502e-02;4.427840e-02;8.119728e-02;8.918760e-02
5.266192e-02;4.007772e-02;9.498958e-02;2.299230e-02;5.690616e-02;9.815220e-02;1.674392e-01;6.095662e-02;8.905052e-02;1.118568e-01;1.382549e-01;6.666213e-02
1.720328e-02;4.909883e-02;6.161553e-02;3.551497e-02;9.972598e-02;1.084468e-01;8.213113e-02;4.721944e-02;8.036727e-02;2.242784e-01;1.465340e-01;4.786443e-02
5.271639e-02;4.447785e-02;5.611004e-02;6.889008e-02;9.886508e-02;6.646986e-02;7.351533e-02;3.445319e-02;1.438181e-01;2.398864e-01;8.940466e-02;3.139292e-02
7.642601e-02;2.396033e-02;6.618664e-02;9.131814e-02;7.634728e-02;3.376608e-02;7.349282e-02;3.959078e-02;2.350844e-01;2.032936e-01;5.035108e-02;3.018285e-02
6.256432e-02;1.708574e-02;9.979656e-02;9.004845e-02;5.429496e-02;4.199943e-02;1.031454e-01;6.127818e-02;2.155754e-01;1.601478e-01;3.699543e-02;5.706832e-02
3.195005e-02;2.033197e-02;1.441999e-01;6.794772e-02;4.237414e-02;5.297185e-02;1.303455e-01;1.135932e-01;1.389334e-01;1.196747e-01;3.838444e-02;9.929325e-02
2.386527e-02;2.523558e-02;1.560093e-01;4.167853e-02;5.534242e-02;5.119498e-02;1.926745e-01;1.638945e-01;5.920085e-02;7.120185e-02;5.108516e-02;1.086170e-01
2.968766e-02;2.938363e-02;1.287793e-01;2.698726e-02;8.213960e-02;2.423020e-02;2.240152e-01;1.616724e-01;6.212885e-02;4.317456e-02;9.028412e-02;9.751727e-02
4.878954e-02;4.506460e-02;1.523444e-01;4.587517e-02;6.654108e-02;5.504373e-02;1.679796e-01;9.191032e-02;1.142115e-01;4.728422e-02;7.805410e-02;8.690178e-02
7.171925e-02;5.265660e-02;1.772165e-01;4.731134e-02;5.810551e-02;7.608322e-02;1.357043e-01;7.546545e-02;1.102362e-01;6.089010e-02;6.106287e-02;7.354870e-02
7.062633e-02;3.825200e-02;2.012422e-01;4.236154e-02;5.749814e-02;8.138696e-02;1.171997e-01;8.756113e-02;6.880739e-02;9.129330e-02;5.568574e-02;8.808557e-02
6.248539e-02;3.932645e-02;1.564112e-01;5.134570e-02;5.129027e-02;7.481045e-02;1.573296e-01;5.885120e-02;1.028891e-01;8.285149e-02;8.245200e-02;7.995706e-02
5.770890e-02;5.747200e-02;1.404509e-01;5.038778e-02;5.429154e-02;5.324178e-02;1.509062e-01;6.805264e-02;1.423337e-01;8.108528e-02;9.519979e-02;4.886949e-02
1.035457e-01;6.040056e-02;2.390491e-01;3.504014e-02;4.713269e-02;4.104052e-02;1.027762e-01;5.947664e-02;1.126463e-01;7.690444e-02;8.654460e-02;3.544315e-02
