8.156034e-02;9.542244e-02;1.031180e-01;7.366028e-02;5.754073e-02;6.082687e-02;6.733743e-02;1.501847e-01;1.172500e-01;8.194837e-02;5.224670e-02;5.890409e-02
5.674037e-02;8.688869e-02;1.080695e-01;6.897600e-02;4.395048e-02;5.239222e-02;5.893201e-02;1.134033e-01;1.109416e-01;1.206273e-01;6.805056e-02;1.110280e-01
6.108679e-02;9.851792e-02;1.046709e-01;9.220004e-02;3.220484e-02;3.987846e-02;6.357723e-02;1.039102e-01;1.057691e-01;1.294712e-01;4.976111e-02;1.189521e-01
3.995760e-02;7.532910e-02;1.263821e-01;8.584020e-02;3.799255e-02;3.302287e-02;1.087649e-01;1.410556e-01;9.994911e-02;1.058592e-01;3.333395e-02;1.125129e-01
9.885266e-02;6.306424e-02;1.104381e-01;6.299330e-02;4.106271e-02;4.282104e-02;1.276028e-01;1.641263e-01;7.801095e-02;8.012048e-02;7.604438e-02;5.486298e-02
1.458717e-01;7.202765e-02;1.035532e-01;4.024998e-02;4.872962e-02;4.382899e-02;1.273925e-01;1.476166e-01;4.556986e-02;9.243533e-02;9.545514e-02;3.726941e-02
1.417543e-01;8.437955e-02;1.395785e-01;4.406204e-02;4.529842e-02;3.785973e-02;1.485050e-01;1.209738e-01;4.950666e-02;7.861815e-02;6.984455e-02;3.961925e-02
8.195136e-02;8.367547e-02;1.956456e-01;4.656372e-02;4.936863e-02;4.355352e-02;1.897435e-01;7.905555e-02;5.292828e-02;7.087897e-02;4.460202e-02;6.203340e-02
8.040861e-02;6.533232e-02;2.746851e-01;3.935070e-02;4.296942e-02;4.191154e-02;1.674540e-01;4.598871e-02;4.751817e-02;8.056580e-02;5.509302e-02;5.872257e-02
7.438532e-02;6.548278e-02;3.610440e-01;4.303314e-02;4.314054e-02;3.548845e-02;1.253936e-01;4.256384e-02;2.771523e-02;9.910032e-02;4.698180e-02;3.567094e-02
5.472258e-02;8.833807e-02;4.123958e-01;4.870919e-02;4.484588e-02;3.378471e-02;9.013611e-02;3.249411e-02;2.294132e-02;1.130705e-01;3.590522e-02;2.265651e-02
2.399778e-02;8.849649e-02;4.374159e-01;5.254937e-02;5.245679e-02;3.820312e-02;8.621892e-02;2.075721e-02;2.003858e-02;1.242113e-01;4.066003e-02;1.499457e-02
4.214221e-02;1.044813e-01;4.270793e-01;5.262396e-02;5.106571e-02;3.750688e-02;8.822841e-02;8.943164e-03;1.839660e-02;1.226921e-01;3.979639e-02;7.043999e-03
7.209557e-02;1.160908e-01;4.046743e-01;4.318938e-02;4.241358e-02;2.983391e-02;9.196068e-02;1.641521e-02;1.688523e-02;1.153464e-01;4.306476e-02;8.030258e-03
9.311242e-02;1.115766e-01;3.982010e-01;3.423367e-02;3.837972e-02;2.566445e-02;1.019384e-01;2.474472e-02;1.406727e-02;1.017968e-01;4.778767e-02;8.497406e-03
1.050724e-01;1.035061e-01;3.820955e-01;3.928078e-02;3.385126e-02;1.582420e-02;9.774121e-02;3.601873e-02;1.887345e-02;9.525023e-02;5.873899e-02;1.374713e-02
1.081264e-01;1.029751e-01;3.710035e-01;4.683343e-02;3.034245e-02;1.151778e-02;8.618450e-02;3.490219e-02;2.212915e-02;9.308257e-02;7.222490e-02;2.067805e-02
1.080269e-01;8.310921e-02;3.732124e-01;5.253131e-02;3.093360e-02;1.243338e-02;8.007053e-02;3.266200e-02;2.535469e-02;9.136489e-02;8.244213e-02;2.785901e-02
1.054592e-01;5.461331e-02;3.739409e-01;5.209797e-02;3.638777e-02;1.203505e-02;7.544295e-02;3.559452e-02;2.437683e-02;9.114105e-02;9.652039e-02;4.239004e-02
8.011834e-02;3.782292e-02;3.702132e-01;7.143143e-02;4.729573e-02;1.553987e-02;6.608380e-02;4.257116e-02;2.225303e-02;8.705569e-02;1.095639e-01;5.005099e-02
4.680196e-02;2.713181e-02;3.608860e-01;8.619990e-02;5.795160e-02;2.790691e-02;6.755980e-02;5.265289e-02;1.938611e-02;7.683393e-02;1.221110e-01;5.457810e-02
4.969356e-02;3.387824e-02;3.504081e-01;8.320350e-02;5.654576e-02;2.828939e-02;7.221708e-02;5.536459e-02;2.256599e-02;7.202376e-02;1.202255e-01;5.558457e-02
4.557644e-02;3.172433e-02;3.269334e-01;9.508216e-02;6.644553e-02;3.729519e-02;7.093983e-02;5.955156e-02;2.020096e-02;6.893384e-02;1.237298e-01;5.358702e-02
3.079265e-02;2.320171e-02;3.248399e-01;1.180014e-01;8.294047e-02;5.514578e-02;4.638098e-02;6.511321e-02;9.160205e-03;5.667751e-02;1.385970e-01;4.914914e-02
3.904246e-02;2.362094e-02;3.212067e-01;1.153173e-01;8.144563e-02;5.611473e-02;5.433324e-02;6.882879e-02;1.167619e-02;4.706980e-02;1.306224e-01;5.072181e-02
4.879791e-02;3.681795e-02;3.294114e-01;9.301106e-02;6.276824e-02;3.735047e-02;6.678161e-02;6.633315e-02;2.198199e-02;6.021304e-02;1.159530e-01;6.058027e-02
6.461398e-02;5.401762e-02;3.309879e-01;7.509544e-02;5.829893e-02;2.706003e-02;7.836282e-02;5.819333e-02;2.558649e-02;6.326216e-02;9.920394e-02;6.531734e-02
8.102900e-02;5.932821e-02;3.215232e-01;8.080692e-02;5.133868e-02;3.276257e-02;7.499839e-02;5.381047e-02;2.669572e-02;6.622467e-02;8.861700e-02;6.286520e-02
1.147343e-01;5.247595e-02;3.054506e-01;7.777317e-02;4.851121e-02;3.799080e-02;8.936659e-02;4.092749e-02;2.969620e-02;6.467175e-02;8.210057e-02;5.630129e-02
1.362703e-01;4.606437e-02;3.005531e-01;7.107914e-02;4.191837e-02;3.055695e-02;8.982265e-02;3.292012e-02;3.182230e-02;7.535747e-02;8.177910e-02;6.185613e-02
1.259425e-01;4.980128e-02;3.328974e-01;6.314315e-02;3.359127e-02;2.304433e-02;9.688158e-02;1.228352e-02;2.954107e-02;1.046246e-01;6.714460e-02;6.110477e-02
9.891903e-02;4.675403e-02;3.555648e-01;5.055431e-02;2.994018e-02;2.135472e-02;9.177011e-02;3.039591e-02;3.556098e-02;1.162371e-01;6.424832e-02;5.870048e-02
7.851784e-02;7.292378e-02;3.661529e-01;4.066686e-02;2.590280e-02;2.498959e-02;8.225339e-02;4.239151e-02;4.592758e-02;1.040808e-01;6.191472e-02;5.427829e-02
7.994276e-02;1.144189e-01;3.130601e-01;5.180831e-02;3.054351e-02;3.465402e-02;8.203890e-02;4.746988e-02;7.296440e-02;7.895169e-02;6.101761e-02;3.312989e-02
1.062110e-01;1.637904e-01;2.424989e-01;6.422073e-02;3.068617e-02;4.100407e-02;7.131834e-02;3.918498e-02;1.146054e-01;4.850239e-02;5.629628e-02;2.168136e-02
1.385300e-01;1.501856e-01;1.896527e-01;6.419159e-02;3.857130e-02;3.994874e-02;8.856174e-02;5.065648e-02;1.103896e-01;3.431665e-02;6.825013e-02;2.674552e-02
1.347937e-01;1.227284e-01;1.326373e-01;7.369426e-02;4.401638e-02;4.072088e-02;1.149652e-01;5.604129e-02;9.162572e-02;5.402669e-02;8.474106e-02;5.000918e-02
7.707220e-02;6.652169e-02;2.353900e-01;1.077760e-01;4.375943e-02;3.570756e-02;1.242891e-01;5.362056e-02;2.906480e-02;9.104776e-02;7.258912e-02;6.316189e-02
6.484076e-02;3.891145e-02;2.507608e-01;1.316565e-01;6.207595e-02;2.881277e-02;9.011787e-02;4.957402e-02;4.330493e-02;8.078065e-02;9.117248e-02;6.799191e-02
7.138040e-02;6.940346e-02;1.296813e-01;1.690359e-01;8.822364e-02;3.651409e-02;7.995638e-02;1.049748e-01;4.995375e-02;2.959020e-02;1.167755e-01;5.451062e-02
4.156298e-02;6.851768e-02;1.441196e-01;1.889976e-01;7.565805e-02;3.744420e-02;5.713161e-02;1.310143e-01;3.549005e-02;2.989357e-02;1.446926e-01;4.547768e-02
6.734053e-02;7.277332e-02;2.278660e-01;1.409502e-01;5.045046e-02;3.273166e-02;8.051912e-02;8.030544e-02;2.363565e-02;6.259241e-02;1.082776e-01;5.255751e-02
7.960814e-02;7.551244e-02;3.281905e-01;9.189191e-02;3.563536e-02;3.058573e-02;9.684227e-02;3.268299e-02;4.754424e-02;8.344000e-02;4.797205e-02;5.009436e-02
5.721902e-02;5.217432e-02;4.212359e-01;7.313281e-02;3.573689e-02;2.665874e-02;1.002976e-01;3.378470e-02;4.051308e-02;1.030697e-01;2.479777e-02;3.137948e-02
3.830088e-02;6.379695e-02;4.527378e-01;5.434623e-02;3.901781e-02;3.076815e-02;9.251519e-02;2.060069e-02;2.935036e-02;1.112201e-01;3.249753e-02;3.484832e-02
4.689253e-02;9.578012e-02;4.316094e-01;4.816389e-02;3.799461e-02;2.872580e-02;8.118149e-02;2.200623e-02;2.107463e-02;1.061241e-01;4.290282e-02;3.754441e-02
9.257510e-02;1.391165e-01;3.782527e-01;3.957200e-02;3.494565e-02;2.610745e-02;7.136139e-02;2.037665e-02;2.933666e-02;9.450306e-02;4.136759e-02;3.248535e-02
1.183941e-01;1.507426e-01;3.908466e-01;3.352385e-02;3.320463e-02;1.920859e-02;6.887160e-02;1.280177e-02;1.652804e-02;1.057320e-01;3.102314e-02;1.912318e-02
9.604876e-02;1.327859e-01;3.872771e-01;3.160954e-02;2.884830e-02;2.186081e-02;8.586613e-02;2.480943e-02;2.804889e-02;1.157076e-01;3.657189e-02;1.056569e-02
7.818677e-02;1.304435e-01;3.252983e-01;3.931295e-02;2.432210e-02;2.544965e-02;1.331012e-01;2.945788e-02;5.830591e-02;1.082698e-01;3.368414e-02;1.416774e-02
9.096179e-02;1.082043e-01;2.220982e-01;4.810673e-02;4.418941e-02;3.357546e-02;2.043424e-01;3.573696e-02;6.782134e-02;9.072787e-02;3.712822e-02;1.710729e-02
9.305025e-02;5.596752e-02;2.072109e-01;7.011937e-02;6.011699e-02;3.697324e-02;2.699044e-01;3.174042e-02;2.649875e-02;8.426982e-02;3.829895e-02;2.584942e-02
6.274737e-02;1.059809e-01;2.565240e-01;6.554195e-02;4.904284e-02;4.255138e-02;1.920245e-01;5.115645e-02;1.874084e-02;8.499636e-02;4.389484e-02;2.679858e-02
6.772078e-02;1.332917e-01;2.549107e-01;5.515908e-02;3.603639e-02;4.911855e-02;1.627124e-01;4.940522e-02;3.576711e-02;6.623207e-02;6.322948e-02;2.641657e-02
6.574142e-02;1.454116e-01;2.826625e-01;4.380566e-02;4.482146e-02;4.523002e-02;1.358840e-01;4.777335e-02;5.316115e-02;6.700295e-02;3.199369e-02;3.651219e-02
6.094086e-02;9.082588e-02;2.292997e-01;6.617868e-02;6.555732e-02;7.548680e-02;9.321133e-02;9.718674e-02;5.801242e-02;3.614561e-02;5.891246e-02;6.824218e-02
8.137874e-02;9.703761e-02;1.655680e-01;4.458293e-02;4.634193e-02;6.081993e-02;8.680058e-02;7.590733e-02;1.027032e-01;8.608121e-02;7.883260e-02;7.394592e-02
1.117835e-01;8.933453e-02;1.032927e-01;3.191951e-02;4.828622e-02;6.172779e-02;8.770639e-02;6.388400e-02;1.009984e-01;9.023488e-02;1.077945e-01;1.030376e-01
1.216036e-01;7.121243e-02;5.812787e-02;3.299325e-02;5.558034e-02;8.004411e-02;9.869348e-02;8.806643e-02;8.973306e-02;8.030047e-02;1.103074e-01;1.133375e-01
8.718961e-02;6.973673e-02;1.380285e-01;5.073380e-02;4.886815e-02;6.705134e-02;1.420559e-01;9.782022e-02;7.591956e-02;6.219230e-02;8.436146e-02;7.604254e-02
8.314181e-02;1.141799e-01;2.169836e-01;5.975499e-02;4.554966e-02;4.046393e-02;1.154331e-01;5.635560e-02;9.846574e-02;6.338179e-02;4.903511e-02;5.725468e-02
9.358016e-02;1.182097e-01;2.814012e-01;4.224168e-02;3.814032e-02;3.419479e-02;8.634810e-02;3.511104e-02;9.717254e-02;6.595664e-02;4.884567e-02;5.879816e-02
9.492742e-02;8.934370e-02;3.564767e-01;4.222509e-02;3.131457e-02;2.696910e-02;8.088358e-02;4.139616e-02;6.438293e-02;7.586585e-02;5.650997e-02;3.970494e-02
8.869200e-02;1.058835e-01;3.841116e-01;3.900429e-02;2.012938e-02;2.967723e-02;6.140106e-02;4.078729e-02;7.032073e-02;7.002584e-02;3.874376e-02;5.122332e-02
7.143316e-02;6.580170e-02;4.810075e-01;5.035943e-02;2.636818e-02;2.516748e-02;6.593491e-02;1.903818e-02;3.759391e-02;1.033269e-01;2.257766e-02;3.139091e-02
4.956499e-02;5.937398e-02;4.920208e-01;5.287828e-02;2.351699e-02;2.463994e-02;6.182035e-02;1.941364e-02;4.369836e-02;1.083602e-01;4.028938e-02;2.442309e-02
3.236500e-02;8.982389e-02;5.268731e-01;3.948626e-02;1.868008e-02;2.812298e-02;5.105124e-02;2.282090e-02;3.443219e-02;1.009937e-01;3.619960e-02;1.915109e-02
2.537189e-02;9.936859e-02;5.266960e-01;2.939390e-02;2.288329e-02;3.157185e-02;5.109475e-02;2.539111e-02;2.942226e-02;9.647277e-02;4.171779e-02;2.061571e-02
3.696945e-02;1.364339e-01;4.639269e-01;2.817303e-02;2.233905e-02;3.745140e-02;4.639776e-02;3.172506e-02;4.629852e-02;7.481422e-02;4.851095e-02;2.695983e-02
4.008536e-02;1.804979e-01;3.987466e-01;2.034031e-02;2.030744e-02;4.227141e-02;4.349623e-02;3.951275e-02;5.958876e-02;7.416226e-02;4.909336e-02;3.189769e-02
6.258322e-02;2.293490e-01;3.330235e-01;1.760243e-02;1.695026e-02;3.953911e-02;4.161906e-02;4.207158e-02;7.418206e-02;5.655475e-02;3.925040e-02;4.727463e-02
8.343514e-02;2.512542e-01;2.900935e-01;1.785833e-02;1.008872e-02;3.602442e-02;4.670274e-02;3.983970e-02;8.722948e-02;4.513384e-02;3.610193e-02;5.623794e-02
1.104532e-01;2.461704e-01;2.599001e-01;1.834155e-02;9.060944e-03;4.140112e-02;5.501113e-02;3.660946e-02;1.044636e-01;3.170552e-02;2.666327e-02;6.021980e-02
1.132960e-01;2.241182e-01;2.511535e-01;1.661444e-02;1.052839e-02;5.104994e-02;6.773601e-02;3.775728e-02;1.127909e-01;3.564299e-02;1.463693e-02;6.467547e-02
7.734257e-02;1.953904e-01;2.447332e-01;2.752992e-02;1.886229e-02;6.453215e-02;7.273506e-02;4.736167e-02;1.061837e-01;5.241852e-02;2.649051e-02;6.641998e-02
1.130396e-01;1.541312e-01;1.841496e-01;3.834799e-02;2.809082e-02;6.269087e-02;1.130918e-01;5.429729e-02;9.602209e-02;5.270420e-02;4.997127e-02;5.346330e-02
1.690735e-01;1.283223e-01;1.438536e-01;3.859765e-02;3.757545e-02;4.564829e-02;1.567275e-01;5.547504e-02;7.171074e-02;3.351389e-02;6.832453e-02;5.117742e-02
1.851807e-01;1.332181e-01;1.231417e-01;3.309887e-02;3.560165e-02;2.782677e-02;2.205113e-01;6.058541e-02;3.443415e-02;3.313367e-02;7.278678e-02;4.048083e-02
1.040599e-01;1.216164e-01;1.582999e-01;4.024313e-02;4.641416e-02;3.116975e-02;2.097187e-01;6.161626e-02;5.167964e-02;4.817252e-02;6.896852e-02;5.804114e-02
6.551489e-02;1.098993e-01;2.985220e-01;3.875284e-02;5.551254e-02;3.601569e-02;1.016664e-01;4.319409e-02;5.807942e-02;5.000835e-02;7.600678e-02;6.682768e-02
4.643806e-02;1.210805e-01;3.863837e-01;5.348952e-02;4.938105e-02;3.040738e-02;5.552278e-02;2.427647e-02;6.032812e-02;5.175647e-02;6.306922e-02;5.786671e-02
4.616245e-02;9.517410e-02;4.052774e-01;6.009404e-02;5.217987e-02;4.137116e-02;7.793156e-02;3.092240e-02;5.505773e-02;4.786485e-02;5.417881e-02;3.378563e-02
2.986979e-02;7.845795e-02;4.047944e-01;5.638301e-02;4.869455e-02;4.113324e-02;7.611287e-02;4.035258e-02;4.622530e-02;8.649325e-02;6.073241e-02;3.075061e-02
7.991072e-02;6.665269e-02;3.653396e-01;5.667050e-02;4.779398e-02;2.925627e-02;5.584458e-02;4.548009e-02;5.988498e-02;9.812497e-02;5.759479e-02;3.744688e-02
8.184984e-02;5.195598e-02;3.433551e-01;8.234955e-02;7.365169e-02;3.646364e-02;6.296434e-02;5.264541e-02;4.313966e-02;8.197821e-02;4.984901e-02;3.979759e-02
1.114526e-01;7.409395e-02;2.718421e-01;6.659508e-02;7.504174e-02;3.819829e-02;8.443628e-02;8.425865e-02;4.752009e-02;5.820096e-02;4.972263e-02;3.863762e-02
1.153447e-01;1.132168e-01;2.377946e-01;4.661997e-02;5.841522e-02;3.037251e-02;1.096263e-01;7.939818e-02;5.365312e-02;4.660515e-02;7.176942e-02;3.718412e-02
1.069649e-01;1.167716e-01;2.203833e-01;5.676971e-02;6.974488e-02;2.996023e-02;1.022804e-01;7.092885e-02;4.836583e-02;4.557741e-02;9.592912e-02;3.632367e-02
1.092712e-01;1.066709e-01;2.134665e-01;6.477394e-02;7.341760e-02;3.570695e-02;8.933855e-02;5.965560e-02;4.075566e-02;4.361386e-02;1.070821e-01;5.624708e-02
8.795578e-02;1.066297e-01;3.041654e-01;5.640826e-02;5.739744e-02;3.310997e-02;9.575998e-02;3.378015e-02;3.016297e-02;7.132336e-02;8.652087e-02;3.678608e-02
7.401538e-02;7.328338e-02;3.891945e-01;5.457793e-02;5.177731e-02;2.268787e-02;9.146622e-02;3.325848e-02;1.671963e-02;8.311856e-02;8.554231e-02;2.435840e-02
7.364477e-02;3.311837e-02;3.946857e-01;6.437150e-02;5.122366e-02;1.945064e-02;7.811996e-02;5.360986e-02;1.597572e-02;6.675895e-02;1.070825e-01;4.195829e-02
7.553004e-02;5.069133e-02;3.354918e-01;8.324904e-02;6.397146e-02;2.522336e-02;5.544274e-02;6.755266e-02;2.187547e-02;4.270891e-02;1.161462e-01;6.211703e-02
6.691919e-02;6.317296e-02;2.825306e-01;9.870327e-02;7.322872e-02;3.076087e-02;4.759346e-02;7.202219e-02;2.644765e-02;3.627245e-02;1.269882e-01;7.536037e-02
8.778969e-02;7.778093e-02;2.269779e-01;8.507255e-02;7.655569e-02;4.193343e-02;6.543353e-02;5.966860e-02;3.736331e-02;4.353250e-02;1.212906e-01;7.660132e-02
1.090509e-01;7.333031e-02;2.693876e-01;6.954647e-02;6.100175e-02;4.151778e-02;4.235487e-02;4.411293e-02;3.410649e-02;6.670946e-02;1.066752e-01;8.220622e-02
8.463569e-02;5.749224e-02;2.741611e-01;6.556714e-02;5.299301e-02;4.151949e-02;4.082477e-02;5.433729e-02;6.411038e-02;8.462620e-02;1.069381e-01;7.279452e-02
1.035494e-01;6.602721e-02;1.418390e-01;7.051867e-02;7.902048e-02;6.307419e-02;9.970248e-02;5.280842e-02;1.106910e-01;7.052450e-02;7.719896e-02;6.504577e-02
1.138459e-01;6.348301e-02;1.357456e-01;8.383574e-02;8.737379e-02;5.818389e-02;9.415966e-02;5.514553e-02;8.357132e-02;6.835542e-02;8.917314e-02;6.712711e-02
1.008474e-01;5.318479e-02;1.356604e-01;9.364391e-02;1.096010e-01;4.905915e-02;4.529230e-02;7.734720e-02;5.364576e-02;7.109406e-02;1.040113e-01;1.066127e-01
6.717535e-02;5.321692e-02;1.476133e-01;1.048773e-01;1.029372e-01;4.636474e-02;5.188525e-02;8.083131e-02;5.036365e-02;7.022648e-02;1.390260e-01;8.548249e-02
3.924979e-02;5.105342e-02;1.948682e-01;1.354263e-01;7.892872e-02;4.344505e-02;4.938363e-02;8.113557e-02;2.408429e-02;5.602884e-02;1.864392e-01;5.995696e-02
4.464707e-02;4.427688e-02;2.874783e-01;1.264038e-01;5.374211e-02;3.509911e-02;5.770890e-02;5.050981e-02;1.364653e-02;6.171521e-02;1.598441e-01;6.492819e-02
4.211677e-02;5.811498e-02;4.185668e-01;1.035031e-01;3.709377e-02;2.998717e-02;6.729847e-02;9.626251e-03;1.918145e-02;6.924684e-02;8.167495e-02;6.358947e-02
6.869813e-02;8.898804e-02;4.308803e-01;8.898471e-02;3.832821e-02;2.886921e-02;6.170562e-02;2.071203e-02;2.870542e-02;5.392296e-02;3.786621e-02;5.233912e-02
7.000033e-02;9.557481e-02;4.235261e-01;8.827272e-02;3.599610e-02;3.362141e-02;4.639882e-02;2.147720e-02;2.595414e-02;4.950428e-02;5.831685e-02;5.135726e-02
5.023675e-02;1.079866e-01;3.183156e-01;1.375008e-01;5.334092e-02;4.187933e-02;6.387765e-02;3.078443e-02;2.909122e-02;3.936021e-02;8.545823e-02;4.216824e-02
4.776526e-02;1.103335e-01;2.341575e-01;1.673020e-01;7.335322e-02;4.672292e-02;7.873124e-02;5.021482e-02;3.204482e-02;4.260742e-02;6.328419e-02;5.348307e-02
4.660835e-02;8.616152e-02;3.220811e-01;1.189725e-01;4.871445e-02;5.120790e-02;6.595114e-02;5.531527e-02;3.583106e-02;6.275273e-02;6.267730e-02;4.372666e-02
7.248261e-02;9.189203e-02;2.774552e-01;1.065550e-01;4.587476e-02;7.745023e-02;6.595062e-02;6.097573e-02;3.789281e-02;4.702766e-02;7.184836e-02;4.459496e-02
8.813614e-02;1.157041e-01;1.864254e-01;1.018695e-01;5.046790e-02;1.137623e-01;9.508220e-02;5.737732e-02;3.215847e-02;5.503782e-02;6.442150e-02;3.955733e-02
1.334530e-01;1.425583e-01;1.065272e-01;9.239132e-02;7.660917e-02;7.550143e-02;1.086569e-01;5.027556e-02;6.126129e-02;6.134637e-02;5.734510e-02;3.407421e-02
1.753717e-01;1.329559e-01;1.432606e-01;5.471369e-02;4.880389e-02;5.031564e-02;1.176373e-01;2.573489e-02;5.677445e-02;7.039333e-02;6.830302e-02;5.573565e-02
1.749825e-01;1.374581e-01;1.731377e-01;4.070145e-02;3.417921e-02;5.368771e-02;1.139623e-01;3.136494e-02;5.769548e-02;6.503236e-02;7.169155e-02;4.610664e-02
1.728520e-01;1.240897e-01;2.110964e-01;3.688353e-02;2.733574e-02;5.007656e-02;1.064560e-01;2.716094e-02;7.101709e-02;6.211307e-02;6.587576e-02;4.504316e-02
1.573485e-01;8.387688e-02;2.276846e-01;6.121635e-02;4.494537e-02;5.487331e-02;1.054580e-01;2.945916e-02;8.369594e-02;6.324766e-02;4.947085e-02;3.872339e-02
1.331213e-01;7.676605e-02;2.427377e-01;6.514399e-02;5.131855e-02;6.338792e-02;1.026481e-01;3.651362e-02;8.693860e-02;5.985078e-02;3.656237e-02;4.501104e-02
1.142867e-01;5.689130e-02;2.700178e-01;6.316034e-02;4.958255e-02;6.302203e-02;1.152703e-01;2.804157e-02;8.589967e-02;6.250607e-02;3.434456e-02;5.697704e-02
1.479982e-01;6.462300e-02;2.324320e-01;6.873707e-02;3.762819e-02;3.669107e-02;1.850414e-01;1.512801e-02;6.514766e-02;7.152089e-02;2.887017e-02;4.618235e-02
1.707038e-01;8.667275e-02;2.004722e-01;5.030375e-02;3.149824e-02;2.195069e-02;2.265559e-01;1.262698e-02;4.711452e-02;8.122911e-02;3.593478e-02;3.493724e-02
1.596739e-01;7.929477e-02;1.980117e-01;3.231337e-02;3.040816e-02;3.082069e-02;2.147110e-01;2.649831e-02;5.673695e-02;8.198217e-02;4.040461e-02;4.914429e-02
1.668663e-01;8.698048e-02;2.116325e-01;4.897488e-02;2.827023e-02;3.523683e-02;1.802872e-01;3.063414e-02;4.934978e-02;6.824725e-02;5.952701e-02;3.399338e-02
1.539411e-01;1.283548e-01;1.447278e-01;7.965675e-02;3.504156e-02;4.692353e-02;1.426207e-01;5.273842e-02;6.301856e-02;4.249145e-02;6.939537e-02;4.108997e-02
1.246914e-01;1.174826e-01;9.326380e-02;9.123008e-02;6.196650e-02;6.533170e-02;1.473230e-01;5.736398e-02;7.399100e-02;6.187195e-02;6.082877e-02;4.465532e-02
1.017592e-01;1.004427e-01;1.817084e-01;8.465048e-02;6.474356e-02;6.518463e-02;1.254947e-01;4.468505e-02;6.519778e-02;7.805596e-02;4.092306e-02;4.715449e-02
7.051121e-02;7.126937e-02;2.900516e-01;7.906222e-02;5.867367e-02;6.085588e-02;1.096475e-01;3.142301e-02;4.393137e-02;9.885983e-02;3.335316e-02;5.236115e-02
4.246122e-02;3.129955e-02;3.350663e-01;9.301174e-02;3.525758e-02;4.490387e-02;9.318856e-02;8.597556e-02;3.473192e-02;7.736441e-02;7.790531e-02;4.883399e-02
5.910381e-02;4.931340e-02;2.892549e-01;8.733401e-02;3.748506e-02;5.150837e-02;8.920950e-02;8.184378e-02;5.895411e-02;6.127372e-02;8.804280e-02;4.667648e-02
7.740539e-02;9.276152e-02;1.548588e-01;9.794640e-02;8.626263e-02;6.559200e-02;1.118219e-01;7.098810e-02;2.323611e-02;1.022300e-01;7.207941e-02;4.481783e-02
9.731227e-02;9.284509e-02;1.297568e-01;8.367832e-02;1.071623e-01;5.336015e-02;1.104000e-01;5.457801e-02;7.562852e-02;8.727911e-02;5.495166e-02;5.304769e-02
9.746672e-02;7.889128e-02;1.639853e-01;6.245755e-02;8.837879e-02;6.375124e-02;1.477987e-01;5.311568e-02;8.059645e-02;6.351886e-02;4.920607e-02;5.083330e-02
6.817859e-02;7.242773e-02;1.970322e-01;5.382937e-02;7.494228e-02;6.563735e-02;1.771217e-01;8.009122e-02;7.806366e-02;3.952848e-02;3.514984e-02;5.799759e-02
7.197169e-02;8.613934e-02;1.983404e-01;6.713713e-02;6.840727e-02;5.593501e-02;1.286957e-01;7.541454e-02;7.767566e-02;5.386618e-02;5.981339e-02;5.660365e-02
1.002206e-01;1.053272e-01;1.884641e-01;6.755248e-02;6.675820e-02;6.432806e-02;1.301567e-01;5.618533e-02;5.187139e-02;5.709122e-02;6.974463e-02;4.230014e-02
1.130227e-01;6.331683e-02;1.464259e-01;6.788491e-02;5.520998e-02;6.325313e-02;1.412598e-01;1.020482e-01;8.446399e-02;6.285543e-02;5.869196e-02;4.156717e-02
9.290774e-02;6.859215e-02;1.499217e-01;6.226681e-02;5.231689e-02;7.091023e-02;1.442489e-01;1.041831e-01;8.915065e-02;7.148967e-02;4.926943e-02;4.474266e-02
7.138237e-02;8.186325e-02;1.693180e-01;5.891204e-02;5.290551e-02;8.558679e-02;1.137270e-01;1.309102e-01;7.826193e-02;6.753413e-02;3.769771e-02;5.190099e-02
6.563954e-02;1.045357e-01;1.839746e-01;4.080215e-02;4.339451e-02;9.541767e-02;9.917718e-02;1.364289e-01;1.141262e-01;2.918440e-02;2.563371e-02;6.168549e-02
1.445173e-01;5.585104e-02;1.429528e-01;2.254052e-02;4.178365e-02;5.314661e-02;1.722811e-01;3.959676e-02;8.485249e-02;9.979697e-02;6.466480e-02;7.801596e-02
1.744568e-01;6.640659e-02;1.318233e-01;1.840466e-02;4.498584e-02;3.120024e-02;1.626163e-01;5.432640e-02;1.032635e-01;8.614486e-02;4.958375e-02;7.678773e-02
1.889968e-01;9.415618e-02;1.523674e-01;3.451124e-02;3.169840e-02;2.689503e-02;1.557150e-01;4.854062e-02;8.132742e-02;8.177679e-02;4.430810e-02;5.970697e-02
1.524463e-01;8.102542e-02;2.686892e-01;6.088454e-02;3.961454e-02;3.038699e-02;1.300210e-01;4.039666e-02;3.672880e-02;7.120510e-02;4.699594e-02;4.160549e-02
1.141648e-01;6.771625e-02;3.579679e-01;6.881760e-02;5.166170e-02;2.796407e-02;9.894385e-02;1.605198e-02;3.043416e-02;8.349445e-02;4.527895e-02;3.750431e-02
6.073996e-02;5.450068e-02;3.277403e-01;7.345201e-02;6.757841e-02;2.756933e-02;8.187751e-02;7.330066e-02;1.972936e-02;8.381453e-02;9.420459e-02;3.549275e-02
8.607928e-02;5.055642e-02;2.011676e-01;8.303724e-02;9.009593e-02;3.516830e-02;4.906133e-02;8.107407e-02;7.573558e-02;6.000897e-02;9.883466e-02;8.918062e-02
1.449662e-01;5.268495e-02;1.406942e-01;5.291109e-02;1.011287e-01;5.662093e-02;6.664161e-02;4.336784e-02;1.119437e-01;2.980539e-02;8.400369e-02;1.152316e-01
1.833957e-01;5.718209e-02;1.242625e-01;3.582955e-02;1.078041e-01;7.013462e-02;9.441272e-02;2.166036e-02;9.196611e-02;2.955062e-02;7.672718e-02;1.070744e-01
1.374411e-01;4.587295e-02;1.693385e-01;3.529145e-02;1.278194e-01;8.008566e-02;8.123934e-02;2.381186e-02;7.219167e-02;3.105934e-02;6.208979e-02;1.337589e-01
1.550861e-01;5.852995e-02;1.819037e-01;4.107405e-02;1.205776e-01;8.000391e-02;5.898670e-02;2.748800e-02;6.914397e-02;2.485814e-02;5.432100e-02;1.280268e-01
2.218647e-01;9.240150e-02;1.074227e-01;4.076398e-02;8.686442e-02;6.139519e-02;1.669056e-01;2.665762e-02;4.813900e-02;4.493781e-02;4.679403e-02;5.585339e-02
3.117388e-01;9.740814e-02;2.939494e-02;4.627141e-02;6.926151e-02;8.392325e-02;1.903320e-01;3.044399e-02;2.300594e-02;5.688795e-02;2.566246e-02;3.566952e-02
3.655053e-01;6.027728e-02;4.789441e-02;3.354958e-02;5.980254e-02;8.981456e-02;1.508903e-01;2.297922e-02;3.226810e-02;4.992755e-02;3.828552e-02;4.880569e-02
3.568150e-01;8.103680e-02;3.541962e-02;1.892893e-02;5.633602e-02;7.468152e-02;1.307634e-01;1.831983e-02;5.993617e-02;6.157444e-02;4.194314e-02;6.424509e-02
3.003689e-01;8.538494e-02;6.439510e-02;2.503945e-02;7.114801e-02;5.691006e-02;1.089410e-01;1.742785e-02;8.315267e-02;4.744625e-02;5.553787e-02;8.424793e-02
2.285473e-01;8.005285e-02;1.104957e-01;3.511074e-02;7.763471e-02;4.368387e-02;8.908007e-02;2.958715e-02;8.582406e-02;4.649534e-02;7.985432e-02;9.363393e-02
1.366476e-01;7.338894e-02;2.029304e-01;5.487508e-02;6.995711e-02;3.505471e-02;5.364598e-02;4.994062e-02;6.978145e-02;6.547564e-02;1.008023e-01;8.750021e-02
7.668925e-02;6.831235e-02;2.845992e-01;6.897838e-02;5.858691e-02;3.696879e-02;7.412292e-02;5.211515e-02;4.583988e-02;7.296193e-02;8.761425e-02;7.321105e-02
4.629039e-02;9.196266e-02;3.174008e-01;8.181705e-02;5.347047e-02;5.631223e-02;1.107747e-01;4.347802e-02;2.273255e-02;5.788475e-02;5.259275e-02;6.528372e-02
5.346922e-02;5.814138e-02;3.159872e-01;6.012673e-02;5.504359e-02;6.682089e-02;1.203712e-01;5.007980e-02;4.463409e-02;5.993783e-02;7.976493e-02;3.562312e-02
9.391876e-02;7.945884e-02;2.481152e-01;5.411271e-02;6.443552e-02;5.405843e-02;9.085274e-02;6.474262e-02;2.999013e-02;8.456378e-02;7.217345e-02;6.357786e-02
8.414982e-02;7.066935e-02;1.457420e-01;6.809719e-02;6.636635e-02;4.979504e-02;1.079804e-01;6.283852e-02;7.683693e-02;1.145185e-01;5.124923e-02;1.017567e-01
9.245316e-02;7.437216e-02;1.785432e-01;3.680088e-02;4.706292e-02;4.820920e-02;1.770320e-01;7.157592e-02;9.927835e-02;7.239334e-02;3.385539e-02;6.842351e-02
1.032311e-01;8.499849e-02;1.665769e-01;2.153290e-02;5.034676e-02;5.996109e-02;2.157234e-01;5.813191e-02;1.025016e-01;7.239573e-02;3.048457e-02;3.411561e-02
9.184217e-02;8.536711e-02;1.311603e-01;3.344460e-02;6.285350e-02;5.808789e-02;1.800268e-01;7.566984e-02;1.187892e-01;6.974895e-02;5.225423e-02;4.075544e-02
5.310183e-02;7.212891e-02;1.464257e-01;5.668067e-02;8.558323e-02;5.135512e-02;1.152220e-01;1.110350e-01;1.517265e-01;5.013158e-02;5.156979e-02;5.503972e-02
5.530499e-02;5.679614e-02;2.114333e-01;6.023073e-02;7.910264e-02;4.401615e-02;9.749302e-02;1.221216e-01;1.687545e-01;2.538900e-02;2.757277e-02;5.178512e-02
6.276046e-02;7.448010e-02;2.754558e-01;4.508176e-02;3.768959e-02;5.177221e-02;9.162247e-02;8.684415e-02;1.574877e-01;5.036006e-02;3.542148e-02;3.102432e-02
4.572203e-02;1.103880e-01;3.310314e-01;4.532835e-02;3.125743e-02;7.319982e-02;6.521374e-02;3.968329e-02;1.550606e-01;4.719069e-02;2.308194e-02;3.284275e-02
7.756350e-02;1.138495e-01;2.692966e-01;3.513220e-02;4.135612e-02;6.663053e-02;4.775122e-02;5.170335e-02;1.714805e-01;4.885156e-02;5.146926e-02;2.491557e-02
1.245689e-01;1.027410e-01;2.188133e-01;1.833733e-02;3.667181e-02;3.850445e-02;4.475462e-02;6.111599e-02;1.753144e-01;3.813985e-02;9.782341e-02;4.321495e-02
1.741407e-01;1.179869e-01;1.664787e-01;1.409725e-02;3.872794e-02;1.861545e-02;2.679735e-02;6.699361e-02;1.262777e-01;2.140653e-02;1.609692e-01;6.750850e-02
1.978175e-01;1.586344e-01;1.738721e-01;2.403941e-02;3.274745e-02;2.652378e-02;4.178478e-02;6.413370e-02;3.779114e-02;3.197559e-02;1.630629e-01;4.761725e-02
1.473352e-01;2.084667e-01;2.448095e-01;4.491421e-02;2.120419e-02;2.912952e-02;2.651508e-02;3.981923e-02;7.403146e-02;3.243450e-02;9.185536e-02;3.948508e-02
9.023672e-02;1.994402e-01;3.359501e-01;4.989315e-02;2.827798e-02;3.483681e-02;2.420752e-02;3.080740e-02;6.254546e-02;5.274221e-02;3.647375e-02;5.458866e-02
4.977786e-02;1.525265e-01;4.117191e-01;3.748375e-02;4.811801e-02;4.122217e-02;5.403082e-02;2.620611e-02;2.392547e-02;8.141139e-02;2.952631e-02;4.405246e-02
7.261687e-02;1.361303e-01;3.342261e-01;4.312700e-02;4.858585e-02;4.110423e-02;6.710083e-02;2.592906e-02;5.747437e-02;7.406010e-02;4.628220e-02;5.336307e-02
1.159442e-01;1.540018e-01;2.488414e-01;5.777738e-02;4.043324e-02;4.054289e-02;8.184816e-02;2.571680e-02;7.221309e-02;5.361497e-02;4.882118e-02;6.024483e-02
1.491489e-01;1.481038e-01;2.065815e-01;6.225558e-02;3.351198e-02;4.471758e-02;9.223542e-02;3.876233e-02;7.016803e-02;3.583067e-02;5.773585e-02;6.094838e-02
1.363425e-01;9.055669e-02;2.223190e-01;5.091069e-02;4.046019e-02;6.114144e-02;1.321563e-01;5.473494e-02;7.153172e-02;2.646021e-02;5.839007e-02;5.499627e-02
6.816152e-02;7.176753e-02;2.323755e-01;4.846625e-02;6.066664e-02;6.484012e-02;9.619308e-02;9.534737e-02;1.182286e-01;6.243227e-02;3.735736e-02;4.416386e-02
8.399267e-02;1.211968e-01;1.874875e-01;6.048224e-02;6.438383e-02;6.366571e-02;5.222126e-02;9.252481e-02;1.026566e-01;7.252778e-02;4.335137e-02;5.550946e-02
9.646582e-02;1.450187e-01;1.091260e-01;7.739402e-02;5.818107e-02;4.106410e-02;4.969612e-02;6.648441e-02;8.831280e-02;7.570265e-02;6.956451e-02;1.229898e-01
7.464489e-02;9.117019e-02;1.307874e-01;8.609161e-02;5.045186e-02;3.011548e-02;5.467563e-02;9.693122e-02;8.007726e-02;8.412180e-02;9.399508e-02;1.269375e-01
9.634360e-02;7.516225e-02;1.108531e-01;6.704821e-02;5.957272e-02;3.932631e-02;4.816331e-02;1.149202e-01;7.891019e-02;1.037022e-01;6.314577e-02;1.428522e-01
1.058980e-01;9.562126e-02;1.324245e-01;5.665167e-02;4.984598e-02;2.722094e-02;6.520282e-02;9.791710e-02;4.586672e-02;1.157417e-01;4.454266e-02;1.630666e-01
1.213576e-01;1.056555e-01;1.346112e-01;6.287106e-02;3.962757e-02;2.204176e-02;5.956079e-02;9.186243e-02;5.853110e-02;8.721917e-02;6.721797e-02;1.494438e-01
1.211662e-01;9.658396e-02;1.320456e-01;6.969572e-02;2.822327e-02;3.950902e-02;9.760527e-02;8.287532e-02;4.523348e-02;9.081282e-02;8.371782e-02;1.125315e-01
2.043979e-01;1.067463e-01;1.253985e-01;2.994408e-02;4.272994e-02;5.026751e-02;1.488819e-01;4.522832e-02;6.004444e-02;7.357927e-02;5.200757e-02;6.077426e-02
2.293297e-01;1.251215e-01;1.281093e-01;2.757828e-02;4.215754e-02;5.328463e-02;1.484164e-01;2.622137e-02;5.995624e-02;5.236598e-02;5.448084e-02;5.297823e-02
1.875360e-01;1.379188e-01;1.541860e-01;3.693422e-02;4.657299e-02;5.515314e-02;1.364770e-01;3.485228e-02;4.774976e-02;4.641291e-02;6.022121e-02;5.598572e-02
1.050459e-01;1.148280e-01;2.285913e-01;5.771905e-02;7.847576e-02;6.357291e-02;1.343573e-01;3.921404e-02;3.058031e-02;5.135361e-02;4.875641e-02;4.750548e-02
1.160152e-01;9.147532e-02;2.402391e-01;6.138548e-02;9.871050e-02;6.265471e-02;1.317441e-01;2.947656e-02;3.527733e-02;5.407019e-02;2.911595e-02;4.983547e-02
1.380280e-01;7.238337e-02;1.726889e-01;4.034939e-02;1.034336e-01;9.958746e-02;1.561919e-01;4.951349e-02;5.020398e-02;3.063397e-02;4.842658e-02;3.855932e-02
1.589110e-01;7.750466e-02;7.491532e-02;4.352505e-02;8.683216e-02;1.200134e-01;2.458918e-01;2.718704e-02;3.127716e-02;5.100921e-02;4.776750e-02;3.516576e-02
1.278394e-01;7.650124e-02;8.219770e-02;6.224960e-02;6.500947e-02;7.709038e-02;2.107919e-01;5.690372e-02;8.042049e-02;6.279733e-02;4.578738e-02;5.241143e-02
9.633779e-02;7.459792e-02;1.078570e-01;6.477645e-02;6.887699e-02;5.228509e-02;1.122731e-01;6.610582e-02;8.171682e-02;1.519933e-01;4.673074e-02;7.644901e-02
6.892701e-02;7.343878e-02;8.987860e-02;4.831591e-02;8.748133e-02;5.000289e-02;6.303373e-02;4.244837e-02;6.659419e-02;2.631510e-01;6.615707e-02;8.057102e-02
1.025643e-01;7.968288e-02;6.148536e-02;3.889083e-02;8.471183e-02;3.219235e-02;7.600533e-02;3.751946e-02;7.104219e-02;2.996280e-01;6.321082e-02;5.306654e-02
1.084996e-01;6.906685e-02;7.284223e-02;4.001773e-02;7.240120e-02;2.422857e-02;5.062188e-02;3.143880e-02;1.190880e-01;2.449699e-01;9.563921e-02;7.118610e-02
1.186288e-01;5.491975e-02;9.719490e-02;3.415842e-02;6.603200e-02;2.295954e-02;5.548605e-02;4.307585e-02;1.020518e-01;2.231648e-01;9.609193e-02;8.623620e-02
1.163844e-01;5.383389e-02;8.904870e-02;4.623099e-02;6.854842e-02;3.136466e-02;5.708392e-02;4.910600e-02;7.303852e-02;1.953806e-01;1.204274e-01;9.955245e-02
9.390205e-02;9.521910e-02;6.749664e-02;7.049417e-02;5.682603e-02;2.919720e-02;8.805771e-02;4.508190e-02;9.489534e-02;1.231710e-01;1.526799e-01;8.297896e-02
1.145448e-01;7.533278e-02;7.755625e-02;7.026783e-02;4.268260e-02;3.841968e-02;1.064332e-01;5.172948e-02;9.968727e-02;1.216832e-01;1.229987e-01;7.866433e-02
1.037433e-01;7.977827e-02;8.314854e-02;5.248120e-02;5.628427e-02;3.963756e-02;1.253373e-01;6.883559e-02;7.529387e-02;1.225405e-01;8.046808e-02;1.124516e-01
1.062156e-01;6.086098e-02;1.221477e-01;6.556423e-02;6.018541e-02;3.374395e-02;1.279944e-01;5.984686e-02;8.449557e-02;1.150177e-01;1.026805e-01;6.124710e-02
