1.208687e-01;1.263360e-01;1.294968e-01;5.250080e-02;1.060093e-01;1.309256e-01;8.948689e-02;4.615620e-02;6.120563e-02;3.567850e-02;5.630209e-02;4.503352e-02
7.306080e-02;1.576327e-01;1.270849e-01;5.354827e-02;8.944198e-02;9.746923e-02;1.471109e-01;5.079329e-02;5.015434e-02;3.711608e-02;7.218367e-02;4.440389e-02
8.199405e-02;9.041898e-02;7.969560e-02;4.093437e-02;3.518215e-02;6.444155e-02;1.184764e-01;7.529288e-02;1.220897e-01;9.017448e-02;1.062221e-01;9.507775e-02
8.994733e-02;6.398645e-02;7.723662e-02;3.305998e-02;4.793936e-02;7.375012e-02;1.258617e-01;1.086003e-01;7.735145e-02;1.085996e-01;1.142543e-01;7.941280e-02
7.447986e-02;3.826274e-02;6.804188e-02;4.810692e-02;4.780339e-02;9.109643e-02;1.711122e-01;1.381903e-01;5.998282e-02;1.182096e-01;9.762418e-02;4.708963e-02
5.785105e-02;2.774758e-02;8.583569e-02;5.748623e-02;3.745235e-02;9.314578e-02;1.833929e-01;1.173835e-01;1.159514e-01;1.246351e-01;6.912777e-02;2.999070e-02
7.007097e-02;5.168033e-02;1.130822e-01;6.018471e-02;6.495796e-02;9.518737e-02;1.587113e-01;8.372279e-02;1.171867e-01;1.170726e-01;4.989334e-02;1.824974e-02
1.126962e-01;7.383877e-02;1.402650e-01;6.116910e-02;8.111617e-02;9.969711e-02;9.286141e-02;8.626144e-02;7.922041e-02;1.009858e-01;4.952205e-02;2.236649e-02
1.195286e-01;6.173664e-02;7.910115e-02;6.196856e-02;7.426747e-02;7.044305e-02;1.079139e-01;1.297785e-01;7.672185e-02;1.090678e-01;8.608281e-02;2.338977e-02
7.956339e-02;6.297950e-02;4.324619e-02;7.608574e-02;8.030929e-02;5.669937e-02;1.531549e-01;9.163907e-02;7.392504e-02;1.672428e-01;8.938964e-02;2.576507e-02
5.008017e-02;5.525150e-02;9.851561e-02;7.017711e-02;6.316886e-02;6.498927e-02;2.176144e-01;6.099526e-02;6.562054e-02;1.498372e-01;6.411592e-02;3.963421e-02
6.316226e-02;6.003825e-02;1.155610e-01;4.947980e-02;5.751064e-02;5.807760e-02;2.970611e-01;5.707249e-02;6.314677e-02;1.086831e-01;2.940495e-02;4.080212e-02
6.009481e-02;4.335184e-02;7.227763e-02;2.248315e-02;5.560974e-02;4.478742e-02;3.189754e-01;8.229810e-02;8.534937e-02;1.096336e-01;6.510399e-02;4.003494e-02
4.941540e-02;6.063274e-02;8.142068e-02;3.383986e-02;4.227899e-02;7.752221e-02;3.186585e-01;1.289535e-01;8.082554e-02;4.966816e-02;5.454560e-02;2.223890e-02
6.972311e-02;6.782682e-02;1.063409e-01;5.766366e-02;3.023894e-02;7.736170e-02;2.435952e-01;1.119111e-01;7.402480e-02;8.743351e-02;5.062104e-02;2.325925e-02
9.401619e-02;7.263556e-02;1.134601e-01;7.559214e-02;3.237862e-02;7.206682e-02;1.629239e-01;8.010469e-02;8.111113e-02;1.150585e-01;7.979913e-02;2.085320e-02
9.272171e-02;9.363045e-02;8.935753e-02;7.940933e-02;5.279595e-02;8.804173e-02;1.249790e-01;1.021163e-01;6.397725e-02;9.991911e-02;8.341058e-02;2.964103e-02
6.434266e-02;7.485479e-02;7.476196e-02;9.331129e-02;7.283679e-02;1.126035e-01;1.090500e-01;7.631934e-02;6.946860e-02;1.079884e-01;6.015141e-02;8.431131e-02
6.771928e-02;8.673830e-02;9.831284e-02;6.206795e-02;9.112372e-02;7.513634e-02;1.128389e-01;5.941948e-02;8.987955e-02;1.029031e-01;5.687176e-02;9.698874e-02
8.250428e-02;9.712256e-02;1.798499e-01;4.990464e-02;5.936037e-02;3.976820e-02;1.693323e-01;5.866461e-02;8.204935e-02;5.671157e-02;6.073493e-02;6.399731e-02
5.149610e-02;9.249037e-02;2.741639e-01;4.210848e-02;3.699638e-02;2.297319e-02;1.424370e-01;5.373378e-02;8.135072e-02;6.658364e-02;6.780067e-02;6.786582e-02
1.180824e-01;1.280334e-01;2.744777e-01;3.998154e-02;2.771768e-02;1.805445e-02;6.991744e-02;4.811959e-02;7.626565e-02;6.779694e-02;6.134694e-02;7.020620e-02
2.427080e-01;1.933966e-01;1.774189e-01;2.429013e-02;2.435620e-02;1.225038e-02;4.676950e-02;4.922729e-02;5.936098e-02;4.329627e-02;6.020338e-02;6.672235e-02
3.571088e-01;2.274117e-01;9.144928e-02;1.084183e-02;2.662635e-02;1.084026e-02;4.491732e-02;4.424712e-02;4.183429e-02;2.277149e-02;6.571500e-02;5.623653e-02
4.402544e-01;2.266835e-01;4.957402e-02;8.672632e-03;2.976280e-02;1.320890e-02;4.211881e-02;3.828357e-02;4.576398e-02;7.837654e-03;6.065934e-02;3.718025e-02
4.335717e-01;2.390250e-01;5.310046e-02;1.075611e-02;2.752238e-02;1.367337e-02;4.845263e-02;3.441783e-02;4.037393e-02;2.019073e-02;5.359234e-02;2.532358e-02
3.729754e-01;2.863307e-01;7.230900e-02;9.868374e-03;1.859372e-02;1.482590e-02;4.812745e-02;3.044526e-02;3.605845e-02;2.561605e-02;4.456132e-02;4.028833e-02
2.918219e-01;3.332771e-01;8.491853e-02;3.043590e-02;1.846637e-02;2.350790e-02;3.386004e-02;3.156358e-02;5.132186e-02;2.443596e-02;2.452567e-02;5.186514e-02
1.961026e-01;3.349326e-01;1.448729e-01;5.116254e-02;2.821067e-02;4.139142e-02;3.030461e-02;2.646186e-02;6.781572e-02;2.502722e-02;7.109706e-03;4.660804e-02
1.599498e-01;2.992608e-01;1.632384e-01;5.709140e-02;4.839644e-02;6.604913e-02;4.041063e-02;1.904519e-02;6.738342e-02;2.980360e-02;2.139032e-02;2.798086e-02
1.924971e-01;2.509404e-01;1.348021e-01;5.991738e-02;4.176457e-02;8.178873e-02;6.017739e-02;3.430132e-02;6.030614e-02;3.418857e-02;2.629097e-02;2.302529e-02
1.985710e-01;2.003931e-01;1.475259e-01;4.835676e-02;2.981755e-02;6.558539e-02;9.943239e-02;6.023578e-02;5.616857e-02;3.319278e-02;3.292270e-02;2.779807e-02
1.657036e-01;1.879099e-01;1.722430e-01;4.830712e-02;2.920775e-02;5.799010e-02;9.937732e-02;7.251843e-02;6.150152e-02;3.193193e-02;3.921609e-02;3.409329e-02
1.185906e-01;2.259066e-01;1.195619e-01;6.543600e-02;4.330981e-02;5.023078e-02;6.266921e-02;6.929240e-02;7.044595e-02;6.898518e-02;5.106711e-02;5.450447e-02
2.139869e-01;1.957120e-01;8.166300e-02;5.478446e-02;5.189955e-02;2.592224e-02;6.768231e-02;4.423152e-02;6.292581e-02;8.490777e-02;5.318631e-02;6.309817e-02
2.347567e-01;2.146369e-01;8.245493e-02;3.679958e-02;3.687227e-02;3.907856e-02;6.382056e-02;3.734539e-02;5.097148e-02;8.786781e-02;4.714841e-02;6.824747e-02
2.171942e-01;2.376619e-01;1.007571e-01;2.802108e-02;3.412800e-02;4.253955e-02;6.873232e-02;3.337558e-02;4.957993e-02;7.924491e-02;3.315978e-02;7.560567e-02
1.719245e-01;2.158668e-01;9.608803e-02;3.383142e-02;4.215943e-02;3.577783e-02;6.484661e-02;5.192610e-02;6.539440e-02;7.124198e-02;4.590290e-02;1.050400e-01
1.461888e-01;1.856803e-01;7.454707e-02;4.269696e-02;4.803814e-02;3.886711e-02;7.708687e-02;6.003708e-02;7.634303e-02;4.934249e-02;6.559776e-02;1.355744e-01
1.119207e-01;1.426340e-01;1.051048e-01;5.892577e-02;5.189088e-02;4.026901e-02;8.350960e-02;6.980690e-02;7.931872e-02;6.342832e-02;9.569443e-02;9.749684e-02
8.694991e-02;1.241167e-01;1.164077e-01;8.032115e-02;5.976738e-02;2.758137e-02;9.980273e-02;6.435771e-02;5.029453e-02;7.851043e-02;1.091140e-01;1.027764e-01
6.959192e-02;1.462102e-01;1.266482e-01;1.005017e-01;7.825679e-02;2.970085e-02;7.972760e-02;4.586971e-02;4.275798e-02;9.035555e-02;7.353556e-02;1.168439e-01
1.287466e-01;1.573485e-01;1.067062e-01;7.865816e-02;6.216183e-02;4.101648e-02;6.198922e-02;5.564211e-02;5.916492e-02;9.540194e-02;4.812920e-02;1.050348e-01
1.642037e-01;1.112289e-01;7.479452e-02;4.296030e-02;4.028062e-02;5.194255e-02;3.338629e-02;6.625959e-02;6.217910e-02;6.765102e-02;5.874344e-02;2.263700e-01
1.376084e-01;7.433391e-02;9.498306e-02;5.522973e-02;5.147617e-02;5.253657e-02;5.684589e-02;5.813381e-02;6.100243e-02;7.819378e-02;4.153252e-02;2.381238e-01
1.229796e-01;9.150810e-02;1.084574e-01;7.663792e-02;7.960262e-02;3.800916e-02;6.044506e-02;4.099079e-02;4.908704e-02;1.040135e-01;4.286410e-02;1.854047e-01
1.252196e-01;1.017570e-01;9.860155e-02;6.796053e-02;9.121361e-02;4.683355e-02;6.586710e-02;7.280212e-02;5.069484e-02;1.024205e-01;7.187825e-02;1.047513e-01
1.182490e-01;1.078768e-01;8.182810e-02;6.607269e-02;7.825025e-02;9.449080e-02;7.531213e-02;1.056940e-01;6.172157e-02;6.540558e-02;7.114089e-02;7.395814e-02
9.814907e-02;7.665726e-02;9.857894e-02;8.857998e-02;4.117168e-02;1.057931e-01;6.803815e-02;8.635617e-02;8.595650e-02;6.810761e-02;6.357660e-02;1.190349e-01
9.410602e-02;3.633828e-02;1.086143e-01;8.744288e-02;6.070765e-02;6.565520e-02;4.403224e-02;5.635409e-02;9.008203e-02;6.138666e-02;1.172423e-01;1.780383e-01
7.167189e-02;6.687388e-02;7.820819e-02;7.797497e-02;7.010579e-02;5.584431e-02;7.873763e-02;4.994220e-02;1.048013e-01;8.099221e-02;1.131471e-01;1.517006e-01
5.777919e-02;7.230936e-02;1.517057e-01;8.654155e-02;6.059528e-02;4.249374e-02;8.234581e-02;6.177818e-02;7.120181e-02;1.150449e-01;1.426320e-01;5.557252e-02
9.633594e-02;5.802171e-02;1.741446e-01;9.264435e-02;6.509908e-02;3.502673e-02;7.972255e-02;5.819404e-02;5.408979e-02;1.105003e-01;1.431248e-01;3.309608e-02
1.236852e-01;6.233295e-02;2.100632e-01;8.218531e-02;6.560854e-02;3.904385e-02;7.426760e-02;4.916467e-02;4.181901e-02;8.318964e-02;1.284886e-01;4.015137e-02
1.198171e-01;6.728991e-02;2.520987e-01;4.527103e-02;6.334491e-02;3.990277e-02;9.125908e-02;3.051203e-02;5.954522e-02;4.252848e-02;1.315338e-01;5.689707e-02
8.477421e-02;4.143025e-02;2.371750e-01;8.296170e-02;7.050002e-02;4.388588e-02;7.145317e-02;3.775575e-02;5.398805e-02;5.286251e-02;1.440869e-01;7.912651e-02
8.315746e-02;4.297742e-02;2.513723e-01;1.054618e-01;7.753534e-02;3.651553e-02;5.044617e-02;4.164862e-02;3.990615e-02;4.923569e-02;1.499080e-01;7.183552e-02
1.142944e-01;4.878185e-02;2.575293e-01;5.474293e-02;7.570398e-02;2.878354e-02;8.957496e-02;3.676786e-02;3.573641e-02;5.004590e-02;1.505130e-01;5.752584e-02
1.176390e-01;7.255064e-02;2.299973e-01;5.223275e-02;6.745800e-02;2.861293e-02;1.267057e-01;3.748804e-02;4.407297e-02;5.583835e-02;1.271625e-01;4.024187e-02
6.926356e-02;8.524104e-02;2.621496e-01;7.792529e-02;6.626941e-02;2.392104e-02;1.489856e-01;2.612591e-02;4.492822e-02;7.412542e-02;1.020333e-01;1.903162e-02
4.159199e-02;7.979815e-02;2.719084e-01;1.150553e-01;5.829683e-02;3.541972e-02;1.563538e-01;3.580381e-02;3.927973e-02;1.008249e-01;4.963893e-02;1.602847e-02
1.011776e-01;8.029991e-02;1.654176e-01;1.233382e-01;6.071338e-02;3.077374e-02;1.617722e-01;5.367110e-02;3.324958e-02;1.035141e-01;3.842274e-02;4.764984e-02
1.380349e-01;7.270554e-02;1.383835e-01;8.391695e-02;5.601971e-02;3.681530e-02;1.676716e-01;6.394993e-02;4.211957e-02;7.044624e-02;5.834999e-02;7.158685e-02
8.435582e-02;1.121464e-01;2.327395e-01;5.591507e-02;7.033672e-02;6.575334e-02;1.743427e-01;3.191480e-02;3.986853e-02;4.850614e-02;4.301690e-02;4.110401e-02
9.484446e-02;9.729151e-02;2.327637e-01;5.556885e-02;6.846708e-02;6.915850e-02;2.172379e-01;2.487718e-02;3.052994e-02;4.135256e-02;2.796979e-02;3.993855e-02
8.635683e-02;9.128718e-02;1.862388e-01;4.271097e-02;6.239257e-02;7.450651e-02;2.989833e-01;2.770609e-02;2.724716e-02;3.393169e-02;3.020905e-02;3.842975e-02
7.906707e-02;9.556174e-02;1.410591e-01;3.985163e-02;5.821810e-02;7.771371e-02;3.172512e-01;2.933122e-02;3.084415e-02;3.802225e-02;4.709084e-02;4.598897e-02
1.531229e-01;9.882317e-02;1.126730e-01;3.954415e-02;6.041126e-02;7.564957e-02;2.482248e-01;3.202472e-02;3.711430e-02;3.666215e-02;5.777514e-02;4.797485e-02
2.210330e-01;8.833736e-02;6.767172e-02;4.616616e-02;6.201479e-02;7.162523e-02;1.884782e-01;4.488217e-02;4.063683e-02;3.513565e-02;5.286523e-02;8.115360e-02
1.753582e-01;6.501400e-02;7.729466e-02;4.688850e-02;5.512364e-02;9.110104e-02;1.810897e-01;4.144234e-02;3.518770e-02;5.201275e-02;4.799714e-02;1.314903e-01
1.369555e-01;8.690807e-02;9.715082e-02;4.533383e-02;5.896097e-02;8.079917e-02;1.399420e-01;2.816842e-02;4.268567e-02;6.960837e-02;5.189662e-02;1.615906e-01
1.615839e-01;9.266862e-02;8.753946e-02;5.205324e-02;4.001077e-02;5.857001e-02;1.238656e-01;2.666954e-02;3.693987e-02;6.807274e-02;4.499812e-02;2.070281e-01
1.873893e-01;9.109486e-02;9.019002e-02;4.508212e-02;3.788461e-02;4.671746e-02;1.341061e-01;4.093803e-02;5.268325e-02;4.265977e-02;2.734655e-02;2.039080e-01
1.450199e-01;8.909139e-02;1.390485e-01;4.141505e-02;5.929033e-02;3.794539e-02;1.850050e-01;3.532723e-02;7.699117e-02;3.627779e-02;4.055571e-02;1.140327e-01
9.784704e-02;8.192703e-02;1.285501e-01;4.662771e-02;7.090189e-02;5.666928e-02;2.698348e-01;3.235332e-02;6.062845e-02;6.587117e-02;3.756345e-02;5.122574e-02
8.453202e-02;6.865129e-02;8.858504e-02;6.394786e-02;7.148998e-02;5.102171e-02;2.594771e-01;4.298386e-02;5.063583e-02;8.643655e-02;5.629766e-02;7.594109e-02
6.245447e-02;6.601249e-02;1.156277e-01;6.569089e-02;8.341138e-02;5.313797e-02;2.101936e-01;3.974122e-02;7.628482e-02;7.658005e-02;6.524134e-02;8.562401e-02
1.045966e-01;8.086777e-02;1.218200e-01;7.423379e-02;1.032384e-01;7.158649e-02;1.350186e-01;5.400261e-02;6.566416e-02;6.496707e-02;5.489992e-02;6.910460e-02
8.463376e-02;6.912235e-02;1.890758e-01;9.039167e-02;7.200829e-02;6.127919e-02;1.274368e-01;5.928274e-02;5.126323e-02;4.471689e-02;8.122858e-02;6.956068e-02
6.503560e-02;4.872387e-02;1.864386e-01;8.517982e-02;6.380387e-02;4.944579e-02;1.021401e-01;9.214964e-02;7.202967e-02;6.398014e-02;1.145272e-01;5.654580e-02
3.785201e-02;3.928401e-02;1.593577e-01;6.970183e-02;6.850973e-02;3.912883e-02;1.002063e-01;1.198386e-01;1.194210e-01;7.580198e-02;1.030156e-01;6.788233e-02
5.649545e-02;3.036254e-02;1.083772e-01;4.995581e-02;7.349984e-02;4.608444e-02;9.577432e-02;1.333066e-01;1.525494e-01;1.113627e-01;8.266284e-02;5.956889e-02
7.160870e-02;2.661424e-02;5.363932e-02;4.237871e-02;5.161085e-02;5.140446e-02;1.299278e-01;1.394814e-01;1.327509e-01;1.852955e-01;6.529374e-02;4.999443e-02
6.065358e-02;3.262925e-02;3.692728e-02;5.679690e-02;3.490206e-02;4.361081e-02;1.842882e-01;1.345772e-01;1.102113e-01;1.870771e-01;6.129524e-02;5.703096e-02
5.321971e-02;3.682728e-02;5.305094e-02;5.942176e-02;4.085673e-02;5.779655e-02;1.964646e-01;1.278566e-01;1.125845e-01;1.367185e-01;6.298283e-02;6.222008e-02
5.661640e-02;4.357557e-02;6.568436e-02;4.879832e-02;5.713079e-02;9.911397e-02;1.903908e-01;1.068135e-01;9.316292e-02;1.031297e-01;7.406509e-02;6.151850e-02
5.689042e-02;5.904423e-02;7.696365e-02;4.000111e-02;4.911826e-02;1.075222e-01;1.972893e-01;8.076590e-02;7.349576e-02;1.172104e-01;8.770958e-02;5.398914e-02
6.642504e-02;5.546475e-02;1.117205e-01;4.532384e-02;5.068948e-02;6.818163e-02;1.545788e-01;1.153478e-01;9.766234e-02;1.387432e-01;5.145931e-02;4.440332e-02
4.689968e-02;4.229993e-02;1.122085e-01;5.404814e-02;5.289533e-02;4.137056e-02;2.081403e-01;1.358624e-01;7.299662e-02;1.274477e-01;4.827799e-02;5.755286e-02
3.629108e-02;4.413597e-02;8.758193e-02;4.785265e-02;5.280434e-02;4.693745e-02;2.790942e-01;1.017462e-01;8.599952e-02;1.270609e-01;4.175971e-02;4.873592e-02
4.338860e-02;4.856271e-02;7.346119e-02;2.726282e-02;3.724188e-02;3.218095e-02;2.935671e-01;1.020596e-01;7.206852e-02;1.889125e-01;4.780953e-02;3.348455e-02
6.140121e-02;4.842506e-02;6.466392e-02;4.225966e-02;2.801467e-02;4.646904e-02;2.861465e-01;1.399368e-01;4.761251e-02;1.738137e-01;3.630459e-02;2.495236e-02
7.405378e-02;4.101631e-02;4.919245e-02;7.293681e-02;4.241662e-02;4.873060e-02;2.547591e-01;9.021778e-02;1.070271e-01;1.394237e-01;6.011631e-02;2.010938e-02
1.080864e-01;4.429989e-02;1.173870e-01;1.008384e-01;8.860615e-02;6.196744e-02;1.313430e-01;1.046571e-01;6.880357e-02;5.812334e-02;6.305001e-02;5.283768e-02
8.709978e-02;4.295075e-02;1.325160e-01;8.569750e-02;9.245525e-02;8.138871e-02;1.725069e-01;1.015956e-01;6.586605e-02;4.883473e-02;4.346993e-02;4.561879e-02
7.178118e-02;4.832495e-02;1.597560e-01;7.710882e-02;8.868622e-02;8.652586e-02;1.926726e-01;1.059356e-01;4.973777e-02;4.675456e-02;4.056954e-02;3.214695e-02
7.627179e-02;4.677612e-02;1.404909e-01;5.782851e-02;8.695134e-02;7.727428e-02;1.613340e-01;1.678182e-01;7.111014e-02;3.713373e-02;4.429125e-02;3.271975e-02
9.442206e-02;3.865527e-02;8.029533e-02;5.426986e-02;7.358924e-02;5.619872e-02;1.392809e-01;2.047224e-01;1.160466e-01;5.776973e-02;3.831722e-02;4.643263e-02
8.170139e-02;3.820036e-02;6.070215e-02;6.483733e-02;4.177559e-02;4.435373e-02;1.649058e-01;1.476686e-01;1.140486e-01;9.590888e-02;8.521160e-02;6.068601e-02
7.026473e-02;4.937680e-02;9.116949e-02;6.078243e-02;3.762852e-02;5.188606e-02;1.619051e-01;9.835333e-02;7.875981e-02;8.288827e-02;1.386776e-01;7.830776e-02
8.012289e-02;6.481596e-02;1.299817e-01;5.516910e-02;4.090415e-02;5.984636e-02;1.061075e-01;8.619931e-02;4.921504e-02;8.192933e-02;1.671613e-01;7.854741e-02
7.152794e-02;7.308388e-02;1.104238e-01;6.146982e-02;5.530763e-02;6.754804e-02;9.817773e-02;9.272778e-02;4.748395e-02;9.299948e-02;1.598919e-01;6.935803e-02
9.192306e-02;7.180008e-02;6.502884e-02;6.695123e-02;5.420418e-02;5.467403e-02;1.464905e-01;1.030304e-01;5.405396e-02;8.251978e-02;1.255357e-01;8.378825e-02
1.398231e-01;7.768907e-02;9.855589e-02;5.525497e-02;5.144861e-02;3.285303e-02;1.518792e-01;6.442287e-02;5.226795e-02;1.154414e-01;9.473120e-02;6.563268e-02
1.423531e-01;8.119310e-02;1.125825e-01;7.439271e-02;4.743658e-02;2.470276e-02;1.561012e-01;3.757573e-02;3.090145e-02;1.059146e-01;1.021366e-01;8.470984e-02
1.072292e-01;5.756096e-02;1.281931e-01;8.824868e-02;4.754858e-02;3.411175e-02;1.664294e-01;4.704029e-02;4.189853e-02;7.010673e-02;1.325733e-01;7.905947e-02
5.786872e-02;2.630849e-02;2.070332e-01;7.794379e-02;4.835730e-02;5.215861e-02;1.546723e-01;6.066781e-02;7.480579e-02;5.008981e-02;1.371469e-01;5.294735e-02
3.801892e-02;5.795282e-02;2.319720e-01;5.942858e-02;4.346419e-02;6.882494e-02;1.033381e-01;4.088045e-02;8.949656e-02;5.832800e-02;1.554572e-01;5.283824e-02
8.693827e-02;8.937924e-02;1.748468e-01;5.323775e-02;5.946615e-02;6.596725e-02;7.005560e-02;4.209533e-02;8.641708e-02;6.544880e-02;1.552492e-01;5.089863e-02
1.155971e-01;8.004367e-02;1.792180e-01;5.388734e-02;6.251548e-02;4.387333e-02;9.552875e-02;5.275546e-02;8.002474e-02;8.342259e-02;9.332985e-02;5.980373e-02
1.352025e-01;7.367538e-02;1.838227e-01;7.463326e-02;5.206233e-02;5.431027e-02;8.467590e-02;4.950361e-02;6.845597e-02;7.344635e-02;6.328082e-02;8.693091e-02
5.623459e-02;6.811647e-02;1.598836e-01;6.142311e-02;6.163213e-02;5.746577e-02;1.226584e-01;5.736932e-02;6.230135e-02;5.820870e-02;1.250501e-01;1.096564e-01
2.383411e-02;5.834251e-02;1.787178e-01;5.179712e-02;7.205675e-02;5.068912e-02;1.170816e-01;7.923721e-02;7.496111e-02;4.196394e-02;1.316625e-01;1.196562e-01
3.164083e-02;6.786416e-02;1.719145e-01;6.640705e-02;7.154541e-02;5.607188e-02;1.161458e-01;7.069458e-02;6.693079e-02;7.075546e-02;7.845926e-02;1.315702e-01
6.600473e-02;6.561261e-02;1.303736e-01;5.879022e-02;6.041193e-02;6.592347e-02;1.246085e-01;5.150487e-02;5.781228e-02;1.068264e-01;4.546038e-02;1.666710e-01
1.311566e-01;5.299753e-02;1.427557e-01;3.530820e-02;5.073460e-02;5.544794e-02;8.099789e-02;3.160393e-02;6.723148e-02;1.116567e-01;4.394436e-02;1.961650e-01
1.643578e-01;7.983522e-02;1.247759e-01;4.943039e-02;5.350179e-02;3.763862e-02;5.129393e-02;4.465209e-02;6.308369e-02;1.165597e-01;3.581555e-02;1.790553e-01
1.331017e-01;8.989295e-02;9.449942e-02;4.065710e-02;6.994480e-02;3.636095e-02;8.141638e-02;5.388740e-02;6.728676e-02;1.224520e-01;2.918467e-02;1.813159e-01
1.091753e-01;1.310834e-01;9.891514e-02;2.909657e-02;8.701297e-02;3.984942e-02;1.078855e-01;5.949201e-02;8.796899e-02;9.845176e-02;2.312970e-02;1.279393e-01
8.186978e-02;1.164266e-01;1.074036e-01;5.110205e-02;1.124206e-01;8.752186e-02;8.257289e-02;6.158916e-02;9.412791e-02;8.835149e-02;3.693865e-02;7.967542e-02
1.257326e-01;1.800237e-01;7.792230e-02;5.762117e-02;1.211308e-01;8.689818e-02;6.207355e-02;6.499700e-02;7.124768e-02;6.586780e-02;4.681814e-02;3.966704e-02
1.147595e-01;2.450799e-01;1.080488e-01;5.129705e-02;7.614131e-02;4.403590e-02;8.013310e-02;1.054599e-01;6.174468e-02;4.485012e-02;4.422106e-02;2.422869e-02
1.047892e-01;2.412527e-01;1.118820e-01;8.328270e-02;3.471816e-02;5.006021e-02;7.013915e-02;1.358423e-01;6.117485e-02;5.841215e-02;3.462581e-02;1.382078e-02
6.547648e-02;1.799467e-01;1.168411e-01;9.310288e-02;6.994790e-02;7.035494e-02;1.022853e-01;9.064159e-02;6.539422e-02;7.366218e-02;3.493601e-02;3.741067e-02
1.129067e-01;6.309699e-02;2.225009e-01;8.816458e-02;9.622305e-02;5.972615e-02;1.347691e-01;3.398813e-02;5.699451e-02;5.630778e-02;3.486507e-02;4.045715e-02
1.169934e-01;4.827293e-02;2.636117e-01;8.571722e-02;1.008996e-01;5.158906e-02;1.469476e-01;3.232768e-02;4.517081e-02;4.391105e-02;3.107960e-02;3.347933e-02
1.350368e-01;5.485092e-02;2.356651e-01;7.583037e-02;9.767649e-02;3.139089e-02;1.608437e-01;6.070163e-02;4.378074e-02;4.548537e-02;2.715805e-02;3.158002e-02
1.409248e-01;4.750445e-02;1.356206e-01;7.994011e-02;9.684072e-02;4.989530e-02;1.851192e-01;6.880277e-02;7.997221e-02;5.703865e-02;2.357185e-02;3.476936e-02
1.165401e-01;2.968949e-02;7.127525e-02;8.181552e-02;1.038199e-01;6.821050e-02;2.303775e-01;6.116423e-02;9.457666e-02;7.340931e-02;2.674314e-02;4.237844e-02
1.151697e-01;3.098355e-02;5.357952e-02;1.079368e-01;1.076418e-01;4.438824e-02;2.520423e-01;4.493261e-02;8.057069e-02;7.233429e-02;3.272901e-02;5.769154e-02
1.354810e-01;4.445441e-02;7.423767e-02;1.027604e-01;7.808339e-02;3.328382e-02;2.747823e-01;3.962816e-02;7.542157e-02;4.364551e-02;3.298819e-02;6.523354e-02
1.313550e-01;5.752101e-02;1.010661e-01;9.847084e-02;5.983023e-02;3.674525e-02;2.777163e-01;3.883088e-02;3.980532e-02;4.851854e-02;3.998820e-02;7.015234e-02
9.424815e-02;7.556786e-02;1.186705e-01;8.439170e-02;5.399389e-02;4.262853e-02;2.728280e-01;3.460074e-02;3.438528e-02;5.413892e-02;5.856040e-02;7.598601e-02
5.781170e-02;6.958038e-02;1.814809e-01;5.556015e-02;7.581198e-02;9.705073e-02;2.413199e-01;2.491776e-02;2.645626e-02;4.285917e-02;5.920615e-02;6.794491e-02
1.643628e-01;6.100136e-02;1.613398e-01;3.743426e-02;6.975440e-02;9.850287e-02;2.084224e-01;3.887885e-02;2.189598e-02;3.528252e-02;4.377181e-02;5.935295e-02
2.484301e-01;7.140871e-02;1.424244e-01;4.511316e-02;5.744583e-02;5.809111e-02;1.536072e-01;6.674810e-02;2.981540e-02;2.600950e-02;3.925418e-02;6.165241e-02
2.338457e-01;6.132549e-02;1.179911e-01;4.700403e-02;5.689292e-02;6.487335e-02;1.915504e-01;7.804887e-02;4.803987e-02;2.437495e-02;3.157071e-02;4.448261e-02
1.965972e-01;6.360618e-02;1.162323e-01;4.185045e-02;5.112965e-02;9.426974e-02;2.233850e-01;5.648544e-02;5.882612e-02;2.474601e-02;2.784313e-02;4.502874e-02
1.645140e-01;5.317223e-02;1.013456e-01;4.221164e-02;5.730777e-02;1.285789e-01;2.300949e-01;4.056045e-02;6.565674e-02;3.508776e-02;3.194790e-02;4.952212e-02
1.427591e-01;6.026347e-02;1.318323e-01;6.084261e-02;7.391883e-02;1.039877e-01;1.766189e-01;5.714205e-02;5.973016e-02;4.572330e-02;3.228565e-02;5.489594e-02
1.120217e-01;7.854044e-02;2.098709e-01;7.860654e-02;6.232246e-02;9.001337e-02;1.231100e-01;8.147895e-02;5.622645e-02;4.560693e-02;3.272712e-02;2.947510e-02
9.812370e-02;6.536859e-02;1.641510e-01;7.047527e-02;6.636474e-02;9.217214e-02;9.764536e-02;1.419678e-01;6.291290e-02;7.579517e-02;4.062330e-02;2.440004e-02
1.058693e-01;5.164916e-02;8.185518e-02;4.918148e-02;7.382811e-02;5.849335e-02;1.172773e-01;1.727175e-01;6.087281e-02;1.276705e-01;5.782334e-02;4.276191e-02
1.037487e-01;4.974354e-02;7.708728e-02;3.783778e-02;7.153667e-02;3.731481e-02;1.439282e-01;1.491394e-01;6.859176e-02;1.388345e-01;6.256859e-02;5.966870e-02
8.826891e-02;4.513331e-02;8.454555e-02;3.663180e-02;6.164621e-02;4.400187e-02;1.684681e-01;1.211586e-01;8.077037e-02;1.128899e-01;9.650515e-02;5.998025e-02
7.834425e-02;3.487192e-02;9.898224e-02;2.740122e-02;4.869064e-02;6.382439e-02;1.546667e-01;1.180798e-01;1.012827e-01;8.443116e-02;1.284102e-01;6.101468e-02
9.645494e-02;4.666566e-02;8.243731e-02;2.829316e-02;4.984072e-02;7.108532e-02;2.143724e-01;1.187783e-01;6.923876e-02;6.097603e-02;1.112854e-01;5.057199e-02
1.284786e-01;4.920288e-02;4.133324e-02;2.985580e-02;5.914624e-02;4.882302e-02;2.361343e-01;9.446300e-02;6.127602e-02;9.979374e-02;8.791769e-02;6.357545e-02
1.239400e-01;2.683990e-02;2.814779e-02;2.770269e-02;5.189104e-02;3.678027e-02;2.484879e-01;1.090209e-01;5.844429e-02;9.692563e-02;1.200922e-01;7.172728e-02
1.010125e-01;4.681209e-02;5.534143e-02;3.994011e-02;6.192102e-02;6.060029e-02;2.668432e-01;1.032586e-01;3.296673e-02;8.456820e-02;9.791831e-02;4.881763e-02
9.961043e-02;6.565974e-02;9.712794e-02;5.433508e-02;7.252130e-02;5.225131e-02;2.459247e-01;1.048053e-01;3.374021e-02;1.008272e-01;3.516677e-02;3.802999e-02
9.466758e-02;5.502792e-02;4.354929e-02;3.980806e-02;5.919153e-02;4.128525e-02;2.485763e-01;1.372699e-01;5.048545e-02;1.471124e-01;4.360169e-02;3.942471e-02
8.411638e-02;3.596692e-02;8.911296e-02;2.447417e-02;5.698337e-02;4.862504e-02;2.574438e-01;1.345999e-01;5.995683e-02;1.410437e-01;3.822929e-02;2.944765e-02
9.173103e-02;4.382997e-02;1.260493e-01;2.979423e-02;6.631950e-02;6.350335e-02;2.229205e-01;1.117978e-01;3.520542e-02;1.280823e-01;6.345928e-02;1.730733e-02
7.783416e-02;5.293442e-02;1.648518e-01;4.621177e-02;9.110136e-02;5.837546e-02;1.744815e-01;8.038371e-02;4.947491e-02;7.835114e-02;8.024873e-02;4.575102e-02
1.134645e-01;5.534139e-02;2.643799e-01;4.994865e-02;1.117361e-01;6.528559e-02;8.148830e-02;4.072974e-02;3.892067e-02;6.212501e-02;6.618331e-02;5.039676e-02
1.042036e-01;4.331415e-02;2.183018e-01;4.673240e-02;1.010419e-01;6.299089e-02;2.091778e-01;2.828527e-02;2.894585e-02;5.171606e-02;5.922123e-02;4.606909e-02
6.946312e-02;2.913389e-02;1.277087e-01;4.117379e-02;7.373264e-02;5.898083e-02;3.763682e-01;2.667670e-02;2.837892e-02;5.464105e-02;6.050004e-02;5.324214e-02
3.029992e-02;2.685554e-02;6.453104e-02;4.018179e-02;7.965872e-02;5.454171e-02;4.548595e-01;3.657285e-02;2.652338e-02;6.944823e-02;6.134874e-02;5.517866e-02
3.451870e-02;3.073639e-02;7.699539e-02;6.981616e-02;1.126909e-01;5.177376e-02;3.615801e-01;4.053465e-02;2.725231e-02;9.273042e-02;5.158390e-02;4.978731e-02
9.278722e-02;2.065754e-02;8.193514e-02;1.337116e-01;1.091671e-01;5.229967e-02;2.602507e-01;2.777601e-02;3.384316e-02;7.923643e-02;5.139679e-02;5.693869e-02
1.666944e-01;7.082243e-02;1.169903e-01;1.345273e-01;8.577649e-02;4.249198e-02;1.582814e-01;2.135186e-02;3.183651e-02;4.689733e-02;5.595500e-02;6.837504e-02
1.650392e-01;1.168984e-01;1.891962e-01;1.006539e-01;7.146956e-02;5.891592e-02;1.124716e-01;1.950598e-02;2.920579e-02;3.106426e-02;4.865400e-02;5.692518e-02
1.101094e-01;1.111015e-01;2.475494e-01;9.666597e-02;7.431102e-02;7.677424e-02;1.214755e-01;4.010011e-02;1.447453e-02;3.054849e-02;3.706053e-02;3.982919e-02
1.299817e-01;1.147045e-01;1.894428e-01;7.080427e-02;5.553488e-02;6.671749e-02;1.015472e-01;8.021816e-02;6.249443e-02;3.937154e-02;4.392841e-02;4.525468e-02
1.533654e-01;1.112479e-01;8.313014e-02;3.880698e-02;5.654525e-02;4.897277e-02;5.863020e-02;1.113394e-01;1.126732e-01;6.568276e-02;9.185223e-02;6.775377e-02
1.139190e-01;1.075463e-01;3.504597e-02;2.556067e-02;7.299873e-02;2.849155e-02;5.557292e-02;1.192663e-01;9.743854e-02;8.771557e-02;1.687512e-01;8.769314e-02
6.454977e-02;1.001862e-01;2.979960e-02;3.371660e-02;7.406472e-02;3.605266e-02;6.510722e-02;1.030837e-01;7.050980e-02;1.310338e-01;1.914681e-01;1.004278e-01
4.640130e-02;9.498835e-02;2.778372e-02;3.981670e-02;6.298319e-02;5.341619e-02;4.780686e-02;1.064238e-01;9.150719e-02;1.658072e-01;1.515815e-01;1.114840e-01
3.984182e-02;7.715829e-02;5.015577e-02;4.226978e-02;4.805947e-02;6.364343e-02;6.376662e-02;1.425529e-01;8.121079e-02;1.754869e-01;1.155929e-01;1.002614e-01
5.898556e-02;5.600119e-02;8.041444e-02;2.965259e-02;4.056444e-02;7.276825e-02;7.734141e-02;1.653242e-01;4.519748e-02;1.346813e-01;1.589976e-01;8.007152e-02
8.702729e-02;5.462012e-02;8.351471e-02;2.135616e-02;4.989760e-02;7.807816e-02;7.914292e-02;1.344122e-01;7.121599e-02;7.839639e-02;1.792271e-01;8.311138e-02
1.077588e-01;7.333885e-02;7.770593e-02;3.136758e-02;7.004655e-02;8.045991e-02;8.465129e-02;9.375018e-02;5.745189e-02;7.080039e-02;1.491271e-01;1.035415e-01
1.452954e-01;8.156727e-02;9.596798e-02;3.242879e-02;7.771622e-02;6.688999e-02;7.705300e-02;6.905686e-02;4.859766e-02;8.537061e-02;1.185507e-01;1.015054e-01
1.240476e-01;4.615703e-02;1.080873e-01;2.335839e-02;6.653206e-02;5.741918e-02;1.762152e-01;6.671704e-02;4.848361e-02;7.314299e-02;1.120393e-01;9.780028e-02
7.126919e-02;3.046501e-02;1.059124e-01;2.557176e-02;6.231452e-02;5.725276e-02;2.749109e-01;6.473285e-02;3.486196e-02;6.725639e-02;1.130531e-01;9.239924e-02
5.568449e-02;2.205212e-02;1.076748e-01;2.008069e-02;6.747659e-02;6.527269e-02;3.439682e-01;5.957188e-02;3.539633e-02;5.751982e-02;9.813697e-02;6.716532e-02
5.757781e-02;3.643866e-02;9.838261e-02;2.931794e-02;5.935865e-02;5.560713e-02;3.533579e-01;3.966680e-02;4.212262e-02;6.661319e-02;6.920047e-02;9.235620e-02
9.571020e-02;3.911606e-02;1.200947e-01;2.600928e-02;4.227470e-02;2.991619e-02;2.676564e-01;2.664912e-02;4.614310e-02;8.637064e-02;1.146180e-01;1.054415e-01
1.011590e-01;1.538066e-02;1.056414e-01;2.546150e-02;5.250780e-02;4.538632e-02;2.228434e-01;1.604052e-02;5.789829e-02;9.575067e-02;1.605793e-01;1.013511e-01
8.839477e-02;2.475706e-02;1.171608e-01;2.785284e-02;5.559250e-02;6.574631e-02;2.119553e-01;3.141065e-02;5.768223e-02;9.331580e-02;1.486367e-01;7.749504e-02
7.416575e-02;3.985736e-02;1.388039e-01;3.310796e-02;7.484250e-02;8.675902e-02;2.026553e-01;4.939022e-02;3.224920e-02;9.446389e-02;1.162991e-01;5.740572e-02
3.314108e-02;6.668749e-02;1.809598e-01;4.048371e-02;9.634151e-02;6.668282e-02;1.946837e-01;5.879919e-02;3.609913e-02;9.107960e-02;1.025751e-01;3.246695e-02
6.220092e-02;9.305303e-02;1.819377e-01;4.859963e-02;1.112458e-01;4.189205e-02;1.518548e-01;4.531970e-02;5.168058e-02;8.396509e-02;9.634610e-02;3.190463e-02
6.752907e-02;9.805067e-02;1.730616e-01;5.356239e-02;1.063852e-01;6.267078e-02;1.550570e-01;4.992505e-02;5.160666e-02;8.028037e-02;5.905896e-02;4.281219e-02
1.217317e-01;5.121300e-02;1.780966e-01;6.803758e-02;6.765270e-02;4.525049e-02;1.617349e-01;5.869634e-02;4.633320e-02;9.782029e-02;5.838955e-02;4.504367e-02
8.784463e-02;6.347799e-02;2.010981e-01;5.357642e-02;6.946252e-02;6.925321e-02;1.243816e-01;6.232276e-02;6.281611e-02;1.137861e-01;6.202020e-02;2.996037e-02
9.331458e-02;8.206732e-02;1.573482e-01;5.324066e-02;7.345150e-02;9.650246e-02;1.091524e-01;5.612568e-02;7.508298e-02;8.900369e-02;7.618786e-02;3.852269e-02
1.134236e-01;7.904413e-02;1.308116e-01;5.460851e-02;5.774834e-02;5.410639e-02;1.474820e-01;7.003239e-02;6.925318e-02;6.411090e-02;8.211882e-02;7.726018e-02
1.991190e-01;8.561154e-02;7.614859e-02;5.723389e-02;3.821098e-02;4.047811e-02;1.748824e-01;5.051700e-02;3.348624e-02;6.420267e-02;7.818057e-02;1.019290e-01
2.373304e-01;8.020557e-02;4.988008e-02;5.508230e-02;2.738096e-02;4.748104e-02;1.952802e-01;3.273663e-02;3.278513e-02;4.356767e-02;7.594787e-02;1.223222e-01
2.249043e-01;9.219702e-02;8.638611e-02;5.167928e-02;3.534833e-02;5.724449e-02;1.805856e-01;3.443920e-02;4.094262e-02;2.389172e-02;5.625771e-02;1.161237e-01
1.430871e-01;1.209042e-01;1.497376e-01;5.324036e-02;5.412768e-02;6.793376e-02;1.608947e-01;4.902449e-02;4.300363e-02;2.767648e-02;4.251399e-02;8.785598e-02
4.974194e-02;8.245903e-02;2.034171e-01;7.802118e-02;7.916871e-02;6.747420e-02;1.877416e-01;5.858464e-02;5.495337e-02;2.989790e-02;4.976265e-02;5.877765e-02
7.536622e-02;5.801735e-02;2.344165e-01;7.874431e-02;7.225029e-02;4.986697e-02;1.724952e-01;5.389925e-02;6.992506e-02;3.175312e-02;4.380173e-02;5.946399e-02
9.103318e-02;2.778870e-02;2.586593e-01;6.332716e-02;5.766686e-02;4.784079e-02;1.661811e-01;4.649131e-02;6.425750e-02;4.336565e-02;6.202948e-02;7.135904e-02
9.314901e-02;5.138925e-02;2.562998e-01;4.348218e-02;3.692306e-02;5.190340e-02;1.372329e-01;3.325062e-02;4.309344e-02;5.249796e-02;8.026701e-02;1.205114e-01
9.149478e-02;9.111133e-02;2.276163e-01;2.668823e-02;2.479889e-02;5.110670e-02;1.010733e-01;2.960021e-02;3.039241e-02;6.404670e-02;9.327182e-02;1.687993e-01
8.217546e-02;1.025141e-01;1.992563e-01;1.995735e-02;2.400276e-02;4.608241e-02;9.039793e-02;2.893031e-02;3.821691e-02;7.473619e-02;1.128870e-01;1.808434e-01
1.097929e-01;8.401394e-02;1.982144e-01;2.785157e-02;2.710805e-02;3.323369e-02;1.006137e-01;3.612886e-02;4.220895e-02;6.615206e-02;1.253936e-01;1.492884e-01
1.014984e-01;6.905412e-02;1.629588e-01;5.801522e-02;5.815099e-02;6.307427e-02;9.661783e-02;4.391860e-02;4.992259e-02;7.790545e-02;1.418486e-01;7.703502e-02
9.911962e-02;7.429873e-02;1.361637e-01;5.652842e-02;6.896442e-02;7.963676e-02;8.114138e-02;4.535168e-02;5.676341e-02;1.074601e-01;1.477655e-01;4.680625e-02
9.654851e-02;7.866447e-02;1.869153e-01;4.100404e-02;6.584556e-02;7.241636e-02;8.860651e-02;4.001669e-02;3.972011e-02;1.146062e-01;1.403580e-01;3.529820e-02
6.071302e-02;8.928799e-02;2.236828e-01;5.652689e-02;7.615107e-02;5.262670e-02;7.208318e-02;4.769834e-02;4.849891e-02;1.037762e-01;1.198981e-01;4.905676e-02
6.658303e-02;5.462771e-02;2.200371e-01;6.003555e-02;9.843690e-02;6.212773e-02;1.085382e-01;3.077955e-02;6.023579e-02;9.917502e-02;8.306521e-02;5.635823e-02
3.365839e-02;2.774814e-02;2.005627e-01;3.607360e-02;1.212569e-01;1.128312e-01;2.064613e-01;1.732359e-02;2.756329e-02;8.693617e-02;8.463121e-02;4.495341e-02
4.449632e-02;2.851541e-02;1.445619e-01;2.331796e-02;1.082684e-01;1.481336e-01;2.432317e-01;1.951309e-02;2.446613e-02;8.109904e-02;9.741661e-02;3.697984e-02
6.029969e-02;2.873975e-02;1.256656e-01;2.636019e-02;9.908582e-02;1.353702e-01;2.765296e-01;2.260963e-02;2.276531e-02;7.938924e-02;9.332217e-02;2.986286e-02
6.469613e-02;1.934605e-02;1.172720e-01;4.897540e-02;1.124677e-01;1.006979e-01;2.978251e-01;1.922101e-02;2.793680e-02;7.463068e-02;9.006543e-02;2.686581e-02
5.040209e-02;5.197328e-02;1.294637e-01;5.836599e-02;1.058555e-01;1.158841e-01;2.168179e-01;4.532780e-02;2.942211e-02;7.541054e-02;8.089020e-02;4.018676e-02
4.044666e-02;6.075837e-02;1.632053e-01;5.726564e-02;7.963017e-02;1.118917e-01;1.811356e-01;5.008642e-02;3.006863e-02;7.046893e-02;9.319273e-02;6.184980e-02
6.697480e-02;7.424580e-02;1.777738e-01;3.908813e-02;7.753789e-02;8.344986e-02;1.917705e-01;3.730054e-02;2.923926e-02;6.456664e-02;7.831939e-02;7.973351e-02
8.464183e-02;1.073818e-01;1.737548e-01;3.023449e-02;1.163703e-01;8.535201e-02;1.710400e-01;3.921659e-02;3.064108e-02;6.045945e-02;4.034721e-02;6.056039e-02
8.085184e-02;1.286293e-01;1.685883e-01;5.022830e-02;1.626087e-01;7.598075e-02;1.318226e-01;3.559243e-02;2.517728e-02;5.779530e-02;3.199518e-02;5.072996e-02
8.862557e-02;1.305703e-01;1.061402e-01;7.881934e-02;1.938405e-01;6.321923e-02;8.400197e-02;5.553785e-02;3.866549e-02;6.372519e-02;3.960384e-02;5.725051e-02
9.072416e-02;1.429290e-01;9.133435e-02;7.973114e-02;1.820862e-01;6.595834e-02;6.701109e-02;6.060714e-02;4.398612e-02;7.528105e-02;4.444160e-02;5.590984e-02
1.235472e-01;1.516835e-01;1.179660e-01;5.639057e-02;1.475818e-01;6.432356e-02;9.165812e-02;4.492523e-02;3.533039e-02;7.045211e-02;4.360387e-02;5.253774e-02
1.936066e-01;1.453186e-01;1.198434e-01;7.557520e-02;1.129014e-01;5.453850e-02;8.056793e-02;4.704014e-02;2.982268e-02;6.117014e-02;3.525529e-02;4.436008e-02
2.674373e-01;1.447922e-01;1.312504e-01;5.880007e-02;8.189543e-02;5.671102e-02;4.543984e-02;4.088450e-02;4.296950e-02;6.070635e-02;3.139108e-02;3.772221e-02
2.946544e-01;1.444980e-01;1.548503e-01;4.417485e-02;5.704976e-02;4.934916e-02;4.181362e-02;3.363627e-02;5.535222e-02;6.202167e-02;2.964354e-02;3.295616e-02
3.235550e-01;1.475330e-01;1.435972e-01;4.467470e-02;4.625301e-02;3.906402e-02;3.312334e-02;2.469384e-02;6.041264e-02;6.690882e-02;3.121154e-02;3.897293e-02
3.039833e-01;1.324459e-01;1.483709e-01;3.854171e-02;4.734099e-02;2.979633e-02;7.055434e-02;3.080562e-02;5.455044e-02;6.946662e-02;3.633019e-02;3.781368e-02
2.480452e-01;1.012478e-01;1.902376e-01;3.421837e-02;4.889272e-02;2.994333e-02;1.327880e-01;3.973351e-02;3.812136e-02;6.697126e-02;3.402111e-02;3.577970e-02
2.269508e-01;6.837501e-02;2.326160e-01;2.852209e-02;3.102715e-02;2.970575e-02;1.496620e-01;4.428713e-02;3.653664e-02;8.032979e-02;4.300179e-02;2.898581e-02
2.041788e-01;6.660976e-02;2.572267e-01;2.974808e-02;2.567014e-02;2.693646e-02;7.058457e-02;4.960831e-02;5.701166e-02;1.251345e-01;5.786602e-02;2.942497e-02
1.256825e-01;7.606433e-02;2.855102e-01;3.656372e-02;1.545815e-02;2.714448e-02;1.452703e-01;4.361407e-02;5.216665e-02;1.129335e-01;4.854000e-02;3.105216e-02
8.461651e-02;6.575545e-02;3.799540e-01;4.276286e-02;4.072676e-02;3.027912e-02;1.117472e-01;3.988139e-02;4.253298e-02;9.174341e-02;3.662234e-02;3.337803e-02
5.845336e-02;5.491293e-02;4.503035e-01;4.301608e-02;3.966912e-02;2.062141e-02;1.081632e-01;4.306484e-02;4.059599e-02;7.306562e-02;3.554554e-02;3.258842e-02
5.127667e-02;5.854308e-02;4.252708e-01;3.720859e-02;4.532233e-02;3.516309e-02;1.567160e-01;4.014523e-02;3.321901e-02;4.822787e-02;3.521346e-02;3.369392e-02
3.787948e-02;6.073179e-02;4.254792e-01;4.670733e-02;4.985319e-02;5.815575e-02;1.234799e-01;3.337672e-02;4.323951e-02;4.878038e-02;2.229453e-02;5.002221e-02
1.010914e-01;4.724814e-02;3.621646e-01;5.376783e-02;7.067724e-02;7.027769e-02;4.408579e-02;3.429053e-02;4.066760e-02;7.091037e-02;3.186106e-02;7.295769e-02
1.374294e-01;2.895842e-02;3.105053e-01;3.823482e-02;5.943038e-02;4.478952e-02;9.534270e-02;2.823072e-02;4.985982e-02;8.009099e-02;4.551040e-02;8.161757e-02
1.410644e-01;6.472690e-02;2.318839e-01;2.632882e-02;6.761670e-02;4.398850e-02;1.342355e-01;2.541677e-02;5.252717e-02;7.532444e-02;6.053558e-02;7.635123e-02
1.059899e-01;6.941151e-02;2.164796e-01;2.291026e-02;7.365183e-02;5.911782e-02;1.931736e-01;3.696646e-02;4.596206e-02;4.956095e-02;4.678854e-02;7.998741e-02
1.241818e-01;6.125813e-02;2.779528e-01;2.034013e-02;5.446534e-02;4.512564e-02;2.258068e-01;3.147377e-02;4.210659e-02;4.293636e-02;1.558782e-02;5.876480e-02
8.063913e-02;4.074290e-02;2.734091e-01;3.799295e-02;8.511785e-02;6.544232e-02;2.467567e-01;1.692717e-02;3.757073e-02;3.690814e-02;3.589078e-02;4.260222e-02
6.065737e-02;6.307995e-02;2.155477e-01;4.673284e-02;1.023930e-01;7.759470e-02;2.527443e-01;2.551836e-02;2.378603e-02;4.207119e-02;4.413076e-02;4.574383e-02
8.786663e-02;5.085781e-02;2.091783e-01;4.390453e-02;7.986498e-02;4.973001e-02;2.544121e-01;2.784703e-02;4.786236e-02;5.854083e-02;3.377688e-02;5.615857e-02
7.931402e-02;6.848833e-02;2.336930e-01;3.348740e-02;8.463195e-02;6.068996e-02;2.410640e-01;3.129769e-02;4.793619e-02;5.556680e-02;2.210302e-02;4.172768e-02
1.042426e-01;9.366767e-02;1.629262e-01;4.721563e-02;7.117194e-02;6.958538e-02;2.407607e-01;3.286463e-02;3.994492e-02;5.448039e-02;4.219526e-02;4.094474e-02
