3.429691e-02;1.195463e-01;1.561294e-01;7.086129e-02;7.086506e-02;1.547552e-01;4.494744e-02;1.856351e-01;9.244365e-02;2.383495e-02;1.368511e-02;3.299960e-02
2.535079e-02;6.317504e-02;1.129186e-01;1.374663e-01;5.786828e-02;1.021955e-01;3.854408e-02;2.039457e-01;1.695948e-01;4.070564e-02;1.154730e-02;3.668807e-02
3.255464e-02;2.340147e-02;6.790628e-02;1.743143e-01;9.010322e-02;6.547748e-02;7.485460e-02;1.487508e-01;2.187312e-01;5.868838e-02;2.121683e-02;2.400075e-02
3.218875e-02;2.378223e-02;3.410509e-02;1.612772e-01;1.554212e-01;6.491061e-02;7.643896e-02;1.141459e-01;1.955915e-01;9.716976e-02;2.590442e-02;1.906436e-02
1.805100e-02;3.959201e-02;3.610756e-02;1.194253e-01;1.760684e-01;8.546636e-02;4.656104e-02;1.197910e-01;1.618718e-01;1.327408e-01;3.426494e-02;3.005972e-02
2.096525e-02;4.989369e-02;4.131745e-02;1.036305e-01;1.645955e-01;6.008146e-02;3.494966e-02;1.399383e-01;1.826453e-01;1.348940e-01;2.978553e-02;3.730330e-02
3.250694e-02;6.827331e-02;6.543879e-02;1.100402e-01;1.273637e-01;3.468861e-02;2.199593e-02;1.739349e-01;1.987122e-01;1.020254e-01;2.141596e-02;4.360403e-02
4.048319e-02;6.978991e-02;7.248061e-02;1.241417e-01;7.197494e-02;7.746364e-02;3.561851e-02;1.997947e-01;1.692887e-01;6.657851e-02;2.885715e-02;4.352849e-02
4.828001e-02;8.634186e-02;5.328415e-02;1.385210e-01;9.624889e-02;7.601491e-02;6.105293e-02;1.604275e-01;1.424243e-01;4.960874e-02;4.576862e-02;4.202710e-02
4.424340e-02;7.424206e-02;5.271348e-02;1.102320e-01;1.174688e-01;8.095393e-02;7.616832e-02;1.234938e-01;2.015381e-01;4.574056e-02;4.250396e-02;3.070172e-02
4.155774e-02;6.133705e-02;9.005252e-02;8.736624e-02;9.028073e-02;8.289265e-02;5.571346e-02;1.686303e-01;2.120515e-01;5.936439e-02;3.583353e-02;1.491987e-02
4.050414e-02;1.189445e-01;1.391985e-01;5.846278e-02;2.878246e-02;1.187927e-01;6.278164e-02;1.347585e-01;1.519187e-01;6.452225e-02;3.658596e-02;4.474785e-02
4.977140e-02;1.418398e-01;1.430127e-01;2.812991e-02;3.624543e-02;1.634886e-01;1.180982e-01;9.789545e-02;8.412602e-02;3.435249e-02;4.264722e-02;6.039276e-02
4.835680e-02;9.570980e-02;9.939884e-02;3.232890e-02;5.810809e-02;1.828772e-01;1.693751e-01;7.737121e-02;9.927913e-02;3.010549e-02;4.205788e-02;6.503160e-02
5.708257e-02;4.835069e-02;9.192494e-02;3.040294e-02;5.842105e-02;2.228991e-01;1.846502e-01;3.981991e-02;1.057569e-01;4.368576e-02;6.840875e-02;4.859711e-02
1.022162e-01;5.437075e-02;8.356836e-02;2.092908e-02;4.091945e-02;2.744521e-01;1.468749e-01;3.194503e-02;8.002344e-02;5.576530e-02;7.020212e-02;3.873327e-02
1.077050e-01;5.363459e-02;5.900174e-02;3.400287e-02;6.387451e-02;2.622568e-01;1.262023e-01;5.961867e-02;7.194650e-02;5.868180e-02;5.294501e-02;5.013017e-02
8.158913e-02;4.902295e-02;4.091045e-02;6.612796e-02;1.086495e-01;1.827964e-01;1.167609e-01;1.135086e-01;1.024084e-01;5.323642e-02;2.826264e-02;5.672665e-02
4.711923e-02;4.265868e-02;4.332369e-02;1.131795e-01;1.044452e-01;8.751317e-02;1.272593e-01;1.649795e-01;1.747526e-01;2.919948e-02;2.991681e-02;3.565283e-02
2.818070e-02;3.873472e-02;5.013494e-02;1.033543e-01;5.562855e-02;2.030911e-01;1.328769e-01;1.355312e-01;1.684629e-01;2.594849e-02;3.415649e-02;2.389960e-02
5.037665e-02;3.910014e-02;4.635558e-02;8.814840e-02;2.336986e-02;2.266338e-01;1.427782e-01;1.223685e-01;1.613527e-01;4.444941e-02;3.193200e-02;2.313473e-02
5.748517e-02;7.033136e-02;2.523217e-02;5.254541e-02;1.150954e-01;7.093693e-02;1.315567e-01;1.270958e-01;1.211212e-01;1.176190e-01;7.469077e-02;3.629012e-02
4.956516e-02;7.618180e-02;3.117191e-02;3.577222e-02;1.190178e-01;1.629406e-01;8.093323e-02;1.190243e-01;6.548705e-02;1.207927e-01;1.075057e-01;3.160756e-02
6.306861e-02;6.950644e-02;3.852631e-02;3.580713e-02;8.483909e-02;2.184555e-01;7.524715e-02;1.077067e-01;5.517736e-02;9.459873e-02;1.377191e-01;1.934784e-02
8.558371e-02;9.092591e-02;3.219623e-02;4.619848e-02;6.996866e-02;1.908742e-01;6.594291e-02;1.216003e-01;5.620675e-02;1.031256e-01;1.209459e-01;1.643142e-02
6.838269e-02;1.332565e-01;2.034568e-02;5.468130e-02;9.829935e-02;1.092879e-01;5.457611e-02;1.658932e-01;4.972022e-02;1.376663e-01;7.131024e-02;3.658059e-02
2.976363e-02;1.659991e-01;1.380704e-02;5.729481e-02;1.273467e-01;9.872591e-02;4.374277e-02;1.632811e-01;6.681406e-02;1.408585e-01;4.334143e-02;4.902499e-02
1.991758e-02;1.797154e-01;1.925759e-02;7.030739e-02;1.564084e-01;7.808699e-02;3.434036e-02;1.439544e-01;9.728950e-02;1.326767e-01;2.526388e-02;4.278187e-02
1.294433e-02;1.776618e-01;2.526755e-02;8.961630e-02;1.991343e-01;5.019700e-02;2.044202e-02;1.245211e-01;1.235899e-01;1.112759e-01;2.756625e-02;3.778356e-02
7.702176e-03;1.351927e-01;3.746278e-02;1.206654e-01;2.014019e-01;1.153498e-01;3.237310e-02;1.049204e-01;1.238421e-01;5.503236e-02;3.192296e-02;3.413435e-02
1.155970e-02;1.020434e-01;7.824097e-02;1.355263e-01;1.681695e-01;8.497550e-02;4.557385e-02;1.428719e-01;1.354383e-01;4.870537e-02;2.526497e-02;2.163018e-02
2.321690e-02;9.473240e-02;7.874335e-02;1.304213e-01;1.102346e-01;7.997350e-02;6.478138e-02;1.843756e-01;1.235523e-01;5.345836e-02;4.018880e-02;1.632155e-02
4.464427e-02;1.179458e-01;6.933475e-02;9.216873e-02;4.379600e-02;1.555567e-01;1.023344e-01;1.341730e-01;9.525765e-02;5.477127e-02;6.084377e-02;2.917371e-02
4.158230e-02;1.021650e-01;3.300258e-02;5.731859e-02;9.716132e-02;2.471073e-01;1.079504e-01;1.109628e-01;8.801562e-02;5.051092e-02;3.511849e-02;2.910479e-02
3.126266e-02;6.875058e-02;6.212011e-02;6.717860e-02;8.799536e-02;1.978672e-01;1.400902e-01;1.214250e-01;9.329122e-02;5.275267e-02;4.951098e-02;2.775541e-02
4.304561e-02;1.222196e-01;1.379375e-01;6.940702e-02;4.097615e-02;2.014323e-01;9.701368e-02;9.331094e-02;8.974938e-02;3.901006e-02;4.408085e-02;2.181679e-02
4.344469e-02;1.108658e-01;1.036533e-01;4.537962e-02;8.718735e-02;2.994858e-01;7.631485e-02;6.137351e-02;6.909597e-02;3.713151e-02;4.053207e-02;2.553554e-02
3.026452e-02;9.584584e-02;5.419511e-02;2.417462e-02;1.067695e-01;3.022820e-01;1.129904e-01;6.696607e-02;9.259185e-02;4.305128e-02;4.540616e-02;2.546264e-02
2.378428e-02;8.622671e-02;3.626703e-02;4.706573e-02;1.202213e-01;2.219958e-01;1.206162e-01;1.247121e-01;9.637332e-02;5.919010e-02;2.565264e-02;3.789482e-02
3.025341e-02;1.015217e-01;3.748119e-02;3.771873e-02;1.357969e-01;2.081775e-01;8.972361e-02;1.445924e-01;6.604624e-02;7.468072e-02;3.284027e-02;4.116736e-02
1.916368e-02;1.040831e-01;2.770148e-02;4.905899e-02;1.406924e-01;2.612778e-01;5.758760e-02;1.451454e-01;6.018048e-02;7.897998e-02;3.115919e-02;2.496989e-02
1.737539e-02;1.245813e-01;2.383309e-02;4.433717e-02;1.319126e-01;2.829796e-01;3.178871e-02;1.409860e-01;5.804649e-02;9.045268e-02;2.775304e-02;2.595399e-02
2.265939e-02;1.648995e-01;2.344809e-02;3.165796e-02;1.288666e-01;2.059281e-01;2.487226e-02;1.219290e-01;7.479362e-02;1.236862e-01;3.062188e-02;4.663750e-02
1.603049e-02;1.856245e-01;1.243545e-02;3.937499e-02;1.725235e-01;1.208745e-01;1.295703e-02;8.806425e-02;9.061228e-02;1.496283e-01;2.724902e-02;8.462565e-02
1.198539e-02;1.788515e-01;1.333273e-02;6.441010e-02;2.091849e-01;5.996350e-02;7.588372e-03;6.775412e-02;1.101645e-01;1.533511e-01;2.160417e-02;1.018095e-01
1.659781e-02;1.289464e-01;3.506503e-02;1.264623e-01;2.186950e-01;2.751749e-02;1.961516e-02;8.279819e-02;1.350020e-01;1.135859e-01;1.120181e-02;8.451295e-02
3.446120e-02;6.842438e-02;6.981932e-02;1.736075e-01;1.728380e-01;7.576298e-02;3.202381e-02;1.142023e-01;1.532548e-01;4.651288e-02;2.261303e-02;3.647977e-02
5.107951e-02;5.932669e-02;7.362558e-02;1.649681e-01;1.000333e-01;8.349822e-02;4.267688e-02;1.680316e-01;1.661142e-01;5.009487e-02;3.016065e-02;1.039037e-02
5.046595e-02;8.219206e-02;9.004179e-02;1.299785e-01;7.237304e-02;6.994607e-02;2.650676e-02;2.418862e-01;1.325334e-01;5.457617e-02;3.052329e-02;1.897674e-02
2.984892e-02;8.375072e-02;1.326560e-01;6.117660e-02;5.823045e-02;6.293585e-02;2.895840e-02;3.049842e-01;1.151009e-01;6.116027e-02;2.595431e-02;3.524337e-02
2.405496e-02;9.400685e-02;1.597723e-01;5.050077e-02;5.898452e-02;3.615347e-02;3.492226e-02;2.757491e-01;1.404586e-01;6.419220e-02;2.263095e-02;3.857397e-02
1.633601e-02;7.508027e-02;1.565842e-01;7.000174e-02;7.709152e-02;5.114300e-02;3.982134e-02;2.657308e-01;1.187694e-01;6.668825e-02;1.867274e-02;4.408072e-02
2.086693e-02;6.802782e-02;1.533882e-01;7.324491e-02;7.192516e-02;6.221559e-02;3.096807e-02;2.459917e-01;1.651008e-01;4.893200e-02;2.493389e-02;3.440508e-02
5.386955e-02;9.349106e-02;1.207997e-01;1.445368e-01;4.567812e-02;6.175811e-02;2.711794e-02;1.684525e-01;1.759906e-01;5.900332e-02;3.164223e-02;1.766007e-02
8.077355e-02;5.546056e-02;7.213410e-02;1.969625e-01;9.051618e-02;5.114787e-02;2.150491e-02;1.355972e-01;1.832896e-01;6.773112e-02;3.033097e-02;1.455127e-02
8.097725e-02;2.737433e-02;6.139838e-02;2.397237e-01;1.085472e-01;2.961324e-02;2.212185e-02;1.292042e-01;1.934604e-01;6.666134e-02;3.093969e-02;9.978387e-03
5.981487e-02;2.650448e-02;7.881224e-02;2.597807e-01;1.091357e-01;2.916555e-02;1.602889e-02;1.350971e-01;1.861221e-01;7.165831e-02;2.298370e-02;4.896374e-03
4.050469e-02;5.931984e-02;1.231108e-01;2.309471e-01;1.063709e-01;3.446833e-02;1.759191e-02;1.367558e-01;1.522522e-01;7.325438e-02;2.103559e-02;4.388466e-03
3.312726e-02;1.070379e-01;1.571176e-01;1.643689e-01;9.859376e-02;8.400894e-02;2.612648e-02;1.334505e-01;1.077460e-01;6.119986e-02;1.724907e-02;9.973668e-03
2.969708e-02;1.224265e-01;1.754424e-01;1.106165e-01;8.979770e-02;1.255110e-01;3.704418e-02;1.349524e-01;8.556263e-02;5.136592e-02;2.254582e-02;1.503792e-02
3.746193e-02;1.233213e-01;1.236233e-01;7.736366e-02;6.733048e-02;1.400369e-01;7.934660e-02;1.090546e-01;9.415565e-02;7.173384e-02;3.168007e-02;4.489184e-02
4.966274e-02;1.357531e-01;8.127358e-02;1.029756e-01;1.006850e-01;1.295826e-01;7.341037e-02;1.080720e-01;8.916133e-02;5.239965e-02;3.025401e-02;4.677000e-02
4.640608e-02;1.380824e-01;9.128721e-02;1.366374e-01;1.043624e-01;1.044374e-01;4.812578e-02;1.083180e-01;1.199468e-01;4.717081e-02;2.180539e-02;3.342023e-02
3.182979e-02;1.593984e-01;1.105955e-01;1.407468e-01;9.050719e-02;9.104432e-02;2.816018e-02;1.289157e-01;1.310716e-01;3.117227e-02;1.468525e-02;4.187299e-02
2.101288e-02;1.737228e-01;1.278123e-01;7.650108e-02;7.976830e-02;1.099733e-01;4.384021e-02;1.724469e-01;9.569094e-02;2.456400e-02;1.764681e-02;5.702039e-02
2.062468e-02;1.616404e-01;1.670542e-01;3.409513e-02;5.700982e-02;1.236524e-01;4.535105e-02;2.078080e-01;8.463398e-02;2.756221e-02;7.867564e-03;6.270062e-02
1.389617e-02;1.253215e-01;1.860407e-01;3.943934e-02;3.906386e-02;1.397980e-01;5.480856e-02;2.022948e-01;1.017986e-01;3.171985e-02;9.501979e-03;5.631659e-02
2.736769e-02;1.064868e-01;2.037797e-01;4.731344e-02;4.138426e-02;1.789052e-01;3.041213e-02;1.576378e-01;1.215463e-01;3.263180e-02;9.838616e-03;4.269614e-02
2.929252e-02;1.128063e-01;1.059168e-01;1.250113e-01;8.235424e-02;1.805395e-01;2.462931e-02;1.232428e-01;1.307038e-01;4.341609e-02;1.830588e-02;2.378146e-02
1.967933e-02;6.950716e-02;1.434718e-01;1.440233e-01;1.227426e-01;1.350409e-01;1.850052e-02;1.527940e-01;1.049902e-01;5.523350e-02;1.565375e-02;1.836289e-02
2.724227e-02;5.314786e-02;1.941472e-01;9.765439e-02;8.989753e-02;1.309755e-01;2.691601e-02;1.852661e-01;8.285242e-02;6.434505e-02;3.082376e-02;1.673200e-02
3.565430e-02;5.435209e-02;1.913108e-01;4.667263e-02;3.569528e-02;9.796943e-02;4.761181e-02;2.444645e-01;1.315046e-01;5.150057e-02;3.036882e-02;3.289508e-02
6.346632e-02;3.897685e-02;1.478995e-01;8.962972e-02;6.107275e-02;8.578499e-02;6.000642e-02;1.878852e-01;1.201539e-01;6.909785e-02;2.294557e-02;5.308093e-02
7.289281e-02;3.987103e-02;1.418097e-01;1.255614e-01;5.100581e-02;8.101728e-02;5.779941e-02;1.541486e-01;1.026415e-01;7.674800e-02;2.943395e-02;6.707051e-02
5.708419e-02;3.228084e-02;1.044311e-01;1.490427e-01;3.346665e-02;1.165055e-01;4.336038e-02;1.799523e-01;1.200140e-01;6.126413e-02;3.684544e-02;6.575266e-02
5.802084e-02;5.684221e-02;8.541098e-02;1.323610e-01;8.013519e-02;1.450943e-01;5.742281e-02;1.486871e-01;8.121531e-02;7.126312e-02;4.550408e-02;3.804311e-02
6.180250e-02;6.477064e-02;8.391888e-02;1.115472e-01;6.333645e-02;1.051561e-01;5.879096e-02;1.386295e-01;9.744860e-02;7.556073e-02;3.772592e-02;1.013125e-01
4.043246e-02;5.203443e-02;1.135818e-01;6.942499e-02;3.624235e-02;7.014178e-02;5.731484e-02;2.012060e-01;9.146349e-02;7.588559e-02;3.957203e-02;1.527002e-01
1.999368e-02;4.619773e-02;1.347794e-01;2.729113e-02;3.789851e-02;5.968023e-02;9.219231e-02;2.505379e-01;7.432964e-02;6.853462e-02;6.061007e-02;1.279548e-01
2.565152e-02;5.942914e-02;1.096430e-01;1.254988e-02;6.973217e-02;5.899678e-02;1.897816e-01;2.116166e-01;6.151960e-02;4.476325e-02;9.548547e-02;6.083106e-02
2.752238e-02;9.509952e-02;7.087167e-02;2.774802e-02;1.156631e-01;7.844803e-02;2.704249e-01;1.211703e-01;3.477874e-02;1.937919e-02;1.228796e-01;1.601440e-02
1.966314e-02;1.088566e-01;6.039614e-02;2.575832e-02;1.535318e-01;8.691955e-02;1.979290e-01;1.451207e-01;4.235529e-02;1.049149e-02;1.285010e-01;2.047706e-02
1.427288e-02;1.100655e-01;3.512733e-02;1.628126e-02;1.394782e-01;6.519429e-02;1.716463e-01;1.854926e-01;5.695866e-02;2.229661e-02;1.508352e-01;3.235120e-02
2.634890e-02;9.643349e-02;2.194969e-02;2.240885e-02;1.209086e-01;5.747261e-02;1.842057e-01;1.458264e-01;5.830652e-02;4.022663e-02;1.860558e-01;3.985681e-02
3.936398e-02;7.300522e-02;6.962083e-02;3.148544e-02;1.226794e-01;4.561891e-02;1.550736e-01;1.184657e-01;4.606964e-02;6.443921e-02;1.925416e-01;4.163651e-02
3.669338e-02;4.858845e-02;1.196399e-01;2.219714e-02;8.409958e-02;3.617038e-02;1.181296e-01;2.221371e-01;4.526536e-02;9.027289e-02;1.206166e-01;5.618966e-02
2.824843e-02;4.080386e-02;1.436576e-01;1.815515e-02;4.412126e-02;4.055916e-02;1.207593e-01;2.798845e-01;3.247493e-02;1.030675e-01;7.266716e-02;7.560108e-02
2.033940e-02;6.056017e-02;1.370005e-01;2.672884e-02;3.338061e-02;6.847171e-02;1.178087e-01;2.779963e-01;5.044183e-02;8.479422e-02;6.362038e-02;5.885739e-02
1.106599e-02;9.962780e-02;1.057391e-01;3.951366e-02;8.795730e-02;1.043060e-01;7.856928e-02;2.430656e-01;7.485975e-02;5.027404e-02;7.769147e-02;2.733012e-02
2.136232e-02;9.680268e-02;6.879387e-02;4.112665e-02;1.007170e-01;9.272824e-02;1.275711e-01;1.819074e-01;6.488048e-02;2.331317e-02;1.119527e-01;6.884433e-02
2.713972e-02;8.904831e-02;8.042041e-02;3.911934e-02;7.896409e-02;9.333280e-02;1.425211e-01;1.652862e-01;3.814125e-02;3.339343e-02;1.420079e-01;7.062538e-02
3.000533e-02;8.140654e-02;7.471864e-02;4.617270e-02;7.255470e-02;1.109643e-01;1.216246e-01;1.616245e-01;8.560435e-02;5.170188e-02;1.294259e-01;3.419648e-02
3.013889e-02;7.066666e-02;7.509730e-02;4.892639e-02;7.971072e-02;7.498038e-02;1.168038e-01;1.978580e-01;9.401429e-02;6.844860e-02;1.178072e-01;2.554785e-02
2.032870e-02;5.532222e-02;7.761368e-02;2.534570e-02;6.814783e-02;4.836357e-02;1.580646e-01;2.190116e-01;9.512535e-02;7.966013e-02;1.139088e-01;3.910779e-02
1.440986e-02;6.121054e-02;8.584069e-02;3.143108e-02;6.389630e-02;7.535444e-02;1.649397e-01;2.056918e-01;9.848869e-02;6.543973e-02;7.405527e-02;5.924186e-02
2.374696e-02;5.480012e-02;6.473918e-02;2.292499e-02;7.170539e-02;1.376674e-01;1.999769e-01;1.819595e-01;9.604620e-02;3.798541e-02;4.210090e-02;6.634713e-02
2.646764e-02;6.185178e-02;8.831251e-02;2.193113e-02;8.752371e-02;1.551300e-01;1.740120e-01;1.333257e-01;8.930096e-02;4.380677e-02;7.464372e-02;4.369402e-02
3.203252e-02;5.903002e-02;1.678208e-01;3.817401e-02;8.256437e-02;1.472017e-01;8.288188e-02;1.247150e-01;9.211714e-02;5.155670e-02;7.339904e-02;4.850674e-02
5.588061e-02;7.729734e-02;1.703414e-01;8.815382e-02;7.115453e-02;1.106239e-01;4.954426e-02;1.737032e-01;1.064439e-01;3.608543e-02;3.517463e-02;2.559699e-02
1.013388e-01;5.925983e-02;1.351046e-01;1.343741e-01;6.510349e-02;6.740396e-02;3.900025e-02;1.712134e-01;1.385467e-01;3.417373e-02;3.071050e-02;2.377059e-02
1.286459e-01;6.279626e-02;9.577064e-02;1.823391e-01;5.745891e-02;5.198415e-02;4.708981e-02;1.561119e-01;1.453858e-01;2.470803e-02;3.919836e-02;8.511155e-03
7.986013e-02;8.164389e-02;1.660035e-01;1.821303e-01;3.338313e-02;4.891976e-02;3.758727e-02;1.937629e-01;1.038698e-01;9.256510e-03;3.877189e-02;2.481093e-02
2.625556e-02;6.592935e-02;2.416532e-01;1.476730e-01;2.784283e-02;7.591422e-02;5.199641e-02;2.124732e-01;7.723495e-02;1.053621e-02;3.140767e-02;3.108344e-02
9.071643e-03;5.331981e-02;2.482212e-01;8.194187e-02;2.819262e-02;9.008355e-02;8.343955e-02;2.199273e-01;1.016938e-01;1.750701e-02;2.784907e-02;3.875255e-02
1.172210e-02;4.765709e-02;2.295057e-01;5.413031e-02;2.411525e-02;6.617414e-02;7.175468e-02;2.628205e-01;1.463298e-01;2.069361e-02;3.221798e-02;3.287885e-02
3.196121e-02;2.855322e-02;2.098079e-01;7.111713e-02;2.536766e-02;5.222807e-02;4.495241e-02;2.885503e-01;1.616378e-01;2.378681e-02;3.845454e-02;2.358295e-02
5.204415e-02;4.122210e-02;1.999177e-01;6.661095e-02;3.466338e-02;4.976844e-02;4.687055e-02;2.956114e-01;1.327784e-01;2.017923e-02;3.765443e-02;2.267930e-02
3.674488e-02;5.170673e-02;1.897474e-01;6.501545e-02;3.399687e-02;8.878312e-02;4.973885e-02;2.989799e-01;1.097566e-01;3.031627e-02;2.582605e-02;1.938787e-02
2.117243e-02;7.571093e-02;1.356395e-01;5.768037e-02;4.751077e-02;1.448699e-01;3.990717e-02;3.168351e-01;8.849651e-02;3.133087e-02;2.049290e-02;2.035356e-02
2.423520e-02;8.000289e-02;4.506855e-02;4.061651e-02;6.147665e-02;2.036860e-01;3.985865e-02;3.363305e-01;8.324612e-02;2.682969e-02;2.220484e-02;3.644443e-02
3.073755e-02;5.900120e-02;6.009889e-02;6.528132e-02;6.178914e-02;1.667228e-01;5.598807e-02;2.927601e-01;9.808198e-02;2.833265e-02;4.241324e-02;3.879306e-02
3.139507e-02;4.671640e-02;6.603466e-02;7.797801e-02;7.224583e-02;1.217757e-01;5.400394e-02;2.652839e-01;1.289980e-01;2.704446e-02;7.220457e-02;3.631952e-02
2.906190e-02;3.595330e-02;7.888404e-02;6.326196e-02;6.038607e-02;1.376461e-01;4.175214e-02;2.931715e-01;1.303592e-01;2.371410e-02;6.096799e-02;4.484177e-02
2.593733e-02;6.565085e-02;1.237075e-01;4.891341e-02;4.141861e-02;1.542759e-01;6.509678e-02;2.787187e-01;8.171897e-02;2.776987e-02;2.747099e-02;5.932100e-02
3.105536e-02;1.482715e-01;1.656167e-01;3.523428e-02;3.871559e-02;1.215448e-01;7.083431e-02;2.031269e-01;7.227692e-02;2.591236e-02;2.536499e-02;6.204626e-02
3.426509e-02;2.153426e-01;1.949402e-01;2.579091e-02;4.825336e-02;8.429993e-02;7.552557e-02;1.510214e-01;6.698145e-02;1.817399e-02;3.907325e-02;4.633231e-02
4.124159e-02;2.512047e-01;2.149695e-01;1.909519e-02;5.735419e-02;6.806742e-02;7.378986e-02;1.474219e-01;5.648610e-02;1.170492e-02;3.741456e-02;2.125012e-02
3.357486e-02;2.157090e-01;1.873543e-01;1.689711e-02;5.067762e-02;1.144437e-01;7.687744e-02;1.911188e-01;6.647298e-02;1.064790e-02;2.240905e-02;1.381709e-02
3.142378e-02;1.692268e-01;1.604042e-01;2.209885e-02;3.925973e-02;1.851927e-01;8.184671e-02;1.827120e-01;6.720075e-02;1.190477e-02;2.126968e-02;2.746011e-02
4.216389e-02;1.213285e-01;1.590344e-01;3.451746e-02;5.546138e-02;2.092449e-01;7.702110e-02;1.625302e-01;3.695986e-02;2.119623e-02;3.343371e-02;4.710830e-02
3.944502e-02;1.568925e-01;2.083302e-01;3.775576e-02;6.911098e-02;1.341939e-01;5.622375e-02;1.357000e-01;4.867778e-02;2.204482e-02;4.447648e-02;4.714877e-02
3.993901e-02;1.578144e-01;1.408791e-01;7.193472e-02;7.874935e-02;5.548870e-02;5.208436e-02;1.774149e-01;7.988142e-02;4.368348e-02;7.126586e-02;3.086462e-02
2.484720e-02;1.297885e-01;6.547216e-02;7.542909e-02;4.906213e-02;1.498844e-01;2.995536e-02;2.317615e-01;9.610943e-02;5.894901e-02;6.207504e-02;2.666613e-02
2.441947e-02;1.094914e-01;1.153510e-01;6.591539e-02;6.519302e-02;1.789606e-01;6.340304e-02;1.843230e-01;7.378300e-02;5.568726e-02;2.164326e-02;4.182970e-02
3.678985e-02;1.417131e-01;1.105596e-01;4.860545e-02;6.760014e-02;1.560631e-01;5.584646e-02;1.536894e-01;1.155580e-01;5.329944e-02;2.152754e-02;3.874785e-02
2.450550e-02;1.334782e-01;1.450394e-01;5.299094e-02;4.360082e-02;1.184495e-01;3.061005e-02;2.637699e-01;1.247329e-01;2.903434e-02;1.214444e-02;2.164404e-02
1.467515e-02;1.164847e-01;1.132818e-01;3.773583e-02;3.298062e-02;9.934441e-02;6.372403e-02;3.403887e-01;1.112569e-01;1.238643e-02;3.089508e-02;2.684639e-02
1.332488e-02;1.294048e-01;6.663180e-02;2.750770e-02;3.241203e-02;1.679628e-01;1.058265e-01;2.687204e-01;1.097969e-01;1.278940e-02;4.085080e-02;2.477196e-02
2.146092e-02;1.317001e-01;7.207489e-02;2.363832e-02;3.899196e-02;2.489106e-01;1.509585e-01;1.227755e-01;1.056343e-01;1.686475e-02;4.484022e-02;2.214987e-02
1.884229e-02;9.213344e-02;5.004337e-02;2.683849e-02;2.603572e-02;2.441234e-01;1.444805e-01;2.443633e-01;7.004149e-02;2.032864e-02;4.767437e-02;1.509499e-02
1.450335e-02;1.018335e-01;6.499944e-02;2.227754e-02;1.772134e-02;2.308026e-01;1.279353e-01;2.887074e-01;4.289958e-02;2.204839e-02;4.784394e-02;1.842760e-02
1.796025e-02;9.909664e-02;8.202469e-02;2.216544e-02;1.163370e-02;2.391543e-01;1.109026e-01;2.970906e-01;4.811729e-02;2.828341e-02;2.213922e-02;2.143192e-02
4.084980e-02;5.273592e-02;5.347395e-02;3.221405e-02;2.071734e-02;2.554441e-01;6.914348e-02;2.573728e-01;9.364492e-02;6.176218e-02;3.984710e-02;2.279434e-02
8.125494e-02;5.559237e-02;3.457032e-02;4.395648e-02;1.263029e-02;2.718888e-01;2.596818e-02;2.067941e-01;9.266444e-02;9.308174e-02;5.746118e-02;2.413722e-02
7.573891e-02;5.879774e-02;9.287889e-02;3.618588e-02;4.213151e-02;2.500770e-01;3.933435e-02;2.022631e-01;8.485906e-02;5.761271e-02;2.275399e-02;3.736683e-02
6.733246e-02;6.574833e-02;1.264228e-01;7.327480e-02;3.357580e-02;2.601715e-01;2.624613e-02;1.852260e-01;9.458680e-02;2.123793e-02;2.387254e-02;2.230487e-02
6.915674e-02;6.732847e-02;7.831924e-02;1.003674e-01;1.917351e-02;2.822594e-01;7.462046e-02;1.851137e-01;6.117250e-02;3.333063e-02;2.007615e-02;9.081635e-03
5.484266e-02;1.033170e-01;7.400396e-02;8.280287e-02;2.104098e-02;2.578231e-01;1.459993e-01;1.533295e-01;5.651752e-02;2.599525e-02;1.958465e-02;4.743188e-03
3.752400e-02;1.890062e-01;8.128107e-02;5.265884e-02;2.185737e-02;2.187351e-01;1.963725e-01;1.035841e-01;5.569455e-02;1.787259e-02;2.058166e-02;4.832042e-03
1.554758e-02;2.202551e-01;1.166424e-01;3.198395e-02;1.662146e-02;1.824172e-01;1.584117e-01;1.537518e-01;4.811332e-02;1.823441e-02;2.728136e-02;1.073983e-02
2.408174e-02;1.891975e-01;1.403840e-01;1.646578e-02;3.244734e-02;2.022450e-01;8.319549e-02;1.933070e-01;4.702597e-02;2.319407e-02;3.540151e-02;1.305456e-02
2.770285e-02;1.273213e-01;1.047721e-01;2.322913e-02;2.967052e-02;2.112653e-01;3.371635e-02;2.719812e-01;9.125383e-02;4.137209e-02;1.643731e-02;2.127813e-02
2.008718e-02;9.955002e-02;1.017398e-01;4.608989e-02;3.098435e-02;1.985988e-01;5.925178e-02;2.520979e-01;8.622845e-02;4.350739e-02;2.892618e-02;3.293827e-02
1.949961e-02;1.330982e-01;1.213180e-01;5.496769e-02;3.034573e-02;1.800136e-01;9.485197e-02;1.575627e-01;7.790477e-02;4.732274e-02;4.976530e-02;3.334968e-02
3.288260e-02;1.858176e-01;1.215699e-01;5.306469e-02;3.903830e-02;1.538692e-01;1.322284e-01;8.683266e-02;6.569694e-02;4.936178e-02;4.911377e-02;3.052419e-02
3.400429e-02;1.673996e-01;7.001975e-02;4.151282e-02;3.751158e-02;1.035096e-01;1.183791e-01;2.313666e-01;8.423474e-02;4.177787e-02;3.567031e-02;3.461377e-02
2.494572e-02;1.492408e-01;5.018770e-02;4.275008e-02;3.912139e-02;7.225434e-02;9.524413e-02;3.096584e-01;1.227640e-01;3.104427e-02;2.627007e-02;3.651908e-02
4.387480e-02;1.658438e-01;1.242383e-01;5.565291e-02;4.045573e-02;5.525161e-02;6.734741e-02;2.539012e-01;1.320950e-01;1.963424e-02;2.099720e-02;2.070778e-02
5.312919e-02;1.724075e-01;9.284634e-02;5.615099e-02;3.662354e-02;1.395994e-01;8.603115e-02;1.688720e-01;1.233763e-01;2.932885e-02;1.943979e-02;2.219498e-02
4.221725e-02;1.443550e-01;7.086067e-02;3.916505e-02;3.827437e-02;2.131348e-01;1.025626e-01;1.738390e-01;1.056778e-01;2.459954e-02;2.189982e-02;2.341417e-02
3.714043e-02;7.304870e-02;1.464948e-01;4.226455e-02;2.896474e-02;2.239637e-01;7.014450e-02;2.157070e-01;8.102510e-02;2.944513e-02;3.393181e-02;1.786960e-02
3.272524e-02;6.606922e-02;1.595908e-01;6.634434e-02;2.365397e-02;1.821719e-01;4.196019e-02;2.474563e-01;8.938726e-02;3.430401e-02;4.170210e-02;1.463468e-02
3.298068e-02;1.222244e-01;2.133280e-01;6.779976e-02;1.961177e-02;1.754405e-01;2.255761e-02;2.060027e-01;6.213525e-02;3.091664e-02;3.308368e-02;1.391903e-02
3.291995e-02;1.541656e-01;1.848027e-01;6.404567e-02;6.627732e-02;1.553107e-01;4.272581e-02;1.576208e-01;7.511254e-02;3.000029e-02;1.815207e-02;1.886657e-02
2.733526e-02;1.107141e-01;8.947257e-02;1.066967e-01;1.312024e-01;1.366398e-01;4.414529e-02;1.486690e-01;1.376239e-01;3.357057e-02;1.614153e-02;1.778884e-02
2.435922e-02;6.924401e-02;7.601439e-02;1.575657e-01;1.907206e-01;8.893635e-02;4.788972e-02;9.993453e-02;1.711453e-01;4.172628e-02;1.777189e-02;1.469200e-02
2.385242e-02;4.163948e-02;7.306986e-02;1.987898e-01;2.113144e-01;5.816587e-02;5.316210e-02;8.321872e-02;1.820052e-01;4.178303e-02;2.033386e-02;1.266521e-02
3.208452e-02;2.865249e-02;6.774757e-02;2.367855e-01;2.043446e-01;5.502959e-02;6.390505e-02;8.912041e-02;1.663545e-01;3.422746e-02;1.188784e-02;9.860454e-03
4.122344e-02;2.944410e-02;6.694306e-02;2.509861e-01;1.979098e-01;6.561965e-02;8.393536e-02;7.807614e-02;1.386639e-01;3.374179e-02;7.116828e-03;6.339836e-03
3.684985e-02;3.103110e-02;3.860009e-02;2.566276e-01;2.079707e-01;8.626224e-02;8.338273e-02;1.011418e-01;1.195532e-01;2.343866e-02;1.011724e-02;5.024903e-03
2.717556e-02;2.712949e-02;7.019515e-02;2.577614e-01;2.364618e-01;8.228056e-02;7.101367e-02;7.734010e-02;9.971277e-02;3.229390e-02;1.317990e-02;5.455722e-03
2.589896e-02;2.054545e-02;5.638751e-02;2.651425e-01;2.926409e-01;8.631443e-02;5.226086e-02;4.643476e-02;9.487060e-02;4.343893e-02;8.254870e-03;7.810261e-03
2.444102e-02;2.529941e-02;6.641366e-02;2.328001e-01;2.998819e-01;7.698451e-02;3.432545e-02;7.010654e-02;9.535199e-02;5.438442e-02;1.080937e-02;9.201684e-03
1.447303e-02;5.345573e-02;6.191228e-02;1.863769e-01;2.774947e-01;9.971606e-02;3.107330e-02;7.717066e-02;9.650669e-02;7.658511e-02;1.050309e-02;1.473245e-02
1.956433e-02;6.865655e-02;9.328361e-02;1.416805e-01;1.581705e-01;1.432170e-01;4.324516e-02;1.202742e-01;8.306687e-02;8.990198e-02;2.049072e-02;1.844871e-02
2.813592e-02;7.706452e-02;8.339107e-02;1.115804e-01;7.741472e-02;1.768167e-01;5.548869e-02;1.519021e-01;1.340191e-01;6.331299e-02;2.989388e-02;1.097983e-02
