7.209936e-02;1.607178e-02;2.056625e-02;2.626547e-01;1.147327e-02;5.037848e-02;1.884143e-01;8.298513e-02;2.918423e-02;1.096316e-01;1.723925e-02;1.393016e-01
6.050553e-02;1.544741e-02;1.653658e-02;2.364374e-01;8.923772e-03;3.114473e-02;2.457994e-01;7.160610e-02;1.763869e-02;9.208396e-02;1.500000e-02;1.888764e-01
6.909997e-02;8.871791e-03;2.249549e-02;1.614760e-01;1.463208e-02;3.242938e-02;2.940673e-01;7.316416e-02;9.875514e-03;7.428777e-02;1.854878e-02;2.210517e-01
7.268211e-02;2.190689e-02;3.076824e-02;9.151556e-02;1.403705e-02;4.729496e-02;3.047703e-01;8.018257e-02;1.901507e-02;6.469760e-02;3.337590e-02;2.197537e-01
8.598620e-02;3.338706e-02;4.632589e-02;6.449093e-02;2.460528e-02;6.508522e-02;2.681271e-01;9.716417e-02;3.089300e-02;5.783846e-02;4.335896e-02;1.827377e-01
7.885592e-02;3.573287e-02;7.819003e-02;6.415219e-02;3.621248e-02;8.399259e-02;2.177318e-01;1.029889e-01;3.475655e-02;4.988997e-02;6.862479e-02;1.488719e-01
4.432084e-02;3.083923e-02;1.132509e-01;8.197255e-02;4.524745e-02;9.614153e-02;1.699309e-01;1.092477e-01;4.919226e-02;6.479114e-02;7.699089e-02;1.180747e-01
4.950825e-02;1.881932e-02;6.019108e-02;9.070420e-02;4.078609e-02;7.896029e-02;2.100455e-01;1.002828e-01;3.036805e-02;1.133894e-01;2.584659e-02;1.810985e-01
2.896293e-02;1.904123e-02;4.895056e-02;4.993194e-02;1.644075e-02;9.010137e-02;2.264047e-01;9.277844e-02;3.269225e-02;1.302477e-01;3.270648e-02;2.317417e-01
4.415407e-02;2.440563e-02;6.933753e-02;6.360947e-02;2.169195e-02;1.110698e-01;2.045438e-01;9.903861e-02;2.278942e-02;1.383240e-01;2.187905e-02;1.791567e-01
3.250557e-02;3.311917e-02;5.814700e-02;1.048882e-01;3.529000e-02;9.179552e-02;2.638249e-01;1.060049e-01;3.491764e-02;1.384754e-01;2.332981e-02;7.770187e-02
5.719106e-02;6.234442e-02;9.638339e-02;7.678965e-02;5.933578e-02;3.613352e-02;9.896389e-02;9.717517e-02;1.017443e-01;1.145808e-01;1.014969e-01;9.786116e-02
7.926194e-02;6.904759e-02;9.069788e-02;8.372825e-02;6.296092e-02;3.811150e-02;5.460944e-02;8.790386e-02;1.061689e-01;8.723320e-02;1.249173e-01;1.153592e-01
9.922899e-02;8.110173e-02;7.478740e-02;8.610282e-02;6.665311e-02;4.621492e-02;5.237071e-02;9.006653e-02;9.499308e-02;6.220634e-02;1.211465e-01;1.251278e-01
1.250953e-01;1.043949e-01;5.683938e-02;8.884078e-02;6.339271e-02;6.472098e-02;6.850700e-02;8.828436e-02;7.042458e-02;4.070407e-02;1.046094e-01;1.241866e-01
8.883312e-02;1.137929e-01;1.184881e-01;7.880756e-02;6.057353e-02;6.486200e-02;7.841042e-02;4.443999e-02;7.661301e-02;9.429883e-02;6.371202e-02;1.171686e-01
7.929554e-02;1.185207e-01;1.637877e-01;4.120791e-02;3.472660e-02;6.441951e-02;7.050041e-02;7.194293e-02;1.465465e-01;8.896988e-02;5.663446e-02;6.344789e-02
1.175655e-01;1.431050e-01;1.414168e-01;2.369702e-02;3.439230e-02;5.627402e-02;6.113843e-02;6.645180e-02;1.956553e-01;5.984113e-02;5.809423e-02;4.236847e-02
1.933744e-01;1.238724e-01;8.308731e-02;2.000078e-02;6.769112e-02;3.702986e-02;5.026730e-02;1.040532e-01;1.792616e-01;2.770930e-02;8.556294e-02;2.808980e-02
2.491464e-01;7.273050e-02;5.322050e-02;2.198778e-02;1.035619e-01;1.909745e-02;4.186360e-02;1.410299e-01;1.053200e-01;2.648760e-02;1.281890e-01;3.736524e-02
2.844124e-01;5.993599e-02;4.476452e-02;1.625334e-02;1.199340e-01;1.233095e-02;3.542752e-02;1.561151e-01;6.463255e-02;2.165670e-02;1.577772e-01;2.675976e-02
3.109057e-01;4.516899e-02;3.810962e-02;1.159680e-02;1.247792e-01;1.183655e-02;3.174776e-02;1.730441e-01;4.585749e-02;1.648529e-02;1.690696e-01;2.139891e-02
3.373097e-01;3.201373e-02;3.746898e-02;1.201466e-02;1.247867e-01;9.519391e-03;2.494829e-02;1.948534e-01;3.413395e-02;1.471296e-02;1.594709e-01;1.876738e-02
3.503466e-01;3.243905e-02;3.817366e-02;9.867771e-03;1.199215e-01;9.927925e-03;2.595386e-02;2.193708e-01;3.117256e-02;1.505097e-02;1.270729e-01;2.070242e-02
3.682784e-01;2.482208e-02;4.146481e-02;5.689164e-03;1.209957e-01;6.274894e-03;2.807823e-02;2.655308e-01;1.868041e-02;9.044961e-03;8.697020e-02;2.417046e-02
3.531432e-01;2.059023e-02;5.239202e-02;6.195860e-03;1.147071e-01;5.635611e-03;2.787076e-02;3.101092e-01;1.320259e-02;1.084628e-02;6.628140e-02;1.902566e-02
3.102508e-01;2.015372e-02;5.546114e-02;4.283397e-03;1.047005e-01;3.713588e-03;4.315802e-02;3.523738e-01;1.091235e-02;1.393365e-02;6.153077e-02;1.952825e-02
2.561966e-01;2.105652e-02;4.780359e-02;5.896929e-03;8.521915e-02;5.918451e-03;9.844206e-02;3.707247e-01;1.377965e-02;1.797389e-02;4.998400e-02;2.700451e-02
2.110031e-01;2.602419e-02;3.947083e-02;9.053140e-03;6.335416e-02;1.070790e-02;1.714802e-01;3.482339e-01;2.532785e-02;1.678359e-02;4.375714e-02;3.480396e-02
1.898732e-01;2.409589e-02;3.142237e-02;6.467285e-03;4.279561e-02;2.243585e-02;2.315242e-01;3.099675e-01;3.143414e-02;2.489619e-02;4.195720e-02;4.313064e-02
1.878723e-01;2.259375e-02;3.460032e-02;9.366757e-03;2.594598e-02;2.554861e-02;2.542360e-01;2.691489e-01;2.714666e-02;4.154263e-02;3.402726e-02;6.797089e-02
2.400177e-01;3.074378e-02;5.740252e-02;1.331498e-02;1.981496e-02;2.089224e-02;1.622282e-01;2.050653e-01;6.693240e-02;5.201289e-02;4.071975e-02;9.085527e-02
3.817961e-01;8.330987e-02;9.574787e-02;1.492656e-02;4.345935e-02;1.567555e-02;7.249229e-02;8.879855e-02;5.288764e-02;3.521393e-02;4.274281e-02;7.294953e-02
4.180312e-01;8.212841e-02;1.012321e-01;1.340482e-02;4.196439e-02;7.378206e-03;4.835598e-02;1.443128e-01;3.585033e-02;1.962021e-02;4.103364e-02;4.668795e-02
4.176312e-01;9.018873e-02;1.200198e-01;1.659275e-02;4.150913e-02;1.199039e-02;4.757142e-02;1.484379e-01;1.550424e-02;1.576087e-02;3.683077e-02;3.796276e-02
3.848385e-01;1.175342e-01;1.574008e-01;1.348973e-02;5.791043e-02;9.509379e-03;2.396239e-02;1.129251e-01;2.111292e-02;1.923037e-02;5.035390e-02;3.173224e-02
2.770994e-01;2.046807e-01;2.071688e-01;1.421084e-02;4.816562e-02;2.263851e-02;1.582963e-02;6.047647e-02;5.275006e-02;2.262505e-02;5.277501e-02;2.157987e-02
1.335106e-01;2.478305e-01;2.790952e-01;1.713923e-02;2.636432e-02;4.870189e-02;1.095304e-02;1.924413e-02;1.396800e-01;2.181591e-02;3.012117e-02;2.554417e-02
5.934543e-02;2.423120e-01;2.962075e-01;2.263836e-02;1.061336e-02;5.894647e-02;7.523038e-03;1.356772e-02;2.318777e-01;1.803868e-02;1.161593e-02;2.731386e-02
8.617695e-02;2.331747e-01;2.194390e-01;1.727059e-02;8.065430e-03;4.648794e-02;1.246533e-02;2.297064e-02;3.037947e-01;2.263976e-02;9.023248e-03;1.849179e-02
1.092064e-01;2.344042e-01;1.335980e-01;1.075598e-02;7.912581e-03;2.936342e-02;1.031595e-02;2.414551e-02;4.018081e-01;1.625482e-02;1.446817e-02;7.766910e-03
1.041481e-01;1.981934e-01;1.015041e-01;1.096850e-02;8.083752e-03;2.987382e-02;9.178399e-03;2.827602e-02;4.517089e-01;2.932275e-02;1.416802e-02;1.457421e-02
9.955503e-02;1.678323e-01;1.011508e-01;1.473654e-02;1.102027e-02;3.567246e-02;1.324697e-02;3.597860e-02;4.633057e-01;2.562856e-02;1.708033e-02;1.479241e-02
1.042219e-01;1.562629e-01;1.181249e-01;1.412193e-02;1.528132e-02;4.557509e-02;1.893972e-02;3.573166e-02;4.225974e-01;3.547959e-02;1.915891e-02;1.450472e-02
1.625525e-01;1.433158e-01;1.192003e-01;9.360143e-03;3.218367e-02;3.749029e-02;1.397137e-02;9.977125e-02;3.168473e-01;3.255706e-02;1.783753e-02;1.491285e-02
2.262212e-01;1.127883e-01;1.164053e-01;9.277327e-03;5.867182e-02;2.036372e-02;5.329845e-02;1.765170e-01;1.513672e-01;2.273340e-02;2.815929e-02;2.419699e-02
2.288512e-01;5.840274e-02;1.309332e-01;1.715015e-02;6.322124e-02;1.969107e-02;9.437724e-02;1.921911e-01;7.578783e-02;3.944600e-02;4.168938e-02;3.825896e-02
1.432187e-01;5.116048e-02;1.646396e-01;2.402921e-02;6.015119e-02;3.042750e-02;1.010825e-01;1.322511e-01;1.165494e-01;5.911257e-02;5.713566e-02;6.024213e-02
7.276583e-02;8.430371e-02;1.107396e-01;4.517009e-02;7.927673e-02;3.951174e-02;1.172177e-01;9.018712e-02;9.780949e-02;7.083878e-02;1.003576e-01;9.182163e-02
8.286843e-02;8.835908e-02;7.704107e-02;4.841436e-02;8.126411e-02;6.264618e-02;1.349251e-01;8.710759e-02;9.660111e-02;6.863064e-02;1.179836e-01;5.415865e-02
8.620606e-02;5.815735e-02;1.044653e-01;5.623168e-02;5.549533e-02;7.149621e-02;1.206243e-01;1.070069e-01;1.237981e-01;6.553694e-02;9.166785e-02;5.931401e-02
8.513508e-02;5.852755e-02;1.072047e-01;8.274303e-02;4.424998e-02;6.076827e-02;1.290399e-01;8.609246e-02;1.405333e-01;1.091748e-01;4.528223e-02;5.124876e-02
5.063423e-02;6.551828e-02;8.536978e-02;8.422006e-02;7.494926e-02;4.783897e-02;1.344520e-01;1.246904e-01;1.235787e-01;1.176320e-01;6.178482e-02;2.933147e-02
3.457367e-02;5.913443e-02;8.321117e-02;7.916193e-02;8.759084e-02;6.135765e-02;1.157269e-01;1.543354e-01;1.223603e-01;8.614856e-02;6.813113e-02;4.826804e-02
5.882163e-02;4.544269e-02;9.724174e-02;7.747203e-02;6.608853e-02;8.995557e-02;1.272385e-01;9.733371e-02;7.636228e-02;9.958082e-02;8.715157e-02;7.731095e-02
7.757549e-02;5.292730e-02;8.323550e-02;4.874295e-02;7.936026e-02;9.932866e-02;1.101393e-01;1.055388e-01;7.372940e-02;9.722572e-02;1.007025e-01;7.149414e-02
7.212327e-02;6.473301e-02;9.000845e-02;4.300102e-02;1.079784e-01;1.113008e-01;9.812155e-02;1.216232e-01;6.050871e-02;1.029901e-01;8.142819e-02;4.618329e-02
5.062951e-02;6.187679e-02;1.275930e-01;6.757989e-02;1.248852e-01;1.081294e-01;9.270090e-02;1.116354e-01;7.545589e-02;9.968635e-02;3.467950e-02;4.514816e-02
4.842465e-02;8.829611e-02;1.371840e-01;4.957381e-02;8.814788e-02;7.594875e-02;1.174657e-01;6.800237e-02;1.248566e-01;9.332336e-02;5.116373e-02;5.761297e-02
5.498963e-02;1.073164e-01;1.098074e-01;4.465911e-02;5.266792e-02;7.917313e-02;1.188001e-01;8.717927e-02;1.394863e-01;8.552556e-02;6.948125e-02;5.091391e-02
7.470372e-02;9.502845e-02;9.748103e-02;7.905608e-02;4.243100e-02;7.987897e-02;7.447200e-02;7.198494e-02;1.468798e-01;9.381270e-02;6.689067e-02;7.738068e-02
6.913383e-02;7.040284e-02;1.518295e-01;5.839149e-02;6.068665e-02;6.036599e-02;1.185963e-01;6.483858e-02;1.103588e-01;9.772839e-02;6.259820e-02;7.506935e-02
7.952359e-02;8.095711e-02;1.775271e-01;3.888528e-02;4.610906e-02;3.803294e-02;1.209652e-01;8.867154e-02;1.180114e-01;9.754574e-02;7.804234e-02;3.572876e-02
1.039421e-01;7.810651e-02;1.638009e-01;5.048911e-02;4.601717e-02;4.418228e-02;1.166641e-01;1.221561e-01;7.692672e-02;1.008703e-01;7.234769e-02;2.449698e-02
1.528557e-01;7.275309e-02;1.371848e-01;4.245708e-02;4.971571e-02;5.318083e-02;9.278037e-02;1.787110e-01;2.600896e-02;9.810878e-02;6.700192e-02;2.924182e-02
1.991553e-01;5.871527e-02;8.269536e-02;3.356571e-02;5.577192e-02;3.929744e-02;8.997206e-02;2.340147e-01;5.160775e-02;6.049752e-02;4.755136e-02;4.715553e-02
2.234415e-01;2.947997e-02;3.653072e-02;3.248852e-02;5.222328e-02;2.590673e-02;1.799177e-01;2.877357e-01;2.294720e-02;2.447904e-02;2.506281e-02;5.978685e-02
1.770420e-01;1.792022e-02;2.384179e-02;8.301231e-02;6.096172e-02;2.796981e-02;2.392099e-01;2.564432e-01;1.745634e-02;3.027887e-02;3.249947e-02;3.336439e-02
9.278569e-02;1.528960e-02;2.186571e-02;1.223568e-01;5.441354e-02;3.336570e-02;2.997247e-01;1.974541e-01;1.518590e-02;3.030697e-02;3.638783e-02;8.086333e-02
6.697226e-02;1.633202e-02;1.254119e-02;1.417450e-01;3.039376e-02;3.277956e-02;3.450818e-01;1.674428e-01;1.835679e-02;3.721157e-02;3.013146e-02;1.010118e-01
5.184289e-02;2.364714e-02;1.691013e-02;1.448843e-01;2.509559e-02;3.615086e-02;3.828653e-01;1.248273e-01;2.255915e-02;3.355571e-02;2.639729e-02;1.112644e-01
3.201998e-02;1.891292e-02;1.435770e-02;1.565947e-01;2.031519e-02;2.389347e-02;4.616280e-01;8.685765e-02;1.384612e-02;2.366832e-02;1.167827e-02;1.362276e-01
2.392019e-02;1.969867e-02;1.338211e-02;1.471808e-01;1.193970e-02;2.464081e-02;4.903975e-01;6.186372e-02;1.540887e-02;3.492554e-02;1.512634e-02;1.415157e-01
3.159237e-02;1.779771e-02;1.089515e-02;1.374855e-01;5.064502e-03;2.352165e-02;5.078347e-01;5.061750e-02;8.122916e-03;6.036626e-02;1.300137e-02;1.337003e-01
5.832611e-02;1.880577e-02;3.139462e-02;1.089025e-01;5.942979e-03;2.517493e-02;4.452661e-01;8.240698e-02;1.624331e-02;9.124620e-02;2.717778e-02;8.911277e-02
7.487722e-02;2.978152e-02;5.886391e-02;7.718302e-02;1.325942e-02;3.762461e-02;3.571211e-01;1.016777e-01;3.042133e-02;1.151355e-01;4.242978e-02;6.162486e-02
9.439572e-02;5.292071e-02;7.858195e-02;5.947367e-02;2.160902e-02;5.515448e-02;2.640087e-01;1.040987e-01;4.550176e-02;1.018119e-01;4.529836e-02;7.714501e-02
1.163420e-01;7.792360e-02;1.030701e-01;5.306640e-02;3.200680e-02;5.721341e-02;1.771044e-01;8.217917e-02;6.186499e-02;7.478028e-02;6.679468e-02;9.765415e-02
1.197712e-01;6.725170e-02;1.254798e-01;5.030675e-02;4.065638e-02;5.255988e-02;1.234132e-01;6.010225e-02;6.668907e-02;7.446934e-02;1.049035e-01;1.143969e-01
8.242637e-02;3.156810e-02;1.406777e-01;4.248853e-02;6.655023e-02;6.078820e-02;1.302290e-01;5.668785e-02;7.810335e-02;8.169030e-02;1.002652e-01;1.285252e-01
4.481260e-02;4.744481e-02;1.471262e-01;4.998558e-02;8.461976e-02;9.359787e-02;1.200733e-01;6.802108e-02;8.898763e-02;9.604413e-02;9.449742e-02;6.478968e-02
3.898394e-02;3.701521e-02;1.655906e-01;5.440017e-02;8.273492e-02;9.465151e-02;1.264765e-01;6.520225e-02;8.636189e-02;9.498838e-02;7.678763e-02;7.680701e-02
2.298012e-02;4.594269e-02;1.842650e-01;5.048535e-02;7.637572e-02;7.780164e-02;1.298302e-01;6.709518e-02;1.069189e-01;1.058656e-01;5.618558e-02;7.625404e-02
5.753525e-02;5.667364e-02;1.142199e-01;6.125020e-02;5.671820e-02;6.420391e-02;1.767317e-01;5.136563e-02;1.194908e-01;1.463083e-01;2.894285e-02;6.655966e-02
4.226206e-02;3.163849e-02;7.000968e-02;7.856922e-02;6.355685e-02;4.614082e-02;1.750827e-01;7.739644e-02;9.880338e-02;1.762539e-01;4.706174e-02;9.322470e-02
4.639341e-02;4.583744e-02;6.671232e-02;8.344277e-02;7.689209e-02;5.092834e-02;8.944806e-02;1.438539e-01;1.231822e-01;1.646135e-01;6.326234e-02;4.543361e-02
6.129711e-02;7.069912e-02;5.100096e-02;8.950420e-02;6.980252e-02;7.092307e-02;1.212725e-01;1.351462e-01;1.042146e-01;1.782317e-01;2.470849e-02;2.319971e-02
5.720395e-02;6.503069e-02;7.803004e-02;7.873321e-02;1.035151e-01;7.576462e-02;1.007221e-01;9.676533e-02;1.114429e-01;1.890604e-01;1.933991e-02;2.439185e-02
5.636535e-02;4.571072e-02;1.018736e-01;5.589338e-02;1.512467e-01;1.251650e-01;9.796327e-02;7.590196e-02;1.109029e-01;1.303884e-01;3.178187e-02;1.680693e-02
6.227570e-02;3.615203e-02;1.278006e-01;5.830157e-02;1.638300e-01;1.319627e-01;7.762069e-02;9.107305e-02;1.113519e-01;7.180201e-02;4.486870e-02;2.296103e-02
3.594971e-02;2.593619e-02;3.165235e-01;5.601113e-02;1.312983e-01;7.678878e-02;1.653130e-01;5.284718e-02;3.590576e-02;6.077780e-02;2.002059e-02;2.262807e-02
2.571061e-02;3.830441e-02;4.008380e-01;5.000083e-02;9.846707e-02;6.069426e-02;2.153568e-01;2.096203e-02;1.588060e-02;4.122808e-02;1.916489e-02;1.339246e-02
4.003883e-02;5.393595e-02;4.081489e-01;4.587842e-02;7.513727e-02;5.120375e-02;2.030473e-01;2.253293e-02;2.395295e-02;3.922070e-02;2.553785e-02;1.136509e-02
5.930332e-02;7.454167e-02;3.972520e-01;4.083174e-02;5.018733e-02;4.320713e-02;1.585076e-01;3.540125e-02;4.436144e-02;4.628348e-02;2.887153e-02;2.125158e-02
6.520911e-02;7.634906e-02;3.464499e-01;3.444494e-02;3.358244e-02;5.204627e-02;1.189636e-01;5.124221e-02;6.415002e-02;6.272220e-02;4.298917e-02;5.185109e-02
8.213556e-02;6.860472e-02;2.406315e-01;4.561784e-02;3.007278e-02;8.866691e-02;1.446088e-01;4.633174e-02;3.980919e-02;7.575291e-02;6.630818e-02;7.145988e-02
9.788692e-02;5.891351e-02;1.535049e-01;6.876379e-02;3.990538e-02;1.024069e-01;1.313112e-01;7.754094e-02;5.031064e-02;8.664308e-02;5.160877e-02;8.120397e-02
9.081227e-02;6.814235e-02;1.362555e-01;6.485584e-02;5.080568e-02;7.053132e-02;1.191633e-01;9.403948e-02;7.675135e-02;8.564667e-02;6.340397e-02;7.959220e-02
6.635773e-02;8.222675e-02;8.900388e-02;5.333293e-02;7.366038e-02;7.548369e-02;1.478838e-01;8.240952e-02;1.089047e-01;8.965620e-02;6.058149e-02;7.049890e-02
2.669788e-02;7.416400e-02;1.222696e-01;4.715976e-02;7.644171e-02;6.831878e-02;1.877932e-01;1.053329e-01;8.818731e-02;8.272994e-02;4.788392e-02;7.302105e-02
5.759249e-02;6.377658e-02;1.711716e-01;6.598105e-02;6.647064e-02;7.781984e-02;1.651640e-01;8.388062e-02;7.168537e-02;6.392978e-02;4.988106e-02;6.264709e-02
5.286475e-02;8.072750e-02;1.646707e-01;5.461951e-02;9.420348e-02;7.995863e-02;1.308593e-01;8.031847e-02;7.489648e-02;9.376551e-02;5.204578e-02;4.106991e-02
8.928575e-02;6.577419e-02;1.356444e-01;5.089524e-02;9.140437e-02;9.881023e-02;8.210732e-02;7.960133e-02;8.869041e-02;1.151686e-01;6.336214e-02;3.925602e-02
6.259449e-02;5.384581e-02;2.307082e-01;5.363433e-02;6.944884e-02;8.343296e-02;1.717832e-01;3.934442e-02;6.715738e-02;7.315961e-02;5.694439e-02;3.794637e-02
6.012302e-02;8.691347e-02;3.046739e-01;5.297631e-02;7.800901e-02;6.858598e-02;1.779287e-01;3.025416e-02;4.708512e-02;3.268221e-02;3.483438e-02;2.593374e-02
1.067963e-01;1.199903e-01;2.822531e-01;4.464697e-02;7.155629e-02;6.691460e-02;1.305872e-01;3.994325e-02;5.743927e-02;1.960681e-02;3.531103e-02;2.495479e-02
1.324405e-01;1.608887e-01;2.444284e-01;5.444045e-02;7.215374e-02;6.751952e-02;6.575187e-02;3.867174e-02;7.523816e-02;2.255796e-02;4.323010e-02;2.267887e-02
1.223902e-01;1.408624e-01;1.726228e-01;8.341400e-02;1.062308e-01;8.260015e-02;6.230638e-02;6.164918e-02;6.105339e-02;2.613468e-02;6.013671e-02;2.059921e-02
1.410028e-01;8.146223e-02;1.158910e-01;8.928614e-02;1.315175e-01;8.030124e-02;8.992925e-02;1.189344e-01;3.698983e-02;3.330415e-02;5.800086e-02;2.338060e-02
1.317134e-01;4.773460e-02;9.299929e-02;9.751020e-02;1.227826e-01;7.008997e-02;1.146510e-01;1.561670e-01;4.613730e-02;5.439930e-02;4.330905e-02;2.250632e-02
9.075923e-02;3.171457e-02;6.995096e-02;9.512455e-02;1.184078e-01;7.704509e-02;1.786813e-01;1.438859e-01;3.799691e-02;8.471494e-02;3.763918e-02;3.407962e-02
8.449890e-02;4.884335e-02;6.032556e-02;9.257879e-02;1.077362e-01;7.301807e-02;1.953973e-01;1.183217e-01;4.519728e-02;8.687552e-02;3.980380e-02;4.740354e-02
1.531271e-01;5.689112e-02;9.493282e-02;6.344017e-02;9.000820e-02;6.445409e-02;1.630985e-01;1.397522e-01;3.210935e-02;6.241421e-02;4.152660e-02;3.824561e-02
2.292483e-01;6.722040e-02;1.452750e-01;5.124100e-02;5.876237e-02;3.887886e-02;1.087977e-01;1.648626e-01;3.197484e-02;3.435239e-02;2.901920e-02;4.036741e-02
2.537973e-01;8.600058e-02;1.709109e-01;4.279877e-02;5.789674e-02;2.070767e-02;8.363584e-02;1.584219e-01;2.545231e-02;2.442841e-02;2.290232e-02;5.304717e-02
2.345371e-01;8.879205e-02;1.787007e-01;4.867469e-02;5.065737e-02;2.502338e-02;9.074757e-02;1.334028e-01;2.323456e-02;3.187417e-02;3.137619e-02;6.297939e-02
1.762930e-01;7.784718e-02;1.317583e-01;1.002044e-01;6.649898e-02;4.126414e-02;9.075852e-02;9.035366e-02;3.946676e-02;5.256483e-02;6.290768e-02;7.008264e-02
1.449494e-01;7.558010e-02;7.856376e-02;1.333689e-01;1.001964e-01;7.679795e-02;5.911586e-02;6.314260e-02;5.069343e-02;7.923405e-02;4.284049e-02;9.551706e-02
1.505532e-01;1.141249e-01;5.476562e-02;7.629307e-02;1.060552e-01;6.308604e-02;4.886440e-02;4.424098e-02;4.922896e-02;7.503292e-02;7.340127e-02;1.443534e-01
1.564106e-01;1.030917e-01;3.763887e-02;5.504036e-02;8.456383e-02;6.276021e-02;6.424569e-02;3.384074e-02;5.246643e-02;7.309996e-02;9.247041e-02;1.843712e-01
1.080271e-01;6.717250e-02;6.285256e-02;4.702581e-02;6.132708e-02;7.599833e-02;1.111138e-01;7.552694e-02;5.117819e-02;7.710158e-02;1.138351e-01;1.488410e-01
5.962301e-02;4.698038e-02;7.379551e-02;4.182442e-02;7.769316e-02;8.635723e-02;1.354462e-01;1.360084e-01;7.458274e-02;9.342033e-02;1.019362e-01;7.233238e-02
7.706956e-02;4.297690e-02;8.910011e-02;4.128398e-02;7.751729e-02;1.014455e-01;1.393890e-01;1.650992e-01;8.046450e-02;8.718367e-02;5.713712e-02;4.133322e-02
1.295600e-01;3.515279e-02;9.848630e-02;6.910408e-02;4.498134e-02;7.186979e-02;1.607338e-01;1.215861e-01;6.789269e-02;4.826531e-02;4.345165e-02;1.089163e-01
5.452963e-02;6.131451e-02;1.406340e-01;7.379771e-02;6.909212e-02;6.394885e-02;1.435100e-01;9.554586e-02;1.059110e-01;7.410069e-02;6.871520e-02;4.890044e-02
5.159291e-02;6.651555e-02;1.218018e-01;7.853366e-02;7.163502e-02;5.647749e-02;1.438733e-01;1.121919e-01;9.225552e-02;8.914836e-02;6.613139e-02;4.984310e-02
4.826764e-02;7.541896e-02;1.840605e-01;8.061108e-02;6.441898e-02;4.917494e-02;1.584001e-01;1.089653e-01;4.233786e-02;9.311343e-02;4.712445e-02;4.810678e-02
6.672177e-02;8.388528e-02;2.565865e-01;5.696815e-02;6.716150e-02;5.155854e-02;1.777357e-01;3.638046e-02;5.377777e-02;5.801957e-02;3.565192e-02;5.555277e-02
1.405254e-01;1.063578e-01;2.193054e-01;3.415313e-02;5.158629e-02;4.010176e-02;1.298556e-01;7.520279e-02;8.180853e-02;2.655388e-02;4.825634e-02;4.629303e-02
2.093552e-01;1.458289e-01;1.869546e-01;2.084601e-02;3.355732e-02;2.623151e-02;8.222533e-02;8.369324e-02;1.059720e-01;2.879953e-02;4.084507e-02;3.569127e-02
2.984948e-01;1.703541e-01;1.505513e-01;9.890730e-03;3.447617e-02;1.420596e-02;5.103858e-02;7.575073e-02;1.064853e-01;3.004228e-02;3.268877e-02;2.602120e-02
3.602769e-01;1.306369e-01;1.392529e-01;5.416693e-03;5.403786e-02;9.679514e-03;3.213287e-02;1.071987e-01;7.721823e-02;2.555684e-02;3.337936e-02;2.521319e-02
3.605137e-01;8.586399e-02;1.590739e-01;4.881333e-03;6.264619e-02;1.038920e-02;2.421998e-02;1.630593e-01;5.019272e-02;1.856276e-02;3.806178e-02;2.253507e-02
3.373101e-01;6.476367e-02;1.816256e-01;5.189322e-03;6.030501e-02;8.550677e-03;3.136901e-02;2.054900e-01;2.139692e-02;1.749356e-02;4.360335e-02;2.290272e-02
2.951595e-01;4.884567e-02;2.332917e-01;7.240356e-03;5.513433e-02;7.842121e-03;3.154495e-02;2.139331e-01;2.217860e-02;1.725787e-02;4.051586e-02;2.705597e-02
2.604848e-01;3.713088e-02;3.048315e-01;8.876321e-03;4.589080e-02;8.230205e-03;1.919979e-02;2.120437e-01;1.723413e-02;1.877989e-02;4.092775e-02;2.637025e-02
2.317456e-01;2.642649e-02;3.466758e-01;1.392674e-02;3.591690e-02;8.077500e-03;2.423543e-02;1.936451e-01;2.170698e-02;1.954281e-02;4.768407e-02;3.041650e-02
1.953611e-01;2.003990e-02;3.799879e-01;1.158697e-02;2.854409e-02;9.900247e-03;3.636470e-02;1.596662e-01;2.033039e-02;2.357459e-02;6.697334e-02;4.767059e-02
1.309925e-01;2.753437e-02;3.907266e-01;1.555595e-02;2.291602e-02;1.149720e-02;5.632453e-02;1.058020e-01;4.013296e-02;3.626888e-02;8.443446e-02;7.781451e-02
8.984799e-02;3.860610e-02;4.329787e-01;1.665337e-02;2.708587e-02;1.795271e-02;7.308584e-02;5.886467e-02;4.234898e-02;5.251506e-02;8.283551e-02;6.722515e-02
6.331649e-02;4.739977e-02;4.395188e-01;2.180340e-02;3.011263e-02;2.932414e-02;8.449408e-02;4.928502e-02;2.980446e-02;7.534914e-02;7.409975e-02;5.549233e-02
7.836196e-02;5.745976e-02;3.256497e-01;3.195290e-02;3.218522e-02;4.414884e-02;1.273439e-01;8.200441e-02;3.471600e-02;6.831968e-02;5.256741e-02;6.529024e-02
1.251485e-01;5.313746e-02;1.685724e-01;3.427500e-02;6.408915e-02;5.949133e-02;1.737961e-01;8.295383e-02;6.429978e-02;4.825712e-02;3.933545e-02;8.664392e-02
1.170790e-01;6.858937e-02;1.881805e-01;3.723750e-02;7.458125e-02;6.708795e-02;1.470352e-01;6.194164e-02;5.333918e-02;2.822411e-02;5.272255e-02;1.039817e-01
4.646557e-02;1.204457e-01;2.002237e-01;4.316552e-02;5.077045e-02;6.881696e-02;1.592357e-01;6.883013e-02;5.974485e-02;5.672407e-02;5.196926e-02;7.360801e-02
4.293919e-02;6.143255e-02;9.884837e-02;7.185110e-02;7.519827e-02;6.053995e-02;1.046914e-01;1.079947e-01;1.185470e-01;1.024859e-01;8.294645e-02;7.252514e-02
3.796532e-02;4.441157e-02;9.072510e-02;5.991604e-02;8.683363e-02;7.220443e-02;2.003044e-01;8.171181e-02;1.152588e-01;8.789212e-02;6.422296e-02;5.855379e-02
9.674949e-02;8.358644e-02;1.480416e-01;7.152101e-02;6.550322e-02;5.334505e-02;1.980460e-01;6.684832e-02;7.142361e-02;5.247936e-02;4.699605e-02;4.545986e-02
1.270083e-01;9.088620e-02;1.578678e-01;7.259291e-02;6.187751e-02;5.181666e-02;1.978071e-01;5.662894e-02;6.036452e-02;4.413504e-02;3.324801e-02;4.576702e-02
1.448697e-01;7.818529e-02;1.710513e-01;7.043741e-02;5.747569e-02;5.256198e-02;1.962065e-01;5.696762e-02;6.250778e-02;3.663884e-02;3.093269e-02;4.216523e-02
1.820942e-01;3.732453e-02;2.128982e-01;6.221784e-02;6.086751e-02;4.991719e-02;1.590016e-01;6.378441e-02;5.715937e-02;3.666304e-02;4.155821e-02;3.651391e-02
1.127935e-01;1.027815e-01;2.204044e-01;1.039984e-01;7.269929e-02;7.024421e-02;1.078886e-01;5.633269e-02;3.068185e-02;4.420235e-02;3.667994e-02;4.129329e-02
5.301490e-02;7.823280e-02;2.325495e-01;1.043222e-01;8.557611e-02;7.446420e-02;1.252829e-01;6.049779e-02;5.924603e-02;4.156124e-02;4.925130e-02;3.600104e-02
6.590123e-02;4.706517e-02;2.350699e-01;7.804450e-02;9.081557e-02;1.073283e-01;1.127980e-01;7.436510e-02;5.288780e-02;4.932167e-02;4.563988e-02;4.076288e-02
6.972127e-02;3.984341e-02;1.842643e-01;6.622980e-02;9.808628e-02;1.645238e-01;1.565071e-01;7.777192e-02;2.703020e-02;4.374771e-02;2.969083e-02;4.258330e-02
6.060775e-02;6.276014e-02;1.445799e-01;7.587124e-02;1.353494e-01;1.326960e-01;1.655772e-01;6.759442e-02;5.279794e-02;4.929920e-02;1.735304e-02;3.551368e-02
4.308268e-02;5.887364e-02;1.808089e-01;5.101018e-02;1.429953e-01;1.085985e-01;1.913293e-01;6.504034e-02;5.367455e-02;5.264844e-02;2.480323e-02;2.713499e-02
3.940768e-02;4.808885e-02;1.383020e-01;8.479819e-02;1.540039e-01;1.382939e-01;1.789376e-01;7.358111e-02;6.421673e-02;4.004275e-02;2.534373e-02;1.498363e-02
7.346276e-02;8.405543e-02;1.538589e-01;1.059959e-01;1.038053e-01;9.593844e-02;1.037983e-01;6.757579e-02;8.256727e-02;5.563726e-02;3.232099e-02;4.098364e-02
9.768782e-02;9.141909e-02;2.299191e-01;9.994556e-02;6.668559e-02;3.729130e-02;1.311466e-01;2.765195e-02;7.050731e-02;7.479383e-02;2.430503e-02;4.864686e-02
1.160597e-01;1.112709e-01;2.232475e-01;8.329655e-02;5.066788e-02;3.931537e-02;9.932213e-02;3.122016e-02;6.363861e-02;7.143638e-02;5.385362e-02;5.667109e-02
1.159389e-01;8.593542e-02;2.165146e-01;5.946737e-02;6.305525e-02;6.426300e-02;1.440905e-01;4.958062e-02;4.298312e-02;5.196743e-02;4.827635e-02;5.792741e-02
8.515192e-02;6.139247e-02;1.714902e-01;3.994254e-02;5.912757e-02;5.071323e-02;1.532015e-01;6.608827e-02;1.000831e-01;7.485887e-02;7.474722e-02;6.320318e-02
8.643176e-02;7.233361e-02;1.777804e-01;4.285092e-02;5.464263e-02;3.754877e-02;1.303848e-01;5.377052e-02;1.182429e-01;8.715930e-02;8.578178e-02;5.307271e-02
8.109686e-02;7.965264e-02;3.754206e-01;5.462760e-02;5.959619e-02;2.124525e-02;9.917770e-02;1.857024e-02;7.550862e-02;5.246134e-02;5.836694e-02;2.427600e-02
7.502363e-02;8.774659e-02;5.037146e-01;5.101538e-02;5.122808e-02;3.097566e-02;8.078331e-02;1.663313e-02;3.169132e-02;2.547236e-02;2.344230e-02;2.227360e-02
1.028785e-01;1.059354e-01;5.089771e-01;3.900929e-02;4.179113e-02;2.136190e-02;5.871923e-02;1.772386e-02;3.029712e-02;2.189898e-02;3.078016e-02;2.062722e-02
1.306212e-01;1.092028e-01;4.640625e-01;2.871352e-02;3.536261e-02;1.677825e-02;5.135482e-02;2.337577e-02;3.172947e-02;3.033779e-02;4.739942e-02;3.106179e-02
1.433964e-01;1.023773e-01;3.441665e-01;4.247946e-02;4.515986e-02;2.784861e-02;6.855335e-02;3.087373e-02;4.665036e-02;5.298357e-02;5.710426e-02;3.840659e-02
1.145905e-01;8.984650e-02;1.736667e-01;7.257434e-02;8.621971e-02;4.556195e-02;1.327945e-01;3.297975e-02;7.136037e-02;8.246303e-02;7.887943e-02;1.906318e-02
8.229364e-02;6.608248e-02;1.776807e-01;6.169024e-02;8.594199e-02;4.489924e-02;2.211516e-01;4.934149e-02;4.467142e-02;6.509387e-02;6.919392e-02;3.195946e-02
5.474367e-02;5.677412e-02;2.374583e-01;4.578529e-02;6.983934e-02;5.771428e-02;2.085745e-01;4.672178e-02;4.750989e-02;7.341235e-02;6.732950e-02;3.413704e-02
4.791008e-02;7.100560e-02;2.403607e-01;3.657527e-02;5.723930e-02;6.089361e-02;1.982341e-01;5.064966e-02;7.171661e-02;6.973876e-02;6.389175e-02;3.178461e-02
7.999527e-02;8.066787e-02;1.946800e-01;4.315095e-02;6.998894e-02;6.025083e-02;1.856553e-01;6.109099e-02;7.491941e-02;6.124065e-02;5.298499e-02;3.537484e-02
7.314695e-02;9.369434e-02;1.468716e-01;4.207442e-02;8.213678e-02;6.417571e-02;1.385175e-01;7.624634e-02;9.267423e-02;8.239620e-02;6.219351e-02;4.587241e-02
