3.771072e-02;1.111797e-01;1.220641e-01;7.769573e-02;7.574681e-02;6.850341e-02;1.311883e-01;8.656975e-02;9.024329e-02;6.032151e-02;7.846858e-02;6.030811e-02
6.831997e-02;8.328221e-02;1.668544e-01;6.415353e-02;4.688435e-02;9.343311e-02;9.123134e-02;7.749130e-02;1.077984e-01;8.223865e-02;6.294804e-02;5.536465e-02
1.245593e-01;8.465559e-02;1.672421e-01;5.241022e-02;6.340658e-02;8.548062e-02;9.535365e-02;5.220645e-02;6.119002e-02;8.384565e-02;6.658258e-02;6.306721e-02
1.013369e-01;3.471225e-02;2.275053e-01;4.620423e-02;6.471729e-02;6.417648e-02;2.116325e-01;5.080741e-02;6.257545e-02;6.327860e-02;3.504139e-02;3.801220e-02
9.879776e-02;5.056242e-02;3.025801e-01;4.580066e-02;7.506353e-02;5.729154e-02;1.662639e-01;5.769707e-02;6.234413e-02;3.476935e-02;2.221727e-02;2.661224e-02
1.057909e-01;9.361991e-02;2.727961e-01;4.666100e-02;6.104939e-02;5.376173e-02;1.237068e-01;6.514104e-02;8.313806e-02;4.707928e-02;2.035902e-02;2.689669e-02
9.468039e-02;1.506773e-01;2.139700e-01;3.828393e-02;4.040344e-02;5.609729e-02;9.159420e-02;6.035694e-02;1.580797e-01;5.304537e-02;1.680876e-02;2.600281e-02
1.028393e-01;1.942369e-01;2.352035e-01;2.169448e-02;1.912893e-02;5.266768e-02;5.313000e-02;2.536875e-02;2.224225e-01;3.690172e-02;1.554816e-02;2.085802e-02
1.461871e-01;1.870067e-01;2.576756e-01;1.989952e-02;1.622340e-02;4.919212e-02;3.969272e-02;2.863223e-02;2.076246e-01;1.779218e-02;1.240008e-02;1.767380e-02
2.016702e-01;1.502005e-01;2.475808e-01;3.208104e-02;2.531231e-02;4.543630e-02;5.347981e-02;2.235125e-02;1.650459e-01;1.573411e-02;1.782605e-02;2.328182e-02
2.263264e-01;1.096171e-01;2.540192e-01;3.836204e-02;3.494355e-02;3.121320e-02;6.958348e-02;3.110405e-02;1.143827e-01;2.673879e-02;3.447857e-02;2.923087e-02
1.857875e-01;9.850705e-02;2.385308e-01;2.842120e-02;3.820748e-02;3.910101e-02;6.744210e-02;5.430013e-02;9.472368e-02;5.443258e-02;6.138292e-02;3.916350e-02
1.261929e-01;7.262927e-02;1.701465e-01;4.169915e-02;8.302178e-02;7.749318e-02;3.621297e-02;7.868941e-02;1.414425e-01;6.974868e-02;7.605931e-02;2.666439e-02
1.291558e-01;8.640976e-02;2.001987e-01;6.406275e-02;8.473105e-02;7.904584e-02;7.005392e-02;4.447252e-02;1.087787e-01;4.963868e-02;4.600769e-02;3.744463e-02
1.284487e-01;1.485055e-01;1.653337e-01;6.718244e-02;4.523493e-02;4.740439e-02;9.242629e-02;2.899896e-02;1.023606e-01;4.749236e-02;7.462310e-02;5.198903e-02
1.411493e-01;1.209472e-01;1.598491e-01;5.143090e-02;5.168680e-02;5.207087e-02;1.286915e-01;3.569295e-02;5.480289e-02;6.255900e-02;8.674355e-02;5.437599e-02
1.041799e-01;6.704970e-02;2.553842e-01;5.861930e-02;8.225999e-02;7.167587e-02;1.447727e-01;3.168821e-02;4.088298e-02;5.179685e-02;6.054520e-02;3.114501e-02
1.086969e-01;7.144111e-02;2.938756e-01;5.793508e-02;8.093266e-02;7.350866e-02;1.608127e-01;2.492185e-02;3.901925e-02;3.867676e-02;2.960380e-02;2.057559e-02
1.388161e-01;8.498475e-02;2.609771e-01;5.363885e-02;6.469081e-02;6.513234e-02;1.455151e-01;2.277283e-02;4.825225e-02;4.571531e-02;4.151114e-02;2.799335e-02
1.172527e-01;9.319064e-02;2.825185e-01;5.719107e-02;5.348058e-02;5.274932e-02;1.160272e-01;1.637841e-02;6.449357e-02;6.331636e-02;4.868947e-02;3.471218e-02
4.850030e-02;1.030312e-01;3.837164e-01;5.221055e-02;4.443729e-02;3.505922e-02;9.629576e-02;1.609386e-02;7.140134e-02;9.454110e-02;3.311431e-02;2.159860e-02
2.066595e-02;1.120407e-01;4.444867e-01;3.682283e-02;2.136507e-02;3.878138e-02;4.479701e-02;2.516951e-02;1.166806e-01;1.153729e-01;1.286996e-02;1.094738e-02
2.086029e-02;1.417319e-01;3.259403e-01;1.643822e-02;6.374267e-03;5.732672e-02;2.067481e-02;2.713410e-02;2.596060e-01;1.057846e-01;9.656408e-03;8.472292e-03
3.800072e-02;1.754460e-01;1.910990e-01;1.190683e-02;5.656064e-03;7.024681e-02;2.028090e-02;1.972663e-02;3.780183e-01;7.012909e-02;7.896164e-03;1.159348e-02
4.964070e-02;1.968893e-01;1.278476e-01;7.770508e-03;8.672033e-03;7.234903e-02;9.711715e-03;3.273152e-02;4.376476e-01;3.327903e-02;1.212949e-02;1.133139e-02
5.164345e-02;1.932225e-01;1.777050e-01;8.003564e-03;6.121031e-03;6.047126e-02;1.167217e-02;1.665426e-02;4.334245e-01;2.098391e-02;1.067893e-02;9.419369e-03
3.742326e-02;1.738918e-01;2.468681e-01;1.342414e-02;1.082244e-02;4.132783e-02;2.150005e-02;1.444903e-02;3.865390e-01;4.281726e-02;5.516645e-03;5.420502e-03
6.485897e-02;1.513923e-01;2.792757e-01;1.315223e-02;1.470824e-02;3.454767e-02;2.299312e-02;2.325613e-02;3.145148e-01;6.081669e-02;1.113059e-02;9.353589e-03
1.182379e-01;1.150928e-01;2.817439e-01;2.396119e-02;1.811508e-02;4.618051e-02;3.161956e-02;3.598368e-02;2.381649e-01;5.731163e-02;1.494905e-02;1.863979e-02
1.663736e-01;6.842442e-02;2.420951e-01;2.755359e-02;1.495799e-02;6.324592e-02;4.633236e-02;4.463770e-02;1.957373e-01;7.027727e-02;3.111083e-02;2.925391e-02
1.460141e-01;1.127732e-01;1.321049e-01;4.745895e-02;3.355936e-02;7.086209e-02;7.773676e-02;5.312246e-02;1.494649e-01;8.993069e-02;4.374696e-02;4.322559e-02
8.040002e-02;9.032887e-02;9.856526e-02;6.095363e-02;3.242271e-02;8.467367e-02;4.615201e-02;8.333744e-02;2.413396e-01;9.008639e-02;4.768207e-02;4.405830e-02
5.664640e-02;6.166026e-02;1.002832e-01;4.090581e-02;4.365544e-02;9.191380e-02;5.639293e-02;5.741202e-02;2.922842e-01;1.104676e-01;4.961001e-02;3.876831e-02
7.821880e-02;6.589502e-02;1.127766e-01;3.886384e-02;5.917246e-02;6.896005e-02;8.948718e-02;2.977603e-02;2.695939e-01;1.028841e-01;5.169990e-02;3.267215e-02
9.305504e-02;6.445166e-02;1.273824e-01;5.761866e-02;6.346858e-02;3.886460e-02;9.352928e-02;4.007190e-02;2.527157e-01;7.427215e-02;5.961844e-02;3.495160e-02
9.060238e-02;4.028081e-02;1.375225e-01;7.692355e-02;6.036949e-02;6.740796e-02;1.359898e-01;4.985749e-02;1.736765e-01;4.468982e-02;6.700521e-02;5.567444e-02
3.802314e-02;3.706044e-02;3.774101e-01;6.921358e-02;8.280891e-02;7.304537e-02;1.698596e-01;2.551618e-02;5.471550e-02;2.160158e-02;2.565340e-02;2.509218e-02
5.396020e-02;6.002037e-02;4.890572e-01;6.245453e-02;7.985696e-02;5.351398e-02;1.392683e-01;1.533098e-02;1.710974e-02;1.462954e-02;6.080509e-03;8.717743e-03
9.168965e-02;1.219765e-01;4.938273e-01;4.776152e-02;5.030665e-02;3.463805e-02;8.333959e-02;1.351230e-02;3.331944e-02;1.708589e-02;4.345610e-03;8.197485e-03
1.427199e-01;2.142593e-01;4.118995e-01;2.855653e-02;2.948730e-02;2.545762e-02;4.639267e-02;1.340727e-02;5.523148e-02;1.811816e-02;7.899933e-03;6.570352e-03
1.461623e-01;2.209620e-01;2.637841e-01;3.724518e-02;4.524615e-02;3.417926e-02;7.880055e-02;3.915297e-02;6.864456e-02;2.387287e-02;2.116110e-02;2.078899e-02
1.624376e-01;1.287488e-01;2.008390e-01;4.405021e-02;5.100931e-02;4.551725e-02;1.357398e-01;1.030570e-01;5.698759e-02;2.266815e-02;1.837009e-02;3.057517e-02
2.504104e-01;8.193720e-02;1.112886e-01;2.799794e-02;4.119113e-02;3.652015e-02;1.566506e-01;1.912757e-01;3.123063e-02;1.562842e-02;1.514000e-02;4.072925e-02
2.926312e-01;4.986594e-02;5.901882e-02;2.005818e-02;3.091992e-02;1.917543e-02;1.590642e-01;2.808372e-01;1.369262e-02;1.643347e-02;1.166359e-02;4.663941e-02
2.773500e-01;3.058296e-02;3.501912e-02;2.142624e-02;2.345822e-02;8.679894e-03;2.202461e-01;3.036249e-01;7.376846e-03;1.532150e-02;1.141322e-02;4.550095e-02
2.619188e-01;2.850470e-02;2.391696e-02;2.204485e-02;1.706504e-02;1.286353e-02;2.756523e-01;2.660055e-01;6.407787e-03;1.093185e-02;9.343252e-03;6.534550e-02
2.583571e-01;1.830414e-02;3.395459e-02;2.094573e-02;1.493552e-02;1.431646e-02;3.036423e-01;2.082607e-01;1.526833e-02;8.404219e-03;1.362737e-02;8.998346e-02
2.874704e-01;3.353138e-02;5.924134e-02;2.412644e-02;4.020506e-02;2.108448e-02;2.477775e-01;1.508479e-01;1.560418e-02;1.228849e-02;1.683431e-02;9.098855e-02
2.906340e-01;8.680820e-02;1.336227e-01;2.777815e-02;6.295144e-02;1.903911e-02;1.389316e-01;1.089679e-01;2.179624e-02;1.597627e-02;2.411875e-02;6.937566e-02
2.477741e-01;1.159324e-01;1.824507e-01;3.284198e-02;6.961030e-02;2.631633e-02;1.015483e-01;7.196186e-02;2.966637e-02;2.670236e-02;4.017906e-02;5.501623e-02
2.339464e-01;1.115041e-01;1.352705e-01;4.330911e-02;5.764628e-02;3.799519e-02;1.181691e-01;7.361463e-02;4.595289e-02;4.600982e-02;5.945213e-02;3.712989e-02
2.135737e-01;6.419583e-02;9.902599e-02;4.399607e-02;4.467723e-02;3.478853e-02;1.899301e-01;9.798934e-02;4.263203e-02;4.626857e-02;6.030002e-02;6.262255e-02
1.357077e-01;5.504480e-02;1.209924e-01;3.001893e-02;5.021057e-02;3.180598e-02;1.953864e-01;1.454726e-01;5.814862e-02;3.504910e-02;5.681347e-02;8.534942e-02
1.431722e-01;5.701352e-02;1.186392e-01;4.408140e-02;4.925019e-02;4.435570e-02;1.385398e-01;1.747176e-01;5.218467e-02;4.151925e-02;5.155377e-02;8.497272e-02
2.770322e-01;7.926620e-02;7.237156e-02;2.750184e-02;4.095617e-02;3.926181e-02;1.088855e-01;1.371052e-01;3.672695e-02;4.518264e-02;3.099648e-02;1.047135e-01
2.873645e-01;7.196491e-02;8.994804e-02;2.250067e-02;4.169642e-02;3.790849e-02;1.258119e-01;9.464604e-02;4.095073e-02;4.523295e-02;3.795082e-02;1.040245e-01
2.670357e-01;5.637097e-02;1.159198e-01;3.637946e-02;4.978077e-02;3.550494e-02;1.720697e-01;4.810992e-02;4.947825e-02;3.590478e-02;5.636192e-02;7.708382e-02
2.068689e-01;7.449879e-02;1.342980e-01;3.704872e-02;5.349053e-02;4.679476e-02;1.919040e-01;4.273917e-02;6.745265e-02;4.483478e-02;5.320057e-02;4.686914e-02
8.589053e-02;5.806245e-02;8.065779e-02;6.438176e-02;7.402065e-02;7.041325e-02;1.403759e-01;8.378705e-02;1.288550e-01;1.133109e-01;5.630668e-02;4.393809e-02
4.100393e-02;5.390316e-02;9.652197e-02;7.554094e-02;8.754019e-02;7.674132e-02;9.842131e-02;1.192679e-01;1.571625e-01;1.071206e-01;6.020508e-02;2.657112e-02
4.240208e-02;5.135482e-02;9.564760e-02;7.861686e-02;9.521564e-02;7.242560e-02;7.515124e-02;1.415739e-01;1.814668e-01;9.479370e-02;5.594859e-02;1.540308e-02
8.083416e-02;7.991372e-02;2.075236e-01;6.577100e-02;9.075729e-02;5.724112e-02;9.181491e-02;1.121094e-01;1.161359e-01;4.737298e-02;3.002560e-02;2.050033e-02
9.437353e-02;1.181939e-01;3.238184e-01;6.821368e-02;7.179005e-02;5.662910e-02;9.959608e-02;4.711381e-02;5.538255e-02;2.562430e-02;1.855752e-02;2.070713e-02
8.165137e-02;1.583315e-01;3.563811e-01;5.658805e-02;5.498832e-02;7.195679e-02;7.622469e-02;2.822102e-02;6.582677e-02;2.087957e-02;1.477784e-02;1.417298e-02
3.658509e-02;2.305778e-01;3.422174e-01;3.362237e-02;3.547568e-02;9.412123e-02;4.868999e-02;1.676411e-02;1.260009e-01;1.635328e-02;8.389220e-03;1.120289e-02
6.957774e-02;3.112899e-01;1.723401e-01;1.628992e-02;2.024940e-02;8.490057e-02;2.924863e-02;1.182271e-02;2.458839e-01;1.631664e-02;9.780793e-03;1.229969e-02
7.178962e-02;3.348561e-01;1.146482e-01;1.125955e-02;1.160927e-02;5.829542e-02;2.979554e-02;2.192574e-02;3.078615e-01;2.139562e-02;1.063551e-02;5.927850e-03
4.345958e-02;3.224972e-01;1.757396e-01;1.522748e-02;1.546961e-02;4.557244e-02;2.234921e-02;2.560325e-02;2.774994e-01;3.724915e-02;8.318155e-03;1.101493e-02
2.700139e-02;3.120276e-01;1.996410e-01;1.149944e-02;1.371261e-02;3.105228e-02;1.341252e-02;2.879485e-02;2.586985e-01;8.347860e-02;4.485480e-03;1.619580e-02
1.858450e-02;2.157464e-01;3.317113e-01;1.967299e-02;1.082131e-02;1.511444e-02;1.728925e-02;2.031235e-02;2.003872e-01;1.335564e-01;7.567484e-03;9.236397e-03
8.965675e-03;8.988252e-02;5.311149e-01;3.782659e-02;7.616627e-03;1.791941e-02;2.321718e-02;6.346669e-03;7.965234e-02;1.879255e-01;5.255403e-03;4.277170e-03
1.567046e-02;4.041786e-02;5.591283e-01;6.130482e-02;1.789900e-02;1.525031e-02;3.792128e-02;8.282044e-03;2.541764e-02;1.823870e-01;3.111362e-02;5.207613e-03
1.768038e-02;2.527038e-02;5.037724e-01;1.301601e-01;2.497713e-02;1.683219e-02;3.660814e-02;1.458177e-02;1.500246e-02;1.445727e-01;6.311128e-02;7.431031e-03
1.351802e-02;1.445080e-02;4.297218e-01;2.324334e-01;2.867555e-02;2.014130e-02;2.782218e-02;2.562805e-02;1.335217e-02;9.744644e-02;8.290917e-02;1.390111e-02
9.980748e-03;1.069512e-02;3.895495e-01;2.678757e-01;4.197241e-02;2.240486e-02;1.436538e-02;4.362074e-02;2.674292e-02;5.847253e-02;1.039898e-01;1.033027e-02
9.837546e-03;1.291296e-02;3.748004e-01;2.377860e-01;6.156561e-02;3.110044e-02;3.956955e-02;6.286225e-02;3.274493e-02;2.442101e-02;9.589805e-02;1.650124e-02
1.567570e-02;2.722043e-02;3.817503e-01;1.795591e-01;7.474199e-02;3.455033e-02;6.401438e-02;7.649924e-02;4.067055e-02;2.516796e-02;5.686987e-02;2.328019e-02
7.790982e-03;3.420498e-02;3.576339e-01;1.752002e-01;1.367919e-01;4.626151e-02;7.019069e-02;7.850237e-02;3.377688e-02;2.803421e-02;1.512984e-02;1.648261e-02
5.276855e-03;2.401725e-02;3.294066e-01;2.013020e-01;1.618180e-01;4.298449e-02;1.832755e-02;1.035425e-01;1.801019e-02;2.843437e-02;5.113472e-02;1.574537e-02
4.748663e-03;1.889653e-02;3.659130e-01;2.104745e-01;1.328905e-01;3.783865e-02;2.777329e-02;1.042793e-01;9.152564e-03;1.410878e-02;6.308076e-02;1.084340e-02
8.302382e-03;2.188379e-02;3.639603e-01;1.980448e-01;1.038007e-01;5.312692e-02;6.507603e-02;8.913495e-02;2.831643e-02;2.597157e-02;3.796932e-02;4.412845e-03
1.686425e-02;2.624067e-02;2.881096e-01;1.503301e-01;1.014756e-01;6.899741e-02;1.189381e-01;5.810206e-02;6.405823e-02;6.786469e-02;2.690149e-02;1.211784e-02
2.062764e-02;2.257410e-02;3.872539e-01;1.081142e-01;6.257784e-02;5.671597e-02;1.155191e-01;4.196220e-02;4.513772e-02;9.562123e-02;3.329685e-02;1.059928e-02
2.047139e-02;6.563702e-02;4.851305e-01;6.298766e-02;2.740349e-02;3.888129e-02;8.886886e-02;1.322818e-02;6.004484e-02;1.080729e-01;2.087181e-02;8.402019e-03
2.996157e-02;1.463430e-01;3.889401e-01;2.690321e-02;9.719712e-03;5.524338e-02;5.681943e-02;2.127562e-02;1.657130e-01;7.763425e-02;5.639746e-03;1.580704e-02
6.314266e-02;1.964106e-01;2.040401e-01;1.722674e-02;6.884570e-03;8.870008e-02;3.089995e-02;3.890876e-02;2.957374e-01;3.416552e-02;8.119414e-03;1.576415e-02
1.396920e-01;1.727235e-01;1.073654e-01;1.054865e-02;2.307959e-02;5.825688e-02;2.427022e-02;1.155199e-01;2.979541e-01;1.804235e-02;1.775453e-02;1.479277e-02
2.271045e-01;1.079828e-01;7.883624e-02;6.986355e-03;5.252293e-02;1.450073e-02;4.489817e-02;2.497574e-01;1.741071e-01;8.957563e-03;1.888986e-02;1.545630e-02
2.598172e-01;5.250265e-02;6.503701e-02;1.032037e-02;5.943593e-02;2.203565e-02;7.795439e-02;3.637414e-01;4.361904e-02;5.561261e-03;1.425433e-02;2.572069e-02
2.570196e-01;4.034686e-02;5.542151e-02;1.356688e-02;3.656976e-02;1.564259e-02;1.147584e-01;3.973919e-01;1.277765e-02;9.004348e-03;1.002899e-02;3.747142e-02
2.307103e-01;3.971085e-02;5.605264e-02;2.061178e-02;2.124800e-02;2.147330e-02;1.866574e-01;3.391118e-01;1.148206e-02;8.538821e-03;1.176924e-02;5.263381e-02
1.857690e-01;4.319537e-02;8.757947e-02;2.433344e-02;3.842217e-02;3.129574e-02;2.180823e-01;2.469775e-01;2.795994e-02;1.510326e-02;2.535978e-02;5.592211e-02
2.195216e-01;6.398386e-02;2.123042e-01;1.674438e-02;4.498177e-02;2.459937e-02;1.141752e-01;1.541909e-01;5.750978e-02;2.099530e-02;2.782531e-02;4.316835e-02
3.030343e-01;8.808643e-02;2.019741e-01;2.371201e-02;3.642461e-02;2.202849e-02;3.369137e-02;9.980740e-02;7.888407e-02;3.629269e-02;3.443642e-02;4.162811e-02
2.940575e-01;8.297329e-02;2.088785e-01;2.684784e-02;2.470173e-02;1.499032e-02;5.713665e-02;1.034250e-01;6.386881e-02;3.005198e-02;4.376711e-02;4.930129e-02
2.653283e-01;8.711558e-02;1.982850e-01;1.900795e-02;1.699753e-02;2.158525e-02;8.122676e-02;1.218436e-01;1.992184e-02;3.459826e-02;7.222839e-02;6.186147e-02
1.540387e-01;7.306728e-02;2.145017e-01;1.485424e-02;4.463355e-02;2.725760e-02;8.389035e-02;9.817349e-02;5.979752e-02;7.320661e-02;9.800163e-02;5.857741e-02
8.206107e-02;5.288973e-02;1.897615e-01;2.454544e-02;6.677505e-02;3.699158e-02;8.431299e-02;1.149636e-01;9.414620e-02;1.077851e-01;1.023874e-01;4.338028e-02
8.943688e-02;5.544057e-02;1.138462e-01;3.082727e-02;6.983418e-02;6.701297e-02;1.231813e-01;1.557950e-01;8.512636e-02;9.360965e-02;8.964843e-02;2.624115e-02
1.051031e-01;3.955833e-02;1.075325e-01;5.197399e-02;6.391405e-02;6.515263e-02;1.632578e-01;1.643941e-01;5.650209e-02;8.094075e-02;7.698349e-02;2.468707e-02
1.617847e-01;9.152863e-02;8.838391e-02;5.537443e-02;5.903596e-02;5.246298e-02;1.170235e-01;1.258159e-01;8.997951e-02;6.879721e-02;4.811631e-02;4.169698e-02
1.041662e-01;7.277627e-02;1.423563e-01;9.107639e-02;4.964173e-02;5.898041e-02;8.311816e-02;1.025689e-01;1.156339e-01;9.166970e-02;4.431573e-02;4.369629e-02
8.740395e-02;7.329131e-02;1.360711e-01;9.272385e-02;6.558520e-02;6.400070e-02;9.494709e-02;1.075284e-01;1.159174e-01;8.740296e-02;4.565018e-02;2.947790e-02
9.416894e-02;7.195268e-02;1.175378e-01;9.287007e-02;6.409680e-02;5.646402e-02;1.095088e-01;1.157569e-01;1.289206e-01;7.672659e-02;4.664574e-02;2.535102e-02
7.845188e-02;8.703587e-02;2.276349e-01;9.060910e-02;6.134661e-02;3.964817e-02;1.372988e-01;7.874876e-02;8.433276e-02;4.289958e-02;4.147745e-02;3.051615e-02
1.308781e-01;1.229044e-01;2.592719e-01;7.822429e-02;6.728566e-02;4.395495e-02;1.112297e-01;4.116214e-02;6.410486e-02;2.289240e-02;2.971105e-02;2.838058e-02
1.741905e-01;1.711788e-01;2.168973e-01;6.462107e-02;7.082350e-02;3.695631e-02;9.255576e-02;2.460384e-02;8.965880e-02;1.498417e-02;2.172294e-02;2.180698e-02
2.437648e-01;1.954507e-01;1.067707e-01;3.333860e-02;7.789231e-02;2.707865e-02;7.273423e-02;6.347073e-02;1.233072e-01;2.123511e-02;1.907156e-02;1.588528e-02
3.117687e-01;1.688202e-01;5.628684e-02;1.928214e-02;8.514141e-02;1.598191e-02;5.271620e-02;1.034287e-01;1.337592e-01;1.998484e-02;1.671730e-02;1.611259e-02
3.070080e-01;1.379399e-01;4.475871e-02;1.945147e-02;9.691522e-02;3.250678e-02;4.721401e-02;1.465408e-01;1.230753e-01;1.275110e-02;1.877976e-02;1.305900e-02
2.574740e-01;1.162226e-01;5.838261e-02;2.798472e-02;9.542932e-02;4.391339e-02;4.647116e-02;1.569843e-01;1.460563e-01;9.687785e-03;2.243773e-02;1.895606e-02
2.444739e-01;1.178573e-01;4.930958e-02;3.166100e-02;7.706794e-02;3.779553e-02;5.372572e-02;1.655973e-01;1.655024e-01;1.514541e-02;2.352882e-02;1.833509e-02
2.581926e-01;1.157483e-01;6.865046e-02;2.908687e-02;6.594125e-02;3.126935e-02;4.426227e-02;1.737575e-01;1.496824e-01;2.295286e-02;2.537027e-02;1.508581e-02
2.551908e-01;1.249593e-01;1.096999e-01;2.280282e-02;5.769266e-02;2.066349e-02;3.191381e-02;1.690969e-01;1.426555e-01;1.691272e-02;2.895971e-02;1.945247e-02
2.557915e-01;1.106764e-01;1.225951e-01;1.304481e-02;5.864391e-02;2.898258e-02;6.878441e-02;1.403227e-01;1.208658e-01;1.980712e-02;3.078967e-02;2.969601e-02
2.515841e-01;1.452920e-01;2.239854e-01;3.090239e-02;5.453809e-02;3.433562e-02;8.169658e-02;7.411084e-02;3.075823e-02;2.408690e-02;2.204021e-02;2.666961e-02
1.750637e-01;2.391091e-01;3.114761e-01;3.091743e-02;2.778816e-02;2.181466e-02;3.807874e-02;1.169099e-02;1.145402e-01;1.183611e-02;6.475033e-03;1.120975e-02
9.739333e-02;2.631752e-01;3.466281e-01;2.517059e-02;1.781413e-02;1.403008e-02;2.113156e-02;2.584499e-02;1.581189e-01;1.152376e-02;7.015451e-03;1.215398e-02
1.069952e-01;2.605621e-01;3.459558e-01;2.546690e-02;2.025140e-02;1.342379e-02;1.423386e-02;2.881360e-02;1.447421e-01;1.552291e-02;1.249798e-02;1.153446e-02
1.022448e-01;2.574188e-01;3.292189e-01;2.911262e-02;1.752545e-02;2.092990e-02;3.852033e-02;4.683082e-02;9.904355e-02;3.250615e-02;1.546049e-02;1.118823e-02
1.222665e-01;2.277596e-01;2.835210e-01;3.528265e-02;1.946883e-02;2.297427e-02;6.881198e-02;6.889225e-02;7.678275e-02;4.138141e-02;1.889466e-02;1.396408e-02
2.315455e-01;2.309777e-01;1.998964e-01;3.191613e-02;2.015305e-02;1.281581e-02;5.741449e-02;7.098579e-02;7.122136e-02;3.756440e-02;2.073022e-02;1.477922e-02
3.255959e-01;2.131747e-01;1.514267e-01;1.939066e-02;2.570328e-02;1.455984e-02;3.109281e-02;8.090286e-02;6.753244e-02;2.567167e-02;2.359183e-02;2.135721e-02
4.085147e-01;1.844206e-01;1.169683e-01;1.112369e-02;2.751736e-02;1.340443e-02;1.963798e-02;1.114168e-01;4.770321e-02;1.299793e-02;2.053664e-02;2.575841e-02
4.400127e-01;1.545906e-01;1.155085e-01;7.904990e-03;2.595020e-02;1.031759e-02;2.099504e-02;1.338840e-01;2.536449e-02;8.872507e-03;2.296472e-02;3.363461e-02
4.376417e-01;1.375120e-01;1.026777e-01;6.473138e-03;3.011020e-02;1.608948e-02;1.820058e-02;1.552426e-01;2.189161e-02;1.001569e-02;2.281015e-02;4.133512e-02
3.942945e-01;1.382507e-01;9.034552e-02;6.612398e-03;3.426732e-02;2.126529e-02;3.862798e-02;1.620374e-01;2.877214e-02;2.097094e-02;1.723068e-02;4.732516e-02
3.470654e-01;1.227702e-01;6.530916e-02;1.998328e-02;3.132071e-02;2.029222e-02;6.173703e-02;1.560327e-01;3.622478e-02;4.027083e-02;3.237015e-02;6.662344e-02
2.791935e-01;8.783979e-02;3.962992e-02;4.551839e-02;1.743193e-02;3.464358e-02;1.124435e-01;1.378307e-01;3.586183e-02;6.160486e-02;7.383476e-02;7.416732e-02
1.672484e-01;6.992889e-02;6.889685e-02;6.904525e-02;3.258643e-02;5.960181e-02;1.066640e-01;8.626170e-02;8.213523e-02;9.618397e-02;1.040226e-01;5.742490e-02
1.133332e-01;8.731326e-02;9.776353e-02;6.934621e-02;3.459601e-02;6.690925e-02;7.925590e-02;7.382284e-02;1.093654e-01;1.155372e-01;9.371031e-02;5.904698e-02
1.590410e-01;3.840921e-02;1.004030e-01;4.742679e-02;3.510181e-02;3.956586e-02;1.668199e-01;1.220945e-01;5.646949e-02;8.886323e-02;6.477176e-02;8.103333e-02
1.734877e-01;4.671515e-02;6.663074e-02;3.959296e-02;2.355973e-02;3.168417e-02;2.428325e-01;1.733943e-01;3.008319e-02;5.226668e-02;3.067747e-02;8.907546e-02
1.503020e-01;3.308485e-02;3.527557e-02;4.363898e-02;1.768030e-02;3.520288e-02;2.573155e-01;2.311665e-01;4.902113e-02;4.145152e-02;2.550150e-02;8.035933e-02
1.035091e-01;2.849976e-02;2.772912e-02;5.076770e-02;2.285255e-02;2.457901e-02;2.941078e-01;2.374304e-01;4.996393e-02;4.626082e-02;2.432740e-02;8.997238e-02
5.386990e-02;2.859115e-02;1.926034e-02;5.917390e-02;1.620204e-02;2.755020e-02;3.743266e-01;1.887279e-01;3.678552e-02;4.992106e-02;2.072523e-02;1.248661e-01
4.390046e-02;4.285128e-02;1.336482e-02;6.176814e-02;1.226463e-02;1.737065e-02;4.164651e-01;1.289175e-01;3.190228e-02;4.489643e-02;2.114279e-02;1.651560e-01
4.378732e-02;8.288541e-02;1.072309e-02;5.351698e-02;7.333607e-03;3.180181e-02;4.333385e-01;6.138458e-02;2.212221e-02;3.286077e-02;2.330909e-02;1.969367e-01
2.839864e-02;1.133195e-01;2.086511e-02;4.235243e-02;9.230927e-03;6.460811e-02;4.392001e-01;2.221003e-02;1.613159e-02;1.657754e-02;3.340408e-02;1.937019e-01
2.861115e-02;9.480868e-02;2.140087e-02;4.371431e-02;1.393021e-02;9.064753e-02;4.130481e-01;4.623592e-02;1.489843e-02;2.115251e-02;3.682347e-02;1.747288e-01
3.973425e-02;6.334835e-02;1.905498e-02;6.002786e-02;2.228480e-02;9.363855e-02;4.019897e-01;3.959340e-02;1.181462e-02;2.650561e-02;3.841150e-02;1.835964e-01
3.916692e-02;5.027376e-02;2.421451e-02;3.705227e-02;3.216201e-02;9.793242e-02;4.255793e-01;3.843374e-02;1.552192e-02;1.724825e-02;4.868188e-02;1.737330e-01
3.503994e-02;3.581862e-02;4.285187e-02;3.871783e-02;2.760792e-02;9.702688e-02;4.427500e-01;4.742503e-02;2.070001e-02;2.165096e-02;3.282531e-02;1.575857e-01
3.434535e-02;2.877465e-02;5.776147e-02;3.972341e-02;3.001250e-02;8.550600e-02;3.924856e-01;6.143798e-02;3.897901e-02;3.260636e-02;5.007096e-02;1.482967e-01
2.642435e-02;1.574134e-02;6.122677e-02;2.186645e-02;5.051084e-02;1.013325e-01;3.604907e-01;4.421289e-02;4.627026e-02;3.356699e-02;8.616349e-02;1.521934e-01
2.861474e-02;2.899648e-02;7.981604e-02;2.140204e-02;5.276223e-02;1.065944e-01;2.805580e-01;4.551728e-02;6.401162e-02;2.735587e-02;1.212683e-01;1.431030e-01
4.006499e-02;2.610558e-02;1.341346e-01;3.388344e-02;3.914597e-02;1.052641e-01;1.921764e-01;2.924152e-02;7.654960e-02;3.366332e-02;1.741421e-01;1.156283e-01
7.292424e-02;2.130987e-02;1.809749e-01;3.135470e-02;2.855584e-02;1.091061e-01;9.990019e-02;2.992122e-02;7.404903e-02;4.600649e-02;2.512344e-01;5.466317e-02
8.708650e-02;2.530727e-02;1.839736e-01;2.517855e-02;2.608698e-02;1.055928e-01;4.687697e-02;2.360987e-02;7.239091e-02;4.887502e-02;3.186875e-01;3.633406e-02
8.058458e-02;2.225560e-02;1.776637e-01;1.556386e-02;2.196920e-02;9.665605e-02;3.275128e-02;1.831071e-02;6.971960e-02;3.995715e-02;3.639937e-01;6.057464e-02
8.570619e-02;1.426058e-02;1.662798e-01;1.717981e-02;1.798007e-02;1.031204e-01;3.198773e-02;1.756789e-02;7.201129e-02;5.402196e-02;3.683974e-01;5.148683e-02
9.480742e-02;3.235801e-02;1.197926e-01;2.510182e-02;2.991186e-02;1.043786e-01;6.658290e-02;3.490213e-02;6.952387e-02;9.244809e-02;2.775359e-01;5.265670e-02
1.229411e-01;5.140772e-02;1.017449e-01;3.449608e-02;3.447081e-02;9.686048e-02;1.230218e-01;5.005600e-02;5.225793e-02;9.598141e-02;1.743404e-01;6.242146e-02
1.153629e-01;4.690412e-02;1.093848e-01;3.167667e-02;2.318917e-02;7.450363e-02;2.410245e-01;3.807579e-02;3.700757e-02;5.234208e-02;1.204829e-01;1.100460e-01
8.742547e-02;2.584488e-02;5.406084e-02;2.483691e-02;2.542020e-02;3.728636e-02;3.289669e-01;4.177062e-02;3.602738e-02;4.106371e-02;1.476664e-01;1.496304e-01
8.761761e-02;2.126219e-02;4.101420e-02;1.874028e-02;1.660303e-02;8.598430e-02;3.452328e-01;5.068471e-02;1.846628e-02;3.517053e-02;1.366290e-01;1.425951e-01
8.496340e-02;2.204796e-02;3.878527e-02;1.990945e-02;1.456703e-02;1.067912e-01;3.772321e-01;2.719191e-02;9.155671e-03;3.644525e-02;1.263425e-01;1.365683e-01
9.905907e-02;2.603787e-02;4.656963e-02;3.221305e-02;1.320732e-02;7.557549e-02;3.671760e-01;3.351817e-02;1.234473e-02;3.763760e-02;1.148665e-01;1.417945e-01
1.165062e-01;3.205899e-02;6.420863e-02;3.463900e-02;1.746840e-02;3.975760e-02;3.319223e-01;3.077225e-02;2.241892e-02;4.098891e-02;1.170924e-01;1.521664e-01
1.094907e-01;2.068606e-02;5.446202e-02;2.322531e-02;2.449261e-02;5.303161e-02;3.327942e-01;3.108262e-02;2.568183e-02;4.160808e-02;1.201254e-01;1.633196e-01
1.391840e-01;3.265160e-02;6.166625e-02;3.764309e-02;2.986764e-02;4.603061e-02;3.203583e-01;3.131143e-02;2.654271e-02;4.317319e-02;7.914581e-02;1.524254e-01
1.687478e-01;4.847854e-02;8.821897e-02;4.790198e-02;3.245144e-02;3.207296e-02;2.773215e-01;3.138205e-02;2.726009e-02;6.397798e-02;6.214051e-02;1.200461e-01
1.457206e-01;3.587702e-02;5.788673e-02;3.783475e-02;3.117073e-02;4.505737e-02;2.839271e-01;4.563306e-02;3.279294e-02;9.024426e-02;7.172111e-02;1.221344e-01
2.258375e-01;3.132450e-02;4.802341e-02;2.333171e-02;1.953574e-02;3.342580e-02;2.551889e-01;5.938564e-02;3.880967e-02;7.834848e-02;5.179703e-02;1.349916e-01
2.989846e-01;2.535969e-02;3.908289e-02;2.085068e-02;8.837074e-03;2.369698e-02;1.817913e-01;1.150303e-01;6.380812e-02;6.399380e-02;3.929632e-02;1.192682e-01
3.374705e-01;6.112668e-02;6.516347e-02;1.410590e-02;1.820533e-02;2.040622e-02;1.152106e-01;1.679641e-01;6.534720e-02;3.625831e-02;2.739519e-02;7.134651e-02
3.747784e-01;9.723525e-02;9.393447e-02;8.406915e-03;3.173836e-02;1.391771e-02;6.260940e-02;1.990573e-01;4.868248e-02;1.164261e-02;1.949047e-02;3.850665e-02
4.037843e-01;1.224995e-01;1.057724e-01;1.115164e-02;3.907240e-02;1.261428e-02;2.486286e-02;1.823600e-01;3.079611e-02;1.239998e-02;1.644269e-02;3.824386e-02
3.964277e-01;1.249247e-01;1.136164e-01;1.515890e-02;3.969293e-02;1.535548e-02;4.387827e-02;1.365268e-01;2.604235e-02;1.878287e-02;2.268242e-02;4.691110e-02
3.386004e-01;1.692823e-01;1.781234e-01;1.911398e-02;2.995557e-02;1.031906e-02;4.429649e-02;8.130703e-02;5.222543e-02;2.054487e-02;2.146612e-02;3.476535e-02
2.631634e-01;2.487431e-01;2.184289e-01;1.949946e-02;1.664945e-02;7.992561e-03;3.644412e-02;3.530090e-02;1.075733e-01;1.742532e-02;1.217823e-02;1.660118e-02
1.859854e-01;2.789506e-01;2.855714e-01;1.724218e-02;9.773416e-03;1.318908e-02;1.974818e-02;1.138405e-02;1.491083e-01;1.404133e-02;7.389149e-03;7.616958e-03
1.062426e-01;2.726018e-01;3.438734e-01;2.670941e-02;1.293343e-02;3.022848e-02;1.212639e-02;1.315518e-02;1.539432e-01;1.278080e-02;5.766937e-03;9.638513e-03
6.393410e-02;2.127819e-01;3.780308e-01;3.877909e-02;2.125872e-02;3.908892e-02;3.724433e-02;3.070682e-02;1.066374e-01;2.592468e-02;2.012617e-02;2.548710e-02
3.983582e-02;1.786840e-01;3.585761e-01;4.465786e-02;3.081574e-02;3.790622e-02;5.343502e-02;3.818986e-02;1.204168e-01;2.403320e-02;2.750785e-02;4.594152e-02
1.001389e-01;1.925225e-01;2.585790e-01;3.127396e-02;1.596304e-02;3.470492e-02;2.987622e-02;4.179752e-02;1.996884e-01;2.819702e-02;2.567449e-02;4.158391e-02
1.818985e-01;1.808480e-01;1.312445e-01;2.116854e-02;2.750326e-02;2.319013e-02;3.048608e-02;9.906570e-02;2.234109e-01;2.371506e-02;3.586245e-02;2.160680e-02
2.654587e-01;1.399182e-01;8.628241e-02;1.340435e-02;3.998914e-02;2.138741e-02;1.892454e-02;1.775294e-01;1.450861e-01;1.595906e-02;5.577940e-02;2.028130e-02
3.300749e-01;8.796535e-02;6.600945e-02;1.919819e-02;3.946827e-02;1.877986e-02;4.120440e-02;2.420846e-01;5.607037e-02;2.125279e-02;4.881632e-02;2.907552e-02
3.303599e-01;6.261075e-02;6.148239e-02;1.870101e-02;2.830458e-02;2.362608e-02;9.127647e-02;2.747871e-01;2.638103e-02;2.302354e-02;2.852282e-02;3.092428e-02
3.248968e-01;6.005889e-02;8.510070e-02;1.436977e-02;2.604724e-02;2.627601e-02;9.278052e-02;2.769693e-01;1.696884e-02;1.941277e-02;1.974268e-02;3.737645e-02
3.289075e-01;6.727150e-02;8.855479e-02;6.002201e-03;3.402060e-02;2.610291e-02;8.276740e-02;2.342858e-01;2.596883e-02;1.463777e-02;4.967083e-02;4.180987e-02
3.640342e-01;1.018190e-01;1.007649e-01;7.414199e-03;3.398100e-02;1.712259e-02;4.805633e-02;1.737832e-01;2.407831e-02;9.901817e-03;7.780313e-02;4.124130e-02
4.003297e-01;1.420874e-01;1.251827e-01;9.640092e-03;2.232445e-02;9.798741e-03;1.288300e-02;1.163259e-01;3.557120e-02;1.094439e-02;7.721641e-02;3.769591e-02
4.231576e-01;1.691186e-01;1.207756e-01;8.517661e-03;1.676318e-02;8.365734e-03;1.506495e-02;8.111173e-02;2.587794e-02;1.685449e-02;6.882133e-02;4.557130e-02
4.158607e-01;1.450797e-01;8.083068e-02;9.696246e-03;1.213673e-02;1.382336e-02;5.697592e-02;7.399473e-02;1.988328e-02;2.474886e-02;7.166064e-02;7.530909e-02
2.740535e-01;1.009753e-01;6.506751e-02;2.076809e-02;1.983299e-02;2.467275e-02;1.539633e-01;7.281776e-02;4.323786e-02;3.591983e-02;7.445391e-02;1.142373e-01
1.682325e-01;4.474775e-02;8.017895e-02;3.413066e-02;1.887321e-02;4.064824e-02;2.396923e-01;7.730056e-02;5.090832e-02;3.998157e-02;6.507812e-02;1.402278e-01
2.920517e-01;7.611399e-02;5.128714e-02;3.299628e-02;1.877405e-02;1.727133e-02;1.897665e-01;5.736769e-02;2.965322e-02;3.420748e-02;5.002360e-02;1.504871e-01
3.503802e-01;8.093210e-02;6.681190e-02;3.369156e-02;2.118992e-02;2.045727e-02;1.305437e-01;7.051382e-02;2.714037e-02;4.312215e-02;2.939616e-02;1.258208e-01
3.587382e-01;1.021594e-01;8.978243e-02;3.145635e-02;2.019162e-02;2.721887e-02;1.029566e-01;8.556236e-02;3.019293e-02;3.283963e-02;1.739963e-02;1.015019e-01
2.968974e-01;8.921583e-02;7.896639e-02;3.879433e-02;1.869829e-02;3.366316e-02;1.636277e-01;8.964314e-02;2.268411e-02;4.244327e-02;2.377092e-02;1.015954e-01
1.478293e-01;6.458166e-02;5.410235e-02;5.477373e-02;2.797611e-02;3.975696e-02;2.852019e-01;8.635085e-02;1.954671e-02;6.057544e-02;4.343572e-02;1.158692e-01
3.061407e-02;3.576947e-02;6.039210e-02;4.017000e-02;3.237896e-02;9.019150e-02;3.449185e-01;6.828996e-02;3.797537e-02;6.980129e-02;7.704659e-02;1.124522e-01
3.466511e-02;2.864373e-02;7.789492e-02;1.634963e-02;2.216686e-02;1.087126e-01;3.056692e-01;6.713087e-02;6.143259e-02;7.902908e-02;9.429962e-02;1.040059e-01
8.664290e-02;3.025246e-02;6.193320e-02;2.727322e-02;1.194259e-02;7.893880e-02;2.907766e-01;5.258640e-02;5.856633e-02;8.555730e-02;9.232321e-02;1.232070e-01
1.959845e-01;3.092776e-02;4.520345e-02;4.546220e-02;1.372819e-02;3.302835e-02;2.838884e-01;4.371982e-02;3.283971e-02;6.049313e-02;6.475390e-02;1.499706e-01
2.326703e-01;3.379520e-02;6.048106e-02;4.258353e-02;1.549144e-02;3.375471e-02;2.180641e-01;4.726299e-02;4.006290e-02;4.904248e-02;7.519998e-02;1.515913e-01
2.145911e-01;2.967181e-02;1.049446e-01;2.936468e-02;2.052467e-02;2.796129e-02;1.498570e-01;6.139696e-02;6.738561e-02;5.779161e-02;1.021205e-01;1.343902e-01
1.980428e-01;4.575074e-02;8.604531e-02;2.915955e-02;4.000077e-02;3.589714e-02;8.272476e-02;3.898086e-02;7.856769e-02;1.038513e-01;1.365857e-01;1.243933e-01
8.742384e-02;3.109710e-02;1.619821e-01;4.053040e-02;6.297850e-02;4.986693e-02;1.073920e-01;6.226980e-02;5.156842e-02;1.194440e-01;1.250882e-01;1.003587e-01
6.481323e-02;3.094154e-02;9.800079e-02;4.027488e-02;7.110701e-02;4.874288e-02;1.795905e-01;9.389970e-02;4.736855e-02;1.201960e-01;1.081308e-01;9.693416e-02
1.100957e-01;3.790050e-02;4.102128e-02;4.158768e-02;7.404813e-02;4.821110e-02;2.104855e-01;8.505596e-02;5.372935e-02;1.024523e-01;9.297790e-02;1.024346e-01
7.696021e-02;3.938492e-02;6.020572e-02;6.113186e-02;7.171224e-02;5.601678e-02;1.602128e-01;7.669443e-02;8.911983e-02;1.334590e-01;8.398009e-02;9.112204e-02
3.628619e-02;4.250442e-02;8.741377e-02;6.710196e-02;5.567072e-02;6.477444e-02;1.091313e-01;1.007041e-01;1.238884e-01;1.981217e-01;5.292974e-02;6.147338e-02
6.532078e-02;5.386547e-02;7.499556e-02;5.592784e-02;6.763594e-02;5.708962e-02;8.252786e-02;1.200776e-01;1.198600e-01;1.900461e-01;5.593590e-02;5.671737e-02
1.064931e-01;7.023600e-02;7.733741e-02;5.462327e-02;9.219127e-02;7.270113e-02;8.791091e-02;1.061915e-01;9.983209e-02;1.197924e-01;5.155145e-02;6.113937e-02
1.093747e-01;7.603133e-02;8.227054e-02;4.461749e-02;7.768281e-02;7.411693e-02;1.173926e-01;1.017377e-01;1.072530e-01;1.100255e-01;4.586341e-02;5.363405e-02
9.579898e-02;8.433995e-02;9.153923e-02;2.385041e-02;5.804379e-02;5.862578e-02;1.355305e-01;1.011034e-01;1.147379e-01;1.338706e-01;4.205207e-02;6.050742e-02
1.050131e-01;7.216045e-02;9.600386e-02;4.077513e-02;5.755370e-02;4.107081e-02;1.177390e-01;6.854214e-02;1.327388e-01;1.418886e-01;5.077085e-02;7.574356e-02
6.597511e-02;6.478268e-02;1.444938e-01;5.239443e-02;6.915556e-02;4.659578e-02;1.592411e-01;8.639912e-02;8.954904e-02;1.117331e-01;5.158275e-02;5.809761e-02
5.750930e-02;5.454972e-02;3.499883e-01;6.673907e-02;7.443579e-02;5.304369e-02;1.834992e-01;4.337069e-02;3.559767e-02;4.092883e-02;2.515632e-02;1.518141e-02
6.525519e-02;7.949780e-02;4.058513e-01;6.239925e-02;6.857262e-02;4.756331e-02;1.760238e-01;2.058154e-02;2.823864e-02;2.769770e-02;9.754742e-03;8.564061e-03
6.722131e-02;1.104214e-01;4.469575e-01;4.930723e-02;4.914168e-02;3.867770e-02;1.417903e-01;2.344659e-02;3.451172e-02;2.374038e-02;6.404472e-03;8.379694e-03
5.264409e-02;1.450503e-01;5.278465e-01;2.906553e-02;2.230544e-02;2.478952e-02;9.506778e-02;2.870150e-02;3.897021e-02;2.161650e-02;4.360982e-03;9.581619e-03
1.046320e-02;1.517558e-01;6.465396e-01;2.685479e-02;1.348989e-02;1.334756e-02;4.188872e-02;2.801513e-02;2.551866e-02;2.817748e-02;8.073742e-03;5.875440e-03
2.337496e-02;1.391732e-01;6.873823e-01;2.579163e-02;1.349553e-02;7.437341e-03;2.669292e-02;2.078944e-02;1.839733e-02;2.547810e-02;4.993030e-03;6.994226e-03
1.076390e-02;1.294660e-01;7.119971e-01;2.598776e-02;1.380485e-02;8.513322e-03;2.639241e-02;1.281461e-02;2.709715e-02;2.288928e-02;4.474763e-03;5.798870e-03
1.644746e-02;1.188855e-01;7.056605e-01;2.854465e-02;1.022905e-02;9.605750e-03;3.924230e-02;1.051608e-02;2.511420e-02;2.201457e-02;5.474894e-03;8.264982e-03
2.226764e-02;1.303144e-01;6.899127e-01;2.742278e-02;1.622061e-02;1.141423e-02;3.794577e-02;1.247565e-02;1.857073e-02;2.194399e-02;4.474058e-03;7.037475e-03
2.208820e-02;1.594670e-01;6.595674e-01;2.770016e-02;1.403188e-02;8.438129e-03;2.195856e-02;1.602445e-02;2.737746e-02;2.151130e-02;1.164745e-02;1.018803e-02
3.657848e-02;1.902317e-01;6.026564e-01;3.113089e-02;1.318267e-02;1.076716e-02;2.115347e-02;1.678513e-02;2.799098e-02;2.181078e-02;1.548420e-02;1.222811e-02
5.989828e-02;2.243720e-01;5.255585e-01;3.433050e-02;1.476470e-02;1.569242e-02;2.752101e-02;1.693395e-02;3.710915e-02;1.517035e-02;1.462935e-02;1.401975e-02
1.322616e-01;2.474227e-01;4.236951e-01;4.345729e-02;1.481304e-02;1.956787e-02;2.185120e-02;1.543897e-02;4.988063e-02;1.112801e-02;9.130529e-03;1.135312e-02
1.754990e-01;2.668139e-01;3.504125e-01;5.135521e-02;1.138700e-02;1.918140e-02;2.012503e-02;1.111665e-02;6.036233e-02;1.853341e-02;7.483583e-03;7.730021e-03
2.102824e-01;2.548144e-01;3.062170e-01;4.648464e-02;1.715697e-02;1.859001e-02;1.485733e-02;1.025647e-02;6.524082e-02;3.484302e-02;1.018396e-02;1.107300e-02
2.721660e-01;2.268841e-01;2.577833e-01;2.896973e-02;1.759191e-02;1.681810e-02;7.808667e-03;2.052519e-02;6.137456e-02;5.174132e-02;1.777757e-02;2.055945e-02
3.084541e-01;1.799057e-01;2.071281e-01;1.780927e-02;1.405818e-02;1.545822e-02;2.495783e-02;4.493982e-02;4.840434e-02;6.019809e-02;3.644899e-02;4.223740e-02
2.580717e-01;1.231485e-01;1.388479e-01;2.180866e-02;2.193102e-02;2.954924e-02;8.734521e-02;6.067745e-02;4.963960e-02;7.378099e-02;6.900107e-02;6.619863e-02
1.649056e-01;6.270301e-02;9.920006e-02;3.204001e-02;4.299573e-02;4.740149e-02;1.561940e-01;4.484861e-02;7.026136e-02;9.431396e-02;1.209685e-01;6.416765e-02
1.489872e-01;4.578694e-02;1.897103e-01;4.036166e-02;4.699382e-02;3.850988e-02;9.871498e-02;4.646304e-02;7.867651e-02;8.784064e-02;1.033105e-01;7.464456e-02
1.134892e-01;2.186687e-02;1.173012e-01;3.669304e-02;6.475243e-02;7.793790e-02;1.194673e-01;1.012551e-01;1.318468e-01;1.162267e-01;6.546102e-02;3.370237e-02
9.028509e-02;2.926528e-02;6.218848e-02;4.709119e-02;6.952028e-02;7.921270e-02;1.680579e-01;1.479525e-01;1.289168e-01;1.122204e-01;5.076830e-02;1.452107e-02
9.025295e-02;4.244466e-02;5.751833e-02;5.570358e-02;8.143427e-02;5.438964e-02;1.742345e-01;1.539115e-01;1.158530e-01;9.399042e-02;5.965203e-02;2.061511e-02
7.673106e-02;4.513050e-02;9.348904e-02;6.586473e-02;8.327386e-02;5.369752e-02;1.320837e-01;1.332074e-01;1.146648e-01;1.227866e-01;5.713733e-02;2.193335e-02
5.954909e-02;5.500859e-02;2.033388e-01;5.729038e-02;6.335785e-02;6.176645e-02;1.053021e-01;9.551676e-02;1.394911e-01;9.772360e-02;3.259538e-02;2.905984e-02
8.347583e-02;6.881599e-02;3.433535e-01;6.395379e-02;5.509023e-02;5.198338e-02;1.490577e-01;4.204698e-02;6.366480e-02;2.918747e-02;2.819195e-02;2.117841e-02
1.204243e-01;1.267543e-01;3.553184e-01;4.274365e-02;4.892207e-02;3.994997e-02;1.294585e-01;3.143586e-02;3.335054e-02;2.060816e-02;2.293855e-02;2.809573e-02
1.504492e-01;2.125152e-01;3.416500e-01;2.505304e-02;2.848008e-02;3.080478e-02;7.811332e-02;2.189164e-02;4.039529e-02;1.980085e-02;2.259290e-02;2.825373e-02
1.869427e-01;2.948070e-01;2.879767e-01;1.997296e-02;1.252805e-02;1.941883e-02;3.387976e-02;2.485527e-02;5.573955e-02;1.245323e-02;3.373716e-02;1.768888e-02
2.735349e-01;3.061243e-01;1.888161e-01;1.254385e-02;1.163778e-02;1.221045e-02;2.124810e-02;4.755011e-02;5.728950e-02;1.265839e-02;3.771660e-02;1.866990e-02
3.672966e-01;2.636715e-01;9.703076e-02;1.153010e-02;2.029967e-02;1.484654e-02;3.048571e-02;8.203851e-02;4.987328e-02;1.829714e-02;2.545911e-02;1.917111e-02
4.188803e-01;2.435025e-01;7.429776e-02;1.149391e-02;2.477187e-02;2.155455e-02;3.222703e-02;8.267619e-02;4.315196e-02;1.234596e-02;1.404351e-02;2.105447e-02
3.981976e-01;2.667651e-01;1.162099e-01;7.852607e-03;2.810298e-02;1.950449e-02;2.949544e-02;4.591515e-02;4.737908e-02;1.032848e-02;1.031692e-02;1.993231e-02
3.787705e-01;2.926719e-01;1.557077e-01;7.486403e-03;2.127911e-02;1.668287e-02;1.908897e-02;2.822479e-02;4.850646e-02;1.198876e-02;6.496229e-03;1.309637e-02
3.934596e-01;2.810306e-01;1.492961e-01;1.318721e-02;2.824216e-02;7.909817e-03;1.594092e-02;2.689176e-02;4.148725e-02;1.175530e-02;1.069394e-02;2.010537e-02
3.873280e-01;2.350585e-01;1.567422e-01;2.372118e-02;3.491957e-02;1.865342e-02;3.051196e-02;3.404559e-02;1.929915e-02;1.261402e-02;1.769731e-02;2.940911e-02
3.054700e-01;1.862558e-01;1.980735e-01;3.125549e-02;4.089018e-02;2.320179e-02;4.278655e-02;3.392725e-02;4.630542e-02;2.721850e-02;3.022884e-02;3.438665e-02
2.146927e-01;1.493239e-01;2.200615e-01;3.831008e-02;4.861695e-02;2.412448e-02;8.217107e-02;1.856125e-02;7.623614e-02;4.327096e-02;4.370077e-02;4.093018e-02
1.081148e-01;1.019547e-01;2.810294e-01;4.213934e-02;3.575613e-02;2.822751e-02;1.163522e-01;5.735859e-02;9.098575e-02;4.793087e-02;5.273374e-02;3.741685e-02
1.517761e-01;9.919559e-02;1.999557e-01;3.451803e-02;6.439770e-02;5.043140e-02;1.097185e-01;9.653830e-02;4.682835e-02;5.315268e-02;5.456346e-02;3.892413e-02
1.854654e-01;1.197476e-01;2.127493e-01;3.563850e-02;6.977550e-02;5.547453e-02;6.666389e-02;6.254384e-02;4.960416e-02;5.606052e-02;4.915639e-02;3.712041e-02
1.893965e-01;1.086076e-01;2.156790e-01;4.264613e-02;4.649034e-02;4.363468e-02;1.265454e-01;6.027888e-02;2.677553e-02;5.598420e-02;5.271291e-02;3.124876e-02
2.129220e-01;1.064567e-01;1.356755e-01;4.916862e-02;3.456817e-02;2.446141e-02;1.360998e-01;5.753720e-02;7.903989e-02;6.392220e-02;7.015384e-02;2.999463e-02
1.710796e-01;9.647744e-02;1.204648e-01;4.920043e-02;3.541343e-02;5.328991e-02;1.096320e-01;8.275321e-02;9.498109e-02;1.097941e-01;4.650090e-02;3.041305e-02
8.984841e-02;5.986601e-02;8.890574e-02;7.022271e-02;4.913823e-02;6.191803e-02;8.989272e-02;1.420068e-01;1.444137e-01;1.323137e-01;3.711586e-02;3.435812e-02
