2.581700e-02;8.244009e-02;1.513977e-01;2.950112e-02;2.336439e-02;2.704448e-01;4.239082e-02;1.991467e-01;9.637653e-02;2.716994e-02;2.043084e-02;3.152010e-02
1.698777e-02;9.413044e-02;1.112037e-01;2.964140e-02;3.172182e-02;1.683299e-01;4.643728e-02;3.058280e-01;1.023566e-01;3.073243e-02;2.593673e-02;3.669400e-02
1.914575e-02;1.137842e-01;2.344277e-02;2.528549e-02;3.173235e-02;3.358893e-01;2.582277e-02;2.530314e-01;1.071540e-01;2.314060e-02;2.156177e-02;2.000972e-02
1.814879e-02;1.333932e-01;1.047171e-01;2.331013e-02;2.310628e-02;3.434546e-01;1.642890e-02;2.003057e-01;8.926399e-02;2.387778e-02;1.130018e-02;1.269335e-02
2.403754e-02;1.601758e-01;1.406194e-01;3.322661e-02;2.757744e-02;2.695949e-01;2.700756e-02;1.994871e-01;3.954421e-02;2.928333e-02;2.203723e-02;2.740886e-02
5.519294e-02;2.334681e-01;2.965828e-01;4.606673e-02;3.461966e-02;7.881319e-02;1.176156e-02;1.349926e-01;5.326089e-02;1.493503e-02;1.538358e-02;2.492291e-02
3.693737e-02;1.774547e-01;2.370662e-01;4.975720e-02;3.867854e-02;1.360601e-01;9.703008e-03;1.602703e-01;1.002111e-01;1.578775e-02;1.617461e-02;2.189909e-02
2.887385e-02;1.432495e-01;1.882261e-01;5.319547e-02;3.282499e-02;1.477282e-01;1.088777e-02;1.916048e-01;1.602798e-01;1.553284e-02;9.179781e-03;1.841694e-02
1.883689e-02;9.596639e-02;1.411044e-01;6.007592e-02;2.222529e-02;1.125567e-01;3.768124e-02;2.200479e-01;2.535290e-01;1.612815e-02;5.329637e-03;1.651850e-02
1.358081e-02;3.960770e-02;7.916350e-02;6.809674e-02;1.198695e-02;7.475498e-02;8.712894e-02;3.104851e-01;2.763317e-01;1.670224e-02;9.592667e-03;1.256868e-02
9.517395e-03;1.634604e-02;5.390435e-02;5.876282e-02;1.078461e-02;7.827645e-02;1.096015e-01;3.884038e-01;2.422510e-01;1.351656e-02;6.925622e-03;1.170983e-02
3.617176e-03;2.237903e-02;7.618802e-02;3.058710e-02;1.318148e-02;1.297576e-01;7.773577e-02;4.436167e-01;1.746478e-01;9.997148e-03;5.509152e-03;1.278304e-02
6.103246e-03;4.773522e-02;1.011665e-01;1.181675e-02;2.669083e-02;1.521517e-01;4.032274e-02;4.719233e-01;1.141455e-01;9.021239e-03;8.239562e-03;1.068340e-02
7.106693e-03;8.868220e-02;8.951554e-02;1.017122e-02;3.853460e-02;1.812401e-01;5.615202e-02;4.107511e-01;8.094370e-02;7.049645e-03;2.243363e-02;7.419572e-03
1.130691e-02;1.272393e-01;6.646128e-02;1.367662e-02;3.369301e-02;2.140608e-01;1.106451e-01;2.898680e-01;8.679902e-02;1.328710e-02;2.902995e-02;3.932906e-03
1.456471e-02;1.528028e-01;4.962115e-02;3.912295e-02;2.994184e-02;1.992002e-01;1.645528e-01;1.733124e-01;8.604828e-02;2.792621e-02;4.689002e-02;1.601673e-02
1.862261e-02;8.662070e-02;1.000983e-01;3.869442e-02;4.768418e-02;1.192636e-01;1.024956e-01;2.855077e-01;1.169134e-01;2.583697e-02;3.103974e-02;2.722273e-02
3.850603e-02;3.593063e-02;8.538265e-02;8.699066e-02;4.167808e-02;9.649508e-02;8.465633e-02;2.653849e-01;1.792857e-01;2.746631e-02;2.976225e-02;2.846135e-02
3.644592e-02;3.923945e-02;4.945476e-02;8.221666e-02;1.011202e-01;6.209239e-02;1.565078e-01;1.680963e-01;2.045698e-01;5.209294e-02;2.843858e-02;1.972515e-02
2.150104e-02;8.470362e-02;3.034874e-02;4.245904e-02;1.966440e-01;3.809392e-02;1.359950e-01;1.209043e-01;1.925488e-01;8.930074e-02;3.262558e-02;1.487521e-02
5.117496e-03;1.217425e-01;1.887909e-02;1.480168e-02;2.861745e-01;5.859957e-02;5.714611e-02;1.050777e-01;1.671374e-01;1.083219e-01;4.261864e-02;1.438339e-02
5.735999e-03;1.292784e-01;1.190389e-02;2.808430e-02;3.360431e-01;7.490841e-02;1.483348e-02;9.402061e-02;1.566797e-01;9.996957e-02;3.703727e-02;1.150519e-02
1.406970e-02;1.206725e-01;1.013710e-02;5.534901e-02;3.362950e-01;6.699967e-02;1.517143e-02;9.422661e-02;1.694532e-01;8.186930e-02;2.603243e-02;9.724153e-03
2.886069e-02;9.568394e-02;3.074721e-02;9.752152e-02;2.667789e-01;6.654394e-02;1.341061e-02;1.300996e-01;1.785189e-01;6.073756e-02;2.219001e-02;8.907083e-03
4.281235e-02;7.304725e-02;5.418861e-02;1.423328e-01;1.807875e-01;8.362275e-02;3.040762e-02;1.681145e-01;1.522466e-01;4.503265e-02;2.044174e-02;6.965640e-03
5.162424e-02;6.152841e-02;5.984102e-02;1.509849e-01;1.435496e-01;8.416317e-02;5.755334e-02;2.261315e-01;1.016401e-01;3.242529e-02;1.947823e-02;1.108009e-02
2.522541e-02;7.451838e-02;6.146857e-02;7.922622e-02;1.953201e-01;9.600838e-02;9.065405e-02;1.925869e-01;1.233121e-01;2.403156e-02;2.125068e-02;1.639774e-02
9.010811e-03;7.432643e-02;4.183557e-02;7.697418e-02;2.101965e-01;7.714522e-02;6.684377e-02;1.801797e-01;1.942607e-01;3.557530e-02;1.670221e-02;1.694956e-02
1.126166e-02;5.781400e-02;2.101674e-02;9.548441e-02;1.558769e-01;1.152893e-01;2.509392e-02;1.402334e-01;2.638988e-01;6.887311e-02;2.749503e-02;1.766276e-02
6.062843e-03;3.771148e-02;2.184330e-02;7.262605e-02;1.509073e-01;1.384000e-01;1.980679e-02;1.382686e-01;2.761081e-01;8.698057e-02;3.901071e-02;1.227429e-02
1.541109e-02;5.570113e-02;3.770701e-02;4.119204e-02;1.298514e-01;1.243550e-01;2.264345e-02;1.403181e-01;2.785454e-01;9.668149e-02;4.748259e-02;1.011130e-02
2.767764e-02;7.917791e-02;7.572751e-02;6.474333e-02;1.330030e-01;9.812792e-02;2.301666e-02;9.821682e-02;1.997907e-01;9.791324e-02;7.127795e-02;3.132728e-02
7.112759e-02;1.531699e-01;9.408583e-02;3.897824e-02;1.101121e-01;1.041580e-01;3.210255e-02;5.217907e-02;1.082199e-01;6.328443e-02;9.348767e-02;7.909465e-02
9.487647e-02;1.619694e-01;8.302668e-02;7.099736e-02;9.008807e-02;9.401220e-02;2.110232e-02;5.478562e-02;7.350624e-02;6.518702e-02;8.317158e-02;1.072770e-01
1.011072e-01;1.793558e-01;5.383639e-02;7.940701e-02;1.060910e-01;9.224308e-02;1.755554e-02;5.136245e-02;7.796446e-02;7.345508e-02;5.714288e-02;1.104791e-01
8.506854e-02;1.928241e-01;5.092384e-02;7.671850e-02;1.549419e-01;8.554587e-02;1.458773e-02;3.224520e-02;8.977765e-02;7.377961e-02;2.845340e-02;1.151337e-01
5.884106e-02;1.608787e-01;1.024840e-01;8.999273e-02;1.715313e-01;7.635765e-02;3.702780e-02;3.732321e-02;1.080061e-01;5.647990e-02;1.676444e-02;8.431310e-02
8.842118e-02;7.902230e-02;1.360235e-01;1.416780e-01;1.437285e-01;6.751556e-02;8.013470e-02;5.614737e-02;1.239119e-01;3.123209e-02;2.310108e-02;2.908393e-02
1.263113e-01;2.744859e-02;1.028099e-01;2.223793e-01;1.214388e-01;2.672084e-02;8.722708e-02;7.559458e-02;1.303252e-01;1.917011e-02;4.657470e-02;1.399953e-02
1.030967e-01;6.513919e-02;9.590354e-02;2.714625e-01;1.135018e-01;1.593829e-02;4.718819e-02;7.780612e-02;1.143310e-01;2.083460e-02;5.978278e-02;1.501535e-02
5.691942e-02;1.423155e-01;1.584914e-01;2.634899e-01;9.578692e-02;2.007671e-02;1.568806e-02;7.671805e-02;8.790307e-02;1.789698e-02;5.058348e-02;1.413038e-02
3.710657e-02;1.927689e-01;1.880156e-01;1.988157e-01;8.157726e-02;5.410684e-02;1.891542e-02;7.471424e-02;6.721427e-02;1.879954e-02;3.767524e-02;3.029038e-02
4.124598e-02;1.679679e-01;1.754899e-01;1.435521e-01;1.028467e-01;8.949870e-02;3.053131e-02;8.158722e-02;6.410945e-02;2.019074e-02;3.465976e-02;4.832020e-02
4.604654e-02;7.670262e-02;1.601748e-01;1.066655e-01;9.507067e-02;1.136378e-01;3.964914e-02;1.376117e-01;7.798634e-02;2.997646e-02;2.034795e-02;9.613048e-02
4.722240e-02;9.089375e-02;1.077309e-01;1.321459e-01;1.193749e-01;1.054533e-01;4.152926e-02;1.291358e-01;7.964706e-02;3.163896e-02;3.638472e-02;7.884324e-02
6.062009e-02;8.626947e-02;7.010974e-02;1.867297e-01;1.730958e-01;1.009137e-01;2.565431e-02;8.482625e-02;9.424540e-02;1.991485e-02;4.993325e-02;4.768749e-02
4.951392e-02;7.544757e-02;5.640536e-02;1.735667e-01;1.591267e-01;8.855024e-02;2.176504e-02;8.268775e-02;1.508116e-01;2.976429e-02;3.335072e-02;7.901004e-02
3.551687e-02;6.371783e-02;4.181819e-02;1.523036e-01;1.062379e-01;5.722819e-02;2.468239e-02;7.734752e-02;2.316859e-01;7.352962e-02;5.636683e-02;7.956513e-02
9.669542e-02;4.849530e-02;2.287653e-02;1.638266e-01;9.973271e-02;3.663241e-02;2.264531e-02;4.770727e-02;2.570905e-01;8.123979e-02;7.907088e-02;4.398732e-02
1.624997e-01;3.603502e-02;2.196931e-02;1.716354e-01;7.545677e-02;2.615751e-02;1.174586e-02;4.806137e-02;2.511338e-01;5.229223e-02;7.675248e-02;6.626050e-02
1.846892e-01;1.839386e-02;1.505948e-02;1.754070e-01;4.490794e-02;1.797650e-02;3.831257e-02;4.716566e-02;2.299775e-01;3.252945e-02;1.252089e-01;7.037193e-02
2.041640e-01;1.496708e-02;1.853100e-02;1.671463e-01;2.489779e-02;1.650916e-02;6.996765e-02;3.490305e-02;2.236434e-01;3.123275e-02;1.465178e-01;4.752010e-02
2.242354e-01;1.917087e-02;3.446379e-02;1.307331e-01;2.208054e-02;1.457834e-02;1.088213e-01;3.358635e-02;2.193245e-01;6.199229e-02;1.034793e-01;2.753413e-02
2.255448e-01;1.959577e-02;5.422533e-02;1.031324e-01;2.455473e-02;2.139222e-02;1.391701e-01;3.099721e-02;2.190629e-01;5.859848e-02;7.682606e-02;2.690000e-02
1.652481e-01;2.628994e-02;6.893183e-02;8.208473e-02;5.889853e-02;5.021160e-02;1.156613e-01;2.188159e-02;1.793444e-01;1.151658e-01;4.695354e-02;6.932866e-02
9.268490e-02;5.936037e-02;5.301407e-02;4.698310e-02;1.111907e-01;5.541850e-02;5.909856e-02;1.947808e-02;1.369682e-01;1.907473e-01;2.756077e-02;1.474956e-01
4.950815e-02;9.240682e-02;2.965529e-02;4.145688e-02;1.626870e-01;3.845039e-02;1.642092e-02;2.454956e-02;1.021687e-01;2.289226e-01;2.617100e-02;1.876028e-01
2.918836e-02;1.118536e-01;3.570579e-02;6.933574e-02;1.775743e-01;3.305133e-02;1.517333e-02;2.829811e-02;7.013940e-02;2.148190e-01;3.539434e-02;1.794667e-01
2.615877e-02;1.231339e-01;7.039599e-02;9.490108e-02;1.507675e-01;5.000772e-02;2.905327e-02;4.086841e-02;4.916885e-02;1.580579e-01;5.455524e-02;1.529314e-01
3.229870e-02;1.131873e-01;1.037875e-01;1.135936e-01;9.686334e-02;8.513556e-02;6.808352e-02;4.537553e-02;4.688406e-02;9.644582e-02;8.479779e-02;1.135473e-01
7.028422e-02;8.226974e-02;9.901777e-02;1.492946e-01;7.844385e-02;7.205087e-02;6.104323e-02;5.411095e-02;9.195935e-02;5.945885e-02;8.207562e-02;9.999096e-02
5.959882e-02;6.364913e-02;7.656866e-02;1.191491e-01;9.050830e-02;7.045408e-02;5.510999e-02;7.199766e-02;1.233535e-01;1.160280e-01;3.784339e-02;1.157395e-01
7.132946e-02;6.151754e-02;7.320724e-02;5.996928e-02;6.715192e-02;9.902220e-02;7.122786e-02;5.851186e-02;9.449858e-02;1.022824e-01;1.396930e-01;1.015886e-01
6.846403e-02;4.801529e-02;8.155188e-02;3.144621e-02;5.702668e-02;1.372661e-01;8.274321e-02;2.762312e-02;1.111611e-01;5.882763e-02;2.002838e-01;9.559092e-02
4.716704e-02;3.352744e-02;9.015618e-02;2.150417e-02;4.079381e-02;1.677940e-01;1.057216e-01;2.017182e-02;1.351434e-01;3.248762e-02;1.990800e-01;1.064528e-01
4.652280e-02;1.942849e-02;8.719133e-02;1.790855e-02;3.219046e-02;1.715275e-01;1.137276e-01;2.096802e-02;1.632992e-01;4.532732e-02;2.019302e-01;7.997866e-02
3.411847e-02;3.013265e-02;7.411818e-02;2.459001e-02;1.693778e-02;1.248034e-01;1.200859e-01;3.538115e-02;1.652128e-01;6.673017e-02;2.184583e-01;8.943111e-02
4.188872e-02;3.849849e-02;6.060908e-02;4.329727e-02;3.815905e-02;5.937646e-02;1.450109e-01;5.035623e-02;1.577339e-01;8.886740e-02;1.392365e-01;1.369660e-01
4.316558e-02;4.180896e-02;4.812970e-02;4.751747e-02;7.092158e-02;5.783450e-02;1.307033e-01;6.377141e-02;1.889674e-01;1.197488e-01;6.815601e-02;1.192753e-01
3.738229e-02;5.107819e-02;3.613489e-02;4.749740e-02;6.351355e-02;4.997785e-02;8.689947e-02;5.988369e-02;2.043710e-01;1.972644e-01;8.636559e-02;7.963163e-02
3.797440e-02;3.545714e-02;2.861376e-02;5.222397e-02;3.556725e-02;5.130335e-02;4.469181e-02;8.428305e-02;2.394353e-01;2.194675e-01;1.180396e-01;5.294291e-02
4.541418e-02;2.879799e-02;3.256867e-02;5.235099e-02;5.705775e-02;3.870749e-02;3.132933e-02;1.023056e-01;3.091960e-01;1.666730e-01;9.573043e-02;3.986865e-02
4.872912e-02;4.127693e-02;3.472954e-02;5.598491e-02;6.976996e-02;4.620006e-02;2.958982e-02;1.158870e-01;3.508382e-01;9.492497e-02;5.825284e-02;5.381659e-02
5.319839e-02;3.087725e-02;4.547216e-02;6.031455e-02;9.310902e-02;5.186260e-02;2.590468e-02;1.109507e-01;3.103025e-01;8.987804e-02;7.097648e-02;5.715359e-02
4.213336e-02;2.849692e-02;3.784806e-02;6.537780e-02;1.177089e-01;4.723747e-02;4.230724e-02;1.218079e-01;2.856158e-01;9.708172e-02;6.889606e-02;4.548870e-02
3.435769e-02;4.302992e-02;4.085488e-02;6.687271e-02;8.411175e-02;8.032706e-02;3.557498e-02;1.032611e-01;2.478835e-01;9.941390e-02;1.088601e-01;5.545238e-02
4.855754e-02;3.856973e-02;5.377088e-02;5.761965e-02;6.841458e-02;1.127237e-01;7.404283e-02;8.950131e-02;1.617167e-01;1.029996e-01;1.387062e-01;5.337715e-02
6.857115e-02;3.937789e-02;5.358334e-02;3.851154e-02;2.015194e-02;1.589828e-01;8.763418e-02;4.956984e-02;8.290525e-02;7.516205e-02;2.721545e-01;5.339548e-02
9.598379e-02;2.128476e-02;3.990467e-02;2.586902e-02;3.206326e-02;2.134234e-01;9.084172e-02;2.850192e-02;5.255559e-02;3.554396e-02;3.069392e-01;5.708872e-02
1.028514e-01;2.472151e-02;3.348079e-02;3.391453e-02;4.290123e-02;2.473185e-01;1.137539e-01;2.793143e-02;4.173930e-02;3.652846e-02;2.520427e-01;4.281626e-02
7.916483e-02;4.524913e-02;3.189533e-02;5.379572e-02;4.684864e-02;2.415181e-01;1.474045e-01;5.297423e-02;5.847510e-02;4.605733e-02;1.600020e-01;3.661512e-02
4.573926e-02;5.866715e-02;2.513491e-02;7.015723e-02;8.184853e-02;1.984073e-01;1.299185e-01;8.264462e-02;8.231469e-02;8.228562e-02;8.412933e-02;5.875274e-02
3.153081e-02;8.298810e-02;1.951128e-02;5.540741e-02;1.384909e-01;1.464925e-01;7.778021e-02;1.061151e-01;1.072405e-01;1.316600e-01;5.010898e-02;5.267421e-02
2.264458e-02;8.589593e-02;1.783487e-02;5.881772e-02;1.647427e-01;1.102604e-01;4.855044e-02;1.098324e-01;1.354998e-01;1.326165e-01;4.109576e-02;7.220892e-02
3.200556e-02;6.606944e-02;2.870121e-02;8.830643e-02;1.469895e-01;8.007024e-02;5.854611e-02;1.253339e-01;1.739885e-01;9.769014e-02;3.606740e-02;6.623152e-02
5.708599e-02;4.159015e-02;4.311209e-02;1.323977e-01;8.594418e-02;7.957309e-02;7.132792e-02;1.485416e-01;1.939336e-01;6.644291e-02;3.598252e-02;4.406825e-02
7.977163e-02;1.860072e-02;6.564295e-02;1.356079e-01;6.454127e-02;1.090324e-01;3.619781e-02;1.471916e-01;1.929353e-01;6.046862e-02;2.832540e-02;6.168433e-02
6.500220e-02;6.178944e-02;6.492354e-02;9.563515e-02;1.019584e-01;1.120420e-01;6.319244e-02;1.181869e-01;1.792286e-01;6.680720e-02;2.097327e-02;5.026084e-02
3.532465e-02;9.336787e-02;4.628450e-02;5.734779e-02;2.076830e-01;1.332553e-01;6.051600e-02;1.063888e-01;1.347957e-01;7.596039e-02;2.562952e-02;2.344643e-02
1.719124e-02;8.708603e-02;2.887158e-02;2.405941e-02;2.287377e-01;2.297628e-01;4.093514e-02;1.224965e-01;8.057267e-02;8.419146e-02;3.912474e-02;1.697079e-02
1.026005e-02;7.027616e-02;2.716716e-02;2.814555e-02;1.701711e-01;3.513459e-01;4.927894e-02;1.090857e-01;4.403718e-02;6.546231e-02;6.203414e-02;1.273585e-02
9.767215e-03;4.656835e-02;3.690380e-02;2.879308e-02;1.032945e-01;4.700903e-01;7.511049e-02;7.547978e-02;2.980442e-02;3.904327e-02;7.383428e-02;1.131051e-02
1.287598e-02;2.893485e-02;4.281625e-02;2.224421e-02;7.567049e-02;5.480317e-01;8.540573e-02;4.665145e-02;2.694856e-02;2.011638e-02;8.181324e-02;8.491110e-03
1.689436e-02;3.021854e-02;4.496624e-02;2.443590e-02;7.912531e-02;5.345390e-01;7.349130e-02;4.686769e-02;3.181446e-02;2.713018e-02;8.131522e-02;9.201816e-03
1.775254e-02;3.576987e-02;3.201660e-02;3.282510e-02;1.033262e-01;4.766331e-01;7.529483e-02;5.929392e-02;3.810922e-02;3.593480e-02;8.045102e-02;1.259280e-02
1.103663e-02;5.290861e-02;2.708992e-02;3.749281e-02;1.659090e-01;3.833749e-01;6.199509e-02;8.202071e-02;5.419299e-02;4.606077e-02;6.491085e-02;1.300766e-02
7.098737e-03;6.267317e-02;3.176576e-02;4.626746e-02;1.993832e-01;2.568419e-01;4.684319e-02;1.294639e-01;9.221300e-02;5.444792e-02;5.920281e-02;1.379903e-02
1.072971e-02;6.243414e-02;3.107455e-02;4.531996e-02;1.882581e-01;1.575496e-01;3.648242e-02;1.749465e-01;1.528515e-01;7.895774e-02;4.781605e-02;1.357979e-02
1.128748e-02;8.467650e-02;3.411898e-02;3.349037e-02;1.263356e-01;5.862175e-02;5.956516e-02;1.750325e-01;2.424911e-01;1.052202e-01;4.175182e-02;2.740860e-02
2.612934e-02;8.919347e-02;7.064512e-02;3.256027e-02;4.072623e-02;8.921190e-02;5.712007e-02;1.666064e-01;2.505232e-01;9.731080e-02;4.389282e-02;3.608027e-02
2.925239e-02;8.458867e-02;5.439828e-02;3.473819e-02;3.605146e-02;1.419436e-01;4.699324e-02;1.409843e-01;2.522103e-01;9.167733e-02;5.135814e-02;3.580404e-02
2.062107e-02;6.463446e-02;2.469280e-02;2.383315e-02;5.717704e-02;1.806542e-01;2.884455e-02;1.925042e-01;2.698100e-01;7.350770e-02;3.790636e-02;2.581447e-02
1.498471e-02;4.461728e-02;3.885917e-02;1.669451e-02;5.800552e-02;2.017310e-01;2.780256e-02;2.428764e-01;2.490104e-01;5.350038e-02;3.340509e-02;1.851299e-02
2.537152e-02;3.706575e-02;4.332816e-02;2.242677e-02;3.884752e-02;2.253837e-01;6.520613e-02;1.927279e-01;2.186559e-01;5.160906e-02;6.018953e-02;1.918807e-02
3.283539e-02;6.670271e-02;4.524628e-02;3.220591e-02;5.002262e-02;1.726746e-01;9.555312e-02;1.623505e-01;1.650437e-01;7.324398e-02;6.795500e-02;3.616614e-02
4.309584e-02;1.164437e-01;1.002839e-01;2.702432e-02;3.506290e-02;1.227291e-01;1.006145e-01;1.155901e-01;1.385959e-01;6.728583e-02;7.718996e-02;5.608401e-02
3.598091e-02;9.350565e-02;1.055598e-01;2.079462e-02;3.971655e-02;2.079670e-01;8.716068e-02;1.137806e-01;1.090619e-01;4.459273e-02;8.809546e-02;5.378418e-02
2.880220e-02;3.599824e-02;9.171016e-02;1.146928e-02;3.234203e-02;3.372945e-01;7.102741e-02;1.048020e-01;9.382864e-02;3.505737e-02;1.155828e-01;4.208540e-02
1.889507e-02;1.788507e-02;8.878077e-02;7.326191e-03;2.943807e-02;4.486155e-01;4.580971e-02;9.520453e-02;6.172994e-02;2.729308e-02;1.314999e-01;2.752217e-02
1.630997e-02;2.840915e-02;8.985908e-02;7.491843e-03;5.580573e-02;4.893250e-01;4.703735e-02;6.666151e-02;3.898945e-02;2.373867e-02;1.189792e-01;1.739305e-02
1.316519e-02;4.433848e-02;9.093445e-02;1.419833e-02;9.894043e-02;4.786170e-01;5.016047e-02;3.746920e-02;3.113823e-02;2.036750e-02;1.050067e-01;1.566398e-02
1.009728e-02;8.195152e-02;1.041975e-01;2.088080e-02;9.725476e-02;4.455634e-01;3.725089e-02;2.390356e-02;2.961062e-02;2.309312e-02;1.125905e-01;1.360612e-02
1.130833e-02;1.021346e-01;1.336990e-01;1.954010e-02;4.861696e-02;4.015613e-01;2.028375e-02;2.642213e-02;3.964403e-02;3.084101e-02;1.518365e-01;1.411225e-02
1.750952e-02;6.041912e-02;1.553796e-01;8.187822e-03;3.233618e-02;3.593879e-01;2.400859e-02;2.801972e-02;5.013802e-02;3.798542e-02;2.053147e-01;2.131342e-02
1.242186e-02;1.267527e-02;1.592274e-01;1.091241e-02;2.995622e-02;3.100073e-01;4.944592e-02;3.735302e-02;7.966544e-02;3.128139e-02;2.352177e-01;3.183606e-02
1.563298e-02;2.763004e-02;1.243193e-01;1.093602e-02;2.882596e-02;2.808922e-01;6.209704e-02;4.229324e-02;1.014971e-01;2.922962e-02;2.274345e-01;4.921194e-02
2.323735e-02;4.249518e-02;1.155837e-01;1.199090e-02;3.643703e-02;2.671839e-01;7.138582e-02;4.631998e-02;9.404062e-02;3.601767e-02;2.022087e-01;5.309911e-02
3.686467e-02;5.507996e-02;1.392039e-01;2.003139e-02;2.226098e-02;1.933422e-01;7.125407e-02;8.135021e-02;1.009747e-01;5.077534e-02;1.805488e-01;4.831376e-02
4.059186e-02;5.358614e-02;1.393870e-01;2.573746e-02;3.490429e-02;1.376020e-01;4.477230e-02;9.758605e-02;1.437301e-01;5.991023e-02;1.718461e-01;5.034643e-02
2.994627e-02;4.470468e-02;6.961793e-02;2.235585e-02;5.611889e-02;1.382540e-01;3.172343e-02;1.540214e-01;2.272293e-01;5.502178e-02;1.276826e-01;4.332378e-02
2.098550e-02;4.246936e-02;3.852174e-02;1.788091e-02;7.338665e-02;1.671400e-01;2.078274e-02;2.161460e-01;2.675285e-01;6.257968e-02;3.656331e-02;3.601556e-02
2.517248e-02;5.462163e-02;6.897651e-02;2.634674e-02;4.740691e-02;1.365822e-01;2.647838e-02;2.355368e-01;2.053065e-01;6.627353e-02;6.906934e-02;3.822903e-02
3.504210e-02;5.109377e-02;9.145021e-02;3.422596e-02;3.588976e-02;1.008405e-01;2.204985e-02;2.614757e-01;1.671786e-01;8.758878e-02;7.847432e-02;3.469052e-02
2.659612e-02;5.055209e-02;8.538022e-02;3.805847e-02;5.137159e-02;1.036146e-01;2.785222e-02;2.043248e-01;1.602109e-01;1.253577e-01;9.291429e-02;3.376700e-02
2.532810e-02;4.035506e-02;6.032768e-02;2.989736e-02;4.310746e-02;1.534506e-01;4.035755e-02;1.040957e-01;2.273383e-01;1.436852e-01;9.229940e-02;3.975757e-02
2.702091e-02;5.585418e-02;5.708536e-02;2.416949e-02;3.805329e-02;1.587725e-01;5.763067e-02;7.047918e-02;2.558838e-01;1.401120e-01;7.728103e-02;3.765769e-02
3.608449e-02;6.153160e-02;6.777994e-02;3.625863e-02;4.203990e-02;1.594446e-01;8.755055e-02;8.081199e-02;1.823986e-01;1.397933e-01;7.045559e-02;3.585078e-02
4.850082e-02;4.610710e-02;4.655527e-02;3.323415e-02;3.577469e-02;1.863283e-01;1.324900e-01;1.178352e-01;1.323677e-01;1.473002e-01;4.599627e-02;2.751025e-02
5.533910e-02;3.564981e-02;6.773853e-02;2.441838e-02;5.080987e-02;1.902795e-01;1.429412e-01;1.276339e-01;1.052369e-01;1.464796e-01;3.411883e-02;1.935452e-02
5.354827e-02;3.406367e-02;1.110511e-01;2.836971e-02;4.891289e-02;1.545447e-01;8.474062e-02;1.820948e-01;1.402136e-01;1.038139e-01;3.298728e-02;2.565944e-02
3.616990e-02;6.920099e-02;1.379014e-01;3.047373e-02;2.230871e-02;1.234803e-01;7.323222e-02;1.764168e-01;2.166072e-01;5.338952e-02;2.931495e-02;3.150439e-02
2.704590e-02;8.367225e-02;8.932066e-02;3.192246e-02;2.762721e-02;1.383061e-01;1.325904e-01;2.087093e-01;1.729652e-01;4.692252e-02;2.035338e-02;2.056465e-02
2.063422e-02;6.964417e-02;6.149674e-02;6.111193e-02;3.047218e-02;1.644097e-01;1.077712e-01;2.714478e-01;1.319430e-01;3.817349e-02;2.426885e-02;1.862683e-02
1.392357e-02;4.690313e-02;9.936375e-02;8.607218e-02;2.328539e-02;1.962776e-01;6.098171e-02;2.665926e-01;1.534546e-01;2.680424e-02;8.313438e-03;1.802774e-02
1.269008e-02;4.887560e-02;1.035587e-01;6.161206e-02;1.701566e-02;2.440014e-01;5.303165e-02;2.848003e-01;1.268300e-01;2.145193e-02;9.866222e-03;1.626633e-02
1.258034e-02;3.872446e-02;8.725663e-02;7.210714e-02;1.972665e-02;3.241886e-01;4.065852e-02;2.407992e-01;1.149841e-01;2.129452e-02;8.897423e-03;1.878245e-02
1.615922e-02;2.036492e-02;7.943657e-02;9.018396e-02;3.350959e-02;4.222591e-01;4.089524e-02;1.543925e-01;9.217642e-02;1.864849e-02;3.699237e-03;2.827472e-02
1.919777e-02;3.532106e-02;1.280008e-01;8.163814e-02;5.174652e-02;4.194272e-01;3.620748e-02;8.195297e-02;6.283408e-02;1.942331e-02;1.487132e-02;4.937933e-02
1.206733e-02;5.548498e-02;1.688529e-01;1.451234e-01;6.494055e-02;2.382223e-01;4.527009e-02;1.071690e-01;5.195137e-02;2.409398e-02;2.858835e-02;5.823583e-02
6.959918e-03;5.331471e-02;1.878782e-01;1.903019e-01;7.109976e-02;1.165874e-01;7.682545e-02;1.296252e-01;5.184148e-02;2.377659e-02;3.650217e-02;5.528714e-02
6.112397e-03;4.627153e-02;1.880106e-01;1.520130e-01;6.715268e-02;1.515950e-01;1.116168e-01;1.314396e-01;3.143987e-02;2.000250e-02;4.156953e-02;5.277649e-02
7.893988e-03;5.816519e-02;2.332477e-01;1.058699e-01;7.477967e-02;1.051881e-01;1.664042e-01;1.106443e-01;1.667993e-02;2.192643e-02;4.610659e-02;5.309403e-02
5.238390e-03;5.952338e-02;2.607974e-01;6.545116e-02;7.594437e-02;1.487744e-01;1.663223e-01;6.480286e-02;3.268789e-02;2.561707e-02;4.737446e-02;4.746633e-02
1.475016e-02;6.841967e-02;2.465044e-01;5.812274e-02;6.281848e-02;1.711265e-01;1.219304e-01;7.749467e-02;4.719976e-02;3.329860e-02;5.187752e-02;4.645716e-02
2.027513e-02;7.887304e-02;2.133294e-01;4.764861e-02;4.482489e-02;1.855857e-01;7.442774e-02;8.889643e-02;1.166172e-01;3.524662e-02;4.478135e-02;4.949383e-02
1.590039e-02;9.788971e-02;1.935779e-01;2.749770e-02;3.172051e-02;1.954901e-01;5.410776e-02;1.278163e-01;1.479170e-01;3.222618e-02;3.032020e-02;4.553627e-02
2.773005e-02;1.347033e-01;1.746723e-01;2.195294e-02;2.013259e-02;1.691552e-01;2.992128e-02;1.619854e-01;1.647835e-01;3.500430e-02;2.559223e-02;3.436695e-02
4.606199e-02;1.420425e-01;1.593505e-01;5.312793e-02;1.851804e-02;1.162121e-01;4.548756e-02;1.651975e-01;1.401121e-01;4.455765e-02;4.163747e-02;2.769472e-02
2.485151e-02;8.875860e-02;1.820298e-01;5.310064e-02;2.949162e-02;1.129554e-01;3.670077e-02;1.870881e-01;1.702889e-01;4.510988e-02;4.375567e-02;2.586925e-02
1.847695e-02;6.740209e-02;2.112514e-01;3.401722e-02;3.264182e-02;3.033274e-01;2.659453e-02;8.506057e-02;1.255421e-01;3.737004e-02;3.561083e-02;2.270506e-02
2.303198e-02;8.768842e-02;1.900475e-01;3.095002e-02;2.922083e-02;3.558989e-01;1.879591e-02;8.343507e-02;1.077683e-01;3.078825e-02;2.606187e-02;1.631288e-02
2.535242e-02;4.581118e-02;1.517881e-01;3.358159e-02;3.255968e-02;3.940223e-01;3.191617e-02;9.140188e-02;9.743688e-02;4.061434e-02;3.170728e-02;2.380806e-02
3.430053e-02;7.676305e-02;1.061083e-01;3.009845e-02;3.462864e-02;2.135238e-01;6.380653e-02;1.352784e-01;1.594497e-01;7.262260e-02;3.955492e-02;3.386518e-02
4.637742e-02;1.207410e-01;1.292642e-01;3.242510e-02;3.279090e-02;7.602950e-02;5.702010e-02;1.401341e-01;1.899511e-01;8.941594e-02;4.950384e-02;3.634687e-02
4.703207e-02;1.178907e-01;1.174036e-01;4.447796e-02;4.467971e-02;7.780228e-02;5.091200e-02;1.305011e-01;1.786016e-01;9.843413e-02;5.378684e-02;3.847796e-02
4.619275e-02;1.005923e-01;9.428114e-02;5.074786e-02;4.569270e-02;1.312642e-01;4.932914e-02;1.246494e-01;1.644430e-01;9.700529e-02;5.451630e-02;4.128592e-02
2.747898e-02;6.107307e-02;1.239084e-01;3.178976e-02;3.130087e-02;1.954264e-01;2.217068e-02;1.698428e-01;1.832491e-01;6.663971e-02;4.865573e-02;3.846463e-02
3.129425e-02;7.514209e-02;1.451941e-01;2.499836e-02;1.986884e-02;1.635626e-01;2.539329e-02;1.763019e-01;1.898627e-01;6.259279e-02;4.509668e-02;4.069247e-02
