1.729105e-02;4.362948e-02;1.495236e-02;6.365226e-03;4.475602e-03;2.261561e-02;3.627622e-01;4.664921e-01;2.044568e-02;1.214664e-02;1.314764e-02;1.567648e-02
3.303488e-02;2.879379e-02;1.909355e-02;1.180490e-02;6.092723e-03;1.256939e-02;2.984929e-01;4.889538e-01;3.160434e-02;1.331798e-02;4.215765e-02;1.408412e-02
4.220992e-02;2.501146e-02;2.014192e-02;1.702709e-02;9.488451e-03;2.022303e-02;2.902001e-01;4.510197e-01;3.901319e-02;2.682316e-02;4.938120e-02;9.460774e-03
6.032440e-02;3.418168e-02;1.559528e-02;2.634678e-02;1.316109e-02;1.729243e-02;2.580976e-01;3.434163e-01;5.663598e-02;5.540460e-02;1.126727e-01;6.871074e-03
5.756785e-02;3.279891e-02;1.626885e-02;2.670856e-02;2.190086e-02;1.893298e-02;2.466896e-01;2.188775e-01;7.424942e-02;1.123648e-01;1.654882e-01;8.152497e-03
5.196866e-02;2.336374e-02;1.395492e-02;1.693633e-02;3.988382e-02;1.596498e-02;2.089183e-01;1.572815e-01;4.226796e-02;1.457047e-01;2.703275e-01;1.342754e-02
7.140342e-02;3.290030e-02;1.088545e-02;1.084580e-02;4.614795e-02;1.214994e-02;1.177916e-01;7.126590e-02;2.427247e-02;1.568569e-01;4.311437e-01;1.433662e-02
8.031832e-02;3.515348e-02;1.031314e-02;1.800615e-02;3.197577e-02;1.084195e-02;6.934819e-02;6.184706e-02;1.402800e-02;1.254003e-01;5.293046e-01;1.346309e-02
9.357995e-02;2.471026e-02;1.865115e-02;1.979207e-02;1.355848e-02;2.308958e-02;4.277875e-02;3.461783e-02;1.250997e-02;8.635830e-02;6.235599e-01;6.793748e-03
1.230961e-01;2.786678e-02;2.101126e-02;1.312923e-02;9.303234e-03;3.186853e-02;3.842679e-02;1.486655e-02;1.960165e-02;5.945628e-02;6.344292e-01;6.944381e-03
1.848408e-01;3.894076e-02;1.512885e-02;6.580494e-03;1.479405e-02;2.452897e-02;3.823651e-02;1.352538e-02;2.663785e-02;4.584016e-02;5.794819e-01;1.146423e-02
2.812766e-01;7.174410e-02;6.627853e-03;8.365924e-03;1.460440e-02;1.628058e-02;5.606806e-02;1.963665e-02;2.318341e-02;3.283124e-02;4.409443e-01;2.843700e-02
3.935125e-01;1.098313e-01;5.758783e-03;2.325757e-02;6.659531e-03;1.050161e-02;7.854501e-02;2.245201e-02;1.546221e-02;2.944381e-02;2.636195e-01;4.095615e-02
4.856970e-01;1.269624e-01;3.805808e-03;2.517875e-02;6.062081e-03;7.705516e-03;6.990363e-02;4.328112e-02;1.076317e-02;3.515043e-02;1.532128e-01;3.227726e-02
5.465909e-01;1.722361e-01;7.606850e-03;1.244480e-02;6.103552e-03;5.286540e-03;4.865725e-02;6.435430e-02;7.751385e-03;2.999898e-02;8.302455e-02;1.594467e-02
4.950463e-01;2.461870e-01;1.190932e-02;4.486619e-03;9.959899e-03;2.966709e-03;2.764517e-02;7.779767e-02;7.327420e-03;1.669082e-02;9.233568e-02;7.647348e-03
4.225472e-01;3.348057e-01;1.537353e-02;7.220118e-03;9.097940e-03;4.097374e-03;1.672632e-02;5.952029e-02;1.670111e-02;9.763421e-03;9.908300e-02;5.063930e-03
3.808362e-01;4.340994e-01;2.580347e-02;9.760856e-03;4.969184e-03;8.561049e-03;1.072602e-02;2.445854e-02;3.120712e-02;8.899885e-03;5.287240e-02;7.805943e-03
3.075459e-01;5.192357e-01;4.235880e-02;1.254266e-02;2.848037e-03;1.245254e-02;1.048185e-02;1.878189e-02;3.857442e-02;2.077358e-02;5.038552e-03;9.365962e-03
2.145805e-01;5.445343e-01;7.066565e-02;1.365321e-02;9.644955e-03;8.299921e-03;1.611141e-02;2.249045e-02;3.234494e-02;3.834780e-02;2.162366e-02;7.703181e-03
8.661947e-02;5.612077e-01;9.788611e-02;1.865523e-02;1.681399e-02;1.600503e-02;2.222758e-02;3.268557e-02;2.322414e-02;5.267256e-02;5.941553e-02;1.258714e-02
2.272323e-01;4.811925e-01;7.608260e-02;1.966543e-02;1.363759e-02;1.316615e-02;2.459215e-02;3.349265e-02;2.846623e-02;2.943228e-02;4.380965e-02;9.230522e-03
2.711949e-01;4.620445e-01;6.673292e-02;2.132560e-02;1.032931e-02;1.189880e-02;4.098570e-02;3.714404e-02;3.222438e-02;1.622650e-02;2.171936e-02;8.174006e-03
2.434034e-01;3.228999e-01;6.813183e-02;3.245596e-02;2.382237e-02;2.951838e-02;8.476742e-02;4.214899e-02;4.285480e-02;3.005647e-02;6.216427e-02;1.777624e-02
3.575745e-01;1.892839e-01;6.316996e-02;2.470278e-02;2.293728e-02;3.368871e-02;7.514863e-02;5.621914e-02;3.260154e-02;2.433241e-02;9.707347e-02;2.326767e-02
3.526397e-01;3.054549e-01;5.947879e-02;1.941201e-02;1.775725e-02;2.341812e-02;4.416958e-02;4.988112e-02;1.835139e-02;3.395179e-02;5.627977e-02;1.920569e-02
3.363950e-01;2.703300e-01;3.686792e-02;2.588027e-02;1.384814e-02;2.851572e-02;8.571026e-02;7.700694e-02;1.648082e-02;4.149786e-02;4.763880e-02;1.982826e-02
2.735315e-01;1.854927e-01;2.775047e-02;3.727319e-02;2.220151e-02;3.618737e-02;1.210864e-01;5.763371e-02;2.470586e-02;4.448245e-02;1.263726e-01;4.328237e-02
1.184480e-01;1.452254e-01;3.746256e-02;3.529579e-02;2.046226e-02;4.181541e-02;1.852832e-01;1.323874e-01;2.671614e-02;3.253948e-02;1.893137e-01;3.505062e-02
1.610443e-01;1.242850e-01;4.672575e-02;2.535476e-02;2.940463e-02;3.938646e-02;1.332781e-01;1.460406e-01;2.728218e-02;2.912081e-02;2.263732e-01;1.170420e-02
1.992750e-01;1.223080e-01;3.205015e-02;1.131187e-02;3.049234e-02;4.310957e-02;8.837590e-02;1.394494e-01;3.319480e-02;4.072091e-02;2.348201e-01;2.489202e-02
1.122732e-01;1.332015e-01;3.001939e-02;1.706766e-02;3.280593e-02;5.830587e-02;1.747187e-01;1.628244e-01;3.694535e-02;4.139335e-02;1.595044e-01;4.094019e-02
1.098501e-01;1.661102e-01;4.319772e-02;2.719063e-02;2.996024e-02;6.850074e-02;2.235643e-01;1.535741e-01;2.669406e-02;4.276142e-02;8.571623e-02;2.288021e-02
1.179640e-01;1.560633e-01;4.357747e-02;2.322612e-02;2.671038e-02;6.968567e-02;2.395735e-01;1.583946e-01;2.065188e-02;5.600326e-02;8.002999e-02;8.119699e-03
7.852683e-02;9.263963e-02;3.569598e-02;2.236286e-02;2.467794e-02;4.353790e-02;2.122913e-01;1.893222e-01;3.397502e-02;8.633377e-02;1.565101e-01;2.412651e-02
1.189765e-01;9.849884e-02;3.507441e-02;2.538561e-02;2.168777e-02;3.851934e-02;1.471072e-01;1.589429e-01;2.200826e-02;7.045352e-02;2.243405e-01;3.900525e-02
1.168046e-01;1.063310e-01;4.603746e-02;4.176512e-02;2.400927e-02;3.794011e-02;1.590680e-01;2.031501e-01;2.698550e-02;3.626100e-02;1.526399e-01;4.900797e-02
7.695247e-02;8.911137e-02;5.552321e-02;4.542311e-02;3.234681e-02;3.838020e-02;2.239990e-01;2.708334e-01;2.210585e-02;1.519235e-02;9.149578e-02;3.863650e-02
3.803385e-02;1.060586e-01;4.900565e-02;3.058038e-02;4.783681e-02;5.838644e-02;2.761010e-01;2.838666e-01;1.125824e-02;1.425609e-02;6.359433e-02;2.102202e-02
2.856486e-02;1.058879e-01;2.499760e-02;1.354712e-02;4.712514e-02;7.076878e-02;3.411456e-01;2.392833e-01;2.323660e-02;1.945245e-02;7.412843e-02;1.186231e-02
3.767220e-02;8.816931e-02;8.826386e-03;1.378212e-02;2.616236e-02;6.616651e-02;3.886193e-01;1.942036e-01;3.656966e-02;3.304755e-02;9.821606e-02;8.564885e-03
7.194488e-02;7.478647e-02;6.299209e-03;2.707279e-02;1.491245e-02;7.557685e-02;3.165657e-01;1.596056e-01;4.568471e-02;7.938022e-02;1.031179e-01;2.505326e-02
8.993178e-02;6.905797e-02;1.284627e-02;3.855663e-02;2.023772e-02;9.892396e-02;2.291099e-01;1.445854e-01;3.854013e-02;9.220769e-02;1.207118e-01;4.529080e-02
1.004597e-01;7.651661e-02;1.819769e-02;3.422230e-02;2.442810e-02;9.893756e-02;2.928437e-01;9.970488e-02;2.286864e-02;5.024591e-02;1.224446e-01;5.913032e-02
1.315541e-01;1.066052e-01;2.091152e-02;2.813126e-02;2.995538e-02;1.024811e-01;2.645955e-01;1.361486e-01;1.570779e-02;3.843528e-02;7.515370e-02;5.032058e-02
1.512680e-01;1.285558e-01;1.956196e-02;3.464419e-02;2.479229e-02;7.507415e-02;2.597875e-01;1.585104e-01;2.309745e-02;2.833313e-02;6.427854e-02;3.209659e-02
1.727016e-01;1.286196e-01;2.132154e-02;3.295226e-02;2.322241e-02;5.247568e-02;2.624539e-01;1.310340e-01;3.119367e-02;3.653464e-02;8.620176e-02;2.128898e-02
1.636681e-01;1.248508e-01;2.479615e-02;1.170294e-02;1.690344e-02;3.266792e-02;2.624866e-01;1.701975e-01;2.924724e-02;2.675743e-02;1.067413e-01;2.998055e-02
1.568262e-01;2.146470e-01;3.208795e-02;8.564559e-03;1.289266e-02;3.124459e-02;2.451525e-01;1.693502e-01;1.944384e-02;1.761698e-02;7.551704e-02;1.665648e-02
2.162181e-01;2.583175e-01;3.170604e-02;9.118550e-03;8.858474e-03;3.665332e-02;2.498992e-01;1.093691e-01;1.445405e-02;1.219738e-02;4.291507e-02;1.029324e-02
2.800433e-01;2.502321e-01;2.072184e-02;7.349594e-03;1.213222e-02;4.453272e-02;2.639821e-01;8.451876e-02;7.953438e-03;6.316660e-03;1.395390e-02;8.263438e-03
3.020804e-01;2.114942e-01;1.100670e-02;8.174133e-03;1.291572e-02;5.324281e-02;2.848705e-01;8.633545e-02;7.001456e-03;6.400297e-03;1.063157e-02;5.846831e-03
2.997814e-01;1.864997e-01;6.819705e-03;6.254139e-03;1.041872e-02;6.291312e-02;3.056980e-01;8.551559e-02;6.698902e-03;8.983527e-03;1.659597e-02;3.821259e-03
2.596883e-01;1.637171e-01;5.627024e-03;7.332541e-03;1.178734e-02;6.871700e-02;3.465905e-01;9.984317e-02;7.358057e-03;1.061345e-02;1.361381e-02;5.111703e-03
1.965945e-01;1.426709e-01;4.728690e-03;4.680264e-03;1.065364e-02;7.953718e-02;4.067702e-01;1.267677e-01;6.702097e-03;9.371964e-03;8.330500e-03;3.192312e-03
1.485911e-01;1.187318e-01;5.891719e-03;8.657251e-03;1.260542e-02;7.978576e-02;4.393603e-01;1.359240e-01;9.275506e-03;1.072113e-02;2.402306e-02;6.433040e-03
1.228600e-01;9.633817e-02;6.785535e-03;1.820272e-02;1.476984e-02;8.691166e-02;4.487019e-01;1.422435e-01;1.287384e-02;1.886905e-02;2.273256e-02;8.711333e-03
1.445405e-01;6.611998e-02;9.242955e-03;2.015026e-02;2.001443e-02;1.075149e-01;4.470298e-01;1.227192e-01;1.619012e-02;2.748915e-02;9.144907e-03;9.843841e-03
1.623716e-01;5.187801e-02;1.042738e-02;1.642456e-02;2.503126e-02;1.131014e-01;4.058818e-01;1.349426e-01;1.506674e-02;2.682577e-02;3.052109e-02;7.527750e-03
1.596404e-01;6.587780e-02;1.365091e-02;2.356383e-02;3.223341e-02;1.044699e-01;3.788895e-01;1.480747e-01;1.664903e-02;2.441269e-02;2.575396e-02;6.783903e-03
1.514213e-01;8.856196e-02;2.255319e-02;3.396297e-02;4.229837e-02;6.841068e-02;3.071441e-01;1.008684e-01;1.894210e-02;2.442581e-02;1.312438e-01;1.016733e-02
1.094546e-01;1.014902e-01;2.469668e-02;2.927442e-02;3.381702e-02;5.040034e-02;2.508417e-01;1.352839e-01;1.866602e-02;3.302762e-02;1.952978e-01;1.774974e-02
4.288460e-02;1.132753e-01;2.569996e-02;6.589758e-02;5.491092e-02;9.465933e-02;2.148347e-01;1.445737e-01;4.983946e-02;3.904283e-02;1.289634e-01;2.541825e-02
6.581710e-02;1.144940e-01;3.126356e-02;9.830540e-02;7.666422e-02;1.028862e-01;1.693276e-01;7.732976e-02;8.991759e-02;5.900639e-02;8.932586e-02;2.566233e-02
6.681899e-02;1.331216e-01;2.903556e-02;7.597735e-02;5.222002e-02;8.697145e-02;1.418644e-01;1.200092e-01;1.131162e-01;6.946044e-02;9.289733e-02;1.850757e-02
1.894969e-01;1.194888e-01;1.906416e-02;2.044956e-02;3.213973e-02;6.839941e-02;1.846357e-01;1.243800e-01;4.120327e-02;4.935634e-02;1.351615e-01;1.622465e-02
1.966504e-01;9.222625e-02;1.245407e-02;1.639544e-02;4.090781e-02;7.824866e-02;2.548185e-01;1.367790e-01;2.053372e-02;4.885652e-02;9.509140e-02;7.038202e-03
2.140730e-01;6.147967e-02;6.511921e-03;1.262897e-02;4.742981e-02;1.045209e-01;3.067719e-01;1.217752e-01;2.564620e-02;4.490766e-02;4.971407e-02;4.540716e-03
2.755578e-01;5.233813e-02;6.584570e-03;9.974002e-03;4.445193e-02;1.358487e-01;3.130131e-01;7.392572e-02;2.205835e-02;2.995774e-02;3.175884e-02;4.531182e-03
2.940612e-01;4.804304e-02;1.433882e-02;1.224380e-02;4.098781e-02;1.506553e-01;3.160557e-01;4.252900e-02;2.029111e-02;1.940093e-02;3.403536e-02;7.358041e-03
2.038421e-01;3.498998e-02;2.276989e-02;2.209387e-02;5.267166e-02;1.412011e-01;2.882121e-01;6.369005e-02;2.940816e-02;3.269349e-02;9.754914e-02;1.087847e-02
7.933274e-02;4.220236e-02;3.261467e-02;3.049934e-02;8.304807e-02;1.767024e-01;2.505419e-01;4.433014e-02;3.999104e-02;3.548056e-02;1.720478e-01;1.320903e-02
8.944254e-02;5.360377e-02;3.948327e-02;2.834007e-02;7.371533e-02;1.632435e-01;1.757117e-01;5.328040e-02;2.542914e-02;1.913297e-02;2.595360e-01;1.908139e-02
1.065075e-01;6.874590e-02;4.248345e-02;2.387636e-02;4.563937e-02;1.101427e-01;1.568024e-01;4.649452e-02;2.980442e-02;3.058446e-02;3.251715e-01;1.374732e-02
1.248351e-01;9.223756e-02;4.304297e-02;2.437708e-02;3.076016e-02;6.308084e-02;1.197021e-01;5.182350e-02;4.256915e-02;4.125448e-02;3.540953e-01;1.222188e-02
1.509473e-01;1.520068e-01;4.510029e-02;1.883816e-02;2.539336e-02;4.171832e-02;1.158155e-01;6.381004e-02;4.125269e-02;4.081636e-02;2.929501e-01;1.135097e-02
1.996419e-01;2.584914e-01;6.440150e-02;2.732069e-02;2.885545e-02;4.828073e-02;8.423238e-02;1.093822e-01;2.809325e-02;3.612800e-02;1.045020e-01;1.067045e-02
1.311642e-01;1.995441e-01;6.778646e-02;2.853898e-02;3.156012e-02;6.135013e-02;1.551293e-01;1.003172e-01;1.691744e-02;2.109293e-02;1.722209e-01;1.437830e-02
1.958996e-01;1.321974e-01;6.506762e-02;3.196534e-02;3.021009e-02;4.945254e-02;1.057516e-01;7.990974e-02;1.997049e-02;2.030377e-02;2.491334e-01;2.013847e-02
2.258296e-01;1.130605e-01;6.063669e-02;3.551712e-02;3.469537e-02;4.830850e-02;1.335589e-01;1.029284e-01;2.215231e-02;2.317176e-02;1.831911e-01;1.694975e-02
1.401299e-01;9.806506e-02;6.932659e-02;4.181472e-02;5.856624e-02;7.885046e-02;2.137234e-01;1.267180e-01;2.462340e-02;2.292561e-02;9.803675e-02;2.721986e-02
9.566121e-02;1.644096e-01;7.851049e-02;5.732374e-02;6.388779e-02;9.395466e-02;1.232900e-01;1.459692e-01;2.828295e-02;3.260868e-02;7.147263e-02;4.462910e-02
1.083225e-01;1.089081e-01;4.884364e-02;4.356674e-02;6.455526e-02;8.342668e-02;1.471085e-01;1.298688e-01;6.655407e-02;4.673349e-02;9.964854e-02;5.246365e-02
1.213034e-01;8.991059e-02;2.396756e-02;5.767933e-02;4.355273e-02;5.677843e-02;1.308903e-01;1.601274e-01;6.717974e-02;5.230096e-02;1.479716e-01;4.833801e-02
1.256901e-01;1.072198e-01;2.645151e-02;5.332565e-02;3.636136e-02;5.059234e-02;1.543993e-01;1.442317e-01;5.779820e-02;4.845367e-02;1.527760e-01;4.270047e-02
1.562709e-01;1.402744e-01;3.419777e-02;4.441353e-02;2.330634e-02;5.436107e-02;2.247988e-01;9.362093e-02;4.646823e-02;3.539833e-02;1.170280e-01;2.986178e-02
1.692574e-01;1.603853e-01;3.731076e-02;2.416793e-02;1.382036e-02;5.280335e-02;2.738649e-01;1.651163e-01;2.145317e-02;1.460390e-02;5.533077e-02;1.188592e-02
1.641171e-01;1.771183e-01;3.244178e-02;2.118475e-02;1.912915e-02;5.370165e-02;2.530673e-01;1.669361e-01;1.278260e-02;1.383932e-02;7.320605e-02;1.247591e-02
1.684406e-01;2.098711e-01;3.125481e-02;1.808712e-02;2.279774e-02;5.522388e-02;2.135659e-01;1.392135e-01;1.480056e-02;1.563827e-02;9.948952e-02;1.161696e-02
1.923070e-01;1.646540e-01;2.787435e-02;1.857408e-02;2.821677e-02;5.397103e-02;1.846228e-01;2.194263e-01;3.483538e-02;2.107351e-02;4.327864e-02;1.116608e-02
1.654250e-01;1.334245e-01;1.716109e-02;2.281201e-02;2.102570e-02;5.521235e-02;2.486569e-01;2.190565e-01;2.444101e-02;1.772402e-02;6.658491e-02;8.476106e-03
1.991563e-01;1.600672e-01;1.008374e-02;2.807615e-02;1.266243e-02;5.574171e-02;2.718342e-01;1.541213e-01;1.222695e-02;1.169428e-02;7.949322e-02;4.842536e-03
2.324479e-01;1.988171e-01;8.792537e-03;2.263629e-02;8.961954e-03;5.566291e-02;2.792581e-01;1.199716e-01;5.808349e-03;8.613422e-03;5.583563e-02;3.194164e-03
2.623145e-01;2.337191e-01;8.510010e-03;1.411915e-02;7.902733e-03;5.490011e-02;2.843414e-01;9.070387e-02;5.126979e-03;5.739736e-03;2.854802e-02;4.074384e-03
2.590583e-01;2.399330e-01;6.592828e-03;1.024133e-02;8.289631e-03;5.496234e-02;2.986089e-01;8.934305e-02;7.625437e-03;6.203395e-03;1.472703e-02;4.414762e-03
2.026898e-01;2.234246e-01;6.084853e-03;6.035036e-03;9.299256e-03;5.398451e-02;3.307821e-01;1.248456e-01;1.217294e-02;6.521200e-03;2.120671e-02;2.953343e-03
1.508236e-01;2.132993e-01;4.770688e-03;6.470697e-03;9.553830e-03;5.516131e-02;3.706749e-01;1.519346e-01;1.143100e-02;5.927624e-03;1.778488e-02;2.167532e-03
9.899388e-02;2.039113e-01;3.653821e-03;5.443694e-03;8.855850e-03;5.923712e-02;4.010260e-01;1.838787e-01;1.157898e-02;4.981655e-03;1.704861e-02;1.390429e-03
5.598864e-02;1.898179e-01;4.188083e-03;2.800775e-03;1.376774e-02;6.351819e-02;4.283589e-01;2.083118e-01;1.034621e-02;6.934935e-03;1.493925e-02;1.027619e-03
4.081531e-02;1.700255e-01;4.461167e-03;2.136563e-03;1.958856e-02;6.375097e-02;4.321624e-01;2.387049e-01;8.406835e-03;9.171605e-03;9.975215e-03;8.008444e-04
3.725164e-02;1.500099e-01;5.029702e-03;2.340671e-03;2.568571e-02;5.652235e-02;4.302370e-01;2.675595e-01;6.521731e-03;6.818943e-03;1.084802e-02;1.174818e-03
2.549046e-02;1.225095e-01;6.563738e-03;3.872743e-03;2.411493e-02;4.459132e-02;4.368510e-01;3.136805e-01;5.675835e-03;5.846323e-03;1.021097e-02;5.925873e-04
1.175275e-02;9.637123e-02;6.162815e-03;6.366071e-03;1.431460e-02;3.578689e-02;4.422879e-01;3.584573e-01;6.031139e-03;8.109967e-03;1.125800e-02;3.101411e-03
9.477893e-03;6.697723e-02;8.469542e-03;4.931934e-03;7.705245e-03;3.422194e-02;4.256281e-01;4.114941e-01;6.324087e-03;1.060457e-02;1.013172e-02;4.033673e-03
1.464508e-02;4.096266e-02;8.380561e-03;2.953833e-03;5.556871e-03;3.695624e-02;3.753603e-01;4.795342e-01;1.133499e-02;1.414728e-02;4.480198e-03;5.687790e-03
8.065354e-03;2.287929e-02;5.007303e-03;4.877611e-03;1.195135e-02;4.379252e-02;3.300525e-01;5.228680e-01;1.704670e-02;1.449539e-02;1.449921e-02;4.464694e-03
1.482930e-02;1.242428e-02;6.996562e-03;6.117329e-03;1.719138e-02;4.715285e-02;3.169029e-01;5.089976e-01;2.419276e-02;1.828359e-02;2.167393e-02;5.237491e-03
1.543692e-02;1.885285e-02;9.534586e-03;1.285803e-02;1.358991e-02;4.088323e-02;3.512450e-01;4.702803e-01;2.669149e-02;1.718298e-02;1.740668e-02;6.038016e-03
1.723550e-02;3.574461e-02;5.764687e-03;2.252239e-02;1.750547e-02;3.275246e-02;4.082414e-01;4.008397e-01;1.658437e-02;1.316102e-02;2.313001e-02;6.518404e-03
4.736272e-02;5.860255e-02;7.973127e-03;2.823518e-02;1.983982e-02;4.496821e-02;4.210550e-01;3.032406e-01;1.873245e-02;1.200211e-02;2.988246e-02;8.105800e-03
1.049241e-01;8.182851e-02;6.214007e-03;2.815064e-02;2.252617e-02;6.056068e-02;4.124359e-01;2.159442e-01;1.628631e-02;1.402047e-02;3.228199e-02;4.826976e-03
2.002712e-01;9.405003e-02;8.979965e-03;1.734535e-02;2.592963e-02;8.053018e-02;3.579906e-01;1.377053e-01;1.749618e-02;2.265816e-02;3.063736e-02;6.406106e-03
2.806292e-01;6.603833e-02;2.537732e-02;1.641598e-02;3.342495e-02;9.636371e-02;3.018253e-01;8.266943e-02;2.117369e-02;2.417882e-02;3.974901e-02;1.215423e-02
1.953733e-01;4.278316e-02;2.945017e-02;1.964257e-02;4.554893e-02;7.663227e-02;3.262369e-01;1.195686e-01;3.175690e-02;2.146501e-02;6.945597e-02;2.208623e-02
1.398308e-01;5.271019e-02;3.816834e-02;3.013539e-02;6.430263e-02;8.186599e-02;2.663582e-01;1.576223e-01;5.843208e-02;2.002228e-02;5.376162e-02;3.679015e-02
1.326579e-01;3.758510e-02;3.564073e-02;2.197902e-02;6.245644e-02;7.983294e-02;2.432373e-01;1.577683e-01;5.938014e-02;1.589826e-02;1.078117e-01;4.575210e-02
1.851034e-01;3.197660e-02;4.102277e-02;2.171215e-02;5.725567e-02;7.198398e-02;1.958901e-01;1.404091e-01;4.756910e-02;1.410783e-02;1.401461e-01;5.282315e-02
2.054342e-01;4.190372e-02;3.899583e-02;1.817733e-02;4.958225e-02;6.558474e-02;1.731582e-01;1.347321e-01;3.678906e-02;1.611006e-02;1.702842e-01;4.924824e-02
1.782783e-01;4.953419e-02;3.437958e-02;2.468472e-02;3.977856e-02;4.998518e-02;1.795031e-01;1.300181e-01;3.894283e-02;2.050577e-02;2.234522e-01;3.093755e-02
1.716193e-01;8.108337e-02;4.389909e-02;3.534503e-02;3.010452e-02;3.066554e-02;1.339621e-01;1.425378e-01;3.217571e-02;2.368988e-02;2.559708e-01;1.894688e-02
1.492094e-01;1.234604e-01;5.218646e-02;3.011763e-02;2.868612e-02;3.481465e-02;1.863765e-01;1.254496e-01;1.959931e-02;1.730892e-02;2.131369e-01;1.965418e-02
1.347166e-01;2.188713e-01;7.628121e-02;2.866742e-02;3.071596e-02;4.689597e-02;1.862948e-01;7.480729e-02;2.087096e-02;1.564796e-02;1.311440e-01;3.508648e-02
2.052827e-01;2.174547e-01;7.354275e-02;4.483102e-02;4.628708e-02;2.346857e-02;9.834818e-02;5.081651e-02;3.393644e-02;3.251260e-02;1.385381e-01;3.498137e-02
1.855888e-01;1.332946e-01;4.783593e-02;4.777580e-02;5.920886e-02;3.667217e-02;9.752294e-02;6.735290e-02;6.026210e-02;5.692362e-02;1.474126e-01;6.014974e-02
1.133180e-01;8.578710e-02;3.939812e-02;6.374574e-02;5.118846e-02;4.883171e-02;1.697104e-01;1.206776e-01;5.302864e-02;6.123558e-02;1.317205e-01;6.135812e-02
7.841955e-02;9.939665e-02;3.298316e-02;3.639151e-02;2.836849e-02;5.045894e-02;2.853714e-01;2.167796e-01;2.482609e-02;3.277275e-02;9.023964e-02;2.399224e-02
7.245236e-02;1.010553e-01;1.986549e-02;1.623651e-02;4.102637e-02;5.367212e-02;3.537289e-01;2.482263e-01;1.632542e-02;1.462880e-02;5.867908e-02;4.103294e-03
3.767317e-02;9.764308e-02;1.146910e-02;7.189824e-03;4.200335e-02;5.278961e-02;4.129244e-01;2.805899e-01;1.169148e-02;6.777152e-03;3.532670e-02;3.922195e-03
2.430044e-02;8.520392e-02;1.065804e-02;6.089068e-03;2.643566e-02;4.577461e-02;4.278230e-01;3.385342e-01;7.416720e-03;6.740413e-03;1.426940e-02;6.754515e-03
1.367537e-02;6.438692e-02;1.328100e-02;7.223834e-03;1.024883e-02;3.601261e-02;3.903787e-01;4.247529e-01;1.031389e-02;9.917784e-03;8.573768e-03;1.123445e-02
1.462091e-02;3.596471e-02;1.186902e-02;1.124239e-02;1.264713e-02;2.114118e-02;3.206851e-01;4.962057e-01;2.451481e-02;1.665815e-02;2.333550e-02;1.111541e-02
2.092519e-02;2.119190e-02;9.183151e-03;1.792197e-02;1.741412e-02;1.169856e-02;3.095071e-01;4.720439e-01;4.480435e-02;3.104694e-02;3.937925e-02;4.883557e-03
5.120322e-02;2.659388e-02;1.042549e-02;2.739172e-02;1.995318e-02;2.462996e-02;3.646723e-01;2.830148e-01;6.374993e-02;4.799311e-02;7.407626e-02;6.296159e-03
4.853657e-02;1.771308e-02;1.353883e-02;4.054488e-02;2.016583e-02;3.151907e-02;3.906205e-01;1.902177e-01;8.274249e-02;6.573285e-02;9.271556e-02;5.952675e-03
6.044193e-02;2.488330e-02;1.442385e-02;3.629890e-02;1.617357e-02;2.497684e-02;3.046837e-01;2.615917e-01;7.125136e-02;6.467975e-02;1.130189e-01;7.576157e-03
1.088943e-01;6.248874e-02;8.847989e-03;3.706398e-02;2.043100e-02;2.260042e-02;2.562940e-01;2.048698e-01;6.578251e-02;6.916371e-02;1.353537e-01;8.209822e-03
8.984824e-02;6.979669e-02;1.700723e-02;2.314685e-02;2.404589e-02;2.793576e-02;3.542000e-01;2.064370e-01;4.405038e-02;5.075194e-02;8.540767e-02;7.372246e-03
8.789381e-02;6.412385e-02;2.481266e-02;2.867517e-02;4.019967e-02;5.727986e-02;4.902574e-01;8.347468e-02;2.843055e-02;4.782775e-02;2.615971e-02;2.086491e-02
8.047720e-02;7.468127e-02;2.207257e-02;3.138214e-02;5.137915e-02;6.335460e-02;3.393064e-01;1.467203e-01;2.709838e-02;5.049458e-02;7.450059e-02;3.853285e-02
7.622965e-02;3.888943e-02;3.615844e-02;4.940235e-02;6.788518e-02;6.042304e-02;2.407868e-01;1.507886e-01;7.638985e-02;8.090529e-02;9.532098e-02;2.682036e-02
7.591234e-02;5.824462e-02;4.696035e-02;7.690695e-02;6.635921e-02;5.947661e-02;1.170370e-01;1.248049e-01;1.023769e-01;1.015873e-01;1.257415e-01;4.459220e-02
6.185570e-02;5.461032e-02;4.544044e-02;8.672455e-02;4.482506e-02;7.038532e-02;1.420883e-01;1.226163e-01;8.027307e-02;1.085451e-01;1.419063e-01;4.072955e-02
3.988162e-02;4.095541e-02;4.074497e-02;8.545445e-02;4.851699e-02;8.041853e-02;1.770547e-01;1.239472e-01;6.675299e-02;1.366474e-01;1.187340e-01;4.089166e-02
6.885082e-02;5.519630e-02;2.800676e-02;1.263170e-01;4.877109e-02;6.865976e-02;1.496882e-01;9.533719e-02;1.342987e-01;1.349740e-01;4.298833e-02;4.691193e-02
6.600010e-02;9.250760e-02;3.278847e-02;1.754261e-01;6.076204e-02;6.918229e-02;9.520642e-02;1.057085e-01;1.292677e-01;7.627056e-02;6.595176e-02;3.092841e-02
6.326298e-02;1.030498e-01;4.849548e-02;1.323236e-01;4.816164e-02;1.049681e-01;9.138877e-02;1.102367e-01;1.256277e-01;6.980886e-02;8.099103e-02;2.168531e-02
6.135247e-02;7.596324e-02;7.162312e-02;8.775175e-02;5.448416e-02;1.327344e-01;1.026366e-01;1.236793e-01;1.106692e-01;8.565368e-02;5.696469e-02;3.648742e-02
8.658923e-02;9.619890e-02;5.818903e-02;4.474501e-02;6.106139e-02;1.079473e-01;1.409629e-01;1.044354e-01;1.227780e-01;7.375154e-02;5.081318e-02;5.252815e-02
8.721857e-02;1.276814e-01;5.506119e-02;7.500463e-02;7.264432e-02;7.188601e-02;1.259622e-01;7.946911e-02;1.286443e-01;6.963216e-02;6.145252e-02;4.534349e-02
6.982762e-02;9.322633e-02;5.634090e-02;8.727688e-02;7.616866e-02;5.985996e-02;1.163495e-01;9.280805e-02;1.398627e-01;9.992257e-02;5.930511e-02;4.905176e-02
6.453303e-02;7.530572e-02;4.516319e-02;9.844381e-02;3.977888e-02;5.741492e-02;1.303248e-01;1.092387e-01;1.668620e-01;1.060591e-01;7.060683e-02;3.626917e-02
6.984933e-02;7.725399e-02;4.213208e-02;6.876937e-02;5.529363e-02;7.901633e-02;1.292312e-01;1.092692e-01;1.727617e-01;8.557244e-02;6.578222e-02;4.506843e-02
5.910547e-02;7.616860e-02;3.478243e-02;4.099359e-02;8.833459e-02;8.385924e-02;1.071950e-01;1.176319e-01;1.765900e-01;6.806620e-02;8.551843e-02;6.175461e-02
5.403792e-02;9.006638e-02;2.824569e-02;5.432995e-02;5.055806e-02;1.092360e-01;7.563553e-02;1.157829e-01;1.625095e-01;9.327187e-02;1.008891e-01;6.543709e-02
8.730715e-02;8.199297e-02;5.112214e-02;6.426875e-02;2.482298e-02;1.197340e-01;1.173621e-01;1.361994e-01;9.458088e-02;1.018758e-01;5.669603e-02;6.403777e-02
8.861391e-02;7.091140e-02;5.946635e-02;7.271846e-02;4.116721e-02;1.109456e-01;1.200580e-01;1.104224e-01;8.334618e-02;1.090314e-01;7.012275e-02;6.319635e-02
8.903809e-02;5.415603e-02;5.668877e-02;7.161549e-02;6.446909e-02;8.231422e-02;8.584067e-02;1.093898e-01;1.165042e-01;1.308036e-01;7.843840e-02;6.074170e-02
8.730733e-02;7.198931e-02;5.460578e-02;7.999516e-02;3.891858e-02;5.447180e-02;8.329830e-02;1.519444e-01;1.654194e-01;9.422314e-02;7.902075e-02;3.880599e-02
7.548205e-02;9.697277e-02;3.984466e-02;8.592945e-02;4.788134e-02;5.550633e-02;1.002775e-01;1.425704e-01;1.722763e-01;6.168857e-02;8.693646e-02;3.463412e-02
8.201171e-02;1.408661e-01;3.348228e-02;6.513096e-02;5.668021e-02;6.398577e-02;1.140577e-01;9.494140e-02;1.488076e-01;7.875102e-02;7.879702e-02;4.248828e-02
2.128151e-01;1.958068e-01;2.704993e-02;3.193081e-02;2.594688e-02;4.878572e-02;1.812800e-01;1.277461e-01;4.174853e-02;2.281508e-02;5.961914e-02;2.445592e-02
2.384040e-01;1.873230e-01;3.278445e-02;1.966004e-02;2.843396e-02;6.122882e-02;1.708186e-01;1.104257e-01;2.992710e-02;2.288795e-02;7.870486e-02;1.940156e-02
2.578326e-01;1.801685e-01;4.143037e-02;1.711224e-02;3.180040e-02;8.229124e-02;1.635603e-01;8.301972e-02;3.726950e-02;2.362145e-02;6.128886e-02;2.060484e-02
2.064295e-01;1.367155e-01;5.459772e-02;2.995470e-02;6.766033e-02;1.042727e-01;1.439876e-01;6.539696e-02;7.312751e-02;2.288393e-02;5.091029e-02;4.406336e-02
9.275420e-02;7.373130e-02;6.339852e-02;3.747743e-02;1.129581e-01;1.162690e-01;1.242950e-01;6.122056e-02;1.143160e-01;2.793626e-02;1.097377e-01;6.590590e-02
9.563226e-02;4.957434e-02;4.308496e-02;3.119392e-02;1.255250e-01;9.816143e-02;1.132437e-01;8.045463e-02;1.259532e-01;2.624096e-02;1.455732e-01;6.536240e-02
1.519820e-01;4.447228e-02;3.744416e-02;4.038254e-02;1.274728e-01;6.032928e-02;8.661598e-02;9.227487e-02;1.129066e-01;2.576241e-02;1.682389e-01;5.211812e-02
1.250257e-01;3.750610e-02;4.424380e-02;4.970833e-02;1.252931e-01;5.039543e-02;1.123828e-01;7.479023e-02;1.151782e-01;1.564292e-02;1.907583e-01;5.907516e-02
1.027084e-01;3.705482e-02;3.049259e-02;3.801480e-02;1.032548e-01;4.659542e-02;1.093540e-01;1.490614e-01;1.118960e-01;1.713391e-02;1.896481e-01;6.478583e-02
1.031523e-01;3.785694e-02;3.320974e-02;3.407010e-02;1.065302e-01;5.046143e-02;1.028787e-01;1.443299e-01;1.167315e-01;1.922581e-02;1.810754e-01;7.047785e-02
1.008089e-01;2.697234e-02;4.804127e-02;6.277014e-02;1.203239e-01;6.177138e-02;1.158883e-01;1.016482e-01;1.377163e-01;1.825215e-02;1.431414e-01;6.266565e-02
1.258728e-01;1.546535e-02;5.824529e-02;8.777873e-02;1.144071e-01;6.115127e-02;1.079224e-01;9.873517e-02;1.484476e-01;1.655707e-02;1.066845e-01;5.873265e-02
1.988443e-01;3.221634e-02;6.423432e-02;8.783597e-02;9.224895e-02;6.496876e-02;1.119766e-01;7.433098e-02;1.262163e-01;2.016101e-02;8.284301e-02;4.412359e-02
2.694392e-01;5.197743e-02;4.485429e-02;6.431875e-02;7.471032e-02;9.766649e-02;1.466610e-01;5.600569e-02;6.816383e-02;3.554751e-02;6.998337e-02;2.067213e-02
2.929120e-01;4.647245e-02;2.423105e-02;7.409066e-02;6.240806e-02;1.093821e-01;1.970352e-01;7.033131e-02;2.513326e-02;4.014695e-02;4.678007e-02;1.107690e-02
2.645231e-01;7.870219e-02;1.839239e-02;7.733262e-02;3.592044e-02;8.019741e-02;2.239196e-01;9.662374e-02;1.604331e-02;3.130651e-02;6.531600e-02;1.172265e-02
2.386373e-01;1.301969e-01;2.621548e-02;5.715209e-02;2.367363e-02;5.624124e-02;2.301393e-01;1.204983e-01;1.888852e-02;2.922763e-02;5.659588e-02;1.253371e-02
2.436263e-01;1.610196e-01;3.093598e-02;2.769219e-02;3.233344e-02;4.721065e-02;2.010156e-01;8.592624e-02;2.026588e-02;3.597426e-02;1.024816e-01;1.151815e-02
3.415624e-01;1.042717e-01;3.193478e-02;3.053962e-02;3.062504e-02;4.508282e-02;1.766717e-01;4.549972e-02;1.698751e-02;3.740867e-02;1.267550e-01;1.266103e-02
3.116448e-01;1.057273e-01;3.923985e-02;3.986053e-02;3.496996e-02;3.485461e-02;1.688622e-01;8.515544e-02;1.766916e-02;3.761288e-02;9.608423e-02;2.831905e-02
1.417459e-01;1.219744e-01;3.777409e-02;3.390083e-02;3.549877e-02;6.429266e-02;2.058633e-01;1.158294e-01;4.057142e-02;3.652411e-02;1.398045e-01;2.622067e-02
3.428817e-02;5.862633e-02;2.520415e-02;3.916224e-02;6.401718e-02;8.420032e-02;2.525435e-01;1.500937e-01;8.124609e-02;6.345193e-02;1.222038e-01;2.496257e-02
7.266656e-02;3.686837e-02;2.083081e-02;1.955556e-02;8.472382e-02;7.315656e-02;2.127397e-01;1.654516e-01;1.193941e-01;9.804369e-02;6.625253e-02;3.031668e-02
6.486011e-02;4.914598e-02;2.732678e-02;2.108001e-02;5.387542e-02;5.982553e-02;1.414076e-01;1.707182e-01;1.490164e-01;1.582793e-01;6.582191e-02;3.864289e-02
3.578965e-02;3.790819e-02;1.914716e-02;3.997437e-02;6.707197e-02;5.618257e-02;1.264946e-01;1.286335e-01;2.584638e-01;1.441243e-01;5.676034e-02;2.944953e-02
2.491957e-02;2.665452e-02;1.991684e-02;6.853196e-02;8.213076e-02;5.409626e-02;1.271794e-01;1.827282e-01;2.739741e-01;7.115746e-02;5.303380e-02;1.567723e-02
3.143477e-02;4.416300e-02;2.648407e-02;7.786302e-02;7.005841e-02;5.150683e-02;1.025933e-01;3.066142e-01;1.819847e-01;5.868719e-02;3.900373e-02;9.606754e-03
4.364603e-02;6.326184e-02;2.936651e-02;5.203201e-02;4.748275e-02;3.668672e-02;1.051186e-01;3.247946e-01;1.388316e-01;9.109410e-02;5.313575e-02;1.454940e-02
6.597032e-02;5.689712e-02;3.523144e-02;5.126198e-02;3.962642e-02;4.495410e-02;1.015558e-01;1.934172e-01;1.655200e-01;1.173093e-01;9.229973e-02;3.595660e-02
8.916381e-02;6.742211e-02;3.559301e-02;5.509031e-02;5.708532e-02;5.422642e-02;1.214980e-01;1.336805e-01;1.164595e-01;9.360561e-02;1.271517e-01;4.902371e-02
9.054422e-02;7.501182e-02;2.282078e-02;4.593218e-02;3.746158e-02;6.335498e-02;2.508064e-01;1.649611e-01;8.774699e-02;7.879518e-02;4.962644e-02;3.293827e-02
1.053145e-01;8.902934e-02;1.785371e-02;2.823938e-02;1.700197e-02;5.080420e-02;2.876879e-01;1.991544e-01;2.529226e-02;4.010081e-02;1.256835e-01;1.383809e-02
1.242433e-01;1.024428e-01;1.501950e-02;2.059415e-02;1.074778e-02;5.667833e-02;3.377528e-01;1.933651e-01;1.172919e-02;2.758140e-02;8.832813e-02;1.151750e-02
1.363117e-01;8.990098e-02;1.032918e-02;1.590832e-02;1.377126e-02;7.961437e-02;3.933991e-01;1.611931e-01;1.290158e-02;2.723266e-02;5.076589e-02;8.671819e-03
1.933505e-01;3.704527e-02;1.075240e-02;1.176390e-02;2.253025e-02;1.093161e-01;4.102392e-01;1.001241e-01;1.964528e-02;3.511962e-02;4.005286e-02;1.006053e-02
2.174120e-01;1.158247e-01;1.617604e-02;1.628260e-02;2.067079e-02;8.536446e-02;2.958207e-01;1.312793e-01;1.774239e-02;3.273696e-02;4.000084e-02;1.068921e-02
2.816440e-01;1.512237e-01;1.763574e-02;1.216766e-02;2.423191e-02;6.029001e-02;2.105823e-01;1.090504e-01;1.792833e-02;2.387396e-02;7.912911e-02;1.224286e-02
3.792002e-01;1.283326e-01;2.573439e-02;8.154356e-03;4.329650e-02;6.009398e-02;1.602330e-01;4.150382e-02;3.088432e-02;1.463555e-02;8.730816e-02;2.062311e-02
3.137138e-01;6.314270e-02;3.633428e-02;1.678039e-02;8.778621e-02;6.453639e-02;1.330455e-01;2.752423e-02;5.173422e-02;1.112334e-02;1.576849e-01;3.659401e-02
1.065867e-01;2.591594e-02;3.508075e-02;3.903237e-02;1.093818e-01;5.810606e-02;9.545430e-02;4.143389e-02;5.913808e-02;1.165684e-02;3.640506e-01;5.416266e-02
1.618204e-01;4.240719e-02;2.223907e-02;4.447741e-02;5.926283e-02;4.231519e-02;8.091965e-02;4.350929e-02;3.194973e-02;9.456914e-03;4.198036e-01;4.183877e-02
1.388792e-01;5.554686e-02;2.725110e-02;2.964866e-02;3.514293e-02;3.087586e-02;7.057242e-02;3.712720e-02;1.978898e-02;1.445214e-02;5.051669e-01;3.554772e-02
7.633331e-02;6.713629e-02;2.649425e-02;1.626180e-02;3.097261e-02;2.029068e-02;5.708389e-02;5.354844e-02;1.281513e-02;2.239134e-02;5.871937e-01;2.947852e-02
1.135410e-01;6.843431e-02;2.296041e-02;5.165807e-02;2.632559e-02;2.701885e-02;6.299958e-02;7.323331e-02;1.940560e-02;2.808432e-02;4.900859e-01;1.625302e-02
1.249696e-01;1.187172e-01;3.358398e-02;9.823561e-02;2.939303e-02;4.174943e-02;8.156241e-02;7.168240e-02;2.322314e-02;3.996276e-02;3.245910e-01;1.232937e-02
7.976174e-02;1.588461e-01;4.552063e-02;1.115860e-01;3.832612e-02;5.251489e-02;9.355547e-02;6.754184e-02;2.429286e-02;4.894698e-02;2.576267e-01;2.148065e-02
1.489453e-01;1.555777e-01;5.120081e-02;3.582839e-02;3.003385e-02;3.057715e-02;8.959830e-02;5.747667e-02;2.399560e-02;4.177781e-02;3.156152e-01;1.937321e-02
1.329418e-01;1.464038e-01;6.366884e-02;5.763565e-02;2.665571e-02;3.676952e-02;8.928356e-02;6.651692e-02;2.176995e-02;3.506176e-02;2.989942e-01;2.429833e-02
1.452014e-01;7.701435e-02;5.003541e-02;5.552618e-02;5.213358e-02;4.913186e-02;1.318398e-01;9.877276e-02;3.374849e-02;2.538800e-02;2.417608e-01;3.944729e-02
2.272889e-01;9.332090e-02;2.692430e-02;2.827571e-02;3.548227e-02;5.738842e-02;1.919217e-01;8.528517e-02;2.843477e-02;3.949688e-02;1.515870e-01;3.459398e-02
2.521557e-01;1.538215e-01;2.099755e-02;1.897709e-02;1.808347e-02;6.382948e-02;2.436195e-01;8.824413e-02;1.435585e-02;3.376688e-02;6.362832e-02;2.852058e-02
2.414290e-01;2.210838e-01;2.503635e-02;1.375429e-02;1.121548e-02;5.128444e-02;2.662653e-01;8.957020e-02;5.934177e-03;1.793241e-02;3.843029e-02;1.806423e-02
2.191610e-01;2.588450e-01;2.118078e-02;1.640533e-02;1.702894e-02;4.345932e-02;2.776344e-01;1.003062e-01;5.369161e-03;7.609138e-03;2.359283e-02;9.407929e-03
1.576864e-01;2.781661e-01;1.473319e-02;1.425143e-02;2.128829e-02;3.807458e-02;2.864341e-01;1.511649e-01;4.442503e-03;3.845168e-03;2.475983e-02;5.153488e-03
8.574034e-02;2.683742e-01;1.628853e-02;1.297882e-02;1.368362e-02;3.074287e-02;2.937976e-01;2.358890e-01;5.875204e-03;4.940304e-03;2.371613e-02;7.973351e-03
3.159679e-02;2.167583e-01;2.660447e-02;1.452889e-02;7.650497e-03;2.487849e-02;2.911432e-01;3.388048e-01;1.136306e-02;8.975295e-03;1.314126e-02;1.455494e-02
2.335778e-02;1.423571e-01;3.070038e-02;9.863148e-03;6.376552e-03;2.132148e-02;2.903709e-01;4.080943e-01;1.512119e-02;1.418661e-02;1.430903e-02;2.394158e-02
2.341788e-02;7.247718e-02;2.352908e-02;7.210650e-03;4.112801e-03;3.852945e-02;3.226216e-01;4.329984e-01;1.458262e-02;1.544257e-02;2.182980e-02;2.324789e-02
3.296556e-02;4.339811e-02;1.570250e-02;7.573634e-03;6.202554e-03;4.699529e-02;3.445704e-01;3.997088e-01;1.243652e-02;1.560788e-02;5.648405e-02;1.835470e-02
4.257043e-02;4.485123e-02;1.527226e-02;1.095066e-02;6.738959e-03;3.996682e-02;3.268353e-01;3.740452e-01;1.952871e-02;1.919473e-02;8.389149e-02;1.615422e-02
4.036935e-02;7.202574e-02;1.859436e-02;9.197690e-03;1.120043e-02;2.807978e-02;3.249176e-01;3.413791e-01;2.183750e-02;2.335287e-02;8.372070e-02;2.532492e-02
4.554680e-02;1.164125e-01;2.320063e-02;1.396907e-02;1.856560e-02;3.370344e-02;3.579282e-01;2.592997e-01;1.944641e-02;2.351514e-02;6.723287e-02;2.117954e-02
7.340462e-02;1.441714e-01;3.387677e-02;1.366584e-02;2.257401e-02;3.090306e-02;3.359671e-01;2.317508e-01;2.342182e-02;2.600372e-02;4.934246e-02;1.491840e-02
1.140462e-01;1.306996e-01;3.815233e-02;4.927105e-02;3.937134e-02;3.964737e-02;2.015199e-01;2.291308e-01;2.885752e-02;4.653839e-02;5.651491e-02;2.625053e-02
8.389742e-02;8.588286e-02;5.378297e-02;9.446287e-02;8.240243e-02;4.909708e-02;9.760732e-02;1.660301e-01;4.411348e-02;7.904446e-02;1.253291e-01;3.834988e-02
6.651911e-02;1.011157e-01;4.990400e-02;8.464819e-02;8.187260e-02;5.768384e-02;1.583333e-01;1.131132e-01;3.531144e-02;7.990333e-02;1.421444e-01;2.945087e-02
8.462167e-02;9.906493e-02;3.062862e-02;3.014554e-02;4.748367e-02;4.809084e-02;2.033256e-01;1.569754e-01;2.883504e-02;6.872421e-02;1.900121e-01;1.209243e-02
6.398527e-02;5.802703e-02;1.567419e-02;1.440856e-02;3.387909e-02;3.811775e-02;1.778285e-01;2.715071e-01;4.028527e-02;8.588670e-02;1.979873e-01;2.413237e-03
3.530156e-02;2.433061e-02;1.442438e-02;2.072849e-02;3.918340e-02;3.479553e-02;1.526133e-01;3.882623e-01;4.564967e-02;9.504291e-02;1.448339e-01;4.833960e-03
1.253687e-02;3.072046e-02;1.532760e-02;1.307430e-02;3.909750e-02;6.047195e-02;2.432005e-01;4.486167e-01;3.921311e-02;6.879950e-02;1.990011e-02;9.041403e-03
1.551946e-02;3.273292e-02;1.528817e-02;5.484101e-03;1.798650e-02;5.722400e-02;3.188474e-01;4.172249e-01;3.179143e-02;5.557052e-02;2.382869e-02;8.501892e-03
1.764070e-02;5.149055e-02;1.205001e-02;8.501440e-03;1.317317e-02;4.759933e-02;3.795585e-01;3.664739e-01;1.888779e-02;3.617338e-02;4.301722e-02;5.434009e-03
2.974324e-02;6.994335e-02;8.826718e-03;6.487264e-03;1.466304e-02;5.998167e-02;4.193107e-01;3.140064e-01;1.375729e-02;1.726023e-02;4.451901e-02;1.501111e-03
5.446422e-02;7.158757e-02;7.489824e-03;8.965762e-03;1.392371e-02;6.264962e-02;4.200201e-01;2.726960e-01;1.829379e-02;2.470463e-02;4.276419e-02;2.440581e-03
8.527045e-02;6.630517e-02;1.153939e-02;1.049823e-02;2.543232e-02;6.902628e-02;3.599665e-01;2.435050e-01;3.530209e-02;3.727328e-02;5.208132e-02;3.799963e-03
9.945953e-02;5.717287e-02;2.485122e-02;4.265944e-02;6.088282e-02;7.318788e-02;1.963014e-01;2.041697e-01;8.776049e-02;8.256675e-02;6.039156e-02;1.059632e-02
7.079931e-02;3.682560e-02;3.515748e-02;1.063393e-01;1.021003e-01;5.688414e-02;2.100039e-01;1.693527e-01;7.264300e-02;9.085870e-02;2.850987e-02;2.052571e-02
5.654453e-02;4.248204e-02;4.376156e-02;1.449111e-01;8.215055e-02;3.773901e-02;2.283498e-01;1.676393e-01;5.275859e-02;9.824636e-02;2.867384e-02;1.674337e-02
3.774784e-02;5.032093e-02;4.986074e-02;1.381053e-01;5.760984e-02;4.571699e-02;2.164030e-01;1.668174e-01;1.229663e-01;7.153002e-02;3.239043e-02;1.053123e-02
3.207735e-02;5.322271e-02;6.921198e-02;9.794950e-02;4.457913e-02;7.626054e-02;1.754756e-01;1.732665e-01;1.610522e-01;6.267284e-02;3.973828e-02;1.449344e-02
4.885608e-02;6.069706e-02;7.979274e-02;7.723285e-02;6.540590e-02;9.177969e-02;1.333592e-01;1.569941e-01;1.514205e-01;7.415249e-02;3.934861e-02;2.096080e-02
6.619669e-02;6.502815e-02;5.696134e-02;1.737067e-01;4.860818e-02;6.445184e-02;1.099120e-01;1.525954e-01;1.112009e-01;7.532497e-02;4.034316e-02;3.567068e-02
5.003039e-02;5.940506e-02;4.895474e-02;1.914326e-01;1.041361e-01;4.784666e-02;1.023043e-01;1.675718e-01;1.075432e-01;6.374586e-02;3.278915e-02;2.424008e-02
4.177603e-02;4.006362e-02;5.028829e-02;1.529710e-01;1.301839e-01;4.039115e-02;7.952574e-02;1.163851e-01;1.494696e-01;1.134991e-01;5.233917e-02;3.310737e-02
8.486672e-02;5.049051e-02;4.965283e-02;1.026056e-01;8.268991e-02;3.774628e-02;9.314189e-02;8.860302e-02;1.452501e-01;1.305847e-01;8.914500e-02;4.522349e-02
1.193621e-01;7.932498e-02;4.689103e-02;5.298016e-02;5.085529e-02;4.008925e-02;1.092433e-01;1.051535e-01;1.298487e-01;1.142025e-01;1.099022e-01;4.214698e-02
1.245899e-01;6.558985e-02;3.490426e-02;7.036614e-02;1.041896e-01;4.689742e-02;9.038752e-02;9.079634e-02;1.238507e-01;8.794572e-02;1.238785e-01;3.660417e-02
1.298121e-01;4.280759e-02;2.471632e-02;7.959927e-02;1.485345e-01;5.894470e-02;9.682165e-02;7.903335e-02;7.676817e-02;8.740812e-02;1.344343e-01;4.111989e-02
1.402330e-01;7.778335e-02;1.622021e-02;4.139168e-02;6.465901e-02;6.231256e-02;1.854771e-01;1.439961e-01;3.155669e-02;5.723818e-02;1.617550e-01;1.737709e-02
1.428594e-01;8.977785e-02;1.225913e-02;1.630812e-02;1.655564e-02;5.792875e-02;2.672513e-01;1.971247e-01;9.265011e-03;2.468844e-02;1.580890e-01;7.892663e-03
1.462420e-01;1.049366e-01;1.102808e-02;1.199492e-02;1.079934e-02;6.525079e-02;3.242384e-01;1.799107e-01;1.041601e-02;1.776312e-02;1.102376e-01;7.182449e-03
1.628129e-01;1.116752e-01;9.195092e-03;1.433012e-02;1.552678e-02;8.632872e-02;3.795381e-01;1.244156e-01;1.257046e-02;1.843012e-02;5.769330e-02;7.483503e-03
2.056696e-01;8.252221e-02;9.816424e-03;2.320449e-02;2.136139e-02;1.154979e-01;4.246759e-01;5.626002e-02;9.915669e-03;2.336439e-02;1.693950e-02;1.077248e-02
1.771738e-01;6.129128e-02;6.313669e-03;1.963879e-02;1.719548e-02;9.834395e-02;4.292330e-01;1.371624e-01;6.274369e-03;2.069009e-02;1.824788e-02;8.435230e-03
1.659700e-01;5.920859e-02;5.834927e-03;1.809790e-02;1.883237e-02;1.005791e-01;4.417214e-01;1.340368e-01;5.317671e-03;2.269220e-02;2.072726e-02;6.981775e-03
1.763356e-01;4.530441e-02;6.363104e-03;1.754997e-02;2.046466e-02;1.041188e-01;4.288666e-01;1.377476e-01;8.508285e-03;2.350940e-02;2.573615e-02;5.495404e-03
