6.995521e-02;8.413540e-02;1.511059e-01;6.260709e-02;7.488354e-02;6.212528e-02;1.228041e-01;1.034447e-01;7.518889e-02;8.350456e-02;5.985959e-02;5.038569e-02
8.736640e-02;8.822820e-02;1.400769e-01;6.984358e-02;7.273424e-02;6.626284e-02;1.507219e-01;1.233728e-01;4.551725e-02;7.500581e-02;4.961519e-02;3.125485e-02
8.528657e-02;8.056912e-02;1.228669e-01;6.870645e-02;8.676442e-02;5.600402e-02;1.421285e-01;1.352650e-01;5.739490e-02;7.938793e-02;5.722468e-02;2.840154e-02
5.088715e-02;3.359719e-02;1.173498e-01;5.601926e-02;8.731265e-02;4.594257e-02;1.494280e-01;1.329806e-01;1.123551e-01;7.236897e-02;1.021978e-01;3.956077e-02
4.516678e-02;3.108779e-02;1.174645e-01;7.970347e-02;9.976903e-02;5.829199e-02;1.245056e-01;1.156486e-01;8.666999e-02;5.506542e-02;1.137652e-01;7.286162e-02
4.711437e-02;4.293953e-02;1.226080e-01;7.545908e-02;1.232658e-01;6.635052e-02;1.097694e-01;8.914339e-02;8.097823e-02;6.735162e-02;8.060668e-02;9.441340e-02
5.733210e-02;8.189434e-02;1.304092e-01;4.539112e-02;1.106794e-01;5.620035e-02;1.086862e-01;6.825432e-02;1.513059e-01;5.919861e-02;4.810073e-02;8.254781e-02
5.085706e-02;1.401318e-01;1.217937e-01;3.915253e-02;6.900868e-02;8.339161e-02;8.482573e-02;5.910638e-02;2.418268e-01;3.765927e-02;2.252746e-02;4.971891e-02
4.352062e-02;2.039302e-01;9.365340e-02;2.771753e-02;2.535245e-02;1.132764e-01;5.230876e-02;2.843884e-02;3.522214e-01;2.185536e-02;1.527617e-02;2.244881e-02
5.054151e-02;2.220990e-01;9.109167e-02;9.759560e-03;9.708173e-03;1.055714e-01;2.669452e-02;2.920897e-02;4.211266e-01;1.266649e-02;7.832108e-03;1.369996e-02
3.527358e-02;2.166033e-01;9.716798e-02;9.615067e-03;8.617518e-03;8.795963e-02;1.121716e-02;2.227634e-02;4.663312e-01;2.655710e-02;3.831958e-03;1.454912e-02
4.166042e-02;1.991099e-01;9.602015e-02;7.187924e-03;7.928791e-03;6.067750e-02;1.837852e-02;3.783186e-02;4.715893e-01;3.536370e-02;7.846931e-03;1.640500e-02
6.721753e-02;2.000822e-01;8.338543e-02;6.215273e-03;9.891870e-03;3.436387e-02;1.292256e-02;5.078530e-02;4.927641e-01;2.481327e-02;6.642575e-03;1.091595e-02
9.902730e-02;2.000701e-01;8.141333e-02;6.708333e-03;9.354786e-03;2.230746e-02;1.378415e-02;6.601325e-02;4.746828e-01;1.361065e-02;6.898567e-03;6.129273e-03
1.289585e-01;1.885533e-01;9.507162e-02;7.054927e-03;1.249298e-02;1.996573e-02;2.471537e-02;1.030247e-01;3.965170e-01;9.425176e-03;9.374737e-03;4.845927e-03
1.753406e-01;1.733548e-01;1.201006e-01;8.843725e-03;1.407120e-02;1.317916e-02;3.192735e-02;1.367338e-01;2.841985e-01;1.885339e-02;1.271675e-02;1.068010e-02
2.567143e-01;1.544755e-01;1.247619e-01;9.493794e-03;1.215945e-02;1.846860e-02;3.593889e-02;1.503917e-01;1.770387e-01;1.542277e-02;1.970925e-02;2.542514e-02
3.295133e-01;1.276475e-01;1.259291e-01;1.287228e-02;1.438170e-02;1.731447e-02;3.009584e-02;1.371570e-01;1.204395e-01;1.474256e-02;1.947279e-02;5.043387e-02
3.252799e-01;8.934804e-02;1.009092e-01;9.630579e-03;1.708690e-02;2.513180e-02;4.633513e-02;1.266679e-01;1.460253e-01;2.822094e-02;2.921488e-02;5.614944e-02
2.546453e-01;6.273266e-02;5.898531e-02;9.803683e-03;1.125096e-02;2.568693e-02;9.939960e-02;1.270126e-01;2.066431e-01;3.319269e-02;4.749185e-02;6.315542e-02
1.427718e-01;6.235584e-02;5.233623e-02;1.382077e-02;1.906027e-02;3.151183e-02;1.536666e-01;1.340116e-01;2.069354e-01;4.294403e-02;6.379286e-02;7.679275e-02
1.111801e-01;6.788675e-02;7.436800e-02;3.108637e-02;2.292662e-02;6.681553e-02;1.047026e-01;1.044787e-01;1.488825e-01;6.270062e-02;1.129101e-01;9.206212e-02
7.737322e-02;3.286741e-02;9.604803e-02;5.895539e-02;6.315138e-02;1.121716e-01;9.323292e-02;1.020359e-01;6.927667e-02;8.185936e-02;1.158287e-01;9.719941e-02
1.628843e-01;5.299859e-02;7.196769e-02;4.314077e-02;5.762653e-02;9.333147e-02;1.471968e-01;5.127130e-02;6.563665e-02;6.168626e-02;8.846284e-02;1.037969e-01
3.238901e-01;9.079438e-02;6.828950e-02;1.520754e-02;2.379989e-02;4.649883e-02;1.375211e-01;5.229014e-02;4.031049e-02;3.018093e-02;5.990853e-02;1.113086e-01
4.581576e-01;1.293953e-01;8.622533e-02;9.556655e-03;1.259512e-02;1.070013e-02;8.217099e-02;4.953945e-02;2.289229e-02;1.182145e-02;2.826729e-02;9.867840e-02
4.884148e-01;1.530968e-01;1.090209e-01;1.105524e-02;1.721729e-02;1.086087e-02;3.156266e-02;4.207949e-02;2.651373e-02;1.205312e-02;1.537811e-02;8.274701e-02
3.843443e-01;1.469805e-01;1.443103e-01;1.801341e-02;2.260242e-02;1.876167e-02;4.890810e-02;4.915978e-02;3.747394e-02;2.685494e-02;3.657116e-02;6.601957e-02
2.877613e-01;1.184916e-01;1.378285e-01;3.254236e-02;3.547356e-02;3.305516e-02;7.895342e-02;5.064444e-02;4.754425e-02;5.866042e-02;8.557440e-02;3.347054e-02
2.379744e-01;7.257421e-02;9.724685e-02;3.754716e-02;3.814856e-02;2.090980e-02;1.034534e-01;4.103392e-02;5.308118e-02;1.063390e-01;1.236676e-01;6.802389e-02
1.283352e-01;6.083760e-02;4.806882e-02;4.404761e-02;3.944807e-02;6.566133e-02;1.111661e-01;9.094784e-02;1.069418e-01;1.379056e-01;1.016543e-01;6.498569e-02
5.070284e-02;6.326477e-02;8.837814e-02;6.762926e-02;5.248436e-02;7.974164e-02;7.567779e-02;1.282388e-01;1.462577e-01;1.136892e-01;7.664220e-02;5.729323e-02
9.284388e-02;4.480922e-02;1.126723e-01;6.641439e-02;6.621176e-02;6.497347e-02;8.477058e-02;1.223029e-01;1.409414e-01;8.264948e-02;5.856742e-02;6.284321e-02
1.151850e-01;5.763045e-02;1.350603e-01;5.683327e-02;6.412725e-02;5.305021e-02;1.114383e-01;1.040790e-01;1.125046e-01;7.337144e-02;4.940171e-02;6.731853e-02
1.153150e-01;8.240496e-02;1.795792e-01;4.118571e-02;6.102579e-02;4.975002e-02;1.040968e-01;9.401635e-02;8.783052e-02;7.970333e-02;5.097061e-02;5.412173e-02
1.979736e-01;9.063390e-02;2.342076e-01;2.699517e-02;5.374374e-02;3.261196e-02;1.132705e-01;5.506201e-02;4.936361e-02;6.679056e-02;3.372483e-02;4.562254e-02
3.087075e-01;1.086202e-01;1.884039e-01;3.049493e-02;3.896496e-02;2.421198e-02;9.149634e-02;4.497524e-02;3.077216e-02;4.806890e-02;3.109269e-02;5.419126e-02
3.777719e-01;1.571344e-01;1.524657e-01;2.142002e-02;2.296223e-02;1.196456e-02;5.747921e-02;5.861535e-02;2.311938e-02;3.185587e-02;2.695109e-02;5.826034e-02
3.483176e-01;1.655039e-01;1.447058e-01;2.239481e-02;1.912134e-02;1.132667e-02;7.344703e-02;6.746199e-02;1.406363e-02;3.284454e-02;3.401359e-02;6.679919e-02
2.086632e-01;1.454535e-01;1.251763e-01;2.915684e-02;3.431647e-02;2.133897e-02;1.422613e-01;6.745148e-02;2.797450e-02;5.164189e-02;5.844069e-02;8.812498e-02
1.980392e-01;9.316713e-02;1.172705e-01;3.859499e-02;3.594351e-02;2.324430e-02;1.824960e-01;6.415333e-02;2.904567e-02;4.480176e-02;6.915151e-02;1.040922e-01
3.535756e-01;5.629370e-02;9.693416e-02;2.099315e-02;1.866842e-02;2.467886e-02;1.407592e-01;1.073412e-01;1.619441e-02;2.809290e-02;4.135462e-02;9.511382e-02
3.698879e-01;6.142770e-02;1.006334e-01;1.236286e-02;1.654347e-02;2.308303e-02;1.375978e-01;1.132261e-01;2.052836e-02;2.980590e-02;3.062355e-02;8.427998e-02
3.883051e-01;5.520168e-02;6.551863e-02;2.103847e-02;1.611280e-02;2.540225e-02;1.311028e-01;1.103880e-01;2.771215e-02;3.507332e-02;3.470117e-02;8.944362e-02
3.887106e-01;4.196960e-02;7.057428e-02;2.147952e-02;1.611039e-02;2.168967e-02;1.100943e-01;1.354280e-01;3.209294e-02;3.007094e-02;4.122883e-02;9.055090e-02
3.853809e-01;3.799227e-02;7.637279e-02;1.404145e-02;2.299015e-02;2.447261e-02;9.472732e-02;1.484834e-01;3.258130e-02;3.576040e-02;4.183385e-02;8.536357e-02
2.671909e-01;6.173106e-02;1.165446e-01;4.371338e-02;3.288590e-02;3.266340e-02;1.189653e-01;1.111862e-01;6.842401e-02;3.734364e-02;3.662085e-02;7.273079e-02
1.714281e-01;7.715470e-02;1.177796e-01;6.902882e-02;3.772023e-02;3.371450e-02;1.273611e-01;1.116434e-01;1.022206e-01;5.340501e-02;2.540626e-02;7.313755e-02
1.438803e-01;4.840449e-02;7.363977e-02;7.907747e-02;2.680778e-02;2.569691e-02;1.321430e-01;1.392532e-01;1.128188e-01;9.392143e-02;2.321926e-02;1.011376e-01
1.397860e-01;1.867640e-02;4.128188e-02;9.715860e-02;1.795953e-02;2.182016e-02;1.305241e-01;1.366916e-01;8.162699e-02;1.615163e-01;4.513160e-02;1.078269e-01
1.421071e-01;1.568754e-02;4.088685e-02;1.057096e-01;1.608834e-02;3.038928e-02;1.238253e-01;1.337919e-01;5.209520e-02;1.940236e-01;5.222533e-02;9.316992e-02
1.656059e-01;1.849221e-02;4.081951e-02;7.058179e-02;3.449560e-02;3.637539e-02;1.111983e-01;1.674137e-01;5.159939e-02;1.739587e-01;4.681764e-02;8.264195e-02
1.834264e-01;2.361366e-02;4.734470e-02;5.768977e-02;3.814520e-02;4.199137e-02;1.100510e-01;1.753673e-01;5.709404e-02;1.330514e-01;4.812365e-02;8.410151e-02
2.308999e-01;2.898512e-02;4.906741e-02;5.016110e-02;6.744429e-02;3.452132e-02;8.362701e-02;1.885150e-01;5.603943e-02;1.088187e-01;4.288488e-02;5.903597e-02
2.543944e-01;3.598360e-02;4.321390e-02;4.077088e-02;1.202527e-01;1.934257e-02;8.724308e-02;2.319818e-01;3.917265e-02;5.450808e-02;3.058721e-02;4.254916e-02
2.296464e-01;3.874476e-02;4.351183e-02;1.927381e-02;1.782444e-01;2.583989e-02;6.040368e-02;2.306385e-01;2.342005e-02;4.414328e-02;7.187942e-02;3.425400e-02
1.920674e-01;3.952134e-02;4.770937e-02;1.175878e-02;2.021293e-01;2.265314e-02;4.345764e-02;2.036755e-01;3.816321e-02;4.936993e-02;1.276262e-01;2.186820e-02
1.457377e-01;7.752819e-02;5.153077e-02;2.639215e-02;1.721716e-01;3.793446e-02;4.083060e-02;1.538598e-01;7.590973e-02;4.048304e-02;1.478893e-01;2.973262e-02
8.559267e-02;1.340323e-01;9.851957e-02;3.479793e-02;9.467842e-02;8.506174e-02;3.100151e-02;6.816062e-02;1.831583e-01;3.909237e-02;9.900652e-02;4.689806e-02
4.975275e-02;1.290194e-01;1.743883e-01;2.833932e-02;3.635702e-02;1.074218e-01;2.431889e-02;1.432974e-02;2.249872e-01;8.671572e-02;3.936017e-02;8.500969e-02
3.981243e-02;6.727277e-02;2.839038e-01;1.870680e-02;2.031722e-02;6.405858e-02;5.587189e-02;1.477502e-02;1.604502e-01;1.989037e-01;1.705556e-02;5.887201e-02
5.494940e-02;3.161061e-02;3.633989e-01;3.473956e-02;2.128545e-02;1.764199e-02;8.432340e-02;1.346349e-02;6.785709e-02;2.574481e-01;3.442229e-02;1.885962e-02
4.754134e-02;1.612306e-02;3.868368e-01;7.729325e-02;3.123792e-02;1.731644e-02;7.602760e-02;2.762190e-02;1.159378e-02;2.055689e-01;8.645932e-02;1.637975e-02
3.188093e-02;1.501850e-02;4.016897e-01;1.047583e-01;5.571035e-02;2.007834e-02;4.702411e-02;4.410565e-02;2.707146e-02;1.128604e-01;1.225620e-01;1.724017e-02
2.352997e-02;2.544383e-02;4.291543e-01;1.013640e-01;8.057336e-02;2.544364e-02;3.829231e-02;4.998491e-02;2.749756e-02;6.879945e-02;1.076135e-01;2.230318e-02
2.408573e-02;1.778005e-02;4.394971e-01;9.327072e-02;1.159251e-01;4.200155e-02;8.291653e-02;3.332827e-02;2.600866e-02;5.497579e-02;4.617047e-02;2.404003e-02
1.556741e-02;2.176753e-02;4.115975e-01;8.191529e-02;1.415695e-01;6.849597e-02;8.320455e-02;3.660048e-02;5.420465e-02;4.675240e-02;1.424585e-02;2.407887e-02
4.049874e-02;3.769545e-02;2.877876e-01;7.156838e-02;1.074149e-01;7.539854e-02;6.975777e-02;1.056486e-01;7.337897e-02;7.490230e-02;3.493458e-02;2.101424e-02
5.309406e-02;6.282003e-02;1.353823e-01;7.174719e-02;9.745341e-02;5.843843e-02;7.468143e-02;1.430243e-01;1.228072e-01;9.854495e-02;6.094981e-02;2.105685e-02
2.848205e-02;4.625883e-02;1.585664e-01;9.459408e-02;1.144986e-01;6.730158e-02;1.003066e-01;9.623924e-02;1.228807e-01;8.714067e-02;4.452693e-02;3.920427e-02
3.500386e-02;3.384924e-02;1.919243e-01;9.212442e-02;1.208239e-01;9.472949e-02;9.392194e-02;9.631211e-02;8.221994e-02;7.967861e-02;2.690548e-02;5.250665e-02
6.732097e-02;4.054466e-02;1.682459e-01;7.071647e-02;1.017682e-01;9.626797e-02;7.446676e-02;1.082000e-01;9.335847e-02;1.022533e-01;3.170091e-02;4.515634e-02
8.218940e-02;6.607600e-02;1.392518e-01;5.582067e-02;8.021960e-02;6.793596e-02;7.430929e-02;1.021420e-01;1.044807e-01;1.146994e-01;4.979895e-02;6.307627e-02
8.398949e-02;8.134158e-02;1.093645e-01;7.001857e-02;7.476757e-02;6.312078e-02;1.030969e-01;8.393006e-02;9.637048e-02;7.822162e-02;6.899191e-02;8.678649e-02
8.040947e-02;7.044814e-02;1.245762e-01;6.749973e-02;8.063404e-02;6.829640e-02;1.018598e-01;7.429490e-02;1.177517e-01;7.246922e-02;4.872331e-02;9.303713e-02
4.253496e-02;4.758954e-02;1.817464e-01;6.341596e-02;7.924883e-02;8.018674e-02;1.793575e-01;6.935611e-02;9.738383e-02;6.397948e-02;3.678018e-02;5.842037e-02
5.894864e-02;5.830528e-02;2.338331e-01;4.516215e-02;6.936236e-02;6.427213e-02;1.624127e-01;6.339998e-02;1.040066e-01;6.700956e-02;3.918004e-02;3.410740e-02
6.859747e-02;7.276841e-02;2.674757e-01;3.489588e-02;6.054873e-02;5.954673e-02;1.070456e-01;5.467822e-02;1.304434e-01;7.656279e-02;3.746142e-02;2.997561e-02
7.917228e-02;1.069685e-01;2.994015e-01;2.499440e-02;4.167785e-02;5.439287e-02;7.232812e-02;3.426848e-02;1.452378e-01;8.081939e-02;2.714564e-02;3.359307e-02
8.934664e-02;1.141792e-01;2.882072e-01;4.114546e-02;3.740471e-02;5.521477e-02;9.104101e-02;2.359343e-02;1.336527e-01;6.574454e-02;2.666109e-02;3.380921e-02
1.007040e-01;9.737717e-02;2.268803e-01;4.720981e-02;6.139353e-02;5.176790e-02;1.386580e-01;3.011371e-02;1.279262e-01;4.921722e-02;3.489211e-02;3.386008e-02
7.656268e-02;5.649162e-02;1.796884e-01;2.988760e-02;6.852670e-02;7.728691e-02;2.105747e-01;2.855170e-02;1.307059e-01;5.815373e-02;3.970826e-02;4.386189e-02
7.373552e-02;7.008602e-02;1.971075e-01;2.430079e-02;5.928493e-02;1.014813e-01;1.745329e-01;3.758895e-02;1.298914e-01;5.102647e-02;3.463032e-02;4.633381e-02
6.794328e-02;6.468867e-02;1.546683e-01;8.235563e-02;7.950196e-02;9.487395e-02;1.333292e-01;6.085989e-02;1.289318e-01;3.285646e-02;3.702296e-02;6.296790e-02
4.137546e-02;6.051463e-02;1.582673e-01;9.448942e-02;7.629836e-02;9.099335e-02;9.278171e-02;8.075213e-02;1.697503e-01;5.042157e-02;3.029455e-02;5.406128e-02
2.735156e-02;4.585363e-02;1.955592e-01;6.631258e-02;6.430884e-02;6.091952e-02;1.426409e-01;1.192394e-01;1.471299e-01;6.174650e-02;2.808661e-02;4.085133e-02
7.380952e-02;5.637679e-02;1.412436e-01;6.849925e-02;6.124901e-02;5.448662e-02;1.771843e-01;1.008978e-01;7.939988e-02;8.044189e-02;5.916392e-02;4.724736e-02
8.684170e-02;3.677031e-02;2.083193e-01;6.944197e-02;7.130945e-02;6.397112e-02;2.323997e-01;3.968958e-02;4.254131e-02;4.896818e-02;4.900636e-02;5.074114e-02
7.332113e-02;4.768901e-02;1.663414e-01;8.939825e-02;7.361504e-02;6.770218e-02;1.861686e-01;6.971444e-02;4.335278e-02;5.629899e-02;5.720227e-02;6.919598e-02
7.884201e-02;5.123748e-02;1.220731e-01;9.384130e-02;7.016186e-02;6.226173e-02;1.747571e-01;7.851738e-02;5.557401e-02;8.776967e-02;4.965007e-02;7.531425e-02
7.929995e-02;4.635455e-02;6.411760e-02;1.046053e-01;5.093407e-02;5.389950e-02;1.834068e-01;7.256871e-02;7.195651e-02;1.440931e-01;3.419522e-02;9.456872e-02
6.553919e-02;5.753267e-02;2.830412e-02;1.186323e-01;2.715287e-02;5.414657e-02;1.930199e-01;7.094052e-02;7.402467e-02;1.825487e-01;2.863612e-02;9.952245e-02
6.422646e-02;6.708571e-02;4.059660e-02;1.018831e-01;3.019134e-02;6.495743e-02;1.881868e-01;6.562247e-02;7.960213e-02;1.825147e-01;3.704308e-02;7.809021e-02
8.835547e-02;5.870740e-02;7.007331e-02;7.394129e-02;3.434684e-02;6.083657e-02;1.517826e-01;1.018753e-01;9.522532e-02;1.475771e-01;6.036421e-02;5.691456e-02
1.351165e-01;5.521735e-02;8.577088e-02;5.760792e-02;4.831321e-02;3.181187e-02;1.036963e-01;1.645824e-01;1.049914e-01;9.524436e-02;6.953379e-02;4.811410e-02
1.545342e-01;6.703144e-02;1.248274e-01;4.522978e-02;5.724102e-02;1.942178e-02;8.711257e-02;1.846442e-01;9.561313e-02;6.147797e-02;6.845999e-02;3.440651e-02
1.536508e-01;7.890501e-02;1.553267e-01;4.699621e-02;5.352944e-02;2.429023e-02;8.671799e-02;1.710985e-01;8.709868e-02;4.591691e-02;6.598814e-02;3.048138e-02
1.571350e-01;6.139208e-02;1.543847e-01;5.600673e-02;4.190591e-02;4.598545e-02;8.132535e-02;1.451352e-01;9.935492e-02;5.336369e-02;6.567296e-02;3.833801e-02
1.194472e-01;2.957906e-02;9.766476e-02;5.070611e-02;5.494699e-02;8.489952e-02;1.503277e-01;9.078830e-02;1.229281e-01;7.060096e-02;9.351714e-02;3.459416e-02
9.700077e-02;4.480643e-02;1.117280e-01;6.552338e-02;5.628359e-02;9.892987e-02;1.031807e-01;6.864550e-02;1.317595e-01;7.000920e-02;9.588529e-02;5.624778e-02
9.094130e-02;5.882511e-02;9.879736e-02;7.755108e-02;8.662520e-02;9.229061e-02;1.270797e-01;8.497661e-02;1.000813e-01;5.341372e-02;7.083948e-02;5.857852e-02
9.202151e-02;8.326415e-02;8.160389e-02;8.011663e-02;1.018127e-01;7.741103e-02;1.499454e-01;9.529944e-02;7.287042e-02;6.086571e-02;4.631457e-02;5.847461e-02
9.588003e-02;1.057335e-01;1.023939e-01;6.272528e-02;8.106373e-02;6.941606e-02;1.255830e-01;9.149818e-02;7.227703e-02;1.057455e-01;4.413114e-02;4.355264e-02
6.677742e-02;7.328533e-02;2.795510e-01;7.306734e-02;7.462722e-02;7.344352e-02;1.857966e-01;3.075439e-02;4.479467e-02;5.251728e-02;2.292432e-02;2.246094e-02
9.746047e-02;8.485422e-02;2.791106e-01;7.705145e-02;7.115763e-02;6.200301e-02;1.704105e-01;4.154015e-02;3.141617e-02;3.756446e-02;1.947182e-02;2.795945e-02
1.659994e-01;9.282397e-02;2.567517e-01;7.642367e-02;5.813502e-02;4.754078e-02;1.327180e-01;5.025847e-02;2.349608e-02;3.632573e-02;1.846369e-02;4.106347e-02
2.748500e-01;7.801228e-02;1.971317e-01;6.969813e-02;4.502724e-02;3.299920e-02;9.777142e-02;7.199410e-02;1.474643e-02;3.690923e-02;1.962421e-02;6.123601e-02
3.478536e-01;9.980941e-02;1.366204e-01;4.439244e-02;3.821219e-02;1.986553e-02;7.184404e-02;9.055606e-02;2.212305e-02;2.997134e-02;2.953854e-02;6.921344e-02
3.633800e-01;1.062512e-01;8.830618e-02;2.927420e-02;3.277417e-02;1.939530e-02;8.803787e-02;1.142805e-01;2.652724e-02;2.569043e-02;3.738054e-02;6.870241e-02
2.877675e-01;7.963274e-02;5.352254e-02;4.267796e-02;3.317562e-02;3.701957e-02;1.517249e-01;1.300641e-01;2.538369e-02;3.915641e-02;5.320024e-02;6.667476e-02
1.739069e-01;5.028321e-02;1.182089e-01;4.412224e-02;4.896536e-02;8.665614e-02;1.745028e-01;9.570788e-02;2.488148e-02;5.796267e-02;7.755361e-02;4.724880e-02
1.768649e-01;5.417151e-02;1.076117e-01;2.989530e-02;5.208861e-02;1.130055e-01;8.918348e-02;8.988893e-02;4.424227e-02;8.802459e-02;9.849865e-02;5.652447e-02
1.400665e-01;5.699050e-02;6.560440e-02;7.507949e-02;5.255049e-02;8.719090e-02;9.904302e-02;9.425402e-02;7.036147e-02;1.119732e-01;9.221441e-02;5.467157e-02
1.174334e-01;7.205389e-02;1.904143e-01;9.143764e-02;5.727902e-02;3.637299e-02;1.120440e-01;7.230287e-02;4.643666e-02;1.032472e-01;5.481309e-02;4.616495e-02
1.218433e-01;2.560393e-02;2.238445e-01;9.682873e-02;5.762299e-02;3.355583e-02;9.003624e-02;5.926612e-02;7.000427e-02;1.503366e-01;3.178882e-02;3.926867e-02
1.065626e-01;3.959050e-02;1.494195e-01;5.501697e-02;4.363861e-02;3.651966e-02;9.504447e-02;5.014157e-02;1.136833e-01;2.561685e-01;2.074487e-02;3.346946e-02
5.970419e-02;3.462138e-02;7.423519e-02;3.034244e-02;6.137449e-02;4.463098e-02;9.522424e-02;6.681416e-02;1.555466e-01;3.197855e-01;3.327757e-02;2.444328e-02
3.543738e-02;4.919873e-02;7.305516e-02;4.212380e-02;6.986025e-02;4.173814e-02;1.089925e-01;9.415564e-02;2.137124e-01;2.178098e-01;3.513653e-02;1.877964e-02
4.460045e-02;6.403587e-02;8.167370e-02;4.980081e-02;6.934213e-02;6.468596e-02;9.456778e-02;1.212808e-01;1.977991e-01;1.324061e-01;5.674413e-02;2.306314e-02
7.437349e-02;8.332336e-02;9.533124e-02;8.385760e-02;8.150759e-02;7.235159e-02;8.942971e-02;8.446376e-02;1.098699e-01;1.339792e-01;6.399699e-02;2.751559e-02
1.011477e-01;9.264217e-02;1.260562e-01;8.982334e-02;7.448062e-02;6.201624e-02;1.066497e-01;5.630824e-02;8.678073e-02;1.093477e-01;6.442838e-02;3.031890e-02
1.030106e-01;9.629209e-02;1.578180e-01;7.004591e-02;6.382027e-02;4.925921e-02;1.097989e-01;5.176279e-02;1.097992e-01;9.368587e-02;7.125682e-02;2.345042e-02
1.067298e-01;7.051743e-02;1.744158e-01;5.244220e-02;7.230965e-02;7.389729e-02;9.744956e-02;6.218765e-02;8.726153e-02;1.074942e-01;7.193560e-02;2.335932e-02
8.516905e-02;5.482991e-02;1.584341e-01;7.648630e-02;9.911892e-02;9.529331e-02;1.058366e-01;8.139802e-02;5.143238e-02;1.018006e-01;4.984794e-02;4.035287e-02
3.246082e-02;9.235839e-02;1.485822e-01;7.997573e-02;9.928947e-02;5.748054e-02;1.041026e-01;7.637994e-02;6.890911e-02;1.023374e-01;6.906298e-02;6.906091e-02
4.366153e-02;1.242504e-01;1.725551e-01;6.707726e-02;9.963624e-02;3.971540e-02;1.160262e-01;8.907110e-02;3.851584e-02;8.076839e-02;5.357938e-02;7.514328e-02
5.025643e-02;1.208821e-01;1.912573e-01;6.729809e-02;9.099889e-02;5.907781e-02;1.295521e-01;9.379651e-02;4.759806e-02;5.776856e-02;2.804339e-02;6.347080e-02
4.978444e-02;1.058614e-01;1.988853e-01;6.531946e-02;8.680499e-02;7.498188e-02;1.253331e-01;9.615368e-02;6.235699e-02;4.715269e-02;3.761125e-02;4.975474e-02
7.140224e-02;1.052424e-01;2.156335e-01;6.146718e-02;7.505547e-02;6.050790e-02;9.588789e-02;4.868769e-02;1.209728e-01;5.021941e-02;4.847382e-02;4.644973e-02
9.696388e-02;8.343001e-02;1.526712e-01;4.269071e-02;4.799729e-02;5.576478e-02;1.088054e-01;1.017891e-01;1.643815e-01;5.969233e-02;4.896232e-02;3.685148e-02
9.735857e-02;6.658933e-02;1.319436e-01;3.173829e-02;4.331101e-02;6.101154e-02;8.637086e-02;8.793341e-02;2.131969e-01;6.551078e-02;7.966640e-02;3.536934e-02
8.351807e-02;3.546526e-02;1.258594e-01;2.187098e-02;4.873821e-02;6.517686e-02;7.808016e-02;5.325663e-02;2.743331e-01;6.237322e-02;1.009621e-01;5.036600e-02
6.402151e-02;3.888880e-02;1.315312e-01;2.009196e-02;4.650160e-02;6.348415e-02;7.369015e-02;3.971146e-02;3.055032e-01;7.544886e-02;1.014574e-01;3.966963e-02
6.727408e-02;5.962136e-02;1.219979e-01;2.332171e-02;4.461841e-02;6.212306e-02;6.529474e-02;4.947605e-02;2.815542e-01;7.270610e-02;1.001015e-01;5.191084e-02
6.042356e-02;4.515148e-02;1.202611e-01;4.077516e-02;6.043266e-02;5.373671e-02;7.524519e-02;4.995926e-02;3.046685e-01;5.832706e-02;8.445229e-02;4.656703e-02
5.566700e-02;4.051155e-02;1.215125e-01;4.049624e-02;5.545201e-02;4.985931e-02;1.288749e-01;7.297043e-02;2.750209e-01;5.286219e-02;5.586323e-02;5.090973e-02
5.302531e-02;5.006346e-02;1.273134e-01;4.964476e-02;3.585353e-02;6.041712e-02;1.912856e-01;5.590270e-02;1.945857e-01;5.493563e-02;5.690196e-02;7.007093e-02
8.421114e-02;6.766839e-02;1.090328e-01;6.952383e-02;2.378529e-02;6.458818e-02;2.291676e-01;4.085409e-02;1.241505e-01;5.194620e-02;5.913302e-02;7.593901e-02
1.390824e-01;6.767147e-02;6.505784e-02;6.377397e-02;1.817548e-02;5.786770e-02;2.567227e-01;4.818147e-02;8.136155e-02;4.202063e-02;6.571439e-02;9.437034e-02
2.234113e-01;5.761307e-02;9.573119e-02;2.917666e-02;2.371443e-02;3.287786e-02;1.742024e-01;6.745030e-02;8.448856e-02;4.395753e-02;6.387672e-02;1.034999e-01
2.914695e-01;4.240946e-02;9.980562e-02;1.253072e-02;2.449096e-02;3.302104e-02;1.139847e-01;9.858517e-02;7.494512e-02;4.250795e-02;6.165264e-02;1.045972e-01
2.997251e-01;3.488602e-02;8.834396e-02;1.493690e-02;2.822719e-02;4.014099e-02;1.109869e-01;1.135044e-01;6.996152e-02;3.848820e-02;6.699969e-02;9.379917e-02
2.747942e-01;4.478418e-02;1.188698e-01;1.202551e-02;2.974113e-02;4.220987e-02;1.327995e-01;9.679539e-02;6.903882e-02;3.769081e-02;6.035734e-02;8.089346e-02
2.991486e-01;4.261632e-02;1.381782e-01;1.540757e-02;3.323724e-02;3.507781e-02;8.269422e-02;1.002450e-01;6.947778e-02;4.360704e-02;6.031194e-02;7.999819e-02
3.534677e-01;6.233560e-02;1.242403e-01;1.524721e-02;2.447288e-02;2.361141e-02;5.462548e-02;1.146697e-01;4.327355e-02;3.750057e-02;6.405508e-02;8.250052e-02
3.548932e-01;7.359516e-02;2.291534e-01;1.555539e-02;1.696706e-02;1.130684e-02;4.720475e-02;1.018045e-01;1.866410e-02;2.388883e-02;3.989362e-02;6.707302e-02
3.046284e-01;1.179314e-01;3.391725e-01;1.595979e-02;1.756434e-02;1.869772e-02;1.890104e-02;6.337664e-02;2.811295e-02;1.337565e-02;2.261853e-02;3.966101e-02
2.450010e-01;1.639662e-01;3.954985e-01;1.776993e-02;2.010441e-02;1.296994e-02;3.081559e-02;3.762098e-02;2.100925e-02;1.412981e-02;1.969252e-02;2.142192e-02
1.161059e-01;1.878064e-01;4.627263e-01;3.204523e-02;2.773485e-02;1.656329e-02;4.759615e-02;2.609033e-02;2.340085e-02;1.851405e-02;2.032785e-02;2.108878e-02
1.013505e-01;1.970690e-01;4.703365e-01;3.422168e-02;2.962226e-02;2.144831e-02;4.213902e-02;1.873077e-02;3.798198e-02;1.953749e-02;1.528245e-02;1.227998e-02
1.951216e-01;2.331494e-01;3.957979e-01;1.977111e-02;1.508240e-02;1.445818e-02;2.127618e-02;2.102595e-02;4.948065e-02;1.471181e-02;1.197966e-02;8.145143e-03
3.025970e-01;2.137046e-01;2.438827e-01;1.446584e-02;1.243792e-02;1.422302e-02;3.592928e-02;6.100278e-02;4.218417e-02;1.877274e-02;1.342563e-02;2.737437e-02
3.364777e-01;1.225684e-01;1.615453e-01;1.693963e-02;1.809286e-02;2.410342e-02;9.517341e-02;9.980670e-02;1.912020e-02;2.560034e-02;2.268343e-02;5.788860e-02
3.204511e-01;3.689887e-02;5.384271e-02;1.687541e-02;2.286048e-02;4.187628e-02;1.947040e-01;1.064121e-01;2.085457e-02;4.687575e-02;3.044205e-02;1.079066e-01
2.588217e-01;2.455956e-02;4.044159e-02;2.504898e-02;1.814864e-02;4.951200e-02;2.530539e-01;8.510803e-02;2.818460e-02;5.896020e-02;3.060554e-02;1.275553e-01
2.665594e-01;2.756454e-02;4.676067e-02;3.585192e-02;8.832911e-03;5.274905e-02;2.290768e-01;9.714547e-02;4.058665e-02;5.800261e-02;2.499721e-02;1.118728e-01
3.268360e-01;4.865567e-02;4.644921e-02;2.848970e-02;1.729352e-02;6.929932e-02;1.579797e-01;1.042340e-01;5.271137e-02;4.083162e-02;1.788850e-02;8.933138e-02
4.160890e-01;7.865635e-02;6.092926e-02;1.612952e-02;2.239697e-02;5.520269e-02;8.959737e-02;1.165177e-01;3.607623e-02;2.226729e-02;1.425680e-02;7.188077e-02
4.798318e-01;1.242066e-01;7.904349e-02;1.128604e-02;3.163113e-02;2.313296e-02;3.959658e-02;1.227654e-01;1.261879e-02;1.405919e-02;1.252081e-02;4.930720e-02
4.815072e-01;1.647578e-01;8.911905e-02;1.127430e-02;3.892820e-02;8.507182e-03;1.656468e-02;1.069056e-01;1.594816e-02;1.040012e-02;1.491046e-02;4.117724e-02
4.412689e-01;2.050748e-01;8.791222e-02;2.044067e-02;4.655398e-02;5.308799e-03;2.508084e-02;7.120905e-02;3.674607e-02;1.619649e-02;1.516141e-02;2.904678e-02
3.827579e-01;2.473707e-01;1.080806e-01;2.516735e-02;3.437902e-02;5.379754e-03;2.764283e-02;3.735671e-02;6.471504e-02;3.169681e-02;1.905883e-02;1.639450e-02
3.437430e-01;2.768409e-01;1.206935e-01;2.389779e-02;2.122786e-02;8.369058e-03;1.854267e-02;3.061218e-02;8.626711e-02;3.829400e-02;1.907556e-02;1.243641e-02
3.336605e-01;2.908895e-01;1.165006e-01;1.482045e-02;1.669945e-02;1.698331e-02;1.567426e-02;3.662968e-02;8.828684e-02;3.303082e-02;1.827819e-02;1.854632e-02
3.034835e-01;2.540217e-01;1.801063e-01;1.912510e-02;1.746724e-02;2.368231e-02;1.809325e-02;2.824593e-02;7.618091e-02;2.829365e-02;1.632345e-02;3.497664e-02
2.905089e-01;1.939508e-01;1.874154e-01;3.125956e-02;3.419194e-02;2.805500e-02;4.634779e-02;3.839234e-02;4.547040e-02;2.911775e-02;2.724678e-02;4.804336e-02
2.589320e-01;7.751154e-02;2.018194e-01;2.950799e-02;4.536907e-02;2.786716e-02;8.578203e-02;1.032776e-01;7.568046e-02;4.074296e-02;2.252699e-02;3.098268e-02
1.596367e-01;1.548122e-01;2.712583e-01;3.722852e-02;3.809007e-02;2.624449e-02;8.783844e-02;8.402623e-02;7.639696e-02;2.018238e-02;2.255015e-02;2.173562e-02
8.252867e-02;1.778962e-01;4.150023e-01;4.232171e-02;3.524895e-02;3.004937e-02;5.294373e-02;3.096538e-02;7.108529e-02;1.571256e-02;2.123570e-02;2.501008e-02
5.348387e-02;1.836246e-01;5.077516e-01;3.155407e-02;2.173903e-02;2.410250e-02;3.144488e-02;2.317510e-02;6.118302e-02;2.129080e-02;1.560797e-02;2.504258e-02
3.348222e-02;1.995324e-01;5.680861e-01;1.939523e-02;1.312983e-02;2.502437e-02;2.108705e-02;2.475206e-02;4.962037e-02;1.956883e-02;8.743595e-03;1.757800e-02
3.880342e-02;2.103981e-01;5.386121e-01;2.286427e-02;1.387706e-02;4.674725e-02;2.161466e-02;2.786554e-02;4.217811e-02;1.362164e-02;1.003992e-02;1.337799e-02
4.540050e-02;2.468405e-01;4.585189e-01;2.466769e-02;2.483220e-02;6.668741e-02;3.439568e-02;3.147397e-02;3.439679e-02;1.323205e-02;9.525355e-03;1.002901e-02
9.580664e-02;2.765815e-01;3.522470e-01;3.293921e-02;2.938213e-02;6.922549e-02;2.377879e-02;3.147069e-02;4.896065e-02;1.666731e-02;8.091151e-03;1.484936e-02
6.520699e-02;2.487544e-01;4.404797e-01;2.522630e-02;1.685601e-02;4.675533e-02;2.058087e-02;2.531889e-02;6.774623e-02;1.864748e-02;6.350060e-03;1.807776e-02
5.340267e-02;2.425909e-01;4.757973e-01;2.223176e-02;2.093884e-02;3.714295e-02;2.907157e-02;1.432146e-02;5.954922e-02;1.958336e-02;9.469435e-03;1.590055e-02
9.123746e-02;2.509285e-01;4.325778e-01;2.561415e-02;1.765893e-02;3.423595e-02;4.036079e-02;2.243825e-02;4.975168e-02;9.783946e-03;1.231575e-02;1.309691e-02
1.935651e-01;2.271334e-01;3.308686e-01;2.431505e-02;1.271700e-02;2.444911e-02;5.082083e-02;3.806208e-02;4.749835e-02;1.679894e-02;1.511416e-02;1.865738e-02
2.710551e-01;1.889143e-01;2.245718e-01;2.280017e-02;2.774671e-02;3.019650e-02;6.513807e-02;6.052116e-02;4.327638e-02;2.791743e-02;1.115077e-02;2.671164e-02
2.279494e-01;1.522901e-01;2.019399e-01;3.815389e-02;4.098722e-02;3.592358e-02;1.042323e-01;5.617603e-02;4.586150e-02;4.340163e-02;2.029314e-02;3.279142e-02
1.446705e-01;9.801343e-02;2.074019e-01;7.289267e-02;5.871233e-02;6.059874e-02;1.454056e-01;6.130455e-02;3.365853e-02;5.189753e-02;2.458473e-02;4.085948e-02
6.392802e-02;5.121005e-02;1.894026e-01;9.318736e-02;6.056605e-02;7.538690e-02;2.081540e-01;9.654430e-02;5.415265e-02;3.756056e-02;3.937684e-02;3.053067e-02
6.415681e-02;5.529837e-02;1.524343e-01;8.962280e-02;7.762976e-02;5.658337e-02;2.159161e-01;9.838010e-02;7.326244e-02;3.541007e-02;6.067202e-02;2.063387e-02
8.868426e-02;9.188712e-02;1.460129e-01;8.360408e-02;6.881375e-02;5.644777e-02;1.415987e-01;9.253607e-02;9.395028e-02;3.573827e-02;7.401799e-02;2.670887e-02
9.435305e-02;1.116973e-01;1.381074e-01;7.132671e-02;4.506088e-02;7.517648e-02;1.611737e-01;6.264498e-02;8.033504e-02;3.421946e-02;8.435550e-02;4.154956e-02
9.018448e-02;6.940441e-02;7.609256e-02;5.265196e-02;6.426122e-02;9.924062e-02;2.165497e-01;8.202378e-02;1.012605e-01;3.834930e-02;7.752923e-02;3.245219e-02
9.264949e-02;9.063572e-02;9.697329e-02;6.737579e-02;5.248766e-02;8.262026e-02;1.916015e-01;7.149244e-02;1.019340e-01;4.887138e-02;6.411076e-02;3.924771e-02
1.069488e-01;1.257114e-01;1.689241e-01;5.382403e-02;4.140011e-02;5.932579e-02;1.592766e-01;6.570013e-02;7.544697e-02;4.504893e-02;6.577633e-02;3.261685e-02
9.927492e-02;1.261443e-01;1.668464e-01;3.924166e-02;4.601447e-02;7.166345e-02;1.315362e-01;6.822501e-02;5.770664e-02;6.381528e-02;7.433945e-02;5.519219e-02
6.356803e-02;4.542982e-02;8.131798e-02;7.520722e-02;7.801253e-02;8.390610e-02;1.406269e-01;1.254325e-01;1.237940e-01;8.173516e-02;5.451082e-02;4.645893e-02
5.609619e-02;4.406193e-02;8.331176e-02;7.243874e-02;8.386682e-02;8.609575e-02;1.363513e-01;1.237079e-01;1.341087e-01;8.103678e-02;5.264714e-02;4.627697e-02
5.841316e-02;4.311454e-02;8.256791e-02;7.367131e-02;7.580812e-02;6.966179e-02;1.225609e-01;1.358317e-01;1.585087e-01;7.794955e-02;5.136134e-02;5.055102e-02
6.029355e-02;5.198778e-02;6.420958e-02;7.115283e-02;7.130510e-02;3.958418e-02;6.602128e-02;1.528746e-01;1.967085e-01;1.149135e-01;5.336472e-02;5.758437e-02
6.290652e-02;4.049555e-02;6.239434e-02;4.302227e-02;9.568335e-02;4.096404e-02;5.345529e-02;1.182716e-01;1.456443e-01;1.316891e-01;1.099399e-01;9.553368e-02
8.457534e-02;2.370309e-02;4.888513e-02;4.465252e-02;1.048407e-01;3.805650e-02;7.904341e-02;1.253114e-01;1.111511e-01;9.119149e-02;1.352498e-01;1.133394e-01
1.513168e-01;2.750251e-02;5.398858e-02;4.372037e-02;1.074191e-01;7.168731e-02;8.186419e-02;1.771585e-01;8.117838e-02;5.831989e-02;6.700096e-02;7.884336e-02
2.052321e-01;3.822955e-02;7.740346e-02;1.887007e-02;5.228472e-02;7.699528e-02;8.573256e-02;2.133325e-01;7.032349e-02;7.075460e-02;5.003715e-02;4.080465e-02
2.293647e-01;4.638097e-02;8.030980e-02;1.956498e-02;1.166717e-01;3.415544e-02;7.149349e-02;2.123213e-01;5.703342e-02;6.159846e-02;3.922925e-02;3.187655e-02
2.148572e-01;5.445379e-02;8.982879e-02;2.678846e-02;1.239525e-01;1.742278e-02;1.033013e-01;2.024945e-01;3.392935e-02;5.073315e-02;3.405235e-02;4.818572e-02
1.343592e-01;6.699179e-02;1.027864e-01;4.547203e-02;8.110610e-02;3.418418e-02;1.579968e-01;1.686102e-01;4.583472e-02;5.175446e-02;4.166808e-02;6.923608e-02
1.273877e-01;7.758589e-02;1.415155e-01;5.453323e-02;5.431939e-02;3.230639e-02;1.673195e-01;1.296884e-01;4.006179e-02;5.255421e-02;4.765515e-02;7.507280e-02
2.636765e-01;6.143066e-02;1.266212e-01;3.059639e-02;3.745428e-02;2.686146e-02;1.330302e-01;1.262755e-01;2.020695e-02;4.187166e-02;4.700297e-02;8.497225e-02
2.774238e-01;1.661780e-02;9.845945e-02;2.477472e-02;4.973924e-02;3.036766e-02;1.335243e-01;1.326095e-01;3.042328e-02;4.628086e-02;5.458493e-02;1.051945e-01
2.405746e-01;2.498018e-02;1.012574e-01;3.096338e-02;5.039630e-02;2.799389e-02;1.696522e-01;1.065130e-01;3.215328e-02;4.979123e-02;5.590744e-02;1.098171e-01
2.848021e-01;2.424825e-02;6.829235e-02;1.659279e-02;4.243497e-02;1.641781e-02;1.890315e-01;1.015405e-01;3.176466e-02;5.283895e-02;5.582605e-02;1.162101e-01
3.098920e-01;3.277472e-02;1.399011e-01;2.242908e-02;3.237411e-02;2.341455e-02;1.296577e-01;8.311765e-02;2.278079e-02;3.820052e-02;6.049532e-02;1.049625e-01
3.233074e-01;6.146238e-02;1.350856e-01;2.313388e-02;4.420936e-02;2.354834e-02;9.797239e-02;8.702613e-02;3.303444e-02;3.864283e-02;4.859228e-02;8.398498e-02
2.757369e-01;9.375244e-02;1.894058e-01;3.734750e-02;4.559277e-02;3.437997e-02;5.233267e-02;9.381819e-02;4.202742e-02;2.864756e-02;4.122834e-02;6.573041e-02
2.585319e-01;6.520654e-02;1.606849e-01;3.785039e-02;3.886872e-02;4.126969e-02;9.712953e-02;1.063722e-01;4.819618e-02;2.405661e-02;4.008011e-02;8.175319e-02
2.866470e-01;1.355254e-02;6.987742e-02;3.269747e-02;3.010057e-02;4.392909e-02;1.858006e-01;1.335730e-01;4.305422e-02;2.851004e-02;3.264172e-02;9.961637e-02
2.966118e-01;3.134857e-02;9.932610e-02;1.838354e-02;1.912398e-02;4.586116e-02;1.704531e-01;1.419018e-01;2.729749e-02;2.320663e-02;3.261425e-02;9.387157e-02
3.641294e-01;5.011405e-02;9.706503e-02;1.042136e-02;1.481321e-02;2.929181e-02;9.801737e-02;1.704456e-01;2.720721e-02;1.896540e-02;3.003603e-02;8.949359e-02
3.929363e-01;5.949276e-02;9.084874e-02;1.743396e-02;2.094378e-02;2.106805e-02;6.967008e-02;1.792249e-01;2.118626e-02;2.355594e-02;3.088902e-02;7.275025e-02
3.926587e-01;5.989401e-02;1.122327e-01;1.473328e-02;2.135620e-02;1.515886e-02;6.700140e-02;1.718434e-01;2.982491e-02;2.493135e-02;2.888707e-02;6.147805e-02
4.020950e-01;7.700504e-02;1.192865e-01;1.136592e-02;2.324308e-02;1.404520e-02;6.138261e-02;1.547093e-01;2.941172e-02;2.316763e-02;2.694989e-02;5.733808e-02
3.584664e-01;1.447542e-01;1.846036e-01;1.250235e-02;2.412007e-02;1.022693e-02;4.428472e-02;1.071406e-01;3.936937e-02;1.815830e-02;2.207633e-02;3.429706e-02
2.653117e-01;2.084318e-01;2.881067e-01;1.462250e-02;1.457379e-02;1.260382e-02;3.230245e-02;4.876022e-02;6.655096e-02;1.347233e-02;1.794706e-02;1.731672e-02
1.867617e-01;2.288593e-01;3.612822e-01;1.877223e-02;1.156222e-02;1.890171e-02;3.254757e-02;9.908925e-03;9.380240e-02;1.046602e-02;1.143299e-02;1.570277e-02
9.918258e-02;2.036606e-01;4.747786e-01;2.493616e-02;8.668637e-03;2.108774e-02;3.074235e-02;1.799119e-02;8.712003e-02;1.640006e-02;6.880622e-03;8.551514e-03
2.168137e-02;1.645123e-01;6.130933e-01;2.443457e-02;1.410141e-02;1.621294e-02;2.776694e-02;2.049720e-02;6.596082e-02;1.535392e-02;8.699907e-03;7.685336e-03
4.686929e-02;1.287980e-01;6.666195e-01;2.742076e-02;1.447789e-02;1.577399e-02;2.061173e-02;1.296280e-02;3.525049e-02;1.576749e-02;7.550972e-03;7.897122e-03
3.512571e-02;9.340739e-02;7.214719e-01;3.028988e-02;2.291470e-02;1.595258e-02;2.061795e-02;8.773438e-03;1.201670e-02;2.423971e-02;8.055288e-03;7.134749e-03
4.531895e-02;1.063271e-01;6.699882e-01;3.229086e-02;2.006670e-02;9.811331e-03;3.330091e-02;8.840514e-03;2.164363e-02;3.258365e-02;1.179932e-02;8.028874e-03
7.394219e-02;1.552273e-01;5.750760e-01;3.393004e-02;2.191577e-02;4.306604e-03;1.950556e-02;1.543452e-02;2.920072e-02;3.304824e-02;2.454942e-02;1.386367e-02
1.748072e-01;1.733041e-01;3.928316e-01;2.316988e-02;3.193660e-02;1.113598e-02;4.072716e-02;2.665534e-02;2.794057e-02;3.576420e-02;3.112595e-02;3.060142e-02
2.422320e-01;1.232809e-01;2.751274e-01;1.576702e-02;3.049208e-02;2.669186e-02;7.200628e-02;4.600558e-02;4.006917e-02;4.911760e-02;3.827268e-02;4.093742e-02
1.794528e-01;4.515020e-02;2.251270e-01;3.904730e-02;4.559087e-02;3.716030e-02;8.890437e-02;8.288263e-02;8.611252e-02;7.708514e-02;5.411423e-02;3.937265e-02
1.221844e-01;3.403731e-02;2.004382e-01;6.370845e-02;7.562637e-02;5.544214e-02;1.271655e-01;8.274797e-02;9.353740e-02;5.722877e-02;4.618492e-02;4.169854e-02
1.024212e-01;4.494207e-02;3.618014e-01;6.925192e-02;7.293645e-02;4.258770e-02;1.197451e-01;3.877972e-02;5.136447e-02;3.169936e-02;2.755774e-02;3.691290e-02
8.211914e-02;5.238739e-02;4.940478e-01;7.046413e-02;5.427276e-02;2.411900e-02;9.875251e-02;1.606404e-02;2.668851e-02;3.632384e-02;2.049364e-02;2.426727e-02
4.347965e-02;3.620629e-02;6.092196e-01;8.766045e-02;4.343331e-02;1.333774e-02;7.130001e-02;1.080483e-02;1.853685e-02;3.888408e-02;1.545852e-02;1.167865e-02
1.738554e-02;1.335241e-02;6.736162e-01;1.023804e-01;4.906559e-02;2.388619e-02;5.542581e-02;9.021157e-03;1.802541e-02;2.562618e-02;7.754830e-03;4.460250e-03
9.512805e-03;3.993551e-02;7.286445e-01;8.301242e-02;3.789470e-02;2.098368e-02;3.890552e-02;7.415997e-03;1.037711e-02;1.386328e-02;5.744992e-03;3.709461e-03
1.614903e-02;9.714156e-02;7.323081e-01;5.176500e-02;1.768913e-02;1.027797e-02;3.074220e-02;8.064976e-03;8.816956e-03;1.697482e-02;6.967564e-03;3.102692e-03
2.897435e-02;1.691914e-01;6.772245e-01;3.423123e-02;1.104286e-02;8.092291e-03;2.840337e-02;6.770113e-03;6.862891e-03;1.419237e-02;1.039656e-02;4.618041e-03
4.806303e-02;2.511388e-01;5.599256e-01;2.127587e-02;8.785844e-03;1.640277e-02;3.526814e-02;1.289986e-02;1.638711e-02;9.366475e-03;1.169042e-02;8.796072e-03
6.195487e-02;3.192523e-01;3.939523e-01;3.146028e-02;1.696100e-02;3.455643e-02;4.196058e-02;1.636104e-02;3.895419e-02;2.028333e-02;1.640886e-02;7.894885e-03
8.138530e-02;2.768165e-01;4.800797e-01;3.529579e-02;1.201465e-02;2.996642e-02;2.058476e-02;8.871040e-03;2.522020e-02;1.139208e-02;1.035858e-02;8.015077e-03
8.293985e-02;3.032086e-01;4.641726e-01;3.388095e-02;8.832659e-03;2.957360e-02;1.889476e-02;1.312969e-02;1.900955e-02;1.324717e-02;6.743439e-03;6.367121e-03
9.396724e-02;2.829690e-01;4.162541e-01;3.119933e-02;1.675821e-02;3.786464e-02;2.251359e-02;1.440276e-02;5.285100e-02;1.751348e-02;6.255099e-03;7.451549e-03
1.475330e-01;2.532102e-01;3.679112e-01;2.317764e-02;1.257340e-02;3.788783e-02;2.293006e-02;1.432977e-02;7.207422e-02;2.455747e-02;1.315176e-02;1.066346e-02
2.733017e-01;2.142797e-01;2.427333e-01;1.868640e-02;2.115366e-02;2.035941e-02;2.030793e-02;4.069769e-02;6.443430e-02;2.952616e-02;2.285720e-02;3.166252e-02
3.595978e-01;1.361887e-01;1.546437e-01;2.352269e-02;3.123753e-02;1.089778e-02;5.231555e-02;7.396301e-02;3.942298e-02;3.224420e-02;2.666028e-02;5.930567e-02
3.082912e-01;7.480594e-02;1.089539e-01;3.078456e-02;2.715430e-02;3.289317e-02;1.116635e-01;8.764035e-02;3.236017e-02;4.421459e-02;5.301007e-02;8.822836e-02
1.780124e-01;6.172510e-02;7.476715e-02;2.525471e-02;2.909676e-02;6.381740e-02;1.827953e-01;7.741938e-02;4.515229e-02;6.141948e-02;1.113460e-01;8.919410e-02
9.626634e-02;4.361536e-02;5.597356e-02;2.325574e-02;3.368598e-02;1.025067e-01;1.717055e-01;5.024601e-02;7.347158e-02;1.000554e-01;1.725709e-01;7.664699e-02
9.144812e-02;3.016186e-02;3.879691e-02;1.407301e-02;5.128706e-02;1.334110e-01;9.874656e-02;5.392851e-02;7.080158e-02;1.404799e-01;2.046186e-01;7.224685e-02
5.243546e-02;1.878940e-02;6.358624e-02;1.924788e-02;6.496901e-02;1.365375e-01;1.038779e-01;4.597287e-02;5.825009e-02;1.688827e-01;2.239262e-01;4.352475e-02
2.507855e-02;3.240588e-02;8.935457e-02;1.840661e-02;7.086913e-02;1.173364e-01;8.006548e-02;3.252000e-02;4.808101e-02;1.932762e-01;2.418005e-01;5.080567e-02
6.700554e-02;4.651426e-02;8.471861e-02;2.445901e-02;7.612445e-02;1.051449e-01;7.890664e-02;2.543384e-02;4.400988e-02;1.836131e-01;2.120037e-01;5.206612e-02
7.380281e-02;6.877024e-02;4.522347e-02;3.294353e-02;8.143161e-02;9.407935e-02;5.394044e-02;4.293896e-02;4.203639e-02;2.161154e-01;2.082071e-01;4.051068e-02
3.303075e-02;8.448776e-02;6.198221e-02;2.976429e-02;5.459883e-02;7.997473e-02;4.766751e-02;4.465060e-02;5.467524e-02;2.266139e-01;2.345752e-01;4.797894e-02
6.524420e-02;6.477506e-02;1.189756e-01;3.164368e-02;3.928337e-02;5.610367e-02;5.868570e-02;2.115250e-02;4.809405e-02;2.049205e-01;2.314428e-01;5.967888e-02
5.812414e-02;3.523079e-02;7.582442e-02;4.344160e-02;4.760862e-02;4.440485e-02;7.101104e-02;3.104695e-02;5.969977e-02;2.229665e-01;2.390657e-01;7.157569e-02
6.699824e-02;4.173163e-02;5.937878e-02;2.736635e-02;4.436481e-02;3.452007e-02;9.762999e-02;4.112646e-02;6.839880e-02;2.298490e-01;2.172753e-01;7.136063e-02
4.420296e-02;4.586912e-02;6.462151e-02;2.426787e-02;7.151174e-02;3.696353e-02;1.110750e-01;4.293630e-02;7.336334e-02;2.370977e-01;1.872594e-01;6.083157e-02
