7.861296e-02;6.509964e-02;3.207562e-02;3.554420e-02;5.150183e-02;3.575236e-02;9.617115e-02;1.185942e-01;5.230815e-02;5.298969e-02;2.066793e-01;1.746709e-01
7.677551e-02;4.803476e-02;1.662531e-02;6.289689e-02;6.157902e-02;5.337054e-02;9.178086e-02;6.372032e-02;8.792199e-02;4.625104e-02;1.958372e-01;1.952066e-01
6.750208e-02;3.761619e-02;2.990790e-02;7.235704e-02;7.431313e-02;4.836986e-02;9.508035e-02;7.312497e-02;1.270146e-01;2.441464e-02;1.838729e-01;1.664264e-01
6.088912e-02;2.691261e-02;5.238834e-02;5.927408e-02;8.777808e-02;3.749448e-02;1.081365e-01;1.094934e-01;1.369786e-01;3.451794e-02;1.404486e-01;1.456882e-01
8.815151e-02;3.133390e-02;7.235587e-02;4.589183e-02;9.525049e-02;6.039979e-02;1.381474e-01;1.038295e-01;1.388852e-01;3.508208e-02;7.256192e-02;1.181105e-01
1.076255e-01;3.997865e-02;6.801952e-02;3.801116e-02;8.857636e-02;7.841530e-02;1.812264e-01;4.109018e-02;9.247809e-02;2.488300e-02;1.293552e-01;1.103407e-01
1.062641e-01;8.344910e-02;5.463901e-02;2.769648e-02;6.927089e-02;6.237305e-02;1.848857e-01;2.758173e-02;2.116880e-02;2.077666e-02;1.913853e-01;1.505093e-01
8.327600e-02;1.190163e-01;4.499653e-02;2.135123e-02;4.599227e-02;5.035327e-02;1.684003e-01;9.258841e-02;2.974626e-02;2.212190e-02;1.963869e-01;1.257706e-01
1.359891e-01;1.565622e-01;3.043598e-02;3.372562e-02;4.820241e-02;5.326325e-02;1.328532e-01;1.195751e-01;6.707567e-02;3.708890e-02;9.427033e-02;9.095833e-02
1.328177e-01;9.539528e-02;3.204892e-02;5.806448e-02;7.687188e-02;4.329108e-02;1.353165e-01;1.358203e-01;8.173648e-02;5.180546e-02;8.670775e-02;7.012407e-02
1.301355e-01;5.490739e-02;3.745510e-02;5.165907e-02;7.611141e-02;4.924434e-02;1.351126e-01;1.150207e-01;6.001719e-02;5.023257e-02;1.749937e-01;6.511042e-02
1.374800e-01;6.134847e-02;5.927071e-02;5.033326e-02;7.746627e-02;4.725640e-02;1.254991e-01;1.319851e-01;3.115324e-02;4.546242e-02;1.594798e-01;7.326530e-02
1.407671e-01;1.052281e-01;5.070051e-02;5.975616e-02;5.023377e-02;5.267494e-02;8.632062e-02;1.438885e-01;4.454646e-02;4.563630e-02;1.604964e-01;5.975121e-02
1.104740e-01;1.487734e-01;4.722335e-02;5.890184e-02;4.894710e-02;4.872172e-02;8.978250e-02;1.707566e-01;3.877474e-02;5.292290e-02;1.253239e-01;5.939787e-02
1.205931e-01;1.275680e-01;4.101523e-02;3.320411e-02;2.968214e-02;2.699654e-02;1.278694e-01;1.223846e-01;4.413106e-02;6.780957e-02;1.817058e-01;7.704035e-02
7.802504e-02;8.364456e-02;4.154243e-02;4.839737e-02;2.479569e-02;4.317006e-02;1.439198e-01;1.614055e-01;4.809512e-02;8.893251e-02;1.741082e-01;6.396364e-02
9.392389e-02;7.422361e-02;4.508268e-02;9.732997e-02;6.513768e-02;5.741968e-02;1.350981e-01;1.847685e-01;4.359648e-02;7.727047e-02;6.861547e-02;5.753354e-02
8.047692e-02;8.116324e-02;3.804057e-02;1.228573e-01;7.460502e-02;6.179979e-02;9.835952e-02;1.217552e-01;4.526844e-02;7.779691e-02;1.165054e-01;8.137172e-02
7.829644e-02;8.139727e-02;7.336210e-02;1.149380e-01;6.238142e-02;5.172402e-02;9.956731e-02;8.640580e-02;4.160622e-02;8.550411e-02;1.390759e-01;8.574138e-02
8.659168e-02;1.236079e-01;8.841285e-02;6.925835e-02;6.811261e-02;4.861632e-02;1.150532e-01;1.061914e-01;4.796261e-02;7.081693e-02;1.268788e-01;4.849724e-02
1.367072e-01;1.427888e-01;4.690308e-02;4.351259e-02;4.095810e-02;4.449276e-02;1.378835e-01;8.818344e-02;2.932822e-02;5.227646e-02;2.102796e-01;2.668633e-02
1.311322e-01;1.218925e-01;2.446021e-02;1.513350e-02;1.272635e-02;2.899070e-02;2.067133e-01;1.916585e-01;1.700986e-02;3.281640e-02;1.921116e-01;2.535495e-02
8.552821e-02;1.292426e-01;2.329723e-02;5.972181e-03;5.468204e-03;2.597230e-02;2.493151e-01;2.788067e-01;1.459127e-02;1.877519e-02;1.159209e-01;4.711010e-02
3.258968e-02;1.289065e-01;3.106071e-02;6.781106e-03;3.076216e-03;1.910919e-02;2.875711e-01;3.677669e-01;1.153062e-02;9.159216e-03;2.654908e-02;7.589969e-02
2.753318e-02;1.225194e-01;4.596194e-02;8.809529e-03;3.025789e-03;1.602223e-02;2.729111e-01;3.852166e-01;9.150016e-03;5.123167e-03;2.124889e-02;8.247817e-02
3.250516e-02;1.098869e-01;6.532397e-02;3.337143e-02;1.033639e-02;1.375705e-02;2.413343e-01;3.876543e-01;1.756105e-02;9.430409e-03;1.248742e-02;6.635153e-02
4.008590e-02;5.444343e-02;6.846293e-02;8.250447e-02;4.208925e-02;2.418122e-02;2.098318e-01;3.509891e-01;4.162978e-02;2.292241e-02;3.041835e-02;3.244132e-02
4.597970e-02;1.709102e-02;4.382978e-02;1.109130e-01;7.210762e-02;4.993434e-02;1.751736e-01;2.446242e-01;6.882838e-02;5.628081e-02;1.055937e-01;9.643873e-03
3.632095e-02;2.090601e-02;1.817331e-02;8.622224e-02;5.731676e-02;4.493522e-02;1.443316e-01;1.922975e-01;7.804769e-02;1.191484e-01;1.817319e-01;2.056834e-02
2.777300e-02;3.867130e-02;1.991235e-02;4.800230e-02;7.155374e-02;3.853248e-02;1.203846e-01;1.425900e-01;5.915096e-02;1.627094e-01;2.462172e-01;2.450274e-02
5.386438e-02;3.722550e-02;2.136994e-02;2.962911e-02;4.528271e-02;2.657566e-02;1.348870e-01;1.845479e-01;3.175585e-02;1.347848e-01;2.777995e-01;2.227764e-02
6.829402e-02;3.366834e-02;2.152466e-02;2.372395e-02;4.058145e-02;2.845662e-02;1.860577e-01;2.442642e-01;1.792804e-02;7.844669e-02;2.374569e-01;1.959732e-02
7.571984e-02;5.027065e-02;2.248340e-02;2.415859e-02;3.668998e-02;4.043268e-02;2.614097e-01;2.379569e-01;1.836615e-02;4.232176e-02;1.527818e-01;3.740846e-02
7.528769e-02;4.834827e-02;1.978905e-02;5.519989e-02;3.482556e-02;6.361159e-02;3.167552e-01;1.394316e-01;5.550730e-02;5.358811e-02;7.925626e-02;5.839944e-02
9.329516e-02;3.269137e-02;2.411203e-02;8.265615e-02;3.432805e-02;6.390030e-02;2.295582e-01;1.411549e-01;6.888193e-02;4.718360e-02;1.289193e-01;5.331903e-02
1.010747e-01;5.461073e-02;3.805400e-02;7.573811e-02;2.780968e-02;6.261107e-02;1.977315e-01;1.743489e-01;5.922687e-02;5.216732e-02;1.133069e-01;4.332026e-02
1.021231e-01;7.325772e-02;4.377167e-02;6.778350e-02;5.059393e-02;6.938169e-02;1.298039e-01;2.428490e-01;5.380362e-02;4.235053e-02;1.041823e-01;2.009895e-02
1.125987e-01;9.728994e-02;4.875879e-02;3.708954e-02;3.751202e-02;7.187957e-02;1.331712e-01;1.775382e-01;6.874303e-02;4.086808e-02;1.427234e-01;3.182762e-02
1.324138e-01;8.003678e-02;5.449919e-02;4.834513e-02;3.851929e-02;4.660135e-02;1.304436e-01;2.030613e-01;7.755061e-02;5.008288e-02;1.084451e-01;3.000099e-02
1.003153e-01;1.013612e-01;5.298565e-02;8.442579e-02;4.497272e-02;3.840528e-02;1.483556e-01;1.958577e-01;5.682463e-02;5.259326e-02;9.401519e-02;2.988770e-02
1.870849e-01;1.394738e-01;3.897684e-02;3.254336e-02;2.265595e-02;2.819373e-02;9.419101e-02;1.211118e-01;4.536393e-02;3.980468e-02;2.335309e-01;1.706900e-02
1.929861e-01;1.194098e-01;2.837435e-02;1.014084e-02;1.546216e-02;2.029357e-02;6.955006e-02;8.141897e-02;3.638438e-02;4.698926e-02;3.668331e-01;1.215743e-02
1.132221e-01;6.247240e-02;2.414897e-02;1.509066e-02;2.139789e-02;1.227467e-02;1.016963e-01;1.571785e-01;3.709803e-02;5.496653e-02;3.890486e-01;1.140528e-02
6.954660e-02;6.033594e-02;3.004272e-02;2.382440e-02;2.180533e-02;1.511805e-02;1.797986e-01;2.890446e-01;3.665321e-02;4.375441e-02;2.129978e-01;1.707834e-02
7.035366e-02;8.002985e-02;2.829206e-02;2.011686e-02;1.451972e-02;2.773873e-02;2.908846e-01;3.236654e-01;2.141945e-02;2.803414e-02;7.268703e-02;2.225850e-02
4.188639e-02;1.016227e-01;2.502795e-02;1.865586e-02;1.481110e-02;3.585900e-02;3.793482e-01;2.701353e-01;1.937532e-02;2.696655e-02;5.202799e-02;1.428360e-02
6.556369e-02;1.302561e-01;3.088971e-02;3.788970e-02;3.100267e-02;3.517029e-02;3.228062e-01;2.046780e-01;2.546529e-02;2.797829e-02;6.909755e-02;1.920252e-02
9.409075e-02;1.564882e-01;5.046770e-02;6.373316e-02;5.650522e-02;4.009206e-02;2.055994e-01;2.035255e-01;3.134040e-02;3.942865e-02;3.204476e-02;2.668413e-02
1.192520e-01;1.074476e-01;4.081261e-02;4.279837e-02;5.958719e-02;4.681140e-02;1.889643e-01;1.676994e-01;3.291422e-02;4.145247e-02;1.108896e-01;4.137081e-02
1.280066e-01;7.144406e-02;2.999015e-02;4.534607e-02;2.882030e-02;4.682961e-02;2.059228e-01;1.281012e-01;4.474063e-02;4.841536e-02;1.568467e-01;6.553649e-02
1.187989e-01;5.391705e-02;2.063603e-02;3.850755e-02;4.503350e-02;4.658839e-02;1.843502e-01;1.155847e-01;4.736560e-02;6.074264e-02;2.024405e-01;6.603490e-02
1.464074e-01;9.965655e-02;2.435930e-02;4.843391e-02;6.527052e-02;3.460151e-02;1.434855e-01;1.393134e-01;7.851265e-02;6.349254e-02;7.909498e-02;7.737176e-02
1.358309e-01;1.224398e-01;2.513446e-02;4.361288e-02;4.627085e-02;3.630560e-02;1.168418e-01;1.417828e-01;6.528982e-02;5.635886e-02;1.479567e-01;6.217555e-02
1.362446e-01;6.782646e-02;3.493787e-02;2.962662e-02;3.370888e-02;3.990600e-02;2.167691e-01;1.360961e-01;6.022860e-02;6.324083e-02;1.377287e-01;4.368623e-02
6.219989e-02;1.011118e-01;4.027962e-02;2.338573e-02;2.026591e-02;4.746837e-02;2.299150e-01;2.400539e-01;6.000800e-02;6.784911e-02;6.956754e-02;3.789506e-02
2.656789e-02;9.296823e-02;3.234659e-02;1.834571e-02;2.615952e-02;3.749441e-02;2.477769e-01;3.033906e-01;5.684970e-02;4.946022e-02;8.258280e-02;2.605746e-02
2.859911e-02;8.913883e-02;2.027538e-02;1.581988e-02;2.325846e-02;3.290352e-02;3.101856e-01;2.714368e-01;5.411331e-02;3.433243e-02;1.017017e-01;1.823502e-02
4.036506e-02;9.193300e-02;1.264369e-02;2.297755e-02;1.483963e-02;4.159544e-02;3.618467e-01;1.842717e-01;5.267286e-02;3.372863e-02;1.219618e-01;2.116393e-02
7.021683e-02;8.925485e-02;1.075937e-02;4.603766e-02;1.105457e-02;7.645339e-02;3.312469e-01;1.196776e-01;4.339762e-02;6.029492e-02;1.150971e-01;2.650920e-02
1.149643e-01;8.535227e-02;1.385317e-02;6.931958e-02;2.452038e-02;1.213043e-01;2.363152e-01;1.184654e-01;1.550722e-02;8.555298e-02;9.103530e-02;2.380998e-02
1.294407e-01;8.350295e-02;1.864903e-02;6.732153e-02;4.038310e-02;1.289842e-01;2.292141e-01;1.009318e-01;2.713512e-02;6.942850e-02;8.226015e-02;2.274884e-02
1.394936e-01;9.544758e-02;2.692252e-02;4.939972e-02;3.948896e-02;1.227162e-01;2.105373e-01;1.250171e-01;2.901102e-02;4.618106e-02;8.828083e-02;2.750411e-02
1.433719e-01;7.928441e-02;3.661567e-02;2.301012e-02;2.339371e-02;9.590909e-02;2.604655e-01;1.365433e-01;3.402087e-02;3.693146e-02;1.115935e-01;1.886045e-02
1.263206e-01;8.844497e-02;3.119917e-02;3.499444e-02;1.426777e-02;7.394997e-02;3.185846e-01;1.314503e-01;6.091361e-02;3.835849e-02;6.233944e-02;1.917667e-02
8.727552e-02;1.117900e-01;2.190933e-02;3.455668e-02;1.586246e-02;5.900209e-02;2.598376e-01;1.823794e-01;6.188592e-02;5.428614e-02;9.473356e-02;1.648138e-02
9.330358e-02;8.471975e-02;2.718161e-02;5.286839e-02;3.449821e-02;9.908842e-02;2.394976e-01;1.346084e-01;3.808037e-02;4.836005e-02;1.269682e-01;2.082549e-02
1.096887e-01;1.046007e-01;3.442216e-02;4.845866e-02;4.910422e-02;8.859888e-02;2.005605e-01;1.390915e-01;3.883012e-02;4.680936e-02;1.109898e-01;2.884532e-02
6.152341e-02;1.204466e-01;4.945028e-02;7.092972e-02;4.663771e-02;6.292315e-02;1.368803e-01;1.980059e-01;3.586128e-02;4.101951e-02;1.359234e-01;4.039865e-02
6.650649e-02;1.111289e-01;5.454540e-02;8.137339e-02;3.982720e-02;5.354334e-02;1.825722e-01;2.115113e-01;2.562603e-02;3.004828e-02;1.078580e-01;3.545957e-02
8.996572e-02;1.176559e-01;3.771160e-02;7.071102e-02;4.498012e-02;6.443945e-02;2.797476e-01;1.651302e-01;1.656831e-02;2.791568e-02;6.479164e-02;2.038272e-02
1.186712e-01;1.010073e-01;1.843449e-02;6.692357e-02;4.749927e-02;9.326036e-02;3.364613e-01;1.137410e-01;9.868613e-03;5.154724e-02;3.109868e-02;1.148695e-02
1.584319e-01;5.608031e-02;1.077909e-02;5.132180e-02;4.283619e-02;1.347097e-01;3.002443e-01;8.805865e-02;2.225520e-02;9.562062e-02;3.082713e-02;8.835106e-03
1.828827e-01;2.485207e-02;1.602408e-02;1.492480e-02;4.145262e-02;1.644330e-01;1.943446e-01;8.824677e-02;5.995862e-02;1.572701e-01;4.546813e-02;1.014237e-02
1.621634e-01;3.627748e-02;1.400933e-02;2.168847e-02;4.028130e-02;1.234232e-01;1.346713e-01;9.325647e-02;1.155552e-01;1.678167e-01;7.721294e-02;1.364421e-02
1.496916e-01;3.681017e-02;3.004370e-02;8.334256e-03;3.791190e-02;9.414581e-02;1.433176e-01;7.511974e-02;1.689483e-01;1.376041e-01;9.955484e-02;1.851809e-02
1.378850e-01;3.804549e-02;3.728846e-02;1.809937e-02;5.238391e-02;1.126079e-01;1.602539e-01;5.310839e-02;1.661476e-01;9.951891e-02;9.990324e-02;2.475781e-02
1.148941e-01;5.077050e-02;3.885265e-02;2.124933e-02;5.606720e-02;8.899750e-02;1.589651e-01;8.681825e-02;1.290011e-01;6.171416e-02;1.542980e-01;3.837210e-02
1.578820e-01;9.673166e-02;3.055240e-02;2.275860e-02;3.885154e-02;6.187022e-02;1.512367e-01;1.263536e-01;7.511243e-02;3.977114e-02;1.644474e-01;3.443236e-02
1.888695e-01;1.560865e-01;3.378257e-02;1.227533e-02;2.579545e-02;6.773598e-02;1.770328e-01;1.136736e-01;4.248359e-02;3.590456e-02;1.281760e-01;1.818413e-02
1.921663e-01;1.302994e-01;4.969220e-02;2.251391e-02;3.661035e-02;8.175441e-02;1.318910e-01;6.146858e-02;5.054156e-02;4.283103e-02;1.665702e-01;3.366112e-02
1.635905e-01;5.977034e-02;5.959434e-02;4.928787e-02;6.397367e-02;9.120672e-02;1.103648e-01;4.654154e-02;7.148350e-02;4.046141e-02;1.805968e-01;6.312849e-02
1.113784e-01;3.803990e-02;5.714561e-02;5.911268e-02;9.457888e-02;7.769512e-02;1.263750e-01;5.490424e-02;7.992546e-02;3.019731e-02;1.507647e-01;1.198827e-01
9.919386e-02;5.431674e-02;6.071369e-02;4.723994e-02;8.798739e-02;7.596345e-02;1.678582e-01;7.984604e-02;7.233064e-02;3.366295e-02;1.019134e-01;1.189737e-01
1.007868e-01;5.492856e-02;6.018769e-02;3.531753e-02;5.560855e-02;8.045747e-02;2.050417e-01;8.180828e-02;6.772619e-02;5.368727e-02;1.307825e-01;7.366735e-02
1.037545e-01;4.275335e-02;5.362972e-02;4.605292e-02;4.945591e-02;7.042556e-02;1.954037e-01;5.997789e-02;7.596008e-02;4.583482e-02;1.877946e-01;6.895690e-02
1.069339e-01;6.413265e-02;4.678042e-02;3.494615e-02;4.280806e-02;6.784316e-02;2.029350e-01;6.664222e-02;7.221465e-02;2.772089e-02;2.149233e-01;5.211964e-02
9.730975e-02;1.358519e-01;4.302502e-02;4.624877e-02;3.574122e-02;6.785709e-02;2.259301e-01;8.084784e-02;4.955283e-02;3.729665e-02;1.344830e-01;4.585580e-02
1.653536e-01;1.214897e-01;3.608609e-02;5.870188e-02;6.153904e-02;6.908840e-02;1.667175e-01;9.533197e-02;4.936385e-02;5.168529e-02;9.269543e-02;3.194728e-02
1.343874e-01;6.392461e-02;3.792315e-02;4.794002e-02;8.281188e-02;9.029574e-02;1.178958e-01;8.125488e-02;7.579890e-02;6.566361e-02;1.663914e-01;3.571260e-02
1.087439e-01;8.836975e-02;4.157037e-02;5.605506e-02;6.576564e-02;8.048023e-02;1.134710e-01;9.509285e-02;8.699030e-02;8.795509e-02;1.244613e-01;5.104449e-02
1.210913e-01;1.102464e-01;5.940330e-02;4.839500e-02;5.183894e-02;6.909916e-02;1.321528e-01;9.785662e-02;1.016992e-01;6.431942e-02;8.823142e-02;5.566650e-02
1.191968e-01;9.677244e-02;5.588090e-02;4.481919e-02;8.506591e-02;7.873339e-02;1.575000e-01;8.231997e-02;9.818403e-02;7.689842e-02;6.573221e-02;3.889670e-02
8.098379e-02;7.327304e-02;4.870045e-02;8.453432e-02;1.248249e-01;3.958230e-02;1.227774e-01;1.379127e-01;9.701274e-02;7.587504e-02;7.717442e-02;3.734895e-02
8.513220e-02;6.914198e-02;5.669989e-02;7.963075e-02;8.955178e-02;3.832121e-02;1.012883e-01;1.816279e-01;9.865142e-02;6.745650e-02;8.532877e-02;4.716925e-02
6.144494e-02;8.257708e-02;5.418256e-02;1.249093e-01;6.736725e-02;7.333037e-02;9.479000e-02;1.844651e-01;8.880447e-02;5.462569e-02;7.300849e-02;4.049473e-02
5.090286e-02;1.040076e-01;5.955950e-02;1.484436e-01;4.093382e-02;1.013768e-01;1.277041e-01;1.250901e-01;8.763272e-02;6.345113e-02;6.459446e-02;2.630328e-02
4.928618e-02;1.435762e-01;5.418969e-02;9.980184e-02;6.382479e-02;1.140043e-01;1.335064e-01;7.055088e-02;7.463320e-02;9.663494e-02;7.989094e-02;2.010065e-02
4.581161e-02;1.211320e-01;5.342986e-02;6.676498e-02;8.779884e-02;9.376648e-02;9.860086e-02;9.637594e-02;9.131186e-02;1.313753e-01;8.503816e-02;2.859410e-02
4.437513e-02;7.145758e-02;1.313798e-01;9.268931e-02;7.416733e-02;6.574880e-02;9.677552e-02;1.090190e-01;1.125412e-01;1.216809e-01;5.992289e-02;2.024247e-02
4.078477e-02;3.969522e-02;1.814226e-01;1.685092e-01;3.147722e-02;4.051950e-02;1.009026e-01;1.080857e-01;1.335139e-01;7.008756e-02;7.237966e-02;1.262200e-02
3.291520e-02;3.426562e-02;1.505656e-01;1.939202e-01;4.284322e-02;4.366343e-02;1.006986e-01;1.125495e-01;1.417080e-01;6.016384e-02;7.309519e-02;1.361147e-02
5.333928e-02;7.075893e-02;1.147996e-01;1.250572e-01;7.389127e-02;5.096865e-02;7.155943e-02;1.251209e-01;1.493392e-01;8.769299e-02;6.308908e-02;1.438345e-02
5.114793e-02;6.973291e-02;8.022576e-02;6.622592e-02;6.753077e-02;5.055771e-02;1.079449e-01;1.363840e-01;1.575338e-01;1.554072e-01;4.387190e-02;1.343716e-02
5.700626e-02;4.705867e-02;4.493330e-02;6.830836e-02;4.390679e-02;4.206457e-02;1.758654e-01;1.802899e-01;9.850808e-02;1.718961e-01;5.106232e-02;1.910024e-02
1.051656e-01;9.504144e-02;2.506843e-02;4.093261e-02;4.038980e-02;4.136671e-02;2.026855e-01;2.236156e-01;5.636641e-02;6.230342e-02;8.609188e-02;2.097259e-02
1.480133e-01;1.287078e-01;1.980762e-02;2.195920e-02;2.236449e-02;4.787844e-02;2.970299e-01;1.755472e-01;1.456315e-02;2.463532e-02;9.007968e-02;9.413802e-03
1.078244e-01;1.222363e-01;1.459183e-02;1.089631e-02;1.591356e-02;5.633786e-02;3.666556e-01;2.120449e-01;1.029761e-02;1.666148e-02;6.398651e-02;2.553630e-03
4.816315e-02;1.239659e-01;8.900614e-03;6.411198e-03;1.643140e-02;6.362773e-02;4.323011e-01;2.367540e-01;1.177149e-02;1.062301e-02;3.983283e-02;1.217678e-03
3.458187e-02;1.323485e-01;9.105934e-03;1.004383e-02;2.378940e-02;5.501775e-02;4.220410e-01;2.550686e-01;1.044455e-02;9.485310e-03;3.522965e-02;2.843587e-03
2.218813e-02;1.384391e-01;1.244926e-02;1.304596e-02;2.489088e-02;3.650117e-02;3.947468e-01;3.129867e-01;8.697037e-03;9.586287e-03;2.082252e-02;5.646234e-03
1.819799e-02;1.127608e-01;2.001358e-02;1.576296e-02;1.664733e-02;2.995645e-02;3.436487e-01;3.879838e-01;1.156841e-02;1.481710e-02;1.577236e-02;1.287053e-02
1.162308e-02;6.698306e-02;2.667982e-02;1.409463e-02;7.549420e-03;3.658701e-02;3.121688e-01;4.493976e-01;1.938513e-02;1.964387e-02;1.533578e-02;2.055181e-02
1.976673e-02;3.742265e-02;2.923270e-02;1.347973e-02;1.083346e-02;3.997607e-02;3.045846e-01;4.393740e-01;1.804161e-02;1.777413e-02;4.645355e-02;2.306080e-02
2.674734e-02;5.240067e-02;2.622833e-02;2.231278e-02;1.465143e-02;3.643095e-02;3.000914e-01;3.917876e-01;1.915568e-02;2.037451e-02;7.152084e-02;1.829845e-02
5.126276e-02;3.778878e-02;1.938578e-02;5.172075e-02;1.503929e-02;3.052243e-02;2.692755e-01;3.537538e-01;4.096891e-02;2.866300e-02;9.118844e-02;1.043050e-02
8.338849e-02;2.094696e-02;1.630166e-02;9.318548e-02;1.472692e-02;2.854634e-02;2.099093e-01;3.026952e-01;7.994399e-02;5.332986e-02;9.100518e-02;6.020554e-03
7.649547e-02;3.874619e-02;2.919540e-02;6.580984e-02;1.595718e-02;2.967304e-02;2.310225e-01;2.298728e-01;7.288173e-02;6.771437e-02;1.336046e-01;9.027011e-03
7.056134e-02;3.578765e-02;4.008255e-02;3.123345e-02;2.966784e-02;4.045618e-02;2.047434e-01;1.875930e-01;5.457998e-02;9.640365e-02;1.961105e-01;1.278043e-02
8.754091e-02;6.044465e-02;3.112040e-02;2.035863e-02;4.631506e-02;3.719407e-02;1.526651e-01;1.081575e-01;3.822781e-02;1.226683e-01;2.650559e-01;3.025163e-02
1.136097e-01;8.851380e-02;2.541017e-02;2.199820e-02;4.239931e-02;2.984172e-02;1.187662e-01;1.260695e-01;1.786640e-02;8.233886e-02;3.081726e-01;2.501354e-02
1.254240e-01;1.104256e-01;2.721145e-02;2.756281e-02;6.994081e-02;4.336507e-02;1.020673e-01;1.051829e-01;1.740009e-02;5.678769e-02;2.917005e-01;2.293183e-02
7.879680e-02;8.955833e-02;2.471478e-02;2.155707e-02;1.276964e-01;6.522185e-02;8.658130e-02;1.083630e-01;2.086529e-02;8.852793e-02;2.598997e-01;2.821756e-02
5.016745e-02;5.747098e-02;1.133434e-02;2.082129e-02;1.612631e-01;6.198498e-02;7.128926e-02;1.033326e-01;2.318204e-02;1.801606e-01;2.037397e-01;5.525373e-02
6.856985e-02;3.975916e-02;1.340416e-02;2.678862e-02;1.017754e-01;4.154809e-02;7.839866e-02;1.375953e-01;6.200510e-02;1.783734e-01;1.944245e-01;5.735775e-02
8.299252e-02;4.120966e-02;3.120320e-02;4.970137e-02;6.232454e-02;3.262834e-02;9.907424e-02;1.811547e-01;1.191195e-01;1.378352e-01;1.239648e-01;3.879191e-02
9.432666e-02;4.540090e-02;3.961930e-02;4.616518e-02;3.192247e-02;3.094153e-02;1.492132e-01;1.899965e-01;1.387223e-01;8.970415e-02;9.678739e-02;4.720044e-02
1.008110e-01;7.163236e-02;4.178349e-02;2.926526e-02;2.333359e-02;4.483271e-02;2.145421e-01;1.210151e-01;1.056758e-01;6.319138e-02;1.267362e-01;5.718105e-02
9.378297e-02;6.822693e-02;3.786615e-02;4.049342e-02;1.641695e-02;4.977433e-02;2.280413e-01;1.247001e-01;5.289051e-02;9.403047e-02;1.484295e-01;4.534730e-02
1.004084e-01;6.764067e-02;3.247151e-02;1.565146e-02;2.416114e-02;4.866113e-02;2.234366e-01;1.428359e-01;5.464137e-02;9.958401e-02;1.616308e-01;2.887706e-02
8.491969e-02;6.937911e-02;2.602889e-02;2.520216e-02;2.426178e-02;4.939653e-02;2.126917e-01;2.012492e-01;7.179237e-02;5.490285e-02;1.473440e-01;3.283175e-02
7.510959e-02;4.345867e-02;3.909059e-02;3.409491e-02;2.323997e-02;4.339089e-02;2.326829e-01;2.078259e-01;8.230222e-02;5.555655e-02;1.314466e-01;3.180115e-02
1.220793e-01;3.068060e-02;4.968022e-02;4.606848e-02;2.894821e-02;4.620225e-02;1.855505e-01;1.394579e-01;8.487754e-02;6.352007e-02;1.633513e-01;3.958371e-02
1.342170e-01;1.017751e-01;4.478287e-02;3.557282e-02;4.993301e-02;8.222917e-02;2.023969e-01;1.249974e-01;5.172401e-02;4.092462e-02;1.026636e-01;2.878347e-02
8.810309e-02;1.449557e-01;4.338944e-02;2.521102e-02;4.645914e-02;7.238260e-02;2.233856e-01;2.044046e-01;2.868231e-02;2.473534e-02;7.649756e-02;2.179359e-02
6.853484e-02;1.663335e-01;3.934745e-02;1.672260e-02;3.268617e-02;6.079074e-02;2.414282e-01;2.462245e-01;1.687011e-02;1.874837e-02;8.036811e-02;1.194540e-02
7.576564e-02;1.208058e-01;2.131642e-02;5.572832e-03;1.489840e-02;8.810703e-02;3.464296e-01;2.028627e-01;1.028435e-02;1.557440e-02;9.340754e-02;4.975239e-03
5.426045e-02;8.143044e-02;1.504248e-02;6.450512e-03;1.686514e-02;1.035488e-01;4.376887e-01;2.025375e-01;8.273105e-03;1.163464e-02;6.020081e-02;2.067489e-03
2.851638e-02;5.116322e-02;9.332262e-03;6.291810e-03;9.538726e-03;9.720594e-02;5.110751e-01;2.470042e-01;7.681546e-03;6.631743e-03;2.321704e-02;2.342034e-03
5.027239e-02;2.962087e-02;5.208198e-03;7.519601e-03;1.301022e-02;7.825655e-02;5.108072e-01;2.815046e-01;6.487026e-03;8.625461e-03;6.640376e-03;2.047517e-03
8.154532e-02;5.535612e-02;2.865164e-03;8.196335e-03;2.080680e-02;7.071366e-02;4.561714e-01;2.664349e-01;9.617912e-03;1.943036e-02;6.225858e-03;2.636167e-03
1.483095e-01;1.148202e-01;4.277129e-03;9.022130e-03;2.307712e-02;7.464711e-02;3.805384e-01;1.931391e-01;1.800372e-02;2.787349e-02;4.520481e-03;1.771592e-03
2.343828e-01;2.274646e-01;9.246146e-03;1.807686e-02;3.457807e-02;7.237965e-02;2.552817e-01;7.952276e-02;2.764419e-02;2.403952e-02;1.508500e-02;2.298687e-03
2.737439e-01;2.916028e-01;2.104357e-02;2.097110e-02;3.641638e-02;6.882296e-02;1.756665e-01;4.377514e-02;3.223658e-02;1.579890e-02;1.674134e-02;3.180853e-03
2.874710e-01;2.427283e-01;2.470192e-02;2.527634e-02;2.256958e-02;8.529352e-02;1.812670e-01;5.934952e-02;2.594081e-02;1.759301e-02;2.201264e-02;5.796285e-03
2.572392e-01;1.146815e-01;2.431111e-02;1.855487e-02;1.974213e-02;1.181194e-01;2.402127e-01;9.210896e-02;2.372205e-02;3.835934e-02;3.864357e-02;1.430523e-02
1.852711e-01;6.257723e-02;3.363846e-02;1.562847e-02;2.544341e-02;1.154833e-01;2.175909e-01;9.534654e-02;5.339404e-02;7.194094e-02;8.328047e-02;4.040517e-02
1.415402e-01;6.592140e-02;4.356511e-02;1.585369e-02;3.311994e-02;9.295037e-02;1.633859e-01;6.898866e-02;9.105615e-02;1.058023e-01;1.201497e-01;5.766655e-02
1.312395e-01;4.627338e-02;5.314880e-02;1.726488e-02;3.354886e-02;7.617892e-02;1.275872e-01;4.498383e-02;1.099686e-01;1.445240e-01;1.666216e-01;4.866033e-02
1.428094e-01;3.451371e-02;6.792210e-02;2.015116e-02;4.255820e-02;5.927827e-02;1.187002e-01;2.607086e-02;1.418035e-01;1.318184e-01;1.767803e-01;3.759379e-02
1.524084e-01;2.621526e-02;8.015002e-02;3.110410e-02;4.457133e-02;5.100565e-02;9.929196e-02;2.095328e-02;1.797144e-01;8.015664e-02;1.749315e-01;5.949742e-02
1.692949e-01;2.769317e-02;6.862474e-02;2.749689e-02;4.291546e-02;6.490269e-02;9.020550e-02;2.658308e-02;1.782558e-01;7.583953e-02;1.603859e-01;6.780231e-02
2.177527e-01;2.344201e-02;5.035683e-02;2.147156e-02;3.734725e-02;9.091198e-02;1.045530e-01;4.317960e-02;1.414601e-01;1.200006e-01;1.054734e-01;4.405105e-02
2.379892e-01;1.703436e-02;2.884930e-02;4.092787e-02;4.236453e-02;1.100439e-01;1.276676e-01;5.353521e-02;8.129054e-02;1.619011e-01;4.907251e-02;4.932385e-02
2.228035e-01;2.425128e-02;1.163280e-02;3.972774e-02;3.980654e-02;1.092375e-01;1.348157e-01;5.801108e-02;6.064526e-02;1.977050e-01;3.344157e-02;6.792209e-02
2.000085e-01;2.867580e-02;1.055020e-02;5.163416e-02;2.800746e-02;1.028756e-01;1.531578e-01;5.905601e-02;7.005796e-02;1.838129e-01;1.536584e-02;9.679768e-02
2.003502e-01;5.334149e-02;1.411587e-02;6.327750e-02;1.889542e-02;1.081806e-01;1.794427e-01;5.591838e-02;5.127253e-02;1.394625e-01;1.857351e-02;9.716928e-02
2.282670e-01;7.961506e-02;2.081981e-02;5.098822e-02;2.740158e-02;1.086733e-01;2.242167e-01;6.723412e-02;1.641099e-02;7.192672e-02;2.503805e-02;7.940839e-02
2.620187e-01;9.698386e-02;2.420446e-02;3.071170e-02;2.755030e-02;9.046752e-02;2.205947e-01;7.055978e-02;1.632510e-02;3.417377e-02;7.381980e-02;5.259027e-02
2.609834e-01;1.114277e-01;2.141916e-02;2.096489e-02;2.109549e-02;7.092965e-02;1.987699e-01;8.223418e-02;9.445452e-03;2.020507e-02;1.505004e-01;3.202474e-02
2.384387e-01;1.201192e-01;2.256933e-02;1.678966e-02;2.073864e-02;6.590094e-02;1.726613e-01;7.806212e-02;2.282851e-02;3.284681e-02;1.876239e-01;2.142090e-02
1.976703e-01;6.514742e-02;2.646985e-02;1.767972e-02;2.669549e-02;7.460617e-02;3.280489e-01;1.095753e-01;2.326946e-02;3.567255e-02;7.247262e-02;2.269224e-02
1.440121e-01;6.676438e-02;1.610988e-02;1.502886e-02;2.246071e-02;7.978380e-02;4.344880e-01;9.257968e-02;1.602607e-02;1.932118e-02;7.196061e-02;2.146470e-02
5.357420e-02;5.636693e-02;1.967401e-02;2.015599e-02;1.708956e-02;4.641946e-02;4.101250e-01;2.348252e-01;2.136224e-02;2.835169e-02;7.865695e-02;1.339875e-02
7.906045e-02;7.788433e-02;2.122460e-02;1.566898e-02;1.377483e-02;4.512705e-02;3.723397e-01;2.626526e-01;1.510699e-02;1.838487e-02;6.481589e-02;1.395979e-02
8.308962e-02;1.118413e-01;1.515303e-02;8.020958e-03;1.092652e-02;5.689479e-02;3.880667e-01;2.341245e-01;9.344328e-03;9.675682e-03;4.977302e-02;2.308948e-02
1.182767e-01;1.231321e-01;9.803819e-03;1.198524e-02;1.489781e-02;7.350110e-02;3.770288e-01;1.745569e-01;5.994438e-03;1.742935e-02;4.048187e-02;3.291187e-02
1.944321e-01;1.120382e-01;1.015257e-02;1.732145e-02;1.732812e-02;9.176427e-02;3.322495e-01;1.132192e-01;8.172956e-03;2.597014e-02;4.935750e-02;2.799405e-02
2.687259e-01;6.010253e-02;7.396621e-03;1.424129e-02;2.875505e-02;1.264016e-01;3.269086e-01;5.686672e-02;1.476554e-02;2.568071e-02;5.200522e-02;1.815021e-02
2.390303e-01;4.624933e-02;1.208931e-02;1.115494e-02;2.746592e-02;1.267682e-01;3.411334e-01;1.134348e-01;9.319206e-03;2.851902e-02;3.001152e-02;1.482420e-02
2.458986e-01;7.120863e-02;2.153625e-02;2.341263e-02;2.637133e-02;1.148731e-01;3.082573e-01;1.184405e-01;9.688097e-03;3.038767e-02;1.403357e-02;1.589226e-02
2.725362e-01;5.339962e-02;3.424279e-02;2.799005e-02;3.514844e-02;1.074779e-01;1.993690e-01;1.307312e-01;3.420392e-02;3.761032e-02;4.642416e-02;2.086634e-02
1.625290e-01;5.448914e-02;3.728248e-02;2.479696e-02;3.719199e-02;1.290512e-01;3.024324e-01;9.016065e-02;4.238199e-02;3.485048e-02;5.471860e-02;3.011516e-02
1.487682e-01;5.971968e-02;2.356919e-02;2.291687e-02;2.816031e-02;1.452775e-01;3.460322e-01;1.004939e-01;2.449731e-02;3.540122e-02;4.220632e-02;2.295730e-02
1.395522e-01;8.546846e-02;1.665841e-02;1.794818e-02;1.949275e-02;1.045749e-01;3.731303e-01;1.547232e-01;2.586172e-02;3.030235e-02;2.462783e-02;7.659692e-03
9.699688e-02;1.423366e-01;1.544947e-02;1.480446e-02;2.203410e-02;6.304973e-02;3.708909e-01;2.036486e-01;1.922778e-02;1.470159e-02;2.516798e-02;1.169200e-02
5.669964e-02;1.703208e-01;1.824793e-02;1.569933e-02;2.884301e-02;4.740905e-02;3.236875e-01;2.710012e-01;1.352769e-02;7.860548e-03;3.118496e-02;1.551841e-02
2.605575e-02;1.806628e-01;3.285429e-02;1.967953e-02;2.183687e-02;3.390725e-02;2.974670e-01;3.217697e-01;9.333114e-03;1.185470e-02;1.837834e-02;2.620061e-02
3.010277e-02;1.977308e-01;4.493539e-02;1.576019e-02;1.002894e-02;2.268919e-02;2.835984e-01;3.239860e-01;9.715553e-03;1.540183e-02;1.645620e-02;2.959474e-02
4.930998e-02;1.988641e-01;4.818378e-02;1.004881e-02;7.029292e-03;1.826298e-02;2.739041e-01;3.169449e-01;1.299215e-02;1.768469e-02;1.896330e-02;2.781193e-02
5.400332e-02;1.716454e-01;4.574724e-02;1.282846e-02;6.230318e-03;2.020584e-02;2.937785e-01;3.159144e-01;1.479924e-02;1.869729e-02;1.824326e-02;2.790674e-02
9.933168e-02;1.604576e-01;3.309473e-02;2.070899e-02;1.849002e-02;3.570786e-02;3.032681e-01;2.574113e-01;1.248492e-02;1.655108e-02;2.174954e-02;2.074429e-02
1.163574e-01;1.961705e-01;2.227877e-02;2.076901e-02;2.431784e-02;4.555785e-02;3.279087e-01;1.500095e-01;1.622640e-02;1.678693e-02;5.074288e-02;1.287426e-02
8.157525e-02;1.662088e-01;2.811792e-02;2.123160e-02;1.357604e-02;3.167068e-02;3.123251e-01;1.789982e-01;2.049659e-02;1.846698e-02;1.038724e-01;2.346055e-02
8.105291e-02;1.163987e-01;3.011690e-02;2.531761e-02;1.801420e-02;3.537613e-02;2.906208e-01;2.356354e-01;2.006797e-02;1.862301e-02;1.028631e-01;2.591329e-02
8.196589e-02;1.098299e-01;2.339233e-02;2.752097e-02;1.768958e-02;3.693978e-02;3.415932e-01;2.540525e-01;1.721331e-02;1.967366e-02;5.273323e-02;1.739564e-02
4.774131e-02;7.194195e-02;1.614443e-02;2.415789e-02;9.050597e-03;2.246927e-02;3.789173e-01;3.508311e-01;1.356222e-02;2.066817e-02;3.975677e-02;4.759063e-03
3.185928e-02;4.602416e-02;9.833955e-03;2.766928e-02;1.620755e-02;2.079875e-02;3.962743e-01;3.931303e-01;9.585533e-03;1.591862e-02;2.826830e-02;4.429913e-03
1.870043e-02;5.738180e-02;6.588924e-03;2.257467e-02;2.429716e-02;3.532796e-02;4.324093e-01;3.457076e-01;1.510308e-02;1.068576e-02;2.689318e-02;4.330130e-03
3.279335e-02;6.910497e-02;5.797105e-03;1.217302e-02;1.968082e-02;5.102931e-02;4.635989e-01;2.802761e-01;2.244452e-02;8.645594e-03;2.667218e-02;7.784127e-03
5.715346e-02;6.914828e-02;8.196023e-03;1.834661e-02;2.250896e-02;7.205554e-02;4.687846e-01;2.100410e-01;2.084899e-02;1.595088e-02;2.330231e-02;1.366336e-02
1.071341e-01;4.710049e-02;8.389171e-03;2.884751e-02;4.019270e-02;1.063992e-01;4.619953e-01;1.416394e-01;1.209864e-02;2.451695e-02;9.369513e-03;1.231696e-02
1.442008e-01;3.374876e-02;1.572664e-02;2.311649e-02;5.107633e-02;1.256052e-01;4.328090e-01;5.122479e-02;1.290806e-02;2.594397e-02;7.427277e-02;9.367269e-03
1.461916e-01;4.769380e-02;2.397267e-02;1.876410e-02;3.853603e-02;8.503596e-02;3.266144e-01;1.329462e-01;1.388048e-02;1.296297e-02;1.373352e-01;1.606649e-02
1.434606e-01;8.263024e-02;3.328864e-02;2.858274e-02;3.519736e-02;6.468447e-02;2.265500e-01;1.291936e-01;2.023194e-02;1.153852e-02;2.030867e-01;2.155513e-02
6.081107e-02;1.048248e-01;4.101544e-02;6.933895e-02;6.142725e-02;4.031551e-02;8.222987e-02;1.168308e-01;5.582578e-02;1.872748e-02;3.281007e-01;2.055232e-02
6.891744e-02;1.101902e-01;4.379660e-02;8.026037e-02;7.102749e-02;3.597375e-02;5.681013e-02;9.004588e-02;7.712878e-02;2.746366e-02;3.262236e-01;1.216216e-02
5.369100e-02;1.474522e-01;5.963685e-02;6.297744e-02;6.786563e-02;4.297459e-02;9.785959e-02;8.912636e-02;8.293077e-02;4.597668e-02;2.422213e-01;7.287652e-03
7.591871e-02;1.933144e-01;6.999741e-02;5.550902e-02;7.977383e-02;4.914314e-02;1.279075e-01;7.654222e-02;6.237565e-02;5.365400e-02;1.487101e-01;7.153983e-03
8.549789e-02;2.578827e-01;5.987343e-02;3.334203e-02;6.667075e-02;3.745017e-02;8.770075e-02;1.161356e-01;7.394731e-02;4.572356e-02;1.228282e-01;1.294758e-02
1.074273e-01;3.229019e-01;5.034996e-02;3.401285e-02;5.531015e-02;3.730829e-02;7.364349e-02;1.143669e-01;8.196601e-02;5.028298e-02;5.221283e-02;2.021738e-02
1.225875e-01;3.068638e-01;3.395134e-02;5.671179e-02;8.951568e-02;4.441990e-02;4.878299e-02;1.245875e-01;8.886024e-02;4.556775e-02;1.415141e-02;2.400009e-02
1.467121e-01;2.792958e-01;3.024685e-02;6.347751e-02;1.054687e-01;4.205771e-02;4.109841e-02;1.203732e-01;7.537185e-02;3.653286e-02;3.934686e-02;2.001822e-02
1.657301e-01;2.452204e-01;2.719203e-02;5.241952e-02;8.378012e-02;2.773603e-02;8.110534e-02;1.734082e-01;4.413280e-02;4.832967e-02;3.665413e-02;1.429156e-02
1.952192e-01;1.976941e-01;2.108048e-02;3.049236e-02;4.427892e-02;2.542946e-02;1.413713e-01;2.143138e-01;3.318755e-02;5.670738e-02;2.872480e-02;1.150057e-02
1.701193e-01;1.185967e-01;1.967118e-02;1.898147e-02;1.794705e-02;4.513759e-02;2.140054e-01;2.253822e-01;3.302609e-02;5.178626e-02;7.621162e-02;9.134958e-03
1.394401e-01;5.470574e-02;2.249706e-02;3.237342e-02;2.442740e-02;5.595385e-02;2.466947e-01;2.219432e-01;3.525934e-02;4.989061e-02;9.878948e-02;1.802512e-02
1.182187e-01;6.215108e-02;3.082794e-02;4.404500e-02;4.496601e-02;6.050553e-02;1.980982e-01;1.553165e-01;7.970659e-02;1.068952e-01;7.191155e-02;2.735775e-02
7.343458e-02;3.884594e-02;4.038923e-02;5.779032e-02;5.520125e-02;7.479917e-02;1.709179e-01;1.429607e-01;8.480133e-02;1.224037e-01;1.101380e-01;2.831791e-02
6.332275e-02;7.152329e-02;5.654320e-02;6.791222e-02;6.755825e-02;1.005748e-01;1.473499e-01;1.141880e-01;6.056228e-02;1.051253e-01;1.164443e-01;2.889564e-02
1.102100e-01;1.543336e-01;4.936551e-02;5.056556e-02;5.978278e-02;8.091062e-02;1.454668e-01;1.051196e-01;5.327722e-02;8.521397e-02;7.267926e-02;3.307503e-02
1.486081e-01;1.509967e-01;3.237045e-02;2.958900e-02;2.848629e-02;5.750847e-02;1.493297e-01;1.130947e-01;2.551761e-02;4.760253e-02;1.887319e-01;2.816460e-02
1.672241e-01;1.518155e-01;2.695305e-02;2.014142e-02;1.610738e-02;3.332282e-02;1.275385e-01;1.118883e-01;1.875588e-02;4.267592e-02;2.635997e-01;1.997740e-02
1.403988e-01;1.479879e-01;3.325433e-02;1.398875e-02;1.939131e-02;2.467705e-02;1.357276e-01;9.075958e-02;2.683652e-02;4.841427e-02;3.093537e-01;9.210085e-03
1.170838e-01;1.134865e-01;4.500004e-02;1.664020e-02;2.804537e-02;3.127613e-02;1.270091e-01;9.487355e-02;3.399416e-02;4.553177e-02;3.307689e-01;1.629056e-02
1.518765e-01;1.124409e-01;4.239090e-02;1.713688e-02;3.114148e-02;2.919244e-02;1.489305e-01;9.017928e-02;3.815193e-02;2.968329e-02;2.793500e-01;2.952588e-02
