1.125556e-01;9.643324e-02;2.039166e-01;3.633798e-02;8.737803e-02;8.310606e-02;1.115742e-01;2.873611e-02;3.659379e-02;7.992600e-02;8.144578e-02;4.199655e-02
6.836231e-02;7.835478e-02;1.930611e-01;5.541281e-02;6.221175e-02;7.077765e-02;2.067937e-01;3.502361e-02;4.058011e-02;6.231839e-02;8.821462e-02;3.888914e-02
1.441846e-01;7.269105e-02;1.450403e-01;7.095816e-02;6.380381e-02;4.934955e-02;2.212881e-01;4.760488e-02;2.543211e-02;3.783989e-02;5.886291e-02;6.294463e-02
2.345116e-01;1.006659e-01;1.285981e-01;6.461918e-02;8.287290e-02;3.213944e-02;1.545914e-01;6.060214e-02;2.479833e-02;3.489240e-02;3.233906e-02;4.936961e-02
3.050995e-01;1.159373e-01;1.438341e-01;5.246487e-02;9.162605e-02;2.131490e-02;1.031901e-01;5.888064e-02;1.715781e-02;1.996006e-02;3.195148e-02;3.858320e-02
3.380379e-01;1.168856e-01;1.151048e-01;2.582809e-02;7.521509e-02;3.483736e-02;1.189627e-01;4.626384e-02;2.552338e-02;2.257228e-02;3.582675e-02;4.494216e-02
3.298365e-01;1.176838e-01;9.538300e-02;3.152684e-02;5.362868e-02;3.461320e-02;1.525718e-01;3.292588e-02;3.008184e-02;3.305233e-02;3.270196e-02;5.599422e-02
3.050075e-01;9.756841e-02;9.788314e-02;4.452417e-02;5.646306e-02;3.656483e-02;1.486734e-01;3.239400e-02;3.711924e-02;4.798477e-02;4.045242e-02;5.536510e-02
2.813984e-01;3.790985e-02;9.858707e-02;4.237209e-02;8.767234e-02;4.608754e-02;1.055920e-01;5.070176e-02;5.082751e-02;7.558037e-02;6.309016e-02;6.018084e-02
2.528780e-01;1.174316e-01;8.714727e-02;2.555230e-02;9.830057e-02;3.888880e-02;8.470229e-02;6.245876e-02;5.055119e-02;7.100834e-02;6.191320e-02;4.916770e-02
2.103773e-01;1.178734e-01;7.977765e-02;2.836829e-02;1.046699e-01;2.779956e-02;1.016850e-01;5.974708e-02;6.209622e-02;7.789880e-02;6.286966e-02;6.683715e-02
1.304613e-01;9.981944e-02;8.488110e-02;4.866464e-02;8.979349e-02;2.943799e-02;1.148758e-01;6.396700e-02;7.526505e-02;8.711556e-02;9.534109e-02;8.037750e-02
9.951615e-02;6.242321e-02;1.064612e-01;7.369014e-02;7.784751e-02;4.099862e-02;9.484790e-02;4.182110e-02;6.106165e-02;7.737219e-02;1.643657e-01;9.959459e-02
1.544840e-01;9.402399e-02;1.368119e-01;6.933700e-02;6.392203e-02;6.690618e-02;5.138925e-02;2.718871e-02;6.683113e-02;6.378600e-02;1.150591e-01;9.026068e-02
1.994728e-01;8.527920e-02;1.424271e-01;4.525070e-02;6.409489e-02;4.452705e-02;8.503912e-02;3.480593e-02;6.709632e-02;5.781342e-02;4.844341e-02;1.257501e-01
1.532881e-01;1.113635e-01;2.056644e-01;4.267769e-02;4.923325e-02;3.127641e-02;6.122797e-02;3.924292e-02;5.177996e-02;5.818987e-02;6.971411e-02;1.263419e-01
1.011395e-01;1.411403e-01;2.536418e-01;4.671146e-02;3.310559e-02;2.774752e-02;3.597298e-02;4.616209e-02;5.437740e-02;7.148597e-02;8.028957e-02;1.082257e-01
1.479577e-01;1.355801e-01;1.992630e-01;3.211392e-02;3.127160e-02;3.886208e-02;7.964621e-02;4.098719e-02;6.505035e-02;8.380159e-02;6.393801e-02;8.152826e-02
1.715866e-01;1.071981e-01;1.355016e-01;3.299561e-02;4.533230e-02;5.076746e-02;1.127118e-01;4.655312e-02;7.321938e-02;8.954389e-02;5.687247e-02;7.771762e-02
1.210048e-01;7.976724e-02;1.283617e-01;4.773128e-02;5.939322e-02;6.920823e-02;1.331350e-01;5.728453e-02;6.648869e-02;7.668176e-02;6.405409e-02;9.688947e-02
9.402997e-02;6.420732e-02;1.307735e-01;5.602722e-02;6.466530e-02;8.816987e-02;1.419368e-01;6.729904e-02;4.613715e-02;7.646158e-02;9.480923e-02;7.548304e-02
1.143207e-01;1.028560e-01;1.181196e-01;8.244016e-02;5.511808e-02;8.213148e-02;7.977691e-02;8.548707e-02;2.792182e-02;9.713930e-02;8.634429e-02;6.834468e-02
1.073872e-01;9.455211e-02;1.373567e-01;5.360921e-02;8.659025e-02;7.531058e-02;1.231223e-01;5.730344e-02;5.164919e-02;8.295529e-02;7.953158e-02;5.063218e-02
1.464135e-01;1.036979e-01;1.295790e-01;4.124174e-02;9.432543e-02;5.915352e-02;9.530351e-02;7.502604e-02;3.365293e-02;9.018837e-02;7.947417e-02;5.194377e-02
1.659793e-01;9.476735e-02;9.251507e-02;5.343893e-02;9.271943e-02;4.332740e-02;8.160792e-02;7.789698e-02;2.946147e-02;9.229673e-02;1.034541e-01;7.253534e-02
1.762612e-01;6.771591e-02;5.877334e-02;7.728785e-02;9.719724e-02;3.557467e-02;9.672624e-02;7.180788e-02;2.878974e-02;7.136745e-02;1.107958e-01;1.077026e-01
1.604137e-01;4.184410e-02;6.906375e-02;1.141046e-01;9.953854e-02;4.479565e-02;1.267444e-01;6.090928e-02;3.881861e-02;5.822843e-02;7.044160e-02;1.150974e-01
1.367720e-01;2.886672e-02;1.344452e-01;1.413717e-01;8.818600e-02;4.512809e-02;1.254672e-01;5.655574e-02;3.525570e-02;6.869026e-02;4.814686e-02;9.111440e-02
1.257563e-01;6.814332e-02;1.968303e-01;1.008778e-01;6.142236e-02;3.058146e-02;1.141022e-01;3.878809e-02;2.788363e-02;6.142715e-02;6.725316e-02;1.069343e-01
9.839099e-02;1.044922e-01;2.197546e-01;5.968865e-02;4.289077e-02;2.581877e-02;1.129651e-01;3.501908e-02;3.749943e-02;4.907456e-02;8.190576e-02;1.325000e-01
1.410160e-01;1.147253e-01;1.837320e-01;6.925199e-02;4.099370e-02;2.737605e-02;7.248791e-02;3.823051e-02;3.914747e-02;5.817492e-02;7.921135e-02;1.356528e-01
7.394113e-02;6.721374e-02;2.044641e-01;1.020233e-01;5.543501e-02;4.383553e-02;1.484749e-01;4.088455e-02;2.841186e-02;7.923654e-02;5.021378e-02;1.058656e-01
1.285331e-01;7.164768e-02;1.247999e-01;1.057264e-01;5.372764e-02;4.016295e-02;1.575235e-01;4.403386e-02;2.038984e-02;7.425658e-02;5.682172e-02;1.223768e-01
1.318432e-01;1.051994e-01;1.492430e-01;8.121461e-02;6.280020e-02;2.983305e-02;1.626206e-01;4.125671e-02;2.145912e-02;6.171997e-02;5.608158e-02;9.672841e-02
1.430714e-01;1.104179e-01;1.359137e-01;5.644064e-02;5.794162e-02;2.879442e-02;1.925337e-01;5.433559e-02;3.253814e-02;6.235211e-02;4.573610e-02;7.992477e-02
1.134888e-01;1.033082e-01;8.672743e-02;8.535068e-02;6.409866e-02;6.903396e-02;1.356580e-01;6.088445e-02;4.376126e-02;6.586690e-02;6.132657e-02;1.104951e-01
5.571572e-02;1.031732e-01;1.937305e-01;7.604556e-02;7.984792e-02;6.471851e-02;6.717459e-02;3.931686e-02;3.911756e-02;8.214183e-02;7.973348e-02;1.192843e-01
7.164139e-02;9.667306e-02;2.280747e-01;6.405900e-02;7.684861e-02;4.847867e-02;7.234357e-02;2.845891e-02;3.202740e-02;1.057451e-01;9.339330e-02;8.225640e-02
7.826455e-02;9.973919e-02;2.469649e-01;6.148727e-02;6.057007e-02;4.056279e-02;8.229010e-02;4.062208e-02;4.192367e-02;1.111375e-01;9.426907e-02;4.216884e-02
1.129526e-01;1.020660e-01;2.236594e-01;5.744854e-02;4.590181e-02;3.881123e-02;9.864023e-02;4.984558e-02;6.120597e-02;1.030622e-01;7.613540e-02;3.027104e-02
1.245214e-01;1.069380e-01;1.936924e-01;5.569942e-02;4.915219e-02;3.933264e-02;9.544253e-02;5.608234e-02;8.641453e-02;7.823636e-02;6.906071e-02;4.542749e-02
9.721874e-02;1.068981e-01;2.156674e-01;4.493162e-02;4.760705e-02;7.964586e-02;6.607836e-02;6.066012e-02;1.239043e-01;7.463723e-02;3.675202e-02;4.599927e-02
1.268741e-01;1.010126e-01;1.592910e-01;5.313216e-02;4.924642e-02;7.451294e-02;7.555562e-02;5.734879e-02;1.315701e-01;8.948661e-02;3.476258e-02;4.720711e-02
1.744740e-01;8.343834e-02;7.656533e-02;6.748705e-02;5.188620e-02;7.330639e-02;9.395565e-02;5.279733e-02;1.406295e-01;1.081019e-01;2.748009e-02;4.987823e-02
1.905423e-01;5.004834e-02;3.840895e-02;9.191340e-02;5.635265e-02;6.814811e-02;1.005099e-01;5.101496e-02;1.275199e-01;1.235937e-01;4.572482e-02;5.622295e-02
1.763940e-01;4.428752e-02;6.859576e-02;1.049181e-01;5.239972e-02;5.114644e-02;1.030415e-01;4.352410e-02;9.262837e-02;1.238169e-01;7.555043e-02;6.369707e-02
1.456911e-01;6.326158e-02;1.316096e-01;9.641065e-02;4.063622e-02;3.479895e-02;1.129547e-01;3.717505e-02;6.611608e-02;9.418679e-02;1.089830e-01;6.817640e-02
7.497714e-02;7.605578e-02;1.944272e-01;8.421260e-02;3.826519e-02;3.595949e-02;1.390002e-01;3.178269e-02;7.303181e-02;6.364051e-02;1.251411e-01;6.350628e-02
6.715244e-02;9.449351e-02;2.062094e-01;6.096665e-02;5.323710e-02;4.531677e-02;1.339217e-01;2.927903e-02;5.530408e-02;9.065486e-02;1.082940e-01;5.517049e-02
6.968597e-02;1.195501e-01;1.707002e-01;6.199322e-02;6.542672e-02;4.897168e-02;1.643939e-01;2.723811e-02;3.069681e-02;8.668942e-02;9.627437e-02;5.837952e-02
1.146731e-01;1.170326e-01;1.597830e-01;7.331310e-02;6.731998e-02;3.923813e-02;1.732459e-01;3.350850e-02;4.974043e-02;4.311294e-02;8.175943e-02;4.727287e-02
7.436913e-02;9.711430e-02;1.363154e-01;7.647721e-02;6.929222e-02;7.187160e-02;2.254384e-01;2.752771e-02;4.629904e-02;6.056800e-02;8.059496e-02;3.413209e-02
1.407007e-01;9.210637e-02;1.113169e-01;8.612056e-02;6.434609e-02;7.617980e-02;1.454511e-01;4.821200e-02;3.870739e-02;9.784631e-02;5.127605e-02;4.773680e-02
1.091381e-01;9.032115e-02;1.499215e-01;6.144821e-02;6.228008e-02;5.362706e-02;1.428645e-01;4.878398e-02;4.148180e-02;7.276861e-02;5.581412e-02;1.115509e-01
2.173923e-01;7.311771e-02;1.114188e-01;4.005102e-02;4.308784e-02;3.497902e-02;1.800762e-01;4.187191e-02;3.706869e-02;4.981379e-02;5.371336e-02;1.174093e-01
3.335645e-01;1.097330e-01;5.478255e-02;3.760435e-02;3.069928e-02;3.331357e-02;1.429978e-01;4.438050e-02;4.762568e-02;4.892909e-02;2.973704e-02;8.663267e-02
3.306186e-01;1.176512e-01;5.481857e-02;4.289995e-02;3.147584e-02;2.919149e-02;1.228736e-01;4.397354e-02;4.080763e-02;4.470207e-02;4.448103e-02;9.650648e-02
2.914919e-01;1.107683e-01;8.424804e-02;6.036272e-02;2.970322e-02;2.082407e-02;1.251389e-01;3.701989e-02;3.147563e-02;3.325518e-02;4.961887e-02;1.260934e-01
2.063850e-01;7.988267e-02;1.232741e-01;6.756771e-02;3.645096e-02;2.377738e-02;1.284534e-01;4.568079e-02;4.175008e-02;4.804600e-02;6.705497e-02;1.316769e-01
9.644394e-02;3.947633e-02;1.942888e-01;5.915869e-02;4.328328e-02;2.960677e-02;1.219026e-01;5.848110e-02;5.495857e-02;8.762296e-02;1.210198e-01;9.375709e-02
8.108162e-02;7.541390e-02;2.058661e-01;5.259288e-02;4.046530e-02;3.203170e-02;8.481874e-02;6.069568e-02;5.546554e-02;1.124747e-01;1.532728e-01;4.582104e-02
1.715062e-01;7.444765e-02;1.649620e-01;5.564376e-02;3.130070e-02;3.039631e-02;7.019249e-02;5.563317e-02;5.183926e-02;1.146973e-01;1.301388e-01;4.924235e-02
2.058159e-01;8.161402e-02;8.793435e-02;7.255691e-02;3.995151e-02;4.197433e-02;1.440111e-01;5.563770e-02;6.015716e-02;9.192547e-02;4.965708e-02;6.876445e-02
1.627562e-01;9.598649e-02;8.485585e-02;7.215792e-02;5.217357e-02;4.867528e-02;1.213929e-01;4.175312e-02;6.835576e-02;9.640593e-02;7.028770e-02;8.519933e-02
1.267786e-01;6.825388e-02;1.478877e-01;6.936254e-02;7.090796e-02;4.674938e-02;1.215899e-01;4.225191e-02;7.392643e-02;8.474065e-02;8.033905e-02;6.721199e-02
8.198410e-02;2.892561e-02;2.264847e-01;7.195877e-02;8.145010e-02;4.393808e-02;1.203323e-01;4.703810e-02;7.482524e-02;7.405545e-02;5.131362e-02;9.769390e-02
3.463956e-02;8.446199e-02;2.472875e-01;6.359305e-02;6.276675e-02;4.572896e-02;1.037566e-01;3.687119e-02;5.735885e-02;6.559995e-02;6.495018e-02;1.329854e-01
7.772747e-02;1.124686e-01;2.213944e-01;5.323980e-02;4.208213e-02;4.438649e-02;8.737783e-02;3.254439e-02;3.391090e-02;7.304011e-02;8.442445e-02;1.374034e-01
1.569915e-01;1.175910e-01;2.093984e-01;5.118744e-02;4.798871e-02;4.331066e-02;6.994244e-02;4.284129e-02;2.721300e-02;6.602584e-02;7.009936e-02;9.741040e-02
2.178819e-01;8.304673e-02;1.590242e-01;6.154025e-02;6.546577e-02;3.680313e-02;7.889321e-02;4.378381e-02;4.395066e-02;6.330594e-02;5.426740e-02;9.203693e-02
1.207663e-01;4.145723e-02;1.506637e-01;5.713111e-02;8.295377e-02;3.987142e-02;1.375458e-01;5.420792e-02;5.994433e-02;5.270891e-02;7.188956e-02;1.308600e-01
9.494237e-02;5.792056e-02;3.068537e-01;6.766296e-02;6.593457e-02;3.892105e-02;1.091624e-01;3.291301e-02;5.710573e-02;3.927403e-02;7.034485e-02;5.896485e-02
1.211591e-01;9.914719e-02;2.483445e-01;9.503181e-02;6.368026e-02;4.777507e-02;9.810504e-02;4.144638e-02;4.363388e-02;3.806000e-02;7.272245e-02;3.089439e-02
1.205404e-01;9.043159e-02;1.395353e-01;6.717853e-02;5.917498e-02;5.104496e-02;9.765533e-02;1.038574e-01;7.850024e-02;7.088199e-02;6.349310e-02;5.770608e-02
5.912961e-02;4.690954e-02;1.253712e-01;5.107093e-02;5.232329e-02;4.256931e-02;1.371320e-01;1.357044e-01;1.039853e-01;1.194470e-01;6.449758e-02;6.185979e-02
4.364719e-02;8.837460e-02;1.785022e-01;6.155210e-02;4.282178e-02;3.640153e-02;1.221619e-01;1.110555e-01;8.748683e-02;1.099245e-01;7.754598e-02;4.052589e-02
1.006539e-01;1.074663e-01;2.637990e-01;7.223444e-02;4.257174e-02;4.056329e-02;6.716693e-02;5.176008e-02;4.921858e-02;5.958259e-02;6.667444e-02;7.830857e-02
1.152462e-01;7.960870e-02;2.467278e-01;8.441297e-02;5.548924e-02;4.213522e-02;1.106669e-01;3.296177e-02;5.546850e-02;4.623949e-02;4.787869e-02;8.316454e-02
8.930016e-02;7.387579e-02;2.589086e-01;8.002497e-02;4.817599e-02;7.250620e-02;1.228246e-01;3.080546e-02;5.948294e-02;4.478029e-02;7.523523e-02;4.407970e-02
6.014495e-02;9.903552e-02;2.631429e-01;6.497215e-02;4.113971e-02;9.292786e-02;1.115259e-01;6.769507e-02;6.786018e-02;3.566686e-02;7.101101e-02;2.487793e-02
1.136577e-01;1.452111e-01;1.673172e-01;4.535867e-02;7.544181e-02;8.173756e-02;9.240341e-02;9.476808e-02;6.692914e-02;4.572970e-02;4.700197e-02;2.444366e-02
1.612746e-01;2.116240e-01;8.370991e-02;5.704223e-02;8.957530e-02;5.130504e-02;6.156940e-02;1.075701e-01;4.687317e-02;5.976016e-02;4.242076e-02;2.727527e-02
1.151202e-01;2.410858e-01;1.706124e-01;3.435328e-02;8.584515e-02;3.750081e-02;4.982603e-02;1.076148e-01;2.578634e-02;6.873180e-02;4.618860e-02;1.733476e-02
6.479697e-02;2.159296e-01;2.214106e-01;4.225574e-02;6.793068e-02;5.318737e-02;8.190162e-02;1.126843e-01;2.223284e-02;6.107079e-02;4.562051e-02;1.097892e-02
2.978440e-02;1.465188e-01;2.920792e-01;5.563692e-02;5.877161e-02;7.613050e-02;1.198359e-01;8.605934e-02;2.054221e-02;5.197475e-02;5.026700e-02;1.239934e-02
4.379924e-02;7.635413e-02;2.916091e-01;6.857391e-02;5.429713e-02;1.194386e-01;1.658058e-01;5.226927e-02;2.507566e-02;3.891585e-02;4.508238e-02;1.877888e-02
5.402655e-02;7.788730e-02;2.154329e-01;7.568114e-02;5.026989e-02;1.287627e-01;1.778624e-01;1.025378e-01;1.815394e-02;2.867834e-02;4.843258e-02;2.227440e-02
7.526947e-02;1.118355e-01;1.309645e-01;7.736970e-02;8.462177e-02;9.744082e-02;1.359544e-01;1.266690e-01;5.630779e-02;5.197006e-02;3.940839e-02;1.218865e-02
1.242447e-01;1.160996e-01;6.239754e-02;8.429067e-02;1.066704e-01;6.207485e-02;1.104454e-01;1.185990e-01;6.083724e-02;7.427948e-02;4.157488e-02;3.848622e-02
1.516043e-01;8.136802e-02;1.027158e-01;8.728524e-02;1.066122e-01;6.717947e-02;9.661493e-02;9.198999e-02;5.040201e-02;8.072048e-02;3.225936e-02;5.124816e-02
1.133507e-01;4.017330e-02;1.486913e-01;8.976985e-02;1.252886e-01;1.054294e-01;9.475334e-02;9.631832e-02;4.635487e-02;5.818420e-02;2.962643e-02;5.205977e-02
9.393375e-02;5.422490e-02;1.464582e-01;8.513612e-02;1.459916e-01;1.134537e-01;7.386041e-02;9.745879e-02;5.598500e-02;5.202284e-02;3.342762e-02;4.804706e-02
1.182477e-01;1.161416e-01;1.864832e-01;5.860424e-02;8.723059e-02;7.342868e-02;9.641169e-02;7.610059e-02;4.119378e-02;6.880157e-02;3.473070e-02;4.262567e-02
1.507463e-01;1.566102e-01;1.863820e-01;6.127340e-02;5.424475e-02;3.723597e-02;1.071314e-01;6.442917e-02;3.215199e-02;7.432418e-02;3.277852e-02;4.269221e-02
1.140531e-01;1.136644e-01;1.633462e-01;6.145106e-02;8.385862e-02;5.727350e-02;1.491283e-01;4.716211e-02;3.864678e-02;7.328437e-02;6.100352e-02;3.712815e-02
5.655938e-02;4.463829e-02;1.730175e-01;7.896057e-02;1.171887e-01;6.406270e-02;1.989159e-01;6.203821e-02;4.315700e-02;7.598072e-02;5.350387e-02;3.197702e-02
8.067753e-02;9.273975e-02;1.394706e-01;7.072757e-02;1.019995e-01;5.281960e-02;1.652823e-01;7.916594e-02;3.323119e-02;7.947161e-02;5.662148e-02;4.779287e-02
1.350221e-01;1.784638e-01;1.575761e-01;4.128426e-02;7.163170e-02;4.834622e-02;9.744829e-02;5.309889e-02;4.794484e-02;6.467598e-02;5.095754e-02;5.355027e-02
1.553812e-01;1.640325e-01;2.178986e-01;4.883610e-02;6.042258e-02;6.743077e-02;9.274003e-02;4.036687e-02;4.279329e-02;4.759479e-02;3.359599e-02;2.890721e-02
2.221049e-01;1.158374e-01;1.299427e-01;5.050685e-02;6.141381e-02;5.169495e-02;1.553281e-01;3.330987e-02;2.585676e-02;3.672029e-02;5.644774e-02;6.083655e-02
2.124817e-01;1.812471e-01;1.646083e-01;4.237875e-02;4.354639e-02;4.585034e-02;1.170018e-01;2.322010e-02;2.209532e-02;3.556360e-02;6.220138e-02;4.980519e-02
2.211505e-01;1.689383e-01;1.655401e-01;6.624136e-02;3.267906e-02;3.605069e-02;1.089319e-01;2.703460e-02;2.198585e-02;3.943504e-02;5.814580e-02;5.386680e-02
2.201171e-01;1.280301e-01;1.320274e-01;9.206446e-02;5.734778e-02;4.679653e-02;1.226869e-01;2.644838e-02;3.100904e-02;2.818605e-02;4.898679e-02;6.629948e-02
1.875675e-01;7.949236e-02;1.586030e-01;8.613513e-02;8.813329e-02;8.348013e-02;1.208330e-01;1.591429e-02;4.597642e-02;2.339749e-02;4.747504e-02;6.299235e-02
1.169189e-01;5.188220e-02;2.396398e-01;3.997514e-02;6.417864e-02;1.212821e-01;1.132755e-01;3.475088e-02;6.257264e-02;4.638157e-02;6.861984e-02;4.052277e-02
6.903102e-02;9.322017e-02;2.296528e-01;2.682554e-02;3.534774e-02;9.701534e-02;1.259743e-01;5.911304e-02;7.783286e-02;7.632190e-02;7.791366e-02;3.175158e-02
5.253390e-02;9.617401e-02;1.902174e-01;3.561946e-02;4.689847e-02;7.400744e-02;1.316004e-01;5.693565e-02;7.302024e-02;1.143604e-01;9.006695e-02;3.856572e-02
8.764508e-02;1.018098e-01;1.360910e-01;4.022652e-02;8.104318e-02;5.784982e-02;1.170763e-01;3.809786e-02;4.095174e-02;1.250996e-01;1.024463e-01;7.166278e-02
1.025368e-01;9.740316e-02;9.081605e-02;3.205767e-02;1.023051e-01;3.839510e-02;9.356334e-02;2.581496e-02;3.594714e-02;1.320534e-01;1.140515e-01;1.350558e-01
1.142332e-01;8.244935e-02;1.237426e-01;3.718101e-02;9.163372e-02;4.972538e-02;7.191499e-02;2.653179e-02;3.703005e-02;1.324212e-01;8.887141e-02;1.442653e-01
1.385395e-01;9.991739e-02;1.585034e-01;5.311943e-02;7.083118e-02;5.405087e-02;6.265685e-02;2.708220e-02;4.215252e-02;1.199191e-01;8.020075e-02;9.302680e-02
1.851343e-01;9.394668e-02;1.822172e-01;4.793880e-02;5.391323e-02;3.433350e-02;6.455164e-02;3.114284e-02;3.730600e-02;1.026468e-01;8.289069e-02;8.397833e-02
1.917735e-01;3.878138e-02;2.406161e-01;5.144556e-02;5.354055e-02;3.792387e-02;9.546545e-02;3.181010e-02;3.886342e-02;8.576122e-02;6.741133e-02;6.660760e-02
2.044034e-01;6.588312e-02;1.813326e-01;5.579282e-02;6.811083e-02;4.047388e-02;7.739934e-02;3.484471e-02;5.596874e-02;7.292248e-02;5.731204e-02;8.555606e-02
1.920045e-01;9.755334e-02;1.260864e-01;4.658464e-02;6.003794e-02;4.655861e-02;5.710583e-02;3.443903e-02;8.574785e-02;1.005227e-01;7.799874e-02;7.536044e-02
1.592485e-01;1.530853e-01;6.978401e-02;3.832896e-02;7.433818e-02;4.413779e-02;6.229768e-02;6.728399e-02;9.340130e-02;9.773417e-02;8.565808e-02;5.470208e-02
1.252235e-01;1.673911e-01;9.887186e-02;3.248938e-02;6.628499e-02;3.812055e-02;6.794108e-02;9.079888e-02;1.054651e-01;9.483765e-02;6.317288e-02;4.940295e-02
1.254681e-01;1.628777e-01;1.240077e-01;3.640722e-02;6.038100e-02;4.612469e-02;6.153791e-02;7.372639e-02;1.049537e-01;9.865421e-02;5.960255e-02;4.625869e-02
1.359379e-01;1.336911e-01;1.050981e-01;4.492255e-02;6.813195e-02;7.935584e-02;1.050934e-01;7.374509e-02;7.344425e-02;8.516917e-02;5.899281e-02;3.641785e-02
1.201654e-01;1.008843e-01;1.178798e-01;5.409903e-02;6.772368e-02;9.255835e-02;1.445162e-01;9.135963e-02;5.435123e-02;6.918354e-02;4.970171e-02;3.757722e-02
9.167211e-02;1.116316e-01;1.444796e-01;4.861763e-02;4.540128e-02;9.044309e-02;1.522010e-01;8.984888e-02;6.608207e-02;6.876155e-02;5.104509e-02;3.981609e-02
7.763458e-02;1.709581e-01;1.495197e-01;3.291979e-02;4.294850e-02;6.062429e-02;1.251995e-01;8.352278e-02;6.522139e-02;8.519798e-02;6.342555e-02;4.282786e-02
1.396486e-01;9.429782e-02;1.862389e-01;5.646235e-02;5.368719e-02;4.862204e-02;9.141142e-02;7.289174e-02;4.324201e-02;7.510966e-02;6.958290e-02;6.880533e-02
1.267813e-01;2.854154e-02;1.700917e-01;7.342642e-02;6.917568e-02;6.731028e-02;7.499835e-02;6.983842e-02;5.268822e-02;5.409699e-02;1.071765e-01;1.058746e-01
1.338060e-01;4.883531e-02;1.258723e-01;6.601880e-02;5.839824e-02;6.648155e-02;5.985134e-02;6.741115e-02;7.372300e-02;6.278466e-02;1.201537e-01;1.166640e-01
9.786806e-02;3.559788e-02;1.785891e-01;5.548624e-02;5.306871e-02;5.140752e-02;8.087669e-02;6.639942e-02;1.043062e-01;1.082096e-01;8.711279e-02;8.107779e-02
4.084231e-02;2.931595e-02;3.083789e-01;4.553247e-02;7.804368e-02;7.246469e-02;8.816741e-02;6.973717e-02;8.570739e-02;1.104645e-01;4.009200e-02;3.125353e-02
4.088503e-02;4.746014e-02;2.716162e-01;5.354448e-02;9.415739e-02;9.124884e-02;9.630703e-02;6.290253e-02;7.100219e-02;7.515524e-02;6.413600e-02;3.158494e-02
3.955277e-02;6.280906e-02;1.513231e-01;4.605137e-02;1.130407e-01;9.747937e-02;1.510399e-01;7.234285e-02;7.559218e-02;8.572646e-02;7.345037e-02;3.159184e-02
5.930357e-02;7.932530e-02;1.290993e-01;5.718306e-02;1.248419e-01;8.842198e-02;1.414278e-01;7.545453e-02;5.031787e-02;1.106572e-01;5.071930e-02;3.324822e-02
9.686723e-02;5.728379e-02;1.589405e-01;6.287132e-02;1.110932e-01;8.278027e-02;1.230385e-01;6.495336e-02;7.109983e-02;1.019187e-01;4.483771e-02;2.431565e-02
1.134291e-01;4.270681e-02;2.018891e-01;6.711156e-02;9.634026e-02;6.419072e-02;1.083128e-01;5.022393e-02;8.682708e-02;9.050615e-02;4.726249e-02;3.119997e-02
7.774097e-02;4.456840e-02;2.435307e-01;5.207046e-02;7.291275e-02;5.634896e-02;1.458761e-01;4.015186e-02;6.591774e-02;8.979893e-02;5.221863e-02;5.886452e-02
7.377068e-02;4.929282e-02;2.383086e-01;5.056677e-02;4.769186e-02;4.555212e-02;1.900230e-01;4.352121e-02;4.012815e-02;8.581291e-02;6.383671e-02;7.149519e-02
1.312662e-01;6.730022e-02;1.429318e-01;5.741696e-02;6.633344e-02;3.327430e-02;2.013971e-01;3.771848e-02;2.666226e-02;8.547909e-02;7.118329e-02;7.903682e-02
1.899757e-01;8.095437e-02;1.817607e-01;7.224532e-02;3.341293e-02;3.850310e-02;1.113434e-01;4.200809e-02;5.580845e-02;7.046510e-02;7.019720e-02;5.332565e-02
2.277673e-01;1.201945e-01;1.710443e-01;7.231004e-02;4.908235e-02;2.703430e-02;7.115753e-02;3.815656e-02;6.967735e-02;6.159568e-02;5.997472e-02;3.200534e-02
2.494559e-01;1.448273e-01;1.584626e-01;8.233543e-02;5.813980e-02;2.465577e-02;6.408181e-02;2.143530e-02;5.407836e-02;6.357484e-02;4.958883e-02;2.936405e-02
2.610360e-01;1.196080e-01;2.072019e-01;9.939165e-02;4.594542e-02;3.012077e-02;5.083906e-02;1.904008e-02;3.952864e-02;4.379594e-02;5.258815e-02;3.090440e-02
2.849995e-01;9.417213e-02;1.800854e-01;1.263555e-01;4.580217e-02;3.126892e-02;5.322539e-02;1.677231e-02;3.150438e-02;3.787289e-02;5.354478e-02;4.439669e-02
2.649353e-01;9.149422e-02;1.883462e-01;1.428427e-01;3.519420e-02;2.387640e-02;6.409258e-02;1.675162e-02;3.023293e-02;3.453376e-02;5.022230e-02;5.747794e-02
2.198336e-01;7.664315e-02;2.324404e-01;1.054228e-01;4.956247e-02;3.350284e-02;8.951935e-02;1.792563e-02;2.519168e-02;3.334131e-02;6.005446e-02;5.656229e-02
2.008475e-01;1.154347e-01;2.000412e-01;5.450234e-02;6.607333e-02;4.317812e-02;1.303357e-01;3.376351e-02;2.293645e-02;3.321948e-02;6.549523e-02;3.417238e-02
1.930222e-01;1.688708e-01;1.626894e-01;3.185106e-02;6.061196e-02;4.434938e-02;1.276311e-01;4.929188e-02;3.011719e-02;3.550285e-02;5.166200e-02;4.440009e-02
1.769065e-01;1.225850e-01;1.278626e-01;5.837108e-02;4.475106e-02;7.071867e-02;1.220618e-01;5.509067e-02;3.229253e-02;6.432659e-02;4.778635e-02;7.724725e-02
1.440608e-01;5.577306e-02;1.130360e-01;4.401510e-02;5.626594e-02;8.125691e-02;1.415313e-01;8.731434e-02;5.069145e-02;7.410775e-02;5.963672e-02;9.231058e-02
1.209603e-01;4.508407e-02;1.127527e-01;4.571214e-02;7.643815e-02;7.045867e-02;1.241531e-01;1.130188e-01;5.062509e-02;6.841231e-02;6.563583e-02;1.067487e-01
1.146988e-01;8.990029e-02;1.119882e-01;3.715870e-02;5.074560e-02;5.965928e-02;1.035202e-01;1.119965e-01;5.028670e-02;9.277982e-02;8.278377e-02;9.448217e-02
1.042458e-01;1.138018e-01;1.158937e-01;6.094884e-02;4.271658e-02;3.538882e-02;7.856010e-02;1.099748e-01;6.480137e-02;1.062444e-01;9.584824e-02;7.157557e-02
1.140164e-01;1.042112e-01;1.004252e-01;5.142594e-02;4.986132e-02;4.966341e-02;8.071978e-02;1.131725e-01;5.993376e-02;8.396293e-02;1.050429e-01;8.756465e-02
1.293483e-01;1.281621e-01;1.317954e-01;5.577818e-02;5.032705e-02;6.085967e-02;7.942554e-02;1.031870e-01;5.402205e-02;4.707392e-02;8.559231e-02;7.442839e-02
1.256461e-01;1.074326e-01;9.981813e-02;8.545713e-02;8.728004e-02;6.164183e-02;8.233107e-02;7.579701e-02;6.380333e-02;6.438920e-02;5.739354e-02;8.901006e-02
1.156837e-01;9.911773e-02;1.127699e-01;5.032744e-02;8.656520e-02;6.181573e-02;6.776325e-02;3.754348e-02;6.575986e-02;7.563568e-02;8.464485e-02;1.423732e-01
1.438916e-01;1.062577e-01;1.200442e-01;3.926130e-02;7.413557e-02;4.906689e-02;1.199908e-01;3.748200e-02;4.025288e-02;6.189667e-02;6.561140e-02;1.421089e-01
1.246668e-01;1.018564e-01;1.869268e-01;3.394265e-02;5.657709e-02;4.303547e-02;1.186057e-01;5.164043e-02;3.748311e-02;8.425717e-02;4.716788e-02;1.138405e-01
1.676971e-01;1.017990e-01;1.724715e-01;2.364560e-02;4.427460e-02;3.495789e-02;1.269938e-01;5.205053e-02;3.271827e-02;7.852093e-02;4.803913e-02;1.168316e-01
2.286894e-01;1.480582e-01;1.225109e-01;2.043700e-02;3.934763e-02;3.092394e-02;1.238605e-01;6.530329e-02;3.226721e-02;5.279795e-02;4.981578e-02;8.598812e-02
3.067975e-01;1.771539e-01;7.536791e-02;2.255967e-02;3.142251e-02;3.276471e-02;1.144078e-01;6.945068e-02;4.134440e-02;3.369012e-02;3.066420e-02;6.437654e-02
3.449940e-01;1.726269e-01;4.403299e-02;2.062662e-02;1.792812e-02;4.011198e-02;1.475193e-01;5.451776e-02;4.699279e-02;3.331978e-02;1.421805e-02;6.311172e-02
3.403081e-01;1.197675e-01;5.601781e-02;2.987922e-02;2.272655e-02;4.025237e-02;1.588520e-01;5.433653e-02;3.889969e-02;4.058117e-02;2.067782e-02;7.770134e-02
3.265006e-01;1.100655e-01;6.773379e-02;4.815179e-02;3.110135e-02;3.080428e-02;1.473578e-01;5.790628e-02;2.014364e-02;3.663957e-02;3.011081e-02;9.348458e-02
2.778652e-01;1.340702e-01;8.683839e-02;5.483836e-02;3.514726e-02;2.750722e-02;1.499775e-01;5.662850e-02;1.969324e-02;2.851813e-02;3.483719e-02;9.407885e-02
1.897040e-01;1.312731e-01;9.351141e-02;5.906050e-02;3.666380e-02;3.149788e-02;2.011721e-01;6.389818e-02;2.244398e-02;3.450625e-02;4.162703e-02;9.464177e-02
7.484199e-02;1.034232e-01;5.476321e-02;5.641305e-02;7.120741e-02;4.516960e-02;2.871880e-01;4.497326e-02;3.776208e-02;5.865211e-02;5.907154e-02;1.065346e-01
8.371738e-02;9.194343e-02;9.440804e-02;4.070467e-02;8.288568e-02;5.321478e-02;2.634951e-01;2.436430e-02;5.961205e-02;6.422000e-02;5.010473e-02;9.132982e-02
1.432651e-01;8.149108e-02;9.241264e-02;3.292388e-02;7.625166e-02;5.626299e-02;2.778540e-01;1.983828e-02;4.871466e-02;6.019806e-02;3.283350e-02;7.795427e-02
1.401594e-01;9.971025e-02;6.597377e-02;3.160355e-02;5.242091e-02;5.569046e-02;3.555247e-01;3.243853e-02;3.956518e-02;3.956883e-02;2.926324e-02;5.808120e-02
