1.568435e-02;9.037294e-02;1.043266e-01;1.906643e-02;8.274274e-02;2.002103e-01;3.118432e-02;2.950066e-01;1.251876e-01;1.077345e-02;1.523883e-02;1.020574e-02
1.245159e-02;4.471646e-02;1.024435e-01;1.239940e-02;4.580930e-02;1.906092e-01;2.800463e-02;4.083000e-01;1.285251e-01;7.238209e-03;7.776072e-03;1.172653e-02
1.056413e-02;5.513612e-02;1.029235e-01;1.455537e-02;7.228789e-02;1.633116e-01;2.751494e-02;4.196580e-01;1.050171e-01;6.794406e-03;1.221679e-02;1.002015e-02
9.229376e-03;9.946530e-02;7.573791e-02;1.053234e-02;1.129853e-01;1.982319e-01;5.373659e-02;3.418389e-01;6.653628e-02;7.934063e-03;1.746575e-02;6.306299e-03
1.189719e-02;1.136203e-01;6.598517e-02;2.322470e-02;8.806562e-02;2.272696e-01;9.608625e-02;2.724429e-01;6.125892e-02;1.164542e-02;1.880351e-02;9.700459e-03
1.165945e-02;1.064609e-01;6.225130e-02;4.693958e-02;4.414823e-02;2.766242e-01;1.191590e-01;2.265733e-01;6.499617e-02;1.676512e-02;1.284967e-02;1.157305e-02
1.820314e-02;9.622701e-02;4.214947e-02;4.582632e-02;2.387526e-02;2.759125e-01;1.306402e-01;2.505077e-01;7.368676e-02;3.376058e-02;4.753012e-03;4.458020e-03
1.580787e-02;9.515902e-02;4.831599e-02;2.888104e-02;2.432426e-02;1.928129e-01;1.319705e-01;2.540799e-01;1.281134e-01;6.074117e-02;9.611892e-03;1.018196e-02
1.257435e-02;9.716376e-02;5.598126e-02;2.497083e-02;2.794036e-02;1.603302e-01;1.223732e-01;2.505291e-01;1.379575e-01;8.854914e-02;1.045669e-02;1.117360e-02
1.793285e-02;1.082429e-01;4.476951e-02;3.390906e-02;2.656099e-02;1.436331e-01;1.068078e-01;2.820752e-01;1.489690e-01;6.356865e-02;1.267176e-02;1.085929e-02
2.220162e-02;1.239934e-01;4.974321e-02;5.968555e-02;5.279784e-02;1.352742e-01;8.501403e-02;3.056753e-01;1.226371e-01;2.406280e-02;1.212134e-02;6.793638e-03
2.139316e-02;1.730416e-01;8.739519e-02;7.245291e-02;1.213257e-01;7.887361e-02;5.647976e-02;2.569830e-01;7.265440e-02;1.448111e-02;2.759729e-02;1.732233e-02
2.140667e-02;1.160921e-01;2.026756e-01;6.204133e-02;1.080087e-01;6.019981e-02;3.266438e-02;2.248258e-01;9.342647e-02;1.599020e-02;2.296612e-02;3.970286e-02
4.574994e-02;6.650061e-02;2.314902e-01;8.614425e-02;7.397241e-02;5.597257e-02;2.822960e-02;1.890138e-01;1.227482e-01;1.935829e-02;2.344838e-02;5.737168e-02
9.860770e-02;3.832556e-02;1.899405e-01;1.303503e-01;6.279252e-02;4.858747e-02;1.607597e-02;1.597903e-01;1.691531e-01;3.132677e-02;1.513800e-02;3.991185e-02
1.827119e-01;4.152827e-02;1.086985e-01;1.505779e-01;5.434442e-02;3.110255e-02;1.720907e-02;1.223549e-01;2.108618e-01;4.950323e-02;1.441152e-02;1.669589e-02
2.485548e-01;2.709402e-02;5.348779e-02;1.507583e-01;4.915974e-02;2.304126e-02;2.054011e-02;1.154241e-01;2.335996e-01;4.902724e-02;2.262428e-02;6.688756e-03
2.403775e-01;1.518510e-02;4.629763e-02;1.664274e-01;5.613060e-02;1.036420e-02;1.746591e-02;1.224811e-01;2.300050e-01;2.640099e-02;1.938391e-02;4.948073e-02
1.679310e-01;1.422443e-02;5.809971e-02;1.791391e-01;5.307414e-02;1.242108e-02;1.879173e-02;1.545156e-01;2.199285e-01;2.171537e-02;1.317698e-02;8.698248e-02
9.228206e-02;1.631236e-02;7.529057e-02;1.898712e-01;4.811522e-02;1.374144e-02;1.585850e-02;2.176285e-01;2.117208e-01;1.777621e-02;2.189750e-02;7.950564e-02
1.161595e-01;2.907966e-02;9.397205e-02;1.783909e-01;5.663986e-02;1.716319e-02;1.163399e-02;2.310456e-01;1.801489e-01;2.730770e-02;2.915688e-02;2.930170e-02
1.240218e-01;3.561795e-02;8.208454e-02;1.288111e-01;5.569601e-02;4.956503e-02;2.172828e-02;2.104175e-01;1.724568e-01;6.673601e-02;3.574241e-02;1.712264e-02
8.869288e-02;5.108261e-02;6.340158e-02;7.069620e-02;5.167877e-02;5.312668e-02;3.074051e-02;1.776962e-01;2.329177e-01;1.261893e-01;4.180231e-02;1.197530e-02
4.896476e-02;7.878629e-02;5.057814e-02;5.142611e-02;4.109966e-02;5.684482e-02;2.213358e-02;1.270738e-01;2.915097e-01;1.550104e-01;5.075925e-02;2.581353e-02
8.481220e-02;8.681936e-02;3.851554e-02;4.060537e-02;3.781906e-02;5.907100e-02;1.617171e-02;1.645845e-01;3.110400e-01;1.054648e-01;3.484952e-02;2.024686e-02
4.164610e-02;6.210165e-02;5.927867e-02;3.113320e-02;5.474824e-02;5.734080e-02;1.219699e-02;2.133594e-01;3.501500e-01;7.573023e-02;2.145086e-02;2.086383e-02
5.844671e-02;4.074313e-02;5.987028e-02;3.009550e-02;4.170034e-02;4.978048e-02;1.809589e-02;2.393539e-01;3.534652e-01;5.848808e-02;2.451952e-02;2.544094e-02
8.438707e-02;2.579133e-02;4.158371e-02;6.327016e-02;2.690870e-02;3.073024e-02;2.660392e-02;2.649472e-01;3.254830e-01;4.529960e-02;3.120538e-02;3.378965e-02
9.023669e-02;5.104835e-02;3.418455e-02;5.512295e-02;6.932845e-02;3.146840e-02;4.540370e-02;1.926864e-01;2.239370e-01;5.819746e-02;6.830719e-02;8.007889e-02
1.255222e-01;6.485921e-02;4.387007e-02;6.465744e-02;9.517828e-02;6.335511e-02;4.204229e-02;1.182812e-01;1.387791e-01;6.239466e-02;8.315461e-02;9.790570e-02
1.412714e-01;5.964153e-02;5.870196e-02;9.553438e-02;7.923578e-02;9.235324e-02;4.899440e-02;1.003034e-01;1.192036e-01;5.628876e-02;7.313545e-02;7.533607e-02
1.080530e-01;5.625461e-02;1.068559e-01;1.284708e-01;4.695168e-02;1.522360e-01;7.270741e-02;5.723222e-02;1.028689e-01;4.961691e-02;7.234474e-02;4.640780e-02
7.273896e-02;4.320714e-02;1.568748e-01;9.974333e-02;3.896436e-02;2.547648e-01;6.271721e-02;3.063829e-02;6.251568e-02;4.660236e-02;9.585586e-02;3.537725e-02
8.900240e-02;2.506701e-02;2.299149e-01;4.592238e-02;4.618644e-02;2.732415e-01;4.567726e-02;2.206769e-02;4.199558e-02;4.096487e-02;1.047474e-01;3.521263e-02
6.223692e-02;1.424148e-02;2.762917e-01;3.146226e-02;7.399581e-02;2.162078e-01;5.020833e-02;3.833326e-02;6.274936e-02;3.785582e-02;9.238815e-02;4.402916e-02
2.877521e-02;2.059338e-02;2.593150e-01;3.952117e-02;1.218026e-01;1.428818e-01;8.857708e-02;7.117791e-02;6.757265e-02;3.357844e-02;7.092197e-02;5.528292e-02
2.272225e-02;6.528022e-02;2.142130e-01;4.260257e-02;1.200290e-01;9.780910e-02;1.437216e-01;8.136474e-02;5.333715e-02;2.478000e-02;4.297145e-02;9.116884e-02
3.034956e-02;1.569234e-01;1.451004e-01;7.270305e-02;5.216031e-02;6.059102e-02;2.145869e-01;6.418716e-02;2.705968e-02;1.475026e-02;2.523711e-02;1.363511e-01
3.497656e-02;2.505950e-01;6.436265e-02;8.482546e-02;1.949859e-02;5.243021e-02;2.338119e-01;3.704359e-02;2.226546e-02;1.508774e-02;2.773159e-02;1.573712e-01
5.255229e-02;2.687371e-01;4.538591e-02;7.209373e-02;3.096369e-02;7.084540e-02;1.766051e-01;4.453564e-02;4.287732e-02;1.846509e-02;3.264768e-02;1.442911e-01
5.770465e-02;2.558402e-01;5.843724e-02;5.841674e-02;4.120932e-02;9.391154e-02;1.131936e-01;6.963084e-02;7.130260e-02;1.827797e-02;4.664647e-02;1.154288e-01
3.475186e-02;1.989710e-01;7.494056e-02;6.760158e-02;5.783999e-02;1.028992e-01;5.526751e-02;7.738630e-02;1.136188e-01;3.425041e-02;7.456659e-02;1.079062e-01
6.688613e-02;1.280486e-01;5.213438e-02;5.794358e-02;4.286610e-02;7.861420e-02;8.776158e-02;5.888217e-02;4.930054e-02;7.213908e-02;7.646143e-02;2.289622e-01
1.106369e-01;1.309113e-01;4.680463e-02;5.076704e-02;2.358549e-02;9.447180e-02;7.893047e-02;5.805458e-02;1.937824e-02;9.091796e-02;5.678317e-02;2.387584e-01
1.613857e-01;1.517635e-01;9.292094e-02;3.843781e-02;1.297319e-02;1.153406e-01;5.201270e-02;8.627056e-02;1.673722e-02;7.710160e-02;5.406714e-02;1.409890e-01
1.935355e-01;1.495760e-01;9.245762e-02;5.805330e-02;1.983225e-02;1.044462e-01;6.347597e-02;1.007905e-01;1.591859e-02;8.912538e-02;3.341226e-02;7.937638e-02
1.512234e-01;1.370256e-01;8.797718e-02;4.937071e-02;1.628762e-02;9.593628e-02;7.219923e-02;9.549954e-02;5.043221e-02;1.010103e-01;2.924543e-02;1.137924e-01
8.885680e-02;1.164526e-01;9.910048e-02;3.540796e-02;1.194416e-02;8.125413e-02;1.015351e-01;1.079758e-01;8.472216e-02;8.863932e-02;4.158896e-02;1.425224e-01
3.730580e-02;9.999407e-02;1.251243e-01;2.914347e-02;1.583974e-02;6.145123e-02;1.565568e-01;1.234130e-01;1.044495e-01;7.413372e-02;5.387285e-02;1.187154e-01
3.278941e-02;1.168060e-01;1.293872e-01;4.756668e-02;3.326152e-02;7.133813e-02;1.617589e-01;9.972140e-02;1.133069e-01;6.698373e-02;4.168661e-02;8.539348e-02
5.592933e-02;1.023609e-01;1.177461e-01;4.278494e-02;5.019862e-02;1.193198e-01;1.247081e-01;9.049211e-02;1.417418e-01;5.021838e-02;3.663692e-02;6.786298e-02
5.435686e-02;7.686187e-02;5.525399e-02;2.721357e-02;7.279136e-02;1.821674e-01;1.019135e-01;1.103911e-01;1.563245e-01;4.514817e-02;5.669108e-02;6.088665e-02
3.207246e-02;5.689992e-02;6.473768e-02;3.219141e-02;7.586857e-02;1.966683e-01;9.573037e-02;7.612927e-02;1.613920e-01;6.388117e-02;7.179550e-02;7.263333e-02
6.703031e-02;7.096742e-02;1.092953e-01;2.781370e-02;6.559446e-02;1.459771e-01;9.465851e-02;7.467251e-02;1.472498e-01;7.482331e-02;5.811147e-02;6.380621e-02
1.072433e-01;1.004110e-01;1.066573e-01;2.707918e-02;4.695394e-02;1.039052e-01;4.669946e-02;8.909181e-02;1.465643e-01;7.532427e-02;9.787636e-02;5.219381e-02
1.797980e-01;7.911243e-02;1.040861e-01;1.566255e-02;4.289748e-02;1.100699e-01;3.792560e-02;6.059089e-02;1.205665e-01;5.911210e-02;1.347477e-01;5.543069e-02
1.911776e-01;6.976262e-02;9.388869e-02;1.112220e-02;2.993611e-02;1.190420e-01;5.103445e-02;6.921986e-02;1.202054e-01;5.160682e-02;1.310235e-01;6.198068e-02
1.495942e-01;8.508207e-02;7.055110e-02;8.449485e-03;2.311121e-02;1.404966e-01;5.504149e-02;9.216185e-02;1.485335e-01;5.929183e-02;1.096092e-01;5.807751e-02
9.063203e-02;6.741922e-02;4.797807e-02;1.267499e-02;2.592427e-02;1.518301e-01;5.359267e-02;1.601632e-01;2.128862e-01;6.178012e-02;6.739049e-02;4.772874e-02
3.477384e-02;5.495867e-02;4.965901e-02;2.533814e-02;5.882330e-02;9.615353e-02;6.402751e-02;2.194659e-01;2.781415e-01;6.095919e-02;2.688690e-02;3.081252e-02
4.773788e-02;7.864410e-02;9.207615e-02;2.160461e-02;8.250627e-02;5.481100e-02;4.601366e-02;2.057810e-01;2.556544e-01;6.142747e-02;1.657022e-02;3.717318e-02
6.580321e-02;7.660118e-02;6.479502e-02;1.409824e-02;6.225431e-02;8.140266e-02;4.537375e-02;1.897264e-01;2.622761e-01;5.361011e-02;2.015783e-02;6.390119e-02
5.992980e-02;6.797788e-02;6.107312e-02;1.845953e-02;3.760955e-02;4.713362e-02;6.779530e-02;1.925541e-01;3.225766e-01;4.195334e-02;1.731604e-02;6.562103e-02
4.811436e-02;8.255847e-02;9.479829e-02;3.059297e-02;5.413917e-02;7.028312e-02;5.863969e-02;1.810152e-01;2.958693e-01;3.112326e-02;1.404830e-02;3.881788e-02
4.519157e-02;1.083202e-01;9.715313e-02;3.854996e-02;6.635894e-02;9.403548e-02;9.403112e-02;1.351919e-01;2.092178e-01;4.650627e-02;2.722948e-02;3.821409e-02
3.619076e-02;6.596521e-02;5.729824e-02;5.046314e-02;5.399995e-02;1.123762e-01;1.280273e-01;1.755587e-01;1.645654e-01;8.616044e-02;3.257856e-02;3.681595e-02
2.428084e-02;3.947077e-02;8.502077e-02;6.161031e-02;9.599537e-02;1.073944e-01;1.169031e-01;1.761528e-01;1.068915e-01;1.220367e-01;2.735170e-02;3.689174e-02
2.665483e-02;6.790081e-02;7.015976e-02;6.750654e-02;9.316296e-02;1.462085e-01;1.146863e-01;1.327581e-01;9.014259e-02;1.224768e-01;3.279262e-02;3.555011e-02
3.592082e-02;9.980598e-02;8.370807e-02;4.913282e-02;5.695179e-02;1.530030e-01;2.037012e-01;9.225497e-02;9.080360e-02;5.483876e-02;3.940907e-02;4.046996e-02
2.744174e-02;8.204752e-02;9.387270e-02;3.764036e-02;4.781570e-02;1.917925e-01;2.371568e-01;8.841396e-02;8.221721e-02;1.985337e-02;4.338999e-02;4.835810e-02
2.229879e-02;4.504459e-02;9.588093e-02;2.482080e-02;4.174800e-02;2.891144e-01;2.115860e-01;5.339937e-02;7.358468e-02;1.910034e-02;7.839949e-02;4.502258e-02
2.108628e-02;1.633235e-02;1.048212e-01;1.430266e-02;3.820220e-02;4.380850e-01;1.195752e-01;1.946615e-02;5.094307e-02;2.212754e-02;1.267180e-01;2.834033e-02
2.508450e-02;2.042852e-02;9.837988e-02;2.030272e-02;3.866590e-02;5.231052e-01;3.964173e-02;1.311946e-02;3.145172e-02;2.620917e-02;1.508776e-01;1.273363e-02
2.135452e-02;3.097726e-02;7.281121e-02;4.658800e-02;5.257633e-02;5.026712e-01;5.838347e-02;2.458405e-02;2.542738e-02;2.472950e-02;1.252083e-01;1.468872e-02
1.291445e-02;4.119270e-02;4.410850e-02;9.553378e-02;6.646767e-02;4.738392e-01;5.500435e-02;3.195159e-02;3.393760e-02;3.029560e-02;9.870174e-02;1.605279e-02
2.599705e-02;4.366663e-02;3.229721e-02;1.244214e-01;7.720045e-02;3.460454e-01;6.993563e-02;5.741780e-02;6.481101e-02;6.206225e-02;7.659102e-02;1.955413e-02
4.789960e-02;7.410636e-02;3.257263e-02;1.149730e-01;1.203492e-01;1.924599e-01;3.399393e-02;8.822556e-02;7.911839e-02;9.581266e-02;1.001777e-01;2.031113e-02
9.445819e-02;1.200203e-01;2.761168e-02;9.449168e-02;1.622507e-01;1.134287e-01;1.711171e-02;8.271451e-02;6.810173e-02;9.611575e-02;9.779313e-02;2.590189e-02
1.029071e-01;1.597760e-01;4.422750e-02;9.437405e-02;1.690135e-01;7.799321e-02;2.913444e-02;7.306203e-02;6.870748e-02;8.522633e-02;5.776538e-02;3.781286e-02
5.213544e-02;1.334212e-01;5.446930e-02;1.649462e-01;1.560603e-01;8.491917e-02;4.350641e-02;6.566815e-02;9.048418e-02;9.515192e-02;2.160227e-02;3.763547e-02
1.486766e-02;7.986643e-02;3.860151e-02;2.025069e-01;1.271892e-01;1.109310e-01;3.465899e-02;7.214999e-02;1.437028e-01;1.134352e-01;2.985689e-02;3.223344e-02
1.795638e-02;4.830987e-02;3.688594e-02;1.584898e-01;7.289500e-02;1.239400e-01;2.494489e-02;1.295949e-01;2.046513e-01;1.101117e-01;4.548337e-02;2.673668e-02
3.088950e-02;5.197534e-02;3.764473e-02;6.805033e-02;7.096429e-02;1.774157e-01;3.394920e-02;1.795155e-01;2.057856e-01;6.999069e-02;4.826959e-02;2.554950e-02
3.856417e-02;7.528692e-02;5.448880e-02;8.526300e-02;7.252953e-02;2.215632e-01;7.447539e-02;1.471213e-01;1.264336e-01;3.534229e-02;3.806400e-02;3.086782e-02
3.525651e-02;6.232897e-02;4.508895e-02;1.152665e-01;5.271043e-02;2.471368e-01;1.285891e-01;1.023285e-01;7.326190e-02;5.513025e-02;4.526930e-02;3.763277e-02
3.413607e-02;5.350294e-02;5.566403e-02;7.756740e-02;8.578631e-02;2.167924e-01;1.421892e-01;1.166800e-01;6.866806e-02;5.636508e-02;6.503022e-02;2.761840e-02
2.929795e-02;4.084481e-02;3.105065e-02;1.149578e-01;1.008054e-01;1.835900e-01;9.620349e-02;1.243017e-01;1.217910e-01;8.621887e-02;4.818596e-02;2.275226e-02
2.933524e-02;6.089300e-02;3.009840e-02;1.122500e-01;7.881290e-02;1.339221e-01;9.702489e-02;1.455852e-01;1.403817e-01;1.106556e-01;3.770842e-02;2.333247e-02
2.556976e-02;9.166577e-02;5.410078e-02;8.973636e-02;6.846815e-02;1.184663e-01;9.089546e-02;1.362794e-01;1.546548e-01;1.162599e-01;3.202145e-02;2.188193e-02
2.118894e-02;8.371291e-02;1.090919e-01;8.746191e-02;4.486822e-02;1.879415e-01;3.934062e-02;1.307082e-01;1.319298e-01;1.078444e-01;3.321064e-02;2.270108e-02
1.996931e-02;6.843131e-02;1.163370e-01;9.944901e-02;1.703241e-02;1.626432e-01;1.333051e-02;2.157178e-01;1.734856e-01;7.154956e-02;3.068643e-02;1.136789e-02
9.219266e-03;5.812547e-02;6.330796e-02;9.062839e-02;1.884776e-02;8.720910e-02;8.488468e-03;3.011468e-01;2.725072e-01;5.357934e-02;2.743007e-02;9.510064e-03
9.191341e-03;8.216128e-02;3.620525e-02;6.688073e-02;2.120760e-02;3.636163e-02;1.138058e-02;3.420138e-01;3.037870e-01;4.612061e-02;2.950169e-02;1.518843e-02
1.595351e-02;1.153313e-01;6.359050e-02;3.479601e-02;2.410828e-02;1.008143e-01;1.339859e-02;2.938420e-01;2.463893e-01;4.031138e-02;3.053811e-02;2.092660e-02
1.600713e-02;1.593031e-01;1.065810e-01;3.712762e-02;3.218872e-02;1.397246e-01;2.365799e-02;2.089802e-01;1.795664e-01;4.130111e-02;3.803132e-02;1.753083e-02
2.534025e-02;9.297346e-02;5.222264e-02;5.470495e-02;3.085308e-02;1.311504e-01;3.238379e-02;2.760181e-01;2.127847e-01;3.123875e-02;3.958754e-02;2.074226e-02
2.553208e-02;1.009863e-01;3.238009e-02;7.046259e-02;2.661022e-02;9.295658e-02;3.170249e-02;2.368259e-01;2.920032e-01;4.458813e-02;2.963741e-02;1.631500e-02
3.274550e-02;8.122422e-02;4.765687e-02;5.013424e-02;3.785331e-02;1.220165e-01;5.609899e-02;1.991900e-01;2.868981e-01;4.450831e-02;3.059956e-02;1.107445e-02
2.978924e-02;8.081038e-02;5.945424e-02;4.458815e-02;5.733128e-02;1.581193e-01;8.921216e-02;1.447171e-01;2.186181e-01;6.097988e-02;4.058514e-02;1.579502e-02
2.393879e-02;9.055757e-02;6.447773e-02;4.589092e-02;5.618020e-02;2.016842e-01;8.336864e-02;1.245089e-01;1.748573e-01;6.753393e-02;4.644953e-02;2.055226e-02
2.511906e-02;8.018439e-02;7.107941e-02;6.567127e-02;6.889419e-02;2.603082e-01;8.543991e-02;6.968896e-02;1.127314e-01;7.283650e-02;5.752170e-02;3.052503e-02
1.301929e-02;4.814591e-02;9.731966e-02;1.015874e-01;7.796729e-02;2.084765e-01;1.420338e-01;1.048451e-01;4.717158e-02;3.508041e-02;7.247264e-02;5.188045e-02
5.079581e-02;5.224707e-02;7.749315e-02;1.227684e-01;1.150815e-01;1.430136e-01;1.535521e-01;6.578434e-02;8.082740e-02;7.677558e-02;4.686324e-02;1.479778e-02
4.618751e-02;3.791258e-02;6.518481e-02;1.249111e-01;1.146326e-01;1.560739e-01;1.326621e-01;9.436716e-02;9.875124e-02;6.441770e-02;2.783327e-02;3.706592e-02
3.215780e-02;3.269761e-02;7.660273e-02;1.146668e-01;8.844385e-02;1.629816e-01;1.028050e-01;1.434289e-01;1.091118e-01;5.118728e-02;1.117371e-02;7.474292e-02
1.343486e-02;1.885198e-02;1.069063e-01;7.641695e-02;4.767007e-02;1.734814e-01;5.993877e-02;2.436294e-01;8.804913e-02;3.404612e-02;6.353504e-03;1.312216e-01
1.850789e-02;1.378162e-02;1.241775e-01;1.953188e-02;2.388525e-02;1.693475e-01;3.237604e-02;3.413942e-01;4.032049e-02;2.285145e-02;4.255081e-03;1.895712e-01
1.742963e-02;1.516579e-02;1.268083e-01;1.110606e-02;1.709088e-02;1.408074e-01;1.456719e-02;3.645745e-01;3.401398e-02;1.412071e-02;1.543787e-02;2.288776e-01
1.674127e-02;1.661777e-02;1.189165e-01;1.499450e-02;1.852106e-02;1.338119e-01;2.536390e-02;3.317501e-01;3.051525e-02;2.506747e-02;2.010791e-02;2.475925e-01
1.166014e-02;1.776402e-02;1.089475e-01;9.679401e-03;1.228607e-02;1.693204e-01;1.109436e-02;3.225072e-01;2.614013e-02;2.770688e-02;1.649537e-02;2.663985e-01
1.362068e-02;8.643043e-03;1.014012e-01;9.543550e-03;1.485747e-02;1.899170e-01;1.163924e-02;3.152043e-01;3.521487e-02;2.916126e-02;2.242349e-02;2.483739e-01
6.409196e-03;1.342643e-02;1.048353e-01;1.229451e-02;9.053177e-03;1.800566e-01;2.530736e-02;3.535447e-01;3.370111e-02;2.754458e-02;2.810910e-02;2.057180e-01
1.201348e-02;1.809150e-02;1.051705e-01;1.016183e-02;1.170819e-02;1.628012e-01;3.157327e-02;4.268729e-01;3.947658e-02;3.012799e-02;9.430535e-03;1.425721e-01
1.411251e-02;2.683286e-02;1.098161e-01;1.020501e-02;1.575873e-02;1.258622e-01;8.101019e-02;4.450883e-01;3.857033e-02;3.227767e-02;2.671924e-02;7.374694e-02
1.281662e-02;5.675210e-02;1.138861e-01;1.980352e-02;2.656751e-02;9.275142e-02;1.172052e-01;4.195851e-01;5.386639e-02;2.868663e-02;3.854779e-02;1.953145e-02
2.658561e-02;8.865798e-02;1.260393e-01;4.107708e-02;3.783708e-02;8.032662e-02;7.841749e-02;3.295690e-01;7.893888e-02;3.546180e-02;3.570030e-02;4.138882e-02
2.769728e-02;1.086578e-01;1.304012e-01;6.526455e-02;4.268179e-02;9.321297e-02;4.251161e-02;2.526284e-01;1.064440e-01;3.592210e-02;2.623297e-02;6.834544e-02
1.683413e-02;7.977912e-02;9.745728e-02;4.887770e-02;3.196181e-02;1.253158e-01;5.465364e-02;2.812302e-01;8.290084e-02;1.685000e-02;2.269865e-02;1.414409e-01
2.847206e-02;3.712404e-02;3.606105e-02;2.325740e-02;2.179984e-02;1.395276e-01;3.930688e-02;3.485217e-01;3.978096e-02;3.519017e-02;1.572675e-02;2.352314e-01
1.962764e-02;2.230858e-02;4.123988e-02;2.831230e-02;1.972990e-02;1.216389e-01;3.573319e-02;3.210652e-01;6.968598e-02;2.991039e-02;2.017862e-02;2.705693e-01
2.224753e-02;2.223284e-02;5.141360e-02;2.824090e-02;3.361956e-02;1.496589e-01;4.270218e-02;2.711561e-01;6.589665e-02;1.471600e-02;2.444728e-02;2.736685e-01
3.702671e-02;3.232383e-02;7.115748e-02;3.588442e-02;3.678761e-02;2.010079e-01;3.886471e-02;2.013715e-01;4.261750e-02;2.015465e-02;1.978727e-02;2.630164e-01
4.229207e-02;4.060929e-02;9.097961e-02;1.566783e-02;3.487714e-02;2.404898e-01;2.356328e-02;1.734803e-01;4.804280e-02;2.674617e-02;1.937377e-02;2.438780e-01
3.459265e-02;4.966982e-02;1.009703e-01;1.862102e-02;2.577293e-02;2.377673e-01;4.703844e-02;1.415656e-01;7.187407e-02;2.731094e-02;1.677784e-02;2.280391e-01
4.899373e-02;4.064483e-02;9.214666e-02;1.921504e-02;2.674305e-02;1.966435e-01;3.874704e-02;1.125788e-01;1.374419e-01;4.925622e-02;3.643123e-02;2.011579e-01
5.580214e-02;4.106062e-02;7.906929e-02;2.400308e-02;4.125658e-02;1.248920e-01;6.532679e-02;1.388010e-01;1.576860e-01;7.972924e-02;4.937204e-02;1.430012e-01
4.517260e-02;4.799921e-02;7.534573e-02;4.947469e-02;5.516173e-02;8.606073e-02;8.344040e-02;1.422887e-01;1.182784e-01;1.074250e-01;5.230322e-02;1.370496e-01
2.938197e-02;4.330463e-02;6.737029e-02;4.778475e-02;4.343726e-02;7.251430e-02;5.835886e-02;1.428802e-01;1.387619e-01;1.690730e-01;7.499889e-02;1.121340e-01
2.150881e-02;3.135757e-02;6.352561e-02;1.878119e-02;3.718507e-02;8.057880e-02;1.418088e-01;1.504824e-01;1.584738e-01;1.734738e-01;6.371977e-02;5.910425e-02
8.685170e-03;2.646693e-02;6.566511e-02;3.150437e-02;3.937773e-02;1.311553e-01;1.902578e-01;1.731416e-01;1.320842e-01;1.314100e-01;4.359159e-02;2.666027e-02
2.679570e-02;4.613712e-02;6.396408e-02;4.420590e-02;3.359195e-02;1.734860e-01;1.580270e-01;1.892505e-01;1.194050e-01;9.106000e-02;3.286419e-02;2.121266e-02
2.333503e-02;5.422710e-02;1.048298e-01;4.959525e-02;3.494648e-02;2.009386e-01;7.217841e-02;1.949311e-01;1.003834e-01;8.712442e-02;3.325061e-02;4.425979e-02
1.907138e-02;4.219374e-02;1.495070e-01;3.925711e-02;2.532301e-02;1.735536e-01;3.635591e-02;2.697888e-01;7.969947e-02;5.390272e-02;3.952707e-02;7.182021e-02
4.918212e-02;6.636511e-02;1.653891e-01;3.375469e-02;1.733980e-02;1.151050e-01;3.859531e-02;2.645651e-01;7.263608e-02;5.259374e-02;4.261459e-02;8.185934e-02
5.973769e-02;9.733049e-02;1.738578e-01;6.546788e-02;2.290310e-02;7.525553e-02;3.834805e-02;2.020603e-01;6.440600e-02;8.391646e-02;8.586454e-02;3.085210e-02
3.561815e-02;1.048880e-01;1.608683e-01;7.857959e-02;3.187750e-02;6.349847e-02;5.448977e-02;2.121170e-01;6.572223e-02;8.848901e-02;8.937474e-02;1.447718e-02
3.523236e-02;9.670375e-02;1.379202e-01;7.308002e-02;2.980808e-02;5.609159e-02;5.783286e-02;2.530390e-01;7.190172e-02;8.183786e-02;6.571183e-02;4.084070e-02
5.350837e-02;1.339685e-01;1.759053e-01;6.214772e-02;3.212979e-02;1.220512e-01;3.737845e-02;1.626294e-01;8.110299e-02;5.727525e-02;3.603424e-02;4.586887e-02
4.197279e-02;1.580211e-01;1.303495e-01;7.160287e-02;8.761703e-02;1.324201e-01;2.375941e-02;1.090887e-01;1.072631e-01;8.220845e-02;2.505016e-02;3.064686e-02
2.342620e-02;1.384114e-01;7.824648e-02;8.958171e-02;1.587063e-01;1.124499e-01;8.685987e-03;8.888299e-02;1.427102e-01;1.133314e-01;2.793530e-02;1.763203e-02
1.973126e-02;1.062743e-01;3.990086e-02;1.249332e-01;2.280610e-01;7.478803e-02;1.000009e-02;5.871997e-02;1.847600e-01;1.250180e-01;1.907903e-02;8.734257e-03
2.633641e-02;7.427969e-02;4.379008e-02;1.752086e-01;2.392239e-01;4.007462e-02;1.178338e-02;8.796374e-02;1.943911e-01;9.117585e-02;8.703606e-03;7.069055e-03
4.877216e-02;5.241348e-02;4.254393e-02;2.168698e-01;2.171903e-01;4.129151e-02;2.187829e-02;9.865836e-02;1.833600e-01;5.981920e-02;1.176509e-02;5.437876e-03
7.729068e-02;2.937899e-02;6.090345e-02;2.465208e-01;1.834063e-01;3.048787e-02;3.136447e-02;1.018687e-01;1.821324e-01;4.140839e-02;1.231935e-02;2.918639e-03
1.000285e-01;1.216683e-02;7.499883e-02;2.513700e-01;1.494038e-01;2.370411e-02;3.626418e-02;1.077596e-01;1.937425e-01;3.295383e-02;1.489499e-02;2.712914e-03
1.241522e-01;1.079904e-02;7.928989e-02;2.326726e-01;1.267902e-01;1.401076e-02;3.760293e-02;1.260735e-01;2.079709e-01;2.226897e-02;1.410296e-02;4.265917e-03
1.455337e-01;1.805534e-02;4.286923e-02;2.071403e-01;1.202443e-01;9.578852e-03;3.802767e-02;1.539063e-01;2.262131e-01;1.582308e-02;1.792169e-02;4.686397e-03
1.611698e-01;1.485257e-02;2.540933e-02;1.796417e-01;1.115377e-01;2.101359e-02;3.783736e-02;1.576955e-01;2.377782e-01;1.787862e-02;2.449680e-02;1.068887e-02
1.713550e-01;1.510895e-02;2.515567e-02;1.531093e-01;9.571557e-02;1.873975e-02;4.054003e-02;1.598155e-01;2.401895e-01;3.217431e-02;3.622790e-02;1.186851e-02
1.848613e-01;1.453333e-02;2.205040e-02;1.244778e-01;8.663140e-02;2.083365e-02;3.841198e-02;1.610736e-01;2.428619e-01;3.614232e-02;4.946738e-02;1.865496e-02
1.900675e-01;2.300422e-02;4.837586e-02;1.027412e-01;7.742809e-02;2.188582e-02;4.469279e-02;1.573515e-01;2.364652e-01;2.781566e-02;6.205855e-02;8.113549e-03
1.928675e-01;2.785169e-02;6.234118e-02;9.721550e-02;6.147332e-02;2.405258e-02;4.048109e-02;1.489691e-01;2.208413e-01;6.107765e-02;4.431648e-02;1.851260e-02
2.077430e-01;2.001328e-02;6.824269e-02;8.351608e-02;4.208606e-02;2.201859e-02;4.512742e-02;1.355125e-01;2.403086e-01;7.168613e-02;4.417418e-02;1.957146e-02
2.252502e-01;2.393804e-02;8.234572e-02;6.791340e-02;3.219513e-02;2.181296e-02;4.579573e-02;1.190456e-01;2.415080e-01;1.047077e-01;2.458482e-02;1.090277e-02
2.331738e-01;4.158831e-02;9.021036e-02;6.204369e-02;2.195497e-02;2.277438e-02;4.242016e-02;1.292753e-01;2.172821e-01;1.152793e-01;1.507370e-02;8.924027e-03
2.364900e-01;4.139274e-02;8.401209e-02;7.282377e-02;3.065654e-02;2.768637e-02;4.712725e-02;1.088059e-01;2.026496e-01;1.170722e-01;2.236700e-02;8.916494e-03
2.166242e-01;5.722263e-02;9.364641e-02;1.386883e-01;2.458800e-02;4.358910e-02;4.490190e-02;9.285177e-02;1.617667e-01;8.029848e-02;2.650197e-02;1.932057e-02
1.658322e-01;7.557067e-02;1.093505e-01;2.100352e-01;7.070538e-02;7.378301e-02;3.389572e-02;6.045744e-02;1.066557e-01;3.119445e-02;3.280549e-02;2.971422e-02
1.238493e-01;6.183336e-02;9.300627e-02;2.589257e-01;1.122903e-01;7.817558e-02;3.157021e-02;3.471788e-02;1.068043e-01;3.108458e-02;3.455479e-02;3.318771e-02
9.509087e-02;4.189129e-02;4.338858e-02;2.862943e-01;1.103119e-01;6.998275e-02;8.006909e-02;5.534370e-02;1.399093e-01;2.421531e-02;2.794587e-02;2.555698e-02
5.074267e-02;3.617973e-02;5.809199e-02;2.229860e-01;6.748171e-02;9.373066e-02;1.271771e-01;1.031735e-01;1.588868e-01;2.757833e-02;2.060041e-02;3.337115e-02
2.732773e-02;5.259194e-02;1.086523e-01;9.660427e-02;4.077901e-02;1.328824e-01;1.129580e-01;1.708455e-01;1.379234e-01;2.838378e-02;1.470340e-02;7.634829e-02
1.464495e-02;3.765934e-02;1.331485e-01;5.066410e-02;1.752011e-02;1.553579e-01;6.030509e-02;2.621830e-01;9.651683e-02;2.572169e-02;3.277228e-02;1.135063e-01
1.512540e-02;3.281736e-02;1.404095e-01;3.888223e-02;2.080846e-02;1.140814e-01;5.062451e-02;3.393389e-01;5.804021e-02;3.391163e-02;4.718378e-02;1.087766e-01
2.310021e-02;4.654792e-02;1.230817e-01;3.024526e-02;4.197713e-02;6.886704e-02;9.623904e-02;3.510483e-01;4.248296e-02;2.041596e-02;7.399233e-02;8.200221e-02
2.025684e-02;7.503425e-02;7.521427e-02;3.072998e-02;7.168311e-02;4.056568e-02;1.777924e-01;2.571261e-01;6.311367e-02;1.821894e-02;1.235310e-01;4.673374e-02
1.692722e-02;9.107681e-02;4.096384e-02;4.993788e-02;5.556726e-02;6.417026e-02;2.237989e-01;1.265443e-01;9.529246e-02;6.277739e-02;1.265430e-01;4.640071e-02
3.091644e-02;6.695587e-02;5.410853e-02;9.014800e-02;3.502968e-02;1.304825e-01;1.668185e-01;8.809194e-02;8.719383e-02;1.271197e-01;7.816239e-02;4.497256e-02
4.265856e-02;4.057097e-02;4.840250e-02;9.801622e-02;3.844884e-02;2.055176e-01;7.900799e-02;1.287771e-01;7.795539e-02;1.677122e-01;4.861182e-02;2.432074e-02
3.765754e-02;3.010268e-02;9.950463e-02;5.478683e-02;5.868696e-02;2.098711e-01;6.455946e-02;1.044017e-01;1.164473e-01;1.313568e-01;3.720451e-02;5.542056e-02
4.329273e-02;4.870630e-02;1.317514e-01;4.853376e-02;1.026362e-01;1.590982e-01;5.100910e-02;3.819158e-02;1.771978e-01;6.227013e-02;3.073538e-02;1.065776e-01
4.590147e-02;1.020206e-01;8.171491e-02;6.682035e-02;1.114958e-01;8.760290e-02;5.837681e-02;8.097926e-02;1.568247e-01;5.113085e-02;4.664946e-02;1.104829e-01
4.705170e-02;1.608840e-01;6.949820e-02;8.292486e-02;6.503937e-02;5.392538e-02;5.359287e-02;1.523796e-01;8.162013e-02;8.627297e-02;8.354861e-02;6.326238e-02
3.603306e-02;1.415835e-01;8.305333e-02;1.094628e-01;4.631392e-02;6.856018e-02;5.852957e-02;1.973913e-01;2.742863e-02;5.457091e-02;1.475397e-01;2.953303e-02
3.642669e-02;9.675907e-02;7.225140e-02;1.231676e-01;4.067267e-02;7.635347e-02;6.697112e-02;2.080458e-01;2.204992e-02;1.455306e-02;2.124599e-01;3.028930e-02
3.852690e-02;5.621538e-02;6.046149e-02;1.030238e-01;3.192118e-02;8.643065e-02;8.837938e-02;2.092574e-01;3.118693e-02;2.811550e-02;2.345349e-01;3.194635e-02
3.691382e-02;3.942813e-02;4.961896e-02;8.479577e-02;2.586425e-02;8.373744e-02;1.215993e-01;2.256452e-01;3.024936e-02;3.199989e-02;2.250336e-01;4.511436e-02
3.585802e-02;5.175865e-02;5.082035e-02;8.157332e-02;2.113322e-02;8.274602e-02;1.806328e-01;2.180570e-01;2.202783e-02;2.176774e-02;1.823785e-01;5.124653e-02
3.375575e-02;4.074861e-02;4.809248e-02;7.585747e-02;2.772666e-02;7.231123e-02;2.300734e-01;2.124758e-01;3.368681e-02;3.127526e-02;1.332788e-01;6.071780e-02
3.877749e-02;2.978251e-02;8.183181e-02;5.622490e-02;3.107819e-02;5.286653e-02;2.754976e-01;2.058991e-01;3.777361e-02;4.304246e-02;7.584786e-02;7.137787e-02
3.684013e-02;4.745795e-02;1.266280e-01;5.368434e-02;3.235677e-02;6.810945e-02;2.710424e-01;1.491732e-01;4.616071e-02;4.216645e-02;5.764849e-02;6.873211e-02
2.909567e-02;9.813654e-02;1.526894e-01;7.034355e-02;4.566449e-02;6.362085e-02;2.148834e-01;1.218478e-01;5.462514e-02;3.563949e-02;5.686849e-02;5.658527e-02
2.731770e-02;1.057802e-01;1.375826e-01;7.079987e-02;5.110542e-02;1.226365e-01;1.160207e-01;1.543385e-01;8.646077e-02;4.115260e-02;3.940734e-02;4.739790e-02
3.321923e-02;5.057193e-02;9.109678e-02;5.485705e-02;8.130357e-02;1.552423e-01;5.044033e-02;1.954740e-01;1.004945e-01;5.007480e-02;6.997244e-02;6.725303e-02
2.648381e-02;4.782102e-02;1.152126e-01;1.060667e-01;9.399901e-02;1.558461e-01;4.971831e-02;1.410662e-01;6.832902e-02;3.023991e-02;1.142139e-01;5.100348e-02
1.556429e-02;5.640289e-02;1.865943e-01;1.426219e-01;8.560593e-02;1.164740e-01;4.410710e-02;1.181454e-01;6.187591e-02;2.624563e-02;1.130436e-01;3.331903e-02
1.096586e-02;9.810465e-02;2.470238e-01;1.353325e-01;4.662818e-02;1.034234e-01;6.649647e-02;9.301662e-02;7.594283e-02;3.264163e-02;6.914165e-02;2.128235e-02
1.271352e-02;1.131510e-01;2.514346e-01;1.182274e-01;3.910255e-02;1.113618e-01;5.642131e-02;1.006664e-01;9.717592e-02;4.343621e-02;3.406659e-02;2.224272e-02
1.620074e-02;9.439926e-02;1.993212e-01;1.017575e-01;4.418392e-02;1.725543e-01;5.389394e-02;9.302846e-02;1.099938e-01;3.622719e-02;4.148248e-02;3.695722e-02
8.657702e-03;9.373818e-02;2.281267e-01;8.842804e-02;3.082372e-02;1.973834e-01;5.241255e-02;1.000401e-01;9.209303e-02;2.136678e-02;4.998910e-02;3.694070e-02
1.426332e-02;9.903691e-02;2.460856e-01;8.819119e-02;3.011066e-02;1.267153e-01;7.440554e-02;1.347458e-01;8.018102e-02;3.055526e-02;4.046349e-02;3.524603e-02
1.669237e-02;7.488137e-02;2.131124e-01;8.070890e-02;2.400526e-02;1.175836e-01;7.613431e-02;1.764595e-01;9.248646e-02;3.400072e-02;5.474796e-02;3.918711e-02
2.051046e-02;1.122602e-01;2.475504e-01;1.314749e-01;6.533594e-02;5.817888e-02;5.185434e-02;1.100296e-01;7.482981e-02;3.413016e-02;5.328229e-02;4.056299e-02
1.537454e-02;1.014302e-01;1.915970e-01;1.476089e-01;9.122694e-02;1.621218e-01;3.635415e-02;9.509084e-02;6.627148e-02;3.739079e-02;2.972740e-02;2.580591e-02
1.998371e-02;1.057635e-01;1.368861e-01;1.389550e-01;1.185223e-01;1.866165e-01;4.168206e-02;9.700631e-02;5.742548e-02;3.529409e-02;2.543948e-02;3.642555e-02
1.884496e-02;9.529149e-02;8.366096e-02;1.402068e-01;1.411438e-01;1.478641e-01;7.608893e-02;1.347584e-01;5.570934e-02;3.542155e-02;2.755970e-02;4.344992e-02
1.194621e-02;8.458632e-02;1.046414e-01;1.361872e-01;1.797585e-01;1.116830e-01;7.559915e-02;1.367505e-01;4.597229e-02;3.057551e-02;4.374462e-02;3.855536e-02
1.356725e-02;5.432827e-02;1.064716e-01;1.194297e-01;2.064575e-01;1.460422e-01;5.553153e-02;1.339008e-01;6.554227e-02;2.853625e-02;3.715030e-02;3.304223e-02
1.665533e-02;3.358665e-02;1.075204e-01;1.012373e-01;1.792503e-01;1.739896e-01;7.735249e-02;1.223909e-01;1.043576e-01;3.222080e-02;1.737296e-02;3.406554e-02
2.340398e-02;6.610344e-02;1.550267e-01;8.471617e-02;1.258909e-01;1.602469e-01;8.284905e-02;1.030989e-01;1.243395e-01;3.704601e-02;8.520984e-03;2.875733e-02
2.917219e-02;7.093506e-02;1.828753e-01;1.150097e-01;7.532554e-02;1.099252e-01;6.063719e-02;1.362315e-01;1.335460e-01;4.933612e-02;2.037570e-02;1.663058e-02
3.018158e-02;1.020963e-01;1.434629e-01;1.177889e-01;6.335362e-02;8.919357e-02;5.826043e-02;1.195602e-01;1.372270e-01;7.657980e-02;4.339110e-02;1.890468e-02
3.396019e-02;6.719324e-02;8.368479e-02;9.977980e-02;8.824504e-02;1.307428e-01;6.411634e-02;1.031364e-01;1.630488e-01;8.116462e-02;4.275931e-02;4.216874e-02
2.639442e-02;6.180603e-02;8.415055e-02;8.899979e-02;1.006873e-01;1.288935e-01;9.515803e-02;1.432131e-01;1.466870e-01;5.764573e-02;2.381571e-02;4.254891e-02
