3.832534e-02;3.757579e-02;3.957700e-01;5.419495e-02;1.227414e-01;7.829141e-02;1.171196e-01;3.645901e-02;2.452647e-02;2.800183e-02;2.770833e-02;3.928581e-02
1.983207e-02;3.574204e-02;5.377106e-01;5.985543e-02;1.002871e-01;4.251469e-02;1.144294e-01;1.750927e-02;1.218137e-02;2.153656e-02;2.102279e-02;1.737867e-02
4.095031e-02;3.665440e-02;4.878555e-01;5.271117e-02;8.733395e-02;3.403029e-02;1.040051e-01;2.567804e-02;2.767526e-02;3.569764e-02;4.245053e-02;2.495781e-02
5.883064e-02;4.489232e-02;3.439551e-01;4.990556e-02;8.416131e-02;4.579252e-02;1.345833e-01;2.731723e-02;2.887780e-02;7.549717e-02;6.818385e-02;3.800324e-02
4.639686e-02;6.201804e-02;1.858571e-01;4.202239e-02;8.608226e-02;5.391276e-02;1.350511e-01;3.495398e-02;3.854366e-02;1.501152e-01;1.194225e-01;4.562406e-02
5.046262e-02;6.763522e-02;9.434156e-02;3.409958e-02;5.614974e-02;5.014218e-02;1.081096e-01;4.951862e-02;5.469458e-02;2.096650e-01;1.788138e-01;4.636755e-02
7.800915e-02;3.488573e-02;1.354919e-01;2.206539e-02;2.960816e-02;6.335841e-02;6.004434e-02;5.053912e-02;4.695166e-02;1.882023e-01;2.364875e-01;5.435630e-02
1.151451e-01;3.949693e-02;1.211006e-01;2.543747e-02;2.799924e-02;5.570682e-02;9.921231e-02;4.744627e-02;4.032172e-02;1.326343e-01;2.095269e-01;8.597239e-02
2.411143e-01;6.190690e-02;1.061736e-01;3.844844e-02;2.077705e-02;4.262245e-02;1.141630e-01;6.720436e-02;2.791924e-02;6.471235e-02;1.071194e-01;1.078389e-01
3.157713e-01;1.321595e-01;1.153755e-01;2.879040e-02;3.375781e-02;2.851297e-02;7.316969e-02;7.669047e-02;4.667087e-02;3.093445e-02;4.647848e-02;7.168862e-02
2.547604e-01;2.101979e-01;1.859135e-01;1.525890e-02;2.999269e-02;3.922549e-02;3.456318e-02;5.506478e-02;9.272641e-02;2.029647e-02;2.300209e-02;3.899811e-02
1.164265e-01;2.348550e-01;3.353643e-01;1.351017e-02;1.539057e-02;7.936866e-02;2.404323e-02;2.207636e-02;1.077137e-01;1.895351e-02;1.057811e-02;2.171990e-02
2.323066e-02;1.868483e-01;5.075673e-01;2.268932e-02;1.621908e-02;9.169900e-02;3.021614e-02;1.326147e-02;6.468792e-02;2.192795e-02;5.907220e-03;1.574558e-02
1.947976e-02;1.454869e-01;5.689743e-01;3.985908e-02;2.538505e-02;5.693683e-02;5.434367e-02;7.523927e-03;1.707900e-02;3.907001e-02;1.457657e-02;1.128495e-02
5.818908e-02;1.372431e-01;4.407662e-01;7.675394e-02;4.465939e-02;4.102221e-02;7.197075e-02;1.146195e-02;1.964718e-02;5.226628e-02;2.738323e-02;1.863670e-02
6.210599e-02;1.659873e-01;2.167729e-01;1.183469e-01;6.830338e-02;8.188785e-02;1.142213e-01;1.373306e-02;1.755286e-02;6.030218e-02;5.067069e-02;3.011563e-02
6.642896e-02;1.434800e-01;3.777032e-01;7.314444e-02;3.897904e-02;7.831451e-02;7.856525e-02;1.620593e-02;2.410409e-02;4.156984e-02;4.142478e-02;2.008002e-02
7.102438e-02;1.023540e-01;4.621287e-01;5.866491e-02;3.533103e-02;5.984823e-02;6.204206e-02;2.252478e-02;4.010082e-02;3.132493e-02;3.417923e-02;2.047694e-02
6.121939e-02;9.077535e-02;4.903163e-01;5.384127e-02;3.158313e-02;5.327248e-02;6.309322e-02;1.946139e-02;4.449579e-02;3.541213e-02;2.988905e-02;2.664047e-02
8.138207e-02;1.405310e-01;4.732154e-01;6.652784e-02;3.245437e-02;4.067678e-02;7.580727e-02;6.943060e-03;2.427162e-02;2.297247e-02;1.332955e-02;2.188857e-02
6.845047e-02;1.591776e-01;4.631470e-01;8.352709e-02;4.049978e-02;2.311344e-02;8.051786e-02;1.369895e-02;1.332323e-02;2.328360e-02;1.930825e-02;1.195270e-02
6.584503e-02;8.878126e-02;3.204529e-01;7.087190e-02;5.368944e-02;5.630056e-02;1.089350e-01;5.499339e-02;4.064135e-02;6.254583e-02;3.974952e-02;3.719382e-02
4.403635e-02;5.818408e-02;2.418168e-01;8.213110e-02;1.186558e-01;8.207549e-02;1.124525e-01;4.848814e-02;7.088573e-02;5.072100e-02;3.673225e-02;5.382068e-02
4.599852e-02;4.188098e-02;2.306644e-01;9.723277e-02;1.270874e-01;6.210367e-02;1.023449e-01;3.931691e-02;8.225285e-02;5.648536e-02;6.878614e-02;4.584608e-02
3.492832e-02;2.830745e-02;2.696730e-01;1.469121e-01;1.120867e-01;4.137467e-02;6.685235e-02;4.142453e-02;6.782862e-02;4.554339e-02;1.155303e-01;2.953856e-02
4.313238e-02;2.961492e-02;3.820606e-01;1.560471e-01;7.179335e-02;1.786131e-02;3.631213e-02;2.652607e-02;4.374084e-02;5.313095e-02;1.173923e-01;2.238807e-02
6.786398e-02;8.713488e-02;4.273984e-01;1.008229e-01;3.598746e-02;1.483095e-02;2.351470e-02;1.957334e-02;5.239080e-02;9.584421e-02;4.558318e-02;2.905527e-02
1.271576e-01;1.621237e-01;2.793174e-01;6.325671e-02;2.793432e-02;2.200940e-02;2.980668e-02;5.034967e-02;8.743500e-02;8.448356e-02;2.303632e-02;4.308962e-02
1.788191e-01;1.419647e-01;1.490778e-01;5.086223e-02;3.298527e-02;3.774781e-02;7.317298e-02;7.872862e-02;7.781862e-02;7.326785e-02;4.702727e-02;5.852773e-02
1.458881e-01;8.851097e-02;1.261045e-01;5.451746e-02;4.896401e-02;7.718560e-02;9.010111e-02;7.168015e-02;5.795711e-02;9.635939e-02;7.005268e-02;7.267899e-02
9.748289e-02;9.220655e-02;1.486128e-01;7.214059e-02;7.673579e-02;8.568855e-02;6.792810e-02;5.838408e-02;8.115443e-02;1.095669e-01;6.150129e-02;4.859805e-02
5.878994e-02;1.141674e-01;1.694790e-01;8.771995e-02;8.056411e-02;6.273954e-02;9.510494e-02;6.444983e-02;1.017419e-01;1.025504e-01;3.766631e-02;2.502663e-02
8.788967e-02;1.337910e-01;1.540039e-01;7.443645e-02;6.187667e-02;5.558450e-02;1.530672e-01;5.247990e-02;7.601431e-02;7.195428e-02;3.652773e-02;4.237432e-02
1.540590e-01;9.217598e-02;7.744291e-02;6.018657e-02;7.797161e-02;7.628990e-02;1.503106e-01;3.231452e-02;9.258961e-02;6.267636e-02;3.970606e-02;8.427683e-02
1.576037e-01;4.695478e-02;7.735219e-02;5.215838e-02;1.183534e-01;8.654419e-02;8.203205e-02;6.473061e-02;1.385508e-01;4.805900e-02;2.758914e-02;1.000717e-01
1.277753e-01;9.275620e-02;7.820586e-02;6.776235e-02;1.051126e-01;6.956333e-02;5.595746e-02;9.843887e-02;1.182436e-01;4.300549e-02;7.226405e-02;7.091500e-02
8.911957e-02;1.047443e-01;9.250072e-02;8.006810e-02;7.127335e-02;5.787898e-02;5.180634e-02;1.339975e-01;9.796326e-02;5.087222e-02;1.244580e-01;4.531764e-02
1.077019e-01;6.261397e-02;1.236198e-01;6.424531e-02;4.655707e-02;3.535128e-02;8.046245e-02;1.312969e-01;8.666164e-02;7.013164e-02;1.390289e-01;5.232913e-02
1.461935e-01;2.414483e-02;1.446845e-01;4.012604e-02;3.057788e-02;1.890186e-02;1.032501e-01;1.229820e-01;8.703475e-02;8.056223e-02;1.265648e-01;7.497741e-02
1.666015e-01;3.109389e-02;1.520793e-01;3.889937e-02;3.613739e-02;2.689512e-02;1.246069e-01;1.047508e-01;6.095761e-02;1.024894e-01;8.726655e-02;6.822216e-02
1.952180e-01;4.128135e-02;1.711685e-01;2.626009e-02;4.211736e-02;2.685904e-02;1.520223e-01;8.440421e-02;3.837189e-02;1.557479e-01;3.784303e-02;2.870627e-02
2.082932e-01;4.783161e-02;1.740922e-01;1.916016e-02;4.162796e-02;1.405763e-02;1.550407e-01;6.358998e-02;3.094896e-02;1.719395e-01;3.291037e-02;4.050765e-02
2.017746e-01;4.593160e-02;1.664936e-01;1.549318e-02;3.852173e-02;1.528713e-02;1.502441e-01;7.037026e-02;4.228712e-02;1.731639e-01;3.375437e-02;4.667834e-02
1.670650e-01;3.429669e-02;1.417004e-01;2.416103e-02;2.699088e-02;2.212279e-02;1.315216e-01;7.940456e-02;5.488379e-02;1.603081e-01;4.945345e-02;1.080917e-01
1.062329e-01;2.494589e-02;1.183326e-01;4.770743e-02;2.515613e-02;3.302636e-02;1.076221e-01;8.512795e-02;5.949911e-02;1.191024e-01;1.255920e-01;1.476552e-01
4.660482e-02;4.820618e-02;1.011355e-01;6.661574e-02;3.337562e-02;5.218579e-02;8.953824e-02;1.265726e-01;4.624421e-02;7.754558e-02;2.052887e-01;1.066870e-01
6.256650e-02;7.007697e-02;8.571765e-02;6.678971e-02;4.985989e-02;4.563892e-02;8.131626e-02;1.542156e-01;6.003594e-02;7.543626e-02;1.721377e-01;7.620854e-02
9.683969e-02;6.706315e-02;1.003910e-01;8.119961e-02;8.257100e-02;2.946899e-02;6.541983e-02;1.156938e-01;6.871511e-02;8.952546e-02;8.508312e-02;1.180293e-01
1.015682e-01;5.060285e-02;1.129309e-01;1.094084e-01;1.142181e-01;4.609033e-02;6.333104e-02;4.824445e-02;7.885642e-02;5.864991e-02;6.582493e-02;1.502745e-01
1.352367e-01;7.854666e-02;9.766094e-02;9.399539e-02;1.211998e-01;6.950980e-02;8.405767e-02;3.334396e-02;8.362412e-02;4.013237e-02;4.579088e-02;1.169018e-01
2.377368e-01;1.010021e-01;7.795175e-02;5.479597e-02;8.208856e-02;7.649286e-02;1.476491e-01;2.728839e-02;4.097919e-02;6.338625e-02;2.945418e-02;6.117497e-02
2.281201e-01;1.175995e-01;7.500406e-02;2.728467e-02;5.069558e-02;6.471174e-02;2.575143e-01;2.014420e-02;2.801061e-02;4.679004e-02;2.209659e-02;6.202864e-02
1.417454e-01;1.318989e-01;4.077709e-02;2.446926e-02;5.231558e-02;5.488243e-02;3.677924e-01;3.207657e-02;4.202499e-02;3.207146e-02;2.674579e-02;5.320009e-02
5.858146e-02;1.015692e-01;3.834923e-02;4.253407e-02;5.790038e-02;4.697039e-02;4.213795e-01;5.197608e-02;4.914094e-02;3.089421e-02;4.591537e-02;5.478919e-02
3.603177e-02;6.897625e-02;7.628713e-02;5.730188e-02;6.555594e-02;4.669337e-02;4.057683e-01;4.831406e-02;5.204803e-02;3.176992e-02;7.011700e-02;4.113637e-02
4.738555e-02;8.234985e-02;8.721327e-02;5.212766e-02;8.152571e-02;6.094641e-02;3.042862e-01;3.458147e-02;7.133220e-02;4.853426e-02;8.308363e-02;4.663384e-02
4.197219e-02;8.822619e-02;1.433908e-01;3.856402e-02;7.292281e-02;5.959743e-02;2.157754e-01;3.802559e-02;8.903324e-02;8.319549e-02;5.549602e-02;7.380076e-02
2.251830e-02;7.436828e-02;2.029752e-01;2.682689e-02;7.347594e-02;5.292083e-02;1.324185e-01;7.226432e-02;9.130308e-02;1.315705e-01;3.222905e-02;8.712901e-02
3.754994e-02;4.040110e-02;1.478482e-01;6.404465e-02;6.648552e-02;3.412132e-02;1.573339e-01;8.710065e-02;1.044337e-01;1.460390e-01;4.748188e-02;6.716020e-02
4.477048e-02;3.666021e-02;8.071360e-02;7.618967e-02;5.329066e-02;3.389621e-02;1.861937e-01;7.280507e-02;1.416971e-01;1.674966e-01;6.645366e-02;3.983299e-02
4.542999e-02;3.834424e-02;5.646506e-02;8.601150e-02;9.161788e-02;3.531704e-02;1.132728e-01;6.561343e-02;1.205437e-01;2.238497e-01;8.737126e-02;3.616334e-02
4.232549e-02;4.121758e-02;2.806439e-02;5.922026e-02;1.157572e-01;4.575195e-02;4.053976e-02;7.846569e-02;9.494294e-02;2.757153e-01;1.416559e-01;3.634351e-02
3.845599e-02;5.029850e-02;3.187528e-02;3.488144e-02;7.371229e-02;4.969884e-02;4.304077e-02;7.884741e-02;7.082561e-02;2.362832e-01;2.523425e-01;3.973821e-02
6.697166e-02;2.368413e-02;5.025346e-02;2.178028e-02;2.836907e-02;6.933940e-02;4.993178e-02;4.823152e-02;3.831714e-02;1.456426e-01;3.903722e-01;6.710682e-02
1.448054e-01;2.608675e-02;6.406294e-02;1.548228e-02;1.942123e-02;9.273171e-02;3.351674e-02;2.465821e-02;2.771340e-02;1.034689e-01;3.589950e-01;8.905745e-02
1.681568e-01;3.086421e-02;5.950804e-02;9.017148e-03;2.804846e-02;1.180069e-01;1.782577e-02;4.850776e-02;3.247994e-02;1.270335e-01;2.724218e-01;8.812964e-02
1.223458e-01;3.333078e-02;4.898746e-02;9.772759e-03;5.666876e-02;1.381630e-01;3.081296e-02;9.987171e-02;2.510563e-02;1.613062e-01;2.096298e-01;6.400508e-02
8.153002e-02;6.007098e-02;2.856528e-02;1.490850e-02;1.047512e-01;1.244768e-01;3.479011e-02;1.365549e-01;3.683233e-02;1.990012e-01;1.364417e-01;4.207699e-02
7.328399e-02;7.855824e-02;2.571628e-02;1.749836e-02;1.251516e-01;6.488370e-02;2.693898e-02;8.937761e-02;4.724919e-02;2.298123e-01;1.695938e-01;5.193602e-02
5.559541e-02;8.827022e-02;4.119899e-02;3.193117e-02;1.134887e-01;7.036914e-02;3.323808e-02;5.230497e-02;5.254667e-02;2.178608e-01;1.861649e-01;5.703095e-02
1.016582e-01;6.219485e-02;9.144473e-02;5.252282e-02;5.098535e-02;1.059375e-01;1.195031e-01;5.102953e-02;4.503023e-02;1.147308e-01;1.363961e-01;6.856684e-02
1.539361e-01;4.465340e-02;7.982098e-02;6.172362e-02;2.515196e-02;7.992829e-02;1.822090e-01;8.042769e-02;2.709815e-02;8.333475e-02;9.152389e-02;9.019221e-02
2.156890e-01;4.119349e-02;5.576148e-02;5.516179e-02;2.204566e-02;3.696336e-02;1.758938e-01;1.874038e-01;1.095389e-02;7.471834e-02;4.950545e-02;7.470991e-02
2.709761e-01;4.620285e-02;6.171643e-02;3.137668e-02;1.610605e-02;1.453436e-02;9.548695e-02;3.142585e-01;3.027075e-02;5.105343e-02;2.578449e-02;4.223339e-02
2.913667e-01;5.231008e-02;7.695173e-02;1.070123e-02;3.829166e-02;6.755669e-03;4.194377e-02;3.501910e-01;3.612414e-02;2.050946e-02;4.078045e-02;3.407409e-02
2.651353e-01;5.830410e-02;9.797100e-02;6.475885e-03;6.127420e-02;6.614519e-03;4.714283e-02;3.021383e-01;4.210750e-02;2.159999e-02;5.649611e-02;3.474019e-02
2.436787e-01;4.172469e-02;6.052935e-02;1.768533e-02;7.878450e-02;1.520972e-02;7.317512e-02;2.618310e-01;6.012201e-02;3.150323e-02;6.534214e-02;5.041418e-02
2.328995e-01;3.270269e-02;1.373639e-01;3.312977e-02;7.118078e-02;2.525051e-02;8.303326e-02;1.826602e-01;3.852116e-02;3.358290e-02;6.065353e-02;6.902185e-02
2.179223e-01;6.711435e-02;1.347837e-01;4.190812e-02;4.911285e-02;3.285219e-02;9.861020e-02;1.109864e-01;2.757581e-02;4.723854e-02;8.197042e-02;8.992512e-02
9.472804e-02;9.298379e-02;1.863201e-01;4.026395e-02;4.891329e-02;5.521904e-02;9.950852e-02;8.975383e-02;4.753638e-02;6.838116e-02;9.065907e-02;8.573285e-02
9.041065e-02;1.042126e-01;1.668714e-01;4.817311e-02;8.373917e-02;7.513068e-02;1.046515e-01;6.345831e-02;4.767211e-02;5.846510e-02;8.001973e-02;7.719576e-02
1.579437e-01;6.601419e-02;9.645759e-02;4.203146e-02;1.173258e-01;7.237774e-02;8.762459e-02;1.055005e-01;7.553896e-02;6.633046e-02;4.797192e-02;6.488305e-02
1.047392e-01;5.461018e-02;4.473758e-02;4.565796e-02;1.016175e-01;9.866726e-02;7.276207e-02;1.077329e-01;9.736871e-02;7.770155e-02;8.258209e-02;1.118230e-01
7.888222e-02;6.206299e-02;9.705747e-02;3.977079e-02;9.251457e-02;1.000765e-01;8.447161e-02;8.311173e-02;1.010830e-01;6.084972e-02;8.520406e-02;1.149153e-01
9.089577e-02;8.824138e-02;1.952073e-01;3.365359e-02;5.924029e-02;7.018582e-02;6.577312e-02;7.631238e-02;9.871009e-02;5.473254e-02;8.756626e-02;7.948144e-02
1.256021e-01;1.026436e-01;1.805250e-01;3.536968e-02;4.856347e-02;3.589148e-02;5.005638e-02;9.892868e-02;1.100279e-01;5.346514e-02;1.120837e-01;4.684287e-02
1.957700e-01;9.003344e-02;1.130628e-01;2.088382e-02;5.434201e-02;1.779180e-02;3.818549e-02;1.766817e-01;8.594927e-02;3.472165e-02;1.430808e-01;2.949729e-02
2.700741e-01;6.103542e-02;6.786231e-02;5.217559e-03;6.859542e-02;6.762352e-03;2.338862e-02;2.776597e-01;3.861859e-02;1.716972e-02;1.435013e-01;2.011503e-02
2.593756e-01;6.713080e-02;5.633429e-02;4.817435e-03;6.925472e-02;1.793273e-03;2.630807e-02;2.860242e-01;4.523196e-02;1.532160e-02;1.501419e-01;1.826612e-02
1.869229e-01;1.085899e-01;6.279196e-02;1.425484e-02;4.878338e-02;1.040747e-02;2.572352e-02;2.035792e-01;1.411554e-01;1.864420e-02;1.586227e-01;2.052452e-02
1.080555e-01;1.547995e-01;1.093210e-01;2.269335e-02;2.222358e-02;2.407846e-02;1.920462e-02;1.078263e-01;2.547815e-01;2.937914e-02;9.209014e-02;5.554692e-02
4.458655e-02;1.664685e-01;2.093924e-01;2.366488e-02;1.047246e-02;2.860034e-02;1.399191e-02;5.482999e-02;2.601469e-01;6.242118e-02;2.528884e-02;1.001361e-01
7.209002e-02;1.331323e-01;2.796793e-01;2.799127e-02;2.918812e-02;2.390296e-02;4.165084e-02;3.301704e-02;1.482177e-01;9.458484e-02;2.355623e-02;9.298939e-02
1.132975e-01;8.944715e-02;2.853451e-01;4.188295e-02;4.738202e-02;3.958542e-02;6.803645e-02;3.842446e-02;7.892440e-02;9.275874e-02;3.714975e-02;6.776603e-02
7.545859e-02;3.499909e-02;3.040672e-01;7.744427e-02;7.393378e-02;4.389181e-02;6.376054e-02;6.215974e-02;9.477207e-02;5.687734e-02;7.765176e-02;3.498374e-02
2.494239e-02;6.772047e-02;2.944475e-01;1.047540e-01;1.074753e-01;4.193608e-02;3.197863e-02;7.674850e-02;6.119996e-02;3.676747e-02;1.118345e-01;4.019518e-02
7.638124e-03;6.315965e-02;2.172681e-01;1.208134e-01;1.638450e-01;5.531810e-02;3.541736e-02;8.559148e-02;4.628294e-02;3.276746e-02;1.040772e-01;6.782112e-02
1.156116e-02;3.500735e-02;2.341724e-01;1.131081e-01;2.028654e-01;6.732409e-02;5.158263e-02;5.361098e-02;6.210596e-02;1.770047e-02;7.585739e-02;7.510415e-02
1.657510e-02;1.936928e-02;3.368407e-01;1.159084e-01;1.963343e-01;6.874528e-02;5.467833e-02;1.759596e-02;3.798992e-02;1.729060e-02;7.252426e-02;4.614783e-02
2.271041e-02;2.611400e-02;4.451962e-01;1.138953e-01;1.476890e-01;5.408510e-02;3.218133e-02;2.304467e-02;2.697537e-02;2.369646e-02;6.180582e-02;2.260643e-02
4.627591e-02;3.669311e-02;4.706316e-01;8.476179e-02;1.040644e-01;4.490158e-02;3.808575e-02;3.905822e-02;3.810664e-02;3.854377e-02;4.266449e-02;1.621276e-02
7.138542e-02;4.256228e-02;3.327309e-01;6.950642e-02;6.211811e-02;8.236340e-02;6.613782e-02;6.457649e-02;4.758728e-02;6.650361e-02;6.013333e-02;3.439491e-02
8.224007e-02;6.264026e-02;1.661562e-01;6.596524e-02;6.500630e-02;1.020944e-01;1.139977e-01;6.768131e-02;8.674021e-02;7.454427e-02;6.528448e-02;4.764952e-02
9.195859e-02;7.476262e-02;9.841474e-02;7.298149e-02;8.252189e-02;7.605724e-02;1.603016e-01;6.215844e-02;9.636433e-02;6.248685e-02;7.767656e-02;4.431565e-02
1.007358e-01;8.602008e-02;7.813714e-02;6.423327e-02;8.880764e-02;5.310828e-02;1.783088e-01;6.722749e-02;1.092490e-01;6.087767e-02;7.202715e-02;4.126775e-02
9.487607e-02;9.996739e-02;1.119050e-01;4.603691e-02;5.926115e-02;8.743421e-02;1.363708e-01;6.866153e-02;1.197414e-01;7.118147e-02;4.849659e-02;5.606746e-02
7.201936e-02;8.604242e-02;1.420231e-01;5.504971e-02;4.712418e-02;1.235456e-01;7.533937e-02;7.803675e-02;1.144308e-01;1.018827e-01;6.156221e-02;4.294369e-02
6.899467e-02;6.318805e-02;1.357802e-01;7.370637e-02;5.024061e-02;1.195304e-01;5.764298e-02;7.112259e-02;1.326018e-01;1.021039e-01;8.591257e-02;3.917589e-02
7.429247e-02;6.476938e-02;1.670038e-01;7.401104e-02;4.583034e-02;1.001386e-01;4.150842e-02;4.429255e-02;1.096098e-01;8.692322e-02;1.162048e-01;7.541560e-02
5.053199e-02;8.225622e-02;1.490468e-01;8.548245e-02;6.962048e-02;6.527328e-02;5.949654e-02;4.127143e-02;8.107463e-02;1.094030e-01;5.892865e-02;1.476145e-01
9.798386e-02;8.506031e-02;1.367086e-01;7.045283e-02;5.552023e-02;5.572763e-02;5.325237e-02;5.563800e-02;6.425873e-02;1.128219e-01;6.782771e-02;1.447478e-01
1.528986e-01;1.064074e-01;1.048459e-01;6.202391e-02;5.343428e-02;7.239818e-02;6.748682e-02;5.454928e-02;6.860891e-02;9.903222e-02;3.805999e-02;1.202544e-01
1.638369e-01;1.313855e-01;1.164872e-01;6.709552e-02;5.371546e-02;5.814462e-02;7.079898e-02;4.367680e-02;5.845756e-02;1.031000e-01;3.734176e-02;9.595975e-02
1.300976e-01;1.058441e-01;2.109637e-01;5.595532e-02;1.070584e-01;2.689590e-02;7.752316e-02;3.992825e-02;3.886246e-02;1.182595e-01;3.985402e-02;4.875746e-02
7.628431e-02;5.770961e-02;1.993949e-01;7.726247e-02;1.313389e-01;5.650273e-02;1.464528e-01;3.827685e-02;4.306551e-02;9.565873e-02;4.080950e-02;3.724375e-02
6.071144e-02;3.255439e-02;1.363782e-01;7.260315e-02;1.276420e-01;8.684161e-02;1.850268e-01;4.191123e-02;7.693791e-02;9.165134e-02;5.097914e-02;3.676279e-02
4.603509e-02;3.231543e-02;1.106277e-01;5.611319e-02;1.402625e-01;1.111254e-01;1.786571e-01;6.692819e-02;1.059500e-01;7.735209e-02;4.414164e-02;3.049177e-02
2.875083e-02;2.969907e-02;1.164709e-01;4.113899e-02;1.040282e-01;1.264451e-01;2.637648e-01;9.716694e-02;1.035588e-01;4.703025e-02;2.008648e-02;2.185971e-02
2.910266e-02;5.315679e-02;1.256116e-01;3.818049e-02;1.084315e-01;7.557508e-02;3.463943e-01;8.516796e-02;7.780584e-02;2.994633e-02;1.786985e-02;1.275763e-02
2.995759e-02;8.682352e-02;1.052263e-01;3.203462e-02;1.513574e-01;8.002044e-02;3.736215e-01;5.887052e-02;3.774868e-02;1.675675e-02;2.275658e-02;4.826068e-03
3.417619e-02;1.157756e-01;8.413002e-02;1.962133e-02;1.128011e-01;9.858568e-02;3.659822e-01;6.595057e-02;5.733779e-02;2.052726e-02;2.096350e-02;4.148753e-03
4.512474e-02;1.507642e-01;8.877560e-02;2.349116e-02;5.386274e-02;8.031229e-02;3.507503e-01;7.652127e-02;7.859861e-02;2.668609e-02;2.075007e-02;4.362856e-03
5.548324e-02;1.849978e-01;1.227966e-01;2.125130e-02;3.845467e-02;5.242983e-02;3.301042e-01;6.592273e-02;7.254345e-02;2.703955e-02;2.490193e-02;4.074615e-03
9.334055e-02;2.059851e-01;1.122786e-01;1.101521e-02;3.666700e-02;3.889712e-02;3.171465e-01;4.670857e-02;6.599903e-02;2.307848e-02;2.635197e-02;2.253186e-02
1.503307e-01;1.829498e-01;7.353352e-02;8.862395e-03;3.703507e-02;4.179407e-02;2.979815e-01;3.451167e-02;6.883318e-02;3.238744e-02;2.305641e-02;4.872428e-02
1.668053e-01;1.527166e-01;7.717778e-02;1.708150e-02;4.606739e-02;5.432277e-02;2.717727e-01;2.509719e-02;5.655028e-02;5.148298e-02;2.185110e-02;5.907440e-02
1.255194e-01;1.777888e-01;1.268075e-01;2.370969e-02;4.788128e-02;5.150390e-02;2.570467e-01;3.087889e-02;3.731446e-02;6.055855e-02;2.122976e-02;3.976110e-02
1.273649e-01;2.343452e-01;1.527479e-01;2.094475e-02;3.458533e-02;4.094846e-02;2.422906e-01;3.233708e-02;2.840011e-02;4.599295e-02;1.960663e-02;2.043612e-02
2.026511e-01;2.455369e-01;9.577510e-02;1.578042e-02;5.301942e-02;4.901121e-02;1.885383e-01;4.208709e-02;2.192705e-02;3.366056e-02;2.225040e-02;2.976235e-02
2.159131e-01;1.937852e-01;5.615576e-02;2.028365e-02;7.003903e-02;5.998682e-02;1.871029e-01;7.356359e-02;3.065503e-02;4.005007e-02;1.936533e-02;3.309942e-02
1.744937e-01;1.087604e-01;7.220747e-02;2.649847e-02;9.941217e-02;7.787155e-02;2.036105e-01;9.393090e-02;4.726802e-02;4.255101e-02;1.819254e-02;3.520329e-02
1.082383e-01;5.545033e-02;1.221080e-01;4.049725e-02;1.037436e-01;6.576157e-02;1.029633e-01;7.873591e-02;7.370610e-02;1.355449e-01;5.623004e-02;5.702071e-02
9.294967e-02;6.835493e-02;1.201237e-01;4.690193e-02;8.316037e-02;4.906758e-02;9.596737e-02;5.808799e-02;8.651958e-02;1.664678e-01;7.020122e-02;6.219789e-02
1.033462e-01;7.598677e-02;1.139726e-01;5.187549e-02;7.220232e-02;3.784022e-02;1.083001e-01;6.919491e-02;1.013845e-01;1.394851e-01;6.102733e-02;6.538455e-02
1.143802e-01;8.172314e-02;9.592891e-02;4.935535e-02;7.316092e-02;3.995894e-02;1.088076e-01;1.123095e-01;1.157064e-01;1.083222e-01;4.431709e-02;5.602977e-02
9.201423e-02;7.448433e-02;1.152883e-01;3.515396e-02;7.074925e-02;4.257085e-02;8.377743e-02;1.738889e-01;1.131643e-01;1.194518e-01;3.420898e-02;4.524761e-02
1.104214e-01;7.353497e-02;9.083112e-02;2.815259e-02;8.181138e-02;5.076660e-02;8.507711e-02;1.253476e-01;9.187902e-02;1.374876e-01;5.651672e-02;6.817392e-02
1.282665e-01;7.558212e-02;7.329316e-02;2.404843e-02;6.566822e-02;4.393539e-02;8.529034e-02;6.306930e-02;1.617472e-01;1.165185e-01;1.060813e-01;5.649954e-02
