6.319876e-02;5.307221e-02;1.310369e-01;1.316206e-01;8.396714e-02;1.000640e-01;8.002380e-02;7.143958e-02;1.138160e-01;6.716229e-02;6.700191e-02;3.759680e-02
1.184253e-01;4.876181e-02;1.279996e-01;1.047600e-01;7.174376e-02;9.267185e-02;6.294340e-02;6.633156e-02;1.299755e-01;8.771030e-02;4.587932e-02;4.279760e-02
1.518176e-01;5.415659e-02;1.330509e-01;7.814643e-02;6.475458e-02;6.794462e-02;8.977406e-02;5.215224e-02;1.153045e-01;8.129599e-02;5.370009e-02;5.790244e-02
1.294681e-01;6.763164e-02;1.002641e-01;7.434560e-02;6.750671e-02;6.001831e-02;1.248384e-01;6.191607e-02;9.057567e-02;7.311727e-02;9.322641e-02;5.709184e-02
4.885558e-02;8.894280e-02;9.826763e-02;9.518418e-02;7.819305e-02;7.623179e-02;1.324393e-01;7.157047e-02;7.151370e-02;8.005545e-02;7.532281e-02;8.342328e-02
3.620351e-02;7.041421e-02;1.080497e-01;1.080492e-01;6.612628e-02;7.849869e-02;1.220459e-01;7.581539e-02;8.142142e-02;9.430946e-02;6.023562e-02;9.883064e-02
5.520499e-02;6.000383e-02;1.448696e-01;1.002989e-01;6.442648e-02;5.618817e-02;1.266395e-01;6.444244e-02;8.195420e-02;9.252803e-02;6.069192e-02;9.275184e-02
9.441648e-02;7.166383e-02;1.408302e-01;1.100980e-01;6.220583e-02;5.595238e-02;1.259378e-01;6.431423e-02;6.234599e-02;9.370568e-02;6.810634e-02;5.042327e-02
9.150745e-02;7.570310e-02;1.284421e-01;7.489300e-02;8.999491e-02;7.965536e-02;9.134796e-02;9.625006e-02;6.309963e-02;1.146504e-01;6.935684e-02;2.509917e-02
1.027486e-01;8.414353e-02;1.144027e-01;5.831624e-02;1.196034e-01;8.884197e-02;6.113870e-02;1.155426e-01;7.083391e-02;8.522067e-02;6.555854e-02;3.364912e-02
8.962995e-02;6.225259e-02;1.122995e-01;8.006144e-02;1.247571e-01;9.071239e-02;7.306904e-02;1.215234e-01;5.613341e-02;5.815428e-02;6.993431e-02;6.147256e-02
7.396108e-02;6.460480e-02;1.033211e-01;7.120821e-02;1.100886e-01;6.538545e-02;1.026982e-01;9.485766e-02;6.659649e-02;6.223390e-02;8.317600e-02;1.018685e-01
5.451980e-02;7.733195e-02;1.508018e-01;5.596865e-02;1.022841e-01;4.726760e-02;1.250549e-01;1.031090e-01;9.603039e-02;4.814286e-02;5.780229e-02;8.168658e-02
8.130031e-02;7.500739e-02;1.215152e-01;4.726252e-02;8.717461e-02;5.050949e-02;9.237703e-02;1.082949e-01;1.367102e-01;6.191308e-02;5.529358e-02;8.264162e-02
1.447928e-01;1.145944e-01;9.536887e-02;3.455319e-02;6.115030e-02;5.331627e-02;4.421716e-02;8.494313e-02;1.591026e-01;5.429571e-02;5.012928e-02;1.035362e-01
1.355063e-01;1.269940e-01;1.330276e-01;4.426813e-02;4.940541e-02;4.633366e-02;3.001152e-02;9.615535e-02;8.707099e-02;1.198018e-01;7.115349e-02;6.027178e-02
1.237830e-01;1.055641e-01;1.492331e-01;4.131909e-02;3.421247e-02;2.947560e-02;5.297359e-02;8.287642e-02;1.134261e-01;8.943847e-02;1.014339e-01;7.626409e-02
1.099082e-01;7.591212e-02;1.696660e-01;5.743738e-02;2.593189e-02;3.536882e-02;5.762765e-02;5.985797e-02;9.657235e-02;6.460226e-02;1.402309e-01;1.068845e-01
9.851153e-02;3.365796e-02;2.113854e-01;6.185750e-02;1.978249e-02;7.181065e-02;4.615448e-02;3.120220e-02;5.818749e-02;5.238942e-02;2.078425e-01;1.072183e-01
9.493130e-02;3.001638e-02;2.405137e-01;3.703667e-02;1.246542e-02;1.281499e-01;2.997680e-02;1.154725e-02;2.824029e-02;5.367649e-02;2.765546e-01;5.689118e-02
7.780542e-02;6.175472e-02;1.903750e-01;1.147863e-02;2.490098e-02;1.899546e-01;2.309224e-02;1.208847e-02;4.053709e-02;6.180198e-02;2.851114e-01;2.109935e-02
6.472443e-02;5.102123e-02;1.530540e-01;2.101097e-02;2.024581e-02;2.211085e-01;2.159401e-02;1.100481e-02;3.298504e-02;4.979194e-02;3.162290e-01;3.723026e-02
4.347409e-02;3.290081e-02;1.929689e-01;1.571720e-02;1.348920e-02;1.889347e-01;1.485652e-02;9.454181e-03;2.539534e-02;4.044886e-02;3.886989e-01;3.366135e-02
2.122334e-02;8.177605e-02;1.667399e-01;1.569299e-02;1.450171e-02;1.503004e-01;1.312938e-02;1.785457e-02;4.440300e-02;1.203039e-01;3.397388e-01;1.433604e-02
1.043903e-02;7.583188e-02;1.032827e-01;1.858914e-02;2.804771e-02;1.400128e-01;2.240025e-02;2.570563e-02;7.437708e-02;2.176387e-01;2.509988e-01;3.267619e-02
3.231566e-02;3.403804e-02;5.112814e-02;1.437545e-02;4.433729e-02;1.743058e-01;2.408118e-02;2.290169e-02;6.853379e-02;2.214246e-01;2.744204e-01;3.813805e-02
3.574016e-02;9.535376e-03;8.596925e-02;9.449903e-03;5.444704e-02;2.341712e-01;1.548945e-02;1.857710e-02;2.489098e-02;8.981251e-02;3.963747e-01;2.554232e-02
1.159233e-02;6.996551e-03;9.186894e-02;5.175536e-03;4.013287e-02;2.687818e-01;4.455289e-02;1.551465e-02;2.918544e-02;4.293357e-02;4.114865e-01;3.177889e-02
1.024352e-02;1.015364e-02;9.480986e-02;7.575253e-03;3.063377e-02;3.047304e-01;2.459126e-02;1.851898e-02;1.870057e-02;3.511758e-02;4.234285e-01;2.149665e-02
1.447766e-02;1.508112e-02;8.781212e-02;5.648285e-03;3.252833e-02;2.971659e-01;3.260317e-02;9.070750e-03;1.822961e-02;5.452358e-02;4.036910e-01;2.916847e-02
2.142750e-02;1.729628e-02;4.446321e-02;7.410189e-03;3.613379e-02;2.390943e-01;3.412113e-02;1.399198e-02;1.695579e-02;6.197346e-02;4.392713e-01;6.786105e-02
3.099493e-02;6.755183e-02;4.677477e-02;1.085827e-02;3.526006e-02;1.235770e-01;5.008201e-02;3.372061e-02;1.531134e-02;5.289036e-02;4.176182e-01;1.153607e-01
3.489075e-02;1.382767e-01;6.396973e-02;7.798791e-03;4.030113e-02;6.035108e-02;3.973984e-02;5.483393e-02;1.872723e-02;1.262503e-01;3.190995e-01;9.576098e-02
2.911871e-02;2.343545e-01;8.064973e-02;1.485670e-02;5.269506e-02;3.233625e-02;3.131370e-02;7.577064e-02;1.989831e-02;1.742802e-01;2.019668e-01;5.275948e-02
2.849328e-02;3.316599e-01;4.607274e-02;1.815931e-02;6.608190e-02;2.099633e-02;2.151600e-02;9.498791e-02;2.408201e-02;2.129983e-01;1.090419e-01;2.591038e-02
3.251523e-02;3.077675e-01;6.106291e-02;2.428015e-02;4.982282e-02;5.832479e-02;2.053504e-02;8.311717e-02;1.619949e-02;1.746115e-01;1.606081e-01;1.115526e-02
5.896607e-02;1.976318e-01;1.175712e-01;1.985891e-02;1.945292e-02;9.584421e-02;1.893803e-02;5.194542e-02;1.462687e-02;9.955955e-02;2.928825e-01;1.272246e-02
7.456740e-02;9.969951e-02;1.524583e-01;1.232024e-02;7.789230e-03;1.186340e-01;1.817790e-02;3.287522e-02;1.673740e-02;6.437314e-02;3.856456e-01;1.672197e-02
5.589931e-02;4.408858e-02;1.487610e-01;9.151488e-03;1.460388e-02;1.230103e-01;2.574592e-02;2.462202e-02;1.838952e-02;1.019282e-01;4.142469e-01;1.955279e-02
4.096333e-02;3.194661e-02;1.223661e-01;1.337247e-02;3.242723e-02;1.101010e-01;4.222093e-02;1.914844e-02;2.804553e-02;1.296632e-01;3.878706e-01;4.187458e-02
6.722826e-02;3.033602e-02;1.150850e-01;2.555657e-02;4.346027e-02;1.036690e-01;6.841061e-02;2.595131e-02;3.055487e-02;1.242132e-01;3.229043e-01;4.263049e-02
8.745885e-02;1.534112e-02;1.111565e-01;3.381393e-02;4.783183e-02;1.184530e-01;1.164479e-01;3.058455e-02;5.365374e-02;9.967723e-02;2.332762e-01;5.230521e-02
9.869978e-02;3.009162e-02;6.274738e-02;1.868016e-02;4.371941e-02;1.764573e-01;1.003665e-01;1.389464e-02;5.868945e-02;8.132324e-02;2.678987e-01;4.743171e-02
1.139331e-01;4.638023e-02;5.663511e-02;2.092164e-02;4.267202e-02;1.543523e-01;6.760859e-02;1.515871e-02;4.497037e-02;8.709451e-02;3.119626e-01;3.831082e-02
1.450678e-01;4.369942e-02;9.072626e-02;3.388996e-02;3.495179e-02;1.196620e-01;6.101059e-02;3.295814e-02;3.979235e-02;9.982710e-02;2.522324e-01;4.618224e-02
1.652556e-01;9.692681e-02;1.792781e-01;2.471391e-02;3.955395e-02;5.035545e-02;9.605385e-02;8.132149e-02;5.516942e-02;7.715821e-02;1.063773e-01;2.783595e-02
1.900077e-01;9.381760e-02;1.750828e-01;3.433375e-02;3.787027e-02;1.622682e-02;1.269210e-01;1.310253e-01;4.424396e-02;4.108649e-02;5.404202e-02;5.534227e-02
1.810690e-01;7.804810e-02;1.102471e-01;6.009518e-02;2.283204e-02;2.312185e-02;1.883260e-01;1.535551e-01;4.183458e-02;2.716325e-02;3.260876e-02;8.109910e-02
1.460730e-01;5.464549e-02;5.246566e-02;8.184826e-02;1.308255e-02;2.323627e-02;2.966895e-01;1.536016e-01;2.149581e-02;2.790155e-02;1.761181e-02;1.113486e-01
1.194403e-01;2.875609e-02;1.371599e-02;8.155778e-02;1.537278e-02;4.213359e-02;3.943700e-01;1.099251e-01;1.164814e-02;3.663119e-02;1.890245e-02;1.275465e-01
1.350480e-01;1.739106e-02;1.320112e-02;6.510035e-02;1.113801e-02;6.800194e-02;4.093061e-01;9.124003e-02;9.390337e-03;4.197933e-02;1.329603e-02;1.249076e-01
1.809457e-01;2.122421e-02;1.230974e-02;5.245277e-02;1.222024e-02;8.664095e-02;3.414966e-01;1.049606e-01;1.140666e-02;3.952694e-02;1.271467e-02;1.241010e-01
2.479615e-01;3.034931e-02;2.113798e-02;4.171122e-02;1.285751e-02;8.655506e-02;2.413385e-01;1.033366e-01;1.432429e-02;3.983977e-02;2.733342e-02;1.332548e-01
3.172576e-01;4.051755e-02;4.174063e-02;3.318588e-02;2.890671e-02;5.820567e-02;1.357040e-01;8.921958e-02;2.187102e-02;4.910093e-02;4.944378e-02;1.348467e-01
3.366265e-01;4.203092e-02;4.638575e-02;2.473829e-02;4.665640e-02;6.750561e-02;1.003722e-01;7.174384e-02;2.326674e-02;5.533774e-02;7.671955e-02;1.086165e-01
3.029149e-01;4.558906e-02;3.567817e-02;1.847656e-02;3.609345e-02;7.900052e-02;1.857959e-01;5.614114e-02;2.831685e-02;5.573904e-02;1.023034e-01;5.395100e-02
2.199616e-01;4.957924e-02;3.671097e-02;2.341828e-02;1.808252e-02;8.628076e-02;2.205011e-01;3.856957e-02;1.834084e-02;8.831083e-02;1.044257e-01;9.581861e-02
2.004236e-01;1.567388e-02;3.236536e-02;1.916563e-02;3.773893e-02;8.156065e-02;2.453873e-01;4.394241e-02;2.300659e-02;1.092231e-01;8.651707e-02;1.049955e-01
2.404698e-01;3.151189e-02;2.695413e-02;1.439758e-02;5.367612e-02;6.130908e-02;2.484617e-01;8.984289e-02;2.272333e-02;7.791332e-02;5.604393e-02;7.669616e-02
2.092050e-01;4.242307e-02;2.390351e-02;3.999525e-02;6.175089e-02;6.430744e-02;2.520756e-01;1.410133e-01;2.496942e-02;6.087159e-02;2.954007e-02;4.994491e-02
9.491828e-02;2.110097e-02;2.909636e-02;4.626981e-02;1.415316e-01;7.102840e-02;2.920517e-01;1.071462e-01;1.600955e-02;1.355534e-01;1.306773e-02;3.222609e-02
5.439784e-02;9.464810e-03;2.045502e-02;2.899184e-02;2.102199e-01;1.327990e-01;2.395989e-01;9.716331e-02;1.309230e-02;1.610064e-01;1.024904e-02;2.256158e-02
4.078253e-02;2.359191e-02;6.019039e-02;6.298393e-02;2.537205e-01;1.209686e-01;1.439048e-01;1.124104e-01;9.456318e-03;1.347944e-01;1.527633e-02;2.191992e-02
8.384767e-02;5.201238e-02;1.467855e-01;7.929059e-02;1.935235e-01;8.123931e-02;1.464073e-01;6.972737e-02;1.083789e-02;8.373629e-02;2.522604e-02;2.736624e-02
1.110121e-01;8.543057e-02;1.658374e-01;6.838306e-02;1.163227e-01;6.872680e-02;1.486583e-01;4.168799e-02;3.621853e-02;6.659677e-02;5.008971e-02;4.103607e-02
6.723744e-02;1.052386e-01;1.327263e-01;5.290108e-02;7.282556e-02;7.007709e-02;7.581019e-02;6.009494e-02;8.991163e-02;1.107361e-01;9.922574e-02;6.321540e-02
1.343526e-01;5.410049e-02;2.429729e-01;3.383987e-02;4.778621e-02;5.181875e-02;2.099634e-01;3.680468e-02;5.056801e-02;6.543620e-02;4.941599e-02;2.294095e-02
1.877585e-01;5.786707e-02;1.786211e-01;2.657534e-02;4.682540e-02;4.160187e-02;2.667160e-01;3.137682e-02;2.225129e-02;5.080098e-02;4.947869e-02;4.012701e-02
2.335812e-01;4.858888e-02;9.510164e-02;2.375326e-02;2.062180e-02;2.349677e-02;2.900309e-01;3.800659e-02;1.945282e-02;4.764114e-02;6.860893e-02;9.111597e-02
1.951218e-01;2.685458e-02;6.026139e-02;2.513152e-02;1.926204e-02;3.162795e-02;2.784336e-01;3.860467e-02;3.710904e-02;5.119281e-02;9.569304e-02;1.407076e-01
8.003686e-02;1.778574e-02;6.863784e-02;2.270596e-02;2.254343e-02;4.242745e-02;2.325806e-01;3.860052e-02;5.935797e-02;6.839035e-02;1.668321e-01;1.801012e-01
9.289194e-02;1.840831e-02;7.414857e-02;1.118780e-02;1.983474e-02;3.746096e-02;1.521237e-01;4.117022e-02;5.844623e-02;5.987427e-02;2.298486e-01;2.046047e-01
8.795061e-02;2.453054e-02;6.325069e-02;1.032671e-02;2.257145e-02;4.613398e-02;9.890676e-02;4.066561e-02;6.794751e-02;5.558465e-02;2.622673e-01;2.198642e-01
7.409760e-02;2.692144e-02;6.250998e-02;8.920286e-03;1.751145e-02;5.658877e-02;1.024015e-01;3.549723e-02;6.750008e-02;6.401750e-02;2.762190e-01;2.078151e-01
6.637403e-02;3.678316e-02;7.007007e-02;2.185161e-02;2.862157e-02;6.709522e-02;8.248153e-02;4.498298e-02;6.407624e-02;7.245059e-02;2.558033e-01;1.894097e-01
1.325196e-01;5.704451e-02;9.885502e-02;3.719338e-02;4.087943e-02;4.322925e-02;1.048687e-01;7.962120e-02;7.327519e-02;4.797410e-02;1.567072e-01;1.278325e-01
1.408067e-01;5.416164e-02;8.722916e-02;3.492187e-02;3.356374e-02;7.354613e-02;1.652195e-01;8.777230e-02;7.246080e-02;5.120897e-02;1.293178e-01;6.979132e-02
9.395587e-02;3.063923e-02;5.996945e-02;2.830646e-02;3.957579e-02;1.253328e-01;1.752934e-01;6.992508e-02;6.301440e-02;6.212102e-02;2.101908e-01;4.167574e-02
6.651615e-02;1.403581e-02;3.136651e-02;1.554828e-02;5.036446e-02;1.830048e-01;1.241755e-01;2.836270e-02;4.090474e-02;8.133784e-02;3.473339e-01;1.704932e-02
6.264027e-02;2.548176e-02;2.050788e-02;1.440042e-02;5.713284e-02;1.815382e-01;6.011568e-02;1.790292e-02;2.926893e-02;1.304340e-01;3.807505e-01;1.982660e-02
4.675741e-02;2.663336e-02;1.893524e-02;1.273756e-02;6.239541e-02;1.698301e-01;5.127366e-02;2.023463e-02;2.917414e-02;1.372277e-01;4.133987e-01;1.140206e-02
2.082949e-02;2.478773e-02;1.838257e-02;1.176335e-02;6.281766e-02;1.552459e-01;4.144986e-02;1.672148e-02;2.833287e-02;1.488748e-01;4.496050e-01;2.118912e-02
3.887586e-02;1.831212e-02;3.481561e-02;1.154696e-02;4.728047e-02;1.607110e-01;3.959899e-02;1.936295e-02;2.290020e-02;1.409392e-01;4.500711e-01;1.558552e-02
6.108229e-02;1.360851e-02;4.265203e-02;1.012307e-02;4.264536e-02;1.762718e-01;2.565334e-02;1.673605e-02;1.280690e-02;9.595205e-02;4.847667e-01;1.770199e-02
7.707195e-02;2.075146e-02;2.540659e-02;5.683729e-03;3.447936e-02;1.651203e-01;1.100893e-02;1.686263e-02;1.852678e-02;9.095298e-02;5.110740e-01;2.306131e-02
1.047160e-01;1.557966e-02;4.599163e-02;5.641820e-03;2.562700e-02;1.472113e-01;7.822603e-03;1.174708e-02;1.867457e-02;7.062962e-02;5.271653e-01;1.919348e-02
1.276239e-01;8.501269e-03;7.815436e-02;3.230422e-03;1.657915e-02;1.483837e-01;9.170269e-03;7.366364e-03;2.419780e-02;4.307059e-02;5.107201e-01;2.300211e-02
1.432997e-01;1.330475e-02;1.032537e-01;5.211396e-03;9.740838e-03;1.507251e-01;1.056460e-02;7.333364e-03;2.645358e-02;3.490900e-02;4.747174e-01;2.048655e-02
1.078785e-01;2.193908e-02;1.144615e-01;8.295504e-03;1.267713e-02;1.453463e-01;3.015621e-02;8.109024e-03;3.721924e-02;3.625175e-02;4.388583e-01;3.880754e-02
6.472477e-02;1.971235e-02;1.009849e-01;1.644805e-02;2.786984e-02;1.394310e-01;7.402658e-02;7.422864e-03;5.338051e-02;3.024247e-02;3.897623e-01;7.599435e-02
6.164789e-02;4.165701e-02;6.059832e-02;4.651802e-02;4.063971e-02;1.067284e-01;1.465839e-01;1.146776e-02;9.065463e-02;1.885826e-02;2.322358e-01;1.424102e-01
5.317772e-02;7.142914e-02;3.391262e-02;7.105003e-02;2.544188e-02;6.380045e-02;2.224683e-01;1.959461e-02;1.113665e-01;1.929837e-02;1.054375e-01;2.030229e-01
4.702814e-02;8.583977e-02;3.159831e-02;9.192441e-02;1.668462e-02;4.979231e-02;2.657892e-01;2.167210e-02;7.832999e-02;2.430720e-02;7.958713e-02;2.074469e-01
5.182088e-02;8.471049e-02;5.113403e-02;1.031686e-01;1.180566e-02;4.445520e-02;2.846743e-01;5.603012e-02;4.285141e-02;3.540434e-02;6.574899e-02;1.681960e-01
4.934666e-02;6.965968e-02;7.440225e-02;1.013171e-01;1.001942e-02;4.874879e-02;2.705669e-01;6.956790e-02;3.681162e-02;5.339161e-02;8.806989e-02;1.280982e-01
4.789899e-02;5.893309e-02;8.370883e-02;8.695253e-02;1.641889e-02;5.681659e-02;2.307914e-01;3.241436e-02;6.241260e-02;6.635366e-02;1.307225e-01;1.265765e-01
3.727043e-02;6.767059e-02;7.400251e-02;8.810984e-02;2.009479e-02;4.212164e-02;1.855635e-01;2.117161e-02;9.961139e-02;7.067819e-02;1.865480e-01;1.071575e-01
3.081052e-02;8.168677e-02;5.683825e-02;1.173354e-01;2.162811e-02;5.826825e-02;1.377844e-01;2.270959e-02;1.236013e-01;6.297068e-02;1.697055e-01;1.166613e-01
5.423653e-02;5.626877e-02;5.004960e-02;1.522230e-01;2.396688e-02;7.370450e-02;9.300679e-02;2.849227e-02;1.276773e-01;5.008100e-02;1.226409e-01;1.676525e-01
6.108999e-02;6.296782e-02;6.502461e-02;1.560400e-01;3.436891e-02;6.638288e-02;1.026791e-01;3.782126e-02;1.227105e-01;4.285906e-02;8.390126e-02;1.641546e-01
6.161820e-02;7.535995e-02;4.638252e-02;1.169910e-01;2.362184e-02;5.265164e-02;1.451434e-01;6.366567e-02;1.376487e-01;6.122576e-02;4.652927e-02;1.691620e-01
6.406686e-02;6.522796e-02;6.742631e-02;8.157884e-02;2.060100e-02;5.399998e-02;1.641008e-01;4.277568e-02;1.316219e-01;6.054157e-02;9.415121e-02;1.539079e-01
8.461933e-02;5.878016e-02;7.958123e-02;1.011862e-01;3.968097e-02;6.895109e-02;1.828193e-01;3.788016e-02;8.072623e-02;4.214647e-02;1.391482e-01;8.448068e-02
8.095098e-02;7.116037e-02;7.734749e-02;1.275143e-01;6.720751e-02;7.433551e-02;1.313272e-01;3.346042e-02;5.619930e-02;4.752381e-02;1.248467e-01;1.081265e-01
7.269265e-02;8.900588e-02;8.715053e-02;9.676560e-02;7.382578e-02;9.333122e-02;8.263556e-02;3.258183e-02;1.178687e-01;5.860042e-02;9.225288e-02;1.032889e-01
5.966763e-02;8.226601e-02;1.372916e-01;8.121181e-02;5.919305e-02;9.734847e-02;1.042948e-01;4.511061e-02;1.093931e-01;5.302584e-02;8.341790e-02;8.777925e-02
4.144485e-02;5.497563e-02;1.369516e-01;8.648668e-02;3.854082e-02;6.661547e-02;1.233803e-01;5.232275e-02;1.083191e-01;8.452284e-02;1.290018e-01;7.743806e-02
6.441115e-02;6.049074e-02;1.329674e-01;6.240796e-02;3.251250e-02;4.884126e-02;1.411024e-01;6.037204e-02;1.370956e-01;1.067826e-01;1.039916e-01;4.902481e-02
1.050395e-01;8.282933e-02;1.715147e-01;4.871281e-02;3.573348e-02;2.278901e-02;3.697194e-02;7.491968e-02;1.875924e-01;4.759510e-02;9.721801e-02;8.908408e-02
1.144226e-01;5.943208e-02;1.112704e-01;4.150640e-02;2.603455e-02;3.494379e-02;1.093097e-01;1.003147e-01;1.214607e-01;7.177038e-02;9.991892e-02;1.096157e-01
1.230619e-01;4.159389e-02;6.088278e-02;3.675811e-02;1.571360e-02;4.066655e-02;1.992757e-01;1.207948e-01;7.692852e-02;6.118111e-02;6.820977e-02;1.549332e-01
1.202332e-01;1.798551e-02;2.464241e-02;3.309670e-02;1.221876e-02;5.854879e-02;2.973693e-01;9.688120e-02;4.295132e-02;4.080420e-02;5.452909e-02;2.007395e-01
1.011977e-01;2.576672e-02;3.737180e-02;2.655881e-02;2.446309e-02;7.889520e-02;2.902166e-01;3.151115e-02;3.062988e-02;5.575894e-02;1.396781e-01;1.579520e-01
1.059526e-01;4.296457e-02;6.767155e-02;2.993366e-02;3.484803e-02;6.761806e-02;2.542077e-01;4.656484e-02;1.524502e-02;8.707161e-02;1.727155e-01;7.520690e-02
1.192643e-01;4.742854e-02;6.977794e-02;4.606124e-02;4.321568e-02;3.750968e-02;2.795608e-01;5.380726e-02;2.051133e-02;8.880138e-02;1.400004e-01;5.406146e-02
8.703256e-02;2.716314e-02;4.474335e-02;6.551029e-02;3.713628e-02;5.888553e-02;2.909027e-01;2.528176e-02;7.851300e-02;3.016361e-02;1.006752e-01;1.539925e-01
9.886204e-02;3.345510e-02;6.006245e-02;5.519791e-02;2.562658e-02;2.130975e-02;2.680199e-01;1.063601e-01;6.116184e-02;5.565213e-02;7.632889e-02;1.379633e-01
1.237943e-01;5.165427e-02;5.793525e-02;3.488196e-02;1.923898e-02;4.049790e-02;2.099759e-01;1.354528e-01;3.953796e-02;9.066878e-02;9.002686e-02;1.063350e-01
1.406598e-01;7.099475e-02;6.297253e-02;4.893095e-02;2.628545e-02;4.256142e-02;1.848357e-01;7.910243e-02;8.262065e-02;8.385658e-02;9.931226e-02;7.786753e-02
1.325536e-01;7.658086e-02;1.072979e-01;8.353473e-02;1.885782e-02;2.738117e-02;1.972409e-01;6.537627e-02;7.259052e-02;5.259883e-02;7.945897e-02;8.652847e-02
8.292545e-02;6.705810e-02;1.098298e-01;1.092444e-01;3.618239e-02;5.008147e-02;2.381996e-01;4.905921e-02;8.001482e-02;4.564486e-02;6.064319e-02;7.111676e-02
8.586103e-02;5.025505e-02;1.280233e-01;8.849584e-02;6.775711e-02;6.745543e-02;1.833497e-01;5.395450e-02;1.054595e-01;6.645290e-02;5.169353e-02;5.124201e-02
8.497176e-02;7.105578e-02;8.751242e-02;4.662776e-02;7.629762e-02;5.764081e-02;1.029763e-01;1.064818e-01;1.153259e-01;9.881584e-02;6.010694e-02;9.218705e-02
8.933799e-02;1.117528e-01;1.004388e-01;5.649025e-02;6.079089e-02;5.131185e-02;8.054379e-02;1.148324e-01;1.160645e-01;7.463073e-02;7.404243e-02;6.976355e-02
1.218644e-01;8.888539e-02;1.063576e-01;5.773073e-02;5.261615e-02;5.173896e-02;1.027080e-01;7.245704e-02;1.100803e-01;5.652229e-02;1.245260e-01;5.451310e-02
7.075839e-02;9.513758e-02;1.090325e-01;4.913372e-02;4.238406e-02;3.839675e-02;8.303186e-02;4.617251e-02;8.655162e-02;7.711044e-02;1.847903e-01;1.175003e-01
4.572927e-02;1.147384e-01;8.607736e-02;5.415387e-02;4.577706e-02;3.412911e-02;6.644640e-02;3.330035e-02;7.082265e-02;1.081862e-01;1.806275e-01;1.600118e-01
7.634702e-02;1.420558e-01;4.885706e-02;6.354000e-02;5.727563e-02;2.915680e-02;6.183420e-02;3.509171e-02;1.125102e-01;9.486457e-02;1.137165e-01;1.647505e-01
8.383891e-02;1.464978e-01;5.867706e-02;1.026515e-01;6.130137e-02;2.720242e-02;6.208071e-02;2.439021e-02;1.275911e-01;5.654224e-02;8.167130e-02;1.675555e-01
4.943988e-02;1.141448e-01;7.144885e-02;1.715526e-01;5.013495e-02;1.982141e-02;7.854671e-02;1.608188e-02;7.884064e-02;3.859707e-02;9.147859e-02;2.199127e-01
4.285233e-02;8.486251e-02;4.517233e-02;2.524118e-01;3.462593e-02;1.312270e-02;1.091446e-01;2.790933e-02;2.959131e-02;2.819449e-02;5.681499e-02;2.752977e-01
5.835471e-02;5.794602e-02;1.986437e-02;2.943022e-01;2.045536e-02;1.088530e-02;1.312274e-01;3.734900e-02;8.274805e-03;3.492130e-02;3.497977e-02;2.914397e-01
7.441209e-02;2.997374e-02;1.117110e-02;2.606192e-01;1.404623e-02;8.641805e-03;1.415398e-01;4.049898e-02;1.268683e-02;4.553529e-02;3.210785e-02;3.287671e-01
8.225655e-02;2.173724e-02;1.545455e-02;2.308228e-01;1.314001e-02;9.553767e-03;1.384416e-01;5.988992e-02;1.430250e-02;4.473303e-02;2.472809e-02;3.449399e-01
1.264250e-01;2.638562e-02;2.018665e-02;2.024608e-01;8.461543e-03;1.198187e-02;1.477661e-01;8.300505e-02;7.034311e-03;3.398631e-02;2.608654e-02;3.062203e-01
1.275322e-01;3.302325e-02;2.240097e-02;1.546489e-01;1.294952e-02;2.096636e-02;1.495701e-01;8.521950e-02;1.742338e-02;3.127715e-02;5.893344e-02;2.860553e-01
1.313093e-01;3.501201e-02;3.209119e-02;1.044791e-01;3.026519e-02;3.180593e-02;1.246465e-01;7.078402e-02;3.326432e-02;3.338441e-02;8.871607e-02;2.842419e-01
1.330419e-01;4.521897e-02;3.840569e-02;1.036546e-01;4.572841e-02;4.227002e-02;8.973368e-02;5.945789e-02;4.369598e-02;3.901510e-02;1.008947e-01;2.588830e-01
9.829818e-02;5.028767e-02;3.848050e-02;1.451443e-01;3.689824e-02;4.357830e-02;1.435628e-01;3.750150e-02;3.605508e-02;2.941489e-02;5.342438e-02;2.873542e-01
7.224357e-02;4.417455e-02;3.126739e-02;1.214136e-01;2.379542e-02;4.933251e-02;1.690242e-01;7.070175e-02;4.101996e-02;3.329815e-02;5.588821e-02;2.878407e-01
7.918280e-02;6.982288e-02;3.758378e-02;9.994505e-02;2.828605e-02;4.648027e-02;1.676681e-01;1.018677e-01;4.898711e-02;4.980661e-02;4.900777e-02;2.213619e-01
1.258823e-01;8.300745e-02;6.396881e-02;1.298504e-01;5.938376e-02;3.723818e-02;9.999048e-02;7.740546e-02;2.679577e-02;4.405880e-02;4.364210e-02;2.087766e-01
1.733574e-01;9.271794e-02;8.209047e-02;1.443750e-01;5.909558e-02;1.934829e-02;9.618288e-02;6.714445e-02;2.107318e-02;3.342939e-02;4.135105e-02;1.698344e-01
1.696935e-01;7.960327e-02;6.169369e-02;1.290626e-01;5.051948e-02;4.434282e-02;1.202722e-01;8.501802e-02;5.525588e-02;4.578676e-02;3.329247e-02;1.254594e-01
1.418089e-01;9.015800e-02;1.576109e-01;7.290444e-02;4.831183e-02;4.504675e-02;1.277524e-01;8.356947e-02;9.231633e-02;5.364145e-02;3.622450e-02;5.065508e-02
1.752035e-01;9.958588e-02;1.480951e-01;4.443256e-02;4.081779e-02;2.728257e-02;1.159486e-01;1.329427e-01;1.053451e-01;4.680540e-02;3.310784e-02;3.043287e-02
2.464210e-01;9.574117e-02;1.051573e-01;3.485994e-02;3.279356e-02;1.311464e-02;9.023309e-02;1.855862e-01;9.728752e-02;3.422737e-02;3.416738e-02;3.041087e-02
3.598183e-01;7.290091e-02;4.811807e-02;2.741207e-02;3.637445e-02;7.448376e-03;5.620645e-02;2.455227e-01;5.414649e-02;1.824656e-02;3.779602e-02;3.600962e-02
4.183918e-01;6.753297e-02;4.230810e-02;3.220618e-02;3.683984e-02;8.192295e-03;6.771509e-02;2.204028e-01;1.026232e-02;1.485389e-02;3.416092e-02;4.713386e-02
4.487191e-01;8.814958e-02;5.455887e-02;2.783518e-02;2.512829e-02;4.863392e-03;7.311673e-02;1.528836e-01;8.913915e-03;1.146428e-02;3.252484e-02;7.184222e-02
4.883766e-01;8.963085e-02;4.680124e-02;1.700854e-02;1.351513e-02;3.594368e-03;6.519734e-02;9.654880e-02;1.914071e-02;1.553818e-02;3.991748e-02;1.047308e-01
4.844285e-01;7.649834e-02;5.532477e-02;1.195871e-02;1.232780e-02;6.532257e-03;5.436136e-02;5.336762e-02;3.312632e-02;2.407619e-02;6.212276e-02;1.258754e-01
4.037333e-01;8.318986e-02;8.187515e-02;9.833058e-03;1.320359e-02;1.042723e-02;5.827013e-02;4.776131e-02;4.173987e-02;4.988861e-02;1.021817e-01;9.789625e-02
2.559357e-01;1.116839e-01;8.797336e-02;2.158812e-02;3.106252e-02;1.580583e-02;7.364518e-02;9.389559e-02;3.787084e-02;9.020583e-02;1.149096e-01;6.542352e-02
2.463022e-01;7.689961e-02;1.044054e-01;2.926746e-02;3.215982e-02;2.293844e-02;6.358901e-02;1.368161e-01;4.156335e-02;5.994762e-02;7.057092e-02;1.155400e-01
3.438620e-01;9.717137e-02;8.316784e-02;1.374548e-02;3.458347e-02;4.219869e-02;8.814494e-02;9.526575e-02;3.930814e-02;4.782641e-02;2.199643e-02;9.272943e-02
3.313980e-01;1.052191e-01;5.532821e-02;1.701818e-02;8.803247e-02;6.498188e-02;4.751825e-02;8.251429e-02;4.074785e-02;6.404558e-02;3.215021e-02;7.104589e-02
1.914804e-01;6.689650e-02;2.713734e-02;2.766487e-02;1.239754e-01;1.542846e-01;3.823441e-02;6.114050e-02;9.907182e-02;1.220598e-01;2.895905e-02;5.909518e-02
4.710624e-02;1.866525e-02;1.267157e-02;3.328384e-02;1.827960e-01;2.400862e-01;5.007625e-02;6.533597e-02;1.847608e-01;1.282816e-01;1.370415e-02;2.323204e-02
1.968944e-02;1.810590e-02;1.382011e-02;3.503285e-02;2.255766e-01;2.008989e-01;8.328366e-02;6.873677e-02;1.994133e-01;1.075703e-01;1.173891e-02;1.613341e-02
2.433637e-02;1.590065e-02;1.045022e-02;5.221939e-02;1.400729e-01;2.541139e-01;1.157731e-01;1.342744e-01;1.068549e-01;1.219564e-01;9.768170e-03;1.427961e-02
1.475717e-02;9.646726e-03;6.782222e-03;3.245642e-02;2.030381e-01;2.979499e-01;9.440865e-02;1.812862e-01;7.814251e-02;6.836193e-02;5.690272e-03;7.480025e-03
8.325100e-03;5.914726e-03;1.012036e-02;1.476895e-02;2.537584e-01;2.468995e-01;1.839631e-01;1.445565e-01;8.025765e-02;4.475897e-02;4.231144e-03;2.445603e-03
9.030452e-03;5.694151e-03;1.875591e-02;1.796761e-02;2.831820e-01;2.287241e-01;2.345839e-01;8.483744e-02;6.656329e-02;3.911472e-02;6.733244e-03;4.813269e-03
1.167834e-02;1.028496e-02;2.297495e-02;2.636479e-02;2.914679e-01;2.554163e-01;2.266309e-01;3.438530e-02;7.811539e-02;2.711448e-02;1.024149e-02;5.325289e-03
1.630909e-02;1.096409e-02;2.228550e-02;4.100690e-02;2.510510e-01;3.344409e-01;8.140538e-02;3.749248e-02;1.369098e-01;3.797029e-02;1.816639e-02;1.199804e-02
2.644914e-02;1.636294e-02;3.575415e-02;3.144054e-02;1.579287e-01;4.353106e-01;1.404482e-01;3.805358e-02;5.827103e-02;3.278693e-02;1.612323e-02;1.107086e-02
3.943112e-02;3.331150e-02;4.363719e-02;2.991681e-02;6.948016e-02;4.547106e-01;1.238765e-01;7.166401e-02;5.535976e-02;4.531968e-02;1.600985e-02;1.728287e-02
3.263236e-02;7.837500e-02;1.514996e-01;2.490627e-01;2.370725e-01;1.427630e-01;3.414110e-02;2.825457e-02;8.851696e-03;9.954229e-03;1.549864e-02;1.189466e-02
3.962627e-02;8.492138e-02;1.540437e-01;2.651225e-01;2.449407e-01;1.058388e-01;3.707922e-02;2.034426e-02;7.571613e-03;8.045499e-03;1.762020e-02;1.484584e-02
5.263541e-02;8.403861e-02;1.499539e-01;2.673804e-01;2.314702e-01;8.938585e-02;4.866181e-02;2.253184e-02;1.888961e-02;6.423139e-03;2.075752e-02;7.871743e-03
9.033190e-02;6.281786e-02;1.307004e-01;1.508762e-01;1.174441e-01;5.230713e-02;6.629971e-02;1.606015e-02;2.670301e-02;6.953754e-02;1.200241e-01;9.689796e-02
5.858864e-02;7.715686e-02;1.114885e-01;6.021883e-02;6.127309e-02;5.134806e-02;1.018860e-01;3.775536e-02;2.278225e-02;1.240268e-01;1.445705e-01;1.489051e-01
8.024588e-02;1.066632e-01;6.375945e-02;3.932893e-02;5.720248e-02;4.204827e-02;1.078888e-01;6.225038e-02;5.944403e-02;1.665016e-01;8.694774e-02;1.277193e-01
8.414971e-02;1.161341e-01;6.598590e-02;4.417375e-02;6.199743e-02;2.773232e-02;1.018434e-01;7.139517e-02;7.255761e-02;2.357846e-01;6.311877e-02;5.512724e-02
1.054490e-01;8.453077e-02;7.643107e-02;7.510843e-02;5.709565e-02;2.142425e-02;7.831514e-02;8.183089e-02;3.136523e-02;2.568927e-01;4.579408e-02;8.576272e-02
1.603622e-01;5.256134e-02;7.626015e-02;6.014641e-02;4.850985e-02;1.620759e-02;6.887706e-02;1.002962e-01;4.478677e-02;2.201878e-01;1.015913e-01;5.021334e-02
1.656186e-01;4.092729e-02;8.814835e-02;4.311963e-02;3.750707e-02;2.011425e-02;1.058948e-01;8.524756e-02;4.987888e-02;2.473181e-01;7.913792e-02;3.708756e-02
1.253406e-01;3.753356e-02;8.878160e-02;3.533019e-02;3.415805e-02;3.386240e-02;1.336301e-01;4.633700e-02;1.027407e-01;2.451123e-01;8.188052e-02;3.529298e-02
8.432696e-02;3.763435e-02;8.874328e-02;4.379837e-02;3.210473e-02;5.241243e-02;1.304577e-01;4.520962e-02;1.348811e-01;1.998961e-01;1.012300e-01;4.930540e-02
6.613396e-02;4.552986e-02;9.199677e-02;4.005878e-02;3.243953e-02;6.205809e-02;1.112344e-01;3.807977e-02;1.473603e-01;1.838276e-01;1.192648e-01;6.201611e-02
9.777274e-02;4.588232e-02;7.827435e-02;3.027788e-02;4.001850e-02;4.937103e-02;1.341614e-01;5.505390e-02;9.186142e-02;2.097153e-01;9.485190e-02;7.275920e-02
1.151229e-01;6.563724e-02;8.151406e-02;4.350827e-02;3.945069e-02;4.906107e-02;1.014492e-01;6.099723e-02;3.845401e-02;2.018627e-01;1.054305e-01;9.751210e-02
1.872212e-01;8.651768e-02;9.130613e-02;3.736772e-02;2.581538e-02;3.204153e-02;1.042167e-01;4.680715e-02;4.941035e-02;1.306570e-01;1.098900e-01;9.874919e-02
2.425131e-01;5.794537e-02;9.387462e-02;3.534856e-02;2.315170e-02;2.241283e-02;1.118313e-01;2.551338e-02;3.163520e-02;8.998781e-02;9.659032e-02;1.691958e-01
2.822490e-01;1.378577e-02;3.877850e-02;3.144744e-02;1.835575e-02;1.878016e-02;1.263905e-01;2.412465e-02;1.564166e-02;7.933201e-02;1.157901e-01;2.353245e-01
3.377211e-01;2.399094e-02;4.465360e-02;3.243766e-02;1.113810e-02;1.465343e-02;1.325238e-01;2.352907e-02;1.580346e-02;4.598348e-02;7.650755e-02;2.410577e-01
3.838439e-01;3.426521e-02;2.072324e-02;2.824909e-02;1.161703e-02;1.098277e-02;1.370375e-01;2.172271e-02;8.776488e-03;2.970118e-02;5.540153e-02;2.576794e-01
3.655477e-01;1.774329e-02;3.395378e-02;2.099934e-02;1.134724e-02;1.359751e-02;1.436192e-01;1.472559e-02;1.087346e-02;2.790842e-02;6.225449e-02;2.774301e-01
3.443299e-01;1.499594e-02;3.466737e-02;1.907365e-02;1.134311e-02;1.380980e-02;1.472704e-01;1.962967e-02;8.931670e-03;3.227412e-02;7.551209e-02;2.781623e-01
3.761972e-01;1.802495e-02;3.308625e-02;2.058467e-02;9.723062e-03;9.156880e-03;1.401505e-01;1.643464e-02;1.125899e-02;2.136123e-02;6.229300e-02;2.817286e-01
3.857518e-01;1.687408e-02;2.819036e-02;2.025376e-02;8.334169e-03;6.551772e-03;1.416254e-01;1.615590e-02;1.148109e-02;2.635448e-02;6.856589e-02;2.698613e-01
4.017052e-01;2.149729e-02;4.264544e-02;1.593428e-02;7.136883e-03;1.336501e-02;1.443753e-01;1.673013e-02;1.036604e-02;3.822009e-02;4.991870e-02;2.381056e-01
4.224563e-01;4.871236e-02;3.325170e-02;1.161660e-02;7.240224e-03;1.807491e-02;1.282826e-01;2.023327e-02;1.146258e-02;3.842587e-02;5.370813e-02;2.065354e-01
3.976964e-01;5.459848e-02;2.735208e-02;1.322532e-02;7.287079e-03;2.831888e-02;1.130854e-01;1.654615e-02;9.743461e-03;3.296014e-02;9.859104e-02;2.005956e-01
3.027057e-01;3.832887e-02;3.855201e-02;9.650371e-03;7.390061e-03;5.330300e-02;9.201825e-02;1.689377e-02;1.323683e-02;6.283987e-02;1.845868e-01;1.804944e-01
1.317346e-01;3.485609e-02;6.053565e-02;1.108627e-02;1.445139e-02;8.553237e-02;5.968700e-02;1.449710e-02;2.025769e-02;1.363376e-01;3.056231e-01;1.254012e-01
9.901663e-02;4.205313e-02;6.856558e-02;9.482663e-03;1.906238e-02;8.760169e-02;2.190571e-02;1.039164e-02;2.093368e-02;1.805364e-01;3.507229e-01;8.972763e-02
3.857321e-02;4.718690e-02;5.820026e-02;1.012397e-02;1.692411e-02;8.703668e-02;2.601515e-02;1.203251e-02;3.338880e-02;1.991384e-01;3.951652e-01;7.621477e-02
4.751338e-02;4.466067e-02;5.635051e-02;1.130553e-02;1.189142e-02;7.731136e-02;3.265369e-02;1.241177e-02;4.644420e-02;1.764835e-01;3.833053e-01;9.966870e-02
9.851424e-02;2.519826e-02;4.391623e-02;5.635044e-03;1.005939e-02;6.181548e-02;3.518093e-02;1.554321e-02;7.315725e-02;1.487848e-01;3.439917e-01;1.382035e-01
2.527401e-02;1.838722e-02;5.599026e-02;8.454002e-03;1.206980e-02;5.600411e-02;4.426538e-02;2.973159e-02;8.587174e-02;1.392337e-01;3.423730e-01;1.823452e-01
8.048259e-02;1.162563e-02;4.345018e-02;5.986341e-03;1.193569e-02;4.007092e-02;8.367007e-02;4.712110e-02;5.365416e-02;1.115457e-01;2.814567e-01;2.290009e-01
2.146538e-01;6.029161e-03;3.915754e-02;1.084238e-02;8.295982e-03;2.001044e-02;1.036864e-01;4.407206e-02;2.153166e-02;8.712064e-02;1.763832e-01;2.682167e-01
3.186673e-01;2.809740e-02;2.614119e-02;1.067370e-02;3.658236e-03;1.216313e-02;9.369403e-02;3.007266e-02;1.493957e-02;1.101180e-01;9.427573e-02;2.574991e-01
3.402420e-01;3.017679e-02;2.544022e-02;1.099950e-02;4.826210e-03;8.255034e-03;7.842947e-02;2.727448e-02;1.511603e-02;1.821157e-01;5.652653e-02;2.205982e-01
2.833127e-01;2.952042e-02;2.283884e-02;1.040275e-02;7.754705e-03;8.269097e-03;8.544295e-02;4.765999e-02;4.157328e-02;2.383509e-01;3.693739e-02;1.879370e-01
2.393164e-01;1.826212e-02;2.754179e-02;1.456256e-02;6.388040e-03;1.282374e-02;1.213272e-01;5.293629e-02;7.603008e-02;2.091787e-01;3.761418e-02;1.840188e-01
3.087521e-01;1.601838e-02;2.530392e-02;1.605969e-02;8.268855e-03;1.239406e-02;1.372395e-01;5.454106e-02;7.614121e-02;1.406994e-01;3.701916e-02;1.675626e-01
3.946365e-01;4.099364e-02;2.248223e-02;1.734114e-02;1.337521e-02;8.323170e-03;1.380025e-01;7.218424e-02;4.952303e-02;8.432432e-02;2.882002e-02;1.299940e-01
4.371378e-01;7.175591e-02;3.633452e-02;1.472511e-02;1.790864e-02;8.527895e-03;1.248036e-01;6.740651e-02;4.213922e-02;7.045778e-02;2.109565e-02;8.770733e-02
4.416131e-01;1.128656e-01;6.765214e-02;1.024184e-02;2.022455e-02;1.055895e-02;1.169624e-01;6.184308e-02;4.092508e-02;4.037984e-02;2.036619e-02;5.636721e-02
3.882206e-01;1.400891e-01;1.150258e-01;9.043409e-03;1.906423e-02;7.827283e-03;1.278308e-01;5.654726e-02;3.644387e-02;2.880597e-02;2.940828e-02;4.169342e-02
3.070064e-01;1.148363e-01;1.526020e-01;1.453745e-02;2.500950e-02;1.698057e-02;1.574038e-01;5.450898e-02;3.889557e-02;3.602644e-02;3.656750e-02;4.562541e-02
2.569630e-01;5.025519e-02;1.512728e-01;2.092117e-02;4.203438e-02;4.239830e-02;1.801043e-01;5.085135e-02;5.563381e-02;4.196327e-02;5.044658e-02;5.715592e-02
2.196491e-01;5.074578e-02;1.347507e-01;3.336026e-02;6.237752e-02;5.901575e-02;9.197408e-02;4.550699e-02;9.776077e-02;8.234363e-02;6.994292e-02;5.257244e-02
7.697916e-02;6.723251e-02;1.752573e-01;7.594646e-02;5.966154e-02;6.849067e-02;8.662859e-02;3.885983e-02;1.577487e-01;1.241048e-01;3.626644e-02;3.282400e-02
1.455182e-01;3.048598e-02;2.517647e-01;6.355537e-02;8.852366e-02;5.860298e-02;7.039414e-02;3.710334e-02;1.132091e-01;6.884684e-02;2.599228e-02;4.600341e-02
2.318665e-01;7.459689e-02;2.506890e-01;3.512987e-02;6.034698e-02;3.047739e-02;1.217089e-01;2.475012e-02;4.107083e-02;3.223715e-02;3.292619e-02;6.420029e-02
3.665058e-01;9.116675e-02;1.788078e-01;2.112094e-02;3.907005e-02;2.079692e-02;8.466759e-02;2.269078e-02;2.291137e-02;2.915145e-02;3.385075e-02;8.925979e-02
4.476948e-01;7.464201e-02;4.976142e-02;2.955713e-02;3.002225e-02;2.241075e-02;1.258068e-01;1.794474e-02;3.477170e-02;3.025528e-02;3.966565e-02;9.746743e-02
2.861150e-01;1.303856e-01;1.175552e-01;3.516153e-02;3.337157e-02;2.234942e-02;1.779893e-01;2.918836e-02;3.854825e-02;3.500346e-02;3.835786e-02;5.597447e-02
1.408763e-01;1.701391e-01;1.927475e-01;4.455553e-02;3.638188e-02;1.968416e-02;1.860943e-01;3.597398e-02;4.934365e-02;4.245244e-02;4.599885e-02;3.575229e-02
1.517853e-01;1.604213e-01;1.989882e-01;5.192080e-02;3.529817e-02;2.470852e-02;1.607902e-01;2.919840e-02;4.880867e-02;4.308761e-02;5.531330e-02;3.967960e-02
1.669650e-01;1.479959e-01;1.760708e-01;7.716711e-02;6.146106e-02;4.241773e-02;1.179734e-01;1.985207e-02;5.356725e-02;3.420494e-02;6.295560e-02;3.936912e-02
1.897871e-01;1.491476e-01;1.493567e-01;8.960686e-02;1.055553e-01;9.513798e-02;3.189014e-02;1.752954e-02;3.129235e-02;3.238598e-02;6.782039e-02;4.049006e-02
2.880839e-01;1.675132e-01;6.325168e-02;5.286052e-02;7.280794e-02;8.254945e-02;9.066359e-02;3.457368e-02;1.149782e-02;3.834677e-02;4.479848e-02;5.305297e-02
3.269913e-01;1.539542e-01;7.283415e-02;3.763529e-02;5.068801e-02;4.685509e-02;1.359208e-01;5.009389e-02;2.110490e-02;4.589630e-02;2.171876e-02;3.630732e-02
2.530605e-01;1.360892e-01;1.260111e-01;5.658111e-02;4.580449e-02;3.661446e-02;1.222154e-01;5.749669e-02;5.840500e-02;6.165033e-02;1.342889e-02;3.264284e-02
2.317796e-01;1.337065e-01;9.879374e-02;6.064813e-02;3.939350e-02;3.748225e-02;7.839212e-02;5.330996e-02;4.890462e-02;4.770740e-02;6.613638e-02;1.037459e-01
2.298031e-01;1.241220e-01;9.167854e-02;2.826953e-02;3.151673e-02;3.065554e-02;6.591219e-02;4.088027e-02;5.700136e-02;3.720539e-02;1.033167e-01;1.596387e-01
2.034058e-01;9.542323e-02;8.390444e-02;3.335125e-02;2.933831e-02;2.229075e-02;8.535309e-02;4.037845e-02;9.562486e-02;5.412757e-02;1.063855e-01;1.504167e-01
1.503674e-01;1.170327e-01;6.375048e-02;3.531099e-02;2.636764e-02;2.118723e-02;9.582143e-02;4.805450e-02;1.322892e-01;6.030830e-02;1.256237e-01;1.238864e-01
1.133648e-01;1.618428e-01;5.215167e-02;3.774434e-02;3.054104e-02;3.000552e-02;8.655775e-02;4.355308e-02;1.346530e-01;4.813334e-02;1.494322e-01;1.120205e-01
1.358927e-01;1.555380e-01;7.160519e-02;3.490034e-02;3.096339e-02;2.914146e-02;5.657075e-02;6.620318e-02;1.019214e-01;5.087256e-02;1.740424e-01;9.234858e-02
1.613832e-01;1.339006e-01;9.690925e-02;3.523568e-02;3.718316e-02;2.048412e-02;7.130034e-02;6.866216e-02;4.044870e-02;8.135022e-02;1.766166e-01;7.652588e-02
1.489248e-01;1.146774e-01;9.645344e-02;3.649745e-02;3.685256e-02;3.001319e-02;1.124158e-01;3.318303e-02;7.217348e-02;9.859635e-02;1.072937e-01;1.129189e-01
1.166432e-01;1.475752e-01;5.204684e-02;4.391032e-02;2.308185e-02;3.183127e-02;1.677558e-01;2.007595e-02;9.573348e-02;7.185393e-02;5.457658e-02;1.749156e-01
7.819813e-02;1.334265e-01;2.434968e-02;5.032616e-02;1.429305e-02;3.941429e-02;2.486396e-01;3.621782e-02;6.373637e-02;4.043840e-02;4.271093e-02;2.282491e-01
6.225335e-02;9.828148e-02;1.505855e-02;4.651967e-02;1.270589e-02;6.443820e-02;3.192887e-01;4.809904e-02;2.755834e-02;3.623224e-02;5.172079e-02;2.178437e-01
5.900444e-02;8.542856e-02;1.811842e-02;3.277852e-02;1.787368e-02;8.083490e-02;3.416778e-01;4.971045e-02;3.363734e-02;4.826335e-02;8.176759e-02;1.509050e-01
6.899186e-02;7.199488e-02;2.466126e-02;3.747155e-02;1.883400e-02;6.109138e-02;3.469231e-01;2.580409e-02;4.516363e-02;7.817689e-02;1.108532e-01;1.100342e-01
1.946375e-01;8.503565e-02;5.314063e-02;4.775232e-02;2.467667e-02;2.745891e-02;2.074400e-01;6.461909e-02;5.557536e-02;5.617477e-02;6.563536e-02;1.178538e-01
3.078392e-01;9.123252e-02;6.943920e-02;3.307087e-02;3.064834e-02;1.415620e-02;1.084930e-01;8.987928e-02;4.019468e-02;5.197913e-02;5.324332e-02;1.098242e-01
4.148388e-01;7.830077e-02;3.668178e-02;2.257236e-02;1.950213e-02;1.168952e-02;1.026349e-01;9.674054e-02;3.421428e-02;4.105432e-02;3.898154e-02;1.027890e-01
4.725672e-01;8.768569e-02;3.100187e-02;1.682808e-02;1.469064e-02;8.498854e-03;1.007460e-01;9.803955e-02;2.683538e-02;1.951176e-02;3.575329e-02;8.784172e-02
5.062108e-01;1.015247e-01;4.284686e-02;1.384998e-02;2.108620e-02;9.503218e-03;7.160447e-02;9.908435e-02;1.816796e-02;1.064120e-02;2.786900e-02;7.761127e-02
4.344571e-01;1.494283e-01;9.415844e-02;2.464718e-02;2.396824e-02;1.448368e-02;3.684002e-02;9.662521e-02;1.912684e-02;1.471105e-02;3.405916e-02;5.749482e-02
3.283041e-01;1.829502e-01;1.397862e-01;3.354727e-02;3.502455e-02;2.110619e-02;5.429608e-02;1.121895e-01;1.590895e-02;1.551541e-02;3.849961e-02;2.287201e-02
3.288225e-01;1.281943e-01;8.642556e-02;2.638531e-02;4.649013e-02;2.227562e-02;8.390988e-02;1.543479e-01;3.546040e-02;2.287254e-02;2.887870e-02;3.593718e-02
3.865134e-01;5.216088e-02;3.825307e-02;1.431659e-02;4.151323e-02;1.994402e-02;1.197358e-01;1.901693e-01;3.136887e-02;2.270997e-02;2.110280e-02;6.221203e-02
4.131473e-01;5.594882e-02;2.512245e-02;1.416577e-02;1.704334e-02;1.537348e-02;1.564463e-01;1.516271e-01;2.013638e-02;1.692025e-02;1.982397e-02;9.424479e-02
4.291262e-01;3.973256e-02;2.933161e-02;1.227438e-02;8.845090e-03;1.340359e-02;1.744782e-01;1.025396e-01;1.303031e-02;1.913826e-02;2.070361e-02;1.373967e-01
4.563460e-01;1.389452e-02;2.011001e-02;9.986815e-03;1.100658e-02;1.154954e-02;1.511521e-01;1.077121e-01;2.048230e-02;2.539549e-02;1.850456e-02;1.538600e-01
5.097322e-01;6.567988e-02;3.339797e-02;9.380471e-03;7.337702e-03;7.525321e-03;7.823700e-02;1.212993e-01;1.770649e-02;1.785390e-02;1.763755e-02;1.142122e-01
5.620412e-01;1.166192e-01;4.695442e-02;5.355659e-03;6.822917e-03;3.245824e-03;2.960903e-02;1.030061e-01;2.259602e-02;1.141104e-02;1.365678e-02;7.868178e-02
