9.445301e-02;8.543931e-02;1.827149e-01;5.313684e-02;3.470595e-02;2.189632e-02;1.131775e-01;8.988185e-02;6.252411e-02;6.230536e-02;6.313072e-02;1.366342e-01
9.839139e-02;7.389592e-02;1.565848e-01;6.308381e-02;5.618950e-02;3.772973e-02;1.367557e-01;9.907161e-02;6.862952e-02;6.857042e-02;5.412397e-02;8.697356e-02
8.223569e-02;6.131307e-02;2.843197e-01;5.961649e-02;9.564210e-02;6.336438e-02;1.699370e-01;4.699398e-02;4.880053e-02;4.033068e-02;2.438669e-02;2.305962e-02
9.884542e-02;9.670989e-02;2.898024e-01;7.216904e-02;7.812007e-02;5.840046e-02;1.361290e-01;4.060877e-02;3.456835e-02;3.716658e-02;2.556743e-02;3.191258e-02
1.025850e-01;1.248547e-01;2.778989e-01;6.708709e-02;5.977719e-02;5.411480e-02;1.319130e-01;3.882155e-02;4.497433e-02;4.026737e-02;3.146994e-02;2.623612e-02
1.440711e-01;1.471716e-01;2.445893e-01;6.677278e-02;3.929559e-02;4.269848e-02;1.228151e-01;2.921319e-02;5.829230e-02;3.999463e-02;3.586097e-02;2.922487e-02
2.335876e-01;1.046546e-01;1.589594e-01;6.059343e-02;2.793557e-02;3.664096e-02;1.034038e-01;3.649958e-02;6.705933e-02;4.369787e-02;5.154437e-02;7.542352e-02
3.356058e-01;1.016566e-01;7.272252e-02;4.335218e-02;2.554176e-02;2.808854e-02;7.728702e-02;6.505810e-02;5.921015e-02;4.483417e-02;4.633121e-02;1.003119e-01
3.166444e-01;1.450686e-01;1.813899e-01;3.416636e-02;2.035686e-02;1.610882e-02;4.250376e-02;4.727782e-02;6.562849e-02;4.397077e-02;3.250140e-02;5.438291e-02
2.337356e-01;8.622386e-02;3.174260e-01;7.812011e-02;3.167731e-02;2.170222e-02;4.431131e-02;2.175486e-02;5.088072e-02;3.525095e-02;4.201989e-02;3.689718e-02
1.750721e-01;3.749381e-02;3.610845e-01;1.178964e-01;4.140548e-02;2.735639e-02;5.395628e-02;2.273805e-02;2.773034e-02;2.355411e-02;6.410912e-02;4.760338e-02
1.579211e-01;7.488378e-02;2.982286e-01;1.266185e-01;4.222961e-02;2.691840e-02;3.591455e-02;2.263009e-02;3.600373e-02;4.651425e-02;7.726053e-02;5.487690e-02
9.065221e-02;7.262567e-02;2.800960e-01;1.134932e-01;4.647646e-02;3.247343e-02;5.023715e-02;3.452450e-02;5.254021e-02;9.021222e-02;7.430547e-02;6.236347e-02
1.556001e-01;4.936646e-02;3.499843e-01;8.877335e-02;3.298918e-02;2.532079e-02;4.018993e-02;3.787626e-02;4.416015e-02;5.799515e-02;7.106903e-02;4.667538e-02
1.891403e-01;5.650017e-02;3.271295e-01;1.060400e-01;3.618260e-02;1.704570e-02;4.650794e-02;3.578276e-02;4.916392e-02;4.100924e-02;6.053320e-02;3.496465e-02
1.842714e-01;7.807014e-02;3.091606e-01;1.207941e-01;3.268851e-02;1.136969e-02;5.554564e-02;2.713050e-02;5.665367e-02;3.882978e-02;4.426500e-02;4.122094e-02
1.790886e-01;9.736624e-02;2.207151e-01;1.193897e-01;4.951879e-02;2.394035e-02;6.468812e-02;2.244975e-02;4.492961e-02;5.061897e-02;5.700142e-02;7.029337e-02
1.488400e-01;1.288249e-01;8.080748e-02;1.502884e-01;4.828517e-02;7.730944e-02;4.731921e-02;5.596932e-02;4.877522e-02;5.968494e-02;7.460088e-02;7.929504e-02
1.091136e-01;9.643028e-02;7.732871e-02;1.320758e-01;5.536997e-02;1.116388e-01;7.036193e-02;6.682988e-02;5.918812e-02;5.599855e-02;8.039533e-02;8.526913e-02
8.264082e-02;5.621661e-02;1.082528e-01;1.165790e-01;8.432097e-02;1.285062e-01;8.326251e-02;6.088123e-02;6.159394e-02;5.403934e-02;7.577140e-02;8.793521e-02
5.175112e-02;6.491631e-02;1.573947e-01;1.458246e-01;8.834503e-02;9.755341e-02;8.707368e-02;4.753879e-02;6.156767e-02;7.222543e-02;4.821256e-02;7.759670e-02
4.569191e-02;6.879833e-02;1.320066e-01;1.284032e-01;5.829221e-02;1.400172e-01;1.242014e-01;5.268847e-02;7.877347e-02;9.322380e-02;3.372245e-02;4.418107e-02
6.337149e-02;5.146259e-02;1.455028e-01;6.901600e-02;8.759195e-02;1.283397e-01;1.840779e-01;5.993428e-02;7.639662e-02;6.850696e-02;4.582636e-02;1.997337e-02
3.654628e-02;2.503962e-02;2.368564e-01;6.514086e-02;1.270333e-01;7.378981e-02;2.366795e-01;5.592174e-02;5.365828e-02;4.386594e-02;3.655913e-02;8.909022e-03
1.161131e-02;1.218504e-02;3.145792e-01;6.825119e-02;1.157644e-01;7.559078e-02;1.959728e-01;4.299409e-02;6.525652e-02;5.383641e-02;3.119545e-02;1.276271e-02
1.822905e-02;2.033786e-02;4.029924e-01;7.504345e-02;9.297296e-02;6.209100e-02;1.233294e-01;3.122103e-02;8.208348e-02;5.385407e-02;2.862473e-02;9.220592e-03
3.397396e-02;3.426153e-02;3.606717e-01;6.913494e-02;8.531359e-02;6.634896e-02;1.288831e-01;2.218996e-02;7.107653e-02;7.942768e-02;3.313572e-02;1.558224e-02
6.231326e-02;3.678971e-02;1.390869e-01;6.481600e-02;1.007812e-01;8.542784e-02;1.808048e-01;2.272392e-02;6.289634e-02;1.164948e-01;8.531448e-02;4.255081e-02
3.746463e-02;2.609632e-02;1.760176e-01;6.019924e-02;7.148550e-02;5.015860e-02;1.892765e-01;2.864488e-02;5.661425e-02;1.429811e-01;1.234878e-01;3.757368e-02
2.775642e-02;2.359721e-02;1.994430e-01;5.411090e-02;5.392972e-02;5.418284e-02;2.042023e-01;2.522963e-02;5.221378e-02;1.510717e-01;1.123822e-01;4.188032e-02
7.567514e-02;1.918707e-02;2.341677e-01;4.897901e-02;3.753541e-02;4.517489e-02;1.698692e-01;4.663223e-02;5.373269e-02;1.183830e-01;8.975642e-02;6.090725e-02
1.487943e-01;3.019311e-02;1.887802e-01;4.539872e-02;2.225520e-02;5.506736e-02;1.342954e-01;5.893283e-02;5.289176e-02;1.111201e-01;6.919189e-02;8.307905e-02
2.220096e-01;2.941825e-02;1.153105e-01;3.892281e-02;9.428399e-03;6.747257e-02;1.030296e-01;5.430230e-02;5.817021e-02;1.368415e-01;5.983318e-02;1.052610e-01
2.426345e-01;2.355082e-02;7.553893e-02;4.418005e-02;9.029451e-03;6.716256e-02;1.209905e-01;5.907121e-02;3.831249e-02;1.514977e-01;5.716737e-02;1.108644e-01
2.340445e-01;2.377442e-02;9.632070e-02;4.816715e-02;6.515622e-03;7.059361e-02;1.336059e-01;5.420662e-02;2.847749e-02;1.488643e-01;5.179884e-02;1.036309e-01
2.203962e-01;1.845554e-02;7.901774e-02;5.221165e-02;8.083614e-03;6.523202e-02;1.773107e-01;5.684843e-02;4.298028e-02;1.399688e-01;4.279967e-02;9.669533e-02
2.001319e-01;1.841834e-02;4.980359e-02;7.439329e-02;1.724634e-02;5.071962e-02;2.557127e-01;6.235453e-02;3.281244e-02;1.161071e-01;2.995103e-02;9.234911e-02
2.010515e-01;5.167239e-02;3.902128e-02;1.009033e-01;4.011132e-02;5.093446e-02;2.112087e-01;5.537775e-02;3.227478e-02;8.555741e-02;2.744688e-02;1.044403e-01
2.115537e-01;1.017555e-01;4.497103e-02;1.129069e-01;4.959743e-02;2.864561e-02;1.571725e-01;3.673727e-02;1.991623e-02;5.885712e-02;3.802864e-02;1.398580e-01
2.164739e-01;1.278014e-01;4.541394e-02;8.865909e-02;2.617797e-02;1.326549e-02;1.503665e-01;2.921179e-02;3.360964e-02;3.362171e-02;6.398156e-02;1.714171e-01
1.845527e-01;8.783045e-02;3.633635e-02;5.229446e-02;8.391993e-03;2.916384e-02;1.321920e-01;5.237734e-02;9.459783e-02;3.836645e-02;1.077389e-01;1.761577e-01
9.426153e-02;4.540473e-02;3.927485e-02;3.192460e-02;3.327229e-02;8.346299e-02;9.641288e-02;9.344901e-02;1.439452e-01;5.504442e-02;1.488589e-01;1.346886e-01
3.105586e-02;3.803050e-02;3.793307e-02;2.200003e-02;9.461851e-02;1.020988e-01;8.884487e-02;1.085106e-01;9.479652e-02;1.127403e-01;1.881428e-01;8.122825e-02
2.141822e-02;4.008001e-02;2.747635e-02;2.190245e-02;1.746950e-01;5.921372e-02;6.217404e-02;1.090227e-01;6.493715e-02;1.973103e-01;1.631133e-01;5.865681e-02
4.312688e-02;3.618906e-02;5.695231e-02;4.356512e-02;1.962156e-01;4.995671e-02;4.857698e-02;8.544175e-02;8.754145e-02;2.103579e-01;8.334278e-02;5.873344e-02
6.634323e-02;4.301966e-02;7.731438e-02;6.483191e-02;1.402246e-01;7.304546e-02;4.621036e-02;7.758060e-02;9.967630e-02;1.936251e-01;5.802218e-02;6.010628e-02
6.379686e-02;2.523061e-02;7.492952e-02;1.138197e-01;4.980418e-02;5.945665e-02;7.559593e-02;7.388750e-02;1.763096e-01;1.478097e-01;1.052176e-01;3.414214e-02
3.952241e-02;2.047377e-02;7.528450e-02;1.412484e-01;7.676722e-02;2.747976e-02;7.607636e-02;6.326175e-02;2.279828e-01;1.248932e-01;1.057243e-01;2.128540e-02
2.697092e-02;4.351973e-02;1.069371e-01;1.147357e-01;9.140801e-02;4.631617e-02;1.115868e-01;6.327602e-02;1.739480e-01;9.440001e-02;9.358904e-02;3.331251e-02
4.593934e-02;6.714040e-02;1.689042e-01;6.443489e-02;7.361491e-02;8.227142e-02;1.325494e-01;8.889746e-02;8.184922e-02;7.905777e-02;5.430897e-02;6.103204e-02
5.717095e-02;5.903426e-02;2.222226e-01;5.129314e-02;3.888510e-02;8.335045e-02;1.022345e-01;1.020789e-01;6.593427e-02;8.689492e-02;4.398167e-02;8.691922e-02
3.067353e-02;3.010756e-02;2.827929e-01;4.401376e-02;2.245168e-02;6.706150e-02;1.796281e-01;9.650785e-02;5.611303e-02;6.990098e-02;2.806702e-02;9.268204e-02
1.827273e-02;2.066310e-02;3.440971e-01;3.514332e-02;1.867441e-02;6.631336e-02;1.957830e-01;9.031904e-02;3.682970e-02;5.263709e-02;1.439669e-02;1.068704e-01
1.300011e-02;2.346371e-02;3.427345e-01;3.000531e-02;1.393235e-02;5.974238e-02;1.913356e-01;9.107367e-02;4.474749e-02;4.849114e-02;1.753449e-02;1.239393e-01
9.414360e-03;2.856130e-02;3.035689e-01;1.849903e-02;1.309518e-02;4.765667e-02;2.286081e-01;1.025744e-01;3.751520e-02;4.607971e-02;2.683439e-02;1.375927e-01
7.415892e-03;2.771065e-02;2.555099e-01;1.426226e-02;1.141584e-02;3.523412e-02;2.686140e-01;1.080843e-01;3.921972e-02;4.742682e-02;5.032544e-02;1.347810e-01
9.853381e-03;2.927596e-02;2.237639e-01;1.338202e-02;1.242127e-02;2.495380e-02;3.030036e-01;1.035639e-01;3.917196e-02;5.207353e-02;6.953800e-02;1.189987e-01
8.896378e-03;3.359248e-02;2.031765e-01;1.404178e-02;1.361475e-02;1.999496e-02;3.411811e-01;1.041907e-01;4.208867e-02;5.646585e-02;5.923552e-02;1.035213e-01
1.776723e-02;2.633748e-02;1.822547e-01;1.840851e-02;1.885391e-02;2.542906e-02;3.577924e-01;1.199768e-01;4.908552e-02;6.952578e-02;2.762323e-02;8.694534e-02
2.247702e-02;1.862247e-02;1.576138e-01;1.960890e-02;2.472830e-02;2.811313e-02;3.796349e-01;1.347960e-01;4.975082e-02;7.858874e-02;1.997990e-02;6.608601e-02
2.659684e-02;2.990812e-02;1.275799e-01;3.077832e-02;3.806554e-02;1.939059e-02;4.167500e-01;1.239181e-01;5.601937e-02;6.500635e-02;2.526348e-02;4.072344e-02
4.165981e-02;6.399202e-02;9.946360e-02;3.063696e-02;5.078589e-02;1.807328e-02;4.507988e-01;8.419219e-02;5.194957e-02;3.760535e-02;5.065799e-02;2.018449e-02
5.424724e-02;1.104173e-01;7.765190e-02;1.969191e-02;4.402416e-02;3.730835e-02;4.375151e-01;5.671958e-02;4.903195e-02;2.887299e-02;6.947034e-02;1.504924e-02
7.566163e-02;1.449809e-01;5.674909e-02;1.209170e-02;5.649013e-02;4.689587e-02;4.246936e-01;3.769322e-02;4.220125e-02;2.956247e-02;6.101261e-02;1.196762e-02
1.013369e-01;1.449689e-01;2.796023e-02;2.753779e-02;7.318365e-02;5.078630e-02;4.459180e-01;2.713211e-02;2.305120e-02;2.736409e-02;3.329903e-02;1.746177e-02
8.804602e-02;1.130028e-01;3.790621e-02;1.987308e-02;5.790978e-02;5.047455e-02;4.925228e-01;4.013583e-02;4.248719e-02;2.043597e-02;1.942602e-02;1.777969e-02
5.091719e-02;8.502180e-02;5.460098e-02;2.042153e-02;5.905994e-02;5.324271e-02;4.782225e-01;5.305170e-02;6.592806e-02;3.015376e-02;3.300465e-02;1.637516e-02
2.466740e-02;5.987198e-02;9.268351e-02;3.883245e-02;8.020083e-02;7.133732e-02;3.959591e-01;4.914851e-02;7.173460e-02;4.828781e-02;3.865172e-02;2.862477e-02
6.391273e-02;5.232456e-02;9.965104e-02;5.166090e-02;8.909380e-02;8.098157e-02;3.189510e-01;4.506805e-02;7.097925e-02;4.930035e-02;4.474529e-02;3.333142e-02
7.396592e-02;4.797503e-02;7.858830e-02;5.629810e-02;9.876830e-02;8.446537e-02;2.642874e-01;9.252988e-02;7.150847e-02;5.982361e-02;3.817648e-02;3.361303e-02
7.764117e-02;5.525972e-02;6.828214e-02;6.643268e-02;8.921323e-02;1.016436e-01;1.379336e-01;1.393069e-01;6.970069e-02;7.804991e-02;5.279066e-02;6.374570e-02
7.116981e-02;6.385052e-02;7.655981e-02;5.317846e-02;7.489554e-02;8.904114e-02;1.296252e-01;1.410821e-01;7.038603e-02;9.024307e-02;6.621980e-02;7.374854e-02
6.857800e-02;5.957921e-02;9.497227e-02;2.992624e-02;5.682160e-02;4.733302e-02;2.564201e-01;1.289711e-01;4.816433e-02;7.609214e-02;5.520007e-02;7.794185e-02
4.580689e-02;5.364173e-02;1.099992e-01;2.949021e-02;3.381994e-02;3.632074e-02;3.419758e-01;1.287354e-01;5.442670e-02;5.902193e-02;2.939984e-02;7.736162e-02
3.734684e-02;5.999377e-02;1.089124e-01;3.055272e-02;3.754115e-02;4.189036e-02;3.545452e-01;1.078787e-01;6.168744e-02;5.487550e-02;4.051202e-02;6.426379e-02
6.384538e-02;7.906989e-02;5.818954e-02;3.442760e-02;6.843608e-02;6.882690e-02;3.357209e-01;9.046395e-02;5.393393e-02;5.388572e-02;5.288921e-02;4.031091e-02
8.929043e-02;5.950967e-02;6.056556e-02;2.603438e-02;8.188818e-02;7.301849e-02;4.163010e-01;5.028774e-02;3.172082e-02;4.815357e-02;3.603829e-02;2.719190e-02
9.229887e-02;3.645264e-02;4.457614e-02;2.065646e-02;7.538301e-02;6.094630e-02;4.676628e-01;5.078351e-02;5.259700e-02;3.968211e-02;2.911408e-02;2.984707e-02
9.350166e-02;2.116502e-02;6.745157e-02;3.695436e-02;4.683206e-02;4.390151e-02;4.476571e-01;5.892711e-02;5.404613e-02;6.078331e-02;3.627929e-02;3.250084e-02
5.891718e-02;6.101986e-02;1.012089e-01;5.817947e-02;6.677102e-02;7.222731e-02;3.022635e-01;5.393725e-02;6.021342e-02;6.824303e-02;3.763193e-02;5.938714e-02
7.137562e-02;7.142286e-02;1.053569e-01;8.053817e-02;6.439531e-02;8.597489e-02;1.582169e-01;8.644316e-02;1.081233e-01;7.131167e-02;4.241928e-02;5.442188e-02
8.354362e-02;6.679369e-02;1.099531e-01;9.431622e-02;4.655112e-02;8.998420e-02;9.840088e-02;1.032740e-01;1.294614e-01;7.721718e-02;4.713817e-02;5.336653e-02
7.583882e-02;5.334940e-02;1.130825e-01;9.303202e-02;3.264582e-02;8.899705e-02;1.531489e-01;1.036596e-01;1.261178e-01;6.526462e-02;4.031350e-02;5.455001e-02
5.551779e-02;5.185376e-02;1.057325e-01;6.475616e-02;6.086290e-02;7.095932e-02;2.815637e-01;8.620349e-02;7.725913e-02;6.130885e-02;4.435340e-02;3.962892e-02
4.330054e-02;4.642490e-02;1.332168e-01;7.165958e-02;6.371295e-02;4.813053e-02;2.369700e-01;9.831221e-02;1.312071e-01;6.466594e-02;4.032173e-02;2.207766e-02
4.352506e-02;5.851147e-02;1.358253e-01;5.288565e-02;8.248533e-02;5.933367e-02;1.255487e-01;9.607483e-02;1.473182e-01;1.065626e-01;4.753068e-02;4.439849e-02
5.876673e-02;7.756419e-02;1.116446e-01;7.537872e-02;6.521519e-02;6.761825e-02;1.017173e-01;9.843648e-02;1.352895e-01;9.354677e-02;6.092802e-02;5.389409e-02
8.202464e-02;1.127644e-01;1.056128e-01;6.866899e-02;6.316561e-02;7.426334e-02;9.310799e-02;9.120485e-02;1.398039e-01;9.388211e-02;4.194125e-02;3.356016e-02
9.860147e-02;1.140764e-01;1.226018e-01;6.517003e-02;6.697147e-02;7.256994e-02;8.783904e-02;7.888491e-02;1.328236e-01;9.424114e-02;4.271344e-02;2.350669e-02
8.597211e-02;9.162472e-02;1.569853e-01;6.485178e-02;8.257858e-02;6.064847e-02;7.371853e-02;5.573045e-02;1.361273e-01;8.956293e-02;6.730219e-02;3.489768e-02
1.191224e-01;6.402734e-02;1.585134e-01;4.110274e-02;8.301815e-02;3.540035e-02;4.987766e-02;6.312919e-02;1.127037e-01;9.675778e-02;1.150106e-01;6.133665e-02
1.065370e-01;6.777526e-02;1.141076e-01;6.985752e-02;6.250255e-02;4.778569e-02;5.648948e-02;7.646500e-02;8.987299e-02;1.065116e-01;1.429529e-01;5.914243e-02
4.918643e-02;5.355441e-02;7.668006e-02;1.226607e-01;4.504659e-02;8.839633e-02;8.489684e-02;5.904611e-02;6.544532e-02;1.178909e-01;1.858171e-01;5.137916e-02
7.425574e-02;3.022248e-02;5.891580e-02;1.317244e-01;4.166825e-02;1.366936e-01;7.356474e-02;2.750952e-02;3.445537e-02;1.364701e-01;2.198147e-01;3.470526e-02
1.377517e-01;2.978382e-02;1.140724e-01;8.995845e-02;3.784130e-02;1.215065e-01;6.887420e-02;2.579327e-02;3.370032e-02;1.232109e-01;1.615988e-01;5.590830e-02
1.774254e-01;1.831237e-02;1.281681e-01;6.142240e-02;4.643492e-02;9.467673e-02;1.161185e-01;4.092624e-02;4.948059e-02;9.515156e-02;1.044436e-01;6.743962e-02
2.428319e-01;3.933679e-02;8.343398e-02;2.975680e-02;2.946177e-02;6.066370e-02;1.243964e-01;6.541289e-02;9.894360e-02;7.851981e-02;5.739183e-02;8.985049e-02
3.482828e-01;5.796766e-02;4.978338e-02;1.281839e-02;2.102017e-02;3.554942e-02;6.655066e-02;1.063442e-01;1.261614e-01;5.662700e-02;3.253813e-02;8.635688e-02
3.544767e-01;1.069254e-01;9.465338e-02;1.438896e-02;2.857068e-02;1.544554e-02;4.314860e-02;1.110666e-01;9.553601e-02;3.296095e-02;5.173824e-02;5.108896e-02
1.839122e-01;2.059221e-01;2.056592e-01;2.673596e-02;4.280304e-02;2.851271e-02;4.560551e-02;6.105797e-02;7.249577e-02;3.739399e-02;5.385180e-02;3.604973e-02
1.055947e-01;2.608088e-01;2.789024e-01;2.377672e-02;3.264445e-02;3.016008e-02;2.934114e-02;5.002626e-02;9.601652e-02;3.534782e-02;3.071374e-02;2.666749e-02
1.141744e-01;2.477461e-01;3.456620e-01;2.707002e-02;1.486444e-02;1.635934e-02;1.226467e-02;6.298842e-02;8.753251e-02;3.644892e-02;1.555360e-02;1.933555e-02
2.806382e-02;2.201546e-01;4.807622e-01;3.228879e-02;1.575620e-02;7.363223e-03;1.541161e-02;8.002255e-02;5.192145e-02;4.058926e-02;1.074445e-02;1.692171e-02
6.962687e-02;1.922394e-01;4.194275e-01;4.424502e-02;2.415993e-02;2.095422e-02;2.372861e-02;7.917950e-02;4.137998e-02;3.534789e-02;1.930097e-02;3.041003e-02
9.168287e-02;1.883211e-01;2.773290e-01;6.501613e-02;5.158201e-02;3.624784e-02;3.428391e-02;7.202183e-02;7.009894e-02;3.616841e-02;3.523429e-02;4.201374e-02
4.851639e-02;1.743477e-01;3.141855e-01;7.325503e-02;6.082514e-02;3.842559e-02;3.712765e-02;5.076380e-02;7.230171e-02;4.844379e-02;4.418820e-02;3.761951e-02
8.769733e-02;1.380852e-01;3.460702e-01;6.238434e-02;5.675336e-02;3.514053e-02;4.532862e-02;3.815750e-02;6.053126e-02;4.481004e-02;5.397680e-02;3.106486e-02
5.847521e-02;1.468903e-01;3.075788e-01;5.938695e-02;5.971744e-02;4.678755e-02;6.507512e-02;3.533676e-02;9.313751e-02;4.576557e-02;5.336755e-02;2.848119e-02
8.602056e-02;1.775996e-01;3.229458e-01;5.507549e-02;5.580646e-02;4.350317e-02;5.068379e-02;3.384851e-02;8.553182e-02;2.902371e-02;3.702900e-02;2.293210e-02
1.095562e-01;1.791137e-01;2.935072e-01;6.592223e-02;7.426647e-02;5.151970e-02;3.120037e-02;4.788196e-02;5.000501e-02;3.403844e-02;3.542768e-02;2.756103e-02
1.157928e-01;1.580841e-01;2.189046e-01;5.723363e-02;8.371834e-02;5.140301e-02;4.553907e-02;7.441612e-02;5.173269e-02;5.382434e-02;5.165854e-02;3.769284e-02
1.171671e-01;1.296991e-01;1.749718e-01;5.756874e-02;5.637478e-02;5.026272e-02;7.971817e-02;1.038311e-01;6.543694e-02;6.088021e-02;5.515779e-02;4.893157e-02
7.987539e-02;1.151775e-01;2.018502e-01;4.439327e-02;6.005887e-02;8.030615e-02;1.221662e-01;7.510937e-02;8.509132e-02;5.045406e-02;5.086445e-02;3.465324e-02
6.242853e-02;8.732804e-02;1.654626e-01;4.123883e-02;1.227425e-01;1.062844e-01;1.128792e-01;5.982237e-02;9.642639e-02;6.782915e-02;3.688643e-02;4.067142e-02
7.581856e-02;8.549288e-02;1.001727e-01;4.855538e-02;1.493740e-01;1.059352e-01;6.867617e-02;1.105714e-01;9.745824e-02;8.025791e-02;3.156283e-02;4.612476e-02
7.226318e-02;6.572112e-02;8.888631e-02;4.623203e-02;8.706002e-02;1.218710e-01;8.605365e-02;1.322233e-01;1.281722e-01;6.693535e-02;4.421959e-02;6.036228e-02
5.859913e-02;3.929806e-02;8.631137e-02;5.890034e-02;7.778966e-02;9.094136e-02;1.051079e-01;1.149002e-01;1.479853e-01;6.749872e-02;6.457740e-02;8.809064e-02
8.377890e-02;5.207032e-02;1.700007e-01;5.165125e-02;6.563226e-02;5.919231e-02;9.720748e-02;7.339704e-02;1.120806e-01;7.019785e-02;7.712610e-02;8.766519e-02
1.640612e-01;1.114556e-01;2.815911e-01;3.864517e-02;3.545752e-02;2.798483e-02;6.611934e-02;4.882821e-02;7.561070e-02;6.602445e-02;3.520209e-02;4.901988e-02
2.352982e-01;1.362278e-01;2.149307e-01;3.236928e-02;2.835322e-02;1.843389e-02;6.041882e-02;5.901702e-02;6.759395e-02;5.198409e-02;4.294609e-02;5.242694e-02
3.652547e-01;1.326743e-01;1.261450e-01;2.141965e-02;1.855015e-02;1.157534e-02;6.838755e-02;8.290423e-02;4.911842e-02;3.385871e-02;3.992853e-02;5.018341e-02
4.972605e-01;8.285375e-02;3.804822e-02;1.755346e-02;6.104403e-03;6.788723e-03;1.037022e-01;8.468099e-02;1.820469e-02;2.084138e-02;2.130438e-02;1.026573e-01
4.862947e-01;4.301387e-02;1.263613e-02;3.198358e-02;4.628754e-03;6.620866e-03;1.654793e-01;5.114528e-02;5.447942e-03;1.751251e-02;1.211331e-02;1.631238e-01
3.487493e-01;4.696964e-02;1.622830e-02;7.777512e-02;1.515672e-02;1.090579e-02;2.254311e-01;4.009628e-02;4.443744e-03;1.505565e-02;1.898046e-02;1.802079e-01
1.998076e-01;2.122898e-02;2.344645e-02;1.296508e-01;5.466535e-02;2.068965e-02;2.806331e-01;4.496126e-02;2.097942e-02;1.817050e-02;2.982824e-02;1.559387e-01
1.335611e-01;2.813485e-02;2.121268e-02;1.313534e-01;7.012185e-02;3.889601e-02;3.041507e-01;1.026014e-01;2.471748e-02;3.345152e-02;1.941244e-02;9.238651e-02
8.579843e-02;1.695293e-02;1.737443e-02;1.147816e-01;3.445773e-02;5.008024e-02;3.294280e-01;1.685744e-01;3.636368e-02;5.908473e-02;1.520432e-02;7.189947e-02
9.473632e-02;1.141495e-02;1.958343e-02;8.053650e-02;1.493455e-02;2.634255e-02;2.847389e-01;2.077715e-01;7.784919e-02;7.941447e-02;3.366947e-02;6.900815e-02
1.291262e-01;2.651314e-02;3.947632e-02;4.822163e-02;2.472589e-02;1.582428e-02;2.238831e-01;1.680998e-01;1.161001e-01;6.974296e-02;7.816045e-02;6.012618e-02
1.178127e-01;3.966100e-02;5.725079e-02;3.973004e-02;3.360482e-02;3.068746e-02;1.910118e-01;1.038428e-01;1.259255e-01;8.683413e-02;9.470067e-02;7.893825e-02
1.159589e-01;4.126748e-02;1.403838e-01;3.089317e-02;3.289977e-02;3.752321e-02;1.690363e-01;6.692432e-02;8.420409e-02;1.099686e-01;6.983845e-02;1.011019e-01
2.784211e-01;3.134908e-02;1.073730e-01;3.118025e-02;3.380881e-02;2.748510e-02;1.224030e-01;8.239574e-02;4.981128e-02;8.205605e-02;6.263718e-02;9.107948e-02
3.670828e-01;5.315306e-02;1.251202e-01;3.870459e-02;2.595911e-02;1.582968e-02;7.776080e-02;7.263536e-02;4.183911e-02;4.309826e-02;5.919942e-02;7.961759e-02
3.640368e-01;6.639597e-02;1.561969e-01;5.017469e-02;3.085802e-02;2.039178e-02;4.286960e-02;8.100146e-02;4.561155e-02;3.491919e-02;4.272062e-02;6.482341e-02
3.116798e-01;9.509283e-02;1.931792e-01;4.597765e-02;4.538120e-02;2.395407e-02;6.248799e-02;7.310588e-02;4.427727e-02;3.227539e-02;2.512325e-02;4.746545e-02
3.118392e-01;1.145345e-01;2.230539e-01;2.877845e-02;4.338145e-02;1.876842e-02;6.494091e-02;4.873823e-02;3.803869e-02;5.044569e-02;1.669645e-02;4.078405e-02
2.610927e-01;9.486804e-02;2.480812e-01;2.176578e-02;7.750253e-02;1.472455e-02;5.373977e-02;6.625099e-02;5.059874e-02;6.656829e-02;1.532093e-02;2.948649e-02
2.292652e-01;5.558163e-02;2.217117e-01;3.068824e-02;8.636716e-02;3.109562e-02;5.264221e-02;7.194509e-02;8.732899e-02;6.375241e-02;3.236292e-02;3.725879e-02
2.231517e-01;4.991442e-02;1.813291e-01;3.761370e-02;6.594415e-02;4.563797e-02;5.651022e-02;6.234251e-02;9.902488e-02;6.042032e-02;6.312752e-02;5.498359e-02
1.952140e-01;6.496692e-02;1.989502e-01;4.506038e-02;3.942798e-02;3.702803e-02;5.864121e-02;7.620953e-02;8.177326e-02;7.348233e-02;8.503825e-02;4.420787e-02
1.613344e-01;6.283452e-02;2.344591e-01;4.219339e-02;4.583335e-02;2.361301e-02;7.935689e-02;8.302052e-02;7.050262e-02;8.486091e-02;7.099637e-02;4.099494e-02
1.236172e-01;6.391280e-02;2.319881e-01;5.938295e-02;6.495868e-02;2.863630e-02;7.848257e-02;8.331220e-02;7.196290e-02;9.746101e-02;5.710722e-02;3.917807e-02
9.733794e-02;9.265509e-02;1.384013e-01;7.894178e-02;6.983296e-02;4.155424e-02;7.870723e-02;8.197272e-02;1.020118e-01;1.140030e-01;7.563242e-02;2.894961e-02
8.927877e-02;9.933890e-02;8.637678e-02;7.677849e-02;7.611354e-02;5.714895e-02;1.026758e-01;6.103731e-02;1.273270e-01;1.075154e-01;7.125485e-02;4.515424e-02
1.134457e-01;1.094669e-01;1.099200e-01;6.338100e-02;5.036480e-02;6.007088e-02;1.032033e-01;4.608872e-02;1.234462e-01;9.496717e-02;6.777934e-02;5.786608e-02
1.339723e-01;1.086155e-01;1.454024e-01;6.503822e-02;2.511477e-02;4.560656e-02;8.887061e-02;3.047102e-02;1.063417e-01;1.073261e-01;7.653351e-02;6.670731e-02
1.460304e-01;1.124010e-01;1.248551e-01;4.333883e-02;3.645605e-02;8.633560e-02;8.200851e-02;4.956779e-02;8.518098e-02;1.148898e-01;7.157526e-02;4.736076e-02
1.412843e-01;8.361363e-02;9.725528e-02;3.934202e-02;8.125267e-02;1.252153e-01;6.858317e-02;7.328741e-02;7.151995e-02;1.249688e-01;5.683620e-02;3.684127e-02
1.060074e-01;7.597900e-02;1.126423e-01;5.149553e-02;1.291247e-01;1.045933e-01;7.854325e-02;8.150676e-02;7.216595e-02;1.201265e-01;3.082634e-02;3.698910e-02
9.012655e-02;6.461471e-02;1.108612e-01;6.344163e-02;1.194797e-01;8.336937e-02;8.915763e-02;9.370974e-02;1.306156e-01;1.063032e-01;2.145556e-02;2.686516e-02
8.934344e-02;9.575257e-02;1.723872e-01;5.658462e-02;7.548895e-02;7.686198e-02;7.351320e-02;6.770284e-02;1.212528e-01;1.012153e-01;2.709782e-02;4.279936e-02
5.957229e-02;9.921361e-02;1.524818e-01;5.353349e-02;1.071051e-01;5.831550e-02;7.180820e-02;5.609951e-02;1.010632e-01;1.381294e-01;3.654936e-02;6.612860e-02
7.020786e-02;1.199426e-01;1.162689e-01;5.923352e-02;8.419179e-02;4.411170e-02;7.611867e-02;7.772981e-02;1.299251e-01;1.352125e-01;3.962090e-02;4.743651e-02
6.210297e-02;1.071170e-01;1.229438e-01;9.078307e-02;7.498068e-02;4.062661e-02;5.666179e-02;7.074713e-02;2.125272e-01;1.010676e-01;3.202555e-02;2.841660e-02
7.605562e-02;8.453193e-02;1.201789e-01;1.227321e-01;8.974748e-02;5.545042e-02;6.874868e-02;5.491618e-02;2.031186e-01;8.695357e-02;1.753448e-02;2.003194e-02
8.160844e-02;8.667252e-02;2.065877e-01;1.200364e-01;8.337761e-02;7.145651e-02;9.720497e-02;4.587018e-02;1.026834e-01;6.075212e-02;2.887274e-02;1.487742e-02
5.230895e-02;6.289943e-02;3.048674e-01;1.001077e-01;8.178818e-02;6.220281e-02;1.264583e-01;3.631731e-02;4.155609e-02;6.202862e-02;4.663067e-02;2.283461e-02
4.158962e-02;4.981493e-02;3.685431e-01;1.037707e-01;6.903438e-02;3.815343e-02;1.009655e-01;2.821564e-02;4.832707e-02;6.262744e-02;5.970563e-02;2.925244e-02
4.466400e-02;1.934837e-02;4.486675e-01;1.484837e-01;5.427079e-02;2.198282e-02;4.735328e-02;1.689436e-02;4.244986e-02;6.298636e-02;6.773683e-02;2.516217e-02
3.624064e-02;2.036172e-02;5.011069e-01;1.857916e-01;3.814019e-02;1.003833e-02;2.159628e-02;2.044907e-02;2.469399e-02;6.560285e-02;6.480697e-02;1.117142e-02
2.324843e-02;1.027564e-02;4.658788e-01;2.212025e-01;4.449621e-02;1.585170e-02;1.421433e-02;6.127406e-02;1.671384e-02;4.523306e-02;7.407420e-02;7.537221e-03
1.125655e-02;8.813969e-03;3.695542e-01;2.414143e-01;5.953062e-02;2.373648e-02;1.955225e-02;1.501315e-01;6.302767e-03;1.628920e-02;8.645997e-02;6.958063e-03
5.946667e-03;1.261588e-02;2.863058e-01;2.286183e-01;7.945012e-02;2.508676e-02;8.229043e-03;2.303614e-01;5.879113e-03;1.334440e-02;9.030702e-02;1.385552e-02
6.099782e-03;1.495508e-02;2.713827e-01;2.035700e-01;1.076469e-01;2.509280e-02;1.684056e-02;2.193239e-01;8.399983e-03;2.061702e-02;8.602586e-02;2.004546e-02
5.379012e-03;2.509251e-02;3.258722e-01;1.789269e-01;1.408384e-01;3.692995e-02;2.150304e-02;1.401143e-01;1.212493e-02;2.041674e-02;6.876999e-02;2.403201e-02
5.993347e-03;4.777815e-02;3.743568e-01;1.523651e-01;1.518619e-01;7.188797e-02;3.024917e-02;7.176422e-02;8.888158e-03;1.967318e-02;4.241239e-02;2.276956e-02
1.687481e-02;4.967361e-02;3.967168e-01;1.146386e-01;1.173029e-01;1.094027e-01;5.058619e-02;6.034865e-02;1.355412e-02;1.960239e-02;3.563574e-02;1.566350e-02
2.987958e-02;3.233364e-02;4.510776e-01;7.601076e-02;9.592954e-02;9.699316e-02;7.872981e-02;5.476297e-02;1.766584e-02;3.210215e-02;2.558408e-02;8.930837e-03
3.463286e-02;3.826715e-02;3.963852e-01;1.448063e-01;7.573094e-02;4.816766e-02;1.093509e-01;3.954829e-02;2.489550e-02;6.458712e-02;1.567078e-02;7.957289e-03
3.219369e-02;3.647073e-02;2.502253e-01;2.247383e-01;5.243034e-02;4.477741e-02;1.266953e-01;6.377875e-02;5.666301e-02;8.580136e-02;1.370740e-02;1.251840e-02
2.881605e-02;2.505453e-02;1.969551e-01;2.555614e-01;9.507246e-02;3.595594e-02;9.592638e-02;1.019986e-01;6.711086e-02;6.306043e-02;1.856835e-02;1.591982e-02
1.569924e-02;3.216354e-02;1.775578e-01;2.637024e-01;1.494897e-01;4.793433e-02;7.783664e-02;1.077576e-01;4.615159e-02;5.097287e-02;1.400753e-02;1.672682e-02
3.158102e-02;3.503250e-02;1.475855e-01;2.419690e-01;1.437142e-01;5.977177e-02;1.064162e-01;8.059239e-02;6.121267e-02;4.557901e-02;2.190025e-02;2.464546e-02
4.382216e-02;3.465533e-02;2.089446e-01;2.068583e-01;1.375687e-01;4.388906e-02;1.241124e-01;6.327648e-02;5.260092e-02;3.414422e-02;2.585254e-02;2.427519e-02
3.391000e-02;2.767825e-02;2.791846e-01;1.569423e-01;1.214344e-01;5.740493e-02;1.770071e-01;3.607788e-02;4.150139e-02;2.941967e-02;2.371024e-02;1.572920e-02
1.670532e-02;2.473386e-02;4.012923e-01;1.244481e-01;1.063533e-01;6.357723e-02;1.427505e-01;2.827229e-02;2.307413e-02;3.319751e-02;3.013347e-02;5.462006e-03
1.130355e-02;4.110714e-02;5.596536e-01;8.978736e-02;6.705952e-02;3.608716e-02;5.939635e-02;2.096887e-02;2.566046e-02;5.714007e-02;2.731104e-02;4.524894e-03
4.818281e-02;1.169819e-01;5.336661e-01;4.872108e-02;3.238539e-02;1.930678e-02;2.796502e-02;2.223094e-02;7.206447e-02;6.449629e-02;9.885784e-03;4.113459e-03
1.588456e-01;1.873774e-01;3.299363e-01;3.036025e-02;2.475500e-02;2.117226e-02;2.266498e-02;5.092297e-02;1.069821e-01;4.147492e-02;9.253712e-03;1.625448e-02
2.962759e-01;1.592415e-01;1.657164e-01;4.324384e-02;2.568821e-02;2.118062e-02;5.415703e-02;6.436672e-02;7.532180e-02;2.162233e-02;1.857612e-02;5.460953e-02
3.296722e-01;8.487051e-02;1.144185e-01;7.270630e-02;2.817737e-02;4.519422e-02;7.264113e-02;4.694305e-02;2.840661e-02;2.252028e-02;5.379426e-02;1.006556e-01
2.545741e-01;5.376571e-02;1.081619e-01;8.067386e-02;7.828327e-02;6.971407e-02;4.730499e-02;3.034763e-02;2.449939e-02;6.809262e-02;8.814661e-02;9.643586e-02
1.660618e-01;5.963822e-02;7.696068e-02;7.532395e-02;1.852404e-01;5.611339e-02;5.217663e-02;3.481691e-02;5.349965e-02;1.163083e-01;7.007852e-02;5.378152e-02
1.141258e-01;3.520064e-02;5.852664e-02;1.394429e-01;2.101733e-01;5.043344e-02;1.062028e-01;3.649620e-02;9.552599e-02;1.043213e-01;2.999623e-02;1.955477e-02
8.327878e-02;1.580304e-02;8.077910e-02;2.333172e-01;1.266901e-01;3.618114e-02;1.418032e-01;4.010200e-02;1.386501e-01;6.001227e-02;2.655485e-02;1.682825e-02
5.301068e-02;8.422062e-03;1.245381e-01;3.037606e-01;8.603079e-02;3.326793e-02;1.175958e-01;4.920565e-02;1.441589e-01;3.535143e-02;3.018261e-02;1.447554e-02
3.737866e-02;1.029957e-02;2.155934e-01;2.970964e-01;6.462588e-02;8.940880e-02;6.859778e-02;4.893646e-02;1.062744e-01;2.293289e-02;2.003623e-02;1.881965e-02
2.157728e-02;2.268947e-02;3.520006e-01;2.195596e-01;4.015868e-02;1.325887e-01;5.377013e-02;3.828605e-02;6.382041e-02;1.532519e-02;1.335920e-02;2.686469e-02
2.035432e-02;3.344907e-02;3.991241e-01;1.451740e-01;1.759613e-02;1.145882e-01;7.366954e-02;4.168341e-02;7.306461e-02;2.081860e-02;1.520148e-02;4.527654e-02
1.920602e-02;3.486889e-02;3.841119e-01;1.239616e-01;2.840747e-02;6.483516e-02;9.063707e-02;5.310615e-02;8.742851e-02;2.730693e-02;1.448169e-02;7.164858e-02
1.911715e-02;4.395157e-02;3.417380e-01;1.151224e-01;3.587765e-02;4.264543e-02;9.165151e-02;6.091599e-02;7.828094e-02;3.229763e-02;3.108876e-02;1.073130e-01
1.914081e-02;2.945126e-02;1.840914e-01;1.396108e-01;4.866964e-02;4.008645e-02;1.326739e-01;7.496858e-02;9.234052e-02;4.560067e-02;6.772789e-02;1.256381e-01
1.940683e-02;2.999264e-02;1.737344e-01;1.264028e-01;5.081701e-02;2.864528e-02;1.806850e-01;7.602231e-02;8.493568e-02;6.132559e-02;6.644057e-02;1.015919e-01
2.338127e-02;2.584696e-02;2.664144e-01;1.294514e-01;4.376491e-02;3.003938e-02;1.931793e-01;5.583220e-02;6.831864e-02;6.749430e-02;3.022313e-02;6.605414e-02
2.531934e-02;2.226759e-02;2.495699e-01;1.497035e-01;4.554589e-02;4.211510e-02;1.856508e-01;4.857625e-02;8.343977e-02;7.080859e-02;2.998961e-02;4.701363e-02
4.028735e-02;3.002337e-02;1.885012e-01;1.820062e-01;6.735091e-02;5.647292e-02;1.517067e-01;3.770654e-02;7.952092e-02;7.827398e-02;4.772200e-02;4.042793e-02
4.449742e-02;4.254017e-02;2.586891e-01;2.065054e-01;5.660946e-02;4.505552e-02;7.264519e-02;4.854265e-02;7.127663e-02;6.586786e-02;4.062856e-02;4.714200e-02
2.497704e-02;2.764115e-02;3.352831e-01;2.134161e-01;5.153645e-02;3.528555e-02;6.962229e-02;5.442367e-02;7.382946e-02;4.439896e-02;3.073521e-02;3.885094e-02
3.192509e-02;3.242604e-02;3.291433e-01;2.259203e-01;6.134454e-02;3.994660e-02;6.287505e-02;4.339949e-02;6.108360e-02;3.848323e-02;4.188783e-02;3.156493e-02
5.630332e-02;2.686431e-02;2.855458e-01;1.723957e-01;6.456954e-02;4.245267e-02;9.428910e-02;4.633027e-02;5.184741e-02;3.160053e-02;5.165442e-02;7.614686e-02
5.919480e-02;4.419212e-02;2.060288e-01;1.821493e-01;5.844422e-02;3.836226e-02;1.319018e-01;3.669558e-02;6.480070e-02;3.975813e-02;4.193253e-02;9.653982e-02
4.314264e-02;4.321106e-02;2.118406e-01;2.002607e-01;8.433688e-02;5.765558e-02;1.212322e-01;3.257547e-02;6.613109e-02;3.409459e-02;3.006110e-02;7.545803e-02
3.397434e-02;3.994100e-02;2.935670e-01;2.071634e-01;8.745839e-02;6.476050e-02;6.709683e-02;3.953396e-02;5.461292e-02;2.414384e-02;3.476248e-02;5.298541e-02
3.927199e-02;2.399848e-02;2.906399e-01;1.722919e-01;6.216445e-02;8.392733e-02;4.836414e-02;3.990139e-02;8.020002e-02;3.716163e-02;5.302225e-02;6.905647e-02
6.335489e-02;3.033064e-02;2.272916e-01;1.509013e-01;6.263030e-02;7.055184e-02;6.982403e-02;5.751868e-02;7.055720e-02;4.596966e-02;6.740992e-02;8.365991e-02
1.041328e-01;5.303255e-02;1.713162e-01;1.600176e-01;8.982529e-02;4.908917e-02;1.249340e-01;5.727430e-02;5.559965e-02;3.079056e-02;4.071964e-02;6.326819e-02
