7.163604e-02;5.173194e-02;6.225567e-02;8.612736e-02;1.120146e-01;9.743381e-02;6.172673e-02;8.901565e-02;8.975029e-02;8.947322e-02;1.091678e-01;7.966686e-02
7.248816e-02;5.885235e-02;7.026420e-02;9.083172e-02;9.090232e-02;8.153323e-02;7.418538e-02;6.600032e-02;1.130924e-01;5.859945e-02;1.186058e-01;1.046447e-01
9.617120e-02;5.097513e-02;1.074389e-01;7.313804e-02;8.195551e-02;7.199155e-02;9.889375e-02;5.800913e-02;1.071963e-01;8.534506e-02;8.316485e-02;8.572058e-02
6.779979e-02;4.493764e-02;8.530278e-02;5.370561e-02;4.095290e-02;5.274924e-02;1.109682e-01;7.779950e-02;1.195524e-01;1.240514e-01;1.454219e-01;7.675859e-02
6.663286e-02;4.270251e-02;7.494078e-02;4.497622e-02;4.040902e-02;4.810617e-02;1.010664e-01;7.795691e-02;1.223273e-01;1.319041e-01;1.628826e-01;8.609518e-02
6.360259e-02;4.289676e-02;7.043067e-02;4.095768e-02;3.945997e-02;3.973447e-02;1.033410e-01;6.975841e-02;1.361512e-01;1.365540e-01;1.811206e-01;7.599260e-02
7.010901e-02;5.456644e-02;1.590891e-01;7.505914e-02;4.847262e-02;3.137335e-02;8.895672e-02;6.321580e-02;1.090300e-01;9.918025e-02;1.299382e-01;7.100949e-02
7.195930e-02;5.910518e-02;1.849042e-01;9.607200e-02;4.687083e-02;3.754245e-02;7.403310e-02;5.529215e-02;8.383793e-02;8.303744e-02;1.117782e-01;9.556726e-02
9.300693e-02;6.239418e-02;1.913460e-01;1.076466e-01;4.449005e-02;4.439653e-02;5.730335e-02;5.503426e-02;6.636950e-02;8.564531e-02;1.092983e-01;8.306896e-02
1.386907e-01;7.218782e-02;1.563763e-01;9.970880e-02;5.245378e-02;4.811154e-02;4.715731e-02;6.182088e-02;3.603457e-02;1.284742e-01;9.390380e-02;6.508034e-02
1.251059e-01;5.678356e-02;7.575157e-02;7.795532e-02;4.645387e-02;4.054655e-02;7.555684e-02;6.050455e-02;1.179076e-01;1.163158e-01;1.321327e-01;7.498577e-02
6.839762e-02;8.250161e-02;8.926788e-02;7.440767e-02;3.798162e-02;5.253116e-02;1.303196e-01;6.491764e-02;1.024920e-01;1.121087e-01;1.047986e-01;8.027581e-02
8.700410e-02;6.570398e-02;1.197264e-01;9.540223e-02;4.955174e-02;5.609784e-02;1.228207e-01;5.956498e-02;7.596944e-02;9.900869e-02;8.267307e-02;8.647682e-02
1.039421e-01;3.100120e-02;1.646588e-01;1.196894e-01;5.227973e-02;3.670847e-02;6.820174e-02;6.588543e-02;1.042381e-01;1.093542e-01;7.350298e-02;7.053782e-02
9.302399e-02;9.398612e-02;1.174547e-01;8.794922e-02;6.004946e-02;3.870793e-02;4.848904e-02;6.948501e-02;1.143039e-01;8.597080e-02;8.734585e-02;1.032339e-01
1.226524e-01;9.234886e-02;1.184651e-01;7.741142e-02;7.412395e-02;3.429141e-02;4.250178e-02;6.888235e-02;8.374882e-02;1.005880e-01;8.823020e-02;9.675579e-02
1.419804e-01;5.908961e-02;1.333700e-01;6.925979e-02;7.911018e-02;3.978007e-02;3.446425e-02;8.783096e-02;6.150431e-02;9.989650e-02;1.051189e-01;8.859494e-02
1.413056e-01;4.199870e-02;1.375510e-01;5.925864e-02;7.400721e-02;4.457573e-02;4.667542e-02;7.928143e-02;4.900537e-02;7.963199e-02;1.307495e-01;1.159594e-01
1.132218e-01;8.463449e-02;1.582644e-01;5.575521e-02;6.723625e-02;3.808601e-02;6.635746e-02;6.739671e-02;6.865121e-02;5.450196e-02;1.087246e-01;1.171699e-01
2.045011e-01;9.269799e-02;1.478896e-01;3.981559e-02;8.733088e-02;3.428224e-02;6.634340e-02;9.505579e-02;7.219660e-02;2.837959e-02;6.735392e-02;6.415333e-02
3.149036e-01;6.735232e-02;1.176867e-01;1.752449e-02;8.487594e-02;1.404679e-02;6.555166e-02;1.310747e-01;4.142419e-02;2.256510e-02;4.864611e-02;7.434834e-02
3.969508e-01;5.818119e-02;1.107934e-01;1.702672e-02;5.868492e-02;1.190243e-02;5.057989e-02;1.384121e-01;2.521859e-02;1.352187e-02;5.732015e-02;6.140785e-02
4.205478e-01;5.924961e-02;1.153233e-01;1.861511e-02;5.625819e-02;1.353301e-02;3.568647e-02;1.057059e-01;3.552455e-02;1.937493e-02;7.216764e-02;4.801346e-02
3.795704e-01;5.307962e-02;1.252469e-01;1.923434e-02;4.454388e-02;1.683044e-02;4.143874e-02;6.971364e-02;5.962292e-02;4.651587e-02;8.421811e-02;5.998510e-02
2.491017e-01;4.421797e-02;1.031159e-01;3.417713e-02;3.821921e-02;2.461209e-02;5.483015e-02;6.263249e-02;1.449823e-01;1.034052e-01;7.823495e-02;6.247093e-02
1.270952e-01;2.762588e-02;5.669372e-02;6.018297e-02;4.955598e-02;3.812572e-02;5.575142e-02;1.151033e-01;2.175829e-01;1.374922e-01;7.386247e-02;4.092810e-02
6.314525e-02;4.208977e-02;6.728771e-02;5.506466e-02;7.012330e-02;5.132315e-02;5.465874e-02;1.189891e-01;2.661425e-01;1.376371e-01;5.068559e-02;2.285315e-02
3.569886e-02;6.299942e-02;4.328209e-02;5.037990e-02;6.831393e-02;3.829632e-02;8.847591e-02;1.033935e-01;2.917798e-01;1.718114e-01;2.623133e-02;1.933762e-02
3.419755e-02;6.339716e-02;6.333504e-02;1.100170e-01;5.612773e-02;5.651836e-02;8.220232e-02;8.606245e-02;2.046197e-01;2.122581e-01;1.910773e-02;1.215687e-02
3.592501e-02;4.416092e-02;5.137684e-02;1.082992e-01;1.124045e-01;7.300170e-02;8.423593e-02;1.231959e-01;1.158125e-01;2.278022e-01;1.595788e-02;7.827342e-03
3.461640e-02;2.613914e-02;3.310350e-02;4.649487e-02;1.480261e-01;9.397440e-02;1.060251e-01;8.431838e-02;2.127916e-01;1.863359e-01;1.392221e-02;1.425242e-02
2.850586e-02;3.187964e-02;2.754012e-02;5.114447e-02;1.444798e-01;8.175202e-02;1.036223e-01;7.133131e-02;2.847072e-01;1.479661e-01;8.882028e-03;1.818919e-02
2.036459e-02;3.412559e-02;6.456911e-02;7.753975e-02;1.706922e-01;6.851093e-02;6.939789e-02;1.090453e-01;2.670808e-01;8.501191e-02;1.258544e-02;2.107659e-02
1.685182e-02;3.988352e-02;1.274782e-01;8.266073e-02;1.894699e-01;7.251875e-02;3.241515e-02;1.849809e-01;1.282653e-01;6.433123e-02;1.594937e-02;4.519514e-02
2.631062e-02;7.455146e-02;1.117486e-01;1.201459e-01;2.191218e-01;4.206642e-02;4.875805e-02;1.320652e-01;7.581492e-02;8.032849e-02;1.201808e-02;5.707042e-02
2.809843e-02;8.463955e-02;1.337338e-01;1.817980e-01;2.355532e-01;4.360094e-02;5.234323e-02;4.852156e-02;4.273817e-02;9.336798e-02;1.631986e-02;3.928535e-02
3.504532e-02;8.514718e-02;2.782354e-01;1.959354e-01;1.491201e-01;3.212608e-02;4.573269e-02;2.296755e-02;2.786419e-02;6.300192e-02;4.520271e-02;1.962140e-02
1.063891e-01;1.621948e-01;2.359292e-01;1.489474e-01;5.898910e-02;5.318566e-02;4.953242e-02;2.549289e-02;2.730862e-02;2.079320e-02;6.563449e-02;4.560301e-02
1.593218e-01;1.708745e-01;1.091438e-01;8.981863e-02;5.208560e-02;1.351352e-01;7.259450e-02;3.098864e-02;5.179562e-02;2.159645e-02;5.083981e-02;5.580544e-02
1.239237e-01;1.074212e-01;9.843836e-02;6.820760e-02;9.280204e-02;1.612779e-01;1.007819e-01;3.690905e-02;6.464218e-02;5.395616e-02;4.543109e-02;4.620877e-02
8.131309e-02;9.617091e-02;1.338648e-01;6.419643e-02;9.719961e-02;7.625641e-02;2.045928e-01;5.195584e-02;3.822785e-02;5.393391e-02;6.561112e-02;3.667720e-02
8.375470e-02;9.737364e-02;1.302622e-01;5.035129e-02;7.322974e-02;5.668481e-02;3.152156e-01;5.111350e-02;2.712353e-02;4.256452e-02;4.787409e-02;2.445240e-02
1.332258e-01;8.257144e-02;1.030774e-01;4.669239e-02;8.090451e-02;8.757924e-02;3.221765e-01;3.548890e-02;2.738729e-02;3.833715e-02;2.253711e-02;2.002223e-02
1.785702e-01;4.837140e-02;7.051426e-02;7.127422e-02;1.105694e-01;1.150758e-01;2.860906e-01;2.718764e-02;2.240973e-02;3.222998e-02;1.016117e-02;2.754568e-02
1.626767e-01;4.480730e-02;4.826843e-02;9.732011e-02;1.045855e-01;1.307696e-01;2.967405e-01;3.429956e-02;2.366079e-02;3.486197e-02;4.264765e-03;1.774477e-02
1.508668e-01;5.328548e-02;2.396905e-02;8.867306e-02;9.018379e-02;1.263294e-01;3.338871e-01;4.723101e-02;2.816081e-02;4.019174e-02;3.932168e-03;1.328961e-02
1.337104e-01;7.346471e-02;2.844550e-02;6.416693e-02;6.791361e-02;1.049838e-01;3.727346e-01;4.507947e-02;4.404900e-02;3.453463e-02;1.439439e-02;1.652294e-02
9.204113e-02;1.050703e-01;4.584947e-02;3.626645e-02;4.942727e-02;7.316588e-02;4.115800e-01;5.665500e-02;5.892124e-02;2.203255e-02;3.334167e-02;1.564908e-02
4.850329e-02;1.115567e-01;4.797472e-02;1.842318e-02;7.183268e-02;7.226573e-02;4.337700e-01;7.983465e-02;5.046937e-02;2.307623e-02;3.662186e-02;5.671623e-03
3.507075e-02;9.197256e-02;6.323513e-02;4.666314e-02;1.034883e-01;7.440224e-02;4.123926e-01;8.368528e-02;3.838734e-02;2.055707e-02;2.671593e-02;3.429656e-03
3.224091e-02;5.618750e-02;1.092097e-01;6.453615e-02;7.981166e-02;6.639498e-02;3.649062e-01;1.258999e-01;5.285548e-02;2.451232e-02;1.237071e-02;1.107449e-02
1.645778e-02;3.493048e-02;1.312121e-01;4.229419e-02;4.523716e-02;1.187695e-01;3.108903e-01;1.655236e-01;7.274345e-02;3.553742e-02;7.695421e-03;1.870860e-02
1.143781e-02;3.361301e-02;1.156456e-01;4.424939e-02;7.988398e-02;1.698696e-01;2.117134e-01;1.456926e-01;1.007777e-01;5.503813e-02;1.304744e-02;1.903146e-02
2.333294e-02;2.429995e-02;7.221649e-02;7.595761e-02;8.534097e-02;1.016787e-01;1.865223e-01;1.331579e-01;1.705577e-01;9.223378e-02;2.593148e-02;8.770125e-03
2.946702e-02;8.685254e-03;4.786958e-02;6.987996e-02;3.851303e-02;3.534436e-02;2.858811e-01;1.837536e-01;1.670102e-01;1.016425e-01;2.821193e-02;3.741403e-03
3.516264e-02;6.570526e-03;4.527020e-02;5.463828e-02;2.426659e-02;5.530387e-02;3.555067e-01;1.550181e-01;1.178431e-01;1.134506e-01;3.315214e-02;3.817256e-03
4.255150e-02;1.040974e-02;4.273139e-02;4.634631e-02;2.488667e-02;7.051083e-02;3.786450e-01;1.012586e-01;1.009807e-01;1.390029e-01;3.765055e-02;5.025767e-03
4.306360e-02;1.071792e-02;4.348165e-02;6.726360e-02;2.996713e-02;6.186362e-02;3.257952e-01;9.729745e-02;1.183897e-01;1.581174e-01;3.652880e-02;7.513999e-03
3.969524e-02;1.238733e-02;4.451823e-02;9.725361e-02;4.994665e-02;2.619861e-02;2.053020e-01;1.497251e-01;1.621441e-01;1.736594e-01;3.493325e-02;4.236485e-03
2.725118e-02;2.102056e-02;8.494105e-02;1.013873e-01;9.594141e-02;2.669633e-02;1.425274e-01;1.364953e-01;1.706376e-01;1.528645e-01;3.151802e-02;8.719374e-03
2.136883e-02;3.595903e-02;1.531883e-01;7.488171e-02;1.050448e-01;6.263803e-02;1.976079e-01;9.984498e-02;1.111557e-01;9.273940e-02;2.279250e-02;2.277889e-02
2.331429e-02;5.249504e-02;1.699926e-01;7.303523e-02;6.913356e-02;7.234188e-02;2.679996e-01;8.173472e-02;8.739443e-02;5.564363e-02;2.405375e-02;2.286122e-02
9.551553e-02;8.925501e-02;1.168817e-01;7.431045e-02;4.584303e-02;6.135319e-02;2.585143e-01;6.220694e-02;9.989643e-02;5.159318e-02;3.103261e-02;1.359767e-02
2.115015e-01;1.075900e-01;8.243799e-02;5.657849e-02;5.154391e-02;6.130772e-02;2.280481e-01;4.135954e-02;6.368452e-02;3.984489e-02;3.354319e-02;2.256017e-02
2.278552e-01;1.321343e-01;1.127500e-01;3.373097e-02;4.824389e-02;7.266314e-02;1.937505e-01;2.644566e-02;4.160704e-02;4.861433e-02;2.361364e-02;3.859135e-02
2.146682e-01;1.158604e-01;1.462769e-01;3.789103e-02;5.557041e-02;7.243524e-02;1.434574e-01;2.715494e-02;4.351640e-02;5.295425e-02;3.572911e-02;5.448577e-02
1.701310e-01;9.229042e-02;1.548645e-01;2.766540e-02;8.082798e-02;7.011833e-02;8.360048e-02;2.916630e-02;9.126084e-02;5.115139e-02;6.194199e-02;8.698130e-02
1.077452e-01;4.238087e-02;1.026068e-01;5.571505e-02;1.231091e-01;6.381765e-02;7.318424e-02;4.056682e-02;1.546743e-01;6.433843e-02;5.674691e-02;1.151145e-01
8.966359e-02;3.597900e-02;9.310023e-02;7.106429e-02;1.346165e-01;6.160573e-02;9.218400e-02;5.930169e-02;1.608686e-01;6.261531e-02;3.740377e-02;1.015973e-01
6.673758e-02;4.874931e-02;8.817128e-02;7.850041e-02;1.195686e-01;6.080931e-02;1.344739e-01;9.810989e-02;1.257709e-01;5.192191e-02;4.932289e-02;7.786407e-02
6.001695e-02;5.311099e-02;1.224566e-01;6.613393e-02;9.213885e-02;6.822426e-02;1.727112e-01;1.190497e-01;8.989829e-02;5.399142e-02;4.548534e-02;5.678247e-02
6.446671e-02;7.153337e-02;1.313233e-01;7.057614e-02;9.949915e-02;8.338888e-02;1.855934e-01;5.963357e-02;9.696299e-02;5.593997e-02;3.856502e-02;4.251754e-02
9.119303e-02;9.049393e-02;9.987859e-02;1.044495e-01;8.840135e-02;9.184072e-02;1.383284e-01;5.772574e-02;7.901514e-02;7.036784e-02;2.539316e-02;6.291254e-02
9.085773e-02;8.738874e-02;7.521466e-02;1.383239e-01;6.306859e-02;7.408559e-02;9.675071e-02;8.028501e-02;1.278447e-01;7.639980e-02;2.020641e-02;6.957419e-02
9.862059e-02;8.586832e-02;8.246990e-02;1.176418e-01;5.216222e-02;7.539687e-02;9.335342e-02;8.780776e-02;1.554283e-01;7.838079e-02;2.984701e-02;4.302302e-02
9.455013e-02;1.208236e-01;1.014603e-01;8.521255e-02;3.600234e-02;1.021182e-01;9.102307e-02;9.665453e-02;1.072190e-01;7.754502e-02;4.649350e-02;4.089772e-02
8.040939e-02;1.098130e-01;8.222805e-02;1.101743e-01;5.208351e-02;1.139996e-01;1.115051e-01;8.484309e-02;9.989650e-02;7.485358e-02;5.224356e-02;2.795033e-02
4.575425e-02;7.239341e-02;1.146563e-01;1.006697e-01;1.154906e-01;1.235687e-01;1.298933e-01;6.785091e-02;1.133659e-01;4.789088e-02;4.609735e-02;2.236863e-02
3.009782e-02;7.169563e-02;1.456241e-01;9.144679e-02;1.573057e-01;1.100979e-01;1.035107e-01;7.873128e-02;1.065571e-01;4.061329e-02;3.034644e-02;3.397321e-02
4.770949e-02;5.903789e-02;1.560067e-01;1.312893e-01;1.538880e-01;8.659413e-02;5.529138e-02;7.795066e-02;1.303428e-01;3.885584e-02;3.374927e-02;2.928458e-02
7.166660e-02;2.993140e-02;1.047577e-01;1.152814e-01;1.083126e-01;7.575179e-02;4.211428e-02;1.247170e-01;1.617223e-01;6.921381e-02;5.964343e-02;3.688767e-02
9.426119e-02;6.119454e-02;1.275309e-01;4.690307e-02;6.746171e-02;4.709053e-02;1.256592e-01;1.633457e-01;1.014579e-01;7.155707e-02;5.483706e-02;3.870110e-02
9.115987e-02;6.428113e-02;1.130364e-01;4.214787e-02;4.500784e-02;4.300815e-02;1.775598e-01;1.376554e-01;8.397676e-02;7.729198e-02;6.334374e-02;6.153110e-02
6.816044e-02;5.421134e-02;6.562521e-02;4.625687e-02;2.686925e-02;4.511612e-02;2.641907e-01;1.159522e-01;6.259517e-02;9.488291e-02;5.158005e-02;1.045598e-01
3.285523e-02;4.664459e-02;2.218423e-02;4.420317e-02;8.855584e-03;4.540681e-02;3.967570e-01;6.302648e-02;3.640546e-02;9.144772e-02;3.401268e-02;1.782010e-01
3.011284e-02;4.586419e-02;8.045885e-03;3.537241e-02;6.719270e-03;6.053518e-02;4.543820e-01;1.579438e-02;1.709568e-02;4.142481e-02;3.047446e-02;2.541789e-01
4.644903e-02;4.315153e-02;7.597944e-03;4.236876e-02;4.692633e-03;5.386383e-02;3.951465e-01;3.438335e-02;1.262659e-02;4.573369e-02;2.736478e-02;2.866214e-01
6.455097e-02;3.845788e-02;1.203139e-02;4.913500e-02;4.984370e-03;3.825406e-02;3.301349e-01;3.487140e-02;1.264481e-02;5.462846e-02;3.349552e-02;3.268113e-01
8.755663e-02;4.004573e-02;2.408689e-02;4.629542e-02;7.847855e-03;3.475498e-02;2.700267e-01;1.931182e-02;9.514756e-03;6.224840e-02;6.366998e-02;3.346409e-01
8.580706e-02;3.801474e-02;4.999870e-02;3.463110e-02;1.120368e-02;3.188927e-02;2.313342e-01;2.819478e-02;1.522532e-02;7.090781e-02;1.321581e-01;2.706353e-01
7.987922e-02;3.041199e-02;5.039989e-02;3.486184e-02;2.032293e-02;4.110020e-02;2.031197e-01;4.176702e-02;1.968627e-02;1.189384e-01;1.829438e-01;1.765688e-01
8.126804e-02;4.247785e-02;3.718657e-02;4.450943e-02;2.715886e-02;6.839578e-02;1.797605e-01;6.493889e-02;3.762446e-02;1.529390e-01;1.083407e-01;1.553999e-01
5.865780e-02;3.507638e-02;6.933296e-02;4.763595e-02;4.409193e-02;7.125328e-02;1.696963e-01;6.285886e-02;4.508334e-02;1.662349e-01;9.902198e-02;1.310563e-01
5.177071e-02;2.186877e-02;1.062324e-01;3.748690e-02;5.126690e-02;6.729174e-02;1.622583e-01;3.966053e-02;5.858245e-02;1.772334e-01;1.405309e-01;8.581705e-02
5.107043e-02;2.548281e-02;1.001140e-01;2.668013e-02;3.274132e-02;7.507551e-02;1.390533e-01;2.444139e-02;6.360786e-02;1.603722e-01;2.257777e-01;7.558335e-02
5.306834e-02;1.401031e-02;1.113066e-01;1.426986e-02;1.520339e-02;1.129756e-01;1.083867e-01;1.683892e-02;6.913592e-02;1.289012e-01;2.706179e-01;8.528531e-02
5.461109e-02;1.262351e-02;1.130300e-01;7.548072e-03;1.387603e-02;1.267443e-01;8.501087e-02;6.555450e-03;5.618614e-02;1.401383e-01;3.023542e-01;8.132207e-02
6.205381e-02;1.585864e-02;9.461818e-02;2.091460e-02;1.622178e-02;1.042612e-01;7.102218e-02;1.462812e-02;4.235524e-02;1.636747e-01;3.203209e-01;7.407065e-02
4.460511e-02;3.417611e-02;6.796040e-02;4.334307e-02;2.085457e-02;8.310711e-02;8.031905e-02;3.158375e-02;3.225007e-02;1.867395e-01;3.039763e-01;7.108492e-02
3.232571e-02;4.503226e-02;5.917726e-02;5.471793e-02;3.233553e-02;7.668251e-02;9.363960e-02;6.105035e-02;4.463835e-02;1.871461e-01;2.475673e-01;6.568701e-02
4.750139e-02;4.594885e-02;6.441405e-02;4.824074e-02;3.398514e-02;7.231046e-02;1.071428e-01;5.473036e-02;6.756066e-02;1.634349e-01;2.232449e-01;7.148578e-02
5.527790e-02;3.716369e-02;6.095366e-02;4.272616e-02;3.656052e-02;9.027579e-02;9.126613e-02;3.508509e-02;6.674100e-02;1.397441e-01;2.536236e-01;9.058244e-02
6.125579e-02;3.108835e-02;7.374569e-02;3.695947e-02;2.980781e-02;1.277098e-01;4.053855e-02;1.759573e-02;6.200552e-02;1.154688e-01;3.049553e-01;9.886919e-02
5.439477e-02;2.596337e-02;1.020510e-01;4.907305e-02;4.549572e-02;1.259696e-01;5.304278e-02;8.079329e-03;8.407458e-02;9.301665e-02;2.827010e-01;7.613815e-02
5.929017e-02;1.385009e-02;8.652956e-02;6.243201e-02;6.565189e-02;7.686233e-02;1.357234e-01;1.271010e-02;8.705933e-02;7.594623e-02;2.189056e-01;1.050393e-01
1.132524e-01;1.046945e-02;7.437162e-02;6.565349e-02;4.134253e-02;4.190758e-02;2.057933e-01;1.702379e-02;4.822014e-02;7.667675e-02;1.567156e-01;1.485734e-01
1.547605e-01;3.183202e-02;9.591893e-02;7.183272e-02;4.030098e-02;3.069244e-02;1.821695e-01;3.301649e-02;4.484079e-02;7.185491e-02;1.159633e-01;1.268175e-01
1.632578e-01;3.962268e-02;7.119761e-02;5.660536e-02;4.963008e-02;3.709127e-02;1.583870e-01;4.178553e-02;6.510811e-02;9.046032e-02;1.329242e-01;9.392997e-02
1.384336e-01;2.406213e-02;1.010941e-01;4.808196e-02;3.999659e-02;4.099376e-02;1.596521e-01;4.895017e-02;6.218126e-02;1.006228e-01;1.767393e-01;5.919230e-02
1.284808e-01;3.626857e-02;1.296694e-01;6.156394e-02;4.419979e-02;5.922946e-02;1.196051e-01;4.547090e-02;4.658867e-02;9.769266e-02;1.735730e-01;5.765789e-02
1.105386e-01;5.404616e-02;1.048059e-01;6.662782e-02;5.008050e-02;8.247057e-02;1.509038e-01;5.802183e-02;5.207874e-02;7.631464e-02;1.153487e-01;7.876274e-02
9.544964e-02;8.506509e-02;7.902377e-02;5.639656e-02;6.252339e-02;8.859175e-02;1.832328e-01;1.012357e-01;4.501885e-02;5.850368e-02;5.931900e-02;8.563978e-02
7.619677e-02;9.235547e-02;6.739587e-02;6.027404e-02;7.062854e-02;6.326487e-02;1.808540e-01;9.452471e-02;3.011732e-02;7.836884e-02;1.038011e-01;8.221843e-02
7.706866e-02;4.928242e-02;1.140407e-01;7.001411e-02;6.904733e-02;5.716934e-02;1.651673e-01;5.231031e-02;3.192735e-02;8.211273e-02;1.530505e-01;7.880917e-02
1.556396e-01;8.648296e-02;9.390768e-02;7.537714e-02;7.615912e-02;2.531764e-02;7.011546e-02;7.725990e-02;8.197603e-02;1.572167e-01;4.310744e-02;5.744033e-02
1.652006e-01;9.487204e-02;1.094608e-01;7.846774e-02;8.863375e-02;2.060616e-02;5.827530e-02;7.811032e-02;7.599049e-02;1.595128e-01;2.686877e-02;4.400111e-02
1.702036e-01;7.966863e-02;1.457673e-01;6.657326e-02;8.671442e-02;2.920448e-02;8.113493e-02;7.580937e-02;6.821935e-02;1.350000e-01;2.269135e-02;3.901336e-02
1.480885e-01;5.578574e-02;2.374602e-01;5.007607e-02;7.216413e-02;4.331202e-02;1.413687e-01;6.391204e-02;5.351258e-02;8.052495e-02;2.206134e-02;3.173369e-02
9.792025e-02;7.344048e-02;3.313679e-01;5.381680e-02;5.271655e-02;4.571714e-02;1.555624e-01;4.272309e-02;3.823863e-02;4.295992e-02;3.598089e-02;2.955596e-02
1.161723e-01;1.161591e-01;2.995562e-01;3.967327e-02;3.903240e-02;3.731199e-02;1.323297e-01;3.217009e-02;4.510966e-02;4.201713e-02;5.907221e-02;4.139597e-02
1.449552e-01;8.858859e-02;2.152794e-01;4.903945e-02;2.874903e-02;2.410421e-02;1.293329e-01;2.174228e-02;4.170583e-02;7.945960e-02;1.007042e-01;7.633936e-02
1.368639e-01;5.223810e-02;1.147959e-01;6.162639e-02;2.490453e-02;1.968319e-02;1.474968e-01;1.896094e-02;3.000401e-02;1.074703e-01;1.587100e-01;1.272459e-01
9.166199e-02;6.177563e-02;1.717589e-01;4.245140e-02;5.855439e-02;6.539846e-02;7.044100e-02;3.644326e-02;5.944822e-02;1.021411e-01;1.325565e-01;1.073691e-01
5.787574e-02;5.218151e-02;3.096350e-01;7.518306e-02;8.829353e-02;5.218830e-02;7.952309e-02;3.207070e-02;5.797341e-02;7.056958e-02;8.003229e-02;4.447381e-02
3.712501e-02;5.477959e-02;3.034315e-01;1.302005e-01;1.166572e-01;4.572183e-02;7.423648e-02;3.467460e-02;5.049824e-02;4.959795e-02;8.064761e-02;2.242953e-02
2.052093e-02;3.958777e-02;2.073241e-01;2.152668e-01;1.527370e-01;5.227696e-02;3.784370e-02;6.117251e-02;3.090020e-02;2.262612e-02;1.436215e-01;1.612229e-02
4.852457e-03;1.566969e-02;1.270595e-01;2.598785e-01;1.322246e-01;4.687140e-02;1.772191e-02;9.865959e-02;1.797674e-02;1.524343e-02;2.403139e-01;2.352825e-02
6.268018e-03;9.036892e-03;1.817494e-01;2.285656e-01;6.566656e-02;3.607772e-02;1.971960e-02;9.355366e-02;2.064301e-02;3.093476e-02;2.945613e-01;1.322349e-02
2.028277e-02;4.662002e-03;2.663553e-01;1.644718e-01;4.627994e-02;2.148533e-02;1.629933e-02;5.124671e-02;3.673400e-02;9.005938e-02;2.783576e-01;3.765884e-03
3.622616e-02;7.472910e-03;3.560944e-01;9.039570e-02;2.583900e-02;7.889638e-03;2.355519e-02;1.506221e-02;4.569191e-02;2.014850e-01;1.852334e-01;5.054463e-03
3.973188e-02;2.372813e-02;3.701507e-01;4.769744e-02;1.819328e-02;4.936443e-03;3.195338e-02;8.941905e-03;4.681597e-02;2.992916e-01;1.019650e-01;6.594278e-03
2.693405e-02;5.320811e-02;3.713005e-01;2.356165e-02;2.365000e-02;4.957325e-03;2.644587e-02;1.381537e-02;6.366456e-02;3.218041e-01;5.563241e-02;1.502596e-02
5.300310e-02;1.294057e-01;3.323160e-01;2.435178e-02;2.042104e-02;6.647969e-03;1.259042e-02;2.828148e-02;1.196139e-01;2.078722e-01;2.027954e-02;4.521693e-02
1.422874e-01;1.811616e-01;2.233226e-01;2.117609e-02;1.049123e-02;1.240966e-02;1.705161e-02;4.016805e-02;1.644280e-01;8.709797e-02;3.731278e-02;6.309310e-02
1.995487e-01;1.692624e-01;1.197087e-01;1.801033e-02;1.981066e-02;2.477560e-02;4.727604e-02;6.467634e-02;1.420543e-01;5.975569e-02;7.363807e-02;6.148319e-02
1.336703e-01;1.243750e-01;1.478561e-01;2.715572e-02;3.515296e-02;4.054952e-02;6.239264e-02;6.754664e-02;8.526222e-02;1.128074e-01;1.119873e-01;5.124428e-02
9.350105e-02;1.360925e-01;1.175673e-01;6.130742e-02;5.361517e-02;4.836436e-02;5.273810e-02;3.375267e-02;7.504394e-02;1.528872e-01;1.319702e-01;4.316000e-02
6.788481e-02;1.286317e-01;1.258740e-01;7.907449e-02;8.474258e-02;6.144690e-02;8.604566e-02;5.437037e-02;4.975391e-02;1.293689e-01;9.178863e-02;4.101799e-02
3.957439e-02;1.097466e-01;5.301772e-02;7.370927e-02;8.543691e-02;6.441440e-02;1.332146e-01;5.848734e-02;1.034136e-01;1.435275e-01;1.002812e-01;3.517640e-02
5.832938e-02;7.572302e-02;1.066820e-01;9.164899e-02;6.911037e-02;4.967386e-02;1.004666e-01;5.520130e-02;1.457016e-01;1.438163e-01;8.766203e-02;1.598444e-02
4.988544e-02;5.659144e-02;9.901372e-02;1.284569e-01;5.169110e-02;2.774642e-02;9.847148e-02;7.481781e-02;1.633816e-01;1.728999e-01;6.490401e-02;1.214013e-02
5.654744e-02;6.506340e-02;7.981730e-02;1.315815e-01;3.305620e-02;1.331083e-02;1.142141e-01;7.923579e-02;1.533345e-01;1.768333e-01;7.491852e-02;2.208711e-02
5.163892e-02;7.943586e-02;6.769259e-02;8.019014e-02;3.277953e-02;2.253602e-02;1.713649e-01;8.500613e-02;1.160458e-01;1.525313e-01;7.896765e-02;6.181111e-02
7.480217e-02;6.176671e-02;1.104838e-01;4.015650e-02;2.320861e-02;2.265483e-02;2.315284e-01;8.563831e-02;9.767871e-02;1.011260e-01;5.577336e-02;9.518257e-02
4.815286e-02;5.354902e-02;1.131353e-01;3.410216e-02;2.818788e-02;2.273940e-02;2.938645e-01;9.459096e-02;8.334443e-02;8.012816e-02;4.063898e-02;1.075663e-01
4.060502e-02;4.028773e-02;9.224571e-02;4.742653e-02;2.922939e-02;1.963912e-02;3.196369e-01;1.073376e-01;8.374966e-02;8.961698e-02;2.575987e-02;1.044654e-01
2.791521e-02;1.814004e-02;7.923676e-02;1.065243e-01;3.858932e-02;2.859064e-02;2.818886e-01;1.059706e-01;1.041585e-01;1.046235e-01;2.978198e-02;7.458051e-02
2.459507e-02;8.198217e-03;8.390934e-02;1.347950e-01;6.297261e-02;5.165405e-02;2.603846e-01;9.676096e-02;9.619996e-02;1.048109e-01;2.983898e-02;4.588032e-02
1.610709e-02;1.255334e-02;8.713194e-02;7.568976e-02;7.110560e-02;6.578207e-02;3.352694e-01;9.154545e-02;8.222254e-02;1.001163e-01;2.439036e-02;3.808613e-02
3.782825e-02;2.887855e-02;9.049137e-02;3.690980e-02;5.718231e-02;6.770788e-02;3.791334e-01;7.839359e-02;6.130146e-02;9.017668e-02;3.524957e-02;3.674709e-02
6.995840e-02;6.389628e-02;1.075528e-01;5.058483e-02;6.134625e-02;7.851181e-02;3.277249e-01;4.985492e-02;4.638060e-02;7.147124e-02;3.736899e-02;3.534899e-02
6.751817e-02;9.057491e-02;1.393214e-01;4.974224e-02;1.156988e-01;9.372663e-02;1.814850e-01;4.565897e-02;6.420623e-02;7.937181e-02;3.906224e-02;3.363365e-02
4.203477e-02;9.367354e-02;1.415052e-01;3.992156e-02;1.141648e-01;7.885174e-02;2.154880e-01;5.074352e-02;5.726607e-02;9.879147e-02;3.726056e-02;3.029878e-02
3.122541e-02;6.480113e-02;1.034263e-01;4.843442e-02;7.980163e-02;9.717700e-02;3.100441e-01;4.074167e-02;6.146655e-02;1.122146e-01;2.365318e-02;2.701410e-02
2.846858e-02;3.732858e-02;1.250888e-01;6.065801e-02;9.523751e-02;1.150753e-01;2.303391e-01;3.344480e-02;9.641968e-02;1.213120e-01;2.041308e-02;3.621456e-02
4.779784e-02;5.461224e-02;7.503619e-02;8.545129e-02;8.218935e-02;1.363261e-01;1.153981e-01;8.706912e-02;1.311042e-01;9.296858e-02;3.492111e-02;5.712584e-02
6.218075e-02;7.639649e-02;6.780116e-02;8.630620e-02;7.150041e-02;1.146961e-01;1.158237e-01;1.402285e-01;9.692807e-02;6.533171e-02;4.286299e-02;5.994391e-02
8.999763e-02;1.156276e-01;1.017171e-01;6.582028e-02;7.161124e-02;8.251327e-02;1.330862e-01;1.309354e-01;4.828463e-02;5.202977e-02;2.759456e-02;8.078238e-02
1.516011e-01;1.285820e-01;1.216286e-01;5.176878e-02;6.472398e-02;5.389120e-02;6.835704e-02;8.037604e-02;2.973814e-02;7.139463e-02;2.911639e-02;1.488220e-01
1.620190e-01;7.958244e-02;8.413021e-02;5.525249e-02;3.594518e-02;3.195951e-02;7.894805e-02;8.239319e-02;9.555040e-02;1.052166e-01;2.972601e-02;1.592769e-01
8.697994e-02;6.042175e-02;5.139076e-02;4.927189e-02;3.085442e-02;3.940936e-02;1.413853e-01;1.437850e-01;1.625547e-01;1.198025e-01;3.395696e-02;8.018744e-02
5.455387e-02;5.819771e-02;6.551771e-02;5.026213e-02;3.451392e-02;7.029413e-02;2.019173e-01;1.772869e-01;1.386825e-01;8.390328e-02;3.009237e-02;3.477816e-02
4.110495e-02;5.574502e-02;6.878661e-02;7.337563e-02;3.579000e-02;9.061231e-02;2.447520e-01;1.357632e-01;9.751984e-02;6.182871e-02;4.291744e-02;5.180425e-02
3.402253e-02;5.719767e-02;4.791803e-02;9.677108e-02;7.956106e-02;1.090129e-01;2.083400e-01;9.049719e-02;6.340982e-02;6.702691e-02;7.090905e-02;7.533366e-02
7.033431e-02;5.911689e-02;1.039047e-01;1.042010e-01;1.017245e-01;9.282964e-02;1.489784e-01;8.309029e-02;5.269715e-02;7.738788e-02;6.293911e-02;4.279608e-02
