1.060908e-01;6.372494e-02;1.279479e-01;5.895577e-02;7.180970e-02;1.170252e-01;9.751493e-02;1.035033e-01;1.066499e-01;6.172183e-02;5.012505e-02;3.493058e-02
1.021915e-01;6.548496e-02;1.170062e-01;6.597297e-02;6.088105e-02;1.332206e-01;1.117583e-01;9.139594e-02;1.014191e-01;5.349917e-02;5.430696e-02;4.286331e-02
1.254452e-01;8.829468e-02;1.486309e-01;7.344028e-02;6.408704e-02;6.775972e-02;1.397889e-01;4.864536e-02;8.262987e-02;4.206437e-02;5.907721e-02;6.013643e-02
1.742571e-01;1.073293e-01;1.619425e-01;5.598531e-02;4.742503e-02;3.547264e-02;1.574127e-01;4.044133e-02;5.438635e-02;5.100492e-02;5.949219e-02;5.485069e-02
2.360148e-01;9.462014e-02;1.806065e-01;3.247437e-02;3.835065e-02;3.938658e-02;1.211116e-01;3.341093e-02;4.272333e-02;4.665999e-02;7.570208e-02;5.893907e-02
2.380268e-01;5.321212e-02;1.867757e-01;2.933222e-02;4.772334e-02;5.880270e-02;9.634796e-02;2.340291e-02;5.068636e-02;5.688347e-02;9.542703e-02;6.337946e-02
2.086750e-01;1.159552e-01;2.183332e-01;2.746636e-02;4.129339e-02;5.938232e-02;5.021784e-02;2.257135e-02;5.552984e-02;5.380439e-02;8.294578e-02;6.382530e-02
1.522944e-01;1.649747e-01;2.897201e-01;2.656870e-02;2.236475e-02;4.755290e-02;5.027714e-02;2.008896e-02;5.566482e-02;3.843750e-02;6.043750e-02;7.161845e-02
8.563380e-02;1.367669e-01;4.398468e-01;3.953647e-02;1.777847e-02;3.043776e-02;4.931238e-02;1.337223e-02;4.237063e-02;5.785149e-02;2.551087e-02;6.158222e-02
5.028306e-02;7.289649e-02;5.887493e-01;5.012691e-02;1.962374e-02;1.630320e-02;3.408141e-02;1.355849e-02;2.228145e-02;8.248635e-02;1.092817e-02;3.868143e-02
4.900042e-02;9.296661e-02;5.915382e-01;4.594378e-02;2.128753e-02;1.220861e-02;4.095955e-02;1.441453e-02;1.153988e-02;8.390255e-02;1.489180e-02;2.134653e-02
6.522850e-02;1.216801e-01;4.347464e-01;3.728094e-02;2.146721e-02;1.999197e-02;6.639472e-02;2.128449e-02;3.295068e-02;6.943671e-02;5.559746e-02;5.394091e-02
1.199781e-01;1.303640e-01;2.979267e-01;2.901380e-02;2.090102e-02;2.388913e-02;8.077924e-02;3.230861e-02;6.869701e-02;6.369688e-02;6.580745e-02;6.663808e-02
1.487783e-01;9.618478e-02;3.143173e-01;2.498482e-02;2.629979e-02;1.716677e-02;4.411695e-02;9.962151e-02;1.079257e-01;3.936087e-02;4.162512e-02;3.961821e-02
1.463917e-01;5.022105e-02;3.042363e-01;2.636361e-02;3.312243e-02;2.271361e-02;9.176920e-02;1.538078e-01;7.921873e-02;3.110257e-02;3.174932e-02;2.930369e-02
1.448148e-01;5.014406e-02;2.464912e-01;1.488359e-02;2.766651e-02;3.627492e-02;1.567862e-01;1.610036e-01;4.368991e-02;2.584324e-02;4.037970e-02;5.202224e-02
1.132336e-01;5.756901e-02;1.873573e-01;3.028361e-02;3.551871e-02;5.819952e-02;1.752971e-01;1.119265e-01;3.906141e-02;6.539194e-02;6.775486e-02;5.840647e-02
1.285330e-01;5.556192e-02;1.317049e-01;5.426521e-02;5.304907e-02;5.158186e-02;7.973804e-02;9.180987e-02;6.063791e-02;6.519682e-02;9.984107e-02;1.280804e-01
1.248821e-01;6.539699e-02;1.223265e-01;6.318160e-02;5.864314e-02;4.464643e-02;8.145455e-02;8.259732e-02;6.833975e-02;5.749137e-02;9.465298e-02;1.363872e-01
9.775909e-02;7.064720e-02;2.149223e-01;8.100456e-02;7.276955e-02;5.730756e-02;8.476585e-02;6.403812e-02;3.981116e-02;5.386109e-02;6.865759e-02;9.445596e-02
5.516722e-02;9.765036e-02;3.086781e-01;7.936503e-02;6.784065e-02;6.589192e-02;6.934369e-02;3.431395e-02;8.911601e-02;7.563776e-02;2.814568e-02;2.884960e-02
5.391092e-02;1.333669e-01;2.646442e-01;4.525031e-02;3.947052e-02;6.278250e-02;4.762276e-02;2.347883e-02;1.740131e-01;9.849901e-02;1.260148e-02;4.435952e-02
5.014224e-02;1.725225e-01;1.739364e-01;1.906378e-02;1.797865e-02;5.798488e-02;2.765237e-02;2.256534e-02;2.770614e-01;1.185424e-01;9.738783e-03;5.281121e-02
5.870044e-02;1.995260e-01;9.100639e-02;2.213184e-02;1.176477e-02;4.768822e-02;2.041557e-02;3.339225e-02;3.528878e-01;8.476536e-02;2.818566e-02;4.953571e-02
6.950733e-02;2.118294e-01;1.079893e-01;2.515165e-02;1.360541e-02;4.055608e-02;2.366097e-02;3.811885e-02;3.671581e-01;3.882466e-02;3.293224e-02;3.066610e-02
7.153543e-02;2.188756e-01;1.208390e-01;2.181515e-02;1.945359e-02;7.326420e-02;2.036984e-02;3.661531e-02;3.548552e-01;1.859503e-02;2.817765e-02;1.560399e-02
5.443094e-02;2.117038e-01;1.203814e-01;2.711297e-02;2.155370e-02;9.390692e-02;2.545561e-02;3.699528e-02;3.353814e-01;2.414687e-02;1.120097e-02;3.773011e-02
3.823418e-02;1.768004e-01;1.610463e-01;3.010612e-02;1.771413e-02;8.608154e-02;2.987615e-02;1.777889e-02;3.243479e-01;5.067317e-02;1.267569e-02;5.466555e-02
3.186845e-02;1.189993e-01;2.462824e-01;2.957768e-02;2.146739e-02;5.251495e-02;2.962008e-02;1.956217e-02;2.986740e-01;8.255600e-02;1.365858e-02;5.521900e-02
3.558824e-02;8.593517e-02;3.321321e-01;2.854142e-02;2.152975e-02;2.993716e-02;4.124020e-02;1.582029e-02;2.369012e-01;1.262118e-01;1.042538e-02;3.573725e-02
7.047098e-02;8.415285e-02;3.571691e-01;2.522077e-02;2.406342e-02;2.596994e-02;4.751137e-02;1.217430e-02;1.676496e-01;1.349257e-01;2.151445e-02;2.917753e-02
1.000107e-01;8.932213e-02;3.278080e-01;3.013382e-02;3.635634e-02;3.904250e-02;4.581553e-02;2.085728e-02;1.360359e-01;1.026659e-01;3.738381e-02;3.456799e-02
1.113366e-01;7.773516e-02;2.134436e-01;3.669802e-02;5.202112e-02;5.720989e-02;5.922110e-02;4.726427e-02;1.540125e-01;9.609057e-02;6.065400e-02;3.431319e-02
5.696089e-02;1.021427e-01;2.133375e-01;2.577281e-02;6.326722e-02;4.691547e-02;9.117121e-02;4.844419e-02;1.724885e-01;1.047157e-01;4.737031e-02;2.741358e-02
4.858804e-02;1.229494e-01;2.329772e-01;3.381483e-02;4.874679e-02;6.793194e-02;5.109412e-02;5.168244e-02;2.140392e-01;6.527919e-02;3.554649e-02;2.735029e-02
5.694773e-02;1.080288e-01;1.485352e-01;2.763047e-02;4.517901e-02;7.844235e-02;4.608669e-02;6.136396e-02;2.710578e-01;9.324691e-02;3.586939e-02;2.761173e-02
5.187295e-02;1.089441e-01;7.920332e-02;2.910456e-02;4.464520e-02;6.934664e-02;7.386436e-02;8.567087e-02;2.932123e-01;8.500887e-02;4.362088e-02;3.550592e-02
4.554455e-02;7.058368e-02;1.171487e-01;3.914851e-02;5.399261e-02;7.106546e-02;9.403779e-02;7.630204e-02;2.549384e-01;9.041592e-02;3.698867e-02;4.983370e-02
3.988910e-02;6.689119e-02;8.798660e-02;4.898601e-02;5.521460e-02;9.590025e-02;8.166073e-02;7.455942e-02;2.062157e-01;1.394486e-01;5.174220e-02;5.150557e-02
3.741106e-02;7.583708e-02;5.888283e-02;5.575819e-02;4.875279e-02;1.186883e-01;9.523471e-02;1.057856e-01;1.571607e-01;1.421177e-01;4.955657e-02;5.481450e-02
5.773572e-02;7.462566e-02;7.272832e-02;6.825019e-02;5.608710e-02;9.987453e-02;1.291821e-01;1.126670e-01;1.313625e-01;1.156523e-01;3.271848e-02;4.911609e-02
7.970034e-02;9.046529e-02;6.077875e-02;6.296679e-02;7.248402e-02;7.000439e-02;1.389827e-01;9.215037e-02;7.470462e-02;1.576221e-01;5.151276e-02;4.862791e-02
7.935555e-02;7.059394e-02;7.162847e-02;5.183002e-02;7.540886e-02;5.186835e-02;1.366076e-01;1.113024e-01;8.497477e-02;1.589259e-01;4.094369e-02;6.656046e-02
7.912897e-02;6.718992e-02;8.672860e-02;5.936448e-02;6.356735e-02;4.677110e-02;1.141758e-01;1.228823e-01;1.461223e-01;1.085626e-01;4.391054e-02;6.159602e-02
8.289297e-02;8.709708e-02;1.069849e-01;4.438176e-02;5.889496e-02;6.382379e-02;1.061418e-01;9.763625e-02;1.664340e-01;1.093705e-01;4.121858e-02;3.512345e-02
8.728193e-02;8.480964e-02;9.886657e-02;2.220655e-02;7.117780e-02;6.485276e-02;1.299802e-01;8.381370e-02;1.627256e-01;1.057699e-01;4.383102e-02;4.468439e-02
6.985844e-02;6.190090e-02;9.833305e-02;3.508432e-02;8.719400e-02;8.267835e-02;1.083438e-01;1.197549e-01;1.445752e-01;7.959829e-02;8.412103e-02;2.855772e-02
7.435101e-02;5.241890e-02;1.264098e-01;4.382927e-02;9.645403e-02;6.465968e-02;6.990678e-02;1.290795e-01;8.077043e-02;8.871724e-02;1.102621e-01;6.314117e-02
5.639494e-02;6.852722e-02;1.083908e-01;3.548110e-02;8.704251e-02;6.301061e-02;5.884627e-02;8.773638e-02;1.418886e-01;1.216498e-01;9.589654e-02;7.513525e-02
5.203365e-02;7.776052e-02;1.005655e-01;6.593338e-02;5.312380e-02;8.851262e-02;7.935561e-02;7.173700e-02;2.034471e-01;1.062805e-01;4.725938e-02;5.399089e-02
8.112296e-02;5.003664e-02;1.252042e-01;3.710318e-02;5.351478e-02;8.276896e-02;1.309620e-01;9.378262e-02;1.763900e-01;7.074153e-02;5.378785e-02;4.458536e-02
9.931454e-02;4.699146e-02;9.618232e-02;3.515830e-02;5.564110e-02;4.956370e-02;1.664148e-01;1.732158e-01;1.445007e-01;4.237207e-02;5.532439e-02;3.532094e-02
1.172583e-01;4.439544e-02;7.039240e-02;3.297310e-02;4.339499e-02;3.231710e-02;1.564062e-01;2.456349e-01;1.602760e-01;2.702853e-02;4.525780e-02;2.466518e-02
1.402114e-01;2.668164e-02;4.194102e-02;2.385107e-02;2.765634e-02;1.861631e-02;1.297290e-01;3.257372e-01;1.648708e-01;3.815306e-02;2.876157e-02;3.379053e-02
1.955970e-01;1.779583e-02;2.929302e-02;1.365989e-02;3.743035e-02;2.144556e-02;1.058101e-01;3.766895e-01;1.062264e-01;3.286048e-02;2.382702e-02;3.936490e-02
2.341245e-01;2.382971e-02;4.355992e-02;2.576685e-02;7.102655e-02;2.748165e-02;8.254322e-02;3.376039e-01;5.185936e-02;3.164268e-02;3.875643e-02;3.180528e-02
2.518640e-01;3.944477e-02;5.150666e-02;1.505675e-02;1.124726e-01;2.142709e-02;3.872645e-02;3.228869e-01;4.744342e-02;2.240795e-02;4.458807e-02;3.217537e-02
2.612330e-01;3.498309e-02;5.735185e-02;9.035348e-03;1.400940e-01;1.500969e-02;5.934590e-02;3.051821e-01;2.380681e-02;2.262208e-02;4.324939e-02;2.808662e-02
2.433148e-01;4.037435e-02;6.088335e-02;2.126645e-02;1.257666e-01;2.082494e-02;8.788636e-02;2.521922e-01;3.690551e-02;2.665576e-02;3.787740e-02;4.605228e-02
1.918854e-01;5.652929e-02;9.368896e-02;4.131706e-02;6.971136e-02;6.232678e-02;1.024586e-01;1.791499e-01;6.363788e-02;3.151843e-02;3.888822e-02;6.888818e-02
1.302944e-01;6.936968e-02;1.464452e-01;4.543854e-02;4.053122e-02;7.438843e-02;8.665338e-02;1.848910e-01;9.626724e-02;4.281108e-02;3.147920e-02;5.143065e-02
1.096984e-01;5.249824e-02;1.514786e-01;5.634550e-02;5.131359e-02;6.833909e-02;6.040758e-02;2.198649e-01;9.381029e-02;4.820506e-02;5.075816e-02;3.728061e-02
7.000244e-02;5.664850e-02;1.015965e-01;4.011013e-02;4.127425e-02;5.153653e-02;1.252338e-01;2.120349e-01;1.165520e-01;6.482565e-02;6.107963e-02;5.910570e-02
4.375963e-02;6.406614e-02;9.189647e-02;4.799734e-02;2.536342e-02;6.223606e-02;1.045689e-01;2.023117e-01;1.778143e-01;6.947188e-02;5.891310e-02;5.160109e-02
4.699118e-02;4.702541e-02;1.054125e-01;8.506531e-02;2.116299e-02;1.248547e-01;8.292482e-02;1.370847e-01;1.219372e-01;8.999694e-02;9.820624e-02;3.933788e-02
5.108481e-02;3.968846e-02;1.478635e-01;1.066069e-01;2.623361e-02;1.542820e-01;7.747891e-02;8.951700e-02;5.602058e-02;7.847038e-02;1.158245e-01;5.692936e-02
5.456899e-02;3.368069e-02;1.284581e-01;7.878684e-02;5.235264e-02;1.589868e-01;1.242145e-01;9.979612e-02;3.710266e-02;8.398061e-02;8.925728e-02;5.881480e-02
5.604976e-02;5.221419e-02;7.451493e-02;8.694685e-02;7.672162e-02;1.507605e-01;1.308638e-01;8.451659e-02;6.130693e-02;8.704332e-02;8.924161e-02;4.981999e-02
9.312835e-02;4.980680e-02;1.654025e-01;7.533190e-02;1.013541e-01;8.556052e-02;1.317295e-01;4.225484e-02;7.197383e-02;6.477259e-02;7.143847e-02;4.724665e-02
1.157417e-01;8.080662e-02;3.091000e-01;7.445472e-02;8.125694e-02;2.223998e-02;6.924678e-02;4.540444e-02;1.040353e-01;4.143205e-02;2.684097e-02;2.944045e-02
6.349032e-02;1.375445e-01;4.512002e-01;6.388796e-02;4.551860e-02;2.567548e-02;2.483300e-02;4.505696e-02;6.196165e-02;4.982427e-02;1.148056e-02;1.952646e-02
7.273474e-02;1.753712e-01;4.166867e-01;3.372213e-02;3.139070e-02;1.702997e-02;3.455492e-02;5.351809e-02;8.868033e-02;4.583552e-02;1.293678e-02;1.753891e-02
1.853683e-01;1.838981e-01;2.495768e-01;2.488186e-02;3.444951e-02;1.458646e-02;4.418574e-02;8.763377e-02;1.125987e-01;2.694994e-02;9.249361e-03;2.662153e-02
3.068872e-01;2.084694e-01;1.215283e-01;1.754692e-02;3.865225e-02;8.232108e-03;3.111478e-02;1.144028e-01;1.003936e-01;1.235602e-02;1.296762e-02;2.744895e-02
3.281406e-01;2.734767e-01;9.008741e-02;6.945023e-03;2.981494e-02;8.392353e-03;1.541072e-02;8.747425e-02;1.234006e-01;5.830047e-03;1.007569e-02;2.095171e-02
2.121908e-01;3.327518e-01;1.688580e-01;1.337492e-02;1.415444e-02;2.511065e-02;1.037565e-02;3.636663e-02;1.530928e-01;1.546776e-02;6.453949e-03;1.180252e-02
1.056608e-01;3.356609e-01;2.865068e-01;1.839816e-02;9.333947e-03;3.130260e-02;1.645381e-02;7.349605e-03;1.441333e-01;3.009729e-02;7.222187e-03;7.880484e-03
4.017025e-02;2.231852e-01;5.008609e-01;2.525452e-02;1.102572e-02;1.842408e-02;1.685008e-02;1.036578e-02;8.751161e-02;5.460010e-02;5.690297e-03;6.061411e-03
8.920860e-03;9.844812e-02;6.759059e-01;4.263359e-02;1.091173e-02;9.578492e-03;2.658781e-02;6.773239e-03;3.233643e-02;7.781075e-02;8.059528e-03;2.033529e-03
8.839414e-03;4.125509e-02;6.867442e-01;9.340828e-02;1.291572e-02;9.609074e-03;2.814466e-02;8.525721e-03;1.058790e-02;7.512084e-02;2.277971e-02;2.069478e-03
1.454496e-02;2.273060e-02;5.814708e-01;1.841016e-01;2.557367e-02;1.403082e-02;2.121726e-02;2.061361e-02;1.303647e-02;4.852298e-02;5.016400e-02;3.993166e-03
1.114057e-02;1.337677e-02;4.538480e-01;2.742327e-01;5.843311e-02;1.755927e-02;1.757025e-02;3.947069e-02;8.187385e-03;2.385618e-02;7.665091e-02;5.674237e-03
1.201226e-02;1.877186e-02;3.215666e-01;3.117271e-01;1.134102e-01;2.152148e-02;1.817520e-02;5.336417e-02;9.033241e-03;1.609499e-02;8.952697e-02;1.479596e-02
8.136663e-03;1.202000e-02;1.843681e-01;3.220024e-01;2.076714e-01;3.120328e-02;1.944201e-02;5.277079e-02;1.529888e-02;2.903422e-02;8.076651e-02;3.728585e-02
1.258613e-02;1.845856e-02;1.919068e-01;2.643242e-01;2.503429e-01;4.625595e-02;3.215305e-02;2.856753e-02;2.062350e-02;3.107335e-02;4.758827e-02;5.611977e-02
1.371866e-02;1.925099e-02;2.160223e-01;2.398285e-01;2.702658e-01;5.634240e-02;3.378382e-02;1.891346e-02;1.990539e-02;2.362796e-02;2.372475e-02;6.461596e-02
5.757847e-03;2.462295e-02;2.986013e-01;2.237700e-01;2.639417e-01;5.375538e-02;1.609837e-02;1.419327e-02;1.667762e-02;2.353549e-02;6.740296e-03;5.230571e-02
1.409033e-02;1.250812e-02;3.372640e-01;2.149483e-01;2.196161e-01;4.996414e-02;2.697963e-02;3.230930e-02;6.182305e-03;2.628058e-02;3.077563e-02;2.908161e-02
1.367787e-02;1.391721e-02;3.302961e-01;2.254724e-01;2.047614e-01;5.035366e-02;3.287233e-02;4.603336e-02;4.285051e-03;1.911891e-02;4.453333e-02;1.467838e-02
6.639453e-03;1.348558e-02;3.422739e-01;2.444445e-01;1.771359e-01;4.256479e-02;2.807377e-02;6.522104e-02;8.966101e-03;1.304193e-02;5.378460e-02;4.368467e-03
1.254983e-02;9.590853e-03;3.786991e-01;2.535705e-01;1.384347e-01;3.649861e-02;1.865127e-02;6.930553e-02;8.415584e-03;9.434334e-03;5.745028e-02;7.399404e-03
7.176127e-03;7.801781e-03;4.850867e-01;2.375637e-01;9.549814e-02;2.962644e-02;2.435031e-02;4.267233e-02;5.812146e-03;1.163859e-02;4.830645e-02;4.467338e-03
6.745793e-03;1.397157e-02;6.057674e-01;1.929896e-01;5.174058e-02;1.630682e-02;3.366826e-02;1.519549e-02;7.348471e-03;2.887878e-02;2.123963e-02;6.147547e-03
1.006332e-02;2.997783e-02;6.033012e-01;1.351683e-01;3.619293e-02;3.336255e-02;6.553211e-02;9.260113e-03;2.406541e-02;4.145269e-02;5.955185e-03;5.668358e-03
2.205129e-02;6.519321e-02;4.820784e-01;9.934020e-02;4.696819e-02;7.214054e-02;7.932957e-02;8.791601e-03;7.390498e-02;3.639371e-02;3.428190e-03;1.038015e-02
5.519911e-02;1.240155e-01;3.231711e-01;4.980132e-02;4.313875e-02;1.045642e-01;6.333740e-02;3.072412e-02;1.566586e-01;2.938470e-02;7.574674e-03;1.243051e-02
1.281049e-01;1.618755e-01;1.666589e-01;8.898208e-03;5.312607e-02;9.160983e-02;3.174279e-02;8.134984e-02;2.253818e-01;2.164863e-02;1.713407e-02;1.246943e-02
2.218065e-01;1.120156e-01;9.284373e-02;1.015722e-02;8.601828e-02;2.271006e-02;3.502617e-02;2.010280e-01;1.657489e-01;1.189801e-02;2.304443e-02;1.770309e-02
2.596126e-01;6.430517e-02;6.643091e-02;1.225106e-02;1.120575e-01;1.256289e-02;5.047906e-02;2.916821e-01;6.901269e-02;1.052232e-02;2.723902e-02;2.384472e-02
2.792138e-01;6.274958e-02;7.945658e-02;1.385942e-02;1.296891e-01;1.106099e-02;3.527014e-02;3.203737e-01;1.115971e-02;5.221307e-03;2.919677e-02;2.274895e-02
2.928395e-01;6.139234e-02;5.836390e-02;1.538689e-02;1.481677e-01;6.651381e-03;3.208498e-02;2.954375e-01;3.298361e-02;7.331252e-03;2.843301e-02;2.092784e-02
2.927611e-01;8.584704e-02;8.161109e-02;1.599202e-02;1.575148e-01;9.683086e-03;2.708377e-02;2.291702e-01;4.131642e-02;9.473546e-03;2.821469e-02;2.133228e-02
2.857336e-01;1.588030e-01;1.192525e-01;1.734069e-02;1.271188e-01;9.812033e-03;3.417754e-02;1.332079e-01;6.744462e-02;7.753382e-03;2.202043e-02;1.733551e-02
2.933908e-01;2.421255e-01;1.299153e-01;1.984661e-02;7.214024e-02;1.568503e-02;2.894206e-02;5.466673e-02;1.030626e-01;9.778388e-03;1.371681e-02;1.672998e-02
2.196871e-01;2.760552e-01;1.906529e-01;2.097111e-02;3.062891e-02;2.666908e-02;2.109471e-02;2.472387e-02;1.461631e-01;1.681526e-02;9.605803e-03;1.693295e-02
1.384404e-01;2.744524e-01;2.206202e-01;3.110903e-02;2.260884e-02;3.655001e-02;3.556830e-02;1.459244e-02;1.537423e-01;3.081410e-02;1.693839e-02;2.456366e-02
5.081166e-02;1.799862e-01;4.519408e-01;3.857090e-02;2.959292e-02;2.292774e-02;3.778469e-02;2.289507e-02;9.676056e-02;2.886312e-02;1.886079e-02;2.100554e-02
2.239534e-02;8.988757e-02;6.606475e-01;4.150935e-02;3.064031e-02;1.326203e-02;3.019916e-02;2.902643e-02;3.367668e-02;3.684548e-02;5.411078e-03;6.499178e-03
3.070338e-02;3.627344e-02;7.150862e-01;5.726622e-02;3.603223e-02;1.263241e-02;3.214891e-02;2.659782e-02;1.444590e-02;3.091734e-02;3.999110e-03;3.896988e-03
2.910756e-02;2.620709e-02;7.116129e-01;7.626281e-02;4.827373e-02;1.250922e-02;2.515063e-02;2.155564e-02;1.304150e-02;2.230274e-02;1.036888e-02;3.607245e-03
2.186562e-02;1.844097e-02;6.890897e-01;9.395964e-02;6.478779e-02;1.425697e-02;2.217714e-02;1.835228e-02;1.687442e-02;1.895308e-02;1.773260e-02;3.509777e-03
2.101071e-02;1.769875e-02;7.016286e-01;8.979253e-02;5.897794e-02;1.675159e-02;1.786114e-02;1.858013e-02;1.405376e-02;1.647031e-02;2.235204e-02;4.822447e-03
1.506275e-02;1.961835e-02;7.443684e-01;8.329946e-02;4.946502e-02;1.384305e-02;9.320558e-03;1.898047e-02;8.043001e-03;1.585972e-02;1.873409e-02;3.405083e-03
1.456552e-02;2.991941e-02;7.237543e-01;7.376439e-02;4.266801e-02;1.685439e-02;2.755190e-02;1.781267e-02;1.448745e-02;2.185509e-02;1.175227e-02;5.014495e-03
5.164125e-02;5.259796e-02;5.977491e-01;4.768743e-02;3.493286e-02;2.332604e-02;5.719148e-02;2.659305e-02;3.382367e-02;2.953949e-02;2.418822e-02;2.072946e-02
7.260112e-02;4.346291e-02;4.347311e-01;5.153089e-02;4.407619e-02;3.999900e-02;9.297330e-02;4.392613e-02;5.822634e-02;4.228258e-02;3.877551e-02;3.741489e-02
6.196901e-02;6.876064e-02;4.816349e-01;6.817074e-02;3.720595e-02;3.208198e-02;7.435037e-02;3.510905e-02;5.402195e-02;2.931560e-02;3.004375e-02;2.733601e-02
3.207719e-02;4.599664e-02;6.227317e-01;8.423308e-02;2.868154e-02;1.948094e-02;5.857218e-02;1.459180e-02;3.485368e-02;2.721221e-02;2.181579e-02;9.753219e-03
1.900073e-02;1.360209e-02;6.897351e-01;1.034552e-01;3.101868e-02;1.279311e-02;5.399162e-02;7.592752e-03;2.074932e-02;2.728211e-02;1.524291e-02;5.536475e-03
1.507489e-02;1.990153e-02;7.205563e-01;9.671681e-02;2.356049e-02;7.241882e-03;5.324943e-02;4.221066e-03;8.888190e-03;3.691918e-02;9.461788e-03;4.208436e-03
1.827035e-02;2.786645e-02;7.137722e-01;8.489318e-02;1.897483e-02;4.960628e-03;5.826542e-02;4.120302e-03;7.164194e-03;4.995475e-02;7.705171e-03;4.052508e-03
2.753929e-02;5.567743e-02;6.512390e-01;7.403769e-02;2.826386e-02;1.464314e-02;7.072490e-02;9.463494e-03;8.454286e-03;4.805966e-02;7.265708e-03;4.631495e-03
2.558931e-02;5.429241e-02;6.600614e-01;4.458405e-02;3.574990e-02;2.214799e-02;7.520311e-02;1.102757e-02;1.318387e-02;4.256350e-02;9.528046e-03;6.068873e-03
2.296996e-02;1.681435e-02;7.184996e-01;7.246874e-02;4.249266e-02;1.674926e-02;4.461239e-02;5.438345e-03;9.978578e-03;3.357987e-02;1.107734e-02;5.318948e-03
2.030157e-02;1.863499e-02;7.571837e-01;9.107991e-02;2.973715e-02;9.220170e-03;2.098414e-02;5.413286e-03;8.177034e-03;2.816913e-02;6.938556e-03;4.160413e-03
1.287768e-02;1.478418e-02;7.252860e-01;9.997549e-02;3.230825e-02;1.070992e-02;3.110833e-02;1.437911e-02;1.583443e-02;2.354135e-02;1.109881e-02;8.096439e-03
3.242800e-02;3.741067e-02;5.191649e-01;9.845560e-02;4.209089e-02;2.098998e-02;7.378058e-02;3.528676e-02;3.030284e-02;3.739560e-02;5.452541e-02;1.816874e-02
5.246277e-02;4.492092e-02;3.149978e-01;1.106276e-01;6.499942e-02;3.258055e-02;1.003792e-01;4.724463e-02;3.343717e-02;7.096884e-02;1.050550e-01;2.232622e-02
3.623920e-02;3.564308e-02;3.837041e-01;1.206483e-01;5.033473e-02;2.165907e-02;5.893886e-02;2.920565e-02;1.598334e-02;9.531004e-02;1.340390e-01;1.829461e-02
3.245642e-02;1.860991e-02;4.323397e-01;1.291677e-01;3.697103e-02;1.559705e-02;3.633584e-02;1.165660e-02;1.766979e-02;9.587818e-02;1.532596e-01;2.005814e-02
2.633872e-02;1.415571e-02;3.592594e-01;1.410832e-01;5.769840e-02;1.802617e-02;2.840705e-02;4.076888e-02;2.260988e-02;5.766941e-02;2.152390e-01;1.874431e-02
1.760960e-02;2.392039e-02;2.884634e-01;1.542009e-01;8.737582e-02;2.799081e-02;1.673542e-02;7.138328e-02;1.916809e-02;3.873774e-02;2.271482e-01;2.726634e-02
1.540852e-02;3.287460e-02;2.328772e-01;1.356259e-01;1.451447e-01;4.445122e-02;3.378412e-02;7.190112e-02;4.004579e-02;3.789485e-02;1.481636e-01;6.182843e-02
1.235160e-02;1.878032e-02;2.116703e-01;8.603698e-02;2.103824e-01;6.069230e-02;8.756912e-02;4.075135e-02;7.735676e-02;3.443912e-02;5.033565e-02;1.096341e-01
2.297411e-02;2.222129e-02;2.043891e-01;5.350636e-02;2.106445e-01;7.268018e-02;1.389907e-01;1.559118e-02;8.385311e-02;3.127025e-02;3.293513e-02;1.109440e-01
3.467492e-02;2.849378e-02;2.799711e-01;5.615827e-02;1.680329e-01;6.798305e-02;1.283408e-01;2.652137e-02;6.838475e-02;3.230195e-02;4.100424e-02;6.813294e-02
3.262742e-02;2.639743e-02;3.931231e-01;5.724072e-02;1.307414e-01;5.536881e-02;8.528159e-02;4.062613e-02;6.386143e-02;2.989735e-02;5.458541e-02;3.024914e-02
2.720421e-02;3.095343e-02;3.492442e-01;1.012544e-01;1.132037e-01;4.967824e-02;7.061020e-02;4.085900e-02;5.487268e-02;5.370591e-02;6.703403e-02;4.138003e-02
4.227843e-02;3.222965e-02;1.804893e-01;1.198492e-01;1.592622e-01;7.590192e-02;6.521681e-02;6.450097e-02;5.958961e-02;8.199053e-02;9.175234e-02;2.693903e-02
5.140920e-02;1.697706e-02;7.561050e-02;6.253709e-02;1.712296e-01;9.715132e-02;1.406602e-01;4.934352e-02;1.067054e-01;7.147180e-02;1.247270e-01;3.217733e-02
3.514714e-02;2.686621e-02;1.576777e-01;5.331928e-02;1.484642e-01;9.182753e-02;1.345778e-01;5.077156e-02;9.450135e-02;5.461434e-02;1.218113e-01;3.042160e-02
3.828041e-02;3.707849e-02;1.577765e-01;6.425393e-02;1.297104e-01;9.137702e-02;1.289398e-01;5.926638e-02;6.163244e-02;7.058398e-02;1.204389e-01;4.066173e-02
5.446689e-02;3.705895e-02;1.395714e-01;6.510938e-02;1.461014e-01;7.433455e-02;1.451234e-01;7.792102e-02;7.809145e-02;6.677695e-02;6.548763e-02;4.995691e-02
6.305862e-02;4.664638e-02;1.743431e-01;8.568057e-02;1.602188e-01;6.933632e-02;8.338832e-02;4.270786e-02;9.533612e-02;5.144186e-02;7.153212e-02;5.630990e-02
6.522335e-02;6.427510e-02;2.069688e-01;8.981300e-02;1.035842e-01;4.810377e-02;1.064598e-01;5.633325e-02;9.290748e-02;3.935790e-02;7.735390e-02;4.961946e-02
3.935632e-02;6.950752e-02;1.531625e-01;6.425805e-02;8.697351e-02;7.710806e-02;1.388494e-01;6.959464e-02;1.031657e-01;8.730274e-02;5.223133e-02;5.849024e-02
4.685044e-02;4.106326e-02;1.060953e-01;6.943811e-02;8.620904e-02;8.649232e-02;1.700867e-01;8.368479e-02;8.856335e-02;8.704625e-02;7.035964e-02;6.411073e-02
1.376895e-01;9.934067e-02;1.985454e-01;6.183686e-02;4.838554e-02;5.168121e-02;1.633051e-01;3.496260e-02;3.744765e-02;7.116418e-02;4.285899e-02;5.278238e-02
1.899864e-01;1.168118e-01;2.215372e-01;4.938259e-02;3.882344e-02;4.685796e-02;1.237103e-01;3.211555e-02;2.672911e-02;5.639138e-02;4.217345e-02;5.548086e-02
1.974553e-01;1.011934e-01;2.013569e-01;3.898930e-02;5.524233e-02;5.606519e-02;9.759384e-02;2.842941e-02;3.228488e-02;6.322192e-02;6.486384e-02;6.330367e-02
1.480575e-01;3.506395e-02;1.733156e-01;2.071242e-02;1.046970e-01;8.785477e-02;8.484345e-02;3.362156e-02;4.375576e-02;1.006168e-01;1.134576e-01;5.400361e-02
7.943124e-02;6.364105e-02;1.383255e-01;2.072267e-02;1.253417e-01;1.023135e-01;7.927407e-02;5.062596e-02;4.334367e-02;1.416716e-01;1.379182e-01;1.739075e-02
3.922345e-02;7.843904e-02;8.843161e-02;3.054815e-02;1.287914e-01;1.267283e-01;8.304130e-02;5.167004e-02;3.431699e-02;1.771984e-01;1.458750e-01;1.573626e-02
3.396268e-02;7.922880e-02;2.737330e-02;4.456862e-02;1.584403e-01;1.127378e-01;5.779399e-02;5.327663e-02;4.136631e-02;2.304300e-01;1.361135e-01;2.470809e-02
4.365949e-02;8.068588e-02;2.569219e-02;4.444807e-02;1.781279e-01;6.876506e-02;3.699669e-02;5.249278e-02;5.828845e-02;2.686917e-01;1.134239e-01;2.872789e-02
5.007798e-02;7.824526e-02;3.446550e-02;2.764662e-02;2.021861e-01;5.897067e-02;2.548074e-02;4.818007e-02;5.595845e-02;2.583010e-01;1.281709e-01;3.231671e-02
4.851653e-02;8.883969e-02;4.808117e-02;3.185420e-02;1.973830e-01;9.348149e-02;3.886730e-02;4.539229e-02;4.004836e-02;2.180548e-01;1.245221e-01;2.495904e-02
1.389921e-02;7.855051e-02;8.781740e-02;6.181367e-02;1.751222e-01;1.042392e-01;5.810204e-02;5.590678e-02;4.671754e-02;1.825670e-01;1.109243e-01;2.434018e-02
4.219342e-02;4.270947e-02;1.497907e-01;6.202877e-02;1.307396e-01;8.786050e-02;1.509934e-01;6.474405e-02;6.089410e-02;1.127939e-01;6.961098e-02;2.564118e-02
6.749987e-02;2.916690e-02;2.015653e-01;4.522923e-02;9.183847e-02;8.081128e-02;1.296213e-01;8.223923e-02;8.252142e-02;9.432386e-02;6.962904e-02;2.555415e-02
8.091854e-02;5.839512e-02;1.488916e-01;6.421698e-02;7.851454e-02;6.738424e-02;1.199311e-01;9.393919e-02;7.879934e-02;1.020581e-01;7.704824e-02;2.990303e-02
7.244133e-02;7.271467e-02;1.054028e-01;5.309724e-02;1.118981e-01;6.690463e-02;1.813004e-01;9.733361e-02;5.184404e-02;9.307533e-02;6.604283e-02;2.794495e-02
6.067801e-02;6.963193e-02;2.408991e-01;5.088620e-02;1.118500e-01;7.020399e-02;2.095746e-01;3.365433e-02;4.283141e-02;6.028505e-02;2.759482e-02;2.191070e-02
8.037803e-02;5.718998e-02;2.177302e-01;7.446469e-02;9.386582e-02;7.368874e-02;1.636946e-01;7.963638e-02;4.751305e-02;4.964127e-02;4.117279e-02;2.102442e-02
6.783712e-02;4.121559e-02;1.428197e-01;7.535497e-02;8.415613e-02;6.839325e-02;2.017181e-01;9.664764e-02;5.695920e-02;7.852075e-02;5.188994e-02;3.448767e-02
2.999012e-02;4.496522e-02;9.497963e-02;6.186153e-02;7.281596e-02;7.216447e-02;2.415177e-01;7.102600e-02;8.818508e-02;1.098083e-01;6.015016e-02;5.253580e-02
5.531757e-02;4.501492e-02;1.388737e-01;5.147196e-02;6.462297e-02;5.701631e-02;2.085492e-01;6.594446e-02;8.452465e-02;1.155462e-01;6.400162e-02;4.911642e-02
5.933347e-02;6.342165e-02;1.648484e-01;6.828960e-02;3.331085e-02;6.386083e-02;1.741077e-01;4.029000e-02;1.039996e-01;1.012540e-01;7.896884e-02;4.831509e-02
6.058945e-02;6.454463e-02;1.461231e-01;7.509790e-02;4.004154e-02;7.483149e-02;1.951186e-01;3.085876e-02;8.067795e-02;8.735183e-02;9.317644e-02;5.158836e-02
6.467718e-02;4.208524e-02;1.339548e-01;6.658768e-02;6.025582e-02;7.503486e-02;2.010754e-01;3.840632e-02;4.424895e-02;9.495742e-02;1.210811e-01;5.763524e-02
6.887555e-02;3.646339e-02;1.602736e-01;5.630642e-02;7.756285e-02;5.784539e-02;1.538265e-01;5.016498e-02;4.286586e-02;9.862776e-02;1.494489e-01;4.773887e-02
7.990943e-02;3.624281e-02;1.013935e-01;6.249040e-02;7.448474e-02;6.789713e-02;1.325444e-01;4.242357e-02;7.550087e-02;1.274810e-01;1.629009e-01;3.673127e-02
5.984543e-02;3.735745e-02;1.145389e-01;6.644741e-02;5.358552e-02;5.918846e-02;1.058878e-01;5.207347e-02;1.199973e-01;1.523236e-01;1.317521e-01;4.700258e-02
7.200584e-02;4.106064e-02;7.997176e-02;5.376675e-02;5.671689e-02;3.450535e-02;9.762961e-02;8.750674e-02;1.387857e-01;1.656777e-01;1.108858e-01;6.148718e-02
1.239889e-01;7.355030e-02;9.706407e-02;5.446279e-02;4.394590e-02;3.799976e-02;1.582477e-01;9.329250e-02;8.691444e-02;1.006497e-01;9.988483e-02;2.999909e-02
1.404350e-01;7.405700e-02;6.861006e-02;5.393244e-02;7.926366e-02;4.207728e-02;1.995782e-01;8.329331e-02;5.633649e-02;9.434382e-02;7.730356e-02;3.076920e-02
1.124358e-01;5.417807e-02;9.231462e-02;3.842558e-02;1.043608e-01;4.270078e-02;2.128084e-01;8.539952e-02;6.361034e-02;8.338754e-02;7.414101e-02;3.623747e-02
7.870626e-02;5.255032e-02;1.213431e-01;4.992802e-02;8.998129e-02;4.525761e-02;2.086306e-01;7.532620e-02;6.336391e-02;6.834327e-02;9.210654e-02;5.446290e-02
