6.615337e-02;1.603162e-01;1.553472e-01;7.407892e-02;8.498954e-02;1.025793e-01;4.795437e-02;1.196360e-01;8.350284e-02;3.570651e-02;2.861469e-02;4.112111e-02
4.119884e-02;1.579562e-01;8.904753e-02;8.310050e-02;1.006657e-01;9.243907e-02;7.004131e-02;1.298934e-01;1.150729e-01;4.443573e-02;3.505324e-02;4.109553e-02
5.559028e-02;1.561558e-01;8.620556e-02;6.605806e-02;8.087872e-02;6.478089e-02;8.274917e-02;1.570388e-01;1.226594e-01;5.855592e-02;4.260741e-02;2.672010e-02
6.205004e-02;8.911402e-02;7.820283e-02;5.634209e-02;7.166539e-02;9.028878e-02;8.785255e-02;1.626844e-01;1.197343e-01;9.216180e-02;4.252398e-02;4.737987e-02
5.367646e-02;7.144017e-02;1.040147e-01;5.918139e-02;7.941377e-02;9.437693e-02;1.357747e-01;1.187411e-01;7.634392e-02;1.007410e-01;3.688929e-02;6.940650e-02
2.192254e-02;6.240840e-02;1.353282e-01;7.051262e-02;9.921893e-02;1.472493e-01;9.637071e-02;8.735901e-02;8.351878e-02;8.098227e-02;6.050248e-02;5.462677e-02
4.612654e-02;1.168132e-01;1.248068e-01;6.411882e-02;8.568216e-02;9.390312e-02;5.678732e-02;1.290774e-01;1.185179e-01;5.407389e-02;6.109056e-02;4.900224e-02
6.528868e-02;1.257654e-01;1.130505e-01;7.493006e-02;5.262973e-02;1.187469e-01;5.560718e-02;1.282580e-01;1.191743e-01;4.981855e-02;4.464808e-02;5.208272e-02
7.134222e-02;1.140145e-01;8.968978e-02;7.172758e-02;6.472948e-02;1.384099e-01;5.666789e-02;1.389645e-01;1.093522e-01;5.142035e-02;4.288387e-02;5.079770e-02
4.739768e-02;1.233421e-01;1.036183e-01;5.078436e-02;4.776885e-02;1.287007e-01;5.224728e-02;1.158359e-01;1.346355e-01;9.454088e-02;4.552854e-02;5.559989e-02
2.060983e-02;1.708694e-01;1.199005e-01;2.725794e-02;2.559137e-02;1.232958e-01;3.025553e-02;7.198124e-02;1.837025e-01;1.297144e-01;2.942019e-02;6.740135e-02
1.514254e-02;2.068803e-01;9.551183e-02;1.892869e-02;2.164401e-02;1.394843e-01;1.696633e-02;5.711656e-02;2.478295e-01;1.093084e-01;1.451688e-02;5.667077e-02
2.411763e-02;2.009331e-01;6.401738e-02;2.335291e-02;3.352474e-02;1.218699e-01;4.284709e-02;1.254363e-01;2.555507e-01;5.514738e-02;2.452000e-02;2.868295e-02
2.883829e-02;1.706484e-01;7.379985e-02;1.974775e-02;4.888056e-02;9.925538e-02;8.610417e-02;1.960792e-01;1.969802e-01;3.204988e-02;3.161982e-02;1.599643e-02
2.180333e-02;1.229080e-01;9.378412e-02;2.298876e-02;5.732080e-02;1.129181e-01;1.297993e-01;1.928062e-01;1.676685e-01;3.199393e-02;2.145731e-02;2.455157e-02
3.943982e-02;1.496668e-01;1.410904e-01;2.920444e-02;4.237137e-02;1.182917e-01;1.266923e-01;9.698170e-02;1.523670e-01;5.135180e-02;1.196976e-02;4.057290e-02
4.864577e-02;2.453327e-01;1.513077e-01;3.209144e-02;1.127718e-02;1.015967e-01;5.655406e-02;7.791358e-02;7.989003e-02;1.194282e-01;2.449343e-02;5.146912e-02
3.926815e-02;2.318791e-01;1.152672e-01;4.008281e-02;2.451464e-02;8.407524e-02;5.218133e-02;8.697273e-02;1.155834e-01;1.065371e-01;3.471104e-02;6.892730e-02
4.267107e-02;1.891392e-01;8.499631e-02;5.659655e-02;4.151342e-02;1.371198e-01;4.565487e-02;4.961376e-02;1.633194e-01;7.011226e-02;4.147254e-02;7.779080e-02
4.425675e-02;1.995355e-01;1.246886e-01;4.227355e-02;4.107073e-02;1.603294e-01;5.111300e-02;5.936376e-02;1.477813e-01;4.912858e-02;1.889007e-02;6.156874e-02
5.329262e-02;2.142416e-01;3.909541e-02;4.752015e-02;5.404346e-02;1.447575e-01;6.269506e-02;8.074734e-02;1.826970e-01;2.919846e-02;2.735953e-02;6.435182e-02
3.389359e-02;2.523431e-01;1.924654e-01;4.289993e-02;3.255413e-02;8.976768e-02;2.661989e-02;1.121326e-01;1.210036e-01;4.471574e-02;2.569411e-02;2.591017e-02
2.422936e-02;2.697884e-01;2.503947e-01;2.774054e-02;2.249580e-02;9.812472e-02;2.692352e-02;7.852852e-02;1.111746e-01;5.357310e-02;1.815916e-02;1.886751e-02
1.745271e-02;3.007232e-01;2.967448e-01;1.141434e-02;1.237246e-02;9.607341e-02;1.939822e-02;4.889028e-02;9.573920e-02;6.684543e-02;1.638015e-02;1.796574e-02
1.997288e-02;3.149233e-01;3.417364e-01;1.548407e-02;1.287040e-02;6.119303e-02;2.555966e-02;3.186578e-02;6.361289e-02;8.701808e-02;7.788477e-03;1.797501e-02
2.566901e-02;2.986199e-01;3.348549e-01;3.260000e-02;2.001997e-02;5.370117e-02;4.344076e-02;2.489701e-02;5.415736e-02;8.208230e-02;1.506801e-02;1.488967e-02
3.044458e-02;2.904924e-01;2.591638e-01;4.310306e-02;2.711859e-02;7.811610e-02;4.834386e-02;3.722665e-02;6.702991e-02;7.535525e-02;2.586456e-02;1.774115e-02
3.972811e-02;2.713965e-01;1.272674e-01;4.469135e-02;2.852894e-02;7.123195e-02;5.062518e-02;5.385313e-02;1.623792e-01;9.531908e-02;2.265082e-02;3.232839e-02
4.055191e-02;2.395475e-01;2.093443e-01;2.707100e-02;2.765281e-02;9.082244e-02;5.593171e-02;4.500613e-02;1.413008e-01;7.148482e-02;2.453909e-02;2.674751e-02
5.183951e-02;2.293526e-01;2.889619e-01;3.308928e-02;3.115243e-02;9.079207e-02;2.354050e-02;5.038027e-02;1.036222e-01;5.228909e-02;1.483693e-02;3.014323e-02
3.179922e-02;2.602099e-01;3.407197e-01;3.987645e-02;2.043328e-02;7.410737e-02;2.166253e-02;3.377419e-02;1.020036e-01;4.179489e-02;1.138184e-02;2.223697e-02
1.446248e-02;2.655420e-01;3.459913e-01;3.641280e-02;1.166742e-02;6.757788e-02;1.787010e-02;2.952811e-02;9.344517e-02;7.754350e-02;1.177120e-02;2.818799e-02
1.530383e-02;2.936753e-01;2.957322e-01;2.129177e-02;8.616384e-03;7.447306e-02;7.979296e-03;2.478940e-02;1.218976e-01;9.031487e-02;1.191930e-02;3.400706e-02
1.666483e-02;3.135782e-01;2.214365e-01;1.621499e-02;3.231521e-03;8.310514e-02;8.725620e-03;2.148986e-02;1.958069e-01;7.867191e-02;7.684492e-03;3.338996e-02
2.126534e-02;3.247098e-01;1.623520e-01;1.931036e-02;3.560191e-03;8.918906e-02;9.609647e-03;1.350429e-02;2.724826e-01;5.105129e-02;6.805255e-03;2.616018e-02
2.644941e-02;3.218612e-01;1.341385e-01;1.845374e-02;6.550150e-03;7.147889e-02;1.816760e-02;4.963790e-02;3.020310e-01;2.113754e-02;1.617354e-02;1.392044e-02
4.412341e-02;3.050624e-01;1.505699e-01;1.276545e-02;1.046770e-02;4.293670e-02;3.316999e-02;6.770167e-02;2.653267e-01;2.655190e-02;3.161373e-02;9.710401e-03
6.660704e-02;2.371781e-01;1.292082e-01;1.397600e-02;2.481936e-02;5.291706e-02;5.235640e-02;1.244600e-01;1.904661e-01;4.128006e-02;5.498446e-02;1.174725e-02
9.506545e-02;1.851938e-01;7.101324e-02;6.661701e-03;4.877329e-02;5.167395e-02;7.329176e-02;2.150558e-01;9.898309e-02;4.875474e-02;8.702970e-02;1.850350e-02
9.485652e-02;2.059739e-01;7.286286e-02;6.252589e-03;5.397966e-02;4.982235e-02;4.960142e-02;2.121978e-01;8.492390e-02;6.276428e-02;7.964697e-02;2.711776e-02
8.402846e-02;2.100163e-01;1.165232e-01;1.444548e-02;4.953932e-02;7.723711e-02;5.142339e-02;1.848269e-01;7.245768e-02;6.309623e-02;5.110246e-02;2.530354e-02
8.134025e-02;2.602685e-01;2.062750e-01;1.202972e-02;3.213673e-02;7.397339e-02;4.808276e-02;1.246690e-01;6.103469e-02;5.124062e-02;3.134578e-02;1.760358e-02
8.835522e-02;3.434972e-01;2.395397e-01;5.141296e-03;2.262455e-02;4.861961e-02;4.683144e-02;5.976068e-02;7.770145e-02;3.043925e-02;2.503745e-02;1.245214e-02
8.022897e-02;3.510175e-01;2.438073e-01;7.461488e-03;2.323131e-02;4.067728e-02;4.744126e-02;5.155972e-02;8.230187e-02;3.213371e-02;2.735780e-02;1.278183e-02
6.964085e-02;3.556180e-01;2.270289e-01;1.036990e-02;2.783526e-02;4.553070e-02;4.942814e-02;6.366023e-02;6.388553e-02;3.621676e-02;3.925182e-02;1.153394e-02
8.207327e-02;3.571202e-01;1.464789e-01;3.394264e-02;4.489926e-02;3.536547e-02;7.436301e-02;7.403747e-02;6.381539e-02;1.970798e-02;5.345921e-02;1.473730e-02
8.313093e-02;2.528477e-01;1.606968e-01;3.140877e-02;8.362480e-02;4.036645e-02;7.694080e-02;1.795106e-01;2.744192e-02;1.354468e-02;3.790228e-02;1.258434e-02
1.008327e-01;1.795490e-01;1.320391e-01;2.141112e-02;9.728831e-02;2.823681e-02;5.750031e-02;2.949571e-01;3.114029e-02;1.913553e-02;2.736040e-02;1.054939e-02
1.045880e-01;1.479639e-01;1.059077e-01;1.329514e-02;9.594690e-02;1.558329e-02;1.921611e-02;3.471422e-01;4.705105e-02;2.723982e-02;5.748661e-02;1.857924e-02
1.007870e-01;1.421607e-01;1.027674e-01;9.383758e-03;9.117868e-02;1.633819e-02;2.880572e-02;3.207722e-01;4.574593e-02;2.046476e-02;1.014255e-01;2.017013e-02
1.005741e-01;9.132453e-02;9.396690e-02;1.106743e-02;9.381106e-02;2.655829e-02;4.021735e-02;2.833463e-01;2.945151e-02;1.487414e-02;1.962973e-01;1.851106e-02
8.400290e-02;1.295548e-01;7.076505e-02;7.940174e-03;8.175758e-02;2.427398e-02;6.141348e-02;2.328362e-01;2.956408e-02;1.457094e-02;2.430063e-01;2.031458e-02
9.513395e-02;1.502430e-01;7.499214e-02;6.593586e-03;8.387540e-02;1.507740e-02;5.896507e-02;2.049278e-01;2.884910e-02;1.127781e-02;2.398549e-01;3.020988e-02
1.244482e-01;1.523393e-01;9.278905e-02;1.244095e-02;9.157243e-02;2.340539e-02;6.384905e-02;1.899853e-01;3.443751e-02;1.312326e-02;1.803101e-01;2.129942e-02
1.144314e-01;1.731325e-01;9.892567e-02;2.656695e-02;8.506240e-02;2.505769e-02;1.254568e-01;1.835703e-01;2.462327e-02;1.038495e-02;1.182998e-01;1.448820e-02
9.555548e-02;2.137331e-01;9.575009e-02;5.328564e-02;6.607430e-02;2.154881e-02;1.597825e-01;1.563685e-01;3.778195e-02;1.539455e-02;7.362135e-02;1.110382e-02
1.139159e-01;1.620759e-01;1.032000e-01;6.237081e-02;7.440014e-02;2.484622e-02;1.668133e-01;1.540331e-01;5.144222e-02;1.746473e-02;6.064178e-02;8.795980e-03
1.251826e-01;1.841032e-01;1.037438e-01;2.881974e-02;1.057578e-01;4.091840e-02;1.376221e-01;1.388096e-01;4.697884e-02;1.961746e-02;5.664289e-02;1.180348e-02
1.240100e-01;2.883230e-01;1.189646e-01;1.158597e-02;1.098170e-01;4.087912e-02;1.087512e-01;7.794912e-02;3.734687e-02;2.264978e-02;4.591806e-02;1.380529e-02
1.116684e-01;3.485509e-01;1.766332e-01;2.104623e-02;5.805807e-02;6.762648e-02;8.052916e-02;3.584802e-02;3.791243e-02;1.857678e-02;2.787283e-02;1.567744e-02
8.492021e-02;3.369927e-01;2.415147e-01;2.239840e-02;2.820503e-02;8.863159e-02;3.151545e-02;6.593461e-02;4.734342e-02;1.136742e-02;2.663676e-02;1.453980e-02
6.701872e-02;3.044491e-01;2.449474e-01;2.821148e-02;3.997172e-02;7.248128e-02;1.899556e-02;9.635608e-02;6.198072e-02;1.878836e-02;3.495704e-02;1.184245e-02
6.162500e-02;2.557497e-01;2.197232e-01;2.289230e-02;4.976781e-02;4.359115e-02;3.975011e-02;1.382432e-01;8.157253e-02;3.423505e-02;3.878961e-02;1.406030e-02
6.010123e-02;1.533437e-01;2.359901e-01;2.471236e-02;5.386711e-02;6.672338e-02;4.380788e-02;1.583725e-01;9.126266e-02;3.293886e-02;6.677274e-02;1.210739e-02
6.078192e-02;2.454625e-01;2.808346e-01;2.011365e-02;3.346526e-02;4.804850e-02;2.947540e-02;1.210519e-01;7.315728e-02;1.982106e-02;5.579305e-02;1.199482e-02
6.323998e-02;3.033158e-01;3.048630e-01;1.424156e-02;2.770760e-02;2.973363e-02;2.851637e-02;9.908540e-02;6.064535e-02;1.903133e-02;3.812295e-02;1.149700e-02
6.669248e-02;3.011604e-01;2.946355e-01;1.575532e-02;4.023406e-02;2.948617e-02;2.876173e-02;7.678749e-02;5.476362e-02;2.895224e-02;5.161062e-02;1.116039e-02
7.919089e-02;1.913629e-01;2.464283e-01;2.926464e-02;5.117373e-02;4.033776e-02;4.625359e-02;1.176071e-01;5.267569e-02;5.806336e-02;7.148476e-02;1.615730e-02
8.879188e-02;1.355607e-01;1.707168e-01;3.980237e-02;3.878951e-02;6.069142e-02;4.415293e-02;1.744207e-01;7.145370e-02;1.001032e-01;5.776761e-02;1.774921e-02
7.447531e-02;1.988864e-01;1.417907e-01;5.173347e-02;3.602295e-02;4.924222e-02;5.315435e-02;1.557436e-01;1.194399e-01;8.517543e-02;2.083913e-02;1.349651e-02
6.168326e-02;1.601937e-01;1.308669e-01;5.607715e-02;4.288599e-02;3.876336e-02;6.319722e-02;1.538448e-01;1.737561e-01;7.510305e-02;2.798962e-02;1.563892e-02
6.875499e-02;1.520247e-01;1.263980e-01;6.772388e-02;5.332543e-02;4.613095e-02;5.216102e-02;1.260751e-01;1.873011e-01;5.983774e-02;4.459425e-02;1.567291e-02
5.972605e-02;2.058149e-01;1.485853e-01;7.807799e-02;6.158805e-02;4.428669e-02;4.958681e-02;9.957743e-02;1.388178e-01;5.217492e-02;4.272109e-02;1.904300e-02
5.919179e-02;2.134576e-01;1.778674e-01;7.479566e-02;6.036200e-02;4.096200e-02;4.794189e-02;1.181559e-01;9.178607e-02;3.697813e-02;4.666934e-02;3.183224e-02
7.535425e-02;2.169594e-01;1.872477e-01;6.374428e-02;3.738176e-02;3.466834e-02;5.301712e-02;1.261817e-01;7.697272e-02;2.729525e-02;6.047754e-02;4.069999e-02
9.905851e-02;2.056035e-01;1.569473e-01;3.839375e-02;2.378189e-02;4.279429e-02;7.048652e-02;1.003521e-01;8.217064e-02;3.572620e-02;8.031178e-02;6.437362e-02
1.119238e-01;1.900635e-01;1.310817e-01;3.677667e-02;1.696046e-02;6.154221e-02;8.100607e-02;8.241557e-02;6.926076e-02;5.181506e-02;7.046986e-02;9.668443e-02
1.050809e-01;2.311540e-01;1.682688e-01;3.601114e-02;1.624463e-02;6.642013e-02;7.194431e-02;7.126704e-02;6.400443e-02;3.794792e-02;3.593122e-02;9.572541e-02
1.074448e-01;3.008663e-01;2.007057e-01;2.654311e-02;2.733050e-02;4.858399e-02;4.994675e-02;5.902649e-02;6.467457e-02;2.296544e-02;3.130985e-02;6.060250e-02
1.201436e-01;3.252486e-01;2.088657e-01;4.721430e-02;4.442160e-02;4.299542e-02;2.841594e-02;5.001474e-02;5.339151e-02;1.908263e-02;3.886874e-02;2.133718e-02
1.145941e-01;2.769134e-01;1.921982e-01;6.148330e-02;3.788586e-02;7.063239e-02;3.848682e-02;5.735749e-02;3.216849e-02;3.518660e-02;5.481601e-02;2.827734e-02
9.199379e-02;2.407074e-01;1.957230e-01;4.546692e-02;4.567045e-02;8.094519e-02;6.574670e-02;6.491187e-02;4.443207e-02;4.169110e-02;5.272000e-02;2.999147e-02
7.635330e-02;2.307240e-01;1.781020e-01;3.269897e-02;4.701653e-02;9.192737e-02;8.610865e-02;7.293609e-02;7.115030e-02;4.143968e-02;4.443721e-02;2.710591e-02
8.684462e-02;2.409465e-01;1.485465e-01;3.746502e-02;4.460323e-02;7.166089e-02;7.871532e-02;1.007130e-01;9.767662e-02;3.748921e-02;3.851622e-02;1.682286e-02
9.319158e-02;2.401485e-01;1.771693e-01;2.838800e-02;4.196663e-02;5.704796e-02;8.263575e-02;1.430474e-01;6.871606e-02;2.594184e-02;2.067976e-02;2.106726e-02
7.473566e-02;1.708114e-01;7.172682e-02;5.117927e-02;8.363444e-02;2.198598e-01;3.548530e-02;1.684260e-01;5.682045e-02;2.204626e-02;2.054822e-02;2.472638e-02
2.658216e-02;1.287170e-01;1.736053e-01;8.737974e-02;9.683149e-02;2.227031e-01;4.746640e-02;1.140661e-01;4.927444e-02;1.001439e-02;2.771642e-02;1.564340e-02
1.987264e-02;9.848661e-02;2.568443e-01;1.235515e-01;9.194977e-02;1.869723e-01;4.154536e-02;8.813792e-02;3.717420e-02;1.059570e-02;3.419721e-02;1.067260e-02
2.623662e-02;1.043768e-01;3.302158e-01;1.442509e-01;7.592615e-02;1.397760e-01;2.709861e-02;6.619720e-02;2.339794e-02;2.031767e-02;3.497500e-02;7.231351e-03
3.327686e-02;1.727851e-01;3.150618e-01;1.108911e-01;6.529943e-02;1.325104e-01;2.199216e-02;6.311582e-02;3.211736e-02;1.918271e-02;1.911224e-02;1.465500e-02
5.135853e-02;3.001030e-01;2.444535e-01;6.866083e-02;4.582648e-02;1.081549e-01;2.167607e-02;6.754987e-02;4.428151e-02;1.147902e-02;1.812950e-02;1.832675e-02
6.260294e-02;3.545751e-01;2.409862e-01;3.792849e-02;2.142527e-02;9.681533e-02;2.147312e-02;6.957737e-02;4.593010e-02;1.461887e-02;2.037139e-02;1.369577e-02
4.574269e-02;3.567967e-01;2.497446e-01;4.152071e-02;1.560284e-02;9.640944e-02;1.820063e-02;5.458888e-02;5.423916e-02;2.451276e-02;1.863321e-02;2.400839e-02
2.871980e-02;2.522555e-01;3.325959e-01;6.838891e-02;3.449292e-02;5.606100e-02;1.477565e-02;3.813045e-02;5.095230e-02;8.333773e-02;1.457264e-02;2.571718e-02
2.327244e-02;1.826113e-01;3.319241e-01;7.749421e-02;5.008214e-02;3.325180e-02;1.685349e-02;2.270871e-02;5.220745e-02;1.447149e-01;2.483537e-02;4.004407e-02
1.826305e-02;1.754589e-01;2.568474e-01;6.089661e-02;4.033593e-02;5.526636e-02;1.951789e-02;2.399490e-02;9.476626e-02;1.546944e-01;1.449380e-02;8.546454e-02
1.952655e-02;2.056360e-01;1.527188e-01;5.365707e-02;1.739215e-02;8.063421e-02;2.399267e-02;2.852080e-02;1.783671e-01;1.155081e-01;1.985350e-02;1.041931e-01
2.909051e-02;2.119971e-01;9.171654e-02;5.534391e-02;2.469013e-02;6.752878e-02;2.324987e-02;5.930362e-02;2.372011e-01;7.563173e-02;4.817148e-02;7.607531e-02
6.554987e-02;1.561479e-01;6.680695e-02;4.167638e-02;5.955010e-02;3.974842e-02;5.250556e-02;1.793663e-01;1.919504e-01;2.405198e-02;9.282748e-02;2.981865e-02
9.956895e-02;9.269723e-02;6.724940e-02;2.035948e-02;8.120491e-02;2.488679e-02;7.119025e-02;3.094917e-01;1.054621e-01;1.319298e-02;1.002954e-01;1.440084e-02
1.345688e-01;3.280979e-02;6.835767e-02;1.525132e-02;8.354058e-02;2.683508e-02;6.691144e-02;3.937631e-01;4.322880e-02;3.039686e-02;8.669236e-02;1.764418e-02
1.501311e-01;9.276988e-02;9.330773e-02;1.181331e-02;5.947937e-02;3.329837e-02;6.202531e-02;3.710137e-01;2.415624e-02;3.799673e-02;5.024028e-02;1.376793e-02
1.468807e-01;1.245383e-01;1.069795e-01;1.118384e-02;4.638238e-02;4.631720e-02;8.885799e-02;3.026917e-01;3.078037e-02;4.628941e-02;2.525622e-02;2.384229e-02
1.492258e-01;1.117019e-01;1.257662e-01;2.371081e-02;5.698582e-02;4.833658e-02;9.978853e-02;1.920294e-01;7.153261e-02;4.367685e-02;3.224580e-02;4.499963e-02
1.387574e-01;7.928119e-02;1.296739e-01;2.382297e-02;8.013258e-02;8.061256e-02;1.300868e-01;8.151773e-02;1.166493e-01;2.496618e-02;4.209162e-02;7.240779e-02
9.749901e-02;1.567409e-01;1.186350e-01;2.932199e-02;7.970446e-02;8.332957e-02;9.579571e-02;8.178284e-02;1.324342e-01;2.333338e-02;3.238570e-02;6.903724e-02
8.728999e-02;1.781248e-01;8.476206e-02;6.781081e-02;6.215800e-02;1.209420e-01;5.755291e-02;5.438900e-02;1.203509e-01;3.540124e-02;6.461783e-02;6.660042e-02
5.689271e-02;1.738620e-01;1.501757e-01;7.052313e-02;3.756257e-02;1.271490e-01;7.980010e-02;7.055499e-02;7.786205e-02;6.778063e-02;3.667926e-02;5.115801e-02
5.160137e-02;1.798446e-01;1.269339e-01;4.384773e-02;4.352921e-02;9.760433e-02;7.155403e-02;1.900730e-01;5.209897e-02;7.078663e-02;3.870523e-02;3.342114e-02
4.742951e-02;1.674566e-01;1.335016e-01;2.772482e-02;2.864988e-02;7.685521e-02;4.582120e-02;2.848476e-01;9.935790e-02;4.593150e-02;2.685992e-02;1.556418e-02
4.883869e-02;1.038085e-01;1.383888e-01;2.103460e-02;1.853647e-02;7.320463e-02;6.737036e-02;2.965405e-01;1.112958e-01;3.419687e-02;5.554461e-02;3.124016e-02
3.983105e-02;1.275496e-01;1.287345e-01;2.138131e-02;2.301871e-02;5.946270e-02;5.685602e-02;2.288688e-01;1.293811e-01;6.803852e-02;7.138052e-02;4.549717e-02
5.132290e-02;2.169568e-01;1.007537e-01;2.699378e-02;2.774636e-02;5.979558e-02;4.989298e-02;1.440865e-01;1.526223e-01;8.650092e-02;4.421965e-02;3.910846e-02
5.409386e-02;2.084982e-01;1.586181e-01;3.047363e-02;3.245782e-02;1.062122e-01;1.125246e-01;5.058890e-02;1.209975e-01;4.938348e-02;3.988821e-02;3.626348e-02
4.293846e-02;1.357272e-01;1.379376e-01;2.995378e-02;3.388755e-02;1.670949e-01;1.702880e-01;5.820895e-02;8.094046e-02;4.442330e-02;5.727717e-02;4.132257e-02
3.849890e-02;8.334435e-02;8.824809e-02;3.158805e-02;3.513809e-02;2.723714e-01;1.677672e-01;4.757375e-02;7.054415e-02;3.480790e-02;7.991425e-02;5.020389e-02
2.686609e-02;7.655555e-02;1.066178e-01;2.601941e-02;2.919207e-02;3.478234e-01;7.896629e-02;4.868143e-02;8.784227e-02;3.226007e-02;1.021031e-01;3.707249e-02
1.402833e-02;6.062573e-02;1.119852e-01;2.318002e-02;5.924624e-02;3.600593e-01;4.574595e-02;7.114489e-02;8.625877e-02;2.518225e-02;1.190581e-01;2.348522e-02
2.788073e-02;7.091509e-02;1.171633e-01;2.062816e-02;5.039049e-02;3.274521e-01;2.063026e-02;7.475398e-02;7.976107e-02;3.914760e-02;1.349506e-01;3.632670e-02
4.359851e-02;8.939016e-02;8.073127e-02;1.224580e-02;3.606479e-02;2.506610e-01;4.230539e-02;1.124195e-01;1.095048e-01;4.673966e-02;1.407579e-01;3.558126e-02
4.460008e-02;1.139271e-01;8.485664e-02;1.296018e-02;3.697610e-02;2.150703e-01;2.542678e-02;1.449118e-01;1.199660e-01;5.329476e-02;1.236801e-01;2.433010e-02
3.530248e-02;1.191694e-01;1.052041e-01;1.599869e-02;2.062455e-02;2.291497e-01;5.708758e-02;1.618078e-01;1.108326e-01;4.618797e-02;7.635102e-02;2.228404e-02
3.511857e-02;1.422680e-01;7.201056e-02;2.287751e-02;3.168202e-02;2.629662e-01;3.412900e-02;1.474886e-01;1.076235e-01;4.855510e-02;6.699075e-02;2.829022e-02
4.101020e-02;1.591715e-01;1.003611e-01;2.666879e-02;3.460605e-02;2.306241e-01;6.633209e-02;1.017179e-01;1.260236e-01;3.390310e-02;5.065194e-02;2.892959e-02
5.190101e-02;1.286619e-01;1.313643e-01;3.610795e-02;4.485464e-02;1.725068e-01;4.810758e-02;9.218430e-02;1.580149e-01;3.873311e-02;6.638568e-02;3.117782e-02
6.292824e-02;1.049554e-01;9.297658e-02;3.221001e-02;3.412202e-02;1.136971e-01;8.032469e-02;1.075068e-01;1.670583e-01;7.022490e-02;9.374014e-02;4.025577e-02
7.180525e-02;1.216875e-01;1.341543e-01;2.712514e-02;1.535099e-02;1.548505e-01;8.045479e-02;1.114760e-01;1.027063e-01;4.123792e-02;8.087716e-02;5.827424e-02
7.084475e-02;1.713534e-01;1.018337e-01;2.794442e-02;2.000891e-02;1.239914e-01;1.140672e-01;1.181381e-01;3.499256e-02;5.511975e-02;6.242220e-02;9.928350e-02
9.367178e-02;1.896136e-01;7.990384e-02;3.154484e-02;1.930838e-02;8.573849e-02;1.194917e-01;1.465530e-01;3.341014e-02;7.400946e-02;3.779183e-02;8.896299e-02
1.108559e-01;1.618924e-01;4.624232e-02;2.556176e-02;1.882257e-02;6.560168e-02;1.533994e-01;1.813672e-01;4.204647e-02;8.088564e-02;2.084288e-02;9.248189e-02
8.937488e-02;9.667672e-02;6.076957e-02;2.439110e-02;1.177173e-02;5.811595e-02;1.866144e-01;2.203322e-01;5.197990e-02;7.566535e-02;1.508680e-02;1.092214e-01
8.938425e-02;8.962761e-02;5.160928e-02;2.946228e-02;2.187252e-02;5.525025e-02;1.861131e-01;2.516652e-01;7.047698e-02;6.494571e-02;1.835796e-02;7.123484e-02
9.619246e-02;6.700684e-02;5.682617e-02;2.669979e-02;2.536016e-02;6.643982e-02;2.052751e-01;2.749613e-01;6.781311e-02;5.398709e-02;1.118213e-02;4.825602e-02
9.424675e-02;8.335682e-02;7.058120e-02;2.189389e-02;3.805755e-02;5.862699e-02;1.893102e-01;3.000563e-01;5.737591e-02;3.797157e-02;1.036368e-02;3.815915e-02
1.216441e-01;6.685144e-02;1.024302e-01;2.522142e-02;5.500533e-02;5.021878e-02;1.410169e-01;3.337411e-01;3.629742e-02;2.344623e-02;1.200622e-02;3.212094e-02
1.530953e-01;9.441096e-02;1.353198e-01;3.016427e-02;7.405031e-02;4.104033e-02;9.172823e-02;2.902038e-01;2.218975e-02;1.018043e-02;2.919990e-02;2.841682e-02
1.540204e-01;1.517857e-01;1.279689e-01;2.731639e-02;1.044101e-01;3.419702e-02;6.377213e-02;2.232893e-01;3.063000e-02;1.045991e-02;4.850092e-02;2.364931e-02
1.178645e-01;2.215836e-01;9.440388e-02;1.748621e-02;9.296316e-02;4.297540e-02;8.221939e-02;1.761672e-01;6.074193e-02;1.261082e-02;6.394794e-02;1.703589e-02
5.735328e-02;3.025171e-01;1.127939e-01;3.305612e-02;4.372490e-02;7.145278e-02;7.687633e-02;1.261386e-01;9.721468e-02;1.514228e-02;4.615480e-02;1.757530e-02
3.986453e-02;3.566180e-01;1.583202e-01;4.087973e-02;2.419091e-02;9.814999e-02;4.922647e-02;3.669215e-02;1.150827e-01;2.309893e-02;2.033021e-02;3.754619e-02
3.098609e-02;3.245673e-01;2.291226e-01;2.915277e-02;1.506851e-02;8.891732e-02;3.225280e-02;4.722625e-02;8.790266e-02;5.456437e-02;1.245172e-02;4.778764e-02
2.951642e-02;2.591412e-01;3.281030e-01;2.166694e-02;2.876704e-02;5.610299e-02;3.597960e-02;5.858052e-02;4.687594e-02;8.939310e-02;9.334241e-03;3.653904e-02
3.805804e-02;1.701664e-01;3.952545e-01;3.143739e-02;5.323089e-02;4.193999e-02;4.775205e-02;6.228771e-02;1.482296e-02;1.078275e-01;1.231777e-02;2.490476e-02
5.438871e-02;1.604283e-01;4.101455e-01;4.516495e-02;4.848150e-02;5.150099e-02;4.039255e-02;5.335133e-02;1.546793e-02;8.660780e-02;1.993766e-02;1.413286e-02
6.424112e-02;1.547373e-01;4.127889e-01;7.551374e-02;3.671218e-02;5.545375e-02;2.599778e-02;4.926711e-02;2.617602e-02;4.702986e-02;3.530198e-02;1.678029e-02
4.321386e-02;1.395508e-01;3.616262e-01;1.090100e-01;2.575219e-02;7.443520e-02;2.119380e-02;5.616691e-02;4.578447e-02;3.506840e-02;5.902866e-02;2.916961e-02
5.885080e-02;1.647716e-01;1.812189e-01;1.337658e-01;3.011580e-02;1.353646e-01;3.869765e-02;3.806166e-02;5.216654e-02;4.774945e-02;6.657602e-02;5.266126e-02
6.536741e-02;1.461399e-01;1.424463e-01;1.288271e-01;9.366217e-02;1.715071e-01;3.209919e-02;2.905840e-02;4.509631e-02;4.131764e-02;4.266863e-02;6.180988e-02
5.186252e-02;1.126550e-01;1.897683e-01;9.360547e-02;1.153540e-01;2.218193e-01;3.051630e-02;4.271839e-02;4.127202e-02;3.178507e-02;2.998597e-02;3.865761e-02
4.796928e-02;1.073227e-01;1.795174e-01;6.463509e-02;8.627008e-02;2.994629e-01;3.514614e-02;4.678989e-02;4.136851e-02;2.943182e-02;3.652649e-02;2.555960e-02
