9.478762e-02;7.399864e-02;8.137050e-02;5.249733e-02;9.160977e-02;1.136766e-01;8.751938e-02;9.927765e-02;6.287292e-02;1.258372e-01;4.939764e-02;6.715471e-02
1.028669e-01;6.493864e-02;1.154416e-01;6.025017e-02;6.783290e-02;1.060443e-01;4.696307e-02;1.198810e-01;5.457770e-02;1.179979e-01;7.665107e-02;6.655475e-02
1.048662e-01;8.297563e-02;1.375913e-01;5.549503e-02;4.582652e-02;5.050230e-02;7.731816e-02;1.043866e-01;1.138872e-01;1.158470e-01;5.695675e-02;5.434730e-02
1.031712e-01;7.557256e-02;1.395148e-01;7.267249e-02;4.192936e-02;2.646592e-02;8.699307e-02;6.777740e-02;1.332683e-01;1.187051e-01;5.889845e-02;7.503133e-02
8.082851e-02;8.615572e-02;1.150285e-01;8.585045e-02;5.620074e-02;4.084040e-02;7.004294e-02;4.108710e-02;1.487456e-01;1.231317e-01;7.312276e-02;7.896561e-02
8.435760e-02;6.438885e-02;9.523796e-02;8.993927e-02;6.831902e-02;5.025728e-02;9.567204e-02;5.325524e-02;1.103447e-01;1.334077e-01;8.155655e-02;7.326377e-02
9.837013e-02;8.268256e-02;1.324511e-01;6.831536e-02;7.431473e-02;4.701205e-02;1.074424e-01;5.472638e-02;1.029999e-01;1.113990e-01;6.283794e-02;5.744846e-02
6.620898e-02;9.798549e-02;1.513964e-01;4.611760e-02;6.151806e-02;5.281033e-02;8.811566e-02;8.544306e-02;1.601033e-01;9.640113e-02;3.643055e-02;5.746943e-02
9.113322e-02;9.728422e-02;1.238329e-01;5.274258e-02;4.230715e-02;5.797631e-02;7.287304e-02;1.080216e-01;1.410441e-01;1.275362e-01;3.666638e-02;4.858230e-02
9.969567e-02;1.030467e-01;1.059441e-01;7.315924e-02;4.546348e-02;7.889735e-02;6.761993e-02;8.920225e-02;1.180028e-01;1.253658e-01;3.994630e-02;5.365635e-02
8.126163e-02;7.212186e-02;1.184371e-01;9.553163e-02;3.805478e-02;6.988747e-02;6.791806e-02;7.529417e-02;1.088976e-01;1.157916e-01;8.160920e-02;7.519488e-02
6.421782e-02;6.807035e-02;1.236284e-01;9.080725e-02;5.938738e-02;4.353146e-02;1.127283e-01;6.942675e-02;1.336084e-01;8.992084e-02;8.112954e-02;6.354347e-02
6.251873e-02;8.548149e-02;9.672983e-02;8.455623e-02;7.493667e-02;4.202808e-02;1.436518e-01;6.602638e-02;1.148699e-01;7.748441e-02;6.107931e-02;9.063720e-02
8.164822e-02;9.555174e-02;1.069254e-01;1.041194e-01;6.348970e-02;5.682031e-02;1.655796e-01;6.974713e-02;6.216942e-02;4.527164e-02;5.523717e-02;9.344029e-02
3.371594e-02;7.311382e-02;1.604816e-01;9.538685e-02;7.780656e-02;3.164709e-02;8.966709e-02;8.683766e-02;1.392144e-01;8.222309e-02;5.851106e-02;7.139487e-02
5.350398e-02;7.948682e-02;1.477949e-01;8.840518e-02;8.025296e-02;4.818861e-02;8.105051e-02;9.984010e-02;1.191415e-01;5.837547e-02;7.875449e-02;6.520553e-02
5.611886e-02;8.027548e-02;1.016897e-01;9.112889e-02;7.799010e-02;6.225680e-02;1.369765e-01;1.320383e-01;7.284382e-02;4.848470e-02;8.581261e-02;5.438427e-02
4.813989e-02;5.609002e-02;1.810271e-01;6.678502e-02;4.986700e-02;5.058604e-02;1.977241e-01;1.131923e-01;7.339311e-02;9.233460e-02;5.087362e-02;1.998722e-02
3.203730e-02;3.974893e-02;2.424389e-01;3.447393e-02;4.231630e-02;5.325392e-02;2.271614e-01;5.022841e-02;8.821367e-02;1.400411e-01;1.606734e-02;3.401890e-02
2.206768e-02;3.573040e-02;2.830142e-01;2.471249e-02;4.728594e-02;5.495225e-02;2.427842e-01;2.643850e-02;4.054133e-02;1.807680e-01;2.733714e-02;1.436785e-02
2.409779e-02;5.351312e-02;2.354780e-01;2.054938e-02;3.670373e-02;6.600045e-02;1.900428e-01;4.181535e-02;1.092204e-01;1.625023e-01;3.180900e-02;2.826763e-02
2.048564e-02;6.876747e-02;1.859866e-01;2.375772e-02;3.138899e-02;1.055676e-01;1.144235e-01;4.853611e-02;1.780186e-01;1.314254e-01;2.757798e-02;6.406435e-02
2.243012e-02;8.512343e-02;1.569317e-01;3.773728e-02;2.466365e-02;1.366554e-01;6.458053e-02;4.129189e-02;2.332225e-01;7.716998e-02;2.160420e-02;9.858930e-02
2.201528e-02;9.294044e-02;1.410560e-01;5.193188e-02;2.331791e-02;1.645702e-01;5.915787e-02;2.998298e-02;2.422680e-01;3.507029e-02;2.078990e-02;1.168993e-01
2.532945e-02;9.896854e-02;1.334191e-01;7.313025e-02;2.927888e-02;1.653282e-01;7.637923e-02;2.798996e-02;2.077558e-01;3.293381e-02;1.749686e-02;1.119900e-01
5.047243e-02;1.397057e-01;1.081430e-01;8.966243e-02;3.846335e-02;1.471183e-01;8.052302e-02;2.970112e-02;1.620213e-01;3.017020e-02;1.685230e-02;1.071668e-01
8.870298e-02;2.085190e-01;9.403390e-02;8.825479e-02;3.529117e-02;1.226912e-01;5.110495e-02;2.261446e-02;1.440840e-01;2.652689e-02;7.739441e-03;1.104372e-01
1.028867e-01;2.500075e-01;1.255556e-01;7.261132e-02;2.018264e-02;8.841997e-02;2.534554e-02;1.764551e-02;1.435443e-01;1.594391e-02;3.331603e-02;1.045408e-01
1.331130e-01;2.584552e-01;1.249585e-01;6.051952e-02;2.280015e-02;5.984791e-02;3.856184e-02;1.186385e-02;1.296050e-01;2.080709e-02;6.054721e-02;7.892076e-02
1.686908e-01;2.654476e-01;9.983095e-02;4.980383e-02;2.424193e-02;4.140055e-02;3.120911e-02;2.330699e-02;1.086367e-01;2.533999e-02;9.876295e-02;6.332859e-02
1.711254e-01;2.648594e-01;1.095365e-01;4.728317e-02;2.270616e-02;3.303992e-02;3.324387e-02;2.394913e-02;9.760172e-02;1.865344e-02;1.092724e-01;6.872889e-02
1.548142e-01;2.674780e-01;1.186436e-01;4.637061e-02;2.353567e-02;3.264155e-02;3.142788e-02;2.087856e-02;1.028497e-01;1.648640e-02;1.018562e-01;8.301760e-02
1.661458e-01;2.764404e-01;1.118539e-01;3.785596e-02;2.561099e-02;2.888472e-02;3.862409e-02;1.803388e-02;1.113418e-01;1.353028e-02;1.076038e-01;6.407443e-02
1.645197e-01;2.958792e-01;1.048646e-01;2.895896e-02;2.525482e-02;3.307512e-02;2.828466e-02;2.048426e-02;1.200458e-01;1.487610e-02;1.115292e-01;5.222753e-02
1.562767e-01;2.873658e-01;1.128284e-01;3.311952e-02;2.661841e-02;3.608137e-02;2.455699e-02;2.792164e-02;1.186058e-01;1.701080e-02;1.054358e-01;5.417893e-02
1.463244e-01;2.817276e-01;1.090702e-01;4.621268e-02;2.998711e-02;3.942250e-02;2.322285e-02;2.577109e-02;1.227552e-01;1.636277e-02;1.077606e-01;5.138300e-02
1.431878e-01;2.569349e-01;1.260007e-01;5.180138e-02;3.577552e-02;4.602413e-02;3.279993e-02;2.821709e-02;1.234108e-01;1.646394e-02;1.053532e-01;3.403061e-02
1.369690e-01;2.397794e-01;1.223348e-01;6.069274e-02;4.452858e-02;6.309099e-02;4.038190e-02;3.436645e-02;1.214513e-01;1.617088e-02;1.047527e-01;1.548130e-02
1.133121e-01;2.131221e-01;1.183370e-01;9.174137e-02;4.678055e-02;8.850004e-02;4.143437e-02;3.384617e-02;1.219129e-01;1.879389e-02;8.577929e-02;2.644021e-02
6.586868e-02;1.788788e-01;1.202854e-01;8.572678e-02;3.741911e-02;9.861235e-02;5.887057e-02;2.967099e-02;1.624918e-01;3.350837e-02;4.838495e-02;8.028220e-02
2.620824e-02;1.425666e-01;1.277097e-01;5.604031e-02;2.833399e-02;9.350542e-02;8.018392e-02;3.060989e-02;1.936730e-01;7.208866e-02;3.856384e-02;1.105165e-01
1.306739e-02;9.702349e-02;1.480317e-01;2.849129e-02;2.682699e-02;8.448546e-02;9.066773e-02;3.851475e-02;1.938960e-01;1.298046e-01;3.604056e-02;1.131500e-01
1.802331e-02;5.911401e-02;1.879962e-01;1.510570e-02;2.925982e-02;6.830293e-02;1.130437e-01;5.035257e-02;1.396382e-01;2.043367e-01;3.727629e-02;7.755057e-02
3.338690e-02;3.800995e-02;2.247433e-01;2.040907e-02;4.056902e-02;5.082919e-02;1.490908e-01;4.237137e-02;5.491331e-02;2.675474e-01;3.360297e-02;4.452674e-02
4.267211e-02;3.121004e-02;2.273076e-01;1.718693e-02;4.185328e-02;3.851770e-02;1.606911e-01;2.646070e-02;5.899359e-02;2.904553e-01;2.757863e-02;3.707306e-02
6.568361e-02;2.820223e-02;2.025652e-01;2.488054e-02;3.446560e-02;2.618833e-02;1.659732e-01;4.133265e-02;6.983784e-02;2.690043e-01;4.233520e-02;2.953135e-02
8.831693e-02;1.725403e-02;1.822949e-01;3.141900e-02;2.389549e-02;1.490534e-02;1.880320e-01;7.372840e-02;3.906690e-02;2.318839e-01;9.028582e-02;1.891719e-02
7.108648e-02;3.108352e-02;1.389581e-01;5.891151e-02;2.175063e-02;1.157935e-02;1.661816e-01;1.377203e-01;4.097930e-02;1.357440e-01;1.687976e-01;1.720770e-02
3.720770e-02;5.620693e-02;8.995933e-02;7.859883e-02;3.019228e-02;1.778227e-02;1.051824e-01;2.168703e-01;3.613830e-02;5.399789e-02;2.284159e-01;4.944783e-02
2.665965e-02;6.659422e-02;6.612092e-02;5.828502e-02;5.341283e-02;1.671502e-02;4.661412e-02;2.087033e-01;1.171629e-01;6.059172e-02;1.562640e-01;1.228762e-01
2.440063e-02;4.632987e-02;6.469067e-02;2.957139e-02;8.265242e-02;2.246113e-02;5.155609e-02;1.287467e-01;2.436212e-01;5.292003e-02;5.639327e-02;1.966567e-01
3.382981e-02;3.037523e-02;7.776447e-02;2.032445e-02;9.294298e-02;3.193655e-02;6.823121e-02;8.812784e-02;3.126988e-01;3.722404e-02;3.590368e-02;1.706411e-01
7.464583e-02;1.735457e-02;9.611904e-02;1.895463e-02;9.883461e-02;5.440266e-02;6.673857e-02;5.437143e-02;3.364466e-01;4.347955e-02;5.029161e-02;8.836094e-02
1.018387e-01;3.169857e-02;1.227647e-01;4.569459e-02;1.024989e-01;6.803171e-02;5.788720e-02;3.483410e-02;2.682869e-01;6.590147e-02;4.036167e-02;6.020154e-02
1.035059e-01;3.734273e-02;1.873678e-01;4.729551e-02;1.115788e-01;7.796404e-02;6.571325e-02;2.738821e-02;1.859756e-01;6.560805e-02;3.253699e-02;5.772325e-02
8.599275e-02;3.790795e-02;2.536392e-01;3.541883e-02;1.177775e-01;8.062273e-02;1.043535e-01;3.654643e-02;1.281517e-01;4.084885e-02;4.989878e-02;2.884170e-02
4.898027e-02;3.332792e-02;2.544606e-01;4.834668e-02;1.455506e-01;8.928189e-02;7.688173e-02;4.505837e-02;8.765488e-02;3.898393e-02;6.674354e-02;6.472958e-02
6.258708e-02;3.586981e-02;1.267887e-01;4.091574e-02;1.427845e-01;8.270650e-02;9.827347e-02;6.554898e-02;1.107202e-01;6.466921e-02;8.031572e-02;8.882002e-02
1.272831e-01;4.507954e-02;1.100649e-01;6.391773e-02;1.144839e-01;7.297847e-02;8.453207e-02;4.083337e-02;1.198438e-01;7.814699e-02;7.981257e-02;6.302358e-02
1.189230e-01;5.776007e-02;1.442803e-01;8.034384e-02;4.382114e-02;3.743244e-02;1.824712e-01;8.034055e-02;5.898347e-02;5.814147e-02;9.320208e-02;4.430047e-02
1.422373e-01;6.852110e-02;1.655524e-01;6.724712e-02;4.695605e-02;4.575954e-02;1.254168e-01;8.336920e-02;6.512986e-02;4.981871e-02;8.975159e-02;5.024039e-02
2.233866e-01;8.643589e-02;1.664786e-01;5.371049e-02;4.970166e-02;6.363666e-02;9.949870e-02;6.466466e-02;4.842575e-02;2.792162e-02;7.640824e-02;3.973114e-02
2.516930e-01;9.156544e-02;1.599929e-01;3.519607e-02;6.580217e-02;6.943522e-02;6.475519e-02;4.707629e-02;6.269322e-02;3.497752e-02;4.940267e-02;6.741044e-02
2.716736e-01;4.634271e-02;1.393527e-01;2.523256e-02;8.182681e-02;8.467568e-02;5.950668e-02;3.992727e-02;9.428596e-02;3.401344e-02;3.849589e-02;8.466668e-02
2.230819e-01;3.378541e-02;1.455687e-01;2.794767e-02;9.297053e-02;7.744453e-02;6.883877e-02;3.394117e-02;1.177991e-01;2.562051e-02;4.921692e-02;1.037848e-01
1.558377e-01;2.810701e-02;1.860023e-01;2.675180e-02;8.627773e-02;5.869408e-02;7.839354e-02;4.542105e-02;1.178453e-01;3.843354e-02;6.927453e-02;1.089614e-01
1.072596e-01;3.647336e-02;2.518688e-01;4.954545e-02;6.110472e-02;4.077665e-02;6.263981e-02;6.244561e-02;1.074823e-01;4.665210e-02;8.066404e-02;9.308752e-02
6.401662e-02;4.485681e-02;3.060423e-01;7.673785e-02;7.025106e-02;3.355807e-02;7.353210e-02;5.947129e-02;7.207377e-02;4.760309e-02;8.609298e-02;6.576406e-02
6.725796e-02;3.889030e-02;3.893557e-01;8.510933e-02;1.029058e-01;3.892982e-02;6.143516e-02;3.505879e-02;5.062045e-02;3.555727e-02;4.009345e-02;5.478600e-02
7.134343e-02;2.245882e-02;4.300817e-01;8.959095e-02;1.083255e-01;5.323347e-02;5.344215e-02;2.030583e-02;5.218798e-02;2.692520e-02;2.108456e-02;5.102037e-02
4.391596e-02;3.014389e-02;4.463760e-01;8.792589e-02;9.472091e-02;4.538888e-02;6.168766e-02;2.861743e-02;6.432327e-02;4.179507e-02;3.185795e-02;2.324708e-02
5.029064e-02;8.746587e-02;3.240495e-01;7.740862e-02;5.769943e-02;4.395312e-02;1.176295e-01;3.724943e-02;6.094143e-02;6.026370e-02;4.392156e-02;3.912713e-02
8.595755e-02;1.118973e-01;1.698528e-01;6.474345e-02;7.609180e-02;5.278413e-02;1.505973e-01;6.793679e-02;6.371067e-02;5.928824e-02;4.295308e-02;5.418687e-02
6.964330e-02;9.190082e-02;2.494234e-01;5.813099e-02;8.325934e-02;4.431633e-02;1.334997e-01;6.055657e-02;5.954223e-02;6.311073e-02;4.429403e-02;4.232250e-02
2.411517e-02;4.470230e-02;4.396136e-01;7.806921e-02;8.043044e-02;2.734306e-02;6.912685e-02;4.319464e-02;3.786782e-02;5.863271e-02;6.683907e-02;3.006518e-02
2.399236e-02;2.057160e-02;4.997616e-01;9.171492e-02;8.209530e-02;2.844187e-02;4.822691e-02;3.702396e-02;2.666568e-02;3.936675e-02;7.349338e-02;2.864562e-02
4.473655e-02;3.011573e-02;4.690988e-01;7.768951e-02;7.422013e-02;3.097180e-02;6.937494e-02;3.444534e-02;2.387270e-02;4.957981e-02;6.444693e-02;3.144779e-02
5.123525e-02;4.960551e-02;4.282840e-01;5.687982e-02;5.814658e-02;3.370379e-02;1.208025e-01;3.564887e-02;2.076978e-02;6.193195e-02;4.481774e-02;3.817431e-02
2.973028e-02;5.429066e-02;4.577343e-01;5.187083e-02;4.941341e-02;3.487128e-02;1.114494e-01;4.042975e-02;2.602690e-02;6.521823e-02;3.261745e-02;4.634755e-02
4.706896e-02;3.074420e-02;5.336078e-01;5.280618e-02;5.149865e-02;2.506861e-02;7.257828e-02;2.593961e-02;1.795407e-02;6.611346e-02;4.460328e-02;3.201686e-02
7.202917e-02;1.673729e-02;5.919840e-01;5.204257e-02;4.520936e-02;1.278856e-02;6.757820e-02;1.250023e-02;9.849929e-03;7.021706e-02;3.521505e-02;1.384864e-02
7.553977e-02;1.869125e-02;6.078677e-01;5.468156e-02;4.369198e-02;1.396942e-02;5.365475e-02;9.942945e-03;7.913805e-03;7.062800e-02;3.737166e-02;6.047223e-03
5.861988e-02;2.158205e-02;6.155298e-01;5.604864e-02;5.027550e-02;1.873152e-02;4.427041e-02;8.725399e-03;1.008466e-02;7.302184e-02;3.102970e-02;1.208058e-02
3.436752e-02;3.326600e-02;6.155906e-01;5.009737e-02;4.636709e-02;2.424130e-02;4.236875e-02;7.888644e-03;1.425715e-02;7.490053e-02;2.610833e-02;3.054674e-02
2.436230e-02;6.557342e-02;5.840243e-01;4.360909e-02;3.248939e-02;2.487310e-02;3.128060e-02;1.506618e-02;2.381894e-02;6.578910e-02;2.161352e-02;6.750017e-02
2.965609e-02;9.865119e-02;5.189536e-01;4.954386e-02;2.377131e-02;3.208561e-02;2.160913e-02;1.689298e-02;3.981249e-02;4.741516e-02;1.896391e-02;1.026447e-01
3.463088e-02;1.143465e-01;4.630395e-01;7.009909e-02;2.797853e-02;3.798342e-02;2.372883e-02;1.510030e-02;4.494362e-02;3.659520e-02;2.626092e-02;1.052932e-01
3.808076e-02;1.209144e-01;4.307321e-01;9.174293e-02;2.971794e-02;3.764409e-02;3.177749e-02;1.916977e-02;5.083132e-02;3.219863e-02;3.187776e-02;8.531281e-02
4.297731e-02;1.272443e-01;4.202233e-01;1.070983e-01;2.866288e-02;2.702232e-02;4.190433e-02;2.140880e-02;4.894413e-02;3.172240e-02;4.242529e-02;6.036664e-02
5.592581e-02;1.186197e-01;3.846719e-01;1.089766e-01;3.507947e-02;3.476723e-02;5.234322e-02;3.458520e-02;5.762365e-02;4.102501e-02;2.609280e-02;5.028949e-02
5.863292e-02;8.409053e-02;2.814138e-01;9.482639e-02;4.851497e-02;4.566966e-02;1.086048e-01;5.233907e-02;9.517051e-02;4.470276e-02;3.474204e-02;5.129262e-02
5.380867e-02;9.406313e-02;2.052935e-01;8.619583e-02;5.892259e-02;5.706007e-02;1.079976e-01;5.608728e-02;1.324199e-01;4.146985e-02;4.855774e-02;5.812396e-02
4.391126e-02;9.360493e-02;1.602226e-01;6.968541e-02;6.166340e-02;7.074431e-02;1.044159e-01;5.137112e-02;1.502255e-01;8.752531e-02;4.596350e-02;6.066680e-02
2.639766e-02;6.128835e-02;1.855280e-01;3.851519e-02;4.556387e-02;7.692265e-02;1.439120e-01;4.810286e-02;1.101674e-01;1.684927e-01;4.226924e-02;5.284004e-02
1.345555e-02;5.181187e-02;2.039610e-01;1.836772e-02;2.445002e-02;6.408457e-02;1.240964e-01;6.706538e-02;1.286011e-01;1.908491e-01;5.958461e-02;5.367275e-02
2.172082e-02;3.930625e-02;2.359482e-01;1.874705e-02;3.193428e-02;5.660230e-02;1.150736e-01;6.315696e-02;8.063058e-02;2.287862e-01;5.535552e-02;5.273815e-02
3.799022e-02;2.682719e-02;2.565779e-01;2.117549e-02;3.926961e-02;4.272501e-02;1.378898e-01;3.863470e-02;5.250307e-02;2.732252e-01;3.903390e-02;3.414787e-02
3.806491e-02;3.078125e-02;2.582944e-01;2.127237e-02;3.486412e-02;2.400541e-02;1.596262e-01;3.438459e-02;4.610815e-02;2.935608e-01;4.667208e-02;1.236568e-02
4.743977e-02;2.692391e-02;2.513947e-01;3.133778e-02;2.375961e-02;1.138204e-02;1.751245e-01;3.700919e-02;2.304496e-02;2.722063e-01;7.204171e-02;2.833545e-02
6.085331e-02;2.302701e-02;2.419557e-01;3.240142e-02;1.575519e-02;1.410553e-02;1.923616e-01;6.626862e-02;3.425072e-02;2.174991e-01;6.239653e-02;3.912527e-02
5.685239e-02;1.574175e-02;1.946523e-01;5.588397e-02;2.449028e-02;1.740064e-02;1.791303e-01;1.094595e-01;3.898171e-02;1.304957e-01;1.403603e-01;3.655116e-02
3.788180e-02;3.563559e-02;1.462896e-01;8.202110e-02;3.103823e-02;1.479162e-02;1.160299e-01;1.817935e-01;2.685401e-02;7.619291e-02;2.326568e-01;1.881490e-02
3.148988e-02;6.376673e-02;1.091473e-01;8.506950e-02;3.291792e-02;1.583111e-02;6.232705e-02;2.352441e-01;3.028985e-02;4.536556e-02;2.456090e-01;4.294208e-02
2.527996e-02;9.050404e-02;7.462016e-02;6.734521e-02;3.957590e-02;1.410554e-02;4.064904e-02;2.382302e-01;7.834441e-02;4.537269e-02;1.993517e-01;8.662120e-02
2.932999e-02;1.035634e-01;6.126412e-02;5.804463e-02;5.224860e-02;1.803649e-02;1.431203e-02;2.203813e-01;9.050111e-02;4.677490e-02;1.798031e-01;1.257403e-01
3.493392e-02;6.968900e-02;6.754063e-02;4.452905e-02;6.712554e-02;1.980590e-02;4.467033e-02;1.571442e-01;1.634756e-01;5.081836e-02;1.162384e-01;1.640290e-01
4.895815e-02;2.578004e-02;8.909784e-02;4.683420e-02;7.869387e-02;2.282630e-02;7.537056e-02;9.600282e-02;2.443706e-01;6.224051e-02;4.450212e-02;1.653230e-01
5.258553e-02;4.348812e-02;9.365644e-02;4.805492e-02;8.031268e-02;2.225592e-02;7.921224e-02;1.012373e-01;2.325936e-01;7.599315e-02;6.589015e-02;1.047199e-01
8.711661e-02;6.272464e-02;8.151212e-02;4.870789e-02;9.284204e-02;6.595875e-02;6.438881e-02;9.019084e-02;1.538168e-01;1.371546e-01;8.348049e-02;3.210641e-02
7.400393e-02;8.218959e-02;8.237055e-02;5.031040e-02;8.520957e-02;8.720049e-02;5.303766e-02;5.726932e-02;7.582125e-02;1.277202e-01;1.313789e-01;9.348819e-02
5.279706e-02;8.219158e-02;1.040115e-01;5.031652e-02;6.486010e-02;7.994574e-02;7.709205e-02;7.431816e-02;9.446309e-02;6.648999e-02;1.488459e-01;1.046683e-01
6.714512e-02;7.436247e-02;9.283617e-02;5.720916e-02;8.015528e-02;8.151799e-02;1.006408e-01;9.395409e-02;8.990074e-02;4.201384e-02;1.178128e-01;1.024515e-01
7.528564e-02;6.998486e-02;8.630841e-02;6.058224e-02;7.012734e-02;5.881196e-02;1.002202e-01;1.151562e-01;1.508605e-01;6.781284e-02;6.303820e-02;8.181170e-02
8.577444e-02;6.144265e-02;9.121829e-02;7.855946e-02;7.905694e-02;4.215611e-02;8.650902e-02;1.315979e-01;1.170870e-01;8.619996e-02;5.718008e-02;8.321823e-02
7.213282e-02;3.903932e-02;1.080325e-01;8.343165e-02;9.159102e-02;6.085790e-02;9.302264e-02;1.500868e-01;9.915712e-02;8.155680e-02;5.333145e-02;6.775989e-02
7.296350e-02;5.425322e-02;1.007551e-01;6.949627e-02;7.942321e-02;7.706247e-02;5.553159e-02;1.138994e-01;1.649512e-01;8.073433e-02;6.766968e-02;6.326004e-02
8.961307e-02;4.885462e-02;6.443740e-02;7.724464e-02;6.270887e-02;5.744883e-02;9.881560e-02;9.039643e-02;1.836908e-01;8.777728e-02;8.473103e-02;5.428135e-02
1.166293e-01;7.517488e-02;5.752600e-02;6.236120e-02;4.685323e-02;3.906047e-02;1.277559e-01;1.008705e-01;1.180280e-01;1.099212e-01;7.424370e-02;7.157562e-02
1.238733e-01;1.228516e-01;9.191027e-02;5.455619e-02;4.717770e-02;6.124742e-02;9.487148e-02;8.228906e-02;5.922530e-02;5.772939e-02;8.540265e-02;1.188657e-01
1.093042e-01;9.044506e-02;9.141507e-02;5.812336e-02;5.896382e-02;5.510675e-02;7.349392e-02;8.961781e-02;6.899578e-02;6.160848e-02;1.057405e-01;1.371852e-01
5.412301e-02;8.336707e-02;7.609450e-02;5.322317e-02;5.545375e-02;4.643888e-02;7.365230e-02;1.049668e-01;1.247146e-01;8.046010e-02;1.005537e-01;1.469521e-01
6.184673e-02;6.931473e-02;9.987094e-02;5.865279e-02;3.568635e-02;4.960384e-02;5.977486e-02;1.175590e-01;9.096339e-02;1.320048e-01;8.931933e-02;1.354033e-01
8.699308e-02;5.974514e-02;1.070160e-01;6.238287e-02;4.682568e-02;4.441598e-02;7.856584e-02;1.006287e-01;7.597080e-02;1.581406e-01;8.664834e-02;9.266691e-02
7.034701e-02;1.019610e-01;1.086347e-01;6.975462e-02;6.215477e-02;4.052462e-02;1.334646e-01;9.107386e-02;7.181284e-02;1.290462e-01;7.813766e-02;4.308805e-02
4.888684e-02;6.820057e-02;1.808096e-01;8.919211e-02;7.829868e-02;3.939607e-02;9.037653e-02;7.444785e-02;1.240550e-01;1.048215e-01;6.403089e-02;3.748438e-02
6.487580e-02;6.429962e-02;2.004863e-01;7.807641e-02;6.477658e-02;4.591660e-02;9.643862e-02;6.710485e-02;8.923435e-02;1.084844e-01;7.464993e-02;4.565644e-02
7.865974e-02;8.204588e-02;2.203595e-01;7.354330e-02;5.997851e-02;5.411044e-02;1.101296e-01;6.651087e-02;3.116590e-02;1.112605e-01;6.505236e-02;4.718340e-02
8.049375e-02;9.231174e-02;2.020195e-01;4.769833e-02;5.692850e-02;6.078688e-02;1.025435e-01;5.439505e-02;1.098737e-01;1.013772e-01;4.593373e-02;4.563808e-02
5.949445e-02;8.191255e-02;1.022524e-01;3.780017e-02;7.272906e-02;5.351079e-02;7.583479e-02;8.003706e-02;2.110249e-01;6.171602e-02;6.581485e-02;9.787293e-02
4.081279e-02;6.528597e-02;5.268139e-02;6.312215e-02;7.382676e-02;3.005361e-02;5.715870e-02;1.119748e-01;2.555620e-01;6.540024e-02;4.221440e-02;1.419072e-01
2.834216e-02;6.074302e-02;8.840759e-02;4.660395e-02;4.610750e-02;3.080603e-02;5.088198e-02;1.358101e-01;2.050914e-01;7.520474e-02;1.133006e-01;1.187009e-01
3.491667e-02;7.072534e-02;1.303626e-01;4.714879e-02;3.249763e-02;4.181555e-02;6.493097e-02;1.735436e-01;8.662967e-02;4.696991e-02;1.868913e-01;8.356793e-02
4.553190e-02;5.527531e-02;1.787885e-01;5.090504e-02;5.394657e-02;4.650975e-02;1.146588e-01;1.379574e-01;5.316843e-02;5.225954e-02;1.305963e-01;8.040254e-02
3.725448e-02;2.300016e-02;1.922959e-01;3.205794e-02;8.200783e-02;5.011115e-02;1.581053e-01;1.204452e-01;6.852027e-02;9.301139e-02;8.375736e-02;5.943301e-02
5.462803e-02;5.175065e-02;1.112392e-01;5.039008e-02;7.784323e-02;6.575112e-02;1.287708e-01;8.788873e-02;9.766750e-02;8.924803e-02;1.166468e-01;6.817584e-02
8.476103e-02;6.008190e-02;8.381939e-02;5.684608e-02;7.381822e-02;6.688296e-02;1.211667e-01;8.372076e-02;1.583427e-01;7.920171e-02;8.780263e-02;4.355596e-02
8.457175e-02;6.069049e-02;1.251013e-01;5.417964e-02;7.092530e-02;7.497647e-02;1.037926e-01;8.441703e-02;1.229116e-01;7.815707e-02;6.575681e-02;7.451998e-02
6.532115e-02;6.036361e-02;1.405462e-01;4.819531e-02;3.714284e-02;7.538756e-02;7.737593e-02;1.005963e-01;1.277637e-01;9.843338e-02;1.150964e-01;5.377768e-02
8.095665e-02;6.110807e-02;1.770365e-01;4.452191e-02;3.432436e-02;8.665814e-02;9.750007e-02;1.013514e-01;1.114848e-01;7.159810e-02;9.523118e-02;3.822890e-02
8.911471e-02;9.639486e-02;1.951394e-01;4.451941e-02;6.390944e-02;6.211927e-02;9.265225e-02;1.191992e-01;1.146874e-01;5.408463e-02;2.104417e-02;4.713524e-02
1.168728e-01;1.026649e-01;1.418258e-01;4.412939e-02;7.442845e-02;3.709695e-02;1.012504e-01;9.586849e-02;1.082664e-01;8.289010e-02;6.666345e-02;2.804299e-02
1.579835e-01;9.480233e-02;1.411683e-01;4.989587e-02;8.489837e-02;4.621907e-02;7.336874e-02;7.063747e-02;6.621749e-02;9.574283e-02;9.631743e-02;2.274859e-02
1.376768e-01;9.991055e-02;1.420658e-01;4.251060e-02;4.621064e-02;3.866324e-02;6.992896e-02;1.073557e-01;1.030153e-01;8.216263e-02;9.125102e-02;3.924870e-02
1.163659e-01;1.181617e-01;1.529802e-01;4.013582e-02;4.758617e-02;3.234885e-02;1.328214e-01;9.462231e-02;7.820170e-02;5.709495e-02;7.746746e-02;5.221353e-02
8.247499e-02;9.679518e-02;1.469644e-01;3.572425e-02;5.964069e-02;4.047780e-02;1.364136e-01;8.138151e-02;7.142737e-02;1.010935e-01;6.997294e-02;7.763375e-02
8.102437e-02;8.676889e-02;1.767413e-01;6.429659e-02;5.516899e-02;4.419010e-02;1.035803e-01;7.921810e-02;6.620867e-02;1.047532e-01;6.171119e-02;7.633836e-02
8.089289e-02;1.265204e-01;1.643928e-01;9.932435e-02;6.166238e-02;5.563565e-02;6.659584e-02;8.725344e-02;8.044053e-02;5.026877e-02;7.699428e-02;5.001874e-02
8.280668e-02;1.645896e-01;1.233851e-01;9.990371e-02;6.365959e-02;6.324883e-02;8.765524e-02;9.772839e-02;5.174393e-02;5.287860e-02;6.049195e-02;5.190837e-02
1.108234e-01;1.564348e-01;6.455313e-02;9.247126e-02;7.965461e-02;7.027534e-02;1.369888e-01;8.954170e-02;6.172045e-02;6.160276e-02;2.028337e-02;5.565034e-02
1.239724e-01;1.045664e-01;1.000519e-01;7.594825e-02;6.409861e-02;6.578014e-02;1.294578e-01;7.323080e-02;9.284867e-02;6.056947e-02;4.021542e-02;6.926019e-02
9.334835e-02;1.185937e-01;1.028286e-01;5.493506e-02;7.300845e-02;5.986462e-02;1.117032e-01;7.655904e-02;1.072894e-01;7.106043e-02;3.543511e-02;9.537406e-02
6.356018e-02;1.273664e-01;9.541956e-02;3.689560e-02;9.114642e-02;7.211152e-02;1.087364e-01;6.768334e-02;1.163498e-01;9.318915e-02;4.217831e-02;8.536325e-02
9.755397e-02;1.360529e-01;1.093223e-01;5.586726e-02;6.165344e-02;8.064698e-02;1.085312e-01;6.762094e-02;8.850002e-02;8.649579e-02;3.014400e-02;7.761126e-02
9.147830e-02;9.389708e-02;1.025300e-01;6.508049e-02;5.396442e-02;8.607513e-02;1.383909e-01;6.829718e-02;1.137386e-01;7.513761e-02;4.937819e-02;6.203209e-02
9.564842e-02;6.784519e-02;9.921099e-02;8.243399e-02;7.578370e-02;7.619397e-02;1.083971e-01;4.717051e-02;1.355255e-01;7.789535e-02;8.629479e-02;4.760056e-02
1.426319e-01;7.695249e-02;1.828941e-01;6.572427e-02;5.421441e-02;6.770083e-02;1.016337e-01;4.944031e-02;6.590665e-02;6.766511e-02;8.133780e-02;4.389843e-02
1.014227e-01;8.179385e-02;9.043777e-02;6.794801e-02;5.891400e-02;4.887037e-02;1.480975e-01;9.008089e-02;1.027455e-01;8.330214e-02;6.483489e-02;6.155233e-02
1.189012e-01;8.593001e-02;9.104887e-02;8.058417e-02;5.328057e-02;7.190937e-02;1.680779e-01;4.647921e-02;1.056709e-01;1.057951e-01;5.658661e-02;1.573609e-02
1.054842e-01;7.799111e-02;1.070512e-01;7.787718e-02;5.505531e-02;8.372903e-02;1.850256e-01;2.594288e-02;8.664323e-02;1.124221e-01;4.131083e-02;4.146730e-02
7.684328e-02;6.942897e-02;1.346186e-01;6.128255e-02;5.520731e-02;9.223099e-02;1.714492e-01;6.349617e-02;8.650213e-02;1.005279e-01;1.583204e-02;7.258083e-02
6.117596e-02;7.570252e-02;1.201682e-01;3.894485e-02;4.987250e-02;1.194970e-01;9.599477e-02;7.821107e-02;1.914269e-01;5.837993e-02;2.205620e-02;8.857013e-02
4.419497e-02;8.409263e-02;8.647968e-02;6.578833e-02;3.487969e-02;1.655351e-01;3.761232e-02;5.468986e-02;2.765955e-01;4.531524e-02;1.388740e-02;9.092933e-02
2.975503e-02;7.317510e-02;1.542656e-01;4.528749e-02;3.558521e-02;1.538755e-01;8.901514e-02;3.275121e-02;1.918492e-01;1.051433e-01;2.015993e-02;6.913728e-02
1.492748e-02;4.813631e-02;2.110105e-01;2.252720e-02;3.428445e-02;1.077014e-01;1.562804e-01;3.372840e-02;9.759275e-02;1.786465e-01;4.080966e-02;5.435495e-02
2.364497e-02;3.680142e-02;2.220757e-01;4.294223e-02;2.852881e-02;5.262589e-02;1.872333e-01;5.160885e-02;4.104643e-02;1.888274e-01;7.537819e-02;4.928685e-02
3.193326e-02;3.069000e-02;1.853968e-01;6.034395e-02;2.045549e-02;2.818093e-02;1.643571e-01;1.180970e-01;3.163422e-02;1.466983e-01;1.433505e-01;3.886248e-02
2.294155e-02;4.933006e-02;1.169342e-01;8.614688e-02;2.573131e-02;2.346097e-02;1.061144e-01;2.107641e-01;2.470913e-02;6.478184e-02;2.334360e-01;3.564954e-02
1.253476e-02;8.427849e-02;7.269101e-02;7.692461e-02;3.904390e-02;1.684891e-02;4.563170e-02;2.382877e-01;7.728646e-02;3.933069e-02;2.143232e-01;8.281862e-02
1.986941e-02;9.005367e-02;5.396171e-02;5.161097e-02;5.971366e-02;2.003437e-02;3.731884e-02;1.994242e-01;1.339744e-01;3.237393e-02;1.372970e-01;1.643678e-01
2.454317e-02;6.472182e-02;6.519334e-02;3.283547e-02;8.149827e-02;2.236156e-02;3.819165e-02;1.381195e-01;2.146830e-01;2.174664e-02;7.348567e-02;2.226200e-01
3.290802e-02;4.729079e-02;8.550420e-02;2.882805e-02;8.506711e-02;2.428360e-02;3.917460e-02;1.169282e-01;2.553896e-01;2.406581e-02;6.370282e-02;1.968572e-01
4.291867e-02;5.052845e-02;1.014120e-01;2.095581e-02;8.573632e-02;2.238232e-02;5.907318e-02;1.083801e-01;2.613279e-01;2.739078e-02;8.718974e-02;1.327047e-01
4.439178e-02;4.962495e-02;1.509877e-01;3.226568e-02;8.672025e-02;2.894382e-02;7.609844e-02;8.097130e-02;2.377498e-01;3.627518e-02;1.021510e-01;7.382004e-02
1.783084e-02;4.178121e-02;1.966242e-01;5.391372e-02;6.932709e-02;5.061270e-02;1.190026e-01;1.031988e-01;1.293046e-01;3.497039e-02;7.282237e-02;1.106115e-01
1.855526e-02;5.325588e-02;1.728592e-01;5.248887e-02;1.013964e-01;5.248764e-02;1.307251e-01;7.002265e-02;8.708317e-02;4.539773e-02;1.148795e-01;1.008486e-01
2.840529e-02;4.904368e-02;1.066741e-01;5.790908e-02;1.361846e-01;3.347173e-02;1.007539e-01;8.241628e-02;1.196794e-01;6.400402e-02;1.466957e-01;7.476215e-02
3.513549e-02;5.457911e-02;9.697010e-02;4.572033e-02;1.158820e-01;2.584233e-02;7.613046e-02;1.370784e-01;1.788640e-01;4.518835e-02;1.118632e-01;7.674617e-02
3.161057e-02;8.122795e-02;9.972388e-02;4.963092e-02;8.234411e-02;3.305716e-02;5.218060e-02;1.653317e-01;1.740364e-01;4.300325e-02;8.885340e-02;9.900003e-02
9.048177e-02;6.525441e-02;9.000718e-02;5.693015e-02;5.518778e-02;2.908547e-02;9.893081e-02;1.337274e-01;1.495833e-01;7.707456e-02;5.628685e-02;9.745034e-02
1.042825e-01;7.472868e-02;9.954621e-02;6.020412e-02;4.844514e-02;3.784785e-02;9.623860e-02;8.203037e-02;1.242107e-01;1.081017e-01;8.593759e-02;7.842656e-02
1.008317e-01;8.016265e-02;1.047824e-01;6.623210e-02;4.824472e-02;4.437974e-02;8.511717e-02;7.491928e-02;1.208590e-01;1.285396e-01;8.165999e-02;6.427165e-02
8.139751e-02;8.608124e-02;1.447479e-01;6.758770e-02;7.319606e-02;5.614541e-02;5.806145e-02;7.012276e-02;7.571755e-02;1.665421e-01;8.084318e-02;3.955716e-02
7.086692e-02;4.716614e-02;2.117196e-01;7.371475e-02;6.283067e-02;4.078531e-02;1.057659e-01;4.353344e-02;7.062657e-02;1.092763e-01;1.053505e-01;5.836396e-02
7.797863e-02;6.024456e-02;2.222558e-01;7.901694e-02;5.040685e-02;3.795867e-02;9.939556e-02;7.127491e-02;5.867554e-02;8.495314e-02;1.081707e-01;4.966870e-02
4.028488e-02;8.005691e-02;2.590681e-01;9.150957e-02;4.876072e-02;3.882829e-02;7.427377e-02;1.104937e-01;3.382907e-02;6.915760e-02;1.172384e-01;3.649898e-02
6.943463e-02;7.738218e-02;2.388472e-01;8.219416e-02;4.464971e-02;3.823332e-02;1.046200e-01;1.144997e-01;2.759150e-02;5.869143e-02;9.384865e-02;5.000761e-02
6.246256e-02;4.841132e-02;2.887604e-01;5.291800e-02;5.029906e-02;4.439681e-02;1.515304e-01;6.353174e-02;4.887645e-02;8.572988e-02;5.230909e-02;5.077428e-02
3.645170e-02;5.159751e-02;4.205123e-01;3.516401e-02;5.483439e-02;3.818882e-02;1.118609e-01;3.180917e-02;6.142860e-02;7.630189e-02;3.914930e-02;4.270139e-02
3.619741e-02;6.581720e-02;5.172495e-01;3.899858e-02;4.299993e-02;3.465254e-02;7.826263e-02;4.475759e-02;4.497975e-02;3.492513e-02;3.420682e-02;2.695295e-02
5.016639e-02;6.326530e-02;5.084155e-01;4.327387e-02;3.922366e-02;3.823895e-02;6.836832e-02;6.024791e-02;5.099565e-02;2.697199e-02;3.222362e-02;1.860894e-02
6.529360e-02;6.759556e-02;5.090035e-01;2.701089e-02;4.541327e-02;2.865249e-02;5.956477e-02;5.981913e-02;3.863222e-02;3.212995e-02;4.852725e-02;1.835738e-02
3.687740e-02;6.673203e-02;5.104042e-01;4.363419e-02;5.355814e-02;2.677880e-02;6.195979e-02;4.701301e-02;2.921573e-02;5.394083e-02;4.632381e-02;2.356206e-02
5.395457e-02;7.857496e-02;2.871068e-01;3.951056e-02;5.025821e-02;4.009042e-02;1.123091e-01;6.928901e-02;7.157136e-02;7.878747e-02;6.345842e-02;5.508912e-02
9.288680e-02;9.353759e-02;1.163178e-01;3.590713e-02;4.997664e-02;3.895517e-02;1.836643e-01;9.121045e-02;8.126996e-02;8.482546e-02;7.072867e-02;6.072003e-02
1.062032e-01;7.511154e-02;1.320299e-01;3.230255e-02;7.513714e-02;4.046879e-02;2.322607e-01;7.263826e-02;4.022605e-02;7.388479e-02;6.619225e-02;5.354484e-02
8.413706e-02;5.728804e-02;2.335412e-01;5.478427e-02;9.507062e-02;4.413551e-02;1.860441e-01;4.589614e-02;2.952290e-02;6.043779e-02;6.504706e-02;4.409533e-02
4.478027e-02;4.493154e-02;3.633128e-01;7.560721e-02;9.125426e-02;3.383231e-02;8.736046e-02;4.621622e-02;2.451575e-02;6.939974e-02;7.640733e-02;4.238213e-02
4.352133e-02;4.791154e-02;4.164606e-01;5.814871e-02;7.400349e-02;2.877067e-02;7.329753e-02;3.153047e-02;3.075489e-02;8.909030e-02;7.468478e-02;3.182568e-02
6.207517e-02;6.095031e-02;3.641199e-01;4.790345e-02;6.749640e-02;3.323265e-02;9.100446e-02;2.145036e-02;4.616835e-02;1.090383e-01;6.728733e-02;2.927330e-02
7.496545e-02;8.178138e-02;2.459209e-01;4.905242e-02;7.519130e-02;4.263731e-02;1.472393e-01;4.118546e-02;4.672642e-02;1.019811e-01;5.533047e-02;3.798847e-02
5.986111e-02;6.057363e-02;2.813344e-01;5.005302e-02;8.959244e-02;4.151223e-02;1.474175e-01;4.515848e-02;6.410432e-02;5.901932e-02;7.327598e-02;2.809756e-02
3.027648e-02;5.592976e-02;3.158745e-01;7.017947e-02;9.845136e-02;4.910109e-02;1.152537e-01;4.584321e-02;7.844664e-02;6.285278e-02;4.379065e-02;3.400027e-02
3.976998e-02;4.346041e-02;2.776121e-01;4.987173e-02;7.872871e-02;7.128371e-02;1.526963e-01;4.985834e-02;6.698082e-02;8.432438e-02;4.816946e-02;3.724412e-02
6.915072e-02;5.097247e-02;2.256884e-01;6.008730e-02;6.726275e-02;6.492317e-02;1.299259e-01;7.490604e-02;6.167573e-02;7.933009e-02;4.786403e-02;6.821340e-02
7.389893e-02;4.977417e-02;1.552593e-01;6.489687e-02;7.901227e-02;6.515255e-02;1.082123e-01;1.124137e-01;6.873403e-02;8.205325e-02;5.203159e-02;8.856101e-02
1.436770e-01;8.118007e-02;1.145604e-01;6.235972e-02;6.068175e-02;5.216044e-02;5.703847e-02;9.141261e-02;1.079138e-01;8.758140e-02;6.092363e-02;8.051076e-02
1.399392e-01;9.663706e-02;1.341143e-01;6.635451e-02;3.920782e-02;4.001753e-02;7.303193e-02;8.864320e-02;1.081324e-01;7.108878e-02;6.253619e-02;8.029717e-02
1.429261e-01;1.004480e-01;1.443330e-01;6.506366e-02;3.300853e-02;4.501905e-02;7.932673e-02;8.262660e-02;8.820192e-02;7.057898e-02;7.146085e-02;7.700662e-02
1.557162e-01;1.057660e-01;1.574987e-01;5.947091e-02;3.252687e-02;5.793285e-02;6.016823e-02;6.156860e-02;6.367433e-02;7.623296e-02;9.964289e-02;6.980149e-02
1.253575e-01;1.192148e-01;1.229150e-01;5.566640e-02;6.289724e-02;3.764141e-02;6.897009e-02;3.913783e-02;7.759839e-02;6.403536e-02;1.358052e-01;9.076084e-02
1.185365e-01;9.214467e-02;1.370375e-01;6.099387e-02;6.811368e-02;4.140293e-02;8.444914e-02;5.858273e-02;7.258365e-02;7.430813e-02;1.032976e-01;8.854955e-02
1.415305e-01;9.373695e-02;1.300199e-01;7.121649e-02;7.045624e-02;4.626196e-02;6.570103e-02;4.940348e-02;8.130695e-02;6.355964e-02;9.218089e-02;9.462605e-02
1.297984e-01;1.062117e-01;1.717820e-01;7.439692e-02;6.218202e-02;5.467295e-02;6.814484e-02;3.675503e-02;8.407641e-02;5.627400e-02;7.040113e-02;8.530454e-02
7.243913e-02;1.082238e-01;3.349833e-01;6.688665e-02;3.059132e-02;5.563802e-02;9.131151e-02;1.663173e-02;5.898716e-02;6.542394e-02;5.677528e-02;4.210811e-02
2.544909e-02;9.011311e-02;4.155671e-01;6.237250e-02;2.607945e-02;4.995176e-02;8.620615e-02;3.049375e-02;4.101414e-02;5.132313e-02;7.747197e-02;4.395783e-02
3.819138e-02;1.057387e-01;3.472995e-01;4.928701e-02;2.330286e-02;8.125478e-02;5.819543e-02;2.216654e-02;7.011059e-02;3.203988e-02;1.089447e-01;6.346864e-02
4.867251e-02;1.252574e-01;2.484291e-01;4.199942e-02;3.122328e-02;1.287520e-01;4.851467e-02;1.809754e-02;8.476206e-02;2.366553e-02;1.249289e-01;7.569752e-02
6.569606e-02;1.223738e-01;2.685760e-01;3.829804e-02;3.391187e-02;1.361019e-01;3.048655e-02;2.082094e-02;8.403591e-02;3.471050e-02;7.799368e-02;8.699471e-02
7.066395e-02;1.351202e-01;2.798603e-01;3.332893e-02;3.173771e-02;1.233023e-01;5.558091e-02;1.893734e-02;7.109077e-02;4.596583e-02;4.084327e-02;9.356851e-02
8.837035e-02;1.432191e-01;3.013472e-01;2.402923e-02;3.422031e-02;1.008261e-01;5.976245e-02;2.129863e-02;6.981355e-02;3.957853e-02;2.590982e-02;9.162471e-02
1.081451e-01;1.210527e-01;2.951131e-01;2.085377e-02;4.258642e-02;7.564946e-02;8.950290e-02;2.936067e-02;7.006329e-02;4.427523e-02;2.352024e-02;7.987723e-02
7.486513e-02;9.385005e-02;4.240055e-01;3.819462e-02;3.951987e-02;5.584788e-02;4.451986e-02;2.634867e-02;6.093546e-02;4.680448e-02;2.939020e-02;6.571829e-02
2.224230e-02;9.449399e-02;5.354732e-01;3.895283e-02;2.482635e-02;3.470170e-02;3.299205e-02;2.406249e-02;5.296987e-02;4.630469e-02;2.968952e-02;6.329106e-02
3.195163e-02;1.186340e-01;5.172975e-01;3.880582e-02;1.666499e-02;3.235671e-02;2.470178e-02;2.154933e-02;6.626444e-02;4.750137e-02;1.863861e-02;6.563375e-02
5.156112e-02;1.301914e-01;4.694606e-01;5.073962e-02;2.195845e-02;3.110518e-02;3.113433e-02;1.910444e-02;7.638073e-02;4.678872e-02;1.957596e-02;5.199945e-02
6.176408e-02;1.357695e-01;4.642402e-01;6.374058e-02;2.209903e-02;2.417813e-02;3.260068e-02;1.987772e-02;7.744247e-02;3.989697e-02;2.228837e-02;3.610226e-02
6.697076e-02;1.313825e-01;4.517634e-01;7.010059e-02;2.232741e-02;1.978864e-02;4.363603e-02;2.490335e-02;7.683270e-02;3.712757e-02;2.734749e-02;2.781958e-02
7.229223e-02;1.283830e-01;4.492714e-01;6.960174e-02;1.768003e-02;2.662343e-02;5.628468e-02;2.256802e-02;7.434869e-02;3.855504e-02;1.557825e-02;2.881343e-02
4.593237e-02;9.981958e-02;4.382392e-01;7.093983e-02;2.970359e-02;3.778353e-02;6.841610e-02;2.619224e-02;6.967387e-02;4.646743e-02;2.941688e-02;3.741537e-02
6.247056e-02;9.302207e-02;3.716777e-01;6.635513e-02;4.633270e-02;4.517027e-02;9.886423e-02;3.990721e-02;6.999572e-02;4.592320e-02;3.210056e-02;2.818066e-02
8.068274e-02;1.294027e-01;3.268835e-01;5.432539e-02;4.316583e-02;4.850201e-02;1.037932e-01;3.702775e-02;9.658568e-02;4.610590e-02;2.295423e-02;1.057103e-02
9.170011e-02;1.699130e-01;3.579471e-01;5.052160e-02;2.857105e-02;4.462360e-02;3.315213e-02;2.301739e-02;1.173507e-01;4.208286e-02;1.818824e-02;2.293219e-02
1.148665e-01;1.856824e-01;3.381759e-01;5.111039e-02;2.611791e-02;3.711928e-02;3.914985e-02;2.099722e-02;1.117260e-01;3.228193e-02;2.192922e-02;2.084347e-02
1.344261e-01;1.840412e-01;3.074149e-01;4.720028e-02;2.806206e-02;3.357418e-02;4.686479e-02;3.081719e-02;1.048230e-01;3.718888e-02;2.547928e-02;2.010808e-02
1.443663e-01;1.840205e-01;2.759492e-01;5.933936e-02;2.446368e-02;3.334623e-02;6.410024e-02;3.476585e-02;9.829345e-02;3.907292e-02;2.365358e-02;1.862868e-02
1.102572e-01;1.759732e-01;3.276491e-01;6.397624e-02;2.364711e-02;3.977421e-02;5.773370e-02;3.103716e-02;8.610699e-02;3.963408e-02;1.439480e-02;2.981619e-02
5.990108e-02;1.320190e-01;4.180570e-01;4.409915e-02;2.919210e-02;3.800363e-02;6.948361e-02;2.267835e-02;6.210582e-02;6.676725e-02;2.605622e-02;3.163679e-02
2.070083e-02;7.892430e-02;5.146846e-01;5.511561e-02;3.719109e-02;3.597348e-02;5.669227e-02;1.465190e-02;4.006306e-02;9.429020e-02;2.770751e-02;2.400516e-02
3.228340e-02;5.410538e-02;4.985692e-01;6.113452e-02;4.137849e-02;2.721449e-02;6.791649e-02;2.030950e-02;3.309532e-02;9.868158e-02;4.335098e-02;2.196066e-02
4.591905e-02;3.561478e-02;4.692609e-01;6.814142e-02;4.716002e-02;2.395227e-02;6.026984e-02;3.165974e-02;2.618916e-02;9.028745e-02;6.992005e-02;3.162526e-02
5.436086e-02;5.141291e-02;3.938843e-01;7.490207e-02;4.655034e-02;1.926258e-02;5.859582e-02;4.750517e-02;2.551903e-02;7.678814e-02;1.006610e-01;5.055781e-02
6.698285e-02;6.409603e-02;3.176975e-01;7.340720e-02;5.508100e-02;2.427695e-02;7.314347e-02;5.537498e-02;2.558778e-02;7.240897e-02;1.072906e-01;6.465267e-02
8.043516e-02;4.684488e-02;3.373895e-01;6.186585e-02;5.242292e-02;3.425158e-02;7.370701e-02;4.716735e-02;2.976955e-02;8.527126e-02;8.985326e-02;6.102161e-02
9.445412e-02;4.260757e-02;3.674551e-01;3.997630e-02;5.218026e-02;4.120643e-02;6.803204e-02;3.611191e-02;2.067648e-02;9.740613e-02;9.126851e-02;4.862517e-02
1.077990e-01;4.363473e-02;2.670177e-01;5.063942e-02;5.646597e-02;3.061461e-02;7.473937e-02;5.302620e-02;3.945575e-02;9.731045e-02;1.210114e-01;5.828539e-02
1.402007e-01;6.202976e-02;1.607130e-01;6.578833e-02;6.802153e-02;2.700377e-02;5.779582e-02;8.763023e-02;5.483026e-02;8.120786e-02;1.119994e-01;8.277929e-02
1.560999e-01;6.956476e-02;1.177961e-01;8.089191e-02;7.126534e-02;2.279813e-02;3.922701e-02;1.235444e-01;5.144216e-02;5.513544e-02;1.156822e-01;9.655256e-02
1.033080e-01;7.645719e-02;1.465492e-01;1.070797e-01;6.158412e-02;1.756398e-02;2.762406e-02;1.545541e-01;3.577723e-02;4.560507e-02;1.436830e-01;8.021434e-02
2.064151e-02;8.026630e-02;1.629683e-01;1.492512e-01;6.215158e-02;1.790316e-02;3.677427e-02;1.776458e-01;1.282520e-02;3.847147e-02;1.781561e-01;6.294505e-02
5.537104e-02;5.168356e-02;2.246797e-01;1.558148e-01;5.725501e-02;1.954634e-02;5.216918e-02;1.337098e-01;2.461975e-02;3.745853e-02;1.455463e-01;4.214585e-02
5.186829e-02;2.833118e-02;3.614202e-01;1.484229e-01;4.118840e-02;1.683524e-02;6.706078e-02;7.971562e-02;2.590618e-02;4.863643e-02;1.010493e-01;2.956546e-02
4.775033e-02;2.602957e-02;4.610550e-01;1.222552e-01;3.727681e-02;1.182885e-02;7.730406e-02;5.215979e-02;1.359712e-02;5.374702e-02;7.372697e-02;2.326934e-02
4.894626e-02;2.849842e-02;5.061176e-01;8.899477e-02;3.647535e-02;2.037555e-02;7.088614e-02;4.021464e-02;2.297359e-02;5.331132e-02;6.498401e-02;1.822225e-02
3.902332e-02;2.581540e-02;5.064985e-01;1.003264e-01;6.463522e-02;3.195275e-02;7.081369e-02;3.146994e-02;2.579430e-02;3.181580e-02;5.152948e-02;2.032511e-02
3.738946e-02;1.613221e-02;5.054631e-01;1.458106e-01;6.720576e-02;2.380802e-02;4.292568e-02;3.243890e-02;2.307426e-02;2.492320e-02;5.573961e-02;2.508912e-02
4.320149e-02;9.113590e-03;5.347094e-01;1.372103e-01;5.488828e-02;1.424993e-02;4.882820e-02;2.105196e-02;1.398294e-02;3.810536e-02;5.736635e-02;2.729220e-02
