2.153602e-02;9.106191e-02;1.577459e-01;5.014498e-02;6.177661e-02;1.321976e-01;4.529838e-02;2.200291e-01;1.338472e-01;3.692251e-02;3.078124e-02;1.865855e-02
2.109911e-02;1.340387e-01;1.723491e-01;3.906780e-02;7.016461e-02;1.055136e-01;6.024235e-02;1.956025e-01;1.199951e-01;2.392719e-02;4.265155e-02;1.534834e-02
2.204375e-02;1.964191e-01;1.653320e-01;3.333538e-02;5.789906e-02;1.179859e-01;8.135116e-02;1.632140e-01;7.974330e-02;2.135042e-02;4.971938e-02;1.160658e-02
2.177016e-02;2.617659e-01;1.594960e-01;2.671920e-02;4.151249e-02;1.237745e-01;9.133387e-02;1.527545e-01;3.636196e-02;1.476623e-02;5.725883e-02;1.248631e-02
3.741466e-02;2.639649e-01;1.448897e-01;2.042045e-02;3.587611e-02;1.355654e-01;7.870691e-02;1.571366e-01;3.246009e-02;2.057745e-02;6.115791e-02;1.182982e-02
3.272810e-02;2.110580e-01;1.254094e-01;1.671017e-02;3.848166e-02;1.833653e-01;7.195643e-02;1.539060e-01;3.597800e-02;3.631655e-02;6.999236e-02;2.409804e-02
5.603937e-02;8.928759e-02;1.349363e-01;2.082666e-02;3.728982e-02;2.446107e-01;5.709641e-02;1.404213e-01;3.904940e-02;5.591305e-02;8.669410e-02;3.783523e-02
6.415945e-02;1.695720e-01;1.112652e-01;2.824430e-02;1.841614e-02;2.023265e-01;5.496882e-02;1.363114e-01;4.559385e-02;4.318792e-02;9.519714e-02;3.075719e-02
3.945386e-02;2.175145e-01;9.323954e-02;3.104536e-02;2.326412e-02;1.403562e-01;6.545366e-02;1.800099e-01;5.734129e-02;1.830370e-02;9.739994e-02;3.661801e-02
2.896324e-02;2.158307e-01;1.148030e-01;4.410686e-02;2.748349e-02;1.234397e-01;5.186578e-02;2.308393e-01;4.910342e-02;2.294564e-02;6.804810e-02;2.257082e-02
3.866049e-02;2.828465e-01;1.336334e-01;2.128005e-02;3.269653e-02;1.674961e-01;4.361594e-02;1.619846e-01;6.066475e-02;2.783626e-02;2.176548e-02;7.519888e-03
7.016933e-02;2.920947e-01;8.788223e-02;2.763873e-02;5.365141e-02;1.955483e-01;4.913389e-02;1.094889e-01;4.083080e-02;2.960784e-02;3.088316e-02;1.307068e-02
4.337972e-02;1.351431e-01;1.092156e-01;8.427935e-02;1.079162e-01;1.691994e-01;7.292695e-02;1.039180e-01;4.291312e-02;3.800562e-02;5.765693e-02;3.544606e-02
4.528659e-02;7.430638e-02;1.046984e-01;7.582677e-02;1.203780e-01;2.435860e-01;7.486957e-02;7.488080e-02;4.726017e-02;4.402992e-02;7.099965e-02;2.387774e-02
4.616202e-02;6.839725e-02;1.027027e-01;5.605331e-02;9.146105e-02;2.591090e-01;1.227324e-01;7.145882e-02;4.351413e-02;4.304994e-02;6.129075e-02;3.406866e-02
4.096971e-02;8.265834e-02;9.885757e-02;4.571256e-02;6.451789e-02;1.914846e-01;1.739430e-01;1.168163e-01;5.773874e-02;4.574601e-02;4.671694e-02;3.483838e-02
3.545694e-02;8.139610e-02;1.007351e-01;3.133492e-02;5.658570e-02;1.626117e-01;2.131620e-01;1.424725e-01;4.801491e-02;4.807493e-02;4.630940e-02;3.384581e-02
2.976690e-02;4.750216e-02;8.140112e-02;6.685273e-02;2.736308e-02;1.409806e-01;3.268738e-01;1.352247e-01;3.029128e-02;3.996156e-02;2.950018e-02;4.428190e-02
1.622385e-02;2.568613e-02;3.616130e-02;1.161545e-01;1.775100e-02;4.796391e-02;4.890925e-01;1.321203e-01;2.330885e-02;4.252670e-02;1.057206e-02;4.243898e-02
1.401191e-02;3.191777e-02;1.362046e-02;1.445307e-01;1.704859e-02;2.545614e-02;5.411112e-01;1.173993e-01;1.140683e-02;3.834132e-02;8.604678e-03;3.655099e-02
4.372294e-03;3.187677e-02;1.227402e-02;1.628860e-01;1.108507e-02;2.332779e-02;5.370636e-01;1.110790e-01;1.196739e-02;3.570344e-02;9.947220e-03;4.841740e-02
6.395425e-03;2.554527e-02;1.349244e-02;1.648826e-01;1.386678e-02;3.890896e-02;5.354441e-01;7.533132e-02;8.416102e-03;3.289483e-02;2.127655e-02;6.354564e-02
1.007871e-02;2.025467e-02;1.283047e-02;1.714476e-01;1.544432e-02;4.008621e-02;5.480164e-01;5.830038e-02;7.645249e-03;2.796605e-02;1.858265e-02;6.934722e-02
9.206597e-03;1.714464e-02;1.144462e-02;1.673539e-01;1.062386e-02;2.822329e-02;5.345965e-01;1.037218e-01;8.684704e-03;2.439642e-02;1.756081e-02;6.704280e-02
2.112227e-02;1.848067e-02;1.528264e-02;1.560011e-01;1.285692e-02;6.475860e-02;4.889171e-01;1.197572e-01;1.105419e-02;1.943570e-02;1.004557e-02;6.228810e-02
3.558645e-02;2.164608e-02;1.257486e-02;1.359090e-01;2.285689e-02;4.609606e-02;4.526295e-01;1.420610e-01;1.614159e-02;2.010908e-02;8.025185e-03;8.636435e-02
4.080324e-02;2.095186e-02;2.283081e-02;9.541735e-02;1.641052e-02;8.194201e-02;4.313555e-01;1.208637e-01;2.444990e-02;2.063574e-02;5.551345e-03;1.187880e-01
3.018352e-02;2.589665e-02;2.090609e-02;6.523964e-02;3.068560e-02;1.086457e-01;4.100950e-01;1.006528e-01;3.473174e-02;2.424269e-02;2.229873e-02;1.264219e-01
1.026621e-02;3.001237e-02;3.588066e-02;8.925946e-02;2.855113e-02;7.981536e-02;3.617896e-01;8.417949e-02;5.734649e-02;3.482990e-02;4.979657e-02;1.382727e-01
1.802617e-02;2.784256e-02;3.661263e-02;1.015748e-01;1.671268e-02;9.026760e-02;3.668255e-01;8.613668e-02;5.631674e-02;2.829021e-02;2.963026e-02;1.417642e-01
1.737895e-02;2.723468e-02;3.652420e-02;8.213410e-02;2.196475e-02;8.153339e-02;4.288131e-01;6.782290e-02;4.559735e-02;3.524040e-02;1.362783e-02;1.421283e-01
9.772172e-03;2.278869e-02;3.604105e-02;8.514896e-02;2.285303e-02;6.660497e-02;4.122847e-01;7.831162e-02;6.024563e-02;5.521297e-02;1.991266e-02;1.308235e-01
1.243543e-02;2.200668e-02;3.761431e-02;1.407344e-01;2.683914e-02;4.090194e-02;3.885024e-01;9.627256e-02;5.893697e-02;5.697738e-02;8.830566e-03;1.099482e-01
2.370335e-02;1.865428e-02;3.141533e-02;1.874844e-01;2.381342e-02;5.680343e-02;3.463765e-01;7.770929e-02;4.833733e-02;6.557296e-02;1.688048e-02;1.032492e-01
2.705123e-02;2.511341e-02;2.517564e-02;1.685713e-01;2.258392e-02;6.652850e-02;3.418209e-01;1.106749e-01;4.667894e-02;5.414823e-02;2.601761e-02;8.563551e-02
1.996917e-02;4.039290e-02;2.990362e-02;1.521448e-01;1.708582e-02;9.734379e-02;3.806524e-01;9.542875e-02;3.918951e-02;3.363413e-02;3.618483e-02;5.807036e-02
1.870118e-02;5.103596e-02;3.694186e-02;1.729370e-01;2.112255e-02;1.071181e-01;3.711528e-01;7.754359e-02;3.980176e-02;2.848753e-02;3.454404e-02;4.061351e-02
2.886085e-02;5.933364e-02;4.423790e-02;2.424794e-01;2.415122e-02;1.178604e-01;2.591489e-01;8.330607e-02;4.992405e-02;2.714423e-02;3.067610e-02;3.287726e-02
2.856017e-02;6.037223e-02;4.053764e-02;2.128955e-01;2.826821e-02;9.868786e-02;3.030694e-01;9.633736e-02;5.931223e-02;2.101414e-02;2.438334e-02;2.656184e-02
2.686624e-02;5.503738e-02;7.377744e-02;1.701846e-01;3.842711e-02;4.884786e-02;3.613120e-01;6.626093e-02;7.011525e-02;2.727454e-02;3.126369e-02;3.063293e-02
2.166710e-02;3.928071e-02;8.414271e-02;1.583059e-01;2.581192e-02;8.549017e-02;3.193216e-01;6.765620e-02;6.850517e-02;2.637053e-02;5.543093e-02;4.801698e-02
2.373631e-02;6.537998e-02;7.407873e-02;1.289730e-01;2.022382e-02;1.197699e-01;2.273100e-01;8.950640e-02;6.162769e-02;6.376532e-02;5.885633e-02;6.677249e-02
2.811422e-02;1.071514e-01;4.755102e-02;9.837905e-02;8.262973e-02;1.256398e-01;1.647212e-01;8.859686e-02;5.043715e-02;1.059484e-01;4.866911e-02;5.216199e-02
1.337435e-02;1.123533e-01;2.618556e-02;7.976017e-02;1.379639e-01;1.085013e-01;1.570048e-01;9.340311e-02;5.782427e-02;1.502717e-01;2.768314e-02;3.567433e-02
2.817964e-02;8.846810e-02;1.387617e-02;7.300653e-02;1.738831e-01;9.340683e-02;1.512286e-01;8.307014e-02;7.641441e-02;1.834551e-01;9.902751e-03;2.510855e-02
4.634830e-02;6.519720e-02;1.584388e-02;9.315678e-02;1.860692e-01;7.061044e-02;1.434905e-01;5.399803e-02;1.041282e-01;1.894646e-01;9.900376e-03;2.179245e-02
4.905224e-02;5.027385e-02;1.481312e-02;1.320642e-01;1.836300e-01;5.373902e-02;1.556473e-01;5.330648e-02;1.312556e-01;1.563825e-01;5.069341e-03;1.476625e-02
7.937875e-02;3.480300e-02;2.166084e-02;1.732003e-01;1.489089e-01;5.026463e-02;1.515106e-01;8.477516e-02;1.407441e-01;8.753744e-02;1.240644e-02;1.480978e-02
1.459410e-01;1.366930e-02;2.316196e-02;1.819244e-01;1.158231e-01;4.070267e-02;1.524647e-01;7.916650e-02;1.490183e-01;7.206496e-02;1.466667e-02;1.139637e-02
2.038087e-01;1.945081e-02;3.078119e-02;1.797800e-01;7.697789e-02;3.198590e-02;1.450053e-01;7.201150e-02;1.662046e-01;4.770542e-02;1.145524e-02;1.483340e-02
2.019283e-01;3.815256e-02;3.913996e-02;1.583575e-01;6.119087e-02;4.212626e-02;1.031900e-01;1.302098e-01;1.705391e-01;2.735243e-02;9.587691e-03;1.822552e-02
1.455923e-01;4.354162e-02;5.721812e-02;1.313358e-01;7.473253e-02;6.499726e-02;8.643206e-02;1.593901e-01;1.461900e-01;5.020986e-02;1.411420e-02;2.624601e-02
6.989224e-02;6.839640e-02;9.477055e-02;9.009945e-02;8.159709e-02;1.399890e-01;9.060948e-02;1.632611e-01;1.060551e-01;3.081723e-02;2.004410e-02;4.446831e-02
5.742072e-02;8.175871e-02;9.498210e-02;5.990931e-02;6.142594e-02;1.442876e-01;1.215209e-01;1.752429e-01;1.107591e-01;2.806383e-02;1.233135e-02;5.229756e-02
8.390058e-02;5.770422e-02;5.562289e-02;6.235344e-02;3.054497e-02;1.132578e-01;1.754519e-01;1.411373e-01;1.145119e-01;8.798505e-02;1.840440e-02;5.912557e-02
8.506385e-02;3.639204e-02;3.297480e-02;7.281963e-02;3.463889e-02;8.096766e-02;1.752430e-01;8.892637e-02;1.225554e-01;1.656483e-01;5.344980e-02;5.132018e-02
8.653351e-02;4.182615e-02;3.241869e-02;7.200453e-02;3.736017e-02;4.484935e-02;1.844747e-01;1.465584e-01;1.309137e-01;1.226973e-01;4.781492e-02;5.254859e-02
4.339595e-02;5.496047e-02;3.443251e-02;1.016846e-01;5.401527e-02;7.954904e-02;1.810421e-01;1.782675e-01;1.045679e-01;5.919882e-02;3.096820e-02;7.791767e-02
2.426217e-02;5.225110e-02;2.744383e-02;1.253221e-01;6.990340e-02;9.925414e-02;1.968930e-01;1.565060e-01;7.110952e-02;6.826591e-02;2.425259e-02;8.453624e-02
3.432730e-02;4.537692e-02;2.559964e-02;9.893797e-02;7.466604e-02;9.686219e-02;2.233652e-01;1.220704e-01;7.327826e-02;1.150843e-01;3.471770e-02;5.571412e-02
3.689218e-02;6.463689e-02;6.670485e-02;1.063010e-01;7.796999e-02;9.862877e-02;2.173299e-01;7.904921e-02;6.354776e-02;1.118862e-01;1.780187e-02;5.925135e-02
2.455430e-02;7.380998e-02;1.334667e-01;9.937438e-02;7.911544e-02;1.180976e-01;2.204197e-01;4.998604e-02;4.523039e-02;4.855745e-02;3.620956e-02;7.117843e-02
2.477984e-02;4.889208e-02;1.767930e-01;8.600139e-02;6.845119e-02;1.367641e-01;2.444906e-01;3.432273e-02;3.322496e-02;2.139605e-02;5.375830e-02;7.112572e-02
1.525911e-02;2.046487e-02;2.228327e-01;9.843586e-02;6.470878e-02;1.531452e-01;2.293582e-01;2.570949e-02;2.961479e-02;1.046358e-02;7.730971e-02;5.269778e-02
7.108324e-03;1.364616e-02;2.800241e-01;6.003937e-02;5.350829e-02;1.780623e-01;2.012736e-01;2.748951e-02;2.762795e-02;1.110062e-02;9.370909e-02;4.641067e-02
9.524144e-03;1.703883e-02;2.874132e-01;2.927155e-02;3.471559e-02;2.206840e-01;1.854781e-01;4.176999e-02;2.605958e-02;1.075325e-02;1.005716e-01;3.672028e-02
8.912775e-03;1.523222e-02;2.354478e-01;2.017026e-02;3.085267e-02;2.564636e-01;2.113490e-01;3.516383e-02;3.032315e-02;9.763392e-03;1.013230e-01;4.499829e-02
6.140328e-03;9.125543e-03;1.792245e-01;1.195776e-02;3.582311e-02;2.765844e-01;2.435895e-01;4.480759e-02;3.771700e-02;1.135655e-02;9.778043e-02;4.589334e-02
4.680180e-03;1.037381e-02;1.500040e-01;4.442844e-02;3.394429e-02;2.681911e-01;2.381121e-01;3.254226e-02;4.871790e-02;1.084008e-02;1.061910e-01;5.197480e-02
5.931093e-03;9.162859e-03;1.208253e-01;1.156384e-01;3.557564e-02;2.441056e-01;2.473330e-01;2.821103e-02;5.036235e-02;9.479711e-03;9.223219e-02;4.114281e-02
3.861079e-03;9.744448e-03;1.001916e-01;1.537694e-01;3.910486e-02;2.392677e-01;2.492913e-01;3.054322e-02;5.484640e-02;4.600397e-03;8.102584e-02;3.375375e-02
6.665203e-03;8.461194e-03;1.001063e-01;1.119425e-01;4.661260e-02;2.841336e-01;2.349902e-01;2.634002e-02;6.909741e-02;5.610622e-03;8.623876e-02;1.980164e-02
9.365851e-03;1.416902e-02;1.056718e-01;3.853352e-02;4.982319e-02;3.312834e-01;2.071972e-01;3.525267e-02;7.999273e-02;1.412511e-02;8.417074e-02;3.041483e-02
1.213101e-02;2.092449e-02;1.088475e-01;1.851352e-02;4.538652e-02;3.196853e-01;2.187006e-01;4.531210e-02;8.629142e-02;2.577336e-02;7.189000e-02;2.654415e-02
1.326412e-02;3.453243e-02;1.066721e-01;2.766998e-02;4.111448e-02;2.736959e-01;2.058914e-01;5.575315e-02;1.248372e-01;4.321277e-02;6.288790e-02;1.046859e-02
2.030746e-02;3.784366e-02;9.942989e-02;6.678130e-02;4.499395e-02;2.377311e-01;1.208243e-01;4.642665e-02;1.844213e-01;6.902933e-02;4.816595e-02;2.404503e-02
2.841202e-02;2.387130e-02;9.520828e-02;1.029274e-01;4.251657e-02;2.666857e-01;1.069227e-01;6.469097e-02;1.322175e-01;6.561364e-02;4.491443e-02;2.601952e-02
2.375597e-02;4.121556e-02;7.379715e-02;9.404417e-02;5.844146e-02;2.099298e-01;1.423140e-01;1.283094e-01;9.059774e-02;6.095282e-02;4.326557e-02;3.337640e-02
3.037507e-02;4.887754e-02;4.332840e-02;8.223516e-02;1.460479e-01;1.220146e-01;1.460056e-01;1.356723e-01;9.172384e-02;1.041095e-01;1.279052e-02;3.681948e-02
3.502148e-02;4.083028e-02;4.359093e-02;8.031212e-02;1.866603e-01;2.048328e-01;1.043935e-01;8.296281e-02;8.367642e-02;9.789690e-02;1.937355e-02;2.044895e-02
4.820384e-02;2.386670e-02;3.746928e-02;1.228006e-01;1.673694e-01;1.922988e-01;1.660898e-01;5.157845e-02;9.738465e-02;7.369074e-02;1.056848e-02;8.679328e-03
6.248040e-02;1.239045e-02;3.743899e-02;1.790559e-01;1.037615e-01;1.043154e-01;2.646249e-01;6.532171e-02;1.177886e-01;3.610891e-02;1.161542e-02;5.098021e-03
6.190178e-02;7.679836e-03;4.940347e-02;2.106600e-01;6.747898e-02;9.802036e-02;2.540595e-01;7.828533e-02;1.356358e-01;1.604361e-02;1.169677e-02;9.134556e-03
4.968322e-02;1.035075e-02;7.907549e-02;2.214082e-01;4.633242e-02;1.204567e-01;2.095006e-01;7.837720e-02;1.465128e-01;2.483992e-02;7.834771e-03;5.628076e-03
3.479898e-02;1.716289e-02;8.646462e-02;1.822550e-01;4.768721e-02;1.657800e-01;1.878182e-01;9.326103e-02;1.351708e-01;2.752700e-02;8.608208e-03;1.346616e-02
2.799455e-02;1.747962e-02;7.072549e-02;1.103603e-01;6.876134e-02;2.409189e-01;1.624326e-01;1.334297e-01;1.089046e-01;2.739534e-02;1.187531e-02;1.972228e-02
2.216979e-02;1.704511e-02;5.406955e-02;5.989981e-02;5.757800e-02;2.663054e-01;2.110414e-01;1.506375e-01;1.011125e-01;2.786919e-02;1.618371e-02;1.608802e-02
9.595846e-03;1.120885e-02;6.419451e-02;5.851294e-02;5.133518e-02;2.527883e-01;2.584674e-01;1.363525e-01;9.692644e-02;3.220759e-02;2.234129e-02;6.069193e-03
1.645996e-02;8.114266e-03;7.682279e-02;6.672265e-02;4.823267e-02;2.277761e-01;2.522237e-01;1.403584e-01;8.440046e-02;4.279914e-02;2.457748e-02;1.151232e-02
2.396938e-02;2.011958e-02;7.472509e-02;8.729710e-02;5.826129e-02;2.790133e-01;1.714240e-01;1.208541e-01;7.736246e-02;5.020088e-02;1.390427e-02;2.286866e-02
1.552249e-02;1.393971e-02;8.384587e-02;1.164612e-01;4.430304e-02;2.946913e-01;2.008655e-01;8.349517e-02;7.877279e-02;3.672290e-02;1.411806e-02;1.726187e-02
8.824514e-03;1.680825e-02;8.383321e-02;1.375969e-01;6.974620e-02;2.721004e-01;1.805798e-01;7.088105e-02;5.427155e-02;3.801145e-02;3.485488e-02;3.249172e-02
1.409933e-02;1.368849e-02;9.108397e-02;1.304911e-01;1.132342e-01;2.676654e-01;1.081061e-01;7.748742e-02;4.062328e-02;6.418303e-02;4.908279e-02;3.025488e-02
3.903392e-02;1.647347e-02;1.115118e-01;1.603651e-01;1.138651e-01;1.972014e-01;1.117442e-01;5.922645e-02;6.789652e-02;7.038501e-02;2.863189e-02;2.366512e-02
5.078147e-02;3.501267e-02;9.482860e-02;1.525842e-01;1.178812e-01;1.261209e-01;1.621507e-01;8.368270e-02;5.491575e-02;6.791725e-02;3.478539e-02;1.933924e-02
4.568989e-02;6.484453e-02;8.287621e-02;9.138943e-02;8.344926e-02;1.010385e-01;2.083798e-01;9.650259e-02;7.391930e-02;6.679942e-02;6.072149e-02;2.438957e-02
3.457502e-02;5.810456e-02;8.714295e-02;6.699335e-02;5.117250e-02;2.625009e-01;1.760812e-01;6.626835e-02;6.181692e-02;3.475456e-02;6.873388e-02;3.185586e-02
2.014412e-02;5.387223e-02;7.621435e-02;5.149061e-02;9.678923e-02;3.928282e-01;1.248423e-01;3.012688e-02;4.335322e-02;2.749952e-02;6.018399e-02;2.265542e-02
8.787883e-03;6.943763e-02;5.040872e-02;4.179622e-02;1.187486e-01;5.065442e-01;6.307872e-02;2.932360e-02;2.748640e-02;3.374129e-02;3.807541e-02;1.257144e-02
6.170953e-03;1.065689e-01;3.096578e-02;3.395150e-02;1.603346e-01;4.659130e-01;5.447033e-02;4.020324e-02;2.006828e-02;5.212503e-02;1.977898e-02;9.449434e-03
5.452035e-03;1.235624e-01;2.708570e-02;2.298139e-02;2.419063e-01;3.552816e-01;4.533192e-02;4.451803e-02;2.069987e-02;8.511379e-02;2.274642e-02;5.320602e-03
4.193618e-03;1.261131e-01;1.750427e-02;2.550358e-02;3.362376e-01;2.272731e-01;2.026114e-02;5.429215e-02;2.415904e-02;1.332611e-01;2.804673e-02;3.154651e-03
5.804268e-03;1.134666e-01;1.382984e-02;2.089010e-02;3.680312e-01;1.340165e-01;1.512667e-02;1.049114e-01;2.755927e-02;1.629961e-01;2.474419e-02;8.623887e-03
3.583602e-03;1.093806e-01;1.777834e-02;2.521366e-02;3.543632e-01;2.989233e-02;2.160093e-02;2.085066e-01;2.510453e-02;1.819944e-01;1.015472e-02;1.242717e-02
5.794388e-03;9.558607e-02;1.044246e-02;5.469191e-02;2.665223e-01;7.630029e-02;1.807912e-02;2.530366e-01;3.976922e-02;1.500322e-01;1.600890e-02;1.373645e-02
5.259979e-03;9.247323e-02;7.982005e-03;8.863571e-02;2.142893e-01;1.081544e-01;2.624787e-02;2.419790e-01;5.391565e-02;1.237772e-01;2.225680e-02;1.502882e-02
9.497535e-03;8.911342e-02;1.762604e-02;1.211771e-01;1.919614e-01;1.205685e-01;3.543996e-02;1.921120e-01;5.789838e-02;9.889170e-02;4.893456e-02;1.677937e-02
1.375080e-02;7.294630e-02;3.263988e-02;1.085599e-01;1.659774e-01;1.572206e-01;7.213467e-02;1.231863e-01;6.412242e-02;8.897015e-02;6.769326e-02;3.279823e-02
1.639856e-02;6.203739e-02;3.594838e-02;5.992962e-02;1.261955e-01;1.917723e-01;9.717452e-02;1.502538e-01;6.259151e-02;1.192941e-01;5.230217e-02;2.610208e-02
1.134790e-02;6.287926e-02;2.989365e-02;3.066921e-02;1.015691e-01;2.484943e-01;6.094810e-02;2.072507e-01;5.677802e-02;1.327448e-01;4.224349e-02;1.518155e-02
1.107197e-02;5.395526e-02;4.909041e-02;4.154569e-02;1.552771e-01;2.010985e-01;6.242824e-02;1.766438e-01;7.673530e-02;1.240472e-01;2.793642e-02;2.017015e-02
3.545870e-02;9.324926e-02;4.478347e-02;5.646952e-02;2.039258e-01;9.458761e-02;5.778893e-02;1.110357e-01;8.057760e-02;1.234025e-01;4.479063e-02;5.393024e-02
3.330992e-02;1.293855e-01;2.351464e-02;4.353728e-02;2.642292e-01;7.023576e-02;3.732676e-02;7.632121e-02;7.626622e-02;1.251923e-01;4.267133e-02;7.800975e-02
1.896747e-02;1.123190e-01;5.217631e-02;3.756846e-02;2.896032e-01;7.882705e-02;2.555655e-02;6.309588e-02;8.232799e-02;1.243134e-01;4.125239e-02;7.399226e-02
3.598569e-02;7.005747e-02;7.300659e-02;5.748807e-02;2.139591e-01;8.836414e-02;4.420552e-02;8.624283e-02;1.075718e-01;1.221503e-01;5.409623e-02;4.687235e-02
4.975277e-02;6.494727e-02;7.213353e-02;7.781775e-02;8.871771e-02;1.032023e-01;5.416000e-02;1.307623e-01;1.369842e-01;1.254770e-01;7.524219e-02;2.080307e-02
5.957942e-02;7.465018e-02;4.376073e-02;8.805023e-02;9.529700e-02;9.969806e-02;3.809590e-02;1.942282e-01;1.090917e-01;1.140655e-01;6.428091e-02;1.920217e-02
3.674984e-02;6.203831e-02;5.487043e-02;5.448596e-02;1.281878e-01;1.982301e-01;4.956103e-02;2.256886e-01;5.425292e-02;7.653462e-02;3.432075e-02;2.507960e-02
3.281882e-02;3.135013e-02;6.218981e-02;4.116790e-02;9.823596e-02;2.028341e-01;9.206992e-02;2.344852e-01;6.928495e-02;7.980880e-02;4.092087e-02;1.483360e-02
1.877305e-02;3.948302e-02;4.088297e-02;3.144354e-02;1.071232e-01;1.947425e-01;1.032184e-01;2.060273e-01;6.624539e-02;1.093970e-01;5.392574e-02;2.873795e-02
4.885083e-02;4.291323e-02;2.205194e-02;9.933644e-02;1.330529e-01;1.381103e-01;1.603883e-01;1.331418e-01;1.047863e-01;6.452351e-02;3.366442e-02;1.918012e-02
8.656826e-02;3.607009e-02;2.824181e-02;1.424980e-01;1.490115e-01;4.288564e-02;1.685963e-01;7.763968e-02;1.325161e-01;1.013491e-01;2.781050e-02;6.813119e-03
1.026144e-01;2.261680e-02;2.995095e-02;1.436334e-01;1.344579e-01;7.583284e-02;1.398967e-01;5.800011e-02;1.586076e-01;1.097113e-01;1.751382e-02;7.164153e-03
1.159731e-01;1.150228e-02;2.446582e-02;1.676079e-01;8.910573e-02;6.645416e-02;1.166768e-01;5.245657e-02;2.148948e-01;8.260082e-02;4.783129e-02;1.043069e-02
1.071911e-01;1.851499e-02;2.794783e-02;1.943527e-01;4.057176e-02;5.441286e-02;7.576670e-02;5.684533e-02;2.636030e-01;3.000013e-02;1.068185e-01;2.397520e-02
9.471621e-02;2.965870e-02;2.337478e-02;1.948092e-01;5.153825e-02;4.589326e-02;4.185151e-02;5.922295e-02;2.590178e-01;3.248676e-02;1.473470e-01;2.008355e-02
1.341588e-01;4.319446e-02;2.813851e-02;1.934936e-01;4.263171e-02;3.348619e-02;2.921270e-02;5.489723e-02;2.237024e-01;3.349442e-02;1.592387e-01;2.435128e-02
1.405403e-01;6.913318e-02;3.411151e-02;1.727188e-01;8.217759e-02;3.550678e-02;2.740958e-02;7.754305e-02;1.631855e-01;3.102975e-02;1.090288e-01;5.761530e-02
1.031241e-01;1.166262e-01;3.791931e-02;1.348675e-01;1.108381e-01;7.621224e-02;3.377781e-02;8.634208e-02;1.416901e-01;4.505673e-02;5.619996e-02;5.734581e-02
6.447259e-02;1.746953e-01;6.823384e-02;7.073713e-02;1.205551e-01;1.008468e-01;2.173055e-02;1.101498e-01;9.459171e-02;4.332559e-02;4.410487e-02;8.655662e-02
2.540684e-02;1.558625e-01;1.123210e-01;3.717700e-02;6.954132e-02;1.094394e-01;3.270897e-02;1.708623e-01;6.040229e-02;5.562908e-02;2.789502e-02;1.427543e-01
1.309876e-02;8.208993e-02;1.571832e-01;4.178440e-02;2.033920e-02;8.777838e-02;4.752839e-02;2.409539e-01;4.631504e-02;7.555512e-02;2.286418e-02;1.645095e-01
3.540816e-02;3.710150e-02;1.540679e-01;6.333023e-02;2.853478e-02;5.471529e-02;6.100594e-02;2.851020e-01;3.251033e-02;7.373675e-02;4.638309e-02;1.281041e-01
7.256242e-02;3.000992e-02;9.994925e-02;8.563869e-02;6.163836e-02;3.474541e-02;1.049581e-01;2.970085e-01;2.609885e-02;5.007595e-02;7.022171e-02;6.709282e-02
7.606775e-02;4.226236e-02;5.489900e-02;8.199287e-02;1.051689e-01;2.537154e-02;1.792340e-01;2.357915e-01;2.809632e-02;2.142001e-02;1.160788e-01;3.361689e-02
5.361879e-02;5.739073e-02;5.293118e-02;5.076189e-02;1.135202e-01;2.672274e-02;2.383028e-01;1.529088e-01;3.954953e-02;1.587742e-02;1.736711e-01;2.474487e-02
3.371898e-02;7.511023e-02;3.817483e-02;2.503605e-02;9.913383e-02;6.264932e-02;2.704822e-01;1.115641e-01;6.642776e-02;1.679055e-02;1.878126e-01;1.309945e-02
3.375157e-02;7.931910e-02;3.438366e-02;2.499454e-02;7.173411e-02;1.150600e-01;2.723171e-01;1.074122e-01;8.380429e-02;1.641153e-02;1.418380e-01;1.897393e-02
4.056518e-02;6.390505e-02;5.532621e-02;4.405980e-02;6.880113e-02;1.468777e-01;2.147044e-01;1.492518e-01;8.784726e-02;1.564717e-02;9.183618e-02;2.117821e-02
3.448342e-02;6.723046e-02;6.305297e-02;7.682757e-02;8.546384e-02;1.246985e-01;1.396052e-01;1.997232e-01;9.799355e-02;2.321670e-02;6.008048e-02;2.762416e-02
2.203199e-02;4.981159e-02;6.818862e-02;8.229657e-02;8.659454e-02;9.927634e-02;1.411444e-01;2.312985e-01;8.927633e-02;2.868849e-02;6.503874e-02;3.635394e-02
2.597922e-02;3.181133e-02;9.129958e-02;8.384620e-02;8.853856e-02;9.670962e-02;1.334012e-01;2.414742e-01;7.390594e-02;5.003535e-02;5.196105e-02;3.103774e-02
3.563715e-02;3.196131e-02;7.757175e-02;7.524099e-02;8.858660e-02;1.049604e-01;9.669923e-02;2.794705e-01;8.596206e-02;5.268065e-02;3.636489e-02;3.486445e-02
3.086749e-02;3.832570e-02;4.140923e-02;5.364479e-02;9.092551e-02;1.212276e-01;9.239433e-02;2.915335e-01;1.034663e-01;3.788846e-02;5.948730e-02;3.882978e-02
2.014758e-02;3.075945e-02;5.141039e-02;4.367970e-02;8.842799e-02;1.245877e-01;1.072703e-01;2.617491e-01;1.477372e-01;2.978816e-02;6.389247e-02;3.054994e-02
1.699004e-02;3.398193e-02;6.314201e-02;7.070304e-02;9.583840e-02;1.006090e-01;1.001029e-01;2.093863e-01;1.971770e-01;3.645264e-02;4.926256e-02;2.635422e-02
2.766514e-02;3.741166e-02;5.594570e-02;8.167379e-02;1.083835e-01;8.686024e-02;1.454282e-01;1.676999e-01;1.807319e-01;5.351285e-02;3.465760e-02;2.002953e-02
3.952312e-02;3.539717e-02;3.223838e-02;6.360471e-02;1.399925e-01;7.251640e-02;1.559400e-01;1.668854e-01;1.569093e-01;8.534649e-02;2.930259e-02;2.234392e-02
3.170193e-02;3.405487e-02;3.621428e-02;5.090402e-02;1.135783e-01;9.559890e-02;1.103469e-01;1.761137e-01;1.660898e-01;1.212253e-01;3.192341e-02;3.224860e-02
3.455299e-02;2.909426e-02;4.293685e-02;2.255104e-02;9.345765e-02;1.304449e-01;6.114347e-02;1.543479e-01;1.945768e-01;1.482516e-01;4.693367e-02;4.170880e-02
2.819881e-02;2.796319e-02;4.797616e-02;2.645356e-02;7.734217e-02;9.955279e-02;6.323453e-02;1.524186e-01;1.927011e-01;1.569375e-01;8.714002e-02;4.008163e-02
2.689450e-02;3.535528e-02;3.993881e-02;4.735747e-02;5.455569e-02;1.126815e-01;8.412376e-02;1.622870e-01;1.667816e-01;1.117146e-01;1.129844e-01;4.532540e-02
3.207531e-02;3.823112e-02;4.730976e-02;4.756156e-02;7.412912e-02;2.099245e-01;6.641284e-02;1.260415e-01;1.107728e-01;8.742265e-02;1.007296e-01;5.938929e-02
3.114993e-02;3.771862e-02;6.627829e-02;4.737873e-02;3.650866e-02;2.419750e-01;7.461440e-02;1.646038e-01;9.088864e-02;7.095283e-02;8.019492e-02;5.773612e-02
2.257956e-02;2.999764e-02;5.392417e-02;4.149885e-02;4.499720e-02;2.800685e-01;6.382585e-02;1.648858e-01;8.433361e-02;8.097366e-02;7.958813e-02;5.332706e-02
1.738598e-02;3.838836e-02;5.252874e-02;6.244817e-02;4.465340e-02;3.208551e-01;7.941365e-02;1.377442e-01;6.780991e-02;7.382737e-02;7.307739e-02;3.186784e-02
1.366273e-02;3.210949e-02;3.455384e-02;1.149101e-01;5.868509e-02;3.065367e-01;1.212277e-01;1.316169e-01;6.166371e-02;4.272754e-02;5.583572e-02;2.647039e-02
9.223809e-03;4.121916e-02;3.553329e-02;1.260784e-01;5.877296e-02;2.543698e-01;1.139451e-01;1.359655e-01;7.795636e-02;5.885635e-02;6.022896e-02;2.785023e-02
1.462551e-02;5.069917e-02;3.841999e-02;1.014250e-01;7.152026e-02;2.264513e-01;7.610998e-02;1.699810e-01;9.823372e-02;7.794334e-02;4.662970e-02;2.796109e-02
2.130924e-02;4.841239e-02;2.998248e-02;6.378994e-02;6.977642e-02;1.479340e-01;1.273295e-01;2.456538e-01;1.167125e-01;6.456902e-02;3.432272e-02;3.020793e-02
1.962944e-02;5.561101e-02;2.772193e-02;4.875574e-02;1.167767e-01;9.978120e-02;1.127324e-01;2.680177e-01;1.120856e-01;8.771747e-02;2.767787e-02;2.349297e-02
1.213744e-02;5.266620e-02;3.893473e-02;4.461816e-02;1.391978e-01;1.424793e-01;6.683859e-02;1.991479e-01;1.075284e-01;1.272582e-01;3.695972e-02;3.223358e-02
5.165539e-02;3.693341e-02;4.845633e-02;6.026473e-02;1.008251e-01;1.810040e-01;7.040420e-02;1.123426e-01;1.015032e-01;1.235035e-01;6.706483e-02;4.604280e-02
1.096920e-01;2.959437e-02;5.048935e-02;1.094008e-01;8.073591e-02;1.324803e-01;8.821453e-02;8.649634e-02;1.083961e-01;8.601797e-02;6.574813e-02;5.273414e-02
1.490407e-01;1.569737e-02;6.154595e-02;1.569941e-01;8.375181e-02;8.573175e-02;8.266100e-02;8.381565e-02;1.295600e-01;4.400524e-02;7.097547e-02;3.622110e-02
1.358856e-01;2.841162e-02;9.154398e-02;1.913866e-01;8.751263e-02;6.454317e-02;5.634480e-02;7.499387e-02;1.386493e-01;2.419842e-02;7.723944e-02;2.929056e-02
7.194569e-02;4.250478e-02;1.480308e-01;1.628435e-01;9.352315e-02;9.756112e-02;2.610715e-02;1.108387e-01;1.077461e-01;2.160597e-02;5.034676e-02;6.694623e-02
2.596559e-02;8.004238e-02;1.961253e-01;8.075617e-02;6.258123e-02;1.442336e-01;4.065580e-02;1.585087e-01;5.518326e-02;4.492322e-02;2.043769e-02;9.058706e-02
1.626807e-02;9.827813e-02;1.802483e-01;3.799955e-02;2.826693e-02;1.403783e-01;6.254359e-02;2.024707e-01;5.583786e-02;7.524227e-02;3.096478e-02;7.150155e-02
2.419949e-02;1.139147e-01;1.274229e-01;5.664221e-02;4.099753e-02;1.177957e-01;5.626348e-02;2.282915e-01;5.459599e-02;8.336055e-02;5.097050e-02;4.554534e-02
4.688298e-02;9.206744e-02;5.693740e-02;1.054112e-01;4.546929e-02;1.192158e-01;5.295930e-02;2.181574e-01;1.074430e-01;6.626068e-02;5.366537e-02;3.553019e-02
5.543057e-02;4.539319e-02;1.203067e-01;1.261353e-01;5.280184e-02;9.645646e-02;9.286503e-02;1.576915e-01;1.086797e-01;4.238708e-02;5.447843e-02;4.737420e-02
4.866334e-02;6.781502e-02;8.615255e-02;1.304934e-01;5.223615e-02;6.967806e-02;1.101609e-01;1.613096e-01;9.267978e-02;6.706555e-02;4.783452e-02;6.591108e-02
3.049116e-02;5.711900e-02;9.283046e-02;1.235140e-01;7.166605e-02;9.493604e-02;3.406589e-02;1.907922e-01;1.226761e-01;7.460431e-02;4.990488e-02;5.739988e-02
3.584448e-02;2.405283e-02;1.226468e-01;9.610283e-02;5.989059e-02;1.340201e-01;9.365674e-02;1.657953e-01;8.619715e-02;7.292297e-02;6.074191e-02;4.812822e-02
3.884787e-02;4.752900e-02;1.459396e-01;6.268563e-02;5.807278e-02;1.752972e-01;1.335502e-01;1.258481e-01;5.323609e-02;5.447538e-02;8.149141e-02;2.302662e-02
2.695467e-02;4.698804e-02;1.315743e-01;8.294460e-02;7.337905e-02;1.892288e-01;1.322122e-01;7.865082e-02;6.302916e-02;5.333469e-02;8.003610e-02;4.166758e-02
1.675622e-02;1.621199e-02;1.169796e-01;1.075165e-01;1.135188e-01;1.958470e-01;9.800999e-02;9.845993e-02;8.095317e-02;6.032835e-02;5.816647e-02;3.725199e-02
1.450255e-02;4.121733e-02;1.202077e-01;1.231529e-01;9.561887e-02;1.892623e-01;9.759447e-02;1.112229e-01;6.669813e-02;6.146659e-02;5.897473e-02;2.008154e-02
1.741748e-02;3.807671e-02;1.141481e-01;1.085652e-01;8.483090e-02;2.109679e-01;7.750090e-02;1.461883e-01;9.057212e-02;4.125446e-02;4.771116e-02;2.276675e-02
9.450872e-03;2.123184e-02;7.118532e-02;8.320864e-02;6.741509e-02;2.200049e-01;5.692070e-02;2.534904e-01;1.388291e-01;3.149944e-02;2.585724e-02;2.090652e-02
3.663477e-03;1.478727e-02;3.936937e-02;6.037547e-02;6.803623e-02;2.188749e-01;5.569277e-02;3.498402e-01;1.362599e-01;2.348153e-02;1.099907e-02;1.861973e-02
4.236131e-03;1.161912e-02;3.063790e-02;4.414236e-02;5.208277e-02;2.037332e-01;5.354216e-02;4.198909e-01;1.262387e-01;1.869031e-02;1.127516e-02;2.391124e-02
8.420612e-03;9.057309e-03;2.957237e-02;2.712245e-02;2.822629e-02;1.924247e-01;5.846761e-02;4.519593e-01;1.376452e-01;1.435171e-02;1.465308e-02;2.809934e-02
7.197090e-03;1.427364e-02;3.110573e-02;2.122972e-02;3.230970e-02;1.952678e-01;6.671524e-02;4.407627e-01;1.384050e-01;1.978583e-02;1.187230e-02;2.107531e-02
5.240443e-03;1.423315e-02;2.645957e-02;2.068818e-02;3.133661e-02;1.967302e-01;7.154632e-02;4.045672e-01;1.695074e-01;2.821178e-02;1.863392e-02;1.284522e-02
5.430017e-03;1.146362e-02;3.125392e-02;2.210594e-02;2.742950e-02;1.796099e-01;7.478035e-02;4.086848e-01;1.706529e-01;3.330686e-02;2.493669e-02;1.034559e-02
5.104932e-03;1.556373e-02;3.920785e-02;2.560352e-02;2.092171e-02;1.814971e-01;7.817240e-02;4.241980e-01;1.480905e-01;3.499158e-02;1.820133e-02;8.447275e-03
7.596505e-03;4.740019e-02;5.777133e-02;3.475856e-02;3.066806e-02;1.676116e-01;6.665835e-02;4.063807e-01;1.241977e-01;2.341297e-02;2.421826e-02;9.325821e-03
1.074662e-02;7.369243e-02;1.010652e-01;4.109857e-02;4.847642e-02;1.504191e-01;3.473313e-02;3.056106e-01;1.525686e-01;2.782857e-02;3.518250e-02;1.857829e-02
1.210809e-02;7.964972e-02;1.292825e-01;5.742501e-02;6.205851e-02;1.140169e-01;6.375103e-02;2.135047e-01;1.716566e-01;3.344639e-02;4.214083e-02;2.095976e-02
1.506229e-02;3.564664e-02;1.075231e-01;8.972291e-02;5.183348e-02;7.547796e-02;9.793978e-02;2.773337e-01;1.180962e-01;5.586236e-02;4.662637e-02;2.887516e-02
1.847245e-02;3.568411e-02;7.634937e-02;8.920066e-02;2.571782e-02;9.468013e-02;9.628752e-02;3.009742e-01;1.096906e-01;7.312683e-02;4.794287e-02;3.187343e-02
4.344732e-02;3.471849e-02;5.015423e-02;6.935701e-02;4.535811e-02;8.423348e-02;1.015851e-01;2.445327e-01;1.247366e-01;1.392662e-01;3.661945e-02;2.599141e-02
5.235038e-02;4.143395e-02;7.629190e-02;5.082685e-02;6.324504e-02;7.264927e-02;1.066367e-01;1.456677e-01;1.161426e-01;1.826285e-01;6.164982e-02;3.047734e-02
4.534677e-02;5.038061e-02;7.430908e-02;5.375011e-02;7.890644e-02;8.194333e-02;8.417205e-02;1.181417e-01;1.295920e-01;1.778892e-01;7.456238e-02;3.100638e-02
4.201595e-02;5.416628e-02;6.298036e-02;6.674784e-02;8.373465e-02;1.003519e-01;5.976742e-02;1.323405e-01;1.266790e-01;1.565239e-01;8.405930e-02;3.063280e-02
5.699512e-02;5.191125e-02;6.560199e-02;7.691213e-02;4.660186e-02;1.307778e-01;7.229816e-02;1.391670e-01;1.065959e-01;1.437699e-01;6.804365e-02;4.132522e-02
4.448712e-02;5.627126e-02;9.044948e-02;6.353915e-02;4.767369e-02;1.385628e-01;8.861154e-02;1.059227e-01;1.394217e-01;1.320643e-01;5.017373e-02;4.282254e-02
3.930859e-02;8.379352e-02;1.074488e-01;6.547733e-02;4.354002e-02;1.208360e-01;1.609454e-01;6.970207e-02;1.021513e-01;1.281505e-01;3.473296e-02;4.391339e-02
5.367181e-02;9.626797e-02;8.184190e-02;5.203021e-02;2.116990e-02;1.259411e-01;1.740459e-01;6.993720e-02;7.279639e-02;1.689591e-01;2.508406e-02;5.825456e-02
5.734312e-02;7.696505e-02;6.602722e-02;4.314710e-02;1.394655e-02;1.217183e-01;2.221391e-01;7.555143e-02;7.295901e-02;1.519319e-01;2.761086e-02;7.066030e-02
4.348284e-02;5.609624e-02;5.566666e-02;5.454702e-02;5.532550e-02;7.636895e-02;3.272820e-01;8.637790e-02;6.296889e-02;9.144007e-02;1.606603e-02;7.437786e-02
3.557193e-02;6.332383e-02;4.561143e-02;5.584153e-02;1.451525e-01;5.373500e-02;3.500611e-01;7.665270e-02;3.632912e-02;4.671638e-02;1.766175e-02;7.334273e-02
3.475012e-02;7.147305e-02;5.815594e-02;4.270351e-02;1.844181e-01;4.840767e-02;3.935299e-01;3.202672e-02;2.270125e-02;2.660096e-02;1.845937e-02;6.677349e-02
4.603219e-02;7.333749e-02;9.733836e-02;4.003306e-02;1.317251e-01;7.708808e-02;3.643698e-01;3.920739e-02;3.001245e-02;2.138579e-02;1.696572e-02;6.250458e-02
7.002674e-02;8.086214e-02;9.751958e-02;6.942589e-02;9.451239e-02;1.369471e-01;2.415228e-01;5.108228e-02;4.508444e-02;3.303728e-02;2.903181e-02;5.094755e-02
4.976935e-02;1.081700e-01;6.693511e-02;7.994755e-02;8.901511e-02;1.498363e-01;1.607023e-01;7.918757e-02;8.880933e-02;5.127864e-02;3.740443e-02;3.894433e-02
3.990495e-02;1.535525e-01;6.643879e-02;4.501555e-02;8.842859e-02;1.272343e-01;9.370094e-02;1.001372e-01;1.500827e-01;5.251198e-02;3.632380e-02;4.666862e-02
6.331689e-02;1.691888e-01;7.541303e-02;4.289200e-02;8.550300e-02;1.393168e-01;5.896075e-02;9.784388e-02;1.586464e-01;4.487415e-02;3.061737e-02;3.342696e-02
3.596700e-02;2.810233e-01;6.266938e-02;4.052731e-02;8.244069e-02;9.502109e-02;8.105442e-02;8.376154e-02;1.274625e-01;6.092343e-02;1.372752e-02;3.542185e-02
4.328600e-02;2.810888e-01;5.758842e-02;7.097702e-02;6.479886e-02;6.644674e-02;1.143856e-01;6.608684e-02;1.011692e-01;7.826413e-02;3.027309e-02;2.563533e-02
3.678905e-02;1.570859e-01;7.372194e-02;8.745817e-02;5.709697e-02;1.016167e-01;1.368585e-01;9.148710e-02;1.137549e-01;8.525754e-02;4.480685e-02;1.406644e-02
2.779375e-02;2.024084e-01;5.091616e-02;5.165967e-02;7.885018e-02;1.031208e-01;1.075750e-01;9.411968e-02;1.249938e-01;1.028417e-01;4.251598e-02;1.320481e-02
2.990108e-02;1.981494e-01;4.247891e-02;4.753185e-02;6.379498e-02;8.522779e-02;8.900247e-02;1.142077e-01;1.606335e-01;1.250595e-01;3.051217e-02;1.350064e-02
2.674122e-02;1.178763e-01;4.294341e-02;6.204459e-02;3.993695e-02;6.271090e-02;9.511156e-02;1.614633e-01;1.890116e-01;1.447151e-01;2.824789e-02;2.919716e-02
2.463462e-02;7.072367e-02;5.236037e-02;4.650087e-02;3.581420e-02;7.779114e-02;1.150480e-01;2.176378e-01;1.397837e-01;1.365996e-01;4.095411e-02;4.215195e-02
4.043275e-02;7.853311e-02;5.029275e-02;5.006036e-02;4.664254e-02;1.050542e-01;9.306470e-02;2.358070e-01;1.517580e-01;9.106627e-02;3.110658e-02;2.618183e-02
5.304194e-02;7.723061e-02;4.413605e-02;5.905160e-02;8.699056e-02;1.408027e-01;9.477796e-02;1.553975e-01;1.814142e-01;5.805762e-02;2.692379e-02;2.217541e-02
7.069433e-02;9.060513e-02;7.757577e-02;5.417391e-02;7.535781e-02;1.517241e-01;9.380201e-02;1.330716e-01;1.223380e-01;7.975546e-02;3.282049e-02;1.808140e-02
6.993394e-02;6.609390e-02;1.080501e-01;6.026041e-02;3.992774e-02;1.092334e-01;7.178434e-02;2.162322e-01;1.160068e-01;8.364493e-02;2.014291e-02;3.868935e-02
6.197613e-02;6.990654e-02;1.116609e-01;4.972704e-02;3.118388e-02;7.260609e-02;6.121191e-02;2.637608e-01;1.244482e-01;6.409124e-02;1.748236e-02;7.194486e-02
5.616111e-02;1.004159e-01;7.602235e-02;4.720848e-02;4.318992e-02;7.207511e-02;2.908530e-02;2.572674e-01;1.364979e-01;5.248052e-02;1.619769e-02;1.133984e-01
2.529352e-02;9.465920e-02;8.207656e-02;4.079544e-02;6.111880e-02;7.138238e-02;1.787851e-02;2.707705e-01;1.255870e-01;8.424103e-02;1.100271e-02;1.151943e-01
1.172258e-02;6.828143e-02;1.197780e-01;2.784419e-02;4.387222e-02;6.563565e-02;3.032823e-02;3.298340e-01;9.663337e-02;1.129574e-01;1.012894e-02;8.298396e-02
1.003770e-02;5.894077e-02;1.536884e-01;2.299445e-02;2.858382e-02;5.526507e-02;4.506904e-02;3.836339e-01;8.054886e-02;9.657385e-02;1.064209e-02;5.402203e-02
1.038368e-02;7.145611e-02;1.573669e-01;3.300876e-02;5.917279e-02;6.415105e-02;4.924720e-02;3.666649e-01;7.748476e-02;5.320771e-02;2.514900e-02;3.270722e-02
1.491340e-02;1.179151e-01;1.220288e-01;3.792524e-02;1.122807e-01;8.985361e-02;4.464110e-02;3.269071e-01;5.683482e-02;1.897614e-02;4.081193e-02;1.691195e-02
1.275119e-02;1.596869e-01;9.125314e-02;3.657388e-02;1.269004e-01;1.387282e-01;5.537583e-02;2.535394e-01;4.946922e-02;9.745672e-03;4.370357e-02;2.227245e-02
2.097951e-02;1.831854e-01;8.588886e-02;3.728857e-02;9.948657e-02;2.163379e-01;5.635723e-02;1.583598e-01;6.030787e-02;1.544075e-02;4.533500e-02;2.103254e-02
4.025665e-02;1.551423e-01;9.056302e-02;3.978096e-02;8.967844e-02;2.349817e-01;4.299286e-02;1.506275e-01;7.153643e-02;2.417468e-02;3.593326e-02;2.433213e-02
3.276087e-02;6.980108e-02;1.235384e-01;4.835340e-02;7.392190e-02;1.495817e-01;4.204182e-02;2.867521e-01;8.528183e-02;2.786321e-02;2.797360e-02;3.213006e-02
2.107009e-02;7.668212e-02;1.187066e-01;3.003314e-02;3.101179e-02;1.274453e-01;2.699178e-02;3.897212e-01;1.052946e-01;2.901211e-02;2.047758e-02;2.355369e-02
2.182845e-02;5.505884e-02;1.248780e-01;1.769618e-02;2.610389e-02;1.677072e-01;2.203109e-02;3.936300e-01;9.547891e-02;2.898587e-02;1.725880e-02;2.934275e-02
2.438893e-02;1.155977e-01;1.488074e-01;1.883724e-02;5.104339e-02;1.791236e-01;2.032188e-02;2.434779e-01;1.201963e-01;3.999053e-02;1.211940e-02;2.609579e-02
2.628820e-02;1.330080e-01;1.310519e-01;2.279203e-02;5.726641e-02;1.852944e-01;2.011502e-02;2.247125e-01;1.178464e-01;4.197752e-02;1.491371e-02;2.473389e-02
2.146370e-02;1.169869e-01;1.101058e-01;2.999655e-02;3.116395e-02;1.755477e-01;2.835529e-02;3.343458e-01;7.774564e-02;3.487742e-02;1.304082e-02;2.637042e-02
4.022860e-02;9.005649e-02;1.063334e-01;8.154831e-02;8.532953e-02;1.240446e-01;3.750947e-02;2.630442e-01;7.926362e-02;3.816961e-02;2.497445e-02;2.949777e-02
5.314659e-02;7.824155e-02;1.135695e-01;1.088683e-01;1.120382e-01;1.101355e-01;5.607940e-02;1.544068e-01;6.043886e-02;7.010620e-02;4.402744e-02;3.894163e-02
6.042963e-02;7.384472e-02;1.115344e-01;1.093100e-01;1.043544e-01;1.325508e-01;5.617460e-02;1.253602e-01;6.697711e-02;7.467291e-02;5.019088e-02;3.460032e-02
6.308935e-02;8.172020e-02;7.133089e-02;5.620217e-02;4.770871e-02;2.131113e-01;4.122874e-02;2.203734e-01;7.635355e-02;5.219118e-02;4.633337e-02;3.035718e-02
7.004599e-02;7.238728e-02;4.702146e-02;2.417540e-02;1.866745e-02;3.160818e-01;4.968958e-02;2.596560e-01;5.092515e-02;4.330648e-02;3.172703e-02;1.631643e-02
7.351774e-02;6.275497e-02;2.400413e-02;2.399901e-02;1.920500e-02;3.924717e-01;4.230519e-02;2.271345e-01;4.784873e-02;5.669691e-02;2.149307e-02;8.569101e-03
8.726944e-02;5.727404e-02;2.704827e-02;2.476472e-02;2.063980e-02;4.472881e-01;2.559211e-02;1.592500e-01;3.934232e-02;7.362797e-02;1.830747e-02;1.959575e-02
9.709375e-02;5.360876e-02;2.622075e-02;2.092201e-02;2.419344e-02;4.976160e-01;1.103763e-02;1.093311e-01;4.143660e-02;8.297621e-02;1.447203e-02;2.109176e-02
5.697451e-02;6.026467e-02;5.393852e-02;1.149886e-02;3.634036e-02;4.920217e-01;2.146312e-02;1.061415e-01;7.510798e-02;5.773744e-02;9.863077e-03;1.864818e-02
3.424934e-02;6.728671e-02;7.606595e-02;2.182038e-02;4.916253e-02;4.598355e-01;2.289974e-02;1.255143e-01;7.536106e-02;2.495801e-02;1.226771e-02;3.057880e-02
3.921491e-02;1.266294e-01;1.492000e-01;4.047506e-02;6.616682e-02;2.090718e-01;1.932343e-02;1.428623e-01;7.442257e-02;5.866652e-02;2.293296e-02;5.103424e-02
3.737794e-02;1.366460e-01;1.357306e-01;2.946999e-02;5.234496e-02;1.735067e-01;4.765347e-02;1.561688e-01;7.519890e-02;6.202358e-02;3.637456e-02;5.750445e-02
3.371637e-02;8.875184e-02;1.015269e-01;2.981052e-02;3.080933e-02;2.296100e-01;7.431145e-02;1.932876e-01;7.319346e-02;4.980633e-02;3.768050e-02;5.749575e-02
2.086163e-02;8.952580e-02;9.105190e-02;3.384099e-02;2.722515e-02;2.405026e-01;6.518262e-02;2.439517e-01;9.799525e-02;2.878615e-02;1.933264e-02;4.174360e-02
1.333552e-02;1.225629e-01;1.003345e-01;3.123373e-02;2.905910e-02;2.551162e-01;3.910917e-02;2.143400e-01;1.102470e-01;2.598311e-02;2.576214e-02;3.291654e-02
2.504692e-02;1.146948e-01;4.610159e-02;2.239232e-02;3.517077e-02;3.196061e-01;2.901803e-02;1.912414e-01;9.098145e-02;6.795605e-02;1.927836e-02;3.851227e-02
3.266110e-02;1.041095e-01;9.741981e-02;1.991096e-02;5.209365e-02;2.716789e-01;3.130902e-02;1.347293e-01;9.746580e-02;1.009104e-01;2.721765e-02;3.049391e-02
2.063513e-02;8.143789e-02;1.299932e-01;4.099072e-02;5.694019e-02;2.179363e-01;5.014417e-02;1.170136e-01;9.643883e-02;1.266355e-01;2.460506e-02;3.722940e-02
2.896213e-02;8.113259e-02;1.385152e-01;5.495459e-02;8.063043e-02;2.599419e-01;5.768643e-02;9.834072e-02;6.201500e-02;7.544946e-02;3.259687e-02;2.977470e-02
