2.847917e-01;2.845293e-01;3.020889e-02;7.914905e-03;2.904311e-02;3.424259e-02;1.236666e-01;1.103486e-01;1.392874e-02;1.306455e-02;6.233371e-02;5.927226e-03
2.658316e-01;3.378403e-01;3.328129e-02;1.062541e-02;2.468270e-02;5.077267e-02;9.734831e-02;1.077646e-01;1.869544e-02;1.933563e-02;2.692954e-02;6.892542e-03
1.415979e-01;2.638658e-01;4.340420e-02;3.872590e-02;3.029927e-02;7.110701e-02;1.157505e-01;1.198157e-01;2.056617e-02;2.246052e-02;1.179161e-01;1.449101e-02
6.001532e-02;1.986274e-01;5.572524e-02;8.733316e-02;3.804689e-02;6.186005e-02;1.231161e-01;1.283348e-01;1.614296e-02;2.016750e-02;1.838558e-01;2.677473e-02
6.496311e-02;2.182723e-01;7.004332e-02;1.237556e-01;3.706414e-02;5.464804e-02;1.365114e-01;9.148984e-02;6.079021e-03;1.299229e-02;1.511374e-01;3.304339e-02
1.504363e-01;2.705203e-01;7.735670e-02;8.585872e-02;4.764899e-02;5.412703e-02;1.207620e-01;9.618920e-02;7.709939e-03;9.569128e-03;5.322332e-02;2.659841e-02
2.750517e-01;1.775564e-01;5.976566e-02;2.909242e-02;4.270880e-02;6.238035e-02;1.194668e-01;6.367830e-02;1.320885e-02;1.696445e-02;1.190707e-01;2.105558e-02
2.403427e-01;1.651897e-01;5.433229e-02;8.473191e-02;4.526666e-02;4.898488e-02;1.308690e-01;3.787503e-02;7.506409e-03;2.595260e-02;1.417075e-01;1.724148e-02
2.280473e-01;1.293211e-01;6.913637e-02;7.331689e-02;4.898927e-02;6.855682e-02;1.516779e-01;8.934657e-02;8.004171e-03;3.827495e-02;8.183766e-02;1.349106e-02
2.282887e-01;1.093330e-01;5.386087e-02;6.117115e-02;3.912405e-02;4.071004e-02;1.352506e-01;1.884204e-01;9.210057e-03;4.219493e-02;8.014613e-02;1.229000e-02
1.369818e-01;1.184010e-01;3.479297e-02;4.237557e-02;7.395662e-02;8.330385e-02;1.605595e-01;1.898139e-01;1.352958e-02;2.982435e-02;9.463621e-02;2.182464e-02
1.081708e-01;1.285723e-01;3.929590e-02;3.609062e-02;7.711717e-02;8.588995e-02;1.814784e-01;1.762635e-01;1.498647e-02;2.794692e-02;1.071038e-01;1.708415e-02
9.747772e-02;1.113705e-01;5.222493e-02;2.420538e-02;6.980500e-02;1.157665e-01;2.199909e-01;1.026854e-01;1.795998e-02;2.663299e-02;1.454776e-01;1.640292e-02
5.877517e-02;5.694026e-02;2.661801e-02;2.207877e-02;5.592101e-02;1.616980e-01;2.900722e-01;1.714293e-01;1.268189e-02;1.696227e-02;1.055324e-01;2.129077e-02
2.783342e-02;6.586557e-02;2.991444e-02;2.221637e-02;3.501446e-02;1.610204e-01;3.507116e-01;2.240056e-01;1.681847e-02;1.153616e-02;4.423972e-02;1.082386e-02
4.376503e-02;6.354269e-02;4.889210e-02;4.875418e-02;2.701356e-02;1.387033e-01;3.144239e-01;2.191502e-01;3.396165e-02;1.293559e-02;2.738405e-02;2.147384e-02
3.826017e-02;7.836074e-02;1.566075e-02;2.855314e-02;4.205379e-02;7.480428e-02;3.323005e-01;2.710850e-01;4.339549e-02;1.234137e-02;4.852719e-02;1.465761e-02
1.550999e-02;9.560145e-02;3.561885e-02;1.470761e-02;3.431894e-02;3.256605e-02;3.821059e-01;2.819941e-01;3.564673e-02;1.106563e-02;5.509257e-02;5.772221e-03
9.371617e-03;1.285862e-01;4.145853e-02;1.559375e-02;3.504345e-02;1.925934e-02;3.873379e-01;2.391519e-01;3.979203e-02;1.146090e-02;6.804331e-02;4.901093e-03
1.105561e-02;1.798800e-01;3.035911e-02;1.778158e-02;2.858093e-02;2.934330e-02;3.725573e-01;1.565518e-01;7.031852e-02;1.518927e-02;8.374524e-02;4.637391e-03
2.652265e-02;2.209482e-01;8.979788e-03;2.842852e-02;1.494270e-02;3.318825e-02;3.572135e-01;1.266876e-01;9.287385e-02;2.918980e-02;5.049215e-02;1.053307e-02
2.173608e-02;2.161633e-01;4.555207e-02;1.948592e-02;1.845703e-02;2.854016e-02;3.455148e-01;1.392683e-01;7.727752e-02;2.339886e-02;5.605678e-02;8.549066e-03
2.031988e-02;1.949942e-01;4.083758e-02;1.974677e-02;3.240614e-02;2.281516e-02;3.405605e-01;1.600488e-01;6.475913e-02;1.455143e-02;7.603096e-02;1.292947e-02
3.356878e-02;1.597396e-01;2.501338e-02;2.188418e-02;4.099390e-02;4.720101e-02;3.343977e-01;1.828784e-01;4.711525e-02;1.565078e-02;7.276444e-02;1.879260e-02
6.712700e-02;9.430395e-02;2.466110e-02;1.581394e-02;4.509166e-02;6.455435e-02;3.142232e-01;2.402732e-01;3.173662e-02;2.492927e-02;5.670694e-02;2.057877e-02
8.695278e-02;5.271874e-02;4.821279e-02;1.270869e-02;4.282442e-02;6.738930e-02;3.152890e-01;2.471966e-01;3.357856e-02;2.497401e-02;5.411094e-02;1.404416e-02
9.077894e-02;1.162602e-01;4.176755e-02;3.149398e-02;5.460910e-02;6.064067e-02;2.780976e-01;1.910492e-01;3.451891e-02;5.127426e-02;3.781902e-02;1.169048e-02
5.342216e-02;1.342835e-01;5.044762e-02;2.813018e-02;7.364314e-02;5.352934e-02;2.867317e-01;1.895380e-01;1.844720e-02;6.385280e-02;2.700130e-02;2.097310e-02
2.802899e-02;1.433604e-01;5.293238e-02;5.069064e-02;6.040678e-02;6.994419e-02;3.016257e-01;1.443430e-01;3.513282e-02;4.258426e-02;4.373296e-02;2.721788e-02
4.475148e-02;1.573326e-01;4.226698e-02;7.157049e-02;5.043675e-02;7.718030e-02;2.683806e-01;1.521135e-01;5.104608e-02;2.964956e-02;3.343269e-02;2.183891e-02
6.917796e-02;1.196033e-01;4.496950e-02;9.753575e-02;3.978364e-02;7.931948e-02;1.985764e-01;1.363525e-01;6.869465e-02;9.160086e-02;3.438531e-02;2.000063e-02
7.824141e-02;6.754380e-02;6.302691e-02;7.783768e-02;1.887406e-02;1.077481e-01;1.134253e-01;1.288581e-01;1.081028e-01;1.576423e-01;4.888703e-02;2.981254e-02
7.861320e-02;4.217801e-02;7.200219e-02;4.744938e-02;3.230136e-02;1.024324e-01;1.136803e-01;1.307774e-01;1.256183e-01;1.840304e-01;4.693873e-02;2.397823e-02
9.685491e-02;8.554380e-02;5.932352e-02;5.417180e-02;5.003450e-02;5.880276e-02;1.434905e-01;1.284268e-01;1.103587e-01;1.374338e-01;3.770198e-02;3.785704e-02
1.868726e-01;1.928611e-01;4.528969e-02;4.633548e-02;3.960841e-02;4.142693e-02;1.296139e-01;1.097364e-01;5.006719e-02;6.377745e-02;3.838535e-02;5.602554e-02
3.214883e-01;2.597291e-01;3.168295e-02;2.591258e-02;3.088166e-02;4.661788e-02;6.328017e-02;5.897817e-02;2.370565e-02;4.726193e-02;4.729339e-02;4.316828e-02
4.390772e-01;2.443735e-01;2.276218e-02;1.965043e-02;3.346809e-02;3.260282e-02;4.099705e-02;5.154488e-02;1.300036e-02;3.017285e-02;3.448277e-02;3.786786e-02
4.338370e-01;1.524498e-01;2.233509e-02;4.914318e-02;2.900066e-02;3.107355e-02;5.474491e-02;4.564124e-02;4.048618e-03;1.861804e-02;8.492015e-02;7.418787e-02
3.354762e-01;8.344380e-02;3.180355e-02;4.855133e-02;2.699027e-02;3.385559e-02;5.553189e-02;2.477107e-02;5.100559e-03;1.687796e-02;2.453642e-01;9.223364e-02
2.239250e-01;4.196272e-02;4.561552e-02;2.657647e-02;2.813311e-02;3.984137e-02;3.260035e-02;1.791335e-02;7.397181e-03;2.242617e-02;4.487569e-01;6.485187e-02
1.106283e-01;3.950211e-02;4.731904e-02;1.558532e-02;3.479895e-02;4.792259e-02;2.128582e-02;1.925689e-02;1.050592e-02;4.185780e-02;5.802390e-01;3.109815e-02
6.872614e-02;5.300580e-02;3.060204e-02;2.748527e-02;5.812348e-02;4.055984e-02;3.359251e-02;4.086618e-02;2.244067e-02;7.724205e-02;5.250800e-01;2.227608e-02
1.580056e-01;6.984408e-02;2.078541e-02;4.701139e-02;6.959631e-02;3.663896e-02;5.631279e-02;1.447601e-01;6.212960e-02;8.489800e-02;2.305438e-01;1.947395e-02
1.253446e-01;5.851582e-02;3.447580e-02;4.831143e-02;3.347060e-02;3.233719e-02;1.116668e-01;2.794991e-01;6.349253e-02;3.175263e-02;1.475426e-01;3.359086e-02
5.908441e-02;7.783891e-02;3.901051e-02;2.452036e-02;1.581904e-02;3.211061e-02;1.961910e-01;3.817998e-01;3.255176e-02;1.550739e-02;6.100690e-02;6.455930e-02
2.052055e-02;8.066364e-02;3.710481e-02;1.073550e-02;9.394372e-03;3.365033e-02;2.864557e-01;3.807925e-01;6.970263e-03;6.863023e-03;6.243559e-02;6.441370e-02
1.411273e-02;8.696909e-02;1.914326e-02;8.330959e-03;9.159770e-03;3.325996e-02;3.650213e-01;3.393177e-01;8.395449e-03;4.843276e-03;6.619909e-02;4.524745e-02
4.085805e-02;9.186868e-02;6.609268e-03;9.427324e-03;9.697814e-03;4.249043e-02;3.865673e-01;3.031438e-01;1.006661e-02;6.739138e-03;6.477185e-02;2.775965e-02
6.516947e-02;9.986825e-02;1.097327e-02;1.400249e-02;1.241520e-02;5.265447e-02;3.570698e-01;2.748873e-01;9.299399e-03;9.365832e-03;7.780065e-02;1.649387e-02
1.073691e-01;1.290096e-01;2.477628e-02;1.578692e-02;2.071900e-02;5.330849e-02;2.426000e-01;2.521917e-01;1.047192e-02;1.469741e-02;1.172662e-01;1.180339e-02
1.550876e-01;9.052908e-02;3.633383e-02;1.294482e-02;2.303742e-02;5.859698e-02;1.680776e-01;2.700413e-01;1.614878e-02;1.934287e-02;1.172413e-01;3.261857e-02
1.009817e-01;6.817304e-02;2.707058e-02;1.199989e-02;1.344669e-02;4.947612e-02;3.685128e-01;2.563474e-01;1.494467e-02;1.674991e-02;4.509075e-02;2.720638e-02
5.850086e-02;5.591586e-02;2.037510e-02;1.230598e-02;1.176749e-02;4.545292e-02;4.015183e-01;2.803600e-01;7.278246e-03;1.394668e-02;7.490598e-02;1.767265e-02
7.856115e-02;6.578764e-02;1.620030e-02;1.693553e-02;1.241963e-02;5.477994e-02;3.971736e-01;2.703052e-01;6.065025e-03;1.292457e-02;5.145352e-02;1.739375e-02
7.731829e-02;6.685870e-02;1.916633e-02;1.845754e-02;1.073732e-02;6.434136e-02;3.765456e-01;2.474493e-01;1.087094e-02;1.284597e-02;7.709994e-02;1.830865e-02
9.892197e-02;8.125836e-02;2.454294e-02;2.039392e-02;2.335321e-02;8.369263e-02;3.071676e-01;1.546514e-01;2.402478e-02;1.917191e-02;1.331111e-01;2.971023e-02
1.301253e-01;5.626018e-02;4.687566e-02;6.586871e-02;3.847377e-02;8.093489e-02;2.373395e-01;1.296378e-01;2.781392e-02;3.833293e-02;9.930011e-02;4.903734e-02
1.464116e-01;9.742472e-02;4.379979e-02;8.207224e-02;3.865671e-02;7.048788e-02;1.724927e-01;1.157573e-01;3.525041e-02;3.148715e-02;1.134474e-01;5.271215e-02
2.336207e-01;1.135292e-01;3.249314e-02;8.519807e-02;2.334904e-02;5.665044e-02;1.219248e-01;7.353245e-02;2.516860e-02;2.287838e-02;1.754180e-01;3.623727e-02
3.747246e-01;1.240120e-01;1.903656e-02;8.441472e-02;3.337155e-02;4.258524e-02;6.609561e-02;4.676317e-02;1.268526e-02;1.529091e-02;1.540322e-01;2.698813e-02
4.399002e-01;2.062193e-01;1.375319e-02;6.253307e-02;6.787963e-02;2.174602e-02;3.816513e-02;2.817959e-02;6.006484e-03;6.771550e-03;9.598737e-02;1.285856e-02
4.600248e-01;2.911412e-01;9.337636e-03;2.777929e-02;8.642145e-02;1.552034e-02;3.122506e-02;2.716774e-02;4.849592e-03;4.397166e-03;3.713484e-02;5.000902e-03
4.764083e-01;3.368130e-01;9.182679e-03;7.055083e-03;7.700871e-02;1.110410e-02;2.603205e-02;2.675313e-02;3.999583e-03;1.872100e-03;2.028938e-02;3.481884e-03
5.068512e-01;3.449562e-01;9.387571e-03;8.155066e-03;5.668195e-02;5.594457e-03;1.493713e-02;3.009537e-02;5.366914e-03;1.951642e-03;1.273894e-02;3.283591e-03
5.243080e-01;3.396724e-01;1.210684e-02;7.501101e-03;4.267630e-02;2.533377e-03;1.643268e-02;3.287971e-02;6.372718e-03;1.562851e-03;1.106545e-02;2.888614e-03
5.697933e-01;2.801539e-01;8.602104e-03;5.308268e-03;3.917500e-02;2.982350e-03;2.306244e-02;4.875122e-02;7.811248e-03;2.069029e-03;8.711738e-03;3.579300e-03
6.518777e-01;1.757438e-01;6.013313e-03;5.264142e-03;3.740473e-02;2.373585e-03;2.209086e-02;7.671483e-02;6.238743e-03;2.505947e-03;6.146417e-03;7.625833e-03
6.794629e-01;1.058666e-01;6.007076e-03;1.726759e-02;2.367008e-02;3.953212e-03;3.208301e-02;9.282298e-02;3.315219e-03;2.900322e-03;1.248734e-02;2.016371e-02
5.477746e-01;6.997233e-02;6.444336e-03;6.679115e-02;2.531153e-02;1.033809e-02;6.704155e-02;8.464009e-02;3.161778e-03;7.632464e-03;6.286078e-02;4.803130e-02
3.225435e-01;5.883618e-02;1.050934e-02;1.551774e-01;2.264902e-02;1.101238e-02;1.087101e-01;6.321426e-02;4.104973e-03;9.326812e-03;1.535379e-01;8.037817e-02
1.089265e-01;5.562983e-02;2.361880e-02;2.153637e-01;1.650443e-02;2.103377e-02;1.125096e-01;5.283176e-02;4.327124e-03;9.991751e-03;2.948126e-01;8.445013e-02
1.320923e-01;3.165125e-02;4.268106e-02;1.567651e-01;1.587257e-02;4.367809e-02;4.953646e-02;3.883614e-02;5.402931e-03;1.753696e-02;4.225845e-01;4.336262e-02
1.281163e-01;3.491222e-02;4.783430e-02;7.676931e-02;3.725656e-02;6.321343e-02;3.817664e-02;5.888067e-02;8.224754e-03;3.200310e-02;4.587305e-01;1.588224e-02
9.324208e-02;4.279708e-02;2.882047e-02;3.261237e-02;6.342648e-02;6.087288e-02;1.192720e-01;1.606344e-01;2.371534e-02;4.051458e-02;3.189909e-01;1.510150e-02
6.141715e-02;3.494919e-02;1.440751e-02;6.196516e-02;5.802711e-02;3.476726e-02;1.849611e-01;2.652397e-01;4.564701e-02;2.932373e-02;2.037624e-01;5.532694e-03
6.647903e-02;2.130578e-02;2.096665e-02;4.137629e-02;4.505669e-02;6.764719e-02;1.853952e-01;3.056077e-01;4.000407e-02;2.153169e-02;1.743276e-01;1.030220e-02
4.577538e-02;4.605307e-02;1.696504e-02;3.000232e-02;7.128119e-02;6.919755e-02;2.889395e-01;2.996938e-01;2.355185e-02;1.520473e-02;8.524657e-02;8.088982e-03
4.640649e-02;5.100469e-02;1.346872e-02;2.658893e-02;7.512774e-02;7.047062e-02;3.620560e-01;2.469448e-01;2.306519e-02;1.388871e-02;6.352228e-02;7.455816e-03
1.114955e-01;4.674124e-02;1.624913e-02;2.742647e-02;6.269240e-02;8.250982e-02;3.441994e-01;1.755157e-01;2.152884e-02;1.909309e-02;8.374361e-02;8.804767e-03
1.546107e-01;6.456245e-02;2.041843e-02;2.000814e-02;6.858333e-02;9.602572e-02;2.726193e-01;1.480936e-01;2.377229e-02;1.472925e-02;1.034694e-01;1.310745e-02
1.377666e-01;7.751162e-02;2.348140e-02;5.630743e-02;7.096561e-02;1.047142e-01;1.889700e-01;8.291592e-02;2.560546e-02;2.020099e-02;1.933569e-01;1.820384e-02
5.216376e-02;9.309877e-02;5.328768e-02;5.867394e-02;3.955192e-02;6.300395e-02;1.526747e-01;8.161003e-02;2.273131e-02;2.769366e-02;3.443588e-01;1.115141e-02
1.096735e-01;1.646357e-01;7.303640e-02;3.690300e-02;3.398743e-02;3.286441e-02;1.358428e-01;6.257737e-02;2.232042e-02;3.143471e-02;2.831525e-01;1.357174e-02
1.022009e-01;2.486260e-01;7.704968e-02;3.679653e-02;3.577752e-02;3.154182e-02;1.486080e-01;1.730796e-01;2.155006e-02;2.873930e-02;8.428699e-02;1.174372e-02
1.468022e-01;1.654125e-01;5.448828e-02;2.280555e-02;2.372206e-02;4.129629e-02;1.894042e-01;1.621435e-01;1.309956e-02;1.823123e-02;1.535471e-01;9.047534e-03
1.571908e-01;9.153841e-02;5.517666e-02;2.326771e-02;1.959328e-02;5.137944e-02;2.188236e-01;1.199240e-01;1.357213e-02;1.727176e-02;2.177524e-01;1.450985e-02
1.319881e-01;1.024537e-01;4.938496e-02;4.306847e-02;4.069722e-02;7.044908e-02;2.283315e-01;5.816352e-02;2.260284e-02;2.069514e-02;2.146358e-01;1.752962e-02
1.118954e-01;3.000684e-02;4.138896e-02;3.741462e-02;4.605985e-02;6.588350e-02;2.622496e-01;1.881060e-01;2.334856e-02;1.337405e-02;1.633499e-01;1.692279e-02
1.424804e-01;8.884413e-02;4.226438e-02;1.870634e-02;5.590417e-02;6.548181e-02;2.400081e-01;1.823551e-01;2.260549e-02;2.823789e-02;9.303191e-02;2.008017e-02
1.141355e-01;1.118519e-01;3.857043e-02;3.194131e-02;1.118119e-01;8.432922e-02;1.653777e-01;5.238679e-02;2.021410e-02;3.787408e-02;2.007635e-01;3.074352e-02
9.972137e-02;1.203510e-01;4.854140e-02;5.215817e-02;1.161139e-01;8.677933e-02;1.365383e-01;7.201186e-02;2.186423e-02;3.781240e-02;1.777783e-01;3.032979e-02
5.100619e-02;1.172592e-01;5.593605e-02;1.045434e-01;1.199994e-01;9.095520e-02;1.481674e-01;8.289432e-02;3.048540e-02;4.822902e-02;1.101940e-01;4.033042e-02
1.171098e-01;8.343672e-02;6.121276e-02;1.233827e-01;8.752366e-02;5.886521e-02;1.450836e-01;1.055234e-01;3.369058e-02;5.591445e-02;8.791096e-02;4.034615e-02
1.843197e-01;1.384182e-01;4.201832e-02;3.105526e-02;3.614329e-02;4.212764e-02;1.340597e-01;1.197282e-01;2.090504e-02;3.172203e-02;1.890720e-01;3.043066e-02
1.913089e-01;9.234697e-02;2.272018e-02;2.883477e-02;3.876857e-02;4.337205e-02;1.430800e-01;1.220154e-01;1.345942e-02;2.597050e-02;2.416212e-01;3.650203e-02
1.671274e-01;5.675367e-02;1.776313e-02;3.322234e-02;2.791303e-02;5.553365e-02;1.540077e-01;9.667095e-02;1.316807e-02;1.984888e-02;3.147333e-01;4.325780e-02
9.931735e-02;4.061702e-02;2.245727e-02;2.566097e-02;1.567572e-02;7.144168e-02;1.568044e-01;7.244431e-02;2.136958e-02;1.629131e-02;4.135426e-01;4.437773e-02
1.526777e-01;3.410335e-02;1.614217e-02;2.377029e-02;1.011002e-02;5.553009e-02;1.649283e-01;4.594390e-02;1.863957e-02;1.783956e-02;3.986695e-01;6.164557e-02
2.541870e-01;4.679688e-02;8.055393e-03;4.351472e-02;7.913496e-03;2.350809e-02;1.800047e-01;5.434111e-02;1.126873e-02;2.223020e-02;2.743652e-01;7.381435e-02
3.767346e-01;6.907356e-02;7.097643e-03;3.880887e-02;2.179259e-02;1.213152e-02;1.339754e-01;9.785967e-02;1.053106e-02;2.030763e-02;1.563213e-01;5.536617e-02
4.724083e-01;1.386302e-01;1.127442e-02;1.159782e-02;4.868177e-02;1.320395e-02;5.041410e-02;1.265113e-01;1.357847e-02;1.295062e-02;7.935641e-02;2.139257e-02
4.406644e-01;2.472761e-01;1.254059e-02;1.101374e-02;4.984962e-02;2.509468e-02;2.301655e-02;9.557593e-02;2.202376e-02;8.786946e-03;5.427091e-02;9.886807e-03
3.924853e-01;3.443077e-01;1.555136e-02;1.755223e-02;1.686811e-02;5.166057e-02;2.342923e-02;3.562524e-02;2.952276e-02;7.581210e-03;5.278173e-02;1.263458e-02
3.366464e-01;3.666450e-01;2.258688e-02;1.799971e-02;2.412333e-02;7.095110e-02;2.328710e-02;2.558171e-02;2.737675e-02;1.198524e-02;6.084237e-02;1.197438e-02
2.546098e-01;3.829423e-01;2.633110e-02;2.183645e-02;3.046999e-02;7.916813e-02;3.410712e-02;4.293952e-02;3.879045e-02;2.054373e-02;5.860559e-02;9.655712e-03
2.344183e-01;3.919705e-01;2.974945e-02;1.688033e-02;1.421294e-02;5.898170e-02;6.305242e-02;5.238228e-02;4.034993e-02;3.983446e-02;4.884046e-02;9.327159e-03
3.617977e-01;3.006814e-01;2.229857e-02;7.178599e-03;3.902798e-02;4.591402e-02;6.599873e-02;4.797919e-02;2.575720e-02;3.480642e-02;3.767426e-02;1.088600e-02
3.783675e-01;2.287685e-01;2.127900e-02;1.631850e-02;4.560721e-02;4.628666e-02;6.380016e-02;5.195603e-02;2.606624e-02;2.963383e-02;8.198697e-02;9.929487e-03
2.740506e-01;2.214296e-01;2.155051e-02;2.551529e-02;3.615785e-02;5.298703e-02;9.352938e-02;6.937867e-02;2.785097e-02;3.880806e-02;1.273452e-01;1.139680e-02
2.174267e-01;2.297194e-01;1.834393e-02;2.041592e-02;3.387905e-02;6.462947e-02;1.286937e-01;8.541989e-02;3.107448e-02;4.311571e-02;1.132335e-01;1.404817e-02
1.719909e-01;3.057610e-01;2.521905e-02;1.975723e-02;5.053047e-02;5.718017e-02;1.478471e-01;9.183304e-02;2.883900e-02;2.778116e-02;5.659432e-02;1.666660e-02
3.242038e-01;3.130948e-01;2.596287e-02;1.417484e-02;5.083039e-02;4.146549e-02;9.173969e-02;5.179856e-02;2.588991e-02;1.662348e-02;3.066976e-02;1.354640e-02
3.716177e-01;3.146255e-01;1.626672e-02;1.314156e-02;2.842309e-02;2.155073e-02;5.049323e-02;5.596642e-02;1.871840e-02;2.682469e-02;6.693405e-02;1.543792e-02
3.560002e-01;3.114085e-01;1.935253e-02;1.323116e-02;2.995004e-02;2.682440e-02;6.873367e-02;4.306125e-02;1.751509e-02;3.020246e-02;7.128917e-02;1.243153e-02
3.246368e-01;2.632418e-01;1.502258e-02;1.683506e-02;2.088691e-02;5.914214e-02;9.687015e-02;4.916210e-02;2.165948e-02;3.486256e-02;9.052711e-02;7.153367e-03
1.750879e-01;1.922673e-01;3.251649e-02;2.873319e-02;3.740345e-02;9.398627e-02;1.171111e-01;8.124381e-02;4.790043e-02;5.954435e-02;1.172748e-01;1.693087e-02
1.147488e-01;1.265259e-01;6.485622e-02;6.623709e-02;6.833643e-02;9.007768e-02;9.825623e-02;9.527938e-02;7.099827e-02;8.044523e-02;7.758965e-02;4.664917e-02
1.463930e-01;1.252228e-01;7.498918e-02;6.887557e-02;5.733081e-02;9.463465e-02;9.553893e-02;9.721380e-02;6.659466e-02;7.004113e-02;6.244705e-02;4.071848e-02
1.570061e-01;1.857294e-01;9.119232e-02;7.943380e-02;6.066747e-02;1.104726e-01;6.816761e-02;7.406949e-02;5.131721e-02;4.848474e-02;4.592407e-02;2.753520e-02
1.149657e-01;1.893503e-01;8.365835e-02;1.958051e-01;9.524263e-02;9.422179e-02;5.079647e-02;5.858740e-02;2.770042e-02;2.528528e-02;3.783396e-02;2.655269e-02
6.390598e-02;1.141797e-01;4.609673e-02;3.059802e-01;1.323892e-01;5.482868e-02;6.092389e-02;9.189899e-02;1.949525e-02;2.660608e-02;3.870319e-02;4.499205e-02
4.303303e-02;8.134168e-02;3.802914e-02;3.356886e-01;1.770274e-01;3.912340e-02;4.011202e-02;8.112745e-02;1.260876e-02;3.366318e-02;4.017895e-02;7.806633e-02
2.850066e-02;6.486587e-02;2.912776e-02;3.316631e-01;2.193019e-01;4.749528e-02;3.334304e-02;5.669894e-02;1.133594e-02;2.955393e-02;6.128299e-02;8.683058e-02
2.344701e-02;2.501177e-02;2.097779e-02;1.771265e-01;4.907803e-01;9.080896e-02;2.696992e-02;4.104812e-02;2.027638e-02;1.381691e-02;3.319895e-02;3.653733e-02
1.493452e-02;1.291905e-02;8.133856e-03;6.542949e-02;5.672588e-01;1.398826e-01;3.215439e-02;2.715832e-02;2.809696e-02;5.835487e-03;1.969742e-02;7.849902e-02
1.316691e-02;1.106997e-02;4.301414e-03;4.026873e-02;5.186589e-01;1.498862e-01;5.454600e-02;1.413037e-02;5.408763e-02;5.181026e-03;1.532552e-02;1.193773e-01
1.162141e-02;1.608923e-02;1.023095e-02;5.137513e-02;3.967171e-01;9.383848e-02;7.711048e-02;2.329002e-02;1.242345e-01;1.224082e-02;1.401736e-02;1.692345e-01
1.262613e-02;2.883140e-02;2.377929e-02;5.783858e-02;3.148407e-01;6.202507e-02;6.761728e-02;2.500478e-02;1.633283e-01;4.410744e-02;8.241397e-03;1.917595e-01
1.602164e-02;6.087337e-02;3.530813e-02;6.251992e-02;3.433166e-01;5.398190e-02;2.550245e-02;1.987294e-02;1.004177e-01;8.221211e-02;2.548241e-02;1.744907e-01
2.240936e-02;1.238702e-01;3.893733e-02;7.305937e-02;2.877821e-01;4.382974e-02;4.190135e-02;4.105205e-02;5.455368e-02;9.529486e-02;3.454414e-02;1.427659e-01
6.035482e-02;1.981048e-01;4.383805e-02;6.616183e-02;1.668499e-01;6.594476e-02;9.513271e-02;6.670726e-02;3.545799e-02;7.542023e-02;4.471164e-02;8.131600e-02
1.024484e-01;2.916551e-01;6.891107e-02;4.311989e-02;9.354848e-02;7.643492e-02;1.179646e-01;6.365252e-02;1.762486e-02;5.099233e-02;2.944679e-02;4.420112e-02
1.321289e-01;4.369432e-01;8.980987e-02;2.364224e-02;5.149177e-02;4.339164e-02;7.719625e-02;3.930095e-02;1.483201e-02;3.954728e-02;1.252539e-02;3.919054e-02
1.269785e-01;5.046718e-01;9.599497e-02;3.164559e-02;2.102176e-02;2.926013e-02;3.645775e-02;3.631603e-02;4.349220e-02;3.645581e-02;1.544162e-02;2.226377e-02
1.018723e-01;4.791804e-01;1.129484e-01;2.802913e-02;3.653346e-02;2.824109e-02;3.545075e-02;7.348265e-02;4.713206e-02;3.252001e-02;1.232685e-02;1.228292e-02
1.259596e-01;4.844950e-01;8.980986e-02;3.106586e-02;3.157964e-02;6.264988e-02;2.364406e-02;8.183595e-02;2.558747e-02;2.025224e-02;8.935722e-03;1.418473e-02
2.200677e-01;4.518446e-01;4.483465e-02;4.059802e-02;2.394903e-02;7.778917e-02;2.051366e-02;5.563198e-02;1.952317e-02;1.485047e-02;1.685419e-02;1.354339e-02
3.521513e-01;3.175993e-01;2.633883e-02;3.665380e-02;4.243426e-02;4.814687e-02;3.401498e-02;3.849264e-02;1.609185e-02;2.390642e-02;4.893202e-02;1.523770e-02
3.868754e-01;1.512412e-01;2.297485e-02;3.472210e-02;4.295651e-02;4.015223e-02;5.775100e-02;3.899668e-02;1.158018e-02;3.658107e-02;1.470468e-01;2.912186e-02
2.628434e-01;8.291627e-02;2.391972e-02;2.986197e-02;4.795577e-02;6.685679e-02;7.887018e-02;3.752619e-02;1.622418e-02;4.460956e-02;2.743659e-01;3.405002e-02
1.549512e-01;7.831962e-02;2.915009e-02;3.309589e-02;6.221900e-02;7.570604e-02;1.009413e-01;7.448809e-02;2.295192e-02;5.211646e-02;2.906452e-01;2.541513e-02
1.804963e-01;8.298211e-02;4.726089e-02;4.868021e-02;6.414975e-02;9.018905e-02;1.642354e-01;1.395572e-01;2.887538e-02;5.460392e-02;6.997467e-02;2.899503e-02
1.847126e-01;1.004580e-01;4.200717e-02;2.654033e-02;4.504997e-02;4.722008e-02;2.259202e-01;1.350350e-01;1.890656e-02;5.779851e-02;8.630897e-02;3.004266e-02
1.538895e-01;9.400363e-02;3.963871e-02;6.815901e-02;6.343605e-02;2.576909e-02;2.394218e-01;1.369162e-01;2.980373e-02;6.974645e-02;5.541250e-02;2.380338e-02
1.451394e-01;6.514844e-02;4.443945e-02;6.389111e-02;4.650440e-02;4.464612e-02;2.075989e-01;1.210557e-01;3.925202e-02;6.133217e-02;1.266047e-01;3.438756e-02
2.399935e-01;1.018341e-01;3.687219e-02;4.867732e-02;3.320827e-02;5.008804e-02;1.486071e-01;1.153485e-01;3.022086e-02;3.124788e-02;1.187708e-01;4.513151e-02
3.149300e-01;1.359451e-01;3.073933e-02;2.722516e-02;5.499310e-02;3.206195e-02;9.488256e-02;1.890177e-01;1.956729e-02;1.627241e-02;4.623751e-02;3.812788e-02
3.241227e-01;1.109842e-01;3.158336e-02;8.925783e-03;8.068675e-02;1.461926e-02;5.058569e-02;2.501525e-01;3.631451e-02;6.848447e-03;6.056862e-02;2.460818e-02
2.731801e-01;7.079805e-02;2.716817e-02;1.233864e-02;1.127599e-01;1.325168e-02;6.853791e-02;2.231411e-01;7.263736e-02;1.881679e-02;9.671822e-02;1.065210e-02
2.450170e-01;5.095688e-02;2.547360e-02;1.478502e-02;1.169754e-01;1.284296e-02;7.640623e-02;2.059931e-01;8.994659e-02;3.312724e-02;1.050107e-01;2.346535e-02
2.903605e-01;3.505504e-02;3.676970e-02;1.203073e-02;1.037392e-01;2.300012e-02;5.827554e-02;2.581314e-01;7.082282e-02;2.242944e-02;7.086210e-02;1.852344e-02
2.923518e-01;2.603835e-02;3.103721e-02;5.274149e-02;6.992919e-02;5.608081e-02;6.454930e-02;2.286435e-01;4.636701e-02;3.077654e-02;3.474130e-02;6.674344e-02
1.823194e-01;3.506482e-02;1.213726e-02;1.177426e-01;4.541149e-02;6.643492e-02;1.159095e-01;1.287622e-01;2.946240e-02;4.822739e-02;3.185689e-02;1.866711e-01
7.884032e-02;5.526368e-02;6.276581e-03;1.448476e-01;3.435507e-02;3.786524e-02;1.664460e-01;5.999173e-02;1.723527e-02;3.907049e-02;3.810767e-02;3.217004e-01
5.011197e-02;6.223704e-02;1.200995e-02;1.065772e-01;3.589059e-02;1.996826e-02;1.599519e-01;6.584474e-02;1.132450e-02;2.080408e-02;8.076819e-02;3.745116e-01
6.462461e-02;4.683240e-02;4.279732e-02;6.021962e-02;4.876954e-02;3.605851e-02;9.478873e-02;7.724468e-02;2.455986e-02;1.507490e-02;1.925583e-01;2.964715e-01
1.006466e-01;2.324649e-02;9.241385e-02;4.563542e-02;4.259787e-02;7.785325e-02;5.473897e-02;4.773814e-02;3.401894e-02;2.278703e-02;3.098263e-01;1.484971e-01
1.598086e-01;1.513930e-02;1.186618e-01;2.612921e-02;2.119496e-02;1.133045e-01;3.948028e-02;2.812714e-02;2.806398e-02;3.291291e-02;3.297798e-01;8.739743e-02
1.912390e-01;2.176046e-02;1.283606e-01;2.364264e-02;2.535053e-02;1.226658e-01;2.654062e-02;2.866745e-02;3.798660e-02;4.026614e-02;3.034796e-01;5.004051e-02
1.749972e-01;5.171411e-02;1.003820e-01;2.156138e-02;4.587571e-02;8.495814e-02;4.407901e-02;6.301428e-02;5.149297e-02;3.633803e-02;2.720152e-01;5.357194e-02
1.365444e-01;7.404964e-02;5.833524e-02;2.236761e-02;5.479768e-02;5.862962e-02;8.091412e-02;1.094959e-01;3.710748e-02;3.547847e-02;2.748268e-01;5.745301e-02
1.781809e-01;9.010575e-02;3.205335e-02;2.663625e-02;4.696708e-02;6.494077e-02;9.160902e-02;1.122991e-01;1.902407e-02;4.058015e-02;2.525040e-01;4.509948e-02
2.865604e-01;1.042013e-01;2.524769e-02;1.756359e-02;5.662939e-02;4.519854e-02;9.077688e-02;6.530655e-02;1.289009e-02;4.160804e-02;2.159384e-01;3.807918e-02
3.931026e-01;1.552454e-01;1.965110e-02;4.117410e-02;3.630265e-02;3.107741e-02;6.739713e-02;4.414893e-02;1.084738e-02;2.947887e-02;1.242404e-01;4.733393e-02
4.697927e-01;1.588295e-01;1.384562e-02;5.519163e-02;1.534893e-02;4.030625e-02;7.272641e-02;3.963957e-02;1.023961e-02;2.934389e-02;5.000709e-02;4.472887e-02
4.931326e-01;1.715886e-01;1.491550e-02;4.072320e-02;1.272914e-02;4.152418e-02;4.917819e-02;4.205073e-02;9.286420e-03;2.747976e-02;7.792015e-02;1.947146e-02
4.680626e-01;2.031953e-01;1.719601e-02;1.725825e-02;3.677086e-02;3.690470e-02;3.002468e-02;5.048484e-02;1.121250e-02;2.109706e-02;8.414799e-02;2.364522e-02
3.103686e-01;2.535188e-01;2.320156e-02;4.624580e-02;4.394642e-02;4.817569e-02;5.826613e-02;7.960249e-02;1.534232e-02;1.844396e-02;7.961185e-02;2.327634e-02
1.866743e-01;2.951857e-01;3.496798e-02;5.355956e-02;3.413346e-02;8.001736e-02;7.116583e-02;1.059266e-01;2.670582e-02;1.915722e-02;7.513075e-02;1.737539e-02
1.436317e-01;3.671567e-01;5.557101e-02;3.859253e-02;3.211384e-02;7.132852e-02;6.408482e-02;1.033620e-01;3.137387e-02;3.108373e-02;5.287375e-02;8.827586e-03
1.194610e-01;4.290995e-01;9.124603e-02;1.856357e-02;4.609953e-02;3.033749e-02;4.707383e-02;7.472836e-02;2.345232e-02;8.794496e-02;2.566742e-02;6.325988e-03
3.536946e-02;3.648829e-01;1.364660e-01;4.367692e-02;8.928471e-02;1.564146e-02;5.230394e-02;3.835104e-02;1.157283e-02;1.762395e-01;3.117218e-02;5.039105e-03
1.112350e-01;3.344560e-01;1.391653e-01;5.601585e-02;8.433276e-02;9.995076e-03;4.955496e-02;1.759258e-02;5.172739e-03;1.700203e-01;1.563038e-02;6.829028e-03
1.172093e-01;4.101779e-01;1.247657e-01;4.036867e-02;5.961195e-02;2.304077e-02;4.035255e-02;2.177624e-02;1.067310e-02;1.204785e-01;1.207052e-02;1.947477e-02
1.507002e-01;4.610795e-01;7.146868e-02;1.915258e-02;2.577970e-02;6.888402e-02;3.639073e-02;3.594806e-02;2.647598e-02;5.174810e-02;2.403827e-02;2.833428e-02
2.245194e-01;4.363990e-01;2.999926e-02;2.538198e-02;1.090089e-02;8.684595e-02;3.305959e-02;3.562739e-02;3.782861e-02;4.509053e-02;2.080468e-02;1.354283e-02
2.184286e-01;4.527249e-01;2.744544e-02;2.291607e-02;2.008064e-02;4.895774e-02;3.451539e-02;2.575297e-02;3.301232e-02;7.522786e-02;3.634981e-02;4.588205e-03
2.115255e-01;4.345294e-01;3.106936e-02;1.005633e-02;4.003201e-02;1.551368e-02;3.623270e-02;4.464389e-02;2.356762e-02;6.214393e-02;7.743925e-02;1.324632e-02
2.426914e-01;4.400351e-01;2.706382e-02;1.134230e-02;2.617224e-02;1.883143e-02;2.866948e-02;3.644197e-02;2.943366e-02;5.494628e-02;6.945637e-02;1.491592e-02
2.814527e-01;3.958803e-01;2.027160e-02;8.094910e-03;3.404175e-02;1.688661e-02;2.067436e-02;4.667331e-02;2.627905e-02;5.526584e-02;8.845040e-02;6.029115e-03
3.664742e-01;2.453043e-01;1.457838e-02;4.013194e-03;5.484891e-02;8.855077e-03;2.032170e-02;8.684420e-02;2.469531e-02;4.249529e-02;1.214783e-01;1.009109e-02
4.282930e-01;8.951445e-02;1.815512e-02;1.631601e-02;5.472738e-02;1.320991e-02;3.260880e-02;1.044144e-01;4.042900e-02;3.950633e-02;1.413939e-01;2.143170e-02
3.444290e-01;7.272218e-02;1.665396e-02;3.621618e-02;2.789031e-02;1.970197e-02;4.568200e-02;7.122203e-02;4.731084e-02;5.787256e-02;2.190086e-01;4.129041e-02
1.942913e-01;8.317159e-02;1.386973e-02;3.558739e-02;1.983578e-02;2.609898e-02;4.926629e-02;4.465437e-02;3.141331e-02;7.028192e-02;3.851018e-01;4.642756e-02
1.134671e-01;4.797706e-02;1.941832e-02;1.958841e-02;4.072795e-02;3.312630e-02;3.456593e-02;4.698336e-02;3.023042e-02;7.201354e-02;5.115408e-01;3.036081e-02
2.361335e-01;6.057331e-02;2.597704e-02;3.203952e-02;5.534808e-02;3.051054e-02;6.019145e-02;5.539175e-02;2.688145e-02;7.108875e-02;3.289758e-01;1.688887e-02
2.684351e-01;6.129367e-02;2.134272e-02;5.044253e-02;4.742219e-02;1.340872e-02;1.053078e-01;6.795757e-02;2.341450e-02;6.413736e-02;2.527367e-01;2.410113e-02
1.567206e-01;9.886776e-02;2.071926e-02;3.333352e-02;3.373206e-02;2.101663e-02;1.230547e-01;4.886871e-02;3.155394e-02;6.774889e-02;3.298484e-01;3.453557e-02
1.866310e-01;9.408608e-02;1.779961e-02;3.278898e-02;5.035625e-02;2.560543e-02;1.473240e-01;6.089008e-02;4.222598e-02;6.197386e-02;2.504174e-01;2.990134e-02
9.601278e-02;8.582561e-02;2.427242e-02;5.763356e-02;8.614910e-02;7.006588e-02;1.892578e-01;1.128477e-01;4.790155e-02;5.137056e-02;1.505944e-01;2.806861e-02
1.172315e-01;6.535352e-02;5.170866e-02;6.674261e-02;8.142820e-02;1.015185e-01;2.118435e-01;1.392758e-01;4.254769e-02;5.531562e-02;4.615765e-02;2.087674e-02
1.730203e-01;7.867381e-02;6.200822e-02;6.360577e-02;5.399918e-02;6.872078e-02;1.613496e-01;1.064951e-01;3.627652e-02;6.562537e-02;1.165581e-01;1.366726e-02
2.841645e-01;1.145592e-01;3.138305e-02;3.661210e-02;4.610679e-02;4.965554e-02;1.291653e-01;7.508188e-02;2.309129e-02;5.328314e-02;1.453522e-01;1.154498e-02
3.828026e-01;2.155289e-01;2.010550e-02;2.355996e-02;1.963802e-02;4.930307e-02;9.038299e-02;4.747446e-02;1.786606e-02;3.212524e-02;9.004690e-02;1.116627e-02
3.919320e-01;3.329395e-01;2.225705e-02;1.673583e-02;1.518196e-02;4.511878e-02;6.363048e-02;3.556288e-02;1.692335e-02;1.920368e-02;3.181549e-02;8.698920e-03
3.566496e-01;3.866508e-01;2.481540e-02;2.036867e-02;1.264657e-02;4.939553e-02;5.418633e-02;2.758968e-02;1.806239e-02;1.341281e-02;2.748981e-02;8.732410e-03
3.483326e-01;4.172389e-01;2.458298e-02;1.519060e-02;1.264885e-02;2.875429e-02;7.164699e-02;2.834324e-02;2.079694e-02;8.215659e-03;1.802510e-02;6.223808e-03
3.551497e-01;4.433478e-01;2.254229e-02;7.847552e-03;1.334266e-02;1.759807e-02;8.280808e-02;1.347116e-02;2.470260e-02;8.590746e-03;8.856092e-03;1.743228e-03
3.745243e-01;4.210703e-01;1.918663e-02;1.044527e-02;1.422962e-02;1.916249e-02;7.123704e-02;1.948054e-02;2.312114e-02;1.041011e-02;1.452049e-02;2.612077e-03
4.104109e-01;3.574130e-01;1.893862e-02;9.447257e-03;3.126591e-02;1.972983e-02;6.563311e-02;3.549374e-02;1.627786e-02;1.111164e-02;2.027501e-02;4.003131e-03
4.318992e-01;2.675865e-01;1.934049e-02;8.010830e-03;2.836346e-02;3.559608e-02;6.929323e-02;4.282945e-02;1.876442e-02;1.786509e-02;5.236006e-02;8.091197e-03
3.769143e-01;1.863915e-01;2.047723e-02;1.099093e-02;1.727083e-02;6.059724e-02;1.021515e-01;5.749184e-02;2.283907e-02;2.946609e-02;1.010663e-01;1.434328e-02
2.541715e-01;1.836018e-01;1.964405e-02;1.487376e-02;3.638250e-02;7.568395e-02;1.577445e-01;6.512714e-02;2.497689e-02;4.104854e-02;1.133045e-01;1.344101e-02
1.770416e-01;2.686547e-01;2.498329e-02;1.695560e-02;4.711737e-02;7.218689e-02;1.805147e-01;7.149328e-02;1.950781e-02;4.320880e-02;6.798803e-02;1.034804e-02
3.721611e-01;3.188822e-01;2.893497e-02;1.098230e-02;2.993943e-02;2.405964e-02;9.310742e-02;3.394796e-02;1.536062e-02;1.693458e-02;4.742416e-02;8.265547e-03
4.375567e-01;3.369414e-01;1.784664e-02;1.059314e-02;1.614655e-02;1.927802e-02;6.209696e-02;3.037231e-02;1.586893e-02;1.513379e-02;3.335259e-02;4.812989e-03
4.277650e-01;3.173281e-01;1.239046e-02;9.983933e-03;1.312259e-02;2.136620e-02;8.217943e-02;4.160411e-02;1.274038e-02;1.194370e-02;4.244402e-02;7.132079e-03
3.864155e-01;2.901619e-01;2.677516e-02;1.179292e-02;2.322157e-02;1.853437e-02;1.168559e-01;2.789413e-02;1.544738e-02;2.270992e-02;5.419654e-02;5.994715e-03
2.733255e-01;2.346271e-01;3.781809e-02;1.406535e-02;2.494783e-02;2.350328e-02;1.496478e-01;5.432920e-02;2.371996e-02;6.058027e-02;7.935410e-02;2.408150e-02
1.989139e-01;2.275006e-01;5.096050e-02;2.708978e-02;2.150682e-02;2.074097e-02;1.147652e-01;8.979087e-02;2.792490e-02;7.378764e-02;1.017928e-01;4.522602e-02
3.414383e-01;2.826008e-01;3.235801e-02;3.093824e-02;2.033481e-02;2.338791e-02;6.293979e-02;6.375977e-02;1.912181e-02;3.106643e-02;7.072652e-02;2.132761e-02
3.832487e-01;2.962165e-01;2.249682e-02;2.863792e-02;2.904518e-02;2.083676e-02;6.597397e-02;5.094499e-02;1.730394e-02;2.654235e-02;4.800331e-02;1.074958e-02
3.493953e-01;2.315558e-01;2.942538e-02;2.647358e-02;3.064518e-02;2.508327e-02;9.196017e-02;8.203772e-02;1.644831e-02;3.603178e-02;6.673971e-02;1.420372e-02
2.741795e-01;9.108324e-02;4.964164e-02;1.975158e-02;3.369321e-02;5.071494e-02;1.655355e-01;1.559719e-01;2.965721e-02;3.867832e-02;7.576662e-02;1.532632e-02
2.571548e-01;1.599424e-01;4.477507e-02;2.221275e-02;2.648542e-02;4.723731e-02;1.819939e-01;1.341905e-01;2.909505e-02;2.616774e-02;5.367164e-02;1.707348e-02
2.485147e-01;1.822217e-01;4.980841e-02;3.965217e-02;2.896029e-02;5.029010e-02;1.775940e-01;4.566795e-02;3.773627e-02;2.654470e-02;9.323424e-02;1.977552e-02
2.229525e-01;1.911517e-01;3.967186e-02;5.822265e-02;3.417727e-02;6.666939e-02;1.521841e-01;8.751044e-02;4.586916e-02;2.744284e-02;5.059955e-02;2.354852e-02
8.727144e-02;1.137474e-01;5.889192e-02;9.187251e-02;3.797086e-02;1.069691e-01;1.569720e-01;1.485666e-01;5.743281e-02;3.311318e-02;6.874173e-02;3.845037e-02
6.953395e-02;8.727471e-02;5.511113e-02;1.054823e-01;3.670014e-02;1.505041e-01;1.298033e-01;1.725677e-01;5.876673e-02;3.928148e-02;5.177398e-02;4.320055e-02
9.893352e-02;9.097714e-02;4.376968e-02;1.026467e-01;3.067722e-02;1.724438e-01;7.736962e-02;1.714518e-01;4.877919e-02;5.526683e-02;6.088736e-02;4.679713e-02
1.453524e-01;1.067469e-01;4.721532e-02;6.386025e-02;5.049060e-02;1.271190e-01;6.133348e-02;1.323915e-01;4.920950e-02;8.490393e-02;8.945272e-02;4.192436e-02
1.694626e-01;1.337672e-01;5.327668e-02;4.105545e-02;5.169323e-02;8.593617e-02;8.909812e-02;1.016890e-01;5.691374e-02;8.907311e-02;9.309647e-02;3.493815e-02
1.561097e-01;2.218805e-01;5.221957e-02;3.696136e-02;4.933798e-02;6.490171e-02;1.233350e-01;1.089293e-01;4.333744e-02;5.954347e-02;5.756002e-02;2.588393e-02
1.239014e-01;2.321173e-01;6.527756e-02;3.928550e-02;4.524123e-02;8.001279e-02;1.537378e-01;1.135980e-01;3.235859e-02;6.351896e-02;2.767711e-02;2.327375e-02
4.555665e-02;1.723192e-01;7.101463e-02;4.599632e-02;8.883819e-02;1.358022e-01;2.164152e-01;7.792883e-02;2.416246e-02;5.794377e-02;5.110274e-02;1.291977e-02
2.417988e-02;1.020419e-01;4.031318e-02;2.936651e-02;1.103536e-01;1.648023e-01;3.614590e-01;7.894426e-02;2.421992e-02;2.551829e-02;2.670780e-02;1.209324e-02
3.419272e-02;4.321941e-02;1.396800e-02;1.853739e-02;9.240400e-02;2.242156e-01;4.278418e-01;9.023054e-02;2.030749e-02;1.002534e-02;9.846595e-03;1.521108e-02
3.542626e-02;2.368965e-02;1.120379e-02;1.814605e-02;6.965055e-02;2.921958e-01;4.497939e-01;5.761355e-02;9.665680e-03;1.044554e-02;9.097349e-03;1.307181e-02
3.760887e-02;3.069020e-02;1.508793e-02;1.644147e-02;5.557149e-02;2.820854e-01;4.308546e-01;1.090370e-01;5.900550e-03;5.631649e-03;8.614131e-03;2.476603e-03
3.880532e-02;1.264766e-02;1.052630e-02;1.491246e-02;4.978917e-02;2.808225e-01;4.416664e-01;1.312607e-01;4.937280e-03;5.014359e-03;7.272983e-03;2.345012e-03
2.851781e-02;9.794199e-03;6.820495e-03;1.315921e-02;5.664188e-02;2.849416e-01;4.482951e-01;1.234387e-01;5.934630e-03;4.720200e-03;1.090152e-02;6.834710e-03
3.559428e-02;1.215834e-02;1.329192e-02;1.832481e-02;5.717094e-02;2.905504e-01;4.282851e-01;1.062348e-01;9.820947e-03;7.308684e-03;1.197684e-02;9.282992e-03
3.433666e-02;2.454006e-02;2.757316e-02;2.591564e-02;8.493306e-02;2.902301e-01;3.887943e-01;6.349549e-02;1.790255e-02;9.610414e-03;1.928975e-02;1.337880e-02
1.680637e-02;3.204947e-02;3.052013e-02;2.605516e-02;9.709667e-02;2.867110e-01;3.762174e-01;5.433875e-02;2.951535e-02;1.116346e-02;1.991906e-02;1.960721e-02
3.846880e-02;1.802623e-02;2.212222e-02;2.591380e-02;9.281404e-02;2.827214e-01;4.139760e-01;4.087798e-02;3.061553e-02;9.970599e-03;1.495116e-02;9.542299e-03
4.087265e-02;1.342002e-02;8.156367e-03;1.687389e-02;5.675169e-02;2.566893e-01;4.590642e-01;1.049972e-01;1.706240e-02;9.432751e-03;1.083097e-02;5.848602e-03
2.395374e-02;1.407911e-02;8.060518e-03;1.247466e-02;4.745594e-02;2.392246e-01;4.699660e-01;1.450177e-01;8.747798e-03;6.197121e-03;1.604166e-02;8.781216e-03
2.346437e-02;2.418994e-02;1.466975e-02;1.970707e-02;7.007476e-02;2.380346e-01;4.432217e-01;1.104934e-01;9.945889e-03;4.289322e-03;2.498428e-02;1.692492e-02
4.197277e-02;9.575377e-02;3.578811e-02;3.451356e-02;7.161006e-02;1.834871e-01;3.538724e-01;9.827222e-02;1.175495e-02;1.217519e-02;3.583384e-02;2.496598e-02
1.057537e-01;2.182665e-01;5.891990e-02;3.449032e-02;4.905285e-02;1.193383e-01;2.443281e-01;7.633319e-02;1.471851e-02;2.600847e-02;3.788627e-02;1.490392e-02
1.764008e-01;3.253219e-01;5.860947e-02;3.618618e-02;4.571482e-02;8.288919e-02;1.257604e-01;6.046681e-02;2.501383e-02;3.247243e-02;2.579319e-02;5.371017e-03
2.595536e-01;2.509233e-01;4.557611e-02;7.203019e-02;7.357083e-02;7.081998e-02;7.210286e-02;4.483941e-02;3.318557e-02;4.872203e-02;9.388504e-03;1.928760e-02
1.952209e-01;2.117209e-01;6.280377e-02;7.772332e-02;6.559365e-02;8.559149e-02;8.678780e-02;4.757112e-02;4.671278e-02;8.008192e-02;1.495912e-02;2.523313e-02
1.070445e-01;2.203099e-01;1.155650e-01;7.667510e-02;6.449046e-02;9.527207e-02;9.246469e-02;5.972281e-02;5.610757e-02;6.764973e-02;2.552275e-02;1.917552e-02
3.154189e-02;1.524452e-01;1.111655e-01;6.705379e-02;5.359603e-02;1.235949e-01;2.357393e-01;8.258251e-02;4.905324e-02;4.010784e-02;2.805970e-02;2.506004e-02
5.245712e-02;8.632482e-02;7.343434e-02;3.151834e-02;5.039413e-02;1.728415e-01;3.258031e-01;1.010353e-01;3.160322e-02;2.258419e-02;2.327180e-02;2.873216e-02
5.659359e-02;4.194679e-02;4.000767e-02;5.296759e-02;3.490930e-02;1.887083e-01;3.520919e-01;1.442488e-01;2.164038e-02;2.612890e-02;1.692621e-02;2.383062e-02
4.986029e-02;1.875946e-02;4.714502e-02;7.387751e-02;5.685214e-02;1.864402e-01;3.584192e-01;1.156493e-01;2.936579e-02;2.141970e-02;1.774293e-02;2.446857e-02
4.607188e-02;8.940971e-02;7.029539e-02;7.051571e-02;9.384114e-02;1.468084e-01;2.853011e-01;8.035015e-02;4.794507e-02;2.982921e-02;1.891507e-02;2.071718e-02
1.099861e-01;1.962141e-01;6.412880e-02;7.640217e-02;8.206868e-02;1.079458e-01;1.769110e-01;6.334382e-02;4.006227e-02;4.670985e-02;1.699787e-02;1.922955e-02
2.434774e-01;2.297160e-01;5.352923e-02;6.394488e-02;4.925994e-02;7.722080e-02;1.032944e-01;5.273617e-02;2.408574e-02;4.113712e-02;5.018854e-02;1.140987e-02
3.490250e-01;9.505817e-02;3.768066e-02;4.539237e-02;3.382025e-02;5.884427e-02;7.028510e-02;6.085934e-02;1.829687e-02;4.862432e-02;1.752428e-01;6.870909e-03
2.621460e-01;1.442156e-01;2.582514e-02;1.833411e-02;2.971219e-02;3.980752e-02;1.124366e-01;6.266109e-02;2.346949e-02;4.858581e-02;2.248734e-01;7.933041e-03
1.804138e-01;6.205861e-02;2.897720e-02;5.412707e-02;3.851480e-02;7.002626e-02;1.807691e-01;1.043165e-01;5.428592e-02;5.613645e-02;1.584367e-01;1.193750e-02
1.103047e-01;5.195845e-02;4.070669e-02;1.077284e-01;3.834538e-02;8.609723e-02;1.981071e-01;1.639310e-01;6.337406e-02;6.129231e-02;5.756733e-02;2.058736e-02
7.687353e-02;1.005117e-01;6.033849e-02;1.030319e-01;4.701127e-02;7.696053e-02;1.518844e-01;1.660117e-01;6.413231e-02;6.985947e-02;6.642699e-02;1.695775e-02
