2.549521e-02;2.551367e-02;1.407753e-01;6.553781e-02;2.344668e-01;1.706623e-01;7.613234e-02;8.151600e-02;2.885189e-02;5.236774e-02;5.605494e-02;4.262598e-02
1.888357e-02;4.287782e-02;1.814946e-01;5.189641e-02;1.961559e-01;1.027036e-01;1.082353e-01;1.266595e-01;2.767827e-02;4.971623e-02;5.818617e-02;3.551263e-02
1.328267e-02;3.991926e-02;2.666776e-01;3.254405e-02;1.108936e-01;3.636540e-02;1.013770e-01;1.969317e-01;1.787970e-02;5.442994e-02;2.986133e-02;9.983765e-02
7.195269e-03;1.790191e-02;3.531711e-01;1.735041e-02;4.315200e-02;1.353800e-02;5.913590e-02;2.586311e-01;1.354623e-02;5.581112e-02;8.666584e-03;1.519004e-01
1.286388e-02;1.042478e-02;3.497906e-01;7.221610e-02;1.559287e-02;2.596129e-02;4.868158e-02;2.315141e-01;3.373361e-02;4.167534e-02;1.206866e-02;1.454772e-01
4.237263e-02;1.673910e-02;2.288231e-01;2.272381e-01;4.073573e-02;2.812671e-02;4.669671e-02;1.377029e-01;8.624417e-02;3.647711e-02;1.542575e-02;9.341801e-02
6.473172e-02;3.817264e-02;1.092768e-01;2.919991e-01;1.247366e-01;2.549381e-02;3.711921e-02;6.533219e-02;9.744065e-02;8.942179e-02;2.364802e-02;3.262744e-02
4.624067e-02;7.072145e-02;4.590606e-02;1.750425e-01;1.981549e-01;2.139706e-02;2.614679e-02;4.460813e-02;1.411770e-01;1.702026e-01;2.870451e-02;3.169825e-02
2.310143e-02;8.626468e-02;3.639831e-02;6.886847e-02;1.357701e-01;8.382602e-03;4.068324e-02;8.096495e-02;2.824654e-01;1.817934e-01;1.235762e-02;4.294974e-02
2.800391e-02;6.985085e-02;5.210479e-02;7.635693e-02;6.732452e-02;1.304672e-02;5.804202e-02;1.143135e-01;2.982233e-01;1.569224e-01;2.430242e-02;4.150864e-02
4.704655e-02;5.804031e-02;7.444163e-02;5.266082e-02;7.360540e-02;2.113693e-02;6.547520e-02;1.384625e-01;2.541696e-01;1.349836e-01;2.681738e-02;5.316018e-02
4.709701e-02;7.308362e-02;8.777054e-02;9.391578e-02;4.653772e-02;2.272847e-02;7.877789e-02;1.076349e-01;2.677235e-01;7.579173e-02;2.280422e-02;7.613463e-02
4.528872e-02;1.202664e-01;8.038243e-02;8.045406e-02;7.071435e-02;1.505516e-02;5.676394e-02;5.155187e-02;2.594400e-01;1.360059e-01;2.997329e-02;5.410387e-02
2.390683e-02;1.361267e-01;8.173852e-02;1.271352e-01;9.640782e-02;1.857892e-02;2.417147e-02;7.734206e-02;1.852737e-01;1.910120e-01;1.568523e-02;2.262161e-02
3.412614e-02;1.176097e-01;4.554515e-02;1.400492e-01;8.145444e-02;3.152037e-02;4.209903e-02;1.038291e-01;1.751490e-01;1.757702e-01;3.186771e-02;2.097995e-02
2.741919e-02;7.825862e-02;5.829676e-02;1.216798e-01;6.732603e-02;2.682398e-02;5.001707e-02;1.017245e-01;2.755919e-01;1.134544e-01;4.433118e-02;3.507647e-02
3.319552e-02;4.848954e-02;1.249115e-01;7.488430e-02;6.270669e-02;4.613118e-02;4.640666e-02;9.886831e-02;2.458063e-01;1.251391e-01;3.190160e-02;6.155929e-02
3.462343e-02;3.712174e-02;1.568384e-01;8.507037e-02;6.278451e-02;5.121329e-02;4.451304e-02;1.067325e-01;1.660685e-01;1.768358e-01;2.195541e-02;5.624310e-02
5.136235e-02;3.888413e-02;1.443345e-01;4.677018e-02;2.520591e-02;3.459571e-02;4.114198e-02;1.126683e-01;2.791378e-01;1.577303e-01;1.835480e-02;4.981405e-02
8.229009e-02;4.555979e-02;1.104370e-01;1.011288e-01;4.773982e-02;3.105860e-02;4.341409e-02;1.053869e-01;2.701059e-01;8.988695e-02;2.479178e-02;4.820023e-02
9.473208e-02;6.681656e-02;8.520202e-02;8.828010e-02;4.613790e-02;3.367158e-02;6.123196e-02;9.105495e-02;2.359500e-01;1.088363e-01;4.379727e-02;4.428929e-02
6.437130e-02;7.670501e-02;4.017323e-02;8.334148e-02;3.434318e-02;2.223213e-02;6.810798e-02;6.649664e-02;3.372715e-01;1.343538e-01;3.280478e-02;3.979890e-02
5.031597e-02;1.034762e-01;6.740552e-02;9.191810e-02;5.627039e-02;3.792436e-02;6.825092e-02;9.427124e-02;3.008476e-01;4.430150e-02;3.337634e-02;5.164186e-02
4.263205e-02;1.001488e-01;8.068721e-02;1.198969e-01;7.083602e-02;3.257419e-02;5.278048e-02;8.864650e-02;1.855491e-01;1.204926e-01;3.990148e-02;6.585468e-02
6.065584e-02;8.482675e-02;9.914026e-02;1.039830e-01;6.189949e-02;2.602995e-02;3.200500e-02;5.558748e-02;1.852569e-01;1.580408e-01;3.902338e-02;9.355113e-02
7.278381e-02;6.947029e-02;6.178390e-02;4.731314e-02;6.265065e-02;3.667324e-02;5.779065e-02;9.970190e-02;2.251375e-01;1.552266e-01;3.362958e-02;7.783867e-02
1.222550e-01;5.066575e-02;4.932474e-02;4.464007e-02;6.721171e-02;3.665941e-02;6.370536e-02;1.465799e-01;1.296769e-01;1.571086e-01;5.253968e-02;7.963284e-02
1.535486e-01;6.118251e-02;1.048540e-01;2.949987e-02;5.438023e-02;4.152535e-02;4.094083e-02;1.325024e-01;6.305873e-02;8.009033e-02;1.176718e-01;1.207454e-01
1.090993e-01;6.145496e-02;1.124802e-01;2.450561e-02;2.828908e-02;4.268544e-02;3.055030e-02;6.232756e-02;7.147925e-02;7.100550e-02;2.629126e-01;1.232101e-01
4.025654e-02;7.072826e-02;7.545041e-02;1.261779e-02;2.778099e-02;4.315311e-02;1.524495e-02;3.794105e-02;6.850276e-02;1.247903e-01;3.829776e-01;1.005562e-01
2.541869e-02;8.079981e-02;4.718419e-02;8.666535e-03;3.459357e-02;5.644219e-02;1.785394e-02;4.367418e-02;5.806994e-02;1.556689e-01;4.138239e-01;5.780404e-02
2.534955e-02;7.138710e-02;4.655053e-02;6.327331e-03;5.573169e-02;8.804514e-02;1.850237e-02;4.616582e-02;5.157764e-02;1.153540e-01;4.561890e-01;1.881981e-02
2.854550e-02;5.313919e-02;3.464474e-02;1.304868e-02;1.907298e-01;7.058937e-02;1.363489e-02;4.997826e-02;3.384381e-02;1.692776e-01;3.122040e-01;3.036414e-02
1.950325e-02;6.098907e-02;2.199009e-02;6.765483e-02;3.784333e-01;1.970986e-02;1.772076e-02;4.285787e-02;2.616482e-02;2.145829e-01;1.156464e-01;1.474684e-02
2.207573e-02;3.741816e-02;1.469782e-02;1.744491e-01;4.173283e-01;3.426717e-02;2.282644e-02;2.293696e-02;6.448134e-02;1.258168e-01;5.316950e-02;1.053279e-02
4.199227e-02;2.321109e-02;1.346397e-02;3.042114e-01;2.906857e-01;1.962625e-02;3.707504e-02;1.486971e-02;1.150377e-01;7.608999e-02;5.416575e-02;9.571203e-03
5.592703e-02;3.952374e-02;9.651904e-03;3.318158e-01;1.738968e-01;2.968783e-02;4.390670e-02;1.504937e-02;1.536197e-01;6.576014e-02;6.192205e-02;1.923887e-02
3.337860e-02;4.293886e-02;1.149189e-02;1.891198e-01;3.189433e-01;1.087693e-01;2.498006e-02;1.630610e-02;9.316070e-02;7.482917e-02;7.278302e-02;1.329920e-02
2.601405e-02;2.976539e-02;1.954067e-02;7.660361e-02;2.961903e-01;2.542575e-01;2.209929e-02;1.756766e-02;4.927211e-02;7.051534e-02;1.241488e-01;1.402526e-02
2.136986e-02;1.676707e-02;3.647859e-02;8.347747e-02;1.343573e-01;3.086450e-01;9.390337e-02;2.328072e-02;4.775543e-02;4.144931e-02;1.343675e-01;5.814847e-02
2.475088e-02;1.667862e-02;4.620719e-02;8.320575e-02;6.533072e-02;1.853208e-01;2.036453e-01;2.485711e-02;4.038702e-02;3.987981e-02;8.387833e-02;1.858585e-01
2.602031e-02;1.177352e-02;2.551115e-02;4.765687e-02;2.579357e-02;1.017499e-01;2.264683e-01;2.017417e-02;2.101296e-02;4.621206e-02;9.955696e-02;3.480702e-01
3.318706e-02;9.275042e-03;9.472153e-03;5.426442e-02;1.348934e-02;3.698176e-02;2.161502e-01;1.103316e-02;2.119778e-02;5.841772e-02;6.724764e-02;4.692836e-01
5.344276e-02;8.261136e-03;7.462014e-03;5.172034e-02;1.192155e-02;5.388181e-02;1.186856e-01;1.041604e-02;2.467102e-02;4.811811e-02;1.088050e-01;5.026146e-01
5.110006e-02;9.831725e-03;1.244831e-02;4.160936e-02;1.449329e-02;4.529108e-02;4.965261e-02;1.399316e-02;2.630580e-02;3.402811e-02;2.024349e-01;4.988115e-01
6.562800e-02;2.020168e-02;1.730667e-02;2.090330e-02;1.665929e-02;2.327176e-02;6.712953e-02;1.974309e-02;3.380943e-02;5.248032e-02;2.432126e-01;4.196543e-01
1.070729e-01;3.823896e-02;2.149635e-02;2.079175e-02;1.619103e-02;3.008026e-02;1.344157e-01;3.401085e-02;3.411655e-02;5.081910e-02;1.815619e-01;3.312047e-01
9.336719e-02;3.317107e-02;2.780812e-02;4.323450e-02;2.412291e-02;3.705459e-02;1.767897e-01;3.888690e-02;3.157901e-02;6.444205e-02;9.449442e-02;3.350495e-01
8.618759e-02;1.821955e-02;2.360177e-02;3.892514e-02;2.959516e-02;5.476723e-02;1.877632e-01;3.496131e-02;3.544033e-02;9.467918e-02;1.228105e-01;2.730491e-01
1.188772e-01;1.965583e-02;2.452262e-02;2.045782e-02;2.647400e-02;6.986023e-02;1.464832e-01;3.288315e-02;2.936029e-02;7.162524e-02;1.716801e-01;2.681204e-01
1.378330e-01;2.216636e-02;1.904587e-02;1.817311e-02;2.382584e-02;3.592964e-02;1.340442e-01;2.956316e-02;3.677318e-02;1.010187e-01;2.026429e-01;2.389840e-01
9.779908e-02;2.831675e-02;8.699766e-03;1.365731e-02;2.540569e-02;3.794692e-02;1.182828e-01;2.576884e-02;2.761265e-02;8.888527e-02;1.335921e-01;3.940329e-01
8.764782e-02;5.103099e-02;3.008500e-02;2.172077e-02;2.904771e-02;2.957528e-02;9.355464e-02;3.916304e-02;2.536781e-02;5.854418e-02;9.569108e-02;4.385717e-01
2.162482e-01;9.363185e-02;6.617208e-02;3.765597e-02;2.116427e-02;2.578837e-02;6.186162e-02;3.191951e-02;1.697782e-02;4.205571e-02;5.283572e-02;3.336889e-01
2.836288e-01;9.500207e-02;7.150144e-02;3.198028e-02;1.452409e-02;1.604872e-02;4.037151e-02;3.212084e-02;1.052175e-02;2.882752e-02;6.511350e-02;3.103595e-01
1.850243e-01;3.759361e-02;3.743213e-02;2.960318e-02;8.899054e-03;8.709392e-03;2.605620e-02;2.678887e-02;1.315779e-02;2.853200e-02;9.667175e-02;5.015317e-01
9.844625e-02;1.202089e-02;1.707765e-02;2.343353e-02;6.229195e-03;8.936912e-03;2.107248e-02;1.745523e-02;1.258342e-02;1.837543e-02;1.906714e-01;5.736976e-01
4.845202e-02;1.806068e-02;2.284889e-02;9.445484e-03;4.230650e-03;1.288433e-02;1.808553e-02;5.589277e-03;2.102918e-02;1.836302e-02;3.582687e-01;4.627422e-01
3.034903e-02;1.901745e-02;2.143297e-02;5.415318e-03;6.444925e-03;2.744255e-02;1.569623e-02;5.016794e-03;3.217855e-02;1.266844e-02;5.456256e-01;2.787122e-01
5.950483e-02;1.750409e-02;2.544263e-02;8.200476e-03;7.269888e-03;2.553980e-02;8.025397e-03;1.269687e-02;2.794701e-02;3.051373e-02;4.866348e-01;2.907205e-01
1.065313e-01;3.370417e-02;2.623275e-02;8.358327e-03;1.029718e-02;2.530505e-02;2.054853e-02;3.570133e-02;3.428470e-02;5.911482e-02;3.652445e-01;2.746774e-01
1.665683e-01;4.469950e-02;2.940387e-02;1.356054e-02;1.822135e-02;3.710122e-02;5.497484e-02;7.272667e-02;4.976398e-02;6.366900e-02;3.114154e-01;1.378953e-01
1.124040e-01;3.594790e-02;2.596053e-02;1.123023e-02;1.862055e-02;4.024116e-02;5.777491e-02;5.402128e-02;3.296257e-02;6.593210e-02;3.628814e-01;1.820235e-01
6.683727e-02;1.473435e-02;2.082929e-02;1.010798e-02;1.438472e-02;2.329990e-02;8.479790e-02;3.223162e-02;3.321609e-02;8.709999e-02;4.606020e-01;1.518589e-01
1.072435e-01;1.223347e-02;1.461384e-02;8.517222e-03;5.082384e-03;2.566916e-02;6.318121e-02;1.557837e-02;2.368697e-02;5.039517e-02;3.332647e-01;3.405339e-01
1.379192e-01;1.479005e-02;1.675967e-02;1.155577e-02;4.020218e-03;2.422077e-02;5.103624e-02;1.539848e-02;2.763642e-02;5.356472e-02;2.501093e-01;3.929893e-01
1.287267e-01;2.442281e-02;3.043194e-02;1.577693e-02;8.216704e-03;2.607714e-02;6.029591e-02;3.982309e-02;4.340183e-02;6.872989e-02;1.403342e-01;4.137628e-01
8.159047e-02;4.692835e-02;2.730722e-02;1.354735e-02;1.812147e-02;2.621203e-02;7.453481e-02;6.405701e-02;5.273154e-02;6.178227e-02;2.009498e-01;3.322376e-01
5.628431e-02;5.049164e-02;2.374027e-02;1.091641e-02;2.507986e-02;1.562695e-02;4.140958e-02;7.197177e-02;4.339121e-02;2.530021e-02;2.868304e-01;3.489574e-01
8.883658e-02;4.080075e-02;4.671311e-02;1.731395e-02;2.234442e-02;2.945347e-02;3.907482e-02;6.888460e-02;2.785150e-02;2.322804e-02;2.536413e-01;3.418574e-01
1.981592e-01;7.525574e-02;7.374967e-02;2.097970e-02;1.658813e-02;3.022781e-02;5.178604e-02;5.697157e-02;3.048138e-02;4.399458e-02;1.836089e-01;2.181973e-01
2.931561e-01;1.099654e-01;7.644998e-02;1.439738e-02;1.740657e-02;1.918432e-02;4.661894e-02;1.943574e-02;2.160023e-02;3.914329e-02;1.134504e-01;2.291917e-01
3.326277e-01;9.842229e-02;5.701693e-02;1.352859e-02;1.241669e-02;9.840300e-03;3.433227e-02;3.833490e-02;1.358291e-02;3.015869e-02;7.383631e-02;2.859024e-01
2.513872e-01;5.112648e-02;3.575118e-02;8.747455e-03;6.195848e-03;1.062278e-02;5.223455e-02;4.526144e-02;1.359310e-02;3.850426e-02;5.477271e-02;4.318030e-01
8.090280e-02;1.015470e-02;1.372308e-02;7.006253e-03;1.315721e-02;8.756525e-03;7.950365e-02;1.960954e-02;1.458439e-02;2.422108e-02;1.247418e-01;6.036389e-01
3.324400e-02;8.475611e-03;1.293848e-02;7.390838e-03;8.890386e-03;1.953319e-02;6.979311e-02;1.404033e-02;1.700149e-02;1.237945e-02;2.178100e-01;5.785030e-01
4.172851e-02;7.244127e-03;7.817375e-03;7.280712e-03;2.743560e-03;2.829336e-02;7.495151e-02;1.001754e-02;2.108241e-02;2.080098e-02;2.749347e-01;5.031052e-01
3.571052e-02;4.127325e-03;5.057714e-03;1.301602e-02;4.717644e-03;1.770587e-02;1.566508e-01;1.473199e-02;1.919809e-02;2.688857e-02;1.992510e-01;5.029445e-01
2.565803e-02;8.469287e-03;5.868779e-03;2.359850e-02;3.618329e-03;5.079137e-03;2.331692e-01;3.326512e-02;1.277983e-02;6.525285e-02;1.033743e-01;4.798667e-01
1.055131e-01;1.821667e-02;9.682087e-03;2.431900e-02;7.381692e-03;7.017188e-03;2.320575e-01;4.289648e-02;1.608215e-02;1.347659e-01;7.811821e-02;3.239500e-01
2.643531e-01;1.930242e-02;1.437372e-02;1.686505e-02;7.816524e-03;8.171857e-03;2.224388e-01;1.138514e-01;8.562773e-03;1.201177e-01;5.816367e-02;1.459831e-01
3.150939e-01;1.969014e-02;2.019174e-02;1.287196e-02;1.126966e-02;1.177583e-02;1.992429e-01;1.540891e-01;9.026102e-03;5.676524e-02;5.537628e-02;1.346071e-01
3.657709e-01;2.200204e-02;2.029451e-02;1.787236e-02;1.518438e-02;1.181932e-02;1.497551e-01;2.099376e-01;1.224755e-02;4.721765e-02;3.616820e-02;9.173039e-02
2.906930e-01;5.042240e-02;2.054848e-02;1.941847e-02;1.787370e-02;1.016802e-02;4.380579e-02;1.333655e-01;2.913476e-02;4.564210e-02;9.264050e-02;2.462873e-01
2.202181e-01;7.758047e-02;3.522270e-02;2.288098e-02;2.086602e-02;1.208115e-02;3.808264e-02;7.408603e-02;4.436081e-02;5.683987e-02;1.227673e-01;2.750140e-01
2.506224e-01;9.287843e-02;4.739807e-02;2.277040e-02;2.260084e-02;1.330203e-02;4.355315e-02;5.944389e-02;4.880155e-02;6.120262e-02;9.792607e-02;2.395006e-01
2.880181e-01;8.998469e-02;8.284350e-02;3.711430e-02;1.851067e-02;1.889588e-02;6.137539e-02;6.181541e-02;3.637384e-02;4.277782e-02;2.607914e-02;2.362112e-01
2.703772e-01;9.042501e-02;1.241634e-01;3.987768e-02;2.245566e-02;2.601262e-02;5.629386e-02;4.634960e-02;2.598055e-02;3.303705e-02;3.023471e-02;2.347926e-01
2.911652e-01;8.742115e-02;1.141330e-01;3.257859e-02;1.921062e-02;2.386140e-02;5.404301e-02;5.593664e-02;2.777734e-02;3.986984e-02;3.659857e-02;2.174046e-01
2.672176e-01;6.477600e-02;4.141344e-02;2.284568e-02;2.743381e-02;1.821928e-02;7.340828e-02;9.546084e-02;4.288865e-02;6.875508e-02;6.839627e-02;2.091851e-01
1.882763e-01;1.065549e-01;6.936808e-02;1.816843e-02;4.183876e-02;2.350026e-02;8.840539e-02;1.421456e-01;6.508026e-02;1.027750e-01;2.629447e-02;1.275925e-01
1.312684e-01;1.221275e-01;6.413514e-02;2.903341e-02;2.608169e-02;2.898307e-02;6.684130e-02;1.082372e-01;5.297475e-02;7.345784e-02;7.958730e-02;2.172724e-01
8.096916e-02;1.254222e-01;7.389847e-02;3.703747e-02;2.206819e-02;3.006805e-02;8.786444e-02;7.068017e-02;2.861400e-02;5.670282e-02;4.694734e-02;3.397277e-01
1.080155e-01;1.087888e-01;7.759011e-02;2.447885e-02;1.931890e-02;3.247893e-02;8.419331e-02;5.939273e-02;2.963218e-02;5.753051e-02;9.373619e-02;3.048441e-01
2.026936e-01;1.030753e-01;4.431995e-02;2.665714e-02;2.685026e-02;3.830433e-02;5.451028e-02;6.527818e-02;4.799749e-02;4.749975e-02;5.923229e-02;2.835815e-01
3.044758e-01;8.499783e-02;8.109165e-02;3.392100e-02;3.018985e-02;2.284796e-02;4.427584e-02;8.535845e-02;4.669180e-02;4.486025e-02;6.226752e-02;1.590221e-01
2.732063e-01;5.547259e-02;1.204116e-01;5.841893e-02;2.845044e-02;2.539177e-02;4.339251e-02;6.507944e-02;4.575390e-02;5.965945e-02;9.526482e-02;1.294983e-01
3.350486e-01;5.434650e-02;8.410744e-02;8.943410e-02;2.132875e-02;3.071730e-02;3.716647e-02;3.015120e-02;2.816800e-02;6.046649e-02;7.916202e-02;1.499031e-01
3.374728e-01;7.165372e-02;5.281011e-02;8.681729e-02;2.276604e-02;4.950696e-02;2.415418e-02;1.715209e-02;3.997098e-02;6.437316e-02;1.032339e-01;1.300887e-01
2.590276e-01;7.622749e-02;6.134749e-02;5.248453e-02;3.641396e-02;6.218322e-02;5.483461e-02;3.728994e-02;7.373764e-02;7.276322e-02;9.163542e-02;1.220549e-01
1.827136e-01;4.673994e-02;6.492572e-02;2.667063e-02;3.790352e-02;5.163779e-02;1.428317e-01;7.212245e-02;1.048219e-01;8.916435e-02;4.624283e-02;1.342255e-01
1.951232e-01;1.940501e-02;4.936775e-02;3.968245e-02;3.439109e-02;4.105992e-02;2.337457e-01;1.046235e-01;8.152092e-02;6.512756e-02;3.697041e-02;9.898244e-02
2.150793e-01;3.285066e-02;6.328654e-02;4.935183e-02;2.079259e-02;4.276590e-02;1.866016e-01;7.432687e-02;6.194439e-02;4.371130e-02;3.810454e-02;1.711845e-01
2.510570e-01;4.151021e-02;6.805517e-02;3.527854e-02;2.409218e-02;5.112367e-02;8.586513e-02;4.529447e-02;8.284423e-02;7.554345e-02;7.001580e-02;1.693201e-01
1.806882e-01;4.010845e-02;8.775680e-02;6.953097e-02;4.834476e-02;5.057517e-02;1.005583e-01;6.548335e-02;1.144409e-01;9.870160e-02;3.012794e-02;1.136836e-01
1.698812e-01;7.747652e-02;1.110351e-01;5.981832e-02;7.052684e-02;5.929411e-02;9.438539e-02;5.898117e-02;1.060322e-01;7.133376e-02;3.327886e-02;8.795663e-02
2.658317e-01;1.604742e-01;1.490664e-01;4.636851e-02;5.368257e-02;4.334652e-02;5.878279e-02;4.112286e-02;6.035167e-02;3.615310e-02;2.617125e-02;5.864840e-02
2.894250e-01;1.828679e-01;1.667670e-01;5.893624e-02;5.440656e-02;2.339220e-02;3.488336e-02;3.645660e-02;3.461963e-02;2.476963e-02;2.009026e-02;7.338566e-02
2.256575e-01;1.180534e-01;1.410234e-01;8.405816e-02;4.004643e-02;1.383370e-02;2.871753e-02;2.990986e-02;2.496821e-02;3.607086e-02;5.930658e-02;1.983545e-01
8.623254e-02;3.676853e-02;1.191487e-01;6.574874e-02;1.537733e-02;1.517995e-02;3.214932e-02;1.856096e-02;2.096052e-02;3.903970e-02;1.797763e-01;3.710574e-01
3.349305e-02;1.446777e-02;1.426690e-01;2.548591e-02;9.321555e-03;2.116561e-02;2.419283e-02;1.247301e-02;2.009148e-02;2.251533e-02;3.079371e-01;3.661873e-01
3.028831e-02;1.305288e-02;1.612963e-01;1.199735e-02;8.478155e-03;2.189396e-02;1.805566e-02;1.201199e-02;2.198171e-02;2.328919e-02;4.278083e-01;2.498462e-01
3.570877e-02;1.324971e-02;1.529512e-01;9.947157e-03;6.420046e-03;1.965594e-02;1.863360e-02;8.900137e-03;2.200850e-02;1.560049e-02;5.220793e-01;1.748451e-01
3.090638e-02;1.286848e-02;1.606209e-01;5.136084e-03;5.692031e-03;4.053103e-02;1.949832e-02;7.125311e-03;2.193610e-02;1.153803e-02;5.917968e-01;9.235059e-02
4.521259e-02;1.697123e-02;1.232820e-01;8.391993e-03;3.920999e-03;4.220391e-02;2.087637e-02;5.751301e-03;2.321157e-02;2.720799e-02;5.269938e-01;1.559763e-01
9.154233e-02;4.022023e-02;8.135245e-02;1.236982e-02;5.821509e-03;2.534436e-02;2.260811e-02;1.266308e-02;2.070652e-02;4.091930e-02;3.874452e-01;2.590071e-01
1.194540e-01;8.178017e-02;1.076683e-01;1.981694e-02;9.604053e-03;1.844725e-02;3.543892e-02;2.693047e-02;2.662963e-02;3.934725e-02;2.801582e-01;2.347248e-01
8.375386e-02;1.354823e-01;2.185936e-01;3.341513e-02;1.909812e-02;5.554716e-02;4.706836e-02;3.294901e-02;3.820724e-02;3.718936e-02;1.638860e-01;1.348099e-01
1.638110e-01;1.051035e-01;1.838624e-01;2.298259e-02;2.024266e-02;4.718303e-02;3.378771e-02;2.634539e-02;3.292859e-02;2.474511e-02;2.109807e-01;1.280274e-01
2.037580e-01;4.654715e-02;1.775746e-01;1.932769e-02;2.763844e-02;5.386081e-02;4.826061e-02;3.472636e-02;3.198122e-02;3.616870e-02;2.496983e-01;7.045820e-02
2.041793e-01;5.687193e-02;1.393569e-01;2.282016e-02;3.472307e-02;5.092442e-02;4.979069e-02;3.398769e-02;3.556642e-02;5.094197e-02;2.416367e-01;7.920080e-02
1.445370e-01;9.266090e-02;1.286465e-01;2.251761e-02;3.467757e-02;4.089125e-02;5.095416e-02;4.238534e-02;6.122097e-02;8.527100e-02;1.981190e-01;9.811864e-02
1.567485e-01;9.972554e-02;1.051588e-01;2.783683e-02;2.416624e-02;2.581743e-02;5.647051e-02;4.226282e-02;5.553612e-02;7.289960e-02;1.998172e-01;1.335604e-01
1.551699e-01;8.816136e-02;6.470864e-02;2.269275e-02;1.172793e-02;3.373554e-02;3.448562e-02;3.438666e-02;2.777418e-02;4.185260e-02;2.469062e-01;2.383986e-01
8.236130e-02;8.482166e-02;8.278728e-02;1.650393e-02;1.064119e-02;4.202339e-02;2.023457e-02;3.068838e-02;4.199192e-02;4.154241e-02;2.163374e-01;3.300667e-01
5.597448e-02;5.807730e-02;5.864803e-02;2.675242e-02;1.527394e-02;2.660674e-02;2.827470e-02;2.812406e-02;4.568110e-02;4.761579e-02;2.628860e-01;3.460855e-01
8.607843e-02;5.048021e-02;4.549460e-02;2.190506e-02;2.130793e-02;4.038778e-02;4.128870e-02;3.057854e-02;4.649153e-02;5.996327e-02;3.282481e-01;2.277759e-01
1.788016e-01;1.099051e-01;1.165441e-01;3.762997e-02;3.103625e-02;5.111025e-02;5.714968e-02;6.471746e-02;6.440927e-02;4.235087e-02;1.878689e-01;5.847647e-02
2.513473e-01;1.944508e-01;1.453741e-01;3.946152e-02;1.669797e-02;4.248787e-02;6.842903e-02;6.255686e-02;3.924386e-02;2.007450e-02;7.314102e-02;4.673507e-02
2.751497e-01;3.179621e-01;1.212413e-01;3.017303e-02;8.476422e-03;2.733426e-02;5.668052e-02;5.563156e-02;2.442230e-02;1.073625e-02;2.962684e-02;4.256564e-02
2.674198e-01;4.396303e-01;8.356538e-02;2.364175e-02;1.210985e-02;1.379935e-02;2.993496e-02;4.150958e-02;4.329756e-02;1.019215e-02;1.651119e-02;1.838816e-02
4.133498e-01;3.403348e-01;7.510766e-02;1.223867e-02;1.511155e-02;7.620297e-03;1.540009e-02;3.309476e-02;4.194115e-02;1.256991e-02;1.182993e-02;2.140133e-02
6.246575e-01;1.830901e-01;2.279098e-02;5.854160e-03;1.769196e-02;4.466019e-03;1.337530e-02;3.399011e-02;2.848310e-02;1.286958e-02;1.379450e-02;3.893675e-02
7.312428e-01;8.583753e-02;1.027535e-02;1.002976e-02;1.265364e-02;6.562996e-03;1.057154e-02;4.125670e-02;1.815731e-02;1.496905e-02;1.286835e-02;4.557494e-02
7.708002e-01;7.875863e-02;1.034289e-02;8.293157e-03;1.332918e-02;7.627327e-03;6.507315e-03;3.921602e-02;1.025722e-02;9.591823e-03;7.492863e-03;3.778337e-02
8.157077e-01;5.029437e-02;8.180954e-03;4.402671e-03;1.736579e-02;9.339226e-03;9.056157e-03;3.953804e-02;1.271950e-02;7.288855e-03;5.726449e-03;2.038025e-02
6.852648e-01;1.284862e-01;2.867369e-02;9.956622e-03;2.210115e-02;1.292724e-02;1.183702e-02;3.406426e-02;1.536285e-02;1.607935e-02;7.702634e-03;2.754412e-02
3.612054e-01;3.981548e-01;7.880729e-02;1.381994e-02;1.998715e-02;1.535561e-02;1.118354e-02;2.248770e-02;2.618454e-02;1.440617e-02;1.538851e-02;2.301944e-02
3.827641e-01;3.281602e-01;1.664885e-01;3.681007e-02;1.156031e-02;1.018762e-02;7.184719e-03;9.828065e-03;1.609398e-02;1.048162e-02;1.022845e-02;1.021228e-02
3.366195e-01;2.422336e-01;2.773603e-01;6.268553e-02;1.600192e-02;1.181206e-02;5.325754e-03;5.929442e-03;1.021858e-02;1.099928e-02;6.753562e-03;1.406044e-02
3.329854e-01;1.885423e-01;2.894080e-01;8.293448e-02;1.513410e-02;1.513113e-02;9.421735e-03;1.376635e-02;9.623031e-03;1.482226e-02;1.342321e-02;1.480806e-02
3.646506e-01;2.183129e-01;1.482954e-01;1.096716e-01;3.841208e-02;2.178625e-02;1.009206e-02;2.268131e-02;1.757590e-02;1.674630e-02;1.398664e-02;1.778906e-02
3.848855e-01;1.578699e-01;1.570831e-01;1.139636e-01;4.996950e-02;2.075152e-02;1.468770e-02;1.917723e-02;1.810310e-02;2.400199e-02;1.334648e-02;2.616029e-02
3.774776e-01;1.303729e-01;2.633787e-01;4.735305e-02;3.277924e-02;1.359805e-02;3.032588e-02;2.270982e-02;2.042630e-02;2.303595e-02;1.570726e-02;2.283515e-02
3.118938e-01;1.329186e-01;2.613709e-01;4.280869e-02;2.784751e-02;1.926703e-02;6.648578e-02;2.247188e-02;2.891413e-02;2.774216e-02;2.765558e-02;3.062391e-02
2.220361e-01;2.436268e-01;1.983129e-01;5.209444e-02;3.884097e-02;2.813780e-02;8.493339e-02;2.980627e-02;2.288003e-02;2.611913e-02;3.049676e-02;2.271534e-02
2.955325e-01;3.418991e-01;1.194246e-01;2.314582e-02;4.326885e-02;1.847453e-02;4.363220e-02;3.306584e-02;1.788324e-02;1.345700e-02;2.995109e-02;2.026530e-02
2.539722e-01;3.094387e-01;1.727444e-01;4.260453e-02;4.552003e-02;1.753338e-02;3.111535e-02;3.775002e-02;2.030278e-02;1.480773e-02;3.079020e-02;2.342070e-02
1.579223e-01;2.045476e-01;2.847522e-01;7.777885e-02;5.142561e-02;2.568503e-02;3.432972e-02;4.488894e-02;2.697309e-02;1.666525e-02;2.072738e-02;5.430394e-02
3.304641e-01;1.713503e-01;1.552824e-01;4.317692e-02;2.693263e-02;1.734161e-02;6.722411e-02;3.944266e-02;3.358252e-02;3.732108e-02;3.792953e-02;3.995205e-02
2.733347e-01;1.141060e-01;8.269609e-02;4.492516e-02;3.420566e-02;2.530532e-02;1.023189e-01;6.107529e-02;7.009290e-02;6.662290e-02;6.881473e-02;5.650233e-02
2.938950e-01;1.405285e-01;4.875578e-02;5.851467e-02;4.376840e-02;2.940308e-02;9.950862e-02;7.081790e-02;4.911567e-02;4.917087e-02;5.553515e-02;6.098636e-02
3.850112e-01;1.773471e-01;8.536457e-02;4.392101e-02;3.717708e-02;2.589456e-02;6.971265e-02;5.979596e-02;2.035440e-02;2.491273e-02;2.403390e-02;4.647483e-02
5.174490e-01;1.822967e-01;8.534820e-02;2.296311e-02;2.422506e-02;1.495967e-02;4.020108e-02;3.550394e-02;1.637066e-02;1.525494e-02;1.004216e-02;3.538547e-02
6.781931e-01;1.102960e-01;3.178345e-02;9.071182e-03;1.536055e-02;9.017368e-03;2.354760e-02;3.990032e-02;2.236713e-02;1.778518e-02;1.551656e-02;2.716153e-02
7.071094e-01;4.647852e-02;8.970294e-03;9.043313e-03;1.062267e-02;8.864382e-03;1.270702e-02;6.395007e-02;1.861916e-02;1.786254e-02;2.576524e-02;7.000743e-02
6.263096e-01;2.938194e-02;1.368375e-02;1.198293e-02;1.338920e-02;6.470715e-03;1.731267e-02;8.419775e-02;1.402405e-02;2.238812e-02;1.448208e-02;1.463773e-01
4.261628e-01;2.902755e-02;1.598795e-02;1.619790e-02;1.030426e-02;4.530278e-03;3.333710e-02;6.169082e-02;1.287727e-02;3.325459e-02;2.674983e-02;3.298797e-01
2.209585e-01;1.051378e-02;1.724390e-02;2.282161e-02;6.897729e-03;1.059256e-02;3.761071e-02;3.906367e-02;9.108437e-03;3.762270e-02;6.035112e-02;5.272152e-01
1.237564e-01;6.341895e-03;1.548787e-02;1.613416e-02;5.879469e-03;1.553010e-02;6.471362e-02;2.270737e-02;1.428250e-02;3.012419e-02;1.657652e-01;5.192773e-01
8.336053e-02;1.346248e-02;1.897558e-02;6.802041e-03;8.293930e-03;1.950966e-02;8.387899e-02;1.404360e-02;1.622656e-02;1.176629e-02;3.682927e-01;3.553877e-01
7.031351e-02;1.180872e-02;2.363707e-02;5.599739e-03;1.045567e-02;4.845096e-02;5.039243e-02;1.452846e-02;1.395397e-02;1.368483e-02;5.443457e-01;1.928289e-01
5.326007e-02;8.338739e-03;2.171352e-02;7.335066e-03;1.387926e-02;8.086353e-02;2.481148e-02;3.247805e-02;1.244572e-02;2.281852e-02;5.760493e-01;1.460067e-01
2.992962e-02;1.120165e-02;1.381581e-02;9.368562e-03;1.382632e-02;1.103596e-01;3.917721e-02;3.590596e-02;1.033987e-02;1.578868e-02;6.277292e-01;8.255742e-02
4.200428e-02;1.047532e-02;1.287622e-02;7.303458e-03;1.216562e-02;5.345978e-02;4.044276e-02;1.862449e-02;8.198295e-03;1.772918e-02;5.101224e-01;2.665982e-01
6.363460e-02;1.558056e-02;1.392565e-02;7.418926e-03;1.199884e-02;3.855290e-02;3.387521e-02;1.713194e-02;1.036839e-02;2.772064e-02;6.080067e-01;1.517857e-01
4.274142e-02;1.371813e-02;1.464978e-02;9.185854e-03;7.128028e-03;3.557458e-02;2.366296e-02;1.817745e-02;1.872810e-02;1.861335e-02;5.527161e-01;2.451043e-01
2.576818e-02;1.031427e-02;8.809963e-03;9.628339e-03;8.286966e-03;8.450641e-02;2.940143e-02;2.334061e-02;1.401355e-02;1.726760e-02;4.575773e-01;3.110854e-01
1.821616e-02;1.050763e-02;1.048879e-02;8.481000e-03;1.038990e-02;1.116732e-01;2.756746e-02;2.189232e-02;1.031762e-02;2.372556e-02;4.876049e-01;2.591354e-01
4.415087e-02;1.113024e-02;9.710358e-03;7.888132e-03;1.115389e-02;9.428225e-02;2.476890e-02;1.967973e-02;1.152987e-02;4.469840e-02;6.071622e-01;1.138451e-01
6.293531e-02;1.203417e-02;6.161274e-03;4.101717e-03;7.578779e-03;6.105965e-02;1.655922e-02;1.815073e-02;7.350420e-03;6.145293e-02;6.940861e-01;4.852971e-02
7.667350e-02;1.436088e-02;6.136167e-03;6.267234e-03;6.632489e-03;2.962299e-02;2.220230e-02;1.944645e-02;1.052915e-02;3.684245e-02;5.738146e-01;1.974718e-01
1.788590e-01;2.579106e-02;2.426245e-02;8.766956e-03;8.704983e-03;1.407913e-02;4.047733e-02;1.463113e-02;1.277449e-02;1.788235e-02;3.493280e-01;3.044431e-01
3.442416e-01;1.211841e-01;7.253226e-02;1.211865e-02;7.221959e-03;1.225765e-02;2.327101e-02;9.553828e-03;4.522466e-03;2.454983e-02;1.784434e-01;1.901033e-01
3.661222e-01;2.081978e-01;1.159394e-01;1.471919e-02;8.147840e-03;2.071137e-02;1.548006e-02;1.273780e-02;4.487005e-03;1.948581e-02;1.231170e-01;9.085450e-02
3.228635e-01;2.304656e-01;1.129968e-01;1.490253e-02;8.388807e-03;4.578979e-02;1.624899e-02;1.432649e-02;7.950557e-03;1.398373e-02;1.034944e-01;1.085888e-01
2.981170e-01;1.457058e-01;5.416134e-02;9.913193e-03;1.629017e-02;5.942377e-02;2.524709e-02;1.646744e-02;1.026922e-02;2.451159e-02;1.645578e-01;1.753356e-01
2.252468e-01;3.659952e-02;6.180414e-02;1.093033e-02;1.905100e-02;5.361847e-02;4.748444e-02;1.783606e-02;1.354836e-02;4.440686e-02;2.772047e-01;1.922693e-01
1.301910e-01;3.707550e-02;5.364373e-02;1.217715e-02;9.162328e-03;3.056028e-02;4.037667e-02;1.404137e-02;2.712739e-02;5.614746e-02;3.275729e-01;2.619242e-01
1.275829e-01;3.831339e-02;4.381132e-02;1.498597e-02;1.186737e-02;2.825153e-02;5.122036e-02;2.254623e-02;3.291021e-02;5.386674e-02;2.586799e-01;3.159641e-01
1.208514e-01;6.815946e-02;5.062269e-02;6.702260e-03;1.261815e-02;3.071612e-02;8.668911e-02;3.084216e-02;2.982215e-02;5.098059e-02;3.035240e-01;2.084719e-01
1.745781e-01;1.111894e-01;4.607527e-02;1.274369e-02;1.401735e-02;1.969840e-02;7.808851e-02;2.850981e-02;2.974683e-02;4.351839e-02;2.986990e-01;1.431352e-01
1.548052e-01;1.041119e-01;6.471280e-02;1.042858e-02;1.448765e-02;1.945718e-02;5.871174e-02;3.164333e-02;2.756426e-02;5.108676e-02;2.390106e-01;2.239801e-01
8.336876e-02;5.895121e-02;1.034221e-01;8.945400e-03;1.664945e-02;3.171659e-02;5.515836e-02;2.709446e-02;3.880658e-02;6.005789e-02;2.348790e-01;2.809502e-01
1.406437e-01;5.899470e-02;1.160302e-01;1.683809e-02;1.848195e-02;4.382946e-02;4.770089e-02;2.066389e-02;3.627275e-02;6.695540e-02;2.328201e-01;2.007688e-01
2.288128e-01;1.398036e-01;1.205179e-01;2.138010e-02;2.062547e-02;3.098558e-02;4.686833e-02;2.959996e-02;3.591227e-02;5.727437e-02;1.735951e-01;9.462454e-02
1.348203e-01;1.138129e-01;1.768930e-01;2.673278e-02;1.218317e-02;3.256018e-02;4.982936e-02;3.604254e-02;5.013460e-02;7.113053e-02;1.464308e-01;1.494299e-01
1.445252e-01;5.870707e-02;1.732013e-01;3.808369e-02;2.420281e-02;3.424351e-02;5.973467e-02;2.115912e-02;3.806657e-02;7.239515e-02;2.040612e-01;1.316198e-01
1.924856e-01;3.532739e-02;8.494341e-02;3.198002e-02;2.038075e-02;4.956518e-02;3.454340e-02;1.156775e-02;1.628232e-02;2.892507e-02;2.792504e-01;2.147487e-01
2.368928e-01;7.183104e-02;4.755225e-02;2.305669e-02;1.909740e-02;5.865092e-02;2.033675e-02;1.207498e-02;2.793963e-02;3.960071e-02;2.857958e-01;1.571710e-01
2.746227e-01;9.365902e-02;5.566527e-02;2.168581e-02;1.945888e-02;6.278013e-02;5.176746e-02;1.935721e-02;4.475090e-02;4.164620e-02;2.737082e-01;4.089823e-02
2.216507e-01;7.862789e-02;7.585003e-02;2.088316e-02;2.020449e-02;4.389364e-02;6.215033e-02;2.170962e-02;3.683659e-02;3.407130e-02;2.464853e-01;1.376370e-01
1.733502e-01;7.381083e-02;8.652176e-02;4.202770e-02;2.132239e-02;2.538596e-02;6.054027e-02;2.011373e-02;1.480549e-02;3.655298e-02;3.156494e-01;1.299192e-01
1.034788e-01;5.858454e-02;7.327209e-02;4.549646e-02;2.587860e-02;3.060055e-02;6.296098e-02;2.427551e-02;2.878890e-02;5.346560e-02;3.581417e-01;1.350562e-01
6.362294e-02;4.349426e-02;7.183118e-02;2.853519e-02;3.987452e-02;4.966874e-02;9.335061e-02;3.259922e-02;4.023616e-02;6.753711e-02;3.958077e-01;7.344232e-02
1.163708e-01;5.853958e-02;8.266084e-02;2.837636e-02;2.029699e-02;4.332884e-02;8.429380e-02;2.760964e-02;3.862542e-02;5.477193e-02;3.258503e-01;1.192754e-01
2.000537e-01;9.654358e-02;8.128091e-02;3.153703e-02;2.116278e-02;4.452751e-02;7.909188e-02;3.353153e-02;4.214461e-02;4.565870e-02;2.402115e-01;8.425624e-02
