6.749052e-02;3.668349e-02;1.115331e-01;8.095725e-02;7.603469e-02;8.806624e-02;1.146389e-01;7.326257e-02;1.204735e-01;9.283108e-02;5.158706e-02;8.644161e-02
8.896048e-02;3.419635e-02;1.103926e-01;5.453033e-02;1.096553e-01;7.210004e-02;1.158115e-01;8.289454e-02;1.173317e-01;9.503592e-02;5.532791e-02;6.376342e-02
7.300362e-02;4.186165e-02;1.510075e-01;6.443196e-02;7.306922e-02;1.029103e-01;1.485439e-01;8.195692e-02;1.086779e-01;7.387257e-02;3.902572e-02;4.163878e-02
4.584533e-02;5.346477e-02;1.705257e-01;7.556695e-02;5.243092e-02;9.531271e-02;1.708624e-01;7.733077e-02;1.078146e-01;5.970677e-02;5.022454e-02;4.091451e-02
4.673875e-02;6.582044e-02;1.096463e-01;7.018081e-02;8.257508e-02;1.098451e-01;1.387549e-01;1.059603e-01;8.991341e-02;8.627120e-02;6.148345e-02;3.281024e-02
3.751740e-02;4.955674e-02;1.145869e-01;5.771499e-02;8.287443e-02;1.185830e-01;1.025016e-01;1.144208e-01;1.047870e-01;1.256431e-01;4.243561e-02;4.937844e-02
5.067290e-02;4.849510e-02;1.656221e-01;5.737568e-02;6.270858e-02;8.919107e-02;1.282698e-01;7.566716e-02;1.064098e-01;1.156806e-01;4.135165e-02;5.855546e-02
9.192833e-02;3.833888e-02;1.439383e-01;4.991879e-02;8.485431e-02;1.063717e-01;1.174843e-01;4.883441e-02;9.080961e-02;9.182244e-02;5.817464e-02;7.752433e-02
6.182974e-02;6.936082e-02;8.855747e-02;6.215417e-02;1.073839e-01;1.399348e-01;8.784846e-02;4.937745e-02;6.467433e-02;1.141656e-01;6.366571e-02;9.104760e-02
6.881802e-02;6.514160e-02;9.337405e-02;6.676824e-02;7.097669e-02;9.510484e-02;1.428760e-01;5.210535e-02;9.129814e-02;7.489857e-02;8.980007e-02;8.883841e-02
5.079234e-02;3.564364e-02;1.018023e-01;6.047091e-02;3.171892e-02;4.319478e-02;1.420183e-01;9.558247e-02;2.182990e-01;9.346612e-02;4.515825e-02;8.185294e-02
3.069212e-02;2.878265e-02;7.067958e-02;9.976859e-02;1.586085e-02;2.969083e-02;1.092667e-01;9.756056e-02;3.193940e-01;1.193862e-01;2.369855e-02;5.521931e-02
3.119927e-02;2.226448e-02;6.126679e-02;1.579742e-01;9.970827e-03;3.771187e-02;5.850206e-02;6.954406e-02;3.509186e-01;1.135629e-01;2.644214e-02;6.064277e-02
2.686465e-02;1.120899e-02;1.997789e-01;1.567784e-01;7.894211e-03;4.511013e-02;2.736863e-02;7.659115e-02;2.166536e-01;6.460849e-02;1.810344e-02;1.490394e-01
1.076008e-02;1.516695e-02;3.714188e-01;1.144651e-01;5.179773e-03;3.409867e-02;2.755160e-02;9.197032e-02;7.681274e-02;4.354864e-02;4.617027e-03;2.044103e-01
8.559437e-03;8.968374e-03;4.693525e-01;5.703816e-02;4.722070e-03;2.026875e-02;3.067551e-02;8.297193e-02;3.020571e-02;4.683326e-02;4.348659e-03;2.360557e-01
4.046031e-02;7.435618e-03;3.966748e-01;1.095313e-01;8.955457e-03;3.033039e-02;2.488308e-02;6.632402e-02;4.763158e-02;4.089673e-02;6.809106e-03;2.200677e-01
1.174442e-01;9.356508e-03;1.961875e-01;2.984350e-01;7.678969e-03;2.164959e-02;2.531290e-02;4.055087e-02;1.456872e-01;2.795601e-02;4.901454e-03;1.048398e-01
2.050668e-01;7.602864e-03;4.027668e-02;3.927634e-01;7.318045e-03;8.350017e-03;4.246435e-02;2.658031e-02;2.318435e-01;1.550797e-02;2.142561e-03;2.008353e-02
2.081792e-01;8.437592e-03;2.991671e-02;2.950545e-01;1.597390e-02;8.713453e-03;7.462545e-02;3.363685e-02;2.704595e-01;2.645808e-02;5.873024e-03;2.267176e-02
1.540011e-01;1.304173e-02;5.100727e-02;1.602695e-01;4.304759e-02;1.660539e-02;1.227004e-01;6.879171e-02;2.736764e-01;5.221013e-02;1.597709e-02;2.867159e-02
1.090595e-01;2.165228e-02;7.019076e-02;1.115276e-01;4.763008e-02;2.446654e-02;1.913791e-01;8.545787e-02;2.185382e-01;6.244994e-02;1.610966e-02;4.153854e-02
7.734236e-02;1.791531e-02;9.307312e-02;1.009141e-01;3.547075e-02;2.709374e-02;2.203630e-01;9.050296e-02;2.216367e-01;5.125326e-02;8.199830e-03;5.623488e-02
9.026206e-02;1.577602e-02;7.707307e-02;1.658765e-01;4.355461e-02;1.783782e-02;1.689127e-01;1.163971e-01;1.844351e-01;3.864446e-02;8.548117e-03;7.268249e-02
1.044230e-01;2.370701e-02;4.657590e-02;2.240741e-01;3.978446e-02;2.265669e-02;1.422673e-01;7.816853e-02;1.510546e-01;5.776286e-02;2.918709e-02;8.033855e-02
7.364351e-02;3.328644e-02;3.328148e-02;1.605789e-01;8.397822e-02;2.485477e-02;7.631963e-02;3.833616e-02;1.682663e-01;2.205674e-01;3.512384e-02;5.176340e-02
3.844447e-02;3.996935e-02;2.827441e-02;4.827137e-02;1.415137e-01;1.613991e-02;3.015645e-02;3.399541e-02;1.297231e-01;4.239397e-01;4.273350e-02;2.683859e-02
2.381783e-02;4.567327e-02;2.563141e-02;2.689284e-02;1.333925e-01;1.028716e-02;1.147407e-02;4.108860e-02;7.061959e-02;5.356416e-01;6.275151e-02;1.272957e-02
8.635190e-03;4.467811e-02;1.117675e-02;2.368536e-02;1.088856e-01;5.636299e-03;6.513092e-03;2.691032e-02;6.191572e-02;6.295153e-01;6.472524e-02;7.722911e-03
6.058333e-03;4.099162e-02;5.290524e-03;2.155492e-02;9.302678e-02;3.485600e-03;4.964488e-03;1.466495e-02;1.272644e-01;6.384966e-01;4.088641e-02;3.315400e-03
1.072539e-02;2.975230e-02;1.127952e-02;2.619971e-02;6.558768e-02;3.893635e-03;1.445960e-02;3.436150e-02;2.654129e-01;5.051909e-01;2.892954e-02;4.207272e-03
3.217758e-02;2.727768e-02;1.891172e-02;3.382144e-02;5.052808e-02;1.017022e-02;7.149854e-02;5.299705e-02;3.376491e-01;3.230543e-01;2.838305e-02;1.353126e-02
4.826971e-02;3.625894e-02;1.974012e-02;4.162977e-02;9.976473e-02;3.365394e-02;1.769421e-01;6.110428e-02;1.798290e-01;2.563325e-01;2.348293e-02;2.299192e-02
4.089698e-02;2.562699e-02;1.870266e-02;3.014223e-02;1.281540e-01;7.221662e-02;2.443918e-01;6.773168e-02;1.260573e-01;2.039323e-01;2.604723e-02;1.610023e-02
4.014516e-02;1.282263e-02;3.851683e-02;3.505254e-02;1.695201e-01;1.032172e-01;1.938048e-01;3.270045e-02;1.123898e-01;2.086029e-01;2.251553e-02;3.071202e-02
4.097690e-02;3.244237e-02;7.910100e-02;4.062231e-02;1.753123e-01;8.561183e-02;9.589887e-02;1.895228e-02;9.337255e-02;2.379322e-01;2.280816e-02;7.696924e-02
1.527034e-01;2.577534e-02;6.230439e-02;4.388259e-02;8.669248e-02;4.358805e-02;9.956984e-02;3.017122e-02;1.841682e-01;1.598662e-01;2.786151e-02;8.341672e-02
2.253750e-01;1.909343e-02;3.152262e-02;6.395587e-02;3.421636e-02;2.043237e-02;6.130561e-02;2.103239e-02;3.037350e-01;1.440122e-01;2.596548e-02;4.935372e-02
1.596345e-01;1.268058e-02;1.249460e-02;9.224615e-02;2.212082e-02;1.111226e-02;3.273839e-02;2.018089e-02;4.244140e-01;1.520640e-01;2.506167e-02;3.525209e-02
1.752123e-01;8.798388e-03;1.239664e-02;1.207561e-01;1.445776e-02;8.072098e-03;2.458181e-02;1.760745e-02;4.385164e-01;1.227355e-01;2.680675e-02;3.005878e-02
2.036167e-01;8.851834e-03;3.542346e-02;1.493215e-01;6.557040e-03;1.749102e-02;2.620954e-02;3.618965e-02;3.886799e-01;6.884121e-02;3.092119e-02;2.789695e-02
8.652893e-02;8.144111e-03;1.093993e-01;1.493426e-01;8.894894e-03;5.186007e-02;2.331402e-02;9.388464e-02;3.163395e-01;2.677382e-02;1.837539e-02;1.071428e-01
2.165808e-02;5.959986e-03;1.955625e-01;8.832517e-02;1.349051e-02;6.462547e-02;2.141794e-02;1.410918e-01;1.780269e-01;3.903372e-02;7.363047e-03;2.234449e-01
1.746280e-02;1.370093e-02;2.416566e-01;4.675402e-02;7.673420e-03;4.675219e-02;2.822906e-02;1.722138e-01;7.422157e-02;4.759576e-02;7.455549e-03;2.962843e-01
1.306970e-02;2.364538e-02;2.561167e-01;1.431664e-02;4.629452e-03;2.730841e-02;4.464759e-02;2.005089e-01;2.331536e-02;8.913749e-02;9.722329e-03;2.935821e-01
1.947455e-02;3.510806e-02;2.322244e-01;1.920712e-02;1.300794e-02;1.720457e-02;1.174428e-01;1.978587e-01;2.003950e-02;1.084175e-01;2.668273e-02;1.933322e-01
9.382365e-03;6.424388e-02;1.595365e-01;3.311149e-02;2.854081e-02;3.249701e-02;2.564289e-01;1.504536e-01;4.596836e-02;6.063087e-02;8.486592e-02;7.434016e-02
7.586380e-03;1.028481e-01;6.869787e-02;3.319862e-02;3.582276e-02;6.008653e-02;3.356509e-01;1.127320e-01;5.727038e-02;2.048665e-02;1.297574e-01;3.586231e-02
1.290044e-02;1.278642e-01;3.969297e-02;4.121850e-02;4.682280e-02;9.317601e-02;3.415609e-01;7.588147e-02;5.158184e-02;2.150182e-02;1.173022e-01;3.049691e-02
3.521366e-02;1.186509e-01;7.843694e-02;5.693202e-02;5.441124e-02;9.720850e-02;2.726714e-01;7.738172e-02;4.319528e-02;3.798554e-02;6.501400e-02;6.289880e-02
4.229173e-02;8.576024e-02;1.132635e-01;4.615912e-02;4.294949e-02;7.931570e-02;2.906793e-01;6.622257e-02;3.488423e-02;5.351805e-02;8.374561e-02;6.121044e-02
2.537545e-02;6.527871e-02;9.825876e-02;1.824045e-02;3.512778e-02;7.343920e-02;3.971533e-01;8.385415e-02;4.164105e-02;5.021143e-02;8.717787e-02;2.424183e-02
2.112158e-02;4.877347e-02;4.994402e-02;1.383047e-02;2.927500e-02;4.705972e-02;4.437395e-01;9.715836e-02;4.576106e-02;2.957350e-02;1.328316e-01;4.093163e-02
1.121630e-02;3.473534e-02;3.171802e-02;2.463764e-02;4.500647e-02;3.016696e-02;4.851753e-01;9.388088e-02;3.125167e-02;1.291011e-02;1.509633e-01;4.833796e-02
2.363018e-02;3.781097e-02;6.818159e-02;2.670398e-02;5.408551e-02;3.535346e-02;4.629562e-01;9.698919e-02;3.693525e-02;1.380332e-02;1.008752e-01;4.267509e-02
4.328705e-02;4.276874e-02;1.102889e-01;2.619502e-02;4.119638e-02;4.018557e-02;3.331399e-01;1.581995e-01;6.856652e-02;3.192824e-02;5.254060e-02;5.170365e-02
3.364960e-02;2.939760e-02;1.181037e-01;2.166621e-02;2.649635e-02;2.697870e-02;2.116247e-01;2.378801e-01;1.065024e-01;2.423120e-02;5.559769e-02;1.078718e-01
1.475959e-02;1.316953e-02;1.037700e-01;3.380112e-02;1.592103e-02;1.746834e-02;1.298667e-01;2.678452e-01;2.124584e-01;2.223234e-02;3.077929e-02;1.379283e-01
2.854777e-02;1.308358e-02;5.816457e-02;9.197274e-02;1.009433e-02;9.938342e-03;5.570687e-02;1.827011e-01;4.164609e-01;2.661373e-02;1.838591e-02;8.833019e-02
6.320824e-02;9.085586e-03;2.748827e-02;1.263294e-01;8.886579e-03;5.478218e-03;3.739463e-02;1.048137e-01;5.465490e-01;3.098468e-02;1.475926e-02;2.502246e-02
8.726640e-02;1.162711e-02;1.006202e-02;1.043753e-01;1.560054e-02;5.350605e-03;5.456205e-02;6.251575e-02;5.354075e-01;8.642016e-02;1.186368e-02;1.494878e-02
7.022109e-02;4.916365e-02;2.743396e-02;6.183683e-02;5.774159e-02;6.329771e-03;4.950884e-02;4.707108e-02;3.538635e-01;2.380843e-01;1.653029e-02;2.221511e-02
3.306237e-02;1.426062e-01;2.699305e-02;2.985427e-02;1.197754e-01;6.952900e-03;2.669894e-02;5.163981e-02;1.014298e-01;4.100808e-01;2.621760e-02;2.468887e-02
1.094711e-02;1.910816e-01;1.813553e-02;9.016632e-03;1.167394e-01;1.220665e-02;1.731990e-02;5.573333e-02;6.062188e-02;4.405356e-01;5.195476e-02;1.570763e-02
9.172738e-03;1.596943e-01;3.646548e-02;1.546394e-02;5.988731e-02;5.028890e-02;1.831223e-02;7.456818e-02;6.781309e-02;3.422737e-01;1.492166e-01;1.684346e-02
1.607989e-02;8.123807e-02;5.779500e-02;2.825600e-02;7.152229e-02;8.958649e-02;1.845064e-02;5.610232e-02;1.145631e-01;1.441679e-01;2.701665e-01;5.207187e-02
2.108045e-02;4.477265e-02;5.482484e-02;2.540945e-02;7.138669e-02;7.255834e-02;6.084678e-02;3.948602e-02;1.768297e-01;6.162407e-02;2.412526e-01;1.299284e-01
3.750622e-02;3.273981e-02;2.255983e-02;3.387909e-02;4.676797e-02;2.903512e-02;2.075295e-01;2.540799e-02;1.278570e-01;9.033591e-02;9.768470e-02;2.486969e-01
3.909560e-02;1.571670e-02;1.686786e-02;5.285645e-02;4.030227e-02;2.029772e-02;3.478006e-01;1.397281e-02;4.644558e-02;6.945670e-02;6.952994e-02;2.676578e-01
4.634543e-02;1.723595e-02;1.603051e-02;4.627802e-02;3.382437e-02;2.918702e-02;4.308437e-01;1.426147e-02;3.589214e-02;5.893219e-02;3.024133e-02;2.409279e-01
4.424771e-02;2.285664e-02;2.047027e-02;3.453020e-02;2.321068e-02;3.501046e-02;4.401644e-01;1.532870e-02;3.227717e-02;5.250044e-02;8.737788e-02;1.920254e-01
3.258849e-02;3.654562e-02;3.263000e-02;2.634048e-02;2.541086e-02;2.782260e-02;3.270073e-01;2.647752e-02;7.219803e-02;7.174482e-02;2.045722e-01;1.166621e-01
4.512095e-02;2.964074e-02;2.675501e-02;2.957799e-02;2.577540e-02;3.658247e-02;1.418741e-01;4.713484e-02;1.006020e-01;1.173983e-01;2.653140e-01;1.342241e-01
3.943973e-02;1.540092e-02;2.539125e-02;2.455957e-02;2.980115e-02;3.289812e-02;9.755938e-02;1.074026e-01;6.712182e-02;2.023820e-01;2.257517e-01;1.322917e-01
2.524025e-02;1.228991e-02;2.612983e-02;2.492975e-02;4.680989e-02;2.616228e-02;9.769471e-02;1.468633e-01;6.702084e-02;2.977485e-01;1.457478e-01;8.336286e-02
4.152910e-02;2.963728e-02;3.245606e-02;3.804491e-02;5.321997e-02;4.422851e-02;1.132437e-01;1.069559e-01;9.513564e-02;2.744288e-01;1.178644e-01;5.325573e-02
4.808210e-02;3.572761e-02;4.858511e-02;4.511876e-02;5.851491e-02;6.676877e-02;1.624331e-01;1.147873e-01;1.042990e-01;1.889372e-01;6.028164e-02;6.646445e-02
4.865206e-02;2.064573e-02;5.377057e-02;3.832496e-02;7.341791e-02;8.397128e-02;1.637886e-01;1.011279e-01;8.162365e-02;1.703314e-01;7.916386e-02;8.518211e-02
3.832607e-02;3.084174e-02;4.999635e-02;4.835638e-02;7.862120e-02;6.957214e-02;1.580434e-01;1.115878e-01;9.645730e-02;1.560234e-01;6.612944e-02;9.604488e-02
4.713498e-02;2.493931e-02;4.738957e-02;6.085579e-02;5.794528e-02;8.080190e-02;1.498735e-01;1.173742e-01;1.099416e-01;1.686001e-01;5.742835e-02;7.771540e-02
2.737985e-02;4.402487e-02;4.156130e-02;5.112905e-02;5.073892e-02;1.007253e-01;1.492177e-01;1.495637e-01;9.148636e-02;1.707223e-01;7.045744e-02;5.299319e-02
3.383662e-02;5.905684e-02;2.192774e-02;3.564751e-02;2.677201e-02;1.166873e-01;2.255441e-01;1.120592e-01;8.742592e-02;1.880748e-01;4.183104e-02;5.113691e-02
3.372085e-02;5.334950e-02;2.961245e-02;3.891091e-02;4.455303e-02;8.356635e-02;2.029971e-01;6.157926e-02;7.638953e-02;3.237652e-01;1.606440e-02;3.549146e-02
4.414393e-02;4.438873e-02;3.362447e-02;4.267833e-02;1.241550e-01;5.926733e-02;1.136511e-01;5.883938e-02;7.940750e-02;3.496985e-01;2.301806e-02;2.712763e-02
3.842780e-02;4.387023e-02;4.424286e-02;2.789661e-02;1.523216e-01;1.116370e-01;9.555005e-02;1.040660e-01;1.070263e-01;2.134725e-01;3.182625e-02;2.966288e-02
3.192827e-02;3.551904e-02;4.390738e-02;3.194798e-02;1.035334e-01;8.162680e-02;1.698038e-01;1.625385e-01;1.282990e-01;1.535985e-01;1.748399e-02;3.981340e-02
3.273645e-02;3.993641e-02;5.249044e-02;4.081769e-02;7.528675e-02;6.440900e-02;2.614040e-01;1.292995e-01;9.733900e-02;1.371552e-01;2.507471e-02;4.405089e-02
4.502572e-02;5.404543e-02;8.101013e-02;4.057071e-02;4.141419e-02;1.424422e-01;2.265683e-01;5.960789e-02;7.785163e-02;1.564302e-01;3.077239e-02;4.426128e-02
6.445356e-02;6.925760e-02;7.583508e-02;4.298186e-02;2.816740e-02;1.777414e-01;1.868234e-01;6.364816e-02;9.588759e-02;1.242985e-01;2.281309e-02;4.809232e-02
7.313760e-02;6.506966e-02;5.785635e-02;4.232340e-02;4.077146e-02;1.726131e-01;1.648067e-01;7.597110e-02;1.164333e-01;1.141641e-01;2.159423e-02;5.525909e-02
6.459673e-02;5.218071e-02;6.548031e-02;3.398275e-02;9.035816e-02;1.890324e-01;1.290070e-01;7.077886e-02;1.268813e-01;9.742534e-02;2.610595e-02;5.417052e-02
3.549244e-02;4.987325e-02;6.071620e-02;2.184368e-02;9.655128e-02;1.527362e-01;1.317818e-01;1.164222e-01;1.150393e-01;1.475407e-01;2.137234e-02;5.063052e-02
3.137923e-02;5.323239e-02;5.898902e-02;1.352872e-02;5.792005e-02;1.073144e-01;1.014454e-01;1.016430e-01;1.404703e-01;2.434577e-01;3.505958e-02;5.556022e-02
3.287478e-02;5.618317e-02;6.656323e-02;1.890233e-02;7.049387e-02;8.343760e-02;8.553018e-02;9.539002e-02;1.140407e-01;2.830355e-01;4.513666e-02;4.841193e-02
8.370698e-02;5.627424e-02;6.708594e-02;3.182605e-02;6.951305e-02;6.262910e-02;1.014217e-01;7.992674e-02;7.581279e-02;2.362031e-01;8.450976e-02;5.109052e-02
1.048407e-01;4.423539e-02;6.600451e-02;2.150622e-02;3.346055e-02;1.034940e-01;8.179794e-02;6.089872e-02;6.379945e-02;1.356727e-01;1.862693e-01;9.802060e-02
1.089831e-01;2.000061e-02;7.931203e-02;9.678619e-03;1.902594e-02;1.712278e-01;3.892437e-02;2.731127e-02;6.409437e-02;8.935140e-02;2.580206e-01;1.140698e-01
1.431640e-01;3.307327e-02;8.376166e-02;7.664993e-03;1.386278e-02;1.380755e-01;2.188404e-02;1.549556e-02;1.180646e-01;6.126111e-02;2.250037e-01;1.386888e-01
1.482890e-01;3.047261e-02;8.479386e-02;1.533921e-02;1.201590e-02;8.450987e-02;3.378551e-02;1.199673e-02;1.453179e-01;4.371947e-02;2.035422e-01;1.862178e-01
8.749701e-02;3.175005e-02;6.467816e-02;2.498784e-02;1.104855e-02;4.963377e-02;8.039249e-02;1.964713e-02;1.203358e-01;4.457994e-02;1.788962e-01;2.865531e-01
1.870564e-01;3.683592e-02;3.829478e-02;3.591270e-02;9.433254e-03;2.433715e-02;1.420170e-01;1.991532e-02;4.466377e-02;6.212531e-02;7.533995e-02;3.240684e-01
2.972598e-01;4.481390e-02;2.555863e-02;4.202237e-02;5.585553e-03;1.361470e-02;1.251403e-01;2.024334e-02;3.000132e-02;9.633754e-02;3.171260e-02;2.677099e-01
3.969322e-01;3.927890e-02;1.887884e-02;3.863736e-02;4.579617e-03;1.546618e-02;6.928086e-02;2.234772e-02;2.696161e-02;1.222988e-01;1.796380e-02;2.273741e-01
3.113697e-01;2.686306e-02;2.004352e-02;3.969457e-02;5.486427e-03;9.984920e-03;5.480935e-02;1.199592e-02;2.661890e-02;1.253905e-01;3.383156e-02;3.339115e-01
1.657356e-01;2.738844e-02;2.781092e-02;3.477263e-02;6.996469e-03;9.354509e-03;4.443704e-02;1.117261e-02;5.007570e-02;9.968762e-02;6.783993e-02;4.547285e-01
8.791333e-02;1.839220e-02;4.221145e-02;3.911365e-02;4.386299e-03;9.945039e-03;4.537413e-02;7.282440e-03;9.059427e-02;4.828029e-02;1.188501e-01;4.876568e-01
5.517854e-02;1.233045e-02;1.702527e-01;2.456098e-02;3.686651e-03;3.536059e-02;3.513775e-02;7.240934e-03;1.748624e-01;1.874778e-02;2.395104e-01;2.231308e-01
2.542122e-02;6.737563e-03;2.879187e-01;1.482349e-02;2.678734e-03;7.489305e-02;1.854180e-02;4.904460e-03;1.644015e-01;1.389006e-02;3.493065e-01;3.648297e-02
1.278976e-02;4.145980e-03;2.931323e-01;6.339565e-03;3.051234e-03;1.099225e-01;1.449635e-02;5.190712e-03;7.988960e-02;2.638664e-02;3.677758e-01;7.687952e-02
1.631776e-02;1.892656e-02;2.615737e-01;4.660442e-03;9.076918e-03;1.310368e-01;1.461033e-02;1.416650e-02;3.261639e-02;9.605835e-02;3.282587e-01;7.269755e-02
1.718998e-02;6.574738e-02;1.185025e-01;5.962246e-03;3.257925e-02;8.371123e-02;1.687759e-02;3.074051e-02;5.358210e-02;2.523741e-01;2.466831e-01;7.605012e-02
1.310716e-02;9.869195e-02;6.636181e-02;9.741556e-03;5.051133e-02;5.163153e-02;2.522446e-02;3.213557e-02;1.121050e-01;3.202185e-01;1.605553e-01;5.971571e-02
1.769541e-02;9.528684e-02;7.668027e-02;1.187246e-02;4.550825e-02;5.991653e-02;5.776549e-02;3.685191e-02;1.380772e-01;2.616782e-01;1.642693e-01;3.439815e-02
2.508964e-02;7.864356e-02;7.162004e-02;1.355208e-02;3.899768e-02;1.143813e-01;1.130044e-01;5.713931e-02;1.173856e-01;1.423895e-01;2.008106e-01;2.698638e-02
2.441873e-02;6.772774e-02;1.275470e-01;1.390971e-02;5.186816e-02;2.028741e-01;1.455754e-01;4.525081e-02;5.296478e-02;8.573436e-02;1.391649e-01;4.296424e-02
2.177361e-02;5.845726e-02;1.059274e-01;1.161871e-02;6.786793e-02;2.675581e-01;1.286240e-01;2.780839e-02;3.710118e-02;1.259973e-01;1.186792e-01;2.858683e-02
3.185623e-02;4.908995e-02;7.591210e-02;1.446760e-02;6.715767e-02;2.500866e-01;1.117385e-01;3.040279e-02;2.090336e-02;1.411239e-01;1.739312e-01;3.333005e-02
6.034980e-02;5.722693e-02;1.011244e-01;2.480793e-02;6.578736e-02;1.361510e-01;7.128231e-02;4.372981e-02;6.081133e-02;1.470116e-01;1.970450e-01;3.467260e-02
6.546555e-02;8.261041e-02;1.850864e-01;4.270081e-02;4.363286e-02;1.038139e-01;5.106958e-02;4.667903e-02;7.710305e-02;1.130753e-01;1.476987e-01;4.106431e-02
5.327160e-02;7.465549e-02;1.677662e-01;8.523786e-02;2.400047e-02;1.124619e-01;5.728417e-02;2.904752e-02;1.157879e-01;1.197679e-01;9.783953e-02;6.287944e-02
6.231146e-02;3.270040e-02;7.267483e-02;1.751543e-01;1.475721e-02;4.909667e-02;3.589813e-02;2.310629e-02;3.503613e-01;9.828062e-02;5.139123e-02;3.426765e-02
1.066578e-01;1.363972e-02;3.068052e-02;1.820811e-01;8.431903e-03;1.441962e-02;1.931459e-02;1.755111e-02;4.325145e-01;1.200372e-01;4.202849e-02;1.264353e-02
1.554548e-01;7.088226e-03;2.046027e-02;1.905923e-01;8.103681e-03;7.931327e-03;1.482098e-02;6.836136e-03;4.410093e-01;1.058552e-01;3.030178e-02;1.154608e-02
1.850742e-01;2.828430e-03;3.003666e-02;2.027541e-01;8.952118e-03;1.371675e-02;1.415598e-02;2.508400e-02;4.308814e-01;5.643740e-02;1.507865e-02;1.500037e-02
1.546452e-01;5.677921e-03;7.204797e-02;1.708059e-01;6.562904e-03;3.804534e-02;1.919292e-02;6.943497e-02;3.764231e-01;2.079883e-02;7.144230e-03;5.922075e-02
6.648266e-02;5.217162e-03;1.806340e-01;8.489362e-02;5.844824e-03;5.553264e-02;3.780669e-02;1.647225e-01;2.108235e-01;1.708075e-02;4.593866e-03;1.663678e-01
1.993403e-02;1.166504e-02;2.460525e-01;4.186840e-02;9.841197e-03;4.814012e-02;1.086365e-01;2.115605e-01;7.814149e-02;1.784036e-02;7.058031e-03;1.992618e-01
1.158977e-02;3.289516e-02;2.330211e-01;2.102062e-02;1.681567e-02;4.720763e-02;2.340372e-01;1.804256e-01;3.054905e-02;2.316171e-02;2.017899e-02;1.490975e-01
1.289510e-02;5.680523e-02;1.585220e-01;2.648672e-02;2.811538e-02;5.985133e-02;3.830315e-01;1.169676e-01;3.508702e-02;1.955839e-02;3.404895e-02;6.863079e-02
1.703646e-02;5.820601e-02;6.977622e-02;6.078229e-02;3.665067e-02;5.109382e-02;4.169804e-01;1.216153e-01;8.371007e-02;8.683716e-03;2.888846e-02;4.657654e-02
2.723912e-02;5.505979e-02;8.557146e-02;6.470902e-02;5.490008e-02;7.270041e-02;3.113793e-01;1.016290e-01;1.091683e-01;1.588456e-02;2.581268e-02;7.594620e-02
4.525503e-02;2.958247e-02;1.189469e-01;6.403502e-02;1.037804e-01;9.240208e-02;2.188596e-01;9.505919e-02;9.921876e-02;2.174663e-02;2.376968e-02;8.734424e-02
2.400357e-02;2.394604e-02;2.092623e-01;1.002485e-01;1.031887e-01;8.063056e-02;1.695680e-01;1.161197e-01;5.385213e-02;2.268016e-02;2.230045e-02;7.419994e-02
2.436487e-02;2.186501e-02;2.701856e-01;1.338353e-01;5.395901e-02;6.526766e-02;1.506666e-01;1.095035e-01;2.832821e-02;2.002550e-02;2.433054e-02;9.766831e-02
4.582394e-02;2.871897e-02;3.155634e-01;1.173214e-01;1.893841e-02;3.911874e-02;1.164762e-01;1.038565e-01;2.889145e-02;2.545379e-02;2.164682e-02;1.381904e-01
4.920024e-02;3.902525e-02;3.321543e-01;9.334625e-02;3.513930e-02;3.734615e-02;1.062094e-01;7.506558e-02;3.758059e-02;3.411531e-02;2.195716e-02;1.388605e-01
4.913478e-02;2.261322e-02;3.471055e-01;1.162167e-01;6.108445e-02;3.231853e-02;1.048959e-01;6.266029e-02;3.036921e-02;3.199092e-02;2.806440e-02;1.135461e-01
4.951862e-02;2.431547e-02;2.893270e-01;1.105401e-01;1.326396e-01;6.311578e-02;1.231050e-01;5.090442e-02;2.839137e-02;1.872574e-02;2.169171e-02;8.772524e-02
4.845300e-02;2.137695e-02;1.714737e-01;7.099766e-02;2.196325e-01;1.270500e-01;1.701765e-01;4.456767e-02;2.303597e-02;1.644841e-02;1.502839e-02;7.175931e-02
5.310685e-02;1.000077e-02;7.546923e-02;5.884113e-02;2.598109e-01;1.849062e-01;1.718877e-01;2.896902e-02;3.557371e-02;1.184001e-02;1.678840e-02;9.280606e-02
3.125199e-02;1.894594e-02;9.678023e-02;9.006286e-02;2.974316e-01;1.654308e-01;1.084623e-01;1.504936e-02;2.917725e-02;1.909479e-02;3.426163e-02;9.405130e-02
1.140915e-02;3.660783e-02;1.318454e-01;1.802906e-01;2.353634e-01;1.513461e-01;5.851088e-02;2.799762e-02;1.720306e-02;2.176568e-02;8.194173e-02;4.571849e-02
1.428029e-02;3.609602e-02;2.015332e-01;2.156239e-01;1.343638e-01;1.488204e-01;4.172803e-02;2.883211e-02;2.430841e-02;5.216414e-02;9.501041e-02;7.239444e-03
2.745317e-02;3.581520e-02;3.069780e-01;1.461666e-01;7.013580e-02;1.065699e-01;7.022627e-02;2.271945e-02;3.358284e-02;1.050211e-01;6.268001e-02;1.265171e-02
3.307840e-02;7.495042e-02;3.439327e-01;5.648992e-02;6.192193e-02;5.391494e-02;9.154166e-02;3.595731e-02;7.422670e-02;1.273926e-01;2.644999e-02;2.014343e-02
5.797362e-02;1.448905e-01;2.528097e-01;3.253539e-02;4.493636e-02;5.584420e-02;5.857312e-02;5.917974e-02;1.709209e-01;8.275111e-02;1.301528e-02;2.657009e-02
1.251291e-01;1.649869e-01;1.040456e-01;2.414853e-02;2.643858e-02;5.860879e-02;8.813370e-02;1.092037e-01;2.095639e-01;5.328456e-02;1.654884e-02;1.990785e-02
1.583731e-01;8.868895e-02;5.501785e-02;2.384824e-02;2.771386e-02;3.920707e-02;1.747582e-01;2.020077e-01;1.437933e-01;4.278282e-02;1.536225e-02;2.844678e-02
1.197623e-01;1.729736e-02;4.449151e-02;3.105045e-02;1.826057e-02;5.486194e-02;3.187687e-01;1.917469e-01;7.936301e-02;4.518431e-02;1.917760e-02;6.003530e-02
7.785948e-02;2.775891e-02;3.271810e-02;2.559988e-02;2.395120e-02;1.090268e-01;3.975345e-01;1.113091e-01;4.634806e-02;5.380915e-02;3.690565e-02;5.717921e-02
5.394182e-02;2.683755e-02;3.650219e-02;1.755491e-02;4.058473e-02;1.993349e-01;3.421561e-01;7.769464e-02;4.050129e-02;8.459707e-02;5.668877e-02;2.360598e-02
3.624570e-02;3.662731e-02;3.514423e-02;2.000787e-02;7.737293e-02;2.175897e-01;3.100356e-01;6.725392e-02;3.695048e-02;9.843539e-02;5.052987e-02;1.380701e-02
1.398223e-02;5.654717e-02;2.522190e-02;3.589945e-02;1.378042e-01;1.786024e-01;2.488717e-01;6.914599e-02;6.441626e-02;1.143720e-01;3.067662e-02;2.446006e-02
2.750299e-02;4.828078e-02;2.718658e-02;6.610685e-02;1.264164e-01;2.173663e-01;1.929381e-01;5.363921e-02;8.290705e-02;1.184333e-01;1.747427e-02;2.174823e-02
3.234357e-02;3.513513e-02;4.959245e-02;9.636669e-02;8.624992e-02;2.405293e-01;1.799448e-01;5.334402e-02;7.281027e-02;1.164377e-01;1.361287e-02;2.363322e-02
3.262470e-02;5.548494e-02;8.038478e-02;1.036107e-01;1.173790e-01;2.005557e-01;1.052149e-01;4.309098e-02;6.342918e-02;1.425182e-01;2.613671e-02;2.957015e-02
4.245647e-02;6.422445e-02;5.961078e-02;1.027952e-01;1.273544e-01;1.434898e-01;1.599690e-01;3.426807e-02;8.350251e-02;1.229499e-01;3.328471e-02;2.609463e-02
5.670695e-02;4.266993e-02;5.499193e-02;8.104186e-02;1.217219e-01;1.225606e-01;2.436429e-01;6.226414e-02;8.206100e-02;7.590433e-02;3.473702e-02;2.169750e-02
6.424168e-02;4.416152e-02;8.575381e-02;5.764651e-02;1.192868e-01;9.803875e-02;1.945241e-01;1.139106e-01;4.983118e-02;9.036011e-02;5.202074e-02;3.022423e-02
7.627035e-02;5.207131e-02;1.281199e-01;5.702158e-02;1.123486e-01;1.231302e-01;1.122283e-01;1.131163e-01;3.394961e-02;1.123883e-01;4.434307e-02;3.501245e-02
6.169566e-02;2.880142e-02;8.103433e-02;6.894089e-02;1.164371e-01;2.231892e-01;9.466165e-02;9.970037e-02;4.667671e-02;1.023754e-01;3.004152e-02;4.644572e-02
4.732257e-02;5.092823e-02;7.236629e-02;6.194866e-02;1.084939e-01;2.379576e-01;1.262687e-01;7.055322e-02;4.846006e-02;1.049498e-01;2.158364e-02;4.916731e-02
4.671710e-02;5.782807e-02;8.622104e-02;5.739066e-02;1.188070e-01;2.459881e-01;8.469716e-02;7.605550e-02;4.559807e-02;1.077175e-01;2.576267e-02;4.721710e-02
4.816377e-02;3.045063e-02;9.348109e-02;5.198275e-02;1.002248e-01;2.570389e-01;1.176556e-01;1.132663e-01;4.076748e-02;7.847903e-02;3.822697e-02;3.026280e-02
