8.416715e-02;8.058309e-02;1.077188e-01;9.243271e-02;4.341925e-02;6.720835e-02;7.680788e-02;6.068416e-02;1.201131e-01;8.064047e-02;7.833331e-02;1.078918e-01
8.545443e-02;7.540023e-02;5.131346e-02;8.445845e-02;4.495777e-02;6.753556e-02;8.769371e-02;8.042213e-02;9.536834e-02;1.084069e-01;1.018764e-01;1.171127e-01
1.169398e-01;8.713083e-02;7.545117e-02;4.919080e-02;8.739441e-02;7.289030e-02;1.006777e-01;7.838088e-02;8.058147e-02;1.004620e-01;5.766695e-02;9.323366e-02
1.412275e-01;7.370761e-02;8.464234e-02;8.614700e-02;8.996885e-02;7.997257e-02;9.833410e-02;7.628141e-02;7.891650e-02;7.060061e-02;2.769579e-02;9.250569e-02
1.418532e-01;5.802199e-02;7.882521e-02;1.005991e-01;7.487003e-02;6.361499e-02;1.532139e-01;4.922205e-02;6.223001e-02;8.521947e-02;6.354246e-02;6.878754e-02
5.053979e-02;6.624568e-02;3.554207e-02;3.627181e-02;4.137464e-02;6.329857e-02;3.265776e-01;6.143991e-02;7.155627e-02;7.221718e-02;1.425528e-01;3.238361e-02
1.988552e-02;6.627320e-02;2.066818e-02;1.669292e-02;2.419791e-02;7.182611e-02;3.943517e-01;8.833988e-02;6.480125e-02;1.062100e-01;1.130347e-01;1.371866e-02
3.413953e-02;6.066980e-02;1.972155e-02;2.475042e-02;1.779652e-02;1.030059e-01;3.543242e-01;8.378353e-02;5.137724e-02;1.753615e-01;6.573290e-02;9.336897e-03
8.377012e-02;3.838577e-02;2.094755e-02;2.603756e-02;2.319924e-02;1.479839e-01;2.295871e-01;5.019156e-02;6.510129e-02;2.714236e-01;2.787491e-02;1.549742e-02
1.211743e-01;1.422390e-02;3.800489e-02;2.038474e-02;5.811435e-02;1.436383e-01;9.847757e-02;2.390883e-02;1.458101e-01;2.704957e-01;1.883204e-02;4.693526e-02
7.863995e-02;6.485791e-03;5.971215e-02;1.624420e-02;1.386344e-01;6.184558e-02;5.152422e-02;2.282406e-02;2.870022e-01;1.471253e-01;1.576500e-02;1.141971e-01
2.259901e-02;6.023808e-03;5.288289e-02;1.445980e-02;1.963141e-01;2.422859e-02;7.192078e-02;1.793135e-02;3.113316e-01;9.217563e-02;2.199229e-02;1.681401e-01
2.196060e-02;1.245733e-02;3.828501e-02;1.774104e-02;1.973283e-01;4.136717e-02;8.115909e-02;2.164293e-02;2.441403e-01;8.712246e-02;6.266961e-02;1.741262e-01
4.064274e-02;1.708687e-02;3.741086e-02;4.579854e-02;1.673965e-01;5.944125e-02;9.323590e-02;6.009253e-02;1.557918e-01;7.506095e-02;1.060949e-01;1.419473e-01
4.678605e-02;2.187850e-02;7.566472e-02;7.429411e-02;1.711593e-01;4.599696e-02;8.454583e-02;8.478968e-02;8.088325e-02;6.673646e-02;1.410551e-01;1.062100e-01
1.982456e-02;3.896378e-02;1.338820e-01;8.993100e-02;1.287289e-01;4.895477e-02;7.125284e-02;8.812658e-02;8.283290e-02;6.258148e-02;1.443974e-01;9.052378e-02
5.426419e-02;5.172125e-02;1.615943e-01;6.343128e-02;1.149737e-01;5.826551e-02;7.859456e-02;9.367721e-02;7.814074e-02;4.091132e-02;8.408312e-02;1.203429e-01
9.045194e-02;4.812667e-02;1.647043e-01;5.238064e-02;1.229810e-01;3.407276e-02;6.251814e-02;1.055399e-01;1.239451e-01;4.229512e-02;5.870041e-02;9.428406e-02
4.217185e-02;3.734537e-02;1.551037e-01;4.902495e-02;8.338642e-02;4.486183e-02;5.968422e-02;7.686868e-02;1.599914e-01;7.020742e-02;1.123211e-01;1.090330e-01
6.407695e-02;6.961261e-02;1.987025e-01;5.676478e-02;7.058214e-02;7.606140e-02;7.277376e-02;4.016276e-02;1.142813e-01;6.834278e-02;7.932065e-02;8.931828e-02
5.135975e-02;1.012646e-01;2.903905e-01;4.960866e-02;5.645081e-02;7.787915e-02;8.364316e-02;3.976811e-02;9.550917e-02;7.025525e-02;2.875616e-02;5.511465e-02
3.746811e-02;9.622878e-02;3.892592e-01;3.868366e-02;3.645581e-02;4.918138e-02;1.070368e-01;2.258639e-02;6.955981e-02;1.009480e-01;1.852646e-02;3.406565e-02
3.603945e-02;9.918540e-02;4.449489e-01;3.733015e-02;2.740331e-02;1.784272e-02;1.098715e-01;1.760222e-02;3.762853e-02;1.352567e-01;1.056645e-02;2.632471e-02
8.143580e-02;1.028509e-01;4.057198e-01;3.556526e-02;2.577367e-02;2.731425e-02;8.334802e-02;1.516404e-02;2.293924e-02;1.459436e-01;1.506487e-02;3.888056e-02
1.097370e-01;8.162039e-02;3.417272e-01;4.000458e-02;2.953732e-02;4.112046e-02;8.052469e-02;2.095238e-02;5.025495e-02;1.293296e-01;2.570909e-02;4.948234e-02
5.835551e-02;1.159171e-01;3.577167e-01;3.948729e-02;3.260076e-02;3.944758e-02;1.009755e-01;2.107017e-02;6.718161e-02;8.135670e-02;3.479801e-02;5.109297e-02
6.399045e-02;1.676802e-01;3.273976e-01;2.815779e-02;3.296791e-02;2.679716e-02;1.068254e-01;1.834493e-02;6.754699e-02;6.620744e-02;4.470178e-02;4.938239e-02
7.458633e-02;1.974130e-01;2.181961e-01;2.655605e-02;3.352793e-02;2.921697e-02;1.182845e-01;2.137641e-02;4.887307e-02;1.058086e-01;7.976023e-02;4.640082e-02
9.296959e-02;9.971295e-02;1.920572e-01;4.166977e-02;3.523631e-02;2.936365e-02;8.910977e-02;3.326863e-02;8.932319e-02;1.713187e-01;6.376079e-02;6.220948e-02
7.363463e-02;1.024933e-01;2.197389e-01;4.784740e-02;3.832032e-02;5.001106e-02;4.214916e-02;3.459750e-02;1.412517e-01;1.629522e-01;2.985661e-02;5.714719e-02
4.898439e-02;1.234852e-01;1.966869e-01;4.635331e-02;2.548136e-02;6.444860e-02;2.553328e-02;1.906155e-02;2.544576e-01;1.223714e-01;2.939239e-02;4.374411e-02
3.410352e-02;1.295035e-01;1.435892e-01;3.473400e-02;1.634034e-02;6.570572e-02;2.011036e-02;2.656467e-02;3.838712e-01;8.448996e-02;2.394673e-02;3.704079e-02
6.250609e-02;1.092604e-01;8.371109e-02;1.776127e-02;4.344937e-02;4.991792e-02;1.544067e-02;8.133878e-02;4.075971e-01;6.029497e-02;4.476621e-02;2.395617e-02
1.237566e-01;7.449984e-02;7.248015e-02;1.062699e-02;1.011839e-01;2.198323e-02;1.551048e-02;2.044217e-01;2.295266e-01;5.302376e-02;8.167195e-02;1.131484e-02
1.726743e-01;4.522670e-02;6.194842e-02;8.831196e-03;1.397516e-01;1.095230e-02;2.972352e-02;3.267331e-01;8.302859e-02;2.549371e-02;8.289621e-02;1.274034e-02
2.070973e-01;2.042928e-02;4.825675e-02;1.013924e-02;1.389067e-01;1.311702e-02;5.331463e-02;3.986014e-01;2.640573e-02;9.737357e-03;5.564110e-02;1.835346e-02
2.056382e-01;4.316624e-02;4.901010e-02;2.578060e-02;1.032288e-01;1.482672e-02;1.018772e-01;3.202790e-01;4.206014e-02;2.548453e-02;3.148545e-02;3.716300e-02
1.523034e-01;4.677979e-02;7.668275e-02;5.098813e-02;8.010121e-02;4.492753e-02;1.685006e-01;1.736731e-01;5.560983e-02;6.564036e-02;2.972957e-02;5.506380e-02
4.916853e-02;3.608929e-02;1.180199e-01;7.267730e-02;5.658006e-02;6.292528e-02;1.975545e-01;1.587649e-01;4.303696e-02;9.555792e-02;3.815357e-02;7.147188e-02
7.122985e-02;3.369739e-02;9.929699e-02;5.373523e-02;8.337844e-02;4.635443e-02;1.526219e-01;1.457525e-01;8.469203e-02;8.506969e-02;6.915224e-02;7.501931e-02
7.253961e-02;2.759701e-02;9.135762e-02;3.543573e-02;1.186370e-01;4.448564e-02;8.350630e-02;1.095702e-01;1.446263e-01;7.579642e-02;1.247862e-01;7.166197e-02
8.281716e-02;3.531427e-02;1.017586e-01;2.486380e-02;7.870330e-02;8.286953e-02;9.591424e-02;1.009880e-01;1.190632e-01;9.299088e-02;1.250009e-01;5.971614e-02
4.538503e-02;4.001569e-02;1.136225e-01;2.324140e-02;5.363958e-02;1.537978e-01;1.074962e-01;9.283985e-02;9.834117e-02;9.416901e-02;1.141174e-01;6.333432e-02
7.392369e-02;2.825967e-02;1.333141e-01;3.275094e-02;2.506517e-02;2.047927e-01;1.323910e-01;5.705421e-02;8.170359e-02;7.127323e-02;9.895879e-02;6.051289e-02
7.581054e-02;1.823120e-02;1.410903e-01;5.265520e-02;3.385139e-02;2.048827e-01;1.500769e-01;3.413110e-02;6.730143e-02;5.368245e-02;8.551027e-02;8.277652e-02
5.739830e-02;1.615313e-02;1.808798e-01;5.068842e-02;3.868512e-02;1.398732e-01;1.834256e-01;3.644820e-02;1.024422e-01;3.063196e-02;7.521056e-02;8.816351e-02
3.202797e-02;1.184465e-02;2.110232e-01;2.502249e-02;3.891218e-02;1.926443e-01;1.289669e-01;2.252256e-02;1.374031e-01;4.398698e-02;1.009783e-01;5.466740e-02
2.498295e-02;5.038023e-03;1.904314e-01;7.502531e-03;3.661264e-02;2.804092e-01;1.236533e-01;1.883936e-02;1.031301e-01;5.232923e-02;1.251083e-01;3.196290e-02
3.012942e-02;6.191889e-03;1.252972e-01;1.166996e-02;3.338879e-02;3.074710e-01;1.372427e-01;1.635031e-02;1.098039e-01;5.745222e-02;1.411217e-01;2.388103e-02
2.476185e-02;1.291292e-02;6.266835e-02;1.744369e-02;3.461242e-02;2.325242e-01;1.158584e-01;2.118872e-02;2.433666e-01;8.197994e-02;1.345185e-01;1.816437e-02
2.986103e-02;1.741712e-02;3.822070e-02;3.023287e-02;3.250001e-02;1.083147e-01;8.165480e-02;5.800998e-02;2.734337e-01;1.285206e-01;1.825077e-01;1.932672e-02
9.871197e-02;3.043943e-02;3.461457e-02;4.399167e-02;2.760345e-02;4.972048e-02;7.946134e-02;6.940374e-02;1.585459e-01;1.488031e-01;2.187939e-01;3.991044e-02
1.558721e-01;5.185642e-02;4.266940e-02;6.156062e-02;2.401947e-02;5.445658e-02;1.056847e-01;7.594696e-02;7.461498e-02;1.558926e-01;1.563614e-01;4.106481e-02
1.300893e-01;6.035849e-02;7.727000e-02;6.315603e-02;3.593361e-02;4.768451e-02;1.450991e-01;7.968197e-02;7.417993e-02;1.640993e-01;8.729812e-02;3.514969e-02
6.555487e-02;7.254995e-02;1.052657e-01;6.780278e-02;4.424869e-02;4.870757e-02;1.257875e-01;9.371220e-02;1.092039e-01;1.879551e-01;5.285052e-02;2.636129e-02
4.464603e-02;7.024427e-02;1.009929e-01;8.796588e-02;3.504192e-02;9.298037e-02;7.372637e-02;9.367302e-02;1.136947e-01;2.010066e-01;6.049205e-02;2.553586e-02
7.315981e-02;5.290511e-02;4.198193e-02;7.539592e-02;4.514873e-02;1.156566e-01;9.138510e-02;7.195095e-02;1.229298e-01;1.737051e-01;1.016865e-01;3.409454e-02
8.219648e-02;3.503973e-02;5.482899e-02;4.968083e-02;6.526545e-02;6.883094e-02;1.087781e-01;5.673736e-02;1.478955e-01;2.033396e-01;8.340299e-02;4.400394e-02
6.261977e-02;2.762659e-02;4.498126e-02;4.007449e-02;6.670455e-02;6.291692e-02;1.099178e-01;6.891786e-02;1.701744e-01;2.329103e-01;6.647652e-02;4.667947e-02
4.058699e-02;3.282977e-02;6.077344e-02;4.076482e-02;5.686305e-02;7.705485e-02;7.760645e-02;1.222925e-01;1.800862e-01;2.352809e-01;5.019049e-02;2.567067e-02
4.858706e-02;6.286248e-02;1.082634e-01;3.930771e-02;4.352537e-02;6.673045e-02;5.339200e-02;1.483395e-01;1.883585e-01;1.642296e-01;3.824508e-02;3.815876e-02
6.215337e-02;8.508626e-02;1.506401e-01;3.483228e-02;6.972779e-02;5.779501e-02;6.695014e-02;9.400815e-02;1.751599e-01;1.357931e-01;2.802194e-02;3.983198e-02
5.940288e-02;1.015951e-01;1.563869e-01;6.776667e-02;1.012882e-01;8.253875e-02;7.464210e-02;5.383973e-02;1.213332e-01;1.033828e-01;3.409694e-02;4.372675e-02
4.993264e-02;8.925557e-02;1.494710e-01;8.972444e-02;1.285538e-01;9.050045e-02;6.532679e-02;4.101789e-02;8.986924e-02;8.582432e-02;5.631155e-02;6.421227e-02
3.471500e-02;5.784521e-02;1.301975e-01;8.756340e-02;1.112625e-01;6.952674e-02;6.862122e-02;5.116771e-02;1.237209e-01;1.058285e-01;8.000051e-02;7.955080e-02
2.792431e-02;3.613352e-02;1.234655e-01;7.993143e-02;6.191840e-02;4.824319e-02;7.795603e-02;7.743505e-02;1.415729e-01;1.562567e-01;9.491082e-02;7.425208e-02
4.116451e-02;8.443753e-02;1.450035e-01;1.621364e-01;4.485029e-02;6.248389e-02;6.194564e-02;1.224416e-01;5.489197e-02;1.285059e-01;4.773419e-02;4.440451e-02
5.086595e-02;9.044869e-02;1.138064e-01;1.416896e-01;9.258045e-02;5.862207e-02;9.609502e-02;1.341521e-01;4.788399e-02;1.040735e-01;3.471236e-02;3.506981e-02
8.265095e-02;6.431593e-02;1.279213e-01;8.090481e-02;1.500148e-01;5.028361e-02;1.960262e-01;7.829560e-02;5.636855e-02;5.627406e-02;1.107905e-02;4.586504e-02
6.349726e-02;7.437003e-02;2.171737e-01;6.644913e-02;1.703627e-01;4.747225e-02;1.886805e-01;4.810455e-02;4.785080e-02;4.272776e-02;7.971321e-03;2.534007e-02
2.428962e-02;1.093351e-01;3.004080e-01;5.372850e-02;1.433270e-01;5.506065e-02;1.255748e-01;2.747750e-02;4.389798e-02;5.140897e-02;1.918279e-02;4.630907e-02
4.000167e-02;1.404299e-01;2.921883e-01;4.413216e-02;8.828010e-02;7.971793e-02;6.512458e-02;2.525600e-02;6.291904e-02;5.028483e-02;3.740372e-02;7.426180e-02
7.780922e-02;1.435576e-01;2.359920e-01;3.926863e-02;7.466549e-02;9.982391e-02;4.655070e-02;3.284026e-02;8.688806e-02;4.417898e-02;5.824123e-02;6.018393e-02
1.364820e-01;1.067360e-01;1.717127e-01;2.421457e-02;1.324236e-01;6.630965e-02;4.134495e-02;9.541370e-02;7.674268e-02;4.068354e-02;8.358413e-02;2.435244e-02
1.890508e-01;8.382355e-02;1.228838e-01;1.899296e-02;2.000346e-01;1.882742e-02;3.149225e-02;1.885911e-01;4.212010e-02;2.828037e-02;6.369686e-02;1.220611e-02
2.020530e-01;7.692552e-02;6.231559e-02;1.505331e-02;2.091729e-01;1.772819e-02;2.281028e-02;2.018343e-01;5.741290e-02;2.536093e-02;9.293973e-02;1.639328e-02
1.593358e-01;4.431621e-02;6.046627e-02;1.558468e-02;1.462085e-01;4.957239e-02;3.719999e-02;2.089775e-01;8.254706e-02;7.584076e-02;1.002644e-01;1.968649e-02
9.711788e-02;3.464246e-02;4.066737e-02;4.376193e-02;7.166119e-02;9.235683e-02;7.761022e-02;1.689485e-01;6.322874e-02;1.942006e-01;6.522173e-02;5.058246e-02
4.837840e-02;5.236216e-02;2.140495e-02;6.861884e-02;2.682313e-02;9.513288e-02;1.334019e-01;8.738180e-02;4.784302e-02;2.808104e-01;3.208390e-02;1.057587e-01
2.380977e-02;7.647619e-02;2.009713e-02;6.604820e-02;4.936063e-02;6.576645e-02;1.636729e-01;4.335815e-02;5.834048e-02;2.493859e-01;3.454804e-02;1.491362e-01
1.589260e-02;6.694211e-02;3.542686e-02;4.365970e-02;1.083198e-01;5.707513e-02;1.288857e-01;7.065512e-02;1.128251e-01;1.233049e-01;9.197028e-02;1.450428e-01
2.463683e-02;3.335129e-02;5.785696e-02;2.814409e-02;1.260205e-01;7.108637e-02;1.162965e-01;5.807305e-02;1.485657e-01;7.555121e-02;1.223495e-01;1.380680e-01
3.834564e-02;3.037482e-02;8.468056e-02;3.094889e-02;9.380424e-02;8.889065e-02;1.491090e-01;2.905811e-02;1.349230e-01;7.211478e-02;1.327151e-01;1.150353e-01
6.269884e-02;3.195471e-02;8.793062e-02;3.346788e-02;6.073922e-02;8.758608e-02;1.508851e-01;5.987908e-02;1.045434e-01;7.280572e-02;1.346284e-01;1.128809e-01
5.961047e-02;4.414937e-02;9.689692e-02;4.038960e-02;5.391253e-02;8.194613e-02;1.520518e-01;7.603249e-02;8.499685e-02;9.638611e-02;1.222579e-01;9.136981e-02
6.950548e-02;7.350749e-02;1.039065e-01;3.140001e-02;6.373359e-02;9.317967e-02;1.876635e-01;6.758795e-02;4.352946e-02;1.225155e-01;7.459919e-02;6.887168e-02
3.800691e-02;5.194724e-02;7.537261e-02;3.796141e-02;7.710195e-02;8.257453e-02;1.454768e-01;7.080905e-02;5.478681e-02;1.420397e-01;9.605116e-02;1.278717e-01
4.383237e-02;3.205771e-02;4.860986e-02;4.453879e-02;9.174310e-02;9.072943e-02;1.128915e-01;1.012356e-01;5.230715e-02;1.317649e-01;1.348010e-01;1.154886e-01
6.291740e-02;2.332720e-02;8.200561e-02;6.432304e-02;8.037523e-02;7.673886e-02;1.010809e-01;1.027286e-01;7.498355e-02;1.302245e-01;1.419123e-01;5.938276e-02
5.799855e-02;5.448180e-02;1.429644e-01;4.862164e-02;6.225469e-02;9.044401e-02;9.471077e-02;7.799428e-02;1.025795e-01;1.130232e-01;8.846201e-02;6.646509e-02
5.717283e-02;8.755786e-02;1.535031e-01;2.610919e-02;4.297367e-02;1.193770e-01;8.163938e-02;6.722581e-02;1.955680e-01;6.529185e-02;4.712813e-02;5.645323e-02
6.643552e-02;1.111244e-01;1.338409e-01;2.715407e-02;2.932505e-02;1.321420e-01;4.130033e-02;5.632209e-02;2.837139e-01;4.094426e-02;3.787102e-02;3.982642e-02
8.076610e-02;1.112886e-01;9.116808e-02;2.611706e-02;4.147301e-02;1.124354e-01;3.248496e-02;5.584051e-02;3.435972e-01;2.809337e-02;5.200908e-02;2.472667e-02
1.114305e-01;7.514832e-02;4.812314e-02;1.341787e-02;7.123557e-02;4.559780e-02;6.059975e-02;1.574644e-01;2.969214e-01;3.791044e-02;6.846050e-02;1.369029e-02
1.193913e-01;4.432627e-02;4.293950e-02;2.034007e-02;6.570965e-02;2.214746e-02;9.710822e-02;2.442176e-01;1.825813e-01;8.370990e-02;6.031193e-02;1.721676e-02
7.874354e-02;2.952003e-02;3.355902e-02;4.352227e-02;2.935177e-02;3.914536e-02;1.823655e-01;1.903676e-01;8.188432e-02;2.091083e-01;3.540246e-02;4.702991e-02
4.202915e-02;3.238778e-02;2.863869e-02;4.694092e-02;2.020319e-02;5.994371e-02;2.217787e-01;7.946309e-02;1.051264e-01;2.730761e-01;4.028499e-02;5.012726e-02
3.142462e-02;2.902784e-02;4.779360e-02;3.206267e-02;3.280766e-02;8.253106e-02;1.620167e-01;6.326724e-02;1.540707e-01;2.310395e-01;1.004652e-01;3.349316e-02
4.338045e-02;3.390465e-02;5.614334e-02;3.244170e-02;4.799116e-02;7.632196e-02;7.983852e-02;8.315725e-02;1.380349e-01;2.307205e-01;1.414276e-01;3.663800e-02
5.295996e-02;3.966513e-02;5.329151e-02;4.955321e-02;4.820697e-02;4.103432e-02;1.455017e-01;7.844980e-02;7.504255e-02;2.855569e-01;8.947125e-02;4.126678e-02
5.406058e-02;2.656452e-02;5.905005e-02;7.287215e-02;4.444442e-02;5.914208e-02;1.602359e-01;9.335674e-02;8.300148e-02;2.424088e-01;6.820332e-02;3.666001e-02
5.981498e-02;4.308225e-02;7.465444e-02;6.513237e-02;3.089974e-02;7.492829e-02;1.067165e-01;1.485160e-01;8.727416e-02;1.703674e-01;8.469961e-02;5.391425e-02
3.331311e-02;4.641578e-02;7.288094e-02;3.365046e-02;2.949672e-02;5.145162e-02;1.883106e-01;1.153525e-01;8.775878e-02;1.663544e-01;1.117131e-01;6.330198e-02
3.246074e-02;3.905552e-02;6.724732e-02;3.586271e-02;4.218758e-02;4.085678e-02;1.936616e-01;7.031591e-02;1.193479e-01;1.471359e-01;1.216217e-01;9.024632e-02
4.683663e-02;4.604449e-02;7.220510e-02;3.711887e-02;5.870134e-02;8.033538e-02;1.758748e-01;6.980782e-02;1.072665e-01;8.572595e-02;8.384386e-02;1.362392e-01
5.562760e-02;6.471868e-02;8.376993e-02;1.973865e-02;6.146684e-02;9.323607e-02;1.378656e-01;6.658851e-02;4.696836e-02;7.691293e-02;1.249201e-01;1.681867e-01
1.343499e-01;6.364268e-02;7.774279e-02;3.799080e-02;4.297194e-02;5.569635e-02;8.390450e-02;8.959021e-02;4.943544e-02;1.051010e-01;1.154262e-01;1.441482e-01
1.673454e-01;5.087556e-02;9.452391e-02;4.891519e-02;3.280939e-02;4.729181e-02;1.190813e-01;9.315691e-02;5.591995e-02;1.031753e-01;1.002544e-01;8.665080e-02
1.251294e-01;5.750652e-02;1.581420e-01;3.641610e-02;4.840948e-02;9.143916e-02;1.109676e-01;6.622841e-02;4.808166e-02;1.117027e-01;8.655255e-02;5.942433e-02
5.738845e-02;3.385083e-02;2.508071e-01;7.862440e-02;5.571137e-02;8.447072e-02;9.423549e-02;7.768003e-02;6.519254e-02;1.260697e-01;5.595280e-02;2.001653e-02
4.728192e-02;3.695648e-02;2.277177e-01;1.221571e-01;5.923792e-02;4.570979e-02;8.894078e-02;1.127795e-01;9.337579e-02;1.180351e-01;3.896119e-02;8.846737e-03
2.530085e-02;6.855191e-02;1.954767e-01;1.409930e-01;5.516212e-02;6.104881e-02;1.110402e-01;1.143627e-01;7.315191e-02;1.042012e-01;2.989224e-02;2.081834e-02
3.269542e-02;8.438235e-02;2.046550e-01;1.530520e-01;3.853956e-02;8.204185e-02;1.544337e-01;8.676232e-02;4.202928e-02;7.876541e-02;1.882324e-02;2.381985e-02
7.266564e-02;9.594002e-02;1.767440e-01;1.427624e-01;5.885151e-02;8.012562e-02;1.562247e-01;4.939704e-02;6.691395e-02;5.835093e-02;1.730017e-02;2.472400e-02
1.288811e-01;8.086381e-02;1.475804e-01;1.660671e-01;5.177160e-02;6.644057e-02;1.245913e-01;4.755857e-02;6.601866e-02;7.275320e-02;1.370777e-02;3.376592e-02
1.525300e-01;9.131750e-02;1.333635e-01;1.436173e-01;5.447098e-02;5.417802e-02;1.006311e-01;5.118268e-02;5.527202e-02;8.805606e-02;2.887258e-02;4.650833e-02
1.217156e-01;8.904115e-02;1.390530e-01;9.087378e-02;6.006970e-02;4.410666e-02;1.259392e-01;6.025942e-02;4.858499e-02;1.181183e-01;4.466591e-02;5.757227e-02
1.701133e-01;1.038510e-01;1.907729e-01;7.228523e-02;3.247280e-02;2.665185e-02;1.513157e-01;4.858061e-02;2.766827e-02;1.018519e-01;3.734206e-02;3.709434e-02
2.034573e-01;1.218941e-01;1.379507e-01;7.229763e-02;2.082441e-02;3.733504e-02;1.551382e-01;6.753670e-02;3.493510e-02;7.617021e-02;3.327835e-02;3.918238e-02
9.327722e-02;1.210926e-01;1.885435e-01;8.358955e-02;2.684963e-02;3.557478e-02;1.763883e-01;4.911469e-02;4.810918e-02;8.075804e-02;5.422511e-02;4.247747e-02
1.046155e-01;9.938387e-02;2.382710e-01;5.681996e-02;3.691781e-02;2.759030e-02;1.982040e-01;3.738219e-02;5.001115e-02;7.169808e-02;4.673225e-02;3.237393e-02
9.923734e-02;1.011044e-01;2.157017e-01;4.817175e-02;4.024617e-02;3.833431e-02;2.360098e-01;3.699319e-02;6.747635e-02;6.125439e-02;2.401805e-02;3.145254e-02
2.889621e-02;1.187630e-01;2.462510e-01;7.160936e-02;3.075765e-02;6.021146e-02;2.432907e-01;2.647595e-02;5.863196e-02;6.649768e-02;1.856308e-02;3.005197e-02
7.743189e-02;1.089821e-01;2.255710e-01;9.202570e-02;3.752400e-02;7.800260e-02;1.872426e-01;4.278897e-02;4.811237e-02;6.126561e-02;1.961128e-02;2.144185e-02
8.871388e-02;5.433011e-02;1.841414e-01;1.129306e-01;4.429719e-02;9.325464e-02;1.889494e-01;8.969779e-02;5.528483e-02;4.673753e-02;2.108713e-02;2.057555e-02
8.109637e-02;3.937143e-02;1.711307e-01;1.294343e-01;2.575560e-02;1.096273e-01;1.642535e-01;1.053193e-01;5.739073e-02;6.198596e-02;2.726940e-02;2.736532e-02
7.232244e-02;4.255255e-02;1.908074e-01;1.209782e-01;4.297794e-02;1.008367e-01;1.659537e-01;7.319375e-02;5.659414e-02;7.566808e-02;3.000970e-02;2.810553e-02
