6.133604e-02;4.883058e-02;1.073708e-01;9.510372e-02;1.279932e-01;7.834397e-02;1.319658e-01;1.060025e-01;9.272821e-02;8.759918e-02;3.384786e-02;2.887817e-02
4.538776e-02;4.930173e-02;9.064545e-02;1.124200e-01;1.780078e-01;8.939368e-02;1.041310e-01;1.025509e-01;1.116862e-01;6.992290e-02;2.062344e-02;2.592913e-02
6.663357e-02;3.549774e-02;1.032152e-01;1.177957e-01;1.711422e-01;7.708436e-02;9.553509e-02;8.860024e-02;1.019692e-01;7.542353e-02;3.774066e-02;2.936252e-02
6.126618e-02;1.032872e-01;1.474234e-01;1.252968e-01;1.328459e-01;4.950522e-02;7.229285e-02;5.434442e-02;1.111822e-01;7.512981e-02;4.445287e-02;2.297308e-02
4.319444e-02;9.525794e-02;1.375938e-01;1.350974e-01;1.174152e-01;6.110121e-02;1.016645e-01;5.740749e-02;1.281506e-01;5.712567e-02;2.779629e-02;3.819547e-02
1.279451e-01;1.205438e-01;2.113850e-01;7.884832e-02;5.989052e-02;5.387096e-02;1.383180e-01;3.744764e-02;5.549673e-02;3.871625e-02;3.072460e-02;4.681309e-02
1.440997e-01;1.211529e-01;2.113540e-01;6.476557e-02;6.326047e-02;4.223905e-02;1.262291e-01;4.011442e-02;3.210564e-02;5.643694e-02;5.044756e-02;4.779473e-02
1.434065e-01;1.069818e-01;1.655390e-01;5.800902e-02;6.723192e-02;4.659011e-02;1.147762e-01;4.441132e-02;3.338411e-02;8.115511e-02;9.734584e-02;4.116905e-02
1.414923e-01;7.496320e-02;1.082826e-01;4.312927e-02;5.519048e-02;8.625264e-02;7.893959e-02;3.939534e-02;3.573611e-02;9.887658e-02;1.936701e-01;4.407176e-02
1.333748e-01;2.539358e-02;1.016136e-01;1.761833e-02;3.000036e-02;1.261920e-01;4.555399e-02;4.769552e-02;6.029750e-02;8.431279e-02;2.656373e-01;6.231032e-02
9.250001e-02;6.218682e-03;1.002625e-01;1.336570e-02;2.879908e-02;1.575739e-01;6.130978e-02;8.364710e-02;8.523938e-02;8.441043e-02;2.425751e-01;4.409836e-02
1.031845e-01;2.758415e-02;1.061128e-01;3.351745e-02;5.917748e-02;1.525178e-01;9.537517e-02;7.874899e-02;6.872880e-02;8.030173e-02;1.364837e-01;5.826751e-02
1.379361e-01;6.509051e-02;1.131691e-01;5.652222e-02;7.312489e-02;1.009445e-01;9.748464e-02;5.126957e-02;5.054276e-02;7.991821e-02;9.722675e-02;7.677078e-02
1.714218e-01;1.035056e-01;1.216746e-01;6.543695e-02;6.305130e-02;4.919276e-02;9.402359e-02;4.384374e-02;4.490382e-02;6.782559e-02;1.098236e-01;6.529664e-02
1.346133e-01;1.283719e-01;8.183713e-02;5.877212e-02;4.709202e-02;8.051895e-02;1.269286e-01;4.026796e-02;4.181801e-02;5.722099e-02;1.582809e-01;4.427801e-02
1.225744e-01;8.959269e-02;7.869504e-02;4.187158e-02;4.658398e-02;1.119153e-01;9.228167e-02;7.142521e-02;4.928368e-02;6.964986e-02;1.673129e-01;5.881374e-02
8.439253e-02;6.558518e-02;1.195072e-01;4.171256e-02;3.141478e-02;1.476777e-01;1.027252e-01;7.776988e-02;5.845973e-02;7.857028e-02;1.324652e-01;5.971970e-02
1.081442e-01;5.553655e-02;1.300534e-01;4.558502e-02;5.906272e-02;1.640558e-01;1.057458e-01;6.173418e-02;5.469180e-02;5.560293e-02;9.866368e-02;6.112387e-02
8.591532e-02;3.422456e-02;1.391223e-01;6.440734e-02;8.477632e-02;1.521915e-01;9.962761e-02;8.679453e-02;6.361500e-02;4.205807e-02;8.439282e-02;6.287462e-02
1.039452e-01;2.516950e-02;1.112387e-01;6.235509e-02;8.501073e-02;7.529147e-02;1.060815e-01;9.515312e-02;8.132870e-02;4.136121e-02;1.260485e-01;8.701622e-02
1.032269e-01;1.069743e-01;8.553175e-02;1.139206e-01;7.963040e-02;1.317723e-01;7.796407e-02;5.243846e-02;6.158087e-02;6.636584e-02;6.445857e-02;5.613605e-02
9.795762e-02;1.151240e-01;7.653499e-02;1.127105e-01;7.700132e-02;1.534017e-01;1.002052e-01;5.869617e-02;6.270523e-02;5.681965e-02;4.672319e-02;4.212051e-02
9.541572e-02;1.092468e-01;5.759124e-02;1.008965e-01;1.082021e-01;1.722730e-01;1.040565e-01;6.463176e-02;6.464865e-02;4.788311e-02;4.086140e-02;3.429326e-02
7.776514e-02;9.387721e-02;1.237523e-01;7.319418e-02;1.149908e-01;1.630986e-01;1.063119e-01;7.546224e-02;5.711010e-02;4.670382e-02;3.492681e-02;3.280686e-02
1.253381e-01;9.042831e-02;2.464789e-01;3.454307e-02;6.250264e-02;8.173426e-02;1.380026e-01;7.113860e-02;4.243612e-02;4.691586e-02;2.759829e-02;3.288326e-02
1.702889e-01;1.311397e-01;2.708248e-01;3.274105e-02;2.409976e-02;2.799806e-02;1.374419e-01;4.233712e-02;5.998527e-02;5.975040e-02;2.344654e-02;1.994643e-02
1.810298e-01;1.485482e-01;2.599158e-01;2.622727e-02;3.437506e-02;1.784101e-02;1.182049e-01;2.583198e-02;5.772521e-02;9.345511e-02;2.350125e-02;1.334437e-02
1.616300e-01;1.185489e-01;2.372776e-01;2.538150e-02;5.878723e-02;3.636441e-02;1.021946e-01;3.417419e-02;5.629836e-02;1.039910e-01;4.098126e-02;2.437091e-02
1.317976e-01;9.667900e-02;2.035463e-01;4.222489e-02;6.702624e-02;5.320588e-02;8.818264e-02;4.676630e-02;6.767907e-02;1.048208e-01;6.960440e-02;2.846692e-02
7.975856e-02;8.571153e-02;1.634547e-01;5.724331e-02;7.867291e-02;7.067721e-02;7.858947e-02;4.216997e-02;5.926949e-02;1.458794e-01;1.148399e-01;2.373347e-02
3.151372e-02;7.252671e-02;6.946429e-02;5.971294e-02;9.709203e-02;8.927017e-02;7.005137e-02;5.792582e-02;7.108669e-02;1.884149e-01;1.471082e-01;4.583321e-02
6.610813e-02;3.221685e-02;1.698565e-01;5.052366e-02;8.555914e-02;7.602192e-02;7.418173e-02;5.619494e-02;6.609979e-02;1.402226e-01;1.125336e-01;7.048115e-02
1.162256e-01;3.157498e-02;2.051145e-01;4.935747e-02;8.000825e-02;7.988941e-02;6.760974e-02;5.251456e-02;5.226010e-02;9.001403e-02;9.058831e-02;8.484311e-02
1.585527e-01;5.275891e-02;2.760945e-01;4.609772e-02;9.928465e-02;7.623984e-02;5.860886e-02;4.718306e-02;3.426367e-02;5.017401e-02;4.472792e-02;5.601415e-02
1.014600e-01;8.353816e-02;3.687251e-01;7.291775e-02;8.267739e-02;7.801614e-02;4.340446e-02;3.067184e-02;5.870051e-02;3.337780e-02;1.784398e-02;2.866687e-02
4.997917e-02;8.785830e-02;4.368308e-01;9.802032e-02;4.735088e-02;8.840367e-02;2.098930e-02;4.107666e-02;6.100519e-02;3.070606e-02;6.680898e-03;3.109877e-02
2.515586e-02;9.236310e-02;5.011382e-01;1.060016e-01;3.046918e-02;5.053286e-02;1.470603e-02;4.426382e-02;3.686319e-02;3.637873e-02;7.386881e-03;5.474056e-02
1.487844e-02;8.537520e-02;5.358782e-01;6.721745e-02;3.515783e-02;1.847438e-02;1.185674e-02;3.174955e-02;4.231071e-02;5.359861e-02;1.789584e-02;8.560701e-02
1.103730e-02;7.393203e-02;5.609443e-01;3.398407e-02;2.698542e-02;3.393101e-02;1.887811e-02;2.732635e-02;7.736405e-02;5.591391e-02;1.878717e-02;6.091626e-02
1.362056e-02;9.161581e-02;5.688606e-01;2.807023e-02;1.812892e-02;8.529948e-02;1.942701e-02;2.589531e-02;7.855850e-02;4.423980e-02;8.384457e-03;1.789936e-02
2.316980e-02;1.401919e-01;4.842859e-01;2.114680e-02;1.417960e-02;1.407946e-01;1.969838e-02;1.644059e-02;7.342476e-02;3.258561e-02;8.581405e-03;2.550071e-02
6.813981e-02;1.749073e-01;3.636623e-01;2.036859e-02;2.178556e-02;1.594770e-01;3.420817e-02;1.421015e-02;8.072682e-02;2.980089e-02;1.048261e-02;2.223083e-02
1.089696e-01;1.774304e-01;2.696675e-01;2.645256e-02;3.534072e-02;1.644977e-01;7.426643e-02;2.142239e-02;6.012033e-02;3.207792e-02;1.578704e-02;1.396747e-02
1.513457e-01;1.520966e-01;2.298212e-01;3.042923e-02;5.198137e-02;1.084004e-01;1.056225e-01;3.211539e-02;6.374940e-02;2.719525e-02;3.172939e-02;1.551358e-02
2.239280e-01;1.460096e-01;1.717032e-01;2.223371e-02;6.415156e-02;3.608293e-02;9.695250e-02;7.007136e-02;6.624991e-02;2.557900e-02;4.796595e-02;2.907226e-02
2.702309e-01;1.189538e-01;1.663258e-01;1.406652e-02;6.847417e-02;1.232779e-02;4.996086e-02;1.596316e-01;4.256159e-02;2.100523e-02;4.085412e-02;3.560755e-02
2.772750e-01;6.560130e-02;2.078550e-01;1.046478e-02;6.201249e-02;1.350186e-02;3.095638e-02;2.262250e-01;1.169962e-02;1.537687e-02;3.724149e-02;4.179028e-02
2.356582e-01;1.005135e-01;2.035871e-01;2.599587e-02;5.974786e-02;1.909442e-02;5.068913e-02;1.727486e-01;1.071786e-02;1.814006e-02;5.977140e-02;4.333590e-02
1.475383e-01;1.386232e-01;3.172440e-01;4.672823e-02;4.576693e-02;5.565543e-02;5.676757e-02;6.867578e-02;3.585488e-02;2.673684e-02;4.153056e-02;1.887827e-02
8.081536e-02;1.206830e-01;4.387091e-01;5.191052e-02;5.255450e-02;7.200350e-02;4.245063e-02;2.391960e-02;3.860151e-02;4.937351e-02;1.514847e-02;1.383029e-02
4.133105e-02;8.714304e-02;5.817960e-01;4.962779e-02;3.291362e-02;4.996856e-02;2.997641e-02;1.464697e-02;2.434903e-02;7.401812e-02;5.436325e-03;8.793099e-03
2.394771e-02;5.763214e-02;6.807550e-01;4.954644e-02;2.433817e-02;1.445834e-02;2.597612e-02;8.527857e-03;1.038017e-02;9.202968e-02;8.925544e-03;3.482759e-03
2.871534e-02;4.833706e-02;6.624811e-01;5.597630e-02;2.571218e-02;9.175607e-03;2.474214e-02;4.317666e-03;1.236805e-02;1.049004e-01;2.012429e-02;3.149889e-03
2.663959e-02;2.260904e-02;6.322665e-01;7.146732e-02;2.416640e-02;7.150719e-03;2.059903e-02;4.795312e-03;1.471123e-02;1.397734e-01;3.224444e-02;3.577049e-03
2.693977e-02;1.146155e-02;5.896462e-01;6.808700e-02;2.124880e-02;4.114460e-03;2.203335e-02;4.455164e-03;3.935856e-02;1.801140e-01;2.977316e-02;2.767956e-03
2.657797e-02;2.850586e-02;5.102493e-01;6.219517e-02;2.956816e-02;8.700470e-03;2.754261e-02;1.330822e-02;7.754230e-02;1.688124e-01;3.867296e-02;8.324609e-03
2.806899e-02;5.839670e-02;4.762779e-01;5.013651e-02;3.588039e-02;1.862779e-02;4.482281e-02;3.402767e-02;7.809837e-02;1.127464e-01;3.992942e-02;2.298698e-02
1.415010e-02;1.055080e-01;5.164903e-01;4.716602e-02;3.064094e-02;4.272337e-02;3.507239e-02;4.478787e-02;5.693218e-02;3.916177e-02;2.699375e-02;4.037321e-02
4.054817e-02;1.155493e-01;5.197351e-01;4.644237e-02;1.439793e-02;5.663392e-02;1.271429e-02;1.774294e-02;1.015694e-01;3.016356e-02;1.563721e-02;2.886592e-02
6.449428e-02;1.200660e-01;5.018554e-01;4.160464e-02;9.866371e-03;6.527489e-02;1.657331e-02;7.288716e-03;1.057017e-01;3.797642e-02;1.107656e-02;1.822158e-02
8.744758e-02;1.415642e-01;4.634316e-01;3.245879e-02;2.077184e-02;5.563754e-02;4.953157e-02;9.563528e-03;6.160236e-02;4.104481e-02;2.048361e-02;1.646270e-02
8.816756e-02;1.795797e-01;3.846938e-01;3.132294e-02;4.929045e-02;4.945543e-02;7.817631e-02;2.336499e-02;3.434121e-02;3.429204e-02;2.343952e-02;2.387605e-02
1.084584e-01;1.950113e-01;3.498081e-01;3.427651e-02;5.433109e-02;6.600886e-02;5.985853e-02;1.915893e-02;6.522269e-02;1.821569e-02;1.236849e-02;1.728145e-02
1.197452e-01;2.186101e-01;3.248436e-01;2.761323e-02;3.106420e-02;6.736012e-02;4.388520e-02;1.688263e-02;1.076683e-01;1.987987e-02;7.569513e-03;1.487805e-02
1.387429e-01;1.916237e-01;2.768421e-01;3.069116e-02;2.319409e-02;4.641003e-02;5.344066e-02;2.106445e-02;1.364686e-01;4.347367e-02;1.530450e-02;2.274418e-02
1.673595e-01;1.449703e-01;2.118038e-01;4.628659e-02;3.051420e-02;3.680447e-02;6.035776e-02;4.352449e-02;1.266071e-01;6.331531e-02;3.359548e-02;3.486102e-02
1.210387e-01;1.412275e-01;2.037831e-01;6.058259e-02;3.562828e-02;3.205632e-02;5.860303e-02;9.872810e-02;8.331052e-02;6.508967e-02;5.491484e-02;4.503740e-02
1.286711e-01;1.089056e-01;1.515568e-01;5.385517e-02;3.025298e-02;2.638022e-02;8.624751e-02;9.972624e-02;7.418671e-02;7.907322e-02;6.030282e-02;1.008416e-01
2.176645e-01;6.015401e-02;9.213443e-02;4.351947e-02;2.069687e-02;2.940482e-02;9.000837e-02;7.928932e-02;7.675587e-02;1.190691e-01;5.834099e-02;1.129623e-01
2.852621e-01;3.966174e-02;4.952706e-02;2.747454e-02;1.780934e-02;3.639225e-02;7.833847e-02;7.101177e-02;1.039796e-01;1.504210e-01;3.389279e-02;1.062292e-01
2.904312e-01;4.047461e-02;4.866706e-02;2.094147e-02;1.085251e-02;3.363789e-02;7.453708e-02;5.866294e-02;1.275510e-01;1.355695e-01;3.230203e-02;1.263726e-01
2.830071e-01;2.640761e-02;3.098958e-02;3.509773e-02;7.178019e-03;2.356466e-02;1.125258e-01;4.099787e-02;1.323249e-01;1.103342e-01;3.722619e-02;1.603463e-01
2.262357e-01;5.938502e-02;3.222347e-02;4.637838e-02;8.277218e-03;1.686991e-02;1.451623e-01;2.779435e-02;9.084500e-02;7.557090e-02;5.144773e-02;2.198099e-01
1.558889e-01;6.461924e-02;7.285091e-02;4.000781e-02;1.255248e-02;2.431921e-02;1.258508e-01;3.364082e-02;6.053646e-02;6.106624e-02;1.308222e-01;2.178448e-01
1.371356e-01;7.195620e-02;1.239003e-01;2.805380e-02;2.358309e-02;4.078665e-02;7.853316e-02;5.528282e-02;5.638437e-02;1.000830e-01;1.708667e-01;1.134344e-01
7.550552e-02;8.509825e-02;1.231005e-01;3.422866e-02;4.335473e-02;5.424393e-02;1.035122e-01;6.208303e-02;6.097861e-02;1.319753e-01;1.288633e-01;9.705598e-02
1.128123e-01;6.921631e-02;6.779465e-02;3.426313e-02;5.528514e-02;4.801572e-02;2.272821e-01;5.048214e-02;6.994510e-02;9.500145e-02;7.644730e-02;9.345468e-02
1.199586e-01;4.964234e-02;6.522284e-02;3.641319e-02;6.787730e-02;4.350421e-02;3.117085e-01;3.122380e-02;5.692188e-02;7.197533e-02;7.226858e-02;7.328341e-02
7.974881e-02;4.763449e-02;1.028932e-01;4.606074e-02;6.501009e-02;4.417548e-02;2.633324e-01;4.096203e-02;4.781723e-02;9.399672e-02;8.520398e-02;8.316479e-02
1.022631e-02;7.507654e-02;1.515861e-01;5.481989e-02;5.378978e-02;4.254873e-02;2.076894e-01;5.873784e-02;5.215643e-02;1.152462e-01;8.927376e-02;8.884899e-02
3.431471e-02;7.442297e-02;1.089939e-01;4.663493e-02;3.160613e-02;5.712716e-02;2.147908e-01;6.578033e-02;6.966189e-02;8.629417e-02;9.478386e-02;1.155893e-01
7.993051e-02;9.596492e-02;1.182188e-01;3.645786e-02;4.241126e-02;5.774649e-02;2.140452e-01;4.322652e-02;7.329948e-02;6.850798e-02;6.473628e-02;1.054548e-01
1.196976e-01;9.665799e-02;1.679592e-01;4.164636e-02;4.013258e-02;2.722529e-02;1.911840e-01;5.130630e-02;6.758157e-02;6.167706e-02;5.927946e-02;7.565261e-02
6.990516e-02;7.969743e-02;7.509179e-02;8.857480e-02;7.917787e-02;7.878563e-02;7.196376e-02;9.874430e-02;1.110866e-01;1.158073e-01;8.548220e-02;4.568316e-02
7.359028e-02;7.075567e-02;1.179378e-01;8.519903e-02;6.880078e-02;6.656619e-02;7.062308e-02;7.671873e-02;1.465217e-01;1.038146e-01;6.717214e-02;5.230011e-02
1.247216e-01;6.560444e-02;1.326488e-01;7.867922e-02;7.051614e-02;5.177239e-02;5.914313e-02;5.513649e-02;1.526143e-01;8.710777e-02;5.862007e-02;6.343570e-02
2.219359e-01;9.145281e-02;1.395390e-01;5.417914e-02;5.494747e-02;3.418300e-02;6.092100e-02;3.240659e-02;1.039906e-01;6.475209e-02;4.723700e-02;9.445547e-02
3.080604e-01;1.360048e-01;9.734672e-02;3.353541e-02;4.029537e-02;2.567316e-02;5.618236e-02;2.925271e-02;4.310775e-02;4.389695e-02;4.914911e-02;1.374952e-01
2.909985e-01;1.241120e-01;6.423154e-02;2.111050e-02;4.387211e-02;4.874619e-02;6.548756e-02;2.968147e-02;4.293770e-02;4.024810e-02;1.021499e-01;1.264245e-01
1.951643e-01;8.510771e-02;9.472820e-02;1.170091e-02;4.656638e-02;8.149985e-02;7.802386e-02;2.790205e-02;5.894036e-02;8.264702e-02;1.643075e-01;7.341185e-02
1.556047e-01;7.846120e-02;9.744032e-02;2.300879e-02;3.690805e-02;7.473180e-02;1.005833e-01;4.400933e-02;5.916338e-02;1.285478e-01;1.348606e-01;6.668072e-02
1.486931e-01;5.741375e-02;7.462503e-02;2.428746e-02;3.118802e-02;6.337676e-02;1.261060e-01;5.480401e-02;5.606820e-02;1.425865e-01;1.465982e-01;7.425296e-02
1.704596e-01;3.169228e-02;4.123033e-02;1.529626e-02;3.029243e-02;6.874686e-02;1.581873e-01;4.921171e-02;3.996047e-02;1.440627e-01;1.908001e-01;6.006001e-02
1.379229e-01;3.654627e-02;4.327766e-02;1.554686e-02;3.942228e-02;4.983933e-02;1.245891e-01;9.878322e-02;3.852305e-02;1.885855e-01;1.835689e-01;4.339501e-02
6.626139e-02;7.616647e-02;5.114720e-02;1.829539e-02;5.485067e-02;2.940591e-02;8.126311e-02;1.272015e-01;6.205252e-02;2.237287e-01;1.491041e-01;6.052300e-02
8.425009e-02;1.035145e-01;8.852115e-02;2.486568e-02;6.137405e-02;2.463724e-02;6.177286e-02;6.656953e-02;7.026950e-02;2.093983e-01;1.301276e-01;7.469947e-02
9.846318e-02;1.157375e-01;9.034957e-02;5.507084e-02;7.693843e-02;2.770990e-02;3.881624e-02;3.484912e-02;7.050535e-02;1.857532e-01;1.276735e-01;7.813323e-02
6.079391e-02;1.214786e-01;6.370525e-02;8.847011e-02;9.083184e-02;2.883910e-02;4.293508e-02;4.711343e-02;8.095820e-02;1.923958e-01;1.079338e-01;7.454481e-02
2.402070e-02;1.093714e-01;8.684164e-02;9.065069e-02;7.783260e-02;3.571460e-02;1.080052e-01;5.383563e-02;9.115554e-02;1.740907e-01;8.185699e-02;6.662431e-02
4.266271e-02;1.076352e-01;1.040481e-01;9.111387e-02;5.772101e-02;4.016513e-02;1.732473e-01;4.147972e-02;8.554947e-02;1.269462e-01;6.595489e-02;6.347642e-02
2.935281e-02;1.272772e-01;7.975664e-02;8.839073e-02;6.594117e-02;5.583239e-02;1.813020e-01;4.948983e-02;7.079334e-02;1.328958e-01;6.955404e-02;4.941401e-02
5.044681e-02;1.049494e-01;6.182673e-02;7.379650e-02;9.015080e-02;7.677106e-02;1.132846e-01;7.258290e-02;8.237960e-02;1.321606e-01;1.124142e-01;2.923688e-02
5.627947e-02;7.057189e-02;8.180664e-02;8.346719e-02;1.078575e-01;7.869047e-02;8.611677e-02;7.681268e-02;6.966370e-02;1.240434e-01;1.164567e-01;4.823365e-02
3.737574e-02;6.145629e-02;1.061620e-01;1.101946e-01;1.129023e-01;9.113180e-02;1.308343e-01;7.166782e-02;7.657639e-02;1.033094e-01;5.536181e-02;4.302755e-02
5.351317e-02;4.725616e-02;1.183844e-01;1.479113e-01;8.993692e-02;8.150441e-02;1.188142e-01;1.121127e-01;7.291108e-02;7.409646e-02;4.543508e-02;3.812406e-02
9.131050e-02;4.796372e-02;1.112532e-01;1.214392e-01;8.717611e-02;9.123743e-02;6.305518e-02;1.553389e-01;6.218334e-02;7.246754e-02;6.076618e-02;3.580870e-02
8.385150e-02;5.660751e-02;1.201784e-01;8.914042e-02;5.781544e-02;8.849873e-02;9.910908e-02;1.357531e-01;7.718542e-02;9.091141e-02;7.349128e-02;2.745777e-02
7.448114e-02;6.738286e-02;1.204085e-01;8.775873e-02;6.914657e-02;8.623129e-02;8.117405e-02;9.064596e-02;9.382701e-02;1.058667e-01;7.691725e-02;4.615987e-02
4.931112e-02;8.671710e-02;1.246770e-01;1.040455e-01;7.607227e-02;1.227395e-01;6.299168e-02;6.262655e-02;8.250115e-02;1.097486e-01;6.876372e-02;4.980576e-02
3.531312e-02;6.027731e-02;1.363809e-01;1.021016e-01;7.599467e-02;8.089355e-02;9.075623e-02;1.019022e-01;9.192198e-02;1.114444e-01;7.736032e-02;3.565374e-02
6.891551e-02;7.847854e-02;1.531983e-01;8.676917e-02;5.851915e-02;5.022818e-02;1.075517e-01;1.016185e-01;5.742912e-02;9.729230e-02;7.843900e-02;6.156055e-02
1.191647e-01;8.211529e-02;1.433770e-01;5.122427e-02;4.274573e-02;4.228869e-02;1.057867e-01;6.731022e-02;6.352538e-02;5.957505e-02;1.031899e-01;1.196971e-01
1.193964e-01;6.246404e-02;1.157379e-01;2.792282e-02;2.696950e-02;5.266604e-02;7.489491e-02;3.849785e-02;5.477772e-02;6.157394e-02;1.971845e-01;1.679145e-01
7.271169e-02;3.758180e-02;8.977944e-02;1.289861e-02;1.618734e-02;8.289306e-02;3.911021e-02;1.769861e-02;4.141419e-02;6.923834e-02;3.376946e-01;1.827921e-01
4.443082e-02;1.996361e-02;1.225675e-01;2.660598e-02;1.535787e-02;1.128079e-01;6.237736e-02;1.523581e-02;3.675960e-02;5.071434e-02;4.010552e-01;9.212403e-02
5.571163e-02;2.087007e-02;1.270026e-01;1.101325e-01;2.132680e-02;9.962767e-02;1.023157e-01;1.458798e-02;3.702660e-02;3.002031e-02;2.781591e-01;1.032190e-01
2.611732e-02;1.258313e-02;1.040108e-01;2.427947e-01;7.417661e-02;9.226393e-02;1.338986e-01;1.987566e-02;3.043764e-02;2.098646e-02;1.524281e-01;9.042706e-02
1.793304e-02;1.212023e-02;6.150201e-02;2.288692e-01;1.127104e-01;9.391322e-02;2.160201e-01;5.186023e-02;1.612572e-02;1.789750e-02;7.739384e-02;9.365451e-02
2.058432e-02;1.938510e-02;3.793854e-02;1.047811e-01;7.983524e-02;9.714133e-02;3.108307e-01;9.856813e-02;2.353646e-02;4.260524e-02;5.724218e-02;1.075516e-01
1.338334e-02;3.144528e-02;3.238812e-02;2.340085e-02;3.425601e-02;6.791784e-02;3.029644e-01;1.126621e-01;5.230739e-02;1.091363e-01;8.253631e-02;1.376020e-01
5.783426e-02;5.209011e-02;5.832609e-02;1.294453e-02;3.631223e-02;5.651863e-02;1.936991e-01;8.114140e-02;5.249351e-02;1.406398e-01;1.048920e-01;1.531084e-01
9.306829e-02;6.805708e-02;9.510018e-02;2.270901e-02;4.366362e-02;6.661509e-02;1.366269e-01;5.730641e-02;8.123306e-02;1.052941e-01;1.191517e-01;1.111745e-01
1.013520e-01;4.514713e-02;1.260409e-01;5.634874e-02;5.563191e-02;9.449431e-02;1.221599e-01;4.252824e-02;6.956531e-02;6.675298e-02;1.329894e-01;8.698916e-02
6.170816e-02;2.723053e-02;8.571652e-02;7.161566e-02;4.196095e-02;1.325419e-01;1.102614e-01;3.591797e-02;4.563720e-02;9.571113e-02;1.905188e-01;1.011798e-01
7.509514e-02;2.755955e-02;8.912511e-02;4.172190e-02;2.876599e-02;1.643968e-01;8.890518e-02;2.738439e-02;4.140422e-02;9.679931e-02;2.312545e-01;8.758795e-02
7.937898e-02;3.032531e-02;1.188448e-01;4.513178e-02;3.704198e-02;1.465692e-01;5.910405e-02;2.276048e-02;5.636680e-02;1.123738e-01;2.104497e-01;8.165312e-02
6.242773e-02;3.696733e-02;9.675805e-02;3.806863e-02;4.749172e-02;1.295336e-01;5.944911e-02;2.016334e-02;5.821363e-02;1.736045e-01;1.951898e-01;8.213253e-02
3.904957e-02;3.724347e-02;8.087528e-02;3.488676e-02;5.362838e-02;8.904111e-02;7.074952e-02;3.030032e-02;6.845557e-02;2.149997e-01;2.065161e-01;7.425423e-02
3.762083e-02;2.863560e-02;7.650995e-02;4.999757e-02;1.048150e-01;5.193385e-02;9.164248e-02;5.103667e-02;7.969392e-02;2.086969e-01;1.397339e-01;7.968333e-02
3.661274e-02;3.546060e-02;1.005381e-01;5.920367e-02;1.033241e-01;9.811000e-02;1.262625e-01;4.713915e-02;6.948323e-02;1.486321e-01;1.113260e-01;6.390782e-02
6.426071e-02;5.151840e-02;1.116167e-01;5.586076e-02;8.704069e-02;1.226451e-01;1.300261e-01;4.532462e-02;5.771201e-02;1.215006e-01;1.041772e-01;4.831697e-02
8.734468e-02;3.797221e-02;7.695860e-02;6.298181e-02;8.124895e-02;1.181062e-01;1.442720e-01;5.030347e-02;4.085117e-02;1.120820e-01;1.286774e-01;5.920148e-02
5.660516e-02;2.992648e-02;1.032419e-01;5.833689e-02;6.870665e-02;8.123671e-02;1.470600e-01;5.528081e-02;6.361882e-02;1.189098e-01;1.455472e-01;7.152955e-02
5.184216e-02;5.052896e-02;9.370595e-02;8.591074e-02;7.992466e-02;6.954092e-02;1.340699e-01;8.131830e-02;6.865245e-02;1.174991e-01;9.591993e-02;7.108688e-02
5.633122e-02;5.773647e-02;8.805573e-02;8.859421e-02;1.092173e-01;5.873552e-02;9.976097e-02;8.875768e-02;8.464070e-02;1.217633e-01;7.892024e-02;6.748661e-02
6.349995e-02;4.034454e-02;1.023317e-01;6.680310e-02;1.099832e-01;6.956990e-02;6.991754e-02;9.216218e-02;1.218964e-01;1.094906e-01;9.143145e-02;6.256943e-02
4.853311e-02;3.599831e-02;9.331428e-02;4.730227e-02;8.662388e-02;8.734123e-02;6.793191e-02;1.185588e-01;1.411480e-01;1.107554e-01;1.012678e-01;6.122505e-02
4.494354e-02;5.160925e-02;1.179855e-01;6.907528e-02;7.212146e-02;7.449220e-02;8.264276e-02;1.678938e-01;1.076915e-01;8.568309e-02;6.779945e-02;5.806221e-02
4.727926e-02;4.020722e-02;1.684705e-01;8.973607e-02;6.153930e-02;6.274013e-02;7.322619e-02;1.951934e-01;9.244244e-02;6.719765e-02;5.884678e-02;4.312107e-02
5.516963e-02;8.159033e-02;1.539280e-01;5.495618e-02;5.224336e-02;7.318876e-02;8.116539e-02;1.912445e-01;9.587036e-02;8.225618e-02;4.757763e-02;3.080967e-02
6.230835e-02;8.046312e-02;1.508539e-01;6.740521e-02;8.438674e-02;8.102557e-02;7.761830e-02;1.557098e-01;7.773735e-02;8.771560e-02;3.848058e-02;3.629556e-02
3.459401e-02;7.909340e-02;2.344072e-01;8.929852e-02;8.964065e-02;7.796495e-02;5.589829e-02;1.161983e-01;6.958101e-02;9.355547e-02;3.559246e-02;2.417577e-02
2.552213e-02;1.234981e-01;2.057330e-01;7.577124e-02;5.978508e-02;5.232056e-02;6.487698e-02;1.497028e-01;9.756423e-02;9.145199e-02;2.845369e-02;2.532028e-02
3.938185e-02;1.954089e-01;1.074120e-01;3.265524e-02;7.991960e-02;2.277935e-02;4.817151e-02;1.829053e-01;1.241902e-01;9.644531e-02;3.514258e-02;3.558826e-02
4.251208e-02;1.593796e-01;1.733243e-01;2.579447e-02;6.612317e-02;3.225689e-02;5.619259e-02;1.545837e-01;1.319354e-01;9.413241e-02;3.457126e-02;2.919406e-02
9.093399e-02;8.505152e-02;2.277728e-01;4.145585e-02;4.919077e-02;4.568154e-02;1.140640e-01;1.139698e-01;7.446693e-02;7.581237e-02;4.413292e-02;3.746750e-02
1.197307e-01;4.961205e-02;1.941580e-01;5.098504e-02;4.122569e-02;5.398325e-02;1.417021e-01;9.835916e-02;3.447187e-02;7.870854e-02;8.918022e-02;4.788339e-02
9.086163e-02;5.142764e-02;1.340484e-01;4.471648e-02;3.657202e-02;5.495452e-02;1.340363e-01;8.492082e-02;3.634758e-02;1.143511e-01;1.616312e-01;5.613233e-02
4.527555e-02;5.531158e-02;6.378476e-02;3.523771e-02;6.883191e-02;3.323694e-02;1.389428e-01;9.174073e-02;3.828194e-02;1.787304e-01;1.979650e-01;5.266064e-02
2.857869e-02;4.431391e-02;2.848080e-02;5.426298e-02;9.588494e-02;3.511579e-02;1.628067e-01;9.162299e-02;6.146394e-02;2.237669e-01;1.370894e-01;3.661297e-02
6.980325e-02;2.606508e-02;2.780038e-02;1.277643e-01;7.059424e-02;4.302740e-02;1.761260e-01;6.425836e-02;1.096449e-01;1.946426e-01;6.733166e-02;2.294187e-02
1.059272e-01;1.472209e-02;5.001745e-02;2.197371e-01;2.354191e-02;2.351612e-02;1.871461e-01;5.491775e-02;1.398069e-01;1.366974e-01;2.690456e-02;1.706538e-02
1.069665e-01;1.321670e-02;4.937172e-02;2.390000e-01;3.247552e-02;1.966514e-02;1.650376e-01;6.376032e-02;1.393045e-01;1.228256e-01;3.692281e-02;1.145362e-02
1.068986e-01;8.588979e-03;3.575427e-02;2.158324e-01;8.127634e-02;2.364142e-02;1.502962e-01;6.617598e-02;1.351047e-01;1.240262e-01;4.265171e-02;9.753137e-03
7.668961e-02;1.558429e-02;5.834529e-02;1.550869e-01;1.150581e-01;3.831605e-02;1.377680e-01;8.208501e-02;1.308019e-01;1.202164e-01;5.350034e-02;1.654810e-02
3.590174e-02;1.671894e-02;7.894232e-02;7.141311e-02;7.516401e-02;5.500847e-02;3.072309e-01;9.971332e-02;9.250538e-02;9.332343e-02;4.522783e-02;2.885064e-02
3.127055e-02;2.742367e-02;8.881247e-02;2.736728e-02;7.763040e-02;6.443767e-02;3.871450e-01;8.987667e-02;7.321174e-02;6.646514e-02;3.053579e-02;3.582370e-02
4.977428e-02;4.044604e-02;1.151482e-01;5.187357e-02;1.218079e-01;6.697949e-02;3.062293e-01;7.441927e-02;5.545137e-02;5.082262e-02;2.567633e-02;4.137152e-02
5.996060e-02;4.033436e-02;1.511108e-01;1.046722e-01;1.034639e-01;8.903006e-02;1.424143e-01;9.377011e-02;8.405688e-02;7.820620e-02;2.334994e-02;2.963064e-02
4.918239e-02;5.284535e-02;9.376714e-02;8.483894e-02;9.557064e-02;1.053368e-01;1.288387e-01;1.186090e-01;1.463592e-01;9.307009e-02;1.358507e-02;1.799668e-02
3.965023e-02;5.628270e-02;8.122035e-02;4.293964e-02;1.078664e-01;1.165714e-01;1.419554e-01;1.010148e-01;1.785364e-01;8.379774e-02;1.873474e-02;3.143026e-02
4.308151e-02;4.483069e-02;9.837522e-02;4.093673e-02;1.293745e-01;9.157955e-02;1.403129e-01;8.995599e-02;1.557271e-01;9.748123e-02;2.693986e-02;4.140466e-02
7.742538e-02;8.642850e-02;8.656321e-02;5.814382e-02;1.123587e-01;1.135201e-01;9.414691e-02;1.200457e-01;1.086892e-01;8.262337e-02;2.100108e-02;3.905407e-02
9.338844e-02;9.620065e-02;6.643800e-02;8.148412e-02;1.383207e-01;1.135092e-01;9.449347e-02;9.898583e-02;6.347453e-02;8.923267e-02;4.195720e-02;2.251523e-02
8.264038e-02;5.934863e-02;5.692052e-02;8.397259e-02;1.361455e-01;4.695433e-02;1.121165e-01;1.055087e-01;1.134916e-01;1.004085e-01;6.467689e-02;3.781596e-02
5.452611e-02;3.679365e-02;7.794973e-02;7.941472e-02;8.820724e-02;6.119593e-02;1.442500e-01;1.121856e-01;1.375791e-01;8.923819e-02;6.294914e-02;5.571067e-02
4.138520e-02;5.041778e-02;1.069542e-01;1.042558e-01;8.040668e-02;8.816408e-02;1.828444e-01;8.102972e-02;9.826186e-02;6.929226e-02;3.796174e-02;5.902625e-02
5.202664e-02;5.364687e-02;1.082994e-01;1.128855e-01;7.864786e-02;4.519621e-02;2.712845e-01;5.884367e-02;5.266517e-02;6.556026e-02;4.678293e-02;5.416090e-02
3.870414e-02;5.890197e-02;7.114416e-02;6.701217e-02;4.470454e-02;3.418794e-02;4.315145e-01;5.654306e-02;4.221749e-02;5.226385e-02;5.887964e-02;4.392651e-02
2.888090e-02;5.270560e-02;3.975353e-02;2.836154e-02;3.325452e-02;3.587726e-02;5.671230e-01;5.152404e-02;2.457563e-02;3.116942e-02;7.831626e-02;2.845828e-02
2.606409e-02;4.334557e-02;3.668900e-02;1.278906e-02;2.606709e-02;3.279919e-02;6.153477e-01;4.468098e-02;1.775427e-02;2.292936e-02;1.071768e-01;1.435689e-02
1.818698e-02;6.639712e-02;3.525964e-02;9.702994e-03;2.519697e-02;2.813239e-02;5.956221e-01;3.878590e-02;1.761105e-02;2.381591e-02;1.170035e-01;2.428550e-02
4.071793e-02;1.081277e-01;6.189471e-02;1.225821e-02;2.070146e-02;2.780352e-02;5.337268e-01;3.739297e-02;1.759637e-02;2.052927e-02;9.537128e-02;2.387980e-02
3.900400e-02;1.444539e-01;1.556377e-01;5.494168e-03;3.143645e-02;3.395138e-02;4.437277e-01;3.083676e-02;1.582449e-02;1.493955e-02;7.214347e-02;1.255046e-02
3.211108e-02;1.608019e-01;2.600039e-01;2.140342e-02;4.952331e-02;3.048641e-02;3.407111e-01;2.128938e-02;1.044806e-02;8.283175e-03;5.983397e-02;5.104274e-03
2.821976e-02;1.645103e-01;3.145569e-01;4.255744e-02;7.004382e-02;2.488139e-02;2.637729e-01;1.960735e-02;9.460604e-03;6.720751e-03;5.006263e-02;5.606167e-03
2.174801e-02;1.633566e-01;3.403577e-01;3.864090e-02;9.989267e-02;2.279499e-02;2.194534e-01;2.511397e-02;9.558948e-03;6.634604e-03;4.200546e-02;1.044277e-02
2.241277e-02;1.592428e-01;3.674186e-01;2.149686e-02;1.333647e-01;2.916664e-02;1.792930e-01;3.081817e-02;7.700521e-03;6.335259e-03;3.058710e-02;1.216351e-02
2.472521e-02;1.642199e-01;3.751576e-01;1.725366e-02;1.535439e-01;2.077218e-02;1.595516e-01;3.714789e-02;6.832809e-03;8.370495e-03;2.060351e-02;1.182125e-02
2.855489e-02;1.601256e-01;3.814527e-01;1.381516e-02;1.485710e-01;1.407691e-02;1.461858e-01;5.232710e-02;9.751005e-03;1.191880e-02;1.391148e-02;1.930966e-02
3.445398e-02;1.407162e-01;4.137136e-01;1.998948e-02;1.037391e-01;1.852214e-02;1.384076e-01;6.446078e-02;1.204980e-02;1.774942e-02;7.056930e-03;2.914099e-02
3.914722e-02;1.062978e-01;4.490909e-01;3.362868e-02;3.963085e-02;1.747500e-02;1.656254e-01;7.247943e-02;1.382263e-02;1.991912e-02;9.725358e-03;3.315767e-02
5.067043e-02;1.013893e-01;4.275347e-01;4.218942e-02;1.753935e-02;1.328957e-02;1.711127e-01;7.628907e-02;1.580292e-02;1.829128e-02;3.232397e-02;3.356725e-02
4.956416e-02;1.304004e-01;3.502191e-01;2.903445e-02;2.007538e-02;1.301922e-02;1.654629e-01;7.862041e-02;1.834124e-02;3.203998e-02;7.291690e-02;4.030585e-02
3.698374e-02;1.175522e-01;2.669730e-01;1.565074e-02;3.246204e-02;1.564505e-02;2.250655e-01;6.760854e-02;3.946222e-02;5.785567e-02;9.127317e-02;3.346813e-02
3.294184e-02;1.324867e-01;2.130895e-01;1.765381e-02;5.951587e-02;2.870169e-02;2.934965e-01;5.273652e-02;3.853619e-02;4.680153e-02;6.532743e-02;1.871244e-02
4.023239e-02;1.167286e-01;1.993318e-01;1.856224e-02;7.603482e-02;5.185232e-02;3.419165e-01;4.876593e-02;2.417632e-02;2.487415e-02;3.134621e-02;2.617874e-02
4.670811e-02;5.328598e-02;2.245649e-01;2.159230e-02;6.392180e-02;6.237841e-02;3.153090e-01;5.727198e-02;3.195549e-02;5.082475e-02;2.443921e-02;4.774800e-02
6.374676e-02;6.607699e-02;2.720473e-01;1.652055e-02;5.810641e-02;3.858129e-02;1.988605e-01;6.849487e-02;3.642883e-02;5.423195e-02;6.287154e-02;6.403306e-02
7.991563e-02;1.417483e-01;3.001314e-01;2.706260e-02;6.535665e-02;2.195981e-02;9.498880e-02;5.710013e-02;3.678876e-02;3.320410e-02;8.573859e-02;5.600509e-02
