8.256426e-02;7.035640e-02;8.269420e-02;7.985427e-02;7.851308e-02;1.239440e-01;1.066117e-01;6.799807e-02;5.617631e-02;9.346581e-02;5.189304e-02;1.059289e-01
7.671117e-02;8.459081e-02;1.080211e-01;1.030205e-01;1.233093e-01;9.629192e-02;7.247122e-02;7.863377e-02;3.203041e-02;7.985169e-02;4.424892e-02;1.008193e-01
6.406441e-02;8.950222e-02;1.348321e-01;1.581338e-01;1.022491e-01;1.005952e-01;4.111098e-02;7.846581e-02;5.633230e-02;7.673329e-02;6.048879e-02;3.749195e-02
5.086783e-02;1.241253e-01;1.677372e-01;1.382871e-01;6.921728e-02;9.647947e-02;2.475447e-02;4.697698e-02;6.884231e-02;8.563660e-02;5.811606e-02;6.895941e-02
4.637670e-02;1.460998e-01;1.644810e-01;7.151651e-02;6.602372e-02;9.978389e-02;4.774609e-02;5.337086e-02;8.749484e-02;9.522053e-02;4.700684e-02;7.487921e-02
4.653873e-02;1.070789e-01;1.372292e-01;6.561464e-02;6.396319e-02;8.912762e-02;6.970602e-02;8.872706e-02;8.249425e-02;1.181934e-01;6.182417e-02;6.950281e-02
5.925511e-02;5.633630e-02;1.271107e-01;9.053731e-02;1.025472e-01;7.798251e-02;4.784366e-02;7.751220e-02;7.675035e-02;1.419528e-01;6.298146e-02;7.919046e-02
8.336577e-02;3.203399e-02;9.391864e-02;9.959236e-02;1.180001e-01;1.476769e-01;4.423553e-02;6.417532e-02;9.405920e-02;1.104847e-01;4.479763e-02;6.765997e-02
7.894171e-02;4.976873e-02;6.368791e-02;9.761824e-02;1.229706e-01;2.172579e-01;6.234774e-02;5.915769e-02;7.621162e-02;6.677879e-02;4.738196e-02;5.787710e-02
7.373159e-02;4.764457e-02;8.929040e-02;6.319465e-02;7.392301e-02;1.301556e-01;1.607462e-01;1.303222e-01;4.660273e-02;8.779252e-02;3.838203e-02;5.821445e-02
6.676207e-02;4.214769e-02;7.796685e-02;7.695010e-02;1.146726e-01;8.440016e-02;9.223246e-02;1.303498e-01;1.190272e-01;6.456299e-02;4.854754e-02;8.238056e-02
5.187358e-02;5.411047e-02;5.649104e-02;8.364694e-02;1.221772e-01;8.843499e-02;1.020182e-01;1.072970e-01;1.231769e-01;1.007220e-01;5.283856e-02;5.721316e-02
4.393557e-02;6.571669e-02;6.347446e-02;8.523972e-02;7.289322e-02;1.217896e-01;1.362431e-01;7.959524e-02;1.193399e-01;1.194008e-01;5.162721e-02;4.074442e-02
2.200351e-02;6.868134e-02;4.734904e-02;8.167516e-02;8.588701e-02;1.343290e-01;1.616098e-01;1.121339e-01;9.365008e-02;8.852910e-02;5.232797e-02;5.182407e-02
2.007798e-02;4.529374e-02;1.920060e-02;1.114376e-01;1.067382e-01;8.790457e-02;1.720255e-01;1.247540e-01;7.730012e-02;1.261505e-01;4.522349e-02;6.389375e-02
1.903475e-02;3.139300e-02;1.695300e-02;1.596588e-01;5.970594e-02;5.004250e-02;2.141633e-01;8.626539e-02;4.949857e-02;2.004664e-01;2.822112e-02;8.459719e-02
4.088382e-02;2.417832e-02;2.148390e-02;1.640614e-01;4.705985e-02;4.917097e-02;2.064419e-01;8.121569e-02;4.546512e-02;2.111712e-01;2.067554e-02;8.819219e-02
5.692621e-02;1.682393e-02;2.573387e-02;1.665136e-01;5.596210e-02;7.807785e-02;1.342769e-01;1.087266e-01;5.054719e-02;2.360072e-01;1.066839e-02;5.973613e-02
4.071682e-02;1.753504e-02;2.804141e-02;1.961477e-01;4.419429e-02;1.005160e-01;1.404586e-01;6.829610e-02;5.225314e-02;2.260416e-01;2.121818e-02;6.458120e-02
4.628369e-02;3.476847e-02;3.156244e-02;1.748638e-01;7.934023e-02;8.617079e-02;1.678542e-01;5.904594e-02;5.285547e-02;1.548557e-01;2.537659e-02;8.702268e-02
6.330780e-02;4.948170e-02;4.182512e-02;1.589102e-01;9.180295e-02;5.861560e-02;1.833668e-01;6.182190e-02;5.856998e-02;1.056436e-01;3.856066e-02;8.809369e-02
6.264603e-02;6.374850e-02;6.809049e-02;1.192034e-01;5.351800e-02;6.223169e-02;1.266506e-01;1.058378e-01;9.472360e-02;6.961882e-02;9.038075e-02;8.335026e-02
4.849016e-02;6.417757e-02;8.264730e-02;7.792830e-02;5.834327e-02;1.046112e-01;7.039106e-02;1.152946e-01;1.053183e-01;6.955204e-02;9.280948e-02;1.104367e-01
6.452595e-02;7.249430e-02;6.442697e-02;9.906650e-02;8.594552e-02;1.402140e-01;8.839617e-02;9.332263e-02;6.381037e-02;7.397572e-02;7.510143e-02;7.872045e-02
7.153758e-02;8.314849e-02;9.032534e-02;9.119363e-02;1.107532e-01;1.122234e-01;1.265341e-01;5.590240e-02;4.105218e-02;9.138661e-02;8.176973e-02;4.417335e-02
8.982421e-02;8.588573e-02;1.533660e-01;7.012356e-02;9.325970e-02;6.209229e-02;1.315593e-01;4.846647e-02;5.665154e-02;9.724351e-02;7.668959e-02;3.483809e-02
9.595388e-02;6.651068e-02;2.266462e-01;6.884046e-02;7.521427e-02;3.815060e-02;1.278037e-01;3.875474e-02;6.169927e-02;7.890560e-02;7.196470e-02;4.955591e-02
7.635898e-02;5.013208e-02;1.633286e-01;7.180820e-02;8.144298e-02;8.514749e-02;1.293150e-01;6.817127e-02;6.038719e-02;4.984662e-02;8.554573e-02;7.851586e-02
4.180035e-02;4.115283e-02;8.861595e-02;1.132700e-01;4.628189e-02;1.180319e-01;1.886499e-01;6.906827e-02;5.794394e-02;7.679954e-02;7.062546e-02;8.776002e-02
5.732491e-02;4.275530e-02;6.337185e-02;1.234512e-01;6.897913e-02;9.455646e-02;1.715645e-01;8.395252e-02;6.652138e-02;8.803984e-02;7.483490e-02;6.464801e-02
7.031201e-02;4.792910e-02;7.433191e-02;1.428547e-01;4.611870e-02;8.891746e-02;1.393095e-01;9.538290e-02;6.789511e-02;6.123791e-02;7.229223e-02;9.341854e-02
7.301079e-02;6.065080e-02;7.007382e-02;1.382904e-01;4.837568e-02;8.435231e-02;1.307891e-01;6.500338e-02;6.659337e-02;8.417955e-02;5.766750e-02;1.210133e-01
5.293530e-02;4.850713e-02;1.113845e-01;9.599847e-02;7.228946e-02;3.529273e-02;1.242182e-01;5.703700e-02;1.185158e-01;1.359445e-01;8.623773e-02;6.163909e-02
4.820995e-02;4.702954e-02;8.294550e-02;1.083986e-01;1.026902e-01;7.809466e-02;1.403699e-01;6.141324e-02;8.487960e-02;1.099477e-01;8.265227e-02;5.336886e-02
4.429432e-02;3.542645e-02;8.300526e-02;1.173979e-01;1.072671e-01;8.700165e-02;1.849427e-01;5.341384e-02;8.062147e-02;1.006164e-01;5.797302e-02;4.803986e-02
2.511314e-02;4.095201e-02;1.468316e-01;1.343119e-01;9.099381e-02;6.612447e-02;1.689661e-01;5.714292e-02;4.827707e-02;8.724902e-02;9.070389e-02;4.333415e-02
2.278956e-02;5.457639e-02;1.667162e-01;1.560875e-01;8.058752e-02;6.323591e-02;8.987582e-02;7.426195e-02;2.659006e-02;5.507366e-02;1.587383e-01;5.146706e-02
2.787485e-02;5.831759e-02;1.462203e-01;2.017751e-01;6.905562e-02;6.523393e-02;5.638781e-02;6.370316e-02;2.773457e-02;3.307896e-02;2.076575e-01;4.296066e-02
6.476114e-02;4.852408e-02;1.429249e-01;2.742846e-01;4.961317e-02;6.493303e-02;4.191608e-02;4.231101e-02;1.988851e-02;1.711262e-02;2.003795e-01;3.335144e-02
7.313704e-02;3.854035e-02;1.602606e-01;3.364656e-01;3.494378e-02;4.548023e-02;2.772267e-02;2.724084e-02;1.587417e-02;4.666489e-02;1.714160e-01;2.225378e-02
7.702582e-02;2.763887e-02;2.128036e-01;3.056078e-01;3.840220e-02;3.370867e-02;5.301116e-02;2.632875e-02;2.075660e-02;7.891124e-02;1.058307e-01;1.997460e-02
1.420286e-01;1.553185e-02;2.661942e-01;1.771064e-01;3.185163e-02;3.893457e-02;1.042074e-01;2.332868e-02;2.706776e-02;9.608062e-02;6.406842e-02;1.359993e-02
1.487291e-01;1.357243e-02;2.155444e-01;2.047381e-01;2.703277e-02;4.575602e-02;9.810433e-02;3.401913e-02;2.570591e-02;7.035140e-02;1.047859e-01;1.166045e-02
6.561761e-02;2.739329e-02;1.062406e-01;3.379666e-01;1.359343e-02;5.370839e-02;4.525969e-02;8.413814e-02;1.742597e-02;2.378803e-02;2.125987e-01;1.226944e-02
1.774179e-02;4.844375e-02;4.225146e-02;3.992062e-01;1.658004e-02;4.719936e-02;1.548866e-02;1.228802e-01;8.538380e-03;1.294240e-02;2.474233e-01;2.130452e-02
7.559555e-03;6.723343e-02;3.988148e-02;3.416519e-01;5.191037e-02;2.755547e-02;1.555910e-02;1.317804e-01;1.767551e-02;2.044523e-02;2.099876e-01;6.875997e-02
2.617152e-02;5.424044e-02;3.246482e-02;1.807256e-01;1.140882e-01;2.591455e-02;3.151636e-02;9.701449e-02;6.001446e-02;3.242837e-02;1.602457e-01;1.851754e-01
6.603524e-02;3.059498e-02;2.563052e-02;7.613352e-02;1.092030e-01;5.664627e-02;5.331317e-02;6.194619e-02;9.928387e-02;4.602962e-02;1.225228e-01;2.526607e-01
1.116864e-01;2.611907e-02;4.363239e-02;5.068983e-02;8.643740e-02;9.258711e-02;7.130332e-02;5.578068e-02;8.606839e-02;5.599158e-02;8.045968e-02;2.392441e-01
1.152834e-01;2.960665e-02;8.743537e-02;8.398061e-02;1.397747e-01;9.155529e-02;6.937283e-02;4.778880e-02;7.962485e-02;5.334121e-02;3.620203e-02;1.660341e-01
9.120802e-02;3.260145e-02;1.815147e-01;1.311312e-01;1.215947e-01;5.452235e-02;5.873719e-02;5.076551e-02;1.098773e-01;5.429897e-02;4.954122e-02;6.420743e-02
6.498374e-02;5.521292e-02;2.574974e-01;1.221320e-01;6.397391e-02;4.678540e-02;9.508196e-02;6.627362e-02;1.079244e-01;6.039951e-02;3.151393e-02;2.822112e-02
6.803527e-02;6.684423e-02;2.035606e-01;1.063956e-01;4.608876e-02;8.892053e-02;7.501744e-02;5.652310e-02;1.165228e-01;4.348864e-02;5.807745e-02;7.052565e-02
8.251856e-02;5.671010e-02;2.074079e-01;6.556219e-02;6.427988e-02;7.592882e-02;5.989488e-02;6.904159e-02;9.944220e-02;4.337484e-02;8.074252e-02;9.509643e-02
8.438459e-02;4.896400e-02;2.700978e-01;7.979581e-02;6.635272e-02;4.892027e-02;7.626254e-02;3.079610e-02;7.088034e-02;4.632293e-02;7.480767e-02;1.024153e-01
5.807392e-02;4.407018e-02;1.453315e-01;3.956751e-02;8.973242e-02;1.001954e-01;2.005810e-01;7.399024e-02;8.489076e-02;6.999434e-02;4.472155e-02;4.885129e-02
3.035321e-02;5.892722e-02;4.291439e-02;1.356126e-02;5.843171e-02;7.239787e-02;3.260441e-01;1.467514e-01;9.503021e-02;7.058448e-02;7.115469e-02;1.384944e-02
2.831190e-02;8.436339e-02;1.833198e-02;9.412101e-03;2.282699e-02;4.997209e-02;3.493700e-01;1.665919e-01;9.673920e-02;7.555169e-02;8.900663e-02;9.522098e-03
7.672071e-02;9.492286e-02;1.694212e-02;1.660673e-02;1.099398e-02;6.961026e-02;3.033369e-01;1.352567e-01;8.180287e-02;9.193075e-02;8.740949e-02;1.446661e-02
1.527995e-01;1.084938e-01;1.557214e-02;2.488918e-02;7.717759e-03;1.174517e-01;2.253468e-01;7.604215e-02;5.448860e-02;1.370596e-01;6.595948e-02;1.417921e-02
2.672834e-01;1.100263e-01;1.155872e-02;3.056425e-02;1.418983e-02;1.687692e-01;1.364963e-01;3.072095e-02;1.914048e-02;1.619848e-01;3.476355e-02;1.450224e-02
3.579520e-01;7.325164e-02;1.064835e-02;2.293134e-02;2.591446e-02;1.873519e-01;1.000212e-01;2.905895e-02;1.394476e-02;1.472832e-01;1.939094e-02;1.225116e-02
4.042280e-01;2.777055e-02;9.206230e-03;1.862966e-02;3.897665e-02;2.001466e-01;8.163253e-02;3.662081e-02;1.548827e-02;1.404546e-01;1.371765e-02;1.312838e-02
3.437127e-01;1.957100e-02;1.308827e-02;1.360403e-02;7.162109e-02;1.793818e-01;8.087309e-02;3.230076e-02;2.903134e-02;1.135449e-01;1.214816e-02;9.112293e-02
1.988585e-01;2.253484e-02;3.623161e-02;2.887603e-02;1.459118e-01;1.168207e-01;6.482895e-02;2.114552e-02;7.731728e-02;6.468707e-02;3.039339e-02;1.923943e-01
1.066410e-01;1.429061e-02;8.902945e-02;6.146104e-02;1.558979e-01;6.944087e-02;5.302034e-02;2.434668e-02;8.696938e-02;6.115288e-02;6.624424e-02;2.115056e-01
8.868860e-02;2.244475e-02;1.822540e-01;8.106721e-02;1.041074e-01;4.599007e-02;5.228020e-02;3.500648e-02;7.054221e-02;9.111438e-02;8.435185e-02;1.421528e-01
1.252561e-01;3.948071e-02;2.363823e-01;5.178560e-02;4.877391e-02;5.581108e-02;6.798206e-02;3.581467e-02;7.514014e-02;1.275620e-01;6.499927e-02;7.101215e-02
1.439624e-01;4.322306e-02;1.646530e-01;4.104391e-02;5.087231e-02;8.770591e-02;7.849310e-02;6.253472e-02;1.047428e-01;1.097882e-01;4.468738e-02;6.829332e-02
1.066649e-01;5.140736e-02;9.699474e-02;5.765191e-02;6.376517e-02;9.805886e-02;1.064190e-01;8.257964e-02;1.208878e-01;9.470577e-02;3.133283e-02;8.953203e-02
8.786189e-02;4.958164e-02;7.586682e-02;7.376002e-02;8.520756e-02;1.094968e-01;1.200237e-01;7.116992e-02;1.302037e-01;1.024249e-01;2.985608e-02;6.454692e-02
8.768589e-02;3.040271e-02;8.333963e-02;7.876207e-02;1.037328e-01;1.088332e-01;1.084923e-01;7.664417e-02;1.406584e-01;9.169656e-02;4.247942e-02;4.727277e-02
1.053654e-01;6.535298e-02;6.642143e-02;7.394435e-02;8.368776e-02;9.384935e-02;1.281948e-01;7.569131e-02;1.025343e-01;8.827768e-02;5.853613e-02;5.814454e-02
9.432354e-02;1.175873e-01;6.683806e-02;7.111581e-02;6.408800e-02;5.387036e-02;1.241700e-01;7.869952e-02;6.536790e-02;1.524075e-01;4.677314e-02;6.475890e-02
5.969635e-02;9.541803e-02;1.043081e-01;8.017500e-02;5.974567e-02;7.279234e-02;9.166943e-02;8.426718e-02;6.620032e-02;1.660203e-01;5.758052e-02;6.212671e-02
6.310832e-02;1.291554e-01;1.196363e-01;5.160158e-02;5.346512e-02;6.203521e-02;1.051657e-01;9.468789e-02;7.875881e-02;1.379386e-01;5.746655e-02;4.698049e-02
8.459158e-02;1.250540e-01;9.822712e-02;8.318505e-02;6.297725e-02;4.950767e-02;1.161787e-01;8.255211e-02;6.083448e-02;1.318417e-01;5.387360e-02;5.117682e-02
6.962684e-02;8.873156e-02;1.220264e-01;9.087807e-02;5.177030e-02;5.778794e-02;1.405121e-01;8.766358e-02;8.873247e-02;1.198282e-01;4.170123e-02;4.074126e-02
5.210907e-02;5.037898e-02;1.461918e-01;9.380414e-02;5.634874e-02;7.953812e-02;1.489621e-01;3.079640e-02;4.901173e-02;6.990971e-02;1.055513e-01;1.173980e-01
5.020145e-02;2.825522e-02;1.895506e-01;1.284985e-01;7.946496e-02;5.299409e-02;9.132540e-02;3.875077e-02;3.111197e-02;7.048710e-02;1.512498e-01;8.811023e-02
3.049576e-02;3.710951e-02;2.817967e-01;1.324975e-01;6.974380e-02;3.129499e-02;4.803006e-02;2.737887e-02;2.206921e-02;1.267726e-01;1.451375e-01;4.767360e-02
1.146898e-02;4.550540e-02;3.698588e-01;9.062781e-02;3.891698e-02;2.108120e-02;2.316453e-02;2.499795e-02;6.357052e-02;2.093969e-01;8.959987e-02;1.181108e-02
6.353859e-03;7.628804e-02;3.695982e-01;3.502362e-02;1.547411e-02;3.493164e-02;1.521060e-02;4.485921e-02;1.145624e-01;2.596931e-01;1.871244e-02;9.292774e-03
1.141439e-02;1.491865e-01;2.257276e-01;1.777555e-02;6.891314e-03;8.844936e-02;1.320819e-02;3.374349e-02;2.267116e-01;2.099734e-01;8.302798e-03;8.615843e-03
2.342983e-02;2.027562e-01;8.706036e-02;1.576405e-02;8.731595e-03;1.540515e-01;9.042129e-03;1.969460e-02;3.265278e-01;1.313594e-01;1.003639e-02;1.154617e-02
2.597434e-02;2.181208e-01;3.846355e-02;1.819127e-02;1.524537e-02;2.198905e-01;1.768108e-02;2.005207e-02;3.567812e-01;4.835365e-02;8.253552e-03;1.299265e-02
1.482253e-02;1.820620e-01;6.182922e-02;1.606923e-02;2.138231e-02;2.392300e-01;4.994779e-02;2.022768e-02;3.032252e-01;6.599054e-02;5.904376e-03;1.930915e-02
1.102107e-02;1.067525e-01;1.295194e-01;1.057920e-02;2.739000e-02;1.777385e-01;1.291805e-01;2.033956e-02;1.995676e-01;1.638013e-01;4.996325e-03;1.911402e-02
1.817660e-02;4.131864e-02;1.662197e-01;9.201265e-03;5.003357e-02;7.986239e-02;2.207790e-01;1.801501e-02;1.008336e-01;2.710417e-01;1.737779e-02;7.140677e-03
2.930563e-02;1.442670e-02;1.520015e-01;2.651255e-02;6.442298e-02;2.534771e-02;2.310310e-01;2.520983e-02;3.378338e-02;3.282060e-01;6.387722e-02;5.875547e-03
2.760892e-02;2.650767e-02;9.739499e-02;8.228923e-02;4.743366e-02;2.028774e-02;1.343944e-01;6.720704e-02;3.982636e-02;2.770184e-01;1.635674e-01;1.646427e-02
1.610645e-02;7.072043e-02;5.891200e-02;1.445002e-01;3.963356e-02;1.942921e-02;5.364127e-02;9.723966e-02;5.408685e-02;1.719937e-01;2.322071e-01;4.152966e-02
1.345729e-02;1.185527e-01;8.002944e-02;1.674076e-01;6.842002e-02;2.014752e-02;5.409968e-02;8.104438e-02;3.721456e-02;7.540239e-02;1.904091e-01;9.381543e-02
3.036995e-02;1.255768e-01;1.598259e-01;1.464308e-01;8.743293e-02;2.647401e-02;8.496156e-02;4.604885e-02;2.140960e-02;2.528347e-02;9.772944e-02;1.484567e-01
5.144887e-02;8.444242e-02;2.246518e-01;1.090449e-01;9.203476e-02;4.186762e-02;1.068606e-01;3.178254e-02;2.776233e-02;2.543801e-02;5.516667e-02;1.494995e-01
6.186065e-02;5.367143e-02;2.665040e-01;6.848303e-02;8.764247e-02;4.283481e-02;1.390924e-01;5.472615e-02;3.503057e-02;2.330993e-02;5.725797e-02;1.095866e-01
8.400963e-02;8.171700e-02;2.322315e-01;6.593676e-02;7.448874e-02;5.850545e-02;1.627448e-01;5.421935e-02;4.146126e-02;3.468427e-02;4.672480e-02;6.327643e-02
1.057545e-01;7.673874e-02;2.003094e-01;6.039702e-02;7.798432e-02;7.696828e-02;1.657797e-01;4.538267e-02;5.126825e-02;3.280571e-02;4.527238e-02;6.133907e-02
1.102582e-01;7.527833e-02;2.261352e-01;6.062680e-02;7.915747e-02;7.654098e-02;1.375256e-01;3.200071e-02;4.790995e-02;3.913328e-02;5.183076e-02;6.360261e-02
9.629551e-02;5.326969e-02;2.391583e-01;6.805453e-02;6.694666e-02;5.731080e-02;1.316623e-01;3.809575e-02;3.574111e-02;7.154345e-02;6.769137e-02;7.423055e-02
5.395842e-02;5.886804e-02;1.504021e-01;8.286490e-02;5.106976e-02;6.024808e-02;1.261070e-01;8.582739e-02;3.449486e-02;1.226535e-01;8.438879e-02;8.911724e-02
4.691974e-02;8.928704e-02;9.250309e-02;6.257213e-02;7.179195e-02;5.774000e-02;1.284638e-01;9.125008e-02;4.700891e-02;1.206414e-01;1.079039e-01;8.391800e-02
5.273116e-02;7.619593e-02;1.091559e-01;5.870280e-02;7.718446e-02;5.743504e-02;1.682354e-01;6.134201e-02;6.263537e-02;1.181775e-01;7.792321e-02;8.028120e-02
5.007153e-02;5.539769e-02;1.305791e-01;4.044076e-02;7.940869e-02;5.203714e-02;2.774547e-01;6.237277e-02;8.479974e-02;6.974707e-02;6.304286e-02;3.464791e-02
5.050260e-02;5.083681e-02;1.381544e-01;3.925145e-02;6.689961e-02;4.725776e-02;3.069137e-01;5.562567e-02;8.312957e-02;7.055883e-02;5.825736e-02;3.261220e-02
4.971083e-02;4.847484e-02;1.176308e-01;3.043783e-02;5.988884e-02;4.699569e-02;3.792623e-01;5.627517e-02;7.886757e-02;5.883908e-02;4.715446e-02;2.646255e-02
3.800361e-02;4.282064e-02;1.083761e-01;2.182424e-02;6.718373e-02;5.592389e-02;4.578309e-01;5.793358e-02;5.904622e-02;5.211450e-02;2.623993e-02;1.270259e-02
1.717325e-02;3.337737e-02;1.593145e-01;4.860592e-02;7.905398e-02;6.750841e-02;3.705058e-01;5.303231e-02;5.913211e-02;7.565591e-02;1.460680e-02;2.203369e-02
3.377548e-02;3.986738e-02;3.137467e-01;5.870626e-02;5.634445e-02;5.967156e-02;1.533351e-01;6.092359e-02;8.343855e-02;8.713204e-02;2.425045e-02;2.880853e-02
4.689703e-02;5.272123e-02;3.820239e-01;4.343020e-02;4.541636e-02;3.911434e-02;1.082101e-01;6.220075e-02;7.287381e-02;9.647752e-02;2.715960e-02;2.347510e-02
3.823913e-02;5.094547e-02;4.221140e-01;3.434801e-02;3.998595e-02;3.754114e-02;1.531915e-01;4.134848e-02;4.509054e-02;9.380969e-02;2.399637e-02;1.938972e-02
1.507025e-02;3.947054e-02;3.119435e-01;5.703678e-02;7.569446e-02;3.862088e-02;2.641231e-01;4.864860e-02;5.021263e-02;3.830089e-02;2.670744e-02;3.417091e-02
2.050547e-02;2.848350e-02;1.250778e-01;5.938432e-02;6.563906e-02;7.108210e-02;4.582774e-01;5.352462e-02;4.611729e-02;3.160504e-02;1.747669e-02;2.282667e-02
1.591550e-02;3.687542e-02;1.353181e-01;5.456724e-02;6.305967e-02;7.106481e-02;4.394305e-01;4.788603e-02;5.057942e-02;3.540169e-02;2.238900e-02;2.751264e-02
2.204218e-02;6.536061e-02;2.000114e-01;5.405440e-02;7.309407e-02;8.566847e-02;2.482106e-01;5.083549e-02;5.678677e-02;6.244079e-02;3.380348e-02;4.769180e-02
3.111432e-02;8.876985e-02;1.727140e-01;4.914913e-02;5.055621e-02;7.662078e-02;2.816886e-01;3.525326e-02;5.744146e-02;8.359952e-02;2.213289e-02;5.096005e-02
3.911206e-02;7.280755e-02;1.396211e-01;5.344986e-02;5.687846e-02;6.553990e-02;3.307225e-01;5.040979e-02;6.144229e-02;5.482750e-02;3.409891e-02;4.109006e-02
6.040324e-02;7.149871e-02;9.074439e-02;6.162291e-02;5.073665e-02;3.381336e-02;1.143018e-01;1.136965e-01;1.593633e-01;1.191507e-01;6.870130e-02;5.596714e-02
6.580169e-02;6.966237e-02;8.354295e-02;6.687977e-02;5.952409e-02;4.982018e-02;1.148799e-01;1.071570e-01;1.538609e-01;1.109719e-01;6.173245e-02;5.616672e-02
5.183887e-02;4.716811e-02;6.079669e-02;5.212575e-02;5.955217e-02;1.103627e-01;2.333772e-01;1.349794e-01;1.026962e-01;7.827334e-02;3.381625e-02;3.501331e-02
4.538572e-02;1.829145e-02;4.403068e-02;4.420747e-02;9.622810e-02;1.529655e-01;2.969679e-01;1.432619e-01;4.866683e-02;6.693880e-02;1.560092e-02;2.745473e-02
4.247440e-02;2.847294e-02;4.449797e-02;5.887816e-02;1.331919e-01;1.702613e-01;2.327549e-01;9.643308e-02;4.429513e-02;9.101199e-02;3.166178e-02;2.606641e-02
2.788300e-02;3.094650e-02;5.745167e-02;9.903774e-02;1.292668e-01;1.839910e-01;1.537141e-01;7.989206e-02;5.470223e-02;9.617289e-02;6.339899e-02;2.354300e-02
2.660557e-02;2.521308e-02;9.017128e-02;1.031684e-01;9.627324e-02;1.473866e-01;1.186411e-01;8.531258e-02;7.399329e-02;1.023015e-01;1.062434e-01;2.469007e-02
3.120834e-02;1.587514e-02;1.776190e-01;7.373163e-02;5.681828e-02;7.718186e-02;1.206307e-01;5.526122e-02;7.857136e-02;1.465936e-01;1.489211e-01;1.758786e-02
3.092442e-02;1.253487e-02;2.412400e-01;3.950082e-02;7.026178e-02;2.494086e-02;1.107031e-01;3.682274e-02;3.687304e-02;2.115312e-01;1.540835e-01;3.058368e-02
1.926431e-02;3.109324e-02;2.562608e-01;2.352394e-02;6.381988e-02;2.395110e-02;8.840498e-02;7.601726e-02;4.545709e-02;2.224906e-01;1.004638e-01;4.925293e-02
1.026849e-02;7.384353e-02;2.280272e-01;1.315250e-02;2.662523e-02;4.859555e-02;5.037830e-02;1.529722e-01;1.070876e-01;1.657864e-01;3.661139e-02;8.665163e-02
1.055111e-02;1.105247e-01;1.720091e-01;9.518395e-03;1.154541e-02;8.159034e-02;1.992619e-02;1.663313e-01;1.760875e-01;1.140739e-01;1.261522e-02;1.152268e-01
1.724033e-02;1.017075e-01;1.753881e-01;8.602086e-03;5.211360e-02;8.181663e-02;2.458677e-02;1.117105e-01;1.973207e-01;1.171652e-01;8.526317e-03;1.038224e-01
3.995140e-02;4.875369e-02;2.318651e-01;1.316740e-02;1.060855e-01;4.394843e-02;5.089357e-02;4.588841e-02;1.645228e-01;1.903472e-01;1.408238e-02;5.049410e-02
7.156879e-02;2.535099e-02;2.446020e-01;1.767801e-02;1.144958e-01;2.156197e-02;6.362341e-02;2.009027e-02;1.538720e-01;2.248932e-01;2.052613e-02;2.173751e-02
9.397322e-02;3.360126e-02;2.757561e-01;2.550795e-02;9.968320e-02;1.830737e-02;6.574399e-02;2.005644e-02;1.195582e-01;2.130165e-01;2.295267e-02;1.184313e-02
9.552948e-02;6.925446e-02;3.715545e-01;3.642202e-02;1.064250e-01;2.201067e-02;5.776547e-02;1.343491e-02;1.924205e-02;1.594879e-01;2.663927e-02;2.223428e-02
8.757714e-02;1.011849e-01;3.335528e-01;3.952169e-02;8.940119e-02;2.490675e-02;5.538360e-02;2.099510e-02;8.072009e-02;8.534946e-02;3.320941e-02;4.819792e-02
8.996718e-02;1.033246e-01;3.041400e-01;4.915339e-02;7.815645e-02;2.385393e-02;7.172573e-02;4.162439e-02;9.944362e-02;5.452299e-02;3.245806e-02;5.162958e-02
4.853582e-02;3.371318e-02;3.900903e-01;1.232800e-01;8.819116e-02;3.761271e-02;8.610107e-02;2.855210e-02;3.755625e-02;5.602730e-02;3.711838e-02;3.322178e-02
4.281567e-02;2.570175e-02;4.375115e-01;1.428770e-01;8.777364e-02;4.103744e-02;7.263529e-02;1.804547e-02;4.147008e-02;4.726369e-02;2.644703e-02;1.642137e-02
5.492835e-02;6.585322e-02;4.536655e-01;1.037759e-01;8.147640e-02;2.482546e-02;5.559561e-02;2.455358e-02;5.805559e-02;4.265959e-02;2.017993e-02;1.443092e-02
8.412022e-02;9.075957e-02;3.634002e-01;5.640862e-02;1.066549e-01;3.686478e-02;5.273773e-02;3.226415e-02;7.811849e-02;3.956442e-02;3.451793e-02;2.458903e-02
1.039059e-01;1.051800e-01;2.160015e-01;1.187719e-01;1.370495e-01;6.464510e-02;4.987133e-02;3.322526e-02;7.380699e-02;3.458561e-02;4.346943e-02;1.948749e-02
1.193745e-01;1.304040e-01;1.079808e-01;1.802194e-01;1.083244e-01;5.611950e-02;5.517410e-02;4.251567e-02;8.071616e-02;5.018823e-02;3.022734e-02;3.875598e-02
1.301828e-01;1.440001e-01;1.449475e-01;9.672734e-02;9.016167e-02;2.912077e-02;6.864383e-02;6.287845e-02;7.580617e-02;6.417750e-02;2.653055e-02;6.682329e-02
1.267858e-01;7.912505e-02;1.500478e-01;3.429630e-02;3.837776e-02;5.568087e-02;8.845084e-02;7.115872e-02;7.933558e-02;6.995111e-02;6.352979e-02;1.432604e-01
1.312005e-01;4.193801e-02;1.233624e-01;2.333684e-02;5.026137e-02;6.360653e-02;1.733672e-01;7.472842e-02;5.221948e-02;5.630362e-02;7.727440e-02;1.324013e-01
1.326904e-01;3.865430e-02;8.024316e-02;2.633243e-02;6.193114e-02;9.150615e-02;3.631937e-01;4.650861e-02;1.754294e-02;3.142951e-02;3.751462e-02;7.245304e-02
1.197316e-01;4.130983e-02;4.203849e-02;1.900981e-02;5.853631e-02;1.479130e-01;4.746746e-01;3.184294e-02;1.042623e-02;1.493198e-02;6.354384e-03;3.323082e-02
1.008120e-01;3.886954e-02;1.842160e-02;1.468745e-02;5.828872e-02;2.206445e-01;4.954068e-01;1.434449e-02;8.464400e-03;1.150942e-02;7.576186e-03;1.097490e-02
8.740193e-02;2.505119e-02;1.804386e-02;1.307613e-02;8.770148e-02;2.786271e-01;4.250365e-01;2.831008e-02;5.625207e-03;2.080432e-02;5.470949e-03;4.851238e-03
9.180723e-02;1.694324e-02;4.247923e-02;1.269684e-02;1.135983e-01;2.815723e-01;3.218854e-01;6.598491e-02;1.139488e-02;3.043111e-02;7.468887e-03;3.737637e-03
9.534494e-02;1.897776e-02;7.020161e-02;2.108371e-02;1.374482e-01;2.773022e-01;2.119187e-01;9.400290e-02;1.625195e-02;3.283611e-02;1.276389e-02;1.186807e-02
9.340114e-02;1.165517e-02;6.703407e-02;1.982641e-02;1.344259e-01;2.601096e-01;1.943557e-01;1.407132e-01;1.875167e-02;3.814085e-02;1.155888e-02;1.002745e-02
9.558208e-02;7.662774e-03;3.494145e-02;1.041393e-02;1.245579e-01;2.397508e-01;2.725128e-01;1.433737e-01;1.905780e-02;3.964428e-02;5.022404e-03;7.479978e-03
7.991061e-02;3.350683e-03;5.298827e-02;2.052709e-02;1.767117e-01;2.044881e-01;2.595646e-01;7.528878e-02;5.103621e-02;2.382452e-02;4.446574e-03;4.786283e-02
3.638209e-02;7.775067e-03;1.575716e-01;4.555340e-02;2.108482e-01;1.354813e-01;2.008732e-01;2.444763e-02;7.721651e-02;1.150515e-02;2.001010e-02;7.233573e-02
8.454149e-03;1.371337e-02;3.360768e-01;7.129556e-02;1.648079e-01;7.509327e-02;1.169529e-01;5.706709e-02;5.208344e-02;1.250089e-02;4.158408e-02;5.037056e-02
1.326770e-02;1.803862e-02;5.266219e-01;7.389106e-02;1.068957e-01;4.734703e-02;3.732800e-02;6.208903e-02;1.990986e-02;3.098788e-02;4.470211e-02;1.892113e-02
1.195258e-02;2.842150e-02;6.107655e-01;5.624293e-02;6.294768e-02;3.845896e-02;4.109816e-02;3.487636e-02;2.154851e-02;4.778461e-02;2.909690e-02;1.680631e-02
2.194012e-02;4.874782e-02;5.833020e-01;4.212285e-02;2.793893e-02;3.779049e-02;6.059299e-02;2.207916e-02;3.138669e-02;5.806984e-02;2.945281e-02;3.657631e-02
7.278364e-02;6.443535e-02;4.188247e-01;3.324585e-02;2.809861e-02;4.159169e-02;1.039396e-01;2.771354e-02;3.960938e-02;5.784667e-02;4.103927e-02;7.087168e-02
1.149137e-01;7.564378e-02;2.342391e-01;4.283340e-02;4.973803e-02;6.522055e-02;9.195755e-02;4.834620e-02;7.236897e-02;6.304403e-02;4.407012e-02;9.762461e-02
1.118659e-01;7.632086e-02;1.110563e-01;5.980325e-02;4.988418e-02;5.240081e-02;9.287981e-02;9.318773e-02;1.214744e-01;5.930486e-02;5.055387e-02;1.212681e-01
4.598153e-02;3.227725e-02;2.686640e-01;7.026966e-02;6.025300e-02;3.444929e-02;1.093381e-01;8.535703e-02;1.016870e-01;4.932634e-02;2.995453e-02;1.124422e-01
4.464867e-02;3.689253e-02;2.691658e-01;8.314396e-02;6.510630e-02;5.796264e-02;9.458251e-02;6.798301e-02;9.061042e-02;4.586338e-02;3.971829e-02;1.043225e-01
7.220367e-02;8.032198e-02;1.677885e-01;9.692940e-02;1.064513e-01;5.902551e-02;1.346581e-01;6.835835e-02;8.462911e-02;5.505601e-02;3.565885e-02;3.891921e-02
3.090286e-02;5.958009e-02;2.195780e-01;1.092585e-01;9.964085e-02;6.448589e-02;1.161650e-01;7.907277e-02;5.140406e-02;4.629938e-02;6.534091e-02;5.827158e-02
2.273499e-02;3.572761e-02;2.538301e-01;2.371493e-01;9.170909e-02;6.465893e-02;5.643642e-02;7.318696e-02;1.994500e-02;3.688803e-02;8.104090e-02;2.669273e-02
2.191980e-02;2.604694e-02;2.369408e-01;3.778564e-01;1.032768e-01;4.496008e-02;2.166541e-02;5.404896e-02;1.306804e-02;2.130454e-02;6.450629e-02;1.440588e-02
1.855552e-02;2.490574e-02;1.928509e-01;4.242002e-01;1.110972e-01;3.835432e-02;2.607536e-02;4.665502e-02;2.080214e-02;3.322883e-02;5.008017e-02;1.319453e-02
1.063164e-02;2.318890e-02;2.443244e-01;3.342882e-01;1.061852e-01;2.300882e-02;5.451064e-02;3.447571e-02;3.544612e-02;7.630994e-02;4.504524e-02;1.258518e-02
6.816546e-03;4.003055e-02;3.105595e-01;1.639398e-01;7.687968e-02;3.992918e-02;8.364978e-02;4.401028e-02;6.387429e-02;1.303658e-01;2.992399e-02;1.002075e-02
1.110273e-02;8.353990e-02;2.512490e-01;2.519728e-02;3.099296e-02;1.218640e-01;7.063355e-02;7.634380e-02;1.737041e-01;1.339524e-01;1.046479e-02;1.095554e-02
1.788408e-02;1.116920e-01;1.155650e-01;2.108287e-02;9.062407e-03;2.068469e-01;2.933669e-02;5.683815e-02;3.382643e-01;7.782910e-02;2.623798e-03;1.297471e-02
2.268100e-02;1.132670e-01;5.603224e-02;2.091092e-02;1.949185e-02;1.989973e-01;1.754509e-02;3.257040e-02;4.579429e-01;4.660281e-02;3.348626e-03;1.060985e-02
3.835177e-02;1.021302e-01;3.466906e-02;2.019284e-02;6.143755e-02;1.311092e-01;1.295878e-02;6.099131e-02;4.985736e-01;2.786248e-02;4.206026e-03;7.517145e-03
7.087044e-02;8.196635e-02;2.781582e-02;1.375506e-02;1.538447e-01;5.633730e-02;1.823986e-02;1.466915e-01;3.962816e-01;1.858002e-02;8.024493e-03;7.592861e-03
1.115318e-01;5.765938e-02;2.399281e-02;6.955281e-03;2.118703e-01;1.167363e-02;2.179715e-02;2.537476e-01;2.646874e-01;1.740909e-02;9.990236e-03;8.685382e-03
1.442214e-01;3.732934e-02;2.424963e-02;6.310381e-03;1.825364e-01;1.696383e-02;4.910474e-02;3.617833e-01;1.456205e-01;1.285548e-02;9.130109e-03;9.894883e-03
1.580108e-01;2.795585e-02;2.719943e-02;1.391137e-02;1.124290e-01;2.238273e-02;1.242488e-01;3.933973e-01;6.754165e-02;9.239497e-03;1.221325e-02;3.147040e-02
1.363070e-01;1.805234e-02;1.860930e-02;3.972904e-02;4.658901e-02;2.666903e-02;2.609209e-01;2.925466e-01;5.067220e-02;1.364387e-02;1.137368e-02;8.488699e-02
7.661818e-02;1.268226e-02;1.582850e-02;6.131712e-02;2.710056e-02;3.687152e-02;3.555470e-01;1.715286e-01;3.864672e-02;1.979925e-02;4.281243e-02;1.412479e-01
3.743703e-02;1.202195e-02;5.106561e-02;5.197361e-02;3.610608e-02;6.462266e-02;3.156606e-01;1.163985e-01;2.683435e-02;1.651807e-02;1.259763e-01;1.453853e-01
1.760208e-02;1.199068e-02;7.793433e-02;2.407992e-02;2.858349e-02;1.275212e-01;2.133409e-01;6.427122e-02;2.369133e-02;2.707303e-02;2.830852e-01;1.008266e-01
9.246056e-03;5.525160e-03;8.417404e-02;1.421547e-02;2.507505e-02;1.542958e-01;9.794745e-02;3.642541e-02;5.474352e-02;7.764957e-02;3.887910e-01;5.191154e-02
6.323154e-03;1.008346e-02;6.721655e-02;8.917787e-03;5.023782e-02;1.436960e-01;4.146696e-02;3.340469e-02;5.599939e-02;1.762038e-01;3.795628e-01;2.688762e-02
1.043364e-02;2.720055e-02;4.388670e-02;2.481740e-02;7.165185e-02;8.658104e-02;8.817217e-02;3.766469e-02;6.991224e-02;2.628708e-01;2.530879e-01;2.372105e-02
1.909255e-02;5.183413e-02;2.046509e-02;3.994090e-02;8.061554e-02;4.646448e-02;7.153796e-02;5.736794e-02;1.048758e-01;3.431078e-01;1.405143e-01;2.418344e-02
1.577952e-02;6.310907e-02;2.290231e-02;5.325895e-02;9.698852e-02;4.648729e-02;3.176964e-02;5.370813e-02;1.253259e-01;3.531347e-01;9.807453e-02;3.946145e-02
3.482304e-02;4.738978e-02;4.747315e-02;8.816878e-02;8.970100e-02;2.970177e-02;8.815262e-02;4.853456e-02;1.228235e-01;2.911839e-01;7.431588e-02;3.773201e-02
5.758503e-02;2.347829e-02;7.313973e-02;1.069868e-01;8.234843e-02;2.875387e-02;1.334191e-01;5.529309e-02;1.490212e-01;1.882442e-01;6.400239e-02;3.772789e-02
7.307310e-02;6.781396e-02;1.215319e-01;8.280002e-02;7.791314e-02;3.847410e-02;1.425583e-01;3.673879e-02;9.143372e-02;1.617659e-01;6.798092e-02;3.791613e-02
1.032602e-01;9.594911e-02;1.848588e-01;6.030564e-02;5.384658e-02;4.143845e-02;1.460356e-01;3.306557e-02;8.375528e-02;1.145363e-01;5.962828e-02;2.332018e-02
1.175029e-01;8.322709e-02;1.743737e-01;5.413427e-02;5.774365e-02;5.821177e-02;1.541848e-01;4.146858e-02;6.856383e-02;8.656409e-02;6.014531e-02;4.387995e-02
1.104785e-01;9.164121e-02;9.864436e-02;5.175268e-02;9.173377e-02;1.070171e-01;1.498267e-01;5.375629e-02;4.071042e-02;8.785738e-02;4.683341e-02;6.974818e-02
7.960089e-02;1.175325e-01;6.906744e-02;5.195944e-02;9.687950e-02;1.590247e-01;1.096420e-01;5.361716e-02;5.086612e-02;1.118578e-01;4.364388e-02;5.630871e-02
9.723938e-02;9.335549e-02;7.045908e-02;5.018780e-02;8.034535e-02;1.584475e-01;8.781454e-02;5.892311e-02;6.670499e-02;1.316824e-01;5.132800e-02;5.351241e-02
9.592667e-02;5.210816e-02;8.286166e-02;5.480950e-02;7.906391e-02;1.380357e-01;9.975411e-02;6.859379e-02;6.078392e-02;1.383702e-01;5.875603e-02;7.093635e-02
7.396807e-02;3.058564e-02;9.318760e-02;5.568518e-02;8.648565e-02;1.587656e-01;1.274731e-01;5.035606e-02;4.835963e-02;1.354740e-01;7.084647e-02;6.881300e-02
7.801536e-02;3.084167e-02;5.799031e-02;3.515042e-02;3.831721e-02;2.254265e-01;1.067052e-01;4.829283e-02;1.137360e-01;1.211833e-01;8.765526e-02;5.668588e-02
