3.093610e-01;1.862396e-01;4.992628e-02;7.337561e-02;4.559486e-02;6.113282e-02;6.032898e-02;4.889049e-02;1.441021e-02;4.309155e-02;7.427583e-02;3.337269e-02
2.322017e-01;2.090247e-01;4.570234e-02;1.265471e-01;5.742257e-02;6.978030e-02;5.928222e-02;6.040392e-02;1.574397e-02;2.946050e-02;7.684504e-02;1.758572e-02
1.310482e-01;1.586940e-01;4.481770e-02;1.930221e-01;9.844775e-02;9.940749e-02;6.751418e-02;7.745855e-02;1.956986e-02;1.808050e-02;6.571224e-02;2.622748e-02
5.865376e-02;8.390164e-02;4.803228e-02;1.955350e-01;1.672550e-01;1.197062e-01;8.410903e-02;8.562554e-02;2.751269e-02;1.541687e-02;5.263888e-02;6.161312e-02
7.252572e-02;6.330226e-02;3.824944e-02;8.188026e-02;1.810049e-01;1.527575e-01;1.788625e-01;7.853337e-02;2.847128e-02;2.643661e-02;2.584207e-02;7.213410e-02
8.386391e-02;4.501357e-02;2.430730e-02;5.719344e-02;1.050861e-01;2.049573e-01;2.593665e-01;9.161739e-02;1.638124e-02;4.062248e-02;2.748523e-02;4.410561e-02
7.915358e-02;5.251825e-02;2.308216e-02;6.078525e-02;7.567892e-02;2.025974e-01;2.882101e-01;1.205676e-01;2.099222e-02;3.502636e-02;2.833061e-02;1.305755e-02
8.665907e-02;9.030671e-02;3.692616e-02;3.669504e-02;9.909001e-02;1.540008e-01;2.833337e-01;1.168973e-01;3.321848e-02;3.350715e-02;2.493051e-02;4.435118e-03
1.060764e-01;1.008875e-01;4.542439e-02;3.297542e-02;1.326360e-01;1.341714e-01;2.439241e-01;6.578157e-02;3.967987e-02;4.212530e-02;4.448418e-02;1.183379e-02
1.242145e-01;6.124697e-02;5.380103e-02;5.200583e-02;1.485213e-01;1.146069e-01;1.996846e-01;9.067702e-02;5.001403e-02;4.470951e-02;5.040852e-02;1.010986e-02
1.552452e-01;8.993104e-02;6.682701e-02;6.645161e-02;1.361225e-01;5.698912e-02;9.327421e-02;1.119164e-01;9.414443e-02;5.136631e-02;4.277758e-02;3.495457e-02
1.226682e-01;6.260318e-02;8.472625e-02;6.769334e-02;5.888300e-02;1.149412e-01;1.474724e-01;7.614177e-02;1.274873e-01;5.955930e-02;3.729459e-02;4.052944e-02
6.380588e-02;5.623391e-02;6.693253e-02;5.080745e-02;5.049117e-02;8.552457e-02;2.326605e-01;1.285634e-01;7.391085e-02;8.852597e-02;8.000308e-02;2.254075e-02
3.890606e-02;4.247105e-02;3.066454e-02;4.116152e-02;4.010157e-02;4.307813e-02;2.429704e-01;2.700675e-01;3.987103e-02;6.514904e-02;1.286957e-01;1.686347e-02
8.987088e-02;4.109134e-02;2.323018e-02;7.670332e-02;2.560927e-02;3.513017e-02;1.678227e-01;2.795370e-01;4.721427e-02;4.338733e-02;1.590035e-01;1.140000e-02
1.875334e-01;4.212394e-02;1.449727e-02;1.438495e-01;2.740279e-02;2.387596e-02;7.752839e-02;2.000201e-01;6.959940e-02;5.293480e-02;1.519859e-01;8.648461e-03
2.498735e-01;2.981734e-02;2.350929e-02;2.335191e-01;2.703864e-02;1.811875e-02;6.448364e-02;1.147486e-01;9.310763e-02;6.372431e-02;7.696559e-02;5.093562e-03
2.225353e-01;2.556304e-02;3.208577e-02;3.207459e-01;2.260125e-02;1.577306e-02;5.696550e-02;9.916927e-02;1.158792e-01;5.732154e-02;2.466162e-02;6.698593e-03
1.099797e-01;4.395753e-02;3.526268e-02;3.081777e-01;2.854512e-02;4.244893e-02;6.528884e-02;2.056402e-01;9.685742e-02;3.266419e-02;8.520259e-03;2.265743e-02
3.200575e-02;3.907046e-02;8.429477e-02;1.806747e-01;2.209227e-02;8.555469e-02;1.200540e-01;2.907929e-01;5.736909e-02;2.238509e-02;2.173063e-02;4.397573e-02
3.806182e-02;4.736240e-02;1.091476e-01;9.830794e-02;1.918951e-02;9.725293e-02;1.718522e-01;2.640378e-01;4.272513e-02;2.979262e-02;3.955425e-02;4.271569e-02
5.713758e-02;8.021630e-02;1.042658e-01;9.125216e-02;3.208360e-02;1.001248e-01;1.603795e-01;1.961988e-01;4.417524e-02;3.506129e-02;6.521208e-02;3.389281e-02
1.011714e-01;1.772221e-01;8.510569e-02;1.167025e-01;3.923296e-02;7.301070e-02;7.168877e-02;1.602236e-01;4.630772e-02;3.535920e-02;6.027083e-02;3.370448e-02
1.267210e-01;2.663456e-01;8.101627e-02;7.283425e-02;2.297033e-02;4.737585e-02;1.517720e-01;1.195310e-01;2.280043e-02;2.786108e-02;3.344949e-02;2.732266e-02
1.048033e-01;2.030698e-01;6.503526e-02;5.671936e-02;5.360088e-02;1.100077e-01;2.045176e-01;8.573744e-02;2.490055e-02;1.935298e-02;3.599884e-02;3.625633e-02
7.528714e-02;8.815167e-02;4.501133e-02;5.478571e-02;5.423349e-02;1.384984e-01;2.887598e-01;1.330373e-01;2.140338e-02;2.785602e-02;3.947887e-02;3.349692e-02
9.150458e-02;7.276800e-02;2.442165e-02;4.202529e-02;3.242961e-02;1.200245e-01;3.675488e-01;1.394726e-01;1.892874e-02;4.685838e-02;2.323205e-02;2.078577e-02
1.257735e-01;8.038049e-02;1.891317e-02;5.440734e-02;2.585671e-02;9.338913e-02;3.465426e-01;1.073867e-01;1.583107e-02;7.999736e-02;3.320050e-02;1.832139e-02
1.807270e-01;5.434159e-02;1.990025e-02;7.515527e-02;2.504204e-02;1.562501e-01;2.107947e-01;7.492422e-02;1.338102e-02;1.040286e-01;5.585635e-02;2.959887e-02
2.418442e-01;3.290566e-02;1.890607e-02;9.008791e-02;2.445798e-02;1.620064e-01;1.586918e-01;8.091597e-02;1.106963e-02;1.135228e-01;3.366672e-02;3.192493e-02
2.769641e-01;3.697900e-02;1.225798e-02;9.607235e-02;2.396754e-02;1.921914e-01;1.364806e-01;6.784504e-02;6.123149e-03;1.147248e-01;1.145003e-02;2.494395e-02
2.971932e-01;3.180758e-02;2.404515e-02;6.818327e-02;3.321530e-02;2.190852e-01;9.764685e-02;6.363676e-02;8.294273e-03;8.932259e-02;2.203796e-02;4.553185e-02
2.779436e-01;5.006425e-02;5.235412e-02;3.722695e-02;5.436575e-02;1.779089e-01;9.512161e-02;6.242395e-02;1.560263e-02;7.190733e-02;2.849115e-02;7.658972e-02
1.892385e-01;9.024096e-02;7.462130e-02;2.905727e-02;6.847583e-02;1.073192e-01;1.124733e-01;8.100557e-02;2.246965e-02;1.006423e-01;4.033814e-02;8.411806e-02
1.853110e-01;1.001403e-01;5.945746e-02;2.349053e-02;4.132359e-02;1.386623e-01;8.757789e-02;8.222784e-02;2.592692e-02;1.435895e-01;6.701934e-02;4.527334e-02
2.247562e-01;6.929652e-02;4.582691e-02;2.343237e-02;6.056754e-02;1.634265e-01;6.229409e-02;5.175565e-02;2.633479e-02;1.244894e-01;6.769177e-02;8.012820e-02
2.994656e-01;8.145844e-02;3.903083e-02;2.938684e-02;9.024708e-02;1.063254e-01;8.981546e-02;4.141181e-02;1.799315e-02;7.329144e-02;3.075314e-02;1.008209e-01
2.751890e-01;4.409722e-02;3.127955e-02;2.649883e-02;8.571646e-02;1.329002e-01;1.350031e-01;6.191400e-02;1.065814e-02;9.745628e-02;4.832657e-02;5.096063e-02
1.901553e-01;4.029437e-02;3.253697e-02;2.947618e-02;7.234450e-02;1.467333e-01;1.431459e-01;5.551756e-02;1.618600e-02;1.380001e-01;7.351646e-02;6.209323e-02
1.050100e-01;4.995613e-02;3.140846e-02;6.761594e-02;4.488621e-02;1.092998e-01;2.050549e-01;1.502438e-01;3.290267e-02;8.648629e-02;9.043022e-02;2.670552e-02
7.578733e-02;4.583770e-02;2.372401e-02;5.111031e-02;3.776873e-02;1.059064e-01;2.760905e-01;2.180167e-01;2.626484e-02;3.988755e-02;8.403443e-02;1.557157e-02
8.923385e-02;4.334906e-02;2.431774e-02;2.319863e-02;4.370428e-02;1.365722e-01;2.740434e-01;2.115026e-01;2.678016e-02;2.796282e-02;6.715515e-02;3.218011e-02
8.217894e-02;5.263977e-02;3.083899e-02;3.999872e-02;6.365915e-02;1.469998e-01;2.482174e-01;1.869976e-01;3.459224e-02;1.858957e-02;5.039028e-02;4.489751e-02
3.476661e-02;6.646486e-02;3.922719e-02;5.203679e-02;1.271198e-01;9.280928e-02;1.889381e-01;1.265880e-01;5.305828e-02;1.460780e-02;6.431419e-02;1.400692e-01
3.576406e-02;5.612160e-02;4.215894e-02;2.922413e-02;1.968436e-01;7.181203e-02;1.332671e-01;6.744035e-02;6.895518e-02;1.698470e-02;5.494386e-02;2.264844e-01
2.501752e-02;5.068379e-02;2.627662e-02;5.400116e-02;2.611271e-01;4.812816e-02;1.076134e-01;8.416515e-02;5.365158e-02;2.360363e-02;3.857400e-02;2.271580e-01
1.816463e-02;7.367359e-02;1.640610e-02;7.705811e-02;2.446599e-01;2.735220e-02;7.616962e-02;8.832192e-02;3.536832e-02;2.487857e-02;6.418821e-02;2.537588e-01
4.462761e-02;1.091574e-01;3.548861e-02;1.496013e-01;1.368776e-01;3.825422e-02;6.961241e-02;1.320481e-01;2.056186e-02;1.850420e-02;9.587183e-02;1.493948e-01
1.064280e-01;1.494155e-01;6.134892e-02;1.529636e-01;7.277220e-02;4.547719e-02;7.241520e-02;1.354552e-01;2.716581e-02;1.885148e-02;8.566905e-02;7.203788e-02
1.501688e-01;1.770424e-01;7.127588e-02;1.065814e-01;5.169515e-02;4.864315e-02;9.553438e-02;1.005813e-01;3.767951e-02;2.147046e-02;5.669064e-02;8.263692e-02
1.565593e-01;1.911664e-01;5.794249e-02;9.067941e-02;5.697503e-02;3.675772e-02;8.064172e-02;9.890343e-02;3.922418e-02;3.111465e-02;7.954393e-02;8.049183e-02
1.643868e-01;1.953766e-01;5.070749e-02;1.034395e-01;4.806570e-02;3.297624e-02;5.920979e-02;7.812797e-02;3.156383e-02;4.010481e-02;1.505633e-01;4.547802e-02
1.353754e-01;1.080506e-01;5.528311e-02;9.463133e-02;6.064245e-02;4.644025e-02;6.633654e-02;7.425657e-02;3.065662e-02;6.375133e-02;1.848003e-01;7.977540e-02
1.485567e-01;1.555474e-01;4.803475e-02;6.651680e-02;6.012725e-02;4.858756e-02;7.360701e-02;8.869705e-02;2.874562e-02;7.259305e-02;9.971708e-02;1.092697e-01
1.698933e-01;1.246668e-01;3.337521e-02;5.203281e-02;5.351126e-02;6.048726e-02;1.332635e-01;9.764752e-02;3.459441e-02;5.360536e-02;1.102946e-01;7.662787e-02
2.022456e-01;1.985380e-01;4.056898e-02;4.527259e-02;6.126651e-02;5.924573e-02;1.290306e-01;8.325657e-02;3.892909e-02;3.579742e-02;7.404437e-02;3.180447e-02
1.350238e-01;2.252316e-01;3.987253e-02;5.802777e-02;8.226450e-02;6.797927e-02;1.494101e-01;1.033550e-01;2.639215e-02;2.785922e-02;4.796458e-02;3.661945e-02
5.048476e-02;2.089752e-01;4.509299e-02;9.089708e-02;1.094074e-01;6.304822e-02;1.674343e-01;9.746649e-02;1.995704e-02;2.608061e-02;5.205998e-02;6.909588e-02
5.486034e-02;2.266308e-01;4.856145e-02;1.494936e-01;1.157775e-01;4.906710e-02;1.048385e-01;1.122919e-01;1.718192e-02;2.351380e-02;5.719221e-02;4.059080e-02
6.166157e-02;2.545192e-01;4.178288e-02;1.760087e-01;9.998674e-02;3.700934e-02;4.305141e-02;1.560101e-01;1.159715e-02;1.863382e-02;7.277662e-02;2.696252e-02
4.877114e-02;2.606095e-01;4.165110e-02;1.355487e-01;1.069263e-01;4.931548e-02;3.949344e-02;1.394594e-01;1.245575e-02;2.460386e-02;8.984389e-02;5.132147e-02
5.784687e-02;2.551645e-01;5.555740e-02;6.988955e-02;9.888971e-02;1.004251e-01;5.417610e-02;1.098317e-01;9.954684e-03;2.487629e-02;1.121365e-01;5.125151e-02
5.052822e-02;2.108431e-01;4.383981e-02;1.365959e-01;7.433806e-02;1.145120e-01;5.385726e-02;1.209975e-01;1.475630e-02;1.761693e-02;1.123510e-01;4.976395e-02
2.781658e-02;1.440960e-01;2.681198e-02;1.271317e-01;1.142940e-01;8.871455e-02;5.352490e-02;9.892552e-02;2.811385e-02;2.368154e-02;1.036263e-01;1.632631e-01
2.766441e-02;7.143246e-02;2.542485e-02;5.588911e-02;2.132211e-01;5.100997e-02;3.953313e-02;5.420392e-02;3.845216e-02;2.348661e-02;8.338472e-02;3.162975e-01
1.619949e-02;5.797219e-02;1.701789e-02;7.279850e-02;2.310603e-01;3.112437e-02;2.738774e-02;4.706240e-02;3.896455e-02;1.700408e-02;1.039339e-01;3.394746e-01
2.719239e-02;9.543089e-02;2.168142e-02;1.200094e-01;1.642150e-01;3.620670e-02;2.723492e-02;6.535643e-02;2.632318e-02;1.315763e-02;1.508494e-01;2.523426e-01
7.182764e-02;1.370969e-01;5.292214e-02;1.268029e-01;1.128126e-01;7.992714e-02;3.661776e-02;6.670003e-02;1.993394e-02;1.302417e-02;1.200810e-01;1.622539e-01
1.093816e-01;1.575278e-01;7.022273e-02;1.062888e-01;9.281185e-02;1.186932e-01;4.883210e-02;5.330361e-02;2.672053e-02;1.926208e-02;8.032154e-02;1.166341e-01
1.279344e-01;1.617190e-01;6.879813e-02;9.484240e-02;7.304542e-02;1.291077e-01;5.566975e-02;4.311324e-02;3.262964e-02;2.529469e-02;7.631914e-02;1.115265e-01
1.188777e-01;1.293135e-01;7.205641e-02;1.625015e-01;3.245548e-02;7.283488e-02;5.568539e-02;6.397389e-02;3.054547e-02;2.997554e-02;1.296378e-01;1.021424e-01
1.052685e-01;1.715921e-01;5.540797e-02;1.522330e-01;8.662681e-02;3.772668e-02;4.115958e-02;5.820278e-02;1.601397e-02;2.549182e-02;1.362483e-01;1.140286e-01
1.061758e-01;1.459631e-01;4.914187e-02;9.639465e-02;1.038839e-01;8.913966e-02;3.658996e-02;6.229494e-02;2.695990e-02;2.667205e-02;1.535740e-01;1.032100e-01
1.091883e-01;8.114049e-02;3.865566e-02;6.007969e-02;9.412234e-02;6.711570e-02;5.211081e-02;5.573929e-02;2.695284e-02;2.127836e-02;1.867597e-01;2.068568e-01
8.082209e-02;9.593026e-02;8.231481e-02;7.727300e-02;8.382036e-02;6.780615e-02;9.447923e-02;4.102028e-02;3.263428e-02;2.090396e-02;1.458944e-01;1.771011e-01
4.921338e-02;1.005514e-01;1.397636e-01;1.152660e-01;5.570608e-02;1.318909e-01;1.645797e-01;5.913306e-02;6.148193e-02;2.538955e-02;3.825849e-02;5.876599e-02
5.959038e-02;1.128369e-01;1.292421e-01;1.090618e-01;5.592165e-02;1.365717e-01;1.714140e-01;7.465871e-02;6.491603e-02;2.521316e-02;2.554454e-02;3.502906e-02
6.415155e-02;1.425346e-01;8.077290e-02;1.181792e-01;8.552971e-02;1.058749e-01;1.210043e-01;7.287153e-02;5.383611e-02;3.005246e-02;7.037704e-02;5.481574e-02
4.424778e-02;1.290498e-01;4.450754e-02;1.827244e-01;1.410449e-01;5.983098e-02;6.984780e-02;6.847262e-02;3.612242e-02;2.414125e-02;7.161621e-02;1.283943e-01
2.181171e-02;9.355620e-02;4.319289e-02;1.508213e-01;2.225368e-01;4.954144e-02;4.496958e-02;5.714329e-02;4.085780e-02;1.881821e-02;4.391945e-02;2.128313e-01
4.989201e-02;5.970472e-02;6.890213e-02;6.685738e-02;2.830597e-01;3.639296e-02;2.191581e-02;3.190974e-02;7.878053e-02;1.216627e-02;1.651983e-02;2.738988e-01
1.269605e-01;3.279809e-02;8.152315e-02;3.451003e-02;2.126909e-01;7.592522e-02;2.675781e-02;1.252377e-02;1.070498e-01;1.011904e-02;1.339909e-02;2.657426e-01
1.908458e-01;2.310598e-02;6.969489e-02;2.227131e-02;4.739684e-02;1.680803e-01;3.838671e-02;1.650607e-02;1.351690e-01;1.109022e-02;1.332956e-02;2.641232e-01
1.360681e-01;2.190899e-02;4.384156e-02;9.082461e-03;2.012819e-01;1.511118e-01;5.207751e-02;2.181447e-02;1.265124e-01;1.367567e-02;1.630524e-02;2.063200e-01
5.760755e-02;2.198234e-02;4.745287e-02;1.310780e-02;2.953225e-01;9.634271e-02;7.034207e-02;3.998424e-02;1.258106e-01;1.433808e-02;2.055865e-02;1.971506e-01
1.299680e-01;1.118872e-02;3.919456e-02;1.056262e-02;1.864232e-01;1.947482e-01;5.844439e-02;5.282670e-02;1.307402e-01;1.433341e-02;9.859384e-03;1.617107e-01
1.729137e-01;2.401567e-02;1.877302e-02;1.131460e-02;6.533648e-02;3.553444e-01;6.758347e-02;6.580343e-02;7.720840e-02;3.966006e-02;1.241863e-02;8.962814e-02
1.150404e-01;8.747934e-02;7.305212e-03;2.308642e-02;4.320519e-02;3.472100e-01;1.428165e-01;7.674277e-02;4.263679e-02;5.116050e-02;2.032211e-02;4.299477e-02
6.739423e-02;2.022231e-01;1.172521e-02;2.220721e-02;3.358983e-02;1.784174e-01;2.784300e-01;6.916327e-02;4.454534e-02;3.017860e-02;4.415147e-02;1.797437e-02
3.918492e-02;2.678422e-01;2.618882e-02;8.636719e-03;3.209911e-02;2.583059e-02;3.786047e-01;7.262114e-02;5.250696e-02;3.188587e-02;5.542286e-02;9.176170e-03
2.370066e-02;2.523214e-01;2.361626e-02;7.484348e-03;2.939979e-02;5.286417e-02;3.911242e-01;8.327421e-02;5.464128e-02;2.375691e-02;5.248503e-02;5.331711e-03
6.597502e-02;2.029536e-01;1.551756e-02;1.071467e-02;1.988182e-02;9.503555e-02;3.551572e-01;8.709134e-02;4.882589e-02;3.016923e-02;5.428391e-02;1.439418e-02
9.204932e-02;1.482104e-01;3.401333e-02;1.610302e-02;2.754035e-02;1.179840e-01;2.656464e-01;1.005559e-01;3.924287e-02;5.174612e-02;7.420468e-02;3.270362e-02
8.541948e-02;1.516277e-01;4.569785e-02;3.353725e-02;4.382145e-02;7.835256e-02;2.071747e-01;9.895547e-02;5.711513e-02;6.194672e-02;9.467806e-02;4.167368e-02
9.373952e-02;1.182397e-01;2.609477e-02;3.394371e-02;3.082512e-02;1.300846e-01;2.314300e-01;1.020307e-01;6.216838e-02;4.935960e-02;1.000663e-01;2.201754e-02
6.231717e-02;1.024657e-01;2.889290e-02;2.112942e-02;3.423319e-02;1.439166e-01;2.979454e-01;1.164494e-01;3.701328e-02;2.875735e-02;1.112611e-01;1.561856e-02
6.280100e-02;1.509896e-01;2.350486e-02;2.391469e-02;4.572028e-02;1.038662e-01;3.197282e-01;1.003339e-01;2.143201e-02;3.376985e-02;9.531629e-02;1.862298e-02
8.086857e-02;1.746564e-01;2.122820e-02;2.909047e-02;3.486139e-02;1.283764e-01;3.326009e-01;6.781086e-02;2.180306e-02;4.571674e-02;5.123660e-02;1.175042e-02
6.567704e-02;1.324433e-01;2.611321e-02;1.943829e-02;1.144641e-02;2.038690e-01;3.151322e-01;5.514954e-02;2.943399e-02;4.323972e-02;7.532234e-02;2.273493e-02
5.345744e-02;1.006773e-01;1.657799e-02;9.689678e-03;2.241181e-02;2.256359e-01;2.632593e-01;5.159397e-02;5.087123e-02;4.079199e-02;1.351515e-01;2.988200e-02
7.562843e-02;1.093521e-01;1.321759e-02;8.537778e-03;4.214670e-02;1.723725e-01;2.572260e-01;6.049238e-02;5.208769e-02;3.957777e-02;1.410954e-01;2.826562e-02
8.377557e-02;1.414266e-01;1.590499e-02;1.197401e-02;3.411644e-02;1.154855e-01;2.694130e-01;7.196743e-02;6.635962e-02;4.431461e-02;1.172108e-01;2.805140e-02
6.580125e-02;1.525417e-01;3.504725e-02;2.218889e-02;3.254716e-02;6.519949e-02;2.375178e-01;8.443489e-02;1.035534e-01;7.775690e-02;9.819092e-02;2.522031e-02
6.185528e-02;1.237750e-01;3.142253e-02;3.102056e-02;5.591901e-02;1.221978e-01;1.404340e-01;9.892599e-02;1.022157e-01;6.555517e-02;1.319921e-01;3.468692e-02
4.605946e-02;1.571183e-01;2.429034e-02;1.785154e-02;4.226830e-02;1.369760e-01;1.768291e-01;1.249340e-01;5.559571e-02;7.347763e-02;1.044941e-01;4.010548e-02
4.764646e-02;1.695023e-01;2.059805e-02;6.332407e-03;3.887350e-02;1.348805e-01;2.655317e-01;1.124527e-01;3.236961e-02;6.197979e-02;7.147442e-02;3.835855e-02
6.372839e-02;1.794461e-01;2.451550e-02;1.916477e-02;3.264033e-02;1.064576e-01;3.325446e-01;9.988175e-02;2.287602e-02;3.050327e-02;6.003126e-02;2.821043e-02
8.657549e-02;1.452548e-01;3.377862e-02;2.467746e-02;2.631183e-02;6.814115e-02;2.635648e-01;9.913187e-02;4.705746e-02;4.591906e-02;1.356181e-01;2.396936e-02
1.167353e-01;1.124980e-01;4.233507e-02;3.360593e-02;1.578087e-02;4.054501e-02;1.769033e-01;1.389587e-01;6.486887e-02;5.989356e-02;1.664850e-01;3.139044e-02
1.124687e-01;1.127683e-01;5.667664e-02;4.166792e-02;2.911262e-02;5.258811e-02;1.875292e-01;1.057400e-01;5.760305e-02;4.702526e-02;1.668434e-01;2.997675e-02
1.121786e-01;1.229725e-01;7.994317e-02;5.083877e-02;4.748066e-02;8.550498e-02;1.827651e-01;5.315340e-02;3.808942e-02;3.082305e-02;1.638459e-01;3.240448e-02
1.036504e-01;1.166440e-01;7.061309e-02;3.582423e-02;4.586823e-02;1.028593e-01;2.161516e-01;6.666033e-02;1.565531e-02;2.013973e-02;1.713959e-01;3.453798e-02
7.054426e-02;6.174510e-02;3.526475e-02;1.877387e-02;2.737936e-02;1.186570e-01;3.027624e-01;1.525488e-01;8.351028e-03;1.472181e-02;1.641253e-01;2.512618e-02
5.428253e-02;4.764253e-02;1.559569e-02;1.332177e-02;1.807049e-02;1.776403e-01;3.527976e-01;1.421417e-01;1.214784e-02;1.553795e-02;1.384940e-01;1.232754e-02
4.853205e-02;9.568045e-02;1.282320e-02;2.431590e-02;1.610219e-02;2.054808e-01;4.520032e-01;7.050493e-02;9.782817e-03;1.254560e-02;4.877482e-02;3.454007e-03
2.995541e-02;1.788377e-01;3.908685e-02;1.324891e-02;1.093550e-02;1.482326e-01;4.196483e-01;1.332031e-01;5.439114e-03;6.606244e-03;5.358709e-03;9.447481e-03
7.959324e-02;2.100537e-01;9.645391e-02;2.876199e-02;1.799027e-02;1.568430e-01;2.756537e-01;9.975427e-02;6.663328e-03;4.568143e-03;1.009433e-02;1.357011e-02
9.418879e-02;1.460663e-01;1.118336e-01;4.701958e-02;7.125925e-02;2.331571e-01;1.708865e-01;5.574885e-02;1.161499e-02;4.542779e-03;1.304624e-02;4.063608e-02
4.141737e-02;5.497736e-02;6.142101e-02;3.899063e-02;1.476955e-01;4.029866e-01;1.147763e-01;2.958949e-02;2.019277e-02;6.936846e-03;9.050353e-03;7.196585e-02
3.431044e-02;2.307535e-02;3.226954e-02;1.353364e-02;1.953902e-01;3.842123e-01;1.177163e-01;3.141209e-02;5.413704e-02;1.165009e-02;1.121316e-02;9.107986e-02
2.691685e-02;2.829731e-02;2.240168e-02;3.823699e-02;2.507241e-01;1.785935e-01;1.501005e-01;3.156612e-02;9.739882e-02;3.360831e-02;1.373669e-02;1.284191e-01
9.313085e-03;7.740722e-02;3.076145e-02;1.004250e-01;1.878562e-01;1.001330e-01;1.276107e-01;4.763834e-02;8.642581e-02;5.163880e-02;4.402811e-02;1.367622e-01
4.215607e-02;1.613358e-01;7.452848e-02;1.418389e-01;7.098701e-02;1.428673e-01;6.883696e-02;5.944048e-02;3.444881e-02;3.315680e-02;7.129972e-02;9.910374e-02
1.077744e-01;2.771831e-01;1.520067e-01;8.855718e-02;6.466147e-02;9.109940e-02;5.705725e-02;3.108951e-02;1.743820e-02;2.005676e-02;5.231947e-02;4.075654e-02
1.698544e-01;3.399412e-01;1.895709e-01;4.207472e-02;8.791263e-02;4.122968e-02;5.082813e-02;1.593902e-02;1.192974e-02;1.407360e-02;2.355623e-02;1.308983e-02
1.739445e-01;2.851844e-01;1.734146e-01;6.645977e-02;8.967471e-02;4.704337e-02;4.033737e-02;3.017914e-02;1.592994e-02;1.559724e-02;4.418902e-02;1.804593e-02
1.403580e-01;2.222621e-01;1.420592e-01;1.100350e-01;8.311922e-02;5.091026e-02;4.286801e-02;4.140782e-02;4.001989e-02;1.728760e-02;9.046936e-02;1.920362e-02
1.154217e-01;2.298443e-01;1.396472e-01;1.248300e-01;7.946181e-02;3.111212e-02;4.829063e-02;4.111933e-02;5.747897e-02;2.549077e-02;8.541193e-02;2.189133e-02
1.683419e-01;2.373180e-01;1.432046e-01;1.367665e-01;6.839368e-02;2.472423e-02;4.047570e-02;3.403781e-02;4.857083e-02;3.029575e-02;4.657049e-02;2.130037e-02
1.924520e-01;1.166544e-01;1.378121e-01;1.534591e-01;5.525167e-02;5.467242e-02;5.235681e-02;3.939211e-02;4.156867e-02;3.835089e-02;9.866084e-02;1.936901e-02
1.312323e-01;1.549687e-01;1.187501e-01;8.615104e-02;6.743602e-02;8.701823e-02;1.045866e-01;5.969943e-02;5.942711e-02;4.973868e-02;5.533084e-02;2.566094e-02
9.287618e-02;8.037524e-02;9.729259e-02;4.431953e-02;8.459087e-02;9.808093e-02;1.453093e-01;1.201963e-01;8.777647e-02;5.708245e-02;6.825478e-02;2.384534e-02
1.011384e-01;1.119691e-01;6.569321e-02;5.383164e-02;1.116491e-01;8.701544e-02;1.293006e-01;9.763469e-02;8.608286e-02;5.884522e-02;7.458765e-02;2.225218e-02
1.079159e-01;1.324410e-01;4.521696e-02;8.567461e-02;1.254564e-01;6.790761e-02;9.687646e-02;1.065804e-01;7.440477e-02;5.989734e-02;6.998719e-02;2.764142e-02
1.026367e-01;1.092234e-01;6.160440e-02;1.183505e-01;8.161657e-02;7.274831e-02;1.349409e-01;1.534853e-01;4.959179e-02;4.697301e-02;3.590144e-02;3.292758e-02
1.068748e-01;6.190446e-02;5.900684e-02;8.547141e-02;2.765917e-02;7.335630e-02;1.989319e-01;1.751566e-01;3.881698e-02;4.286431e-02;8.290789e-02;4.704928e-02
1.524719e-01;7.829219e-02;3.197960e-02;3.385088e-02;3.642815e-02;4.591022e-02;1.389460e-01;1.232169e-01;1.924302e-02;3.960770e-02;2.510133e-01;4.904008e-02
1.932543e-01;7.722311e-02;2.647703e-02;2.583851e-02;3.090997e-02;4.035906e-02;7.047517e-02;8.498745e-02;1.869146e-02;4.088328e-02;3.577902e-01;3.311041e-02
1.491344e-01;8.233929e-02;2.879218e-02;4.555780e-02;5.012067e-02;4.230016e-02;5.884007e-02;9.054545e-02;4.355865e-02;4.971418e-02;3.207140e-01;3.838320e-02
9.562574e-02;5.829802e-02;4.303105e-02;7.444523e-02;6.739509e-02;6.038304e-02;9.615924e-02;1.664216e-01;7.169603e-02;4.315180e-02;1.705419e-01;5.285122e-02
9.563220e-02;9.589353e-02;5.107690e-02;7.018658e-02;3.243469e-02;6.427553e-02;1.328365e-01;2.503772e-01;6.611656e-02;3.076328e-02;5.057837e-02;5.982854e-02
7.436147e-02;1.206734e-01;3.559367e-02;6.474055e-02;3.514308e-02;4.625296e-02;1.794033e-01;2.544609e-01;4.818844e-02;3.590837e-02;6.658605e-02;3.868778e-02
1.321045e-01;1.116645e-01;3.407118e-02;7.174943e-02;4.756210e-02;5.314153e-02;1.686512e-01;1.803441e-01;3.966231e-02;5.969383e-02;6.692860e-02;3.442679e-02
1.843457e-01;8.595401e-02;5.303934e-02;6.233686e-02;6.179411e-02;7.202638e-02;9.868759e-02;1.087756e-01;9.859122e-02;8.080752e-02;5.940086e-02;3.424083e-02
1.321682e-01;3.952900e-02;6.702343e-02;4.921838e-02;1.034705e-01;6.849681e-02;1.091318e-01;8.460543e-02;1.695662e-01;5.923966e-02;6.941448e-02;4.813607e-02
1.101501e-01;3.177937e-02;6.941442e-02;5.488367e-02;1.055463e-01;6.984390e-02;1.290699e-01;5.916652e-02;1.522378e-01;5.283379e-02;1.088913e-01;5.618286e-02
7.893980e-02;5.559910e-02;7.300285e-02;5.263558e-02;9.553374e-02;6.217012e-02;1.376828e-01;9.551293e-02;9.993975e-02;4.289353e-02;1.534128e-01;5.267701e-02
3.533362e-02;7.221630e-02;6.371917e-02;7.049102e-02;9.551170e-02;1.085759e-01;1.479243e-01;1.234970e-01;4.193520e-02;4.213529e-02;1.689500e-01;2.971053e-02
6.715846e-02;8.834419e-02;4.697444e-02;7.482682e-02;9.438709e-02;1.442842e-01;1.438869e-01;8.810006e-02;4.379014e-02;4.563845e-02;1.241893e-01;3.841989e-02
9.166534e-02;8.350372e-02;5.235948e-02;4.927923e-02;3.643037e-02;1.041580e-01;1.553788e-01;1.346114e-01;6.089338e-02;4.524102e-02;1.399401e-01;4.653912e-02
9.296580e-02;7.546371e-02;7.600513e-02;2.220636e-02;1.320227e-01;5.483638e-02;1.274405e-01;9.434655e-02;3.642035e-02;5.490077e-02;2.054953e-01;2.789647e-02
1.063562e-01;7.609122e-02;5.767902e-02;2.953819e-02;1.826695e-01;9.268641e-02;8.842744e-02;6.887279e-02;4.576371e-02;4.232026e-02;1.646822e-01;4.491313e-02
1.263650e-01;7.629520e-02;3.600243e-02;2.148435e-02;1.692764e-01;6.813841e-02;7.437089e-02;1.374248e-01;6.264346e-02;3.923884e-02;1.531628e-01;3.559752e-02
7.969224e-02;8.189778e-02;5.798724e-02;2.712221e-02;1.027693e-01;8.069455e-02;1.281506e-01;1.538615e-01;6.248973e-02;5.735383e-02;1.201069e-01;4.787412e-02
1.220438e-01;1.245764e-01;9.739918e-02;6.690418e-02;5.788045e-02;5.081813e-02;8.973003e-02;1.351736e-01;4.570368e-02;5.895812e-02;1.179763e-01;3.283617e-02
1.531849e-01;1.090498e-01;7.992353e-02;7.433224e-02;5.584124e-02;1.447248e-02;9.301083e-02;1.562297e-01;5.036493e-02;4.472790e-02;1.332316e-01;3.563083e-02
2.237684e-01;8.897708e-02;5.812863e-02;4.942324e-02;4.899737e-02;3.495874e-02;8.776983e-02;1.433733e-01;3.456170e-02;3.012071e-02;1.690408e-01;3.088028e-02
3.502183e-01;2.114820e-01;2.712722e-02;1.300627e-02;3.583810e-02;2.856533e-02;5.506992e-02;1.169401e-01;1.501289e-02;1.526361e-02;1.128199e-01;1.865632e-02
4.685086e-01;2.501645e-01;1.532986e-02;1.001813e-02;3.805374e-02;1.025070e-02;3.492188e-02;8.902524e-02;9.607187e-03;9.306850e-03;5.055235e-02;1.426095e-02
5.297251e-01;2.596157e-01;1.018119e-02;3.777080e-03;4.002976e-02;8.552363e-03;2.298746e-02;6.824060e-02;1.128459e-02;6.253152e-03;3.093269e-02;8.420294e-03
5.552745e-01;2.544411e-01;8.659771e-03;3.957589e-03;4.573819e-02;7.410758e-03;2.255972e-02;7.437250e-02;6.464057e-03;2.548688e-03;1.362765e-02;4.945503e-03
5.620183e-01;2.086143e-01;1.427363e-02;7.362464e-03;5.347565e-02;4.900959e-03;2.386896e-02;9.503670e-02;2.329303e-03;2.783622e-03;2.021300e-02;5.123093e-03
5.393426e-01;1.444438e-01;1.264666e-02;1.663827e-02;5.263409e-02;1.754652e-02;3.610520e-02;1.069811e-01;6.846450e-03;6.496250e-03;2.962817e-02;3.069088e-02
3.947239e-01;1.040374e-01;1.769284e-02;5.201130e-02;4.496118e-02;3.226915e-02;7.432488e-02;7.867499e-02;5.631297e-03;1.337801e-02;8.358408e-02;9.871094e-02
2.310677e-01;7.674900e-02;3.355881e-02;8.162864e-02;5.174270e-02;3.140903e-02;9.936916e-02;2.665413e-02;6.655793e-03;1.881107e-02;2.062400e-01;1.361140e-01
2.095357e-01;4.995533e-02;6.795643e-02;5.951842e-02;5.186527e-02;2.377911e-02;4.817319e-02;3.739744e-02;5.882045e-03;2.073243e-02;3.533320e-01;7.187266e-02
1.706751e-01;6.459692e-02;1.114342e-01;2.491231e-02;3.136823e-02;4.389025e-02;3.515790e-02;2.863721e-02;8.554369e-03;1.916597e-02;4.382454e-01;2.336213e-02
1.440856e-01;4.864646e-02;1.373543e-01;1.352656e-02;1.100429e-02;5.520695e-02;1.587494e-02;2.509690e-02;1.216047e-02;1.866680e-02;4.666712e-01;5.170553e-02
1.135555e-01;3.788872e-02;1.367091e-01;2.967023e-02;9.535776e-03;4.897384e-02;2.086134e-02;1.114630e-02;1.219080e-02;1.718197e-02;4.942383e-01;6.804810e-02
1.277631e-01;2.628502e-02;1.057509e-01;8.497600e-02;2.030165e-02;7.430224e-02;5.013042e-02;1.089334e-02;6.498952e-03;1.689993e-02;4.341729e-01;4.202562e-02
9.371939e-02;3.694875e-02;9.525957e-02;1.139489e-01;2.654532e-02;1.162269e-01;7.357014e-02;1.926618e-02;6.119060e-03;1.998570e-02;3.744501e-01;2.395986e-02
4.922004e-02;5.323641e-02;7.677113e-02;9.270903e-02;3.213148e-02;1.752621e-01;8.552618e-02;4.157180e-02;9.606876e-03;3.420009e-02;3.355677e-01;1.419712e-02
4.776793e-02;6.487551e-02;5.789533e-02;5.941433e-02;9.276535e-02;1.752319e-01;7.753108e-02;8.163591e-02;1.438944e-02;5.410960e-02;2.576427e-01;1.674095e-02
8.537059e-02;6.110417e-02;5.766606e-02;9.624045e-02;9.568886e-02;9.271713e-02;7.892610e-02;1.083410e-01;2.944745e-02;5.906696e-02;2.020970e-01;3.333430e-02
1.074789e-01;5.936410e-02;3.380611e-02;6.858853e-02;5.131697e-02;1.276513e-01;1.738664e-01;1.349192e-01;4.454210e-02;3.845751e-02;1.294485e-01;3.056032e-02
9.014174e-02;6.712030e-02;2.253055e-02;3.723305e-02;6.095819e-02;1.346243e-01;1.837252e-01;1.240359e-01;4.261915e-02;4.472663e-02;1.548457e-01;3.743930e-02
1.005541e-01;5.942214e-02;3.846838e-02;5.621506e-02;9.855600e-02;1.093606e-01;1.197738e-01;9.978515e-02;4.148136e-02;4.473052e-02;1.908559e-01;4.079688e-02
6.825717e-02;5.609500e-02;5.658159e-02;5.799835e-02;9.227531e-02;1.282147e-01;9.574144e-02;1.138255e-01;6.075701e-02;4.236186e-02;1.947063e-01;3.318583e-02
5.668819e-02;5.300073e-02;5.110222e-02;7.200332e-02;8.798523e-02;1.054993e-01;1.106261e-01;1.288680e-01;4.641125e-02;4.751407e-02;2.258442e-01;1.445739e-02
7.131765e-02;8.340988e-02;4.067592e-02;9.395717e-02;7.259928e-02;6.797521e-02;1.229799e-01;1.193212e-01;6.083661e-02;4.602197e-02;1.831683e-01;3.773690e-02
6.519753e-02;1.180440e-01;4.897717e-02;7.677676e-02;7.936771e-02;7.192285e-02;1.083468e-01;1.038388e-01;7.753026e-02;8.337194e-02;1.042340e-01;6.239222e-02
1.083795e-01;1.012120e-01;5.420312e-02;1.335750e-01;7.878466e-02;8.724213e-02;9.527935e-02;8.316275e-02;5.449929e-02;1.019540e-01;4.445368e-02;5.725450e-02
1.315483e-01;1.325403e-01;7.256550e-02;9.523502e-02;8.942502e-02;8.187044e-02;1.243654e-01;7.503441e-02;7.544739e-02;5.311228e-02;2.546716e-02;4.338882e-02
1.517384e-01;1.368241e-01;7.397257e-02;8.798101e-02;1.086267e-01;9.672555e-02;1.131257e-01;6.340984e-02;7.604916e-02;3.505767e-02;1.613612e-02;4.035317e-02
1.725788e-01;1.285774e-01;7.252648e-02;6.222535e-02;8.866561e-02;7.967503e-02;8.318119e-02;1.109507e-01;6.340687e-02;6.023900e-02;4.526872e-02;3.270487e-02
2.006986e-01;2.277905e-01;5.456897e-02;3.506608e-02;5.016263e-02;2.989191e-02;7.512861e-02;1.170503e-01;4.585662e-02;3.870226e-02;1.022529e-01;2.283060e-02
2.924164e-01;2.524164e-01;5.757260e-02;5.421866e-02;3.654282e-02;2.095874e-02;5.206339e-02;7.493868e-02;3.943740e-02;1.797716e-02;9.098975e-02;1.046799e-02
2.634770e-01;3.452072e-01;5.186407e-02;8.403756e-02;2.056580e-02;3.794225e-02;3.565333e-02;3.365203e-02;5.389168e-02;1.783015e-02;4.600183e-02;9.877157e-03
1.819082e-01;4.556114e-01;5.500585e-02;9.706718e-02;9.788342e-03;5.895207e-02;1.913654e-02;2.325478e-02;6.051362e-02;1.466602e-02;1.148956e-02;1.260646e-02
1.100599e-01;4.620206e-01;1.000843e-01;6.939338e-02;3.119184e-02;5.596692e-02;1.836407e-02;5.547899e-02;4.559495e-02;1.354171e-02;2.036976e-02;1.793365e-02
6.503730e-02;3.292172e-01;2.588260e-01;4.546831e-02;9.353816e-02;2.637192e-02;4.203920e-02;5.640714e-02;2.271590e-02;2.795340e-02;1.691216e-02;1.551330e-02
6.539222e-02;1.680385e-01;2.930660e-01;1.751945e-01;9.909621e-02;3.191187e-02;4.660215e-02;3.086269e-02;2.332051e-02;2.479407e-02;3.485996e-02;6.861319e-03
5.668882e-02;1.183505e-01;1.638026e-01;3.611833e-01;6.608338e-02;5.543800e-02;2.935001e-02;3.923311e-02;2.226690e-02;1.749280e-02;5.725601e-02;1.285461e-02
3.038799e-02;1.312948e-01;6.057338e-02;4.070809e-01;1.021665e-01;5.081127e-02;2.368591e-02;5.403802e-02;1.883531e-02;2.236484e-02;5.896420e-02;3.979690e-02
2.239806e-02;9.509898e-02;9.479176e-02;1.800822e-01;2.442851e-01;4.371271e-02;8.081604e-02;4.082746e-02;4.902614e-02;2.448507e-02;3.531617e-02;8.916031e-02
4.606420e-02;3.727864e-02;1.545812e-01;5.200203e-02;2.467749e-01;1.233724e-01;1.135728e-01;4.992785e-02;6.135351e-02;1.884867e-02;1.282060e-02;8.340316e-02
6.937582e-02;3.129977e-02;1.143495e-01;1.287581e-01;1.228007e-01;1.947562e-01;1.577305e-01;6.546358e-02;3.572137e-02;3.317004e-02;6.988436e-03;3.958600e-02
5.427674e-02;3.808460e-02;5.196451e-02;2.046280e-01;5.165974e-02;1.678031e-01;2.737466e-01;8.746132e-02;2.160252e-02;3.413392e-02;6.279288e-03;8.359710e-03
2.239024e-02;5.147717e-02;4.010640e-02;1.588448e-01;6.653868e-02;8.731069e-02;3.286096e-01;1.794488e-01;2.618129e-02;2.400429e-02;1.253430e-02;2.553658e-03
9.918060e-03;3.827901e-02;1.050143e-01;7.531380e-02;7.161044e-02;5.447187e-02;2.340599e-01;3.268445e-01;2.459664e-02;3.941021e-02;1.219071e-02;8.290541e-03
1.175966e-02;1.668748e-02;1.729167e-01;3.767181e-02;5.108522e-02;3.644593e-02;1.546039e-01;4.235748e-01;1.611695e-02;5.649092e-02;6.945751e-03;1.570095e-02
