5.043274e-02;9.707271e-02;1.258650e-01;4.886013e-02;8.094943e-02;1.259200e-01;1.223833e-01;3.234212e-02;1.084498e-01;7.063311e-02;8.259004e-02;5.450150e-02
1.136982e-01;9.222754e-02;1.251822e-01;4.234212e-02;9.442280e-02;1.080251e-01;9.542317e-02;3.471953e-02;1.190800e-01;7.524201e-02;6.442728e-02;3.521007e-02
1.417280e-01;9.374932e-02;1.811493e-01;8.334652e-02;1.296519e-01;5.248616e-02;8.472425e-02;4.552880e-02;7.385013e-02;4.320396e-02;3.999237e-02;3.058940e-02
1.470059e-01;8.286069e-02;1.265951e-01;9.188867e-02;1.049890e-01;6.166603e-02;1.329759e-01;4.280430e-02;4.860474e-02;7.391024e-02;3.627044e-02;5.042897e-02
1.105420e-01;7.956745e-02;1.260532e-01;6.918886e-02;8.825472e-02;6.269389e-02;1.542294e-01;5.705826e-02;6.094538e-02;9.459544e-02;5.607555e-02;4.079588e-02
8.800968e-02;8.044995e-02;1.160195e-01;4.720286e-02;7.491238e-02;6.400658e-02;1.587382e-01;7.219563e-02;8.741529e-02;1.115366e-01;7.002930e-02;2.948398e-02
1.063100e-01;8.240724e-02;8.884070e-02;4.002065e-02;7.155779e-02;6.866826e-02;1.324650e-01;8.112791e-02;9.729072e-02;1.291168e-01;6.280807e-02;3.938675e-02
1.220590e-01;6.940917e-02;6.639568e-02;3.592454e-02;6.996156e-02;6.284644e-02;1.375452e-01;5.736254e-02;9.275734e-02;1.588981e-01;4.831090e-02;7.852951e-02
1.115782e-01;6.663319e-02;8.584571e-02;2.908467e-02;9.446102e-02;7.763018e-02;1.139481e-01;3.462321e-02;9.897135e-02;1.434807e-01;5.307192e-02;9.067177e-02
2.212430e-01;7.951017e-02;8.680534e-02;5.895128e-02;8.310930e-02;7.931830e-02;8.036555e-02;2.818595e-02;5.978892e-02;7.701654e-02;5.866692e-02;8.703867e-02
3.206406e-01;9.028184e-02;7.323876e-02;1.128239e-01;4.624838e-02;5.139723e-02;8.535469e-02;2.358099e-02;2.420840e-02;3.821916e-02;4.134891e-02;9.265714e-02
3.961189e-01;9.405869e-02;5.060173e-02;1.603567e-01;2.549928e-02;2.798504e-02;7.809214e-02;1.565050e-02;1.312935e-02;2.199218e-02;1.757261e-02;9.894285e-02
3.765682e-01;7.650934e-02;5.221025e-02;1.490074e-01;1.974410e-02;1.932006e-02;7.400083e-02;2.488375e-02;9.773414e-03;2.813325e-02;4.530651e-02;1.245430e-01
2.781973e-01;5.390313e-02;5.730782e-02;9.545126e-02;2.320979e-02;2.848930e-02;1.043625e-01;4.032522e-02;2.740261e-02;5.366195e-02;8.884464e-02;1.488445e-01
1.801061e-01;6.914504e-02;1.386484e-01;4.042664e-02;3.336851e-02;3.728025e-02;1.130752e-01;4.139926e-02;3.656901e-02;6.475344e-02;9.552531e-02;1.497028e-01
2.723431e-01;4.277410e-02;1.442697e-01;7.169352e-02;4.190644e-02;2.626153e-02;7.810752e-02;6.144691e-02;2.315824e-02;6.171419e-02;4.738766e-02;1.289371e-01
3.350577e-01;4.978075e-02;4.788807e-02;9.915473e-02;3.720802e-02;2.210567e-02;8.774085e-02;3.656547e-02;1.478176e-02;2.554291e-02;8.773564e-02;1.564384e-01
3.687556e-01;5.425106e-02;4.017875e-02;1.022723e-01;2.761804e-02;1.945227e-02;1.019579e-01;2.538907e-02;1.262748e-02;2.094477e-02;9.902159e-02;1.275311e-01
3.847045e-01;7.097824e-02;4.534363e-02;9.632962e-02;1.760757e-02;1.533515e-02;1.006777e-01;1.861040e-02;1.619509e-02;2.153596e-02;8.899510e-02;1.236870e-01
2.927097e-01;6.853551e-02;5.452425e-02;9.930961e-02;3.462640e-02;3.599542e-02;8.511904e-02;5.094372e-02;3.492190e-02;4.657733e-02;9.920248e-02;9.753464e-02
9.599289e-02;9.836982e-02;1.647371e-01;7.983764e-02;5.452833e-02;5.862258e-02;1.025238e-01;7.847335e-02;4.603743e-02;5.794968e-02;1.081075e-01;5.481982e-02
1.521634e-01;1.111007e-01;1.678626e-01;5.248172e-02;5.360812e-02;5.018846e-02;1.002748e-01;7.389843e-02;3.524642e-02;4.342343e-02;9.576117e-02;6.399071e-02
2.164671e-01;1.137810e-01;1.163766e-01;3.339400e-02;4.069398e-02;4.163507e-02;9.328812e-02;7.104170e-02;2.586677e-02;5.601069e-02;9.512613e-02;9.631878e-02
2.017777e-01;9.920331e-02;7.575246e-02;3.123845e-02;3.947975e-02;6.324208e-02;1.042775e-01;5.543806e-02;2.694786e-02;7.000518e-02;9.483206e-02;1.378057e-01
1.262793e-01;1.003556e-01;9.897387e-02;4.724729e-02;7.265111e-02;9.938383e-02;1.144909e-01;4.888405e-02;4.170014e-02;6.895528e-02;7.583669e-02;1.052419e-01
1.010188e-01;1.130502e-01;1.370105e-01;9.213962e-02;1.263635e-01;8.408184e-02;8.162285e-02;5.971230e-02;4.074162e-02;5.989643e-02;5.477544e-02;4.958681e-02
9.904949e-02;7.921817e-02;2.052003e-01;1.565057e-01;1.321230e-01;4.165540e-02;4.387128e-02;5.835732e-02;7.425817e-02;4.024309e-02;3.418083e-02;3.533720e-02
6.198012e-02;8.242487e-02;2.591577e-01;1.356909e-01;8.744533e-02;3.362099e-02;6.665918e-02;8.486025e-02;6.936916e-02;2.741773e-02;2.604567e-02;6.532808e-02
6.294739e-02;8.621301e-02;3.054967e-01;6.657733e-02;4.130666e-02;2.670850e-02;1.016653e-01;1.187209e-01;4.801432e-02;3.596303e-02;2.342809e-02;8.295885e-02
1.306145e-01;9.205057e-02;2.641535e-01;4.280924e-02;2.209401e-02;1.799214e-02;1.328791e-01;1.110738e-01;3.720300e-02;3.590566e-02;4.577699e-02;6.744753e-02
1.673946e-01;8.568783e-02;2.253631e-01;3.696346e-02;3.829493e-02;3.064697e-02;1.261179e-01;9.133253e-02;3.309997e-02;2.934796e-02;6.301046e-02;7.274030e-02
1.396174e-01;6.154555e-02;1.641916e-01;6.678192e-02;6.084610e-02;3.330019e-02;1.166115e-01;8.031508e-02;6.426292e-02;6.202028e-02;6.028444e-02;9.022306e-02
1.887273e-01;6.715082e-02;8.070515e-02;7.391785e-02;6.851691e-02;3.451773e-02;1.030454e-01;6.913196e-02;8.575691e-02;9.376238e-02;6.386483e-02;7.090279e-02
1.768619e-01;8.752099e-02;4.968157e-02;6.080355e-02;1.010697e-01;3.492775e-02;8.606261e-02;5.663618e-02;9.156743e-02;1.451837e-01;5.561051e-02;5.407406e-02
1.262754e-01;1.198362e-01;4.424481e-02;6.426713e-02;1.059215e-01;3.605517e-02;9.793969e-02;3.603091e-02;1.112323e-01;1.622517e-01;6.220078e-02;3.374448e-02
1.471036e-01;9.795862e-02;3.223452e-02;1.105550e-01;5.365366e-02;3.183815e-02;1.245786e-01;2.511173e-02;1.773512e-01;1.112135e-01;6.462549e-02;2.377589e-02
1.487163e-01;4.744726e-02;3.663526e-02;1.794317e-01;3.535435e-02;2.890685e-02;1.171176e-01;2.757419e-02;2.070786e-01;6.645507e-02;7.074540e-02;3.453737e-02
1.176319e-01;3.137362e-02;4.669466e-02;2.487037e-01;5.474993e-02;5.592790e-02;8.028410e-02;4.794509e-02;1.582033e-01;6.529209e-02;5.734790e-02;3.584580e-02
9.750151e-02;3.323289e-02;3.205934e-02;2.113004e-01;6.774996e-02;6.569096e-02;6.547122e-02;5.683844e-02;1.400495e-01;8.792717e-02;7.861444e-02;6.356411e-02
1.113840e-01;3.993175e-02;3.752016e-02;1.466905e-01;6.722630e-02;6.333896e-02;5.499996e-02;3.813599e-02;1.940951e-01;9.375951e-02;7.982432e-02;7.309351e-02
1.626956e-01;5.422593e-02;5.273214e-02;1.243775e-01;5.351898e-02;4.139450e-02;5.423117e-02;3.763872e-02;1.937907e-01;5.867684e-02;7.326748e-02;9.345038e-02
2.275104e-01;4.468384e-02;4.837232e-02;1.016901e-01;3.582820e-02;2.593039e-02;5.726240e-02;4.361599e-02;2.049690e-01;4.651500e-02;7.687279e-02;8.674959e-02
2.682236e-01;2.854841e-02;4.209832e-02;6.820251e-02;2.336242e-02;1.124937e-02;7.871626e-02;5.912129e-02;2.225753e-01;3.693144e-02;7.371245e-02;8.725872e-02
2.417832e-01;2.218029e-02;4.957524e-02;8.093927e-02;1.538014e-02;1.193616e-02;9.529406e-02;7.973175e-02;2.302456e-01;4.314302e-02;6.412031e-02;6.567092e-02
1.700153e-01;4.294494e-02;1.077817e-01;9.230956e-02;2.566057e-02;1.343720e-02;9.647712e-02;8.419247e-02;2.000716e-01;5.269409e-02;4.961477e-02;6.480066e-02
1.252454e-01;6.009564e-02;1.410822e-01;8.789220e-02;3.210240e-02;1.801166e-02;1.095388e-01;8.088259e-02;1.681844e-01;5.466497e-02;5.594599e-02;6.635375e-02
1.248196e-01;7.259398e-02;1.506092e-01;5.705224e-02;2.899655e-02;2.217785e-02;1.846277e-01;7.797369e-02;1.227793e-01;4.331359e-02;5.607369e-02;5.898264e-02
1.294072e-01;6.752346e-02;1.514372e-01;4.744645e-02;3.088264e-02;1.770571e-02;2.370656e-01;5.871305e-02;1.081262e-01;4.801647e-02;5.688859e-02;4.678734e-02
9.818512e-02;1.002051e-01;1.036468e-01;5.987035e-02;3.204667e-02;2.104444e-02;2.667253e-01;5.977936e-02;1.222188e-01;4.042361e-02;5.163962e-02;4.421489e-02
9.832332e-02;7.930861e-02;7.986978e-02;7.182308e-02;3.450723e-02;1.662093e-02;2.961716e-01;6.310909e-02;1.131814e-01;3.520824e-02;5.764975e-02;5.422690e-02
9.462169e-02;7.026482e-02;7.758412e-02;6.017897e-02;5.005293e-02;2.537864e-02;3.120140e-01;5.629596e-02;1.016781e-01;3.886370e-02;6.607826e-02;4.698878e-02
1.102182e-01;9.411854e-02;7.046946e-02;5.300521e-02;5.864922e-02;4.954858e-02;2.843032e-01;5.392506e-02;8.674397e-02;3.697209e-02;5.561709e-02;4.642938e-02
9.892546e-02;8.990006e-02;6.125358e-02;5.400998e-02;6.598049e-02;6.359386e-02;1.999032e-01;5.509718e-02;8.341621e-02;6.463479e-02;8.388802e-02;7.939719e-02
1.062638e-01;9.553161e-02;6.228017e-02;3.960273e-02;7.469289e-02;5.340568e-02;1.559392e-01;5.030024e-02;9.352542e-02;5.972647e-02;8.814688e-02;1.205850e-01
1.168013e-01;1.017553e-01;6.935360e-02;4.966033e-02;8.283345e-02;3.967060e-02;1.155443e-01;4.313625e-02;8.307081e-02;9.394893e-02;8.256698e-02;1.216582e-01
1.100833e-01;9.204184e-02;9.074075e-02;7.866168e-02;7.514361e-02;3.838411e-02;1.467610e-01;5.373040e-02;6.760827e-02;9.274647e-02;6.407720e-02;9.002136e-02
8.257762e-02;9.087613e-02;9.345926e-02;8.154872e-02;4.603403e-02;4.592604e-02;2.562662e-01;7.714035e-02;5.910118e-02;6.055349e-02;5.688598e-02;4.963103e-02
3.705102e-02;8.129482e-02;1.205997e-01;5.334274e-02;4.979022e-02;4.653356e-02;2.811908e-01;8.970615e-02;5.879873e-02;9.471010e-02;4.886609e-02;3.811605e-02
3.429344e-02;4.664413e-02;1.459949e-01;5.715112e-02;6.360462e-02;3.739522e-02;2.584096e-01;8.875539e-02;6.574274e-02;1.294609e-01;3.774107e-02;3.480688e-02
9.460381e-02;3.432694e-02;8.939807e-02;7.071353e-02;6.918406e-02;2.725935e-02;1.759454e-01;6.745563e-02;1.126035e-01;1.454910e-01;4.811464e-02;6.490411e-02
1.813514e-01;3.407681e-02;6.411932e-02;7.308039e-02;5.489998e-02;2.569219e-02;1.246484e-01;5.262391e-02;1.119341e-01;1.183098e-01;6.558832e-02;9.367535e-02
1.718382e-01;2.952937e-02;9.407239e-02;7.048345e-02;4.385191e-02;2.857741e-02;1.560681e-01;6.397175e-02;8.327438e-02;9.103692e-02;6.987120e-02;9.742487e-02
1.227381e-01;4.731043e-02;1.217314e-01;5.520971e-02;5.202762e-02;3.290152e-02;2.371839e-01;6.393250e-02;5.367781e-02;6.635805e-02;5.144788e-02;9.548115e-02
5.634009e-02;7.750342e-02;1.276784e-01;3.600201e-02;7.550681e-02;2.860679e-02;3.400712e-01;5.467962e-02;4.813015e-02;4.611973e-02;3.964402e-02;6.971777e-02
4.666584e-02;1.244499e-01;1.061873e-01;3.041864e-02;8.230995e-02;3.690781e-02;3.802803e-01;3.910684e-02;4.956334e-02;2.486411e-02;5.270630e-02;2.653963e-02
3.051644e-02;1.391703e-01;7.614835e-02;3.319618e-02;8.603349e-02;4.345648e-02;3.473222e-01;5.124756e-02;4.821772e-02;3.554638e-02;7.075479e-02;3.839010e-02
3.611664e-02;8.180520e-02;1.893804e-01;3.759885e-02;6.690058e-02;5.564170e-02;2.091198e-01;9.891476e-02;4.419332e-02;4.425544e-02;6.267925e-02;7.339404e-02
2.458609e-02;3.735532e-02;2.516131e-01;7.687999e-02;4.311113e-02;7.759134e-02;1.229334e-01;1.157929e-01;6.013772e-02;4.981847e-02;3.967872e-02;1.005019e-01
1.888776e-02;2.996555e-02;2.128110e-01;1.672228e-01;3.416888e-02;8.834676e-02;9.728558e-02;9.125545e-02;9.717118e-02;5.218601e-02;2.124140e-02;8.945756e-02
2.904466e-02;3.356651e-02;1.248636e-01;2.254399e-01;5.591044e-02;4.798287e-02;1.421407e-01;4.589185e-02;1.506980e-01;6.387045e-02;2.825771e-02;5.233320e-02
2.669029e-02;4.114009e-02;1.432822e-01;1.575823e-01;4.030301e-02;6.195526e-02;1.347951e-01;9.046524e-02;1.674937e-01;5.711533e-02;2.616151e-02;5.301605e-02
2.284529e-02;4.224870e-02;2.005400e-01;7.796624e-02;2.658260e-02;1.079421e-01;9.126791e-02;1.195256e-01;1.383342e-01;5.615334e-02;2.609575e-02;9.049819e-02
3.682101e-02;5.332440e-02;2.026231e-01;5.388782e-02;2.656310e-02;1.044830e-01;1.143817e-01;1.506956e-01;7.170303e-02;5.508959e-02;3.082999e-02;9.959779e-02
6.862918e-02;6.839831e-02;1.594678e-01;4.782416e-02;4.045692e-02;7.919612e-02;1.624573e-01;1.597086e-01;4.172417e-02;4.999783e-02;3.092452e-02;9.121508e-02
1.062662e-01;8.570202e-02;1.243725e-01;4.410942e-02;6.041152e-02;5.518023e-02;1.834496e-01;1.531757e-01;4.445535e-02;4.214288e-02;3.077986e-02;6.995470e-02
1.041297e-01;8.451657e-02;1.927827e-01;3.993215e-02;6.019678e-02;5.046228e-02;1.728278e-01;1.125598e-01;7.016740e-02;4.512636e-02;2.812897e-02;3.916940e-02
8.059358e-02;1.022407e-01;1.852635e-01;4.422601e-02;5.024756e-02;6.018789e-02;1.594214e-01;1.200304e-01;7.976392e-02;4.774549e-02;1.934692e-02;5.093268e-02
7.499249e-02;1.144891e-01;7.312054e-02;6.849501e-02;5.115172e-02;7.367769e-02;1.456508e-01;1.425764e-01;1.100333e-01;5.094156e-02;2.864900e-02;6.622235e-02
5.453862e-02;8.953219e-02;9.956629e-02;6.914803e-02;5.091006e-02;1.120657e-01;1.395600e-01;6.876489e-02;1.266761e-01;6.563470e-02;4.228109e-02;8.132232e-02
6.936474e-02;7.978793e-02;7.680726e-02;4.804597e-02;5.051772e-02;5.377074e-02;8.332906e-02;4.636426e-02;1.066398e-01;1.791729e-01;1.135303e-01;9.266923e-02
5.584951e-02;8.623956e-02;1.012509e-01;5.902691e-02;5.669207e-02;3.373281e-02;7.661297e-02;4.928761e-02;7.138155e-02;1.802677e-01;1.503282e-01;7.933020e-02
6.177159e-02;8.414942e-02;1.063942e-01;4.541472e-02;7.099017e-02;5.547839e-02;9.339952e-02;6.627190e-02;3.358050e-02;1.561625e-01;1.619608e-01;6.442630e-02
6.102308e-02;7.452674e-02;6.136590e-02;1.942912e-02;8.922067e-02;6.249769e-02;9.666547e-02;6.494261e-02;7.709742e-02;1.732998e-01;1.378751e-01;8.205639e-02
8.080781e-02;4.783433e-02;3.015723e-02;5.877068e-02;7.437931e-02;3.975443e-02;8.442139e-02;4.080009e-02;1.777746e-01;1.646155e-01;1.177282e-01;8.295651e-02
1.024123e-01;2.706632e-02;4.258860e-02;9.908297e-02;3.805639e-02;1.863357e-02;6.877559e-02;3.819419e-02;2.622860e-01;9.765339e-02;1.419983e-01;6.325243e-02
9.622350e-02;3.029417e-02;5.777370e-02;1.139043e-01;2.770295e-02;2.786141e-02;3.705534e-02;5.148759e-02;2.803899e-01;4.496945e-02;1.678141e-01;6.452356e-02
8.757802e-02;2.906514e-02;5.577897e-02;1.297935e-01;2.533306e-02;2.069350e-02;2.737178e-02;5.277203e-02;2.920716e-01;3.818467e-02;1.800369e-01;6.132082e-02
9.541068e-02;2.310211e-02;5.088763e-02;1.368883e-01;1.782526e-02;1.082130e-02;3.126696e-02;7.315310e-02;2.921675e-01;4.366108e-02;1.692102e-01;5.560590e-02
1.077367e-01;2.526926e-02;8.730768e-02;1.185137e-01;1.828141e-02;1.758645e-02;4.284726e-02;9.125040e-02;2.489411e-01;5.392935e-02;1.379553e-01;5.038147e-02
1.046037e-01;6.015044e-02;1.338700e-01;9.134265e-02;2.311909e-02;2.707494e-02;7.545273e-02;1.021073e-01;1.822927e-01;6.663401e-02;9.954689e-02;3.380553e-02
9.044563e-02;8.188690e-02;1.207194e-01;7.031574e-02;3.181861e-02;3.724978e-02;1.374115e-01;1.078073e-01;1.080176e-01;8.958560e-02;5.905574e-02;6.568610e-02
4.796357e-02;5.326398e-02;1.601751e-01;6.606162e-02;1.873566e-02;4.083870e-02;1.721911e-01;8.934861e-02;1.060625e-01;1.173497e-01;3.425246e-02;9.375709e-02
3.458088e-02;3.525722e-02;2.071509e-01;6.573730e-02;2.313409e-02;6.659984e-02;1.306014e-01;6.936453e-02;1.328881e-01;1.028327e-01;5.781321e-02;7.403979e-02
2.198230e-02;2.581418e-02;2.421990e-01;5.800220e-02;2.269864e-02;6.791405e-02;1.290940e-01;6.894687e-02;1.175671e-01;9.168591e-02;7.821434e-02;7.588138e-02
3.183930e-02;4.434911e-02;1.974805e-01;4.891682e-02;5.173414e-02;4.962389e-02;2.089125e-01;6.309313e-02;7.035526e-02;9.121083e-02;6.268163e-02;7.980289e-02
6.568431e-02;6.203387e-02;9.908760e-02;6.296112e-02;7.840541e-02;4.685260e-02;2.294308e-01;6.692561e-02;7.407570e-02;7.603303e-02;8.671384e-02;5.179610e-02
7.065035e-02;4.743299e-02;1.066254e-01;7.634486e-02;8.045647e-02;6.846967e-02;1.787778e-01;6.447842e-02;9.266323e-02;7.205690e-02;1.039213e-01;3.812257e-02
6.374884e-02;6.195128e-02;1.591422e-01;6.683677e-02;1.047500e-01;8.224215e-02;1.121188e-01;6.551538e-02;7.973202e-02;5.904694e-02;9.679271e-02;4.812298e-02
7.428792e-02;9.873354e-02;1.593856e-01;6.776498e-02;1.146184e-01;7.713428e-02;1.113391e-01;6.710860e-02;5.011873e-02;5.742545e-02;7.594082e-02;4.614266e-02
1.042939e-01;1.335195e-01;1.026586e-01;6.118129e-02;8.613278e-02;6.211382e-02;1.537575e-01;6.425763e-02;5.245131e-02;7.210752e-02;6.758011e-02;3.994607e-02
9.943692e-02;1.139090e-01;8.588132e-02;5.534039e-02;5.894814e-02;5.150858e-02;1.565230e-01;7.742693e-02;7.176301e-02;8.507210e-02;7.762861e-02;6.656199e-02
8.423533e-02;6.462491e-02;1.311174e-01;6.637491e-02;6.251846e-02;6.029396e-02;8.996611e-02;8.843231e-02;5.986732e-02;1.266121e-01;5.469815e-02;1.112590e-01
7.610243e-02;7.373485e-02;1.375935e-01;6.032785e-02;7.428397e-02;7.406696e-02;7.947931e-02;8.917093e-02;4.715185e-02;1.111941e-01;3.846341e-02;1.384308e-01
5.050435e-02;7.560153e-02;8.475292e-02;5.619595e-02;1.140414e-01;1.003564e-01;1.169894e-01;8.984523e-02;4.312607e-02;7.956895e-02;4.105243e-02;1.479653e-01
1.170929e-01;6.996741e-02;6.686438e-02;5.526389e-02;1.085477e-01;1.044069e-01;1.058960e-01;9.519804e-02;5.375943e-02;6.741773e-02;4.777300e-02;1.078125e-01
1.858840e-01;6.155409e-02;7.169220e-02;8.702609e-02;6.919043e-02;7.395370e-02;8.231612e-02;1.045569e-01;3.999647e-02;7.078588e-02;6.809585e-02;8.494824e-02
1.409042e-01;7.933956e-02;7.650508e-02;1.453117e-01;6.503904e-02;5.995752e-02;9.993763e-02;7.224134e-02;3.369668e-02;5.447712e-02;8.422401e-02;8.836608e-02
4.481771e-02;9.038942e-02;8.531773e-02;1.412379e-01;7.600762e-02;7.928722e-02;1.280407e-01;6.165457e-02;7.249460e-02;6.952984e-02;7.145063e-02;7.977207e-02
7.716107e-02;8.156482e-02;6.771809e-02;9.664798e-02;7.423738e-02;6.895152e-02;1.138382e-01;9.858271e-02;1.305840e-01;8.890867e-02;6.754275e-02;3.426290e-02
1.121653e-01;5.242134e-02;7.932930e-02;6.277477e-02;9.327047e-02;7.144873e-02;9.296063e-02;1.158357e-01;1.168868e-01;8.599840e-02;5.104473e-02;6.586384e-02
1.316125e-01;6.884673e-02;1.148039e-01;5.854414e-02;7.171267e-02;8.509535e-02;5.408043e-02;9.545692e-02;1.373947e-01;7.898221e-02;3.550513e-02;6.796535e-02
1.585586e-01;3.964106e-02;1.228547e-01;5.636825e-02;3.552826e-02;9.282136e-02;6.949032e-02;7.874305e-02;1.534894e-01;7.016831e-02;4.839876e-02;7.393798e-02
1.163941e-01;6.136314e-02;9.833990e-02;5.027094e-02;6.267242e-02;1.050653e-01;1.159682e-01;8.072225e-02;1.184791e-01;7.739887e-02;6.142596e-02;5.189973e-02
6.537108e-02;8.104516e-02;1.080001e-01;9.266810e-02;1.029001e-01;8.535141e-02;1.145622e-01;8.957236e-02;9.091283e-02;8.355284e-02;4.066480e-02;4.539907e-02
8.121144e-02;8.805633e-02;1.246759e-01;1.511186e-01;8.417714e-02;7.202095e-02;1.112475e-01;7.234992e-02;8.464147e-02;5.357128e-02;3.041167e-02;4.651777e-02
4.999983e-02;6.103164e-02;1.782025e-01;2.217469e-01;7.893266e-02;5.539266e-02;9.527917e-02;4.819395e-02;8.257071e-02;6.480204e-02;2.866540e-02;3.518260e-02
2.371354e-02;2.937651e-02;1.500709e-01;1.958158e-01;9.685768e-02;6.260712e-02;1.312743e-01;5.271831e-02;1.043390e-01;9.456829e-02;3.943660e-02;1.922194e-02
2.813779e-02;1.610734e-02;1.018255e-01;1.393286e-01;7.564402e-02;7.345882e-02;1.909412e-01;7.661436e-02;1.212058e-01;1.176662e-01;4.536631e-02;1.370403e-02
2.132192e-02;2.107778e-02;7.871532e-02;9.986458e-02;4.742343e-02;6.470155e-02;2.254359e-01;9.993062e-02;1.474796e-01;1.363605e-01;3.928052e-02;1.840823e-02
7.908997e-03;2.776033e-02;8.910552e-02;3.683227e-02;4.798394e-02;6.392188e-02;3.445319e-01;1.167506e-01;1.270603e-01;9.576077e-02;1.758058e-02;2.480293e-02
1.459913e-02;1.475100e-02;9.256858e-02;2.319581e-02;2.159099e-02;5.085083e-02;4.958120e-01;1.075724e-01;8.647116e-02;6.368156e-02;9.238412e-03;1.966819e-02
1.361290e-02;1.508118e-02;8.823057e-02;2.567215e-02;1.261353e-02;2.793194e-02;6.175828e-01;8.370844e-02;5.929371e-02;3.421254e-02;1.041259e-02;1.164771e-02
1.695975e-02;1.635012e-02;6.203980e-02;3.185288e-02;2.376729e-02;3.043750e-02;6.685005e-01;6.566645e-02;3.317737e-02;2.391664e-02;1.275357e-02;1.457804e-02
1.889429e-02;2.009235e-02;7.671708e-02;3.136951e-02;2.837663e-02;2.201481e-02;6.585082e-01;7.298896e-02;3.059343e-02;2.067885e-02;9.803575e-03;9.962296e-03
1.971804e-02;1.922344e-02;9.891338e-02;3.201351e-02;2.051859e-02;1.845707e-02;5.988719e-01;9.449773e-02;5.204989e-02;2.703403e-02;8.280135e-03;1.042226e-02
2.096024e-02;2.623330e-02;1.217631e-01;4.992193e-02;3.815516e-02;1.805021e-02;5.358580e-01;9.045073e-02;5.435121e-02;2.448915e-02;1.020013e-02;9.566911e-03
2.617224e-02;4.371948e-02;1.386257e-01;7.104611e-02;5.109565e-02;1.345416e-02;5.008393e-01;7.453876e-02;4.026012e-02;1.932267e-02;1.180255e-02;9.123265e-03
5.018329e-02;7.124679e-02;1.182751e-01;7.071724e-02;3.865838e-02;1.491840e-02;4.820154e-01;6.895494e-02;3.840384e-02;2.055602e-02;1.218152e-02;1.388910e-02
6.970876e-02;8.699863e-02;9.137422e-02;5.245301e-02;4.408637e-02;3.232570e-02;4.574046e-01;5.453009e-02;3.812389e-02;2.621989e-02;1.897222e-02;2.780264e-02
7.549388e-02;7.214211e-02;9.593765e-02;4.058192e-02;5.873624e-02;4.259770e-02;4.080706e-01;5.066964e-02;4.657235e-02;3.548388e-02;3.002302e-02;4.369108e-02
7.629292e-02;6.320221e-02;1.261156e-01;3.709625e-02;7.792177e-02;4.296473e-02;3.651052e-01;6.176774e-02;3.713807e-02;3.482728e-02;3.107275e-02;4.649542e-02
5.773307e-02;7.598386e-02;1.180824e-01;3.894185e-02;7.619323e-02;3.420648e-02;4.319102e-01;5.867092e-02;3.635791e-02;2.466989e-02;2.613012e-02;2.112012e-02
1.986105e-02;6.127993e-02;1.213693e-01;4.606581e-02;8.029220e-02;3.417459e-02;4.708396e-01;5.367284e-02;3.688813e-02;2.124566e-02;2.973104e-02;2.457978e-02
2.922490e-02;4.886066e-02;1.426872e-01;3.712694e-02;7.992267e-02;5.367399e-02;4.446045e-01;5.076931e-02;3.718492e-02;2.741541e-02;2.252370e-02;2.600584e-02
2.555832e-02;4.741741e-02;2.058987e-01;5.589263e-02;6.379300e-02;4.482254e-02;3.586587e-01;6.128261e-02;3.673496e-02;5.016199e-02;2.309599e-02;2.668315e-02
4.368654e-02;4.183686e-02;1.912292e-01;6.297461e-02;4.614559e-02;6.716114e-02;1.241428e-01;8.699600e-02;1.102004e-01;1.214057e-01;4.150791e-02;6.271333e-02
6.514598e-02;3.812137e-02;1.236302e-01;6.690457e-02;4.238806e-02;6.841710e-02;7.698490e-02;8.803289e-02;1.613624e-01;1.433770e-01;5.242306e-02;7.321247e-02
6.373461e-02;3.692849e-02;8.546187e-02;6.025726e-02;4.695553e-02;5.538768e-02;7.855436e-02;1.165715e-01;2.057660e-01;1.200705e-01;5.813445e-02;7.217781e-02
5.338629e-02;4.267515e-02;4.853342e-02;4.856761e-02;5.655591e-02;4.650860e-02;8.499870e-02;1.973407e-01;2.243519e-01;7.321701e-02;5.928699e-02;6.457763e-02
7.876582e-02;5.604961e-02;4.791102e-02;4.018802e-02;7.385761e-02;3.310022e-02;1.471911e-01;1.943545e-01;1.297892e-01;5.801262e-02;6.907497e-02;7.170539e-02
5.659650e-02;5.661935e-02;6.658290e-02;5.025677e-02;1.136674e-01;5.961323e-02;1.876189e-01;9.921571e-02;7.321417e-02;7.682744e-02;8.090924e-02;7.887843e-02
7.611868e-02;5.407982e-02;8.798738e-02;7.780390e-02;1.448566e-01;6.663589e-02;1.420601e-01;6.077525e-02;1.008478e-01;6.023873e-02;6.461225e-02;6.398359e-02
7.359111e-02;5.269368e-02;7.911769e-02;8.283283e-02;1.122393e-01;7.958619e-02;1.224274e-01;4.820631e-02;1.379017e-01;5.411204e-02;8.532497e-02;7.196686e-02
7.523875e-02;7.370889e-02;1.147413e-01;7.249894e-02;7.177075e-02;7.368122e-02;1.271864e-01;8.174653e-02;9.470055e-02;4.983203e-02;9.350719e-02;7.138742e-02
4.768905e-02;8.733930e-02;1.152630e-01;9.347858e-02;5.724916e-02;7.640234e-02;1.288062e-01;7.564436e-02;1.219584e-01;5.938222e-02;7.315120e-02;6.363624e-02
