4.969286e-02;1.530322e-01;1.221572e-01;4.384634e-02;5.412951e-02;1.216942e-01;3.325879e-02;2.255180e-01;7.379539e-02;2.963142e-02;5.577748e-02;3.746653e-02
3.945939e-02;1.396636e-01;9.105121e-02;8.136696e-02;8.914147e-02;6.896649e-02;5.192615e-02;1.417682e-01;6.687263e-02;5.125093e-02;9.102821e-02;8.750477e-02
7.686094e-02;1.070657e-01;1.225837e-01;7.536087e-02;5.693074e-02;9.926631e-02;3.803641e-02;7.233804e-02;5.260513e-02;9.540924e-02;1.062463e-01;9.729666e-02
8.259100e-02;9.515621e-02;1.300898e-01;4.514888e-02;8.334511e-02;9.893247e-02;4.581120e-02;5.506927e-02;4.273887e-02;1.231612e-01;8.819395e-02;1.097620e-01
5.494190e-02;1.020124e-01;9.853371e-02;1.440995e-01;7.479000e-02;6.829882e-02;8.685741e-02;4.897757e-02;4.318631e-02;1.163889e-01;4.028706e-02;1.216264e-01
2.686016e-02;8.657304e-02;6.486764e-02;2.768283e-01;3.662936e-02;3.641157e-02;1.212215e-01;3.395716e-02;3.276220e-02;1.101953e-01;2.081723e-02;1.528764e-01
1.650343e-02;5.812718e-02;2.491875e-02;3.822572e-01;1.509173e-02;1.183594e-02;1.322497e-01;2.290279e-02;1.537400e-02;1.304081e-01;9.053566e-03;1.812776e-01
3.375136e-02;4.218845e-02;1.637341e-02;3.805844e-01;8.944689e-03;2.036646e-02;1.149352e-01;2.084646e-02;1.863733e-02;1.515389e-01;5.550981e-03;1.862823e-01
3.994092e-02;3.499793e-02;1.864921e-02;3.599732e-01;1.576681e-02;2.637986e-02;8.422506e-02;2.932752e-02;2.257474e-02;1.744903e-01;6.226360e-03;1.874481e-01
5.608920e-02;3.255318e-02;3.927890e-02;2.792174e-01;1.807708e-02;3.520922e-02;8.925983e-02;5.873637e-02;3.827398e-02;1.617946e-01;1.671491e-02;1.747954e-01
8.686966e-02;4.415803e-02;4.275329e-02;1.695736e-01;4.645498e-02;5.184572e-02;1.136664e-01;9.296065e-02;5.724184e-02;1.046053e-01;3.068045e-02;1.591901e-01
8.873662e-02;4.749242e-02;3.945522e-02;1.425086e-01;5.631332e-02;1.087770e-01;1.411570e-01;9.586225e-02;5.622453e-02;6.749025e-02;3.511001e-02;1.208729e-01
4.793150e-02;3.142880e-02;4.953186e-02;2.419809e-01;4.529969e-02;1.437456e-01;1.348462e-01;6.925226e-02;3.973538e-02;8.631913e-02;4.289690e-02;6.703171e-02
2.697229e-02;4.256694e-02;5.781760e-02;3.645638e-01;2.113953e-02;8.981796e-02;1.290677e-01;4.031088e-02;3.189448e-02;9.220270e-02;3.813595e-02;6.551017e-02
2.998774e-02;3.339330e-02;4.383954e-02;3.862260e-01;9.631963e-03;6.168333e-02;1.230186e-01;3.750478e-02;4.157628e-02;1.071127e-01;3.327268e-02;9.275310e-02
2.733447e-02;3.918499e-02;3.452374e-02;3.600388e-01;9.606993e-03;5.904668e-02;1.266181e-01;4.215395e-02;4.373437e-02;1.093832e-01;3.373263e-02;1.146421e-01
3.718938e-02;4.885549e-02;3.472847e-02;2.903619e-01;1.270645e-02;6.943131e-02;1.246475e-01;5.777889e-02;8.037607e-02;9.820729e-02;2.335427e-02;1.223630e-01
5.393453e-02;7.847969e-02;4.663403e-02;2.452205e-01;2.420028e-02;5.509723e-02;1.052878e-01;7.638993e-02;1.113699e-01;7.590197e-02;1.755014e-02;1.099340e-01
3.926058e-02;6.917154e-02;4.633837e-02;2.743279e-01;1.804401e-02;2.889593e-02;1.121498e-01;8.262429e-02;1.032539e-01;1.175530e-01;1.969755e-02;8.868312e-02
1.968542e-02;3.778262e-02;5.062058e-02;2.366291e-01;2.264612e-02;8.641398e-02;1.420844e-01;1.097832e-01;7.826377e-02;9.912932e-02;3.328891e-02;8.367259e-02
4.733246e-02;4.769448e-02;1.081175e-01;1.194586e-01;7.245746e-02;1.814232e-01;1.015703e-01;9.012321e-02;5.668707e-02;4.845890e-02;4.342228e-02;8.325454e-02
5.601228e-02;8.184027e-02;1.323780e-01;1.425266e-01;7.304110e-02;1.737707e-01;9.261372e-02;7.728306e-02;4.211996e-02;2.842838e-02;3.388755e-02;6.609838e-02
7.529245e-02;9.817522e-02;9.768938e-02;1.061739e-01;5.762192e-02;1.269995e-01;1.349388e-01;1.339078e-01;4.732962e-02;2.751596e-02;1.898144e-02;7.537407e-02
8.833425e-02;8.545137e-02;4.144945e-02;1.552725e-01;7.620566e-02;5.293591e-02;1.207463e-01;2.394034e-01;5.649634e-02;1.702724e-02;1.310481e-02;5.357277e-02
8.860298e-02;6.481190e-02;2.656661e-02;1.158439e-01;1.492905e-01;2.303980e-02;9.792424e-02;3.301300e-01;4.646086e-02;1.403103e-02;2.057215e-02;2.272606e-02
8.612163e-02;6.032058e-02;3.910935e-02;4.903978e-02;2.380006e-01;9.144415e-03;4.350264e-02;3.814362e-01;3.186179e-02;1.392111e-02;1.389246e-02;3.364941e-02
8.875161e-02;4.944283e-02;3.434112e-02;6.365091e-02;2.636421e-01;1.057178e-02;2.457688e-02;3.806967e-01;3.012969e-02;1.650258e-02;8.791324e-03;2.890242e-02
1.080822e-01;4.837903e-02;3.260552e-02;4.643239e-02;2.582249e-01;6.302776e-03;4.694179e-02;3.810506e-01;2.807632e-02;1.601500e-02;8.452836e-03;1.943662e-02
1.368729e-01;4.140437e-02;2.536787e-02;2.834762e-02;2.587962e-01;9.687856e-03;4.307888e-02;3.806986e-01;3.830833e-02;1.537264e-02;7.445629e-03;1.461911e-02
1.471185e-01;4.862735e-02;2.168842e-02;2.060428e-02;2.567239e-01;1.471875e-02;1.916720e-02;3.599870e-01;5.401412e-02;2.975305e-02;1.604753e-02;1.154987e-02
1.332364e-01;7.029709e-02;3.096031e-02;2.133617e-02;2.280073e-01;3.404621e-02;3.139614e-02;3.165656e-01;6.499989e-02;3.682169e-02;2.185530e-02;1.047789e-02
1.164227e-01;1.135348e-01;3.951484e-02;2.541898e-02;1.646047e-01;8.542135e-02;2.610219e-02;2.654569e-01;1.019077e-01;3.631046e-02;1.545380e-02;9.851643e-03
9.794626e-02;1.893490e-01;4.164935e-02;2.569039e-02;1.378827e-01;1.081309e-01;2.631431e-02;1.772134e-01;1.421223e-01;3.764703e-02;9.077258e-03;6.977001e-03
8.980039e-02;2.662001e-01;3.746075e-02;1.981939e-02;1.007871e-01;7.646956e-02;2.588787e-02;9.637469e-02;2.172617e-01;4.972359e-02;1.292775e-02;7.287130e-03
3.693174e-02;3.025037e-01;4.409435e-02;3.230927e-02;5.687905e-02;6.983380e-02;2.944053e-02;5.548986e-02;2.809635e-01;6.541236e-02;1.459339e-02;1.154843e-02
8.161725e-02;2.602993e-01;5.476190e-02;5.814524e-02;7.498488e-02;4.090647e-02;3.780580e-02;7.930651e-02;2.164910e-01;5.270401e-02;1.555560e-02;2.742205e-02
8.019976e-02;2.097317e-01;5.841037e-02;5.315129e-02;1.042752e-01;3.540881e-02;5.291888e-02;1.562142e-01;1.390673e-01;5.074190e-02;1.502736e-02;4.485332e-02
9.055879e-02;1.496098e-01;5.328254e-02;3.584013e-02;9.878356e-02;4.064623e-02;4.039431e-02;2.639223e-01;1.083659e-01;5.254868e-02;2.859220e-02;3.745548e-02
1.050091e-01;1.103764e-01;4.827127e-02;3.746517e-02;5.056446e-02;3.716835e-02;8.494984e-02;3.404211e-01;7.500079e-02;4.480444e-02;3.883465e-02;2.713435e-02
8.485388e-02;1.064854e-01;5.051967e-02;4.258421e-02;4.631819e-02;4.014861e-02;1.316379e-01;3.380824e-01;5.548447e-02;3.305177e-02;4.719209e-02;2.364141e-02
5.434568e-02;1.150592e-01;6.953373e-02;3.232677e-02;6.184911e-02;4.252971e-02;9.483519e-02;2.856427e-01;1.150489e-01;4.552149e-02;5.992670e-02;2.338073e-02
1.424903e-01;9.646755e-02;5.833951e-02;1.461237e-02;5.083990e-02;1.792106e-02;4.745352e-02;3.163659e-01;1.383754e-01;4.058605e-02;5.802291e-02;1.852553e-02
1.910518e-01;5.533671e-02;5.028936e-02;2.475030e-02;6.413258e-02;1.783321e-02;4.598320e-02;4.005006e-01;6.783468e-02;3.336861e-02;3.996489e-02;8.954089e-03
1.695102e-01;5.642020e-02;4.023576e-02;2.495590e-02;6.723750e-02;2.251709e-02;7.350124e-02;4.400068e-01;3.009770e-02;3.421234e-02;2.078507e-02;2.052014e-02
1.155427e-01;5.962329e-02;3.340073e-02;1.331137e-02;3.078930e-02;5.511623e-02;1.715980e-01;3.974038e-01;2.597590e-02;5.162283e-02;1.127552e-02;3.434023e-02
7.798686e-02;6.385411e-02;3.498128e-02;1.631698e-02;6.957085e-02;1.019781e-01;2.035099e-01;2.896489e-01;2.964049e-02;5.406897e-02;1.231580e-02;4.612783e-02
5.606129e-02;9.507642e-02;5.537859e-02;1.635561e-02;1.192684e-01;1.251252e-01;1.186271e-01;2.219448e-01;7.033271e-02;5.091290e-02;2.272552e-02;4.819155e-02
3.621414e-02;1.234773e-01;6.689356e-02;3.604271e-02;7.741577e-02;9.326272e-02;3.618814e-02;3.058019e-01;1.328552e-01;4.609274e-02;1.971776e-02;2.603807e-02
5.576555e-02;1.054783e-01;5.477804e-02;4.802766e-02;4.214939e-02;3.699022e-02;3.064212e-02;3.655708e-01;1.704629e-01;4.202463e-02;1.884245e-02;2.926778e-02
1.013471e-01;9.708804e-02;4.087973e-02;4.580718e-02;4.264741e-02;2.613914e-02;4.927825e-02;3.635870e-01;1.424174e-01;4.308563e-02;1.361514e-02;3.410799e-02
1.253378e-01;1.105984e-01;4.095547e-02;3.473181e-02;5.013965e-02;4.210372e-02;6.986614e-02;3.140266e-01;1.069930e-01;4.855056e-02;2.308989e-02;3.360694e-02
9.067956e-02;1.598876e-01;5.214243e-02;3.210951e-02;5.715659e-02;5.244543e-02;6.809518e-02;2.007064e-01;1.283762e-01;8.667944e-02;2.466653e-02;4.705506e-02
7.432719e-02;1.502849e-01;6.815351e-02;6.303839e-02;5.241147e-02;7.168112e-02;7.774165e-02;1.689527e-01;9.402715e-02;1.023111e-01;4.779297e-02;2.927783e-02
7.189945e-02;8.395810e-02;7.165123e-02;5.839342e-02;5.364468e-02;1.107082e-01;1.276967e-01;1.613599e-01;6.830500e-02;4.934641e-02;8.821279e-02;5.482419e-02
7.364503e-02;6.686177e-02;6.988899e-02;4.296841e-02;5.275011e-02;1.092213e-01;1.512180e-01;1.446154e-01;5.862654e-02;1.846536e-02;8.492795e-02;1.268111e-01
5.504571e-02;5.577039e-02;3.961461e-02;5.580159e-02;3.466686e-02;8.384316e-02;2.256317e-01;1.580433e-01;5.317676e-02;2.408169e-02;3.408458e-02;1.802396e-01
3.801578e-02;5.923296e-02;2.879049e-02;6.141213e-02;1.879942e-02;7.540072e-02;2.653785e-01;1.470678e-01;5.231607e-02;1.984482e-02;3.063384e-02;2.031074e-01
2.116724e-02;4.152372e-02;3.345025e-02;2.186184e-02;3.984520e-02;1.294883e-01;2.456271e-01;1.504522e-01;4.584148e-02;1.865564e-02;1.060758e-01;1.460111e-01
1.533436e-02;3.175569e-02;2.682441e-02;3.845844e-02;3.973284e-02;1.499898e-01;1.961925e-01;1.392612e-01;5.393260e-02;2.206185e-02;2.104756e-01;7.598069e-02
1.414778e-02;2.986196e-02;2.471890e-02;4.214279e-02;4.105674e-02;1.575143e-01;1.570662e-01;1.306166e-01;4.973712e-02;4.363794e-02;2.499823e-01;5.951740e-02
1.159512e-02;4.169347e-02;3.537468e-02;4.286993e-02;5.051228e-02;2.106321e-01;7.402031e-02;1.125731e-01;5.775021e-02;5.766806e-02;2.487258e-01;5.658493e-02
3.686251e-02;4.233916e-02;4.863482e-02;3.781851e-02;5.696866e-02;2.265325e-01;7.672861e-02;9.383991e-02;9.054519e-02;3.728139e-02;1.853215e-01;6.712717e-02
5.906997e-02;4.825736e-02;4.178698e-02;6.558944e-02;7.130537e-02;1.888477e-01;7.494613e-02;1.081134e-01;1.395913e-01;3.433864e-02;1.030613e-01;6.509251e-02
8.777929e-02;6.485491e-02;3.172123e-02;8.708975e-02;9.619953e-02;9.621410e-02;7.586434e-02;1.187966e-01;1.531271e-01;4.098712e-02;9.076990e-02;5.659608e-02
9.408095e-02;7.392715e-02;5.189154e-02;6.546848e-02;9.592397e-02;9.261020e-02;4.470831e-02;1.130202e-01;9.020346e-02;4.327312e-02;1.811697e-01;5.372285e-02
7.006557e-02;6.229965e-02;5.630994e-02;4.533833e-02;8.156129e-02;6.778636e-02;1.284296e-01;9.198247e-02;8.080023e-02;4.894490e-02;1.998239e-01;6.665780e-02
3.575766e-02;8.319314e-02;4.626558e-02;3.624863e-02;9.713670e-02;7.465144e-02;1.609833e-01;1.627235e-01;7.459463e-02;3.691719e-02;1.070366e-01;8.449161e-02
5.922574e-02;7.991675e-02;5.713756e-02;7.188761e-02;5.799431e-02;9.085041e-02;9.585936e-02;1.958756e-01;1.066247e-01;5.027897e-02;9.136248e-02;4.298649e-02
5.921631e-02;8.027403e-02;5.759309e-02;5.799031e-02;2.956390e-02;1.272372e-01;1.023555e-01;1.855559e-01;1.102531e-01;3.736188e-02;1.187223e-01;3.387654e-02
5.576912e-02;8.451883e-02;5.112719e-02;4.004230e-02;3.888247e-02;1.566224e-01;9.650566e-02;1.700851e-01;9.891657e-02;4.322688e-02;1.202825e-01;4.402095e-02
6.255377e-02;7.591089e-02;3.561470e-02;6.520518e-02;5.273081e-02;1.747475e-01;8.834511e-02;1.671655e-01;7.176303e-02;4.509295e-02;1.081427e-01;5.272785e-02
5.774315e-02;5.239739e-02;5.835393e-02;7.490895e-02;3.783594e-02;1.811595e-01;5.292123e-02;1.987798e-01;8.248979e-02;4.921471e-02;8.747482e-02;6.672085e-02
4.322373e-02;1.234325e-01;1.048816e-01;8.076268e-02;2.941742e-02;1.443732e-01;5.064021e-02;1.837576e-01;6.132719e-02;5.105235e-02;6.024463e-02;6.688681e-02
8.145256e-02;1.679599e-01;1.257065e-01;7.694102e-02;4.527755e-02;1.312276e-01;1.798548e-02;1.370419e-01;5.237065e-02;4.979981e-02;6.932180e-02;4.491520e-02
9.473853e-02;1.729934e-01;1.051173e-01;6.547774e-02;6.662489e-02;1.416402e-01;3.860779e-02;1.309332e-01;6.084983e-02;3.980863e-02;5.654166e-02;2.666685e-02
1.202305e-01;1.343885e-01;4.367333e-02;5.493507e-02;1.083842e-01;1.582059e-01;4.397567e-02;1.765875e-01;6.821826e-02;2.598846e-02;3.916729e-02;2.624539e-02
1.225876e-01;8.243126e-02;4.725563e-02;3.586640e-02;1.513989e-01;1.478236e-01;6.488866e-02;2.398124e-01;5.358139e-02;1.775177e-02;1.698630e-02;1.961597e-02
1.357376e-01;5.728814e-02;3.515926e-02;1.980085e-02;1.324985e-01;1.021654e-01;4.217086e-02;3.521257e-01;4.987028e-02;2.005097e-02;2.954011e-02;2.359228e-02
1.292108e-01;5.012541e-02;5.281755e-02;1.349155e-02;7.112705e-02;5.165125e-02;7.936814e-02;3.770321e-01;4.510356e-02;2.268626e-02;7.659926e-02;3.078708e-02
1.098773e-01;7.448981e-02;7.005573e-02;1.887841e-02;5.555053e-02;4.137788e-02;1.292853e-01;2.960183e-01;5.074538e-02;2.596007e-02;9.785938e-02;2.990190e-02
7.857265e-02;8.216538e-02;7.105680e-02;3.983340e-02;4.650344e-02;1.030687e-01;1.157695e-01;1.937371e-01;6.937687e-02;4.020801e-02;9.803164e-02;6.167648e-02
5.316891e-02;7.164224e-02;4.523610e-02;7.139090e-02;3.470114e-02;8.008524e-02;1.484906e-01;1.914495e-01;6.175241e-02;5.129824e-02;7.116681e-02;1.196180e-01
5.433161e-02;5.200417e-02;2.466989e-02;9.045454e-02;2.310454e-02;4.994240e-02;2.163902e-01;2.348942e-01;4.492053e-02;5.017486e-02;4.563067e-02;1.134823e-01
5.788891e-02;5.165032e-02;9.824411e-03;1.069302e-01;1.259486e-02;3.051941e-02;2.828573e-01;2.160653e-01;2.979509e-02;6.446423e-02;2.265879e-02;1.147511e-01
4.178451e-02;8.171043e-02;1.216315e-02;1.119137e-01;1.266008e-02;2.888490e-02;3.441327e-01;1.115191e-01;2.021165e-02;6.256794e-02;1.189802e-02;1.605538e-01
2.797992e-02;1.156840e-01;1.707580e-02;1.007497e-01;1.175610e-02;3.921191e-02;3.962947e-01;3.734928e-02;1.431260e-02;4.602360e-02;1.590278e-02;1.776596e-01
2.601686e-02;1.189455e-01;2.278115e-02;8.222523e-02;1.969276e-02;1.007502e-01;3.408927e-01;8.478151e-02;2.224394e-02;2.841098e-02;2.099515e-02;1.322640e-01
3.798173e-02;1.075267e-01;3.624928e-02;8.728468e-02;4.061178e-02;1.767723e-01;2.443613e-01;9.736611e-02;3.812674e-02;2.165261e-02;3.816626e-02;7.390051e-02
5.745125e-02;9.182835e-02;3.547595e-02;9.267338e-02;4.489659e-02;1.982114e-01;1.733966e-01;1.203157e-01;3.627247e-02;2.883051e-02;6.209317e-02;5.855457e-02
8.535898e-02;1.239231e-01;4.052026e-02;9.755174e-02;4.691794e-02;9.291151e-02;1.190265e-01;1.607435e-01;4.097333e-02;4.951080e-02;7.264393e-02;6.991832e-02
4.555446e-02;1.231555e-01;5.390648e-02;1.047186e-01;5.333763e-02;6.461653e-02;9.773728e-02;1.572480e-01;4.333523e-02;6.062527e-02;6.437916e-02;1.313858e-01
4.046991e-02;8.862707e-02;4.667435e-02;8.674038e-02;3.407444e-02;8.559765e-02;9.774113e-02;2.160064e-01;5.063847e-02;5.366888e-02;6.599842e-02;1.337629e-01
6.100497e-02;5.429397e-02;5.784654e-02;7.798041e-02;4.575638e-02;1.036410e-01;9.248529e-02;2.570812e-01;7.834444e-02;6.375267e-02;4.606039e-02;6.175270e-02
5.307925e-02;5.771446e-02;6.015607e-02;9.109730e-02;5.909967e-02;1.124260e-01;1.205064e-01;2.283077e-01;8.363204e-02;6.793360e-02;4.986832e-02;1.617908e-02
5.969871e-02;8.524241e-02;9.019080e-02;1.099065e-01;6.424265e-02;1.067208e-01;1.125358e-01;1.743814e-01;5.679823e-02;4.665951e-02;3.280268e-02;6.082052e-02
6.682070e-02;9.133392e-02;1.100731e-01;1.408417e-01;5.205567e-02;8.817139e-02;1.381726e-01;8.450465e-02;3.237988e-02;2.970224e-02;2.516099e-02;1.407833e-01
4.988257e-02;9.694774e-02;8.998672e-02;1.508224e-01;3.968168e-02;4.909630e-02;1.765571e-01;3.861228e-02;2.625196e-02;2.714936e-02;5.287444e-02;2.021375e-01
2.052232e-02;7.083618e-02;1.027266e-01;1.148966e-01;4.590709e-02;8.000948e-02;1.844851e-01;3.685626e-02;4.257925e-02;2.320225e-02;1.016434e-01;1.763355e-01
2.817041e-02;3.810488e-02;1.426065e-01;5.768507e-02;4.705237e-02;1.385988e-01;1.495104e-01;4.192627e-02;4.680778e-02;1.911678e-02;1.821479e-01;1.082728e-01
3.563603e-02;2.860328e-02;1.500999e-01;3.408759e-02;3.999930e-02;2.009982e-01;1.083255e-01;2.615542e-02;5.116240e-02;3.797989e-02;2.252254e-01;6.172717e-02
4.822793e-02;1.524498e-02;1.375739e-01;3.083339e-02;5.425708e-02;2.793632e-01;8.824292e-02;1.776086e-02;5.322788e-02;3.878103e-02;1.999554e-01;3.653136e-02
5.661801e-02;3.271858e-02;1.183327e-01;3.602606e-02;8.393198e-02;2.947603e-01;1.028667e-01;4.208290e-02;4.999446e-02;2.300826e-02;1.381800e-01;2.148001e-02
4.279909e-02;4.693338e-02;9.550728e-02;3.943963e-02;9.027480e-02;2.395870e-01;1.372688e-01;9.272460e-02;5.199397e-02;2.604886e-02;1.013919e-01;3.603071e-02
3.291848e-02;4.731048e-02;7.243409e-02;4.269303e-02;5.294551e-02;1.689628e-01;1.813179e-01;1.511447e-01;5.320001e-02;2.986800e-02;1.069969e-01;6.020814e-02
4.406051e-02;4.174042e-02;8.513959e-02;2.395836e-02;4.163393e-02;1.403544e-01;1.636733e-01;1.630613e-01;6.227248e-02;2.934392e-02;1.423803e-01;6.238153e-02
4.765160e-02;4.991825e-02;8.376974e-02;2.717970e-02;6.388368e-02;1.390917e-01;1.377652e-01;1.518648e-01;5.946081e-02;2.445697e-02;1.609392e-01;5.401826e-02
3.609809e-02;5.051911e-02;5.832548e-02;3.758596e-02;8.371992e-02;1.908041e-01;1.347155e-01;1.339322e-01;7.106159e-02;2.649944e-02;1.239374e-01;5.280128e-02
3.128465e-02;4.516203e-02;5.314371e-02;5.170998e-02;9.034012e-02;2.412208e-01;1.077795e-01;1.725287e-01;7.295916e-02;3.574386e-02;5.373819e-02;4.438934e-02
2.870864e-02;4.810308e-02;6.398350e-02;4.421796e-02;7.449465e-02;2.208778e-01;7.901641e-02;1.665782e-01;8.960015e-02;4.568961e-02;1.037436e-01;3.498645e-02
2.082299e-02;5.877277e-02;4.612366e-02;2.291890e-02;7.624724e-02;1.960356e-01;1.056294e-01;1.307880e-01;1.332731e-01;5.577750e-02;1.100857e-01;4.352514e-02
1.447679e-02;5.754484e-02;5.164430e-02;2.183443e-02;8.345076e-02;1.313663e-01;1.200635e-01;1.440667e-01;1.671087e-01;6.555105e-02;9.990591e-02;4.298666e-02
1.711134e-02;5.302943e-02;6.147291e-02;3.591925e-02;1.000737e-01;5.524339e-02;1.153151e-01;1.367386e-01;2.011621e-01;7.636029e-02;9.728306e-02;5.029078e-02
2.476120e-02;5.467387e-02;6.552599e-02;3.585426e-02;1.027123e-01;8.309104e-02;8.719653e-02;1.219277e-01;2.458598e-01;6.388917e-02;6.863538e-02;4.587276e-02
2.923405e-02;5.344679e-02;5.036787e-02;4.199297e-02;9.215535e-02;9.572601e-02;6.946480e-02;1.693899e-01;2.628762e-01;5.055954e-02;4.940862e-02;3.537788e-02
2.619919e-02;2.437654e-02;5.547464e-02;5.818446e-02;8.280529e-02;6.908580e-02;6.550968e-02;2.161787e-01;2.339440e-01;3.255538e-02;6.838672e-02;6.729967e-02
2.577394e-02;5.165736e-02;6.694487e-02;6.851438e-02;7.503431e-02;1.007966e-01;5.698607e-02;2.376629e-01;1.746294e-01;2.811854e-02;6.207917e-02;5.180244e-02
2.029513e-02;6.865623e-02;8.584432e-02;7.795317e-02;8.304863e-02;1.155992e-01;4.242254e-02;2.626588e-01;1.156802e-01;1.662507e-02;6.508744e-02;4.612928e-02
1.597430e-02;4.781917e-02;7.111074e-02;6.748462e-02;9.139504e-02;7.372423e-02;9.037293e-02;2.712899e-01;1.238974e-01;2.422711e-02;6.702381e-02;5.568070e-02
2.906110e-02;7.876626e-02;8.539118e-02;5.755333e-02;8.910871e-02;7.880965e-02;9.290044e-02;2.314630e-01;1.498455e-01;3.852253e-02;4.074953e-02;2.782877e-02
2.902321e-02;8.997776e-02;9.497412e-02;7.456884e-02;7.901735e-02;8.605582e-02;4.960060e-02;2.695544e-01;1.362417e-01;2.704793e-02;4.103091e-02;2.290736e-02
2.340883e-02;7.875195e-02;9.323803e-02;8.413810e-02;6.537589e-02;7.381817e-02;9.851834e-02;2.889566e-01;6.782681e-02;2.615998e-02;5.930518e-02;4.050216e-02
4.443912e-02;9.050080e-02;9.463692e-02;5.158776e-02;5.768391e-02;6.286719e-02;1.093034e-01;2.514154e-01;9.689557e-02;3.808485e-02;3.292372e-02;6.966139e-02
3.301265e-02;7.838611e-02;1.001895e-01;4.629616e-02;4.780550e-02;1.000190e-01;1.033986e-01;2.259315e-01;8.499517e-02;3.762547e-02;6.335320e-02;7.898699e-02
3.023951e-02;7.649170e-02;1.081685e-01;5.918809e-02;2.252640e-02;1.198296e-01;1.378477e-01;1.921304e-01;8.795845e-02;2.664194e-02;7.758009e-02;6.139762e-02
2.177241e-02;6.758737e-02;1.138896e-01;5.646950e-02;3.594612e-02;1.797322e-01;9.189663e-02;2.034480e-01;1.090941e-01;4.030805e-02;6.218829e-02;1.766765e-02
1.685438e-02;6.298184e-02;1.108321e-01;5.516773e-02;6.681138e-02;1.739671e-01;6.911089e-02;1.704733e-01;1.012247e-01;6.270769e-02;6.660023e-02;4.326872e-02
2.138992e-02;8.341682e-02;8.621670e-02;5.858864e-02;6.640250e-02;1.352788e-01;1.067595e-01;1.195043e-01;1.405804e-01;6.356479e-02;6.412474e-02;5.417286e-02
2.633524e-02;6.206926e-02;7.881667e-02;4.075003e-02;3.844257e-02;2.131605e-01;8.631395e-02;1.013576e-01;1.506503e-01;8.572943e-02;6.171716e-02;5.465736e-02
2.463035e-02;3.129000e-02;7.383146e-02;2.566362e-02;1.436141e-02;2.662075e-01;8.747897e-02;8.136457e-02;1.041457e-01;1.226866e-01;1.002909e-01;6.804888e-02
1.886139e-02;3.055159e-02;7.942880e-02;1.490263e-02;1.153543e-02;2.897685e-01;7.999483e-02;7.317729e-02;8.184441e-02;1.195603e-01;1.262548e-01;7.412002e-02
2.339900e-02;3.232908e-02;7.601178e-02;1.138239e-02;1.013545e-02;2.780136e-01;5.610607e-02;6.485927e-02;1.073097e-01;1.404280e-01;1.237007e-01;7.632492e-02
2.268426e-02;2.408059e-02;8.280592e-02;1.411862e-02;1.122308e-02;2.325670e-01;7.807921e-02;6.699385e-02;1.491165e-01;1.535714e-01;1.012986e-01;6.346089e-02
2.198379e-02;1.844501e-02;7.970987e-02;1.938054e-02;3.299013e-02;2.199149e-01;5.412741e-02;8.910656e-02;1.873656e-01;1.341460e-01;9.094198e-02;5.188818e-02
1.800717e-02;3.262831e-02;6.189062e-02;2.887017e-02;4.481425e-02;1.663257e-01;1.029486e-01;1.489719e-01;1.774147e-01;6.598295e-02;7.416312e-02;7.798242e-02
1.733593e-02;4.115424e-02;2.662730e-02;2.921510e-02;3.766046e-02;1.044274e-01;2.164962e-01;2.006591e-01;1.195766e-01;4.067859e-02;6.439272e-02;1.017765e-01
2.523327e-02;5.333678e-02;3.031153e-02;4.414344e-02;1.803990e-02;6.619385e-02;3.307412e-01;1.540142e-01;6.255289e-02;3.769559e-02;5.057228e-02;1.271651e-01
2.561218e-02;6.607898e-02;4.278668e-02;5.819098e-02;2.133441e-02;8.531127e-02;3.597086e-01;8.738223e-02;4.371149e-02;3.494969e-02;4.649253e-02;1.284409e-01
2.962460e-02;8.598298e-02;6.195744e-02;5.666606e-02;4.213689e-02;1.177908e-01;2.699076e-01;1.134704e-01;7.489128e-02;3.467896e-02;2.556003e-02;8.733287e-02
3.159028e-02;9.294402e-02;7.219377e-02;4.855084e-02;5.960286e-02;1.673344e-01;1.515529e-01;1.393744e-01;1.166953e-01;3.344017e-02;2.621950e-02;6.050156e-02
3.486369e-02;7.708743e-02;5.471877e-02;2.914239e-02;4.150421e-02;1.482600e-01;8.426894e-02;2.010544e-01;1.481918e-01;6.524648e-02;4.786050e-02;6.780137e-02
2.742136e-02;7.285895e-02;7.554351e-02;2.735604e-02;3.177442e-02;6.654423e-02;1.687317e-01;1.813353e-01;1.468967e-01;7.265746e-02;6.438671e-02;6.449365e-02
1.571885e-02;4.180584e-02;6.574550e-02;3.766565e-02;4.017816e-02;1.390797e-01;1.886002e-01;1.690841e-01;1.117452e-01;5.571737e-02;8.105492e-02;5.360450e-02
1.722323e-02;6.306482e-02;5.084947e-02;3.627818e-02;3.812570e-02;1.742083e-01;1.352036e-01;1.553383e-01;1.392453e-01;6.745930e-02;8.509551e-02;3.790835e-02
3.208429e-02;6.183315e-02;6.294132e-02;6.213966e-02;4.468553e-02;1.290134e-01;1.317392e-01;1.370423e-01;1.557700e-01;7.880064e-02;6.755130e-02;3.639928e-02
3.120043e-02;1.321353e-01;1.194477e-01;7.088817e-02;5.993665e-02;6.637465e-02;1.160340e-01;1.008553e-01;1.508343e-01;7.166588e-02;3.891082e-02;4.171678e-02
2.288783e-02;1.548410e-01;1.568060e-01;3.341367e-02;3.204359e-02;8.312991e-02;7.641174e-02;1.305195e-01;1.467144e-01;7.030300e-02;4.320921e-02;4.972012e-02
4.331870e-02;1.550947e-01;1.366341e-01;2.727176e-02;2.242816e-02;9.231786e-02;4.421086e-02;1.615742e-01;1.295656e-01;7.099786e-02;3.900551e-02;7.758058e-02
6.443447e-02;1.290147e-01;1.023845e-01;6.569715e-02;3.711664e-02;8.296808e-02;8.770746e-02;1.135984e-01;9.684290e-02;6.223520e-02;3.203150e-02;1.259691e-01
5.600551e-02;8.889686e-02;8.422366e-02;7.944907e-02;6.104880e-02;8.309447e-02;1.284464e-01;8.402730e-02;9.533874e-02;4.799138e-02;5.172111e-02;1.397567e-01
4.236194e-02;7.791472e-02;9.171956e-02;7.181210e-02;5.970256e-02;1.137438e-01;9.748457e-02;1.507956e-01;8.510986e-02;5.672301e-02;6.140764e-02;9.122456e-02
2.766149e-02;4.713046e-02;7.975069e-02;1.214395e-01;6.215903e-02;1.145288e-01;5.782824e-02;1.793814e-01;1.373305e-01;4.688449e-02;5.684125e-02;6.906404e-02
2.204050e-02;6.822419e-02;7.123155e-02;1.844427e-01;6.747999e-02;7.888185e-02;4.580377e-02;1.722783e-01;1.096484e-01;5.131126e-02;5.132041e-02;7.733706e-02
2.948900e-02;8.180440e-02;9.875412e-02;1.534583e-01;5.073692e-02;8.357520e-02;6.809058e-02;1.107669e-01;1.222225e-01;5.235640e-02;7.476179e-02;7.398392e-02
2.636613e-02;8.746357e-02;1.219502e-01;6.723137e-02;5.551582e-02;1.266554e-01;9.819975e-02;1.182541e-01;1.335893e-01;3.627470e-02;6.579566e-02;6.270403e-02
2.739416e-02;7.792518e-02;1.022749e-01;4.496752e-02;4.894262e-02;1.254324e-01;1.097935e-01;1.743964e-01;1.364204e-01;3.573234e-02;4.677448e-02;6.994611e-02
3.106321e-02;8.439831e-02;8.065207e-02;6.342947e-02;3.501423e-02;1.035664e-01;1.129019e-01;1.897873e-01;1.222345e-01;4.423875e-02;4.580409e-02;8.690982e-02
3.365998e-02;8.356998e-02;6.434035e-02;6.570784e-02;3.059688e-02;9.981660e-02;1.158737e-01;1.525425e-01;1.243881e-01;5.082021e-02;6.268985e-02;1.159940e-01
4.304712e-02;1.010204e-01;8.461571e-02;4.705969e-02;2.384703e-02;7.585642e-02;1.080105e-01;1.376223e-01;9.959054e-02;5.940806e-02;8.480261e-02;1.351196e-01
3.836069e-02;8.912987e-02;8.433849e-02;4.769609e-02;2.607728e-02;7.149637e-02;9.737907e-02;1.204978e-01;1.351517e-01;7.345095e-02;8.089177e-02;1.355299e-01
4.746597e-02;6.308516e-02;8.978298e-02;6.629143e-02;3.265776e-02;8.430360e-02;8.386130e-02;1.014147e-01;1.253933e-01;8.679043e-02;8.864540e-02;1.303080e-01
3.865100e-02;9.220003e-02;7.007366e-02;1.026039e-01;4.904928e-02;9.248724e-02;4.827321e-02;9.805746e-02;1.007348e-01;9.079287e-02;8.096933e-02;1.361072e-01
1.022362e-01;1.310525e-01;1.364573e-01;4.896308e-02;4.715358e-02;9.058519e-02;4.946476e-02;1.311465e-01;8.556220e-02;4.120876e-02;5.224496e-02;8.392491e-02
1.315078e-01;1.193531e-01;1.082212e-01;4.703709e-02;4.023929e-02;5.573281e-02;8.571342e-02;1.600774e-01;7.270698e-02;4.338899e-02;3.919090e-02;9.683103e-02
1.079281e-01;9.033158e-02;5.510842e-02;7.149410e-02;2.995720e-02;3.914015e-02;1.542659e-01;1.563286e-01;5.123633e-02;3.493051e-02;4.623340e-02;1.630457e-01
4.972724e-02;7.787242e-02;5.647290e-02;8.282350e-02;2.514114e-02;6.345101e-02;1.827634e-01;9.647989e-02;5.045897e-02;3.095728e-02;9.156203e-02;1.922902e-01
2.876591e-02;4.913728e-02;1.212824e-01;5.135127e-02;2.716476e-02;1.285812e-01;1.192726e-01;3.928333e-02;6.704061e-02;4.797437e-02;1.960221e-01;1.241242e-01
2.781220e-02;2.303387e-02;1.588709e-01;1.898376e-02;3.974936e-02;2.076112e-01;5.510866e-02;2.112371e-02;7.067917e-02;6.989884e-02;2.506449e-01;5.648335e-02
2.851927e-02;9.651775e-03;1.368571e-01;1.974684e-02;7.399962e-02;3.039140e-01;2.425342e-02;2.625762e-02;6.237303e-02;7.413664e-02;1.950441e-01;4.524650e-02
1.848392e-02;1.734784e-02;8.913703e-02;2.633166e-02;1.189906e-01;3.846459e-01;5.137661e-02;4.713114e-02;6.186434e-02;4.592830e-02;1.079867e-01;3.077596e-02
9.901635e-03;1.922907e-02;4.543108e-02;3.939148e-02;1.284987e-01;4.013822e-01;9.225855e-02;7.940897e-02;4.791201e-02;1.713469e-02;7.484873e-02;4.460293e-02
1.487474e-02;2.779731e-02;4.390315e-02;3.305017e-02;8.176257e-02;3.261020e-01;1.081245e-01;9.800769e-02;6.738357e-02;2.005393e-02;1.068682e-01;7.207222e-02
2.841846e-02;3.900634e-02;4.920294e-02;1.808823e-02;5.333629e-02;1.918465e-01;1.062186e-01;1.142367e-01;1.387047e-01;6.342726e-02;1.215302e-01;7.598375e-02
2.881230e-02;2.433959e-02;5.453450e-02;1.423361e-02;4.914529e-02;1.472054e-01;9.491991e-02;9.689903e-02;1.927782e-01;1.460079e-01;9.391969e-02;5.720457e-02
2.507273e-02;2.677635e-02;4.624435e-02;1.738072e-02;4.338997e-02;1.727075e-01;9.155142e-02;9.711542e-02;1.835399e-01;1.679089e-01;7.418764e-02;5.412500e-02
2.272038e-02;2.793283e-02;5.500351e-02;2.057432e-02;5.819410e-02;1.161443e-01;4.837374e-02;1.326974e-01;2.248830e-01;1.267529e-01;1.079106e-01;5.881286e-02
1.607133e-02;1.627776e-02;4.684019e-02;2.951165e-02;5.901412e-02;1.330849e-01;8.611251e-02;2.076634e-01;1.663469e-01;5.277919e-02;1.173380e-01;6.896004e-02
1.561057e-02;1.990756e-02;3.988490e-02;2.193769e-02;7.013496e-02;1.719745e-01;1.140845e-01;2.473808e-01;8.931115e-02;2.202276e-02;1.049261e-01;8.282443e-02
2.704247e-02;3.504238e-02;5.237922e-02;2.193320e-02;7.765478e-02;1.646036e-01;9.960137e-02;2.314368e-01;7.392431e-02;3.513400e-02;9.537110e-02;8.587667e-02
4.730082e-02;6.741972e-02;9.018034e-02;2.891058e-02;6.734006e-02;1.431736e-01;1.084295e-01;1.746733e-01;7.217950e-02;4.872843e-02;9.106303e-02;6.060109e-02
3.590599e-02;1.040023e-01;1.167229e-01;3.206730e-02;6.248133e-02;1.588541e-01;9.991185e-02;1.138617e-01;9.399306e-02;4.847904e-02;8.605675e-02;4.766371e-02
3.482325e-02;9.866445e-02;1.197302e-01;5.001606e-02;6.274141e-02;1.324112e-01;8.289405e-02;1.167914e-01;1.122449e-01;4.648496e-02;9.969820e-02;4.350000e-02
3.780011e-02;7.377981e-02;9.629278e-02;6.238824e-02;5.038926e-02;6.763709e-02;9.179363e-02;1.341449e-01;1.126178e-01;5.471068e-02;1.447701e-01;7.367557e-02
3.152816e-02;4.337625e-02;6.527304e-02;6.162800e-02;8.548855e-02;8.492200e-02;6.353021e-02;1.284019e-01;1.094620e-01;6.651364e-02;1.572297e-01;1.026465e-01
2.705590e-02;8.196914e-02;9.110110e-02;6.000650e-02;8.030042e-02;7.079139e-02;8.528922e-02;1.437369e-01;6.840951e-02;6.015725e-02;1.367004e-01;9.448220e-02
2.754940e-02;6.552890e-02;1.010733e-01;4.922529e-02;6.909073e-02;8.429693e-02;1.293656e-01;1.519435e-01;6.907146e-02;4.872086e-02;1.034912e-01;1.006428e-01
3.475906e-02;3.378987e-02;9.256477e-02;4.744495e-02;7.992531e-02;1.021463e-01;1.521572e-01;1.559185e-01;6.231869e-02;5.408768e-02;8.608597e-02;9.880171e-02
3.838887e-02;1.082163e-01;9.941632e-02;4.728705e-02;6.041309e-02;1.532743e-01;4.748932e-02;1.982559e-01;7.873167e-02;6.328010e-02;6.550702e-02;3.974003e-02
5.730373e-02;1.005224e-01;9.004322e-02;5.138981e-02;4.243591e-02;8.796009e-02;1.359338e-01;1.939677e-01;6.265868e-02;8.934142e-02;2.951301e-02;5.893014e-02
5.097259e-02;7.777008e-02;5.732071e-02;7.231168e-02;2.949884e-02;3.770390e-02;2.074909e-01;1.818090e-01;4.805829e-02;1.003621e-01;1.745602e-02;1.192459e-01
2.217344e-02;7.117413e-02;7.425617e-02;7.134682e-02;3.107646e-02;5.916170e-02;2.194605e-01;1.406388e-01;3.480996e-02;7.839636e-02;2.388909e-02;1.736165e-01
1.568354e-02;7.285581e-02;9.211224e-02;4.688446e-02;3.149359e-02;7.387795e-02;1.833750e-01;1.037442e-01;5.507683e-02;4.434622e-02;8.666191e-02;1.938883e-01
1.944264e-02;5.703982e-02;9.022557e-02;1.716480e-02;2.539026e-02;9.285820e-02;1.306576e-01;7.363214e-02;9.067678e-02;2.548307e-02;2.125182e-01;1.649108e-01
2.097469e-02;3.292987e-02;6.273325e-02;1.061569e-02;2.178160e-02;1.705424e-01;9.120032e-02;4.785473e-02;1.131750e-01;3.558484e-02;3.122686e-01;8.033901e-02
3.387354e-02;3.162751e-02;6.122274e-02;1.287902e-02;3.819441e-02;2.229726e-01;8.748007e-02;2.882474e-02;1.139487e-01;4.450203e-02;2.705354e-01;5.393924e-02
5.042540e-02;3.813547e-02;7.524475e-02;2.624355e-02;6.270924e-02;2.344349e-01;1.016235e-01;3.310744e-02;9.925297e-02;4.864485e-02;1.844248e-01;4.575324e-02
4.508286e-02;5.859970e-02;7.548831e-02;4.646207e-02;8.020280e-02;1.890474e-01;1.226443e-01;5.195583e-02;7.769214e-02;5.829960e-02;1.408254e-01;5.369950e-02
3.660101e-02;7.281690e-02;8.799614e-02;3.571599e-02;6.866643e-02;2.001272e-01;1.153645e-01;6.203822e-02;5.351000e-02;5.936528e-02;1.395107e-01;6.828770e-02
4.467338e-02;4.701222e-02;8.608770e-02;2.908264e-02;5.332727e-02;2.836680e-01;1.190354e-01;4.350600e-02;4.617468e-02;4.833486e-02;1.515306e-01;4.756726e-02
3.518558e-02;3.662495e-02;7.914414e-02;2.577695e-02;2.634807e-02;3.620540e-01;1.195063e-01;5.162476e-02;3.563162e-02;3.340895e-02;1.665156e-01;2.817910e-02
1.567065e-02;2.897341e-02;5.783020e-02;2.072032e-02;7.018814e-02;3.630663e-01;1.185345e-01;6.667251e-02;4.523109e-02;3.773188e-02;1.418608e-01;3.352022e-02
1.868128e-02;4.177241e-02;5.329449e-02;3.074422e-02;1.156668e-01;2.606242e-01;1.071759e-01;9.838911e-02;9.175581e-02;4.523692e-02;8.059063e-02;5.606823e-02
2.821286e-02;7.349369e-02;1.291734e-01;3.609244e-02;1.026978e-01;1.243690e-01;5.485137e-02;1.279834e-01;1.074987e-01;4.481703e-02;1.076943e-01;6.311599e-02
2.650557e-02;6.184937e-02;1.491943e-01;2.414081e-02;4.483810e-02;2.122573e-01;7.211505e-02;8.585026e-02;4.878025e-02;3.938275e-02;1.778786e-01;5.720769e-02
3.311723e-02;4.440191e-02;1.549811e-01;1.755607e-02;2.781297e-02;2.270281e-01;6.757464e-02;4.601776e-02;5.882690e-02;4.510787e-02;2.199708e-01;5.760463e-02
3.526349e-02;6.695582e-02;1.485348e-01;2.072336e-02;3.125227e-02;1.871365e-01;4.378233e-02;7.045962e-02;5.824159e-02;5.446539e-02;2.400918e-01;4.309302e-02
2.947908e-02;1.039881e-01;1.024203e-01;3.263488e-02;4.451252e-02;1.540935e-01;6.116049e-02;9.175592e-02;7.234110e-02;5.833141e-02;1.950083e-01;5.427442e-02
4.430167e-02;1.460810e-01;5.346310e-02;5.663149e-02;8.701280e-02;1.415430e-01;7.676966e-02;1.400674e-01;9.706590e-02;8.741282e-02;3.847368e-02;3.117761e-02
3.454873e-02;1.284987e-01;4.999553e-02;4.232207e-02;1.496934e-01;1.516838e-01;5.435934e-02;1.377241e-01;7.273312e-02;9.461106e-02;5.112299e-02;3.270720e-02
2.079878e-02;1.274425e-01;4.430104e-02;3.680433e-02;1.813809e-01;1.343725e-01;4.334337e-02;1.655011e-01;8.133532e-02;9.072879e-02;4.353165e-02;3.045962e-02
1.558534e-02;1.394513e-01;2.344782e-02;3.040561e-02;1.850624e-01;7.756922e-02;3.708567e-02;1.967425e-01;8.626652e-02;8.826137e-02;9.223639e-02;2.788580e-02
1.773539e-02;1.429041e-01;2.915613e-02;3.871473e-02;1.517377e-01;7.429940e-02;5.050495e-02;1.536737e-01;5.985304e-02;1.200737e-01;1.444608e-01;1.688628e-02
2.860960e-02;1.349430e-01;3.076414e-02;5.577146e-02;1.396087e-01;1.311189e-01;6.042875e-02;8.169433e-02;7.252213e-02;1.163244e-01;1.030337e-01;4.518097e-02
3.943098e-02;1.105376e-01;5.667087e-02;5.306358e-02;1.403170e-01;1.350028e-01;4.293870e-02;9.008387e-02;8.290133e-02;8.490653e-02;8.924983e-02;7.489695e-02
4.450367e-02;7.666777e-02;5.838067e-02;3.478588e-02;1.812786e-01;8.101536e-02;6.149375e-02;1.313730e-01;5.509935e-02;8.537015e-02;1.056296e-01;8.440211e-02
2.854528e-02;6.765303e-02;5.436815e-02;3.592601e-02;2.075938e-01;1.102846e-01;8.806220e-02;1.127394e-01;6.202042e-02;7.751789e-02;7.298783e-02;8.230146e-02
2.293550e-02;9.398164e-02;7.203788e-02;4.688850e-02;1.587776e-01;1.104890e-01;7.295203e-02;1.134423e-01;6.430579e-02;6.677534e-02;8.115979e-02;9.625452e-02
5.612407e-02;1.345914e-01;9.678934e-02;5.029413e-02;1.027047e-01;1.013357e-01;5.609231e-02;8.591326e-02;7.214591e-02;6.521284e-02;9.010267e-02;8.869372e-02
6.837662e-02;1.642070e-01;1.163521e-01;5.907957e-02;9.177570e-02;8.873507e-02;6.252599e-02;5.748044e-02;7.206813e-02;4.535502e-02;9.662554e-02;7.741886e-02
4.674011e-02;1.756798e-01;1.356479e-01;5.979121e-02;8.833873e-02;8.485832e-02;5.807276e-02;5.113062e-02;6.956741e-02;5.211926e-02;1.091817e-01;6.887224e-02
3.577268e-02;1.582787e-01;1.595603e-01;6.384727e-02;8.414788e-02;8.155089e-02;4.841286e-02;6.377578e-02;6.877287e-02;5.788700e-02;1.295971e-01;4.839669e-02
5.982331e-02;1.167601e-01;2.099052e-01;4.854500e-02;5.876294e-02;5.287635e-02;6.470218e-02;8.426107e-02;8.884354e-02;3.214141e-02;1.372626e-01;4.611630e-02
4.599000e-02;7.054252e-02;2.328120e-01;6.015109e-02;4.621300e-02;1.041788e-01;6.132853e-02;6.446490e-02;8.328660e-02;2.820769e-02;1.488678e-01;5.395711e-02
2.792632e-02;8.235618e-02;2.077431e-01;4.954103e-02;4.802571e-02;1.507120e-01;5.798670e-02;7.418892e-02;5.682044e-02;3.930943e-02;1.532770e-01;5.211326e-02
2.778151e-02;2.181423e-01;1.171974e-01;4.007442e-02;5.050097e-02;1.198863e-01;4.874484e-02;1.019215e-01;3.980486e-02;8.809540e-02;1.007914e-01;4.705907e-02
1.699356e-02;2.754456e-01;3.799082e-02;3.639403e-02;9.513031e-02;7.059364e-02;2.541646e-02;1.120857e-01;5.223254e-02;1.622453e-01;7.409777e-02;4.137420e-02
1.423809e-02;2.425274e-01;2.422877e-02;3.259043e-02;1.277742e-01;5.054833e-02;1.293792e-02;9.287417e-02;7.377138e-02;2.287053e-01;3.215526e-02;6.764875e-02
1.213599e-02;1.670128e-01;3.319912e-02;3.889807e-02;1.251936e-01;6.227183e-02;1.578463e-02;8.534654e-02;1.081861e-01;2.332718e-01;4.646667e-02;7.223283e-02
1.642961e-02;1.086486e-01;5.406638e-02;4.751398e-02;9.657764e-02;9.279373e-02;4.375715e-02;1.018366e-01;1.451024e-01;1.837574e-01;4.580892e-02;6.370755e-02
3.033049e-02;8.955190e-02;5.565448e-02;4.453157e-02;8.720306e-02;8.941635e-02;5.704584e-02;1.476972e-01;1.711219e-01;1.534836e-01;3.484732e-02;3.911624e-02
1.560333e-02;1.122703e-01;5.097585e-02;2.654254e-02;1.333914e-01;6.107444e-02;5.462637e-02;1.216674e-01;1.723195e-01;1.492175e-01;5.274228e-02;4.956910e-02
1.206705e-02;1.131610e-01;5.665824e-02;3.230948e-02;1.351060e-01;1.085253e-01;2.640052e-02;9.644453e-02;1.787398e-01;1.325308e-01;7.631531e-02;3.174190e-02
1.132508e-02;8.961023e-02;4.769528e-02;4.566860e-02;1.052633e-01;1.303299e-01;4.740703e-02;1.256546e-01;1.993263e-01;8.539598e-02;7.919866e-02;3.312502e-02
2.272723e-02;6.766029e-02;4.872288e-02;6.938155e-02;9.578256e-02;1.320191e-01;5.562298e-02;1.470717e-01;2.272958e-01;5.435644e-02;5.075752e-02;2.860195e-02
3.210729e-02;6.244285e-02;4.537960e-02;9.996131e-02;1.016077e-01;1.136560e-01;9.316081e-02;1.252408e-01;1.987045e-01;6.980845e-02;2.567892e-02;3.225183e-02
3.057973e-02;7.761998e-02;5.330013e-02;1.005410e-01;7.044160e-02;5.138267e-02;9.242287e-02;2.214078e-01;1.725162e-01;6.550939e-02;2.619177e-02;3.808688e-02
2.601441e-02;8.855495e-02;5.967091e-02;9.966203e-02;6.472661e-02;4.485174e-02;5.747347e-02;2.672705e-01;1.652031e-01;6.872109e-02;3.009338e-02;2.775787e-02
2.179574e-02;9.096252e-02;8.656717e-02;7.004991e-02;6.389569e-02;4.268473e-02;2.390115e-02;2.682562e-01;1.836405e-01;7.260413e-02;4.461738e-02;3.102478e-02
1.944684e-02;5.462702e-02;1.104642e-01;3.643928e-02;3.530983e-02;4.677096e-02;1.878552e-02;3.162304e-01;2.142850e-01;7.273357e-02;4.250132e-02;3.240598e-02
1.088676e-02;3.760780e-02;1.289934e-01;3.758956e-02;3.829136e-02;6.260050e-02;1.489731e-02;3.726137e-01;1.686300e-01;5.173199e-02;4.058398e-02;3.557354e-02
1.556815e-02;5.230334e-02;1.607230e-01;2.704286e-02;4.335669e-02;5.014690e-02;2.514134e-02;4.141573e-01;9.568365e-02;4.208897e-02;3.514315e-02;3.864462e-02
1.856465e-02;6.943251e-02;1.584165e-01;2.528691e-02;4.484457e-02;5.812766e-02;3.022278e-02;3.907364e-01;9.105053e-02;5.602481e-02;1.767418e-02;3.961858e-02
1.985784e-02;6.400907e-02;1.359704e-01;2.912475e-02;4.608905e-02;4.332250e-02;1.999334e-02;3.955552e-01;1.442184e-01;5.351943e-02;1.496143e-02;3.337859e-02
2.186285e-02;4.552120e-02;1.458857e-01;1.543231e-02;4.497007e-02;7.285208e-02;2.378639e-02;3.846822e-01;1.221155e-01;5.349549e-02;3.781041e-02;3.158579e-02
1.503757e-02;7.866306e-02;1.394258e-01;3.554512e-02;4.474279e-02;6.420223e-02;8.843987e-02;3.488508e-01;4.928442e-02;5.369672e-02;5.680193e-02;2.530967e-02
9.715755e-03;1.063396e-01;8.012762e-02;2.751792e-02;4.084229e-02;9.013890e-02;1.598340e-01;2.944573e-01;6.961439e-02;4.890509e-02;5.630453e-02;1.620262e-02
9.785422e-03;1.260612e-01;6.211862e-02;2.331344e-02;4.106961e-02;1.162242e-01;2.063292e-01;2.377245e-01;6.353535e-02;4.024842e-02;6.103258e-02;1.255751e-02
1.819566e-02;1.462771e-01;7.085872e-02;4.925703e-02;3.225772e-02;1.090807e-01;2.332053e-01;1.417295e-01;7.956775e-02;3.692963e-02;6.589974e-02;1.674116e-02
3.075589e-02;1.170534e-01;9.851230e-02;1.091947e-01;2.581315e-02;1.197049e-01;1.859331e-01;1.280267e-01;7.751281e-02;4.460564e-02;4.137091e-02;2.151641e-02
5.046868e-02;6.233779e-02;1.008381e-01;1.948996e-01;2.417238e-02;1.365789e-01;1.246042e-01;1.397501e-01;5.037824e-02;6.002429e-02;2.392318e-02;3.202441e-02
7.066451e-02;6.417474e-02;8.221948e-02;2.339861e-01;2.634805e-02;1.469553e-01;8.971113e-02;1.044913e-01;3.806141e-02;8.239738e-02;2.525795e-02;3.573276e-02
1.040007e-01;4.733444e-02;6.357884e-02;2.179224e-01;3.468456e-02;1.625211e-01;6.554697e-02;9.736921e-02;4.173243e-02;1.014502e-01;1.667773e-02;4.718148e-02
1.106601e-01;2.523847e-02;4.638107e-02;1.974705e-01;4.025759e-02;1.796963e-01;3.931711e-02;1.122012e-01;4.467028e-02;1.248801e-01;1.679258e-02;6.243474e-02
8.049391e-02;4.747711e-02;3.970535e-02;1.954462e-01;3.298746e-02;1.807847e-01;4.299321e-02;7.855016e-02;4.232465e-02;1.460586e-01;2.404511e-02;8.913352e-02
8.204979e-02;3.532148e-02;4.259386e-02;1.871099e-01;2.865197e-02;1.871078e-01;5.354945e-02;5.919116e-02;4.934109e-02;1.560141e-01;3.066368e-02;8.840577e-02
8.055163e-02;3.498414e-02;3.118308e-02;2.008868e-01;2.762503e-02;2.002804e-01;4.488024e-02;8.484843e-02;4.818225e-02;1.608962e-01;2.506204e-02;6.061964e-02
1.006077e-01;2.734521e-02;2.323898e-02;2.167521e-01;2.967295e-02;1.935934e-01;3.301898e-02;9.763131e-02;3.424318e-02;1.619822e-01;2.396085e-02;5.795310e-02
