1.009854e-01;8.128490e-02;1.750167e-01;9.568128e-02;7.618285e-02;6.830772e-02;1.221012e-01;6.093841e-02;8.842604e-02;4.800821e-02;2.462477e-02;5.844253e-02
6.977967e-02;4.868772e-02;2.768167e-01;7.031845e-02;8.978027e-02;6.111774e-02;1.713483e-01;2.976161e-02;4.130379e-02;5.455363e-02;3.465757e-02;5.187453e-02
6.367072e-02;3.684701e-02;3.061568e-01;5.124847e-02;9.233218e-02;5.855431e-02;1.880108e-01;1.468622e-02;3.000234e-02;7.094791e-02;5.027955e-02;3.726367e-02
7.500972e-02;6.348866e-02;2.456096e-01;4.426818e-02;8.719271e-02;5.146788e-02;1.873618e-01;1.160458e-02;3.638694e-02;1.038828e-01;7.120351e-02;2.252369e-02
6.967197e-02;1.151749e-01;1.251880e-01;3.827527e-02;7.454887e-02;5.309959e-02;1.390520e-01;3.040061e-02;4.429123e-02;1.456902e-01;1.269282e-01;3.767915e-02
8.517624e-02;1.088890e-01;1.720230e-01;6.234027e-02;5.225223e-02;7.548852e-02;6.313817e-02;3.014920e-02;5.689052e-02;9.235416e-02;1.232389e-01;7.805978e-02
9.067509e-02;9.816543e-02;3.021323e-01;1.039163e-01;5.974489e-02;5.330282e-02;3.280354e-02;2.435313e-02;4.469685e-02;6.266848e-02;7.342737e-02;5.411369e-02
4.940422e-02;6.984741e-02;3.296321e-01;1.792919e-01;6.133731e-02;3.859561e-02;2.933527e-02;2.849823e-02;3.356475e-02;6.370790e-02;8.008252e-02;3.670277e-02
2.418397e-02;3.242550e-02;2.441264e-01;2.056970e-01;1.321524e-01;3.983908e-02;2.612976e-02;3.053010e-02;7.286320e-02;4.200998e-02;9.387308e-02;5.616951e-02
3.412423e-02;1.460621e-02;1.206855e-01;1.466871e-01;2.043916e-01;7.281955e-02;4.854903e-02;1.989361e-02;1.513838e-01;3.396386e-02;7.432255e-02;7.857299e-02
5.620338e-02;1.430732e-02;8.298119e-02;8.177617e-02;1.879847e-01;1.153141e-01;8.854621e-02;1.610633e-02;1.949778e-01;5.314414e-02;4.331066e-02;6.534796e-02
5.981588e-02;2.499489e-02;1.583237e-01;8.560757e-02;1.396116e-01;9.962106e-02;1.057990e-01;3.377796e-02;1.472031e-01;5.284221e-02;2.816734e-02;6.423562e-02
4.800051e-02;4.006663e-02;2.371409e-01;1.098397e-01;1.274119e-01;4.565127e-02;1.094646e-01;4.507776e-02;9.899938e-02;3.691354e-02;4.234111e-02;5.909263e-02
3.934351e-02;3.859332e-02;2.393538e-01;1.042558e-01;1.369471e-01;7.595085e-02;9.742326e-02;3.879456e-02;6.339644e-02;4.268557e-02;6.444283e-02;5.881293e-02
4.087782e-02;3.312202e-02;2.045738e-01;1.128976e-01;1.062990e-01;1.153377e-01;9.190626e-02;3.552591e-02;8.483106e-02;7.732863e-02;5.817011e-02;3.913010e-02
5.867117e-02;4.356696e-02;2.276312e-01;9.891450e-02;9.279098e-02;1.070807e-01;4.759589e-02;3.670077e-02;5.586917e-02;1.004956e-01;4.386118e-02;8.682191e-02
1.164320e-01;3.870131e-02;1.645139e-01;5.255834e-02;7.607057e-02;1.007151e-01;1.484189e-01;3.531874e-02;6.020113e-02;7.275886e-02;5.662087e-02;7.769033e-02
1.398925e-01;4.670143e-02;9.458388e-02;4.388806e-02;6.203052e-02;1.405330e-01;2.460259e-01;3.034422e-02;4.046525e-02;7.711553e-02;3.699150e-02;4.142823e-02
1.107375e-01;6.143782e-02;5.075639e-02;4.890951e-02;5.289683e-02;1.581097e-01;3.015558e-01;3.360438e-02;2.783349e-02;9.884997e-02;2.723580e-02;2.807280e-02
2.196055e-01;4.500491e-02;3.050947e-02;5.041733e-02;3.275787e-02;1.623449e-01;2.185435e-01;5.492542e-02;2.477595e-02;1.256851e-01;1.370417e-02;2.172583e-02
3.023110e-01;1.927683e-02;2.091580e-02;3.322006e-02;3.761682e-02;2.019833e-01;1.348347e-01;7.090034e-02;1.936962e-02;1.145951e-01;4.913948e-03;4.006255e-02
2.489686e-01;1.072822e-02;1.641381e-02;3.153799e-02;5.636631e-02;2.200196e-01;1.509943e-01;7.096401e-02;4.445085e-02;8.500057e-02;4.675594e-03;5.988019e-02
1.436139e-01;1.294546e-02;5.387017e-02;3.726548e-02;7.079504e-02;1.947462e-01;1.965484e-01;6.622059e-02;8.538868e-02;7.131326e-02;1.035571e-02;5.693709e-02
6.180397e-02;1.182202e-02;1.316273e-01;6.417256e-02;9.318279e-02;1.136790e-01;2.156809e-01;7.925403e-02;9.768160e-02;6.142027e-02;2.645736e-02;4.321818e-02
8.778089e-02;2.286316e-02;1.680066e-01;1.036586e-01;1.268151e-01;1.335558e-01;1.393171e-01;8.128878e-02;4.718009e-02;3.372332e-02;2.996178e-02;2.584877e-02
8.411376e-02;1.748506e-02;1.376778e-01;9.295753e-02;1.697097e-01;1.732891e-01;1.210846e-01;7.788429e-02;2.127045e-02;3.377200e-02;3.546350e-02;3.529220e-02
4.377062e-02;1.469513e-02;6.614060e-02;4.205706e-02;1.566663e-01;2.538021e-01;1.799973e-01;6.243579e-02;3.202206e-02;8.500090e-02;2.841352e-02;3.499871e-02
5.173666e-02;1.458441e-02;3.232002e-02;2.187568e-02;9.242232e-02;3.181776e-01;1.847975e-01;4.881958e-02;3.636874e-02;1.624263e-01;1.768039e-02;1.879079e-02
5.781149e-02;1.084217e-02;3.720180e-02;1.465378e-02;7.707004e-02;2.575274e-01;1.307092e-01;3.264426e-02;7.782572e-02;2.597879e-01;9.264315e-03;3.466184e-02
3.894173e-02;1.277326e-02;5.528416e-02;1.389200e-02;1.335741e-01;1.003181e-01;9.370239e-02;1.857645e-02;1.670138e-01;2.427507e-01;2.171894e-02;1.014543e-01
1.628189e-02;5.437091e-02;5.260820e-02;5.065196e-02;1.437632e-01;4.555750e-02;9.264938e-02;3.635690e-02;1.695883e-01;1.241954e-01;6.828006e-02;1.456963e-01
4.076711e-02;9.166554e-02;6.473239e-02;9.957221e-02;7.309450e-02;8.716793e-02;6.380031e-02;6.371417e-02;8.732475e-02;5.643804e-02;1.655842e-01;1.061389e-01
1.114566e-01;7.391544e-02;1.351061e-01;9.406580e-02;3.700673e-02;8.730838e-02;4.767279e-02;4.963064e-02;4.273332e-02;7.712958e-02;1.840290e-01;5.994559e-02
1.668835e-01;4.329178e-02;1.976267e-01;5.502373e-02;4.760064e-02;5.704505e-02;8.000869e-02;2.858043e-02;4.266505e-02;1.184323e-01;1.089862e-01;5.385594e-02
1.540482e-01;3.640120e-02;2.098644e-01;4.280660e-02;5.646094e-02;5.794689e-02;9.911630e-02;4.145798e-02;4.210846e-02;1.530466e-01;4.489811e-02;6.184429e-02
6.053734e-02;6.779026e-02;1.887774e-01;6.461710e-02;4.421912e-02;7.780056e-02;9.791947e-02;4.975596e-02;3.738768e-02;1.849036e-01;5.721769e-02;6.907389e-02
9.474559e-02;9.330215e-02;1.485510e-01;7.349975e-02;4.284858e-02;6.430905e-02;8.667173e-02;4.119330e-02;5.718090e-02;1.183892e-01;7.791494e-02;1.013938e-01
1.116367e-01;9.002751e-02;1.162546e-01;6.871647e-02;5.442464e-02;6.969327e-02;8.459641e-02;5.809527e-02;9.794677e-02;5.602597e-02;8.791105e-02;1.046712e-01
9.999496e-02;8.730976e-02;7.390750e-02;6.203064e-02;6.540941e-02;9.626798e-02;7.221969e-02;7.111504e-02;1.012438e-01;1.242938e-01;8.779106e-02;5.841634e-02
8.464213e-02;4.941170e-02;1.009287e-01;6.277569e-02;7.297301e-02;1.002306e-01;1.148892e-01;5.156456e-02;8.995615e-02;1.201180e-01;1.156092e-01;3.690103e-02
5.752980e-02;4.480767e-02;9.463803e-02;5.466250e-02;1.199712e-01;8.887387e-02;1.373938e-01;3.812903e-02;8.591030e-02;4.446445e-02;1.034255e-01;1.301939e-01
3.142315e-02;3.376081e-02;9.689990e-02;7.696056e-02;1.211923e-01;6.744283e-02;9.229305e-02;6.270664e-02;8.816239e-02;3.661364e-02;1.346762e-01;1.578685e-01
4.220460e-02;4.228532e-02;1.171862e-01;9.016638e-02;9.149448e-02;6.342933e-02;5.597186e-02;7.981099e-02;6.754592e-02;5.736562e-02;1.645891e-01;1.279502e-01
5.973002e-02;4.600449e-02;1.722555e-01;8.739547e-02;6.505597e-02;7.202777e-02;7.425565e-02;7.872259e-02;4.486629e-02;6.290577e-02;1.470084e-01;8.977208e-02
5.318545e-02;3.998250e-02;2.364720e-01;1.003838e-01;5.526582e-02;5.508948e-02;9.905762e-02;4.905623e-02;5.183700e-02;1.155055e-01;1.088657e-01;3.529893e-02
5.612176e-02;3.515358e-02;2.710441e-01;9.394360e-02;4.466963e-02;4.134571e-02;9.772092e-02;4.575438e-02;3.350515e-02;1.435499e-01;1.258146e-01;1.137665e-02
5.852541e-02;1.808843e-02;2.995432e-01;4.438486e-02;4.747265e-02;3.016227e-02;1.050822e-01;3.010569e-02;3.520067e-02;2.564317e-01;6.447472e-02;1.052822e-02
4.308869e-02;8.994258e-02;2.543299e-01;2.144063e-02;3.309913e-02;4.738229e-02;6.775040e-02;3.474686e-02;1.120183e-01;2.622332e-01;1.662791e-02;1.734012e-02
7.006880e-02;1.389016e-01;1.753850e-01;2.163730e-02;2.122479e-02;6.433533e-02;3.897914e-02;5.767891e-02;2.048271e-01;1.509386e-01;3.960039e-02;1.642296e-02
1.194986e-01;1.284020e-01;1.233652e-01;1.691538e-02;2.118959e-02;5.621470e-02;4.404746e-02;8.467957e-02;2.224951e-01;6.993497e-02;8.932886e-02;2.392863e-02
1.260328e-01;9.289324e-02;1.393167e-01;2.581668e-02;2.320597e-02;3.943395e-02;6.649853e-02;9.581008e-02;1.561443e-01;8.517617e-02;1.143706e-01;3.530104e-02
9.625319e-02;1.546919e-01;1.768961e-01;3.019214e-02;2.329385e-02;4.570453e-02;5.383213e-02;1.124893e-01;5.661196e-02;1.171732e-01;8.362206e-02;4.923965e-02
8.029928e-02;1.893580e-01;1.754353e-01;2.112956e-02;3.427205e-02;4.225410e-02;5.640012e-02;1.271291e-01;4.298782e-02;1.361583e-01;5.852399e-02;3.605238e-02
7.579483e-02;1.789659e-01;2.127869e-01;2.782203e-02;3.327683e-02;3.256427e-02;6.838548e-02;8.571273e-02;7.388612e-02;1.214244e-01;4.364436e-02;4.573620e-02
1.171570e-01;1.413813e-01;2.125050e-01;3.208614e-02;3.386869e-02;4.607024e-02;5.855421e-02;5.758177e-02;6.432166e-02;1.142419e-01;6.108877e-02;6.114336e-02
1.680505e-01;6.494752e-02;2.042829e-01;4.427182e-02;5.362738e-02;4.633182e-02;6.972035e-02;4.780513e-02;6.508288e-02;7.692364e-02;6.365872e-02;9.529734e-02
1.777500e-01;5.238679e-02;2.773484e-01;4.685823e-02;5.556351e-02;2.992630e-02;8.789612e-02;2.064228e-02;4.704008e-02;1.126969e-01;2.730273e-02;6.458869e-02
2.191005e-01;3.878371e-02;2.965592e-01;5.136560e-02;5.062257e-02;1.395438e-02;1.013162e-01;2.105078e-02;2.777213e-02;1.306089e-01;2.569010e-02;2.317588e-02
2.463761e-01;2.470015e-02;3.096529e-01;5.704959e-02;5.160239e-02;1.008210e-02;1.033192e-01;1.839225e-02;1.572367e-02;1.266180e-01;2.790369e-02;8.579926e-03
1.921255e-01;4.833921e-02;3.039313e-01;5.082908e-02;5.249191e-02;2.961637e-02;8.332364e-02;1.904505e-02;2.727005e-02;1.186367e-01;2.498586e-02;4.940544e-02
9.482617e-02;1.436823e-01;2.255496e-01;5.294344e-02;3.740736e-02;8.483440e-02;5.329627e-02;3.310697e-02;5.830650e-02;8.048677e-02;1.572286e-02;1.198374e-01
9.459753e-02;2.056816e-01;1.319992e-01;6.626754e-02;4.083602e-02;9.710407e-02;7.880897e-02;3.041968e-02;6.894401e-02;3.976995e-02;2.650335e-02;1.190681e-01
1.317545e-01;1.712256e-01;1.574328e-01;6.168667e-02;7.895074e-02;5.357812e-02;1.113899e-01;3.457366e-02;4.556170e-02;4.020176e-02;4.634858e-02;6.729595e-02
1.278049e-01;1.251550e-01;1.992390e-01;4.869124e-02;1.029785e-01;4.853861e-02;1.228112e-01;4.424614e-02;3.535113e-02;4.613556e-02;6.329536e-02;3.575339e-02
1.103015e-01;1.680081e-01;2.008637e-01;7.642413e-02;4.882134e-02;6.063101e-02;1.090184e-01;4.150274e-02;2.957833e-02;5.630356e-02;4.813094e-02;5.041631e-02
1.271887e-01;2.097409e-01;2.352433e-01;9.117360e-02;2.700218e-02;3.503401e-02;7.154167e-02;4.100712e-02;3.128070e-02;7.365343e-02;1.970394e-02;3.743055e-02
1.126380e-01;1.904097e-01;2.392589e-01;8.244280e-02;3.447730e-02;3.251289e-02;6.023971e-02;3.966471e-02;4.186787e-02;9.848099e-02;1.773738e-02;5.026981e-02
1.603225e-01;1.054411e-01;2.085152e-01;6.545395e-02;4.920000e-02;6.314108e-02;6.195045e-02;3.399393e-02;4.447015e-02;1.156567e-01;2.795986e-02;6.389507e-02
9.548374e-02;6.729906e-02;1.330511e-01;9.391223e-02;1.378933e-01;1.099482e-01;6.987786e-02;2.444790e-02;6.599391e-02;7.541563e-02;7.147834e-02;5.519874e-02
5.039964e-02;7.027262e-02;1.618224e-01;9.551597e-02;1.500410e-01;1.064996e-01;6.602513e-02;3.492379e-02;7.844542e-02;5.162821e-02;7.764192e-02;5.678426e-02
6.686237e-02;1.553692e-01;2.097633e-01;6.176304e-02;8.417358e-02;6.936792e-02;4.701021e-02;4.593712e-02;9.210995e-02;3.378984e-02;5.037270e-02;8.348083e-02
5.299691e-02;1.898491e-01;1.911694e-01;6.150898e-02;3.950049e-02;6.075559e-02;2.937890e-02;4.387331e-02;1.191204e-01;2.966564e-02;1.051679e-01;7.701343e-02
6.530981e-02;1.482875e-01;1.185855e-01;5.401581e-02;4.032607e-02;3.907163e-02;4.040388e-02;7.879383e-02;1.410203e-01;2.984033e-02;2.009357e-01;4.340963e-02
1.137991e-01;6.109165e-02;5.802866e-02;3.462360e-02;7.367417e-02;2.103374e-02;7.565660e-02;1.766748e-01;1.200514e-01;5.254921e-02;1.924571e-01;2.036006e-02
1.129205e-01;3.317346e-02;4.444054e-02;4.994896e-02;6.939695e-02;5.175385e-02;1.403170e-01;2.021808e-01;7.826706e-02;9.156721e-02;9.042460e-02;3.560903e-02
7.434458e-02;2.933580e-02;3.639986e-02;9.447296e-02;3.544490e-02;8.128437e-02;2.594333e-01;1.130773e-01;4.467791e-02;1.319485e-01;3.514961e-02;6.443098e-02
6.186054e-02;3.373909e-02;4.274059e-02;1.079523e-01;1.610960e-02;6.461281e-02;3.078630e-01;7.158108e-02;4.700317e-02;1.097142e-01;4.475165e-02;9.207189e-02
6.771845e-02;3.194024e-02;8.887638e-02;7.717321e-02;2.516222e-02;9.359136e-02;2.136502e-01;9.692881e-02;7.384455e-02;5.657626e-02;8.254201e-02;9.199636e-02
5.983666e-02;3.717783e-02;1.135589e-01;2.442680e-02;4.051781e-02;1.966869e-01;1.311698e-01;8.658493e-02;8.011750e-02;4.919090e-02;1.272329e-01;5.349902e-02
3.121297e-02;5.513944e-02;6.755222e-02;3.996326e-02;7.671221e-02;1.968151e-01;1.231765e-01;9.056247e-02;8.744407e-02;9.349772e-02;9.819788e-02;3.972620e-02
2.779981e-02;4.500968e-02;5.842679e-02;6.015068e-02;7.334421e-02;1.455600e-01;1.702559e-01;9.379756e-02;1.288028e-01;1.011949e-01;5.982396e-02;3.583374e-02
1.793292e-02;3.062267e-02;8.201905e-02;5.802885e-02;3.996462e-02;1.262697e-01;1.904628e-01;1.426865e-01;1.226920e-01;7.818207e-02;7.346951e-02;3.766932e-02
2.338112e-02;5.243557e-02;6.889799e-02;3.330841e-02;5.710079e-02;1.049890e-01;2.594387e-01;1.288038e-01;9.016853e-02;5.755009e-02;1.001339e-01;2.379210e-02
3.834675e-02;7.533138e-02;4.003381e-02;1.577402e-02;3.971627e-02;9.452376e-02;3.006817e-01;7.331128e-02;1.145315e-01;6.074407e-02;1.332851e-01;1.372043e-02
6.058820e-02;5.906603e-02;4.395767e-02;1.569435e-02;3.658116e-02;1.105739e-01;2.247134e-01;9.033736e-02;1.357766e-01;6.970987e-02;1.365526e-01;1.644882e-02
5.911795e-02;5.472139e-02;6.721123e-02;3.577883e-02;5.189655e-02;9.491551e-02;1.465071e-01;1.179684e-01;1.272889e-01;7.693098e-02;1.236182e-01;4.404497e-02
4.763824e-02;6.099835e-02;9.430169e-02;3.278870e-02;4.021884e-02;4.053874e-02;2.132854e-01;6.780636e-02;1.183691e-01;9.959327e-02;1.306387e-01;5.382260e-02
4.969748e-02;5.999961e-02;8.827484e-02;2.587629e-02;2.800149e-02;6.344131e-02;2.074635e-01;1.477809e-01;8.462923e-02;1.014881e-01;1.064686e-01;3.687865e-02
3.904732e-02;6.067399e-02;7.556829e-02;4.574083e-02;3.493486e-02;9.363098e-02;1.573273e-01;1.928521e-01;6.413271e-02;1.041544e-01;8.428572e-02;4.765147e-02
4.758747e-02;4.626579e-02;8.532203e-02;4.256392e-02;4.712651e-02;8.693455e-02;1.918710e-01;1.659598e-01;5.987916e-02;1.117087e-01;6.464414e-02;5.013688e-02
7.345658e-02;4.281796e-02;7.283635e-02;2.570901e-02;5.411633e-02;8.667576e-02;1.533262e-01;1.506721e-01;8.562244e-02;1.087091e-01;9.392526e-02;5.213287e-02
6.477516e-02;6.105009e-02;4.559459e-02;3.035966e-02;3.604459e-02;1.192626e-01;1.782562e-01;1.088669e-01;8.641865e-02;9.834994e-02;1.358539e-01;3.516775e-02
3.399463e-02;5.886071e-02;5.541916e-02;5.278305e-02;3.613910e-02;8.055012e-02;2.111592e-01;1.212875e-01;9.202024e-02;8.050694e-02;1.367597e-01;4.051965e-02
4.996841e-02;3.998723e-02;8.901660e-02;4.542668e-02;5.050763e-02;8.239995e-02;1.853980e-01;1.323118e-01;8.750135e-02;5.595748e-02;1.404868e-01;4.103808e-02
1.009883e-01;9.250294e-02;8.887783e-02;4.074657e-02;5.172408e-02;6.795488e-02;9.527642e-02;9.443024e-02;9.984264e-02;7.945961e-02;1.099320e-01;7.826458e-02
1.188683e-01;7.899542e-02;7.531603e-02;3.200990e-02;4.378782e-02;6.537058e-02;1.671669e-01;6.476877e-02;8.845164e-02;7.184707e-02;9.970208e-02;9.371539e-02
1.501503e-01;5.608713e-02;5.774309e-02;2.315786e-02;3.879039e-02;6.968210e-02;2.892610e-01;4.487666e-02;5.776525e-02;3.767494e-02;7.733290e-02;9.747845e-02
1.434615e-01;6.327044e-02;3.917030e-02;1.592224e-02;3.470400e-02;6.317450e-02;4.316644e-01;6.291872e-02;2.713318e-02;1.127869e-02;4.879440e-02;5.850762e-02
9.389897e-02;9.514591e-02;3.759988e-02;1.397923e-02;2.501035e-02;9.298376e-02;4.991220e-01;6.024062e-02;1.993456e-02;1.548973e-02;3.116007e-02;1.543494e-02
6.366301e-02;9.149235e-02;2.392654e-02;2.262560e-02;2.238948e-02;2.389999e-01;4.356261e-01;3.179841e-02;1.153140e-02;3.589331e-02;1.374965e-02;8.304212e-03
7.333896e-02;4.006389e-02;1.451588e-02;2.133561e-02;3.813077e-02;4.515684e-01;2.701720e-01;2.546294e-02;7.870177e-03;4.666796e-02;5.056180e-03;5.817226e-03
6.996671e-02;1.289848e-02;2.653540e-02;1.302927e-02;4.994106e-02;5.233414e-01;1.913253e-01;2.947261e-02;2.362070e-02;3.887880e-02;7.992315e-03;1.299803e-02
6.028807e-02;1.717703e-02;6.044372e-02;1.292028e-02;9.947798e-02;3.719913e-01;1.391921e-01;2.614461e-02;6.616069e-02;9.430197e-02;9.335629e-03;4.256655e-02
3.203364e-02;2.624295e-02;8.049797e-02;3.712456e-02;1.632950e-01;1.357104e-01;8.820165e-02;2.201495e-02;1.223285e-01;1.307243e-01;2.785076e-02;1.339755e-01
2.411180e-02;6.007493e-02;9.480543e-02;7.657351e-02;1.336640e-01;6.086592e-02;9.250070e-02;3.238513e-02;1.077862e-01;8.497158e-02;4.348753e-02;1.887733e-01
2.641209e-02;1.109512e-01;1.418288e-01;1.165915e-01;8.182193e-02;6.609041e-02;8.495124e-02;6.077516e-02;6.011064e-02;4.563991e-02;4.848394e-02;1.563432e-01
4.913400e-02;1.144656e-01;2.343077e-01;1.347600e-01;4.929567e-02;6.329924e-02;7.333374e-02;8.325421e-02;4.096526e-02;3.100793e-02;5.053004e-02;7.564652e-02
7.569487e-02;6.934592e-02;3.531978e-01;1.056449e-01;4.440447e-02;7.314067e-02;7.495008e-02;5.610431e-02;4.115214e-02;3.972998e-02;3.766390e-02;2.897102e-02
8.311852e-02;1.146503e-01;3.574650e-01;7.218924e-02;5.823752e-02;9.175806e-02;6.061003e-02;3.589073e-02;3.234434e-02;4.376651e-02;1.561895e-02;3.435084e-02
1.107102e-01;1.754259e-01;2.480856e-01;6.167204e-02;5.319659e-02;1.021800e-01;5.607573e-02;4.013504e-02;3.569915e-02;3.201447e-02;2.783923e-02;5.696607e-02
1.176912e-01;1.401501e-01;1.896239e-01;7.187274e-02;5.926679e-02;7.688408e-02;5.128437e-02;5.460308e-02;4.795743e-02;5.374347e-02;4.264323e-02;9.427965e-02
6.245753e-02;6.997108e-02;2.401287e-01;8.564842e-02;7.585669e-02;7.738262e-02;5.596794e-02;6.614267e-02;5.442088e-02;6.756715e-02;4.183380e-02;1.026226e-01
6.137284e-02;1.054042e-01;1.954515e-01;6.207594e-02;7.266597e-02;6.408640e-02;7.773797e-02;7.890084e-02;5.740602e-02;6.135332e-02;5.656313e-02;1.069819e-01
6.618905e-02;9.076174e-02;1.457489e-01;4.630084e-02;6.133267e-02;7.178434e-02;8.995846e-02;8.458278e-02;9.260733e-02;8.689880e-02;7.926866e-02;8.456643e-02
6.297597e-02;1.117421e-01;2.265823e-01;4.382473e-02;3.166674e-02;5.296927e-02;5.335794e-02;7.201906e-02;1.053980e-01;8.864925e-02;7.782751e-02;7.298718e-02
3.431420e-02;9.459794e-02;3.234989e-01;4.024709e-02;2.562197e-02;3.372962e-02;4.076921e-02;4.881325e-02;8.187274e-02;1.373689e-01;5.885782e-02;8.030830e-02
5.925275e-02;1.015675e-01;3.217078e-01;3.808313e-02;2.592686e-02;3.254749e-02;4.281621e-02;3.647545e-02;1.009990e-01;1.515269e-01;3.184377e-02;5.725322e-02
9.703597e-02;1.131565e-01;2.399802e-01;3.051462e-02;2.135096e-02;4.892120e-02;3.940659e-02;4.488295e-02;1.750246e-01;9.788017e-02;3.432571e-02;5.752067e-02
1.071386e-01;8.597676e-02;1.773900e-01;3.357312e-02;1.959381e-02;5.122633e-02;5.293813e-02;7.499077e-02;2.028215e-01;8.032959e-02;5.664231e-02;5.737914e-02
6.720221e-02;8.513893e-02;2.127688e-01;4.907934e-02;3.290942e-02;3.716344e-02;6.113979e-02;9.705386e-02;1.437992e-01;1.042004e-01;6.361680e-02;4.592783e-02
6.729939e-02;1.738969e-01;2.479075e-01;4.230526e-02;5.305693e-02;5.156512e-02;5.287818e-02;8.138658e-02;7.036360e-02;7.942879e-02;4.375517e-02;3.615655e-02
7.065034e-02;2.143573e-01;1.947915e-01;3.673343e-02;3.003747e-02;5.872572e-02;8.308547e-02;7.381482e-02;8.031452e-02;7.589503e-02;3.821521e-02;4.337912e-02
9.775928e-02;1.356434e-01;1.697148e-01;5.548732e-02;3.395941e-02;2.451515e-02;6.343669e-02;5.159099e-02;8.202396e-02;7.298551e-02;1.121434e-01;1.007401e-01
9.180441e-02;6.386649e-02;1.820016e-01;5.560079e-02;3.599005e-02;3.877834e-02;6.017341e-02;4.882851e-02;8.777504e-02;5.679902e-02;1.633351e-01;1.150472e-01
9.323747e-02;3.783824e-02;1.550033e-01;3.963857e-02;3.250859e-02;3.549594e-02;8.592693e-02;4.326874e-02;1.000108e-01;6.981643e-02;2.249386e-01;8.231642e-02
8.677252e-02;4.165785e-02;9.649935e-02;2.856933e-02;2.210068e-02;3.888362e-02;1.391564e-01;4.310784e-02;7.531467e-02;7.407256e-02;2.673751e-01;8.649004e-02
1.148346e-01;3.815816e-02;6.844889e-02;4.430512e-02;2.372697e-02;5.743460e-02;1.511518e-01;9.157749e-02;3.960043e-02;5.585052e-02;1.728271e-01;1.420843e-01
1.532430e-01;3.119259e-02;6.029509e-02;7.850271e-02;2.539575e-02;5.435800e-02;1.285414e-01;1.111163e-01;4.779425e-02;7.805689e-02;9.327965e-02;1.382244e-01
1.172936e-01;5.030449e-02;4.458120e-02;9.831486e-02;3.983589e-02;4.874687e-02;1.467359e-01;8.832022e-02;5.559574e-02;9.005173e-02;7.091024e-02;1.493093e-01
5.706584e-02;4.226427e-02;7.044803e-02;6.633520e-02;6.116623e-02;8.445560e-02;1.272387e-01;5.953039e-02;1.091479e-01;6.252266e-02;1.436423e-01;1.161828e-01
4.572723e-02;2.470917e-02;9.016084e-02;3.259129e-02;5.290085e-02;1.623253e-01;7.492644e-02;5.356972e-02;1.103648e-01;7.131329e-02;2.303385e-01;5.107253e-02
4.793992e-02;3.715838e-02;4.842877e-02;3.482576e-02;3.254471e-02;1.738570e-01;6.364254e-02;8.521220e-02;6.898572e-02;1.168744e-01;2.557110e-01;3.481961e-02
5.527920e-02;6.916254e-02;4.246153e-02;4.602763e-02;5.227624e-02;1.016946e-01;8.259261e-02;1.041450e-01;5.281384e-02;1.380540e-01;1.872337e-01;6.825908e-02
5.280299e-02;5.528717e-02;1.168884e-01;7.763764e-02;6.419042e-02;5.833741e-02;9.372627e-02;8.846602e-02;4.404889e-02;1.002367e-01;1.271569e-01;1.212213e-01
1.213569e-01;8.869354e-02;1.189151e-01;1.059417e-01;8.058278e-02;4.462913e-02;7.361184e-02;4.221169e-02;7.932314e-02;1.156398e-01;6.904229e-02;6.005213e-02
1.262128e-01;1.263038e-01;8.042609e-02;9.455918e-02;1.405909e-01;3.755431e-02;4.983208e-02;3.248133e-02;8.609549e-02;1.395510e-01;5.645613e-02;2.993703e-02
7.938708e-02;1.690019e-01;4.244214e-02;6.486882e-02;2.167888e-01;3.349316e-02;2.877225e-02;3.420506e-02;7.077660e-02;1.820253e-01;4.755167e-02;3.068729e-02
2.515842e-02;1.488849e-01;2.334292e-02;4.156859e-02;2.744563e-01;4.747679e-02;2.036932e-02;3.216414e-02;6.210880e-02;2.292778e-01;5.441596e-02;4.077604e-02
2.168690e-02;9.302245e-02;2.785006e-02;3.852998e-02;2.887824e-01;4.986607e-02;3.382688e-02;6.467348e-02;5.768853e-02;2.161641e-01;6.892184e-02;3.898726e-02
2.749162e-02;1.113333e-01;4.308797e-02;6.565338e-02;2.237106e-01;1.982301e-02;5.180518e-02;1.158140e-01;6.960951e-02;1.516953e-01;8.537289e-02;3.460327e-02
4.313670e-02;1.178320e-01;8.412928e-02;9.196699e-02;1.280975e-01;3.516369e-02;8.444501e-02;9.682853e-02;7.274723e-02;1.269684e-01;8.502735e-02;3.365737e-02
3.844167e-02;8.677989e-02;9.508277e-02;1.024756e-01;1.041199e-01;4.610747e-02;1.045027e-01;5.414801e-02;7.309092e-02;1.756177e-01;8.398478e-02;3.564867e-02
5.077496e-02;3.685527e-02;9.468360e-02;6.275321e-02;1.367207e-01;4.713623e-02;8.364507e-02;5.240282e-02;8.457788e-02;2.121939e-01;8.161905e-02;5.663731e-02
7.147493e-02;7.631855e-02;5.916532e-02;3.687592e-02;1.511840e-01;4.377844e-02;6.500713e-02;4.306343e-02;7.359693e-02;2.095251e-01;9.854437e-02;7.146586e-02
5.493052e-02;8.843459e-02;6.334069e-02;3.021273e-02;1.331364e-01;4.909210e-02;6.649342e-02;4.296008e-02;7.655607e-02;2.363678e-01;1.111920e-01;4.728364e-02
6.672214e-02;9.216268e-02;6.537151e-02;5.697751e-02;1.319690e-01;3.648115e-02;7.734658e-02;2.605159e-02;7.920207e-02;2.433394e-01;8.679170e-02;3.758466e-02
9.432480e-02;9.258972e-02;7.815781e-02;6.227279e-02;1.227360e-01;7.033108e-02;6.391875e-02;5.379665e-02;7.718375e-02;1.866356e-01;4.126158e-02;5.679150e-02
1.692265e-01;5.731356e-02;6.297226e-02;5.930496e-02;8.970643e-02;8.716711e-02;6.332923e-02;1.073066e-01;6.195667e-02;1.381987e-01;3.794843e-02;6.556959e-02
1.436384e-01;7.755881e-02;7.233123e-02;7.004969e-02;1.120431e-01;5.633422e-02;9.572103e-02;8.484909e-02;7.088239e-02;7.196292e-02;5.551395e-02;8.911508e-02
5.639200e-02;4.734024e-02;8.801526e-02;5.815628e-02;1.435858e-01;5.137718e-02;1.124298e-01;3.248525e-02;8.902942e-02;5.124500e-02;7.381053e-02;1.961333e-01
3.601350e-02;2.372556e-02;9.863415e-02;4.837844e-02;1.781882e-01;4.820661e-02;1.238246e-01;1.598366e-02;1.330418e-01;3.157113e-02;5.303477e-02;2.093976e-01
5.783167e-02;1.958555e-02;1.126667e-01;3.752152e-02;1.893231e-01;4.300458e-02;1.446917e-01;1.366548e-02;1.416297e-01;1.726587e-02;2.485150e-02;1.979627e-01
5.835948e-02;1.765483e-02;1.155499e-01;2.726920e-02;2.003669e-01;3.504302e-02;1.660893e-01;1.462211e-02;1.177437e-01;1.626694e-02;1.328262e-02;2.177521e-01
3.998835e-02;5.742183e-02;8.010706e-02;5.217221e-02;2.212378e-01;2.694262e-02;1.586433e-01;1.821530e-02;7.021367e-02;4.605304e-02;1.152318e-02;2.174816e-01
1.300078e-02;2.120283e-01;4.497390e-02;1.195213e-01;1.907264e-01;2.235189e-02;7.126978e-02;4.153723e-02;1.806448e-02;1.141779e-01;2.738442e-02;1.249635e-01
3.772537e-03;3.157406e-01;6.003094e-02;1.487658e-01;1.524382e-01;1.765542e-02;1.663213e-02;4.758177e-02;1.203896e-02;1.549255e-01;2.941228e-02;4.100588e-02
3.806059e-03;3.314858e-01;4.452973e-02;1.749113e-01;1.274787e-01;1.739864e-02;1.201077e-02;6.283074e-02;8.389157e-03;1.641527e-01;3.394945e-02;1.905688e-02
7.385748e-03;2.693147e-01;4.210780e-02;2.286955e-01;9.301425e-02;4.371242e-02;1.278178e-02;1.102108e-01;6.662836e-03;1.222412e-01;5.208661e-02;1.178635e-02
6.787590e-03;1.556131e-01;6.225871e-02;3.235311e-01;5.893527e-02;8.927926e-02;8.433352e-03;1.272944e-01;9.360391e-03;6.091647e-02;8.396682e-02;1.362351e-02
7.430781e-03;6.230753e-02;9.271584e-02;3.911951e-01;4.993438e-02;1.190754e-01;1.170396e-02;9.177210e-02;1.391248e-02;3.598190e-02;1.111217e-01;1.284877e-02
1.927044e-02;2.356219e-02;1.546704e-01;3.511880e-01;6.085290e-02;1.046659e-01;2.123181e-02;5.126648e-02;3.700557e-02;4.766842e-02;1.197902e-01;8.827589e-03
4.061655e-02;3.276862e-02;2.653881e-01;2.343006e-01;5.390025e-02;5.871591e-02;3.270619e-02;4.245223e-02;5.763379e-02;7.118646e-02;1.018462e-01;8.485004e-03
4.418167e-02;6.082807e-02;3.278660e-01;1.700410e-01;4.253272e-02;2.612635e-02;3.889223e-02;3.382116e-02;5.591396e-02;1.098702e-01;7.301042e-02;1.691622e-02
4.429068e-02;7.336809e-02;3.300399e-01;1.682613e-01;5.717124e-02;1.934585e-02;3.013303e-02;4.564939e-02;6.742570e-02;1.150648e-01;2.014126e-02;2.910878e-02
5.227563e-02;4.140506e-02;3.090938e-01;1.605722e-01;6.701259e-02;2.280736e-02;3.293553e-02;6.146381e-02;9.010375e-02;8.428004e-02;4.630434e-02;3.174588e-02
5.911610e-02;4.321175e-02;3.142680e-01;1.220192e-01;6.091242e-02;2.355162e-02;3.517050e-02;7.924690e-02;8.320805e-02;8.634126e-02;5.622022e-02;3.673391e-02
3.773362e-02;7.087005e-02;3.499921e-01;9.318035e-02;6.364762e-02;3.815221e-02;3.883753e-02;8.294715e-02;4.984180e-02;8.234969e-02;5.500799e-02;3.743988e-02
3.435851e-02;6.972902e-02;2.932824e-01;1.306572e-01;6.435159e-02;5.184280e-02;4.084984e-02;7.585014e-02;3.129994e-02;8.180568e-02;9.126987e-02;3.470301e-02
2.823739e-02;7.591923e-02;1.209585e-01;1.555936e-01;6.413095e-02;8.486973e-02;4.328208e-02;9.808170e-02;4.542176e-02;1.337792e-01;1.156123e-01;3.411361e-02
2.735372e-02;6.153870e-02;2.453859e-01;1.602512e-01;4.710004e-02;9.461621e-02;2.487252e-02;5.900676e-02;4.614006e-02;1.275293e-01;8.298849e-02;2.321717e-02
2.483839e-02;5.548538e-02;2.785066e-01;1.672575e-01;5.709210e-02;9.599429e-02;2.870127e-02;3.968794e-02;3.355229e-02;1.127880e-01;8.179557e-02;2.430070e-02
2.462366e-02;7.501675e-02;2.800556e-01;1.773144e-01;6.882563e-02;8.146609e-02;2.557511e-02;4.489715e-02;3.439242e-02;9.904983e-02;7.350565e-02;1.527774e-02
3.054099e-02;6.391805e-02;2.179922e-01;2.639228e-01;7.616869e-02;8.009177e-02;2.344389e-02;5.240740e-02;4.176275e-02;8.107582e-02;5.721267e-02;1.146296e-02
