4.037447e-02;9.175975e-02;8.771744e-02;8.228945e-02;9.916446e-02;9.400553e-02;1.146182e-01;1.512014e-01;9.484041e-02;5.586713e-02;7.139023e-02;1.677146e-02
6.546662e-02;9.930133e-02;8.935654e-02;4.367456e-02;9.361989e-02;9.996459e-02;1.969697e-01;5.841327e-02;1.040509e-01;5.610249e-02;7.070895e-02;2.237124e-02
1.058867e-01;8.184272e-02;1.188363e-01;5.746998e-02;5.834218e-02;5.560323e-02;2.073957e-01;8.871989e-02;5.623042e-02;8.644905e-02;3.750720e-02;4.571655e-02
1.314191e-01;4.882944e-02;1.349860e-01;3.285693e-02;6.622972e-02;4.168868e-02;1.600873e-01;1.177081e-01;1.355373e-01;4.373201e-02;3.804389e-02;4.888156e-02
1.091015e-01;7.241752e-02;1.072120e-01;5.016670e-02;7.192018e-02;5.628752e-02;1.012466e-01;1.747676e-01;1.144634e-01;6.261390e-02;3.806204e-02;4.174112e-02
5.203579e-02;6.692275e-02;1.054068e-01;5.753832e-02;7.074694e-02;5.791317e-02;1.626742e-01;1.626456e-01;5.507464e-02;9.764603e-02;5.299878e-02;5.839693e-02
4.443361e-02;5.325840e-02;1.193904e-01;5.254146e-02;5.754219e-02;5.404327e-02;2.007200e-01;1.145367e-01;8.307958e-02;1.001704e-01;8.013145e-02;4.015256e-02
2.064964e-01;1.538468e-01;2.197587e-01;5.222370e-02;2.899990e-02;3.622552e-02;8.620830e-02;4.221312e-02;5.108286e-02;3.524284e-02;2.696263e-02;6.073916e-02
1.900837e-01;1.728794e-01;2.791647e-01;4.979117e-02;1.649884e-02;4.787398e-02;5.777753e-02;5.063606e-02;4.732549e-02;2.997283e-02;1.287083e-02;4.512543e-02
1.316178e-01;1.388166e-01;2.955156e-01;5.364684e-02;2.841924e-02;5.143658e-02;1.361624e-01;9.754000e-02;1.755004e-02;1.389849e-02;1.235540e-02;2.304100e-02
4.956904e-02;9.704009e-02;2.449515e-01;4.513211e-02;1.996191e-02;4.103666e-02;1.948873e-01;1.588244e-01;1.087679e-01;1.724247e-02;1.461967e-02;7.967007e-03
1.933410e-02;6.546608e-02;1.589329e-01;5.666853e-02;1.518275e-02;2.168607e-02;1.567839e-01;1.698741e-01;2.687163e-01;5.140390e-02;1.023282e-02;5.718593e-03
1.085526e-02;3.640156e-02;6.032687e-02;7.523352e-02;6.545588e-02;1.756158e-02;8.398720e-02;9.357856e-02;3.535617e-01;1.773685e-01;2.227819e-02;3.391220e-03
1.735572e-02;2.891534e-02;2.987118e-02;3.304202e-02;1.649934e-01;3.705313e-02;4.505700e-02;3.811452e-02;2.350732e-01;3.056629e-01;5.301933e-02;1.184231e-02
2.669028e-02;2.547614e-02;2.840610e-02;2.137085e-02;1.835086e-01;6.099558e-02;6.802705e-02;5.060416e-02;1.285051e-01;3.050782e-01;8.249258e-02;1.884532e-02
2.382742e-02;2.407322e-02;2.252484e-02;3.069701e-02;1.325360e-01;6.337459e-02;1.997204e-01;1.147411e-01;8.513738e-02;2.206662e-01;6.559372e-02;1.710822e-02
1.668120e-02;2.338248e-02;1.797148e-02;2.344950e-02;7.593892e-02;6.322673e-02;3.583162e-01;1.549964e-01;1.144246e-01;1.037768e-01;3.501033e-02;1.282538e-02
1.579705e-02;3.057722e-02;5.889867e-02;1.765507e-02;5.893903e-02;9.512345e-02;4.247894e-01;1.275472e-01;7.028305e-02;6.500717e-02;2.534983e-02;1.003287e-02
1.536707e-02;3.907886e-02;1.310071e-01;4.357872e-02;1.030740e-01;8.503772e-02;3.144332e-01;5.537377e-02;6.940407e-02;9.981527e-02;3.014567e-02;1.368448e-02
2.638036e-02;4.284253e-02;1.547161e-01;4.545520e-02;1.618388e-01;4.500736e-02;1.653856e-01;7.427434e-02;1.060434e-01;1.248813e-01;3.689828e-02;1.627658e-02
2.661466e-02;3.992635e-02;1.346432e-01;4.308457e-02;1.495278e-01;4.505239e-02;1.710562e-01;9.162691e-02;8.798096e-02;1.343713e-01;5.596123e-02;2.015453e-02
2.814349e-02;4.586123e-02;2.126276e-01;3.575744e-02;1.299449e-01;5.724811e-02;1.544921e-01;6.718481e-02;9.694948e-02;9.604435e-02;5.135655e-02;2.438998e-02
1.845235e-02;3.888438e-02;2.373807e-01;3.396845e-02;1.347985e-01;7.056546e-02;1.268166e-01;5.842464e-02;9.826931e-02;1.127435e-01;5.513935e-02;1.455669e-02
2.044693e-02;2.725410e-02;1.776307e-01;3.054211e-02;1.657368e-01;9.820157e-02;1.543515e-01;6.514348e-02;7.463933e-02;1.071125e-01;6.292081e-02;1.602022e-02
2.772899e-02;2.451012e-02;3.102194e-02;2.033350e-02;1.295194e-01;1.263108e-01;3.665838e-01;8.537445e-02;6.126474e-02;7.198665e-02;3.989830e-02;1.546732e-02
2.855024e-02;1.697251e-02;4.093907e-02;1.741823e-02;5.981305e-02;8.153268e-02;4.592271e-01;1.152922e-01;1.102640e-01;3.023397e-02;2.184389e-02;1.791301e-02
4.470644e-02;1.801183e-02;3.432354e-02;1.752922e-02;2.827904e-02;3.686639e-02;3.238319e-01;1.242505e-01;1.453827e-01;1.221304e-01;6.819423e-02;3.649367e-02
5.631921e-02;3.001194e-02;3.714645e-02;1.408936e-02;4.853911e-02;2.328246e-02;1.125769e-01;8.609301e-02;6.442171e-02;3.499102e-01;1.337462e-01;4.386349e-02
3.629322e-02;1.503062e-02;2.002699e-02;1.743332e-02;6.427071e-02;2.622746e-02;3.477023e-02;3.668044e-02;1.853743e-01;4.221462e-01;1.182963e-01;2.345014e-02
2.173002e-02;7.836948e-03;1.204445e-02;2.642055e-02;6.619948e-02;1.806063e-02;1.776160e-02;2.564522e-02;3.832023e-01;3.556004e-01;5.506898e-02;1.042939e-02
2.057991e-02;6.302768e-03;1.242842e-02;4.949097e-02;4.648445e-02;9.022138e-03;1.939596e-02;3.235837e-02;5.488358e-01;2.280838e-01;2.275189e-02;4.265592e-03
1.671793e-02;5.744729e-03;1.537691e-02;1.040991e-01;2.846381e-02;3.820456e-03;2.521748e-02;3.942744e-02;6.298684e-01;1.161646e-01;1.319100e-02;1.908149e-03
1.595433e-02;4.864147e-03;1.215076e-02;2.015108e-01;3.818861e-02;5.801133e-03;2.186032e-02;3.673128e-02;6.190684e-01;3.359989e-02;5.050360e-03;5.219937e-03
1.295796e-02;6.583382e-03;1.761551e-02;2.747262e-01;1.936931e-02;3.843334e-03;1.495661e-02;5.271362e-02;5.206158e-01;6.305126e-02;8.146511e-03;5.420493e-03
6.019365e-03;5.642700e-03;6.302820e-02;2.604848e-01;1.509607e-02;8.006060e-03;4.623355e-02;1.872317e-01;3.284214e-01;5.760434e-02;8.606979e-03;1.362481e-02
1.060218e-02;1.615942e-02;1.048011e-01;1.240840e-01;1.897034e-02;1.899886e-02;1.430585e-01;3.240299e-01;1.780267e-01;2.358743e-02;1.307978e-02;2.460183e-02
1.499836e-02;1.838845e-02;7.864639e-02;4.698250e-02;1.936981e-02;3.038894e-02;2.191760e-01;3.050546e-01;1.978850e-01;3.015850e-02;1.582145e-02;2.313007e-02
2.488473e-02;1.879495e-02;6.396674e-02;4.364773e-02;3.403589e-02;4.331480e-02;3.501930e-01;2.444268e-01;9.509518e-02;4.333968e-02;1.413325e-02;2.416716e-02
1.913083e-02;1.681243e-02;5.113073e-02;8.419519e-02;2.810518e-02;4.196709e-02;3.844765e-01;6.837313e-02;2.275905e-01;5.650467e-02;6.724147e-03;1.498960e-02
1.771034e-02;1.533855e-02;2.450794e-02;3.664147e-02;3.416551e-02;4.306512e-02;3.851653e-01;6.686917e-02;2.676169e-01;8.038746e-02;1.829730e-02;1.023488e-02
1.791214e-02;1.753358e-02;2.892259e-02;7.408707e-02;5.738484e-02;5.598197e-02;3.929166e-01;1.043631e-01;1.547321e-01;6.134359e-02;2.109138e-02;1.373104e-02
2.245880e-02;1.084918e-02;5.154975e-02;1.062630e-01;6.123263e-02;6.477150e-02;2.594654e-01;8.993436e-02;2.558663e-01;5.586835e-02;7.766009e-03;1.397467e-02
1.826816e-02;6.651100e-03;6.336231e-02;1.179671e-01;6.012170e-02;5.228423e-02;2.174421e-01;7.590123e-02;3.054601e-01;5.380575e-02;1.209298e-02;1.664323e-02
6.325389e-02;3.444145e-02;1.070532e-01;1.115555e-01;6.157767e-02;4.526458e-02;2.141740e-01;8.384532e-02;1.516898e-01;5.299832e-02;4.515612e-02;2.899012e-02
9.596480e-02;5.492090e-02;5.291873e-02;4.349359e-02;3.010912e-02;2.815191e-02;7.731105e-02;6.124441e-02;4.009002e-01;9.087393e-02;3.525478e-02;2.885661e-02
7.049381e-02;3.344604e-02;2.810634e-02;3.872361e-02;1.732155e-02;1.837704e-02;6.351113e-02;8.830348e-02;5.371338e-01;7.547537e-02;1.327033e-02;1.583753e-02
3.649628e-02;1.735784e-02;1.450428e-02;5.611708e-02;9.983857e-03;1.121390e-02;4.586760e-02;6.833809e-02;6.713663e-01;5.191603e-02;9.439388e-03;7.399267e-03
3.059871e-02;7.872461e-03;7.695485e-03;5.610439e-02;1.225182e-02;7.183955e-03;2.466061e-02;3.116032e-02;6.768512e-01;1.297967e-01;9.081865e-03;6.742486e-03
2.085261e-02;1.216041e-02;5.627587e-03;2.863101e-02;3.187564e-02;5.878114e-03;2.180531e-02;1.619620e-02;5.369859e-01;2.940786e-01;1.674316e-02;9.165390e-03
8.489962e-03;2.780882e-02;6.644170e-03;1.040599e-02;5.110022e-02;5.696938e-03;1.440650e-02;1.619196e-02;3.449543e-01;4.445184e-01;6.659110e-02;3.191641e-03
1.033292e-02;4.315448e-02;1.609755e-02;6.075178e-03;4.275257e-02;1.157795e-02;1.248863e-02;2.480376e-02;1.828231e-01;4.106123e-01;2.319809e-01;7.300659e-03
9.565323e-03;3.667180e-02;3.275615e-02;1.013730e-02;2.049288e-02;4.094546e-02;1.252920e-02;1.984023e-02;7.913227e-02;2.299134e-01;4.940956e-01;1.392039e-02
1.202891e-02;1.891456e-02;6.839381e-02;1.470076e-02;1.093088e-02;6.448653e-02;9.349566e-03;1.285560e-02;5.576033e-02;6.042685e-02;6.580322e-01;1.412004e-02
1.604511e-02;7.719819e-03;1.021858e-01;1.269387e-02;8.192630e-03;4.861945e-02;4.943574e-03;3.919310e-03;5.723443e-02;9.381913e-02;5.901052e-01;5.452180e-02
2.231870e-02;1.084949e-02;1.035462e-01;1.502302e-02;6.689245e-03;1.898236e-02;7.130574e-03;1.012559e-02;5.471158e-02;1.323008e-01;4.971272e-01;1.211952e-01
2.336955e-02;1.725786e-02;6.476122e-02;1.488116e-02;1.435594e-02;2.786081e-02;1.229686e-02;1.382715e-02;4.961225e-02;1.294170e-01;4.476666e-01;1.846936e-01
1.446940e-02;1.829590e-02;3.895254e-02;3.324931e-02;2.097941e-02;2.092971e-02;1.426649e-02;1.340527e-02;7.585266e-02;6.601145e-02;3.312036e-01;3.523843e-01
2.644227e-02;1.860301e-02;3.083496e-02;7.345530e-02;1.460302e-02;7.806135e-03;2.818141e-02;1.192996e-02;6.316821e-02;5.856945e-02;2.670140e-01;3.993923e-01
4.897031e-02;2.752159e-02;4.154034e-02;8.581623e-02;1.054825e-02;1.365695e-02;6.708434e-02;1.345551e-02;4.763229e-02;4.978139e-02;1.825947e-01;4.113981e-01
6.118753e-02;4.763980e-02;5.286817e-02;5.008848e-02;1.348295e-02;3.226048e-02;1.206562e-01;2.711663e-02;4.918486e-02;4.051767e-02;7.738825e-02;4.276090e-01
5.822913e-02;4.401522e-02;5.110614e-02;4.907672e-02;1.924657e-02;3.449347e-02;1.037376e-01;3.598059e-02;5.260830e-02;6.446867e-02;1.704736e-01;3.165639e-01
6.549351e-02;4.201130e-02;6.366514e-02;3.404597e-02;1.868986e-02;4.700861e-02;7.339928e-02;3.392602e-02;6.003614e-02;9.276386e-02;2.519131e-01;2.170472e-01
5.405011e-02;3.718909e-02;5.847955e-02;2.160692e-02;2.354406e-02;7.577890e-02;5.997244e-02;2.684581e-02;7.085573e-02;1.144160e-01;2.808764e-01;1.763850e-01
4.521245e-02;3.959722e-02;3.000388e-02;2.152548e-02;4.824821e-02;6.207689e-02;5.704173e-02;1.492174e-02;9.709282e-02;2.416597e-01;2.236947e-01;1.189252e-01
3.871755e-02;2.505239e-02;1.697616e-02;3.404199e-02;4.506502e-02;3.246080e-02;5.097962e-02;2.086730e-02;1.829717e-01;2.652507e-01;7.920054e-02;2.084162e-01
3.435023e-02;1.550552e-02;2.319170e-02;3.510621e-02;1.936951e-02;1.640087e-02;4.109323e-02;1.445277e-02;2.258767e-01;2.359537e-01;9.390033e-02;2.447992e-01
3.505128e-02;8.190317e-03;2.586466e-02;2.854736e-02;1.639380e-02;2.112331e-02;8.078893e-02;4.995704e-02;2.385289e-01;1.622440e-01;9.304471e-02;2.402658e-01
3.218397e-02;1.105556e-02;3.697342e-02;2.496277e-02;2.033873e-02;3.230741e-02;1.645802e-01;1.133291e-01;1.734200e-01;6.676456e-02;1.113584e-01;2.127258e-01
3.974734e-02;2.166156e-02;4.481221e-02;1.997051e-02;2.333677e-02;3.341813e-02;1.837819e-01;1.420394e-01;1.105132e-01;8.272204e-02;1.420007e-01;1.559962e-01
3.415230e-02;3.127355e-02;3.965589e-02;1.672200e-02;4.172701e-02;3.321372e-02;1.780182e-01;1.090989e-01;1.016276e-01;1.369272e-01;1.857446e-01;9.183910e-02
1.816913e-02;2.540443e-02;6.383230e-02;2.369982e-02;4.588369e-02;3.697251e-02;1.794156e-01;5.361098e-02;6.998781e-02;1.419355e-01;2.067685e-01;1.343197e-01
3.393091e-02;1.907693e-02;8.849443e-02;2.511506e-02;3.635335e-02;3.578591e-02;8.861703e-02;4.728633e-02;7.611267e-02;1.706549e-01;2.250228e-01;1.535497e-01
3.204739e-02;1.710511e-02;1.152195e-01;2.927481e-02;3.128310e-02;3.791031e-02;7.867463e-02;3.101973e-02;1.313377e-01;1.383845e-01;1.712539e-01;1.864894e-01
2.453694e-02;2.397796e-02;1.048901e-01;2.781178e-02;3.840930e-02;4.138689e-02;1.085430e-01;3.320887e-02;1.068921e-01;8.257026e-02;1.542829e-01;2.534898e-01
2.730551e-02;3.814550e-02;7.952524e-02;1.573973e-02;3.719859e-02;5.171503e-02;2.925550e-01;4.885145e-02;7.655048e-02;5.983464e-02;1.031640e-01;1.694148e-01
1.534704e-02;5.037065e-02;9.640399e-02;1.147421e-02;2.763835e-02;4.328263e-02;4.127926e-01;1.178630e-01;3.839734e-02;3.846840e-02;6.932455e-02;7.863729e-02
8.753602e-03;3.349186e-02;1.313697e-01;1.008424e-02;1.608538e-02;2.541600e-02;3.626213e-01;2.007131e-01;5.073217e-02;4.495950e-02;4.421518e-02;7.155798e-02
5.563356e-03;2.188777e-02;1.608792e-01;1.032139e-02;9.595378e-03;1.616401e-02;3.201670e-01;2.478042e-01;6.048770e-02;5.341135e-02;2.104869e-02;7.266986e-02
9.277754e-03;5.355831e-02;1.381156e-01;7.026090e-03;1.414728e-02;2.323879e-02;4.094635e-01;2.078805e-01;2.645602e-02;4.667779e-02;1.841148e-02;4.574694e-02
1.841548e-02;1.006036e-01;8.980090e-02;6.394023e-03;2.965347e-02;4.865864e-02;4.731127e-01;1.227819e-01;2.890526e-02;4.272847e-02;2.222950e-02;1.671604e-02
3.126344e-02;1.220886e-01;8.376835e-02;1.638294e-02;5.850405e-02;8.290270e-02;4.235138e-01;8.788132e-02;1.619332e-02;5.116802e-02;2.216394e-02;4.169535e-03
3.236701e-02;9.163289e-02;1.467858e-01;2.909476e-02;6.760434e-02;8.213826e-02;2.491920e-01;1.374730e-01;4.679358e-02;6.639531e-02;2.508577e-02;2.543726e-02
4.474000e-02;4.829498e-02;2.303916e-01;2.735419e-02;4.706721e-02;5.216093e-02;1.806326e-01;1.316100e-01;4.377029e-02;8.877546e-02;4.038309e-02;6.481963e-02
3.814733e-02;4.494265e-02;2.469989e-01;4.015471e-02;2.779581e-02;3.090438e-02;2.282308e-01;8.474492e-02;3.472706e-02;1.275731e-01;3.709280e-02;5.868747e-02
3.974508e-02;2.530781e-02;1.907972e-01;4.606003e-02;5.015805e-02;5.034817e-02;2.732365e-01;8.267105e-02;3.971301e-02;1.229024e-01;5.684362e-02;2.221708e-02
4.575774e-02;3.612475e-02;1.376854e-01;3.960786e-02;7.686251e-02;7.898244e-02;2.392902e-01;7.499330e-02;4.255370e-02;1.001026e-01;6.954438e-02;5.849514e-02
3.205357e-02;4.483180e-02;1.112212e-01;4.376412e-02;7.259046e-02;9.290194e-02;2.768227e-01;8.625956e-02;2.817544e-02;6.971899e-02;7.038106e-02;7.127920e-02
3.423975e-02;3.773191e-02;1.175804e-01;4.040781e-02;4.973628e-02;8.140957e-02;3.145286e-01;8.966467e-02;5.024323e-02;5.478862e-02;7.251339e-02;5.715576e-02
5.002871e-02;4.221541e-02;9.026793e-02;2.951086e-02;4.317793e-02;7.957423e-02;3.577694e-01;8.326446e-02;5.902104e-02;6.761475e-02;6.260148e-02;3.495377e-02
5.571023e-02;5.621297e-02;8.080681e-02;3.610697e-02;5.030908e-02;6.476693e-02;3.685763e-01;5.014121e-02;3.622562e-02;9.537684e-02;7.012466e-02;3.564235e-02
1.297974e-01;8.906554e-02;1.481073e-01;5.781108e-02;5.319092e-02;5.121711e-02;1.799481e-01;4.319092e-02;5.016925e-02;5.687829e-02;7.272142e-02;6.790266e-02
1.290665e-01;7.575498e-02;1.127729e-01;3.863119e-02;3.331004e-02;3.695238e-02;8.440240e-02;3.559121e-02;7.047561e-02;6.318157e-02;1.777025e-01;1.421586e-01
8.951437e-02;5.837466e-02;7.298426e-02;2.520847e-02;2.079434e-02;3.658466e-02;6.653161e-02;3.427244e-02;5.109779e-02;8.241225e-02;3.303573e-01;1.318678e-01
2.911194e-02;3.212803e-02;3.029832e-02;7.015796e-03;1.346801e-02;3.605938e-02;4.390449e-02;3.163567e-02;3.041576e-02;2.061991e-01;4.412771e-01;9.848641e-02
9.801990e-03;3.229864e-02;8.096943e-03;3.453373e-03;2.003371e-02;2.722763e-02;1.736389e-02;2.855060e-02;3.081372e-02;3.668422e-01;4.118519e-01;4.366545e-02
1.486976e-02;4.248484e-02;9.065215e-03;4.833373e-03;2.937265e-02;1.958348e-02;5.641291e-03;3.131004e-02;3.721515e-02;5.177125e-01;2.760750e-01;1.183667e-02
1.666367e-02;4.800727e-02;1.134458e-02;6.126306e-03;4.079275e-02;2.123019e-02;1.036256e-02;4.136175e-02;2.931396e-02;5.915596e-01;1.641323e-01;1.910498e-02
1.293657e-02;4.200161e-02;1.672513e-02;6.837206e-03;7.649425e-02;3.111138e-02;1.145861e-02;4.538944e-02;3.464258e-02;4.972676e-01;1.934499e-01;3.168567e-02
1.291901e-02;3.659075e-02;1.581997e-02;1.547493e-02;1.157636e-01;4.127088e-02;1.643380e-02;2.885256e-02;4.210729e-02;4.077379e-01;2.476006e-01;1.942866e-02
1.407274e-02;2.635587e-02;1.681418e-02;2.091139e-02;9.079541e-02;2.619494e-02;1.410065e-02;2.646329e-02;6.707214e-02;3.351130e-01;3.416932e-01;2.041328e-02
8.810239e-03;1.778302e-02;1.842999e-02;1.370312e-02;5.718206e-02;3.325650e-02;9.736877e-03;2.462050e-02;6.040121e-02;3.629330e-01;3.819445e-01;1.119894e-02
9.177629e-03;1.094321e-02;1.284274e-02;1.132760e-02;4.329315e-02;7.426500e-02;9.289422e-03;2.495985e-02;4.114026e-02;4.541008e-01;2.898845e-01;1.877596e-02
7.197982e-03;1.115280e-02;1.124965e-02;1.718080e-02;3.522272e-02;1.621290e-01;2.214113e-02;2.281930e-02;2.602675e-02;4.525721e-01;2.157019e-01;1.660592e-02
9.084810e-03;1.067237e-02;1.139917e-02;1.259915e-02;2.690804e-02;1.523144e-01;3.721119e-02;2.001358e-02;4.636485e-02;3.224600e-01;3.080429e-01;4.292959e-02
1.569460e-02;8.379987e-03;1.194995e-02;7.715739e-03;1.724217e-02;1.002457e-01;3.154426e-02;1.776924e-02;3.653885e-02;2.186800e-01;4.551952e-01;7.904433e-02
1.786015e-02;6.807424e-03;2.013052e-02;1.443559e-02;1.760040e-02;6.894673e-02;1.863265e-02;1.219849e-02;2.743911e-02;2.784688e-01;4.379815e-01;7.949860e-02
1.544701e-02;6.319069e-03;6.242718e-02;1.290294e-02;1.483117e-02;7.909390e-02;1.928358e-02;1.222200e-02;3.234213e-02;2.677926e-01;4.370278e-01;4.031064e-02
3.775440e-02;1.255918e-02;9.541914e-02;3.125959e-02;1.830881e-02;1.150646e-01;1.896878e-02;8.695324e-03;3.632131e-02;1.105123e-01;4.439600e-01;7.117663e-02
1.343244e-01;4.209979e-02;8.343606e-02;6.586867e-02;2.038165e-02;7.008838e-02;2.477593e-02;1.027525e-02;3.661962e-02;7.562986e-02;2.965871e-01;1.399133e-01
2.686509e-01;1.218588e-01;1.051448e-01;6.830334e-02;1.900948e-02;1.455666e-02;4.423758e-02;1.420840e-02;1.886067e-02;7.353711e-02;1.217642e-01;1.298681e-01
2.813409e-01;1.752214e-01;1.614511e-01;4.575027e-02;2.246059e-02;2.099383e-02;5.169567e-02;1.601525e-02;2.181526e-02;7.765809e-02;4.704778e-02;7.854978e-02
1.846185e-01;1.642549e-01;1.877703e-01;3.819605e-02;2.553816e-02;3.693842e-02;8.881362e-02;3.139209e-02;2.561086e-02;9.552187e-02;6.364636e-02;5.769883e-02
3.697491e-02;1.035181e-01;1.246977e-01;2.943820e-02;3.329888e-02;7.640996e-02;1.831330e-01;5.155511e-02;2.955586e-02;8.595821e-02;1.589106e-01;8.654937e-02
1.430732e-01;8.783328e-02;1.087122e-01;3.093272e-02;3.439320e-02;8.695598e-02;1.615431e-01;3.039120e-02;2.471894e-02;7.142583e-02;9.032781e-02;1.296924e-01
2.247511e-01;9.395351e-02;1.089949e-01;3.232255e-02;2.671370e-02;6.567809e-02;9.904753e-02;2.159772e-02;2.618816e-02;8.178513e-02;9.842926e-02;1.205383e-01
1.798478e-01;9.539344e-02;1.427236e-01;4.405292e-02;2.880937e-02;6.130383e-02;8.217512e-02;3.131398e-02;3.156439e-02;8.122899e-02;1.420172e-01;7.956924e-02
1.078462e-01;1.480761e-01;1.440800e-01;4.059663e-02;4.438367e-02;6.510489e-02;9.149674e-02;2.708481e-02;4.280685e-02;9.978598e-02;1.011747e-01;8.756351e-02
1.327240e-01;1.511207e-01;5.033518e-02;3.515534e-02;3.565462e-02;4.434463e-02;1.111759e-01;4.010302e-02;4.115518e-02;1.287696e-01;1.108727e-01;1.185892e-01
7.395515e-02;9.402785e-02;9.220965e-02;2.831373e-02;4.048587e-02;3.327730e-02;9.109793e-02;6.626735e-02;9.188563e-02;2.059976e-01;9.299862e-02;8.948340e-02
4.138338e-02;4.665873e-02;7.535002e-02;2.810193e-02;4.329550e-02;1.621327e-02;6.808578e-02;7.457532e-02;1.398487e-01;2.823993e-01;1.295855e-01;5.450263e-02
7.553727e-02;3.772911e-02;6.845921e-02;4.430477e-02;3.668807e-02;2.557727e-02;1.340472e-01;7.053494e-02;1.429975e-01;2.253659e-01;1.122820e-01;2.647679e-02
9.085441e-02;5.477095e-02;7.821665e-02;4.937023e-02;3.947094e-02;2.976466e-02;2.555734e-01;7.431338e-02;1.098230e-01;1.118648e-01;7.558850e-02;3.038904e-02
7.663563e-02;5.220628e-02;7.679717e-02;4.050869e-02;4.899434e-02;4.832189e-02;3.533918e-01;7.823289e-02;7.972468e-02;6.448787e-02;5.146138e-02;2.923738e-02
3.053889e-02;4.237409e-02;6.834983e-02;2.403589e-02;6.283089e-02;7.639380e-02;3.613890e-01;6.402536e-02;8.129956e-02;9.885183e-02;5.862239e-02;3.128851e-02
6.540674e-02;4.935256e-02;6.294618e-02;2.632076e-02;7.172560e-02;6.849907e-02;2.191136e-01;5.394049e-02;1.339746e-01;1.263276e-01;6.858997e-02;5.380285e-02
1.190180e-01;5.836255e-02;7.503585e-02;2.780350e-02;5.111676e-02;4.572889e-02;2.000579e-01;6.192737e-02;9.503242e-02;1.215590e-01;7.460704e-02;6.975065e-02
1.123998e-01;3.106803e-02;6.918576e-02;4.093051e-02;3.773663e-02;5.851697e-02;2.291226e-01;4.437893e-02;7.008260e-02;1.764444e-01;8.310966e-02;4.702411e-02
6.950913e-02;2.077296e-02;7.493731e-02;3.148568e-02;4.875632e-02;4.975148e-02;2.017408e-01;5.329851e-02;7.729562e-02;2.184625e-01;1.259481e-01;2.804158e-02
4.927050e-02;4.019823e-02;7.188443e-02;4.351681e-02;4.847343e-02;4.517842e-02;2.040130e-01;5.116355e-02;8.003947e-02;2.036764e-01;1.401858e-01;2.240000e-02
5.558979e-02;5.071485e-02;6.041593e-02;4.131911e-02;6.160770e-02;5.063957e-02;1.540963e-01;3.612173e-02;5.271656e-02;1.980410e-01;1.994173e-01;3.932015e-02
6.054127e-02;4.906720e-02;8.905963e-02;2.726832e-02;5.338126e-02;4.231789e-02;1.492341e-01;4.999965e-02;7.099439e-02;1.774203e-01;1.830831e-01;4.763282e-02
1.009282e-01;9.579175e-02;8.144764e-02;2.935491e-02;4.649689e-02;3.645072e-02;1.685495e-01;5.573722e-02;6.257118e-02;1.406949e-01;1.131096e-01;6.886748e-02
1.861852e-01;8.713199e-02;8.389994e-02;3.191510e-02;3.016959e-02;3.263493e-02;9.343846e-02;4.392285e-02;3.714833e-02;5.117854e-02;1.035021e-01;2.188730e-01
1.674655e-01;5.356588e-02;5.239411e-02;2.658757e-02;2.064903e-02;2.681360e-02;7.272456e-02;6.159973e-02;2.808146e-02;3.639904e-02;7.511966e-02;3.785999e-01
1.130175e-01;1.867010e-02;2.456527e-02;1.700641e-02;1.130277e-02;1.940439e-02;7.038261e-02;7.014542e-02;2.145635e-02;2.485688e-02;8.565349e-02;5.235388e-01
4.987151e-02;4.618613e-03;1.054333e-02;1.667321e-02;8.854316e-03;2.210834e-02;1.383589e-01;4.099433e-02;2.217884e-02;1.468817e-02;1.183319e-01;5.527785e-01
3.545000e-02;5.253887e-03;6.604624e-03;2.951428e-02;5.980371e-03;1.880031e-02;2.435857e-01;1.511403e-02;1.744610e-02;1.773440e-02;7.642864e-02;5.280877e-01
3.791806e-02;5.673810e-03;5.615588e-03;5.082772e-02;6.387811e-03;1.623244e-02;3.384302e-01;1.329405e-02;1.299370e-02;4.530164e-02;2.395975e-02;4.433652e-01
4.288616e-02;6.213826e-03;9.440901e-03;5.836676e-02;1.037392e-02;1.460214e-02;3.815641e-01;6.340811e-02;1.515076e-02;1.024994e-01;1.802912e-02;2.774647e-01
1.164100e-01;5.490336e-03;8.617639e-03;3.038867e-02;2.537234e-02;1.321340e-02;3.530797e-01;1.934941e-01;1.643677e-02;1.093499e-01;1.295254e-02;1.151946e-01
1.977971e-01;8.698446e-03;6.503574e-03;1.682659e-02;3.256598e-02;1.297560e-02;2.130639e-01;3.483283e-01;2.056981e-02;4.594037e-02;1.470307e-02;8.202726e-02
2.752951e-01;1.168858e-02;7.017867e-03;1.110775e-02;2.936403e-02;8.734077e-03;1.106338e-01;4.461532e-01;2.648249e-02;1.250895e-02;1.135372e-02;4.966047e-02
3.531437e-01;2.194228e-02;1.017768e-02;7.041847e-03;2.864008e-02;6.975752e-03;4.730510e-02;4.391497e-01;2.344159e-02;5.879405e-03;1.429723e-02;4.200561e-02
4.323457e-01;3.271047e-02;1.535110e-02;8.011224e-03;2.649970e-02;9.755624e-03;3.628841e-02;3.440280e-01;1.946361e-02;7.906721e-03;1.781183e-02;4.982753e-02
4.584776e-01;6.339443e-02;2.120098e-02;1.456062e-02;2.147707e-02;8.949969e-03;3.364389e-02;2.374652e-01;1.739691e-02;2.682786e-02;2.700628e-02;6.959920e-02
3.304274e-01;9.482023e-02;3.222620e-02;1.866560e-02;1.036878e-02;1.513087e-02;3.995300e-02;1.767758e-01;2.030214e-02;5.673108e-02;5.994074e-02;1.446581e-01
3.141415e-01;8.128168e-02;4.150984e-02;1.459944e-02;1.126827e-02;1.092400e-02;6.870303e-02;1.131686e-01;2.500869e-02;9.445620e-02;8.364251e-02;1.412963e-01
4.718065e-01;3.307706e-02;3.526685e-02;1.296873e-02;1.986724e-02;7.302701e-03;5.801817e-02;8.647268e-02;3.156329e-02;1.014110e-01;4.766319e-02;9.458254e-02
4.811170e-01;3.902057e-02;2.697243e-02;8.760714e-03;2.333976e-02;4.761097e-03;5.156044e-02;1.155922e-01;5.536662e-02;7.372408e-02;2.401739e-02;9.576774e-02
3.985962e-01;3.507780e-02;2.683982e-02;1.105684e-02;2.705273e-02;5.085188e-03;5.847869e-02;1.679902e-01;9.207925e-02;5.453544e-02;3.910814e-02;8.409976e-02
2.628710e-01;2.838985e-02;2.703119e-02;1.197806e-02;2.267731e-02;9.711275e-03;7.253213e-02;1.949704e-01;1.322705e-01;7.583971e-02;5.501998e-02;1.067086e-01
2.766554e-01;3.641794e-02;1.294805e-02;1.513269e-02;2.705451e-02;1.472082e-02;3.625144e-02;1.538854e-01;1.048345e-01;9.717999e-02;6.340075e-02;1.615186e-01
2.423051e-01;4.263627e-02;2.378725e-02;1.446396e-02;2.845710e-02;1.966116e-02;3.239787e-02;1.593158e-01;7.952587e-02;1.169958e-01;8.146379e-02;1.589901e-01
2.044749e-01;5.066108e-02;3.134948e-02;1.640656e-02;1.261424e-02;2.633113e-02;3.991948e-02;1.403945e-01;6.090954e-02;1.563487e-01;1.170534e-01;1.435369e-01
1.442553e-01;4.693457e-02;4.482569e-02;1.203071e-02;2.884645e-02;3.953529e-02;7.765968e-02;1.153285e-01;4.002096e-02;2.066068e-01;1.256704e-01;1.182857e-01
1.201486e-01;3.342123e-02;5.338592e-02;1.433976e-02;3.568814e-02;3.966492e-02;1.613251e-01;1.660537e-01;9.208720e-02;1.469880e-01;8.652265e-02;5.037480e-02
1.108255e-01;2.809193e-02;5.189526e-02;2.729108e-02;4.596885e-02;4.623760e-02;2.465398e-01;1.751409e-01;8.880395e-02;6.902088e-02;5.137100e-02;5.881331e-02
1.348433e-01;2.914891e-02;6.118845e-02;5.224316e-02;6.341290e-02;4.420902e-02;2.497457e-01;1.336273e-01;6.027593e-02;5.867976e-02;2.876793e-02;8.385763e-02
2.541828e-01;5.312646e-02;7.059031e-02;5.925322e-02;4.842714e-02;3.687946e-02;1.246766e-01;7.755969e-02;6.245627e-02;8.814406e-02;3.475843e-02;8.994555e-02
2.618127e-01;6.612133e-02;5.520093e-02;5.463776e-02;4.455569e-02;4.105453e-02;9.248965e-02;7.912902e-02;6.318427e-02;7.524171e-02;6.246217e-02;1.041102e-01
1.827753e-01;5.267109e-02;5.781675e-02;5.282423e-02;4.744616e-02;5.190875e-02;1.239450e-01;8.204953e-02;8.325977e-02;8.912665e-02;7.895258e-02;9.722406e-02
1.202041e-01;6.420069e-02;1.177257e-01;8.688234e-02;3.740850e-02;5.259388e-02;1.125786e-01;9.422038e-02;5.761447e-02;1.103864e-01;7.373723e-02;7.244765e-02
1.098743e-01;8.250891e-02;1.789093e-01;1.059084e-01;4.105233e-02;3.715416e-02;6.849285e-02;1.384437e-01;4.414423e-02;8.971157e-02;3.748038e-02;6.631995e-02
7.799554e-02;7.793202e-02;2.244286e-01;1.149268e-01;4.989722e-02;2.864082e-02;4.630134e-02;1.617951e-01;3.721807e-02;7.822713e-02;5.650785e-02;4.612949e-02
6.319584e-02;6.342240e-02;1.955163e-01;8.371187e-02;5.952847e-02;4.698844e-02;8.990741e-02;1.214765e-01;6.437020e-02;8.012790e-02;6.848877e-02;6.326579e-02
6.558423e-02;4.564795e-02;1.579838e-01;1.060900e-01;5.046513e-02;5.464965e-02;8.496915e-02;6.852665e-02;8.399647e-02;9.401659e-02;8.687551e-02;1.011950e-01
1.271108e-01;1.010909e-01;1.646259e-01;8.912629e-02;4.175199e-02;3.791020e-02;9.697282e-02;7.252571e-02;5.803813e-02;7.268380e-02;6.673588e-02;7.142761e-02
2.237924e-01;1.224913e-01;1.536227e-01;6.937510e-02;4.214413e-02;2.159936e-02;8.075789e-02;6.097880e-02;4.526924e-02;4.858847e-02;5.448030e-02;7.690024e-02
3.917424e-01;1.172931e-01;1.342904e-01;5.911304e-02;2.727159e-02;1.519331e-02;3.727010e-02;4.558202e-02;2.863421e-02;3.116098e-02;3.984160e-02;7.260721e-02
5.337251e-01;1.626385e-01;9.908380e-02;2.960801e-02;1.695418e-02;1.012162e-02;1.338197e-02;3.044518e-02;9.393065e-03;1.769703e-02;2.011751e-02;5.683405e-02
6.162975e-01;1.545287e-01;4.440154e-02;8.375401e-03;1.413215e-02;4.422456e-03;1.653123e-02;2.962532e-02;1.101600e-02;1.014080e-02;1.256867e-02;7.796025e-02
6.484209e-01;8.378315e-02;2.966304e-02;1.098064e-02;1.207672e-02;3.685565e-03;1.580719e-02;4.369468e-02;1.431094e-02;7.092664e-03;2.812619e-02;1.023583e-01
6.369857e-01;9.048151e-02;5.057347e-02;1.561201e-02;1.806488e-02;9.113541e-03;1.469590e-02;5.314307e-02;9.564721e-03;7.281110e-03;4.561369e-02;4.887047e-02
6.502287e-01;1.030200e-01;3.773267e-02;1.618561e-02;1.728790e-02;1.087787e-02;2.563481e-02;5.066142e-02;1.333744e-02;1.110541e-02;3.062961e-02;3.329855e-02
6.984400e-01;6.370864e-02;3.093630e-02;1.222258e-02;1.124156e-02;1.047746e-02;1.694277e-02;4.865162e-02;1.765656e-02;1.544850e-02;7.011942e-03;6.726208e-02
7.243968e-01;7.141993e-02;1.419012e-02;7.331248e-03;9.977425e-03;5.898206e-03;9.738647e-03;5.716221e-02;1.479131e-02;1.263823e-02;5.311535e-03;6.714430e-02
7.137116e-01;8.921026e-02;1.978940e-02;7.290074e-03;7.723237e-03;3.574217e-03;7.060088e-03;6.413209e-02;1.134214e-02;1.020409e-02;6.466737e-03;5.949600e-02
7.118300e-01;7.269981e-02;1.687225e-02;6.311875e-03;8.442655e-03;5.193023e-03;7.519292e-03;7.015043e-02;6.382336e-03;6.980655e-03;7.520593e-03;8.009709e-02
6.904122e-01;8.727888e-02;1.469617e-02;6.242012e-03;9.091252e-03;5.313664e-03;8.116771e-03;7.093462e-02;8.536023e-03;8.263763e-03;1.352505e-02;7.758960e-02
6.895025e-01;1.008797e-01;1.362864e-02;6.348778e-03;6.252413e-03;5.824706e-03;5.851086e-03;7.045377e-02;5.252335e-03;5.572919e-03;1.046956e-02;7.996365e-02
6.917679e-01;8.090243e-02;1.204847e-02;6.157513e-03;6.535969e-03;5.538297e-03;5.265329e-03;6.577621e-02;6.527992e-03;3.566060e-03;1.062373e-02;1.052901e-01
6.656240e-01;7.785928e-02;1.522133e-02;5.979972e-03;7.620626e-03;4.387596e-03;8.933067e-03;6.054882e-02;5.401561e-03;5.403871e-03;2.171586e-02;1.213041e-01
6.646758e-01;4.869825e-02;1.632016e-02;6.344102e-03;7.446574e-03;4.471170e-03;7.341391e-03;6.316304e-02;2.987222e-03;1.052119e-02;2.979965e-02;1.382315e-01
6.887048e-01;3.524544e-02;1.988204e-02;7.366233e-03;7.861827e-03;4.906164e-03;5.932902e-03;6.898192e-02;7.463741e-03;1.003443e-02;1.681676e-02;1.268037e-01
7.079161e-01;7.600810e-02;1.595018e-02;6.474689e-03;9.370391e-03;5.832986e-03;8.449666e-03;8.176724e-02;6.423424e-03;8.175382e-03;8.322814e-03;6.530903e-02
6.994111e-01;1.009969e-01;1.606864e-02;4.705206e-03;1.220379e-02;5.703301e-03;1.064850e-02;9.805452e-02;8.173849e-03;7.860699e-03;7.876394e-03;2.829711e-02
6.482688e-01;1.262957e-01;1.734843e-02;6.108100e-03;1.550760e-02;5.257416e-03;1.212703e-02;1.049230e-01;9.282543e-03;8.081370e-03;9.630090e-03;3.716987e-02
5.797035e-01;1.759010e-01;1.566058e-02;6.979251e-03;2.106538e-02;9.178024e-03;9.796686e-03;1.046888e-01;1.075504e-02;7.812186e-03;7.506313e-03;5.095330e-02
5.414953e-01;2.493435e-01;1.924995e-02;6.766041e-03;2.274290e-02;1.180087e-02;9.671764e-03;7.051869e-02;7.301767e-03;1.186916e-02;9.408631e-03;3.983148e-02
5.076874e-01;2.544978e-01;7.739589e-02;2.340407e-02;2.529422e-02;1.348834e-02;2.103554e-02;2.608279e-02;1.102812e-02;8.035578e-03;1.512242e-02;1.692781e-02
2.347620e-01;3.104829e-01;2.199664e-01;5.121274e-02;2.684666e-02;1.706596e-02;2.903452e-02;2.441618e-02;3.602750e-02;1.021193e-02;1.891286e-02;2.106023e-02
1.126444e-01;4.295143e-01;2.404203e-01;4.946465e-02;2.506670e-02;1.665297e-02;1.954831e-02;1.724839e-02;4.955659e-02;8.485882e-03;1.476742e-02;1.663002e-02
7.209932e-02;5.896577e-01;1.586408e-01;2.553937e-02;1.481173e-02;1.009223e-02;6.321511e-03;1.254946e-02;7.991335e-02;7.714573e-03;1.168517e-02;1.097489e-02
6.258588e-02;6.609777e-01;3.862909e-02;8.191265e-03;7.449840e-03;9.242502e-03;2.876616e-03;1.173358e-02;1.769457e-01;1.143990e-02;5.392593e-03;4.535329e-03
7.789899e-02;5.182560e-01;3.742544e-02;1.069667e-02;3.243710e-03;9.422259e-03;8.110398e-03;8.222878e-03;3.019884e-01;1.367376e-02;6.713110e-03;4.348358e-03
3.884676e-02;4.309188e-01;1.457719e-02;8.289275e-03;6.302007e-03;1.099314e-02;4.091735e-03;4.319562e-03;4.547397e-01;1.729722e-02;4.011230e-03;5.613338e-03
1.642231e-02;3.526627e-01;2.740466e-02;6.708229e-03;5.675238e-03;1.327187e-02;4.642000e-03;4.374315e-03;5.361536e-01;1.665950e-02;8.142474e-03;7.883133e-03
2.671693e-02;3.010453e-01;3.358538e-02;5.100631e-03;3.899919e-03;1.615700e-02;6.558581e-03;5.763203e-03;5.793121e-01;9.857963e-03;5.601038e-03;6.401998e-03
2.352526e-02;2.682919e-01;2.361342e-02;4.988377e-03;4.383785e-03;1.760601e-02;5.671244e-03;4.591328e-03;6.348898e-01;3.790433e-03;3.758324e-03;4.890085e-03
3.700167e-02;2.320304e-01;2.290588e-02;4.979295e-03;4.917786e-03;1.620121e-02;6.144108e-03;4.932829e-03;6.459761e-01;1.029196e-02;8.289851e-03;6.328910e-03
5.990518e-02;2.707546e-01;2.288551e-02;9.140956e-03;8.041905e-03;1.385207e-02;6.264871e-03;1.392166e-02;5.520639e-01;1.597391e-02;1.747294e-02;9.722462e-03
1.531964e-01;3.472121e-01;2.799886e-02;1.858841e-02;1.414176e-02;1.334437e-02;1.110951e-02;5.627324e-02;3.049056e-01;2.036072e-02;1.510121e-02;1.776772e-02
2.651753e-01;3.129311e-01;2.328327e-02;1.343577e-02;1.798062e-02;1.111737e-02;1.447759e-02;1.572361e-01;1.422457e-01;1.826732e-02;8.987057e-03;1.486275e-02
3.128393e-01;2.491271e-01;2.428634e-02;1.467768e-02;2.380415e-02;9.837998e-03;1.767159e-02;2.126669e-01;7.589687e-02;1.602116e-02;1.788679e-02;2.528403e-02
2.457600e-01;2.280902e-01;2.599907e-02;1.550680e-02;2.980817e-02;3.065105e-02;2.973325e-02;1.717041e-01;8.362962e-02;3.677021e-02;2.912772e-02;7.321977e-02
9.053058e-02;1.895152e-01;2.014367e-02;1.755787e-02;1.645519e-02;2.796288e-02;7.743480e-02;2.392737e-01;1.048424e-01;5.985158e-02;2.488435e-02;1.315477e-01
1.057707e-01;1.401044e-01;1.360810e-02;2.640461e-02;1.344681e-02;1.271093e-02;1.145176e-01;1.642242e-01;9.550466e-02;6.426238e-02;2.896363e-02;2.204820e-01
1.109859e-01;9.576351e-02;1.422998e-02;4.378439e-02;8.852650e-03;1.295064e-02;1.736962e-01;6.905736e-02;7.619609e-02;7.259488e-02;2.351508e-02;2.983733e-01
9.396448e-02;6.817749e-02;1.315270e-02;5.426414e-02;9.934232e-03;1.824997e-02;2.552463e-01;4.786538e-02;5.487135e-02;7.858225e-02;1.226708e-02;2.934245e-01
1.245137e-01;5.951114e-02;1.836588e-02;3.754489e-02;1.097348e-02;2.411246e-02;2.763318e-01;1.642409e-01;2.972284e-02;6.110155e-02;1.808118e-02;1.755002e-01
2.570676e-01;4.451043e-02;1.897317e-02;1.279090e-02;1.852673e-02;2.304908e-02;1.708350e-01;3.366800e-01;1.824399e-02;3.366198e-02;1.298673e-02;5.267439e-02
3.096415e-01;2.556516e-02;9.914673e-03;4.908681e-03;3.569363e-02;1.150767e-02;9.224036e-02;4.340877e-01;2.586690e-02;1.218836e-02;8.526432e-03;2.985891e-02
3.247160e-01;2.431204e-02;6.963336e-03;5.614720e-03;5.860418e-02;6.446550e-03;5.417553e-02;4.644687e-01;1.682095e-02;1.382259e-02;7.728936e-03;1.632658e-02
3.393550e-01;5.894630e-02;1.231852e-02;8.371793e-03;7.720331e-02;1.352294e-02;2.232231e-02;3.703444e-01;4.755022e-02;1.827152e-02;4.825135e-03;2.696851e-02
2.178456e-01;1.120713e-01;1.898593e-02;8.636758e-03;5.278153e-02;1.676735e-02;2.983684e-02;2.975394e-01;1.884332e-01;1.231121e-02;1.024139e-02;3.454943e-02
9.435944e-02;1.828804e-01;1.961874e-02;1.138892e-02;2.040466e-02;1.139680e-02;1.712587e-02;2.309263e-01;3.673061e-01;1.674446e-02;9.727044e-03;1.812127e-02
5.907996e-02;2.445581e-01;2.040413e-02;1.032830e-02;7.380110e-03;2.626808e-02;1.197383e-02;7.362760e-02;5.058033e-01;1.334118e-02;1.419149e-02;1.304390e-02
3.932683e-02;2.501813e-01;2.617656e-02;1.302103e-02;1.348306e-02;4.051318e-02;1.042667e-02;2.225115e-02;5.315292e-01;2.379266e-02;1.511510e-02;1.418321e-02
3.851183e-02;2.191552e-01;6.561881e-02;1.469148e-02;2.140655e-02;4.284099e-02;1.441566e-02;1.823225e-02;4.581925e-01;6.657600e-02;2.085945e-02;1.949930e-02
3.323029e-02;1.810062e-01;1.283824e-01;2.244933e-02;2.756944e-02;3.373799e-02;1.921391e-02;5.590314e-02;3.188162e-01;1.239301e-01;3.084402e-02;2.491687e-02
3.450456e-02;1.558038e-01;1.949288e-01;3.261329e-02;2.041157e-02;2.857082e-02;3.291989e-02;7.328403e-02;1.769771e-01;1.862218e-01;4.792230e-02;1.584210e-02
3.132499e-02;6.529035e-02;2.481222e-01;3.003753e-02;9.521153e-03;2.994789e-02;3.550015e-02;3.304380e-02;1.721912e-01;2.863805e-01;4.773440e-02;1.090582e-02
2.650077e-02;2.021751e-01;2.100809e-01;2.780578e-02;9.581064e-03;1.767395e-02;2.903655e-02;1.273096e-02;1.679294e-01;2.443132e-01;3.464397e-02;1.752823e-02
4.011884e-02;4.078570e-01;1.052788e-01;1.292604e-02;1.645267e-02;1.641295e-02;1.470003e-02;1.645201e-02;2.272831e-01;9.852819e-02;2.106597e-02;2.292435e-02
1.601152e-01;3.956815e-01;4.465213e-02;1.038064e-02;2.113938e-02;1.677227e-02;9.967016e-03;7.390720e-02;1.956039e-01;4.401100e-02;1.164741e-02;1.612239e-02
3.558918e-01;2.048353e-01;2.588923e-02;1.184247e-02;2.844103e-02;1.530234e-02;1.366637e-02;1.564299e-01;8.291410e-02;5.423760e-02;1.092271e-02;3.962722e-02
3.614454e-01;6.708428e-02;4.259624e-02;1.962414e-02;2.905935e-02;1.838578e-02;4.439401e-02;1.515327e-01;3.452834e-02;4.107516e-02;3.025281e-02;1.600217e-01
1.961204e-01;5.148388e-02;3.732077e-02;2.561122e-02;1.968230e-02;2.527758e-02;9.245498e-02;8.410147e-02;2.687623e-02;4.044588e-02;1.150458e-01;2.855795e-01
1.037535e-01;4.433187e-02;4.002225e-02;2.041836e-02;9.050624e-03;2.617611e-02;8.756566e-02;6.573933e-02;3.922962e-02;8.268004e-02;2.473590e-01;2.336737e-01
1.217143e-01;6.393832e-02;3.972660e-02;1.155553e-02;8.975509e-03;1.983099e-02;6.097447e-02;4.938820e-02;8.703545e-02;1.487846e-01;2.654125e-01;1.226635e-01
1.182132e-01;8.946797e-02;3.458390e-02;1.599845e-02;1.055873e-02;3.276679e-02;1.032179e-01;4.090667e-02;1.553530e-01;1.386814e-01;1.886890e-01;7.156297e-02
1.251992e-01;8.108583e-02;4.710088e-02;1.467202e-02;1.541367e-02;4.699390e-02;1.932160e-01;4.803200e-02;1.623296e-01;6.486809e-02;1.090274e-01;9.206145e-02
1.022810e-01;7.342693e-02;4.094993e-02;1.242797e-02;2.875852e-02;4.959137e-02;2.713221e-01;4.741733e-02;1.270999e-01;7.513668e-02;5.501899e-02;1.165693e-01
1.016046e-01;7.813614e-02;5.277209e-02;1.776255e-02;3.306823e-02;5.369018e-02;3.076190e-01;6.418578e-02;8.923653e-02;5.883776e-02;4.991733e-02;9.316977e-02
7.351065e-02;9.353055e-02;5.182682e-02;1.435865e-02;3.475748e-02;5.816560e-02;3.448586e-01;1.115417e-01;3.933909e-02;5.230174e-02;3.543651e-02;9.037254e-02
3.114021e-02;6.434054e-02;3.103284e-02;7.814374e-03;4.572281e-02;6.022795e-02;4.270487e-01;8.892459e-02;3.568501e-02;5.507832e-02;5.255236e-02;1.004323e-01
3.680865e-02;2.931687e-02;1.681736e-02;1.018672e-02;5.573284e-02;7.697215e-02;4.593900e-01;4.724740e-02;5.967300e-02;4.910246e-02;4.405373e-02;1.146989e-01
4.403621e-02;2.659543e-02;2.504750e-02;8.854918e-03;6.724101e-02;1.004038e-01;4.092635e-01;3.347270e-02;6.246838e-02;3.018971e-02;7.165985e-02;1.207671e-01
6.367259e-02;6.775422e-02;4.609459e-02;1.208776e-02;9.213728e-02;1.354797e-01;2.970133e-01;5.862414e-02;4.161482e-02;3.457663e-02;7.537545e-02;7.556962e-02
7.597956e-02;1.126242e-01;5.073768e-02;2.430192e-02;1.421660e-01;1.581163e-01;2.150997e-01;5.277399e-02;5.540632e-02;3.191915e-02;3.994844e-02;4.092672e-02
7.405180e-02;7.736000e-02;5.047030e-02;3.947751e-02;1.521938e-01;1.150062e-01;2.217620e-01;7.274694e-02;4.705398e-02;4.931594e-02;4.923137e-02;5.133015e-02
7.022163e-02;4.584971e-02;8.411905e-02;5.514536e-02;1.529124e-01;8.737540e-02;2.404265e-01;7.868041e-02;2.802543e-02;5.160364e-02;5.385036e-02;5.179015e-02
6.393756e-02;5.552127e-02;1.228080e-01;8.752638e-02;1.075862e-01;6.548131e-02;2.353682e-01;7.498507e-02;3.615084e-02;5.467796e-02;4.003159e-02;5.592565e-02
5.208971e-02;3.877218e-02;1.616817e-01;1.086964e-01;9.777577e-02;7.041560e-02;2.013880e-01;9.277929e-02;2.691730e-02;4.415174e-02;3.876296e-02;6.656934e-02
3.375651e-02;4.165248e-02;2.053722e-01;1.271832e-01;9.949037e-02;6.639467e-02;1.441742e-01;1.136360e-01;3.315144e-02;2.843750e-02;4.719522e-02;5.955610e-02
3.779955e-02;6.531460e-02;1.827263e-01;1.401130e-01;1.059701e-01;6.581928e-02;1.312472e-01;1.277705e-01;3.560583e-02;3.622907e-02;3.839117e-02;3.301348e-02
5.295366e-02;5.543885e-02;1.376868e-01;8.257303e-02;7.841171e-02;5.569316e-02;1.413756e-01;8.924776e-02;7.532693e-02;1.101230e-01;9.052913e-02;3.064032e-02
3.016862e-02;3.768328e-02;1.812118e-01;4.425655e-02;4.785138e-02;2.991425e-02;1.406732e-01;8.363657e-02;8.344049e-02;1.947125e-01;1.020232e-01;2.442809e-02
1.321968e-02;4.844863e-02;2.248850e-01;2.433978e-02;3.167961e-02;1.931200e-02;1.098841e-01;5.814206e-02;6.500953e-02;2.992020e-01;8.327020e-02;2.260736e-02
2.365480e-02;9.247410e-02;2.065848e-01;1.765289e-02;2.362937e-02;2.267290e-02;5.400676e-02;6.040755e-02;1.725392e-01;2.646290e-01;3.844535e-02;2.330327e-02
5.671716e-02;1.097103e-01;1.272566e-01;1.688102e-02;3.009830e-02;2.670271e-02;2.892083e-02;1.248970e-01;2.377293e-01;1.695000e-01;4.054686e-02;3.103999e-02
8.254112e-02;6.945981e-02;6.386715e-02;2.280024e-02;4.103791e-02;2.137647e-02;7.467500e-02;1.948401e-01;1.647236e-01;1.731872e-01;4.153442e-02;4.995703e-02
5.224570e-02;2.589214e-02;7.839218e-02;5.117912e-02;2.849739e-02;2.719667e-02;1.116741e-01;1.437367e-01;1.093285e-01;2.415944e-01;4.511192e-02;8.515107e-02
3.157515e-02;4.520375e-02;1.205592e-01;5.864717e-02;2.236125e-02;3.564494e-02;1.014660e-01;7.524081e-02;1.159067e-01;2.070176e-01;9.832259e-02;8.805488e-02
7.295888e-02;7.992938e-02;1.682950e-01;8.405676e-02;4.481421e-02;3.359662e-02;7.214575e-02;7.836963e-02;5.668041e-02;1.353417e-01;1.114861e-01;6.232557e-02
9.144332e-02;7.682593e-02;1.398633e-01;1.522807e-01;5.521359e-02;4.115633e-02;6.713527e-02;6.894292e-02;7.677348e-02;8.830286e-02;1.002452e-01;4.181707e-02
