2.791249e-02;1.478114e-01;1.049303e-01;3.847775e-02;5.636482e-02;2.144393e-01;7.573270e-02;1.515766e-01;7.716351e-02;4.641091e-02;3.517061e-02;2.400963e-02
3.524085e-02;1.973927e-01;1.204303e-01;4.235227e-02;4.232036e-02;1.302860e-01;8.537805e-02;1.411458e-01;8.046602e-02;5.218947e-02;3.025397e-02;4.254406e-02
3.242485e-02;2.232109e-01;2.295757e-01;3.008001e-02;2.016115e-02;8.369946e-02;5.229184e-02;8.426495e-02;8.789680e-02;7.736254e-02;3.017999e-02;4.885190e-02
1.959176e-02;2.331441e-01;3.531080e-01;4.052432e-02;1.141677e-02;3.503170e-02;2.190773e-02;4.389482e-02;6.515720e-02;1.053977e-01;2.921580e-02;4.161001e-02
1.871502e-02;2.411548e-01;4.087389e-01;5.263476e-02;1.122908e-02;3.102417e-02;2.715559e-02;2.237517e-02;3.658434e-02;9.310400e-02;3.895571e-02;1.832843e-02
2.816577e-02;2.753016e-01;4.027184e-01;5.008993e-02;1.311101e-02;3.011719e-02;4.484836e-02;2.445502e-02;2.988803e-02;5.569235e-02;3.752958e-02;8.082821e-03
4.426635e-02;2.914579e-01;3.024403e-01;4.091871e-02;1.838352e-02;3.131018e-02;6.499327e-02;4.601645e-02;4.153350e-02;6.667845e-02;2.829163e-02;2.370967e-02
4.871044e-02;2.816602e-01;1.452195e-01;5.493195e-02;3.748013e-02;7.499545e-02;8.879210e-02;7.472357e-02;5.071606e-02;8.301622e-02;1.633654e-02;4.341784e-02
3.894790e-02;2.206258e-01;2.282605e-01;4.323456e-02;2.830738e-02;9.813390e-02;6.500885e-02;7.336719e-02;5.706543e-02;6.717081e-02;2.693987e-02;5.293785e-02
3.545617e-02;1.572098e-01;1.618329e-01;4.332478e-02;4.478231e-02;1.050482e-01;7.936175e-02;1.174945e-01;6.309886e-02;9.160420e-02;3.027691e-02;7.050961e-02
2.707014e-02;8.846925e-02;7.939916e-02;3.414056e-02;7.515510e-02;2.495022e-01;9.549618e-02;1.440908e-01;5.529912e-02;7.668414e-02;2.424488e-02;5.044849e-02
2.958712e-02;5.963313e-02;7.232131e-02;2.977943e-02;6.021443e-02;3.936167e-01;1.136594e-01;1.011491e-01;4.040709e-02;5.088739e-02;1.513950e-02;3.360538e-02
3.957114e-02;5.958154e-02;5.238251e-02;2.209947e-02;3.258621e-02;4.679970e-01;1.062850e-01;1.181402e-01;3.852484e-02;3.579868e-02;1.086060e-02;1.617292e-02
3.515638e-02;5.668890e-02;4.957569e-02;2.390260e-02;5.318706e-02;4.995925e-01;8.810249e-02;1.060343e-01;3.317042e-02;3.291682e-02;1.402554e-02;7.647289e-03
1.510509e-02;5.426575e-02;8.394715e-02;3.679945e-02;9.353050e-02;5.051604e-01;5.827684e-02;4.923375e-02;2.486664e-02;3.674361e-02;1.162497e-02;3.044583e-02
1.396860e-02;3.989334e-02;1.004485e-01;4.253819e-02;1.097255e-01;4.507439e-01;6.118092e-02;3.720528e-02;4.314426e-02;2.972480e-02;1.925076e-02;5.217589e-02
3.249557e-02;3.952914e-02;5.832027e-02;2.298857e-02;6.073226e-02;4.324357e-01;1.047987e-01;8.980928e-02;5.046627e-02;3.670748e-02;3.134073e-02;4.037607e-02
4.140062e-02;6.146530e-02;1.005385e-01;1.225047e-02;2.435917e-02;2.230060e-01;1.038425e-01;2.105411e-01;6.514654e-02;5.556315e-02;3.515110e-02;6.673569e-02
2.644160e-02;5.116165e-02;1.692966e-01;6.611623e-03;1.487285e-02;7.803162e-02;9.393816e-02;3.000383e-01;6.334074e-02;7.656817e-02;2.729074e-02;9.240788e-02
1.121980e-02;8.289196e-02;2.118351e-01;6.132614e-03;4.052073e-02;2.364702e-02;9.476833e-02;3.050416e-01;4.823732e-02;7.675722e-02;1.973522e-02;7.921303e-02
5.605860e-03;1.949069e-01;1.657488e-01;4.705549e-03;8.667362e-02;2.517937e-02;1.563898e-01;1.939567e-01;5.320004e-02;5.014864e-02;2.147231e-02;4.201241e-02
4.722624e-03;2.129150e-01;1.111482e-01;6.932385e-03;1.090451e-01;3.306001e-02;2.102208e-01;1.397089e-01;5.625373e-02;7.537375e-02;1.491882e-02;2.570067e-02
3.842119e-03;1.144391e-01;1.356373e-01;1.217971e-02;7.434253e-02;7.701614e-02;2.151807e-01;1.621785e-01;4.007870e-02;1.335267e-01;9.705566e-03;2.187295e-02
5.684386e-03;8.096928e-02;1.302257e-01;1.696005e-02;4.935858e-02;1.390597e-01;2.147670e-01;1.454550e-01;4.639645e-02;1.302298e-01;1.552636e-02;2.536762e-02
1.273913e-02;9.345181e-02;1.274323e-01;1.552942e-02;4.612502e-02;1.806283e-01;1.975092e-01;1.081646e-01;5.083667e-02;9.572257e-02;3.021030e-02;4.165054e-02
1.497624e-02;1.011126e-01;1.689975e-01;2.067806e-02;5.121940e-02;1.904189e-01;1.741558e-01;9.478138e-02;4.309719e-02;6.861834e-02;3.330660e-02;3.863791e-02
8.708199e-03;8.401813e-02;1.788843e-01;2.104078e-02;5.119542e-02;1.534868e-01;2.053801e-01;1.150070e-01;5.491447e-02;6.104675e-02;2.303382e-02;4.328423e-02
5.546632e-03;9.719070e-02;1.115497e-01;1.689552e-02;9.475297e-02;9.357466e-02;1.998391e-01;1.379224e-01;7.164375e-02;5.877829e-02;4.390925e-02;6.839695e-02
1.349571e-02;1.027083e-01;1.251465e-01;1.901742e-02;1.559647e-01;7.188684e-02;1.392124e-01;1.241054e-01;5.524005e-02;5.807846e-02;5.437219e-02;8.077206e-02
1.158985e-02;1.035730e-01;1.275985e-01;3.350401e-02;1.169027e-01;8.706780e-02;1.041785e-01;1.961614e-01;7.936661e-02;5.301451e-02;3.174506e-02;5.529819e-02
1.351303e-02;1.040321e-01;8.494171e-02;1.832207e-02;8.171117e-02;7.123511e-02;1.851536e-01;2.919023e-01;8.326989e-02;3.567618e-02;1.061136e-02;1.963152e-02
5.176599e-03;1.074869e-01;4.041043e-02;1.299469e-02;1.008748e-01;5.785302e-02;2.436598e-01;3.243423e-01;6.251926e-02;3.226122e-02;4.369261e-03;8.051763e-03
6.956285e-03;1.333051e-01;4.801907e-02;1.168829e-02;1.106046e-01;4.656720e-02;2.756980e-01;2.655388e-01;5.766927e-02;3.090853e-02;7.718850e-03;5.325955e-03
2.472230e-02;1.515649e-01;5.770952e-02;1.884769e-02;9.899206e-02;9.311225e-02;2.664381e-01;1.558895e-01;8.160256e-02;2.806539e-02;1.306166e-02;9.994005e-03
4.281336e-02;1.564119e-01;5.340833e-02;3.567521e-02;8.030885e-02;1.297350e-01;2.335676e-01;7.981747e-02;9.755671e-02;4.866819e-02;2.060164e-02;2.143571e-02
5.387610e-02;1.826692e-01;3.514207e-02;3.443407e-02;3.755414e-02;1.124458e-01;1.914033e-01;1.235813e-01;1.203093e-01;7.684030e-02;1.466206e-02;1.708241e-02
3.358049e-02;2.342028e-01;3.277744e-02;2.857662e-02;2.531714e-02;9.912987e-02;2.473639e-01;1.098311e-01;1.209961e-01;5.129660e-02;9.180320e-03;7.747579e-03
4.354865e-02;2.593784e-01;2.174834e-02;3.426614e-02;2.237337e-02;1.151222e-01;3.265362e-01;5.565409e-02;7.866944e-02;2.916533e-02;9.602812e-03;3.935074e-03
1.023068e-01;1.860751e-01;9.570601e-03;7.590117e-02;1.223792e-02;1.929756e-01;2.909661e-01;5.393082e-02;2.715382e-02;3.525395e-02;7.236201e-03;6.391999e-03
1.554569e-01;1.028321e-01;1.857240e-02;1.205356e-01;2.809803e-02;2.586532e-01;1.709666e-01;4.366461e-02;1.330904e-02;7.306594e-02;1.166127e-02;3.184359e-03
1.574098e-01;4.793216e-02;3.156779e-02;1.122797e-01;7.415297e-02;3.038989e-01;9.664088e-02;3.325373e-02;1.753616e-02;8.250804e-02;1.933454e-02;2.348539e-02
7.038433e-02;2.666684e-02;5.172758e-02;7.827751e-02;1.207922e-01;3.743789e-01;8.798674e-02;3.729131e-02;2.160090e-02;5.754262e-02;2.254897e-02;5.080209e-02
5.510123e-02;4.051263e-02;6.369825e-02;4.783952e-02;1.094621e-01;4.481845e-01;5.533472e-02;4.321893e-02;3.362952e-02;3.603096e-02;2.321535e-02;4.377224e-02
6.474897e-02;1.023023e-01;1.203820e-01;3.154687e-02;6.457829e-02;3.853294e-01;3.587936e-02;4.832040e-02;5.575937e-02;4.227727e-02;1.718516e-02;3.169062e-02
5.349859e-02;1.737030e-01;1.774927e-01;3.730414e-02;5.667030e-02;2.434210e-01;7.716106e-02;3.427733e-02;5.540472e-02;4.123715e-02;1.914079e-02;3.068923e-02
5.362367e-02;1.911005e-01;1.953113e-01;5.358622e-02;4.979908e-02;1.851275e-01;7.764027e-02;5.248120e-02;4.536069e-02;4.661802e-02;2.012196e-02;2.922962e-02
5.594350e-02;1.797561e-01;2.183029e-01;9.538112e-02;4.131847e-02;1.769073e-01;5.978291e-02;5.138012e-02;3.024947e-02;5.267160e-02;1.690705e-02;2.139946e-02
5.809464e-02;9.210011e-02;1.258739e-01;1.009076e-01;3.785496e-02;2.849946e-01;9.524377e-02;1.015074e-01;4.451068e-02;3.481033e-02;1.280828e-02;1.129367e-02
3.408311e-02;4.716889e-02;9.758809e-02;3.468680e-02;3.775224e-02;2.156050e-01;1.348435e-01;2.731377e-01;6.524956e-02;3.900553e-02;9.843837e-03;1.103574e-02
1.850695e-02;3.444025e-02;1.378223e-01;1.408189e-02;2.554163e-02;1.113390e-01;8.831633e-02;4.245579e-01;7.426718e-02;4.888785e-02;5.044064e-03;1.719472e-02
7.604080e-03;1.185197e-02;1.761224e-01;1.807195e-02;1.587756e-02;3.306923e-02;4.264910e-02;5.240529e-01;8.141241e-02;6.331645e-02;8.043814e-03;1.792816e-02
7.491493e-03;7.299944e-03;1.708664e-01;9.108751e-03;7.834077e-03;3.840327e-02;4.128709e-02;5.295878e-01;8.288754e-02;8.201411e-02;7.467815e-03;1.575168e-02
5.131734e-03;9.491417e-03;1.572731e-01;6.482306e-03;5.045630e-03;5.137052e-02;9.804476e-02;4.772641e-01;7.018478e-02;9.382761e-02;2.898393e-03;2.298572e-02
2.993063e-03;1.179568e-02;1.439179e-01;1.895509e-02;1.205772e-02;9.609546e-02;1.776561e-01;3.598696e-01;5.666080e-02;8.627259e-02;3.527265e-03;3.019882e-02
1.092365e-02;2.619099e-02;1.269917e-01;3.141724e-02;2.499138e-02;1.399266e-01;2.177420e-01;2.149351e-01;7.364593e-02;8.625232e-02;8.534313e-03;3.844877e-02
1.670082e-02;7.166301e-02;1.149797e-01;2.304755e-02;3.444154e-02;9.775798e-02;1.002578e-01;2.866934e-01;1.176875e-01;8.973923e-02;1.442754e-02;3.260392e-02
8.281401e-03;7.117978e-02;1.426362e-01;1.077475e-02;4.424118e-02;3.061251e-02;1.385984e-01;3.725722e-01;9.481870e-02;5.376722e-02;1.155845e-02;2.095918e-02
2.735278e-03;1.271959e-01;1.117047e-01;6.696558e-03;8.621601e-02;3.171660e-02;2.037577e-01;3.127470e-01;6.848953e-02;1.617110e-02;1.967245e-02;1.289717e-02
7.936423e-03;2.023704e-01;6.113664e-02;5.166480e-03;9.673992e-02;4.164555e-02;2.869692e-01;1.677264e-01;8.511406e-02;1.135525e-02;2.472166e-02;9.117998e-03
3.055915e-02;1.911535e-01;3.106206e-02;1.232922e-02;8.603098e-02;1.069938e-01;3.011332e-01;8.780872e-02;9.829989e-02;2.057954e-02;2.320223e-02;1.084768e-02
5.382838e-02;1.206310e-01;3.331932e-02;3.089699e-02;9.738231e-02;1.773561e-01;2.434516e-01;8.945083e-02;7.010238e-02;3.930335e-02;2.202264e-02;2.225510e-02
4.440078e-02;6.052696e-02;5.841805e-02;4.142842e-02;1.195338e-01;1.802635e-01;2.298216e-01;1.194982e-01;4.830220e-02;4.396511e-02;2.470225e-02;2.913916e-02
1.083306e-02;7.432824e-02;7.376445e-02;4.044606e-02;1.235625e-01;1.712202e-01;2.596762e-01;9.142677e-02;6.797168e-02;4.137819e-02;2.101086e-02;2.438180e-02
2.562395e-02;1.001587e-01;7.446400e-02;4.073552e-02;9.776730e-02;1.569901e-01;2.581036e-01;7.704012e-02;8.156089e-02;4.497051e-02;2.130078e-02;2.128454e-02
1.755171e-02;8.241316e-02;7.121529e-02;2.839836e-02;1.445970e-01;1.013450e-01;2.037803e-01;7.259113e-02;1.210384e-01;1.021747e-01;3.252216e-02;2.237283e-02
2.098721e-02;5.452871e-02;6.619283e-02;2.003749e-02;1.228627e-01;9.301591e-02;1.242736e-01;8.842568e-02;1.500596e-01;1.717342e-01;6.490590e-02;2.297620e-02
2.094406e-02;6.025881e-02;7.990386e-02;1.230252e-02;7.157900e-02;8.661649e-02;1.307863e-01;2.254365e-01;1.323955e-01;1.123709e-01;5.407157e-02;1.333451e-02
7.118556e-03;4.517417e-02;1.266236e-01;1.179710e-02;3.989901e-02;5.173340e-02;1.488355e-01;3.763354e-01;1.125886e-01;5.045784e-02;1.607477e-02;1.336215e-02
6.071786e-03;2.708538e-02;2.008678e-01;1.423151e-02;4.766683e-02;4.183796e-02;1.038987e-01;3.987828e-01;7.621797e-02;5.271621e-02;1.242567e-02;1.819735e-02
1.182832e-02;1.245778e-02;3.297529e-01;6.482848e-03;8.651217e-02;2.945429e-02;5.173469e-02;3.519469e-01;4.985389e-02;4.595764e-02;1.025703e-02;1.376151e-02
7.039577e-03;5.935463e-02;4.545773e-01;1.176558e-02;8.710931e-02;2.254583e-02;4.244160e-02;2.298863e-01;2.765938e-02;2.746989e-02;1.951791e-02;1.063267e-02
8.895784e-03;2.169468e-01;3.557693e-01;1.477621e-02;5.799443e-02;1.711861e-02;9.965197e-02;1.183643e-01;2.218062e-02;1.202098e-02;6.631459e-02;9.966430e-03
1.687619e-02;3.668402e-01;1.793337e-01;1.014419e-02;4.106423e-02;2.502420e-02;1.489574e-01;5.692260e-02;3.480339e-02;2.271005e-02;8.852841e-02;8.795385e-03
1.096468e-01;3.414344e-01;7.472423e-02;1.612749e-02;1.831899e-02;7.066862e-02;1.451048e-01;2.965901e-02;3.575165e-02;8.915718e-02;5.752614e-02;1.188066e-02
2.618285e-01;1.417868e-01;4.218751e-02;1.967757e-02;2.540195e-02;1.367458e-01;9.496729e-02;3.334019e-02;2.340550e-02;1.659317e-01;2.595060e-02;2.877669e-02
2.813688e-01;5.254060e-02;3.209728e-02;1.073055e-02;6.600173e-02;1.465746e-01;5.736358e-02;2.963854e-02;5.257991e-02;1.478237e-01;1.307475e-02;1.102059e-01
1.308889e-01;3.980346e-02;2.448012e-02;5.518867e-02;1.133476e-01;1.014325e-01;5.504862e-02;2.833315e-02;8.742709e-02;7.036634e-02;6.578074e-02;2.279028e-01
3.119359e-02;3.408930e-02;3.923835e-02;1.757553e-01;7.967780e-02;5.328682e-02;5.224041e-02;5.713595e-02;4.609249e-02;7.038897e-02;1.872793e-01;1.736217e-01
1.878492e-02;4.690487e-02;1.108655e-01;2.462010e-01;2.645820e-02;2.898636e-02;3.447654e-02;5.854148e-02;4.270721e-02;1.084404e-01;2.282433e-01;4.939020e-02
2.015235e-02;6.905977e-02;1.861215e-01;1.955595e-01;3.146742e-02;2.748022e-02;3.840892e-02;4.121301e-02;4.090057e-02;1.677196e-01;1.598435e-01;2.207358e-02
3.426325e-02;9.236922e-02;1.638211e-01;1.093212e-01;1.745617e-02;3.112261e-02;6.638476e-02;7.366756e-02;4.943414e-02;1.834886e-01;1.252230e-01;5.344842e-02
6.590264e-02;9.822102e-02;8.969654e-02;9.712677e-02;3.850070e-02;3.612350e-02;7.865093e-02;1.014941e-01;6.711277e-02;1.739136e-01;1.130338e-01;4.022361e-02
7.435817e-02;1.087301e-01;7.279833e-02;1.322745e-01;6.064365e-02;6.708933e-02;8.995237e-02;9.487014e-02;8.089309e-02;1.090150e-01;7.492970e-02;3.444566e-02
4.897050e-02;7.866570e-02;6.787198e-02;1.612328e-01;4.533248e-02;5.623384e-02;1.120085e-01;6.898117e-02;8.143934e-02;1.165492e-01;9.477970e-02;6.793474e-02
3.862089e-02;4.809532e-02;9.612624e-02;1.951478e-01;5.310042e-02;3.382066e-02;1.056623e-01;1.148734e-01;6.645916e-02;1.031378e-01;9.591298e-02;4.904313e-02
3.361946e-02;5.375611e-02;8.940712e-02;1.297404e-01;4.934489e-02;4.128847e-02;1.042588e-01;1.579106e-01;4.484325e-02;1.155142e-01;1.452444e-01;3.507229e-02
4.262652e-02;5.189962e-02;8.368662e-02;4.484997e-02;4.514837e-02;5.575820e-02;9.185038e-02;1.197485e-01;1.051801e-01;1.416060e-01;1.841861e-01;3.345960e-02
6.102949e-02;4.020010e-02;5.782782e-02;8.330274e-02;4.562441e-02;7.085788e-02;1.282982e-01;7.209131e-02;1.266114e-01;1.046944e-01;1.724235e-01;3.703866e-02
8.711492e-02;7.856104e-02;8.552501e-02;1.310709e-01;3.584354e-02;4.416706e-02;1.406231e-01;5.546816e-02;9.237897e-02;1.130091e-01;8.526001e-02;5.097825e-02
1.486898e-01;1.281460e-01;7.714942e-02;9.151718e-02;5.708619e-02;3.531842e-02;8.489756e-02;3.885430e-02;7.181627e-02;1.076744e-01;5.604058e-02;1.028099e-01
1.486840e-01;1.430347e-01;4.586602e-02;5.184174e-02;4.918870e-02;2.280016e-02;7.894886e-02;7.086318e-02;4.748246e-02;5.707910e-02;1.194235e-01;1.647876e-01
9.597754e-02;1.139558e-01;6.599746e-02;2.953478e-02;3.786511e-02;4.282501e-02;1.090495e-01;8.876827e-02;3.998156e-02;5.493652e-02;1.440469e-01;1.770615e-01
9.490308e-02;7.768201e-02;8.596627e-02;4.314063e-02;4.324567e-02;8.182333e-02;1.005683e-01;1.258324e-01;6.217141e-02;9.149067e-02;7.702111e-02;1.161551e-01
8.605885e-02;6.584343e-02;7.715677e-02;4.107177e-02;3.933033e-02;1.268808e-01;5.481021e-02;2.040202e-01;1.059887e-01;1.080146e-01;3.317396e-02;5.765038e-02
6.075269e-02;4.963663e-02;6.785341e-02;2.321307e-02;2.295199e-02;9.484079e-02;1.727636e-02;2.222485e-01;2.218161e-01;1.316101e-01;4.125638e-02;4.654403e-02
3.241827e-02;5.805077e-02;5.587661e-02;1.184188e-02;1.693484e-02;1.353748e-01;8.093899e-02;2.105113e-01;2.236374e-01;1.096511e-01;3.462858e-02;3.013541e-02
3.270542e-02;6.772257e-02;4.760399e-02;1.524788e-02;3.045701e-02;2.844578e-01;1.336055e-01;1.855610e-01;1.118640e-01;4.366530e-02;2.514068e-02;2.196879e-02
8.078411e-02;4.610243e-02;3.248825e-02;2.328475e-02;6.242754e-02;4.700731e-01;9.623866e-02;1.027550e-01;4.122543e-02;1.767484e-02;1.221357e-02;1.473239e-02
1.113838e-01;3.427604e-02;1.133423e-02;1.533733e-02;5.524763e-02;5.150845e-01;1.834566e-01;2.956838e-02;1.852820e-02;1.641690e-02;4.979356e-03;4.387032e-03
7.971575e-02;6.211355e-02;7.345371e-03;6.591422e-03;2.183506e-02;3.281948e-01;3.824578e-01;7.407469e-02;1.318507e-02;1.357245e-02;5.964726e-03;4.949361e-03
3.068739e-02;7.340556e-02;1.046669e-02;6.209819e-03;1.358553e-02;1.007334e-01;5.034078e-01;2.269557e-01;1.699760e-02;8.697107e-03;7.444730e-03;1.408600e-03
6.272154e-03;4.110961e-02;2.741233e-02;5.136487e-03;5.729770e-03;5.706665e-02;3.710296e-01;4.230438e-01;3.507268e-02;1.583564e-02;5.751235e-03;6.540052e-03
1.115101e-02;1.503946e-02;4.703019e-02;8.702379e-03;4.505489e-03;6.893853e-02;1.532010e-01;5.322869e-01;1.033861e-01;2.991350e-02;6.282944e-03;1.956249e-02
5.932731e-02;1.114768e-02;4.563749e-02;3.082340e-02;4.512629e-03;4.837450e-02;3.536295e-02;4.308277e-01;2.499152e-01;4.331919e-02;1.210521e-02;2.864673e-02
1.265940e-01;2.168127e-02;1.365445e-02;5.432820e-02;8.574674e-03;2.191567e-02;7.747312e-02;1.629333e-01;4.394392e-01;5.023203e-02;7.337389e-03;1.583664e-02
1.140073e-01;2.310992e-02;7.809714e-03;4.107219e-02;2.745155e-02;1.101322e-02;6.823845e-02;9.659641e-02;4.560032e-01;1.294981e-01;1.595834e-02;9.241640e-03
5.979110e-02;3.530761e-02;8.049961e-03;1.374748e-02;5.026381e-02;3.361172e-02;6.228334e-02;1.195545e-01;3.010062e-01;2.583762e-01;4.793774e-02;1.007033e-02
2.114305e-02;5.171438e-02;1.569754e-02;1.329855e-02;4.103151e-02;1.364389e-01;6.315578e-02;1.738743e-01;1.289370e-01;2.407110e-01;1.023662e-01;1.163177e-02
7.805282e-03;3.977957e-02;4.084391e-02;2.094655e-02;2.030041e-02;3.046450e-01;4.313950e-02;1.200382e-01;9.162655e-02;1.037958e-01;1.912067e-01;1.587263e-02
6.454018e-03;2.683207e-02;5.935736e-02;2.018076e-02;2.629967e-02;3.226770e-01;3.597216e-02;6.410612e-02;1.413282e-01;5.340412e-02;2.203804e-01;2.300805e-02
8.999626e-03;3.377166e-02;6.142357e-02;1.768280e-02;3.277492e-02;2.738085e-01;2.811286e-02;9.129503e-02;1.772754e-01;6.385236e-02;1.880592e-01;2.294411e-02
1.335424e-02;3.190914e-02;3.900729e-02;1.306149e-02;4.299029e-02;2.330585e-01;3.897576e-02;2.367098e-01;1.660829e-01;6.334146e-02;9.710050e-02;2.440864e-02
2.466253e-02;1.891567e-02;4.356499e-02;7.425346e-03;4.748797e-02;3.108646e-01;5.122852e-02;2.574137e-01;1.550311e-01;3.359831e-02;2.761647e-02;2.219071e-02
4.042123e-02;3.959061e-02;5.822098e-02;2.287282e-02;4.033363e-02;3.464247e-01;3.855449e-02;1.538841e-01;1.390655e-01;5.696608e-02;4.474084e-02;1.892495e-02
5.113048e-02;6.964967e-02;5.893955e-02;3.174226e-02;4.155055e-02;3.036913e-01;3.348271e-02;1.144566e-01;1.469456e-01;6.933430e-02;6.817952e-02;1.089741e-02
4.893818e-02;6.495520e-02;5.162703e-02;3.309645e-02;4.769471e-02;3.539928e-01;4.649920e-02;8.101888e-02;1.138072e-01;6.505942e-02;7.830965e-02;1.500124e-02
2.689704e-02;6.777518e-02;4.178755e-02;3.810558e-02;4.452040e-02;3.589050e-01;8.733170e-02;8.129504e-02;7.472058e-02;8.467979e-02;7.414347e-02;1.983873e-02
3.357268e-02;1.184734e-01;3.524126e-02;2.302325e-02;3.631061e-02;1.710151e-01;1.431572e-01;2.223948e-01;7.610814e-02;6.721757e-02;5.670543e-02;1.678048e-02
1.785932e-02;1.565276e-01;2.895824e-02;1.307420e-02;2.659662e-02;1.172153e-01;2.348668e-01;2.529781e-01;5.104635e-02;3.840206e-02;5.305433e-02;9.421077e-03
2.957560e-02;1.508061e-01;2.117398e-02;1.010813e-02;1.923239e-02;1.735573e-01;3.067115e-01;1.960015e-01;2.446880e-02;2.329468e-02;3.570788e-02;9.362197e-03
5.525918e-02;1.106943e-01;1.178019e-02;9.469980e-03;2.662439e-02;2.700480e-01;3.201001e-01;1.202021e-01;1.829886e-02;3.067745e-02;1.829833e-02;8.547166e-03
6.116494e-02;7.515123e-02;2.938803e-02;2.166783e-02;5.120999e-02;3.174068e-01;2.733533e-01;6.198710e-02;2.327580e-02;5.117109e-02;1.665738e-02;1.756648e-02
4.671359e-02;6.731857e-02;7.429546e-02;4.034914e-02;6.746016e-02;2.511963e-01;2.425068e-01;4.833880e-02;3.373042e-02;6.168167e-02;3.986432e-02;2.654482e-02
4.132653e-02;5.553989e-02;1.326717e-01;5.172053e-02;3.478827e-02;2.398418e-01;2.393893e-01;4.684629e-02;4.708328e-02;3.501729e-02;4.298441e-02;3.279070e-02
4.807948e-02;7.019619e-02;1.316316e-01;5.365349e-02;3.228107e-02;2.219221e-01;1.978242e-01;5.709250e-02;4.541145e-02;4.805798e-02;3.702404e-02;5.682594e-02
1.056909e-01;1.386373e-01;8.232094e-02;3.912747e-02;4.992190e-02;1.510885e-01;8.560558e-02;6.010502e-02;4.763522e-02;7.274074e-02;5.747480e-02;1.096516e-01
1.236584e-01;1.731807e-01;6.406269e-02;3.197269e-02;3.763445e-02;9.717952e-02;8.355090e-02;7.741337e-02;4.958420e-02;7.317758e-02;8.307792e-02;1.055076e-01
7.501789e-02;1.600663e-01;6.063249e-02;3.286273e-02;1.654053e-02;1.657419e-01;1.027439e-01;1.163561e-01;5.469925e-02;7.572371e-02;9.081534e-02;4.879983e-02
1.167013e-01;9.448954e-02;4.454910e-02;4.200084e-02;6.377598e-02;2.646728e-01;7.065890e-02;1.078191e-01;5.085483e-02;3.248056e-02;6.840411e-02;4.359300e-02
1.200918e-01;3.885327e-02;3.938498e-02;4.005787e-02;1.277078e-01;3.197644e-01;5.086289e-02;5.853018e-02;3.117281e-02;2.819703e-02;3.695769e-02;1.084192e-01
7.299760e-02;1.553087e-02;4.323183e-02;6.657389e-02;1.897767e-01;3.199114e-01;3.256875e-02;1.959672e-02;2.498172e-02;2.245123e-02;2.662032e-02;1.657590e-01
2.444108e-02;2.378485e-02;6.818474e-02;1.255184e-01;2.075384e-01;2.407722e-01;1.704433e-02;1.581496e-02;1.958430e-02;1.883529e-02;6.475014e-02;1.737313e-01
1.342618e-02;4.184036e-02;1.293826e-01;1.942616e-01;1.442981e-01;1.385741e-01;1.494087e-02;2.534459e-02;1.388562e-02;2.231181e-02;1.512671e-01;1.104670e-01
1.146569e-02;6.802855e-02;2.349922e-01;1.919241e-01;8.652898e-02;6.865437e-02;1.907337e-02;2.453466e-02;1.263273e-02;6.072273e-02;1.783708e-01;4.307179e-02
1.641621e-02;1.095560e-01;3.019190e-01;1.132829e-01;5.520876e-02;5.609133e-02;2.456658e-02;1.936483e-02;2.660043e-02;1.379504e-01;1.157020e-01;2.334150e-02
1.675485e-02;1.631253e-01;2.754542e-01;7.297404e-02;3.687428e-02;7.655708e-02;2.058466e-02;2.069346e-02;5.032057e-02;1.903205e-01;6.138065e-02;1.496048e-02
5.546271e-02;2.250925e-01;1.707859e-01;6.568195e-02;3.041779e-02;7.960812e-02;1.888211e-02;3.280500e-02;8.808123e-02;1.869674e-01;3.139224e-02;1.482318e-02
1.576581e-01;2.151775e-01;1.064096e-01;5.607283e-02;3.564883e-02;7.145049e-02;2.854471e-02;6.202094e-02;9.073851e-02;1.116953e-01;4.065880e-02;2.392439e-02
1.975484e-01;1.832148e-01;1.573802e-01;6.826063e-02;5.882409e-02;6.941643e-02;2.585138e-02;6.395978e-02;3.707963e-02;7.425205e-02;2.954022e-02;3.467240e-02
1.244394e-01;2.739880e-01;1.260149e-01;5.269642e-02;5.075856e-02;7.638220e-02;1.566223e-02;5.876889e-02;9.443567e-02;8.120450e-02;2.605718e-02;1.959204e-02
4.599369e-02;2.713284e-01;2.198071e-01;2.493730e-02;2.047518e-02;8.278400e-02;2.766442e-02;4.325370e-02;1.293636e-01;1.097679e-01;1.408768e-02;1.053702e-02
2.422198e-02;2.612100e-01;2.475774e-01;1.545870e-02;8.221342e-03;6.174025e-02;4.038874e-02;1.952266e-02;1.488774e-01;1.463723e-01;1.057027e-02;1.583906e-02
1.273134e-02;2.962507e-01;2.340468e-01;8.822229e-03;3.928039e-03;3.778365e-02;3.764844e-02;1.302270e-02;1.678403e-01;1.597163e-01;4.767207e-03;2.344237e-02
2.018858e-02;3.380013e-01;2.012146e-01;8.878172e-03;5.573745e-03;4.446695e-02;2.610257e-02;1.268935e-02;1.764083e-01;1.361013e-01;1.962058e-03;2.841312e-02
3.270258e-02;3.427658e-01;1.869200e-01;9.561247e-03;8.883895e-03;4.772459e-02;2.714503e-02;3.291999e-02;1.638344e-01;1.115128e-01;8.303370e-03;2.772622e-02
5.757291e-02;3.208454e-01;1.891532e-01;1.281489e-02;1.008778e-02;3.730650e-02;4.334003e-02;5.914566e-02;1.202753e-01;1.035299e-01;2.505540e-02;2.087300e-02
7.834064e-02;2.563914e-01;1.731711e-01;1.591019e-02;1.380555e-02;4.504975e-02;8.145373e-02;7.444222e-02;7.688856e-02;9.908873e-02;4.593213e-02;3.952602e-02
6.929068e-02;2.436242e-01;1.460373e-01;2.898350e-02;2.028339e-02;1.250309e-01;1.087935e-01;3.463584e-02;8.260142e-02;5.031849e-02;3.663879e-02;5.376198e-02
5.231708e-02;2.128883e-01;1.238767e-01;3.619263e-02;3.240915e-02;1.788288e-01;1.161253e-01;6.257178e-02;6.196046e-02;3.629707e-02;2.459240e-02;6.194046e-02
4.859855e-02;1.287402e-01;8.398812e-02;2.780928e-02;5.375666e-02;1.405518e-01;8.660458e-02;9.786483e-02;1.095050e-01;9.380843e-02;4.784141e-02;8.093115e-02
4.283962e-02;1.679211e-01;1.295244e-01;2.792032e-02;2.779629e-02;1.092351e-01;7.032570e-02;7.811227e-02;1.492284e-01;1.126413e-01;3.047589e-02;5.397980e-02
3.750514e-02;1.977574e-01;1.383957e-01;2.799189e-02;1.993317e-02;1.217698e-01;8.166575e-02;6.676015e-02;1.563354e-01;8.235437e-02;3.787956e-02;3.165163e-02
4.503602e-02;1.778506e-01;1.447216e-01;3.407247e-02;3.727026e-02;8.346893e-02;9.175238e-02;7.197724e-02;1.282482e-01;1.087588e-01;4.489013e-02;3.195336e-02
5.587525e-02;1.542763e-01;1.161527e-01;6.026641e-02;3.882110e-02;7.392727e-02;8.877073e-02;9.183811e-02;1.037854e-01;1.181007e-01;5.618098e-02;4.200505e-02
4.813443e-02;1.154346e-01;9.674391e-02;5.834419e-02;4.835376e-02;9.806950e-02;8.422939e-02;8.363570e-02;9.206291e-02;1.444670e-01;6.961212e-02;6.091245e-02
3.294888e-02;1.211786e-01;9.662797e-02;5.921135e-02;7.955117e-02;1.688651e-01;8.456846e-02;1.002109e-01;7.393947e-02;1.047043e-01;3.086665e-02;4.732723e-02
2.697701e-02;7.255846e-02;8.779192e-02;7.065345e-02;9.248892e-02;2.706503e-01;8.687732e-02;1.194197e-01;6.578784e-02;4.012068e-02;3.828789e-02;2.838655e-02
2.127250e-02;4.419908e-02;6.828809e-02;8.805662e-02;1.358497e-01;3.083715e-01;4.614179e-02;9.454527e-02;3.898791e-02;1.968078e-02;8.103406e-02;5.357279e-02
1.355840e-02;4.221364e-02;6.548984e-02;1.303356e-01;1.723019e-01;2.840289e-01;1.199481e-02;7.049445e-02;1.564847e-02;3.212463e-02;1.232699e-01;3.853952e-02
7.780727e-03;5.396479e-02;5.458110e-02;1.572603e-01;1.531273e-01;2.389298e-01;2.033476e-02;7.813502e-02;7.107662e-03;5.354031e-02;1.547654e-01;2.047281e-02
3.336373e-03;6.205463e-02;4.330777e-02;1.314852e-01;1.089854e-01;1.656052e-01;6.902939e-02;7.367337e-02;2.705102e-02;1.149482e-01;1.400892e-01;6.043413e-02
8.594415e-03;4.059089e-02;3.680836e-02;6.674913e-02;1.708569e-01;9.698737e-02;1.527431e-01;3.456442e-02;9.029974e-02;1.121875e-01;6.707405e-02;1.225441e-01
2.908970e-02;1.825199e-02;3.913822e-02;3.265736e-02;1.758615e-01;1.600030e-01;1.666614e-01;4.557089e-02;1.349063e-01;5.202037e-02;2.115681e-02;1.246824e-01
7.218143e-02;1.424389e-02;2.475481e-02;1.782765e-02;8.993191e-02;3.461378e-01;1.056481e-01;1.040090e-01;8.230311e-02;7.324968e-02;9.043391e-03;6.066917e-02
7.202192e-02;2.482353e-02;8.681135e-03;2.066167e-02;3.918121e-02;3.749939e-01;1.567456e-01;1.192653e-01;4.492209e-02;1.101298e-01;7.497557e-03;2.107636e-02
3.556047e-02;5.775336e-02;7.499750e-03;1.690373e-02;3.951978e-02;2.235375e-01;3.392165e-01;1.024500e-01;7.949266e-02;7.317957e-02;1.655518e-02;8.331638e-03
8.878694e-03;7.489277e-02;2.516976e-02;1.079503e-02;5.300349e-02;5.950670e-02;4.596412e-01;1.510945e-01;9.196550e-02;3.601947e-02;2.085170e-02;8.181207e-03
3.747405e-03;4.540128e-02;7.067172e-02;9.322650e-03;4.587192e-02;4.247627e-02;3.169247e-01;3.058416e-01;5.088597e-02;8.186827e-02;1.405778e-02;1.293038e-02
2.862510e-03;1.785766e-02;1.045522e-01;6.611766e-03;2.321556e-02;9.168985e-02;1.059626e-01;4.321816e-01;3.677537e-02;1.469594e-01;6.572620e-03;2.475889e-02
3.390942e-03;8.217911e-03;8.701713e-02;1.707056e-02;1.902892e-02;1.667142e-01;3.944911e-02;4.103633e-01;7.524657e-02;1.349458e-01;7.447341e-03;3.110823e-02
9.584633e-03;5.394686e-03;5.243097e-02;6.362212e-02;1.652241e-02;2.177825e-01;5.560838e-02;2.922433e-01;1.610052e-01;9.298841e-02;8.050875e-03;2.476643e-02
3.621746e-02;5.205772e-03;2.766670e-02;1.361925e-01;9.632749e-03;1.288632e-01;6.693850e-02;1.731268e-01;3.184475e-01;6.576911e-02;1.273954e-02;1.920014e-02
6.266448e-02;1.058367e-02;2.340870e-02;1.387943e-01;1.989850e-02;4.168576e-02;1.127155e-01;1.041991e-01;3.618345e-01;8.408960e-02;1.556885e-02;2.455719e-02
7.038666e-02;1.503366e-02;2.672536e-02;1.370093e-01;2.337011e-02;5.615449e-02;1.185437e-01;5.706748e-02;3.608706e-01;9.660493e-02;7.935996e-03;3.029764e-02
6.016022e-02;1.127386e-02;2.540106e-02;1.592971e-01;1.779573e-02;6.555118e-02;7.476924e-02;1.361180e-01;3.637971e-01;5.404673e-02;1.029454e-02;2.149520e-02
3.249846e-02;1.116085e-02;7.981578e-02;1.028151e-01;1.184210e-02;1.053076e-01;3.582279e-02;2.767727e-01;2.512075e-01;6.023866e-02;4.542632e-03;2.797579e-02
1.217578e-02;1.855573e-02;1.333750e-01;4.111152e-02;1.102097e-02;1.082433e-01;4.085112e-02;3.492960e-01;1.433791e-01;9.930550e-02;1.159398e-02;3.109191e-02
9.745149e-03;4.721704e-02;1.222351e-01;3.668454e-02;3.249315e-02;7.977558e-02;1.138352e-01;3.141705e-01;1.026196e-01;1.016743e-01;1.860917e-02;2.094064e-02
1.711928e-02;8.603093e-02;6.660928e-02;3.922937e-02;5.930613e-02;1.035667e-01;2.003512e-01;2.073928e-01;9.585274e-02;7.871747e-02;2.919087e-02;1.663335e-02
2.562441e-02;7.899548e-02;3.780255e-02;5.400451e-02;4.941697e-02;1.905275e-01;2.249919e-01;1.328982e-01;7.633926e-02;7.613012e-02;3.297821e-02;2.029094e-02
3.185032e-02;4.230599e-02;2.033264e-02;8.295162e-02;3.261719e-02;2.968464e-01;1.914855e-01;9.757989e-02;5.955577e-02;9.928137e-02;2.738612e-02;1.780730e-02
3.936879e-02;4.103450e-02;3.466678e-02;6.903932e-02;4.328061e-02;3.168088e-01;1.559688e-01;7.695272e-02;8.116745e-02;8.187543e-02;3.405569e-02;2.578114e-02
6.710650e-02;4.002889e-02;5.226638e-02;4.656478e-02;3.545130e-02;2.939981e-01;1.652814e-01;1.036677e-01;7.558759e-02;4.579135e-02;3.309147e-02;4.116440e-02
7.430916e-02;2.751471e-02;6.442624e-02;7.028671e-02;1.989575e-02;2.773252e-01;1.457290e-01;1.373197e-01;6.836309e-02;6.362305e-02;2.736248e-02;2.384491e-02
5.215378e-02;3.360708e-02;8.176096e-02;9.196021e-02;3.508722e-02;2.167810e-01;1.032894e-01;1.432502e-01;8.387728e-02;8.224384e-02;4.062960e-02;3.535943e-02
5.286681e-02;4.323127e-02;7.534508e-02;8.730406e-02;5.166509e-02;1.606371e-01;1.451964e-01;1.516668e-01;6.686574e-02;6.310774e-02;3.899838e-02;6.311553e-02
3.425295e-02;4.349492e-02;9.274119e-02;1.075891e-01;4.242535e-02;1.267318e-01;1.621114e-01;1.892530e-01;6.756265e-02;6.479008e-02;2.416145e-02;4.488613e-02
3.379925e-02;3.982241e-02;1.034745e-01;1.442748e-01;2.755345e-02;1.192930e-01;1.584370e-01;2.082061e-01;7.472645e-02;3.829962e-02;1.529572e-02;3.681786e-02
6.619345e-02;4.276047e-02;9.024052e-02;1.441877e-01;3.716729e-02;1.524124e-01;1.064558e-01;1.706274e-01;7.222764e-02;4.721965e-02;1.622190e-02;5.428571e-02
6.908771e-02;6.159724e-02;6.078135e-02;1.042314e-01;5.903159e-02;1.300406e-01;8.657871e-02;1.613791e-01;1.053375e-01;7.911869e-02;2.075077e-02;6.206541e-02
6.020576e-02;7.087892e-02;5.558968e-02;1.002106e-01;6.499699e-02;1.137872e-01;7.646491e-02;1.627033e-01;1.498915e-01;7.942121e-02;2.488441e-02;4.096557e-02
6.489530e-02;5.603011e-02;7.720357e-02;9.922849e-02;6.370346e-02;1.255770e-01;1.206325e-01;1.023241e-01;1.333460e-01;9.138035e-02;3.507107e-02;3.060807e-02
