8.766377e-02;3.192111e-02;1.792712e-01;7.764538e-02;6.042232e-02;7.087327e-02;1.288237e-01;5.067820e-02;7.629727e-02;7.329816e-02;9.613002e-02;6.697560e-02
9.813619e-02;7.541827e-02;1.879365e-01;6.823952e-02;7.121775e-02;7.542132e-02;8.007819e-02;3.000310e-02;8.234102e-02;7.738655e-02;1.026729e-01;5.114864e-02
8.376697e-02;6.956378e-02;9.090599e-02;3.013749e-02;6.545907e-02;9.040566e-02;1.803450e-01;1.107264e-01;8.845654e-02;6.211367e-02;5.496830e-02;7.315119e-02
9.194305e-02;6.021199e-02;9.859372e-02;4.027453e-02;5.295528e-02;7.047182e-02;1.773065e-01;1.132934e-01;6.108071e-02;3.960636e-02;8.090349e-02;1.133591e-01
5.311693e-02;8.496218e-02;1.439039e-01;3.567762e-02;4.082942e-02;3.641186e-02;1.799109e-01;8.840166e-02;3.441237e-02;3.394978e-02;1.036717e-01;1.647517e-01
1.184449e-01;1.170641e-01;5.775116e-02;5.501940e-02;4.570899e-02;3.015767e-02;1.028415e-01;1.027319e-01;6.293589e-02;6.481920e-02;1.521343e-01;9.039090e-02
1.234671e-01;8.947131e-02;1.061743e-01;4.140111e-02;3.640485e-02;2.288247e-02;7.725336e-02;1.067007e-01;8.986719e-02;8.267178e-02;1.686392e-01;5.506656e-02
7.834107e-02;6.094373e-02;8.833504e-02;2.318081e-02;2.206423e-02;1.494187e-02;7.065726e-02;8.785596e-02;9.732640e-02;1.168382e-01;2.376373e-01;1.018781e-01
8.071655e-02;3.630980e-02;4.881746e-02;6.983724e-03;1.242840e-02;6.621885e-03;4.314096e-02;5.035432e-02;5.498766e-02;9.381160e-02;3.488748e-01;2.169528e-01
1.587122e-01;1.755012e-02;1.667290e-02;5.207210e-03;6.705143e-03;6.931257e-03;2.367102e-02;1.540170e-02;3.681519e-02;1.723614e-02;3.551775e-01;3.399196e-01
1.840630e-01;2.373113e-02;8.469194e-03;7.845539e-03;7.483697e-03;1.055558e-02;1.305122e-02;1.343205e-02;4.068689e-02;7.272451e-02;3.031879e-01;3.147693e-01
1.424847e-01;2.753906e-02;1.974911e-02;1.062951e-02;1.243275e-02;1.194945e-02;2.313077e-02;1.494626e-02;4.938264e-02;1.915147e-01;2.745671e-01;2.216740e-01
9.464651e-02;3.593205e-02;2.861433e-02;1.426701e-02;1.646384e-02;7.585661e-03;6.007630e-02;2.977093e-02;8.424588e-02;2.176241e-01;2.270625e-01;1.837108e-01
9.955271e-02;6.325166e-02;5.434438e-02;2.918365e-02;1.268401e-02;5.554449e-03;1.315035e-01;7.228597e-02;6.844810e-02;1.155953e-01;1.989696e-01;1.486267e-01
8.023276e-02;6.380658e-02;8.590892e-02;6.019673e-02;1.845942e-02;1.689760e-02;3.079202e-01;1.219953e-01;5.051208e-02;3.546043e-02;7.959688e-02;7.901306e-02
4.135964e-02;3.635338e-02;6.097887e-02;5.026696e-02;3.217474e-02;4.065780e-02;4.816361e-01;9.422057e-02;2.686175e-02;7.017825e-02;3.186017e-02;3.345175e-02
2.835859e-02;4.391169e-02;2.964832e-02;2.478341e-02;3.551511e-02;7.123618e-02;4.462433e-01;5.193280e-02;3.243816e-02;9.456605e-02;6.260556e-02;7.876079e-02
5.834310e-02;4.678353e-02;2.741130e-02;1.449925e-02;4.928299e-02;8.926381e-02;2.587492e-01;4.653311e-02;3.179319e-02;1.401139e-01;1.177623e-01;1.194642e-01
8.019263e-02;4.890600e-02;4.029115e-02;1.989426e-02;5.843728e-02;8.994178e-02;1.783059e-01;3.654071e-02;3.078265e-02;1.471177e-01;1.203219e-01;1.492681e-01
7.315562e-02;6.746019e-02;5.638016e-02;3.965696e-02;7.404219e-02;7.220413e-02;1.720041e-01;4.683265e-02;5.542741e-02;1.068026e-01;5.924684e-02;1.767871e-01
4.378189e-02;7.120866e-02;6.255370e-02;2.809536e-02;6.122486e-02;6.125060e-02;2.034568e-01;5.998319e-02;3.560275e-02;6.556127e-02;1.342152e-01;1.730658e-01
5.417205e-02;6.552025e-02;4.684067e-02;3.490797e-02;4.402436e-02;6.246980e-02;3.032944e-01;5.005945e-02;3.116267e-02;7.625701e-02;8.776885e-02;1.435225e-01
5.406726e-02;6.442526e-02;5.223535e-02;4.102230e-02;4.431528e-02;7.166433e-02;2.797501e-01;1.776542e-02;4.932870e-02;5.310909e-02;1.517992e-01;1.205177e-01
6.035519e-02;5.310969e-02;8.376423e-02;1.176056e-01;8.200853e-02;6.850787e-02;1.786683e-01;6.574464e-02;2.883609e-02;5.804559e-02;1.189185e-01;8.443587e-02
1.033342e-01;5.046020e-02;9.271159e-02;1.761019e-01;1.059910e-01;5.747728e-02;1.193909e-01;9.231056e-02;5.234200e-02;5.887127e-02;4.151636e-02;4.949276e-02
1.478970e-01;1.591782e-01;1.766583e-01;1.385403e-01;7.869349e-02;3.863942e-02;7.256785e-02;6.544123e-02;4.655886e-02;3.550957e-02;1.632203e-02;2.399380e-02
1.268052e-01;2.695453e-01;2.803181e-01;8.421169e-02;4.542933e-02;2.882840e-02;3.348400e-02;3.695314e-02;5.580543e-02;1.822863e-02;9.441826e-03;1.094904e-02
7.138485e-02;3.726120e-01;2.843210e-01;5.117485e-02;3.075021e-02;3.131375e-02;2.455255e-02;2.664415e-02;6.645345e-02;1.841551e-02;1.235557e-02;1.002215e-02
1.108517e-01;4.745769e-01;1.974578e-01;2.172900e-02;1.651120e-02;2.764185e-02;1.809538e-02;2.411338e-02;7.148089e-02;1.387649e-02;1.232129e-02;1.134413e-02
2.849464e-01;3.928166e-01;1.156733e-01;1.250151e-02;2.388590e-02;2.053232e-02;8.657837e-03;5.276559e-02;5.092015e-02;1.060686e-02;7.440336e-03;1.925311e-02
4.479985e-01;2.129180e-01;7.384039e-02;9.978597e-03;3.369237e-02;1.153736e-02;1.128667e-02;1.278474e-01;3.182686e-02;9.568719e-03;6.633648e-03;2.287150e-02
4.802266e-01;6.947591e-02;3.398204e-02;1.295080e-02;3.636551e-02;9.799362e-03;2.317560e-02;2.407199e-01;3.048316e-02;1.263576e-02;1.185033e-02;3.833501e-02
2.617309e-01;1.214889e-01;2.399348e-02;2.125577e-02;2.769837e-02;2.207009e-02;9.130938e-02;2.401452e-01;2.093587e-02;2.601057e-02;1.616708e-02;1.271943e-01
1.934017e-01;1.312711e-01;3.044801e-02;1.766289e-02;3.611358e-02;2.619682e-02;1.940604e-01;1.105156e-01;1.803300e-02;2.656610e-02;2.268502e-02;1.930458e-01
2.225201e-01;1.176380e-01;2.608489e-02;1.245943e-02;3.659620e-02;2.881505e-02;2.372966e-01;5.828766e-02;1.271694e-02;2.605941e-02;1.949386e-02;2.020319e-01
2.853889e-01;1.029858e-01;2.818932e-02;1.288211e-02;2.170336e-02;1.220657e-02;1.691365e-01;1.701059e-01;1.650674e-02;2.408950e-02;1.421751e-02;1.425878e-01
3.821549e-01;1.051037e-01;2.888796e-02;1.242926e-02;1.127338e-02;1.078120e-02;1.091571e-01;2.465713e-01;1.483898e-02;1.537874e-02;1.284054e-02;5.058295e-02
4.339723e-01;9.679912e-02;2.710732e-02;7.656391e-03;1.566008e-02;1.435438e-02;1.268144e-01;2.019251e-01;1.488186e-02;1.195214e-02;6.692438e-03;4.218436e-02
3.547684e-01;1.658459e-01;7.896508e-02;1.908379e-02;2.529574e-02;1.460596e-02;1.153423e-01;1.015376e-01;1.698867e-02;2.102450e-02;1.012909e-02;7.641298e-02
2.829638e-01;2.373477e-01;1.605467e-01;2.021079e-02;2.255897e-02;1.726867e-02;5.731065e-02;6.694016e-02;1.178968e-02;2.541549e-02;1.377267e-02;8.387472e-02
2.224183e-01;2.121433e-01;2.177460e-01;2.886168e-02;2.198347e-02;2.318142e-02;7.794519e-02;5.145052e-02;6.337034e-03;2.904519e-02;1.894065e-02;8.994726e-02
2.798582e-01;8.881569e-02;1.411048e-01;4.556077e-02;2.445387e-02;2.571368e-02;1.091035e-01;8.222394e-02;2.334726e-02;3.527528e-02;3.051966e-02;1.140233e-01
3.036568e-01;9.644461e-02;3.603178e-02;3.798964e-02;1.974281e-02;1.825529e-02;1.027784e-01;1.987968e-01;3.456991e-02;3.103562e-02;2.352112e-02;9.717713e-02
2.229665e-01;1.334297e-01;6.555010e-02;2.022222e-02;1.536576e-02;1.001083e-02;9.953182e-02;3.048679e-01;2.708952e-02;3.442740e-02;1.804055e-02;4.849774e-02
1.528033e-01;1.516987e-01;7.719503e-02;2.678903e-02;2.130114e-02;1.867755e-02;7.367297e-02;3.677982e-01;2.268743e-02;3.603021e-02;1.442914e-02;3.691727e-02
1.343929e-01;1.958193e-01;1.086389e-01;3.084940e-02;3.921475e-02;2.215019e-02;6.111921e-02;2.788463e-01;4.110075e-02;3.966104e-02;1.415526e-02;3.405192e-02
3.048572e-01;1.646285e-01;7.036369e-02;3.576441e-02;2.890301e-02;1.635510e-02;8.341147e-02;1.372062e-01;4.724722e-02;4.111071e-02;2.242798e-02;4.772453e-02
4.641467e-01;1.397711e-01;3.999399e-02;2.799346e-02;1.488275e-02;1.185857e-02;5.639895e-02;6.696851e-02;2.677489e-02;3.323106e-02;2.677361e-02;9.120639e-02
5.100542e-01;1.531030e-01;5.597249e-02;2.258069e-02;1.509902e-02;7.862424e-03;2.896637e-02;3.795324e-02;1.574679e-02;2.369995e-02;1.510848e-02;1.138533e-01
5.158320e-01;1.263674e-01;4.315970e-02;2.636606e-02;1.192220e-02;7.700003e-03;2.565757e-02;6.658759e-02;1.216193e-02;2.393913e-02;9.415637e-03;1.308908e-01
4.780201e-01;3.767208e-02;3.384867e-02;4.585432e-02;1.158377e-02;7.696152e-03;3.692730e-02;8.945591e-02;1.260179e-02;4.544969e-02;2.392924e-02;1.769610e-01
4.130759e-01;4.352842e-02;5.899402e-02;5.572626e-02;1.083380e-02;6.923523e-03;4.540011e-02;5.353615e-02;1.297763e-02;4.691669e-02;4.300373e-02;2.090837e-01
3.989098e-01;3.331030e-02;7.040409e-02;4.359899e-02;1.694824e-02;1.059654e-02;5.205484e-02;2.613800e-02;1.784270e-02;4.238888e-02;7.735861e-02;2.104489e-01
3.665928e-01;5.639633e-02;7.358420e-02;4.123041e-02;2.316153e-02;1.706449e-02;8.560176e-02;3.265718e-02;2.183616e-02;5.965006e-02;7.660294e-02;1.456222e-01
3.268269e-01;4.001890e-02;6.225898e-02;5.331592e-02;2.456491e-02;2.745035e-02;1.371029e-01;4.928238e-02;2.978458e-02;6.684169e-02;5.196588e-02;1.305866e-01
2.675497e-01;9.353030e-02;2.977608e-02;5.517709e-02;3.156294e-02;4.039328e-02;1.487127e-01;8.729871e-02;5.210249e-02;5.249905e-02;4.395936e-02;9.743819e-02
1.327370e-01;1.412937e-01;7.837573e-02;5.737288e-02;3.214155e-02;5.438495e-02;1.464283e-01;1.240852e-01;8.201544e-02;5.406856e-02;2.926544e-02;6.783123e-02
2.337309e-01;7.020646e-02;1.010813e-01;4.151249e-02;2.059518e-02;5.035464e-02;1.051136e-01;1.200242e-01;7.360142e-02;5.439096e-02;2.770498e-02;1.016840e-01
3.555573e-01;4.303201e-02;7.812621e-02;3.404615e-02;2.351092e-02;3.865745e-02;7.068422e-02;8.973299e-02;5.790894e-02;5.400636e-02;3.222541e-02;1.225120e-01
4.071342e-01;6.699636e-02;7.166562e-02;2.639240e-02;2.310991e-02;2.127676e-02;6.694642e-02;5.993835e-02;4.112637e-02;5.262913e-02;4.007370e-02;1.227108e-01
1.781764e-01;9.887800e-02;1.103195e-01;1.018964e-01;5.420306e-02;6.035414e-02;1.021131e-01;6.141376e-02;4.442342e-02;5.447837e-02;6.067425e-02;7.306956e-02
4.254437e-02;1.086094e-01;2.753964e-01;9.781354e-02;4.542885e-02;5.928198e-02;9.812023e-02;6.203357e-02;3.734025e-02;8.454924e-02;5.171163e-02;3.717056e-02
2.857091e-02;1.701435e-01;3.327512e-01;7.342377e-02;3.447385e-02;3.892134e-02;6.980766e-02;4.729427e-02;3.729836e-02;1.127996e-01;3.109532e-02;2.342024e-02
2.705018e-02;3.606915e-01;2.702427e-01;3.578262e-02;1.705213e-02;1.920375e-02;3.509275e-02;2.782900e-02;4.930371e-02;1.135478e-01;2.817002e-02;1.603381e-02
7.847440e-02;5.871903e-01;1.172392e-01;2.018544e-02;1.398174e-02;1.262528e-02;8.344948e-03;1.609518e-02;5.581620e-02;6.028147e-02;1.381114e-02;1.595474e-02
1.397528e-01;5.704592e-01;1.126609e-01;1.918525e-02;1.585990e-02;1.341355e-02;1.336803e-02;1.230429e-02;5.886905e-02;1.955984e-02;6.027821e-03;1.853936e-02
1.970372e-01;4.047088e-01;1.006560e-01;2.225490e-02;1.676097e-02;2.156061e-02;1.906569e-02;2.107753e-02;1.203502e-01;4.004615e-02;8.919699e-03;2.756226e-02
9.995413e-02;5.307330e-01;7.824715e-02;1.511259e-02;1.346904e-02;2.500150e-02;1.683133e-02;1.768358e-02;1.457636e-01;3.207704e-02;8.578387e-03;1.654866e-02
1.886867e-02;5.067480e-01;2.237916e-01;1.903909e-02;1.293138e-02;2.090167e-02;1.443722e-02;1.103391e-02;1.354300e-01;1.958651e-02;6.192654e-03;1.103938e-02
2.245042e-02;2.996216e-01;4.011006e-01;6.485297e-02;3.773342e-02;1.354795e-02;1.468198e-02;9.344128e-03;9.133331e-02;2.844833e-02;9.166541e-03;7.718734e-03
2.260361e-02;1.649975e-01;3.551268e-01;2.306413e-01;8.434092e-02;9.612088e-03;1.639842e-02;1.616270e-02;6.220259e-02;2.366089e-02;8.840713e-03;5.412548e-03
1.139354e-02;1.126939e-01;2.036670e-01;4.333430e-01;8.948056e-02;1.986429e-02;1.535852e-02;1.855154e-02;6.545867e-02;1.653504e-02;9.668178e-03;3.985865e-03
1.591765e-02;6.232107e-02;3.630038e-01;4.099826e-01;2.386816e-02;2.021765e-02;1.119887e-02;1.212931e-02;4.926231e-02;1.813656e-02;7.722577e-03;6.239438e-03
2.305926e-02;1.632231e-01;5.127174e-01;1.577205e-01;3.679815e-02;1.663763e-02;1.301126e-02;1.233671e-02;3.103108e-02;1.749488e-02;7.581549e-03;8.388394e-03
8.069965e-02;3.220835e-01;3.944030e-01;8.423450e-02;2.733783e-02;1.306261e-02;9.457417e-03;7.516843e-03;2.761885e-02;1.595068e-02;7.348861e-03;1.028623e-02
2.636523e-01;3.916301e-01;1.873192e-01;5.966635e-02;8.882721e-03;8.152385e-03;6.681434e-03;9.845212e-03;2.452783e-02;1.422420e-02;5.532626e-03;1.988569e-02
5.679544e-01;2.201635e-01;4.439911e-02;5.852046e-02;2.196155e-02;8.681249e-03;7.313828e-03;1.041206e-02;1.491684e-02;1.532639e-02;4.823544e-03;2.552716e-02
6.691710e-01;9.070460e-02;5.088746e-02;8.132659e-02;2.734914e-02;7.438602e-03;8.064261e-03;9.627734e-03;8.134325e-03;2.034117e-02;5.386535e-03;2.156857e-02
6.775331e-01;1.411444e-01;3.428010e-02;5.730805e-02;1.918037e-02;8.780273e-03;9.963522e-03;1.030266e-02;9.332208e-03;1.463017e-02;5.532170e-03;1.201294e-02
6.802108e-01;1.325851e-01;4.501778e-02;4.795720e-02;1.528891e-02;4.917047e-03;8.503239e-03;1.211691e-02;1.659201e-02;1.249183e-02;7.314875e-03;1.700427e-02
5.478107e-01;3.086448e-01;3.561940e-02;3.190709e-02;1.815685e-02;4.684979e-03;4.649128e-03;8.828515e-03;1.529539e-02;1.004790e-02;5.782778e-03;8.572567e-03
4.810567e-01;3.904113e-01;2.873717e-02;1.802058e-02;1.114279e-02;7.193703e-03;5.481409e-03;9.409394e-03;2.407445e-02;9.539293e-03;6.721612e-03;8.211673e-03
3.819636e-01;4.769686e-01;3.902935e-02;1.640342e-02;7.405076e-03;7.455213e-03;8.340633e-03;8.197232e-03;2.793527e-02;7.865980e-03;7.054121e-03;1.138144e-02
2.070852e-01;6.231048e-01;6.845620e-02;2.240108e-02;5.201914e-03;9.387584e-03;8.004114e-03;8.081255e-03;2.734989e-02;9.016809e-03;3.947460e-03;7.963754e-03
1.080521e-01;6.997659e-01;7.783941e-02;1.624217e-02;1.043900e-02;9.173513e-03;7.131941e-03;6.774826e-03;4.065903e-02;1.043392e-02;4.343206e-03;9.145056e-03
7.023340e-02;7.020792e-01;1.016723e-01;2.034698e-02;8.130136e-03;9.892955e-03;8.636965e-03;7.133810e-03;3.525628e-02;1.086149e-02;1.217891e-02;1.357746e-02
5.486665e-02;7.373520e-01;1.110703e-01;1.857603e-02;7.690014e-03;1.285060e-02;3.713008e-03;7.275904e-03;1.851252e-02;5.793966e-03;1.148457e-02;1.081446e-02
8.132014e-02;6.981827e-01;1.090575e-01;1.981477e-02;5.207041e-03;1.816403e-02;7.593601e-03;8.450485e-03;1.999150e-02;8.891740e-03;1.006768e-02;1.325880e-02
1.089687e-01;5.548859e-01;2.361655e-01;3.291212e-02;5.794825e-03;1.118635e-02;7.314646e-03;8.297492e-03;1.588402e-02;8.085322e-03;3.570574e-03;6.934653e-03
7.616647e-02;3.735841e-01;4.679365e-01;1.872398e-02;6.422181e-03;1.130111e-02;6.064927e-03;4.762575e-03;1.831519e-02;7.822013e-03;2.503640e-03;6.397299e-03
4.104302e-02;2.775436e-01;6.080604e-01;1.808094e-02;5.156892e-03;9.506999e-03;6.773496e-03;5.001416e-03;1.194603e-02;1.249103e-02;2.403236e-03;1.992964e-03
2.466781e-02;2.152485e-01;6.923069e-01;1.451172e-02;3.948507e-03;8.481281e-03;7.287091e-03;2.547754e-03;8.871271e-03;1.428955e-02;2.782489e-03;5.057186e-03
2.330029e-02;1.720657e-01;7.261829e-01;1.171950e-02;9.391059e-03;7.643023e-03;6.556058e-03;5.891646e-03;1.108413e-02;1.707168e-02;4.383201e-03;4.710772e-03
1.661542e-02;1.225998e-01;7.720252e-01;1.489651e-02;6.278414e-03;5.655135e-03;8.026187e-03;6.529088e-03;9.848571e-03;2.617115e-02;4.426702e-03;6.927818e-03
1.513100e-02;6.992476e-02;8.117025e-01;2.725117e-02;3.483311e-03;6.237840e-03;1.072698e-02;4.519876e-03;7.214987e-03;3.511718e-02;4.109512e-03;4.580962e-03
5.551236e-03;4.332319e-02;8.197142e-01;5.268128e-02;1.047781e-02;5.544858e-03;9.178218e-03;4.483001e-03;6.913829e-03;3.026845e-02;7.193828e-03;4.670108e-03
1.338384e-02;3.669941e-02;8.159039e-01;7.517169e-02;1.158343e-02;7.358124e-03;5.232125e-03;4.765496e-03;3.656033e-03;1.814963e-02;5.348274e-03;2.748098e-03
5.173468e-02;9.406123e-02;7.274004e-01;6.303639e-02;1.092192e-02;6.154287e-03;1.125518e-02;5.556546e-03;7.759356e-03;1.027009e-02;5.168183e-03;6.681744e-03
1.240195e-01;2.162717e-01;4.899750e-01;6.409784e-02;1.079327e-02;9.848276e-03;1.546302e-02;9.247295e-03;1.542419e-02;3.011420e-02;5.970206e-03;8.775507e-03
1.803296e-01;3.010928e-01;3.145212e-01;6.256230e-02;8.242034e-03;1.252083e-02;1.614235e-02;1.180731e-02;3.039099e-02;4.649916e-02;6.681284e-03;9.210177e-03
2.148027e-01;3.624053e-01;2.057601e-01;4.835081e-02;1.128672e-02;1.006432e-02;2.190133e-02;1.268629e-02;4.336523e-02;5.965341e-02;4.828473e-03;4.895367e-03
1.850045e-01;4.017202e-01;2.167015e-01;4.571895e-02;1.316214e-02;1.253384e-02;1.628539e-02;1.050188e-02;2.460380e-02;4.977055e-02;8.644596e-03;1.535272e-02
5.408288e-02;4.203760e-01;3.638882e-01;3.143058e-02;2.009397e-02;1.146713e-02;1.442645e-02;1.045483e-02;2.059734e-02;3.219857e-02;8.735004e-03;1.224915e-02
8.257054e-02;4.028596e-01;3.759774e-01;2.630926e-02;1.508007e-02;8.970559e-03;1.104080e-02;1.075021e-02;3.193671e-02;1.618019e-02;7.964295e-03;1.036035e-02
5.867754e-02;3.980691e-01;4.154997e-01;2.710094e-02;9.309681e-03;1.100732e-02;1.586810e-02;6.784136e-03;2.609670e-02;1.850198e-02;4.658671e-03;8.426118e-03
9.969651e-02;4.390936e-01;3.623275e-01;1.494055e-02;5.102430e-03;1.167841e-02;1.330087e-02;5.597181e-03;2.297116e-02;1.405647e-02;5.281229e-03;5.954138e-03
1.882579e-01;4.955071e-01;2.202801e-01;9.283859e-03;4.812821e-03;1.092690e-02;1.367761e-02;4.022936e-03;3.326694e-02;9.929593e-03;4.570840e-03;5.463430e-03
3.239959e-01;4.052254e-01;1.643345e-01;1.503031e-02;4.841058e-03;1.191127e-02;8.160624e-03;8.730876e-03;2.756435e-02;8.535972e-03;4.415330e-03;1.725445e-02
4.193986e-01;2.536798e-01;1.554766e-01;1.276653e-02;7.058357e-03;1.322641e-02;1.545178e-02;1.441775e-02;3.177625e-02;1.855459e-02;9.706204e-03;4.848712e-02
3.466007e-01;1.590796e-01;1.885172e-01;1.737683e-02;1.530576e-02;1.785673e-02;2.264643e-02;3.438998e-02;4.989114e-02;2.052792e-02;2.201600e-02;1.057917e-01
2.406282e-01;1.461640e-01;2.341018e-01;2.255263e-02;1.519216e-02;1.904304e-02;2.581131e-02;3.974139e-02;5.038076e-02;2.139840e-02;2.552328e-02;1.594629e-01
2.954314e-01;2.171670e-01;1.871278e-01;1.940780e-02;1.074037e-02;1.173079e-02;1.336157e-02;1.758953e-02;3.628132e-02;1.933603e-02;1.701730e-02;1.548091e-01
4.030350e-01;2.049042e-01;1.357784e-01;1.417894e-02;7.130103e-03;6.298200e-03;1.656367e-02;9.329822e-03;5.937949e-02;1.335666e-02;1.869313e-02;1.113523e-01
3.919333e-01;1.138571e-01;1.818772e-01;2.861046e-02;2.462173e-02;1.492438e-02;3.439057e-02;3.695244e-02;5.297335e-02;1.600984e-02;1.682988e-02;8.701962e-02
1.655437e-01;2.998149e-01;1.883216e-01;3.688354e-02;3.568231e-02;3.377844e-02;5.503461e-02;4.419996e-02;4.616132e-02;1.685111e-02;1.753184e-02;6.019663e-02
8.231331e-02;4.377971e-01;2.028226e-01;3.088721e-02;3.072198e-02;2.854208e-02;4.507431e-02;3.756044e-02;3.570256e-02;1.586198e-02;1.293052e-02;3.978589e-02
1.665001e-01;5.184056e-01;1.634030e-01;1.228848e-02;2.098403e-02;1.433156e-02;1.938914e-02;2.489549e-02;1.477533e-02;1.410901e-02;7.542912e-03;2.337532e-02
2.535371e-01;4.693646e-01;9.178913e-02;1.865483e-02;2.359406e-02;1.117046e-02;7.567602e-03;4.942954e-02;3.349460e-02;1.724388e-02;4.980097e-03;1.917421e-02
3.789200e-01;2.379955e-01;4.675862e-02;2.422929e-02;4.201881e-02;1.316104e-02;1.744615e-02;1.506680e-01;3.750256e-02;1.202762e-02;1.085060e-02;2.842179e-02
3.912376e-01;9.233848e-02;4.043783e-02;2.978616e-02;5.654542e-02;2.790212e-02;2.322549e-02;2.401616e-01;3.015326e-02;1.538111e-02;1.827452e-02;3.455641e-02
2.957147e-01;1.272950e-01;4.273995e-02;3.349249e-02;4.111703e-02;4.459694e-02;3.738991e-02;1.767249e-01;5.285648e-02;3.240823e-02;3.523617e-02;8.042818e-02
3.015677e-01;1.074665e-01;2.708838e-02;2.042591e-02;1.524255e-02;2.980475e-02;4.801248e-02;2.281128e-01;6.581359e-02;3.382345e-02;2.882101e-02;9.382088e-02
2.664034e-01;9.077289e-02;1.757933e-02;2.491173e-02;1.897178e-02;2.169042e-02;1.174065e-01;1.640699e-01;4.768206e-02;4.232158e-02;2.289418e-02;1.652962e-01
1.253659e-01;5.531099e-02;3.611692e-02;4.249856e-02;2.842816e-02;1.767062e-02;1.576003e-01;1.364125e-01;2.675444e-02;5.022579e-02;3.025459e-02;2.933613e-01
1.299169e-01;6.361148e-02;6.466426e-02;5.513529e-02;4.534744e-02;4.564237e-02;1.025828e-01;1.006722e-01;3.053815e-02;3.900174e-02;3.883269e-02;2.840547e-01
9.822619e-02;7.432777e-02;6.867928e-02;5.205508e-02;6.409670e-02;7.424659e-02;1.131867e-01;1.239268e-01;2.988753e-02;3.754904e-02;5.334538e-02;2.104730e-01
1.235125e-01;7.422506e-02;6.385499e-02;3.864646e-02;7.247357e-02;1.106226e-01;1.510250e-01;1.360136e-01;4.501199e-02;3.582507e-02;5.867995e-02;9.010927e-02
6.152814e-02;6.880070e-02;6.204952e-02;4.124712e-02;7.559609e-02;8.351194e-02;1.834985e-01;1.990864e-01;7.330097e-02;3.862126e-02;2.559653e-02;8.716286e-02
1.009165e-01;4.633659e-02;4.755905e-02;3.102073e-02;6.666640e-02;4.505638e-02;1.670294e-01;2.410555e-01;7.076441e-02;4.835024e-02;2.944447e-02;1.058004e-01
1.323240e-01;4.304062e-02;5.098419e-02;5.574831e-02;2.924156e-02;5.696209e-02;1.840418e-01;1.547628e-01;4.615185e-02;6.184047e-02;2.730419e-02;1.575980e-01
8.304264e-02;4.177874e-02;4.693928e-02;5.219997e-02;6.113571e-02;7.191243e-02;1.675931e-01;9.639800e-02;6.800750e-02;4.486550e-02;2.894433e-02;2.371828e-01
1.184945e-01;5.079583e-02;4.605515e-02;3.709459e-02;6.860574e-02;6.160377e-02;1.379927e-01;8.153439e-02;5.838519e-02;4.232984e-02;2.569226e-02;2.714161e-01
1.321455e-01;1.023343e-01;6.391972e-02;3.089972e-02;5.848994e-02;6.180277e-02;1.447094e-01;5.686175e-02;4.872257e-02;4.137358e-02;2.746416e-02;2.312765e-01
2.006896e-01;8.717265e-02;6.407952e-02;1.981660e-02;5.298314e-02;4.413054e-02;1.619250e-01;5.512034e-02;3.958651e-02;3.618167e-02;2.743919e-02;2.108753e-01
1.719622e-01;6.754480e-02;4.570930e-02;1.509566e-02;4.364424e-02;2.379292e-02;1.758624e-01;1.396804e-01;4.147929e-02;3.582889e-02;3.846085e-02;2.009391e-01
1.419264e-01;5.599234e-02;4.939051e-02;1.180966e-02;4.417972e-02;3.286456e-02;2.162475e-01;2.041399e-01;3.698507e-02;2.887042e-02;2.408669e-02;1.535072e-01
1.200572e-01;8.520954e-02;8.579104e-02;2.579727e-02;5.791646e-02;5.863052e-02;2.244720e-01;1.642040e-01;3.447469e-02;2.134746e-02;2.840835e-02;9.369141e-02
1.609316e-01;1.047233e-01;8.352358e-02;2.681175e-02;3.135287e-02;8.221422e-02;1.753037e-01;1.282260e-01;4.261962e-02;3.052142e-02;2.206567e-02;1.117062e-01
1.441121e-01;7.286685e-02;1.061422e-01;4.864070e-02;4.122911e-02;6.688289e-02;1.569174e-01;8.515862e-02;6.231249e-02;5.392822e-02;3.365601e-02;1.281535e-01
1.096052e-01;1.004075e-01;1.305944e-01;4.497727e-02;4.488773e-02;5.947611e-02;1.726623e-01;6.867341e-02;7.891612e-02;7.985775e-02;4.308887e-02;6.685333e-02
1.016343e-01;1.315523e-01;1.893133e-01;2.096562e-02;6.044958e-02;6.783885e-02;1.412528e-01;5.307628e-02;8.681413e-02;7.291989e-02;3.299947e-02;4.118342e-02
4.189126e-02;1.421777e-01;3.249204e-01;6.399914e-02;5.895657e-02;5.438485e-02;7.870974e-02;5.720391e-02;6.779596e-02;6.737068e-02;2.035247e-02;2.223732e-02
3.060444e-02;1.228510e-01;5.088862e-01;9.894315e-02;3.556797e-02;2.373242e-02;2.915956e-02;3.123641e-02;3.277882e-02;6.363789e-02;1.088795e-02;1.171409e-02
2.385616e-02;8.919070e-02;5.944625e-01;1.299974e-01;1.844830e-02;1.089124e-02;3.425579e-02;1.489259e-02;1.616626e-02;5.166495e-02;8.433065e-03;7.740989e-03
1.165542e-02;5.463645e-02;5.778189e-01;1.798170e-01;5.120302e-02;2.418016e-02;3.436410e-02;1.138283e-02;1.505422e-02;2.774902e-02;6.983482e-03;5.155415e-03
8.526724e-03;4.069203e-02;5.698954e-01;1.346662e-01;5.026683e-02;5.060543e-02;7.191034e-02;1.539331e-02;1.571202e-02;3.261707e-02;5.385047e-03;4.329639e-03
1.232769e-02;8.827468e-02;5.369194e-01;9.528446e-02;2.938833e-02;5.049334e-02;1.002740e-01;2.534161e-02;1.559115e-02;3.601347e-02;4.301488e-03;5.790456e-03
2.166936e-02;2.211027e-01;3.624661e-01;9.630827e-02;2.378765e-02;8.414279e-02;6.293288e-02;3.836295e-02;4.491641e-02;2.631214e-02;1.037613e-02;7.622650e-03
2.968038e-02;3.762691e-01;1.633547e-01;7.046312e-02;1.759867e-02;1.799013e-01;3.137979e-02;3.307036e-02;5.632620e-02;2.689497e-02;9.283163e-03;5.778215e-03
3.481080e-02;4.211808e-01;1.531326e-01;5.061233e-02;2.189396e-02;1.865066e-01;2.894165e-02;1.828717e-02;4.456910e-02;2.289445e-02;1.213697e-02;5.033650e-03
1.180035e-01;4.196192e-01;9.039502e-02;2.899414e-02;5.210904e-02;1.439334e-01;1.863550e-02;2.100696e-02;5.240703e-02;2.473327e-02;1.359159e-02;1.657134e-02
2.930880e-01;2.221398e-01;5.537053e-02;2.420623e-02;8.994828e-02;1.162884e-01;1.825003e-02;3.745160e-02;3.053726e-02;2.884075e-02;1.515782e-02;6.872132e-02
2.982828e-01;5.704935e-02;4.479249e-02;2.363925e-02;8.471295e-02;8.257079e-02;2.792454e-02;3.959674e-02;1.462198e-02;4.355333e-02;4.420855e-02;2.390473e-01
1.536535e-01;1.869953e-02;3.060047e-02;1.524116e-02;4.044596e-02;6.248096e-02;5.658009e-02;2.404268e-02;1.285918e-02;4.075191e-02;7.861519e-02;4.660294e-01
3.988810e-02;2.894701e-02;2.398811e-02;1.496000e-02;1.373323e-02;4.042463e-02;8.226090e-02;1.736436e-02;1.163664e-02;2.973880e-02;8.194378e-02;6.151144e-01
2.278443e-02;2.791625e-02;5.510702e-02;2.033391e-02;6.230856e-03;2.521616e-02;6.870750e-02;1.554688e-02;2.688012e-02;3.205428e-02;1.931494e-01;5.060732e-01
2.923258e-02;2.568037e-02;7.322117e-02;1.946827e-02;1.496320e-02;4.612513e-02;3.675577e-02;1.829849e-02;4.270042e-02;6.800628e-02;3.624146e-01;2.631338e-01
2.154015e-02;4.822221e-02;6.095664e-02;2.147366e-02;5.607551e-02;5.386544e-02;2.448590e-02;3.248049e-02;4.112087e-02;1.789127e-01;3.351553e-01;1.257112e-01
1.885744e-02;6.582624e-02;5.507245e-02;3.814688e-02;1.133100e-01;2.625968e-02;2.542507e-02;2.918522e-02;1.152995e-01;2.768445e-01;1.888251e-01;4.694798e-02
3.123951e-02;4.185887e-02;3.799178e-02;7.817770e-02;9.810825e-02;2.654564e-02;3.048340e-02;3.140969e-02;2.865688e-01;1.770201e-01;1.237106e-01;3.688581e-02
2.724986e-02;1.901618e-02;3.861821e-02;9.393708e-02;4.173528e-02;3.196621e-02;7.352784e-02;1.062091e-01;3.559280e-01;8.253836e-02;7.367760e-02;5.559622e-02
1.822327e-02;1.850693e-02;6.611899e-02;5.122744e-02;2.982942e-02;3.341060e-02;1.404941e-01;1.933603e-01;2.287280e-01;7.982197e-02;5.393890e-02;8.634005e-02
2.180626e-02;2.998102e-02;7.696076e-02;2.362348e-02;4.859375e-02;4.513691e-02;1.725899e-01;2.086750e-01;9.295200e-02;8.169778e-02;6.205145e-02;1.359317e-01
1.778647e-02;4.147147e-02;5.233711e-02;6.976272e-02;3.469027e-02;4.583851e-02;1.111927e-01;7.404081e-02;2.072984e-01;1.244543e-01;3.470068e-02;1.864265e-01
2.422532e-02;4.624075e-02;1.798264e-02;4.844352e-02;2.002047e-02;3.987459e-02;2.462328e-01;1.800422e-01;1.328422e-01;7.552204e-02;3.448469e-02;1.340888e-01
3.019003e-02;4.756702e-02;1.710930e-02;2.301496e-02;2.051526e-02;9.325290e-02;3.581596e-01;1.572663e-01;2.739337e-02;6.477960e-02;6.711071e-02;9.364095e-02
6.463996e-02;2.535042e-02;3.347021e-02;1.011402e-02;2.894616e-02;1.427981e-01;2.874692e-01;9.415812e-02;1.344747e-01;7.172219e-02;4.693620e-02;5.992068e-02
1.016828e-01;3.518055e-02;9.131056e-02;2.567982e-02;7.510895e-02;1.293164e-01;7.376584e-02;1.058263e-01;1.786374e-01;4.263314e-02;5.660646e-02;8.425170e-02
9.483908e-02;8.890581e-02;1.046498e-01;7.684635e-02;7.924502e-02;5.207025e-02;5.725195e-02;4.380378e-02;6.790990e-02;4.547824e-02;1.334501e-01;1.555496e-01
7.617604e-02;9.550547e-02;1.193615e-01;1.343574e-01;4.581714e-02;3.823838e-02;5.288124e-02;3.746498e-02;5.077181e-02;5.557134e-02;1.691349e-01;1.247199e-01
6.682030e-02;5.593155e-02;2.185461e-01;1.342631e-01;3.842175e-02;3.885541e-02;6.481463e-02;5.387991e-02;6.309626e-02;7.127649e-02;1.258266e-01;6.826799e-02
5.554894e-02;8.439509e-02;3.002886e-01;8.917572e-02;3.830806e-02;4.522311e-02;7.025821e-02;6.715567e-02;4.958441e-02;7.218679e-02;4.188995e-02;8.598542e-02
5.249709e-02;1.254271e-01;2.663253e-01;5.335600e-02;3.662131e-02;5.972892e-02;6.580844e-02;6.833442e-02;7.399382e-02;5.269553e-02;4.730591e-02;9.790619e-02
5.708120e-02;1.035418e-01;1.928441e-01;9.501325e-02;5.026514e-02;8.444152e-02;8.493767e-02;5.049459e-02;9.228839e-02;6.033307e-02;5.053740e-02;7.822186e-02
4.936784e-02;8.579976e-02;2.407838e-01;8.646347e-02;2.870733e-02;8.572056e-02;1.105972e-01;3.145632e-02;1.038940e-01;8.343125e-02;4.952841e-02;4.425010e-02
5.147357e-02;1.244640e-01;2.435834e-01;4.290380e-02;5.503554e-02;6.393364e-02;1.202451e-01;3.818410e-02;8.110577e-02;7.722597e-02;6.210292e-02;3.974226e-02
6.678368e-02;1.797383e-01;1.769273e-01;3.186135e-02;6.554096e-02;4.590945e-02;1.484625e-01;3.901933e-02;6.228375e-02;8.023904e-02;4.819069e-02;5.504357e-02
7.664369e-02;1.850230e-01;1.192189e-01;2.641524e-02;3.022260e-02;6.222497e-02;1.151691e-01;8.036167e-02;9.293515e-02;8.514828e-02;5.439374e-02;7.224362e-02
5.915679e-02;1.829839e-01;1.462163e-01;4.278918e-02;3.708237e-02;5.061446e-02;6.635676e-02;5.286906e-02;1.449865e-01;7.535589e-02;5.372128e-02;8.786764e-02
4.709715e-02;1.723011e-01;1.638209e-01;4.890911e-02;5.098228e-02;4.514271e-02;4.231092e-02;3.669906e-02;1.323702e-01;9.624699e-02;7.456130e-02;8.955830e-02
5.816147e-02;1.490963e-01;1.773833e-01;6.231286e-02;7.486396e-02;6.263104e-02;5.508024e-02;4.427288e-02;5.705348e-02;1.372057e-01;3.308961e-02;8.884919e-02
4.965703e-02;7.808097e-02;1.222710e-01;7.073633e-02;6.498735e-02;4.064059e-02;9.813655e-02;6.446412e-02;1.175465e-01;7.346727e-02;1.250821e-01;9.493019e-02
5.800705e-02;1.077906e-01;9.952997e-02;6.016662e-02;3.493417e-02;3.160736e-02;1.252856e-01;1.052783e-01;1.063245e-01;5.028766e-02;1.104520e-01;1.103362e-01
5.354122e-02;1.335652e-01;1.473974e-01;3.800730e-02;2.482636e-02;3.726853e-02;1.071476e-01;8.744616e-02;7.023595e-02;1.095141e-01;1.179877e-01;7.306244e-02
8.473106e-02;1.081809e-01;1.692355e-01;3.086868e-02;3.172699e-02;4.807642e-02;7.354442e-02;1.002648e-01;8.568678e-02;1.349350e-01;9.898725e-02;3.376213e-02
9.261701e-02;8.775641e-02;1.885524e-01;4.141791e-02;5.256674e-02;4.527002e-02;3.386319e-02;1.280396e-01;7.050803e-02;1.404614e-01;5.940441e-02;5.954282e-02
6.454952e-02;6.814112e-02;2.528644e-01;4.351951e-02;5.768304e-02;4.289864e-02;4.229236e-02;9.166772e-02;1.011134e-01;9.103522e-02;7.182787e-02;7.240718e-02
6.662608e-02;6.419126e-02;2.772620e-01;3.452606e-02;5.610223e-02;3.687137e-02;4.767062e-02;6.730140e-02;1.074076e-01;7.513819e-02;6.657897e-02;1.003242e-01
5.627278e-02;7.213774e-02;2.032020e-01;3.872784e-02;3.705511e-02;3.420144e-02;5.864121e-02;8.263091e-02;8.136258e-02;8.373555e-02;1.029948e-01;1.490381e-01
3.162866e-02;7.495906e-02;1.608329e-01;6.424990e-02;2.453421e-02;3.649779e-02;3.109200e-02;7.904052e-02;7.934020e-02;9.775079e-02;1.386637e-01;1.814103e-01
2.984698e-02;6.267010e-02;2.360743e-01;4.414488e-02;3.868420e-02;3.550984e-02;7.019990e-02;5.576915e-02;5.994261e-02;9.678843e-02;9.619328e-02;1.741763e-01
4.464626e-02;2.706885e-02;2.409064e-01;2.589126e-02;6.239714e-02;4.334863e-02;9.375470e-02;3.683289e-02;8.052850e-02;7.043795e-02;1.435095e-01;1.306779e-01
4.821443e-02;4.606681e-02;2.092579e-01;3.553484e-02;7.286206e-02;5.140643e-02;9.117069e-02;4.747008e-02;9.376784e-02;5.478599e-02;1.237015e-01;1.257614e-01
6.205382e-02;6.727354e-02;1.835248e-01;4.436539e-02;6.443948e-02;8.396121e-02;8.743762e-02;5.678273e-02;1.092914e-01;7.755275e-02;5.488779e-02;1.084295e-01
9.911484e-02;6.998203e-02;1.519165e-01;3.412311e-02;6.661842e-02;8.411501e-02;6.454101e-02;7.714894e-02;1.130011e-01;8.009042e-02;4.453434e-02;1.148143e-01
1.413464e-01;7.699674e-02;9.092303e-02;6.763026e-02;1.026756e-01;7.536276e-02;7.839153e-02;5.897458e-02;9.875517e-02;5.870541e-02;4.923808e-02;1.010004e-01
1.234526e-01;6.996342e-02;1.059750e-01;1.020738e-01;9.671647e-02;5.995179e-02;1.023910e-01;8.030330e-02;1.144768e-01;4.767652e-02;6.492613e-02;3.209314e-02
