3.857064e-02;6.172326e-02;1.930901e-01;5.323220e-02;5.184777e-02;1.138090e-01;6.910772e-02;2.667157e-02;1.155754e-01;4.483006e-02;1.796717e-01;5.187063e-02
3.804428e-02;4.678389e-02;1.637695e-01;5.244045e-02;4.607506e-02;9.374145e-02;1.154125e-01;2.497306e-02;8.539726e-02;3.506438e-02;1.895704e-01;1.087278e-01
5.372018e-02;4.260762e-02;8.925836e-02;3.558568e-02;5.279789e-02;1.469918e-01;1.403251e-01;2.823410e-02;6.554484e-02;4.527126e-02;1.855060e-01;1.141572e-01
4.714666e-02;3.430192e-02;4.372292e-02;3.308649e-02;7.724166e-02;1.849739e-01;1.191860e-01;4.165830e-02;9.462974e-02;5.314410e-02;1.795503e-01;9.135801e-02
3.690195e-02;5.058516e-02;5.452029e-02;6.643846e-02;9.916008e-02;1.659727e-01;4.672306e-02;7.637967e-02;1.287455e-01;5.600912e-02;1.269883e-01;9.157573e-02
3.614696e-02;7.429504e-02;9.909303e-02;6.558855e-02;7.937284e-02;9.909979e-02;7.074560e-02;9.055492e-02;1.032343e-01;4.668751e-02;1.260969e-01;1.090845e-01
4.483901e-02;9.889822e-02;1.000831e-01;3.714758e-02;4.049351e-02;1.741147e-01;1.122107e-01;8.338369e-02;7.071776e-02;1.762235e-02;1.348089e-01;8.568058e-02
5.426970e-02;7.298917e-02;5.741625e-02;3.633493e-02;4.029167e-02;2.732832e-01;1.317036e-01;3.888419e-02;7.972863e-02;2.099753e-02;1.414293e-01;5.267177e-02
3.605390e-02;6.767979e-02;5.236721e-02;1.996080e-02;5.333909e-02;3.042589e-01;1.524604e-01;3.548545e-02;5.837652e-02;2.449160e-02;1.049581e-01;9.056823e-02
4.457444e-02;1.087592e-01;6.061081e-02;3.957365e-02;3.458365e-02;2.100713e-01;2.126273e-01;9.303661e-02;3.058869e-02;2.262675e-02;7.989349e-02;6.305418e-02
5.945819e-02;1.394180e-01;6.431612e-02;7.379714e-02;2.905063e-02;9.020863e-02;1.370848e-01;2.266657e-01;3.443461e-02;2.973042e-02;4.917707e-02;6.665875e-02
3.399716e-02;8.861053e-02;2.857053e-02;8.954470e-02;3.273966e-02;4.111138e-02;2.485361e-01;2.399549e-01;2.840155e-02;3.286047e-02;3.213243e-02;1.035406e-01
2.561008e-02;4.464187e-02;1.400659e-02;9.586038e-02;2.339834e-02;2.463113e-02;3.824856e-01;1.913586e-01;2.401984e-02;2.703475e-02;2.156191e-02;1.253909e-01
1.698423e-02;2.507740e-02;1.548988e-02;6.884263e-02;1.277804e-02;4.777364e-02;4.685971e-01;1.240976e-01;1.834810e-02;3.677134e-02;2.705175e-02;1.381883e-01
1.321851e-02;2.018666e-02;1.295551e-02;3.439389e-02;1.930385e-02;1.107015e-01;4.801275e-01;6.405513e-02;2.650466e-02;3.963672e-02;4.336283e-02;1.355532e-01
1.517144e-02;2.089324e-02;1.804003e-02;2.987638e-02;2.693141e-02;1.687043e-01;4.121336e-01;2.509687e-02;6.395835e-02;2.196372e-02;7.326005e-02;1.239705e-01
1.867027e-02;2.537571e-02;3.530342e-02;3.436500e-02;4.123278e-02;2.111093e-01;3.005689e-01;2.821247e-02;1.078070e-01;2.090587e-02;7.917641e-02;9.727281e-02
2.211436e-02;3.577916e-02;5.228196e-02;4.360239e-02;6.685132e-02;2.034107e-01;2.140837e-01;4.580912e-02;1.517266e-01;2.079670e-02;7.115209e-02;7.239190e-02
2.302499e-02;3.883475e-02;5.769017e-02;5.812741e-02;6.435488e-02;1.369170e-01;2.064739e-01;8.573218e-02;1.890241e-01;3.473915e-02;5.122724e-02;5.385426e-02
2.225946e-02;4.514940e-02;3.206160e-02;4.336337e-02;2.348019e-02;8.806784e-02;4.024646e-01;1.027422e-01;1.019952e-01;4.768505e-02;1.371757e-02;7.701363e-02
1.497839e-02;3.359263e-02;1.104163e-02;4.783612e-02;1.102507e-02;1.218417e-01;4.798571e-01;8.135890e-02;3.194283e-02;4.221001e-02;1.619395e-02;1.081217e-01
1.624725e-02;3.398249e-02;1.704852e-02;6.515632e-02;1.551574e-02;1.209456e-01;4.802260e-01;4.278711e-02;2.245060e-02;3.030113e-02;1.716830e-02;1.381709e-01
2.024140e-02;4.949973e-02;3.724096e-02;8.394904e-02;3.593016e-02;7.273540e-02;4.108189e-01;4.339369e-02;2.605036e-02;3.583600e-02;2.172120e-02;1.625831e-01
2.584995e-02;4.964609e-02;6.304075e-02;6.953703e-02;5.185848e-02;1.277520e-01;2.397514e-01;7.774656e-02;4.094691e-02;2.661684e-02;7.991986e-02;1.473342e-01
3.643002e-02;6.857104e-02;8.126230e-02;3.736569e-02;4.399101e-02;1.535331e-01;1.623077e-01;8.321690e-02;6.508201e-02;2.552011e-02;1.294944e-01;1.132258e-01
5.151858e-02;8.946661e-02;9.560827e-02;4.072300e-02;3.777201e-02;8.898272e-02;1.961058e-01;9.989361e-02;8.015754e-02;3.890893e-02;9.540156e-02;8.546134e-02
4.454009e-02;5.862997e-02;5.296214e-02;5.514656e-02;5.579137e-02;1.410087e-01;2.064280e-01;1.121452e-01;7.843819e-02;3.344712e-02;5.021832e-02;1.112444e-01
4.388913e-02;5.685397e-02;5.071896e-02;3.036660e-02;5.701753e-02;1.942267e-01;2.405142e-01;8.021511e-02;5.605875e-02;1.914406e-02;2.844575e-02;1.425492e-01
8.794700e-02;9.767480e-02;5.974392e-02;5.886141e-02;3.913964e-02;1.644974e-01;1.998290e-01;7.998344e-02;4.356370e-02;1.936312e-02;3.252928e-02;1.168673e-01
1.129622e-01;1.156900e-01;4.908878e-02;5.379740e-02;1.946833e-02;1.019951e-01;2.508792e-01;1.031279e-01;2.349351e-02;2.100626e-02;1.240531e-02;1.360862e-01
9.697405e-02;8.578989e-02;5.204381e-02;4.868229e-02;2.623786e-02;3.375795e-02;2.732844e-01;8.424775e-02;1.986069e-02;1.539612e-02;4.709925e-02;2.166259e-01
5.358564e-02;4.534458e-02;3.220104e-02;4.144157e-02;2.128797e-02;8.560263e-02;2.293062e-01;5.161317e-02;4.314268e-02;3.133595e-02;1.409801e-01;2.241583e-01
3.097407e-02;5.630129e-02;5.295981e-02;3.163387e-02;1.774995e-02;1.239664e-01;1.421364e-01;5.693934e-02;7.612900e-02;5.026260e-02;2.051830e-01;1.557644e-01
3.092659e-02;5.628749e-02;7.967979e-02;3.511925e-02;2.680468e-02;1.682552e-01;7.040331e-02;7.084521e-02;1.170988e-01;5.858690e-02;1.711303e-01;1.148626e-01
2.261958e-02;3.613345e-02;8.915519e-02;4.702649e-02;3.371583e-02;1.711249e-01;1.679734e-01;1.145765e-01;1.176671e-01;4.376941e-02;5.358214e-02;1.026561e-01
4.007268e-02;1.001772e-01;9.140623e-02;4.011515e-02;3.105975e-02;1.416213e-01;1.981455e-01;1.009063e-01;8.043030e-02;2.079530e-02;7.068259e-02;8.458767e-02
4.360013e-02;8.344609e-02;6.170261e-02;4.625949e-02;2.854065e-02;1.614740e-01;2.417472e-01;5.920208e-02;7.779532e-02;2.084119e-02;9.329075e-02;8.210043e-02
3.393743e-02;4.124880e-02;3.798243e-02;5.771609e-02;2.642726e-02;1.960675e-01;2.392085e-01;5.166319e-02;8.018586e-02;2.962609e-02;8.119179e-02;1.247450e-01
4.902700e-02;2.711747e-02;3.502310e-02;5.569012e-02;3.310566e-02;1.916438e-01;2.232846e-01;6.338980e-02;6.751485e-02;3.618988e-02;3.404274e-02;1.839709e-01
6.605224e-02;3.207745e-02;4.218481e-02;4.951391e-02;3.289014e-02;1.302048e-01;2.232789e-01;7.291763e-02;5.568308e-02;5.466977e-02;6.957994e-02;1.709474e-01
6.069783e-02;9.165651e-02;7.989393e-02;6.627384e-02;4.278020e-02;1.100442e-01;1.611128e-01;7.830837e-02;7.456183e-02;7.347757e-02;5.203594e-02;1.091570e-01
4.084174e-02;1.017445e-01;9.204846e-02;9.035064e-02;4.451461e-02;1.220790e-01;2.145422e-01;7.622433e-02;6.630751e-02;4.426830e-02;4.810304e-02;5.897564e-02
2.880456e-02;7.336825e-02;5.240034e-02;1.005973e-01;4.292466e-02;8.670155e-02;3.455367e-01;1.104283e-01;2.914937e-02;2.522355e-02;3.174469e-02;7.312081e-02
2.405828e-02;5.129771e-02;1.761959e-02;7.616996e-02;3.243866e-02;3.324670e-02;4.457725e-01;1.358723e-01;2.084281e-02;4.386850e-02;2.561366e-02;9.319921e-02
1.421724e-02;3.392912e-02;1.943855e-02;3.336499e-02;1.850201e-02;6.498788e-02;4.792908e-01;1.249586e-01;2.525393e-02;6.638835e-02;3.003765e-02;8.963088e-02
1.136255e-02;2.157356e-02;2.317925e-02;1.232647e-02;3.239114e-02;1.502321e-01;3.955955e-01;8.444928e-02;5.243582e-02;6.718933e-02;6.554176e-02;8.372331e-02
1.865355e-02;2.233405e-02;4.759693e-02;3.043849e-02;5.888979e-02;2.194010e-01;2.727807e-01;4.078506e-02;7.942224e-02;4.993030e-02;9.206104e-02;6.770680e-02
1.573565e-02;3.680343e-02;7.758109e-02;4.017130e-02;7.314440e-02;1.964955e-01;2.450082e-01;7.374316e-02;7.575759e-02;3.988513e-02;8.470733e-02;4.096732e-02
2.905289e-02;6.544203e-02;5.799482e-02;2.939823e-02;5.233152e-02;6.757817e-02;2.776117e-01;1.192184e-01;7.118754e-02;5.038564e-02;7.143406e-02;1.083649e-01
3.063932e-02;4.109893e-02;3.296043e-02;2.188468e-02;3.451057e-02;8.884466e-02;2.816147e-01;1.183214e-01;7.403839e-02;4.637745e-02;9.347489e-02;1.362345e-01
3.943246e-02;1.947218e-02;4.949128e-02;1.185725e-02;3.469794e-02;1.813645e-01;2.311422e-01;7.156064e-02;6.823350e-02;3.208361e-02;1.565062e-01;1.041582e-01
7.274505e-02;1.541757e-02;7.492916e-02;1.245508e-02;3.364456e-02;2.665831e-01;1.211016e-01;3.538230e-02;5.497793e-02;2.108859e-02;2.191474e-01;7.252768e-02
1.104312e-01;2.413300e-02;7.747883e-02;1.835736e-02;3.963825e-02;2.774175e-01;8.785249e-02;3.194432e-02;5.044063e-02;1.864043e-02;2.113197e-01;5.234613e-02
1.316019e-01;3.526278e-02;7.982998e-02;2.982546e-02;6.514204e-02;2.121267e-01;8.611022e-02;4.452028e-02;6.656294e-02;3.169882e-02;1.767260e-01;4.059286e-02
1.275504e-01;6.881943e-02;7.656939e-02;2.956199e-02;9.470406e-02;1.131618e-01;7.761371e-02;7.222467e-02;8.314960e-02;6.609424e-02;1.384653e-01;5.208542e-02
9.353416e-02;5.307070e-02;4.515998e-02;3.465699e-02;6.464737e-02;2.274862e-01;1.846672e-01;5.176730e-02;8.210282e-02;5.586784e-02;7.055176e-02;3.648764e-02
7.563002e-02;4.924397e-02;4.229459e-02;2.838123e-02;5.533561e-02;2.996830e-01;1.823730e-01;4.186270e-02;5.793208e-02;3.178177e-02;8.051097e-02;5.497105e-02
5.692620e-02;2.412684e-02;4.502039e-02;1.684145e-02;5.320242e-02;4.147378e-01;1.540765e-01;4.536000e-02;3.475607e-02;1.968410e-02;6.235287e-02;7.291535e-02
5.088225e-02;3.972295e-02;5.494536e-02;2.720488e-02;3.963687e-02;4.277354e-01;6.559102e-02;5.022733e-02;4.151259e-02;3.616559e-02;9.126773e-02;7.510809e-02
4.873217e-02;4.985249e-02;5.859783e-02;4.931213e-02;5.694974e-02;2.511001e-01;9.423449e-02;5.670176e-02;5.035424e-02;7.329179e-02;1.463633e-01;6.450990e-02
4.645840e-02;6.018402e-02;5.866634e-02;6.949076e-02;7.384117e-02;7.941408e-02;1.914384e-01;7.918411e-02;4.889986e-02;8.091529e-02;1.546425e-01;5.686510e-02
5.095672e-02;8.927333e-02;6.368794e-02;6.061483e-02;3.555969e-02;2.399397e-01;1.689498e-01;7.960624e-02;3.830147e-02;4.469374e-02;9.842776e-02;2.998880e-02
9.809068e-02;1.357472e-01;9.838898e-02;5.308711e-02;5.258812e-02;2.267432e-01;8.008142e-02;9.767736e-02;2.783913e-02;3.465516e-02;4.450635e-02;5.059524e-02
1.207459e-01;1.423145e-01;9.423302e-02;4.607318e-02;4.090828e-02;1.589632e-01;1.115356e-01;1.300914e-01;2.367304e-02;3.645784e-02;3.259813e-02;6.240594e-02
9.748767e-02;1.040605e-01;6.554858e-02;5.773528e-02;2.685494e-02;1.317397e-01;1.571750e-01;1.410709e-01;3.078125e-02;5.334783e-02;2.174856e-02;1.124498e-01
5.377990e-02;4.923118e-02;2.493675e-02;6.683785e-02;3.240202e-02;1.653675e-01;2.512256e-01;8.576314e-02;4.595968e-02;4.177872e-02;4.675935e-02;1.359583e-01
4.014433e-02;3.650835e-02;4.677267e-02;5.743007e-02;4.523405e-02;2.099212e-01;2.423812e-01;5.768358e-02;5.961024e-02;2.947637e-02;5.685976e-02;1.179783e-01
5.841957e-02;8.743303e-02;8.189166e-02;3.785240e-02;4.232128e-02;1.546935e-01;2.244735e-01;7.642015e-02;5.497025e-02;4.699368e-02;4.488147e-02;8.964954e-02
6.640340e-02;1.508814e-01;9.057584e-02;2.187322e-02;2.457171e-02;1.675320e-01;1.820830e-01;7.432164e-02;5.560244e-02;4.770036e-02;3.735797e-02;8.109699e-02
5.959867e-02;1.460228e-01;5.114345e-02;2.389109e-02;2.301789e-02;2.629682e-01;1.484763e-01;6.294592e-02;6.913796e-02;3.425892e-02;3.333525e-02;8.520361e-02
5.853171e-02;1.386093e-01;7.494969e-02;3.452889e-02;1.358308e-02;2.345329e-01;2.020163e-01;4.619150e-02;6.746838e-02;3.167744e-02;2.888246e-02;6.902841e-02
6.725460e-02;1.155548e-01;7.246919e-02;3.103931e-02;2.227858e-02;2.079131e-01;1.870410e-01;6.532861e-02;8.620417e-02;3.165024e-02;4.477428e-02;6.849207e-02
7.795969e-02;4.949995e-02;5.980403e-02;2.427196e-02;2.842184e-02;2.419516e-01;1.194188e-01;8.654461e-02;1.116488e-01;2.994640e-02;4.578254e-02;1.247498e-01
4.639386e-02;7.503921e-02;5.980326e-02;2.468879e-02;2.245497e-02;2.219976e-01;1.065672e-01;8.941700e-02;1.163470e-01;3.465623e-02;9.599068e-02;1.066441e-01
4.025914e-02;7.499568e-02;4.679987e-02;3.409982e-02;2.804033e-02;1.989283e-01;1.261931e-01;1.083802e-01;1.178698e-01;5.249164e-02;1.089063e-01;6.303589e-02
4.692179e-02;6.430819e-02;7.282012e-02;3.852479e-02;2.624531e-02;2.092524e-01;1.105748e-01;1.118015e-01;1.001939e-01;6.096559e-02;1.106012e-01;4.779034e-02
4.993254e-02;2.077914e-02;7.750235e-02;4.820228e-02;2.208939e-02;2.099685e-01;1.401506e-01;1.113689e-01;1.061482e-01;4.726306e-02;1.083932e-01;5.820198e-02
6.086950e-02;7.510253e-02;7.627653e-02;6.660550e-02;2.009903e-02;1.400028e-01;1.145729e-01;1.106490e-01;1.275544e-01;5.356230e-02;9.788862e-02;5.681688e-02
5.128420e-02;7.044185e-02;6.002654e-02;5.813906e-02;1.358797e-02;1.176359e-01;1.504408e-01;1.111387e-01;1.279322e-01;5.829047e-02;1.194773e-01;6.160505e-02
4.174942e-02;7.784930e-02;6.323970e-02;3.641324e-02;2.456745e-02;1.719009e-01;2.055419e-01;9.370220e-02;1.096836e-01;3.647460e-02;1.039044e-01;3.497333e-02
4.760360e-02;1.042246e-01;7.837666e-02;4.357679e-02;2.861542e-02;1.878579e-01;1.827628e-01;8.208371e-02;9.679343e-02;2.998031e-02;7.384569e-02;4.427920e-02
6.662834e-02;1.226720e-01;5.795154e-02;3.457793e-02;1.824454e-02;1.689851e-01;1.282745e-01;1.282392e-01;1.119119e-01;3.419107e-02;7.735090e-02;5.097296e-02
8.783699e-02;1.552961e-01;9.427288e-02;2.190453e-02;2.614853e-02;1.064890e-01;8.021863e-02;1.275822e-01;1.066451e-01;4.457340e-02;9.757891e-02;5.145384e-02
8.214686e-02;1.680455e-01;9.950695e-02;3.693362e-02;4.573737e-02;1.705108e-01;3.799464e-02;9.710146e-02;7.711861e-02;2.868857e-02;8.784119e-02;6.837451e-02
6.432662e-02;1.003703e-01;7.210226e-02;2.529642e-02;3.106118e-02;1.846528e-01;1.593036e-01;1.077763e-01;8.053438e-02;2.764498e-02;7.328530e-02;7.364587e-02
6.201743e-02;6.012711e-02;6.195521e-02;2.759159e-02;1.449583e-02;1.541250e-01;2.083846e-01;1.072030e-01;8.172158e-02;3.271041e-02;9.448392e-02;9.518424e-02
5.978665e-02;1.300241e-01;1.243506e-01;3.398393e-02;1.300843e-02;1.311830e-01;1.363790e-01;7.797439e-02;7.222012e-02;3.309162e-02;6.956445e-02;1.184337e-01
4.024374e-02;2.185866e-01;2.056390e-01;8.136797e-02;1.769766e-02;1.209587e-01;6.082354e-02;6.507280e-02;6.294133e-02;4.041683e-02;3.284680e-02;5.340500e-02
3.306970e-02;2.740802e-01;2.924965e-01;9.982667e-02;1.067750e-02;8.607129e-02;3.552559e-02;3.737196e-02;5.614930e-02;3.336398e-02;1.855638e-02;2.281092e-02
2.875483e-02;3.184872e-01;3.277945e-01;6.363428e-02;9.909470e-03;8.675950e-02;1.550558e-02;2.637096e-02;6.132789e-02;2.633812e-02;1.514568e-02;1.997196e-02
2.117703e-02;3.335381e-01;3.164388e-01;7.572174e-02;1.086644e-02;7.901262e-02;6.485134e-03;1.782340e-02;8.384390e-02;2.649660e-02;1.353007e-02;1.506614e-02
1.937287e-02;3.505794e-01;2.814063e-01;9.706558e-02;1.142990e-02;6.825279e-02;1.200446e-02;1.860181e-02;8.840293e-02;3.495254e-02;1.029162e-02;7.639898e-03
2.461930e-02;3.969669e-01;2.358035e-01;8.536828e-02;1.714230e-02;5.084191e-02;1.612888e-02;2.672238e-02;7.544882e-02;5.698934e-02;7.435931e-03;6.532468e-03
3.591241e-02;4.453481e-01;1.339405e-01;5.327909e-02;2.459378e-02;3.859282e-02;1.845017e-02;3.224237e-02;1.030926e-01;9.875929e-02;7.998844e-03;7.789951e-03
3.875012e-02;4.394766e-01;9.236894e-02;5.986021e-02;2.465707e-02;5.122134e-02;2.197422e-02;2.435197e-02;1.370254e-01;1.007438e-01;4.255397e-03;5.314975e-03
2.947659e-02;3.906375e-01;1.409482e-01;7.837427e-02;1.405898e-02;6.627936e-02;2.175281e-02;2.404132e-02;1.535974e-01;7.157874e-02;4.842097e-03;4.412818e-03
2.425173e-02;3.531068e-01;1.387059e-01;1.116514e-01;1.478019e-02;8.735716e-02;2.199350e-02;1.534208e-02;1.675087e-01;4.985444e-02;4.523583e-03;1.092463e-02
2.283578e-02;3.504593e-01;1.182547e-01;1.277676e-01;1.244748e-02;9.887282e-02;1.225386e-02;2.162390e-02;1.575658e-01;4.580765e-02;7.963739e-03;2.414737e-02
1.666415e-02;3.285857e-01;1.998074e-01;1.219086e-01;1.597524e-02;7.316320e-02;1.426313e-02;2.584340e-02;1.028385e-01;6.416674e-02;1.230050e-02;2.448340e-02
2.284678e-02;3.011256e-01;2.794484e-01;1.009230e-01;2.594659e-02;5.887251e-02;2.176272e-02;2.881191e-02;5.816726e-02;6.833296e-02;1.269625e-02;2.106599e-02
2.581891e-02;3.002816e-01;3.117242e-01;7.937312e-02;3.150689e-02;7.000563e-02;1.668859e-02;3.622719e-02;3.234157e-02;5.639448e-02;1.695403e-02;2.268378e-02
2.815671e-02;3.553135e-01;2.793396e-01;6.298287e-02;2.470187e-02;7.358501e-02;1.703277e-02;3.812105e-02;4.089067e-02;4.538016e-02;1.253740e-02;2.195836e-02
2.554851e-02;4.056446e-01;2.686168e-01;5.169657e-02;9.285865e-03;6.393540e-02;2.651658e-02;2.863787e-02;6.604406e-02;3.035768e-02;1.391472e-02;9.801377e-03
2.916992e-02;3.997433e-01;2.677305e-01;3.210965e-02;1.282020e-02;5.719202e-02;4.270185e-02;3.217267e-02;6.838499e-02;3.965637e-02;8.507961e-03;9.810545e-03
3.530221e-02;3.449879e-01;2.637532e-01;4.465015e-02;1.371071e-02;7.134107e-02;4.053460e-02;3.314671e-02;6.925154e-02;5.130517e-02;1.782983e-02;1.418689e-02
4.339961e-02;1.837310e-01;3.190947e-01;6.093029e-02;1.711930e-02;1.174988e-01;2.411656e-02;4.482619e-02;8.545153e-02;6.119464e-02;2.895467e-02;1.368270e-02
2.871953e-02;2.265498e-01;2.824351e-01;5.855203e-02;2.125294e-02;9.091141e-02;3.226489e-02;4.305759e-02;1.099514e-01;5.382790e-02;3.675723e-02;1.572009e-02
3.112950e-02;3.278885e-01;2.367743e-01;5.679911e-02;3.357179e-02;6.613261e-02;3.327373e-02;5.006397e-02;8.997356e-02;3.663376e-02;2.753443e-02;1.022472e-02
2.586668e-02;3.709084e-01;2.482522e-01;4.655467e-02;3.082517e-02;4.625312e-02;3.007152e-02;5.102088e-02;8.754143e-02;3.809250e-02;1.686004e-02;7.753323e-03
1.844833e-02;3.424360e-01;2.800851e-01;4.173568e-02;1.609246e-02;1.019036e-01;2.488257e-02;4.758979e-02;7.764007e-02;2.784429e-02;1.499418e-02;6.347895e-03
2.314738e-02;2.946000e-01;2.413947e-01;7.314115e-02;2.182767e-02;1.419151e-01;1.469050e-02;5.493793e-02;6.292883e-02;3.907734e-02;2.354007e-02;8.799264e-03
2.119594e-02;2.658987e-01;3.180303e-01;7.318851e-02;2.799965e-02;1.126346e-01;1.480147e-02;4.885601e-02;4.552024e-02;4.112205e-02;2.742681e-02;3.325777e-03
3.219312e-02;2.806920e-01;3.628254e-01;5.093655e-02;2.156104e-02;9.556772e-02;2.298414e-02;3.800726e-02;4.262334e-02;2.770748e-02;1.857419e-02;6.327830e-03
3.659186e-02;2.886391e-01;3.422171e-01;4.378469e-02;2.208105e-02;9.932955e-02;1.721212e-02;3.729036e-02;5.742333e-02;2.789659e-02;1.805798e-02;9.476302e-03
2.615507e-02;2.133473e-01;3.482463e-01;5.048776e-02;2.002883e-02;6.127413e-02;2.047306e-02;1.038255e-01;7.719716e-02;4.891457e-02;1.790266e-02;1.214768e-02
1.696446e-02;2.034303e-01;2.737244e-01;4.116501e-02;1.740809e-02;1.242701e-01;2.440569e-02;1.515092e-01;6.521089e-02;5.316763e-02;1.152907e-02;1.721517e-02
3.228851e-02;2.285038e-01;1.535434e-01;4.861042e-02;1.302831e-02;1.467113e-01;3.268050e-02;1.454667e-01;1.073669e-01;5.066770e-02;2.163734e-02;1.949500e-02
4.360897e-02;2.641523e-01;1.488678e-01;6.633888e-02;1.619752e-02;1.378000e-01;3.336453e-02;7.593429e-02;1.045454e-01;4.746531e-02;3.161646e-02;3.010855e-02
4.468453e-02;3.172654e-01;1.781192e-01;6.358384e-02;1.224425e-02;1.221801e-01;2.617933e-02;5.314932e-02;8.153237e-02;4.271317e-02;2.947472e-02;2.887376e-02
4.483853e-02;3.626591e-01;1.583490e-01;4.526056e-02;2.175248e-02;1.239151e-01;3.437689e-02;4.970803e-02;7.881393e-02;3.955288e-02;2.528518e-02;1.548824e-02
5.373177e-02;4.033598e-01;1.817009e-01;2.143237e-02;2.675040e-02;8.038501e-02;4.486826e-02;5.542381e-02;6.306858e-02;2.511161e-02;2.603387e-02;1.813366e-02
4.499096e-02;4.021188e-01;2.715353e-01;2.563038e-02;1.412929e-02;6.080099e-02;2.796616e-02;4.131208e-02;4.557596e-02;3.085880e-02;1.715874e-02;1.792257e-02
3.888686e-02;3.484100e-01;2.892136e-01;2.415516e-02;1.210033e-02;7.786348e-02;2.721778e-02;4.177221e-02;5.537964e-02;4.639070e-02;1.510085e-02;2.350935e-02
4.983901e-02;2.831506e-01;2.643585e-01;3.563805e-02;1.874899e-02;9.910372e-02;3.306281e-02;6.234017e-02;4.826019e-02;5.503718e-02;3.095412e-02;1.950669e-02
5.040888e-02;1.772697e-01;1.687205e-01;4.969608e-02;6.120155e-02;1.575399e-01;5.186631e-02;8.203839e-02;4.113892e-02;2.421432e-02;6.788471e-02;6.802072e-02
3.987842e-02;1.441436e-01;1.252113e-01;6.233004e-02;9.606266e-02;1.627422e-01;3.673795e-02;6.930587e-02;2.569188e-02;2.177978e-02;7.569518e-02;1.404211e-01
2.131119e-02;1.283350e-01;1.051968e-01;9.456888e-02;1.158234e-01;1.276153e-01;1.352054e-02;4.665231e-02;1.345255e-02;2.086289e-02;1.253189e-01;1.873423e-01
1.920041e-02;9.069757e-02;8.166160e-02;1.116062e-01;7.964160e-02;7.498448e-02;8.510833e-03;5.658662e-02;1.030873e-02;2.931721e-02;2.992268e-01;1.382580e-01
3.345066e-02;5.389986e-02;9.117527e-02;1.058461e-01;3.761104e-02;5.065392e-02;2.253261e-02;5.380566e-02;2.023527e-02;1.024125e-01;3.597108e-01;6.866634e-02
6.111116e-02;3.150247e-02;1.146547e-01;6.760562e-02;2.911644e-02;3.015072e-02;5.838354e-02;3.278995e-02;3.850203e-02;2.452641e-01;2.528978e-01;3.802144e-02
6.807368e-02;2.475216e-02;1.729598e-01;2.393253e-02;4.992716e-02;1.592517e-02;8.798044e-02;2.230044e-02;6.811898e-02;3.678697e-01;7.690612e-02;2.125373e-02
4.701117e-02;5.958816e-02;1.984061e-01;1.850413e-02;5.481936e-02;4.390667e-02;6.740825e-02;3.388480e-02;9.775295e-02;3.130026e-01;4.822348e-02;1.749234e-02
2.977573e-02;1.397755e-01;1.785854e-01;3.743474e-02;3.586772e-02;1.209957e-01;3.199683e-02;4.552293e-02;1.526704e-01;1.541439e-01;4.829998e-02;2.493124e-02
2.889138e-02;1.882952e-01;1.277430e-01;6.577961e-02;2.214743e-02;1.776576e-01;4.016320e-02;3.624502e-02;1.844217e-01;3.814821e-02;5.794733e-02;3.256023e-02
4.107446e-02;1.631572e-01;8.565938e-02;7.153888e-02;3.988937e-02;1.498593e-01;9.788233e-02;4.390763e-02;1.428861e-01;8.039822e-02;5.007339e-02;3.367374e-02
6.400935e-02;1.402503e-01;7.638154e-02;4.471610e-02;7.761963e-02;8.851703e-02;1.680454e-01;8.285461e-02;7.767446e-02;9.364478e-02;4.743445e-02;3.885236e-02
7.596742e-02;1.782227e-01;9.788107e-02;1.854987e-02;7.340538e-02;6.592607e-02;1.837338e-01;9.910256e-02;5.796965e-02;6.338240e-02;5.011280e-02;3.574633e-02
6.711412e-02;2.489159e-01;9.278940e-02;3.067072e-02;3.926269e-02;1.097546e-01;1.635741e-01;7.730809e-02;6.137287e-02;3.146596e-02;5.395132e-02;2.382025e-02
4.324039e-02;2.743617e-01;9.982824e-02;3.948495e-02;3.028302e-02;9.356859e-02;1.577404e-01;4.524655e-02;8.386730e-02;9.599493e-02;2.050744e-02;1.587646e-02
3.613971e-02;2.667409e-01;1.306662e-01;3.310125e-02;4.540777e-02;5.515384e-02;1.710280e-01;2.886456e-02;6.902870e-02;1.250674e-01;2.655350e-02;1.224817e-02
4.017898e-02;2.449781e-01;1.411084e-01;3.936744e-02;4.692263e-02;3.915890e-02;2.134398e-01;2.963469e-02;4.930807e-02;1.132783e-01;3.194837e-02;1.067640e-02
4.410081e-02;2.702251e-01;1.486420e-01;6.430791e-02;4.370029e-02;4.866137e-02;1.824379e-01;2.753077e-02;4.733357e-02;8.196644e-02;2.872655e-02;1.236720e-02
4.221366e-02;2.864650e-01;1.909353e-01;7.476629e-02;4.055466e-02;1.069111e-01;8.549615e-02;2.798032e-02;4.478915e-02;5.032544e-02;3.001157e-02;1.955140e-02
4.298995e-02;2.610510e-01;2.281979e-01;7.263023e-02;3.215195e-02;1.398915e-01;3.176298e-02;3.253047e-02;4.742427e-02;4.668580e-02;3.747854e-02;2.720534e-02
4.642963e-02;1.843593e-01;1.806965e-01;6.185022e-02;2.636762e-02;1.589067e-01;4.935347e-02;5.214662e-02;7.629716e-02;5.640250e-02;6.390773e-02;4.328264e-02
3.569753e-02;7.905050e-02;1.241617e-01;5.818666e-02;2.538490e-02;1.415443e-01;7.616771e-02;7.307119e-02;1.193773e-01;9.007919e-02;1.186999e-01;5.857916e-02
4.365917e-02;1.420691e-01;1.641085e-01;4.973634e-02;4.876401e-02;8.089313e-02;7.986565e-02;6.495422e-02;8.039911e-02;1.941711e-01;2.789322e-02;2.348659e-02
4.109564e-02;1.540305e-01;1.915265e-01;4.106398e-02;4.201033e-02;7.683483e-02;5.513323e-02;5.203987e-02;9.050543e-02;1.462076e-01;7.296105e-02;3.659103e-02
3.719238e-02;1.734589e-01;2.031346e-01;4.005039e-02;2.734528e-02;7.255419e-02;4.882791e-02;6.190911e-02;1.010475e-01;1.321901e-01;5.658116e-02;4.570839e-02
3.965407e-02;1.888842e-01;1.955340e-01;4.760426e-02;3.958390e-02;4.270620e-02;4.859700e-02;5.797903e-02;6.788032e-02;1.041584e-01;1.429715e-01;2.444714e-02
3.730811e-02;1.893728e-01;1.853269e-01;3.866977e-02;3.784201e-02;3.966178e-02;3.314056e-02;3.639982e-02;4.178137e-02;1.427182e-01;1.868260e-01;3.095266e-02
3.642508e-02;1.748153e-01;1.730406e-01;3.866975e-02;4.348031e-02;8.494247e-02;5.099048e-02;4.330042e-02;5.328978e-02;1.286076e-01;1.151575e-01;5.728061e-02
6.570882e-02;1.451142e-01;1.435431e-01;3.522007e-02;5.111556e-02;1.148458e-01;5.738710e-02;1.066044e-01;1.139984e-01;7.909089e-02;5.185125e-02;3.552041e-02
9.710764e-02;1.157068e-01;1.160765e-01;2.626943e-02;5.573452e-02;7.121903e-02;7.586950e-02;1.744274e-01;1.018204e-01;7.821175e-02;6.580426e-02;2.175272e-02
1.316665e-01;7.182600e-02;8.241948e-02;2.343683e-02;5.392267e-02;3.506387e-02;9.849980e-02;2.755028e-01;7.150260e-02;5.660574e-02;6.408460e-02;3.546924e-02
1.217357e-01;3.350191e-02;4.246944e-02;3.102725e-02;3.389085e-02;4.805367e-02;1.576396e-01;3.129369e-01;2.644584e-02;6.445869e-02;5.285449e-02;7.498563e-02
6.847710e-02;4.404765e-02;4.039191e-02;4.269893e-02;1.879539e-02;4.959742e-02;2.531183e-01;2.156296e-01;1.306334e-02;8.647060e-02;3.781607e-02;1.298936e-01
4.694424e-02;3.954497e-02;3.831001e-02;5.265900e-02;2.218201e-02;1.012301e-01;3.114006e-01;1.185831e-01;1.654301e-02;9.240734e-02;1.750314e-02;1.426925e-01
2.917993e-02;5.124856e-02;3.243416e-02;5.910009e-02;3.930005e-02;1.371512e-01;2.945543e-01;9.989158e-02;3.224079e-02;7.056317e-02;2.475505e-02;1.295811e-01
2.780976e-02;7.250901e-02;2.310087e-02;6.868879e-02;4.656434e-02;1.038420e-01;2.799370e-01;1.275138e-01;5.360648e-02;5.468700e-02;3.117330e-02;1.105677e-01
2.847061e-02;8.043510e-02;3.324766e-02;1.181177e-01;2.410088e-02;4.225910e-02;2.684530e-01;1.503345e-01;5.884771e-02;9.000008e-02;2.046707e-02;8.526672e-02
2.345555e-02;7.311978e-02;3.259880e-02;1.307927e-01;7.662721e-03;6.695602e-02;2.963063e-01;1.178136e-01;5.567007e-02;1.058742e-01;1.035364e-02;7.939650e-02
2.342077e-02;7.734253e-02;4.408019e-02;1.094137e-01;7.898618e-03;1.015248e-01;3.344984e-01;5.640303e-02;6.097585e-02;8.123712e-02;1.643490e-02;8.677002e-02
3.501982e-02;7.823275e-02;6.958741e-02;7.023168e-02;1.670352e-02;1.432530e-01;3.138765e-01;4.688418e-02;7.197277e-02;4.863252e-02;1.938345e-02;8.622242e-02
4.909795e-02;5.006780e-02;8.882976e-02;4.292518e-02;3.685069e-02;1.608865e-01;2.738838e-01;9.369117e-02;8.301064e-02;3.866778e-02;2.401730e-02;5.807154e-02
6.537899e-02;1.567612e-01;1.158645e-01;1.857518e-02;3.130994e-02;9.145643e-02;1.834508e-01;1.139297e-01;5.302725e-02;4.855365e-02;5.226987e-02;6.942245e-02
9.716313e-02;1.822984e-01;9.937283e-02;2.431679e-02;5.340991e-02;5.582456e-02;1.573434e-01;1.180695e-01;3.032649e-02;4.042428e-02;5.595422e-02;8.549657e-02
9.510280e-02;1.843119e-01;1.370700e-01;1.729440e-02;5.185083e-02;9.400693e-02;1.281814e-01;1.280101e-01;2.258673e-02;4.066137e-02;4.263085e-02;5.829269e-02
1.033963e-01;1.900165e-01;1.153107e-01;1.225025e-02;5.175534e-02;1.251566e-01;1.258872e-01;1.224729e-01;2.396797e-02;5.328138e-02;3.595505e-02;4.054981e-02
9.782011e-02;1.694098e-01;8.235399e-02;1.826707e-02;4.814741e-02;1.342970e-01;1.659903e-01;1.358401e-01;3.944805e-02;5.029259e-02;2.823193e-02;2.990154e-02
6.019427e-02;1.352552e-01;1.284483e-01;6.553321e-02;3.960456e-02;9.272011e-02;1.042086e-01;1.308688e-01;6.249908e-02;4.553114e-02;5.056291e-02;8.457389e-02
2.098792e-02;6.854022e-02;1.007569e-01;8.700696e-02;4.572963e-02;1.169018e-01;1.800620e-01;1.074460e-01;6.498125e-02;3.195538e-02;6.969091e-02;1.059410e-01
1.929519e-02;3.851003e-02;7.813797e-02;7.174253e-02;4.682715e-02;1.178548e-01;2.405309e-01;7.735635e-02;8.095390e-02;1.596611e-02;9.517754e-02;1.176475e-01
2.543874e-02;7.483364e-02;8.663139e-02;3.463668e-02;4.635101e-02;1.631356e-01;1.525462e-01;5.544861e-02;1.060473e-01;2.007658e-02;1.459578e-01;8.889642e-02
4.208122e-02;9.967019e-02;9.556485e-02;2.402852e-02;3.601227e-02;1.764197e-01;1.124490e-01;6.696202e-02;1.278028e-01;1.863470e-02;1.471711e-01;5.320371e-02
6.726515e-02;1.485774e-01;9.456512e-02;2.346646e-02;3.514257e-02;1.262387e-01;9.571987e-02;9.504174e-02;1.214569e-01;3.561835e-02;9.167390e-02;6.523381e-02
8.755845e-02;2.137939e-01;1.296935e-01;2.844898e-02;2.801966e-02;7.450709e-02;1.080492e-01;1.068485e-01;6.918000e-02;6.490445e-02;4.149093e-02;4.750545e-02
7.266223e-02;2.133867e-01;1.278450e-01;4.122677e-02;2.736280e-02;9.750632e-02;1.258661e-01;8.346222e-02;3.769879e-02;6.063550e-02;4.152852e-02;7.081913e-02
7.708219e-02;1.258659e-01;1.026943e-01;4.512385e-02;3.555142e-02;1.778916e-01;9.171759e-02;5.746398e-02;6.120103e-02;8.295842e-02;3.041697e-02;1.120327e-01
7.878282e-02;1.414572e-01;1.021693e-01;3.899085e-02;4.711860e-02;1.962790e-01;1.063987e-01;5.994872e-02;7.311259e-02;6.509206e-02;2.325427e-02;6.739600e-02
8.535400e-02;1.607479e-01;8.429451e-02;3.360689e-02;3.598666e-02;1.486116e-01;8.895562e-02;5.713965e-02;7.779893e-02;5.220158e-02;8.166403e-02;9.363863e-02
8.962188e-02;1.443928e-01;6.021482e-02;4.294196e-02;3.913884e-02;1.106435e-01;4.528237e-02;8.911346e-02;6.769567e-02;9.747168e-02;1.295450e-01;8.393805e-02
7.264842e-02;1.284043e-01;1.043020e-01;6.043892e-02;3.499633e-02;7.323736e-02;1.098136e-01;1.032732e-01;4.557297e-02;8.283972e-02;9.581549e-02;8.865761e-02
7.133323e-02;8.266804e-02;9.877249e-02;1.106971e-01;4.633004e-02;4.923521e-02;2.003133e-01;5.749208e-02;6.025719e-02;4.988749e-02;7.276881e-02;1.002450e-01
5.756071e-02;8.745212e-02;6.950138e-02;1.039077e-01;4.726266e-02;3.855215e-02;1.896645e-01;7.182463e-02;6.204393e-02;4.889848e-02;6.181243e-02;1.615193e-01
3.945602e-02;6.674992e-02;7.695911e-02;7.470343e-02;4.985386e-02;8.701016e-02;1.610596e-01;5.342508e-02;7.309865e-02;2.810596e-02;1.280175e-01;1.615607e-01
3.218374e-02;4.712241e-02;7.656576e-02;4.614483e-02;5.783558e-02;1.752162e-01;9.014732e-02;4.112288e-02;7.805815e-02;5.772663e-02;2.053040e-01;9.257242e-02
3.226134e-02;6.058554e-02;7.004780e-02;5.135888e-02;8.345067e-02;1.944803e-01;5.794761e-02;6.974230e-02;7.544965e-02;9.092987e-02;1.700283e-01;4.371780e-02
4.371029e-02;1.113730e-01;9.472124e-02;5.658615e-02;8.787625e-02;1.703825e-01;6.429569e-02;9.098458e-02;7.758340e-02;9.069515e-02;7.366557e-02;3.812614e-02
6.159333e-02;1.667927e-01;1.422723e-01;3.452509e-02;5.289304e-02;1.553860e-01;8.088702e-02;5.850079e-02;7.930145e-02;5.357361e-02;5.314718e-02;6.112748e-02
6.184979e-02;1.217040e-01;1.446000e-01;1.736248e-02;3.177927e-02;1.739994e-01;6.282513e-02;7.145724e-02;1.052847e-01;5.459596e-02;8.740760e-02;6.713442e-02
5.034599e-02;8.049326e-02;1.149140e-01;3.275468e-02;2.136970e-02;2.171491e-01;7.971644e-02;9.107292e-02;1.061837e-01;5.646634e-02;8.872690e-02;6.080705e-02
3.587089e-02;9.693825e-02;8.828757e-02;2.898757e-02;2.392185e-02;2.234908e-01;1.219148e-01;1.049806e-01;9.788620e-02;6.262746e-02;4.999138e-02;6.510273e-02
2.979173e-02;7.472643e-02;4.388087e-02;2.772300e-02;4.302421e-02;2.008207e-01;1.360554e-01;1.240297e-01;9.952711e-02;9.878682e-02;4.743406e-02;7.419999e-02
2.945302e-02;9.415232e-02;4.655749e-02;2.900405e-02;5.257563e-02;1.472745e-01;1.202487e-01;1.334215e-01;1.222006e-01;1.200274e-01;5.339595e-02;5.168876e-02
3.369673e-02;9.365616e-02;5.297945e-02;3.214784e-02;5.436750e-02;1.066353e-01;1.312568e-01;1.469163e-01;1.366283e-01;1.203080e-01;5.742207e-02;3.398553e-02
3.238465e-02;6.670575e-02;6.005632e-02;5.727990e-02;8.361135e-02;1.113839e-01;1.165646e-01;1.448931e-01;1.533412e-01;1.130739e-01;3.478602e-02;2.591924e-02
2.074438e-02;5.818607e-02;4.366961e-02;7.004382e-02;1.113825e-01;1.349655e-01;9.116434e-02;1.373783e-01;1.669273e-01;1.045720e-01;2.775331e-02;3.321279e-02
2.356515e-02;9.437659e-02;7.825963e-02;6.832867e-02;1.125665e-01;9.790508e-02;6.213766e-02;1.368772e-01;1.579941e-01;1.000746e-01;3.301317e-02;3.490172e-02
3.364393e-02;1.003157e-01;6.823050e-02;6.817123e-02;1.030396e-01;5.822703e-02;5.247312e-02;1.411814e-01;1.741140e-01;1.119905e-01;4.320086e-02;4.541208e-02
4.438212e-02;1.035129e-01;5.698483e-02;5.008483e-02;9.889118e-02;3.703453e-02;3.119595e-02;1.474740e-01;1.849038e-01;1.202007e-01;6.564894e-02;5.968632e-02
3.240434e-02;1.210729e-01;7.688440e-02;3.329631e-02;9.719614e-02;5.676629e-02;4.598075e-02;1.272589e-01;1.828182e-01;1.138666e-01;7.232173e-02;4.013347e-02
3.269504e-02;8.577600e-02;5.608943e-02;1.805649e-02;1.136894e-01;3.477535e-02;1.017654e-01;1.431824e-01;2.085133e-01;1.128985e-01;4.918559e-02;4.337310e-02
3.491406e-02;7.027851e-02;6.146698e-02;4.656077e-02;1.420210e-01;7.683060e-02;1.091995e-01;1.268910e-01;1.765123e-01;9.985378e-02;2.908201e-02;2.638943e-02
2.248438e-02;6.774043e-02;7.464494e-02;8.026259e-02;1.786035e-01;6.987292e-02;1.155498e-01;1.052740e-01;1.439330e-01;7.993972e-02;2.731401e-02;3.438066e-02
3.361119e-02;2.962006e-02;5.500435e-02;1.078975e-01;1.988121e-01;8.828089e-02;1.216213e-01;8.596243e-02;1.369388e-01;8.449277e-02;2.024245e-02;3.751626e-02
4.597607e-02;3.493457e-02;6.067556e-02;1.422744e-01;1.592216e-01;7.717980e-02;1.048713e-01;8.723786e-02;1.291970e-01;1.107215e-01;2.322021e-02;2.449018e-02
7.250932e-02;3.214667e-02;5.546029e-02;1.896013e-01;1.141088e-01;3.662587e-02;9.370247e-02;8.880813e-02;1.524379e-01;1.227179e-01;2.746793e-02;1.441334e-02
1.080212e-01;2.369189e-02;3.060013e-02;2.022645e-01;7.648026e-02;2.237039e-02;7.761414e-02;8.848289e-02;2.052264e-01;1.228321e-01;3.351719e-02;8.898811e-03
1.381278e-01;3.933290e-02;3.298270e-02;1.734472e-01;4.626973e-02;2.621676e-02;5.289873e-02;9.052632e-02;2.402289e-01;9.861073e-02;4.808708e-02;1.327124e-02
1.469139e-01;3.662128e-02;5.187527e-02;1.667007e-01;2.030754e-02;3.035861e-02;3.940970e-02;8.963536e-02;2.560450e-01;5.494446e-02;8.254938e-02;2.463884e-02
1.234091e-01;3.011400e-02;6.220918e-02;1.578643e-01;4.262323e-02;4.648230e-02;5.025753e-02;1.005746e-01;2.374570e-01;3.109612e-02;8.561011e-02;3.230260e-02
1.103997e-01;4.174417e-02;6.967295e-02;1.228582e-01;5.602830e-02;4.613827e-02;6.077175e-02;1.147323e-01;2.056548e-01;3.939592e-02;6.939378e-02;6.320991e-02
8.834334e-02;4.473448e-02;6.713919e-02;6.864066e-02;5.416039e-02;6.703909e-02;6.470534e-02;1.706187e-01;1.585988e-01;3.487080e-02;5.112948e-02;1.300198e-01
2.705942e-02;4.859300e-02;7.618023e-02;6.092378e-02;4.782694e-02;1.013411e-01;7.656980e-02;2.110959e-01;1.203151e-01;3.949650e-02;3.561252e-02;1.549857e-01
2.244511e-02;5.497241e-02;9.787768e-02;2.377949e-02;4.741776e-02;9.510208e-02;9.186896e-02;2.206040e-01;1.026089e-01;4.785792e-02;3.165257e-02;1.638131e-01
2.154549e-02;5.394595e-02;9.404019e-02;3.226220e-02;3.997622e-02;1.108477e-01;8.599920e-02;2.347886e-01;1.040277e-01;5.049640e-02;3.151790e-02;1.405525e-01
4.525133e-02;4.445890e-02;8.822698e-02;4.559658e-02;2.874116e-02;9.626029e-02;5.067500e-02;2.790100e-01;1.090338e-01;5.358485e-02;5.827256e-02;1.008886e-01
5.969314e-02;7.513195e-02;1.337931e-01;6.358217e-02;4.496007e-02;5.491517e-02;4.674874e-02;2.597743e-01;1.068902e-01;3.512026e-02;4.972747e-02;6.966347e-02
5.336452e-02;8.670050e-02;1.269056e-01;6.840605e-02;8.118179e-02;7.788569e-02;3.938260e-02;2.404396e-01;1.231412e-01;3.366411e-02;4.144806e-02;2.748031e-02
3.727088e-02;8.258244e-02;9.982482e-02;5.124330e-02;1.083047e-01;7.703806e-02;5.359675e-02;2.241898e-01;1.477087e-01;4.147954e-02;4.025652e-02;3.650447e-02
3.174834e-02;7.222499e-02;9.200977e-02;8.802348e-02;1.084327e-01;4.333250e-02;4.021991e-02;1.761357e-01;1.719206e-01;7.309879e-02;4.958407e-02;5.326921e-02
4.336397e-02;6.625734e-02;4.614626e-02;1.012015e-01;1.074720e-01;5.830997e-02;3.490202e-02;1.475322e-01;1.707924e-01;9.653246e-02;4.804255e-02;7.944746e-02
4.217356e-02;1.022386e-01;1.066243e-01;6.943706e-02;8.018956e-02;5.251032e-02;4.265082e-02;1.358786e-01;1.109248e-01;9.971247e-02;6.099329e-02;9.666661e-02
5.495500e-02;8.428489e-02;1.245141e-01;7.411085e-02;4.426203e-02;6.797253e-02;4.138177e-02;1.375944e-01;1.289924e-01;7.335826e-02;6.644616e-02;1.021276e-01
7.131451e-02;9.818350e-02;1.102123e-01;6.457789e-02;3.611453e-02;7.476066e-02;4.438510e-02;1.471878e-01;1.739434e-01;5.814080e-02;3.870031e-02;8.247908e-02
4.788924e-02;1.193267e-01;1.111179e-01;7.235379e-02;7.915014e-02;1.009337e-01;5.237896e-02;1.408307e-01;1.531663e-01;4.727685e-02;2.783245e-02;4.774337e-02
3.861582e-02;8.549345e-02;6.302445e-02;1.081265e-01;1.339560e-01;8.283094e-02;5.242889e-02;1.498253e-01;1.761373e-01;5.270860e-02;2.801096e-02;2.884194e-02
3.367095e-02;5.396809e-02;2.539700e-02;1.277483e-01;1.694465e-01;4.867147e-02;7.179832e-02;1.329181e-01;2.091847e-01;5.912882e-02;2.602580e-02;4.204184e-02
3.599373e-02;5.704905e-02;5.085749e-02;1.110561e-01;1.528222e-01;1.106593e-01;4.963207e-02;1.250759e-01;1.663004e-01;7.019747e-02;3.266901e-02;3.768711e-02
3.248331e-02;8.373865e-02;1.002210e-01;9.500202e-02;1.136449e-01;1.283956e-01;5.554824e-02;1.225149e-01;1.123828e-01;7.055811e-02;3.727947e-02;4.823099e-02
3.316848e-02;9.372944e-02;9.525351e-02;9.227058e-02;6.365440e-02;1.269596e-01;7.301363e-02;1.246265e-01;1.130883e-01;8.922114e-02;3.263493e-02;6.237963e-02
3.876393e-02;9.420948e-02;5.189595e-02;5.359942e-02;7.105309e-02;1.135105e-01;6.630828e-02;1.879097e-01;1.703590e-01;8.281599e-02;3.954921e-02;3.002540e-02
