1.163990e-01;3.635416e-02;5.179242e-02;2.986039e-02;5.339545e-02;5.350502e-02;8.079440e-02;1.010193e-01;1.459199e-01;1.733778e-01;5.728368e-02;1.002985e-01
1.402550e-01;4.738848e-02;1.384900e-01;4.228123e-02;5.021729e-02;5.735751e-02;9.953421e-02;5.723445e-02;1.016840e-01;1.354784e-01;4.798463e-02;8.209480e-02
1.276149e-01;5.934414e-02;2.216604e-01;4.711874e-02;7.362508e-02;5.548364e-02;9.280614e-02;2.951044e-02;9.290089e-02;9.769837e-02;4.543990e-02;5.679734e-02
8.518028e-02;6.200967e-02;2.241038e-01;5.128445e-02;8.050601e-02;6.612524e-02;7.908505e-02;2.977641e-02;1.081108e-01;1.070876e-01;5.794504e-02;4.878569e-02
5.927318e-02;6.540038e-02;1.088843e-01;4.216716e-02;7.675056e-02;8.687820e-02;1.376977e-01;4.033180e-02;1.187278e-01;6.430612e-02;1.135890e-01;8.599377e-02
9.759846e-02;6.705055e-02;4.988860e-02;4.336887e-02;8.584948e-02;5.071378e-02;1.594736e-01;6.090312e-02;1.019244e-01;6.127457e-02;8.644170e-02;1.355129e-01
8.077224e-02;6.149240e-02;1.665841e-01;3.284169e-02;9.891638e-02;5.302196e-02;1.115949e-01;9.116697e-02;9.279235e-02;8.298600e-02;5.759156e-02;7.023943e-02
3.159604e-02;3.697222e-02;2.023674e-01;4.381750e-02;8.074693e-02;6.653646e-02;1.777624e-01;7.032620e-02;6.913271e-02;1.093127e-01;7.349696e-02;3.793246e-02
3.078575e-02;2.681409e-02;1.733020e-01;4.496168e-02;6.850607e-02;6.967515e-02;2.610664e-01;6.582955e-02;4.852501e-02;1.082939e-01;6.279957e-02;3.944083e-02
5.072065e-02;3.095641e-02;1.362764e-01;3.798512e-02;6.589277e-02;5.707556e-02;2.693205e-01;8.857378e-02;5.914497e-02;1.121283e-01;3.793176e-02;5.399369e-02
6.787827e-02;6.059508e-02;1.553861e-01;3.053272e-02;4.408091e-02;5.686232e-02;1.527975e-01;9.324672e-02;8.599171e-02;1.290229e-01;4.278650e-02;8.081929e-02
4.835834e-02;6.634437e-02;1.766328e-01;2.728513e-02;2.765908e-02;6.778037e-02;2.350299e-01;7.323740e-02;7.685529e-02;9.767787e-02;3.599354e-02;6.714589e-02
2.770081e-02;4.944389e-02;1.691905e-01;2.756000e-02;5.421344e-02;6.784093e-02;3.314050e-01;6.440937e-02;6.216035e-02;6.452105e-02;3.213608e-02;4.941861e-02
2.414170e-02;5.232139e-02;1.655758e-01;2.522762e-02;7.906431e-02;6.082314e-02;3.657294e-01;5.074633e-02;4.794972e-02;5.166610e-02;3.584049e-02;4.091395e-02
4.740195e-02;6.336532e-02;1.674645e-01;3.262899e-02;9.639501e-02;6.560121e-02;3.398876e-01;3.141809e-02;3.488050e-02;4.830876e-02;3.191478e-02;4.073330e-02
6.865977e-02;4.942602e-02;2.828080e-01;4.220132e-02;9.963430e-02;6.085165e-02;1.935077e-01;4.343088e-02;3.076044e-02;4.379888e-02;3.711704e-02;4.780395e-02
4.605061e-02;9.555040e-02;2.709786e-01;3.724259e-02;7.247666e-02;7.928015e-02;1.776478e-01;6.842146e-02;5.579231e-02;3.888002e-02;2.642523e-02;3.125423e-02
3.648173e-02;1.033460e-01;1.414340e-01;2.602612e-02;6.222894e-02;8.550571e-02;3.213087e-01;7.447242e-02;7.287337e-02;4.098425e-02;1.633450e-02;1.900423e-02
2.951015e-02;6.859140e-02;1.531999e-01;2.637570e-02;6.061200e-02;5.689816e-02;4.241490e-01;6.252009e-02;5.573384e-02;2.600878e-02;9.304170e-03;2.709672e-02
2.172952e-02;5.973517e-02;2.094288e-01;2.374919e-02;6.323827e-02;3.969435e-02;3.519048e-01;7.783750e-02;5.688604e-02;4.168904e-02;1.723775e-02;3.686955e-02
8.535994e-02;6.855149e-02;1.764553e-01;3.943471e-02;6.056963e-02;5.666655e-02;1.938783e-01;7.817622e-02;4.900660e-02;7.497492e-02;4.727647e-02;6.964987e-02
1.117395e-01;1.016835e-01;1.023550e-01;4.826913e-02;8.241814e-02;8.567784e-02;1.262989e-01;6.749632e-02;3.995212e-02;7.755188e-02;7.889513e-02;7.766249e-02
7.828544e-02;8.524965e-02;7.626428e-02;5.264838e-02;7.963233e-02;1.126014e-01;1.574034e-01;6.969629e-02;5.994352e-02;8.402078e-02;8.182363e-02;6.243086e-02
4.090718e-02;6.349006e-02;8.252665e-02;6.043792e-02;6.619261e-02;1.246888e-01;2.014674e-01;5.573853e-02;7.103021e-02;9.418217e-02;8.467526e-02;5.466327e-02
3.807367e-02;4.637478e-02;1.265496e-01;6.815068e-02;6.501316e-02;1.067134e-01;1.919669e-01;4.120013e-02;6.153667e-02;1.011205e-01;7.888871e-02;7.441179e-02
4.723415e-02;4.816802e-02;1.067216e-01;5.410177e-02;1.237297e-01;1.016475e-01;1.466458e-01;7.504679e-02;7.085395e-02;8.373673e-02;6.258898e-02;7.952502e-02
3.429525e-02;8.225247e-02;4.198626e-02;5.382221e-02;2.200149e-01;1.108443e-01;6.783799e-02;9.535208e-02;7.522068e-02;1.150519e-01;5.349080e-02;4.983118e-02
4.671727e-02;7.055551e-02;3.788734e-02;8.073693e-02;2.467636e-01;1.011635e-01;8.322982e-02;5.581008e-02;8.670426e-02;1.324176e-01;3.328247e-02;2.473164e-02
7.743542e-02;3.926696e-02;5.095598e-02;1.522881e-01;1.740370e-01;7.839245e-02;9.746805e-02;3.506965e-02;1.724678e-01;8.363391e-02;1.771930e-02;2.126530e-02
7.247708e-02;2.330924e-02;9.689780e-02;1.765447e-01;8.354989e-02;6.685726e-02;9.108026e-02;4.770358e-02;2.441538e-01;4.612791e-02;1.624522e-02;3.505328e-02
3.538740e-02;2.695828e-02;1.617995e-01;1.338277e-01;2.768928e-02;8.824603e-02;7.236338e-02;8.267418e-02;2.355902e-01;3.667409e-02;2.269282e-02;7.609717e-02
6.163871e-02;4.007681e-02;1.658418e-01;1.322932e-01;2.760655e-02;8.841341e-02;4.911017e-02;9.853448e-02;1.887818e-01;2.812327e-02;2.244109e-02;9.713878e-02
1.168014e-01;4.115368e-02;9.290035e-02;1.686478e-01;2.820661e-02;5.100794e-02;6.231296e-02;7.080752e-02;2.152706e-01;3.935493e-02;4.627681e-02;6.725933e-02
1.230468e-01;4.222985e-02;9.726567e-02;1.608720e-01;3.502565e-02;2.546787e-02;7.418773e-02;3.544377e-02;2.346927e-01;6.569508e-02;7.044257e-02;3.563027e-02
7.964952e-02;3.934744e-02;1.480913e-01;9.662774e-02;3.945825e-02;4.574114e-02;1.242801e-01;7.174740e-02;1.474198e-01;6.847339e-02;7.975454e-02;5.940948e-02
7.116292e-02;5.178395e-02;1.418130e-01;6.435109e-02;6.846436e-02;6.339962e-02;1.537384e-01;1.026671e-01;8.072077e-02;6.790555e-02;6.979755e-02;6.419576e-02
8.432602e-02;6.741786e-02;9.633984e-02;5.680024e-02;1.018259e-01;5.871892e-02;1.119112e-01;1.215901e-01;1.014149e-01;5.805247e-02;7.211937e-02;6.948323e-02
1.020437e-01;5.761768e-02;1.583644e-01;4.160060e-02;9.255011e-02;5.292119e-02;4.534338e-02;1.059800e-01;1.131772e-01;5.736486e-02;8.566488e-02;8.737193e-02
9.444419e-02;7.396976e-02;1.954500e-01;4.224313e-02;6.660979e-02;4.004651e-02;1.083517e-01;6.481052e-02;8.984365e-02;8.289251e-02;7.210850e-02;6.922977e-02
1.032283e-01;7.201117e-02;1.868835e-01;5.905607e-02;8.163386e-02;4.502648e-02;1.267864e-01;4.325100e-02;7.225706e-02;8.283263e-02;6.600843e-02;6.102519e-02
1.215806e-01;6.877057e-02;1.560283e-01;7.569281e-02;7.617034e-02;5.659173e-02;1.293478e-01;5.643791e-02;7.237629e-02;7.678909e-02;5.018719e-02;6.002732e-02
1.183367e-01;8.512779e-02;1.680659e-01;7.863298e-02;6.351747e-02;6.688590e-02;1.083414e-01;8.542743e-02;7.247060e-02;7.161112e-02;3.658039e-02;4.500233e-02
9.822427e-02;6.422710e-02;9.873290e-02;4.722854e-02;8.205681e-02;6.175648e-02;8.149897e-02;9.530451e-02;1.016749e-01;1.254752e-01;6.956421e-02;7.425621e-02
9.384640e-02;5.586020e-02;1.061510e-01;5.725826e-02;8.276279e-02;8.481432e-02;5.219185e-02;7.123981e-02;9.459741e-02;1.338393e-01;9.056653e-02;7.687207e-02
8.531158e-02;5.181577e-02;8.141375e-02;4.573496e-02;8.655800e-02;1.565236e-01;8.172395e-02;9.754293e-02;6.896453e-02;8.548584e-02;7.993744e-02;7.898764e-02
9.119531e-02;5.847247e-02;7.738962e-02;5.972007e-02;7.485299e-02;1.638053e-01;1.069188e-01;1.147169e-01;6.700499e-02;5.750672e-02;5.737151e-02;7.104534e-02
8.644778e-02;4.337608e-02;8.542535e-02;1.054849e-01;6.091674e-02;1.112773e-01;1.161594e-01;7.592046e-02;7.679495e-02;9.578496e-02;8.853293e-02;5.387909e-02
5.228379e-02;2.904673e-02;1.195045e-01;9.859886e-02;5.008040e-02;7.395733e-02;1.720414e-01;5.847340e-02;9.766740e-02;1.185137e-01;8.129739e-02;4.853512e-02
2.574740e-02;2.594508e-02;8.413862e-02;6.239613e-02;3.996361e-02;7.891742e-02;2.437783e-01;8.830134e-02;9.564764e-02;1.134764e-01;4.722792e-02;9.446022e-02
4.613343e-02;3.982949e-02;1.173600e-01;2.122882e-02;4.699035e-02;6.934935e-02;2.315977e-01;1.007530e-01;8.863737e-02;9.708582e-02;5.105537e-02;8.997934e-02
8.747632e-02;8.585075e-02;1.681459e-01;2.676993e-02;5.716245e-02;4.301307e-02;1.699943e-01;7.256050e-02;7.715409e-02;8.729638e-02;7.731608e-02;4.726025e-02
9.480692e-02;1.328597e-01;1.524179e-01;2.446039e-02;5.137866e-02;3.167000e-02;2.519886e-01;4.512040e-02;5.421940e-02;4.696593e-02;9.511377e-02;1.899842e-02
1.077327e-01;1.640647e-01;9.971213e-02;1.487190e-02;3.583686e-02;3.755228e-02;2.964734e-01;2.464879e-02;3.943444e-02;6.100213e-02;1.062005e-01;1.247031e-02
1.831636e-01;1.467237e-01;4.013645e-02;1.653673e-02;4.097274e-02;5.759177e-02;2.417605e-01;1.919545e-02;1.969234e-02;1.289724e-01;8.748344e-02;1.777087e-02
2.376756e-01;1.202526e-01;3.191191e-02;1.520260e-02;5.450796e-02;6.850463e-02;1.510064e-01;1.987229e-02;3.017553e-02;1.865725e-01;5.761035e-02;2.670755e-02
2.062391e-01;1.014585e-01;5.548185e-02;1.945503e-02;8.047891e-02;6.674971e-02;7.190363e-02;1.992739e-02;7.640655e-02;1.956795e-01;4.306785e-02;6.315210e-02
1.181405e-01;5.147443e-02;6.846896e-02;4.335026e-02;1.143156e-01;6.844155e-02;7.580137e-02;2.178810e-02;1.233871e-01;1.363735e-01;6.435796e-02;1.141008e-01
7.758656e-02;4.680994e-02;9.042838e-02;6.296031e-02;1.310628e-01;6.515152e-02;6.139717e-02;3.245329e-02;1.008504e-01;5.116851e-02;6.805719e-02;2.120740e-01
1.112805e-01;4.645449e-02;8.287337e-02;5.056396e-02;1.045645e-01;5.340460e-02;9.181975e-02;4.710286e-02;5.772277e-02;3.613746e-02;8.966205e-02;2.284137e-01
1.509481e-01;5.150390e-02;1.040548e-01;3.887581e-02;7.315536e-02;3.680464e-02;8.228958e-02;5.876909e-02;6.487844e-02;7.852564e-02;9.705812e-02;1.631364e-01
1.247640e-01;4.133764e-02;2.259974e-01;5.394302e-02;7.340472e-02;2.531169e-02;5.194734e-02;6.483729e-02;7.545099e-02;9.992462e-02;7.634798e-02;8.673327e-02
5.829389e-02;4.112818e-02;2.480658e-01;5.770614e-02;8.667399e-02;3.259207e-02;1.013444e-01;6.127009e-02;7.329411e-02;6.979713e-02;7.292535e-02;9.690892e-02
4.972717e-02;7.071824e-02;1.089519e-01;4.902544e-02;5.595532e-02;2.316414e-02;2.482939e-01;5.816588e-02;4.705101e-02;8.697049e-02;5.547135e-02;1.465051e-01
6.527867e-02;3.125232e-02;1.772920e-01;4.174774e-02;8.053215e-02;4.999760e-02;2.414922e-01;3.456562e-02;4.454957e-02;8.375560e-02;5.009418e-02;9.944239e-02
6.153178e-02;3.348011e-02;3.092580e-01;3.968904e-02;8.998996e-02;4.315428e-02;1.450785e-01;2.822141e-02;5.201855e-02;8.269836e-02;6.897984e-02;4.590018e-02
8.361720e-02;6.966561e-02;2.656134e-01;5.069697e-02;7.951041e-02;4.645729e-02;6.462653e-02;3.693613e-02;7.759538e-02;6.379411e-02;9.533825e-02;6.614872e-02
5.825531e-02;9.164032e-02;1.603055e-01;5.130071e-02;8.244669e-02;5.226641e-02;1.418164e-01;3.165865e-02;6.639036e-02;9.516943e-02;5.474704e-02;1.140032e-01
8.683047e-02;7.623976e-02;1.439296e-01;2.271483e-02;7.326712e-02;4.729628e-02;1.771358e-01;2.952464e-02;3.654406e-02;8.716124e-02;8.739386e-02;1.319623e-01
7.012212e-02;9.051530e-02;1.008103e-01;6.853294e-02;7.632436e-02;5.881526e-02;9.926315e-02;8.466207e-02;1.205030e-01;1.080117e-01;5.470622e-02;6.773352e-02
9.387387e-02;7.630206e-02;9.357602e-02;8.025201e-02;7.152051e-02;4.195568e-02;1.117188e-01;7.630318e-02;1.192269e-01;1.334644e-01;4.400655e-02;5.780001e-02
9.550070e-02;6.393180e-02;1.037959e-01;7.108294e-02;7.527241e-02;4.445616e-02;1.190134e-01;7.780960e-02;1.164068e-01;1.279366e-01;5.182501e-02;5.296874e-02
1.024832e-01;5.918018e-02;1.179236e-01;5.462477e-02;7.647310e-02;4.781760e-02;1.147000e-01;7.377767e-02;1.056215e-01;1.168652e-01;7.532125e-02;5.521198e-02
1.074928e-01;9.909403e-02;1.271318e-01;4.288882e-02;6.525079e-02;4.225751e-02;8.991832e-02;5.055912e-02;7.761741e-02;1.401320e-01;1.058979e-01;5.175956e-02
6.330027e-02;1.619313e-01;8.638399e-02;2.899406e-02;7.165539e-02;3.062188e-02;6.408469e-02;4.174007e-02;5.604129e-02;2.348893e-01;1.204858e-01;3.987207e-02
5.082864e-02;1.496291e-01;3.627136e-02;3.068199e-02;7.991362e-02;1.639989e-02;4.754341e-02;4.364907e-02;9.757327e-02;2.869529e-01;1.153669e-01;4.518999e-02
4.221859e-02;1.076494e-01;3.624311e-02;5.545013e-02;8.526126e-02;1.608912e-02;3.368578e-02;3.542393e-02;1.658855e-01;2.871333e-01;9.162141e-02;4.333845e-02
7.355259e-02;5.815617e-02;3.690541e-02;8.074389e-02;6.817500e-02;1.093491e-02;5.304996e-02;3.265188e-02;2.770373e-01;2.467359e-01;4.559497e-02;1.646208e-02
7.446712e-02;3.504498e-02;3.721778e-02;9.689894e-02;6.203182e-02;9.355751e-03;4.219606e-02;3.070463e-02;3.227448e-01;2.269515e-01;4.452485e-02;1.786180e-02
4.796639e-02;3.020593e-02;3.559018e-02;8.296149e-02;8.419971e-02;1.095330e-02;4.226201e-02;2.313367e-02;2.566312e-01;3.112373e-01;5.857120e-02;1.628757e-02
3.523147e-02;6.701520e-02;3.717609e-02;4.336096e-02;1.074478e-01;1.683593e-02;3.046932e-02;1.964522e-02;1.294458e-01;4.102323e-01;8.175735e-02;2.138257e-02
4.268348e-02;1.461699e-01;4.041745e-02;2.269099e-02;1.186237e-01;2.694035e-02;1.723098e-02;2.087140e-02;7.328772e-02;3.936736e-01;6.656476e-02;3.084566e-02
1.897281e-02;1.982674e-01;9.724491e-02;1.954551e-02;1.293997e-01;3.424597e-02;1.130823e-02;2.841703e-02;6.767575e-02;2.861306e-01;8.204298e-02;2.674907e-02
1.641477e-02;1.898130e-01;1.631443e-01;5.677366e-02;1.493739e-01;5.056534e-02;6.120913e-03;3.543000e-02;5.777803e-02;1.968537e-01;6.279800e-02;1.493440e-02
9.296242e-03;1.341694e-01;1.355460e-01;7.216135e-02;1.845764e-01;1.143557e-01;1.997275e-02;4.473038e-02;5.515962e-02;1.669124e-01;4.780673e-02;1.531303e-02
1.223158e-02;5.673516e-02;5.146729e-02;5.571565e-02;2.403650e-01;1.759519e-01;5.628716e-02;7.095203e-02;5.586822e-02;1.618077e-01;4.386421e-02;1.875403e-02
2.592549e-02;4.567811e-02;6.299635e-02;5.656119e-02;2.033848e-01;1.234742e-01;1.294258e-01;1.086716e-01;5.621034e-02;1.285763e-01;3.813656e-02;2.095924e-02
4.236135e-02;5.877305e-02;1.306697e-01;6.080572e-02;1.110969e-01;7.007954e-02;1.909852e-01;1.187308e-01;6.186126e-02;9.864753e-02;3.597296e-02;2.001599e-02
6.156877e-02;4.797740e-02;1.395891e-01;5.988902e-02;6.000426e-02;5.027220e-02;1.526865e-01;9.662295e-02;9.211141e-02;1.421643e-01;7.471152e-02;2.240260e-02
4.843223e-02;3.831111e-02;8.972689e-02;7.063378e-02;7.859252e-02;6.785107e-02;1.875437e-01;7.716627e-02;1.032278e-01;1.315862e-01;6.655410e-02;4.037419e-02
2.547347e-02;4.448343e-02;9.603386e-02;5.031071e-02;6.684064e-02;8.018258e-02;3.194949e-01;8.827832e-02;7.381511e-02;7.100022e-02;4.030465e-02;4.378203e-02
4.303263e-02;6.108729e-02;7.924752e-02;2.863948e-02;8.910448e-02;6.365987e-02;4.270891e-01;6.695702e-02;3.926303e-02;4.488640e-02;3.319916e-02;2.383403e-02
6.490407e-02;5.093992e-02;7.520808e-02;3.131944e-02;7.964626e-02;8.407796e-02;4.196333e-01;4.467205e-02;5.154967e-02;3.648795e-02;3.254997e-02;2.901138e-02
9.272546e-02;4.205302e-02;8.538560e-02;3.860581e-02;8.279073e-02;9.013485e-02;3.150844e-01;5.739422e-02;6.191612e-02;3.747322e-02;5.073907e-02;4.569751e-02
1.046748e-01;5.115357e-02;1.107505e-01;4.612705e-02;1.369351e-01;8.207559e-02;2.188543e-01;5.459205e-02;5.712185e-02;3.762416e-02;5.212615e-02;4.796496e-02
1.047035e-01;8.462403e-02;1.251549e-01;5.529934e-02;1.878431e-01;6.714558e-02;1.066884e-01;5.159667e-02;6.710852e-02;4.834948e-02;5.675057e-02;4.473587e-02
7.948256e-02;1.161259e-01;1.560127e-01;6.159424e-02;1.621727e-01;3.790043e-02;1.072637e-01;4.358095e-02;7.155098e-02;6.688599e-02;5.808550e-02;3.934440e-02
4.938197e-02;1.226797e-01;1.098982e-01;6.250156e-02;1.270112e-01;5.995024e-02;1.960395e-01;4.318761e-02;6.786061e-02;6.302629e-02;4.809961e-02;5.036346e-02
5.779427e-02;6.804544e-02;9.698808e-02;6.597935e-02;1.639034e-01;6.329926e-02;1.987645e-01;4.659727e-02;6.092645e-02;6.318434e-02;7.360630e-02;4.091129e-02
8.579319e-02;6.915878e-02;8.385967e-02;6.524347e-02;1.268637e-01;7.100751e-02;8.170660e-02;6.793419e-02;1.049919e-01;9.854794e-02;7.245685e-02;7.243626e-02
7.260188e-02;5.089993e-02;7.969114e-02;3.862653e-02;5.973889e-02;5.053798e-02;1.797432e-01;6.611691e-02;1.529849e-01;1.004776e-01;5.094344e-02;9.763760e-02
6.692646e-02;3.351517e-02;6.974708e-02;3.088548e-02;6.240045e-02;5.203073e-02;1.980518e-01;5.588453e-02;1.487419e-01;1.128186e-01;7.592758e-02;9.307024e-02
5.485255e-02;5.102646e-02;1.036247e-01;3.244010e-02;7.776570e-02;4.970524e-02;9.921428e-02;4.763544e-02;1.298223e-01;1.327318e-01;1.184543e-01;1.027272e-01
6.308866e-02;4.760675e-02;1.847092e-01;3.645366e-02;7.584180e-02;4.460016e-02;8.690218e-02;4.060725e-02;1.228596e-01;9.977277e-02;9.996960e-02;9.758832e-02
4.103753e-02;3.679000e-02;1.109558e-01;5.338856e-02;8.456143e-02;7.292821e-02;1.728400e-01;4.680091e-02;1.365652e-01;6.300921e-02;9.038275e-02;9.074030e-02
6.498782e-02;4.073225e-02;8.191112e-02;4.721408e-02;8.785392e-02;7.536542e-02;2.214198e-01;8.747943e-02;8.253846e-02;8.173012e-02;7.876417e-02;5.000338e-02
5.943555e-02;4.616404e-02;8.956417e-02;4.396927e-02;8.234123e-02;9.103286e-02;2.427568e-01;9.832619e-02;1.007634e-01;5.813750e-02;5.734461e-02;3.016434e-02
5.567015e-02;4.126798e-02;5.130542e-02;4.645327e-02;9.689638e-02;8.367741e-02;1.665949e-01;1.067475e-01;1.985484e-01;4.431767e-02;5.632125e-02;5.219971e-02
1.016521e-01;6.682812e-02;1.798248e-01;5.695297e-02;4.805902e-02;3.950045e-02;1.051359e-01;6.810676e-02;1.317851e-01;7.184711e-02;7.869226e-02;5.161545e-02
9.673949e-02;5.322541e-02;1.961473e-01;7.953851e-02;6.896591e-02;3.366089e-02;1.236493e-01;5.525340e-02;1.047843e-01;7.969417e-02;7.212861e-02;3.621279e-02
8.814006e-02;3.629105e-02;1.646059e-01;1.217537e-01;6.730056e-02;2.707436e-02;1.227368e-01;5.212695e-02;1.565355e-01;7.784668e-02;5.882040e-02;2.676805e-02
7.750286e-02;2.385399e-02;1.414990e-01;1.742499e-01;6.232712e-02;1.464451e-02;1.065795e-01;4.867500e-02;2.309705e-01;5.941165e-02;4.499218e-02;1.529384e-02
6.018787e-02;2.455799e-02;1.128264e-01;1.864804e-01;9.808000e-02;1.708832e-02;9.378725e-02;3.349114e-02;2.209101e-01;9.433589e-02;4.258984e-02;1.566479e-02
4.952636e-02;4.425426e-02;1.051477e-01;1.466110e-01;1.390027e-01;3.659044e-02;1.363226e-01;2.892130e-02;1.257093e-01;1.229660e-01;3.672267e-02;2.822565e-02
5.106618e-02;4.451017e-02;1.437082e-01;1.245108e-01;1.062345e-01;5.270251e-02;1.897610e-01;3.933365e-02;8.206339e-02;9.682663e-02;4.090893e-02;2.837414e-02
5.416888e-02;3.120686e-02;1.225932e-01;1.199773e-01;6.564587e-02;6.510917e-02;1.683147e-01;6.008788e-02;1.147570e-01;1.038783e-01;7.094833e-02;2.331247e-02
4.856185e-02;2.352436e-02;8.577690e-02;1.214432e-01;6.738054e-02;3.767946e-02;1.837732e-01;6.553742e-02;1.378300e-01;1.247464e-01;7.801088e-02;2.573579e-02
4.373713e-02;4.293885e-02;6.298529e-02;1.080263e-01;7.375653e-02;7.788704e-02;2.564701e-01;6.152765e-02;1.048091e-01;8.656837e-02;4.958455e-02;3.170913e-02
5.220641e-02;4.163720e-02;7.251921e-02;1.398407e-01;1.149954e-01;9.496040e-02;2.564498e-01;5.305662e-02;5.611919e-02;5.631366e-02;3.027537e-02;3.162603e-02
4.912850e-02;3.580885e-02;1.299292e-01;1.995399e-01;1.569061e-01;8.526703e-02;1.657175e-01;3.363870e-02;3.267222e-02;5.049821e-02;3.056925e-02;3.032449e-02
2.563189e-02;3.537061e-02;1.840888e-01;2.457786e-01;1.808757e-01;5.592685e-02;8.581052e-02;2.466634e-02;5.346942e-02;5.792082e-02;3.120118e-02;1.925931e-02
7.558029e-03;4.078073e-02;1.824164e-01;2.295119e-01;1.608699e-01;4.552666e-02;1.030336e-01;3.656005e-02;9.927443e-02;4.965669e-02;2.517074e-02;1.964092e-02
1.867870e-02;3.887285e-02;1.497807e-01;1.782853e-01;1.214882e-01;6.640482e-02;8.614226e-02;6.749725e-02;1.599704e-01;5.409566e-02;3.599626e-02;2.278752e-02
6.845164e-02;5.623321e-02;9.652239e-02;1.065090e-01;6.260107e-02;5.557916e-02;9.870841e-02;1.148173e-01;1.369368e-01;1.308379e-01;4.117141e-02;3.163173e-02
6.718939e-02;4.677418e-02;6.172952e-02;6.788830e-02;4.571391e-02;6.834901e-02;1.436445e-01;1.400906e-01;1.278887e-01;1.456625e-01;4.231130e-02;4.275811e-02
6.438506e-02;4.094388e-02;4.856111e-02;5.873040e-02;4.295380e-02;8.160979e-02;1.450504e-01;1.446097e-01;1.333638e-01;1.438849e-01;4.749151e-02;4.841567e-02
7.518272e-02;4.373905e-02;5.945658e-02;5.440839e-02;4.860933e-02;1.032251e-01;1.415769e-01;1.241171e-01;1.132692e-01;1.355873e-01;5.270327e-02;4.812510e-02
1.056405e-01;6.134194e-02;8.095492e-02;6.799719e-02;7.490702e-02;8.510850e-02;1.293788e-01;6.795770e-02;8.653564e-02;1.455875e-01;6.412846e-02;3.046181e-02
1.036050e-01;1.205147e-01;5.166188e-02;7.349007e-02;9.375782e-02;2.674092e-02;8.892076e-02;3.231030e-02;8.530995e-02;2.214477e-01;7.939877e-02;2.284217e-02
6.197365e-02;1.626377e-01;7.535394e-02;3.235107e-02;1.196308e-01;1.987698e-02;4.982951e-02;2.168936e-02;7.974195e-02;2.816117e-01;8.083156e-02;1.447169e-02
5.628690e-02;1.184700e-01;8.076606e-02;5.155373e-02;1.583891e-01;2.119689e-02;8.830757e-02;2.768732e-02;8.938340e-02;2.195214e-01;6.757239e-02;2.086519e-02
7.964042e-02;6.228154e-02;6.194539e-02;9.701183e-02;1.775339e-01;3.232466e-02;1.243489e-01;4.906895e-02;1.248491e-01;1.326169e-01;4.238576e-02;1.599257e-02
8.168691e-02;2.920407e-02;3.769483e-02;1.138785e-01;1.349847e-01;4.933399e-02;1.840049e-01;7.946867e-02;1.473699e-01;1.033632e-01;2.944418e-02;9.566192e-03
7.314255e-02;2.924708e-02;6.119229e-02;1.093805e-01;6.738569e-02;5.074449e-02;2.313023e-01;9.711575e-02;1.279643e-01;9.658329e-02;4.506002e-02;1.088179e-02
5.572680e-02;3.952234e-02;1.207033e-01;1.040805e-01;4.688345e-02;5.890289e-02;2.321139e-01;7.801078e-02;1.105746e-01;7.018792e-02;5.773387e-02;2.555959e-02
5.474869e-02;4.689676e-02;1.169047e-01;1.164115e-01;6.756951e-02;5.570852e-02;1.173884e-01;7.925893e-02;1.411719e-01;9.857310e-02;6.595728e-02;3.941062e-02
5.768581e-02;4.718345e-02;1.393192e-01;9.824631e-02;7.737542e-02;4.971167e-02;1.292793e-01;7.354249e-02;1.310193e-01;1.180171e-01;3.909849e-02;3.952151e-02
4.978827e-02;5.575911e-02;1.395715e-01;6.006357e-02;6.437331e-02;7.019465e-02;2.078689e-01;7.612099e-02;9.586133e-02;1.114173e-01;3.227521e-02;3.670576e-02
3.413517e-02;4.114660e-02;1.520733e-01;1.003081e-01;7.809968e-02;8.440793e-02;1.632230e-01;6.721726e-02;1.062257e-01;1.067044e-01;3.768086e-02;2.877793e-02
4.698804e-02;5.785743e-02;1.424931e-01;1.454140e-01;9.708829e-02;7.624385e-02;6.674821e-02;6.185412e-02;1.303759e-01;1.064854e-01;4.528356e-02;2.316801e-02
4.197525e-02;7.804845e-02;1.359320e-01;1.441482e-01;9.301390e-02;4.982197e-02;9.296124e-02;6.108819e-02;1.307510e-01;1.056071e-01;4.633832e-02;2.031431e-02
3.106491e-02;7.266671e-02;1.478499e-01;1.457264e-01;7.793755e-02;4.190940e-02;8.013354e-02;6.967655e-02;1.353420e-01;1.272305e-01;5.215912e-02;1.830344e-02
2.749527e-02;4.756444e-02;1.834347e-01;1.058708e-01;5.269510e-02;3.945644e-02;1.650061e-01;8.955544e-02;1.051746e-01;1.132441e-01;3.495364e-02;3.554939e-02
2.102977e-02;6.533145e-02;1.817570e-01;5.575066e-02;5.318123e-02;3.991321e-02;2.877191e-01;8.950984e-02;5.389561e-02;6.804442e-02;3.542198e-02;4.844573e-02
4.250627e-02;9.413679e-02;1.280575e-01;3.749881e-02;6.304908e-02;4.440728e-02;3.676119e-01;7.049980e-02;3.372220e-02;4.593371e-02;3.540432e-02;3.717236e-02
9.279867e-02;1.038906e-01;9.398565e-02;4.691950e-02;8.475582e-02;6.817008e-02;3.144003e-01;4.603980e-02;3.868441e-02;5.209585e-02;3.896382e-02;1.929556e-02
1.253902e-01;8.856147e-02;1.060440e-01;5.824402e-02;1.044565e-01;7.718769e-02;1.737696e-01;5.230002e-02;4.837611e-02;6.655991e-02;4.845365e-02;5.065685e-02
1.272628e-01;1.075390e-01;1.151125e-01;7.631307e-02;1.057446e-01;6.999551e-02;4.981206e-02;9.158320e-02;7.167359e-02;7.974741e-02;3.423937e-02;7.097694e-02
7.102841e-02;7.007411e-02;1.068839e-01;8.828546e-02;8.148033e-02;4.150514e-02;1.836637e-01;8.573199e-02;9.176476e-02;8.908953e-02;5.193356e-02;3.855918e-02
8.026508e-02;5.247127e-02;1.072717e-01;1.073593e-01;8.805873e-02;4.553143e-02;1.697973e-01;6.836162e-02;1.069588e-01;7.483411e-02;5.394360e-02;4.514709e-02
1.010911e-01;3.846185e-02;6.799644e-02;1.372518e-01;8.786002e-02;4.465841e-02;1.751995e-01;4.774891e-02;1.335951e-01;8.051892e-02;4.951908e-02;3.609888e-02
1.204084e-01;1.694712e-02;2.627925e-02;1.560118e-01;7.734107e-02;3.683157e-02;2.150370e-01;4.008793e-02;1.732152e-01;8.219171e-02;3.938108e-02;1.626786e-02
1.247206e-01;7.107087e-03;2.104525e-02;1.596202e-01;5.431492e-02;1.838410e-02;2.074493e-01;4.396764e-02;2.406454e-01;6.615505e-02;4.372737e-02;1.286317e-02
1.193620e-01;7.414177e-03;2.928526e-02;1.690813e-01;2.388865e-02;1.074892e-02;1.499737e-01;3.715578e-02;3.046732e-01;5.529685e-02;8.097103e-02;1.214905e-02
1.117676e-01;7.364359e-03;3.985155e-02;1.750606e-01;1.577991e-02;6.833586e-03;7.744541e-02;4.010106e-02;3.286748e-01;5.019785e-02;1.342385e-01;1.268467e-02
1.250069e-01;7.793592e-03;4.686872e-02;1.707893e-01;2.211288e-02;6.669197e-03;4.085184e-02;4.484344e-02;3.054584e-01;4.424677e-02;1.603798e-01;2.497907e-02
1.446378e-01;1.434703e-02;7.513677e-02;1.654160e-01;2.012171e-02;1.222532e-02;4.113611e-02;5.200053e-02;2.578742e-01;5.182342e-02;1.337065e-01;3.157456e-02
1.424799e-01;2.842051e-02;1.581078e-01;1.640026e-01;2.410348e-02;1.061006e-02;5.235573e-02;4.511538e-02;2.020004e-01;5.657399e-02;8.947153e-02;2.675859e-02
7.572267e-02;6.234625e-02;2.780973e-01;1.460023e-01;3.645689e-02;2.327852e-02;7.462207e-02;4.769836e-02;1.306143e-01;4.824675e-02;5.050296e-02;2.641167e-02
2.815254e-02;8.438909e-02;3.655606e-01;1.060487e-01;4.114953e-02;4.465487e-02;9.883048e-02;5.896681e-02;6.590138e-02;4.726797e-02;2.345150e-02;3.562648e-02
1.608720e-02;5.541041e-02;3.902578e-01;8.718646e-02;2.817699e-02;6.306761e-02;1.174846e-01;7.194811e-02;6.231881e-02;4.359019e-02;7.750833e-03;5.672103e-02
1.243083e-02;2.530807e-02;3.923506e-01;7.030056e-02;1.385960e-02;5.659390e-02;1.460149e-01;1.006905e-01;6.386796e-02;4.235422e-02;8.647064e-03;6.758184e-02
1.443987e-02;2.874262e-02;3.891704e-01;5.438504e-02;1.334254e-02;3.078745e-02;1.547899e-01;1.179174e-01;6.692740e-02;5.336305e-02;1.253133e-02;6.360303e-02
1.603031e-02;2.735909e-02;3.890892e-01;4.590390e-02;1.150377e-02;1.666895e-02;1.530233e-01;1.235859e-01;7.366697e-02;6.617095e-02;1.080137e-02;6.619632e-02
2.756421e-02;3.074711e-02;3.526690e-01;2.958906e-02;1.207545e-02;1.443308e-02;1.588021e-01;1.201499e-01;9.114420e-02;7.258749e-02;9.508894e-03;8.072941e-02
4.631349e-02;3.937736e-02;3.281392e-01;1.903169e-02;1.207827e-02;9.191587e-03;1.702911e-01;1.192786e-01;8.530952e-02;7.007902e-02;1.558220e-02;8.532798e-02
4.314064e-02;5.462154e-02;3.216377e-01;2.041217e-02;1.366845e-02;1.259493e-02;1.983269e-01;1.113041e-01;5.536024e-02;6.542066e-02;2.665282e-02;7.685993e-02
4.722138e-02;9.852343e-02;2.681886e-01;2.021871e-02;2.465026e-02;1.527534e-02;2.426749e-01;8.594952e-02;4.786982e-02;4.321432e-02;5.397504e-02;5.223867e-02
9.130275e-02;1.286038e-01;1.772934e-01;1.820411e-02;3.589040e-02;2.176493e-02;2.646737e-01;5.274390e-02;5.326110e-02;2.996042e-02;8.465661e-02;4.164493e-02
1.315455e-01;1.125472e-01;1.173400e-01;1.885621e-02;4.389285e-02;3.144109e-02;2.487388e-01;4.665369e-02;7.318852e-02;5.002107e-02;8.682226e-02;3.895281e-02
1.511108e-01;1.052542e-01;1.257610e-01;2.313861e-02;5.933402e-02;3.998534e-02;1.816125e-01;6.434442e-02;7.578792e-02;6.697004e-02;6.737263e-02;3.932850e-02
1.199612e-01;1.592536e-01;1.371035e-01;3.293161e-02;8.054966e-02;3.814552e-02;1.005444e-01;9.556006e-02;6.956707e-02;4.430486e-02;3.309356e-02;8.898495e-02
7.168291e-02;1.388946e-01;1.375534e-01;3.303032e-02;8.515317e-02;3.427900e-02;1.644808e-01;1.044765e-01;6.692845e-02;3.957203e-02;1.334613e-02;1.106027e-01
7.623584e-02;9.444778e-02;2.262152e-01;2.734163e-02;6.917894e-02;3.358543e-02;1.710852e-01;7.917503e-02;6.094522e-02;4.971350e-02;3.084378e-02;8.123248e-02
7.945248e-02;8.439387e-02;1.962155e-01;3.158121e-02;6.633159e-02;2.981284e-02;1.787301e-01;6.686407e-02;6.696752e-02;5.931643e-02;4.590751e-02;9.442681e-02
7.043853e-02;7.310145e-02;1.952509e-01;5.968259e-02;9.250245e-02;3.941300e-02;1.629500e-01;4.787625e-02;6.451999e-02;4.693517e-02;4.255934e-02;1.047703e-01
9.878821e-02;5.140622e-02;1.500164e-01;7.249675e-02;1.184007e-01;8.537508e-02;1.915575e-01;4.366936e-02;4.451751e-02;4.588988e-02;4.992950e-02;4.795295e-02
1.121073e-01;3.395449e-02;8.490316e-02;6.254055e-02;1.344532e-01;1.098143e-01;2.517165e-01;4.732440e-02;3.829416e-02;5.793623e-02;4.285929e-02;2.409637e-02
1.233138e-01;4.844669e-02;4.922443e-02;5.498793e-02;1.297549e-01;9.041284e-02;3.162990e-01;3.345177e-02;3.410643e-02;5.634055e-02;3.010197e-02;3.355971e-02
1.374590e-01;7.163978e-02;3.868577e-02;5.538137e-02;1.302225e-01;9.595776e-02;3.247955e-01;1.886800e-02;2.056469e-02;4.992709e-02;2.170641e-02;3.479215e-02
1.477727e-01;7.838105e-02;3.518744e-02;6.422659e-02;1.362043e-01;9.124007e-02;3.148123e-01;1.078746e-02;1.910421e-02;4.651471e-02;2.281724e-02;3.295191e-02
1.401471e-01;7.583240e-02;3.601405e-02;6.690133e-02;1.371932e-01;1.006501e-01;3.093569e-01;1.227591e-02;2.225859e-02;4.255801e-02;1.881804e-02;3.799442e-02
1.214408e-01;8.043586e-02;2.538857e-02;6.024089e-02;1.119569e-01;1.074850e-01;3.583251e-01;1.318880e-02;2.720216e-02;3.781952e-02;1.462413e-02;4.189219e-02
9.805600e-02;9.317172e-02;3.265147e-02;3.796643e-02;9.448177e-02;8.536986e-02;4.184570e-01;2.243057e-02;3.715824e-02;3.000667e-02;1.949316e-02;3.075714e-02
6.515885e-02;1.010772e-01;5.916868e-02;3.215189e-02;8.772565e-02;5.710981e-02;4.237961e-01;2.484405e-02;3.690233e-02;4.498996e-02;3.475498e-02;3.232041e-02
3.987525e-02;7.981720e-02;1.171061e-01;4.277326e-02;7.236873e-02;3.641381e-02;3.589311e-01;4.317348e-02;6.302185e-02;6.360999e-02;4.183766e-02;4.107163e-02
3.921065e-02;5.053394e-02;1.243239e-01;3.713202e-02;6.583453e-02;4.316745e-02;3.603633e-01;6.004756e-02;8.154263e-02;6.803365e-02;2.715559e-02;4.265483e-02
2.541322e-02;2.652901e-02;1.187511e-01;2.839141e-02;4.284801e-02;5.829377e-02;3.627927e-01;8.022007e-02;9.184052e-02;9.022219e-02;2.231483e-02;5.238321e-02
2.568501e-02;2.589236e-02;9.300227e-02;3.704224e-02;4.132234e-02;7.759775e-02;2.974318e-01;8.383443e-02;9.941828e-02;1.277818e-01;4.069218e-02;5.029955e-02
4.396088e-02;2.568340e-02;3.868918e-02;5.537134e-02;3.826928e-02;5.957075e-02;2.261525e-01;8.812543e-02;1.372828e-01;2.046714e-01;5.442227e-02;2.780077e-02
6.359080e-02;1.754030e-02;2.806632e-02;6.177899e-02;3.578074e-02;3.315649e-02;1.858277e-01;1.015467e-01;1.457978e-01;2.420471e-01;6.605918e-02;1.880790e-02
4.565662e-02;1.672008e-02;3.100646e-02;5.289984e-02;4.294141e-02;3.826193e-02;2.101440e-01;8.472729e-02;1.142097e-01;2.600733e-01;8.797698e-02;1.538233e-02
3.289525e-02;2.668745e-02;3.596263e-02;3.725292e-02;5.609156e-02;8.471814e-02;2.029888e-01;4.091939e-02;8.663062e-02;2.689142e-01;1.097358e-01;1.720316e-02
1.103106e-02;4.425832e-02;2.012436e-02;2.527934e-02;8.926304e-02;1.536951e-01;1.002092e-01;2.144438e-02;7.184242e-02;3.100889e-01;1.301105e-01;2.265342e-02
1.278241e-02;4.079863e-02;3.456303e-02;3.750512e-02;1.120820e-01;1.801030e-01;4.932505e-02;1.871484e-02;7.418182e-02;3.045791e-01;1.182791e-01;1.708584e-02
4.508319e-02;5.630697e-02;8.482095e-02;7.238122e-02;9.291298e-02;1.354666e-01;6.976996e-02;2.669000e-02;7.257891e-02;2.368489e-01;9.038590e-02;1.675439e-02
8.907899e-02;7.644715e-02;1.073486e-01;8.892349e-02;6.553353e-02;6.157413e-02;1.320727e-01;4.589649e-02;9.662291e-02;1.604312e-01;5.704078e-02;1.903007e-02
1.222046e-01;6.181326e-02;8.134932e-02;9.804437e-02;4.419940e-02;3.416298e-02;1.371370e-01;6.426629e-02;1.094090e-01;1.408940e-01;7.188421e-02;3.463565e-02
1.016518e-01;3.349572e-02;7.329515e-02;1.188415e-01;4.190886e-02;2.946549e-02;1.261294e-01;6.245239e-02;1.276743e-01;1.486723e-01;9.849398e-02;3.791922e-02
6.193348e-02;4.797742e-02;9.803248e-02;1.194604e-01;5.528420e-02;4.583051e-02;1.393810e-01;6.123435e-02;1.205373e-01;1.288306e-01;7.954826e-02;4.195008e-02
3.395636e-02;5.367406e-02;1.471363e-01;7.791835e-02;5.326568e-02;8.810479e-02;1.898644e-01;6.181386e-02;8.295790e-02;1.072778e-01;3.977011e-02;6.426043e-02
4.319801e-02;4.429581e-02;1.678765e-01;4.004602e-02;3.912181e-02;9.531504e-02;1.799817e-01;7.493885e-02;5.117929e-02;1.021812e-01;4.790190e-02;1.139639e-01
4.425682e-02;3.473238e-02;2.087639e-01;4.174784e-02;3.206908e-02;6.180577e-02;1.076803e-01;8.616690e-02;5.272261e-02;1.172042e-01;7.942581e-02;1.334244e-01
2.750241e-02;4.050777e-02;2.350817e-01;4.358961e-02;3.102651e-02;2.999671e-02;1.756295e-01;8.360153e-02;3.988232e-02;1.037977e-01;7.375966e-02;1.156246e-01
4.522840e-02;8.303788e-02;1.880820e-01;3.380539e-02;4.337408e-02;2.786150e-02;2.706148e-01;6.837328e-02;3.757811e-02;7.330355e-02;5.282705e-02;7.591392e-02
8.905802e-02;1.026360e-01;1.089636e-01;2.531110e-02;5.986387e-02;4.529925e-02;3.188240e-01;4.361801e-02;4.594638e-02;4.318795e-02;7.699883e-02;4.029299e-02
1.148560e-01;9.317749e-02;9.020612e-02;3.930645e-02;6.907540e-02;6.188054e-02;2.979717e-01;3.398286e-02;4.893364e-02;4.824698e-02;5.897547e-02;4.338740e-02
1.013859e-01;1.007493e-01;1.254514e-01;4.645101e-02;1.008878e-01;5.446998e-02;2.333946e-01;4.734305e-02;3.826179e-02;5.031613e-02;4.174626e-02;5.954279e-02
8.013692e-02;1.332430e-01;1.674657e-01;4.544288e-02;1.131384e-01;3.812973e-02;1.224087e-01;6.227368e-02;6.415324e-02;5.973193e-02;6.756564e-02;4.631017e-02
6.983268e-02;1.093341e-01;1.376193e-01;5.793599e-02;8.627889e-02;3.909127e-02;1.748194e-01;6.663525e-02;6.750172e-02;9.284583e-02;4.831894e-02;4.978657e-02
3.680527e-02;7.681896e-02;1.147567e-01;4.648475e-02;9.333504e-02;4.750536e-02;2.599097e-01;7.978331e-02;4.435643e-02;8.141032e-02;3.903460e-02;7.979951e-02
4.184798e-02;8.984298e-02;1.620769e-01;8.180973e-02;9.774698e-02;6.343285e-02;1.064495e-01;8.412524e-02;6.599217e-02;1.102323e-01;4.164525e-02;5.479823e-02
5.585441e-02;6.684844e-02;1.222470e-01;9.587323e-02;1.245177e-01;4.459751e-02;1.776988e-01;6.366347e-02;7.655726e-02;1.171696e-01;2.654145e-02;2.843116e-02
7.790921e-02;5.843068e-02;9.025615e-02;6.342287e-02;1.399964e-01;6.501611e-02;2.707512e-01;4.079402e-02;4.636936e-02;1.101822e-01;1.874910e-02;1.812271e-02
7.381605e-02;6.696835e-02;6.197438e-02;3.314097e-02;1.072486e-01;8.208421e-02;3.611643e-01;3.677466e-02;3.404344e-02;1.164680e-01;1.506933e-02;1.124769e-02
7.714603e-02;7.491655e-02;3.373090e-02;2.179236e-02;7.563898e-02;8.037783e-02;4.423735e-01;3.382288e-02;4.163749e-02;9.695945e-02;1.414144e-02;7.462631e-03
1.125576e-01;8.109361e-02;4.152000e-02;2.248866e-02;8.237331e-02;7.852086e-02;4.209495e-01;3.196013e-02;4.207611e-02;5.718599e-02;1.628824e-02;1.298595e-02
1.130728e-01;7.458229e-02;6.280468e-02;2.675065e-02;9.898280e-02;1.020310e-01;2.968757e-01;5.231793e-02;5.468727e-02;6.077502e-02;3.240866e-02;2.471120e-02
6.529744e-02;5.181935e-02;1.105342e-01;3.757655e-02;1.175104e-01;1.250582e-01;1.692460e-01;6.767445e-02;7.023446e-02;7.724925e-02;5.678699e-02;5.101263e-02
5.972105e-02;5.157383e-02;1.228835e-01;4.578330e-02;1.095948e-01;1.275266e-01;1.128960e-01;8.252597e-02;7.311103e-02;7.294139e-02;8.073821e-02;6.070427e-02
6.447811e-02;4.404083e-02;1.263204e-01;6.331040e-02;1.172515e-01;9.462425e-02;1.209202e-01;9.054857e-02;7.307189e-02;5.098991e-02;9.502468e-02;5.941921e-02
4.725058e-02;4.498742e-02;1.174547e-01;7.942837e-02;1.257664e-01;7.598967e-02;2.005293e-01;7.236964e-02;5.428747e-02;4.584007e-02;7.412045e-02;6.197591e-02
4.864059e-02;4.860711e-02;1.468080e-01;6.062266e-02;7.024519e-02;9.430692e-02;2.645907e-01;6.336527e-02;3.922528e-02;5.663195e-02;4.125214e-02;6.570412e-02
7.279456e-02;4.914735e-02;9.397415e-02;3.991182e-02;6.091103e-02;1.792678e-01;2.092678e-01;8.122430e-02;5.164132e-02;5.525680e-02;4.632418e-02;6.027891e-02
5.828133e-02;9.465428e-02;9.275448e-02;5.336689e-02;8.439526e-02;9.893151e-02;1.101530e-01;7.724363e-02;1.358127e-01;8.670449e-02;4.385909e-02;6.384335e-02
5.527679e-02;9.258141e-02;8.405173e-02;5.290870e-02;8.573883e-02;6.506067e-02;7.997715e-02;7.583820e-02;1.520216e-01;1.246724e-01;3.897262e-02;9.289987e-02
5.413973e-02;8.443161e-02;9.952539e-02;4.560925e-02;7.646526e-02;6.693370e-02;8.652753e-02;6.973107e-02;1.457725e-01;1.367341e-01;3.536238e-02;9.876749e-02
6.354471e-02;7.198060e-02;1.154975e-01;4.272631e-02;7.659450e-02;6.964950e-02;1.034912e-01;8.414952e-02;1.207071e-01;1.307729e-01;3.639450e-02;8.449157e-02
7.827801e-02;7.377990e-02;1.232813e-01;4.767769e-02;9.163632e-02;7.044898e-02;9.800459e-02;9.087770e-02;1.040817e-01;1.167836e-01;5.248310e-02;5.266713e-02
7.088427e-02;7.410043e-02;8.366516e-02;6.741050e-02;8.471722e-02;1.097044e-01;1.141888e-01;8.627322e-02;6.903390e-02;1.331394e-01;8.368482e-02;2.319791e-02
5.745201e-02;3.005145e-02;1.229783e-01;5.492428e-02;6.307144e-02;9.469660e-02;1.417693e-01;6.217762e-02;7.176917e-02;1.680389e-01;1.000160e-01;3.305491e-02
5.506591e-02;2.707079e-02;1.332569e-01;4.857142e-02;5.859717e-02;5.804465e-02;1.876107e-01;6.617639e-02;7.793944e-02;1.730430e-01;9.494846e-02;1.967524e-02
4.906856e-02;2.269090e-02;1.018382e-01;5.370497e-02;3.743349e-02;2.961001e-02;2.020833e-01;1.126917e-01;1.136474e-01;1.935139e-01;7.475878e-02;8.958800e-03
6.333338e-02;1.260258e-02;5.361532e-02;7.239912e-02;2.089364e-02;1.158886e-02;1.325756e-01;1.579898e-01;1.577167e-01;2.335403e-01;7.034857e-02;1.339618e-02
6.915836e-02;1.309310e-02;4.731470e-02;8.385040e-02;2.446091e-02;1.283456e-02;7.378126e-02;1.551399e-01;1.637771e-01;2.614979e-01;8.000761e-02;1.508417e-02
5.354892e-02;1.789969e-02;8.912869e-02;7.209552e-02;3.416890e-02;2.643675e-02;1.389228e-01;1.122629e-01;1.362273e-01;2.258070e-01;6.801585e-02;2.548568e-02
3.526798e-02;1.032474e-02;1.071638e-01;4.824668e-02;6.335589e-02;5.278320e-02;2.427106e-01;9.169754e-02;1.115763e-01;1.489120e-01;4.642280e-02;4.153853e-02
2.090992e-02;3.362946e-02;1.087960e-01;3.361582e-02;9.896871e-02;3.693307e-02;3.415979e-01;8.741889e-02;7.492565e-02;9.029774e-02;3.598376e-02;3.692305e-02
2.107568e-02;5.599155e-02;6.856031e-02;5.942323e-02;9.947222e-02;3.689881e-02;4.049195e-01;6.013172e-02;7.033931e-02;6.750388e-02;3.434843e-02;2.133540e-02
3.857531e-02;6.193747e-02;5.797211e-02;1.044933e-01;7.545128e-02;5.334093e-02;3.815401e-01;4.391280e-02;7.070486e-02;6.617869e-02;2.737811e-02;1.851502e-02
5.328935e-02;6.172437e-02;7.499921e-02;1.150292e-01;9.255321e-02;6.767600e-02;3.153277e-01;6.043156e-02;5.362779e-02;6.242294e-02;1.896591e-02;2.395273e-02
7.091001e-02;6.637862e-02;7.619679e-02;1.048935e-01;1.151663e-01;7.365997e-02;2.301702e-01;1.239934e-01;4.239717e-02;5.685095e-02;1.847971e-02;2.090337e-02
7.386856e-02;6.915353e-02;7.953653e-02;8.038761e-02;1.445550e-01;8.266409e-02;1.646231e-01;1.523596e-01;5.965106e-02;6.277899e-02;1.532758e-02;1.509435e-02
4.018524e-02;3.779404e-02;1.491495e-01;4.669496e-02;1.474833e-01;6.669616e-02;2.430432e-01;1.245630e-01;6.069095e-02;5.214178e-02;1.383130e-02;1.772656e-02
2.986090e-02;2.458780e-02;2.128203e-01;6.208594e-02;1.677528e-01;6.254161e-02;1.966710e-01;1.011552e-01;4.901997e-02;4.419391e-02;1.928386e-02;3.002667e-02
1.984815e-02;2.030457e-02;2.550198e-01;8.118841e-02;1.804673e-01;7.017314e-02;1.780012e-01;7.498786e-02;3.882859e-02;3.074101e-02;1.959865e-02;3.084132e-02
3.056943e-02;2.627130e-02;2.770219e-01;1.048561e-01;2.050506e-01;7.221407e-02;6.777356e-02;7.263107e-02;3.338454e-02;4.508276e-02;2.591795e-02;3.922671e-02
3.900894e-02;6.486876e-02;9.593451e-02;9.396149e-02;1.408981e-01;8.983941e-02;1.360294e-01;7.287834e-02;1.009798e-01;6.509718e-02;5.822439e-02;4.227969e-02
3.781723e-02;7.954396e-02;8.888422e-02;7.140684e-02;1.089483e-01;8.148670e-02;1.736409e-01;7.341711e-02;1.007563e-01;7.602634e-02;7.223831e-02;3.583381e-02
3.203696e-02;8.848272e-02;8.616184e-02;4.515544e-02;7.592048e-02;6.229049e-02;2.344908e-01;6.000418e-02;1.005924e-01;9.413763e-02;7.932470e-02;4.140233e-02
2.646646e-02;7.647388e-02;8.370251e-02;3.474635e-02;4.831591e-02;5.637955e-02;2.897172e-01;6.071870e-02;9.902433e-02;1.106755e-01;6.661946e-02;4.716015e-02
1.409234e-02;4.677463e-02;1.206744e-01;3.214221e-02;5.332176e-02;6.931697e-02;3.179407e-01;8.468247e-02;8.046280e-02;9.834940e-02;3.379173e-02;4.845066e-02
2.176159e-02;6.996591e-02;1.486688e-01;1.477645e-02;3.839149e-02;5.345150e-02;3.770100e-01;9.452304e-02;5.486947e-02;6.217503e-02;2.646450e-02;3.794216e-02
5.369804e-02;1.297558e-01;1.081101e-01;8.187023e-03;2.002380e-02;3.310993e-02;4.680508e-01;6.168347e-02;3.049207e-02;3.443150e-02;3.747857e-02;1.497892e-02
7.832154e-02;1.323487e-01;5.864146e-02;8.801130e-03;4.062301e-02;4.624168e-02;4.992928e-01;3.153907e-02;2.036797e-02;2.959069e-02;4.163228e-02;1.259970e-02
1.127856e-01;9.468632e-02;3.756471e-02;1.270515e-02;7.346155e-02;7.957639e-02;4.456917e-01;2.574746e-02;2.434924e-02;4.387068e-02;2.761623e-02;2.194494e-02
1.435832e-01;1.024494e-01;8.042953e-02;1.815831e-02;1.122309e-01;8.931521e-02;2.382168e-01;3.629702e-02;6.081511e-02;4.942612e-02;2.101471e-02;4.806367e-02
