2.444431e-01;8.907292e-02;9.147433e-02;8.448073e-02;8.819582e-02;5.678765e-02;1.460717e-01;2.469654e-02;3.902048e-02;4.683238e-02;3.271091e-02;5.621343e-02
2.419811e-01;4.892006e-02;1.135521e-01;7.804807e-02;1.255859e-01;6.526780e-02;8.601058e-02;1.500145e-02;6.990767e-02;3.110692e-02;2.500460e-02;9.961376e-02
1.884993e-01;1.232630e-02;1.463157e-01;5.131372e-02;1.740381e-01;6.614952e-02;7.419204e-02;1.851160e-02;9.486129e-02;1.845683e-02;2.705267e-02;1.282830e-01
1.512258e-01;3.334130e-02;1.610679e-01;3.781568e-02;1.839741e-01;5.923433e-02;1.023164e-01;1.550660e-02;8.679476e-02;1.586084e-02;3.432496e-02;1.185374e-01
1.070444e-01;6.469552e-02;1.916654e-01;5.387987e-02;1.749023e-01;5.792233e-02;7.340208e-02;2.243786e-02;7.543840e-02;1.453336e-02;5.414800e-02;1.099305e-01
5.841655e-02;9.336224e-02;2.018935e-01;7.929140e-02;1.573938e-01;6.984017e-02;4.962968e-02;4.873693e-02;4.012626e-02;2.116610e-02;8.933640e-02;9.080696e-02
2.883283e-02;9.340879e-02;2.247872e-01;1.266367e-01;1.099713e-01;8.669334e-02;2.433238e-02;6.814908e-02;2.945334e-02;2.202398e-02;1.401091e-01;4.560206e-02
2.787773e-02;6.714258e-02;2.330063e-01;1.633174e-01;9.119549e-02;1.048128e-01;3.656050e-02;6.165443e-02;3.431618e-02;2.607135e-02;1.281260e-01;2.591925e-02
5.354327e-02;6.214778e-02;2.460463e-01;1.484805e-01;9.012012e-02;1.034530e-01;7.225025e-02;4.779116e-02;3.413535e-02;3.245293e-02;9.218175e-02;1.739761e-02
7.454135e-02;6.423526e-02;2.843190e-01;1.192429e-01;7.610135e-02;8.988658e-02;8.771280e-02;3.159179e-02;3.729953e-02;4.324973e-02;6.326011e-02;2.855963e-02
7.163023e-02;6.111119e-02;4.009095e-01;8.474834e-02;4.748635e-02;7.120252e-02;8.558435e-02;1.070612e-02;3.711712e-02;5.521115e-02;3.307940e-02;4.121372e-02
3.490182e-02;4.131278e-02;5.631400e-01;5.371188e-02;4.243024e-02;5.384636e-02;4.692362e-02;3.524987e-02;8.785472e-03;5.256097e-02;3.204439e-02;3.509254e-02
2.362511e-02;4.078696e-02;5.696364e-01;5.274783e-02;3.451672e-02;3.353881e-02;6.076149e-02;2.376400e-02;1.901734e-02;4.322661e-02;3.376240e-02;6.461632e-02
2.384290e-02;4.541801e-02;5.413719e-01;5.375949e-02;4.570408e-02;3.642127e-02;6.451645e-02;2.869706e-02;2.246601e-02;5.993539e-02;2.286000e-02;5.500751e-02
8.803300e-02;5.002380e-02;1.720418e-01;5.697688e-02;7.486448e-02;5.840459e-02;1.261950e-01;5.973075e-02;7.823385e-02;3.723081e-02;8.418396e-02;1.140811e-01
1.108529e-01;3.054339e-02;5.068207e-02;4.737097e-02;7.710855e-02;5.956759e-02;1.474434e-01;4.148986e-02;1.091001e-01;5.998848e-02;8.561540e-02;1.802373e-01
1.133679e-01;3.659426e-02;7.548855e-02;4.879432e-02;6.917779e-02;4.516727e-02;1.079177e-01;5.143539e-02;9.568337e-02;5.896811e-02;1.258001e-01;1.716052e-01
9.335723e-02;4.958116e-02;1.098229e-01;6.460724e-02;7.068085e-02;2.969489e-02;5.500049e-02;7.920435e-02;6.386171e-02;4.372322e-02;2.035627e-01;1.369032e-01
3.354146e-02;5.061093e-02;1.488364e-01;1.016408e-01;9.419798e-02;2.546464e-02;2.629248e-02;1.213862e-01;4.769126e-02;1.998900e-02;2.600111e-01;7.033779e-02
1.922852e-02;4.795110e-02;1.400677e-01;1.263406e-01;1.155637e-01;2.100744e-02;1.526919e-02;1.656526e-01;3.825733e-02;2.599522e-02;2.316867e-01;5.297987e-02
2.660038e-02;4.732490e-02;1.458306e-01;1.293344e-01;1.257983e-01;2.193115e-02;2.134133e-02;2.040511e-01;3.785080e-02;2.618167e-02;1.511069e-01;6.264843e-02
1.697656e-02;3.772879e-02;1.277597e-01;1.176513e-01;1.353894e-01;2.459205e-02;3.550992e-02;2.478898e-01;8.558348e-02;2.034212e-02;8.156573e-02;6.901117e-02
1.329910e-02;3.059600e-02;1.321690e-01;1.184447e-01;1.349935e-01;2.528079e-02;7.414423e-02;2.548770e-01;8.312833e-02;1.521314e-02;5.469933e-02;6.315484e-02
8.422843e-03;3.335853e-02;2.000295e-01;1.349522e-01;1.298941e-01;3.616441e-02;1.027262e-01;1.876019e-01;4.542391e-02;2.207392e-02;5.239244e-02;4.696003e-02
1.616796e-02;3.670050e-02;2.926082e-01;1.476955e-01;1.020949e-01;4.391037e-02;1.137030e-01;8.546682e-02;4.218761e-02;2.479184e-02;5.883391e-02;3.583943e-02
1.868815e-02;3.495882e-02;3.411617e-01;1.358236e-01;6.725676e-02;4.461179e-02;1.034359e-01;7.949384e-02;4.533736e-02;2.269181e-02;7.385676e-02;3.268350e-02
1.768194e-02;2.273309e-02;3.910778e-01;1.320068e-01;8.762743e-02;6.224830e-02;6.620327e-02;6.814550e-02;3.044112e-02;1.519665e-02;8.287112e-02;2.376703e-02
2.677891e-02;2.349908e-02;4.624536e-01;1.166257e-01;9.427258e-02;4.790351e-02;4.669850e-02;3.200630e-02;2.523299e-02;1.943929e-02;6.948581e-02;3.560377e-02
3.719790e-02;3.846487e-02;5.284151e-01;9.283580e-02;8.512153e-02;3.489484e-02;4.304304e-02;4.065638e-02;1.679686e-02;1.964215e-02;3.573674e-02;2.719473e-02
4.450693e-02;3.395306e-02;5.748769e-01;8.331464e-02;7.844428e-02;3.057690e-02;4.983573e-02;3.811846e-02;1.272678e-02;2.600145e-02;1.345915e-02;1.418573e-02
3.226569e-02;2.448316e-02;5.922289e-01;8.793803e-02;8.200537e-02;2.145850e-02;6.173721e-02;2.669706e-02;1.706091e-02;3.047206e-02;9.892193e-03;1.376090e-02
1.557040e-02;2.736566e-02;5.740749e-01;7.238599e-02;1.026338e-01;2.671411e-02;7.510535e-02;2.920231e-02;1.843289e-02;3.465873e-02;1.575521e-02;8.100596e-03
1.454521e-02;3.438942e-02;5.110910e-01;4.894698e-02;1.049327e-01;4.104875e-02;8.357479e-02;5.012864e-02;2.725288e-02;3.427755e-02;2.225135e-02;2.756078e-02
1.676303e-02;5.377256e-02;5.343814e-01;6.407465e-02;7.628935e-02;5.612368e-02;4.725737e-02;3.733834e-02;3.969074e-02;2.361060e-02;2.092029e-02;2.977795e-02
1.855485e-02;7.770713e-02;5.423753e-01;9.216330e-02;4.578994e-02;7.031850e-02;1.939964e-02;2.770885e-02;3.828931e-02;2.153547e-02;1.545949e-02;3.069816e-02
5.668683e-02;4.340175e-02;3.297556e-01;6.371992e-02;6.792103e-02;7.553703e-02;1.826233e-01;3.740387e-02;3.185554e-02;6.022364e-02;3.351383e-02;1.735761e-02
9.816353e-02;6.063003e-02;9.069499e-02;2.935829e-02;9.742874e-02;8.858550e-02;3.250652e-01;4.004791e-02;4.267739e-02;5.944422e-02;3.482495e-02;3.307926e-02
9.842782e-02;4.933790e-02;1.290598e-01;3.128003e-02;1.120267e-01;8.678246e-02;2.818982e-01;3.835754e-02;5.743688e-02;3.436561e-02;2.848999e-02;5.253703e-02
9.684156e-02;3.887886e-02;1.437605e-01;4.311687e-02;1.508442e-01;8.923603e-02;1.908756e-01;4.368268e-02;7.558598e-02;1.760964e-02;2.592640e-02;8.364161e-02
1.025994e-01;2.087788e-02;1.227349e-01;5.059884e-02;1.956108e-01;9.202440e-02;9.991595e-02;5.491627e-02;1.072523e-01;1.814629e-02;2.178130e-02;1.135416e-01
1.096547e-01;1.365934e-02;1.120582e-01;5.247861e-02;1.819205e-01;8.625651e-02;1.196170e-01;5.135823e-02;1.199497e-01;2.897333e-02;1.950325e-02;1.045707e-01
1.426622e-01;2.902489e-02;1.168755e-01;5.209847e-02;1.659819e-01;9.427170e-02;1.151409e-01;3.442581e-02;1.068107e-01;4.174555e-02;1.698129e-02;8.398124e-02
1.915488e-01;5.062895e-02;8.533876e-02;3.641325e-02;1.438405e-01;1.141419e-01;1.692875e-01;2.457656e-02;6.739563e-02;4.545328e-02;1.385420e-02;5.752071e-02
2.397294e-01;6.376036e-02;4.708637e-02;1.793561e-02;1.285148e-01;1.371244e-01;2.108150e-01;2.642665e-02;4.347707e-02;3.853951e-02;9.289501e-03;3.730132e-02
2.501960e-01;6.796859e-02;3.019108e-02;1.525933e-02;1.034158e-01;1.529242e-01;2.328283e-01;3.635277e-02;3.388801e-02;4.501054e-02;7.536792e-03;2.442848e-02
2.525730e-01;6.866574e-02;1.883604e-02;2.187775e-02;8.252937e-02;1.511530e-01;2.534570e-01;4.219787e-02;2.935359e-02;5.817799e-02;2.922176e-03;1.825657e-02
2.609182e-01;9.400506e-02;1.177139e-02;2.659821e-02;6.865334e-02;1.327543e-01;2.594082e-01;3.302211e-02;2.134932e-02;6.935319e-02;3.078615e-03;1.908808e-02
2.482988e-01;1.359377e-01;2.230939e-02;3.862840e-02;4.986324e-02;1.034406e-01;2.737075e-01;1.961502e-02;1.255822e-02;6.192721e-02;8.559010e-03;2.515490e-02
2.141441e-01;1.793188e-01;4.524202e-02;3.719206e-02;3.195389e-02;7.574329e-02;3.060398e-01;1.198207e-02;1.067252e-02;3.851730e-02;1.658672e-02;3.260752e-02
1.845462e-01;1.810073e-01;7.158362e-02;2.802192e-02;3.497601e-02;5.846936e-02;3.120130e-01;1.616259e-02;1.288469e-02;2.553405e-02;3.186455e-02;4.293664e-02
1.455750e-01;1.501359e-01;1.130391e-01;2.628915e-02;4.329119e-02;5.794282e-02;2.750636e-01;2.373250e-02;1.963327e-02;4.074739e-02;4.529000e-02;5.926006e-02
9.329797e-02;1.261430e-01;1.524003e-01;3.330296e-02;5.860737e-02;5.496185e-02;2.480503e-01;2.952384e-02;2.628093e-02;5.553542e-02;5.495077e-02;6.694528e-02
6.976199e-02;1.154117e-01;1.477405e-01;3.605881e-02;1.122863e-01;8.009641e-02;1.774963e-01;4.632056e-02;4.213426e-02;6.112805e-02;5.561022e-02;5.595492e-02
5.601460e-02;7.428900e-02;1.398863e-01;2.968596e-02;1.308235e-01;7.833420e-02;2.032816e-01;6.071177e-02;7.276061e-02;5.136280e-02;5.219498e-02;5.065461e-02
7.899930e-02;4.664742e-02;1.289666e-01;3.775816e-02;1.447936e-01;7.261842e-02;2.049410e-01;4.899781e-02;1.020725e-01;3.168511e-02;3.620198e-02;6.631799e-02
8.910898e-02;3.059159e-02;1.230754e-01;4.245543e-02;1.851720e-01;7.719529e-02;1.551585e-01;3.850159e-02;1.218095e-01;2.100927e-02;1.656702e-02;9.935537e-02
6.301837e-02;3.644101e-02;1.514854e-01;5.246862e-02;1.615072e-01;7.640056e-02;1.495274e-01;4.846626e-02;9.504188e-02;3.381150e-02;4.209536e-02;8.973636e-02
5.460657e-02;5.250746e-02;2.314473e-01;7.239289e-02;1.124716e-01;7.714701e-02;1.045545e-01;6.140291e-02;5.171477e-02;4.831705e-02;7.447278e-02;5.896523e-02
4.778620e-02;3.984648e-02;3.542635e-01;7.432632e-02;6.583751e-02;6.304955e-02;7.290098e-02;5.344049e-02;5.116808e-02;5.883434e-02;7.708140e-02;4.146517e-02
5.203516e-02;3.516739e-02;4.475628e-01;6.528297e-02;5.336647e-02;4.666019e-02;9.127773e-02;3.028492e-02;3.735323e-02;8.091193e-02;3.460790e-02;2.548930e-02
6.112185e-02;7.687297e-02;3.715858e-01;5.969079e-02;6.468705e-02;4.940717e-02;7.300477e-02;6.213068e-02;5.000742e-02;5.952982e-02;4.601601e-02;2.594561e-02
9.597302e-02;7.842075e-02;2.728978e-01;4.695870e-02;7.238331e-02;4.505215e-02;1.042806e-01;6.635811e-02;5.938702e-02;5.807583e-02;6.451649e-02;3.569626e-02
9.043206e-02;8.585212e-02;3.130249e-01;4.619745e-02;6.157579e-02;4.300334e-02;6.784805e-02;4.437607e-02;6.975849e-02;7.830067e-02;6.075836e-02;3.887267e-02
4.630211e-02;6.988148e-02;3.996553e-01;3.542374e-02;5.042418e-02;4.314369e-02;8.904172e-02;3.359611e-02;5.945267e-02;8.784402e-02;4.117536e-02;4.405970e-02
5.147522e-02;3.843905e-02;4.542389e-01;4.468418e-02;5.184046e-02;2.306935e-02;7.171078e-02;6.027774e-02;2.909014e-02;8.768085e-02;4.826114e-02;3.923215e-02
4.459056e-02;2.595337e-02;4.574021e-01;5.928725e-02;5.944751e-02;3.200554e-02;7.370159e-02;5.658204e-02;2.310354e-02;7.148563e-02;5.250255e-02;4.393834e-02
5.233410e-02;2.240047e-02;4.454556e-01;7.005327e-02;6.648705e-02;3.936844e-02;7.331282e-02;4.868744e-02;2.945457e-02;4.913161e-02;6.091980e-02;4.239488e-02
5.112886e-02;2.427158e-02;4.524201e-01;6.569742e-02;6.028712e-02;3.499478e-02;8.205773e-02;4.992827e-02;3.049148e-02;5.770693e-02;6.184112e-02;2.917464e-02
4.964880e-02;3.918908e-02;4.546607e-01;5.548466e-02;5.878768e-02;3.269235e-02;1.024002e-01;3.521277e-02;2.770024e-02;6.933297e-02;4.889663e-02;2.599383e-02
4.937546e-02;6.936372e-02;4.448324e-01;4.808344e-02;5.025420e-02;3.271047e-02;8.491354e-02;3.795924e-02;2.938911e-02;7.749334e-02;3.776728e-02;3.785782e-02
8.508416e-02;1.046108e-01;3.470647e-01;4.833011e-02;4.800728e-02;3.210526e-02;7.272001e-02;4.604395e-02;4.850339e-02;7.350302e-02;4.774842e-02;4.627884e-02
1.187624e-01;1.192731e-01;1.983873e-01;4.764181e-02;6.008307e-02;3.398168e-02;1.444447e-01;6.678209e-02;5.947710e-02;4.399500e-02;6.162636e-02;4.554544e-02
8.862301e-02;1.011141e-01;1.842434e-01;5.661848e-02;5.176180e-02;3.963839e-02;1.599772e-01;7.647651e-02;6.298014e-02;6.663803e-02;5.397543e-02;5.795352e-02
8.473633e-02;7.383100e-02;2.145978e-01;6.373934e-02;3.259062e-02;4.540084e-02;1.390895e-01;9.532359e-02;7.854783e-02;7.817587e-02;3.063245e-02;6.333476e-02
8.119447e-02;7.540733e-02;1.768710e-01;5.136297e-02;4.555651e-02;5.015886e-02;1.490224e-01;1.021867e-01;6.328730e-02;6.360699e-02;5.536759e-02;8.597793e-02
1.094761e-01;8.592921e-02;1.367382e-01;6.406626e-02;5.795059e-02;4.600757e-02;1.277718e-01;8.102388e-02;7.341079e-02;9.839079e-02;3.888134e-02;8.035346e-02
1.010556e-01;1.075202e-01;1.391981e-01;8.224756e-02;5.641610e-02;3.800395e-02;1.403287e-01;7.756906e-02;6.343333e-02;1.171631e-01;3.139835e-02;4.566607e-02
3.641323e-02;9.688871e-02;1.566710e-01;7.941145e-02;4.724949e-02;5.069622e-02;1.271717e-01;1.078257e-01;6.066859e-02;1.048558e-01;6.877221e-02;6.337592e-02
3.530370e-02;7.100397e-02;1.975991e-01;5.916395e-02;7.779024e-02;6.175561e-02;1.232621e-01;1.330615e-01;4.751183e-02;6.684696e-02;3.999124e-02;8.670989e-02
8.743029e-02;9.906761e-02;1.124916e-01;4.086833e-02;5.586312e-02;7.997708e-02;1.231763e-01;1.257822e-01;7.114271e-02;7.916141e-02;6.185523e-02;6.318408e-02
5.578265e-02;9.265844e-02;1.547498e-01;5.752635e-02;7.272883e-02;5.566010e-02;1.099136e-01;8.217952e-02;1.339975e-01;9.974854e-02;3.048418e-02;5.457058e-02
7.193842e-02;1.128839e-01;2.059908e-01;2.344085e-02;5.564466e-02;3.618787e-02;9.710926e-02;1.006776e-01;1.338852e-01;8.964567e-02;3.818429e-02;3.441150e-02
1.178763e-01;9.396499e-02;1.734456e-01;6.345829e-02;6.522334e-02;4.236412e-02;1.121153e-01;3.620511e-02;9.849217e-02;9.300266e-02;6.977344e-02;3.407875e-02
1.073906e-01;1.023444e-01;1.664786e-01;6.757836e-02;6.869242e-02;5.153773e-02;1.649105e-01;4.826884e-02;5.909755e-02;6.389327e-02;6.993602e-02;2.987169e-02
1.134075e-01;1.114885e-01;1.592585e-01;6.662817e-02;6.070592e-02;8.347416e-02;1.982398e-01;5.300361e-02;3.401698e-02;4.638721e-02;5.360311e-02;1.978661e-02
1.445666e-01;8.689779e-02;1.203816e-01;5.924384e-02;5.129484e-02;1.510054e-01;1.855265e-01;6.801728e-02;3.351974e-02;5.530825e-02;2.925042e-02;1.498783e-02
1.564527e-01;4.286456e-02;8.180829e-02;4.025415e-02;8.585180e-02;2.143489e-01;1.153922e-01;8.483998e-02;7.602962e-02;5.981014e-02;1.599601e-02;2.635171e-02
1.303890e-01;2.209375e-02;8.501879e-02;2.262854e-02;1.355116e-01;2.034353e-01;7.705020e-02;6.455739e-02;1.363089e-01;4.776677e-02;2.004674e-02;5.519299e-02
1.199166e-01;2.489339e-02;9.806738e-02;1.388288e-02;1.881320e-01;1.300543e-01;8.313876e-02;3.359707e-02;1.828008e-01;3.249946e-02;2.177483e-02;7.124238e-02
1.006672e-01;1.122675e-02;9.476198e-02;2.508280e-02;2.015719e-01;1.054725e-01;7.595721e-02;5.236034e-02;2.042324e-01;2.635269e-02;2.005561e-02;8.225872e-02
8.540803e-02;1.622589e-02;9.582666e-02;3.942316e-02;1.963641e-01;7.437997e-02;8.445683e-02;4.417010e-02;2.035206e-01;3.243866e-02;3.050682e-02;9.727918e-02
7.989771e-02;2.055801e-02;9.948929e-02;6.341004e-02;1.896195e-01;5.810508e-02;7.739873e-02;3.554186e-02;1.832823e-01;3.180412e-02;4.274138e-02;1.181520e-01
7.441671e-02;3.537112e-02;1.392502e-01;9.376235e-02;1.714932e-01;4.961884e-02;5.132541e-02;4.776885e-02;1.257396e-01;3.257593e-02;5.748749e-02;1.211904e-01
5.583127e-02;4.535526e-02;2.323868e-01;9.934795e-02;1.346791e-01;4.905673e-02;6.754576e-02;5.621836e-02;5.295385e-02;5.064631e-02;7.207587e-02;8.390272e-02
4.034266e-02;4.820104e-02;3.087473e-01;8.247426e-02;9.724581e-02;5.382137e-02;1.172143e-01;4.661880e-02;3.197568e-02;5.964580e-02;6.940598e-02;4.430697e-02
3.024797e-02;4.439962e-02;3.416807e-01;8.113619e-02;8.697668e-02;6.122945e-02;1.189612e-01;3.816329e-02;3.657163e-02;6.762025e-02;5.316151e-02;3.985152e-02
4.841884e-02;3.240527e-02;1.128250e-01;8.034480e-02;1.083766e-01;5.999432e-02;1.704305e-01;9.467736e-02;9.030781e-02;6.322878e-02;5.763411e-02;8.135666e-02
4.196168e-02;2.797102e-02;2.166878e-01;7.480363e-02;1.420481e-01;6.240014e-02;1.004052e-01;5.597137e-02;1.358853e-01;2.732559e-02;5.802057e-02;5.651962e-02
6.993204e-02;5.658090e-02;1.153880e-01;7.573189e-02;1.166999e-01;6.521075e-02;1.032382e-01;9.462880e-02;1.412410e-01;6.728715e-02;5.356017e-02;4.050127e-02
8.622064e-02;7.165045e-02;7.610547e-02;5.124139e-02;9.286710e-02;6.306319e-02;1.194124e-01;1.170808e-01;1.495231e-01;7.093939e-02;5.609948e-02;4.579658e-02
8.561556e-02;8.418632e-02;1.082873e-01;4.843372e-02;8.080726e-02;6.663018e-02;1.223121e-01;9.405996e-02;1.463892e-01;6.585579e-02;5.108931e-02;4.633335e-02
8.232471e-02;7.061785e-02;1.832632e-01;4.929116e-02;6.482755e-02;7.169355e-02;1.053295e-01;5.748111e-02;1.237883e-01;9.387835e-02;5.754582e-02;3.995901e-02
1.012362e-01;4.676071e-02;1.541426e-01;3.025349e-02;9.294915e-02;6.683879e-02;2.423499e-01;4.366701e-02;7.189585e-02;8.452930e-02;3.518061e-02;3.019635e-02
8.790973e-02;3.627081e-02;1.073475e-01;3.851954e-02;1.282911e-01;8.587302e-02;3.005942e-01;4.138708e-02;5.822865e-02;4.211662e-02;2.501422e-02;4.844759e-02
8.316050e-02;4.107378e-02;1.754751e-01;4.721347e-02;1.261544e-01;7.643935e-02;2.360879e-01;3.784366e-02;4.511585e-02;3.045051e-02;3.949166e-02;6.149377e-02
9.419116e-02;5.630682e-02;2.108552e-01;4.589534e-02;9.228233e-02;6.736757e-02;1.938602e-01;3.318302e-02;3.641435e-02;4.817416e-02;5.356215e-02;6.790770e-02
1.018074e-01;5.810637e-02;1.976243e-01;4.599809e-02;6.075187e-02;6.390069e-02;2.229377e-01;3.180050e-02;3.454166e-02;5.324197e-02;5.701599e-02;7.227341e-02
7.694754e-02;6.530490e-02;1.669486e-01;6.054875e-02;4.462318e-02;6.630196e-02;2.444750e-01;5.438012e-02;5.302356e-02;6.143516e-02;4.904699e-02;5.696421e-02
8.032878e-02;6.072169e-02;2.653602e-01;5.079152e-02;6.965386e-02;6.592347e-02;1.726785e-01;6.068335e-02;6.285317e-02;5.280383e-02;3.885650e-02;1.934519e-02
5.700248e-02;7.785751e-02;1.983513e-01;5.851889e-02;1.104420e-01;7.572190e-02;1.062975e-01;7.907859e-02;8.912002e-02;6.773961e-02;3.537975e-02;4.449056e-02
4.496598e-02;6.297590e-02;1.449969e-01;5.534308e-02;1.048154e-01;8.670916e-02;1.499000e-01;7.776330e-02;1.051979e-01;7.221109e-02;4.280207e-02;5.231915e-02
8.221544e-02;5.907804e-02;1.577207e-01;5.555799e-02;1.090032e-01;8.416452e-02;1.821551e-01;6.270002e-02;6.074284e-02;6.254433e-02;2.982023e-02;5.429758e-02
9.791221e-02;5.070072e-02;1.907377e-01;3.928444e-02;9.387239e-02;7.775385e-02;1.959088e-01;4.601383e-02;5.735488e-02;5.499221e-02;3.764793e-02;5.782100e-02
9.343830e-02;6.384312e-02;1.194602e-01;5.436815e-02;7.095919e-02;6.114414e-02;2.262764e-01;3.367918e-02;8.394580e-02;7.938826e-02;4.767663e-02;6.582069e-02
1.017628e-01;7.564443e-02;1.638021e-01;6.225965e-02;6.368220e-02;6.353329e-02;1.960022e-01;4.880681e-02;8.286042e-02;4.040897e-02;3.560162e-02;6.563547e-02
7.913252e-02;5.003019e-02;1.171578e-01;5.112209e-02;4.083306e-02;5.712166e-02;1.590900e-01;6.929170e-02;3.966688e-02;9.553456e-02;1.401852e-01;1.008343e-01
6.387378e-02;6.284439e-02;1.164318e-01;5.568476e-02;4.650305e-02;6.429482e-02;1.340676e-01;8.136643e-02;1.589739e-02;9.564663e-02;1.394273e-01;1.239621e-01
5.212349e-02;6.350625e-02;1.358002e-01;6.196633e-02;3.346268e-02;7.268858e-02;8.589584e-02;9.965897e-02;5.083483e-02;1.106795e-01;9.996148e-02;1.334218e-01
3.389274e-02;4.179846e-02;1.444241e-01;6.179647e-02;3.374710e-02;7.588311e-02;7.479592e-02;8.476505e-02;1.410767e-01;1.190916e-01;7.217532e-02;1.165534e-01
2.760417e-02;1.629855e-02;1.167918e-01;4.650625e-02;7.938508e-02;6.593163e-02;9.786508e-02;4.167192e-02;2.476281e-01;9.134723e-02;7.621147e-02;9.275868e-02
2.531614e-02;1.354386e-02;1.040979e-01;2.228064e-02;1.009596e-01;3.699213e-02;1.027825e-01;3.463880e-02;3.477719e-01;3.385599e-02;5.646759e-02;1.212930e-01
5.647273e-02;8.625825e-03;1.120870e-01;1.429305e-02;6.708831e-02;2.484169e-02;7.438028e-02;2.110392e-02;4.330003e-01;4.101836e-02;2.721570e-02;1.198728e-01
3.612912e-02;5.991261e-03;1.104964e-01;1.236942e-02;5.258419e-02;1.892118e-02;4.507463e-02;2.188962e-02;5.212235e-01;4.305440e-02;1.686660e-02;1.153996e-01
1.517511e-02;1.432528e-02;8.695497e-02;1.735307e-02;7.160483e-02;1.725555e-02;5.247182e-02;6.236956e-02;5.208628e-01;2.719001e-02;2.019560e-02;9.424134e-02
1.333421e-02;1.954723e-02;7.993601e-02;2.995489e-02;8.838287e-02;2.004000e-02;7.456508e-02;1.021066e-01;4.605434e-01;1.696294e-02;3.357670e-02;6.105006e-02
1.605807e-02;1.492273e-02;1.106101e-01;5.803934e-02;1.052661e-01;2.754475e-02;9.683482e-02;1.133957e-01;3.500414e-01;1.735848e-02;4.138619e-02;4.854225e-02
2.704590e-02;3.274605e-02;1.846882e-01;8.734827e-02;1.035750e-01;3.395028e-02;1.153404e-01;1.212947e-01;1.637740e-01;2.740349e-02;3.841564e-02;6.441801e-02
2.229647e-02;5.148019e-02;2.358360e-01;9.330848e-02;5.973393e-02;4.862219e-02;1.067211e-01;1.561560e-01;6.318126e-02;5.048121e-02;3.740951e-02;7.477373e-02
3.402726e-02;4.273811e-02;2.638575e-01;8.801270e-02;4.493875e-02;5.666156e-02;8.015417e-02;1.719299e-01;6.027175e-02;4.983371e-02;3.865561e-02;6.891891e-02
1.791416e-02;2.636044e-02;1.689833e-01;3.345660e-02;7.050609e-02;3.962330e-02;1.133486e-01;1.176248e-01;2.975788e-01;3.457405e-02;3.098563e-02;4.904421e-02
1.738991e-02;2.753163e-02;1.034621e-01;4.482609e-02;5.079868e-02;3.490812e-02;1.015925e-01;7.824053e-02;3.839088e-01;5.027393e-02;4.525846e-02;6.180918e-02
9.575097e-03;2.766813e-02;1.458065e-01;5.280060e-02;3.521608e-02;2.262350e-02;9.249736e-02;8.578413e-02;3.580917e-01;5.284322e-02;5.314537e-02;6.394834e-02
2.068100e-02;5.191371e-02;1.384240e-01;3.726587e-02;5.599216e-02;5.133041e-02;1.009207e-01;1.139079e-01;2.496844e-01;5.359753e-02;6.725072e-02;5.903159e-02
5.106559e-02;7.674503e-02;9.122772e-02;4.694425e-02;6.993853e-02;7.775896e-02;6.530710e-02;1.172900e-01;2.287259e-01;6.846344e-02;7.106090e-02;3.547253e-02
5.199464e-02;4.911206e-02;7.116793e-02;5.482296e-02;4.038687e-02;8.270762e-02;1.029474e-01;1.250955e-01;2.662539e-01;6.026834e-02;3.964733e-02;5.559543e-02
5.709853e-02;3.292758e-02;8.402254e-02;3.856710e-02;5.040145e-02;8.909345e-02;1.331167e-01;1.055431e-01;2.073264e-01;7.207844e-02;6.097707e-02;6.884766e-02
6.257716e-02;9.231824e-02;9.647875e-02;4.931448e-02;6.731124e-02;6.217625e-02;1.282808e-01;7.536835e-02;1.012632e-01;6.778606e-02;9.418407e-02;1.029413e-01
6.962699e-02;1.042734e-01;9.657066e-02;3.843617e-02;7.071578e-02;1.059689e-01;1.137111e-01;7.826179e-02;7.330573e-02;5.939529e-02;8.814575e-02;1.015884e-01
1.193294e-01;7.754364e-02;1.016508e-01;9.163895e-02;8.233545e-02;1.394146e-01;9.089585e-02;6.809095e-02;7.189418e-02;4.950214e-02;4.875323e-02;5.895080e-02
2.070836e-01;7.917316e-02;1.142656e-01;1.240544e-01;9.911565e-02;1.087173e-01;9.959160e-02;4.837517e-02;2.625408e-02;3.138895e-02;4.377137e-02;1.820921e-02
2.328109e-01;1.213658e-01;1.314440e-01;8.248873e-02;5.871307e-02;2.676313e-02;7.564911e-02;2.422331e-02;5.295874e-02;5.435947e-02;1.130102e-01;2.621355e-02
2.337402e-01;1.138560e-01;9.132447e-02;6.253544e-02;4.979386e-02;2.712178e-02;6.884155e-02;3.214112e-02;7.176976e-02;6.097022e-02;1.261021e-01;6.180346e-02
1.737019e-01;8.354302e-02;1.299245e-01;5.693348e-02;4.368714e-02;2.505254e-02;1.338314e-01;3.663873e-02;7.004857e-02;6.282272e-02;9.770268e-02;8.611321e-02
7.680026e-02;1.219333e-01;1.553334e-01;3.583760e-02;2.511157e-02;2.981297e-02;2.235304e-01;2.400616e-02;5.471958e-02;8.791567e-02;9.702567e-02;6.797340e-02
9.268191e-02;1.517106e-01;1.155460e-01;1.385037e-02;2.599133e-02;3.474761e-02;2.841957e-01;9.251507e-03;2.914012e-02;1.047423e-01;1.091504e-01;2.899217e-02
9.894717e-02;1.642708e-01;4.130071e-02;6.699548e-03;2.719873e-02;4.375565e-02;3.573565e-01;1.011391e-02;2.029394e-02;1.076117e-01;1.110199e-01;1.143144e-02
8.749726e-02;1.537999e-01;3.994293e-02;7.570939e-03;2.928563e-02;5.281688e-02;4.182028e-01;2.139095e-02;1.096344e-02;7.572686e-02;9.774072e-02;5.061682e-03
7.237434e-02;1.400583e-01;5.024028e-02;7.304966e-03;3.862310e-02;6.478795e-02;4.573092e-01;2.378144e-02;2.457620e-02;3.420204e-02;8.057123e-02;6.170925e-03
7.122460e-02;1.285194e-01;3.056217e-02;8.890724e-03;4.875190e-02;6.913832e-02;4.665046e-01;2.101776e-02;3.499418e-02;2.546433e-02;8.147547e-02;1.345656e-02
6.294494e-02;1.227494e-01;3.854697e-02;1.031049e-02;5.560170e-02;4.941211e-02;4.223858e-01;3.583455e-02;4.122343e-02;4.314069e-02;9.710135e-02;2.074869e-02
5.033162e-02;1.422421e-01;5.385868e-02;9.387286e-03;5.327574e-02;3.596281e-02;4.140095e-01;2.692697e-02;3.833816e-02;5.938362e-02;1.068849e-01;9.398747e-03
5.531261e-02;1.313363e-01;4.591972e-02;1.344180e-02;5.327031e-02;3.751939e-02;4.201418e-01;3.402615e-02;4.080091e-02;7.315021e-02;9.064937e-02;4.431518e-03
7.001925e-02;1.155644e-01;2.103674e-02;1.935932e-02;4.286002e-02;4.233336e-02;4.478214e-01;4.029875e-02;3.319674e-02;7.129246e-02;8.950027e-02;6.717250e-03
9.680376e-02;9.764444e-02;1.011735e-02;3.507804e-02;4.772512e-02;5.679297e-02;4.164879e-01;4.296530e-02;2.481325e-02;7.204690e-02;8.128759e-02;1.823732e-02
1.208953e-01;7.405073e-02;5.330653e-02;5.817385e-02;5.798351e-02;7.065601e-02;2.930000e-01;2.611604e-02;5.110322e-02;1.138215e-01;5.420434e-02;2.668893e-02
1.061367e-01;8.476652e-02;1.002671e-01;6.972269e-02;6.471845e-02;7.547718e-02;2.145643e-01;3.341193e-02;8.908505e-02;1.039332e-01;2.647162e-02;3.144528e-02
1.077864e-01;7.871490e-02;9.286134e-02;8.988442e-02;9.527776e-02;1.112436e-01;1.685878e-01;2.873094e-02;8.635631e-02;6.866612e-02;2.586764e-02;4.602270e-02
8.152299e-02;4.606457e-02;6.821646e-02;7.758094e-02;1.134839e-01;1.445268e-01;1.497608e-01;3.333659e-02;1.280892e-01;6.883101e-02;2.049964e-02;6.808709e-02
3.880104e-02;3.259191e-02;6.692207e-02;4.004504e-02;9.807989e-02;1.145194e-01;1.248270e-01;7.389008e-02;2.018456e-01;7.274946e-02;3.706769e-02;9.866076e-02
2.099685e-02;4.863179e-02;5.580405e-02;4.046048e-02;6.136202e-02;6.655201e-02;9.428629e-02;1.056006e-01;2.028055e-01;6.616372e-02;1.214690e-01;1.158677e-01
4.292582e-02;3.269564e-02;4.997996e-02;7.111516e-02;3.164302e-02;5.324143e-02;6.532233e-02;1.229162e-01;1.309889e-01;4.842680e-02;2.485783e-01;1.021665e-01
1.081672e-01;3.081517e-02;7.785486e-02;7.327657e-02;2.424673e-02;4.605149e-02;8.005905e-02;7.373665e-02;6.581681e-02;7.689322e-02;2.685607e-01;7.452157e-02
1.788754e-01;3.678069e-02;1.028244e-01;4.572136e-02;2.364092e-02;3.139921e-02;1.165481e-01;5.977102e-02;9.470855e-02;1.408350e-01;1.225954e-01;4.629998e-02
2.288050e-01;1.962024e-02;1.199773e-01;2.008238e-02;4.035603e-02;1.433168e-02;1.595498e-01;5.099236e-02;8.108996e-02;1.856739e-01;5.442660e-02;2.509478e-02
2.392791e-01;1.016955e-02;1.140307e-01;2.394526e-02;3.922146e-02;1.886516e-02;1.771374e-01;3.928276e-02;6.352059e-02;1.838153e-01;6.155719e-02;2.917546e-02
2.262389e-01;1.242074e-02;9.638753e-02;2.664161e-02;2.229956e-02;2.071881e-02;1.658213e-01;5.240929e-02;6.008219e-02;1.771541e-01;1.075405e-01;3.228541e-02
2.253065e-01;8.225060e-03;1.050255e-01;1.995804e-02;3.443303e-02;1.555873e-02;1.789665e-01;4.564895e-02;5.118106e-02;1.837700e-01;1.015360e-01;3.039065e-02
1.981508e-01;2.214541e-02;1.010220e-01;3.078210e-02;3.842383e-02;2.722093e-02;1.690714e-01;6.035271e-02;3.534930e-02;1.626959e-01;1.328257e-01;2.195984e-02
1.321369e-01;4.444695e-02;7.551418e-02;5.976493e-02;3.254620e-02;4.719714e-02;1.194879e-01;9.580428e-02;3.377193e-02;8.528763e-02;2.352551e-01;3.878691e-02
9.760724e-02;5.943777e-02;6.020321e-02;8.234774e-02;2.138966e-02;6.378855e-02;7.779954e-02;1.150399e-01;4.013093e-02;4.677065e-02;2.997754e-01;3.570951e-02
6.524905e-02;8.475022e-02;4.343001e-02;1.039234e-01;1.455822e-02;6.890046e-02;4.624052e-02;1.346388e-01;3.344930e-02;3.630044e-02;3.526003e-01;1.595923e-02
3.067691e-02;1.106729e-01;4.182455e-02;1.027813e-01;1.721082e-02;5.899354e-02;2.221401e-02;1.426250e-01;2.125028e-02;3.074328e-02;3.861454e-01;3.486197e-02
1.419466e-02;1.319045e-01;3.261852e-02;7.355089e-02;3.312793e-02;4.267091e-02;1.710210e-02;1.306737e-01;4.536663e-02;3.829887e-02;3.543299e-01;8.616142e-02
1.646793e-02;1.216049e-01;3.936352e-02;3.349710e-02;5.672606e-02;2.508383e-02;3.314245e-02;9.438757e-02;6.738283e-02;5.607064e-02;2.490333e-01;2.072398e-01
1.989231e-02;1.071070e-01;4.211868e-02;2.527878e-02;6.361275e-02;1.562501e-02;3.781126e-02;8.277495e-02;7.825454e-02;5.942788e-02;1.799442e-01;2.881527e-01
1.398113e-02;1.096872e-01;2.875702e-02;2.831071e-02;4.704843e-02;1.779853e-02;2.620742e-02;1.115796e-01;6.330504e-02;5.874967e-02;2.083685e-01;2.862067e-01
1.528914e-02;1.235326e-01;2.638710e-02;3.385445e-02;3.238440e-02;1.996226e-02;1.618274e-02;1.334787e-01;5.710479e-02;6.802204e-02;2.509128e-01;2.228889e-01
1.985016e-02;1.181318e-01;2.850384e-02;4.157611e-02;3.787735e-02;1.396732e-02;1.563996e-02;1.459274e-01;6.351452e-02;7.499556e-02;2.715278e-01;1.684882e-01
1.135490e-02;8.626220e-02;3.076505e-02;5.012946e-02;3.368217e-02;2.063013e-02;2.893049e-02;1.679233e-01;6.891458e-02;5.384979e-02;3.107822e-01;1.367757e-01
1.287071e-02;7.610844e-02;3.798369e-02;6.027256e-02;2.285325e-02;3.585624e-02;5.337872e-02;1.948402e-01;4.144328e-02;6.021550e-02;3.203519e-01;8.382548e-02
2.321604e-02;7.874401e-02;8.253770e-02;6.698438e-02;2.854124e-02;4.943757e-02;1.106614e-01;1.856753e-01;1.732425e-02;6.840613e-02;2.502578e-01;3.821431e-02
5.559369e-02;6.108354e-02;1.564742e-01;6.925222e-02;3.065202e-02;5.165079e-02;1.998845e-01;1.207500e-01;6.286202e-02;3.639317e-02;1.198928e-01;3.551104e-02
7.106382e-02;3.589205e-02;2.072187e-01;3.913024e-02;3.903339e-02;3.525345e-02;2.743334e-01;9.586765e-02;6.807079e-02;5.393885e-02;5.286421e-02;2.733346e-02
5.368024e-02;2.791878e-02;2.183485e-01;2.209698e-02;5.185032e-02;5.952623e-02;2.913180e-01;8.449725e-02;3.618679e-02;8.215528e-02;4.142477e-02;3.099683e-02
3.501294e-02;4.304381e-02;1.930532e-01;2.689292e-02;6.993953e-02;1.148391e-01;2.480448e-01;5.898299e-02;4.273217e-02;7.521796e-02;3.991505e-02;5.232551e-02
3.491622e-02;5.434782e-02;1.601639e-01;5.214231e-02;8.059447e-02;1.371962e-01;2.066675e-01;6.673998e-02;5.709084e-02;4.474882e-02;4.094095e-02;6.445108e-02
4.936029e-02;7.010192e-02;2.282579e-01;7.795183e-02;6.611899e-02;1.213524e-01;1.425567e-01;6.983744e-02;5.205414e-02;2.583842e-02;2.826262e-02;6.830736e-02
4.136047e-02;1.239827e-01;3.556702e-01;8.368304e-02;3.139812e-02;8.174238e-02;4.072095e-02;3.931761e-02;4.386621e-02;5.634922e-02;4.015544e-02;6.175371e-02
3.771836e-02;1.179683e-01;3.428901e-01;9.580923e-02;2.731068e-02;4.664833e-02;5.170120e-02;6.603938e-02;6.846982e-02;6.838262e-02;3.883701e-02;3.822495e-02
3.924467e-02;9.194522e-02;3.294556e-01;1.067442e-01;5.050150e-02;4.499508e-02;8.890440e-02;5.786734e-02;4.320942e-02;7.413502e-02;3.688803e-02;3.610946e-02
4.535504e-02;5.404099e-02;3.087757e-01;6.551365e-02;7.510730e-02;3.790761e-02;1.250228e-01;3.044503e-02;4.102637e-02;8.949772e-02;7.146040e-02;5.584739e-02
3.803925e-02;4.130751e-02;2.145017e-01;5.743573e-02;4.278846e-02;4.062146e-02;2.332892e-01;5.210045e-02;5.553629e-02;7.985398e-02;9.374966e-02;5.077626e-02
4.947354e-02;3.390093e-02;2.009668e-01;6.552836e-02;5.847720e-02;5.872718e-02;2.597344e-01;6.575088e-02;6.734654e-02;5.884585e-02;5.176961e-02;2.947867e-02
3.970813e-02;3.552964e-02;1.215902e-01;6.936986e-02;8.340408e-02;8.063377e-02;2.516365e-01;6.067148e-02;9.487417e-02;6.299371e-02;6.186748e-02;3.772103e-02
2.678090e-02;5.038323e-02;6.485634e-02;7.159382e-02;8.394720e-02;7.463887e-02;2.255125e-01;5.397356e-02;8.616384e-02;9.440304e-02;1.292321e-01;3.851463e-02
5.762964e-02;3.810100e-02;6.045433e-02;4.191714e-02;3.577878e-02;4.024966e-02;1.700756e-01;7.746271e-02;7.606327e-02;1.140185e-01;1.457402e-01;1.425092e-01
9.402863e-02;7.641725e-02;6.131899e-02;3.075821e-02;2.170041e-02;2.668196e-02;1.528320e-01;9.067162e-02;5.382990e-02;9.926295e-02;1.007179e-01;1.917802e-01
1.295784e-01;9.532087e-02;7.630570e-02;2.241237e-02;3.779236e-02;3.642181e-02;1.652544e-01;8.982776e-02;3.881169e-02;6.723582e-02;9.117267e-02;1.498662e-01
1.209679e-01;5.243537e-02;1.083841e-01;4.974346e-02;3.807541e-02;6.230650e-02;1.923106e-01;1.038956e-01;6.026819e-02;5.415345e-02;8.448339e-02;7.297618e-02
7.557808e-02;4.803446e-02;6.104847e-02;6.431046e-02;2.620185e-02;4.231992e-02;1.270463e-01;1.251751e-01;8.224060e-02;7.803366e-02;1.357083e-01;1.343028e-01
1.459303e-01;5.745666e-02;8.039279e-02;3.869935e-02;4.089854e-02;3.862505e-02;5.667371e-02;9.025547e-02;7.134589e-02;9.340911e-02;1.887306e-01;9.758258e-02
1.256913e-01;8.545499e-02;8.401695e-02;2.747664e-02;6.274838e-02;5.815142e-02;5.403249e-02;6.020383e-02;8.422205e-02;1.002437e-01;1.785958e-01;7.916247e-02
9.025472e-02;8.923595e-02;1.129208e-01;3.872363e-02;8.556034e-02;7.367678e-02;7.155100e-02;5.279573e-02;9.622256e-02;8.399044e-02;1.150135e-01;9.005451e-02
1.156834e-01;8.600476e-02;1.433391e-01;7.557873e-02;8.895428e-02;8.662210e-02;7.070097e-02;4.570770e-02;5.988518e-02;6.465209e-02;9.516273e-02;6.770892e-02
9.479868e-02;8.522506e-02;1.073951e-01;9.369574e-02;9.843548e-02;6.851655e-02;1.162220e-01;6.093749e-02;6.902025e-02;7.077485e-02;8.625768e-02;4.872116e-02
9.089354e-02;6.888273e-02;9.181232e-02;8.905800e-02;1.205085e-01;5.184401e-02;1.347864e-01;9.729765e-02;6.935805e-02;6.875568e-02;6.724387e-02;4.955929e-02
