5.865431e-02;8.270755e-02;1.780602e-01;5.064028e-02;7.028877e-02;9.071249e-02;2.114403e-01;8.998135e-02;5.073318e-02;5.113370e-02;3.797322e-02;2.767466e-02
4.380156e-02;6.204861e-02;2.461401e-01;7.275046e-02;8.096658e-02;8.245859e-02;1.864976e-01;7.116093e-02;5.009007e-02;5.443983e-02;2.968486e-02;1.996070e-02
5.011903e-02;6.320491e-02;2.938615e-01;1.060053e-01;8.058313e-02;6.368514e-02;1.351375e-01;5.438343e-02;4.344348e-02;5.114671e-02;4.006584e-02;1.836403e-02
4.041473e-02;5.364733e-02;3.231269e-01;1.586979e-01;9.673711e-02;5.132551e-02;1.014222e-01;4.500199e-02;2.924405e-02;3.558455e-02;5.049083e-02;1.430690e-02
1.917989e-02;3.271141e-02;4.311381e-01;1.722699e-01;9.648988e-02;3.558179e-02;5.361114e-02;4.060550e-02;1.939848e-02;3.029896e-02;5.868612e-02;1.002886e-02
2.715091e-02;3.999474e-02;5.446813e-01;1.096781e-01;6.150813e-02;1.917135e-02;2.748499e-02;3.900994e-02;2.379193e-02;4.672769e-02;5.505152e-02;5.749420e-03
5.015259e-02;9.494097e-02;5.303440e-01;5.849908e-02;4.653523e-02;1.782061e-02;2.639754e-02;3.165267e-02;3.826657e-02;4.732504e-02;5.020865e-02;7.857102e-03
8.940201e-02;1.272767e-01;4.809809e-01;3.937636e-02;4.021623e-02;2.567182e-02;3.733881e-02;3.390406e-02;4.376377e-02;3.130928e-02;3.998030e-02;1.077973e-02
1.310151e-01;1.109129e-01;4.353341e-01;4.874466e-02;5.670566e-02;2.749822e-02;3.975241e-02;4.345594e-02;3.647003e-02;1.471541e-02;4.170908e-02;1.368660e-02
1.778422e-01;8.980678e-02;2.863983e-01;5.456590e-02;7.962632e-02;3.618251e-02;5.482775e-02;7.585134e-02;4.211687e-02;2.631638e-02;5.129594e-02;2.516975e-02
1.430311e-01;1.348182e-01;2.483530e-01;3.812930e-02;7.836081e-02;4.665133e-02;3.884738e-02;7.871396e-02;9.043198e-02;3.934024e-02;3.542367e-02;2.789915e-02
5.258874e-02;1.041394e-01;3.872918e-01;6.224711e-02;7.108540e-02;3.885269e-02;5.639466e-02;5.441876e-02;8.661420e-02;4.190623e-02;2.150974e-02;2.295129e-02
2.457099e-02;5.841681e-02;3.268518e-01;1.068391e-01;1.507350e-01;6.231282e-02;9.866896e-02;4.468067e-02;5.361596e-02;3.356460e-02;1.911778e-02;2.062557e-02
2.030488e-02;2.513788e-02;1.257672e-01;1.035350e-01;2.854999e-01;1.339858e-01;1.330300e-01;4.428930e-02;5.386112e-02;1.927736e-02;1.491017e-02;4.040135e-02
1.801874e-02;6.151858e-03;4.977518e-02;6.305128e-02;4.165660e-01;1.817429e-01;8.891809e-02;3.033812e-02;5.483928e-02;1.895114e-02;1.632092e-02;5.532653e-02
1.318554e-02;6.732661e-03;5.586383e-02;1.199328e-01;4.650639e-01;1.542670e-01;4.359280e-02;1.541825e-02;2.230076e-02;2.937371e-02;1.341215e-02;6.085658e-02
1.039310e-02;1.071108e-02;1.084020e-01;2.300720e-01;3.761898e-01;8.210614e-02;2.586774e-02;1.851510e-02;1.417217e-02;5.142839e-02;1.669115e-02;5.545131e-02
1.171440e-02;2.452164e-02;1.947597e-01;2.639326e-01;2.363080e-01;3.890840e-02;6.035982e-02;2.274205e-02;2.342305e-02;6.287058e-02;1.545714e-02;4.500268e-02
1.570376e-02;4.316065e-02;2.139340e-01;2.337875e-01;1.731490e-01;4.742649e-02;1.069410e-01;2.613439e-02;3.421252e-02;5.053936e-02;1.902430e-02;3.598711e-02
3.951706e-02;5.350848e-02;1.778724e-01;1.940801e-01;2.060882e-01;8.005596e-02;9.865816e-02;2.575436e-02;2.303866e-02;3.136200e-02;3.198709e-02;3.807750e-02
3.244974e-02;3.055074e-02;1.329550e-01;1.746304e-01;2.718857e-01;7.545440e-02;7.190032e-02;3.355264e-02;2.489668e-02;4.435122e-02;4.873278e-02;5.864028e-02
1.467158e-02;1.070371e-02;1.891068e-01;1.873038e-01;2.751952e-01;6.928903e-02;3.924835e-02;2.913726e-02;2.638161e-02;5.656752e-02;5.260159e-02;4.979345e-02
1.339864e-02;1.742152e-02;2.212147e-01;2.276608e-01;1.797284e-01;7.753636e-02;6.967621e-02;3.404883e-02;2.853080e-02;4.901186e-02;4.144586e-02;4.032601e-02
9.702959e-03;1.722944e-02;1.662466e-01;2.097640e-01;2.196719e-01;6.191467e-02;1.010121e-01;4.782590e-02;2.825373e-02;3.852132e-02;3.497019e-02;6.488714e-02
4.153791e-02;2.854674e-02;1.186482e-01;1.345730e-01;2.469492e-01;6.229496e-02;9.250635e-02;7.437380e-02;5.037190e-02;4.669212e-02;3.374998e-02;6.975579e-02
7.987681e-02;3.485098e-02;1.045091e-01;8.929759e-02;1.006468e-01;9.488647e-02;2.424322e-01;7.107440e-02;6.991661e-02;5.137055e-02;3.447686e-02;2.666156e-02
8.545730e-02;2.299859e-02;1.042889e-01;4.587089e-02;1.318071e-01;1.437140e-01;2.365655e-01;5.007396e-02;8.010034e-02;3.418031e-02;1.903345e-02;4.590965e-02
7.994687e-02;1.385653e-02;1.016999e-01;2.916521e-02;1.724733e-01;1.668622e-01;1.773433e-01;2.552807e-02;1.355924e-01;1.507862e-02;7.929837e-03;7.452375e-02
6.060819e-02;1.026639e-02;1.050656e-01;2.168180e-02;2.042526e-01;1.330684e-01;1.028909e-01;1.868194e-02;1.956936e-01;8.405210e-03;5.667621e-03;1.337178e-01
3.395326e-02;5.632156e-03;8.813449e-02;3.884032e-02;2.479727e-01;6.568570e-02;8.590071e-02;1.329862e-02;1.997522e-01;8.468105e-03;6.982248e-03;2.053795e-01
1.617175e-02;1.215986e-02;9.238645e-02;4.378048e-02;2.769325e-01;2.470945e-02;1.146431e-01;1.003968e-02;1.403258e-01;1.473510e-02;6.183750e-03;2.479320e-01
1.411410e-02;2.103082e-02;1.020521e-01;3.751031e-02;2.664354e-01;2.954919e-02;1.260494e-01;1.080134e-02;1.162942e-01;1.331046e-02;7.599760e-03;2.552529e-01
2.481132e-02;6.800214e-02;1.057848e-01;6.052860e-02;2.160784e-01;3.018398e-02;1.037599e-01;1.501948e-02;1.023960e-01;2.584541e-02;2.064761e-02;2.269423e-01
4.606804e-02;1.407628e-01;1.233015e-01;8.300610e-02;1.505001e-01;2.596113e-02;9.788890e-02;2.469637e-02;6.430706e-02;6.145106e-02;1.859603e-02;1.634608e-01
4.514663e-02;1.570237e-01;9.263730e-02;9.046862e-02;1.345699e-01;6.145602e-02;1.097087e-01;3.973952e-02;7.807892e-02;8.761121e-02;1.434022e-02;8.921935e-02
2.653489e-02;8.837907e-02;1.229584e-01;6.566977e-02;1.885868e-01;9.751778e-02;8.637982e-02;3.419896e-02;1.095230e-01;7.965416e-02;1.662862e-02;8.396871e-02
5.687021e-02;3.365264e-02;1.660180e-01;3.391502e-02;2.020094e-01;1.014648e-01;6.841299e-02;2.284063e-02;1.249083e-01;5.007414e-02;1.301164e-02;1.268222e-01
1.859727e-01;2.779168e-02;1.959078e-01;2.197915e-02;1.558728e-01;8.855120e-02;3.463030e-02;1.625077e-02;9.388430e-02;3.167056e-02;1.269321e-02;1.347955e-01
4.143222e-01;3.382279e-02;1.418038e-01;1.724492e-02;8.391562e-02;7.413921e-02;3.117993e-02;1.973609e-02;4.776792e-02;4.965854e-02;6.953495e-03;7.945553e-02
5.356036e-01;2.480204e-02;6.417496e-02;1.185175e-02;4.582579e-02;1.075989e-01;3.551900e-02;3.323012e-02;2.856360e-02;7.443760e-02;2.310828e-03;3.608188e-02
5.681070e-01;1.415833e-02;2.734545e-02;1.315881e-02;3.104172e-02;1.437436e-01;2.890844e-02;4.130055e-02;2.272181e-02;9.056246e-02;3.168652e-03;1.578319e-02
4.544688e-01;1.957086e-02;3.127603e-02;1.828431e-02;7.146116e-02;1.599283e-01;2.813964e-02;3.119128e-02;5.006081e-02;8.604800e-02;5.135833e-03;4.443489e-02
2.449798e-01;2.208026e-02;9.135420e-02;1.588869e-02;1.116723e-01;1.762391e-01;3.429458e-02;1.384120e-02;1.075721e-01;6.602044e-02;9.760446e-03;1.062969e-01
1.722432e-01;2.097119e-02;1.452313e-01;9.395661e-03;1.487518e-01;1.201545e-01;2.748377e-02;8.864348e-03;1.678437e-01;3.120001e-02;7.799084e-03;1.400615e-01
8.367735e-02;1.533183e-02;1.786219e-01;1.018628e-02;1.803221e-01;7.024110e-02;2.012050e-02;1.010246e-02;2.087869e-01;1.791895e-02;7.133408e-03;1.975573e-01
4.089534e-02;1.744653e-02;2.268743e-01;6.869846e-03;1.765642e-01;4.101830e-02;2.167310e-02;9.665559e-03;2.150299e-01;1.550674e-02;4.729805e-03;2.237264e-01
6.195071e-02;1.374208e-02;2.529001e-01;9.367979e-03;1.478790e-01;4.281113e-02;2.395490e-02;6.697869e-03;1.646328e-01;2.443516e-02;5.768475e-03;2.458598e-01
6.988211e-02;2.091257e-02;2.164807e-01;1.260706e-02;1.412921e-01;6.127255e-02;3.320851e-02;7.540970e-03;9.760921e-02;3.023380e-02;1.513745e-02;2.938229e-01
5.588892e-02;4.745042e-02;1.943515e-01;3.166512e-02;1.502542e-01;7.295391e-02;5.400864e-02;1.127683e-02;7.102469e-02;2.658441e-02;6.557271e-03;2.779840e-01
7.358856e-02;8.508082e-02;2.331281e-01;4.599744e-02;1.097982e-01;7.730866e-02;6.705733e-02;2.414441e-02;6.420170e-02;4.387241e-02;1.785190e-02;1.579704e-01
1.251228e-01;9.185932e-02;2.188688e-01;4.883656e-02;1.166160e-01;7.972453e-02;6.006116e-02;3.631533e-02;4.994409e-02;5.043982e-02;2.169976e-02;1.005118e-01
1.736327e-01;4.954043e-02;2.235495e-01;4.336311e-02;1.224757e-01;6.236694e-02;4.040241e-02;2.648164e-02;6.063664e-02;5.096180e-02;3.332879e-02;1.132603e-01
1.476700e-01;8.262619e-02;2.446313e-01;2.951434e-02;1.268869e-01;4.948853e-02;4.527011e-02;2.645901e-02;9.823056e-02;5.102782e-02;2.861303e-02;6.958225e-02
9.610783e-02;8.943890e-02;2.761711e-01;2.919005e-02;1.411222e-01;4.834046e-02;3.247795e-02;3.240225e-02;7.814296e-02;3.777126e-02;1.688599e-02;1.219491e-01
8.181456e-02;8.651629e-02;2.220436e-01;5.140446e-02;1.605003e-01;5.986322e-02;3.185637e-02;3.023655e-02;6.009568e-02;3.612471e-02;2.481178e-02;1.547324e-01
6.970000e-02;1.032859e-01;1.232429e-01;8.054345e-02;1.829770e-01;5.781515e-02;1.888312e-02;2.998455e-02;5.032200e-02;6.597842e-02;3.533133e-02;1.819362e-01
9.799721e-02;1.032019e-01;1.286249e-01;1.055413e-01;1.905003e-01;3.625109e-02;1.572878e-02;2.151604e-02;3.680744e-02;8.515813e-02;3.212238e-02;1.465505e-01
1.095855e-01;7.722658e-02;2.267973e-01;1.262278e-01;1.603183e-01;4.464238e-02;1.868217e-02;2.219543e-02;3.474011e-02;8.070437e-02;2.977335e-02;6.910662e-02
1.061075e-01;4.520055e-02;3.779899e-01;1.053640e-01;1.121831e-01;5.416665e-02;1.544033e-02;2.115735e-02;3.188698e-02;5.579337e-02;3.703002e-02;3.768026e-02
1.130265e-01;5.364815e-02;3.959859e-01;5.726969e-02;9.539086e-02;6.208775e-02;2.750775e-02;2.027686e-02;3.052817e-02;4.683402e-02;4.533951e-02;5.210484e-02
1.224370e-01;8.180545e-02;3.191496e-01;1.838872e-02;1.021577e-01;8.058015e-02;2.074127e-02;2.858436e-02;4.731331e-02;5.149241e-02;4.877454e-02;7.857546e-02
1.463467e-01;7.136173e-02;2.816999e-01;4.163901e-02;1.031691e-01;6.995670e-02;2.971824e-02;3.421720e-02;3.671772e-02;4.744334e-02;4.533692e-02;9.239341e-02
1.859687e-01;8.657531e-02;1.859135e-01;5.543029e-02;1.272625e-01;5.135218e-02;3.852891e-02;2.815710e-02;2.309427e-02;5.142580e-02;3.083253e-02;1.354589e-01
1.463279e-01;1.062760e-01;2.499676e-01;4.686098e-02;1.019115e-01;3.736558e-02;3.925885e-02;2.773327e-02;5.337274e-02;2.546275e-02;2.419846e-02;1.412643e-01
9.057426e-02;8.177707e-02;3.418502e-01;2.377077e-02;5.309312e-02;4.724408e-02;4.177537e-02;2.559234e-02;8.080452e-02;4.152052e-02;2.731636e-02;1.446814e-01
5.738080e-02;5.212079e-02;3.798352e-01;7.019520e-02;7.372352e-02;4.773074e-02;3.092149e-02;2.359528e-02;5.749816e-02;6.686486e-02;3.024585e-02;1.098882e-01
3.416865e-02;5.041181e-02;2.670697e-01;1.454825e-01;1.349045e-01;5.311132e-02;4.702746e-02;4.575816e-02;3.102401e-02;7.846837e-02;3.325943e-02;7.931399e-02
2.140664e-02;5.645534e-02;1.479266e-01;1.931187e-01;2.042601e-01;5.403949e-02;4.325189e-02;4.806275e-02;2.431365e-02;9.077110e-02;3.599520e-02;8.039860e-02
2.259263e-02;7.034196e-02;8.831619e-02;2.270255e-01;2.331795e-01;4.806558e-02;2.410407e-02;4.024721e-02;1.427916e-02;7.968684e-02;4.275937e-02;1.094020e-01
2.914591e-02;6.059881e-02;1.787512e-01;2.541653e-01;1.717083e-01;4.175311e-02;7.797421e-03;4.028677e-02;2.285530e-02;5.024198e-02;7.318413e-02;6.951173e-02
4.591700e-02;4.054135e-02;2.747876e-01;2.463897e-01;1.130721e-01;3.439832e-02;9.639419e-03;2.704710e-02;4.672700e-02;3.736687e-02;9.740926e-02;2.670432e-02
6.099282e-02;3.559351e-02;2.980430e-01;1.872018e-01;8.780079e-02;3.692916e-02;3.082318e-02;2.120781e-02;5.922685e-02;5.725545e-02;1.125989e-01;1.232676e-02
6.443277e-02;5.416408e-02;2.688513e-01;1.097807e-01;9.445278e-02;3.838574e-02;4.228988e-02;3.609832e-02;8.656629e-02;8.326484e-02;1.083715e-01;1.334188e-02
7.255574e-02;7.686726e-02;3.273929e-01;5.615203e-02;1.087880e-01;3.425048e-02;2.759097e-02;4.204556e-02;8.409220e-02;5.371119e-02;9.054703e-02;2.600670e-02
7.597199e-02;6.230302e-02;2.985151e-01;1.224239e-01;1.257287e-01;2.234190e-02;3.142343e-02;3.807570e-02;4.663460e-02;3.186844e-02;9.306393e-02;5.164943e-02
6.814874e-02;5.371824e-02;2.047719e-01;1.783321e-01;1.194680e-01;2.421739e-02;3.202318e-02;5.048811e-02;3.114345e-02;4.998575e-02;1.031217e-01;8.458146e-02
9.563977e-02;6.871885e-02;1.871188e-01;9.972641e-02;1.304181e-01;3.873400e-02;3.686721e-02;6.403561e-02;5.500465e-02;7.923602e-02;7.996296e-02;6.453767e-02
5.572935e-02;5.620171e-02;2.589522e-01;1.050025e-01;1.035013e-01;4.835908e-02;4.721297e-02;5.987497e-02;5.078009e-02;1.072335e-01;8.375616e-02;2.339624e-02
2.161133e-02;3.495079e-02;1.952059e-01;1.836727e-01;1.064291e-01;5.411365e-02;5.149245e-02;6.450180e-02;2.995757e-02;9.939123e-02;1.349028e-01;2.377075e-02
1.174622e-02;3.509093e-02;1.364100e-01;2.451118e-01;9.811548e-02;4.447580e-02;3.995421e-02;9.788892e-02;2.297082e-02;6.458510e-02;1.820197e-01;2.163100e-02
1.361456e-02;3.380919e-02;1.059311e-01;3.181328e-01;7.589858e-02;3.868616e-02;2.246096e-02;1.218807e-01;1.377152e-02;2.831394e-02;2.121781e-01;1.532234e-02
8.800693e-03;2.063346e-02;1.418177e-01;3.377717e-01;6.949484e-02;3.598734e-02;1.929196e-02;9.193421e-02;1.388105e-02;2.186058e-02;2.186357e-01;1.989077e-02
1.682150e-02;1.437961e-02;2.370767e-01;2.979108e-01;5.622881e-02;3.050081e-02;1.790402e-02;4.249732e-02;1.052747e-02;3.970141e-02;2.277240e-01;8.727406e-03
3.931728e-02;4.029071e-02;3.182525e-01;1.766243e-01;4.475310e-02;2.051838e-02;3.107971e-02;2.608938e-02;1.296368e-02;6.383578e-02;2.178465e-01;8.428544e-03
5.321390e-02;6.666467e-02;2.960055e-01;7.557609e-02;6.109522e-02;2.261713e-02;5.856188e-02;6.746802e-02;2.129183e-02;5.552065e-02;2.053822e-01;1.660294e-02
3.753459e-02;6.431407e-02;2.011761e-01;1.102596e-01;8.659364e-02;3.715265e-02;7.765515e-02;1.168077e-01;1.867893e-02;3.346466e-02;2.038726e-01;1.249022e-02
1.719745e-02;3.377692e-02;2.604435e-01;1.249436e-01;8.333378e-02;4.027556e-02;6.186736e-02;1.351690e-01;1.796280e-02;2.261405e-02;1.737828e-01;2.863317e-02
3.252516e-02;3.129853e-02;2.802684e-01;1.109062e-01;6.668726e-02;4.701420e-02;8.161791e-02;1.195868e-01;2.942673e-02;3.840375e-02;1.365430e-01;2.572200e-02
6.812928e-02;7.707465e-02;3.182487e-01;6.071366e-02;5.597138e-02;3.988317e-02;7.673740e-02;1.090687e-01;2.507582e-02;4.153785e-02;1.038272e-01;2.373214e-02
8.004402e-02;9.178747e-02;3.096136e-01;5.362348e-02;4.557640e-02;4.410129e-02;6.528059e-02;1.041734e-01;2.389195e-02;4.423063e-02;1.135808e-01;2.409636e-02
5.839811e-02;5.054742e-02;2.517442e-01;1.367724e-01;5.830471e-02;4.965552e-02;5.940611e-02;8.757494e-02;3.371996e-02;6.419175e-02;1.334880e-01;1.619691e-02
4.272998e-02;4.603136e-02;1.446458e-01;2.066504e-01;9.502780e-02;5.009958e-02;7.432281e-02;9.371784e-02;4.185367e-02;5.758655e-02;1.278981e-01;1.943617e-02
3.809376e-02;5.982793e-02;7.110507e-02;1.364771e-01;9.769082e-02;6.658261e-02;1.662672e-01;1.122978e-01;7.872406e-02;4.770913e-02;8.850861e-02;3.671584e-02
6.639547e-02;4.961016e-02;7.744106e-02;6.194888e-02;1.035483e-01;9.895234e-02;2.414047e-01;8.749810e-02;6.792405e-02;5.045478e-02;4.476828e-02;5.005385e-02
6.104785e-02;3.125349e-02;1.039015e-01;4.715801e-02;1.210987e-01;9.562325e-02;2.243978e-01;7.500150e-02;5.484927e-02;5.137634e-02;7.159027e-02;6.270197e-02
3.972318e-02;3.706777e-02;1.562027e-01;1.080764e-01;1.095953e-01;6.745931e-02;1.386966e-01;7.343978e-02;4.288605e-02;4.333197e-02;1.447418e-01;3.877920e-02
2.665765e-02;3.092313e-02;2.781633e-01;1.546333e-01;4.690047e-02;3.545216e-02;7.525614e-02;5.309776e-02;3.333718e-02;6.469989e-02;1.839291e-01;1.694992e-02
3.681492e-02;2.463745e-02;3.952841e-01;1.056164e-01;3.488609e-02;2.172143e-02;7.368488e-02;1.959297e-02;2.734533e-02;1.040849e-01;1.452395e-01;1.109196e-02
3.309937e-02;5.291147e-02;4.968665e-01;4.391663e-02;3.214544e-02;1.095466e-02;8.754136e-02;1.356807e-02;1.142904e-02;1.128114e-01;9.340025e-02;1.135588e-02
4.090727e-02;7.928566e-02;4.725784e-01;8.459052e-02;1.787666e-02;2.092875e-02;8.907299e-02;2.635372e-02;1.138354e-02;8.639136e-02;5.963084e-02;1.100022e-02
4.212521e-02;7.753881e-02;3.250678e-01;1.860548e-01;4.212284e-02;4.131155e-02;6.047829e-02;4.295940e-02;1.410746e-02;5.133244e-02;1.023079e-01;1.459350e-02
3.134446e-02;5.706577e-02;2.163682e-01;2.708608e-01;6.474360e-02;5.621786e-02;3.199867e-02;5.209607e-02;1.312342e-02;2.835315e-02;1.574811e-01;2.034688e-02
1.806613e-02;2.429689e-02;2.696435e-01;2.709346e-01;7.301450e-02;5.169652e-02;2.481614e-02;3.872409e-02;7.633349e-03;2.609755e-02;1.708140e-01;2.426274e-02
1.367459e-02;2.403578e-02;3.707125e-01;2.187240e-01;6.928661e-02;3.762943e-02;4.024376e-02;2.592032e-02;1.308089e-02;3.964187e-02;1.396726e-01;7.377574e-03
3.094066e-02;4.473559e-02;4.553993e-01;1.332221e-01;5.007680e-02;3.024483e-02;6.012120e-02;2.117634e-02;1.794283e-02;4.201197e-02;9.378070e-02;2.034774e-02
6.427786e-02;8.619682e-02;3.911577e-01;8.664834e-02;4.910959e-02;5.040428e-02;8.212508e-02;2.315590e-02;2.641773e-02;3.160699e-02;7.840608e-02;3.049365e-02
9.576349e-02;1.124851e-01;3.619565e-01;8.374075e-02;5.791974e-02;4.988351e-02;5.907078e-02;1.891521e-02;2.896161e-02;2.938204e-02;7.269114e-02;2.923012e-02
9.015711e-02;9.820003e-02;2.740944e-01;1.009495e-01;7.141216e-02;4.128730e-02;7.536846e-02;4.627017e-02;2.703744e-02;5.096304e-02;8.288332e-02;4.137710e-02
5.474323e-02;6.083145e-02;2.755589e-01;9.645066e-02;7.796754e-02;3.378752e-02;9.649748e-02;6.791665e-02;3.233572e-02;7.314204e-02;9.013183e-02;4.063703e-02
4.978925e-02;2.840853e-02;3.126492e-01;8.879972e-02;6.631764e-02;3.383182e-02;1.047457e-01;6.258443e-02;4.646286e-02;7.848386e-02;9.276901e-02;3.515810e-02
5.647734e-02;3.438580e-02;3.459325e-01;7.747700e-02;5.025928e-02;4.047567e-02;8.284757e-02;4.639978e-02;4.079085e-02;6.884334e-02;1.007781e-01;5.533276e-02
7.598302e-02;4.474349e-02;3.593723e-01;7.067017e-02;5.752621e-02;5.213467e-02;6.449725e-02;3.187485e-02;3.527326e-02;6.155121e-02;8.251834e-02;6.385519e-02
7.677518e-02;6.080692e-02;3.335875e-01;7.090572e-02;7.029443e-02;6.459092e-02;6.889090e-02;4.473009e-02;2.698909e-02;6.402370e-02;6.377134e-02;5.463418e-02
6.772580e-02;4.892890e-02;2.455576e-01;1.351878e-01;7.579268e-02;6.565217e-02;7.711612e-02;7.842871e-02;1.805037e-02;8.955748e-02;5.954919e-02;3.845315e-02
6.034121e-02;2.874845e-02;3.107788e-01;1.483147e-01;6.173949e-02;4.605285e-02;6.865972e-02;8.800477e-02;2.554802e-02;6.672639e-02;6.053807e-02;3.454763e-02
7.878569e-02;4.514423e-02;3.830484e-01;9.205721e-02;5.792590e-02;4.169974e-02;5.710492e-02;9.508038e-02;3.914800e-02;4.612701e-02;3.310980e-02;3.076873e-02
8.017552e-02;5.935918e-02;3.068177e-01;1.154791e-01;5.646693e-02;4.728410e-02;5.849111e-02;7.601994e-02;4.963777e-02;4.974020e-02;3.430296e-02;6.622547e-02
5.304619e-02;5.548422e-02;2.825237e-01;1.354496e-01;5.976780e-02;4.357552e-02;9.626255e-02;7.247210e-02;6.398711e-02;4.093592e-02;3.325572e-02;6.323952e-02
3.996280e-02;5.640241e-02;2.776777e-01;1.465426e-01;6.382779e-02;4.897007e-02;1.090833e-01;7.914538e-02;7.043833e-02;2.307681e-02;5.514397e-02;2.972883e-02
7.263908e-02;5.406884e-02;2.624206e-01;1.380402e-01;6.678713e-02;5.899489e-02;1.285288e-01;5.852473e-02;5.818027e-02;3.659543e-02;4.899921e-02;1.622076e-02
9.448239e-02;5.244608e-02;2.246397e-01;1.357674e-01;7.758326e-02;5.598051e-02;1.331881e-01;6.158022e-02;4.469072e-02;5.423019e-02;3.848870e-02;2.692270e-02
8.832335e-02;7.379152e-02;2.347061e-01;9.624596e-02;7.219903e-02;5.480126e-02;1.695218e-01;3.911618e-02;4.685581e-02;6.154265e-02;4.083163e-02;2.206472e-02
7.295818e-02;5.840674e-02;2.820482e-01;1.208270e-01;8.102137e-02;4.376650e-02;1.263394e-01;2.404797e-02;5.689846e-02;8.072601e-02;3.712522e-02;1.583495e-02
6.166093e-02;2.872249e-02;3.510690e-01;1.127867e-01;9.919670e-02;3.565736e-02;8.927334e-02;2.005566e-02;5.448557e-02;1.078037e-01;3.041111e-02;8.877518e-03
6.136162e-02;7.430363e-02;3.591619e-01;6.833512e-02;9.454858e-02;6.505032e-02;5.571581e-02;3.055513e-02;5.844241e-02;1.076893e-01;1.785767e-02;6.978510e-03
1.061801e-01;1.790909e-01;2.672835e-01;4.018648e-02;6.247837e-02;1.120075e-01;3.056290e-02;3.103025e-02;8.777090e-02;6.508853e-02;7.754776e-03;1.056579e-02
1.726136e-01;2.510598e-01;1.819188e-01;2.916986e-02;3.597843e-02;8.546160e-02;7.942546e-02;2.088642e-02;7.468203e-02;5.342085e-02;8.293021e-03;7.090099e-03
2.570156e-01;2.331681e-01;1.112918e-01;1.716272e-02;5.816616e-02;2.566437e-02;1.224069e-01;5.705982e-02;3.781573e-02;5.671741e-02;1.186277e-02;1.166854e-02
3.311831e-01;1.827569e-01;8.183895e-02;1.413933e-02;7.285631e-02;2.865726e-02;8.845256e-02;1.057315e-01;3.561534e-02;3.014125e-02;1.114435e-02;1.748311e-02
3.690935e-01;1.435826e-01;7.074980e-02;1.389337e-02;6.034220e-02;6.007443e-02;2.970012e-02;1.468190e-01;6.107699e-02;1.084212e-02;8.803505e-03;2.502231e-02
3.399271e-01;1.030929e-01;9.472789e-02;1.273066e-02;8.355944e-02;5.199560e-02;2.007263e-02;1.813637e-01;6.290651e-02;1.461777e-02;1.009202e-02;2.491381e-02
2.889591e-01;6.811555e-02;1.391690e-01;1.804012e-02;1.537090e-01;1.914946e-02;2.085369e-02;1.879116e-01;4.758087e-02;1.868680e-02;1.845172e-02;1.937305e-02
2.215087e-01;5.857147e-02;1.719508e-01;1.638943e-02;1.652027e-01;1.837322e-02;4.297536e-02;1.643634e-01;7.187413e-02;2.628119e-02;2.904028e-02;1.346935e-02
1.749742e-01;7.759192e-02;1.886044e-01;1.329522e-02;1.047863e-01;1.640360e-02;6.558542e-02;1.577064e-01;1.000071e-01;5.506899e-02;3.852876e-02;7.447750e-03
1.912840e-01;9.109376e-02;1.381871e-01;1.645058e-02;5.701453e-02;1.972927e-02;9.776566e-02;1.567551e-01;9.472058e-02;7.433724e-02;4.445608e-02;1.820613e-02
1.586830e-01;7.577392e-02;9.501957e-02;2.853414e-02;8.324412e-02;2.277740e-02;1.348799e-01;1.601027e-01;7.865913e-02;7.888679e-02;4.612264e-02;3.731661e-02
1.975063e-01;8.751892e-02;9.432813e-02;2.403869e-02;9.433576e-02;3.365264e-02;1.256773e-01;1.313228e-01;8.213294e-02;5.725564e-02;3.485412e-02;3.737688e-02
2.658457e-01;1.015780e-01;9.167768e-02;1.483401e-02;6.600156e-02;5.694034e-02;7.716016e-02;1.238798e-01;7.020459e-02;5.261107e-02;4.898807e-02;3.027898e-02
2.952244e-01;1.097828e-01;7.665311e-02;1.266531e-02;7.682258e-02;6.746498e-02;3.814588e-02;1.398738e-01;3.039444e-02;4.871852e-02;7.424900e-02;3.000512e-02
3.149710e-01;1.174907e-01;9.117156e-02;1.482286e-02;7.833464e-02;5.073674e-02;3.802299e-02;8.899243e-02;5.485621e-02;3.793309e-02;7.893313e-02;3.373468e-02
2.761816e-01;1.306671e-01;1.122749e-01;1.819959e-02;8.390137e-02;4.421097e-02;5.745992e-02;7.323958e-02;7.290611e-02;3.976715e-02;6.548356e-02;2.570817e-02
1.966924e-01;1.340248e-01;8.834951e-02;2.409090e-02;9.850804e-02;4.310659e-02;7.433684e-02;1.435304e-01;6.781499e-02;5.155986e-02;6.173306e-02;1.625261e-02
1.017972e-01;1.028398e-01;1.119620e-01;5.099461e-02;9.700274e-02;3.396182e-02;6.007558e-02;1.955607e-01;8.132818e-02;8.213039e-02;6.239011e-02;1.995678e-02
1.011469e-01;6.755121e-02;1.188754e-01;6.965949e-02;6.260656e-02;4.765390e-02;7.270551e-02;1.596600e-01;9.612407e-02;1.211646e-01;5.902708e-02;2.382531e-02
1.268902e-01;5.031010e-02;9.651736e-02;4.787435e-02;1.021398e-01;6.427542e-02;6.437255e-02;1.169446e-01;5.926271e-02;1.780962e-01;6.686746e-02;2.644919e-02
1.350083e-01;6.420109e-02;4.772651e-02;2.730909e-02;1.670099e-01;6.102159e-02;6.129838e-02;1.236047e-01;3.587937e-02;1.727933e-01;7.550551e-02;2.864226e-02
1.553997e-01;7.870956e-02;5.974121e-02;5.122051e-02;1.582334e-01;4.359164e-02;8.071470e-02;1.151242e-01;4.625536e-02;1.270922e-01;6.062770e-02;2.328975e-02
1.872908e-01;9.216192e-02;6.384036e-02;8.423220e-02;1.279863e-01;3.831683e-02;7.681984e-02;9.594318e-02;5.896123e-02;1.054746e-01;4.818300e-02;2.078979e-02
2.073762e-01;7.710195e-02;1.324379e-01;9.536206e-02;6.289566e-02;3.630406e-02;1.314562e-01;6.482629e-02;5.878728e-02;7.505793e-02;3.294321e-02;2.545123e-02
2.241220e-01;8.363569e-02;1.321069e-01;7.627413e-02;6.016025e-02;3.381145e-02;1.629554e-01;5.052232e-02;6.789991e-02;5.367180e-02;3.315250e-02;2.168758e-02
2.353707e-01;1.153280e-01;7.745814e-02;4.233867e-02;6.781689e-02;4.714254e-02;1.475971e-01;5.734273e-02;8.918078e-02;6.167258e-02;4.089255e-02;1.785926e-02
2.132964e-01;9.264894e-02;8.683965e-02;2.295533e-02;8.246774e-02;5.689686e-02;1.054258e-01;9.586550e-02;1.030001e-01;7.914273e-02;3.991044e-02;2.155052e-02
1.953593e-01;6.980700e-02;6.960198e-02;5.049265e-02;8.455365e-02;3.873996e-02;8.803232e-02;1.584502e-01;1.048248e-01;7.315443e-02;4.240036e-02;2.458330e-02
1.688892e-01;7.414030e-02;7.095482e-02;5.149930e-02;6.435180e-02;2.553046e-02;1.331044e-01;1.875925e-01;8.269903e-02;6.320577e-02;5.110703e-02;2.692544e-02
1.598011e-01;3.834883e-02;6.884421e-02;4.917886e-02;8.739185e-02;2.902879e-02;1.484248e-01;1.633020e-01;1.130832e-01;6.382324e-02;4.916556e-02;2.960756e-02
1.469358e-01;5.996613e-02;9.424800e-02;5.992464e-02;1.097073e-01;4.200216e-02;1.081795e-01;1.113748e-01;1.276783e-01;5.984800e-02;4.439841e-02;3.573701e-02
1.040989e-01;1.069106e-01;1.684738e-01;6.749147e-02;1.040141e-01;4.921680e-02;1.002259e-01;7.228861e-02;1.006020e-01;6.531519e-02;3.405707e-02;2.730553e-02
9.986742e-02;1.462549e-01;1.775766e-01;4.014695e-02;8.176991e-02;4.729597e-02;1.039400e-01;5.049692e-02;1.082388e-01;8.068902e-02;3.129140e-02;3.243202e-02
1.348057e-01;1.769056e-01;1.068927e-01;4.961047e-02;7.077279e-02;5.420118e-02;7.704343e-02;6.189968e-02;1.113884e-01;7.728551e-02;4.798666e-02;3.120796e-02
1.028605e-01;1.720047e-01;1.266456e-01;6.428798e-02;6.454614e-02;5.617352e-02;9.061658e-02;5.964555e-02;9.948823e-02;6.291281e-02;6.849127e-02;3.232703e-02
