7.582819e-02;6.997538e-02;9.247730e-02;9.954078e-02;7.418705e-02;7.379251e-02;1.103390e-01;9.824125e-02;5.448285e-02;1.016007e-01;7.803055e-02;7.150440e-02
9.263641e-02;6.060654e-02;1.542392e-01;5.685647e-02;7.156315e-02;8.317072e-02;1.257544e-01;7.090888e-02;6.775506e-02;7.355104e-02;6.930799e-02;7.365011e-02
9.311696e-02;7.033291e-02;1.451361e-01;5.400882e-02;5.959513e-02;5.842720e-02;1.180312e-01;1.063984e-01;1.106387e-01;5.964348e-02;6.161411e-02;6.305704e-02
7.695056e-02;6.089668e-02;1.560097e-01;5.193643e-02;5.272257e-02;5.174990e-02;1.557500e-01;1.153917e-01;7.779641e-02;8.450612e-02;6.819312e-02;4.809678e-02
7.202623e-02;4.834605e-02;1.450788e-01;4.669739e-02;5.368363e-02;6.231991e-02;2.033218e-01;9.774860e-02;4.295301e-02;1.158763e-01;6.608913e-02;4.585924e-02
7.250841e-02;3.424036e-02;9.991112e-02;2.974143e-02;6.557894e-02;7.718771e-02;1.980539e-01;5.783316e-02;1.629644e-01;9.627341e-02;4.628821e-02;5.941889e-02
4.369087e-02;1.876975e-02;9.627429e-02;3.468043e-02;9.773396e-02;5.721337e-02;1.285803e-01;4.624353e-02;3.096912e-01;4.295785e-02;4.197656e-02;8.218777e-02
3.971740e-02;2.395673e-02;9.208995e-02;3.171408e-02;1.031298e-01;3.698741e-02;9.339327e-02;3.031836e-02;3.742748e-01;3.958891e-02;3.646344e-02;9.836577e-02
2.804328e-02;2.114215e-02;9.524336e-02;3.031102e-02;1.109919e-01;2.787771e-02;8.221808e-02;3.415675e-02;4.014302e-01;2.801809e-02;2.743801e-02;1.131296e-01
2.200291e-02;2.545657e-02;9.206129e-02;3.393743e-02;1.099099e-01;2.718513e-02;8.356882e-02;4.415208e-02;3.547702e-01;4.151023e-02;3.772430e-02;1.277212e-01
2.511301e-02;3.409719e-02;7.548191e-02;2.695773e-02;1.325199e-01;2.557807e-02;8.228590e-02;5.034865e-02;3.220060e-01;2.102572e-02;4.224982e-02;1.623362e-01
2.875191e-02;2.116205e-02;9.112828e-02;2.780716e-02;1.560148e-01;3.107773e-02;7.876018e-02;4.836234e-02;2.950949e-01;1.471295e-02;3.607834e-02;1.710493e-01
2.779061e-02;3.307084e-02;1.395843e-01;5.231678e-02;1.360996e-01;3.252742e-02;8.050108e-02;6.858677e-02;2.265263e-01;4.335355e-02;3.989953e-02;1.197432e-01
3.549356e-02;6.668054e-02;2.073337e-01;8.053198e-02;9.533194e-02;3.095919e-02;7.399257e-02;9.039591e-02;1.416623e-01;7.099513e-02;3.733652e-02;6.928664e-02
4.221411e-02;7.038074e-02;3.111089e-01;9.480426e-02;5.679214e-02;3.252314e-02;5.551757e-02;8.266179e-02;6.801383e-02;8.779155e-02;5.728288e-02;4.090900e-02
3.211024e-02;3.928234e-02;3.721828e-01;8.397236e-02;6.225336e-02;3.151342e-02;6.353285e-02;4.669835e-02;1.134632e-01;6.574562e-02;4.079516e-02;4.845022e-02
4.959776e-02;4.317544e-02;3.514404e-01;6.426064e-02;1.058521e-01;4.952065e-02;6.679182e-02;5.267709e-02;9.747642e-02;4.361229e-02;4.129985e-02;3.429554e-02
1.010694e-01;4.802968e-02;1.408949e-01;8.743708e-02;1.672839e-01;8.633626e-02;1.309584e-01;5.604754e-02;3.708161e-02;6.774934e-02;3.442286e-02;4.268907e-02
1.458478e-01;6.789075e-02;1.296706e-01;9.535139e-02;1.572808e-01;7.075817e-02;1.120907e-01;2.246154e-02;3.441883e-02;6.956743e-02;2.569578e-02;6.896611e-02
1.546413e-01;1.005352e-01;1.815386e-01;8.508919e-02;1.224019e-01;6.021447e-02;6.170697e-02;1.793917e-02;6.535970e-02;4.248121e-02;2.536078e-02;8.273160e-02
1.245688e-01;1.087321e-01;1.797614e-01;7.600184e-02;1.319252e-01;6.313446e-02;2.819807e-02;2.188095e-02;1.111186e-01;2.051450e-02;2.472146e-02;1.094425e-01
8.911579e-02;8.128305e-02;2.074386e-01;4.678541e-02;1.452072e-01;7.527080e-02;3.075149e-02;1.893530e-02;1.519491e-01;1.037141e-02;2.465403e-02;1.182377e-01
9.031358e-02;4.143358e-02;2.851250e-01;2.843958e-02;1.283708e-01;8.348276e-02;2.904652e-02;1.557302e-02;1.661681e-01;2.024659e-02;2.689252e-02;8.490793e-02
1.234306e-01;2.468612e-02;2.813776e-01;3.857835e-02;1.103493e-01;1.272718e-01;2.595873e-02;1.041512e-02;1.469245e-01;3.282286e-02;2.035163e-02;5.783336e-02
1.669326e-01;3.723741e-02;1.551332e-01;1.044121e-01;8.138227e-02;2.024517e-01;4.876793e-02;1.341625e-02;8.877698e-02;5.447782e-02;1.215858e-02;3.485319e-02
1.819704e-01;4.033798e-02;5.538218e-02;1.679233e-01;5.339266e-02;2.473245e-01;1.033623e-01;1.250770e-02;3.812721e-02;7.850798e-02;7.338568e-03;1.382533e-02
1.685319e-01;5.693722e-02;1.694057e-02;1.849772e-01;4.187218e-02;2.417356e-01;1.750284e-01;9.416902e-03;7.041873e-03;8.203235e-02;7.951315e-03;7.534532e-03
1.317296e-01;9.188756e-02;1.656765e-02;1.333485e-01;3.179703e-02;1.916083e-01;2.875101e-01;9.273485e-03;9.887012e-03;6.053625e-02;2.900397e-02;6.850652e-03
1.057515e-01;1.241328e-01;2.269470e-02;5.660266e-02;2.866820e-02;1.438445e-01;3.963965e-01;2.314234e-02;1.472817e-02;2.770092e-02;5.127719e-02;5.060459e-03
9.902006e-02;1.243708e-01;3.763181e-02;3.505288e-02;4.479171e-02;1.183945e-01;3.749442e-01;3.287623e-02;1.938535e-02;3.644725e-02;6.331339e-02;1.377178e-02
1.075242e-01;8.662798e-02;7.428280e-02;8.027527e-02;6.233408e-02;1.112739e-01;2.581569e-01;3.249125e-02;3.323520e-02;5.944262e-02;6.307667e-02;3.127914e-02
8.015314e-02;8.104679e-02;1.510511e-01;1.282658e-01;4.992540e-02;7.127527e-02;2.061856e-01;2.981070e-02;3.392171e-02;7.072275e-02;6.025775e-02;3.738391e-02
5.808073e-02;1.359589e-01;1.394252e-01;8.271414e-02;4.244475e-02;4.088241e-02;3.038282e-01;6.123584e-02;2.657779e-02;4.091382e-02;5.093474e-02;1.700354e-02
8.259581e-02;1.470004e-01;9.088809e-02;8.903027e-02;4.490311e-02;7.346991e-02;3.118044e-01;4.479272e-02;2.660828e-02;3.422088e-02;4.753169e-02;7.154333e-03
1.438340e-01;1.350990e-01;5.838163e-02;1.150082e-01;3.307425e-02;1.110411e-01;2.520814e-01;1.318530e-02;1.811120e-02;4.567474e-02;5.991231e-02;1.459673e-02
1.836012e-01;1.291575e-01;7.003077e-02;1.175728e-01;3.979261e-02;1.142237e-01;1.526072e-01;1.650240e-02;2.159257e-02;5.739588e-02;7.162771e-02;2.589565e-02
1.923291e-01;1.255918e-01;9.904350e-02;9.409861e-02;4.796308e-02;1.049201e-01;8.604475e-02;1.305671e-02;5.381230e-02;6.408828e-02;7.753246e-02;4.151931e-02
1.158285e-01;1.049031e-01;1.549874e-01;4.781702e-02;6.420574e-02;9.754374e-02;7.167107e-02;3.617024e-02;1.007822e-01;4.945641e-02;9.570523e-02;6.092924e-02
1.551827e-01;1.190967e-01;1.855284e-01;9.457601e-02;7.760634e-02;5.898025e-02;7.901432e-02;1.886980e-02;5.461292e-02;3.885353e-02;6.715505e-02;5.052393e-02
6.525723e-02;1.221399e-01;2.060362e-01;1.329380e-01;5.835154e-02;5.063937e-02;1.525351e-01;4.173350e-02;1.519025e-02;4.713292e-02;6.836917e-02;3.967682e-02
5.878415e-02;1.130121e-01;1.481144e-01;1.411449e-01;7.412434e-02;5.771523e-02;1.694420e-01;5.863517e-02;4.944093e-02;3.187574e-02;6.416867e-02;3.354250e-02
8.475386e-02;9.434781e-02;1.151531e-01;6.901235e-02;1.139547e-01;8.271538e-02;1.314262e-01;3.867210e-02;1.397438e-01;2.122675e-02;5.160990e-02;5.738398e-02
1.318988e-01;3.947119e-02;5.820077e-02;2.760316e-02;7.892069e-02;1.038388e-01;1.935369e-01;3.846064e-02;1.464420e-01;8.291641e-02;3.544656e-02;6.326408e-02
1.549722e-01;5.149139e-02;4.507058e-02;1.846003e-02;4.625731e-02;1.024183e-01;2.542200e-01;1.420118e-02;5.484824e-02;1.533787e-01;4.975217e-02;5.492990e-02
1.501057e-01;8.422522e-02;3.600796e-02;9.251885e-03;3.133880e-02;9.290928e-02;2.776747e-01;1.687527e-02;1.379631e-02;1.845819e-01;7.269976e-02;3.053327e-02
1.667074e-01;9.658772e-02;2.833220e-02;9.556585e-03;2.693252e-02;9.305588e-02;2.645701e-01;1.302669e-02;7.841289e-03;2.118679e-01;6.721324e-02;1.430843e-02
2.030736e-01;8.626062e-02;1.414856e-02;1.001628e-02;3.980245e-02;1.058720e-01;2.162942e-01;5.979908e-03;3.558866e-02;2.239725e-01;4.466534e-02;1.432597e-02
2.168094e-01;6.239535e-02;1.418006e-02;1.197903e-02;6.739835e-02;1.238823e-01;1.586530e-01;3.966541e-03;1.058686e-01;1.886981e-01;1.947772e-02;2.669153e-02
1.731689e-01;3.077539e-02;4.455434e-02;2.367966e-02;1.077963e-01;1.243164e-01;1.213141e-01;1.491065e-02;1.899996e-01;1.075056e-01;1.409763e-02;4.788133e-02
1.238586e-01;1.599411e-02;1.180664e-01;5.022322e-02;1.195059e-01;9.966514e-02;9.384185e-02;3.928776e-02;1.981156e-01;5.955473e-02;2.036577e-02;6.152094e-02
1.262366e-01;2.615505e-02;1.998184e-01;6.951758e-02;9.696467e-02;6.956711e-02;6.300255e-02;6.039763e-02;1.593701e-01;4.772370e-02;2.589931e-02;5.534735e-02
1.077785e-01;3.478773e-02;2.795053e-01;6.982782e-02;5.904949e-02;4.902865e-02;5.317859e-02;7.352922e-02;1.383115e-01;5.652465e-02;3.629706e-02;4.218147e-02
1.153262e-01;3.061549e-02;2.520745e-01;4.672715e-02;5.996817e-02;6.409263e-02;5.579129e-02;8.101584e-02;1.429657e-01;9.346768e-02;2.781735e-02;3.013799e-02
1.062803e-01;3.426593e-02;9.013391e-02;4.144796e-02;1.010167e-01;1.082876e-01;8.394930e-02;9.668301e-02;1.953521e-01;1.139257e-01;9.722990e-03;1.893445e-02
9.790957e-02;3.482991e-02;1.301757e-01;4.734497e-02;1.359846e-01;1.220381e-01;1.370202e-01;6.828193e-02;9.164444e-02;9.343825e-02;1.656393e-02;2.476835e-02
8.507204e-02;2.321769e-02;1.359669e-01;5.882021e-02;1.055461e-01;1.104642e-01;1.194075e-01;4.849425e-02;1.970584e-01;7.741236e-02;9.732679e-03;2.880767e-02
5.738832e-02;2.749644e-02;8.235746e-02;4.936914e-02;9.551197e-02;1.156029e-01;1.271093e-01;3.184081e-02;2.494114e-01;1.002251e-01;3.243170e-02;3.125549e-02
5.375902e-02;3.823799e-02;1.069655e-01;3.209991e-02;7.854994e-02;9.192688e-02;1.294672e-01;8.279329e-02;1.415308e-01;1.426460e-01;6.261623e-02;3.940732e-02
7.498389e-02;4.983347e-02;1.008333e-01;7.213832e-02;6.588592e-02;7.880810e-02;1.249455e-01;9.057374e-02;1.006341e-01;9.756345e-02;8.254206e-02;6.125825e-02
5.135443e-02;5.378676e-02;1.498748e-01;5.425197e-02;7.086376e-02;7.689474e-02;7.814177e-02;8.084205e-02;1.384442e-01;9.074620e-02;9.907069e-02;5.572862e-02
6.152377e-02;5.975584e-02;1.240437e-01;4.409996e-02;4.989420e-02;5.783005e-02;1.433159e-01;7.172028e-02;1.409523e-01;1.006643e-01;1.054084e-01;4.079126e-02
1.418478e-01;6.926470e-02;6.485619e-02;3.145305e-02;3.800416e-02;6.897365e-02;1.985760e-01;4.206422e-02;7.254548e-02;1.510179e-01;8.693973e-02;3.445718e-02
2.391080e-01;7.919108e-02;3.496767e-02;1.901825e-02;3.715398e-02;8.311810e-02;1.823966e-01;1.197425e-02;1.878471e-02;1.850274e-01;8.474465e-02;2.451533e-02
3.327167e-01;8.952393e-02;3.273289e-02;9.688892e-03;4.235063e-02;7.136030e-02;1.206988e-01;1.078994e-02;4.214951e-02;1.488106e-01;6.578898e-02;3.338887e-02
4.234367e-01;1.236681e-01;3.008639e-02;2.491342e-02;4.694670e-02;5.228800e-02;8.092888e-02;1.150855e-02;6.683078e-02;7.395680e-02;3.007251e-02;3.536323e-02
4.366212e-01;1.298958e-01;6.151601e-02;5.894971e-02;5.556346e-02;3.993507e-02;3.814096e-02;7.897630e-03;8.793103e-02;1.773537e-02;1.475242e-02;5.106126e-02
3.580658e-01;9.070753e-02;6.030792e-02;8.114751e-02;6.617139e-02;8.160266e-02;3.066787e-02;7.971350e-03;1.096665e-01;4.075783e-02;1.547034e-02;5.746328e-02
2.595392e-01;4.382819e-02;6.524067e-02;6.010775e-02;9.971460e-02;1.545718e-01;4.247117e-02;1.233396e-02;1.399117e-01;3.611795e-02;1.507398e-02;7.108907e-02
1.756493e-01;4.024234e-02;6.210446e-02;2.495246e-02;1.460416e-01;1.742377e-01;6.197658e-02;1.706908e-02;1.586838e-01;3.453520e-02;1.855232e-02;8.595516e-02
6.441619e-02;7.487894e-02;4.176462e-02;3.258985e-02;1.922394e-01;1.306594e-01;1.146346e-01;1.451804e-02;1.798236e-01;3.555702e-02;2.024633e-02;9.867201e-02
1.882251e-01;7.442420e-02;7.613941e-02;1.908912e-02;1.518030e-01;1.001278e-01;9.637462e-02;1.240185e-02;1.592315e-01;3.050707e-02;1.518454e-02;7.649182e-02
1.907772e-01;4.027943e-02;1.042758e-01;1.125729e-02;1.423448e-01;1.440541e-01;6.189464e-02;1.674274e-02;1.630283e-01;4.047949e-02;1.836557e-02;6.650063e-02
1.381707e-01;1.571729e-02;1.044490e-01;2.611553e-02;1.677282e-01;1.693808e-01;6.045690e-02;3.660248e-02;1.519611e-01;4.495066e-02;1.741510e-02;6.705221e-02
1.045340e-01;2.026517e-02;9.253415e-02;4.501091e-02;1.989930e-01;1.462720e-01;7.890601e-02;4.460717e-02;1.409522e-01;3.149476e-02;1.345794e-02;8.297268e-02
7.376259e-02;3.468495e-02;7.211501e-02;7.314794e-02;2.109357e-01;1.118140e-01;7.020565e-02;3.962684e-02;1.576401e-01;2.835526e-02;1.715959e-02;1.105525e-01
5.011096e-02;5.049966e-02;7.741229e-02;9.415738e-02;1.609973e-01;7.774508e-02;8.111164e-02;3.147143e-02;1.646217e-01;3.348151e-02;6.099669e-02;1.173943e-01
4.661646e-02;6.761733e-02;1.553031e-01;9.802034e-02;7.967852e-02;6.635363e-02;9.362876e-02;3.137201e-02;1.156056e-01;6.075847e-02;9.848284e-02;8.656294e-02
4.455860e-02;8.214844e-02;2.361303e-01;8.147939e-02;7.558632e-02;8.415737e-02;9.306421e-02;3.631284e-02;5.185781e-02;6.492578e-02;9.975854e-02;5.002039e-02
3.889708e-02;6.268238e-02;1.990152e-01;9.183858e-02;1.518035e-01;1.206833e-01;6.360200e-02;7.366294e-02;4.773333e-02;4.364709e-02;3.169224e-02;7.474234e-02
5.783718e-02;3.619988e-02;9.264567e-02;4.657858e-02;1.466363e-01;9.567441e-02;9.925777e-02;7.762145e-02;1.028041e-01;6.426622e-02;8.962585e-02;9.085255e-02
9.708789e-02;3.263999e-02;9.215132e-02;2.664909e-02;8.915096e-02;7.349459e-02;1.326549e-01;7.714064e-02;1.419689e-01;7.555143e-02;8.343713e-02;7.807320e-02
7.378895e-02;4.144984e-02;1.466746e-01;6.251348e-02;8.545851e-02;6.882501e-02;1.493015e-01;4.704524e-02;1.146275e-01;7.305025e-02;6.106030e-02;7.620485e-02
3.870978e-02;8.684528e-02;1.796703e-01;6.529980e-02;6.378067e-02;6.212306e-02;1.847191e-01;4.680627e-02;6.243398e-02;6.802267e-02;8.096223e-02;6.062685e-02
8.724963e-02;1.021148e-01;1.406217e-01;5.873939e-02;4.843276e-02;8.330173e-02;2.139838e-01;4.308498e-02;3.828546e-02;7.822870e-02;6.793290e-02;3.802408e-02
1.372585e-01;8.084079e-02;9.569611e-02;5.502697e-02;4.237816e-02;1.411704e-01;2.245085e-01;3.260878e-02;2.403975e-02;1.045796e-01;4.020096e-02;2.169152e-02
1.472761e-01;3.989479e-02;5.430732e-02;5.317720e-02;5.106743e-02;1.894172e-01;1.886123e-01;4.139439e-02;7.379635e-02;1.185288e-01;1.872161e-02;2.380655e-02
1.051387e-01;2.083611e-02;8.462472e-02;4.776713e-02;9.820707e-02;1.780698e-01;1.227548e-01;3.888397e-02;1.409543e-01;1.064346e-01;1.661553e-02;3.971332e-02
6.293016e-02;2.133822e-02;1.698781e-01;6.482802e-02;1.303301e-01;1.288924e-01;8.276115e-02;2.724458e-02;1.649136e-01;7.946664e-02;2.314258e-02;4.427447e-02
3.357200e-02;3.069489e-02;2.072936e-01;6.350970e-02;1.502170e-01;1.014764e-01;1.417961e-01;3.705202e-02;1.196988e-01;4.684917e-02;2.345822e-02;4.438206e-02
5.984010e-02;3.071588e-02;2.067199e-01;4.080841e-02;2.510400e-01;1.052429e-01;1.050811e-01;3.073559e-02;7.698922e-02;3.249484e-02;9.015521e-03;5.131659e-02
5.557522e-02;2.598912e-02;2.134817e-01;5.390311e-02;2.774577e-01;1.245557e-01;8.928266e-02;2.064812e-02;3.320333e-02;2.905149e-02;2.082818e-02;5.602363e-02
5.918453e-02;8.291365e-03;2.184235e-01;5.005016e-02;2.619157e-01;1.098222e-01;8.314127e-02;3.068853e-02;7.532806e-02;2.517180e-02;1.763729e-02;6.034565e-02
4.431044e-02;2.139919e-02;2.434882e-01;5.634628e-02;2.611450e-01;1.041531e-01;4.995033e-02;3.615155e-02;8.387552e-02;1.578403e-02;2.170220e-02;6.169413e-02
3.907330e-02;3.908916e-02;2.346136e-01;6.878904e-02;2.278839e-01;9.444567e-02;9.240904e-02;4.467617e-02;5.354523e-02;2.025090e-02;3.304539e-02;5.217859e-02
3.251682e-02;3.907033e-02;2.941282e-01;8.762873e-02;1.912086e-01;8.179572e-02;8.484239e-02;5.057883e-02;3.149308e-02;2.647928e-02;4.132574e-02;3.893225e-02
1.858674e-02;2.743156e-02;4.132750e-01;1.062094e-01;1.582212e-01;6.382389e-02;2.365097e-02;5.176714e-02;2.825847e-02;2.888802e-02;5.080161e-02;2.908602e-02
3.396611e-02;1.531006e-02;4.828393e-01;1.004405e-01;1.267779e-01;4.637462e-02;3.367136e-02;3.468727e-02;2.432685e-02;3.897879e-02;4.340381e-02;1.922345e-02
2.836087e-02;2.102530e-02;5.436478e-01;8.257516e-02;9.950964e-02;3.405237e-02;4.667945e-02;1.789217e-02;2.286297e-02;5.004184e-02;3.908416e-02;1.426833e-02
2.759882e-02;3.686545e-02;5.559100e-01;5.925414e-02;7.531717e-02;2.842803e-02;4.986526e-02;2.086924e-02;2.862697e-02;6.396025e-02;3.704963e-02;1.625506e-02
2.944009e-02;5.351741e-02;4.795686e-01;6.115220e-02;7.418746e-02;2.967782e-02;2.696155e-02;5.778600e-02;4.190399e-02;8.672135e-02;4.039724e-02;1.868629e-02
4.903666e-02;5.995086e-02;3.457837e-01;6.323100e-02;7.704715e-02;3.261394e-02;4.939052e-02;9.998227e-02;7.728259e-02;9.211496e-02;3.920035e-02;1.436597e-02
4.365439e-02;5.807280e-02;3.331420e-01;6.469936e-02;8.533818e-02;3.600946e-02;5.553805e-02;9.649440e-02;8.960090e-02;7.517215e-02;4.920311e-02;1.307523e-02
7.114018e-02;5.311749e-02;2.976229e-01;4.862057e-02;7.988317e-02;4.482286e-02;9.361690e-02;4.376954e-02;1.235128e-01;5.362553e-02;5.800035e-02;3.226767e-02
8.156171e-02;6.620479e-02;2.480747e-01;4.679810e-02;8.417119e-02;4.028576e-02;1.220472e-01;5.169787e-02;1.278883e-01;5.382371e-02;6.143234e-02;1.601432e-02
7.718664e-02;6.416842e-02;1.725049e-01;4.719024e-02;9.208801e-02;5.936798e-02;1.454215e-01;9.710616e-02;8.498272e-02;8.868227e-02;4.309843e-02;2.820269e-02
1.387241e-01;1.058455e-01;5.301788e-02;4.822420e-02;7.061468e-02;6.725702e-02;2.273589e-01;8.965658e-02;6.474889e-02;7.657639e-02;3.130735e-02;2.666849e-02
1.486932e-01;1.252844e-01;7.219270e-02;2.333948e-02;5.562826e-02;4.651583e-02;3.451449e-01;3.510408e-02;5.108697e-02;4.241695e-02;2.756175e-02;2.703157e-02
1.009878e-01;1.320627e-01;4.259959e-02;1.649828e-02;4.432839e-02;5.554710e-02;4.033824e-01;5.618992e-02;5.361618e-02;4.680877e-02;3.111613e-02;1.686273e-02
5.423760e-02;1.260895e-01;5.292458e-02;1.366536e-02;3.789632e-02;5.354686e-02;4.217885e-01;7.119005e-02;6.576969e-02;4.852650e-02;4.438365e-02;9.981458e-03
5.196431e-02;1.367642e-01;6.734680e-02;7.450980e-03;3.458279e-02;4.366439e-02;4.223042e-01;7.680558e-02;6.110297e-02;4.459759e-02;4.652753e-02;6.888674e-03
5.337139e-02;1.537620e-01;7.352947e-02;3.079562e-03;3.579484e-02;4.061594e-02;4.155031e-01;7.123441e-02;5.007312e-02;4.996331e-02;4.903977e-02;4.033138e-03
4.741374e-02;1.599261e-01;1.035728e-01;5.275054e-03;4.705431e-02;3.855541e-02;3.994645e-01;6.948813e-02;3.640448e-02;3.858313e-02;4.871049e-02;5.551913e-03
4.262971e-02;1.393480e-01;1.703004e-01;1.223852e-02;5.114907e-02;2.886674e-02;3.829332e-01;7.353374e-02;2.337876e-02;2.268995e-02;4.317354e-02;9.758349e-03
4.104014e-02;1.162361e-01;2.346626e-01;1.958945e-02;4.000969e-02;1.662052e-02;3.692986e-01;8.341911e-02;1.539145e-02;1.223986e-02;3.625831e-02;1.523409e-02
3.714844e-02;9.855168e-02;2.658401e-01;2.653021e-02;2.620061e-02;1.266094e-02;3.589706e-01;8.651096e-02;1.756164e-02;1.406679e-02;3.308596e-02;2.287204e-02
5.623258e-02;1.027576e-01;2.350217e-01;2.587199e-02;3.583426e-02;2.442554e-02;3.430407e-01;7.435086e-02;1.959155e-02;1.613130e-02;3.881430e-02;2.792763e-02
7.697423e-02;1.076773e-01;2.027985e-01;2.504947e-02;4.700536e-02;3.912996e-02;3.180827e-01;6.193640e-02;2.905982e-02;2.359222e-02;4.033207e-02;2.836206e-02
9.058565e-02;8.750139e-02;2.157410e-01;3.393716e-02;5.300703e-02;4.015058e-02;2.947153e-01;4.877713e-02;3.977122e-02;3.234958e-02;3.223904e-02;3.122487e-02
7.392029e-02;4.749426e-02;2.378950e-01;4.693301e-02;5.047586e-02;2.844147e-02;2.715425e-01;6.762245e-02;5.291633e-02;3.968520e-02;4.064192e-02;4.243171e-02
1.000003e-01;1.446198e-01;1.487536e-01;2.742515e-02;5.928581e-02;3.957963e-02;2.688324e-01;4.438839e-02;2.722085e-02;3.674614e-02;6.625039e-02;3.689755e-02
1.089002e-01;1.795542e-01;1.471394e-01;2.240076e-02;6.030757e-02;4.502630e-02;1.600679e-01;9.400535e-02;4.022995e-02;5.462495e-02;7.251355e-02;1.522981e-02
8.617629e-02;1.296153e-01;2.259623e-01;4.825807e-02;5.438066e-02;6.517661e-02;1.041605e-01;1.198369e-01;4.474258e-02;5.941551e-02;4.664001e-02;1.563520e-02
5.453377e-02;9.463362e-02;1.634967e-01;6.819727e-02;4.449886e-02;6.104883e-02;1.392376e-01;1.442019e-01;6.595902e-02;7.550357e-02;3.557245e-02;5.311634e-02
5.282729e-02;6.326541e-02;1.479446e-01;5.101677e-02;4.423518e-02;5.975957e-02;1.800795e-01;1.408618e-01;6.261580e-02;8.846886e-02;5.055815e-02;5.836705e-02
5.141835e-02;5.681563e-02;1.619437e-01;3.091447e-02;4.402092e-02;5.033111e-02;2.933574e-01;9.515812e-02;6.572650e-02;7.154599e-02;3.903109e-02;3.973671e-02
6.056042e-02;5.441562e-02;1.079497e-01;3.183207e-02;4.611984e-02;5.896734e-02;3.958685e-01;5.000683e-02;4.969588e-02;6.605270e-02;4.492330e-02;3.360784e-02
1.020822e-01;4.464693e-02;5.303465e-02;2.782157e-02;7.475346e-02;9.076459e-02;4.251217e-01;3.829909e-02;3.996827e-02;5.447355e-02;2.954810e-02;1.948584e-02
1.115180e-01;3.790544e-02;9.190667e-02;4.300351e-02;9.995934e-02;9.548435e-02;3.223148e-01;3.940394e-02;5.123178e-02;4.234706e-02;2.289858e-02;4.202653e-02
1.030155e-01;6.650969e-02;1.617253e-01;7.346123e-02;1.006778e-01;7.734860e-02;1.693889e-01;4.443350e-02;6.138876e-02;3.198572e-02;5.133470e-02;5.873030e-02
9.215853e-02;7.683493e-02;2.572561e-01;1.174066e-01;7.263500e-02;6.017550e-02;6.983382e-02;4.239673e-02;4.234226e-02;2.052571e-02;9.834883e-02;5.008603e-02
9.774449e-02;4.932125e-02;3.552615e-01;1.267779e-01;5.495337e-02;3.956176e-02;5.024149e-02;2.225558e-02;1.522755e-02;4.343187e-02;1.184380e-01;2.678528e-02
9.153448e-02;1.792904e-02;4.288557e-01;1.125161e-01;6.152620e-02;2.098469e-02;3.630188e-02;3.950602e-02;1.925654e-02;4.923855e-02;1.009665e-01;2.138428e-02
7.356989e-02;1.654075e-02;4.300297e-01;9.346165e-02;6.602643e-02;2.120445e-02;4.128447e-02;5.030552e-02;1.874506e-02;6.225024e-02;1.020887e-01;2.449311e-02
6.259953e-02;1.849490e-02;3.786297e-01;9.025068e-02;7.705655e-02;1.746366e-02;6.349366e-02;7.196096e-02;2.662606e-02;5.910973e-02;1.037836e-01;3.053099e-02
5.488557e-02;2.479303e-02;1.822989e-01;9.738514e-02;1.034257e-01;4.242697e-02;5.946758e-02;1.067900e-01;5.820609e-02;4.021103e-02;1.505994e-01;7.951048e-02
7.395270e-02;2.985113e-02;9.889793e-02;6.148265e-02;1.076986e-01;6.075036e-02;8.039548e-02;7.893608e-02;1.513419e-01;2.324369e-02;1.052528e-01;1.281966e-01
1.230929e-01;2.249618e-02;5.647060e-02;2.744243e-02;9.582718e-02;6.421790e-02;9.542696e-02;4.807785e-02;2.455503e-01;3.532107e-02;4.607293e-02;1.400037e-01
1.796834e-01;2.043818e-02;5.103895e-02;9.241204e-03;8.532605e-02;6.449501e-02;8.165719e-02;2.648990e-02;2.829773e-01;6.253372e-02;2.900954e-02;1.071096e-01
2.390665e-01;2.775998e-02;4.283615e-02;7.771871e-03;8.000717e-02;6.634501e-02;8.914053e-02;1.513668e-02;2.589097e-01;8.487179e-02;2.179486e-02;6.635977e-02
2.721446e-01;2.769141e-02;4.448042e-02;9.717236e-03;8.553252e-02;6.076271e-02;7.525732e-02;1.170629e-02;2.361652e-01;6.795290e-02;1.511915e-02;9.347020e-02
2.731920e-01;2.207057e-02;6.588688e-02;1.638253e-02;9.257080e-02;4.952994e-02;5.387928e-02;8.553330e-03;2.246908e-01;3.563761e-02;1.471184e-02;1.428944e-01
2.281402e-01;3.590598e-02;1.101777e-01;3.116697e-02;8.305407e-02;4.020909e-02;5.782270e-02;2.791183e-02;1.684435e-01;2.076637e-02;3.037028e-02;1.660313e-01
1.533194e-01;8.088076e-02;1.779139e-01;5.013203e-02;6.358665e-02;2.987715e-02;5.103046e-02;4.167334e-02;1.127753e-01;2.745137e-02;6.988169e-02;1.414779e-01
1.205998e-01;1.019009e-01;2.523322e-01;7.886521e-02;5.582410e-02;2.935436e-02;3.293391e-02;4.334096e-02;6.357471e-02;4.377588e-02;9.429270e-02;8.320536e-02
1.535608e-01;7.132053e-02;2.758687e-01;8.383512e-02;5.250172e-02;3.622945e-02;7.241397e-02;4.749757e-02;4.434165e-02;4.734747e-02;7.244340e-02;4.263960e-02
1.354430e-01;5.650407e-02;1.870945e-01;5.375648e-02;4.991861e-02;5.913119e-02;7.410587e-02;6.816461e-02;1.245510e-01;8.321551e-02;4.929686e-02;5.881830e-02
6.718286e-02;6.672717e-02;1.053589e-01;3.517060e-02;7.128587e-02;5.773570e-02;9.282257e-02;6.760525e-02;1.530443e-01;9.241311e-02;9.985442e-02;9.079934e-02
9.585942e-02;4.814461e-02;8.621090e-02;4.771799e-02;7.697929e-02;5.617376e-02;1.097706e-01;7.604315e-02;1.878867e-01;7.204580e-02;8.157707e-02;6.159066e-02
1.036496e-01;6.570741e-02;1.381049e-01;6.658398e-02;6.642768e-02;5.326056e-02;1.628709e-01;8.559982e-02;1.230159e-01;5.499127e-02;4.433781e-02;3.545018e-02
6.939595e-02;6.671693e-02;2.108966e-01;7.715914e-02;5.348221e-02;4.852941e-02;1.572083e-01;6.841840e-02;9.707839e-02;6.420861e-02;4.949807e-02;3.740803e-02
9.977487e-02;8.311567e-02;2.139207e-01;7.588053e-02;6.159269e-02;3.268762e-02;1.194137e-01;4.633991e-02;6.596898e-02;3.464779e-02;9.787640e-02;6.878111e-02
7.074675e-02;1.208604e-01;2.365921e-01;6.233373e-02;5.533553e-02;2.691275e-02;1.492015e-01;3.939534e-02;3.835252e-02;3.937768e-02;9.712662e-02;6.376502e-02
9.067537e-02;1.528834e-01;1.942573e-01;4.516447e-02;4.318310e-02;4.220983e-02;1.826616e-01;3.649575e-02;3.848289e-02;4.603351e-02;8.391579e-02;4.403706e-02
1.637145e-01;1.428958e-01;1.510114e-01;3.342424e-02;4.625768e-02;7.784039e-02;1.611722e-01;3.378696e-02;4.812222e-02;5.829372e-02;4.977420e-02;3.370665e-02
2.641573e-01;6.586457e-02;1.140824e-01;3.341029e-02;5.778269e-02;1.220670e-01;1.004273e-01;4.322261e-02;6.402565e-02;6.973220e-02;1.987578e-02;4.535238e-02
3.411852e-01;4.442899e-02;6.422345e-02;2.329325e-02;6.924552e-02;1.327623e-01;7.674518e-02;4.372061e-02;7.002006e-02;6.386587e-02;1.398879e-02;5.652084e-02
3.863726e-01;4.610953e-02;3.308395e-02;1.693252e-02;6.250586e-02;1.120182e-01;8.126066e-02;3.418798e-02;7.970301e-02;5.887728e-02;1.787463e-02;7.107387e-02
3.742985e-01;6.058608e-02;3.229241e-02;1.329342e-02;6.937666e-02;8.140127e-02;6.545185e-02;2.350504e-02;1.010265e-01;4.785584e-02;2.868757e-02;1.022248e-01
3.219132e-01;3.552428e-02;4.858888e-02;1.429424e-02;8.030351e-02;6.375540e-02;6.420781e-02;1.582715e-02;1.267825e-01;4.464796e-02;4.137401e-02;1.427811e-01
2.638471e-01;4.278500e-02;9.917399e-02;2.036608e-02;7.710333e-02;5.216799e-02;7.292164e-02;1.839913e-02;1.151848e-01;5.455161e-02;5.165281e-02;1.318465e-01
2.254871e-01;6.348047e-02;1.693415e-01;3.093414e-02;6.110103e-02;4.394214e-02;8.653142e-02;2.166015e-02;9.412214e-02;5.948471e-02;5.182163e-02;9.209355e-02
1.875025e-01;6.144392e-02;2.428614e-01;3.737427e-02;4.294888e-02;3.869242e-02;1.055488e-01;2.567590e-02;9.568229e-02;5.697931e-02;4.089104e-02;6.439915e-02
1.668619e-01;3.233624e-02;2.775855e-01;5.104599e-02;5.274495e-02;5.569820e-02;1.074506e-01;2.335914e-02;1.188757e-01;4.820932e-02;2.215293e-02;4.367951e-02
1.817011e-01;7.899328e-02;1.620465e-01;3.498076e-02;7.383578e-02;7.814929e-02;8.097763e-02;3.761467e-02;1.479685e-01;4.574041e-02;2.221885e-02;5.577323e-02
1.758714e-01;5.761807e-02;1.534245e-01;3.129719e-02;7.993010e-02;7.363411e-02;5.929305e-02;4.181949e-02;1.439006e-01;7.896013e-02;3.634117e-02;6.791025e-02
1.062557e-01;4.551287e-02;1.624691e-01;6.468359e-02;8.887340e-02;4.478779e-02;1.685037e-01;3.383222e-02;1.129963e-01;5.747192e-02;7.146979e-02;4.314370e-02
9.857948e-02;5.876206e-02;1.686703e-01;5.441584e-02;1.002814e-01;4.484737e-02;1.835639e-01;5.923100e-02;5.095832e-02;5.088544e-02;8.641617e-02;4.338866e-02
1.135496e-01;6.563716e-02;1.794930e-01;5.593239e-02;8.132450e-02;6.829280e-02;1.571105e-01;6.419734e-02;4.801301e-02;3.787828e-02;7.634863e-02;5.222284e-02
1.147650e-01;5.513510e-02;2.070937e-01;5.171058e-02;7.693864e-02;7.094973e-02;1.275540e-01;5.647128e-02;7.966753e-02;3.611587e-02;7.709365e-02;4.650494e-02
8.648823e-02;3.682846e-02;1.669234e-01;3.986864e-02;1.543023e-01;3.977032e-02;1.290836e-01;6.536601e-02;1.104635e-01;3.809698e-02;6.445625e-02;6.835232e-02
7.536129e-02;2.375192e-02;7.776376e-02;5.070298e-02;1.912280e-01;5.467665e-02;1.914697e-01;3.954123e-02;9.341084e-02;5.240399e-02;4.039013e-02;1.092995e-01
1.612340e-01;4.542353e-02;6.464443e-02;2.341439e-02;1.325355e-01;9.661726e-02;1.888175e-01;4.262280e-02;8.147377e-02;5.330114e-02;3.079712e-02;7.911855e-02
2.033045e-01;6.444439e-02;7.519566e-02;2.530005e-02;9.005037e-02;1.409064e-01;1.579215e-01;5.170727e-02;7.048187e-02;6.361055e-02;2.175889e-02;3.531845e-02
1.939722e-01;5.434154e-02;9.441976e-02;2.514607e-02;1.332061e-01;1.555899e-01;1.195404e-01;4.252271e-02;6.707316e-02;6.809543e-02;1.435664e-02;3.173611e-02
1.632062e-01;4.923624e-02;1.440609e-01;1.937174e-02;1.556404e-01;1.527035e-01;1.023089e-01;2.900070e-02;7.827633e-02;6.651283e-02;1.056097e-02;2.912127e-02
1.095590e-01;5.260360e-02;1.935605e-01;2.794038e-02;1.424239e-01;1.257343e-01;6.222248e-02;2.295779e-02;1.105118e-01;5.724067e-02;3.111141e-02;6.413415e-02
5.646533e-02;4.727674e-02;2.004681e-01;2.524842e-02;1.462802e-01;1.012977e-01;7.949510e-02;3.449092e-02;1.242917e-01;5.460379e-02;4.874710e-02;8.133481e-02
6.360795e-02;2.319813e-02;1.601236e-01;3.383007e-02;1.800843e-01;8.693642e-02;1.469627e-01;3.345748e-02;1.053896e-01;3.497824e-02;2.705063e-02;1.043809e-01
7.046500e-02;3.216374e-02;1.352864e-01;3.594613e-02;1.593826e-01;9.266068e-02;1.041075e-01;5.915646e-02;9.492154e-02;3.794240e-02;2.853491e-02;1.494326e-01
8.306607e-02;5.891819e-02;1.209113e-01;4.949167e-02;9.843481e-02;7.402726e-02;1.202278e-01;9.609117e-02;5.872948e-02;3.081788e-02;8.482422e-02;1.244602e-01
7.532457e-02;7.441889e-02;1.111228e-01;8.356886e-02;7.300689e-02;6.821310e-02;9.209421e-02;1.101051e-01;6.557714e-02;1.773380e-02;1.237842e-01;1.050505e-01
6.100976e-02;8.432308e-02;1.328273e-01;1.082076e-01;7.387859e-02;7.156607e-02;1.068297e-01;9.900915e-02;5.250132e-02;4.509231e-02;1.112627e-01;5.349235e-02
6.819307e-02;8.456334e-02;1.660680e-01;9.572323e-02;9.339976e-02;8.189546e-02;1.439186e-01;4.959495e-02;5.704762e-02;6.878364e-02;5.481669e-02;3.599567e-02
5.032989e-02;5.597536e-02;1.814729e-01;4.933333e-02;1.004339e-01;1.003703e-01;1.546517e-01;5.662265e-02;6.137120e-02;7.773422e-02;5.322948e-02;5.847518e-02
6.950048e-02;2.692479e-02;1.088427e-01;7.818552e-02;7.195447e-02;1.136306e-01;1.160495e-01;1.242820e-01;8.590970e-02;5.016251e-02;1.007207e-01;5.383704e-02
4.574348e-02;7.097913e-02;9.691916e-02;1.075275e-01;7.716633e-02;8.415513e-02;1.254252e-01;5.843468e-02;9.964186e-02;4.322295e-02;1.073567e-01;8.342794e-02
7.122044e-02;8.238152e-02;8.653804e-02;7.410527e-02;7.238378e-02;4.198708e-02;7.300339e-02;6.291904e-02;1.723952e-01;5.002962e-02;9.145476e-02;1.215818e-01
6.195581e-02;6.953307e-02;5.796652e-02;3.611525e-02;5.039810e-02;3.982250e-02;9.971576e-02;1.031551e-01;1.677833e-01;6.729009e-02;1.110635e-01;1.352010e-01
9.277352e-02;5.568786e-02;8.508698e-02;4.395762e-02;4.714600e-02;3.252456e-02;1.233035e-01;1.048429e-01;1.468588e-01;5.754272e-02;1.173112e-01;9.296425e-02
1.233162e-01;9.177241e-02;9.628705e-02;4.630442e-02;4.336403e-02;7.533080e-02;1.693523e-01;5.655094e-02;8.219166e-02;8.059230e-02;8.900525e-02;4.593264e-02
1.118671e-01;8.199461e-02;7.975769e-02;4.691864e-02;4.476133e-02;9.998675e-02;1.655905e-01;5.299046e-02;1.128234e-01;9.356616e-02;6.128721e-02;4.845618e-02
5.580366e-02;4.757030e-02;8.649439e-02;4.977270e-02;9.043120e-02;8.577392e-02;1.335848e-01;7.089266e-02;2.220380e-01;4.132928e-02;4.307209e-02;7.323696e-02
1.665276e-02;3.291522e-02;1.041842e-01;5.674748e-02;9.484114e-02;6.251962e-02;1.098227e-01;1.000924e-01;2.491370e-01;4.023307e-02;5.602223e-02;7.683218e-02
2.559214e-02;6.132980e-02;1.440326e-01;6.473555e-02;4.811939e-02;5.256691e-02;1.211817e-01;1.452560e-01;1.515092e-01;4.184037e-02;9.205403e-02;5.178233e-02
3.644889e-02;6.991829e-02;2.335645e-01;8.004640e-02;4.338725e-02;5.433663e-02;1.238772e-01;1.093601e-01;7.257916e-02;3.295545e-02;1.028782e-01;4.064786e-02
2.844587e-02;3.176967e-02;3.345819e-01;1.228608e-01;8.457022e-02;8.345830e-02;8.535450e-02;5.572806e-02;4.381792e-02;2.364214e-02;8.020573e-02;2.556488e-02
1.717735e-02;1.426748e-02;3.900040e-01;1.326928e-01;8.020844e-02;6.864862e-02;2.246847e-02;8.559971e-02;4.551602e-02;3.988153e-02;7.647492e-02;2.706068e-02
3.295259e-02;1.954157e-02;4.543472e-01;1.068245e-01;7.386264e-02;3.544299e-02;5.559838e-02;5.135170e-02;2.599072e-02;5.384812e-02;6.672247e-02;2.351711e-02
3.269019e-02;2.860712e-02;5.025696e-01;7.983308e-02;6.871502e-02;2.429441e-02;7.714237e-02;1.563112e-02;3.678061e-02;7.853755e-02;4.053282e-02;1.466609e-02
2.127171e-02;4.573248e-02;5.328863e-01;5.786045e-02;6.268929e-02;3.247143e-02;8.262426e-02;2.112024e-02;1.081563e-02;8.260921e-02;2.611372e-02;2.380524e-02
2.165027e-02;6.409955e-02;4.767127e-01;4.716597e-02;4.921158e-02;6.421720e-02;6.840955e-02;2.748082e-02;6.216763e-02;6.022567e-02;1.985159e-02;3.880749e-02
2.599543e-02;8.496694e-02;4.133908e-01;5.915642e-02;4.183515e-02;9.920166e-02;3.086223e-02;3.227145e-02;9.703133e-02;5.135799e-02;1.597947e-02;4.795104e-02
2.788104e-02;7.034390e-02;3.352396e-01;4.701498e-02;3.977716e-02;1.012501e-01;7.305826e-02;3.909772e-02;1.151935e-01;7.225342e-02;2.954782e-02;4.934239e-02
4.778407e-02;4.323404e-02;2.521755e-01;3.333143e-02;3.300270e-02;7.618548e-02;1.179528e-01;6.971139e-02;1.360579e-01;7.711530e-02;5.924483e-02;5.420468e-02
5.425563e-02;5.857958e-02;1.843276e-01;4.104973e-02;3.255540e-02;6.130845e-02;1.297421e-01;6.734131e-02;1.661889e-01;7.465122e-02;8.071529e-02;4.928482e-02
4.608812e-02;5.651803e-02;1.401605e-01;3.608773e-02;4.092093e-02;6.596605e-02;1.898922e-01;5.934899e-02;1.798801e-01;9.613261e-02;6.561285e-02;2.339199e-02
6.218309e-02;3.490832e-02;1.008672e-01;4.001216e-02;2.934306e-02;4.269190e-02;2.215523e-01;7.169001e-02;1.686034e-01;1.172441e-01;5.362514e-02;5.727928e-02
6.882961e-02;4.984371e-02;5.779751e-02;3.829076e-02;2.300699e-02;3.107702e-02;1.483385e-01;7.010524e-02;1.917160e-01;1.291282e-01;8.656443e-02;1.053021e-01
7.121284e-02;6.141016e-02;4.277294e-02;2.607058e-02;2.923027e-02;4.337884e-02;1.141499e-01;9.176544e-02;1.789432e-01;1.373549e-01;4.631713e-02;1.573938e-01
4.864094e-02;5.139866e-02;8.379833e-02;2.038796e-02;2.115674e-02;3.173031e-02;1.284859e-01;8.481817e-02;1.031000e-01;8.293040e-02;1.396417e-01;2.039108e-01
5.925984e-02;5.520686e-02;1.001321e-01;2.176050e-02;2.039668e-02;2.939419e-02;1.125444e-01;8.946463e-02;6.993764e-02;4.812980e-02;1.119933e-01;2.817801e-01
7.764606e-02;4.728949e-02;9.086323e-02;1.381915e-02;3.542368e-02;1.784373e-02;9.983187e-02;7.769980e-02;5.023215e-02;7.411469e-02;1.581865e-01;2.570498e-01
5.056924e-02;4.004487e-02;7.823174e-02;2.155331e-02;5.172170e-02;2.393615e-02;7.516134e-02;5.020967e-02;1.096540e-01;8.906656e-02;2.455558e-01;1.642956e-01
3.845314e-02;7.696618e-02;5.612379e-02;4.018154e-02;5.320338e-02;3.456116e-02;5.281010e-02;4.725780e-02;1.456878e-01;1.190120e-01;2.258733e-01;1.098699e-01
8.791877e-02;7.246693e-02;8.200891e-02;5.390237e-02;3.866940e-02;3.226290e-02;6.155140e-02;4.160010e-02;1.142182e-01;1.357883e-01;1.479796e-01;1.316332e-01
1.410459e-01;1.008328e-01;7.124896e-02;6.628239e-02;2.490711e-02;2.565682e-02;1.080517e-01;7.472115e-02;6.717222e-02;1.237224e-01;7.512619e-02;1.212324e-01
1.533987e-01;1.091265e-01;5.368803e-02;6.041140e-02;4.607943e-02;3.368284e-02;1.196646e-01;7.119957e-02;9.938327e-02;7.196233e-02;8.126448e-02;1.001388e-01
1.542466e-01;8.996622e-02;9.783088e-02;5.613966e-02;5.224955e-02;5.318420e-02;1.157410e-01;6.559281e-02;1.044874e-01;6.331589e-02;4.444841e-02;1.027973e-01
1.295398e-01;7.040289e-02;1.313910e-01;5.168070e-02;4.339841e-02;5.962250e-02;1.107533e-01;1.210664e-01;5.245573e-02;9.129278e-02;4.016476e-02;9.823184e-02
9.169589e-02;7.389293e-02;5.109389e-02;6.052881e-02;5.162285e-02;4.849371e-02;1.421813e-01;1.102225e-01;1.433817e-01;1.008679e-01;5.492277e-02;7.109581e-02
4.404402e-02;5.260657e-02;7.937954e-02;5.678520e-02;3.253113e-02;3.753500e-02;1.877406e-01;7.684156e-02;1.481156e-01;1.260843e-01;5.826395e-02;1.000725e-01
1.327215e-01;2.326613e-02;6.110260e-02;5.091385e-02;4.588061e-02;4.092346e-02;1.694756e-01;4.405364e-02;8.764251e-02;1.068859e-01;1.263756e-01;1.107585e-01
1.079560e-01;3.640868e-02;4.202719e-02;5.591281e-02;6.481453e-02;5.832152e-02;1.278155e-01;7.787304e-02;9.147646e-02;8.879370e-02;1.247083e-01;1.238923e-01
7.956484e-02;4.874517e-02;5.297665e-02;5.898787e-02;6.018109e-02;5.448931e-02;1.226169e-01;9.602934e-02;1.104327e-01;1.036142e-01;9.330341e-02;1.190585e-01
7.353017e-02;6.452150e-02;8.495646e-02;5.168853e-02;4.511059e-02;4.707903e-02;1.235013e-01;9.938517e-02;1.487964e-01;9.416956e-02;6.958079e-02;9.768051e-02
9.097134e-02;8.885781e-02;1.105759e-01;4.107000e-02;2.821415e-02;4.155485e-02;1.218624e-01;8.682847e-02;1.770459e-01;6.960372e-02;7.183979e-02;7.157560e-02
8.387864e-02;1.071951e-01;1.362870e-01;4.085650e-02;3.817772e-02;5.124476e-02;1.412115e-01;5.494163e-02;1.659242e-01;6.499939e-02;5.960918e-02;5.567446e-02
7.519437e-02;5.341240e-02;1.700882e-01;3.229276e-02;4.064925e-02;4.829616e-02;1.135099e-01;8.191847e-02;1.117218e-01;1.009840e-01;7.774004e-02;9.419264e-02
9.376893e-02;6.517997e-02;1.877228e-01;4.428366e-02;2.264339e-02;4.935446e-02;1.114175e-01;7.140714e-02;1.184394e-01;1.030430e-01;7.035680e-02;6.238289e-02
8.948579e-02;7.967166e-02;1.744958e-01;5.307300e-02;4.219079e-02;5.374578e-02;1.169288e-01;6.122755e-02;1.004032e-01;9.854254e-02;7.516968e-02;5.506542e-02
1.010079e-01;7.724344e-02;1.520718e-01;5.512904e-02;5.406355e-02;5.651743e-02;1.092637e-01;6.586495e-02;9.209295e-02;8.266319e-02;8.589377e-02;6.818818e-02
