3.112180e-02;1.886449e-01;1.380755e-01;2.786254e-02;5.868983e-02;4.294394e-02;1.332207e-01;2.333106e-01;6.777960e-02;3.134426e-02;2.698849e-02;2.001787e-02
3.312064e-02;1.748691e-01;1.560063e-01;1.354583e-02;6.560041e-02;7.290144e-02;5.075617e-02;2.722806e-01;6.685196e-02;3.432186e-02;3.108050e-02;2.866525e-02
2.561413e-02;1.576814e-01;1.588330e-01;1.051162e-02;5.277314e-02;6.755029e-02;9.005653e-02;2.958371e-01;4.956273e-02;2.463157e-02;4.060072e-02;2.634784e-02
1.809900e-02;1.251054e-01;1.588335e-01;1.194097e-02;3.287241e-02;5.603760e-02;1.200916e-01;3.069145e-01;7.882136e-02;2.515686e-02;4.426316e-02;2.186370e-02
7.426509e-02;1.249140e-01;8.413473e-02;4.006578e-02;6.583752e-02;8.169227e-02;7.377141e-02;2.377248e-01;7.531302e-02;6.883309e-02;2.389379e-02;4.955458e-02
9.493958e-02;1.576534e-01;5.091257e-02;5.659703e-02;9.060293e-02;4.739712e-02;5.388920e-02;1.389361e-01;7.222787e-02;1.411796e-01;3.634338e-02;5.932112e-02
7.945281e-02;1.995852e-01;5.233002e-02;4.739484e-02;9.457685e-02;5.381652e-02;4.547212e-02;1.216136e-01;5.543884e-02;1.657137e-01;4.200073e-02;4.260479e-02
4.852395e-02;2.634995e-01;5.394532e-02;3.584984e-02;9.477390e-02;6.077056e-02;3.369652e-02;1.398490e-01;3.754068e-02;1.721031e-01;3.852910e-02;2.091857e-02
2.667840e-02;2.800502e-01;3.131664e-02;3.862404e-02;8.641656e-02;8.498403e-02;3.369039e-02;1.448099e-01;3.989040e-02;1.577294e-01;5.382909e-02;2.198099e-02
3.220177e-02;1.990477e-01;1.015989e-01;3.568982e-02;5.881625e-02;1.306735e-01;3.999080e-02;8.464982e-02;6.065927e-02;1.147953e-01;1.171864e-01;2.469047e-02
2.697070e-02;1.466987e-01;1.617118e-01;2.605733e-02;3.720291e-02;1.736531e-01;3.605762e-02;4.222459e-02;8.607035e-02;7.664371e-02;1.569514e-01;2.975779e-02
3.462494e-02;1.328617e-01;1.557593e-01;4.815937e-02;3.275886e-02;1.603255e-01;5.260500e-02;4.037325e-02;9.212010e-02;5.341422e-02;1.383177e-01;5.868008e-02
4.749855e-02;1.394973e-01;1.153971e-01;7.686425e-02;7.941277e-02;7.880793e-02;7.170232e-02;6.842962e-02;9.647160e-02;6.087708e-02;9.583499e-02;6.920648e-02
5.245037e-02;9.396522e-02;7.760892e-02;7.095807e-02;1.168543e-01;8.917984e-02;5.570405e-02;1.215845e-01;1.062802e-01;9.702752e-02;7.499371e-02;4.339326e-02
4.469118e-02;9.009333e-02;1.008042e-01;5.530335e-02;9.759369e-02;1.158895e-01;4.793099e-02;1.328075e-01;8.403309e-02;1.284800e-01;7.444666e-02;2.792642e-02
2.807146e-02;1.103283e-01;1.393676e-01;3.683494e-02;5.810605e-02;8.671711e-02;4.200428e-02;1.149846e-01;8.075766e-02;1.532662e-01;1.293520e-01;2.020969e-02
2.979023e-02;2.001928e-01;5.702066e-02;4.738576e-02;6.738632e-02;8.572797e-02;4.391895e-02;9.191637e-02;1.038620e-01;1.222763e-01;1.279786e-01;2.254409e-02
3.255043e-02;2.687000e-01;9.657715e-02;5.325681e-02;7.802068e-02;1.042756e-01;4.280931e-02;9.216886e-02;7.170403e-02;7.172114e-02;6.486016e-02;2.335584e-02
3.817121e-02;2.502014e-01;9.459355e-02;3.571743e-02;6.265575e-02;1.243380e-01;2.431047e-02;7.268870e-02;6.558216e-02;9.201517e-02;1.042977e-01;3.542852e-02
3.595033e-02;1.837047e-01;1.012642e-01;2.748187e-02;3.682609e-02;1.671931e-01;4.236292e-02;6.962722e-02;6.372125e-02;9.353036e-02;1.450649e-01;3.327308e-02
4.279929e-02;1.050616e-01;8.813442e-02;3.599830e-02;6.067489e-02;1.942271e-01;7.322571e-02;1.024622e-01;6.928698e-02;8.466612e-02;1.189076e-01;2.455583e-02
6.263936e-02;6.457858e-02;8.462550e-02;7.269371e-02;9.781951e-02;1.221644e-01;7.873874e-02;1.031516e-01;1.052279e-01;9.098590e-02;8.483366e-02;3.254110e-02
3.934115e-02;6.373591e-02;9.734348e-02;6.519300e-02;1.041390e-01;1.015407e-01;6.810697e-02;1.229329e-01;1.048277e-01;1.164226e-01;7.736638e-02;3.905015e-02
3.069050e-02;1.145652e-01;1.193898e-01;3.758614e-02;7.939140e-02;1.249267e-01;6.102819e-02;1.362449e-01;1.018479e-01;1.104839e-01;5.761847e-02;2.622680e-02
7.069352e-02;2.030769e-01;1.897641e-01;3.858272e-02;4.487156e-02;1.079117e-01;3.416017e-02;1.266745e-01;7.680395e-02;6.029900e-02;1.059952e-02;3.656231e-02
8.318918e-02;3.693828e-01;1.844144e-01;2.970970e-02;2.572646e-02;6.015606e-02;1.061648e-02;9.349754e-02;6.135892e-02;3.058590e-02;2.259598e-02;2.876649e-02
6.501095e-02;5.176496e-01;1.670448e-01;2.381111e-02;1.060932e-02;3.701132e-02;8.641940e-03;4.729552e-02;7.008639e-02;1.900614e-02;1.929278e-02;1.454014e-02
6.520107e-02;6.076013e-01;1.458287e-01;1.376148e-02;1.128061e-02;1.959645e-02;1.280647e-02;2.186402e-02;7.655588e-02;8.472904e-03;9.079050e-03;7.952044e-03
6.574754e-02;6.194353e-01;9.740605e-02;1.396803e-02;1.530183e-02;2.319481e-02;1.271365e-02;3.856503e-02;8.383888e-02;1.707302e-02;3.488860e-03;9.266985e-03
7.145826e-02;5.910915e-01;8.559278e-02;1.443200e-02;9.631117e-03;4.174806e-02;1.043968e-02;4.185535e-02;1.027227e-01;1.800129e-02;6.537110e-03;6.490244e-03
4.594111e-02;5.644991e-01;9.311841e-02;1.417038e-02;1.275502e-02;7.165264e-02;1.153752e-02;3.278974e-02;1.208289e-01;1.305091e-02;1.172523e-02;7.931111e-03
2.109681e-02;5.345644e-01;1.062347e-01;1.613652e-02;6.830480e-03;1.030407e-01;5.803158e-03;2.820836e-02;1.360944e-01;2.189655e-02;1.360894e-02;6.484995e-03
1.619589e-02;4.374784e-01;1.599865e-01;1.551281e-02;7.716521e-03;1.123138e-01;2.227605e-02;3.053154e-02;1.231724e-01;5.066741e-02;1.399668e-02;1.015207e-02
1.326577e-02;3.012234e-01;2.466467e-01;1.268768e-02;1.256396e-02;6.901529e-02;8.949456e-02;4.542400e-02;8.736850e-02;1.043897e-01;8.916409e-03;9.004045e-03
1.222833e-02;2.297168e-01;2.881113e-01;1.470473e-02;8.915170e-03;2.158738e-02;1.488180e-01;5.806980e-02;4.791069e-02;1.553179e-01;8.193010e-03;6.426959e-03
1.471955e-02;2.354750e-01;2.870579e-01;1.729577e-02;1.059669e-02;1.184255e-02;1.186439e-01;6.137643e-02;2.031474e-02;1.759967e-01;2.917458e-02;1.750622e-02
3.200667e-02;2.071230e-01;2.930822e-01;2.395677e-02;2.344692e-02;2.945796e-02;5.024239e-02;4.896446e-02;4.931175e-02;1.650813e-01;4.940234e-02;2.792414e-02
3.913603e-02;2.313313e-01;3.124694e-01;2.727729e-02;2.524403e-02;5.109663e-02;2.888843e-02;3.714291e-02;5.406253e-02;1.148622e-01;4.641336e-02;3.207590e-02
3.908737e-02;3.026381e-01;3.150468e-01;2.143833e-02;1.967331e-02;5.791241e-02;3.318125e-02;4.316852e-02;4.818049e-02;6.050042e-02;2.849600e-02;3.067696e-02
4.604337e-02;3.094617e-01;2.745199e-01;2.629258e-02;1.693734e-02;5.543683e-02;6.086656e-02;4.122076e-02;5.926901e-02;5.801662e-02;2.869020e-02;2.324519e-02
4.027937e-02;2.976118e-01;2.593120e-01;3.129405e-02;1.683371e-02;5.783495e-02;6.436893e-02;3.980045e-02;6.941644e-02;6.741526e-02;2.593308e-02;2.989994e-02
4.140710e-02;3.454697e-01;2.743323e-01;2.754484e-02;1.892764e-02;5.582982e-02;3.052456e-02;6.358274e-02;5.801952e-02;4.648407e-02;1.855469e-02;1.932296e-02
4.769916e-02;3.996165e-01;2.652996e-01;2.760499e-02;1.014118e-02;4.045204e-02;4.500962e-02;5.535173e-02;3.970854e-02;4.047102e-02;1.991647e-02;8.729083e-03
4.093383e-02;3.615603e-01;2.578358e-01;2.882551e-02;7.666030e-03;4.151461e-02;6.332155e-02;4.158878e-02;6.181393e-02;5.143974e-02;3.768874e-02;5.811127e-03
3.494192e-02;3.093280e-01;2.043833e-01;4.360541e-02;1.771533e-02;5.375956e-02;7.026513e-02;8.037983e-02;9.040311e-02;4.684208e-02;3.824582e-02;1.013053e-02
3.778114e-02;2.969539e-01;2.471991e-01;4.109713e-02;1.964272e-02;5.324871e-02;4.537584e-02;6.483342e-02;8.488213e-02;6.998703e-02;2.527032e-02;1.372854e-02
4.942230e-02;2.596871e-01;3.066150e-01;3.228788e-02;2.528066e-02;6.388761e-02;3.666738e-02;5.495114e-02;4.962749e-02;9.049539e-02;2.109472e-02;9.983320e-03
3.620232e-02;2.749037e-01;3.171883e-01;3.754061e-02;2.025244e-02;7.289766e-02;6.719418e-02;4.686438e-02;2.844490e-02;7.758168e-02;1.056944e-02;1.036033e-02
2.975868e-02;2.980450e-01;3.338846e-01;3.382574e-02;2.166247e-02;7.681973e-02;5.606651e-02;4.765375e-02;2.696153e-02;5.910158e-02;7.971859e-03;8.248526e-03
3.570285e-02;2.797796e-01;3.711782e-01;2.332464e-02;2.280370e-02;8.212071e-02;3.114097e-02;5.108370e-02;2.978876e-02;4.741614e-02;1.640933e-02;9.251419e-03
4.782557e-02;2.954455e-01;3.718588e-01;2.314880e-02;2.255689e-02;5.482910e-02;3.795745e-02;3.875829e-02;3.987859e-02;3.827770e-02;2.152994e-02;7.933333e-03
5.566539e-02;3.215996e-01;2.961616e-01;2.331843e-02;2.609763e-02;5.351901e-02;5.947198e-02;3.927097e-02;5.472504e-02;3.676463e-02;1.893568e-02;1.446998e-02
5.615645e-02;3.115620e-01;2.488109e-01;2.122754e-02;3.436230e-02;5.575945e-02;5.400787e-02;5.414165e-02;6.602944e-02;5.293550e-02;1.996533e-02;2.504156e-02
5.506209e-02;2.983637e-01;2.736459e-01;2.408437e-02;3.517947e-02;4.851380e-02;3.479140e-02;6.117627e-02;5.773277e-02;5.752714e-02;2.421204e-02;2.971103e-02
4.211621e-02;2.487425e-01;3.231649e-01;3.906542e-02;3.593821e-02;6.603060e-02;5.265710e-02;5.161148e-02;5.356108e-02;4.260787e-02;2.589365e-02;1.861101e-02
2.202337e-02;3.174800e-01;3.242117e-01;3.223630e-02;2.861726e-02;7.362206e-02;5.669659e-02;3.787075e-02;5.013987e-02;2.506448e-02;1.878826e-02;1.324936e-02
2.561586e-02;3.338746e-01;3.206866e-01;1.927678e-02;2.142281e-02;5.797274e-02;4.578355e-02;5.209877e-02;5.760963e-02;2.210196e-02;2.275245e-02;2.080428e-02
3.396585e-02;2.808262e-01;2.443197e-01;2.215006e-02;3.291778e-02;5.936062e-02;5.932150e-02;7.783168e-02;8.944696e-02;4.485346e-02;2.990968e-02;2.509654e-02
3.656976e-02;3.031573e-01;2.119123e-01;2.507157e-02;2.726164e-02;4.394512e-02;5.120951e-02;6.078851e-02;1.230558e-01;7.629274e-02;1.926834e-02;2.146742e-02
2.284920e-02;3.091012e-01;2.823198e-01;2.549671e-02;2.343838e-02;5.319603e-02;3.227524e-02;3.622985e-02;1.021967e-01;9.097128e-02;1.120559e-02;1.071994e-02
1.808878e-02;3.050770e-01;3.413354e-01;1.555863e-02;2.180036e-02;6.370877e-02;3.338004e-02;3.205135e-02;6.307263e-02;7.404187e-02;1.706745e-02;1.481774e-02
3.765299e-02;2.734944e-01;2.999492e-01;1.664652e-02;3.629090e-02;7.961629e-02;3.093701e-02;5.653991e-02;4.999432e-02;6.199973e-02;2.016125e-02;3.671739e-02
6.033637e-02;1.852956e-01;1.755556e-01;3.287510e-02;4.464585e-02;1.195992e-01;5.954752e-02;6.446768e-02;6.815700e-02;8.359779e-02;4.574975e-02;6.017252e-02
4.315497e-02;2.006554e-01;1.401327e-01;4.612526e-02;4.598161e-02;1.080101e-01;5.375193e-02;6.330141e-02;8.995787e-02;1.036963e-01;6.714473e-02;3.808769e-02
1.244055e-01;1.763292e-01;1.014126e-01;5.610073e-02;5.139168e-02;6.778570e-02;3.931854e-02;7.899100e-02;9.307759e-02;1.013291e-01;6.309767e-02;4.676056e-02
1.928018e-01;1.037610e-01;5.842073e-02;9.198575e-02;3.261382e-02;3.999387e-02;7.084916e-02;9.289418e-02;6.652625e-02;9.964735e-02;3.875078e-02;1.117553e-01
1.404528e-01;7.230143e-02;6.087715e-02;1.320619e-01;1.527022e-02;3.544505e-02;1.222535e-01;6.770256e-02;5.489595e-02;7.976810e-02;4.705006e-02;1.719212e-01
7.071605e-02;6.756406e-02;1.203089e-01;1.146856e-01;2.080811e-02;6.182029e-02;1.202158e-01;3.917987e-02;9.399366e-02;4.037042e-02;1.108539e-01;1.394833e-01
4.899545e-02;4.700669e-02;2.041207e-01;4.015676e-02;2.334967e-02;1.088165e-01;8.142032e-02;2.709277e-02;1.380651e-01;3.291713e-02;1.885078e-01;5.955096e-02
5.046339e-02;6.383505e-02;1.832570e-01;4.283141e-02;2.317544e-02;1.307139e-01;6.309601e-02;3.879694e-02;1.202385e-01;5.303609e-02;1.588867e-01;7.166949e-02
6.117859e-02;1.245820e-01;1.563966e-01;6.475850e-02;2.301942e-02;1.235700e-01;6.049737e-02;6.155619e-02;7.990020e-02;6.015137e-02;1.021250e-01;8.226472e-02
7.982576e-02;1.613725e-01;1.548043e-01;8.504141e-02;1.804957e-02;6.260966e-02;4.387308e-02;6.765742e-02;7.770223e-02;5.615861e-02;9.251074e-02;1.003948e-01
9.677564e-02;1.287847e-01;1.672121e-01;8.702338e-02;1.109411e-02;6.755991e-02;5.202156e-02;5.974854e-02;8.282343e-02;6.296103e-02;9.050365e-02;9.349191e-02
1.086998e-01;1.191157e-01;2.028866e-01;4.019429e-02;1.530886e-02;8.873130e-02;4.623139e-02;5.797251e-02;8.851150e-02;7.488310e-02;9.463490e-02;6.283020e-02
7.712992e-02;1.459689e-01;2.016522e-01;4.800494e-02;2.899526e-02;7.784703e-02;8.166715e-02;5.519732e-02;7.542284e-02;7.896283e-02;9.114906e-02;3.800254e-02
7.351919e-02;1.255114e-01;1.924427e-01;6.891998e-02;3.649967e-02;8.178349e-02;9.116808e-02;7.456904e-02;5.546179e-02;6.153961e-02;6.686104e-02;7.172412e-02
7.235432e-02;1.093580e-01;1.575190e-01;7.840019e-02;4.094006e-02;1.561156e-01;5.315735e-02;8.394594e-02;7.780984e-02;5.977312e-02;7.519815e-02;3.542848e-02
1.114049e-01;7.333825e-02;8.800073e-02;6.871396e-02;6.669298e-02;1.391778e-01;6.450301e-02;9.009290e-02;7.761408e-02;5.596080e-02;8.813471e-02;7.636590e-02
1.437237e-01;7.013847e-02;6.050415e-02;8.933385e-02;5.874888e-02;8.103201e-02;8.936008e-02;1.214980e-01;5.648816e-02;7.885265e-02;5.349640e-02;9.682360e-02
1.461630e-01;6.910373e-02;2.740220e-02;1.347930e-01;2.558838e-02;4.014482e-02;1.217982e-01;9.469171e-02;4.191903e-02;9.021208e-02;3.793973e-02;1.702441e-01
8.268367e-02;9.144812e-02;4.033473e-02;1.316344e-01;1.785815e-02;3.633413e-02;1.642093e-01;5.180342e-02;3.623408e-02;6.224899e-02;4.954186e-02;2.356691e-01
3.844363e-02;1.077239e-01;5.174468e-02;8.318742e-02;1.849174e-02;6.380070e-02;1.837005e-01;4.338112e-02;4.062395e-02;3.150545e-02;1.106208e-01;2.267762e-01
3.922594e-02;8.709408e-02;5.826150e-02;6.234518e-02;2.350479e-02;9.732492e-02;1.440270e-01;4.677594e-02;6.282866e-02;5.443782e-02;1.692709e-01;1.549033e-01
6.019397e-02;5.664701e-02;5.700399e-02;7.143527e-02;3.478863e-02;1.185706e-01;1.099731e-01;5.874231e-02;7.801891e-02;6.305230e-02;1.675282e-01;1.240457e-01
9.824046e-02;4.100971e-02;5.763193e-02;5.244759e-02;3.122537e-02;1.152050e-01;1.468217e-01;8.898275e-02;5.606334e-02;5.721272e-02;1.562115e-01;9.894801e-02
1.069653e-01;3.432726e-02;8.078992e-02;4.375554e-02;3.216455e-02;1.782723e-01;1.077253e-01;4.927901e-02;4.250094e-02;3.433733e-02;2.393195e-01;5.056306e-02
1.220388e-01;3.936173e-02;9.244319e-02;3.139109e-02;2.144814e-02;2.239632e-01;5.257339e-02;2.039474e-02;3.575191e-02;2.019460e-02;3.005576e-01;3.988156e-02
1.208477e-01;4.795498e-02;1.228439e-01;1.951323e-02;1.747212e-02;2.328457e-01;1.355000e-02;1.837161e-02;3.476870e-02;2.795524e-02;3.160094e-01;2.786741e-02
1.029722e-01;3.777491e-02;1.586053e-01;2.076101e-02;2.058296e-02;2.318124e-01;3.394066e-02;1.765120e-02;2.760555e-02;3.755406e-02;2.947624e-01;1.597732e-02
9.775397e-02;3.873946e-02;1.557108e-01;2.831014e-02;2.192863e-02;2.307444e-01;3.144030e-02;3.085009e-02;3.560853e-02;5.345102e-02;2.554937e-01;1.996897e-02
9.850049e-02;5.739994e-02;1.173398e-01;3.045086e-02;1.537523e-02;2.283987e-01;7.789032e-02;3.445720e-02;4.199225e-02;6.550080e-02;1.904206e-01;4.227386e-02
9.769332e-02;7.656473e-02;9.515087e-02;4.534740e-02;3.931755e-02;1.960762e-01;1.134110e-01;3.594700e-02;4.916505e-02;5.200281e-02;1.297489e-01;6.957529e-02
5.655268e-02;8.282913e-02;1.007985e-01;7.180241e-02;3.123452e-02;1.266242e-01;9.545133e-02;4.474313e-02;4.834848e-02;5.493926e-02;2.222113e-01;6.446506e-02
4.929807e-02;1.345259e-01;1.167931e-01;6.990025e-02;2.763331e-02;5.295660e-02;5.437979e-02;7.642297e-02;4.395499e-02;5.282595e-02;2.371222e-01;8.418693e-02
5.955429e-02;1.426073e-01;1.256835e-01;4.207957e-02;3.699866e-02;1.187989e-01;5.972759e-02;9.755204e-02;5.124222e-02;5.589454e-02;1.110136e-01;9.884788e-02
4.135254e-02;9.593838e-02;1.276872e-01;5.843585e-02;2.070243e-02;1.733663e-01;3.315238e-02;9.276572e-02;6.387606e-02;5.515582e-02;1.575535e-01;8.001386e-02
2.982866e-02;7.357603e-02;1.202368e-01;7.436660e-02;8.797063e-03;1.823904e-01;5.979044e-02;6.431051e-02;4.740272e-02;1.964909e-02;2.437045e-01;7.594722e-02
3.425176e-02;6.001449e-02;1.264915e-01;5.876779e-02;1.442417e-02;1.855475e-01;4.128866e-02;5.623023e-02;4.419566e-02;3.591925e-02;2.517275e-01;9.114146e-02
4.622402e-02;8.134919e-02;1.414848e-01;3.076403e-02;1.820258e-02;1.847402e-01;4.269718e-02;6.427938e-02;5.979382e-02;4.998244e-02;1.780898e-01;1.023926e-01
6.033295e-02;8.314274e-02;1.385066e-01;3.899285e-02;2.065633e-02;1.645992e-01;1.172104e-01;7.871780e-02;5.257691e-02;5.294552e-02;1.252003e-01;6.711826e-02
5.835208e-02;6.348755e-02;1.598079e-01;7.067976e-02;2.000613e-02;1.256536e-01;1.411342e-01;7.432723e-02;6.287107e-02;5.201316e-02;1.259671e-01;4.570018e-02
3.612785e-02;4.784582e-02;1.735029e-01;1.152465e-01;3.091884e-02;9.556121e-02;1.272597e-01;7.908545e-02;7.834721e-02;3.967208e-02;1.112693e-01;6.516311e-02
4.812165e-02;8.739364e-02;1.194448e-01;1.047053e-01;2.508518e-02;9.884648e-02;1.134326e-01;8.843740e-02;7.633611e-02;5.874911e-02;1.160890e-01;6.335878e-02
3.483622e-02;8.851270e-02;1.243101e-01;7.258894e-02;1.950904e-02;1.214702e-01;7.386323e-02;8.800577e-02;8.801398e-02;5.661792e-02;1.667278e-01;6.554403e-02
5.609019e-02;9.601650e-02;1.333926e-01;4.401413e-02;2.720929e-02;9.030223e-02;8.084142e-02;7.576755e-02;8.221864e-02;5.527314e-02;1.970848e-01;6.178953e-02
7.248719e-02;1.017603e-01;1.321831e-01;7.263072e-02;3.926528e-02;1.986915e-02;1.126075e-01;9.282837e-02;6.667911e-02;3.731501e-02;1.563917e-01;9.598266e-02
4.590999e-02;1.019326e-01;1.132938e-01;1.142850e-01;4.091530e-02;7.610282e-02;1.036684e-01;8.552055e-02;7.314223e-02;5.448275e-02;4.428392e-02;1.464626e-01
5.341572e-02;1.217972e-01;1.138734e-01;1.179976e-01;4.045760e-02;1.376129e-01;6.325361e-02;7.392351e-02;6.891172e-02;6.268970e-02;5.031053e-02;9.575647e-02
5.976672e-02;1.559031e-01;1.834880e-01;7.950380e-02;3.119532e-02;1.518110e-01;4.197631e-02;7.014682e-02;5.863758e-02;4.025757e-02;7.351718e-02;5.379651e-02
6.384191e-02;2.369095e-01;2.460262e-01;3.728525e-02;1.330397e-02;8.727580e-02;4.886062e-02;5.084674e-02;5.607508e-02;2.810680e-02;6.706890e-02;6.439924e-02
5.817143e-02;2.765413e-01;2.770265e-01;2.994557e-02;8.917985e-03;6.320877e-02;4.630539e-02;5.519688e-02;5.062513e-02;2.277907e-02;5.826288e-02;5.301904e-02
4.432878e-02;2.812319e-01;3.220797e-01;2.289821e-02;9.225029e-03;5.228696e-02;3.250369e-02;8.756888e-02;3.157929e-02;9.708462e-03;6.901433e-02;3.757485e-02
2.852992e-02;2.845542e-01;3.782811e-01;1.726093e-02;5.767792e-03;4.872203e-02;1.687560e-02;1.055621e-01;2.008560e-02;9.264331e-03;6.535164e-02;1.974477e-02
2.963374e-02;2.948391e-01;4.059921e-01;1.477857e-02;8.041676e-03;3.123892e-02;1.189832e-02;1.060159e-01;2.526612e-02;2.027064e-02;3.654890e-02;1.547600e-02
3.251082e-02;2.551519e-01;4.086859e-01;2.610743e-02;1.378876e-02;2.055516e-02;1.527536e-02;1.216089e-01;3.273871e-02;3.235144e-02;1.964260e-02;2.158299e-02
2.424036e-02;1.745399e-01;3.663194e-01;3.966463e-02;1.484733e-02;3.894342e-02;2.404658e-02;1.233986e-01;4.749059e-02;7.465602e-02;4.880017e-02;2.305300e-02
2.504327e-02;1.666858e-01;3.726059e-01;4.685038e-02;1.330152e-02;2.972966e-02;3.271507e-02;8.101818e-02;3.172855e-02;1.190292e-01;5.888464e-02;2.240789e-02
1.962006e-02;1.965040e-01;3.927532e-01;4.681278e-02;1.718983e-02;4.754048e-02;3.550103e-02;4.046259e-02;1.835162e-02;1.264605e-01;4.091514e-02;1.788869e-02
2.806872e-02;2.091927e-01;3.815116e-01;4.162682e-02;1.727819e-02;6.264704e-02;5.125633e-02;2.893886e-02;1.826990e-02;1.062084e-01;3.299040e-02;2.201108e-02
3.821502e-02;1.850245e-01;3.692845e-01;3.070005e-02;1.984625e-02;8.018854e-02;1.094636e-01;3.593789e-02;1.818169e-02;8.523200e-02;1.459942e-02;1.332647e-02
4.028208e-02;1.410144e-01;3.391566e-01;4.385204e-02;1.017794e-02;6.345823e-02;1.575575e-01;3.724504e-02;2.979102e-02;7.294147e-02;5.378162e-02;1.074208e-02
4.351960e-02;1.012473e-01;2.575864e-01;5.324382e-02;1.417238e-02;5.008171e-02;2.342953e-01;5.065199e-02;4.058719e-02;6.934234e-02;6.424658e-02;2.102545e-02
3.203711e-02;1.158360e-01;3.465068e-01;3.829404e-02;1.067896e-02;3.467897e-02;2.447516e-01;3.909241e-02;2.831664e-02;5.402387e-02;3.941727e-02;1.636631e-02
2.464202e-02;1.189411e-01;3.879846e-01;2.967866e-02;1.388072e-02;3.897515e-02;2.256786e-01;3.190463e-02;2.253311e-02;6.634640e-02;2.479793e-02;1.463708e-02
2.279660e-02;1.313570e-01;3.762237e-01;2.243796e-02;1.900057e-02;4.283121e-02;1.675326e-01;5.088205e-02;4.151709e-02;7.617110e-02;3.068367e-02;1.856644e-02
2.292995e-02;1.292499e-01;2.593132e-01;3.400667e-02;3.428259e-02;1.061357e-01;7.760815e-02;6.511401e-02;1.136840e-01;8.923331e-02;2.710753e-02;4.133494e-02
1.895165e-02;1.623577e-01;1.572923e-01;2.716534e-02;2.851311e-02;1.433836e-01;4.926788e-02;4.508122e-02;1.450990e-01;1.285658e-01;3.072261e-02;6.359975e-02
2.359420e-02;2.060363e-01;1.049550e-01;2.266846e-02;1.605119e-02;1.435995e-01;3.321398e-02;2.459952e-02;1.583775e-01;1.238822e-01;4.093324e-02;1.020890e-01
3.285882e-02;2.571862e-01;9.423822e-02;3.712574e-02;1.328409e-02;1.265268e-01;2.254792e-02;2.282418e-02;1.816380e-01;5.939076e-02;3.917420e-02;1.132050e-01
3.167945e-02;2.779877e-01;1.494149e-01;4.242372e-02;1.567877e-02;1.060188e-01;2.062938e-02;1.997658e-02;2.056081e-01;2.362015e-02;2.923025e-02;7.773226e-02
1.690724e-02;2.721926e-01;1.476742e-01;4.130699e-02;2.073769e-02;1.160818e-01;1.130570e-02;2.921833e-02;2.432283e-01;2.568310e-02;2.125933e-02;5.440459e-02
2.728190e-02;2.250836e-01;1.069918e-01;3.491331e-02;2.074377e-02;1.477196e-01;1.514706e-02;5.032994e-02;2.743237e-01;4.568857e-02;1.303588e-02;3.874085e-02
3.930154e-02;2.368156e-01;1.564345e-01;2.449025e-02;1.364978e-02;1.145189e-01;1.200157e-02;5.711232e-02;2.561786e-01;4.393297e-02;1.391423e-02;3.164976e-02
4.860925e-02;2.593593e-01;2.100253e-01;2.498314e-02;7.075948e-03;6.649962e-02;1.485073e-02;3.741183e-02;2.196010e-01;5.312638e-02;2.253213e-02;3.592537e-02
5.381444e-02;2.945147e-01;2.420360e-01;2.523637e-02;5.293042e-03;4.760600e-02;1.642168e-02;2.799362e-02;1.780077e-01;4.711526e-02;2.443736e-02;3.752374e-02
4.616143e-02;2.819386e-01;2.696998e-01;2.132503e-02;7.077797e-03;5.830270e-02;3.627159e-02;2.959822e-02;1.382086e-01;5.652958e-02;1.566254e-02;3.922410e-02
5.743441e-02;2.099331e-01;2.382363e-01;4.191154e-02;1.387796e-02;8.025138e-02;7.423422e-02;4.242373e-02;1.231749e-01;6.530000e-02;1.586528e-02;3.735717e-02
6.441503e-02;1.979293e-01;2.055425e-01;3.078648e-02;2.035102e-02;8.914012e-02;7.242242e-02;6.071374e-02;1.367084e-01;6.313330e-02;2.658225e-02;3.227543e-02
6.583167e-02;2.701276e-01;2.657352e-01;1.772778e-02;3.081664e-02;5.647868e-02;3.665705e-02;7.532126e-02;9.110120e-02;4.740850e-02;2.257500e-02;2.021951e-02
7.020270e-02;3.508995e-01;2.425146e-01;1.649339e-02;3.278485e-02;4.653068e-02;1.474332e-02;1.168082e-01;5.685874e-02;2.930143e-02;1.364386e-02;9.218738e-03
7.935169e-02;3.251544e-01;2.155733e-01;2.893378e-02;4.732462e-02;5.657001e-02;2.541716e-02;1.404214e-01;3.207942e-02;2.959211e-02;8.192460e-03;1.138967e-02
7.112853e-02;2.113790e-01;1.483907e-01;6.005106e-02;5.011652e-02;9.335519e-02;5.877010e-02;1.726606e-01;4.805164e-02;5.633628e-02;6.612191e-03;2.314824e-02
4.226760e-02;9.896859e-02;5.887287e-02;1.015084e-01;3.294861e-02;8.575565e-02;1.330087e-01;2.191241e-01;6.677820e-02;8.601372e-02;6.350905e-03;6.840265e-02
5.497161e-02;7.103197e-02;2.784118e-02;1.332975e-01;2.160953e-02;3.552722e-02;1.764752e-01;1.967777e-01;5.314692e-02;8.280256e-02;5.004324e-03;1.415143e-01
6.853951e-02;1.111914e-01;2.008537e-02;1.443034e-01;1.208648e-02;1.932006e-02;2.012292e-01;1.069097e-01;3.145764e-02;4.953814e-02;6.690840e-03;2.286481e-01
8.718337e-02;1.313124e-01;2.036789e-02;1.657241e-01;6.585416e-03;1.381920e-02;1.975208e-01;3.977090e-02;1.991378e-02;2.592198e-02;1.292927e-02;2.789510e-01
6.975430e-02;1.102328e-01;4.270833e-02;2.157384e-01;1.228839e-02;2.172401e-02;1.793243e-01;2.738492e-02;2.348148e-02;1.451545e-02;1.873706e-02;2.641106e-01
2.978180e-02;9.166303e-02;7.400817e-02;2.479479e-01;2.214221e-02;2.743238e-02;1.774926e-01;4.474326e-02;2.929117e-02;1.818826e-02;3.100530e-02;2.063039e-01
1.650069e-02;6.436341e-02;1.011493e-01;2.238992e-01;2.219180e-02;2.792310e-02;1.776319e-01;7.355179e-02;3.836792e-02;2.075392e-02;3.941049e-02;1.942566e-01
1.765115e-02;8.824921e-02;1.219392e-01;1.718885e-01;1.421478e-02;3.344619e-02;1.699290e-01;8.453201e-02;4.400423e-02;1.697389e-02;3.569282e-02;2.014789e-01
1.205572e-02;1.342310e-01;9.893347e-02;1.676138e-01;8.652864e-03;3.127870e-02;1.678381e-01;5.634483e-02;2.988699e-02;2.320646e-02;2.630641e-02;2.436517e-01
1.761899e-02;1.427682e-01;5.802960e-02;1.884018e-01;1.195061e-02;2.600188e-02;1.753829e-01;2.577730e-02;2.927981e-02;4.550750e-02;1.105526e-02;2.682261e-01
3.043417e-02;1.118873e-01;5.572819e-02;1.630931e-01;1.844398e-02;2.596473e-02;1.677503e-01;2.997568e-02;3.107694e-02;6.471208e-02;4.515800e-02;2.557755e-01
4.073110e-02;8.568774e-02;7.103971e-02;9.149958e-02;2.158410e-02;6.619636e-02;1.794535e-01;6.677122e-02;3.480397e-02;6.876601e-02;6.403001e-02;2.094367e-01
3.132338e-02;9.892876e-02;8.216035e-02;5.074651e-02;3.315341e-02;1.234565e-01;1.981607e-01;8.864203e-02;4.811694e-02;5.604266e-02;4.688688e-02;1.423819e-01
3.690727e-02;1.368583e-01;1.276054e-01;7.608468e-02;3.787872e-02;1.132372e-01;1.682206e-01;7.891403e-02;6.546825e-02;5.316242e-02;2.985023e-02;7.581289e-02
6.758948e-02;1.464938e-01;1.589405e-01;3.547835e-02;2.627325e-02;5.066218e-02;1.275741e-01;7.395346e-02;9.584773e-02;4.954544e-02;2.250690e-02;1.451348e-01
7.416481e-02;1.196731e-01;1.399063e-01;4.639145e-02;1.277014e-02;5.851857e-02;7.849274e-02;7.761463e-02;1.155721e-01;5.866163e-02;2.757250e-02;1.906620e-01
6.537012e-02;1.423978e-01;1.098972e-01;8.343363e-02;2.300032e-02;6.859624e-02;1.012605e-01;6.119916e-02;8.119803e-02;4.461886e-02;1.360633e-02;2.054218e-01
7.041047e-02;1.627854e-01;9.237681e-02;9.499732e-02;2.503415e-02;4.169830e-02;1.608828e-01;7.940948e-02;4.153841e-02;3.826422e-02;1.327756e-02;1.793251e-01
6.526545e-02;1.199511e-01;9.231301e-02;1.082896e-01;2.283953e-02;3.900259e-02;2.246481e-01;6.481298e-02;4.600802e-02;3.277124e-02;3.375465e-02;1.503437e-01
4.533457e-02;7.466094e-02;8.602991e-02;1.397886e-01;2.094901e-02;5.157800e-02;2.643928e-01;4.488158e-02;7.485160e-02;2.880500e-02;5.632233e-02;1.124057e-01
3.081016e-02;5.645455e-02;7.987283e-02;1.349066e-01;1.803423e-02;8.636531e-02;2.512770e-01;5.498635e-02;9.284002e-02;3.818253e-02;5.903127e-02;9.723910e-02
3.548277e-02;7.861789e-02;9.055230e-02;1.096016e-01;1.845896e-02;9.386203e-02;2.247488e-01;7.848462e-02;7.939152e-02;4.840979e-02;3.503517e-02;1.073546e-01
3.299145e-02;6.859259e-02;1.085347e-01;8.996951e-02;2.999964e-02;9.015126e-02;1.878877e-01;1.017963e-01;5.797322e-02;3.720729e-02;3.146015e-02;1.634362e-01
3.512587e-02;9.224576e-02;9.577273e-02;9.299923e-02;3.911722e-02;7.641888e-02;1.234205e-01;8.249141e-02;8.147661e-02;3.221989e-02;4.461430e-02;2.040976e-01
3.747617e-02;1.170381e-01;1.225473e-01;1.727744e-01;4.562087e-02;5.422230e-02;8.727156e-02;6.331390e-02;8.595070e-02;2.793050e-02;1.495517e-02;1.708990e-01
3.372972e-02;9.067500e-02;1.406450e-01;2.110069e-01;4.501433e-02;6.202055e-02;6.016535e-02;9.431434e-02;1.059655e-01;2.488215e-02;2.929483e-02;1.022862e-01
2.755607e-02;8.752432e-02;1.456013e-01;1.892208e-01;4.907357e-02;6.241265e-02;1.030543e-01;9.678341e-02;1.240897e-01;3.383827e-02;2.478146e-02;5.606415e-02
3.850335e-02;1.077560e-01;9.821515e-02;1.501745e-01;5.388046e-02;5.642421e-02;1.566498e-01;1.047235e-01;1.123940e-01;3.187643e-02;3.580316e-02;5.359937e-02
3.742784e-02;8.308713e-02;6.768612e-02;1.540485e-01;6.073107e-02;6.140567e-02;1.661547e-01;9.836517e-02;1.016654e-01;2.970254e-02;2.642178e-02;1.133041e-01
3.441157e-02;7.052438e-02;7.461809e-02;1.611302e-01;6.053035e-02;4.483013e-02;1.503583e-01;1.064985e-01;9.272199e-02;2.805698e-02;3.073065e-02;1.455889e-01
3.090115e-02;8.923683e-02;7.556625e-02;1.575874e-01;4.999398e-02;9.640107e-02;1.048180e-01;8.298230e-02;9.714012e-02;2.383474e-02;4.987675e-02;1.416614e-01
3.610330e-02;1.438026e-01;1.052300e-01;1.460470e-01;3.391875e-02;9.368216e-02;1.045805e-01;5.964153e-02;8.863635e-02;3.268303e-02;5.083885e-02;1.048360e-01
4.598397e-02;1.302896e-01;1.034171e-01;1.254446e-01;2.264922e-02;6.478281e-02;1.664101e-01;7.915346e-02;7.757866e-02;5.426799e-02;2.337702e-02;1.066454e-01
4.725233e-02;7.409865e-02;1.207723e-01;1.620717e-01;2.160451e-02;6.301001e-02;1.678800e-01;7.417186e-02;7.085524e-02;7.041137e-02;1.835821e-02;1.095139e-01
3.679586e-02;6.586438e-02;9.089252e-02;2.111344e-01;3.172667e-02;6.127427e-02;2.135283e-01;7.040104e-02;5.064183e-02;5.328354e-02;1.409404e-02;1.003631e-01
2.434650e-02;7.935360e-02;5.691943e-02;1.689859e-01;6.900046e-02;8.612539e-02;2.681619e-01;7.971739e-02;4.517639e-02;2.602261e-02;1.407481e-02;8.211567e-02
2.358568e-02;5.818641e-02;4.601667e-02;7.450759e-02;1.559523e-01;1.228118e-01;2.509553e-01;1.202917e-01;4.638425e-02;2.325987e-02;1.860416e-02;5.944435e-02
2.765320e-02;3.612214e-02;5.330511e-02;5.200712e-02;1.826552e-01;1.531866e-01;1.721429e-01;9.411427e-02;1.045101e-01;3.708382e-02;3.827923e-02;4.894035e-02
2.816797e-02;5.588580e-02;8.293138e-02;6.326146e-02;1.370703e-01;1.674125e-01;9.239919e-02;7.766972e-02;1.379634e-01;5.119086e-02;5.163640e-02;5.441102e-02
2.636717e-02;7.758769e-02;8.880825e-02;8.034821e-02;1.095758e-01;1.480591e-01;4.873516e-02;1.007852e-01;1.400645e-01;6.029491e-02;4.724768e-02;7.212639e-02
3.066865e-02;7.668803e-02;8.785775e-02;1.002405e-01;1.267589e-01;9.038018e-02;4.605311e-02;1.374237e-01;1.275779e-01;5.710581e-02;3.527886e-02;8.396660e-02
2.733133e-02;8.720282e-02;7.477099e-02;1.034808e-01;1.488127e-01;7.161758e-02;5.168975e-02;1.295769e-01;1.533084e-01;5.936791e-02;3.425184e-02;5.858908e-02
2.004758e-02;7.479393e-02;6.934854e-02;9.397793e-02;1.534183e-01;7.644302e-02;5.186949e-02;1.219123e-01;1.872305e-01;6.451974e-02;2.970527e-02;5.673350e-02
3.235831e-02;5.240338e-02;7.515711e-02;9.035295e-02;1.311002e-01;7.487443e-02;5.886853e-02;1.618986e-01;1.895145e-01;5.020016e-02;2.586546e-02;5.740632e-02
3.596908e-02;6.364972e-02;6.313277e-02;1.024188e-01;8.997895e-02;1.221407e-01;9.715152e-02;1.373997e-01;1.654191e-01;3.996268e-02;1.947400e-02;6.330292e-02
3.995289e-02;1.115790e-01;7.512462e-02;1.091124e-01;2.982291e-02;7.720198e-02;1.155609e-01;1.271843e-01;1.763502e-01;3.501991e-02;3.308684e-02;7.000403e-02
4.253500e-02;1.002594e-01;7.450818e-02;9.126507e-02;4.903756e-02;6.902847e-02;7.855543e-02;1.622225e-01;2.044805e-01;3.236760e-02;2.697429e-02;6.876604e-02
4.396079e-02;6.493486e-02;6.212835e-02;8.340967e-02;9.134394e-02;8.089358e-02;7.584878e-02;1.563573e-01;2.339097e-01;2.686282e-02;2.210865e-02;5.824159e-02
4.308215e-02;1.799383e-02;5.465836e-02;9.929455e-02;9.375064e-02;7.171149e-02;8.015736e-02;1.970723e-01;2.350648e-01;2.494668e-02;2.433065e-02;5.793725e-02
3.842110e-02;5.229305e-02;6.127567e-02;1.050673e-01;4.619458e-02;3.162508e-02;4.245013e-02;2.658803e-01;2.489952e-01;2.287946e-02;2.211894e-02;6.279925e-02
3.678518e-02;5.658842e-02;5.360719e-02;7.522997e-02;3.261038e-02;4.275369e-02;1.698630e-02;3.383477e-01;2.706695e-01;1.848778e-02;1.661989e-02;4.131400e-02
3.386292e-02;4.758806e-02;4.732364e-02;3.607056e-02;3.856596e-02;4.563064e-02;1.662349e-02;3.860656e-01;2.651556e-01;2.316765e-02;1.085849e-02;4.908748e-02
1.964899e-02;4.806268e-02;8.131494e-02;5.051121e-02;3.007834e-02;6.317760e-02;3.150874e-02;3.526342e-01;2.134076e-01;2.319176e-02;1.146215e-02;7.500176e-02
2.071362e-02;6.231833e-02;1.287338e-01;5.860198e-02;3.454804e-02;5.615197e-02;8.373534e-02;2.822292e-01;1.373198e-01;3.229610e-02;1.779656e-02;8.555526e-02
1.917055e-02;5.611435e-02;1.530092e-01;3.815819e-02;3.869634e-02;5.910122e-02;1.222738e-01;2.610539e-01;1.077839e-01;4.477743e-02;1.851278e-02;8.134842e-02
2.418119e-02;8.764578e-02;1.691917e-01;3.755791e-02;3.933442e-02;5.989723e-02;1.034007e-01;2.634878e-01;9.796485e-02;3.592844e-02;1.909256e-02;6.231744e-02
2.065834e-02;1.095297e-01;1.693933e-01;4.325100e-02;4.061685e-02;9.142412e-02;6.704077e-02;3.000261e-01;8.924100e-02;1.803729e-02;2.845532e-02;2.232621e-02
1.440567e-02;1.331906e-01;1.336434e-01;3.651228e-02;4.021733e-02;1.078202e-01;7.191081e-02;3.149094e-01;5.086850e-02;1.638398e-02;3.770719e-02;4.243068e-02
1.203668e-02;1.553939e-01;1.173301e-01;2.868924e-02;2.705536e-02;8.849229e-02;6.110820e-02;3.301175e-01;6.367673e-02;1.839793e-02;4.337284e-02;5.432931e-02
8.253885e-03;1.606947e-01;1.115959e-01;3.151147e-02;2.015172e-02;1.094440e-01;4.705646e-02;3.105431e-01;8.969316e-02;2.195938e-02;4.127839e-02;4.781794e-02
1.703626e-02;1.639348e-01;9.463861e-02;3.776680e-02;1.971967e-02;1.555033e-01;5.293002e-02;2.325361e-01;1.083830e-01;3.398880e-02;3.807783e-02;4.548480e-02
2.271227e-02;1.589027e-01;5.781905e-02;3.674017e-02;1.915043e-02;1.989901e-01;6.241629e-02;2.158843e-01;1.163162e-01;3.406736e-02;2.682431e-02;5.017687e-02
2.001508e-02;1.600719e-01;7.411646e-02;2.776984e-02;1.750455e-02;2.209290e-01;6.538282e-02;2.585008e-01;7.062582e-02;2.872013e-02;2.498168e-02;3.138197e-02
3.357671e-02;1.814285e-01;1.062135e-01;3.117446e-02;2.099843e-02;2.101861e-01;7.570392e-02;2.223848e-01;5.112381e-02;2.099657e-02;1.184135e-02;3.437195e-02
3.515252e-02;1.511221e-01;9.676231e-02;2.999866e-02;2.725708e-02;1.956436e-01;9.052158e-02;1.588426e-01;1.054520e-01;2.108887e-02;3.193320e-02;5.622546e-02
2.071100e-02;8.054996e-02;4.865001e-02;1.964607e-02;3.816287e-02;2.840695e-01;8.027837e-02;2.116226e-01;1.200404e-01;2.655919e-02;2.282537e-02;4.688467e-02
2.101898e-02;5.147155e-02;7.174759e-02;3.515642e-02;3.496055e-02;3.030370e-01;4.439586e-02;2.259770e-01;1.473592e-01;3.393611e-02;9.551145e-03;2.138867e-02
2.383396e-02;9.944822e-02;1.139179e-01;4.877717e-02;3.299353e-02;2.771282e-01;3.661353e-02;1.297390e-01;1.803984e-01;2.802083e-02;1.614992e-02;1.297932e-02
2.132438e-02;1.037504e-01;7.651039e-02;4.430086e-02;2.535617e-02;2.490415e-01;3.936102e-02;1.890794e-01;1.774938e-01;3.446423e-02;2.209793e-02;1.721997e-02
2.412809e-02;9.186959e-02;1.042366e-01;4.478505e-02;2.001705e-02;2.561920e-01;4.267956e-02;1.951099e-01;1.529993e-01;2.632939e-02;1.677618e-02;2.487731e-02
2.668672e-02;1.133468e-01;1.350172e-01;3.955730e-02;2.823775e-02;2.589886e-01;2.868596e-02;1.590777e-01;1.316918e-01;2.003559e-02;1.519077e-02;4.348382e-02
1.737906e-02;1.019328e-01;1.316295e-01;4.077799e-02;3.298933e-02;1.955771e-01;2.591778e-02;2.228446e-01;1.337171e-01;2.707510e-02;1.362339e-02;5.653619e-02
2.803189e-02;8.276459e-02;1.706300e-01;8.877936e-02;4.077956e-02;1.045075e-01;4.716412e-02;1.575918e-01;1.476356e-01;3.340681e-02;2.547352e-02;7.323528e-02
5.305189e-02;1.599502e-01;1.688956e-01;6.958196e-02;2.997959e-02;1.133724e-01;5.453827e-02;1.687231e-01;8.941071e-02;2.236949e-02;1.234936e-02;5.777750e-02
7.759932e-02;1.796355e-01;1.315943e-01;5.233628e-02;2.838614e-02;1.865631e-01;5.149141e-02;1.134717e-01;8.661316e-02;3.229132e-02;1.310554e-02;4.691224e-02
8.242773e-02;1.463609e-01;8.591161e-02;3.902820e-02;2.767068e-02;2.429653e-01;5.964606e-02;8.660178e-02;1.120074e-01;4.853510e-02;3.278517e-02;3.606004e-02
6.144012e-02;9.576668e-02;8.488443e-02;2.787475e-02;1.758238e-02;1.925422e-01;7.398258e-02;1.960337e-01;1.443641e-01;4.302425e-02;3.209477e-02;3.041003e-02
4.519112e-02;9.506229e-02;9.494971e-02;2.644161e-02;2.176533e-02;1.180062e-01;3.303865e-02;3.105069e-01;1.477713e-01;4.128835e-02;2.752599e-02;3.845259e-02
4.202370e-02;1.622939e-01;8.880273e-02;2.302245e-02;2.386186e-02;1.112701e-01;3.647631e-02;3.169804e-01;9.202170e-02;3.464073e-02;1.753136e-02;5.107472e-02
2.966461e-02;1.488135e-01;5.870190e-02;1.398963e-02;1.809236e-02;1.314286e-01;4.372974e-02;3.363938e-01;1.254308e-01;2.902795e-02;1.707159e-02;4.765541e-02
3.511784e-02;1.565524e-01;5.421787e-02;2.244453e-02;1.638747e-02;8.983413e-02;5.147469e-02;3.666091e-01;1.133329e-01;2.231138e-02;3.508797e-02;3.662972e-02
2.867157e-02;1.408032e-01;9.072959e-02;2.337041e-02;1.722294e-02;1.586483e-01;5.699870e-02;3.270279e-01;8.482581e-02;1.318238e-02;2.459600e-02;3.392321e-02
1.408247e-02;9.690367e-02;1.211840e-01;1.863176e-02;1.346094e-02;2.744778e-01;6.179111e-02;2.878515e-01;4.563874e-02;1.002709e-02;1.271840e-02;4.323247e-02
1.676704e-02;1.018615e-01;1.393620e-01;2.056981e-02;2.504711e-02;3.015743e-01;5.008762e-02;2.026505e-01;8.229208e-02;9.518059e-03;5.945321e-03;4.432465e-02
2.352585e-02;1.437191e-01;1.454062e-01;3.515230e-02;2.768217e-02;2.823288e-01;5.622377e-02;9.269132e-02;1.183043e-01;1.355258e-02;1.392296e-02;4.749060e-02
2.168640e-02;1.053748e-01;1.263375e-01;3.334307e-02;2.449362e-02;2.395917e-01;6.597509e-02;1.779659e-01;1.520267e-01;1.243263e-02;8.595960e-03;3.217653e-02
2.218163e-02;1.000002e-01;1.078018e-01;3.519914e-02;2.417374e-02;2.292054e-01;4.642188e-02;2.194031e-01;1.790401e-01;1.186248e-02;9.397597e-03;1.531302e-02
2.889847e-02;9.376370e-02;6.905297e-02;2.629030e-02;2.070064e-02;1.970877e-01;1.858211e-02;3.149472e-01;1.746209e-01;1.605136e-02;1.089333e-02;2.911140e-02
3.241262e-02;1.100654e-01;5.988444e-02;1.381614e-02;2.593474e-02;1.749377e-01;5.668173e-02;2.444939e-01;1.939127e-01;2.278775e-02;1.669130e-02;4.838162e-02
3.189073e-02;1.586176e-01;1.007961e-01;2.357886e-02;2.480082e-02;1.313929e-01;5.377314e-02;1.768539e-01;1.946256e-01;2.213107e-02;2.865647e-02;5.288291e-02
2.964666e-02;1.234212e-01;1.262016e-01;3.425522e-02;1.681731e-02;1.438396e-01;2.333006e-02;2.857022e-01;1.482905e-01;1.527345e-02;1.743464e-02;3.578749e-02
1.432962e-02;7.025515e-02;1.311344e-01;2.263888e-02;1.500655e-02;1.861093e-01;1.248933e-02;3.496630e-01;1.441885e-01;1.351641e-02;7.553097e-03;3.311567e-02
1.396630e-02;6.807406e-02;1.284336e-01;2.770096e-02;2.463005e-02;1.803920e-01;2.448127e-02;3.386051e-01;1.113838e-01;1.964738e-02;1.940666e-02;4.327871e-02
2.172772e-02;9.728312e-02;1.305182e-01;3.647804e-02;4.271656e-02;1.624289e-01;3.482055e-02;2.615773e-01;1.114617e-01;3.126600e-02;3.216212e-02;3.755982e-02
3.184794e-02;1.187336e-01;1.466151e-01;4.405652e-02;3.859336e-02;1.395008e-01;3.830315e-02;2.107389e-01;1.176436e-01;4.238058e-02;3.910335e-02;3.248299e-02
