1.192050e-01;7.765654e-02;1.171254e-01;1.075326e-01;5.500397e-02;4.542579e-02;1.171107e-01;3.878056e-02;1.144682e-01;6.216482e-02;9.068447e-02;5.484190e-02
9.440237e-02;8.511853e-02;1.153256e-01;7.748038e-02;5.322884e-02;6.038236e-02;1.042322e-01;5.527288e-02;1.190399e-01;1.089011e-01;7.548072e-02;5.113514e-02
6.837158e-02;4.289009e-02;8.748174e-02;6.074695e-02;9.030740e-02;5.129917e-02;1.212919e-01;1.183435e-01;8.595479e-02;1.233349e-01;7.637703e-02;7.360102e-02
5.875310e-02;4.550235e-02;9.337814e-02;5.967787e-02;1.167238e-01;3.803052e-02;1.243581e-01;1.412569e-01;5.659772e-02;1.249450e-01;6.481646e-02;7.596014e-02
5.701623e-02;6.929374e-02;9.638930e-02;5.196068e-02;1.115041e-01;6.435841e-02;1.197192e-01;1.181368e-01;1.049721e-01;8.942024e-02;4.725187e-02;6.997724e-02
6.121689e-02;6.154371e-02;1.035015e-01;8.780048e-02;8.510924e-02;1.179019e-01;9.311315e-02;1.112283e-01;1.425925e-01;5.183113e-02;3.243358e-02;5.172750e-02
3.912777e-02;6.145171e-02;9.829989e-02;1.172436e-01;3.452636e-02;1.164641e-01;5.886468e-02;1.126551e-01;1.513654e-01;9.936804e-02;5.181835e-02;5.881505e-02
3.580082e-02;6.852189e-02;1.216308e-01;7.213958e-02;3.218491e-02;7.487739e-02;1.118391e-01;6.694888e-02;1.578011e-01;9.639095e-02;7.572971e-02;8.613487e-02
5.498762e-02;5.699935e-02;1.112190e-01;3.594462e-02;6.163779e-02;5.953287e-02;1.249328e-01;1.008395e-01;1.564251e-01;7.395402e-02;7.558443e-02;8.794285e-02
6.199484e-02;8.163650e-02;6.768904e-02;6.357616e-02;6.063988e-02;8.105152e-02;1.622313e-01;9.038509e-02;7.249513e-02;8.206225e-02;1.155744e-01;6.066386e-02
1.821208e-01;1.199111e-01;1.291861e-01;5.084861e-02;3.320843e-02;3.626101e-02;9.947126e-02;5.035757e-02;4.038316e-02;6.775609e-02;8.956245e-02;1.009334e-01
2.694769e-01;1.186140e-01;1.064306e-01;3.176404e-02;1.987948e-02;1.111571e-02;5.353552e-02;2.983907e-02;2.705977e-02;4.395469e-02;8.248296e-02;2.058472e-01
2.482390e-01;8.990898e-02;7.952857e-02;2.278055e-02;1.063686e-02;1.436584e-02;3.364826e-02;1.658668e-02;2.904638e-02;4.771798e-02;8.211271e-02;3.254282e-01
1.615960e-01;4.206977e-02;4.483634e-02;1.674451e-02;9.582045e-03;3.322322e-02;2.023970e-02;1.528883e-02;2.765475e-02;6.660612e-02;2.435636e-01;3.185951e-01
8.960535e-02;2.869365e-02;3.474591e-02;1.601353e-02;3.310942e-02;5.063075e-02;1.347244e-02;1.745697e-02;3.915759e-02;8.857295e-02;3.711832e-01;2.173582e-01
4.342956e-02;4.690176e-02;3.481784e-02;3.533150e-02;1.214132e-01;5.176679e-02;1.294886e-02;2.303417e-02;6.528884e-02;1.408928e-01;3.318646e-01;9.231012e-02
6.143856e-02;5.934639e-02;1.944844e-02;1.447094e-01;2.012642e-01;2.450419e-02;2.160621e-02;2.861182e-02;1.249866e-01;1.431594e-01;1.404650e-01;3.045986e-02
1.056024e-01;2.917057e-02;2.289398e-02;3.024473e-01;1.216231e-01;1.750189e-02;3.066657e-02;1.769806e-02;1.932067e-01;5.342775e-02;6.391104e-02;4.185067e-02
9.477218e-02;1.433005e-02;5.157118e-02;3.603005e-01;3.182198e-02;1.906171e-02;2.188675e-02;1.823226e-02;2.253001e-01;6.585374e-02;6.534000e-02;3.152957e-02
5.619708e-02;1.848461e-02;1.115075e-01;2.893264e-01;4.776757e-02;2.474363e-02;3.331641e-02;5.867470e-02;1.975785e-01;4.495982e-02;7.144113e-02;4.600265e-02
5.144637e-02;2.204832e-02;1.463918e-01;1.468896e-01;2.733340e-02;4.793552e-02;8.377647e-02;1.296881e-01;1.222983e-01;5.248215e-02;7.588807e-02;9.382183e-02
8.458705e-02;3.160407e-02;9.825225e-02;1.187099e-01;4.837772e-02;5.098611e-02;9.388766e-02;1.507724e-01;1.133196e-01;5.576085e-02;4.555230e-02;1.081902e-01
6.965469e-02;3.219894e-02;5.759071e-02;7.113189e-02;6.132935e-02;4.956092e-02;1.069318e-01;8.506723e-02;1.962674e-01;6.787767e-02;1.019596e-01;1.004299e-01
5.117105e-02;2.277792e-02;4.611885e-02;5.566459e-02;8.320235e-02;7.286788e-02;1.746219e-01;6.761391e-02;1.260017e-01;8.149770e-02;1.277702e-01;9.069198e-02
4.805126e-02;2.557304e-02;2.832808e-02;3.687081e-02;8.034906e-02;1.264336e-01;1.330424e-01;1.097665e-01;9.744063e-02;9.150985e-02;1.112698e-01;1.113650e-01
3.809655e-02;3.423337e-02;2.749713e-02;1.062521e-01;8.568615e-02;1.451316e-01;1.063068e-01;7.071876e-02;1.558834e-01;8.895194e-02;5.537704e-02;8.586518e-02
3.901235e-02;3.314501e-02;5.629678e-02;7.841796e-02;4.676492e-02;6.461135e-02;1.329294e-01;1.543394e-01;2.337204e-01;8.600631e-02;5.296819e-02;2.178794e-02
2.335064e-02;2.240857e-02;5.985439e-02;3.246583e-02;1.584879e-02;2.865710e-02;9.112278e-02;2.644539e-01;3.146684e-01;8.913871e-02;3.622973e-02;2.180108e-02
1.117126e-02;1.113869e-02;6.896337e-02;3.146671e-02;9.164279e-03;1.587153e-02;6.249095e-02;3.659288e-01;3.233165e-01;5.555503e-02;1.438297e-02;3.054995e-02
1.162393e-02;7.818197e-03;8.097377e-02;2.525479e-02;6.733328e-03;1.383049e-02;1.071227e-01;5.082646e-01;1.525968e-01;2.013497e-02;1.067275e-02;5.497373e-02
1.128183e-02;5.681624e-03;6.056705e-02;1.444683e-02;7.708554e-03;1.626673e-02;2.157674e-01;4.933509e-01;8.457886e-02;2.445860e-02;8.432836e-03;5.745881e-02
1.041547e-02;7.003941e-03;4.562832e-02;1.185066e-02;1.171656e-02;2.491787e-02;3.061199e-01;3.869023e-01;1.207201e-01;2.450881e-02;4.763548e-03;4.545254e-02
1.088427e-02;5.453359e-03;4.127717e-02;2.242944e-02;2.152113e-02;3.452447e-02;3.640937e-01;2.759238e-01;1.438497e-01;2.883257e-02;7.384387e-03;4.382594e-02
1.243029e-02;7.021022e-03;4.955951e-02;2.950664e-02;3.552624e-02;3.929237e-02;3.020190e-01;3.170049e-01;1.122400e-01;4.393506e-02;1.611947e-02;3.534556e-02
1.497503e-02;8.899339e-03;7.694805e-02;4.622704e-02;3.383486e-02;2.736263e-02;2.497577e-01;2.259990e-01;1.960755e-01;4.163290e-02;2.951044e-02;4.877754e-02
8.204431e-03;1.902740e-02;1.058881e-01;4.613908e-02;2.313905e-02;3.328345e-02;2.443988e-01;1.920632e-01;1.764340e-01;5.372358e-02;2.920632e-02;6.849258e-02
1.485683e-02;2.002676e-02;9.502495e-02;3.316277e-02;2.336501e-02;2.915638e-02;2.689369e-01;2.151082e-01;1.716935e-01;5.224029e-02;2.012792e-02;5.630046e-02
9.471294e-03;1.486964e-02;3.989915e-02;1.773233e-02;1.184043e-02;2.577667e-02;1.972885e-01;2.832942e-01;2.776556e-01;4.115978e-02;2.232518e-02;5.868726e-02
8.720838e-03;1.137736e-02;1.890069e-02;1.476180e-02;6.845985e-03;1.424633e-02;1.090337e-01;3.747641e-01;3.100716e-01;3.660473e-02;1.132935e-02;8.334357e-02
1.156902e-02;8.968655e-03;3.515436e-02;2.149291e-02;8.797117e-03;9.619405e-03;5.970624e-02;4.185164e-01;2.824211e-01;2.496665e-02;7.141286e-03;1.116468e-01
1.372153e-02;9.091491e-03;1.071069e-01;2.593781e-02;1.002598e-02;6.459668e-03;6.255262e-02;4.433843e-01;1.313746e-01;4.752966e-02;7.268258e-03;1.355471e-01
9.253595e-03;1.433649e-02;1.817581e-01;1.101987e-02;6.921010e-03;5.461426e-03;7.873322e-02;4.071851e-01;1.113478e-01;5.985261e-02;8.947131e-03;1.051836e-01
4.644300e-03;1.416574e-02;2.328287e-01;1.448013e-02;3.413177e-03;4.979718e-03;1.053723e-01;3.294852e-01;1.415822e-01;7.949492e-02;1.031795e-02;5.923570e-02
4.984038e-03;7.282130e-03;3.024341e-01;9.265063e-03;4.373226e-03;1.127005e-02;8.838909e-02;2.924357e-01;1.014547e-01;1.065956e-01;9.279194e-03;6.223708e-02
6.374321e-03;1.870301e-02;3.068166e-01;4.213855e-03;5.298116e-03;1.042314e-02;7.859059e-02;3.302255e-01;6.140980e-02;1.218053e-01;9.119833e-03;4.701995e-02
8.406086e-03;2.559579e-02;2.076140e-01;6.696436e-03;1.171623e-02;1.820529e-02;2.170068e-01;3.200434e-01;5.678876e-02;9.233090e-02;1.824978e-02;1.734659e-02
9.789226e-03;2.573827e-02;1.174763e-01;1.070553e-02;2.026673e-02;4.163632e-02;3.073195e-01;2.872545e-01;6.195189e-02;6.116283e-02;4.225836e-02;1.444052e-02
1.163642e-02;2.095934e-02;7.838650e-02;1.280631e-02;2.414213e-02;5.061224e-02;3.313243e-01;2.746233e-01;7.557085e-02;4.561746e-02;4.923820e-02;2.508293e-02
7.575617e-03;1.086163e-02;5.890618e-02;1.235560e-02;1.623311e-02;3.742237e-02;3.777367e-01;2.912583e-01;9.367614e-02;3.327987e-02;2.904901e-02;3.164554e-02
8.322518e-03;9.386709e-03;3.265573e-02;9.649568e-03;1.070604e-02;2.125444e-02;4.332770e-01;3.076881e-01;1.155004e-01;2.429761e-02;1.474789e-02;1.251401e-02
1.017581e-02;7.077230e-03;2.682751e-02;7.585792e-03;1.188470e-02;2.679923e-02;5.417084e-01;2.209578e-01;8.545823e-02;2.898974e-02;2.259713e-02;9.938487e-03
7.786218e-03;1.171201e-02;3.926544e-02;1.483296e-02;1.099338e-02;3.543575e-02;5.715022e-01;1.550947e-01;5.103899e-02;4.977210e-02;3.118265e-02;2.138355e-02
1.990610e-02;1.989426e-02;5.270275e-02;2.287403e-02;1.076670e-02;3.197759e-02;3.802070e-01;1.202077e-01;2.251310e-01;7.003065e-02;2.464302e-02;2.165926e-02
2.242436e-02;1.047402e-02;3.734682e-02;2.279576e-02;6.925161e-03;2.246375e-02;1.454839e-01;1.762692e-01;4.646058e-01;6.186282e-02;1.283557e-02;1.651284e-02
2.882863e-02;7.085638e-03;1.968423e-02;2.322320e-02;4.390192e-03;1.418190e-02;1.699092e-02;1.355841e-01;6.799917e-01;5.546553e-02;8.148767e-03;6.425244e-03
3.262908e-02;4.055510e-03;8.151876e-03;2.509387e-02;6.082843e-03;5.190254e-03;3.922749e-02;5.078728e-02;7.389999e-01;7.497612e-02;8.336859e-03;6.468937e-03
3.147304e-02;5.457798e-03;4.872739e-03;2.030480e-02;6.735078e-03;5.900956e-03;2.726322e-02;2.915325e-02;7.235998e-01;1.237931e-01;1.490373e-02;6.542532e-03
1.770922e-02;5.921466e-03;5.518707e-03;1.744700e-02;5.171849e-03;6.045331e-03;1.295004e-02;2.477863e-02;7.050368e-01;1.838594e-01;8.352390e-03;7.209196e-03
1.140546e-02;6.539089e-03;3.676256e-03;1.092529e-02;1.784101e-02;5.422737e-03;1.597871e-02;3.203704e-02;5.900981e-01;2.917589e-01;7.965926e-03;6.351434e-03
7.373546e-03;1.123404e-02;5.029099e-03;8.441987e-03;3.787844e-02;3.297495e-03;1.760083e-02;1.602870e-02;3.717844e-01;5.081198e-01;8.719932e-03;4.491791e-03
8.941014e-03;1.948904e-02;4.709517e-03;1.032383e-02;6.038941e-02;4.348887e-03;1.248690e-02;1.118201e-02;1.579243e-01;6.886079e-01;1.620068e-02;5.396560e-03
4.303437e-03;3.222209e-02;4.656646e-03;8.483417e-03;6.625333e-02;3.893695e-03;1.113692e-02;1.389482e-02;9.127341e-02;7.352520e-01;2.447810e-02;4.152046e-03
5.296828e-03;3.621607e-02;3.586000e-03;3.697605e-03;6.057759e-02;5.180104e-03;1.095095e-02;1.498914e-02;8.489463e-02;7.373029e-01;3.349841e-02;3.809736e-03
6.538550e-03;3.150551e-02;5.115286e-03;5.028729e-03;5.605108e-02;3.613309e-03;9.606913e-03;1.793136e-02;3.887426e-02;7.734696e-01;4.701194e-02;5.253529e-03
1.335949e-02;3.258829e-02;4.633813e-03;6.453478e-03;4.541177e-02;3.770338e-03;9.119269e-03;7.377676e-03;1.907453e-01;6.599894e-01;2.087304e-02;5.678158e-03
3.632938e-02;4.857862e-02;6.964646e-03;5.485006e-03;2.524512e-02;5.473975e-03;1.969315e-02;4.170188e-02;3.976359e-01;3.935822e-01;8.711535e-03;1.059858e-02
4.764454e-02;3.184704e-02;1.202688e-02;9.001493e-03;2.310353e-02;7.634386e-03;4.910778e-02;1.162660e-01;4.748474e-01;1.891551e-01;2.095434e-02;1.841148e-02
4.386883e-02;4.268352e-02;2.192915e-02;8.044962e-03;4.179445e-02;1.336972e-02;9.557391e-02;1.632458e-01;3.807938e-01;1.337843e-01;3.567263e-02;1.923898e-02
6.090728e-02;8.569718e-02;3.063462e-02;8.231153e-03;4.261204e-02;2.266327e-02;8.260038e-02;1.224060e-01;3.391136e-01;1.190648e-01;5.854263e-02;2.752705e-02
1.301073e-01;1.060821e-01;3.845303e-02;1.318419e-02;2.389848e-02;1.925849e-02;4.679646e-02;3.358843e-02;2.327823e-01;2.014523e-01;9.184054e-02;6.255642e-02
1.940983e-01;1.229983e-01;6.042002e-02;1.307192e-02;1.415139e-02;1.476860e-02;4.400444e-02;4.879476e-02;1.599845e-01;1.819084e-01;6.716119e-02;7.863808e-02
1.695310e-01;1.258686e-01;8.043744e-02;1.022818e-02;1.500054e-02;1.873272e-02;7.488130e-02;5.399448e-02;1.568271e-01;1.916534e-01;3.553809e-02;6.730706e-02
8.501786e-02;4.979278e-02;5.143725e-02;1.264575e-02;2.067162e-02;2.352716e-02;8.057430e-02;5.212774e-02;3.015168e-01;2.571350e-01;2.350165e-02;4.205209e-02
9.136739e-02;3.253976e-02;2.119449e-02;1.424555e-02;1.933985e-02;2.937143e-02;7.711990e-02;4.222445e-02;3.499929e-01;2.429668e-01;4.719299e-02;3.244447e-02
9.506552e-02;6.214220e-02;3.095383e-02;1.954136e-02;2.883504e-02;3.991002e-02;7.075080e-02;6.761771e-02;2.603827e-01;2.017362e-01;8.078849e-02;4.227603e-02
4.477346e-02;5.618885e-02;3.755180e-02;2.256681e-02;4.314881e-02;3.025977e-02;4.266349e-02;1.086443e-01;3.780934e-01;1.502994e-01;6.216151e-02;2.364836e-02
1.971376e-02;7.466948e-02;3.825316e-02;2.057458e-02;5.336518e-02;2.010689e-02;5.841038e-02;1.429985e-01;3.562517e-01;1.679818e-01;2.996646e-02;1.770800e-02
3.143096e-02;1.048354e-01;2.561078e-02;1.813750e-02;5.285536e-02;1.975625e-02;6.473207e-02;1.154702e-01;2.707609e-01;2.203403e-01;5.204782e-02;2.402240e-02
4.231416e-02;7.152405e-02;3.981930e-02;1.586129e-02;4.757332e-02;2.446721e-02;5.903743e-02;6.162316e-02;3.643378e-01;1.906218e-01;5.399480e-02;2.882563e-02
5.062820e-02;4.243013e-02;5.032408e-02;2.644423e-02;5.387821e-02;2.911331e-02;5.560208e-02;3.772234e-02;3.540854e-01;2.251604e-01;4.319752e-02;3.141418e-02
4.571985e-02;5.071036e-02;3.848451e-02;3.231397e-02;5.569068e-02;2.973001e-02;9.722800e-02;5.111799e-02;3.046381e-01;2.158602e-01;4.673489e-02;3.177144e-02
5.385278e-02;5.509042e-02;4.476669e-02;3.578693e-02;5.627759e-02;2.309432e-02;1.585891e-01;7.061259e-02;2.197606e-01;1.797089e-01;7.063299e-02;3.182710e-02
7.308431e-02;4.521777e-02;4.127343e-02;2.587134e-02;4.919006e-02;1.767860e-02;1.712740e-01;1.027725e-01;1.406953e-01;2.175764e-01;7.590113e-02;3.946507e-02
5.915461e-02;2.681591e-02;3.510289e-02;2.619137e-02;3.160178e-02;1.885143e-02;1.059511e-01;2.090238e-01;2.286636e-01;1.650415e-01;5.267787e-02;4.092411e-02
2.780013e-02;1.861967e-02;5.606835e-02;1.366462e-02;1.545399e-02;1.390646e-02;1.939195e-01;3.411555e-01;1.769821e-01;7.394165e-02;2.767547e-02;4.081250e-02
1.733050e-02;1.168474e-02;6.302672e-02;9.061252e-03;1.028867e-02;1.679470e-02;2.891954e-01;4.257159e-01;4.291793e-02;5.149537e-02;1.923816e-02;4.325069e-02
1.144060e-02;9.764422e-03;4.806651e-02;1.154820e-02;2.063654e-02;3.190919e-02;3.771979e-01;3.023566e-01;1.185738e-01;3.094328e-02;8.694434e-03;2.886855e-02
2.298374e-02;2.396612e-02;5.646866e-02;2.097668e-02;4.581539e-02;5.690871e-02;4.380546e-01;1.705681e-01;9.758145e-02;3.094611e-02;1.226027e-02;2.347022e-02
3.527771e-02;4.061784e-02;1.105225e-01;2.273251e-02;7.074259e-02;6.681328e-02;3.619480e-01;7.923493e-02;7.230788e-02;7.546473e-02;3.348000e-02;3.085803e-02
2.157954e-02;3.061642e-02;1.145350e-01;1.687982e-02;5.784763e-02;4.685175e-02;1.643437e-01;1.429563e-01;1.918742e-01;1.402112e-01;4.254184e-02;2.976270e-02
2.368923e-02;3.080350e-02;1.364016e-01;2.824157e-02;3.773819e-02;4.660371e-02;2.395454e-01;1.163810e-01;1.351386e-01;1.356277e-01;4.586108e-02;2.396840e-02
5.715195e-02;5.359433e-02;1.182412e-01;3.934061e-02;5.435516e-02;5.246026e-02;2.421489e-01;1.254486e-01;7.993326e-02;1.155110e-01;3.518639e-02;2.662828e-02
7.149374e-02;8.123508e-02;8.178736e-02;4.506820e-02;4.824352e-02;3.886826e-02;1.249907e-01;1.475744e-01;1.529914e-01;1.250916e-01;3.462366e-02;4.803209e-02
8.004376e-02;1.160464e-01;7.397432e-02;3.507069e-02;5.573009e-02;4.750678e-02;6.725056e-02;1.470588e-01;1.441119e-01;1.383622e-01;4.485341e-02;4.999099e-02
1.892234e-01;6.767854e-02;5.416078e-02;2.067741e-02;4.989717e-02;5.444857e-02;7.196333e-02;9.309234e-02;8.098430e-02;1.296185e-01;9.095494e-02;9.730078e-02
2.585050e-01;2.348841e-02;4.143295e-02;2.228225e-02;2.768579e-02;4.837009e-02;6.887142e-02;4.806483e-02;6.217808e-02;8.664206e-02;1.324885e-01;1.799907e-01
2.767584e-01;3.096434e-02;3.092360e-02;2.628729e-02;1.537963e-02;3.235220e-02;7.008711e-02;3.072269e-02;5.406215e-02;4.680210e-02;1.264662e-01;2.591943e-01
2.342521e-01;1.286052e-02;2.001320e-02;2.624776e-02;6.924383e-03;2.476827e-02;7.760092e-02;3.273135e-02;6.850810e-02;2.909511e-02;1.387965e-01;3.282018e-01
1.837556e-01;2.707958e-02;3.928241e-02;1.884235e-02;1.522030e-02;2.159707e-02;9.654800e-02;3.331869e-02;8.396831e-02;4.263481e-02;1.504442e-01;2.873087e-01
2.372647e-01;6.034508e-02;5.548253e-02;9.518525e-03;1.349639e-02;2.292887e-02;9.094024e-02;2.303371e-02;1.210829e-01;6.712662e-02;1.290522e-01;1.697282e-01
2.339571e-01;6.663655e-02;5.655446e-02;1.442190e-02;1.226654e-02;2.398341e-02;1.177743e-01;2.917385e-02;1.511568e-01;9.113237e-02;9.332088e-02;1.096218e-01
1.607380e-01;4.958810e-02;3.658589e-02;2.093562e-02;1.659456e-02;2.533055e-02;2.430334e-01;1.033948e-01;1.484487e-01;7.952647e-02;4.384520e-02;7.197873e-02
1.450355e-01;1.533455e-02;3.066041e-02;1.507346e-02;1.812884e-02;3.256639e-02;3.356369e-01;1.810394e-01;8.041880e-02;4.529211e-02;3.363412e-02;6.717958e-02
1.521154e-01;3.632218e-02;3.418502e-02;7.433103e-03;1.627018e-02;2.347470e-02;1.749099e-01;8.354026e-02;8.183866e-02;7.205951e-02;1.824847e-01;1.353663e-01
1.079022e-01;3.229220e-02;1.851649e-02;5.102901e-03;1.274706e-02;2.212716e-02;6.543925e-02;3.216353e-02;6.231897e-02;5.652196e-02;2.880341e-01;2.968343e-01
7.971542e-02;2.122842e-02;2.513758e-02;7.312398e-03;8.185550e-03;1.773923e-02;3.021450e-02;2.532874e-02;5.685495e-02;2.775187e-02;2.860972e-01;4.144342e-01
4.174272e-02;1.801783e-02;4.492166e-02;6.326698e-03;9.055503e-03;2.330674e-02;2.686182e-02;1.152273e-02;9.302052e-02;3.291693e-02;2.894110e-01;4.028959e-01
2.881479e-02;1.351136e-02;5.435883e-02;8.098437e-03;1.416298e-02;5.099281e-02;3.558435e-02;8.294147e-03;1.182894e-01;3.055157e-02;3.437815e-01;2.935599e-01
2.613210e-02;1.106884e-02;3.837459e-02;1.067168e-02;2.211192e-02;7.572941e-02;2.778308e-02;2.328290e-02;1.069364e-01;4.355884e-02;4.935368e-01;1.208135e-01
2.611482e-02;2.828186e-02;1.746768e-02;1.047942e-02;4.878956e-02;4.542266e-02;2.576723e-02;7.072093e-02;6.800715e-02;1.076804e-01;4.653097e-01;8.595852e-02
2.904340e-02;3.135097e-02;5.206206e-02;1.197684e-02;6.223905e-02;1.200104e-01;3.765205e-02;7.993115e-02;5.458680e-02;1.333720e-01;3.058323e-01;8.194290e-02
2.018257e-02;4.914191e-02;1.038559e-01;1.391924e-02;3.194130e-02;1.400214e-01;3.003135e-02;4.131849e-02;3.148964e-02;9.519354e-02;3.715322e-01;7.137252e-02
5.344169e-02;6.387827e-02;1.399951e-01;2.339091e-02;3.536890e-02;8.151010e-02;3.560797e-02;4.544877e-02;3.065932e-02;1.109104e-01;3.086428e-01;7.114583e-02
7.358222e-02;6.750560e-02;1.292995e-01;3.963543e-02;4.110534e-02;1.098901e-01;4.948093e-02;3.963717e-02;5.480569e-02;1.136159e-01;1.946016e-01;8.684068e-02
5.787865e-02;6.003575e-02;9.106866e-02;4.492193e-02;3.818056e-02;1.777526e-01;6.152139e-02;2.540429e-02;8.261058e-02;9.898641e-02;1.218381e-01;1.398011e-01
4.286324e-02;4.948171e-02;5.905403e-02;3.104415e-02;3.568299e-02;1.429672e-01;5.753638e-02;2.263330e-02;7.881185e-02;8.114039e-02;2.320950e-01;1.666898e-01
6.687856e-02;3.940484e-02;7.941859e-02;1.951127e-02;4.856257e-02;1.054969e-01;2.822677e-02;2.258062e-02;4.738146e-02;9.094025e-02;3.012989e-01;1.502994e-01
5.565703e-02;3.669966e-02;7.625664e-02;1.943210e-02;4.189829e-02;8.508700e-02;2.163184e-02;2.573344e-02;3.166075e-02;1.325230e-01;3.754186e-01;9.800176e-02
4.558541e-02;3.262842e-02;6.351152e-02;2.242184e-02;4.686096e-02;1.120763e-01;3.001336e-02;2.596178e-02;4.507164e-02;1.636710e-01;3.445103e-01;6.768739e-02
3.976459e-02;4.062579e-02;4.135660e-02;2.200610e-02;6.753119e-02;2.276303e-01;3.930914e-02;4.880042e-02;5.177869e-02;1.387912e-01;2.255174e-01;5.688862e-02
7.130918e-02;4.226517e-02;5.732125e-02;2.980930e-02;5.334224e-02;1.873777e-01;3.342134e-02;6.220940e-02;5.325104e-02;5.531647e-02;2.427988e-01;1.115781e-01
9.553877e-02;3.542590e-02;5.403515e-02;1.452090e-02;2.910002e-02;6.337408e-02;4.057754e-02;3.147374e-02;3.480894e-02;1.004167e-01;2.349633e-01;2.657651e-01
1.083458e-01;3.591727e-02;2.508678e-02;8.816933e-03;3.632111e-02;2.563009e-02;4.134681e-02;1.344175e-02;5.422058e-02;1.461273e-01;2.154628e-01;2.892829e-01
6.811933e-02;5.888446e-02;1.239543e-02;1.342415e-02;6.962063e-02;2.749394e-02;2.745458e-02;2.370238e-02;9.900744e-02;2.362823e-01;2.000813e-01;1.635340e-01
4.549623e-02;6.459355e-02;1.050386e-02;3.311649e-02;9.783633e-02;1.919462e-02;2.342608e-02;2.506083e-02;1.654188e-01;3.107310e-01;1.451121e-01;5.951013e-02
6.225913e-02;3.729603e-02;8.549491e-03;5.540556e-02;9.649169e-02;1.212963e-02;2.547593e-02;2.243195e-02;2.848448e-01;2.918011e-01;7.082389e-02;3.249085e-02
6.681117e-02;2.425576e-02;1.711740e-02;9.084215e-02;7.156995e-02;1.969581e-02;3.872472e-02;1.978399e-02;3.676043e-01;2.029484e-01;3.556395e-02;4.508249e-02
7.343990e-02;4.142981e-02;1.858191e-02;9.163557e-02;5.032236e-02;1.293146e-02;3.304901e-02;1.510952e-02;4.242724e-01;1.713834e-01;2.768597e-02;4.015869e-02
6.763685e-02;3.996405e-02;1.240880e-02;5.418025e-02;3.898962e-02;6.751919e-03;3.591490e-02;3.078511e-02;4.756743e-01;1.852981e-01;3.037031e-02;2.202581e-02
7.128642e-02;2.702832e-02;7.892523e-03;4.306724e-02;2.032142e-02;6.652684e-03;3.381121e-02;6.407734e-02;4.952520e-01;1.775464e-01;4.070260e-02;1.236192e-02
6.085495e-02;2.336280e-02;1.526927e-02;3.079962e-02;1.067156e-02;8.185399e-03;4.154073e-02;7.832554e-02;4.631611e-01;1.974704e-01;4.949229e-02;2.086632e-02
4.510743e-02;2.212273e-02;2.664809e-02;3.944677e-02;2.216983e-02;1.411211e-02;5.656495e-02;7.612061e-02;4.620315e-01;1.477615e-01;4.821873e-02;3.969572e-02
3.737032e-02;3.988209e-02;2.759127e-02;4.508647e-02;3.218777e-02;1.773179e-02;8.304770e-02;6.644973e-02;4.617604e-01;8.480915e-02;4.584165e-02;5.824157e-02
4.753365e-02;5.131401e-02;3.770601e-02;3.752051e-02;1.673709e-02;2.598245e-02;6.892003e-02;5.186760e-02;3.917996e-01;1.532983e-01;5.719214e-02;6.012867e-02
6.328233e-02;4.938383e-02;4.438906e-02;4.089899e-02;3.034606e-02;2.976065e-02;4.149856e-02;4.641610e-02;3.860990e-01;2.071401e-01;3.570402e-02;2.508123e-02
3.195363e-02;3.237417e-02;4.223350e-02;3.481547e-02;2.601253e-02;2.331554e-02;3.690820e-02;3.734801e-02;4.147897e-01;2.221231e-01;7.877110e-02;1.935498e-02
2.301976e-02;2.989154e-02;3.599702e-02;3.934300e-02;2.413623e-02;2.236212e-02;4.664439e-02;3.284494e-02;4.612845e-01;2.034441e-01;6.723038e-02;1.380209e-02
3.365443e-02;3.505557e-02;4.159436e-02;3.788787e-02;4.525908e-02;3.034830e-02;1.247833e-01;6.361378e-02;3.654612e-01;1.390660e-01;5.619932e-02;2.707674e-02
4.089725e-02;3.508086e-02;3.434793e-02;2.573489e-02;2.657757e-02;2.956331e-02;1.537301e-01;5.865864e-02;2.888099e-01;1.913918e-01;8.393184e-02;3.127599e-02
4.222941e-02;5.309104e-02;3.004595e-02;2.016835e-02;1.612058e-02;1.707527e-02;1.045953e-01;4.736344e-02;3.144739e-01;2.500969e-01;8.273055e-02;2.200919e-02
4.442295e-02;4.597662e-02;2.201318e-02;4.481310e-02;1.931299e-02;1.206518e-02;3.886395e-02;5.238227e-02;4.124753e-01;2.431446e-01;5.365383e-02;1.087609e-02
4.317390e-02;1.671569e-02;1.927678e-02;1.073603e-01;1.240137e-02;1.423960e-02;3.863774e-02;7.323436e-02;4.935365e-01;1.468391e-01;2.782074e-02;6.763948e-03
3.426185e-02;7.779301e-03;2.594579e-02;1.616247e-01;1.529553e-02;1.987863e-02;4.052151e-02;1.478234e-01;4.295250e-01;9.071349e-02;1.910212e-02;7.528701e-03
1.207100e-02;1.649530e-02;4.783010e-02;1.297711e-01;3.147300e-02;3.972738e-02;1.554133e-01;3.213685e-01;1.634932e-01;5.007673e-02;1.341437e-02;1.886599e-02
5.814580e-03;2.142005e-02;4.767469e-02;3.963839e-02;5.927471e-02;5.889950e-02;3.189031e-01;3.183783e-01;8.389484e-02;1.698409e-02;1.328625e-02;1.583149e-02
9.745841e-03;1.893610e-02;3.423742e-02;4.028664e-02;7.150727e-02;1.293604e-01;3.545003e-01;1.936569e-01;1.043043e-01;1.664328e-02;1.589508e-02;1.092646e-02
2.217128e-02;1.806147e-02;4.370517e-02;6.032112e-02;1.383393e-01;2.643759e-01;2.606167e-01;5.516236e-02;8.538638e-02;2.764607e-02;1.072120e-02;1.349313e-02
2.293904e-02;2.261670e-02;4.654016e-02;1.068706e-01;3.101000e-01;2.430344e-01;5.226035e-02;6.500975e-02;2.915359e-02;4.341863e-02;2.917824e-02;2.887859e-02
1.877201e-02;3.790740e-02;8.971307e-02;1.490318e-01;2.836258e-01;1.116361e-01;7.827803e-02;3.063223e-02;4.749306e-02;8.163069e-02;4.311591e-02;2.816406e-02
4.214539e-02;6.464718e-02;1.957860e-01;1.184425e-01;1.692789e-01;5.984205e-02;7.753447e-02;3.207448e-02;7.144773e-02;1.135482e-01;3.866115e-02;1.659187e-02
6.808566e-02;7.147688e-02;1.762695e-01;3.542111e-02;7.817408e-02;8.259574e-02;1.068134e-01;1.174949e-01;1.691816e-01;6.793439e-02;1.376383e-02;1.278896e-02
5.576898e-02;4.347887e-02;9.111287e-02;3.282341e-02;4.940023e-02;9.053581e-02;2.444275e-01;1.891754e-01;1.391443e-01;3.134947e-02;1.260025e-02;2.018284e-02
2.450233e-02;2.348961e-02;5.035405e-02;3.280230e-02;5.036166e-02;6.422161e-02;4.075158e-01;1.963888e-01;9.027538e-02;2.410485e-02;1.042009e-02;2.556350e-02
2.333064e-02;1.468081e-02;5.727424e-02;5.361506e-02;6.611525e-02;9.202413e-02;4.191954e-01;1.369325e-01;5.805846e-02;3.770654e-02;1.957174e-02;2.149521e-02
2.950263e-02;2.864328e-02;6.872065e-02;6.911553e-02;7.727902e-02;2.100316e-01;2.942311e-01;6.082616e-02;7.031374e-02;4.988064e-02;2.327844e-02;1.817716e-02
1.799923e-02;4.359076e-02;8.345864e-02;5.943979e-02;7.658768e-02;2.073528e-01;2.539400e-01;4.097111e-02;1.004163e-01;6.418373e-02;3.198128e-02;2.007880e-02
4.023562e-02;4.405722e-02;7.449628e-02;2.443139e-02;6.748392e-02;1.074417e-01;3.373908e-01;1.122842e-01;7.610479e-02;6.475594e-02;3.084411e-02;2.047416e-02
5.169920e-02;3.870900e-02;6.857636e-02;6.997264e-02;6.623500e-02;5.151932e-02;3.643776e-01;1.733855e-01;3.816521e-02;4.004250e-02;1.770158e-02;1.961608e-02
3.980190e-02;2.973416e-02;1.096233e-01;1.046138e-01;8.687027e-02;9.608433e-02;2.878767e-01;1.545972e-01;2.441576e-02;3.661300e-02;9.511515e-03;2.025810e-02
1.702213e-02;4.491323e-02;8.890165e-02;7.324757e-02;1.108998e-01;1.506898e-01;2.429039e-01;8.573794e-02;1.033408e-01;4.335358e-02;1.947863e-02;1.951090e-02
3.610355e-02;4.427397e-02;6.134957e-02;4.886599e-02;6.187077e-02;1.950740e-01;2.977081e-01;7.273094e-02;9.347092e-02;5.214271e-02;2.238292e-02;1.402660e-02
4.093779e-02;3.891376e-02;9.665509e-02;3.149186e-02;2.596539e-02;1.670319e-01;3.725483e-01;1.112402e-01;3.476949e-02;4.221385e-02;2.268269e-02;1.554961e-02
3.556217e-02;4.451951e-02;1.309519e-01;2.965047e-02;2.294313e-02;1.197550e-01;4.324309e-01;4.661322e-02;5.703209e-02;3.836254e-02;2.508746e-02;1.709155e-02
1.094673e-02;2.551202e-02;9.642410e-02;3.589179e-02;2.390322e-02;1.365840e-01;4.641359e-01;8.325814e-02;4.208286e-02;3.365682e-02;3.104097e-02;1.656339e-02
1.525974e-02;1.962585e-02;6.558330e-02;4.843393e-02;2.916718e-02;1.424702e-01;4.511206e-01;1.239474e-01;3.953037e-02;2.527513e-02;2.562801e-02;1.395823e-02
3.751586e-02;2.964630e-02;8.565201e-02;6.692043e-02;3.055426e-02;1.112130e-01;3.738835e-01;1.432792e-01;5.783903e-02;2.259759e-02;1.959044e-02;2.130831e-02
7.390750e-02;4.640083e-02;1.234157e-01;6.113443e-02;1.708986e-02;4.768563e-02;3.192712e-01;1.528102e-01;5.955280e-02;3.958330e-02;2.188345e-02;3.726496e-02
6.618941e-02;5.236511e-02;1.378919e-01;4.538553e-02;3.105507e-02;6.553354e-02;3.351752e-01;1.208685e-01;3.072136e-02;5.515012e-02;2.698678e-02;3.267750e-02
4.567113e-02;4.629321e-02;1.326264e-01;9.127571e-02;7.361122e-02;4.393226e-02;3.320749e-01;5.932808e-02;6.838933e-02;5.721202e-02;2.833487e-02;2.125084e-02
5.090744e-02;3.731830e-02;8.657043e-02;1.017589e-01;9.605604e-02;4.876410e-02;3.004589e-01;1.135151e-01;6.761234e-02;5.470718e-02;2.515409e-02;1.717726e-02
4.858755e-02;4.833525e-02;7.721878e-02;8.484472e-02;1.148763e-01;5.353378e-02;3.456281e-01;6.506941e-02;4.912703e-02;5.555367e-02;3.241912e-02;2.480638e-02
5.100764e-02;4.955211e-02;5.057283e-02;3.492650e-02;1.012470e-01;1.130685e-01;3.335289e-01;6.564106e-02;6.498618e-02;6.389391e-02;4.066165e-02;3.091377e-02
5.382957e-02;4.420803e-02;1.058059e-01;2.953487e-02;7.185841e-02;9.991018e-02;2.886276e-01;6.951994e-02;9.722533e-02;6.106027e-02;4.030749e-02;3.811242e-02
5.389779e-02;3.192068e-02;1.408690e-01;4.742195e-02;4.450858e-02;6.240724e-02;2.952906e-01;8.565335e-02;1.003485e-01;6.417767e-02;3.939956e-02;3.410495e-02
7.336937e-02;6.155813e-02;1.312159e-01;4.587481e-02;5.059169e-02;1.014244e-01;2.603180e-01;1.184708e-01;3.681618e-02;5.449136e-02;4.233774e-02;2.353163e-02
7.377338e-02;5.376731e-02;9.886419e-02;3.398902e-02;4.879049e-02;8.297931e-02;2.014017e-01;1.306917e-01;1.197811e-01;6.097053e-02;6.950251e-02;2.548873e-02
