6.716859e-02;8.270910e-02;1.684064e-01;5.506008e-02;9.936195e-02;6.207393e-02;1.296887e-01;6.351940e-02;6.560422e-02;6.746966e-02;8.403245e-02;5.490557e-02
7.757439e-02;5.955634e-02;1.845142e-01;7.895382e-02;1.086488e-01;1.070793e-01;1.282119e-01;6.996296e-02;3.833564e-02;6.390554e-02;4.418021e-02;3.907694e-02
7.567164e-02;5.449437e-02;1.176945e-01;1.324397e-01;1.001572e-01;1.211490e-01;1.605691e-01;7.474440e-02;3.738059e-02;6.010821e-02;3.375846e-02;3.183272e-02
5.960732e-02;6.096833e-02;1.208493e-01;1.629688e-01;1.039973e-01;1.023370e-01;1.455470e-01;5.046128e-02;4.739510e-02;5.175043e-02;3.462860e-02;5.948936e-02
5.466736e-02;6.365398e-02;1.399480e-01;1.380793e-01;1.015263e-01;7.333837e-02;1.394017e-01;5.144940e-02;4.492075e-02;4.586664e-02;7.524981e-02;7.189840e-02
6.379977e-02;8.573664e-02;1.086327e-01;9.996929e-02;1.038545e-01;5.847742e-02;1.658818e-01;8.746429e-02;5.299802e-02;4.463167e-02;8.810055e-02;4.045333e-02
5.567162e-02;7.480226e-02;1.588611e-01;7.090758e-02;6.437270e-02;7.581545e-02;1.614599e-01;8.150145e-02;7.019309e-02;6.940976e-02;6.177828e-02;5.522676e-02
9.415145e-02;5.930336e-02;2.082570e-01;7.853184e-02;9.753013e-02;6.899399e-02;7.799536e-02;7.041237e-02;8.591482e-02;5.666042e-02;5.211553e-02;5.013371e-02
1.038123e-01;9.271108e-02;1.786840e-01;7.039639e-02;9.434861e-02;6.128516e-02;1.391169e-01;6.907664e-02;6.550588e-02;4.478784e-02;3.875781e-02;4.151743e-02
8.493519e-02;9.904528e-02;2.017790e-01;7.924982e-02;9.052431e-02;5.255362e-02;1.518810e-01;7.142110e-02;4.605518e-02;4.193546e-02;4.118071e-02;3.943926e-02
1.439707e-01;1.463947e-01;1.889564e-01;7.554150e-02;6.740011e-02;1.991000e-02;1.045627e-01;6.186023e-02;8.917482e-02;3.301385e-02;3.690179e-02;3.231312e-02
2.020816e-01;2.420135e-01;1.157223e-01;4.818853e-02;3.311550e-02;2.854043e-02;5.358190e-02;6.047457e-02;1.483085e-01;2.644201e-02;1.930928e-02;2.222181e-02
2.096830e-01;2.794218e-01;1.718175e-01;2.040371e-02;1.301776e-02;2.450599e-02;2.589940e-02;4.798240e-02;1.590184e-01;3.161497e-02;6.130652e-03;1.050435e-02
2.160386e-01;2.571665e-01;2.399043e-01;1.655250e-02;1.189634e-02;2.000144e-02;2.862634e-02;4.050874e-02;1.151006e-01;2.506070e-02;8.323975e-03;2.081980e-02
1.851278e-01;2.181303e-01;3.166915e-01;2.701769e-02;2.048407e-02;2.149656e-02;3.828091e-02;3.130567e-02;7.326519e-02;1.951721e-02;1.528135e-02;3.340175e-02
1.315808e-01;2.048718e-01;3.550527e-01;2.792476e-02;2.251293e-02;3.776563e-02;4.057163e-02;1.537729e-02;1.003631e-01;1.818201e-02;1.152325e-02;3.427415e-02
1.159343e-01;2.211451e-01;3.400612e-01;2.360504e-02;1.341924e-02;4.957568e-02;2.369898e-02;1.728783e-02;1.436435e-01;1.630712e-02;9.707600e-03;2.561437e-02
4.321317e-02;1.791272e-01;4.574076e-01;2.271650e-02;9.215598e-03;5.282539e-02;1.715760e-02;1.388949e-02;1.536710e-01;2.163806e-02;7.568605e-03;2.156984e-02
6.546756e-03;1.372452e-01;5.395697e-01;2.587145e-02;9.598301e-03;3.878089e-02;1.773632e-02;2.136368e-02;1.317140e-01;4.754028e-02;7.190490e-03;1.684295e-02
2.373049e-02;1.390250e-01;5.511482e-01;3.051420e-02;1.438888e-02;3.249692e-02;1.564077e-02;2.566830e-02;7.811075e-02;6.538323e-02;8.954006e-03;1.493931e-02
2.381978e-02;1.402007e-01;4.658249e-01;6.427838e-02;3.165452e-02;3.728464e-02;2.868270e-02;2.670780e-02;7.243736e-02;6.740860e-02;2.221813e-02;1.948252e-02
4.324560e-02;1.172389e-01;5.377902e-01;8.261661e-02;2.695066e-02;2.119206e-02;3.145618e-02;1.423386e-02;3.584787e-02;6.467276e-02;1.336279e-02;1.139253e-02
1.929743e-02;9.235974e-02;6.350294e-01;9.039416e-02;1.932696e-02;8.843201e-03;1.518908e-02;3.909256e-03;1.034022e-02;8.702055e-02;1.146444e-02;6.825579e-03
1.277430e-02;7.121124e-02;6.693460e-01;7.113017e-02;1.250282e-02;4.599793e-03;1.546670e-02;2.591111e-03;2.622009e-02;1.011268e-01;9.618325e-03;3.412600e-03
3.655073e-03;7.264198e-02;6.983131e-01;4.397516e-02;8.470295e-03;5.311784e-03;1.226707e-02;2.436942e-03;2.930644e-02;1.126408e-01;5.633420e-03;5.347992e-03
1.491299e-02;7.433574e-02;6.638219e-01;3.534811e-02;8.175217e-03;6.466487e-03;1.192331e-02;5.017152e-03;4.027230e-02;1.245739e-01;9.164682e-03;5.988189e-03
3.981845e-02;1.146256e-01;5.370099e-01;3.096646e-02;9.417810e-03;1.097344e-02;1.339212e-02;5.204619e-03;8.526666e-02;1.332765e-01;1.135794e-02;8.690455e-03
1.096641e-01;1.918668e-01;3.547284e-01;1.687284e-02;1.002903e-02;2.634810e-02;2.074509e-02;1.196239e-02;1.133723e-01;1.130269e-01;1.251324e-02;1.887081e-02
1.691750e-01;2.066315e-01;2.529006e-01;2.147655e-02;1.655418e-02;3.812777e-02;3.365441e-02;2.535374e-02;9.995545e-02;9.185947e-02;1.142752e-02;3.288375e-02
1.350172e-01;1.709877e-01;2.806118e-01;3.129506e-02;2.579300e-02;3.481871e-02;5.822576e-02;3.337316e-02;8.871752e-02;8.830140e-02;1.521703e-02;3.764171e-02
6.082965e-02;1.287656e-01;4.326015e-01;3.197980e-02;1.566114e-02;1.988600e-02;7.098830e-02;4.052916e-02;6.286256e-02;9.570675e-02;1.311615e-02;2.707341e-02
7.304011e-02;1.263546e-01;4.553758e-01;2.336631e-02;1.798139e-02;1.983997e-02;5.447461e-02;3.783489e-02;1.257894e-02;1.538088e-01;8.364101e-03;1.698049e-02
3.379135e-02;7.434651e-02;4.708048e-01;2.283224e-02;2.313765e-02;1.207792e-02;4.074254e-02;2.238812e-02;2.652964e-02;2.521401e-01;9.850105e-03;1.135901e-02
3.526416e-02;2.935807e-02;4.753129e-01;3.183020e-02;2.702863e-02;9.616185e-03;4.589425e-02;8.057908e-03;1.753208e-02;2.937370e-01;1.040252e-02;1.596599e-02
5.526139e-02;4.339428e-02;4.123853e-01;5.569540e-02;3.382372e-02;2.102047e-02;5.660960e-02;1.183048e-02;2.053180e-02;2.487718e-01;1.571128e-02;2.496448e-02
9.111556e-02;6.112330e-02;2.638871e-01;1.052093e-01;5.531131e-02;4.106486e-02;7.330503e-02;1.905136e-02;4.196679e-02;1.627667e-01;4.617411e-02;3.902455e-02
9.216829e-02;5.267579e-02;2.673259e-01;1.253379e-01;5.525578e-02;5.510997e-02;8.395652e-02;1.897231e-02;5.118658e-02;1.106880e-01;5.569916e-02;3.162379e-02
6.614067e-02;2.459412e-02;2.799658e-01;1.456496e-01;3.382580e-02;1.056907e-01;6.847280e-02;3.025504e-02;6.522842e-02;9.097310e-02;7.431073e-02;1.489326e-02
2.933073e-02;1.446590e-02;2.229315e-01;1.572099e-01;3.203502e-02;1.658104e-01;3.693457e-02;8.070706e-02;6.138140e-02;8.607706e-02;1.053718e-01;7.744633e-03
1.249555e-02;2.389742e-02;1.318007e-01;1.802930e-01;8.375142e-02;1.424215e-01;5.642158e-02;1.075773e-01;5.204728e-02;9.798945e-02;8.984939e-02;2.145540e-02
1.213899e-02;2.381431e-02;7.011585e-02;1.594899e-01;1.674323e-01;9.017377e-02;1.294454e-01;6.933846e-02;1.194951e-01;8.782472e-02;3.210514e-02;3.862606e-02
1.565062e-02;1.459981e-02;7.474531e-02;1.258174e-01;1.578422e-01;1.185762e-01;1.944401e-01;5.941946e-02;1.257739e-01;6.917738e-02;1.184650e-02;3.211105e-02
1.614090e-02;1.102196e-02;7.161407e-02;8.182047e-02;8.235551e-02;1.285639e-01;2.917669e-01;8.884198e-02;1.122210e-01;8.389776e-02;1.844948e-02;1.330602e-02
2.049668e-02;1.736326e-02;5.579283e-02;5.883133e-02;5.171473e-02;8.069496e-02;3.003278e-01;1.180250e-01;1.561782e-01;1.101630e-01;2.089546e-02;9.516719e-03
2.767751e-02;1.634902e-02;6.620929e-02;5.429873e-02;5.621783e-02;5.248488e-02;2.092582e-01;1.148763e-01;2.151422e-01;1.451511e-01;2.657064e-02;1.576428e-02
4.153453e-02;2.500672e-02;7.030077e-02;6.310330e-02;4.407018e-02;5.925149e-02;1.216424e-01;1.026498e-01;2.390301e-01;1.796436e-01;3.093539e-02;2.283165e-02
6.842415e-02;3.648752e-02;5.710728e-02;1.021007e-01;4.869739e-02;3.665462e-02;1.839417e-01;8.894747e-02;1.884392e-01;1.442554e-01;1.893148e-02;2.601316e-02
5.265621e-02;2.485207e-02;5.101338e-02;9.676579e-02;5.498291e-02;3.596667e-02;2.789208e-01;9.175964e-02;1.538907e-01;1.077402e-01;3.578683e-02;1.566487e-02
2.480881e-02;3.141893e-02;6.356961e-02;5.771757e-02;5.257565e-02;5.638305e-02;3.662229e-01;1.019999e-01;1.296632e-01;6.013926e-02;4.319092e-02;1.231022e-02
1.816343e-02;3.263953e-02;1.004028e-01;4.773046e-02;5.262929e-02;5.124803e-02;3.262376e-01;8.839992e-02;1.205670e-01;9.894194e-02;4.894738e-02;1.409262e-02
1.239131e-02;3.991501e-02;1.302939e-01;7.890204e-02;6.756477e-02;5.384327e-02;2.029665e-01;1.086165e-01;1.037653e-01;1.311663e-01;5.114681e-02;1.942813e-02
5.335620e-02;4.773146e-02;8.790337e-02;7.997419e-02;5.890577e-02;6.306771e-02;1.962432e-01;1.363819e-01;1.096324e-01;1.149879e-01;2.546442e-02;2.635156e-02
1.327847e-01;5.953494e-02;7.452546e-02;1.000199e-01;3.387186e-02;4.723136e-02;1.527692e-01;1.007941e-01;1.039615e-01;1.023363e-01;4.867592e-02;4.349476e-02
1.940760e-01;1.164531e-01;1.190816e-01;8.015822e-02;3.056096e-02;5.203102e-02;6.294587e-02;3.678064e-02;4.986710e-02;8.400411e-02;1.040441e-01;6.999741e-02
1.992571e-01;9.875002e-02;1.261021e-01;4.861582e-02;2.256630e-02;5.702875e-02;5.676082e-02;1.424050e-02;2.196379e-02;1.142451e-01;1.554655e-01;8.500417e-02
1.388031e-01;6.318831e-02;1.012314e-01;3.114915e-02;2.599401e-02;4.611829e-02;7.440102e-02;2.130439e-02;6.163535e-02;1.948471e-01;1.676710e-01;7.365690e-02
9.523910e-02;8.539675e-02;6.834365e-02;3.141813e-02;3.079852e-02;3.439124e-02;1.867884e-01;5.620534e-02;1.037372e-01;1.670517e-01;9.673798e-02;4.389191e-02
5.279864e-02;8.516582e-02;9.381289e-02;3.508002e-02;3.410027e-02;5.016109e-02;2.939135e-01;7.496355e-02;9.181527e-02;7.804161e-02;6.153349e-02;4.861388e-02
6.271569e-02;7.876168e-02;1.496238e-01;2.594706e-02;4.315085e-02;5.726640e-02;2.720970e-01;7.351683e-02;8.463608e-02;6.303906e-02;4.695853e-02;4.228713e-02
1.844557e-01;4.768641e-02;1.745920e-01;3.540149e-02;7.585157e-02;5.439880e-02;9.803217e-02;7.224586e-02;7.462742e-02;9.077469e-02;4.030440e-02;5.162951e-02
1.943779e-01;1.199953e-01;9.756562e-02;5.128384e-02;6.808895e-02;4.703688e-02;1.245482e-01;6.099172e-02;6.795077e-02;8.031750e-02;3.719891e-02;5.064433e-02
1.074318e-01;8.561976e-02;1.481539e-01;3.796322e-02;7.172998e-02;7.010290e-02;2.598858e-01;4.893637e-02;6.229636e-02;4.680118e-02;2.768343e-02;3.339531e-02
7.372595e-02;3.404342e-02;2.231073e-01;5.844707e-02;1.202780e-01;8.709541e-02;2.002980e-01;4.746091e-02;6.776041e-02;3.833060e-02;1.564036e-02;3.381258e-02
6.713077e-02;2.541158e-02;1.616460e-01;6.772768e-02;1.079966e-01;1.003774e-01;2.166664e-01;8.268970e-02;6.486266e-02;5.268786e-02;2.539953e-02;2.740382e-02
5.254268e-02;2.526157e-02;6.290004e-02;4.810509e-02;9.283453e-02;1.090408e-01;3.938399e-01;7.809667e-02;5.376990e-02;4.521267e-02;2.491756e-02;1.347861e-02
3.890226e-02;2.307907e-02;3.375501e-02;4.207627e-02;9.298183e-02;2.056414e-01;3.940953e-01;7.505433e-02;3.609091e-02;3.168203e-02;1.607019e-02;1.057136e-02
3.144456e-02;1.327759e-02;4.045675e-02;4.072789e-02;1.314168e-01;3.216588e-01;2.739516e-01;6.014474e-02;3.532582e-02;2.723398e-02;7.578111e-03;1.678339e-02
1.786235e-02;5.564511e-03;6.139994e-02;3.638860e-02;2.750040e-01;2.889700e-01;1.419396e-01;2.856051e-02;8.353208e-02;1.725747e-02;5.930902e-03;3.759013e-02
1.578727e-02;8.995776e-03;1.043744e-01;6.970378e-02;3.469512e-01;1.415751e-01;1.133559e-01;1.442413e-02;1.099368e-01;1.075781e-02;8.919138e-03;5.521865e-02
3.470252e-02;3.273610e-02;1.712991e-01;9.400662e-02;2.542540e-01;7.597329e-02;1.525360e-01;2.142683e-02;8.737002e-02;1.363350e-02;1.538784e-02;4.667415e-02
4.500438e-02;5.825478e-02;2.693880e-01;9.568094e-02;1.290223e-01;7.125860e-02;1.698851e-01;2.378556e-02;6.274212e-02;1.962457e-02;2.047434e-02;3.487937e-02
3.087279e-02;5.079788e-02;3.192497e-01;7.600448e-02;1.433946e-01;8.250823e-02;9.880647e-02;2.316505e-02;4.825101e-02;4.034666e-02;2.312755e-02;6.347552e-02
3.154371e-02;4.389008e-02;2.021082e-01;1.080621e-01;1.987085e-01;7.483584e-02;1.187356e-01;2.388867e-02;5.399609e-02;4.243275e-02;2.644811e-02;7.535038e-02
4.034413e-02;4.365783e-02;1.641259e-01;1.021353e-01;2.678277e-01;5.252897e-02;1.282606e-01;2.678008e-02;6.169079e-02;3.879695e-02;2.419546e-02;4.965620e-02
3.188910e-02;5.323309e-02;1.518890e-01;6.801453e-02;2.663461e-01;7.036806e-02;1.470223e-01;3.906883e-02;8.737194e-02;2.865604e-02;1.469061e-02;4.145035e-02
2.691646e-02;6.498190e-02;1.077905e-01;7.863446e-02;2.417777e-01;1.021466e-01;1.541296e-01;2.289484e-02;9.180833e-02;2.809174e-02;2.176684e-02;5.906093e-02
4.896202e-02;6.390957e-02;1.558779e-01;7.491636e-02;2.682897e-01;1.298385e-01;6.410150e-02;2.980304e-02;6.350691e-02;3.230876e-02;3.480925e-02;3.367643e-02
5.882002e-02;4.898829e-02;1.609586e-01;5.349853e-02;2.488270e-01;1.354055e-01;7.701108e-02;3.855329e-02;4.442874e-02;3.545275e-02;6.428491e-02;3.377135e-02
4.912607e-02;4.593648e-02;1.216337e-01;5.742586e-02;2.182780e-01;1.265284e-01;1.267462e-01;2.896748e-02;5.475440e-02;3.030102e-02;8.004876e-02;6.025365e-02
6.572990e-02;5.427659e-02;8.718085e-02;9.601361e-02;1.771002e-01;1.040289e-01;1.138401e-01;3.411072e-02;8.518033e-02;4.800592e-02;6.345459e-02;7.107823e-02
1.058759e-01;6.684630e-02;1.003849e-01;9.412875e-02;1.406409e-01;6.626322e-02;7.997442e-02;4.154286e-02;1.007183e-01;8.953048e-02;5.475361e-02;5.934044e-02
9.578903e-02;6.346396e-02;1.140759e-01;5.457471e-02;1.194727e-01;8.464276e-02;1.052561e-01;5.110709e-02;7.828678e-02;9.280423e-02;7.455277e-02;6.597402e-02
7.740922e-02;6.127203e-02;1.162810e-01;4.500866e-02;1.074164e-01;7.543849e-02;1.636122e-01;7.412213e-02;8.947609e-02;7.569834e-02;5.950840e-02;5.475703e-02
9.564362e-02;6.628011e-02;6.243708e-02;2.600668e-02;8.104039e-02;7.217912e-02;3.109566e-01;7.538882e-02;8.672598e-02;5.056246e-02;3.234326e-02;4.043587e-02
8.086670e-02;1.288542e-01;6.234388e-02;1.986019e-02;4.737392e-02;6.524581e-02;3.966155e-01;6.422452e-02;5.039942e-02;2.880080e-02;2.304035e-02;3.237471e-02
5.567603e-02;1.998433e-01;5.938236e-02;1.039070e-02;2.584005e-02;4.505052e-02;4.548689e-01;7.968166e-02;3.049446e-02;1.136008e-02;1.255239e-02;1.485945e-02
2.713780e-02;2.544392e-01;8.691280e-02;5.907218e-03;1.378566e-02;2.851159e-02;4.769333e-01;5.704381e-02;2.740897e-02;5.848523e-03;1.243329e-02;3.637787e-03
1.477095e-02;2.641771e-01;1.045602e-01;4.599710e-03;8.399174e-03;2.914771e-02;4.850955e-01;4.349569e-02;1.927484e-02;5.343968e-03;1.640837e-02;4.726723e-03
9.578556e-03;2.171384e-01;6.991612e-02;6.658082e-03;9.195412e-03;2.465079e-02;5.020037e-01;1.072341e-01;2.371464e-02;5.674607e-03;1.926351e-02;4.972070e-03
5.407840e-03;1.498070e-01;5.510973e-02;7.018292e-03;1.043882e-02;1.669184e-02;4.773238e-01;2.331688e-01;1.389448e-02;8.356381e-03;1.816614e-02;4.616913e-03
5.283878e-03;7.504909e-02;1.264372e-01;1.350895e-02;7.245854e-03;1.306367e-02;3.083762e-01;3.605963e-01;4.113454e-02;2.790540e-02;1.043075e-02;1.096818e-02
6.150111e-03;2.845293e-02;1.572719e-01;5.144337e-02;5.020950e-03;1.355878e-02;1.486381e-01;3.551539e-01;1.589997e-01;5.076450e-02;6.776112e-03;1.776971e-02
1.283760e-02;1.540733e-02;9.254880e-02;1.134677e-01;1.761405e-02;1.106404e-02;7.224983e-02;2.180125e-01;3.527040e-01;7.387453e-02;5.955646e-03;1.426393e-02
1.541335e-02;1.576186e-02;2.407303e-02;1.137811e-01;6.563739e-02;1.111239e-02;5.040663e-02;8.332031e-02;4.172510e-01;1.782822e-01;1.650541e-02;8.455386e-03
1.163108e-02;2.105165e-02;1.826662e-02;5.234350e-02;1.009788e-01;2.828090e-02;4.119736e-02;5.549365e-02;2.645068e-01;3.105316e-01;8.172575e-02;1.399229e-02
3.547816e-02;2.918807e-02;5.134798e-02;2.914877e-02;6.573533e-02;5.735788e-02;6.497550e-02;6.974317e-02;1.130633e-01;2.805368e-01;1.649837e-01;3.844134e-02
7.093880e-02;6.121802e-02;8.891886e-02;3.514892e-02;2.423566e-02;6.251527e-02;8.971451e-02;7.752282e-02;9.755497e-02;1.824934e-01;1.322780e-01;7.746069e-02
7.103633e-02;9.604783e-02;1.053102e-01;2.675648e-02;1.462053e-02;5.888404e-02;5.844304e-02;7.526864e-02;1.951716e-01;1.079589e-01;7.476809e-02;1.157342e-01
3.391623e-02;1.025530e-01;1.227551e-01;2.146010e-02;1.314077e-02;5.316477e-02;3.047479e-02;6.244876e-02;2.596606e-01;1.258817e-01;4.879358e-02;1.257506e-01
5.032013e-02;1.140508e-01;1.399729e-01;2.615638e-02;2.155431e-02;3.886681e-02;3.184847e-02;4.527564e-02;2.858518e-01;1.383967e-01;3.588948e-02;7.181661e-02
7.877352e-02;1.359262e-01;7.502087e-02;2.573766e-02;2.799890e-02;4.685526e-02;5.590851e-02;6.859560e-02;2.988609e-01;1.179858e-01;2.455289e-02;4.378389e-02
5.018840e-02;1.376248e-01;9.560813e-02;1.412519e-02;2.624322e-02;5.923869e-02;5.182902e-02;9.526474e-02;3.099693e-01;8.361179e-02;2.415853e-02;5.213822e-02
7.869295e-02;1.559327e-01;6.863942e-02;2.107364e-02;2.491131e-02;5.566338e-02;5.714097e-02;7.446100e-02;2.973605e-01;1.012668e-01;2.953420e-02;3.532325e-02
1.116880e-01;1.724952e-01;6.630978e-02;2.329239e-02;2.055034e-02;4.234861e-02;8.227777e-02;9.976956e-02;2.227364e-01;1.104733e-01;2.995567e-02;1.810294e-02
1.960666e-01;1.654784e-01;1.233890e-01;1.876300e-02;1.567923e-02;4.336723e-02;5.245485e-02;1.059373e-01;1.551632e-01;7.458679e-02;1.953469e-02;2.957964e-02
2.835233e-01;9.950216e-02;1.012630e-01;3.108624e-02;1.519152e-02;3.464896e-02;4.288978e-02;1.349275e-01;1.167112e-01;6.930161e-02;1.701893e-02;5.393588e-02
2.972524e-01;2.416573e-02;6.755317e-02;2.559022e-02;9.040031e-03;3.981353e-02;4.510599e-02;1.024325e-01;1.162417e-01;1.087717e-01;3.564068e-02;1.283924e-01
2.743014e-01;3.974597e-02;5.817644e-02;2.696351e-02;1.009099e-02;3.325407e-02;6.558027e-02;4.828240e-02;7.627628e-02;1.146570e-01;7.713824e-02;1.755335e-01
1.807887e-01;2.935984e-02;4.429616e-02;2.740612e-02;1.505597e-02;4.025201e-02;6.475850e-02;7.928690e-02;9.431375e-02;1.128319e-01;1.466233e-01;1.650268e-01
7.965976e-02;3.447057e-02;4.678910e-02;2.127684e-02;2.170310e-02;4.633822e-02;6.698906e-02;1.028409e-01;1.276914e-01;1.514735e-01;1.948199e-01;1.059476e-01
7.540633e-02;3.990045e-02;4.056652e-02;2.092317e-02;2.072124e-02;4.488171e-02;2.094547e-01;9.170439e-02;1.329259e-01;1.388849e-01;1.263158e-01;5.831489e-02
9.803749e-02;3.922695e-02;3.586602e-02;2.058939e-02;2.796699e-02;6.382827e-02;3.634435e-01;8.736300e-02;1.071628e-01;8.013542e-02;3.439179e-02;4.198840e-02
1.171200e-01;2.177926e-02;5.861680e-02;2.827546e-02;5.036914e-02;7.622620e-02;3.644443e-01;9.537525e-02;7.128908e-02;6.592946e-02;1.687610e-02;3.369896e-02
1.340003e-01;4.129094e-02;9.403935e-02;3.626796e-02;7.448898e-02;9.502906e-02;1.978791e-01;8.109757e-02;6.226251e-02;8.062579e-02;4.028115e-02;6.273729e-02
8.523726e-02;3.953297e-02;8.103687e-02;4.484603e-02;5.785929e-02;7.774939e-02;3.502991e-01;5.275012e-02;4.934516e-02;6.658230e-02;3.731396e-02;5.744755e-02
4.114035e-02;3.970426e-02;7.874051e-02;6.174885e-02;7.351054e-02;1.220199e-01;3.918665e-01;3.598317e-02;3.584500e-02;6.333714e-02;2.748364e-02;2.862011e-02
5.219172e-02;2.234303e-02;4.579560e-02;7.051203e-02;6.637710e-02;1.549622e-01;4.437282e-01;4.101620e-02;2.325673e-02;4.671745e-02;1.942005e-02;1.367971e-02
2.568974e-02;2.459714e-02;2.415071e-02;5.375368e-02;4.522345e-02;1.366798e-01;5.708768e-01;4.660450e-02;2.496751e-02;2.354013e-02;1.587319e-02;8.043304e-03
2.139939e-02;2.873219e-02;1.810429e-02;2.591866e-02;3.799392e-02;1.317454e-01;6.244330e-01;4.361718e-02;2.824188e-02;1.766246e-02;1.305542e-02;9.096293e-03
2.253473e-02;2.208181e-02;1.431149e-02;2.905148e-02;3.459901e-02;1.880258e-01;6.247419e-01;1.501747e-02;1.936037e-02;1.786061e-02;5.707497e-03;6.707820e-03
1.416633e-02;2.099930e-02;1.106162e-02;3.525456e-02;3.955611e-02;2.142869e-01;5.944750e-01;2.024709e-02;1.716588e-02;1.652596e-02;9.308436e-03;6.952868e-03
1.241454e-02;2.971270e-02;2.168294e-02;2.380340e-02;4.990900e-02;1.876676e-01;5.808767e-01;1.837999e-02;2.912787e-02;1.822452e-02;1.760296e-02;1.059777e-02
2.135667e-02;3.364393e-02;4.192818e-02;3.231129e-02;8.030150e-02;1.481428e-01;4.850748e-01;3.958345e-02;5.178269e-02;3.092327e-02;2.550761e-02;9.443780e-03
3.033330e-02;2.246587e-02;4.501874e-02;4.398763e-02;9.928387e-02;1.356284e-01;4.901361e-01;3.191408e-02;3.115554e-02;3.174692e-02;2.605159e-02;1.227794e-02
2.176553e-02;1.403879e-02;2.134072e-02;3.331754e-02;8.555795e-02;1.401095e-01;5.928695e-01;1.978707e-02;1.592050e-02;2.654500e-02;1.883095e-02;9.917012e-03
1.540871e-02;1.385816e-02;1.724879e-02;2.613098e-02;7.394555e-02;1.221117e-01;6.660805e-01;2.002777e-02;1.155170e-02;1.844625e-02;1.082939e-02;4.360551e-03
5.162831e-03;1.362067e-02;1.217807e-02;2.349555e-02;6.129342e-02;1.015600e-01;7.020675e-01;2.727632e-02;1.560217e-02;2.525257e-02;7.860296e-03;4.630535e-03
1.038604e-02;1.044080e-02;2.549783e-02;1.425451e-02;3.588953e-02;5.690803e-02;6.074164e-01;1.234117e-01;4.041243e-02;5.368802e-02;1.195540e-02;9.739307e-03
9.633789e-03;1.505508e-02;2.443803e-02;8.854017e-03;1.752946e-02;3.776859e-02;4.357662e-01;2.594436e-01;7.876937e-02;8.828893e-02;9.437512e-03;1.501543e-02
9.631514e-03;1.413006e-02;2.223771e-02;1.057720e-02;1.241429e-02;4.820783e-02;2.945437e-01;2.788489e-01;1.939104e-01;9.385816e-02;7.340793e-03;1.429939e-02
8.324875e-03;1.827811e-02;3.016477e-02;1.527200e-02;1.821118e-02;4.277141e-02;2.702841e-01;1.628696e-01;2.716185e-01;1.375076e-01;1.246177e-02;1.223596e-02
8.286485e-03;2.458612e-02;4.810831e-02;1.626493e-02;3.448758e-02;4.539777e-02;2.871672e-01;1.111807e-01;2.040597e-01;1.859858e-01;2.060524e-02;1.387019e-02
2.998526e-02;2.905645e-02;8.716825e-02;3.062747e-02;4.902268e-02;7.519338e-02;2.169234e-01;1.064057e-01;1.446801e-01;1.667247e-01;4.208293e-02;2.212965e-02
4.373194e-02;3.961677e-02;1.118232e-01;5.114766e-02;6.018079e-02;9.256927e-02;1.854224e-01;7.450984e-02;1.215753e-01;1.098006e-01;6.679933e-02;4.282273e-02
2.820810e-02;4.607427e-02;9.399819e-02;6.129038e-02;5.275883e-02;9.117329e-02;1.737731e-01;9.728558e-02;1.319798e-01;1.105661e-01;8.006814e-02;3.282426e-02
2.574183e-02;3.333329e-02;4.161747e-02;6.002806e-02;5.232969e-02;7.522393e-02;2.015890e-01;1.111238e-01;1.349564e-01;1.518832e-01;7.802287e-02;3.415042e-02
3.924024e-02;2.189315e-02;8.834451e-02;6.714702e-02;6.222178e-02;7.425654e-02;1.911124e-01;1.389687e-01;1.119581e-01;1.318702e-01;4.656940e-02;2.641790e-02
6.093396e-02;4.224122e-02;8.097128e-02;6.989492e-02;6.792218e-02;7.754683e-02;2.129093e-01;9.118368e-02;6.635079e-02;1.520996e-01;3.206810e-02;4.587818e-02
5.435963e-02;7.407539e-02;6.926014e-02;8.151488e-02;6.355090e-02;5.471923e-02;1.301894e-01;7.605440e-02;9.158921e-02;1.907165e-01;5.347750e-02;6.049273e-02
6.232446e-02;6.441227e-02;4.604789e-02;5.611198e-02;3.846923e-02;4.577290e-02;1.453364e-01;7.777718e-02;1.181738e-01;2.021601e-01;8.958186e-02;5.383192e-02
5.726977e-02;3.866416e-02;3.382470e-02;2.884573e-02;3.755075e-02;6.994865e-02;1.278960e-01;6.776254e-02;1.131476e-01;1.619171e-01;2.039089e-01;5.926407e-02
3.113503e-02;4.185029e-02;2.710279e-02;2.838898e-02;9.830888e-02;1.171088e-01;6.370864e-02;3.923558e-02;4.771012e-02;1.658019e-01;2.790203e-01;6.062870e-02
4.425198e-02;5.259719e-02;1.104507e-02;6.388007e-02;1.248198e-01;7.027147e-02;5.559535e-02;2.623564e-02;1.218470e-01;2.486864e-01;1.436603e-01;3.710971e-02
9.751984e-02;3.533568e-02;8.947371e-03;1.484692e-01;8.570049e-02;2.800142e-02;7.726894e-02;2.548242e-02;2.450534e-01;1.766070e-01;4.497768e-02;2.663645e-02
1.139381e-01;2.816340e-02;9.572198e-03;2.224046e-01;3.497630e-02;2.174498e-02;6.158502e-02;3.417072e-02;3.474427e-01;8.304432e-02;2.541841e-02;1.753930e-02
9.396005e-02;3.073873e-02;1.600982e-02;2.480225e-01;1.423504e-02;1.841224e-02;3.821852e-02;4.557430e-02;4.122329e-01;4.322753e-02;2.386241e-02;1.550600e-02
7.973067e-02;2.501586e-02;3.173853e-02;1.786505e-01;1.352369e-02;3.767887e-02;6.433330e-02;1.116667e-01;3.516893e-01;3.645094e-02;1.679767e-02;5.272387e-02
5.272630e-02;1.392691e-02;4.297666e-02;8.853697e-02;1.674770e-02;6.758023e-02;1.487075e-01;1.932192e-01;1.997832e-01;3.968390e-02;2.221822e-02;1.138932e-01
3.716245e-02;1.646898e-02;5.891391e-02;7.180471e-02;3.428902e-02;8.320676e-02;1.959534e-01;1.672152e-01;1.229162e-01;3.991311e-02;4.052982e-02;1.316264e-01
5.752966e-02;1.789740e-02;5.969605e-02;1.113412e-01;6.890152e-02;7.394615e-02;2.653270e-01;7.931448e-02;9.412235e-02;5.125301e-02;5.988041e-02;6.079070e-02
3.608765e-02;2.088846e-02;3.503944e-02;8.169391e-02;6.761824e-02;4.414605e-02;4.552735e-01;3.516693e-02;7.390685e-02;3.908633e-02;6.553405e-02;4.555857e-02
4.706476e-02;1.246849e-02;4.438311e-02;8.200520e-02;4.327421e-02;2.179870e-02;4.991026e-01;5.611964e-02;7.632136e-02;1.588456e-02;5.353871e-02;4.803865e-02
4.834340e-02;4.340063e-03;5.325743e-02;8.057747e-02;3.688042e-02;2.289581e-02;5.223236e-01;7.148008e-02;8.020111e-02;2.014381e-02;2.387534e-02;3.568146e-02
4.330369e-02;5.120016e-03;4.086572e-02;7.223432e-02;2.454628e-02;2.810754e-02;5.685258e-01;9.225866e-02;6.460693e-02;2.321917e-02;9.436491e-03;2.777535e-02
3.608066e-02;9.785823e-03;2.364122e-02;4.957680e-02;1.416239e-02;2.414567e-02;6.132695e-01;1.006246e-01;5.767087e-02;3.181271e-02;1.744241e-02;2.178738e-02
4.401010e-02;2.218744e-02;3.662252e-02;3.700011e-02;1.487935e-02;2.797535e-02;4.984219e-01;1.409434e-01;6.699142e-02;6.229062e-02;2.824989e-02;2.042788e-02
7.479042e-02;4.131714e-02;6.533857e-02;3.597427e-02;1.473484e-02;2.530208e-02;3.341492e-01;1.891888e-01;7.550172e-02;9.010311e-02;2.804448e-02;2.555547e-02
8.002757e-02;4.410633e-02;8.153033e-02;3.481098e-02;1.543948e-02;2.515871e-02;2.825770e-01;2.033824e-01;1.134502e-01;6.875445e-02;2.052330e-02;3.023929e-02
6.719603e-02;2.966104e-02;6.151190e-02;6.421904e-02;1.995394e-02;2.327963e-02;2.953598e-01;1.663205e-01;1.622827e-01;6.570224e-02;2.355043e-02;2.096279e-02
4.446259e-02;2.983909e-02;5.617241e-02;6.170042e-02;2.892883e-02;2.419899e-02;3.487850e-01;1.432454e-01;1.714513e-01;6.386536e-02;1.629065e-02;1.106002e-02
3.066124e-02;2.056821e-02;3.277272e-02;4.670801e-02;2.790785e-02;2.389190e-02;4.328153e-01;1.517733e-01;1.313141e-01;5.721646e-02;1.806919e-02;2.630172e-02
2.614010e-02;1.374686e-02;4.304517e-02;3.701281e-02;2.236061e-02;2.749365e-02;4.787629e-01;1.515055e-01;9.360382e-02;4.461479e-02;1.492818e-02;4.678559e-02
2.979340e-02;1.266142e-02;4.367050e-02;2.949757e-02;1.167702e-02;2.014506e-02;4.663635e-01;1.716602e-01;7.865135e-02;5.221279e-02;2.514977e-02;5.851746e-02
2.504615e-02;1.245051e-02;3.831128e-02;2.076576e-02;1.098453e-02;2.192207e-02;4.765813e-01;1.949337e-01;8.303703e-02;4.356439e-02;1.657854e-02;5.582479e-02
1.606595e-02;1.254964e-02;4.031352e-02;1.520172e-02;1.716786e-02;2.972604e-02;4.686003e-01;1.870811e-01;1.005586e-01;5.247701e-02;1.479261e-02;4.546566e-02
1.933374e-02;1.331046e-02;3.904388e-02;2.492970e-02;1.813047e-02;3.707343e-02;4.184456e-01;1.569769e-01;1.191449e-01;1.129408e-01;1.355368e-02;2.711636e-02
2.644382e-02;1.474606e-02;3.289870e-02;3.609510e-02;2.128662e-02;4.680397e-02;2.813756e-01;1.511620e-01;1.893164e-01;1.512332e-01;2.349826e-02;2.514021e-02
4.366837e-02;1.670154e-02;2.511195e-02;8.944847e-02;1.420834e-02;4.632476e-02;1.265269e-01;1.017871e-01;3.736779e-01;1.186476e-01;2.193944e-02;2.195771e-02
5.281555e-02;1.450755e-02;2.950456e-02;1.385240e-01;1.253168e-02;4.196015e-02;7.904632e-02;4.698601e-02;4.951567e-01;5.472315e-02;1.682944e-02;1.741485e-02
5.958424e-02;1.095261e-02;2.753853e-02;1.686829e-01;6.794941e-03;2.396252e-02;2.926068e-02;3.353386e-02;5.702558e-01;3.679283e-02;1.209204e-02;2.054896e-02
5.728529e-02;1.171711e-02;1.845142e-02;1.698761e-01;8.623626e-03;9.997983e-03;1.543424e-02;3.707879e-02;5.830250e-01;3.533113e-02;6.809085e-03;4.637029e-02
7.462969e-02;7.699434e-03;1.306004e-02;1.751109e-01;5.509034e-03;6.380901e-03;1.972799e-02;2.618158e-02;5.735008e-01;4.018300e-02;7.841458e-03;5.017525e-02
9.931415e-02;4.883704e-03;1.029510e-02;1.622515e-01;1.390842e-02;5.597885e-03;4.191476e-02;1.010603e-02;5.488026e-01;6.782949e-02;8.988350e-03;2.610802e-02
5.766720e-02;7.184925e-03;1.379200e-02;1.281754e-01;6.340316e-02;3.150693e-03;4.824554e-02;1.392943e-02;4.564729e-01;1.840532e-01;1.070050e-02;1.322507e-02
1.028086e-02;2.210126e-02;1.024179e-02;7.419316e-02;1.455721e-01;7.733515e-03;2.763672e-02;1.067138e-02;2.796672e-01;3.751724e-01;2.398559e-02;1.274398e-02
1.538956e-02;3.659072e-02;5.932607e-03;4.055042e-02;1.642356e-01;2.597712e-02;1.658666e-02;2.213997e-02;1.439853e-01;4.518686e-01;6.431298e-02;1.243039e-02
2.510861e-02;3.115411e-02;1.380229e-02;3.444226e-02;9.170523e-02;1.010308e-01;2.096503e-02;2.737417e-02;1.054336e-01;3.156603e-01;2.110233e-01;2.230035e-02
1.649500e-02;1.008292e-02;2.476011e-02;2.767818e-02;3.164362e-02;2.137272e-01;1.987865e-02;1.756441e-02;9.396867e-02;1.011519e-01;3.967469e-01;4.630241e-02
1.322870e-02;6.002840e-03;2.485980e-02;2.213982e-02;1.266498e-02;2.184846e-01;4.315367e-02;1.000851e-02;7.746547e-02;5.457192e-02;3.939805e-01;1.234393e-01
5.292194e-02;1.386874e-02;1.530524e-02;2.284570e-02;8.362840e-03;1.663348e-01;1.088901e-01;1.179456e-02;5.381315e-02;5.905924e-02;2.351536e-01;2.516502e-01
1.461892e-01;4.338302e-02;2.380024e-02;2.539563e-02;1.197317e-02;1.175574e-01;1.590728e-01;1.737000e-02;2.302928e-02;7.917701e-02;6.412159e-02;2.889307e-01
2.045085e-01;1.021410e-01;6.698213e-02;2.521350e-02;2.125955e-02;7.919078e-02;1.535829e-01;2.574709e-02;2.080001e-02;7.582446e-02;4.919034e-02;1.755597e-01
1.317589e-01;1.205695e-01;1.703533e-01;8.541054e-02;7.028829e-02;6.031032e-02;1.062299e-01;3.547377e-02;3.087859e-02;5.876372e-02;4.850659e-02;8.145655e-02
6.554846e-02;7.337465e-02;1.823663e-01;1.407486e-01;1.598310e-01;6.577934e-02;5.651484e-02;4.820818e-02;3.874172e-02;4.373680e-02;5.544472e-02;6.970537e-02
6.762201e-02;4.047807e-02;7.637224e-02;9.356292e-02;1.778622e-01;1.842118e-01;1.139810e-01;5.673231e-02;4.905070e-02;5.127069e-02;3.330811e-02;5.554794e-02
5.052964e-02;2.951180e-02;3.577189e-02;3.119192e-02;9.433285e-02;3.577327e-01;1.826699e-01;6.082752e-02;3.821608e-02;4.864747e-02;3.168028e-02;3.888795e-02
3.643984e-02;1.421394e-02;3.067657e-02;2.127043e-02;2.955028e-02;3.256646e-01;3.476618e-01;6.281899e-02;1.921192e-02;2.935208e-02;3.721249e-02;4.592695e-02
2.857910e-02;1.406230e-02;2.710309e-02;1.319097e-02;1.962025e-02;1.734592e-01;5.464069e-01;8.531439e-02;1.295668e-02;2.401458e-02;2.478553e-02;3.050709e-02
1.642404e-02;1.899567e-02;2.051606e-02;4.466448e-03;1.639855e-02;1.063802e-01;6.453869e-01;1.058273e-01;1.767164e-02;2.679925e-02;8.495987e-03;1.263792e-02
1.831690e-02;1.717266e-02;1.802623e-02;9.689084e-03;2.256821e-02;1.731153e-01;6.084512e-01;8.289972e-02;2.091796e-02;1.534395e-02;8.140828e-03;5.358006e-03
3.227878e-02;2.055790e-02;1.959068e-02;1.978125e-02;4.922344e-02;2.858256e-01;4.563958e-01;4.837401e-02;2.176558e-02;1.692699e-02;1.281369e-02;1.646636e-02
5.027554e-02;2.523663e-02;2.807360e-02;2.423039e-02;1.063521e-01;3.645566e-01;2.904335e-01;1.583420e-02;2.153651e-02;2.116328e-02;2.819312e-02;2.411449e-02
4.526520e-02;2.280582e-02;3.867229e-02;2.286629e-02;1.531547e-01;3.829651e-01;1.975557e-01;2.200167e-02;1.932815e-02;2.754816e-02;4.428611e-02;2.355073e-02
2.890266e-02;2.161567e-02;5.146963e-02;3.392247e-02;1.939786e-01;3.454521e-01;1.885619e-01;3.185076e-02;1.654150e-02;3.428532e-02;4.441297e-02;9.006290e-03
3.846452e-02;2.766486e-02;6.198861e-02;3.307085e-02;2.454809e-01;3.019064e-01;1.115590e-01;3.327545e-02;3.083114e-02;4.716250e-02;4.739147e-02;2.120424e-02
5.243071e-02;3.513875e-02;8.904956e-02;4.069689e-02;2.223742e-01;2.547460e-01;9.156778e-02;2.253472e-02;3.747023e-02;4.837545e-02;5.367023e-02;5.194548e-02
2.909156e-02;3.169894e-02;9.805544e-02;6.488600e-02;1.584146e-01;2.504084e-01;1.668535e-01;4.310685e-02;2.475067e-02;3.206849e-02;5.720815e-02;4.345733e-02
5.924366e-02;3.877992e-02;1.245562e-01;6.973738e-02;9.675992e-02;1.887408e-01;2.108461e-01;3.546755e-02;4.323482e-02;4.344951e-02;5.142255e-02;3.776165e-02
8.475372e-02;3.747652e-02;1.527312e-01;5.517345e-02;6.315840e-02;1.060871e-01;2.233155e-01;3.553183e-02;6.545233e-02;6.693545e-02;4.328438e-02;6.610017e-02
7.347272e-02;5.469259e-02;1.486990e-01;3.613210e-02;6.459679e-02;1.440282e-01;1.812582e-01;3.084091e-02;9.894957e-02;6.142984e-02;4.632421e-02;5.957575e-02
5.108108e-02;1.004887e-01;1.585124e-01;4.542965e-02;8.806834e-02;1.054003e-01;1.306285e-01;4.922548e-02;1.065671e-01;5.504094e-02;3.614503e-02;7.341239e-02
8.036578e-02;9.299755e-02;1.365909e-01;4.774610e-02;1.129179e-01;7.227215e-02;7.149979e-02;5.305089e-02;9.485002e-02;6.825379e-02;6.882657e-02;1.006285e-01
1.169309e-01;7.130425e-02;1.473987e-01;5.315532e-02;7.815631e-02;8.307225e-02;8.127125e-02;5.333564e-02;1.012965e-01;7.802174e-02;7.277972e-02;6.327757e-02
1.002231e-01;8.457285e-02;1.050778e-01;4.270340e-02;5.189288e-02;1.077447e-01;1.048244e-01;7.298175e-02;1.165739e-01;8.705875e-02;7.823779e-02;4.810872e-02
9.611658e-02;6.488632e-02;8.609149e-02;3.310252e-02;4.192574e-02;1.246375e-01;9.440345e-02;8.027855e-02;1.356029e-01;1.054933e-01;7.719801e-02;6.026356e-02
1.129097e-01;6.513219e-02;1.293266e-01;4.963891e-02;7.165418e-02;9.678731e-02;1.134513e-01;7.065469e-02;9.701041e-02;9.082843e-02;5.432057e-02;4.828573e-02
1.192411e-01;5.820255e-02;1.381019e-01;5.643125e-02;8.743973e-02;9.370108e-02;1.560999e-01;4.928891e-02;7.036249e-02;5.602483e-02;6.408562e-02;5.102055e-02
8.100171e-02;5.886350e-02;1.182511e-01;5.902602e-02;7.680384e-02;5.212510e-02;1.904269e-01;6.044512e-02;9.158150e-02;7.465772e-02;7.034507e-02;6.647237e-02
5.168363e-02;5.796337e-02;8.964882e-02;3.918823e-02;7.077125e-02;4.909543e-02;1.964449e-01;5.564836e-02;1.233165e-01;1.188898e-01;6.636178e-02;8.098797e-02
5.813701e-02;6.011392e-02;6.960545e-02;4.926481e-02;6.198350e-02;4.231550e-02;1.993951e-01;8.546153e-02;1.224974e-01;1.247192e-01;6.549419e-02;6.101243e-02
8.380211e-02;7.165956e-02;1.221851e-01;8.056386e-02;6.718516e-02;3.284416e-02;1.801825e-01;1.040071e-01;7.876701e-02;9.847039e-02;4.236981e-02;3.796323e-02
8.049250e-02;7.312442e-02;1.307710e-01;9.922605e-02;4.914473e-02;4.445374e-02;1.190553e-01;1.074804e-01;1.012731e-01;6.928097e-02;6.801846e-02;5.767939e-02
7.848459e-02;5.437404e-02;1.490644e-01;7.470552e-02;8.568852e-02;7.106822e-02;9.512067e-02;8.697385e-02;7.582317e-02;5.205522e-02;1.142252e-01;6.241663e-02
1.597158e-01;8.463857e-02;1.416691e-01;5.403107e-02;6.081352e-02;6.335780e-02;1.036650e-01;6.084960e-02;7.200955e-02;6.813111e-02;7.475748e-02;5.636144e-02
1.650160e-01;1.088596e-01;1.286100e-01;3.967853e-02;4.112504e-02;3.629000e-02;1.335636e-01;7.707923e-02;7.138543e-02;5.778344e-02;6.771647e-02;7.289265e-02
1.020980e-01;7.824422e-02;1.330468e-01;3.211259e-02;4.312020e-02;4.017153e-02;1.714908e-01;9.927385e-02;8.584570e-02;6.808733e-02;8.666109e-02;5.984789e-02
6.645388e-02;4.121725e-02;1.020726e-01;3.073469e-02;3.193278e-02;5.870604e-02;2.816988e-01;1.310723e-01;8.003403e-02;7.139492e-02;6.503055e-02;3.965224e-02
6.115059e-02;2.943224e-02;4.249835e-02;2.939199e-02;1.753299e-02;4.649039e-02;2.627666e-01;1.707936e-01;2.061365e-01;8.251724e-02;2.622557e-02;2.506396e-02
4.058985e-02;8.864985e-03;1.705069e-02;3.570682e-02;1.807805e-02;2.582952e-02;2.047758e-01;1.406213e-01;3.315338e-01;1.384757e-01;2.403199e-02;1.444150e-02
2.570667e-02;1.658110e-02;2.163385e-02;3.216343e-02;3.896226e-02;2.030256e-02;1.741707e-01;6.971296e-02;2.787630e-01;2.467334e-01;6.219134e-02;1.307875e-02
2.378380e-02;2.647939e-02;2.821968e-02;3.037354e-02;5.801463e-02;2.746277e-02;1.863713e-01;4.430689e-02;1.367519e-01;3.341805e-01;8.665610e-02;1.739940e-02
1.744364e-02;2.909749e-02;2.555815e-02;3.087762e-02;4.864692e-02;3.452566e-02;3.415924e-01;5.191537e-02;9.926589e-02;2.215381e-01;7.918464e-02;2.035421e-02
3.340342e-02;3.074909e-02;5.101152e-02;2.898131e-02;5.167067e-02;5.362838e-02;4.117774e-01;6.107129e-02;7.942816e-02;1.139660e-01;6.136819e-02;2.294450e-02
2.551186e-02;3.245207e-02;9.522199e-02;3.709991e-02;5.500405e-02;6.116349e-02;3.360288e-01;7.120020e-02;8.676582e-02;1.277741e-01;5.176385e-02;2.001389e-02
3.670403e-02;4.364516e-02;9.471712e-02;5.916713e-02;7.391537e-02;9.029935e-02;1.291960e-01;8.041750e-02;1.076166e-01;1.883546e-01;5.585533e-02;4.011181e-02
3.952993e-02;5.439113e-02;7.646229e-02;6.304782e-02;9.920438e-02;1.007383e-01;1.347211e-01;5.869195e-02;9.843261e-02;1.668306e-01;5.560257e-02;5.234734e-02
5.514939e-02;5.329937e-02;1.362562e-01;5.288538e-02;1.266394e-01;8.432446e-02;1.317430e-01;5.387376e-02;6.995728e-02;1.355981e-01;3.472760e-02;6.554604e-02
6.536434e-02;6.110649e-02;9.980176e-02;6.788054e-02;1.365538e-01;8.898842e-02;1.236803e-01;5.269007e-02;6.181267e-02;1.302917e-01;3.696948e-02;7.486035e-02
1.320605e-01;9.518372e-02;1.124842e-01;7.506619e-02;7.975958e-02;4.775489e-02;6.038098e-02;4.360592e-02;6.049228e-02;1.076252e-01;1.070306e-01;7.855593e-02
2.310562e-01;9.548128e-02;9.663904e-02;8.745594e-02;2.218603e-02;2.587158e-02;4.499573e-02;2.070636e-02;4.292923e-02;7.112671e-02;9.837750e-02;1.631744e-01
2.784756e-01;8.810014e-02;6.913161e-02;1.096322e-01;6.576926e-03;1.499547e-02;5.481825e-02;1.040337e-02;2.281254e-02;6.192898e-02;5.453170e-02;2.285931e-01
2.575294e-01;7.657494e-02;5.325662e-02;9.941164e-02;6.797803e-03;1.904912e-02;6.376149e-02;1.026059e-02;2.054093e-02;5.730436e-02;7.923980e-02;2.562733e-01
1.726859e-01;7.447751e-02;6.516893e-02;5.926301e-02;8.332795e-03;4.202689e-02;7.135321e-02;2.006724e-02;3.353111e-02;5.283605e-02;1.542367e-01;2.460207e-01
1.507722e-01;4.860616e-02;4.281079e-02;9.202294e-02;9.131580e-03;2.742813e-02;9.957436e-02;1.330144e-02;3.615637e-02;5.020355e-02;1.010781e-01;3.289143e-01
1.319332e-01;2.668257e-02;2.560949e-02;1.067263e-01;9.583005e-03;1.232386e-02;1.301633e-01;9.096995e-03;1.971297e-02;4.240308e-02;4.398332e-02;4.417820e-01
7.765421e-02;1.664869e-02;1.973035e-02;7.518194e-02;1.147445e-02;7.877996e-03;1.355198e-01;1.173358e-02;1.354262e-02;2.501798e-02;6.207272e-02;5.435457e-01
5.176130e-02;1.303553e-02;2.810648e-02;2.796210e-02;1.364003e-02;1.137485e-02;7.054099e-02;8.301594e-03;1.926735e-02;2.046137e-02;1.272897e-01;6.082587e-01
2.696965e-02;8.716539e-03;2.488457e-02;2.657703e-02;8.442223e-03;1.152983e-02;5.148692e-02;5.703161e-03;1.525580e-02;2.550515e-02;1.244790e-01;6.704500e-01
5.147627e-02;9.607305e-03;1.457192e-02;3.372630e-02;5.266356e-03;7.073541e-03;7.298110e-02;8.175310e-03;9.573524e-03;3.211943e-02;8.331855e-02;6.721104e-01
9.128691e-02;2.340078e-02;1.653051e-02;3.134772e-02;8.287223e-03;6.884607e-03;9.829955e-02;1.092045e-02;1.008235e-02;3.153212e-02;8.380128e-02;5.876265e-01
9.503536e-02;3.603037e-02;3.201429e-02;2.420931e-02;1.493879e-02;1.633606e-02;1.263376e-01;1.201433e-02;2.481396e-02;4.308355e-02;1.111481e-01;4.640383e-01
7.476898e-02;3.025889e-02;6.168993e-02;2.258649e-02;2.218770e-02;1.803663e-02;1.711172e-01;2.360584e-02;4.676802e-02;4.219079e-02;9.268467e-02;3.941048e-01
7.874154e-02;5.149518e-02;7.281945e-02;2.500333e-02;2.898212e-02;2.087808e-02;2.213197e-01;2.525115e-02;3.646589e-02;2.367701e-02;8.714642e-02;3.282202e-01
7.930098e-02;4.015874e-02;6.460183e-02;2.532628e-02;2.835522e-02;3.396370e-02;2.193477e-01;2.736275e-02;2.466110e-02;2.645587e-02;8.145720e-02;3.490087e-01
5.226891e-02;1.507326e-02;4.196838e-02;3.301569e-02;4.526839e-02;3.617320e-02;1.496111e-01;2.483273e-02;2.749202e-02;3.715558e-02;7.178027e-02;4.653604e-01
5.864494e-02;3.388412e-02;4.735469e-02;3.518520e-02;4.385970e-02;1.864511e-02;8.872127e-02;2.552228e-02;4.151193e-02;4.709106e-02;1.097063e-01;4.498734e-01
6.315798e-02;5.689413e-02;1.051283e-01;3.563032e-02;3.972841e-02;2.423928e-02;1.365540e-01;3.047485e-02;4.268861e-02;5.465728e-02;1.384638e-01;2.723830e-01
5.531612e-02;5.728665e-02;1.305351e-01;5.112024e-02;5.492088e-02;4.695166e-02;1.886113e-01;4.252547e-02;2.977617e-02;5.885158e-02;1.049188e-01;1.791860e-01
1.962899e-01;9.003193e-02;9.081833e-02;3.959057e-02;4.216061e-02;3.804836e-02;1.334092e-01;5.719435e-02;3.602827e-02;5.279654e-02;7.534263e-02;1.482893e-01
4.062392e-01;1.024454e-01;5.945871e-02;1.901672e-02;4.798812e-02;1.722310e-02;3.914827e-02;7.264706e-02;3.143315e-02;3.541008e-02;4.795772e-02;1.210326e-01
5.018191e-01;1.102916e-01;3.364431e-02;8.665985e-03;7.838752e-02;9.087939e-03;2.095542e-02;8.037108e-02;2.128095e-02;2.110558e-02;2.040788e-02;9.398267e-02
5.177109e-01;1.112555e-01;1.283328e-02;8.238002e-03;1.522355e-01;7.158727e-03;1.859013e-02;7.731010e-02;1.302363e-02;2.037817e-02;1.296427e-02;4.830181e-02
5.188848e-01;8.808194e-02;1.026749e-02;9.010445e-03;2.053483e-01;7.083594e-03;1.192803e-02;6.992381e-02;1.083667e-02;2.046118e-02;1.059195e-02;3.758173e-02
4.909924e-01;1.144002e-01;2.217615e-02;1.106068e-02;2.123370e-01;6.012274e-03;8.276566e-03;6.232597e-02;1.095196e-02;1.375037e-02;8.950044e-03;3.876639e-02
4.498040e-01;1.740213e-01;2.224249e-02;1.419945e-02;1.870184e-01;8.929334e-03;1.364296e-02;3.831297e-02;2.262956e-02;1.894562e-02;1.182404e-02;3.842991e-02
4.175969e-01;2.318000e-01;2.890851e-02;1.995201e-02;1.076677e-01;2.221578e-02;2.634218e-02;3.102985e-02;2.616105e-02;2.982935e-02;1.426909e-02;4.422761e-02
