1.087556e-01;1.419410e-01;7.731757e-02;3.696334e-02;7.048072e-02;6.202530e-02;5.828976e-02;8.824570e-02;5.829927e-02;1.148408e-01;3.109339e-02;1.517476e-01
6.789347e-02;1.901415e-01;4.643280e-02;5.154743e-02;7.262350e-02;8.281510e-02;4.141676e-02;7.629920e-02;5.274236e-02;1.364809e-01;6.323703e-02;1.183699e-01
1.395056e-01;1.566714e-01;6.682302e-02;4.369910e-02;5.061497e-02;1.346295e-01;3.490341e-02;4.863017e-02;4.070168e-02;1.117667e-01;1.133792e-01;5.867527e-02
2.089078e-01;9.088118e-02;9.050977e-02;4.021529e-02;4.267298e-02;1.760910e-01;3.566451e-02;2.856137e-02;3.889789e-02;7.770770e-02;1.373713e-01;3.251927e-02
2.125049e-01;7.222445e-02;8.753004e-02;7.217509e-02;5.477415e-02;1.635623e-01;3.567690e-02;4.237238e-02;4.964929e-02;6.385284e-02;1.065590e-01;3.911856e-02
1.880047e-01;1.255503e-01;6.169113e-02;7.973180e-02;7.019550e-02;1.231236e-01;3.016918e-02;8.310264e-02;7.267684e-02;4.856487e-02;6.079842e-02;5.639108e-02
1.144340e-01;1.372032e-01;3.250195e-02;3.932563e-02;7.534956e-02;9.125868e-02;2.998259e-02;1.051280e-01;1.043418e-01;3.564888e-02;1.573094e-01;7.751629e-02
5.912083e-02;5.893509e-02;8.457493e-02;2.143437e-02;1.021169e-01;1.465283e-01;4.704156e-02;1.006674e-01;1.154687e-01;7.800227e-02;1.198210e-01;6.628862e-02
6.395514e-02;1.080366e-01;8.955280e-02;3.619097e-02;9.409950e-02;1.156798e-01;2.771989e-02;6.257509e-02;9.758128e-02;1.237138e-01;1.378152e-01;4.307996e-02
8.269675e-02;1.972190e-01;5.060202e-02;6.040109e-02;1.244946e-01;6.833765e-02;2.908056e-02;3.579728e-02;7.344259e-02;1.258251e-01;1.002416e-01;5.186183e-02
1.266020e-01;2.191296e-01;4.733633e-02;5.299379e-02;1.168681e-01;9.278434e-02;4.723304e-02;5.689507e-02;5.516677e-02;8.380683e-02;5.583191e-02;4.535227e-02
1.428165e-01;1.951246e-01;8.307256e-02;5.704281e-02;8.792987e-02;8.735162e-02;4.648609e-02;6.014413e-02;4.934284e-02;5.914101e-02;8.186304e-02;4.968501e-02
1.613828e-01;1.963089e-01;1.291709e-01;4.668881e-02;8.920585e-02;7.307761e-02;1.720071e-02;7.411327e-02;5.011532e-02;3.022558e-02;8.842157e-02;4.408862e-02
2.797581e-01;1.402235e-01;1.312788e-01;2.936679e-02;1.021804e-01;4.359806e-02;2.101055e-02;1.084912e-01;4.660996e-02;1.596889e-02;6.393594e-02;1.757769e-02
3.595633e-01;9.051494e-02;1.286496e-01;2.757857e-02;1.004069e-01;2.235435e-02;2.215354e-02;1.328570e-01;4.259118e-02;1.461129e-02;4.140994e-02;1.730934e-02
3.718658e-01;6.410225e-02;1.279610e-01;3.540741e-02;8.239171e-02;2.533316e-02;2.682936e-02;1.545803e-01;3.293021e-02;2.185770e-02;2.628850e-02;3.045260e-02
3.048267e-01;6.951477e-02;1.087628e-01;4.567973e-02;5.432750e-02;4.736121e-02;5.897260e-02;1.709024e-01;2.341209e-02;3.863918e-02;2.010858e-02;5.749239e-02
2.017707e-01;1.282109e-01;9.795719e-02;3.648489e-02;3.384876e-02;5.108904e-02;1.058722e-01;1.604108e-01;3.443962e-02;4.388698e-02;2.012511e-02;8.590389e-02
1.475926e-01;1.608475e-01;1.275226e-01;5.247486e-02;3.915006e-02;5.950536e-02;1.296316e-01;8.125009e-02;4.138646e-02;4.075258e-02;2.297918e-02;9.690712e-02
1.086036e-01;1.483325e-01;1.671454e-01;7.617621e-02;5.075916e-02;5.433005e-02;9.630127e-02;6.479315e-02;6.887233e-02;4.943545e-02;4.618407e-02;6.906670e-02
7.920499e-02;1.344380e-01;1.608417e-01;9.107923e-02;6.505594e-02;8.212651e-02;5.831190e-02;1.042648e-01;8.075989e-02;4.315403e-02;5.868979e-02;4.207321e-02
1.252916e-01;1.135186e-01;1.294870e-01;6.749638e-02;6.845648e-02;6.894732e-02;5.410516e-02;1.459252e-01;7.106744e-02;6.665365e-02;6.033474e-02;2.871640e-02
1.721283e-01;1.180044e-01;1.157546e-01;3.667053e-02;5.759879e-02;6.992700e-02;3.773395e-02;1.419176e-01;7.941503e-02;8.981033e-02;4.507120e-02;3.596837e-02
1.916576e-01;1.187075e-01;1.160438e-01;2.603247e-02;7.815520e-02;6.598464e-02;3.807450e-02;1.157286e-01;6.965569e-02;9.030405e-02;5.760057e-02;3.205536e-02
1.631002e-01;8.382047e-02;1.302914e-01;3.647373e-02;8.750203e-02;8.084407e-02;3.055466e-02;1.369674e-01;6.721791e-02;7.736128e-02;7.025921e-02;3.560765e-02
1.408841e-01;1.002446e-01;1.351463e-01;3.611225e-02;7.628721e-02;7.499912e-02;3.499161e-02;1.819101e-01;5.830205e-02;5.594177e-02;7.447121e-02;3.070974e-02
1.776546e-01;1.383945e-01;1.254099e-01;2.016943e-02;5.992777e-02;6.532557e-02;5.632989e-02;1.761626e-01;4.620865e-02;4.387782e-02;5.384445e-02;3.669482e-02
1.892013e-01;1.299098e-01;1.094644e-01;3.387152e-02;6.244018e-02;4.594055e-02;5.616195e-02;1.849400e-01;5.940054e-02;4.796250e-02;4.372686e-02;3.698042e-02
1.502035e-01;1.055588e-01;9.761526e-02;6.397361e-02;6.391130e-02;3.146710e-02;5.772314e-02;2.364895e-01;6.839775e-02;4.949060e-02;3.239878e-02;4.277072e-02
1.078927e-01;1.039965e-01;1.259671e-01;5.930514e-02;8.585898e-02;5.631448e-02;5.846953e-02;2.149206e-01;7.051424e-02;3.524731e-02;3.657860e-02;4.493491e-02
1.594360e-01;1.036412e-01;1.402819e-01;5.350007e-02;9.535909e-02;5.002978e-02;4.790238e-02;1.445570e-01;6.284495e-02;6.074489e-02;3.811974e-02;4.358298e-02
1.563697e-01;1.082911e-01;1.553582e-01;4.412064e-02;7.199199e-02;1.022851e-01;4.703841e-02;1.172559e-01;5.742727e-02;6.522816e-02;3.361557e-02;4.101802e-02
1.085192e-01;1.267486e-01;1.389241e-01;2.875382e-02;4.491768e-02;1.743027e-01;4.148684e-02;1.222822e-01;7.346630e-02;5.089859e-02;3.847233e-02;5.122751e-02
6.631718e-02;2.627940e-01;2.005204e-01;3.401904e-02;4.305322e-02;1.488907e-01;2.679302e-02;5.939331e-02;6.404682e-02;3.319413e-02;2.104446e-02;3.993368e-02
8.275127e-02;3.378493e-01;1.761976e-01;2.963773e-02;6.475359e-02;7.652833e-02;3.319303e-02;8.640724e-02;4.787041e-02;2.897524e-02;1.166512e-02;2.417115e-02
1.212981e-01;3.209181e-01;1.390039e-01;2.207286e-02;7.792576e-02;3.250824e-02;3.376053e-02;1.473174e-01;2.845824e-02;3.350405e-02;2.056234e-02;2.267047e-02
1.539310e-01;2.293772e-01;1.122769e-01;2.672531e-02;6.467501e-02;3.179708e-02;4.520543e-02;1.879811e-01;3.933543e-02;3.857466e-02;2.747102e-02;4.264991e-02
1.467256e-01;1.163429e-01;9.579472e-02;5.895184e-02;4.296600e-02;4.288327e-02;8.494717e-02;1.926345e-01;5.104279e-02;6.508918e-02;3.464679e-02;6.797527e-02
1.212440e-01;5.691874e-02;6.239814e-02;8.427825e-02;3.304200e-02;4.141923e-02;1.252851e-01;1.940749e-01;4.125322e-02;1.218497e-01;3.338852e-02;8.484816e-02
7.389711e-02;7.929764e-02;4.868285e-02;8.247744e-02;2.254674e-02;3.875401e-02;1.377198e-01;1.380496e-01;2.989216e-02;1.818292e-01;7.146253e-02;9.539091e-02
6.910936e-02;4.701719e-02;4.171924e-02;9.328971e-02;1.821846e-02;2.938689e-02;1.430247e-01;1.134354e-01;3.154072e-02;2.003011e-01;1.089890e-01;1.039681e-01
8.197201e-02;6.619222e-02;7.067430e-02;1.080930e-01;1.175413e-02;4.054778e-02;1.524492e-01;1.112570e-01;4.099927e-02;1.473145e-01;7.614752e-02;9.259900e-02
5.331411e-02;9.945212e-02;1.038873e-01;1.203246e-01;1.183750e-02;5.469039e-02;1.623152e-01;9.889584e-02;6.665927e-02;9.673075e-02;3.365168e-02;9.824120e-02
6.154763e-02;7.731637e-02;9.148661e-02;1.234361e-01;9.903403e-03;5.699698e-02;1.549347e-01;7.376012e-02;1.400673e-01;1.068182e-01;1.866130e-02;8.507136e-02
4.770730e-02;4.133316e-02;4.850873e-02;1.724635e-01;1.136815e-02;3.992803e-02;1.613936e-01;8.706920e-02;1.527466e-01;1.467132e-01;1.487117e-02;7.589736e-02
4.100567e-02;5.246911e-02;4.668567e-02;2.337312e-01;1.890444e-02;3.409869e-02;1.563427e-01;9.286880e-02;7.721219e-02;1.650080e-01;9.006750e-03;7.266670e-02
4.656774e-02;1.117140e-01;7.845923e-02;2.032607e-01;1.612643e-02;6.048853e-02;1.301744e-01;9.084528e-02;4.969145e-02;1.343619e-01;1.588232e-02;6.242796e-02
5.410614e-02;1.412691e-01;1.089860e-01;1.421448e-01;2.125539e-02;1.115237e-01;9.743010e-02;9.967697e-02;6.481151e-02;9.750229e-02;1.897511e-02;4.231880e-02
4.596980e-02;1.525583e-01;1.425680e-01;8.499075e-02;3.144379e-02;1.417161e-01;1.180602e-01;8.969286e-02;7.707551e-02;5.756930e-02;1.755470e-02;4.080061e-02
4.867485e-02;1.667169e-01;1.149559e-01;9.246613e-02;3.474315e-02;8.881357e-02;1.479004e-01;1.106140e-01;5.975082e-02;5.587135e-02;1.232174e-02;6.717131e-02
4.636430e-02;1.690650e-01;7.068994e-02;8.731385e-02;2.429879e-02;6.493162e-02;1.791608e-01;1.484409e-01;5.079115e-02;6.289755e-02;9.760166e-03;8.628594e-02
5.182320e-02;1.452876e-01;4.526502e-02;6.325983e-02;1.138887e-02;5.303102e-02;1.885748e-01;2.076162e-01;5.177634e-02;7.438196e-02;1.713917e-02;9.045602e-02
4.324498e-02;8.876406e-02;4.146420e-02;5.689906e-02;2.171801e-02;6.667507e-02;1.990887e-01;2.206389e-01;5.953410e-02;8.821476e-02;2.528404e-02;8.847403e-02
2.725504e-02;6.065161e-02;4.771266e-02;6.778135e-02;1.900439e-02;1.262082e-01;1.881503e-01;1.867469e-01;6.660197e-02;9.089348e-02;3.845561e-02;8.053851e-02
6.356028e-02;1.149754e-01;1.074719e-01;6.402924e-02;3.017411e-02;1.930528e-01;6.330325e-02;1.111157e-01;7.362607e-02;8.624876e-02;4.010825e-02;5.233428e-02
5.571682e-02;1.243116e-01;1.015785e-01;1.155760e-01;4.032733e-02;8.246552e-02;1.479227e-01;1.339056e-01;6.635132e-02;6.277562e-02;2.292993e-02;4.613918e-02
5.665449e-02;1.316443e-01;1.215367e-01;1.245152e-01;1.748843e-02;8.992676e-02;1.168438e-01;1.477986e-01;6.541640e-02;5.355433e-02;3.077355e-02;4.384746e-02
7.381507e-02;1.215186e-01;1.208301e-01;9.386177e-02;1.856807e-02;8.101499e-02;1.085622e-01;1.633215e-01;7.734920e-02;4.145041e-02;4.832591e-02;5.138223e-02
7.597849e-02;1.237388e-01;1.266655e-01;9.518104e-02;2.742397e-02;4.029393e-02;1.161663e-01;1.466960e-01;8.455194e-02;4.414870e-02;6.098290e-02;5.817250e-02
7.295464e-02;1.540362e-01;1.187357e-01;9.476168e-02;3.246183e-02;4.962157e-02;9.354613e-02;1.088297e-01;1.017434e-01;6.552944e-02;4.765285e-02;6.012687e-02
5.536859e-02;1.159442e-01;1.233452e-01;8.924325e-02;3.069277e-02;7.792281e-02;1.052015e-01;1.458481e-01;7.642797e-02;7.513014e-02;4.162753e-02;6.324796e-02
8.495709e-02;1.123697e-01;9.444691e-02;5.655244e-02;4.780825e-02;9.793766e-02;1.186330e-01;1.418518e-01;6.911862e-02;4.618867e-02;5.550025e-02;7.463555e-02
1.353098e-01;1.240406e-01;1.154072e-01;3.930778e-02;7.535562e-02;8.075539e-02;8.679376e-02;1.489464e-01;5.605989e-02;4.882928e-02;4.233133e-02;4.686295e-02
1.452087e-01;8.940125e-02;8.155090e-02;3.957741e-02;6.961805e-02;6.645373e-02;9.710704e-02;2.019919e-01;4.407331e-02;6.456839e-02;4.530748e-02;5.514181e-02
1.080920e-01;5.993035e-02;4.426319e-02;6.620179e-02;3.794749e-02;7.292815e-02;1.582153e-01;1.685032e-01;3.079762e-02;9.453455e-02;4.178344e-02;1.168029e-01
6.676251e-02;5.765816e-02;2.940821e-02;1.087018e-01;1.872262e-02;7.037761e-02;2.533500e-01;9.153005e-02;1.475479e-02;9.167957e-02;3.223673e-02;1.648179e-01
3.457335e-02;9.619763e-02;4.832242e-02;1.066797e-01;3.403881e-02;1.019059e-01;2.867480e-01;5.702253e-02;1.995086e-02;5.066750e-02;3.028519e-02;1.336081e-01
2.127630e-02;9.056299e-02;6.526990e-02;7.826465e-02;7.717995e-02;2.029651e-01;2.410227e-01;6.999379e-02;3.160186e-02;2.482083e-02;2.504525e-02;7.199664e-02
3.247029e-02;4.328638e-02;5.125047e-02;6.584183e-02;1.173686e-01;3.030547e-01;1.600102e-01;1.097384e-01;3.632517e-02;1.676840e-02;1.976825e-02;4.411727e-02
3.404098e-02;4.236845e-02;4.713224e-02;5.465056e-02;1.068106e-01;2.821666e-01;1.379485e-01;1.329398e-01;5.823678e-02;1.638567e-02;3.805916e-02;4.926066e-02
2.431297e-02;3.299837e-02;5.198253e-02;4.309186e-02;1.176893e-01;1.883704e-01;1.611564e-01;1.488052e-01;9.497565e-02;2.845592e-02;5.064093e-02;5.752041e-02
3.284863e-02;6.538843e-02;6.235420e-02;3.930812e-02;1.023226e-01;1.165953e-01;1.630134e-01;1.413224e-01;8.239500e-02;5.024248e-02;6.548679e-02;7.872263e-02
4.702692e-02;8.309577e-02;7.259385e-02;4.549399e-02;1.214455e-01;9.897538e-02;1.472331e-01;1.140199e-01;6.438998e-02;5.945266e-02;6.501405e-02;8.125888e-02
5.208829e-02;3.523013e-02;6.507954e-02;5.845735e-02;1.655244e-01;7.339159e-02;9.554614e-02;1.652122e-01;8.649615e-02;6.679228e-02;6.581896e-02;7.036290e-02
4.813161e-02;6.096239e-02;7.142625e-02;6.470414e-02;1.317626e-01;9.549640e-02;1.251252e-01;1.734714e-01;1.044997e-01;5.012329e-02;2.701176e-02;4.728534e-02
4.552950e-02;9.214802e-02;8.229434e-02;6.272034e-02;9.438166e-02;1.382808e-01;1.218917e-01;1.627512e-01;1.114445e-01;3.467610e-02;2.705478e-02;2.682714e-02
3.865751e-02;6.733170e-02;6.159305e-02;6.626090e-02;7.569478e-02;2.111718e-01;7.134255e-02;1.822027e-01;1.074656e-01;4.025915e-02;3.673275e-02;4.128747e-02
3.451959e-02;5.708947e-02;6.473695e-02;7.110037e-02;5.614378e-02;2.099910e-01;1.358288e-01;1.766642e-01;7.812112e-02;3.288398e-02;3.047420e-02;5.244654e-02
4.527892e-02;4.610103e-02;6.301007e-02;7.858644e-02;5.238677e-02;1.785158e-01;1.701449e-01;1.575992e-01;9.504845e-02;3.171838e-02;2.611452e-02;5.549559e-02
4.037852e-02;7.339682e-02;6.579074e-02;6.185476e-02;6.328548e-02;1.327472e-01;1.552134e-01;1.816007e-01;1.096097e-01;3.899712e-02;2.777023e-02;4.935530e-02
3.970679e-02;1.334261e-01;1.022955e-01;5.063064e-02;9.181502e-02;6.966307e-02;1.125022e-01;1.861210e-01;1.019235e-01;3.402824e-02;1.940247e-02;5.848532e-02
3.992444e-02;8.121600e-02;7.007197e-02;6.900464e-02;9.139849e-02;1.648360e-01;1.362744e-01;1.476077e-01;7.176297e-02;2.800566e-02;3.852871e-02;6.136908e-02
3.760786e-02;6.611364e-02;6.345395e-02;8.976093e-02;6.740905e-02;1.637627e-01;1.231801e-01;1.469713e-01;9.106738e-02;3.542198e-02;4.496342e-02;7.028771e-02
3.148465e-02;8.207028e-02;1.160209e-01;5.999850e-02;6.404950e-02;1.448513e-01;1.273681e-01;1.300846e-01;1.052917e-01;3.428115e-02;3.629411e-02;6.820513e-02
2.043355e-02;6.033020e-02;1.336042e-01;4.879998e-02;6.831494e-02;1.679396e-01;9.682076e-02;1.149799e-01;1.242924e-01;3.567300e-02;7.149860e-02;5.731288e-02
1.476043e-02;5.259958e-02;1.092025e-01;4.288098e-02;6.462672e-02;1.628930e-01;1.860676e-01;9.606930e-02;8.660901e-02;2.791863e-02;9.577301e-02;6.059923e-02
2.209891e-02;3.528376e-02;1.015620e-01;3.928541e-02;4.739871e-02;1.376495e-01;1.990012e-01;1.053001e-01;8.963050e-02;3.049543e-02;1.231233e-01;6.917121e-02
2.303848e-02;5.577428e-02;1.221216e-01;2.986717e-02;3.670310e-02;1.576918e-01;1.760236e-01;9.300180e-02;9.295226e-02;2.655441e-02;1.365198e-01;4.975175e-02
2.355396e-02;4.661021e-02;9.857517e-02;1.737252e-02;5.421166e-02;2.570184e-01;1.807828e-01;7.341180e-02;6.426901e-02;1.733029e-02;1.018930e-01;6.497113e-02
1.665350e-02;1.942726e-02;6.484384e-02;3.138241e-02;4.829257e-02;2.597198e-01;2.861598e-01;7.664408e-02;4.461562e-02;1.406791e-02;7.157879e-02;6.661452e-02
1.652218e-02;4.638445e-02;5.275879e-02;4.643743e-02;3.294374e-02;1.721002e-01;3.940377e-01;7.419118e-02;3.658752e-02;1.519908e-02;3.997699e-02;7.286065e-02
1.656412e-02;4.668685e-02;6.418250e-02;7.042257e-02;2.532521e-02;1.176139e-01;4.276139e-01;5.756003e-02;3.194327e-02;1.183701e-02;1.513809e-02;1.151125e-01
2.243248e-02;4.667088e-02;6.558301e-02;9.414524e-02;2.362823e-02;6.948803e-02;4.095952e-01;6.014008e-02;3.964946e-02;1.290379e-02;2.147060e-02;1.342930e-01
3.078644e-02;7.853220e-02;6.299561e-02;9.458162e-02;2.403992e-02;5.553422e-02;3.762614e-01;5.522627e-02;3.916375e-02;1.920387e-02;3.257694e-02;1.310978e-01
4.109836e-02;5.198735e-02;3.894516e-02;1.196124e-01;1.896033e-02;4.301932e-02;3.650774e-01;7.930278e-02;3.759238e-02;2.689223e-02;3.341579e-02;1.440965e-01
7.558277e-02;5.169551e-02;4.401496e-02;1.418728e-01;3.612015e-02;3.690221e-02;3.149841e-01;7.711431e-02;3.027159e-02;2.515728e-02;2.408130e-02;1.422030e-01
8.419953e-02;8.247223e-02;4.949702e-02;1.551040e-01;6.298330e-02;2.602257e-02;2.812394e-01;4.115585e-02;2.794005e-02;3.022864e-02;1.903292e-02;1.401245e-01
6.012463e-02;6.880994e-02;2.900384e-02;1.479005e-01;6.842684e-02;5.007768e-02;2.790664e-01;6.230728e-02;2.345016e-02;3.782495e-02;2.504046e-02;1.479673e-01
5.845894e-02;7.480291e-02;3.636993e-02;1.219661e-01;5.397444e-02;3.639054e-02;2.739321e-01;6.909363e-02;3.056518e-02;5.679256e-02;3.868595e-02;1.489677e-01
5.063049e-02;9.719317e-02;4.583739e-02;1.057032e-01;3.997388e-02;5.791857e-02;2.401307e-01;7.031506e-02;3.020227e-02;7.528531e-02;4.909415e-02;1.377158e-01
5.790931e-02;8.548142e-02;3.401035e-02;1.185171e-01;3.352385e-02;7.845417e-02;2.306631e-01;5.955218e-02;4.652126e-02;6.957245e-02;4.993593e-02;1.358590e-01
7.146114e-02;8.306672e-02;4.062858e-02;1.103133e-01;3.178688e-02;7.812518e-02;2.762797e-01;5.390166e-02;4.955684e-02;4.173137e-02;2.115480e-02;1.419938e-01
6.939656e-02;1.138914e-01;8.646672e-02;8.174559e-02;2.781087e-02;3.186517e-02;3.033676e-01;5.522073e-02;3.767886e-02;3.278289e-02;3.040743e-02;1.293662e-01
6.277003e-02;1.088047e-01;8.723820e-02;6.698525e-02;2.163418e-02;9.183805e-02;2.411662e-01;8.312313e-02;5.292296e-02;3.190130e-02;5.487768e-02;9.673843e-02
4.276377e-02;8.590274e-02;7.139177e-02;6.245347e-02;1.897202e-02;1.350771e-01;1.666509e-01;1.536486e-01;1.081735e-01;3.320860e-02;5.138341e-02;7.037419e-02
3.534407e-02;5.946939e-02;5.054490e-02;7.101329e-02;2.220255e-02;1.360290e-01;1.462519e-01;2.190026e-01;1.287704e-01;3.386557e-02;2.955276e-02;6.795366e-02
4.963297e-02;8.284100e-02;6.356084e-02;7.491077e-02;2.161364e-02;1.232360e-01;1.131468e-01;1.787693e-01;1.036030e-01;4.185044e-02;4.164309e-02;1.051921e-01
4.156340e-02;9.226869e-02;6.981456e-02;6.383868e-02;2.638576e-02;1.344277e-01;1.442929e-01;1.018062e-01;9.189640e-02;4.056292e-02;4.936524e-02;1.437775e-01
4.100424e-02;7.745485e-02;7.566950e-02;5.681720e-02;3.346333e-02;1.135638e-01;1.688748e-01;1.025868e-01;9.524747e-02;5.603701e-02;5.984024e-02;1.194408e-01
5.534656e-02;9.810373e-02;7.065561e-02;6.410174e-02;3.861448e-02;9.665740e-02;1.510960e-01;8.660215e-02;1.254867e-01;8.725592e-02;5.331413e-02;7.276551e-02
7.211310e-02;1.370115e-01;8.731076e-02;6.406884e-02;3.741937e-02;1.113304e-01;1.270843e-01;1.060853e-01;1.078640e-01;6.136402e-02;3.392330e-02;5.442517e-02
6.661778e-02;1.140062e-01;9.767840e-02;4.487802e-02;5.160723e-02;1.577778e-01;1.590825e-01;9.931419e-02;6.006708e-02;5.622680e-02;3.959310e-02;5.315093e-02
4.021778e-02;1.017446e-01;9.086260e-02;5.033877e-02;7.416580e-02;1.916553e-01;1.406109e-01;8.067758e-02;6.143538e-02;6.384287e-02;5.439138e-02;5.005705e-02
2.074382e-02;8.846157e-02;9.533134e-02;5.269330e-02;7.053530e-02;1.927819e-01;9.059088e-02;1.720180e-01;9.077236e-02;5.140465e-02;3.176922e-02;4.289768e-02
1.881751e-02;9.908275e-02;7.268673e-02;6.488957e-02;6.011508e-02;1.629141e-01;9.079316e-02;2.086330e-01;1.123481e-01;4.235644e-02;1.931572e-02;4.804777e-02
3.258939e-02;1.113242e-01;6.082238e-02;8.869655e-02;5.577083e-02;1.089558e-01;1.392771e-01;1.711149e-01;1.254134e-01;3.458003e-02;1.363916e-02;5.781624e-02
4.380467e-02;1.129551e-01;1.393223e-01;6.927727e-02;4.781034e-02;7.273033e-02;1.289354e-01;1.788398e-01;9.770409e-02;2.127319e-02;2.167494e-02;6.567246e-02
3.185469e-02;8.760092e-02;1.392868e-01;3.800828e-02;5.515481e-02;8.843914e-02;7.749623e-02;2.493427e-01;1.299042e-01;1.807083e-02;2.484595e-02;5.999539e-02
4.071012e-02;7.193996e-02;1.156508e-01;5.596291e-02;6.159717e-02;1.192339e-01;7.121412e-02;2.165507e-01;1.277383e-01;3.816458e-02;3.527348e-02;4.596392e-02
2.927060e-02;9.914097e-02;1.068178e-01;7.225110e-02;4.954005e-02;1.389376e-01;1.356146e-01;1.663090e-01;9.185272e-02;1.835396e-02;5.606096e-02;3.585055e-02
3.009039e-02;6.311113e-02;1.003281e-01;5.970440e-02;6.893691e-02;1.493642e-01;1.158280e-01;1.779690e-01;8.817308e-02;3.776961e-02;4.729132e-02;6.143392e-02
4.897690e-02;3.973109e-02;9.112556e-02;4.614820e-02;5.468413e-02;1.308595e-01;8.013410e-02;1.878932e-01;1.139016e-01;5.742573e-02;3.980336e-02;1.093166e-01
6.895075e-02;2.795199e-02;9.374941e-02;3.268091e-02;3.057396e-02;1.055328e-01;5.623428e-02;1.809936e-01;1.175625e-01;5.081745e-02;2.949561e-02;2.054567e-01
4.875435e-02;2.645958e-02;1.126184e-01;2.237063e-02;1.042197e-02;7.342398e-02;4.526643e-02;2.038835e-01;6.420647e-02;7.824509e-02;1.485909e-02;2.994905e-01
2.449507e-02;2.438296e-02;1.244732e-01;1.848582e-02;1.034888e-02;5.091891e-02;3.946351e-02;2.135414e-01;4.890076e-02;1.100013e-01;3.410959e-02;3.008786e-01
2.588823e-02;1.672189e-02;1.425255e-01;1.533510e-02;7.331709e-03;3.598687e-02;3.452064e-02;2.211927e-01;4.114984e-02;1.081928e-01;6.940030e-02;2.817544e-01
2.405921e-02;2.260317e-02;1.476005e-01;1.909691e-02;1.759929e-02;3.297836e-02;4.255101e-02;2.161136e-01;3.989092e-02;8.014168e-02;1.105148e-01;2.468506e-01
3.724512e-02;3.116310e-02;1.365336e-01;2.243544e-02;2.916681e-02;3.381948e-02;8.187821e-02;2.096423e-01;4.521576e-02;5.254311e-02;1.596334e-01;1.607238e-01
4.829311e-02;5.470834e-02;1.012718e-01;3.427735e-02;3.979884e-02;3.540022e-02;1.898167e-01;1.823607e-01;4.646879e-02;3.934082e-02;1.397209e-01;8.854236e-02
6.257354e-02;7.450333e-02;6.036408e-02;3.876063e-02;4.051124e-02;9.998536e-02;2.397555e-01;1.610835e-01;3.606202e-02;3.576896e-02;8.012769e-02;7.050417e-02
6.429343e-02;9.711763e-02;7.684680e-02;4.084574e-02;3.948193e-02;1.697795e-01;2.006133e-01;1.206022e-01;4.984165e-02;2.580624e-02;5.902886e-02;5.574264e-02
6.034130e-02;8.860828e-02;1.159434e-01;3.300978e-02;2.989304e-02;1.966758e-01;1.298967e-01;1.140441e-01;7.900957e-02;3.567657e-02;6.062379e-02;5.627767e-02
5.315404e-02;7.624820e-02;1.671043e-01;1.645824e-02;2.876853e-02;9.149815e-02;7.790118e-02;2.458152e-01;8.407719e-02;5.239939e-02;5.648070e-02;5.009479e-02
3.817004e-02;1.630356e-01;1.714792e-01;3.204735e-02;3.494918e-02;6.230135e-02;5.872466e-02;2.327846e-01;8.271148e-02;3.698980e-02;5.824847e-02;2.855829e-02
3.405129e-02;1.889278e-01;1.485675e-01;2.066384e-02;2.359820e-02;8.897309e-02;5.432640e-02;2.242502e-01;7.160477e-02;2.858072e-02;6.031130e-02;5.614486e-02
3.631980e-02;1.786883e-01;1.029854e-01;1.049150e-02;2.881340e-02;1.265889e-01;6.425882e-02;2.590354e-01;5.297968e-02;2.650039e-02;4.142711e-02;7.191125e-02
3.739890e-02;1.803537e-01;7.241353e-02;1.675426e-02;3.151295e-02;1.513016e-01;5.819144e-02;2.740517e-01;4.079958e-02;2.636708e-02;5.146671e-02;5.938865e-02
3.595011e-02;1.912021e-01;6.401860e-02;3.658007e-02;2.859010e-02;1.587018e-01;6.758691e-02;2.508914e-01;2.641213e-02;1.640352e-02;6.556419e-02;5.809905e-02
2.417044e-02;1.810401e-01;5.272398e-02;4.123889e-02;1.960119e-02;1.931419e-01;8.941585e-02;2.342678e-01;4.578963e-02;1.267239e-02;6.051598e-02;4.542179e-02
2.343529e-02;1.746832e-01;6.302770e-02;3.189003e-02;1.964265e-02;2.175082e-01;8.965535e-02;2.464214e-01;5.075885e-02;9.644530e-03;3.884549e-02;3.448730e-02
2.689416e-02;1.638480e-01;5.774066e-02;2.394065e-02;2.235363e-02;2.500816e-01;9.991909e-02;2.210059e-01;5.016100e-02;1.305348e-02;3.367662e-02;3.732509e-02
2.987709e-02;1.408971e-01;4.031813e-02;2.191588e-02;3.895774e-02;2.627507e-01;1.205742e-01;1.720329e-01;5.152183e-02;1.546048e-02;4.717888e-02;5.851514e-02
2.991320e-02;1.348963e-01;6.340261e-02;2.259631e-02;4.045453e-02;2.626468e-01;1.027759e-01;1.642073e-01;3.753155e-02;3.022114e-02;3.000268e-02;8.135164e-02
3.299708e-02;9.200651e-02;5.986892e-02;2.246953e-02;2.715550e-02;2.865229e-01;8.232889e-02;1.787476e-01;6.393469e-02;3.806876e-02;2.795378e-02;8.794581e-02
2.411090e-02;1.028059e-01;8.026776e-02;1.607160e-02;1.858371e-02;3.044085e-01;9.191324e-02;1.634153e-01;5.803607e-02;3.966410e-02;1.169788e-02;8.902499e-02
3.399646e-02;1.119417e-01;1.089123e-01;2.324186e-02;1.523115e-02;3.279417e-01;4.955875e-02;1.450010e-01;4.891730e-02;3.734921e-02;2.654264e-02;7.136597e-02
2.752532e-02;5.479135e-02;8.426385e-02;1.703507e-02;1.864802e-02;3.499737e-01;6.828072e-02;2.155010e-01;7.263862e-02;3.256644e-02;2.446787e-02;3.430801e-02
1.797664e-02;4.576872e-02;5.426579e-02;9.516023e-03;1.561403e-02;3.483457e-01;7.529788e-02;2.743106e-01;7.644942e-02;3.355400e-02;2.243780e-02;2.646347e-02
2.249806e-02;6.762068e-02;4.448652e-02;1.068991e-02;1.514927e-02;3.191807e-01;1.193987e-01;2.298125e-01;6.848130e-02;2.736165e-02;1.530533e-02;6.001544e-02
3.400569e-02;5.022179e-02;6.306750e-02;2.490197e-02;2.422799e-02;2.796942e-01;1.361401e-01;1.556988e-01;6.947205e-02;2.991736e-02;3.005975e-02;1.025927e-01
4.357283e-02;6.861029e-02;8.002134e-02;3.794239e-02;3.035764e-02;2.138724e-01;1.163283e-01;1.230083e-01;8.955310e-02;4.154133e-02;4.472621e-02;1.104659e-01
6.148855e-02;1.206488e-01;7.209849e-02;2.834796e-02;3.807832e-02;2.396715e-01;8.186595e-02;1.436166e-01;4.589597e-02;6.812099e-02;3.898270e-02;6.118418e-02
7.919554e-02;1.341930e-01;1.002544e-01;3.031418e-02;3.850631e-02;2.551924e-01;5.639768e-02;1.207383e-01;4.816204e-02;6.134721e-02;3.428486e-02;4.141406e-02
8.215207e-02;1.243338e-01;9.082823e-02;3.534225e-02;2.802223e-02;2.495455e-01;4.963671e-02;1.609225e-01;6.233039e-02;4.542021e-02;1.716310e-02;5.430305e-02
7.523216e-02;1.456406e-01;1.037371e-01;2.841977e-02;2.088755e-02;2.112597e-01;2.037267e-02;1.938938e-01;7.480776e-02;3.574133e-02;3.027113e-02;5.973643e-02
5.090902e-02;1.377842e-01;1.004741e-01;1.648148e-02;2.523824e-02;1.882432e-01;5.102008e-02;2.003521e-01;6.593438e-02;2.810539e-02;4.612921e-02;8.932871e-02
4.210643e-02;1.311735e-01;8.856422e-02;2.180004e-02;2.692906e-02;1.738946e-01;6.327547e-02;1.994844e-01;6.250816e-02;2.942054e-02;3.635310e-02;1.244905e-01
5.028183e-02;1.793670e-01;8.769529e-02;2.964461e-02;2.487904e-02;1.746972e-01;4.475231e-02;1.483555e-01;6.369211e-02;2.340689e-02;3.958719e-02;1.336410e-01
