7.504252e-02;4.103316e-01;2.141699e-01;2.608492e-02;2.516796e-02;4.500579e-02;4.666536e-02;5.804649e-02;5.857305e-02;1.503672e-02;1.386062e-02;1.201503e-02
4.657182e-02;4.122559e-01;2.838962e-01;2.552443e-02;1.235113e-02;5.119848e-02;2.277119e-02;4.146912e-02;6.179455e-02;1.810342e-02;6.248798e-03;1.781493e-02
3.040658e-02;3.350813e-01;3.283675e-01;2.384784e-02;1.678553e-02;6.915682e-02;1.189941e-02;6.825914e-02;4.966554e-02;4.095202e-02;7.434424e-03;1.814386e-02
2.454020e-02;2.573578e-01;3.669172e-01;2.751638e-02;2.155682e-02;7.395295e-02;2.842050e-02;7.182366e-02;3.428120e-02;7.406637e-02;7.787002e-03;1.177988e-02
2.046140e-02;2.190573e-01;4.188669e-01;2.422982e-02;1.696488e-02;4.654354e-02;5.860464e-02;4.832156e-02;1.563251e-02;1.136370e-01;1.145835e-02;6.222204e-03
2.431856e-02;1.919916e-01;4.344505e-01;2.275760e-02;8.739794e-03;2.393007e-02;8.531644e-02;2.945518e-02;1.730816e-02;1.340484e-01;2.319940e-02;4.484142e-03
3.167073e-02;1.726272e-01;4.175803e-01;2.284054e-02;1.270561e-02;2.670498e-02;9.549291e-02;1.916862e-02;2.314465e-02;1.422846e-01;3.108156e-02;4.698384e-03
3.013609e-02;1.615564e-01;3.597081e-01;5.262409e-02;2.478503e-02;5.037171e-02;7.828257e-02;3.026409e-02;2.371706e-02;1.595445e-01;2.368907e-02;5.321314e-03
2.104311e-02;1.308425e-01;3.638419e-01;7.902882e-02;3.700012e-02;5.977312e-02;5.966773e-02;3.156329e-02;2.027076e-02;1.807097e-01;1.141159e-02;4.847400e-03
1.160493e-02;1.014570e-01;4.141837e-01;7.676209e-02;3.247018e-02;3.847656e-02;5.498407e-02;1.813311e-02;1.090412e-02;2.141170e-01;2.180456e-02;5.102743e-03
7.839212e-03;9.390371e-02;4.639046e-01;4.365973e-02;1.290637e-02;1.883123e-02;5.791835e-02;1.342549e-02;1.478743e-02;2.556809e-01;1.094783e-02;6.195133e-03
8.556957e-03;8.492462e-02;4.627735e-01;1.122142e-02;1.026824e-02;2.001845e-02;5.539322e-02;1.376406e-02;2.079926e-02;2.944912e-01;9.787438e-03;8.001558e-03
1.049841e-02;1.037603e-01;4.200120e-01;1.821227e-02;7.124369e-03;1.245369e-02;4.117436e-02;9.781113e-03;3.425074e-02;3.351453e-01;5.031028e-03;2.556497e-03
1.194603e-02;1.242502e-01;3.436322e-01;1.747413e-02;8.371167e-03;1.500255e-02;2.998968e-02;1.255453e-02;7.664146e-02;3.373851e-01;1.641844e-02;6.334522e-03
1.504439e-02;2.336546e-01;2.499847e-01;1.887027e-02;1.178266e-02;3.095073e-02;2.277071e-02;2.382215e-02;1.260083e-01;2.487212e-01;1.242714e-02;5.963026e-03
2.792118e-02;3.660314e-01;2.117389e-01;2.233013e-02;1.003750e-02;5.329876e-02;2.027370e-02;3.408054e-02;1.419655e-01;9.051622e-02;1.013170e-02;1.167443e-02
4.029984e-02;3.764479e-01;1.911801e-01;2.670153e-02;1.980967e-02;6.999608e-02;2.986389e-02;3.797419e-02;1.277476e-01;5.795364e-02;9.458453e-03;1.256715e-02
8.137992e-02;2.468491e-01;2.328169e-01;2.315901e-02;3.469456e-02;7.051025e-02;3.545456e-02;5.651923e-02;9.756120e-02;9.232707e-02;1.815199e-02;1.057612e-02
1.236366e-01;1.999596e-01;3.173877e-01;2.845665e-02;4.851225e-02;4.010911e-02;2.494887e-02;8.225483e-02;5.213239e-02;5.483554e-02;2.079541e-02;6.971046e-03
1.074583e-01;2.378444e-01;3.866724e-01;3.450490e-02;4.401238e-02;2.066303e-02;2.143436e-02;7.111463e-02;2.771815e-02;2.695368e-02;1.668789e-02;4.935969e-03
7.723251e-02;3.214212e-01;3.903764e-01;2.465057e-02;2.435688e-02;3.471064e-02;1.574141e-02;4.236534e-02;1.552573e-02;3.905611e-02;9.854363e-03;4.708795e-03
6.554619e-02;3.389969e-01;3.575039e-01;1.837921e-02;1.836264e-02;4.097046e-02;2.255901e-02;3.538032e-02;1.856842e-02;6.796167e-02;9.009184e-03;6.762132e-03
6.716984e-02;2.638271e-01;3.160826e-01;2.324137e-02;2.365750e-02;7.378692e-02;3.318770e-02;3.743420e-02;3.237975e-02;1.076881e-01;1.051809e-02;1.102690e-02
5.063235e-02;3.008884e-01;2.673259e-01;3.413693e-02;2.539886e-02;6.307531e-02;3.545461e-02;5.911554e-02;3.910511e-02;9.365842e-02;1.265397e-02;1.855454e-02
5.376050e-02;2.631698e-01;2.455227e-01;4.738850e-02;3.075418e-02;5.329492e-02;6.136097e-02;6.772632e-02;5.145319e-02;8.704971e-02;1.584991e-02;2.266936e-02
5.778135e-02;2.490662e-01;2.247830e-01;5.430762e-02;3.357519e-02;4.017409e-02;8.696005e-02;6.547341e-02;4.826882e-02;1.033505e-01;1.798027e-02;1.827943e-02
6.001994e-02;2.210273e-01;2.112376e-01;4.761456e-02;2.724157e-02;2.805843e-02;1.209639e-01;6.407700e-02;5.333433e-02;1.407018e-01;1.284986e-02;1.287373e-02
6.106471e-02;2.484237e-01;2.016466e-01;1.965201e-02;1.737546e-02;2.749627e-02;1.625833e-01;5.272542e-02;4.091891e-02;1.489428e-01;8.896742e-03;1.027413e-02
6.828992e-02;2.729484e-01;1.848946e-01;1.159061e-02;1.453823e-02;2.738443e-02;1.809340e-01;4.215349e-02;3.586254e-02;1.432029e-01;1.126975e-02;6.931141e-03
7.522130e-02;2.720721e-01;1.905156e-01;2.050582e-02;1.341976e-02;3.818260e-02;1.278287e-01;4.066899e-02;8.828086e-02;1.152417e-01;9.618760e-03;8.443726e-03
5.277980e-02;3.786924e-01;2.438221e-01;1.777427e-02;1.342416e-02;3.187720e-02;4.107181e-02;2.979069e-02;1.198245e-01;4.994985e-02;1.067428e-02;1.031891e-02
4.747951e-02;4.246027e-01;2.399350e-01;1.783951e-02;2.290343e-02;3.784391e-02;1.392348e-02;2.539962e-02;1.224468e-01;2.600381e-02;1.020186e-02;1.142030e-02
4.508131e-02;4.254761e-01;2.660018e-01;1.495627e-02;2.348009e-02;4.353847e-02;1.610912e-02;4.136229e-02;7.866088e-02;3.329160e-02;4.604060e-03;7.438060e-03
3.761650e-02;3.738110e-01;3.934305e-01;1.022331e-02;1.825429e-02;3.276082e-02;2.166289e-02;5.184111e-02;3.132244e-02;2.046352e-02;4.277973e-03;4.335618e-03
3.210146e-02;3.210208e-01;4.618475e-01;1.553149e-02;1.079753e-02;2.383337e-02;2.234009e-02;4.265254e-02;1.770740e-02;4.102478e-02;5.557036e-03;5.585946e-03
3.554145e-02;3.223990e-01;4.165647e-01;2.141061e-02;1.268687e-02;3.996712e-02;2.234749e-02;3.785886e-02;2.674918e-02;5.255941e-02;5.802928e-03;6.112450e-03
3.006665e-02;3.142903e-01;3.423620e-01;2.814601e-02;1.640459e-02;3.256679e-02;4.141124e-02;5.818416e-02;5.546655e-02;6.161847e-02;1.101463e-02;8.468599e-03
2.741573e-02;2.851687e-01;2.970497e-01;2.605625e-02;1.498146e-02;3.254551e-02;5.528019e-02;9.116475e-02;8.286256e-02;6.201569e-02;1.615860e-02;9.300785e-03
3.845822e-02;2.715930e-01;3.168587e-01;2.592665e-02;1.537656e-02;3.232487e-02;5.073770e-02;9.097946e-02;6.554648e-02;6.969585e-02;1.380840e-02;8.694078e-03
4.146373e-02;3.137255e-01;3.626709e-01;2.103317e-02;1.975581e-02;2.300679e-02;3.015422e-02;4.609019e-02;5.781488e-02;7.033035e-02;8.471334e-03;5.483147e-03
4.297037e-02;3.020368e-01;3.615866e-01;3.586625e-02;2.777906e-02;5.994339e-02;2.420583e-02;3.256367e-02;4.377136e-02;5.947658e-02;4.745188e-03;5.054955e-03
4.852181e-02;2.427834e-01;3.972326e-01;3.911567e-02;2.729069e-02;7.959601e-02;1.981644e-02;3.734284e-02;2.962786e-02;6.183671e-02;9.820544e-03;7.015359e-03
3.791350e-02;2.511706e-01;3.779922e-01;3.798666e-02;2.771315e-02;8.206061e-02;1.132703e-02;4.246825e-02;2.887976e-02;6.666914e-02;1.229712e-02;2.352197e-02
4.140722e-02;2.100453e-01;3.679163e-01;3.410386e-02;2.406367e-02;6.155170e-02;1.203862e-02;4.782345e-02;5.494045e-02;9.103236e-02;1.283469e-02;4.224230e-02
4.804314e-02;2.802207e-01;3.528433e-01;2.980797e-02;2.133555e-02;3.839241e-02;1.739463e-02;3.662191e-02;4.532224e-02;7.990091e-02;6.055111e-03;4.406212e-02
3.476971e-02;3.691525e-01;3.184670e-01;2.101562e-02;1.194107e-02;3.023532e-02;2.609544e-02;3.453799e-02;4.618342e-02;5.006412e-02;6.684193e-03;5.085366e-02
3.357009e-02;3.834214e-01;3.188258e-01;2.113951e-02;7.390889e-03;2.537529e-02;2.742708e-02;3.525525e-02;5.772850e-02;3.018572e-02;8.846615e-03;5.083389e-02
4.616704e-02;3.332101e-01;3.545307e-01;2.737084e-02;7.643595e-03;3.535431e-02;2.915951e-02;3.603057e-02;5.070408e-02;2.926209e-02;1.414452e-02;3.642264e-02
4.804400e-02;2.494702e-01;4.097089e-01;3.043476e-02;1.041824e-02;3.367487e-02;5.972880e-02;3.057418e-02;4.281178e-02;5.351939e-02;1.381452e-02;1.780029e-02
2.542066e-02;2.647684e-01;4.159874e-01;1.974268e-02;7.486427e-03;6.988679e-02;5.995217e-02;2.965666e-02;3.446161e-02;5.360166e-02;8.169327e-03;1.086627e-02
2.699333e-02;2.843869e-01;4.108449e-01;1.546939e-02;6.243115e-03;9.047101e-02;4.080329e-02;2.468747e-02;3.562022e-02;4.114340e-02;1.263412e-02;1.070294e-02
2.898823e-02;3.051323e-01;4.049546e-01;1.626580e-02;9.182882e-03;5.661872e-02;2.600313e-02;2.564903e-02;5.199895e-02;4.954270e-02;1.887357e-02;6.790174e-03
3.598784e-02;3.042119e-01;3.623457e-01;2.504809e-02;1.953255e-02;3.379057e-02;1.488331e-02;3.639250e-02;6.947758e-02;6.201453e-02;2.360442e-02;1.271108e-02
4.309761e-02;2.688101e-01;3.050552e-01;2.412836e-02;3.258152e-02;5.600355e-02;3.253404e-02;5.414408e-02;6.403450e-02;6.113377e-02;3.538892e-02;2.308837e-02
4.753952e-02;2.119887e-01;2.759810e-01;2.953079e-02;5.852582e-02;7.580048e-02;6.903695e-02;4.315896e-02;5.091679e-02;5.505493e-02;4.163354e-02;4.083262e-02
3.277889e-02;1.134448e-01;2.208152e-01;4.767163e-02;1.090276e-01;1.082380e-01;1.093611e-01;5.587114e-02;5.595670e-02;5.413334e-02;3.667496e-02;5.602666e-02
2.144085e-02;1.089225e-01;1.805446e-01;3.010529e-02;1.181310e-01;1.693806e-01;1.061730e-01;3.683260e-02;6.000308e-02;7.372437e-02;5.057200e-02;4.417016e-02
2.065675e-02;8.805431e-02;1.795732e-01;3.865226e-02;7.274153e-02;2.483429e-01;9.006378e-02;1.677339e-02;5.574628e-02;9.035607e-02;6.723870e-02;3.180086e-02
2.506123e-02;8.474707e-02;1.909125e-01;6.045336e-02;2.694374e-02;2.801208e-01;7.618738e-02;2.596623e-02;5.629218e-02;7.656764e-02;6.337546e-02;3.337236e-02
3.769319e-02;1.239734e-01;1.875321e-01;5.918361e-02;4.672469e-02;2.338286e-01;5.287127e-02;5.983838e-02;6.655447e-02;4.747732e-02;4.414190e-02;4.018099e-02
3.950383e-02;1.492054e-01;2.214000e-01;4.021524e-02;5.676350e-02;1.763082e-01;5.003851e-02;9.912349e-02;7.339123e-02;3.226974e-02;2.575349e-02;3.602746e-02
3.192824e-02;2.159203e-01;3.150078e-01;2.387537e-02;4.910787e-02;1.082507e-01;3.500539e-02;9.000273e-02;6.031403e-02;2.303635e-02;2.513396e-02;2.241724e-02
2.929568e-02;2.512740e-01;3.720950e-01;2.796794e-02;3.597077e-02;8.338703e-02;3.645932e-02;2.981914e-02;5.234113e-02;2.910534e-02;3.191387e-02;2.037071e-02
3.500622e-02;2.546368e-01;3.655487e-01;2.851551e-02;2.823885e-02;4.073418e-02;4.412927e-02;5.125406e-02;5.167587e-02;4.593620e-02;3.011569e-02;2.420865e-02
3.336494e-02;2.581393e-01;3.575875e-01;2.459356e-02;2.482708e-02;5.720286e-02;4.712319e-02;5.766632e-02;5.162519e-02;4.701413e-02;2.291139e-02;1.794461e-02
3.789572e-02;2.207704e-01;3.519131e-01;1.814675e-02;3.918069e-02;7.559741e-02;4.929547e-02;5.390488e-02;5.640981e-02;4.990693e-02;2.561503e-02;2.136383e-02
2.426181e-02;1.813618e-01;3.369235e-01;2.358754e-02;5.457117e-02;1.539197e-01;5.187622e-02;3.446989e-02;3.542744e-02;4.864056e-02;3.061152e-02;2.434882e-02
3.579851e-02;2.248303e-01;2.986491e-01;2.289021e-02;3.595552e-02;1.593300e-01;6.852420e-02;4.111647e-02;2.962224e-02;3.541162e-02;2.480591e-02;2.306598e-02
2.930424e-02;2.464328e-01;3.344958e-01;2.050878e-02;2.875604e-02;1.193640e-01;5.287138e-02;5.092860e-02;4.369731e-02;3.124416e-02;2.127508e-02;2.112183e-02
3.027041e-02;2.715108e-01;3.765526e-01;1.989873e-02;2.851357e-02;7.638207e-02;1.813595e-02;5.979116e-02;4.987696e-02;2.737744e-02;1.883022e-02;2.286017e-02
5.501898e-02;2.220396e-01;3.068484e-01;3.332442e-02;4.721346e-02;6.712233e-02;7.236317e-02;5.963195e-02;6.154802e-02;1.799356e-02;1.581154e-02;4.108458e-02
4.531072e-02;1.241548e-01;1.312600e-01;7.089558e-02;8.480314e-02;1.507748e-01;9.422012e-02;1.035797e-01;8.186750e-02;3.235195e-02;3.665073e-02;4.413088e-02
3.050195e-02;9.310595e-02;8.765647e-02;7.962982e-02;9.207420e-02;1.793454e-01;7.659306e-02;1.385819e-01;8.529200e-02;3.518907e-02;4.347630e-02;5.855396e-02
5.349905e-02;9.613828e-02;1.076048e-01;7.045688e-02;8.006667e-02;1.654376e-01;4.360227e-02;1.457856e-01;7.627104e-02;3.834099e-02;4.357712e-02;7.921968e-02
1.393708e-01;8.953515e-02;1.240209e-01;4.683595e-02;5.333380e-02;1.090600e-01;6.157983e-02;1.337316e-01;5.372961e-02;3.169817e-02;3.278345e-02;1.243208e-01
2.288378e-01;7.122642e-02;9.652765e-02;3.932659e-02;2.771873e-02;4.089050e-02;1.359745e-01;1.198331e-01;3.053687e-02;2.535815e-02;1.628014e-02;1.674896e-01
1.582619e-01;6.422029e-02;7.265935e-02;4.496044e-02;8.417422e-02;4.420907e-02;1.402339e-01;1.630152e-01;3.581773e-02;1.970732e-02;1.428168e-02;1.584589e-01
1.022086e-01;5.476860e-02;7.751289e-02;2.924977e-02;2.011791e-01;6.497100e-02;1.219010e-01;1.995826e-01;5.908863e-02;1.224395e-02;1.287747e-02;6.441642e-02
9.481366e-02;6.308302e-02;8.417695e-02;1.633282e-02;2.016829e-01;9.357105e-02;1.086678e-01;2.107929e-01;5.477035e-02;6.755629e-03;1.335811e-02;5.199473e-02
8.801404e-02;8.745740e-02;9.338353e-02;1.854484e-02;1.068482e-01;7.812167e-02;1.042164e-01;2.633143e-01;7.117648e-02;9.888853e-03;2.885767e-02;5.017658e-02
1.232978e-01;8.781172e-02;1.043564e-01;1.506615e-02;4.134293e-02;3.304911e-02;8.413593e-02;2.995882e-01;7.928167e-02;2.218715e-02;8.594442e-02;2.393847e-02
1.628571e-01;5.230114e-02;1.170452e-01;1.874580e-02;5.691627e-02;2.829496e-02;4.451550e-02;2.592987e-01;6.134035e-02;2.620441e-02;1.322508e-01;4.022986e-02
1.665512e-01;1.055485e-01;1.594649e-01;2.033595e-02;4.976835e-02;5.836215e-02;4.622350e-02;1.859507e-01;6.641825e-02;1.680450e-02;7.991773e-02;4.465433e-02
1.425973e-01;1.399211e-01;1.807019e-01;2.157479e-02;7.298936e-02;6.532221e-02;2.849508e-02;1.518505e-01;1.130960e-01;2.315002e-02;3.424678e-02;2.605492e-02
1.101668e-01;1.272885e-01;1.547283e-01;1.783946e-02;7.883379e-02;7.178919e-02;2.620861e-02;1.194890e-01;1.743258e-01;2.374187e-02;2.917886e-02;6.640989e-02
7.896200e-02;6.960253e-02;1.347049e-01;1.214675e-02;3.482023e-02;9.330026e-02;4.009366e-02;1.713757e-01;2.011479e-01;2.585666e-02;2.544777e-02;1.125416e-01
6.848556e-02;1.467267e-01;1.671312e-01;1.758736e-02;4.616705e-02;5.272269e-02;6.882577e-02;1.947390e-01;1.085579e-01;2.428064e-02;1.612677e-02;8.864932e-02
9.309791e-02;2.159051e-01;1.926913e-01;2.068664e-02;7.447914e-02;4.754017e-02;6.585408e-02;1.484884e-01;5.070300e-02;2.082277e-02;1.871890e-02;5.101258e-02
1.152440e-01;2.279863e-01;1.729734e-01;1.436032e-02;8.706235e-02;5.394843e-02;3.283927e-02;1.648823e-01;5.179642e-02;1.778684e-02;2.036526e-02;4.075516e-02
9.754777e-02;1.612767e-01;1.595936e-01;1.677260e-02;7.841574e-02;6.122908e-02;4.093324e-02;2.193721e-01;7.991973e-02;3.106714e-02;2.131311e-02;3.255926e-02
7.277478e-02;8.178210e-02;1.697400e-01;2.972668e-02;6.197524e-02;6.511943e-02;7.900047e-02;2.320193e-01;1.078003e-01;4.227075e-02;1.958411e-02;3.820679e-02
6.948877e-02;1.881958e-01;1.893535e-01;2.521888e-02;3.865444e-02;8.059935e-02;8.148857e-02;1.591983e-01;6.045516e-02;3.461572e-02;2.360969e-02;4.912185e-02
1.008082e-01;2.177144e-01;2.162708e-01;2.452876e-02;2.193141e-02;9.025219e-02;5.897424e-02;1.327579e-01;3.921073e-02;3.428595e-02;2.521151e-02;3.805380e-02
1.076304e-01;1.160517e-01;2.190944e-01;3.939687e-02;6.276022e-02;1.106859e-01;5.769557e-02;1.480853e-01;5.380114e-02;2.792918e-02;2.182952e-02;3.503978e-02
7.766517e-02;1.469920e-01;1.874382e-01;3.863008e-02;8.411325e-02;8.219930e-02;6.805470e-02;1.611355e-01;6.136880e-02;2.177187e-02;2.402678e-02;4.660433e-02
6.777570e-02;1.899533e-01;2.037530e-01;5.657605e-02;5.810898e-02;6.339483e-02;8.933727e-02;1.509962e-01;4.517915e-02;2.072078e-02;1.561275e-02;3.859196e-02
4.696105e-02;1.416149e-01;2.193799e-01;7.993177e-02;5.285113e-02;6.338151e-02;1.153003e-01;1.693812e-01;4.046709e-02;2.025513e-02;1.406804e-02;3.640804e-02
4.441021e-02;1.551727e-01;2.126654e-01;6.954565e-02;6.690028e-02;6.039514e-02;7.444771e-02;2.018515e-01;4.891381e-02;1.555924e-02;1.864710e-02;3.149129e-02
5.684780e-02;2.381437e-01;2.338036e-01;3.000712e-02;6.471092e-02;6.052214e-02;6.435657e-02;1.590364e-01;4.237387e-02;1.429767e-02;1.207350e-02;2.382674e-02
6.326486e-02;2.692070e-01;2.608868e-01;2.413057e-02;5.821155e-02;4.955722e-02;2.886793e-02;1.412948e-01;4.009240e-02;2.019263e-02;1.478740e-02;2.950671e-02
6.007853e-02;2.008620e-01;2.572025e-01;3.306111e-02;5.211306e-02;4.775916e-02;4.473369e-02;1.697496e-01;4.453121e-02;2.576042e-02;1.909061e-02;4.505809e-02
6.857694e-02;1.265640e-01;2.372429e-01;4.358391e-02;5.782950e-02;7.038343e-02;4.807856e-02;1.733311e-01;5.769696e-02;2.642551e-02;2.815778e-02;6.212934e-02
7.447003e-02;1.836786e-01;2.283564e-01;3.060721e-02;5.156277e-02;7.232238e-02;6.426231e-02;1.333896e-01;4.114776e-02;1.634593e-02;3.564047e-02;6.821646e-02
7.063943e-02;2.230010e-01;2.308308e-01;3.403227e-02;5.078615e-02;7.148868e-02;5.085112e-02;1.200713e-01;3.183505e-02;1.757739e-02;3.369438e-02;6.519247e-02
6.124042e-02;1.954223e-01;2.488889e-01;3.351146e-02;5.154037e-02;7.211009e-02;3.878352e-02;1.233061e-01;3.821758e-02;2.842196e-02;3.569952e-02;7.285782e-02
8.601630e-02;1.654917e-01;2.669863e-01;3.954500e-02;3.660384e-02;6.870730e-02;2.807097e-02;1.308471e-01;4.824944e-02;2.184002e-02;2.644324e-02;8.119874e-02
8.163103e-02;2.334931e-01;3.013138e-01;3.315561e-02;3.599259e-02;4.685370e-02;2.190520e-02;1.062292e-01;4.724533e-02;1.371696e-02;1.190137e-02;6.656199e-02
5.677021e-02;2.247347e-01;3.144835e-01;2.205684e-02;7.552060e-02;4.635517e-02;3.900984e-02;9.410875e-02;4.183790e-02;1.159596e-02;1.943924e-02;5.408727e-02
5.533627e-02;2.366265e-01;3.307317e-01;2.175784e-02;7.698797e-02;2.880215e-02;5.011143e-02;8.408470e-02;2.438759e-02;1.658734e-02;1.845311e-02;5.613337e-02
7.059824e-02;2.207738e-01;3.368343e-01;2.275961e-02;4.422773e-02;3.297015e-02;4.073936e-02;1.063312e-01;3.551874e-02;1.849874e-02;1.593314e-02;5.481490e-02
6.364179e-02;2.004967e-01;3.352079e-01;2.150484e-02;2.217422e-02;5.044783e-02;4.512450e-02;1.503355e-01;4.937200e-02;1.901306e-02;2.504337e-02;1.763834e-02
3.953121e-02;2.314946e-01;2.930238e-01;2.346731e-02;3.282732e-02;6.860383e-02;5.195593e-02;1.406818e-01;4.697861e-02;1.703490e-02;1.839053e-02;3.601016e-02
7.196575e-02;1.687246e-01;2.649167e-01;2.660878e-02;3.237856e-02;8.770190e-02;5.452406e-02;1.347107e-01;5.089691e-02;2.218695e-02;2.667620e-02;5.870903e-02
9.770549e-02;1.296070e-01;2.774625e-01;3.146338e-02;3.363485e-02;1.073205e-01;3.199944e-02;1.193304e-01;3.592649e-02;2.134086e-02;3.739385e-02;7.681523e-02
1.007286e-01;2.067561e-01;2.664454e-01;2.217932e-02;3.848231e-02;6.563259e-02;4.433643e-02;1.056483e-01;4.227109e-02;1.481245e-02;2.170396e-02;7.100351e-02
8.504256e-02;2.267158e-01;2.817218e-01;2.221898e-02;4.091089e-02;5.133287e-02;3.276691e-02;1.325866e-01;3.808549e-02;1.280839e-02;1.965574e-02;5.615404e-02
6.730918e-02;1.936219e-01;2.644925e-01;2.234764e-02;3.843153e-02;5.744313e-02;7.727955e-02;1.691352e-01;3.904262e-02;1.120691e-02;1.850220e-02;4.118764e-02
5.361331e-02;1.697596e-01;2.502602e-01;2.132897e-02;3.528027e-02;6.355165e-02;1.071130e-01;2.059191e-01;3.735086e-02;8.330854e-03;1.154915e-02;3.594302e-02
3.198772e-02;1.313218e-01;1.872102e-01;5.061559e-02;6.118285e-02;8.012785e-02;1.072609e-01;1.744705e-01;5.332393e-02;4.281510e-02;3.079761e-02;4.888592e-02
3.046172e-02;7.715264e-02;1.079608e-01;6.477755e-02;8.959059e-02;1.587112e-01;1.480810e-01;1.170558e-01;7.135545e-02;5.350855e-02;4.191817e-02;3.942651e-02
2.787501e-02;6.007534e-02;7.395443e-02;6.948631e-02;1.046618e-01;1.937744e-01;1.608485e-01;9.059354e-02;9.134359e-02;5.206542e-02;4.550916e-02;2.981254e-02
2.254125e-02;4.964889e-02;5.970880e-02;4.930939e-02;8.953718e-02;1.863572e-01;1.659086e-01;1.149566e-01;1.449402e-01;4.479710e-02;5.098129e-02;2.131343e-02
1.409219e-02;4.774042e-02;5.647833e-02;3.195980e-02;5.653069e-02;1.818762e-01;1.370611e-01;1.648631e-01;1.655782e-01;8.075438e-02;4.774627e-02;1.531932e-02
1.844564e-02;5.510480e-02;7.117419e-02;2.887282e-02;6.484792e-02;2.105932e-01;7.227791e-02;1.705694e-01;1.083455e-01;1.508679e-01;3.160163e-02;1.729906e-02
1.934246e-02;3.499828e-02;5.800582e-02;5.998256e-02;9.591209e-02;2.248100e-01;3.782949e-02;1.043775e-01;1.229048e-01;1.874437e-01;3.480784e-02;1.958550e-02
2.857395e-02;3.098803e-02;6.063769e-02;8.665799e-02;9.482718e-02;1.569287e-01;6.899863e-02;1.134717e-01;1.411745e-01;1.531240e-01;3.399042e-02;3.062712e-02
3.784509e-02;5.499233e-02;4.852526e-02;4.920560e-02;6.073827e-02;1.589627e-01;1.193118e-01;1.142338e-01;1.583099e-01;1.119113e-01;4.078875e-02;4.517504e-02
3.271202e-02;7.102253e-02;3.967787e-02;3.772610e-02;4.829578e-02;1.176642e-01;1.679579e-01;1.368283e-01;1.485794e-01;1.050551e-01;3.419291e-02;6.028781e-02
2.886110e-02;8.015099e-02;4.441005e-02;4.744681e-02;3.953243e-02;7.216483e-02;2.017001e-01;1.277708e-01;1.196329e-01;1.491240e-01;1.966808e-02;6.953793e-02
3.566933e-02;1.010607e-01;6.186289e-02;4.157144e-02;2.559734e-02;7.811289e-02;1.513022e-01;1.025263e-01;1.400626e-01;1.914058e-01;1.291701e-02;5.791156e-02
4.074640e-02;9.912838e-02;8.984733e-02;3.864373e-02;3.073189e-02;7.539415e-02;1.286219e-01;1.074127e-01;1.612078e-01;1.571250e-01;2.250836e-02;4.863243e-02
3.439092e-02;9.913568e-02;9.260216e-02;4.338316e-02;4.485370e-02;7.756586e-02;1.160124e-01;1.594086e-01;1.780161e-01;9.919935e-02;2.895658e-02;2.647558e-02
3.620941e-02;8.863799e-02;9.410935e-02;6.914149e-02;7.190769e-02;1.131613e-01;8.009055e-02;1.971402e-01;1.386555e-01;5.623781e-02;3.120486e-02;2.350387e-02
4.693535e-02;9.323824e-02;8.718837e-02;8.190480e-02;1.064947e-01;1.045212e-01;6.790996e-02;1.925752e-01;1.080642e-01;3.732895e-02;3.753292e-02;3.630599e-02
4.503785e-02;7.286680e-02;7.247069e-02;6.394126e-02;1.477506e-01;8.752766e-02;6.004515e-02;2.097433e-01;9.093848e-02;5.449328e-02;5.296158e-02;4.222332e-02
3.120602e-02;7.598251e-02;8.428439e-02;4.437451e-02;1.293465e-01;1.533096e-01;6.898264e-02;1.451008e-01;1.332445e-01;5.476384e-02;4.198014e-02;3.742445e-02
1.312488e-02;7.704501e-02;1.127374e-01;6.157003e-02;1.115452e-01;1.404728e-01;1.004610e-01;1.127601e-01;1.582760e-01;5.837588e-02;2.898933e-02;2.464249e-02
3.120512e-02;8.256541e-02;1.276269e-01;9.430823e-02;9.801099e-02;7.393872e-02;9.367608e-02;1.355508e-01;1.560206e-01;5.344608e-02;2.044935e-02;3.320175e-02
4.720917e-02;7.711691e-02;1.200340e-01;1.225760e-01;8.535775e-02;1.203920e-01;1.116395e-01;1.058342e-01;8.670726e-02;5.543441e-02;2.465829e-02;4.304051e-02
4.984932e-02;7.217842e-02;1.201498e-01;1.209254e-01;7.795741e-02;1.482063e-01;1.414177e-01;9.261907e-02;6.280182e-02;6.259950e-02;1.481991e-02;3.647536e-02
4.193608e-02;6.822305e-02;1.200302e-01;8.796103e-02;9.642995e-02;1.640544e-01;1.593950e-01;8.634337e-02;5.874079e-02;6.926794e-02;2.232162e-02;2.529663e-02
3.539817e-02;9.631868e-02;1.740603e-01;6.292720e-02;6.325426e-02;1.771498e-01;1.367812e-01;6.839073e-02;5.817584e-02;7.723040e-02;3.221606e-02;1.809732e-02
7.780256e-02;1.633695e-01;2.143344e-01;5.404785e-02;5.485651e-02;1.205385e-01;5.697251e-02;6.020049e-02;6.197709e-02;8.013544e-02;2.973622e-02;2.602893e-02
1.590921e-01;1.807466e-01;1.787795e-01;5.081220e-02;5.660433e-02;6.476023e-02;2.515307e-02;8.765736e-02;6.304598e-02;6.639109e-02;3.270946e-02;3.424804e-02
2.153544e-01;1.264474e-01;1.278217e-01;6.659032e-02;4.745930e-02;4.625373e-02;5.087312e-02;1.188955e-01;4.641181e-02;6.671451e-02;2.499280e-02;6.218547e-02
1.498051e-01;7.084678e-02;7.697923e-02;1.459278e-01;2.336955e-02;5.544886e-02;1.116404e-01;8.137996e-02;2.643393e-02;8.710194e-02;1.851016e-02;1.525563e-01
6.507587e-02;7.849494e-02;4.548175e-02;1.834524e-01;1.884241e-02;4.510358e-02;1.820635e-01;4.354304e-02;2.036752e-02;7.045989e-02;2.450937e-02;2.226057e-01
3.298767e-02;9.195855e-02;3.176928e-02;1.491107e-01;1.863502e-02;4.081624e-02;2.379237e-01;4.480290e-02;3.037759e-02;3.532921e-02;4.665002e-02;2.396392e-01
3.838954e-02;7.287005e-02;4.707543e-02;9.046116e-02;1.835038e-02;5.913582e-02;2.340816e-01;5.045264e-02;4.173385e-02;2.179794e-02;1.193528e-01;2.062988e-01
5.664156e-02;6.721137e-02;4.968941e-02;6.727520e-02;2.507379e-02;1.009326e-01;2.034936e-01;5.861323e-02;3.290654e-02;3.582947e-02;1.352144e-01;1.671188e-01
6.818333e-02;7.107187e-02;6.453782e-02;4.871571e-02;4.435115e-02;1.516626e-01;1.833184e-01;6.105081e-02;4.305528e-02;4.521279e-02;1.051249e-01;1.137153e-01
7.661642e-02;7.163177e-02;7.900564e-02;1.035798e-01;4.403175e-02;1.481975e-01;1.461550e-01;5.814012e-02;4.926932e-02;3.190025e-02;7.531520e-02;1.161573e-01
8.864554e-02;1.137922e-01;1.106353e-01;1.687296e-01;2.764180e-02;5.584528e-02;9.531328e-02;3.965446e-02;3.353747e-02;3.043052e-02;6.515300e-02;1.706214e-01
8.768799e-02;1.106413e-01;9.152751e-02;1.166470e-01;2.271119e-02;6.242988e-02;8.797456e-02;7.211693e-02;4.225849e-02;3.351030e-02;8.105999e-02;1.914349e-01
1.137281e-01;8.163419e-02;7.593967e-02;9.613986e-02;2.962907e-02;6.634017e-02;7.140888e-02;8.976416e-02;6.072200e-02;4.550151e-02;9.243420e-02;1.767582e-01
1.190644e-01;8.203188e-02;6.447652e-02;9.881324e-02;3.451975e-02;6.016113e-02;9.297562e-02;9.676603e-02;5.495114e-02;4.813369e-02;9.225729e-02;1.558494e-01
1.161371e-01;1.295822e-01;8.443119e-02;6.814424e-02;3.265135e-02;5.628057e-02;9.262681e-02;1.102626e-01;7.521050e-02;5.870556e-02;7.554637e-02;1.004217e-01
9.702795e-02;9.803940e-02;9.545278e-02;1.364312e-01;2.573183e-02;5.875606e-02;9.698166e-02;9.778263e-02;6.684056e-02;5.572512e-02;8.297681e-02;8.825409e-02
6.629357e-02;1.313981e-01;1.220275e-01;1.643123e-01;1.410975e-02;6.397159e-02;1.042147e-01;8.427391e-02;3.848395e-02;3.807882e-02;9.279799e-02;8.003782e-02
6.472479e-02;1.389456e-01;1.339204e-01;9.167069e-02;2.046018e-02;7.085171e-02;1.323776e-01;8.385209e-02;4.475253e-02;5.501044e-02;7.766324e-02;8.577071e-02
4.528337e-02;1.091070e-01;1.471217e-01;5.153458e-02;1.918935e-02;6.692953e-02;1.651395e-01;9.843813e-02;5.847859e-02;5.371115e-02;5.527518e-02;1.297919e-01
3.915101e-02;1.193608e-01;1.344752e-01;1.131167e-01;1.881818e-02;6.266700e-02;1.347714e-01;8.320393e-02;5.800823e-02;4.357901e-02;5.719880e-02;1.356497e-01
4.170547e-02;1.106143e-01;1.162087e-01;1.266245e-01;3.092977e-02;1.112279e-01;9.994435e-02;5.497877e-02;7.715517e-02;3.666567e-02;7.156109e-02;1.223843e-01
4.987988e-02;7.782400e-02;9.760745e-02;9.635995e-02;4.795152e-02;1.468375e-01;9.546688e-02;5.615665e-02;8.977860e-02;5.075289e-02;6.082832e-02;1.305563e-01
5.328832e-02;8.912616e-02;9.817027e-02;1.071869e-01;4.788860e-02;1.575348e-01;6.547555e-02;5.781040e-02;7.767876e-02;5.855786e-02;4.422034e-02;1.430621e-01
3.483609e-02;3.927949e-02;1.038289e-01;1.234300e-01;4.884069e-02;1.871986e-01;9.455862e-02;5.198921e-02;7.695783e-02;5.181502e-02;6.466583e-02;1.225998e-01
2.121443e-02;7.991160e-02;1.123658e-01;1.071596e-01;3.613512e-02;1.556500e-01;1.296246e-01;4.930468e-02;5.414500e-02;4.004564e-02;6.782167e-02;1.466218e-01
3.359440e-02;9.775760e-02;1.034429e-01;1.120517e-01;4.805871e-02;1.471530e-01;1.378291e-01;4.692530e-02;5.394733e-02;4.335427e-02;3.795729e-02;1.379284e-01
5.403967e-02;8.964095e-02;1.185166e-01;1.117756e-01;4.746464e-02;1.355468e-01;1.282357e-01;6.269501e-02;6.654389e-02;5.162812e-02;4.701594e-02;8.689708e-02
6.098365e-02;1.001701e-01;1.151223e-01;8.472329e-02;4.523297e-02;1.565368e-01;1.149131e-01;6.630199e-02;9.061266e-02;5.898084e-02;4.810321e-02;5.831907e-02
4.483357e-02;1.318042e-01;1.393162e-01;5.198099e-02;4.120980e-02;1.032354e-01;9.970332e-02;7.991235e-02;1.158144e-01;5.398503e-02;2.701345e-02;1.111912e-01
3.813349e-02;9.495327e-02;1.212357e-01;8.470748e-02;2.933460e-02;8.266788e-02;8.612119e-02;9.926203e-02;1.244121e-01;5.371853e-02;5.405439e-02;1.313994e-01
4.140474e-02;9.043290e-02;9.394256e-02;1.014878e-01;3.936658e-02;1.053390e-01;1.002508e-01;8.741111e-02;9.271940e-02;7.661290e-02;5.359736e-02;1.174350e-01
5.406060e-02;9.393720e-02;6.777115e-02;1.175765e-01;5.225566e-02;8.119957e-02;8.369844e-02;9.549871e-02;1.017636e-01;8.569299e-02;6.612699e-02;1.004186e-01
6.693387e-02;4.917281e-02;7.620367e-02;1.535317e-01;5.968284e-02;1.457495e-01;4.772598e-02;9.991679e-02;1.100836e-01;5.558879e-02;6.400159e-02;7.140894e-02
5.033343e-02;7.783468e-02;6.699461e-02;1.121764e-01;3.715976e-02;1.987883e-01;7.701774e-02;7.997733e-02;7.848900e-02;6.304516e-02;6.897779e-02;8.920576e-02
3.646486e-02;8.911581e-02;5.462625e-02;7.825147e-02;4.774532e-02;2.445441e-01;7.728529e-02;6.678697e-02;8.963794e-02;5.580672e-02;5.822276e-02;1.015125e-01
3.687760e-02;6.013722e-02;5.261343e-02;6.008032e-02;6.482948e-02;3.022043e-01;4.907192e-02;7.162225e-02;7.412796e-02;6.139706e-02;7.653391e-02;9.050457e-02
2.104486e-02;7.149086e-02;4.879409e-02;3.444011e-02;8.840847e-02;3.440825e-01;6.649294e-02;7.613447e-02;5.540510e-02;6.789812e-02;6.403890e-02;6.176960e-02
2.501468e-02;6.733374e-02;3.917512e-02;3.030588e-02;1.484617e-01;3.707169e-01;5.304841e-02;9.124552e-02;5.087319e-02;7.060780e-02;2.338693e-02;2.983013e-02
2.728467e-02;5.823323e-02;4.344406e-02;2.270313e-02;2.123342e-01;3.650635e-01;3.531252e-02;7.299234e-02;4.448591e-02;4.851143e-02;5.243937e-02;1.719565e-02
2.324430e-02;4.969867e-02;4.328808e-02;3.222883e-02;2.328463e-01;4.155231e-01;1.755264e-02;3.652949e-02;3.199743e-02;2.514058e-02;7.148872e-02;2.046185e-02
2.144838e-02;6.468186e-02;5.347658e-02;4.437132e-02;1.539610e-01;4.069726e-01;3.183201e-02;2.915103e-02;3.174354e-02;3.199982e-02;1.005223e-01;2.983961e-02
1.619943e-02;7.149664e-02;7.014424e-02;3.817064e-02;7.019080e-02;3.758213e-01;3.601344e-02;2.752324e-02;3.241384e-02;4.500509e-02;1.815257e-01;3.549565e-02
9.667014e-03;5.554998e-02;6.975973e-02;2.105000e-02;3.256976e-02;2.851062e-01;5.705363e-02;3.250755e-02;2.686078e-02;8.075523e-02;2.847595e-01;4.436056e-02
8.156271e-03;2.201585e-02;6.093983e-02;1.404103e-02;5.415325e-02;1.812925e-01;5.602735e-02;3.626316e-02;3.798172e-02;1.595083e-01;3.307356e-01;3.888514e-02
1.099537e-02;4.759275e-02;6.016285e-02;2.562489e-02;6.894107e-02;1.705670e-01;9.797741e-02;4.397289e-02;5.039890e-02;1.597338e-01;2.070284e-01;5.700465e-02
3.117928e-02;8.193059e-02;6.635709e-02;2.294069e-02;7.295114e-02;2.082538e-01;2.071832e-01;4.847902e-02;5.430160e-02;7.321232e-02;4.798612e-02;8.522519e-02
4.016248e-02;6.515292e-02;6.371279e-02;2.478347e-02;4.444958e-02;1.363255e-01;2.678790e-01;6.727992e-02;6.828984e-02;3.833785e-02;8.502514e-02;9.860151e-02
2.216917e-02;7.421272e-02;5.908103e-02;3.064013e-02;2.000569e-02;1.646469e-01;2.501352e-01;8.972865e-02;4.770598e-02;3.393994e-02;8.661891e-02;1.211158e-01
7.932956e-02;6.722835e-02;6.110355e-02;2.264156e-02;5.175686e-02;1.531539e-01;1.947913e-01;5.204178e-02;4.647078e-02;5.142436e-02;9.573159e-02;1.243264e-01
1.242798e-01;1.349118e-01;9.611254e-02;3.183181e-02;5.685465e-02;1.545827e-01;1.191573e-01;5.134527e-02;5.108538e-02;5.216271e-02;6.298666e-02;6.468938e-02
1.043516e-01;1.456697e-01;1.043793e-01;4.616427e-02;6.418603e-02;1.845491e-01;7.105549e-02;7.396117e-02;8.020351e-02;4.493450e-02;4.179097e-02;3.875439e-02
9.331116e-02;1.669482e-01;9.979457e-02;4.342195e-02;5.553669e-02;1.623383e-01;5.835699e-02;7.718714e-02;1.011156e-01;4.435378e-02;6.922258e-02;2.841293e-02
8.249041e-02;1.542268e-01;8.089962e-02;3.585047e-02;4.774272e-02;1.510622e-01;6.132902e-02;8.321812e-02;1.448705e-01;4.583780e-02;7.165952e-02;4.081284e-02
6.465919e-02;1.416490e-01;7.314638e-02;2.182630e-02;5.034097e-02;1.657065e-01;7.144891e-02;7.976247e-02;1.633369e-01;7.525239e-02;5.141204e-02;4.145898e-02
5.314242e-02;1.406750e-01;1.098396e-01;3.028682e-02;8.757038e-02;1.510488e-01;7.174519e-02;6.666913e-02;1.136674e-01;9.338420e-02;3.911330e-02;4.285771e-02
3.738179e-02;1.114637e-01;1.310891e-01;4.281653e-02;1.210692e-01;1.557076e-01;7.340141e-02;7.219102e-02;8.083139e-02;7.731888e-02;4.035121e-02;5.637810e-02
4.413448e-02;9.005439e-02;1.288713e-01;5.745568e-02;1.101124e-01;1.635057e-01;6.345754e-02;7.477970e-02;7.456638e-02;5.534312e-02;7.230008e-02;6.541925e-02
6.538136e-02;1.514767e-01;1.390900e-01;4.551750e-02;5.672585e-02;1.670005e-01;5.708474e-02;4.896249e-02;5.622927e-02;5.182319e-02;1.071276e-01;5.358092e-02
5.427929e-02;1.547264e-01;1.096230e-01;2.392358e-02;4.626011e-02;1.859009e-01;6.987938e-02;6.846654e-02;7.109527e-02;3.830773e-02;9.946171e-02;7.807603e-02
3.693399e-02;1.181574e-01;9.096356e-02;3.115976e-02;8.036923e-02;2.237659e-01;5.337889e-02;5.860605e-02;8.202748e-02;4.051574e-02;1.068222e-01;7.729979e-02
3.588806e-02;8.884211e-02;5.271081e-02;4.868530e-02;8.528912e-02;2.539735e-01;5.992885e-02;5.791460e-02;1.120130e-01;5.328369e-02;7.936196e-02;7.210902e-02
4.417107e-02;1.413748e-01;9.408634e-02;5.692464e-02;7.032512e-02;1.746361e-01;8.262879e-02;7.359235e-02;1.073919e-01;5.857773e-02;3.116285e-02;6.512825e-02
5.357905e-02;1.164434e-01;1.273084e-01;8.268151e-02;4.123920e-02;1.395372e-01;1.013079e-01;7.590792e-02;9.334902e-02;5.486606e-02;4.711110e-02;6.666934e-02
3.561014e-02;8.722929e-02;1.442430e-01;8.269786e-02;4.078325e-02;1.491019e-01;1.023867e-01;7.893629e-02;9.430028e-02;5.927529e-02;5.926319e-02;6.617287e-02
5.746587e-02;2.086584e-01;1.733632e-01;6.034187e-02;2.873395e-02;8.567031e-02;7.680921e-02;7.677659e-02;5.863240e-02;5.999969e-02;4.485271e-02;6.869576e-02
6.244847e-02;2.393538e-01;1.300952e-01;5.459096e-02;1.939043e-02;4.854763e-02;1.191778e-01;7.322856e-02;4.284304e-02;4.960277e-02;4.580569e-02;1.149157e-01
4.727203e-02;1.517228e-01;8.362987e-02;5.016842e-02;2.562957e-02;9.657925e-02;1.520095e-01;8.311622e-02;5.866304e-02;4.165988e-02;7.913370e-02;1.304158e-01
4.661305e-02;7.327756e-02;9.288422e-02;4.282504e-02;3.291605e-02;2.039382e-01;1.016548e-01;7.725519e-02;8.990321e-02;4.163329e-02;1.188841e-01;7.821528e-02
4.495864e-02;6.402584e-02;8.316639e-02;2.934464e-02;4.613459e-02;2.041406e-01;1.622026e-01;6.013918e-02;9.567241e-02;2.848428e-02;1.078720e-01;7.385881e-02
2.931866e-02;4.210390e-02;5.756741e-02;1.962748e-02;3.245505e-02;2.214947e-01;2.567586e-01;5.560835e-02;1.083782e-01;2.162415e-02;9.074271e-02;6.432077e-02
1.951985e-02;3.566631e-02;6.840680e-02;1.361077e-02;3.924564e-02;3.287949e-01;2.162546e-01;4.350676e-02;8.397437e-02;1.881932e-02;8.678305e-02;4.541768e-02
1.831985e-02;4.075851e-02;6.479771e-02;1.873198e-02;8.156184e-02;3.824961e-01;1.405136e-01;4.328167e-02;6.166082e-02;1.948434e-02;8.900733e-02;3.938630e-02
1.961159e-02;4.880736e-02;4.880202e-02;2.963610e-02;1.147182e-01;3.384628e-01;1.193701e-01;8.814096e-02;6.767842e-02;2.612694e-02;6.903821e-02;2.960736e-02
2.912408e-02;6.082604e-02;4.775415e-02;3.648729e-02;1.161872e-01;2.350715e-01;1.175502e-01;1.503218e-01;8.613767e-02;3.824631e-02;4.788655e-02;3.440721e-02
3.996527e-02;1.137801e-01;1.021751e-01;3.946260e-02;6.331359e-02;1.201372e-01;1.094119e-01;1.460773e-01;1.209840e-01;3.885235e-02;5.292298e-02;5.291757e-02
5.250975e-02;1.401747e-01;1.449521e-01;1.971694e-02;7.305954e-02;1.188463e-01;8.107277e-02;8.004209e-02;1.028697e-01;3.575297e-02;1.125763e-01;3.842684e-02
3.916326e-02;9.511852e-02;9.724329e-02;2.207202e-02;9.269838e-02;1.734769e-01;9.035713e-02;6.983928e-02;9.062632e-02;4.289989e-02;1.475186e-01;3.898633e-02
2.389383e-02;5.684242e-02;6.084315e-02;2.839109e-02;7.252323e-02;2.165947e-01;1.250944e-01;8.355621e-02;1.136542e-01;4.930543e-02;1.171362e-01;5.216522e-02
3.233729e-02;7.960504e-02;8.850671e-02;3.899441e-02;5.944744e-02;2.460733e-01;1.508132e-01;6.498712e-02;9.405483e-02;3.692162e-02;5.687083e-02;5.138812e-02
4.548772e-02;1.025766e-01;8.938759e-02;2.384246e-02;6.552322e-02;2.447272e-01;1.340600e-01;5.395692e-02;6.989590e-02;5.426756e-02;8.379523e-02;3.247965e-02
4.978520e-02;1.227686e-01;1.221303e-01;3.651923e-02;5.722029e-02;2.214249e-01;9.110439e-02;4.608014e-02;7.333077e-02;4.839482e-02;9.995255e-02;3.128884e-02
4.135390e-02;1.660220e-01;1.864803e-01;4.374560e-02;4.289780e-02;2.057619e-01;5.674093e-02;5.396232e-02;5.461306e-02;3.599716e-02;6.647035e-02;4.595467e-02
4.284037e-02;1.723885e-01;1.347016e-01;4.487920e-02;5.324365e-02;1.774950e-01;7.717405e-02;1.033280e-01;5.101515e-02;3.171977e-02;6.001319e-02;5.120145e-02
2.945251e-02;1.703091e-01;1.904525e-01;3.810142e-02;5.724404e-02;1.277926e-01;7.834825e-02;1.135577e-01;6.792267e-02;3.507748e-02;4.812593e-02;4.361574e-02
2.805177e-02;1.618804e-01;1.896040e-01;4.211738e-02;6.169366e-02;1.180449e-01;6.661713e-02;1.319127e-01;8.553223e-02;4.616830e-02;3.346473e-02;3.491274e-02
2.394190e-02;1.225732e-01;1.573521e-01;3.822589e-02;7.240072e-02;1.524186e-01;4.164107e-02;1.522184e-01;1.321587e-01;5.760535e-02;2.412585e-02;2.533822e-02
1.364313e-02;6.910311e-02;1.326744e-01;6.955015e-02;1.114184e-01;1.533461e-01;3.574775e-02;1.035860e-01;1.947703e-01;6.998619e-02;2.498580e-02;2.118871e-02
2.992224e-02;3.076548e-02;8.829729e-02;1.359174e-01;1.313674e-01;8.948053e-02;5.799102e-02;1.372331e-01;2.031653e-01;5.150488e-02;2.521356e-02;1.914172e-02
4.097706e-02;4.584267e-02;7.225454e-02;1.524711e-01;1.084196e-01;6.825881e-02;8.763697e-02;1.881769e-01;1.617557e-01;2.535411e-02;2.706292e-02;2.178967e-02
3.281533e-02;4.260912e-02;6.323437e-02;1.112731e-01;7.340993e-02;1.276826e-01;1.087489e-01;2.328226e-01;1.344429e-01;2.546213e-02;2.778623e-02;1.971277e-02
2.775327e-02;6.844831e-02;6.932059e-02;6.968507e-02;6.341273e-02;1.165247e-01;1.115055e-01;2.044349e-01;1.675508e-01;4.159030e-02;3.260686e-02;2.716698e-02
2.870742e-02;8.364583e-02;7.463297e-02;5.137549e-02;7.140512e-02;1.141767e-01;7.142787e-02;1.233941e-01;2.155822e-01;6.882200e-02;5.847111e-02;3.835917e-02
2.634933e-02;8.274639e-02;6.144718e-02;5.802657e-02;8.905818e-02;1.119413e-01;6.201821e-02;1.633458e-01;1.856050e-01;5.937125e-02;5.731071e-02;4.278006e-02
3.026158e-02;1.033176e-01;9.132661e-02;5.338644e-02;9.378091e-02;1.293739e-01;5.797606e-02;1.354698e-01;1.258070e-01;5.082081e-02;6.509671e-02;6.338248e-02
3.441369e-02;1.144099e-01;1.044576e-01;3.629458e-02;7.120832e-02;1.173021e-01;3.742941e-02;1.203777e-01;1.573990e-01;4.644263e-02;7.904998e-02;8.121519e-02
3.862773e-02;9.997362e-02;1.129856e-01;3.354102e-02;8.905353e-02;1.172930e-01;3.254423e-02;8.470232e-02;1.833567e-01;3.856156e-02;8.480529e-02;8.455543e-02
2.947248e-02;6.698286e-02;6.590005e-02;3.107131e-02;9.451503e-02;1.156216e-01;6.625715e-02;1.439212e-01;2.023639e-01;2.851929e-02;7.935464e-02;7.602048e-02
2.552392e-02;6.982067e-02;4.589071e-02;5.747826e-02;9.212729e-02;9.419210e-02;9.131851e-02;1.660044e-01;2.177486e-01;2.681598e-02;6.337078e-02;4.970878e-02
2.614311e-02;8.772878e-02;8.332004e-02;8.767783e-02;1.044964e-01;1.008241e-01;9.155204e-02;1.347403e-01;1.641429e-01;3.456068e-02;4.219570e-02;4.261819e-02
3.618935e-02;1.219431e-01;1.295502e-01;9.069193e-02;1.306107e-01;8.059848e-02;5.578831e-02;1.162134e-01;1.105073e-01;3.644759e-02;4.395914e-02;4.750057e-02
3.680293e-02;9.993784e-02;1.253845e-01;6.146928e-02;1.288708e-01;1.178874e-01;1.853454e-02;1.120666e-01;1.551102e-01;4.204290e-02;5.619939e-02;4.569361e-02
4.719894e-02;5.409835e-02;1.073754e-01;5.582551e-02;1.310361e-01;1.492531e-01;3.901739e-02;8.732572e-02;1.571593e-01;5.062517e-02;7.469356e-02;4.639146e-02
4.763905e-02;1.440226e-01;1.159467e-01;5.169094e-02;1.273659e-01;1.080104e-01;5.128568e-02;9.456903e-02;1.299759e-01;2.699760e-02;6.870933e-02;3.378683e-02
4.874688e-02;1.383517e-01;1.156041e-01;6.571591e-02;1.381821e-01;7.212879e-02;3.856251e-02;1.169061e-01;1.289046e-01;2.427800e-02;5.831372e-02;5.430557e-02
4.283386e-02;8.790185e-02;6.828912e-02;7.957350e-02;1.426469e-01;9.841456e-02;4.577772e-02;1.365348e-01;1.491493e-01;3.576300e-02;4.290470e-02;7.021073e-02
4.188371e-02;1.121768e-01;9.153983e-02;7.377713e-02;9.967165e-02;8.949570e-02;4.013336e-02;1.513245e-01;1.350378e-01;5.101028e-02;5.923882e-02;5.471041e-02
2.972867e-02;1.174270e-01;1.836241e-01;9.231960e-02;6.811142e-02;9.267235e-02;3.091180e-02;1.055393e-01;1.323837e-01;6.321472e-02;4.612005e-02;3.794740e-02
2.289832e-02;5.836949e-02;1.940132e-01;1.258592e-01;7.712352e-02;7.913117e-02;3.631815e-02;1.512749e-01;1.408033e-01;4.860017e-02;3.096927e-02;3.463938e-02
1.840341e-02;7.794698e-02;2.108185e-01;1.156162e-01;7.349128e-02;4.784628e-02;5.489392e-02;2.065162e-01;1.109444e-01;2.987226e-02;2.150750e-02;3.214318e-02
1.889871e-02;1.569754e-01;2.189218e-01;6.387709e-02;6.140761e-02;6.082550e-02;8.756585e-02;1.822606e-01;5.951113e-02;2.764632e-02;4.027685e-02;2.183314e-02
1.804020e-02;2.380999e-01;1.628149e-01;4.893326e-02;5.143241e-02;7.982139e-02;1.262345e-01;1.293672e-01;4.277726e-02;2.243321e-02;6.501069e-02;1.503507e-02
2.471478e-02;2.953567e-01;9.109965e-02;6.582469e-02;3.432174e-02;9.115434e-02;1.235529e-01;1.243865e-01;5.620350e-02;1.693011e-02;6.760409e-02;8.851085e-03
3.968515e-02;3.008017e-01;7.986242e-02;6.017020e-02;2.920311e-02;1.210257e-01;1.004433e-01;1.394941e-01;4.815449e-02;1.123520e-02;6.074250e-02;9.182258e-03
6.088464e-02;2.825166e-01;7.861166e-02;3.759621e-02;3.170792e-02;1.614611e-01;9.175339e-02;1.163128e-01;5.132164e-02;2.149927e-02;6.142255e-02;4.912287e-03
