3.963537e-02;1.042988e-01;9.879623e-02;9.214092e-02;1.010075e-01;1.169389e-01;1.877178e-01;8.634040e-02;5.446057e-02;3.912318e-02;2.950817e-02;5.003221e-02
8.524483e-02;1.638032e-01;1.082116e-01;5.739909e-02;7.294155e-02;7.195120e-02;1.295548e-01;1.577494e-01;5.114411e-02;3.493787e-02;1.738049e-02;4.968184e-02
1.304687e-01;1.654570e-01;6.956957e-02;3.332413e-02;4.499133e-02;3.550106e-02;1.190909e-01;2.302749e-01;6.301638e-02;3.376899e-02;2.787763e-02;4.665945e-02
1.338836e-01;1.305659e-01;5.242975e-02;3.064603e-02;2.296297e-02;4.944111e-02;1.443679e-01;2.452043e-01;7.802829e-02;3.961600e-02;1.637192e-02;5.648215e-02
1.112349e-01;1.526594e-01;9.333718e-02;3.449824e-02;1.246557e-02;5.447066e-02;1.445226e-01;1.973697e-01;7.513089e-02;4.562878e-02;1.127322e-02;6.740887e-02
1.132943e-01;1.684163e-01;8.452783e-02;3.010415e-02;1.661647e-02;5.750925e-02;1.279668e-01;2.156290e-01;8.226088e-02;3.733759e-02;1.037648e-02;5.596102e-02
1.265745e-01;1.695928e-01;6.548546e-02;2.087309e-02;1.418168e-02;5.533328e-02;1.179053e-01;2.449298e-01;9.040086e-02;2.397097e-02;1.583230e-02;5.492004e-02
9.955455e-02;1.781884e-01;1.055847e-01;3.593119e-02;1.692640e-02;6.946312e-02;1.295654e-01;1.926367e-01;7.613212e-02;2.482495e-02;1.741315e-02;5.377944e-02
6.468806e-02;1.614969e-01;1.036582e-01;6.180713e-02;1.956766e-02;6.998045e-02;2.225023e-01;1.029796e-01;5.129049e-02;3.097665e-02;1.937242e-02;9.168015e-02
6.652261e-02;1.175264e-01;3.486890e-02;6.525660e-02;1.273306e-02;5.017109e-02;3.145680e-01;1.442337e-01;2.864506e-02;3.702888e-02;1.123299e-02;1.172128e-01
6.323347e-02;7.082783e-02;2.996602e-02;6.158396e-02;5.118653e-03;4.403758e-02;3.557186e-01;2.146793e-01;1.879186e-02;2.902559e-02;9.546984e-03;9.747019e-02
4.972121e-02;6.730545e-02;3.446727e-02;6.160268e-02;4.864359e-03;3.435947e-02;3.751729e-01;2.190415e-01;1.432505e-02;3.128196e-02;1.246675e-02;9.539146e-02
4.620107e-02;5.924290e-02;2.271099e-02;7.837284e-02;2.592531e-03;4.023449e-02;3.747959e-01;1.883028e-01;1.690299e-02;3.502835e-02;1.910738e-02;1.165079e-01
4.618676e-02;7.795581e-02;2.234565e-02;1.080672e-01;1.006089e-02;4.821703e-02;3.170214e-01;1.328187e-01;2.477227e-02;4.385251e-02;2.307741e-02;1.456243e-01
6.310455e-02;1.219770e-01;5.740542e-02;1.316822e-01;1.801262e-02;5.530572e-02;1.930397e-01;1.084280e-01;4.039342e-02;5.354205e-02;1.625455e-02;1.408547e-01
6.118619e-02;1.496083e-01;8.164964e-02;1.406586e-01;1.242323e-02;5.051176e-02;1.946817e-01;8.509622e-02;3.501701e-02;5.279994e-02;1.356310e-02;1.228043e-01
5.558539e-02;1.549889e-01;4.979249e-02;1.635416e-01;6.944337e-03;3.206432e-02;2.725790e-01;5.471903e-02;2.862683e-02;4.380110e-02;1.259321e-02;1.247638e-01
6.081770e-02;1.551372e-01;4.245250e-02;1.642963e-01;5.657334e-03;1.917850e-02;3.240250e-01;4.055291e-02;2.656295e-02;3.550871e-02;1.184984e-02;1.139610e-01
5.255011e-02;1.357131e-01;7.183664e-02;1.134822e-01;2.472655e-02;5.948752e-02;3.136851e-01;6.687239e-02;4.009496e-02;2.590725e-02;2.345062e-02;7.219367e-02
3.748678e-02;1.042406e-01;7.739852e-02;6.214527e-02;4.596316e-02;1.356139e-01;2.740972e-01;1.075848e-01;5.148437e-02;3.544451e-02;3.740276e-02;3.113818e-02
3.454123e-02;8.949365e-02;6.286459e-02;3.611005e-02;5.532647e-02;1.697085e-01;2.527353e-01;1.094442e-01;4.490718e-02;4.429713e-02;4.169847e-02;5.887323e-02
4.491800e-02;1.114963e-01;5.039165e-02;3.627466e-02;5.485571e-02;1.509340e-01;2.358146e-01;1.158413e-01;3.252481e-02;3.697893e-02;3.624731e-02;9.372276e-02
4.045244e-02;1.183373e-01;6.189566e-02;5.657978e-02;7.330060e-02;1.322573e-01;1.714099e-01;1.870932e-01;3.363344e-02;2.049754e-02;4.076252e-02;6.378037e-02
2.668262e-02;7.369130e-02;4.885786e-02;6.216283e-02;9.391500e-02;1.342429e-01;1.895559e-01;2.329288e-01;3.664851e-02;1.487518e-02;3.673872e-02;4.970044e-02
2.752220e-02;5.984649e-02;5.315755e-02;4.072814e-02;9.847656e-02;1.505324e-01;1.831540e-01;2.390521e-01;4.688171e-02;2.016766e-02;3.025414e-02;5.022708e-02
3.907866e-02;9.931737e-02;7.314007e-02;2.509937e-02;1.021637e-01;1.907644e-01;1.114423e-01;1.941012e-01;6.442797e-02;2.664865e-02;4.421926e-02;2.959700e-02
4.853736e-02;1.289343e-01;7.409597e-02;1.923055e-02;5.414793e-02;2.173878e-01;1.116648e-01;1.101614e-01;8.742153e-02;3.473429e-02;7.038082e-02;4.330319e-02
5.599398e-02;1.570820e-01;9.451136e-02;1.946102e-02;3.168773e-02;2.166573e-01;5.860492e-02;7.593946e-02;1.077526e-01;4.630002e-02;8.005599e-02;5.595360e-02
5.729932e-02;1.690055e-01;9.366864e-02;3.921529e-02;4.809745e-02;1.703585e-01;6.213784e-02;8.759926e-02;9.517650e-02;4.828277e-02;6.734458e-02;6.181436e-02
5.968909e-02;1.901279e-01;8.907288e-02;6.274339e-02;5.372549e-02;1.066962e-01;1.360590e-01;9.517836e-02;7.422869e-02;3.271833e-02;2.948265e-02;7.027794e-02
6.390852e-02;1.785478e-01;7.461043e-02;5.219850e-02;4.489622e-02;1.877373e-01;1.232527e-01;9.350379e-02;4.142236e-02;2.135519e-02;3.265899e-02;8.590823e-02
7.787403e-02;1.714869e-01;5.942527e-02;5.349653e-02;1.980690e-02;2.518768e-01;9.163364e-02;8.676149e-02;4.842428e-02;2.452873e-02;3.933170e-02;7.535373e-02
6.512537e-02;1.792064e-01;8.284029e-02;4.683261e-02;5.145790e-02;2.141779e-01;1.203565e-01;1.000575e-01;4.556950e-02;1.980900e-02;1.891725e-02;5.564982e-02
7.267860e-02;1.924285e-01;9.527736e-02;4.236477e-02;8.023030e-02;1.977449e-01;5.598128e-02;1.307108e-01;3.847066e-02;1.794190e-02;2.958367e-02;4.658725e-02
7.522231e-02;1.837288e-01;1.194109e-01;4.104765e-02;7.013987e-02;1.729224e-01;9.141178e-02;1.176126e-01;4.096647e-02;1.372969e-02;3.130569e-02;4.250186e-02
7.875392e-02;1.745730e-01;8.815981e-02;4.648886e-02;4.977919e-02;1.816942e-01;1.103644e-01;8.878190e-02;5.987522e-02;1.924774e-02;3.243309e-02;6.984869e-02
6.997531e-02;1.623332e-01;8.411883e-02;4.712033e-02;3.333554e-02;1.649090e-01;1.832642e-01;8.850521e-02;5.817597e-02;1.416267e-02;2.893951e-02;6.516017e-02
5.003383e-02;1.826791e-01;1.025957e-01;3.186347e-02;1.223243e-02;1.742785e-01;1.691692e-01;1.175239e-01;5.828848e-02;2.394351e-02;2.357718e-02;5.381468e-02
5.390887e-02;1.760883e-01;7.819199e-02;2.626001e-02;2.035299e-02;2.376966e-01;1.296008e-01;1.145613e-01;6.035797e-02;3.306954e-02;1.972465e-02;5.018704e-02
6.222519e-02;1.441613e-01;6.273218e-02;2.935108e-02;3.192583e-02;2.201523e-01;1.970111e-01;1.082909e-01;5.775447e-02;2.701748e-02;1.773086e-02;4.164736e-02
8.854305e-02;1.405891e-01;8.529030e-02;3.052929e-02;3.864486e-02;1.793269e-01;1.686472e-01;8.952603e-02;7.829227e-02;2.916775e-02;2.644447e-02;4.499875e-02
1.165380e-01;1.490202e-01;5.467586e-02;4.275296e-02;4.090121e-02;1.413510e-01;1.173485e-01;9.699782e-02;7.928611e-02;3.407293e-02;4.946765e-02;7.758779e-02
9.957276e-02;1.796331e-01;5.259830e-02;4.735575e-02;1.981180e-02;8.760948e-02;1.948229e-01;9.403472e-02;5.069384e-02;2.853429e-02;4.437571e-02;1.009573e-01
5.231366e-02;1.687072e-01;4.462745e-02;4.029902e-02;2.003639e-02;1.098606e-01;2.664226e-01;9.458418e-02;3.604851e-02;2.327375e-02;3.161160e-02;1.122150e-01
3.463598e-02;1.240062e-01;3.554528e-02;2.110276e-02;3.173213e-02;1.730937e-01;3.103186e-01;8.410399e-02;4.780478e-02;1.737856e-02;2.847912e-02;9.179884e-02
3.668697e-02;7.132866e-02;2.947434e-02;2.255436e-02;3.482164e-02;2.109482e-01;2.790114e-01;8.869723e-02;6.233003e-02;2.066011e-02;5.875313e-02;8.473399e-02
3.040819e-02;6.726555e-02;3.370913e-02;2.674120e-02;4.652539e-02;2.163759e-01;1.900545e-01;9.256580e-02;9.996508e-02;3.037049e-02;8.717144e-02;7.884730e-02
3.488282e-02;9.553497e-02;6.865028e-02;3.466563e-02;5.623955e-02;1.575015e-01;1.162624e-01;1.295551e-01;1.348829e-01;4.313488e-02;6.669611e-02;6.199390e-02
4.171567e-02;1.261489e-01;5.389126e-02;3.293656e-02;5.392158e-02;1.161101e-01;2.161343e-01;1.241394e-01;1.036055e-01;3.397432e-02;2.832486e-02;6.909756e-02
4.041911e-02;1.504676e-01;7.857274e-02;3.171161e-02;3.400021e-02;2.508528e-01;1.705320e-01;4.865820e-02;3.851273e-02;2.653424e-02;6.064536e-02;6.909347e-02
4.554892e-02;1.565028e-01;8.350531e-02;3.194685e-02;2.516196e-02;3.119289e-01;1.036868e-01;3.332060e-02;2.815899e-02;2.693275e-02;6.092327e-02;9.238273e-02
5.015701e-02;1.468258e-01;7.627289e-02;2.374179e-02;2.520145e-02;2.800940e-01;1.560384e-01;3.837874e-02;3.746996e-02;2.487706e-02;3.786275e-02;1.030802e-01
6.161828e-02;1.624136e-01;5.273407e-02;1.908350e-02;1.336900e-02;2.543273e-01;1.628561e-01;6.264144e-02;4.594398e-02;2.005317e-02;3.818296e-02;1.067766e-01
6.309769e-02;1.988927e-01;8.288393e-02;2.788243e-02;3.021898e-02;2.262023e-01;5.743012e-02;8.604882e-02;4.707693e-02;2.056110e-02;4.606478e-02;1.136403e-01
5.628292e-02;1.687742e-01;8.898816e-02;3.757214e-02;3.289841e-02;1.416132e-01;1.883332e-01;9.258493e-02;3.810121e-02;1.557681e-02;5.696951e-02;8.230528e-02
6.767031e-02;1.305134e-01;7.130343e-02;3.984425e-02;2.303730e-02;1.961884e-01;1.941047e-01;9.270893e-02;4.250625e-02;2.371077e-02;4.813983e-02;7.027241e-02
5.928254e-02;1.211678e-01;7.254936e-02;3.595585e-02;3.928298e-02;2.703193e-01;1.681423e-01;7.261171e-02;4.605139e-02;2.733208e-02;2.772849e-02;5.957626e-02
3.661169e-02;1.169431e-01;1.056685e-01;5.701813e-02;5.500539e-02;2.036484e-01;1.186782e-01;9.772531e-02;6.551927e-02;4.987137e-02;4.714825e-02;4.616236e-02
2.051950e-02;1.149444e-01;2.282647e-01;8.079678e-02;5.950110e-02;1.029275e-01;5.853777e-02;7.796913e-02;6.225389e-02;1.133209e-01;5.308738e-02;2.787688e-02
1.108613e-02;1.319457e-01;3.468712e-01;7.431556e-02;4.044176e-02;3.689828e-02;4.374938e-02;3.582218e-02;4.618791e-02;1.740288e-01;4.333058e-02;1.532263e-02
6.708040e-03;1.231493e-01;4.452131e-01;5.013984e-02;1.752541e-02;1.594128e-02;2.544980e-02;1.262898e-02;3.613495e-02;2.256267e-01;3.249083e-02;8.991796e-03
4.343343e-03;1.315713e-01;4.591879e-01;2.709516e-02;1.465618e-02;1.632508e-02;2.770367e-02;1.515729e-02;4.658761e-02;2.341485e-01;1.656942e-02;6.654607e-03
7.327315e-03;1.539117e-01;4.020892e-01;2.094172e-02;1.038719e-02;2.300249e-02;4.042895e-02;2.586066e-02;6.929729e-02;2.289497e-01;9.270365e-03;8.533490e-03
7.856500e-03;1.564104e-01;2.813447e-01;8.627392e-03;9.208268e-03;3.860706e-02;1.168446e-01;3.246858e-02;9.918457e-02;2.259136e-01;1.187646e-02;1.165782e-02
7.749010e-03;1.455440e-01;2.025696e-01;1.095997e-02;1.033065e-02;3.232561e-02;1.557317e-01;5.347006e-02;1.141161e-01;2.337570e-01;2.221047e-02;1.123583e-02
2.076063e-02;1.495391e-01;2.055018e-01;1.084620e-02;9.545102e-03;2.796087e-02;8.959919e-02;6.286310e-02;1.174110e-01;2.532277e-01;3.250438e-02;2.024086e-02
5.874863e-02;1.737901e-01;2.426684e-01;1.441301e-02;1.229248e-02;1.715158e-02;2.742499e-02;4.996636e-02;9.478937e-02;2.457077e-01;3.357670e-02;2.947063e-02
6.492046e-02;1.849903e-01;3.484912e-01;1.845638e-02;2.594798e-02;1.197751e-02;1.899910e-02;4.123184e-02;6.070472e-02;1.909730e-01;1.715910e-02;1.614837e-02
3.303654e-02;1.873200e-01;4.267065e-01;2.319924e-02;5.108964e-02;1.499120e-02;2.658955e-02;2.558955e-02;3.887273e-02;1.574676e-01;8.593196e-03;6.544291e-03
1.897349e-02;1.898295e-01;4.149172e-01;2.384922e-02;7.257801e-02;2.367581e-02;4.812612e-02;1.952057e-02;3.421688e-02;1.409634e-01;7.386914e-03;5.962892e-03
1.575328e-02;1.751593e-01;3.594132e-01;4.741928e-02;7.972723e-02;5.643338e-02;7.020204e-02;2.453289e-02;4.502251e-02;9.725431e-02;2.113504e-02;7.947531e-03
9.998093e-03;1.252117e-01;2.766366e-01;1.278261e-01;7.986630e-02;1.051854e-01;5.712976e-02;5.979821e-02;5.250637e-02;6.188659e-02;3.562845e-02;8.326384e-03
8.783155e-03;7.288265e-02;1.392585e-01;1.694350e-01;1.427970e-01;1.345508e-01;4.556058e-02;7.005921e-02;4.322260e-02;1.253483e-01;2.898417e-02;1.911808e-02
1.171455e-02;7.710268e-02;1.135021e-01;1.071898e-01;1.992760e-01;1.741802e-01;7.461683e-02;3.402910e-02;4.786933e-02;1.037653e-01;1.873072e-02;3.802342e-02
1.949181e-02;8.363014e-02;1.815977e-01;4.927820e-02;1.583855e-01;2.595784e-01;6.375693e-02;1.943757e-02;5.451469e-02;5.538177e-02;2.032029e-02;3.462708e-02
2.388529e-02;9.171492e-02;1.779629e-01;2.572531e-02;1.182040e-01;3.515758e-01;4.954077e-02;3.657413e-02;4.575842e-02;3.497306e-02;2.118039e-02;2.290505e-02
1.475524e-02;1.061788e-01;2.268463e-01;5.021307e-02;9.016062e-02;2.778604e-01;3.699018e-02;3.496668e-02;5.246149e-02;6.809580e-02;1.350079e-02;2.797056e-02
1.626214e-02;1.152084e-01;2.614805e-01;6.426321e-02;6.115466e-02;1.926180e-01;2.585409e-02;3.077124e-02;6.759408e-02;1.055866e-01;2.837395e-02;3.083321e-02
1.759227e-02;9.771074e-02;2.412773e-01;4.534581e-02;4.086056e-02;1.936672e-01;4.291092e-02;4.360614e-02;8.400578e-02;1.382398e-01;3.049144e-02;2.429200e-02
2.271252e-02;1.083295e-01;2.128370e-01;2.238859e-02;3.608108e-02;1.743159e-01;5.941971e-02;5.669485e-02;1.029938e-01;1.702681e-01;1.343700e-02;2.052207e-02
2.759768e-02;9.679216e-02;1.860011e-01;2.454192e-02;4.195443e-02;9.558406e-02;5.693205e-02;1.273758e-01;1.152177e-01;1.783051e-01;3.415259e-02;1.554550e-02
1.989957e-02;1.111719e-01;2.072053e-01;2.381383e-02;3.959071e-02;1.274491e-01;4.463165e-02;1.393408e-01;9.106268e-02;1.524542e-01;3.624374e-02;7.136449e-03
1.462019e-02;1.160652e-01;2.500279e-01;2.971482e-02;3.423867e-02;1.301416e-01;4.905376e-02;1.091349e-01;9.113897e-02;1.409460e-01;2.489266e-02;1.002526e-02
1.451960e-02;1.388753e-01;3.127095e-01;6.944034e-02;5.304800e-02;8.287698e-02;4.292401e-02;6.326366e-02;8.082717e-02;1.144830e-01;1.667475e-02;1.035779e-02
1.905566e-02;1.604128e-01;2.949086e-01;9.125692e-02;8.871776e-02;8.657422e-02;3.936891e-02;3.667207e-02;5.810273e-02;1.068082e-01;1.023386e-02;7.888233e-03
2.301788e-02;1.672723e-01;2.964657e-01;7.100176e-02;8.348618e-02;9.841055e-02;4.718827e-02;3.021938e-02;4.537578e-02;1.157741e-01;1.082084e-02;1.096729e-02
1.966712e-02;1.676087e-01;3.242896e-01;7.255137e-02;9.001221e-02;8.014679e-02;7.768635e-02;2.137461e-02;4.794937e-02;6.337418e-02;1.836791e-02;1.697177e-02
2.013176e-02;1.956812e-01;2.642797e-01;8.871662e-02;1.095499e-01;1.023928e-01;5.753465e-02;2.688275e-02;4.322584e-02;6.075756e-02;1.108571e-02;1.976164e-02
1.738061e-02;1.578220e-01;2.639582e-01;6.944633e-02;8.321127e-02;1.487837e-01;4.222457e-02;3.331659e-02;4.499584e-02;1.052754e-01;1.410789e-02;1.947773e-02
2.977221e-02;7.175132e-02;2.615280e-01;4.655136e-02;5.494233e-02;1.790046e-01;3.555450e-02;7.449030e-02;7.790988e-02;1.148693e-01;3.097983e-02;2.264642e-02
5.005739e-02;1.924702e-01;2.168614e-01;6.179708e-02;4.783521e-02;5.490059e-02;5.559066e-02;1.144356e-01;5.389025e-02;6.280985e-02;4.663505e-02;4.271672e-02
5.926217e-02;1.923715e-01;1.812711e-01;7.142161e-02;5.448980e-02;7.121407e-02;6.451713e-02;1.246629e-01;6.049697e-02;3.381287e-02;4.253040e-02;4.394949e-02
4.924511e-02;1.440916e-01;1.258030e-01;6.306957e-02;5.336430e-02;1.727958e-01;6.444867e-02;1.601199e-01;8.288448e-02;2.720867e-02;2.828811e-02;2.868095e-02
3.247012e-02;1.213309e-01;1.405025e-01;3.580908e-02;3.704252e-02;2.695526e-01;3.342564e-02;1.798417e-01;7.854956e-02;3.631506e-02;1.671024e-02;1.845010e-02
2.489397e-02;1.599094e-01;9.684651e-02;2.650862e-02;3.648093e-02;2.886649e-01;3.616719e-02;1.548904e-01;8.330336e-02;5.840999e-02;9.270449e-03;2.465418e-02
2.446984e-02;1.596346e-01;2.062038e-01;3.823343e-02;3.518029e-02;2.386710e-01;5.216370e-02;6.168608e-02;6.127102e-02;9.224228e-02;4.924562e-03;2.531936e-02
1.732225e-02;1.879685e-01;3.288758e-01;2.416822e-02;4.904883e-02;1.680101e-01;5.216173e-02;2.316001e-02;4.379475e-02;7.948831e-02;5.239447e-03;2.076208e-02
1.406042e-02;2.178811e-01;3.656808e-01;3.568971e-02;6.277192e-02;1.277442e-01;5.226326e-02;2.911502e-02;3.930200e-02;3.366287e-02;7.199968e-03;1.462870e-02
1.455117e-02;2.053770e-01;3.783328e-01;5.077733e-02;5.762690e-02;1.027289e-01;4.098814e-02;2.251658e-02;3.932011e-02;6.377301e-02;1.333605e-02;1.067210e-02
2.070821e-02;2.388250e-01;4.043378e-01;5.284902e-02;3.204750e-02;6.290482e-02;2.544249e-02;2.209793e-02;3.745794e-02;7.959631e-02;1.166151e-02;1.207150e-02
2.490193e-02;2.299563e-01;3.970453e-01;3.510651e-02;1.634900e-02;7.570916e-02;4.193852e-02;2.961079e-02;4.234401e-02;7.622593e-02;1.741586e-02;1.339672e-02
1.861446e-02;1.421015e-01;2.651155e-01;5.606394e-02;6.101047e-02;1.590466e-01;9.511231e-02;6.388090e-02;4.849753e-02;5.869686e-02;1.820874e-02;1.365117e-02
1.832977e-02;8.670820e-02;1.551247e-01;9.229296e-02;1.153208e-01;1.970449e-01;1.199396e-01;7.955550e-02;4.834752e-02;4.110662e-02;2.565240e-02;2.057694e-02
1.875689e-02;6.293773e-02;7.078978e-02;1.156960e-01;1.402497e-01;2.094969e-01;1.218495e-01;7.617506e-02;5.299797e-02;7.236404e-02;3.047969e-02;2.820679e-02
3.075643e-02;6.103185e-02;4.368671e-02;1.088907e-01;1.256548e-01;2.272598e-01;1.542317e-01;6.886137e-02;4.323997e-02;8.904033e-02;1.643614e-02;3.091013e-02
5.929710e-02;8.480796e-02;5.051731e-02;9.801302e-02;1.458661e-01;1.709156e-01;1.369784e-01;8.678141e-02;5.033398e-02;7.891094e-02;1.468317e-02;2.289500e-02
7.743497e-02;1.697199e-01;9.455261e-02;5.151600e-02;1.492685e-01;1.112445e-01;8.006355e-02;8.377574e-02;6.038435e-02;7.837418e-02;2.527075e-02;1.839491e-02
7.197809e-02;2.110588e-01;1.219256e-01;3.983766e-02;1.086385e-01;8.595159e-02;5.498807e-02;8.292322e-02;6.673070e-02;9.606651e-02;3.200994e-02;2.789130e-02
5.632484e-02;1.756898e-01;1.479765e-01;5.523840e-02;6.492140e-02;9.469350e-02;5.694623e-02;1.145810e-01;7.861271e-02;9.731058e-02;3.243226e-02;2.527277e-02
3.871110e-02;1.532145e-01;1.908176e-01;3.196617e-02;4.165412e-02;1.269730e-01;6.483269e-02;1.199065e-01;8.251050e-02;1.010539e-01;2.975301e-02;1.860694e-02
2.733598e-02;1.904102e-01;1.975114e-01;4.938031e-02;4.752675e-02;1.368517e-01;8.034144e-02;6.474961e-02;9.344421e-02;7.161906e-02;2.616125e-02;1.466825e-02
3.943045e-02;2.567384e-01;2.108242e-01;7.817000e-02;5.860941e-02;8.237243e-02;7.320430e-02;6.951550e-02;7.084806e-02;4.081708e-02;1.329331e-02;6.176828e-03
3.314820e-02;2.430336e-01;2.596386e-01;8.722544e-02;7.892171e-02;5.100470e-02;5.506518e-02;7.510984e-02;4.957929e-02;4.074828e-02;1.686753e-02;9.657624e-03
2.633853e-02;1.883751e-01;3.099064e-01;8.688813e-02;8.971201e-02;7.489854e-02;4.463733e-02;5.564274e-02;4.211139e-02;4.415305e-02;2.765433e-02;9.682462e-03
2.156662e-02;1.223852e-01;3.448898e-01;9.359334e-02;5.956893e-02;1.365733e-01;3.085404e-02;4.647446e-02;4.967631e-02;4.262886e-02;4.371279e-02;8.076372e-03
2.503736e-02;1.613189e-01;3.138870e-01;7.778903e-02;2.598437e-02;1.676171e-01;3.235104e-02;5.877433e-02;3.981782e-02;4.317844e-02;4.073031e-02;1.351427e-02
3.404896e-02;2.146806e-01;2.735098e-01;6.683522e-02;3.547969e-02;1.452534e-01;2.745211e-02;7.475488e-02;3.687629e-02;4.519291e-02;2.373747e-02;2.217862e-02
2.982648e-02;1.683955e-01;2.984456e-01;6.548463e-02;9.069887e-02;1.042319e-01;2.737115e-02;9.100556e-02;3.717101e-02;5.432297e-02;1.584187e-02;1.720442e-02
3.460295e-02;1.788206e-01;2.696903e-01;5.268457e-02;1.089396e-01;1.158167e-01;3.477643e-02;6.897620e-02;3.643003e-02;6.137503e-02;2.511849e-02;1.276911e-02
6.717645e-02;1.543138e-01;2.288643e-01;1.040924e-01;8.460578e-02;8.250324e-02;5.149614e-02;5.467706e-02;6.040465e-02;4.911292e-02;4.039529e-02;2.235798e-02
9.167636e-02;1.265372e-01;1.643378e-01;1.299394e-01;8.757216e-02;5.768510e-02;7.168660e-02;5.420665e-02;6.990062e-02;4.740174e-02;6.459445e-02;3.446192e-02
7.073491e-02;1.418201e-01;1.516337e-01;1.024665e-01;6.776636e-02;6.289361e-02;6.442965e-02;7.388064e-02;9.176067e-02;6.523287e-02;8.147627e-02;2.590477e-02
3.899778e-02;1.312969e-01;1.849700e-01;1.074945e-01;7.780495e-02;7.653334e-02;3.676863e-02;6.956705e-02;7.203175e-02;5.928338e-02;1.138767e-01;3.137506e-02
2.637452e-02;6.908920e-02;1.686698e-01;1.378209e-01;9.516894e-02;7.635091e-02;2.083178e-02;5.152631e-02;2.216229e-02;3.953548e-02;2.248974e-01;6.757245e-02
2.126384e-02;6.508930e-02;1.140426e-01;1.742776e-01;9.818371e-02;7.478561e-02;1.091011e-02;6.945247e-02;6.996811e-03;2.146139e-02;2.781888e-01;6.534785e-02
1.200662e-02;6.022472e-02;6.475818e-02;2.156295e-01;7.781218e-02;6.074996e-02;7.304010e-03;9.282389e-02;5.941890e-03;3.653645e-02;3.245331e-01;4.167948e-02
3.375072e-02;6.072821e-02;8.967938e-02;2.004173e-01;3.949852e-02;4.167156e-02;1.444536e-02;8.418161e-02;1.339060e-02;1.126311e-01;2.952357e-01;1.436998e-02
6.394368e-02;8.869660e-02;1.692026e-01;1.193534e-01;2.106457e-02;2.190848e-02;3.381164e-02;5.189176e-02;3.373024e-02;2.208259e-01;1.654683e-01;1.010288e-02
6.753843e-02;1.248342e-01;2.000338e-01;5.074405e-02;2.975221e-02;3.647574e-02;4.775311e-02;3.612973e-02;5.299085e-02;2.380431e-01;1.096940e-01;6.010783e-03
4.965164e-02;1.718495e-01;2.112231e-01;5.590240e-02;4.005952e-02;6.058333e-02;5.017822e-02;4.218040e-02;4.593879e-02;1.503519e-01;1.077000e-01;1.438134e-02
3.425168e-02;2.094686e-01;3.343115e-01;5.396785e-02;4.063669e-02;4.912675e-02;5.063339e-02;3.331558e-02;2.373253e-02;7.957147e-02;7.587349e-02;1.511050e-02
3.341792e-02;2.161940e-01;4.028440e-01;4.948521e-02;2.618483e-02;2.121403e-02;4.615266e-02;2.177525e-02;1.580170e-02;7.753362e-02;7.108141e-02;1.831544e-02
2.772838e-02;2.282208e-01;4.111413e-01;5.470722e-02;2.713645e-02;1.187360e-02;2.175024e-02;2.433942e-02;1.381089e-02;7.560939e-02;8.979506e-02;1.388723e-02
2.392873e-02;2.495788e-01;4.140855e-01;4.624614e-02;1.974420e-02;1.831132e-02;2.849558e-02;2.748990e-02;1.681811e-02;5.350793e-02;9.152142e-02;1.027230e-02
2.542730e-02;2.560482e-01;4.233927e-01;3.621744e-02;1.130680e-02;4.480416e-02;2.574875e-02;3.348891e-02;2.265932e-02;3.198277e-02;7.286586e-02;1.605776e-02
2.545930e-02;2.351074e-01;4.140878e-01;3.322686e-02;2.451484e-02;4.571250e-02;2.802608e-02;4.533415e-02;2.558052e-02;6.132471e-02;5.237233e-02;9.253586e-03
2.592541e-02;2.077704e-01;4.060904e-01;3.813452e-02;2.728744e-02;4.721179e-02;4.965787e-02;4.924179e-02;2.602394e-02;7.562470e-02;3.036370e-02;1.666801e-02
2.163036e-02;2.018912e-01;4.120792e-01;5.139678e-02;2.894267e-02;4.410796e-02;5.563348e-02;3.748272e-02;2.123385e-02;8.188815e-02;3.122397e-02;1.248975e-02
1.749507e-02;1.927332e-01;4.347879e-01;5.288766e-02;3.520036e-02;2.760449e-02;5.412687e-02;3.089845e-02;1.259462e-02;9.490181e-02;3.925931e-02;7.510273e-03
2.028860e-02;2.086811e-01;4.251907e-01;5.171536e-02;3.653600e-02;3.184680e-02;4.460315e-02;2.895460e-02;1.146857e-02;9.259322e-02;3.591599e-02;1.220592e-02
2.478842e-02;2.318744e-01;4.403678e-01;4.888868e-02;3.240279e-02;2.507124e-02;2.898859e-02;3.063841e-02;1.293493e-02;7.512322e-02;3.569197e-02;1.322959e-02
2.615391e-02;2.545487e-01;4.663589e-01;4.509396e-02;2.858537e-02;2.736254e-02;1.487688e-02;3.622425e-02;1.718372e-02;4.206020e-02;3.173658e-02;9.814950e-03
2.320317e-02;2.684823e-01;4.680431e-01;3.726202e-02;2.428947e-02;3.151985e-02;1.358310e-02;4.325649e-02;2.118735e-02;2.617650e-02;3.515619e-02;7.840349e-03
2.062949e-02;2.886724e-01;4.270995e-01;4.450293e-02;2.096269e-02;2.044162e-02;1.121955e-02;4.629019e-02;2.790758e-02;5.108069e-02;3.360500e-02;7.588368e-03
2.519916e-02;3.193707e-01;4.032690e-01;3.581284e-02;1.651087e-02;4.514364e-02;1.052502e-02;4.568842e-02;3.930727e-02;3.173198e-02;1.516282e-02;1.227826e-02
2.598312e-02;3.353909e-01;3.775803e-01;3.187888e-02;1.326720e-02;5.853036e-02;1.573219e-02;3.436951e-02;5.900297e-02;1.803729e-02;1.480813e-02;1.541909e-02
4.049908e-02;3.391053e-01;3.508366e-01;2.794907e-02;1.284867e-02;4.120042e-02;2.001270e-02;3.143238e-02;6.766284e-02;1.728765e-02;3.882389e-02;1.234134e-02
6.383286e-02;2.953537e-01;2.733591e-01;3.322588e-02;2.982799e-02;2.589867e-02;2.532706e-02;8.681776e-02;5.183566e-02;3.363731e-02;6.954797e-02;1.133609e-02
9.301826e-02;1.959250e-01;1.448679e-01;4.639404e-02;5.016933e-02;2.646752e-02;7.635869e-02;1.922265e-01;2.949241e-02;5.180580e-02;7.223807e-02;2.103653e-02
8.551999e-02;8.020099e-02;4.135957e-02;8.063676e-02;4.603189e-02;5.289886e-02;2.159826e-01;2.419960e-01;2.529662e-02;4.578299e-02;4.940974e-02;3.488404e-02
3.927723e-02;2.430294e-02;7.325143e-02;1.152669e-01;2.226077e-02;7.622070e-02;3.466346e-01;1.548787e-01;2.164007e-02;4.886871e-02;2.507800e-02;5.231996e-02
1.958837e-02;5.901516e-02;1.355556e-01;9.628967e-02;1.142736e-02;8.991738e-02;3.956054e-01;6.823877e-02;1.731730e-02;3.082375e-02;1.485744e-02;6.136378e-02
1.455818e-02;7.232303e-02;1.640386e-01;5.556278e-02;1.239839e-02;1.242909e-01;3.806869e-01;2.700496e-02;1.858340e-02;3.120097e-02;4.173092e-02;5.762110e-02
1.212761e-02;6.376294e-02;1.404619e-01;3.271680e-02;9.361185e-03;1.642462e-01;3.834427e-01;2.141804e-02;1.991296e-02;2.839522e-02;5.228622e-02;7.186824e-02
2.327143e-02;9.363637e-02;1.274800e-01;2.934822e-02;1.136819e-02;1.442649e-01;3.378173e-01;1.834990e-02;1.795780e-02;2.081428e-02;8.127648e-02;9.441516e-02
2.053580e-02;7.561792e-02;1.178604e-01;1.988718e-02;1.050872e-02;1.086409e-01;2.834587e-01;3.098843e-02;2.326056e-02;3.256176e-02;1.657857e-01;1.108939e-01
2.088885e-02;5.484446e-02;1.256490e-01;1.526803e-02;1.085483e-02;1.571572e-01;1.671974e-01;4.744542e-02;2.415783e-02;3.432138e-02;2.358543e-01;1.063613e-01
2.014574e-02;1.080103e-01;1.536276e-01;1.751307e-02;1.217920e-02;2.136175e-01;9.173077e-02;3.773667e-02;1.571075e-02;3.171227e-02;2.213915e-01;7.662456e-02
1.013419e-02;9.628793e-02;1.758992e-01;1.223213e-02;1.394311e-02;2.528103e-01;6.579705e-02;3.540776e-02;2.826886e-02;4.169463e-02;1.954609e-01;7.206394e-02
2.050747e-02;1.012755e-01;1.716463e-01;2.134594e-02;2.672388e-02;2.723379e-01;7.086905e-02;3.314108e-02;3.152246e-02;3.180943e-02;1.594537e-01;5.936734e-02
1.702299e-02;1.182856e-01;1.753355e-01;2.612860e-02;2.549086e-02;2.109954e-01;1.531582e-01;3.214378e-02;3.798088e-02;3.178167e-02;1.175953e-01;5.408119e-02
3.018477e-02;1.459550e-01;1.880900e-01;1.756925e-02;8.418322e-03;1.097278e-01;2.332889e-01;4.923379e-02;3.090235e-02;2.646270e-02;8.503294e-02;7.513412e-02
4.869553e-02;1.247919e-01;1.941292e-01;2.761024e-02;1.659714e-02;8.204112e-02;2.317504e-01;9.142740e-02;2.365523e-02;1.006970e-02;6.246017e-02;8.677201e-02
6.035360e-02;1.038130e-01;2.281342e-01;3.558616e-02;1.231322e-02;1.401379e-01;1.323180e-01;1.235378e-01;1.858111e-02;1.377681e-02;5.702013e-02;7.442810e-02
5.555768e-02;1.792319e-01;2.257346e-01;2.351147e-02;1.108402e-02;1.408858e-01;1.142339e-01;8.188812e-02;2.098608e-02;1.861688e-02;6.439987e-02;6.386958e-02
4.341056e-02;1.391036e-01;2.687618e-01;2.560445e-02;9.996371e-03;1.955902e-01;7.196341e-02;4.009393e-02;3.803140e-02;3.156657e-02;8.737016e-02;4.850743e-02
3.828801e-02;1.695844e-01;2.867827e-01;2.106632e-02;2.246039e-02;1.806982e-01;6.501091e-02;4.890928e-02;3.644836e-02;4.358837e-02;6.577347e-02;2.138956e-02
3.818328e-02;2.278772e-01;3.046994e-01;2.049200e-02;2.020364e-02;1.410634e-01;3.669531e-02;6.202080e-02;2.124462e-02;3.546155e-02;3.651603e-02;5.554280e-02
3.299991e-02;8.707724e-02;2.817814e-01;3.547903e-02;2.630204e-02;1.319225e-01;1.613663e-01;4.749388e-02;2.550233e-02;4.951322e-02;4.803016e-02;7.253201e-02
3.512308e-02;1.943567e-01;2.278900e-01;1.728527e-02;2.070099e-02;1.532775e-01;1.492733e-01;3.772115e-02;1.801811e-02;3.614139e-02;5.755328e-02;5.265923e-02
2.819784e-02;1.800806e-01;2.257151e-01;1.356123e-02;1.151079e-02;2.210550e-01;1.484013e-01;2.687228e-02;1.425968e-02;1.739689e-02;6.209517e-02;5.085418e-02
1.582472e-02;1.043713e-01;1.925718e-01;2.566796e-02;2.100636e-02;2.623568e-01;2.097792e-01;3.188634e-02;1.356773e-02;1.647878e-02;6.416218e-02;4.232675e-02
2.900524e-02;1.488157e-01;2.218349e-01;2.784321e-02;1.827316e-02;2.128392e-01;1.908626e-01;3.515451e-02;2.269898e-02;1.246252e-02;4.198085e-02;3.822909e-02
3.647918e-02;1.694409e-01;2.636117e-01;3.781079e-02;1.211495e-02;2.092832e-01;9.917513e-02;3.593737e-02;2.248071e-02;3.622208e-02;3.974498e-02;3.769897e-02
2.494681e-02;1.050945e-01;2.414663e-01;4.647332e-02;2.383891e-02;2.063763e-01;1.168596e-01;5.857010e-02;1.706747e-02;6.596030e-02;6.798546e-02;2.536098e-02
2.883370e-02;1.679176e-01;2.485463e-01;3.079765e-02;2.325296e-02;1.566655e-01;1.241772e-01;5.471353e-02;1.564109e-02;5.467044e-02;7.534367e-02;1.944042e-02
3.229800e-02;1.855046e-01;2.863803e-01;2.921731e-02;2.180730e-02;1.643571e-01;1.009231e-01;5.286376e-02;1.791834e-02;3.632982e-02;4.926867e-02;2.313182e-02
3.839431e-02;9.194402e-02;2.825649e-01;4.555051e-02;2.630021e-02;2.073397e-01;1.391932e-01;5.334485e-02;2.380965e-02;3.144278e-02;1.609747e-02;4.401839e-02
4.569434e-02;1.992117e-01;2.746680e-01;3.408166e-02;3.414415e-02;1.517044e-01;5.095957e-02;3.718510e-02;3.139785e-02;3.527248e-02;5.268674e-02;5.299398e-02
3.973314e-02;1.794871e-01;2.535840e-01;5.024438e-02;3.181978e-02;1.222857e-01;1.050012e-01;3.946613e-02;2.436459e-02;3.969900e-02;7.212695e-02;4.218803e-02
3.760974e-02;1.410156e-01;2.295134e-01;6.373283e-02;3.007262e-02;1.272260e-01;1.476410e-01;2.907319e-02;2.270456e-02;2.918056e-02;9.874366e-02;4.348676e-02
4.281477e-02;2.247226e-01;2.463280e-01;4.289302e-02;2.356621e-02;9.398175e-02;1.033903e-01;4.066567e-02;2.246986e-02;1.890619e-02;8.752844e-02;5.273324e-02
5.132726e-02;1.607498e-01;2.648365e-01;4.664999e-02;2.091431e-02;1.282145e-01;1.080846e-01;3.929048e-02;2.214848e-02;3.120617e-02;5.900540e-02;6.757250e-02
3.874919e-02;1.528139e-01;2.464521e-01;4.646287e-02;1.779137e-02;1.215628e-01;1.351870e-01;5.058103e-02;2.300313e-02;4.418126e-02;8.101044e-02;4.220492e-02
3.633647e-02;2.192505e-01;2.613699e-01;3.592767e-02;1.036615e-02;1.148725e-01;9.376517e-02;3.857859e-02;1.693873e-02;4.422033e-02;9.360911e-02;3.476489e-02
3.099148e-02;1.863169e-01;2.839643e-01;2.645846e-02;1.229354e-02;1.538423e-01;6.564324e-02;3.622101e-02;2.422129e-02;5.024407e-02;8.537318e-02;4.443026e-02
3.064361e-02;2.189808e-01;3.278303e-01;2.705391e-02;1.363142e-02;1.458863e-01;1.150461e-02;3.595354e-02;2.334875e-02;5.671585e-02;7.372406e-02;3.472685e-02
3.268638e-02;2.640965e-01;3.322241e-01;2.307902e-02;9.127737e-03;1.047701e-01;7.788325e-02;3.532121e-02;1.376569e-02;3.704853e-02;4.350501e-02;2.649246e-02
2.026204e-02;2.377643e-01;3.697719e-01;2.850563e-02;7.028463e-03;9.326842e-02;1.023776e-01;3.454999e-02;1.181723e-02;2.738282e-02;3.426459e-02;3.300699e-02
1.733578e-02;2.196477e-01;4.041392e-01;3.336187e-02;5.676077e-03;8.206550e-02;9.870385e-02;2.960899e-02;7.102040e-03;2.246496e-02;4.101812e-02;3.887593e-02
2.881660e-02;2.329904e-01;3.752967e-01;2.177066e-02;6.761232e-03;9.264668e-02;1.090448e-01;2.972300e-02;1.076792e-02;2.601135e-02;3.153325e-02;3.463731e-02
2.641004e-02;2.270700e-01;3.662514e-01;2.968054e-02;1.206647e-02;9.196846e-02;8.748373e-02;3.354162e-02;1.984704e-02;3.726144e-02;3.076244e-02;3.765674e-02
2.263829e-02;2.183652e-01;3.332970e-01;3.202884e-02;2.210467e-02;1.201479e-01;4.101170e-02;5.893598e-02;3.551529e-02;4.408174e-02;4.432220e-02;2.755119e-02
3.163256e-02;2.115536e-01;2.495588e-01;3.414809e-02;2.890928e-02;1.424067e-01;2.951657e-02;1.058579e-01;6.053016e-02;4.005402e-02;3.824721e-02;2.758499e-02
3.940748e-02;1.937549e-01;2.078600e-01;3.503891e-02;2.555855e-02;1.569197e-01;5.358495e-02;9.533720e-02;8.175831e-02;3.972887e-02;3.749989e-02;3.355115e-02
4.092925e-02;1.151815e-01;2.047755e-01;4.167193e-02;4.450217e-02;1.352346e-01;7.407247e-02;1.016352e-01;1.163591e-01;4.423691e-02;4.262485e-02;3.877651e-02
3.907659e-02;1.745183e-01;2.540995e-01;3.721711e-02;3.164624e-02;1.118516e-01;7.400616e-02;1.009475e-01;8.421496e-02;3.179612e-02;3.224149e-02;2.838443e-02
3.875849e-02;2.218997e-01;3.125032e-01;2.496254e-02;9.016231e-03;9.342790e-02;1.087110e-01;7.865872e-02;4.098456e-02;2.008746e-02;2.720544e-02;2.378473e-02
2.337398e-02;1.784693e-01;3.588226e-01;3.851964e-02;1.325060e-02;8.292564e-02;1.295077e-01;6.984141e-02;2.692232e-02;1.922090e-02;3.599599e-02;2.314978e-02
2.692991e-02;2.113427e-01;3.624847e-01;2.858206e-02;8.775095e-03;7.826690e-02;8.435549e-02;6.714293e-02;3.208793e-02;2.428980e-02;5.006211e-02;2.568041e-02
3.078640e-02;2.325685e-01;3.206793e-01;2.231149e-02;1.718943e-02;7.251792e-02;8.527427e-02;8.694498e-02;4.150841e-02;3.330431e-02;3.599929e-02;2.091573e-02
3.673919e-02;1.188055e-01;2.306684e-01;5.005299e-02;5.277400e-02;8.761636e-02;9.531289e-02;1.130487e-01;7.151719e-02;5.777447e-02;4.223534e-02;4.345496e-02
5.517196e-02;1.014131e-01;2.044660e-01;6.288288e-02;5.608134e-02;1.164741e-01;6.770920e-02;9.357558e-02;8.095857e-02;7.196207e-02;4.236259e-02;4.694273e-02
5.596109e-02;1.547195e-01;1.998477e-01;5.000291e-02;2.496056e-02;9.630964e-02;7.483265e-02;1.037792e-01;6.891473e-02;5.816058e-02;6.262160e-02;4.988981e-02
4.617717e-02;1.767113e-01;1.589941e-01;4.205710e-02;3.251099e-02;8.209652e-02;9.599584e-02;9.502490e-02;6.941415e-02;4.198733e-02;8.516948e-02;7.386118e-02
4.308132e-02;1.487229e-01;1.009136e-01;3.046597e-02;5.607334e-02;1.037141e-01;9.633271e-02;1.075590e-01;1.006446e-01;4.110790e-02;9.586142e-02;7.552319e-02
2.948884e-02;1.245383e-01;9.893105e-02;4.439556e-02;8.052509e-02;8.866525e-02;7.357792e-02;1.350975e-01;1.024166e-01;8.155358e-02;7.536913e-02;6.544118e-02
1.943196e-02;9.627865e-02;1.024837e-01;4.630237e-02;9.575409e-02;1.177784e-01;4.162727e-02;1.491021e-01;8.881522e-02;1.149036e-01;7.378832e-02;5.373423e-02
2.023784e-02;6.009974e-02;6.365100e-02;4.961173e-02;1.227869e-01;1.428191e-01;3.076546e-02;1.484612e-01;1.332188e-01;1.023429e-01;9.562183e-02;3.038349e-02
2.386789e-02;7.876395e-02;6.998695e-02;5.166875e-02;1.206509e-01;1.150342e-01;4.070430e-02;1.708625e-01;1.531150e-01;8.546608e-02;6.888829e-02;2.099130e-02
2.691846e-02;1.080927e-01;1.070571e-01;5.702402e-02;9.485571e-02;1.014410e-01;3.839446e-02;1.916286e-01;1.561010e-01;6.021295e-02;3.267708e-02;2.559683e-02
3.385519e-02;1.532748e-01;1.641695e-01;6.103540e-02;3.999693e-02;1.067104e-01;3.146370e-02;1.888241e-01;1.313584e-01;3.416369e-02;2.510813e-02;3.003991e-02
4.601979e-02;2.222019e-01;2.499179e-01;4.307987e-02;5.537147e-02;6.842355e-02;3.995860e-02;9.178829e-02;8.031204e-02;2.968268e-02;3.421681e-02;3.902714e-02
3.632792e-02;2.155858e-01;2.729561e-01;2.616709e-02;4.425656e-02;7.834167e-02;3.585647e-02;6.178311e-02;9.050494e-02;4.373548e-02;5.564320e-02;3.884163e-02
3.309056e-02;1.888190e-01;2.901511e-01;1.676437e-02;3.874867e-02;9.228327e-02;1.592434e-02;8.091657e-02;9.493698e-02;5.342542e-02;6.662144e-02;2.831821e-02
2.693298e-02;1.617060e-01;2.849065e-01;2.390165e-02;4.277990e-02;7.536506e-02;4.422248e-02;1.247276e-01;9.438836e-02;4.209611e-02;5.365527e-02;2.531808e-02
2.749882e-02;1.687597e-01;2.810078e-01;2.153338e-02;4.408314e-02;7.487140e-02;5.300029e-02;1.363443e-01;8.987373e-02;2.751647e-02;5.525271e-02;2.025828e-02
2.749885e-02;1.608105e-01;2.659135e-01;4.986767e-02;5.101335e-02;8.147747e-02;4.873038e-02;8.284790e-02;1.046166e-01;4.644321e-02;5.073402e-02;3.004653e-02
4.908912e-02;1.490681e-01;2.152484e-01;6.908925e-02;3.207380e-02;9.911884e-02;7.148565e-02;6.105207e-02;1.165564e-01;5.556095e-02;5.261380e-02;2.904363e-02
6.028657e-02;1.412731e-01;1.497999e-01;5.620828e-02;6.654754e-02;1.144610e-01;5.930147e-02;7.871511e-02;1.223012e-01;6.319042e-02;6.171111e-02;2.620427e-02
5.419914e-02;1.190994e-01;1.411330e-01;5.631015e-02;9.144122e-02;9.027841e-02;3.488631e-02;1.125470e-01;1.517132e-01;6.235662e-02;5.069932e-02;3.533622e-02
5.017035e-02;7.744452e-02;1.549809e-01;7.605741e-02;8.118808e-02;6.257284e-02;2.816059e-02;1.605318e-01;2.108042e-01;4.516970e-02;3.380113e-02;1.911850e-02
4.816971e-02;5.242448e-02;1.387207e-01;1.034339e-01;5.241677e-02;5.484412e-02;3.624959e-02;1.935845e-01;2.396787e-01;4.372796e-02;2.810390e-02;8.645794e-03
4.086721e-02;8.034810e-02;8.331999e-02;1.103631e-01;6.049826e-02;6.031639e-02;4.516917e-02;2.048731e-01;2.251993e-01;5.374816e-02;2.143474e-02;1.386251e-02
5.407726e-02;1.193011e-01;1.123996e-01;9.704298e-02;6.254788e-02;7.610717e-02;6.039916e-02;1.593538e-01;1.354932e-01;4.705556e-02;4.105845e-02;3.516367e-02
6.442469e-02;1.193128e-01;1.268905e-01;6.531893e-02;5.089137e-02;1.587072e-01;8.907814e-02;9.266653e-02;4.129281e-02;4.842595e-02;7.762802e-02;6.536299e-02
5.200261e-02;1.090847e-01;1.436568e-01;6.146841e-02;5.386868e-02;1.805073e-01;9.730233e-02;9.093586e-02;3.363720e-02;5.120138e-02;6.743634e-02;5.889839e-02
3.766247e-02;1.174275e-01;1.482270e-01;5.162103e-02;6.275219e-02;1.966317e-01;1.026042e-01;1.002101e-01;3.406987e-02;5.898157e-02;4.195439e-02;4.785796e-02
2.208697e-02;1.258121e-01;1.716090e-01;4.240219e-02;6.553824e-02;1.701907e-01;9.253432e-02;1.395118e-01;7.682655e-02;4.773792e-02;1.839261e-02;2.735747e-02
1.902445e-02;1.299888e-01;1.543331e-01;3.625876e-02;4.623478e-02;1.580271e-01;6.428897e-02;1.937769e-01;1.135545e-01;1.748316e-02;3.934586e-02;2.768370e-02
1.888731e-02;1.386171e-01;1.406973e-01;4.427188e-02;4.889288e-02;1.388389e-01;4.973286e-02;2.209322e-01;9.842253e-02;3.327014e-02;2.785105e-02;3.958583e-02
3.014588e-02;1.642424e-01;2.098942e-01;5.316721e-02;3.880529e-02;1.090327e-01;3.671720e-02;1.530220e-01;1.197994e-01;4.259039e-02;1.846728e-02;2.411609e-02
2.948852e-02;1.668123e-01;2.070910e-01;4.497107e-02;3.968173e-02;1.321163e-01;3.460991e-02;1.387215e-01;1.164415e-01;4.516409e-02;2.278634e-02;2.211578e-02
2.079432e-02;1.651657e-01;2.025110e-01;6.416517e-02;6.216448e-02;9.013766e-02;4.247031e-02;1.371562e-01;1.084148e-01;5.190118e-02;2.760030e-02;2.751886e-02
3.555076e-02;1.349261e-01;1.310065e-01;1.011531e-01;9.164918e-02;1.018324e-01;6.383169e-02;1.116114e-01;1.009726e-01;8.270557e-02;2.396643e-02;2.079428e-02
2.932099e-02;8.844348e-02;1.048647e-01;1.020630e-01;8.447340e-02;1.264346e-01;7.286392e-02;1.378585e-01;1.378738e-01;7.678270e-02;1.589557e-02;2.312539e-02
3.610343e-02;1.257387e-01;1.421766e-01;9.311908e-02;9.765054e-02;6.797800e-02;5.596637e-02;1.226325e-01;1.600575e-01;4.731352e-02;1.870865e-02;3.255522e-02
4.851172e-02;1.209604e-01;1.669371e-01;8.555280e-02;1.024606e-01;1.071740e-01;1.859427e-02;1.113753e-01;1.192960e-01;6.060619e-02;2.411902e-02;3.441251e-02
4.875341e-02;6.941705e-02;1.588471e-01;8.401129e-02;8.337490e-02;7.930026e-02;1.998432e-02;1.607737e-01;1.622172e-01;6.879100e-02;3.494775e-02;2.958193e-02
4.664017e-02;9.823032e-02;1.355596e-01;5.341107e-02;4.740762e-02;9.320747e-02;3.665140e-02;1.759378e-01;1.847968e-01;5.675421e-02;4.267518e-02;2.872839e-02
6.517910e-02;1.176215e-01;1.378313e-01;4.887182e-02;3.347779e-02;9.777717e-02;5.330658e-02;1.288195e-01;1.558790e-01;7.087154e-02;6.332069e-02;2.704409e-02
6.815944e-02;1.111339e-01;1.399698e-01;5.099171e-02;3.303167e-02;9.242852e-02;6.306562e-02;8.194786e-02;1.400279e-01;9.798598e-02;7.292923e-02;4.832836e-02
5.112172e-02;1.512897e-01;1.744718e-01;4.380104e-02;4.851920e-02;1.265593e-01;4.944312e-02;1.180816e-01;9.818052e-02;5.556521e-02;3.670138e-02;4.626545e-02
3.199892e-02;1.278420e-01;1.509278e-01;2.037681e-02;7.226079e-02;1.800355e-01;6.702104e-02;1.212323e-01;9.967408e-02;3.824699e-02;5.196574e-02;3.841812e-02
2.282669e-02;9.735896e-02;1.030110e-01;5.485966e-02;1.384642e-01;1.764955e-01;6.962342e-02;9.394822e-02;1.097187e-01;5.328351e-02;4.919958e-02;3.121055e-02
3.092231e-02;7.798851e-02;5.709652e-02;1.243272e-01;2.253944e-01;1.387441e-01;5.316492e-02;7.289261e-02;1.031580e-01;6.801938e-02;2.698413e-02;2.130774e-02
5.470517e-02;6.041727e-02;4.858169e-02;1.709654e-01;2.589902e-01;1.272687e-01;3.759588e-02;3.219061e-02;1.007091e-01;7.533205e-02;1.823952e-02;1.500448e-02
9.227780e-02;3.877104e-02;4.947131e-02;1.678793e-01;2.189615e-01;9.108754e-02;3.352150e-02;6.431535e-02;1.488832e-01;7.249129e-02;1.066096e-02;1.167913e-02
1.041680e-01;4.024603e-02;5.815162e-02;1.660258e-01;1.618504e-01;5.788500e-02;3.415700e-02;9.108176e-02;2.112286e-01;5.769944e-02;9.002393e-03;8.503943e-03
7.625572e-02;2.888414e-02;5.734362e-02;1.765373e-01;1.168537e-01;4.373051e-02;3.425784e-02;1.392340e-01;2.666148e-01;4.462145e-02;7.476763e-03;8.190216e-03
4.339999e-02;3.080331e-02;7.017520e-02;1.717853e-01;8.200783e-02;4.680528e-02;1.463285e-02;1.996727e-01;2.975654e-01;3.078587e-02;5.883107e-03;6.483150e-03
3.245346e-02;1.867800e-02;8.762480e-02;1.501632e-01;2.963370e-02;4.060852e-02;1.933555e-02;2.957565e-01;2.726024e-01;2.347410e-02;1.249109e-02;1.717866e-02
2.747090e-02;3.192259e-02;1.340155e-01;1.043097e-01;2.480407e-02;2.444676e-02;1.194334e-02;3.887190e-01;1.870287e-01;1.084053e-02;2.068046e-02;3.381847e-02
1.664477e-02;3.244589e-02;1.599883e-01;5.932871e-02;2.330485e-02;4.413123e-02;1.867726e-02;4.376355e-01;1.434527e-01;1.522811e-02;1.278212e-02;3.638051e-02
1.299885e-02;4.231719e-02;1.616881e-01;3.510634e-02;3.363931e-02;6.491106e-02;4.591866e-02;4.253967e-01;1.180219e-01;1.606692e-02;1.458098e-02;2.935409e-02
1.069523e-02;5.843751e-02;1.611954e-01;1.857676e-02;5.562778e-02;8.709677e-02;5.923545e-02;3.909103e-01;9.949841e-02;1.564010e-02;1.652579e-02;2.656052e-02
