9.783109e-02;7.750766e-02;1.173799e-01;8.811830e-02;6.159180e-02;8.970874e-02;1.762481e-01;8.297384e-02;7.128032e-02;5.622012e-02;5.193257e-02;2.920751e-02
9.862179e-02;8.477352e-02;1.219064e-01;8.698263e-02;6.034514e-02;1.289788e-01;1.536914e-01;7.880322e-02;8.010802e-02;4.691733e-02;3.317375e-02;2.569791e-02
8.848832e-02;6.529877e-02;9.589089e-02;8.784049e-02;1.493772e-01;1.265559e-01;1.124715e-01;6.284434e-02;8.943380e-02;5.175684e-02;4.031426e-02;2.972756e-02
6.567336e-02;8.121768e-02;1.373735e-01;9.430242e-02;2.102938e-01;9.926902e-02;6.657001e-02;4.491942e-02;6.658573e-02;6.085374e-02;4.633214e-02;2.660924e-02
6.268991e-02;7.668658e-02;2.178979e-01;1.172834e-01;1.571390e-01;6.415071e-02;5.351522e-02;5.463103e-02;4.607811e-02;6.173670e-02;4.045864e-02;4.773284e-02
8.844330e-02;6.311094e-02;2.401861e-01;9.222108e-02;6.819361e-02;7.601003e-02;7.811166e-02;6.309295e-02;4.411348e-02;6.532090e-02;3.932261e-02;8.187331e-02
1.485205e-01;6.245014e-02;1.531537e-01;8.786809e-02;1.080655e-01;7.579388e-02;8.194479e-02;4.611164e-02;5.153241e-02;6.357708e-02;3.174201e-02;8.924012e-02
1.997190e-01;5.869503e-02;7.615270e-02;1.056528e-01;1.144446e-01;4.571760e-02;1.014971e-01;4.951913e-02;6.548699e-02;6.905854e-02;3.740509e-02;7.665150e-02
2.515384e-01;6.632761e-02;8.907748e-02;7.198363e-02;9.687871e-02;3.744300e-02;9.648761e-02;5.219180e-02;7.347604e-02;5.756229e-02;3.322240e-02;7.381104e-02
2.875068e-01;5.944969e-02;9.790926e-02;4.272997e-02;8.172778e-02;3.419247e-02;7.704759e-02;5.290161e-02;7.628586e-02;3.868920e-02;2.610615e-02;1.254536e-01
2.391455e-01;1.046541e-01;7.874604e-02;2.638582e-02;5.771183e-02;2.586176e-02;6.325807e-02;5.406141e-02;8.926612e-02;4.186493e-02;6.653795e-02;1.525065e-01
1.625273e-01;1.150052e-01;9.228073e-02;3.327593e-02;3.608571e-02;3.723266e-02;1.070714e-01;4.996990e-02;8.438534e-02;8.158372e-02;6.645830e-02;1.341238e-01
9.734503e-02;5.832846e-02;1.298874e-01;2.003853e-02;4.869750e-02;5.528695e-02;3.125497e-01;6.507734e-02;5.407627e-02;6.283884e-02;5.889155e-02;3.698252e-02
8.192560e-02;6.372638e-02;8.073666e-02;1.851558e-02;5.291783e-02;7.616130e-02;4.162972e-01;6.569286e-02;3.702507e-02;4.304757e-02;3.925523e-02;2.469872e-02
6.720849e-02;6.064317e-02;6.296075e-02;1.523774e-02;4.908079e-02;8.958057e-02;4.995373e-01;4.189162e-02;2.267906e-02;3.651740e-02;3.243458e-02;2.222851e-02
3.752797e-02;6.013351e-02;2.746727e-02;8.263553e-03;3.570483e-02;8.414552e-02;6.433086e-01;2.478628e-02;1.396813e-02;2.540296e-02;2.581032e-02;1.348102e-02
8.457630e-03;4.537372e-02;1.353746e-02;2.276308e-03;1.907073e-02;5.030044e-02;7.267411e-01;8.366281e-02;1.869432e-02;9.512563e-03;1.553082e-02;6.842047e-03
6.252012e-03;2.710569e-02;8.585664e-03;2.486527e-03;1.148825e-02;3.011768e-02;7.427573e-01;1.396504e-01;1.692803e-02;3.295409e-03;6.480164e-03;4.852868e-03
5.811264e-03;1.524718e-02;1.027190e-02;3.524444e-03;1.250145e-02;2.932326e-02;7.132580e-01;1.807678e-01;1.494216e-02;5.611599e-03;4.486881e-03;4.254068e-03
9.920066e-03;9.272382e-03;2.134164e-02;3.570900e-03;2.711045e-02;4.203625e-02;6.523890e-01;1.936289e-01;2.084308e-02;9.373093e-03;7.014208e-03;3.500058e-03
1.718877e-02;1.170402e-02;5.196761e-02;1.160871e-02;5.939697e-02;6.769696e-02;5.511397e-01;1.840411e-01;1.990525e-02;1.617752e-02;5.307558e-03;3.865833e-03
1.919626e-02;1.900107e-02;1.600486e-01;3.716856e-02;9.174577e-02;9.245441e-02;3.572648e-01;1.416153e-01;4.199034e-02;2.664567e-02;1.061242e-02;2.256814e-03
1.380491e-02;1.595239e-02;3.659211e-01;7.549196e-02;8.364000e-02;5.864310e-02;1.813714e-01;8.109953e-02;6.243180e-02;2.559774e-02;2.129946e-02;1.474665e-02
1.339482e-02;3.663161e-02;5.350674e-01;6.816252e-02;5.053510e-02;2.465424e-02;1.317645e-01;4.738458e-02;2.895087e-02;3.617641e-02;8.024747e-03;1.925319e-02
2.492072e-02;7.864919e-02;5.950629e-01;4.081725e-02;2.011629e-02;1.230934e-02;9.956621e-02;3.778234e-02;2.983929e-02;4.379163e-02;4.638408e-03;1.250649e-02
6.038788e-02;1.253659e-01;5.275738e-01;2.585888e-02;1.368059e-02;1.651434e-02;9.725139e-02;3.010560e-02;6.223071e-02;2.908919e-02;4.167883e-03;7.773773e-03
1.368067e-01;1.557232e-01;4.068435e-01;2.306824e-02;1.673076e-02;2.125709e-02;9.851541e-02;3.394674e-02;6.866015e-02;1.623250e-02;8.199130e-03;1.401658e-02
1.987578e-01;1.236570e-01;1.731593e-01;2.889244e-02;4.621449e-02;4.229149e-02;9.546578e-02;8.973952e-02;7.719964e-02;5.013086e-02;3.317031e-02;4.132152e-02
1.383081e-01;8.145334e-02;5.536526e-02;3.965764e-02;8.579791e-02;7.964136e-02;1.833064e-01;8.601228e-02;9.359895e-02;7.655478e-02;3.464077e-02;4.566317e-02
8.771922e-02;8.603417e-02;3.655078e-02;3.365434e-02;7.577532e-02;7.223985e-02;3.143727e-01;1.064236e-01;6.425350e-02;5.241293e-02;3.816158e-02;3.240201e-02
5.174193e-02;8.170745e-02;6.140246e-02;1.936856e-02;5.978417e-02;4.793799e-02;3.821358e-01;1.854180e-01;4.176688e-02;2.729443e-02;2.596475e-02;1.547757e-02
2.534163e-02;8.231250e-02;6.788650e-02;1.045917e-02;3.957895e-02;2.209364e-02;3.939149e-01;2.671152e-01;4.536819e-02;1.535775e-02;2.247051e-02;8.100999e-03
2.792650e-02;6.217828e-02;4.999795e-02;1.318022e-02;1.791529e-02;3.042430e-02;3.519487e-01;2.583582e-01;1.011741e-01;3.011153e-02;4.633281e-02;1.045206e-02
1.211170e-01;8.763433e-02;3.114538e-02;1.726872e-02;2.158229e-02;4.651556e-02;2.443219e-01;1.735664e-01;1.152092e-01;6.419305e-02;5.774921e-02;1.969692e-02
2.563630e-01;1.340731e-01;3.240938e-02;1.527740e-02;7.440699e-02;4.641366e-02;1.075554e-01;7.494174e-02;8.140889e-02;9.730121e-02;3.027570e-02;4.957362e-02
2.186681e-01;1.200638e-01;4.043697e-02;1.506442e-02;1.846548e-01;4.301470e-02;5.625926e-02;3.884886e-02;7.270357e-02;7.371367e-02;1.424516e-02;1.223267e-01
8.366705e-02;7.823952e-02;2.828671e-02;7.287467e-02;2.618871e-01;2.929108e-02;4.237381e-02;8.128411e-02;6.199744e-02;6.970110e-02;7.852410e-02;1.118733e-01
5.890397e-02;4.774023e-02;4.357789e-02;1.426421e-01;1.962725e-01;2.531911e-02;7.601683e-02;1.026524e-01;5.929989e-02;7.290526e-02;1.342961e-01;4.037374e-02
1.011823e-01;2.561283e-02;1.002641e-01;1.102828e-01;1.064478e-01;2.229412e-02;1.758258e-01;5.865477e-02;6.318656e-02;1.322494e-01;9.558831e-02;8.411220e-03
1.157247e-01;1.164888e-02;1.429407e-01;4.184074e-02;6.398977e-02;1.995714e-02;2.776917e-01;2.158633e-02;6.262358e-02;2.036535e-01;2.629715e-02;1.204572e-02
1.381085e-01;1.811273e-02;1.218139e-01;5.858145e-02;3.113450e-02;2.038365e-02;2.599746e-01;4.842924e-02;8.909427e-02;1.482901e-01;4.969744e-02;1.637962e-02
9.270807e-02;5.847785e-02;5.453105e-02;1.176446e-01;5.744161e-02;4.863283e-02;1.294784e-01;1.457562e-01;8.673158e-02;5.924362e-02;1.168402e-01;3.251404e-02
2.959979e-02;7.669073e-02;2.989423e-02;1.153880e-01;1.330421e-01;6.228477e-02;7.307146e-02;1.509800e-01;7.370508e-02;5.985340e-02;1.158443e-01;7.964610e-02
1.286410e-02;5.920554e-02;3.557162e-02;7.058900e-02;2.015845e-01;6.322007e-02;6.411586e-02;8.543606e-02;1.150916e-01;6.261054e-02;8.480098e-02;1.449101e-01
1.744110e-02;3.564587e-02;5.669002e-02;1.054785e-01;2.172462e-01;6.066818e-02;6.012339e-02;5.970654e-02;1.168139e-01;4.726047e-02;8.558538e-02;1.373404e-01
1.891576e-02;6.084445e-02;7.664953e-02;1.902127e-01;1.645762e-01;3.985015e-02;4.017437e-02;8.463818e-02;8.417633e-02;3.864545e-02;1.011190e-01;1.001979e-01
3.464692e-02;7.944948e-02;1.324692e-01;1.780647e-01;9.669647e-02;4.067495e-02;4.603170e-02;5.533130e-02;6.912623e-02;5.200878e-02;9.826480e-02;1.172355e-01
4.604254e-02;6.735276e-02;1.835959e-01;1.121766e-01;9.707592e-02;4.865094e-02;6.330153e-02;5.190763e-02;7.610780e-02;6.782560e-02;8.878026e-02;9.718248e-02
6.086141e-02;8.509579e-02;1.994573e-01;4.973402e-02;9.025715e-02;5.773651e-02;7.761375e-02;6.836518e-02;9.277457e-02;7.038429e-02;7.134811e-02;7.637194e-02
1.037921e-01;6.803232e-02;1.293593e-01;1.105172e-01;4.762487e-02;4.387288e-02;5.223864e-02;1.273809e-01;7.561888e-02;7.360321e-02;9.229624e-02;7.566344e-02
9.388844e-02;4.893076e-02;1.283346e-01;1.400610e-01;5.656982e-02;2.628663e-02;4.727003e-02;1.239229e-01;7.201194e-02;5.557422e-02;7.544170e-02;1.317080e-01
4.841769e-02;6.521495e-02;1.376749e-01;1.126633e-01;7.014139e-02;3.275399e-02;8.868476e-02;6.633186e-02;5.464611e-02;6.329522e-02;9.369917e-02;1.664767e-01
5.937172e-02;4.582997e-02;1.175536e-01;8.302584e-02;7.918995e-02;8.260445e-02;1.230089e-01;9.730182e-02;8.390300e-02;9.691441e-02;6.828278e-02;6.301361e-02
5.543157e-02;6.242590e-02;7.926596e-02;1.230275e-01;8.465209e-02;9.382274e-02;1.195779e-01;9.546532e-02;1.194480e-01;1.009129e-01;4.953460e-02;1.643549e-02
6.592960e-02;6.387863e-02;8.293241e-02;9.277553e-02;8.021419e-02;9.924302e-02;1.859640e-01;9.930316e-02;1.097573e-01;7.873055e-02;3.148832e-02;9.783291e-03
8.164697e-02;3.892389e-02;1.085574e-01;5.447428e-02;7.452837e-02;1.257666e-01;2.649588e-01;1.191899e-01;5.921683e-02;4.745847e-02;1.315856e-02;1.211982e-02
7.810055e-02;1.964572e-02;7.790518e-02;8.061384e-02;6.711810e-02;1.502619e-01;3.515542e-01;1.196651e-01;1.795498e-02;2.407629e-02;5.439514e-03;7.664541e-03
6.237335e-02;2.209027e-02;2.902774e-02;1.186548e-01;5.735616e-02;1.517119e-01;4.417151e-01;7.922166e-02;9.104835e-03;2.127960e-02;4.091385e-03;3.373199e-03
7.694452e-02;2.009529e-02;8.572174e-03;1.231010e-01;5.745078e-02;1.644759e-01;4.660302e-01;3.987835e-02;6.949607e-03;2.980652e-02;2.965072e-03;3.730569e-03
1.138565e-01;1.763620e-02;1.810656e-02;7.859405e-02;7.600684e-02;2.032051e-01;3.665845e-01;6.235873e-02;1.154359e-02;3.994017e-02;3.555633e-03;8.612171e-03
1.040014e-01;1.671018e-02;6.797782e-02;4.256357e-02;1.243470e-01;1.956517e-01;2.748473e-01;6.552904e-02;2.636423e-02;3.679278e-02;8.183158e-03;3.703189e-02
5.835230e-02;1.334234e-02;1.731266e-01;6.171859e-02;1.620533e-01;1.263279e-01;1.856369e-01;4.714243e-02;4.199485e-02;3.078578e-02;2.651286e-02;7.300614e-02
4.002935e-02;2.453742e-02;2.933570e-01;9.877153e-02;1.341538e-01;7.491971e-02;1.024960e-01;4.309753e-02;4.226372e-02;2.886851e-02;5.346531e-02;6.404007e-02
4.525252e-02;3.875481e-02;3.928118e-01;1.123254e-01;7.127260e-02;6.242236e-02;8.016197e-02;5.062352e-02;2.973464e-02;2.365516e-02;5.811702e-02;3.486816e-02
6.989416e-02;4.189088e-02;3.498522e-01;9.610698e-02;7.194082e-02;7.842293e-02;1.294344e-01;4.961965e-02;2.909951e-02;2.399633e-02;2.972246e-02;3.001973e-02
8.335435e-02;3.462939e-02;2.201482e-01;7.207210e-02;1.120068e-01;1.156195e-01;1.541796e-01;6.577036e-02;3.425571e-02;4.295951e-02;4.172557e-02;2.327900e-02
6.169227e-02;3.422699e-02;1.509173e-01;1.031005e-01;1.076427e-01;1.286669e-01;1.841061e-01;5.799813e-02;4.826181e-02;5.577029e-02;3.069928e-02;3.691784e-02
7.325664e-02;2.995456e-02;1.132608e-01;1.260050e-01;9.074680e-02;1.312366e-01;1.990369e-01;6.078519e-02;6.006418e-02;4.959322e-02;2.507975e-02;4.098032e-02
8.395913e-02;4.105755e-02;1.283778e-01;7.022928e-02;1.136780e-01;1.096082e-01;1.895059e-01;6.300543e-02;6.328938e-02;5.078672e-02;3.089296e-02;5.560958e-02
5.612195e-02;7.082457e-02;5.768923e-02;3.370264e-02;6.967345e-02;6.867274e-02;1.487827e-01;1.219027e-01;1.423198e-01;1.002053e-01;7.141115e-02;5.869382e-02
6.468114e-02;8.848364e-02;3.220296e-02;2.332704e-02;2.989144e-02;8.709653e-02;2.092695e-01;1.284496e-01;1.396785e-01;9.956487e-02;7.634990e-02;2.100492e-02
1.064925e-01;7.834517e-02;3.443570e-02;2.487557e-02;1.842614e-02;9.561650e-02;1.990710e-01;1.122535e-01;1.049647e-01;1.103603e-01;8.779681e-02;2.736211e-02
1.609474e-01;6.003762e-02;3.132946e-02;3.290824e-02;5.022385e-02;9.406913e-02;1.408340e-01;8.237765e-02;1.041933e-01;9.906492e-02;7.929049e-02;6.472398e-02
1.673602e-01;4.360531e-02;3.467191e-02;6.349652e-02;9.558791e-02;6.210917e-02;6.426480e-02;7.991600e-02;1.116550e-01;5.385559e-02;8.214856e-02;1.413290e-01
9.448076e-02;3.075629e-02;3.459560e-02;1.692829e-01;8.929483e-02;2.910694e-02;2.645032e-02;1.395129e-01;8.688685e-02;2.643847e-02;1.272654e-01;1.459289e-01
3.488599e-02;3.195834e-02;5.325077e-02;3.085874e-01;4.317442e-02;1.637795e-02;1.696039e-02;1.876078e-01;4.111373e-02;2.719029e-02;1.716300e-01;6.726295e-02
1.500357e-02;3.422625e-02;7.513001e-02;3.549671e-01;6.259140e-02;2.740596e-02;2.368812e-02;1.644803e-01;1.565946e-02;2.881007e-02;1.800698e-01;1.796794e-02
1.999423e-02;2.732974e-02;1.055761e-01;3.090337e-01;7.820446e-02;2.519321e-02;2.814455e-02;1.258014e-01;1.981441e-02;3.049032e-02;2.095889e-01;2.082911e-02
2.454050e-02;2.406767e-02;1.405412e-01;2.244079e-01;7.157773e-02;2.774121e-02;2.784775e-02;1.304999e-01;2.202714e-02;2.229938e-02;2.724181e-01;1.203150e-02
3.335104e-02;3.128546e-02;1.464910e-01;1.637934e-01;6.290924e-02;2.925912e-02;2.066085e-02;1.230350e-01;2.248833e-02;2.063188e-02;3.157749e-01;3.031985e-02
3.155426e-02;2.479195e-02;1.427911e-01;1.639610e-01;6.925778e-02;2.193414e-02;1.961944e-02;8.316979e-02;3.302953e-02;2.459121e-02;3.476250e-01;3.767487e-02
2.978148e-02;1.614988e-02;1.196170e-01;1.888689e-01;7.895333e-02;1.550089e-02;2.049549e-02;4.662375e-02;2.282417e-02;2.935819e-02;3.603411e-01;7.148574e-02
2.319854e-02;1.450016e-02;1.074818e-01;2.334903e-01;8.383781e-02;1.360239e-02;1.860150e-02;2.421783e-02;1.739907e-02;1.096030e-02;3.770902e-01;7.562020e-02
1.242903e-02;1.624391e-02;1.031624e-01;2.474292e-01;8.513071e-02;1.135414e-02;8.488484e-03;1.999951e-02;1.876361e-02;1.229980e-02;4.172017e-01;4.749751e-02
5.234684e-03;1.203038e-02;9.033900e-02;2.210349e-01;9.419049e-02;1.260575e-02;9.144264e-03;2.985630e-02;1.123028e-02;1.772201e-02;4.308561e-01;6.575578e-02
5.380518e-03;8.345823e-03;8.909564e-02;2.978998e-01;9.116433e-02;8.649886e-03;6.087221e-03;3.262522e-02;6.428565e-03;9.234928e-03;3.834897e-01;6.159839e-02
3.947523e-03;5.086253e-03;9.945621e-02;3.865761e-01;8.752137e-02;7.874368e-03;4.124052e-03;3.621854e-02;7.464019e-03;1.300073e-02;3.255935e-01;2.313726e-02
4.727713e-03;5.110528e-03;1.004227e-01;4.561837e-01;7.906651e-02;9.702554e-03;7.114130e-03;3.804288e-02;6.806617e-03;4.747436e-03;2.649612e-01;2.311406e-02
2.758009e-03;4.296903e-03;9.536619e-02;5.251353e-01;8.658104e-02;8.003348e-03;3.372411e-03;3.348109e-02;3.832148e-03;8.552232e-03;2.107522e-01;1.786908e-02
4.156094e-03;9.626530e-03;7.155469e-02;5.812997e-01;1.156726e-01;7.487984e-03;3.348166e-03;2.655113e-02;3.488946e-03;7.132802e-03;1.589446e-01;1.073668e-02
7.542179e-03;1.884874e-02;1.504181e-01;5.489589e-01;8.622547e-02;1.170018e-02;1.092464e-02;3.023956e-02;8.576659e-03;1.404624e-02;1.102540e-01;2.265331e-03
1.847185e-02;3.703764e-02;2.556870e-01;4.282224e-01;6.800452e-02;2.274063e-02;1.525112e-02;2.822163e-02;1.730228e-02;2.620479e-02;7.697085e-02;5.885278e-03
2.803165e-02;4.424137e-02;2.837754e-01;3.681867e-01;8.336756e-02;2.239632e-02;1.429393e-02;2.792017e-02;1.884810e-02;3.830052e-02;6.259443e-02;8.043771e-03
1.929013e-02;3.647481e-02;1.776035e-01;4.312561e-01;7.545346e-02;3.043775e-02;2.275725e-02;6.038188e-02;1.705610e-02;4.536901e-02;7.204298e-02;1.187700e-02
1.312563e-02;2.067711e-02;1.605834e-01;3.936363e-01;9.814956e-02;2.746482e-02;2.238591e-02;9.257182e-02;2.666975e-02;4.873076e-02;8.358800e-02;1.241691e-02
8.167506e-03;9.020772e-03;2.181385e-01;3.307693e-01;6.291199e-02;1.628542e-02;1.713638e-02;1.482950e-01;3.031488e-02;3.985481e-02;1.089295e-01;1.017595e-02
9.516150e-03;2.978426e-03;2.618206e-01;2.453663e-01;2.274845e-02;7.033154e-03;4.099941e-02;1.979864e-01;4.762999e-02;5.183293e-02;1.080550e-01;4.033176e-03
1.783197e-02;5.201422e-03;3.426503e-01;1.440933e-01;1.271606e-02;6.945319e-03;7.543112e-02;1.628381e-01;6.051388e-02;7.826175e-02;9.138761e-02;2.129128e-03
2.525816e-02;9.903149e-03;4.250746e-01;8.774374e-02;8.199680e-03;3.147517e-03;1.328145e-01;7.139973e-02;5.580297e-02;1.151227e-01;6.264000e-02;2.893205e-03
3.004712e-02;1.171653e-02;4.747137e-01;6.445745e-02;7.275435e-03;3.763984e-03;1.819384e-01;1.659617e-02;3.733133e-02;1.384702e-01;3.203497e-02;1.654661e-03
3.040035e-02;1.495186e-02;4.960786e-01;5.217626e-02;9.121149e-03;5.540707e-03;2.069294e-01;5.165424e-03;2.015765e-02;1.374891e-01;1.959601e-02;2.393552e-03
3.153088e-02;4.485448e-02;4.929748e-01;3.276451e-02;9.741937e-03;6.898346e-03;2.193283e-01;5.122488e-03;1.807627e-02;1.261822e-01;1.046026e-02;2.065617e-03
4.365370e-02;7.894151e-02;4.630162e-01;3.551738e-02;1.227317e-02;1.122900e-02;2.155578e-01;1.029804e-02;1.357915e-02;9.602053e-02;1.498996e-02;4.923558e-03
3.415732e-02;8.594485e-02;4.407800e-01;5.902010e-02;1.780711e-02;2.869669e-02;2.024598e-01;1.975267e-02;1.278794e-02;5.831606e-02;3.265582e-02;7.621693e-03
2.525174e-02;7.554135e-02;4.617053e-01;7.544875e-02;2.368612e-02;4.423746e-02;1.523977e-01;3.150035e-02;1.225959e-02;4.660539e-02;4.319917e-02;8.167149e-03
2.879533e-02;9.001153e-02;4.769358e-01;4.704634e-02;3.181852e-02;5.194030e-02;1.069134e-01;3.051079e-02;1.871704e-02;7.421646e-02;3.447175e-02;8.622743e-03
1.972383e-02;7.246556e-02;5.867682e-01;4.522630e-02;1.605467e-02;2.378785e-02;1.288982e-01;1.508386e-02;1.604969e-02;5.387218e-02;1.733592e-02;4.733693e-03
1.440367e-02;5.315404e-02;6.606281e-01;6.642030e-02;2.571435e-02;1.644754e-02;6.398102e-02;7.792248e-03;1.669816e-02;6.109548e-02;9.479541e-03;4.185516e-03
2.116380e-02;2.765495e-02;5.273255e-01;1.681195e-01;5.922406e-02;1.914968e-02;5.348899e-02;3.177354e-02;2.238141e-02;3.909245e-02;2.536782e-02;5.258292e-03
1.878002e-02;1.425864e-02;2.484236e-01;2.558537e-01;1.510689e-01;3.928398e-02;6.001501e-02;6.945737e-02;2.499068e-02;2.878020e-02;5.714723e-02;3.194065e-02
1.330400e-02;1.309889e-02;1.063758e-01;1.943059e-01;2.844282e-01;6.126186e-02;6.595621e-02;6.223692e-02;5.217389e-02;2.237078e-02;4.504378e-02;7.944372e-02
1.095768e-02;7.930075e-03;5.869992e-02;1.115039e-01;4.094525e-01;7.439948e-02;5.183561e-02;3.209969e-02;9.385516e-02;1.359342e-02;1.776987e-02;1.179027e-01
2.079879e-02;1.257275e-02;8.395009e-02;9.213270e-02;3.649722e-01;7.837083e-02;6.254863e-02;2.749219e-02;1.159249e-01;1.242284e-02;2.325594e-02;1.055582e-01
3.057431e-02;2.158467e-02;1.459394e-01;9.553369e-02;2.620035e-01;7.737300e-02;8.918272e-02;3.999709e-02;1.124752e-01;2.249151e-02;2.803828e-02;7.480659e-02
3.632336e-02;3.121887e-02;2.370373e-01;8.276349e-02;1.868421e-01;7.051753e-02;9.418252e-02;5.769441e-02;9.060945e-02;3.124538e-02;3.021103e-02;5.135451e-02
3.378885e-02;3.315255e-02;2.379442e-01;9.524990e-02;1.216584e-01;4.475714e-02;7.255562e-02;1.487181e-01;6.860169e-02;3.432172e-02;5.266796e-02;5.658380e-02
4.696300e-02;2.753872e-02;1.077111e-01;5.324699e-02;1.482843e-01;4.854881e-02;7.386484e-02;1.020217e-01;1.072335e-01;4.988908e-02;6.237276e-02;1.723251e-01
5.548692e-02;2.259073e-02;4.659838e-02;4.136012e-02;2.004850e-01;4.356664e-02;6.425512e-02;6.314958e-02;1.266358e-01;4.436965e-02;3.932486e-02;2.521771e-01
4.887422e-02;1.063295e-02;2.022662e-02;1.938489e-02;2.808351e-01;2.977995e-02;4.914471e-02;2.334754e-02;1.728973e-01;2.522772e-02;1.033051e-02;3.093185e-01
2.395828e-02;5.914927e-03;1.332475e-02;1.889061e-02;3.410906e-01;1.229618e-02;4.199435e-02;1.322577e-02;2.001412e-01;1.087279e-02;1.382412e-02;3.044664e-01
1.279561e-02;3.332095e-03;2.384849e-02;1.241527e-02;3.630925e-01;9.809180e-03;3.923154e-02;5.427985e-03;2.464418e-01;8.892248e-03;7.170693e-03;2.675426e-01
6.291480e-02;6.046995e-03;3.630790e-02;9.689157e-03;3.056095e-01;4.766180e-02;3.491157e-02;1.086936e-02;2.581876e-01;2.250021e-02;6.257252e-03;1.990439e-01
1.951733e-01;1.639397e-02;3.900346e-02;1.645598e-02;1.741081e-01;1.514724e-01;3.490374e-02;3.115266e-02;1.631819e-01;6.881798e-02;8.597909e-03;1.007387e-01
3.018191e-01;1.768325e-02;3.356742e-02;2.093427e-02;7.054459e-02;2.214762e-01;6.814256e-02;4.771947e-02;6.056916e-02;1.085240e-01;2.069005e-02;2.832990e-02
2.612470e-01;3.640827e-02;4.119405e-02;2.733202e-02;4.961497e-02;1.785235e-01;9.714842e-02;4.750878e-02;4.090913e-02;9.191848e-02;3.628866e-02;9.190674e-02
2.062016e-01;6.214359e-02;7.609109e-02;3.073239e-02;4.371747e-02;1.145382e-01;9.761331e-02;4.695131e-02;5.882622e-02;8.074614e-02;4.991581e-02;1.325229e-01
1.621217e-01;7.021040e-02;1.214181e-01;2.823651e-02;5.944915e-02;6.045499e-02;7.087312e-02;4.542210e-02;8.748635e-02;1.010359e-01;5.113131e-02;1.421605e-01
1.804204e-01;5.120100e-02;1.352387e-01;3.148076e-02;9.924743e-02;7.307892e-02;4.450946e-02;4.470568e-02;7.582709e-02;1.070089e-01;3.868036e-02;1.186013e-01
1.649328e-01;2.198851e-02;9.953043e-02;3.109661e-02;1.639787e-01;1.113308e-01;4.936589e-02;4.036573e-02;4.948592e-02;8.808921e-02;2.830719e-02;1.515283e-01
1.740230e-01;9.856332e-03;8.772897e-02;3.055635e-02;1.702463e-01;9.664438e-02;5.413264e-02;2.759617e-02;5.494910e-02;6.422452e-02;2.243043e-02;2.076118e-01
2.181671e-01;2.623225e-02;6.425653e-02;3.182071e-02;8.133968e-02;7.598317e-02;7.032567e-02;4.002666e-02;1.085467e-01;4.913252e-02;2.175243e-02;2.124166e-01
2.221119e-01;2.227840e-02;7.464944e-02;2.619474e-02;1.070323e-01;4.889461e-02;5.312123e-02;4.100510e-02;9.873822e-02;1.086389e-01;2.562568e-02;1.717096e-01
1.341085e-01;3.872807e-02;9.696504e-02;4.354263e-02;9.779698e-02;4.866639e-02;9.516841e-02;5.840992e-02;1.744674e-01;9.710692e-02;2.385466e-02;9.118504e-02
9.993151e-02;4.010895e-02;9.500740e-02;5.851609e-02;9.253540e-02;9.010960e-02;2.584815e-01;4.241839e-02;1.119341e-01;4.807834e-02;2.643883e-02;3.643983e-02
7.274359e-02;3.021769e-02;8.689152e-02;6.913651e-02;1.172770e-01;1.129716e-01;2.441031e-01;5.413748e-02;9.113422e-02;5.188610e-02;3.209841e-02;3.740282e-02
4.871529e-02;1.766944e-02;1.731503e-01;9.032719e-02;1.196889e-01;1.237160e-01;1.698368e-01;5.598350e-02;8.049124e-02;5.291459e-02;3.673726e-02;3.076956e-02
1.967584e-02;3.673396e-02;3.197938e-01;8.842136e-02;7.587101e-02;1.056893e-01;1.146624e-01;4.801470e-02;7.660375e-02;6.949097e-02;3.088149e-02;1.416149e-02
1.600336e-02;6.065117e-02;4.308921e-01;4.704421e-02;3.266229e-02;5.851892e-02;1.044162e-01;6.278820e-02;6.043032e-02;1.044389e-01;1.317470e-02;8.979752e-03
4.777290e-02;1.435288e-01;4.217443e-01;2.153946e-02;1.653106e-02;5.123082e-02;6.875186e-02;9.217895e-02;4.814290e-02;7.315943e-02;5.408701e-03;1.001083e-02
1.059672e-01;2.569113e-01;3.140872e-01;2.190869e-02;8.494561e-03;6.061148e-02;4.124553e-02;6.545651e-02;7.341740e-02;4.109901e-02;2.763096e-03;8.038118e-03
1.781178e-01;3.042746e-01;1.928856e-01;1.725520e-02;1.106531e-02;3.382254e-02;1.033453e-01;3.084541e-02;4.331430e-02;7.360364e-02;4.816369e-03;6.654031e-03
2.491394e-01;2.899849e-01;1.075263e-01;6.930038e-03;1.924460e-02;1.482318e-02;1.610904e-01;2.779805e-02;2.105547e-02;8.398257e-02;1.026670e-02;8.158356e-03
3.191282e-01;2.639766e-01;5.844852e-02;3.217628e-03;4.191920e-02;8.847654e-03;1.510546e-01;3.921358e-02;2.923506e-02;5.592613e-02;1.681215e-02;1.222055e-02
3.716982e-01;2.266808e-01;3.947220e-02;3.794592e-03;8.092719e-02;7.454723e-03;9.271439e-02;8.088267e-02;3.027800e-02;2.818680e-02;2.193462e-02;1.597587e-02
3.741474e-01;1.649096e-01;4.001394e-02;2.928267e-03;1.133109e-01;1.864409e-02;4.449221e-02;1.641915e-01;2.517355e-02;1.597874e-02;1.955935e-02;1.665047e-02
3.347855e-01;9.787394e-02;5.313062e-02;4.825752e-03;1.101252e-01;3.657747e-02;3.821371e-02;2.548560e-01;2.667450e-02;1.299733e-02;1.057400e-02;1.936602e-02
2.817343e-01;5.313179e-02;5.353433e-02;1.067818e-02;8.390462e-02;3.394914e-02;5.181516e-02;3.104905e-01;6.138339e-02;2.600528e-02;8.964146e-03;2.440910e-02
1.935313e-01;2.943037e-02;4.357145e-02;3.207699e-02;4.485539e-02;7.624290e-02;8.864789e-02;2.697474e-01;1.096663e-01;7.743166e-02;6.439765e-03;2.835845e-02
1.087458e-01;1.855826e-02;1.820348e-02;8.370703e-02;2.143704e-02;1.050988e-01;1.525327e-01;1.837287e-01;1.014492e-01;1.634348e-01;7.415999e-03;3.568817e-02
7.061965e-02;2.211692e-02;3.655480e-02;1.299299e-01;1.329158e-02;9.710824e-02;1.725283e-01;1.296027e-01;7.227851e-02;2.025988e-01;1.260397e-02;4.076669e-02
5.906710e-02;3.930722e-02;7.699642e-02;1.403830e-01;2.201649e-02;8.191311e-02;1.564548e-01;1.166852e-01;6.097892e-02;1.785267e-01;2.950174e-02;3.816923e-02
9.206177e-02;3.870372e-02;1.743313e-01;6.355209e-02;4.145717e-02;9.497022e-02;1.554278e-01;9.456629e-02;6.333908e-02;8.393915e-02;7.074513e-02;2.690627e-02
9.100189e-02;2.824282e-02;1.741230e-01;3.667622e-02;4.490499e-02;1.171228e-01;1.720125e-01;8.284552e-02;7.032812e-02;6.482279e-02;9.551674e-02;2.240262e-02
8.566473e-02;2.462711e-02;1.403328e-01;3.908524e-02;3.819199e-02;1.423730e-01;1.664770e-01;8.400782e-02;5.828129e-02;5.658641e-02;1.415929e-01;2.277966e-02
8.030029e-02;3.004290e-02;9.399699e-02;4.538317e-02;3.989932e-02;1.360499e-01;1.212140e-01;7.702164e-02;2.750859e-02;9.685645e-02;2.186772e-01;3.304954e-02
5.950851e-02;4.497509e-02;3.947312e-02;4.592196e-02;4.914862e-02;8.087967e-02;6.832234e-02;6.260313e-02;3.968988e-02;2.028776e-01;2.657042e-01;4.089585e-02
4.929296e-02;3.970017e-02;3.307511e-02;4.595433e-02;5.503643e-02;4.527448e-02;6.023066e-02;7.492835e-02;9.826542e-02;2.447858e-01;2.062531e-01;4.720331e-02
8.440803e-02;3.423228e-02;4.262795e-02;4.624935e-02;4.402844e-02;4.147949e-02;7.877071e-02;1.005187e-01;1.444372e-01;1.607675e-01;1.438987e-01;7.858156e-02
9.907499e-02;4.249185e-02;5.820208e-02;3.906169e-02;3.377093e-02;6.712110e-02;7.868953e-02;1.114569e-01;1.336883e-01;8.727898e-02;1.678538e-01;8.130991e-02
9.159029e-02;4.818295e-02;6.909927e-02;3.155453e-02;3.934373e-02;8.494630e-02;7.477332e-02;9.158516e-02;9.903681e-02;8.890613e-02;1.917668e-01;8.921471e-02
7.957938e-02;4.834373e-02;9.630301e-02;3.418098e-02;5.062937e-02;8.829092e-02;9.671880e-02;6.032358e-02;8.047802e-02;1.093339e-01;1.788186e-01;7.699968e-02
7.333824e-02;7.549420e-02;1.629243e-01;4.774462e-02;7.922035e-02;6.859144e-02;8.267672e-02;6.872620e-02;6.398103e-02;1.145481e-01;1.057581e-01;5.699661e-02
5.699580e-02;1.006788e-01;1.941101e-01;8.047840e-02;7.639444e-02;6.180334e-02;7.032873e-02;5.752204e-02;6.772860e-02;1.144928e-01;6.375001e-02;5.571684e-02
7.751039e-02;3.974500e-02;1.644713e-01;6.086461e-02;4.431933e-02;5.816511e-02;7.568179e-02;8.316422e-02;9.769992e-02;1.334333e-01;1.024018e-01;6.254328e-02
9.742460e-02;2.574930e-02;1.304142e-01;3.892166e-02;5.034993e-02;5.526408e-02;6.157845e-02;7.764986e-02;1.108583e-01;1.404320e-01;1.125368e-01;9.882081e-02
9.080017e-02;2.542594e-02;1.490332e-01;2.679035e-02;3.941592e-02;4.707235e-02;8.460680e-02;4.267279e-02;1.443111e-01;1.345647e-01;1.192144e-01;9.609230e-02
5.263734e-02;2.155265e-02;1.685840e-01;2.839270e-02;2.278488e-02;5.036449e-02;1.162561e-01;9.939609e-02;1.273474e-01;1.164322e-01;9.664349e-02;9.960878e-02
1.019480e-01;3.496055e-02;1.678355e-01;4.158823e-02;3.823398e-02;5.243739e-02;1.109518e-01;1.222438e-01;5.693317e-02;1.213339e-01;5.954286e-02;9.199073e-02
1.366602e-01;4.106874e-02;1.122722e-01;3.350950e-02;5.812928e-02;6.126540e-02;9.082951e-02;7.177478e-02;5.826047e-02;1.397125e-01;8.487345e-02;1.116440e-01
1.011365e-01;3.752959e-02;7.976149e-02;4.226059e-02;5.924810e-02;6.535069e-02;9.383321e-02;1.056008e-01;8.636956e-02;1.361015e-01;8.645354e-02;1.063544e-01
