7.819412e-02;6.192523e-02;8.591363e-02;4.686013e-02;5.100366e-02;7.263932e-02;1.590493e-01;5.959676e-02;6.634993e-02;1.555787e-01;1.168866e-01;4.600258e-02
8.376876e-02;7.928825e-02;1.386637e-01;4.485349e-02;4.840755e-02;5.199736e-02;1.946465e-01;5.915886e-02;8.488719e-02;1.131710e-01;7.334158e-02;2.781579e-02
1.161039e-01;5.936092e-02;1.507495e-01;5.134724e-02;6.544017e-02;5.344814e-02;1.790720e-01;7.641466e-02;1.037238e-01;5.910001e-02;4.538506e-02;3.985462e-02
1.311158e-01;3.273666e-02;1.365034e-01;4.869366e-02;9.957319e-02;4.690096e-02;1.651529e-01;8.283065e-02;1.264651e-01;3.540044e-02;4.192722e-02;5.270003e-02
1.576484e-01;1.269867e-02;9.670413e-02;3.714844e-02;1.360032e-01;9.142213e-02;1.462050e-01;6.070450e-02;1.432668e-01;2.280426e-02;3.112377e-02;6.427065e-02
2.168176e-01;3.032463e-02;4.004769e-02;1.377994e-02;1.345974e-01;1.676743e-01;1.616360e-01;1.664859e-02;1.060022e-01;3.445818e-02;1.353957e-02;6.447377e-02
2.604951e-01;7.159059e-02;2.047845e-02;1.188586e-02;9.410415e-02;1.883769e-01;1.971595e-01;7.515630e-03;4.415981e-02;5.646430e-02;7.021472e-03;4.074818e-02
2.296771e-01;1.209406e-01;3.453935e-02;1.784147e-02;6.962622e-02;1.753788e-01;2.300960e-01;1.569200e-02;1.013582e-02;5.888395e-02;1.324250e-02;2.394626e-02
1.164197e-01;1.387125e-01;1.327471e-01;1.729206e-02;4.871495e-02;1.105561e-01;3.003478e-01;4.479820e-02;1.679491e-02;3.665005e-02;2.172316e-02;1.524353e-02
3.498188e-02;1.058985e-01;2.686387e-01;2.415234e-02;2.627412e-02;6.241491e-02;3.055430e-01;9.285477e-02;2.426483e-02;2.236874e-02;1.755814e-02;1.505003e-02
9.858144e-03;6.677332e-02;3.427339e-01;8.687945e-02;3.184121e-02;3.928604e-02;1.939614e-01;1.016963e-01;6.611618e-02;3.610852e-02;8.547505e-03;1.619801e-02
3.422556e-02;3.842654e-02;2.607857e-01;1.926571e-01;8.006959e-02;2.897914e-02;8.756941e-02;6.879336e-02;1.184052e-01;6.480927e-02;1.570641e-02;9.572708e-03
3.523805e-02;2.762145e-02;1.410535e-01;2.208832e-01;1.659348e-01;5.152156e-02;8.428720e-02;2.798306e-02;1.098728e-01;1.046655e-01;2.587694e-02;5.061947e-03
3.167417e-02;4.480483e-02;7.240480e-02;1.355597e-01;2.420273e-01;1.052926e-01;8.243974e-02;5.352325e-02;5.348962e-02;1.240145e-01;4.817937e-02;6.590131e-03
2.330484e-02;4.646780e-02;1.622441e-02;5.692654e-02;2.384950e-01;2.171742e-01;9.754770e-02;7.269911e-02;1.672807e-02;1.143208e-01;8.631846e-02;1.379299e-02
1.710794e-02;2.593354e-02;6.359527e-02;1.670283e-02;1.561204e-01;3.425121e-01;1.173506e-01;3.247805e-02;2.825776e-02;6.902598e-02;1.086125e-01;2.230309e-02
2.038430e-02;1.348806e-02;7.333168e-02;1.609075e-02;9.712392e-02;3.661620e-01;1.598786e-01;3.642717e-02;3.734353e-02;5.202779e-02;9.086558e-02;3.687662e-02
3.106049e-02;1.709762e-02;4.403051e-02;1.623912e-02;6.317846e-02;2.888948e-01;2.613244e-01;7.385823e-02;3.865883e-02;3.531022e-02;7.197679e-02;5.837053e-02
8.213682e-02;1.356129e-02;2.760979e-02;3.559656e-02;4.129533e-02;1.463456e-01;3.742686e-01;8.703772e-02;2.697116e-02;2.264015e-02;5.700028e-02;8.553670e-02
1.440452e-01;1.296674e-02;2.268401e-02;5.657257e-02;2.758208e-02;7.862021e-02;3.966261e-01;8.291904e-02;1.550849e-02;2.353046e-02;3.840595e-02;1.005390e-01
2.418934e-01;2.792149e-02;2.252525e-02;7.280123e-02;1.765407e-02;4.246568e-02;3.043827e-01;7.872274e-02;2.144688e-02;3.978724e-02;2.481907e-02;1.055803e-01
3.160592e-01;2.592819e-02;2.800884e-02;6.571206e-02;1.469085e-02;6.308640e-02;1.903718e-01;9.486795e-02;4.013024e-02;4.170594e-02;1.732186e-02;1.021167e-01
3.487024e-01;3.471073e-02;3.782598e-02;4.423862e-02;1.479198e-02;8.223031e-02;1.329955e-01;1.082262e-01;6.351596e-02;2.490973e-02;1.899377e-02;8.885872e-02
3.976485e-01;4.868773e-02;4.237144e-02;2.946051e-02;1.852525e-02;8.782195e-02;4.808006e-02;1.202119e-01;8.819393e-02;1.952130e-02;1.749157e-02;8.198591e-02
3.828299e-01;3.812397e-02;4.673916e-02;2.671992e-02;1.910608e-02;8.744119e-02;7.786479e-02;1.093148e-01;9.712339e-02;2.184304e-02;1.654392e-02;7.634980e-02
3.456286e-01;4.482456e-02;5.341684e-02;2.743068e-02;1.970718e-02;9.178150e-02;9.743179e-02;9.636297e-02;9.976546e-02;2.958426e-02;1.585672e-02;7.820937e-02
3.013196e-01;3.520041e-02;4.898963e-02;5.874429e-02;1.885569e-02;9.479173e-02;1.177930e-01;8.039504e-02;8.665186e-02;4.957194e-02;1.902910e-02;8.865767e-02
2.176269e-01;3.184996e-02;4.122626e-02;1.119296e-01;1.396074e-02;7.058192e-02;2.196275e-01;5.835193e-02;4.565602e-02;5.257199e-02;3.204938e-02;1.045678e-01
1.500944e-01;2.422228e-02;2.415403e-02;1.409453e-01;1.617195e-02;3.252096e-02;3.184925e-01;7.082689e-02;2.050058e-02;3.616567e-02;4.448673e-02;1.214187e-01
1.363466e-01;2.186938e-02;4.155457e-02;9.150251e-02;4.033186e-02;3.358338e-02;2.658197e-01;1.240884e-01;4.104859e-02;3.294047e-02;6.012910e-02;1.107854e-01
1.088304e-01;7.601277e-03;7.036594e-02;4.070879e-02;6.051029e-02;7.153971e-02;1.696543e-01;1.494129e-01;1.214288e-01;3.425317e-02;7.766186e-02;8.803256e-02
7.857825e-02;1.000079e-02;9.561007e-02;2.855013e-02;5.150244e-02;1.339646e-01;1.259919e-01;9.416908e-02;1.709464e-01;6.357950e-02;9.665442e-02;5.045236e-02
5.885071e-02;1.864101e-02;1.043996e-01;4.955477e-02;3.569759e-02;1.871535e-01;1.347668e-01;5.347922e-02;1.396943e-01;8.671495e-02;1.126449e-01;1.840268e-02
3.588674e-02;3.951111e-02;5.162331e-02;6.266798e-02;6.796306e-02;1.336679e-01;1.692265e-01;1.230375e-01;1.007458e-01;9.949400e-02;9.218810e-02;2.398798e-02
2.462302e-02;4.937991e-02;4.007542e-02;5.518339e-02;1.117201e-01;7.562404e-02;1.478928e-01;1.479930e-01;1.302257e-01;1.333445e-01;6.365786e-02;2.028035e-02
3.501523e-02;4.230254e-02;5.161713e-02;7.133771e-02;1.146702e-01;7.557048e-02;1.325318e-01;1.092969e-01;1.589911e-01;1.434830e-01;4.875837e-02;1.642568e-02
3.472183e-02;2.487735e-02;9.384304e-02;9.625028e-02;6.600588e-02;7.045882e-02;1.823324e-01;1.469659e-01;1.392681e-01;9.960537e-02;2.581867e-02;1.985231e-02
3.194338e-02;4.008015e-02;1.284815e-01;6.702170e-02;6.822208e-02;4.910070e-02;2.262510e-01;1.699710e-01;1.119745e-01;6.611060e-02;1.972467e-02;2.111873e-02
5.862467e-02;6.503613e-02;1.250488e-01;3.602686e-02;7.753175e-02;5.620494e-02;2.709707e-01;1.338291e-01;9.199844e-02;4.762681e-02;1.872614e-02;1.837566e-02
9.601963e-02;6.018545e-02;1.025864e-01;4.105923e-02;8.019807e-02;1.071303e-01;2.492389e-01;7.936642e-02;9.385202e-02;4.384673e-02;1.696366e-02;2.955330e-02
1.038684e-01;2.820826e-02;1.490044e-01;4.568217e-02;9.817336e-02;1.231170e-01;1.794765e-01;5.219036e-02;9.476488e-02;5.169236e-02;3.130687e-02;4.251543e-02
1.091665e-01;2.457151e-02;2.203308e-01;4.109603e-02;9.306852e-02;1.045693e-01;1.516473e-01;4.668351e-02;7.205027e-02;5.664557e-02;3.931586e-02;4.085489e-02
1.040622e-01;3.579758e-02;2.143007e-01;5.439767e-02;6.215177e-02;7.197586e-02;1.747314e-01;6.081963e-02;8.816036e-02;6.194020e-02;4.063402e-02;3.102862e-02
6.135272e-02;4.000530e-02;8.932173e-02;7.442851e-02;1.048168e-01;5.077288e-02;2.053092e-01;9.852821e-02;1.154780e-01;7.246864e-02;5.431891e-02;3.319911e-02
4.407027e-02;3.965962e-02;1.038160e-01;6.704681e-02;1.035698e-01;4.619439e-02;2.129098e-01;1.257007e-01;9.007479e-02;6.412120e-02;6.248375e-02;4.035295e-02
4.062776e-02;3.495069e-02;1.156469e-01;5.285581e-02;1.138642e-01;9.202044e-02;2.227090e-01;9.976970e-02;8.250749e-02;5.471029e-02;4.668006e-02;4.365766e-02
3.132218e-02;3.825848e-02;1.386237e-01;4.414506e-02;1.393372e-01;1.014211e-01;1.904562e-01;7.133534e-02;9.579621e-02;5.245775e-02;5.476786e-02;4.207902e-02
2.939642e-02;4.159967e-02;1.376647e-01;5.356236e-02;9.546140e-02;8.887165e-02;2.010887e-01;8.522495e-02;9.938376e-02;5.703031e-02;7.408673e-02;3.662937e-02
7.687996e-02;5.916602e-02;8.266777e-02;3.869014e-02;8.596712e-02;8.515366e-02;2.045926e-01;7.089652e-02;9.913835e-02;8.261268e-02;7.869127e-02;3.554383e-02
1.154461e-01;6.778267e-02;9.627607e-02;3.166628e-02;9.051159e-02;8.245533e-02;1.245422e-01;5.092004e-02;1.068149e-01;1.064180e-01;7.590497e-02;5.126191e-02
1.116504e-01;5.338455e-02;1.291936e-01;4.878644e-02;7.270324e-02;6.275211e-02;9.807803e-02;8.673610e-02;9.788547e-02;1.076130e-01;7.258186e-02;5.863519e-02
1.221592e-01;5.871821e-02;1.702622e-01;7.008581e-02;4.453573e-02;6.766643e-02;7.950313e-02;8.848570e-02;7.221201e-02;6.942659e-02;8.539466e-02;7.155032e-02
1.079554e-01;4.669314e-02;1.734934e-01;7.353415e-02;4.946494e-02;7.662256e-02;1.076812e-01;7.272284e-02;7.915037e-02;4.503110e-02;1.025193e-01;6.513169e-02
7.230421e-02;6.274054e-02;1.245027e-01;7.827982e-02;6.549522e-02;9.541938e-02;1.425379e-01;7.959674e-02;9.435643e-02;5.855643e-02;8.058899e-02;4.562175e-02
3.797429e-02;7.447790e-02;8.532143e-02;8.499333e-02;6.143979e-02;1.145736e-01;1.336090e-01;1.016441e-01;1.193894e-01;8.642831e-02;6.936345e-02;3.078534e-02
7.215980e-02;4.631137e-02;1.118769e-01;5.706439e-02;9.258507e-02;8.964966e-02;1.348322e-01;9.085213e-02;1.070683e-01;8.308412e-02;7.752778e-02;3.698827e-02
8.134906e-02;4.367848e-02;1.260057e-01;8.815038e-02;1.119597e-01;7.892334e-02;1.175070e-01;6.561697e-02;1.180687e-01;7.617684e-02;5.202081e-02;4.054303e-02
7.840789e-02;4.900262e-02;1.257249e-01;9.142471e-02;8.022881e-02;8.522420e-02;1.156087e-01;8.769877e-02;1.007499e-01;6.297573e-02;6.438160e-02;5.857224e-02
4.521236e-02;6.323484e-02;1.106154e-01;7.525745e-02;7.342103e-02;1.021322e-01;9.580862e-02;9.517726e-02;9.114258e-02;7.410599e-02;1.044744e-01;6.941782e-02
4.259020e-02;4.158918e-02;1.270082e-01;7.944787e-02;9.022609e-02;9.090817e-02;1.260086e-01;8.432233e-02;9.544870e-02;8.218953e-02;1.060786e-01;3.418256e-02
1.008210e-01;7.553434e-02;1.288163e-01;7.198368e-02;7.278901e-02;7.974388e-02;1.560023e-01;5.351004e-02;7.359443e-02;8.617325e-02;6.383302e-02;3.719870e-02
8.109284e-02;3.100925e-02;1.800384e-01;9.032796e-02;7.489280e-02;5.718928e-02;1.457313e-01;6.995835e-02;5.144248e-02;1.041226e-01;6.488214e-02;4.931253e-02
9.165939e-02;5.270082e-02;1.771245e-01;7.691142e-02;5.738491e-02;3.413318e-02;1.113052e-01;6.903215e-02;8.065199e-02;1.127677e-01;7.688349e-02;5.944525e-02
1.358902e-01;8.896244e-02;2.057946e-01;4.129325e-02;3.886702e-02;2.910568e-02;1.153703e-01;6.269486e-02;6.196400e-02;8.903530e-02;7.027941e-02;6.074296e-02
1.068112e-01;9.327748e-02;2.551656e-01;5.237344e-02;4.376129e-02;2.701002e-02;1.353078e-01;6.526878e-02;4.539014e-02;4.143944e-02;5.342788e-02;8.076689e-02
5.491617e-02;5.242685e-02;2.923589e-01;7.487134e-02;6.021624e-02;2.879203e-02;1.397613e-01;9.041026e-02;4.193395e-02;1.493119e-02;6.119674e-02;8.818499e-02
2.357026e-02;3.744287e-02;2.368961e-01;7.128362e-02;9.478279e-02;3.349474e-02;1.350433e-01;1.723458e-01;3.508613e-02;1.034472e-02;7.299434e-02;7.671529e-02
1.554592e-02;4.675045e-02;1.315993e-01;3.313469e-02;1.247405e-01;5.383291e-02;1.573428e-01;2.107528e-01;5.065811e-02;1.579225e-02;9.663798e-02;6.321239e-02
1.740943e-02;5.480000e-02;7.481194e-02;1.344235e-02;1.315891e-01;6.669223e-02;1.787324e-01;1.639738e-01;5.794034e-02;2.002663e-02;1.536782e-01;6.690369e-02
1.361051e-02;6.117417e-02;4.302447e-02;1.276598e-02;1.272393e-01;5.355226e-02;2.143829e-01;8.870846e-02;3.965661e-02;9.191135e-03;2.845616e-01;5.213261e-02
1.190555e-02;4.558522e-02;3.553994e-02;8.958971e-03;1.048424e-01;2.700719e-02;2.091703e-01;6.669278e-02;1.185528e-02;1.001825e-02;4.083148e-01;6.010941e-02
1.155635e-02;3.002179e-02;2.828965e-02;8.463919e-03;1.024157e-01;1.905950e-02;1.857634e-01;4.390180e-02;1.561025e-02;9.759562e-03;4.871937e-01;5.796432e-02
1.149702e-02;4.421088e-02;2.948746e-02;9.246836e-03;9.889464e-02;1.420999e-02;1.694771e-01;2.541784e-02;1.787362e-02;2.394616e-02;5.248590e-01;3.087956e-02
1.541829e-02;5.202042e-02;3.458153e-02;1.248108e-02;7.338025e-02;1.458839e-02;1.562707e-01;5.097194e-02;1.447555e-02;4.416766e-02;4.986538e-01;3.299031e-02
1.792579e-02;5.386175e-02;5.174910e-02;1.857889e-02;3.954122e-02;1.130612e-02;1.702444e-01;1.010543e-01;1.677205e-02;5.228925e-02;4.091392e-01;5.753794e-02
1.825558e-02;4.338378e-02;8.068652e-02;1.490821e-02;1.393540e-02;1.789894e-02;2.239181e-01;1.584311e-01;1.496561e-02;5.182432e-02;2.343781e-01;1.274143e-01
2.179419e-02;4.088274e-02;9.872910e-02;1.489262e-02;1.286562e-02;4.772557e-02;2.745292e-01;1.904891e-01;3.006384e-02;5.091798e-02;7.729695e-02;1.398130e-01
3.543501e-02;5.538387e-02;1.063080e-01;1.765758e-02;2.074174e-02;7.406267e-02;2.732338e-01;1.864857e-01;5.290962e-02;4.507111e-02;2.530248e-02;1.074083e-01
4.425415e-02;6.633178e-02;7.640917e-02;5.065936e-02;3.617874e-02;7.912215e-02;2.094319e-01;1.654297e-01;7.966175e-02;4.808705e-02;7.956149e-02;6.487273e-02
4.128210e-02;5.549849e-02;1.367580e-01;1.193202e-01;5.881266e-02;5.250259e-02;1.041386e-01;1.448265e-01;1.104672e-01;5.160906e-02;8.224163e-02;4.254303e-02
5.324329e-02;3.585045e-02;1.789780e-01;1.488925e-01;6.295542e-02;3.219864e-02;1.229460e-01;1.370187e-01;1.056567e-01;4.069586e-02;6.033683e-02;2.122767e-02
5.957513e-02;3.098664e-02;2.053077e-01;1.398465e-01;7.600324e-02;4.260016e-02;1.372536e-01;1.118322e-01;9.051862e-02;4.198536e-02;4.841018e-02;1.568064e-02
5.041170e-02;3.661550e-02;1.749166e-01;1.158807e-01;1.417484e-01;7.962596e-02;9.598787e-02;7.418533e-02;8.101041e-02;8.514781e-02;4.244527e-02;2.202432e-02
2.267779e-02;8.130790e-02;8.559804e-02;8.889475e-02;2.177911e-01;7.476576e-02;4.677087e-02;5.973548e-02;1.277662e-01;1.331737e-01;3.381718e-02;2.770118e-02
1.242304e-02;1.035678e-01;1.914863e-02;1.071210e-01;1.919370e-01;4.446549e-02;5.797081e-02;1.487882e-01;1.435741e-01;1.198641e-01;3.096632e-02;2.017354e-02
1.410503e-02;8.846743e-02;1.233575e-02;1.730750e-01;1.225088e-01;5.982594e-02;9.508613e-02;2.181820e-01;9.816152e-02;7.662050e-02;3.578759e-02;5.844270e-03
1.260275e-02;5.576799e-02;2.321266e-02;2.395824e-01;7.079881e-02;1.019864e-01;1.550098e-01;1.903733e-01;3.642226e-02;5.001740e-02;5.661197e-02;7.614390e-03
1.705492e-02;3.071776e-02;3.511562e-02;2.250981e-01;5.627713e-02;1.683717e-01;1.765886e-01;1.034673e-01;3.297509e-02;4.764578e-02;9.618327e-02;1.050458e-02
1.999703e-02;2.108481e-02;5.201331e-02;1.566985e-01;8.601978e-02;2.441623e-01;1.595467e-01;2.852111e-02;2.859825e-02;6.246501e-02;1.243256e-01;1.656756e-02
1.542326e-02;5.950161e-02;7.662160e-02;8.863457e-02;8.147202e-02;2.381564e-01;1.427729e-01;3.677744e-02;2.575403e-02;8.147128e-02;1.241255e-01;2.928938e-02
1.562535e-02;9.684454e-02;6.115292e-02;8.286525e-02;9.230588e-02;1.556406e-01;1.465948e-01;6.940525e-02;2.098372e-02;1.076104e-01;1.244187e-01;2.655262e-02
2.785042e-02;8.652640e-02;5.723171e-02;1.142047e-01;1.234105e-01;7.241647e-02;1.126166e-01;9.720162e-02;3.514816e-02;1.335111e-01;1.070099e-01;3.287245e-02
2.680642e-02;5.387791e-02;5.039074e-02;6.713162e-02;1.372859e-01;8.032451e-02;1.306953e-01;1.161638e-01;4.376874e-02;1.502807e-01;1.032842e-01;3.999015e-02
2.735915e-02;3.697218e-02;2.745320e-02;4.393628e-02;1.422327e-01;9.989769e-02;1.239993e-01;1.075298e-01;7.152068e-02;1.740747e-01;1.094105e-01;3.561377e-02
3.440408e-02;3.838626e-02;7.780419e-02;7.672395e-02;9.625433e-02;1.089444e-01;1.281772e-01;5.233066e-02;1.013515e-01;1.518832e-01;8.733393e-02;4.640637e-02
4.208193e-02;4.970525e-02;1.294669e-01;9.123673e-02;8.600180e-02;8.365011e-02;1.784364e-01;4.876365e-02;7.830558e-02;1.049769e-01;6.217627e-02;4.519850e-02
4.657913e-02;6.150549e-02;1.370132e-01;1.362264e-01;8.616737e-02;6.141847e-02;2.007356e-01;5.006207e-02;6.401885e-02;7.655045e-02;4.716194e-02;3.256095e-02
4.320697e-02;7.838881e-02;1.121287e-01;1.722480e-01;8.932858e-02;7.295722e-02;1.449610e-01;5.841078e-02;6.779274e-02;7.855218e-02;4.260926e-02;3.941576e-02
6.037188e-02;6.440520e-02;1.301472e-01;1.135215e-01;8.954442e-02;7.219221e-02;9.864686e-02;8.300993e-02;1.032318e-01;8.120947e-02;5.668229e-02;4.703730e-02
9.862550e-02;8.435767e-02;1.794600e-01;7.361476e-02;6.083570e-02;7.811419e-02;1.203285e-01;6.660695e-02;8.094964e-02;6.852709e-02;5.056851e-02;3.801146e-02
1.063152e-01;7.181632e-02;2.232410e-01;6.073793e-02;6.103446e-02;6.428613e-02;1.223527e-01;4.683820e-02;9.780254e-02;6.980113e-02;3.757188e-02;3.820255e-02
8.695357e-02;5.163949e-02;1.837617e-01;8.335951e-02;5.610507e-02;5.367113e-02;1.142785e-01;8.666047e-02;1.353001e-01;7.904058e-02;4.001323e-02;2.921670e-02
6.433515e-02;3.079230e-02;1.520687e-01;1.124702e-01;4.219076e-02;5.811600e-02;9.689695e-02;1.303177e-01;1.889822e-01;7.203355e-02;3.310507e-02;1.869137e-02
3.044716e-02;4.240982e-02;1.512409e-01;1.044571e-01;3.944098e-02;8.111084e-02;9.207524e-02;1.295194e-01;2.261304e-01;6.403227e-02;1.814552e-02;2.099034e-02
2.625593e-02;5.015954e-02;1.634002e-01;7.213774e-02;4.558909e-02;7.445402e-02;1.510982e-01;1.435798e-01;1.855887e-01;5.184894e-02;1.605600e-02;1.983196e-02
4.961595e-02;7.938624e-02;1.290096e-01;7.240720e-02;9.132385e-02;8.403211e-02;2.088906e-01;1.079709e-01;9.522391e-02;4.562958e-02;2.111135e-02;1.539874e-02
9.320460e-02;8.758552e-02;9.203526e-02;6.349013e-02;1.286352e-01;1.015711e-01;2.038438e-01;6.554712e-02;6.659174e-02;6.506811e-02;1.665621e-02;1.577115e-02
1.014415e-01;4.223276e-02;6.771842e-02;9.639021e-02;1.404975e-01;9.165020e-02;1.781029e-01;4.169910e-02;1.045547e-01;1.053240e-01;9.501001e-03;2.088777e-02
7.539504e-02;1.387320e-02;9.819704e-02;8.077939e-02;1.911892e-01;8.262577e-02;1.405361e-01;6.651788e-02;1.000317e-01;1.092367e-01;1.022643e-02;3.139143e-02
3.604949e-02;1.831307e-02;1.341555e-01;7.585522e-02;2.415293e-01;6.837630e-02;8.360098e-02;9.170336e-02;1.250166e-01;7.555780e-02;1.757726e-02;3.226514e-02
1.012584e-02;2.381187e-02;1.891643e-01;7.987948e-02;1.708135e-01;5.839202e-02;6.034502e-02;9.172649e-02;1.753872e-01;9.140983e-02;2.681895e-02;2.212550e-02
1.276796e-02;1.744070e-02;2.349395e-01;1.127228e-01;1.446250e-01;5.319785e-02;8.468091e-02;8.109454e-02;1.629182e-01;5.480886e-02;2.814303e-02;1.266057e-02
2.429517e-02;1.676212e-02;2.623222e-01;1.204903e-01;1.679312e-01;7.475558e-02;1.143819e-01;5.898572e-02;8.566208e-02;3.607794e-02;2.774689e-02;1.058876e-02
3.797859e-02;2.722946e-02;2.536454e-01;1.000765e-01;1.426291e-01;9.089949e-02;1.882182e-01;3.766497e-02;5.680226e-02;2.182015e-02;2.695004e-02;1.608584e-02
3.132544e-02;4.594600e-02;1.973815e-01;8.855602e-02;1.075034e-01;7.155580e-02;2.344465e-01;3.877717e-02;7.612332e-02;5.104796e-02;3.098287e-02;2.635407e-02
9.254982e-02;5.383971e-02;1.040568e-01;7.751036e-02;1.682024e-01;6.713090e-02;1.959464e-01;5.494076e-02;6.605826e-02;5.349330e-02;3.288790e-02;3.338338e-02
9.155464e-02;2.660450e-02;3.074735e-01;8.995715e-02;1.324602e-01;5.673276e-02;6.485773e-02;4.176326e-02;7.189503e-02;4.702329e-02;3.608212e-02;3.359584e-02
7.014760e-02;3.721788e-02;3.378438e-01;7.628945e-02;1.203441e-01;6.737363e-02;1.010690e-01;3.403938e-02;5.247226e-02;4.169907e-02;3.915934e-02;2.234451e-02
6.811193e-02;3.907105e-02;3.007282e-01;6.856178e-02;1.191643e-01;6.860135e-02;7.388423e-02;5.613882e-02;7.501923e-02;6.538261e-02;4.224655e-02;2.308999e-02
6.708545e-02;4.325818e-02;1.786032e-01;4.844692e-02;1.110703e-01;6.100079e-02;9.706684e-02;7.434705e-02;1.210515e-01;1.092070e-01;5.602356e-02;3.283924e-02
8.503606e-02;6.801468e-02;1.251168e-01;3.919759e-02;1.157406e-01;7.347570e-02;1.616135e-01;5.065931e-02;1.121869e-01;9.046643e-02;5.193679e-02;2.655567e-02
7.746015e-02;6.499636e-02;1.458871e-01;5.604957e-02;1.297377e-01;8.600626e-02;2.130073e-01;3.957852e-02;7.870162e-02;5.690828e-02;3.724371e-02;1.442347e-02
5.291418e-02;4.381982e-02;1.852997e-01;9.071334e-02;1.368021e-01;6.388076e-02;1.780238e-01;5.634413e-02;6.471197e-02;5.731313e-02;3.340402e-02;3.677299e-02
8.999714e-02;4.447526e-02;1.936118e-01;8.970792e-02;7.333248e-02;8.153980e-02;1.207719e-01;7.721966e-02;6.254830e-02;7.428014e-02;4.469185e-02;4.782384e-02
8.387262e-02;5.699118e-02;1.643717e-01;7.440817e-02;7.359701e-02;7.407875e-02;1.522229e-01;1.046705e-01;8.459759e-02;5.790023e-02;4.379977e-02;2.948962e-02
1.099620e-01;9.022573e-02;1.581344e-01;5.310100e-02;9.634341e-02;5.899705e-02;1.475953e-01;1.031589e-01;8.183136e-02;3.848206e-02;3.340696e-02;2.876179e-02
1.660644e-01;8.870859e-02;1.355906e-01;4.592197e-02;8.159241e-02;9.272835e-02;1.325278e-01;8.609580e-02;5.447097e-02;5.450083e-02;2.530750e-02;3.649077e-02
1.866306e-01;8.664635e-02;7.945919e-02;3.341295e-02;7.005219e-02;1.105707e-01;2.198894e-01;6.728473e-02;4.334784e-02;4.422113e-02;1.774951e-02;4.073548e-02
1.808582e-01;1.092249e-01;6.566387e-02;2.386711e-02;7.053202e-02;1.103967e-01;2.461632e-01;5.961706e-02;3.471508e-02;3.666930e-02;2.028444e-02;4.200812e-02
1.476190e-01;1.106034e-01;1.056111e-01;3.137670e-02;6.125868e-02;1.007748e-01;2.399176e-01;5.459511e-02;3.030597e-02;3.804589e-02;3.244777e-02;4.744400e-02
1.519712e-01;7.092565e-02;1.344292e-01;4.721678e-02;5.086095e-02;8.260167e-02;2.511900e-01;3.682105e-02;3.482203e-02;3.685352e-02;3.939725e-02;6.291063e-02
1.507730e-01;7.077913e-02;8.581025e-02;3.747571e-02;6.037422e-02;8.703623e-02;2.876438e-01;5.663410e-02;5.449128e-02;2.830733e-02;1.903232e-02;6.164256e-02
1.760288e-01;9.199828e-02;5.311995e-02;3.628625e-02;6.079382e-02;9.982131e-02;2.583694e-01;6.888083e-02;5.978429e-02;4.096661e-02;1.704814e-02;3.690231e-02
1.802893e-01;1.409215e-01;7.327417e-02;3.523103e-02;5.349143e-02;1.014149e-01;2.377559e-01;5.526582e-02;4.130149e-02;4.629878e-02;1.285581e-02;2.189979e-02
1.536149e-01;1.943829e-01;1.156057e-01;3.000254e-02;4.088942e-02;6.800388e-02;2.342120e-01;6.909452e-02;2.388410e-02;3.380634e-02;2.132011e-02;1.518357e-02
1.000351e-01;1.980525e-01;1.378034e-01;4.401457e-02;4.894429e-02;5.375812e-02;2.454422e-01;8.532742e-02;2.653159e-02;2.166300e-02;2.834135e-02;1.008644e-02
4.833671e-02;1.544784e-01;2.383142e-01;6.948451e-02;4.593764e-02;3.668029e-02;2.153123e-01;9.058744e-02;3.668987e-02;2.606550e-02;2.409174e-02;1.402143e-02
2.383158e-02;9.172086e-02;3.370631e-01;5.907518e-02;2.076395e-02;3.341513e-02;1.652281e-01;1.326739e-01;6.431367e-02;3.995911e-02;8.911459e-03;2.304405e-02
2.140150e-02;7.937560e-02;3.523054e-01;4.747730e-02;2.636589e-02;5.284834e-02;1.425632e-01;1.403749e-01;6.959601e-02;3.586420e-02;6.805075e-03;2.502260e-02
2.096944e-02;8.721371e-02;2.733864e-01;1.201572e-01;5.863876e-02;5.661916e-02;1.206373e-01;1.027840e-01;9.696237e-02;3.289581e-02;1.285073e-02;1.688512e-02
3.098426e-02;6.320364e-02;1.339965e-01;2.464756e-01;6.022482e-02;2.588752e-02;7.031991e-02;1.022611e-01;1.803530e-01;5.212772e-02;2.595562e-02;8.210409e-03
4.102331e-02;2.358063e-02;1.015515e-01;2.608811e-01;4.466120e-02;1.465630e-02;8.672927e-02;1.303863e-01;2.050423e-01;5.552867e-02;3.113296e-02;4.826307e-03
4.291308e-02;1.228148e-02;1.442978e-01;1.860632e-01;6.141603e-02;4.668557e-02;1.412985e-01;1.052226e-01;1.612929e-01;6.944955e-02;2.539923e-02;3.680089e-03
4.554541e-02;1.913222e-02;2.085248e-01;1.238775e-01;9.439408e-02;1.041638e-01;1.198989e-01;5.853074e-02;9.589674e-02;1.018568e-01;2.102926e-02;7.149727e-03
2.996917e-02;3.082705e-02;1.717439e-01;8.035411e-02;1.700662e-01;1.257810e-01;6.356350e-02;3.583352e-02;7.476511e-02;1.653639e-01;3.239276e-02;1.933984e-02
1.526028e-02;5.962312e-02;8.428948e-02;5.363015e-02;2.545982e-01;7.758847e-02;4.521626e-02;3.894876e-02;8.152648e-02;2.208020e-01;3.452600e-02;3.399082e-02
1.424833e-02;8.999022e-02;3.608726e-02;3.821220e-02;2.827304e-01;3.470391e-02;3.054950e-02;5.427932e-02;8.886100e-02;2.513352e-01;4.232803e-02;3.667459e-02
1.233220e-02;1.115033e-01;1.916533e-02;5.061886e-02;2.460191e-01;2.834384e-02;2.254339e-02;9.967038e-02;8.795765e-02;2.422590e-01;5.207821e-02;2.750873e-02
1.060449e-02;1.130951e-01;2.435869e-02;7.361886e-02;2.142693e-01;4.047242e-02;2.407382e-02;1.165115e-01;9.201077e-02;2.135914e-01;5.583651e-02;2.155710e-02
7.265528e-03;1.138575e-01;2.115413e-02;4.632296e-02;2.457757e-01;4.318303e-02;2.882615e-02;1.099911e-01;1.191185e-01;1.894989e-01;5.222771e-02;2.277885e-02
1.178976e-02;1.090777e-01;1.832045e-02;3.352994e-02;2.810958e-01;4.119618e-02;2.570110e-02;8.430407e-02;1.283094e-01;1.969990e-01;4.818692e-02;2.148960e-02
9.013264e-03;9.004128e-02;1.059575e-02;3.259915e-02;3.418860e-01;3.887780e-02;2.001173e-02;4.474861e-02;1.201806e-01;2.181926e-01;4.947008e-02;2.438305e-02
1.342009e-02;6.067786e-02;2.452543e-02;4.631110e-02;3.796978e-01;2.822004e-02;2.279846e-02;3.510190e-02;1.127175e-01;2.115504e-01;4.405529e-02;2.092403e-02
2.532737e-02;3.191661e-02;7.083602e-02;6.173284e-02;2.833066e-01;6.449380e-02;6.096565e-02;5.795456e-02;1.060932e-01;1.902763e-01;3.231892e-02;1.477816e-02
3.166541e-02;1.193768e-02;8.167841e-02;6.248655e-02;1.166902e-01;1.298829e-01;1.546202e-01;7.023721e-02;1.491774e-01;1.567035e-01;2.278958e-02;1.213098e-02
3.178374e-02;9.452442e-03;5.058457e-02;7.145362e-02;9.317913e-02;1.077991e-01;2.181818e-01;1.016432e-01;1.673904e-01;1.253146e-01;1.903884e-02;4.178633e-03
2.745157e-02;7.691812e-03;4.123996e-02;8.563304e-02;6.409955e-02;4.462337e-02;2.145535e-01;1.551235e-01;2.388748e-01;9.577098e-02;1.905415e-02;5.883741e-03
2.922824e-02;7.626637e-03;4.578453e-02;9.195659e-02;4.321057e-02;4.435467e-02;1.500056e-01;2.028714e-01;2.788660e-01;8.264969e-02;1.518839e-02;8.257668e-03
2.716592e-02;1.081164e-02;4.953073e-02;1.078893e-01;5.101958e-02;3.886334e-02;1.278682e-01;2.085435e-01;2.503297e-01;1.040584e-01;1.686764e-02;7.052099e-03
1.710838e-02;8.905110e-03;2.831989e-02;1.448971e-01;8.864833e-02;1.288388e-02;8.182546e-02;1.583475e-01;3.108882e-01;1.255273e-01;1.638388e-02;6.264902e-03
1.156726e-02;1.248586e-02;3.341326e-02;1.392804e-01;2.282860e-01;1.507015e-02;4.706332e-02;8.948045e-02;2.933188e-01;1.105979e-01;1.457353e-02;4.863087e-03
1.026885e-02;2.456340e-02;5.739481e-02;8.473027e-02;3.949800e-01;3.971157e-02;7.047230e-02;7.233374e-02;1.473814e-01;7.486790e-02;1.617370e-02;7.122052e-03
1.282384e-02;2.905564e-02;8.730267e-02;5.012738e-02;3.503206e-01;5.382566e-02;1.185009e-01;1.119919e-01;8.841109e-02;6.557820e-02;1.919860e-02;1.286365e-02
1.658034e-02;2.946574e-02;9.985685e-02;5.731922e-02;2.306002e-01;5.832530e-02;1.876562e-01;1.238518e-01;1.057933e-01;5.415998e-02;2.090842e-02;1.548274e-02
4.424458e-02;3.700570e-02;7.628325e-02;9.572785e-02;1.698562e-01;9.087906e-02;2.423435e-01;9.255296e-02;7.914969e-02;3.387656e-02;2.193427e-02;1.614642e-02
8.449858e-02;5.056911e-02;8.280799e-02;1.044802e-01;1.572118e-01;1.091564e-01;1.991331e-01;7.504204e-02;5.004108e-02;4.745970e-02;2.002486e-02;1.957506e-02
7.263217e-02;5.621808e-02;2.011099e-01;6.344635e-02;1.436571e-01;7.656316e-02;1.137274e-01;6.079501e-02;8.417344e-02;8.001601e-02;2.004479e-02;2.761653e-02
3.880458e-02;4.742012e-02;2.320539e-01;6.163200e-02;1.252076e-01;3.858136e-02;8.658585e-02;1.155723e-01;1.164680e-01;8.959119e-02;2.533358e-02;2.274957e-02
7.015163e-02;4.848975e-02;1.347727e-01;6.790621e-02;1.899388e-01;6.133790e-02;6.727047e-02;1.357970e-01;8.105251e-02;8.195492e-02;3.278355e-02;2.854458e-02
6.998006e-02;5.613278e-02;1.370940e-01;7.422987e-02;1.163633e-01;9.940314e-02;1.061863e-01;1.090229e-01;1.045874e-01;7.093080e-02;3.290223e-02;2.316723e-02
7.722939e-02;6.120749e-02;1.354323e-01;8.241305e-02;8.578972e-02;9.056333e-02;1.062755e-01;7.707447e-02;1.290218e-01;8.197341e-02;3.636840e-02;3.665115e-02
6.468125e-02;9.689997e-02;1.331696e-01;8.254021e-02;1.192097e-01;5.417399e-02;6.536048e-02;5.542031e-02;1.212748e-01;1.005917e-01;4.536350e-02;6.131445e-02
5.589306e-02;1.092438e-01;1.039468e-01;1.007208e-01;1.105494e-01;7.210622e-02;6.960493e-02;5.738483e-02;1.196514e-01;9.828688e-02;2.991347e-02;7.269847e-02
5.184644e-02;1.040483e-01;7.686707e-02;9.493728e-02;8.457640e-02;8.740094e-02;1.018215e-01;6.925158e-02;1.456918e-01;7.467406e-02;3.483409e-02;7.405051e-02
5.998286e-02;9.232052e-02;7.406963e-02;6.904499e-02;5.613580e-02;7.017680e-02;1.070700e-01;1.212190e-01;1.439142e-01;8.052694e-02;5.266414e-02;7.287513e-02
6.445034e-02;7.348537e-02;8.139016e-02;6.417138e-02;5.712457e-02;8.780291e-02;1.016451e-01;1.249032e-01;1.144141e-01;8.045926e-02;5.579929e-02;9.435437e-02
6.041336e-02;5.847882e-02;7.160784e-02;5.416269e-02;7.386967e-02;1.377997e-01;1.027895e-01;1.262309e-01;8.606186e-02;6.474885e-02;7.713641e-02;8.670045e-02
5.504807e-02;7.382235e-02;7.429423e-02;6.448317e-02;7.655020e-02;1.450582e-01;6.669457e-02;9.771406e-02;7.794142e-02;5.932124e-02;1.341845e-01;7.488799e-02
5.980170e-02;5.743731e-02;8.752763e-02;6.266612e-02;4.490029e-02;1.135255e-01;8.741178e-02;1.182880e-01;8.005688e-02;7.087245e-02;1.367798e-01;8.073258e-02
6.001108e-02;1.073098e-01;9.724372e-02;8.658423e-02;3.989614e-02;7.281242e-02;1.023936e-01;1.329480e-01;8.824864e-02;6.186057e-02;8.729869e-02;6.339318e-02
5.597996e-02;8.808916e-02;1.043210e-01;1.305299e-01;4.517444e-02;6.984366e-02;1.172373e-01;1.094278e-01;1.142463e-01;4.626731e-02;7.809985e-02;4.078323e-02
5.663065e-02;7.521036e-02;7.441870e-02;8.852744e-02;7.119623e-02;8.422838e-02;1.130815e-01;9.048977e-02;1.194140e-01;7.166941e-02;1.210059e-01;3.412769e-02
6.209312e-02;9.693188e-02;5.578336e-02;7.524713e-02;8.755741e-02;9.481233e-02;1.116321e-01;6.050592e-02;9.148876e-02;9.289049e-02;1.065356e-01;6.452193e-02
6.949033e-02;8.924111e-02;6.660501e-02;9.404089e-02;7.420587e-02;9.523448e-02;1.260498e-01;5.481992e-02;9.040283e-02;8.866813e-02;8.132040e-02;6.992120e-02
5.227697e-02;8.142518e-02;1.334901e-01;8.750895e-02;5.085418e-02;9.054624e-02;1.547997e-01;6.191379e-02;8.772592e-02;8.591389e-02;6.155099e-02;5.199406e-02
3.061333e-02;9.516548e-02;1.448724e-01;7.702358e-02;5.245389e-02;8.560929e-02;1.385591e-01;7.236155e-02;1.141309e-01;5.796311e-02;6.870822e-02;6.253915e-02
3.516034e-02;1.094852e-01;1.487516e-01;8.056019e-02;7.315139e-02;7.293699e-02;1.226397e-01;6.800508e-02;1.047334e-01;5.888876e-02;7.266518e-02;5.302224e-02
5.698495e-02;9.754626e-02;1.190019e-01;6.699448e-02;8.792138e-02;5.657098e-02;1.125698e-01;4.209545e-02;1.257829e-01;9.006112e-02;7.887081e-02;6.559995e-02
7.712289e-02;7.176659e-02;1.093201e-01;3.440196e-02;7.015547e-02;6.447691e-02;1.137887e-01;5.015477e-02;1.363431e-01;1.016499e-01;9.489553e-02;7.592405e-02
9.522009e-02;9.975755e-02;1.626290e-01;5.172225e-02;4.206603e-02;5.432848e-02;9.722607e-02;5.664292e-02;7.111943e-02;1.031005e-01;1.077324e-01;5.845530e-02
9.488133e-02;1.282299e-01;1.351950e-01;6.840029e-02;4.791574e-02;4.427810e-02;1.073083e-01;5.414693e-02;9.286749e-02;9.869957e-02;7.666558e-02;5.141181e-02
8.935804e-02;1.005810e-01;9.917329e-02;7.787307e-02;8.253896e-02;7.528204e-02;1.385843e-01;4.865365e-02;1.295117e-01;6.013635e-02;4.993492e-02;4.837256e-02
9.997894e-02;7.868601e-02;8.103437e-02;7.863018e-02;1.047989e-01;8.423927e-02;1.366058e-01;5.760896e-02;1.043219e-01;5.145464e-02;6.968700e-02;5.295400e-02
7.560314e-02;7.832060e-02;8.447422e-02;8.385941e-02;1.006450e-01;1.338711e-01;1.163917e-01;5.908987e-02;7.288840e-02;6.167824e-02;8.116103e-02;5.201732e-02
3.884628e-02;5.510741e-02;7.717624e-02;5.606577e-02;1.112749e-01;2.075104e-01;1.315058e-01;5.914780e-02;5.198434e-02;9.971331e-02;7.426769e-02;3.740012e-02
4.555906e-02;5.211968e-02;1.059503e-01;6.246185e-02;8.061936e-02;1.472649e-01;1.322193e-01;6.976629e-02;7.859285e-02;1.147858e-01;7.027981e-02;4.038070e-02
7.180268e-02;5.275766e-02;1.015026e-01;6.836119e-02;7.053938e-02;9.257805e-02;1.228119e-01;8.508295e-02;8.937041e-02;1.192411e-01;7.985017e-02;4.610185e-02
9.107697e-02;4.803243e-02;1.260312e-01;5.128831e-02;6.201215e-02;1.066080e-01;1.196759e-01;8.364927e-02;9.770859e-02;1.173424e-01;5.716952e-02;3.940528e-02
8.584884e-02;7.649594e-02;1.536694e-01;5.884662e-02;8.384371e-02;7.768819e-02;1.087634e-01;6.925420e-02;1.118319e-01;8.664323e-02;4.579030e-02;4.132430e-02
9.222587e-02;9.619603e-02;1.460584e-01;5.597143e-02;8.828483e-02;6.454092e-02;1.275389e-01;6.998965e-02;1.085165e-01;6.573980e-02;4.852078e-02;3.641692e-02
1.138320e-01;1.137903e-01;1.147727e-01;5.546894e-02;9.188303e-02;6.021393e-02;1.390376e-01;7.299866e-02;1.019936e-01;5.991844e-02;4.515443e-02;3.093634e-02
1.228324e-01;1.123324e-01;8.979363e-02;6.892253e-02;6.589405e-02;9.794178e-02;1.179195e-01;7.642633e-02;8.851273e-02;7.268684e-02;5.050534e-02;3.623246e-02
9.626251e-02;9.749822e-02;1.127200e-01;5.853378e-02;6.633687e-02;1.209085e-01;1.102495e-01;6.868432e-02;9.168290e-02;9.163868e-02;4.209001e-02;4.339467e-02
9.584580e-02;7.391394e-02;1.451569e-01;6.744659e-02;4.865890e-02;8.157776e-02;1.131751e-01;8.976349e-02;7.989953e-02;8.337817e-02;5.979798e-02;6.138590e-02
1.386918e-01;7.546685e-02;1.182076e-01;6.418056e-02;4.294568e-02;8.960346e-02;1.018717e-01;1.016504e-01;5.494722e-02;4.520902e-02;8.680900e-02;8.041671e-02
1.499672e-01;6.815974e-02;9.743316e-02;6.671596e-02;4.686123e-02;8.963801e-02;9.500472e-02;8.982437e-02;5.494029e-02;7.125667e-02;6.226772e-02;1.079309e-01
1.372991e-01;5.707112e-02;1.279187e-01;8.616933e-02;6.602576e-02;7.727139e-02;1.008740e-01;4.780254e-02;5.650850e-02;9.869082e-02;6.190174e-02;8.246699e-02
9.342839e-02;5.058018e-02;2.081607e-01;6.943617e-02;1.138612e-01;5.375309e-02;1.241172e-01;4.445399e-02;6.879379e-02;6.466143e-02;5.214298e-02;5.661089e-02
6.766567e-02;4.566521e-02;2.384775e-01;5.768508e-02;1.399433e-01;5.777171e-02;1.243490e-01;4.525583e-02;5.910042e-02;6.387261e-02;5.266408e-02;4.754953e-02
3.999776e-02;4.524659e-02;3.054096e-01;7.838551e-02;1.238228e-01;5.137942e-02;1.267384e-01;3.525377e-02;3.737732e-02;8.241943e-02;4.006792e-02;3.390155e-02
2.324030e-02;4.987809e-02;3.552980e-01;1.034450e-01;9.093343e-02;4.323906e-02;1.048307e-01;3.330177e-02;2.842971e-02;1.016846e-01;4.399648e-02;2.172289e-02
2.708885e-02;5.338958e-02;3.764478e-01;1.092363e-01;7.563614e-02;3.737279e-02;8.295522e-02;3.213723e-02;2.748556e-02;1.055996e-01;5.761774e-02;1.503324e-02
2.947133e-02;4.822544e-02;3.710397e-01;1.040988e-01;7.750943e-02;2.517816e-02;5.173610e-02;3.848309e-02;3.065345e-02;1.094253e-01;8.528887e-02;2.889038e-02
3.424626e-02;5.604936e-02;3.508839e-01;9.224621e-02;7.078727e-02;3.143706e-02;3.859465e-02;4.791270e-02;2.916665e-02;1.037904e-01;1.046789e-01;4.020667e-02
3.171000e-02;7.530405e-02;3.371282e-01;1.155579e-01;7.293238e-02;3.931542e-02;6.102935e-02;3.436089e-02;3.192121e-02;8.677822e-02;8.649733e-02;2.746509e-02
2.772994e-02;8.401340e-02;3.190124e-01;8.794363e-02;7.464972e-02;6.604163e-02;9.638530e-02;3.766020e-02;5.577664e-02;7.650679e-02;5.280180e-02;2.147854e-02
2.587647e-02;1.089031e-01;2.849135e-01;6.622361e-02;7.219429e-02;7.264008e-02;1.196190e-01;4.976715e-02;7.411458e-02;7.680597e-02;2.748651e-02;2.145571e-02
3.686516e-02;1.058475e-01;2.491608e-01;6.019269e-02;6.911930e-02;4.575704e-02;1.337999e-01;4.233024e-02;8.918714e-02;8.484700e-02;2.454891e-02;5.834435e-02
6.409912e-02;9.540239e-02;1.706037e-01;8.985119e-02;7.304231e-02;5.421568e-02;1.078237e-01;7.563450e-02;8.043839e-02;6.738638e-02;5.508954e-02;6.641299e-02
9.122995e-02;1.027993e-01;1.163073e-01;1.072213e-01;9.319837e-02;6.529145e-02;9.838179e-02;6.971583e-02;8.058088e-02;5.938967e-02;5.677963e-02;5.910463e-02
8.486285e-02;1.145443e-01;1.230886e-01;8.784368e-02;1.019096e-01;6.805023e-02;1.763556e-01;4.636176e-02;6.587742e-02;4.577743e-02;3.555121e-02;4.977731e-02
5.134321e-02;1.088337e-01;1.461061e-01;1.079364e-01;1.019311e-01;7.120834e-02;2.022344e-01;4.511957e-02;4.873637e-02;4.741930e-02;3.137251e-02;3.775902e-02
2.280449e-02;5.328222e-02;1.628756e-01;1.538534e-01;7.861000e-02;9.136476e-02;1.752798e-01;7.525200e-02;8.624043e-02;5.247233e-02;2.321371e-02;2.475129e-02
1.444533e-02;3.130417e-02;1.314635e-01;1.636808e-01;6.786777e-02;9.453514e-02;1.162031e-01;9.972045e-02;1.620802e-01;8.677521e-02;2.058849e-02;1.133580e-02
1.204303e-02;4.101760e-02;7.425741e-02;8.529091e-02;1.045041e-01;7.632978e-02;6.400794e-02;1.185201e-01;2.500853e-01;1.289862e-01;3.651590e-02;8.441624e-03
9.813616e-03;2.937013e-02;2.632886e-02;7.238471e-02;8.573084e-02;1.171066e-01;8.174042e-02;1.270070e-01;2.163937e-01;1.597312e-01;6.452924e-02;9.863622e-03
9.519295e-03;1.286700e-02;4.211638e-02;4.842145e-02;7.455743e-02;1.741532e-01;9.351952e-02;5.850540e-02;1.399727e-01;2.494887e-01;7.843377e-02;1.844515e-02
1.913814e-02;5.829809e-03;4.546541e-02;1.267369e-02;1.241055e-01;1.249753e-01;8.425847e-02;6.264687e-02;1.909420e-01;2.239067e-01;6.958448e-02;3.647365e-02
3.825832e-02;9.805382e-03;2.683418e-02;3.284039e-02;1.462235e-01;5.979788e-02;1.652944e-01;9.948176e-02;1.560961e-01;1.314589e-01;5.752982e-02;7.637930e-02
7.632229e-02;1.342273e-02;1.843948e-02;6.752218e-02;6.694316e-02;1.032617e-01;2.104236e-01;6.837033e-02;5.225611e-02;1.901287e-01;3.493327e-02;9.797649e-02
1.128722e-01;1.662250e-02;2.537534e-02;5.238849e-02;1.927701e-02;2.076431e-01;1.221726e-01;3.562491e-02;8.884499e-02;2.294777e-01;1.837953e-02;7.132161e-02
1.715506e-01;2.211075e-02;4.914498e-02;2.543334e-02;2.068368e-02;2.407827e-01;7.157389e-02;5.412882e-02;1.279523e-01;1.525660e-01;1.234423e-02;5.172866e-02
2.650712e-01;4.000542e-02;7.685543e-02;1.421978e-02;2.893178e-02;1.760634e-01;5.829686e-02;8.807270e-02;1.085349e-01;7.082813e-02;2.272266e-02;5.039780e-02
3.457612e-01;5.263939e-02;1.091761e-01;1.283717e-02;4.282968e-02;9.127717e-02;5.580864e-02;1.254514e-01;4.465627e-02;3.697688e-02;2.674595e-02;5.584015e-02
2.884610e-01;4.682735e-02;1.147406e-01;1.778567e-02;2.867161e-02;1.173884e-01;8.241592e-02;1.160834e-01;6.255246e-02;3.460002e-02;2.860969e-02;6.186387e-02
2.182972e-01;3.531151e-02;8.447307e-02;2.166873e-02;2.947039e-02;1.896584e-01;1.068111e-01;8.105048e-02;7.680495e-02;5.234133e-02;2.680656e-02;7.730643e-02
1.430226e-01;2.813112e-02;6.930303e-02;2.890013e-02;4.568379e-02;2.026225e-01;1.689409e-01;4.921404e-02;6.707409e-02;5.898004e-02;4.897283e-02;8.915490e-02
6.893137e-02;2.592765e-02;7.797043e-02;2.799968e-02;8.405154e-02;1.729977e-01;1.915575e-01;3.998416e-02;7.313521e-02;6.675021e-02;8.414148e-02;8.655307e-02
4.617362e-02;2.898547e-02;8.992878e-02;5.135910e-02;1.158538e-01;1.413647e-01;1.308381e-01;4.734934e-02;8.552828e-02;1.068807e-01;8.941147e-02;6.632672e-02
1.145956e-01;3.743584e-02;1.240609e-01;6.232469e-02;9.242555e-02;1.119699e-01;1.321812e-01;5.314879e-02;6.393377e-02;1.173284e-01;5.624426e-02;3.435123e-02
1.162347e-01;4.651942e-02;1.305374e-01;6.040613e-02;6.957789e-02;1.125752e-01;1.353707e-01;7.016508e-02;6.699294e-02;1.075274e-01;5.361466e-02;3.047846e-02
6.095087e-02;3.884984e-02;7.115639e-02;3.674686e-02;9.530722e-02;1.004724e-01;1.565210e-01;1.047610e-01;9.245098e-02;1.495724e-01;4.915784e-02;4.405328e-02
3.862268e-02;3.838979e-02;9.433687e-02;3.885395e-02;6.926095e-02;1.044872e-01;1.502680e-01;8.596017e-02;1.553679e-01;1.526716e-01;3.989023e-02;3.189067e-02
3.226364e-02;3.063650e-02;1.165585e-01;7.020321e-02;7.098946e-02;7.957997e-02;1.444097e-01;8.517493e-02;2.043004e-01;1.112613e-01;3.459356e-02;2.002889e-02
2.296070e-02;2.791097e-02;9.704884e-02;1.182853e-01;8.172638e-02;7.601256e-02;8.206372e-02;1.465757e-01;1.828859e-01;1.111787e-01;3.122327e-02;2.212801e-02
4.870258e-02;4.020758e-02;9.744064e-02;1.589883e-01;6.675280e-02;6.730611e-02;7.256593e-02;1.058152e-01;1.961478e-01;7.497548e-02;2.811251e-02;4.298501e-02
6.446922e-02;8.848351e-02;1.412606e-01;1.165387e-01;5.362826e-02;4.512930e-02;1.478809e-01;1.100212e-01;1.319341e-01;4.338865e-02;2.627258e-02;3.099305e-02
5.396228e-02;1.152630e-01;1.177389e-01;9.170482e-02;6.790283e-02;3.276124e-02;1.325683e-01;1.531944e-01;9.012654e-02;8.261319e-02;3.509835e-02;2.706630e-02
2.804913e-02;1.237446e-01;6.037397e-02;6.055339e-02;9.806308e-02;2.934570e-02;8.576748e-02;1.593039e-01;1.368257e-01;1.423964e-01;4.136751e-02;3.420905e-02
2.873994e-02;1.095281e-01;5.324115e-02;3.394530e-02;1.163693e-01;6.867433e-02;6.100086e-02;9.967775e-02;1.738584e-01;1.745618e-01;4.257487e-02;3.782823e-02
7.902849e-02;6.917083e-02;1.050286e-01;5.253282e-02;8.857080e-02;1.085605e-01;1.008325e-01;3.790194e-02;1.471509e-01;1.428929e-01;4.810320e-02;2.022645e-02
1.177481e-01;3.113386e-02;1.138835e-01;7.687765e-02;6.231903e-02;7.892670e-02;1.404901e-01;6.739130e-02;1.354366e-01;1.080886e-01;5.783437e-02;9.870160e-03
1.005092e-01;2.825482e-02;1.127345e-01;9.146442e-02;5.575043e-02;3.306501e-02;1.552088e-01;1.009466e-01;1.489310e-01;8.914317e-02;5.820088e-02;2.579116e-02
8.317509e-02;5.927309e-02;1.399893e-01;8.752175e-02;4.312063e-02;2.861734e-02;1.665983e-01;8.843074e-02;1.253471e-01;8.568841e-02;5.085540e-02;4.138287e-02
1.253857e-01;8.525763e-02;1.750296e-01;8.178535e-02;4.397915e-02;4.441827e-02;1.744237e-01;4.386583e-02;6.014836e-02;7.959633e-02;4.248428e-02;4.362578e-02
1.766320e-01;8.506113e-02;1.392311e-01;6.974512e-02;8.908751e-02;6.079555e-02;9.498917e-02;3.301947e-02;9.000141e-02;6.844976e-02;4.576585e-02;4.722198e-02
