4.341559e-02;3.871823e-02;5.682622e-02;4.199976e-02;2.074467e-02;3.590211e-02;1.324454e-01;1.334736e-01;2.817720e-01;1.310079e-01;5.259126e-02;3.110318e-02
1.322456e-02;1.855315e-02;2.811368e-02;3.740172e-02;2.768836e-02;1.342817e-02;6.126736e-02;8.375243e-02;3.579274e-01;2.828342e-01;6.886013e-02;6.948899e-03
6.912061e-03;9.559347e-03;9.687564e-03;1.759776e-02;3.610772e-02;6.387968e-03;1.208969e-02;2.713179e-02;2.358714e-01;5.132598e-01;1.177563e-01;7.638635e-03
8.390523e-03;1.075313e-02;4.484354e-03;3.735289e-03;2.925447e-02;4.959212e-03;4.850861e-03;9.518277e-03;8.866692e-02;6.428536e-01;1.807016e-01;1.183183e-02
4.697145e-03;1.032493e-02;4.702734e-03;3.323656e-03;2.626809e-02;2.836384e-03;4.263931e-03;8.991247e-03;8.378498e-02;6.777979e-01;1.654906e-01;7.518498e-03
3.493948e-03;7.982397e-03;3.742834e-03;4.560191e-03;3.216634e-02;1.672159e-03;8.282974e-03;9.276894e-03;1.821501e-01;6.519935e-01;9.156983e-02;3.108846e-03
3.783938e-03;9.227327e-03;3.366485e-03;4.773694e-03;4.071035e-02;1.832177e-03;1.177603e-02;1.251809e-02;2.558153e-01;5.978909e-01;5.339493e-02;4.910795e-03
5.579738e-03;1.189866e-02;7.030728e-03;2.597953e-03;4.363924e-02;3.472901e-03;7.271086e-03;2.086133e-02;2.142954e-01;6.243311e-01;5.419648e-02;4.825378e-03
6.267306e-03;1.799574e-02;6.574613e-03;4.297819e-03;5.110957e-02;3.889974e-03;1.584384e-02;2.013137e-02;1.020946e-01;6.884107e-01;7.682301e-02;6.561425e-03
9.234518e-03;2.463559e-02;6.731146e-03;4.782725e-03;7.467218e-02;5.820817e-03;1.405984e-02;2.659049e-02;3.887624e-02;7.038424e-01;8.490666e-02;5.847394e-03
8.526433e-03;2.722690e-02;5.221893e-03;3.703821e-03;9.859394e-02;6.396734e-03;1.528641e-02;2.061898e-02;3.483877e-02;6.978484e-01;7.690956e-02;4.828162e-03
7.756781e-03;2.355436e-02;6.017056e-03;3.637316e-03;1.100378e-01;8.079999e-03;1.715938e-02;1.523321e-02;2.285623e-02;6.972060e-01;8.132625e-02;7.135632e-03
7.844944e-03;1.757954e-02;1.001117e-02;4.793388e-03;9.995344e-02;4.997685e-03;1.333941e-02;2.066246e-02;6.969067e-02;6.663234e-01;7.931003e-02;5.493892e-03
8.947816e-03;1.162079e-02;1.160769e-02;1.451988e-02;6.457890e-02;9.189961e-03;3.291234e-02;2.783422e-02;1.834417e-01;5.622115e-01;6.782938e-02;5.305876e-03
2.303235e-02;4.928711e-03;9.744539e-03;2.768897e-02;2.748810e-02;7.495033e-03;1.059053e-01;4.051989e-02;3.490806e-01;3.475584e-01;5.174060e-02;4.817451e-03
3.176554e-02;6.874091e-03;1.233706e-02;3.461713e-02;1.312781e-02;1.403110e-02;1.510197e-01;9.428952e-02;4.142122e-01;1.814636e-01;3.662194e-02;9.640425e-03
2.042094e-02;1.069386e-02;2.845006e-02;2.318493e-02;9.689286e-03;2.643975e-02;3.191044e-01;1.675012e-01;2.839732e-01;7.719315e-02;1.928204e-02;1.406727e-02
1.772142e-02;1.906640e-02;2.749981e-02;8.524464e-03;2.095046e-02;3.702723e-02;5.250782e-01;1.575391e-01;1.143905e-01;4.531553e-02;1.585735e-02;1.102949e-02
4.056475e-02;3.023909e-02;3.967712e-02;9.766351e-03;4.903384e-02;5.356942e-02;5.615211e-01;9.261452e-02;6.183217e-02;4.263735e-02;1.194854e-02;6.595750e-03
6.236072e-02;3.752967e-02;9.872265e-02;2.133560e-02;8.044839e-02;8.042163e-02;4.402558e-01;4.493533e-02;5.726828e-02;4.553102e-02;1.496644e-02;1.622445e-02
6.884563e-02;7.435285e-02;1.628948e-01;3.449131e-02;9.451614e-02;7.967474e-02;2.624972e-01;3.402409e-02;6.254689e-02;5.835862e-02;2.894247e-02;3.885529e-02
8.149005e-02;1.052595e-01;1.637882e-01;5.045350e-02;6.223591e-02;6.905556e-02;1.788904e-01;4.687350e-02;8.268804e-02;6.485044e-02;4.237943e-02;5.203551e-02
7.916737e-02;5.220237e-02;1.274345e-01;4.786277e-02;3.554118e-02;6.149683e-02;1.410019e-01;9.590638e-02;1.452297e-01;9.198351e-02;9.471595e-02;2.745769e-02
7.488912e-02;1.872702e-02;9.428068e-02;3.861720e-02;2.165285e-02;3.244914e-02;1.807763e-01;1.070823e-01;2.104119e-01;9.158912e-02;8.592129e-02;4.360307e-02
5.019448e-02;1.481145e-02;1.068480e-01;5.058998e-02;1.611921e-02;2.262969e-02;1.699555e-01;1.654389e-01;2.267637e-01;7.746121e-02;5.810907e-02;4.107876e-02
3.512213e-02;3.365596e-02;1.344862e-01;8.138568e-02;1.739953e-02;4.993752e-02;1.213332e-01;2.038879e-01;2.147093e-01;4.987402e-02;2.909424e-02;2.911447e-02
5.436262e-02;6.182199e-02;1.066826e-01;7.479107e-02;2.869277e-02;9.954594e-02;1.854440e-01;1.666227e-01;1.528877e-01;3.709491e-02;1.464210e-02;1.741166e-02
1.057273e-01;6.801426e-02;5.584571e-02;4.281955e-02;2.954884e-02;1.845103e-01;2.462143e-01;1.145519e-01;8.560234e-02;4.275521e-02;1.325612e-02;1.115423e-02
1.967597e-01;3.286410e-02;1.721069e-02;1.552112e-02;2.088420e-02;2.855718e-01;1.947054e-01;7.355793e-02;4.842268e-02;8.904762e-02;1.596066e-02;9.494229e-03
2.447062e-01;1.786911e-02;1.970006e-02;1.479680e-02;3.398302e-02;2.709298e-01;8.010846e-02;5.433125e-02;5.172651e-02;1.366053e-01;3.238971e-02;4.285382e-02
2.427003e-01;1.784543e-02;3.882758e-02;1.190500e-02;7.258211e-02;1.456423e-01;4.405808e-02;3.001054e-02;7.627641e-02;1.319484e-01;4.871916e-02;1.394847e-01
2.793094e-01;1.238766e-02;4.780006e-02;1.699669e-02;8.727676e-02;1.146907e-01;5.177983e-02;1.265831e-02;6.318275e-02;7.514533e-02;3.080816e-02;2.079644e-01
2.910143e-01;9.581529e-03;3.365041e-02;2.407952e-02;7.881105e-02;1.916242e-01;5.261419e-02;5.408288e-02;2.972263e-02;6.680325e-02;1.044954e-02;1.575664e-01
2.569775e-01;8.981712e-03;2.366163e-02;4.738687e-02;5.632567e-02;2.707091e-01;5.049910e-02;9.567226e-02;1.175567e-02;1.105166e-01;5.966726e-03;6.154714e-02
2.008988e-01;1.803969e-02;4.496863e-02;7.367133e-02;6.022397e-02;2.675025e-01;6.044504e-02;1.029058e-01;1.026865e-02;1.372353e-01;7.382801e-03;1.645753e-02
1.419212e-01;2.226198e-02;7.005861e-02;6.830369e-02;6.804203e-02;2.364112e-01;9.905694e-02;8.119750e-02;1.877328e-02;1.669824e-01;6.136288e-03;2.085484e-02
8.096875e-02;2.732438e-02;3.854159e-02;9.992199e-02;3.757031e-02;1.974019e-01;2.477787e-01;4.719758e-02;1.934202e-02;1.813809e-01;6.595775e-03;1.597617e-02
4.021183e-02;5.217233e-02;9.565007e-03;8.192915e-02;4.172195e-02;1.326827e-01;4.295782e-01;5.654146e-02;4.855617e-02;8.877002e-02;1.317216e-02;5.099155e-03
1.361594e-02;5.287112e-02;2.891056e-02;3.503941e-02;6.991782e-02;7.998226e-02;4.508530e-01;1.446329e-01;5.995498e-02;3.988227e-02;1.772879e-02;6.610963e-03
7.149864e-03;3.196535e-02;5.745596e-02;2.835221e-02;6.168445e-02;6.280185e-02;3.280463e-01;2.507294e-01;8.011512e-02;6.683303e-02;1.507375e-02;9.792717e-03
1.568096e-02;1.704937e-02;6.477956e-02;9.469620e-02;3.216441e-02;5.423739e-02;1.573174e-01;2.743827e-01;1.835642e-01;8.587734e-02;1.013399e-02;1.011642e-02
2.307923e-02;1.114391e-02;3.796799e-02;2.086949e-01;2.049518e-02;2.994659e-02;7.244063e-02;1.534112e-01;3.601247e-01;6.377216e-02;1.079501e-02;8.128419e-03
2.443886e-02;7.464837e-03;6.677043e-02;2.220442e-01;2.666673e-02;2.488177e-02;1.284876e-01;5.247875e-02;3.645565e-01;5.188995e-02;7.501548e-03;2.281891e-02
2.603637e-02;1.373958e-02;1.104571e-01;1.476866e-01;3.791830e-02;4.211340e-02;1.971917e-01;1.118077e-01;2.106545e-01;5.621964e-02;1.275537e-02;3.341975e-02
3.932265e-02;2.741336e-02;1.580227e-01;9.782103e-02;7.945056e-02;7.853921e-02;2.075851e-01;1.037522e-01;8.028657e-02;7.233365e-02;1.863730e-02;3.683570e-02
2.828250e-02;2.823043e-02;1.956857e-01;8.792374e-02;1.379505e-01;9.079050e-02;1.612452e-01;6.811834e-02;9.093609e-02;4.860935e-02;2.688766e-02;3.534006e-02
7.341270e-02;6.090834e-02;1.555994e-01;7.428466e-02;9.294016e-02;6.367572e-02;1.228232e-01;7.906225e-02;1.160734e-01;8.113834e-02;4.227859e-02;3.780318e-02
5.714227e-02;4.895155e-02;1.028593e-01;7.210988e-02;4.827676e-02;4.595244e-02;1.142463e-01;1.775548e-01;1.585059e-01;9.472051e-02;2.657157e-02;5.310877e-02
3.485456e-02;4.209135e-02;7.753388e-02;7.204629e-02;5.745217e-02;3.932045e-02;2.078917e-01;2.129799e-01;1.282633e-01;7.327224e-02;2.246338e-02;3.183087e-02
2.570194e-02;4.557715e-02;4.080030e-02;7.508714e-02;7.217049e-02;9.302647e-02;3.029792e-01;1.775081e-01;8.152241e-02;5.699238e-02;1.443837e-02;1.419609e-02
3.320852e-02;2.948680e-02;1.539151e-02;9.440769e-02;6.466265e-02;2.096315e-01;2.659039e-01;1.207963e-01;4.061055e-02;1.120648e-01;7.916227e-03;5.919590e-03
4.126449e-02;1.272476e-02;1.834794e-02;9.353426e-02;7.675331e-02;3.062155e-01;1.537463e-01;8.824448e-02;4.740921e-02;1.473752e-01;3.183622e-03;1.120092e-02
3.296614e-02;6.026035e-03;4.882406e-02;8.691072e-02;1.543910e-01;2.746544e-01;1.056387e-01;5.188976e-02;1.135365e-01;1.007253e-01;4.111391e-03;2.032592e-02
2.408086e-02;1.571464e-02;9.531146e-02;8.791480e-02;2.118498e-01;1.470510e-01;1.296065e-01;5.333478e-02;1.513363e-01;4.971624e-02;1.035320e-02;2.373037e-02
3.863136e-02;3.526677e-02;1.135373e-01;7.033846e-02;1.894536e-01;1.170111e-01;1.236248e-01;7.866322e-02;1.208276e-01;7.463741e-02;1.142496e-02;2.658333e-02
4.496414e-02;3.836673e-02;1.299624e-01;4.179114e-02;1.573683e-01;1.438420e-01;1.376361e-01;1.149816e-01;7.909802e-02;7.207015e-02;8.118758e-03;3.180062e-02
2.863386e-02;1.333983e-02;1.698941e-01;6.301450e-02;1.430349e-01;1.133632e-01;1.773160e-01;9.652226e-02;9.016711e-02;6.586617e-02;9.060797e-03;2.978725e-02
1.854884e-02;1.115785e-02;2.560007e-01;8.127400e-02;1.283635e-01;7.487429e-02;1.442363e-01;7.061585e-02;8.213890e-02;1.000172e-01;9.688623e-03;2.308396e-02
1.559075e-02;1.646706e-02;2.796415e-01;7.327233e-02;1.132029e-01;1.080330e-01;1.445032e-01;7.752285e-02;5.097478e-02;8.791019e-02;1.667756e-02;1.620384e-02
3.070535e-02;1.546847e-02;2.609765e-01;8.438268e-02;1.073300e-01;1.213683e-01;1.617442e-01;7.595170e-02;6.104975e-02;4.963782e-02;9.130957e-03;2.225436e-02
3.931970e-02;2.693575e-02;1.855604e-01;7.902163e-02;1.099977e-01;1.548143e-01;1.636364e-01;8.938989e-02;3.864831e-02;6.511840e-02;1.286258e-02;3.469494e-02
3.604942e-02;2.162101e-02;1.141359e-01;5.597264e-02;1.117944e-01;2.415123e-01;1.536016e-01;8.919872e-02;5.445618e-02;7.890829e-02;5.827049e-03;3.692247e-02
3.978344e-02;3.974172e-02;8.987276e-02;7.708859e-02;7.463758e-02;2.014623e-01;1.690513e-01;8.492791e-02;4.642995e-02;8.299110e-02;5.889948e-02;3.511385e-02
9.380121e-02;6.342264e-02;9.010988e-02;6.998999e-02;7.955354e-02;1.056477e-01;1.390515e-01;1.033130e-01;9.564108e-02;7.441115e-02;4.936733e-02;3.569097e-02
8.368743e-02;5.946495e-02;1.097847e-01;4.640260e-02;6.662139e-02;1.055026e-01;1.650457e-01;1.345062e-01;8.193686e-02;8.263128e-02;3.106944e-02;3.334684e-02
6.007143e-02;5.373710e-02;1.254225e-01;2.643345e-02;6.605747e-02;9.988688e-02;1.931240e-01;1.703725e-01;6.665283e-02;9.273513e-02;1.683727e-02;2.866951e-02
2.827604e-02;5.072681e-02;1.194652e-01;4.092611e-02;1.364518e-01;8.927614e-02;1.991791e-01;1.719635e-01;4.397332e-02;8.200748e-02;1.595789e-02;2.179653e-02
2.330150e-02;5.004929e-02;1.004879e-01;9.181339e-02;1.772100e-01;8.386422e-02;1.552262e-01;1.204915e-01;7.314433e-02;6.348815e-02;3.025627e-02;3.066725e-02
2.483771e-02;6.299271e-02;5.183662e-02;6.972942e-02;1.469650e-01;7.142640e-02;2.866406e-01;7.497941e-02;9.708054e-02;6.102210e-02;2.942083e-02;2.306864e-02
9.104636e-03;7.395340e-02;2.334237e-02;3.628168e-02;1.471405e-01;6.492441e-02;4.271186e-01;6.316675e-02;8.961259e-02;3.527339e-02;2.020864e-02;9.872992e-03
1.167644e-02;6.570848e-02;6.881293e-03;2.894448e-02;8.271194e-02;8.925737e-02;5.760428e-01;4.028441e-02;5.734924e-02;2.079321e-02;1.555862e-02;4.791686e-03
2.207647e-02;3.676935e-02;6.316354e-03;6.731092e-02;2.167246e-02;1.410577e-01;5.942376e-01;3.789324e-02;1.871570e-02;4.392426e-02;7.038395e-03;2.987547e-03
2.959881e-02;1.679513e-02;4.853065e-03;1.062585e-01;1.990096e-02;1.878206e-01;5.002193e-01;4.003294e-02;7.598421e-03;8.036817e-02;3.183814e-03;3.370398e-03
3.241955e-02;2.263085e-02;5.408261e-03;1.432369e-01;1.935524e-02;2.144853e-01;4.548690e-01;2.017309e-02;7.924656e-03;7.362388e-02;3.492505e-03;2.380751e-03
2.330354e-02;5.397908e-02;7.098787e-03;1.527650e-01;2.023678e-02;1.865532e-01;4.774032e-01;2.177100e-02;1.567117e-02;3.069491e-02;6.741986e-03;3.781317e-03
1.667007e-02;9.841658e-02;7.622896e-03;1.295989e-01;2.021074e-02;1.221523e-01;5.019410e-01;2.155775e-02;4.856190e-02;1.353981e-02;1.556605e-02;4.162021e-03
9.576201e-03;1.570493e-01;3.415149e-03;9.803703e-02;1.029928e-02;6.984503e-02;5.203708e-01;1.162464e-02;8.438420e-02;6.665649e-03;2.740284e-02;1.329944e-03
5.003912e-03;2.094588e-01;4.547491e-03;4.749369e-02;1.563494e-02;3.516574e-02;5.062280e-01;2.472316e-02;9.862398e-02;3.297323e-03;4.859404e-02;1.228998e-03
2.591688e-03;2.556886e-01;4.993253e-03;1.833300e-02;2.318090e-02;2.791125e-02;4.916371e-01;2.713664e-02;8.207578e-02;4.726444e-03;5.948999e-02;2.235363e-03
8.383667e-03;2.817649e-01;6.666420e-03;6.988552e-03;2.217282e-02;4.943664e-02;4.860032e-01;2.806614e-02;4.975797e-02;6.367156e-03;5.031746e-02;4.075096e-03
1.702949e-02;2.358667e-01;9.361035e-03;5.075907e-03;2.178425e-02;9.276092e-02;5.112519e-01;1.549331e-02;3.123135e-02;1.221494e-02;4.233091e-02;5.599211e-03
1.697153e-02;1.396458e-01;1.302807e-02;8.082669e-03;1.975626e-02;1.142403e-01;5.204828e-01;5.720384e-02;2.916095e-02;1.354277e-02;6.469025e-02;3.194753e-03
1.284160e-02;8.914696e-02;1.604513e-02;8.721575e-03;3.112834e-02;1.097043e-01;5.222545e-01;9.541778e-02;2.079461e-02;1.032655e-02;7.818204e-02;5.436592e-03
4.352767e-02;6.706947e-02;4.340203e-02;2.486436e-02;6.549800e-02;1.339408e-01;3.968154e-01;9.931889e-02;1.864146e-02;2.703376e-02;6.656565e-02;1.332251e-02
5.902315e-02;8.775471e-02;1.223124e-01;5.509124e-02;1.033872e-01;1.441624e-01;2.296121e-01;5.780353e-02;3.047878e-02;3.916758e-02;4.315855e-02;2.804839e-02
3.131086e-02;1.072950e-01;1.765042e-01;4.095068e-02;9.058937e-02;7.976432e-02;3.011742e-01;3.352637e-02;3.097968e-02;3.504192e-02;4.870696e-02;2.415643e-02
2.384443e-02;1.077787e-01;1.756151e-01;2.632372e-02;7.862481e-02;6.725981e-02;3.332104e-01;4.906947e-02;4.625199e-02;2.863027e-02;4.886956e-02;1.452171e-02
3.499440e-02;8.350918e-02;1.299342e-01;3.261900e-02;8.597596e-02;6.552875e-02;3.616455e-01;5.085342e-02;6.563261e-02;2.077082e-02;5.369901e-02;1.483707e-02
5.425087e-02;6.180755e-02;9.765706e-02;4.666769e-02;8.155311e-02;8.321121e-02;3.428752e-01;4.433389e-02;8.108833e-02;3.440261e-02;4.103394e-02;3.111846e-02
6.287976e-02;6.943697e-02;1.361734e-01;5.617952e-02;6.424040e-02;8.855367e-02;3.119912e-01;4.589716e-02;5.621223e-02;5.135151e-02;2.431764e-02;3.276652e-02
5.213966e-02;4.929282e-02;1.355689e-01;6.491069e-02;9.523162e-02;8.800253e-02;2.953953e-01;4.800411e-02;4.727468e-02;7.557043e-02;2.285682e-02;2.575236e-02
5.114625e-02;3.484795e-02;1.031043e-01;8.196252e-02;1.177174e-01;8.668762e-02;2.583827e-01;5.605150e-02;5.786670e-02;9.252190e-02;3.671888e-02;2.299236e-02
3.875317e-02;4.509872e-02;8.245147e-02;9.659559e-02;1.051687e-01;9.865868e-02;2.101021e-01;8.509079e-02;6.731494e-02;9.067597e-02;4.080504e-02;3.928484e-02
4.965616e-02;6.053453e-02;7.415929e-02;8.456121e-02;7.823705e-02;1.003397e-01;1.925781e-01;1.093919e-01;6.781048e-02;9.394183e-02;4.503144e-02;4.375829e-02
5.497358e-02;5.481495e-02;9.873765e-02;8.310045e-02;8.689976e-02;9.690266e-02;1.574226e-01;1.061068e-01;9.662446e-02;6.975237e-02;5.376356e-02;4.090116e-02
4.482160e-02;6.200184e-02;1.169605e-01;8.042939e-02;1.476537e-01;7.164764e-02;1.154692e-01;7.459566e-02;8.612899e-02;1.040177e-01;5.169423e-02;4.457958e-02
3.745536e-02;5.834071e-02;8.716172e-02;5.567794e-02;1.497220e-01;6.249540e-02;1.349480e-01;1.074908e-01;9.760757e-02;1.305024e-01;3.900628e-02;3.959185e-02
5.576850e-02;5.657180e-02;7.437792e-02;6.623993e-02;9.232215e-02;8.416012e-02;1.130944e-01;1.205855e-01;1.206149e-01;1.431912e-01;4.764256e-02;2.543099e-02
7.088260e-02;5.700265e-02;6.440616e-02;7.359439e-02;5.947834e-02;6.224223e-02;9.299475e-02;7.542264e-02;1.869166e-01;1.507270e-01;7.202101e-02;3.431156e-02
6.423618e-02;8.941451e-02;8.500882e-02;5.929449e-02;1.047845e-01;5.502308e-02;1.152308e-01;7.695030e-02;1.304900e-01;1.158508e-01;5.768010e-02;4.603655e-02
5.069984e-02;8.361643e-02;1.195599e-01;4.978986e-02;1.043337e-01;1.019579e-01;1.529153e-01;8.544267e-02;6.440758e-02;9.790304e-02;5.355936e-02;3.581452e-02
5.735688e-02;5.505819e-02;1.140103e-01;3.325957e-02;9.079561e-02;1.019039e-01;2.256709e-01;9.541949e-02;6.796866e-02;7.482757e-02;4.438100e-02;3.934800e-02
5.375773e-02;6.023842e-02;1.388527e-01;5.887674e-02;8.404785e-02;9.059083e-02;2.849437e-01;6.899642e-02;6.213608e-02;4.177101e-02;3.525892e-02;2.052961e-02
3.599287e-02;7.465938e-02;1.130887e-01;9.194994e-02;8.411896e-02;8.914956e-02;2.953809e-01;5.416393e-02;6.523381e-02;3.659020e-02;3.990903e-02;1.976279e-02
4.401657e-02;6.351196e-02;1.027410e-01;7.889096e-02;7.750083e-02;8.150040e-02;3.107362e-01;5.058445e-02;7.563721e-02;5.837294e-02;4.137861e-02;1.512884e-02
7.136978e-02;4.102409e-02;9.528431e-02;5.746728e-02;7.970344e-02;6.500109e-02;3.137280e-01;6.059540e-02;8.479426e-02;6.719716e-02;3.921249e-02;2.462264e-02
8.733727e-02;4.351388e-02;1.661036e-01;7.195471e-02;7.316597e-02;6.796142e-02;2.278093e-01;5.310206e-02;7.860511e-02;3.981571e-02;5.844394e-02;3.218705e-02
8.861969e-02;4.376496e-02;1.988927e-01;6.946417e-02;7.257967e-02;6.976458e-02;1.995626e-01;4.447516e-02;6.849046e-02;7.053093e-02;2.664554e-02;4.720952e-02
7.390978e-02;6.135425e-02;1.494017e-01;6.016243e-02;7.777928e-02;1.014161e-01;2.160840e-01;6.070499e-02;3.316895e-02;8.887211e-02;3.722296e-02;3.992341e-02
5.273214e-02;9.614171e-02;9.680240e-02;6.280721e-02;6.116950e-02;1.012524e-01;2.703077e-01;6.638599e-02;4.494782e-02;8.478159e-02;4.151044e-02;2.116105e-02
1.755591e-02;6.581533e-02;9.966723e-02;2.971723e-02;4.971175e-02;8.548101e-02;2.985381e-01;1.910041e-01;4.185724e-02;7.098711e-02;3.076298e-02;1.890196e-02
1.235293e-02;2.013988e-02;1.041089e-01;2.263659e-02;2.301898e-02;1.244200e-01;2.988797e-01;2.405573e-01;4.811538e-02;7.011391e-02;9.426385e-03;2.623001e-02
8.567075e-03;6.823087e-03;7.780518e-02;1.414288e-02;1.110653e-02;2.098659e-01;3.306381e-01;2.009128e-01;4.840691e-02;5.637758e-02;7.881709e-03;2.747229e-02
4.106114e-03;7.253988e-03;5.961086e-02;6.786208e-03;9.055312e-03;2.997473e-01;3.308935e-01;1.660339e-01;4.608295e-02;4.185571e-02;4.767873e-03;2.380626e-02
3.104891e-03;7.078106e-03;4.249835e-02;9.057785e-03;5.483191e-03;3.675337e-01;3.333421e-01;1.273280e-01;5.234497e-02;3.233641e-02;3.224095e-03;1.666844e-02
4.208212e-03;9.311773e-03;3.239115e-02;1.217981e-02;6.054667e-03;3.348176e-01;3.675219e-01;1.168087e-01;6.233803e-02;3.360872e-02;4.557192e-03;1.620219e-02
7.357228e-03;6.558737e-03;4.093752e-02;8.901596e-03;1.013507e-02;2.314685e-01;3.937306e-01;1.583552e-01;6.953979e-02;4.981745e-02;5.060534e-03;1.813781e-02
1.554177e-02;9.070234e-03;3.746358e-02;2.410572e-02;2.224701e-02;1.391208e-01;3.475044e-01;1.610306e-01;1.304563e-01;9.115118e-02;6.171594e-03;1.613676e-02
1.459694e-02;1.337031e-02;2.936537e-02;3.128504e-02;4.695627e-02;8.057343e-02;2.191626e-01;1.833147e-01;1.546591e-01;1.966898e-01;2.009047e-02;9.936043e-03
1.021662e-02;1.326992e-02;1.043181e-02;1.484901e-02;5.808192e-02;4.173978e-02;7.548939e-02;4.025176e-01;7.168206e-02;2.551163e-01;4.241043e-02;4.195161e-03
7.690999e-03;1.010894e-02;1.228833e-02;6.784750e-03;3.860317e-02;3.046864e-02;3.081714e-02;5.493542e-01;1.870939e-02;2.019321e-01;8.359202e-02;9.650353e-03
1.123116e-02;7.296999e-03;2.211360e-02;1.306613e-02;2.100532e-02;5.008763e-02;5.843410e-02;4.096898e-01;2.706688e-02;2.224631e-01;1.397474e-01;1.779782e-02
5.038515e-03;9.440647e-03;1.477925e-02;7.014093e-03;3.433607e-02;4.442631e-02;6.073498e-02;3.519914e-01;2.995690e-02;3.169781e-01;1.184216e-01;6.882157e-03
5.270690e-03;1.371447e-02;8.399801e-03;8.866412e-03;4.193876e-02;3.124720e-02;4.494829e-02;2.880672e-01;2.909828e-02;3.822814e-01;1.354109e-01;1.075657e-02
1.388394e-02;2.115305e-02;6.777902e-03;6.058847e-03;7.499503e-02;2.582022e-02;2.949180e-02;1.674845e-01;3.998322e-02;4.251988e-01;1.770088e-01;1.214396e-02
2.426156e-02;2.219600e-02;1.456176e-02;8.875336e-03;8.934522e-02;2.122898e-02;3.370343e-02;8.170282e-02;8.283648e-02;4.374797e-01;1.724098e-01;1.139890e-02
1.969300e-02;2.014664e-02;3.019443e-02;1.833611e-02;5.752203e-02;2.724958e-02;1.200471e-01;5.556284e-02;1.303548e-01;3.777151e-01;1.233002e-01;1.987819e-02
4.741722e-02;2.416635e-02;5.320811e-02;2.700000e-02;4.055902e-02;2.409826e-02;2.289014e-01;7.050955e-02;1.262054e-01;2.514044e-01;8.035073e-02;2.617959e-02
3.842941e-02;1.890576e-02;6.696016e-02;5.018269e-02;6.175789e-02;5.173269e-02;2.730750e-01;7.699592e-02;8.938444e-02;1.548073e-01;7.650428e-02;4.126440e-02
6.292660e-02;3.342777e-02;1.107085e-01;7.801307e-02;6.600370e-02;6.489597e-02;1.882281e-01;9.573496e-02;7.508733e-02;9.818201e-02;7.891513e-02;4.787681e-02
6.399623e-02;3.935185e-02;1.259550e-01;8.803012e-02;8.533837e-02;8.260523e-02;1.008594e-01;1.112853e-01;6.322627e-02;9.455568e-02;8.100253e-02;6.379405e-02
5.908316e-02;4.347948e-02;1.153170e-01;8.559800e-02;7.466834e-02;1.078849e-01;1.487344e-01;1.071513e-01;7.949678e-02;8.860953e-02;5.868027e-02;3.129676e-02
5.966936e-02;5.288351e-02;1.083004e-01;7.343669e-02;7.489514e-02;9.835726e-02;1.534968e-01;1.349999e-01;6.204844e-02;9.712341e-02;4.287923e-02;4.190984e-02
5.346312e-02;5.858631e-02;1.107599e-01;6.119265e-02;9.153957e-02;1.184694e-01;1.182257e-01;1.257856e-01;6.015987e-02;1.063165e-01;4.471412e-02;5.078718e-02
5.317036e-02;5.955407e-02;1.102744e-01;4.077106e-02;1.159671e-01;1.301792e-01;8.663031e-02;1.125595e-01;6.201068e-02;1.256473e-01;5.272547e-02;5.051041e-02
4.566182e-02;4.290993e-02;7.197989e-02;3.196770e-02;1.036052e-01;7.443701e-02;1.687657e-01;8.575358e-02;9.160209e-02;2.085004e-01;4.645279e-02;2.836384e-02
3.736911e-02;2.297927e-02;5.020731e-02;2.509541e-02;4.369132e-02;5.118246e-02;3.340063e-01;9.374788e-02;9.762873e-02;1.844458e-01;3.832242e-02;2.132400e-02
1.853748e-02;2.046759e-02;4.554293e-02;1.808040e-02;4.076877e-02;4.395476e-02;4.942266e-01;1.130704e-01;7.243589e-02;8.915121e-02;2.777766e-02;1.598637e-02
7.358484e-03;2.687762e-02;2.780536e-02;1.199238e-02;9.168170e-02;3.920343e-02;5.886132e-01;1.074310e-01;4.984097e-02;2.502191e-02;1.673107e-02;7.442863e-03
7.539206e-03;2.820138e-02;2.597651e-02;7.380982e-03;1.368070e-01;3.341655e-02;6.123967e-01;9.495527e-02;2.733064e-02;1.115940e-02;1.094807e-02;3.888332e-03
4.688538e-03;4.293806e-02;1.966523e-02;1.148918e-02;1.443778e-01;2.818218e-02;6.220103e-01;8.152585e-02;1.602686e-02;1.008429e-02;1.586292e-02;3.148782e-03
6.694410e-03;6.390180e-02;1.867755e-02;1.481896e-02;1.137520e-01;3.792660e-02;6.305578e-01;6.686103e-02;1.478519e-02;9.420861e-03;1.925055e-02;3.353238e-03
9.834944e-03;6.880346e-02;2.711242e-02;1.135527e-02;9.310753e-02;8.027225e-02;5.997261e-01;5.353993e-02;1.764480e-02;1.388024e-02;1.915866e-02;5.564404e-03
2.482179e-02;5.041555e-02;6.245859e-02;2.485313e-02;1.082879e-01;1.224231e-01;4.725411e-01;4.427117e-02;2.953538e-02;2.746817e-02;1.926330e-02;1.366076e-02
3.908615e-02;3.913427e-02;1.506175e-01;3.861779e-02;1.316167e-01;1.300952e-01;2.978822e-01;4.690525e-02;3.118865e-02;4.098237e-02;2.753961e-02;2.633440e-02
2.808801e-02;6.587868e-02;2.284907e-01;4.839208e-02;1.230646e-01;9.744982e-02;1.524386e-01;7.303474e-02;4.314863e-02;6.180445e-02;4.460409e-02;3.360575e-02
2.715358e-02;7.169086e-02;1.590968e-01;6.743827e-02;6.700216e-02;7.168500e-02;2.248720e-01;7.794500e-02;5.471930e-02;7.758163e-02;5.274055e-02;4.807488e-02
3.832984e-02;7.360253e-02;1.231426e-01;9.444242e-02;8.169921e-02;8.614967e-02;2.348132e-01;4.764110e-02;4.242962e-02;6.569090e-02;5.036886e-02;6.169011e-02
5.979522e-02;8.663444e-02;1.076368e-01;9.467842e-02;8.226993e-02;6.743547e-02;1.997290e-01;5.720288e-02;7.059061e-02;6.210759e-02;5.586288e-02;5.605681e-02
6.587842e-02;9.290317e-02;1.073137e-01;9.189104e-02;8.648918e-02;4.617871e-02;1.455937e-01;8.960209e-02;9.989209e-02;6.364277e-02;5.961689e-02;5.099819e-02
6.225425e-02;1.038074e-01;8.637464e-02;6.627072e-02;9.201647e-02;9.458474e-02;1.079471e-01;9.401877e-02;8.594439e-02;9.403095e-02;7.829113e-02;3.445946e-02
7.950185e-02;1.111303e-01;8.565500e-02;6.807198e-02;7.697947e-02;8.501723e-02;1.155378e-01;8.790988e-02;8.526047e-02;9.946194e-02;7.210894e-02;3.336512e-02
6.700487e-02;1.206103e-01;5.712147e-02;5.396678e-02;6.691957e-02;8.250012e-02;1.555304e-01;1.109872e-01;1.097607e-01;9.044939e-02;4.811831e-02;3.703085e-02
4.975240e-02;9.407783e-02;8.846071e-02;7.902315e-02;5.292262e-02;7.994457e-02;1.294787e-01;1.280083e-01;1.145487e-01;1.009908e-01;3.714745e-02;4.564486e-02
7.724015e-02;6.546285e-02;1.470110e-01;8.630900e-02;5.628381e-02;1.103273e-01;7.257322e-02;1.300624e-01;6.424382e-02;1.259429e-01;4.355102e-02;2.099248e-02
5.106933e-02;5.964839e-02;1.428369e-01;9.598330e-02;5.592272e-02;1.064577e-01;1.121181e-01;1.012873e-01;1.010573e-01;1.073742e-01;2.764350e-02;3.860129e-02
8.516475e-02;6.921642e-02;1.299277e-01;9.674750e-02;5.186684e-02;1.105613e-01;1.003018e-01;6.281421e-02;1.089440e-01;9.096696e-02;3.890816e-02;5.458039e-02
1.371078e-01;4.064144e-02;6.815002e-02;6.752934e-02;2.653865e-02;5.739092e-02;1.341439e-01;1.149386e-01;1.400584e-01;7.748379e-02;5.651292e-02;7.950427e-02
1.129773e-01;4.619672e-02;1.296666e-01;6.751957e-02;1.710196e-02;4.095346e-02;1.043975e-01;1.651079e-01;1.171946e-01;7.261609e-02;4.183418e-02;8.443413e-02
6.203089e-02;3.731829e-02;1.761449e-01;3.727974e-02;3.389416e-02;3.597173e-02;1.426869e-01;2.370894e-01;7.503247e-02;5.986785e-02;3.516607e-02;6.751758e-02
1.994988e-02;5.846816e-02;1.311073e-01;1.253394e-02;6.684811e-02;2.873621e-02;2.400243e-01;2.722073e-01;7.323696e-02;3.629315e-02;3.430758e-02;2.628714e-02
9.719716e-03;7.851581e-02;5.690539e-02;1.953221e-02;1.007624e-01;2.381433e-02;2.741604e-01;2.372682e-01;1.257981e-01;3.512987e-02;3.221118e-02;6.182374e-03
7.002348e-02;7.392171e-02;3.223118e-02;5.780245e-02;8.191320e-02;7.940079e-02;2.297503e-01;1.453439e-01;1.163775e-01;6.897309e-02;3.863059e-02;5.631845e-03
2.119384e-01;4.193199e-02;2.084697e-02;8.717471e-02;4.120290e-02;1.939899e-01;1.052930e-01;8.891950e-02;4.267365e-02;1.051264e-01;4.253676e-02;1.836593e-02
3.062413e-01;1.915504e-02;3.572493e-02;5.551156e-02;4.278470e-02;2.158541e-01;4.163258e-02;9.932420e-02;1.264173e-02;7.294824e-02;3.506384e-02;6.311776e-02
3.417327e-01;1.536767e-02;5.118201e-02;2.354285e-02;5.652584e-02;1.465900e-01;2.844239e-02;7.216998e-02;2.676284e-02;3.997432e-02;2.258176e-02;1.751276e-01
2.865019e-01;2.013092e-02;5.620915e-02;2.255533e-02;6.335021e-02;1.077409e-01;4.960077e-02;3.652778e-02;3.637769e-02;4.089180e-02;1.569850e-02;2.644150e-01
2.219946e-01;1.462045e-02;2.933099e-02;2.464385e-02;7.625373e-02;2.228296e-01;4.146900e-02;6.982654e-02;4.475920e-02;4.852969e-02;3.372925e-02;1.720130e-01
1.976376e-01;7.751004e-03;1.452052e-02;2.837248e-02;5.486587e-02;3.283022e-01;5.296179e-02;1.190766e-01;3.476901e-02;8.915577e-02;1.928527e-02;5.330182e-02
1.797576e-01;6.496935e-03;5.342545e-03;3.378407e-02;3.998016e-02;3.807055e-01;6.384285e-02;1.324659e-01;1.858526e-02;1.164960e-01;5.045532e-03;1.749771e-02
1.628413e-01;1.272609e-02;1.198955e-02;3.532608e-02;7.247349e-02;3.618705e-01;8.431616e-02;1.155778e-01;2.114699e-02;1.031018e-01;2.148557e-03;1.648169e-02
1.283368e-01;1.305799e-02;2.438413e-02;4.271221e-02;1.280334e-01;2.796043e-01;1.498030e-01;1.023542e-01;2.656318e-02;7.137821e-02;6.246340e-03;2.752624e-02
7.959634e-02;1.457646e-02;3.969348e-02;4.009246e-02;1.265153e-01;2.140395e-01;2.485542e-01;1.016464e-01;1.877928e-02;8.528659e-02;7.890486e-03;2.332938e-02
5.748053e-02;1.170601e-02;9.051512e-02;3.745108e-02;1.062879e-01;1.812218e-01;2.750498e-01;8.601001e-02;2.921574e-02;1.001657e-01;8.083212e-03;1.681305e-02
7.291345e-02;1.906512e-02;1.589680e-01;5.693708e-02;1.007032e-01;1.503976e-01;2.054840e-01;7.689247e-02;3.716300e-02;9.635743e-02;8.204921e-03;1.691369e-02
1.023413e-01;2.689081e-02;1.523897e-01;6.162788e-02;6.755033e-02;1.401889e-01;1.821142e-01;1.043397e-01;2.797825e-02;8.462109e-02;2.159681e-02;2.836100e-02
1.134946e-01;1.754940e-02;8.525910e-02;4.937157e-02;1.105346e-01;2.202201e-01;1.451747e-01;1.139384e-01;3.446633e-02;6.178966e-02;1.606877e-02;3.213262e-02
1.521128e-01;2.636207e-02;5.507308e-02;4.273069e-02;1.191241e-01;2.354135e-01;1.262956e-01;7.663043e-02;3.456356e-02;8.617116e-02;1.512457e-02;3.039862e-02
9.784994e-02;4.587145e-02;6.331308e-02;6.642445e-02;5.829716e-02;1.782489e-01;9.483676e-02;8.393988e-02;6.047235e-02;1.664421e-01;3.459355e-02;4.971042e-02
5.796630e-02;5.191402e-02;5.989068e-02;8.188207e-02;6.503462e-02;1.491638e-01;1.075507e-01;9.652326e-02;7.139442e-02;1.705219e-01;4.826789e-02;3.989023e-02
6.323574e-02;5.268018e-02;6.014169e-02;6.951122e-02;9.223688e-02;1.232037e-01;2.109793e-01;6.347308e-02;5.862886e-02;1.229527e-01;5.413673e-02;2.881981e-02
4.623140e-02;4.798028e-02;4.994449e-02;3.576570e-02;7.578643e-02;1.029437e-01;4.117814e-01;5.489551e-02;6.528354e-02;5.555967e-02;3.320845e-02;2.061939e-02
1.850276e-02;5.395383e-02;2.732264e-02;4.591177e-02;5.195572e-02;8.716664e-02;5.087244e-01;5.115032e-02;8.188064e-02;4.368833e-02;2.155643e-02;8.186586e-03
1.070066e-02;6.280348e-02;2.071446e-02;9.885199e-02;4.329128e-02;7.347107e-02;5.161382e-01;4.011365e-02;8.208871e-02;3.336741e-02;1.547401e-02;2.985041e-03
2.242674e-02;6.240231e-02;4.971559e-02;1.577064e-01;4.967203e-02;7.549607e-02;4.120027e-01;4.468221e-02;6.803542e-02;3.931791e-02;1.300243e-02;5.540289e-03
3.679407e-02;5.566139e-02;1.314772e-01;1.718339e-01;4.650008e-02;7.036359e-02;2.837380e-01;5.213928e-02;5.768192e-02;6.636484e-02;1.607735e-02;1.136844e-02
3.319657e-02;3.689484e-02;2.355616e-01;1.447440e-01;9.751529e-02;6.429802e-02;1.647744e-01;4.052616e-02;4.940644e-02;7.381831e-02;3.019039e-02;2.907397e-02
1.366688e-02;1.973461e-02;1.883154e-01;1.013510e-01;2.329755e-01;7.941420e-02;1.143240e-01;2.532583e-02;7.494681e-02;4.320744e-02;3.985748e-02;6.688085e-02
2.542225e-02;5.386494e-03;1.031341e-01;7.179612e-02;1.923284e-01;7.689243e-02;8.937743e-02;4.970249e-02;1.631914e-01;5.359781e-02;6.762365e-02;1.015474e-01
4.985370e-02;9.374871e-03;5.462489e-02;3.590652e-02;9.791386e-02;1.168213e-01;1.265616e-01;4.874542e-02;2.752938e-01;3.956333e-02;5.183210e-02;9.350861e-02
8.929767e-02;8.647514e-03;2.726754e-02;2.111183e-02;7.325082e-02;1.908214e-01;1.168324e-01;4.220932e-02;2.716903e-01;6.440081e-02;2.996975e-02;6.450065e-02
1.369157e-01;6.851482e-03;1.138048e-02;1.152505e-02;6.121840e-02;3.225289e-01;1.104064e-01;2.272394e-02;1.823793e-01;8.892196e-02;1.154438e-02;3.360413e-02
1.688436e-01;5.170238e-03;1.061241e-02;9.987693e-03;8.766158e-02;4.567280e-01;8.549504e-02;1.769671e-02;5.469074e-02;6.669493e-02;4.301955e-03;3.211705e-02
1.583980e-01;2.177821e-03;7.791399e-03;7.961389e-03;1.220943e-01;5.169924e-01;5.624470e-02;1.554867e-02;2.241896e-02;4.404716e-02;4.590587e-03;4.173466e-02
1.127116e-01;1.229547e-03;1.684351e-02;2.322652e-02;1.862274e-01;4.381118e-01;6.454441e-02;1.768641e-02;3.886777e-02;3.558191e-02;4.990584e-03;5.997849e-02
7.916526e-02;3.210392e-03;4.592470e-02;4.544555e-02;2.372163e-01;3.119434e-01;7.810924e-02;1.595322e-02;7.067606e-02;2.812677e-02;8.065884e-03;7.616322e-02
6.457862e-02;8.534473e-03;9.963982e-02;6.871127e-02;2.433106e-01;2.003545e-01;8.301922e-02;2.568006e-02;9.795404e-02;2.338178e-02;1.049553e-02;7.434002e-02
4.488853e-02;1.440645e-02;2.282725e-01;8.881059e-02;1.798057e-01;1.029553e-01;9.303599e-02;4.048469e-02;9.392346e-02;2.894747e-02;2.045248e-02;6.401682e-02
2.368938e-02;2.364977e-02;4.854428e-01;6.702926e-02;6.998073e-02;1.012847e-01;4.259903e-02;3.235709e-02;4.768382e-02;5.307570e-02;2.060673e-02;3.260101e-02
2.998357e-02;2.092848e-02;4.841826e-01;6.048159e-02;8.266588e-02;1.081441e-01;6.327648e-02;3.416872e-02;3.884291e-02;4.127616e-02;2.202713e-02;1.402231e-02
4.534623e-02;1.785147e-02;2.538212e-01;6.455582e-02;1.410827e-01;1.244022e-01;1.308209e-01;6.251726e-02;4.003328e-02;4.124889e-02;3.222112e-02;4.609903e-02
6.715737e-02;3.314675e-02;6.194000e-02;4.901810e-02;1.019844e-01;1.795173e-01;2.686807e-01;7.732624e-02;4.065626e-02;6.007751e-02;2.451556e-02;3.597984e-02
5.975419e-02;5.792144e-02;1.824053e-02;5.260229e-02;4.902756e-02;1.958909e-01;3.928559e-01;7.704361e-02;2.686823e-02;4.491280e-02;1.484047e-02;1.004209e-02
4.567669e-02;8.637982e-02;8.811140e-03;7.334403e-02;2.336328e-02;1.696126e-01;4.451121e-01;7.465164e-02;2.471274e-02;3.418785e-02;1.207728e-02;2.070808e-03
4.586798e-02;1.102028e-01;8.428615e-03;1.175684e-01;1.288977e-02;1.530586e-01;4.084510e-01;5.771134e-02;2.549918e-02;4.343385e-02;1.383327e-02;3.055152e-03
7.514788e-02;9.969312e-02;1.250085e-02;1.891085e-01;1.535048e-02;1.646905e-01;3.182000e-01;2.902415e-02;2.253706e-02;5.755730e-02;1.080043e-02;5.389792e-03
1.025044e-01;7.497951e-02;1.335294e-02;2.179211e-01;1.820296e-02;1.682673e-01;2.876173e-01;2.063184e-02;1.901884e-02;5.587307e-02;1.267071e-02;8.959975e-03
1.389281e-01;8.724046e-02;8.995814e-03;1.778301e-01;1.681521e-02;1.785802e-01;3.020258e-01;1.074078e-02;1.730559e-02;4.508728e-02;1.149496e-02;4.955815e-03
2.113453e-01;8.084199e-02;1.194656e-02;1.099452e-01;2.992142e-02;1.872232e-01;2.464886e-01;1.739717e-02;1.478355e-02;7.246209e-02;5.408974e-03;1.223598e-02
2.319431e-01;5.867087e-02;3.447657e-02;7.073616e-02;5.141841e-02;1.835200e-01;1.976759e-01;2.989797e-02;1.646361e-02;8.893163e-02;7.898006e-03;2.836785e-02
1.901081e-01;6.016061e-02;8.915461e-02;5.608094e-02;7.479074e-02;1.567949e-01;1.603000e-01;4.061529e-02;2.845970e-02;8.464531e-02;1.263082e-02;4.625898e-02
8.547679e-02;5.805256e-02;2.115199e-01;8.396918e-02;1.007739e-01;1.044870e-01;1.333552e-01;5.240598e-02;3.106012e-02;7.833115e-02;1.022309e-02;5.034510e-02
5.530996e-02;4.962007e-02;2.594167e-01;9.669030e-02;1.005027e-01;1.174451e-01;1.712090e-01;3.643267e-02;3.116889e-02;4.488752e-02;1.659624e-02;2.072090e-02
6.449310e-02;5.958184e-02;1.872852e-01;9.446616e-02;8.261240e-02;1.184601e-01;1.768026e-01;4.892805e-02;4.527881e-02;4.887569e-02;4.007012e-02;3.314588e-02
5.249582e-02;5.548210e-02;1.047488e-01;6.887656e-02;6.596351e-02;1.018140e-01;1.740349e-01;1.126065e-01;8.842096e-02;6.072173e-02;6.266820e-02;5.216689e-02
7.463854e-02;5.152825e-02;6.474162e-02;5.929252e-02;6.883935e-02;1.136995e-01;2.443337e-01;9.640875e-02;7.327647e-02;7.162665e-02;4.164814e-02;3.996661e-02
8.014093e-02;4.291547e-02;4.812716e-02;7.614338e-02;9.311126e-02;1.629936e-01;2.475174e-01;7.949432e-02;5.435224e-02;6.211476e-02;2.311307e-02;2.997644e-02
6.691385e-02;2.044838e-02;5.365434e-02;1.225180e-01;1.722826e-01;1.915383e-01;1.939583e-01;4.469467e-02;5.459661e-02;4.204292e-02;9.226819e-03;2.812516e-02
3.813430e-02;1.028649e-02;1.087174e-01;1.442094e-01;2.674332e-01;1.646898e-01;1.202098e-01;1.986611e-02;7.222428e-02;2.394903e-02;6.405856e-03;2.387425e-02
2.001308e-02;1.626690e-02;1.333152e-01;1.106475e-01;2.959350e-01;1.771172e-01;1.085572e-01;2.683466e-02;6.365761e-02;1.822517e-02;6.871075e-03;2.255935e-02
3.487046e-02;1.663901e-02;8.694857e-02;5.670496e-02;2.613667e-01;2.329915e-01;1.364421e-01;8.572845e-02;3.278917e-02;1.704308e-02;9.676111e-03;2.879993e-02
5.751939e-02;1.256701e-02;5.063877e-02;3.650664e-02;2.045712e-01;2.119196e-01;2.157791e-01;1.338460e-01;3.984563e-02;2.050666e-02;3.745874e-03;1.255406e-02
3.918863e-02;7.747545e-03;1.527201e-01;4.359538e-02;1.890106e-01;1.236429e-01;2.309501e-01;8.150548e-02;7.004985e-02;2.932931e-02;9.521926e-03;2.273824e-02
2.694865e-02;1.697810e-02;2.922749e-01;6.514923e-02;1.612608e-01;7.542656e-02;1.595998e-01;5.035279e-02;6.195036e-02;4.668839e-02;1.895210e-02;2.441834e-02
3.404896e-02;3.381917e-02;4.100784e-01;6.855193e-02;1.173020e-01;6.102084e-02;9.267671e-02;4.817058e-02;3.866888e-02;5.468145e-02;2.712121e-02;1.385983e-02
5.247607e-02;4.523993e-02;4.010095e-01;4.762245e-02;8.245245e-02;6.624832e-02;9.185039e-02;6.112029e-02;4.098528e-02;5.843518e-02;3.501695e-02;1.754316e-02
5.656937e-02;3.782292e-02;2.207306e-01;1.139030e-01;9.679714e-02;9.581551e-02;7.379037e-02;5.038639e-02;7.079954e-02;1.070363e-01;4.005248e-02;3.629638e-02
5.526192e-02;3.874326e-02;1.246184e-01;1.633616e-01;1.242043e-01;8.464945e-02;6.192309e-02;5.021324e-02;8.566298e-02;1.288221e-01;4.315571e-02;3.938395e-02
5.833489e-02;3.399817e-02;7.793760e-02;1.621636e-01;9.804298e-02;1.226017e-01;7.588013e-02;7.698595e-02;9.905090e-02;1.241789e-01;3.205559e-02;3.876965e-02
5.861102e-02;4.683786e-02;9.703693e-02;1.185788e-01;9.069842e-02;1.351288e-01;1.043056e-01;7.013680e-02;9.303959e-02;1.017786e-01;3.804161e-02;4.580597e-02
7.632690e-02;4.592494e-02;7.854094e-02;7.727226e-02;9.738737e-02;1.198404e-01;2.237696e-01;5.972168e-02;8.147059e-02;7.815009e-02;4.071530e-02;2.087986e-02
4.566424e-02;3.673998e-02;6.218562e-02;2.937898e-02;8.994866e-02;1.020384e-01;4.045961e-01;4.818629e-02;7.062155e-02;6.513825e-02;3.253348e-02;1.296856e-02
2.016302e-02;3.488556e-02;3.056310e-02;1.453863e-02;8.648572e-02;8.203085e-02;5.065924e-01;5.961056e-02;8.264554e-02;4.736411e-02;2.552790e-02;9.592596e-03
1.010281e-02;3.580966e-02;9.814562e-03;8.865226e-03;7.310993e-02;6.018757e-02;5.625769e-01;5.752577e-02;1.208504e-01;3.769144e-02;1.941301e-02;4.052695e-03
1.282584e-02;2.891139e-02;1.981284e-02;1.265951e-02;6.351437e-02;7.473677e-02;4.807049e-01;9.494393e-02;1.178695e-01;7.785680e-02;1.275723e-02;3.406930e-03
2.298170e-02;2.052100e-02;5.507987e-02;2.270615e-02;7.197858e-02;9.429241e-02;3.180486e-01;1.634255e-01;9.112316e-02;1.191466e-01;1.042329e-02;1.027317e-02
2.953136e-02;1.458974e-02;1.120790e-01;5.148904e-02;1.081937e-01;6.793706e-02;1.741727e-01;1.870081e-01;1.236556e-01;1.015808e-01;9.175529e-03;2.058756e-02
3.144335e-02;1.817865e-02;2.358675e-01;9.932636e-02;1.191449e-01;4.526170e-02;1.884130e-01;8.450686e-02;1.074821e-01;3.759310e-02;1.597021e-02;1.681227e-02
2.471738e-02;1.466446e-02;3.850249e-01;1.081171e-01;1.033264e-01;5.278024e-02;1.326135e-01;7.164179e-02;4.229575e-02;3.125139e-02;2.735985e-02;6.207176e-03
2.808755e-02;4.269217e-02;5.073339e-01;8.549234e-02;7.678187e-02;3.910192e-02;7.897823e-02;4.211826e-02;3.659113e-02;3.082441e-02;2.570697e-02;6.291179e-03
7.600480e-02;7.910965e-02;4.568551e-01;6.360351e-02;5.238390e-02;4.701718e-02;6.746344e-02;2.654490e-02;5.230241e-02;3.965065e-02;1.899086e-02;2.007357e-02
1.192049e-01;9.637699e-02;2.976002e-01;7.059092e-02;4.758921e-02;4.978519e-02;7.716750e-02;3.831025e-02;5.749499e-02;4.508660e-02;4.165240e-02;5.914083e-02
6.569704e-02;1.095416e-01;2.634823e-01;1.070991e-01;5.320966e-02;6.405252e-02;5.945246e-02;3.726399e-02;2.872659e-02;6.502552e-02;6.930517e-02;7.714397e-02
5.704553e-02;8.816069e-02;2.236140e-01;1.457595e-01;5.479252e-02;8.393932e-02;8.442089e-02;4.358116e-02;4.199382e-02;5.741581e-02;5.652222e-02;6.275453e-02
8.308801e-02;6.319363e-02;1.491812e-01;1.400801e-01;8.904394e-02;1.148468e-01;1.258337e-01;3.835086e-02;4.798309e-02;3.373029e-02;4.524568e-02;6.942278e-02
7.462943e-02;5.789799e-02;1.002219e-01;9.270500e-02;1.580886e-01;1.363400e-01;1.315075e-01;2.337512e-02;3.254196e-02;1.409952e-02;3.507779e-02;1.435152e-01
6.706213e-02;3.258376e-02;6.612575e-02;3.513252e-02;2.152220e-01;1.529883e-01;1.145595e-01;1.200798e-02;1.803775e-02;7.949393e-03;1.669333e-02;2.616377e-01
5.860547e-02;1.225487e-02;4.464494e-02;3.566025e-02;2.130696e-01;1.445724e-01;8.263325e-02;6.617868e-03;1.417074e-02;6.025503e-03;2.401402e-02;3.577311e-01
5.193705e-02;1.278747e-02;8.564509e-02;6.836470e-02;1.676796e-01;1.068692e-01;5.828777e-02;5.336652e-03;2.146291e-02;1.341997e-02;6.674003e-02;3.414696e-01
3.635671e-02;2.545372e-02;1.412105e-01;9.150395e-02;1.511296e-01;7.316976e-02;4.047672e-02;6.956682e-03;2.274650e-02;2.985720e-02;1.175929e-01;2.635458e-01
5.494326e-02;4.971329e-02;1.512127e-01;9.093968e-02;1.349099e-01;5.425827e-02;4.922258e-02;1.639129e-02;2.774683e-02;5.061816e-02;1.456887e-01;1.743554e-01
1.809363e-01;7.004197e-02;1.601235e-01;5.929081e-02;1.051483e-01;4.242453e-02;4.800398e-02;4.741936e-02;2.194033e-02;5.946089e-02;8.797938e-02;1.172306e-01
2.293843e-01;1.438720e-01;2.250115e-01;2.722308e-02;5.281556e-02;4.861406e-02;4.871422e-02;5.631663e-02;3.327025e-02;2.343107e-02;3.009229e-02;8.125497e-02
1.088033e-01;2.030081e-01;4.179007e-01;2.518870e-02;2.945072e-02;4.446162e-02;3.743595e-02;2.578686e-02;3.825583e-02;1.403946e-02;1.427426e-02;4.139457e-02
4.033218e-02;1.789879e-01;5.444809e-01;3.163905e-02;1.609983e-02;4.137214e-02;2.484654e-02;3.642679e-02;3.848797e-02;1.341797e-02;3.392942e-03;3.051577e-02
1.578418e-02;1.414954e-01;6.005808e-01;3.514289e-02;1.316386e-02;3.024071e-02;3.051022e-02;4.882346e-02;3.223646e-02;1.954277e-02;5.344963e-03;2.713432e-02
