1.116987e-01;1.318488e-01;1.259376e-01;4.892849e-02;4.456687e-02;5.650904e-02;8.190615e-02;6.453176e-02;1.246636e-01;9.291018e-02;5.493988e-02;6.155896e-02
7.478858e-02;1.097831e-01;7.617246e-02;8.125400e-02;5.486338e-02;8.773936e-02;9.578131e-02;8.477291e-02;9.311911e-02;1.153303e-01;7.042628e-02;5.596919e-02
7.969726e-02;6.372342e-02;1.253477e-01;8.013624e-02;6.149735e-02;7.330865e-02;8.656303e-02;1.073105e-01;6.096398e-02;9.867591e-02;8.823639e-02;7.453956e-02
5.157223e-02;9.843870e-02;2.409591e-01;5.801726e-02;5.569696e-02;4.698186e-02;4.961400e-02;5.022579e-02;1.032570e-01;9.210379e-02;9.139358e-02;6.173970e-02
7.789997e-02;7.571632e-02;1.691951e-01;8.523563e-02;5.439321e-02;5.517804e-02;1.506843e-01;1.090386e-01;9.888678e-02;4.538840e-02;4.204592e-02;3.633774e-02
7.330874e-02;6.162686e-02;1.055611e-01;9.666617e-02;5.153417e-02;5.084069e-02;2.308295e-01;1.449400e-01;7.392336e-02;2.838430e-02;2.327268e-02;5.911240e-02
6.062703e-02;4.076333e-02;6.059587e-02;9.020819e-02;3.955192e-02;4.357811e-02;3.097420e-01;1.562431e-01;5.184172e-02;1.663311e-02;3.889496e-02;9.132065e-02
3.079904e-02;2.094401e-02;5.924306e-02;5.694122e-02;3.200606e-02;7.777059e-02;3.116455e-01;1.103526e-01;6.975725e-02;2.240632e-02;1.031932e-01;1.049412e-01
1.386361e-02;8.360378e-03;9.645848e-02;1.817824e-02;2.547393e-02;1.375675e-01;2.089714e-01;4.254522e-02;1.139237e-01;2.381164e-02;2.131081e-01;9.773772e-02
8.717525e-03;5.768408e-03;1.313470e-01;3.409374e-03;1.157854e-02;1.903111e-01;4.766453e-02;2.864624e-02;1.321906e-01;2.200693e-02;3.503548e-01;6.800498e-02
8.442547e-03;5.185571e-03;1.495266e-01;2.702420e-03;7.353154e-03;2.000274e-01;6.889054e-02;9.691514e-03;9.862006e-02;2.318947e-02;3.837670e-01;4.260372e-02
7.090583e-03;1.028876e-02;1.646966e-01;1.018211e-02;2.837616e-02;2.332797e-01;7.266765e-02;1.130360e-02;7.021493e-02;1.786294e-02;3.296898e-01;4.434712e-02
2.335090e-02;2.931432e-02;1.736562e-01;2.733606e-02;7.087614e-02;2.365472e-01;8.034151e-02;1.416593e-02;4.464985e-02;3.963276e-02;2.041839e-01;5.594525e-02
2.930985e-02;4.138722e-02;1.820608e-01;5.411787e-02;9.092453e-02;2.089668e-01;1.109357e-01;2.717876e-02;4.552502e-02;5.041824e-02;8.324043e-02;7.593477e-02
2.194848e-02;4.224557e-02;1.796146e-01;6.623633e-02;7.376578e-02;1.813765e-01;1.009822e-01;1.882650e-02;5.108950e-02;4.067364e-02;1.223878e-01;1.008531e-01
4.790826e-02;3.176448e-02;1.198049e-01;4.612683e-02;5.429486e-02;1.083043e-01;9.049372e-02;5.210423e-02;5.115710e-02;3.229792e-02;2.760189e-01;8.972447e-02
6.689181e-02;1.009281e-01;9.954972e-02;5.783846e-02;7.781049e-02;9.088879e-02;1.141108e-01;6.003021e-02;6.940753e-02;5.418237e-02;1.742268e-01;3.413492e-02
9.689569e-02;1.723835e-01;5.894379e-02;9.655102e-02;1.514829e-01;8.499661e-02;4.814825e-02;4.648643e-02;7.979466e-02;9.128795e-02;3.821927e-02;3.480994e-02
6.755328e-02;1.715987e-01;7.914697e-02;8.086496e-02;1.826970e-01;1.084371e-01;2.390171e-02;3.494319e-02;6.029947e-02;1.111655e-01;6.534885e-02;1.404331e-02
3.547642e-02;1.751082e-01;8.062891e-02;4.194546e-02;1.893429e-01;1.659030e-01;3.841994e-02;2.977529e-02;3.370015e-02;1.340419e-01;6.362754e-02;1.203023e-02
1.781309e-02;1.491750e-01;4.085322e-02;5.242253e-02;2.457968e-01;1.971231e-01;2.690139e-02;3.167596e-02;2.278476e-02;1.515758e-01;5.125043e-02;1.262804e-02
9.148091e-03;1.057302e-01;5.293460e-02;9.911145e-02;2.815287e-01;1.395865e-01;3.618568e-02;4.255031e-02;3.664422e-02;1.429573e-01;4.243180e-02;1.119112e-02
2.752937e-02;7.740971e-02;1.113195e-01;1.211412e-01;2.178762e-01;8.442707e-02;8.162612e-02;4.640069e-02;6.681768e-02;1.166585e-01;3.481106e-02;1.398284e-02
4.422002e-02;5.408747e-02;1.729858e-01;1.248946e-01;1.139686e-01;9.168741e-02;1.434898e-01;3.911098e-02;7.627027e-02;7.837130e-02;4.161162e-02;1.930216e-02
4.343860e-02;4.263785e-02;1.996917e-01;1.110693e-01;8.242329e-02;1.224089e-01;2.152129e-01;1.919332e-02;6.793974e-02;4.050731e-02;3.101157e-02;2.446556e-02
6.071329e-02;6.079167e-02;8.063525e-02;7.213800e-02;1.887049e-01;1.680723e-01;1.797046e-01;2.599213e-02;4.686383e-02;6.278098e-02;2.095463e-02;3.264848e-02
2.961282e-02;4.453349e-02;1.785620e-01;5.907264e-02;1.315699e-01;1.159425e-01;1.533536e-01;5.963362e-02;6.704955e-02;4.909952e-02;4.985652e-02;6.171393e-02
3.453591e-02;2.744433e-02;2.278755e-01;1.120866e-01;9.084436e-02;1.153134e-01;9.506301e-02;6.275138e-02;8.217344e-02;5.084938e-02;3.415402e-02;6.690868e-02
2.109006e-02;2.333537e-02;2.658199e-01;1.553736e-01;7.676242e-02;1.353118e-01;7.897707e-02;6.964533e-02;5.610570e-02;3.572211e-02;1.513190e-02;6.672473e-02
2.420815e-02;2.100103e-02;2.904805e-01;1.618931e-01;6.099912e-02;1.479764e-01;4.601255e-02;8.049918e-02;6.708712e-02;1.799527e-02;1.442185e-02;6.742572e-02
1.448161e-02;1.455154e-02;3.247390e-01;1.206016e-01;3.293142e-02;1.498345e-01;3.594993e-02;1.169253e-01;9.405770e-02;1.024848e-02;9.518254e-03;7.616068e-02
5.747615e-03;1.652431e-02;3.595016e-01;6.134732e-02;1.469593e-02;1.414309e-01;5.862503e-02;1.633175e-01;7.475461e-02;9.681992e-03;6.013968e-03;8.835919e-02
7.258643e-03;2.509696e-02;3.704881e-01;3.147046e-02;1.295623e-02;1.337356e-01;6.494118e-02;1.794100e-01;5.545755e-02;1.136548e-02;8.080143e-03;9.973955e-02
1.779880e-02;2.950020e-02;3.604646e-01;2.692243e-02;1.645665e-02;1.316368e-01;8.268919e-02;1.712046e-01;3.641050e-02;1.252505e-02;1.429634e-02;1.000948e-01
1.528050e-02;1.077709e-02;3.465188e-01;2.670029e-02;1.062596e-02;1.273945e-01;1.050317e-01;1.634255e-01;7.873027e-02;1.045700e-02;1.248047e-02;9.257796e-02
2.126355e-02;3.374075e-02;3.249788e-01;3.372120e-02;1.736580e-02;1.005458e-01;1.336181e-01;1.345570e-01;9.142510e-02;1.414381e-02;1.730832e-02;7.733173e-02
2.243636e-02;4.557468e-02;3.267039e-01;4.045518e-02;2.921501e-02;7.666908e-02;1.846703e-01;8.570794e-02;9.043317e-02;1.900895e-02;1.681304e-02;6.231241e-02
2.024247e-02;2.855451e-02;3.527238e-01;4.448619e-02;2.685955e-02;5.445483e-02;2.227755e-01;8.972661e-02;7.242627e-02;2.814674e-02;1.388132e-02;4.572220e-02
1.630187e-02;1.844837e-02;3.650234e-01;5.765083e-02;1.500226e-02;3.679510e-02;2.033002e-01;1.151145e-01;5.829790e-02;3.682073e-02;1.693519e-02;6.030967e-02
1.972757e-02;1.945730e-02;3.143069e-01;8.474820e-02;1.908148e-02;2.426094e-02;1.866122e-01;1.075291e-01;9.581417e-02;4.859617e-02;1.886983e-02;6.099617e-02
5.289711e-02;1.191507e-02;2.168067e-01;1.319168e-01;2.766150e-02;1.958991e-02;1.663522e-01;8.851565e-02;1.599600e-01;7.749408e-02;2.398830e-02;2.290274e-02
1.293058e-01;7.282732e-02;9.677487e-02;1.169299e-01;4.961295e-02;2.562931e-02;1.015222e-01;4.731142e-02;1.490750e-01;1.353975e-01;5.443660e-02;2.117712e-02
1.339551e-01;1.369976e-01;4.875605e-02;6.386298e-02;6.883714e-02;4.664410e-02;7.585766e-02;2.527863e-02;1.014999e-01;1.756382e-01;9.983288e-02;2.283974e-02
1.052907e-01;1.330108e-01;5.920391e-02;3.101128e-02;5.963751e-02;7.568296e-02;6.071600e-02;1.897382e-02;6.154057e-02;1.622338e-01;1.879871e-01;4.471150e-02
1.041996e-01;7.834679e-02;6.475733e-02;2.344079e-02;3.013990e-02;8.217426e-02;9.040809e-02;2.857468e-02;2.896956e-02;9.582917e-02;2.312194e-01;1.419405e-01
2.368849e-01;5.830285e-02;4.972398e-02;2.437029e-02;1.477379e-02;4.501453e-02;9.305750e-02;5.706868e-02;2.526509e-02;3.330116e-02;1.425394e-01;2.196978e-01
3.751934e-01;1.613271e-01;7.465535e-02;1.703102e-02;1.830485e-02;1.495498e-02;4.930139e-02;5.720765e-02;3.445450e-02;1.327767e-02;4.015294e-02;1.441391e-01
3.105120e-01;2.817011e-01;2.117905e-01;1.383225e-02;1.438344e-02;1.262243e-02;1.978633e-02;2.933019e-02;3.945739e-02;8.306623e-03;1.338602e-02;4.489173e-02
1.380213e-01;2.482693e-01;4.305077e-01;5.394230e-02;1.342857e-02;1.232241e-02;1.745717e-02;9.786610e-03;3.430707e-02;1.548885e-02;1.339045e-02;1.307829e-02
4.972221e-02;1.163174e-01;5.592507e-01;1.400814e-01;2.571079e-02;8.530885e-03;2.191072e-02;1.512613e-02;2.074753e-02;2.283915e-02;1.225232e-02;7.510782e-03
2.222472e-02;2.471403e-02;5.179295e-01;2.570414e-01;4.069111e-02;1.529048e-02;1.721698e-02;3.802738e-02;1.643448e-02;1.883781e-02;2.824136e-02;3.350779e-03
1.182745e-02;1.751531e-02;3.857221e-01;3.474970e-01;5.856020e-02;2.471217e-02;9.009305e-03;6.683475e-02;2.966444e-02;1.036016e-02;3.034584e-02;7.951155e-03
1.320309e-02;3.199688e-02;3.316937e-01;3.349827e-01;9.655214e-02;2.202923e-02;8.208419e-03;6.269345e-02;5.283368e-02;1.530657e-02;1.025188e-02;2.024829e-02
2.514027e-02;4.092117e-02;3.161145e-01;2.623676e-01;1.258357e-01;2.568142e-02;1.926511e-02;3.917405e-02;5.386922e-02;2.323375e-02;3.221297e-02;3.618430e-02
2.141488e-02;4.865234e-02;2.514145e-01;2.153999e-01;1.362945e-01;3.428366e-02;6.554909e-02;2.975857e-02;3.716795e-02;4.988471e-02;5.371667e-02;5.646316e-02
3.060761e-02;4.460556e-02;2.895623e-01;1.275815e-01;8.063985e-02;4.993260e-02;1.068366e-01;5.906072e-02;2.283361e-02;6.760519e-02;6.734012e-02;5.339438e-02
2.660326e-02;5.434268e-02;3.795414e-01;1.041574e-01;6.056173e-02;3.830216e-02;7.111821e-02;7.669905e-02;2.698935e-02;4.925209e-02;4.402034e-02;6.841233e-02
2.441559e-02;3.600501e-02;3.946012e-01;1.729606e-01;7.069457e-02;3.354735e-02;3.955257e-02;5.585992e-02;4.042625e-02;3.334991e-02;3.879905e-02;5.978790e-02
2.327325e-02;4.242938e-02;3.112956e-01;1.534545e-01;8.541098e-02;6.189830e-02;4.184743e-02;5.426424e-02;8.039851e-02;5.347695e-02;4.808660e-02;4.416425e-02
3.927372e-02;3.580561e-02;1.447167e-01;6.898598e-02;9.509236e-02;6.497074e-02;1.042633e-01;1.083791e-01;1.499439e-01;1.038212e-01;3.927840e-02;4.546892e-02
3.411955e-02;3.693452e-02;1.625751e-01;5.478553e-02;1.002207e-01;5.483128e-02;1.921181e-01;7.584336e-02;8.709661e-02;1.080692e-01;5.491897e-02;3.848700e-02
2.973962e-02;3.169992e-02;2.869532e-01;7.426552e-02;8.907026e-02;5.424505e-02;1.549121e-01;5.325685e-02;2.765346e-02;8.311609e-02;8.236913e-02;3.271874e-02
1.225039e-02;3.341578e-02;4.412015e-01;1.035442e-01;6.668130e-02;3.408810e-02;7.029738e-02;3.461194e-02;2.509132e-02;7.852621e-02;8.078749e-02;1.950437e-02
2.334518e-02;5.908748e-02;5.284600e-01;8.103891e-02;4.476805e-02;2.156245e-02;3.827683e-02;1.516930e-02;4.362234e-02;8.413056e-02;4.961692e-02;1.092201e-02
5.390544e-02;9.279338e-02;4.983214e-01;4.918841e-02;4.012395e-02;3.031065e-02;3.405978e-02;1.490965e-02;7.284930e-02;7.388805e-02;2.600259e-02;1.364739e-02
8.339427e-02;1.018076e-01;3.861496e-01;4.828769e-02;5.418829e-02;4.580121e-02;4.107889e-02;2.996860e-02;1.008822e-01;5.813204e-02;2.788660e-02;2.242311e-02
7.539639e-02;7.393684e-02;3.149072e-01;3.240482e-02;6.876853e-02;5.984658e-02;5.442462e-02;6.053202e-02;1.139708e-01;6.499070e-02;4.932414e-02;3.149736e-02
5.296169e-02;6.051298e-02;3.024650e-01;3.224137e-02;5.505083e-02;8.409576e-02;8.008506e-02;8.637234e-02;9.956340e-02;8.577121e-02;4.245907e-02;1.842125e-02
6.770299e-02;4.994612e-02;1.877533e-01;6.095512e-02;4.860715e-02;9.753881e-02;7.169322e-02;1.029216e-01;1.336950e-01;1.354145e-01;2.407994e-02;1.969222e-02
4.217435e-02;4.627128e-02;1.272915e-01;7.248770e-02;5.798616e-02;8.023176e-02;2.249879e-01;7.226814e-02;1.295849e-01;9.685635e-02;3.013886e-02;1.972109e-02
4.677828e-02;2.804858e-02;8.575074e-02;4.948722e-02;8.776524e-02;1.054116e-01;3.411172e-01;5.504894e-02;1.020822e-01;5.300282e-02;2.592325e-02;1.958390e-02
4.634617e-02;2.009239e-02;8.788212e-02;3.901909e-02;1.269582e-01;1.206269e-01;3.376665e-01;5.977206e-02;7.583061e-02;4.307950e-02;1.470890e-02;2.801754e-02
3.894986e-02;1.365400e-02;8.913314e-02;5.052099e-02;2.007567e-01;1.203228e-01;2.718974e-01;5.480516e-02;6.481272e-02;2.760627e-02;1.004861e-02;5.749232e-02
1.834060e-02;1.474540e-02;1.590819e-01;1.126797e-01;2.322184e-01;8.271485e-02;1.257908e-01;5.040712e-02;6.546791e-02;2.202207e-02;3.835221e-02;7.817905e-02
7.411614e-03;2.949535e-02;2.521897e-01;1.478345e-01;1.530429e-01;6.609641e-02;9.316500e-02;5.299011e-02;4.222891e-02;3.045760e-02;6.026052e-02;6.482740e-02
5.143892e-02;6.634989e-02;3.077830e-01;1.333257e-01;7.886327e-02;6.487498e-02;8.249831e-02;4.128769e-02;3.816549e-02;2.537163e-02;5.617486e-02;5.386627e-02
1.790551e-01;7.989982e-02;2.668389e-01;1.074771e-01;5.766781e-02;6.372508e-02;4.029074e-02;4.173883e-02;4.522631e-02;1.583455e-02;2.772875e-02;7.451712e-02
2.341930e-01;5.692513e-02;1.437481e-01;1.143818e-01;8.598156e-02;6.881572e-02;7.831549e-02;7.842583e-02;2.235866e-02;1.774742e-02;2.827893e-02;7.082832e-02
1.824148e-01;1.274840e-01;1.474057e-01;8.393267e-02;1.437581e-01;6.101707e-02;6.598397e-02;7.026041e-02;3.341233e-02;1.713996e-02;2.418129e-02;4.300969e-02
1.501129e-01;1.813282e-01;1.845662e-01;5.384854e-02;1.173997e-01;6.400217e-02;4.500917e-02;6.373984e-02;7.002737e-02;2.204669e-02;1.550272e-02;3.241640e-02
1.149823e-01;2.330093e-01;1.878337e-01;3.044699e-02;5.993340e-02;7.669071e-02;2.582502e-02;4.191612e-02;1.804397e-01;2.446541e-02;6.238514e-03;1.821894e-02
1.355328e-01;2.255124e-01;1.127849e-01;1.782005e-02;2.669634e-02;4.964699e-02;1.868343e-02;7.429908e-02;3.014698e-01;1.872345e-02;9.488411e-03;9.342304e-03
1.968409e-01;1.499954e-01;3.464880e-02;9.617335e-03;5.488943e-02;1.695671e-02;3.237131e-02;1.689710e-01;2.877811e-01;1.564012e-02;2.052942e-02;1.175843e-02
1.904415e-01;9.088311e-02;3.499011e-02;1.817200e-02;6.977136e-02;1.701996e-02;9.244511e-02;2.252805e-01;1.783992e-01;2.189393e-02;2.913779e-02;3.156533e-02
1.092471e-01;6.732687e-02;5.399936e-02;4.666594e-02;6.687170e-02;5.127133e-02;1.942248e-01;1.694482e-01;9.596767e-02;4.302866e-02;3.839331e-02;6.355509e-02
7.097726e-02;6.759521e-02;1.018753e-01;6.786355e-02;5.899596e-02;8.567385e-02;2.418025e-01;4.760104e-02;9.119277e-02;5.458967e-02;3.144467e-02;8.038820e-02
9.397105e-02;6.578294e-02;1.555104e-01;5.947291e-02;2.773263e-02;8.134450e-02;1.558619e-01;1.129239e-01;9.316096e-02;4.493657e-02;5.210014e-02;5.720202e-02
4.750323e-02;6.193798e-02;1.801170e-01;5.908507e-02;6.240385e-02;8.542796e-02;1.235735e-01;1.426913e-01;6.870478e-02;5.290225e-02;8.569103e-02;2.996205e-02
6.938253e-02;9.133786e-02;9.886612e-02;5.309334e-02;9.496810e-02;7.498927e-02;1.194502e-01;9.760859e-02;1.244495e-01;5.656261e-02;5.205920e-02;6.723267e-02
6.069021e-02;7.337307e-02;8.805463e-02;4.393847e-02;1.008121e-01;9.661888e-02;1.375978e-01;6.109294e-02;1.406663e-01;5.468308e-02;5.693979e-02;8.553275e-02
9.463599e-02;3.762390e-02;1.185624e-01;4.666073e-02;5.081972e-02;8.383479e-02;1.005488e-01;1.139176e-01;1.603609e-01;4.652445e-02;7.840417e-02;6.810658e-02
1.171581e-01;8.207250e-02;1.756397e-01;6.750052e-02;3.679269e-02;6.912841e-02;9.180067e-02;1.100675e-01;1.021779e-01;4.195863e-02;6.417467e-02;4.152870e-02
1.173345e-01;1.229295e-01;1.604978e-01;6.579747e-02;4.210048e-02;1.000272e-01;1.282227e-01;4.831070e-02;7.764648e-02;6.321875e-02;2.903492e-02;4.487960e-02
1.040554e-01;1.130631e-01;1.332317e-01;6.478246e-02;7.018216e-02;1.262288e-01;1.355661e-01;5.700655e-02;1.382865e-02;9.010606e-02;4.307862e-02;4.887046e-02
7.455882e-02;8.497331e-02;1.078016e-01;6.830423e-02;1.050988e-01;1.135278e-01;1.043949e-01;5.220763e-02;1.100484e-01;9.735475e-02;4.203457e-02;3.969518e-02
5.241752e-02;5.230711e-02;1.257724e-01;9.316313e-02;8.063105e-02;5.699389e-02;9.134286e-02;1.070312e-01;1.870610e-01;7.822289e-02;4.144920e-02;3.360768e-02
5.188039e-02;6.325176e-02;1.293437e-01;6.639912e-02;4.719642e-02;7.428399e-02;1.966476e-01;1.096548e-01;1.480493e-01;4.081126e-02;5.159216e-02;2.088940e-02
8.746064e-02;7.527643e-02;9.681849e-02;4.149646e-02;5.297317e-02;1.299548e-01;2.471252e-01;6.039381e-02;9.282717e-02;6.021442e-02;4.695041e-02;8.509033e-03
1.172649e-01;4.708023e-02;9.457406e-02;5.649053e-02;8.682521e-02;1.831878e-01;1.583810e-01;6.215665e-02;5.032095e-02;8.775728e-02;2.939352e-02;2.656788e-02
8.217545e-02;4.953748e-02;1.350768e-01;8.262580e-02;1.159762e-01;2.017945e-01;6.510560e-02;5.527648e-02;5.986656e-02;7.825597e-02;2.892734e-02;4.538174e-02
5.780871e-02;6.382596e-02;1.666221e-01;9.034508e-02;1.082811e-01;1.602834e-01;9.883714e-02;3.465020e-02;7.180762e-02;4.927849e-02;3.836533e-02;5.989483e-02
6.037531e-02;5.003509e-02;1.727338e-01;7.888262e-02;1.192443e-01;7.492953e-02;1.046272e-01;5.060784e-02;1.184249e-01;6.459092e-02;4.452695e-02;6.102160e-02
4.252345e-02;3.365605e-02;1.838692e-01;4.682610e-02;1.164155e-01;1.085389e-01;1.511011e-01;6.817680e-02;9.103742e-02;6.314895e-02;5.689810e-02;3.780837e-02
9.593311e-02;7.097102e-02;9.574170e-02;7.127478e-02;8.176823e-02;1.079450e-01;1.999031e-01;6.248240e-02;5.624751e-02;7.020898e-02;5.330187e-02;3.422237e-02
9.419303e-02;1.507210e-01;1.783067e-01;3.387759e-02;5.372715e-02;5.027693e-02;1.921024e-01;5.577504e-02;5.047145e-02;6.384986e-02;4.334004e-02;3.335879e-02
1.319562e-01;1.277289e-01;2.375281e-01;4.803000e-02;3.851737e-02;3.432233e-02;1.305062e-01;7.007865e-02;5.530693e-02;4.580786e-02;4.338156e-02;3.683594e-02
1.536361e-01;8.156013e-02;2.562279e-01;6.507373e-02;4.358508e-02;3.762446e-02;1.128680e-01;6.276322e-02;6.180339e-02;3.487077e-02;4.753651e-02;4.245061e-02
1.423005e-01;8.901887e-02;3.167742e-01;6.598164e-02;3.925338e-02;3.529134e-02;8.435775e-02;3.709865e-02;6.684645e-02;3.105621e-02;4.556228e-02;4.645882e-02
8.938912e-02;9.535835e-02;3.974757e-01;4.701928e-02;3.532917e-02;3.094284e-02;8.102971e-02;3.608597e-02;5.266324e-02;4.474273e-02;5.024439e-02;3.971950e-02
4.548279e-02;5.427722e-02;4.548019e-01;3.444906e-02;3.934852e-02;3.748987e-02;8.594803e-02;4.712698e-02;4.130517e-02;6.619482e-02;5.124571e-02;4.232991e-02
3.908185e-02;6.793700e-02;5.017322e-01;5.670577e-02;3.747800e-02;2.800950e-02;6.358518e-02;3.293359e-02;3.491133e-02;7.765693e-02;3.658379e-02;2.338491e-02
6.467701e-02;6.531026e-02;4.237989e-01;7.211066e-02;5.359319e-02;4.765437e-02;4.966995e-02;4.825205e-02;5.944433e-02;6.392065e-02;3.778085e-02;1.378772e-02
7.046501e-02;6.139912e-02;3.292770e-01;3.678537e-02;5.917186e-02;7.801263e-02;1.173925e-01;6.420397e-02;7.764544e-02;3.550205e-02;3.991297e-02;3.023208e-02
5.321581e-02;5.257102e-02;2.891479e-01;4.683450e-02;5.071582e-02;8.682970e-02;1.840058e-01;6.514033e-02;8.023970e-02;2.723906e-02;2.991289e-02;3.414753e-02
5.330254e-02;6.492065e-02;2.532249e-01;7.150354e-02;4.982032e-02;7.608188e-02;2.024132e-01;6.785379e-02;7.145090e-02;3.064199e-02;2.800247e-02;3.078382e-02
1.126043e-01;5.414936e-02;2.001463e-01;6.551679e-02;4.083563e-02;4.335267e-02;1.715458e-01;1.047800e-01;6.604831e-02;6.187116e-02;4.786944e-02;3.128016e-02
6.106664e-02;6.538941e-02;1.905361e-01;6.061310e-02;6.075709e-02;7.291256e-02;1.007134e-01;1.023953e-01;7.274310e-02;8.108514e-02;8.167548e-02;5.011258e-02
4.962545e-02;6.775752e-02;1.731948e-01;5.398647e-02;6.475855e-02;6.169302e-02;1.281517e-01;9.067308e-02;7.058423e-02;6.967903e-02;8.749927e-02;8.239692e-02
7.469534e-02;8.295323e-02;1.686444e-01;5.603964e-02;5.113857e-02;4.643642e-02;8.134411e-02;8.454917e-02;1.208169e-01;7.807019e-02;6.460728e-02;9.070475e-02
