1.028941e-01;7.628195e-02;1.607990e-01;7.056017e-02;1.122771e-01;6.157167e-02;1.197758e-01;7.626616e-02;4.640820e-02;5.172842e-02;4.097007e-02;8.046735e-02
9.718292e-02;8.159044e-02;1.592791e-01;7.420900e-02;8.838769e-02;5.547623e-02;1.159904e-01;7.456394e-02;5.379782e-02;6.815143e-02;6.311100e-02;6.825995e-02
1.176798e-01;9.253444e-02;1.569733e-01;7.960507e-02;7.518629e-02;5.956599e-02;9.850094e-02;5.343512e-02;5.868703e-02;7.764549e-02;6.141516e-02;6.877135e-02
1.239502e-01;9.532695e-02;1.607847e-01;8.627933e-02;8.576525e-02;5.662125e-02;9.169885e-02;4.079514e-02;5.940214e-02;8.649840e-02;5.261965e-02;6.025823e-02
1.304544e-01;9.044735e-02;1.471143e-01;9.521176e-02;1.044579e-01;5.877804e-02;7.573509e-02;3.261637e-02;5.807310e-02;1.103708e-01;4.182031e-02;5.492068e-02
1.444871e-01;5.220838e-02;1.266592e-01;9.144096e-02;7.564367e-02;6.945220e-02;6.007202e-02;5.272690e-02;5.035165e-02;1.514731e-01;6.432345e-02;6.116139e-02
1.219243e-01;5.441312e-02;1.013017e-01;1.014067e-01;4.090879e-02;4.777844e-02;7.013710e-02;7.140373e-02;6.998647e-02;1.758972e-01;4.855702e-02;9.628550e-02
5.782403e-02;7.743828e-02;1.084322e-01;1.193041e-01;3.113806e-02;4.703727e-02;6.460938e-02;1.074771e-01;8.385456e-02;1.360359e-01;7.835220e-02;8.849691e-02
6.401128e-02;1.029015e-01;1.179284e-01;1.048361e-01;4.549411e-02;5.259779e-02;6.035601e-02;1.314927e-01;8.623948e-02;8.938648e-02;9.396370e-02;5.079253e-02
9.151273e-02;8.453012e-02;9.142567e-02;8.645760e-02;5.728585e-02;5.083321e-02;3.156818e-02;1.006027e-01;6.392986e-02;1.737779e-01;7.101276e-02;9.706346e-02
7.541531e-02;1.041977e-01;7.506518e-02;6.891016e-02;6.846845e-02;4.515262e-02;4.091666e-02;5.400161e-02;5.147662e-02;2.484820e-01;7.303936e-02;9.487429e-02
5.508279e-02;1.106099e-01;1.375200e-01;5.247991e-02;5.804238e-02;4.396953e-02;5.344723e-02;5.105284e-02;4.827558e-02;1.983250e-01;9.369903e-02;9.749593e-02
9.971604e-02;8.352610e-02;1.797991e-01;3.990602e-02;4.937221e-02;7.276098e-02;9.231303e-02;3.492697e-02;7.152074e-02;9.033380e-02;1.194434e-01;6.638168e-02
9.973702e-02;5.125721e-02;1.395992e-01;2.695123e-02;4.178770e-02;1.038225e-01;9.865864e-02;4.957141e-02;7.067142e-02;8.893271e-02;1.576690e-01;7.134197e-02
6.881946e-02;6.320397e-02;8.215101e-02;2.183081e-02;5.952465e-02;1.128931e-01;8.007393e-02;1.025578e-01;6.588195e-02;1.318537e-01;1.644840e-01;4.672571e-02
2.758155e-02;9.959774e-02;3.384118e-02;2.010959e-02;1.271607e-01;7.531783e-02;4.493674e-02;1.380130e-01;5.446640e-02;2.214234e-01;1.166397e-01;4.091223e-02
2.516229e-02;1.040912e-01;2.219722e-02;2.764157e-02;1.867856e-01;3.592588e-02;6.296929e-02;1.017520e-01;5.380351e-02;2.572200e-01;6.499080e-02;5.746058e-02
5.073928e-02;8.260130e-02;3.563070e-02;7.193462e-02;1.795498e-01;3.862197e-02;1.008339e-01;5.773041e-02;8.758121e-02;1.988042e-01;4.194328e-02;5.402935e-02
6.183379e-02;6.197049e-02;8.300656e-02;1.266831e-01;1.310223e-01;4.924884e-02;1.155913e-01;4.759249e-02;1.046715e-01;1.397880e-01;3.396605e-02;4.462561e-02
5.065704e-02;5.406705e-02;7.736699e-02;1.552632e-01;1.905866e-01;5.233664e-02;5.812382e-02;4.709973e-02;5.369145e-02;1.738007e-01;5.491668e-02;3.209009e-02
6.586584e-02;2.866739e-02;4.559629e-02;1.547995e-01;2.134306e-01;3.901863e-02;5.331844e-02;3.397849e-02;1.080770e-01;1.861588e-01;5.077986e-02;2.030910e-02
6.911926e-02;5.141665e-02;6.979403e-02;1.165164e-01;1.441227e-01;5.136079e-02;9.390617e-02;3.489071e-02;1.059744e-01;1.813569e-01;6.004599e-02;2.149599e-02
8.358046e-02;7.047509e-02;6.312516e-02;3.970683e-02;1.644047e-01;6.830332e-02;1.058563e-01;4.686074e-02;9.300672e-02;1.890267e-01;5.897045e-02;1.668359e-02
8.571295e-02;5.762034e-02;5.067374e-02;5.372670e-02;1.815281e-01;4.974485e-02;1.226115e-01;5.952824e-02;8.195816e-02;1.919973e-01;4.717531e-02;1.772285e-02
7.935953e-02;5.123787e-02;4.035467e-02;7.181139e-02;1.582273e-01;3.014110e-02;1.580711e-01;5.063062e-02;1.031168e-01;1.950341e-01;3.701185e-02;2.500365e-02
1.110446e-01;5.364368e-02;4.643734e-02;5.697606e-02;1.142781e-01;3.158713e-02;1.792818e-01;3.419368e-02;9.880385e-02;2.145969e-01;3.796200e-02;2.119495e-02
9.656374e-02;7.449703e-02;4.867416e-02;3.602821e-02;1.343391e-01;3.773868e-02;1.364597e-01;3.751015e-02;7.115414e-02;2.594763e-01;2.603861e-02;4.152015e-02
5.104427e-02;1.189750e-01;3.170251e-02;2.180671e-02;1.553753e-01;3.331643e-02;6.281544e-02;7.973593e-02;5.221121e-02;3.051609e-01;3.048234e-02;5.737395e-02
1.972254e-02;1.416815e-01;1.646472e-02;2.424912e-02;1.486553e-01;3.413034e-02;2.913866e-02;1.334229e-01;5.522185e-02;2.959063e-01;4.692580e-02;5.448105e-02
1.925007e-02;1.153109e-01;3.724610e-02;6.086292e-02;1.203070e-01;4.591991e-02;4.205178e-02;1.479026e-01;6.099816e-02;2.356794e-01;7.235486e-02;4.211637e-02
4.179482e-02;6.556369e-02;1.053645e-01;9.380968e-02;1.073290e-01;7.700830e-02;6.948078e-02;1.121734e-01;4.143691e-02;1.306232e-01;1.201195e-01;3.529626e-02
6.827150e-02;8.434989e-02;1.413864e-01;1.021786e-01;8.640631e-02;6.659014e-02;8.168310e-02;6.695919e-02;3.337177e-02;1.172391e-01;1.204536e-01;3.111039e-02
6.400219e-02;1.240182e-01;7.407214e-02;1.393344e-01;1.062639e-01;3.633012e-02;8.730891e-02;8.574041e-02;6.043280e-02;9.801524e-02;1.042180e-01;2.026360e-02
3.778609e-02;5.948092e-02;9.985770e-02;1.317477e-01;1.550540e-01;2.735684e-02;1.356079e-01;9.914169e-02;8.879881e-02;9.259469e-02;6.029861e-02;1.227496e-02
3.337074e-02;6.103016e-02;9.632141e-02;9.920235e-02;1.395958e-01;5.008617e-02;1.465411e-01;7.712222e-02;1.076008e-01;1.003383e-01;4.270092e-02;4.608990e-02
6.624103e-02;9.036824e-02;1.580822e-01;6.570319e-02;7.355253e-02;5.359140e-02;7.634807e-02;4.101692e-02;1.009992e-01;1.176566e-01;6.760206e-02;8.883866e-02
8.276249e-02;6.556039e-02;1.493996e-01;6.975794e-02;4.473265e-02;4.599085e-02;9.960847e-02;3.481556e-02;1.027384e-01;1.416736e-01;8.466206e-02;7.829810e-02
1.132281e-01;2.985382e-02;1.187214e-01;9.577498e-02;5.355776e-02;2.823291e-02;9.931643e-02;4.890937e-02;1.358020e-01;1.484962e-01;9.226604e-02;3.584100e-02
1.255027e-01;1.962647e-02;9.504585e-02;1.044526e-01;5.323338e-02;1.504561e-02;1.562481e-01;4.921638e-02;1.259155e-01;1.329201e-01;8.628428e-02;3.650898e-02
1.124221e-01;2.917334e-02;9.112300e-02;9.976099e-02;5.341388e-02;1.509209e-02;2.393167e-01;4.363384e-02;8.547953e-02;1.084523e-01;6.273628e-02;5.939585e-02
7.819467e-02;5.454770e-02;8.192994e-02;8.335122e-02;7.073235e-02;1.296343e-02;3.201320e-01;4.404519e-02;6.027165e-02;8.583915e-02;4.396849e-02;6.402428e-02
4.569747e-02;7.251771e-02;3.336754e-02;6.036489e-02;8.351739e-02;3.488348e-02;4.146940e-01;3.901929e-02;7.113204e-02;7.471924e-02;3.341143e-02;3.667559e-02
6.112427e-02;8.302189e-02;4.385155e-02;5.345089e-02;7.218286e-02;4.003698e-02;4.434877e-01;3.078638e-02;6.191727e-02;6.233280e-02;3.020386e-02;1.760364e-02
6.770205e-02;7.806130e-02;6.267270e-02;6.223144e-02;8.674145e-02;4.591837e-02;4.186236e-01;4.473909e-02;4.352897e-02;4.818100e-02;2.935085e-02;1.224921e-02
4.470572e-02;5.371952e-02;6.704108e-02;6.880443e-02;8.048708e-02;5.910861e-02;3.582328e-01;5.974990e-02;5.631009e-02;7.450913e-02;4.215443e-02;3.517716e-02
4.021679e-02;2.781889e-02;8.074971e-02;4.885994e-02;9.380393e-02;5.838599e-02;3.100415e-01;6.518224e-02;7.282141e-02;1.245485e-01;4.131585e-02;3.625527e-02
3.482393e-02;1.724872e-02;8.084592e-02;5.743745e-02;9.389737e-02;4.426488e-02;2.742131e-01;6.923892e-02;9.956273e-02;1.660787e-01;3.794025e-02;2.444810e-02
5.735280e-02;3.078700e-02;5.820955e-02;9.792654e-02;7.390094e-02;4.132155e-02;1.709514e-01;8.130785e-02;1.265221e-01;1.827835e-01;5.835797e-02;2.057882e-02
7.580788e-02;5.266225e-02;7.038818e-02;9.345460e-02;6.715047e-02;4.400636e-02;1.954318e-01;7.411937e-02;1.040613e-01;1.308672e-01;6.164498e-02;3.040565e-02
3.912666e-02;5.967881e-02;6.805784e-02;4.572448e-02;8.270525e-02;5.875069e-02;4.005245e-01;5.037717e-02;5.338208e-02;7.326906e-02;4.374906e-02;2.465434e-02
2.772904e-02;4.093233e-02;7.068282e-02;2.456884e-02;1.113790e-01;7.714099e-02;4.776839e-01;4.874330e-02;4.046784e-02;4.274384e-02;1.713614e-02;2.079192e-02
2.180329e-02;3.434314e-02;1.146073e-01;3.080757e-02;8.688974e-02;7.897294e-02;4.195116e-01;7.077987e-02;3.925622e-02;4.566957e-02;1.724696e-02;4.011178e-02
9.883213e-03;1.770234e-02;1.717120e-01;3.389013e-02;4.095899e-02;1.002065e-01;3.557780e-01;8.898544e-02;4.695335e-02;6.328504e-02;1.771885e-02;5.292609e-02
1.279925e-02;2.641269e-02;2.111644e-01;3.317605e-02;2.588421e-02;1.389057e-01;2.836587e-01;8.053014e-02;5.181525e-02;6.474853e-02;2.268975e-02;4.821525e-02
1.110623e-02;3.868059e-02;2.280660e-01;3.101066e-02;2.074797e-02;1.703590e-01;2.549992e-01;6.984653e-02;5.432430e-02;5.888607e-02;2.257732e-02;3.939607e-02
1.378817e-02;4.083114e-02;1.953518e-01;3.564307e-02;3.223635e-02;2.011940e-01;2.227025e-01;6.490131e-02;5.402225e-02;6.207932e-02;2.171033e-02;5.553974e-02
2.162213e-02;5.069100e-02;1.537371e-01;5.553031e-02;5.396874e-02;2.136127e-01;1.804481e-01;5.324345e-02;5.703877e-02;6.407025e-02;2.516301e-02;7.087453e-02
5.067084e-02;5.180720e-02;7.907040e-02;4.981386e-02;8.407193e-02;1.762840e-01;1.612736e-01;6.727809e-02;8.851201e-02;7.672980e-02;3.774334e-02;7.674486e-02
5.683794e-02;4.786232e-02;6.349678e-02;5.411324e-02;8.244912e-02;1.526059e-01;1.232826e-01;1.053431e-01;1.212766e-01;6.959445e-02;4.088495e-02;8.225313e-02
4.196497e-02;4.170064e-02;1.012640e-01;4.837630e-02;5.712180e-02;1.554805e-01;1.155370e-01;1.205104e-01;1.386266e-01;5.088205e-02;3.060530e-02;9.793048e-02
3.658269e-02;4.197777e-02;1.264760e-01;2.952692e-02;4.447633e-02;1.738629e-01;1.145153e-01;1.097594e-01;1.405807e-01;3.535724e-02;1.666461e-02;1.302202e-01
3.961956e-02;4.942475e-02;1.171347e-01;8.027630e-02;4.533456e-02;1.686439e-01;7.095759e-02;1.114184e-01;1.321555e-01;2.821127e-02;2.157349e-02;1.352500e-01
6.080082e-02;5.748214e-02;8.728784e-02;1.071005e-01;4.637798e-02;1.457216e-01;3.311915e-02;9.160932e-02;1.982968e-01;2.697402e-02;3.140331e-02;1.138265e-01
5.372652e-02;6.078586e-02;1.080741e-01;8.306862e-02;4.387704e-02;1.429113e-01;3.480561e-02;1.095731e-01;1.648957e-01;3.280910e-02;1.930870e-02;1.461643e-01
4.943411e-02;6.706503e-02;1.139124e-01;9.447592e-02;4.022007e-02;1.381794e-01;2.813854e-02;1.036594e-01;1.295729e-01;4.662506e-02;3.468578e-02;1.540313e-01
6.968118e-02;5.514957e-02;8.992445e-02;1.312143e-01;3.523475e-02;9.777638e-02;4.158654e-02;7.619948e-02;2.045460e-01;3.747384e-02;4.737343e-02;1.138401e-01
1.028053e-01;2.941306e-02;6.468195e-02;1.831076e-01;2.593044e-02;5.047795e-02;5.862247e-02;5.045998e-02;2.722907e-01;2.693466e-02;7.273571e-02;6.254009e-02
1.342314e-01;2.107293e-02;4.439291e-02;1.919931e-01;2.516421e-02;1.966566e-02;8.673438e-02;4.625715e-02;2.737450e-01;4.046764e-02;7.501233e-02;4.126330e-02
1.521245e-01;3.445398e-02;6.295691e-02;1.451399e-01;4.998403e-02;2.100519e-02;1.453141e-01;4.124770e-02;1.839188e-01;6.583034e-02;4.833478e-02;4.968975e-02
1.377848e-01;4.137042e-02;5.486724e-02;7.866044e-02;1.023098e-01;3.111580e-02;1.708198e-01;4.016898e-02;1.311414e-01;1.151265e-01;3.660190e-02;6.003293e-02
1.162882e-01;5.882078e-02;4.574611e-02;5.688362e-02;9.531794e-02;3.489213e-02;1.518249e-01;3.518774e-02;1.638976e-01;1.203937e-01;6.677520e-02;5.397210e-02
1.252516e-01;6.863528e-02;4.754410e-02;7.527733e-02;3.125387e-02;3.653955e-02;1.063731e-01;5.027022e-02;1.964989e-01;8.631525e-02;8.938256e-02;8.665819e-02
1.181114e-01;8.060180e-02;7.520831e-02;5.346541e-02;3.130371e-02;3.599869e-02;7.908715e-02;9.686092e-02;1.646283e-01;8.261499e-02;8.441180e-02;9.770748e-02
8.795298e-02;9.649943e-02;8.870526e-02;4.272314e-02;6.588802e-02;2.948384e-02;6.849915e-02;1.307997e-01;1.338810e-01;8.865140e-02;7.604010e-02;9.087597e-02
8.691829e-02;1.000097e-01;9.696129e-02;6.641532e-02;6.228162e-02;5.113127e-02;8.983941e-02;8.404123e-02;1.474025e-01;8.465126e-02;3.987044e-02;9.047758e-02
8.852784e-02;1.036156e-01;1.307638e-01;9.564698e-02;4.515958e-02;6.621658e-02;8.607268e-02;5.954253e-02;1.607943e-01;4.927071e-02;3.868936e-02;7.570013e-02
1.072067e-01;8.177648e-02;7.141445e-02;8.058637e-02;9.604478e-02;8.791292e-02;9.598623e-02;8.334495e-02;1.206325e-01;6.640341e-02;4.642416e-02;6.226705e-02
1.018525e-01;5.979341e-02;1.659001e-01;7.516643e-02;8.648155e-02;9.855375e-02;9.242677e-02;4.456305e-02;1.228359e-01;4.370315e-02;3.920993e-02;6.951354e-02
1.253396e-01;6.549739e-02;1.893157e-01;7.920132e-02;4.229535e-02;1.108195e-01;5.672921e-02;7.294615e-02;1.123929e-01;5.304514e-02;3.880364e-02;5.361412e-02
1.165470e-01;5.826075e-02;1.420720e-01;6.776922e-02;3.220648e-02;9.570434e-02;5.269703e-02;6.569117e-02;1.253170e-01;9.588540e-02;2.357106e-02;1.242786e-01
1.193334e-01;6.700230e-02;9.949598e-02;7.729449e-02;3.552034e-02;7.677767e-02;5.797441e-02;3.936555e-02;8.774216e-02;1.275000e-01;5.720187e-02;1.547918e-01
8.644672e-02;6.354346e-02;9.001645e-02;5.776494e-02;3.671238e-02;5.098532e-02;7.282880e-02;6.410331e-02;9.978704e-02;1.329241e-01;1.203829e-01;1.245046e-01
6.046375e-02;6.472056e-02;9.490871e-02;3.531092e-02;3.633412e-02;2.535967e-02;1.162311e-01;7.547173e-02;1.292900e-01;1.097236e-01;1.428277e-01;1.093582e-01
6.811010e-02;6.401862e-02;8.594498e-02;3.323667e-02;4.604425e-02;4.415629e-02;1.590899e-01;8.266304e-02;1.223793e-01;7.957154e-02;1.224929e-01;9.229246e-02
7.638673e-02;5.815622e-02;8.615264e-02;4.225142e-02;6.192214e-02;7.550961e-02;1.767542e-01;8.332256e-02;1.113797e-01;7.041627e-02;7.642207e-02;8.132643e-02
6.599671e-02;6.089837e-02;1.190932e-01;5.609552e-02;6.204670e-02;7.707816e-02;1.469015e-01;7.921643e-02;1.177770e-01;6.600171e-02;7.138622e-02;7.750848e-02
4.567477e-02;8.909424e-02;1.470907e-01;5.470474e-02;6.304362e-02;4.877963e-02;1.272597e-01;1.215376e-01;7.732988e-02;6.344518e-02;6.906636e-02;9.297367e-02
4.700866e-02;1.119587e-01;1.128432e-01;3.575481e-02;5.531608e-02;4.533422e-02;1.267272e-01;1.504230e-01;1.103404e-01;7.586851e-02;3.896573e-02;8.945955e-02
8.142392e-02;8.051840e-02;8.491756e-02;3.107331e-02;7.156105e-02;6.167240e-02;2.212287e-01;1.330432e-01;7.039592e-02;7.105954e-02;5.235341e-02;4.075262e-02
7.372770e-02;6.412413e-02;1.465793e-01;5.668014e-02;5.755161e-02;5.805977e-02;2.113892e-01;8.247326e-02;9.063434e-02;4.472644e-02;5.147978e-02;6.257430e-02
7.162725e-02;6.602510e-02;1.643591e-01;5.387763e-02;5.242499e-02;5.154536e-02;1.650431e-01;8.405443e-02;8.940300e-02;4.123132e-02;8.373091e-02;7.667781e-02
9.950352e-02;6.404557e-02;1.436084e-01;5.719680e-02;6.008853e-02;5.424796e-02;1.206008e-01;8.545531e-02;8.005545e-02;6.500309e-02;9.524664e-02;7.494791e-02
5.517808e-02;7.220833e-02;1.693888e-01;6.962541e-02;7.115323e-02;6.133511e-02;1.823404e-01;6.504764e-02;5.400259e-02;6.815707e-02;6.945206e-02;6.211128e-02
8.326336e-02;4.441389e-02;1.709607e-01;7.051098e-02;5.065742e-02;4.842902e-02;1.008769e-01;1.016035e-01;9.211739e-02;8.047225e-02;8.594599e-02;7.074860e-02
8.266678e-02;6.217303e-02;1.453325e-01;8.631875e-02;6.150886e-02;8.898403e-02;1.341656e-01;4.454067e-02;9.296268e-02;7.126132e-02;5.415550e-02;7.593026e-02
8.639394e-02;5.824204e-02;1.294097e-01;7.924600e-02;6.027604e-02;1.041951e-01;1.338058e-01;6.745425e-02;8.858740e-02;4.387202e-02;7.748537e-02;7.103240e-02
6.931499e-02;8.957870e-02;9.492385e-02;5.555059e-02;8.703474e-02;9.430389e-02;1.115551e-01;9.771205e-02;7.506005e-02;6.881164e-02;8.025062e-02;7.590379e-02
3.225032e-02;1.400885e-01;5.122615e-02;3.485203e-02;1.501619e-01;6.023536e-02;7.613476e-02;1.249849e-01;5.027136e-02;1.490894e-01;5.687656e-02;7.382885e-02
5.091358e-02;1.333652e-01;2.892184e-02;2.863639e-02;1.763921e-01;4.426028e-02;1.036080e-01;9.006039e-02;5.895832e-02;1.937455e-01;2.760060e-02;6.353780e-02
6.029138e-02;1.125333e-01;2.611802e-02;3.860246e-02;1.937815e-01;4.097543e-02;1.011620e-01;5.882330e-02;7.140315e-02;2.105562e-01;1.850719e-02;6.724606e-02
2.944007e-02;1.571978e-01;3.666746e-02;2.480972e-02;1.737824e-01;2.735551e-02;6.410278e-02;1.307184e-01;4.143509e-02;2.037208e-01;4.919728e-02;6.157268e-02
3.308157e-02;1.636765e-01;6.848950e-02;1.529538e-02;1.018025e-01;7.228738e-02;4.047109e-02;1.461696e-01;3.336849e-02;1.319701e-01;1.339814e-01;5.940652e-02
3.704419e-02;9.886807e-02;8.342307e-02;2.016085e-02;3.939850e-02;1.454481e-01;3.072904e-02;8.567673e-02;9.838205e-02;5.886084e-02;2.439781e-01;5.803052e-02
4.537597e-02;3.544699e-02;1.115803e-01;2.919455e-02;4.128526e-02;1.473363e-01;2.967138e-02;4.404289e-02;1.345635e-01;4.546643e-02;2.716559e-01;6.438060e-02
7.135757e-02;6.591605e-02;1.377173e-01;2.613867e-02;4.502271e-02;9.457885e-02;5.447887e-02;4.474171e-02;1.231875e-01;5.843050e-02;2.213190e-01;5.711133e-02
8.665872e-02;1.124367e-01;1.320337e-01;3.226502e-02;6.080595e-02;7.485315e-02;5.784427e-02;5.307792e-02;9.913851e-02;5.426678e-02;1.836408e-01;5.297845e-02
7.008254e-02;1.188449e-01;1.059999e-01;4.664222e-02;9.314504e-02;1.055494e-01;7.326546e-02;7.324705e-02;6.641212e-02;8.589210e-02;9.356030e-02;6.735894e-02
7.106835e-02;9.530138e-02;1.186785e-01;3.659375e-02;9.440836e-02;1.115788e-01;5.765242e-02;9.597876e-02;5.144980e-02;1.081738e-01;9.491931e-02;6.419671e-02
8.562972e-02;9.200072e-02;1.348771e-01;4.648620e-02;9.550888e-02;1.119238e-01;5.473026e-02;5.636118e-02;9.683836e-02;8.967783e-02;8.379699e-02;5.216891e-02
5.958471e-02;1.214752e-01;1.416374e-01;6.394248e-02;1.224770e-01;9.503361e-02;6.511974e-02;3.496645e-02;8.107089e-02;6.186543e-02;6.190363e-02;9.092349e-02
1.649093e-01;1.473460e-01;1.533883e-01;4.893399e-02;7.231026e-02;5.174607e-02;6.888687e-02;4.146146e-02;4.356362e-02;4.349244e-02;5.024691e-02;1.137148e-01
2.376707e-01;1.348389e-01;1.518775e-01;4.974309e-02;3.677057e-02;2.788089e-02;7.799849e-02;2.795899e-02;2.715532e-02;4.592191e-02;5.997409e-02;1.222096e-01
2.569029e-01;1.189536e-01;8.563668e-02;6.787384e-02;2.556216e-02;1.776571e-02;7.608543e-02;2.762764e-02;2.206366e-02;8.234493e-02;7.131718e-02;1.478663e-01
2.001977e-01;9.011348e-02;1.094412e-01;6.478596e-02;2.439488e-02;1.796637e-02;8.088159e-02;3.565854e-02;2.260861e-02;1.117957e-01;8.413615e-02;1.580198e-01
1.099351e-01;9.169065e-02;1.632039e-01;4.312415e-02;3.577518e-02;2.761678e-02;1.046299e-01;4.008079e-02;2.776803e-02;1.178610e-01;9.772196e-02;1.405925e-01
1.273771e-01;9.211469e-02;1.655914e-01;6.114861e-02;3.884270e-02;2.287367e-02;5.709789e-02;4.482086e-02;4.701836e-02;1.501621e-01;9.770615e-02;9.524647e-02
1.724870e-01;9.322735e-02;8.747827e-02;7.302472e-02;4.827631e-02;1.881645e-02;1.092020e-01;5.706859e-02;6.662005e-02;1.279295e-01;8.071118e-02;6.515862e-02
1.120624e-01;6.209775e-02;1.148258e-01;6.355425e-02;6.625776e-02;3.697573e-02;1.937892e-01;7.184177e-02;8.618193e-02;9.326549e-02;5.584567e-02;4.330226e-02
6.217136e-02;5.802443e-02;1.192489e-01;7.390843e-02;6.934158e-02;6.808202e-02;1.967052e-01;6.536558e-02;1.071960e-01;8.603254e-02;4.630144e-02;4.762264e-02
2.837062e-02;4.713320e-02;1.121053e-01;7.141753e-02;7.561249e-02;8.475903e-02;1.957899e-01;5.565318e-02;1.129416e-01;1.211330e-01;5.291964e-02;4.216451e-02
3.215738e-02;2.974190e-02;8.587240e-02;4.842446e-02;6.941324e-02;7.808021e-02;2.584744e-01;5.602285e-02;9.364128e-02;1.743641e-01;4.843533e-02;2.537249e-02
2.114801e-02;2.393357e-02;6.800148e-02;3.412860e-02;4.933954e-02;5.560452e-02;3.260501e-01;6.861046e-02;7.713053e-02;2.058904e-01;4.673618e-02;2.342660e-02
3.667236e-02;4.016456e-02;7.315548e-02;3.521794e-02;5.352248e-02;4.509138e-02;3.394493e-01;7.381649e-02;6.122746e-02;1.842125e-01;3.365205e-02;2.381792e-02
4.565692e-02;4.453587e-02;7.972785e-02;3.503171e-02;6.587332e-02;6.096252e-02;3.160201e-01;6.268699e-02;6.554458e-02;1.710469e-01;2.323967e-02;2.967362e-02
6.363165e-02;5.496130e-02;7.610612e-02;3.627169e-02;6.886780e-02;6.713670e-02;2.945060e-01;5.163722e-02;7.127120e-02;1.385582e-01;3.991511e-02;3.713695e-02
8.136532e-02;6.342164e-02;8.970161e-02;3.688097e-02;6.503069e-02;5.710204e-02;2.967074e-01;6.334914e-02;7.159952e-02;7.487310e-02;4.378494e-02;5.618365e-02
6.984319e-02;6.189985e-02;9.717041e-02;3.499012e-02;6.739601e-02;5.182197e-02;3.359090e-01;6.101969e-02;6.652813e-02;5.815699e-02;4.066730e-02;5.459735e-02
5.530548e-02;4.904663e-02;9.968257e-02;5.444210e-02;5.828037e-02;4.704448e-02;3.823085e-01;6.871144e-02;5.565073e-02;6.260618e-02;3.095961e-02;3.596188e-02
1.230100e-01;1.412939e-01;1.040576e-01;1.180115e-01;8.236916e-02;3.640789e-02;6.671553e-02;5.477158e-02;5.345495e-02;5.325567e-02;6.646209e-02;1.001902e-01
1.354980e-01;1.788100e-01;1.064978e-01;1.144210e-01;6.927493e-02;4.184994e-02;5.331300e-02;3.517437e-02;6.134987e-02;5.920502e-02;6.128428e-02;8.332177e-02
1.367018e-01;1.754282e-01;1.200405e-01;9.299593e-02;4.626428e-02;4.606900e-02;6.235078e-02;2.477988e-02;7.368381e-02;8.630275e-02;6.039445e-02;7.498856e-02
1.130355e-01;1.415461e-01;1.431351e-01;7.791322e-02;3.579617e-02;4.485133e-02;7.607957e-02;2.971368e-02;9.029233e-02;9.595934e-02;5.570507e-02;9.597262e-02
9.224795e-02;1.072893e-01;1.692183e-01;6.773733e-02;6.395348e-02;5.684978e-02;7.455257e-02;4.506155e-02;1.102432e-01;6.937188e-02;3.983896e-02;1.036357e-01
1.206258e-01;9.890162e-02;1.170541e-01;5.980248e-02;8.898014e-02;9.065552e-02;5.367389e-02;2.993797e-02;6.618043e-02;1.166876e-01;4.902517e-02;1.084752e-01
1.651806e-01;6.028045e-02;6.831658e-02;1.207593e-01;9.212896e-02;6.505948e-02;3.471855e-02;2.456252e-02;8.785167e-02;1.145607e-01;8.874248e-02;7.783873e-02
1.568072e-01;4.482887e-02;8.522676e-02;1.624802e-01;5.962298e-02;3.677689e-02;3.912729e-02;2.071409e-02;1.498742e-01;6.545718e-02;1.288147e-01;5.026966e-02
9.252511e-02;7.931764e-02;1.290608e-01;1.383387e-01;4.156107e-02;4.629019e-02;4.729962e-02;5.624714e-02;1.378560e-01;4.204525e-02;1.009995e-01;8.845897e-02
4.381614e-02;8.229186e-02;2.035883e-01;7.618850e-02;3.037513e-02;6.131604e-02;6.299072e-02;1.018865e-01;8.277587e-02;4.038041e-02;3.800010e-02;1.763905e-01
2.405746e-02;5.911852e-02;2.687718e-01;2.897832e-02;1.510114e-02;5.447836e-02;9.141695e-02;1.303969e-01;4.642228e-02;4.909017e-02;1.892325e-02;2.132448e-01
3.732961e-02;6.238640e-02;2.970271e-01;2.405878e-02;1.162272e-02;3.906215e-02;1.264066e-01;1.228293e-01;2.744919e-02;5.710065e-02;2.099952e-02;1.737279e-01
6.417824e-02;1.132823e-01;3.008564e-01;3.837850e-02;1.704219e-02;2.311821e-02;1.597216e-01;8.846723e-02;3.107956e-02;4.472551e-02;1.730374e-02;1.018464e-01
8.385223e-02;1.242126e-01;2.803087e-01;5.504463e-02;3.656211e-02;1.991567e-02;2.092607e-01;6.489147e-02;2.875436e-02;2.627871e-02;1.736434e-02;5.355440e-02
9.639680e-02;1.325773e-01;2.088094e-01;6.297452e-02;6.517629e-02;3.263329e-02;2.450777e-01;5.026468e-02;2.395798e-02;2.603146e-02;3.183632e-02;2.426426e-02
1.018640e-01;1.400485e-01;1.271575e-01;4.076008e-02;7.599971e-02;3.949302e-02;3.215786e-01;4.409805e-02;1.663876e-02;3.788211e-02;3.763852e-02;1.684126e-02
6.489000e-02;1.084025e-01;1.047660e-01;2.055594e-02;6.528042e-02;3.459137e-02;4.370417e-01;5.327603e-02;2.968639e-02;3.586592e-02;2.820362e-02;1.744006e-02
4.153283e-02;7.833187e-02;1.064220e-01;2.476235e-02;6.984454e-02;2.861525e-02;5.031583e-01;5.652748e-02;2.378624e-02;2.327026e-02;2.710617e-02;1.664275e-02
2.399977e-02;5.911024e-02;9.164409e-02;1.811591e-02;7.133496e-02;2.908135e-02;5.404105e-01;6.081926e-02;2.538619e-02;2.391013e-02;3.395849e-02;2.222913e-02
2.560930e-02;3.413164e-02;7.807528e-02;1.535806e-02;6.565281e-02;2.532663e-02;5.711265e-01;6.894235e-02;3.539696e-02;3.529281e-02;2.596385e-02;1.912383e-02
4.285169e-02;2.829831e-02;1.303093e-01;2.134567e-02;5.330763e-02;3.371277e-02;4.775234e-01;7.777942e-02;4.246052e-02;5.873811e-02;1.660692e-02;1.706628e-02
5.575262e-02;4.677433e-02;2.108023e-01;2.631907e-02;4.735903e-02;3.639279e-02;3.070533e-01;8.228607e-02;5.129434e-02;8.082991e-02;2.918782e-02;2.594843e-02
4.580865e-02;5.688428e-02;2.157808e-01;1.988460e-02;4.413612e-02;3.290709e-02;3.339897e-01;9.146599e-02;5.189362e-02;6.328996e-02;1.997373e-02;2.398546e-02
2.051686e-02;3.124744e-02;2.049216e-01;1.218842e-02;2.214609e-02;2.301403e-02;3.937919e-01;1.205041e-01;6.731766e-02;6.256236e-02;1.068925e-02;3.110031e-02
1.187646e-02;1.277278e-02;1.907935e-01;9.902761e-03;1.476666e-02;2.182378e-02;4.139640e-01;1.332443e-01;7.700241e-02;6.821739e-02;9.582317e-03;3.605371e-02
9.729003e-03;1.964029e-02;1.685498e-01;1.152246e-02;1.443905e-02;2.542614e-02;4.329084e-01;1.245779e-01;8.130371e-02;6.417114e-02;7.893048e-03;3.983903e-02
6.003591e-03;2.496170e-02;1.368994e-01;1.381927e-02;1.564311e-02;4.133029e-02;4.568284e-01;1.093628e-01;7.528955e-02;6.390058e-02;8.937158e-03;4.702426e-02
1.483095e-02;2.448638e-02;9.756577e-02;3.009607e-02;2.485625e-02;7.278915e-02;4.372573e-01;9.253719e-02;7.344877e-02;6.943303e-02;1.439193e-02;4.830722e-02
2.709756e-02;3.198686e-02;6.984170e-02;6.337930e-02;5.396061e-02;8.857192e-02;3.449787e-01;8.506697e-02;8.495525e-02;9.092598e-02;2.399883e-02;3.523633e-02
3.412220e-02;3.482243e-02;6.535444e-02;9.601166e-02;7.788964e-02;7.155549e-02;1.960428e-01;9.511281e-02;1.182230e-01;1.362932e-01;5.011240e-02;2.445992e-02
2.884210e-02;2.175833e-02;5.370954e-02;9.641847e-02;9.247607e-02;9.122756e-02;1.144173e-01;8.700880e-02;1.511597e-01;1.803425e-01;6.454686e-02;1.809282e-02
2.121552e-02;3.147339e-02;7.431667e-02;7.869246e-02;1.281089e-01;6.615061e-02;1.092204e-01;7.731319e-02;1.663159e-01;1.823572e-01;5.544614e-02;9.389609e-03
2.967487e-02;6.132306e-02;1.054479e-01;4.248628e-02;1.086391e-01;3.708299e-02;2.373470e-01;7.882340e-02;1.167700e-01;1.157131e-01;4.258787e-02;2.410436e-02
6.021035e-02;5.429970e-02;1.170643e-01;4.134274e-02;7.767534e-02;4.042348e-02;3.400902e-01;6.753688e-02;6.972395e-02;6.228662e-02;3.848412e-02;3.086236e-02
7.968366e-02;7.598560e-02;1.009844e-01;5.110953e-02;4.055391e-02;3.959059e-02;3.224884e-01;3.945666e-02;1.002413e-01;7.201814e-02;4.557077e-02;3.231705e-02
6.190263e-02;7.737939e-02;1.571112e-01;7.755546e-02;5.067919e-02;2.872901e-02;1.906302e-01;4.688205e-02;9.396642e-02;8.256924e-02;6.659757e-02;6.599762e-02
4.182939e-02;5.115442e-02;1.905607e-01;1.105509e-01;5.513426e-02;4.389036e-02;1.360167e-01;7.100074e-02;8.247055e-02;7.342800e-02;6.407806e-02;7.988588e-02
4.192423e-02;3.918642e-02;1.771781e-01;1.605873e-01;6.449562e-02;6.894974e-02;9.295107e-02;1.040745e-01;9.510088e-02;6.062801e-02;3.426685e-02;6.065726e-02
3.565872e-02;3.714811e-02;1.510851e-01;2.012842e-01;6.904764e-02;1.187082e-01;5.737650e-02;1.145959e-01;1.178035e-01;4.017881e-02;1.932102e-02;3.779230e-02
2.790241e-02;3.699898e-02;1.873560e-01;1.554485e-01;5.271893e-02;1.857003e-01;4.597608e-02;8.713065e-02;1.230339e-01;2.609515e-02;2.033724e-02;5.130188e-02
2.164405e-02;4.010793e-02;2.346300e-01;8.280960e-02;3.455453e-02;2.161886e-01;6.503689e-02;9.767997e-02;1.033349e-01;2.438364e-02;1.557778e-02;6.405211e-02
3.735440e-02;5.557801e-02;2.286436e-01;4.394390e-02;3.265099e-02;2.012252e-01;1.292155e-01;9.781484e-02;7.310674e-02;2.861554e-02;1.405561e-02;5.779574e-02
5.412095e-02;6.964317e-02;1.776747e-01;2.274405e-02;3.453681e-02;1.752408e-01;2.153648e-01;8.720818e-02;4.748905e-02;4.327547e-02;2.316892e-02;4.953306e-02
4.365874e-02;5.936373e-02;1.480713e-01;5.193364e-02;4.861799e-02;1.440854e-01;2.429155e-01;7.256299e-02;4.765420e-02;6.480867e-02;3.007773e-02;4.625009e-02
3.606896e-02;4.375652e-02;1.542004e-01;1.328273e-01;6.828956e-02;6.925309e-02;1.572463e-01;7.702193e-02;9.105519e-02;8.364451e-02;4.159424e-02;4.504193e-02
6.136290e-02;3.225544e-02;8.828115e-02;1.637553e-01;6.305416e-02;7.932676e-02;1.402721e-01;8.061744e-02;1.095144e-01;9.936337e-02;6.089034e-02;2.130675e-02
8.420224e-02;1.715309e-02;4.047554e-02;1.346607e-01;5.544344e-02;1.159321e-01;1.785626e-01;6.914995e-02;9.710396e-02;1.275513e-01;6.588203e-02;1.388304e-02
6.198243e-02;1.900485e-02;5.821772e-02;8.425943e-02;5.915063e-02;1.401732e-01;2.165163e-01;4.439381e-02;6.755982e-02;1.652465e-01;6.747408e-02;1.602129e-02
2.941120e-02;5.674619e-02;5.100222e-02;5.385705e-02;1.195339e-01;1.253063e-01;1.311786e-01;4.668225e-02;5.902150e-02;1.953624e-01;1.025099e-01;2.938857e-02
3.955794e-02;8.834980e-02;7.154904e-02;4.305510e-02;1.444931e-01;6.601977e-02;8.968560e-02;6.197546e-02;5.616343e-02;1.768472e-01;1.209235e-01;4.137997e-02
3.211682e-02;8.245896e-02;7.346976e-02;7.159516e-02;1.425885e-01;4.083404e-02;8.224346e-02;7.523729e-02;7.299314e-02;1.694901e-01;1.177652e-01;3.920758e-02
1.587101e-02;6.728479e-02;5.432903e-02;1.015996e-01;1.250784e-01;5.621256e-02;7.697859e-02;6.981095e-02;6.818776e-02;1.876186e-01;1.418177e-01;3.521112e-02
4.039075e-02;6.214109e-02;8.704310e-02;1.081735e-01;8.014785e-02;6.379653e-02;4.923087e-02;4.231856e-02;6.082178e-02;2.041846e-01;1.680178e-01;3.373351e-02
4.193645e-02;6.123840e-02;1.166480e-01;6.677353e-02;7.025294e-02;4.691951e-02;7.947917e-02;6.498416e-02;6.758670e-02;2.085162e-01;1.497526e-01;2.591239e-02
2.946412e-02;5.319980e-02;9.187666e-02;3.545976e-02;1.043458e-01;6.262556e-02;7.948825e-02;8.614294e-02;5.519018e-02;2.267566e-01;1.474070e-01;2.804330e-02
2.762805e-02;4.591647e-02;4.276558e-02;3.794308e-02;1.169023e-01;5.411752e-02;9.143466e-02;7.158482e-02;7.601620e-02;2.513016e-01;1.459189e-01;3.847087e-02
2.928047e-02;4.733921e-02;4.275898e-02;6.058853e-02;9.022066e-02;6.226430e-02;1.155023e-01;9.555788e-02;9.315651e-02;2.200713e-01;1.191243e-01;2.413554e-02
2.407072e-02;4.073798e-02;8.876241e-02;6.216508e-02;8.129266e-02;6.741447e-02;2.128725e-01;9.653617e-02;7.463353e-02;1.474827e-01;7.909428e-02;2.493737e-02
4.159437e-02;6.547794e-02;7.092401e-02;4.542078e-02;9.590107e-02;6.582450e-02;3.354397e-01;6.434339e-02;4.327738e-02;8.813422e-02;5.096534e-02;3.269731e-02
1.170767e-01;9.430526e-02;8.682309e-02;3.595588e-02;8.352458e-02;5.663534e-02;2.594695e-01;4.085653e-02;4.463654e-02;6.052929e-02;3.178819e-02;8.839903e-02
1.323385e-01;9.131291e-02;1.056907e-01;3.741315e-02;6.589004e-02;5.632398e-02;2.080633e-01;3.753902e-02;4.573891e-02;7.691922e-02;3.926599e-02;1.035044e-01
1.199016e-01;7.992122e-02;9.454555e-02;4.425756e-02;5.927400e-02;6.353965e-02;2.053759e-01;3.867261e-02;4.063598e-02;1.023182e-01;5.677277e-02;9.478510e-02
9.844575e-02;6.179125e-02;7.405556e-02;9.014038e-02;6.419379e-02;5.759697e-02;1.645551e-01;4.009363e-02;6.373989e-02;1.521282e-01;7.173810e-02;6.152137e-02
1.126534e-01;5.063983e-02;8.585960e-02;1.461900e-01;6.213901e-02;3.452804e-02;1.093633e-01;2.699992e-02;8.702170e-02;1.787117e-01;7.070302e-02;3.519037e-02
1.523201e-01;4.615537e-02;6.658185e-02;1.295887e-01;3.151442e-02;1.952394e-02;1.497483e-01;4.699706e-02;1.006568e-01;1.377246e-01;5.309943e-02;6.608953e-02
1.416402e-01;3.524533e-02;4.302757e-02;7.998241e-02;2.544369e-02;1.914362e-02;2.369455e-01;7.173770e-02;9.448151e-02;9.135003e-02;3.640044e-02;1.246021e-01
7.584401e-02;2.034374e-02;7.003491e-02;3.889972e-02;3.279239e-02;3.354633e-02;3.412349e-01;8.446661e-02;6.336169e-02;4.693415e-02;3.096781e-02;1.615737e-01
2.289181e-02;2.604364e-02;1.072842e-01;5.608799e-02;3.012273e-02;4.845636e-02;3.622301e-01;8.127924e-02;5.779483e-02;6.130509e-02;2.056230e-02;1.259417e-01
2.605595e-02;2.570034e-02;1.073956e-01;1.189149e-01;6.031162e-02;4.978962e-02;2.877743e-01;7.037484e-02;8.158512e-02;8.074124e-02;3.398670e-02;5.736975e-02
6.097448e-02;1.874774e-02;9.291379e-02;1.414354e-01;7.747900e-02;5.802964e-02;2.152049e-01;8.130476e-02;1.002044e-01;9.158985e-02;4.329417e-02;1.882188e-02
9.991108e-02;2.392814e-02;1.225100e-01;1.267604e-01;5.263530e-02;4.448334e-02;1.680917e-01;8.146656e-02;1.072291e-01;1.075379e-01;4.293451e-02;2.251208e-02
9.933600e-02;2.680213e-02;1.431038e-01;1.138465e-01;5.035962e-02;3.184598e-02;1.764981e-01;7.861751e-02;1.051454e-01;1.072746e-01;4.643491e-02;2.073541e-02
7.533436e-02;2.179018e-02;1.432931e-01;9.801632e-02;6.122581e-02;4.402524e-02;1.756927e-01;1.143762e-01;1.087304e-01;9.458587e-02;4.022057e-02;2.270921e-02
5.238237e-02;3.009527e-02;1.394371e-01;6.159918e-02;6.952357e-02;4.371358e-02;1.802672e-01;1.357593e-01;1.280795e-01;9.599735e-02;3.444571e-02;2.869986e-02
2.533263e-02;2.057068e-02;1.380767e-01;4.464063e-02;5.584404e-02;8.711502e-02;2.446084e-01;1.009034e-01;1.021231e-01;1.097522e-01;3.310660e-02;3.792659e-02
1.943185e-02;1.606892e-02;1.290510e-01;6.094375e-02;3.290535e-02;9.131040e-02;2.452638e-01;9.109817e-02;1.008056e-01;1.256668e-01;3.509236e-02;5.236194e-02
1.437320e-02;3.428960e-02;1.079041e-01;7.925426e-02;3.782567e-02;7.031951e-02;2.122682e-01;1.040039e-01;1.143084e-01;1.357498e-01;4.803919e-02;4.166418e-02
1.828241e-02;4.381982e-02;1.166594e-01;6.488427e-02;3.169482e-02;7.525364e-02;2.144990e-01;1.186869e-01;1.067339e-01;1.234822e-01;4.489302e-02;4.111070e-02
1.676598e-02;3.691598e-02;1.396760e-01;4.265459e-02;2.406936e-02;8.429828e-02;2.414931e-01;1.174619e-01;8.782899e-02;1.046889e-01;3.744881e-02;6.669810e-02
1.689653e-02;2.683608e-02;1.376835e-01;2.694082e-02;2.147238e-02;9.097752e-02;2.727541e-01;1.018456e-01;7.379740e-02;1.016806e-01;3.463126e-02;9.448417e-02
1.337894e-02;2.510526e-02;1.366525e-01;2.687502e-02;2.294149e-02;7.315305e-02;2.847727e-01;1.022998e-01;6.738478e-02;1.082571e-01;3.177907e-02;1.074003e-01
1.080137e-02;1.758139e-02;1.281747e-01;2.571547e-02;2.586551e-02;4.791358e-02;2.943574e-01;1.135599e-01;9.160896e-02;1.174828e-01;3.214005e-02;9.479868e-02
1.737253e-02;1.830500e-02;1.153615e-01;1.927993e-02;5.022069e-02;5.330428e-02;2.811087e-01;1.179258e-01;1.057926e-01;1.288625e-01;3.630782e-02;5.615858e-02
4.885802e-02;4.573626e-02;1.075431e-01;2.215899e-02;8.751144e-02;5.294879e-02;2.250357e-01;8.419126e-02;7.984547e-02;1.267507e-01;7.326365e-02;4.615658e-02
6.793879e-02;6.223890e-02;7.148081e-02;3.050729e-02;1.006506e-01;5.538876e-02;2.332027e-01;5.877285e-02;5.901854e-02;9.528878e-02;8.194125e-02;8.357071e-02
7.232494e-02;5.020660e-02;6.799473e-02;3.294507e-02;1.041302e-01;5.554939e-02;2.351409e-01;5.942113e-02;6.568130e-02;7.423633e-02;7.069234e-02;1.116771e-01
6.742078e-02;4.752048e-02;7.867029e-02;4.122198e-02;1.033946e-01;5.652795e-02;2.325320e-01;8.425543e-02;6.186363e-02;7.397451e-02;6.214298e-02;9.047540e-02
4.917826e-02;4.390723e-02;9.679125e-02;3.523962e-02;6.993519e-02;5.890882e-02;3.175187e-01;9.190045e-02;4.893888e-02;6.472554e-02;5.063426e-02;7.232185e-02
6.681157e-02;2.578712e-02;6.280131e-02;2.836137e-02;6.039167e-02;6.820264e-02;3.772850e-01;6.602179e-02;5.879872e-02;6.440222e-02;4.311563e-02;7.802092e-02
8.315785e-02;5.718389e-02;9.017921e-02;2.863356e-02;4.490502e-02;6.676874e-02;2.865889e-01;6.424671e-02;6.811137e-02;6.947123e-02;6.666279e-02;7.409077e-02
