2.473899e-02;6.707005e-02;8.158121e-02;3.363889e-02;5.848544e-02;1.203434e-01;2.364708e-01;1.223127e-01;1.259790e-01;8.459946e-02;2.551540e-02;1.926457e-02
2.516932e-02;4.594712e-02;3.245864e-02;5.975037e-02;5.036108e-02;1.394394e-01;2.606090e-01;1.307344e-01;1.316320e-01;6.948058e-02;2.258146e-02;3.183661e-02
6.688996e-02;5.224608e-02;2.494809e-02;6.316237e-02;6.586983e-02;1.525943e-01;1.733533e-01;1.230240e-01;1.165516e-01;9.379668e-02;2.901391e-02;3.854990e-02
9.568648e-02;5.165175e-02;3.058972e-02;8.061569e-02;7.413761e-02;1.051077e-01;1.522633e-01;1.461789e-01;1.072074e-01;8.389927e-02;4.243447e-02;3.022777e-02
9.119970e-02;7.266397e-02;3.551318e-02;9.127488e-02;7.677851e-02;8.014696e-02;1.267742e-01;1.524014e-01;1.261407e-01;5.841593e-02;4.096063e-02;4.772999e-02
6.473000e-02;8.146577e-02;3.768639e-02;1.082325e-01;8.662158e-02;9.943739e-02;1.256509e-01;1.380602e-01;1.408637e-01;4.849629e-02;2.912047e-02;3.963486e-02
4.829817e-02;1.324899e-01;8.545201e-02;6.771546e-02;6.835156e-02;1.348801e-01;1.131651e-01;1.636294e-01;7.957446e-02;4.940073e-02;2.524848e-02;3.179470e-02
4.439710e-02;1.526766e-01;9.940661e-02;4.173824e-02;4.036139e-02;1.682543e-01;7.734089e-02;1.801586e-01;8.788583e-02;3.156159e-02;3.012486e-02;4.609400e-02
3.935876e-02;1.520047e-01;9.227217e-02;4.642477e-02;3.942326e-02;1.932842e-01;5.618156e-02;1.656080e-01;9.272876e-02;2.882643e-02;3.539357e-02;5.849388e-02
3.603218e-02;1.290118e-01;1.005649e-01;5.405771e-02;6.896897e-02;1.978070e-01;6.442451e-02;1.180401e-01;7.394824e-02;3.884958e-02;4.162164e-02;7.667325e-02
3.729715e-02;9.628676e-02;1.092866e-01;7.215472e-02;8.781905e-02;1.637798e-01;7.719903e-02;9.126062e-02;6.600723e-02;4.611639e-02;7.218679e-02;8.060592e-02
3.824256e-02;9.762532e-02;1.453788e-01;8.134670e-02;6.426144e-02;1.023259e-01;8.346306e-02;1.221603e-01;9.182614e-02;4.488177e-02;7.639077e-02;5.209740e-02
4.217625e-02;1.224074e-01;1.807781e-01;5.700908e-02;4.013916e-02;1.099568e-01;9.469298e-02;1.416770e-01;8.673854e-02;3.568763e-02;4.769288e-02;4.104428e-02
4.412761e-02;1.335202e-01;1.098174e-01;4.663707e-02;3.814683e-02;1.612884e-01;9.734853e-02;1.637408e-01;9.430805e-02;4.080880e-02;3.790517e-02;3.235099e-02
6.434211e-02;9.505288e-02;1.093345e-01;4.518384e-02;8.197179e-02;1.804516e-01;8.689370e-02;1.285894e-01;7.262196e-02;4.941960e-02;4.582212e-02;4.031653e-02
8.332897e-02;9.396955e-02;1.054419e-01;3.760071e-02;8.205371e-02;2.605743e-01;5.025386e-02;1.024539e-01;5.292497e-02;7.201101e-02;2.777805e-02;3.160900e-02
8.400109e-02;9.167511e-02;6.548380e-02;2.282698e-02;7.688349e-02;3.412782e-01;5.110067e-02;9.304950e-02;3.543743e-02;6.909747e-02;3.786452e-02;3.130169e-02
8.907252e-02;6.817480e-02;3.101475e-02;1.762004e-02;7.863384e-02;4.463688e-01;3.717084e-02;7.470689e-02;2.570928e-02;5.529651e-02;5.321956e-02;2.301216e-02
9.571954e-02;3.544167e-02;1.551682e-02;3.490086e-02;8.526900e-02;4.619399e-01;5.440532e-02;6.500459e-02;2.664166e-02;6.244304e-02;3.009957e-02;3.261806e-02
9.042425e-02;2.517075e-02;1.222120e-02;5.813970e-02;9.173634e-02;4.410664e-01;5.811118e-02;6.204702e-02;2.943776e-02;7.205239e-02;1.859603e-02;4.099702e-02
8.603381e-02;2.484228e-02;1.538475e-02;8.266388e-02;8.966988e-02;4.278073e-01;4.968578e-02;6.547350e-02;2.833501e-02;7.299417e-02;1.819948e-02;3.891016e-02
8.610943e-02;4.278148e-02;2.275857e-02;7.937604e-02;7.255764e-02;3.794417e-01;6.514043e-02;8.096837e-02;4.156739e-02;7.648856e-02;2.004939e-02;3.276097e-02
7.995454e-02;6.413441e-02;3.923612e-02;6.083457e-02;6.933274e-02;3.233830e-01;7.519344e-02;1.074082e-01;5.779374e-02;7.050674e-02;2.185704e-02;3.036540e-02
5.649992e-02;8.722687e-02;6.736036e-02;4.599698e-02;5.708678e-02;2.935839e-01;7.169449e-02;1.214909e-01;7.205573e-02;5.945902e-02;3.563112e-02;3.191388e-02
3.690913e-02;8.529560e-02;8.482376e-02;6.388400e-02;3.567152e-02;3.061841e-01;4.524548e-02;1.345509e-01;6.920333e-02;6.492062e-02;4.381553e-02;2.949603e-02
6.587710e-02;5.033131e-02;4.288983e-02;7.723656e-02;7.533877e-02;3.502679e-01;3.991337e-02;1.188203e-01;6.390893e-02;6.778429e-02;2.807044e-02;1.956120e-02
6.598415e-02;3.294540e-02;2.284919e-02;7.668242e-02;9.445652e-02;4.083921e-01;5.734199e-02;8.815883e-02;4.278661e-02;6.756219e-02;2.011388e-02;2.272676e-02
6.228054e-02;3.651160e-02;3.015788e-02;6.726611e-02;9.464078e-02;3.939911e-01;5.693138e-02;8.558227e-02;4.488509e-02;7.830413e-02;1.827662e-02;3.117253e-02
8.204118e-02;6.492657e-02;8.099317e-02;6.443182e-02;6.240055e-02;2.835530e-01;7.960226e-02;1.028836e-01;6.151663e-02;7.323674e-02;1.425324e-02;3.016131e-02
8.630110e-02;7.787973e-02;1.104334e-01;7.803919e-02;4.124342e-02;1.762813e-01;1.276861e-01;1.017278e-01;7.596651e-02;6.942458e-02;1.549878e-02;3.951801e-02
6.575646e-02;8.093479e-02;1.158118e-01;6.719136e-02;3.668503e-02;1.647983e-01;1.380851e-01;1.109925e-01;9.521612e-02;6.604186e-02;2.146578e-02;3.702089e-02
3.258828e-02;9.856872e-02;1.308096e-01;5.854550e-02;5.032688e-02;1.662271e-01;8.613691e-02;1.294229e-01;1.017007e-01;5.594692e-02;3.932292e-02;5.040357e-02
4.437643e-02;9.884660e-02;1.260257e-01;6.244377e-02;5.374569e-02;1.643895e-01;8.107212e-02;1.190700e-01;8.646670e-02;5.828759e-02;4.876091e-02;5.651508e-02
6.664268e-02;4.814143e-02;8.897714e-02;9.629907e-02;6.238492e-02;2.043958e-01;9.563571e-02;7.923808e-02;8.718847e-02;6.361393e-02;3.829575e-02;6.918705e-02
4.999689e-02;8.662958e-02;8.367601e-02;1.008356e-01;1.309820e-01;1.993652e-01;5.115470e-02;8.932053e-02;4.924945e-02;8.252957e-02;2.714715e-02;4.911332e-02
4.147204e-02;8.658574e-02;9.210891e-02;1.422351e-01;1.538678e-01;1.455889e-01;2.122967e-02;9.719723e-02;2.546272e-02;1.086285e-01;6.178487e-02;2.383847e-02
2.414171e-02;7.363159e-02;6.224052e-02;1.829156e-01;1.509853e-01;1.035134e-01;2.776637e-02;1.329271e-01;2.202814e-02;9.872787e-02;9.208614e-02;2.903629e-02
1.167771e-02;6.205074e-02;6.970906e-02;2.107234e-01;1.365657e-01;9.386273e-02;3.239104e-02;1.642169e-01;2.154715e-02;4.724460e-02;1.216920e-01;2.831894e-02
1.043208e-02;4.654406e-02;8.494092e-02;2.022951e-01;9.825440e-02;1.281143e-01;7.587599e-02;1.614405e-01;1.884429e-02;2.475518e-02;1.317415e-01;1.676174e-02
1.675390e-02;2.915221e-02;1.035911e-01;2.047851e-01;7.492539e-02;1.290926e-01;8.098226e-02;1.665892e-01;1.379949e-02;2.184425e-02;1.463624e-01;1.212212e-02
1.658465e-02;3.618046e-02;1.261205e-01;1.917985e-01;7.068701e-02;1.204701e-01;7.091211e-02;1.580043e-01;1.412432e-02;3.675740e-02;1.408329e-01;1.752773e-02
8.827335e-03;7.433356e-02;1.503002e-01;1.716702e-01;6.363079e-02;1.156926e-01;6.752666e-02;1.471770e-01;2.160286e-02;3.402717e-02;1.274117e-01;1.779983e-02
2.548742e-02;9.090386e-02;1.527273e-01;1.527269e-01;6.259862e-02;1.257832e-01;4.812178e-02;1.540477e-01;2.625105e-02;2.710340e-02;1.211878e-01;1.306101e-02
2.477165e-02;8.618212e-02;1.352137e-01;1.149141e-01;6.499258e-02;1.652698e-01;4.151299e-02;1.694053e-01;4.260716e-02;2.866434e-02;9.823544e-02;2.823085e-02
2.612714e-02;7.912271e-02;1.137802e-01;9.284206e-02;5.961671e-02;1.870692e-01;6.596751e-02;1.624850e-01;5.728130e-02;6.224196e-02;5.155899e-02;4.190711e-02
3.452876e-02;5.889567e-02;9.764763e-02;7.989965e-02;6.450758e-02;2.386644e-01;6.940421e-02;1.254988e-01;6.051881e-02;9.334493e-02;5.082937e-02;2.626017e-02
3.155595e-02;4.578304e-02;8.643726e-02;9.792130e-02;8.183109e-02;2.687913e-01;3.694233e-02;8.920924e-02;5.184541e-02;7.689290e-02;9.048492e-02;4.230524e-02
1.307804e-02;3.122218e-02;6.464059e-02;1.243337e-01;7.934499e-02;2.721848e-01;4.580986e-02;8.306056e-02;6.262152e-02;5.827621e-02;1.141850e-01;5.124264e-02
1.908222e-02;3.605477e-02;5.219348e-02;1.274948e-01;1.057722e-01;2.663350e-01;4.580589e-02;8.279628e-02;5.371203e-02;5.588314e-02;1.082627e-01;4.660747e-02
2.647529e-02;4.425475e-02;5.579763e-02;1.232412e-01;1.071073e-01;2.487349e-01;7.776279e-02;7.401679e-02;4.173581e-02;6.852556e-02;9.999305e-02;3.235498e-02
7.832153e-03;4.108506e-02;6.401830e-02;1.343267e-01;1.331380e-01;1.935541e-01;1.016541e-01;7.651480e-02;3.868648e-02;8.243102e-02;7.291863e-02;5.384062e-02
1.735189e-02;4.994631e-02;9.207477e-02;1.652098e-01;1.434015e-01;1.758171e-01;7.739806e-02;7.691107e-02;5.369833e-02;6.354631e-02;3.469095e-02;4.995388e-02
2.295508e-02;8.733998e-02;1.256652e-01;1.455210e-01;9.353510e-02;1.804890e-01;1.068146e-01;6.307182e-02;5.495508e-02;3.790965e-02;5.447553e-02;2.726788e-02
4.817535e-02;9.893852e-02;9.878553e-02;1.031720e-01;7.018030e-02;1.588637e-01;8.853950e-02;1.232528e-01;6.428479e-02;4.755735e-02;7.057957e-02;2.767066e-02
4.675814e-02;1.190251e-01;9.256981e-02;8.697527e-02;4.836798e-02;1.031644e-01;6.160413e-02;2.260824e-01;8.556265e-02;4.091532e-02;5.748671e-02;3.148811e-02
3.247844e-02;8.644440e-02;1.617894e-01;7.281660e-02;3.939942e-02;7.528458e-02;5.647632e-02;2.872346e-01;1.011550e-01;2.850973e-02;3.190285e-02;2.650864e-02
2.415473e-02;6.356713e-02;1.768681e-01;8.166850e-02;5.399369e-02;5.642703e-02;4.164554e-02;2.939540e-01;1.424821e-01;2.162777e-02;1.401719e-02;2.959414e-02
2.620947e-02;4.803109e-02;1.021964e-01;1.848585e-01;8.303560e-02;2.918054e-02;2.186924e-02;2.468413e-01;1.971948e-01;2.589061e-02;1.358923e-02;2.110317e-02
2.064388e-02;4.875292e-02;5.976642e-02;2.519743e-01;1.089840e-01;2.612878e-02;1.517233e-02;1.997229e-01;2.075466e-01;3.543219e-02;1.437242e-02;1.150333e-02
1.817326e-02;6.824509e-02;1.014241e-01;2.188959e-01;1.137909e-01;4.956346e-02;2.597646e-02;1.813040e-01;1.604877e-01;3.315413e-02;1.459869e-02;1.438613e-02
1.461177e-02;7.495943e-02;1.976972e-01;1.660231e-01;7.784250e-02;7.804082e-02;5.260467e-02;1.617592e-01;1.002274e-01;2.877576e-02;1.447722e-02;3.298097e-02
1.330726e-02;6.239313e-02;3.184205e-01;1.350308e-01;4.878151e-02;6.259171e-02;7.034513e-02;1.506780e-01;6.376012e-02;2.938371e-02;1.315576e-02;3.215237e-02
2.911572e-02;8.982190e-02;3.352790e-01;1.240834e-01;4.113606e-02;4.617059e-02;6.873605e-02;1.462238e-01;4.615118e-02;2.862216e-02;2.510337e-02;1.955674e-02
4.297193e-02;1.534436e-01;2.263523e-01;1.053182e-01;7.158627e-02;6.895656e-02;7.938521e-02;1.359742e-01;4.159408e-02;1.666014e-02;4.220085e-02;1.555656e-02
4.866001e-02;1.923954e-01;1.255431e-01;7.683872e-02;8.022732e-02;1.081564e-01;1.017311e-01;1.385350e-01;4.681166e-02;1.814921e-02;4.397737e-02;1.897467e-02
5.565420e-02;1.721976e-01;8.427390e-02;9.981845e-02;6.154131e-02;1.522352e-01;8.336974e-02;1.263116e-01;6.801359e-02;4.583155e-02;2.017869e-02;3.057409e-02
6.375280e-02;1.129939e-01;9.883594e-02;1.330686e-01;8.627099e-02;1.410182e-01;4.560888e-02;1.107919e-01;9.247860e-02;5.323666e-02;2.564582e-02;3.629777e-02
5.207219e-02;1.296199e-01;1.005849e-01;1.419504e-01;8.636509e-02;8.597630e-02;4.988826e-02;1.887549e-01;8.980517e-02;2.812730e-02;2.869422e-02;1.816136e-02
2.030543e-02;9.056791e-02;1.855981e-01;1.303064e-01;6.170433e-02;1.138100e-01;8.146559e-02;2.034581e-01;6.398319e-02;1.624752e-02;2.433630e-02;8.217154e-03
2.452394e-02;5.357910e-02;1.913581e-01;1.000987e-01;9.552276e-02;1.860068e-01;5.687277e-02;1.831864e-01;4.675634e-02;1.071909e-02;3.689903e-02;1.447699e-02
2.980039e-02;9.938148e-02;1.611885e-01;1.068107e-01;1.433435e-01;1.796229e-01;5.224385e-02;1.284509e-01;3.783359e-02;1.580060e-02;2.904779e-02;1.647579e-02
3.903754e-02;8.837220e-02;1.106486e-01;1.229839e-01;1.489596e-01;1.809410e-01;8.000968e-02;9.847517e-02;4.432114e-02;2.973457e-02;2.979256e-02;2.672418e-02
4.404046e-02;7.765432e-02;1.116249e-01;1.200357e-01;8.802242e-02;1.893045e-01;1.039041e-01;1.061033e-01;6.974134e-02;3.928399e-02;2.605484e-02;2.423021e-02
4.303300e-02;7.893164e-02;1.707126e-01;7.997859e-02;5.310267e-02;1.670866e-01;7.371846e-02;1.301557e-01;6.833804e-02;5.686900e-02;3.856824e-02;3.950549e-02
5.802528e-02;9.054974e-02;1.528331e-01;5.846935e-02;5.444593e-02;2.082449e-01;4.970330e-02;9.390847e-02;8.293810e-02;6.393003e-02;5.904765e-02;2.790414e-02
5.205031e-02;6.360132e-02;1.370730e-01;5.215351e-02;7.149583e-02;2.637351e-01;6.495476e-02;3.462276e-02;1.204642e-01;5.381433e-02;5.159966e-02;3.443529e-02
3.737514e-02;3.895728e-02;1.082753e-01;6.140409e-02;1.354046e-01;2.410690e-01;7.313140e-02;5.113399e-02;1.273186e-01;4.330372e-02;2.749502e-02;5.513190e-02
3.546977e-02;6.920374e-02;9.733237e-02;8.249302e-02;1.559341e-01;2.065703e-01;7.685378e-02;6.379271e-02;9.661575e-02;4.173758e-02;1.512827e-02;5.886865e-02
3.756820e-02;1.109324e-01;9.148683e-02;9.974913e-02;1.282742e-01;2.046224e-01;7.436211e-02;5.371436e-02;6.345493e-02;5.541908e-02;3.074418e-02;4.967221e-02
2.801985e-02;1.105368e-01;9.561811e-02;1.351904e-01;1.262416e-01;2.048473e-01;5.595141e-02;6.349050e-02;4.657142e-02;5.158401e-02;5.122305e-02;3.072559e-02
1.631644e-02;1.157559e-01;8.673119e-02;1.946639e-01;8.317079e-02;1.568788e-01;4.832868e-02;1.198439e-01;1.993744e-02;2.366742e-02;8.856628e-02;4.613924e-02
1.199454e-02;1.157413e-01;7.488845e-02;2.063771e-01;9.591421e-02;1.064037e-01;4.160492e-02;1.398277e-01;1.945222e-02;2.587072e-02;1.123962e-01;4.952906e-02
9.665183e-03;9.239736e-02;7.050589e-02;1.823011e-01;1.160794e-01;1.585798e-01;4.073204e-02;1.387077e-01;2.225901e-02;2.615300e-02;1.035547e-01;3.906498e-02
2.617548e-02;6.117081e-02;6.543611e-02;1.869197e-01;8.633427e-02;1.930089e-01;6.521314e-02;1.520182e-01;2.280075e-02;2.546998e-02;9.266374e-02;2.278881e-02
3.359675e-02;4.338487e-02;7.785834e-02;1.959349e-01;4.918151e-02;2.368999e-01;7.810764e-02;1.619098e-01;1.977285e-02;1.767206e-02;7.497684e-02;1.070447e-02
3.776035e-02;4.748829e-02;1.058320e-01;1.630404e-01;5.474516e-02;2.512515e-01;9.003860e-02;1.373349e-01;2.376675e-02;2.364486e-02;5.098639e-02;1.411076e-02
3.885065e-02;6.934792e-02;1.397355e-01;1.149971e-01;7.106216e-02;1.738435e-01;1.145222e-01;1.186935e-01;4.438449e-02;4.577510e-02;5.687279e-02;1.191512e-02
4.029652e-02;8.371711e-02;1.464071e-01;7.458487e-02;1.113648e-01;7.379384e-02;1.037007e-01;1.481953e-01;6.702575e-02;4.568795e-02;8.524026e-02;1.998588e-02
2.516811e-02;7.973226e-02;9.628887e-02;1.707224e-01;1.155559e-01;9.681061e-02;6.492874e-02;1.525011e-01;8.992559e-02;4.403281e-02;4.908025e-02;1.525332e-02
1.278360e-02;5.522318e-02;9.269353e-02;1.522015e-01;9.481124e-02;2.117465e-01;4.610913e-02;1.255131e-01;9.190471e-02;3.248074e-02;6.041325e-02;2.411953e-02
2.055586e-02;5.147383e-02;8.629065e-02;1.520228e-01;5.703559e-02;2.741681e-01;6.522204e-02;1.003260e-01;7.538036e-02;1.738838e-02;8.012234e-02;2.001403e-02
2.185220e-02;5.008476e-02;5.262642e-02;1.723319e-01;6.354710e-02;2.909154e-01;4.692256e-02;1.006880e-01;7.603449e-02;1.463521e-02;9.040856e-02;1.995339e-02
1.762318e-02;2.788972e-02;1.180816e-01;1.839480e-01;4.876676e-02;2.610320e-01;6.576191e-02;1.144810e-01;6.523822e-02;1.268699e-02;5.528219e-02;2.920844e-02
3.716670e-02;4.040438e-02;1.003295e-01;1.162016e-01;6.517074e-02;1.651517e-01;1.057877e-01;1.133337e-01;5.904386e-02;2.860498e-02;9.989112e-02;6.891401e-02
6.588768e-02;6.880026e-02;7.989098e-02;7.629512e-02;7.912714e-02;9.797264e-02;6.499003e-02;1.273208e-01;5.660293e-02;2.514828e-02;1.721208e-01;8.584341e-02
6.672005e-02;1.421075e-01;9.222302e-02;7.295685e-02;7.276096e-02;7.234814e-02;2.173371e-02;1.231983e-01;5.489540e-02;5.554180e-02;1.720613e-01;5.345294e-02
2.894280e-02;1.754370e-01;1.248430e-01;9.311979e-02;5.966504e-02;8.876532e-02;2.211109e-02;1.390893e-01;9.234399e-02;4.701092e-02;9.805983e-02;3.061196e-02
2.798630e-02;1.239151e-01;1.667560e-01;1.171550e-01;4.321102e-02;1.035845e-01;3.180718e-02;1.797885e-01;1.108795e-01;2.985042e-02;3.156360e-02;3.350281e-02
1.562753e-02;7.309365e-02;2.250738e-01;9.296229e-02;2.464245e-02;1.181921e-01;4.358578e-02;2.266695e-01;1.034515e-01;2.187483e-02;5.989663e-03;4.883689e-02
6.678026e-03;4.730925e-02;2.571995e-01;5.382697e-02;1.444592e-02;1.184530e-01;4.214766e-02;2.656201e-01;1.047712e-01;1.989788e-02;4.219481e-03;6.543110e-02
8.783018e-03;4.783380e-02;2.695133e-01;4.389488e-02;1.993492e-02;9.253621e-02;2.508326e-02;2.771637e-01;1.032928e-01;1.581938e-02;7.408762e-03;8.873592e-02
1.862244e-02;5.168312e-02;2.688580e-01;3.858821e-02;1.796655e-02;7.575933e-02;1.966391e-02;2.792891e-01;8.221667e-02;2.460644e-02;6.902841e-03;1.158434e-01
2.421001e-02;6.755755e-02;2.300396e-01;3.903394e-02;1.751712e-02;7.517201e-02;3.278551e-02;2.788668e-01;7.529841e-02;3.533567e-02;1.137329e-02;1.128101e-01
4.066001e-02;9.243932e-02;1.542969e-01;3.982269e-02;4.345603e-02;1.024407e-01;5.895218e-02;2.544844e-01;6.568112e-02;3.455330e-02;4.431826e-02;6.889507e-02
4.391250e-02;1.154950e-01;8.832114e-02;3.767512e-02;5.976033e-02;1.678243e-01;8.787002e-02;1.980590e-01;6.876635e-02;2.534349e-02;6.998326e-02;3.698957e-02
3.681272e-02;1.126966e-01;4.142608e-02;5.096524e-02;4.016025e-02;2.662108e-01;1.040182e-01;1.214680e-01;6.744021e-02;3.455703e-02;5.255736e-02;7.168743e-02
3.220009e-02;7.085864e-02;8.212752e-02;6.627943e-02;4.642522e-02;2.835013e-01;8.403333e-02;1.115749e-01;5.056608e-02;7.079676e-02;2.177861e-02;7.985820e-02
3.767141e-02;6.817967e-02;1.181922e-01;4.447258e-02;3.316465e-02;2.268800e-01;5.694929e-02;1.793427e-01;5.438932e-02;6.079590e-02;5.292372e-02;6.703855e-02
2.252240e-02;6.946498e-02;1.237890e-01;4.997639e-02;4.946492e-02;2.037121e-01;5.747768e-02;1.769637e-01;1.034829e-01;4.172417e-02;3.823590e-02;6.318584e-02
4.556424e-02;5.194328e-02;1.160811e-01;4.978146e-02;5.426038e-02;2.295741e-01;5.548766e-02;1.649884e-01;1.093243e-01;4.342404e-02;2.083153e-02;5.873954e-02
7.527070e-02;9.278075e-02;1.155640e-01;3.499677e-02;2.237713e-02;2.683069e-01;3.484074e-02;1.242079e-01;8.299327e-02;6.056017e-02;4.765202e-02;4.044967e-02
8.103290e-02;1.020874e-01;1.005267e-01;3.972094e-02;4.438161e-02;2.877849e-01;2.597989e-02;8.395574e-02;6.784768e-02;6.806312e-02;6.395975e-02;3.465946e-02
6.314481e-02;9.080796e-02;1.040556e-01;5.124952e-02;5.476816e-02;2.560015e-01;3.295777e-02;1.204407e-01;7.591514e-02;5.016552e-02;5.947513e-02;4.101830e-02
4.710451e-02;7.330079e-02;1.314660e-01;6.533247e-02;5.338775e-02;2.201996e-01;4.307461e-02;1.357652e-01;7.458394e-02;5.272374e-02;5.259521e-02;5.046618e-02
3.400007e-02;9.108099e-02;1.529369e-01;6.573731e-02;4.092393e-02;1.641531e-01;5.305243e-02;1.681945e-01;1.030284e-01;3.933955e-02;4.559829e-02;4.195455e-02
2.302925e-02;7.521220e-02;1.622681e-01;4.933322e-02;4.589842e-02;1.674853e-01;5.715734e-02;2.229486e-01;1.053549e-01;2.658641e-02;4.690048e-02;1.782581e-02
3.697458e-02;6.910950e-02;1.464328e-01;6.033358e-02;4.136676e-02;1.713579e-01;5.213979e-02;2.354442e-01;8.954039e-02;2.789241e-02;5.046210e-02;1.894591e-02
7.752086e-02;6.347233e-02;1.481235e-01;8.342881e-02;5.720217e-02;1.553262e-01;3.680365e-02;1.678826e-01;1.063294e-01;3.609122e-02;5.352843e-02;1.429086e-02
8.058548e-02;7.935152e-02;1.412171e-01;5.912928e-02;6.302471e-02;2.091681e-01;3.331878e-02;1.715827e-01;6.179482e-02;3.347046e-02;3.666599e-02;3.069108e-02
4.300716e-02;7.444245e-02;1.644573e-01;3.962190e-02;7.169912e-02;2.042698e-01;6.723698e-02;1.274783e-01;5.347774e-02;4.305425e-02;4.524038e-02;6.601464e-02
2.199202e-02;8.654784e-02;1.134489e-01;4.025729e-02;7.753658e-02;1.651116e-01;7.234150e-02;1.830258e-01;8.033359e-02;5.468630e-02;5.616777e-02;4.855079e-02
1.634740e-02;9.332834e-02;1.181389e-01;4.301681e-02;6.599771e-02;1.743699e-01;8.224828e-02;1.732469e-01;9.746907e-02;4.354464e-02;4.372045e-02;4.857162e-02
1.172887e-02;8.915682e-02;1.478797e-01;5.525173e-02;6.479207e-02;1.880021e-01;7.956145e-02;1.505478e-01;8.846582e-02;3.787408e-02;2.403924e-02;6.270037e-02
1.337134e-02;7.944771e-02;1.645483e-01;7.801247e-02;4.928958e-02;1.501773e-01;6.542897e-02;1.610669e-01;6.446036e-02;3.203745e-02;7.448031e-02;6.767945e-02
3.326037e-02;9.221584e-02;1.668723e-01;7.878080e-02;4.055563e-02;1.038821e-01;5.288599e-02;1.566986e-01;6.727110e-02;5.863609e-02;1.029080e-01;4.603322e-02
6.230708e-02;9.549230e-02;1.504979e-01;7.765917e-02;4.926310e-02;7.159597e-02;9.959587e-02;1.051558e-01;6.864751e-02;8.394989e-02;1.159821e-01;1.985327e-02
5.025025e-02;7.359626e-02;1.542147e-01;5.892331e-02;6.239684e-02;1.103455e-01;1.134682e-01;1.008547e-01;5.320881e-02;8.168656e-02;1.167920e-01;2.426282e-02
1.346347e-02;1.067954e-01;1.277707e-01;1.097653e-01;6.137190e-02;9.318703e-02;7.795312e-02;1.087933e-01;4.460262e-02;6.800962e-02;1.500693e-01;3.821814e-02
1.839873e-02;1.577868e-01;1.056662e-01;1.471987e-01;7.485653e-02;9.229866e-02;4.275476e-02;1.227148e-01;3.084381e-02;3.452766e-02;1.563137e-01;1.663965e-02
1.389347e-02;1.598599e-01;9.574839e-02;1.526683e-01;1.015132e-01;7.813654e-02;3.012381e-02;1.302681e-01;3.677479e-02;2.346176e-02;1.385395e-01;3.901232e-02
1.632939e-02;1.310714e-01;1.020994e-01;1.703319e-01;1.070602e-01;9.504318e-02;3.898450e-02;1.432475e-01;3.512834e-02;1.974277e-02;1.213735e-01;1.958801e-02
1.919021e-02;1.269728e-01;7.664311e-02;1.815007e-01;8.600724e-02;1.188183e-01;6.695171e-02;1.513160e-01;1.550716e-02;2.010479e-02;1.112416e-01;2.574645e-02
2.841510e-02;1.084126e-01;1.002107e-01;1.358144e-01;8.097279e-02;1.310915e-01;1.006870e-01;1.588847e-01;2.566555e-02;2.831691e-02;8.119347e-02;2.033527e-02
3.835177e-02;7.502513e-02;1.183258e-01;8.941173e-02;7.728556e-02;1.348078e-01;1.325361e-01;1.644035e-01;6.485081e-02;3.596507e-02;5.420686e-02;1.482987e-02
5.936757e-02;7.016636e-02;1.003737e-01;7.795531e-02;5.271989e-02;8.163231e-02;1.148681e-01;1.436671e-01;1.359337e-01;7.025682e-02;4.998593e-02;4.307320e-02
5.529902e-02;7.795377e-02;9.114090e-02;8.751097e-02;6.361344e-02;9.558062e-02;4.833806e-02;1.241136e-01;1.258346e-01;1.109680e-01;4.421405e-02;7.543293e-02
3.451738e-02;7.297132e-02;9.166387e-02;7.375798e-02;7.005526e-02;1.078507e-01;9.594820e-02;1.205071e-01;9.589345e-02;1.273655e-01;3.742978e-02;7.203944e-02
5.068457e-02;8.966108e-02;7.408391e-02;5.357844e-02;5.401316e-02;1.042051e-01;1.119361e-01;1.046730e-01;9.866087e-02;1.137509e-01;7.929947e-02;6.545343e-02
4.321812e-02;9.597698e-02;5.599838e-02;4.401539e-02;5.889105e-02;9.722933e-02;1.007630e-01;1.334888e-01;1.047216e-01;1.341167e-01;1.004403e-01;3.114038e-02
3.174261e-02;6.790999e-02;6.183856e-02;5.266730e-02;6.355414e-02;9.589468e-02;1.118385e-01;1.364754e-01;9.077849e-02;1.990807e-01;6.449354e-02;2.372611e-02
4.081416e-02;5.607807e-02;9.695379e-02;6.979603e-02;6.185399e-02;9.567679e-02;1.235142e-01;1.200724e-01;7.980855e-02;1.660657e-01;3.925337e-02;5.011301e-02
3.715897e-02;7.597073e-02;1.416079e-01;6.593582e-02;7.097513e-02;1.178646e-01;1.017568e-01;9.158957e-02;1.021425e-01;7.949682e-02;4.732842e-02;6.817275e-02
5.702450e-02;8.864781e-02;1.399145e-01;5.303726e-02;3.720112e-02;1.451834e-01;9.113134e-02;1.332610e-01;9.255845e-02;6.582143e-02;4.670914e-02;4.950999e-02
5.865758e-02;9.829605e-02;1.208182e-01;4.683489e-02;4.103351e-02;1.426698e-01;7.553364e-02;1.636365e-01;9.957846e-02;5.894473e-02;4.532371e-02;4.867281e-02
5.203840e-02;9.206951e-02;1.104153e-01;3.929254e-02;3.379465e-02;1.446082e-01;7.477151e-02;2.296376e-01;8.159327e-02;4.723517e-02;3.791197e-02;5.663193e-02
3.043186e-02;7.430984e-02;1.413807e-01;3.331437e-02;1.783832e-02;1.142881e-01;7.697534e-02;2.975678e-01;9.743837e-02;3.695213e-02;1.432033e-02;6.518283e-02
1.984601e-02;7.841076e-02;1.834156e-01;3.224986e-02;8.815480e-03;6.164734e-02;8.928275e-02;3.191731e-01;9.473103e-02;4.177837e-02;1.154594e-02;5.910380e-02
1.698679e-02;6.164673e-02;2.315188e-01;3.120604e-02;1.051782e-02;4.209867e-02;9.138899e-02;3.393926e-01;7.871474e-02;4.066828e-02;9.853712e-03;4.600684e-02
1.971882e-02;6.457221e-02;2.713878e-01;3.619844e-02;1.476532e-02;3.295687e-02;6.663842e-02;3.331126e-01;6.825662e-02;3.663950e-02;1.141788e-02;4.433557e-02
2.974876e-02;7.094024e-02;2.773652e-01;5.505934e-02;1.960381e-02;4.034320e-02;3.950303e-02;3.028090e-01;6.846958e-02;2.977567e-02;1.941032e-02;4.697181e-02
4.063425e-02;8.335235e-02;2.808814e-01;5.980988e-02;2.081417e-02;4.389958e-02;4.236627e-02;2.752800e-01;6.469652e-02;2.945193e-02;2.210083e-02;3.671272e-02
4.194443e-02;1.067306e-01;2.671993e-01;6.644249e-02;2.245122e-02;5.526820e-02;6.034467e-02;2.465401e-01;5.027315e-02;2.855710e-02;2.403196e-02;3.021673e-02
5.349344e-02;1.464333e-01;2.199344e-01;6.504095e-02;3.895282e-02;6.433052e-02;8.375622e-02;2.019334e-01;4.357835e-02;2.221995e-02;3.771629e-02;2.261034e-02
4.606908e-02;1.817211e-01;1.654493e-01;5.572860e-02;5.130382e-02;1.238373e-01;1.104597e-01;1.591865e-01;4.226678e-02;1.385931e-02;3.906412e-02;1.105440e-02
5.691594e-02;1.998375e-01;9.157053e-02;5.765186e-02;6.190139e-02;1.762982e-01;9.337297e-02;1.492848e-01;4.731837e-02;1.531420e-02;2.573417e-02;2.480001e-02
1.007386e-01;1.493279e-01;1.656856e-01;7.829820e-02;4.591463e-02;1.279461e-01;4.680864e-02;1.646037e-01;3.392821e-02;2.984058e-02;1.896208e-02;3.794578e-02
9.191050e-02;9.027198e-02;2.071255e-01;8.001875e-02;6.364384e-02;8.967549e-02;8.008022e-02;1.431228e-01;3.760345e-02;3.704225e-02;2.226588e-02;5.723935e-02
1.141345e-01;7.078375e-02;2.134460e-01;7.419286e-02;6.917705e-02;7.000519e-02;9.267963e-02;1.429661e-01;3.989433e-02;4.245971e-02;1.031325e-02;5.994770e-02
9.082297e-02;7.488606e-02;2.713188e-01;6.778713e-02;6.452622e-02;4.567256e-02;6.700620e-02;1.483109e-01;4.508780e-02;4.310068e-02;2.402725e-02;5.745339e-02
6.500610e-02;1.143928e-01;2.719248e-01;7.800762e-02;6.963765e-02;6.007964e-02;5.261441e-02;1.347407e-01;4.906467e-02;2.053677e-02;4.153387e-02;4.246101e-02
7.058950e-02;7.815526e-02;2.646390e-01;8.625686e-02;6.522186e-02;8.931845e-02;8.039475e-02;1.252714e-01;3.904971e-02;1.724298e-02;5.302078e-02;3.083942e-02
