8.993968e-02;7.972106e-02;3.027112e-01;5.008394e-02;7.321315e-02;4.642115e-02;1.331989e-01;3.409224e-02;3.235079e-02;6.762043e-02;6.202591e-02;2.862161e-02
1.083862e-01;7.016493e-02;2.837271e-01;3.960554e-02;6.215051e-02;5.735033e-02;1.312431e-01;2.189057e-02;2.993352e-02;7.698109e-02;7.961030e-02;3.895675e-02
1.122787e-01;6.720363e-02;2.394786e-01;2.912956e-02;4.905482e-02;8.573528e-02;1.122020e-01;2.152759e-02;2.848099e-02;9.665839e-02;1.143858e-01;4.386465e-02
7.503986e-02;5.632126e-02;1.519443e-01;1.809734e-02;3.265958e-02;1.423601e-01;1.229266e-01;2.337071e-02;4.924445e-02;1.200886e-01;1.649977e-01;4.294953e-02
5.495442e-02;3.251584e-02;9.475578e-02;1.073730e-02;3.130537e-02;2.045337e-01;9.857135e-02;2.404121e-02;7.603183e-02;1.221812e-01;1.971029e-01;5.326912e-02
4.244345e-02;2.181191e-02;1.395860e-01;1.093691e-02;3.566685e-02;1.934928e-01;5.374630e-02;2.564878e-02;8.196819e-02;1.087601e-01;2.102161e-01;7.572258e-02
7.507794e-02;2.501876e-02;8.112025e-02;2.412234e-02;4.631374e-02;1.083314e-01;1.031554e-01;3.054608e-02;7.450864e-02;1.097374e-01;1.932692e-01;1.287989e-01
5.898114e-02;6.896287e-02;9.327601e-02;4.625344e-02;2.700306e-02;3.235374e-02;1.957302e-01;4.288552e-02;6.333529e-02;8.803439e-02;1.346601e-01;1.485243e-01
1.569063e-01;9.627476e-02;1.493942e-01;5.527010e-02;1.533890e-02;3.201359e-02;1.724068e-01;2.016141e-02;4.498776e-02;6.745068e-02;7.823306e-02;1.115624e-01
2.876967e-01;1.178065e-01;1.252484e-01;4.364523e-02;1.442501e-02;2.741127e-02;1.220034e-01;5.384959e-02;1.870417e-02;5.770292e-02;4.029099e-02;9.121574e-02
3.349780e-01;1.053365e-01;4.794859e-02;3.671955e-02;1.200380e-02;1.836032e-02;1.233605e-01;1.206092e-01;4.165812e-02;5.563800e-02;1.488331e-02;8.850417e-02
2.311996e-01;6.461495e-02;1.329642e-02;4.004922e-02;1.091257e-02;2.448623e-02;2.305654e-01;1.302013e-01;6.422683e-02;4.854733e-02;2.618993e-02;1.157102e-01
1.083410e-01;3.341012e-02;2.563114e-02;3.888582e-02;1.538309e-02;5.301662e-02;3.347600e-01;7.222319e-02;6.578530e-02;4.167506e-02;5.763209e-02;1.532566e-01
1.022167e-01;2.506403e-02;6.230525e-02;2.267032e-02;3.006892e-02;1.116875e-01;2.739837e-01;2.360427e-02;4.484493e-02;6.151205e-02;1.077245e-01;1.343179e-01
9.578357e-02;2.007916e-02;9.888152e-02;1.558282e-02;3.744820e-02;1.607277e-01;1.729470e-01;4.047330e-02;5.371475e-02;9.404896e-02;1.268810e-01;8.343197e-02
8.920506e-02;1.264349e-02;1.166724e-01;1.997234e-02;2.313483e-02;1.861152e-01;9.832498e-02;4.953317e-02;4.639615e-02;1.036426e-01;1.929064e-01;6.145334e-02
8.171947e-02;2.258081e-02;6.863208e-02;2.481076e-02;1.189443e-02;2.055737e-01;6.793255e-02;4.117157e-02;3.711308e-02;1.046270e-01;2.848702e-01;4.907433e-02
5.340405e-02;3.434307e-02;4.497929e-02;3.401197e-02;1.943573e-02;2.032092e-01;8.569989e-02;3.476112e-02;3.004565e-02;1.104224e-01;3.055650e-01;4.412273e-02
3.296982e-02;3.250388e-02;5.724949e-02;3.563382e-02;2.569148e-02;1.845211e-01;9.856127e-02;5.628178e-02;2.821085e-02;1.215645e-01;2.693034e-01;5.750854e-02
3.168108e-02;3.240963e-02;9.908339e-02;2.640220e-02;1.999037e-02;2.000348e-01;1.001209e-01;6.241076e-02;2.709310e-02;1.202188e-01;2.279203e-01;5.263463e-02
7.213548e-02;1.897483e-02;1.069658e-01;1.869540e-02;2.078249e-02;2.582470e-01;8.604483e-02;5.390407e-02;3.119702e-02;1.012275e-01;1.982584e-01;3.356716e-02
1.126311e-01;4.864142e-02;9.306099e-02;2.363420e-02;3.467483e-02;2.217687e-01;8.000118e-02;4.855395e-02;7.020678e-02;8.628210e-02;1.396475e-01;4.089728e-02
1.201721e-01;7.222929e-02;1.126106e-01;2.948656e-02;4.240843e-02;1.759988e-01;6.271699e-02;3.931810e-02;8.229093e-02;9.437155e-02;1.192496e-01;4.914707e-02
7.822634e-02;6.382792e-02;1.315056e-01;3.351618e-02;6.717013e-02;2.034471e-01;3.941006e-02;2.579273e-02;8.989736e-02;9.472022e-02;1.297332e-01;4.275320e-02
5.094146e-02;2.953487e-02;1.237612e-01;2.626521e-02;9.799521e-02;2.622220e-01;2.836902e-02;1.417353e-02;1.019091e-01;9.602022e-02;1.422417e-01;2.656656e-02
4.878328e-02;1.189088e-02;8.019739e-02;2.409443e-02;8.530083e-02;3.305009e-01;2.232445e-02;1.101878e-02;7.556338e-02;1.264527e-01;1.645087e-01;1.936435e-02
5.630806e-02;1.351571e-02;8.755042e-02;6.779770e-02;3.653805e-02;3.176052e-01;2.476094e-02;1.028759e-02;4.542402e-02;1.434403e-01;1.701783e-01;2.659379e-02
7.393497e-02;3.667755e-02;1.262462e-01;7.892323e-02;3.405016e-02;2.431712e-01;3.219367e-02;7.853247e-03;4.045568e-02;1.387559e-01;1.493698e-01;3.836838e-02
1.030674e-01;7.405897e-02;1.454559e-01;5.062769e-02;4.987249e-02;1.650069e-01;4.872886e-02;1.619140e-02;3.835594e-02;1.373034e-01;1.220674e-01;4.926366e-02
1.040792e-01;7.870881e-02;1.223302e-01;5.040610e-02;8.455059e-02;1.110331e-01;7.760330e-02;2.466574e-02;4.700476e-02;1.385660e-01;9.960084e-02;6.145140e-02
6.572854e-02;5.282832e-02;1.032989e-01;1.008644e-01;7.966089e-02;1.545634e-01;1.134980e-01;3.685047e-02;4.914855e-02;1.051776e-01;7.978101e-02;5.859995e-02
8.088640e-02;4.015949e-02;8.850996e-02;9.745660e-02;8.090942e-02;1.862662e-01;1.425274e-01;3.017562e-02;3.668478e-02;7.549573e-02;8.740786e-02;5.352059e-02
6.599203e-02;5.434458e-02;1.092109e-01;7.024067e-02;7.982217e-02;1.763668e-01;9.635676e-02;3.521026e-02;6.480172e-02;9.896602e-02;1.084694e-01;4.021862e-02
6.156309e-02;9.197099e-02;8.242627e-02;4.996713e-02;8.891483e-02;1.060050e-01;9.457114e-02;6.111555e-02;1.080613e-01;1.040161e-01;9.489763e-02;5.649086e-02
7.483925e-02;1.123317e-01;7.079145e-02;6.040057e-02;8.215645e-02;8.931594e-02;1.067002e-01;7.189957e-02;1.021836e-01;9.376136e-02;7.410691e-02;6.151304e-02
8.473186e-02;8.948817e-02;9.084152e-02;6.159438e-02;7.140155e-02;1.021425e-01;9.783722e-02;8.839242e-02;7.763082e-02;8.331785e-02;7.390487e-02;7.871682e-02
8.475318e-02;4.942270e-02;1.190260e-01;4.806298e-02;5.152714e-02;7.994833e-02;6.815024e-02;1.045285e-01;1.095073e-01;9.311376e-02;1.121792e-01;7.978067e-02
6.537874e-02;4.391881e-02;1.232306e-01;7.438818e-02;5.585977e-02;5.845461e-02;1.006993e-01;7.584980e-02;1.069717e-01;1.398714e-01;9.083711e-02;6.453998e-02
3.725690e-02;6.570910e-02;1.311575e-01;5.597895e-02;7.797097e-02;6.572057e-02;1.977107e-01;3.094464e-02;7.597594e-02;1.305067e-01;6.770843e-02;6.335967e-02
2.966303e-02;6.458581e-02;9.259550e-02;4.563414e-02;6.306516e-02;7.197507e-02;3.404737e-01;4.323022e-02;7.643430e-02;9.764132e-02;4.880419e-02;2.589751e-02
2.114344e-02;5.292225e-02;1.209121e-01;3.889617e-02;4.271565e-02;4.887311e-02;4.389382e-01;5.645066e-02;6.334080e-02;6.763060e-02;3.023205e-02;1.794498e-02
1.526376e-02;5.926985e-02;1.297651e-01;2.436304e-02;4.531343e-02;3.659225e-02;4.798616e-01;5.246806e-02;4.487168e-02;6.624816e-02;2.876570e-02;1.721742e-02
6.073149e-02;9.436274e-02;1.124777e-01;2.129875e-02;3.957367e-02;3.568016e-02;4.151702e-01;5.967515e-02;4.527933e-02;6.328504e-02;3.524621e-02;1.721966e-02
9.014056e-02;1.156336e-01;1.287684e-01;6.377726e-02;5.100574e-02;5.224388e-02;2.138421e-01;6.040011e-02;6.219794e-02;8.789945e-02;4.061852e-02;3.347244e-02
1.027141e-01;9.638244e-02;1.587492e-01;9.673835e-02;4.367318e-02;3.949284e-02;1.254518e-01;6.219554e-02;7.419606e-02;1.164793e-01;5.607216e-02;2.785499e-02
9.074441e-02;5.098343e-02;1.321592e-01;1.029524e-01;3.750178e-02;3.543240e-02;1.517345e-01;6.633957e-02;9.810085e-02;1.408133e-01;7.019956e-02;2.303862e-02
7.676591e-02;2.894348e-02;8.362775e-02;7.955083e-02;4.688854e-02;4.071730e-02;1.494916e-01;5.821077e-02;1.208607e-01;1.952778e-01;9.497572e-02;2.468956e-02
8.149597e-02;3.997250e-02;1.070887e-01;7.496772e-02;4.439856e-02;3.979533e-02;1.925357e-01;6.661438e-02;9.791580e-02;1.470340e-01;8.480723e-02;2.337405e-02
9.461927e-02;5.409314e-02;1.412193e-01;6.235356e-02;5.126522e-02;3.153623e-02;2.495107e-01;5.630847e-02;8.098858e-02;9.573334e-02;6.008669e-02;2.228544e-02
1.107393e-01;5.644178e-02;1.588653e-01;6.339644e-02;5.339779e-02;2.431459e-02;2.727590e-01;3.833973e-02;5.821269e-02;9.604672e-02;4.184341e-02;2.564327e-02
9.118050e-02;4.249005e-02;1.666130e-01;9.003730e-02;5.634685e-02;3.256760e-02;1.525196e-01;5.249361e-02;7.584067e-02;1.476109e-01;6.593954e-02;2.636040e-02
5.987485e-02;7.164162e-02;1.628584e-01;7.505506e-02;8.533112e-02;4.312755e-02;4.567466e-02;7.310001e-02;1.058075e-01;1.710151e-01;8.350036e-02;2.301378e-02
5.943835e-02;6.739864e-02;1.954535e-01;9.255722e-02;7.798997e-02;3.943236e-02;1.069659e-01;5.963722e-02;8.609530e-02;1.186048e-01;6.980138e-02;2.662542e-02
4.600943e-02;4.672661e-02;1.654300e-01;1.160593e-01;7.387274e-02;4.350030e-02;2.276994e-01;5.231950e-02;5.985282e-02;9.273745e-02;5.124432e-02;2.454807e-02
4.920663e-02;3.809579e-02;1.765252e-01;1.012233e-01;7.138364e-02;2.654674e-02;2.485273e-01;5.970381e-02;5.381866e-02;1.096238e-01;4.690324e-02;1.844184e-02
7.563309e-02;3.846034e-02;1.341313e-01;8.546283e-02;8.008686e-02;2.834652e-02;2.441446e-01;6.456402e-02;6.145956e-02;1.206436e-01;5.843952e-02;8.627773e-03
7.455057e-02;4.374185e-02;8.502574e-02;9.174743e-02;8.616183e-02;3.544847e-02;2.174447e-01;6.938472e-02;6.315564e-02;1.353605e-01;7.686924e-02;2.110933e-02
5.158393e-02;3.808513e-02;1.450888e-01;8.412594e-02;6.326228e-02;3.544253e-02;2.251903e-01;5.987817e-02;6.518019e-02;1.293488e-01;7.604312e-02;2.677087e-02
6.823394e-02;5.659690e-02;1.501044e-01;6.858797e-02;4.073535e-02;4.311729e-02;1.276609e-01;6.122165e-02;8.529573e-02;1.799726e-01;8.446289e-02;3.401038e-02
8.767255e-02;5.033685e-02;1.547565e-01;5.850759e-02;6.526785e-02;5.299580e-02;1.001160e-01;7.964715e-02;9.735150e-02;1.190225e-01;7.992422e-02;5.440141e-02
1.157429e-01;6.839741e-02;1.638759e-01;7.301868e-02;5.698626e-02;4.333875e-02;8.691771e-02;7.544130e-02;8.584317e-02;1.058315e-01;8.123858e-02;4.336790e-02
1.153733e-01;5.719687e-02;1.386704e-01;7.297068e-02;5.421486e-02;2.785885e-02;8.980745e-02;5.805651e-02;1.097890e-01;1.562425e-01;8.727535e-02;3.254405e-02
8.927143e-02;3.116923e-02;9.267801e-02;7.355022e-02;4.606247e-02;1.976047e-02;9.359875e-02;4.489079e-02;1.779119e-01;2.215549e-01;8.577533e-02;2.377658e-02
6.224537e-02;1.592710e-02;3.801018e-02;9.549429e-02;3.914478e-02;1.062351e-02;7.333053e-02;4.683194e-02;2.953165e-01;2.461226e-01;6.176235e-02;1.519095e-02
6.655505e-02;1.433191e-02;4.156599e-02;1.118183e-01;4.296369e-02;1.420411e-02;7.493883e-02;4.771680e-02;3.454157e-01;1.872961e-01;3.555013e-02;1.764342e-02
9.478598e-02;1.254556e-02;3.151280e-02;1.095105e-01;5.579612e-02;1.515578e-02;4.849552e-02;4.986069e-02;3.475162e-01;1.811737e-01;3.918829e-02;1.445893e-02
1.233439e-01;1.999754e-02;4.604342e-02;1.229772e-01;5.104031e-02;8.158998e-03;6.526933e-02;3.842379e-02;3.274668e-01;1.588769e-01;2.783093e-02;1.057091e-02
1.259814e-01;9.323003e-02;6.503855e-02;1.278116e-01;5.213439e-02;5.884405e-03;6.642608e-02;3.950388e-02;2.527323e-01;1.331454e-01;2.979562e-02;8.316279e-03
8.612306e-02;1.468200e-01;1.094469e-01;1.327649e-01;9.631959e-02;2.372538e-02;5.544345e-02;2.848995e-02;1.659073e-01;1.210968e-01;2.888849e-02;4.974249e-03
6.098333e-02;1.059643e-01;1.035964e-01;1.090131e-01;1.494431e-01;7.097834e-02;7.529476e-02;4.537081e-02;1.326852e-01;1.128505e-01;2.885492e-02;4.965161e-03
6.228156e-02;3.739053e-02;6.720928e-02;1.139181e-01;1.364992e-01;8.900997e-02;9.411733e-02;8.034928e-02;1.441909e-01;1.256261e-01;3.821662e-02;1.119103e-02
8.088475e-02;3.409366e-02;4.946982e-02;1.213934e-01;5.844461e-02;4.498065e-02;1.323278e-01;8.959630e-02;1.637562e-01;1.331603e-01;6.066412e-02;3.122849e-02
9.353565e-02;3.396916e-02;6.616364e-02;1.171352e-01;3.542150e-02;2.701307e-02;1.948850e-01;7.741311e-02;1.424487e-01;1.139867e-01;6.006186e-02;3.796634e-02
7.686143e-02;2.739340e-02;7.312654e-02;9.801707e-02;5.547714e-02;5.924314e-02;2.377803e-01;7.844654e-02;1.145999e-01;1.114596e-01;4.571811e-02;2.187688e-02
5.411474e-02;2.116026e-02;6.258786e-02;8.335212e-02;8.354404e-02;1.010370e-01;1.895397e-01;8.195871e-02;1.000149e-01;1.579288e-01;5.253455e-02;1.222741e-02
5.621808e-02;2.155076e-02;7.705794e-02;1.105211e-01;9.405153e-02;9.556635e-02;1.210139e-01;6.401267e-02;9.978908e-02;1.877108e-01;5.578367e-02;1.672409e-02
5.200356e-02;2.937118e-02;7.025670e-02;1.135654e-01;1.204311e-01;6.583242e-02;1.833244e-01;6.126902e-02;9.752761e-02;1.384289e-01;4.419656e-02;2.379314e-02
4.747660e-02;4.672044e-02;4.531565e-02;1.179442e-01;1.525653e-01;6.331491e-02;2.373608e-01;6.204320e-02;8.080189e-02;9.746895e-02;3.177360e-02;1.721445e-02
4.045222e-02;4.982365e-02;8.228160e-02;1.323372e-01;1.550470e-01;5.539285e-02;2.112501e-01;7.304312e-02;6.479254e-02;9.335522e-02;2.463699e-02;1.758758e-02
4.267400e-02;5.684360e-02;8.491528e-02;1.420900e-01;1.103970e-01;4.136711e-02;1.748399e-01;1.014365e-01;1.002094e-01;8.023314e-02;3.265590e-02;3.233816e-02
7.109520e-02;8.731581e-02;5.981940e-02;1.082023e-01;7.554168e-02;3.247321e-02;1.156289e-01;1.093057e-01;1.816857e-01;8.247785e-02;4.592669e-02;3.052751e-02
8.421353e-02;1.028630e-01;1.024245e-01;7.515342e-02;7.187630e-02;3.611695e-02;7.323864e-02;6.035348e-02;1.797385e-01;1.231322e-01;4.587736e-02;4.501210e-02
1.006076e-01;8.560990e-02;1.313970e-01;9.593414e-02;7.867754e-02;4.941531e-02;6.531388e-02;4.904665e-02;1.316101e-01;1.333623e-01;4.394493e-02;3.508072e-02
8.285318e-02;8.368687e-02;1.075918e-01;1.314978e-01;8.505680e-02;7.404885e-02;7.114507e-02;6.261203e-02;9.784213e-02;1.302733e-01;2.048376e-02;5.290846e-02
6.667979e-02;1.162135e-01;9.100405e-02;1.348401e-01;9.181265e-02;5.936599e-02;8.332977e-02;6.625627e-02;9.182848e-02;9.194649e-02;3.684820e-02;6.987472e-02
1.109914e-01;7.853168e-02;7.933813e-02;1.262828e-01;1.052559e-01;4.227423e-02;8.865670e-02;6.357372e-02;1.092783e-01;5.866807e-02;5.891217e-02;7.823694e-02
1.066249e-01;1.221592e-01;9.740578e-02;1.356061e-01;7.788749e-02;3.110256e-02;9.080355e-02;5.319374e-02;1.205243e-01;6.861614e-02;4.525724e-02;5.081903e-02
1.213617e-01;1.423675e-01;1.095209e-01;1.097964e-01;6.073827e-02;5.027401e-02;7.577720e-02;6.036587e-02;8.742974e-02;6.731070e-02;6.903681e-02;4.602085e-02
1.852045e-01;9.320517e-02;1.076254e-01;8.402688e-02;7.575859e-02;4.736185e-02;8.121608e-02;6.602792e-02;5.612281e-02;5.770712e-02;9.340272e-02;5.234098e-02
1.086824e-01;2.199164e-01;1.092282e-01;1.021557e-01;5.907449e-02;4.987791e-02;9.291506e-02;4.105454e-02;6.094486e-02;7.550918e-02;4.761193e-02;3.302929e-02
4.168831e-02;2.462834e-01;1.776037e-01;1.196895e-01;5.783347e-02;5.340354e-02;7.342687e-02;2.488567e-02;6.712689e-02;8.223767e-02;2.936918e-02;2.645173e-02
4.354068e-02;1.625797e-01;2.074523e-01;1.379325e-01;6.444705e-02;4.013802e-02;5.875766e-02;3.313077e-02;9.484606e-02;8.507264e-02;3.950925e-02;3.259339e-02
8.118062e-02;6.587192e-02;1.306489e-01;1.016431e-01;6.706679e-02;3.406449e-02;7.817211e-02;6.052051e-02;1.472962e-01;1.227370e-01;5.711992e-02;5.367836e-02
8.420713e-02;7.707869e-02;1.372903e-01;3.972157e-02;6.218776e-02;6.577593e-02;1.494396e-01;5.847428e-02;8.978306e-02;1.055859e-01;7.171815e-02;5.873763e-02
8.134884e-02;7.026953e-02;1.709103e-01;2.979857e-02;4.797894e-02;5.978986e-02;2.593055e-01;4.904667e-02;5.901715e-02;8.524174e-02;4.816617e-02;3.912669e-02
6.176410e-02;4.382161e-02;1.617142e-01;4.322927e-02;4.957642e-02;6.264377e-02;3.269902e-01;6.003833e-02;6.001725e-02;8.237237e-02;2.661589e-02;2.121655e-02
3.634764e-02;2.500736e-02;1.374146e-01;3.952881e-02;3.097828e-02;7.234348e-02;3.601221e-01;8.449405e-02;7.187034e-02;9.433009e-02;2.096397e-02;2.659924e-02
1.673245e-02;3.737648e-02;1.159889e-01;3.399744e-02;3.278703e-02;8.501632e-02;3.809257e-01;8.917972e-02;7.607166e-02;8.230140e-02;2.132040e-02;2.830244e-02
3.985297e-02;3.190107e-02;7.315307e-02;5.712634e-02;3.804700e-02;7.431892e-02;2.980079e-01;9.478373e-02;9.517846e-02;1.339552e-01;3.835150e-02;2.532384e-02
5.184214e-02;3.242861e-02;6.324580e-02;6.351562e-02;4.721604e-02;1.112408e-01;1.405763e-01;9.039252e-02;9.757383e-02;2.052775e-01;6.645994e-02;3.023098e-02
5.424602e-02;4.014005e-02;9.698797e-02;4.912459e-02;7.133318e-02;1.054259e-01;1.477052e-01;7.534847e-02;6.300899e-02;1.945822e-01;6.398233e-02;3.811511e-02
6.423431e-02;3.309050e-02;1.270820e-01;2.676145e-02;6.521313e-02;6.379806e-02;1.702110e-01;7.395392e-02;6.130101e-02;2.320789e-01;4.950315e-02;3.277257e-02
8.053644e-02;2.330230e-02;8.978595e-02;3.087085e-02;3.859419e-02;3.426528e-02;1.373980e-01;6.545959e-02;9.605753e-02;3.030806e-01;7.325068e-02;2.739858e-02
1.132937e-01;3.168868e-02;4.650777e-02;5.822638e-02;4.359997e-02;5.722273e-02;1.795250e-01;8.456254e-02;8.886539e-02;2.096002e-01;5.992940e-02;2.697825e-02
7.812610e-02;5.127572e-02;9.230047e-02;6.608479e-02;7.781310e-02;9.200397e-02;1.229984e-01;8.294088e-02;8.841383e-02;1.478586e-01;7.148288e-02;2.870126e-02
5.743892e-02;6.582803e-02;1.002285e-01;3.642385e-02;9.279386e-02;1.147043e-01;1.652607e-01;7.322741e-02;6.068226e-02;1.251896e-01;7.703905e-02;3.118348e-02
4.970257e-02;6.630450e-02;9.992946e-02;3.492064e-02;8.725981e-02;1.267506e-01;2.080951e-01;8.053856e-02;5.820870e-02;9.497595e-02;5.648854e-02;3.682558e-02
3.804941e-02;6.615607e-02;1.187110e-01;5.441057e-02;9.408014e-02;1.082694e-01;2.157229e-01;8.825707e-02;6.488943e-02;8.099810e-02;3.048562e-02;3.997025e-02
5.545669e-02;4.950118e-02;1.080706e-01;4.986968e-02;1.215305e-01;1.214997e-01;1.496956e-01;1.044602e-01;8.889157e-02;8.671474e-02;2.285951e-02;4.145003e-02
6.599169e-02;5.929162e-02;7.974920e-02;4.755967e-02;8.530419e-02;1.097773e-01;1.621189e-01;9.878331e-02;1.279736e-01;7.752717e-02;4.362076e-02;4.230253e-02
5.919978e-02;8.337691e-02;9.442554e-02;6.600091e-02;9.760363e-02;6.731944e-02;1.162443e-01;8.817407e-02;1.621991e-01;5.690017e-02;5.134434e-02;5.721177e-02
1.073171e-01;6.099122e-02;1.516480e-01;6.110144e-02;5.747785e-02;6.832980e-02;1.079753e-01;1.030509e-01;6.493333e-02;7.396445e-02;8.751952e-02;5.569112e-02
1.477530e-01;5.229640e-02;1.551569e-01;7.773222e-02;2.767825e-02;8.187524e-02;5.689314e-02;8.546863e-02;3.943647e-02;4.699123e-02;1.385744e-01;9.014416e-02
1.511306e-01;4.672121e-02;1.481304e-01;8.864202e-02;2.180597e-02;8.422384e-02;3.692278e-02;6.306858e-02;4.251689e-02;4.142540e-02;1.612890e-01;1.141233e-01
1.404722e-01;4.661568e-02;1.355063e-01;9.249092e-02;3.818610e-02;8.967859e-02;4.681421e-02;5.341322e-02;4.836356e-02;4.264580e-02;1.595974e-01;1.062159e-01
1.268855e-01;4.661780e-02;1.652305e-01;1.001877e-01;5.345213e-02;8.244766e-02;5.575344e-02;5.907754e-02;7.446709e-02;5.402810e-02;1.021014e-01;7.975115e-02
8.009043e-02;6.415012e-02;1.250074e-01;5.331100e-02;4.919336e-02;7.283637e-02;9.294069e-02;6.213974e-02;7.539389e-02;6.067330e-02;1.594475e-01;1.048162e-01
9.033868e-02;5.235497e-02;1.093351e-01;2.855581e-02;4.199711e-02;1.021288e-01;8.569610e-02;4.308777e-02;4.403099e-02;5.340251e-02;2.488521e-01;1.002202e-01
9.141638e-02;5.790226e-02;1.086719e-01;2.699612e-02;3.072112e-02;1.579359e-01;5.000604e-02;2.377685e-02;4.247832e-02;6.266985e-02;2.929562e-01;5.446898e-02
8.629794e-02;7.302924e-02;7.901210e-02;2.687618e-02;3.779015e-02;1.650479e-01;3.743413e-02;4.818877e-02;5.774806e-02;8.957063e-02;2.748295e-01;2.417530e-02
5.540151e-02;1.084140e-01;5.854110e-02;2.724927e-02;6.554307e-02;1.140928e-01;4.013312e-02;9.447718e-02;5.182597e-02;1.437323e-01;2.065612e-01;3.402847e-02
3.620004e-02;1.221370e-01;7.138012e-02;3.988926e-02;8.834001e-02;7.493975e-02;5.260906e-02;1.121085e-01;3.831717e-02;1.649589e-01;1.701424e-01;2.897779e-02
6.095770e-02;9.504552e-02;1.297320e-01;5.895456e-02;7.568909e-02;6.434353e-02;8.694991e-02;1.049571e-01;4.426068e-02;1.266055e-01;1.243619e-01;2.814240e-02
5.407698e-02;5.987863e-02;1.343150e-01;5.595249e-02;4.572768e-02;6.480734e-02;9.251244e-02;1.232359e-01;3.651583e-02;1.353391e-01;1.512914e-01;4.634720e-02
3.462946e-02;6.132315e-02;4.867106e-02;3.454563e-02;1.011270e-01;4.942367e-02;5.323663e-02;1.382412e-01;2.999271e-02;2.144498e-01;1.634717e-01;7.088787e-02
2.765566e-02;7.002424e-02;5.371123e-02;3.691347e-02;1.235548e-01;7.151499e-02;2.950711e-02;8.137652e-02;3.820861e-02;2.421245e-01;1.320005e-01;9.340835e-02
4.878109e-02;3.892190e-02;6.812745e-02;5.422677e-02;1.033635e-01;1.117202e-01;8.287767e-02;3.195882e-02;6.742674e-02;2.140962e-01;9.780494e-02;8.069473e-02
7.775083e-02;2.221255e-02;7.166985e-02;1.058996e-01;5.520157e-02;9.268158e-02;1.271214e-01;2.719863e-02;9.937674e-02;1.743502e-01;1.057305e-01;4.080657e-02
1.010041e-01;1.653647e-02;5.582876e-02;1.511055e-01;3.841108e-02;3.642565e-02;1.418213e-01;4.049650e-02;1.204574e-01;1.589366e-01;1.225725e-01;1.640410e-02
8.883283e-02;3.259189e-02;6.648289e-02;1.681308e-01;4.917810e-02;2.479344e-02;1.269982e-01;4.738845e-02;1.193717e-01;1.335899e-01;1.274074e-01;1.523432e-02
5.395566e-02;5.665543e-02;1.040640e-01;1.429011e-01;8.754361e-02;3.837846e-02;1.356245e-01;5.084974e-02;1.084153e-01;1.005095e-01;1.010288e-01;2.007393e-02
2.808774e-02;6.339873e-02;1.419852e-01;8.940317e-02;1.030176e-01;7.646745e-02;1.608349e-01;5.855722e-02;8.736458e-02;9.669642e-02;6.304601e-02;3.114103e-02
2.284498e-02;7.292480e-02;1.541584e-01;4.369285e-02;8.937610e-02;1.079449e-01;1.868914e-01;6.647283e-02;6.733168e-02;9.532357e-02;4.207274e-02;5.096571e-02
1.908963e-02;5.820286e-02;1.728495e-01;2.735657e-02;5.783913e-02;1.193930e-01;2.296487e-01;7.351509e-02;5.227529e-02;8.443955e-02;2.981921e-02;7.557146e-02
1.176172e-02;3.262725e-02;1.928698e-01;2.688420e-02;3.722253e-02;9.758005e-02;2.982839e-01;7.529204e-02;4.749028e-02;7.203218e-02;2.128321e-02;8.667283e-02
1.248200e-02;2.436171e-02;1.802247e-01;2.067448e-02;3.325883e-02;5.803568e-02;3.728364e-01;8.008938e-02;4.895320e-02;7.417140e-02;2.323546e-02;7.167681e-02
2.555390e-02;3.177141e-02;1.706968e-01;1.988572e-02;5.106201e-02;3.386778e-02;4.175496e-01;7.143177e-02;4.293125e-02;6.979041e-02;1.994053e-02;4.551886e-02
2.698228e-02;3.124925e-02;1.745632e-01;2.094649e-02;8.060020e-02;1.774764e-02;4.174664e-01;6.054556e-02;4.716318e-02;6.302961e-02;3.245016e-02;2.725600e-02
3.376221e-02;4.099485e-02;1.650323e-01;1.897500e-02;1.144880e-01;2.406561e-02;4.010341e-01;6.123608e-02;4.279820e-02;5.070893e-02;2.703071e-02;1.987402e-02
5.525855e-02;3.304554e-02;1.755615e-01;2.871703e-02;9.523787e-02;3.109174e-02;3.650189e-01;6.885610e-02;3.671969e-02;5.119092e-02;2.197925e-02;3.732296e-02
7.075705e-02;2.147231e-02;2.176265e-01;2.868991e-02;4.186609e-02;2.872494e-02;2.984928e-01;8.171560e-02;4.492204e-02;6.355084e-02;3.769039e-02;6.449144e-02
4.498994e-02;1.761808e-02;2.590493e-01;2.261066e-02;2.812160e-02;3.134824e-02;2.743942e-01;9.457061e-02;5.493081e-02;6.917794e-02;3.584813e-02;6.734045e-02
1.908883e-02;2.059158e-02;2.882820e-01;2.608669e-02;6.514949e-02;4.053392e-02;2.692500e-01;9.827073e-02;4.391896e-02;5.792239e-02;1.760233e-02;5.330310e-02
5.337495e-03;4.948931e-02;3.163253e-01;3.150483e-02;8.341120e-02;3.186601e-02;2.567690e-01;9.124441e-02;3.062866e-02;3.956618e-02;1.304845e-02;5.080919e-02
2.000248e-02;1.065650e-01;3.320406e-01;2.878523e-02;4.639674e-02;1.804272e-02;2.505369e-01;8.519783e-02;2.136680e-02;2.614959e-02;1.580984e-02;4.910618e-02
2.895171e-02;1.157604e-01;3.241775e-01;2.013354e-02;1.168522e-02;1.190743e-02;2.802481e-01;8.768949e-02;1.975095e-02;2.034707e-02;2.897135e-02;5.037718e-02
2.679855e-02;7.438547e-02;2.899238e-01;1.339405e-02;1.340855e-02;1.115871e-02;3.226380e-01;9.402808e-02;1.727571e-02;1.550830e-02;6.840456e-02;5.307620e-02
1.461490e-02;5.156764e-02;2.436315e-01;8.951902e-03;1.095860e-02;1.271066e-02;3.488202e-01;1.093617e-01;2.224366e-02;2.587954e-02;1.014680e-01;4.979159e-02
5.988084e-03;3.711104e-02;2.121470e-01;9.563947e-03;8.811068e-03;1.454378e-02;3.730036e-01;1.338682e-01;2.995793e-02;3.951472e-02;8.207908e-02;5.341165e-02
9.704027e-03;2.177674e-02;1.996665e-01;1.162969e-02;8.103350e-03;1.989369e-02;3.960443e-01;1.611535e-01;4.252653e-02;4.097326e-02;2.839958e-02;6.012889e-02
9.616107e-03;1.785287e-02;1.759472e-01;1.405577e-02;8.739787e-03;1.755405e-02;4.182374e-01;1.821082e-01;5.121627e-02;3.317395e-02;2.013787e-02;5.136045e-02
4.200385e-03;4.216259e-03;1.450617e-01;1.396413e-02;8.935831e-03;1.384723e-02;4.840537e-01;1.805427e-01;6.381805e-02;3.038829e-02;1.361568e-02;3.735593e-02
1.298400e-02;3.065654e-02;1.042750e-01;7.270595e-03;1.689133e-02;1.923948e-02;5.686624e-01;1.295223e-01;4.281189e-02;2.342054e-02;1.535651e-02;2.890939e-02
3.015927e-02;5.250312e-02;7.044654e-02;4.095859e-03;2.503228e-02;2.570151e-02;6.234140e-01;8.008395e-02;2.936755e-02;2.043340e-02;1.799636e-02;2.076619e-02
3.298959e-02;6.089614e-02;5.304453e-02;5.966218e-03;2.226820e-02;2.915920e-02;6.200828e-01;8.251724e-02;1.695749e-02;3.077606e-02;3.157227e-02;1.377025e-02
3.523842e-02;5.438614e-02;2.356728e-02;1.022599e-02;2.857933e-02;2.487877e-02;5.752418e-01;1.137305e-01;3.777509e-02;3.946334e-02;4.990436e-02;7.009010e-03
4.938586e-02;4.400766e-02;6.411742e-02;1.341298e-02;3.068676e-02;1.511217e-02;4.913141e-01;1.315771e-01;3.826623e-02;4.651846e-02;5.994682e-02;1.565440e-02
3.523332e-02;4.010673e-02;7.614860e-02;1.192000e-02;2.350744e-02;1.079156e-02;4.836630e-01;1.498822e-01;4.053395e-02;4.601273e-02;5.005881e-02;3.214164e-02
2.172442e-02;4.233405e-02;8.838885e-02;9.157922e-03;1.264465e-02;1.458905e-02;5.129510e-01;1.667961e-01;4.033638e-02;2.798013e-02;3.217504e-02;3.092247e-02
1.707967e-02;4.315615e-02;1.156610e-01;1.457293e-02;1.551545e-02;1.891444e-02;4.923502e-01;1.680989e-01;3.748068e-02;1.955172e-02;3.172424e-02;2.589463e-02
2.417278e-02;4.046764e-02;1.421250e-01;2.068669e-02;2.070749e-02;1.913696e-02;4.476953e-01;1.741805e-01;4.481659e-02;2.135393e-02;2.302280e-02;2.163435e-02
4.869451e-02;4.056048e-02;1.624665e-01;2.027132e-02;2.342235e-02;2.149876e-02;3.958704e-01;1.599133e-01;3.945443e-02;2.229647e-02;3.986054e-02;2.569104e-02
3.748779e-02;6.591324e-02;1.600095e-01;2.322629e-02;3.604167e-02;3.034914e-02;3.812054e-01;1.004755e-01;2.722904e-02;2.858423e-02;6.074900e-02;4.872927e-02
2.593695e-02;7.714704e-02;1.353642e-01;2.845325e-02;4.019582e-02;4.753365e-02;3.701528e-01;7.587748e-02;4.386229e-02;4.419434e-02;5.742894e-02;5.385322e-02
3.942288e-02;8.197279e-02;9.509049e-02;3.752144e-02;4.504066e-02;5.014024e-02;3.058265e-01;8.581793e-02;6.486099e-02;7.630416e-02;7.370104e-02;4.430091e-02
4.235386e-02;7.165276e-02;1.042291e-01;3.480491e-02;4.854723e-02;5.112930e-02;2.011520e-01;1.351510e-01;9.238441e-02;8.834778e-02;9.050205e-02;3.974562e-02
4.348415e-02;6.259654e-02;1.348284e-01;2.575058e-02;5.710170e-02;7.977005e-02;1.208779e-01;1.969537e-01;7.283139e-02;9.247492e-02;6.891414e-02;4.441652e-02
4.235053e-02;5.519969e-02;1.293724e-01;5.368850e-02;6.459606e-02;9.184925e-02;2.554878e-01;9.480494e-02;6.243026e-02;8.743940e-02;3.568140e-02;2.709980e-02
7.394840e-02;4.481727e-02;2.098007e-01;2.519783e-02;6.595071e-02;6.475118e-02;2.057533e-01;7.159614e-02;5.047721e-02;9.586120e-02;5.572774e-02;3.611831e-02
5.403681e-02;3.348806e-02;1.802975e-01;3.106186e-02;6.408316e-02;4.826417e-02;2.782593e-01;6.233138e-02;5.512070e-02;1.179714e-01;5.041089e-02;2.467486e-02
3.751153e-02;2.071760e-02;1.178075e-01;3.803423e-02;5.283064e-02;3.803465e-02;3.286113e-01;6.274980e-02;9.153763e-02;1.481760e-01;4.622084e-02;1.776835e-02
3.444300e-02;1.856572e-02;6.294109e-02;4.968053e-02;4.121561e-02;3.773457e-02;2.957556e-01;5.601013e-02;1.491191e-01;1.932874e-01;4.199355e-02;1.925362e-02
4.008404e-02;3.140854e-02;8.026850e-02;5.855922e-02;6.216430e-02;3.486104e-02;2.266865e-01;4.492372e-02;1.609933e-01;1.792616e-01;5.345337e-02;2.733593e-02
4.479221e-02;3.726570e-02;9.817899e-02;5.093251e-02;6.945836e-02;5.692567e-02;3.257694e-01;3.101340e-02;1.143161e-01;9.929809e-02;4.715036e-02;2.489922e-02
4.942799e-02;4.377237e-02;1.095369e-01;4.443756e-02;1.030351e-01;6.811118e-02;3.680596e-01;2.061727e-02;6.960979e-02;7.766274e-02;2.335616e-02;2.237340e-02
3.366765e-02;4.335619e-02;1.368562e-01;4.863133e-02;1.012222e-01;3.093445e-02;3.118946e-01;3.935504e-02;9.699594e-02;1.046790e-01;3.048758e-02;2.191976e-02
4.050774e-02;4.150589e-02;1.013378e-01;4.480417e-02;6.995425e-02;3.204206e-02;3.227690e-01;7.414160e-02;9.500719e-02;1.086059e-01;4.003708e-02;2.928725e-02
7.429431e-02;1.024259e-01;1.008551e-01;5.849721e-02;7.995276e-02;8.027992e-02;1.443758e-01;8.954421e-02;1.218505e-01;7.232449e-02;4.806283e-02;2.753701e-02
9.789837e-02;9.407231e-02;9.271017e-02;7.351062e-02;7.605834e-02;1.016130e-01;9.634796e-02;7.097068e-02;1.240491e-01;6.856652e-02;4.691400e-02;5.728897e-02
1.160960e-01;6.872178e-02;8.513400e-02;7.402872e-02;6.884568e-02;1.031557e-01;9.009031e-02;6.205881e-02;1.237899e-01;7.690696e-02;4.836664e-02;8.280552e-02
1.163019e-01;7.138922e-02;7.833980e-02;5.187276e-02;7.033372e-02;8.756506e-02;7.954500e-02;7.626549e-02;1.224376e-01;9.905399e-02;5.049363e-02;9.640178e-02
6.573737e-02;7.595793e-02;8.359993e-02;7.261845e-02;8.173312e-02;4.651674e-02;7.435375e-02;1.340478e-01;1.105485e-01;1.304423e-01;4.560116e-02;7.884292e-02
6.511199e-02;6.219075e-02;8.734743e-02;7.419711e-02;6.661638e-02;2.201241e-02;9.768138e-02;1.695937e-01;8.733118e-02;1.541376e-01;7.629681e-02;3.748325e-02
4.965402e-02;8.619346e-02;4.656079e-02;3.133340e-02;1.017803e-01;5.473067e-02;1.073322e-01;1.371841e-01;6.304395e-02;1.611405e-01;1.318539e-01;2.919259e-02
3.075285e-02;1.298009e-01;5.212607e-02;2.980955e-02;1.243774e-01;6.366158e-02;7.566500e-02;7.689961e-02;3.778183e-02;1.564450e-01;1.840672e-01;3.861300e-02
6.113302e-02;1.724003e-01;6.481834e-02;3.421206e-02;6.793065e-02;4.403651e-02;5.712823e-02;3.426198e-02;4.240597e-02;1.676255e-01;2.098604e-01;4.418710e-02
9.726269e-02;1.239574e-01;7.321144e-02;3.963449e-02;4.491282e-02;2.845634e-02;1.000606e-01;4.019834e-02;6.538546e-02;1.592036e-01;1.756610e-01;5.205580e-02
1.031312e-01;9.865171e-02;8.382946e-02;4.467082e-02;5.387304e-02;3.313939e-02;1.707902e-01;4.535288e-02;7.839026e-02;9.450261e-02;1.525026e-01;4.116596e-02
7.608201e-02;1.675638e-01;1.217667e-01;3.907229e-02;5.188262e-02;4.607219e-02;1.671523e-01;3.192379e-02;3.606039e-02;9.483158e-02;1.406429e-01;2.694938e-02
8.098992e-02;1.359598e-01;1.507501e-01;3.567713e-02;7.067624e-02;4.006187e-02;7.378028e-02;2.584863e-02;4.382188e-02;1.400766e-01;1.447658e-01;5.759176e-02
1.013782e-01;1.129273e-01;1.543644e-01;2.738757e-02;8.777115e-02;2.185891e-02;6.374014e-02;4.641502e-02;7.481394e-02;1.241387e-01;1.311239e-01;5.408071e-02
9.801463e-02;8.964062e-02;1.293102e-01;3.866285e-02;7.267205e-02;2.777322e-02;1.230269e-01;6.329249e-02;6.959789e-02;1.202652e-01;1.361560e-01;3.158796e-02
6.482110e-02;7.833655e-02;1.483366e-01;5.792727e-02;9.782509e-02;4.913189e-02;1.604526e-01;5.601175e-02;2.552647e-02;8.645106e-02;1.372559e-01;3.792359e-02
6.036620e-02;1.018213e-01;1.222319e-01;5.336386e-02;1.017700e-01;4.808855e-02;1.336208e-01;5.669459e-02;7.703546e-02;1.032588e-01;9.455764e-02;4.719091e-02
1.172393e-01;1.086452e-01;1.138937e-01;5.092970e-02;4.494743e-02;6.826174e-02;8.682214e-02;7.575335e-02;8.714177e-02;1.247910e-01;7.392111e-02;4.765360e-02
1.594896e-01;1.223249e-01;1.144346e-01;4.258414e-02;4.270833e-02;5.914868e-02;6.903982e-02;5.612402e-02;5.284451e-02;1.239734e-01;1.095760e-01;4.775183e-02
1.553247e-01;1.289958e-01;1.570402e-01;5.371071e-02;3.894509e-02;4.816030e-02;7.368564e-02;5.253425e-02;3.246878e-02;1.148220e-01;1.014859e-01;4.282670e-02
1.255775e-01;1.044254e-01;1.972737e-01;7.847455e-02;3.705815e-02;3.692304e-02;1.108924e-01;6.025459e-02;3.934235e-02;9.306430e-02;7.314192e-02;4.357209e-02
1.512549e-01;9.342917e-02;1.888220e-01;7.817528e-02;4.406537e-02;2.911672e-02;1.293539e-01;6.114002e-02;3.807405e-02;6.255407e-02;6.695218e-02;5.706238e-02
1.398502e-01;1.001583e-01;1.540830e-01;5.313293e-02;4.420988e-02;3.294597e-02;2.090330e-01;5.863900e-02;4.263691e-02;5.824493e-02;5.937489e-02;4.769103e-02
1.171671e-01;1.090771e-01;1.475460e-01;5.132518e-02;6.101678e-02;3.353532e-02;2.700297e-01;4.877269e-02;4.013694e-02;5.184620e-02;4.317892e-02;2.636809e-02
9.357626e-02;1.240139e-01;1.574930e-01;7.114200e-02;7.481863e-02;3.184760e-02;2.088591e-01;4.065257e-02;3.934446e-02;6.699155e-02;3.924016e-02;5.202062e-02
7.260174e-02;1.363705e-01;1.454372e-01;8.176497e-02;7.003304e-02;3.619079e-02;1.387647e-01;4.903778e-02;6.884877e-02;8.400665e-02;6.303438e-02;5.390955e-02
7.042404e-02;1.030744e-01;1.417961e-01;9.650347e-02;6.410791e-02;4.905210e-02;1.338709e-01;6.082519e-02;8.980278e-02;1.033232e-01;5.991964e-02;2.730020e-02
4.789339e-02;1.024510e-01;1.081930e-01;7.446970e-02;6.715064e-02;5.373891e-02;1.915843e-01;5.352906e-02;9.914772e-02;1.291398e-01;4.519349e-02;2.750890e-02
6.685063e-02;1.066771e-01;7.844052e-02;5.769465e-02;5.674994e-02;5.777324e-02;1.919817e-01;6.773262e-02;9.127780e-02;1.358592e-01;5.285110e-02;3.611157e-02
9.459482e-02;8.015438e-02;8.809271e-02;7.154670e-02;5.051985e-02;6.747279e-02;1.519669e-01;7.250089e-02;8.295544e-02;1.276034e-01;4.766395e-02;6.492805e-02
1.005723e-01;5.955986e-02;1.354496e-01;7.692981e-02;6.543373e-02;6.207462e-02;1.081567e-01;5.033557e-02;8.227465e-02;9.823065e-02;7.467782e-02;8.630473e-02
1.152151e-01;8.540058e-02;1.324633e-01;6.237945e-02;6.196268e-02;5.117533e-02;9.082945e-02;4.260933e-02;6.527161e-02;9.467550e-02;1.223608e-01;7.565685e-02
1.169536e-01;7.172888e-02;9.641670e-02;5.305081e-02;4.227138e-02;5.030986e-02;7.278185e-02;5.015132e-02;1.177405e-01;1.403874e-01;1.057871e-01;8.242062e-02
1.287983e-01;3.738802e-02;5.764375e-02;7.123162e-02;3.624786e-02;6.374132e-02;7.419387e-02;6.896072e-02;1.660741e-01;1.525660e-01;6.019491e-02;8.295952e-02
1.458213e-01;6.110418e-02;3.257851e-02;5.696806e-02;5.887307e-02;5.447670e-02;1.002390e-01;1.051172e-01;1.106940e-01;1.393983e-01;5.548048e-02;7.924912e-02
1.314583e-01;9.063708e-02;4.615038e-02;3.185759e-02;5.863401e-02;3.328164e-02;8.956982e-02;1.407219e-01;7.853119e-02;1.132572e-01;8.288475e-02;1.030162e-01
9.371911e-02;8.800781e-02;8.040198e-02;4.898714e-02;4.933153e-02;3.666650e-02;8.776471e-02;1.249094e-01;9.993476e-02;1.310275e-01;7.554263e-02;8.370696e-02
7.178477e-02;6.826536e-02;1.213622e-01;4.830424e-02;1.068550e-01;6.391770e-02;9.946255e-02;1.339466e-01;7.465170e-02;1.248044e-01;4.745916e-02;3.918623e-02
7.534839e-02;5.509828e-02;1.248921e-01;4.727483e-02;1.046908e-01;7.838065e-02;9.057435e-02;1.696292e-01;7.261939e-02;8.950781e-02;5.821193e-02;3.377222e-02
8.820120e-02;4.342146e-02;1.457632e-01;6.231319e-02;7.625017e-02;6.971118e-02;1.024585e-01;1.584199e-01;1.029297e-01;4.415520e-02;7.146168e-02;3.491465e-02
8.450714e-02;5.054392e-02;1.515470e-01;6.668830e-02;6.013387e-02;7.107638e-02;1.451490e-01;1.076909e-01;8.858317e-02;6.122383e-02;7.451629e-02;3.834016e-02
8.720263e-02;4.415740e-02;1.549024e-01;9.342149e-02;5.072755e-02;7.383211e-02;1.613481e-01;7.378011e-02;8.944131e-02;7.752264e-02;5.725440e-02;3.640993e-02
6.664849e-02;3.716291e-02;1.856951e-01;1.302254e-01;4.143910e-02;6.869343e-02;1.390673e-01;6.801002e-02;1.111586e-01;8.324766e-02;4.060180e-02;2.805013e-02
2.940137e-02;2.926536e-02;3.560972e-01;1.206308e-01;2.428445e-02;5.424411e-02;1.025018e-01;7.172459e-02;1.021264e-01;5.521020e-02;1.477273e-02;3.974103e-02
1.987479e-02;2.907219e-02;4.784261e-01;8.546226e-02;1.456535e-02;4.457129e-02;9.603982e-02;6.872314e-02;6.655696e-02;2.806635e-02;8.591227e-03;6.005048e-02
7.598604e-03;3.746872e-02;4.634755e-01;7.038429e-02;1.020005e-02;4.466732e-02;1.161581e-01;7.442493e-02;5.745110e-02;2.276218e-02;9.500187e-03;8.590899e-02
1.925273e-02;2.399934e-02;3.705115e-01;7.273115e-02;1.065589e-02;4.395760e-02;1.277295e-01;9.287354e-02;7.578687e-02;2.972317e-02;8.193675e-03;1.245852e-01
1.856455e-02;1.310092e-02;2.974327e-01;6.507506e-02;9.717320e-03;4.139228e-02;1.572377e-01;1.082793e-01;8.107809e-02;2.904108e-02;1.620849e-02;1.628726e-01
6.975304e-03;1.641700e-02;2.598997e-01;5.222579e-02;1.136780e-02;3.437406e-02;1.881919e-01;1.255364e-01;8.716203e-02;3.000307e-02;2.860944e-02;1.592376e-01
8.872291e-03;7.707488e-03;2.305163e-01;3.795349e-02;8.685586e-03;2.796522e-02;2.420810e-01;1.486848e-01;9.404804e-02;3.718528e-02;3.159926e-02;1.247012e-01
5.491454e-03;2.403189e-02;2.126989e-01;1.651441e-02;9.285003e-03;2.192928e-02;3.244017e-01;1.468934e-01;7.828274e-02;3.639238e-02;2.543861e-02;9.864028e-02
1.233013e-02;4.191149e-02;2.006891e-01;7.890573e-03;1.642131e-02;1.587553e-02;3.872154e-01;1.002419e-01;5.394628e-02;2.922255e-02;3.642703e-02;9.782871e-02
5.076627e-02;7.575546e-02;1.688597e-01;1.033782e-02;3.167223e-02;3.205821e-02;3.631110e-01;2.988220e-02;6.204718e-02;3.379186e-02;5.033739e-02;9.138073e-02
8.437020e-02;7.981147e-02;1.454598e-01;1.438501e-02;4.090471e-02;3.482718e-02;3.340351e-01;5.826137e-02;6.339572e-02;5.202328e-02;2.369956e-02;6.882650e-02
8.983739e-02;4.854783e-02;1.800158e-01;2.218965e-02;3.202573e-02;2.476472e-02;3.302669e-01;9.569658e-02;3.961337e-02;5.729108e-02;4.370366e-02;3.604729e-02
5.767122e-02;7.168376e-02;2.304828e-01;2.427308e-02;2.307310e-02;1.150179e-02;3.252761e-01;7.935067e-02;6.390783e-02;3.616966e-02;3.583605e-02;4.077397e-02
2.286520e-02;5.158691e-02;2.143947e-01;2.480814e-02;2.774319e-02;1.901765e-02;3.736265e-01;7.781263e-02;6.171709e-02;3.096332e-02;1.596191e-02;7.950272e-02
1.494427e-02;3.691867e-02;1.647840e-01;3.169538e-02;2.489784e-02;2.489172e-02;3.691464e-01;1.149779e-01;6.376967e-02;2.840121e-02;1.746280e-02;1.081102e-01
3.185932e-02;3.940740e-02;1.778369e-01;3.069366e-02;2.455509e-02;2.913593e-02;2.732276e-01;1.242347e-01;6.163223e-02;3.050638e-02;3.179178e-02;1.451189e-01
