1.522911e-01;5.548391e-02;1.426505e-01;4.750155e-02;6.484663e-02;4.348668e-02;1.544142e-01;8.775578e-02;6.659207e-02;7.197875e-02;5.099720e-02;6.200153e-02
1.290401e-01;6.685843e-02;1.498605e-01;4.580484e-02;4.420942e-02;5.865423e-02;1.555566e-01;8.959144e-02;7.016593e-02;6.072781e-02;4.686614e-02;8.266448e-02
9.827696e-02;7.454222e-02;1.007522e-01;5.505998e-02;5.776929e-02;6.610732e-02;1.575222e-01;9.635141e-02;5.776918e-02;8.111123e-02;4.646394e-02;1.082741e-01
6.119730e-02;6.742712e-02;8.414563e-02;5.323581e-02;8.856236e-02;7.769486e-02;1.685422e-01;9.446357e-02;7.687975e-02;8.634514e-02;4.014536e-02;1.013609e-01
7.480066e-02;5.214868e-02;1.258861e-01;2.664440e-02;6.863277e-02;8.076211e-02;1.736137e-01;1.148300e-01;1.112271e-01;6.522125e-02;4.823311e-02;5.800012e-02
1.432836e-01;1.021791e-01;2.291824e-01;4.076156e-02;5.887628e-02;5.617113e-02;1.351055e-01;5.664003e-02;6.168948e-02;4.813389e-02;3.511531e-02;3.286172e-02
1.367609e-01;1.437664e-01;2.643079e-01;3.228649e-02;4.504761e-02;5.505205e-02;1.170940e-01;4.823821e-02;5.639277e-02;4.564354e-02;2.645259e-02;2.895747e-02
1.069526e-01;1.559781e-01;3.575175e-01;3.642961e-02;3.647931e-02;4.856021e-02;9.633006e-02;3.112980e-02;4.097904e-02;5.369214e-02;1.666675e-02;1.928494e-02
6.705281e-02;1.276919e-01;4.869174e-01;3.986133e-02;3.450226e-02;2.950787e-02;8.454107e-02;1.486299e-02;2.514107e-02;6.628414e-02;1.408257e-02;9.554513e-03
3.713226e-02;7.359952e-02;5.957959e-01;6.221236e-02;3.405141e-02;1.389358e-02;7.900318e-02;1.013892e-02;1.905588e-02;5.897249e-02;1.323591e-02;2.908611e-03
3.140309e-02;2.860562e-02;6.025962e-01;1.230564e-01;4.450456e-02;1.570792e-02;6.359773e-02;9.900343e-03;2.423103e-02;2.550262e-02;2.762150e-02;3.273031e-03
3.205197e-02;1.860718e-02;5.063416e-01;1.828638e-01;6.836379e-02;2.907557e-02;4.822121e-02;1.510682e-02;2.376945e-02;1.898940e-02;5.300798e-02;3.601250e-03
2.877175e-02;3.238949e-02;4.883810e-01;1.652072e-01;7.454180e-02;3.772699e-02;5.538011e-02;1.621844e-02;1.865443e-02;2.127453e-02;5.725287e-02;4.201356e-03
5.910406e-02;7.600220e-02;4.369619e-01;1.191240e-01;6.532066e-02;2.737107e-02;6.289066e-02;2.256081e-02;2.739554e-02;3.746333e-02;5.236505e-02;1.344073e-02
9.092610e-02;1.188422e-01;3.579406e-01;1.058035e-01;6.007677e-02;2.609044e-02;5.848469e-02;2.955528e-02;3.676667e-02;3.902978e-02;5.356958e-02;2.291444e-02
6.994776e-02;8.536030e-02;4.180050e-01;9.696228e-02;4.869292e-02;3.810637e-02;7.191817e-02;3.213516e-02;3.619324e-02;3.124862e-02;5.513798e-02;1.629219e-02
5.225238e-02;3.311739e-02;4.462328e-01;1.125888e-01;5.343840e-02;4.277692e-02;7.873488e-02;3.132724e-02;3.943184e-02;4.504773e-02;5.083087e-02;1.422074e-02
4.149842e-02;7.136048e-02;3.246509e-01;1.285466e-01;8.020791e-02;4.158994e-02;8.143294e-02;5.444878e-02;4.698057e-02;6.523291e-02;4.773488e-02;1.631570e-02
1.011308e-01;7.466820e-02;2.927789e-01;9.107387e-02;4.987953e-02;4.505048e-02;8.080925e-02;6.242294e-02;5.755251e-02;7.712609e-02;3.095154e-02;3.655580e-02
1.088715e-01;4.025215e-02;3.458132e-01;7.679154e-02;7.859543e-02;3.668615e-02;8.415958e-02;4.692940e-02;4.218479e-02;6.606861e-02;2.591522e-02;4.773236e-02
6.151762e-02;3.763746e-02;2.850611e-01;9.834115e-02;1.113444e-01;4.754332e-02;1.494524e-01;4.183799e-02;3.658025e-02;3.898510e-02;3.609772e-02;5.560150e-02
4.171359e-02;2.878289e-02;1.628458e-01;1.276551e-01;1.820823e-01;8.261239e-02;1.674543e-01;3.259347e-02;2.411243e-02;2.692967e-02;3.193532e-02;9.128266e-02
3.043477e-02;2.147416e-02;1.095967e-01;9.180511e-02;2.250309e-01;9.247766e-02;1.280142e-01;3.290006e-02;4.055527e-02;4.458683e-02;8.054313e-02;1.025811e-01
2.375738e-02;1.654415e-02;1.678332e-01;1.065981e-01;1.615443e-01;5.562133e-02;8.362667e-02;4.870155e-02;4.141881e-02;1.017411e-01;1.288947e-01;6.371874e-02
2.616291e-02;3.768402e-02;2.515648e-01;7.388733e-02;5.962110e-02;3.212281e-02;7.600210e-02;4.866894e-02;5.314798e-02;2.075415e-01;1.139652e-01;1.963132e-02
2.116471e-02;7.113884e-02;2.526965e-01;2.598614e-02;2.112249e-02;3.150672e-02;6.222881e-02;5.997788e-02;9.445941e-02;2.774182e-01;6.523948e-02;1.706083e-02
2.078992e-02;1.352435e-01;1.824797e-01;1.583937e-02;2.321895e-02;5.708014e-02;3.419968e-02;7.492487e-02;1.620890e-01;2.114878e-01;4.803770e-02;3.460931e-02
2.591182e-02;2.077763e-01;1.141073e-01;2.022993e-02;1.851198e-02;8.328563e-02;2.401558e-02;6.291977e-02;2.429481e-01;1.030223e-01;4.446129e-02;5.280999e-02
2.966169e-02;2.466327e-01;9.004737e-02;3.230600e-02;1.978098e-02;7.841613e-02;1.522533e-02;5.184661e-02;3.069516e-01;5.906125e-02;2.944898e-02;4.062138e-02
3.309880e-02;2.251648e-01;8.174474e-02;4.712208e-02;1.772171e-02;5.127660e-02;4.092646e-02;8.605947e-02;3.071814e-01;7.525653e-02;1.486125e-02;1.958621e-02
4.196117e-02;1.490302e-01;8.415265e-02;4.702951e-02;2.409768e-02;3.503654e-02;9.642810e-02;1.321149e-01;2.800657e-01;8.083133e-02;1.188321e-02;1.736895e-02
4.429818e-02;9.922060e-02;7.736906e-02;3.973288e-02;3.607312e-02;3.276470e-02;1.426088e-01;1.232073e-01;2.825153e-01;8.665872e-02;1.735952e-02;1.819189e-02
3.241144e-02;1.035669e-01;7.109249e-02;2.531191e-02;2.972470e-02;3.601651e-02;1.485812e-01;5.998861e-02;3.394699e-01;1.007423e-01;2.752088e-02;2.557313e-02
5.671516e-02;9.338761e-02;5.830603e-02;2.592010e-02;2.544937e-02;4.469486e-02;8.134762e-02;1.057009e-01;2.982121e-01;1.253329e-01;3.430955e-02;5.062384e-02
9.189251e-02;1.167645e-01;8.524664e-02;4.097481e-02;2.733390e-02;4.404441e-02;5.655330e-02;1.116744e-01;2.324530e-01;1.195333e-01;2.379818e-02;4.973106e-02
1.017580e-01;1.397162e-01;1.306950e-01;5.894445e-02;3.967885e-02;4.326611e-02;8.727950e-02;7.709789e-02;1.937467e-01;8.099253e-02;1.690162e-02;2.992310e-02
9.453815e-02;1.686492e-01;1.422944e-01;6.570330e-02;3.292418e-02;5.055187e-02;8.519546e-02;3.594798e-02;2.353351e-01;5.864348e-02;1.943209e-02;1.078484e-02
1.008813e-01;2.077359e-01;1.260490e-01;4.420173e-02;1.931730e-02;3.800064e-02;6.772590e-02;4.342208e-02;2.319430e-01;8.534583e-02;1.824454e-02;1.713280e-02
1.266973e-01;2.203753e-01;1.079653e-01;2.682350e-02;1.927400e-02;3.483932e-02;8.631299e-02;2.412426e-02;2.217536e-01;9.481435e-02;1.915366e-02;1.786633e-02
1.699131e-01;1.676990e-01;9.282371e-02;2.310717e-02;3.005257e-02;3.360716e-02;1.066495e-01;5.073031e-02;1.939998e-01;9.291630e-02;1.729454e-02;2.120690e-02
1.945702e-01;1.510948e-01;1.229384e-01;2.141817e-02;6.611312e-02;3.510468e-02;8.387375e-02;7.588284e-02;1.237452e-01;7.406595e-02;2.083283e-02;3.036017e-02
1.769698e-01;1.274663e-01;1.640562e-01;2.969924e-02;9.325362e-02;5.121656e-02;8.934820e-02;6.439044e-02;7.417455e-02;5.088248e-02;2.733750e-02;5.120511e-02
9.181681e-02;9.855915e-02;2.527936e-01;4.475862e-02;8.079580e-02;6.311422e-02;1.542546e-01;2.700990e-02;6.828771e-02;4.816389e-02;2.499715e-02;4.544856e-02
9.171059e-02;1.243847e-01;2.731971e-01;3.543190e-02;4.201131e-02;4.737408e-02;1.464588e-01;5.208328e-02;6.461865e-02;6.500878e-02;2.633777e-02;3.138306e-02
1.129476e-01;1.462446e-01;2.401150e-01;2.868672e-02;5.443028e-02;3.685164e-02;9.956952e-02;8.968984e-02;5.925722e-02;7.227282e-02;2.677877e-02;3.315600e-02
9.656652e-02;1.897440e-01;2.007942e-01;3.469892e-02;4.489055e-02;3.854364e-02;6.659946e-02;1.083453e-01;9.621505e-02;6.636361e-02;3.078292e-02;2.645587e-02
1.248348e-01;1.669634e-01;1.322664e-01;3.762714e-02;3.132552e-02;3.374481e-02;5.802775e-02;7.638200e-02;1.766484e-01;1.123010e-01;3.472564e-02;1.515312e-02
1.411629e-01;1.351642e-01;9.530113e-02;5.532423e-02;3.952909e-02;3.053968e-02;8.624594e-02;5.025514e-02;1.658648e-01;1.536863e-01;2.313433e-02;2.379232e-02
1.392128e-01;1.283260e-01;7.796014e-02;8.502869e-02;5.826450e-02;4.984383e-02;1.034461e-01;1.008315e-01;6.844696e-02;1.133856e-01;1.599515e-02;5.925868e-02
1.079216e-01;1.021037e-01;9.446559e-02;9.844165e-02;5.070976e-02;6.745429e-02;7.059760e-02;1.382838e-01;1.220155e-01;7.866688e-02;1.948049e-02;4.985907e-02
7.921389e-02;8.451595e-02;1.955825e-01;5.984702e-02;5.335610e-02;6.627651e-02;1.008784e-01;9.657341e-02;1.605530e-01;6.001967e-02;1.792808e-02;2.525546e-02
1.390064e-01;9.454286e-02;2.289064e-01;4.235502e-02;7.118307e-02;5.340291e-02;1.286611e-01;3.448905e-02;1.108926e-01;5.112381e-02;1.737264e-02;2.806398e-02
1.782598e-01;9.188379e-02;1.862639e-01;2.678411e-02;9.131891e-02;4.755132e-02;1.310156e-01;5.003754e-02;8.334043e-02;5.598170e-02;2.180632e-02;3.575657e-02
1.415192e-01;7.683646e-02;1.124955e-01;4.585505e-02;9.331592e-02;6.552157e-02;1.800912e-01;6.510591e-02;8.093422e-02;5.691138e-02;3.283307e-02;4.858048e-02
1.016819e-01;7.499790e-02;8.832742e-02;7.368858e-02;7.623114e-02;7.125643e-02;2.094858e-01;6.948518e-02;8.380798e-02;5.733717e-02;4.551931e-02;4.818116e-02
1.445529e-01;1.108930e-01;7.799876e-02;7.431237e-02;6.626986e-02;6.724177e-02;1.238460e-01;8.136234e-02;1.235287e-01;6.119629e-02;3.350489e-02;3.529318e-02
1.377146e-01;1.396976e-01;9.218026e-02;4.265582e-02;6.209066e-02;6.205812e-02;1.034997e-01;9.412400e-02;1.472943e-01;5.785639e-02;2.717380e-02;3.365476e-02
1.397915e-01;1.199038e-01;1.301479e-01;2.389370e-02;5.795476e-02;5.023938e-02;1.330520e-01;7.791612e-02;1.252120e-01;7.186821e-02;2.507325e-02;4.494737e-02
1.066208e-01;9.347725e-02;1.927136e-01;4.284483e-02;6.153264e-02;5.601370e-02;1.414466e-01;4.998153e-02;1.175966e-01;8.047234e-02;2.170051e-02;3.559958e-02
1.149062e-01;7.609558e-02;2.082872e-01;4.544748e-02;4.606038e-02;5.565301e-02;1.391771e-01;4.912480e-02;1.235450e-01;8.376313e-02;1.762099e-02;4.031923e-02
1.511263e-01;1.179675e-01;1.796554e-01;5.961875e-02;3.195135e-02;5.533213e-02;9.458432e-02;5.592110e-02;1.043382e-01;6.589440e-02;4.352063e-02;4.008987e-02
1.403160e-01;1.326219e-01;1.667385e-01;9.017520e-02;3.942350e-02;4.294091e-02;1.179072e-01;5.248455e-02;9.490506e-02;3.411100e-02;4.836069e-02;4.001554e-02
8.106532e-02;7.417474e-02;1.732403e-01;1.050976e-01;4.257112e-02;5.036578e-02;1.873075e-01;6.008805e-02;9.580326e-02;4.592195e-02;4.135719e-02;4.300721e-02
3.488721e-02;4.825402e-02;1.732331e-01;7.469448e-02;8.223991e-02;7.242487e-02;2.579910e-01;9.421501e-02;5.388609e-02;5.085905e-02;3.282381e-02;2.449142e-02
3.380369e-02;4.999211e-02;1.511704e-01;6.765057e-02;7.905996e-02;7.405161e-02;2.808652e-01;9.548006e-02;6.658729e-02;5.110730e-02;3.587253e-02;1.435931e-02
5.454959e-02;4.677062e-02;1.533313e-01;7.204004e-02;7.710985e-02;5.735205e-02;2.633483e-01;8.060897e-02;6.194890e-02;6.211405e-02;4.665883e-02;2.416754e-02
6.767496e-02;8.461617e-02;2.485405e-01;1.262539e-01;7.483194e-02;5.043373e-02;1.083050e-01;3.480669e-02;1.174398e-01;4.339932e-02;2.756407e-02;1.613398e-02
6.494216e-02;1.193679e-01;2.766945e-01;1.236039e-01;4.580693e-02;6.149260e-02;5.976858e-02;4.594608e-02;1.433018e-01;2.522849e-02;1.733412e-02;1.651292e-02
4.296244e-02;1.569037e-01;3.090034e-01;8.790942e-02;3.091001e-02;6.045334e-02;2.658599e-02;7.149696e-02;1.474736e-01;3.508640e-02;1.391446e-02;1.730020e-02
2.620375e-02;1.737726e-01;2.929110e-01;3.930650e-02;3.147447e-02;7.742686e-02;2.010659e-02;1.262574e-01;1.329886e-01;5.454664e-02;6.735728e-03;1.826998e-02
2.332338e-02;1.563621e-01;2.941429e-01;2.594123e-02;3.298600e-02;6.887837e-02;1.864127e-02;1.731847e-01;1.125775e-01;7.434168e-02;4.937475e-03;1.468349e-02
1.246431e-02;1.167070e-01;3.432603e-01;1.848982e-02;1.007169e-01;3.713914e-02;4.370905e-02;1.339037e-01;6.350800e-02;1.177277e-01;3.094160e-03;9.279912e-03
1.195478e-02;6.937008e-02;3.484304e-01;2.066419e-02;1.607495e-01;1.440222e-02;1.304118e-01;5.424369e-02;2.590698e-02;1.579602e-01;1.409435e-03;4.496813e-03
1.197673e-02;3.496622e-02;3.206520e-01;1.993368e-02;1.408069e-01;8.256656e-03;2.405107e-01;2.437292e-02;4.190590e-02;1.513578e-01;2.402612e-03;2.857802e-03
1.713175e-02;1.499854e-02;3.105246e-01;2.519973e-02;8.074989e-02;6.051178e-03;3.169697e-01;2.460875e-02;8.819021e-02;1.051541e-01;7.581541e-03;2.840010e-03
2.622983e-02;5.556288e-03;3.236160e-01;3.692500e-02;3.488060e-02;1.180517e-02;3.137003e-01;2.448439e-02;1.587821e-01;5.124841e-02;9.549027e-03;3.222785e-03
3.052061e-02;2.176298e-02;2.740373e-01;6.145759e-02;3.812987e-02;4.698689e-02;2.474250e-01;2.856051e-02;1.956568e-01;3.620766e-02;1.275302e-02;6.501676e-03
2.682194e-02;3.459942e-02;1.563770e-01;9.284927e-02;8.852023e-02;9.269002e-02;1.882496e-01;6.863499e-02;1.729183e-01;5.047830e-02;1.200666e-02;1.585423e-02
1.719048e-02;4.041070e-02;7.249636e-02;9.922220e-02;1.495162e-01;8.807202e-02;2.044511e-01;8.620052e-02;1.367071e-01;6.737873e-02;7.934702e-03;3.042003e-02
1.489232e-02;4.004728e-02;7.588463e-02;6.574319e-02;1.464825e-01;6.509319e-02;2.465713e-01;7.707414e-02;1.593216e-01;7.318812e-02;4.175591e-03;3.152617e-02
3.693514e-02;4.260210e-02;1.343689e-01;2.827740e-02;1.084818e-01;1.087414e-01;1.937188e-01;1.418422e-01;1.174847e-01;6.663722e-02;1.736556e-03;1.917373e-02
4.141305e-02;2.449472e-02;1.274037e-01;1.480927e-02;7.407735e-02;1.445923e-01;1.354093e-01;2.385615e-01;4.536259e-02;1.445217e-01;2.349941e-03;7.004684e-03
3.013238e-02;1.047696e-02;8.218286e-02;3.277286e-02;5.726674e-02;1.455369e-01;1.644514e-01;2.270427e-01;3.337451e-02;2.086180e-01;3.934399e-03;4.210279e-03
2.041365e-02;8.921997e-03;6.007190e-02;4.322244e-02;5.576522e-02;1.375638e-01;2.865759e-01;1.335340e-01;4.934449e-02;1.944314e-01;3.688402e-03;6.466822e-03
2.042947e-02;9.801293e-03;2.904090e-02;4.064056e-02;8.233822e-02;1.262740e-01;4.311695e-01;8.902898e-02;5.926114e-02;1.014100e-01;4.467749e-03;6.138077e-03
2.302183e-02;5.934651e-03;1.603238e-02;3.785291e-02;7.557596e-02;1.143676e-01;3.655657e-01;1.728274e-01;2.997195e-02;1.486777e-01;3.549267e-03;6.622633e-03
2.526408e-02;5.854459e-03;2.192273e-02;3.205640e-02;6.744665e-02;1.331408e-01;2.401191e-01;2.237235e-01;3.552740e-02;2.071315e-01;1.794124e-03;6.019244e-03
3.159202e-02;5.361329e-03;4.110070e-02;2.321235e-02;8.280414e-02;1.437575e-01;2.061812e-01;2.287924e-01;3.799695e-02;1.907329e-01;2.511260e-03;5.957241e-03
4.539165e-02;1.125045e-02;7.272962e-02;1.610912e-02;1.304709e-01;1.523661e-01;1.966409e-01;1.746005e-01;6.545334e-02;1.148941e-01;7.991717e-03;1.210160e-02
3.290012e-02;1.235216e-02;1.303401e-01;2.645649e-02;2.060035e-01;1.506239e-01;1.605785e-01;6.255496e-02;8.386298e-02;9.868059e-02;1.113160e-02;2.451509e-02
1.737043e-02;1.512480e-02;1.699906e-01;3.890778e-02;2.577506e-01;1.113551e-01;1.421300e-01;5.576066e-02;7.951464e-02;5.785026e-02;1.601998e-02;3.822502e-02
1.982681e-02;2.189048e-02;2.495413e-01;8.642301e-02;1.972647e-01;7.804527e-02;1.196745e-01;6.404001e-02;4.987931e-02;3.646151e-02;3.796385e-02;3.898916e-02
2.102561e-02;2.752179e-02;3.905000e-01;1.104173e-01;7.489652e-02;4.735458e-02;9.079549e-02;5.936578e-02;3.963820e-02;6.404249e-02;4.922046e-02;2.522170e-02
3.842897e-02;4.685443e-02;4.413101e-01;6.997655e-02;7.335429e-02;3.667969e-02;7.062420e-02;7.236563e-02;3.239296e-02;6.401352e-02;3.790976e-02;1.608990e-02
7.889021e-02;6.936518e-02;2.909823e-01;3.640436e-02;9.495512e-02;4.749292e-02;9.330073e-02;1.163855e-01;5.263373e-02;7.395994e-02;2.614138e-02;1.948861e-02
7.699142e-02;5.976740e-02;2.662972e-01;4.980960e-02;8.742586e-02;6.001500e-02;8.121087e-02;1.512432e-01;6.168769e-02;5.127953e-02;2.498929e-02;2.928296e-02
4.817770e-02;3.421199e-02;2.522799e-01;4.311166e-02;8.726117e-02;6.950899e-02;1.257064e-01;1.456279e-01;6.326266e-02;5.107201e-02;3.544072e-02;4.433887e-02
4.700570e-02;2.572063e-02;1.947466e-01;4.294278e-02;8.142045e-02;9.063289e-02;1.844153e-01;8.041194e-02;5.940798e-02;7.593710e-02;5.386094e-02;6.349763e-02
3.062654e-02;5.830909e-02;2.095293e-01;6.071099e-02;4.683759e-02;9.861811e-02;2.133900e-01;5.724789e-02;3.849372e-02;7.409542e-02;5.761496e-02;5.452639e-02
4.671708e-02;7.044423e-02;2.066828e-01;6.773306e-02;8.707919e-02;6.363308e-02;1.640923e-01;7.863601e-02;4.486874e-02;7.465465e-02;4.887889e-02;4.657995e-02
4.512818e-02;6.101305e-02;1.876670e-01;8.312728e-02;1.044435e-01;4.982639e-02;1.060110e-01;9.980248e-02;6.089779e-02;8.371665e-02;5.643189e-02;6.193483e-02
3.047322e-02;6.565575e-02;1.344543e-01;8.038636e-02;8.169306e-02;6.308407e-02;9.369899e-02;8.617640e-02;8.775467e-02;1.171047e-01;7.382565e-02;8.569286e-02
3.038136e-02;5.495140e-02;1.480704e-01;8.902280e-02;7.234632e-02;5.548068e-02;8.606714e-02;9.295022e-02;8.748302e-02;1.000844e-01;1.204387e-01;6.272364e-02
4.233156e-02;5.530455e-02;1.439878e-01;1.001701e-01;7.133593e-02;5.121658e-02;7.383040e-02;1.067730e-01;9.113791e-02;8.955830e-02;1.420408e-01;3.231300e-02
7.029317e-02;5.998924e-02;1.107485e-01;7.552138e-02;6.265560e-02;6.158298e-02;1.148741e-01;9.568213e-02;9.789620e-02;7.050354e-02;1.156193e-01;6.463393e-02
1.120927e-01;7.524974e-02;1.654226e-01;6.718435e-02;4.498101e-02;6.447661e-02;1.213646e-01;5.356693e-02;7.348018e-02;7.459544e-02;8.170850e-02;6.587733e-02
1.030882e-01;9.675738e-02;2.694076e-01;5.617306e-02;3.258658e-02;5.851178e-02;1.160468e-01;6.068795e-02;6.836384e-02;6.624714e-02;3.871191e-02;3.341776e-02
5.941307e-02;7.668433e-02;3.711010e-01;5.941758e-02;4.821753e-02;5.429610e-02;1.001991e-01;5.370981e-02;8.018295e-02;6.317610e-02;2.273832e-02;1.086406e-02
2.708235e-02;5.253701e-02;4.475601e-01;6.199171e-02;5.744158e-02;4.083626e-02;9.286410e-02;2.895841e-02;9.705132e-02;5.492737e-02;3.327841e-02;5.471345e-03
1.640678e-02;3.988518e-02;5.025826e-01;8.172575e-02;5.501286e-02;3.647159e-02;6.322030e-02;1.576159e-02;9.356046e-02;3.856443e-02;5.165027e-02;5.158114e-03
2.109131e-02;2.326244e-02;5.580222e-01;8.713870e-02;4.144361e-02;2.470673e-02;5.127046e-02;1.582371e-02;7.425763e-02;4.909992e-02;4.660476e-02;7.278588e-03
2.009319e-02;1.947954e-02;5.896257e-01;8.217272e-02;2.699183e-02;1.730335e-02;6.685537e-02;1.561972e-02;6.792572e-02;5.815382e-02;2.537266e-02;1.040641e-02
2.203861e-02;2.134098e-02;5.759342e-01;8.640148e-02;4.441937e-02;2.291849e-02;7.375172e-02;1.593192e-02;5.245574e-02;5.683899e-02;1.917912e-02;8.789356e-03
1.782463e-02;1.470071e-02;5.546957e-01;1.282032e-01;5.682427e-02;2.216583e-02;3.331894e-02;1.729699e-02;3.677359e-02;4.871856e-02;6.421125e-02;5.266333e-03
1.706045e-02;1.240416e-02;4.535801e-01;1.805447e-01;7.661793e-02;4.912481e-02;2.083365e-02;2.669372e-02;2.935075e-02;2.403820e-02;1.030893e-01;6.662176e-03
1.139328e-02;5.619667e-03;4.059512e-01;1.968229e-01;8.382560e-02;6.261615e-02;3.150957e-02;4.035114e-02;2.106273e-02;1.548382e-02;1.173404e-01;8.023582e-03
8.558447e-03;9.736282e-03;4.259484e-01;1.962982e-01;7.977249e-02;5.540894e-02;1.410502e-02;4.214692e-02;1.899768e-02;2.051167e-02;1.236465e-01;4.869492e-03
1.667250e-02;1.229321e-02;4.747769e-01;1.567788e-01;7.467619e-02;4.099644e-02;2.131302e-02;3.298184e-02;2.219328e-02;3.072394e-02;1.067412e-01;9.852641e-03
3.938856e-02;3.122154e-02;4.828421e-01;1.019788e-01;6.599905e-02;3.402330e-02;4.699702e-02;2.180872e-02;2.901454e-02;5.198488e-02;7.682291e-02;1.791855e-02
6.915077e-02;6.320404e-02;3.594755e-01;8.910962e-02;6.751788e-02;4.387270e-02;8.052015e-02;2.136478e-02;4.448816e-02;5.430723e-02;6.948075e-02;3.750849e-02
5.942729e-02;7.702968e-02;3.024632e-01;7.901390e-02;8.229486e-02;4.558603e-02;9.731989e-02;4.076362e-02;6.658153e-02;5.101092e-02;6.162426e-02;3.688478e-02
2.790136e-02;7.417243e-02;3.046229e-01;8.207728e-02;9.506418e-02;5.842991e-02;8.689412e-02;5.716936e-02;9.910495e-02;5.640030e-02;4.171171e-02;1.645152e-02
3.380749e-02;6.110306e-02;2.235557e-01;8.093054e-02;1.067433e-01;7.313991e-02;8.925335e-02;4.274056e-02;1.406795e-01;7.974415e-02;4.553018e-02;2.277236e-02
3.579095e-02;2.514223e-02;2.670202e-01;7.521372e-02;8.788688e-02;6.042230e-02;6.598946e-02;5.997874e-02;1.498997e-01;1.073670e-01;4.565626e-02;1.963253e-02
3.311143e-02;1.782337e-02;2.912929e-01;8.575925e-02;8.641977e-02;8.535890e-02;5.447287e-02;6.699049e-02;1.006055e-01;1.226124e-01;4.306729e-02;1.248574e-02
2.683100e-02;2.288588e-02;2.759537e-01;1.406432e-01;8.335099e-02;1.078329e-01;6.130703e-02;5.206712e-02;4.619225e-02;1.243800e-01;5.012816e-02;8.427727e-03
3.186656e-02;3.272135e-02;1.833478e-01;1.583600e-01;1.264544e-01;1.119109e-01;6.385021e-02;3.749051e-02;5.011862e-02;1.261859e-01;6.429305e-02;1.340081e-02
2.746431e-02;5.481527e-02;2.059287e-01;1.276272e-01;1.289993e-01;8.753626e-02;1.134895e-01;3.011819e-02;6.631007e-02;8.173110e-02;6.423643e-02;1.174375e-02
8.607019e-02;6.979397e-02;2.859043e-01;7.734361e-02;7.823898e-02;5.156469e-02;1.520864e-01;3.775053e-02;6.095933e-02;4.509865e-02;3.565461e-02;1.953474e-02
1.477358e-01;8.621608e-02;2.770755e-01;5.448898e-02;7.205343e-02;4.771399e-02;1.367584e-01;4.892723e-02;3.636501e-02;3.210757e-02;2.970592e-02;3.085206e-02
1.677754e-01;1.057042e-01;2.236169e-01;6.096963e-02;6.016683e-02;5.093004e-02;1.215872e-01;5.080761e-02;2.526257e-02;4.585142e-02;4.183280e-02;4.549542e-02
9.031519e-02;8.731467e-02;2.299889e-01;7.382754e-02;6.162342e-02;6.323764e-02;1.275632e-01;3.784067e-02;3.345480e-02;7.963028e-02;6.986363e-02;4.534000e-02
5.046161e-02;7.163052e-02;1.756231e-01;7.336406e-02;8.992475e-02;6.196313e-02;1.387390e-01;4.262328e-02;5.832987e-02;1.230757e-01;8.571284e-02;2.855212e-02
6.108065e-02;7.491760e-02;1.926452e-01;6.753140e-02;8.677231e-02;6.825509e-02;1.084835e-01;6.078338e-02;7.609124e-02;1.199494e-01;5.421304e-02;2.927724e-02
9.948995e-02;7.978529e-02;1.343706e-01;6.606200e-02;8.442436e-02;7.475185e-02;7.510423e-02;7.732612e-02;1.033219e-01;1.183611e-01;4.354212e-02;4.346043e-02
8.910126e-02;5.431711e-02;2.339105e-01;6.692436e-02;7.646230e-02;5.720674e-02;9.627534e-02;5.869348e-02;9.749591e-02;1.001240e-01;2.876655e-02;4.072238e-02
5.856776e-02;5.736576e-02;3.016086e-01;7.720601e-02;8.053561e-02;5.632680e-02;9.169262e-02;3.445047e-02;7.631730e-02;1.041026e-01;2.686073e-02;3.496571e-02
7.265007e-02;6.611259e-02;2.301865e-01;6.729524e-02;9.346239e-02;5.267405e-02;9.169462e-02;3.200861e-02;9.079159e-02;1.280420e-01;4.237221e-02;3.271016e-02
9.395971e-02;6.681045e-02;2.003298e-01;7.913752e-02;1.000437e-01;4.300580e-02;7.936277e-02;4.646582e-02;1.177295e-01;9.679030e-02;4.848539e-02;2.787923e-02
1.166462e-01;5.119553e-02;2.235773e-01;9.923227e-02;9.605872e-02;5.793251e-02;7.117693e-02;4.262144e-02;8.464476e-02;7.297371e-02;4.366787e-02;4.027276e-02
1.427935e-01;5.898114e-02;1.137201e-01;1.293427e-01;1.117566e-01;5.589791e-02;9.314194e-02;5.458086e-02;7.202610e-02;7.447167e-02;4.412447e-02;4.916302e-02
1.126587e-01;5.961984e-02;1.296897e-01;1.420504e-01;1.169349e-01;7.439131e-02;9.200756e-02;6.623674e-02;7.031025e-02;5.725409e-02;3.883214e-02;4.001444e-02
5.455881e-02;4.572023e-02;1.808612e-01;1.348699e-01;1.036669e-01;9.363175e-02;7.394832e-02;1.061559e-01;8.357944e-02;4.849136e-02;4.721859e-02;2.729760e-02
5.784672e-02;7.498594e-02;1.288788e-01;9.172820e-02;1.136494e-01;6.939772e-02;7.903945e-02;1.010508e-01;1.216322e-01;7.497132e-02;5.031612e-02;3.650332e-02
9.559109e-02;4.972316e-02;1.317322e-01;1.264994e-01;8.365630e-02;8.106350e-02;8.009694e-02;5.166665e-02;1.132246e-01;9.413670e-02;4.321560e-02;4.939383e-02
1.123334e-01;5.463957e-02;1.015547e-01;1.577763e-01;6.692731e-02;6.749418e-02;1.178645e-01;4.008986e-02;1.102210e-01;9.545883e-02;3.078413e-02;4.485619e-02
1.210186e-01;8.927279e-02;1.744799e-01;6.696305e-02;6.821205e-02;5.872198e-02;1.870748e-01;3.233419e-02;7.898096e-02;6.014330e-02;4.264098e-02;2.015738e-02
1.340897e-01;7.397428e-02;2.289175e-01;8.264638e-02;8.571352e-02;5.205836e-02;1.311042e-01;2.360085e-02;7.102510e-02;5.972823e-02;3.950396e-02;1.763798e-02
1.204189e-01;6.156715e-02;2.426348e-01;1.223026e-01;9.161689e-02;4.819303e-02;9.266705e-02;1.984737e-02;7.060258e-02;5.580375e-02;6.197317e-02;1.237269e-02
8.733050e-02;4.496711e-02;2.067943e-01;1.564408e-01;8.665765e-02;4.472237e-02;7.462806e-02;1.486303e-02;7.968567e-02;6.542378e-02;1.290218e-01;9.464842e-03
8.015513e-02;2.863308e-02;1.856068e-01;1.127115e-01;4.772720e-02;2.788762e-02;8.124231e-02;1.637877e-02;7.595318e-02;1.337451e-01;2.011497e-01;8.809547e-03
9.680665e-02;1.679337e-02;2.179621e-01;4.422595e-02;4.245831e-02;1.079455e-02;7.795269e-02;1.665496e-02;7.285390e-02;2.096297e-01;1.793998e-01;1.446802e-02
8.038011e-02;1.862951e-02;2.414478e-01;2.192115e-02;5.001464e-02;7.704706e-03;6.315091e-02;2.822290e-02;7.897908e-02;2.576462e-01;1.370948e-01;1.480820e-02
6.594449e-02;4.217560e-02;2.583012e-01;1.709591e-02;3.674382e-02;1.224702e-02;3.705982e-02;5.075067e-02;8.590648e-02;2.697634e-01;1.029743e-01;2.103738e-02
3.985279e-02;4.943043e-02;3.612948e-01;1.781751e-02;4.912261e-02;8.250176e-03;2.365925e-02;4.403419e-02;6.298409e-02;2.582412e-01;6.650617e-02;1.880672e-02
2.376785e-02;2.833957e-02;4.260884e-01;1.625740e-02;6.860153e-02;4.233269e-03;5.101040e-02;1.723881e-02;5.993600e-02;2.579809e-01;3.688050e-02;9.665472e-03
4.351895e-02;1.514654e-02;4.051820e-01;2.601726e-02;6.122938e-02;5.888018e-03;8.017206e-02;8.576399e-03;8.096835e-02;2.442329e-01;2.185302e-02;7.215100e-03
7.253689e-02;1.461912e-02;2.785620e-01;8.629866e-02;3.525700e-02;2.390516e-02;7.685229e-02;1.622626e-02;1.383006e-01;1.597225e-01;8.602118e-02;1.169837e-02
5.343788e-02;3.503122e-02;1.303098e-01;2.114543e-01;3.393380e-02;5.669774e-02;3.765453e-02;5.220776e-02;1.072859e-01;6.629857e-02;1.872953e-01;2.839310e-02
2.491266e-02;5.039730e-02;7.352755e-02;2.165463e-01;8.023970e-02;5.014830e-02;5.320043e-02;6.090195e-02;6.400728e-02;4.959222e-02;2.033375e-01;7.318876e-02
3.577347e-02;3.808494e-02;1.007611e-01;1.212156e-01;1.070246e-01;2.965035e-02;7.763579e-02;3.692256e-02;1.229384e-01;5.401265e-02;1.587536e-01;1.172268e-01
3.560453e-02;1.731557e-02;1.084824e-01;4.622769e-02;1.426382e-01;3.587286e-02;9.745315e-02;2.106615e-02;1.756524e-01;5.586966e-02;1.278009e-01;1.360165e-01
3.857320e-02;1.580964e-02;7.105995e-02;4.015243e-02;1.697670e-01;9.241655e-02;1.397765e-01;3.853989e-02;1.407901e-01;3.387167e-02;1.172773e-01;1.019657e-01
6.075310e-02;2.266744e-02;6.699236e-02;3.394960e-02;1.259390e-01;1.658274e-01;1.396668e-01;8.106805e-02;6.959520e-02;6.306742e-02;1.143927e-01;5.608095e-02
4.607416e-02;3.419428e-02;1.003749e-01;6.459410e-02;1.062850e-01;1.390742e-01;1.723199e-01;7.721388e-02;6.760239e-02;7.228050e-02;1.005698e-01;1.941686e-02
2.680513e-02;3.216266e-02;1.521266e-01;7.072157e-02;1.155332e-01;1.019454e-01;1.827125e-01;5.941376e-02;5.807877e-02;6.631219e-02;1.065989e-01;2.758935e-02
4.228270e-02;3.219347e-02;2.049344e-01;6.294425e-02;7.564761e-02;6.488772e-02;1.165321e-01;5.468111e-02;6.645372e-02;1.001599e-01;1.208335e-01;5.844951e-02
7.367849e-02;3.488019e-02;1.794750e-01;6.717724e-02;5.178662e-02;5.034585e-02;6.219573e-02;7.230084e-02;8.452133e-02;1.280349e-01;1.172315e-01;7.837228e-02
5.963024e-02;2.976606e-02;1.370915e-01;8.414621e-02;6.608888e-02;4.810276e-02;9.720368e-02;8.486815e-02;9.815623e-02;1.164689e-01;8.866264e-02;8.981481e-02
2.994150e-02;2.832587e-02;1.528637e-01;1.076754e-01;8.690792e-02;5.868402e-02;1.638783e-01;6.633946e-02;7.982668e-02;9.325305e-02;6.079030e-02;7.151382e-02
4.813728e-02;4.248841e-02;1.287649e-01;1.106328e-01;1.028171e-01;6.187821e-02;1.446842e-01;5.219057e-02;6.483442e-02;7.991554e-02;1.015358e-01;6.212080e-02
4.287184e-02;3.942090e-02;9.600314e-02;6.149203e-02;1.210590e-01;6.064010e-02;7.110194e-02;7.441977e-02;6.986559e-02;1.328061e-01;1.337232e-01;9.659635e-02
4.339373e-02;2.837561e-02;1.408759e-01;6.604217e-02;1.224387e-01;5.330232e-02;5.177328e-02;7.208361e-02;8.129489e-02;1.414822e-01;1.043972e-01;9.454034e-02
5.165715e-02;2.194457e-02;1.308849e-01;1.023628e-01;1.280316e-01;4.216991e-02;4.924013e-02;6.554097e-02;9.255961e-02;1.266119e-01;1.112038e-01;7.779255e-02
5.545700e-02;2.412097e-02;8.980413e-02;1.381153e-01;1.123077e-01;4.309642e-02;8.329020e-02;5.079675e-02;7.653844e-02;1.241228e-01;1.563723e-01;4.597799e-02
4.406834e-02;4.403729e-02;1.564791e-01;1.038247e-01;6.363209e-02;4.764527e-02;1.194985e-01;5.274550e-02;7.779176e-02;1.205397e-01;1.024824e-01;6.725524e-02
6.846078e-02;6.145740e-02;2.385122e-01;6.863003e-02;6.383002e-02;5.830291e-02;1.227067e-01;4.533023e-02;6.184918e-02;5.886989e-02;4.803863e-02;1.040121e-01
1.203563e-01;1.210378e-01;2.465393e-01;5.317274e-02;4.619716e-02;4.389464e-02;9.483131e-02;3.834312e-02;5.263688e-02;4.246155e-02;3.767117e-02;1.028580e-01
1.723688e-01;1.780915e-01;2.124300e-01;3.435294e-02;2.377688e-02;2.594561e-02;6.331802e-02;3.016074e-02;6.578015e-02;6.286898e-02;3.608465e-02;9.482174e-02
1.886843e-01;1.650265e-01;2.001226e-01;2.280198e-02;2.365594e-02;2.516264e-02;6.801085e-02;3.469416e-02;5.967973e-02;7.502029e-02;5.634768e-02;8.079328e-02
1.646065e-01;7.090688e-02;2.367253e-01;2.770760e-02;5.184746e-02;3.322071e-02;8.892923e-02;7.200919e-02;5.037352e-02;6.863339e-02;7.164985e-02;6.339037e-02
1.797815e-01;2.923307e-02;1.903285e-01;4.507904e-02;5.695543e-02;3.784313e-02;1.064322e-01;1.000191e-01;5.314592e-02;7.422680e-02;6.891989e-02;5.803545e-02
2.467032e-01;9.363818e-02;8.566069e-02;5.819401e-02;4.807678e-02;2.704898e-02;1.134950e-01;7.479388e-02;5.728120e-02;6.364045e-02;5.558764e-02;7.588009e-02
2.279385e-01;1.215522e-01;7.857852e-02;7.261705e-02;2.454549e-02;3.119565e-02;1.607033e-01;8.477657e-02;4.768400e-02;4.699851e-02;3.819130e-02;6.521894e-02
1.572022e-01;8.287370e-02;6.091774e-02;8.445273e-02;1.145049e-02;3.185624e-02;2.755468e-01;1.314135e-01;3.370955e-02;4.813115e-02;2.081465e-02;6.163131e-02
7.225870e-02;3.315846e-02;3.814297e-02;8.767883e-02;1.014861e-02;1.939696e-02;4.344139e-01;1.559751e-01;1.602880e-02;4.577367e-02;1.525910e-02;7.176495e-02
2.993186e-02;1.603123e-02;3.223257e-02;7.693497e-02;7.124097e-03;3.404731e-02;5.477021e-01;1.328835e-01;1.457639e-02;3.177988e-02;1.189999e-02;6.485607e-02
1.848814e-02;1.510031e-02;2.574036e-02;5.918656e-02;1.224146e-02;6.529874e-02;5.754873e-01;1.137051e-01;1.312209e-02;2.668834e-02;1.971956e-02;5.522200e-02
3.917288e-02;1.620374e-02;3.252717e-02;3.547501e-02;2.770125e-02;1.079393e-01;4.985861e-01;1.031150e-01;1.701050e-02;4.205405e-02;3.450472e-02;4.571025e-02
5.837937e-02;3.128120e-02;3.990899e-02;1.573347e-02;5.388250e-02;1.216671e-01;3.845801e-01;1.066847e-01;3.154608e-02;6.328715e-02;5.739937e-02;3.564991e-02
6.236878e-02;5.335903e-02;5.244429e-02;3.768226e-02;6.239099e-02;8.165328e-02;2.760533e-01;1.159347e-01;4.860361e-02;7.708885e-02;8.444719e-02;4.797365e-02
7.793901e-02;4.600297e-02;3.284711e-02;7.508166e-02;4.679618e-02;7.945810e-02;2.698786e-01;8.060152e-02;4.234564e-02;8.084190e-02;7.976668e-02;8.844063e-02
9.997389e-02;4.444002e-02;3.733278e-02;8.751375e-02;4.272574e-02;2.905880e-02;3.150783e-01;4.576623e-02;4.354902e-02;6.709976e-02;7.285514e-02;1.146066e-01
1.135731e-01;5.392184e-02;6.091256e-02;7.479540e-02;2.978289e-02;3.802447e-02;2.832768e-01;7.491547e-02;4.348804e-02;6.269325e-02;6.623492e-02;9.838124e-02
8.258876e-02;6.357756e-02;9.897684e-02;6.135185e-02;2.589368e-02;3.500374e-02;2.732981e-01;7.138471e-02;5.449747e-02;7.983809e-02;5.780953e-02;9.577972e-02
1.879625e-01;8.953615e-02;1.110509e-01;4.143593e-02;2.299693e-02;3.961143e-02;1.728550e-01;1.380445e-01;4.071829e-02;4.788758e-02;4.821589e-02;5.968495e-02
2.552544e-01;1.190379e-01;1.102117e-01;2.808807e-02;3.548660e-02;2.376191e-02;1.126118e-01;1.542791e-01;5.424840e-02;2.121552e-02;4.658939e-02;3.921515e-02
2.658874e-01;1.475360e-01;9.820047e-02;1.912069e-02;5.102443e-02;1.273291e-02;9.483455e-02;1.211822e-01;8.480439e-02;2.023567e-02;5.148580e-02;3.295546e-02
2.494836e-01;1.577024e-01;8.114263e-02;1.705423e-02;5.044970e-02;1.170225e-02;1.063828e-01;1.057392e-01;1.157729e-01;2.758452e-02;5.080692e-02;2.617893e-02
2.550605e-01;1.412651e-01;6.000923e-02;1.311485e-02;3.945570e-02;1.265862e-02;1.159089e-01;1.401053e-01;1.328662e-01;3.254167e-02;3.678859e-02;2.022527e-02
2.588163e-01;1.214397e-01;6.917533e-02;1.268317e-02;5.065123e-02;1.266515e-02;1.025444e-01;1.615053e-01;1.176682e-01;3.872020e-02;3.510484e-02;1.902614e-02
3.074727e-01;9.428652e-02;8.543584e-02;1.113742e-02;6.460240e-02;1.125846e-02;8.736018e-02;1.569890e-01;7.095905e-02;3.640058e-02;4.237805e-02;3.171982e-02
2.616233e-01;7.235114e-02;8.964963e-02;1.681269e-02;6.608952e-02;2.428239e-02;1.359876e-01;1.594482e-01;3.952737e-02;3.540189e-02;4.582401e-02;5.300221e-02
2.239645e-01;9.059542e-02;1.177269e-01;2.240639e-02;4.936672e-02;3.408122e-02;1.728389e-01;1.195847e-01;3.874061e-02;2.875649e-02;4.322445e-02;5.871369e-02
2.937870e-01;1.305867e-01;1.205489e-01;2.139762e-02;2.786606e-02;2.633451e-02;1.308327e-01;7.792573e-02;4.903842e-02;2.262732e-02;4.581198e-02;5.324297e-02
3.007057e-01;1.403250e-01;8.771964e-02;2.545192e-02;2.995405e-02;2.761083e-02;7.628500e-02;1.408890e-01;4.444370e-02;3.183265e-02;5.642149e-02;3.836108e-02
1.938799e-01;1.094009e-01;7.191408e-02;2.062069e-02;5.136477e-02;3.312996e-02;1.190708e-01;1.631333e-01;9.589785e-02;4.337688e-02;6.847807e-02;2.973277e-02
1.746233e-01;9.098942e-02;8.496501e-02;1.714065e-02;6.849178e-02;3.842144e-02;2.049309e-01;5.637425e-02;1.149434e-01;5.078879e-02;6.361499e-02;3.471615e-02
1.308531e-01;6.005093e-02;7.397328e-02;3.462489e-02;6.352351e-02;3.639524e-02;2.274357e-01;1.450645e-01;1.047888e-01;4.083632e-02;4.994670e-02;3.250700e-02
1.072161e-01;6.377145e-02;1.485315e-01;6.345178e-02;8.160115e-02;7.147370e-02;1.276162e-01;1.272605e-01;5.507355e-02;5.032719e-02;5.116085e-02;5.251617e-02
8.432116e-02;8.841237e-02;1.313636e-01;7.621805e-02;5.787427e-02;6.933662e-02;1.939625e-01;9.287752e-02;5.809199e-02;5.617129e-02;3.896329e-02;5.240734e-02
7.608536e-02;9.677516e-02;7.965460e-02;8.415406e-02;5.094155e-02;7.082649e-02;2.373744e-01;8.252167e-02;7.408882e-02;4.875245e-02;4.087239e-02;5.795309e-02
5.932302e-02;6.946458e-02;8.031750e-02;7.523994e-02;8.237296e-02;8.946627e-02;2.110147e-01;6.239400e-02;1.326559e-01;4.362094e-02;4.669895e-02;4.743124e-02
4.870607e-02;3.099788e-02;9.597808e-02;4.123941e-02;1.212626e-01;1.422704e-01;1.266410e-01;6.235525e-02;1.700757e-01;7.149869e-02;6.201364e-02;2.696124e-02
7.229717e-02;1.882187e-02;1.011081e-01;2.334664e-02;1.388518e-01;1.858240e-01;7.036734e-02;5.836927e-02;1.190658e-01;1.002524e-01;9.528844e-02;1.640709e-02
7.840396e-02;3.883246e-02;5.250494e-02;3.935406e-02;1.010040e-01;1.673175e-01;1.384879e-01;6.643412e-02;6.468429e-02;1.075094e-01;1.242424e-01;2.122489e-02
8.540420e-02;4.221151e-02;3.678049e-02;6.119406e-02;7.614085e-02;1.209471e-01;1.451269e-01;8.115563e-02;9.582687e-02;9.779070e-02;1.190973e-01;3.832442e-02
1.576287e-01;4.171123e-02;6.262458e-02;7.265192e-02;4.358058e-02;1.021501e-01;1.214672e-01;6.765284e-02;7.893090e-02;8.329383e-02;1.014392e-01;6.686895e-02
1.990510e-01;6.547359e-02;9.856351e-02;6.286775e-02;4.462394e-02;8.149768e-02;8.398018e-02;4.306753e-02;8.929652e-02;7.398807e-02;7.853754e-02;7.905266e-02
1.666030e-01;7.418478e-02;1.065282e-01;4.927651e-02;4.188404e-02;8.505536e-02;6.061818e-02;4.447209e-02;1.574972e-01;7.521836e-02;7.565723e-02;6.300492e-02
1.047184e-01;6.363050e-02;9.826314e-02;5.154206e-02;7.561600e-02;8.322020e-02;8.685675e-02;8.662125e-02;1.482939e-01;8.787346e-02;7.509258e-02;3.827167e-02
1.049580e-01;6.142318e-02;9.585799e-02;5.232823e-02;6.240075e-02;8.457641e-02;1.313433e-01;1.059011e-01;7.696991e-02;8.150112e-02;1.011645e-01;4.157545e-02
1.261760e-01;9.935903e-02;5.305508e-02;6.388928e-02;5.960311e-02;8.987169e-02;1.369544e-01;7.098500e-02;6.475795e-02;9.472647e-02;9.179883e-02;4.882315e-02
9.655202e-02;9.341063e-02;7.968633e-02;6.727801e-02;7.350290e-02;1.051476e-01;1.174464e-01;7.332282e-02;7.977381e-02;9.528404e-02;7.331901e-02;4.527644e-02
5.794340e-02;8.650977e-02;7.953949e-02;6.441060e-02;1.073333e-01;9.051190e-02;1.390525e-01;9.144682e-02;8.245241e-02;7.595276e-02;6.269942e-02;6.214767e-02
9.847233e-02;6.550799e-02;7.824793e-02;5.718327e-02;9.565435e-02;6.939863e-02;1.688732e-01;9.078419e-02;1.022156e-01;7.284030e-02;5.042748e-02;5.039467e-02
1.344778e-01;6.114277e-02;9.018847e-02;4.248841e-02;5.773864e-02;1.043990e-01;1.318284e-01;6.090921e-02;1.207410e-01;8.011896e-02;5.815543e-02;5.781196e-02
1.502901e-01;6.522187e-02;8.342265e-02;4.559439e-02;6.896661e-02;1.260037e-01;1.041626e-01;5.185816e-02;8.760294e-02;6.814924e-02;7.527672e-02;7.345106e-02
1.152489e-01;4.219733e-02;8.390570e-02;4.908125e-02;6.813990e-02;1.230319e-01;1.274071e-01;7.663476e-02;7.185923e-02;9.308358e-02;7.253419e-02;7.687602e-02
1.102724e-01;4.339956e-02;8.329941e-02;6.876826e-02;5.975478e-02;1.139544e-01;1.916970e-01;6.103162e-02;5.460138e-02;1.042589e-01;5.203490e-02;5.692736e-02
9.100251e-02;6.774983e-02;1.257241e-01;9.084666e-02;7.775772e-02;9.408739e-02;1.525156e-01;7.153019e-02;7.744179e-02;8.369052e-02;3.746824e-02;3.018545e-02
7.128287e-02;8.772369e-02;1.394754e-01;6.986804e-02;8.930238e-02;1.055330e-01;1.483047e-01;4.956330e-02;8.954243e-02;9.087583e-02;3.100595e-02;2.752243e-02
4.052487e-02;7.642236e-02;1.426928e-01;5.217365e-02;1.077678e-01;1.172910e-01;2.016534e-01;5.393778e-02;7.940246e-02;8.403005e-02;2.107336e-02;2.303043e-02
4.217387e-02;4.464678e-02;1.873518e-01;6.140591e-02;1.205668e-01;8.858820e-02;2.200281e-01;6.417421e-02;3.947603e-02;6.749297e-02;3.648974e-02;2.760556e-02
2.978809e-02;3.490848e-02;2.098456e-01;8.748291e-02;1.688464e-01;7.784868e-02;1.407044e-01;6.280777e-02;3.876093e-02;6.873794e-02;4.307719e-02;3.719158e-02
1.399203e-02;1.998404e-02;1.553836e-01;8.885348e-02;2.640897e-01;7.055072e-02;1.598950e-01;3.495905e-02;5.841982e-02;4.681265e-02;3.436995e-02;5.268997e-02
6.342254e-03;5.355179e-03;1.018539e-01;5.883464e-02;3.243400e-01;7.900716e-02;2.419609e-01;1.463962e-02;8.127831e-02;1.567417e-02;1.441269e-02;5.630128e-02
7.422692e-03;4.181210e-03;1.017311e-01;3.909770e-02;3.410898e-01;9.046286e-02;2.259185e-01;1.388091e-02;1.073139e-01;7.410287e-03;1.202267e-02;4.946836e-02
8.653083e-03;6.222330e-03;9.344120e-02;2.975459e-02;3.497276e-01;1.219527e-01;1.969633e-01;1.127920e-02;1.202660e-01;9.583323e-03;1.210371e-02;4.005291e-02
1.512664e-02;9.326451e-03;9.210519e-02;2.374883e-02;3.710299e-01;1.686807e-01;1.326894e-01;1.607601e-02;1.077444e-01;1.026768e-02;1.099250e-02;4.221237e-02
2.869675e-02;8.127867e-03;5.182679e-02;2.288438e-02;2.581091e-01;2.197700e-01;2.612134e-01;3.480827e-02;5.638073e-02;1.978095e-02;7.413799e-03;3.098791e-02
4.356701e-02;4.045817e-03;2.650676e-02;2.070490e-02;1.482412e-01;2.671745e-01;3.366638e-01;6.573509e-02;2.694217e-02;3.611359e-02;5.725533e-03;1.857969e-02
4.989364e-02;4.375938e-03;7.293209e-03;2.191165e-02;1.023587e-01;2.731147e-01;4.036225e-01;6.136415e-02;1.452515e-02;4.654543e-02;2.479130e-03;1.251582e-02
3.120865e-02;1.424092e-02;2.350959e-02;2.505135e-02;9.423519e-02;1.979943e-01;5.324354e-01;3.150219e-02;1.192801e-02;3.204571e-02;2.507041e-03;3.341747e-03
1.786283e-02;2.884986e-02;1.830709e-02;1.576475e-02;7.141206e-02;1.098160e-01;6.793651e-01;2.124863e-02;1.596903e-02;1.183661e-02;5.393084e-03;4.175025e-03
1.010732e-02;4.065357e-02;1.448226e-02;6.188299e-03;3.803212e-02;5.690761e-02;7.652874e-01;2.691068e-02;2.451953e-02;4.496495e-03;8.508840e-03;3.905882e-03
5.841031e-03;4.199141e-02;1.218912e-02;5.289862e-03;3.423096e-02;4.444747e-02;7.780780e-01;3.224854e-02;2.735047e-02;6.992577e-03;8.777671e-03;2.562823e-03
1.012382e-02;3.352376e-02;1.100382e-02;5.553069e-03;4.837283e-02;6.516255e-02;7.437655e-01;3.417394e-02;2.682628e-02;6.498983e-03;8.606734e-03;6.388756e-03
2.827966e-02;1.884676e-02;3.836375e-02;1.465012e-02;8.047903e-02;9.815661e-02;6.371739e-01;2.845991e-02;2.134304e-02;1.241118e-02;9.542025e-03;1.229401e-02
3.808526e-02;2.591307e-02;1.170008e-01;2.670944e-02;9.892879e-02;1.031329e-01;5.081480e-01;1.836132e-02;1.436861e-02;1.904968e-02;1.347295e-02;1.682917e-02
2.570449e-02;2.988123e-02;1.446159e-01;3.128393e-02;6.029082e-02;7.951812e-02;5.213259e-01;3.169793e-02;1.663049e-02;2.293719e-02;1.798043e-02;1.813356e-02
1.918496e-02;1.814605e-02;8.902310e-02;2.843489e-02;5.631933e-02;6.577788e-02;5.920935e-01;3.877616e-02;2.249161e-02;2.606493e-02;1.995040e-02;2.373719e-02
3.180402e-02;3.167703e-02;3.953915e-02;2.500291e-02;5.361632e-02;7.801677e-02;5.988944e-01;4.066438e-02;3.586686e-02;2.646157e-02;1.626858e-02;2.218802e-02
3.727949e-02;5.096718e-02;7.367095e-02;3.979485e-02;7.123060e-02;8.800723e-02;5.075782e-01;4.164583e-02;3.748497e-02;2.336220e-02;1.024778e-02;1.873069e-02
3.829377e-02;5.790699e-02;9.274095e-02;5.866085e-02;9.948870e-02;9.299311e-02;3.946144e-01;3.257928e-02;4.625334e-02;4.006336e-02;2.105051e-02;2.535468e-02
6.487814e-02;4.493974e-02;1.786829e-01;7.026237e-02;9.519657e-02;6.037461e-02;2.408927e-01;4.902028e-02;4.622398e-02;2.843025e-02;6.862112e-02;5.247728e-02
