3.063715e-02;1.432010e-01;1.330247e-01;7.455856e-02;5.026231e-02;1.917700e-01;6.143455e-02;1.466729e-01;4.333118e-02;5.918254e-02;3.939889e-02;2.652621e-02
5.220958e-02;1.230707e-01;5.940583e-02;8.002313e-02;4.497141e-02;1.942357e-01;5.996445e-02;1.759695e-01;1.101041e-01;2.789545e-02;5.818171e-02;1.396849e-02
3.610266e-02;1.218159e-01;1.792023e-01;3.741222e-02;3.449712e-02;1.492295e-01;6.467012e-02;1.662351e-01;8.259764e-02;3.179941e-02;5.701081e-02;3.942733e-02
5.009878e-02;1.320377e-01;1.351913e-01;3.215643e-02;3.763836e-02;1.879147e-01;8.944546e-02;1.493824e-01;7.219377e-02;2.870510e-02;3.147398e-02;5.376207e-02
7.674209e-02;1.362739e-01;8.328741e-02;3.680759e-02;3.426838e-02;1.783685e-01;1.184317e-01;1.481957e-01;5.911222e-02;2.613424e-02;2.802915e-02;7.434917e-02
1.189522e-01;1.766312e-01;8.968213e-02;2.871090e-02;3.968218e-02;1.084722e-01;1.187680e-01;1.453681e-01;3.972830e-02;2.432583e-02;2.570222e-02;8.397662e-02
1.356833e-01;2.318841e-01;1.387845e-01;1.613383e-02;8.826397e-02;4.768520e-02;6.742089e-02;1.359843e-01;3.443380e-02;2.403040e-02;1.786135e-02;6.183431e-02
1.130412e-01;2.710328e-01;1.506421e-01;2.418311e-02;1.280925e-01;3.847636e-02;3.509222e-02;1.195275e-01;3.110887e-02;2.988231e-02;1.756843e-02;4.135252e-02
8.166452e-02;2.304910e-01;1.378233e-01;4.151475e-02;1.033153e-01;5.446747e-02;8.176524e-02;9.577797e-02;6.512687e-02;3.507578e-02;1.931472e-02;5.366316e-02
5.266488e-02;1.288169e-01;1.081516e-01;4.798733e-02;5.696372e-02;1.167399e-01;1.191038e-01;8.836574e-02;1.476882e-01;4.310563e-02;2.736075e-02;6.305162e-02
3.473721e-02;7.001849e-02;8.296718e-02;3.525943e-02;5.619369e-02;1.162654e-01;7.219046e-02;1.544103e-01;2.340846e-01;5.889438e-02;3.518850e-02;4.979033e-02
3.902371e-02;8.456949e-02;5.743450e-02;3.777367e-02;7.115454e-02;7.075108e-02;3.665365e-02;2.040921e-01;2.821969e-01;6.099018e-02;2.895765e-02;2.640247e-02
4.151428e-02;6.922704e-02;3.016746e-02;5.244702e-02;5.053693e-02;5.381921e-02;4.032885e-02;2.712862e-01;2.901223e-01;5.753824e-02;1.770736e-02;2.530502e-02
4.571955e-02;7.775379e-02;5.641475e-02;5.169418e-02;3.466943e-02;6.112483e-02;2.745675e-02;2.630845e-01;2.760757e-01;5.550249e-02;1.616523e-02;3.433875e-02
3.995936e-02;8.459944e-02;8.643220e-02;4.879896e-02;3.969655e-02;1.000710e-01;4.828890e-02;1.905810e-01;2.267260e-01;8.070902e-02;2.258484e-02;3.155267e-02
3.498726e-02;1.438923e-01;1.460518e-01;6.067466e-02;4.585836e-02;9.857593e-02;5.094246e-02;1.097450e-01;1.443550e-01;9.131601e-02;2.435065e-02;4.925051e-02
4.057461e-02;2.513137e-01;2.140351e-01;3.450307e-02;5.714408e-02;8.857541e-02;4.101004e-02;8.845054e-02;7.176849e-02;7.057628e-02;2.094685e-02;2.110179e-02
3.323765e-02;3.011119e-01;2.438988e-01;3.085180e-02;4.427818e-02;1.274410e-01;2.614107e-02;5.295131e-02;5.688444e-02;6.091103e-02;1.328880e-02;9.003946e-03
3.348425e-02;3.119711e-01;2.198097e-01;2.193813e-02;1.178128e-01;1.309600e-01;2.181563e-02;4.519054e-02;4.223878e-02;3.851633e-02;8.657920e-03;7.604848e-03
5.633682e-02;2.967475e-01;1.575417e-01;2.682604e-02;2.268826e-01;8.706808e-02;1.261451e-02;6.120187e-02;3.065088e-02;2.958534e-02;7.061796e-03;7.482909e-03
1.023362e-01;2.287121e-01;1.017588e-01;4.849514e-02;2.735963e-01;4.174143e-02;2.613028e-02;1.142068e-01;2.343381e-02;2.177102e-02;5.965641e-03;1.185254e-02
1.423214e-01;1.271510e-01;8.197109e-02;3.329821e-02;2.064826e-01;5.069593e-02;7.341094e-02;1.722724e-01;3.079817e-02;1.253065e-02;1.587545e-02;5.319208e-02
1.206079e-01;1.029191e-01;9.166823e-02;5.124201e-02;1.039406e-01;9.464769e-02;1.191754e-01;1.455857e-01;5.388353e-02;1.574063e-02;2.685711e-02;7.373204e-02
8.088349e-02;1.340858e-01;1.394848e-01;6.361166e-02;9.082039e-02;1.021550e-01;9.947912e-02;1.114664e-01;7.801000e-02;1.793364e-02;2.974741e-02;5.232231e-02
4.319527e-02;2.484527e-01;2.239821e-01;3.438145e-02;1.405246e-01;7.888877e-02;2.966620e-02;8.161077e-02;7.397607e-02;1.194902e-02;1.711034e-02;1.626281e-02
3.805792e-02;2.614048e-01;2.677302e-01;2.993606e-02;1.579006e-01;5.536579e-02;1.542730e-02;7.784460e-02;6.567632e-02;1.116560e-02;8.809624e-03;1.068114e-02
6.215813e-02;2.016897e-01;2.563329e-01;2.932531e-02;1.322867e-01;4.088012e-02;2.674070e-02;1.435601e-01;7.659194e-02;1.060925e-02;8.010804e-03;1.181436e-02
8.713801e-02;1.208620e-01;2.355018e-01;3.131199e-02;1.188561e-01;7.430305e-02;3.826365e-02;1.774068e-01;7.584371e-02;1.503851e-02;8.605151e-03;1.686917e-02
8.308330e-02;1.586149e-01;2.325123e-01;4.550173e-02;1.106750e-01;8.967494e-02;2.250665e-02;1.239330e-01;7.638276e-02;2.092488e-02;1.641132e-02;1.977909e-02
8.851456e-02;1.357729e-01;2.577095e-01;5.379349e-02;1.473235e-01;6.323676e-02;1.356268e-02;7.565062e-02;7.914658e-02;1.917681e-02;2.475521e-02;4.135738e-02
9.007563e-02;2.084216e-01;1.937551e-01;2.923221e-02;1.393987e-01;7.443184e-02;4.730465e-02;8.873636e-02;5.735091e-02;2.030297e-02;2.160923e-02;2.938081e-02
6.883737e-02;2.905550e-01;1.273549e-01;3.781979e-02;7.946128e-02;7.544255e-02;6.084830e-02;1.141952e-01;5.776737e-02;2.383958e-02;2.550670e-02;3.837193e-02
4.959093e-02;2.418700e-01;2.171690e-01;6.630766e-02;5.426818e-02;1.095769e-01;3.869381e-02;7.332592e-02;5.925792e-02;2.597785e-02;2.236341e-02;4.159839e-02
3.855841e-02;2.545434e-01;2.609135e-01;8.623385e-02;3.162555e-02;1.009878e-01;2.062991e-02;4.761457e-02;8.696639e-02;2.143565e-02;1.467493e-02;3.581609e-02
3.795552e-02;2.931174e-01;2.030010e-01;8.864412e-02;2.264014e-02;6.995397e-02;3.896647e-02;5.360463e-02;1.168915e-01;4.084179e-02;1.320822e-02;2.117525e-02
4.161024e-02;2.634598e-01;1.362878e-01;7.697678e-02;3.885626e-02;7.587355e-02;7.237915e-02;6.012987e-02;9.852156e-02;1.074490e-01;2.219133e-02;6.264699e-03
4.452535e-02;2.179442e-01;1.174089e-01;4.543763e-02;6.873390e-02;6.931746e-02;1.049376e-01;8.243497e-02;5.811029e-02;1.543766e-01;2.830641e-02;8.466654e-03
7.085371e-02;1.347911e-01;1.232013e-01;2.337987e-02;1.705330e-01;4.168026e-02;9.383783e-02;1.295567e-01;6.104147e-02;1.084473e-01;2.943663e-02;1.324078e-02
1.020064e-01;7.942941e-02;1.034011e-01;1.617780e-02;2.698684e-01;3.025558e-02;4.829420e-02;2.152140e-01;6.704204e-02;3.413204e-02;2.270788e-02;1.147121e-02
1.039278e-01;1.224621e-01;1.133588e-01;1.840984e-02;2.594904e-01;1.526597e-02;1.748546e-02;2.610816e-01;4.903055e-02;1.639891e-02;1.562564e-02;7.462858e-03
8.740097e-02;1.175941e-01;1.443941e-01;3.336678e-02;1.735251e-01;3.464284e-02;6.587142e-02;2.661865e-01;3.777589e-02;1.773878e-02;1.222656e-02;9.277028e-03
6.758160e-02;9.629472e-02;1.316233e-01;4.286046e-02;9.753204e-02;6.339357e-02;1.059190e-01;2.670440e-01;5.173425e-02;3.737972e-02;1.215682e-02;2.648047e-02
3.684174e-02;1.124489e-01;1.080619e-01;5.980470e-02;4.580965e-02;7.718370e-02;6.115829e-02;2.831135e-01;7.397982e-02;7.952722e-02;1.457924e-02;4.749127e-02
5.443069e-02;9.580243e-02;7.425357e-02;1.190477e-01;9.559694e-03;4.925302e-02;9.650405e-02;2.491992e-01;6.420280e-02;1.032739e-01;8.640475e-03;7.583247e-02
5.710502e-02;8.930694e-02;4.390783e-02;1.836064e-01;1.515538e-02;3.008527e-02;1.506174e-01;1.604789e-01;4.342520e-02;9.367961e-02;4.356367e-03;1.282757e-01
5.676979e-02;1.324524e-01;4.302524e-02;2.016375e-01;2.117359e-02;1.481239e-02;1.731158e-01;8.550386e-02;2.912724e-02;5.796174e-02;8.325387e-03;1.760950e-01
4.612453e-02;1.332899e-01;4.798563e-02;2.090819e-01;2.460884e-02;2.286644e-02;1.741064e-01;5.516640e-02;2.954184e-02;4.051586e-02;1.619315e-02;2.005192e-01
3.796535e-02;1.045311e-01;7.836486e-02;2.187790e-01;5.029349e-02;3.097870e-02;1.441733e-01;5.815026e-02;5.129090e-02;2.741744e-02;2.301960e-02;1.750360e-01
4.910099e-02;7.051677e-02;1.367813e-01;1.753902e-01;7.799843e-02;5.123844e-02;8.479169e-02;7.371992e-02;9.384863e-02;2.037686e-02;4.592196e-02;1.203148e-01
4.862595e-02;7.477318e-02;1.602620e-01;1.103937e-01;9.091315e-02;6.978016e-02;7.488829e-02;7.384545e-02;1.179551e-01;2.054708e-02;5.581563e-02;1.022005e-01
4.054191e-02;7.417433e-02;1.983345e-01;5.542439e-02;1.008779e-01;6.910821e-02;1.152738e-01;7.808305e-02;1.285674e-01;2.030284e-02;6.361198e-02;5.569976e-02
2.646906e-02;7.886645e-02;2.128894e-01;2.557258e-02;9.099744e-02;7.072065e-02;1.219382e-01;9.263578e-02;1.000317e-01;2.197663e-02;6.705242e-02;9.084972e-02
2.881389e-02;1.233538e-01;1.694642e-01;7.401092e-02;5.811998e-02;5.031398e-02;1.370210e-01;9.743659e-02;5.333552e-02;2.378392e-02;5.968944e-02;1.246567e-01
3.207284e-02;1.577848e-01;1.226416e-01;1.416069e-01;2.771605e-02;2.479146e-02;1.600224e-01;6.424351e-02;2.567375e-02;2.725565e-02;3.829078e-02;1.779002e-01
2.439783e-02;1.542966e-01;7.884826e-02;1.758705e-01;1.611426e-02;1.785764e-02;1.845611e-01;4.251316e-02;3.157613e-02;3.700810e-02;1.774396e-02;2.192124e-01
1.562978e-02;1.355147e-01;5.911860e-02;1.926827e-01;1.417694e-02;1.582587e-02;1.921594e-01;3.485647e-02;2.620402e-02;4.694116e-02;4.675982e-02;2.201306e-01
1.089479e-02;1.071496e-01;5.564440e-02;1.967623e-01;1.562412e-02;5.043010e-02;2.077500e-01;2.534372e-02;1.757270e-02;6.056541e-02;5.457976e-02;1.976831e-01
1.146832e-02;7.660020e-02;5.474013e-02;1.717599e-01;2.697628e-02;1.348420e-01;2.333475e-01;2.166297e-02;2.448453e-02;4.804680e-02;3.467367e-02;1.613977e-01
2.742639e-02;6.590150e-02;5.993288e-02;1.249285e-01;5.103894e-02;2.169022e-01;2.191672e-01;4.387959e-02;3.805069e-02;4.998693e-02;1.617195e-02;8.661318e-02
4.559784e-02;5.475235e-02;7.133812e-02;1.213540e-01;6.604309e-02;2.040128e-01;1.689260e-01;5.034654e-02;5.570023e-02;4.745075e-02;3.276312e-02;8.171511e-02
5.087628e-02;1.039960e-01;1.368306e-01;1.208645e-01;6.186477e-02;1.123058e-01;8.451498e-02;4.954297e-02;6.305848e-02;3.222930e-02;5.284566e-02;1.310707e-01
5.262568e-02;1.352742e-01;1.706685e-01;1.101174e-01;6.131126e-02;7.028151e-02;5.805747e-02;7.657772e-02;7.180300e-02;2.470673e-02;5.036990e-02;1.182067e-01
4.854809e-02;1.130666e-01;1.545912e-01;8.642116e-02;6.839993e-02;9.875361e-02;5.618735e-02;1.141912e-01;7.637053e-02;3.571706e-02;3.972902e-02;1.080243e-01
3.582168e-02;1.005180e-01;1.244000e-01;1.085531e-01;6.537198e-02;1.084303e-01;1.135879e-01;1.115192e-01;5.715302e-02;4.033424e-02;4.020388e-02;9.410679e-02
2.274974e-02;1.089797e-01;1.298569e-01;9.771576e-02;5.779039e-02;1.044935e-01;1.206109e-01;1.090794e-01;3.858980e-02;3.479696e-02;8.157878e-02;9.375805e-02
2.194180e-02;1.089855e-01;1.320122e-01;8.188109e-02;4.947464e-02;8.053385e-02;1.705880e-01;9.648982e-02;4.689311e-02;3.538461e-02;9.274971e-02;8.306563e-02
2.537255e-02;7.609249e-02;1.118109e-01;1.108788e-01;4.135881e-02;1.498846e-01;1.701061e-01;7.849274e-02;5.655030e-02;3.148125e-02;7.107208e-02;7.689951e-02
2.636774e-02;8.834261e-02;1.305660e-01;9.824432e-02;4.191361e-02;1.601281e-01;1.457121e-01;9.319685e-02;6.120986e-02;3.069130e-02;3.843493e-02;8.519258e-02
2.939649e-02;1.110019e-01;1.362157e-01;6.557344e-02;4.038139e-02;1.220979e-01;1.584334e-01;1.120997e-01;7.860632e-02;2.896393e-02;1.746340e-02;9.976647e-02
2.998734e-02;7.881111e-02;1.398480e-01;3.219918e-02;4.235997e-02;8.327852e-02;1.856842e-01;1.163697e-01;8.891322e-02;2.785862e-02;2.701233e-02;1.476777e-01
1.710278e-02;6.755876e-02;1.742579e-01;5.272666e-02;3.912400e-02;4.075589e-02;1.659141e-01;9.926730e-02;8.285043e-02;3.614476e-02;4.736603e-02;1.769314e-01
2.170521e-02;8.978289e-02;1.920970e-01;8.322401e-02;4.383023e-02;3.813738e-02;1.307763e-01;9.356713e-02;7.893085e-02;3.181470e-02;4.886562e-02;1.472688e-01
2.549166e-02;1.128498e-01;1.821858e-01;1.241398e-01;5.026739e-02;8.288541e-02;1.067106e-01;7.847527e-02;7.373138e-02;2.637144e-02;1.803472e-02;1.188567e-01
3.085039e-02;1.201489e-01;1.486752e-01;1.468831e-01;5.139928e-02;8.428102e-02;1.044623e-01;7.089445e-02;7.221361e-02;2.285622e-02;4.958533e-02;9.775021e-02
4.389231e-02;8.179212e-02;1.183175e-01;1.338671e-01;5.185970e-02;6.079359e-02;1.474996e-01;5.665920e-02;8.132029e-02;3.213121e-02;5.113338e-02;1.407340e-01
5.574306e-02;1.247141e-01;8.826897e-02;1.120907e-01;3.752339e-02;5.823099e-02;1.780282e-01;4.715915e-02;4.532918e-02;2.229233e-02;2.514363e-02;2.054764e-01
6.040436e-02;1.723990e-01;5.341893e-02;1.028933e-01;2.850669e-02;5.103506e-02;2.287760e-01;4.628107e-02;2.956773e-02;2.181792e-02;2.583434e-02;1.790656e-01
3.847189e-02;1.449629e-01;7.224896e-02;6.556839e-02;4.243164e-02;1.303829e-01;2.672269e-01;4.543626e-02;3.838253e-02;2.423335e-02;2.181709e-02;1.088372e-01
2.036222e-02;9.708721e-02;8.898613e-02;4.886708e-02;4.428939e-02;1.671531e-01;2.990374e-01;6.216865e-02;4.571371e-02;2.077102e-02;1.994750e-02;8.561654e-02
2.890480e-02;6.416029e-02;9.833843e-02;7.100823e-02;4.025785e-02;1.406010e-01;3.056632e-01;6.256051e-02;6.628873e-02;2.233761e-02;2.667282e-02;7.320660e-02
4.416443e-02;7.295857e-02;8.844202e-02;8.002914e-02;3.950313e-02;1.712456e-01;2.155691e-01;7.784594e-02;9.115656e-02;3.593139e-02;3.975512e-02;4.339904e-02
4.468014e-02;6.401363e-02;8.863992e-02;7.397563e-02;4.910471e-02;2.102912e-01;1.309043e-01;9.526075e-02;1.025905e-01;4.152654e-02;4.566488e-02;5.334781e-02
4.240213e-02;5.396369e-02;8.529656e-02;1.026461e-01;6.892869e-02;1.589938e-01;9.854002e-02;1.389209e-01;1.140392e-01;3.953540e-02;3.698790e-02;5.974565e-02
2.136662e-02;7.840761e-02;9.301016e-02;1.225625e-01;6.681189e-02;5.297321e-02;6.282170e-02;2.121172e-01;1.619539e-01;4.092565e-02;4.069679e-02;4.635275e-02
2.169457e-02;7.456696e-02;8.471938e-02;9.042177e-02;3.548773e-02;4.921976e-02;8.485519e-02;2.245978e-01;1.755782e-01;3.573855e-02;4.692767e-02;7.619252e-02
3.062270e-02;8.201271e-02;7.549625e-02;9.166212e-02;3.446147e-02;5.106914e-02;9.454801e-02;1.962660e-01;1.644374e-01;2.971538e-02;6.022156e-02;8.948725e-02
4.196689e-02;8.888410e-02;7.881390e-02;7.816052e-02;5.275777e-02;1.197665e-01;1.052341e-01;1.295563e-01;9.975108e-02;3.764034e-02;5.216252e-02;1.153060e-01
3.098764e-02;5.680278e-02;7.545755e-02;4.612154e-02;7.052249e-02;2.387807e-01;9.440345e-02;1.163430e-01;6.762058e-02;5.006133e-02;4.921769e-02;1.036813e-01
2.037415e-02;5.075094e-02;7.447960e-02;2.457020e-02;3.999511e-02;3.151670e-01;1.360385e-01;8.635940e-02;8.565754e-02;4.268036e-02;6.381884e-02;6.010832e-02
1.762943e-02;4.515143e-02;8.408605e-02;2.118490e-02;2.232524e-02;3.936384e-01;1.567950e-01;4.152624e-02;9.553302e-02;2.671771e-02;6.704874e-02;2.836386e-02
1.408179e-02;3.745461e-02;7.498716e-02;1.738774e-02;2.575161e-02;4.681862e-01;1.398400e-01;2.629445e-02;9.218238e-02;2.394901e-02;6.308506e-02;1.679997e-02
1.343655e-02;4.181789e-02;6.252661e-02;1.881061e-02;4.472732e-02;5.016100e-01;9.581760e-02;3.284417e-02;7.992187e-02;2.465314e-02;5.066744e-02;3.316674e-02
1.488096e-02;6.393634e-02;5.745919e-02;3.125948e-02;9.264074e-02;4.549895e-01;4.889132e-02;5.041157e-02;8.115213e-02;2.608636e-02;3.644711e-02;4.184528e-02
1.564374e-02;7.686907e-02;5.746737e-02;4.270387e-02;1.458991e-01;3.338592e-01;3.387249e-02;9.076266e-02;1.169396e-01;2.202635e-02;1.992828e-02;4.402828e-02
2.329629e-02;7.981981e-02;5.548835e-02;3.990285e-02;1.511485e-01;2.296990e-01;5.530325e-02;1.092259e-01;1.510154e-01;2.985885e-02;2.214595e-02;5.309585e-02
3.005718e-02;7.833248e-02;8.232694e-02;3.100250e-02;1.192471e-01;1.788705e-01;6.301567e-02;1.079232e-01;1.650313e-01;5.760055e-02;3.997583e-02;4.661674e-02
2.059094e-02;6.559929e-02;7.271945e-02;2.271784e-02;8.738700e-02;2.055218e-01;8.986857e-02;1.110652e-01;1.868682e-01;5.450905e-02;3.554372e-02;4.760885e-02
1.882434e-02;9.258606e-02;8.161513e-02;3.333225e-02;5.251582e-02;2.452921e-01;7.670016e-02;1.228913e-01;1.593315e-01;2.742441e-02;4.069600e-02;4.879097e-02
1.961671e-02;8.685526e-02;8.564015e-02;4.696808e-02;5.168501e-02;3.055375e-01;6.263284e-02;1.020804e-01;1.248814e-01;2.707412e-02;3.785483e-02;4.917377e-02
3.392141e-02;8.615269e-02;8.886723e-02;4.275149e-02;7.110991e-02;3.454334e-01;4.597546e-02;6.080256e-02;8.367705e-02;4.440272e-02;3.871794e-02;5.818808e-02
4.551681e-02;7.748064e-02;1.175962e-01;4.025681e-02;5.354200e-02;2.934415e-01;6.287286e-02;7.871212e-02;6.034602e-02;5.201279e-02;3.437074e-02;8.385144e-02
4.638262e-02;5.830291e-02;1.286990e-01;3.232634e-02;4.737370e-02;2.695524e-01;8.766261e-02;7.638239e-02;9.193663e-02;4.035633e-02;2.797078e-02;9.305426e-02
3.376034e-02;6.949695e-02;1.015971e-01;3.608341e-02;4.003056e-02;2.898259e-01;1.059526e-01;8.184428e-02;9.985650e-02;2.419492e-02;5.124671e-02;6.611075e-02
1.633052e-02;6.910493e-02;5.704657e-02;2.163128e-02;5.302120e-02;3.384294e-01;9.776243e-02;9.568926e-02;9.428752e-02;3.558435e-02;7.078814e-02;5.032441e-02
9.979660e-03;6.005376e-02;3.456839e-02;2.695622e-02;1.394133e-01;3.394043e-01;6.030764e-02;1.188707e-01;8.110685e-02;3.867729e-02;4.951100e-02;4.115098e-02
7.770665e-03;6.344571e-02;5.171851e-02;5.194378e-02;2.333534e-01;2.697058e-01;4.349347e-02;1.198203e-01;6.271126e-02;4.077598e-02;2.078026e-02;3.448090e-02
2.123512e-02;7.476754e-02;4.884303e-02;8.946881e-02;2.570153e-01;1.550820e-01;5.668863e-02;1.023371e-01;9.745101e-02;4.401164e-02;1.863428e-02;3.446550e-02
3.628298e-02;6.753793e-02;5.552673e-02;1.132964e-01;2.109610e-01;8.434360e-02;6.748448e-02;1.110852e-01;1.488437e-01;4.558938e-02;2.172005e-02;3.732854e-02
3.228825e-02;7.675169e-02;6.410340e-02;8.837143e-02;1.734934e-01;1.079146e-01;8.361227e-02;1.037950e-01;1.755032e-01;4.855629e-02;1.603644e-02;2.957400e-02
2.905689e-02;1.018420e-01;5.299208e-02;4.706012e-02;2.196090e-01;1.162852e-01;6.648077e-02;9.792716e-02;1.578283e-01;6.336876e-02;1.983289e-02;2.771686e-02
2.617550e-02;1.151057e-01;6.980639e-02;3.897653e-02;2.187886e-01;1.649861e-01;3.391501e-02;1.007108e-01;1.322479e-01;5.518967e-02;2.046112e-02;2.363672e-02
1.900708e-02;9.122057e-02;6.278804e-02;5.477904e-02;2.111938e-01;1.767195e-01;1.912720e-02;1.077774e-01;1.568085e-01;4.725860e-02;2.855743e-02;2.476271e-02
2.312666e-02;9.307781e-02;7.043178e-02;5.545607e-02;1.890470e-01;1.443896e-01;2.130899e-02;1.188923e-01;1.767717e-01;4.223764e-02;3.542842e-02;2.983204e-02
2.349440e-02;6.514959e-02;5.624716e-02;6.016757e-02;1.723191e-01;1.521617e-01;4.514071e-02;1.667949e-01;1.533819e-01;4.329729e-02;2.955489e-02;3.229067e-02
2.864632e-02;6.401671e-02;6.571859e-02;6.339941e-02;1.594166e-01;1.863062e-01;4.950694e-02;1.380443e-01;1.094912e-01;4.555704e-02;3.701233e-02;5.288443e-02
3.645107e-02;8.401863e-02;8.554300e-02;5.301480e-02;1.625139e-01;1.469354e-01;4.421757e-02;1.106362e-01;1.078882e-01;5.710660e-02;4.333841e-02;6.833623e-02
2.559103e-02;9.633929e-02;1.168246e-01;5.539922e-02;1.729593e-01;1.647186e-01;4.821928e-02;8.570205e-02;8.217430e-02;6.135559e-02;3.493568e-02;5.578103e-02
1.972639e-02;1.105407e-01;1.455852e-01;7.766601e-02;1.739651e-01;1.285923e-01;4.510949e-02;6.922559e-02;7.800476e-02;5.180784e-02;3.786898e-02;6.190771e-02
3.167883e-02;1.020931e-01;1.374492e-01;6.622394e-02;1.524277e-01;1.385437e-01;5.020621e-02;1.148257e-01;7.026683e-02;4.049068e-02;4.383793e-02;5.195624e-02
2.853492e-02;8.245941e-02;1.102541e-01;6.458277e-02;1.589841e-01;1.862327e-01;7.789982e-02;1.084768e-01;7.175531e-02;3.207818e-02;4.950837e-02;2.923345e-02
1.672325e-02;7.694159e-02;1.132167e-01;7.730547e-02;1.854348e-01;1.998984e-01;6.475792e-02;7.914027e-02;7.405625e-02;4.869767e-02;4.126837e-02;2.255933e-02
3.159825e-02;7.896899e-02;1.061574e-01;6.862491e-02;2.050734e-01;1.601733e-01;5.952353e-02;8.865681e-02;7.572189e-02;7.229267e-02;2.916504e-02;2.404383e-02
3.664094e-02;5.472741e-02;7.002717e-02;7.104469e-02;1.828740e-01;1.341216e-01;8.872462e-02;1.227896e-01;8.694511e-02;7.738259e-02;3.919609e-02;3.552629e-02
4.124262e-02;7.786879e-02;6.524865e-02;7.766648e-02;1.533206e-01;1.506028e-01;7.533537e-02;1.049758e-01;1.204781e-01;5.400144e-02;3.326289e-02;4.599643e-02
3.756156e-02;6.672037e-02;9.296297e-02;8.979559e-02;1.698984e-01;1.387028e-01;5.087480e-02;7.738210e-02;1.491984e-01;4.922610e-02;2.345106e-02;5.422589e-02
2.314253e-02;6.535163e-02;1.018065e-01;7.732571e-02;1.476792e-01;1.790636e-01;5.128920e-02;1.049297e-01;1.297204e-01;4.562743e-02;2.746405e-02;4.660005e-02
1.747788e-02;7.413917e-02;1.165679e-01;5.440320e-02;1.260818e-01;2.455467e-01;7.287061e-02;8.772717e-02;9.816327e-02;3.907944e-02;2.709262e-02;4.085016e-02
2.683713e-02;1.064249e-01;1.302470e-01;3.726346e-02;1.056930e-01;2.592208e-01;4.066540e-02;8.879175e-02;1.096624e-01;4.363481e-02;2.400749e-02;2.755181e-02
2.764872e-02;9.703266e-02;1.156358e-01;5.432282e-02;7.968464e-02;2.184310e-01;3.297822e-02;1.070743e-01;1.011168e-01;9.395672e-02;3.024687e-02;4.187150e-02
1.129129e-02;5.361170e-02;8.717020e-02;6.642609e-02;1.090654e-01;1.998381e-01;3.856460e-02;1.196024e-01;1.171643e-01;1.250239e-01;3.354470e-02;3.869732e-02
2.017839e-02;4.323973e-02;6.828681e-02;6.578220e-02;1.118643e-01;1.590093e-01;6.816098e-02;1.289978e-01;1.849952e-01;9.718587e-02;2.659680e-02;2.570261e-02
1.619435e-02;1.980408e-02;5.878433e-02;8.219347e-02;8.197843e-02;1.330000e-01;7.254119e-02;1.984136e-01;2.148018e-01;8.685014e-02;1.727558e-02;1.816306e-02
6.319283e-03;1.843457e-02;7.250791e-02;6.114451e-02;5.621432e-02;1.297312e-01;6.638017e-02;3.038554e-01;1.933955e-01;6.748735e-02;9.648377e-03;1.488138e-02
3.637522e-03;2.621971e-02;9.999883e-02;2.449423e-02;2.482630e-02;1.083288e-01;1.035363e-01;3.672821e-01;1.508516e-01;6.733811e-02;1.013884e-02;1.334763e-02
4.088553e-03;4.530272e-02;1.278137e-01;1.651780e-02;2.284407e-02;7.131536e-02;1.036493e-01;3.893176e-01;1.178056e-01;7.784034e-02;9.349101e-03;1.415579e-02
6.099312e-03;6.711202e-02;1.560427e-01;3.636369e-02;3.243613e-02;6.120173e-02;5.684237e-02;4.133933e-01;7.581204e-02;7.995749e-02;5.031230e-03;9.707917e-03
4.801949e-03;7.108860e-02;1.670581e-01;4.102743e-02;3.825652e-02;6.688472e-02;3.327139e-02;4.065409e-01;9.655955e-02;5.077003e-02;1.297715e-02;1.076363e-02
5.615622e-03;7.615378e-02;1.802826e-01;4.427278e-02;4.049129e-02;6.035914e-02;3.334329e-02;3.947382e-01;1.116692e-01;2.364978e-02;1.341682e-02;1.600746e-02
6.931934e-03;8.335634e-02;2.075814e-01;4.039386e-02;4.820251e-02;7.648028e-02;1.804365e-02;3.777795e-01;8.967518e-02;2.732421e-02;8.937745e-03;1.529338e-02
9.497345e-03;1.114200e-01;2.333660e-01;6.818742e-02;6.479020e-02;5.027625e-02;2.291517e-02;3.366660e-01;4.788702e-02;3.362400e-02;9.993478e-03;1.137710e-02
1.210267e-02;1.453117e-01;2.071343e-01;8.546805e-02;4.752894e-02;6.351195e-02;1.932934e-02;2.925444e-01;8.739711e-02;2.256307e-02;7.369045e-03;9.739357e-03
1.940127e-02;1.788141e-01;1.865417e-01;8.175536e-02;2.593299e-02;1.082172e-01;2.626025e-02;2.232349e-01;1.023792e-01;2.016316e-02;7.681721e-03;1.961823e-02
2.065624e-02;1.758682e-01;1.769590e-01;5.842768e-02;3.109623e-02;1.856064e-01;4.978493e-02;1.116927e-01;1.311249e-01;1.881631e-02;1.413479e-02;2.583267e-02
7.572271e-03;8.417889e-02;1.891603e-01;3.189097e-02;2.070687e-02;1.583595e-01;6.701811e-02;2.528263e-01;1.389495e-01;1.074112e-02;2.063308e-02;1.796316e-02
5.797148e-03;6.511451e-02;2.190545e-01;2.528558e-02;2.301172e-02;1.251699e-01;6.929845e-02;3.099913e-01;1.045081e-01;1.508861e-02;2.273417e-02;1.494598e-02
9.166703e-03;1.127580e-01;2.552491e-01;2.555415e-02;3.669839e-02;1.261121e-01;6.101875e-02;2.539328e-01;6.180486e-02;2.324927e-02;2.149596e-02;1.295990e-02
7.772689e-03;1.507916e-01;2.629456e-01;3.184687e-02;4.164703e-02;1.036787e-01;5.731676e-02;1.779576e-01;1.212583e-01;2.473482e-02;1.321065e-02;6.839418e-03
1.297225e-02;1.518612e-01;2.496870e-01;4.271057e-02;4.962338e-02;1.353602e-01;5.855609e-02;1.877082e-01;6.267612e-02;2.738209e-02;1.235088e-02;9.112057e-03
2.180635e-02;6.391796e-02;2.113857e-01;4.948405e-02;5.415155e-02;1.326366e-01;5.367137e-02;2.633272e-01;6.487371e-02;4.174851e-02;1.826224e-02;2.473466e-02
2.658086e-02;1.206404e-01;1.551537e-01;3.178810e-02;3.587268e-02;9.568582e-02;2.722282e-02;3.155956e-01;9.838553e-02;3.557601e-02;2.643907e-02;3.105955e-02
2.600016e-02;1.660604e-01;1.100623e-01;2.024326e-02;2.526384e-02;1.631430e-01;4.770875e-02;2.746399e-01;9.920481e-02;2.473017e-02;2.111671e-02;2.182664e-02
3.386268e-02;1.994460e-01;5.795744e-02;3.156949e-02;3.173039e-02;2.100352e-01;5.999998e-02;1.629398e-01;1.478385e-01;2.885793e-02;1.911889e-02;1.664366e-02
3.499752e-02;1.965082e-01;6.772825e-02;2.365651e-02;3.211079e-02;2.018030e-01;6.162959e-02;2.037709e-01;1.190550e-01;2.521032e-02;1.829486e-02;1.523503e-02
3.855280e-02;2.136256e-01;1.120282e-01;3.001507e-02;3.160289e-02;1.714660e-01;7.602572e-02;1.917544e-01;7.300927e-02;2.151073e-02;1.806291e-02;2.234631e-02
2.903497e-02;1.652590e-01;1.734632e-01;1.970633e-02;3.464930e-02;1.347641e-01;7.854328e-02;1.960587e-01;9.810790e-02;2.925734e-02;1.671207e-02;2.444381e-02
1.320916e-02;6.977444e-02;1.803882e-01;3.417870e-02;3.343268e-02;1.542901e-01;6.076057e-02;2.912214e-01;1.120874e-01;2.618226e-02;1.110547e-02;1.336970e-02
9.796608e-03;8.381315e-02;1.863664e-01;3.579556e-02;2.405701e-02;1.474646e-01;4.102540e-02;3.396316e-01;8.240690e-02;2.114948e-02;1.239284e-02;1.610051e-02
1.260496e-02;2.091561e-02;1.637024e-01;1.372481e-02;1.852293e-02;1.442583e-01;3.331707e-02;4.158090e-01;1.341001e-01;1.604283e-02;7.234477e-03;1.976754e-02
1.176675e-02;7.555150e-02;1.401947e-01;1.662824e-02;1.342204e-02;1.286479e-01;4.089453e-02;3.899891e-01;1.410198e-01;1.716598e-02;1.015274e-02;1.456666e-02
1.004147e-02;1.165131e-01;1.650807e-01;1.234569e-02;1.863601e-02;1.441667e-01;3.352677e-02;3.602879e-01;1.018118e-01;1.182211e-02;1.476759e-02;1.100021e-02
9.335816e-03;1.362376e-01;1.936860e-01;2.426006e-02;2.438011e-02;1.099756e-01;1.816520e-02;3.659325e-01;7.256354e-02;1.244064e-02;1.735057e-02;1.567231e-02
1.647904e-02;6.700370e-02;1.647533e-01;1.007612e-02;2.028166e-02;1.076599e-01;2.588342e-02;3.877202e-01;1.455727e-01;2.126954e-02;1.641198e-02;1.688856e-02
1.756642e-02;7.955571e-02;1.523559e-01;9.704765e-03;1.987238e-02;1.556384e-01;2.566458e-02;3.712251e-01;1.281711e-01;1.396639e-02;1.186986e-02;1.440948e-02
2.234069e-02;1.320573e-01;2.183125e-01;1.982804e-02;1.800816e-02;9.572237e-02;2.206622e-02;3.435251e-01;8.631959e-02;1.706970e-02;9.687838e-03;1.506262e-02
3.043288e-02;1.242603e-01;2.850758e-01;1.972287e-02;1.934423e-02;1.021989e-01;2.232684e-02;3.160858e-01;3.351471e-02;1.664262e-02;9.610423e-03;2.078455e-02
2.830462e-02;2.188346e-01;2.315489e-01;2.063867e-02;1.467455e-02;1.013268e-01;2.431995e-02;2.279085e-01;8.350269e-02;1.396941e-02;1.240234e-02;2.256895e-02
2.449186e-02;1.997451e-01;2.301575e-01;1.325778e-02;1.106249e-02;1.430430e-01;2.242022e-02;1.875823e-01;1.217842e-01;1.542815e-02;1.032507e-02;2.070230e-02
1.509436e-02;8.254725e-02;2.086977e-01;1.611480e-02;1.484994e-02;1.691794e-01;2.171879e-02;2.861066e-01;1.414820e-01;1.935336e-02;1.471499e-02;1.014087e-02
1.197269e-02;1.283766e-01;1.890185e-01;1.355260e-02;2.312858e-02;1.315311e-01;2.262502e-02;3.386657e-01;1.115003e-01;1.161791e-02;1.033493e-02;7.676223e-03
1.335350e-02;1.751200e-01;1.807014e-01;2.288122e-02;2.980407e-02;7.068872e-02;3.724824e-02;3.193748e-01;1.053819e-01;1.863655e-02;1.241558e-02;1.439404e-02
