8.122534e-02;3.970322e-02;9.785141e-02;5.381304e-02;5.454038e-02;8.772770e-02;2.017349e-01;1.051612e-01;1.108830e-01;5.548753e-02;5.774775e-02;5.412446e-02
1.153506e-01;6.452407e-02;1.057525e-01;3.513307e-02;4.510484e-02;5.781697e-02;1.746521e-01;6.126148e-02;1.144689e-01;7.680587e-02;7.969674e-02;6.943283e-02
5.843832e-02;3.568022e-02;6.334095e-02;2.762057e-02;4.097579e-02;2.179467e-02;1.293438e-01;6.066426e-02;2.485767e-01;1.915029e-01;6.306026e-02;5.900165e-02
3.661860e-02;1.900069e-02;3.101631e-02;2.515034e-02;2.838091e-02;1.769700e-02;1.035586e-01;7.443896e-02;3.296365e-01;2.413909e-01;6.161485e-02;3.149628e-02
1.971739e-02;1.032739e-02;1.790162e-02;1.665903e-02;2.891530e-02;9.766779e-03;7.038637e-02;6.557060e-02;3.264259e-01;3.593971e-01;6.205558e-02;1.287694e-02
6.536307e-03;8.330164e-03;6.230991e-03;6.703288e-03;2.461771e-02;5.502761e-03;3.147996e-02;3.174320e-02;2.328494e-01;4.718814e-01;1.634700e-01;1.065485e-02
9.614640e-03;6.643275e-03;7.763706e-03;4.405299e-03;1.234511e-02;1.073911e-02;1.195716e-02;7.314315e-03;1.437594e-01;3.631175e-01;3.911410e-01;3.119945e-02
1.701574e-02;4.470327e-03;1.330954e-02;5.336901e-03;4.375842e-03;1.326106e-02;5.868382e-03;1.481940e-02;8.188027e-02;2.091766e-01;5.742992e-01;5.618677e-02
3.063862e-02;1.028966e-02;1.428848e-02;6.348518e-03;9.143142e-03;2.619814e-02;1.925913e-02;2.046647e-02;4.102528e-02;1.595805e-01;5.992507e-01;6.351134e-02
3.723392e-02;1.804489e-02;1.009007e-02;9.041518e-03;1.057505e-02;4.072347e-02;5.499153e-02;3.985283e-02;5.057719e-02;2.301660e-01;4.563874e-01;4.231611e-02
2.589880e-02;1.829551e-02;1.389665e-02;6.684802e-03;1.132172e-02;1.783060e-02;5.140376e-02;4.213824e-02;8.438928e-02;4.317359e-01;2.631787e-01;3.322600e-02
2.972250e-02;1.986062e-02;1.209762e-02;4.967780e-03;1.950450e-02;2.479170e-02;1.861445e-02;5.550504e-02;1.205248e-01;5.299430e-01;1.415828e-01;2.288517e-02
2.290007e-02;1.852475e-02;1.529428e-02;9.286597e-03;3.607794e-02;2.177560e-02;1.557973e-02;4.301584e-02;9.033184e-02;4.595352e-01;2.323953e-01;3.528285e-02
4.688924e-02;4.191608e-02;4.342422e-02;1.632179e-02;3.490276e-02;2.143157e-02;7.709318e-02;5.272048e-02;2.490713e-01;2.491996e-01;1.462736e-01;2.075617e-02
6.004194e-02;3.164843e-02;4.497670e-02;1.789504e-02;2.580623e-02;2.107520e-02;6.693654e-02;6.628164e-02;2.907431e-01;2.560853e-01;9.521628e-02;2.329355e-02
2.751292e-02;1.502328e-02;3.267428e-02;2.400342e-02;2.476717e-02;1.169090e-02;3.758829e-02;9.554874e-02;4.238527e-01;2.148218e-01;8.038211e-02;1.213438e-02
1.034124e-02;7.903188e-03;2.956882e-02;1.388112e-02;1.550737e-02;4.981737e-03;2.145657e-02;1.618391e-01;5.401919e-01;1.358743e-01;5.103781e-02;7.416825e-03
1.077957e-02;5.183235e-03;7.002557e-02;3.942387e-02;6.890784e-03;9.637800e-03;2.792130e-02;3.030678e-01;3.919587e-01;9.194913e-02;3.114984e-02;1.201237e-02
1.425786e-02;6.784601e-03;1.938872e-01;6.542502e-02;5.794591e-03;1.146742e-02;6.692246e-02;4.579318e-01;1.190970e-01;2.966557e-02;1.474361e-02;1.402287e-02
7.963018e-03;2.645294e-03;2.465837e-01;4.409758e-02;5.698503e-03;1.840509e-02;4.067886e-02;3.714979e-01;2.212997e-01;2.428764e-02;8.521233e-03;8.321540e-03
7.089150e-03;1.439036e-03;3.151581e-01;4.010446e-02;4.593742e-03;1.969182e-02;5.133636e-02;3.822288e-01;1.418894e-01;2.102608e-02;7.004844e-03;8.438180e-03
6.444363e-03;9.527904e-03;3.249419e-01;2.504840e-02;5.327363e-03;1.998476e-02;1.152419e-01;3.911572e-01;5.972411e-02;2.936990e-02;4.678824e-03;8.553431e-03
7.866255e-03;2.334970e-02;2.383084e-01;2.457563e-02;1.064693e-02;3.250422e-02;2.310093e-01;3.097522e-01;8.196538e-02;2.228435e-02;6.591393e-03;1.114625e-02
9.124021e-03;2.453199e-02;1.608698e-01;2.933307e-02;1.951990e-02;4.896186e-02;3.140428e-01;2.827528e-01;7.227210e-02;1.380796e-02;1.449250e-02;1.029126e-02
1.129561e-02;2.474706e-02;1.279389e-01;3.338955e-02;2.554223e-02;4.666052e-02;3.097928e-01;3.101051e-01;4.460978e-02;2.832652e-02;2.520102e-02;1.239098e-02
1.247471e-02;1.645901e-02;7.577617e-02;4.113491e-02;2.751649e-02;3.455683e-02;3.039341e-01;2.577691e-01;1.482939e-01;4.265783e-02;2.291687e-02;1.651003e-02
5.941648e-03;2.099556e-02;7.272533e-02;2.410084e-02;2.337727e-02;3.629437e-02;3.378415e-01;2.197243e-01;2.001281e-01;2.927041e-02;1.682285e-02;1.277780e-02
5.841714e-03;2.605502e-02;1.252054e-01;2.105954e-02;1.826256e-02;3.248528e-02;3.509632e-01;2.580603e-01;1.284034e-01;1.415666e-02;1.033769e-02;9.169160e-03
1.740495e-02;3.210723e-02;1.138335e-01;1.787918e-02;1.816272e-02;4.620147e-02;3.384697e-01;2.091572e-01;1.399080e-01;3.994191e-02;1.302745e-02;1.390664e-02
3.407628e-02;5.018668e-02;9.625356e-02;1.034028e-02;2.294823e-02;4.629277e-02;2.758880e-01;1.196163e-01;2.079563e-01;6.389070e-02;4.028639e-02;3.226450e-02
2.995932e-02;6.193292e-02;4.282308e-02;8.755954e-03;1.982196e-02;2.142799e-02;2.641346e-01;2.649738e-01;1.629202e-01;5.174877e-02;2.949608e-02;4.200541e-02
2.182363e-02;1.077831e-01;4.325077e-02;8.931510e-03;2.288446e-02;7.093255e-03;3.247268e-01;2.950014e-01;7.561129e-02;3.277239e-02;3.061341e-02;2.950797e-02
2.207752e-02;1.882385e-01;5.611653e-02;1.035815e-02;2.356022e-02;1.601599e-02;3.891459e-01;1.931839e-01;3.194589e-02;2.388051e-02;3.264743e-02;1.282954e-02
2.222093e-02;2.328597e-01;4.226038e-02;8.358026e-03;2.367871e-02;1.850384e-02;4.234041e-01;9.160366e-02;5.465142e-02;3.047625e-02;3.711562e-02;1.486731e-02
2.942917e-02;1.975362e-01;6.277833e-02;1.416879e-02;3.384821e-02;2.689654e-02;4.612688e-01;1.812017e-02;5.531463e-02;3.242517e-02;5.573119e-02;1.248286e-02
2.021736e-02;1.359845e-01;4.697974e-02;1.419119e-02;6.355437e-02;4.720465e-02;4.222696e-01;6.620368e-02;9.059120e-02;2.574763e-02;5.627350e-02;1.078258e-02
1.299294e-02;1.012420e-01;3.152357e-02;1.216031e-02;9.439285e-02;7.736068e-02;3.917266e-01;4.891416e-02;1.367628e-01;2.428786e-02;5.070858e-02;1.792764e-02
1.296342e-02;7.913838e-02;2.243410e-02;1.153415e-02;9.824286e-02;1.086607e-01;3.984827e-01;3.045629e-02;1.485577e-01;2.228903e-02;4.701277e-02;2.022795e-02
1.778772e-02;9.052984e-02;3.720027e-02;1.249701e-02;8.639506e-02;1.243345e-01;4.156376e-01;2.013053e-02;1.113861e-01;2.144730e-02;4.227335e-02;2.038070e-02
2.213125e-02;1.099072e-01;5.770926e-02;2.336981e-02;7.726716e-02;9.610455e-02;3.560297e-01;8.091293e-02;9.383711e-02;2.684097e-02;4.096614e-02;1.492387e-02
2.300605e-02;1.241033e-01;7.769149e-02;2.432192e-02;8.146413e-02;4.230352e-02;3.093572e-01;1.222858e-01;1.046240e-01;2.909453e-02;4.462599e-02;1.712206e-02
3.048560e-02;1.385908e-01;8.911030e-02;1.914217e-02;7.637268e-02;5.575730e-02;3.140024e-01;1.227867e-01;6.205617e-02;2.727778e-02;4.170756e-02;2.271055e-02
2.378286e-02;1.351165e-01;5.644882e-02;1.597670e-02;8.386265e-02;4.932082e-02;4.204421e-01;5.308381e-02;8.372203e-02;3.204429e-02;3.443163e-02;1.176778e-02
1.305471e-02;1.156402e-01;3.190473e-02;1.909423e-02;8.670869e-02;7.490660e-02;4.727155e-01;6.349689e-02;6.921921e-02;2.068890e-02;2.182695e-02;1.074337e-02
1.102100e-02;8.858430e-02;3.207578e-02;2.068657e-02;7.214101e-02;8.328080e-02;4.650585e-01;1.143477e-01;5.243476e-02;2.151930e-02;2.236179e-02;1.648847e-02
2.855210e-02;5.866521e-02;3.091017e-02;1.731040e-02;6.974512e-02;8.088709e-02;4.780034e-01;1.096516e-01;5.282689e-02;3.729260e-02;2.241790e-02;1.373752e-02
5.600690e-02;3.689291e-02;4.949134e-02;1.599289e-02;7.007871e-02;1.094842e-01;4.820810e-01;3.941879e-02;3.503844e-02;6.981056e-02;2.555639e-02;1.014784e-02
5.859266e-02;4.233664e-02;4.108373e-02;1.907725e-02;7.528704e-02;1.432988e-01;4.540085e-01;3.720453e-02;3.220729e-02;7.121151e-02;1.390862e-02;1.178347e-02
5.080108e-02;4.251330e-02;5.792141e-02;3.656385e-02;8.751487e-02;1.686012e-01;4.300976e-01;1.629999e-02;1.872220e-02;6.360392e-02;7.472000e-03;1.988859e-02
6.432088e-02;5.108403e-02;1.246664e-01;5.137968e-02;8.349035e-02;1.300242e-01;3.229195e-01;4.610074e-02;2.492465e-02;5.827612e-02;2.030370e-02;2.250968e-02
1.019657e-01;8.674645e-02;2.531811e-01;4.359121e-02;8.090817e-02;8.931782e-02;1.539387e-01;5.001026e-02;3.987374e-02;5.341582e-02;2.818029e-02;1.887065e-02
1.225712e-01;9.212307e-02;2.422616e-01;1.292401e-02;7.070145e-02;9.288102e-02;2.227893e-01;5.770665e-02;3.401661e-02;2.190996e-02;1.249556e-02;1.761945e-02
1.479046e-01;8.254183e-02;1.708334e-01;1.536528e-02;7.159021e-02;9.919283e-02;2.455213e-01;6.839269e-02;4.385399e-02;2.719449e-02;1.137010e-02;1.623932e-02
1.252254e-01;8.417633e-02;1.362140e-01;6.179983e-02;1.043897e-01;6.632614e-02;1.668764e-01;4.787048e-02;8.091662e-02;6.837163e-02;2.276301e-02;3.507048e-02
6.577522e-02;6.663165e-02;1.951257e-01;6.854138e-02;1.469588e-01;1.282605e-01;1.229807e-01;4.110052e-02;5.342941e-02;5.286838e-02;1.920628e-02;3.912137e-02
3.051613e-02;5.294288e-02;1.724281e-01;3.075995e-02;2.105014e-01;2.509210e-01;8.488006e-02;2.563118e-02;4.004744e-02;3.435344e-02;1.433282e-02;5.268558e-02
1.647705e-02;1.769801e-02;1.143766e-01;4.874896e-02;2.696312e-01;3.233449e-01;6.522463e-02;1.648474e-02;5.225796e-02;1.198767e-02;8.180343e-03;5.558793e-02
1.753785e-02;8.268562e-03;9.646594e-02;4.458386e-02;2.831571e-01;3.050081e-01;1.058737e-01;1.309631e-02;5.590366e-02;8.056245e-03;3.818996e-03;5.822960e-02
2.463131e-02;9.678085e-03;1.217838e-01;1.960941e-02;3.181538e-01;2.030618e-01;1.181606e-01;1.052020e-02;7.547849e-02;1.391478e-02;1.027094e-02;7.473680e-02
2.241383e-02;2.546924e-02;1.132044e-01;7.427780e-02;3.571393e-01;9.975032e-02;9.141259e-02;1.645459e-02;8.671337e-02;1.671438e-02;1.519577e-02;8.125438e-02
3.069677e-02;5.919827e-02;1.444489e-01;1.130277e-01;2.651180e-01;1.260162e-01;7.017712e-02;2.724530e-02;5.878247e-02;2.938817e-02;2.210609e-02;5.379499e-02
4.198006e-02;8.164966e-02;1.916893e-01;1.074185e-01;1.822242e-01;1.313239e-01;9.080839e-02;4.415320e-02;3.802725e-02;3.405000e-02;2.272224e-02;3.395332e-02
4.253447e-02;7.517118e-02;2.446088e-01;5.813694e-02;1.271926e-01;1.468449e-01;8.602231e-02;6.777872e-02;5.030420e-02;2.653423e-02;1.919482e-02;5.567678e-02
2.721451e-02;3.863926e-02;2.338623e-01;5.274571e-02;9.714253e-02;1.736100e-01;8.768650e-02;6.487374e-02;8.212098e-02;2.636437e-02;2.390793e-02;9.183219e-02
3.099396e-02;3.767200e-02;2.023732e-01;4.703072e-02;1.184957e-01;2.140916e-01;1.542118e-01;2.044674e-02;5.689913e-02;2.375200e-02;1.022046e-02;8.381280e-02
3.073065e-02;4.757049e-02;1.881106e-01;1.058319e-01;2.065749e-01;1.844737e-01;1.175229e-01;1.528187e-02;3.122571e-02;1.469519e-02;8.336461e-03;4.964569e-02
2.182898e-02;7.609347e-02;1.758617e-01;1.156818e-01;2.677318e-01;1.147790e-01;7.473779e-02;2.650584e-02;4.092823e-02;1.242295e-02;1.263926e-02;6.078919e-02
2.712230e-02;7.090305e-02;2.302405e-01;7.080581e-02;2.778431e-01;5.930106e-02;8.711226e-02;2.891432e-02;3.486659e-02;1.732039e-02;1.210805e-02;8.346250e-02
2.818475e-02;6.478330e-02;2.178703e-01;3.345530e-02;2.449504e-01;1.160496e-01;1.189629e-01;2.555495e-02;3.290541e-02;1.768388e-02;1.145315e-02;8.814608e-02
3.063137e-02;7.224980e-02;2.091135e-01;9.839603e-02;2.196326e-01;9.321196e-02;9.461640e-02;3.764848e-02;3.686829e-02;2.012572e-02;8.822710e-03;7.868316e-02
2.255582e-02;5.919817e-02;2.158575e-01;1.254470e-01;2.174486e-01;8.239645e-02;7.972083e-02;4.219230e-02;5.623006e-02;2.376725e-02;1.157286e-02;6.361318e-02
1.980877e-02;8.515458e-02;1.358307e-01;1.280412e-01;1.946173e-01;1.026275e-01;9.960406e-02;5.711029e-02;5.432621e-02;3.123408e-02;1.657635e-02;7.506905e-02
4.663975e-02;9.164917e-02;1.682597e-01;1.420200e-01;1.199494e-01;8.406496e-02;1.007623e-01;5.785533e-02;8.497988e-02;2.576697e-02;2.371874e-02;5.433380e-02
5.764056e-02;6.109246e-02;2.972691e-01;1.035906e-01;1.068999e-01;4.607762e-02;8.319534e-02;5.481476e-02;6.117034e-02;3.304709e-02;2.086963e-02;7.433266e-02
4.481826e-02;4.470624e-02;2.386438e-01;7.031423e-02;1.567086e-01;1.037524e-01;9.650611e-02;3.273402e-02;6.750698e-02;4.068857e-02;3.214725e-02;7.147343e-02
4.546732e-02;4.901288e-02;1.442835e-01;3.738483e-02;1.589963e-01;1.254037e-01;1.399165e-01;6.645865e-02;6.835876e-02;4.095587e-02;4.643658e-02;7.732505e-02
2.613178e-02;2.016669e-02;7.432176e-02;5.541307e-02;6.984369e-02;3.942382e-02;8.524235e-02;5.398427e-02;2.267826e-01;1.949869e-01;8.488154e-02;6.882150e-02
2.033106e-02;1.487437e-02;3.906348e-02;4.043982e-02;5.062862e-02;1.766097e-02;5.439413e-02;6.477771e-02;2.149447e-01;3.446523e-01;1.038914e-01;3.434142e-02
1.700947e-02;1.382784e-02;3.580746e-02;1.675892e-02;6.927045e-02;1.207880e-02;3.614447e-02;3.969761e-02;8.427598e-02;5.272526e-01;1.327421e-01;1.513429e-02
1.425635e-02;6.727157e-03;1.515010e-02;2.305183e-02;8.120029e-02;3.812788e-03;2.439143e-02;1.393436e-02;3.060223e-01;4.324199e-01;6.889245e-02;1.014100e-02
1.330361e-02;6.450819e-03;6.523624e-03;4.139075e-02;7.010961e-02;4.961084e-03;1.470082e-02;9.711089e-03;5.410224e-01;2.558648e-01;3.086238e-02;5.099032e-03
1.977168e-02;4.076990e-03;5.679955e-03;6.919701e-02;3.593575e-02;4.580120e-03;1.318803e-02;1.377532e-02;6.857285e-01;1.222960e-01;1.652619e-02;9.244415e-03
1.979734e-02;3.699209e-03;5.795886e-03;9.835229e-02;8.340325e-03;4.378734e-03;1.409833e-02;1.613713e-02;7.640020e-01;5.384846e-02;3.872442e-03;7.677814e-03
2.016553e-02;2.876014e-03;6.053407e-03;1.139424e-01;7.915681e-03;5.518043e-03;1.055567e-02;1.825973e-02;7.682235e-01;4.084565e-02;2.442041e-03;3.202348e-03
1.628686e-02;2.808159e-03;5.903201e-03;1.265661e-01;1.218108e-02;3.573936e-03;9.721208e-03;2.314565e-02;7.643375e-01;2.823310e-02;4.096417e-03;3.146702e-03
1.548159e-02;3.551950e-03;1.100784e-02;1.298895e-01;1.661039e-02;4.249428e-03;9.960675e-03;3.046992e-02;7.606616e-01;1.156520e-02;4.507505e-03;2.044393e-03
1.190307e-02;4.559825e-03;1.189744e-02;1.153477e-01;1.187994e-02;4.609881e-03;8.214098e-03;3.969627e-02;7.653796e-01;1.310997e-02;6.392217e-03;7.010004e-03
1.809513e-02;3.337033e-03;8.746875e-03;1.095142e-01;6.117045e-03;2.955276e-03;1.033020e-02;2.434880e-02;7.752368e-01;2.455282e-02;9.150377e-03;7.615445e-03
2.075988e-02;3.721487e-03;6.743386e-03;1.095449e-01;5.680966e-03;3.046808e-03;6.489118e-03;1.733815e-02;7.932128e-01;2.000232e-02;8.422188e-03;5.037989e-03
2.139802e-02;2.001667e-03;3.797275e-03;8.886730e-02;4.707476e-03;3.256190e-03;9.520067e-03;1.489947e-02;8.100775e-01;3.475391e-02;4.872823e-03;1.848249e-03
2.071160e-02;2.862364e-03;5.060995e-03;4.758103e-02;4.929075e-03;2.335355e-03;9.188471e-03;1.582945e-02;8.260986e-01;5.771223e-02;5.838428e-03;1.852444e-03
1.775360e-02;3.651398e-03;8.007078e-03;2.685946e-02;6.006978e-03;3.973039e-03;1.278385e-02;1.406587e-02;8.053883e-01;9.211399e-02;5.801143e-03;3.595255e-03
1.447755e-02;5.147255e-03;7.354318e-03;3.941030e-02;9.214049e-03;3.054410e-03;1.498039e-02;1.507538e-02;7.234612e-01;1.476718e-01;1.373637e-02;6.417082e-03
1.494855e-02;3.490255e-03;5.705547e-03;3.581825e-02;1.400835e-02;3.181783e-03;1.329664e-02;9.741762e-03;6.575335e-01;2.165844e-01;1.925781e-02;6.433049e-03
1.131823e-02;3.591414e-03;6.768469e-03;1.863498e-02;1.858392e-02;2.676784e-03;1.113380e-02;1.525015e-02;5.509588e-01;3.353833e-01;2.045994e-02;5.240203e-03
1.116248e-02;5.111896e-03;7.562646e-03;1.479368e-02;2.006166e-02;2.615533e-03;9.715336e-03;1.165965e-02;4.587234e-01;4.153070e-01;3.408048e-02;9.206288e-03
2.371258e-02;1.317329e-02;9.706287e-03;2.636359e-02;2.775940e-02;3.190759e-03;2.302287e-02;1.731327e-02;4.606482e-01;3.574962e-01;2.847503e-02;9.138540e-03
4.187866e-02;1.397271e-02;8.865690e-03;2.583200e-02;1.538380e-02;4.326971e-03;2.213880e-02;1.271804e-02;6.069409e-01;2.266929e-01;1.257634e-02;8.673197e-03
5.554906e-02;1.178643e-02;8.206708e-03;3.392112e-02;5.829813e-03;3.620474e-03;2.024058e-02;3.609433e-02;6.771937e-01;1.338181e-01;9.091868e-03;4.647754e-03
5.409806e-02;9.302348e-03;1.195594e-02;3.892606e-02;4.867714e-03;7.715872e-03;2.767563e-02;1.541995e-01;5.840495e-01;8.671610e-02;1.268692e-02;7.806337e-03
2.662171e-02;1.426340e-02;1.536219e-02;4.539339e-02;1.197852e-02;1.617802e-02;7.608271e-02;3.682163e-01;3.153310e-01;8.932462e-02;8.748635e-03;1.249956e-02
2.997815e-02;1.626446e-02;1.264650e-02;4.910524e-02;1.346264e-02;2.040801e-02;1.454782e-01;3.829844e-01;2.348052e-01;7.976519e-02;6.275484e-03;8.826606e-03
4.306943e-02;1.719868e-02;1.523042e-02;6.489925e-02;2.463074e-02;4.495309e-02;2.538752e-01;3.167126e-01;8.289201e-02;1.091357e-01;1.332067e-02;1.408215e-02
3.487810e-02;1.444946e-02;1.918063e-02;3.365393e-02;2.266808e-02;4.877434e-02;1.713851e-01;1.045765e-01;4.181624e-01;9.146003e-02;2.655186e-02;1.425961e-02
6.119042e-02;1.020907e-02;1.781108e-02;4.602676e-02;1.683080e-02;3.210280e-02;6.464094e-02;1.938158e-01;4.300157e-01;8.780108e-02;2.458822e-02;1.496738e-02
6.657973e-02;1.240009e-02;2.533026e-02;9.194966e-02;2.506804e-02;2.511836e-02;9.509496e-02;1.801507e-01;3.280548e-01;1.162597e-01;2.009846e-02;1.389523e-02
3.528091e-02;1.706082e-02;2.853532e-02;9.774791e-02;5.635951e-02;3.528249e-02;1.037026e-01;1.615537e-01;2.732624e-01;1.376143e-01;3.959608e-02;1.400397e-02
4.532586e-02;2.195333e-02;1.878577e-02;6.614325e-02;5.794063e-02;3.884422e-02;8.920143e-02;1.945101e-01;1.878954e-01;1.920411e-01;7.029642e-02;1.706260e-02
9.286658e-02;3.796099e-02;1.912001e-02;1.970707e-02;2.476887e-02;3.091850e-02;6.201191e-02;1.809312e-01;2.132723e-01;1.834087e-01;9.420501e-02;4.082883e-02
1.461982e-01;4.148120e-02;2.140131e-02;2.249502e-02;1.036357e-02;2.790831e-02;3.971206e-02;1.907814e-01;1.754294e-01;1.516098e-01;1.145793e-01;5.804041e-02
1.234612e-01;2.646631e-02;2.163889e-02;2.450003e-02;1.032851e-02;2.885719e-02;8.377192e-02;2.492771e-01;1.411554e-01;1.452689e-01;9.100103e-02;5.427343e-02
7.314586e-02;1.602250e-02;2.378061e-02;3.267189e-02;2.539145e-02;2.611174e-02;1.703286e-01;2.640108e-01;1.574620e-01;1.332560e-01;4.561974e-02;3.219877e-02
7.877177e-02;1.804758e-02;2.677979e-02;4.478517e-02;3.539623e-02;2.864369e-02;1.745132e-01;2.320262e-01;2.153507e-01;8.423144e-02;3.072962e-02;3.072464e-02
4.924196e-02;1.680278e-02;3.509100e-02;4.301536e-02;2.719950e-02;3.224587e-02;1.219747e-01;1.470781e-01;3.280877e-01;1.280948e-01;3.777066e-02;3.339747e-02
6.717463e-02;2.514226e-02;5.501701e-02;5.836103e-02;2.821620e-02;4.086843e-02;1.396615e-01;8.553723e-02;2.108669e-01;1.917187e-01;6.656495e-02;3.087124e-02
3.890400e-02;3.014032e-02;4.210787e-02;3.221834e-02;2.265682e-02;2.915714e-02;1.041619e-01;1.862555e-01;2.576931e-01;1.680753e-01;6.219177e-02;2.643800e-02
6.181177e-02;3.458200e-02;4.022430e-02;2.896606e-02;3.660797e-02;2.411733e-02;6.108478e-02;2.102839e-01;1.995256e-01;1.823506e-01;9.104519e-02;2.940057e-02
1.218245e-01;4.210734e-02;4.004770e-02;3.313809e-02;5.051175e-02;1.651486e-02;9.581781e-02;1.807354e-01;5.015052e-02;2.179551e-01;1.296672e-01;2.152969e-02
9.111796e-02;2.348703e-02;4.158229e-02;3.846301e-02;4.271279e-02;1.492400e-02;8.915771e-02;1.097942e-01;1.602217e-01;2.023993e-01;1.405948e-01;4.554527e-02
5.286206e-02;3.236038e-02;3.984321e-02;3.739734e-02;3.487644e-02;2.327152e-02;4.773448e-02;1.345873e-01;2.924949e-01;1.665253e-01;9.048200e-02;4.756513e-02
4.629827e-02;3.007505e-02;4.914178e-02;3.582312e-02;2.568851e-02;2.904941e-02;6.564526e-02;1.450815e-01;3.666753e-01;1.217583e-01;4.431764e-02;4.044589e-02
7.069359e-02;1.711525e-02;6.194970e-02;3.059914e-02;2.334468e-02;2.500431e-02;7.618700e-02;1.224616e-01;3.530590e-01;1.357530e-01;5.456179e-02;2.927097e-02
9.514374e-02;3.585448e-02;5.997347e-02;2.621593e-02;2.211829e-02;1.525005e-02;5.641394e-02;9.218679e-02;3.563638e-01;1.258361e-01;6.999722e-02;4.464613e-02
1.126482e-01;3.683208e-02;6.501814e-02;1.901962e-02;2.367281e-02;2.361307e-02;6.598963e-02;6.336632e-02;3.057213e-01;1.548964e-01;8.428776e-02;4.493462e-02
1.117219e-01;3.087351e-02;6.484025e-02;2.890943e-02;3.099214e-02;3.565589e-02;6.228028e-02;1.372062e-01;2.557861e-01;1.351485e-01;7.301617e-02;3.356970e-02
1.004706e-01;2.673611e-02;6.479604e-02;3.235623e-02;2.821860e-02;2.758244e-02;7.656026e-02;2.134237e-01;2.846250e-01;6.399299e-02;5.095537e-02;3.028260e-02
8.607740e-02;3.262763e-02;6.270313e-02;4.172645e-02;3.108311e-02;2.826966e-02;7.355769e-02;2.219612e-01;2.846594e-01;5.087227e-02;4.284004e-02;4.362192e-02
7.417755e-02;3.482105e-02;8.277355e-02;6.426547e-02;4.484342e-02;4.514475e-02;7.434464e-02;1.935872e-01;1.904634e-01;6.512079e-02;7.159948e-02;5.885866e-02
5.442228e-02;3.157633e-02;1.134842e-01;9.243894e-02;5.969903e-02;4.707136e-02;8.425252e-02;1.568981e-01;1.248487e-01;9.160510e-02;8.236599e-02;6.133742e-02
6.806756e-02;5.506587e-02;9.659151e-02;1.132813e-01;6.850959e-02;5.711472e-02;1.107270e-01;1.042606e-01;9.532432e-02;1.067864e-01;7.848733e-02;4.578375e-02
7.477140e-02;7.498747e-02;1.053135e-01;8.205769e-02;9.148350e-02;6.960821e-02;7.877825e-02;7.068417e-02;9.055482e-02;1.489884e-01;7.386064e-02;3.891194e-02
5.915131e-02;5.317745e-02;1.491839e-01;1.150379e-01;7.916355e-02;6.411404e-02;8.191895e-02;9.236702e-02;5.210178e-02;1.368993e-01;8.455996e-02;3.232480e-02
5.742405e-02;3.241298e-02;1.575968e-01;1.389269e-01;3.958016e-02;5.626573e-02;9.447385e-02;8.803797e-02;1.472985e-01;7.672983e-02;8.336608e-02;2.788718e-02
5.238454e-02;4.114448e-02;1.600344e-01;1.353379e-01;3.552279e-02;7.185992e-02;6.560200e-02;6.992419e-02;1.497676e-01;1.039662e-01;7.422433e-02;4.023168e-02
6.513745e-02;6.032572e-02;1.506693e-01;1.358650e-01;3.644617e-02;8.184219e-02;9.119489e-02;8.324848e-02;8.976798e-02;1.227879e-01;3.381481e-02;4.890012e-02
1.057289e-01;7.403009e-02;9.482994e-02;1.404221e-01;5.388765e-02;7.841657e-02;9.394783e-02;7.852305e-02;7.557309e-02;1.045703e-01;6.196510e-02;3.810527e-02
1.235479e-01;8.313922e-02;9.493942e-02;1.368582e-01;9.413153e-02;5.188077e-02;5.975750e-02;6.543049e-02;4.847767e-02;9.956032e-02;1.090516e-01;3.322540e-02
6.263395e-02;5.787122e-02;7.439176e-02;9.871156e-02;1.042083e-01;6.019906e-02;8.329137e-02;6.339014e-02;9.488220e-02;1.254352e-01;1.300240e-01;4.496120e-02
2.953941e-02;2.784892e-02;5.249394e-02;8.133531e-02;6.812201e-02;8.301025e-02;1.763643e-01;1.176602e-01;1.206879e-01;1.011619e-01;9.186958e-02;4.990641e-02
5.211114e-02;3.952280e-02;7.300051e-02;6.821562e-02;6.390148e-02;9.155607e-02;2.268823e-01;1.627794e-01;4.133119e-02;6.146188e-02;6.381757e-02;5.542012e-02
5.331188e-02;5.315517e-02;9.035420e-02;6.069270e-02;9.642442e-02;8.002863e-02;1.400542e-01;1.437254e-01;1.142310e-01;5.586109e-02;5.559151e-02;5.656975e-02
5.258474e-02;6.490798e-02;1.135043e-01;7.053237e-02;1.003854e-01;8.482836e-02;8.131488e-02;1.039746e-01;1.426485e-01;5.841151e-02;6.804468e-02;5.886259e-02
4.086472e-02;3.741257e-02;1.093079e-01;4.719957e-02;3.403926e-02;4.760368e-02;1.261522e-01;1.681480e-01;1.806753e-01;5.475507e-02;7.833417e-02;7.550765e-02
3.024119e-02;2.233401e-02;8.245455e-02;4.394379e-02;3.145047e-02;3.477374e-02;1.252066e-01;1.832877e-01;2.345615e-01;9.969801e-02;4.564149e-02;6.640696e-02
2.598147e-02;2.159328e-02;5.445162e-02;4.033248e-02;4.663631e-02;4.901340e-02;1.311327e-01;1.815417e-01;2.525867e-01;1.285619e-01;1.272384e-02;5.544460e-02
4.460802e-02;2.419440e-02;5.247420e-02;4.092092e-02;6.912111e-02;1.192208e-01;5.281167e-02;1.561194e-01;2.429154e-01;1.402303e-01;1.326135e-02;4.412241e-02
3.887741e-02;5.149041e-02;3.114297e-02;4.257308e-02;5.796830e-02;1.355478e-01;3.067039e-01;4.734889e-02;1.679398e-01;9.091587e-02;1.360826e-02;1.588337e-02
2.326041e-02;6.532741e-02;1.229391e-02;2.969692e-02;5.952652e-02;8.119459e-02;5.023763e-01;8.211406e-02;7.888556e-02;3.472644e-02;2.474602e-02;5.851826e-03
1.456205e-02;5.524164e-02;1.378103e-02;1.891643e-02;9.194037e-02;3.346471e-02;5.729716e-01;1.038835e-01;5.451370e-02;1.111091e-02;2.397641e-02;5.637651e-03
7.594475e-03;3.216419e-02;1.393428e-02;1.819946e-02;1.343306e-01;5.135073e-02;5.829715e-01;8.257820e-02;4.462371e-02;5.119005e-03;2.258660e-02;4.547317e-03
6.995303e-03;2.033491e-02;1.591091e-02;2.038265e-02;1.384736e-01;9.867214e-02;5.370543e-01;8.691929e-02;3.641173e-02;1.251113e-02;2.139110e-02;4.942960e-03
1.561107e-02;3.873478e-02;3.579616e-02;2.899954e-02;1.402847e-01;1.376036e-01;3.945864e-01;1.361456e-01;2.465227e-02;1.946393e-02;2.022229e-02;7.899702e-03
2.263245e-02;4.760650e-02;5.896734e-02;3.943773e-02;1.448004e-01;1.156274e-01;2.923909e-01;1.827150e-01;5.025983e-02;1.827218e-02;1.576223e-02;1.152802e-02
6.872958e-03;3.889360e-02;3.163540e-02;1.945681e-02;1.083677e-01;4.859294e-02;5.110371e-01;1.451067e-01;5.448496e-02;1.232133e-02;1.296931e-02;1.026117e-02
9.505234e-03;3.856346e-02;1.409631e-02;1.884050e-02;8.682662e-02;6.528901e-02;5.881273e-01;8.593534e-02;4.263871e-02;2.795395e-02;1.281168e-02;9.411873e-03
2.104243e-02;4.554041e-02;2.614809e-02;4.039032e-02;7.690601e-02;1.359802e-01;4.844260e-01;4.344420e-02;4.063108e-02;5.891350e-02;1.399336e-02;1.258449e-02
3.186331e-02;4.339523e-02;3.156157e-02;1.204685e-01;8.196475e-02;2.020591e-01;2.748177e-01;7.241717e-02;4.076979e-02;7.121249e-02;1.514429e-02;1.432607e-02
3.374329e-02;3.789080e-02;3.654976e-02;1.643019e-01;6.694339e-02;2.167609e-01;2.546900e-01;4.964725e-02;3.161133e-02;7.758249e-02;2.202113e-02;8.257869e-03
2.826744e-02;3.142536e-02;2.570232e-02;1.042369e-01;5.224312e-02;1.810376e-01;4.134376e-01;3.055063e-02;4.111409e-02;6.483530e-02;1.995032e-02;7.199259e-03
2.592029e-02;2.468342e-02;2.027187e-02;7.645822e-02;4.599055e-02;1.554644e-01;4.623978e-01;7.035321e-02;2.516492e-02;7.545268e-02;1.477407e-02;3.068606e-03
3.383639e-02;2.618159e-02;5.169276e-02;6.460130e-02;4.479449e-02;1.132187e-01;4.725167e-01;1.016975e-01;1.565208e-02;5.589187e-02;1.332850e-02;6.588127e-03
2.955447e-02;3.489323e-02;8.062983e-02;4.708322e-02;4.440359e-02;7.366481e-02;5.234253e-01;8.325847e-02;2.775709e-02;3.595214e-02;1.022305e-02;9.154805e-03
1.246276e-02;3.346108e-02;9.571746e-02;4.736800e-02;3.784852e-02;1.142926e-01;5.136650e-01;3.892320e-02;3.751944e-02;4.429753e-02;1.144560e-02;1.299882e-02
1.027545e-02;2.974819e-02;1.007254e-01;6.209859e-02;6.615461e-02;1.448015e-01;3.881959e-01;8.575093e-02;3.291529e-02;4.880059e-02;1.207675e-02;1.845672e-02
1.136014e-02;3.252214e-02;9.978316e-02;5.847137e-02;7.990485e-02;1.834445e-01;3.312693e-01;8.747016e-02;3.824267e-02;3.995703e-02;2.237026e-02;1.520450e-02
2.523404e-02;4.189426e-02;8.361587e-02;5.474112e-02;5.573456e-02;1.668953e-01;3.437035e-01;9.306597e-02;5.428305e-02;4.439130e-02;2.065827e-02;1.578270e-02
4.920547e-02;5.831586e-02;6.306786e-02;5.501915e-02;4.734472e-02;1.064809e-01;2.558332e-01;1.341176e-01;7.246527e-02;1.017309e-01;2.121695e-02;3.520207e-02
5.084593e-02;4.335361e-02;6.174807e-02;4.093556e-02;4.978959e-02;7.110725e-02;1.723654e-01;1.544074e-01;1.020793e-01;1.643998e-01;3.675791e-02;5.221015e-02
3.638890e-02;4.691665e-02;9.338906e-02;2.659956e-02;4.629006e-02;5.218050e-02;2.147121e-01;1.591001e-01;1.190122e-01;1.393396e-01;4.235478e-02;2.371648e-02
2.028901e-02;3.862857e-02;7.927287e-02;6.781017e-02;3.688782e-02;3.769245e-02;2.464795e-01;1.305929e-01;1.982891e-01;1.064994e-01;1.873627e-02;1.882206e-02
1.386869e-02;1.849850e-02;7.543838e-02;8.691634e-02;3.141979e-02;2.328321e-02;2.091062e-01;1.126587e-01;2.710408e-01;1.095857e-01;2.643771e-02;2.174605e-02
1.239146e-02;3.818704e-02;1.185577e-01;5.330388e-02;2.140327e-02;2.137943e-02;2.067575e-01;2.501622e-01;1.749469e-01;6.952301e-02;2.013613e-02;1.325135e-02
1.247343e-02;1.027614e-01;1.292039e-01;1.650450e-02;2.496042e-02;1.598025e-02;2.852953e-01;3.146468e-01;3.529813e-02;3.458606e-02;1.806211e-02;1.022764e-02
9.131963e-03;1.669168e-01;1.260084e-01;7.098932e-03;4.068073e-02;1.309952e-02;3.100892e-01;2.018985e-01;7.552193e-02;1.414602e-02;2.433520e-02;1.107282e-02
1.073085e-02;2.334185e-01;9.132934e-02;1.405606e-02;4.585056e-02;1.982258e-02;3.452842e-01;1.207458e-01;6.236022e-02;1.923952e-02;2.411612e-02;1.304629e-02
2.174210e-02;2.408778e-01;5.774354e-02;1.401207e-02;4.306534e-02;5.226094e-02;3.399520e-01;9.899119e-02;7.066739e-02;2.476547e-02;2.632871e-02;9.593556e-03
5.211916e-02;1.767514e-01;6.061891e-02;1.944015e-02;4.901802e-02;9.937809e-02;2.648829e-01;6.060317e-02;8.383624e-02;6.028701e-02;5.628896e-02;1.677594e-02
6.696825e-02;1.021134e-01;9.216920e-02;4.263271e-02;9.644984e-02;1.247056e-01;6.533583e-02;5.322319e-02;8.016025e-02;1.315804e-01;1.144022e-01;3.025909e-02
3.564268e-02;1.779151e-01;7.453880e-02;2.355261e-02;7.466532e-02;5.608604e-02;2.188695e-01;9.792830e-02;2.459770e-02;9.119823e-02;1.102388e-01;1.476699e-02
4.634930e-02;1.979221e-01;7.017497e-02;1.850642e-02;6.001969e-02;5.497226e-02;2.829316e-01;5.613875e-02;5.541349e-02;4.224079e-02;9.762250e-02;1.770808e-02
5.864689e-02;1.805878e-01;3.821505e-02;2.160121e-02;6.599472e-02;5.283191e-02;2.682326e-01;7.153039e-02;9.190201e-02;3.323713e-02;8.310951e-02;3.411076e-02
4.787181e-02;1.579087e-01;2.938589e-02;2.301166e-02;7.579517e-02;8.723742e-02;2.624741e-01;1.227687e-01;7.271591e-02;3.514502e-02;5.766346e-02;2.802214e-02
3.991920e-02;1.768584e-01;5.449825e-02;1.792474e-02;8.495712e-02;1.245716e-01;2.570417e-01;1.032678e-01;3.125795e-02;3.234937e-02;5.376417e-02;2.358960e-02
5.318822e-02;1.542348e-01;2.677498e-02;1.997072e-02;8.466615e-02;1.723821e-01;2.635808e-01;6.317569e-02;4.884882e-02;4.120972e-02;5.420474e-02;1.776323e-02
4.190556e-02;1.115140e-01;2.921782e-02;2.905763e-02;7.572813e-02;1.921708e-01;3.171734e-01;6.282566e-02;3.262244e-02;6.027065e-02;3.725244e-02;1.026149e-02
2.802477e-02;7.414474e-02;3.870126e-02;2.277629e-02;6.871288e-02;2.016274e-01;3.557300e-01;5.167947e-02;3.498250e-02;9.002590e-02;2.295331e-02;1.064143e-02
1.841657e-02;3.403562e-02;2.970365e-02;1.710944e-02;7.596347e-02;2.315958e-01;3.901156e-01;6.731459e-02;2.323519e-02;9.017054e-02;1.660056e-02;5.738931e-03
2.487128e-02;1.904475e-02;3.201254e-02;2.201516e-02;7.525799e-02;2.689101e-01;3.672333e-01;6.985796e-02;2.851471e-02;6.867903e-02;1.801983e-02;5.583296e-03
3.486818e-02;3.282071e-02;3.123163e-02;2.437648e-02;7.663973e-02;2.742589e-01;3.637075e-01;5.556297e-02;2.233579e-02;5.726290e-02;1.977234e-02;7.162835e-03
4.430020e-02;4.382626e-02;1.652055e-02;2.174278e-02;8.471176e-02;2.839089e-01;3.289492e-01;8.670937e-02;1.332878e-02;5.793647e-02;1.440334e-02;3.662332e-03
5.160704e-02;3.803019e-02;1.320972e-02;1.843999e-02;8.567921e-02;2.764114e-01;3.296328e-01;1.140153e-01;1.191441e-02;4.516967e-02;8.478262e-03;7.411898e-03
5.464874e-02;3.444204e-02;1.629687e-02;1.615186e-02;1.049200e-01;2.721008e-01;3.191071e-01;1.086506e-01;1.485309e-02;3.363840e-02;1.419167e-02;1.099891e-02
6.183450e-02;3.517619e-02;2.094329e-02;1.630245e-02;1.272901e-01;2.850336e-01;3.185738e-01;6.407695e-02;2.013835e-02;2.221705e-02;1.458212e-02;1.383164e-02
8.233985e-02;2.863372e-02;3.041061e-02;1.312176e-02;1.269380e-01;3.013493e-01;3.104140e-01;4.481085e-02;1.989206e-02;1.883479e-02;1.491473e-02;8.340213e-03
6.485493e-02;2.353330e-02;2.790626e-02;1.699958e-02;1.018638e-01;2.957733e-01;3.532055e-01;5.803557e-02;1.434938e-02;2.229290e-02;1.418452e-02;7.000918e-03
4.029239e-02;1.750881e-02;1.922157e-02;1.949759e-02;9.359188e-02;2.975666e-01;4.156719e-01;4.128966e-02;1.153376e-02;2.731495e-02;7.575678e-03;8.935243e-03
2.864758e-02;8.136242e-03;1.712557e-02;2.141537e-02;9.617752e-02;2.968090e-01;4.317167e-01;4.064724e-02;1.333575e-02;2.906202e-02;8.154115e-03;8.772922e-03
2.361309e-02;7.890380e-03;1.697183e-02;1.966263e-02;8.278140e-02;2.614625e-01;4.569752e-01;7.483271e-02;1.474641e-02;2.902756e-02;6.890883e-03;5.145365e-03
2.537355e-02;1.346606e-02;1.642106e-02;1.421000e-02;6.023575e-02;1.834838e-01;5.276656e-01;9.109877e-02;3.588117e-02;2.454337e-02;4.336742e-03;3.284151e-03
1.776030e-02;1.656746e-02;1.250049e-02;1.799528e-02;4.533331e-02;8.118462e-02;6.162801e-01;9.105103e-02;7.350965e-02;1.516645e-02;7.314214e-03;5.337124e-03
8.256103e-03;2.142945e-02;1.538132e-02;4.325102e-02;6.498671e-02;2.832780e-02;5.566606e-01;1.395932e-01;8.661541e-02;1.480397e-02;1.335736e-02;7.337130e-03
1.566644e-02;3.812966e-02;1.411853e-02;5.361756e-02;8.921312e-02;1.948964e-02;4.232132e-01;2.491140e-01;4.353594e-02;1.330662e-02;3.162903e-02;8.966344e-03
1.435558e-02;3.424783e-02;1.280158e-02;2.915765e-02;6.317209e-02;1.852523e-02;3.015409e-01;3.829201e-01;3.466093e-02;2.096107e-02;7.678042e-02;1.087670e-02
7.292781e-03;1.740572e-02;6.916210e-03;1.035885e-02;2.611253e-02;1.353510e-02;2.020498e-01;4.870056e-01;8.288601e-02;4.076434e-02;9.364502e-02;1.202810e-02
4.039589e-03;6.785019e-03;1.608986e-02;5.081031e-03;9.248939e-03;1.292278e-02;1.197797e-01;5.239287e-01;1.716562e-01;4.720613e-02;5.383133e-02;2.943071e-02
6.926736e-03;5.181370e-03;2.554457e-02;1.252672e-02;4.871972e-03;1.665616e-02;6.892208e-02;4.772294e-01;3.051853e-01;2.904826e-02;2.090462e-02;2.700276e-02
1.243454e-02;2.505018e-03;2.309114e-02;4.687578e-02;6.315722e-03;1.667559e-02;3.146816e-02;3.167774e-01;4.860182e-01;2.279664e-02;2.094015e-02;1.410160e-02
1.906328e-02;5.027154e-03;1.365484e-02;9.740485e-02;5.205064e-03;7.967488e-03;1.473078e-02;1.455235e-01;6.230830e-01;4.813773e-02;1.529230e-02;4.910060e-03
2.653908e-02;4.485355e-03;6.291968e-03;1.159042e-01;9.596977e-03;5.949595e-03;1.823278e-02;1.009144e-01;6.010897e-01;9.383627e-02;1.329585e-02;3.863865e-03
3.153149e-02;4.988130e-03;6.214946e-03;1.069417e-01;1.392933e-02;9.389104e-03;2.466502e-02;7.616653e-02;6.003429e-01;1.167483e-01;6.336181e-03;2.746436e-03
2.331874e-02;4.810804e-03;4.411640e-03;8.561675e-02;1.024783e-02;6.961813e-03;3.187411e-02;4.701876e-02;6.678892e-01;1.010734e-01;9.680735e-03;7.096224e-03
1.679795e-02;5.701459e-03;6.538996e-03;9.110712e-02;3.191960e-02;6.216295e-03;2.945653e-02;1.759639e-02;6.705634e-01;1.008603e-01;1.589984e-02;7.342059e-03
8.516685e-03;5.975838e-03;7.111043e-03;1.010227e-01;4.369564e-02;9.154650e-03;2.209504e-02;1.592829e-02;5.754557e-01;1.960498e-01;1.175153e-02;3.243070e-03
6.407334e-03;7.843198e-03;6.743350e-03;8.329311e-02;5.618688e-02;7.155095e-03;1.781515e-02;2.807646e-02;5.121185e-01;2.614402e-01;5.266040e-03;7.654709e-03
1.331824e-02;6.461934e-03;5.869998e-03;7.306991e-02;8.060013e-02;1.250908e-02;2.236697e-02;4.769449e-02;4.132951e-01;2.950095e-01;1.385016e-02;1.595450e-02
7.666409e-03;3.763241e-03;6.276321e-03;7.292188e-02;1.013067e-01;1.902547e-02;1.641854e-02;4.913435e-02;3.309888e-01;3.642621e-01;1.363730e-02;1.459887e-02
6.721606e-03;2.884340e-03;9.117908e-03;4.096718e-02;8.088654e-02;1.554532e-02;1.183856e-02;3.262058e-02;4.058011e-01;3.745691e-01;9.384198e-03;9.663510e-03
9.519275e-03;3.341313e-03;7.630287e-03;7.372263e-02;5.414810e-02;9.806604e-03;2.357019e-02;1.373312e-02;4.998180e-01;2.886059e-01;7.427370e-03;8.677295e-03
7.852716e-03;3.294197e-03;7.022015e-03;1.007125e-01;3.367605e-02;4.115594e-03;2.536178e-02;9.384722e-03;6.243876e-01;1.705186e-01;6.701285e-03;6.972936e-03
6.352128e-03;2.578302e-03;1.033038e-02;1.178296e-01;2.378430e-02;1.913046e-03;1.885088e-02;1.473631e-02;6.979671e-01;8.729059e-02;1.377604e-02;4.591410e-03
5.121267e-03;2.330591e-03;4.695078e-03;1.037691e-01;8.693013e-03;2.844669e-03;1.254519e-02;4.494940e-02;6.882251e-01;9.766929e-02;2.668120e-02;2.476118e-03
7.023809e-03;4.780003e-03;7.922731e-03;5.350306e-02;2.258040e-02;6.907171e-03;2.473311e-02;8.492336e-02;4.714230e-01;2.724797e-01;3.344864e-02;1.027498e-02
6.229022e-03;3.852026e-03;6.296540e-03;1.323067e-02;4.126825e-02;5.699662e-03;4.883095e-02;1.136711e-01;3.709113e-01;3.700270e-01;1.221093e-02;7.772545e-03
4.138194e-03;6.658706e-03;7.363448e-03;6.968496e-03;5.509972e-02;5.037635e-03;4.586465e-02;7.453015e-02;3.582221e-01;3.971093e-01;3.270566e-02;6.301938e-03
1.244086e-02;7.110955e-03;1.343896e-02;3.219992e-02;6.770978e-02;4.758054e-03;3.357781e-02;4.863254e-02;3.145050e-01;4.117488e-01;3.650196e-02;1.737547e-02
4.333586e-02;1.166327e-02;1.138592e-02;6.106781e-02;3.756659e-02;7.800951e-03;2.171084e-02;5.600820e-02;2.863312e-01;2.891470e-01;1.109551e-01;6.302728e-02
8.566481e-02;1.679821e-02;1.085027e-02;3.873866e-02;2.186505e-02;8.163181e-03;1.673782e-02;2.911801e-02;3.587892e-01;1.505203e-01;1.270619e-01;1.356926e-01
9.368461e-02;1.597288e-02;1.333539e-02;2.903826e-02;1.847790e-02;5.939269e-03;1.700062e-02;1.209788e-02;3.232947e-01;2.150598e-01;8.775879e-02;1.683400e-01
5.327344e-02;1.008800e-02;1.875279e-02;4.151095e-02;3.805622e-02;8.303171e-03;1.753634e-02;1.147192e-02;2.840855e-01;2.717169e-01;1.122798e-01;1.329250e-01
2.942353e-02;6.796629e-03;2.286436e-02;3.903741e-02;5.760576e-02;6.928020e-03;2.662205e-02;2.764381e-02;4.455692e-01;1.708953e-01;9.922440e-02;6.738954e-02
4.198505e-02;7.469661e-03;1.664615e-02;1.627914e-02;4.504680e-02;6.522237e-03;3.497076e-02;5.196782e-02;4.662280e-01;1.903969e-01;7.017388e-02;5.231359e-02
4.803731e-02;1.023837e-02;1.300063e-02;2.453408e-02;4.166858e-02;1.013477e-02;2.496981e-02;6.189217e-02;3.949410e-01;2.492756e-01;5.779155e-02;6.351620e-02
3.896073e-02;1.178337e-02;6.453336e-03;3.361516e-02;4.195573e-02;9.089792e-03;3.439706e-02;6.747907e-02;4.848357e-01;1.715693e-01;3.490665e-02;6.495403e-02
2.924216e-02;1.132265e-02;7.161594e-03;2.556951e-02;1.646915e-02;9.495210e-03;4.654107e-02;4.938541e-02;5.748613e-01;9.859969e-02;4.784804e-02;8.350425e-02
3.089637e-02;1.116006e-02;1.516990e-02;1.990237e-02;3.004789e-02;9.231064e-03;3.622461e-02;3.479217e-02;4.066149e-01;2.672328e-01;3.317012e-02;1.055578e-01
2.594272e-02;1.282731e-02;1.926105e-02;2.784379e-02;1.605514e-02;1.083001e-02;3.085169e-02;9.252270e-03;3.559013e-01;2.932607e-01;6.531306e-02;1.326610e-01
4.062084e-02;1.620709e-02;4.203679e-02;3.574623e-02;5.054386e-02;2.226965e-02;2.488650e-02;3.503665e-02;3.930900e-01;1.635617e-01;2.083953e-02;1.551611e-01
2.766643e-02;1.774622e-02;4.034371e-02;6.216898e-02;3.356135e-02;3.439727e-02;2.531322e-02;5.607243e-02;3.228611e-01;1.800617e-01;5.201747e-02;1.477901e-01
3.641872e-02;1.482810e-02;2.461043e-02;7.733733e-02;8.106905e-02;4.482381e-02;3.536591e-02;5.189489e-02;2.311062e-01;2.243740e-01;6.086718e-02;1.173044e-01
3.337950e-02;2.355392e-02;4.057535e-02;3.549393e-02;1.164342e-01;4.495511e-02;4.119928e-02;7.763490e-02;2.853587e-01;1.668110e-01;5.357197e-02;8.103210e-02
5.250848e-02;2.794135e-02;5.232541e-02;5.054183e-02;7.994276e-02;1.869452e-02;4.529199e-02;7.056368e-02;1.938537e-01;2.706541e-01;9.531848e-02;4.236377e-02
7.222819e-02;4.059123e-02;5.994434e-02;4.722394e-02;5.354952e-02;2.469190e-02;5.363518e-02;6.121224e-02;1.719107e-01;2.857656e-01;7.443831e-02;5.480880e-02
7.869183e-02;4.154990e-02;6.456885e-02;8.014867e-02;1.009426e-01;2.923846e-02;6.401258e-02;4.017660e-02;1.306751e-01;2.411192e-01;2.639408e-02;1.024822e-01
6.869458e-02;3.503870e-02;5.126075e-02;7.618716e-02;1.215882e-01;4.444064e-02;6.478869e-02;3.509367e-02;8.474233e-02;2.610055e-01;6.266614e-02;9.449363e-02
6.538490e-02;3.392857e-02;7.459585e-02;9.510081e-02;1.405671e-01;5.175255e-02;4.243132e-02;5.646074e-02;6.746781e-02;2.873785e-01;3.902255e-02;4.590933e-02
5.355914e-02;3.383087e-02;7.224288e-02;9.741360e-02;1.428940e-01;3.109119e-02;4.063798e-02;6.018490e-02;9.948362e-02;2.450129e-01;6.059575e-02;6.305318e-02
4.848083e-02;3.876011e-02;6.182200e-02;6.050421e-02;9.788210e-02;3.260585e-02;5.823273e-02;7.327624e-02;1.695169e-01;2.161021e-01;5.653365e-02;8.628327e-02
6.032775e-02;5.579041e-02;5.462333e-02;7.073209e-02;3.977779e-02;2.611201e-02;1.030265e-01;1.163703e-01;1.154042e-01;2.360152e-01;3.939131e-02;8.242907e-02
8.278845e-02;5.210166e-02;4.607007e-02;7.905683e-02;4.522168e-02;3.426261e-02;1.175152e-01;7.797393e-02;1.435586e-01;2.366994e-01;6.130965e-02;2.344184e-02
8.149074e-02;4.903648e-02;5.820392e-02;6.491510e-02;5.472618e-02;4.575177e-02;9.602801e-02;4.520827e-02;2.453950e-01;1.703884e-01;4.293428e-02;4.592189e-02
1.234598e-01;5.986432e-02;6.941357e-02;6.796612e-02;7.035593e-02;5.264146e-02;8.194856e-02;6.302188e-02;2.416365e-01;8.609954e-02;3.983991e-02;4.375248e-02
1.094891e-01;5.621748e-02;8.181355e-02;8.530280e-02;6.191088e-02;3.951333e-02;9.198365e-02;3.761109e-02;2.067294e-01;1.156840e-01;7.201540e-02;4.172945e-02
8.930852e-02;7.867521e-02;1.117009e-01;9.903280e-02;7.164458e-02;4.578989e-02;9.727535e-02;8.724172e-02;5.213260e-02;1.411105e-01;5.616703e-02;6.992085e-02
6.700019e-02;6.028885e-02;1.048719e-01;5.109790e-02;5.090483e-02;4.680655e-02;8.333252e-02;5.108128e-02;2.611869e-01;1.048985e-01;7.754918e-02;4.098134e-02
6.503607e-02;4.260902e-02;7.641815e-02;5.642702e-02;3.085167e-02;4.284106e-02;5.737238e-02;3.102949e-02;3.248653e-01;1.616229e-01;6.717618e-02;4.375080e-02
6.603355e-02;4.201333e-02;5.259971e-02;7.795916e-02;3.679096e-02;4.516790e-02;5.456427e-02;4.323794e-02;2.897195e-01;2.148781e-01;3.571804e-02;4.131752e-02
