7.397556e-02;8.103084e-02;1.201351e-01;9.445997e-02;6.817238e-02;9.767354e-02;1.358037e-01;7.675301e-02;4.537733e-02;8.592297e-02;5.363160e-02;6.706399e-02
6.702850e-02;7.925277e-02;1.422285e-01;6.944998e-02;5.672606e-02;9.230463e-02;1.232710e-01;6.918839e-02;6.533268e-02;1.087333e-01;5.404483e-02;7.243934e-02
4.644007e-02;6.600613e-02;1.582573e-01;5.221583e-02;4.556654e-02;8.273292e-02;1.248071e-01;8.058393e-02;8.273814e-02;1.382940e-01;5.576014e-02;6.659794e-02
8.296380e-02;5.576258e-02;1.131956e-01;4.628868e-02;4.869995e-02;6.592729e-02;1.336236e-01;7.148788e-02;1.120494e-01;1.463490e-01;5.941174e-02;6.424042e-02
9.417982e-02;5.842337e-02;8.416864e-02;4.766170e-02;7.194972e-02;7.174287e-02;1.134828e-01;6.418502e-02;1.414291e-01;1.495997e-01;4.541774e-02;5.775960e-02
8.788792e-02;5.694264e-02;8.527749e-02;9.464141e-02;7.335743e-02;8.181205e-02;1.021671e-01;6.575609e-02;1.565295e-01;1.208754e-01;3.935296e-02;3.539996e-02
7.114682e-02;5.497892e-02;7.365651e-02;1.653923e-01;6.046319e-02;1.078078e-01;9.601867e-02;6.950467e-02;1.179295e-01;1.141181e-01;3.476357e-02;3.421992e-02
5.554541e-02;6.243021e-02;8.004076e-02;1.455585e-01;8.241852e-02;9.612559e-02;8.652943e-02;7.893448e-02;1.089254e-01;1.530921e-01;2.565479e-02;2.474474e-02
4.994667e-02;6.399282e-02;9.118519e-02;9.361630e-02;1.010138e-01;9.101830e-02;1.165225e-01;7.172445e-02;9.989572e-02;1.351734e-01;5.253744e-02;3.337354e-02
7.178835e-02;5.636260e-02;9.172985e-02;8.606417e-02;7.808198e-02;8.618303e-02;1.487184e-01;6.234656e-02;1.187456e-01;9.770856e-02;7.111724e-02;3.115368e-02
8.499873e-02;4.567666e-02;8.833110e-02;6.819407e-02;8.926305e-02;8.128860e-02;1.443293e-01;6.479482e-02;1.233663e-01;1.167072e-01;6.674616e-02;2.630409e-02
9.497616e-02;3.403442e-02;1.306198e-01;6.577610e-02;8.280168e-02;4.733222e-02;1.123733e-01;8.430915e-02;1.106978e-01;1.022291e-01;7.891709e-02;5.593315e-02
9.901397e-02;4.520872e-02;1.283786e-01;7.147568e-02;8.364492e-02;5.126811e-02;1.378706e-01;1.021528e-01;6.620669e-02;8.585570e-02;5.432069e-02;7.460353e-02
8.006085e-02;4.836920e-02;8.869255e-02;4.847696e-02;5.881151e-02;6.078534e-02;1.913843e-01;1.245482e-01;9.498443e-02;9.064208e-02;6.470665e-02;4.853785e-02
4.694137e-02;5.686084e-02;5.492308e-02;2.657257e-02;3.363865e-02;4.850909e-02;2.479920e-01;2.035395e-01;1.254188e-01;6.225591e-02;7.471721e-02;1.863095e-02
3.519690e-02;8.114188e-02;4.921572e-02;1.713623e-02;2.970151e-02;3.568261e-02;2.658897e-01;2.312327e-01;1.305535e-01;3.035350e-02;8.268167e-02;1.121406e-02
5.882676e-02;1.263428e-01;4.544412e-02;1.828154e-02;2.648763e-02;4.035709e-02;2.418431e-01;1.763828e-01;1.009614e-01;6.575243e-02;8.435018e-02;1.497013e-02
1.093448e-01;1.392442e-01;2.545215e-02;1.661536e-02;7.212891e-02;7.234804e-02;1.565655e-01;7.677594e-02;1.067852e-01;1.077756e-01;6.143238e-02;5.553187e-02
9.936690e-02;8.902309e-02;2.708802e-02;5.386180e-02;1.572559e-01;5.905016e-02;5.824082e-02;5.647267e-02;1.395363e-01;9.271976e-02;5.035661e-02;1.170280e-01
3.918723e-02;4.241262e-02;2.786137e-02;1.755798e-01;1.750904e-01;2.465220e-02;1.210377e-02;1.093586e-01;1.042785e-01;5.811661e-02;1.246956e-01;1.066633e-01
9.311354e-03;2.068406e-02;2.995208e-02;3.415948e-01;9.161371e-02;2.256825e-02;1.212063e-02;1.339618e-01;3.525673e-02;3.808301e-02;2.236394e-01;4.121413e-02
1.499189e-02;1.105024e-02;6.699544e-02;3.982156e-01;3.243844e-02;2.117359e-02;2.105504e-02;1.034641e-01;2.504324e-02;3.818383e-02;2.576123e-01;9.776289e-03
3.001277e-02;7.110016e-03;1.550805e-01;3.365635e-01;2.564136e-02;1.609013e-02;3.692100e-02;7.123104e-02;5.326199e-02;5.772321e-02;2.048030e-01;5.561554e-03
3.387253e-02;1.992669e-02;2.461347e-01;2.882698e-01;1.484054e-02;1.065119e-02;3.307030e-02;2.557354e-02;6.857937e-02;1.089293e-01;1.405374e-01;9.614658e-03
3.454009e-02;3.200536e-02;3.292921e-01;2.072391e-01;2.413339e-02;2.153127e-02;2.253920e-02;2.097212e-02;6.639828e-02;1.284975e-01;1.027654e-01;1.008628e-02
3.242974e-02;4.637194e-02;3.443463e-01;1.459269e-01;2.572551e-02;2.778946e-02;5.593634e-02;3.539522e-02;5.444783e-02;1.351583e-01;8.839799e-02;8.074359e-03
2.227056e-02;3.162411e-02;2.537728e-01;2.069040e-01;2.391152e-02;2.000800e-02;4.244091e-02;5.546219e-02;3.083950e-02;1.185766e-01;1.852947e-01;8.895122e-03
9.678447e-03;1.118122e-02;2.087760e-01;2.862946e-01;2.338710e-02;9.460255e-03;1.874866e-02;5.422488e-02;1.043347e-02;6.461406e-02;2.888563e-01;1.434498e-02
4.748392e-03;5.441756e-03;2.084839e-01;2.943954e-01;1.995350e-02;8.876926e-03;1.693812e-02;3.365128e-02;1.384254e-02;7.843751e-02;3.088783e-01;6.352231e-03
7.860166e-03;6.173674e-03;1.785173e-01;2.819070e-01;1.848462e-02;8.011082e-03;2.575962e-02;5.391886e-02;1.057016e-02;8.498988e-02;3.137808e-01;1.002690e-02
8.115178e-03;4.530582e-03;1.233080e-01;2.896835e-01;1.903288e-02;1.029641e-02;1.932298e-02;1.001947e-01;9.111984e-03;6.570441e-02;3.421118e-01;8.587718e-03
5.611998e-03;7.409233e-03;7.370280e-02;2.946151e-01;1.916113e-02;1.430151e-02;5.275683e-03;1.518323e-01;6.441939e-03;3.031393e-02;3.636606e-01;2.767384e-02
4.074917e-03;6.895756e-03;3.962786e-02;2.745016e-01;2.768879e-02;1.568087e-02;9.493966e-03;1.902821e-01;1.364417e-02;1.464442e-02;3.421626e-01;6.130297e-02
7.577191e-03;6.023098e-03;4.125819e-02;2.411924e-01;2.255539e-02;1.760904e-02;1.102434e-02;2.544034e-01;2.861419e-02;1.976197e-02;2.735192e-01;7.646157e-02
1.012493e-02;7.208505e-03;2.947192e-02;2.451106e-01;2.419350e-02;1.917679e-02;9.665680e-03;3.233069e-01;4.510118e-02;1.687527e-02;2.043719e-01;6.539281e-02
7.910646e-03;1.500464e-02;2.050112e-02;2.710700e-01;4.789678e-02;1.898425e-02;7.765240e-03;3.415744e-01;4.032841e-02;2.127117e-02;1.712919e-01;3.640142e-02
7.923621e-03;2.361486e-02;1.979061e-02;2.313032e-01;1.461771e-01;1.886962e-02;1.201830e-02;2.450089e-01;4.541127e-02;5.886926e-02;1.284332e-01;6.258007e-02
1.410276e-02;1.657786e-02;2.737034e-02;1.061137e-01;3.027279e-01;2.489903e-02;1.702615e-02;8.511001e-02;1.644331e-01;6.643738e-02;5.460440e-02;1.205975e-01
4.539714e-02;8.372592e-03;3.154016e-02;3.757616e-02;3.217586e-01;6.758049e-02;1.349778e-02;2.906838e-02;2.442277e-01;6.181231e-02;2.036169e-02;1.188070e-01
1.351132e-01;6.025976e-03;2.664376e-02;2.062356e-02;1.701393e-01;1.853861e-01;1.415149e-02;3.449576e-02;1.715331e-01;1.633285e-01;1.231364e-02;6.024556e-02
2.242989e-01;5.921373e-03;1.543495e-02;1.490388e-02;3.815001e-02;2.558022e-01;1.871742e-02;3.507252e-02;4.863416e-02;3.238862e-01;6.653168e-03;1.252517e-02
2.593168e-01;1.404328e-02;9.398390e-03;2.859156e-02;1.687368e-02;2.134409e-01;3.703162e-02;2.665621e-02;1.215936e-02;3.646435e-01;9.056173e-03;8.788601e-03
2.489066e-01;6.824508e-02;1.499393e-02;3.149503e-02;1.504262e-02;1.296617e-01;9.942931e-02;2.482027e-02;1.792529e-02;2.764400e-01;4.380595e-02;2.923421e-02
1.638883e-01;1.370507e-01;2.642952e-02;2.158338e-02;2.349583e-02;7.124119e-02;1.891055e-01;3.279221e-02;3.716569e-02;1.403979e-01;1.093049e-01;4.754493e-02
5.404693e-02;1.638978e-01;2.584391e-02;1.781682e-02;3.292477e-02;7.520340e-02;2.829076e-01;2.776824e-02;4.772384e-02;7.353516e-02;1.575226e-01;4.080883e-02
2.952444e-02;1.192047e-01;2.738005e-02;2.312125e-02;5.490692e-02;1.207019e-01;3.010516e-01;4.756438e-02;4.802757e-02;7.990135e-02;1.356698e-01;1.294596e-02
6.358512e-02;6.234062e-02;5.509066e-02;2.406554e-02;1.071397e-01;1.319343e-01;2.206196e-01;6.480122e-02;8.303645e-02;5.712562e-02;9.143446e-02;3.882669e-02
6.597365e-02;2.651572e-02;9.680960e-02;4.065916e-02;1.743736e-01;1.073404e-01;8.788186e-02;3.756369e-02;1.013636e-01;1.046956e-01;5.034066e-02;1.064825e-01
7.048348e-02;2.231181e-02;7.580879e-02;4.029803e-02;1.532874e-01;8.987860e-02;1.252217e-01;2.307925e-02;8.451881e-02;8.512984e-02;6.052656e-02;1.694557e-01
1.146936e-01;3.823309e-02;4.033663e-02;1.736782e-02;8.908664e-02;1.237020e-01;1.827684e-01;4.895571e-02;8.718364e-02;1.037025e-01;3.660704e-02;1.173629e-01
1.278050e-01;8.650704e-02;2.164953e-02;1.921693e-02;4.804629e-02;1.384668e-01;2.984971e-01;5.155962e-02;3.956088e-02;1.080246e-01;2.530876e-02;3.535745e-02
9.224226e-02;1.407772e-01;1.316445e-02;3.315080e-02;2.549480e-02;1.436201e-01;3.894026e-01;4.636289e-02;1.981492e-02;6.333784e-02;2.664855e-02;5.983606e-03
6.463988e-02;1.222748e-01;1.469294e-02;5.165144e-02;3.315759e-02;1.910995e-01;4.099805e-01;2.432517e-02;1.859384e-02;4.226328e-02;2.099829e-02;6.322734e-03
4.067632e-02;7.391544e-02;2.798237e-02;4.396331e-02;3.878040e-02;2.099557e-01;4.380456e-01;2.481073e-02;2.948674e-02;4.223752e-02;2.178975e-02;8.356128e-03
2.378583e-02;9.414724e-02;4.374599e-02;3.725272e-02;3.406910e-02;1.904932e-01;4.519587e-01;2.904407e-02;2.747571e-02;3.650995e-02;2.163975e-02;9.877762e-03
4.703828e-02;7.344311e-02;1.083982e-01;7.525866e-02;4.902754e-02;1.519266e-01;3.570266e-01;2.546666e-02;2.563120e-02;4.924086e-02;2.060891e-02;1.693339e-02
4.115510e-02;5.140276e-02;3.019857e-01;8.701061e-02;4.778204e-02;1.017425e-01;1.936658e-01;3.977919e-02;3.393820e-02;6.122797e-02;2.006373e-02;2.024639e-02
2.071848e-02;9.496848e-02;5.065187e-01;5.388559e-02;3.483335e-02;6.428632e-02;1.140575e-01;2.061232e-02;2.525211e-02;2.948706e-02;2.183720e-02;1.354290e-02
5.825329e-02;1.251670e-01;5.487863e-01;3.970410e-02;1.516118e-02;4.686984e-02;9.562731e-02;1.018494e-02;2.016032e-02;1.668232e-02;1.305501e-02;1.034840e-02
1.010609e-01;1.336770e-01;4.542274e-01;4.110438e-02;2.467772e-02;3.359533e-02;7.847514e-02;2.246651e-02;2.030099e-02;4.731664e-02;1.863812e-02;2.445979e-02
6.536908e-02;9.027661e-02;4.123168e-01;4.498204e-02;5.581667e-02;5.787830e-02;7.619030e-02;3.042565e-02;4.874361e-02;6.571696e-02;2.631486e-02;2.596910e-02
3.401515e-02;6.271332e-02;3.740733e-01;6.001288e-02;8.929750e-02;8.314166e-02;1.129640e-01;3.914579e-02;5.654192e-02;4.838981e-02;2.292506e-02;1.677971e-02
3.403127e-02;4.354437e-02;3.128539e-01;8.466876e-02;1.145981e-01;1.024238e-01;8.876624e-02;5.832062e-02;4.381461e-02;7.393306e-02;3.063256e-02;1.241266e-02
1.865976e-02;2.628353e-02;2.411126e-01;7.622723e-02;1.701342e-01;9.008159e-02;1.559169e-01;4.822599e-02;2.913987e-02;8.943743e-02;2.683966e-02;2.794129e-02
5.167265e-03;1.111229e-02;1.353699e-01;5.054718e-02;2.375363e-01;7.484732e-02;3.219170e-01;2.037937e-02;3.969366e-02;4.714954e-02;9.553204e-03;4.672709e-02
6.318835e-03;1.494026e-02;7.523438e-02;6.242811e-02;2.334527e-01;6.403668e-02;3.783789e-01;3.197842e-02;4.779135e-02;2.603603e-02;6.119921e-03;5.328444e-02
1.631424e-02;2.946095e-02;1.379498e-01;9.545073e-02;1.814300e-01;5.460010e-02;3.167599e-01;4.614672e-02;3.811936e-02;2.151843e-02;1.495581e-02;4.729395e-02
2.524107e-02;3.833382e-02;2.662438e-01;9.556912e-02;1.196996e-01;5.442660e-02;2.492315e-01;4.526542e-02;2.750449e-02;2.050840e-02;2.009384e-02;3.788234e-02
2.959226e-02;4.187575e-02;4.873295e-01;6.465542e-02;6.642047e-02;3.740061e-02;1.618641e-01;2.260186e-02;2.247603e-02;3.248148e-02;1.504572e-02;1.825683e-02
1.548681e-02;2.283699e-02;6.571769e-01;6.037451e-02;3.621430e-02;1.472975e-02;1.232631e-01;9.669669e-03;1.570513e-02;3.548372e-02;3.695360e-03;5.363821e-03
1.756828e-02;1.562999e-02;6.934198e-01;8.087347e-02;4.205851e-02;1.058500e-02;7.513662e-02;1.000740e-02;2.188038e-02;2.666868e-02;3.499670e-03;2.672185e-03
1.447149e-02;1.112174e-02;6.710423e-01;1.162185e-01;3.964927e-02;1.109085e-02;5.343220e-02;1.876316e-02;2.405202e-02;2.028325e-02;1.591512e-02;3.960155e-03
7.768760e-03;7.529791e-03;5.515708e-01;1.668744e-01;5.112566e-02;2.732249e-02;4.171994e-02;6.053061e-02;1.596181e-02;1.561761e-02;4.946029e-02;4.517879e-03
1.626542e-02;2.050070e-02;3.580140e-01;1.699893e-01;6.564321e-02;4.202259e-02;4.443217e-02;1.428602e-01;2.809971e-02;1.737679e-02;8.074321e-02;1.405281e-02
4.840006e-02;3.375911e-02;1.453817e-01;1.037169e-01;8.449607e-02;4.811826e-02;6.721539e-02;1.809699e-01;6.454921e-02;3.640418e-02;1.028156e-01;8.417366e-02
6.110052e-02;4.917361e-02;5.235765e-02;1.213347e-01;5.598702e-02;3.657152e-02;5.607377e-02;1.844393e-01;9.480257e-02;5.970610e-02;1.116804e-01;1.167728e-01
4.933954e-02;5.511368e-02;3.017060e-02;1.506814e-01;4.817286e-02;2.885018e-02;3.250997e-02;2.132746e-01;9.341887e-02;7.479211e-02;1.211132e-01;1.025630e-01
2.323191e-02;4.614572e-02;2.138232e-02;2.058226e-01;6.960014e-02;2.839297e-02;1.510556e-02;2.590764e-01;5.212761e-02;7.398245e-02;1.495235e-01;5.560881e-02
8.338289e-03;2.686708e-02;2.181061e-02;2.507186e-01;6.071449e-02;3.569458e-02;2.101921e-02;2.596893e-01;3.600013e-02;7.930423e-02;1.836334e-01;1.621006e-02
1.636129e-02;3.022736e-02;1.966206e-02;2.512098e-01;2.910321e-02;4.209640e-02;2.822377e-02;2.582745e-01;4.490287e-02;8.738127e-02;1.790652e-01;1.349234e-02
1.906184e-02;4.974279e-02;2.141785e-02;2.125348e-01;3.320896e-02;5.678384e-02;2.845497e-02;2.559802e-01;5.976752e-02;1.168018e-01;1.264988e-01;1.974668e-02
1.726515e-02;4.770875e-02;3.071965e-02;1.709376e-01;8.987334e-02;5.950815e-02;4.347499e-02;2.036054e-01;7.478525e-02;1.240026e-01;6.896314e-02;6.915601e-02
9.383732e-03;2.161455e-02;2.564766e-02;9.365868e-02;2.723604e-01;3.567088e-02;4.890900e-02;9.755761e-02;1.125197e-01;6.111543e-02;4.146164e-02;1.801006e-01
5.723940e-03;5.821755e-03;1.700624e-02;2.681655e-02;4.225054e-01;1.377272e-02;3.919089e-02;3.476692e-02;1.459730e-01;2.055676e-02;1.346025e-02;2.544056e-01
3.199989e-03;2.873268e-03;1.555551e-02;1.536936e-02;4.773932e-01;9.773296e-03;3.583492e-02;1.544706e-02;1.473993e-01;6.594233e-03;9.500002e-03;2.610598e-01
8.575877e-03;6.688003e-03;1.971439e-02;2.150719e-02;4.797616e-01;1.516077e-02;3.110593e-02;6.982426e-03;1.310176e-01;1.172712e-02;1.692813e-02;2.508310e-01
1.778819e-02;1.081905e-02;2.928738e-02;2.358701e-02;4.164190e-01;3.374265e-02;3.487580e-02;5.843437e-03;1.451879e-01;1.812406e-02;2.107530e-02;2.432503e-01
4.325577e-02;1.756768e-02;3.754319e-02;1.461235e-02;3.272207e-01;7.293769e-02;4.177069e-02;1.527579e-02;1.660739e-01;2.628107e-02;2.326021e-02;2.142010e-01
1.153839e-01;2.986096e-02;4.053161e-02;1.843680e-02;1.897122e-01;1.370224e-01;7.289194e-02;3.455125e-02;1.192411e-01;5.496809e-02;3.221756e-02;1.551822e-01
1.504072e-01;5.069776e-02;7.151198e-02;3.011169e-02;9.866775e-02;1.224559e-01;1.386553e-01;5.676320e-02;6.425209e-02;6.113972e-02;3.099772e-02;1.243398e-01
1.099913e-01;7.008445e-02;1.071343e-01;4.549891e-02;1.143814e-01;6.523892e-02;1.677142e-01;7.326922e-02;8.239949e-02;4.775727e-02;2.859029e-02;8.794025e-02
7.799038e-02;7.898706e-02;1.390412e-01;4.846655e-02;8.478510e-02;4.471423e-02;1.638267e-01;8.953524e-02;9.238510e-02;5.241781e-02;4.075245e-02;8.709815e-02
4.689127e-02;4.616601e-02;1.141575e-01;3.745006e-02;1.668467e-01;5.187085e-02;7.687892e-02;8.565076e-02;7.750203e-02;6.301161e-02;4.182168e-02;1.917526e-01
4.516472e-02;3.740770e-02;5.687215e-02;2.993315e-02;2.819245e-01;9.433744e-02;6.009397e-02;5.664470e-02;5.549059e-02;4.840914e-02;3.406330e-02;1.996586e-01
5.865735e-02;5.265061e-02;5.068786e-02;2.576395e-02;2.671859e-01;8.963826e-02;7.443866e-02;4.834625e-02;7.449117e-02;5.531640e-02;2.475794e-02;1.780657e-01
6.183096e-02;5.118513e-02;6.784299e-02;2.853439e-02;2.270652e-01;6.824812e-02;9.066097e-02;5.006631e-02;8.537980e-02;6.435058e-02;1.942416e-02;1.854113e-01
4.527792e-02;3.891379e-02;9.288831e-02;5.126226e-02;1.467178e-01;1.161332e-01;8.789896e-02;7.639001e-02;5.810570e-02;6.333762e-02;3.373705e-02;1.893374e-01
2.389475e-02;4.392109e-02;9.235789e-02;4.619176e-02;1.229058e-01;1.043148e-01;7.701146e-02;8.652146e-02;1.018402e-01;8.377369e-02;5.674511e-02;1.605220e-01
5.216763e-02;3.269022e-02;8.346520e-02;4.478999e-02;7.059418e-02;5.371147e-02;2.207258e-01;9.067090e-02;1.104634e-01;9.382632e-02;8.830892e-02;5.858599e-02
9.640655e-02;2.340716e-02;5.318012e-02;2.433407e-02;7.393074e-02;1.140935e-01;2.724363e-01;8.522257e-02;7.876683e-02;7.191169e-02;3.627729e-02;7.003315e-02
9.960543e-02;2.050793e-02;3.753754e-02;1.807743e-02;9.071273e-02;1.442015e-01;2.229118e-01;7.065768e-02;7.060346e-02;4.509817e-02;4.038755e-02;1.396987e-01
7.276580e-02;1.076957e-02;3.351968e-02;4.960220e-02;9.431977e-02;1.129797e-01;1.228687e-01;6.935107e-02;5.219115e-02;3.679401e-02;1.348149e-01;2.100235e-01
3.065774e-02;5.579328e-03;5.600906e-02;1.027744e-01;6.241198e-02;5.035483e-02;4.328063e-02;8.232462e-02;3.060832e-02;4.878182e-02;3.062932e-01;1.809241e-01
9.369247e-03;3.993752e-03;9.832174e-02;1.367362e-01;2.864247e-02;1.418248e-02;3.626676e-02;7.706241e-02;2.367344e-02;9.648538e-02;3.928139e-01;8.245213e-02
1.102304e-02;9.901848e-03;1.457535e-01;1.237026e-01;1.594316e-02;1.049347e-02;7.108791e-02;4.599988e-02;5.829566e-02;1.902007e-01;2.981198e-01;1.947845e-02
2.315822e-02;2.226957e-02;1.538022e-01;8.973354e-02;2.289465e-02;1.171789e-02;9.591489e-02;4.020301e-02;1.073862e-01;2.313778e-01;1.813391e-01;2.020290e-02
3.453999e-02;3.341222e-02;1.349469e-01;6.718835e-02;2.652601e-02;1.705546e-02;1.051083e-01;5.618598e-02;1.356031e-01;2.108567e-01;1.464008e-01;3.217622e-02
3.810841e-02;4.650001e-02;1.334156e-01;5.544403e-02;4.199901e-02;4.095224e-02;9.964853e-02;6.892101e-02;1.301299e-01;1.315657e-01;1.457200e-01;6.759547e-02
2.017109e-02;6.523806e-03;1.642893e-01;1.024920e-01;2.698511e-02;2.596021e-02;7.670400e-02;6.125952e-02;9.559526e-02;1.054210e-01;2.466580e-01;6.794073e-02
1.909389e-02;7.770009e-03;6.743309e-02;1.451136e-01;2.408778e-02;1.692129e-02;1.065326e-01;1.073373e-01;7.886883e-02;1.328011e-01;2.133178e-01;8.072276e-02
1.924513e-02;1.077800e-02;7.133681e-02;1.279480e-01;1.779227e-02;1.523162e-02;1.260046e-01;1.160177e-01;8.516333e-02;1.274430e-01;1.849549e-01;9.808458e-02
1.598403e-02;1.360104e-02;1.127925e-01;1.247231e-01;2.178813e-02;1.844168e-02;1.124430e-01;9.480870e-02;1.050796e-01;1.121986e-01;1.499478e-01;1.181918e-01
1.943748e-02;1.423441e-02;1.133106e-01;1.022426e-01;1.959742e-02;2.189349e-02;1.069142e-01;6.281989e-02;9.924015e-02;1.834270e-01;1.741958e-01;8.268696e-02
2.649968e-02;1.507643e-02;8.884159e-02;1.138713e-01;2.873167e-02;3.587856e-02;8.653868e-02;5.267250e-02;1.266878e-01;1.862348e-01;1.812518e-01;5.771528e-02
2.489278e-02;2.416859e-02;6.041274e-02;1.618224e-01;4.109856e-02;3.965657e-02;5.702736e-02;4.791540e-02;1.192784e-01;1.504056e-01;1.896627e-01;8.365893e-02
3.051525e-02;3.048891e-02;6.188760e-02;1.251722e-01;3.670467e-02;2.429787e-02;6.397832e-02;6.550938e-02;1.063642e-01;1.654505e-01;2.169474e-01;7.268371e-02
7.490634e-02;7.262496e-02;8.212020e-02;4.736998e-02;5.035243e-02;7.636849e-02;1.384465e-01;1.033614e-01;1.134620e-01;9.724989e-02;8.203514e-02;6.170266e-02
1.000191e-01;4.828325e-02;4.942232e-02;2.421546e-02;8.524192e-02;1.080571e-01;1.492265e-01;1.069890e-01;1.303062e-01;1.039866e-01;5.260514e-02;4.164735e-02
9.936640e-02;4.099447e-02;3.591987e-02;4.861948e-02;9.310181e-02;9.799995e-02;1.145825e-01;1.062637e-01;1.447917e-01;9.677665e-02;5.376607e-02;6.781738e-02
9.663593e-02;4.979531e-02;2.674341e-02;8.083041e-02;8.588058e-02;7.061649e-02;7.239836e-02;1.194718e-01;1.474855e-01;8.439239e-02;6.313247e-02;1.026174e-01
6.158591e-02;4.887357e-02;3.179998e-02;1.599845e-01;5.708754e-02;4.374003e-02;2.989190e-02;2.066397e-01;1.050702e-01;5.369855e-02;1.091395e-01;9.248867e-02
1.921857e-02;3.466796e-02;3.039296e-02;2.817364e-01;2.443311e-02;3.689772e-02;1.058455e-02;2.896530e-01;4.736968e-02;2.252645e-02;1.730669e-01;2.945272e-02
9.951458e-03;2.968575e-02;2.593376e-02;3.468738e-01;2.939411e-02;3.675711e-02;1.932738e-02;2.626930e-01;2.510080e-02;3.191581e-02;1.712252e-01;1.114169e-02
1.986493e-02;4.284632e-02;3.297943e-02;3.507775e-01;6.024434e-02;3.498761e-02;2.400215e-02;1.899303e-01;3.349436e-02;5.288694e-02;1.211948e-01;3.679134e-02
2.224752e-02;4.219252e-02;3.952035e-02;2.781720e-01;1.598178e-01;3.097391e-02;2.518822e-02;1.258533e-01;4.018007e-02;6.880417e-02;7.412554e-02;9.292468e-02
9.005214e-03;1.400368e-02;2.721811e-02;1.415681e-01;2.831401e-01;1.606113e-02;3.696267e-02;7.694520e-02;7.510482e-02;4.056222e-02;5.030844e-02;2.291203e-01
1.673686e-02;7.843513e-03;1.704565e-02;5.349612e-02;3.177982e-01;1.472413e-02;4.442142e-02;3.329871e-02;1.196666e-01;1.501374e-02;2.511132e-02;3.348438e-01
3.120055e-02;1.160786e-02;2.434845e-02;1.753251e-02;2.794240e-01;1.397128e-02;3.831589e-02;1.642377e-02;1.585667e-01;1.390298e-02;1.976601e-02;3.749400e-01
3.428583e-02;1.347878e-02;4.580026e-02;2.353182e-02;2.114062e-01;2.154409e-02;3.579376e-02;1.854610e-02;1.571030e-01;2.338992e-02;7.652681e-02;3.385934e-01
2.873368e-02;2.294204e-02;8.822759e-02;4.342890e-02;1.465695e-01;3.745826e-02;4.320956e-02;2.948516e-02;1.246009e-01;3.808598e-02;1.312722e-01;2.659863e-01
3.846549e-02;4.410813e-02;1.347630e-01;7.174841e-02;1.063018e-01;3.728524e-02;4.513687e-02;7.295728e-02;7.042502e-02;5.221362e-02;1.471242e-01;1.794709e-01
2.407609e-02;4.217328e-02;8.457696e-02;7.786550e-02;1.786125e-01;2.720508e-02;5.706292e-02;1.052145e-01;1.333549e-01;3.997759e-02;5.291113e-02;1.769695e-01
3.051968e-02;4.402583e-02;5.377016e-02;4.958965e-02;1.250568e-01;6.447517e-02;9.728896e-02;7.942082e-02;1.373041e-01;3.757085e-02;4.102683e-02;2.399511e-01
5.010241e-02;4.409469e-02;6.916656e-02;9.072180e-02;7.525615e-02;1.062092e-01;1.003825e-01;5.967034e-02;1.060019e-01;5.216324e-02;4.062611e-02;2.056051e-01
6.207211e-02;4.514930e-02;1.083656e-01;9.589742e-02;8.835152e-02;1.098554e-01;1.114413e-01;7.600109e-02;6.347971e-02;7.353278e-02;2.550407e-02;1.403497e-01
1.223468e-01;6.356546e-02;8.370019e-02;4.107479e-02;5.443396e-02;1.202599e-01;2.085237e-01;9.116664e-02;6.047508e-02;7.207202e-02;2.190975e-02;6.047159e-02
1.795616e-01;6.232044e-02;4.574718e-02;1.763643e-02;4.879152e-02;1.598971e-01;2.351616e-01;7.757604e-02;5.061040e-02;6.931800e-02;1.698606e-02;3.639369e-02
2.119384e-01;3.696170e-02;3.345042e-02;1.968886e-02;8.533457e-02;1.951625e-01;1.953015e-01;4.633478e-02;4.046436e-02;5.883809e-02;1.151311e-02;6.501170e-02
1.594406e-01;2.016426e-02;5.784573e-02;4.147680e-02;1.652051e-01;1.589407e-01;9.903742e-02;1.804460e-02;5.256570e-02;3.676697e-02;2.412815e-02;1.663840e-01
5.900788e-02;3.721389e-02;9.797670e-02;1.002559e-01;2.141399e-01;6.681637e-02;3.890101e-02;2.114864e-02;5.314881e-02;3.579438e-02;5.083070e-02;2.247658e-01
1.519625e-02;8.382452e-02;1.568348e-01;1.728283e-01;1.783829e-01;2.216746e-02;1.525784e-02;3.806913e-02;2.511981e-02;5.957684e-02;7.106624e-02;1.616760e-01
2.146984e-02;9.591908e-02;2.245338e-01;1.673848e-01;1.418306e-01;3.343539e-02;4.721906e-02;3.592896e-02;2.633247e-02;6.438144e-02;4.583959e-02;9.572494e-02
3.658666e-02;7.073576e-02;2.783042e-01;1.243426e-01;1.312054e-01;4.895022e-02;7.285763e-02;3.237238e-02;4.026066e-02;5.612193e-02;2.728931e-02;8.097318e-02
5.041756e-02;8.105148e-02;3.554457e-01;7.360747e-02;9.239951e-02;6.551609e-02;7.091980e-02;2.645375e-02;3.554419e-02;5.217116e-02;4.720278e-02;4.927048e-02
1.054872e-01;1.119680e-01;4.102773e-01;5.152797e-02;7.256703e-02;3.874440e-02;2.838845e-02;2.928522e-02;2.859680e-02;4.734401e-02;2.635674e-02;4.945685e-02
1.416496e-01;1.067895e-01;3.387701e-01;5.601612e-02;7.638877e-02;4.679546e-02;3.797727e-02;2.770942e-02;4.172724e-02;5.545434e-02;1.867729e-02;5.204491e-02
8.298579e-02;9.473483e-02;3.794843e-01;6.102132e-02;7.355037e-02;7.662164e-02;4.084509e-02;2.840428e-02;4.546528e-02;7.071561e-02;1.727934e-02;2.889214e-02
4.576177e-02;5.790244e-02;3.798297e-01;8.358400e-02;7.757033e-02;9.901919e-02;6.221848e-02;4.553437e-02;3.861430e-02;5.897872e-02;3.151384e-02;1.947294e-02
3.171546e-02;2.635780e-02;3.832572e-01;1.070358e-01;7.423421e-02;1.102676e-01;8.149789e-02;6.530915e-02;2.834034e-02;3.324481e-02;4.798502e-02;1.075468e-02
4.588187e-02;3.912056e-02;3.515652e-01;1.053550e-01;6.624890e-02;8.677165e-02;9.090009e-02;6.158369e-02;4.286851e-02;3.523466e-02;5.584455e-02;1.862542e-02
5.446835e-02;6.960268e-02;2.366932e-01;7.853478e-02;9.874331e-02;5.250707e-02;9.885200e-02;6.508730e-02;8.016696e-02;7.121722e-02;6.164388e-02;3.248324e-02
4.836013e-02;6.169283e-02;1.276247e-01;4.935816e-02;1.462280e-01;4.047379e-02;1.103966e-01;9.694938e-02;9.881146e-02;1.184122e-01;5.613462e-02;4.555815e-02
5.008528e-02;5.771416e-02;1.061606e-01;5.791603e-02;1.372775e-01;4.419129e-02;1.050535e-01;8.848718e-02;9.639990e-02;1.429361e-01;6.399711e-02;4.978129e-02
6.004892e-02;5.803769e-02;1.781026e-01;9.906454e-02;8.202375e-02;7.210604e-02;6.916670e-02;6.091468e-02;8.911073e-02;1.206669e-01;6.511940e-02;4.563813e-02
4.912833e-02;6.515708e-02;1.120923e-01;9.221949e-02;1.071436e-01;8.576296e-02;1.021268e-01;8.613200e-02;1.028573e-01;1.066908e-01;4.530978e-02;4.537958e-02
6.359401e-02;6.506924e-02;9.093221e-02;1.086347e-01;5.274583e-02;5.323892e-02;1.135238e-01;1.040124e-01;9.494390e-02;1.188232e-01;7.798590e-02;5.649593e-02
6.626471e-02;5.737716e-02;1.472640e-01;1.206625e-01;4.672467e-02;4.583000e-02;1.238599e-01;8.044770e-02;6.239263e-02;1.267714e-01;6.478024e-02;5.762506e-02
7.407420e-02;6.417111e-02;1.765179e-01;1.126012e-01;5.564269e-02;4.873011e-02;1.106857e-01;7.237036e-02;7.742545e-02;1.047713e-01;4.803185e-02;5.497829e-02
9.615504e-02;8.095656e-02;1.624450e-01;9.611077e-02;5.565332e-02;7.030042e-02;1.041579e-01;6.664696e-02;1.140827e-01;7.518392e-02;4.404182e-02;3.426560e-02
8.367052e-02;5.747223e-02;9.618137e-02;5.836164e-02;9.424553e-02;9.278678e-02;1.601686e-01;7.559575e-02;8.633821e-02;5.259375e-02;4.023244e-02;1.023531e-01
7.118864e-02;5.099685e-02;7.540952e-02;8.774863e-02;1.296110e-01;8.555197e-02;1.112224e-01;5.969780e-02;4.919751e-02;3.608003e-02;7.783001e-02;1.654657e-01
4.832215e-02;4.166297e-02;9.309708e-02;1.506039e-01;1.087816e-01;5.982900e-02;5.398786e-02;4.799663e-02;2.730157e-02;4.508642e-02;1.617839e-01;1.615470e-01
5.738178e-02;3.172360e-02;1.723150e-01;1.507230e-01;6.220557e-02;3.075765e-02;6.074169e-02;3.748156e-02;2.030695e-02;1.179036e-01;1.771797e-01;8.127990e-02
6.070736e-02;2.463146e-02;2.919582e-01;8.140669e-02;5.348327e-02;1.301409e-02;8.008970e-02;1.679448e-02;2.492847e-02;2.231108e-01;1.011121e-01;2.876342e-02
3.076983e-02;4.161781e-02;3.893638e-01;2.660440e-02;6.091620e-02;8.308880e-03;6.891818e-02;8.050614e-03;3.722245e-02;2.873183e-01;2.475091e-02;1.615868e-02
1.562218e-02;9.242360e-02;3.766107e-01;1.876271e-02;4.005393e-02;2.611361e-02;4.267955e-02;9.715122e-03;7.825679e-02;2.587001e-01;9.509132e-03;3.155261e-02
1.480655e-02;1.403744e-01;2.739702e-01;6.438192e-03;2.205135e-02;5.911825e-02;2.457703e-02;1.830336e-02;1.800119e-01;1.783086e-01;1.020294e-02;7.183719e-02
1.523139e-02;1.392023e-01;2.145204e-01;9.138004e-03;2.487830e-02;6.656376e-02;1.720046e-02;2.197359e-02;2.733452e-01;1.188806e-01;1.114200e-02;8.792397e-02
2.307049e-02;8.148204e-02;2.504193e-01;1.451029e-02;5.630039e-02;3.999220e-02;3.163952e-02;1.974963e-02;2.629933e-01;1.480288e-01;1.356682e-02;5.824721e-02
4.260097e-02;7.336300e-02;2.899654e-01;1.513325e-02;6.736980e-02;2.832888e-02;4.017043e-02;1.996560e-02;2.107592e-01;1.636365e-01;1.562273e-02;3.308428e-02
6.139316e-02;1.070201e-01;3.073817e-01;3.210659e-02;5.619194e-02;3.528548e-02;3.958726e-02;2.040203e-02;1.565214e-01;1.401598e-01;1.282003e-02;3.113045e-02
8.504123e-02;1.389952e-01;2.691036e-01;6.678905e-02;4.307977e-02;5.431486e-02;4.106242e-02;3.245217e-02;1.077086e-01;1.045336e-01;1.446685e-02;4.245270e-02
1.099401e-01;1.259902e-01;2.245412e-01;8.311178e-02;6.516716e-02;5.931485e-02;4.798641e-02;4.740213e-02;6.053923e-02;1.042698e-01;2.123252e-02;5.050469e-02
1.005965e-01;6.239860e-02;2.115850e-01;5.286372e-02;7.654057e-02;4.621508e-02;7.679380e-02;4.440446e-02;1.395332e-01;1.120437e-01;3.047678e-02;4.654861e-02
9.382238e-02;7.227416e-02;2.275027e-01;7.687154e-02;7.159576e-02;5.037930e-02;1.134891e-01;5.565934e-02;9.571588e-02;7.874097e-02;3.621980e-02;2.772901e-02
8.643582e-02;7.278600e-02;2.142315e-01;8.433463e-02;6.401466e-02;5.235787e-02;1.499189e-01;5.625476e-02;7.607713e-02;6.584749e-02;4.125366e-02;3.648750e-02
4.629280e-02;6.605310e-02;3.640479e-01;6.092482e-02;6.934635e-02;3.794655e-02;1.229699e-01;4.422675e-02;5.430377e-02;6.535472e-02;3.373170e-02;3.480176e-02
2.866800e-02;4.548519e-02;5.506395e-01;5.848215e-02;5.520394e-02;2.886676e-02;6.290767e-02;2.651756e-02;4.182580e-02;7.145646e-02;1.278196e-02;1.716502e-02
8.033562e-03;3.056234e-02;6.274774e-01;8.889882e-02;5.009363e-02;1.827155e-02;2.751966e-02;1.067044e-02;5.115231e-02;5.644744e-02;2.229576e-02;8.577031e-03
9.154225e-03;2.082677e-02;5.216016e-01;1.547336e-01;5.929923e-02;3.461997e-02;2.812057e-02;2.410081e-02;5.956791e-02;3.634769e-02;3.831207e-02;1.331560e-02
1.518535e-02;3.029142e-02;2.761158e-01;2.095319e-01;9.436150e-02;6.500190e-02;4.677486e-02;6.638572e-02;4.423074e-02;8.678395e-02;4.913723e-02;1.619957e-02
1.478050e-02;3.306919e-02;1.225603e-01;1.911007e-01;1.303800e-01;6.127027e-02;7.506025e-02;7.752194e-02;2.193394e-02;1.925325e-01;5.274922e-02;2.704110e-02
6.542418e-03;2.318722e-02;7.093965e-02;1.133608e-01;1.729428e-01;4.866820e-02;2.005882e-01;4.573154e-02;2.315317e-02;2.055155e-01;3.514550e-02;5.422514e-02
5.545063e-03;1.033614e-02;4.345382e-02;5.281085e-02;2.252680e-01;3.942140e-02;3.408022e-01;1.677398e-02;7.287610e-02;1.022995e-01;1.410816e-02;7.630471e-02
1.267759e-02;5.235866e-03;5.332761e-02;2.705018e-02;2.411640e-01;7.551613e-02;3.559955e-01;1.632776e-02;1.114117e-01;2.736246e-02;5.855770e-03;6.807543e-02
3.951516e-02;7.088118e-03;5.530521e-02;1.921074e-02;2.087991e-01;2.013054e-01;2.389108e-01;3.393182e-02;1.037252e-01;4.934179e-02;3.868004e-03;3.899861e-02
8.169165e-02;9.258322e-03;3.029271e-02;2.982538e-02;1.516219e-01;3.604765e-01;1.200834e-01;6.797384e-02;4.815138e-02;8.333712e-02;6.372673e-03;1.091521e-02
9.468967e-02;7.426103e-03;1.516903e-02;2.383604e-02;8.745965e-02;4.226738e-01;1.532029e-01;7.965979e-02;1.745163e-02;8.738340e-02;5.040663e-03;6.007399e-03
8.441395e-02;7.860774e-03;1.891260e-02;2.529556e-02;4.123634e-02;4.127317e-01;2.206087e-01;6.331284e-02;9.360188e-03;1.115306e-01;1.762187e-03;2.974629e-03
6.316192e-02;1.149573e-02;4.986203e-02;3.756395e-02;6.331164e-02;3.490484e-01;2.398534e-01;6.145049e-02;1.594557e-02;9.683698e-02;6.408020e-03;5.061921e-03
5.836688e-02;1.708147e-02;8.782881e-02;4.977626e-02;9.044259e-02;2.593245e-01;2.179118e-01;5.700345e-02;3.663160e-02;9.968246e-02;1.482398e-02;1.112618e-02
5.100048e-02;2.785523e-02;8.870075e-02;5.989613e-02;9.273305e-02;1.504344e-01;1.798873e-01;6.420668e-02;7.663050e-02;1.245448e-01;2.218068e-02;6.193005e-02
6.163177e-02;2.438041e-02;4.368049e-02;5.592261e-02;8.236180e-02;1.579093e-01;1.338320e-01;6.152245e-02;1.270979e-01;1.106713e-01;1.794150e-02;1.230484e-01
9.127507e-02;1.776975e-02;3.747829e-02;3.990642e-02;5.417848e-02;1.951150e-01;1.427694e-01;6.993987e-02;1.259112e-01;1.211022e-01;1.676110e-02;8.779328e-02
1.129450e-01;1.227311e-02;4.477187e-02;2.736899e-02;7.057932e-02;1.743822e-01;9.382951e-02;4.891020e-02;1.832270e-01;9.338367e-02;1.825552e-02;1.200736e-01
1.138757e-01;5.496056e-03;7.100289e-02;1.437305e-02;1.122334e-01;9.447126e-02;3.576763e-02;1.985259e-02;2.724707e-01;3.231960e-02;1.471322e-02;2.134239e-01
1.101291e-01;4.079260e-03;7.396512e-02;1.029797e-02;1.354779e-01;8.004694e-02;2.618592e-02;1.913534e-02;2.856538e-01;2.760200e-02;1.000789e-02;2.174188e-01
9.031369e-02;7.973305e-03;7.790396e-02;1.887363e-02;1.626903e-01;7.047884e-02;3.445103e-02;2.835511e-02;3.090467e-01;3.279121e-02;6.827750e-03;1.602944e-01
6.803496e-02;1.008537e-02;8.530294e-02;3.256921e-02;1.687736e-01;5.947709e-02;5.587485e-02;2.019144e-02;3.360873e-01;2.281373e-02;1.176927e-02;1.290202e-01
5.855718e-02;1.432679e-02;9.971142e-02;4.327958e-02;1.633519e-01;6.515222e-02;8.985353e-02;2.264317e-02;3.124838e-01;2.691975e-02;1.179540e-02;9.192519e-02
4.001618e-02;1.429946e-02;1.106287e-01;4.758569e-02;1.725411e-01;7.465716e-02;1.369343e-01;3.106382e-02;2.859942e-01;2.532038e-02;1.164357e-02;4.931554e-02
1.345178e-02;1.042032e-02;9.881134e-02;3.226829e-02;2.275104e-01;8.286972e-02;1.671069e-01;2.573837e-02;2.527469e-01;2.363214e-02;1.190784e-02;5.353597e-02
6.343741e-03;1.573430e-02;8.398095e-02;2.323544e-02;2.666222e-01;1.179537e-01;1.688775e-01;1.653984e-02;2.226254e-01;2.074133e-02;2.653798e-03;5.469164e-02
2.224141e-02;3.947330e-02;8.680913e-02;3.232263e-02;2.293900e-01;1.465205e-01;1.732109e-01;3.653450e-02;1.497557e-01;3.354201e-02;2.097220e-02;2.922781e-02
7.794940e-02;5.679243e-02;6.653770e-02;6.535614e-02;8.885667e-02;1.651594e-01;2.134321e-01;9.533648e-02;5.212621e-02;7.436797e-02;2.820217e-02;1.588321e-02
9.961728e-02;7.601860e-02;4.706917e-02;1.072681e-01;4.449256e-02;1.554832e-01;2.194195e-01;9.465222e-02;2.810076e-02;8.617484e-02;2.211818e-02;1.958564e-02
9.086666e-02;8.735897e-02;2.714879e-02;1.850509e-01;3.029529e-02;1.562421e-01;2.386056e-01;6.368908e-02;2.140628e-02;7.530370e-02;1.158043e-02;1.245218e-02
6.273581e-02;6.645373e-02;1.161937e-02;3.234150e-01;2.022592e-02;1.469658e-01;2.774197e-01;2.422525e-02;1.323804e-02;4.567480e-02;4.048412e-03;3.978138e-03
4.966374e-02;4.442052e-02;9.671302e-03;3.903437e-01;2.377513e-02;1.338663e-01;2.754420e-01;1.325899e-02;1.417084e-02;3.738124e-02;4.356568e-03;3.649643e-03
5.435737e-02;5.498308e-02;1.629020e-02;3.323341e-01;2.243454e-02;1.279374e-01;3.124482e-01;9.772836e-03;1.523196e-02;4.275452e-02;8.580235e-03;2.875619e-03
8.055431e-02;1.086973e-01;1.496235e-02;1.782867e-01;1.769764e-02;1.085837e-01;4.102447e-01;1.668175e-02;2.086111e-02;2.446402e-02;1.631420e-02;2.652146e-03
1.018392e-01;1.384026e-01;8.340796e-03;5.638044e-02;1.722194e-02;9.156935e-02;4.909401e-01;1.622995e-02;2.153675e-02;2.561920e-02;2.669210e-02;5.227553e-03
8.847952e-02;1.186106e-01;1.696735e-02;1.429033e-02;3.580971e-02;1.111515e-01;4.426295e-01;2.874288e-02;2.550149e-02;7.734174e-02;2.942656e-02;1.104886e-02
6.700860e-02;8.874410e-02;3.964423e-02;1.786659e-02;7.147101e-02;1.528616e-01;3.037600e-01;4.868294e-02;4.305271e-02;1.242766e-01;2.636928e-02;1.626241e-02
3.787713e-02;3.384351e-02;4.151407e-02;4.485440e-02;1.481833e-01;1.904071e-01;2.598837e-01;5.636144e-02;5.332285e-02;1.048076e-01;1.805691e-02;1.088792e-02
1.426189e-02;9.493181e-03;6.354671e-02;6.148358e-02;2.253262e-01;1.696290e-01;3.021138e-01;2.154547e-02;5.342569e-02;4.128436e-02;1.183298e-02;2.605730e-02
1.501859e-02;1.169769e-02;1.681201e-01;6.201564e-02;2.165772e-01;1.419234e-01;2.282382e-01;1.670709e-02;5.811470e-02;1.786780e-02;1.787327e-02;4.584627e-02
1.289607e-02;1.388953e-02;3.529792e-01;7.202456e-02;1.579926e-01;8.789419e-02;1.426686e-01;2.226116e-02;4.206116e-02;2.137492e-02;2.810880e-02;4.584911e-02
1.270427e-02;1.514518e-02;5.582009e-01;6.334959e-02;8.245059e-02;3.595541e-02;8.944604e-02;2.628059e-02;2.386409e-02;3.823525e-02;2.848031e-02;2.588782e-02
4.898540e-02;2.965493e-02;3.070869e-01;6.461126e-02;8.785812e-02;8.478960e-02;2.126302e-01;5.185696e-02;3.271815e-02;2.561222e-02;2.431304e-02;2.988324e-02
5.339998e-02;4.832559e-02;1.057640e-01;5.706881e-02;1.053131e-01;1.397292e-01;3.368340e-01;4.792271e-02;2.707841e-02;2.760072e-02;2.196057e-02;2.900290e-02
3.960010e-02;7.355909e-02;4.054125e-02;3.632464e-02;7.569359e-02;1.613519e-01;4.366610e-01;4.625564e-02;2.943048e-02;2.597997e-02;1.534631e-02;1.925602e-02
9.700771e-02;8.885496e-02;1.703915e-02;1.880043e-02;4.786313e-02;1.447644e-01;4.686837e-01;3.729255e-02;2.591647e-02;3.077129e-02;9.640965e-03;1.336526e-02
2.253166e-01;5.839048e-02;1.072525e-02;1.305185e-02;5.777046e-02;1.601204e-01;3.378243e-01;2.348057e-02;1.240156e-02;5.760955e-02;6.262820e-03;3.704612e-02
2.619616e-01;1.855450e-02;2.642547e-02;1.470513e-02;8.634479e-02;1.855322e-01;1.895392e-01;1.938149e-02;1.839551e-02;6.324371e-02;6.023745e-03;1.098926e-01
1.838104e-01;6.256887e-03;4.275659e-02;2.074615e-02;1.445624e-01;1.484278e-01;1.089843e-01;1.031485e-02;4.499291e-02;4.248140e-02;8.700344e-03;2.379660e-01
6.985575e-02;9.031460e-03;5.384776e-02;4.429151e-02;2.229994e-01;8.291066e-02;4.818286e-02;1.178130e-02;6.757332e-02;1.961357e-02;1.060376e-02;3.593086e-01
1.422214e-02;1.086659e-02;4.800798e-02;5.831109e-02;2.307258e-01;1.138963e-01;8.852918e-02;1.427799e-02;7.578152e-02;9.329329e-03;1.701336e-02;3.190388e-01
2.061303e-02;7.817775e-03;4.856363e-02;3.716477e-02;2.307960e-01;2.250166e-01;1.252944e-01;1.312867e-02;9.448489e-02;1.279045e-02;5.293619e-03;1.790361e-01
2.720198e-02;4.663559e-03;5.507626e-02;2.500412e-02;2.417735e-01;2.407492e-01;1.242632e-01;2.159598e-02;1.139729e-01;2.484849e-02;5.474524e-03;1.153763e-01
3.267564e-02;5.252607e-03;8.733172e-02;2.828038e-02;2.496171e-01;1.497896e-01;1.277608e-01;2.405780e-02;1.564709e-01;2.833047e-02;5.187247e-03;1.052457e-01
2.499752e-02;3.788118e-03;1.086257e-01;2.933143e-02;2.534804e-01;6.088940e-02;1.858963e-01;2.549752e-02;1.843399e-01;2.460585e-02;3.092197e-03;9.545558e-02
8.896208e-03;7.832060e-03;1.007353e-01;3.430020e-02;2.285261e-01;4.472369e-02;2.363092e-01;3.367853e-02;1.597205e-01;6.494274e-02;1.025884e-02;7.007660e-02
3.132868e-03;1.206704e-02;9.807236e-02;5.606581e-02;1.792246e-01;3.637898e-02;2.185291e-01;3.790278e-02;1.034968e-01;1.899305e-01;2.026688e-02;4.493234e-02
3.406649e-03;1.895063e-02;1.063460e-01;8.233944e-02;1.084811e-01;2.939351e-02;1.127498e-01;1.218623e-01;3.923856e-02;3.255814e-01;2.883082e-02;2.281982e-02
3.550769e-03;1.845459e-02;1.308611e-01;9.722590e-02;7.204118e-02;3.666364e-02;3.083720e-02;3.054613e-01;1.708890e-02;2.437454e-01;3.376798e-02;1.030200e-02
2.364774e-03;1.201172e-02;1.825904e-01;1.067392e-01;5.412139e-02;5.549380e-02;1.000569e-02;4.230997e-01;2.777823e-02;8.475621e-02;3.662134e-02;4.417564e-03
4.454282e-03;6.128380e-03;2.683677e-01;1.014171e-01;4.041013e-02;5.287746e-02;1.119891e-02;3.116141e-01;1.438098e-01;2.383704e-02;3.262201e-02;3.263239e-03
5.276929e-03;5.819583e-03;3.367611e-01;6.540726e-02;2.603204e-02;2.394362e-02;3.650720e-02;9.088036e-02;3.372670e-01;5.153212e-02;1.789219e-02;2.680615e-03
6.457810e-03;2.209284e-02;3.531546e-01;3.373729e-02;2.158458e-02;7.648285e-03;5.900821e-02;3.376654e-02;3.350778e-01;1.190630e-01;6.589773e-03;1.819227e-03
1.433284e-02;5.617332e-02;3.667910e-01;2.528455e-02;2.191922e-02;1.367390e-02;5.111226e-02;8.159909e-02;2.042209e-01;1.533491e-01;6.485490e-03;5.058334e-03
5.327846e-02;1.204105e-01;3.176127e-01;2.578118e-02;1.448248e-02;2.991340e-02;2.894670e-02;1.122232e-01;1.714173e-01;1.071432e-01;9.246150e-03;9.544754e-03
1.354989e-01;1.471815e-01;2.307253e-01;2.571532e-02;1.857138e-02;2.715972e-02;3.611138e-02;8.499585e-02;1.921207e-01;7.544214e-02;1.346063e-02;1.301721e-02
2.263867e-01;1.130185e-01;1.764358e-01;2.052713e-02;3.092614e-02;1.706526e-02;4.572698e-02;1.212702e-01;1.214477e-01;8.076785e-02;1.803578e-02;2.839184e-02
2.147732e-01;5.758293e-02;1.113774e-01;2.659044e-02;2.242309e-02;2.822923e-02;8.119680e-02;1.255946e-01;1.331872e-01;1.105939e-01;2.805265e-02;6.039854e-02
1.271235e-01;2.652307e-02;7.050453e-02;3.557178e-02;2.388323e-02;4.132290e-02;1.191394e-01;9.928111e-02;1.411946e-01;1.777099e-01;5.429853e-02;8.344743e-02
5.470403e-02;1.567796e-02;5.488156e-02;2.870105e-02;3.394790e-02;7.457856e-02;9.191001e-02;9.779108e-02;1.594082e-01;2.307335e-01;9.332260e-02;6.434356e-02
4.029383e-02;2.576621e-02;5.649520e-02;3.638873e-02;4.202046e-02;8.592162e-02;7.682031e-02;9.829549e-02;1.433204e-01;2.512078e-01;1.080270e-01;3.544299e-02
5.172037e-02;5.336362e-02;8.289631e-02;4.589045e-02;6.057115e-02;6.282684e-02;7.799516e-02;1.179317e-01;1.554765e-01;1.657708e-01;9.106898e-02;3.448811e-02
7.179979e-02;6.900908e-02;1.130895e-01;4.569866e-02;6.550460e-02;5.497673e-02;8.539909e-02;1.012567e-01;1.472677e-01;1.216950e-01;8.062491e-02;4.367828e-02
